1.0195043e-17 0.014634864 0.032241806 0.008235826 0.3385693 0.19196215 0.06731332 0.7512135 0.048768587 0.7964641 0.046630584 0.80190605 0.0717486 0.08709641 0.89507675 0.8590681 0.89487135 0.23533453 0.13482368 0.8366648 0.0036768143 0.040625222 0.8770201 0.14974084 0.53632873 0.10013074 0.97197145 0.9767348 0.9403328 0.5982758 0.6966761 0.96666944 0.881086 0.8538697 0.8421949 0.5795123 0.74270344 0.93445206 0.9499442 0.81651354 0.72278184 0.9296888 0.93915725 0.9047186 0.93200827 0.93713117 0.8540047 0.9317487 0.9720627 0.95796996 0.93888116 0.43487865 0.35825238 0.95600843 0.42476162 0.9388658 0.9489328 0.94428277 0.07558539 0.9380846 0.9572596 0.7411873 0.9909371 0.99635583 0.16350685 0.12342948 0.98707426 0.9840026 0.9838762 0.9991459 0.17694114 0.0059976736 0.9715982 0.9910495 0.9939206 0.9543155 0.9794122 0.009747704 0.98334473 0.99400634 0.7121371 0.99899954 0.898547 0.98363215 0.94126725 0.9979875 0.58953303 0.99929637 0.17609987 0.99161905 0.2628962 0.999831 0.9987254 0.447433 0.9998626 0.98067194 0.9991931 0.9999987 0.0008206398 0.0011347624 0.9999974
0.014634864 1.6366873e-18 0.85637546 0.97743505 0.60261476 0.54032075 0.6225089 0.16954567 0.30442762 0.028539687 0.028012352 0.023184346 0.061290845 0.03157715 0.015301253 0.15925789 0.005001273 0.02365039 0.020899326 0.002850645 0.026195733 0.000317005 0.037431512 9.0289315e-05 0.008923334 0.00052749435 0.0041173343 5.221216e-05 0.005474593 0.0014423747 0.0005199596 0.00019275538 0.0008396425 9.825205e-06 0.000416929 1.6951047e-07 1.0174665e-06 0.0003737302 9.7130665e-05 0.0006001525 1.8100294e-05 8.335833e-06 0.000104043844 4.2523265e-05 0.00020652634 1.2347767e-05 1.4245273e-07 6.132806e-07 3.421942e-06 2.5816407e-06 1.4856428e-07 9.283179e-07 5.071826e-06 2.2862854e-05 1.5988295e-09 3.0876825e-05 6.4736494e-05 1.4953278e-06 3.2508228e-06 3.5666585e-06 1.6150333e-06 4.031648e-06 7.959005e-05 5.7236616e-06 8.1052946e-08 1.4482539e-07 5.190435e-05 1.5916734e-05 0.000119545264 2.01506e-06 3.2466016e-07 1.7951832e-07 8.0562595e-06 0.00019109035 2.3776258e-07 1.3716835e-06 1.4217682e-05 4.9008122e-08 3.386912e-05 6.623901e-05 1.4893751e-09 6.880295e-07 4.1839652e-07 1.4175854e-06 9.6293526e-08 2.7688019e-09 2.1633802e-10 2.2218e-06 5.6726157e-07 2.9767554e-07 6.6502665e-08 1.0867413e-05 1.0546707e-07 1.2614862e-07 2.8809387e-07 1.1006698e-07 1.3117443e-05 0.00012049378 5.5525717e-09 7.566221e-10 3.9962877e-05
0.032241806 0.85637546 1.9346729e-16 0.8855716 0.8368845 0.78608716 0.6256829 0.7940456 0.19265294 0.73430645 0.010398186 0.39925772 0.0694765 0.0046103927 0.15667497 0.3969351 0.23549889 0.014735813 0.010374042 0.19922596 0.016226944 5.7039247e-06 0.15588844 9.371852e-06 0.00044182994 8.990781e-05 0.10879178 0.020927366 0.0020341347 4.5435707e-05 3.487722e-05 0.0223219 0.00030513474 0.00617409 1.3638735e-05 2.2529564e-06 0.0022779165 0.0056645423 0.02208739 1.5953525e-05 0.00019025589 0.0043636253 3.2615568e-05 4.994533e-06 1.6776603e-05 0.004915661 3.2497965e-08 0.000486964 0.0005288647 0.0014675527 0.00039253023 1.8530113e-07 8.0366535e-06 6.8455843e-06 3.939737e-09 2.6365627e-05 1.6719637e-06 6.58921e-05 0.00016253472 3.9126997e-05 0.00017700158 0.00021136469 6.0883617e-06 4.76927e-05 8.89344e-08 1.5558642e-07 0.00015073534 4.725541e-06 4.1462245e-06 1.8565403e-05 2.328816e-07 2.0573214e-06 6.7933415e-06 1.1130644e-05 1.2635588e-08 1.0099362e-05 8.630626e-06 1.6998927e-06 1.001008e-05 7.831858e-06 1.7997934e-10 7.7596195e-07 7.087389e-07 3.2453434e-06 1.2742297e-06 4.0637125e-09 1.4485654e-10 1.7451677e-07 0.0075224782 1.3419579e-07 1.0373279e-05 0.0001842227 2.5234392e-08 6.670694e-06 7.391944e-08 5.3194164e-08 7.3563424e-05 0.0015268099 1.4053394e-07 8.498457e-08 0.0018243415
0.008235826 0.97743505 0.8855716 1.4517329e-13 0.43400085 0.24927758 0.05832293 0.07004134 0.012062824 0.16596994 0.0016708998 0.21678904 0.6137149 0.00092814135 0.093008146 0.01921901 0.0037211173 0.0009634158 0.0009169237 0.0010162733 0.113869496 0.0042552617 0.0051942407 4.6845344e-06 0.00014876442 9.858737e-05 0.00072298094 0.0004587315 6.267019e-05 2.4342233e-05 1.2505538e-05 0.0012034449 3.5887733e-05 3.4780664e-05 7.4066074e-06 1.3744813e-07 7.3155866e-06 0.0027760812 1.5233808e-05 2.7134834e-05 0.0001802377 4.612822e-06 1.5318175e-05 4.0220284e-06 6.4464894e-06 1.9445106e-06 8.8207464e-08 1.3898697e-06 4.802357e-06 8.530134e-06 7.514013e-07 8.7820655e-07 6.708775e-06 1.5141235e-06 2.8411034e-09 1.2518345e-06 7.3174283e-06 8.484619e-06 1.5403653e-05 1.9138797e-06 9.915315e-06 1.5660211e-07 8.2467544e-05 2.6203484e-06 2.5945985e-08 2.9507111e-08 2.9425019e-05 3.0188583e-05 8.037639e-05 3.4603904e-06 5.380621e-08 1.336062e-07 4.556634e-06 8.5155974e-05 1.1493106e-07 8.934819e-07 1.1984346e-05 3.629243e-08 2.3483688e-05 7.5708995e-06 1.3613963e-09 4.378753e-07 2.2836137e-07 1.7943573e-06 5.0448016e-08 1.8624746e-08 2.5023764e-10 1.0614389e-06 3.1117776e-07 3.4542097e-07 1.1107507e-07 5.0116643e-05 1.2654009e-07 5.002517e-08 5.569591e-07 3.8923396e-08 4.825622e-05 0.00020102195 1.2613767e-09 6.522851e-10 0.0001171442
0.3385693 0.60261476 0.8368845 0.43400085 5.607478e-17 0.95092815 0.31073973 0.7920625 0.08610806 0.3286789 0.009911251 0.1599991 0.3234978 0.0068006604 0.10608875 0.2969905 0.24623217 0.004669659 0.004899514 0.11760612 0.053295005 0.013098095 0.03600769 1.3769623e-05 0.0024055222 0.00065140025 0.010080487 0.008993577 0.00043183024 0.00016316323 3.1952164e-05 0.009722275 0.00037593403 0.0018781318 2.2657174e-05 8.2572005e-06 0.000242116 0.007950892 0.0017015178 0.00012561458 0.00052110036 0.00059988385 2.5328774e-05 4.2439256e-06 7.4841264e-05 0.00087023666 5.2872e-06 0.00026843153 0.00022616793 0.0005677492 0.0001654079 2.1241578e-05 6.1831965e-06 3.577821e-05 6.628902e-08 3.8281578e-05 1.4714171e-05 0.00064771017 2.3898769e-05 8.417599e-07 0.0006629858 1.9947126e-06 3.7242928e-05 0.0002843382 3.9943248e-07 3.4416752e-07 1.3208127e-05 2.330936e-05 5.3250682e-05 0.00031506765 3.6526689e-07 1.6556995e-06 2.5808579e-06 5.5262535e-05 1.9981828e-05 3.807125e-07 1.1150438e-05 5.846915e-07 2.4778374e-05 5.8078247e-05 2.611763e-08 4.5163797e-05 1.40231045e-08 3.4149767e-07 7.6558955e-09 1.7258857e-07 1.6068515e-09 8.870164e-06 2.9122032e-07 1.2026732e-07 2.2874989e-08 0.00045768224 1.4469438e-07 7.988711e-08 3.4503182e-07 1.9705526e-08 0.0009735144 0.0007455087 4.024261e-08 1.9481632e-08 0.0010047873
0.19196215 0.54032075 0.78608716 0.24927758 0.95092815 1.2139604e-18 0.43856597 0.89235264 0.10581336 0.31438884 0.010735873 0.10091681 0.1191908 0.009330202 0.041806094 0.51489156 0.40659076 0.015979655 0.01569196 0.20527285 0.022154527 0.0040422515 0.09051173 0.00017477685 0.0037772171 0.00057777367 0.017855631 0.012248751 0.0018608246 0.0006294965 0.0001504659 0.008634588 0.001391965 0.0046205963 6.771211e-05 1.9034653e-05 0.0006091514 0.0034144623 0.0057013473 0.0007045967 0.00032040823 0.0022302708 7.688543e-05 2.7291353e-05 0.000385524 0.0028519845 3.9000002e-05 0.0005239165 0.00038992448 0.00072811235 0.00023195236 1.8445748e-05 4.6076013e-05 0.00010708039 1.4953477e-08 0.00023506174 0.00015328366 0.0010135709 6.3202875e-05 1.5901454e-05 0.0007980229 1.0401254e-05 9.9676836e-05 0.00055327645 8.048607e-07 4.6922892e-07 9.486201e-05 0.00010547588 0.00012207514 0.00056280073 5.6490234e-07 2.51236e-06 1.7649565e-05 0.00017583881 4.68361e-06 6.365382e-07 6.682815e-05 4.859496e-07 0.00013371144 0.0002146721 1.662618e-09 1.1678038e-05 3.495932e-08 8.798832e-07 1.4323734e-08 2.8280265e-08 5.524596e-10 7.705849e-06 2.2632531e-07 3.3600418e-07 1.1058522e-08 0.00020918432 5.1512217e-07 3.3982893e-08 2.985757e-07 1.6913672e-08 0.00051774504 0.00028351534 1.1127396e-07 7.478447e-09 0.00036051305
0.06731332 0.6225089 0.6256829 0.05832293 0.31073973 0.43856597 7.075302e-18 0.2546135 0.9807461 0.002873107 0.39162475 0.002923575 0.016323345 0.40669426 0.0026789946 0.57927525 0.05081296 0.15601328 0.17822386 0.063639805 0.0068896892 9.1854275e-07 0.20122406 0.005552279 0.029348664 0.023569966 0.037263066 0.00024644035 0.014923008 0.0063990476 0.0038796454 0.00022252716 0.00614054 0.00013216298 0.0026841054 1.0103787e-06 1.9831945e-05 0.00036888363 0.0031268646 0.0028737017 1.540352e-05 0.0004939783 0.0005623951 0.00020089681 0.0021082135 0.0025392286 5.946803e-08 1.5126464e-05 0.00032523333 6.052521e-06 1.2741914e-05 4.3794546e-07 4.7415826e-05 4.943372e-05 1.5132363e-09 0.00045500058 0.00011285767 3.306319e-05 0.00024002799 1.7857137e-05 1.0945557e-05 9.0674475e-06 0.00041858974 4.901086e-05 1.2931398e-06 8.7904783e-07 0.00021890155 0.00028873247 0.000265551 6.4453736e-05 2.6538123e-07 3.9252664e-06 5.8509762e-05 9.580425e-05 6.50524e-08 2.9040452e-06 0.00019368429 5.497642e-07 0.00016199125 0.00010351435 2.3616102e-09 1.659845e-06 1.4284242e-06 5.005214e-06 6.021828e-08 1.6910664e-09 1.8821315e-10 5.784244e-07 9.62335e-06 4.824552e-06 1.0649171e-07 0.00014621242 3.6536603e-06 5.7041336e-07 1.2388359e-06 1.1555725e-06 8.32544e-06 0.00036396866 3.833164e-08 6.012895e-09 0.00022349358
0.7512135 0.16954567 0.7940456 0.07004134 0.7920625 0.89235264 0.2546135 8.49284e-18 0.06924971 0.5583483 0.0088839345 0.19343893 0.13805535 0.0048539387 0.12893213 0.60019565 0.73438764 0.013675557 0.014524785 0.5659835 0.028848879 0.013813843 0.11139198 2.3354307e-05 0.00059703784 0.00071296067 0.039827563 0.102022804 0.00091436383 0.00023813307 8.4566964e-05 0.06889443 0.0019707764 0.026414158 3.702312e-05 0.00017831719 0.015489071 0.0109714875 0.016543292 0.0003686 0.0033601862 0.007174669 2.3329707e-05 1.1993287e-05 6.43308e-05 0.0069519975 0.00024100814 0.01218932 0.0039610383 0.030121753 0.00672103 5.97852e-05 1.203435e-05 6.0026174e-05 5.4426937e-07 8.399725e-05 9.528289e-05 0.01120677 3.4643977e-05 8.5457134e-07 0.010503117 6.841929e-06 4.426272e-05 0.0021897203 1.888223e-06 1.4211535e-06 5.819793e-06 1.5244316e-05 2.9536186e-05 0.0016472705 2.1966002e-06 7.4443597e-06 4.9430487e-06 7.64334e-05 0.00035995117 1.86078e-07 3.200625e-06 1.1176218e-06 3.348358e-06 4.7961712e-05 8.763396e-08 0.00034070722 7.182935e-08 3.9797163e-07 2.0668393e-08 2.1078195e-06 3.295953e-08 4.534156e-05 2.238771e-06 2.487042e-07 1.5866727e-08 0.002541565 6.901035e-07 9.4757655e-07 4.4572735e-06 2.4872813e-07 0.0046683857 0.0015494366 3.3414278e-07 1.711778e-08 0.004329527
0.048768587 0.30442762 0.19265294 0.012062824 0.08610806 0.10581336 0.9807461 0.06924971 4.842904e-15 0.0006890586 0.8312781 0.00071003556 0.0055725193 0.79257405 0.0012899509 0.53120404 0.008017272 0.20686622 0.25469548 0.02060896 0.0021827691 1.0146458e-06 0.1461667 0.0230988 0.038376328 0.13716787 0.022801904 7.223635e-05 0.02540851 0.008323642 0.0050198897 7.8557096e-05 0.012826662 0.000101386126 0.0051103476 1.5690917e-05 1.1371151e-05 0.00012741059 0.0021606993 0.0042438093 8.596939e-06 0.0004968904 0.0021399749 0.0007290673 0.0034288806 0.0012732404 1.4114778e-07 2.6204518e-05 0.00027011664 1.3875529e-05 1.2465528e-05 1.4792773e-06 0.0005440684 0.0001971688 1.0157518e-07 0.0040754885 0.0008793187 2.3591974e-05 0.00041185552 0.00024209934 7.0503493e-06 0.00015578384 0.0013831442 6.8778165e-05 1.189967e-05 9.0878175e-06 0.001015302 0.0009730188 0.0005302278 2.0613978e-05 8.107715e-06 1.8349669e-05 0.00041827108 0.0002951753 2.0120416e-08 2.3982242e-05 0.00039420903 3.852364e-06 0.00037940586 0.00021929103 4.012412e-08 4.191907e-06 1.0482762e-05 5.365723e-05 2.469697e-06 1.3863504e-09 1.9525779e-09 6.8817753e-06 0.000498795 4.0389354e-05 3.9841802e-06 0.00015676882 1.2986103e-05 7.32731e-06 8.9124e-06 1.9874356e-05 6.0430734e-06 0.0004818905 2.762177e-07 4.0352756e-08 0.00033522403
0.7964641 0.028539687 0.73430645 0.16596994 0.3286789 0.31438884 0.002873107 0.5583483 0.0006890586 1.7162376e-15 0.0003592778 0.94832885 0.52158487 0.00013781086 0.82770956 0.045555484 0.5629068 0.00020006874 0.00031178715 0.22415242 0.12740815 0.37534183 0.011378519 2.2288757e-06 3.7888516e-05 2.1325448e-05 0.0100323185 0.4446876 3.536259e-05 1.267939e-05 3.1606016e-06 0.5173842 6.813504e-05 0.030395588 1.8479296e-06 3.1814043e-06 0.008131753 0.49741235 0.0036978114 2.2018301e-05 0.057589337 0.0031296122 5.678193e-06 1.4399888e-06 3.2334617e-06 0.0020413094 1.3293298e-05 0.011162062 0.0026147119 0.041510787 0.0046252734 2.2301301e-06 1.233752e-06 5.3676984e-05 1.04015314e-07 7.510134e-06 1.7898345e-05 0.0147789065 5.743491e-07 5.4525395e-07 0.020109672 1.2360549e-07 8.266661e-05 0.0017950379 1.3757697e-08 2.0263915e-08 1.5851081e-05 7.928849e-06 4.234282e-05 0.0034218295 2.165396e-07 3.6868315e-08 1.597756e-06 0.00014122164 5.2960284e-05 1.4171284e-08 4.087042e-06 1.3326783e-07 1.5544523e-05 5.6159195e-05 1.9310495e-08 8.3894214e-05 4.1799884e-09 7.328375e-07 4.546587e-09 3.651807e-06 2.15912e-08 1.5329631e-05 9.1340286e-07 2.1850442e-06 3.642989e-08 0.00965297 2.0316995e-06 1.2616349e-06 1.5484748e-05 1.5011425e-07 0.021513779 0.0027978276 3.029529e-07 1.04794085e-08 0.033144075
0.046630584 0.028012352 0.010398186 0.0016708998 0.009911251 0.010735873 0.39162475 0.0088839345 0.8312781 0.0003592778 2.2698291e-14 0.00043871236 0.00084431306 0.98620844 0.0012160275 0.36652222 0.0015296941 0.21504349 0.2833976 0.0059613176 0.00064725603 6.0615696e-07 0.10737535 0.024687678 0.06053968 0.11975866 0.018007157 3.2122774e-05 0.05424227 0.012092981 0.011927401 4.3621352e-05 0.022378763 3.6869176e-05 0.00983504 4.8052505e-05 3.3265117e-06 9.828359e-05 0.0014688375 0.0048990794 5.4429097e-06 0.00048177064 0.0075948797 0.0017341775 0.005061906 0.0005809138 2.9440173e-07 3.4270888e-06 0.00014631229 3.5855794e-06 2.7941462e-06 2.0083548e-06 0.0009359746 0.0006356711 6.1044517e-07 0.0028109942 0.0018721651 4.0209584e-06 7.068611e-05 0.0006859848 3.510542e-06 0.00013755336 0.0014510019 4.7966743e-05 7.29358e-06 3.8930043e-06 0.0008100942 0.0013591979 0.000849399 2.4313744e-05 7.683965e-06 1.2352195e-05 0.0006927167 0.00060058216 8.4584656e-08 0.00017407506 0.0005342751 3.0987044e-06 0.000474432 0.0003390845 3.5220342e-08 5.995669e-06 2.3916758e-05 8.845062e-05 4.876067e-06 2.2771591e-09 5.554881e-09 1.5197503e-05 0.0003471038 2.8130295e-05 8.394787e-06 0.00013574069 5.8738515e-06 1.0248107e-05 1.5422042e-05 1.2189534e-05 1.5915868e-05 0.00070849434 1.1124637e-07 1.6719238e-08 0.00024638302
0.80190605 0.023184346 0.39925772 0.21678904 0.1599991 0.10091681 0.002923575 0.19343893 0.00071003556 0.94832885 0.00043871236 6.8205465e-14 0.6877408 9.5553056e-05 0.92765886 0.007811818 0.19683123 0.000328529 0.00063135073 0.0593452 0.3760936 0.58593184 0.0042545535 9.239261e-06 1.51691065e-05 0.00010688726 0.004779788 0.20598891 2.5424439e-05 4.3321434e-06 1.4346182e-06 0.39270583 5.3315674e-05 0.012393129 1.8379889e-06 6.777539e-06 0.003320665 0.63051516 0.0013745175 1.3286061e-05 0.10975829 0.0010627264 4.300665e-06 1.2752437e-06 8.720153e-06 0.00083852105 2.176406e-05 0.006168199 0.0010494526 0.024328806 0.0018091338 3.888563e-06 1.2178687e-06 3.702008e-05 3.3133705e-07 6.1077394e-06 2.9332814e-05 0.010262058 2.1377042e-07 2.2075425e-07 0.013911716 1.0419303e-07 0.000106590844 0.0009781434 6.6721664e-09 1.1617582e-08 6.173778e-05 6.4367155e-06 0.00017869375 0.0038187397 1.101367e-07 4.3186127e-08 2.072372e-06 0.00036975322 8.526657e-05 1.5465718e-08 7.955556e-06 1.8872895e-07 3.402549e-05 0.00011136777 1.6137193e-07 0.0001446277 3.752825e-09 1.4360706e-06 1.7113722e-09 2.168254e-05 1.2729453e-07 2.4578185e-05 1.3150323e-07 3.7619307e-07 1.4123684e-08 0.0069257864 2.1285532e-06 9.755678e-07 2.7984837e-05 9.01225e-09 0.03034358 0.0032588316 8.036056e-08 8.472542e-09 0.041889034
0.0717486 0.061290845 0.0694765 0.6137149 0.3234978 0.1191908 0.016323345 0.13805535 0.0055725193 0.52158487 0.00084431306 0.6877408 4.9491153e-15 0.00047371606 0.7757914 0.036686916 0.07745648 0.0012561781 0.00060289714 0.029208971 0.9830403 0.14537603 0.008479758 3.5858568e-06 0.00029661844 1.2306913e-05 0.0054039303 0.028532304 0.00033626435 0.00015535418 4.830406e-05 0.06593451 0.00012348905 0.0009220298 1.1844003e-05 1.5865245e-06 0.00017559131 0.16440983 0.0009406326 8.064828e-05 0.0028305617 0.0005264358 4.485419e-05 1.3987115e-05 1.1194795e-05 0.0004966955 4.52873e-06 0.00015468255 0.00028472434 0.00093555957 3.72802e-05 3.4842926e-06 3.3163626e-06 0.00017300724 1.2856522e-08 2.9067705e-05 0.0003947393 0.0018590676 1.0871513e-06 9.2165516e-07 0.0025446443 5.151764e-06 0.003755139 0.0001463529 1.9268663e-08 6.4137e-08 0.00088010274 0.00023167403 0.0031245588 0.00045878722 1.249277e-07 1.0171322e-07 1.46500715e-05 0.005331337 8.193545e-06 1.6656995e-06 4.9673832e-05 1.0067866e-07 7.0499496e-05 0.0005281974 2.3685946e-08 8.822855e-05 8.8346513e-07 2.1082496e-06 5.223362e-07 1.2466812e-07 2.3413913e-09 1.8520785e-05 2.3573239e-07 5.2216066e-08 1.3481021e-07 0.009471991 9.562201e-08 1.034351e-06 5.989559e-06 7.2462754e-08 0.00013696405 0.005457336 1.1926478e-08 3.8147074e-10 0.012534079
0.08709641 0.03157715 0.0046103927 0.00092814135 0.0068006604 0.009330202 0.40669426 0.0048539387 0.79257405 0.00013781086 0.98620844 9.5553056e-05 0.00047371606 2.1429974e-14 0.00042061176 0.47398654 0.0016661112 0.3876662 0.4185001 0.004955219 7.476965e-05 2.1141277e-07 0.20075943 0.08815991 0.22406155 0.29143372 0.044222463 7.952726e-06 0.15866283 0.0618168 0.061027028 1.3244529e-05 0.080339156 1.632852e-05 0.03813878 9.8373326e-05 2.9079972e-06 2.0916745e-05 0.0016544607 0.011796062 1.668808e-06 0.00037622955 0.03804904 0.008128907 0.015592615 0.0010813052 7.1723355e-07 9.585083e-06 0.00018813853 3.818541e-06 3.6796237e-06 1.3181374e-05 0.00085947907 0.0033993947 1.9960162e-06 0.005047871 0.002308165 6.0189172e-06 0.00012618455 0.0016875489 2.3802295e-06 0.0005470715 0.0015352989 0.00018444385 1.3802543e-05 8.685046e-06 0.001445873 0.001421441 0.0013393408 1.9234489e-05 1.2164728e-05 1.2532807e-05 0.00063420745 0.00094546494 1.1672994e-07 0.00022855846 0.00056391925 2.552128e-06 0.0003786625 0.00037022113 8.225636e-08 1.7857681e-05 6.812387e-05 0.0001399326 1.0712938e-05 1.7073359e-09 8.4615275e-09 1.5280968e-05 0.0006181525 4.5910125e-05 7.542735e-06 0.000115134084 2.4470555e-05 1.3135257e-05 1.6833994e-05 1.2641526e-05 6.307753e-06 0.0008607357 1.2478839e-07 1.0616472e-08 0.00040322047
0.89507675 0.015301253 0.15667497 0.093008146 0.10608875 0.041806094 0.0026789946 0.12893213 0.0012899509 0.82770956 0.0012160275 0.92765886 0.7757914 0.00042061176 1.694623e-11 0.004420063 0.112693444 0.00018401655 0.00052737066 0.047263388 0.42849684 0.8027724 0.002326722 2.417248e-05 1.0567479e-05 0.0010244198 0.0011747496 0.16900533 1.422584e-06 4.6618457e-06 1.5098711e-06 0.45289052 5.721009e-06 0.009565998 1.900642e-06 8.308553e-06 0.0014581591 0.68305427 0.00016910724 1.3958738e-06 0.12552275 0.00013450348 3.5957615e-07 1.01365195e-07 1.0678446e-06 5.5852724e-05 2.1167857e-06 0.0023714213 0.00027872986 0.0205921 0.00048554226 1.06293455e-05 5.8560927e-06 2.7340623e-06 3.676859e-08 2.435137e-06 1.2443319e-05 0.029776951 2.4494007e-06 1.8095047e-07 0.037602708 1.6254565e-07 6.479585e-05 0.00036013217 4.1346034e-08 4.2519503e-08 4.716638e-05 2.3813034e-06 7.955233e-05 0.0060865977 1.5998806e-07 3.9078517e-07 3.478486e-06 9.926976e-05 3.782949e-05 1.5464131e-07 3.2307587e-06 5.481052e-07 2.2619704e-06 7.387286e-06 1.0259815e-08 6.3157255e-05 5.122289e-09 5.7273655e-07 3.4401952e-09 1.1484813e-05 2.3749585e-09 2.942624e-06 2.8585873e-07 2.2123899e-07 6.983574e-09 0.025811123 3.4149244e-07 5.8367146e-07 3.7182365e-06 1.0627028e-08 0.015702311 0.0049901484 4.717731e-09 4.254859e-10 0.20189653
0.8590681 0.15925789 0.3969351 0.01921901 0.2969905 0.51489156 0.57927525 0.60019565 0.53120404 0.045555484 0.36652222 0.007811818 0.036686916 0.47398654 0.004420063 2.6429393e-18 0.52220637 0.88483226 0.8050881 0.79338825 0.008397679 5.9962153e-05 0.9063863 0.03342376 0.39386958 0.015870877 0.55950344 0.0020368842 0.46078932 0.17976342 0.040084947 0.00050323596 0.205612 0.013708319 0.0062850313 0.05087766 0.006259257 0.0015417703 0.18377496 0.016438728 0.00022336232 0.043248937 0.0013338719 0.0006085643 0.0014166177 0.04536467 0.0019651751 0.0016005087 0.01571512 0.00099718 0.0029063576 2.5149355e-05 1.2840919e-05 0.00072768884 6.7219294e-06 5.259126e-05 6.7138346e-05 0.0015249327 1.387381e-05 4.042716e-07 0.002095604 1.5019951e-06 0.000174177 0.011696052 1.2527033e-07 6.229843e-08 1.64228e-05 8.017156e-06 0.00015014625 0.006252432 7.55609e-08 1.3450643e-06 6.0755235e-07 0.00022765981 0.0002467282 6.4194154e-08 1.6240378e-06 5.136681e-07 1.5322622e-06 0.00010084371 1.2096567e-07 0.00078761246 4.0140193e-08 1.4483203e-07 4.9421125e-09 3.199218e-06 9.882801e-08 3.691361e-05 9.44242e-08 3.8811084e-08 8.6432694e-10 0.0010891132 1.3408079e-07 7.1404116e-08 1.4487368e-06 3.343709e-08 0.0010198433 0.0015140153 5.993434e-08 2.984393e-09 0.0011460787
0.89487135 0.005001273 0.23549889 0.0037211173 0.24623217 0.40659076 0.05081296 0.73438764 0.008017272 0.5629068 0.0015296941 0.19683123 0.07745648 0.0016661112 0.112693444 0.52220637 2.0595733e-17 0.0059260754 0.0037300743 0.98249555 0.013650825 0.010972 0.06714348 1.05752415e-05 0.00025595725 0.00019233396 0.06463368 0.43100163 0.00011822285 3.7011854e-05 1.7828752e-05 0.064011544 0.000533891 0.12127692 5.2600867e-06 0.0007629715 0.06427204 0.0707367 0.019433599 0.00012029858 0.011018273 0.006243527 8.794306e-06 3.0614178e-06 8.754676e-06 0.0016949256 0.0018441844 0.018545596 0.0071332837 0.032319363 0.011339072 1.019255e-05 1.5031522e-07 1.4668336e-06 9.960023e-07 1.8659059e-06 1.9505894e-06 0.026877288 4.3016407e-06 1.0373852e-07 0.03108201 2.6976198e-07 1.6165397e-05 0.0026873276 1.7571141e-08 7.499015e-09 1.782531e-06 1.5821095e-06 6.844233e-06 0.01703775 3.9818786e-08 8.055818e-07 1.287911e-07 1.4917009e-05 0.0009997863 1.2150483e-08 4.958674e-07 1.6988756e-07 2.1616698e-07 4.5635006e-06 2.0226652e-08 0.0007139037 5.410958e-09 1.1101189e-08 3.3876527e-10 7.744405e-05 4.0254434e-08 2.7371347e-05 9.02965e-08 1.52496e-08 1.5868534e-09 0.003981604 1.5564497e-08 9.884436e-09 1.6892854e-07 5.8365632e-09 0.023769666 0.0016687125 7.310802e-08 2.702105e-09 0.0046295105
0.23533453 0.02365039 0.014735813 0.0009634158 0.004669659 0.015979655 0.15601328 0.013675557 0.20686622 0.00020006874 0.21504349 0.000328529 0.0012561781 0.3876662 0.00018401655 0.88483226 0.0059260754 3.1443205e-18 0.9723964 0.0690226 0.0002021385 3.5477694e-08 0.63434446 0.171655 0.25956833 0.15692237 0.15060376 0.00011177689 0.37166882 0.090470076 0.040870618 3.4782588e-05 0.07694051 0.00043468102 0.039481413 0.066445775 0.00015460115 8.412463e-05 0.05309692 0.015646592 2.4442343e-06 0.011783648 0.0076900064 0.002998928 0.01318777 0.02049645 0.0011276079 4.8473186e-05 0.0027000487 8.681113e-06 0.0001496091 3.464457e-05 0.00030554098 0.0033212686 1.3578787e-05 0.0042939587 0.0008409704 3.859824e-05 0.0001204677 1.0537358e-05 3.375964e-05 4.5149004e-06 0.0010457905 0.0049138255 6.399285e-07 3.6394974e-07 0.00047897495 0.00025632634 0.00055661454 0.0006972185 8.8151296e-08 4.550702e-06 3.0871346e-05 0.0005785516 2.3797595e-06 6.5804494e-07 5.8141588e-05 1.1398378e-06 5.9593247e-05 0.0003082982 1.636296e-08 0.00013101212 1.6546223e-07 1.362396e-06 5.4312792e-08 9.278151e-09 1.4348344e-08 2.19302e-05 6.73519e-07 1.8675188e-06 1.8149702e-08 0.00019943647 6.587485e-06 1.6082569e-06 1.5957938e-05 5.024715e-07 2.9588678e-05 0.00046574086 6.1052816e-08 2.9354918e-09 0.00017742916
0.13482368 0.020899326 0.010374042 0.0009169237 0.004899514 0.01569196 0.17822386 0.014524785 0.25469548 0.00031178715 0.2833976 0.00063135073 0.00060289714 0.4185001 0.00052737066 0.8050881 0.0037300743 0.9723964 7.9560415e-17 0.037579842 0.00018956314 7.2077064e-08 0.48176128 0.21674325 0.39617616 0.22602503 0.0765348 8.743565e-05 0.42569816 0.1712145 0.06257199 3.400557e-05 0.06888336 0.00019823028 0.056632325 0.0692102 7.980902e-05 7.439041e-05 0.018319482 0.03261795 1.3141791e-06 0.005003811 0.008419655 0.003906591 0.02403717 0.010770778 0.0011297811 2.6797534e-05 0.000862354 5.6609238e-06 3.8622395e-05 0.00010833623 0.0008860036 0.0026645334 7.3334304e-05 0.007671508 0.0011035135 1.5417145e-05 0.00013812415 6.255662e-05 8.952352e-06 4.5662586e-05 0.0008208875 0.001790865 4.333887e-06 1.5954886e-06 0.0003316954 0.0005812269 0.0006027824 3.420789e-05 4.328511e-07 1.0870833e-05 8.905242e-05 0.0004740392 5.185562e-07 3.8663757e-06 9.514768e-05 2.167178e-06 8.463239e-05 0.00025675155 1.2373464e-07 2.2766468e-05 9.30951e-07 2.9151975e-06 1.3072398e-07 9.235283e-09 4.7900524e-08 5.87214e-05 1.2976478e-06 2.9127102e-06 2.0276701e-07 0.000107881446 6.534875e-06 2.095393e-06 2.3278903e-05 1.6092879e-06 4.8121063e-05 0.0003207751 5.430091e-07 2.8212918e-08 8.617307e-05
0.8366648 0.002850645 0.19922596 0.0010162733 0.11760612 0.20527285 0.063639805 0.5659835 0.02060896 0.22415242 0.0059613176 0.0593452 0.029208971 0.004955219 0.047263388 0.79338825 0.98249555 0.0690226 0.037579842 3.572686e-18 0.0027474635 0.0014169563 0.33263505 0.00041496896 0.004397407 0.0005711265 0.26024657 0.10159615 0.010709226 0.0018621907 0.0004395644 0.015648635 0.014189042 0.12762645 9.216209e-05 0.014067852 0.07815073 0.010882391 0.103790894 0.0016131779 0.004041793 0.021501834 0.00021036626 4.829489e-05 0.00016788776 0.008500405 0.0135552995 0.02306088 0.012789383 0.025430232 0.016237538 0.00016955406 1.2968257e-05 5.0353934e-05 9.949786e-06 3.26564e-05 5.1487757e-05 0.016779965 9.0300855e-05 2.7100448e-06 0.018233744 3.975019e-06 2.9731638e-05 0.009954323 2.171792e-06 9.98338e-07 8.327338e-06 8.138999e-06 2.891721e-05 0.014526717 2.0928767e-06 1.0250608e-05 8.4077465e-07 7.701459e-05 0.0020211325 8.7561105e-08 1.55774e-06 1.187767e-06 1.294138e-06 3.653317e-05 2.1490366e-07 0.0021559054 2.2296598e-08 1.0161355e-07 3.327382e-09 7.505663e-05 3.281321e-07 0.00013727765 5.5534036e-07 1.3393918e-07 3.5857486e-09 0.0028019983 8.475147e-08 3.9855635e-08 4.1737428e-07 8.28906e-08 0.011138376 0.0021759237 1.7919453e-07 4.0443813e-09 0.0029493063
0.0036768143 0.026195733 0.016226944 0.113869496 0.053295005 0.022154527 0.0068896892 0.028848879 0.0021827691 0.12740815 0.00064725603 0.3760936 0.9830403 7.476965e-05 0.42849684 0.008397679 0.013650825 0.0002021385 0.00018956314 0.0027474635 3.590232e-16 0.8661339 0.0019262215 6.427208e-08 8.997948e-06 9.4832063e-07 0.00063336705 0.0028840853 1.1830941e-05 4.217281e-06 3.0748363e-06 0.0072333203 5.767733e-06 0.000638819 1.0053816e-06 1.0319779e-07 5.614227e-05 0.09463928 8.645442e-05 1.2430189e-05 0.0058481037 2.2703462e-05 3.438154e-06 1.5077374e-06 1.5942187e-06 5.565702e-06 5.243193e-08 2.2059705e-05 1.7023236e-05 0.00032107625 2.0869093e-06 2.4948013e-08 4.4590223e-07 7.957216e-06 3.5172773e-10 1.1796961e-05 6.159851e-05 0.0005713897 1.3822637e-08 2.8434076e-07 0.0005046306 3.565801e-08 0.0003648921 9.780789e-06 6.5845667e-09 2.0245563e-08 3.7766476e-05 1.9127823e-05 0.00020558937 7.9214304e-05 7.8098466e-08 1.2814439e-08 3.2767537e-06 0.0001375337 2.0173983e-08 2.3292161e-07 1.0363105e-05 1.7227178e-08 1.5239738e-05 6.7826277e-06 2.6230132e-10 2.9034968e-06 3.216656e-08 1.095762e-07 5.2480127e-09 6.125805e-10 4.8464696e-12 2.7078102e-06 2.6760703e-09 4.7640846e-08 9.771049e-09 0.00017523265 2.4026203e-08 1.3009852e-09 1.2508757e-07 3.2354694e-10 8.733882e-05 0.00014838709 2.071849e-11 2.3314768e-12 0.0001494444
0.040625222 0.000317005 5.7039247e-06 0.0042552617 0.013098095 0.0040422515 9.1854275e-07 0.013813843 1.0146458e-06 0.37534183 6.0615696e-07 0.58593184 0.14537603 2.1141277e-07 0.8027724 5.9962153e-05 0.010972 3.5477694e-08 7.2077064e-08 0.0014169563 0.8661339 1.154011e-19 3.4139784e-06 1.0473369e-09 1.3247447e-07 5.4434647e-08 3.5874164e-06 0.17193173 3.0610512e-09 8.180758e-09 8.209692e-09 0.49323675 1.0475871e-08 0.00017547264 1.609564e-08 2.7983418e-09 2.9398594e-05 0.63430864 2.738458e-07 3.2758958e-09 0.035167024 4.082373e-07 2.0848494e-09 7.6932916e-10 1.3309432e-09 7.064038e-08 2.357932e-10 0.00014193048 1.5573822e-06 0.0006751934 3.6021287e-05 2.4315964e-11 5.5186056e-09 1.5952655e-09 5.320478e-13 3.0776732e-08 1.6919158e-08 0.00020276211 1.6805008e-07 3.596106e-08 0.001105158 1.9037275e-08 2.8118693e-08 4.6708587e-07 3.503881e-09 3.869236e-09 1.0519466e-07 4.151251e-09 5.768822e-08 1.2390706e-05 4.6260755e-09 1.5096363e-08 3.3359546e-09 4.995833e-08 3.2981055e-07 2.0816109e-09 2.0103151e-08 1.4687708e-08 7.009663e-09 2.1774273e-09 3.7929414e-14 2.2351132e-07 2.0705118e-09 1.2501481e-09 3.2876746e-10 8.2155305e-10 5.375043e-15 6.7100153e-10 5.5045405e-07 2.0174529e-11 9.023155e-09 0.0008477764 1.2659451e-11 5.687273e-09 6.7753185e-11 3.5234311e-12 3.753502e-05 0.00032098748 5.9990424e-14 2.1901465e-14 0.009881903
0.8770201 0.037431512 0.15588844 0.0051942407 0.03600769 0.09051173 0.20122406 0.11139198 0.1461667 0.011378519 0.10737535 0.0042545535 0.008479758 0.20075943 0.002326722 0.9063863 0.06714348 0.63434446 0.48176128 0.33263505 0.0019262215 3.4139784e-06 1.30211385e-14 0.14022475 0.42935666 0.018315291 0.95658815 0.001128708 0.7210479 0.24706686 0.09979757 0.00037247472 0.45937437 0.02086161 0.048663493 0.48789647 0.017129041 0.0017241084 0.4548139 0.058969706 0.0005198897 0.11250091 0.013957383 0.0068390304 0.01590233 0.10328455 0.024133032 0.0070689716 0.0256267 0.0031677308 0.00845777 7.9278994e-05 0.00045087753 0.008325183 0.0002199382 0.0013324409 0.0014258119 0.0017622983 0.00034616928 6.184396e-05 0.0025703965 4.6927147e-05 0.0021722831 0.041830473 5.1642687e-06 2.6148039e-06 0.0005729724 0.00015587821 0.001549093 0.013673254 3.8003907e-06 2.0374593e-05 2.2266884e-05 0.0014776441 0.0011313974 1.0767798e-05 2.8740236e-05 7.2237412e-06 4.086662e-05 0.00083452614 3.5619826e-07 0.0016131332 2.1991386e-06 8.713295e-06 4.4780842e-07 6.2668364e-06 1.4884771e-06 0.00050538505 7.4170266e-06 6.856528e-06 4.0866677e-08 0.0015384832 1.2423231e-05 6.388955e-07 6.563515e-05 6.0937504e-07 0.002118148 0.0013610332 9.3724196e-07 6.1416166e-08 0.0010441107
0.14974084 9.0289315e-05 9.371852e-06 4.6845344e-06 1.3769623e-05 0.00017477685 0.005552279 2.3354307e-05 0.0230988 2.2288757e-06 0.024687678 9.239261e-06 3.5858568e-06 0.08815991 2.417248e-05 0.03342376 1.05752415e-05 0.171655 0.21674325 0.00041496896 6.427208e-08 1.0473369e-09 0.14022475 3.7230036e-20 0.8701883 0.96707463 0.011583316 1.4312769e-06 0.4746115 0.70555735 0.61357653 1.03194e-06 0.15949316 1.6884029e-05 0.41563943 0.00047452518 1.0871715e-05 1.3657964e-06 0.00083622115 0.19087276 2.3630926e-09 0.0004175967 0.32564148 0.07230893 0.15963504 0.0013543444 2.2558029e-06 6.9354055e-06 8.518107e-05 1.7584989e-06 2.301404e-05 0.0016427734 0.00072160223 0.019288799 2.4480729e-05 0.0063087246 0.0019042336 8.328632e-06 6.5788125e-05 7.72611e-05 1.0554214e-05 0.00011667169 0.008820349 0.0013122975 1.5888669e-06 9.810902e-07 0.0054400065 0.0020998924 0.0076452256 2.4544688e-05 2.7100228e-07 1.1728738e-06 9.9865705e-05 0.0055759666 4.9631428e-08 3.5296166e-06 0.0004859921 4.9175075e-08 0.00017395723 0.0014628606 5.279211e-07 2.1833653e-06 3.4637665e-07 1.5678308e-05 1.986473e-07 1.4385007e-08 1.9042677e-07 1.2479773e-06 4.824782e-06 2.4068002e-05 9.425757e-08 8.606031e-05 2.4671654e-05 9.996055e-08 9.756963e-05 4.5887668e-07 4.0976106e-06 0.0014002919 7.128828e-09 1.020598e-09 0.00030221092
0.53632873 0.008923334 0.00044182994 0.00014876442 0.0024055222 0.0037772171 0.029348664 0.00059703784 0.038376328 3.7888516e-05 0.06053968 1.51691065e-05 0.00029661844 0.22406155 1.0567479e-05 0.39386958 0.00025595725 0.25956833 0.39617616 0.004397407 8.997948e-06 1.3247447e-07 0.42935666 0.8701883 4.009598e-15 0.81768364 0.11130077 5.154364e-06 0.6064124 0.93933207 0.8656723 2.2929003e-06 0.27181748 3.5945548e-05 0.75230575 0.0334861 3.5403897e-05 4.46399e-06 0.04022975 0.2702056 6.402654e-07 0.0076406263 0.24828331 0.11402466 0.3532248 0.04713267 0.00018211151 9.078626e-06 0.0023601237 3.4359346e-06 5.306585e-05 0.013037334 0.020950008 0.039637048 0.00028741788 0.062297855 0.017120257 7.200823e-06 0.0027003048 0.0038627589 5.320868e-06 0.00087743683 0.029532934 0.0043732366 1.3881444e-05 5.1005413e-06 0.0066304044 0.009176572 0.0070657134 0.00011495414 2.7973458e-06 3.464444e-05 0.0012840724 0.0054451763 1.0454e-07 8.654839e-05 0.0016014569 2.7890826e-06 0.00066604157 0.0037335085 1.1641078e-07 8.058258e-06 6.9093753e-06 6.4638654e-05 1.958209e-06 1.2998268e-09 6.4874335e-08 8.093848e-06 6.617878e-05 4.8093123e-05 4.479494e-07 0.00026782497 0.00024085902 8.888454e-06 0.000121082296 7.657432e-06 1.0668709e-05 0.0006093684 2.383624e-07 3.4596614e-08 0.00019828435
0.10013074 0.00052749435 8.990781e-05 9.858737e-05 0.00065140025 0.00057777367 0.023569966 0.00071296067 0.13716787 2.1325448e-05 0.11975866 0.00010688726 1.2306913e-05 0.29143372 0.0010244198 0.015870877 0.00019233396 0.15692237 0.22602503 0.0005711265 9.4832063e-07 5.4434647e-08 0.018315291 0.96707463 0.81768364 6.1231234e-16 0.002412252 1.239265e-06 0.33540353 0.58812493 0.6027255 6.9877888e-06 0.08413482 1.9696556e-05 0.7062245 6.202961e-05 7.458088e-06 6.1273477e-06 0.0002682777 0.21878566 3.889332e-09 0.0001696943 0.2720717 0.08550171 0.2839416 2.1353859e-05 3.0230242e-07 5.4498696e-06 5.2608462e-05 2.1448077e-06 6.0544726e-06 0.052994993 0.02795049 0.0034316843 8.834331e-05 0.023401909 0.008004239 4.7835615e-06 0.039670363 0.00802558 5.712509e-06 0.0066493982 0.025217758 0.00022850833 0.00023073451 5.398583e-05 0.014069194 0.015745303 0.011301993 1.8096125e-06 2.8776163e-05 9.842625e-05 0.0027029484 0.0033893613 3.5099943e-09 0.0005080959 0.0036262474 7.3839124e-06 0.0009990318 0.0015438286 6.417457e-06 1.2623918e-06 1.3553572e-05 0.0003342402 3.6077654e-06 5.0019042e-09 9.055413e-07 4.514315e-06 0.00020633951 0.00027281579 1.124049e-06 5.9741313e-05 0.00030465992 4.508249e-06 0.0011052013 2.7734139e-05 2.3210926e-06 0.001004897 3.1408838e-08 5.7793393e-08 7.056333e-05
0.97197145 0.0041173343 0.10879178 0.00072298094 0.010080487 0.017855631 0.037263066 0.039827563 0.022801904 0.0100323185 0.018007157 0.004779788 0.0054039303 0.044222463 0.0011747496 0.55950344 0.06463368 0.15060376 0.0765348 0.26024657 0.00063336705 3.5874164e-06 0.95658815 0.011583316 0.11130077 0.002412252 8.375457e-14 0.0025386945 0.4604272 0.053460877 0.02241913 0.00043702844 0.42331034 0.098769546 0.012450014 0.4448856 0.14898938 0.0007597346 0.8906348 0.022925239 0.0014539273 0.438255 0.0060838764 0.0023828642 0.0050099497 0.3476968 0.07394704 0.0532234 0.18188268 0.022709558 0.08157283 0.00012854503 0.0004247171 0.009367444 0.00024592338 0.0012362155 0.0017191845 0.0184461 0.00028619604 0.00016120097 0.01840776 5.734231e-05 0.003545796 0.20077708 1.0259871e-05 8.94811e-06 0.0011114443 0.00028776645 0.0027386725 0.09333915 1.987826e-05 5.4651224e-05 6.501026e-05 0.0037118236 0.0036095327 1.8389313e-05 0.00010255181 1.1937305e-05 0.000106944666 0.002831041 3.446556e-07 0.004876156 1.6701694e-06 3.3930446e-05 6.195376e-07 2.9769488e-05 2.694667e-06 0.0007638149 2.632608e-05 0.00019601373 2.763563e-07 0.009870501 0.00022638332 1.995432e-06 0.0004230341 3.5755285e-05 0.0038883036 0.0052089514 9.0117953e-07 2.4930557e-08 0.0032120722
0.9767348 5.221216e-05 0.020927366 0.0004587315 0.008993577 0.012248751 0.00024644035 0.102022804 7.223635e-05 0.4446876 3.2122774e-05 0.20598891 0.028532304 7.952726e-06 0.16900533 0.0020368842 0.43100163 0.00011177689 8.743565e-05 0.10159615 0.0028840853 0.17193173 0.001128708 1.4312769e-06 5.154364e-06 1.239265e-06 0.0025386945 4.5691737e-16 1.5493351e-06 1.904574e-06 3.112775e-07 0.9602485 7.747279e-05 0.24803188 1.1169243e-07 0.00052680995 0.17638238 0.3075119 0.005986345 4.8555844e-06 0.23996149 0.0044847266 2.3310203e-07 1.5404166e-07 2.8485235e-07 0.00071927416 0.0074024172 0.2097687 0.024208615 0.5093878 0.11173007 9.702208e-07 1.8800641e-07 2.9870482e-06 7.911117e-07 8.323864e-07 4.067142e-06 0.44323662 2.1464734e-06 1.9772287e-07 0.4315314 9.624982e-08 1.3789756e-05 0.015080315 1.0991629e-08 1.5697944e-08 3.4016969e-06 2.2395963e-07 1.1601666e-05 0.26219898 1.1903723e-07 2.6212714e-07 1.2522996e-07 3.038905e-05 0.025588298 1.115991e-08 1.9862968e-07 3.449435e-08 2.2684479e-07 3.110591e-05 3.6167908e-08 0.006133347 9.496903e-10 8.2055784e-08 4.366124e-10 0.012909787 1.2568169e-06 6.0299746e-05 1.1918752e-07 1.380935e-07 6.2792407e-09 0.16462147 1.5170365e-07 2.978878e-08 2.263902e-06 2.1187596e-09 0.50565696 0.012996388 2.9401047e-08 4.160229e-10 0.13748643
0.9403328 0.005474593 0.0020341347 6.267019e-05 0.00043183024 0.0018608246 0.014923008 0.00091436383 0.02540851 3.536259e-05 0.05424227 2.5424439e-05 0.00033626435 0.15866283 1.422584e-06 0.46078932 0.00011822285 0.37166882 0.42569816 0.010709226 1.1830941e-05 3.0610512e-09 0.7210479 0.4746115 0.6064124 0.33540353 0.4604272 1.5493351e-06 2.1629321e-16 0.53362954 0.38460368 1.2143533e-06 0.92620254 5.0995808e-05 0.34979352 0.66477734 0.00010213777 1.2567401e-06 0.23559517 0.4543838 1.2154553e-06 0.043814514 0.48650753 0.28349096 0.27388427 0.18065518 0.016010119 1.28232605e-05 0.023033312 3.0642748e-06 0.00020047938 0.00026796857 0.0020678993 0.11193035 0.0012537666 0.031164799 0.026358834 1.5442365e-05 2.1404318e-05 0.000333278 2.773358e-05 9.789831e-06 0.08750055 0.06558496 3.605459e-07 3.578759e-07 0.013498204 0.0034967011 0.030702358 0.006330491 3.2352366e-07 1.3260308e-06 7.53928e-05 0.025410842 3.940767e-05 2.3238965e-06 0.00056696066 4.977351e-07 0.0006907534 0.015374206 8.3421455e-08 0.00042666192 2.6275137e-07 4.419458e-06 1.5810937e-07 1.2001851e-08 5.9586944e-07 0.0002940234 8.589689e-07 3.0943975e-05 2.232244e-07 0.0011014327 0.00033170238 1.346322e-06 0.00083213847 1.26770565e-05 5.5128257e-05 0.003515328 2.3434714e-07 1.8436504e-08 0.0020216936
0.5982758 0.0014423747 4.5435707e-05 2.4342233e-05 0.00016316323 0.0006294965 0.0063990476 0.00023813307 0.008323642 1.267939e-05 0.012092981 4.3321434e-06 0.00015535418 0.0618168 4.6618457e-06 0.17976342 3.7011854e-05 0.090470076 0.1712145 0.0018621907 4.217281e-06 8.180758e-09 0.24706686 0.70555735 0.93933207 0.58812493 0.053460877 1.904574e-06 0.53362954 7.602145e-16 0.9395209 3.7138963e-07 0.19383019 2.1448455e-05 0.8480899 0.122554675 1.679232e-05 1.5552553e-06 0.030545942 0.33732867 2.0242774e-07 0.0047249333 0.21581613 0.12756993 0.43594933 0.03368513 0.003769879 6.937669e-06 0.0013654125 9.331171e-07 5.0723604e-05 0.021973904 0.037772514 0.050243597 0.013446663 0.14033633 0.039903868 3.8942594e-06 0.0072655166 0.012105604 2.4530405e-06 0.0020816778 0.03798218 0.013973958 4.182003e-05 1.749427e-05 0.017182363 0.021846555 0.010601488 0.0003503587 7.527084e-06 8.635645e-05 0.0033109968 0.009168327 5.014327e-07 0.00026845175 0.005063103 6.45176e-06 0.0034905574 0.0124977585 4.577992e-07 4.853221e-05 1.7937356e-05 0.00019800395 9.730104e-06 1.0629192e-09 2.7529413e-07 6.458375e-05 6.804939e-05 0.0003148322 4.0498257e-06 0.00027280202 0.0009475594 3.5112807e-05 0.001155056 0.00015438088 4.647596e-06 0.00052956503 7.15946e-07 1.9248965e-07 0.00012812596
