3.4394004e-17 0.29220927 0.898455 0.5191474 0.0013802367 0.88513875 0.8997423 0.0015361009 0.017298186 0.81979036 0.55509603 0.96566117 0.9739672 0.951735 0.60707116 0.059114598 0.95689595 0.97909164 0.98376346 0.35867444 0.42446023 0.048956633 0.97982216 0.9956251 0.9880825 0.9819901 0.937469 0.90075874 0.3001935 0.31157884 0.9642696 0.9705191 0.99503875 0.05359958 0.9435886 0.46669745 0.96910226 0.94984585 0.9710407 0.99186563 0.39466152 0.9788844 0.89870757 0.98932076 0.9181248 0.9603214 0.8589816 0.82127595 0.82798386 0.675472 0.9788602 0.6106052 0.6804206 0.93781614 0.986146 0.66513187 0.9180396 0.32211038 0.26351666 0.9352425 0.9994945 0.9590664 0.90130305 0.8443046 0.95588315 0.8030071 0.11173627 0.5147181 0.083150946 0.9897604 0.9148766 0.9967343 0.9998466 0.99797726 0.9655741 0.9140023 0.019139796 0.35183588 0.010076302 0.6415681 0.9120955 0.7253315 0.8586529 0.90325266 0.005166705 0.06610683 0.999644 0.0059825783 0.03453533 0.9998391 0.9796827 0.97627383 0.040344406 0.99935347 0.9999829 0.00687639 0.0075833937 0.9910405 0.65947074 2.3554072e-05 0.00015950993
0.29220927 5.113749e-12 0.92486674 0.97445804 0.18076068 0.9276663 0.46577647 0.118804015 0.14317217 0.17214264 0.009697869 0.13454527 0.06875861 0.08378951 0.15709853 0.13240367 0.23571835 0.049352705 0.012585556 0.021592425 0.014450418 0.0135248 0.003783297 0.02536614 0.001997058 0.0013646567 0.030570239 0.008702381 0.0016570021 1.4112045e-05 0.00076874736 0.00044709415 0.00012030203 0.018034803 0.00042910437 0.013922506 8.3437975e-05 0.0001583124 0.00020983568 0.03349808 2.8919416e-05 2.9100045e-05 3.6836245e-05 1.2047688e-06 1.0396237e-05 6.372267e-06 1.1146058e-05 5.6155895e-06 4.405514e-07 3.6660858e-06 5.4650855e-07 5.045601e-06 1.08602585e-08 4.245119e-08 2.2761006e-08 4.2965e-06 5.2560017e-07 7.92197e-06 4.7213226e-07 1.1481424e-06 0.0032950593 2.904606e-07 1.3068173e-07 6.028255e-07 0.020869024 2.3972498e-07 5.4102674e-07 1.3707302e-06 4.152882e-07 1.14790964e-07 2.364884e-08 7.4310127e-09 9.946299e-07 0.01869517 1.1832163e-10 2.670716e-09 1.8618194e-06 3.811984e-06 6.127512e-06 1.399705e-08 2.666943e-10 4.0236072e-09 1.6836128e-09 4.92184e-09 1.1014673e-06 3.2147486e-08 1.21837e-05 8.683958e-07 1.4631723e-07 0.008478859 0.022893548 4.7475305e-06 5.5802325e-08 0.015660288 0.0032571538 7.807564e-07 1.0285601e-06 3.1276486e-06 8.2555154e-08 6.768531e-09 1.745533e-08
0.898455 0.92486674 1.9396676e-13 0.6390838 0.0090262545 0.8738798 0.97155213 0.0042231577 0.0037130665 0.6101285 0.062323313 0.60466975 0.5387167 0.40886825 0.23956694 0.04859249 0.09031789 0.27739173 0.117754 0.066785224 0.059978448 0.010614857 0.030344699 0.13280955 0.02088149 0.009295171 0.0633596 0.040168926 0.0059771747 4.5739118e-05 0.0037870747 0.00084182504 0.0010283558 0.0033071216 0.0015985556 0.020884063 0.0003571536 0.00039736074 0.00061751675 0.10341189 0.0004268367 0.00014424932 0.00021299176 3.5881417e-06 2.4733326e-05 2.0576796e-05 1.7911869e-05 1.5201417e-05 2.2117708e-06 1.0758021e-06 1.4750327e-06 1.7605192e-06 5.9938685e-08 2.7083862e-08 1.945014e-07 6.791277e-07 7.667077e-08 7.1370014e-06 3.3104266e-07 1.8073944e-08 0.01428415 3.4857766e-09 2.3160562e-09 2.963824e-09 0.02188696 2.5898522e-08 6.5683867e-07 9.271699e-08 4.1729712e-07 3.764362e-08 2.517456e-10 3.7216275e-08 1.081421e-05 0.040837698 3.1794023e-10 4.7374646e-11 1.5117888e-06 3.1956642e-07 1.5823871e-06 1.1333363e-08 1.2146944e-11 4.1354373e-09 1.4317445e-09 6.7307815e-10 1.5543939e-06 5.8644197e-08 0.00021998685 3.567585e-07 1.586588e-08 0.02163425 0.023383437 8.6058586e-05 4.511345e-08 0.025902256 0.0127124945 1.6112665e-07 1.7784647e-07 6.198792e-05 6.223569e-09 3.5212129e-09 2.1235833e-08
0.5191474 0.97445804 0.6390838 4.291843e-12 0.20763677 0.26762453 0.48729706 0.20338519 0.08250826 0.032573737 4.894785e-05 0.2857938 0.035490397 0.0403491 0.64483947 0.8182485 0.08730495 0.03687386 0.006706294 0.16348276 0.109638445 0.43981436 0.0034840107 0.012132447 0.002429167 0.0013759254 0.051665764 0.033303984 0.08664451 3.100308e-05 6.0872684e-05 0.0002680115 3.2196547e-06 0.023433657 0.0006911501 0.02132048 0.00029090873 4.2525615e-05 0.00013332689 0.006663523 0.0011516061 5.054865e-05 8.6774424e-05 4.627552e-06 3.0562096e-05 3.1033192e-05 1.529829e-05 2.1537415e-05 6.891998e-07 7.1319596e-06 3.7430462e-07 6.472943e-06 6.716592e-08 1.5935165e-06 4.6474957e-09 2.1585653e-05 1.0321438e-06 0.00034842096 3.0484387e-06 1.5597291e-06 0.004458723 5.476992e-07 2.0355657e-07 5.20341e-07 0.08460664 1.5580655e-06 6.231252e-06 3.8277435e-06 8.360679e-06 5.5280058e-08 5.8503534e-08 1.3076288e-07 1.3337833e-05 0.028147586 1.4218245e-10 8.856601e-09 1.957945e-05 0.00019070385 5.9698545e-05 7.043359e-08 2.108206e-09 4.1252218e-08 9.16357e-09 1.0442734e-08 1.7051574e-05 5.143566e-06 0.0003304697 5.678805e-06 9.423111e-07 0.009503048 0.08002623 8.203088e-05 1.7343013e-06 0.032716352 0.0037135675 4.21014e-06 5.155038e-06 1.3921217e-05 3.3925285e-06 3.2715624e-09 1.6934235e-08
0.0013802367 0.18076068 0.0090262545 0.20763677 3.059158e-18 0.037031014 0.0029346691 0.99934787 0.23603079 2.6370302e-05 4.76483e-06 0.00029849441 0.00077172 0.0038836028 0.0024643377 0.0032533603 0.015779344 0.0012784004 0.00016498726 0.0006919214 0.00031350038 0.0003372093 0.000113600916 0.0006969483 8.509249e-05 7.268101e-05 0.0034138926 0.0003934033 0.00036217298 3.0397816e-06 1.5230002e-05 1.7167864e-05 9.300845e-06 0.018965276 1.7122542e-05 0.0014849092 4.953024e-06 7.744512e-06 2.6321712e-05 0.0013064983 3.6886973e-05 3.5692206e-06 8.164544e-06 1.0704302e-06 8.311763e-06 8.412362e-06 7.326975e-06 2.6713127e-05 1.4412342e-07 1.5817965e-05 1.5071838e-06 4.080779e-06 2.6397087e-08 7.6370014e-07 8.843603e-09 9.145971e-07 8.6771695e-07 5.8984187e-05 1.2234085e-06 7.1799486e-06 0.00021580559 2.5578495e-06 3.7642224e-06 3.831955e-06 0.0026171217 9.623239e-06 2.5051008e-06 2.6930269e-05 2.5733839e-06 1.6090636e-08 1.1624863e-06 3.0661467e-09 2.699047e-06 0.0016797591 6.0391436e-10 2.823016e-07 1.0274424e-08 8.821164e-05 1.4376943e-08 9.357144e-06 1.2461474e-07 6.3740536e-06 5.862336e-07 1.7798988e-07 1.1033828e-08 1.8477834e-06 1.068337e-05 6.271149e-09 2.0239976e-07 0.0010516557 0.0024184724 3.2182334e-06 1.671994e-08 0.0017415044 4.6947694e-05 2.6203457e-08 7.703501e-09 4.7162084e-06 2.8255937e-07 4.015547e-10 1.8417294e-10
0.88513875 0.9276663 0.8738798 0.26762453 0.037031014 2.3125073e-09 0.33200803 0.012520448 0.036171794 0.3858058 0.6345916 0.09667154 0.2873022 0.69341296 0.078437045 0.013117108 0.96655315 0.56829345 0.048739698 0.018379655 0.0156087885 0.0061230403 0.024798675 0.5646586 0.014652538 0.009631425 0.051389553 0.020098338 0.0055169757 0.00013148147 0.009597043 0.0026025441 0.016628997 0.01295589 0.0019414431 0.03106614 0.00056218787 0.0013242919 0.0022112154 0.7787726 4.1698684e-05 0.00025600995 0.00082426035 7.819212e-05 0.00039376097 0.0003900813 0.00030626619 5.7099962e-05 2.0971454e-05 4.252144e-05 0.000114321585 3.0358604e-05 5.0956693e-08 3.6519305e-07 3.5225803e-05 8.717102e-06 5.4544535e-07 8.4150226e-05 5.4013947e-07 2.772488e-07 0.16487123 4.0210004e-08 3.627001e-08 1.173116e-07 0.15969887 1.2732148e-07 4.46193e-06 7.4108647e-07 1.3087323e-06 2.418305e-06 1.2256811e-08 2.1975286e-06 0.00029962868 0.29149508 1.04515664e-07 8.140223e-10 1.2070021e-06 1.2176882e-05 5.146537e-07 1.4435966e-08 6.32243e-10 5.354277e-09 1.2950589e-08 1.1983254e-08 1.5772322e-07 6.8199036e-08 0.00013689733 4.5988667e-08 1.17545326e-07 0.13197608 0.13403167 3.6068966e-05 2.8315942e-08 0.13866207 0.08301581 1.5883691e-07 2.4489017e-07 0.00021320434 1.6511369e-09 5.8003518e-09 1.531209e-08
0.8997423 0.46577647 0.97155213 0.48729706 0.0029346691 0.33200803 3.0699893e-14 0.0014077923 0.0010989865 0.7707609 0.035362303 0.9035047 0.46873555 0.18458511 0.4811263 0.081905864 0.03596672 0.15137699 0.24137561 0.23376685 0.24273555 0.029479181 0.042967103 0.07423363 0.025703054 0.022732092 0.27849528 0.10667919 0.032699224 0.0014294717 0.009364773 0.0013679176 0.0023560892 0.0020332737 0.0032358032 0.0935704 0.00072838075 0.00064278947 0.001630759 0.052251466 0.003536875 0.00033311464 0.0008788082 6.091171e-05 0.00012182312 7.2041505e-05 5.3104068e-05 0.00010695711 2.8757948e-05 1.1954805e-05 1.0520168e-05 7.1496524e-06 5.5399017e-08 1.2507947e-07 2.541881e-07 3.418103e-06 1.7203904e-07 0.00013640316 1.5237085e-06 5.7681728e-08 0.007945377 1.6941115e-08 4.3546327e-09 1.0268273e-08 0.013897335 1.832813e-08 6.8658557e-07 8.242346e-08 6.774382e-07 2.3899543e-07 5.1913823e-10 3.953637e-07 4.573938e-05 0.022911856 2.2432567e-10 2.2649252e-10 7.819096e-06 2.0152195e-06 1.1234399e-05 3.1311087e-09 8.776547e-11 1.1323222e-09 1.1215792e-09 3.2093847e-10 5.5538244e-06 1.278888e-07 0.00016944544 9.062947e-07 9.5665605e-08 0.010519111 0.013402699 0.00018205888 1.6022166e-07 0.02181207 0.004300903 6.6122055e-07 1.5352958e-06 0.00015870437 6.6949895e-08 2.3254637e-08 2.6536009e-08
0.0015361009 0.118804015 0.0042231577 0.20338519 0.99934787 0.012520448 0.0014077923 2.6480892e-16 0.25379694 9.377413e-06 1.0532792e-06 9.6609736e-05 0.00011131967 0.0007441573 0.0017275154 0.0043820916 0.0073226127 0.0001943895 2.7469277e-05 0.00048379946 0.0001831003 0.00047820178 1.1331174e-05 0.0001258328 2.7082895e-05 1.3566905e-05 0.0015542294 0.00025481035 0.0003332748 1.2231892e-06 1.6196073e-07 1.1118385e-06 1.6255749e-06 0.040990133 3.973169e-06 0.0010861938 1.5382916e-06 4.3333102e-07 1.5963684e-06 0.0007126293 1.8781235e-05 6.925435e-07 8.1817575e-07 1.2484682e-07 1.3958899e-06 2.7320843e-06 1.4858617e-06 1.5263103e-06 9.174396e-09 3.6383676e-06 8.495897e-08 1.0516089e-06 4.4101505e-09 8.460434e-08 7.840764e-10 3.7834104e-07 9.9051825e-08 6.019293e-05 4.7674052e-07 1.2286117e-06 4.2643147e-05 6.385677e-07 6.7697385e-07 2.86003e-07 0.0039538317 9.690111e-07 2.7270903e-07 4.2929937e-06 2.907921e-07 1.8796464e-09 2.5062275e-07 3.770085e-10 4.1560952e-07 0.0015455455 7.086645e-11 6.700355e-08 6.595113e-09 5.0038343e-06 9.5055706e-09 6.0428926e-07 2.0587894e-08 8.5061083e-07 1.2601119e-07 1.8935406e-08 9.786455e-09 1.3499701e-07 9.592283e-07 4.266694e-09 6.095357e-08 0.00034100463 0.0033459642 4.107472e-07 6.7534947e-09 0.0025679404 2.9571893e-05 1.3846439e-08 4.964797e-09 6.32674e-07 6.976229e-08 4.3413284e-10 1.9813445e-10
0.017298186 0.14317217 0.0037130665 0.08250826 0.23603079 0.036171794 0.0010989865 0.25379694 9.375248e-12 0.0004308629 3.7707494e-05 5.7730846e-05 5.8526955e-05 0.0010383647 0.0004980264 0.0006415071 0.09601604 0.00036463296 9.476711e-06 6.7943234e-05 1.3548106e-05 6.25395e-05 9.591035e-06 0.0007327065 9.251341e-06 1.0544164e-05 0.0005429514 2.3966442e-05 4.1377025e-05 4.792171e-05 1.0403466e-05 5.917798e-06 2.410434e-05 0.9973281 4.391326e-06 0.00057768746 3.383459e-06 5.45904e-06 6.287927e-06 0.0016259606 0.00058038085 4.728753e-07 7.432711e-06 1.8296092e-07 2.5263337e-06 2.7123745e-06 6.372498e-06 9.926972e-06 1.1297402e-05 4.725442e-06 1.5679093e-06 2.5525517e-06 1.1968002e-07 8.8596124e-08 9.4027904e-08 1.2486666e-06 1.0993312e-07 0.00077869673 4.642023e-06 1.131523e-06 0.0004987151 9.655206e-07 4.192321e-07 4.4095495e-07 0.034929965 6.157501e-07 2.8493253e-07 1.1843105e-06 9.373537e-07 6.7153486e-08 2.546285e-07 2.1822265e-08 3.8751878e-06 0.0022968904 8.083615e-09 1.7496863e-08 6.9774364e-07 8.9227964e-05 5.6049396e-07 3.036312e-07 1.6754792e-09 1.3353373e-07 1.0342729e-08 2.650251e-09 3.130733e-07 8.30306e-07 8.001754e-05 2.9178022e-07 1.2310153e-07 0.0014161564 0.029879976 2.6054457e-07 2.382147e-07 0.006859989 0.00076976855 3.8717465e-07 1.5857569e-07 7.749702e-07 3.4710678e-07 4.0810863e-10 3.5072487e-10
0.81979036 0.17214264 0.6101285 0.032573737 2.6370302e-05 0.3858058 0.7707609 9.377413e-06 0.0004308629 6.0095933e-24 4.83715e-09 0.7265949 0.8936932 0.62963885 0.0054387935 5.208112e-05 0.0015904648 0.52032757 0.86992407 0.00065234804 0.0003045684 1.19729575e-05 0.8191064 0.15954755 0.82927126 0.6242369 0.29241893 0.0020737164 3.0330795e-05 5.0902803e-11 0.28575283 0.2530516 0.014389188 0.0003271705 0.041403845 0.00048242163 0.016632574 0.046533242 0.05068055 0.08024018 1.2222983e-08 0.020163817 8.799318e-05 0.00028594068 0.00014105716 5.547005e-05 1.2587739e-05 5.7435074e-07 1.0199473e-05 1.2525994e-07 0.0010881197 1.5704975e-07 4.941116e-08 1.7089911e-07 9.064854e-06 1.3019584e-07 1.3175397e-08 2.598583e-06 1.2064491e-07 1.0555316e-06 0.029772194 1.2992804e-05 1.8384821e-07 1.6417513e-08 0.00036401884 4.689562e-08 2.1440794e-08 5.1542212e-08 2.3272253e-08 8.999316e-07 8.533108e-07 7.834114e-06 0.003984956 0.022933764 1.0379607e-08 3.298431e-08 8.5083514e-08 8.2328874e-08 1.6081303e-07 1.0357616e-08 6.02318e-09 1.249691e-08 7.690072e-08 7.379603e-08 4.579077e-08 1.8435439e-09 0.0023191303 1.8508874e-08 1.0608781e-08 0.011886097 0.001127422 0.00017696986 1.1874656e-08 0.02359555 0.006106872 4.437709e-09 1.765927e-08 0.00035272192 4.076887e-09 2.6403792e-11 1.2982422e-11
0.55509603 0.009697869 0.062323313 4.894785e-05 4.76483e-06 0.6345916 0.035362303 1.0532792e-06 3.7707494e-05 4.83715e-09 7.4420823e-26 0.0048087253 0.63388634 0.90538603 2.4234698e-06 1.5999325e-07 0.0030252165 0.843136 0.17490554 2.7708467e-07 1.2432143e-07 1.3373163e-07 0.46389297 0.88577795 0.70670533 0.11433646 0.0034439082 1.6559618e-06 3.5448383e-07 1.9866934e-12 0.46731657 0.094956644 0.44938147 0.00019343932 0.0018049893 4.646909e-06 0.0024074602 0.031321898 0.0477043 0.1470987 4.8921034e-10 0.00588437 1.8841001e-06 6.380704e-05 9.631439e-06 1.3317502e-06 2.6864265e-07 9.414253e-09 2.2420422e-06 6.056392e-09 0.006413288 8.034335e-09 1.8390704e-08 1.7701051e-08 1.3512144e-05 6.7746786e-09 2.116179e-09 1.1050915e-07 5.8239644e-09 7.5496473e-07 0.108651094 6.7797305e-06 5.8238456e-08 5.281824e-09 0.0026341237 8.885941e-09 2.4640188e-09 8.198332e-09 2.1507134e-09 2.2601149e-05 3.3453722e-07 0.00012575879 0.007867135 0.053892206 6.7889596e-09 9.542174e-09 3.4488215e-09 1.2490762e-08 9.587289e-09 2.76116e-09 3.052993e-09 2.4387192e-09 6.679275e-08 9.891325e-08 1.7527885e-09 2.4762672e-10 0.003969299 3.8718917e-10 4.974814e-10 0.023257319 0.003485501 0.00016898246 5.733472e-10 0.037499428 0.010737452 2.1625757e-10 3.95683e-10 0.0007151354 6.570375e-10 6.395458e-13 3.671671e-13
0.96566117 0.13454527 0.60466975 0.2857938 0.00029849441 0.09667154 0.9035047 9.6609736e-05 5.7730846e-05 0.7265949 0.0048087253 1.0510904e-14 0.6295004 0.104589075 0.8132144 0.17676531 0.014285832 0.12460375 0.74876803 0.6196804 0.66925013 0.12437832 0.22693318 0.038318764 0.045100164 0.16268958 0.77864707 0.6051751 0.34481645 0.05999854 0.014471408 0.005068362 0.0014628454 0.00035025665 0.01553736 0.4317541 0.0016884803 0.0025642635 0.005207774 0.019763768 0.10503784 0.001778913 0.003530777 0.00028811302 0.00053859304 0.00021714752 0.00051513175 0.0012082967 5.2188116e-05 0.00018513465 4.407868e-05 0.00012666707 4.910092e-07 1.8241516e-06 4.436019e-06 7.861367e-05 1.931125e-06 0.0045751166 2.4159435e-05 2.240532e-07 0.010615099 4.6291582e-08 2.4847763e-08 7.216731e-08 0.011682417 6.903112e-08 4.0847854e-06 4.070706e-07 5.0322133e-06 9.92354e-07 1.999127e-08 4.534595e-06 0.00023142871 0.015253029 5.0895763e-09 6.7759065e-09 2.3058701e-05 4.760361e-06 1.8000059e-05 3.3693425e-08 1.2631053e-09 3.7931844e-08 2.0730498e-08 4.4606043e-09 1.608951e-05 3.645771e-07 0.0006287052 2.0988427e-06 8.661105e-07 0.014755579 0.011105606 0.00034614847 1.9772531e-07 0.0074795284 0.009784348 1.105579e-06 1.4400546e-06 0.00074884243 1.8775953e-07 1.3143952e-07 9.8559774e-08
0.9739672 0.06875861 0.5387167 0.035490397 0.00077172 0.2873022 0.46873555 0.00011131967 5.8526955e-05 0.8936932 0.63388634 0.6295004 1.36714624e-14 0.5953081 0.114748076 0.008146022 0.036314495 0.5197825 0.8251244 0.061913103 0.0651451 0.00458623 0.6055002 0.35333037 0.6740603 0.31967556 0.40489545 0.09832429 0.025111815 0.06279159 0.23278742 0.048744537 0.11388885 0.00010916707 0.040429804 0.16449933 0.008831607 0.014706507 0.03326373 0.16949292 0.010166893 0.0021929364 0.010841918 0.0020198424 0.0022144662 0.0007290851 0.0016658482 0.0031944227 0.0015509629 0.00062139245 0.0008480918 0.00031793362 3.2909998e-06 1.2539035e-05 0.0010512637 0.00012871566 3.3398162e-05 0.0018923054 2.5493393e-05 4.7054684e-07 0.050171703 1.9334496e-07 5.9327554e-08 9.9830984e-08 0.006609413 9.2563965e-08 1.2795871e-05 1.3337814e-06 1.0832831e-05 1.0906265e-05 2.6824287e-08 0.00018005235 0.0013834403 0.045394123 3.2285222e-06 1.9267623e-09 5.0764353e-05 3.2964688e-06 2.1371092e-05 1.5763742e-08 5.420325e-10 1.4947318e-08 3.2824083e-08 3.2608177e-08 9.570313e-06 4.2088377e-07 0.00066135684 6.809859e-07 2.8028884e-07 0.023228459 0.00908284 0.00065018603 1.913659e-08 0.012704264 0.023207435 1.4179105e-07 4.4386786e-07 0.0018315673 2.0925272e-08 8.835683e-08 6.45549e-08
0.951735 0.08378951 0.40886825 0.0403491 0.0038836028 0.69341296 0.18458511 0.0007441573 0.0010383647 0.62963885 0.90538603 0.104589075 0.5953081 1.2490409e-11 0.0594255 0.0052353614 0.07488994 0.85428613 0.16138351 0.023693416 0.020817649 0.0014216618 0.13531438 0.6240414 0.1506824 0.06491012 0.14305529 0.039650638 0.0049239676 0.004748731 0.067358494 0.008326029 0.19732559 0.0011114931 0.016267242 0.06217337 0.004895184 0.0044020982 0.009892493 0.50116456 0.0006896207 0.0018818304 0.006417467 0.0017139891 0.002875131 0.0012182533 0.0010135157 0.0011708272 0.0016020556 7.2010946e-05 0.000758747 3.5604684e-05 1.6639658e-06 3.8016663e-06 0.0032929531 1.5867037e-05 4.223045e-06 0.00032159203 7.937473e-06 9.0060047e-07 0.21264394 2.05094e-07 9.0251554e-08 1.6870283e-07 0.046334542 1.0137003e-07 2.2516117e-06 9.155019e-07 1.0876553e-06 4.710455e-06 2.4034039e-08 8.666889e-05 0.0012077956 0.18900336 9.217365e-06 1.177649e-09 2.7466094e-06 2.8565175e-06 1.5960168e-06 1.233439e-08 7.7670104e-10 1.01152695e-08 1.7626192e-08 1.5307213e-08 9.2440155e-07 8.8890985e-08 0.00059006445 8.5724984e-08 6.879662e-08 0.07399608 0.03515267 0.00031844582 3.3196564e-08 0.051532775 0.06075994 4.8929786e-07 3.5653608e-07 0.0020892634 2.0810878e-08 3.302315e-08 7.060724e-08
0.60707116 0.15709853 0.23956694 0.64483947 0.0024643377 0.078437045 0.4811263 0.0017275154 0.0004980264 0.0054387935 2.4234698e-06 0.8132144 0.114748076 0.0594255 1.3020486e-15 0.70812505 0.0045618173 0.048544828 0.18838297 0.92692786 0.90930843 0.5050441 0.036947303 0.010320651 0.010809995 0.019599557 0.44887903 0.6702424 0.4999542 0.0006401858 0.0013419734 0.00095591205 3.1447402e-05 0.0005776904 0.0024921505 0.1326567 0.00028734826 0.00028384163 0.00043739207 0.0015993934 0.08086896 0.00044534128 0.00024797654 2.6488138e-05 3.5574747e-05 4.1005485e-05 6.600928e-05 5.957768e-05 1.0862434e-06 1.6311773e-05 3.734606e-07 1.7464099e-05 5.8969473e-08 6.3558645e-07 5.581307e-08 1.9265166e-05 5.0629365e-07 0.00034248838 3.2349144e-06 1.3376226e-07 0.0021540467 2.1981423e-08 1.41526995e-08 3.038466e-08 0.073574275 1.3941292e-07 1.2109441e-06 1.3326155e-06 2.1365884e-06 1.4570126e-08 4.0013894e-09 4.8332787e-08 8.331063e-06 0.011173085 2.4510055e-10 9.866856e-10 1.1320222e-05 0.000111757916 5.6019658e-06 7.1298516e-08 2.3152912e-10 1.9909306e-08 7.0857737e-09 3.7112264e-09 6.6392213e-06 1.1938746e-06 0.00020584479 1.6918498e-06 2.896283e-07 0.013217956 0.023572197 9.1544e-05 1.15508264e-07 0.019674731 0.0034115983 9.3943703e-07 7.280977e-07 0.00019984163 6.055506e-08 2.2631138e-08 7.694484e-09
0.059114598 0.13240367 0.04859249 0.8182485 0.0032533603 0.013117108 0.081905864 0.0043820916 0.0006415071 5.208112e-05 1.5999325e-07 0.17676531 0.008146022 0.0052353614 0.70812505 1.9293822e-15 0.0034960692 0.0025399006 0.0030110935 0.3308447 0.33081466 0.98924994 0.0010079333 0.00023728408 0.0002916677 0.0007478269 0.042659573 0.15304764 0.5031694 4.8514366e-06 4.281382e-06 2.2141821e-05 1.2721631e-06 0.0015000135 9.6218944e-05 0.032287043 1.2405934e-05 3.2605133e-06 5.5652395e-06 0.0007797464 0.014256767 1.3738417e-05 1.0388683e-05 2.4572887e-07 4.7227572e-06 4.097021e-06 8.1715625e-06 4.7169056e-06 1.5260723e-07 1.4498067e-06 1.9361426e-08 1.9769468e-06 2.1402876e-08 3.1470802e-07 1.2685157e-09 6.8571717e-07 2.713796e-07 2.5457606e-05 1.0120133e-06 1.3991558e-07 0.0005133968 5.9988544e-08 4.787468e-08 6.573854e-08 0.048716586 4.1608823e-07 9.275179e-07 1.8551181e-06 1.3360245e-06 1.7249131e-09 6.7624013e-09 1.0202054e-08 1.5216029e-06 0.0037288435 2.9486476e-11 1.6517259e-09 1.1331676e-06 4.840369e-06 6.200968e-07 5.1560797e-08 3.273733e-10 5.7727295e-08 4.880633e-09 1.0780671e-09 7.520127e-07 7.9769455e-07 3.607091e-06 2.1157612e-07 6.426692e-08 0.0020334858 0.009956734 3.5633607e-06 3.009546e-08 0.006562342 0.000358671 2.8654463e-07 9.713025e-08 1.4633154e-06 1.5406803e-08 4.1665364e-09 1.3718934e-09
0.95689595 0.23571835 0.09031789 0.08730495 0.015779344 0.96655315 0.03596672 0.0073226127 0.09601604 0.0015904648 0.0030252165 0.014285832 0.036314495 0.07488994 0.0045618173 0.0034960692 2.0821032e-09 0.0518462 0.009822507 0.0013487465 0.0009760694 0.0010169509 0.008239103 0.09548231 0.0040035206 0.002943132 0.019665312 0.0018665157 0.00022735432 2.3583449e-05 0.0033711542 0.0008666696 0.0074184067 0.45138067 0.00092546863 0.006589691 0.00024828792 0.00023120611 0.0004894424 0.9314339 7.179408e-06 0.00011289922 4.2246982e-05 1.05126865e-05 3.7292895e-05 2.1393971e-05 7.7293125e-06 8.863197e-06 1.5302623e-05 2.1405574e-06 2.2017039e-05 1.4801707e-06 2.8061885e-07 1.3803037e-08 0.00012991187 8.511923e-06 4.254196e-07 4.761812e-05 1.8306346e-06 1.9961199e-07 0.23133203 2.336695e-08 9.008967e-09 6.991001e-08 0.72385734 1.311408e-07 2.467645e-07 7.601465e-08 2.9203105e-07 1.3868701e-07 5.872991e-09 2.6265552e-08 3.4830886e-05 0.57376564 5.9386196e-08 5.344785e-10 2.6032367e-06 3.108746e-07 1.0421902e-06 7.2684885e-09 6.106519e-11 1.1781276e-09 1.7087662e-09 1.2304026e-09 3.0994417e-07 5.8097633e-09 1.2874966e-06 3.5130788e-07 1.13672e-08 0.31380996 0.64122164 1.6300419e-07 2.2415396e-08 0.49315733 0.12810874 5.9059857e-08 1.4145608e-07 1.3539367e-06 3.165944e-10 3.3508044e-10 3.5940592e-10
0.97909164 0.049352705 0.27739173 0.03687386 0.0012784004 0.56829345 0.15137699 0.0001943895 0.00036463296 0.52032757 0.843136 0.12460375 0.5197825 0.85428613 0.048544828 0.0025399006 0.0518462 2.5065236e-13 0.22437795 0.021825437 0.021708831 0.00041647 0.2422825 0.8471831 0.24799407 0.14814612 0.13219886 0.057183452 0.002401529 0.006757745 0.0678292 0.013198496 0.24568866 0.00027831312 0.036251284 0.08579678 0.009777217 0.0052921716 0.01125829 0.38091654 0.00060161634 0.0013519073 0.010964151 0.0025117993 0.0049650366 0.0027221418 0.0018449416 0.0023906762 0.0015270982 0.00034969326 0.0020140787 0.00016906514 1.0251895e-06 1.0470063e-05 0.0054988507 3.2414166e-05 4.653068e-06 0.00024785477 1.2296742e-05 6.2555e-07 0.35764185 1.9466526e-07 4.9973867e-08 1.5261627e-07 0.03682223 1.3143364e-07 2.4262795e-06 4.6553387e-07 6.436007e-07 6.193069e-06 7.199188e-08 1.1254591e-05 0.00088244124 0.19551773 1.2846909e-05 2.756009e-09 6.6640814e-06 6.439712e-06 3.359608e-06 2.5652561e-08 7.7272483e-10 4.910522e-09 2.0298923e-08 1.2738092e-08 2.5957472e-06 3.0810344e-07 0.0006213847 8.5218113e-07 3.3004824e-08 0.08464696 0.04223967 0.00030921068 1.0748694e-07 0.06115823 0.060817517 3.886281e-07 1.042193e-06 0.0026711957 3.812871e-08 2.709967e-08 7.9325154e-08
0.98376346 0.012585556 0.117754 0.006706294 0.00016498726 0.048739698 0.24137561 2.7469277e-05 9.476711e-06 0.86992407 0.17490554 0.74876803 0.8251244 0.16138351 0.18838297 0.0030110935 0.009822507 0.22437795 2.192204e-13 0.121925615 0.1656543 0.0035041654 0.8275641 0.17166711 0.6506016 0.8343307 0.6935796 0.2869218 0.11681391 0.4497718 0.20725214 0.22942741 0.036030095 4.5053715e-05 0.27531812 0.4397 0.06404642 0.057760883 0.07206667 0.04493416 0.10321719 0.048735335 0.058994792 0.010593518 0.023435947 0.01321175 0.023482082 0.05800952 0.004024369 0.016830754 0.00080776983 0.00900814 0.00021749486 0.00033721267 0.00041343612 0.0036152531 0.00055563496 0.017200742 0.0031185902 4.247112e-06 0.034120947 6.069726e-07 1.826715e-07 6.395581e-07 0.003639175 4.8689225e-07 0.00017329985 9.00084e-06 5.1043004e-05 1.7074044e-05 1.5375853e-07 0.0001544018 0.0020067382 0.022171395 2.9004223e-06 3.9555662e-08 0.0001937495 1.7338607e-05 5.4625845e-05 7.754511e-08 9.477853e-09 6.4605395e-08 2.1648239e-07 3.0776573e-07 5.9435464e-05 2.3751525e-06 0.001779646 3.6368692e-06 1.237687e-06 0.020710696 0.0054806084 0.0012082559 3.410355e-07 0.0058317934 0.022039047 1.2606511e-06 1.4493575e-06 0.0023967586 1.6450858e-07 2.662815e-07 2.1654105e-07
0.35867444 0.021592425 0.066785224 0.16348276 0.0006919214 0.018379655 0.23376685 0.00048379946 6.7943234e-05 0.00065234804 2.7708467e-07 0.6196804 0.061913103 0.023693416 0.92692786 0.3308447 0.0013487465 0.021825437 0.121925615 1.7924507e-15 0.9486859 0.3159591 0.022495057 0.003211098 0.0064740665 0.015606117 0.43525687 0.69076884 0.47979406 0.0005040357 0.0013170072 0.00078777166 2.4921466e-05 0.00018942813 0.0035191658 0.15892673 0.0002916026 0.00024526476 0.00041694666 0.00081133825 0.11778511 0.00028862423 0.00032540117 4.5201934e-05 4.7752543e-05 4.0961826e-05 4.1509345e-05 8.1634505e-05 3.9619695e-06 1.8252542e-05 1.1417437e-06 1.5931084e-05 5.3980244e-08 1.3636947e-06 2.5727187e-08 7.877747e-06 1.2681766e-06 0.00011899497 3.3113124e-06 1.8891963e-07 0.0010281894 3.2452192e-08 2.4817355e-08 1.2901133e-08 0.034486733 1.1326961e-07 1.4196269e-06 1.3393822e-06 3.1129246e-06 6.974566e-08 4.47225e-09 2.1357236e-07 4.22409e-05 0.004457603 8.510026e-11 1.1542546e-09 8.233494e-06 3.0309831e-05 1.167167e-05 7.451284e-08 2.4347582e-10 2.3232648e-08 1.0287406e-08 3.43988e-09 2.0428079e-05 2.557091e-06 0.00023013107 6.057828e-06 7.902031e-07 0.0069843847 0.004355443 0.00027559846 7.909699e-07 0.004149514 0.0019228308 1.4322136e-06 2.3214577e-06 0.00041277465 8.8931e-08 7.395667e-08 3.795689e-08
0.42446023 0.014450418 0.059978448 0.109638445 0.00031350038 0.0156087885 0.24273555 0.0001831003 1.3548106e-05 0.0003045684 1.2432143e-07 0.66925013 0.0651451 0.020817649 0.90930843 0.33081466 0.0009760694 0.021708831 0.1656543 0.9486859 2.8334194e-16 0.444098 0.030708257 0.0024702789 0.007407961 0.025316026 0.5598807 0.8570001 0.65280956 0.0008047334 0.0011441833 0.0007786481 1.6189048e-05 0.00010134369 0.005314833 0.24626265 0.0004040332 0.00026930103 0.0003465095 0.00083108165 0.21907437 0.00043741957 0.00046670454 7.347039e-05 3.6553418e-05 3.897795e-05 3.767931e-05 0.00016094184 2.5634856e-06 2.7942971e-05 1.3289578e-06 2.2510181e-05 2.387586e-08 1.0759857e-06 6.7502364e-09 9.141284e-06 8.267086e-07 0.00026243395 7.5672824e-06 9.806585e-08 0.0007994485 1.7880968e-08 1.9857426e-08 1.516181e-08 0.02948713 4.6476398e-08 6.455099e-07 8.248067e-07 1.6451853e-06 1.0668709e-07 3.2718368e-09 3.1943813e-07 7.762055e-05 0.0037035267 4.1604015e-11 7.9113094e-10 4.8204774e-06 1.609387e-05 5.1181364e-06 2.0689376e-08 2.3110731e-10 1.1675739e-08 7.473997e-09 2.6436069e-09 1.2656737e-05 7.5711546e-07 0.00032567905 4.665884e-06 4.3348064e-07 0.007247918 0.0025874677 0.0004828739 8.6627074e-07 0.0022618552 0.0022840453 1.7433472e-06 3.9524252e-06 0.00048629343 8.013326e-08 8.029651e-08 4.9521834e-08
0.048956633 0.0135248 0.010614857 0.43981436 0.0003372093 0.0061230403 0.029479181 0.00047820178 6.25395e-05 1.19729575e-05 1.3373163e-07 0.12437832 0.00458623 0.0014216618 0.5050441 0.98924994 0.0010169509 0.00041647 0.0035041654 0.3159591 0.444098 2.6630222e-15 0.0011470699 6.6674605e-05 0.00030573423 0.0010537978 0.055385448 0.26831302 0.8275548 1.0804221e-05 1.0900794e-05 4.9421036e-05 3.6263214e-07 0.0002495156 0.00019238185 0.06840318 2.576558e-05 9.938215e-06 1.4299202e-05 0.00034880516 0.08287435 2.9475574e-05 1.3716974e-05 3.3290993e-07 7.5379317e-06 1.075258e-05 1.2552865e-05 1.233989e-05 1.2132081e-07 6.395084e-06 5.007243e-08 1.5358151e-05 1.6305512e-08 4.1166248e-07 1.984193e-09 2.029968e-06 7.5362453e-07 0.00029454456 6.3401026e-06 1.4888108e-06 0.0002103155 6.5853715e-07 7.316343e-07 6.798847e-07 0.02354392 1.2513798e-06 1.3044161e-06 9.576776e-06 2.006454e-06 1.1802355e-08 7.636109e-08 5.4573434e-08 1.0039237e-05 0.001475379 6.2600853e-12 3.5444415e-08 1.5341484e-06 2.1398359e-05 3.0438866e-06 1.4629575e-07 3.0103136e-09 3.5027583e-07 2.4369628e-08 4.9495363e-09 4.7238027e-06 2.589524e-06 2.9926157e-05 2.52265e-06 6.2031796e-07 0.0019481442 0.0036812264 2.3883254e-05 8.5978805e-08 0.0010496377 0.00049743254 1.1730461e-06 1.3441615e-06 1.1911514e-05 8.465729e-08 1.5645723e-08 3.762207e-09
0.97982216 0.003783297 0.030344699 0.0034840107 0.000113600916 0.024798675 0.042967103 1.1331174e-05 9.591035e-06 0.8191064 0.46389297 0.22693318 0.6055002 0.13531438 0.036947303 0.0010079333 0.008239103 0.2422825 0.8275641 0.022495057 0.030708257 0.0011470699 7.6468454e-13 0.20353644 0.89656603 0.9018146 0.37828636 0.11689498 0.035558842 0.512446 0.45872915 0.5158499 0.15113252 1.1048482e-05 0.32762954 0.27735543 0.14280407 0.19488268 0.21864708 0.04570142 0.07358777 0.12650938 0.095900916 0.040388618 0.05834001 0.050933287 0.047657862 0.08396969 0.015712265 0.037445974 0.002626607 0.020016894 0.0011758088 0.0009448672 0.0028613314 0.009085401 0.0027228585 0.023907049 0.007645831 2.7680774e-06 0.056626577 5.0405816e-07 1.9920104e-07 7.534736e-07 0.0039312104 5.401302e-07 0.00010284837 6.383489e-06 4.6604877e-05 4.0305433e-05 1.1848452e-07 0.00047593284 0.0031268196 0.026001675 7.5472286e-05 1.2601869e-08 8.50989e-05 2.1895989e-05 4.4830413e-05 2.2109923e-08 8.858865e-09 1.8581458e-08 2.3679206e-07 1.7487964e-07 2.1140773e-05 4.3585717e-07 0.0016083037 1.8795291e-06 4.0014658e-07 0.028578237 0.006560925 0.0012452995 1.0785331e-07 0.009479645 0.030312661 9.851857e-07 2.661925e-06 0.0031209537 2.1847875e-08 2.277333e-07 3.093058e-07
0.9956251 0.02536614 0.13280955 0.012132447 0.0006969483 0.5646586 0.07423363 0.0001258328 0.0007327065 0.15954755 0.88577795 0.038318764 0.35333037 0.6240414 0.010320651 0.00023728408 0.09548231 0.8471831 0.17166711 0.003211098 0.0024702789 6.6674605e-05 0.20353644 1.8952576e-15 0.2258524 0.13481435 0.045850854 0.009528839 0.00031744217 0.004339251 0.08134473 0.018653804 0.36779726 0.00054246694 0.019553414 0.023380632 0.0068695596 0.0082640555 0.0141352415 0.6135562 0.00042324877 0.005128202 0.0029073167 0.0027682413 0.0029828895 0.0012519272 0.0012454812 0.0006412077 0.0025083788 5.205257e-05 0.0050059184 4.840874e-05 4.947965e-05 1.0291994e-05 0.014390423 3.5402597e-06 4.521575e-06 6.06153e-05 7.459439e-06 1.5000326e-06 0.5283528 9.1102606e-07 1.1896585e-07 1.66005e-07 0.13905771 5.0419732e-08 4.4419644e-07 1.4700635e-07 1.8687152e-07 5.5794e-05 2.0359131e-07 1.5050242e-05 0.005324317 0.39623368 0.000100352896 7.940171e-09 1.4434363e-07 3.254578e-07 8.61298e-08 1.19992425e-08 1.1477846e-09 2.7078798e-08 1.0396553e-07 2.6478892e-07 1.2203328e-07 1.177708e-08 0.0016329509 3.1385905e-08 5.095958e-09 0.26992792 0.13301858 0.000686275 8.971949e-08 0.24732555 0.19547126 4.094103e-08 5.0147168e-08 0.005907412 2.9545957e-09 3.2383649e-10 3.8693154e-10
0.9880825 0.001997058 0.02088149 0.002429167 8.509249e-05 0.014652538 0.025703054 2.7082895e-05 9.251341e-06 0.82927126 0.70670533 0.045100164 0.6740603 0.1506824 0.010809995 0.0002916677 0.0040035206 0.24799407 0.6506016 0.0064740665 0.007407961 0.00030573423 0.89656603 0.2258524 1.2999687e-12 0.70209366 0.20588113 0.028548323 0.007802549 0.42336693 0.6632934 0.52122515 0.24739009 3.7713424e-05 0.1760839 0.08417701 0.106647514 0.17939535 0.25745666 0.058301494 0.01152479 0.085147984 0.038296726 0.02298336 0.031981193 0.022781346 0.018932622 0.024221513 0.011948856 0.007025 0.0022834705 0.0036782536 0.001006831 0.00039652034 0.0071877637 0.00045900454 0.00042573252 0.0045510125 0.0020261048 2.4945255e-06 0.09449815 8.7161993e-07 1.7676025e-07 4.514162e-07 0.0075887837 1.8037707e-07 3.1394993e-05 1.8042621e-06 1.1780277e-05 6.180605e-05 3.6468842e-07 0.00036755257 0.0053382204 0.035054665 0.00023509808 1.6665558e-08 2.930703e-05 1.0140774e-05 1.50695605e-05 5.5048265e-08 6.91419e-09 2.9529016e-08 2.8176743e-07 1.9767668e-07 7.883113e-06 4.265872e-07 0.0025508523 8.759699e-07 1.667156e-07 0.04448768 0.012311733 0.0017369838 2.476942e-07 0.0134338 0.035468183 1.1108434e-06 1.4028816e-06 0.003079632 1.696184e-08 8.787968e-08 7.844363e-08
0.9819901 0.0013646567 0.009295171 0.0013759254 7.268101e-05 0.009631425 0.022732092 1.3566905e-05 1.0544164e-05 0.6242369 0.11433646 0.16268958 0.31967556 0.06491012 0.019599557 0.0007478269 0.002943132 0.14814612 0.8343307 0.015606117 0.025316026 0.0010537978 0.9018146 0.13481435 0.70209366 1.515966e-13 0.530874 0.121182345 0.04935278 0.73925894 0.46006128 0.7206292 0.051018123 3.7394962e-05 0.6842206 0.35672808 0.47913638 0.35942313 0.33952922 0.014108407 0.15128405 0.37730712 0.23730774 0.09458561 0.16198061 0.12132755 0.12029026 0.17647354 0.01138019 0.08078881 0.0036346228 0.058520164 0.0034457843 0.0046681166 0.00134415 0.036354724 0.008645596 0.054450832 0.01927459 1.8257051e-05 0.04174803 3.7737905e-06 1.4160922e-06 1.3213316e-05 0.0028546862 1.0717158e-05 0.00052079675 7.039865e-05 0.00023351981 0.00011168142 1.4523087e-06 0.00063439563 0.005995761 0.017108612 4.677336e-05 2.522076e-07 0.0002468503 0.00011351839 7.732737e-05 3.7000876e-07 9.0974325e-08 2.4079205e-07 1.9238717e-06 1.5100684e-06 4.94672e-05 3.6772735e-06 0.0044610496 6.6520493e-06 3.8247404e-06 0.026209475 0.006473069 0.0021301666 3.773875e-07 0.0067768097 0.029887185 1.7002297e-06 4.132727e-06 0.0048115263 6.931158e-07 2.0118216e-07 1.0559066e-07
0.937469 0.030570239 0.0633596 0.051665764 0.0034138926 0.051389553 0.27849528 0.0015542294 0.0005429514 0.29241893 0.0034439082 0.77864707 0.40489545 0.14305529 0.44887903 0.042659573 0.019665312 0.13219886 0.6935796 0.43525687 0.5598807 0.055385448 0.37828636 0.045850854 0.20588113 0.530874 6.0747136e-14 0.921978 0.4216899 0.64347154 0.09293697 0.13792215 0.0077664205 0.002342034 0.42969397 0.699162 0.09250763 0.056171697 0.04258881 0.014176627 0.5706263 0.07192074 0.15338069 0.031356283 0.047222048 0.03358443 0.060225572 0.20292789 0.0060144626 0.049755797 0.0015880611 0.03572231 0.0005352073 0.0051249773 6.301438e-05 0.018887157 0.0044875885 0.11526413 0.011158017 6.609337e-05 0.014361406 5.46092e-06 1.147804e-06 5.913837e-06 0.024975449 2.4628173e-06 0.0009113043 3.2985427e-05 0.00030873748 8.1888225e-05 1.2056573e-06 5.9870556e-05 0.0021269328 0.0096060345 7.060216e-07 1.3723228e-07 0.0017399482 0.00052875356 0.0010203301 4.859992e-07 3.385176e-08 3.8146698e-07 9.3136214e-07 1.3174355e-06 0.0009540738 2.9395682e-05 0.0041238577 0.0003776277 6.125093e-06 0.017450282 0.017736161 0.0015222483 0.00012760125 0.0049389303 0.011127424 0.00049022504 0.00017828538 0.0018538333 9.159692e-07 3.2682026e-06 2.8599986e-06
0.90075874 0.008702381 0.040168926 0.033303984 0.0003934033 0.020098338 0.10667919 0.00025481035 2.3966442e-05 0.0020737164 1.6559618e-06 0.6051751 0.09832429 0.039650638 0.6702424 0.15304764 0.0018665157 0.057183452 0.2869218 0.69076884 0.8570001 0.26831302 0.11689498 0.009528839 0.028548323 0.121182345 0.921978 6.0877915e-16 0.8849158 0.07356583 0.013005717 0.013998755 0.00015672993 0.00033750833 0.04036584 0.8212417 0.0050531067 0.0063807657 0.0061215484 0.0013540518 0.62591857 0.0103105 0.020248353 0.002159762 0.0021314835 0.0020431518 0.0042936713 0.01491007 2.7674507e-05 0.0020212887 3.9854367e-05 0.0015018098 8.430726e-07 2.5590805e-05 3.6146164e-07 0.00038022717 1.4548878e-05 0.025391458 0.0020903486 1.3755507e-06 0.0031668174 6.61329e-07 2.4140505e-07 2.1913118e-07 0.04440726 1.429387e-07 7.987873e-06 6.1485645e-07 1.6718066e-05 1.4231241e-06 1.3860952e-07 1.902912e-05 0.00096918136 0.0056552715 5.027384e-09 2.2728035e-08 6.145153e-05 1.5515909e-05 2.3043269e-05 5.913685e-08 2.8619995e-09 5.0538063e-08 1.133647e-07 6.1807256e-08 3.7164336e-05 6.475588e-07 0.0029984924 1.0187574e-05 1.0463201e-06 0.013795012 0.0039385264 0.00406748 1.4263959e-06 0.0025647585 0.007945919 1.4319427e-05 6.5022878e-06 0.0025201002 4.3343022e-07 3.4532943e-07 3.2085202e-07
0.3001935 0.0016570021 0.0059771747 0.08664451 0.00036217298 0.0055169757 0.032699224 0.0003332748 4.1377025e-05 3.0330795e-05 3.5448383e-07 0.34481645 0.025111815 0.0049239676 0.4999542 0.5031694 0.00022735432 0.002401529 0.11681391 0.47979406 0.65280956 0.8275548 0.035558842 0.00031744217 0.007802549 0.04935278 0.4216899 0.8849158 1.9654256e-15 0.0014024142 9.2635724e-05 0.001983587 1.4746954e-06 0.00070887554 0.01210983 0.92075425 0.0013786134 0.0007015612 0.00021379278 0.0015127935 0.8821701 0.0024437672 0.0040601455 0.00032103126 0.00030164336 0.0017154658 0.0012736873 0.009516983 3.228941e-06 0.0010793682 4.213159e-07 0.00079321273 3.6386248e-06 1.2941693e-05 2.5245944e-08 0.00076012634 2.8471713e-05 0.09981923 0.0034063559 4.5092934e-06 0.00097441813 2.1752576e-06 2.219551e-06 4.4505023e-06 0.037224986 5.50044e-06 1.8268389e-05 9.950118e-06 3.7356825e-05 1.44212144e-08 3.2981652e-07 3.3648375e-06 0.00046170544 0.0024009442 3.8222311e-10 2.771975e-07 2.148711e-05 0.0007562994 2.041246e-05 2.907297e-07 6.864445e-08 3.3560357e-07 1.9368214e-07 6.084728e-08 2.8277342e-05 2.3015214e-06 0.0013143158 2.9837362e-05 4.4560406e-06 0.007634585 0.0014866316 0.0016588236 6.132715e-06 0.0010935902 0.003936564 1.3817663e-05 6.0164784e-06 0.00046986822 1.196358e-06 8.293883e-08 1.15250025e-07
0.31157884 1.4112045e-05 4.5739118e-05 3.100308e-05 3.0397816e-06 0.00013148147 0.0014294717 1.2231892e-06 4.792171e-05 5.0902803e-11 1.9866934e-12 0.05999854 0.06279159 0.004748731 0.0006401858 4.8514366e-06 2.3583449e-05 0.006757745 0.4497718 0.0005040357 0.0008047334 1.0804221e-05 0.512446 0.004339251 0.42336693 0.73925894 0.64347154 0.07356583 0.0014024142 9.069421e-26 0.35151088 0.7693274 0.0010960903 6.360855e-05 0.9051965 0.056680817 0.84865284 0.48127183 0.32546806 0.0017161303 1.0905681e-07 0.6011312 0.5048881 0.07095482 0.17660145 0.12133498 0.20439658 0.03495878 0.00017547765 0.0025793093 0.018810568 0.00076173805 1.5634597e-06 0.0004065896 1.3851195e-06 0.00021567782 9.63447e-06 1.5445532e-05 8.768407e-07 8.221312e-05 0.0021775097 0.00014754452 3.0951103e-06 2.0160105e-07 9.2033326e-05 2.2310523e-07 1.1926182e-06 2.0247138e-07 5.175068e-07 1.9655536e-05 4.9768546e-06 2.9476161e-05 0.0046877745 0.00075528416 4.834348e-08 7.354925e-07 6.616577e-07 3.547649e-07 8.507317e-07 3.1875658e-08 1.0493794e-07 4.4143267e-08 1.3821557e-06 5.1428055e-06 1.6607926e-07 7.787204e-09 0.0026431591 2.8533401e-08 4.31137e-08 0.002277368 0.00030673185 0.00033360205 9.706969e-08 0.001419564 0.0017780616 1.2943773e-08 5.289822e-08 0.00015469347 7.797552e-08 9.37772e-11 2.8213683e-11
0.9642696 0.00076874736 0.0037870747 6.0872684e-05 1.5230002e-05 0.009597043 0.009364773 1.6196073e-07 1.0403466e-05 0.28575283 0.46731657 0.014471408 0.23278742 0.067358494 0.0013419734 4.281382e-06 0.0033711542 0.0678292 0.20725214 0.0013170072 0.0011441833 1.0900794e-05 0.45872915 0.08134473 0.6632934 0.46006128 0.09293697 0.013005717 9.2635724e-05 0.35151088 4.2378176e-14 0.79480076 0.9379052 1.4777573e-06 0.22575825 0.052695952 0.28433067 0.7300318 0.8452268 0.08343926 0.0030739952 0.44629782 0.060255855 0.20557517 0.09887788 0.07810965 0.040001955 0.017469881 0.10850359 0.008842769 0.06260132 0.0052691344 0.009833206 0.0113350935 0.19642082 0.000662212 0.0036131833 0.0008521122 0.0011240675 0.00022789593 0.16613686 5.4755197e-05 3.3728615e-05 6.992071e-05 0.0026882195 5.626834e-05 9.363289e-05 7.057073e-05 5.5693523e-05 0.0008443428 4.250964e-05 0.0008837235 0.017243091 0.026603328 0.010570343 4.2420806e-06 9.555347e-06 5.3671203e-05 4.055646e-06 1.0966756e-05 5.696295e-07 2.9169355e-06 2.122558e-05 9.956515e-06 1.5929542e-06 2.0304706e-05 0.0061169155 4.4400164e-07 5.522202e-07 0.019898875 0.0059398417 0.006100083 5.5062e-07 0.008997549 0.027918287 1.252501e-06 8.962213e-07 0.0128180105 1.8457685e-08 3.621899e-08 6.658475e-09
