8.742631e-11 0.9781382 0.98340327 0.98970264 0.9839978 0.97349596 0.97931993 0.97277236 0.9857674 0.9993876 0.9764442 0.9996003 0.99990964 0.98526084 0.93948597 0.9362959 0.9882941 0.8840775 0.9714706 0.8893456 0.9724871 0.91697884 0.99714446 0.9501188 0.89620095 0.97776365 0.69141686 0.9666951 0.99982274 0.9994715 0.96249914 0.40165856 0.9943176 0.8560566 0.9960887 0.97322273 0.99936175 0.8977093 0.94282234 0.9247425 0.95816153 0.95124245 0.9768305 0.7946375 0.93648 0.99325347 0.4774463 0.9321699 0.80165887 0.31114462 0.8801706 0.89291286 0.9041512 0.7223632 0.7542625 0.9115424 0.98935306 0.9622797 0.9687342 0.6457929 0.96977705 0.88472754 0.6052944 0.9503969 0.9658276 0.8860606 0.85074544 0.85385114 0.7275749 0.6183423 0.96741974 0.58827084 0.83704597 0.1368488 0.8715484 0.84424686 0.78156024 0.72181576 0.7805384 0.9667826 0.290461 0.43088946 0.8867866 0.6918436 0.13226625 0.2731282 0.40499753 0.28994343 0.031026665 0.52612406 0.024962774 0.7355681 0.15432777 0.17293666 0.2273026 0.10667599 0.0073605706 0.80007315 0.13789208 0.00049830007 0.004124225
0.9781382 7.3138754e-14 0.967718 0.9132043 0.6916115 0.78665966 0.8467274 0.42547375 0.19685389 0.7058499 0.26919308 0.12065204 0.8805005 0.035696175 0.04116979 0.005813885 0.00046212436 0.0070632407 0.7447777 0.0024868073 0.029045498 0.26472962 0.09739692 0.00047488147 8.7896406e-05 0.18021192 0.017791761 2.7119311e-05 0.010401518 0.010146281 0.11522598 0.012342681 0.05284303 4.038897e-05 0.013480631 0.00083769497 0.0004962149 0.1567253 0.04899626 0.005438798 0.0038177022 0.008279593 4.7385583e-05 0.20754679 0.0007797955 0.016555648 0.003546393 0.0026972436 0.00048251436 9.0017065e-06 0.0042906264 3.61587e-06 0.0026605178 0.0753912 0.00036368673 0.00049982494 0.00043703846 0.014130114 0.0051878993 0.0008757791 9.728603e-07 0.00035767173 0.0006486077 9.538135e-05 0.00010300945 5.5900646e-06 7.964563e-05 9.636515e-05 7.1152506e-05 0.00065996905 0.00059959554 4.3647153e-05 0.00016418406 4.5220368e-06 0.0008897267 1.1332341e-05 6.0413936e-09 0.0013529753 4.9599512e-05 1.1974784e-05 2.0164364e-08 2.454388e-06 5.172106e-06 5.1315892e-05 9.549128e-07 8.44257e-05 3.5423705e-06 0.00013562902 4.924104e-05 2.6468413e-05 2.5471956e-05 1.4854234e-05 2.6046866e-06 0.0004395684 2.7129425e-05 1.780359e-05 4.676255e-06 6.281885e-06 1.582197e-08 3.855484e-08 1.867079e-06
0.98340327 0.967718 1.4899033e-13 0.76672757 0.77821106 0.81499 0.8434725 0.56497633 0.24599151 0.4421738 0.24813265 0.025054019 0.7548608 0.0037436786 0.017823476 0.0012796001 0.00016659951 0.0032254483 0.9004852 0.0011120586 0.015382514 0.37030843 0.01704634 0.00035480846 0.00012039351 0.3007236 0.011445168 5.5962555e-05 0.0041886903 0.004041157 0.2756363 0.0019133134 0.10798779 9.1071e-05 0.02595407 0.0011086876 8.5882806e-05 0.2955388 0.095952995 0.00065563305 0.0034154363 0.024374578 2.5781925e-05 0.3350078 0.00024197888 0.033811405 0.009050144 0.000623242 0.0010241327 5.5237424e-06 0.016325034 1.8794155e-05 0.0097551765 0.23394138 0.00015420091 0.0011532316 0.00084017485 0.1493074 0.020634277 0.010279361 7.450595e-06 0.0006750215 0.0002912277 0.00041809079 0.0004351578 2.6787082e-05 0.00058789545 0.00039688332 0.0015577336 0.0082072625 0.00043885945 6.6743756e-05 0.0012718647 0.00023744279 0.009950512 0.00017342484 7.0659375e-08 0.0040190862 0.0005335459 0.00010362033 4.8362e-07 1.6610935e-05 3.5929374e-05 0.0005897305 1.44545165e-05 0.0013122056 5.4916785e-05 0.00048794164 6.101641e-05 0.00012092871 5.9142243e-05 0.00087932416 1.6091168e-05 0.0014201719 0.00045939538 6.1361985e-05 4.2822663e-05 5.303752e-05 1.2862293e-07 2.7826226e-07 6.292558e-06
0.98970264 0.9132043 0.76672757 5.1677336e-13 0.763918 0.8590765 0.1569925 0.8074774 0.014297083 0.08516741 0.83724463 0.44509763 0.89700174 0.3569788 0.6942523 0.19890714 0.002877596 0.27570972 0.3811197 0.1399414 0.000697562 0.064750254 0.007068547 0.07275071 0.0017458047 0.66985625 0.0008379911 0.000736308 0.009431968 0.007651896 0.5463593 0.0012781487 0.50289905 0.0004557423 0.32235628 0.019542402 0.0030495801 0.052525066 0.016240273 0.0005543927 0.0012827488 0.116664365 0.0002819012 0.12081856 0.0040490595 0.0017101342 0.001091726 0.0033075428 0.006334933 7.4193646e-05 0.05985744 4.833088e-05 0.026654283 0.007568864 4.6134843e-05 1.553255e-05 0.011182509 0.07502228 0.049162958 0.0058006267 0.00022982423 0.00018901221 0.001298671 0.0014995392 0.0019181962 0.00016117223 0.001709064 1.6429723e-05 0.004927418 0.009036155 0.0030540451 6.776779e-07 0.0032448405 0.00022612525 0.015096007 0.00035390526 7.7802895e-08 7.252169e-05 0.001608955 0.0015434218 6.8612076e-07 8.820365e-05 0.00070932956 0.00056600256 6.9942587e-07 0.0022472797 0.00018342241 8.442421e-06 6.7136975e-06 0.00048752094 0.00020399626 0.0024244399 6.7363784e-05 0.00054618664 0.00035656433 0.00012482048 4.1636453e-05 3.9704687e-06 6.4221926e-09 1.0282531e-06 8.408257e-06
0.9839978 0.6916115 0.77821106 0.763918 1.9391055e-13 0.97573996 0.15923968 0.84788644 0.014800268 0.050302245 0.6878345 0.054068197 0.5559204 0.010507695 0.03264852 0.0017595199 0.00016163925 0.0036980826 0.38360447 0.000989292 0.00039006455 0.02892054 0.0020243598 0.00026274828 3.9789084e-05 0.8141294 0.0007928754 2.067087e-05 0.004401324 0.0025850271 0.81577766 0.0005467927 0.45214647 5.1888022e-05 0.15278974 0.0017031017 7.443398e-05 0.07529433 0.025577765 0.00024729353 0.000987438 0.11963229 7.1648086e-05 0.3469525 0.00020814655 0.0030916722 0.0026169533 0.00061762304 0.004052587 1.2329633e-05 0.08083908 4.1619103e-05 0.04424214 0.05690562 7.7143006e-05 2.810447e-05 0.003170862 0.32562077 0.052464366 0.03772946 2.7835784e-05 0.000106036045 0.00035169642 0.00082296977 0.0013804552 4.503795e-05 0.0012057977 7.56759e-05 0.016994502 0.046499085 0.0003122338 1.0474348e-05 0.002979421 0.00284557 0.052735053 0.0002749613 7.0947436e-08 0.0010688358 0.0013636681 0.0006420151 1.4792943e-06 4.2083564e-05 6.571927e-05 0.0005404242 2.6982334e-06 0.0040963585 0.00014945239 3.1199757e-05 3.9507806e-05 0.0004845893 0.00035916423 0.004416551 4.8170696e-05 0.00054756866 0.0016035797 0.00012581996 0.00015059757 3.700284e-06 2.130407e-08 1.4873773e-06 1.436848e-05
0.97349596 0.78665966 0.81499 0.8590765 0.97573996 9.8912564e-14 0.18585208 0.89575994 0.0132014975 0.05176319 0.850576 0.12302741 0.65297633 0.03755274 0.08175756 0.0043246374 0.0003745914 0.010695161 0.37472102 0.0023726204 0.00021238266 0.027785884 0.0020811814 0.00072599645 6.1489285e-05 0.79872966 0.00089644763 3.334088e-05 0.0034743785 0.0020966926 0.737394 0.0005530438 0.37056598 3.131151e-05 0.16490051 0.0019247627 0.0001770534 0.0619359 0.018966109 0.00013482687 0.000793515 0.11542651 5.0356568e-05 0.38137388 0.00035792336 0.0014951503 0.0017791674 0.000522903 0.00570045 6.845865e-06 0.061606668 1.6969829e-05 0.03121454 0.032433923 5.2085936e-05 1.3226163e-05 0.0033372645 0.20971449 0.049587514 0.025012579 1.6177397e-05 4.6933907e-05 0.0003139441 0.0012048045 0.0014608704 5.1820465e-05 0.0015320892 2.6146854e-05 0.013094548 0.025637064 0.00019625782 4.684275e-06 0.003356879 0.0018020713 0.0395117 0.00016593939 6.3485615e-08 0.00019539167 0.00060840906 0.0004519803 3.833989e-07 3.0449624e-05 5.9781833e-05 0.00038353933 1.1251152e-06 0.0034205215 5.26554e-05 4.4371996e-06 3.192588e-05 0.00034393425 0.00037835064 0.0023405883 1.8636021e-05 0.00064085773 0.0013795387 4.7166246e-05 0.00014842133 1.9726886e-06 7.642137e-09 1.7264207e-07 1.1376902e-05
0.97931993 0.8467274 0.8434725 0.1569925 0.15923968 0.18585208 1.1901161e-12 0.042877488 0.9161819 0.9509151 0.017501924 0.009021836 0.4674744 0.0016108664 0.0013161905 0.00021010722 6.449137e-05 0.00033576862 0.89934564 0.00014384571 0.7775865 0.8983567 0.21770349 2.4304514e-05 9.707293e-06 0.029721562 0.63488257 2.2755733e-06 0.0051105646 0.00910972 0.02050715 0.03310634 0.004183603 6.085512e-06 0.00085650035 3.3389817e-05 6.3224456e-05 0.6447437 0.5100379 0.004684665 0.015240589 0.0010134046 1.5897261e-06 0.12758483 0.00010734542 0.22841352 0.044029914 0.001184472 0.00015620723 5.574145e-07 0.0014119449 8.5365343e-07 0.00087025744 0.21823053 0.0004723843 0.0072022625 7.827971e-05 0.005026956 0.0017420583 0.00025981644 2.4132862e-07 0.0029770425 0.00020166964 1.529133e-05 6.0872935e-06 1.1699368e-06 2.1625541e-05 0.00073608686 1.3592288e-05 9.095877e-05 0.00017759624 9.4400384e-05 3.229614e-05 1.9107904e-06 0.0003257533 2.3443154e-06 5.378474e-09 0.013465597 2.4338437e-06 1.4192113e-06 6.285438e-08 5.3625104e-07 7.584493e-06 5.342799e-06 7.5661395e-05 1.1584253e-05 1.0513482e-06 0.0054041105 0.00013050334 3.8023552e-06 3.5685707e-06 1.3397316e-05 2.641639e-07 0.0012021929 1.3270586e-05 3.5628882e-06 1.2180813e-06 0.0015403976 3.792872e-07 6.1142282e-09 2.7734322e-07
0.97277236 0.42547375 0.56497633 0.8074774 0.84788644 0.89575994 0.042877488 4.983204e-12 0.0060475543 0.030466842 0.9579795 0.13616122 0.42798528 0.011553677 0.11608567 0.0017896229 0.001018805 0.007905756 0.15511405 0.0020238983 9.6621894e-05 0.011268634 0.0013328266 0.00055370474 6.0109756e-05 0.9150189 0.0005418106 1.1569846e-05 0.0027223194 0.0010241941 0.90682226 0.00026070653 0.7205299 9.545051e-05 0.2955257 0.0041804677 4.7766665e-05 0.03099693 0.008631817 3.536273e-05 0.00022370725 0.27596462 7.719043e-06 0.4013263 5.4089003e-05 0.00077016716 0.0006089254 0.00013301891 0.01879477 6.289264e-06 0.10535785 1.8870574e-05 0.09122045 0.015745882 1.3472437e-05 3.2051364e-06 0.009891144 0.31697908 0.14667767 0.052879464 8.563744e-05 2.9554245e-05 0.00011508666 0.0042877896 0.004257165 0.0003178957 0.003632985 2.6574113e-05 0.02019803 0.0347649 4.9452763e-05 3.9091523e-07 0.012173992 0.006885662 0.08135222 0.00035213828 5.6535534e-08 0.00019184631 0.003410715 0.00094153016 4.1970475e-06 4.7361777e-05 0.00014982655 0.001309479 1.4689754e-06 0.009601903 6.5315195e-05 6.08815e-07 2.8258308e-05 0.00039984245 0.00043343232 0.011321022 3.0375633e-05 0.00016087692 0.0031482303 8.977012e-05 0.00018201183 6.4888917e-07 7.627938e-09 4.6581852e-07 7.622394e-06
0.9857674 0.19685389 0.24599151 0.014297083 0.014800268 0.0132014975 0.9161819 0.0060475543 2.8919975e-14 0.8843433 0.0043970384 0.0016361683 0.20518072 0.000169964 0.00011313084 3.6680496e-05 1.0773766e-05 3.4832316e-05 0.751785 3.0729152e-05 0.90978646 0.92252624 0.08927368 6.8319987e-06 1.3495035e-06 0.009804515 0.6903588 6.273979e-07 0.0020143937 0.00656571 0.006402313 0.018626733 0.00081652997 1.1671854e-06 0.00026464465 1.1763907e-05 4.529352e-06 0.8347415 0.77713895 0.0014909968 0.023081124 0.00020000008 6.0723345e-08 0.040276833 4.699224e-06 0.562141 0.15993866 0.0005233462 5.4507356e-05 4.5856233e-08 0.00074274786 4.2890343e-07 0.00037458658 0.2694386 0.00041588853 0.022883616 2.1530988e-05 0.007100292 0.0022877906 0.00015197178 2.386285e-07 0.019914623 6.1358737e-06 6.776369e-06 6.247085e-06 8.5201697e-07 9.180134e-06 0.006617584 2.0880192e-05 8.657406e-05 4.0826304e-05 4.589572e-05 7.906962e-05 3.4856519e-06 0.00022659953 5.816608e-06 2.8518585e-09 0.088279605 8.047184e-06 4.5005636e-06 7.921992e-08 3.72115e-07 1.009021e-06 5.1888587e-06 9.560374e-05 1.1225005e-05 1.9916106e-06 0.011932736 0.00033548614 3.4193713e-06 2.0236241e-06 2.0483423e-05 5.669846e-07 0.0068771476 9.369395e-06 4.2704373e-06 3.6727045e-07 0.009368199 6.3638765e-07 1.1468421e-08 1.684093e-07
0.9993876 0.7058499 0.4421738 0.08516741 0.050302245 0.05176319 0.9509151 0.030466842 0.8843433 7.5404787e-13 0.026078168 0.0076357094 0.39941573 0.008903757 0.002821509 0.0022773538 0.0001711122 0.0015882906 0.5963782 0.0015992126 0.7431309 0.5618846 0.48088944 0.00079654856 0.00032227332 0.025273254 0.4569523 0.00012733175 0.0140599115 0.06830055 0.01427097 0.06758153 0.0041635185 9.345991e-05 0.00096518476 0.00021947366 0.00012978137 0.29670852 0.42526096 0.03535715 0.06363361 0.0012036843 9.065048e-05 0.021423012 0.001085204 0.39362797 0.022161087 0.0068406444 0.00018743025 1.7823839e-05 0.002678729 4.137282e-06 0.00068806176 0.09944543 0.0015354462 0.021306233 0.00025183885 0.0051020402 0.0023299074 0.00021113642 8.082525e-06 0.010580393 0.00055423466 7.963097e-05 0.0001657175 1.9956557e-05 0.0001454177 0.002977396 3.187249e-05 8.041703e-05 0.002018174 0.0003568858 0.00020177447 9.540441e-06 0.0003031644 6.611456e-05 8.178574e-09 0.036345795 9.214548e-05 4.1800253e-05 7.866624e-07 9.81494e-06 1.646624e-05 2.0153573e-05 6.14571e-05 1.2857682e-05 7.07878e-06 0.007971099 0.0001889565 2.2348473e-05 1.0137419e-05 3.5777084e-05 1.3375785e-06 0.00045513184 9.318904e-06 5.4330253e-06 6.441895e-07 0.0043638004 9.357799e-07 2.1506818e-08 3.8114803e-07
0.9764442 0.26919308 0.24813265 0.83724463 0.6878345 0.850576 0.017501924 0.9579795 0.0043970384 0.026078168 1.1826392e-13 0.49890208 0.5035421 0.1294963 0.9000004 0.023582978 0.0071796146 0.14373067 0.05341914 0.014924922 2.2536471e-05 0.0043332963 0.0006954385 0.005872782 0.0012811173 0.87130374 9.827749e-05 0.0003151915 0.004124923 0.0010959137 0.78846717 0.0001485546 0.88624525 0.00045590464 0.7019657 0.03712687 0.0005948458 0.011164947 0.002531554 3.4777513e-05 6.7309076e-05 0.45530626 3.1680447e-05 0.4280241 0.00047364828 0.00013453749 8.584088e-05 0.00025800607 0.07357688 8.736593e-06 0.091825254 8.771753e-05 0.096759625 0.0020666337 9.675827e-07 7.761762e-08 0.03923351 0.17024584 0.19355078 0.024572106 0.00070208666 2.482188e-06 0.00047173354 0.01766244 0.024260992 0.00079996977 0.018979121 1.534662e-06 0.021025665 0.017700851 0.00014439369 2.7790252e-08 0.034219336 0.004153158 0.085497774 0.0006687753 1.401426e-07 1.7038966e-06 0.009596735 0.0066394913 1.446332e-06 0.00017078077 0.0021172361 0.0041767936 1.04342774e-07 0.012749713 0.00024582676 1.4113236e-08 1.4591918e-06 0.0018942608 0.0005159403 0.014205304 4.428966e-05 4.8246693e-05 0.0019722749 6.160121e-05 0.00012802384 1.5965884e-07 6.458291e-10 4.4888247e-07 5.916765e-06
0.9996003 0.12065204 0.025054019 0.44509763 0.054068197 0.12302741 0.009021836 0.13616122 0.0016361683 0.0076357094 0.49890208 1.0289975e-12 0.4236599 0.8806343 0.8622928 0.8683492 0.61217076 0.75602573 0.015777612 0.7629951 0.00012834229 0.0017797936 0.0052752984 0.6567436 0.21338516 0.07353376 5.0423514e-05 0.3181992 0.026709085 0.009912442 0.04313515 0.00040719664 0.1226885 0.020681866 0.26093617 0.15410972 0.015649203 0.0028057338 0.0011123526 0.0004980286 0.00072195363 0.029818892 0.008658303 0.0010934415 0.022725824 0.0005208917 4.7170026e-05 0.0051870826 0.0034319756 0.00047562725 0.0018828564 0.0024187472 0.005321792 4.989432e-05 4.3174743e-05 3.4667328e-06 0.046249375 0.0003533498 0.028984657 0.00011616088 0.016136141 1.1786299e-05 0.0026041516 0.010310922 0.011935127 0.006428612 0.0034532687 2.8915651e-06 0.00040598665 1.3347656e-05 0.029308593 3.5091847e-07 0.0042413385 2.21081e-05 0.0030458642 0.0031482961 3.0165531e-05 1.1064298e-05 0.0026621537 0.009334675 0.00010400743 0.00028965942 0.006382606 0.00081057835 3.941285e-07 0.0005227065 0.00086521974 4.2385847e-07 9.883985e-07 0.00035813983 4.6588477e-05 0.0014819307 0.0006852485 3.0632316e-06 2.657263e-06 0.00022434477 5.7664455e-08 1.5397843e-06 1.9492736e-09 2.6524726e-06 2.107739e-06
0.99990964 0.8805005 0.7548608 0.89700174 0.5559204 0.65297633 0.4674744 0.42798528 0.20518072 0.39941573 0.5035421 0.4236599 1.6846092e-12 0.45221865 0.3878321 0.42144495 0.106995486 0.17840153 0.18612036 0.14571612 0.1021203 0.087544784 0.16887085 0.12524194 0.009912787 0.09949215 0.008563516 0.008506442 0.037328776 0.032359246 0.081680514 0.0023090832 0.059467375 0.004311373 0.04362063 0.016364845 0.009121116 0.03297649 0.029425723 0.004085571 0.017673602 0.014326742 0.0030371854 0.007641537 0.039893683 0.042617124 0.0023210396 0.00779513 0.0018408889 0.00037985985 0.008294114 0.00019068694 0.0029686901 0.0039028055 0.00033988047 0.00351978 0.00874593 0.008691738 0.0076772096 0.0007208591 0.0007918153 0.002890585 0.0020543602 0.00088910916 0.0014668958 0.0005204649 0.00056361046 0.002519712 0.00043127502 0.00033121245 0.023043584 3.641056e-05 0.00076552643 4.307185e-05 0.0008968447 0.0008427717 2.0745688e-06 0.002590821 0.0003999422 0.001011599 2.306309e-06 4.208537e-05 0.00012999616 0.0001594427 2.551229e-05 0.0002244614 6.456226e-05 0.0014150764 3.8804814e-05 0.00010697517 6.648742e-05 7.3461284e-05 2.2653348e-05 4.2237556e-05 5.6857743e-06 2.0611677e-05 2.5361717e-07 7.4539503e-06 4.041139e-07 9.520726e-08 1.9405184e-06
0.98526084 0.035696175 0.0037436786 0.3569788 0.010507695 0.03755274 0.0016108664 0.011553677 0.000169964 0.008903757 0.1294963 0.8806343 0.45221865 3.4891714e-15 0.34788358 0.9587633 0.96105593 0.44825965 0.00027769193 0.6249676 5.063929e-06 0.00010966658 0.016507814 0.11936684 0.029480107 0.00046954284 2.0469655e-05 0.09304736 0.056611646 0.0142135825 0.000112271 0.0024767094 0.0006737716 0.0009905793 0.0062612337 0.0037797105 0.04881084 2.619099e-06 3.3504152e-06 0.0025285971 0.00021435604 2.6555012e-05 0.0011566117 0.0014965925 0.023279926 4.695909e-06 1.6646601e-07 0.014803721 4.148837e-05 7.574182e-05 3.2219907e-07 5.5380297e-05 5.5093697e-06 3.536016e-07 5.057922e-05 8.701818e-08 0.0001342984 1.8091777e-08 1.8379722e-05 5.552257e-08 1.0125235e-05 1.1931694e-07 0.0016444906 1.4940015e-05 7.249368e-07 1.01074065e-05 2.3967596e-06 4.0551047e-08 4.7883262e-08 2.5522193e-09 0.008331652 3.6256314e-08 9.82542e-08 4.3170623e-09 2.6198668e-07 8.570922e-06 1.8194147e-07 2.6768413e-07 6.1317e-07 1.1277051e-06 2.7977565e-08 2.0236753e-07 3.6834874e-05 4.3488268e-07 3.996361e-10 2.268634e-07 1.940399e-07 3.7792014e-09 1.0086774e-08 2.6237325e-07 9.302557e-08 1.4155615e-06 1.5582461e-07 2.4676214e-09 9.104928e-09 1.324852e-07 3.3562847e-11 1.9308711e-06 4.4316655e-11 7.293924e-11 9.1132973e-10
0.93948597 0.04116979 0.017823476 0.6942523 0.03264852 0.08175756 0.0013161905 0.11608567 0.00011313084 0.002821509 0.9000004 0.8622928 0.3878321 0.34788358 1.1668056e-12 0.6532546 0.15030111 0.99042434 0.002739391 0.6449619 2.2900115e-06 0.0005946146 0.001255626 0.19979328 0.0145016285 0.08742475 2.8221855e-06 0.0008325881 0.0042413874 0.0011174013 0.07259297 0.00014087862 0.40185273 0.0051968866 0.7952008 0.4340619 0.00041731523 0.00043319532 0.00029156648 5.10728e-05 2.9271112e-05 0.19862737 0.0001271558 0.019047536 0.00025080366 3.0801268e-05 0.00024449127 0.0007211585 0.08555385 0.00016694766 0.008592452 0.0014110276 0.023927515 0.0001072068 5.287704e-06 5.287613e-08 0.29763356 0.0014017972 0.15361272 0.00044222784 0.041481815 3.205543e-06 0.00036997226 0.0786568 0.06684207 0.019764654 0.053089555 1.1460829e-07 0.0068433885 7.4826065e-05 0.0007267082 2.8035325e-07 0.09030503 9.6360454e-05 0.046422973 0.015993698 0.0001343804 1.7813583e-06 0.060193304 0.087288186 0.00017996083 0.0055103926 0.054439396 0.014379502 1.4968124e-07 0.015219537 0.008655359 3.3204415e-08 6.4389104e-07 0.005687993 0.00017792564 0.013522491 0.0035903277 5.6827572e-05 0.00014885126 0.002566075 8.054478e-06 9.786848e-09 1.2310857e-09 2.9946084e-05 2.205068e-05
0.9362959 0.005813885 0.0012796001 0.19890714 0.0017595199 0.0043246374 0.00021010722 0.0017896229 3.6680496e-05 0.0022773538 0.023582978 0.8683492 0.42144495 0.9587633 0.6532546 2.1906733e-10 0.9192907 0.8310082 0.00015571491 0.9640962 1.4166122e-06 2.8004115e-05 0.00111805 0.4879347 0.1743973 0.0017764905 2.0761214e-05 0.24421732 0.012849023 0.0026634093 0.0009323802 0.00034166969 0.0112753045 0.060344264 0.10479602 0.41179767 0.011595202 5.423782e-05 0.00022855803 0.0002623922 1.8899515e-05 0.002683481 0.00503621 0.001259868 0.011286359 1.4360193e-05 0.00012856354 0.0036452224 0.0008107345 0.00067548006 0.00016972345 0.0120801795 0.0008185707 6.786141e-06 8.459919e-06 2.592585e-08 0.017640715 2.314948e-05 0.0072800643 6.3977564e-06 0.022102587 4.474537e-07 0.0028721248 0.007973714 0.00368635 0.0065377085 0.0020815718 4.9739363e-08 3.6470752e-05 5.7182353e-07 0.012821654 1.0496162e-06 0.0024326849 4.3031034e-07 0.0010632762 0.0028735125 0.0011272957 7.6918207e-07 0.0048951986 0.015455642 0.00040509808 0.0002610623 0.003993212 0.0002996713 9.7253334e-08 0.0001382562 0.0010651438 9.430622e-10 2.219444e-07 6.5388245e-05 1.522935e-05 9.345448e-05 0.0017543014 1.1718608e-06 1.2934389e-07 0.00030593752 2.0969143e-08 4.397996e-07 1.5271859e-09 3.630147e-06 1.0985489e-06
0.9882941 0.00046212436 0.00016659951 0.002877596 0.00016163925 0.0003745914 6.449137e-05 0.001018805 1.0773766e-05 0.0001711122 0.0071796146 0.61217076 0.106995486 0.96105593 0.15030111 0.9192907 6.1894283e-13 0.3580862 0.0002642326 0.7851831 1.0006457e-06 8.350787e-05 0.00022602735 0.68412614 0.5816072 0.0013267292 2.8654479e-06 0.9269466 0.10718833 0.017032487 0.0013658064 9.8266624e-05 0.0038706744 0.18769911 0.029962406 0.18739119 0.35593945 2.7771428e-05 1.693439e-05 6.48818e-05 5.5281722e-05 0.0010666564 0.3100395 0.00016015302 0.16262339 9.218666e-06 2.3042091e-06 0.029840741 0.00047103447 0.0032159877 6.0994713e-05 0.030320924 0.0011154955 2.903378e-06 2.1992446e-05 1.2490267e-07 0.02598276 6.3402455e-05 0.006796543 5.6795798e-06 0.043760225 4.4427273e-07 0.013695505 0.00695893 0.006901431 0.010274985 0.002251057 7.0283164e-08 2.5912123e-05 1.1222164e-06 0.123871356 1.7343153e-07 0.0015721325 8.849459e-07 0.00042446709 0.0036323722 0.004516671 5.132217e-08 0.0019553616 0.010953359 0.0008106943 0.00011729411 0.00790114 9.1823356e-05 3.3347092e-08 2.5162264e-05 9.990771e-05 3.845274e-09 5.2557766e-07 3.6298923e-05 1.0845737e-06 0.00016497858 0.0004964102 7.066713e-06 9.331166e-08 0.000120925935 1.9851102e-08 7.573e-08 5.783888e-10 3.2889056e-07 5.3808293e-07
0.8840775 0.0070632407 0.0032254483 0.27570972 0.0036980826 0.010695161 0.00033576862 0.007905756 3.4832316e-05 0.0015882906 0.14373067 0.75602573 0.17840153 0.44825965 0.99042434 0.8310082 0.3580862 7.4325504e-11 0.0003953743 0.965434 2.7524473e-07 7.675078e-05 0.00052488025 0.65257895 0.10333526 0.013544657 3.3678843e-06 0.008264111 0.004096687 0.0010468358 0.0064198724 9.163903e-05 0.104986235 0.017043974 0.51406467 0.61534595 0.0016780962 5.4520715e-05 0.00011763656 6.019253e-05 5.4521465e-06 0.04408165 0.0007744475 0.0038370288 0.00086149824 1.0524805e-05 4.8459093e-05 0.0010852971 0.023314575 0.00033967503 0.002367982 0.004388076 0.0044586468 1.5991318e-05 4.982473e-06 4.3920942e-09 0.18163027 0.00031165578 0.07621034 0.00012138348 0.055865083 2.9427065e-07 0.0007231599 0.053466797 0.04756371 0.019633774 0.03444553 7.1753314e-09 0.0009666222 1.6987315e-05 0.0011080973 2.0116097e-06 0.052792057 1.1809229e-05 0.013274323 0.017508635 0.0003130269 4.2027528e-07 0.048729632 0.10183546 0.0001846663 0.0034864387 0.03207262 0.008345183 3.6293887e-08 0.006855986 0.005759733 8.790075e-09 9.1358316e-07 0.0034865667 5.3046315e-05 0.005001681 0.007134733 2.9367435e-05 3.3049128e-05 0.0020797602 4.6652517e-06 2.4272632e-08 8.782969e-09 2.7933593e-05 7.1785043e-06
0.9714706 0.7447777 0.9004852 0.3811197 0.38360447 0.37472102 0.89934564 0.15511405 0.751785 0.5963782 0.05341914 0.015777612 0.18612036 0.00027769193 0.002739391 0.00015571491 0.0002642326 0.0003953743 2.9749371e-12 0.00012520234 0.0062291017 0.88337934 0.015674647 2.6260659e-05 7.669104e-06 0.05834673 0.17035861 1.6292439e-06 0.0037995644 0.004476023 0.038759712 0.0024597486 0.0061774473 5.781616e-06 0.00018231534 1.0998261e-05 7.13476e-05 0.8967742 0.38131705 0.0011319764 0.0013666403 0.0033856574 1.4209128e-07 0.7639451 9.406245e-06 0.015966427 0.023596887 0.0010044042 0.0009278745 1.1565693e-06 0.011024707 2.901847e-06 0.0026761256 0.92594343 0.00012849452 0.00020595732 7.995663e-06 0.10416989 0.005976773 0.0074876393 5.4301186e-08 0.00017152866 5.407582e-06 2.028235e-05 9.621014e-07 2.4106423e-06 8.007147e-06 0.00016733707 0.0001828424 0.0033379823 9.2108885e-06 1.812242e-05 0.00013042171 6.7686604e-05 0.0005096644 3.1520317e-06 3.4687713e-07 0.0024758736 1.45063295e-05 2.1986689e-06 1.8295079e-07 3.090332e-06 1.1317712e-06 5.8322553e-06 4.9524056e-06 6.093332e-05 1.340882e-05 4.2983643e-06 0.00013697895 1.0651107e-06 4.8153493e-06 3.9625743e-06 2.8581608e-06 0.05662123 0.00016722541 8.539348e-06 2.7966778e-05 6.4801105e-05 4.821767e-07 5.0203244e-08 2.902269e-07
0.8893456 0.0024868073 0.0011120586 0.1399414 0.000989292 0.0023726204 0.00014384571 0.0020238983 3.0729152e-05 0.0015992126 0.014924922 0.7629951 0.14571612 0.6249676 0.6449619 0.9640962 0.7851831 0.965434 0.00012520234 2.9028e-11 2.6590106e-07 1.15525245e-05 0.00034655113 0.9560279 0.4005028 0.0013227931 4.878683e-07 0.201936 0.005175639 0.0009969905 0.000665899 0.00011802683 0.009563425 0.061100576 0.11980657 0.4503677 0.00909132 1.1462645e-05 2.2340204e-05 6.4715256e-05 4.9733057e-06 0.0035758868 0.0028788105 0.0005526444 0.0046531353 6.5923873e-06 2.465601e-05 0.001917117 0.0017117244 0.00083978946 6.925317e-05 0.014003362 0.0004909411 5.441272e-07 3.2479843e-06 8.1674285e-09 0.043328308 6.524053e-06 0.009541247 3.7619545e-06 0.04189412 7.910638e-08 0.0024148657 0.011990282 0.0066339974 0.009414152 0.003267439 5.3381854e-09 7.803776e-05 9.304432e-07 0.005822005 7.0748285e-07 0.0034136076 6.325201e-07 0.0008407752 0.003713208 0.0013758027 5.187151e-08 0.006365822 0.02610139 0.00061608414 0.0007500836 0.005668452 0.0004107 1.0231831e-08 0.00020308666 0.0018231448 2.7436336e-11 2.0855195e-07 0.0002332238 4.3713095e-05 5.9884664e-05 0.0037066804 9.744274e-06 9.0829775e-07 0.0013698196 6.0792644e-08 6.258343e-08 2.4254663e-09 4.1917833e-06 1.7250736e-06
0.9724871 0.029045498 0.015382514 0.000697562 0.00039006455 0.00021238266 0.7775865 9.6621894e-05 0.90978646 0.7431309 2.2536471e-05 0.00012834229 0.1021203 5.063929e-06 2.2900115e-06 1.4166122e-06 1.0006457e-06 2.7524473e-07 0.0062291017 2.6590106e-07 5.3789784e-16 0.017583616 0.47616065 1.4886658e-08 8.35077e-09 6.4900896e-06 0.992262 1.7464413e-09 0.015510822 0.034388773 8.3625455e-06 0.13784222 5.863209e-07 9.423021e-09 7.510194e-09 7.7028574e-08 2.8819586e-05 0.24071051 0.58479303 0.028124403 0.04109794 2.3469514e-07 9.265789e-09 0.0028255668 1.5783775e-07 0.6529487 0.08063882 0.008705447 3.8192528e-07 1.4494872e-08 1.5573993e-05 1.7217118e-07 7.755932e-06 0.0453747 0.0007150896 0.07130496 1.0175863e-07 3.461716e-05 1.6618938e-05 1.5034096e-06 1.2066947e-08 0.040564988 6.72392e-07 1.16336416e-07 4.7527486e-08 3.4662216e-07 1.8879717e-07 0.014594397 9.267301e-07 1.7752049e-05 2.3353616e-07 0.0001352307 8.902439e-07 4.476291e-07 8.1219275e-07 4.2056476e-07 2.533068e-09 0.102968864 6.66767e-07 9.460483e-08 1.05932925e-08 8.822851e-08 4.548261e-09 3.412325e-08 0.00020417142 3.5408584e-07 4.1974977e-07 0.025652502 0.0015184154 2.538008e-07 1.2602206e-06 2.2000667e-07 1.7704859e-07 0.0005740444 9.874826e-07 2.3207083e-07 1.0290644e-08 0.048463795 9.418686e-06 8.1911217e-10 1.087819e-08
0.91697884 0.26472962 0.37030843 0.064750254 0.02892054 0.027785884 0.8983567 0.011268634 0.92252624 0.5618846 0.0043332963 0.0017797936 0.087544784 0.00010966658 0.0005946146 2.8004115e-05 8.350787e-05 7.675078e-05 0.88337934 1.15525245e-05 0.017583616 1.5511665e-14 0.035803672 1.3944343e-06 1.5643993e-06 0.002279468 0.96268773 3.6260067e-07 0.003772776 0.004820206 0.0011843777 0.0047825035 0.0001263012 5.141575e-06 3.4666928e-06 1.4577174e-06 1.10549845e-05 0.8690165 0.7935769 0.0013122843 0.0024980386 5.2596773e-05 1.1732173e-08 0.052133262 1.5162802e-07 0.069090866 0.11756204 0.00089404546 2.451242e-06 1.1897771e-06 0.00011883914 1.05459634e-07 3.9461374e-05 0.46252048 0.00019705432 0.0045735915 8.076607e-08 0.0038358893 0.00035491234 0.00042656795 4.210879e-08 0.005783533 6.185254e-08 6.558065e-07 1.1960962e-07 9.804252e-07 7.977789e-07 0.0015259234 2.07914e-06 0.00019236516 5.747913e-07 7.442531e-05 6.460072e-06 1.3401105e-06 3.0079811e-05 4.675998e-07 5.3629368e-08 0.017406894 8.938451e-07 5.950434e-08 4.593009e-09 1.7301581e-06 4.5347542e-10 3.5716482e-08 1.9650006e-05 2.8399035e-07 8.776347e-07 0.00021031368 0.0008225386 1.476957e-08 4.124551e-07 9.120884e-09 2.2379682e-08 0.025921853 2.9148373e-07 1.9045437e-07 1.6788286e-07 0.00019433482 4.8087475e-07 9.5324415e-09 1.0685891e-08
0.99714446 0.09739692 0.01704634 0.007068547 0.0020243598 0.0020811814 0.21770349 0.0013328266 0.08927368 0.48088944 0.0006954385 0.0052752984 0.16887085 0.016507814 0.001255626 0.00111805 0.00022602735 0.00052488025 0.015674647 0.00034655113 0.47616065 0.035803672 5.949551e-11 0.0001447726 4.0205734e-05 0.0024294055 0.22884634 5.855699e-05 0.081918664 0.5333617 0.0009014443 0.9625362 0.0008838179 1.3182819e-05 0.00027450282 0.00011430981 5.7560814e-05 0.019490743 0.17363395 0.16016242 0.9268811 0.000485193 0.00018217039 0.0011231074 0.0002854568 0.5456663 0.0062911487 0.03468656 0.00042950065 1.3495609e-05 0.0007044119 1.4585999e-05 0.00025103625 0.008309379 0.3780508 0.14404237 0.0005961807 0.012217798 0.0022501266 0.00010601006 0.00010384925 0.099817984 0.000104675026 0.00038927025 0.0004661388 4.8414146e-05 0.00015508018 0.1130906 5.0112823e-05 0.00013664899 0.0006103801 0.07367213 0.00014618329 1.1078319e-05 0.00046988588 0.0001731401 8.113218e-07 0.0021947066 0.0001107672 0.00032369423 2.0760353e-06 2.8880263e-06 5.3919513e-05 2.3469716e-05 0.013252308 6.604486e-05 1.3180003e-05 0.09945266 0.00013770563 6.6155546e-05 2.4365856e-05 0.00042708346 8.5895535e-06 0.00065229484 6.961492e-05 4.47099e-06 1.9902464e-07 0.22268564 0.011105431 9.985778e-09 1.2037667e-07
0.9501188 0.00047488147 0.00035480846 0.07275071 0.00026274828 0.00072599645 2.4304514e-05 0.00055370474 6.8319987e-06 0.00079654856 0.005872782 0.6567436 0.12524194 0.11936684 0.19979328 0.4879347 0.68412614 0.65257895 2.6260659e-05 0.9560279 1.4886658e-08 1.3944343e-06 0.0001447726 1.5105435e-12 0.989513 0.00044497327 1.2589035e-07 0.18403257 0.010241522 0.0011928822 0.00026839183 1.4897503e-05 0.008276518 0.18176335 0.23427191 0.84992456 0.0067473673 1.0140827e-06 5.121276e-06 2.2842434e-05 7.914596e-07 0.004453093 0.0020841402 0.0007316518 0.0011955142 7.713124e-07 1.451415e-05 0.0017296395 0.012289815 0.0013435753 0.00013787489 0.07039364 0.001252768 3.373865e-07 1.3613089e-06 8.1997503e-10 0.2797631 2.6559558e-06 0.051968437 1.4152079e-06 0.41660213 3.2563612e-08 0.0012030622 0.07381836 0.045868326 0.175071 0.019413741 2.5289548e-09 3.960759e-05 3.7783983e-07 0.0050215297 1.659411e-06 0.025367325 3.4054995e-07 0.0017290382 0.17887494 0.040206227 6.7311055e-09 0.05640822 0.29930493 0.008430124 0.005751952 0.13931394 0.0016628203 1.0661583e-08 0.00093864906 0.008242088 2.317919e-11 1.366356e-07 0.0013193196 3.789652e-06 0.00088973227 0.016198177 1.5518033e-06 1.5490309e-06 0.0062982677 4.3171383e-08 1.3491881e-08 9.889919e-10 9.3654735e-06 6.3860796e-07
0.89620095 8.7896406e-05 0.00012039351 0.0017458047 3.9789084e-05 6.1489285e-05 9.707293e-06 6.0109756e-05 1.3495035e-06 0.00032227332 0.0012811173 0.21338516 0.009912787 0.029480107 0.0145016285 0.1743973 0.5816072 0.10333526 7.669104e-06 0.4005028 8.35077e-09 1.5643993e-06 4.0205734e-05 0.989513 2.848169e-12 0.0001563931 7.006459e-08 0.97254217 0.0041267034 0.0005088306 4.0935658e-05 8.803655e-06 0.00077576376 0.92554253 0.024125943 0.8086382 0.009042923 1.4487175e-06 1.0093069e-06 2.5554818e-06 2.0574646e-06 0.0003681856 0.015931437 0.00017948574 0.005679399 1.1287607e-06 2.2186145e-05 0.0015809144 0.0044264663 0.0089007 2.223164e-05 0.17987409 0.00028866885 6.541546e-08 4.3944137e-06 6.8562103e-09 0.16315576 1.4891898e-06 0.012530506 1.3780822e-06 0.4038529 4.567493e-08 0.0022003492 0.02991553 0.007192683 0.13527083 0.0023136507 3.822778e-10 6.2922877e-06 1.13252966e-07 0.013633431 9.965078e-07 0.0028943422 1.0065697e-07 9.797299e-05 0.09128449 0.09786555 6.4642838e-09 0.005377034 0.08920622 0.013643362 0.00088035665 0.069991395 1.8774484e-05 9.677423e-09 7.157198e-06 0.00093694974 9.916084e-13 1.1488011e-07 3.738377e-05 4.7510656e-07 1.1906812e-05 0.008427854 2.222795e-07 8.021385e-08 0.0010643628 3.7882297e-09 3.5550085e-09 5.1973764e-10 8.240362e-07 3.334366e-08
0.97776365 0.18021192 0.3007236 0.66985625 0.8141294 0.79872966 0.029721562 0.9150189 0.009804515 0.025273254 0.87130374 0.07353376 0.09949215 0.00046954284 0.08742475 0.0017764905 0.0013267292 0.013544657 0.05834673 0.0013227931 6.4900896e-06 0.002279468 0.0024294055 0.00044497327 0.0001563931 1.6931737e-13 7.1517934e-06 8.349899e-06 0.007416048 0.0020296506 0.639903 0.00029523554 0.16033117 7.3659525e-05 0.029590398 0.00059849466 0.00017843304 0.0016589866 0.00044949038 0.00016137942 1.082236e-05 0.63386416 6.8575116e-07 0.9483058 5.2419036e-06 1.2113848e-05 0.00041113616 0.0033315662 0.14448741 8.358352e-06 0.8236721 4.481624e-06 0.40751335 0.038700663 7.0082096e-06 2.0351804e-08 0.0049713315 0.5322964 0.20100258 0.09402605 3.0833992e-06 3.577602e-07 8.4320294e-05 0.0039461944 0.00298865 7.545372e-05 0.0031426733 5.203849e-08 0.124614686 0.092914656 6.951258e-06 4.311019e-07 0.010925389 0.015008556 0.28687805 4.8413774e-05 2.744503e-07 4.1876578e-05 0.0041476185 0.0010204664 3.5019033e-07 0.000110895715 4.735927e-06 0.0061329524 2.7494998e-08 0.05459238 0.0012512158 1.2554378e-10 7.960211e-07 0.001368816 0.005492617 0.031658355 2.7037242e-05 0.00016164157 0.03514777 0.00016436377 0.0017244273 1.2966035e-08 2.3180937e-09 8.678994e-06 0.00040564183
0.69141686 0.017791761 0.011445168 0.0008379911 0.0007928754 0.00089644763 0.63488257 0.0005418106 0.6903588 0.4569523 9.827749e-05 5.0423514e-05 0.008563516 2.0469655e-05 2.8221855e-06 2.0761214e-05 2.8654479e-06 3.3678843e-06 0.17035861 4.878683e-07 0.992262 0.96268773 0.22884634 1.2589035e-07 7.006459e-08 7.1517934e-06 1.5782075e-18 2.9927225e-08 0.0021240993 0.0036414508 3.4322566e-06 0.11244806 1.0955342e-07 1.2546516e-08 2.4635867e-09 1.6421154e-07 3.547487e-05 0.021155382 0.40759867 0.049777932 0.21818538 1.0921496e-08 9.825766e-10 1.9386148e-08 6.4781267e-07 0.06828284 0.0054259654 0.013345303 3.0001308e-07 2.0229507e-08 1.8687525e-07 7.106668e-10 9.013964e-10 2.9683277e-05 0.04863121 0.00091018516 1.3468491e-07 3.2952327e-10 3.1923716e-07 3.699791e-09 1.0648607e-10 0.0006674172 2.2570484e-08 1.5888341e-09 2.3512121e-11 5.166943e-10 1.1701723e-10 8.931548e-05 8.515579e-11 3.6830322e-10 6.639604e-09 0.00083200395 6.4781375e-11 2.0996883e-11 6.764111e-11 3.1770442e-10 4.3749604e-10 0.00042353242 2.8188724e-11 9.295394e-11 5.4496143e-12 2.5773758e-11 4.9641736e-12 3.8985676e-11 4.974124e-05 2.400291e-10 3.627964e-11 6.0177437e-05 1.7818944e-05 4.721275e-10 1.498004e-10 4.5920108e-09 1.4305646e-10 1.51465565e-05 9.597274e-10 8.641979e-11 1.4883456e-11 5.585316e-10 3.537379e-07 4.2154505e-12 4.026044e-11
0.9666951 2.7119311e-05 5.5962555e-05 0.000736308 2.067087e-05 3.334088e-05 2.2755733e-06 1.1569846e-05 6.273979e-07 0.00012733175 0.0003151915 0.3181992 0.008506442 0.09304736 0.0008325881 0.24421732 0.9269466 0.008264111 1.6292439e-06 0.201936 1.7464413e-09 3.6260067e-07 5.855699e-05 0.18403257 0.97254217 8.349899e-06 2.9927225e-08 7.3293316e-11 0.047008403 0.0047063017 4.808118e-06 4.0156374e-05 7.120024e-05 0.9695476 0.0012013819 0.15958737 0.36404306 7.453661e-07 2.8772953e-07 5.269433e-05 3.476065e-06 1.7154396e-05 0.7893587 3.2089123e-05 0.1059988 4.5381225e-07 1.6787542e-06 0.023453303 0.000111938825 0.036858838 4.0537844e-07 0.26662275 8.941093e-05 7.843311e-09 7.4665923e-06 6.3276073e-09 0.011152943 2.8444845e-07 0.00044866212 3.6321637e-07 0.09399465 1.6534981e-08 0.02829577 0.0037246228 0.0004455397 0.027057521 0.00011004668 2.1645203e-09 1.0458064e-06 1.73187e-08 0.0905955 6.601941e-07 3.7397032e-05 1.2875296e-08 7.726541e-06 0.01310866 0.085456684 2.4496516e-09 0.00024051128 0.012698934 0.0043342677 6.697368e-05 0.009995909 9.673065e-06 4.261428e-07 9.708206e-07 9.0113484e-05 1.8732568e-10 5.7007946e-07 1.7855466e-05 2.1923895e-06 2.2401443e-06 0.0018963919 1.6929617e-08 2.8975773e-08 0.00021985684 1.1609667e-09 7.4165696e-09 3.1923633e-10 4.878799e-07 2.102513e-08
0.99982274 0.010401518 0.0041886903 0.009431968 0.004401324 0.0034743785 0.0051105646 0.0027223194 0.0020143937 0.0140599115 0.004124923 0.026709085 0.037328776 0.056611646 0.0042413874 0.012849023 0.10718833 0.004096687 0.0037995644 0.005175639 0.015510822 0.003772776 0.081918664 0.010241522 0.0041267034 0.007416048 0.0021240993 0.047008403 4.22479e-11 0.98024553 0.0044178823 0.0026962352 0.008805889 0.0032303152 0.019176725 0.0073526883 0.58469343 0.003216025 0.01391624 0.29317257 0.02264257 0.004222662 0.23706669 0.0016885577 0.18769783 0.03408625 0.0004042431 0.97403985 0.0009407734 0.0036847244 0.0028192052 0.01463301 0.0028771965 0.0055879364 0.009391165 0.0043819766 0.024080344 0.029518867 0.015473915 0.0011216431 0.011224033 0.005300359 0.06016476 0.0053237965 0.0114502655 0.003300354 0.0042479937 0.0033302812 0.0023812081 0.0007376167 0.1795088 0.0045255013 0.0033710592 0.00041416718 0.0058025382 0.0033629867 0.00887008 0.0018694613 0.0013620447 0.024468893 0.00056854496 0.00043393628 0.009739476 0.0014572971 0.0005163476 0.00073261186 0.00040975522 0.0022414983 8.2994746e-05 0.0010654303 6.699118e-05 0.0032766103 0.00046675198 3.7252372e-05 0.00022701244 5.1952487e-05 3.0803295e-07 0.017903477 0.00026698242 1.0403396e-07 1.3149639e-06
0.9994715 0.010146281 0.004041157 0.007651896 0.0025850271 0.0020966926 0.00910972 0.0010241941 0.00656571 0.06830055 0.0010959137 0.009912442 0.032359246 0.0142135825 0.0011174013 0.0026634093 0.017032487 0.0010468358 0.004476023 0.0009969905 0.034388773 0.004820206 0.5333617 0.0011928822 0.0005088306 0.0020296506 0.0036414508 0.0047063017 0.98024553 2.003897e-10 0.000852597 0.12098258 0.0010536077 0.00015863066 0.00133038 0.00093495264 0.0645116 0.0027933272 0.01114911 0.94355345 0.038237814 0.00082209555 0.038545605 0.0006957128 0.044200584 0.052606326 0.00085599197 0.95199525 0.00018837085 0.00022481104 0.000983686 0.0008048597 0.0009424703 0.0057881735 0.02627103 0.0036557342 0.0038692849 0.010564538 0.0043441104 0.0005212885 0.0013912558 0.002397775 0.010120429 0.0013538775 0.0024715539 0.00053835916 0.0014345233 0.0013399784 0.00042885644 0.0003918759 0.07135692 0.004897227 0.000418765 0.00016302124 0.0017625237 0.00058976875 0.00034371065 0.008276071 0.00012581337 0.0036087015 1.021499e-05 3.8978655e-05 0.002305768 0.0001634986 0.0007222377 0.0003638125 1.3034989e-05 0.0030026776 0.00019468932 8.5715146e-05 4.0739335e-05 0.0009709168 7.750697e-06 0.000120709665 0.0002209452 1.7566484e-06 1.0386088e-07 0.025370253 0.0014907117 4.9857946e-10 1.1390204e-08
0.96249914 0.11522598 0.2756363 0.5463593 0.81577766 0.737394 0.02050715 0.90682226 0.006402313 0.01427097 0.78846717 0.04313515 0.081680514 0.000112271 0.07259297 0.0009323802 0.0013658064 0.0064198724 0.038759712 0.000665899 8.3625455e-06 0.0011843777 0.0009014443 0.00026839183 4.0935658e-05 0.639903 3.4322566e-06 4.808118e-06 0.0044178823 0.000852597 2.9453072e-12 0.00023266509 0.15721399 1.0047524e-05 0.006299608 8.687552e-05 2.1249825e-05 0.00091846404 0.00063151686 7.642787e-05 4.7068984e-06 0.34607977 1.6963952e-07 0.95862037 5.6825303e-07 2.767588e-05 0.000334143 0.0015046024 0.1487823 2.7419378e-06 0.91699845 3.226663e-06 0.5131172 0.03837718 1.6282134e-05 2.6313288e-08 0.007220863 0.61192274 0.22480172 0.19697143 1.0784951e-05 7.185624e-07 3.670905e-05 0.0026357898 0.0036238343 3.9274706e-05 0.0028064337 1.8910367e-07 0.21920988 0.22665529 2.9517219e-06 1.0926425e-06 0.014012452 0.04928157 0.432673 6.0938142e-05 4.80803e-08 0.00020448068 0.0024650756 0.0019037151 4.1041045e-07 8.7987144e-05 1.9815385e-05 0.007892509 6.545877e-08 0.061330665 0.00041669823 9.773146e-11 1.0593925e-05 0.0014089157 0.010175267 0.05682336 5.8411246e-05 0.000601322 0.085365415 0.0001791367 0.0053881835 5.103918e-08 2.2858458e-08 6.365464e-06 0.00067476346
