2.9481162e-13 0.99960977 0.99989486 0.9971722 0.9982342 0.99946755 0.97366965 0.99497 0.62571096 0.8051832 0.99001867 0.20513098 0.9789469 0.9979529 0.9295715 0.84727293 0.36595884 0.04508866 0.95860577 0.966479 0.98564893 0.9747066 0.93641174 0.9149169 0.92996407 0.966844 0.7391151 0.8513644 0.95828086 0.2785151 0.69317293 0.8143895 0.119068876 0.90888405 0.8957355 0.9036396 0.9405598 0.9321227 0.8999853 0.88844293 0.74512154 0.93182766 0.8339308 0.966947 0.9163228 0.9206055 0.22491913 0.9434898 0.92706525 0.89628637 0.9235684 0.9725841 0.4494864 0.9526066 0.87727463 0.30205667 0.92564523 0.64836586 0.71728224 0.7184328 0.97854424 0.38022986 0.8507283 0.9633932 0.95157766 0.8385718 0.97809553 0.9294875 0.14583053 0.8054266 0.9524225 0.3874693 0.9115365 0.80189824 0.08426769 0.06846476 0.34258708 0.23178862 0.33665794 0.5435851 0.9225353 0.34062818 0.1371637 0.18877454 0.38882512 0.61942357 0.20715454 0.3114336 0.08026985 0.5215921 0.0025384515 0.17058323 0.08091461 0.009739212 0.0038272908 0.0036855857 0.011968255 0.009946921 0.00014755155 0.0002924325 0.0015601198
0.99960977 2.2563132e-15 0.24269646 0.78964984 0.05793467 0.12732688 0.97412276 0.22587575 0.03231382 0.0015337381 0.027581533 0.009571176 0.04411897 0.024328543 0.87415934 0.9016139 0.08944386 0.0001564832 0.022544552 0.03321792 0.016268997 0.012255592 0.003084735 0.00064798107 0.0025170126 0.007984063 0.0045712483 0.0037905308 0.0054704337 0.0009647283 0.09432146 0.00019439393 6.34056e-05 0.027439214 0.18228126 0.0017307078 0.36409009 0.00794515 0.0018603909 0.0005053475 0.0012778057 0.00036707317 0.0023640175 0.0013154019 0.0022598673 0.011213238 2.948924e-05 0.024521153 0.20925371 0.002273719 0.0018914726 0.001473107 2.1575188e-06 0.006194514 0.0012461079 3.1203076e-06 0.00065780093 0.00019310864 3.5135956e-05 9.089789e-05 0.0010799603 0.010011188 0.05121276 0.0015454276 0.01947001 0.0005503696 0.00077818445 0.00055840204 0.00059384364 0.0009062615 0.006260143 9.940709e-06 0.0017322822 0.0017308424 7.0642236e-05 0.0005184074 4.074124e-05 6.4572974e-05 3.860807e-05 2.9763821e-06 0.0025079732 8.643917e-05 4.299285e-05 0.0004113584 0.00017550461 1.7511538e-06 9.3366425e-06 4.4418033e-05 5.8099217e-06 2.4567358e-05 3.423806e-06 6.217863e-05 4.368457e-06 2.1614676e-07 4.900918e-07 1.2759868e-06 2.353668e-06 1.0048442e-05 3.4659737e-07 2.643234e-07 3.7551576e-10
0.99989486 0.24269646 2.9341786e-11 0.3189191 0.30077666 0.19000772 0.017244037 0.70925474 0.0013903041 0.009381882 0.96434623 0.0006782833 0.97606623 0.61586565 0.01056701 0.00082822185 0.0009108785 0.00065829325 0.023490775 0.13131958 0.28815192 0.61287737 0.5728659 0.00014317302 0.0646433 0.47681138 0.008409613 0.026996296 0.1632566 0.0009675888 0.0012705021 0.0017258257 0.0003669057 0.015671434 0.0021381623 0.10833179 0.0002335461 0.0544273 0.044793 0.029890858 0.011764667 0.014198241 0.01294693 0.05119998 0.004011097 0.014867105 0.00024169452 0.002661137 0.00021815857 0.01952193 0.004898017 0.0947379 1.2337008e-05 0.003064836 0.011066721 0.00031728207 0.021526987 0.00844916 0.010628597 0.009324567 0.0049313717 2.6561012e-05 0.00540979 0.0026011919 0.012110557 0.0031095783 0.010052384 0.0010721928 0.00015942796 0.0026912065 0.00082745834 0.00034319004 0.013473792 0.00037416618 4.257634e-05 2.772853e-07 0.0003620482 0.00067228696 0.00024604722 0.0010627391 0.004510922 0.0010282322 0.0005976311 0.0019957547 0.0007915681 3.7610482e-07 0.00031357666 0.0014551849 0.00046398703 0.0021777838 9.304309e-05 0.0004322394 0.00016782885 5.4865017e-05 4.5280238e-05 5.5123735e-05 0.00035442915 0.00023822574 3.6803187e-06 1.827956e-05 1.22261845e-05
0.9971722 0.78964984 0.3189191 3.5198558e-13 0.011412201 0.02717766 0.06531957 0.9141642 0.0028670332 0.0014230714 0.022854012 0.0038624033 0.11565686 0.0019253283 0.95275646 0.8588807 0.09604761 0.00045370954 0.0005885198 0.9310916 0.21853125 0.0034409557 0.0035414856 2.4544854e-05 0.00017405747 0.011056165 0.0003682401 0.00047998395 0.022522433 0.00024941427 0.5674077 1.624545e-05 9.5553105e-06 0.8404635 0.3615004 0.0011173538 0.33539456 0.096679725 0.0002150065 0.00024191242 0.0001303205 0.00013790619 0.020595198 0.004165923 9.07471e-05 0.073772684 1.1610997e-05 0.13629843 0.12524334 0.009969543 0.0130687915 0.0008336918 7.65002e-07 0.025854634 0.0049296953 7.908225e-06 0.0018690433 0.00035810444 3.6823916e-05 0.00038962322 8.7049186e-05 0.0011402717 0.43261042 0.0069884146 0.288091 0.0025119947 0.00022909029 5.4219978e-05 0.005343161 0.0021729688 0.023133853 7.543696e-05 0.00051552424 0.0036746236 0.00018984862 0.00033827784 0.00030155224 2.7541362e-05 9.055413e-05 2.255748e-05 0.004882638 2.7389571e-05 8.524617e-05 6.0126727e-05 0.0007303109 2.0817204e-07 0.00020761977 0.00033917607 8.060675e-05 2.1093425e-05 1.7560336e-06 0.00022479643 7.528559e-05 1.6152752e-06 2.0977063e-06 1.7733443e-06 3.0402443e-05 1.4333253e-05 8.821455e-06 4.103441e-06 1.5443675e-07
0.9982342 0.05793467 0.30077666 0.011412201 5.43841e-12 0.80915964 0.013905116 0.005031342 0.0025812064 0.111486614 0.08635484 0.0004089206 0.022336168 0.63681334 0.0011074982 0.0008199365 0.00027710042 0.0070260246 0.9853184 0.0010561122 0.00096410146 0.17348215 0.023267742 0.9002198 0.13257673 0.0040781028 0.5983426 0.55743545 0.0011251427 0.0968857 0.0002482162 0.10059816 0.01869493 9.519787e-05 0.00030908655 0.0077291513 3.728959e-05 0.00049183314 0.03896974 0.0057076276 0.021239165 0.0059507126 0.00019452098 0.0008148586 0.13428867 0.0005020546 0.0026077714 6.392288e-05 0.00015990838 0.00025302687 3.9410643e-05 0.001978305 0.0030657158 2.6430327e-05 7.049089e-05 0.00067327893 7.520688e-05 0.00026619836 0.00052931585 8.925256e-05 0.018533317 9.876728e-07 0.00027626712 1.07181495e-05 0.00019692414 1.8732955e-05 0.0024990116 0.0071146544 1.160092e-06 4.7893103e-05 4.979509e-06 1.8567322e-06 0.004682085 1.4473497e-05 4.9806084e-07 4.114329e-07 5.1764673e-06 9.923825e-05 0.00015247989 5.381148e-05 0.00014166921 0.00033080744 7.597774e-05 0.0013081921 2.6052914e-05 0.00358928 1.728368e-05 2.6175197e-05 3.5440007e-05 6.707e-05 6.305062e-05 4.2585718e-05 3.9354454e-05 6.846945e-05 1.8857412e-06 8.18735e-06 3.3052027e-05 4.4671604e-05 6.8530723e-09 1.2125066e-06 1.0711558e-05
0.99946755 0.12732688 0.19000772 0.02717766 0.80915964 6.1617035e-12 0.09633303 0.009110545 0.3535933 0.99433154 0.02832031 0.03101252 0.010940388 0.11353454 0.0039379364 0.026814146 0.001312832 0.08399151 0.5474922 0.0018403815 0.0014627371 0.031084685 0.007605328 0.72983325 0.027357476 0.003418441 0.052944824 0.022844493 0.00055027904 0.0075352336 0.00046673487 0.017736819 0.009332748 0.0002699616 0.00068618637 0.0026098888 0.000547781 0.00040994558 0.009925345 0.002555242 0.00927649 0.0016499511 0.00019347788 0.0006350148 0.057365377 0.00050054316 0.00028107996 0.00046930107 0.002078267 8.227195e-05 3.4877157e-05 0.0010507881 0.00092321757 0.00023319224 4.204124e-05 0.00018364542 0.000107649284 0.00020017981 0.00013479576 5.3006064e-05 0.014919108 0.00019192464 0.0018663598 1.7261722e-05 0.00074965163 3.8361468e-05 0.0019448705 0.0046622413 6.290002e-06 0.00014015098 0.00036369628 4.1132733e-07 0.0047630817 8.8899e-05 4.823298e-07 6.5432873e-06 4.596333e-06 0.00017702336 0.00012712172 1.2769138e-05 0.00023690355 9.29676e-05 1.7865294e-05 0.00020291106 3.6484947e-05 0.0012022266 7.736709e-08 8.653678e-06 4.8142106e-06 3.246571e-05 6.1932174e-06 6.9153216e-06 7.98003e-08 3.511148e-06 2.1535173e-07 6.038266e-07 9.699413e-07 1.7371709e-05 7.201876e-09 2.3906848e-08 3.0220726e-09
0.97366965 0.97412276 0.017244037 0.06531957 0.013905116 0.09633303 1.7372766e-11 0.0053007537 0.9973746 0.016736604 0.0021285482 0.4204985 0.004907934 0.005835221 0.0249763 0.11039125 0.010805893 0.0035522012 0.021930948 0.0016179093 0.0019078901 0.0017515966 0.00043567162 0.023047324 0.00044371808 0.0004866908 0.0048936023 0.0008970825 0.0004504302 0.00043331782 0.0037890438 0.0002649737 0.00064142665 0.00094912905 0.0027521395 0.00046527403 0.013694539 0.001393713 0.00057553157 8.862456e-05 0.0005377893 5.870768e-05 0.0003656855 0.00049359776 0.0022304398 0.00096751685 3.1996653e-05 0.0031858417 0.020166205 0.00030284247 0.00014657024 0.00041514984 3.3946857e-05 0.0010266757 0.00017410278 3.4890477e-06 0.0003205311 6.089428e-05 1.6946395e-05 6.6246525e-05 0.0009704239 0.0023278382 0.002330546 0.00040308872 0.0021156566 0.00032330176 0.001201481 0.00056081754 8.789993e-05 0.00018685948 0.0014607724 1.1159705e-05 0.0011631352 0.0005625732 4.045722e-06 0.0004250052 2.3862534e-05 3.7885195e-05 0.000142014 1.1614465e-05 0.00095832086 2.4576382e-05 3.0253375e-05 6.8902504e-05 2.8289884e-05 0.00010715375 5.8842734e-06 2.5813097e-05 3.4818745e-06 8.242158e-06 3.2399469e-06 3.162506e-05 4.5085687e-07 8.917181e-07 1.04257424e-07 7.042755e-08 3.4683708e-07 2.7352425e-07 3.4333613e-07 1.643919e-07 1.9666042e-10
0.99497 0.22587575 0.70925474 0.9141642 0.005031342 0.009110545 0.0053007537 2.4348405e-11 0.00061942305 0.00071871944 0.07533666 0.001143349 0.61893976 0.0009354771 0.032923117 0.0029998894 0.018202221 0.00033964284 0.000112038266 0.9707296 0.93195516 0.00431589 0.0077396478 6.7698975e-06 5.1202187e-05 0.05151673 0.000264548 0.00033944088 0.229284 0.0002264418 0.026069678 3.7025748e-06 1.3169575e-05 0.6485488 0.05205335 0.004336405 0.034309197 0.7712749 4.8504673e-05 0.00036616798 2.6223894e-05 0.0010280974 0.2574525 0.0611989 4.809645e-06 0.5313961 8.29765e-06 0.4791193 0.0031787432 0.22583498 0.1908024 0.018009676 8.841161e-08 0.29836062 0.11202558 2.0388384e-06 0.048695322 0.002445553 0.0010206692 0.009380696 5.317355e-05 3.187805e-05 0.39963102 0.27028865 0.6337263 0.06765669 0.0009469633 1.923324e-05 0.0024296336 0.044471223 0.23317951 0.0038828084 0.0011650998 0.05142062 0.00020242382 5.2826786e-06 0.003957176 9.145721e-06 9.107729e-06 0.00013337535 0.10609149 3.4290784e-05 0.00052979414 7.4500305e-05 0.006951219 3.059909e-08 0.0011887667 0.0014362426 8.754103e-05 0.00031445708 7.1954366e-07 0.0014244929 0.00084964006 7.19869e-07 4.6704674e-05 1.029762e-05 0.00015522829 7.98072e-05 1.9792928e-05 4.3877822e-05 1.9457107e-06
0.62571096 0.03231382 0.0013903041 0.0028670332 0.0025812064 0.3535933 0.9973746 0.00061942305 3.9412602e-14 0.86708176 0.0005147649 0.9847306 0.0009611399 0.00060723175 0.0009511543 0.0110223675 0.0018481633 0.021781133 0.0057447017 1.9720914e-05 9.688828e-05 4.2222455e-05 9.371316e-06 0.023664055 6.086731e-06 7.011833e-06 0.0013818262 5.5031032e-05 1.6126339e-06 5.6335517e-05 0.00030924904 0.00012111186 0.0010624549 9.117619e-06 0.00024431344 1.9338638e-06 0.0016223375 5.4497843e-05 1.56436e-05 1.5123137e-06 8.493998e-05 3.306194e-06 2.0920097e-05 3.524771e-05 0.000918771 2.7983775e-05 4.607755e-05 0.00019509505 0.0014947027 6.535199e-06 2.0085378e-07 8.197117e-06 0.00013132396 5.6813544e-05 2.6971998e-06 1.1497152e-05 2.035098e-05 1.2035458e-06 6.090101e-07 1.0953718e-06 0.00023696004 0.00048349297 0.00013454095 7.0457485e-05 0.000115730734 1.57033e-05 0.00017600677 0.00015358935 2.1834017e-05 1.6405142e-05 0.0002359734 5.772952e-07 0.00012499726 1.4696248e-05 2.106969e-06 9.416527e-05 5.6265358e-06 4.463284e-06 0.00021008296 1.2869011e-06 0.00010927936 1.6438218e-05 6.5934064e-06 5.3656386e-06 4.8134666e-06 0.00012339522 1.1687147e-06 3.912896e-06 4.8815346e-06 6.4976504e-08 1.5548794e-07 9.139152e-05 7.205837e-08 5.5669013e-08 9.763822e-09 1.01706426e-07 1.508944e-06 1.5647821e-07 1.4596378e-07 1.03149524e-08 1.4043004e-10
0.8051832 0.0015337381 0.009381882 0.0014230714 0.111486614 0.99433154 0.016736604 0.00071871944 0.86708176 6.6228757e-15 0.0032108042 0.58705336 0.001794449 0.007832617 7.310875e-05 0.0040806667 0.0004036467 0.99950796 0.04785718 3.7808928e-05 6.187263e-05 0.0008722345 0.00016793386 0.15652543 0.00052924216 8.6068845e-05 0.006307137 0.0009120776 1.907064e-06 0.0014964485 0.00025374553 0.00052776106 0.009948386 1.6778442e-05 0.00011333408 7.5832554e-06 6.138833e-05 2.4816589e-05 0.0005588344 5.0214672e-05 0.00076223107 2.0239244e-05 1.2506623e-05 2.7101394e-05 0.0024212073 5.1698025e-06 0.0001882412 8.136127e-06 0.0010327519 7.876342e-06 1.0746356e-07 2.4886365e-05 0.0008442628 4.8903034e-06 1.0910442e-06 8.659909e-05 1.7173088e-05 8.036393e-06 7.2185617e-06 1.0508862e-06 0.00069909974 0.000223136 0.0001328797 7.0428023e-06 0.00011916508 3.5109742e-06 0.0004172456 0.00015201975 2.0550935e-06 3.5262049e-06 2.6997046e-05 1.8696321e-08 0.00021275587 2.494416e-06 1.2742144e-07 1.8550456e-06 7.436032e-07 4.5502784e-05 0.000278173 8.2699796e-07 2.5745288e-05 0.00012331945 1.1601788e-07 8.45841e-06 6.179959e-08 0.0003182597 2.6374976e-09 1.3704198e-07 3.486922e-06 5.075951e-07 1.4624986e-07 5.9020676e-06 2.7237081e-09 5.5921227e-08 4.220864e-09 1.13699706e-07 3.2765723e-08 2.2447774e-07 8.049301e-10 2.159192e-10 2.5285614e-11
0.99001867 0.027581533 0.96434623 0.022854012 0.08635484 0.02832031 0.0021285482 0.07533666 0.0005147649 0.0032108042 1.1104608e-10 0.0011005603 0.8631257 0.1070912 0.00024546555 4.4657252e-05 5.5445293e-05 0.0016088652 0.00042511726 0.0061176536 0.06390265 0.5125648 0.9726398 3.7750997e-05 0.04267593 0.8894055 0.0007489174 0.0072079175 0.2788921 0.0010962983 8.850404e-05 0.0003671691 0.00028995596 0.00035615836 6.054331e-05 0.55098677 4.09581e-06 0.013735163 0.061840348 0.17304704 0.01404284 0.12343764 0.0054942095 0.4846694 0.0007876789 0.0014210783 2.2398228e-05 0.0006026591 1.6004141e-06 0.02773358 0.001907396 0.8554449 3.185907e-06 0.0009921937 0.038921975 0.0002799054 0.23949252 0.25748387 0.35110912 0.22537683 0.019779786 9.583253e-08 0.00029697164 0.003155533 0.0015364151 0.0068151876 0.27590913 0.018294184 2.5945096e-06 0.0083253095 6.914508e-05 0.00057204097 0.15228061 9.841057e-05 1.8616969e-06 6.146325e-09 1.4917763e-05 0.001705189 0.000109697554 0.012697379 0.0029132229 0.008039095 0.00037653893 0.0049766367 0.0001549594 4.0764675e-07 6.1232044e-05 0.00032489726 0.00063991843 0.0074254284 7.3982774e-06 1.45389595e-05 4.40121e-05 2.7741755e-05 3.5347555e-05 1.4134863e-05 0.00011466203 4.8604234e-05 1.5289063e-06 1.3435022e-05 0.00012363656
0.20513098 0.009571176 0.0006782833 0.0038624033 0.0004089206 0.03101252 0.4204985 0.001143349 0.9847306 0.58705336 0.0011005603 3.2767324e-17 0.0021505181 0.0009309195 0.0016521161 0.036855355 0.0072325263 0.99999446 0.0044201515 6.497641e-05 0.00032094523 0.00013409108 2.244478e-05 0.03825471 4.4358436e-05 7.2347234e-06 0.0015379206 6.31248e-05 8.317901e-06 9.91272e-05 0.00056581496 4.7641715e-06 0.00093072734 1.0058414e-05 0.00066313276 2.392666e-07 0.001732132 5.1874365e-05 6.132709e-06 1.673796e-07 2.2769747e-05 3.042657e-07 1.0721851e-05 6.981007e-06 0.00014667469 2.6453956e-05 1.1402807e-05 0.00049812236 0.00057967665 8.166218e-06 7.9789494e-08 5.3340113e-06 7.7249904e-05 5.3592437e-05 1.7253698e-06 3.2458956e-07 3.00487e-05 5.9215154e-07 1.3469025e-06 2.2771441e-07 2.9820005e-05 0.0007364713 5.1569485e-05 5.0461134e-05 0.0005838168 6.175135e-06 6.812763e-05 1.2068911e-05 2.390791e-07 1.5737699e-06 6.5544766e-05 2.0535077e-07 7.3016668e-06 5.259921e-06 4.652793e-08 7.334563e-05 6.923368e-07 3.431776e-06 8.873443e-05 1.73609e-08 6.231047e-05 3.0709712e-06 2.4808304e-07 5.4639575e-08 7.191859e-08 3.3010194e-05 6.214675e-08 1.4593289e-07 1.1611485e-07 1.7959856e-08 3.763707e-09 3.7319703e-06 1.6906899e-08 9.2733343e-10 2.327526e-09 3.6646397e-09 7.3906294e-09 1.4675863e-08 1.1741301e-07 6.218025e-10 3.6241322e-11
0.9789469 0.04411897 0.97606623 0.11565686 0.022336168 0.010940388 0.004907934 0.61893976 0.0009611399 0.001794449 0.8631257 0.0021505181 5.0997942e-11 0.004945142 0.0007691957 0.00012380234 0.000940895 0.0014781309 0.00019868073 0.119903505 0.8753573 0.019879134 0.36400086 6.4986607e-06 0.0017190737 0.9471752 0.00036677415 0.0016916718 0.958251 0.00046788913 0.0013763112 2.4712366e-05 1.1749892e-05 0.011129207 0.00092334615 0.047389757 0.00011572368 0.43040544 0.0021241477 0.0042440114 0.00061627483 0.0042079873 0.093646765 0.33861917 0.0001342737 0.024266055 1.1467466e-05 0.004259582 2.7604758e-05 0.31714395 0.008607317 0.25873283 5.1776397e-07 0.005840217 0.26514903 4.7363043e-05 0.23427834 0.018313698 0.012112768 0.08494972 0.00029244338 7.9682695e-07 0.0012243005 0.005373717 0.010601027 0.01992623 0.0036457612 8.703225e-05 6.4088614e-05 0.017950466 0.0005000658 0.0027369664 0.0016111853 0.00021135906 3.031203e-05 4.1583295e-08 0.0001311221 0.00020437207 3.7277216e-05 0.00091674353 0.005722385 0.00040209375 0.0020724067 0.00050748885 0.0011876533 1.6620893e-08 0.00022680403 0.001342056 0.00088652846 0.008732258 1.01020205e-05 0.0002494088 0.0003372926 3.243431e-06 8.488095e-05 7.2397966e-06 0.0001811899 8.144041e-05 9.795528e-06 1.7147804e-05 5.009698e-06
0.9979529 0.024328543 0.61586565 0.0019253283 0.63681334 0.11353454 0.005835221 0.0009354771 0.00060723175 0.007832617 0.1070912 0.0009309195 0.004945142 2.1466858e-12 0.00030011055 4.4476874e-05 0.0002028184 0.009590016 0.04737327 1.462055e-05 7.191315e-05 0.940406 0.13785154 0.0007706375 0.9829276 0.00322293 0.155529 0.7453799 0.00023350134 0.03476228 2.992647e-05 0.19669364 0.003927216 2.7937385e-06 7.01493e-06 0.041096754 3.7071482e-07 2.1218619e-05 0.633389 0.046968915 0.35295978 0.054305986 7.403748e-06 0.00039049948 0.40997165 2.604637e-06 0.008880623 1.2955529e-06 1.870235e-06 2.0930014e-05 6.7595747e-06 0.004722735 0.0035724032 5.701061e-07 8.627565e-06 0.00464418 4.2656528e-05 0.0003990516 0.0024700023 0.00017681853 0.24542882 1.2571338e-07 1.6926793e-06 6.949445e-07 4.471894e-06 3.6584297e-06 0.036733925 0.11867196 1.846449e-07 2.459774e-05 3.702661e-07 3.0243734e-07 0.05462734 2.5843883e-07 3.117073e-07 1.6951547e-09 9.14502e-07 0.0011252821 0.0048899422 1.2915248e-05 5.2179375e-06 0.0002990201 4.363829e-07 0.003104378 8.652594e-07 0.040601797 2.7848182e-07 6.697371e-06 4.911148e-06 7.3245146e-06 1.7320972e-05 3.6962362e-07 3.7795173e-06 1.5850266e-05 5.2382807e-06 1.9148986e-06 1.26708555e-05 2.3860488e-05 1.0444308e-08 6.225737e-07 1.2157539e-05
0.9295715 0.87415934 0.01056701 0.95275646 0.0011074982 0.0039379364 0.0249763 0.032923117 0.0009511543 7.310875e-05 0.00024546555 0.0016521161 0.0007691957 0.00030011055 6.59889e-12 0.9940305 0.98295176 0.00014881039 0.00039994845 0.08781217 0.001398089 0.0002626408 0.00010364987 1.1509878e-05 1.6160602e-05 3.977171e-05 0.000106952415 4.3190637e-05 6.683816e-05 1.2672548e-05 0.5537347 1.1482508e-06 2.9124851e-06 0.021497 0.14489588 9.868397e-05 0.63848865 0.00024807325 3.3753393e-05 7.2078033e-06 5.0408562e-05 6.048572e-05 0.00016463455 9.337376e-05 5.303147e-06 0.00023812309 5.3753956e-06 0.005518996 0.5206881 0.0001483728 0.00012569151 1.2457649e-05 2.4677675e-07 0.0014966005 2.5498133e-05 5.766237e-06 6.5106244e-05 6.8670574e-06 2.1391809e-07 3.4745206e-06 7.647504e-05 0.03996778 0.12782644 0.00044633006 0.03419366 0.00022273458 7.363902e-05 1.2566233e-05 0.0007632655 5.5473007e-05 0.0060557523 2.879556e-06 0.00015471944 0.0006160806 0.00014685931 0.0013022801 6.2502826e-05 2.9779596e-05 6.807587e-05 2.220383e-06 0.00029579384 1.3064503e-06 6.7669084e-06 1.8310948e-05 2.1292444e-05 3.9163112e-08 1.5037288e-05 2.0386216e-05 2.7960841e-06 1.5530283e-07 1.1267613e-06 6.9335576e-05 3.0448475e-06 9.2407635e-07 3.897269e-06 6.7894557e-06 1.398911e-06 7.1381015e-05 4.0523042e-05 6.9587795e-06 7.7533646e-10
0.84727293 0.9016139 0.00082822185 0.8588807 0.0008199365 0.026814146 0.11039125 0.0029998894 0.0110223675 0.0040806667 4.4657252e-05 0.036855355 0.00012380234 4.4476874e-05 0.9940305 9.473501e-12 0.99783313 0.0047410275 0.0002549287 0.003327362 0.00016280139 5.2122006e-05 1.03827615e-05 2.9221881e-05 2.121003e-06 5.119962e-06 0.000250163 0.00017104564 1.0140465e-05 3.6662623e-05 0.23377684 8.1091343e-07 2.6116165e-06 0.006845578 0.15838927 1.145317e-05 0.5145695 4.9895316e-05 1.6118497e-06 7.3890646e-07 4.9015093e-06 5.9530907e-06 6.4290565e-05 5.286164e-05 5.7265825e-06 4.5824956e-05 1.2645788e-06 0.0005882687 0.41821298 3.9217743e-05 0.00012785803 1.1198676e-06 5.8275594e-07 0.0003697065 2.7240528e-06 7.86365e-06 9.779977e-06 1.3274814e-07 2.0845512e-09 2.2945441e-07 1.1911122e-06 0.02705534 0.1391086 0.00011735767 0.013059472 2.4943149e-05 1.4963143e-05 2.9066828e-06 0.0004204369 3.3809883e-06 0.00056666037 9.587162e-07 2.0843683e-05 4.2233005e-05 0.00010837838 0.0005330881 9.021809e-06 2.5831834e-05 2.4615552e-05 6.651501e-07 9.515575e-05 3.5555902e-06 1.09055364e-07 1.0001834e-05 1.391862e-06 6.868884e-08 1.6202277e-06 8.984623e-06 1.4115685e-06 3.9728736e-08 4.5846642e-07 2.3215498e-05 1.4760672e-06 4.6168026e-07 4.4943891e-07 1.1474068e-06 2.006229e-07 3.5007263e-06 5.1979227e-06 9.752059e-07 5.9892225e-10
0.36595884 0.08944386 0.0009108785 0.09604761 0.00027710042 0.001312832 0.010805893 0.018202221 0.0018481633 0.0004036467 5.5445293e-05 0.0072325263 0.000940895 0.0002028184 0.98295176 0.99783313 3.625423e-16 0.00044582642 3.756654e-05 0.26872435 0.0010815903 0.00012239594 4.7980426e-05 4.1939147e-06 2.5735753e-06 3.8640115e-05 0.00029280144 1.2983341e-05 0.00010334469 2.003588e-06 0.98788965 1.8262847e-07 3.2698235e-08 0.061379068 0.2180713 8.295272e-05 0.36502075 0.00035890366 6.0844795e-06 2.0453645e-06 8.842233e-06 1.939472e-05 0.00043076184 0.000116618074 3.9724837e-06 0.00078912213 1.5218156e-07 0.012151267 0.25680485 6.0783575e-05 0.00014691422 6.3234006e-06 1.1381817e-07 0.00048950093 3.0462563e-06 2.7263073e-07 3.0016752e-06 2.9885357e-06 9.691553e-09 1.08906114e-07 1.0007211e-06 0.06979965 0.118189685 2.4804382e-05 0.019545844 2.423774e-05 4.184063e-06 1.1008881e-07 0.00048629526 6.2113227e-06 0.0006235048 8.6338656e-07 3.365226e-06 7.068571e-05 7.0522154e-05 0.0018648787 2.6119116e-05 2.9222367e-08 6.2341377e-07 3.1087313e-07 6.7556924e-05 1.2772811e-06 9.970412e-07 8.458369e-08 1.3376947e-06 3.7433726e-10 1.4595898e-06 3.851045e-06 1.31626e-06 1.6898033e-08 1.6506842e-08 3.2119468e-05 2.833446e-07 3.5363161e-09 8.6153634e-08 1.3954606e-07 1.6865062e-08 2.0304083e-07 1.3931616e-05 2.1900686e-07 5.8097433e-12
0.04508866 0.0001564832 0.00065829325 0.00045370954 0.0070260246 0.08399151 0.0035522012 0.00033964284 0.021781133 0.99950796 0.0016088652 0.99999446 0.0014781309 0.009590016 0.00014881039 0.0047410275 0.00044582642 1.5293492e-16 0.1669558 8.646213e-06 2.4638428e-05 0.001367242 0.00015088491 0.49532288 0.0011915838 1.0485712e-05 0.017340386 0.0042575244 9.94058e-07 0.003583025 6.996667e-05 0.00061260315 0.05194748 5.453446e-06 6.2385625e-05 7.3875963e-06 8.77582e-05 9.045836e-06 0.00037357287 1.034688e-05 0.00037269358 9.143385e-06 9.872167e-06 1.0388625e-05 0.0011635845 3.7489322e-06 0.00016730578 6.338867e-05 0.00021690369 3.0725648e-06 8.010621e-08 1.805435e-05 0.00068023277 7.5456783e-06 2.8757563e-07 3.64489e-06 1.6198437e-05 3.3876565e-06 1.6953433e-06 3.6265632e-07 9.049793e-05 3.015009e-05 2.8277638e-05 1.0542002e-05 1.2679657e-05 1.1182092e-06 0.00020268923 5.2645857e-05 6.4325762e-09 5.2819905e-07 1.32329515e-05 5.045283e-08 4.0013405e-05 3.9438157e-07 2.7709945e-09 4.565148e-07 2.9562563e-07 9.992897e-07 7.6010205e-05 9.054709e-08 7.4981716e-07 2.5258278e-06 1.4171419e-08 9.541664e-09 3.9005815e-08 2.7523032e-05 1.9987754e-09 4.704593e-09 2.2396165e-08 4.1918387e-08 1.9277742e-08 6.0959584e-09 1.0619831e-09 1.3572564e-08 4.2487387e-09 4.0099412e-08 1.6835036e-09 1.17520095e-07 4.356516e-10 1.603333e-10 3.6006048e-10
0.95860577 0.022544552 0.023490775 0.0005885198 0.9853184 0.5474922 0.021930948 0.000112038266 0.0057447017 0.04785718 0.00042511726 0.0044201515 0.00019868073 0.04737327 0.00039994845 0.0002549287 3.756654e-05 0.1669558 7.648221e-12 1.0029266e-05 4.1150256e-06 0.0038926876 0.00011850459 0.96633524 0.02853246 7.963735e-05 0.98273015 0.28614998 1.7226668e-06 0.19717461 9.832699e-05 0.29126778 0.28654182 1.0202877e-05 1.3635185e-05 7.830719e-05 2.7084791e-08 1.3849301e-05 0.0031300792 0.00016743781 0.009082173 0.0002554505 6.7320793e-06 3.7932376e-05 0.23276538 3.3749225e-06 0.006108098 1.0663548e-06 4.4264198e-07 4.7560734e-06 1.8396654e-06 6.2775645e-05 0.0145456325 4.350627e-07 4.799411e-07 0.0024008767 2.3474272e-06 7.5037833e-06 6.387377e-05 5.606399e-07 0.026246559 2.0115243e-07 3.5414346e-06 2.561336e-07 4.549053e-06 1.0667228e-06 0.00070013624 0.010848873 9.569897e-07 6.0674142e-06 1.3728305e-07 1.5035672e-08 0.0007403596 1.7617225e-07 5.7731697e-08 1.210133e-09 1.7299122e-06 9.2579634e-05 0.0006686497 2.8794598e-06 5.9983023e-07 8.295989e-06 6.288568e-08 1.4757019e-05 2.355124e-07 0.011417864 1.1254579e-07 1.3625935e-06 9.972371e-07 5.186902e-07 5.057664e-06 6.5010965e-08 1.379803e-07 5.3023956e-07 1.1106484e-06 2.0285186e-06 2.172865e-06 7.28822e-06 3.2195594e-08 2.6519223e-07 1.00091626e-07
0.966479 0.03321792 0.13131958 0.9310916 0.0010561122 0.0018403815 0.0016179093 0.9707296 1.9720914e-05 3.7808928e-05 0.0061176536 6.497641e-05 0.119903505 1.462055e-05 0.08781217 0.003327362 0.26872435 8.646213e-06 1.0029266e-05 2.0015201e-11 0.67328906 0.00013645415 0.0004642174 9.0650127e-07 1.6588147e-06 0.0039040805 2.813067e-05 5.739923e-06 0.059625097 1.3626228e-05 0.63278735 7.2989485e-07 6.0290193e-07 0.96050674 0.4137826 0.00010263134 0.253672 0.5862511 1.2809332e-06 1.0454937e-05 2.261166e-06 7.221547e-05 0.276144 0.0054857875 3.8787238e-07 0.78000593 1.6077845e-06 0.8471695 0.024495257 0.07197522 0.24630119 0.000356074 2.3546805e-08 0.40864238 0.025107732 1.9691144e-07 0.009762426 2.8900944e-05 7.23255e-06 0.0006029325 2.1624608e-06 0.00073231256 0.6828244 0.22715001 0.87014836 0.03320302 7.382889e-05 5.080031e-06 0.012106896 0.018130736 0.5237519 0.0018342426 0.00021667463 0.12268377 0.0007071021 3.101979e-05 0.009662633 2.7595968e-05 3.452934e-06 8.513035e-06 0.086134486 8.987167e-06 0.000105590225 7.1769164e-06 0.0036588318 8.514097e-08 0.003045677 0.00025000484 1.9829486e-05 4.1830397e-05 9.7764975e-08 0.006943454 0.0005747801 4.5067093e-08 7.0096607e-06 2.3600874e-06 5.6733195e-05 2.4527562e-05 4.6056134e-06 1.808799e-05 2.7355685e-07
0.98564893 0.016268997 0.28815192 0.21853125 0.00096410146 0.0014627371 0.0019078901 0.93195516 9.688828e-05 6.187263e-05 0.06390265 0.00032094523 0.8753573 7.191315e-05 0.001398089 0.00016280139 0.0010815903 2.4638428e-05 4.1150256e-06 0.67328906 1.9514973e-10 0.0007422532 0.0032934714 7.3308954e-08 6.2283284e-06 0.17477405 3.0289979e-05 7.970732e-05 0.8443841 6.434743e-05 0.0018559509 6.0382143e-07 7.835454e-07 0.18047771 0.0052002235 0.0013483877 0.0034579348 0.9810232 8.323353e-06 0.00016226245 1.6108655e-05 0.00055910647 0.6241317 0.17379658 1.3052672e-06 0.6733222 2.1343892e-06 0.49480158 0.00056106463 0.83407825 0.41577804 0.023082316 5.526003e-08 0.20696697 0.50836253 1.02249005e-05 0.22155759 0.0056126746 0.002556952 0.02648454 2.176925e-05 7.586815e-06 0.03579676 0.2643385 0.20267868 0.21119483 0.00039443956 8.9639025e-06 0.00017159706 0.17239062 0.05306025 0.016078813 0.00035471097 0.023769438 7.534636e-05 3.5971303e-07 0.0017569234 1.2585842e-05 2.4743106e-06 0.00013874014 0.14655319 4.0768176e-05 0.0017767597 7.731543e-05 0.013855344 1.0941761e-08 0.0014707403 0.0044228206 0.00020804988 0.0033120422 2.1748748e-07 0.0005186749 0.0026530395 1.7896083e-06 5.1908555e-05 3.3570454e-06 9.981972e-05 9.376493e-06 4.935302e-05 8.490965e-06 4.6755904e-06
0.9747066 0.012255592 0.61287737 0.0034409557 0.17348215 0.031084685 0.0017515966 0.00431589 4.2222455e-05 0.0008722345 0.5125648 0.00013409108 0.019879134 0.940406 0.0002626408 5.2122006e-05 0.00012239594 0.001367242 0.0038926876 0.00013645415 0.0007422532 4.718801e-13 0.9301824 0.00020850156 0.9567895 0.02428849 0.0062455693 0.13926741 0.0018851068 0.009893587 5.6218996e-05 0.028720815 0.0010259006 1.3238884e-05 1.239587e-05 0.5832681 5.8874366e-07 0.000115918294 0.94744605 0.68761283 0.6812755 0.53804773 9.2888906e-05 0.0056353062 0.11531197 1.1426659e-05 0.0015260819 3.7296575e-06 2.621059e-07 8.863868e-05 3.3064796e-05 0.08450409 0.00033942633 4.5313745e-06 0.00019677357 0.00568269 0.0015023971 0.009195517 0.030102469 0.002678402 0.4729612 8.75594e-09 1.2530088e-06 1.9848216e-05 2.0265723e-05 3.9124163e-05 0.3885673 0.43329972 8.041729e-08 0.00010357053 7.553954e-07 5.631405e-06 0.43874174 4.9311598e-06 1.3239718e-07 2.3225148e-09 6.766169e-07 0.015050839 0.030058859 0.0007463674 5.1939558e-05 0.009262823 2.293551e-05 0.08886947 9.370037e-06 0.011775859 1.1745495e-06 5.75752e-05 4.0557683e-05 0.0003853103 0.00021881722 1.5538974e-06 1.3997512e-05 0.00018680924 8.572287e-06 2.9058185e-06 1.1859949e-05 4.1277504e-05 1.2477856e-08 3.45433e-06 0.0001706668
0.93641174 0.003084735 0.5728659 0.0035414856 0.023267742 0.007605328 0.00043567162 0.0077396478 9.371316e-06 0.00016793386 0.9726398 2.244478e-05 0.36400086 0.13785154 0.00010364987 1.03827615e-05 4.7980426e-05 0.00015088491 0.00011850459 0.0004642174 0.0032934714 0.9301824 9.409603e-13 8.543918e-06 0.16495514 0.79746956 0.00030679768 0.0047198692 0.038321532 0.001297969 3.2122192e-05 0.0008671016 8.070098e-05 3.815332e-05 8.633516e-06 0.9860866 2.1380244e-07 0.0006213275 0.30435076 0.6924473 0.036780916 0.27934787 0.0010013828 0.10421329 0.00028516428 9.708964e-05 2.5347576e-05 1.4251173e-05 7.042674e-08 0.0019313057 0.00027295452 0.8215524 1.035296e-05 2.3058416e-05 0.0020801725 0.0015979656 0.023882857 0.1666468 0.44124547 0.072935656 0.018866654 1.7481819e-08 2.4245517e-06 0.00012328534 6.731068e-05 0.00033853183 0.43804985 0.023333661 3.979572e-07 0.0009962171 1.2416378e-06 0.00026222132 0.27909818 4.652075e-06 4.9374695e-08 1.9057601e-10 2.775455e-06 0.029791486 0.0005577306 0.019757427 0.00035327944 0.04339775 0.00021893077 0.04804168 1.128337e-05 1.2517175e-06 1.540862e-05 0.00016386106 0.0004864827 0.002770112 5.159275e-05 3.9677866e-07 1.04061455e-05 4.9639308e-05 1.0591239e-05 2.3323346e-05 1.8740282e-05 0.0001584648 4.7340933e-08 9.006236e-07 3.8219052e-05
0.9149169 0.00064798107 0.00014317302 2.4544854e-05 0.9002198 0.72983325 0.023047324 6.7698975e-06 0.023664055 0.15652543 3.7750997e-05 0.03825471 6.4986607e-06 0.0007706375 1.1509878e-05 2.9221881e-05 4.1939147e-06 0.49532288 0.96633524 9.0650127e-07 7.3308954e-08 0.00020850156 8.543918e-06 8.731618e-14 0.00092609844 2.2439888e-06 0.14506699 0.0054563554 1.7603849e-08 0.025746416 1.0135979e-05 0.01586865 0.9983839 4.3194308e-07 3.9462725e-07 1.6761419e-06 3.5466933e-08 1.1708744e-06 0.00010963731 3.828196e-06 0.00083729887 1.4352539e-05 4.0630383e-07 9.3401595e-06 0.036669474 4.925815e-08 0.0035246538 1.3815581e-07 1.1068788e-06 1.4968167e-07 6.14075e-08 4.3107293e-06 0.005644972 1.2197174e-07 3.6785355e-08 0.00076033844 4.5767874e-07 7.144826e-08 1.3783753e-06 1.224062e-08 0.0027883316 3.1894837e-07 3.185348e-06 2.3800715e-07 1.1435752e-05 5.099422e-08 0.00018451158 0.00059029233 9.197406e-08 7.642199e-08 2.7280916e-07 1.5021083e-08 2.7285285e-05 6.4992336e-09 3.0865852e-08 3.5151868e-09 3.1914036e-07 2.5287305e-05 0.00070066063 1.879718e-07 1.4849367e-08 6.1742954e-05 4.624578e-08 2.5755126e-06 6.339688e-09 0.004663193 6.177967e-08 3.603929e-07 8.7585715e-07 8.60471e-07 1.1930289e-06 1.4938538e-08 7.12479e-09 5.0655876e-07 6.224724e-08 5.117133e-07 6.5163573e-07 8.200846e-06 1.4013231e-09 7.3056263e-09 3.6227885e-09
0.92996407 0.0025170126 0.0646433 0.00017405747 0.13257673 0.027357476 0.00044371808 5.1202187e-05 6.086731e-06 0.00052924216 0.04267593 4.4358436e-05 0.0017190737 0.9829276 1.6160602e-05 2.121003e-06 2.5735753e-06 0.0011915838 0.02853246 1.6588147e-06 6.2283284e-06 0.9567895 0.16495514 0.00092609844 5.1379216e-14 0.000981649 0.08509945 0.9121044 1.4843471e-05 0.15926848 3.4124585e-06 0.5967319 0.008213696 3.5739598e-07 3.0802676e-07 0.048948377 6.240246e-09 8.9271714e-07 0.9435316 0.10654529 0.8275509 0.12957034 2.399582e-06 0.00011990183 0.86518854 3.1061532e-07 0.04626759 7.3549455e-07 1.2028206e-08 1.8617802e-06 5.1416754e-07 0.0062794276 0.01606488 7.0961235e-08 4.939615e-07 0.038250145 1.614161e-05 0.00081159204 0.0028706898 0.00012974745 0.7385402 9.752574e-10 1.1614375e-07 5.419682e-07 1.1688942e-06 3.7789082e-08 0.15337904 0.54533744 6.494995e-09 2.1453436e-06 7.126343e-08 5.224316e-08 0.26714432 6.190073e-07 1.2150778e-09 1.2049003e-09 1.8694068e-07 0.0041802027 0.03584263 2.5929972e-05 7.060458e-07 0.001055344 7.9619036e-07 0.030006163 1.9551736e-07 0.21381418 2.337117e-07 2.4663925e-06 2.2794243e-06 2.0819627e-05 9.250789e-05 5.256992e-08 2.6536026e-07 0.00012778696 2.1544367e-06 1.2971714e-06 9.851677e-07 1.6043405e-05 1.2405401e-09 7.880778e-07 6.260782e-05
0.966844 0.007984063 0.47681138 0.011056165 0.0040781028 0.003418441 0.0004866908 0.05151673 7.011833e-06 8.6068845e-05 0.8894055 7.2347234e-06 0.9471752 0.00322293 3.977171e-05 5.119962e-06 3.8640115e-05 1.0485712e-05 7.963735e-05 0.0039040805 0.17477405 0.02428849 0.79746956 2.2439888e-06 0.000981649 8.901364e-12 0.0004274608 0.0021709327 0.93956286 0.000759022 0.00022368676 6.2095256e-05 4.727331e-06 0.00064258295 9.1944814e-05 0.62190753 1.2351101e-05 0.12732428 0.0019382508 0.031692788 0.0014082302 0.03667786 0.078337744 0.953593 0.00015461016 0.0044141174 4.843885e-05 0.0013963738 3.6423637e-06 0.38902286 0.01030645 0.93281424 1.1727038e-06 0.0057377755 0.38488412 0.00010548121 0.70528984 0.24839565 0.20874757 0.59660274 0.0006225063 5.8524073e-08 0.00011621495 0.006015268 0.0014495682 0.046199348 0.022837302 0.00027993319 1.5184668e-05 0.0720097 0.00024577236 0.011595943 0.007776407 0.00023105933 1.759925e-06 1.7713514e-08 7.3892625e-05 0.00045187582 4.914074e-05 0.016295083 0.012506479 0.0060840617 0.010377916 0.0006494182 0.0011688714 3.8299266e-08 0.00049482816 0.006397342 0.0052354736 0.070454195 1.4005216e-05 9.324624e-05 0.00037283436 1.1356695e-05 0.0002345181 4.3692544e-05 9.776056e-05 5.0663606e-05 6.2737934e-07 2.5052814e-05 1.5824666e-05
0.7391151 0.0045712483 0.008409613 0.0003682401 0.5983426 0.052944824 0.0048936023 0.000264548 0.0013818262 0.006307137 0.0007489174 0.0015379206 0.00036677415 0.155529 0.000106952415 0.000250163 0.00029280144 0.017340386 0.98273015 2.813067e-05 3.0289979e-05 0.0062455693 0.00030679768 0.14506699 0.08509945 0.0004274608 2.8181163e-10 0.73823154 2.216041e-05 0.99930054 2.9322857e-05 0.20905094 0.9126405 1.8297489e-05 1.961855e-05 6.6669354e-06 7.9412933e-07 1.3184397e-06 0.00264706 0.00019264144 0.00568195 0.00020096426 2.8888942e-06 1.0563942e-05 0.07485892 3.382225e-07 0.002317748 9.533919e-08 2.3183825e-06 2.6079604e-06 1.056162e-06 2.4754247e-06 0.0025483114 3.233198e-07 3.6023482e-07 0.0014547089 2.8103399e-05 7.5380685e-06 7.3490537e-06 9.110692e-06 0.005669574 1.8735287e-06 2.8814913e-05 6.202047e-06 4.8748047e-05 2.779848e-07 0.00022293987 0.0009521604 3.4345732e-07 1.7874812e-06 8.8721134e-07 6.469356e-08 0.00024817622 2.0372065e-07 1.0102833e-06 6.8610314e-07 4.5157338e-07 1.5772925e-05 9.3219394e-05 6.3564346e-07 1.5800016e-06 5.397566e-06 7.071533e-08 9.5455696e-05 1.9064392e-07 0.0025043774 1.1806943e-07 1.2757935e-06 1.325477e-06 6.301319e-08 4.8160796e-06 1.6745177e-07 7.803038e-07 1.5072584e-06 1.722537e-06 1.2944212e-05 8.690109e-06 4.0419953e-05 2.3864925e-07 2.4676888e-06 1.1546279e-07
0.8513644 0.0037905308 0.026996296 0.00047998395 0.55743545 0.022844493 0.0008970825 0.00033944088 5.5031032e-05 0.0009120776 0.0072079175 6.31248e-05 0.0016916718 0.7453799 4.3190637e-05 0.00017104564 1.2983341e-05 0.0042575244 0.28614998 5.739923e-06 7.970732e-05 0.13926741 0.0047198692 0.0054563554 0.9121044 0.0021709327 0.73823154 1.0307683e-14 5.704792e-05 0.99424523 3.3156066e-06 0.9861216 0.07137251 1.9187841e-07 1.284763e-07 0.00046275946 2.2670193e-08 8.791535e-07 0.06286991 0.007902654 0.13414092 0.009265381 1.5727261e-07 1.8982302e-05 0.6842132 9.249231e-08 0.05106269 7.4783216e-08 3.4950835e-07 2.1264096e-07 1.3662557e-07 0.00025543928 0.04951681 3.581007e-08 4.8788298e-08 0.05736188 1.351904e-05 8.700375e-06 0.00046224095 1.4025085e-06 0.17117284 7.331231e-08 4.437635e-06 8.81052e-07 1.8108693e-06 1.216999e-08 0.0049517276 0.065316066 1.0116562e-08 1.5366443e-07 8.3286004e-08 2.4076103e-09 0.007572098 1.5570977e-07 1.0902535e-08 7.511914e-09 2.4686832e-07 8.89857e-05 0.0012174757 2.747792e-07 8.372432e-08 3.2058688e-05 4.072599e-08 0.0006354659 2.0422341e-08 0.06700927 3.528036e-09 9.084961e-07 5.22391e-07 3.73523e-07 2.9574407e-05 1.5359152e-08 4.0023302e-08 7.9736895e-07 5.848661e-07 3.0207375e-06 1.7994701e-07 6.383568e-06 9.39989e-11 4.7281375e-08 7.1377664e-09
0.95828086 0.0054704337 0.1632566 0.022522433 0.0011251427 0.00055027904 0.0004504302 0.229284 1.6126339e-06 1.907064e-06 0.2788921 8.317901e-06 0.958251 0.00023350134 6.683816e-05 1.0140465e-05 0.00010334469 9.94058e-07 1.7226668e-06 0.059625097 0.8443841 0.0018851068 0.038321532 1.7603849e-08 1.4843471e-05 0.93956286 2.216041e-05 5.704792e-05 1.3979054e-10 4.8296322e-05 0.0007240701 1.5252351e-06 4.6132246e-07 0.009622276 0.0010215954 0.026480744 0.00010700945 0.88864934 4.4966746e-05 0.0014396647 0.00010283248 0.0024468733 0.76059425 0.90658695 3.494139e-06 0.28114173 4.4925146e-06 0.067617916 3.844594e-06 0.94666725 0.22971436 0.48212287 2.6823994e-07 0.03403035 0.860733 1.3469841e-05 0.7848577 0.06112609 0.015592527 0.38271806 4.07264e-05 7.398221e-08 0.0010318388 0.059300426 0.015199091 0.30624932 0.0031939659 1.8817953e-05 3.4107194e-05 0.3711685 0.002741538 0.07075915 0.00035043573 0.0024674044 4.801528e-06 5.4848293e-08 0.00027696858 3.695789e-05 1.9316446e-06 0.0024682162 0.07548905 0.00030618443 0.015492128 7.69919e-05 0.009755405 8.126716e-09 0.0006135427 0.026680319 0.0021071432 0.06571476 7.32521e-07 8.010931e-05 0.002101881 2.237913e-06 0.0002868048 7.1203926e-06 6.67991e-05 3.4569555e-05 4.654391e-06 1.3953555e-05 2.268408e-06
0.2785151 0.0009647283 0.0009675888 0.00024941427 0.0968857 0.0075352336 0.00043331782 0.0002264418 5.6335517e-05 0.0014964485 0.0010962983 9.91272e-05 0.00046788913 0.03476228 1.2672548e-05 3.6662623e-05 2.003588e-06 0.003583025 0.19717461 1.3626228e-05 6.434743e-05 0.009893587 0.001297969 0.025746416 0.15926848 0.000759022 0.99930054 0.99424523 4.8296322e-05 3.7008138e-13 1.1848459e-06 0.8946114 0.754201 3.2995981e-06 1.0931313e-06 0.00020008897 9.281072e-07 1.3026118e-05 0.0155628305 0.0016532501 0.027097365 0.0039813835 1.8199013e-06 0.00031423316 0.2849758 5.68491e-07 0.010616537 2.4950097e-07 4.9896294e-06 2.4647297e-06 2.1088294e-07 7.36785e-05 0.01087138 5.3169646e-07 3.1535936e-07 0.020351036 1.3981568e-05 7.038196e-06 4.9128368e-05 8.974213e-07 0.016283035 2.6405408e-07 1.4523779e-06 1.52148605e-05 1.5492813e-05 4.0889537e-07 0.0011965384 0.0036867596 8.356362e-09 3.5790679e-06 2.8373738e-06 5.916153e-09 0.00064677844 1.7179697e-06 2.7046795e-08 6.528409e-08 7.0158067e-06 3.0295123e-05 0.0005293398 1.109777e-06 4.763204e-06 2.092738e-05 5.1919613e-08 3.867442e-06 8.4513664e-07 0.0071078353 7.786744e-09 1.0661015e-06 1.1359733e-06 3.8768155e-07 4.75105e-06 1.9488724e-07 2.2723604e-07 8.71881e-07 2.2712156e-06 6.4968144e-06 1.2907753e-06 9.9966755e-06 5.2052362e-09 5.15624e-07 2.8901406e-09
