1.8419866e-13 0.90258914 0.7655817 0.9370266 0.7730079 0.97402006 0.88907427 0.66164005 0.51715565 0.9185621 0.83187604 0.18354739 0.919531 0.6980906 0.16171741 0.67453605 0.8692728 0.17926566 0.32762006 0.0014255339 0.6905495 0.9835598 0.7529011 0.0014049837 0.82788694 0.9378633 2.6689318e-05 0.0041120993 0.86040086 0.05657689 0.043142173 0.7295607 0.9661976 0.25914168 0.7738887 0.6629662 0.9313101 0.9057877 0.9446437 0.64755946 0.89462936 0.8083495 0.048950177 0.96518916 0.8444868 0.44741324 0.05595338 0.6084559 0.8133425 0.8973346 0.9344443 0.7110604 0.96561927 0.976857 0.9762155 0.953285 0.8617739 0.76320964 0.9578401 0.9216501 0.6748029 0.97427994 0.72036284 0.8594081 0.975286 0.11035844 0.063170925 0.6308199 0.6704886 0.80973476 0.028816175 0.84285796 0.9548102 0.9609868 0.8552429 0.9887925 0.015718732 0.0007561782 0.00930908 0.2539694 0.120521694 0.9940546 0.9224644 0.21700183 0.98350585 0.98630667 0.75078017 0.030247755 0.9997128 0.09660648 0.08930382 0.9233202 0.1923335 0.92610717 0.9998999 0.9619798 0.9930938 0.9998701 0.974208 0.9998788 0.99996877
0.90258914 4.7316465e-12 0.92688763 0.9736154 0.9708555 0.9615058 0.6134712 0.2932681 0.93224007 0.6750863 0.46753338 0.34228012 0.4827117 0.0731429 0.47791466 0.007160072 0.022407707 0.006395164 0.10856233 0.019078637 0.04833322 0.01616378 0.012295817 0.0051620365 0.021534355 0.0980682 6.163189e-05 0.038612165 0.005049756 1.0786349e-05 0.0032027182 0.00064791593 0.02225097 2.0393198e-05 0.005627924 0.0038963698 0.08928085 5.0392387e-06 0.00013839458 0.00059193786 0.00015851679 2.3879085e-05 4.5016175e-05 5.2379875e-07 3.4137766e-08 8.71913e-06 4.6664895e-06 4.1128496e-07 3.687301e-07 0.0005568272 9.791946e-05 6.6874505e-05 0.0070624663 0.07049783 1.6281248e-07 0.00024618878 2.5791355e-06 5.7751413e-06 3.6039066e-06 5.2276675e-07 1.2071874e-06 0.00014949 4.297243e-07 6.8740974e-07 4.6120654e-06 4.5798984e-08 2.1650117e-09 9.305795e-06 3.8969105e-05 8.412239e-05 1.5434178e-05 1.8109382e-08 9.043249e-08 4.5007587e-07 3.2179156e-07 0.003739998 2.2533828e-07 3.1462057e-06 8.0479083e-07 2.5377674e-06 8.705703e-08 0.008396406 7.637923e-06 4.2220603e-07 0.0007128047 2.3849068e-05 2.8343354e-07 8.967297e-06 3.694665e-05 3.9888832e-06 1.2020861e-07 1.2162891e-06 6.9524317e-06 5.9389794e-07 0.00020432571 3.8827006e-06 1.2298419e-07 1.3471542e-06 3.2853978e-07 2.2009795e-05 0.0015493649
0.7655817 0.92688763 3.4519387e-10 0.3390112 0.14394364 0.93473166 0.31184146 0.919956 0.9710753 0.117079094 0.010739336 0.99257493 0.25664648 0.123313285 0.119141705 0.27646136 0.06354493 0.3469548 0.0018904618 0.039598044 0.0052103703 0.0019004319 0.015913304 0.019878775 0.002409962 0.016021367 0.0002495363 0.009261404 0.004076913 0.0005032336 0.00026894247 0.005953074 0.0014728822 4.499025e-05 0.0026306955 0.00037776402 0.039016828 0.00033459772 0.00073484296 0.00021262464 7.774175e-05 5.248349e-05 0.00026774098 9.462843e-05 2.6438116e-05 9.738834e-05 3.7544727e-05 1.8234524e-06 3.461825e-05 0.00057217246 2.4765734e-05 2.8133863e-05 0.0009173877 0.00011887904 5.070416e-07 1.5120737e-05 6.533021e-05 2.9062798e-05 7.950105e-07 5.9208683e-06 3.7740876e-05 0.0007868219 9.894855e-06 2.7733172e-06 3.264108e-05 7.2237157e-07 7.444536e-08 2.9850737e-05 9.468138e-06 9.094211e-05 5.2600088e-05 2.4060127e-09 1.3985957e-05 4.067817e-06 1.4544967e-05 0.000120825294 1.0781299e-05 6.6639673e-06 2.046907e-05 0.00012870952 9.293011e-07 0.0001454324 1.2134233e-05 1.1053123e-06 0.0003502127 0.00010311462 7.509227e-07 0.00033597762 1.6412294e-05 0.00030174037 6.3252037e-06 9.05746e-07 1.00937095e-05 7.451899e-05 0.00010655679 8.181352e-05 6.875815e-07 0.00011943267 1.1851511e-06 5.548888e-05 0.00019443623
0.9370266 0.9736154 0.3390112 1.1520577e-12 0.8402556 0.43115252 0.46497208 0.014568893 0.65683424 0.9849297 0.9293115 0.0020382747 0.23552993 0.007994649 0.6246465 0.002126885 0.0052194465 0.0005372572 0.696819 0.004928572 0.031725813 0.38464567 0.003912049 8.267528e-05 0.02473446 0.89897025 2.719723e-06 0.048012517 0.0007364949 4.908865e-07 0.67181313 0.00017274114 0.02358047 0.0013223062 0.0012755027 0.06382064 0.03322857 7.109092e-07 3.699047e-05 0.022820411 0.008299811 0.0011403837 2.5050676e-06 2.1433772e-07 1.810272e-08 4.1668172e-06 1.3284243e-06 2.4356245e-08 5.5292286e-08 0.00016797423 0.004601882 0.0009053315 0.0023834289 0.38106507 6.871581e-05 0.0034914694 6.902687e-07 4.848345e-07 0.0007712451 2.5793776e-07 5.0091053e-08 5.9463753e-05 5.8632786e-08 1.4395363e-05 4.791131e-06 1.742579e-08 6.4493416e-10 1.9734593e-05 0.0004004889 0.0004241189 2.654172e-05 5.9952164e-08 4.664042e-08 6.8202944e-06 4.114929e-07 0.005469831 2.161849e-07 1.3074512e-06 6.5286423e-07 9.2718055e-06 4.6654385e-08 0.026434481 0.0002200305 4.5247776e-07 0.0008222351 0.00016240875 9.510128e-06 2.7547638e-05 0.0005798295 1.567369e-05 4.4969445e-07 4.4669265e-05 6.738268e-05 8.268292e-07 0.00014790277 2.0513244e-06 8.805619e-06 9.052939e-06 1.5746269e-06 0.00024818873 0.003036304
0.7730079 0.9708555 0.14394364 0.8402556 2.9997668e-13 0.72063416 0.99327856 0.03411233 0.27248093 0.19645064 0.9737204 0.013524897 0.4438526 0.026628131 0.04360649 0.0009967389 0.0035703494 0.0016094751 0.023458436 0.000115971714 0.2528381 0.16034077 0.0064078383 0.00017335474 0.021666994 0.13952206 1.2176788e-07 0.0013074026 0.00068044843 7.209288e-06 0.008098324 0.00047917324 0.0121776955 0.000105760235 0.0027340562 0.012312919 0.023957862 2.274611e-05 0.00024728576 0.0008708 0.00018691724 0.00014481664 8.573203e-06 2.2683128e-06 6.849172e-07 2.9827272e-06 3.446027e-07 1.2780437e-08 4.473464e-06 0.00045954456 0.0008629697 0.00017249865 0.00432009 0.045653034 3.0425251e-06 0.000542491 4.7287513e-06 3.4782155e-05 0.0001939854 4.49166e-07 1.1041556e-06 0.00031907143 8.7816375e-07 1.798338e-05 5.199504e-06 1.697821e-09 5.9462106e-09 2.2723845e-05 5.4102984e-05 0.00017830051 7.748508e-06 3.207162e-07 1.2649906e-07 8.108524e-07 1.4690875e-06 0.007938439 2.3282987e-09 2.4724037e-07 3.5115566e-08 1.858486e-06 1.3551349e-07 0.013946766 4.2841413e-05 2.3167789e-07 0.0014696292 0.00037221125 5.4538423e-06 5.206711e-07 0.00041583375 2.8591912e-06 1.322272e-07 5.108939e-06 7.679087e-06 1.677173e-06 0.0007039646 9.20954e-07 1.9879844e-06 6.3668845e-06 8.3871174e-07 0.00010995615 0.002695658
0.97402006 0.9615058 0.93473166 0.43115252 0.72063416 1.1356904e-12 0.82456106 0.95586145 0.5626704 0.2350616 0.018208297 0.3388604 0.92195773 0.8038359 0.07212433 0.301352 0.39469588 0.17044449 0.004947426 0.00056261616 0.17555575 0.007639381 0.21518217 0.004423907 0.052298874 0.00338169 2.116814e-06 0.0005345444 0.09838765 0.0009247469 3.8929953e-05 0.013721555 0.025059966 1.5993483e-05 0.06007923 0.00059053587 0.2795962 0.00026196535 0.010102666 0.00028123308 1.17035925e-05 1.0564768e-05 0.00011497706 3.7283327e-05 5.2421183e-06 7.579406e-05 2.7375443e-05 2.3635009e-07 2.7947701e-06 0.004649095 1.8484929e-05 2.0260062e-05 0.017345008 0.0045374436 4.258844e-07 1.0727211e-05 4.763429e-05 7.723977e-06 3.3784293e-06 5.1285924e-06 2.218259e-05 0.0029104222 4.216304e-06 1.8936979e-06 3.4334207e-05 4.981268e-07 8.8220595e-08 1.462765e-05 8.675841e-06 4.2855227e-05 1.6913109e-06 7.1839046e-09 1.8568155e-06 1.2041531e-06 6.632548e-07 0.015558236 1.0905209e-06 1.9519164e-06 5.8966043e-06 3.9292368e-06 1.5893365e-06 0.011502346 1.2063618e-05 9.573931e-07 0.006136653 0.00089369423 6.9219357e-07 2.0995627e-05 8.633898e-05 6.2867093e-06 5.538536e-07 4.070465e-07 6.8594613e-07 6.163685e-06 0.0013589944 5.285214e-06 4.808321e-07 3.606432e-05 4.1850348e-07 1.907014e-05 0.0035453162
0.88907427 0.6134712 0.31184146 0.46497208 0.99327856 0.82456106 2.6229825e-14 0.06614163 0.19100204 0.27095088 0.8660619 0.024160907 0.98044443 0.124867946 0.03538704 0.0026264181 0.017581847 0.0022008098 0.019118547 9.5371164e-05 0.7998467 0.37961853 0.022753652 3.6988742e-05 0.1784945 0.024187332 3.464166e-07 0.0004745304 0.0062062903 7.763025e-05 0.0003921985 0.00044464786 0.046348795 1.7285674e-05 0.008214647 0.0023115498 0.06050919 6.891295e-05 0.00040855535 0.00023136778 0.00016455198 4.718766e-05 6.8415415e-05 1.0112121e-05 6.26683e-06 1.0996112e-05 9.187802e-07 1.2646807e-07 7.696309e-06 0.0006646222 0.00068791775 5.5076074e-05 0.006277421 0.032419324 2.3841665e-06 0.0005109587 3.536418e-05 3.4532168e-06 0.000277065 3.8437122e-07 1.8850518e-05 0.00041958972 1.3887727e-06 7.406989e-06 2.6180165e-05 1.229687e-07 2.1619263e-08 1.290499e-05 0.00011847476 8.920005e-05 1.750612e-05 5.22945e-08 7.048695e-08 1.2065971e-06 5.448158e-07 0.020607404 6.7031536e-08 5.2371985e-07 1.7405006e-07 3.798655e-06 4.047586e-08 0.021379484 9.359522e-05 1.8584177e-07 0.0023398863 0.0005774495 2.4499075e-06 1.15874684e-07 0.00051162456 5.2188684e-06 9.03668e-08 1.6340273e-06 9.75033e-07 2.953006e-06 0.001279641 4.578765e-07 2.3164796e-06 3.8060833e-05 3.112395e-07 0.00013869556 0.004459874
0.66164005 0.2932681 0.919956 0.014568893 0.03411233 0.95586145 0.06614163 5.2475217e-13 0.21689168 0.014447917 0.0011387204 0.3897919 0.24982846 0.799193 0.004589866 0.97723573 0.25799966 0.99189043 0.00023876844 0.0006029172 0.018739983 0.00029377788 0.090127885 0.007501241 0.003121107 0.00024257154 2.1751353e-06 0.00032113233 0.029292531 0.019185686 1.6004362e-05 0.12833251 0.0028958456 1.8033279e-06 0.02896778 6.8444715e-05 0.06816159 0.005367858 0.042639595 3.3510947e-05 1.9198073e-05 8.600957e-06 0.009724947 0.002243819 0.00016089366 0.00013853547 0.0001361535 7.230585e-06 4.4422144e-05 0.0062337546 4.0610357e-05 3.2390321e-06 0.003870095 0.00020601449 4.57021e-07 2.1412425e-05 0.00016551993 1.5759948e-05 1.1486712e-06 3.5768908e-06 1.772647e-05 0.0024697043 1.8488225e-05 2.5505808e-06 2.7013195e-05 5.9637085e-07 3.661456e-08 2.326745e-05 4.1447693e-06 0.00014179843 1.0968153e-06 1.155773e-08 2.1630751e-06 3.6192334e-06 2.577853e-05 0.0011377549 6.2434015e-07 9.031609e-07 9.783732e-07 1.2158187e-05 2.9895991e-06 0.0005957618 4.127908e-05 6.6398894e-07 0.0010013679 0.0016197257 7.9102944e-07 1.204079e-05 0.00014560364 3.4087425e-05 1.297899e-06 1.860403e-06 1.8532985e-06 9.7771335e-06 0.00036360996 1.9901458e-05 1.2726351e-06 5.2282114e-05 2.8693007e-06 9.561905e-05 0.00035103783
0.51715565 0.93224007 0.9710753 0.65683424 0.27248093 0.5626704 0.19100204 0.21689168 3.196758e-13 0.35046032 0.08540955 0.89734006 0.037715252 0.0075281085 0.6054775 0.008021688 0.003956589 0.035705872 0.010132186 0.99289036 0.0017092497 0.005580079 0.0007746559 0.19865471 0.0009514433 0.112517655 0.0031288257 0.5216564 0.00017967292 9.366126e-06 0.020380495 7.389468e-05 0.0012638579 0.0010705758 0.00047435236 0.00058396964 0.004685913 2.6728469e-05 3.482278e-05 0.00022763442 0.00020176679 8.959719e-05 2.9003186e-05 6.930298e-07 8.871696e-06 1.9647991e-06 1.0715267e-05 6.315361e-08 2.3286307e-06 6.616539e-05 8.3624065e-05 0.0002919908 0.00024930606 0.0019428044 1.2164207e-05 0.000106498985 7.869922e-06 1.6680442e-06 6.075857e-06 9.796316e-07 3.9718093e-06 4.7862627e-06 5.355079e-07 3.4669308e-06 3.2296464e-06 2.0485931e-08 2.7377384e-10 2.5575433e-05 2.6858223e-05 0.0001289057 6.3063217e-06 8.060032e-08 7.296286e-08 4.8619444e-05 4.1121123e-07 0.00035275554 5.3881357e-09 3.3903567e-07 3.6618488e-07 1.5304572e-06 3.433987e-07 0.0005205234 3.4763187e-05 2.2892887e-06 0.00033580675 0.00025450942 8.75149e-07 1.5617444e-06 7.698221e-05 2.8816645e-05 4.432033e-09 2.2614387e-05 2.1207185e-07 7.7693716e-07 0.00028552377 9.1698695e-08 8.257863e-06 8.58989e-06 5.925803e-07 6.7687606e-06 0.00035686744
0.9185621 0.6750863 0.117079094 0.9849297 0.19645064 0.2350616 0.27095088 0.014447917 0.35046032 2.9325523e-10 0.2335677 0.0010786356 0.025402807 0.0009911038 0.98124313 0.0008606467 0.001442361 0.0015906082 0.9718865 0.015051916 0.0022351148 0.05206358 0.0008476135 3.2566302e-05 0.0028202485 0.75421804 5.501179e-06 0.1806717 0.00037206095 2.3503808e-05 0.826389 2.530755e-05 0.005016334 0.008277563 0.0004153659 0.004679496 0.008066501 2.3052105e-05 1.0308802e-05 0.007746175 0.001889449 0.0058489544 3.575157e-05 1.8836115e-06 3.6121648e-06 1.3658662e-05 1.5255122e-05 1.5475638e-07 2.630383e-06 6.829143e-05 0.0012260133 0.0006792879 0.0007032406 0.15763918 0.00024583263 0.0014764186 1.7719049e-05 3.5711578e-06 0.00052727136 3.5242685e-06 1.1125185e-06 4.2158637e-05 2.1413475e-06 6.698876e-05 2.1597576e-05 6.297582e-08 3.1234098e-08 0.00023737033 0.00022270739 0.00045872488 0.00027019446 2.1694673e-06 1.8130604e-06 0.00016610279 2.8367433e-06 0.0021552506 1.6753667e-06 1.1040013e-05 7.054808e-06 2.831882e-05 2.0972404e-06 0.011205979 0.00033557558 8.948793e-06 0.0019116894 0.00016053807 0.00012826815 2.7716078e-05 0.00042470376 4.145366e-06 1.0488005e-06 0.0008803122 8.208891e-06 1.1619288e-06 0.0008837576 4.6956427e-07 0.00021201739 5.129999e-05 9.890194e-06 0.00010500879 0.0031998837
0.83187604 0.46753338 0.010739336 0.9293115 0.9737204 0.018208297 0.8660619 0.0011387204 0.08540955 0.2335677 2.4487577e-14 0.0016127342 0.3653927 0.002779534 0.05334953 9.564559e-05 0.0014504036 0.00011840135 0.08120241 1.1365059e-05 0.43254662 0.994231 0.0037471133 4.5664874e-06 0.09417695 0.78004056 2.2871848e-08 0.00086189597 0.00034646582 1.0222898e-06 0.041241564 3.2005744e-05 0.047511604 0.0011168754 0.0014748874 0.20730066 0.0070027253 1.0366015e-06 1.2731675e-05 0.014333152 0.0076494925 0.0028084363 1.8606407e-06 2.004267e-07 3.8144275e-08 3.997917e-06 1.7979717e-06 2.551971e-09 4.3668763e-07 0.00013450156 0.009711294 0.0024600031 0.0028164266 0.05930704 0.0002551189 0.0026370406 3.0451117e-06 9.348799e-07 0.002490372 4.4914458e-07 1.5342844e-06 4.5014116e-05 4.7274187e-07 0.00030046597 2.0509428e-06 2.719353e-09 4.3946e-09 0.00018424657 0.00074915146 0.0005865078 0.00014761715 5.614661e-07 5.6465808e-08 4.0201303e-06 9.039511e-07 0.017117806 2.2535977e-07 4.898675e-07 4.8295857e-07 1.6288765e-05 5.1739597e-08 0.045724057 0.0003463098 8.6571866e-08 0.002300535 0.00025728514 8.930748e-05 1.3921289e-06 0.00086440495 2.9208102e-06 1.3737422e-07 0.00010263927 9.5414425e-06 1.7834559e-06 0.0005874683 3.8865923e-07 1.25765555e-05 4.3173654e-06 1.8707478e-05 0.0004417244 0.008627517
0.18354739 0.34228012 0.99257493 0.0020382747 0.013524897 0.3388604 0.024160907 0.3897919 0.89734006 0.0010786356 0.0016127342 2.0456254e-12 0.010137174 0.0035766966 0.0014396936 0.025362615 0.0014965242 0.29963565 3.450957e-05 0.048673876 0.00034260645 0.00015106893 0.0005470733 0.99954283 4.193481e-05 0.0024955121 0.00031512324 0.00046062242 6.3492065e-05 0.00053898327 0.00041508 0.00032713116 9.0635695e-05 5.4384886e-06 9.557229e-05 1.5669415e-05 0.0004118681 1.8721008e-05 7.2073264e-05 2.068495e-05 2.8866389e-06 3.604914e-06 0.0009973298 2.3117018e-06 9.776401e-07 6.380081e-06 4.4384287e-05 5.020629e-07 1.6531342e-06 1.2922443e-05 3.0297056e-07 5.603748e-07 1.6425995e-05 1.0510972e-05 4.0133363e-09 1.0150203e-06 2.7553324e-06 1.1754527e-06 1.3298255e-07 1.4196228e-06 2.2978234e-06 1.0195325e-06 2.0385603e-06 7.012572e-07 1.3540581e-06 5.692418e-07 7.815315e-08 1.3393803e-05 1.3914255e-06 1.6294056e-06 2.0959396e-05 1.3566095e-08 6.5946233e-07 1.8339468e-05 4.4273083e-06 5.5329934e-07 4.6659795e-07 3.3508226e-07 7.7466945e-07 6.88957e-06 3.5280686e-06 1.93741e-06 7.237335e-07 5.091159e-07 4.963363e-05 1.4752897e-05 1.1413508e-06 5.9740404e-07 9.752766e-07 1.0797645e-06 1.4324151e-07 7.3231186e-06 9.114685e-07 1.6851124e-06 4.694017e-05 2.775905e-06 8.538752e-08 1.2620097e-05 3.3571926e-08 2.1866357e-07 1.1769463e-05
0.919531 0.4827117 0.25664648 0.23552993 0.4438526 0.92195773 0.98044443 0.24982846 0.037715252 0.025402807 0.3653927 0.010137174 2.113977e-12 0.599483 0.0053383172 0.071216084 0.5670946 0.015620463 0.0022693386 1.1179986e-05 0.98911667 0.2417186 0.50107914 2.255705e-05 0.5217463 0.019368373 3.573222e-08 8.251852e-05 0.26742324 0.00040041696 0.00015536396 0.0062032104 0.15420982 7.392706e-06 0.103042446 0.0014571636 0.36855742 0.0004640614 0.008853634 0.00035560044 9.397857e-05 1.8679919e-05 3.3407465e-05 5.030133e-05 3.91772e-06 2.4387708e-05 5.9442805e-06 1.3096793e-07 1.0677158e-05 0.005376872 0.0010402167 9.566757e-05 0.040016633 0.03846957 2.3562689e-06 0.00034104515 8.285627e-05 8.076877e-06 0.0001680521 2.1344604e-06 5.646315e-05 0.0025885243 7.2206417e-06 3.2774522e-05 5.7616442e-05 1.9050562e-07 1.3539359e-09 1.3534907e-05 0.00021647655 9.579412e-05 2.5430804e-06 8.112193e-08 4.6879552e-07 2.1769324e-06 1.074084e-06 0.054977242 5.8283655e-07 7.433316e-07 1.5388623e-06 1.44042e-06 6.1019875e-08 0.06694629 0.00017656408 5.356377e-07 0.014331196 0.0027780198 2.049412e-06 6.3698844e-06 0.0010421957 2.0302448e-06 2.1024157e-07 1.6711059e-06 2.0498321e-06 1.0568678e-05 0.0056310166 7.362557e-06 3.0351382e-06 3.6088648e-05 1.2263897e-06 8.3784595e-05 0.01898606
0.6980906 0.0731429 0.123313285 0.007994649 0.026628131 0.8038359 0.124867946 0.799193 0.0075281085 0.0009911038 0.002779534 0.0035766966 0.599483 1.833301e-13 6.9321955e-05 0.9800055 0.9981054 0.50234866 6.4023525e-06 3.3748001e-06 0.31862813 0.0013988203 0.7214847 2.0220219e-05 0.010155675 0.00014860943 2.8981024e-08 1.1774941e-05 0.3179697 0.023617089 6.1130427e-06 0.8446452 0.0059634703 2.40704e-06 0.098126605 0.00012352507 0.08675666 0.06927369 0.13687225 4.3243475e-05 5.1970947e-06 1.4956267e-07 0.004279217 0.0032965397 0.0009213656 0.00072532933 5.096882e-05 0.00013059645 0.00043463727 0.008461977 1.896077e-05 2.5619413e-06 0.011324688 0.00089807675 2.2408335e-07 7.606244e-06 0.0002843073 6.38449e-05 2.4157928e-06 8.497429e-06 0.00015049202 0.0057591703 1.3963593e-05 9.563319e-07 0.00020694785 1.0892725e-06 1.8584435e-08 4.5703127e-06 2.7059461e-06 3.16722e-05 2.2600265e-07 9.631571e-09 1.0390531e-06 1.5895868e-08 3.1925922e-06 0.008243986 6.114485e-07 2.0844091e-08 9.744529e-07 8.2674796e-07 8.8486516e-08 0.0050346735 8.293323e-06 6.570611e-07 0.0038134642 0.0014737613 2.4022273e-07 1.7578753e-06 8.065412e-05 1.565391e-07 3.0398746e-06 2.7878235e-07 6.4702294e-07 8.920112e-06 0.0020388735 3.0344493e-06 5.435194e-07 5.677081e-05 3.6101742e-08 3.7388133e-06 0.0012643401
0.16171741 0.47791466 0.119141705 0.6246465 0.04360649 0.07212433 0.03538704 0.004589866 0.6054775 0.98124313 0.05334953 0.0014396936 0.0053383172 6.9321955e-05 8.67383e-12 0.00036566603 0.00015414608 0.00063214597 0.98078716 0.0840226 0.0001879022 0.003579188 0.00010731327 0.00013809951 0.000100580066 0.48787403 0.00017663464 0.99878645 1.4847011e-05 6.740045e-06 0.17272964 3.383201e-06 0.00079882273 0.006641359 6.690186e-05 0.00093637453 0.00075358513 7.4782292e-06 1.0690199e-05 0.0006496285 0.000977334 0.0013183701 8.872093e-06 8.3328314e-07 1.995986e-06 2.1027317e-06 2.652192e-06 1.07840144e-07 9.676598e-06 2.3940947e-05 0.0003154164 0.0001802133 0.00014581611 0.0066156024 3.715562e-05 0.0007595542 9.112486e-07 1.2765017e-06 5.3626234e-05 1.6979457e-07 5.1165335e-07 2.4124035e-06 4.9504666e-07 4.5918096e-05 1.2091434e-05 1.6634212e-08 5.6490235e-09 3.763058e-05 0.000115481576 0.0002449737 0.00010547015 3.5981886e-06 2.0322032e-06 0.0010169825 7.9963905e-07 0.000572885 3.9976538e-08 3.723717e-07 1.18056256e-07 7.541703e-05 1.0158899e-06 0.0021479193 0.00019312359 1.7271883e-05 0.0010020606 0.00022849723 0.00034050905 9.45555e-06 0.00062891474 3.271694e-05 2.865251e-08 0.00033385854 1.0514466e-06 1.1475347e-06 0.00047865006 5.111597e-07 6.327518e-05 1.6759795e-05 6.77436e-06 0.0005981643 0.0008081227
0.67453605 0.007160072 0.27646136 0.002126885 0.0009967389 0.301352 0.0026264181 0.97723573 0.008021688 0.0008606467 9.564559e-05 0.025362615 0.071216084 0.9800055 0.00036566603 2.918614e-13 0.6249926 0.93183935 1.4708819e-06 1.2510547e-05 0.0055130892 0.00024483053 0.23612845 0.00051919644 0.0017049168 0.00012135362 6.243544e-07 1.9276615e-05 0.17204802 0.6912619 2.502663e-06 0.9887209 0.0009139571 2.942843e-06 0.05622253 7.686652e-05 0.07070744 0.20424691 0.3793235 6.400756e-05 2.8885167e-06 6.203653e-07 0.09766529 0.05564088 0.00469074 0.004272448 0.0020497504 0.00077762775 0.0010875828 0.012869321 1.0352348e-05 2.504155e-06 0.0022840323 0.000374206 2.9980205e-07 2.8610216e-06 0.0012997341 0.00018159572 3.6576535e-07 1.3378803e-05 0.000637669 0.0058124796 8.6957334e-05 2.8879247e-06 0.00019324038 0.00011770961 5.9054116e-08 1.2298736e-05 1.4157001e-05 4.073825e-05 2.8094448e-07 1.1349651e-08 2.2781965e-06 2.9918394e-07 1.7336375e-05 0.0031348637 1.1263835e-05 2.5480196e-07 3.41554e-05 1.4463996e-06 3.5151352e-06 0.0012211095 1.2764305e-05 6.4264384e-07 0.0042262683 0.0014807058 5.837015e-07 2.434611e-05 4.6961304e-05 4.9262662e-06 1.2650185e-05 1.4441426e-07 1.7102294e-06 9.5168914e-05 0.00089198997 5.131846e-06 6.994065e-07 9.090362e-05 6.3653665e-08 8.326766e-06 0.00091764535
0.8692728 0.022407707 0.06354493 0.0052194465 0.0035703494 0.39469588 0.017581847 0.25799966 0.003956589 0.001442361 0.0014504036 0.0014965242 0.5670946 0.9981054 0.00015414608 0.6249926 1.6366877e-10 0.04849149 5.984758e-06 1.561469e-06 0.21927933 0.004083962 0.9939257 9.601944e-06 0.023618033 0.0003110747 2.5523276e-08 4.83802e-06 0.622154 0.006101592 1.1017e-05 0.6081964 0.01592463 1.79903e-06 0.2658117 4.3805365e-05 0.40218747 0.025309555 0.30691707 4.0122228e-05 4.4352914e-06 7.619233e-06 0.0013521453 0.0043922523 0.00044182278 0.0001404665 2.7602811e-05 6.2107656e-06 0.00028346071 0.017497359 1.5713696e-05 4.5261117e-05 0.02340582 0.0019247663 3.4411696e-07 1.5082283e-05 0.00020588643 6.207915e-05 7.531996e-06 6.254203e-06 0.00021019517 0.011279655 4.9121107e-05 9.2578275e-06 0.00015117083 1.40243155e-05 3.8561222e-07 1.3630543e-05 5.6987512e-05 4.45569e-05 4.1727103e-06 2.246857e-07 6.488855e-07 2.8781022e-07 5.457687e-06 0.022108316 1.3762709e-06 4.5499615e-07 4.2527236e-07 4.11489e-07 5.4442747e-08 0.014224141 2.6385927e-05 4.8507335e-08 0.012790504 0.002043602 2.1213732e-06 3.9863357e-06 0.000119065226 1.5916057e-06 1.1803436e-06 2.7825204e-06 3.0010742e-06 4.887928e-05 0.002089436 3.4411717e-06 1.3055287e-06 0.00011251657 2.8903588e-07 1.9842219e-05 0.0022489808
0.17926566 0.006395164 0.3469548 0.0005372572 0.0016094751 0.17044449 0.0022008098 0.99189043 0.035705872 0.0015906082 0.00011840135 0.29963565 0.015620463 0.50234866 0.00063214597 0.93183935 0.04849149 3.7595432e-14 4.817258e-05 0.00057708006 0.003973003 2.7573504e-05 0.02328031 0.07007409 0.00012699256 6.2534426e-05 6.7509677e-06 5.7538855e-05 0.009030711 0.99968094 3.4223856e-06 0.7187222 0.00021577906 1.8272499e-07 0.008581482 5.5468826e-07 0.004289757 0.030259948 0.06949511 1.42241515e-05 2.739644e-07 5.3097253e-08 0.35368702 0.0054597985 0.00057527993 0.0021872376 0.003580007 0.00020173138 0.00037497818 0.0024414517 2.5091608e-06 6.744111e-07 0.0012641388 0.00030820296 1.0772338e-07 1.2401794e-05 0.00031654883 4.0954757e-05 4.9832926e-07 2.8217173e-06 0.00019453434 0.0010338378 9.3613344e-05 6.8954955e-07 9.772346e-05 0.0001301027 2.2558984e-07 1.5129788e-06 1.3607041e-06 5.5382434e-06 1.1378159e-07 3.7590958e-08 1.7047556e-07 4.5908155e-07 3.24671e-05 0.00050576474 1.4080372e-07 2.373636e-09 1.5217009e-07 1.033294e-06 8.968686e-07 0.00015500773 1.5218149e-06 1.6381884e-08 0.00061896513 0.0007573745 3.46406e-07 9.2152766e-07 3.6370166e-05 1.741197e-06 4.8180272e-08 5.4009877e-07 2.9732075e-08 7.684801e-06 0.00055884663 6.8949403e-06 7.9959403e-07 8.632302e-05 1.6920988e-09 2.1699978e-05 0.00064957957
0.32762006 0.10856233 0.0018904618 0.696819 0.023458436 0.004947426 0.019118547 0.00023876844 0.010132186 0.9718865 0.08120241 3.450957e-05 0.0022693386 6.4023525e-06 0.98078716 1.4708819e-06 5.984758e-06 4.817258e-05 1.071924e-13 0.0002984153 0.0003694267 0.02053188 1.0388783e-05 8.76137e-07 9.386338e-05 0.734329 7.373592e-07 0.9814535 3.2398125e-07 2.0432344e-07 0.9515117 6.542794e-08 0.00012548934 0.049166642 2.8078684e-06 0.010989483 2.6358386e-05 2.9893112e-08 3.7622286e-07 0.0045069894 0.0017491402 0.010453338 3.2699342e-07 9.104754e-09 8.991367e-10 1.537114e-08 5.6168158e-08 1.3969065e-09 5.713906e-11 9.297133e-07 0.0004914074 0.0005398455 5.702309e-06 0.00905291 0.00034462113 0.00015918806 8.237141e-09 3.1836226e-08 5.0126924e-05 1.770004e-08 1.7998493e-09 8.448501e-08 5.0139395e-09 9.85142e-06 2.2342823e-07 7.425866e-10 2.9367178e-09 4.798887e-06 2.4325409e-05 9.5529e-05 0.00012205488 7.032705e-07 5.64267e-09 1.8089766e-05 3.286079e-08 4.0802693e-06 4.6027193e-08 5.397502e-07 6.301881e-09 7.081137e-06 1.6308466e-08 0.000110177316 2.5261781e-05 2.3156026e-06 6.6929524e-06 1.5090908e-06 1.1366805e-05 3.9968604e-08 4.7554127e-05 4.771972e-07 5.800949e-09 9.335498e-05 3.1167863e-06 4.287948e-08 1.4473497e-05 2.5453367e-08 0.0001400163 1.8271621e-06 4.9066235e-05 0.0001263176 0.00043862537
0.0014255339 0.019078637 0.039598044 0.004928572 0.000115971714 0.00056261616 9.5371164e-05 0.0006029172 0.99289036 0.015051916 1.1365059e-05 0.048673876 1.1179986e-05 3.3748001e-06 0.0840226 1.2510547e-05 1.561469e-06 0.00057708006 0.0002984153 1.6398715e-14 2.4807373e-06 3.0868976e-06 3.4397049e-06 0.30671063 2.7214912e-07 0.0005651148 0.99944365 0.9776767 3.7157315e-07 8.507894e-07 0.00061272405 1.4635339e-07 1.0017595e-05 0.00017726934 7.8337507e-07 8.570268e-06 2.9615514e-06 5.775871e-07 4.3661308e-07 3.6627969e-06 6.3180364e-06 1.3153747e-05 7.176164e-06 8.5672845e-08 7.986547e-08 3.9877096e-07 3.7145023e-07 1.0013287e-07 4.4189417e-07 1.0702609e-06 2.236299e-05 2.9185157e-06 8.811189e-06 0.00024548423 2.5617626e-06 1.066098e-05 3.1887826e-06 1.0305524e-06 1.8883085e-05 2.4901365e-07 2.2170643e-07 1.1338963e-06 1.0496156e-07 2.6048283e-06 2.3994721e-06 5.418748e-08 5.3932356e-09 1.7878128e-05 3.946115e-05 4.3862052e-05 2.6971982e-05 6.8872407e-07 8.53279e-07 9.3898925e-05 2.8106402e-07 6.575169e-05 1.541085e-09 1.5967224e-07 2.5916347e-09 3.7678537e-06 1.0643815e-06 3.190509e-05 4.2751093e-05 1.5795904e-06 7.974884e-05 0.00010982599 2.0515906e-06 2.0730479e-06 0.00010739027 7.251706e-05 3.7725993e-08 4.9701057e-06 1.5723738e-07 2.2807244e-08 7.375851e-05 5.15848e-08 2.1440123e-06 4.9555535e-07 2.5701473e-07 6.716333e-05 3.3478078e-05
0.6905495 0.04833322 0.0052103703 0.031725813 0.2528381 0.17555575 0.7998467 0.018739983 0.0017092497 0.0022351148 0.43254662 0.00034260645 0.98911667 0.31862813 0.0001879022 0.0055130892 0.21927933 0.003973003 0.0003694267 2.4807373e-06 1.9168523e-15 0.639463 0.62229496 1.645365e-07 0.9987788 0.009570619 3.6741742e-08 1.5755237e-06 0.46108562 0.00013096625 4.1843527e-05 0.008303263 0.37034515 5.9024896e-06 0.44448245 0.013043199 0.4474704 0.0017461709 0.009046986 0.0013373599 0.0007273034 6.0020564e-05 9.8886805e-05 6.6025204e-05 0.00010547879 2.0839789e-05 6.4761684e-07 6.0820224e-07 6.619859e-05 0.0046626595 0.003196067 0.00039385317 0.07060991 0.023308173 1.51566865e-05 0.004004798 0.00024529986 5.289371e-05 0.0012475948 1.7729173e-05 0.00010750063 0.0012861381 1.5840247e-05 6.94447e-05 0.0001061439 1.251276e-06 6.3122023e-09 1.0382207e-05 0.00039569716 0.00023266753 5.4062725e-06 1.2684706e-06 1.8270644e-06 3.7502136e-07 3.0008366e-06 0.05702014 1.8275802e-08 2.2368386e-07 2.465707e-07 9.4147657e-07 1.538965e-08 0.045291282 0.00023466507 3.5684596e-07 0.015582939 0.0049107247 7.1249165e-06 2.2988614e-07 0.0015863997 4.7804446e-07 8.742977e-08 2.8144152e-06 1.1267806e-06 3.6730396e-06 0.014637831 1.8180123e-06 5.084999e-06 0.000104349405 3.3528895e-06 0.0003409544 0.02190361
0.9835598 0.01616378 0.0019004319 0.38464567 0.16034077 0.007639381 0.37961853 0.00029377788 0.005580079 0.05206358 0.994231 0.00015106893 0.2417186 0.0013988203 0.003579188 0.00024483053 0.004083962 2.7573504e-05 0.02053188 3.0868976e-06 0.639463 5.041357e-16 0.009197604 7.601904e-07 0.7366875 0.8007927 2.968695e-09 0.0001184062 0.001660179 4.1454155e-07 0.0049456563 3.2675216e-05 0.6908634 0.005272045 0.003546376 0.52228427 0.02937638 1.6237102e-07 9.941661e-05 0.24531728 0.15569043 0.017434506 2.3240939e-06 1.0054765e-06 5.570906e-08 3.3375795e-06 2.730796e-07 9.429277e-09 2.3248904e-07 0.0007037656 0.69643605 0.021698507 0.046396095 0.87466353 0.0020397478 0.07105035 6.3602574e-06 5.254366e-08 0.121023834 9.139591e-08 2.234017e-06 0.0006478124 4.2553685e-07 0.0025127493 1.3263819e-05 2.9311346e-08 1.9307695e-08 0.00061589584 0.025142089 0.009424307 0.0010566356 8.059964e-06 1.8651133e-07 1.37889e-05 6.086632e-08 0.30709922 3.5076873e-08 1.8344132e-06 2.1355606e-07 3.7219703e-05 3.7281207e-08 0.6078722 0.008507712 1.6290529e-06 0.050461426 0.0031071755 0.00073874556 8.014935e-07 0.0334746 4.687122e-06 9.925968e-08 0.00041064873 2.1201222e-05 4.664772e-06 0.00472599 4.0420719e-07 0.00014396827 0.000109758774 6.885035e-05 0.016681692 0.09022074
0.7529011 0.012295817 0.015913304 0.003912049 0.0064078383 0.21518217 0.022753652 0.090127885 0.0007746559 0.0008476135 0.0037471133 0.0005470733 0.50107914 0.7214847 0.00010731327 0.23612845 0.9939257 0.02328031 1.0388783e-05 3.4397049e-06 0.62229496 0.009197604 3.0287272e-12 4.069101e-06 0.06738537 0.0004628283 1.2121544e-07 4.8804773e-06 0.99677914 0.0021457449 1.544079e-05 0.30853286 0.01495067 2.3492773e-06 0.58657724 0.00031951416 0.3120002 0.035073787 0.49579078 0.0001073955 2.497238e-05 6.7918586e-06 0.0008625299 0.0011355397 0.0013109916 0.00066800055 2.190403e-05 0.000102119455 0.00038064134 0.020661013 4.967478e-05 4.0991916e-05 0.022847608 0.0016194469 4.1592915e-07 3.410274e-05 0.00027486432 0.00013166982 1.3337032e-05 2.0211006e-05 0.00041762518 0.0036530267 8.802038e-05 7.701499e-06 0.00017023797 1.4435726e-05 3.1851067e-07 1.003031e-05 4.8077487e-05 3.375336e-05 1.3373848e-06 3.0321377e-08 5.2652563e-06 2.4020304e-07 6.1601886e-06 0.019705975 7.387832e-07 1.9762295e-07 8.111378e-07 2.7465896e-07 3.856869e-07 0.0119850105 2.6542479e-05 1.2905852e-07 0.01416853 0.002883182 1.7601147e-06 5.202301e-06 0.00018025216 1.275131e-07 3.639032e-07 2.034119e-06 1.2327264e-06 1.9323274e-05 0.0030006547 9.069838e-07 9.595668e-07 8.037394e-05 9.2091886e-07 1.6911199e-05 0.004532481
0.0014049837 0.0051620365 0.019878775 8.267528e-05 0.00017335474 0.004423907 3.6988742e-05 0.007501241 0.19865471 3.2566302e-05 4.5664874e-06 0.99954283 2.255705e-05 2.0220219e-05 0.00013809951 0.00051919644 9.601944e-06 0.07007409 8.76137e-07 0.30671063 1.645365e-07 7.601904e-07 4.069101e-06 1.1075331e-14 8.635488e-07 2.1983176e-05 0.9996336 0.00016114241 2.4591688e-07 5.4403074e-05 1.5462127e-05 9.1908163e-07 1.7366996e-06 7.7914234e-07 2.064005e-06 3.19429e-07 2.4154838e-06 6.0327466e-07 1.0975634e-06 8.466909e-06 1.0910129e-06 1.7268866e-07 0.00083701377 6.5427066e-08 6.017476e-08 2.2046656e-06 1.0397535e-05 6.97712e-08 7.344723e-08 8.640274e-07 8.2335795e-08 5.967904e-08 1.0840702e-06 9.2821426e-07 7.1071327e-09 5.4462146e-07 8.0455607e-07 1.1588127e-06 7.03415e-08 2.0245787e-07 1.3482422e-07 1.0657421e-07 6.872763e-08 2.7017646e-09 5.551037e-07 6.757609e-08 1.7976957e-08 8.7378885e-07 1.3584473e-07 1.6584991e-07 3.9969827e-08 2.1003927e-08 2.0258032e-07 4.3493165e-07 4.9887253e-06 4.192321e-07 1.1254719e-07 5.175497e-09 3.5982193e-08 2.7780143e-07 6.1438635e-07 4.1228284e-07 1.8307306e-08 6.423757e-10 1.3391287e-05 5.566795e-06 4.994035e-07 7.381895e-07 1.7837596e-07 2.2895877e-06 3.0472584e-08 2.6548691e-06 2.4186901e-08 5.430432e-07 1.14458535e-05 1.2744582e-06 3.424792e-08 1.403734e-06 6.9139654e-09 1.3299194e-07 8.446955e-06
0.82788694 0.021534355 0.002409962 0.02473446 0.021666994 0.052298874 0.1784945 0.003121107 0.0009514433 0.0028202485 0.09417695 4.193481e-05 0.5217463 0.010155675 0.000100580066 0.0017049168 0.023618033 0.00012699256 9.386338e-05 2.7214912e-07 0.9987788 0.7366875 0.06738537 8.635488e-07 1.7591855e-13 0.01060081 2.7370886e-08 8.013197e-06 0.020760138 1.9428968e-05 7.472979e-05 0.0007392061 0.9945556 1.8890515e-06 0.06971983 0.0059735677 0.2705789 4.7954716e-05 0.0023236861 0.0010969839 0.00067851745 3.0868287e-05 1.6489277e-05 5.5798546e-06 2.1282729e-06 2.978043e-06 1.0198942e-06 4.6218535e-08 8.448446e-06 0.0067202575 0.006710513 0.00038667524 0.12404138 0.13186426 5.823901e-06 0.012565036 3.351903e-05 9.528784e-06 0.0019068549 9.291557e-07 3.8850805e-05 0.0025949392 2.095439e-06 3.7196354e-05 5.7808094e-05 8.192701e-06 2.6829701e-07 3.1620533e-05 0.0009774304 0.0005277679 7.726774e-05 6.691373e-07 1.3379325e-07 1.7158184e-06 8.6317004e-07 0.16704614 6.02275e-07 1.4716542e-07 6.384639e-08 1.3734141e-06 4.1417067e-08 0.22518992 0.00035589898 1.6749568e-07 0.053523 0.007269419 5.3086605e-05 1.1494395e-06 0.0024278422 1.407321e-06 3.112288e-07 3.8199923e-05 3.3027782e-06 8.902462e-06 0.005194672 1.0155484e-07 3.629046e-06 3.479732e-05 2.756226e-06 0.0003279799 0.03414222
0.9378633 0.0980682 0.016021367 0.89897025 0.13952206 0.00338169 0.024187332 0.00024257154 0.112517655 0.75421804 0.78004056 0.0024955121 0.019368373 0.00014860943 0.48787403 0.00012135362 0.0003110747 6.2534426e-05 0.734329 0.0005651148 0.009570619 0.8007927 0.0004628283 2.1983176e-05 0.01060081 1.5465036e-12 5.170064e-06 0.06589619 0.000107153544 2.283996e-06 0.96966887 4.485626e-06 0.009489472 0.30655932 4.9151753e-05 0.98777777 0.0015300793 2.1331303e-07 2.3924754e-06 0.35941353 0.2645757 0.87303895 3.4150532e-06 1.5642374e-07 1.173267e-07 2.177116e-07 3.795758e-06 1.18987856e-07 3.7214267e-07 1.1342798e-05 0.15809801 0.12615776 0.0021934428 0.45334733 0.009186607 0.046658475 5.2361524e-06 7.930293e-06 0.0653089 4.1313715e-06 1.473454e-06 6.5900995e-06 1.565795e-06 0.0011949243 1.7002768e-06 2.3348594e-08 3.7483597e-10 0.0006673228 0.0012089624 0.0028486177 0.012264963 7.087937e-05 2.0971153e-07 0.00017415259 1.2654806e-07 0.014308158 2.965713e-07 5.672191e-06 2.9597215e-06 4.735893e-05 2.465742e-07 0.08505272 0.0024901533 4.1040345e-05 0.0014548247 0.00022164057 7.259733e-05 2.317118e-06 0.0036308982 4.1063755e-05 8.4017915e-07 4.417947e-05 2.5496847e-05 1.179507e-07 0.00055187044 7.866835e-07 2.1560967e-05 2.1164506e-06 4.4532794e-06 0.0043913913 0.015633466
2.6689318e-05 6.163189e-05 0.0002495363 2.719723e-06 1.2176788e-07 2.116814e-06 3.464166e-07 2.1751353e-06 0.0031288257 5.501179e-06 2.2871848e-08 0.00031512324 3.573222e-08 2.8981024e-08 0.00017663464 6.243544e-07 2.5523276e-08 6.7509677e-06 7.373592e-07 0.99944365 3.6741742e-08 2.968695e-09 1.2121544e-07 0.9996336 2.7370886e-08 5.170064e-06 7.803029e-15 0.75399905 6.710608e-09 6.3862795e-09 1.2500218e-05 1.1022469e-08 1.0766107e-08 8.522835e-07 1.5318195e-08 2.0795218e-07 1.7747434e-08 6.841475e-09 8.343478e-09 1.5087326e-06 1.5898588e-07 1.2486213e-08 3.9006782e-08 6.6873156e-09 8.623152e-09 5.6209606e-09 2.4699642e-07 6.663248e-10 7.755942e-09 2.2821072e-07 4.8499214e-07 1.9416195e-08 1.3602272e-07 8.7793524e-07 3.404543e-08 1.3363488e-07 5.9482414e-07 2.88044e-08 1.509876e-07 5.4874352e-08 3.6165904e-08 4.3504837e-08 1.9148127e-08 4.951295e-08 9.4839876e-08 1.9167784e-08 1.2017422e-09 3.942716e-06 1.8982337e-07 1.3958871e-06 4.3856699e-07 3.9022097e-09 4.6982626e-07 6.9821294e-07 1.6899903e-06 1.4914804e-07 6.024993e-10 2.186914e-08 2.8109118e-10 2.0473744e-06 4.4196997e-09 8.452998e-08 5.8822426e-08 4.8866566e-10 6.7720534e-06 8.5305e-08 8.5156205e-07 2.5197153e-07 1.27137705e-08 5.035064e-06 5.865882e-09 4.075935e-07 4.3890043e-09 3.0358127e-08 8.444446e-07 3.8471669e-07 1.9483899e-08 1.9970843e-08 3.147155e-09 2.462985e-07 2.1584078e-06
0.0041120993 0.038612165 0.009261404 0.048012517 0.0013074026 0.0005345444 0.0004745304 0.00032113233 0.5216564 0.1806717 0.00086189597 0.00046062242 8.251852e-05 1.1774941e-05 0.99878645 1.9276615e-05 4.83802e-06 5.7538855e-05 0.9814535 0.9776767 1.5755237e-06 0.0001184062 4.8804773e-06 0.00016114241 8.013197e-06 0.06589619 0.75399905 1.9892243e-10 1.909896e-06 6.6014877e-07 0.08197749 1.3896405e-06 2.467297e-05 0.007820234 2.3346347e-06 0.00014815334 6.394559e-06 2.5487387e-07 1.8358376e-06 2.5217636e-05 0.00012312015 0.00030115823 2.6632706e-06 2.7701648e-07 5.2965152e-08 8.6074675e-07 1.0505555e-06 7.147838e-08 9.414887e-08 1.3900726e-06 3.3389566e-05 1.0028989e-05 4.522205e-06 3.018985e-05 2.140876e-06 1.3402288e-05 1.3697006e-06 5.412729e-07 6.992935e-06 2.3554003e-07 1.7402981e-07 1.9742666e-07 2.917482e-07 4.6506907e-06 2.2941974e-06 1.777101e-08 1.1032692e-08 6.4538212e-06 2.5392537e-06 3.2030912e-05 6.4045606e-05 2.15604e-06 1.0104587e-06 6.7082447e-06 6.957187e-06 3.1387135e-06 9.902557e-08 2.6164828e-06 1.9674344e-07 1.662688e-05 1.8304591e-07 9.254324e-06 5.4280117e-06 1.2470076e-06 1.3650732e-05 1.8384657e-06 4.8252674e-05 6.5506333e-07 1.1662369e-05 4.3435734e-06 1.4813533e-07 5.978055e-06 1.7103143e-06 4.674114e-08 3.644228e-05 1.7292994e-07 6.6454927e-06 8.736843e-08 4.5355395e-07 1.6280956e-05 2.6972008e-05
0.86040086 0.005049756 0.004076913 0.0007364949 0.00068044843 0.09838765 0.0062062903 0.029292531 0.00017967292 0.00037206095 0.00034646582 6.3492065e-05 0.26742324 0.3179697 1.4847011e-05 0.17204802 0.622154 0.009030711 3.2398125e-07 3.7157315e-07 0.46108562 0.001660179 0.99677914 2.4591688e-07 0.020760138 0.000107153544 6.710608e-09 1.909896e-06 4.3796936e-14 0.001383949 5.6804406e-06 0.24665396 0.011255504 1.1666262e-07 0.986809 2.9238829e-05 0.49027014 0.061311033 0.84599894 1.6093854e-05 2.7623576e-06 1.2090079e-06 0.00038585818 0.013618323 0.002500218 0.00090138847 1.4356838e-05 0.000119399876 0.0006350975 0.13482894 5.78232e-05 1.3240034e-05 0.08983409 0.0025538765 8.667893e-08 9.3010356e-05 0.0007354554 0.00025109542 1.2053612e-05 3.7916532e-05 0.0006982872 0.046776924 0.00013626365 1.0705089e-06 0.00041600456 8.4688996e-05 1.7961792e-06 1.2622751e-06 7.3113915e-05 2.7867207e-05 2.5482007e-06 6.453975e-08 2.9061564e-06 2.5112016e-07 1.1825414e-05 0.09961844 1.271741e-06 4.1048228e-08 1.8210272e-07 2.668662e-07 1.2840576e-07 0.04749876 4.7141017e-05 1.8878717e-08 0.07134706 0.014972394 1.0302831e-06 2.6454118e-06 0.00023011987 3.748428e-08 2.022295e-06 4.6604273e-06 8.2932155e-07 0.00027141912 0.016135449 3.3299236e-06 7.0138225e-07 0.00049080694 3.2980486e-07 7.364184e-05 0.017385326
0.05657689 1.0786349e-05 0.0005032336 4.908865e-07 7.209288e-06 0.0009247469 7.763025e-05 0.019185686 9.366126e-06 2.3503808e-05 1.0222898e-06 0.00053898327 0.00040041696 0.023617089 6.740045e-06 0.6912619 0.006101592 0.99968094 2.0432344e-07 8.507894e-07 0.00013096625 4.1454155e-07 0.0021457449 5.4403074e-05 1.9428968e-05 2.283996e-06 6.3862795e-09 6.6014877e-07 0.001383949 1.1303294e-15 5.5468167e-08 0.61311847 1.7207401e-05 2.8064843e-08 0.0023834938 1.2791772e-07 0.00069793 0.08130924 0.020226318 7.5144176e-06 3.4187126e-06 1.4275902e-07 0.9990767 0.011640358 0.0076749106 0.0046789427 0.0077656168 0.00046104347 0.011412072 0.0008950568 4.16326e-07 2.852622e-06 0.000120580225 1.948785e-05 6.932165e-08 1.6385236e-07 0.0010643842 0.0016197134 7.5192126e-08 0.00014881692 0.00054092414 0.00020640543 3.9035087e-05 7.157399e-07 2.8275508e-05 0.00044782684 1.4746833e-05 2.9492626e-06 2.6239316e-06 4.0202035e-06 1.5592334e-05 1.2992358e-07 3.121455e-07 2.452845e-05 2.883799e-06 1.8597262e-05 1.3768337e-05 1.5387851e-09 1.8452441e-06 7.2959415e-07 6.5436243e-06 5.0849894e-06 2.8727274e-07 3.031096e-07 0.0005778569 0.00030546988 4.208131e-07 1.4111883e-07 3.0636404e-06 7.7106115e-06 3.430362e-06 2.8753476e-07 6.239416e-08 1.2850941e-05 0.000105882646 1.7485039e-06 4.463515e-09 1.6950207e-05 5.307414e-09 2.7673605e-07 3.8487196e-05
