2.9320876e-14 0.8541699 0.8815104 0.86826146 0.93731135 0.35483214 0.93313587 0.8446958 0.95778674 0.97029644 0.97552663 0.9010938 0.98930573 0.9389135 0.8459341 0.98174417 0.9843448 0.96875477 0.7928167 0.8964529 0.9395017 0.93451065 0.9478742 0.98066837 0.92854524 0.96710795 0.9470497 0.99941957 0.98670036 0.9753227 0.9682989 0.79442877 0.99827826 0.987202 0.8810074 0.98797745 0.9262031 0.94449294 0.9526114 0.9373226 0.8751199 0.9998639 0.99607974 0.9181566 0.72847813 0.8812411 0.4975582 0.7420149 0.9823392 0.99589884 0.119841136 0.95927274 0.86753863 0.9635834 0.5540085 0.95595425 0.8594406 0.02470526 0.5054912 0.80518055 0.57075804 0.7297781 0.01065412 0.934567 0.05404782 0.21617702 0.5858033 0.76982164 0.8686634 0.67925006 0.67057836 0.6149102 0.064854726 0.92455655 0.4369598 0.8256437 0.37972453 0.6347626 0.093467124 0.24505383 0.13446616 0.00448999 0.26102877 0.8008021 0.09603816 0.5566058 0.00957276 0.048189715 0.0058404375 0.3406646 0.28673542 0.00014101264 0.3042477 0.0005629964 0.0214841 0.72755605 0.0021165698 0.8263946 0.00061935274 0.00391379 0.008342474
0.8541699 9.3275614e-14 0.95940083 0.99503404 0.97891724 0.12869208 0.26632586 0.2810794 0.33001745 0.4537079 0.3566257 0.013086413 0.0155083295 0.001138088 0.0008560169 0.09671024 0.0016556594 0.11149387 0.00053750706 0.00028042213 0.0016046305 0.031369932 0.00038041256 0.00047722232 6.345133e-05 0.00023272567 2.9011484e-05 0.011300979 0.0002998165 0.11218972 0.0061207986 0.09089468 0.15777142 7.889178e-05 4.208204e-05 0.0074235196 2.2141376e-05 8.13861e-06 0.00049607205 1.5175938e-05 0.00023742263 0.0005120441 4.802126e-05 9.024343e-07 0.00048699585 4.267331e-06 2.303369e-05 0.00011042904 1.0550159e-05 1.8741746e-05 0.0001887656 0.0022812155 0.00018807987 2.0262758e-06 0.0036924672 2.9995217e-05 6.817956e-07 4.9869865e-05 4.9531986e-06 1.5264878e-06 1.3735358e-06 4.2624438e-07 7.877194e-05 1.0127528e-06 7.251792e-06 0.0017729766 1.136163e-06 2.492092e-07 3.1031968e-06 3.4645993e-05 4.827214e-05 6.7388046e-06 8.111861e-06 6.829116e-07 0.0010773407 4.9944214e-07 2.921527e-09 2.4551106e-05 9.822226e-06 1.8690706e-06 1.9293875e-06 5.0210696e-05 3.843317e-05 2.3336227e-07 1.4256759e-05 3.68863e-09 3.750468e-05 4.1059795e-07 1.5016079e-05 9.311041e-06 2.9827885e-07 1.6448142e-07 2.18432e-07 2.6199206e-08 1.1122241e-05 4.8216677e-08 5.216447e-09 1.6479514e-07 1.1426947e-06 3.198701e-07 1.0812554e-08
0.8815104 0.95940083 9.373844e-14 0.86421806 0.8742325 0.22053805 0.030033493 0.0035215828 0.9647611 0.5350171 0.8294876 0.821944 0.6326487 0.1049196 0.3083026 0.631895 0.2669026 0.86678123 0.046674475 0.01030213 0.14755133 0.3868817 0.00693673 0.012777984 0.000921385 0.009057142 0.0003619429 0.1004182 0.016740331 0.2041799 0.14201832 0.0074632014 0.047302954 0.00031517918 0.00045664507 0.0005558398 0.00072883343 3.0125942e-05 0.01963763 4.0142746e-05 0.0028979643 0.0001263794 4.7711306e-05 2.2088441e-05 1.341029e-05 0.00017098822 0.000198968 9.13014e-06 1.9628638e-05 3.1755903e-06 3.981176e-06 0.010140911 0.001661783 1.1460272e-05 0.00049263774 0.0018199111 1.3685289e-05 7.0430065e-07 1.7299544e-05 2.3849887e-07 4.9051356e-05 7.4767854e-07 0.00010884461 4.9493697e-06 4.5290326e-06 0.010316809 3.839322e-06 3.2404998e-08 0.00016749179 4.6036836e-05 0.0015541028 2.647349e-05 1.0457813e-06 4.0120048e-07 0.010305652 1.0749981e-06 3.5524277e-08 3.6528887e-05 4.5389064e-05 3.0349934e-06 3.2206393e-05 0.00011245585 0.000288074 2.7739136e-07 1.5697422e-06 1.908452e-06 4.569652e-05 2.4539174e-08 1.6221456e-05 7.980924e-07 1.0161617e-05 3.4138205e-07 7.864194e-07 4.7911284e-09 5.885991e-06 9.520944e-08 1.5386915e-07 4.2629605e-07 7.5699063e-07 9.998196e-07 5.4342735e-08
0.86826146 0.99503404 0.86421806 5.1037076e-14 0.23928283 0.985136 0.39840588 0.4341379 0.6178469 0.0664451 0.054109894 0.0075747455 0.057238135 0.00083408505 0.0008440268 0.52618134 0.0027779974 0.033007465 0.00055304484 0.00020361706 0.00076435704 0.0077665863 0.00046936193 0.0015738375 5.4936063e-05 0.00011360199 7.7902274e-05 0.03361979 0.002008538 0.014377762 0.0020305326 0.021647962 0.2938187 0.00012099319 1.9987297e-05 0.010173225 1.2482314e-05 6.704509e-06 0.0001243413 2.8783494e-05 6.242259e-05 0.0010326721 0.00021483145 1.7894715e-06 0.00046062504 3.858173e-06 2.2784789e-06 0.00015763174 4.8428832e-05 6.610881e-05 0.00017685747 0.00080392114 3.933299e-05 4.582555e-06 0.00071658776 2.8881215e-05 8.399492e-07 5.1446576e-05 7.4262454e-07 5.4177144e-06 3.039393e-06 7.1236974e-07 7.1952145e-06 4.5920024e-05 2.101621e-06 0.0008873337 8.780595e-08 3.309677e-06 1.8226788e-06 6.320095e-05 1.6613201e-05 5.3500235e-06 3.448616e-06 5.192933e-06 0.0004112264 1.3625129e-06 6.143496e-10 1.3481317e-05 2.0002419e-07 5.953088e-07 1.739465e-07 3.7155263e-05 7.2373114e-06 4.824945e-07 1.1802074e-06 2.7858155e-10 3.872882e-06 8.414922e-08 4.568308e-06 2.0459518e-06 8.422063e-07 5.1752824e-08 1.8182092e-07 5.3933725e-08 1.100927e-05 8.646027e-09 1.0010889e-09 2.801648e-07 5.3072956e-08 1.4515643e-07 1.4430562e-09
0.93731135 0.97891724 0.8742325 0.23928283 6.951515e-14 0.263992 0.19930696 0.2202256 0.03924571 0.97297335 0.90788233 0.03574423 0.0018212196 0.00018537953 0.0008529431 0.043087147 0.0002816859 0.5306206 0.0003688945 0.00033375956 0.012412783 0.3869099 1.4931683e-05 0.00012506104 1.4879556e-05 0.00028356886 3.2575015e-06 0.0076827276 4.322488e-05 0.24831355 0.039698556 0.28767753 0.21173666 8.973747e-06 7.0359547e-06 0.011594053 1.666552e-05 1.513888e-06 0.0013139336 3.2984249e-06 0.00011612266 0.00056664634 7.5844386e-05 4.988775e-07 0.00072226283 4.964331e-06 7.9728725e-06 0.00023035766 4.2040256e-06 1.39379945e-05 0.0001874383 0.009547974 0.00025567325 7.281855e-08 0.027903695 4.700665e-05 5.329026e-07 8.4958694e-05 2.7039882e-06 1.0225725e-06 3.5660053e-06 4.0397015e-07 0.00035117927 4.449064e-06 3.2421896e-05 0.009258729 2.0916185e-07 7.436798e-09 7.648412e-06 5.6139784e-06 0.00010316576 5.5236533e-06 0.00012989008 2.3585576e-06 0.004896639 9.818456e-07 1.3186206e-08 3.62173e-06 2.9702647e-05 2.3287062e-06 3.122192e-06 4.8148333e-05 0.00032930472 1.8139511e-06 5.789206e-05 5.1292034e-08 0.0003115755 2.748564e-06 9.221026e-05 0.0002282803 6.1539265e-07 2.2963625e-06 1.4049657e-07 1.8816509e-06 2.71967e-05 6.614072e-07 7.93619e-09 0.00011455852 1.4366643e-07 1.8874962e-07 2.293831e-07
0.35483214 0.12869208 0.22053805 0.985136 0.263992 1.791037e-14 0.9642511 0.9964393 0.45175135 0.112302944 0.045523662 0.01546673 0.026011571 0.0010118451 0.0009055341 0.055341985 0.0013529534 0.008784119 0.0009372438 7.7324206e-05 0.00049087533 0.0023104039 0.0002527734 0.0012949009 0.00014960396 5.8511327e-05 5.9268146e-05 0.0034699512 0.0005567863 0.004267924 0.0009839205 0.015123724 0.04954698 0.00017537159 5.5137778e-05 0.009859875 3.5217003e-05 0.00025661252 0.00030156516 0.00019960277 9.030292e-05 0.00041165447 0.00020957847 1.2287834e-05 0.0015480969 3.522963e-05 1.3023621e-05 0.00010263771 0.00021685571 0.0003241035 0.0017552336 0.00073174917 5.1821306e-05 0.000102699196 0.0013346893 2.5394804e-05 1.5763422e-05 2.3792523e-05 3.456289e-07 1.7323615e-05 6.59841e-07 2.4798123e-06 2.3831832e-05 0.00010800931 1.8863223e-06 0.0006743112 1.17929325e-07 1.1859312e-06 3.6321137e-06 0.00021470407 3.9616276e-05 0.00020374564 4.741795e-07 1.2614008e-05 0.00011190381 4.5224547e-06 3.2490743e-10 1.4792195e-06 1.7130176e-06 7.475987e-07 1.827553e-07 1.0620409e-05 4.236948e-05 4.3148108e-07 3.0567864e-07 3.3453145e-09 1.0383915e-06 7.8505444e-08 6.8130356e-07 1.190441e-06 2.8546822e-06 4.3311758e-08 7.347343e-06 1.1920338e-08 1.9332608e-06 9.611957e-08 2.6155806e-09 2.9330096e-07 6.3207835e-08 1.7243153e-08 5.0506505e-10
0.93313587 0.26632586 0.030033493 0.39840588 0.19930696 0.9642511 1.4011325e-10 0.9953754 0.15976784 0.24806538 0.029304622 0.004350933 0.09074834 0.00038673478 0.00034218965 0.96195 0.0035844485 0.00884247 0.00041878398 0.00013063732 0.0010840681 0.008174993 0.00028402952 0.0031251414 0.0001294823 0.0003107156 0.00010532701 0.25778225 0.016823202 0.030942231 0.004510429 0.039595496 0.84105694 0.0013567494 5.6690467e-05 0.032159973 0.0001024182 0.00025229508 0.00066192786 0.0005449379 0.00029187722 0.0034015076 0.0013105302 1.0384425e-05 0.0009653942 5.6171197e-05 1.4873384e-05 1.7645056e-05 0.00068560184 0.00045233135 0.00068671757 0.0028695022 0.00014621242 0.00022320643 0.0016405215 9.865988e-05 7.630468e-06 2.8438553e-05 2.6032092e-06 9.384046e-05 2.1876223e-05 3.2449116e-05 3.5203266e-05 0.0010259113 9.296889e-06 0.0019642655 2.48526e-06 3.425235e-05 1.4786771e-05 0.00037109 0.00022924524 0.00014794976 1.3945361e-05 9.471326e-06 0.00097571855 8.7402055e-05 2.1846325e-09 1.2960319e-05 3.1750045e-05 4.5211914e-06 3.6560232e-06 2.2461352e-05 9.477763e-05 1.4296058e-06 1.1200486e-05 5.5355393e-08 3.0748088e-05 1.9632446e-06 9.0224414e-05 1.2196988e-05 1.6138441e-05 7.412455e-07 0.00022316044 2.7363317e-06 1.25128145e-05 1.6995994e-06 5.520238e-07 2.8797029e-05 2.9834027e-07 4.111787e-07 4.1892253e-08
0.8446958 0.2810794 0.0035215828 0.4341379 0.2202256 0.9964393 0.9953754 3.1148007e-12 0.0016715343 0.15156157 0.024327107 0.0004868382 0.002025002 5.369588e-05 3.196021e-05 0.87669635 0.0002259278 0.0055774557 5.770047e-05 2.3122891e-05 0.0002546602 0.010331124 2.806906e-05 0.00017342037 7.356767e-06 7.412583e-05 6.322496e-06 0.08915977 0.0004013134 0.041346055 0.0006779909 0.04026913 0.8836635 7.894672e-05 2.7576116e-06 0.14930713 3.003118e-06 2.5810734e-05 8.533336e-05 4.6892877e-05 3.6759742e-05 0.01991467 0.0005424617 1.3388573e-06 0.015491235 3.5187036e-06 8.9552e-07 0.0013078622 6.611159e-05 5.5563705e-05 0.023067323 0.00087624864 9.914578e-06 2.762518e-06 0.0015294731 2.5234538e-06 1.3795056e-07 0.00044234828 1.4677003e-07 1.9117892e-06 5.4237455e-07 9.8756786e-08 2.672643e-05 0.0005434785 2.936466e-07 0.00059004524 2.9588437e-08 9.0149115e-06 4.2064758e-06 0.00020508826 4.568722e-06 7.912725e-05 4.845874e-06 4.0443625e-05 0.0004628985 2.3610272e-07 1.3956808e-10 5.913113e-07 1.4226327e-06 1.297321e-08 5.056152e-07 3.2956577e-06 9.287797e-06 7.7826684e-07 1.9367715e-07 3.410215e-09 4.902026e-07 7.897443e-07 9.175723e-06 1.0215588e-06 2.4992414e-07 3.1944543e-09 1.2391001e-05 4.1403348e-07 4.581244e-06 1.0156195e-08 1.2297011e-09 7.5495175e-09 2.2544455e-08 3.12815e-08 3.9220183e-10
0.95778674 0.33001745 0.9647611 0.6178469 0.03924571 0.45175135 0.15976784 0.0016715343 1.20224984e-11 0.00367041 0.31277382 0.8791269 0.9628772 0.6592669 0.80946016 0.7776026 0.824601 0.7143983 0.37023696 0.3128218 0.42441323 0.15381515 0.096997246 0.1572237 0.13626155 0.15510416 0.0033007914 0.22462192 0.122712374 0.24200942 0.39953312 0.0010756119 0.04140145 0.011506466 0.02864248 0.0021618567 0.07587546 0.00810636 0.18536453 0.0014613045 0.03310583 0.0010095269 0.00049296976 0.0019182812 2.310484e-05 0.020469097 0.003767588 4.8848102e-05 0.0002628084 3.8809405e-05 5.637518e-05 0.11997188 0.026219701 0.00030442208 1.8529336e-05 0.10142347 0.00043592145 2.9604103e-06 0.00029100032 2.7387312e-06 0.0057732225 3.6810576e-05 3.215836e-05 1.4866152e-05 2.0594405e-05 0.0037434911 0.0005769524 3.5639448e-06 0.01663011 9.560966e-05 0.018328343 9.178816e-05 2.8690589e-05 1.1734589e-06 0.042594012 0.00016421413 6.6893955e-07 0.00080197764 0.00019580522 0.00014182493 0.00041274412 8.003226e-05 0.00205523 7.2987467e-07 2.0152793e-06 5.2188784e-06 0.0003855777 5.3866825e-07 7.950971e-05 3.507288e-05 7.666388e-05 1.0063102e-06 1.4165556e-06 1.0645475e-07 5.0542217e-06 3.0966885e-07 1.3485875e-06 1.8455812e-05 3.4003735e-06 1.3179627e-05 1.7373951e-08
0.97029644 0.4537079 0.5350171 0.0664451 0.97297335 0.112302944 0.24806538 0.15156157 0.00367041 4.981578e-16 0.85019374 0.002281111 0.00024515484 8.138486e-06 1.8292028e-05 0.009037685 3.29971e-05 0.26450074 3.7698428e-05 2.9044926e-05 0.0029555222 0.73666495 7.208095e-07 5.3033596e-06 1.2198692e-06 4.365515e-05 1.7299773e-07 0.0010354308 2.9103112e-06 0.5061028 0.034253627 0.987864 0.16973549 6.70425e-07 2.8067427e-07 0.013762324 8.8365556e-07 2.8521907e-07 0.000721196 1.1062831e-07 0.00011098142 0.00037523572 5.6504864e-06 2.807646e-08 0.0013817637 1.6630209e-07 6.790274e-07 0.0004391542 5.7347165e-07 4.4609405e-07 0.0005449826 0.005838599 0.00035778637 8.089261e-09 0.22696428 1.2652153e-05 1.0118299e-08 5.580177e-05 9.6800306e-08 4.1403563e-08 1.5091923e-07 3.902658e-08 0.0007873808 3.8792287e-08 1.3391727e-06 0.0065306136 2.1859373e-07 1.00490976e-08 2.149043e-05 1.4862275e-06 0.000119351374 3.781621e-07 5.5960634e-05 1.7016175e-07 0.003034587 6.08018e-08 4.27422e-09 1.6179392e-06 2.89246e-05 2.1356544e-07 5.7316333e-07 5.07464e-05 0.00055029243 1.742958e-08 2.7367807e-06 4.629244e-09 0.00020671806 1.0338476e-07 0.000112026406 3.4374276e-05 1.5504357e-07 2.427864e-05 1.7777136e-09 2.1720558e-07 4.7122361e-07 5.259439e-08 3.425249e-08 5.224389e-05 2.0025017e-07 4.5536126e-07 1.0938471e-07
0.97552663 0.3566257 0.8294876 0.054109894 0.90788233 0.045523662 0.029304622 0.024327107 0.31277382 0.85019374 1.1053131e-14 0.023508126 0.057826232 0.00063308777 0.0012984191 0.053519685 0.0036670072 0.9421241 0.00031583026 0.00063537253 0.03800176 0.97808325 0.00011674081 0.00017803222 1.720914e-05 0.0021795956 5.13541e-06 0.011761431 0.00045059557 0.8502653 0.2686782 0.25111386 0.051595606 8.054962e-06 1.2894263e-05 0.0040266593 4.790581e-05 2.6455214e-07 0.021184107 4.6619897e-07 0.0046435073 0.0004997089 5.012305e-05 2.5721826e-07 9.0402704e-05 2.601746e-05 6.3566586e-05 3.1705444e-05 2.2421673e-07 2.10328e-07 5.048487e-05 0.2384891 0.0030887383 1.7211807e-08 0.0657051 0.0006045176 3.3511213e-08 2.4384777e-05 9.960338e-07 2.1171893e-08 2.2058968e-05 1.7184416e-08 0.0007744978 6.66073e-07 7.565872e-07 0.14964733 5.12735e-06 1.1088005e-08 0.001967401 1.5819134e-06 0.034333732 1.3903755e-07 1.771094e-05 2.3720749e-07 0.2489366 9.93803e-09 8.598101e-10 8.31223e-06 0.0011139567 7.84569e-07 0.00046788156 0.0002578575 0.016813442 1.460621e-07 1.4995635e-06 5.8801977e-09 0.0016134077 4.2307258e-07 0.0012006186 4.5501724e-06 5.34719e-07 1.0482842e-05 8.315585e-08 7.770012e-08 7.4600973e-07 1.9421938e-08 1.1202907e-06 6.4549636e-07 8.240084e-06 2.2273594e-05 6.853164e-07
0.9010938 0.013086413 0.821944 0.0075747455 0.03574423 0.01546673 0.004350933 0.0004868382 0.8791269 0.002281111 0.023508126 1.1570942e-12 0.5459877 0.43174216 0.9949544 0.08481637 0.33763617 0.5801248 0.46070898 0.74059105 0.96055645 0.016708823 0.014749141 0.0013371272 0.0022752567 0.45097843 0.0003034131 0.07115227 0.0019051383 0.012837773 0.369483 0.00020953192 0.028161399 0.00045560568 0.00043936554 0.00420215 0.013838225 3.9165338e-05 0.3614175 4.4083637e-05 0.12590745 0.0003651151 2.907483e-05 4.1230232e-06 0.00011820842 0.0057722647 0.0027539916 5.541513e-06 1.9246074e-06 6.6986296e-08 3.2539414e-05 0.18526706 0.12598062 1.48729e-07 5.018908e-06 0.27725014 1.0321215e-07 4.751911e-06 9.343905e-07 4.1604892e-07 0.02794791 1.3687558e-07 6.861287e-05 1.775269e-07 5.9916187e-07 0.0039978065 0.0090868 1.6367268e-08 0.17899781 8.504181e-08 0.073452406 9.5057163e-07 7.8105025e-08 1.1250599e-07 0.0994547 7.289136e-08 6.930582e-11 0.0020269195 0.0024379964 0.00016018067 0.011244138 7.021781e-05 0.0053562266 7.8241404e-09 4.4699522e-07 6.260241e-06 0.00018532455 2.1774007e-07 0.00029156564 0.00027945355 0.00037695502 1.5879321e-08 2.4250648e-08 9.7585895e-09 5.392406e-06 1.7657754e-08 2.4930521e-05 1.9371473e-08 3.0669893e-05 0.00014996751 2.2266084e-08
0.98930573 0.0155083295 0.6326487 0.057238135 0.0018212196 0.026011571 0.09074834 0.002025002 0.9628772 0.00024515484 0.057826232 0.5459877 2.1851469e-11 0.6821408 0.49661615 0.81085306 0.9183983 0.21390939 0.22028032 0.18122932 0.1984364 0.026152143 0.20564635 0.6577624 0.18200335 0.093277566 0.027456334 0.8938924 0.6886127 0.049312904 0.11718208 0.0001450631 0.13889138 0.08703997 0.07099733 0.007907494 0.098808505 0.06811359 0.05932307 0.020567637 0.014146603 0.0034659742 0.0032792531 0.010453064 0.0005852171 0.03683593 0.0035222075 0.00059572596 0.0044079106 0.00067173486 0.0007769376 0.03746028 0.013762909 0.0061378498 9.57564e-07 0.06586615 0.0068123573 0.0002426687 0.0012874033 5.8209556e-05 0.0043821083 0.0007032953 6.6872395e-05 0.00016382935 0.00013508853 0.00093664567 0.0008524958 0.00037075093 0.028051885 0.00037038853 0.01234967 0.00068569963 0.00031279647 3.9832494e-06 0.018816032 0.00094546174 2.049681e-05 0.0015623614 0.00014998054 0.00030885998 0.00036139705 4.4288983e-05 0.00096353114 9.723109e-06 4.660285e-06 4.578381e-05 8.595811e-05 9.016743e-06 4.1231826e-05 0.00017278646 0.00051927473 6.066058e-07 6.737468e-06 3.7995872e-07 1.5476746e-05 2.9884761e-06 1.2983255e-05 5.2985342e-05 6.3377693e-06 2.3865992e-05 7.021723e-08
0.9389135 0.001138088 0.1049196 0.00083408505 0.00018537953 0.0010118451 0.00038673478 5.369588e-05 0.6592669 8.138486e-06 0.00063308777 0.43174216 0.6821408 6.3549264e-14 0.8101737 0.048599154 0.97854596 0.034874585 0.9935748 0.38347763 0.08713425 0.0008418479 0.72965735 0.23840481 0.6320721 0.085033424 0.09533702 0.09995337 0.061047863 0.00013610923 0.009645655 1.3253999e-06 0.00931632 0.013352426 0.10426215 0.001398309 0.076818585 0.005392792 0.007929424 0.0010676059 0.0063585113 0.00043409792 0.00023008871 0.008469339 3.974373e-05 0.026273 0.006683701 4.4507255e-05 0.00010081389 1.1782804e-05 1.541823e-05 0.003924524 0.0074892533 5.655746e-05 3.4730246e-07 0.04869716 0.0003909731 4.6950763e-06 0.0004384679 1.7355853e-06 0.012985832 7.05785e-06 4.2815254e-06 3.1148134e-06 5.2850344e-05 0.00012224942 0.00651633 1.001695e-06 0.008468556 2.2934812e-07 0.0017361871 2.0541943e-06 3.0426413e-06 3.6982465e-07 0.0015163532 2.0066214e-05 5.4153595e-08 0.008515666 0.00012823047 0.0021218974 0.00062244694 6.0005334e-07 0.00016997014 3.8543908e-07 2.8379175e-06 0.0004183305 8.7306165e-05 1.0984976e-06 1.3532675e-05 0.0005816888 0.00087459176 4.652356e-09 3.9766923e-09 5.587099e-09 0.00010426217 3.0671998e-07 1.9915888e-05 1.2030438e-05 2.123796e-06 8.379434e-05 1.4765514e-08
0.8459341 0.0008560169 0.3083026 0.0008440268 0.0008529431 0.0009055341 0.00034218965 3.196021e-05 0.80946016 1.8292028e-05 0.0012984191 0.9949544 0.49661615 0.8101737 9.250938e-13 0.049739607 0.44974902 0.06475737 0.9259519 0.9661375 0.8805123 0.0015257203 0.094608575 0.017339319 0.10377201 0.1514058 0.0019637337 0.06540547 0.014863014 0.00046590122 0.027882813 8.026046e-06 0.0103988005 0.0011252225 0.008062547 0.0012731821 0.020148844 7.7517136e-05 0.060730144 0.0001325026 0.020516055 0.00051008334 0.000404706 0.00010580795 3.3694472e-05 0.005868818 0.0039787455 1.4656093e-05 1.3911224e-05 4.4751705e-06 3.1730533e-06 0.02486541 0.036188323 7.4989543e-06 6.984457e-08 0.15232542 2.2185013e-06 3.8098818e-07 2.4301688e-05 1.3070498e-06 0.009881423 5.4583666e-07 2.5573956e-06 2.737e-06 3.265905e-05 0.0007346079 0.0043113567 1.3595684e-07 0.04169284 3.4574844e-06 0.010958835 1.9255785e-06 3.368795e-07 1.3937263e-07 0.011486582 3.8386023e-07 7.650461e-10 0.0013192882 0.00033040447 0.0001603959 0.001609918 8.937636e-06 0.0004489986 3.670791e-08 3.462759e-07 1.0748849e-05 3.182735e-05 5.333406e-08 2.0018353e-05 0.0001516589 0.00062458945 1.300956e-08 1.2487838e-07 3.9451006e-08 6.3454318e-06 2.9094341e-08 6.610377e-05 9.1885155e-08 5.5347055e-06 3.862604e-05 4.7559592e-08
0.98174417 0.09671024 0.631895 0.52618134 0.043087147 0.055341985 0.96195 0.87669635 0.7776026 0.009037685 0.053519685 0.08481637 0.81085306 0.048599154 0.049739607 7.203177e-14 0.1080857 0.070317365 0.010645731 0.007407983 0.00878009 0.015946545 0.009663803 0.08979375 0.005486701 0.0015473407 0.0032163253 0.9644351 0.19994213 0.028286016 0.011343366 0.0045341803 0.66987014 0.025515134 0.0018090217 0.06979295 0.0016716919 0.0019354828 0.0028779388 0.0028447637 0.0009920835 0.010213646 0.0073363306 6.382317e-05 0.0022168804 0.0007750997 6.3852814e-05 0.00041936646 0.0025642768 0.0019575807 0.0010593805 0.002366801 0.0005531002 0.0003803086 0.00016600493 0.0014824909 0.00033399358 5.91256e-05 4.3234653e-05 0.00014073159 0.00013802697 0.00038760525 1.4935841e-05 0.0018532951 1.26859695e-05 0.0010002995 3.028618e-06 0.00031715137 0.0005780616 0.00041277744 0.00075757934 0.0004408225 4.513237e-05 5.1776774e-06 0.004284499 0.00012316735 6.6381e-08 5.159924e-05 4.841899e-05 8.715825e-05 1.777002e-05 1.1916468e-05 0.00016573443 1.1337103e-06 1.8074721e-06 5.033501e-07 2.905601e-05 2.8343231e-06 4.0053073e-05 2.4407089e-05 2.7260607e-05 9.382833e-08 1.4808448e-05 4.6802316e-07 1.2596558e-06 3.2506293e-07 1.2071592e-07 2.4376499e-05 9.785215e-07 3.2832727e-06 6.1445076e-09
0.9843448 0.0016556594 0.2669026 0.0027779974 0.0002816859 0.0013529534 0.0035844485 0.0002259278 0.824601 3.29971e-05 0.0036670072 0.33763617 0.9183983 0.97854596 0.44974902 0.1080857 1.5447798e-11 0.055791557 0.5490172 0.29347518 0.1229458 0.0021101313 0.8907172 0.8430772 0.78934175 0.13462314 0.18218867 0.18354267 0.2509589 0.0027267523 0.035908535 9.353825e-06 0.023404688 0.06806669 0.37972406 0.0029134187 0.31056753 0.22151835 0.037734583 0.007268341 0.014243891 0.0008612863 0.000598247 0.080887005 6.487797e-05 0.17976695 0.014368721 7.4446325e-05 0.0010822569 5.6924073e-05 0.00018275034 0.014346683 0.017029708 0.0021411006 6.687535e-08 0.17010526 0.0133747095 1.7161432e-05 0.0054742876 1.5879375e-05 0.029285414 0.00036228288 3.2169923e-05 2.7685394e-06 0.00026374016 0.00090025744 0.013481125 4.5096054e-05 0.06460528 3.8694987e-05 0.008677617 0.00011805779 4.839097e-05 3.5489602e-08 0.013784938 0.0006200507 8.8845096e-05 0.020348933 0.00018592183 0.0011465045 0.0002965938 7.597476e-05 0.00091780035 1.0056251e-06 1.9039346e-06 0.0010098129 0.00013724479 2.6245658e-07 2.376674e-05 0.0003231797 0.0027652832 5.053298e-07 1.6920787e-06 3.6918468e-07 1.7758974e-05 4.809943e-06 3.893441e-05 9.686666e-05 1.5331796e-05 0.00020102713 2.4498945e-07
0.96875477 0.11149387 0.86678123 0.033007465 0.5306206 0.008784119 0.00884247 0.0055774557 0.7143983 0.26450074 0.9421241 0.5801248 0.21390939 0.034874585 0.06475737 0.070317365 0.055791557 6.8879384e-14 0.017961664 0.039537165 0.8026113 0.95889777 0.005638921 0.0045260345 0.0014949694 0.53059965 0.00050676323 0.015319673 0.0019874624 0.43469316 0.9574775 0.017703563 0.015346132 0.0004116951 0.0009461111 0.00196579 0.0064471937 1.4369535e-05 0.4443001 2.4761508e-05 0.13628669 0.00034569588 0.00012414675 2.3906588e-05 0.00010206192 0.0003418656 0.002144592 9.770286e-05 4.646342e-06 5.2518662e-06 0.00053190213 0.63977945 0.114874646 7.6891e-07 0.0030649544 0.02651584 5.731393e-07 0.00010436045 2.3208167e-05 2.0889773e-07 0.00088595506 2.065806e-07 0.0005143365 3.656419e-07 7.1659256e-06 0.090595804 0.00040251948 1.5641778e-07 0.030748464 2.3292803e-05 0.14635636 2.3618866e-06 7.292555e-05 8.322443e-07 0.5139095 1.9142531e-07 3.3679996e-08 0.000318767 0.005498458 2.8994255e-05 0.005651169 0.00044871902 0.0624767 2.3499884e-07 2.0773168e-06 9.911759e-08 0.0046767993 3.248982e-06 0.0013391946 9.5104944e-05 0.00044733533 1.0371974e-05 6.945082e-08 8.7495664e-08 1.0939708e-06 3.2401413e-08 2.2672402e-06 6.04023e-07 7.8811994e-05 0.00020611746 3.4531608e-06
0.7928167 0.00053750706 0.046674475 0.00055304484 0.0003688945 0.0009372438 0.00041878398 5.770047e-05 0.37023696 3.7698428e-05 0.00031583026 0.46070898 0.22028032 0.9935748 0.9259519 0.010645731 0.5490172 0.017961664 3.758233e-13 0.95667094 0.25380445 0.000503433 0.5535502 0.049210593 0.95384264 0.23567854 0.034588683 0.018263547 0.009896304 0.00016108957 0.0067416877 7.5939806e-06 0.0032219342 0.0040934593 0.30799255 0.0004221034 0.25875536 0.0026563865 0.013355266 0.0015273079 0.007910077 0.0003068079 0.0002757946 0.020899167 2.4430214e-05 0.056064457 0.018893236 9.413285e-05 0.00018306173 1.1375707e-05 1.6817947e-05 0.004143102 0.011054379 0.000105809064 3.1303892e-07 0.1409935 0.00032009333 2.9625557e-05 0.0007065662 1.3911105e-05 0.029539004 1.4214822e-05 3.5969706e-06 7.28528e-06 0.00034583584 0.00013862296 0.016967231 4.1467362e-07 0.030882178 8.526628e-06 0.0026036415 2.613055e-05 2.6639793e-06 1.5581993e-06 0.0010092579 4.893716e-05 4.38718e-07 0.01782924 0.000120941724 0.0046030297 0.0010403204 8.617726e-07 0.00017933379 1.1566101e-06 9.899404e-06 0.00082976697 2.5173207e-05 1.8415504e-06 2.6926646e-05 0.0018892308 0.0024112952 1.60335e-08 3.7923456e-08 2.2372628e-09 0.00016593195 6.437885e-07 0.00044777602 7.778524e-06 5.0150666e-06 5.83578e-05 2.2373506e-07
0.8964529 0.00028042213 0.01030213 0.00020361706 0.00033375956 7.7324206e-05 0.00013063732 2.3122891e-05 0.3128218 2.9044926e-05 0.00063537253 0.74059105 0.18122932 0.38347763 0.9661375 0.007407983 0.29347518 0.039537165 0.95667094 5.9196956e-13 0.9771129 0.00043008578 0.10159576 0.007706629 0.8476135 0.829332 0.00421463 0.008252809 0.0035744582 0.0004861578 0.14246623 6.506133e-06 0.0017105208 0.001974876 0.35473427 8.706778e-05 0.31316507 0.00045791696 0.32941422 0.00046990722 0.16435 1.9221614e-05 3.5922385e-05 0.0018118352 3.8137877e-08 0.0720054 0.054004814 8.549035e-08 3.8403236e-05 6.2301465e-06 1.5821962e-09 0.10788598 0.23327982 3.3076307e-05 2.3136558e-06 0.57467544 2.6520338e-05 2.208395e-09 9.7205644e-05 2.9230296e-07 0.15276782 3.3124934e-06 1.9089955e-05 6.3032223e-07 5.8384347e-05 0.00028943684 0.08477191 3.0965214e-08 0.44232786 6.5873945e-07 0.06290948 4.7414046e-06 4.5838743e-08 5.944558e-08 0.008046563 9.588008e-06 8.525391e-08 0.009281167 0.000938479 0.00075275835 0.016155904 2.9652183e-05 0.002462909 4.0818048e-07 2.612001e-07 0.00011822127 9.779208e-05 1.9974651e-08 2.2589922e-05 0.0010537289 0.005841111 6.854919e-08 4.346569e-08 1.258976e-08 3.7627815e-05 2.6143437e-07 0.0001556628 6.7576925e-06 1.6856178e-05 0.00030834405 1.6934922e-07
0.9395017 0.0016046305 0.14755133 0.00076435704 0.012412783 0.00049087533 0.0010840681 0.0002546602 0.42441323 0.0029555222 0.03800176 0.96055645 0.1984364 0.08713425 0.8805123 0.00878009 0.1229458 0.8026113 0.25380445 0.9771129 2.0816106e-13 0.027212624 0.013403637 0.0025238295 0.3837763 0.9669707 0.0015036269 0.008044157 0.0012693468 0.0014357085 0.48338738 1.10441515e-05 0.0038933742 0.00049525825 0.08674817 0.00041730033 0.293652 9.986933e-05 0.64803463 6.60698e-05 0.27909017 5.1326955e-05 5.8919613e-06 5.4653672e-05 6.395773e-06 0.027640106 0.037758727 1.1759583e-06 1.4148274e-06 1.4599622e-07 1.4961109e-06 0.14155775 0.23012199 4.161009e-07 1.227282e-05 0.45698056 3.85887e-07 1.6513796e-07 2.8499368e-05 4.119301e-08 0.061998144 2.4388103e-07 9.6887175e-05 2.390475e-08 2.3447748e-05 0.004145859 0.032835424 3.3384049e-09 0.22575025 4.9522868e-08 0.051422935 3.5351192e-07 1.9449936e-07 7.955472e-08 0.09024043 5.0262577e-07 5.6696945e-09 0.004279815 0.0019024827 0.001132464 0.013348065 0.00017989975 0.0031442964 2.2561676e-07 1.0036648e-06 3.968445e-05 0.00040034 8.1456214e-08 0.0002581513 0.00028422356 0.0029740504 9.6422916e-08 6.366759e-09 2.9133473e-09 2.8813594e-05 2.2032381e-08 0.00011112556 6.880381e-07 6.294632e-05 0.0005217184 4.941342e-08
0.93451065 0.031369932 0.3868817 0.0077665863 0.3869099 0.0023104039 0.008174993 0.010331124 0.15381515 0.73666495 0.97808325 0.016708823 0.026152143 0.0008418479 0.0015257203 0.015946545 0.0021101313 0.95889777 0.000503433 0.00043008578 0.027212624 7.016531e-15 0.00023136537 0.00017026167 9.4317424e-05 0.0052406616 3.904749e-05 0.0053357645 0.00026333402 0.9021276 0.7066643 0.19471206 0.0137484195 5.8953086e-05 7.998809e-05 0.0024512128 0.0001672211 3.4939158e-06 0.069420725 2.5695854e-06 0.011623734 0.00019930338 6.8035984e-06 1.5121999e-06 4.6713936e-05 7.368553e-05 0.00032591424 5.201621e-06 1.5627173e-06 3.09857e-07 2.8919787e-06 0.4295351 0.018946614 1.05042275e-07 0.16690585 0.00075424905 3.7556415e-08 1.7758372e-06 1.059287e-06 3.1232194e-08 1.137176e-05 3.259139e-08 0.013610079 5.028195e-07 2.271532e-06 0.80291647 2.7509914e-05 2.7015126e-09 0.0028268634 2.2834822e-06 0.039351884 2.4467005e-07 1.6330677e-06 6.103312e-07 0.83807373 2.8935938e-07 1.0592803e-09 1.930767e-05 0.002451484 1.5263539e-06 0.0005075187 0.0028930067 0.09254853 8.845969e-08 1.3295119e-06 4.7637827e-09 0.01689699 8.0059166e-08 0.0040795016 5.6049107e-06 8.3162595e-06 1.9437828e-05 4.087166e-08 5.875374e-10 1.1017972e-06 8.662438e-08 2.129481e-06 5.6749504e-06 2.0321888e-05 5.1017938e-05 6.738666e-07
0.9478742 0.00038041256 0.00693673 0.00046936193 1.4931683e-05 0.0002527734 0.00028402952 2.806906e-05 0.096997246 7.208095e-07 0.00011674081 0.014749141 0.20564635 0.72965735 0.094608575 0.009663803 0.8907172 0.005638921 0.5535502 0.10159576 0.013403637 0.00023136537 2.5543886e-11 0.953475 0.90338296 0.025853131 0.94711185 0.036524076 0.13936967 1.5900834e-05 0.0039156824 3.2905277e-07 0.005442539 0.25043973 0.6188918 0.00038395912 0.26856944 0.95345736 0.004749723 0.040110413 0.0020360493 0.0008348215 0.0010041207 0.66234934 1.2570614e-06 0.27995667 0.040084857 1.3327763e-05 0.0032217805 0.00014100713 1.0085948e-06 0.0018418554 0.0028714335 0.020915775 1.5211783e-07 0.05934162 0.42555618 3.7530172e-06 0.09566586 0.000118957294 0.009532339 0.0017007279 1.5473131e-05 1.0777675e-06 0.00935065 0.00019387758 0.0063302405 8.512674e-05 0.008232431 1.9470408e-05 0.0013741838 0.0005093695 5.663e-05 1.5446768e-07 0.0015646688 0.0020456288 0.0011429003 0.05502497 5.189579e-05 0.01688506 7.358763e-05 6.827766e-06 5.48793e-05 4.5677086e-07 4.039862e-06 0.01797307 1.7662168e-06 2.3090851e-07 7.4788e-06 0.003111923 0.0025723032 2.5624553e-07 2.1804353e-06 5.855366e-08 0.0001117397 0.00016697521 0.00025196254 0.0003235615 9.292342e-06 7.112666e-05 2.8484803e-07
0.98066837 0.00047722232 0.012777984 0.0015738375 0.00012506104 0.0012949009 0.0031251414 0.00017342037 0.1572237 5.3033596e-06 0.00017803222 0.0013371272 0.6577624 0.23840481 0.017339319 0.08979375 0.8430772 0.0045260345 0.049210593 0.007706629 0.0025238295 0.00017026167 0.953475 2.4594497e-13 0.19049291 0.0027823988 0.92879146 0.6679536 0.94863474 4.318574e-05 0.00084963604 3.962825e-07 0.048105273 0.8678315 0.077590935 0.009561647 0.013676972 0.36669928 0.00046820717 0.26088873 0.00061463023 0.02217971 0.028463382 0.0843239 0.001147367 0.012352297 0.0011387111 0.0018399989 0.04028658 0.0051553524 0.0011111539 0.00019152969 0.0005367614 0.06214981 2.884052e-08 0.00389847 0.13663983 0.0013309276 0.0147722 0.0028162159 0.0009101526 0.006061441 5.7904226e-06 0.00027436303 0.0021278835 0.00049447815 0.00043929348 0.0030202635 0.0015113126 0.00029724961 0.00054835336 0.005508165 0.00061434985 1.253509e-05 0.0042911586 0.003078924 0.00042022785 0.0039238767 2.2886263e-05 0.0020626946 4.445096e-05 6.4443193e-06 0.00012591228 2.8483148e-05 0.00012598482 0.0019728139 5.737113e-05 1.1066155e-05 3.1535128e-05 0.0014676291 0.00040683604 1.2287076e-08 0.00011775969 6.55849e-07 4.0203166e-05 3.3592733e-05 3.5259443e-05 0.0014611394 5.1871837e-07 4.097183e-05 9.115406e-07
0.92854524 6.345133e-05 0.000921385 5.4936063e-05 1.4879556e-05 0.00014960396 0.0001294823 7.356767e-06 0.13626155 1.2198692e-06 1.720914e-05 0.0022752567 0.18200335 0.6320721 0.10377201 0.005486701 0.78934175 0.0014949694 0.95384264 0.8476135 0.3837763 9.4317424e-05 0.90338296 0.19049291 6.707292e-13 0.26581785 0.19202995 0.014719072 0.019228667 3.8244375e-06 0.0015849806 1.1166794e-07 0.0023980355 0.021308592 0.989229 0.00014846056 0.72621244 0.03266395 0.0033040338 0.0026856072 0.0027092379 0.00013410849 0.00014647887 0.45610985 1.6710743e-06 0.3608157 0.07495947 3.089364e-05 0.00018365889 1.350475e-05 1.0432462e-06 0.0014098929 0.008761567 0.00019858431 1.4587583e-07 0.26187664 0.00014797163 5.5286864e-06 0.0019515667 5.6225717e-06 0.06230872 2.8145458e-05 1.3930101e-05 1.0277934e-06 0.00021661428 6.298457e-05 0.050080862 1.725387e-07 0.02898154 4.056857e-06 0.0016203985 6.3295006e-06 1.1295242e-06 1.6854153e-07 0.00030832758 0.00011512463 4.404378e-06 0.13199678 0.0001336533 0.035217404 0.0005580598 2.8449847e-06 5.672394e-05 2.605745e-06 2.485573e-06 0.004090501 5.8910005e-06 4.0248236e-07 1.6482943e-05 0.02078577 0.013478953 1.2078092e-08 2.5852142e-07 3.701113e-08 0.00014344692 1.6322619e-07 0.00072734436 7.741167e-06 2.485841e-06 0.000114537215 1.2168465e-07
0.96710795 0.00023272567 0.009057142 0.00011360199 0.00028356886 5.8511327e-05 0.0003107156 7.412583e-05 0.15510416 4.365515e-05 0.0021795956 0.45097843 0.093277566 0.085033424 0.1514058 0.0015473407 0.13462314 0.53059965 0.23567854 0.829332 0.9669707 0.0052406616 0.025853131 0.0027823988 0.26581785 2.1033871e-12 0.0029007792 0.0015246251 0.00093371 0.00022831513 0.7387205 3.2924943e-06 0.0006587561 0.0010766331 0.37470302 9.185944e-05 0.8326636 0.0006716974 0.8970566 0.00012027507 0.70434266 2.635508e-06 2.4445187e-06 0.0005820281 6.05602e-06 0.14598487 0.6453095 3.7287366e-06 1.17138325e-05 3.7523174e-07 3.6011822e-06 0.4142875 0.7970569 4.3516998e-06 8.5647895e-07 0.91881776 6.9264033e-06 2.1016813e-06 0.00026374945 4.2844572e-08 0.4009978 7.891119e-07 3.1260995e-05 4.1126672e-08 5.234263e-05 0.0009721126 0.23064496 6.024206e-08 0.7967381 6.791019e-07 0.18481472 1.2173497e-06 2.1283238e-06 4.86401e-08 0.0310871 1.6388957e-07 3.8984247e-08 0.013528354 0.004871807 0.002028067 0.06322108 3.3811095e-05 0.0103710545 3.6104169e-07 4.9440547e-07 8.336337e-05 0.0003439564 3.5074615e-07 0.00018203701 0.0004859142 0.018449083 1.7246994e-07 5.229747e-09 1.2549866e-08 1.3394173e-05 2.8473002e-08 0.00014585312 1.2538645e-06 7.893461e-05 0.0010845531 1.8005027e-06
0.9470497 2.9011484e-05 0.0003619429 7.7902274e-05 3.2575015e-06 5.9268146e-05 0.00010532701 6.322496e-06 0.0033007914 1.7299773e-07 5.13541e-06 0.0003034131 0.027456334 0.09533702 0.0019637337 0.0032163253 0.18218867 0.00050676323 0.034588683 0.00421463 0.0015036269 3.904749e-05 0.94711185 0.92879146 0.19202995 0.0029007792 3.7671033e-13 0.08509854 0.4517028 2.283774e-06 0.00015361968 6.506195e-08 0.0054292213 0.8467917 0.11815409 0.00021890739 0.032386344 0.96368456 0.00029998695 0.8916037 0.0002915473 0.003397238 0.0041010845 0.4294792 4.6629307e-06 0.036379945 0.004345782 0.00030218932 0.07332932 0.0032001522 2.4242395e-06 3.8813036e-05 0.00043266744 0.5934516 1.0574962e-08 0.0046422896 0.887374 5.039342e-05 0.1516155 0.001668154 0.0007210883 0.014341951 7.8681995e-07 7.90985e-05 0.03578271 4.0877694e-05 0.00040170187 0.0029901525 0.00052992447 0.000384023 6.0266342e-05 0.012053528 0.0005873908 2.608383e-06 0.00025012603 0.016176462 0.029216334 0.009062607 7.5049434e-06 0.004559895 1.0232003e-05 4.811799e-07 3.2483747e-06 2.3617999e-05 5.5164757e-05 0.028580515 1.1576744e-07 5.853016e-06 1.5584623e-06 0.0015962772 0.00026098537 3.3424783e-08 9.830102e-05 9.0907076e-07 0.0003458312 0.002775418 2.1769793e-05 0.0011372986 1.6454803e-06 3.0877688e-06 2.454365e-06
0.99941957 0.011300979 0.1004182 0.03361979 0.0076827276 0.0034699512 0.25778225 0.08915977 0.22462192 0.0010354308 0.011761431 0.07115227 0.8938924 0.09995337 0.06540547 0.9644351 0.18354267 0.015319673 0.018263547 0.008252809 0.008044157 0.0053357645 0.036524076 0.6679536 0.014719072 0.0015246251 0.08509854 1.1744467e-11 0.9076554 0.0048901155 0.0040037665 0.0010853903 0.84310895 0.49444398 0.005826651 0.16041674 0.0023855723 0.009464315 0.001495283 0.06303332 0.00044354462 0.08028297 0.3299999 0.0019677435 0.0019992744 0.0019879246 0.00014370229 0.00011010505 0.16800548 0.29027545 4.6590343e-05 0.001216488 0.00045282167 0.01670461 2.1769603e-05 0.0025304426 0.0075509446 1.09339035e-05 0.00087597576 0.014146029 0.00038970035 0.008605523 2.9890389e-05 0.0853783 0.00052532944 0.00054226985 0.00013825764 0.0044758837 0.0009926679 0.008923291 0.00090439356 0.009525483 0.0010034377 0.00012085434 0.0012997218 0.0022706494 0.00027421917 0.00025762964 6.504182e-05 0.00040232332 3.8784652e-05 3.659566e-05 0.00012542833 7.025163e-05 0.00020749487 7.222753e-05 2.322039e-05 0.00016561514 4.7486606e-05 0.0006274126 0.000576458 2.3990614e-07 0.0009507254 7.463966e-06 3.596935e-05 4.681013e-05 2.9964813e-06 0.00015936061 1.9497193e-06 1.17544305e-05 5.532782e-07
0.98670036 0.0002998165 0.016740331 0.002008538 4.322488e-05 0.0005567863 0.016823202 0.0004013134 0.122712374 2.9103112e-06 0.00045059557 0.0019051383 0.6886127 0.061047863 0.014863014 0.19994213 0.2509589 0.0019874624 0.009896304 0.0035744582 0.0012693468 0.00026333402 0.13936967 0.94863474 0.019228667 0.00093371 0.4517028 0.9076554 3.3965972e-12 0.0003501421 0.0005575193 7.362483e-07 0.14788656 0.94925916 0.008447963 0.008792953 0.0029141868 0.06965295 0.0004010272 0.48406667 0.00012937898 0.094404094 0.3008665 0.0073642926 0.0006828078 0.0027301116 0.00020854593 0.0019200264 0.73644584 0.7351206 8.010068e-05 0.00021385965 0.00020921364 0.18512231 2.2515977e-07 0.00090402184 0.076527156 4.9366114e-05 0.0032293417 0.052776415 6.712017e-05 0.054555703 4.8238365e-07 0.036391195 0.0018280433 0.00010886557 2.2058273e-05 0.0840662 0.00034418577 0.011189176 0.00015123296 0.04214544 0.0005487224 0.0001245724 0.00034274306 0.014236748 0.0018614067 0.0005244589 7.456829e-06 0.00041275087 1.2622745e-05 5.3555596e-07 1.0233417e-05 0.0002813506 0.00052631076 0.00027953807 1.4355544e-06 9.911784e-05 8.783678e-06 0.0003650362 8.686003e-05 5.3550733e-09 0.0010884772 2.9477105e-06 2.0414289e-05 2.0059135e-05 8.7821076e-07 0.0011119187 1.6998472e-06 7.464962e-06 3.6119616e-06
0.9753227 0.11218972 0.2041799 0.014377762 0.24831355 0.004267924 0.030942231 0.041346055 0.24200942 0.5061028 0.8502653 0.012837773 0.049312904 0.00013610923 0.00046590122 0.028286016 0.0027267523 0.43469316 0.00016108957 0.0004861578 0.0014357085 0.9021276 1.5900834e-05 4.318574e-05 3.8244375e-06 0.00022831513 2.283774e-06 0.0048901155 0.0003501421 4.3405516e-13 0.08703966 0.8312587 0.049137253 2.8751037e-05 1.2658469e-06 0.0064675156 1.0932898e-06 2.9527115e-07 0.008675941 7.473071e-07 0.0012528952 0.00030699055 3.5360772e-05 1.1184293e-07 0.00015197626 1.543819e-06 1.1232764e-06 3.0402674e-05 1.4988615e-06 2.7685513e-07 3.0226727e-05 0.15620743 0.0016231654 1.016754e-07 0.6136336 3.0397832e-05 1.7531062e-09 6.892606e-06 1.3197537e-07 5.238865e-08 5.063405e-07 1.1431497e-07 0.050512236 2.2371214e-06 2.0851597e-07 0.9297257 1.0318613e-06 3.5205563e-08 0.00014285701 1.1239243e-05 0.032544687 1.466302e-06 1.1583573e-06 2.5408988e-06 0.9707358 3.9697662e-07 3.205434e-09 1.1732737e-07 0.0047525526 3.8533738e-08 4.7536854e-05 0.014285519 0.25384834 4.6875865e-08 2.4462793e-06 5.468132e-10 0.17087358 4.257995e-07 0.015041507 5.2288797e-05 1.7458744e-06 0.00039619167 1.5646775e-07 4.681653e-08 1.8966947e-06 1.3436284e-06 8.125666e-08 0.0001897214 4.808996e-05 0.00029609556 2.0921194e-05
0.9682989 0.0061207986 0.14201832 0.0020305326 0.039698556 0.0009839205 0.004510429 0.0006779909 0.39953312 0.034253627 0.2686782 0.369483 0.11718208 0.009645655 0.027882813 0.011343366 0.035908535 0.9574775 0.0067416877 0.14246623 0.48338738 0.7066643 0.0039156824 0.00084963604 0.0015849806 0.7387205 0.00015361968 0.0040037665 0.0005575193 0.08703966 4.6619108e-14 0.0022067104 0.006261227 9.4525254e-05 0.0008667348 0.0019108517 0.006386631 1.48022355e-05 0.9593594 4.2398156e-06 0.6467446 4.7743575e-05 4.239282e-06 2.6721815e-05 0.00014258086 0.0004928024 0.006271578 5.0695366e-05 1.2077252e-06 1.3637369e-07 0.00010068189 0.9437558 0.5167202 4.9361983e-08 3.2426473e-05 0.16881174 2.4598984e-07 9.490531e-06 5.7594166e-06 2.4280409e-08 0.00112609 1.9483261e-07 0.00012822423 7.8014345e-08 1.2810066e-06 0.026607743 0.0014621938 1.03141655e-08 0.1286739 6.70271e-07 0.4679954 5.8693097e-08 2.2627517e-06 6.0375004e-07 0.6961214 8.215037e-08 3.6438208e-09 0.00025205797 0.023062047 6.427781e-05 0.014971244 0.00073262834 0.13025783 3.0374736e-07 1.5938493e-06 3.0007607e-07 0.0058117723 1.5984494e-06 0.0013563044 0.00027682993 0.0007530445 6.805341e-07 5.386865e-08 9.582681e-09 9.118658e-07 1.3015178e-07 2.7828592e-05 6.6288458e-06 0.0002846627 0.0005257416 1.589636e-07
