1.0243719e-35 0.9350739 0.92583567 0.9573013 0.9729842 0.7150027 0.90750736 0.61838645 0.8904917 0.5445637 0.39471266 0.8721169 0.6201054 0.95819205 0.5563372 0.58984166 0.26274225 0.31620255 0.974185 0.9619945 0.9642854 0.2857455 0.469916 0.8663149 0.6813859 0.9628451 0.98479825 0.15838666 0.1624607 0.9873211 0.071767874 0.16321981 0.056410275 0.99715406 0.6213965 0.055187322 0.8510943 0.08663347 0.1763576 0.028481364 0.016941864 0.6630887 0.9937676 0.5350912 0.029089935 0.02853929 0.6809725 0.12926807 0.013817 0.0127166705 0.011625248 0.003915016 0.633052 0.0034672352 0.44337183 0.1080681 0.17323631 0.0047196713 0.9944104 0.009323327 0.78315127 0.04918443 0.0026129158 0.00087137945 0.001127209 0.0006360555 0.030363282 0.0004452927 0.0047024973 0.005333994 0.005845804 0.014599652 0.011854541 0.009937477 0.002869074 0.0007501319 0.48337275 0.0064830873 0.51971054 0.01039545 0.9950444 0.9720886 0.9327428 2.0042633e-05 1.8999324e-05 2.40275e-05 0.00058214966 6.202047e-06 1.3288583e-05 0.0001409731 0.98877084 0.1193807 0.09429278 3.741437e-05 9.4545365e-05 1.5995176e-05 2.4945433e-07 5.3649813e-07 1.0627557e-06 0.99351263 0.0011722831
0.9350739 1.0147126e-17 0.7349068 0.48257467 0.72143656 0.35528487 0.14759406 0.42252323 0.28555593 0.10989483 0.24965262 0.18877569 0.0675753 0.17367718 0.1504735 0.131398 0.2112927 0.14962018 0.44212648 0.05923807 0.012146482 0.086138695 0.08183267 0.02238971 0.011847923 0.06998348 0.43218654 0.071941294 0.051277883 0.013377994 0.10151027 0.0027007144 0.07559066 0.3478236 0.006337365 0.12512201 0.0016236964 0.03651582 0.01195276 0.047367405 0.03500959 0.00032801807 0.19694936 6.96436e-05 0.0025295704 0.002081372 9.6789045e-06 0.008090774 0.0059462176 0.011681888 0.0043251794 0.019398233 0.010518102 0.014278294 6.5186914e-06 0.000117970565 6.368014e-06 0.011999953 0.010293336 0.009859297 0.00011950639 1.9012665e-05 0.0010620956 0.0035375631 0.008020016 0.009572212 4.469764e-05 0.0031547702 0.00012695635 0.00018676613 0.0050727455 0.0009742021 0.001975624 0.00011273944 0.00038877327 0.0012262828 3.1217085e-05 0.0015731503 2.782031e-05 0.00028746008 0.0030432816 0.0094294585 0.00015422415 0.0057693454 0.004856981 0.000429043 0.00084150035 0.0013571111 0.0005413426 4.54551e-06 0.022619976 1.6875714e-06 0.004148851 0.00026675386 5.624613e-05 0.00024495806 0.00040038768 2.2058317e-05 3.9640123e-05 0.017096402 0.00012483631
0.92583567 0.7349068 5.610617e-19 0.25699583 0.60620815 0.21975054 0.048926096 0.40367097 0.55930567 0.039244983 0.19353405 0.36481324 0.023672683 0.31904122 0.3218822 0.32763302 0.19917385 0.22064444 0.34787962 0.015002625 0.03692515 0.19739768 0.21441226 0.06163026 0.001973513 0.14227082 0.45998177 0.16904266 0.13299172 0.042993728 0.19702388 0.0003248988 0.16060542 0.31219497 0.023017915 0.10347078 0.009066402 0.09817234 0.032065198 0.059645947 0.077336416 0.0013859746 0.079315804 0.0003510515 0.00092469476 0.00067468587 4.64786e-05 0.017089685 0.0015926065 0.008517266 0.0012379509 0.02243216 0.0040508844 0.018950831 1.9882962e-05 0.00032655388 1.8933035e-05 0.028342362 0.03187033 0.016301254 0.00023449551 3.0861134e-05 0.0002500888 0.0018620257 0.015105476 0.00832138 9.5380434e-05 0.009480761 2.7675984e-05 2.2440903e-05 0.008162439 0.0015713298 0.003752293 0.00015476266 3.8694543e-05 0.0030035337 5.5890123e-05 0.0025422368 5.130713e-05 0.00032882017 0.009316857 0.004404841 0.00036975535 0.005154667 0.007151914 0.000109803885 0.0008312826 0.0037222242 0.00070887414 4.0011494e-07 0.010805371 1.512901e-06 0.0017535805 0.00014790363 2.4732853e-05 0.00018217126 0.00050316204 5.153317e-06 5.3502586e-06 0.009383735 2.514595e-05
0.9573013 0.48257467 0.25699583 7.282512e-18 0.6120628 0.4953238 0.59621173 0.3383322 0.09227395 0.25325447 0.2504975 0.03919219 0.20912527 0.035767328 0.054717556 0.037194904 0.15459016 0.052968867 0.6245995 0.48277438 0.0005827174 0.014441842 0.009328259 0.0016665035 0.15118952 0.01673508 0.49138084 0.009555128 0.00675761 0.0039713494 0.023472171 0.03966254 0.014684587 0.47044927 0.00037901712 0.077475496 7.326174e-05 0.005117595 0.0017156474 0.015940243 0.0043213735 4.424919e-06 0.37961492 2.41553e-06 0.015107419 0.012408781 2.8922807e-07 0.001206711 0.013946633 0.010418221 0.013050184 0.008040506 0.050517682 0.0042153317 4.0162772e-07 9.342324e-06 5.2421603e-07 0.002735513 0.0009513566 0.0023049766 2.337941e-06 1.8631159e-06 0.0014724482 0.0016632599 0.00097431504 0.003796922 6.0320594e-06 0.00051033415 0.00037520975 0.001977754 0.001647668 0.000296128 0.0006579393 1.3497553e-05 0.003527068 0.00035908853 9.0519245e-07 0.0005573907 6.9832276e-07 6.983768e-05 0.0006134251 0.05410925 1.3175906e-05 0.0010842957 0.00060124294 0.00032055617 0.00046114437 0.0002675582 0.00018654807 4.9430746e-05 0.03627363 4.249168e-07 0.018762104 5.9246337e-05 1.4582661e-05 6.16206e-05 0.0001178562 4.792765e-05 1.1135539e-05 0.02938494 0.001629579
0.9729842 0.72143656 0.60620815 0.6120628 1.0932977e-16 0.24902497 0.1292943 0.29219335 0.21659848 0.064280875 0.14228521 0.13029933 0.038906544 0.12314447 0.112846665 0.107381225 0.11462343 0.08566772 0.6253088 0.075061105 0.008796773 0.060030084 0.052944258 0.018721456 0.013637813 0.052453335 0.5884828 0.049845256 0.036344167 0.010340331 0.040778883 0.0041848016 0.030771134 0.46772823 0.0068796924 0.05010506 0.0020855856 0.019133033 0.0064726123 0.017180314 0.012849612 0.0005505279 0.24718702 0.00014844158 0.0021729574 0.001921971 2.447431e-05 0.004057161 0.0028218734 0.006491204 0.0024976847 0.009839506 0.009738246 0.008740953 1.9946796e-05 0.00015592667 1.6617289e-05 0.008052374 0.010263874 0.005495142 0.00013479873 5.045916e-05 0.0008923669 0.0020386237 0.0050171185 0.0057283086 7.433197e-05 0.0029890977 0.00016030077 0.000285089 0.004096439 0.0009476843 0.0017604892 0.000113702474 0.0005793547 0.0013523955 3.8320297e-05 0.0014437889 2.9604738e-05 0.00024673995 0.005035048 0.0074321306 0.00015820946 0.0046135574 0.0043972605 0.00041599263 0.0010215346 0.0016737601 0.0010125985 1.0853968e-05 0.021581868 9.5156395e-07 0.0020288234 0.00026466057 6.0123457e-05 0.0002927964 0.00053064054 3.911823e-05 3.21418e-05 0.017534427 9.0143905e-05
0.7150027 0.35528487 0.21975054 0.4953238 0.24902497 1.2765832e-21 0.5014723 0.63629824 0.04903989 0.5294295 0.60623133 0.022165844 0.49397263 0.017402634 0.07914794 0.03385959 0.38766384 0.14824772 0.3096827 0.19036868 0.00022867425 0.029799847 0.012377007 0.000907645 0.09004926 0.011933386 0.27554753 0.025535887 0.016549848 0.002882158 0.11623665 0.0358026 0.06507037 0.20847939 0.00014029621 0.29063502 4.0520026e-05 0.024023378 0.0033018196 0.1052598 0.034613457 6.524021e-06 0.09820067 1.6216754e-05 0.081842236 0.055000708 3.5363874e-07 0.002417497 0.12462702 0.12932725 0.10788949 0.06156507 0.026118672 0.029506063 9.1121285e-07 5.1247036e-05 9.870223e-07 0.015296745 0.0006680776 0.008034394 2.080078e-06 3.5060054e-06 0.026825156 0.023818055 0.013184958 0.036609326 1.6311384e-05 0.004185093 0.002780994 0.00073842966 0.0040128124 0.0014014429 0.002301202 6.814355e-05 0.00175675 0.0016289497 1.7352592e-06 0.002116805 1.4038277e-06 0.00055642216 0.00037945397 0.018266613 5.386926e-06 0.0077032335 0.0060198875 0.0012585988 0.00092277175 0.0021686936 0.0007181877 1.8413126e-05 0.007915393 1.6915416e-06 0.016481977 0.00020121856 6.897048e-05 0.0002835421 0.0021243999 5.4043212e-05 6.644165e-05 0.0038373726 0.0021333664
0.90750736 0.14759406 0.048926096 0.59621173 0.1292943 0.5014723 2.1182247e-18 0.19506788 0.008962466 0.53017575 0.3045739 0.003954518 0.5982196 0.003208268 0.007932245 0.005834528 0.09762595 0.0134370355 0.19558047 0.7202783 0.00016566394 0.004307233 0.0020641992 0.00025296607 0.3825273 0.0017981023 0.14311357 0.004064101 0.0028712635 0.0005169467 0.014621815 0.12634471 0.009995933 0.13754404 4.5272598e-05 0.13348533 1.8822979e-05 0.0022502497 0.0007282095 0.023377791 0.0051201163 2.0743828e-06 0.16671841 1.7234458e-06 0.16915677 0.11950275 7.1515196e-08 0.0008178432 0.17679246 0.062034987 0.1424548 0.013370361 0.076055765 0.0073752385 2.137001e-07 8.320694e-06 3.565031e-07 0.0050346707 0.00018368692 0.003339842 1.3419489e-07 1.787759e-06 0.022090828 0.007902289 0.0026767498 0.0067212447 5.769575e-06 0.001805113 0.0069209696 0.007973314 0.0029571769 0.0004199612 0.0010242997 1.0538926e-05 0.01024432 0.0008623358 2.5317274e-07 0.0006709166 2.8748101e-07 9.3892755e-05 0.00010458284 0.04196972 9.728642e-07 0.0019546072 0.0012656901 0.0008374956 0.0006759652 0.00072870834 0.00031580948 0.0010279048 0.015521541 1.1789858e-06 0.014429913 4.4150285e-05 1.8618595e-05 4.7935555e-05 0.00027743305 0.00012657481 2.6103327e-05 0.010691816 0.002904422
0.61838645 0.42252323 0.40367097 0.3383322 0.29219335 0.63629824 0.19506788 1.799611e-22 0.2398938 0.31340706 0.6616301 0.13704857 0.2106189 0.091419846 0.35051477 0.2519692 0.6008604 0.44422728 0.27080846 0.050292987 0.0025402918 0.23167463 0.078149594 0.009848913 0.018222237 0.035677016 0.27362198 0.19851527 0.11709269 0.008024784 0.33023822 0.0025832527 0.25898364 0.1391138 0.0030591737 0.38867825 0.00068578206 0.120062605 0.013434569 0.23935086 0.20485742 0.00012573229 0.050712038 0.000118832555 0.01729694 0.01167333 8.816635e-06 0.010349906 0.08264815 0.13728221 0.06642975 0.11508664 0.008624157 0.06635114 8.22243e-06 0.00021290059 8.451064e-06 0.05612956 0.0036425502 0.026505614 4.3849293e-05 1.182406e-05 0.015453306 0.030217981 0.044735562 0.059742577 3.1854586e-05 0.016484821 0.0006995093 5.8931393e-05 0.007209904 0.0018950423 0.003828965 8.160298e-05 0.00018320722 0.0063750753 1.6631733e-05 0.003138139 1.2637151e-05 0.0007028662 0.0016714082 0.0071251793 4.143886e-05 0.024335109 0.019821642 0.0016231408 0.0012586304 0.010043807 0.0017230302 3.1781503e-06 0.0049624145 6.307765e-06 0.010420587 0.00032897954 9.11838e-05 0.0003442194 0.0051746564 4.2629727e-05 0.00013223168 0.0035382633 0.00034240802
0.8904917 0.28555593 0.55930567 0.09227395 0.21659848 0.04903989 0.008962466 0.2398938 2.3115496e-21 0.013716603 0.08235687 0.6815009 0.0077476595 0.5203235 0.35556698 0.5020732 0.13137734 0.22407626 0.12993841 0.0021747642 0.092133075 0.30659735 0.29307446 0.10558645 0.00011757633 0.2516334 0.1905669 0.23429662 0.21607645 0.11566204 0.18952544 4.9897222e-05 0.15837035 0.1165022 0.04031332 0.064109534 0.02115565 0.19950834 0.06114195 0.065727234 0.12718731 0.004347312 0.022358289 0.0014689426 0.00027222274 0.00017259707 0.00033226085 0.042491548 0.0007371224 0.009950535 0.00047111424 0.02025027 0.00034717517 0.01985271 7.246417e-05 0.00084992324 7.2091956e-05 0.06561584 0.045443747 0.044623144 0.00066563644 4.709622e-05 0.00014319611 0.001326177 0.02329168 0.0054288954 7.1213064e-05 0.020645894 9.791139e-06 1.542752e-06 0.018659119 0.0018774137 0.0076177153 0.00014582377 2.1978178e-06 0.009248073 0.00025857656 0.0047782483 0.00022232965 0.00028943352 0.010766043 0.0010085743 0.0011001531 0.0035429585 0.0066572 3.0644103e-05 0.0010332824 0.0042725317 0.0018529046 5.2655317e-08 0.0032090363 9.818366e-06 0.0014034216 0.0001197109 2.4864941e-05 0.00014002367 0.00072404696 1.1956954e-06 1.1615145e-06 0.0033920824 4.8879583e-06
0.5445637 0.10989483 0.039244983 0.25325447 0.064280875 0.5294295 0.53017575 0.31340706 0.013716603 1.485497e-20 0.48125476 0.0071777455 0.8306737 0.006104485 0.0143777 0.0087633515 0.19247043 0.027696265 0.08693484 0.21498024 0.00046389812 0.010407626 0.0069967043 0.00086079433 0.13131148 0.0021479111 0.08253042 0.007633238 0.0064788465 0.0006203885 0.027874125 0.10185353 0.019202301 0.061856136 0.0004361703 0.21262892 0.0001292521 0.010469566 0.0025873554 0.07042441 0.021739814 3.8650433e-05 0.04676897 3.6098318e-05 0.12327543 0.094781056 1.8998754e-06 0.0053718085 0.15034772 0.10510164 0.12511918 0.041347828 0.038183045 0.019617489 1.3117249e-06 5.9618207e-05 1.4550576e-06 0.013982137 0.00021745215 0.011245279 1.9311388e-07 2.915008e-06 0.03912079 0.01781877 0.01119391 0.026561802 1.0029554e-05 0.0038120989 0.011288464 0.0031955882 0.0070583015 0.0016406793 0.0033611911 2.0406349e-05 0.0075265677 0.0016234192 1.204222e-06 0.001718659 1.0653017e-06 0.00016948456 0.0001078796 0.021539578 3.72572e-07 0.0054744235 0.003532894 0.002510911 0.0008064413 0.0018925174 0.0005657039 0.00032935655 0.008843555 2.814944e-06 0.010492049 3.2048752e-05 1.7017213e-05 4.2200274e-05 0.002114513 0.0003967914 0.00032812948 0.0045904154 0.0025014451
0.39471266 0.24965262 0.19353405 0.2504975 0.14228521 0.60623133 0.3045739 0.6616301 0.08235687 0.48125476 3.5723653e-22 0.041095305 0.3835499 0.027083304 0.12716226 0.074676685 0.6972581 0.26278624 0.17853895 0.07700057 0.0009697559 0.06299737 0.056424093 0.0035890148 0.05473839 0.011419181 0.15378588 0.06681173 0.065133914 0.0030082508 0.24014571 0.029655049 0.1694343 0.08950935 0.00075921166 0.4493838 0.00045131615 0.07678192 0.011298512 0.29148698 0.14303803 5.773069e-05 0.043875463 4.530365e-05 0.08710816 0.05685986 3.0545266e-06 0.011946189 0.14929721 0.23642868 0.12570158 0.13241589 0.022298241 0.075596794 5.010548e-06 4.356972e-05 5.4838624e-06 0.039351627 0.0011878312 0.023433242 5.5630694e-06 7.383356e-06 0.0403829 0.042571597 0.036089364 0.083234474 1.1873089e-05 0.009174909 0.0046143825 0.00045145713 0.004622288 0.0008784885 0.0032340866 1.1847041e-05 0.0012496948 0.002125256 4.739221e-06 0.001503171 3.5786275e-06 7.356279e-05 0.0007097529 0.011346731 1.0032395e-05 0.02144175 0.014233931 0.0022650997 0.0005113455 0.0041959076 0.00043472927 9.362624e-06 0.0055340775 4.09581e-06 0.013617643 2.833546e-05 1.1324713e-05 2.6146281e-05 0.0011710667 0.0001308373 0.0002116931 0.003838286 0.0007596777
0.8721169 0.18877569 0.36481324 0.03919219 0.13029933 0.022165844 0.003954518 0.13704857 0.6815009 0.0071777455 0.041095305 1.2645679e-21 0.0041683814 0.59323746 0.17681879 0.29348055 0.07767248 0.15412508 0.06537366 0.0007743619 0.16520444 0.21664773 0.33296108 0.17602408 5.6592806e-05 0.31154534 0.08738019 0.2290345 0.24367677 0.17674896 0.15400544 2.0635101e-05 0.13190618 0.06422593 0.079770885 0.04015437 0.043286253 0.20949988 0.08088846 0.038597025 0.08004779 0.009089053 0.014400013 0.004439339 0.00018795849 0.00013650309 0.0010742453 0.063419 0.00040779883 0.00834408 0.0003237019 0.0112753 0.00021474685 0.012047585 0.00045979358 0.0018324312 0.00039543165 0.056527335 0.1241777 0.04605438 0.0014815186 0.000350477 0.00011162265 0.0008682402 0.014838986 0.0032017257 0.00034145292 0.019703334 1.150799e-05 1.7535804e-06 0.030946868 0.0041572694 0.0126950955 0.00046581612 3.0663061e-06 0.011800703 0.00067551737 0.0072753797 0.0006364068 0.000757834 0.027105935 0.0005268046 0.0027288075 0.0018791244 0.0030472663 2.3558385e-05 0.0015346424 0.0042697373 0.0030574573 9.987612e-08 0.0018160777 4.9121478e-05 0.000906795 0.0002325575 5.8903406e-05 0.00027127317 0.00058145035 1.9139893e-06 3.0432768e-06 0.001860782 3.3458462e-06
0.6201054 0.0675753 0.023672683 0.20912527 0.038906544 0.49397263 0.5982196 0.2106189 0.0077476595 0.8306737 0.3835499 0.0041683814 5.69143e-20 0.004317584 0.0072127203 0.0046102805 0.106304295 0.013962469 0.058746587 0.30198747 0.000427505 0.00640537 0.0037685747 0.0007227731 0.1678341 0.0011570056 0.056679506 0.00422143 0.0031818387 0.0003110189 0.014599723 0.13839215 0.011665111 0.045947164 0.00016174767 0.14221224 8.979384e-05 0.0056143156 0.0017522575 0.047867462 0.014491724 1.95424e-05 0.051241834 2.0341298e-05 0.13770083 0.10405231 7.3371655e-07 0.0041356096 0.13767104 0.07943648 0.10976184 0.028464556 0.0418469 0.01512154 2.677035e-07 3.9754566e-05 4.9648634e-07 0.011237555 0.00013957969 0.008490811 6.212341e-08 2.0305856e-06 0.031549808 0.016856544 0.009380817 0.020977467 4.997382e-06 0.0034694616 0.011086088 0.0044470704 0.0045448584 0.00075406965 0.0015589418 9.8463015e-06 0.00998412 0.0018180178 4.274942e-07 0.0011496533 3.9371943e-07 0.00011935365 6.0622173e-05 0.023446755 1.02787816e-07 0.0046142875 0.003141999 0.0015785589 0.00063560676 0.0010014371 0.0004683188 0.00093570905 0.011164655 1.6662857e-06 0.011847967 3.607034e-05 1.447978e-05 4.9826038e-05 0.0011724653 0.0002845061 0.00025549508 0.0054120016 0.0027380695
0.95819205 0.17367718 0.31904122 0.035767328 0.12314447 0.017402634 0.003208268 0.091419846 0.5203235 0.006104485 0.027083304 0.59323746 0.004317584 1.2419038e-20 0.12252045 0.19635625 0.060500607 0.10467866 0.08176408 0.00065777556 0.29907435 0.14699072 0.31514743 0.3173568 0.00011823932 0.4206657 0.10072361 0.19212565 0.20359503 0.29894137 0.08903092 2.3626739e-05 0.07777732 0.08825802 0.1713312 0.020654837 0.10488718 0.19391683 0.100004755 0.019303318 0.041184947 0.027168458 0.015652122 0.013694571 0.00023332013 0.0001949857 0.0033812048 0.080992386 0.0002968536 0.0033826723 0.00024122841 0.0066185966 0.00025802475 0.007809062 0.0015311419 0.005105501 0.0017402992 0.028873969 0.2776634 0.030667936 0.00341908 0.0013789381 9.96773e-05 0.000462285 0.0056538833 0.0021571754 0.0007938272 0.011138982 1.7234697e-05 4.095075e-06 0.0323417 0.007778955 0.017008746 0.0008944301 7.627528e-06 0.007951714 0.0013050226 0.011270865 0.0011246315 0.0021476704 0.07722195 0.00069341855 0.0060304548 0.0016501872 0.0020759127 2.2021322e-05 0.002145787 0.0031191595 0.002472873 1.4926286e-07 0.0017319742 8.7197994e-05 0.0003834488 0.00030985216 7.224667e-05 0.00041121873 0.00029384147 2.543437e-06 2.5435631e-06 0.0015968763 1.6792858e-06
0.5563372 0.1504735 0.3218822 0.054717556 0.112846665 0.07914794 0.007932245 0.35051477 0.35556698 0.0143777 0.12716226 0.17681879 0.0072127203 0.12252045 3.175846e-24 0.76960903 0.16513675 0.63914484 0.11971054 0.0018760901 0.012087879 0.5212558 0.159033 0.027881881 0.00047714563 0.039666336 0.15523408 0.27503556 0.15854268 0.010782978 0.28550255 0.00019378903 0.24156876 0.04374536 0.010376031 0.1116947 0.004349929 0.10955051 0.017665049 0.100832015 0.17970005 0.00093085517 0.012889709 0.00035514933 0.0007811866 0.00045903868 1.2432677e-05 0.01585373 0.0069837184 0.035756484 0.0051217596 0.05266649 0.0008573706 0.042572692 4.815547e-06 0.00030380717 3.9577662e-06 0.08646622 0.0021790534 0.0389693 3.103447e-05 5.2520118e-06 0.00050174876 0.0058881505 0.054043658 0.027867567 1.0260732e-05 0.029090974 1.1473603e-05 3.1377317e-06 0.009087445 0.0011364204 0.0028137525 3.242576e-05 5.402252e-06 0.0067697004 8.275412e-06 0.0018241135 6.8669724e-06 0.00015912749 0.00085059955 0.0009885933 5.721579e-05 0.01540909 0.01679478 7.0723065e-05 0.00046232293 0.006118654 0.0005537459 1.1090973e-07 0.00087320036 3.5286826e-07 0.0019156971 5.327339e-05 1.39387785e-05 5.223193e-05 0.002068337 3.2474518e-06 2.0629561e-06 0.0012801641 1.0207414e-05
0.58984166 0.131398 0.32763302 0.037194904 0.107381225 0.03385959 0.005834528 0.2519692 0.5020732 0.0087633515 0.074676685 0.29348055 0.0046102805 0.19635625 0.76960903 1.6049586e-24 0.108084284 0.5408873 0.095532134 0.0014406783 0.025665235 0.5824367 0.23988809 0.048766434 0.00027595588 0.08850582 0.1423769 0.32281366 0.18780437 0.037318934 0.2649585 0.00015330005 0.226676 0.03287839 0.017604187 0.06623126 0.0068381494 0.13717875 0.030285966 0.07947365 0.16108586 0.0020372844 0.010736493 0.00084248517 0.00034997732 0.0002308384 7.7111676e-05 0.023083191 0.0023896596 0.021165678 0.0017835649 0.032436524 0.0006236734 0.030009935 1.4295998e-05 0.0006317322 1.4710932e-05 0.07780832 0.0052225483 0.042183336 0.0001354256 1.622975e-05 0.00023629228 0.002590344 0.04660428 0.0129646715 2.2762211e-05 0.027807051 9.275449e-06 6.9213553e-07 0.014210012 0.0016522628 0.005322208 6.499619e-05 1.0938278e-06 0.009993055 2.2450107e-05 0.0030069186 1.8149245e-05 0.00019119479 0.0020618492 0.0008141413 0.00019099034 0.0103595685 0.013743491 3.5114615e-05 0.0005882914 0.006537512 0.0014133272 2.2209335e-08 0.0011294731 9.708742e-07 0.0009751009 7.267422e-05 1.8992878e-05 6.523782e-05 0.001465508 1.4123846e-06 5.6359266e-07 0.0012924593 4.8749694e-06
0.26274225 0.2112927 0.19917385 0.15459016 0.11462343 0.38766384 0.09762595 0.6008604 0.13137734 0.19247043 0.6972581 0.07767248 0.106304295 0.060500607 0.16513675 0.108084284 9.141131e-22 0.40746096 0.117798954 0.020940803 0.003596949 0.14643505 0.115601555 0.010307648 0.013002462 0.021071352 0.11807728 0.17504641 0.13273919 0.0057765464 0.31113195 0.004223643 0.24961835 0.057281025 0.0035865067 0.42940167 0.0013076533 0.16107339 0.028913174 0.33622256 0.21102533 0.00014864303 0.025483545 9.7625656e-05 0.023295239 0.016156029 3.4978715e-05 0.022035534 0.078855194 0.19352633 0.058855195 0.12867133 0.007960114 0.10389607 2.025809e-05 6.4732914e-05 1.4667938e-05 0.07081224 0.0035268546 0.048028316 5.1096726e-05 1.0480653e-05 0.016477946 0.032107666 0.052416466 0.07214174 1.3108577e-05 0.01920721 0.0006102299 4.0611445e-05 0.004422058 0.0006151909 0.0021066552 9.190006e-06 8.822696e-05 0.0038815106 1.3107877e-05 0.0014482625 1.2019463e-05 7.688895e-05 0.0025765765 0.0037894065 8.900139e-05 0.030275896 0.021351667 0.0010990493 0.00025357812 0.008563313 0.0005602103 9.078327e-07 0.002134269 3.910098e-06 0.0059496462 2.4807692e-05 6.5032114e-06 2.2882989e-05 0.0010879453 1.6262347e-05 0.00017330234 0.0019104836 5.166946e-05
0.31620255 0.14962018 0.22064444 0.052968867 0.08566772 0.14824772 0.0134370355 0.44422728 0.22407626 0.027696265 0.26278624 0.15412508 0.013962469 0.10467866 0.63914484 0.5408873 0.40746096 4.6753176e-23 0.076059446 0.0032887678 0.0075072628 0.5709225 0.3058689 0.020029226 0.0017283071 0.026329044 0.094993375 0.4526561 0.32142133 0.0077188234 0.5099041 0.00042709935 0.42806846 0.024616718 0.0074479245 0.29377526 0.004127648 0.23687057 0.04501563 0.27849138 0.33495054 0.00051230274 0.008316715 0.00022649603 0.002895423 0.0018854549 9.772817e-06 0.031337555 0.022135232 0.11054846 0.012445153 0.1175099 0.00089067116 0.10062109 8.376051e-06 0.0001845612 7.801584e-06 0.13920814 0.0017962778 0.07760949 3.9849045e-05 8.087706e-06 0.0015345919 0.011988309 0.08620629 0.0554638 7.4847435e-06 0.05668455 3.988254e-05 1.9276954e-06 0.008013206 0.0007801492 0.002536467 7.675148e-06 3.9092515e-06 0.01283898 1.0161725e-05 0.0016667579 9.010304e-06 5.50473e-05 0.0008550337 0.0004758836 5.3026994e-05 0.032221552 0.030520968 0.00018830546 0.0004420246 0.014437345 0.000948044 9.475364e-08 0.0004761689 8.0846024e-07 0.0018713198 3.5975834e-05 7.30871e-06 3.4469933e-05 0.0026999007 2.7298781e-06 1.5895617e-05 0.00069514767 6.593035e-06
0.974185 0.44212648 0.34787962 0.6245995 0.6253088 0.3096827 0.19558047 0.27080846 0.12993841 0.08693484 0.17853895 0.06537366 0.058746587 0.08176408 0.11971054 0.095532134 0.117798954 0.076059446 4.190719e-16 0.087151684 0.0050715026 0.039845057 0.035158876 0.010234907 0.02005348 0.022085752 0.6943191 0.02316982 0.017389795 0.005762112 0.029323531 0.0050631976 0.02219836 0.44487765 0.0034071438 0.024426768 0.0019336427 0.009711568 0.0038078423 0.009474494 0.0062341467 0.00019613566 0.1891684 2.6976742e-05 0.0024294101 0.002005119 2.9677674e-05 0.0017299743 0.004344332 0.005368789 0.003954967 0.0059015835 0.004793634 0.005749388 7.4466743e-06 3.686626e-05 4.2416195e-06 0.0060874545 0.0018857875 0.006078367 4.330398e-05 9.771548e-06 0.0010890965 0.0009700774 0.004317969 0.0030609248 1.0033553e-05 0.004244153 0.00041689456 0.00010938571 0.0039723893 0.0006057046 0.0026007232 1.2474615e-05 0.0001472774 0.002371236 1.7934208e-05 0.0016512575 1.5598489e-05 0.00015061881 0.002464903 0.0025182671 8.822914e-05 0.00398142 0.0058479724 0.00066727406 0.0011100111 0.005312659 0.0021099725 3.1768564e-06 0.014553869 4.049812e-07 0.00022965882 7.352414e-05 4.364586e-05 0.00028315865 0.0022335444 0.00017681195 4.3649565e-05 0.015791658 8.614822e-06
0.9619945 0.05923807 0.015002625 0.48277438 0.075061105 0.19036868 0.7202783 0.050292987 0.0021747642 0.21498024 0.07700057 0.0007743619 0.30198747 0.00065777556 0.0018760901 0.0014406783 0.020940803 0.0032887678 0.087151684 2.83928e-19 6.8943256e-05 0.00088524685 0.00046632573 0.00016409751 0.83616155 0.00032293756 0.06137114 0.0006758792 0.0005822219 0.0001093928 0.0011827045 0.41779265 0.0010826353 0.09099724 2.3200291e-05 0.0077194646 1.7494687e-05 0.00048794303 0.0003411839 0.0028898627 0.00094668154 1.5068431e-06 0.2796155 1.2471016e-06 0.056312755 0.045605928 2.3966338e-08 0.00021307325 0.015049485 0.004281546 0.016084058 0.0017757391 0.12465973 0.0015976229 1.0417687e-08 1.1661106e-06 2.0435278e-08 0.001075034 6.475903e-05 0.0013272474 5.1081805e-09 1.00968855e-07 0.0030300266 0.0009828777 0.0005687312 0.0007325102 5.5956576e-07 0.00025358927 0.0020405028 0.0051522343 0.00035248738 4.6745357e-05 0.00017629488 1.1987232e-06 0.005882047 0.00022346203 1.5641756e-08 0.00010355345 1.5111864e-08 7.5394196e-06 6.403662e-05 0.020180304 3.203755e-08 0.00031998043 0.00059555954 0.00037147364 3.7807018e-05 0.00016438069 3.5272966e-05 0.0008763213 0.017250706 2.64275e-09 0.0047676447 3.3570263e-06 9.940211e-07 5.46513e-06 7.321673e-06 8.9862966e-05 9.817267e-07 0.00945236 0.00057928124
0.9642854 0.012146482 0.03692515 0.0005827174 0.008796773 0.00022867425 0.00016566394 0.0025402918 0.092133075 0.00046389812 0.0009697559 0.16520444 0.000427505 0.29907435 0.012087879 0.025665235 0.003596949 0.0075072628 0.0050715026 6.8943256e-05 2.5642328e-20 0.029558638 0.21875982 0.55020577 2.7716398e-05 0.29027292 0.011995938 0.05058445 0.11048883 0.34052065 0.012185618 5.7900197e-06 0.014435542 0.011434258 0.36455053 0.004835813 0.36296996 0.14631929 0.11669162 0.0036117672 0.01305995 0.22213297 0.002508003 0.15802535 0.00015036091 0.00013698 0.027999604 0.14736265 0.00011369402 0.0015650986 8.38451e-05 0.0016353104 0.00015581831 0.0019073907 0.009946982 0.039318174 0.013487651 0.017726665 0.3782949 0.03916056 0.023571467 0.01547542 4.7594694e-05 0.000105943254 0.0036828592 0.00064576976 0.009962076 0.008340035 2.6475684e-05 8.230204e-06 0.059094306 0.047219258 0.060380913 0.008785999 1.5819805e-05 0.014466379 0.006943838 0.050011206 0.005137674 0.020054057 0.16249879 7.5271746e-05 0.030886782 0.00043140503 0.00095313153 3.604737e-05 0.013859858 0.0021475127 0.0040856395 2.0372669e-07 5.0245282e-05 0.0044363495 6.37832e-05 0.0014816121 0.0011132143 0.001887123 0.00029436484 4.9031364e-06 1.7489107e-06 0.00026893683 2.3769479e-07
0.2857455 0.086138695 0.19739768 0.014441842 0.060030084 0.029799847 0.004307233 0.23167463 0.30659735 0.010407626 0.06299737 0.21664773 0.00640537 0.14699072 0.5212558 0.5824367 0.14643505 0.5709225 0.039845057 0.00088524685 0.029558638 1.7543353e-26 0.5529811 0.06439235 0.00026901197 0.078385144 0.03639504 0.68023956 0.551973 0.036212903 0.3411002 0.000101849655 0.32848734 0.0105822645 0.034183692 0.08334875 0.016994778 0.2574497 0.07054395 0.09554715 0.27598777 0.0064945905 0.0038975945 0.0041413205 0.0011689785 0.00055144925 0.00016394063 0.042416245 0.004751621 0.02868836 0.0036053113 0.050118163 0.00024987114 0.047685347 5.2753312e-05 0.0019489385 3.6284528e-05 0.15807705 0.003943815 0.089108154 0.0003226242 4.6147074e-05 0.00031745186 0.0027453485 0.08059914 0.01953026 8.233034e-05 0.07153759 9.350693e-06 3.4777113e-07 0.031989645 0.002604656 0.01128327 0.00016286288 4.9797194e-07 0.029737944 6.670634e-05 0.0064186114 6.75166e-05 0.00029161206 0.0020472568 0.00018375716 0.00036308618 0.016797584 0.021708557 3.6596706e-05 0.0011824197 0.012281331 0.0044140606 6.5044667e-09 0.0002313892 3.6482354e-06 0.0005233644 6.795548e-05 1.4301466e-05 6.491009e-05 0.0031960912 1.2325231e-06 1.2023069e-06 0.0003460523 1.1672311e-06
0.469916 0.08183267 0.21441226 0.009328259 0.052944258 0.012377007 0.0020641992 0.078149594 0.29307446 0.0069967043 0.056424093 0.33296108 0.0037685747 0.31514743 0.159033 0.23988809 0.115601555 0.3058689 0.035158876 0.00046632573 0.21875982 0.5529811 1.30090145e-23 0.3238288 0.00017897328 0.23098378 0.039203487 0.55370986 0.59483963 0.18360531 0.15071554 3.0382153e-05 0.13848609 0.024527675 0.21350929 0.058312867 0.10215663 0.3896853 0.2343603 0.051763225 0.12028325 0.04040927 0.005278096 0.029180745 0.00017783082 0.000130804 0.006374488 0.18882318 0.00043380182 0.016530508 0.00040945347 0.021872718 0.00029287793 0.02553582 0.003552762 0.014558804 0.0031416635 0.09893896 0.045856807 0.10109374 0.004001909 0.0029826935 9.2191796e-05 0.0011319786 0.029542238 0.009585179 0.0025434326 0.050480668 7.364158e-06 3.1328295e-07 0.09804191 0.018880116 0.046483673 0.0031574944 5.9937906e-07 0.03748148 0.0019217784 0.029626567 0.0016114819 0.004928633 0.01920736 0.0004969122 0.0055797356 0.0038093063 0.006384098 8.961979e-06 0.0068163997 0.010032707 0.009567785 3.5313554e-09 0.00020897476 0.0009456443 0.00070551917 0.00046960326 0.00014250459 0.0009002334 0.0011696882 4.917909e-07 2.8934544e-06 0.0003553114 5.4338952e-06
0.8663149 0.02238971 0.06163026 0.0016665035 0.018721456 0.000907645 0.00025296607 0.009848913 0.10558645 0.00086079433 0.0035890148 0.17602408 0.0007227731 0.3173568 0.027881881 0.048766434 0.010307648 0.020029226 0.010234907 0.00016409751 0.55020577 0.06439235 0.3238288 6.57789e-20 4.7892332e-05 0.3241399 0.020117737 0.09411722 0.20197341 0.30713728 0.025780255 6.6091443e-06 0.028106164 0.017392483 0.40484416 0.013057144 0.40618452 0.22087383 0.19054444 0.012219862 0.029754866 0.25663623 0.003061247 0.23610103 0.00025440243 0.00022721363 0.026064327 0.23148896 0.00025099653 0.0032125392 0.0001438331 0.0055034054 0.00031652322 0.0060483646 0.010730643 0.06178266 0.013940396 0.045068372 0.28073043 0.079976425 0.027233945 0.015976435 6.5063476e-05 0.00034748038 0.009861338 0.001692849 0.0118404515 0.023019968 1.2110395e-05 8.253179e-06 0.10865438 0.08838253 0.11038717 0.010922425 1.4451746e-05 0.03132704 0.007498272 0.091717295 0.0054619596 0.033108022 0.12829666 7.160649e-05 0.032961823 0.0010987424 0.0017091928 3.3971373e-05 0.027796963 0.0037065812 0.009342472 9.563369e-08 2.5170999e-05 0.0060080844 0.000116189796 0.00233562 0.0018666848 0.0038082544 0.00027382092 1.1987735e-06 3.5326746e-06 0.00011893142 4.5139598e-07
0.6813859 0.011847923 0.001973513 0.15118952 0.013637813 0.09004926 0.3825273 0.018222237 0.00011757633 0.13131148 0.05473839 5.6592806e-05 0.1678341 0.00011823932 0.00047714563 0.00027595588 0.013002462 0.0017283071 0.02005348 0.83616155 2.7716398e-05 0.00026901197 0.00017897328 4.7892332e-05 1.2852204e-16 6.20888e-05 0.01246481 0.00031515327 0.00023684549 1.7319882e-05 0.0029181696 0.6373037 0.00223499 0.020453667 1.5025446e-05 0.017951682 1.3507184e-05 0.0009608536 0.0002135059 0.004273202 0.0016293087 1.8551834e-06 0.08824556 1.3074412e-06 0.28710756 0.27524 2.8511966e-08 0.0002919496 0.08112554 0.009204839 0.08276942 0.0016399472 0.5410562 0.0020092987 1.29246525e-08 1.7956517e-06 2.319563e-08 0.0016669241 4.684798e-06 0.0022696406 3.982712e-09 3.1148207e-07 0.017963685 0.0013904878 0.0014179857 0.0007143072 1.032898e-06 0.00033253318 0.031196676 0.065250956 0.0009996266 5.5985027e-05 0.0003371993 1.1329893e-06 0.09668926 0.00029706684 2.2583016e-08 0.000121962614 2.2917437e-08 3.8776534e-06 1.5474392e-06 0.12512651 3.4642222e-09 0.00047649763 0.0009093865 0.00038392213 8.500456e-05 0.00037169477 2.5933483e-05 0.015752753 0.009329793 5.6714608e-08 0.02929182 5.970005e-06 4.6958376e-06 4.1848693e-06 6.5470203e-06 8.9442576e-05 9.4260054e-07 0.004702634 0.009865194
0.9628451 0.06998348 0.14227082 0.01673508 0.052453335 0.011933386 0.0017981023 0.035677016 0.2516334 0.0021479111 0.011419181 0.31154534 0.0011570056 0.4206657 0.039666336 0.08850582 0.021071352 0.026329044 0.022085752 0.00032293756 0.29027292 0.078385144 0.23098378 0.3241399 6.20888e-05 7.4949863e-19 0.034512825 0.081031285 0.12604414 0.88518953 0.015967706 2.271403e-05 0.01521405 0.032293785 0.20721899 0.003939727 0.24116307 0.08621965 0.0818275 0.0033591883 0.008049533 0.110357806 0.004178305 0.048223272 5.173001e-05 5.7155365e-05 0.0061268467 0.049088158 2.5553225e-05 0.00044723102 2.5771773e-05 0.0017889992 0.0005468889 0.0025248597 0.0024659706 0.011785749 0.0047198986 0.0069046663 0.12031125 0.011465455 0.0020109073 0.0060912524 1.844098e-05 1.557282e-05 0.0022143924 0.0004563712 0.0026360122 0.0022657607 1.3100429e-05 1.8860292e-06 0.013149478 0.0069288025 0.013470504 0.0014228256 5.4240168e-06 0.004385622 0.0011549051 0.008643102 0.0010802033 0.0024763527 0.046189018 0.00024515926 0.0017194819 0.0007223221 0.0008870334 2.3777575e-05 0.0042739906 0.0010587058 0.0015707861 2.4730969e-07 0.0008606372 0.00014644576 1.8855246e-05 0.00062312913 0.00069926016 0.0008841694 0.00044278387 2.926233e-06 4.456748e-07 0.003328538 1.9838193e-08
0.98479825 0.43218654 0.45998177 0.49138084 0.5884828 0.27554753 0.14311357 0.27362198 0.1905669 0.08253042 0.15378588 0.08738019 0.056679506 0.10072361 0.15523408 0.1423769 0.11807728 0.094993375 0.6943191 0.06137114 0.011995938 0.03639504 0.039203487 0.020117737 0.01246481 0.034512825 7.628668e-16 0.024594571 0.01889198 0.0088984 0.023881616 0.0042132097 0.018253293 0.46140385 0.005833162 0.016456438 0.003797585 0.012542946 0.005130139 0.0076704286 0.0062794657 0.0008943981 0.12357802 0.0002534913 0.0027529872 0.0024715434 0.00010755867 0.0029037865 0.0037663127 0.0053432193 0.0034798514 0.005078462 0.0044285017 0.0052465326 4.860178e-05 0.000171365 3.3467735e-05 0.0064614867 0.0021809856 0.007246128 9.635081e-05 4.0131723e-05 0.0012311628 0.0007065508 0.0048568193 0.0030837113 2.4949906e-05 0.0056093866 0.00058532396 7.678776e-05 0.0052769114 0.0007671485 0.004110807 2.2656113e-05 7.699499e-05 0.003137512 5.3724816e-05 0.0024234687 4.516354e-05 0.00018978998 0.0028420442 0.0013735956 0.00011407012 0.0034707887 0.005592996 0.00068155053 0.0013345933 0.0063893967 0.0032333634 3.6173324e-06 0.0071905404 1.3703943e-06 8.7321656e-05 0.000113336566 6.752053e-05 0.00037861953 0.005845051 0.0003479068 8.428412e-05 0.011281936 1.8093365e-06
0.15838666 0.071941294 0.16904266 0.009555128 0.049845256 0.025535887 0.004064101 0.19851527 0.23429662 0.007633238 0.06681173 0.2290345 0.00422143 0.19212565 0.27503556 0.32281366 0.17504641 0.4526561 0.02316982 0.0006758792 0.05058445 0.68023956 0.55370986 0.09411722 0.00031515327 0.081031285 0.024594571 2.1321204e-25 0.6478508 0.050673455 0.3506581 9.0787e-05 0.34463698 0.008909906 0.053005412 0.09419664 0.024079604 0.42723498 0.16686106 0.17476343 0.33341125 0.008639097 0.0030332387 0.0050011897 0.0010466984 0.0004774884 0.00053885096 0.09690959 0.0030895707 0.029241147 0.0017879086 0.050883126 7.638459e-05 0.06598403 0.00020095392 0.0015618242 0.00018835846 0.19361612 0.0052994112 0.12789685 0.00054865464 0.00014003595 0.00016643039 0.0018564058 0.08417399 0.014531047 0.0001296333 0.09028471 3.273799e-06 1.9330442e-07 0.042984553 0.0029343595 0.015182858 0.00012637494 1.9074358e-07 0.0411887 0.00020985868 0.008156035 0.00018441639 0.0002716045 0.0035384572 0.000109697445 0.000831779 0.018054886 0.024682302 3.9582173e-05 0.001549323 0.016344842 0.00867178 3.987599e-09 0.00016465275 3.5120847e-05 0.0003835532 6.991312e-05 1.3405624e-05 0.00018778398 0.006097014 5.6802486e-07 4.112377e-06 0.00033365388 4.0346274e-07
0.1624607 0.051277883 0.13299172 0.00675761 0.036344167 0.016549848 0.0028712635 0.11709269 0.21607645 0.0064788465 0.065133914 0.24367677 0.0031818387 0.20359503 0.15854268 0.18780437 0.13273919 0.32142133 0.017389795 0.0005822219 0.11048883 0.551973 0.59483963 0.20197341 0.00023684549 0.12604414 0.01889198 0.6478508 1.0239322e-24 0.08291441 0.20654346 5.733301e-05 0.19853497 0.0094874 0.15353307 0.06960553 0.059497014 0.40940794 0.25645748 0.094459705 0.21654055 0.022685563 0.00314719 0.014776074 0.00091419293 0.00057815865 0.002571385 0.17381486 0.0013107315 0.022135973 0.00084732665 0.03486726 9.907616e-05 0.04830031 0.0013977189 0.0063172686 0.0012925876 0.14967673 0.011534273 0.1414636 0.0013773754 0.0012667298 0.00015442888 0.0011453822 0.06093437 0.014411422 0.0011889781 0.07798159 5.5014675e-06 2.401632e-07 0.08060791 0.011100297 0.039733436 0.0017241642 2.5703216e-07 0.06121679 0.0006199487 0.023829835 0.000623508 0.0015409148 0.0070652207 0.00014948245 0.0019951067 0.011907523 0.018049048 2.4911056e-05 0.0058252597 0.012266871 0.013740844 3.6821137e-09 0.00021136367 0.0005606154 0.0003548189 0.0002294528 5.7005775e-05 0.00066349236 0.003967747 5.0942526e-07 4.8434395e-06 0.0004126137 1.2547162e-06
0.9873211 0.013377994 0.042993728 0.0039713494 0.010340331 0.002882158 0.0005169467 0.008024784 0.11566204 0.0006203885 0.0030082508 0.17674896 0.0003110189 0.29894137 0.010782978 0.037318934 0.0057765464 0.0077188234 0.005762112 0.0001093928 0.34052065 0.036212903 0.18360531 0.30713728 1.7319882e-05 0.88518953 0.0088984 0.050673455 0.08291441 4.5234966e-22 0.006165226 5.5805413e-06 0.0066083004 0.005859618 0.2097684 0.0017483815 0.33931327 0.051412866 0.052612323 0.0016191311 0.0032366924 0.17061491 0.0009678601 0.09300074 2.0073794e-05 1.9760148e-05 0.017331995 0.040219035 8.073611e-06 0.00018734786 7.999071e-06 0.00067245495 0.00013470941 0.00091571466 0.008786406 0.022669988 0.014210831 0.0030552174 0.20066117 0.006046698 0.005101775 0.013416656 5.1420066e-06 4.2213856e-06 0.00095982273 0.00013803736 0.005830882 0.00078954635 6.034257e-06 9.857458e-07 0.008033939 0.010486898 0.011000666 0.002556789 2.3926762e-06 0.0017933261 0.0018868174 0.008750424 0.0014098929 0.0048400965 0.06362891 4.7776644e-05 0.0022522046 0.00017454516 0.00044710713 3.9048136e-06 0.0031495094 0.0003334465 0.0007342951 6.390462e-08 0.0002220991 0.0006643599 7.6365717e-07 0.0003658238 0.00031390577 0.00059306546 7.926826e-05 7.833153e-07 7.780111e-08 0.0010319273 3.4834946e-10
0.071767874 0.10151027 0.19702388 0.023472171 0.040778883 0.11623665 0.014621815 0.33023822 0.18952544 0.027874125 0.24014571 0.15400544 0.014599723 0.08903092 0.28550255 0.2649585 0.31113195 0.5099041 0.029323531 0.0011827045 0.012185618 0.3411002 0.15071554 0.025780255 0.0029181696 0.015967706 0.023881616 0.3506581 0.20654346 0.006165226 3.8122145e-24 0.0017069627 0.7798796 0.006765773 0.011201715 0.31623837 0.007372011 0.21275808 0.033785403 0.38759398 0.46659312 0.0016003897 0.002659554 0.0009253511 0.004138912 0.0022208914 6.466572e-05 0.0230579 0.014452561 0.080768 0.008866473 0.12022712 0.004158243 0.1328921 2.1340176e-05 0.00034972042 2.4753455e-05 0.15617125 0.0033723505 0.07465094 2.1658525e-05 3.4173092e-05 0.0016585649 0.008940507 0.10191109 0.042394787 3.433113e-05 0.055270188 2.4770388e-05 3.86374e-06 0.01395773 0.0008087167 0.0030258682 4.6520727e-05 6.616195e-06 0.013241324 1.2414881e-05 0.001867893 1.6791073e-05 5.3059066e-05 0.0016006676 0.0013910634 3.1757583e-05 0.032739244 0.03143619 0.0003810876 0.00043820433 0.015909497 0.0028859451 8.817988e-08 0.000107311855 2.2674465e-05 0.0036519691 4.442935e-05 1.0992673e-05 2.878511e-05 0.0066769226 6.6668213e-06 0.00018673853 0.0002033223 3.0291798e-05
0.16321981 0.0027007144 0.0003248988 0.03966254 0.0041848016 0.0358026 0.12634471 0.0025832527 4.9897222e-05 0.10185353 0.029655049 2.0635101e-05 0.13839215 2.3626739e-05 0.00019378903 0.00015330005 0.004223643 0.00042709935 0.0050631976 0.41779265 5.7900197e-06 0.000101849655 3.0382153e-05 6.6091443e-06 0.6373037 2.271403e-05 0.0042132097 9.0787e-05 5.733301e-05 5.5805413e-06 0.0017069627 3.0732405e-18 0.0015483125 0.006845637 7.991961e-07 0.039253045 1.0417907e-06 0.00028178748 3.8380535e-05 0.008329257 0.0022888067 1.0031485e-07 0.018580211 1.1348683e-07 0.4771277 0.4632166 2.7110838e-08 6.9254624e-05 0.27599564 0.021844668 0.25538933 0.003381414 0.5432788 0.0016776084 1.3851405e-08 2.6106142e-07 1.30596565e-08 0.0023698378 2.1545147e-06 0.0016697497 7.3283046e-09 8.311889e-08 0.072805926 0.0018792534 0.0009714327 0.00054374547 3.270474e-07 0.00064970035 0.13031937 0.17196158 0.00041097193 4.2493633e-05 0.00017726577 2.2889228e-07 0.27561647 0.00023091701 2.4007377e-08 9.2310576e-05 2.396341e-08 7.111381e-06 8.1900646e-07 0.09314677 3.0060103e-09 0.00023510927 0.00033303813 0.00060122774 8.528772e-05 0.0002578742 4.235239e-05 0.097631626 0.008178253 5.470297e-08 0.041224714 3.8121184e-06 2.0077769e-06 2.1866554e-06 0.00021447956 0.00023994011 2.152693e-06 0.0042256857 0.03577883
