6.7955164e-31 0.102009796 0.09970479 0.048017222 0.16733447 0.15885527 0.4538464 0.015024158 0.12119995 0.42574084 0.01922114 0.021700997 0.695096 0.010555489 0.33954352 0.04757575 0.33012268 0.51106614 0.0058514676 0.17648205 0.02738587 0.15291603 0.004406076 0.0013365904 0.0025380715 0.00042312243 0.24249344 0.03852528 0.0037656445 0.15482654 0.00039861343 0.00013829496 0.0023894636 0.0006716394 0.00047220907 0.00028056873 8.137264e-05 0.647627 0.012291304 0.000102540354 0.000108663924 0.00020353649 0.01077866 2.5044765e-05 0.123463936 0.863884 1.4748114e-05 0.0015768015 0.00082813925 0.0162178 2.063573e-05 2.8670604e-06 0.046291053 5.85938e-07 9.3543196e-05 0.1858466 9.955162e-07 1.6682183e-07 9.0199244e-08 4.4179214e-07 0.0010092217 0.5209011 0.95449674 0.001242667 6.027263e-06 0.005104756 0.00043230082 3.7693557e-08 6.2369713e-06 0.08155693 1.8702313e-08 0.7450917 3.1119778e-06 0.9422299 5.9290654e-05 0.011178761 1.0943898e-07 2.3340268e-08 6.955472e-07 1.2651161e-07 1.9056603e-08 6.939103e-10 1.0925038e-08 4.186851e-07 0.99615014 7.18073e-06 1.1708134e-09 0.00020053521 0.00059767417 0.7629246 0.5284628 4.4297743e-10 0.0006606061 0.8392275 0.53378433 2.1635422e-09 0.74562854 0.3576975 3.775806e-10 1.30739375e-08 3.206206e-08
0.102009796 1.4250826e-21 0.29597718 0.30785197 0.09029328 0.07557313 0.54941094 0.31976405 0.3916959 0.34095123 0.014810562 0.27966347 0.3335092 0.02651012 0.17529342 0.20197427 0.57233804 0.47783712 0.04916798 0.12432244 0.014589583 0.14043969 0.08206281 0.19350338 0.01818564 0.07417498 0.041165568 0.04687102 0.14099163 0.023171201 0.12375909 0.00026976858 0.124529436 0.13075003 0.014084067 0.050309572 0.11046152 0.018553196 0.03769845 0.104053184 0.027145993 0.0054709134 0.0349212 0.039766923 0.005205969 0.06447394 0.042368613 0.053280994 0.053257953 0.0135413185 0.094432615 0.06243846 0.0009874122 0.0038523644 0.032321382 0.0028896302 0.015593107 0.003175094 0.0032912216 2.7922139e-05 0.0002974972 0.0012528715 0.24351776 0.0038035358 0.014260242 0.0021396994 0.0031964674 0.010635086 0.00012064383 0.0003481323 0.009107248 0.015228197 1.6949109e-05 0.12719625 0.010610819 0.0024233395 0.016650215 4.8594546e-05 0.018004172 0.014219386 0.020601824 0.0008245846 0.017392084 0.0001970066 0.043434 0.004493687 0.011728946 0.00024951252 0.0011248519 6.368127e-05 0.025316723 0.0019698371 0.0002415401 0.002241011 0.09313911 1.0450182e-05 0.002584098 0.00019443789 0.005861971 4.8058733e-05 0.0052704033
0.09970479 0.29597718 5.0121875e-25 0.37082407 0.3577283 0.31686097 0.69202673 0.32954794 0.14071509 0.1576388 0.08056751 0.09952706 0.1873221 0.15700163 0.04121295 0.03734355 0.15785594 0.10904625 0.1607494 0.123885185 0.038549647 0.118173905 0.22637258 0.075180516 0.091909185 0.047807198 0.0050039184 0.0016719 0.016964093 0.005374173 0.11343899 0.007729752 0.02120175 0.034783885 0.083555415 0.08087615 0.09508124 0.007987511 0.0037558193 0.05303503 0.09187989 0.039715134 0.0045609586 0.11497301 0.0011501013 0.03438869 0.10641331 0.011793896 0.01570476 0.001540826 0.057822995 0.047165193 0.007078744 0.025172671 0.015335284 0.00036074454 0.027488988 0.014909918 0.013518525 0.0001508878 0.0018504375 0.00041798456 0.08421721 0.0005646795 0.0030183361 0.00021243471 0.000568058 0.009262288 0.0017831994 9.7536125e-05 0.00963549 0.07684891 0.00021776426 0.03973233 0.0051505314 0.00019038803 0.012597468 7.662389e-05 0.012282937 0.0077590467 0.007817407 0.00047823624 0.004657311 0.00066803425 0.011092898 0.0013308952 0.0014858767 0.0007420331 0.00028398403 3.3826911e-06 0.06980156 0.00089400494 0.0012378221 0.00075292314 0.1293388 1.8199493e-05 0.0012479567 4.198255e-05 0.0014387288 7.972003e-05 0.0003808779
0.048017222 0.30785197 0.37082407 6.721973e-27 0.18921265 0.17906536 0.495444 0.44827166 0.20491631 0.20632505 0.041918717 0.16115195 0.21731894 0.12625733 0.06272038 0.068314895 0.10185042 0.09717917 0.20006624 0.07325392 0.02132711 0.06265401 0.3031463 0.1183635 0.091120064 0.06408785 0.0073530115 0.0027353368 0.025751296 0.0073980424 0.17427054 0.004744985 0.03621608 0.06614819 0.10135516 0.11592759 0.16271175 0.012746066 0.005406397 0.08961573 0.13945055 0.05531907 0.005831418 0.18666807 0.0018053344 0.0459047 0.19583295 0.017558161 0.022979949 0.0020081042 0.09518865 0.085865416 0.0033151929 0.051895864 0.017153023 0.0006396585 0.054557573 0.030586626 0.028054947 0.00011252527 0.0010407437 0.0013123364 0.050895214 0.0006664346 0.006240303 0.0001970301 0.0006084071 0.022658175 0.0038374336 0.00044491657 0.022614928 0.049130753 0.00023012512 0.025330285 0.0053418414 0.0002670713 0.026823735 5.5571178e-05 0.02697028 0.008354883 0.00658923 0.0012433735 0.0052715666 0.0011260932 0.006711822 0.0015858561 0.0018413356 0.00044693064 0.0004926725 9.982215e-06 0.040121373 0.0024839477 0.0009926694 0.0013337968 0.072774865 4.406985e-05 0.0020385983 0.0002334657 0.003424559 0.000116202646 0.0004164813
0.16733447 0.09029328 0.3577283 0.18921265 1.6531015e-26 0.7606157 0.6258888 0.13784479 0.009455416 0.0084297145 0.44086772 0.008095933 0.008939265 0.3101621 0.0006474255 0.0008398436 0.0760611 0.026481092 0.11333837 0.17942843 0.18459563 0.17487888 0.09925825 0.0030743838 0.11728989 0.005751911 0.00018422499 2.9385956e-05 0.00044795522 0.00034035664 0.0153015675 0.04779369 0.0012157962 0.0032848406 0.05311746 0.017620295 0.013415326 0.0004496932 0.00023705068 0.004132643 0.028433274 0.031021614 0.0003126942 0.019720102 2.2559418e-05 0.0023044678 0.019427905 0.0010724613 0.0014311931 0.00014893561 0.007141421 0.007154628 0.033681538 0.0033617474 0.0020569784 2.2203258e-06 0.0064855013 0.0019608077 0.002222506 0.0011344692 0.012364601 1.55117e-06 0.03342349 7.4170825e-06 0.0008225116 1.5685644e-06 7.1156005e-06 0.0023443257 0.00028973867 2.761047e-07 0.0030509068 0.22569066 0.001494127 0.013757286 0.0007509948 1.2838342e-06 0.004014053 0.0007648536 0.0019663384 0.0017122884 0.0024113643 0.00022778533 0.0013621921 0.00044071497 0.0012880979 0.00010175567 0.00030381154 0.004921623 1.6050438e-06 2.8726985e-08 0.07258329 9.990847e-05 0.0072241137 0.00019597988 0.11103179 2.9774566e-05 0.00052175747 2.7158598e-07 0.00025386995 7.376033e-05 7.410992e-05
0.15885527 0.07557313 0.31686097 0.17906536 0.7606157 1.3500247e-27 0.5217624 0.14503004 0.009583625 0.009741274 0.5807494 0.008247297 0.014725608 0.47595534 0.001227728 0.0009554304 0.097650915 0.027298944 0.17570148 0.16949289 0.2346544 0.17774951 0.14444096 0.0035268243 0.19061963 0.012830326 0.00017374849 3.0320385e-05 0.0005056073 0.00020852164 0.026840486 0.0766611 0.0015250759 0.0036909075 0.09096428 0.029603614 0.018366165 0.00081656926 0.000322839 0.0076893205 0.055855814 0.054225583 0.00045847098 0.02822015 2.2521885e-05 0.005153782 0.024340866 0.0014860759 0.0022011825 0.00025569642 0.008984439 0.0069525847 0.035491083 0.0041072513 0.002242962 2.303302e-06 0.007873563 0.0021818678 0.0019934084 0.0013406079 0.014218214 1.8791617e-06 0.02200437 9.650333e-06 0.0013682287 1.5230867e-06 7.67727e-06 0.003164823 0.0006879384 3.7125048e-07 0.00426115 0.1732258 0.00280023 0.009090579 0.0007032919 1.04205e-06 0.003568966 0.0012871276 0.0024578515 0.0022832067 0.0028946113 0.00013626444 0.0011448257 0.0010950408 0.0019276799 9.777492e-05 0.0002930713 0.004133072 1.9779673e-06 8.721825e-08 0.0501436 0.00019026114 0.0063697454 0.00038362163 0.0729596 7.753791e-05 0.0006762457 3.743514e-07 0.0003637086 9.183991e-05 0.00010887117
0.4538464 0.54941094 0.69202673 0.495444 0.6258888 0.5217624 1.6154401e-21 0.43040672 0.112556934 0.075829424 0.22228347 0.0863662 0.08590831 0.09781571 0.0056266277 0.0275228 0.6329072 0.23124577 0.14470798 0.54977036 0.115848854 0.5534402 0.13274246 0.07457022 0.05686378 0.014162363 0.0012190088 0.0010189245 0.026872719 0.0013822244 0.026566792 0.0064950837 0.024392068 0.015572666 0.024722306 0.021996329 0.014171679 0.00066614384 0.007119317 0.012735234 0.026558127 0.0145501485 0.007654159 0.014551079 0.00011684751 0.004046946 0.011909391 0.015815547 0.017739391 0.0020682565 0.009972415 0.008941756 0.012691803 0.0063598184 0.007824274 3.9537503e-05 0.00561286 0.0040874495 0.005289492 0.00016096578 0.0019674168 1.1342017e-05 0.62392014 0.00032064787 0.0029304475 0.000115594725 0.00034410093 0.004265358 0.00036165497 4.8909e-06 0.00509446 0.20749567 0.00016583673 0.5723775 0.0032860592 0.00018405025 0.008214212 0.00028725836 0.008612905 0.009343728 0.009426693 0.00052450766 0.008250188 0.00050203514 0.171542 0.0017531049 0.004210729 0.0014381114 0.00016216065 3.3696077e-07 0.1774933 0.001009654 0.0018315979 0.00033918896 0.48398978 1.8628913e-05 0.0006887616 4.5816287e-06 0.009005383 8.196441e-05 0.00408523
0.015024158 0.31976405 0.32954794 0.44827166 0.13784479 0.14503004 0.43040672 2.1222903e-28 0.20768382 0.16734958 0.03041045 0.1674399 0.12123063 0.13333088 0.03621471 0.058588736 0.07616168 0.07357113 0.28714338 0.053674415 0.01723003 0.045132842 0.44023833 0.1313593 0.10868982 0.074819095 0.0048629995 0.0013384356 0.022290843 0.0060819588 0.23954153 0.004332313 0.027049728 0.059679065 0.15259361 0.20415795 0.27636752 0.012418513 0.0024819279 0.10586564 0.25491992 0.07489559 0.00299679 0.31706962 0.0014267138 0.039870135 0.33466545 0.0115883155 0.016910385 0.0012821293 0.1267443 0.114366524 0.0022216383 0.117729306 0.011617274 0.000767983 0.10957726 0.07355938 0.067575425 0.00012269468 0.0015255028 0.0017469072 0.021276092 0.00032774667 0.0070391605 0.00010156391 0.0002611136 0.042350415 0.009113761 0.0008349952 0.045285854 0.029327787 0.00030632786 0.013067831 0.0026343034 0.00017213992 0.04606703 6.443671e-05 0.03649504 0.009018683 0.006495049 0.0046037785 0.003914585 0.002781661 0.002192169 0.0007832463 0.0005787713 0.0010771389 0.00030163358 1.3299335e-05 0.031103026 0.0055043367 0.0020243279 0.0015151514 0.05319382 0.00023414555 0.002440191 0.00038893957 0.008083528 0.0005145006 0.00020290351
0.12119995 0.3916959 0.14071509 0.20491631 0.009455416 0.009583625 0.112556934 0.20768382 9.7808765e-24 0.60362196 0.0011037851 0.5439299 0.56147534 0.00069801783 0.539157 0.41069502 0.27125126 0.3479067 0.008945154 0.017563429 0.00099556 0.019155368 0.02249852 0.19100462 0.003427614 0.03486704 0.14689517 0.15542082 0.18768811 0.09229418 0.057618566 4.1160934e-06 0.17240797 0.16746727 0.004098404 0.018763682 0.097927205 0.1073243 0.09804574 0.09633798 0.011802785 0.0018942073 0.07957435 0.026856462 0.023702547 0.26135802 0.036947973 0.10162707 0.1076296 0.040545817 0.12759535 0.11365013 6.5690074e-05 0.0036831244 0.09260109 0.00679819 0.018845513 0.0041471934 0.0035012325 7.490949e-06 6.835489e-05 0.00606622 0.030051133 0.007346843 0.03953723 0.0038791054 0.0076547316 0.014549796 0.00014613757 0.0036105362 0.008911385 0.002849718 1.1964944e-05 0.017179511 0.02474358 0.0052312915 0.02819594 4.873041e-06 0.043335855 0.035685737 0.031795 0.0005674077 0.022901308 0.00028397047 0.036003526 0.0074376613 0.016115481 9.601005e-05 0.0037858598 0.0016067208 0.014519611 0.00081593054 6.476491e-05 0.010015508 0.038074832 7.6142564e-06 0.009735209 0.0035865598 0.0030661721 3.9299284e-05 0.004592465
0.42574084 0.34095123 0.1576388 0.20632505 0.0084297145 0.009741274 0.075829424 0.16734958 0.60362196 5.8706813e-21 0.0013042091 0.34387058 0.777754 0.00049401127 0.5509759 0.4204128 0.22754446 0.4772828 0.005628158 0.0143318055 0.0006155979 0.015769482 0.00820231 0.15386878 0.002253654 0.019696271 0.19338927 0.18412507 0.23023203 0.12853847 0.03614457 2.3295281e-06 0.16765985 0.13213924 0.0019296488 0.010327929 0.05386053 0.16910556 0.12066484 0.06821786 0.0045032473 0.00063356064 0.10081069 0.008373827 0.029303854 0.35542968 0.011653365 0.112323195 0.11769837 0.059254073 0.07954752 0.06585159 9.708886e-06 0.0011740613 0.093346566 0.008327978 0.0059541957 0.0017350221 0.0010946613 6.3527164e-06 4.9400252e-05 0.0059005935 0.04583398 0.011694651 0.02613281 0.008547741 0.009361576 0.0059209736 0.000114200084 0.0059142015 0.004337497 0.0014021808 1.3780802e-05 0.032300718 0.025295565 0.010390018 0.018091261 8.523043e-06 0.023742808 0.024101587 0.02328891 0.0007026306 0.019211715 0.00015194599 0.10161665 0.010253865 0.014707411 6.698448e-05 0.006210968 0.0023018506 0.008440361 0.00058353704 4.8691367e-05 0.011302721 0.035523728 3.354159e-06 0.012115698 0.006391628 0.0024513544 2.8681996e-05 0.007790708
0.01922114 0.014810562 0.08056751 0.041918717 0.44086772 0.5807494 0.22228347 0.03041045 0.0011037851 0.0013042091 9.403251e-28 0.0015055763 0.0018671273 0.45207968 6.407187e-05 3.857031e-05 0.020563822 0.0070517217 0.11035765 0.086109184 0.4850667 0.068617284 0.062116668 0.0006764737 0.24874455 0.001176635 5.8493047e-06 5.983673e-06 0.00031023414 6.3619195e-06 0.0029728846 0.22606583 0.0004824442 0.00083979184 0.05900643 0.006573745 0.0012237022 0.00013796997 3.1857657e-05 0.00081710564 0.021302689 0.041558467 3.284311e-05 0.0062424853 2.182976e-06 0.0017850803 0.0050995424 0.00022345135 0.00022394717 5.8576725e-06 0.00096447713 0.0008631891 0.06175698 0.0004932392 0.00013804907 2.32811e-07 0.0012709736 0.00023865006 0.00029944273 0.0146879135 0.0366369 6.7920683e-07 0.0065049734 5.56064e-08 0.00017334762 3.6690974e-08 1.09525e-07 0.0001598916 6.009073e-05 8.801488e-08 0.00028336747 0.45325977 0.0074501834 0.003654115 2.1490921e-05 7.5045525e-09 0.00032584523 0.006468476 0.00042931165 0.00010435797 0.00011587675 1.996956e-05 9.993277e-05 0.00041719768 0.0004495708 1.5792771e-06 8.661647e-06 0.011873832 4.0363766e-08 1.3727893e-08 0.038506676 2.5965828e-05 0.016688997 6.1484e-05 0.06443121 0.0001488744 0.00018226024 2.5603177e-09 1.9053507e-05 0.0001246915 3.8694743e-06
0.021700997 0.27966347 0.09952706 0.16115195 0.008095933 0.008247297 0.0863662 0.1674399 0.5439299 0.34387058 0.0015055763 1.240187e-25 0.29850456 0.0006351196 0.33317378 0.38009024 0.102600165 0.12471496 0.0095776 0.01683886 0.00069090095 0.016497444 0.019623566 0.28250954 0.0034904056 0.052849457 0.13805649 0.12642655 0.25428152 0.09108204 0.09445004 2.4430944e-06 0.2464553 0.28866732 0.0044743116 0.027490672 0.18620604 0.08223377 0.12341263 0.17947622 0.018337425 0.0020388493 0.108634196 0.056820482 0.020982519 0.1729348 0.09581256 0.19248348 0.22086717 0.04417103 0.23345101 0.2294763 5.1609477e-05 0.011369841 0.17668886 0.008312973 0.058249444 0.019432113 0.014405534 1.0884205e-05 7.565713e-05 0.011244893 0.012985399 0.012184857 0.07234809 0.0075208456 0.010959649 0.043677818 0.000265136 0.005559678 0.026789583 0.0019131238 5.1289203e-06 0.0051679397 0.034149416 0.009452959 0.079235956 7.673296e-06 0.10960158 0.0863718 0.0865278 0.0009541046 0.050406583 0.000194209 0.0073371837 0.009344032 0.03183035 7.6094264e-05 0.0039555533 0.0026033767 0.009705689 0.0030409852 0.00011096406 0.011183848 0.02463102 2.741139e-05 0.012280014 0.0069026547 0.008290754 5.125363e-05 0.006452404
0.695096 0.3335092 0.1873221 0.21731894 0.008939265 0.014725608 0.08590831 0.12123063 0.56147534 0.777754 0.0018671273 0.29850456 2.8420197e-20 0.00089045503 0.558495 0.42056137 0.24915658 0.6315956 0.0049435105 0.016639477 0.0010668989 0.016796224 0.004483651 0.111076675 0.0028070172 0.008299594 0.21212447 0.19489613 0.20611702 0.12940294 0.0119846575 4.1415333e-06 0.112707525 0.08153111 0.0013939842 0.0046461495 0.014717857 0.20478988 0.117536016 0.024584852 0.002265077 0.0006467035 0.08414886 0.0029162043 0.031057062 0.53010786 0.004143849 0.08866964 0.080680996 0.05075545 0.026144175 0.021309482 8.392746e-06 0.0010154919 0.0498503 0.010216763 0.0036893273 0.0017887314 0.0013126268 1.2020518e-05 6.184845e-05 0.0050454084 0.08539746 0.008121669 0.012919332 0.006539638 0.0050307377 0.0035693247 0.00022763896 0.005913144 0.0047858525 0.0013617013 1.0009372e-05 0.062402442 0.012756948 0.0070281634 0.011129537 1.072591e-05 0.0127999075 0.016377764 0.019484716 0.0014201002 0.016857145 0.00019193707 0.33175838 0.006449497 0.010539792 8.3241895e-05 0.0028951138 0.0026246314 0.006010182 0.00095563126 5.672957e-05 0.016652724 0.040742252 2.4855965e-06 0.016750978 0.0051192697 0.0039869556 2.2234863e-05 0.00717614
0.010555489 0.02651012 0.15700163 0.12625733 0.3101621 0.47595534 0.09781571 0.13333088 0.00069801783 0.00049401127 0.45207968 0.0006351196 0.00089045503 1.2068993e-27 2.8400525e-05 7.0129805e-05 0.0063656527 0.005843217 0.43895262 0.023740565 0.2556534 0.018442841 0.23893021 0.00032357383 0.71062845 0.0030731363 2.082614e-05 1.1123927e-05 4.5004414e-05 5.0812596e-05 0.0071242577 0.2210571 0.0001530593 0.00040573836 0.1416978 0.012935346 0.0032642423 0.00030881402 6.700205e-05 0.0009486776 0.06256897 0.11848266 5.903157e-05 0.01952169 2.005946e-05 0.0005231706 0.0216299 0.00021573584 0.0001573908 3.0873645e-05 0.0016229589 0.0014781916 0.051089272 0.011395276 0.00012829433 2.7210333e-06 0.0028267433 0.0025180378 0.0056827874 0.008580487 0.07182024 2.4863646e-06 0.0028361122 3.2343867e-06 0.00045699973 1.0614773e-06 4.504076e-06 0.0009626637 0.0016944294 2.934213e-07 0.00150153 0.024696572 0.010144611 0.0021734932 6.857218e-05 9.030008e-07 0.0011417074 0.0043156473 0.0008191019 0.00065915205 0.0008939188 0.0002811612 0.00040740328 0.0024279684 0.00039686327 1.5934384e-05 0.00011368058 0.027536329 1.4125003e-06 2.3936643e-08 0.047209606 0.00013081609 0.033907905 0.00020815528 0.06858959 0.0022959257 0.00064509606 2.0180323e-07 5.34821e-05 0.001858543 2.9996676e-05
0.33954352 0.17529342 0.04121295 0.06272038 0.0006474255 0.001227728 0.0056266277 0.03621471 0.539157 0.5509759 6.407187e-05 0.33317378 0.558495 2.8400525e-05 7.619106e-22 0.5363817 0.05587906 0.1573825 0.00057466305 0.0027332301 3.6452115e-05 0.0028957434 0.00061680103 0.106108986 0.00020493868 0.007844524 0.40372762 0.29383236 0.21502408 0.26085442 0.011626606 6.244631e-08 0.18388653 0.14637494 0.00032211508 0.003096507 0.025632506 0.3201213 0.18342002 0.037973728 0.0009531716 0.00010380053 0.14330828 0.004288352 0.06341114 0.52952605 0.008481888 0.15873982 0.16069514 0.091879435 0.066037275 0.06669994 6.362517e-07 0.0004851148 0.1536816 0.018153463 0.0050470354 0.00089107524 0.0005426299 8.446798e-07 5.92788e-06 0.012852506 0.010772555 0.026367957 0.029442554 0.013787462 0.022909196 0.0034282512 5.2168703e-05 0.008120778 0.0031211101 0.00012318521 2.0818622e-06 0.006605894 0.051952727 0.016052928 0.0128994305 1.9007415e-06 0.022558007 0.025421683 0.023574727 0.00018596262 0.01679233 0.00010151007 0.017101971 0.017138274 0.017218705 1.9261324e-05 0.010869073 0.005461119 0.00186314 0.00025784224 1.6409931e-05 0.021277735 0.0093719745 1.517331e-06 0.01852674 0.01653363 0.0013001433 1.3527191e-05 0.007842115
0.04757575 0.20197427 0.03734355 0.068314895 0.0008398436 0.0009554304 0.0275228 0.058588736 0.41069502 0.4204128 3.857031e-05 0.38009024 0.42056137 7.0129805e-05 0.5363817 2.0015993e-23 0.05139891 0.11304826 0.0017450358 0.004480238 2.502662e-05 0.004496609 0.0022210176 0.14297414 0.00014194955 0.014937651 0.31338122 0.26971564 0.31690705 0.22390229 0.03228382 6.6428875e-08 0.26437542 0.23180687 0.0005817742 0.005411475 0.08281615 0.19401462 0.26204735 0.08588143 0.0016409633 0.00015719174 0.22037132 0.011498963 0.050946385 0.364832 0.02568605 0.25673142 0.25827944 0.11820178 0.14075518 0.14375862 1.473988e-06 0.001451044 0.20026402 0.020768337 0.015228545 0.0027158847 0.001884928 1.1700496e-06 6.775988e-06 0.01800714 0.009589879 0.028482163 0.06650749 0.01767442 0.0244259 0.009342962 5.9928705e-05 0.008676335 0.0055129626 9.494292e-05 1.3950063e-06 0.0047527747 0.063057885 0.018481612 0.031551104 1.4175583e-06 0.0682443 0.06640805 0.05996449 0.00013821044 0.02818954 8.391886e-05 0.008744259 0.017103333 0.030056486 1.5152582e-05 0.007214598 0.006227486 0.0012641201 0.00040714032 1.6060185e-05 0.014012572 0.006285194 2.0790033e-06 0.015142031 0.017032519 0.0012214804 9.91262e-06 0.008555089
0.33012268 0.57233804 0.15785594 0.10185042 0.0760611 0.097650915 0.6329072 0.07616168 0.27125126 0.22754446 0.020563822 0.102600165 0.24915658 0.0063656527 0.05587906 0.05139891 1.7870458e-20 0.7943156 0.011352185 0.3743938 0.008971472 0.5063397 0.013705161 0.04820748 0.003144907 0.008636593 0.00877994 0.015035733 0.03060187 0.0047393977 0.011628835 0.0010029927 0.023182536 0.020809807 0.003446297 0.008333801 0.012628922 0.0020800934 0.006329622 0.013860624 0.004478147 0.0013672577 0.0042969654 0.007880426 0.001011722 0.010039952 0.007600695 0.010779039 0.011304827 0.001536684 0.013937578 0.010896831 0.00040986895 0.0021930619 0.0072868685 0.00012063313 0.0042976784 0.0024601333 0.002257612 5.3256274e-05 7.60018e-05 4.05554e-05 0.62791824 0.00016508294 0.010269259 7.7917066e-05 0.00019921635 0.002316555 0.00024638863 3.056061e-05 0.0026562712 0.0019005996 0.00014226818 0.5326246 0.0016807574 6.5390486e-05 0.0049916026 1.1408268e-05 0.009226754 0.01634008 0.022568919 0.0006892751 0.009437299 0.00014468771 0.2916626 0.0002250783 0.009254413 0.00015316019 7.3676424e-06 8.996935e-06 0.00710338 0.0006810597 7.42386e-05 0.0001670026 0.06232321 1.9252113e-06 0.00033857801 3.067555e-06 0.0025483356 2.2740363e-05 0.002343634
0.51106614 0.47783712 0.10904625 0.09717917 0.026481092 0.027298944 0.23124577 0.07357113 0.3479067 0.4772828 0.0070517217 0.12471496 0.6315956 0.005843217 0.1573825 0.11304826 0.7943156 8.4805017e-19 0.008525304 0.059838295 0.003960863 0.07409542 0.010860561 0.045423474 0.0043497356 0.0075930185 0.033506777 0.040598504 0.04866813 0.018631268 0.008689637 0.00024553764 0.03186117 0.022541547 0.0039023294 0.0049826303 0.008135588 0.017888116 0.02298594 0.010369245 0.0035187898 0.0012030151 0.015900211 0.004565251 0.004779303 0.09344294 0.0040942165 0.020855289 0.01755715 0.0070519904 0.012533805 0.009080619 0.000110893605 0.0016122665 0.008930153 0.0015213114 0.0038983638 0.0022764343 0.001594672 5.1105544e-05 9.867108e-05 0.00072569324 0.2280915 0.00078111846 0.008883783 0.00053567655 0.0006151827 0.0036304449 0.000361626 0.00069021573 0.004898302 0.0011923017 0.00010398273 0.15915485 0.003235439 0.0008732179 0.005562895 5.8160334e-05 0.008941149 0.014352931 0.01731924 0.0015034607 0.0120493155 0.0003627577 0.3067495 0.00063209713 0.00990673 0.00015777191 0.0003373016 0.00027895698 0.00837824 0.0009404788 0.00010342189 0.0020527237 0.04628624 1.6077194e-05 0.002762961 0.00044912874 0.0025119924 6.118756e-05 0.0045534307
0.0058514676 0.04916798 0.1607494 0.20006624 0.11333837 0.17570148 0.14470798 0.28714338 0.008945154 0.005628158 0.11035765 0.0095776 0.0049435105 0.43895262 0.00057466305 0.0017450358 0.011352185 0.008525304 3.6576876e-26 0.020669527 0.053945556 0.014660002 0.4361504 0.0045481906 0.47507343 0.010499758 0.00038794865 0.00010051016 0.0003372045 0.0007937118 0.027632572 0.042905696 0.0008822595 0.0031938788 0.17708655 0.040023617 0.025643222 0.0028383525 0.0004252487 0.005749037 0.12549582 0.105599776 0.00049425114 0.06407645 0.0005261971 0.0016914174 0.06502189 0.0007808649 0.0011057057 0.0003329476 0.008511814 0.0071019274 0.019371053 0.029000051 0.0007520584 0.00020173812 0.010078416 0.010293227 0.014722103 0.0036588751 0.0303541 9.729199e-05 0.003826667 6.714879e-05 0.0009246335 2.6159276e-05 5.4326498e-05 0.0023303572 0.0077491337 7.795304e-05 0.0041283276 0.014815633 0.0049220053 0.003449274 0.00028727675 2.261344e-05 0.0029027024 0.0008532534 0.0021753514 0.0011138859 0.001020572 0.00080756564 0.0005765157 0.0065426794 0.00017684551 0.00012082967 0.00018172464 0.015362452 6.419388e-05 3.450272e-07 0.032869298 0.00086297834 0.02126247 0.00092683895 0.059196867 0.0019655593 0.0014518766 2.1411812e-05 0.0007593674 0.00289029 6.130765e-05
0.17648205 0.12432244 0.123885185 0.07325392 0.17942843 0.16949289 0.54977036 0.053674415 0.017563429 0.0143318055 0.086109184 0.01683886 0.016639477 0.023740565 0.0027332301 0.004480238 0.3743938 0.059838295 0.020669527 6.7259154e-22 0.054948263 0.6572658 0.020086393 0.009389051 0.005934683 0.005345551 0.0005500582 0.0013449132 0.006105405 0.00044913645 0.007365389 0.0050003477 0.007421807 0.009854667 0.005267903 0.006899582 0.0058330838 0.0004367416 0.0022449286 0.0063959816 0.0038001405 0.0013373446 0.0018496261 0.008576921 6.451314e-05 0.0017390375 0.0055890763 0.004440525 0.005281538 0.0007609064 0.006867778 0.0049127718 0.007966671 0.00083908613 0.0049083955 4.8510806e-06 0.0024864008 0.0005909956 0.00054809876 0.00022514658 0.0017233235 6.158937e-06 0.4359242 3.6672554e-05 0.0037105565 1.2615092e-05 5.270192e-05 0.0012896176 0.00027082622 7.6269276e-07 0.0017105232 0.0714402 0.00020978086 0.2921699 0.0006065367 1.0173291e-05 0.0029512364 0.00017046102 0.004562185 0.0043138857 0.0048940782 6.937791e-05 0.002463183 0.0002983288 0.03045533 3.3520504e-05 0.0018405465 0.0021430894 2.3259454e-06 2.0886157e-06 0.078840725 0.00013710547 0.0022216712 0.00031259222 0.34390837 6.9191087e-06 0.0006743462 2.1120236e-07 0.00043300327 2.8208095e-05 0.00027150946
0.02738587 0.014589583 0.038549647 0.02132711 0.18459563 0.2346544 0.115848854 0.01723003 0.00099556 0.0006155979 0.4850667 0.00069090095 0.0010668989 0.2556534 3.6452115e-05 2.502662e-05 0.008971472 0.003960863 0.053945556 0.054948263 2.1351726e-25 0.032879245 0.0349619 0.0005135408 0.15735246 0.0017156384 7.0908545e-06 7.1180234e-06 0.00017823713 1.690496e-05 0.0024150326 0.4060807 0.0003518672 0.00054896215 0.03053831 0.0064104693 0.0008810882 0.00012326406 3.5925365e-05 0.0008760272 0.011965305 0.04329097 3.886333e-05 0.0060800132 1.464674e-06 0.00029703593 0.002907088 0.00032041708 0.00023200017 8.020032e-06 0.00086157426 0.0006113734 0.3218441 0.0005338085 0.00012255095 2.9423836e-07 0.0009652681 9.876221e-05 0.00015807236 0.047978085 0.13743748 5.802576e-07 0.0035658474 4.155174e-08 0.00037916208 2.1976769e-08 2.4615021e-08 0.000121749246 0.00018178148 3.4663124e-08 0.0002209195 0.7542962 0.010925619 0.0026608452 4.27663e-05 8.970542e-09 0.000261015 0.012450423 0.0004267759 0.00042108796 0.0003104425 1.0914359e-05 0.00010180528 0.001221731 0.00012754396 1.8680906e-06 1.620865e-05 0.028367912 1.5187801e-08 1.7530393e-09 0.057962798 4.6067446e-05 0.039294984 2.701402e-05 0.077008724 0.000381315 0.00013090669 1.09183815e-10 5.673449e-05 0.0004449951 2.4938263e-06
0.15291603 0.14043969 0.118173905 0.06265401 0.17487888 0.17774951 0.5534402 0.045132842 0.019155368 0.015769482 0.068617284 0.016497444 0.016796224 0.018442841 0.0028957434 0.004496609 0.5063397 0.07409542 0.014660002 0.6572658 0.032879245 4.5669165e-20 0.014239904 0.008255127 0.0025917315 0.0038856813 0.0007845681 0.0009407582 0.003962797 0.00064273766 0.0050786487 0.0026150108 0.0061239516 0.0076447916 0.0020254885 0.0049047223 0.0049173813 0.00064397 0.0013893762 0.004585884 0.0019354101 0.00056286267 0.0013019802 0.0044043767 0.00011211639 0.0012907847 0.0029844218 0.0041190838 0.0050155497 0.00020706494 0.0041700215 0.0025656284 0.0038304788 0.0003702665 0.0032439216 7.2773155e-06 0.001442793 0.00018905384 0.0001411636 4.380273e-05 0.0008833679 8.186063e-06 0.49794525 1.0040339e-05 0.0039041978 2.3527705e-06 1.6954751e-05 0.0004806284 0.00012696505 2.101543e-06 0.00059993676 0.01972088 0.00015584445 0.35640392 0.00034037564 1.224576e-06 0.0009885787 1.6054502e-05 0.0024483358 0.0031162398 0.004489249 4.749358e-05 0.0018902924 0.00020926392 0.045914475 3.0048013e-05 0.0019277029 0.0006960595 5.5382037e-07 2.1371857e-06 0.042154755 0.00010929948 0.0005789609 0.00028423138 0.2378611 4.681966e-06 0.00051045045 1.2532817e-07 0.0002627976 3.9432747e-05 0.0001293104
0.004406076 0.08206281 0.22637258 0.3031463 0.09925825 0.14444096 0.13274246 0.44023833 0.02249852 0.00820231 0.062116668 0.019623566 0.004483651 0.23893021 0.00061680103 0.0022210176 0.013705161 0.010860561 0.4361504 0.020086393 0.0349619 0.014239904 5.406968e-27 0.017255422 0.41338962 0.041294225 0.00019700397 3.4199144e-05 0.0009416038 0.00037986966 0.1409576 0.03279368 0.0026570403 0.007517246 0.40201944 0.1889623 0.12317474 0.0019152658 0.00023822437 0.02663003 0.4350094 0.2424733 0.00031295104 0.2584338 0.0003255806 0.0024957145 0.25569433 0.0010461846 0.0014801453 0.00032536453 0.032110147 0.032144926 0.008931388 0.12166793 0.002159216 0.00011741363 0.05554974 0.07470776 0.08584925 0.0021258125 0.01182881 6.1789375e-05 0.002662617 9.63058e-05 0.001760104 2.6686112e-05 0.000115360934 0.021733917 0.04087945 4.2807515e-05 0.03246863 0.008085787 0.009398898 0.0036222828 0.00054035435 1.7942848e-05 0.017771825 0.00047521217 0.0066266493 0.0020457576 0.0013370514 0.015792683 0.0014015663 0.04228401 0.000116671355 0.00015607501 0.000106401225 0.0042133844 6.395392e-05 1.0442307e-06 0.028640926 0.005572434 0.0068374583 0.0015264421 0.055320058 0.011023803 0.0017356211 9.162733e-05 0.002803351 0.013630531 4.80956e-05
0.0013365904 0.19350338 0.075180516 0.1183635 0.0030743838 0.0035268243 0.07457022 0.1313593 0.19100462 0.15386878 0.0006764737 0.28250954 0.111076675 0.00032357383 0.106108986 0.14297414 0.04820748 0.045423474 0.0045481906 0.009389051 0.0005135408 0.008255127 0.017255422 3.5464007e-24 0.0013293514 0.041649196 0.040868584 0.021591755 0.18635477 0.030894645 0.09182199 2.053687e-06 0.14875576 0.20880662 0.0048122257 0.024065044 0.25475585 0.018001465 0.02284474 0.1745158 0.015227948 0.0016483596 0.023481024 0.064658515 0.00618348 0.047756664 0.12421831 0.056988824 0.08151389 0.014164586 0.24190482 0.25501215 3.8436614e-05 0.011934728 0.124804445 0.003620401 0.09064522 0.024401521 0.013160293 6.0073276e-06 2.2541137e-05 0.0028366244 0.003474193 0.0055336454 0.040911384 0.0017309554 0.0058305287 0.06091165 0.00012350694 0.0038206468 0.040377237 0.0041099763 1.4395135e-06 0.0037997346 0.02956752 0.0018941506 0.09525684 3.34402e-07 0.101369224 0.049306266 0.032652386 0.0007636416 0.030473888 4.7467678e-05 0.0023460547 0.013100124 0.010488143 3.2881595e-05 0.0030962483 0.00024861112 0.010926102 0.0030813522 1.6968566e-05 0.0039633643 0.025952153 2.7017586e-06 0.004236003 0.0032011734 0.011742057 2.2894492e-05 0.0038139191
0.0025380715 0.01818564 0.091909185 0.091120064 0.11728989 0.19061963 0.05686378 0.10868982 0.003427614 0.002253654 0.24874455 0.0034904056 0.0028070172 0.71062845 0.00020493868 0.00014194955 0.003144907 0.0043497356 0.47507343 0.005934683 0.15735246 0.0025917315 0.41338962 0.0013293514 4.9699696e-28 0.005795442 0.0001966194 5.473363e-05 0.00011611977 0.00021449447 0.012023815 0.25308606 0.00016382824 0.0006160965 0.37837362 0.022266068 0.0049980953 0.0016675767 9.919226e-05 0.0011301378 0.20023532 0.4940648 6.65732e-05 0.048187356 0.0002534215 0.0007965133 0.029628009 0.0001122315 6.366396e-05 4.641543e-05 0.0011769559 0.000809283 0.05645373 0.026284356 3.2563912e-05 7.76656e-06 0.0028864474 0.0044599506 0.012192379 0.021063613 0.10067181 4.3987427e-05 0.00074891525 4.4852754e-06 0.00026807925 2.6655832e-06 4.1006715e-06 0.00085654156 0.018521348 9.602479e-07 0.0011601431 0.006469086 0.0386146 0.0013300306 3.151363e-05 1.0610138e-06 0.00069265056 0.014934004 0.0003722139 0.00028500307 0.00034496194 0.00050101045 0.00019122745 0.03156558 0.00013448951 1.28766915e-05 4.002409e-05 0.025042862 2.5688037e-06 1.767082e-07 0.016364735 0.00028892662 0.03217877 0.0003046791 0.02584952 0.017528817 0.0010693601 4.954873e-07 0.00013185329 0.012189675 6.116472e-06
0.00042312243 0.07417498 0.047807198 0.06408785 0.005751911 0.012830326 0.014162363 0.074819095 0.03486704 0.019696271 0.001176635 0.052849457 0.008299594 0.0030731363 0.007844524 0.014937651 0.008636593 0.0075930185 0.010499758 0.005345551 0.0017156384 0.0038856813 0.041294225 0.041649196 0.005795442 9.676038e-24 0.0055647944 0.0010215843 0.0062286207 0.0052506523 0.1024995 9.116336e-05 0.014892064 0.028180543 0.013368021 0.03951417 0.13334753 0.002472088 0.0032619704 0.04551098 0.02986594 0.006311511 0.0036167772 0.06803145 0.00074576825 0.0028916646 0.13609639 0.00770528 0.017213754 0.0015468515 0.066970035 0.08550284 0.00017967392 0.026762042 0.027235337 0.0005350254 0.053412467 0.033881586 0.02366032 3.1602383e-05 0.00020709811 0.00045179998 0.0043148655 0.0006607081 0.0059176544 0.00013115212 0.0007290135 0.03410611 0.00092106825 0.00029390902 0.039028846 0.0070888205 2.199213e-05 0.0050907256 0.0054324716 0.00011668626 0.041148357 6.3293255e-06 0.034876935 0.011867612 0.009231982 0.0032780278 0.008895325 0.00025350993 0.00029380532 0.0031321442 0.0025817272 0.00027950475 0.0005496953 8.812049e-05 0.009837291 0.006130496 0.00028046276 0.0016682256 0.016665965 1.9346211e-05 0.0022148497 0.00086834526 0.010278523 0.00019468652 0.0013992334
0.24249344 0.041165568 0.0050039184 0.0073530115 0.00018422499 0.00017374849 0.0012190088 0.0048629995 0.14689517 0.19338927 5.8493047e-06 0.13805649 0.21212447 2.082614e-05 0.40372762 0.31338122 0.00877994 0.033506777 0.00038794865 0.0005500582 7.0908545e-06 0.0007845681 0.00019700397 0.040868584 0.0001966194 0.0055647944 3.0813122e-21 0.42819145 0.19952257 0.76334256 0.0063441745 1.1381708e-07 0.1601201 0.10255819 0.0007413067 0.002559187 0.014774242 0.6542591 0.31163523 0.026072802 0.0012056108 0.0002819805 0.27058426 0.0025810746 0.31072143 0.4788247 0.0061959117 0.21889699 0.19268401 0.22942467 0.044959147 0.04396367 7.593883e-07 0.0007048298 0.18511102 0.15600985 0.0062087616 0.0011904542 0.0010042336 2.5042984e-06 7.3975476e-05 0.10934927 0.0012297587 0.09657063 0.048957646 0.09299145 0.068831466 0.005257444 0.00014677222 0.054438006 0.004433454 2.2253509e-05 5.901026e-06 0.0014135598 0.096450664 0.08476556 0.014755599 3.5477967e-06 0.026029246 0.03243461 0.033088025 0.00031870225 0.017663654 0.00018752913 0.0009852201 0.044394493 0.028185502 0.00021598989 0.03579876 0.05044088 0.00031282395 0.00026079878 0.00021377586 0.07379689 0.0017089408 3.3066576e-06 0.069789015 0.08589129 0.0017903884 1.800703e-05 0.022674862
0.03852528 0.04687102 0.0016719 0.0027353368 2.9385956e-05 3.0320385e-05 0.0010189245 0.0013384356 0.15542082 0.18412507 5.983673e-06 0.12642655 0.19489613 1.1123927e-05 0.29383236 0.26971564 0.015035733 0.040598504 0.00010051016 0.0013449132 7.1180234e-06 0.0009407582 3.4199144e-05 0.021591755 5.473363e-05 0.0010215843 0.42819145 2.6430652e-22 0.18963335 0.3288196 0.000904469 6.308824e-08 0.12525937 0.087679096 0.0002260196 0.00036341877 0.005134977 0.33995965 0.30585775 0.010409586 0.0002992897 8.685465e-05 0.27691308 0.00094316166 0.116105735 0.43000826 0.0024360535 0.19143568 0.16605708 0.16534117 0.030922648 0.034577187 1.3635685e-06 0.00042057745 0.18831076 0.07953876 0.0025241806 0.000685696 0.0005634019 8.9198613e-07 4.8340394e-06 0.06546012 0.0041605197 0.07356838 0.021586984 0.04297198 0.060298454 0.0019767832 1.5963768e-05 0.03117701 0.002083981 0.00019521378 8.265595e-07 0.0037129587 0.08260512 0.043524724 0.009066799 1.0437348e-06 0.021580264 0.025163129 0.026492177 6.656145e-05 0.012945755 4.2620377e-05 0.003901648 0.037180435 0.022031035 1.2026021e-05 0.024191618 0.021332525 0.0014729019 0.00016501761 1.0921096e-05 0.049255636 0.0034972997 2.5486963e-06 0.0376713 0.0599207 0.00133657 1.6162407e-05 0.015253313
0.0037656445 0.14099163 0.016964093 0.025751296 0.00044795522 0.0005056073 0.026872719 0.022290843 0.18768811 0.23023203 0.00031023414 0.25428152 0.20611702 4.5004414e-05 0.21502408 0.31690705 0.03060187 0.04866813 0.0003372045 0.006105405 0.00017823713 0.003962797 0.0009416038 0.18635477 0.00011611977 0.0062286207 0.19952257 0.18963335 1.7380192e-22 0.16617595 0.011161754 2.2854385e-06 0.35396692 0.24214815 0.00027605536 0.0026393125 0.09602602 0.104787774 0.18608002 0.06389483 0.0008181083 0.00027465334 0.15546197 0.005517197 0.034588363 0.124591775 0.02075001 0.25300467 0.25237453 0.07180361 0.1430759 0.1786278 3.7333e-05 0.0015737187 0.25538394 0.022135068 0.021086123 0.004206003 0.0016586408 1.0504609e-05 8.691053e-06 0.017862827 0.004095355 0.022890579 0.054875776 0.009190738 0.022853298 0.014352506 6.3340565e-05 0.013110379 0.010808217 0.001415046 6.25137e-06 0.0048516085 0.06303029 0.0114703765 0.05708133 1.2524341e-06 0.080154486 0.062397312 0.0632738 0.0001630548 0.036650706 0.00010001992 0.0020186775 0.027453689 0.03692682 3.0646297e-05 0.011266137 0.002828406 0.006451533 0.0017408278 1.0014232e-05 0.013617466 0.012974387 1.677513e-05 0.0145549085 0.016116964 0.007675192 0.00011950719 0.012375832
0.15482654 0.023171201 0.005374173 0.0073980424 0.00034035664 0.00020852164 0.0013822244 0.0060819588 0.09229418 0.12853847 6.3619195e-06 0.09108204 0.12940294 5.0812596e-05 0.26085442 0.22390229 0.0047393977 0.018631268 0.0007937118 0.00044913645 1.690496e-05 0.00064273766 0.00037986966 0.030894645 0.00021449447 0.0052506523 0.76334256 0.3288196 0.16617595 2.375303e-20 0.0058371136 3.604699e-07 0.13291386 0.07856483 0.0011738312 0.003009892 0.011994175 0.6353463 0.27341473 0.023086516 0.0018555413 0.00024482704 0.25214207 0.0035827362 0.44510046 0.3787372 0.0059966645 0.218197 0.17574547 0.25110057 0.036956113 0.037812915 1.3391269e-06 0.00063322 0.16474189 0.23113896 0.006333027 0.00088553823 0.0008564537 8.871755e-06 8.4515195e-05 0.14488783 0.0006904982 0.11354715 0.042468484 0.10493622 0.080993585 0.0047692247 0.0001141892 0.06688036 0.004494475 1.376222e-05 8.138384e-06 0.00081170385 0.0916196 0.09977687 0.013956172 5.5960018e-06 0.023500934 0.02835749 0.03189242 0.0005711834 0.015908495 0.00014266423 0.000638421 0.04584656 0.027114658 0.00017032567 0.03899458 0.058071304 0.00014936306 0.00030171243 9.687868e-05 0.0890251 0.00082874525 6.02651e-06 0.08443185 0.07564511 0.0019034066 2.0479498e-05 0.024605347
0.00039861343 0.12375909 0.11343899 0.17427054 0.0153015675 0.026840486 0.026566792 0.23954153 0.057618566 0.03614457 0.0029728846 0.09445004 0.0119846575 0.0071242577 0.011626606 0.03228382 0.011628835 0.008689637 0.027632572 0.007365389 0.0024150326 0.0050786487 0.1409576 0.09182199 0.012023815 0.1024995 0.0063441745 0.000904469 0.011161754 0.0058371136 4.5768057e-27 0.00015858165 0.038021892 0.07156297 0.047350377 0.19972885 0.3492359 0.0040303417 0.003199737 0.10373024 0.12163466 0.014723473 0.0037622114 0.2590984 0.0019617334 0.0048365206 0.33737323 0.01186252 0.027575746 0.0018303501 0.1698418 0.21504745 0.00022095448 0.09669516 0.029571904 0.0010560029 0.19353937 0.12520339 0.08320957 2.1901942e-05 0.00013945528 0.0008695921 0.0015682279 0.00067411957 0.008044392 0.00011377906 0.00042731408 0.110667795 0.0040176315 0.00046539385 0.13321246 0.0040018293 1.8489283e-05 0.002494672 0.0036536066 9.622032e-05 0.11019225 3.2132623e-06 0.06347221 0.014017545 0.007947003 0.020546643 0.012986327 0.00079598697 7.3583986e-05 0.0014291417 0.0024315333 0.00013871209 0.00044249534 2.3593686e-05 0.012180298 0.02475448 0.00022783813 0.0022288398 0.021407913 2.4629313e-05 0.0024559035 0.00062840607 0.030276328 0.00043991895 0.0012751878
0.00013829496 0.00026976858 0.007729752 0.004744985 0.04779369 0.0766611 0.0064950837 0.004332313 4.1160934e-06 2.3295281e-06 0.22606583 2.4430944e-06 4.1415333e-06 0.2210571 6.244631e-08 6.6428875e-08 0.0010029927 0.00024553764 0.042905696 0.0050003477 0.4060807 0.0026150108 0.03279368 2.053687e-06 0.25308606 9.116336e-05 1.1381708e-07 6.308824e-08 2.2854385e-06 3.604699e-07 0.00015858165 1.0702284e-28 1.0302998e-06 9.814796e-07 0.046213407 0.0021848695 1.3916742e-05 1.1786884e-05 8.866227e-07 1.0169354e-05 0.018232996 0.10792247 5.113567e-07 0.0016742687 1.6140935e-07 2.3522038e-05 0.00044651635 3.4027612e-06 2.8103116e-06 1.4067876e-07 7.934915e-06 2.3412276e-06 0.5829763 0.00041193116 1.9717443e-06 9.597554e-09 2.7682898e-05 2.0934087e-05 7.299129e-05 0.3541249 0.44336906 3.5976843e-08 0.0002625311 1.6045302e-09 3.966393e-06 5.5082244e-10 1.4782048e-09 3.2093296e-06 0.0020511134 1.14555546e-10 1.0935614e-05 0.01969189 0.14825162 0.0003630382 9.648381e-08 1.7833367e-10 8.517867e-06 0.12906447 8.090584e-06 9.994859e-07 3.822802e-07 2.1827864e-06 2.8157402e-07 0.00467387 9.2273385e-06 2.495733e-09 3.0472278e-09 0.14460431 2.21603e-11 6.234565e-11 0.00783797 6.01478e-06 0.15513888 2.4146098e-07 0.014114625 0.011096846 2.1979708e-06 4.431849e-12 9.390797e-07 0.0038815865 5.4261484e-10
