3.4853784e-31 0.282937 0.3016332 0.35599357 0.17366873 0.2766147 0.9313347 0.21168007 0.48554176 0.3437316 0.25514254 0.06425882 0.05681447 0.57738787 0.014901341 0.20080687 0.0068076164 0.44185337 0.019605026 0.004733094 0.87626654 0.005599627 0.08700774 0.0048859078 0.2975244 0.0037125954 0.92246974 0.017773962 0.0019932792 0.0032081367 0.0019430239 0.021143457 0.016533023 0.19343932 0.14790395 0.0057895314 0.005676632 0.0052889343 0.00046612456 0.072836086 6.42362e-05 0.019563168 0.0017154756 0.00012769352 0.0045561916 1.547114e-05 0.0035104237 0.0003218418 0.020436466 9.269179e-06 0.0059001767 0.00040152893 0.831124 0.00017026217 9.7159485e-05 0.051336568 0.88581914 8.295964e-06 0.0013389328 0.048654478 0.0052910284 0.015423145 0.9738997 0.90248555 0.892787 7.176934e-05 0.00036086203 0.0012336869 0.17196988 0.9581306 1.7049425e-07 3.986075e-05 0.00084837165 0.0005651875 0.00041660565 2.7220102e-07 4.743148e-07 7.88029e-07 6.4847586e-07 3.7301945e-06 1.852416e-05 5.910031e-08 0.9629109 2.937874e-06 4.5681965e-09 3.327879e-08 1.6557613e-06 1.737846e-08 0.002318899 7.926417e-09 3.9725325e-08 1.2752288e-08 0.16953547 2.5572628e-09 2.5363807e-08 1.5466092e-09 0.00017905062 2.1285297e-05 8.148201e-08 8.065519e-07 0.026397627
0.282937 5.2310817e-21 0.5464127 0.12739994 0.5770773 0.09950124 0.5510263 0.101711854 0.10154411 0.25058 0.03645918 0.33353105 0.28628916 0.068050936 0.34130377 0.16144413 0.3157009 0.0057728984 0.07683482 0.33850697 0.43292513 0.18646637 0.005715057 0.1059823 0.0074944766 0.3033461 0.47552192 0.066508636 0.28530315 0.26494455 0.2837999 0.06372618 0.001038858 0.0018211941 0.0040891124 0.1791626 0.0027569702 0.0021820418 0.09837852 0.0006205547 0.18067671 0.0020711983 0.009279033 0.08179585 0.032694742 0.133525 0.06809827 0.016772613 3.459221e-05 0.086447105 0.00012419993 0.005421649 0.0072023408 0.0017635433 0.1358466 3.774167e-05 0.005505363 0.10732221 0.00074419915 1.3824873e-05 0.0010206674 1.4191559e-06 0.037680857 0.0015827012 0.0016202787 0.00028402192 1.6568834e-05 0.007688232 0.0047910106 0.0050495174 0.024149673 0.0002935961 0.006098974 3.0131749e-05 6.409142e-05 0.0051117395 0.00053976825 0.00018014939 0.021177672 0.014909466 0.0001828119 0.000105143255 0.010325924 0.0062098065 0.0090783285 0.0002078474 0.005000655 5.6247907e-05 8.924861e-06 0.0034296822 0.000117369855 0.0015021871 0.00911826 0.00035350723 0.00048426428 0.00095888454 1.4255718e-06 1.6987331e-05 0.00030456376 2.084287e-05 0.015061536
0.3016332 0.5464127 2.7736846e-21 0.23588073 0.31867296 0.20476298 0.5782337 0.19985567 0.19155855 0.07837956 0.09330147 0.1968576 0.17769723 0.01687615 0.42694378 0.32952794 0.35449803 0.0030076355 0.03561227 0.30798027 0.19488299 0.3623232 0.0026575092 0.09102173 0.021726802 0.31911802 0.17995347 0.0350183 0.22495875 0.18689561 0.2700223 0.2611976 0.00039025786 0.000472773 0.011198192 0.29145828 0.020476237 0.0011019754 0.05791396 7.572556e-05 0.1910571 0.008574565 0.009478225 0.047911 0.14586066 0.10091068 0.22866657 0.011415653 7.163842e-06 0.05328215 2.718389e-05 0.0028443786 0.022461569 0.007860603 0.17808148 1.8645486e-06 0.00090175855 0.12987785 0.00034649594 9.766494e-07 0.0064551393 2.9765795e-07 0.0073938733 5.88435e-05 0.000119089185 3.0268784e-05 6.9738144e-06 0.04560655 0.01839241 0.023935413 0.017427614 8.696181e-05 0.032940973 1.2345694e-05 1.4179025e-05 0.0028430065 0.00027067572 0.001488637 0.025924511 0.023393903 0.00020676105 4.235433e-05 0.0033751721 0.014691366 0.005260787 9.3812996e-05 0.013753902 6.351277e-05 1.8923043e-06 0.0020639482 6.5400716e-05 0.0009148544 0.027618106 0.00013574742 0.0024806098 0.00053752033 2.941152e-07 6.9457583e-06 0.0011007005 9.13303e-06 0.037115302
0.35599357 0.12739994 0.23588073 2.9847804e-20 0.033151392 0.8466464 0.68901396 0.80570537 0.6727752 0.0054578227 0.52591485 0.018563367 0.017298976 0.0010098447 0.080576845 0.23792809 0.053331345 0.0003344755 0.0025355094 0.028324828 0.014393038 0.058189623 0.0005495142 0.00934241 0.052252658 0.048765767 0.009937046 0.0038055445 0.017330326 0.011851816 0.04211925 0.13075542 0.00053133175 6.000088e-05 0.022791388 0.06629854 0.05391117 0.0010903727 0.007153769 1.2018901e-05 0.022049397 0.015440393 0.0026555634 0.0069643576 0.07906884 0.009089469 0.094980516 0.004022033 1.8519282e-07 0.005979863 6.4317637e-06 0.0030153296 0.014834047 0.008568262 0.035323456 2.896076e-07 0.00020069057 0.02217468 0.0013166023 2.0253106e-07 0.006089216 2.0002571e-07 0.0006189793 9.784054e-06 3.0919582e-05 5.044612e-05 4.684141e-06 0.04957385 0.008124741 0.0151479365 0.004056045 0.00011715145 0.032604072 8.493127e-06 1.01416645e-05 0.0027309097 0.0013958034 0.00043252017 0.009724608 0.011515078 0.0021248083 0.0007251834 0.00047242982 0.0093983235 0.0021703478 0.0006652215 0.008630155 0.00065404776 1.1867271e-05 0.0013887046 0.0011203757 0.0010133944 0.010208859 0.00033060208 0.0014126467 0.0012023258 2.1274266e-06 2.1559486e-05 0.00055029907 3.3210323e-05 0.008686207
0.17366873 0.5770773 0.31867296 0.033151392 1.0741428e-20 0.027181275 0.25404263 0.03000389 0.034866024 0.5910541 0.006957035 0.6076465 0.49137303 0.10943576 0.18612283 0.046611138 0.19876927 0.020449797 0.09857234 0.28997898 0.52152693 0.046410456 0.023389427 0.13598627 0.0015944933 0.19925234 0.55921286 0.09949414 0.20148712 0.18638656 0.16163692 0.012938401 0.0060717356 0.00409648 0.00078462117 0.03046975 0.00024245172 0.00859846 0.051272947 0.0015829012 0.08243382 0.00040403416 0.010602726 0.04359669 0.00470568 0.06057156 0.011710265 0.01720796 0.000507112 0.040199008 0.0012683079 0.0052839443 0.0016366631 0.00020565624 0.048848666 0.00035700906 0.017015975 0.041763697 0.0017198051 0.00017611591 0.00024750188 1.9962648e-05 0.05897331 0.0038664131 0.0045347274 0.00079255796 0.00015605654 0.0012889033 0.0030870966 0.0011500536 0.011379783 0.00089107 0.0013456283 0.00015003631 0.00027106836 0.0041369917 0.0005733648 4.9763068e-05 0.007385371 0.00432486 0.00027262047 0.00015094595 0.01099894 0.0015742616 0.0047466573 0.00017832058 0.0016651215 0.00012551926 4.619617e-05 0.0025920726 0.00014505231 0.0010179208 0.0071622 0.00024123119 0.0001552018 0.00054630777 1.1678707e-05 3.0140858e-05 0.00015978383 3.5832603e-05 0.007502532
0.2766147 0.09950124 0.20476298 0.8466464 0.027181275 2.3798833e-20 0.5930364 0.8142032 0.62613785 0.0038537735 0.5867762 0.018143356 0.014125592 0.0007949034 0.07315938 0.24684364 0.048420984 0.00030821117 0.0025423411 0.025091887 0.00720465 0.05582908 0.00051263534 0.008868803 0.07055837 0.042696346 0.0051744543 0.0030278703 0.016929379 0.012431166 0.038928304 0.13595536 0.00039812885 4.3639076e-05 0.029054666 0.06735064 0.079231575 0.0009919052 0.007223294 1.0967542e-05 0.019668965 0.023149157 0.0031636746 0.0066517927 0.09132373 0.009265027 0.108622365 0.0045414246 1.1941461e-07 0.0062192394 4.1220874e-06 0.003171733 0.02026548 0.013593015 0.03299773 1.929116e-07 0.00014045618 0.021670312 0.0011286327 1.6933677e-07 0.008625184 2.4412583e-07 0.00036322037 6.642363e-06 2.054699e-05 3.099123e-05 3.6187712e-06 0.059082996 0.00806654 0.01753768 0.0042707226 8.484445e-05 0.038339775 5.752736e-06 7.653424e-06 0.0033428832 0.0012762584 0.0006174164 0.008680978 0.010781922 0.0017289781 0.00082865474 0.00028511725 0.0093804635 0.002230676 0.0007518189 0.00837453 0.0005730043 6.8773006e-06 0.0014516205 0.00087555655 0.001076479 0.010615945 0.00036981388 0.0017661579 0.0012558411 6.3387097e-07 1.4113473e-05 0.00069373904 3.269379e-05 0.009890832
0.9313347 0.5510263 0.5782337 0.68901396 0.25404263 0.5930364 9.255819e-18 0.5283926 0.6544556 0.03872935 0.22714795 0.122542426 0.15620293 0.0072762715 0.28430167 0.26133668 0.21242513 0.0017518689 0.029798625 0.1020236 0.14513908 0.13846692 0.00311502 0.030252554 0.026995018 0.13528757 0.107938476 0.03195588 0.042956635 0.04129456 0.062427446 0.12530139 0.0028178962 0.00036698533 0.010105683 0.09007244 0.022175632 0.0041108327 0.009765095 0.00016586835 0.021206873 0.007391596 0.0026323157 0.010901841 0.043422632 0.015770731 0.051882457 0.0058063334 2.2984867e-05 0.010563052 0.00012871675 0.00216952 0.0026582163 0.003756335 0.019179031 9.910928e-06 0.00050080597 0.013776757 0.0009331034 9.790251e-06 0.00221277 2.0413072e-06 0.009678205 0.00015445451 0.00016985476 0.00014988416 0.00026722162 0.007742172 0.002293862 0.032623984 0.004883537 0.00023632566 0.0064507206 4.8000016e-05 6.15604e-05 0.0036135882 0.0016718714 0.00035263228 0.008681722 0.008297294 0.0022153102 0.0006779906 0.0013381535 0.0049114344 0.003906218 0.0008375968 0.004148768 0.0009837417 6.528409e-06 0.003892962 0.0014955433 0.003544902 0.00261841 0.0014685768 0.00091543695 0.002305402 2.9075202e-06 2.5417918e-05 0.00029335343 3.7323458e-05 0.0026719894
0.21168007 0.101711854 0.19985567 0.80570537 0.03000389 0.8142032 0.5283926 1.5162237e-20 0.5853439 0.0052375942 0.5662427 0.019108362 0.014526648 0.0010317975 0.07483044 0.2422759 0.050951637 0.00026776036 0.0020723445 0.028716259 0.0077430727 0.06013458 0.00035082627 0.007957392 0.06899608 0.049776115 0.004969521 0.0032838725 0.01906809 0.013211951 0.04530355 0.1347407 0.00035063195 4.5162462e-05 0.027623348 0.0751971 0.07351883 0.00075736473 0.009144079 8.054132e-06 0.025450265 0.02513244 0.0035988223 0.00806939 0.0910392 0.010971336 0.10957808 0.0053592334 7.87852e-08 0.0065790103 5.0524723e-06 0.0033208649 0.02063776 0.01474481 0.033539932 1.4356371e-07 0.00015248614 0.023848569 0.0012202708 1.6184462e-07 0.011125261 1.4171711e-07 0.0004944225 5.929362e-06 1.4089388e-05 4.9532915e-05 5.133491e-06 0.059598375 0.009342356 0.017136175 0.004934124 0.00014031012 0.036109023 8.861725e-06 1.1038254e-05 0.0037154928 0.001718591 0.00089360564 0.0106093 0.012095292 0.0014609708 0.00068129716 0.00034325419 0.01013627 0.002927981 0.00075624743 0.00925834 0.0006077324 1.3454602e-05 0.0015084306 0.0010502015 0.0010685425 0.013082046 0.00028539254 0.0019344412 0.0008738685 1.4339179e-06 3.6663776e-05 0.0010207705 4.154091e-05 0.011305065
0.48554176 0.10154411 0.19155855 0.6727752 0.034866024 0.62613785 0.6544556 0.5853439 5.2073373e-18 0.0040183235 0.39363933 0.01956845 0.02058191 0.0003697573 0.06941673 0.19460766 0.04477044 9.837229e-05 0.0023512386 0.017491687 0.015030142 0.050880387 0.0001485689 0.0076064193 0.02685852 0.036047243 0.008324706 0.0033863033 0.009440864 0.0086062085 0.023491912 0.08176285 0.00024190803 7.329088e-05 0.010711851 0.05068511 0.04277213 0.0007693942 0.004622163 2.382329e-05 0.014071983 0.012432773 0.000935407 0.005565803 0.05312769 0.008342958 0.064559534 0.0040779472 5.497102e-07 0.005040674 5.4372285e-06 0.0021929846 0.011159588 0.010763001 0.018041158 5.292524e-07 5.2647312e-05 0.014883913 0.0004672082 3.736352e-07 0.006010603 5.31775e-07 0.00061745406 1.2812638e-05 2.1681632e-05 4.3529137e-05 3.7965237e-05 0.029136503 0.0041744504 0.024907611 0.0041579334 3.4260614e-05 0.021331038 4.6751934e-06 6.707822e-06 0.0032581913 0.0019224907 0.0006729814 0.0097599225 0.010015886 0.0015984876 0.00083162874 5.967344e-05 0.0063836225 0.0022463636 0.0006519264 0.00545085 0.0008853756 3.8213934e-06 0.0040527275 0.0008514208 0.004578626 0.0034050664 0.0016939843 0.0018568662 0.003266827 3.5273334e-07 9.991986e-06 0.00078794337 1.4237073e-05 0.0036008013
0.3437316 0.25058 0.07837956 0.0054578227 0.5910541 0.0038537735 0.03872935 0.0052375942 0.0040183235 1.2353986e-18 0.0014524991 0.51352847 0.40389997 0.7527301 0.06942514 0.010091592 0.078799546 0.101871185 0.13026181 0.13820481 0.602746 0.024898758 0.07138413 0.09481175 0.0004347009 0.081381574 0.7091282 0.101554155 0.109767415 0.10577605 0.06456607 0.0058280937 0.021857979 0.01270633 0.000111891335 0.016836781 3.427081e-05 0.021649428 0.045779906 0.005233602 0.03501563 4.294196e-05 0.021888757 0.035717953 0.0016683872 0.031910438 0.0036626405 0.03298339 0.0044212793 0.023284134 0.005179305 0.0146495355 0.00029651067 9.909128e-05 0.015513278 0.0015643778 0.061412007 0.013218775 0.0048634773 0.0017751313 2.2229564e-05 0.00062159274 0.6085846 0.006452182 0.0075192 0.00094014383 0.0013188216 0.0012085671 0.000374848 0.00093830586 0.007727257 0.0014223346 0.0010213173 0.0010035951 0.0014101311 0.010147005 0.0022634391 7.449789e-05 0.007566901 0.004116835 0.0020538203 0.0009718442 0.07012064 0.0012751257 0.0047852043 0.0012760466 0.0011076847 0.0008383184 0.00035429292 0.0040497817 0.0009510855 0.0021810066 0.00041411922 0.0009265066 0.0005202547 0.0015035088 6.5678665e-05 5.884945e-05 0.0001359966 3.140362e-05 0.00039127408
0.25514254 0.03645918 0.09330147 0.52591485 0.006957035 0.5867762 0.22714795 0.5662427 0.39363933 0.0014524991 2.0973034e-18 0.00417242 0.00636243 0.0003469693 0.03246228 0.25402984 0.014252295 8.0963844e-05 0.0010887544 0.0056264806 0.002741585 0.03404963 0.000110578054 0.0037742879 0.21910903 0.015627787 0.0014671568 0.0027617295 0.009324349 0.0076892585 0.01478714 0.08843797 0.0002563422 4.302148e-05 0.073825784 0.042045318 0.18694524 0.0014117652 0.0060869693 1.0948709e-05 0.012981226 0.075251766 0.0018436076 0.007996712 0.084177904 0.009284123 0.08627466 0.005938671 1.002384e-06 0.00697321 5.912512e-06 0.004591028 0.096526854 0.026090594 0.01598929 3.774361e-07 7.4015064e-05 0.013229988 0.0016793828 1.7905616e-07 0.020809734 8.6064904e-07 0.000224631 1.4068589e-05 3.6448782e-05 2.4379919e-05 1.7231869e-05 0.038039017 0.016052788 0.059650794 0.0035505453 5.54112e-05 0.026129955 5.7460575e-06 8.596897e-06 0.0068589062 0.0021119725 0.0019749033 0.010712663 0.0118164 0.0022032596 0.001173979 0.000109594344 0.0105388975 0.0016894386 0.00093246385 0.009674965 0.0013643062 7.802559e-06 0.0025734112 0.0012697875 0.00255523 0.016898423 0.0011848069 0.0024202112 0.0029262763 4.1692118e-07 2.5179788e-05 0.0018837095 1.9901914e-05 0.013121393
0.06425882 0.33353105 0.1968576 0.018563367 0.6076465 0.018143356 0.122542426 0.019108362 0.01956845 0.51352847 0.00417242 1.2807091e-22 0.6288766 0.17580388 0.06856178 0.026807487 0.09640468 0.0558425 0.10316036 0.22728322 0.33389395 0.026107008 0.037684184 0.11443788 0.0006744964 0.12843958 0.3623772 0.11025313 0.20802441 0.18431456 0.1250234 0.0052144337 0.015715795 0.009796576 0.0001851253 0.022154175 5.5593915e-05 0.0224147 0.10391046 0.0029917555 0.10883893 7.2588264e-05 0.028425945 0.09938692 0.001977425 0.092163354 0.005552133 0.051131655 0.0008511416 0.07270631 0.0020544562 0.023415934 0.0013010555 8.605374e-05 0.055341274 0.00048426338 0.021090597 0.06524362 0.004283735 0.00039014677 7.8096506e-05 6.130432e-05 0.031526946 0.0074910717 0.007821546 0.0012771928 0.00044656786 0.0015376178 0.0023354187 0.0008293137 0.020885622 0.0020365084 0.0010322669 0.00029665348 0.00051772106 0.010318285 0.0017379391 2.7592414e-05 0.011009608 0.006416322 0.00090062415 0.0002861428 0.00865061 0.0013402933 0.010614046 0.00030147977 0.001331892 9.620721e-05 0.00018720998 0.0062558977 0.00027508955 0.0027640678 0.0072322926 0.0003325858 6.224894e-05 0.0015108348 3.267671e-05 6.301143e-05 2.5270288e-05 4.318743e-05 0.0043156943
0.05681447 0.28628916 0.17769723 0.017298976 0.49137303 0.014125592 0.15620293 0.014526648 0.02058191 0.40389997 0.00636243 0.6288766 8.131898e-23 0.229517 0.040982034 0.013698209 0.06862086 0.182377 0.18272936 0.18951765 0.254008 0.013664553 0.10078428 0.14091536 0.00071453105 0.10534684 0.2989725 0.19245926 0.25101396 0.22092621 0.13349985 0.0033099172 0.06703107 0.02116073 0.00021568258 0.015831111 5.9992464e-05 0.07283119 0.18342112 0.007955332 0.10433969 0.00012139586 0.063425004 0.17424305 0.0015130157 0.1263364 0.0042806617 0.14195 0.00298615 0.11279494 0.006450358 0.06818131 0.0012923164 0.0001498157 0.042288497 0.0017098766 0.029911274 0.051418338 0.01189172 0.0014005323 0.00012465131 0.00063136965 0.028673166 0.01690979 0.014594482 0.0058727534 0.0043169707 0.0016108894 0.002184489 0.000840182 0.017623479 0.0068954276 0.0011049283 0.0010336047 0.0018988675 0.024051197 0.0070084976 3.4545657e-05 0.0047726575 0.003622019 0.0032336116 0.001737228 0.011728232 0.00095892936 0.012378877 0.00092473184 0.0009411876 0.0004894062 0.00080591073 0.013601015 0.0013000204 0.008084615 0.00678441 0.00091005885 4.111136e-05 0.002584406 0.0001929796 0.00014499546 1.561577e-05 9.016686e-05 0.0035928315
0.57738787 0.068050936 0.01687615 0.0010098447 0.10943576 0.0007949034 0.0072762715 0.0010317975 0.0003697573 0.7527301 0.0003469693 0.17580388 0.229517 1.761732e-19 0.010951756 0.0012855832 0.017705824 0.52966243 0.1820942 0.0547443 0.27948323 0.006294197 0.25483432 0.07539058 2.730528e-05 0.01947727 0.35795325 0.109638125 0.04429573 0.054346506 0.015242624 0.00071822334 0.06742138 0.29437327 6.0370367e-06 0.0038687477 4.522601e-06 0.040510517 0.020490723 0.109137855 0.008748742 6.5044705e-06 0.020041863 0.017746082 0.00015525775 0.013616467 0.00036523066 0.022459405 0.02203731 0.011844264 0.014743889 0.013990333 7.8868536e-05 2.3641274e-05 0.00518711 0.017425662 0.49834397 0.006230994 0.009624205 0.019297482 1.5279079e-06 0.010297155 0.7572102 0.057022437 0.05549848 0.0018395181 0.0066031036 0.0003280825 3.6756694e-05 0.00087152066 0.004105796 0.0021987122 0.0003591697 0.0035622462 0.0037897916 0.005686439 0.0025255366 1.1050493e-05 0.004865463 0.002180571 0.004176469 0.00072697614 0.5702228 0.0009686663 0.0020729068 0.00072241056 0.001033476 0.0008155739 0.0013336269 0.0023867122 0.0014467204 0.0018952998 1.5503956e-05 0.00068931194 0.00013106459 0.0017198469 0.000540285 0.00010654805 2.7923203e-05 7.222332e-05 8.948861e-06
0.014901341 0.34130377 0.42694378 0.080576845 0.18612283 0.07315938 0.28430167 0.07483044 0.06941673 0.06942514 0.03246228 0.06856178 0.040982034 0.010951756 3.2680268e-20 0.25567183 0.28803992 0.0014557206 0.003044116 0.15709971 0.09526768 0.2526191 0.0005358022 0.0119263325 0.009199428 0.21237013 0.099419825 0.0058333543 0.056860905 0.04160912 0.2632878 0.086443484 0.00028945864 0.00058310427 0.0058280434 0.2719315 0.00589428 0.0008240112 0.018595522 0.00021941822 0.19794182 0.002826657 0.00089066103 0.024414467 0.029397659 0.10524229 0.13105598 0.0040393574 5.7584334e-06 0.054599315 7.2665e-05 0.0014281002 0.008691706 0.006836914 0.14606094 2.9776385e-05 0.0025981124 0.12726104 0.00016129279 1.5330845e-05 0.009142561 1.6461098e-06 0.009678979 0.0014616564 0.0010670476 0.00011090017 4.714129e-05 0.026059944 0.013277385 0.0026570326 0.019614743 7.1251176e-05 0.025044465 7.560729e-05 6.502725e-05 0.0025845082 0.0006704941 0.00052428234 0.041788347 0.025689919 0.0003041365 0.00016559128 0.006371112 0.013244292 0.0069601177 0.00020915657 0.011577689 8.422217e-05 2.0976255e-05 0.0045912145 0.00013133122 0.0029997064 0.021428216 0.00068600377 0.0014922039 0.001015858 1.2947669e-05 8.745325e-05 0.0005869884 6.585529e-05 0.029014053
0.20080687 0.16144413 0.32952794 0.23792809 0.046611138 0.24684364 0.26133668 0.2422759 0.19460766 0.010091592 0.25402984 0.026807487 0.013698209 0.0012855832 0.25567183 4.1834724e-21 0.18516403 0.00025380217 0.0021686545 0.060446765 0.011609886 0.28991243 0.00020395755 0.009441778 0.16114259 0.11007799 0.007257356 0.0017265297 0.037945576 0.020766148 0.085801885 0.41436845 3.660889e-05 0.00011728806 0.0995101 0.29253513 0.20691122 9.2092596e-05 0.007311162 5.855665e-05 0.09319783 0.090021 0.0008225532 0.009008307 0.27545074 0.037519116 0.34204352 0.0014299414 8.38487e-07 0.017791549 4.7522008e-06 0.00063431275 0.2684796 0.06646837 0.12076604 4.6768318e-07 0.00010534399 0.08592463 0.00019125936 1.8774591e-07 0.10316101 2.7095396e-07 0.0008114322 4.501624e-06 7.834128e-06 1.3560864e-05 3.1926347e-06 0.14628907 0.13414693 0.09306855 0.012939973 3.500034e-05 0.10286209 7.797672e-06 1.4812035e-05 0.0010565604 0.0002661552 0.015322376 0.024047991 0.0313444 0.0002804144 6.761784e-05 0.00020592725 0.03289353 0.0030121033 0.000110348505 0.033786487 9.9764984e-05 4.018241e-06 0.0014749246 0.00011977634 0.0011087785 0.09037456 0.0002816126 0.007005598 0.0006824833 9.440156e-07 1.3099367e-05 0.006887334 9.06481e-06 0.13903834
0.0068076164 0.3157009 0.35449803 0.053331345 0.19876927 0.048420984 0.21242513 0.050951637 0.04477044 0.078799546 0.014252295 0.09640468 0.06862086 0.017705824 0.28803992 0.18516403 3.2531136e-20 0.0019789503 0.011467106 0.24051006 0.048822932 0.16895539 0.0018291087 0.018726662 0.003788632 0.30308628 0.043890387 0.011364817 0.11056442 0.06485471 0.3448531 0.042063743 0.00091553346 0.00063436903 0.002400325 0.16842145 0.0025402508 0.0017413219 0.07056895 0.00037416207 0.2310697 0.0015409354 0.004358699 0.09832783 0.021359848 0.1692738 0.069505736 0.017357005 3.9080383e-05 0.096485466 0.00011410177 0.00644472 0.003996547 0.002465586 0.14775336 8.3935185e-05 0.004126198 0.14710096 0.00059300265 3.530046e-05 0.0027936231 1.5343425e-05 0.0076493686 0.0021063124 0.0022903993 0.00028915322 0.00016090562 0.026140094 0.011133496 0.0013503276 0.038661618 0.00011742193 0.026106633 0.00017914952 0.00012174507 0.007967647 0.0002722461 0.000269177 0.048089392 0.027686123 0.0002559985 7.761041e-05 0.0073220823 0.013517037 0.014677223 0.0001313147 0.011790651 6.15131e-05 2.820578e-05 0.008995031 0.00019044505 0.004671472 0.0184657 0.00042301812 0.0007595603 0.0015227795 1.5392741e-05 0.00016998133 0.00024106697 0.00013177811 0.020898823
0.44185337 0.0057728984 0.0030076355 0.0003344755 0.020449797 0.00030821117 0.0017518689 0.00026776036 9.837229e-05 0.101871185 8.0963844e-05 0.0558425 0.182377 0.52966243 0.0014557206 0.00025380217 0.0019789503 4.232366e-21 0.47202212 0.019379156 0.07044803 0.00085618015 0.66291696 0.15601155 1.4615561e-05 0.0043108347 0.12165392 0.38283473 0.065125264 0.10853722 0.0062887487 0.00025232398 0.43258202 0.48091206 5.5143005e-06 0.0018649704 3.3812817e-06 0.2785591 0.04557455 0.29534137 0.010537541 8.7947046e-07 0.06125193 0.042459097 0.00028992168 0.020015912 0.000670797 0.1069739 0.26023075 0.026920775 0.2918231 0.054858427 4.7963546e-05 1.664738e-05 0.010683066 0.08095755 0.60532326 0.012676061 0.054084394 0.06830593 7.9494157e-07 0.05389205 0.14246792 0.27963904 0.31372562 0.037196632 0.063255474 0.0003229471 2.2483426e-05 0.00018536786 0.010941749 0.030777786 0.00026355634 0.021039665 0.026265468 0.013621949 0.012695386 1.629181e-05 0.004388191 0.0010084786 0.019386124 0.004168292 0.41485327 0.00016807023 0.005306393 0.0026989519 0.0001941131 0.002699889 0.014778505 0.0065034754 0.0054720696 0.0049961912 5.882293e-06 0.0019794826 9.214359e-06 0.0020101534 0.010881627 0.002372651 1.5816006e-05 0.001364912 1.1005601e-06
0.019605026 0.07683482 0.03561227 0.0025355094 0.09857234 0.0025423411 0.029798625 0.0020723445 0.0023512386 0.13026181 0.0010887544 0.10316036 0.18272936 0.1820942 0.003044116 0.0021686545 0.011467106 0.47202212 1.0785968e-22 0.03634693 0.08391945 0.0017989478 0.40598014 0.12705016 0.00016186739 0.012688022 0.11237992 0.40232494 0.12979491 0.15624829 0.019045241 0.00048373095 0.31053796 0.09528556 6.1965584e-05 0.0024566741 2.2083805e-05 0.30164364 0.13141531 0.06513199 0.018400507 2.8406295e-05 0.114776894 0.12834746 0.00017954186 0.042102844 0.00047416103 0.1718692 0.045488972 0.058082864 0.060499597 0.09088982 0.0004948456 3.3469965e-05 0.013209047 0.013170286 0.09993076 0.014289592 0.04696589 0.01410871 6.790479e-06 0.012017877 0.02829164 0.08114814 0.07708387 0.019726865 0.028559087 0.0005449514 0.00053389074 4.9181013e-05 0.010933222 0.019068556 0.00028723592 0.005988603 0.008283454 0.022154497 0.018670643 1.5745827e-05 0.0027566326 0.001186494 0.01967207 0.0048214137 0.036005948 0.00012446551 0.006663964 0.0022359516 0.00011241328 0.002552451 0.006371407 0.0091753295 0.004930111 0.0063315113 0.00044545368 0.0017582534 1.6862225e-05 0.0013585065 0.0019126557 0.0007152134 1.7024178e-05 0.0004127418 0.00037261043
0.004733094 0.33850697 0.30798027 0.028324828 0.28997898 0.025091887 0.1020236 0.028716259 0.017491687 0.13820481 0.0056264806 0.22728322 0.18951765 0.0547443 0.15709971 0.060446765 0.24051006 0.019379156 0.03634693 1.912493e-21 0.043218736 0.07937241 0.012191366 0.12400534 0.0006662357 0.26968947 0.047259677 0.050590776 0.39432043 0.31366086 0.3475786 0.009049514 0.008335801 0.0038828861 0.0006350221 0.07457019 0.0006283857 0.015478083 0.197167 0.001360686 0.21905738 0.0002005136 0.038050357 0.20514815 0.005306459 0.21440043 0.018938178 0.05950183 0.0001368091 0.16605626 0.00043092002 0.042512644 0.0005996027 0.0005963584 0.110039525 0.00017000565 0.0045637214 0.12352512 0.0028342435 6.573049e-05 0.000395075 3.458215e-05 0.0088057 0.0018204798 0.002449569 0.00090995163 0.00033592634 0.00969119 0.0060166824 0.0002511198 0.05884806 0.0006623677 0.008522816 0.00024383604 0.00018509617 0.013303902 0.00086561975 5.3360487e-05 0.031876944 0.011795511 0.00057457265 0.00045523193 0.011415893 0.0031562916 0.024949731 0.00046558076 0.002860378 7.620283e-05 6.299515e-05 0.01490046 0.0002481961 0.007580255 0.008629948 0.00081986183 0.00015252293 0.003888895 1.547477e-05 0.00011575602 8.196878e-05 5.8767673e-05 0.00542919
0.87626654 0.43292513 0.19488299 0.014393038 0.52152693 0.00720465 0.14513908 0.0077430727 0.015030142 0.602746 0.002741585 0.33389395 0.254008 0.27948323 0.09526768 0.011609886 0.048822932 0.07044803 0.08391945 0.043218736 3.1006997e-19 0.028342417 0.054959353 0.037497837 0.00013306712 0.03642999 0.49290246 0.05906132 0.021536646 0.02514213 0.022127626 0.011393428 0.024585143 0.01034844 6.6927896e-05 0.013046209 5.5435357e-05 0.01272338 0.011106639 0.004069395 0.009886235 2.6996275e-05 0.008919272 0.010015299 0.0014697785 0.006423468 0.0018395243 0.010824319 0.0034755385 0.0056405244 0.0071731573 0.0047444124 1.7562053e-05 2.3682931e-05 0.011115731 0.00089382293 0.000569651 0.0100813 0.0035028276 0.00084247073 1.0131871e-05 0.0020474792 0.022765893 7.050373e-05 4.461145e-05 0.0015193061 0.0028565368 0.004926457 6.0599923e-05 0.001760674 0.0023958855 0.0006853887 0.0040009343 0.0003102179 0.0003078754 0.0032460198 0.00067154487 6.913053e-06 0.012134199 0.020208092 0.0032463076 0.00022275266 0.00096117664 0.018874234 0.0020868927 0.00021421321 0.018996343 0.00036872516 0.00012757484 0.0021312283 0.000949532 0.0016544985 1.7582299e-05 0.0002968536 0.00039658917 0.0011191166 7.1855764e-05 0.00019708986 8.534683e-06 8.907756e-05 7.249967e-06
0.005599627 0.18646637 0.3623232 0.058189623 0.046410456 0.05582908 0.13846692 0.06013458 0.050880387 0.024898758 0.03404963 0.026107008 0.013664553 0.006294197 0.2526191 0.28991243 0.16895539 0.00085618015 0.0017989478 0.07937241 0.028342417 8.1469427e-19 0.0004643673 0.004505905 0.018269775 0.121705815 0.023647271 0.0027044478 0.048273068 0.020548148 0.16933995 0.25418553 0.00013848566 0.00042569806 0.008899987 0.30948436 0.022138603 0.00015855097 0.03354966 0.0004895974 0.21721332 0.006462235 0.0014569872 0.045167927 0.09425271 0.109070934 0.24676223 0.006844942 3.0185647e-05 0.06279318 8.444366e-05 0.0017016275 0.012770424 0.01349063 0.20489086 9.164237e-05 0.0024815907 0.17349038 0.00020490486 1.9126785e-05 0.01519812 1.0405173e-05 0.0048001437 0.0007901011 0.0015372996 0.0002745685 9.97629e-05 0.08263378 0.019850506 0.003940501 0.033020183 0.00010482707 0.055261634 0.00010649807 7.266389e-05 0.0037128644 0.00020043999 0.0032251435 0.06245099 0.043903593 0.00027581933 3.891763e-05 0.002256949 0.030886145 0.010640107 6.2406514e-05 0.02933778 5.7277157e-05 2.4428698e-05 0.005816428 0.00010437906 0.0023381042 0.03316713 0.00026891197 0.002824554 0.0009137663 6.311141e-06 9.886624e-05 0.0019881066 0.00010987564 0.036134582
0.08700774 0.005715057 0.0026575092 0.0005495142 0.023389427 0.00051263534 0.00311502 0.00035082627 0.0001485689 0.07138413 0.000110578054 0.037684184 0.10078428 0.25483432 0.0005358022 0.00020395755 0.0018291087 0.66291696 0.40598014 0.012191366 0.054959353 0.0004643673 9.3461993e-23 0.096751735 1.3536612e-05 0.0035985496 0.08305437 0.36654747 0.07255991 0.10473907 0.0048559387 0.00016346414 0.45071632 0.23667628 4.8268485e-06 0.0010785867 2.8777658e-06 0.2941488 0.05457082 0.162459 0.008527641 2.1542971e-06 0.08360036 0.048809513 0.000126669 0.017876111 0.0003634141 0.10968775 0.14219046 0.022701671 0.17484808 0.06879034 0.00011024237 1.3521734e-05 0.008444636 0.032342702 0.2400472 0.009018312 0.06604251 0.02872592 1.0368409e-06 0.03911898 0.04164882 0.17280799 0.17384739 0.034077987 0.05982192 0.00015453482 4.1916537e-05 4.9968316e-05 0.0048656296 0.030705132 9.744817e-05 0.013555435 0.016685639 0.012265403 0.017138716 2.2411605e-05 0.0017730376 0.00033134007 0.025127746 0.0045758323 0.10307869 4.2853222e-05 0.0023879977 0.002378682 5.1199353e-05 0.003155831 0.01264128 0.005535318 0.007222202 0.0043061785 1.750774e-05 0.0017924163 9.3303315e-06 0.0011874178 0.0040899883 0.001344245 1.3158553e-05 0.0008859052 4.482864e-06
0.0048859078 0.1059823 0.09102173 0.00934241 0.13598627 0.008868803 0.030252554 0.007957392 0.0076064193 0.09481175 0.0037742879 0.11443788 0.14091536 0.07539058 0.0119263325 0.009441778 0.018726662 0.15601155 0.12705016 0.12400534 0.037497837 0.004505905 0.096751735 4.2662077e-23 0.0006378383 0.02322959 0.037934784 0.17131595 0.19415471 0.2303447 0.047685623 0.0018639488 0.05191453 0.029280411 0.00040969544 0.008069125 0.000105273495 0.09061735 0.16534556 0.016105993 0.045528878 0.00014733837 0.08475431 0.15119024 0.000775182 0.073355295 0.0023774675 0.14322768 0.003167 0.10587191 0.007712065 0.08407068 0.00034604484 0.00010515348 0.022850955 0.0017517805 0.010508578 0.027401598 0.016289791 0.002373357 0.000111127054 0.0009489413 0.006649459 0.011554894 0.011097057 0.0060810023 0.0046588103 0.00187346 0.0014990524 6.8541915e-05 0.022227084 0.007478762 0.0011738123 0.0017910348 0.0032667369 0.023907527 0.0066463556 5.34861e-06 0.0046592946 0.0016620413 0.0023623565 0.002157015 0.008859094 0.00030378025 0.014124844 0.0012006221 0.00018477517 0.0003827585 0.002302167 0.017094642 0.0009476264 0.013296685 0.0023112302 0.0026006063 4.115e-05 0.0049223388 0.00088051835 0.00045978744 3.745332e-05 0.00045941773 0.0019245856
0.2975244 0.0074944766 0.021726802 0.052252658 0.0015944933 0.07055837 0.026995018 0.06899608 0.02685852 0.0004347009 0.21910903 0.0006744964 0.00071453105 2.730528e-05 0.009199428 0.16114259 0.003788632 1.4615561e-05 0.00016186739 0.0006662357 0.00013306712 0.018269775 1.3536612e-05 0.0006378383 1.0477411e-19 0.0036974796 0.00011751422 0.00033819932 0.0020343706 0.0015124812 0.0033109242 0.06433324 1.6982132e-05 2.2721558e-06 0.64154565 0.022991642 0.38866404 0.00013202781 0.0012971523 4.935288e-07 0.0045823343 0.47917366 0.00024191727 0.0020760524 0.08055808 0.0026773307 0.072893806 0.00086014654 3.722167e-08 0.0018177212 3.0169528e-07 0.00069122424 0.525036 0.07651794 0.0066975956 1.7283785e-08 3.3274473e-06 0.003709099 0.00042204902 9.7866995e-09 0.09861577 6.181009e-08 4.1238905e-05 1.6541458e-07 3.923521e-07 1.936924e-06 9.377793e-07 0.040937085 0.05965508 0.22472727 0.00089058926 3.504882e-06 0.025107637 2.1460363e-07 1.327679e-07 0.0018999471 0.00028956603 0.004422753 0.0017138796 0.0033224898 0.00014308581 0.00014538164 5.982658e-06 0.005643392 0.00026554012 9.991638e-05 0.0051283506 0.00010198495 6.2050695e-08 0.00047702002 6.279708e-05 0.00039453473 0.03663126 9.742773e-05 0.0010056406 0.00033434285 1.4584307e-08 4.3557193e-06 0.0011500004 4.41977e-06 0.0420596
0.0037125954 0.3033461 0.31911802 0.048765767 0.19925234 0.042696346 0.13528757 0.049776115 0.036047243 0.081381574 0.015627787 0.12843958 0.10534684 0.01947727 0.21237013 0.11007799 0.30308628 0.0043108347 0.012688022 0.26968947 0.03642999 0.121705815 0.0035985496 0.02322959 0.0036974796 1.1387083e-22 0.033695623 0.018876903 0.17202093 0.08821006 0.48995748 0.031853158 0.0010467224 0.0019342826 0.002171173 0.12264615 0.0027149902 0.0012764147 0.114826635 0.0015925951 0.29443234 0.0023709128 0.008405022 0.11587833 0.016425472 0.21366787 0.044046886 0.021808261 3.816668e-05 0.14296073 7.6760814e-05 0.008461812 0.0032009457 0.0018100502 0.17493957 0.00019372474 0.0045684027 0.17469457 0.00027490966 4.1872187e-05 0.0020893998 2.0365833e-05 0.010008553 0.0023641842 0.0030844759 9.910375e-05 5.0739232e-05 0.028319215 0.011310014 0.0008867839 0.0702124 7.9662794e-05 0.024024948 6.03262e-05 3.4144952e-05 0.019758053 0.00013715934 0.0001708337 0.054695 0.033820726 0.000101873746 8.5825006e-05 0.014787915 0.01530134 0.031399913 0.00015587539 0.013520299 1.1397547e-05 7.983122e-06 0.014128151 5.2914194e-05 0.0051651555 0.020806678 0.00055693154 0.0005346283 0.0025932137 6.3015335e-07 1.2733241e-05 0.00026028545 1.8471696e-05 0.019369626
0.92246974 0.47552192 0.17995347 0.009937046 0.55921286 0.0051744543 0.107938476 0.004969521 0.008324706 0.7091282 0.0014671568 0.3623772 0.2989725 0.35795325 0.099419825 0.007257356 0.043890387 0.12165392 0.11237992 0.047259677 0.49290246 0.023647271 0.08305437 0.037934784 0.00011751422 0.033695623 1.9763316e-18 0.07569398 0.021246463 0.025022486 0.019689491 0.005184437 0.026983472 0.020056216 4.9233666e-05 0.012707106 1.7925147e-05 0.0152114965 0.0105503565 0.0061992984 0.009434577 2.4817324e-05 0.007897542 0.009484198 0.0007635119 0.006853391 0.0017183934 0.010618653 0.002791511 0.006137317 0.006823385 0.004193767 2.034863e-05 1.3410086e-05 0.014961483 0.0014677774 0.0013310342 0.01053749 0.002573015 0.0014119039 6.5156837e-06 0.0015109471 0.10650567 0.00011739213 9.583441e-05 0.0015214906 0.0026562447 0.0042009163 3.7604495e-05 0.001814633 0.0028712375 0.0005808501 0.004605607 0.00020992514 0.00026701426 0.00312093 0.00067413854 2.955922e-06 0.012723616 0.022516275 0.0041652997 0.0003026912 0.0044309413 0.018249009 0.0021866465 0.00026615927 0.02014339 0.0005790379 0.00014295678 0.0016238745 0.0013738812 0.0013206616 9.611261e-06 0.00022054942 0.00033559193 0.0010775652 7.534824e-05 0.00032675982 4.908245e-06 0.000113851245 2.9825796e-06
0.017773962 0.066508636 0.0350183 0.0038055445 0.09949414 0.0030278703 0.03195588 0.0032838725 0.0033863033 0.101554155 0.0027617295 0.11025313 0.19245926 0.109638125 0.0058333543 0.0017265297 0.011364817 0.38283473 0.40232494 0.050590776 0.05906132 0.0027044478 0.36654747 0.17131595 0.00033819932 0.018876903 0.07569398 1.0277319e-24 0.17785062 0.22509363 0.026163425 0.0007937553 0.36552292 0.08002245 0.00019284879 0.0036549622 4.2806452e-05 0.45160854 0.25147617 0.06505188 0.025993297 5.2265616e-05 0.28222385 0.22127037 0.00050702476 0.0739557 0.0010863751 0.33873078 0.038841937 0.12772846 0.04675749 0.26167694 0.0004508438 7.165957e-05 0.01734811 0.013340066 0.046557292 0.019243326 0.10320167 0.012258384 2.1105581e-05 0.011566597 0.012080065 0.041275796 0.035969764 0.027246227 0.033064805 0.001676775 0.0012154038 0.00013825131 0.014530534 0.024075964 0.0010312126 0.007199426 0.009617259 0.051825117 0.03935155 1.07767155e-05 0.0013211133 0.0007275317 0.02972893 0.019087289 0.012475842 6.9595335e-05 0.014304973 0.011937107 6.508892e-05 0.010463327 0.007419344 0.026710086 0.013732419 0.01904718 0.0016075769 0.0056264647 1.9175493e-05 0.007612334 0.0021325236 0.0014526184 8.752847e-06 0.0009974049 0.0008963873
0.0019932792 0.28530315 0.22495875 0.017330326 0.20148712 0.016929379 0.042956635 0.01906809 0.009440864 0.109767415 0.009324349 0.20802441 0.25101396 0.04429573 0.056860905 0.037945576 0.11056442 0.065125264 0.12979491 0.39432043 0.021536646 0.048273068 0.07255991 0.19415471 0.0020343706 0.17202093 0.021246463 0.17785062 4.0593043e-24 0.44795132 0.24980631 0.008687529 0.03659213 0.016494313 0.0013969679 0.045020368 0.0010621479 0.07799617 0.3970945 0.01079915 0.23162878 0.00091506075 0.14780086 0.38532478 0.00417584 0.30477065 0.0125553515 0.22828022 0.002274131 0.3196463 0.0026406632 0.12580809 0.0011128103 0.00077688164 0.11894868 0.0017539242 0.0048080515 0.13833284 0.01974135 0.0009700811 0.0005763337 0.00072469015 0.0043358407 0.0069846506 0.006128307 0.0024859654 0.0014493918 0.009361268 0.0067433342 0.00025133352 0.0994764 0.00267849 0.006975169 0.0010233707 0.0013087543 0.07481586 0.0075807692 5.5691875e-05 0.021539219 0.008962912 0.002198408 0.0053780107 0.007759132 0.0016841921 0.059328202 0.0050884997 0.0011444092 0.0005684842 0.00023677458 0.045813568 0.00071120897 0.028557288 0.0088381795 0.0072775446 8.147833e-05 0.014696965 2.565688e-05 7.66426e-05 8.3292565e-05 5.7823527e-05 0.0045831213
0.0032081367 0.26494455 0.18689561 0.011851816 0.18638656 0.012431166 0.04129456 0.013211951 0.0086062085 0.10577605 0.0076892585 0.18431456 0.22092621 0.054346506 0.04160912 0.020766148 0.06485471 0.10853722 0.15624829 0.31366086 0.02514213 0.020548148 0.10473907 0.2303447 0.0015124812 0.08821006 0.025022486 0.22509363 0.44795132 1.7513148e-24 0.18100777 0.005151318 0.05927398 0.017165862 0.0011526499 0.027760806 0.0005559156 0.10465888 0.3446193 0.011731761 0.1535255 0.00054241833 0.18858431 0.3522161 0.0021335536 0.21920004 0.008902678 0.23576942 0.0037013197 0.2551872 0.0047607864 0.13829306 0.0008857983 0.00053553196 0.07245679 0.0016953863 0.0048680366 0.09062814 0.024560397 0.0015289189 0.00042289312 0.000979126 0.003384631 0.007952105 0.006869439 0.004441027 0.0032109711 0.0069523496 0.004667636 0.00018462 0.060603715 0.005664531 0.0052436567 0.001856991 0.0028962167 0.07260317 0.009610959 3.1195475e-05 0.014271943 0.0046822927 0.0026470688 0.00598807 0.005720145 0.000827774 0.043046087 0.005171245 0.0004822179 0.0011796005 0.0007186069 0.04372087 0.0013546421 0.031750947 0.0075761504 0.00719388 5.88481e-05 0.013304835 0.00016528693 0.00023413886 5.3103566e-05 0.00016665958 0.0038155217
0.0019430239 0.2837999 0.2700223 0.04211925 0.16163692 0.038928304 0.062427446 0.04530355 0.023491912 0.06456607 0.01478714 0.1250234 0.13349985 0.015242624 0.2632878 0.085801885 0.3448531 0.0062887487 0.019045241 0.3475786 0.022127626 0.16933995 0.0048559387 0.047685623 0.0033109242 0.48995748 0.019689491 0.026163425 0.24980631 0.18100777 7.143678e-24 0.042442147 0.0009896606 0.0036015757 0.0017907906 0.15482038 0.0032117905 0.0018066666 0.17379595 0.003359954 0.47005743 0.0021280255 0.022854347 0.1787871 0.018452642 0.3750454 0.045350708 0.03989582 3.5880443e-05 0.22454554 0.00011619588 0.014295325 0.0025010682 0.0021228243 0.2801183 0.00016694926 0.0028099823 0.28228387 0.00026152478 2.649857e-05 0.001590361 1.8277153e-05 0.010410097 0.0010640502 0.0024303116 9.15743e-05 2.435533e-05 0.038925067 0.009019602 0.0005262234 0.123928316 8.082089e-05 0.03349173 1.589906e-05 1.2860638e-05 0.026897525 0.00016687412 0.00012544292 0.07370934 0.04830268 7.4968346e-05 0.00019639937 0.022743814 0.023187265 0.05643407 0.00030580533 0.02061344 1.0894423e-05 1.3562344e-06 0.015773153 3.3550055e-05 0.0055646887 0.012475139 0.0008232163 0.00038722157 0.0031327028 1.0562309e-07 3.1126544e-06 0.0001792259 3.345626e-06 0.009303099
0.021143457 0.06372618 0.2611976 0.13075542 0.012938401 0.13595536 0.12530139 0.1347407 0.08176285 0.0058280937 0.08843797 0.0052144337 0.0033099172 0.00071822334 0.086443484 0.41436845 0.042063743 0.00025232398 0.00048373095 0.009049514 0.011393428 0.25418553 0.00016346414 0.0018639488 0.06433324 0.031853158 0.005184437 0.0007937553 0.008687529 0.005151318 0.042442147 5.4284007e-19 6.366378e-05 0.00025433837 0.045903344 0.3633288 0.11822342 7.2329465e-05 0.0022361116 0.00020778835 0.07332713 0.04647018 0.00015184154 0.0031368376 0.28707272 0.023232203 0.3956429 0.0006612562 4.858211e-06 0.009372216 2.3410523e-05 0.00017968114 0.07175244 0.06639615 0.10882938 7.082528e-06 0.0005478186 0.08050403 6.337301e-05 1.2236023e-06 0.101035945 1.1637177e-06 0.0014101896 9.464297e-05 9.2984366e-05 1.909314e-05 1.1231249e-05 0.10775433 0.06312212 0.020541055 0.007097116 1.4109395e-05 0.07576754 1.9382924e-05 1.0620307e-05 0.0006169755 0.00039314243 0.016651215 0.021107916 0.02600167 0.0003016149 9.378169e-05 0.00017365339 0.02334427 0.001762538 9.316011e-05 0.02254488 8.3477134e-05 1.12721755e-05 0.00090565765 5.886185e-05 0.0005747614 0.059925187 0.00013649516 0.004000652 0.00017769773 7.173566e-07 1.8730025e-05 0.0059332964 9.651382e-06 0.093510225
