7.702826e-39 0.019477012 0.02039861 0.090512305 0.010049152 0.09404394 0.2719581 0.09609985 0.025910068 0.30415562 0.029124286 0.0043813814 0.16042833 0.003376888 0.031947456 0.003255438 0.48121506 0.51670355 0.011112042 0.605654 0.5686895 0.012238452 0.23778084 0.11836281 0.038898543 0.004634904 0.7782002 0.0026182425 0.8257004 0.5385531 0.557154 0.18193103 0.82791597 0.87869483 0.11278731 0.052053154 0.012138308 0.6658917 0.88472754 0.001670974 0.14968948 0.0025075513 0.0022972191 0.93607736 0.059787326 0.00088650524 0.039739393 0.96043694 0.01129667 0.8099254 0.061989233 0.0014609764 0.9377378 0.00012459296 0.81964695 0.0013765738 0.012906032 0.0038727717 0.6442254 0.0023628802 0.3317125 0.5849972 0.89534175 0.9148887 0.9584734 0.009417538 0.050043397 3.4841298e-06 0.97701985 0.9577658 0.075528674 0.5127545 0.49162993 0.0048702746 0.00074799947 0.9944847 0.0098572895 7.235344e-06 0.0545657 0.9969208 0.9170133 0.980497 0.19046755 3.6561172e-08 0.0003156165 0.397008 2.805632e-09 0.00021772731 0.98353297 0.9671104 0.857617 7.206404e-07 1.3451508e-09 0.99341035 0.98739475 0.9204404 5.0731636e-05 0.8250844 2.8243988e-08 0.9987107 4.314782e-09
0.019477012 2.4523011e-21 0.43952826 0.35442883 0.42260063 0.312065 0.27819812 0.2217942 0.24418813 0.23124743 0.3137902 0.27152178 0.11152973 0.21111113 0.07277283 0.28589118 0.14073545 0.12904504 0.09120788 0.10062845 0.09858585 0.3396613 0.040620063 0.025846815 0.027806263 0.23331554 0.077402525 0.15135129 0.040279847 0.017490461 0.016132303 0.008572869 0.09124049 0.057361837 0.0058795568 0.0039284313 0.008638595 0.05956096 0.020838011 0.10039192 0.0023316431 0.08406375 0.029973803 0.05646394 0.005175412 0.060630914 0.0035525202 0.044868212 0.0017914842 0.0345246 0.0009149064 0.024499271 0.033774536 0.03265413 0.0045018154 0.0119785145 0.0023890636 0.005257364 0.001129757 0.004859321 0.0009618144 0.00089675584 0.0020028763 0.007370936 0.019678932 0.00071558804 0.00073752 0.014875272 0.008538518 0.015948096 0.0005482851 0.0023619642 0.0015601986 0.00035348802 0.0012013011 0.007774383 4.892083e-05 0.007843963 0.0010636973 0.010760301 0.0165798 0.010187867 0.0008266484 0.007979376 0.00033019215 0.0021058233 0.0013489202 0.0007418364 0.005908739 0.0033641192 0.0018842036 0.0018710328 0.00079825544 0.0029920607 0.006521375 0.0006587734 0.00018418422 0.0010240462 1.6783619e-06 0.002025278 6.501336e-05
0.02039861 0.43952826 6.2340893e-22 0.34364992 0.32748678 0.28555936 0.39196366 0.34729257 0.42855677 0.25195733 0.2762911 0.45549616 0.22427203 0.44143397 0.16948499 0.39314586 0.18576324 0.16379559 0.24144657 0.088216744 0.26590082 0.29879442 0.11054001 0.012463711 0.015365096 0.23940139 0.12994376 0.2772859 0.08582802 0.07106302 0.04734446 0.022721266 0.09140136 0.075027846 0.013788528 0.008251551 0.0020134996 0.048215352 0.037463956 0.048859 0.0050330316 0.16793498 0.06514277 0.053284906 0.0011934934 0.03159462 0.000676408 0.050460946 0.00031735166 0.028477112 0.0010585034 0.0134866685 0.022920452 0.018026229 0.006974796 0.0060094628 0.0031396071 0.0009284751 0.001609532 0.0013381324 0.0012827634 0.0013613077 0.003352965 0.005166247 0.020223144 0.00064361206 0.00019700716 0.012649922 0.0126698 0.01781887 0.00011951903 0.0014193263 0.0011649147 0.00036656155 0.0006334296 0.012957774 1.1145622e-05 0.009040405 0.0012190187 0.011835693 0.010395474 0.005262937 0.0012118788 0.009485754 0.00023186546 0.0025195319 0.00024480064 0.00048381262 0.004561826 0.0013848627 0.0025840956 0.0019139339 5.6245062e-05 0.0012043841 0.008082834 0.0016359001 0.00045818996 0.00033727716 7.8610476e-08 0.001296545 3.5975387e-05
0.090512305 0.35442883 0.34364992 4.3808e-20 0.39677417 0.6640168 0.4400863 0.30364183 0.29705918 0.6058856 0.46348703 0.16940159 0.21791038 0.12791564 0.08127764 0.19484915 0.3114142 0.31274962 0.07354665 0.4189395 0.24788913 0.35374245 0.049436335 0.16809118 0.114760116 0.20223232 0.1820718 0.076833546 0.0977474 0.039550528 0.03257287 0.011657598 0.23279133 0.13005021 0.008478056 0.0039474103 0.033217654 0.26184842 0.048325043 0.12068666 0.0034045372 0.043119848 0.015541235 0.14620425 0.01867663 0.07429237 0.01480794 0.11864471 0.008739165 0.1852221 0.00059454434 0.05175055 0.16665831 0.042594966 0.004366685 0.029967537 0.0027353081 0.008156549 0.0014516787 0.010830586 0.0019984287 0.0012312661 0.0020987482 0.051627748 0.07663334 0.001110117 0.002041835 0.00868586 0.009480106 0.05721227 0.001824184 0.009704753 0.00948063 0.000461054 0.0027608476 0.02665111 0.00026852218 0.0024172482 0.0012133227 0.011233526 0.06146201 0.0599576 0.0010111765 0.00353783 0.00026153727 0.0018140153 0.0003240216 0.000573267 0.03169631 0.0196281 0.003074536 0.00012457953 0.0002401631 0.013562728 0.006620065 0.0016251365 0.00018926346 0.0037553643 5.3628634e-07 0.0057961973 2.6233849e-05
0.010049152 0.42260063 0.32748678 0.39677417 1.8375386e-19 0.40862897 0.19899863 0.13966869 0.13187964 0.2783485 0.45536688 0.22106905 0.079919025 0.09600159 0.042376045 0.28097174 0.12140711 0.124646954 0.042350903 0.14528139 0.059623767 0.41385987 0.015667077 0.040515237 0.04692156 0.25981265 0.054939937 0.06655705 0.026320923 0.006709598 0.0071448474 0.0042083226 0.09811323 0.04749734 0.0025018794 0.00140296 0.019046802 0.085742265 0.013956444 0.14241667 0.0010326986 0.04552454 0.011909345 0.05904592 0.013219167 0.09241472 0.008936307 0.036417503 0.0050216946 0.055105176 0.0003768973 0.047778685 0.048412547 0.04516809 0.0015320877 0.020769956 0.0012401706 0.00836703 0.0005414937 0.007328865 0.0008394028 0.00034701359 0.0007454384 0.015364562 0.020763697 0.00039916844 0.00216468 0.009272244 0.0051166266 0.01449256 0.0016246088 0.003980647 0.0023218973 0.00022266216 0.0022841783 0.00988369 0.00031594475 0.002999788 0.000842584 0.009133028 0.027199242 0.01429163 0.0006646127 0.00480209 0.0001752686 0.0018275753 0.0015363243 0.0003363139 0.011078082 0.0037906358 0.0015207095 0.00045220432 0.002084788 0.0044523072 0.0057073287 0.0006073175 3.223312e-05 0.004547577 2.5331756e-06 0.0027176233 0.00022551084
0.09404394 0.312065 0.28555936 0.6640168 0.40862897 2.6524338e-18 0.34229103 0.19564778 0.16116372 0.60651433 0.5428119 0.1182153 0.13187124 0.06565314 0.04024665 0.14631814 0.27907333 0.29224196 0.031596407 0.5018935 0.13326585 0.34107867 0.020409236 0.33681476 0.25620008 0.15518586 0.11204601 0.031239623 0.057843957 0.015250367 0.016398286 0.005988506 0.22255822 0.08778811 0.0051863873 0.002020952 0.10489592 0.27011764 0.028754387 0.12039276 0.0019216483 0.026323715 0.008551973 0.15234022 0.060852792 0.085481465 0.04133112 0.096415736 0.03016726 0.23839742 0.00040542154 0.06830368 0.19937909 0.045288883 0.002773062 0.04198137 0.0015607367 0.026019491 0.0012922602 0.024189934 0.0016579648 0.00097367086 0.0016514735 0.098795004 0.0703624 0.000702711 0.005371637 0.0054261363 0.0065583973 0.04445286 0.0049462016 0.029909613 0.02548817 0.00031530723 0.0043997946 0.023575356 0.0014453097 0.0015195584 0.0008079651 0.008508604 0.06591507 0.09271351 0.00060535286 0.003427681 0.00020064061 0.001404365 0.0002798408 0.00044056473 0.05100229 0.034337558 0.0012488923 6.7563684e-05 0.00051706727 0.024311556 0.004736533 0.000626912 6.0474988e-05 0.0071698874 2.6260545e-06 0.009195836 6.512263e-05
0.2719581 0.27819812 0.39196366 0.4400863 0.19899863 0.34229103 4.0801205e-18 0.50946885 0.38246655 0.5389566 0.21232194 0.18576828 0.32367736 0.11400695 0.09991344 0.15457028 0.57029295 0.5358886 0.08010877 0.18510358 0.39282557 0.104901694 0.066549875 0.023951586 0.0150793 0.097558334 0.32306647 0.07910036 0.24618267 0.08913374 0.104002036 0.01200796 0.28909448 0.26181355 0.0085990755 0.004813858 0.004410595 0.21737354 0.19272988 0.015781714 0.004446129 0.031036284 0.0196571 0.26778886 0.0062488792 0.0073766317 0.0038714607 0.25419807 0.0012774382 0.12635715 0.00063320185 0.0035012893 0.15641956 0.0030669542 0.015708055 0.0015504602 0.0012298732 0.00089251244 0.0032668037 0.00072147907 0.0034312261 0.0016310553 0.0059973276 0.028755965 0.24554329 0.0005272512 0.00096135447 0.002169099 0.030645084 0.19099425 0.00059927796 0.004445514 0.0032140212 0.00018317314 7.293007e-05 0.15344568 5.9889055e-05 0.00034551395 0.0012897105 0.023370774 0.23927084 0.14035843 0.0011295258 0.0006247214 6.7579545e-05 0.002781531 3.7974737e-06 0.00019913448 0.113394104 0.0074032713 0.00283995 9.7372695e-06 1.4826318e-06 0.0072742873 0.008946749 0.0012874531 1.9200674e-05 0.0002390521 1.524079e-08 0.0064481776 1.2176897e-06
0.09609985 0.2217942 0.34729257 0.30364183 0.13966869 0.19564778 0.50946885 5.2417334e-19 0.5585528 0.24914545 0.11975562 0.20850316 0.45894244 0.18161008 0.2828381 0.14722806 0.2932314 0.27048844 0.22090651 0.06815272 0.445198 0.060616303 0.16057506 0.007335298 0.0058498327 0.07834129 0.29837096 0.10245146 0.26893315 0.17955077 0.19193918 0.027221788 0.19365396 0.22474329 0.020319281 0.012811155 0.0012945835 0.13202336 0.17174347 0.014765635 0.012509528 0.0796749 0.05231687 0.1722792 0.0013459941 0.005314886 0.0007104253 0.16989721 0.00032843655 0.054358426 0.0035116356 0.0020101736 0.08596222 0.003091202 0.038644854 0.00069942256 0.004799789 0.0004475517 0.0089217555 0.00040636488 0.008830201 0.0055287583 0.017785797 0.015544482 0.15965497 0.0015166497 0.00021042384 0.001999731 0.052287176 0.1414741 0.00014972244 0.0046311286 0.0029149891 0.00096840534 0.00013048491 0.10640597 3.1166128e-05 0.0009797225 0.0033550265 0.03368171 0.098691985 0.037433587 0.0030042313 0.0008073312 0.00041150334 0.004811861 4.4441576e-06 0.00060328183 0.029998917 0.0015072643 0.0070140916 4.9270115e-05 1.6664876e-06 0.0019089183 0.013749397 0.0035992032 9.178002e-05 0.00025240844 1.4451229e-08 0.0014060374 1.890019e-06
0.025910068 0.24418813 0.42855677 0.29705918 0.13187964 0.16116372 0.38246655 0.5585528 3.6525003e-19 0.18510334 0.07926967 0.2622389 0.5100716 0.32624063 0.45429224 0.20692737 0.21951967 0.19175054 0.4242806 0.030760387 0.38398787 0.062847294 0.28039604 0.004793321 0.003245899 0.11996109 0.23559578 0.19975896 0.22051385 0.24666418 0.21060695 0.048408784 0.10476697 0.1664292 0.031934157 0.023624577 0.000836547 0.06307527 0.11584551 0.008925763 0.021496238 0.15929568 0.12027238 0.10581754 0.00067821814 0.0031082083 0.0003597549 0.12979709 0.00015052748 0.0265579 0.0061560986 0.0017438005 0.03966225 0.001995673 0.038836956 0.00072229595 0.0061022583 0.0002415924 0.010968866 0.00029469572 0.012347732 0.008184627 0.021240305 0.009234457 0.09933306 0.0018538652 0.0001127532 0.0024669054 0.043057583 0.08936305 8.345668e-05 0.0027358115 0.0014358544 0.0016772348 9.29208e-05 0.06094774 1.5493802e-05 0.0051511456 0.004941279 0.03617808 0.0624475 0.015305683 0.0043124855 0.0008674192 0.00044406077 0.00850225 3.4710963e-06 0.00045107995 0.018072406 0.00089536374 0.011392439 0.0004259387 1.7389899e-06 0.0015644949 0.023180246 0.0064561614 0.0002926074 0.00010826857 2.4741347e-09 0.0017011359 2.5105876e-06
0.30415562 0.23124743 0.25195733 0.6058856 0.2783485 0.60651433 0.5389566 0.24914545 0.18510334 9.093982e-19 0.40506396 0.07602092 0.171153 0.047877632 0.041084137 0.09038702 0.47182864 0.49716938 0.027297376 0.6842196 0.25963745 0.24359365 0.023944313 0.2675633 0.115508184 0.11313068 0.24799883 0.021552596 0.15352026 0.029468618 0.046508394 0.0048287804 0.3324934 0.19677857 0.0031888115 0.0012290173 0.046369597 0.39207295 0.10104678 0.06364147 0.0013038763 0.01655797 0.007314255 0.24953806 0.039294425 0.044058878 0.025064548 0.20748095 0.014016408 0.32707807 0.00017638518 0.034250993 0.30000082 0.014985292 0.004271346 0.019713974 0.0006685196 0.011288608 0.001267667 0.011927327 0.0016765887 0.00082381745 0.001848642 0.12218484 0.19175592 0.00039956227 0.0036055194 0.0023147273 0.013855668 0.13368863 0.0031816198 0.033353347 0.029839689 0.00018032348 0.00087429443 0.081595175 0.0006905717 0.00029465582 0.000567118 0.013201918 0.23462662 0.28526348 0.00047206477 0.0011215061 0.00012091912 0.0010370342 3.0579093e-05 0.00025269386 0.17914192 0.063151196 0.0012797765 7.790454e-06 1.4888257e-05 0.07663059 0.0040808534 0.0005390049 3.1596686e-05 0.0045260494 2.8065793e-07 0.02060075 4.746064e-06
0.029124286 0.3137902 0.2762911 0.46348703 0.45536688 0.5428119 0.21232194 0.11975562 0.07926967 0.40506396 2.8594982e-18 0.13394077 0.06929741 0.044207335 0.0255569 0.16294658 0.14553404 0.15963008 0.026976049 0.34526062 0.046163905 0.4113025 0.015911257 0.30740798 0.28931126 0.18351899 0.049259793 0.023773294 0.024623914 0.01035581 0.009355668 0.004477216 0.12866545 0.04282706 0.0032322549 0.0012373873 0.20042628 0.14296134 0.011168335 0.17739531 0.0016207269 0.028459033 0.011845444 0.08436165 0.07723343 0.15654723 0.055522174 0.0442885 0.04532013 0.1501351 0.0005070963 0.12734915 0.118916035 0.08046742 0.002281024 0.09155597 0.0012831256 0.05288992 0.000836823 0.046017643 0.0015506531 0.0007782509 0.0012852994 0.062534474 0.032699537 0.0003687248 0.0095183905 0.0058712196 0.0069975355 0.022388592 0.007818414 0.030014416 0.02378334 0.0002465111 0.008838627 0.011493354 0.0034976767 0.0009469718 0.0009085972 0.009804122 0.050951052 0.044290032 0.00076541654 0.002598887 0.00032771853 0.0019195292 0.0011159603 0.0005710519 0.034232847 0.025293099 0.0023524868 6.3506355e-05 0.0018244259 0.016289404 0.003293052 0.00051160064 9.953818e-06 0.010441984 4.6428604e-06 0.0077710925 0.0003495584
0.0043813814 0.27152178 0.45549616 0.16940159 0.22106905 0.1182153 0.18576828 0.20850316 0.2622389 0.07602092 0.13394077 7.518908e-24 0.082021326 0.4662298 0.06862636 0.43465954 0.06183725 0.05137724 0.09377376 0.018892383 0.06975278 0.18968324 0.030060299 0.0037571967 0.0069136703 0.31886268 0.03911177 0.41589102 0.020669995 0.010923983 0.008429662 0.0062111635 0.021934256 0.024131019 0.0029414217 0.0027594904 0.0008387058 0.010022775 0.006356001 0.042518817 0.001017832 0.11359481 0.043757755 0.015514158 0.0005049998 0.021603024 0.00032653674 0.016402759 0.00013741136 0.008958344 0.00034655872 0.0085685365 0.0068385573 0.009079116 0.002126737 0.0028194888 0.0013277 0.00022932155 0.00042222274 0.00043982602 0.00035251293 0.00037864046 0.0011379658 0.0022285422 0.0042099883 0.00018414206 9.008916e-05 0.020015903 0.005166437 0.0035915622 4.9574355e-05 0.00055133493 0.00048217695 0.00010529418 0.000318253 0.003004538 3.5669916e-06 0.008347606 0.0006186547 0.0049344837 0.001839569 0.0012529001 0.00062685437 0.015741745 6.63036e-05 0.0013586069 0.00046534615 0.00023999803 0.000452009 0.00032514 0.0010939395 0.0029490702 0.00026198637 0.00012495517 0.0019792465 0.0005274579 0.000294286 0.00014148263 2.0664924e-08 0.00026797934 2.7273865e-05
0.16042833 0.11152973 0.22427203 0.21791038 0.079919025 0.13187124 0.32367736 0.45894244 0.5100716 0.171153 0.06929741 0.082021326 4.348037e-19 0.16486008 0.47258613 0.06116423 0.16849804 0.15082334 0.38069445 0.040299375 0.5038279 0.045830507 0.44663635 0.0051164725 0.0036380575 0.042527627 0.24741557 0.07881052 0.25927696 0.42382312 0.35001627 0.11090901 0.10425114 0.15589643 0.06331953 0.052004132 0.000676346 0.055097155 0.16818403 0.013996872 0.03087601 0.124575414 0.10511362 0.09296334 0.0005871664 0.004687399 0.00033571897 0.112533264 0.00018779848 0.027652647 0.013891969 0.001821474 0.038409896 0.00223357 0.11734054 0.0005592996 0.0142201185 0.00024558493 0.029705679 0.00031826395 0.027338196 0.017576013 0.053473216 0.007910357 0.14747147 0.00472303 0.00011379295 0.0012423003 0.12449967 0.14840366 9.275409e-05 0.0018616277 0.0016505751 0.0045219855 9.2136695e-05 0.13015047 2.0681695e-05 0.0007589526 0.011005126 0.058031842 0.08434258 0.022257619 0.010519832 0.00036536183 0.0018198971 0.012161279 4.915065e-06 0.0019472692 0.019912176 0.0013304809 0.018566418 2.5645822e-05 5.156985e-06 0.0017070367 0.039015014 0.016697865 0.0019501601 0.00020369164 1.2970142e-08 0.00096819934 7.3904434e-06
0.003376888 0.21111113 0.44143397 0.12791564 0.09600159 0.06565314 0.11400695 0.18161008 0.32624063 0.047877632 0.044207335 0.4662298 0.16486008 1.421655e-23 0.14961284 0.39606905 0.038536176 0.031199338 0.23297392 0.006260675 0.13538781 0.11386008 0.0827637 0.0012374658 0.0017541148 0.26947218 0.046976127 0.49873596 0.03443122 0.05172084 0.029565653 0.019566929 0.014162727 0.019678133 0.012889784 0.011940944 0.00022918732 0.0077148895 0.009458428 0.014357258 0.005884218 0.24589603 0.10090483 0.009888031 0.0002547557 0.0031890045 0.00013559668 0.010285078 5.6210098e-05 0.006940385 0.001621363 0.0010244091 0.004600087 0.0019334011 0.0040696664 0.0005183241 0.0027580366 0.00010447089 0.0009521399 0.00018672035 0.00096720457 0.00085659424 0.0017926326 0.001729426 0.0035221705 0.00054143247 3.7337875e-05 0.013593358 0.006330307 0.003132625 2.8775972e-05 0.00033809966 0.0002463414 0.0004536758 0.00012222657 0.002549173 4.239606e-06 0.020831639 0.0017696648 0.006480321 0.0012022279 0.001046913 0.0013945926 0.009215651 0.00034184047 0.001920497 2.4237252e-05 0.00047816077 0.0005373717 0.00017873278 0.0010551926 0.006610803 5.222294e-06 4.3429e-05 0.0016718665 0.0005506812 0.0010393026 1.6354063e-05 7.226861e-10 3.4097604e-05 3.2562248e-06
0.031947456 0.07277283 0.16948499 0.08127764 0.042376045 0.04024665 0.09991344 0.2828381 0.45429224 0.041084137 0.0255569 0.06862636 0.47258613 0.14961284 1.0881823e-19 0.042604767 0.061891187 0.053420093 0.5094682 0.0074934578 0.3706546 0.025102278 0.4621648 0.002159175 0.0023193236 0.031644143 0.13846312 0.07998066 0.15905757 0.39388883 0.28382248 0.18368629 0.0352383 0.07241242 0.12319063 0.11645383 0.0005911032 0.022132467 0.07916898 0.007550098 0.052724443 0.14737603 0.16165875 0.032214634 0.00037366926 0.0027010352 0.00030401588 0.03944468 0.00012517463 0.01690193 0.020743212 0.0006710894 0.017843375 0.0019033629 0.10752847 0.00035237698 0.024902806 0.00022127373 0.039817348 0.000286154 0.039840754 0.026782008 0.054577008 0.006528164 0.06364406 0.005980488 7.381593e-05 0.0010054918 0.07719727 0.07101866 3.8330785e-05 0.0014701191 0.0009098103 0.0062408242 5.6422996e-05 0.054316293 1.4216612e-05 0.0010848464 0.012257737 0.04564916 0.042237733 0.0084028095 0.010547549 0.0003208516 0.0025192304 0.0141085 8.189366e-06 0.0029057271 0.007408329 0.00056266173 0.017273845 5.1235987e-05 2.3070568e-06 0.0010016855 0.032123733 0.016728738 0.0044637118 3.4779037e-05 2.7716762e-09 0.00044257718 3.1865268e-06
0.003255438 0.28589118 0.39314586 0.19484915 0.28097174 0.14631814 0.15457028 0.14722806 0.20692737 0.09038702 0.16294658 0.43465954 0.06116423 0.39606905 0.042604767 2.8057258e-22 0.060169738 0.05162318 0.051688477 0.018504936 0.039167613 0.2575332 0.013634359 0.0044275094 0.009111153 0.5123739 0.03316436 0.4506436 0.013720535 0.0027433087 0.0020186475 0.0020348614 0.02026993 0.019112987 0.0010042891 0.0007041463 0.0011731604 0.01127531 0.0036183351 0.05864995 0.0005455356 0.10755204 0.031806726 0.015130158 0.00044592505 0.040200233 0.0001885087 0.0126249185 9.126244e-05 0.009423431 0.0001684399 0.010828485 0.00866261 0.014647034 0.0006420475 0.0038099494 0.00033523494 0.00045728695 0.00036816578 0.00053468306 0.00040313008 0.00028420592 0.00037411338 0.0033914228 0.0024133036 0.00013498742 0.00011833485 0.045264963 0.0013372485 0.0012388797 7.727392e-05 0.00047519294 0.0003042688 0.000114595015 8.7132496e-05 0.0009204887 3.5430155e-06 0.013016598 0.00026886578 0.0016509821 0.0015175792 0.000781298 0.00024666937 0.024917558 5.9599388e-05 0.00056139886 0.00096264295 0.00016364273 0.00036492725 0.00017148777 0.00019770053 0.0023276452 0.0016946692 4.8362275e-05 0.00024536418 4.479195e-05 4.2606844e-05 0.00014347085 5.2377227e-09 4.443613e-05 2.7325443e-05
0.48121506 0.14073545 0.18576324 0.3114142 0.12140711 0.27907333 0.57029295 0.2932314 0.21951967 0.47182864 0.14553404 0.06183725 0.16849804 0.038536176 0.061891187 0.060169738 9.514319e-19 0.7919616 0.04640729 0.29005286 0.3904553 0.0514089 0.03622091 0.019572733 0.013466323 0.049998064 0.47060916 0.022963155 0.3525579 0.06843038 0.11858764 0.0091682235 0.4957739 0.40725777 0.00629429 0.0033193277 0.005853642 0.4110744 0.34569073 0.010852977 0.0031971154 0.017302582 0.012004183 0.4380782 0.006596778 0.005551072 0.00427024 0.40657786 0.001383423 0.23239183 0.00053164724 0.0034874282 0.31561303 0.0020354707 0.014093279 0.0012207618 0.00087093574 0.0012221003 0.002913984 0.00062991783 0.003008466 0.0016789105 0.006118164 0.049243048 0.41798666 0.00029871883 0.0011501233 0.0010553607 0.07102066 0.33227932 0.0007508093 0.0069906516 0.005409855 9.978449e-05 9.5421936e-05 0.32608348 0.00013309949 0.00015743493 0.00059034437 0.048348226 0.37916037 0.34917444 0.0005181681 0.0005044831 5.57749e-05 0.0015826786 1.1338682e-06 0.00011359994 0.32830897 0.016711349 0.0019602093 2.199084e-06 8.382439e-07 0.041102476 0.0054322877 0.0010354377 1.6163824e-05 0.00032832194 1.2509096e-08 0.022515079 8.875786e-07
0.51670355 0.12904504 0.16379559 0.31274962 0.124646954 0.29224196 0.5358886 0.27048844 0.19175054 0.49716938 0.15963008 0.05137724 0.15082334 0.031199338 0.053420093 0.05162318 0.7919616 1.2483316e-18 0.039537188 0.3464875 0.37085253 0.056645818 0.025269121 0.025381112 0.016085185 0.04683381 0.4312447 0.016153725 0.34776083 0.052008618 0.097302385 0.0069254823 0.5293277 0.38731623 0.0049399575 0.002500434 0.007900857 0.45807666 0.3412507 0.012067359 0.0024435949 0.015387884 0.01030096 0.44126913 0.007702128 0.0066671586 0.004730305 0.40325883 0.0018724223 0.28682503 0.00034851502 0.005009483 0.35704246 0.0024406973 0.009281264 0.0016256642 0.0005913054 0.0016201767 0.0020946441 0.00091942446 0.0022975653 0.001263776 0.0044369865 0.06555446 0.4199636 0.00021443189 0.0013577177 0.0009599069 0.05835865 0.32616556 0.00095718424 0.00904831 0.0068876655 7.3189054e-05 0.00011703342 0.319185 0.00020813523 0.00012271023 0.0003826105 0.043387994 0.3960088 0.39935827 0.00032764603 0.00043147645 4.2122992e-05 0.001030402 1.7737028e-06 9.773893e-05 0.36174604 0.021167597 0.0012233626 9.479752e-07 1.0887553e-06 0.056460503 0.0040565715 0.0007505935 1.1884985e-05 0.0005281004 2.4073266e-08 0.026836513 1.0754626e-06
0.011112042 0.09120788 0.24144657 0.07354665 0.042350903 0.031596407 0.08010877 0.22090651 0.4242806 0.027297376 0.026976049 0.09377376 0.38069445 0.23297392 0.5094682 0.051688477 0.04640729 0.039537188 1.0218635e-18 0.0057844766 0.2855762 0.026004948 0.43393922 0.0016211706 0.002552378 0.04038388 0.08829064 0.13391805 0.10963394 0.32171616 0.2176631 0.17533177 0.023762401 0.044343267 0.11756421 0.1384638 0.00038274314 0.013862165 0.04682634 0.0064775497 0.06708795 0.29230595 0.35351303 0.019527158 0.0003184783 0.001994594 0.0002113913 0.023993189 0.00010231354 0.011575862 0.027231544 0.00072390295 0.01016619 0.0020948807 0.067868635 0.0005483502 0.032574236 0.0002473893 0.030776232 0.0003367891 0.044417586 0.022865795 0.035578802 0.005391064 0.03199207 0.00897412 0.00017856242 0.0018083449 0.05375424 0.037425123 0.00010167865 0.0014383899 0.00083541445 0.008917651 7.673424e-05 0.036449052 3.066489e-05 0.0053808913 0.016271418 0.034392986 0.023668073 0.003397199 0.012281156 0.0010704697 0.0028583382 0.014827316 9.053967e-06 0.0032189027 0.004520584 0.0003184953 0.01689586 0.00081241486 1.576037e-05 0.00045334798 0.025783427 0.013187178 0.0117199235 2.5761721e-05 2.7003995e-09 0.00040995263 5.2544215e-06
0.605654 0.10062845 0.088216744 0.4189395 0.14528139 0.5018935 0.18510358 0.06815272 0.030760387 0.6842196 0.34526062 0.018892383 0.040299375 0.006260675 0.0074934578 0.018504936 0.29005286 0.3464875 0.0057844766 4.468759e-18 0.06309731 0.1372346 0.0049741794 0.5440998 0.26473978 0.026392112 0.059799276 0.0016558198 0.034351368 0.0046539432 0.007342238 0.0012948293 0.24136625 0.05440556 0.0009537762 0.00023628463 0.10961964 0.4123323 0.022784492 0.025866149 0.00028380833 0.007965061 0.00416278 0.14471935 0.1634557 0.030259933 0.10570053 0.078361325 0.055937827 0.46522895 2.1739437e-05 0.047527306 0.36803657 0.008931422 0.0005958572 0.02938845 5.5490895e-05 0.03001354 0.00020836659 0.025268147 0.00012857898 0.00017679727 0.00033991938 0.2957023 0.112174585 1.6299753e-05 0.026342299 0.00039380565 0.0037179315 0.054536995 0.021860112 0.115554295 0.11139747 7.142244e-06 0.0028704642 0.040029343 0.004982623 5.1090632e-05 2.6204094e-05 0.0044276025 0.2858027 0.40818027 1.7684424e-05 0.00020226673 2.5910345e-05 3.0764484e-05 5.2115124e-06 0.00010058017 0.34502932 0.25921836 3.6313293e-05 2.2676043e-07 4.575847e-06 0.33756948 0.00042526246 5.130067e-05 4.9543087e-06 0.015230433 5.6081235e-06 0.047655057 6.79502e-06
0.5686895 0.09858585 0.26590082 0.24788913 0.059623767 0.13326585 0.39282557 0.445198 0.38398787 0.25963745 0.046163905 0.06975278 0.5038279 0.13538781 0.3706546 0.039167613 0.3904553 0.37085253 0.2855762 0.06309731 9.417977e-19 0.028804442 0.3636487 0.005877925 0.0034996136 0.0089331 0.40215847 0.046657532 0.45646447 0.49189544 0.5692682 0.124256894 0.16753222 0.2640869 0.08735371 0.050067637 0.00037229678 0.06924347 0.42329168 0.0021636118 0.031184668 0.05673983 0.057733137 0.18669699 0.0004664647 0.0011082806 0.00028549926 0.24898563 9.6521966e-05 0.026622977 0.013307767 0.0006585074 0.04925943 0.0005411976 0.18619512 0.00023128463 0.011664655 0.00012413705 0.043106094 0.0001381468 0.024282608 0.02367606 0.09569036 0.006185341 0.34626824 0.0049632024 3.5065954e-05 0.00073070143 0.32005924 0.35243854 2.739033e-05 0.0025058812 0.0019286838 0.0034698087 2.4039395e-05 0.35297528 4.8355196e-06 0.00034918453 0.009050226 0.17990385 0.30568942 0.061693493 0.009248549 0.00021426204 0.0019364044 0.011482712 2.0971565e-06 0.0027300983 0.065759026 0.0012146825 0.01758173 1.412574e-05 2.1037206e-06 0.0015990252 0.07648967 0.016450923 0.0009701399 1.6199101e-05 1.2460257e-08 0.0037075698 3.275621e-07
0.012238452 0.3396613 0.29879442 0.35374245 0.41385987 0.34107867 0.104901694 0.060616303 0.062847294 0.24359365 0.4113025 0.18968324 0.045830507 0.11386008 0.025102278 0.2575332 0.0514089 0.056645818 0.026004948 0.1372346 0.028804442 5.5650813e-21 0.012260929 0.07506109 0.16418293 0.31528533 0.019586748 0.0480571 0.011534368 0.007819741 0.0038539998 0.007861612 0.031159163 0.014341452 0.005195839 0.0011067671 0.095204026 0.041898213 0.008681032 0.4516323 0.0024000683 0.034623854 0.009289477 0.013515361 0.015184083 0.4142636 0.011436821 0.0093928 0.012701666 0.045649733 0.00037471487 0.22951987 0.015052412 0.20902386 0.0003900022 0.14409997 0.00058496185 0.043226827 0.00024451205 0.0544116 0.000327567 0.00028289226 0.00038475342 0.0050335377 0.0020998253 0.00017023619 0.00376156 0.0065401467 0.0011152263 0.0009269171 0.003111659 0.002486621 0.0022399651 8.472801e-05 0.017252492 0.0004278774 0.0013346403 0.0007899549 0.0002077707 0.0010612684 0.0050969482 0.0026847865 0.00012725926 0.0037127424 6.527684e-05 0.0001733248 0.0014924052 0.00011607937 0.0027926136 0.0015323296 0.00048749446 5.206205e-05 0.0064402553 0.0013832016 0.000114020855 1.0605956e-05 2.6451899e-06 0.008429224 2.2058684e-06 0.0005522837 0.001626912
0.23778084 0.040620063 0.11054001 0.049436335 0.015667077 0.020409236 0.066549875 0.16057506 0.28039604 0.023944313 0.015911257 0.030060299 0.44663635 0.0827637 0.4621648 0.013634359 0.03622091 0.025269121 0.43393922 0.0049741794 0.3636487 0.012260929 2.4384259e-17 0.0015513793 0.0018145732 0.006966935 0.069726065 0.038951654 0.11314162 0.55227137 0.37105864 0.50240946 0.017581949 0.044185735 0.44922152 0.37234712 0.00012730053 0.007318811 0.09209976 0.0053889593 0.21068148 0.12746993 0.19278622 0.021127831 0.00018558295 0.0018550156 0.00010697517 0.035707913 5.1572777e-05 0.009177884 0.054899093 0.0003352557 0.013179539 0.001181341 0.19153202 3.9693725e-05 0.055833098 3.2548574e-05 0.10788941 2.6390102e-05 0.088554725 0.07630704 0.1320985 0.0038799767 0.064602576 0.013650525 1.8665618e-05 0.0004855851 0.20929971 0.083122894 1.0115574e-05 0.00078379846 0.0005420967 0.010983966 1.8013184e-06 0.088822864 2.756347e-06 0.00037578453 0.027679345 0.1064108 0.05344746 0.006554124 0.029498346 9.779469e-05 0.0045469217 0.036868814 2.835656e-06 0.0049481895 0.006973117 0.00023823892 0.05948875 8.080938e-06 2.689191e-06 0.00025481713 0.15858579 0.11544668 0.010456723 1.0196944e-05 3.4363916e-09 0.00037072756 3.7697026e-07
0.11836281 0.025846815 0.012463711 0.16809118 0.040515237 0.33681476 0.023951586 0.007335298 0.004793321 0.2675633 0.30740798 0.0037571967 0.0051164725 0.0012374658 0.002159175 0.0044275094 0.019572733 0.025381112 0.0016211706 0.5440998 0.005877925 0.07506109 0.0015513793 3.466858e-21 0.567658 0.009974241 0.008819916 0.0011933642 0.004930958 0.0008977591 0.0010274498 0.00045889072 0.04017401 0.009044765 0.00037021792 0.00014831903 0.45080632 0.21448551 0.0028093352 0.0205998 0.00016729304 0.0032293154 0.0019030725 0.0138453515 0.37964416 0.02620246 0.31155196 0.0069673704 0.24833038 0.26356986 3.6519305e-05 0.06633942 0.1360337 0.005724724 4.597352e-05 0.057914265 0.00014290308 0.1322968 1.0070355e-05 0.10393551 5.483243e-05 1.7813694e-05 2.2654624e-05 0.13754158 0.0047000116 3.5525212e-05 0.040556613 9.641092e-05 0.0006558112 0.0031706444 0.035916753 0.11130862 0.11374231 3.2164586e-05 0.013835268 0.0014883069 0.026542563 1.5616142e-05 2.40005e-05 0.0011130763 0.008663307 0.04089185 1.7877004e-05 1.9743553e-05 4.5974004e-05 1.6020458e-05 1.0182002e-06 0.00012466153 0.016194515 0.108480096 2.9473606e-05 9.865174e-08 9.315572e-06 0.03778975 5.3493266e-05 1.9480017e-06 5.1117704e-06 0.011850974 2.0108226e-05 0.0039200652 2.653972e-05
0.038898543 0.027806263 0.015365096 0.114760116 0.04692156 0.25620008 0.0150793 0.0058498327 0.003245899 0.115508184 0.28931126 0.0069136703 0.0036380575 0.0017541148 0.0023193236 0.009111153 0.013466323 0.016085185 0.002552378 0.26473978 0.0034996136 0.16418293 0.0018145732 0.567658 8.7898284e-23 0.018519254 0.0037005541 0.0023216773 0.0021382235 0.0006668803 0.00070317124 0.00074275845 0.013733717 0.0031777716 0.0006206808 0.00031517076 0.56333596 0.060373433 0.0012116298 0.038446505 0.0004055022 0.005146287 0.0034267937 0.007832604 0.2993849 0.04239963 0.25909877 0.0036399455 0.26994297 0.11113163 0.00013473984 0.09626561 0.047629673 0.016660921 0.00012028563 0.08743646 0.00020669203 0.18535492 4.1817275e-05 0.1502039 0.0002336392 7.4239586e-05 6.3839725e-05 0.061038025 0.0025320794 5.661866e-05 0.028663637 0.00025382396 0.00058571517 0.0018128179 0.029758796 0.03710051 0.037342705 4.7033376e-05 0.02307634 0.0013223472 0.022678642 3.0664218e-05 6.985067e-05 0.0013082096 0.0028187307 0.0082075605 5.2994386e-05 1.6999633e-05 5.117685e-05 9.308454e-05 1.8280125e-06 9.5643416e-05 0.0032696137 0.032474272 5.9711125e-05 3.227386e-08 5.370059e-05 0.008872255 2.4896475e-05 5.0733956e-07 1.034721e-06 0.008610399 5.7250913e-06 0.0010691715 7.284561e-05
0.004634904 0.23331554 0.23940139 0.20223232 0.25981265 0.15518586 0.097558334 0.07834129 0.11996109 0.11313068 0.18351899 0.31886268 0.042527627 0.26947218 0.031644143 0.5123739 0.049998064 0.04683381 0.04038388 0.026392112 0.0089331 0.31528533 0.006966935 0.009974241 0.018519254 2.4026983e-19 0.0273879 0.4135305 0.008894722 0.0012491008 0.0005018968 0.002562738 0.024995523 0.019043248 0.001243524 0.00048497418 0.0024393105 0.010106396 0.0027122507 0.12599991 0.0004526233 0.11339002 0.027196962 0.017079348 0.0006985846 0.071269125 0.00029429916 0.011324278 0.00026045428 0.009414641 0.0001540438 0.021308426 0.0084342575 0.039319284 0.000256168 0.007990194 0.0006139281 0.00040048873 0.00033020636 0.0006606943 0.000110401445 0.00032382697 0.00021985517 0.0035656688 0.00082214765 0.00024654964 0.00023317132 0.07935207 0.00048556356 0.0005242071 0.000115876195 0.0007421619 0.0003378017 0.00013352105 0.00017658614 0.0004819009 4.9881095e-05 0.009547587 0.00012026462 0.0015413241 0.0017745768 0.00052678783 4.953324e-05 0.03568585 5.5106968e-05 0.00014921327 0.006176757 7.991992e-05 0.0008751721 0.00020484469 4.575374e-05 0.0044845683 0.008621422 0.0003985467 3.213512e-05 4.2216716e-06 2.1590677e-05 0.00035452534 6.443197e-09 0.000986533 9.132835e-05
0.7782002 0.077402525 0.12994376 0.1820718 0.054939937 0.11204601 0.32306647 0.29837096 0.23559578 0.24799883 0.049259793 0.03911177 0.24741557 0.046976127 0.13846312 0.03316436 0.47060916 0.4312447 0.08829064 0.059799276 0.40215847 0.019586748 0.069726065 0.008819916 0.0037005541 0.0273879 1.248507e-19 0.02600924 0.71585083 0.089364715 0.1975521 0.0179769 0.3386375 0.71549565 0.013199111 0.009459344 0.0006944225 0.13157353 0.48947182 0.0017922821 0.0070968657 0.013641962 0.012152467 0.3775778 0.0010199382 0.00051170605 0.0006223911 0.4515369 0.0002690366 0.042269517 0.002169602 0.0002794709 0.09810623 0.0002496444 0.03802034 0.00026845894 0.002797066 0.00012364259 0.004762192 6.909445e-05 0.0030736127 0.0029729127 0.018963426 0.0074604293 0.40472192 0.0008462489 0.00013590558 0.00044648268 0.18950832 0.358779 0.00012217391 0.0013610903 0.0010817255 0.00038012984 3.741876e-05 0.32596138 7.364327e-06 0.00048564945 0.0012332316 0.14450318 0.33918953 0.10593665 0.0010814696 0.0004080931 0.00039784913 0.0022639236 4.6677198e-07 0.0007589901 0.101961836 0.0012873745 0.0036496974 6.747212e-05 2.3010021e-07 0.004608766 0.0042351037 0.0017819541 0.0002158122 2.7710714e-05 4.6766706e-09 0.0054762615 1.9771362e-07
0.0026182425 0.15135129 0.2772859 0.076833546 0.06655705 0.031239623 0.07910036 0.10245146 0.19975896 0.021552596 0.023773294 0.41589102 0.07881052 0.49873596 0.07998066 0.4506436 0.022963155 0.016153725 0.13391805 0.0016558198 0.046657532 0.0480571 0.038951654 0.0011933642 0.0023216773 0.4135305 0.02600924 8.297736e-21 0.014184699 0.0042619607 0.0019019812 0.0043199933 0.00623152 0.0140274 0.0019415274 0.0020155292 8.264004e-05 0.0015337535 0.0020182924 0.008369767 0.000896722 0.33878532 0.10012262 0.006412368 0.00010109118 0.0021722817 3.3061042e-05 0.007380632 2.09883e-05 0.0035711853 0.00014720763 0.0007098196 0.00143913 0.0017630364 0.0003103247 0.00033599476 0.00086562306 1.792653e-05 0.00014432003 5.2701766e-05 0.0001266813 0.00010213065 0.00020764215 0.0006973136 0.0014365384 0.00033873788 2.766849e-05 0.07140108 0.0008562732 0.0014690175 1.5206448e-05 0.00014026195 5.2813164e-05 0.00031127143 1.8540648e-05 0.0008778792 4.656247e-06 0.07389627 0.00017606167 0.0011284369 0.0016875997 0.0001701122 0.00012660005 0.050204214 7.1095536e-05 0.00018938063 4.094683e-05 0.0001274327 0.001243741 1.285653e-05 3.8407885e-05 0.032050617 2.1458747e-05 4.8655597e-06 0.00015008255 1.4301916e-05 7.7136094e-05 1.5377775e-05 3.5318973e-11 3.251784e-06 4.55897e-07
0.8257004 0.040279847 0.08582802 0.0977474 0.026320923 0.057843957 0.24618267 0.26893315 0.22051385 0.15352026 0.024623914 0.020669995 0.25927696 0.03443122 0.15905757 0.013720535 0.3525579 0.34776083 0.10963394 0.034351368 0.45646447 0.011534368 0.11314162 0.004930958 0.0021382235 0.008894722 0.71585083 0.014184699 2.2339373e-20 0.18465622 0.3107515 0.02902304 0.2448072 0.5372142 0.01994622 0.014911968 0.0003986691 0.076048784 0.53806895 0.0010194057 0.009620505 0.014872938 0.014061997 0.23210782 0.0002809752 0.00021711481 0.00023156447 0.33160815 0.00014129089 0.028836887 0.004213587 0.00013084803 0.05760112 0.00015617417 0.10615338 0.00014979471 0.0051970156 0.000111012014 0.012127385 6.322216e-05 0.005680214 0.0064345864 0.047077272 0.0031132842 0.37079936 0.001793651 7.444143e-05 0.0001185358 0.3599773 0.36570027 7.014987e-05 0.0008317997 0.00075260975 0.00084384973 2.6066264e-05 0.36435655 3.2691253e-06 0.00036758516 0.002173686 0.2876914 0.28282318 0.05786179 0.0021924095 0.00012684283 0.0011279428 0.004018693 1.7894673e-07 0.0017096614 0.052732125 0.0008658418 0.007624598 3.0349634e-05 2.9426587e-07 0.00305975 0.013883088 0.004164964 0.00039947577 1.6478132e-05 4.594586e-09 0.0025860823 2.8269494e-07
0.5385531 0.017490461 0.07106302 0.039550528 0.006709598 0.015250367 0.08913374 0.17955077 0.24666418 0.029468618 0.01035581 0.010923983 0.42382312 0.05172084 0.39388883 0.0027433087 0.06843038 0.052008618 0.32171616 0.0046539432 0.49189544 0.007819741 0.55227137 0.0008977591 0.0006668803 0.0012491008 0.089364715 0.0042619607 0.18465622 8.855845e-19 0.66572726 0.5051403 0.011877286 0.050662067 0.46239892 0.27924427 6.3730724e-05 0.004660859 0.20193131 0.0016130332 0.39877135 0.057650402 0.118632324 0.021697382 7.595463e-05 0.0004759018 4.0338542e-05 0.04412232 1.454849e-05 0.004924832 0.13275884 0.0002403771 0.0047324356 0.0002745206 0.41445133 4.2326552e-05 0.07923872 2.2848446e-05 0.23386687 1.8462519e-05 0.22384533 0.1860763 0.29725623 0.0008673459 0.11392059 0.020429201 4.001186e-06 0.00010145732 0.44336796 0.14754015 4.3293717e-06 0.00016471322 0.0001020956 0.014575529 4.0016057e-06 0.21191624 1.4880768e-06 6.140695e-05 0.046581272 0.2834422 0.05997477 0.004391984 0.043427538 6.69399e-05 0.008685267 0.06368354 8.6667654e-07 0.008521366 0.005277973 9.1797534e-05 0.10628962 5.0658537e-07 1.2419282e-06 8.567363e-05 0.37454993 0.27693945 0.008536714 2.5922168e-06 2.6222153e-08 9.9235695e-05 2.0728174e-07
0.557154 0.016132303 0.04734446 0.03257287 0.0071448474 0.016398286 0.104002036 0.19193918 0.21060695 0.046508394 0.009355668 0.008429662 0.35001627 0.029565653 0.28382248 0.0020186475 0.11858764 0.097302385 0.2176631 0.007342238 0.5692682 0.0038539998 0.37105864 0.0010274498 0.00070317124 0.0005018968 0.1975521 0.0019019812 0.3107515 0.66572726 8.545119e-20 0.2520997 0.024281258 0.11116863 0.19102931 0.11144805 5.2912026e-05 0.0083230315 0.33179173 0.0005540135 0.104222335 0.027536951 0.052690264 0.04675442 7.982235e-05 0.00024379301 4.6533813e-05 0.085749336 2.6565904e-05 0.008314856 0.03357454 0.00022828377 0.0062559154 0.00021422564 0.47283712 6.452576e-05 0.028176164 4.0712384e-05 0.1609319 3.2012616e-05 0.090821296 0.10603784 0.28666624 0.0015269235 0.22546971 0.009001042 8.752254e-06 3.6838246e-05 0.48245353 0.27150074 8.428142e-06 0.00036017763 0.0003167252 0.0065447637 7.8667845e-06 0.32829654 2.1308115e-06 4.3544045e-05 0.01647591 0.33348623 0.13046274 0.009329584 0.016529752 1.42659665e-05 0.0059074173 0.02613051 5.4078896e-07 0.0066830576 0.011088383 0.00036118203 0.057316355 8.275731e-07 1.173647e-06 0.00019091675 0.237747 0.10224581 0.0041355407 6.404826e-06 2.2848173e-08 0.0003210221 2.6764633e-07
0.18193103 0.008572869 0.022721266 0.011657598 0.0042083226 0.005988506 0.01200796 0.027221788 0.048408784 0.0048287804 0.004477216 0.0062111635 0.11090901 0.019566929 0.18368629 0.0020348614 0.0091682235 0.0069254823 0.17533177 0.0012948293 0.124256894 0.007861612 0.50240946 0.00045889072 0.00074275845 0.002562738 0.0179769 0.0043199933 0.02902304 0.5051403 0.2520997 8.520224e-19 0.004491221 0.012463468 0.6047592 0.4913395 6.328997e-05 0.0019306722 0.026712129 0.0010371964 0.45826063 0.040269226 0.0930013 0.006412401 3.6251044e-05 0.00032242484 1.4652851e-05 0.008450219 8.652953e-06 0.0016981437 0.15630476 7.771388e-05 0.0041994564 0.00020840256 0.15025541 1.7149276e-05 0.14316566 8.370262e-06 0.11570176 7.089691e-06 0.12592907 0.101492055 0.10926708 0.00061976194 0.018046416 0.02399672 7.4975105e-06 8.208471e-05 0.15562737 0.02622708 3.7724053e-06 9.4761286e-05 8.042922e-05 0.020496098 1.420335e-06 0.03502982 1.9984925e-06 6.155077e-05 0.039020028 0.08129886 0.00976747 0.0028427665 0.041118454 1.9822886e-05 0.0073253578 0.049004804 6.5369846e-07 0.006836093 0.0016732232 2.2119302e-05 0.049813196 7.520415e-07 4.3293946e-07 2.948915e-05 0.08937756 0.05751668 0.014931897 2.6284924e-06 2.8375942e-09 4.29758e-05 3.8841395e-07
