1.2682643e-35 0.93916553 0.89312637 0.9008995 0.9395703 0.90561676 0.97699404 0.548974 0.53216183 0.5645593 0.95259 0.68922365 0.9286855 0.82173014 0.25853768 0.60208064 0.3594448 0.22619286 0.19381982 0.42889217 0.96635807 0.3568178 0.26000348 0.9673235 0.99023044 0.090409994 0.12691112 0.5816101 0.7646718 0.98359644 0.06697166 0.055356156 0.91102827 0.071990386 0.589711 0.13892452 0.9960745 0.45964622 0.7173355 0.58084416 0.038650576 0.015880467 0.09932876 0.024972036 0.25128672 0.04784225 0.12011214 0.18690531 0.7764747 0.0919032 0.9963347 0.9911284 0.081514336 0.004732909 0.008374202 0.39161357 0.051831406 0.002393279 0.0027979743 0.39260694 0.025781495 0.005883124 0.013170658 0.006415873 0.0071798502 0.022939561 0.008640448 0.9071796 0.0046911356 0.0075038127 0.0014547387 0.0036649464 0.00041481806 0.9957001 0.0010985574 0.00014270941 0.10993403 0.0011198891 0.00013513479 0.009933162 0.00036516 1.3687102e-05 4.0753715e-05 1.2524276e-05 0.00014760405 0.0002922945 1.3544721e-05 8.946168e-05 6.352496e-05 8.860855e-06 0.00045470535 0.00041355935 0.46999094 0.9434998 3.83181e-07 0.9984253 0.22361313 7.400098e-08 5.944014e-06 1.8155062e-07 0.9902384
0.93916553 1.1605357e-19 0.6880174 0.23052415 0.14155471 0.1646087 0.73306626 0.17661232 0.4717492 0.20269865 0.3098755 0.27436164 0.012159969 0.017286615 0.19847867 0.06554756 0.22606918 0.2331135 0.090575375 0.06339548 0.14091326 0.041003563 0.036934346 0.5176832 0.050247673 0.0739422 0.072481595 0.00402234 0.0005490802 0.5514153 0.13448772 0.100907885 0.06316455 0.033714667 0.0001445349 0.00908836 0.37931576 0.004899035 2.2219072e-05 2.6059563e-06 0.08837946 0.022523962 0.0053043687 0.024946662 1.4223114e-06 0.0024020572 1.6852617e-06 3.4495224e-05 0.0002188905 3.0952488e-06 0.12570082 0.012526957 2.0578267e-05 0.0064898883 0.005289732 3.1313033e-05 3.0587318e-05 0.009216891 0.006013026 2.575288e-05 0.00069988996 0.0028251465 0.0029915657 0.00428446 0.0014755324 0.00025494257 0.0021354458 0.00030753002 0.0020691687 0.0011953095 0.0033619797 0.0015764278 0.0023685228 0.0040070745 0.0010186059 0.0019800263 0.0067437356 0.00026928124 0.00047449418 2.3988816e-06 0.00015176639 0.0013084704 0.0007978357 0.0012228204 0.00021835028 0.0001439065 0.00060949277 3.6321468e-05 0.00026230383 4.543839e-05 2.1579252e-05 4.1439376e-05 0.0067286105 0.021838186 0.0010809854 0.0021937345 7.0985616e-06 0.00018870637 2.120551e-05 5.0921626e-06 0.038979303
0.89312637 0.6880174 1.8252498e-19 0.11723817 0.06335674 0.06621739 0.5926602 0.07521571 0.5444027 0.13073713 0.4318379 0.47223267 0.0026586915 0.0062466776 0.21397386 0.16666315 0.3576124 0.30077964 0.045512952 0.029987713 0.091030344 0.11443351 0.12117568 0.506867 0.023995547 0.036294073 0.042383 0.001268072 0.0002523396 0.4861488 0.12785435 0.092286594 0.12304374 0.034149468 2.1119755e-05 0.008408843 0.38098374 0.0142335035 5.7244197e-06 7.6512237e-07 0.17573784 0.024671631 0.0049197013 0.04541 1.2074362e-06 0.0048997877 8.885772e-07 1.2767726e-05 4.824996e-05 1.5705373e-06 0.16298893 0.0027786463 8.885319e-06 0.008978534 0.006050909 1.1643198e-05 2.1105901e-05 0.019507507 0.00912645 8.11323e-06 0.00094802724 0.011156034 0.0030050464 0.0035833358 0.0043260334 0.00028673396 0.00252733 9.273233e-05 0.008014806 0.0033273825 0.0034399647 0.0058048987 0.002205245 0.0008652532 0.0011167051 0.004059305 0.018897124 0.00040180245 0.0006522084 3.5494782e-06 0.0002234243 0.0014318464 0.0007548902 0.001273465 0.0002160319 0.00014210641 0.0004931654 9.700783e-05 0.00033166443 4.476095e-05 0.00011838474 0.00014725621 0.015955763 0.024444157 0.0009091706 0.0015100958 4.5523516e-06 0.00015521956 1.5051132e-05 6.95531e-06 0.05429469
0.9008995 0.23052415 0.11723817 1.4170054e-21 0.45153305 0.706368 0.16310284 0.5509586 0.16018392 0.36541542 0.017896222 0.015724333 0.06814846 0.08329716 0.21978039 0.0023985675 0.04698109 0.09328702 0.2893049 0.2304876 0.22104727 0.003535634 0.0023679659 0.09159675 0.10432417 0.21323898 0.18641064 0.03906563 0.016344741 0.1489487 0.14041208 0.15422335 0.0014910857 0.13851112 0.0036414212 0.049908128 0.08124199 0.00012409585 0.0006666024 6.998656e-05 0.06336413 0.08986404 0.028268501 0.039877847 2.119627e-05 0.0001663136 1.5980691e-05 0.0005568511 0.00046945323 1.4891295e-05 0.014648794 0.016809154 2.9119925e-05 0.04413 0.035366837 0.00020591744 7.336725e-05 0.017613607 0.012808387 0.0001496809 0.0021878826 0.0044986503 0.009123121 0.014190693 0.00013969808 0.0006767967 0.0056988904 0.00075093744 0.00076231174 7.473136e-05 0.015629917 0.00046015944 0.017522626 0.0049713054 0.008880695 0.0033146995 0.00042376836 0.0010706269 0.00030474333 5.707004e-06 3.3940185e-05 0.003234102 0.0028273566 0.0027175066 0.00016335803 5.2562027e-05 0.005339646 3.010924e-06 0.00030278123 1.4959946e-05 1.375956e-06 2.1226458e-06 0.0010867798 0.0056760386 0.001699546 0.00077250716 7.42038e-06 0.00026952534 6.6448397e-06 8.2408974e-07 0.014615311
0.9395703 0.14155471 0.06335674 0.45153305 1.3387359e-21 0.5715919 0.098301314 0.22548494 0.07071012 0.16236092 0.006608789 0.0062342067 0.15780352 0.16829811 0.16704822 0.0010661315 0.021536184 0.06225433 0.17927937 0.32371494 0.406939 0.0023513932 0.0016822448 0.078458995 0.29543763 0.15973455 0.2571514 0.11904895 0.048319384 0.09150388 0.10475301 0.08998993 0.0007476497 0.20883098 0.015932271 0.09940684 0.0675799 4.7417092e-05 0.0046167816 0.00075981463 0.023978263 0.039757065 0.063520394 0.018762128 0.00032963275 4.8232065e-05 0.0001281664 0.0015478178 0.002444802 0.00014140533 0.009826049 0.1718534 0.00023812195 0.025006749 0.02787037 0.0016919371 0.00031551055 0.007016125 0.007786841 0.0017014546 0.0046691364 0.0015310696 0.018308584 0.020047303 3.7592017e-05 0.0015334077 0.012589786 0.006565694 0.00013758917 3.6440786e-05 0.0073201796 0.0001121087 0.0097890105 0.037689555 0.008160411 0.0015215994 0.00019126447 0.0019117905 0.00014342913 2.9620669e-05 8.804654e-06 0.001780894 0.0033893418 0.0012297963 0.00022784813 0.00013131568 0.0021121732 9.078553e-07 0.00043463247 4.963583e-06 1.1724869e-06 1.6253392e-06 0.0007346034 0.00493379 0.0007538827 0.0013170008 0.00029926 0.0002685565 1.49861635e-05 1.9225968e-06 0.0056638755
0.90561676 0.1646087 0.06621739 0.706368 0.5715919 7.2114226e-22 0.11114762 0.36678332 0.098092854 0.24864897 0.008922023 0.00732453 0.09693897 0.1325591 0.17445289 0.0012735155 0.023540398 0.0633656 0.24783203 0.30265993 0.31070128 0.0020465637 0.0011923573 0.056643438 0.16907129 0.1764352 0.22348091 0.071050145 0.034817412 0.08753799 0.12521371 0.12790069 0.0008339347 0.15984502 0.0091745285 0.076749675 0.048428036 5.4764074e-05 0.0021183367 0.000269923 0.037609264 0.07272227 0.044062104 0.027157217 0.00013070561 8.434965e-05 7.809933e-05 0.0010978736 0.0010238192 6.516494e-05 0.008900497 0.048714105 0.00015826152 0.039701235 0.04112326 0.00075812894 0.00026635604 0.010185369 0.010759628 0.00068784197 0.0033033642 0.0030136863 0.013120841 0.020815197 0.00010269194 0.0010196833 0.008932926 0.0023878722 0.00040064 6.0607323e-05 0.013100693 0.00029153947 0.017509151 0.011439057 0.012559871 0.0021212578 0.00026159963 0.0018471925 0.00023882286 3.2662225e-05 2.8036235e-05 0.0030900596 0.0054672365 0.0018095936 0.00024215778 0.00011699147 0.0055185915 2.9139742e-06 0.0005324404 1.2712008e-05 1.3136404e-06 2.2397426e-06 0.00077353633 0.0040439614 0.002306517 0.0009670191 6.852237e-05 0.00065919256 1.8082195e-05 1.5527122e-06 0.007896187
0.97699404 0.73306626 0.5926602 0.16310284 0.098301314 0.11114762 2.3245085e-17 0.11091626 0.33711 0.121738486 0.5135972 0.22246288 0.0070899357 0.01234277 0.1107254 0.08537024 0.14430667 0.12341941 0.045561727 0.03632276 0.08611506 0.037821002 0.03522084 0.69731736 0.023597287 0.03278824 0.026492314 0.0030730646 0.0006701908 0.6753275 0.036525287 0.0267223 0.10934603 0.0117087895 0.00018468428 0.0037144779 0.45833865 0.008600231 4.0495343e-05 2.1076867e-06 0.034600627 0.0065245884 0.002016485 0.009914215 9.784367e-07 0.0051697195 1.0729639e-06 4.3409622e-05 0.00012788535 3.0049832e-06 0.16185912 0.0038836806 3.0656443e-05 0.0039858324 0.003923031 1.8366949e-05 3.5632536e-05 0.0050314 0.0035658306 1.3038495e-05 0.0007595611 0.0021668766 0.0029034805 0.0046520038 0.0018088933 0.00032263863 0.0020833125 0.00012230016 0.0020565419 0.0014147147 0.0016844072 0.0018193151 0.0028355292 0.0024194117 0.0017025162 0.0014531408 0.0052855415 0.00045580446 0.00047075428 1.0203642e-06 0.00028855543 0.0013488802 0.0012395994 0.0011199318 0.00022445327 0.00013873776 0.0006047938 0.00019525253 0.0002259127 7.3645766e-05 0.000110355766 0.00016730101 0.007304123 0.024821017 0.00094110915 0.005350353 2.2311917e-06 0.00012234483 1.3290865e-05 3.0242338e-06 0.045854088
0.548974 0.17661232 0.07521571 0.5509586 0.22548494 0.36678332 0.11091626 1.0301302e-24 0.18868773 0.72789556 0.008053169 0.013583925 0.024913076 0.049072403 0.4341573 0.0013458703 0.036328174 0.102549665 0.5731313 0.3042473 0.10920959 0.003095704 0.0017962471 0.08425805 0.04849431 0.34144625 0.2768671 0.028043525 0.0077613043 0.11778438 0.20664905 0.2264953 0.000921799 0.13600579 0.0029652733 0.03563051 0.027468244 7.457743e-05 0.0004997542 3.323992e-05 0.08274961 0.13456503 0.018818736 0.0618939 1.5018356e-05 0.00015019796 1.1085664e-05 0.0005358112 0.0001708451 1.3665321e-05 0.009978488 0.0055185994 1.7372038e-05 0.07019776 0.04828464 5.539398e-05 4.1730113e-05 0.029309213 0.019640956 4.1632084e-05 0.0030203084 0.009009012 0.012205977 0.01959169 0.0001875776 0.00057081965 0.0074869897 0.00035594634 0.0012164875 8.156127e-05 0.026366277 0.00053572585 0.029735327 0.0022304696 0.01585075 0.004693991 0.0001525638 0.0014907459 0.00024614908 4.826968e-06 1.9480938e-05 0.0044999765 0.0039531346 0.0040708445 0.00013092479 4.823395e-05 0.007872205 6.5238135e-07 0.0003230583 8.769473e-06 3.3941643e-07 4.1823375e-07 0.0009867391 0.0018724554 0.0021174157 0.00010915604 4.2705556e-06 0.00038919336 8.898472e-06 8.0879414e-07 0.0060339295
0.53216183 0.4717492 0.5444027 0.16018392 0.07071012 0.098092854 0.33711 0.18868773 6.2910875e-23 0.3501229 0.24140076 0.5752915 0.004151142 0.011752981 0.43931198 0.1525694 0.6138314 0.60697883 0.14022702 0.04498332 0.07967834 0.17336431 0.13945894 0.33931142 0.013104017 0.085939735 0.09189641 0.0026686266 0.0003735704 0.35003662 0.24194863 0.19500613 0.08973953 0.08504137 6.4357e-05 0.012315833 0.20034316 0.011050438 1.6661214e-05 2.7731267e-06 0.31895745 0.08491723 0.007117481 0.13054334 5.359277e-06 0.0053688586 5.3263357e-06 3.7345428e-05 0.00016599226 9.180397e-06 0.05753822 0.0032580532 1.2191312e-05 0.03117993 0.019735912 3.4588746e-05 1.8040271e-05 0.06896844 0.037639312 2.846099e-05 0.001643535 0.059333023 0.0065030293 0.010650737 0.013016208 0.0005834077 0.0050553735 0.00017366084 0.05316804 0.006594605 0.021380596 0.039113544 0.011476186 0.001604642 0.007125142 0.019763868 0.012229509 0.0010882877 0.0064425813 9.47804e-06 0.0013507179 0.006751503 0.0027231388 0.008016943 0.00028575232 0.00013835524 0.0036681267 4.8481645e-05 0.00078700465 0.00018174715 5.5889377e-05 8.20617e-05 0.016311027 0.0062447567 0.0034114127 0.00013873565 4.2027335e-05 0.0003624107 5.6987617e-05 2.0682663e-05 0.010673061
0.5645593 0.20269865 0.13073713 0.36541542 0.16236092 0.24864897 0.121738486 0.72789556 0.3501229 7.737605e-24 0.01902482 0.044862773 0.017643964 0.04071912 0.6282502 0.0044381544 0.085515365 0.21432559 0.4646183 0.22169757 0.07428098 0.007804189 0.0052220826 0.12679023 0.021836197 0.26601177 0.24454014 0.019483304 0.0054478827 0.15528789 0.2554269 0.24033017 0.0023892901 0.12353163 0.0014092296 0.03130059 0.05070609 0.00024990476 0.00024561325 1.1707935e-05 0.1535313 0.13664305 0.014737914 0.115897916 6.273617e-06 0.00046162133 6.0753405e-06 0.0002734446 0.00012857898 6.4609712e-06 0.014192452 0.002954706 8.778377e-06 0.08114619 0.04582929 3.5035104e-05 1.886505e-05 0.054886065 0.03795828 2.4405226e-05 0.0022767838 0.023312962 0.00755981 0.018740574 0.00065452635 0.00047924407 0.004790101 0.000187782 0.0042223902 0.00034633916 0.034424003 0.0022333579 0.034744438 0.0012268098 0.017746136 0.012460366 0.0005369639 0.0012127934 0.0015340784 2.828264e-06 7.391426e-05 0.009878854 0.0037629432 0.0103106275 0.00014321141 3.9508934e-05 0.010201624 2.9631701e-06 0.00047428723 2.5275953e-05 1.648427e-06 2.2269655e-06 0.0024677208 0.0023127184 0.002626334 7.565728e-05 3.2164537e-06 0.0004054533 6.513322e-06 4.8574134e-06 0.008718874
0.95259 0.3098755 0.4318379 0.017896222 0.006608789 0.008922023 0.5135972 0.008053169 0.24140076 0.01902482 2.2907576e-18 0.47891745 0.0004889224 0.0008108702 0.027289534 0.6120846 0.21481664 0.08891408 0.0042571793 0.0021967713 0.009553001 0.24275802 0.2553517 0.51851016 0.0017962941 0.003921292 0.0030684257 0.00019401779 5.9799113e-05 0.3851635 0.015109604 0.008995902 0.72740096 0.002057988 6.8726854e-06 0.0011176507 0.34649333 0.078910075 1.6704591e-06 3.6136257e-08 0.08643978 0.0020706602 0.00065954786 0.008796195 6.2372266e-08 0.024352591 8.233972e-08 7.654104e-06 9.912076e-07 2.3923099e-07 0.4377194 0.0002056429 1.2393216e-06 0.0016677452 0.0018741033 2.1105336e-07 6.0662405e-06 0.0039016763 0.0018858962 2.9470905e-07 0.00051934755 0.0054664286 0.002252993 0.0040520355 0.021354973 0.00015623792 0.0013286715 4.902575e-06 0.023703542 0.017109802 0.000481636 0.01949535 0.0012211461 0.00012961352 0.00086949795 0.0006364444 0.018277584 0.00021530996 0.0003001263 5.5174485e-07 0.00046921623 0.00034850225 0.0003533407 0.0003138082 6.008941e-05 5.6510984e-05 0.00025065397 0.0022789084 0.00010941273 5.1742343e-05 0.0009825397 0.0017905106 0.031339098 0.028185623 0.00030362702 0.0012162612 2.7936787e-07 1.9289835e-05 3.1157967e-06 1.9142085e-06 0.045860287
0.68922365 0.27436164 0.47223267 0.015724333 0.0062342067 0.00732453 0.22246288 0.013583925 0.5752915 0.044862773 0.47891745 2.367295e-22 0.00041775365 0.00088942854 0.0730175 0.5545295 0.6045726 0.3298382 0.01441688 0.0037580691 0.008477595 0.5822577 0.58639675 0.33522266 0.0015274849 0.011287979 0.009069373 0.000112465175 2.0279973e-05 0.2907396 0.041778147 0.028833069 0.32106256 0.013465643 3.4592751e-06 0.002364404 0.18469615 0.035289656 1.6882234e-06 2.958213e-07 0.29745018 0.026542049 0.0020359745 0.06007722 6.058686e-07 0.03225289 8.6570174e-07 9.798051e-06 3.081424e-06 1.5602602e-06 0.09175665 0.00021505078 6.4883993e-06 0.016011873 0.017241053 8.2478e-07 1.4877583e-05 0.039930876 0.02017288 5.9209503e-07 0.0016774884 0.07514526 0.008329955 0.013054629 0.044286586 0.0004392926 0.0062160576 7.7413e-06 0.14813095 0.026915891 0.0096249245 0.09106552 0.0078004207 0.00021070818 0.0051650917 0.009033639 0.016714513 0.001500439 0.0051704934 3.894371e-06 0.0059639052 0.00275038 0.0020442142 0.0041513583 0.00028431677 0.00022746384 0.0013177114 0.0017313896 0.00076570275 0.0002969943 0.00035672286 0.0005325526 0.016892405 0.012266578 0.0024516117 0.00012810751 1.4241261e-06 0.0002604533 1.6540795e-05 1.540778e-05 0.021190602
0.9286855 0.012159969 0.0026586915 0.06814846 0.15780352 0.09693897 0.0070899357 0.024913076 0.004151142 0.017643964 0.0004889224 0.00041775365 2.2583125e-21 0.43381563 0.017343303 0.00013548436 0.0027102688 0.008697132 0.03930905 0.1391073 0.36051875 0.00052796444 0.00041356747 0.006101761 0.4146174 0.049033727 0.09565826 0.3283693 0.26616353 0.017628035 0.015590416 0.0141044315 0.00025882476 0.15746038 0.15833813 0.14776969 0.013910714 1.6213693e-05 0.10058526 0.022936843 0.009633897 0.01286597 0.14585797 0.0055276826 0.005453819 1.7471511e-05 0.0047111562 0.028055169 0.029317075 0.0048292894 0.0016443533 0.4487254 0.006301708 0.016712649 0.030884217 0.009759364 0.006659809 0.0023260475 0.0027711533 0.008975091 0.03492949 0.0006622622 0.070422 0.060034797 6.363792e-05 0.019492444 0.054129433 0.043075256 0.00014197326 4.148477e-05 0.0034186686 9.492807e-05 0.0070103733 0.18269806 0.015973615 0.00029657374 5.823898e-05 0.012662057 4.2202282e-05 0.0018251907 4.0864024e-06 0.00046020222 0.009310936 0.00031076805 0.0021327066 0.0015241731 0.0009334086 4.4633663e-07 0.0025373925 6.2223025e-06 2.1634157e-06 4.259435e-06 5.4389846e-05 0.00037066164 0.00030989706 0.0037507492 0.009419203 0.00036101416 0.00014021728 1.2107524e-06 0.000536664
0.82173014 0.017286615 0.0062466776 0.08329716 0.16829811 0.1325591 0.01234277 0.049072403 0.011752981 0.04071912 0.0008108702 0.00088942854 0.43381563 3.9542953e-21 0.04026263 0.00022368462 0.0043478115 0.016519122 0.07388962 0.19628812 0.39720446 0.00062713266 0.00041764948 0.008755808 0.3865015 0.08574347 0.16529106 0.35507536 0.28689852 0.022703934 0.036375757 0.036248177 0.00037714737 0.21856156 0.1811477 0.19739614 0.015308959 1.6182286e-05 0.14980903 0.026249493 0.019393895 0.03563282 0.2093388 0.017064095 0.00720612 1.0155892e-05 0.007030171 0.05172876 0.035598956 0.006631078 0.0020523872 0.38562718 0.008165137 0.046130702 0.07013038 0.015361345 0.008623515 0.006599688 0.009298766 0.013976763 0.0694879 0.001498267 0.12422878 0.11133534 0.00010440535 0.03395936 0.102805406 0.04374229 0.0003213639 6.6968765e-05 0.012489209 0.00022850616 0.019922392 0.13034268 0.03692909 0.0006846825 7.197984e-05 0.028235912 0.00013425718 0.0033390697 7.711295e-06 0.0019739338 0.020287678 0.0009817595 0.0026776027 0.002197991 0.0027451145 2.8667722e-07 0.0052446392 6.462752e-06 8.566317e-07 1.9027021e-06 6.6533845e-05 0.00022490429 0.0007012338 0.0024128745 0.014419066 0.0011428392 0.0002057237 1.451673e-06 0.000677354
0.25853768 0.19847867 0.21397386 0.21978039 0.16704822 0.17445289 0.1107254 0.4341573 0.43931198 0.6282502 0.027289534 0.0730175 0.017343303 0.04026263 1.7952218e-23 0.011577149 0.18179977 0.44653744 0.48682535 0.32783726 0.051884767 0.015948303 0.0094113285 0.09703322 0.017428437 0.32982123 0.35452667 0.021348702 0.0060530966 0.09098329 0.48423746 0.44171825 0.004574043 0.28242058 0.00086853746 0.08764612 0.037210736 0.0008587933 0.00013149214 6.475863e-06 0.33074868 0.27752304 0.046674866 0.25206515 9.006275e-06 0.0006835271 7.1752875e-06 8.9363966e-05 0.00012226388 7.000615e-06 0.011131171 0.0018414971 4.5456054e-06 0.12557514 0.09532759 2.4176377e-05 4.227699e-06 0.093922354 0.07236936 1.7479078e-05 0.001249152 0.059996333 0.007773338 0.018407717 0.00091621955 0.00013434568 0.0045680865 0.00018237099 0.0042738235 0.00039736964 0.056217905 0.0021607003 0.041840896 0.0010756442 0.017151576 0.021938613 0.00034182763 0.0005490556 0.001282931 2.2024633e-06 4.2161213e-05 0.012479262 0.0044724275 0.012958399 3.1631782e-05 9.865871e-06 0.011990687 2.3619539e-06 0.00015103567 1.3125516e-05 7.674639e-07 1.5353031e-06 0.0027068567 0.0014881799 0.0022960647 0.00016452499 3.3904842e-06 0.0002910761 2.1469443e-06 5.231052e-06 0.0040084827
0.60208064 0.06554756 0.16666315 0.0023985675 0.0010661315 0.0012735155 0.08537024 0.0013458703 0.1525694 0.0044381544 0.6120846 0.5545295 0.00013548436 0.00022368462 0.011577149 9.976285e-19 0.29397017 0.07904838 0.0019132924 0.0005182462 0.0011899197 0.53493625 0.66249573 0.1624793 0.00033852088 0.0018479986 0.0012951627 4.310135e-05 2.1530575e-05 0.09814062 0.0145250205 0.009574084 0.81328243 0.0016198392 4.2017095e-06 0.00047936107 0.11429413 0.3101828 2.0115906e-06 6.630748e-08 0.1529642 0.0076261396 0.0007261499 0.024833182 3.881501e-08 0.0945244 5.5047007e-08 5.661069e-06 1.71444e-07 1.8340447e-07 0.26037517 2.2681084e-05 5.439399e-07 0.006475944 0.0068603586 9.789261e-08 2.2088789e-06 0.013407755 0.008380271 1.0310001e-07 0.00061825395 0.05206734 0.0040509845 0.0065086596 0.11825586 0.00012537654 0.0024516527 3.044393e-07 0.16157123 0.08589475 0.0032021168 0.1278292 0.0045849006 2.1952841e-05 0.0040248856 0.0032643885 0.019794142 0.00048810453 0.0038665475 1.4255883e-06 0.015959851 0.0013116812 0.0012752911 0.0016029596 5.646364e-05 3.6976962e-05 0.0011127456 0.017816737 0.00017385955 0.0005085313 0.0024559244 0.004292744 0.023017632 0.016207865 0.00039832614 0.0002109207 2.2047e-07 3.689183e-05 9.494766e-06 2.84062e-06 0.02346768
0.3594448 0.22606918 0.3576124 0.04698109 0.021536184 0.023540398 0.14430667 0.036328174 0.6138314 0.085515365 0.21481664 0.6045726 0.0027102688 0.0043478115 0.18179977 0.29397017 8.987437e-22 0.64732903 0.028381752 0.009199485 0.017564476 0.36956868 0.33468372 0.20256831 0.0050670863 0.015758494 0.01605053 0.0011879836 0.00052978826 0.21486944 0.10841409 0.070717625 0.130358 0.032890018 5.5660872e-05 0.0073979287 0.10903535 0.034185454 1.7194163e-05 3.7724124e-06 0.3996429 0.06736296 0.0066404254 0.16507758 3.3807205e-06 0.028577004 5.343889e-06 2.6952568e-05 2.555549e-05 4.9052032e-06 0.05862234 0.0003504419 2.9885928e-06 0.025723506 0.018691543 7.924056e-06 3.7124182e-06 0.071096726 0.039361045 8.246759e-06 0.0020775865 0.10918128 0.009758852 0.011604108 0.040486388 0.00030071338 0.005175567 2.7409196e-05 0.11266784 0.025014063 0.021782644 0.08213713 0.004717941 0.00042808172 0.0025174243 0.025316983 0.016576556 0.0005640075 0.009773768 1.0308517e-05 0.0051804166 0.0061894977 0.0011393499 0.0076841824 9.4410294e-05 2.4721443e-05 0.0028243547 0.0012681513 0.00024267747 0.000381709 0.00041193978 0.00066043006 0.019870192 0.013536142 0.0010161124 0.00029309982 9.963458e-06 0.00027297327 3.4482148e-06 6.581762e-05 0.021120785
0.22619286 0.2331135 0.30077964 0.09328702 0.06225433 0.0633656 0.12341941 0.102549665 0.60697883 0.21432559 0.08891408 0.3298382 0.008697132 0.016519122 0.44653744 0.07904838 0.64732903 2.5535815e-21 0.10463137 0.06506433 0.042450797 0.08200634 0.065143935 0.14439084 0.012700642 0.06728538 0.0810413 0.007907735 0.0025015646 0.1575604 0.30549642 0.24701571 0.03497189 0.1410668 0.00028572153 0.048319414 0.07199081 0.009644952 6.1359e-05 2.7606837e-05 0.46729413 0.18018037 0.024522243 0.30658078 3.2695414e-05 0.0074148457 2.4787734e-05 3.960113e-05 0.0002479011 1.5373493e-05 0.026005989 0.001721951 8.590546e-06 0.065953836 0.054957062 6.88319e-05 6.390731e-06 0.12150116 0.07961177 7.400335e-05 0.0024542562 0.11656808 0.011334834 0.014968255 0.01888918 0.00031288958 0.0058601573 0.00030161146 0.06208734 0.010849251 0.055201866 0.042559333 0.014264935 0.0016824894 0.006210387 0.03742454 0.0061862906 0.0005481818 0.009082957 1.3278423e-05 0.0023387473 0.013450086 0.001998221 0.015305807 0.00010065904 1.8487028e-05 0.007620978 4.2525575e-05 0.00018325492 0.0002838608 1.8073972e-05 3.8137205e-05 0.01240066 0.004112276 0.0014516924 0.00024223329 2.5848522e-05 0.00017556787 1.3818165e-05 6.976605e-05 0.009326386
0.19381982 0.090575375 0.045512952 0.2893049 0.17927937 0.24783203 0.045561727 0.5731313 0.14022702 0.4646183 0.0042571793 0.01441688 0.03930905 0.07388962 0.48682535 0.0019132924 0.028381752 0.10463137 7.459989e-26 0.5619471 0.0896345 0.0042715454 0.0023212265 0.044587426 0.04345248 0.62691665 0.60124576 0.051062535 0.018001586 0.04279426 0.3237501 0.36046058 0.00052910583 0.2818137 0.008950739 0.07618435 0.01851552 9.011495e-05 0.0027695866 8.2335835e-05 0.10686444 0.22827516 0.035692763 0.08867699 5.8543872e-05 0.000120513774 4.7149333e-05 0.0016199227 0.0004035734 4.9225167e-05 0.0054967324 0.003979825 4.7229576e-05 0.14085986 0.11796503 0.00016907256 8.831906e-05 0.04451788 0.038904402 0.00014645734 0.0043558422 0.018244851 0.022009516 0.051611356 0.00023281026 0.0010983453 0.015257953 0.00044420603 0.0016271619 5.1285366e-05 0.04896764 0.0005705024 0.082056545 0.001995671 0.04356123 0.00940455 8.398003e-05 0.003004816 0.0004067542 8.815407e-06 1.6502965e-05 0.010658292 0.011016587 0.010548887 0.00010519983 4.5001794e-05 0.015841179 5.546851e-07 0.00058113935 6.330376e-06 8.548823e-08 1.16664395e-07 0.00046645696 0.0006255531 0.0057345047 6.4008535e-05 6.8307745e-06 0.0014954862 7.1930945e-06 1.0595062e-06 0.0029773535
0.42889217 0.06339548 0.029987713 0.2304876 0.32371494 0.30265993 0.03632276 0.3042473 0.04498332 0.22169757 0.0021967713 0.0037580691 0.1391073 0.19628812 0.32783726 0.0005182462 0.009199485 0.06506433 0.5619471 1.2559648e-25 0.24475448 0.0017863901 0.0008186883 0.030800296 0.2664165 0.45367295 0.6179201 0.23186386 0.070433035 0.03390867 0.18581015 0.20800908 0.00028101914 0.3848896 0.033757217 0.25910348 0.012832242 3.34002e-05 0.013711317 0.0015829805 0.058420155 0.13713223 0.13840201 0.045192003 0.00067467144 1.44430805e-05 0.00040267457 0.0068931463 0.0031491867 0.00059110747 0.003430058 0.031630374 0.00051907223 0.10114281 0.09972403 0.0018997252 0.00085727865 0.022433529 0.021035107 0.0017483406 0.012491985 0.0054773744 0.050938047 0.0842825 4.5288274e-05 0.0025094794 0.03549539 0.005219399 0.00031633757 1.2771683e-05 0.025924936 0.00017230629 0.05447223 0.01254047 0.044456437 0.003735337 4.5092314e-05 0.007848296 5.3718468e-05 0.00020688413 4.1509957e-06 0.0033120152 0.01734085 0.0023697675 0.000119308694 7.178543e-05 0.0070049195 9.737381e-08 0.0004334815 1.0755354e-06 1.5561914e-08 2.9133322e-08 0.00027344827 0.0003209694 0.0019123375 0.0003081947 0.00024477593 0.0005954434 5.287162e-05 3.9746945e-07 0.0011877557
0.96635807 0.14091326 0.091030344 0.22104727 0.406939 0.31070128 0.08611506 0.10920959 0.07967834 0.07428098 0.009553001 0.008477595 0.36051875 0.39720446 0.051884767 0.0011899197 0.017564476 0.042450797 0.0896345 0.24475448 2.5440666e-18 0.0017464042 0.0013525386 0.03871616 0.7262321 0.08910705 0.1342971 0.2704764 0.26000094 0.06536144 0.023287766 0.022213515 0.00077621144 0.09046711 0.11765646 0.089378655 0.044036955 9.599824e-05 0.077992536 0.008009973 0.008029071 0.009476612 0.071790375 0.0050156955 0.0023077975 5.948463e-05 0.003740144 0.013828422 0.0028601498 0.0037331006 0.005098166 0.16113813 0.0024110836 0.009037478 0.012255772 0.0020072828 0.0016257534 0.0019753082 0.0032009888 0.0021606828 0.006435614 0.0004866741 0.016772348 0.016674457 0.0001480919 0.004235266 0.011584845 0.005512466 7.7794626e-05 0.00010002698 0.0034651693 8.604472e-05 0.0045148944 0.05103794 0.0075081293 0.00028825016 1.8648003e-05 0.004752575 3.0620387e-05 0.00014671357 2.239827e-05 0.0008814513 0.0055263643 0.00040179383 0.001374094 0.0011001903 0.0015903898 8.043654e-06 0.001523819 6.155984e-06 9.307859e-07 3.912623e-06 2.4923249e-05 0.0067747124 0.0012628296 0.029837048 0.0005999465 0.0015458096 0.00015189845 1.136817e-07 0.027473472
0.3568178 0.041003563 0.11443351 0.003535634 0.0023513932 0.0020465637 0.037821002 0.003095704 0.17336431 0.007804189 0.24275802 0.5822577 0.00052796444 0.00062713266 0.015948303 0.53493625 0.36956868 0.08200634 0.0042715454 0.0017863901 0.0017464042 1.5892668e-21 0.869478 0.09184242 0.0005721064 0.0029613338 0.002587359 0.00022229488 9.4470735e-05 0.06723562 0.013170135 0.0091657005 0.33022213 0.0042833854 4.1144976e-05 0.0012614172 0.051451515 0.0567801 1.6912118e-05 3.4785521e-06 0.17338291 0.009739638 0.0019397839 0.03188753 4.426187e-07 0.065633155 1.1428779e-06 3.6493682e-05 4.6334452e-07 2.5563204e-06 0.06338512 5.4365624e-05 3.9585743e-06 0.0096120685 0.010665018 9.298437e-07 1.4665826e-05 0.014358386 0.0075855018 9.299385e-07 0.001081873 0.04462424 0.0049439985 0.009103457 0.0690551 0.0003374253 0.0026906934 7.2171196e-07 0.14921121 0.04549047 0.0051642763 0.11128136 0.0038062576 3.9005394e-05 0.0033180804 0.003625257 0.017409192 0.00080867467 0.0041669444 1.5944498e-06 0.011450562 0.0015926969 0.0020427974 0.0015532217 8.360875e-05 5.0495742e-05 0.0017509643 0.009334296 0.00020467324 0.0006997531 0.0010062266 0.0022474937 0.013081915 0.009497376 0.0009404201 9.8513025e-05 1.2714802e-06 0.00024524183 6.0078087e-06 4.852244e-05 0.016188795
0.26000348 0.036934346 0.12117568 0.0023679659 0.0016822448 0.0011923573 0.03522084 0.0017962471 0.13945894 0.0052220826 0.2553517 0.58639675 0.00041356747 0.00041764948 0.0094113285 0.66249573 0.33468372 0.065143935 0.0023212265 0.0008186883 0.0013525386 0.869478 2.0204491e-22 0.08321564 0.00022467019 0.0015292406 0.0010907097 5.3045354e-05 2.6272632e-05 0.05701326 0.006139758 0.0046318793 0.4413408 0.0012065206 1.1032383e-05 0.0003929887 0.04924057 0.10209556 5.1423303e-06 3.8279023e-07 0.10500417 0.00473114 0.00073278026 0.022975609 7.4846e-08 0.091630176 1.1874969e-07 1.001009e-05 9.732033e-08 3.3095773e-07 0.0724194 2.9814915e-05 4.8206493e-07 0.005321241 0.005481936 8.9941196e-08 2.2089189e-06 0.009138534 0.0044516916 1.0110278e-07 0.00066125655 0.035254534 0.0025233072 0.00426464 0.06801742 0.00015030829 0.0017416456 1.1404634e-07 0.10501297 0.04106846 0.0038355528 0.07906783 0.002151787 1.6638538e-05 0.0016336363 0.0023126754 0.02092695 0.00040753733 0.002498315 3.9711938e-07 0.009156139 0.0008858997 0.00077241956 0.00091237214 2.133623e-05 1.1002858e-05 0.0009774579 0.007976425 0.000102360376 0.00036497248 0.0012185741 0.002562618 0.016925268 0.008432247 0.00038671822 0.00015653351 9.313438e-08 4.362481e-05 4.2610686e-06 1.4038125e-05 0.012878436
0.9673235 0.5176832 0.506867 0.09159675 0.078458995 0.056643438 0.69731736 0.08425805 0.33931142 0.12679023 0.51851016 0.33522266 0.006101761 0.008755808 0.09703322 0.1624793 0.20256831 0.14439084 0.044587426 0.030800296 0.03871616 0.09184242 0.08321564 9.127042e-17 0.012932552 0.027413696 0.02033836 0.0025497284 0.0013885734 0.6913454 0.02768487 0.022261456 0.21058537 0.008029771 0.00022638892 0.0033006766 0.46162617 0.026908807 4.682299e-05 2.9343457e-06 0.028002257 0.005284143 0.0022973374 0.0076660146 1.8510623e-06 0.011726161 1.3204367e-06 4.240473e-05 1.15011e-05 1.7499035e-06 0.14016142 0.00058034563 2.528445e-06 0.0056535276 0.0070727044 4.742318e-06 4.2495712e-06 0.0041294065 0.004760273 4.3184073e-06 0.0011547244 0.004133871 0.0048455372 0.0057624253 0.0064964336 0.0005248284 0.0030725417 1.9013065e-05 0.005593609 0.0042106225 0.0029301874 0.0067120427 0.0046078344 0.00067599426 0.004523527 0.0013461662 0.0014605982 0.00065183965 0.00053312833 1.147949e-07 0.0013666397 0.0012918949 0.002137716 0.0010978227 0.00024944972 0.00021224175 0.002812399 0.0004793787 0.00064221316 0.00040626066 0.000103004146 0.00019025008 0.00087886513 0.013462285 0.004137241 0.0072136284 8.445778e-08 0.0008348919 7.6166907e-06 2.4734613e-06 0.027419291
0.99023044 0.050247673 0.023995547 0.10432417 0.29543763 0.16907129 0.023597287 0.04849431 0.013104017 0.021836197 0.0017962941 0.0015274849 0.4146174 0.3865015 0.017428437 0.00033852088 0.0050670863 0.012700642 0.04345248 0.2664165 0.7262321 0.0005721064 0.00022467019 0.012932552 9.907403e-21 0.055188023 0.10389463 0.31142494 0.35563266 0.022501854 0.012495512 0.012100133 0.00036565482 0.059042536 0.20634645 0.07292349 0.012505419 1.8880402e-05 0.21726376 0.03398834 0.004661879 0.0043578553 0.059960086 0.002637564 0.008087765 1.3461673e-05 0.011214606 0.039146718 0.012608723 0.0109943105 0.00113276 0.38493153 0.0077845505 0.005674918 0.008418029 0.00503898 0.005630039 0.0005799296 0.0007740714 0.004607558 0.011693497 0.00016412364 0.016639905 0.014814446 5.7679397e-05 0.011643827 0.013577869 0.008737835 2.7591757e-05 5.200161e-05 0.0010017462 3.822569e-05 0.0024579582 0.100406274 0.0040103393 3.7400136e-05 3.018445e-06 0.00517383 7.2787243e-06 0.00042744243 9.2055225e-06 0.0002723983 0.0032982286 5.6944762e-05 0.0014308935 0.0015316138 0.00064698106 2.3322134e-06 0.0012073943 2.0897296e-06 2.1357276e-07 1.1137998e-06 1.5427121e-06 0.0013037396 0.00024959818 0.031385522 0.0015456628 0.00073998695 0.00017406193 5.4824763e-08 0.009719963
0.090409994 0.0739422 0.036294073 0.21323898 0.15973455 0.1764352 0.03278824 0.34144625 0.085939735 0.26601177 0.003921292 0.011287979 0.049033727 0.08574347 0.32982123 0.0018479986 0.015758494 0.06728538 0.62691665 0.45367295 0.08910705 0.0029613338 0.0015292406 0.027413696 0.055188023 1.3212798e-26 0.58471346 0.05189178 0.022734521 0.025143676 0.29186374 0.33536926 0.00057486893 0.33797684 0.0076231263 0.103022106 0.012538826 9.0548005e-05 0.0034572638 0.00013715503 0.073507175 0.24504516 0.039149255 0.09469222 9.379966e-05 6.953914e-05 0.000110968824 0.0011664872 0.0006313744 8.972888e-05 0.003918931 0.004076946 5.796664e-05 0.16048713 0.11481824 0.00027890084 6.516743e-05 0.034815364 0.0372085 0.0003135889 0.0039577023 0.010740478 0.019520301 0.048509438 9.947541e-05 0.00090710144 0.013443682 0.0007466422 0.00076652 2.059142e-05 0.058987956 0.00027611462 0.092367 0.002276862 0.05112185 0.006732962 1.9380557e-05 0.003228724 0.00017388341 3.3569708e-05 4.944779e-06 0.009862527 0.016228499 0.008345954 9.1461625e-05 3.3516924e-05 0.018523652 1.6424538e-07 0.00064754894 2.8384184e-06 4.6065836e-08 8.168087e-08 0.000187295 0.00033273463 0.007290785 0.00011105871 1.5986088e-05 0.002886423 2.3995624e-05 8.749313e-07 0.0017937894
0.12691112 0.072481595 0.042383 0.18641064 0.2571514 0.22348091 0.026492314 0.2768671 0.09189641 0.24454014 0.0030684257 0.009069373 0.09565826 0.16529106 0.35452667 0.0012951627 0.01605053 0.0810413 0.60124576 0.6179201 0.1342971 0.002587359 0.0010907097 0.02033836 0.10389463 0.58471346 1.2751297e-26 0.16243178 0.055386767 0.01816672 0.29067433 0.3273221 0.00069109997 0.44947004 0.0281116 0.25070253 0.009110641 5.799755e-05 0.012305658 0.0008441472 0.085498646 0.25557104 0.13307865 0.096757405 0.00075516675 2.5081214e-05 0.0007398165 0.0039011363 0.0014199432 0.0006440044 0.0035491455 0.007842751 0.000316407 0.17573185 0.16656378 0.0011134367 0.0003837746 0.027962292 0.03327413 0.0011862338 0.009642693 0.006949973 0.041676242 0.08478326 9.0510104e-05 0.0017864256 0.03031631 0.0020436605 0.00046051084 2.2835444e-05 0.054663464 0.00023022393 0.09043572 0.0040836567 0.06984894 0.0055447463 8.251329e-06 0.010077494 9.248284e-05 0.00025815694 3.2520848e-06 0.009157182 0.026830826 0.005629521 0.0003179142 0.00010018918 0.016914515 6.653184e-08 0.0010180406 1.4163893e-06 1.0938298e-08 1.8513147e-08 7.9804304e-05 0.00017751717 0.00674173 0.00022478636 9.4461095e-05 0.00279605 9.055042e-05 3.7449493e-07 0.000944901
0.5816101 0.00402234 0.001268072 0.03906563 0.11904895 0.071050145 0.0030730646 0.028043525 0.0026686266 0.019483304 0.00019401779 0.000112465175 0.3283693 0.35507536 0.021348702 4.310135e-05 0.0011879836 0.007907735 0.051062535 0.23186386 0.2704764 0.00022229488 5.3045354e-05 0.0025497284 0.31142494 0.05189178 0.16243178 1.2917544e-21 0.5440857 0.0061411955 0.022894511 0.02231211 0.00010836774 0.26574245 0.33486813 0.32120195 0.008249945 3.108982e-06 0.31487215 0.032042444 0.017083129 0.033382792 0.3041869 0.013506116 0.012063625 8.1122045e-07 0.010678666 0.15838797 0.03650537 0.010418883 0.00024596558 0.19839956 0.01353946 0.050801955 0.116797894 0.020820959 0.018387727 0.005633871 0.0063367966 0.018221818 0.108308785 0.001098715 0.1641413 0.1398288 1.35039e-05 0.069513105 0.15178412 0.04269349 0.00010329769 5.773115e-06 0.0124071 9.750108e-05 0.03114908 0.062301535 0.066467725 0.0005609039 3.0558687e-05 0.055735268 2.4133922e-05 0.005319638 4.7472363e-06 0.0012644088 0.03037742 0.0006044097 0.004794722 0.0029654445 0.0025127516 8.4889315e-08 0.010036047 4.6224754e-06 1.9606053e-07 5.5915444e-07 1.9550247e-05 7.8735146e-05 0.000771992 0.0011226763 0.013744742 0.0015285807 0.0008098061 1.0019204e-06 0.00029097343
0.7646718 0.0005490802 0.0002523396 0.016344741 0.048319384 0.034817412 0.0006701908 0.0077613043 0.0003735704 0.0054478827 5.9799113e-05 2.0279973e-05 0.26616353 0.28689852 0.0060530966 2.1530575e-05 0.00052978826 0.0025015646 0.018001586 0.070433035 0.26000094 9.4470735e-05 2.6272632e-05 0.0013885734 0.35563266 0.022734521 0.055386767 0.5440857 2.902708e-21 0.00467685 0.0074668666 0.0077271867 7.720844e-05 0.15214002 0.31007084 0.18724905 0.0050510704 3.4149816e-06 0.36002472 0.054094467 0.008501888 0.013658997 0.21814334 0.00574819 0.018751435 1.9564561e-06 0.0197222 0.214079 0.054889135 0.020428313 0.00021257049 0.29973796 0.022250568 0.030103251 0.059019115 0.028538162 0.031790096 0.0042125885 0.00468313 0.0221235 0.11313242 0.00083656015 0.14261751 0.11577748 1.3799334e-05 0.09569964 0.13640372 0.060835358 9.314484e-05 7.250271e-06 0.007049096 8.38667e-05 0.01666015 0.10611321 0.037162665 0.0006285208 7.182076e-05 0.05394443 3.4818964e-05 0.00843651 5.976396e-06 0.0012789565 0.024721315 0.0005839468 0.0090804845 0.006077808 0.0022197913 1.6315646e-07 0.011769452 1.0218936e-05 8.945375e-07 2.6176658e-06 1.4558719e-05 5.5546225e-05 0.0013063165 0.0014273827 0.0223406 0.0011135343 0.00128773 1.3105758e-06 0.00015728937
0.98359644 0.5514153 0.4861488 0.1489487 0.09150388 0.08753799 0.6753275 0.11778438 0.35003662 0.15528789 0.3851635 0.2907396 0.017628035 0.022703934 0.09098329 0.09814062 0.21486944 0.1575604 0.04279426 0.03390867 0.06536144 0.06723562 0.05701326 0.6913454 0.022501854 0.025143676 0.01816672 0.0061411955 0.00467685 7.266147e-16 0.028360667 0.02226986 0.106541075 0.010763113 0.0010603782 0.00525254 0.41848528 0.020575749 0.00049091165 3.984027e-05 0.024657235 0.0057535674 0.003948014 0.008654558 1.5103859e-05 0.009439657 1.1939025e-05 0.00023372678 5.6267487e-05 1.219586e-05 0.070143536 0.0008774176 9.931394e-06 0.006102846 0.006565926 2.3778664e-05 1.1254215e-05 0.0051505347 0.006400372 2.4559746e-05 0.0016924518 0.004637745 0.005892229 0.006298347 0.005079266 0.0006409576 0.0033695758 3.310329e-05 0.0054393583 0.003948057 0.004915138 0.005719354 0.0041766325 0.0009782412 0.0038889118 0.0016838717 0.00079902355 0.0006958998 0.00070628396 7.2252385e-07 0.0015097893 0.0032688389 0.0031167597 0.0021160059 0.0003906749 0.00019191639 0.0076438007 0.00046879688 0.00059624546 0.00084483135 5.392352e-05 9.843573e-05 0.00022920522 0.008684973 0.00905651 0.016814716 7.0987807e-07 0.0031544077 1.242469e-05 5.0770355e-05 0.02513707
0.06697166 0.13448772 0.12785435 0.14041208 0.10475301 0.12521371 0.036525287 0.20664905 0.24194863 0.2554269 0.015109604 0.041778147 0.015590416 0.036375757 0.48423746 0.0145250205 0.10841409 0.30549642 0.3237501 0.18581015 0.023287766 0.013170135 0.006139758 0.02768487 0.012495512 0.29186374 0.29067433 0.022894511 0.0074668666 0.028360667 7.989865e-24 0.77367014 0.0027223234 0.3400773 0.00236842 0.075538725 0.013802815 0.00071738986 0.0012263742 9.1841845e-05 0.40183648 0.48110828 0.041674644 0.40624106 6.7014706e-05 0.0015570504 9.505516e-05 0.00036686144 0.00024492957 6.7207664e-05 0.0029153044 0.0016212177 2.3828969e-05 0.212687 0.16269255 9.406124e-05 2.1099362e-05 0.14542589 0.1390182 0.000113315255 0.0020853844 0.06358645 0.010571497 0.02597832 0.0018147993 0.00026847812 0.0059012966 0.0003685058 0.010849334 0.0007017851 0.14517203 0.0055652303 0.064082675 0.0019785408 0.025462786 0.03112431 0.0010169747 0.00097151106 0.00356563 4.337015e-05 0.00010174238 0.024396451 0.008230464 0.024514975 0.00015118178 3.654847e-05 0.025034565 4.752024e-06 0.0002723783 6.254534e-05 2.7705098e-06 3.861648e-06 0.0034171094 0.0010297174 0.008366016 0.00010546623 1.8553013e-05 0.0023643444 2.0543208e-05 0.00010803485 0.0016039828
0.055356156 0.100907885 0.092286594 0.15422335 0.08998993 0.12790069 0.0267223 0.2264953 0.19500613 0.24033017 0.008995902 0.028833069 0.0141044315 0.036248177 0.44171825 0.009574084 0.070717625 0.24701571 0.36046058 0.20800908 0.022213515 0.0091657005 0.0046318793 0.022261456 0.012100133 0.33536926 0.3273221 0.02231211 0.0077271867 0.02226986 0.77367014 1.0330422e-24 0.0015996466 0.36050916 0.002475413 0.071926326 0.011104531 0.00044139638 0.0011809838 0.00012442541 0.33314604 0.4830353 0.03967092 0.3543565 6.689401e-05 0.0010230623 0.000113461996 0.00044088205 0.00024325073 8.287184e-05 0.0022571504 0.0017882946 3.3772034e-05 0.24216375 0.17605883 0.00010070714 2.7381135e-05 0.12791026 0.12928839 0.000119093966 0.002023363 0.04780316 0.011767315 0.03267684 0.0015697945 0.0003097304 0.0062680296 0.00038316663 0.008160462 0.00050520914 0.16233656 0.0040346007 0.08797034 0.0019473325 0.03306123 0.03072594 0.0005430205 0.0012695302 0.00303613 4.1653257e-05 8.969653e-05 0.027579075 0.009950859 0.026488394 0.00018987797 4.838894e-05 0.03230138 4.1255366e-06 0.00030721634 5.6767072e-05 1.9543565e-06 2.335708e-06 0.001996737 0.00058304955 0.01058225 8.09759e-05 2.1298212e-05 0.0039010416 3.099031e-05 8.020517e-05 0.0010218351
