4.8285108e-32 0.0043705744 0.0074995025 0.029550478 0.019429104 0.017996516 0.0043868497 0.105668075 0.19287506 0.0011239098 0.007042746 0.007827128 0.17683014 0.0032863338 0.009435612 0.007933637 0.55008066 0.18351535 0.072191715 0.028090984 0.006505495 0.666226 0.47478616 0.3606471 0.7286823 0.11582604 0.7555107 0.7986024 0.8116689 0.014579658 0.4526251 1.1138911e-06 3.7387542e-07 0.36202434 0.8257067 0.8624005 0.059594594 1.19158885e-05 0.4183167 0.0010204469 0.6478018 0.011317158 0.0007250696 0.6228632 0.72548884 0.15407768 0.005460533 0.3543095 0.6875148 0.8575029 0.8331207 0.028657725 0.15967016 0.27840912 0.7512776 0.8542159 0.76943874 0.018684 1.33875e-08 8.609257e-05 0.44903183 0.0006896312 0.8699782 0.6520288 2.3391322e-06 0.8435319 0.003680893 0.98425156 0.991217 0.998607 0.007913284 0.99155545 0.9909051 0.33150145 0.10070982 4.3323e-06 0.18370117 0.99159753 0.9640869 0.99470824 0.5683084 0.612262 0.01540419 0.7206399 0.91413087 0.96988606 1.7182661e-10 0.9942507 0.08590409 0.97825307 0.9459769 0.9118483 0.79374766 0.19931424 0.9981127 0.06937003 0.99851507 0.00064881745 0.06736463 0.04625664 0.9963925
0.0043705744 2.8095522e-20 0.6003259 0.4304082 0.2185405 0.20993374 0.16558024 0.15346389 0.09326008 0.6493828 0.013769552 0.061515387 0.046965867 0.028363798 0.040457472 0.2795031 0.06696501 0.007170216 0.017348846 0.0032020768 0.050585266 0.06109168 0.021187011 0.002712216 0.045771457 0.001542191 0.016373008 0.012826797 0.011554861 0.008118239 0.0109551875 0.023467941 0.0002945381 0.004611189 0.012325566 0.009648727 0.003088785 0.09070957 0.002258369 0.00016751894 0.0038887078 0.009953801 0.000115453484 0.0022654042 0.003531063 0.0016721089 0.003664859 0.0016701272 0.003355716 0.0016168264 0.0016998465 0.0012990346 0.0009306551 0.00023885955 0.0005011999 0.0003348729 0.00046526207 0.00039432218 0.0009482023 2.0871174e-05 0.00011392401 0.0003680785 0.00012559397 0.00014750217 0.00018344095 0.0001353054 0.00064227014 0.00018110403 0.0004438922 0.0021377127 4.2890104e-05 0.0022425547 0.0013874788 2.7513166e-05 1.322446e-05 1.4040748e-05 3.3359088e-06 0.00078386837 6.105349e-05 0.00012577341 6.12831e-05 6.801474e-05 8.253974e-06 7.289078e-05 5.5858687e-05 3.9629158e-05 7.81178e-05 0.00081830146 4.945538e-06 1.9073468e-05 2.7122194e-06 0.008774411 3.9738516e-06 5.7939553e-07 0.0006907679 1.820712e-06 2.1675593e-05 7.005313e-07 1.5258083e-06 1.425614e-06 4.7141084e-06
0.0074995025 0.6003259 5.565915e-19 0.47602725 0.06304162 0.06676536 0.01855997 0.08909044 0.0670964 0.23874058 0.33506933 0.011768212 0.2978368 0.4921423 0.0058881952 0.015577885 0.045154274 0.057915907 0.0044109887 0.10866985 0.0023073375 0.03159355 0.010717277 0.013207675 0.062938236 0.012671334 0.010002899 0.007956497 0.0048645465 0.00047673238 0.0019386437 0.13283527 0.03719994 0.00089536374 0.011216318 0.008890435 0.00066731067 0.010058357 0.000764103 0.023885813 0.0012475003 0.004337431 0.012554483 0.0004175238 0.024892103 0.001562558 0.0019602915 0.0008403612 0.00079331186 0.00033070962 0.00038638033 0.0008040437 0.0013665635 0.016441684 0.008069333 0.0040447386 0.000106441104 0.00011660016 0.00039420152 4.24979e-06 5.407131e-05 1.6809914e-05 0.00022163086 8.207916e-05 5.0250357e-05 0.00025561108 0.00030163504 5.8340156e-05 9.621326e-05 0.0059290854 2.243115e-05 0.00072835985 0.0004306618 1.4600041e-05 6.6383545e-06 0.00080585695 3.0825317e-06 0.0002944283 5.0015944e-05 5.4051718e-05 0.00014836316 0.00015232364 5.973114e-06 0.00016513426 0.0001915169 2.8118871e-05 7.276368e-05 0.0005161529 5.0493604e-06 5.55419e-06 2.8160878e-06 0.023456601 3.22304e-06 1.4094385e-07 0.0017054917 9.877916e-07 8.908882e-06 2.0481e-09 7.702266e-07 7.4613416e-07 1.596874e-06
0.029550478 0.4304082 0.47602725 3.2682435e-17 0.65527713 0.58506966 0.21024144 0.72577894 0.6668226 0.06854676 0.055930603 0.13935794 0.2945425 0.035328068 0.06354368 0.052155007 0.4037248 0.06252246 0.041937694 0.019885775 0.021323279 0.32414594 0.16205154 0.022003697 0.32598788 0.018967237 0.11283464 0.09908793 0.090977296 0.005368956 0.037026998 0.00086068973 0.00025749183 0.015279366 0.083185166 0.07363789 0.004654185 0.0044548768 0.0071514733 0.0028464764 0.018495845 0.02068654 0.002118348 0.008471537 0.04604676 0.004508215 0.0061228746 0.0034253981 0.0055525783 0.013374938 0.008258076 0.0020286231 0.0029487172 0.00626327 0.018431176 0.010918233 0.00047396665 0.0020251602 0.00020903774 8.615064e-05 0.00025580009 0.0005536052 0.00035345514 0.00020948277 0.0007044633 0.00040381285 0.0052244216 0.0010491308 0.004327609 0.043304678 0.00022510342 0.015467254 0.00999658 0.00021863657 0.00011947722 0.00016758157 9.0663016e-05 0.0039860774 0.00028002393 0.0016897344 0.0002655287 0.00014559114 0.00023274032 0.00014386943 0.0001616109 0.00050844514 9.912597e-05 0.023543702 5.6190696e-05 0.0005176858 2.7180804e-05 0.019325532 5.0313516e-05 1.2195581e-05 0.013304543 3.1775155e-05 0.00139939 2.9034748e-06 2.0148727e-05 1.7340275e-05 0.00012292857
0.019429104 0.2185405 0.06304162 0.65527713 1.2209453e-18 0.739434 0.43481377 0.62662184 0.56961894 0.06296977 0.005579911 0.38978845 0.03272819 0.0042025847 0.25113848 0.097823106 0.46441254 0.0074833273 0.24026537 0.0020541507 0.064664304 0.3086526 0.23139302 0.0050810706 0.13371474 0.004405435 0.10843459 0.10545719 0.14326492 0.017497733 0.09721965 0.00011868703 4.2711563e-05 0.031077534 0.06140498 0.05933314 0.012264957 0.0033700275 0.014275957 0.00031674904 0.036387518 0.049206797 0.00035945122 0.021233907 0.016298214 0.007871278 0.018154362 0.0056869383 0.009619708 0.0386374 0.020652607 0.002461247 0.0042441227 0.0013796327 0.0047654123 0.0046453653 0.001845429 0.0021756438 9.1227295e-05 0.00032347726 0.00026782934 0.001214726 0.0010604282 0.00036076564 0.0010579145 0.0011307837 0.004802662 0.0037375572 0.0062177833 0.020040203 0.00014410699 0.014367817 0.0107758995 0.00026572734 0.00010094532 4.86899e-06 5.7782843e-05 0.005369348 0.0007529469 0.0032411416 0.00038849603 0.0002493912 0.00020379268 0.00031726906 0.00029827046 0.0008981406 3.808407e-05 0.011430775 0.00010572967 0.0010470792 6.850897e-05 0.006229277 9.012628e-05 5.603032e-05 0.010149465 9.8082644e-05 0.0006888375 5.6734566e-06 6.062541e-05 7.591291e-05 0.00024742776
0.017996516 0.20993374 0.06676536 0.58506966 0.739434 4.0162948e-19 0.5461306 0.56813276 0.53271884 0.06845665 0.0054710885 0.5120067 0.032318268 0.0041470253 0.39180693 0.13796774 0.46222937 0.0068940963 0.38592058 0.0019811955 0.104626015 0.29358727 0.2840784 0.003918772 0.084351815 0.00408643 0.11186499 0.11666486 0.19534451 0.04190231 0.16400862 0.00010716387 4.129865e-05 0.07207454 0.0483811 0.051483266 0.02171163 0.0033151389 0.02792021 0.00019366156 0.06322099 0.06620441 0.00024847864 0.040721335 0.013199383 0.014852443 0.030005163 0.010376338 0.015249959 0.06459469 0.03380763 0.0053034034 0.008369064 0.0012294609 0.004129379 0.0039497125 0.0033842581 0.0031894261 8.866447e-05 0.0005745688 0.0007294193 0.0020039568 0.0022962259 0.0007583925 0.0011328247 0.0024029575 0.005883385 0.006836376 0.008834219 0.017198944 0.00024006992 0.016055446 0.012482769 0.0004859587 0.0001933012 1.761678e-06 9.9156605e-05 0.006841796 0.0014629805 0.0048373514 0.00067675154 0.00044275643 0.00034994696 0.00054812536 0.00042150237 0.0015164473 4.3510256e-05 0.011776291 0.0001701531 0.001462477 0.0001947309 0.0052869986 0.00020938212 0.00012079971 0.010663893 0.00014780674 0.00084459654 1.210693e-05 9.876372e-05 0.00014407634 0.00034441496
0.0043868497 0.16558024 0.01855997 0.21024144 0.43481377 0.5461306 4.6833215e-20 0.19431517 0.15323158 0.04271891 0.0009569707 0.6483528 0.010566487 0.0012132457 0.54087734 0.2700333 0.21167755 0.0021281778 0.41356835 0.0003822434 0.2589566 0.079173625 0.17246722 0.0011844833 0.031627405 0.0010402986 0.043510173 0.051886003 0.118618615 0.08752441 0.14490731 2.2720225e-05 9.428203e-06 0.062549345 0.012198734 0.014061502 0.021588687 0.0066690347 0.02066056 4.0725547e-05 0.04217336 0.059770554 3.7477865e-05 0.02878329 0.004672967 0.0100828335 0.028620431 0.0063849837 0.015657242 0.042115744 0.024041582 0.0064490875 0.0043763053 0.00019188036 0.001537367 0.0011843963 0.0037808968 0.00366391 5.1761937e-05 0.00035129703 0.00041241932 0.0011732386 0.0010364726 0.0006315777 0.0005774423 0.0012106105 0.0033897622 0.0032961797 0.005450837 0.0066705015 0.0002125561 0.007535517 0.0059714178 0.00034203957 0.00010950752 2.6998669e-07 6.450324e-05 0.003944557 0.00085626467 0.003257379 0.0003354559 0.00019905872 0.00013359493 0.00026843153 0.00018968574 0.0006485681 8.525596e-06 0.011986617 0.00011033031 0.0006928224 5.8690664e-05 0.0015579519 0.00017063442 9.011279e-05 0.0066824015 9.6597665e-05 0.00086491375 1.3333013e-05 8.451988e-05 9.326412e-05 0.00017034257
0.105668075 0.15346389 0.08909044 0.72577894 0.62662184 0.56813276 0.19431517 1.0704258e-18 0.77993023 0.03417751 0.010474234 0.1769917 0.11615953 0.006700138 0.08104188 0.051414296 0.5786046 0.02559132 0.0848662 0.0055379528 0.025686346 0.4703261 0.28039864 0.010337752 0.36941832 0.008146663 0.22374766 0.20811604 0.19656828 0.008780647 0.08097084 0.00012146141 3.532626e-05 0.026470058 0.1218939 0.113886185 0.007196217 0.0010470039 0.011665774 0.0007148347 0.029070077 0.03196133 0.0007515931 0.017955327 0.03585865 0.005372933 0.0086560445 0.0043396736 0.00876275 0.03691418 0.014248824 0.0019010927 0.0026826723 0.005018092 0.015941544 0.016390484 0.0013325767 0.0010738198 5.988118e-05 7.817988e-05 0.00022257768 0.000403655 0.00081934046 0.00016307565 0.0007308359 0.0007968 0.0030300526 0.0042488836 0.010518579 0.07347407 0.00011623534 0.031440996 0.019343091 0.00017936593 6.4239146e-05 3.833148e-05 5.5390807e-05 0.0068178107 0.0006782315 0.004136691 0.00017513309 0.00019434963 0.00013188724 0.00025784422 0.00017441604 0.0011282652 4.8559847e-05 0.013087293 5.0916307e-05 0.0012338215 6.0557115e-05 0.015333442 6.4724336e-05 2.7518807e-05 0.014023827 3.9730385e-05 0.0008079554 3.1100938e-06 2.1361719e-05 1.7388118e-05 0.00035902468
0.19287506 0.09326008 0.0670964 0.6668226 0.56961894 0.53271884 0.15323158 0.77993023 2.9644042e-18 0.027346963 0.015498341 0.16942069 0.123871624 0.008473048 0.07438693 0.039539065 0.60923696 0.032602295 0.100108944 0.0077853226 0.020682076 0.5138021 0.33470348 0.012534223 0.4476387 0.00988187 0.25152615 0.22990961 0.24652562 0.010076479 0.09243214 0.00013301891 6.3932705e-05 0.034095418 0.14892186 0.13889258 0.011111646 0.00042636177 0.014647216 0.001108363 0.03137289 0.029053686 0.0011859103 0.02181342 0.045782022 0.0068799485 0.009343162 0.004582105 0.010308061 0.0436799 0.01376619 0.0023433242 0.0034186577 0.0065142084 0.025984727 0.024814805 0.0012236199 0.0006886654 7.144748e-05 9.189089e-05 0.00026435484 0.00041101838 0.00093425385 0.0002148089 0.0005596779 0.0008304577 0.0027362655 0.0047288844 0.013148763 0.13222848 0.00014326659 0.048487455 0.027061237 0.00014540092 6.0165043e-05 0.00010829202 4.9810646e-05 0.009594201 0.0007344839 0.0047391583 0.00021636138 0.00024068335 0.00014734596 0.00030859764 0.00018816687 0.0011703721 9.251636e-05 0.016467601 5.415574e-05 0.0010572206 8.799386e-05 0.021522911 9.581175e-05 1.4954014e-05 0.017162113 3.400343e-05 0.0007865488 6.581727e-06 2.0156322e-05 2.3001006e-05 0.00021816358
0.0011239098 0.6493828 0.23874058 0.06854676 0.06296977 0.06845665 0.04271891 0.03417751 0.027346963 3.7225137e-16 0.013086783 0.023478303 0.020240998 0.030293575 0.017045608 0.4531717 0.022986565 0.004526358 0.0073366975 0.00085558096 0.11936138 0.013708841 0.0075345007 0.00030864414 0.011412611 0.00022644312 0.003693668 0.0033547862 0.004234676 0.002197208 0.003926295 0.08205255 0.0006704021 0.0017446479 0.0024722847 0.0024746305 0.00094402017 0.3520568 0.000711954 6.3127394e-05 0.0014105797 0.0071763387 5.6145538e-05 0.0004195939 0.0011707713 0.0009977927 0.005307418 0.000766555 0.00048470323 0.00020452708 0.00026852498 0.0007677919 0.000562231 3.4548197e-05 0.00021070435 0.00010702231 8.04283e-05 0.0006631865 0.010769551 0.0007347764 4.1742966e-05 0.0013322934 0.0001503926 5.8321577e-05 0.0033482467 0.00016271137 0.0009925765 5.5873395e-05 0.00018850762 0.0019475385 5.9865302e-05 0.0016489319 0.0012385927 1.9991568e-05 6.0621855e-06 9.358821e-06 2.1882013e-06 0.0009329966 0.00022604373 0.00013995917 5.644781e-05 0.00011246025 3.655455e-06 6.884759e-05 0.000119442244 9.3875016e-05 0.0051662102 0.007512617 1.5381682e-06 3.4143744e-05 1.9327335e-06 0.005490328 1.3683258e-06 1.4671393e-07 0.0062933266 9.0416154e-07 0.00011333244 2.7773283e-05 6.4102176e-07 9.800484e-07 1.6543145e-05
0.007042746 0.013769552 0.33506933 0.055930603 0.005579911 0.0054710885 0.0009569707 0.010474234 0.015498341 0.013086783 1.9348609e-20 0.00155476 0.52146673 0.536973 0.0010478614 0.00050324504 0.010383064 0.39233363 0.0008470515 0.5605123 0.00058583607 0.02201341 0.0028527582 0.082737796 0.12341144 0.09386501 0.0071463734 0.0052922596 0.0020190203 0.0002714986 0.0006135298 0.0072730696 0.015908245 0.00020093971 0.02196089 0.016361639 0.00042907675 1.6396241e-05 0.000243014 0.074773334 0.00029252926 0.003388327 0.028815815 9.045073e-05 0.07780105 0.0003754598 0.0022694804 0.00021428248 0.00038533437 0.000105880725 9.896191e-05 0.0002893204 0.00022115916 0.047037024 0.025639035 0.014318314 5.8883696e-05 1.6783099e-05 4.439559e-05 1.528534e-05 1.0893207e-05 0.0002323121 3.4135734e-05 1.0418031e-05 6.0557002e-05 4.1468553e-05 0.00015388126 1.0665474e-05 2.4132587e-05 0.013293541 2.5763404e-06 0.00032214884 0.00015611624 2.4330989e-06 1.3498575e-06 0.0057793264 7.693633e-07 6.692325e-05 1.064508e-05 8.9183e-06 1.099109e-05 2.2492606e-05 2.1391452e-06 2.8786239e-05 1.4456502e-05 1.9458778e-06 1.1117373e-05 0.000103917315 6.3701066e-07 7.583577e-07 4.0092434e-07 0.014745998 4.4457917e-07 5.3062426e-08 0.00091903744 1.3270004e-07 4.0787245e-06 5.893321e-10 9.0023924e-08 1.8104332e-07 3.717057e-07
0.007827128 0.061515387 0.011768212 0.13935794 0.38978845 0.5120067 0.6483528 0.1769917 0.16942069 0.023478303 0.00155476 6.954982e-20 0.0071319165 0.0011345757 0.6762995 0.1607242 0.23971859 0.0022004552 0.5521975 0.0004909865 0.17548844 0.08454941 0.19844142 0.001614778 0.02304022 0.0011464913 0.05595405 0.06089169 0.15408394 0.11309781 0.18934026 3.7057274e-05 1.7985129e-05 0.07955819 0.013298461 0.016439175 0.033087227 0.0017290013 0.024902418 7.971219e-05 0.058652163 0.05999023 4.9561546e-05 0.039023876 0.0043112393 0.016642049 0.028784215 0.010729969 0.019488778 0.06631064 0.034438085 0.011357563 0.007931648 0.00025470078 0.0015354228 0.0012373672 0.007363099 0.004300298 2.646824e-05 0.000397123 0.0011163004 0.0015795619 0.0026112618 0.0014105277 0.0006461317 0.002707662 0.004493807 0.0054292292 0.0063595725 0.007165704 0.0003335155 0.007916684 0.0059550023 0.00057540037 0.0001404764 3.0127237e-07 8.721738e-05 0.0034385838 0.0019918513 0.005137098 0.0004809817 0.00038033494 0.00020888807 0.0004878628 0.00043249418 0.0013145742 1.1636937e-05 0.005976725 0.00017484139 0.0010423114 0.00017211857 0.0025130599 0.0003817148 0.0002259614 0.0041775946 0.000121568606 0.0005545643 4.7501282e-05 9.5617965e-05 0.00014020377 0.00018793535
0.17683014 0.046965867 0.2978368 0.2945425 0.03272819 0.032318268 0.010566487 0.11615953 0.123871624 0.020240998 0.52146673 0.0071319165 1.0091567e-19 0.33311293 0.004643144 0.00969065 0.054735646 0.72551227 0.0071206377 0.5959609 0.0064880536 0.1012865 0.015255232 0.26208413 0.48040807 0.28495413 0.036485724 0.029255508 0.013626217 0.0018998864 0.0051521235 0.0015478666 0.0034715761 0.00221971 0.09008437 0.07338098 0.0016729337 2.9720753e-05 0.0019318704 0.08592107 0.0022057067 0.009959128 0.040278398 0.0012272925 0.24047899 0.0014270097 0.009509797 0.00080597383 0.0010668191 0.001566893 0.001047028 0.0010952931 0.0012377152 0.10413811 0.08736916 0.0686568 0.0002059141 0.00010647329 2.0493839e-05 2.0378751e-05 2.845662e-05 0.0008191674 3.4084795e-05 2.9726194e-05 5.4451713e-05 3.3984597e-05 0.0005461663 3.9341172e-05 0.00031354823 0.1290206 2.4568482e-05 0.0031235754 0.0014432499 1.1480705e-05 1.45268605e-05 0.006384585 1.0064987e-05 0.00045208723 6.508169e-06 6.497133e-05 1.4263464e-05 2.079165e-05 2.3609731e-05 1.7982624e-05 1.0613381e-05 5.9019208e-06 5.3997726e-05 0.0020414798 1.2826306e-05 3.7789266e-06 6.021802e-07 0.03358333 1.9256063e-06 4.6813165e-07 0.010290598 5.4332945e-06 2.38299e-05 9.057248e-08 3.0801104e-06 3.8267726e-06 2.922839e-06
0.0032863338 0.028363798 0.4921423 0.035328068 0.0042025847 0.0041470253 0.0012132457 0.006700138 0.008473048 0.030293575 0.536973 0.0011345757 0.33311293 1.7831924e-19 0.00092657417 0.0012136468 0.0052333847 0.17691757 0.00022779728 0.55354154 0.00063257926 0.011396416 0.0010660915 0.03255882 0.04767799 0.035289027 0.002661919 0.0020042183 0.000853623 0.00014874527 0.0001867161 0.057131536 0.113781676 5.6077315e-05 0.00870184 0.0060004573 0.00017213385 0.00011502127 4.1497908e-05 0.10453484 0.00014780436 0.00048491455 0.047571477 3.8156522e-05 0.036491 0.00013458008 0.0004894507 7.2255156e-05 5.5026147e-05 5.2332096e-05 4.1543717e-05 7.365553e-05 6.4382046e-05 0.042573463 0.009441966 0.0044933357 9.739508e-06 2.4296487e-06 0.00037239084 2.4408251e-05 3.240296e-06 0.00017835308 2.2961707e-05 3.6969714e-06 0.00020983025 2.1759599e-05 1.584552e-05 1.9647963e-05 3.357675e-05 0.005344445 1.6528331e-06 0.00016949311 0.000102514845 1.0082804e-06 3.543098e-07 0.026096318 4.028364e-07 4.9932114e-05 2.4500583e-05 6.8375984e-06 1.6829852e-05 2.5434625e-05 4.769697e-07 3.1183994e-05 1.95223e-05 3.156571e-06 5.1504896e-05 8.3179766e-05 3.00577e-07 9.837238e-07 2.3893116e-07 0.019863106 4.7447085e-07 2.4379345e-08 0.0007598013 6.471405e-08 9.027937e-06 2.9961236e-10 2.871959e-08 3.1021433e-08 3.30146e-07
0.009435612 0.040457472 0.0058881952 0.06354368 0.25113848 0.39180693 0.54087734 0.08104188 0.07438693 0.017045608 0.0010478614 0.6762995 0.004643144 0.00092657417 1.4504388e-19 0.15915564 0.18086736 0.0017560975 0.70783174 0.0003130633 0.24689889 0.06140965 0.18793389 0.0011231357 0.013919572 0.00085032015 0.039148256 0.046195205 0.16955446 0.22349018 0.2889464 2.1528665e-05 1.4109313e-05 0.1311859 0.007976414 0.009710615 0.078790285 0.0012345607 0.06332993 7.1952585e-05 0.08386723 0.09403712 4.471086e-05 0.06575164 0.006103489 0.029266123 0.05409552 0.017044917 0.030845959 0.08201401 0.0532396 0.019121692 0.011183507 0.0004257965 0.002008999 0.0013834633 0.01318633 0.008615023 1.3483568e-05 0.0008131101 0.002427216 0.00320545 0.0041330587 0.0021032353 0.0010298303 0.004273585 0.0091835195 0.009811433 0.010202271 0.009539941 0.00068217225 0.010998138 0.009137724 0.0008298414 0.00029751562 8.037956e-08 0.0001818054 0.006336999 0.0032388675 0.006452259 0.00045291215 0.0004933884 0.000268102 0.0004846011 0.0006161314 0.0014431673 9.196625e-06 0.013556624 0.0002100379 0.001580573 0.00020206986 0.001625941 0.00038807982 0.00020507962 0.008063582 0.00012748253 0.0011445107 0.00016073477 0.00011239892 0.0001520798 0.0005096396
0.007933637 0.2795031 0.015577885 0.052155007 0.097823106 0.13796774 0.2700333 0.051414296 0.039539065 0.4531717 0.00050324504 0.1607242 0.00969065 0.0012136468 0.15915564 1.6096347e-19 0.061618097 0.0005557365 0.092585914 8.749429e-05 0.73805624 0.03008581 0.052127954 0.0002679706 0.0075232345 7.4883035e-05 0.013887596 0.015300137 0.034821928 0.10821316 0.05270857 0.00025223327 6.730487e-06 0.035246808 0.0031898685 0.0039410586 0.022677466 0.19144766 0.011546391 6.0582295e-07 0.01803181 0.095991805 9.1615965e-07 0.0090216035 0.00065236544 0.007849501 0.11504738 0.0041523105 0.0053113066 0.0089903055 0.0037190414 0.009627771 0.00329414 1.8829836e-05 9.4662195e-05 2.9967856e-05 0.000566478 0.0032191132 0.0011875604 0.009482046 0.00049108325 0.0042774566 0.00046446585 0.000363456 0.016816001 0.0004095335 0.002562359 0.00038043683 0.00059350394 0.0010517059 0.00014494197 0.0015304273 0.0013998179 0.00010412912 4.8668153e-05 1.8440541e-07 1.8634848e-05 0.00091256836 0.00040107602 0.00035106175 4.286561e-05 4.5324658e-05 8.540659e-06 3.5253193e-05 8.159139e-05 0.00016965273 4.8274953e-05 0.004488019 6.0842733e-05 4.317137e-05 3.6889312e-06 0.0019460088 1.0290424e-05 1.79609e-06 0.0012403061 1.0284862e-05 2.137305e-05 0.000112469366 3.6967986e-06 5.3677677e-06 7.756324e-06
0.55008066 0.06696501 0.045154274 0.4037248 0.46441254 0.46222937 0.21167755 0.5786046 0.60923696 0.022986565 0.010383064 0.23971859 0.054735646 0.0052333847 0.18086736 0.061618097 5.4233323e-18 0.020039568 0.33461425 0.0015321615 0.04349284 0.62260514 0.6408989 0.007928203 0.2999815 0.00456815 0.40466362 0.4019902 0.5568337 0.034697022 0.35705295 3.390066e-05 1.981049e-05 0.15642768 0.09699485 0.10781916 0.039513778 0.00026940994 0.05920892 0.0003293512 0.16860573 0.034093138 0.00021272888 0.07267694 0.019202005 0.018894617 0.014358756 0.010932805 0.02317798 0.1483601 0.06107928 0.0045092017 0.007224657 0.0028209195 0.011229279 0.012541565 0.0011584675 0.00073555607 3.4909e-05 0.00012798198 0.00023882286 0.00026713038 0.0026065072 0.00022602518 0.0009097469 0.0023175725 0.0013449406 0.019187488 0.06036788 0.120779105 0.0002013224 0.13156734 0.09574958 0.00014907133 5.7279998e-05 2.1151985e-05 5.4043576e-05 0.037547987 0.0018350369 0.012090258 0.0002661679 0.00046421608 9.6775075e-05 0.0003899866 0.0004214019 0.0030267774 9.8587654e-05 0.040176827 3.425444e-05 0.00198594 0.00022938827 0.0145036075 0.00013674611 1.6379927e-05 0.031797335 1.4973579e-05 0.0049303113 3.6342478e-06 8.918479e-06 8.8227835e-06 0.0018961414
0.18351535 0.007170216 0.057915907 0.06252246 0.0074833273 0.0068940963 0.0021281778 0.02559132 0.032602295 0.004526358 0.39233363 0.0022004552 0.72551227 0.17691757 0.0017560975 0.0005557365 0.020039568 5.3362347e-19 0.0010888758 0.6744203 0.0005711796 0.06363439 0.005843566 0.5080636 0.39686787 0.5810973 0.024928747 0.018058803 0.005119797 0.0005543309 0.0012196576 0.00016461397 0.0013621812 0.00020854014 0.07187575 0.05998053 0.00030387123 1.3248276e-06 0.00016505555 0.10458033 0.0005116126 0.0023796156 0.0336533 0.00017713601 0.44739518 0.00011250498 0.0019356029 8.030582e-05 0.00013889438 0.00055744225 0.00013402358 7.373705e-05 7.0721035e-05 0.16792743 0.19610573 0.14620413 2.9239834e-05 1.4446758e-05 3.2164433e-05 2.2803517e-05 6.85124e-06 0.00012711724 1.4739073e-05 2.0925033e-06 4.6914487e-05 1.4345424e-05 7.073743e-05 1.614192e-05 0.00016388152 0.17104082 1.9117017e-06 0.0031984453 0.0019506742 1.9819834e-06 3.7679395e-06 0.011985988 1.4975869e-06 0.00070194475 2.5540614e-06 1.8608103e-05 1.938763e-06 1.2294895e-06 3.3471545e-06 1.2652122e-06 2.0963423e-06 2.6045602e-06 3.2465054e-05 0.0024727704 1.4809995e-06 1.5394377e-06 1.5094385e-07 0.059511095 1.8560799e-07 9.9583e-08 0.018219475 2.4031624e-07 5.9536957e-05 9.090109e-09 1.2450879e-07 1.9103376e-07 1.1341942e-05
0.072191715 0.017348846 0.0044109887 0.041937694 0.24026537 0.38592058 0.41356835 0.0848662 0.100108944 0.0073366975 0.0008470515 0.5521975 0.0071206377 0.00022779728 0.70783174 0.092585914 0.33461425 0.0010888758 7.464144e-19 7.050621e-05 0.20504826 0.09325514 0.4286228 0.0008074055 0.016012348 0.0005763197 0.061294124 0.07320579 0.372777 0.4028133 0.68007886 5.304877e-06 2.833942e-06 0.4497002 0.010981092 0.014383968 0.18483597 8.963393e-05 0.19744806 7.771324e-06 0.24647492 0.107892826 5.9301365e-06 0.21819848 0.005836748 0.07330536 0.056859907 0.029991738 0.06951737 0.20742765 0.13158579 0.02655107 0.01986582 0.00020114698 0.0021283147 0.0016228551 0.02147518 0.009102872 4.341776e-06 0.0005526207 0.0040284265 0.0019201874 0.010307924 0.0041812253 0.0010758828 0.009001464 0.0060531166 0.030796628 0.037165098 0.0074934764 0.0005992105 0.027957432 0.029756347 0.0007745775 0.0003895846 1.8543548e-07 0.000114508926 0.019735415 0.0050195665 0.012596069 0.00046168518 0.0005126048 0.00010008462 0.0003768522 0.0004751372 0.0031397555 8.550568e-06 0.019697769 0.00017433753 0.0021528646 0.00016898583 0.0035445301 0.00023871494 5.2918233e-05 0.0057601966 4.7227415e-05 0.001614192 8.096138e-05 3.827362e-05 6.3860614e-05 0.00076788856
0.028090984 0.0032020768 0.10866985 0.019885775 0.0020541507 0.0019811955 0.0003822434 0.0055379528 0.0077853226 0.00085558096 0.5605123 0.0004909865 0.5959609 0.55354154 0.0003130633 8.749429e-05 0.0015321615 0.6744203 7.050621e-05 5.894899e-20 3.1939275e-05 0.012510046 0.00078454264 0.26656502 0.11012415 0.47227517 0.004536916 0.0029896977 0.0008842229 2.2922632e-05 0.0001429392 0.0026329483 0.042608272 2.8988474e-05 0.018100925 0.012911098 1.3251478e-05 1.4738903e-07 1.4218293e-05 0.37903604 7.4435186e-05 3.5873647e-06 0.20340957 7.961415e-06 0.28571653 5.4065044e-06 2.7023743e-06 4.2945007e-06 2.086197e-06 2.9225866e-05 1.3980929e-05 6.095162e-07 1.5511404e-06 0.4362073 0.072675005 0.041192606 9.377668e-07 3.2035718e-08 6.597819e-05 8.3752315e-07 1.4894773e-07 1.3217917e-07 2.2265324e-06 2.0437781e-07 9.6284075e-06 2.1839317e-06 5.2057153e-08 2.446354e-06 1.8785859e-05 0.022384794 1.5353471e-08 0.00029928685 0.00016146839 1.1424871e-07 1.5386656e-08 0.08587614 2.6583425e-08 3.300824e-05 1.2141334e-06 4.263406e-06 3.601929e-07 6.4048896e-07 1.6136953e-08 7.2175874e-07 9.229173e-07 8.92558e-07 6.6292596e-05 3.3266464e-05 2.3042837e-08 4.5974573e-07 4.5761347e-08 0.09604519 3.657275e-08 4.0215893e-09 0.0016183052 3.2994865e-09 1.1369059e-05 5.1195315e-10 8.9213953e-10 4.1538697e-10 2.1244513e-07
0.006505495 0.050585266 0.0023073375 0.021323279 0.064664304 0.104626015 0.2589566 0.025686346 0.020682076 0.11936138 0.00058583607 0.17548844 0.0064880536 0.00063257926 0.24689889 0.73805624 0.04349284 0.0005711796 0.20504826 3.1939275e-05 1.329144e-21 0.015632145 0.054436166 0.0003954352 0.005258901 0.0001112787 0.009506228 0.011050284 0.042191837 0.36450356 0.1651594 0.00019277027 1.0158497e-05 0.08922955 0.0023502016 0.0027745925 0.076166965 0.050427467 0.0334664 5.528162e-07 0.035938624 0.32167757 1.2812437e-06 0.025581071 0.0009682165 0.022893952 0.36232984 0.012716883 0.01137975 0.015409524 0.009462601 0.028065069 0.008863278 7.381258e-06 0.0002018374 6.246969e-05 0.0013407094 0.018194549 0.000471968 0.03952031 0.0012422036 0.036591604 0.00099377 0.0006115731 0.03445791 0.000970516 0.016451739 0.0015426367 0.0013160983 0.00072005036 0.0004629748 0.002544268 0.0027488214 0.0002708761 0.00019147873 1.347938e-08 6.2512896e-05 0.001725626 0.0004884782 0.0005681796 7.82853e-05 0.00011677332 3.7539e-05 0.00010491868 0.00015187962 0.000265491 1.3401354e-05 0.010957981 0.00033327067 0.00015868543 1.1799593e-05 0.0002492968 5.191876e-05 1.8725792e-05 0.0010344458 8.157146e-05 6.716596e-05 0.0005394198 4.157646e-05 4.7486606e-05 9.441844e-06
0.666226 0.06109168 0.03159355 0.32414594 0.3086526 0.29358727 0.079173625 0.4703261 0.5138021 0.013708841 0.02201341 0.08454941 0.1012865 0.011396416 0.06140965 0.03008581 0.62260514 0.06363439 0.09325514 0.012510046 0.015632145 1.6218464e-17 0.49238345 0.036127966 0.61650646 0.027808523 0.5919843 0.5730321 0.5321597 0.014221005 0.19741634 7.4092815e-05 5.0633276e-05 0.048883967 0.28964537 0.2970975 0.012250842 0.00019016137 0.018270299 0.0039911782 0.06962819 0.02539326 0.0016254488 0.019649869 0.07183624 0.009333206 0.008965335 0.0041260603 0.0070806206 0.107479475 0.022866799 0.003360294 0.003416342 0.009282653 0.040876724 0.041489344 0.00041114874 0.00052975945 3.5822013e-05 7.6807235e-05 3.8277743e-05 0.00012403398 0.0016871467 2.9057563e-05 0.0010138609 0.001138704 0.00050018355 0.018944021 0.076843955 0.33852983 0.00011987074 0.2766452 0.22967084 2.1715465e-05 1.24479e-05 0.00013649529 9.947698e-06 0.081649564 0.0015238372 0.010891724 6.932116e-05 0.00035703715 2.7864362e-05 0.00022616169 0.00035581822 0.0019713282 6.681476e-05 0.15129372 1.2929246e-05 0.00082483713 6.426758e-05 0.022447426 2.657695e-05 3.9248403e-06 0.10228614 5.664807e-06 0.009817085 6.7391477e-07 2.300854e-06 1.9075133e-06 0.0011406512
0.47478616 0.021187011 0.010717277 0.16205154 0.23139302 0.2840784 0.17246722 0.28039864 0.33470348 0.0075345007 0.0028527582 0.19844142 0.015255232 0.0010660915 0.18793389 0.052127954 0.6408989 0.005843566 0.4286228 0.00078454264 0.054436166 0.49238345 8.4439915e-19 0.0029718953 0.12278091 0.0014715533 0.31420398 0.34203064 0.7674386 0.0781607 0.5820071 1.2417593e-05 7.0888595e-06 0.22654298 0.06790516 0.074409425 0.04736791 8.0171376e-05 0.05803 0.00036592415 0.25279516 0.030972883 0.000120555385 0.11895064 0.013749082 0.026314292 0.016029933 0.013758231 0.0379442 0.29777378 0.10476744 0.008092363 0.009077601 0.0017765581 0.006724399 0.005163484 0.006150395 0.0010331715 2.3079492e-05 0.00011674694 0.000373489 0.00054214394 0.008482277 0.00067716057 0.0006506534 0.0062010395 0.001146013 0.06555088 0.13491248 0.08012366 0.00020548646 0.21407653 0.21318865 0.0001926927 7.634897e-05 1.6955097e-06 5.51667e-05 0.103392 0.007347726 0.03074556 0.0006021995 0.0014026723 8.9734865e-05 0.0008224716 0.0013675092 0.0060010236 5.204557e-05 0.11122174 7.782193e-05 0.0025245855 0.00034734025 0.005251576 0.00018288914 2.991035e-05 0.043096766 2.5051691e-05 0.012679712 1.30974195e-05 1.3921031e-05 1.4323223e-05 0.0033812372
0.3606471 0.002712216 0.013207675 0.022003697 0.0050810706 0.003918772 0.0011844833 0.010337752 0.012534223 0.00030864414 0.082737796 0.001614778 0.26208413 0.03255882 0.0011231357 0.0002679706 0.007928203 0.5080636 0.0008074055 0.26656502 0.0003954352 0.036127966 0.0029718953 1.5019078e-19 0.24213721 0.69740593 0.01351011 0.009595106 0.002049599 0.0005932759 0.0009928151 3.645319e-05 0.00057496893 0.0003069276 0.050245494 0.03933229 0.00031460228 2.7656802e-07 0.00016842305 0.050504345 0.00035435276 0.00022539364 0.014871755 0.00017391077 0.66613734 0.0001375426 0.0002660014 0.0001410238 0.00013279088 0.00041414428 0.00010222391 0.000106642896 0.00013402947 0.26414433 0.32287365 0.29710975 2.236843e-05 9.951559e-06 3.455716e-05 1.48161325e-05 2.3059526e-06 1.4980363e-05 4.6875507e-06 8.6086163e-07 2.7119959e-05 6.0151706e-06 9.050721e-06 1.10034125e-05 0.00011532375 0.27054086 1.3790378e-06 0.003031064 0.0015797118 8.664533e-07 1.034064e-06 0.0029208844 5.564006e-07 0.00016285993 1.5032778e-06 5.296824e-06 6.8725046e-07 6.1742134e-07 1.5486764e-06 3.523339e-07 6.957714e-07 1.6820682e-06 1.9681873e-05 0.0008234757 3.9046327e-07 7.3070896e-07 6.336947e-08 0.06155484 3.049084e-08 9.066248e-09 0.018307082 8.198148e-08 5.2202995e-05 1.0408775e-07 5.0222496e-08 4.9364147e-08 8.102847e-06
0.7286823 0.045771457 0.062938236 0.32598788 0.13371474 0.084351815 0.031627405 0.36941832 0.4476387 0.011412611 0.12341144 0.02304022 0.48040807 0.04767799 0.013919572 0.0075232345 0.2999815 0.39686787 0.016012348 0.11012415 0.005258901 0.61650646 0.12278091 0.24213721 6.1954896e-16 0.18140478 0.47620705 0.42526314 0.13986768 0.0066186762 0.035885718 0.0003176066 0.00033435275 0.011673364 0.6601756 0.57428014 0.0041507725 2.5379673e-05 0.004024381 0.035264216 0.020418309 0.0067181145 0.016969457 0.0041725715 0.25653818 0.002584072 0.0044924635 0.0011402749 0.0020008192 0.0259074 0.00511841 0.00096138974 0.0019823324 0.040882513 0.12612133 0.11309497 0.00031829308 0.00011318664 5.8694917e-05 5.0133473e-05 2.9138118e-05 4.2237236e-05 0.0006761319 3.0458888e-05 0.00033113948 0.0005074357 0.0001336876 0.0031164968 0.020852277 0.5811253 7.702833e-05 0.18654172 0.13543627 1.2576388e-05 1.3454165e-05 0.0031302269 6.5715726e-06 0.028059188 0.0004817341 0.0021670884 2.141126e-05 3.7543436e-05 9.049581e-06 2.18136e-05 4.3080763e-05 0.00032674702 1.9006393e-05 0.07958656 1.3580005e-05 9.923578e-05 4.7346266e-06 0.07792728 1.9425968e-05 4.552981e-06 0.1769845 4.0293153e-06 0.0025868558 7.6470513e-07 1.5870012e-06 9.838852e-07 0.00017947597
0.11582604 0.001542191 0.012671334 0.018967237 0.004405435 0.00408643 0.0010402986 0.008146663 0.00988187 0.00022644312 0.09386501 0.0011464913 0.28495413 0.035289027 0.00085032015 7.4883035e-05 0.00456815 0.5810973 0.0005763197 0.47227517 0.0001112787 0.027808523 0.0014715533 0.69740593 0.18140478 3.6400512e-19 0.006247088 0.004379503 0.001418662 0.00024238421 0.00030359082 0.00011020474 0.00093153724 0.00014725691 0.02578478 0.019573614 7.662572e-05 8.803183e-08 8.637094e-05 0.11176118 0.00011905081 4.02959e-05 0.03423846 5.863573e-05 0.6117734 4.678875e-05 5.3792748e-05 5.2258732e-05 2.0617928e-05 8.588387e-05 3.103953e-05 3.06111e-05 3.0045521e-05 0.26468042 0.27622497 0.24104892 2.971844e-06 9.875174e-07 5.1827632e-05 1.149098e-05 3.717305e-07 3.0420406e-06 1.8659825e-06 1.3769413e-07 2.2933782e-05 2.2941776e-06 2.4711364e-06 2.3534412e-06 3.6390637e-05 0.13395832 7.5331805e-08 0.0009981125 0.000861127 5.8254898e-08 5.4885867e-08 0.0035446852 3.004596e-08 9.320544e-05 2.728474e-07 1.6689241e-06 1.0068269e-07 1.3114628e-07 5.1375256e-08 5.8056564e-08 1.3530196e-07 4.477978e-07 5.0406616e-06 0.00032208837 2.2052184e-08 2.2483769e-07 1.46714685e-08 0.045695215 3.1819456e-09 7.652226e-10 0.004652894 4.6586335e-09 1.0763589e-05 1.6627553e-08 2.7432123e-09 2.6242906e-09 2.1907113e-06
0.7555107 0.016373008 0.010002899 0.11283464 0.10843459 0.11186499 0.043510173 0.22374766 0.25152615 0.003693668 0.0071463734 0.05595405 0.036485724 0.002661919 0.039148256 0.013887596 0.40466362 0.024928747 0.061294124 0.004536916 0.009506228 0.5919843 0.31420398 0.01351011 0.47620705 0.006247088 1.8111235e-17 0.7782003 0.45217997 0.016759949 0.113091424 5.749618e-05 4.3686006e-05 0.033207882 0.3620679 0.39961097 0.013411782 4.5143646e-05 0.013721849 0.004311831 0.043778915 0.011666175 0.0010437111 0.015192729 0.04332247 0.009455501 0.00953333 0.0034733017 0.006231273 0.10612339 0.019843955 0.0043214234 0.005688378 0.0037248218 0.028772943 0.028477034 0.0007794591 0.00075045205 4.8015398e-05 0.00017085913 8.961479e-05 0.0002791784 0.0012748314 0.00012190505 0.0014737613 0.00094688433 0.00080703985 0.0362758 0.09418113 0.4084936 0.00016604245 0.2954363 0.22999029 4.7659458e-05 4.0572304e-05 0.000114945164 3.0267225e-05 0.0769063 0.0015597753 0.017597606 7.9279074e-05 0.00020682612 9.809125e-05 0.00014732855 0.00016735095 0.0026158066 5.5404966e-05 0.14672881 2.9506287e-05 0.001558637 0.00011134399 0.018834963 3.739989e-05 1.0924221e-05 0.12171971 7.1902614e-06 0.010251715 7.21704e-06 3.7502837e-06 4.0356913e-06 0.0016628165
0.7986024 0.012826797 0.007956497 0.09908793 0.10545719 0.11666486 0.051886003 0.20811604 0.22990961 0.0033547862 0.0052922596 0.06089169 0.029255508 0.0020042183 0.046195205 0.015300137 0.4019902 0.018058803 0.07320579 0.0029896977 0.011050284 0.5730321 0.34203064 0.009595106 0.42526314 0.004379503 0.7782003 7.48402e-18 0.5304511 0.018940985 0.14231032 4.4646436e-05 3.177449e-05 0.03997317 0.33600354 0.3787148 0.016462153 3.2696786e-05 0.017083298 0.003179151 0.05567343 0.012480227 0.00069500785 0.018481242 0.03674952 0.0100627085 0.009808902 0.0035664479 0.0074983654 0.16276465 0.024935579 0.005146307 0.0049940334 0.0036223866 0.02448463 0.026408767 0.0010258335 0.0010078849 5.0283197e-05 0.00028351613 0.0001226143 0.00049626513 0.0016744635 0.00016547447 0.0015287666 0.0012252968 0.0011140245 0.052510954 0.121748134 0.41901234 0.00023072108 0.32062903 0.26888922 6.281092e-05 6.298355e-05 6.180281e-05 4.533261e-05 0.08886596 0.0021330856 0.02620115 0.000107677835 0.00026003085 0.0001398655 0.0002356188 0.00021469872 0.0035724952 6.604655e-05 0.17700492 4.5101988e-05 0.0020042204 0.0001669058 0.015315583 5.423306e-05 1.5956233e-05 0.14865173 9.719429e-06 0.013240053 1.2870172e-05 5.245464e-06 7.7950035e-06 0.0027906843
0.8116689 0.011554861 0.0048645465 0.090977296 0.14326492 0.19534451 0.118618615 0.19656828 0.24652562 0.004234676 0.0020190203 0.15408394 0.013626217 0.000853623 0.16955446 0.034821928 0.5568337 0.005119797 0.372777 0.0008842229 0.042191837 0.5321597 0.7674386 0.002049599 0.13986768 0.001418662 0.45217997 0.5304511 5.189547e-19 0.07078837 0.59128433 1.9969923e-05 1.4484324e-05 0.20030099 0.12052953 0.1530792 0.0451666 4.0979176e-05 0.061660744 0.000547292 0.3300432 0.01938802 0.00014612934 0.182792 0.016575957 0.02301866 0.012793317 0.013349561 0.04652885 0.57856184 0.20793596 0.009352724 0.007502886 0.0012286269 0.008137641 0.008764856 0.013996512 0.001675807 2.5683274e-05 0.00028153497 0.0009886079 0.0011835878 0.020455334 0.0014199872 0.0010963057 0.014651253 0.001180471 0.2265271 0.3231536 0.17246868 0.00031527114 0.41933802 0.40484262 0.00030712053 0.00021392104 1.0978927e-05 0.00016337234 0.24591352 0.025078764 0.085698605 0.0007697953 0.0025779626 0.00021931235 0.0017908275 0.0022742762 0.010473215 6.318425e-05 0.26033723 0.000105511404 0.004005676 0.00060887204 0.0057021193 0.00027909054 4.345249e-05 0.07170032 3.174172e-05 0.024471967 2.6195874e-05 1.8312678e-05 3.218407e-05 0.004587892
0.014579658 0.008118239 0.00047673238 0.005368956 0.017497733 0.04190231 0.08752441 0.008780647 0.010076479 0.002197208 0.0002714986 0.11309781 0.0018998864 0.00014874527 0.22349018 0.10821316 0.034697022 0.0005543309 0.4028133 2.2922632e-05 0.36450356 0.014221005 0.0781607 0.0005932759 0.0066186762 0.00024238421 0.016759949 0.018940985 0.07078837 1.00075354e-19 0.27585426 2.500845e-06 3.9230116e-07 0.37354225 0.0043844823 0.005716832 0.6887375 5.367898e-05 0.31108966 7.2498906e-06 0.15945707 0.43054456 4.9847354e-06 0.17418471 0.0006920098 0.40302208 0.25781533 0.17504346 0.14766945 0.09663538 0.118293315 0.3698809 0.23394373 2.2878688e-05 0.00032520355 0.00015559453 0.05955376 0.075337335 3.033026e-06 0.0030655346 0.009510437 0.01125946 0.023773354 0.009022106 0.0020871006 0.02017123 0.038055964 0.021353487 0.021434804 0.00048413314 0.0026183238 0.00450308 0.0075301547 0.004272055 0.00241311 1.3242639e-08 0.0011801225 0.009314901 0.007201637 0.012551646 0.0026551492 0.0015219115 0.0004882994 0.0015234776 0.0018831778 0.0051370687 4.534106e-06 0.014824439 0.001680465 0.0041138525 0.0012306503 0.00031192755 0.0013704906 0.0011557732 0.0018768497 0.00083861424 0.0017364108 0.00052672654 0.000600565 0.0007045402 0.0015677054
0.4526251 0.0109551875 0.0019386437 0.037026998 0.09721965 0.16400862 0.14490731 0.08097084 0.09243214 0.003926295 0.0006135298 0.18934026 0.0051521235 0.0001867161 0.2889464 0.05270857 0.35705295 0.0012196576 0.68007886 0.0001429392 0.1651594 0.19741634 0.5820071 0.0009928151 0.035885718 0.00030359082 0.113091424 0.14231032 0.59128433 0.27585426 5.288107e-19 3.054847e-06 2.059371e-06 0.7150986 0.029781869 0.042954195 0.14802429 3.2613203e-05 0.30405796 6.341612e-05 0.7363262 0.06364598 2.3014565e-05 0.54890156 0.0077595725 0.07409749 0.03854285 0.03786907 0.12311419 0.55212855 0.36150625 0.021959994 0.02278201 0.00016974707 0.0030297232 0.0026463242 0.03311847 0.004044787 6.990694e-06 0.00043343316 0.0025673453 0.0015048335 0.028685536 0.0038423878 0.0006976961 0.023871176 0.0021234741 0.16456617 0.20436585 0.021978725 0.000496315 0.17293702 0.19342336 0.0007940309 0.00023948679 2.911773e-07 0.00014350726 0.12999235 0.020195123 0.05563401 0.0018220462 0.0034781925 9.3392824e-05 0.0022267925 0.002824306 0.009854973 7.549104e-06 0.063373975 0.00012428832 0.0045903237 0.0013220515 0.002229584 0.00066486344 6.762822e-05 0.008738378 4.1981264e-05 0.015361499 4.6732028e-05 2.433369e-05 3.335309e-05 0.0036709406
