3.0304512e-37 0.11357301 0.18505588 0.51799643 0.042231552 0.30150145 0.16875921 0.57730645 0.050511945 0.47784585 0.056478724 0.5710241 0.723048 0.057715893 0.89175105 0.022781206 0.8066464 0.8258895 0.5411791 0.21563192 0.95107067 0.5595555 0.978301 0.012525064 0.46374962 0.012321695 0.025497906 0.117896736 0.018861562 0.2970552 0.051442042 0.90308386 0.028514616 0.0043448145 0.054380387 0.0034321048 0.025174545 0.43074712 0.053100683 0.005848609 0.0073201135 0.79711545 0.004595586 0.013319226 0.9163286 0.08970553 0.052998744 0.06625856 0.001551904 0.13357489 0.08244341 0.6752639 0.08128741 0.2785421 0.0008418109 0.0014994635 0.0032354407 0.004559242 0.008588064 0.9777327 0.26543584 0.011380228 0.77127534 0.0010616988 0.00830215 0.97588617 4.2642372e-05 0.99694324 1.34588745e-05 0.0027242284 0.7612915 0.003595128 0.0036918542 0.06428859 0.44446927 0.00024010104 0.4144172 5.688735e-06 0.9814153 0.0036099078 3.261006e-05 0.0013184367 0.0032717395 0.00022516784 4.930779e-06 2.4691037e-06 0.0054799267 0.992984 0.08657463 8.085331e-08 0.9148713 3.4373454e-07 0.9521898 1.3520502e-08 0.00081178825 0.99043787 0.9919517 1.5842649e-07 0.013023827 6.649027e-07 5.0304725e-09
0.11357301 2.6084973e-23 0.6841427 0.5171483 0.3399451 0.18901362 0.15777098 0.30378363 0.26242584 0.15888572 0.22612606 0.0663213 0.028441899 0.048410326 0.10432814 0.21973069 0.14622453 0.16874003 0.016578842 0.03995539 0.12185805 0.007632849 0.068386436 0.12994209 0.026190294 0.17917779 0.08223091 0.0032009687 0.05980619 0.00860158 0.025708351 0.09159353 0.023009656 0.06838727 0.010755038 0.14598301 0.016860483 0.0034744083 0.0035501507 0.04919529 0.038380366 0.018076593 0.038155608 0.010421625 0.03307985 0.0012980575 0.0010120714 0.0007950205 0.038930096 0.0008183003 0.00070539134 0.00086021045 0.0004850727 0.00057637354 0.043119743 0.032708947 0.03372701 0.0019137751 0.00063313096 0.02440502 0.00047131936 0.00020004604 0.0006314419 0.03747969 0.0024709494 0.02972115 0.016523115 0.021392109 0.013526709 0.004315264 0.0032464226 0.0001895579 0.00014246615 8.318595e-05 0.0016892018 3.4919856e-05 0.00094838085 0.0016606097 0.006221971 8.3639934e-05 6.943106e-05 3.673402e-05 5.4235436e-05 3.647538e-05 0.0011928232 2.2542232e-05 3.594754e-05 0.000998888 0.00017561091 0.000117858566 0.0003569745 0.0002687794 0.0024067338 3.094334e-06 2.2599016e-07 0.0012378028 0.00058708666 4.594823e-07 4.4933117e-06 1.3266335e-07 2.7036415e-07
0.18505588 0.6841427 1.8608766e-23 0.54041874 0.21323675 0.3172662 0.08859871 0.5549873 0.22511578 0.35902935 0.20066571 0.044020314 0.018658284 0.028394112 0.10131197 0.19198091 0.26477006 0.28238964 0.011829678 0.056205586 0.19667111 0.005003735 0.06490166 0.10105552 0.050008 0.13618262 0.08153179 0.0020215875 0.030035533 0.012907701 0.029643638 0.14904755 0.014889877 0.038119912 0.0067188707 0.10427476 0.011731526 0.004362583 0.0021036556 0.026381293 0.028552203 0.030803692 0.034926627 0.006489638 0.05691895 0.000481439 0.0004035547 0.0002933042 0.01728163 0.0003028552 0.0009625452 0.0003642037 0.0007194549 0.00022680058 0.019001117 0.017214518 0.03331007 0.0014623682 0.0004391498 0.04393157 0.0005734012 0.0001571246 0.0010463436 0.02695523 0.003022824 0.037388373 0.010385917 0.021498863 0.007197033 0.0036546644 0.0022648533 0.0001398663 7.8707744e-05 1.7069633e-05 0.0008795745 1.4613386e-05 0.00045647004 0.0006134924 0.0096793715 3.713348e-05 3.5006815e-05 2.752424e-05 2.846034e-05 3.551241e-05 0.00032839025 8.381564e-06 7.290663e-05 0.0024197425 0.00019967741 3.1472486e-05 0.00058181724 5.069169e-05 0.0019033747 1.2310605e-06 1.9369747e-07 0.002603835 0.0008957028 6.721718e-08 4.1009625e-07 1.2380121e-07 2.3701642e-07
0.51799643 0.5171483 0.54041874 8.652399e-23 0.36475384 0.26345757 0.41647375 0.33346644 0.2538724 0.19008459 0.21715641 0.19457783 0.08346343 0.1084839 0.31478137 0.19556652 0.21361838 0.2781189 0.04579735 0.050174415 0.36346367 0.020903803 0.21305344 0.17743476 0.027256027 0.18944621 0.054643396 0.009433916 0.108801596 0.008193764 0.016065195 0.17620465 0.04501595 0.08293964 0.020722067 0.10705367 0.031420328 0.0033976757 0.0070468443 0.021421863 0.018198747 0.029739061 0.0181295 0.018584695 0.059630465 0.0032464718 0.0027465639 0.0024823218 0.031909212 0.003943489 0.0006204701 0.004794651 0.00061337365 0.0026548582 0.015289591 0.012345095 0.012275565 0.003563412 0.0013648898 0.036501862 0.00046754986 0.00048974354 0.0010120973 0.009222941 0.00043575474 0.11294577 0.0038515104 0.073743336 0.004227387 0.00088140136 0.013036701 4.7374786e-05 5.11687e-05 0.0012242116 0.0068172384 0.00011556608 0.0053774593 0.00014979055 0.008079871 1.25914e-05 0.00015007168 1.7165834e-05 1.3549863e-05 1.718903e-05 0.0012230092 1.220986e-05 2.3297804e-05 0.0018432655 0.0002251294 1.8177465e-05 0.0004771752 7.825217e-05 0.0070704045 2.1740134e-06 1.6914423e-07 0.0010517234 0.002753666 9.04321e-07 0.00017874097 7.8170594e-08 2.3006619e-07
0.042231552 0.3399451 0.21323675 0.36475384 9.170399e-22 0.18937302 0.48474967 0.12958187 0.28358278 0.11561174 0.25793916 0.18944313 0.0940643 0.16446197 0.19500229 0.3092604 0.10562724 0.10720995 0.071611464 0.04893187 0.12210211 0.039288964 0.11397674 0.3244365 0.033297252 0.3278098 0.10540966 0.012525422 0.15850763 0.010672033 0.03225608 0.08775792 0.050472233 0.16874589 0.030898139 0.25830448 0.035072997 0.0070838155 0.010600866 0.093403056 0.047455 0.015791131 0.034741104 0.02046344 0.028693443 0.005520657 0.0045148814 0.0028939447 0.08707369 0.003638932 0.0017356699 0.0039363857 0.00086834526 0.0020786535 0.07798932 0.039386448 0.020656846 0.0069817808 0.0031917477 0.01619013 0.00087838416 0.0013414008 0.00081215607 0.02935673 0.002156401 0.026429908 0.023562262 0.025827035 0.022452211 0.0021550655 0.0075946157 0.00014509022 0.000121672296 0.0006971989 0.004801847 0.000112802256 0.0033369544 0.0028156664 0.003638644 3.0757827e-05 0.00023471385 4.3513075e-05 1.893345e-05 5.568965e-05 0.0039728573 5.153964e-05 1.5180641e-05 0.0005028812 7.9581696e-05 0.0010026532 0.00019857618 0.0014376972 0.0053749857 5.640053e-06 8.930343e-08 0.001032779 0.0012571034 2.5738502e-06 1.3219254e-05 1.3737409e-07 6.570041e-07
0.30150145 0.18901362 0.3172662 0.26345757 0.18937302 1.3043818e-20 0.17760265 0.4881458 0.46053016 0.62354624 0.4922289 0.03394744 0.009474877 0.022305936 0.088756524 0.27199918 0.22338843 0.13742316 0.004686231 0.4626513 0.17739159 0.0018482753 0.047213122 0.074629284 0.34652135 0.17405502 0.28702334 0.00043064848 0.024305103 0.09765367 0.18530276 0.28971964 0.007843818 0.02940596 0.00452412 0.057723626 0.0065033576 0.05194142 0.0015145503 0.055988662 0.09191808 0.17533435 0.116216056 0.0037796313 0.19205633 0.0002296875 0.0002355662 0.00017193746 0.0106998645 0.00034554326 0.02086527 0.00058247877 0.017236292 0.00038049818 0.03462548 0.046187587 0.104549386 0.0009773041 0.0002861772 0.21418557 0.014198024 7.617936e-05 0.021970734 0.0723317 0.034660228 0.04615371 0.01131862 0.032945655 0.0032085285 0.038299903 0.0022657271 0.0058516376 0.0042057545 1.5117376e-05 0.000496445 1.16695e-05 0.00026251306 0.0012228162 0.03997298 0.0010493385 4.002646e-05 0.0012766137 0.00093861413 0.00087849644 0.00078681327 0.00035561805 0.0012148876 0.0120778885 0.0024200114 2.8571676e-05 0.0042537767 0.00015663716 0.00076434395 1.4759441e-05 3.592802e-06 0.010757131 0.0014249821 7.884924e-08 2.043362e-06 4.2768565e-06 3.1960587e-06
0.16875921 0.15777098 0.08859871 0.41647375 0.48474967 0.17760265 1.245775e-21 0.07272567 0.16722633 0.06329779 0.14805809 0.46324182 0.29038426 0.44810164 0.38714555 0.20772067 0.090161346 0.10988331 0.32878348 0.05939023 0.18778187 0.21717387 0.30914626 0.29965106 0.021176688 0.23907122 0.07163675 0.07037264 0.31619173 0.009305397 0.022487545 0.07986198 0.22559819 0.23493728 0.12039621 0.16830306 0.16034114 0.0038130626 0.04238456 0.053295217 0.029292338 0.0106243715 0.017720334 0.10171794 0.017520387 0.017125433 0.016787207 0.013815345 0.1303862 0.01410688 0.00080727227 0.013385581 0.00041400213 0.009310194 0.034959234 0.024675341 0.013985504 0.025216065 0.01070506 0.008389118 0.00069133827 0.0073768427 0.00052402494 0.013805422 0.0006044019 0.058034692 0.01462581 0.055464886 0.017960995 0.0009128212 0.028070442 3.488783e-05 3.473896e-05 0.00840683 0.017634146 0.0014402902 0.014843445 0.0007274682 0.0027795846 3.096567e-05 0.0011992304 1.2126263e-05 2.4098596e-05 3.0405283e-05 0.008972418 3.117341e-05 7.615063e-06 0.00033195177 0.00012391103 0.00024000146 0.00016115041 0.0017350955 0.018674657 8.939051e-06 1.8484964e-07 0.00067456753 0.0029930212 3.4027045e-05 0.0024546506 3.144218e-07 1.0077891e-06
0.57730645 0.30378363 0.5549873 0.33346644 0.12958187 0.4881458 0.07272567 2.5496493e-21 0.25086847 0.69122064 0.25913626 0.030191272 0.009271218 0.02296062 0.075948924 0.15987922 0.49624392 0.44826993 0.0061163204 0.10603114 0.29799828 0.0021753823 0.043968406 0.06422685 0.11065693 0.10553506 0.109820284 0.00095040124 0.016558837 0.021637784 0.0560924 0.38490418 0.010145791 0.020616466 0.004862935 0.054710142 0.00875914 0.009500919 0.0019891262 0.022085948 0.03159203 0.0735417 0.042827122 0.005540468 0.14227939 0.00023149469 0.00017802187 0.00017141044 0.009208606 0.0002912202 0.002422235 0.00029679868 0.0022224954 0.00023665356 0.012087792 0.014334142 0.03579863 0.001926715 0.00079345563 0.09270847 0.001955964 0.00029865987 0.00458894 0.022945736 0.007543333 0.05874643 0.00785744 0.026005307 0.0044671656 0.007290754 0.0024125099 0.00067138416 0.0003846791 2.9904675e-05 0.0010647147 5.667906e-05 0.0005797784 0.000607383 0.018903634 0.00013587331 0.00013684432 0.00014856282 8.7281864e-05 0.00012240506 0.0008294834 5.56906e-05 0.00023021908 0.0042294716 0.0006569825 2.2011309e-05 0.0015411492 7.566045e-05 0.0011968358 3.7276554e-06 1.0661248e-06 0.0048612673 0.0020566203 2.0751473e-07 5.0755566e-06 1.5348728e-06 2.180506e-06
0.050511945 0.26242584 0.22511578 0.2538724 0.28358278 0.46053016 0.16722633 0.25086847 2.375246e-22 0.32046372 0.6837095 0.064880475 0.021715187 0.03673673 0.090523764 0.45344234 0.15348406 0.12688766 0.013661074 0.25120148 0.1358611 0.0070320275 0.031566516 0.21744238 0.20108709 0.30116218 0.47757378 0.0013737935 0.06146099 0.05614702 0.18638995 0.18826279 0.012425271 0.07753383 0.008321167 0.18997769 0.010195972 0.03487025 0.0029204693 0.13343151 0.17058934 0.1147512 0.1718233 0.006178764 0.120106734 0.0014459343 0.0005801564 0.0005257479 0.03301008 0.0014446393 0.013918509 0.0010797003 0.010331228 0.0007120621 0.09117529 0.095227845 0.14127696 0.002042504 0.0011920151 0.07356331 0.010824608 0.00042450125 0.010988566 0.102755085 0.055011503 0.017469224 0.032128695 0.012302702 0.015385338 0.03883116 0.004418744 0.0072343517 0.0051826993 0.0001341168 0.0014924615 8.814722e-05 0.00074997806 0.006140918 0.015140737 0.0007049012 0.00021259888 0.0016911434 0.00044006357 0.002104095 0.0019300272 0.0010163174 0.00089500385 0.0029038002 0.0022102678 0.0005843496 0.0022418275 0.00094477093 0.001707955 5.244536e-05 1.1026518e-06 0.003914482 0.0006035832 1.6351045e-06 6.4699116e-06 3.4905022e-06 1.7552813e-05
0.47784585 0.15888572 0.35902935 0.19008459 0.11561174 0.62354624 0.06329779 0.69122064 0.32046372 1.12754015e-20 0.34553155 0.024745861 0.0068619517 0.019324131 0.06630801 0.18508168 0.33086997 0.2017831 0.003878991 0.21622176 0.17177115 0.0014628496 0.03268531 0.042094436 0.255678 0.09875035 0.16200459 0.0005014098 0.015756533 0.057455145 0.11465002 0.32756275 0.008186286 0.017187402 0.0051708184 0.04470738 0.0077070035 0.026072841 0.001768915 0.029253896 0.052282795 0.14031407 0.08400891 0.0041352054 0.19559622 0.00016520184 0.00015010344 0.00012001349 0.0076878658 0.0002122719 0.0101461345 0.0002445055 0.008165724 0.00016904064 0.012676024 0.021396225 0.06616 0.0015248504 0.00058461213 0.14815933 0.005664988 0.00021141247 0.015215364 0.037272133 0.025727646 0.04764384 0.0067673577 0.023799162 0.0024652157 0.019778315 0.0014368289 0.003275395 0.0019534864 1.2237395e-05 0.00058149715 2.5840853e-05 0.00025132802 0.00062889414 0.03157736 0.00054622337 7.2923045e-05 0.0004661957 0.00037673686 0.00036130365 0.0007103078 0.00012793914 0.00041587284 0.008835254 0.0012362278 1.7844537e-05 0.0033117959 7.301358e-05 0.00074623927 6.4797364e-06 1.6810353e-06 0.010605219 0.0017754318 7.726887e-08 2.4009048e-06 2.9906168e-06 2.6446476e-06
0.056478724 0.22612606 0.20066571 0.21715641 0.25793916 0.4922289 0.14805809 0.25913626 0.6837095 0.34553155 1.1467645e-21 0.05604141 0.018693024 0.030490577 0.07726223 0.44692633 0.16067676 0.119727075 0.011826807 0.28454408 0.13313492 0.0064106463 0.028482683 0.17153144 0.22338204 0.2919275 0.496391 0.0010452275 0.0528734 0.07790045 0.24727814 0.19700238 0.011388881 0.0661188 0.00830989 0.16398461 0.009307775 0.04880279 0.0026337607 0.13594969 0.18377765 0.13295387 0.19412914 0.005414947 0.12771694 0.0011914781 0.00044059198 0.00042888365 0.02824391 0.0011493919 0.018961798 0.0008516844 0.014463268 0.00061397 0.08242205 0.09708959 0.15929317 0.0017876561 0.00096978695 0.08698899 0.014161471 0.0003502555 0.014503192 0.11672771 0.073625535 0.018826356 0.030775353 0.012566312 0.012113931 0.05306356 0.0040415768 0.009894614 0.0067380564 8.98317e-05 0.0012599281 7.1009614e-05 0.0006057664 0.0061090076 0.019290753 0.0008976247 0.00017683287 0.002226933 0.00059773773 0.0027926695 0.0016682829 0.0011283733 0.0013974344 0.0034627926 0.0030166756 0.00040594465 0.0026640508 0.0007961438 0.0016129209 5.4085183e-05 1.6504357e-06 0.0047211456 0.0006988838 9.663986e-07 2.468009e-06 5.84882e-06 2.2473521e-05
0.5710241 0.0663213 0.044020314 0.19457783 0.18944313 0.03394744 0.46324182 0.030191272 0.064880475 0.024745861 0.05604141 1.3510134e-20 0.56727725 0.27504838 0.49142823 0.05364804 0.05151433 0.06921181 0.40452242 0.010069237 0.16778244 0.29449227 0.44348195 0.14951509 0.002765129 0.074386224 0.0124980565 0.099016614 0.24951501 0.0025027897 0.008598833 0.05113715 0.18212226 0.11798754 0.14879028 0.04393771 0.14461789 0.0007872647 0.07056695 0.012626568 0.006382823 0.0052678855 0.0059057698 0.11037223 0.011343393 0.02331428 0.020005923 0.017804882 0.05856734 0.028880157 0.00028617802 0.0433063 0.00019677696 0.020202471 0.0086401645 0.0053273365 0.0038146684 0.03526895 0.017292075 0.008661033 0.00017103454 0.010595377 0.00022875474 0.0027311505 0.00025516318 0.21744567 0.0020287526 0.3000826 0.0037658655 0.00069927645 0.06416763 3.6833226e-05 3.713663e-05 0.010996587 0.045920145 0.0025758727 0.044396393 7.348742e-05 0.0023870915 3.9018636e-05 0.002014686 2.6279698e-05 6.467509e-05 3.539444e-05 0.007207955 3.017094e-05 8.700449e-06 0.00026692922 4.2570413e-05 1.9998013e-05 4.1807707e-05 0.00036671574 0.05243239 2.5248162e-06 8.738426e-08 0.00018635496 0.014484103 1.11656655e-05 0.0040229615 9.391965e-08 2.4036575e-07
0.723048 0.028441899 0.018658284 0.08346343 0.0940643 0.009474877 0.29038426 0.009271218 0.021715187 0.0068619517 0.018693024 0.56727725 3.591403e-20 0.15687683 0.4134954 0.021337738 0.022656055 0.033485305 0.4013951 0.0025496434 0.08289127 0.32939395 0.39412603 0.060778018 0.00062580185 0.030923335 0.00465925 0.12701733 0.17223804 0.00089089543 0.004914208 0.017389769 0.14194515 0.057993088 0.13859889 0.018581882 0.12698442 0.00025040956 0.07472057 0.006049553 0.0032440175 0.0016153847 0.0028610844 0.1013984 0.0026933555 0.027676983 0.023781683 0.018551523 0.031655814 0.036665257 0.0001067419 0.07042318 8.3423736e-05 0.02652335 0.0035086113 0.0035265856 0.0046122926 0.03689233 0.022178695 0.0027339077 9.606116e-05 0.012866283 8.584915e-05 0.0024590474 0.00012508799 0.2059063 0.0015732575 0.30494592 0.0017142548 0.00044908593 0.11043069 2.2013175e-05 2.302036e-05 0.013819286 0.060509525 0.0038478754 0.055336997 4.459958e-05 0.0019569665 3.0856158e-05 0.0029491615 2.3057823e-05 5.640868e-05 3.706088e-05 0.0060234456 3.7978418e-05 1.4502818e-05 0.0002551369 2.87472e-05 1.2446949e-05 3.512228e-05 0.00021696578 0.08870182 2.2752197e-06 2.9950968e-07 6.605619e-05 0.02194325 1.7447534e-05 0.0071135694 1.6226066e-07 3.1512397e-07
0.057715893 0.048410326 0.028394112 0.1084839 0.16446197 0.022305936 0.44810164 0.02296062 0.03673673 0.019324131 0.030490577 0.27504838 0.15687683 1.0441335e-20 0.1973575 0.07302297 0.02416686 0.031334113 0.23486064 0.004820161 0.049773503 0.16932218 0.122890554 0.19280674 0.0033501538 0.09498012 0.016961813 0.0857221 0.2969211 0.0019383138 0.0034670287 0.014389194 0.25495312 0.17555702 0.181606 0.10056389 0.2146252 0.00087974186 0.06494757 0.028806375 0.011279655 0.0024269868 0.006611733 0.12760653 0.0039648386 0.013313683 0.016333513 0.010677347 0.120377615 0.010631238 0.00021256179 0.01187766 0.00010303833 0.005882731 0.022909481 0.011555092 0.008443288 0.0323139 0.011188733 0.0017273424 0.00024397536 0.0075145476 0.00017786051 0.0073287077 0.0002827439 0.025828512 0.008412102 0.026566658 0.010937972 0.00047322368 0.024118334 2.2859105e-05 2.2605956e-05 0.0075296303 0.017019643 0.0013266078 0.014814214 0.00031157167 0.0006683249 1.5806309e-05 0.0011771871 7.953758e-06 1.4976221e-05 2.2329807e-05 0.01051182 1.9929397e-05 5.6373533e-06 0.00014403692 1.1480006e-05 0.00018242473 3.539745e-05 0.0022496362 0.014840797 2.773976e-06 2.2407629e-07 0.00027297065 0.0030493096 6.436866e-05 0.0036162892 2.1037056e-07 2.2370702e-06
0.89175105 0.10432814 0.10131197 0.31478137 0.19500229 0.088756524 0.38714555 0.075948924 0.090523764 0.06630801 0.07726223 0.49142823 0.4134954 0.1973575 4.108042e-19 0.04168633 0.12014025 0.16261168 0.2877238 0.022152817 0.2837921 0.2159261 0.66568583 0.08223437 0.011762871 0.05176177 0.011622975 0.052918628 0.13836199 0.003350628 0.008823635 0.09768326 0.09328539 0.051869918 0.066867135 0.02299276 0.06697976 0.0014320054 0.028619988 0.007768973 0.006469484 0.011693793 0.0037695917 0.045516126 0.0288097 0.0109117385 0.008278737 0.0073588197 0.019298928 0.012877975 0.00055973895 0.028744886 0.0005764986 0.008549575 0.0037278552 0.0047251163 0.0035075124 0.015849475 0.0075657647 0.012743805 0.0003429242 0.004709523 0.000409406 0.001889367 0.00016610153 0.40646666 0.00095087185 0.4495591 0.0019322031 0.00056341616 0.07350601 9.676308e-05 7.9478246e-05 0.008653614 0.03779398 0.0013820946 0.035332847 6.0041864e-05 0.007627038 4.803188e-05 0.0014754318 5.0421782e-05 7.0404625e-05 3.8070815e-05 0.002802223 3.8511025e-05 3.5371162e-05 0.0027672236 9.656735e-05 1.7055818e-05 0.00026913258 0.00030007478 0.0720933 1.9247047e-06 2.3766259e-07 0.0012791463 0.07346225 9.7547245e-06 0.0054632286 2.2912708e-07 6.7867654e-07
0.022781206 0.21973069 0.19198091 0.19556652 0.3092604 0.27199918 0.20772067 0.15987922 0.45344234 0.18508168 0.44692633 0.05364804 0.021337738 0.07302297 0.04168633 8.980137e-22 0.09727789 0.08337556 0.016270718 0.14916183 0.0676589 0.00687638 0.013699706 0.3352951 0.08467023 0.44844708 0.5103997 0.0024327626 0.15483192 0.041044224 0.17272793 0.07239576 0.028788226 0.22157161 0.01596692 0.32190484 0.017873127 0.014161762 0.005903174 0.3685042 0.27561128 0.03749642 0.2517453 0.010233087 0.035592552 0.0018117919 0.0009633556 0.0008468141 0.112342656 0.0014518247 0.009951745 0.0014547908 0.006917921 0.0006772509 0.29140148 0.23258623 0.2557356 0.004776599 0.0021964726 0.016702626 0.0045038406 0.00092153915 0.0034993116 0.2265937 0.04758933 0.009814268 0.09868448 0.008740161 0.044875167 0.047959503 0.0037888486 0.0081954645 0.0054895375 0.001332092 0.0019409506 0.0005455458 0.0011153651 0.022208862 0.003970592 0.00026772998 0.0009643042 0.0024916513 0.00031221326 0.0033931553 0.013476749 0.0050559402 0.0005052275 0.0021930232 0.00048821254 0.008605363 0.00097421935 0.0045902818 0.003941568 0.0005324977 2.0299815e-06 0.0023724495 0.00033966856 4.6595276e-05 0.00022966693 2.3756655e-05 0.0002228897
0.8066464 0.14622453 0.26477006 0.21361838 0.10562724 0.22338843 0.090161346 0.49624392 0.15348406 0.33086997 0.16067676 0.05151433 0.022656055 0.02416686 0.12014025 0.09727789 1.2472746e-18 0.7694352 0.008884486 0.09133108 0.58454895 0.003016657 0.08936904 0.039617244 0.09221496 0.053954106 0.059644967 0.00114823 0.015762746 0.020513937 0.03895379 0.54212624 0.009341462 0.014636234 0.005167383 0.029551802 0.008129191 0.010437166 0.0025078095 0.013143517 0.019369552 0.08702395 0.020750202 0.005058791 0.14839424 0.0001513546 0.0001740518 0.000101923506 0.0073475265 0.00022838307 0.0030312059 0.0003468876 0.0023974604 0.00016401411 0.0065754345 0.009645797 0.019217309 0.0021862157 0.0006338646 0.087711774 0.0019634846 0.00021017434 0.0040259985 0.011188569 0.00333125 0.117462054 0.006490523 0.064982995 0.0037086552 0.0038890364 0.0040726345 0.00032356614 0.00024887442 5.4710566e-05 0.0020732963 7.6410455e-05 0.0011966383 0.00054563396 0.026604708 0.00014613951 0.00023538948 0.00019191494 0.0001224806 0.00022986368 0.0008733266 8.200475e-05 0.0003322824 0.0107272575 0.00080145616 0.00011666501 0.0019181632 0.0001700306 0.0014543594 1.0507184e-05 1.5565552e-06 0.015109416 0.007988258 2.7335372e-07 2.033932e-05 4.804258e-06 7.1772247e-06
0.8258895 0.16874003 0.28238964 0.2781189 0.10720995 0.13742316 0.10988331 0.44826993 0.12688766 0.2017831 0.119727075 0.06921181 0.033485305 0.031334113 0.16261168 0.08337556 0.7694352 2.2585215e-19 0.016563118 0.057086993 0.7522522 0.005586335 0.12150974 0.04509204 0.052764036 0.045967348 0.035511177 0.002385331 0.02114143 0.009906385 0.019798474 0.3675954 0.012174223 0.021745495 0.00679377 0.0316958 0.009846344 0.004768461 0.003370715 0.01198349 0.015197997 0.034899548 0.0126365 0.0065746736 0.08764858 0.00031845283 0.00036622802 0.00023336062 0.010487218 0.0003715009 0.0010261261 0.0004583256 0.0008682588 0.0003085959 0.006188447 0.0075297416 0.012158224 0.002596655 0.0008359066 0.047002845 0.00078272505 0.00036315838 0.0014319569 0.008812592 0.0013794624 0.1493762 0.0064698076 0.08133712 0.004372207 0.0022894691 0.004874668 0.00018274706 0.00013241089 0.00016125648 0.0029134576 0.00015137049 0.0021291773 0.0006011322 0.015525665 0.000106211024 0.00046455732 9.454987e-05 8.796499e-05 0.00011256131 0.0012550479 6.1039056e-05 0.00018652761 0.005875538 0.00046946036 0.000160977 0.00089022616 0.0003721225 0.0033629306 7.544879e-06 9.654765e-07 0.0075747743 0.008823601 8.07226e-07 8.690163e-05 3.943476e-06 7.540779e-06
0.5411791 0.016578842 0.011829678 0.04579735 0.071611464 0.004686231 0.32878348 0.0061163204 0.013661074 0.003878991 0.011826807 0.40452242 0.4013951 0.23486064 0.2877238 0.016270718 0.008884486 0.016563118 3.6544914e-20 0.0012041648 0.047894116 0.6317197 0.33071107 0.07550379 0.00022930339 0.032459658 0.0039285063 0.3087895 0.22493146 0.0005955101 0.0035738295 0.007052041 0.2310752 0.08122054 0.24645333 0.023337573 0.21930782 0.00012752776 0.17197719 0.004048166 0.0023354222 0.0005770732 0.0027433622 0.16370115 0.0010242283 0.07633975 0.06719488 0.05566424 0.049587008 0.0829261 7.853956e-05 0.11812393 3.4676603e-05 0.05613229 0.0038387289 0.0029380561 0.003787015 0.0721597 0.04435847 0.0009342373 7.014244e-05 0.028535163 5.375362e-05 0.002261111 9.049137e-05 0.12267905 0.0015836752 0.22151013 0.0023789124 0.0003400531 0.1504711 1.5814165e-05 1.5955839e-05 0.02870576 0.08657502 0.008446324 0.076858 4.312771e-05 0.000573591 3.982154e-05 0.0060491404 1.190939e-05 8.203417e-05 3.2639833e-05 0.010103341 6.198094e-05 1.0919804e-05 5.78087e-05 1.3840902e-05 2.4994371e-05 7.13479e-06 0.0005630501 0.097501636 3.7132645e-06 3.8969173e-07 2.4510375e-05 0.01016629 0.00014806508 0.016366716 1.6396007e-07 5.724106e-07
0.21563192 0.03995539 0.056205586 0.050174415 0.04893187 0.4626513 0.05939023 0.10603114 0.25120148 0.21622176 0.28454408 0.010069237 0.0025496434 0.004820161 0.022152817 0.14916183 0.09133108 0.057086993 0.0012041648 1.5745196e-20 0.07891243 0.00032643747 0.0145504605 0.024334043 0.5837266 0.0789176 0.2982236 4.7021495e-05 0.008655867 0.60338855 0.37326944 0.22990054 0.0038427326 0.007379742 0.0023591525 0.014153445 0.0031628602 0.2718152 0.00046497752 0.049130455 0.083069146 0.2330964 0.10349679 0.0016661381 0.20017417 6.356962e-05 7.0827075e-05 4.8896996e-05 0.002385156 0.00011116181 0.121077895 0.00030676374 0.111755215 0.0001589561 0.0189439 0.037469834 0.11074725 0.0006669849 0.00019159052 0.26320627 0.09250642 6.477688e-05 0.10988893 0.057747744 0.13289548 0.035339933 0.0042323484 0.02092431 0.0008246574 0.09584735 0.0017694362 0.044632286 0.034458935 2.3886465e-05 0.00026619938 1.7068916e-05 0.00010257723 0.00033603128 0.18724173 0.010583445 9.397068e-05 0.01157907 0.00793489 0.0061110645 0.00063027686 0.00090247736 0.017059937 0.0481397 0.022217177 6.458658e-05 0.038654145 0.0002266073 0.00018201549 2.1151785e-05 0.0005047873 0.020046283 0.0004928586 3.1123503e-07 1.258115e-05 0.00015647247 5.0039558e-05
0.95107067 0.12185805 0.19667111 0.36346367 0.12210211 0.17739159 0.18778187 0.29799828 0.1358611 0.17177115 0.13313492 0.16778244 0.08289127 0.049773503 0.2837921 0.0676589 0.58454895 0.7522522 0.047894116 0.07891243 8.61589e-19 0.016185328 0.23313037 0.037828248 0.062481746 0.030698473 0.030561209 0.0049695442 0.026999354 0.012724143 0.017835377 0.33250055 0.015031175 0.01853673 0.011194134 0.018130321 0.01421723 0.0059928256 0.0065508457 0.010769745 0.013879632 0.045565218 0.010119542 0.011816267 0.09166815 0.0009410342 0.00090194354 0.00078554323 0.00706049 0.0012155065 0.0017846478 0.0012931719 0.0018141321 0.0008953812 0.0059603173 0.0075327363 0.009199604 0.00442926 0.0020454426 0.055558637 0.0015154411 0.000931352 0.002385975 0.007946559 0.0008276032 0.23805398 0.0043713725 0.15541184 0.0031274282 0.001084199 0.009096514 0.0003064713 0.00026605165 0.000642306 0.005071427 0.00032967175 0.0042504435 0.0002756668 0.015305887 0.00017712705 0.0007203783 0.00015393234 0.00014694057 0.00010349974 0.0010060895 4.618961e-05 0.00013242693 0.007489361 0.0005368602 9.4475865e-05 0.0009916276 0.00027918798 0.008432348 5.4133457e-06 1.8016483e-06 0.0087864725 0.022592332 1.2638856e-06 0.00028281077 2.7263475e-06 4.7421054e-06
0.5595555 0.007632849 0.005003735 0.020903803 0.039288964 0.0018482753 0.21717387 0.0021753823 0.0070320275 0.0014628496 0.0064106463 0.29449227 0.32939395 0.16932218 0.2159261 0.00687638 0.003016657 0.005586335 0.6317197 0.00032643747 0.016185328 1.9040573e-20 0.2409298 0.03990228 6.188562e-05 0.020781953 0.0016057695 0.43040532 0.2050479 0.00015251407 0.0014962801 0.0021667236 0.2260267 0.048145078 0.2766777 0.016459538 0.22279254 3.441479e-05 0.21527493 0.0015026951 0.0013507642 0.00013875919 0.0013992233 0.18419589 0.00021630776 0.12559702 0.12561038 0.099072225 0.031741083 0.124303 1.5189027e-05 0.18075982 6.627866e-06 0.080263264 0.0016589874 0.0018967381 0.0020166473 0.08891074 0.074404635 0.00023153667 2.1272046e-05 0.05204149 1.9423282e-05 0.0015681922 2.0301955e-05 0.07635346 0.0011263875 0.15987542 0.002445182 7.49903e-05 0.19391887 4.6346804e-06 5.3072654e-06 0.04338156 0.121377766 0.013188612 0.10241123 3.201045e-05 0.0003635813 1.4049763e-05 0.0076611694 4.6272826e-06 3.258833e-05 1.1371402e-05 0.009249599 2.3256758e-05 7.820505e-06 3.177973e-05 6.023626e-06 2.1686594e-05 2.3815621e-06 0.0006813995 0.11486132 2.0931182e-06 5.96529e-07 1.4772016e-05 0.010884673 0.00086801907 0.026126219 1.0845649e-07 4.9111173e-07
0.978301 0.068386436 0.06490166 0.21305344 0.11397674 0.047213122 0.30914626 0.043968406 0.031566516 0.03268531 0.028482683 0.44348195 0.39412603 0.122890554 0.66568583 0.013699706 0.08936904 0.12150974 0.33071107 0.0145504605 0.23313037 0.2409298 1.3109471e-19 0.027781166 0.0072331475 0.015534818 0.003882651 0.04371856 0.06995075 0.0021272514 0.0054124324 0.052159708 0.05077318 0.020123689 0.047274508 0.009545579 0.043027863 0.0006871644 0.019969437 0.0017013807 0.002136967 0.0039447923 0.0015738014 0.029325856 0.009294936 0.0076513486 0.005782072 0.0052386704 0.011950246 0.009282303 0.00023848716 0.025472179 0.00021571569 0.0065468648 0.0006341594 0.0012959177 0.0024583838 0.0120382365 0.005440178 0.0059107225 0.00022932264 0.0033402191 0.00019568835 0.0010788038 0.00010364049 0.44462934 0.0003303282 0.43734217 0.0008453302 0.00020859246 0.073505804 7.537921e-05 8.834263e-05 0.007423247 0.030011382 0.0008261065 0.026795682 2.0773356e-05 0.0041437107 5.9409176e-05 0.000871205 7.285444e-05 8.24585e-05 2.8829838e-05 0.0010918436 1.9562762e-05 5.664412e-06 0.0015710535 3.143964e-05 5.585616e-06 0.00018562471 0.00013585931 0.07046109 7.6626225e-07 1.591693e-07 0.00061605795 0.11359974 4.2083057e-06 0.0044544116 4.882188e-07 1.2591647e-06
0.012525064 0.12994209 0.10105552 0.17743476 0.3244365 0.074629284 0.29965106 0.06422685 0.21744238 0.042094436 0.17153144 0.14951509 0.060778018 0.19280674 0.08223437 0.3352951 0.039617244 0.04509204 0.07550379 0.024334043 0.037828248 0.03990228 0.027781166 2.195377e-23 0.01035106 0.506577 0.1670071 0.017083803 0.37158367 0.01165692 0.036530342 0.015884412 0.14102028 0.4792387 0.059895564 0.48450315 0.09916254 0.0032895647 0.017094316 0.23393607 0.10673191 0.0067355926 0.054122433 0.080453254 0.0060065435 0.0030561965 0.0033167235 0.0023318701 0.30582514 0.004010636 0.0013943611 0.0042153033 0.0006174714 0.0017223697 0.21689184 0.11390257 0.044084936 0.015690336 0.005052352 0.0028614718 0.0014036277 0.0025164664 0.0012676296 0.070015945 0.0060419193 0.007439934 0.069548644 0.0053000688 0.058429543 0.006214597 0.006514907 0.0009338646 0.0007089857 0.0026519482 0.003447944 0.00040724987 0.0022981984 0.008387274 0.0011096792 2.7229684e-05 0.000714666 0.0002801105 2.6745016e-05 0.0012642937 0.014423433 0.0011127859 2.3529128e-05 0.0003970736 7.087018e-05 0.009882638 0.00015346387 0.012832467 0.0056757517 0.00011512452 2.0979734e-07 0.0002489122 0.0001938018 0.00022961435 0.00042049965 5.0477183e-06 4.4764278e-05
0.46374962 0.026190294 0.050008 0.027256027 0.033297252 0.34652135 0.021176688 0.11065693 0.20108709 0.255678 0.22338204 0.002765129 0.00062580185 0.0033501538 0.011762871 0.08467023 0.09221496 0.052764036 0.00022930339 0.5837266 0.062481746 6.188562e-05 0.0072331475 0.01035106 3.0652173e-20 0.030390037 0.20152469 3.5218178e-05 0.006608597 0.5918558 0.33186606 0.3576087 0.0037722816 0.005127554 0.0021932449 0.007980133 0.004125476 0.49349195 0.0008732112 0.011132243 0.03684181 0.5368668 0.09880455 0.0028144773 0.46865427 2.5661677e-05 5.456056e-05 2.2798451e-05 0.001984517 4.3998793e-05 0.14836022 4.7034726e-05 0.114689864 3.6763813e-05 0.005532645 0.0106165465 0.06365119 0.000828699 0.0003630415 0.48881775 0.13125841 0.0001469323 0.26349086 0.018191634 0.13759986 0.031418413 0.0014704157 0.010320819 0.00077962736 0.08956722 0.0008357499 0.063427314 0.04793711 1.5852216e-05 0.00014342285 3.539991e-05 5.6048277e-05 0.0001546799 0.2508008 0.006646241 0.00013576438 0.007692871 0.0054819966 0.0033591033 0.00035920052 0.00029585563 0.012789182 0.046448868 0.012909282 1.93307e-05 0.050618403 8.950734e-05 0.00015286208 7.6047654e-06 0.00042186189 0.016091283 0.000932993 1.2982994e-07 2.0936362e-05 2.916734e-05 6.403103e-06
0.012321695 0.17917779 0.13618262 0.18944621 0.3278098 0.17405502 0.23907122 0.10553506 0.30116218 0.09875035 0.2919275 0.074386224 0.030923335 0.09498012 0.05176177 0.44844708 0.053954106 0.045967348 0.032459658 0.0789176 0.030698473 0.020781953 0.015534818 0.506577 0.030390037 1.5595082e-22 0.3074703 0.005254349 0.21705572 0.028359754 0.101297855 0.020809326 0.052320085 0.35935056 0.032327514 0.52284235 0.03776612 0.006615862 0.007941255 0.37272292 0.19206747 0.012622565 0.1387845 0.022775237 0.008428602 0.0013647921 0.0010851434 0.0008157221 0.23575656 0.0013200548 0.0031340176 0.001721877 0.0017206311 0.0005026292 0.32515463 0.20558399 0.12928796 0.005214946 0.0022713165 0.004137689 0.0018185502 0.0009319317 0.0011529517 0.15114215 0.017842447 0.007121239 0.10987679 0.008492949 0.06574782 0.019335814 0.003193253 0.0015302391 0.00090169883 0.0010958734 0.0013992087 0.0004186612 0.00082298747 0.016763011 0.0014068226 5.4834414e-05 0.00076166505 0.0009349281 8.2918166e-05 0.0017487823 0.013707854 0.0023321025 0.00026202985 0.0014150211 0.00020258062 0.013559009 0.00023133933 0.0066627003 0.0069191586 0.0005169093 8.0557874e-07 0.00076824194 0.00023674725 0.00013012279 5.5598055e-05 1.954635e-05 0.00017006905
0.025497906 0.08223091 0.08153179 0.054643396 0.10540966 0.28702334 0.07163675 0.109820284 0.47757378 0.16200459 0.496391 0.0124980565 0.00465925 0.016961813 0.011622975 0.5103997 0.059644967 0.035511177 0.0039285063 0.2982236 0.030561209 0.0016057695 0.003882651 0.1670071 0.20152469 0.3074703 2.762027e-22 0.0005155207 0.050938185 0.19914098 0.6093656 0.066789255 0.015208451 0.075024 0.011711666 0.13779944 0.013831066 0.10786215 0.0053634597 0.3419918 0.41664433 0.0784152 0.45285407 0.008557324 0.049808886 0.0011761643 0.0006198932 0.0006774522 0.042241983 0.0013427383 0.05476955 0.0010698226 0.049130432 0.00066191587 0.20631781 0.2500717 0.37821034 0.0053271055 0.0024939217 0.024571972 0.025610497 0.0009970827 0.013299082 0.29512 0.31486455 0.009769542 0.04527964 0.005981366 0.013070661 0.1837481 0.003759498 0.04855711 0.036929734 0.0011691017 0.0007027143 0.0003476504 0.0003081903 0.0119640725 0.009713805 0.0050252858 0.0007289398 0.015387943 0.004274476 0.010670781 0.0066447677 0.011702037 0.008597997 0.0035282236 0.0045411475 0.0029393858 0.0026566184 0.0023876752 0.0008211721 0.0005936208 1.9922461e-05 0.002796186 5.280088e-05 3.853356e-06 6.797434e-05 0.00021820415 0.0006344721
0.117896736 0.0032009687 0.0020215875 0.009433916 0.012525422 0.00043064848 0.07037264 0.00095040124 0.0013737935 0.0005014098 0.0010452275 0.099016614 0.12701733 0.0857221 0.052918628 0.0024327626 0.00114823 0.002385331 0.3087895 4.7021495e-05 0.0049695442 0.43040532 0.04371856 0.017083803 3.5218178e-05 0.005254349 0.0005155207 4.1054392e-20 0.086595416 5.7814817e-05 0.00023868738 0.0006018768 0.12842917 0.026146915 0.2629134 0.00579263 0.15078771 2.1813226e-05 0.34277692 0.00045165652 0.00042087413 5.687681e-05 0.0004949854 0.12286132 5.9265778e-05 0.1510954 0.23914434 0.16205002 0.023112208 0.11603616 5.0498134e-06 0.13123308 1.4915677e-06 0.074643396 0.00069837575 0.00061675726 0.00048495384 0.08749727 0.10789165 5.6626166e-05 6.2581043e-06 0.09475132 8.6507835e-06 0.00041359704 1.6322183e-05 0.014490044 0.00029521866 0.02873965 0.0011588061 9.668693e-06 0.16293888 2.6931025e-06 2.7948952e-06 0.06375085 0.14844914 0.024374846 0.13535741 1.5301792e-05 6.0450257e-05 1.6516088e-06 0.012619838 1.3896021e-06 2.3367752e-06 2.0173984e-06 0.00699872 6.151166e-06 1.2056274e-06 4.0918e-06 2.543814e-07 1.8947358e-05 5.695817e-07 0.0011712884 0.051326934 5.53589e-07 6.613104e-08 3.6831027e-06 0.0021354386 0.001409454 0.033573933 5.5751048e-08 4.4214497e-07
0.018861562 0.05980619 0.030035533 0.108801596 0.15850763 0.024305103 0.31619173 0.016558837 0.06146099 0.015756533 0.0528734 0.24951501 0.17223804 0.2969211 0.13836199 0.15483192 0.015762746 0.02114143 0.22493146 0.008655867 0.026999354 0.2050479 0.06995075 0.37158367 0.006608597 0.21705572 0.050938185 0.086595416 3.9285994e-21 0.0070962366 0.015582731 0.009641603 0.42274952 0.39407483 0.26068398 0.22492272 0.38180575 0.0033129805 0.08407393 0.12336604 0.033622533 0.005887945 0.013009072 0.35613722 0.0058298195 0.016139818 0.016955765 0.013803368 0.29293877 0.011539016 0.001497335 0.011495947 0.0005306372 0.0068251262 0.104526125 0.040957388 0.008610621 0.07839501 0.019684713 0.0033237815 0.0022072492 0.01637226 0.0017098245 0.013878488 0.0028320064 0.012225014 0.026851615 0.014618057 0.026150087 0.001896249 0.018089114 0.000102072234 7.670029e-05 0.006279017 0.013255397 0.0029573562 0.012872413 0.0022351062 0.0010135148 2.1078808e-05 0.0029242123 2.295943e-05 1.3304359e-05 0.00018939219 0.04508135 0.00020389065 4.3808664e-05 0.000512325 0.0001802133 0.0025967737 7.69593e-05 0.010206762 0.01629175 1.7434279e-05 7.3703056e-08 0.00019800055 0.0015313436 0.00021988325 0.003882977 6.676941e-07 1.4043897e-05
0.2970552 0.00860158 0.012907701 0.008193764 0.010672033 0.09765367 0.009305397 0.021637784 0.05614702 0.057455145 0.07790045 0.0025027897 0.00089089543 0.0019383138 0.003350628 0.041044224 0.020513937 0.009906385 0.0005955101 0.60338855 0.012724143 0.00015251407 0.0021272514 0.01165692 0.5918558 0.028359754 0.19914098 5.7814817e-05 0.0070962366 3.090142e-20 0.38483536 0.07446894 0.0050392966 0.0074988194 0.0020658681 0.010608986 0.0041728322 0.6803892 0.00066542544 0.015483908 0.046932638 0.26894975 0.10308279 0.0028856175 0.12190282 1.948774e-05 2.7961683e-05 1.2666977e-05 0.0056136656 2.4950095e-05 0.44445914 4.988999e-05 0.40423256 2.3276883e-05 0.008652624 0.019544281 0.107062034 0.0008360038 0.00019852504 0.18200155 0.21929343 6.454477e-05 0.31584942 0.025734333 0.2233083 0.009062951 0.0044409824 0.0041614403 0.0030438255 0.1497321 0.00015155046 0.12669776 0.094077796 1.5323449e-05 1.6752556e-05 2.6360978e-05 4.7072667e-06 0.00063748413 0.25321546 0.02169557 0.000116055344 0.024848254 0.015831565 0.01862895 0.00093681616 0.0015826401 0.025503287 0.04723542 0.030783048 4.7727415e-05 0.0674234 0.00026407916 3.526143e-05 2.4900179e-05 0.0022791007 0.013620102 0.000101375976 2.1963352e-07 9.3059504e-07 0.0011005624 0.0001014638
0.051442042 0.025708351 0.029643638 0.016065195 0.03225608 0.18530276 0.022487545 0.0560924 0.18638995 0.11465002 0.24727814 0.008598833 0.004914208 0.0034670287 0.008823635 0.17272793 0.03895379 0.019798474 0.0035738295 0.37326944 0.017835377 0.0014962801 0.0054124324 0.036530342 0.33186606 0.101297855 0.6093656 0.00023868738 0.015582731 0.38483536 4.5693933e-19 0.07577607 0.00836598 0.011061238 0.0073060947 0.014444768 0.006842273 0.25881144 0.0016936281 0.100305416 0.18642785 0.1648945 0.3311698 0.0046829134 0.09725243 0.0005788149 0.00025665876 0.00029874587 0.007325361 0.00030035796 0.15637317 0.00041322445 0.14883205 0.00022530273 0.034509912 0.06545858 0.27131018 0.0012722961 0.00080513954 0.06691776 0.12207818 0.0003464741 0.082413346 0.069254234 0.5521717 0.004468301 0.009605815 0.003291694 0.002384667 0.3476782 0.00038737373 0.25165123 0.20262225 0.00039633678 9.297593e-05 5.9720238e-05 3.4107976e-05 0.0011719957 0.03327002 0.02758203 0.00036852056 0.0642418 0.020348212 0.027614644 0.0027732896 0.0026285553 0.04489836 0.005723561 0.021415668 0.0001624117 0.012153842 0.0006038771 8.9641966e-05 3.1233103e-05 0.0018395463 0.0072393892 9.566284e-05 1.1880264e-06 5.8041787e-06 0.0011628054 0.00048431623
0.90308386 0.09159353 0.14904755 0.17620465 0.08775792 0.28971964 0.07986198 0.38490418 0.18826279 0.32756275 0.19700238 0.05113715 0.017389769 0.014389194 0.09768326 0.07239576 0.54212624 0.3675954 0.007052041 0.22990054 0.33250055 0.0021667236 0.052159708 0.015884412 0.3576087 0.020809326 0.066789255 0.0006018768 0.009641603 0.07446894 0.07577607 5.2049572e-17 0.0060633426 0.009352233 0.0037601236 0.008857228 0.0055141486 0.06317812 0.0019064521 0.01114811 0.021505598 0.48845205 0.02205331 0.0037520013 0.75598973 6.52293e-05 0.00012240506 6.142681e-05 0.0038161513 0.00013028621 0.020631896 0.00028075985 0.015964866 9.392991e-05 0.004325406 0.00938766 0.023756122 0.00177233 0.0006783369 0.51856095 0.025062196 0.00025133858 0.062850334 0.010208855 0.00692129 0.1371164 0.004563856 0.07406713 0.002558052 0.006384451 0.0058035064 0.0029389851 0.0028471674 6.289928e-05 0.0016859821 8.694017e-05 0.00090855465 0.0004231894 0.122445025 0.0012143698 0.00028542985 0.00084121304 0.001045414 0.00075126527 0.000519882 0.00022993845 0.0017765089 0.059234507 0.0039565214 0.00010011506 0.007872148 0.00018327973 0.0019734716 1.885354e-05 1.5018699e-05 0.035080846 0.021994561 3.174205e-07 0.0001437811 1.4343152e-05 9.923697e-06
