1.4443894e-31 0.46414047 0.455753 0.19202323 0.1444167 0.09937049 0.5932928 0.2553449 0.056356117 0.459305 0.04693551 0.035603244 0.040068425 0.050179966 0.011136448 0.009947467 0.80861247 0.015164937 0.013669976 0.73114526 0.0462762 0.0049346224 0.042478215 0.006602058 0.15511921 0.004999964 0.9836761 0.004183676 0.23379593 0.013051921 0.60213125 0.08439463 0.7957739 0.73773223 0.0010731973 0.0046051876 0.019372039 0.0032890458 0.0017262251 0.0027196428 0.004348021 0.6337753 0.97583884 0.89024144 0.0016073026 0.8812726 0.877302 0.0005918891 0.0007899726 0.9651857 0.00054818916 0.0068124584 0.0006065364 0.00021072447 0.00060939946 0.38463926 0.00014215073 1.7111031e-05 0.07490247 0.064665586 0.006599477 0.056932017 0.0038142484 0.0003026089 0.0013258836 6.440741e-05 5.0772098e-05 0.00031596705 7.2306675e-06 5.1288986e-05 2.6534774e-06 0.5165732 7.976021e-06 6.3089954e-07 1.681866e-06 1.1961029e-07 1.3005022e-06 1.4115847e-06 2.397491e-06 8.76957e-05 6.451016e-06 0.0013963201 4.6280263e-07 1.614663e-07 1.2376219e-08 0.9624177 1.0928815e-07 3.204406e-06 1.6076879e-06 3.40225e-09 6.9190187e-09 1.7679144e-09 1.807029e-08 0.10317008 6.766737e-09 0.00081196206 3.521087e-08 0.9722793 2.9550409e-09 1.0368961e-08 3.7245227e-09
0.46414047 3.2350438e-21 0.32561755 0.5442014 0.39441755 0.17518905 0.15584128 0.3631696 0.3292152 0.04082699 0.29474202 0.1762728 0.11358915 0.10283097 0.053566076 0.041444678 0.618808 0.08894193 0.08097174 0.5105753 0.052304536 0.0274194 0.02608928 0.16092454 0.008317806 0.013517061 0.6080984 0.05294597 0.0009397978 0.0351214 0.022261754 0.0038861681 0.0028024968 0.0023391745 0.017616339 0.013185857 0.00011173352 0.013281763 0.056447275 0.030500434 0.009043772 0.00062403956 0.46101552 0.029735647 0.016824745 0.032544825 0.10648701 0.032359306 0.014476432 0.015146927 0.03206795 0.00033293996 0.017916722 0.00477294 0.013765743 8.727304e-05 0.016203398 0.00051551976 0.00019308877 8.337426e-05 0.0015216676 3.9199378e-05 0.0041048564 0.014156584 0.008504297 0.014064787 0.0076317526 0.009773078 0.009832128 0.0035551311 0.0008099289 9.23096e-05 0.0051814 0.0009039054 0.0016110478 0.00068989233 0.0012648142 0.009150173 0.0031662341 0.0011898406 4.283761e-05 7.051167e-05 0.0050973515 0.01038348 0.00038559275 0.19270718 0.0013419874 0.00040979427 0.0005343734 2.7370472e-06 0.00055614393 0.00032577192 0.003397507 1.7191163e-05 0.0038731757 0.00010674241 0.0030743077 0.0017351451 0.0049980683 0.0018951996 0.0010292795
0.455753 0.32561755 1.0197162e-21 0.023366345 0.014218003 0.7427118 0.58901304 0.019636333 0.0856229 0.22074541 0.1051626 0.3153573 0.29740304 0.020073073 0.0023072078 0.002929295 0.14256407 0.16610111 0.033406846 0.10017118 0.14307855 0.00058372546 0.080545306 0.13375108 0.04548512 0.0003106448 0.4835532 0.027295202 0.004006872 0.095650986 0.0053417548 0.0135635305 0.026167842 0.023011412 0.0016166345 0.047781467 0.00308492 0.039335113 0.052936472 0.076816835 0.022702357 0.0019128527 0.09951992 0.009366443 0.004053068 0.0063057267 0.009354285 0.08162595 0.0063099316 0.04683227 0.06184776 2.4025027e-05 0.050294846 0.0006581859 0.005551154 0.00078192557 0.039238047 0.00023090182 0.00078882003 0.00070915243 0.002547121 0.00047269798 0.007940718 0.0074834237 0.016234798 0.0134067945 0.00575688 0.018509256 0.012644842 0.0012293735 0.000120472985 0.002181927 0.006221179 0.00017441752 0.00049797964 3.712236e-05 0.00051897054 0.0069112577 0.0033279366 0.0028731206 4.4244614e-05 0.0010676843 0.002114605 0.011857673 5.8005797e-05 0.25026837 0.00044448423 0.0006954139 0.00061365677 6.870689e-07 0.00015821942 6.417773e-05 0.0016249884 0.0001871136 0.0018501974 5.456982e-05 0.0011452915 0.0022372857 0.0027382076 0.0004317617 0.00028080694
0.19202323 0.5442014 0.023366345 2.0801366e-22 0.8177058 0.023163842 0.015035555 0.46433726 0.09331798 0.002687098 0.114167236 0.030570261 0.008426427 0.13316949 0.1354548 0.1205249 0.552885 0.0076825414 0.08505059 0.5016269 0.0051252316 0.10131491 0.0023825427 0.028225124 0.0010755889 0.07116027 0.26710665 0.06322017 7.2176634e-05 0.0033966776 0.14220484 0.00076807314 0.0004518879 0.00041025158 0.051338192 0.0032400307 4.8294387e-05 0.005393142 0.012305148 0.004245732 0.0024247621 3.1567837e-05 0.37896264 0.19012272 0.027056197 0.28248557 0.63453054 0.006415478 0.023443602 0.000991188 0.0075479527 0.011572401 0.009752172 0.015655106 0.011734821 3.637771e-06 0.009397808 0.008219153 4.8075076e-06 1.9806323e-06 0.00018488111 1.5961202e-06 0.0010144552 0.012179623 0.0020381901 0.008205951 0.0055592414 0.0018421463 0.014444686 0.005385561 0.0016238298 5.597907e-06 0.0037958252 0.0014583975 0.0024110076 0.0014898236 0.003416676 0.008976366 0.002516127 0.0001557412 0.0015994406 2.0862446e-06 0.003510884 0.007912405 0.00042647254 0.06423964 0.0015071157 1.5095522e-05 4.406002e-05 6.008156e-05 0.00074915926 0.00039823592 0.0023026357 3.3203358e-07 0.0018236169 0.0029806986 0.0018703922 0.0006016588 0.0015610611 0.001444176 0.0011116659
0.1444167 0.39441755 0.014218003 0.8177058 5.836689e-23 0.014776778 0.014192128 0.5249733 0.09973033 0.0021626845 0.1289912 0.021938847 0.0047030468 0.1828373 0.16422698 0.14747848 0.5150584 0.0060217855 0.10122459 0.4887199 0.0032630502 0.13927288 0.0017016218 0.024072468 0.0006146129 0.09381665 0.18474954 0.067685425 3.066042e-05 0.0035494636 0.20054492 0.00042830934 0.00046351427 0.00029388495 0.07555288 0.0030006906 1.5956964e-05 0.004798029 0.017758612 0.0056373165 0.0023934548 2.4183963e-05 0.24927118 0.28602618 0.053876374 0.43904912 0.7510264 0.006303787 0.03618542 0.0016309028 0.009932299 0.03162194 0.011421789 0.022718254 0.019764004 2.794834e-06 0.011714833 0.013368447 1.7431544e-06 8.2258134e-07 0.00022659973 6.2058007e-07 0.0010606952 0.020699697 0.0019031225 0.012424381 0.008934425 0.002091185 0.012916136 0.010084055 0.003429893 2.4596768e-06 0.0072784857 0.00289375 0.0033541066 0.0022151866 0.0041091456 0.007459547 0.004238947 0.00012747974 0.003076394 1.2532263e-06 0.0026065581 0.008372458 0.00038492042 0.05127121 0.0023026806 1.9013862e-05 4.614862e-05 0.0006918264 0.0007460706 0.00044435475 0.0019783454 2.2920771e-07 0.0010377114 0.010531502 0.001514629 0.0012719411 0.0010024098 0.0012797783 0.0007201675
0.09937049 0.17518905 0.7427118 0.023163842 0.014776778 5.076326e-23 0.35476848 0.019769905 0.10983356 0.17572513 0.11972959 0.58634603 0.48426053 0.025351219 0.0022085893 0.003424931 0.07784375 0.33698818 0.04451298 0.04663007 0.18366984 0.00057269464 0.111167684 0.21285434 0.05684288 0.00030691386 0.1676258 0.03507561 0.0065099387 0.14171055 0.008295495 0.01710999 0.01553719 0.015759695 0.0017146219 0.08092248 0.0023076974 0.07375843 0.07863363 0.13889654 0.041036893 0.0040618456 0.022184167 0.007944063 0.0050194613 0.004879375 0.006267419 0.14488538 0.0074364096 0.016395446 0.10968912 4.4985445e-05 0.10460746 0.0011575525 0.017060041 0.0015894361 0.08303913 0.0003503505 0.001232867 0.0011026057 0.0043142787 0.0007438884 0.012268362 0.018506816 0.02144679 0.040848985 0.018712904 0.021062236 0.044563543 0.0040164767 0.00038670105 0.0037513091 0.025699934 0.0005452969 0.0014041847 0.00010292265 0.001461101 0.016743518 0.010416473 0.0036160115 9.0564674e-05 0.0012579482 0.0056493124 0.03032649 9.790742e-05 0.14419772 0.0012815614 0.001001953 0.0009334613 1.1191469e-06 0.00022820041 0.00010965068 0.0062336833 0.000506863 0.00971607 5.7265577e-05 0.0044135256 0.0007512151 0.011417242 0.002055979 0.0007682464
0.5932928 0.15584128 0.58901304 0.015035555 0.014192128 0.35476848 1.31124655e-20 0.009175185 0.07194366 0.6750812 0.112619966 0.21901691 0.36743048 0.014524929 0.0025496043 0.0027745487 0.04470836 0.23711278 0.025683379 0.033894934 0.3904862 0.00040505634 0.30288237 0.13352977 0.25749007 6.0597788e-05 0.32695886 0.01673379 0.08189742 0.18428737 0.0010440062 0.1072178 0.11350818 0.11170268 0.00089761184 0.10242192 0.023339342 0.08556141 0.029306818 0.0539053 0.061869677 0.024325708 0.05522499 0.00191162 0.0019092787 0.0013731438 0.003323005 0.05034286 0.002450181 0.27808034 0.034065727 1.3557196e-06 0.04465058 0.0004662068 0.003050412 0.0047450685 0.032383565 6.491751e-05 0.005163141 0.0042354935 0.012061565 0.003731627 0.017936356 0.003169116 0.023861432 0.005043131 0.0018617779 0.020801464 0.010887094 0.000944724 0.00034457876 0.007467494 0.0027297027 0.00030406372 0.0007150795 9.175587e-05 0.00077379856 0.0062420685 0.002101413 0.0028538017 1.1126367e-05 0.0014369364 0.0026190367 0.0045494223 0.00019108524 0.121731326 0.00064060965 0.0005704578 0.00029609556 2.542633e-07 0.00044850598 0.00019300001 0.0007562453 0.0010502626 0.0013761387 3.3958756e-06 0.001023153 0.009356082 0.0026598177 0.0008844815 0.00062253245
0.2553449 0.3631696 0.019636333 0.46433726 0.5249733 0.019769905 0.009175185 1.7978053e-23 0.27316493 0.0018462405 0.35468638 0.026502294 0.00120085 0.60085166 0.5071211 0.40292194 0.4019384 0.0012945354 0.30855414 0.39038512 0.0005346645 0.33688578 0.00035406105 0.022022782 0.00020143435 0.15518804 0.19274169 0.1529237 1.3626046e-05 0.000534055 0.20541458 0.00018988212 0.0004994833 0.00061903417 0.26915202 0.0003613283 2.3970545e-06 0.00061601715 0.016718524 0.0018128272 0.00037666358 8.61359e-06 0.13807164 0.2909443 0.10988177 0.32798353 0.41436535 0.004047112 0.076070055 0.0021995613 0.010494711 0.020584835 0.001994633 0.0495645 0.015296644 7.692694e-07 0.0021894916 0.015507131 6.265949e-07 3.5827202e-07 1.1135942e-05 2.6673158e-07 9.62867e-05 0.0220602 0.0006729454 0.005658538 0.0074423645 0.00084743806 0.0024609477 0.0077120946 0.004768502 6.137694e-06 0.0017370699 0.0037351963 0.0025035357 0.001520009 0.0019017744 0.0020155497 0.0009283862 7.935229e-05 0.0023328976 2.9638877e-06 0.0008540565 0.0012374262 0.00039725786 0.116266705 0.0013913213 1.3545174e-05 1.3097805e-05 8.2694125e-05 0.0007823434 0.00043339573 0.0007091172 2.7421822e-07 0.0002676973 0.006244075 0.0012388248 0.00035676363 0.0001850111 0.0011884968 0.0009953018
0.056356117 0.3292152 0.0856229 0.09331798 0.09973033 0.10983356 0.07194366 0.27316493 2.4563634e-22 0.024493173 0.3609417 0.1670903 0.04674459 0.2469433 0.10318512 0.07619799 0.1712758 0.04703406 0.22844279 0.14114219 0.018109482 0.035437986 0.008922341 0.16232257 0.0048631364 0.009318469 0.17528483 0.16682863 0.0002646709 0.014602285 0.04142696 0.002928954 0.004473575 0.003155366 0.041285627 0.005241709 8.593238e-05 0.0058666943 0.09925818 0.03820909 0.002788567 0.000120301454 0.055238187 0.044874754 0.042142563 0.042736914 0.050797276 0.0488254 0.056729075 0.0047689383 0.09825765 0.0009510881 0.01628574 0.024851892 0.03532856 1.4783952e-05 0.01506227 0.0022727184 2.9612704e-05 1.9512307e-05 7.5619915e-05 1.136521e-05 0.0005349797 0.056288503 0.0025678363 0.03748726 0.041155595 0.0049494 0.00864972 0.015232248 0.0047101816 8.096284e-05 0.016137142 0.0042785234 0.0062294337 0.0010706728 0.0057206196 0.003989122 0.006286989 0.00053101266 0.000109558285 3.5972265e-05 0.0012491705 0.0051879636 0.00063280703 0.090688184 0.0037231382 0.00010914188 4.372381e-05 2.3182188e-06 0.00075916207 0.00033870785 0.0044734683 7.751775e-06 0.0022512963 0.0005023721 0.007231744 7.218999e-05 0.0015418447 0.004423808 0.0024577964
0.459305 0.04082699 0.22074541 0.002687098 0.0021626845 0.17572513 0.6750812 0.0018462405 0.024493173 2.57208e-20 0.041676242 0.117442094 0.2763352 0.0039520673 0.00032027226 0.0004534524 0.013592808 0.21183851 0.0070564845 0.015789948 0.5023999 1.8433491e-05 0.4706656 0.10183716 0.5094224 1.1950553e-05 0.1511017 0.0047774985 0.24960911 0.22917579 0.00023157815 0.24232775 0.2729501 0.27080345 0.0003258266 0.16261211 0.09928904 0.15585001 0.023893412 0.06013912 0.1566476 0.088776395 0.010803749 0.0009279727 0.0011527713 0.0007676297 0.0027418805 0.071164645 0.0008476341 0.1808665 0.04649798 9.764493e-07 0.095513456 0.00015385015 0.0026931926 0.039900236 0.07164353 4.3494656e-05 0.044823397 0.03705511 0.066511795 0.033589236 0.09557157 0.0021255785 0.13329716 0.0046835584 0.002022674 0.10511003 0.032425363 0.00053292984 0.00018942074 0.039322503 0.003353475 0.0001967036 0.00032902064 6.8740716e-05 0.00032594067 0.022018857 0.003488953 0.024557972 9.1212805e-06 0.015810216 0.01114507 0.010092878 0.00013593385 0.030649202 0.00040396847 0.0074368278 0.00637606 2.8569576e-07 0.00041033066 0.00017530387 0.0016900252 0.013986958 0.0026753144 1.22740585e-05 0.0016914725 0.007256667 0.0034695212 0.0005679415 0.0003864907
0.04693551 0.29474202 0.1051626 0.114167236 0.1289912 0.11972959 0.112619966 0.35468638 0.3609417 0.041676242 1.1808923e-24 0.18632485 0.06058547 0.42947808 0.122775115 0.10615397 0.14565066 0.060321078 0.4476546 0.1312516 0.028160375 0.053169254 0.0108019365 0.20617616 0.005542061 0.018525667 0.14687228 0.3629395 0.0007997863 0.020142449 0.05687837 0.0023683568 0.010019646 0.0069867726 0.082004964 0.009637169 0.00017042365 0.008892279 0.21067262 0.051716644 0.0033865536 0.00096228684 0.036305644 0.04620556 0.08797325 0.03818279 0.03709391 0.078308426 0.16956608 0.008802253 0.14660797 0.0020844254 0.026395436 0.057313323 0.11063271 0.0001408969 0.026558014 0.0047742897 0.00011694762 7.743128e-05 0.000108431326 6.0416078e-05 0.0005905097 0.19110514 0.0025881033 0.121149 0.14259917 0.00343218 0.011865161 0.07100415 0.020812625 0.00031123075 0.061295625 0.021500384 0.039005194 0.0050145118 0.030532658 0.0052698404 0.02897957 0.00019564675 0.0001752537 3.5254772e-05 0.001180905 0.008196969 0.0030120115 0.027988307 0.012405054 0.00012867711 5.242536e-05 7.750815e-06 0.0027222899 0.0011367408 0.011231427 2.760426e-05 0.0051544188 0.00071471225 0.011140671 9.455608e-05 0.0027090115 0.012158276 0.005518378
0.035603244 0.1762728 0.3153573 0.030570261 0.021938847 0.58634603 0.21901691 0.026502294 0.1670903 0.117442094 0.18632485 2.4568455e-26 0.4977078 0.050508887 0.0069010654 0.00934531 0.052441955 0.4473248 0.07762642 0.032385904 0.12656133 0.0012375106 0.0707471 0.47964776 0.03533874 0.00034290244 0.06449285 0.057707984 0.0021955483 0.10055612 0.008495315 0.006085556 0.010064696 0.009452477 0.0024741741 0.058884107 0.0004754615 0.054885298 0.11082373 0.20455022 0.020642439 0.002648662 0.0090107815 0.008074159 0.008150196 0.005791437 0.007804368 0.2404868 0.01623915 0.011399943 0.20312165 5.939008e-05 0.13503078 0.0043091653 0.03183996 0.00069724076 0.1220551 0.00015359682 0.00034936474 0.0002820593 0.00067188055 0.00017036597 0.0034155129 0.045128565 0.0062977667 0.090342745 0.061557587 0.0070290347 0.07521897 0.0131945945 0.0030319993 0.0015886375 0.07156811 0.0036036167 0.006817707 0.00048118812 0.006680056 0.008595267 0.034516897 0.00096272974 5.8672143e-05 0.00013987471 0.0018862785 0.05108461 0.0004017017 0.18614528 0.005074674 0.00024023275 0.00021463813 3.1008847e-07 0.000618596 0.00016702298 0.011386318 0.00022132185 0.014164774 6.075251e-05 0.0075625326 0.00025864094 0.01563018 0.004809767 0.0021030558
0.040068425 0.11358915 0.29740304 0.008426427 0.0047030468 0.48426053 0.36743048 0.00120085 0.04674459 0.2763352 0.06058547 0.4977078 8.660089e-24 0.0046665426 0.0002403918 0.00047237915 0.020906676 0.4583239 0.0098715 0.014461717 0.26665023 3.7182024e-05 0.16296181 0.19846065 0.096543126 9.386459e-06 0.07111977 0.008187979 0.014592623 0.17490195 0.0018714304 0.030305767 0.025675308 0.02509681 0.00015900478 0.092703976 0.002622611 0.08910055 0.039895028 0.12190009 0.06274933 0.0068962 0.0060314555 0.0028967457 0.0010796966 0.00199313 0.0021176115 0.15530625 0.0014362494 0.013341434 0.11505688 2.291991e-06 0.13546513 0.00021398083 0.004651616 0.0021510853 0.11060546 1.8263023e-05 0.0014117848 0.0013040629 0.0035968237 0.0008852295 0.012305002 0.009374146 0.025693972 0.026495548 0.010716439 0.04095463 0.07663163 0.001072746 0.00029803306 0.005921205 0.022871375 0.00026224606 0.00082221004 2.464066e-05 0.00077118294 0.02193673 0.008981479 0.004284648 1.0130258e-05 0.0009305362 0.007379847 0.029435597 4.195509e-05 0.1341076 0.00055699446 0.00054081756 0.00033980593 6.873367e-08 6.573381e-05 2.0228052e-05 0.00321312 0.0007174857 0.0065751495 1.1326043e-05 0.0020371 0.0003027983 0.008984678 0.0012275523 0.00036816087
0.050179966 0.10283097 0.020073073 0.13316949 0.1828373 0.025351219 0.014524929 0.60085166 0.2469433 0.0039520673 0.42947808 0.050508887 0.0046665426 1.002251e-27 0.35460183 0.3424766 0.0987885 0.0031479283 0.46202084 0.08648548 0.0009362898 0.16320087 0.0004894295 0.041770447 0.00022015476 0.04992445 0.038106117 0.26062238 4.4491975e-05 0.00040267396 0.07303249 0.00016270361 0.0019006812 0.0018046122 0.32866323 0.0002204775 1.0079252e-05 0.00040639672 0.037276767 0.0031606124 0.00033259342 7.516672e-05 0.009602864 0.05142328 0.16450901 0.040231865 0.032531593 0.005066139 0.16762404 0.0011340203 0.017330177 0.007411261 0.0018778014 0.097048275 0.0684931 1.2917016e-06 0.0019956157 0.0122625185 8.453269e-07 4.4299753e-07 1.2390952e-05 4.2780738e-07 8.016212e-05 0.09993895 0.00044190852 0.028119482 0.044492096 0.0005397803 0.0012807563 0.04742814 0.052449767 2.4490269e-06 0.010856776 0.04006448 0.03859494 0.011602896 0.022867741 0.0015962687 0.0035827 2.0065776e-05 0.002067436 3.5815672e-06 0.0006620617 0.0015839296 0.0064282566 0.01620598 0.005991134 6.5986333e-06 5.692252e-06 8.7058324e-05 0.0035526217 0.0026888452 0.0017215725 8.1881e-08 0.00031752422 0.0032581636 0.0027019447 0.000109305 0.00016996496 0.006059409 0.004270629
0.011136448 0.053566076 0.0023072078 0.1354548 0.16422698 0.0022085893 0.0025496043 0.5071211 0.10318512 0.00032027226 0.122775115 0.0069010654 0.0002403918 0.35460183 2.5658425e-31 0.68991965 0.06561513 0.00032799804 0.10278932 0.04368095 0.00012179838 0.5284502 6.44412e-05 0.0054877736 1.6195952e-05 0.120355316 0.01789942 0.04648394 8.2735136e-07 3.1682954e-05 0.09911882 4.099983e-06 0.00024935362 0.00020391961 0.39009663 0.00011449408 8.6989964e-08 0.00017233292 0.002099693 0.0002993448 0.00013306306 4.4250817e-07 0.010138987 0.07543536 0.08517914 0.05623637 0.047164023 0.0008835849 0.05723486 0.00079321844 0.0021280195 0.020926436 0.00046072234 0.09376903 0.0077005927 4.0255664e-08 0.00024134372 0.01897175 2.1709011e-08 1.0212899e-08 7.180425e-07 1.0093838e-08 5.532188e-06 0.01301122 2.786739e-05 0.0015697184 0.003917229 2.6259157e-05 0.00014439342 0.006151712 0.011327123 2.886099e-08 0.00036747352 0.0039873645 0.0015333426 0.002906208 0.0006055403 0.00021696721 0.00026659083 1.7308132e-06 0.0029952256 3.5859216e-08 0.00011269817 0.00034735532 6.672905e-05 0.0143432915 0.00023118957 4.373002e-07 1.6890575e-06 0.00022579574 2.7716844e-05 2.3620543e-05 9.953578e-05 6.994554e-10 2.9630246e-05 0.0034470349 0.00023132101 4.7963866e-05 5.6063087e-05 0.00028861046 0.0002304291
0.009947467 0.041444678 0.002929295 0.1205249 0.14747848 0.003424931 0.0027745487 0.40292194 0.07619799 0.0004534524 0.10615397 0.00934531 0.00047237915 0.3424766 0.68991965 1.2378252e-30 0.039031256 0.00058772834 0.10140398 0.027738616 0.00024743084 0.5658575 0.0001170371 0.0073952377 4.7692654e-05 0.1592211 0.015569636 0.05116296 3.8039802e-06 7.946763e-05 0.08930274 1.6646174e-05 0.00030089435 0.00024671454 0.47022018 0.00012220746 4.8656034e-07 0.0002076071 0.005517833 0.00090496126 0.00014946336 1.1070287e-06 0.0054997248 0.053967472 0.14277999 0.03976845 0.029402573 0.0014590055 0.082542524 0.0006521257 0.002971388 0.023388565 0.0005162375 0.1380715 0.015688032 2.2587164e-07 0.00039323597 0.027780274 8.820949e-08 4.729743e-08 2.4204394e-06 4.698068e-08 9.965939e-06 0.024420904 2.6922973e-05 0.004929947 0.008009729 2.84516e-05 0.00027756643 0.015854841 0.034337264 8.264496e-08 0.0009999527 0.016901566 0.0085152965 0.012393968 0.0030608315 0.00037985895 0.0005001378 2.1083622e-06 0.003402484 9.839804e-08 0.00014955376 0.0006622177 0.0004909505 0.011553952 0.00077285094 5.94734e-07 1.745911e-06 0.00052026263 0.00018662956 0.0001524303 0.00014839756 3.809758e-09 5.1881583e-05 0.0037811294 0.00035601662 5.6036413e-05 7.191493e-05 0.00038270646 0.00038474498
0.80861247 0.618808 0.14256407 0.552885 0.5150584 0.07784375 0.04470836 0.4019384 0.1712758 0.013592808 0.14565066 0.052441955 0.020906676 0.0987885 0.06561513 0.039031256 8.2771337e-19 0.010926483 0.038758162 0.7974188 0.011785268 0.021724815 0.008493914 0.018261056 0.0051027653 0.020849174 0.2900441 0.01840669 0.0007606429 0.0079147415 0.01952672 0.0006183553 0.000265956 0.00027347746 0.010806454 0.0074689826 5.0837123e-05 0.008162334 0.011007592 0.0071950466 0.0059655295 0.0003283871 0.43475562 0.02836862 0.007173332 0.02882564 0.1692558 0.00912292 0.007764592 0.006610551 0.007978711 0.004614572 0.010515124 0.002321138 0.007961601 5.550249e-05 0.009823792 0.0029998294 1.5918222e-05 8.961902e-06 0.0008669101 5.0752037e-06 0.0031780447 0.006652192 0.0031287961 0.0054996586 0.0031690274 0.0031858431 0.0046695834 0.003203714 0.0028317838 1.9723473e-05 0.0031091126 0.0014116238 0.0022601078 0.00073368056 0.0023574063 0.0067502633 0.0021906141 0.00030619348 0.00038277547 1.2382684e-05 0.0021128296 0.012267478 0.00022656991 0.1628863 0.0006110997 0.00020415838 0.00059251563 0.00011239892 0.00035603257 0.00018405798 0.0063656676 6.011394e-07 0.012535563 0.0012900094 0.0034837879 0.0036753386 0.013754761 0.0013647734 0.00050342776
0.015164937 0.08894193 0.16610111 0.0076825414 0.0060217855 0.33698818 0.23711278 0.0012945354 0.04703406 0.21183851 0.060321078 0.4473248 0.4583239 0.0031479283 0.00032799804 0.00058772834 0.010926483 2.0202004e-24 0.0077012205 0.0069010295 0.23319834 2.908792e-05 0.13737637 0.3088937 0.08782433 6.1556257e-06 0.023958087 0.007714478 0.011148291 0.2084119 0.0012429128 0.028816216 0.018906157 0.016104402 0.00016557991 0.16395326 0.0041905907 0.15645659 0.067394234 0.24363983 0.087283745 0.0052850926 0.0029931325 0.0018487303 0.0009241549 0.0009972162 0.0012875083 0.2823344 0.0018005294 0.005100109 0.21543555 1.6971987e-06 0.23281378 0.00024904846 0.012690907 0.0025271785 0.20240669 1.6335653e-05 0.0015050789 0.0013376541 0.004826393 0.0009817245 0.014597334 0.025162254 0.03722245 0.08177311 0.04427134 0.060582045 0.12388648 0.003792362 0.00045804254 0.005078733 0.071999945 0.0005573325 0.004257212 1.3172389e-05 0.0046132407 0.04785653 0.03860497 0.0044598887 1.1675678e-05 0.00068553945 0.01235285 0.07384862 5.1333413e-05 0.07136624 0.0017411716 0.0006822376 0.0004888937 4.921693e-08 0.00010845738 2.3855027e-05 0.019617219 0.0009488065 0.0291005 1.0702971e-05 0.010802765 3.915234e-05 0.03491008 0.0060299314 0.0017671285
0.013669976 0.08097174 0.033406846 0.08505059 0.10122459 0.04451298 0.025683379 0.30855414 0.22844279 0.0070564845 0.4476546 0.07762642 0.0098715 0.46202084 0.10278932 0.10140398 0.038758162 0.0077012205 3.344418e-26 0.045900214 0.004287464 0.052503355 0.0017001043 0.08323274 0.0006105908 0.022355843 0.02211191 0.49295053 0.00018924143 0.0018741641 0.037922684 0.00039684775 0.0035827549 0.003578348 0.18773931 0.00072850886 3.8162056e-05 0.0008526129 0.10755614 0.00827146 0.0005485383 0.00034528796 0.007090196 0.019243773 0.18065296 0.015192701 0.012159573 0.015323305 0.31644505 0.0018233004 0.054038737 0.0030873483 0.0041292706 0.09594384 0.15314391 1.6701859e-05 0.0042080455 0.010263395 2.2955313e-05 1.4348748e-05 2.751852e-05 1.4668567e-05 0.00010874427 0.2220819 0.00033596208 0.06940941 0.12006321 0.00044824963 0.0019984182 0.10261853 0.08070741 3.2082728e-05 0.03489185 0.06996906 0.09561269 0.022181366 0.058978226 0.0011919156 0.017815845 3.902206e-05 0.0008001342 7.552676e-06 0.00031838115 0.0035621512 0.013639419 0.0076697073 0.01588392 2.0178899e-05 1.4626074e-05 4.9795734e-05 0.008496344 0.0063563194 0.007189813 2.156634e-06 0.0018657396 0.001673563 0.010380049 3.7129194e-05 0.0005432927 0.01691595 0.014232458
0.73114526 0.5105753 0.10017118 0.5016269 0.4887199 0.04663007 0.033894934 0.39038512 0.14114219 0.015789948 0.1312516 0.032385904 0.014461717 0.08648548 0.04368095 0.027738616 0.7974188 0.0069010295 0.045900214 4.8200617e-18 0.009025197 0.016936636 0.0052903397 0.01726737 0.0032848075 0.021057954 0.18160006 0.023491815 0.0011692209 0.008643362 0.016460072 0.0011479148 0.00013410796 0.00010296683 0.009496642 0.007785709 7.489517e-05 0.007596966 0.019394705 0.008092727 0.0050756317 0.00039854043 0.30865434 0.019415598 0.0071773618 0.021710305 0.09267397 0.009217071 0.0051878695 0.0027238803 0.01013081 0.002065032 0.0095022 0.001587912 0.010094273 5.4496126e-05 0.010059068 0.0010330341 3.3854973e-05 1.3199211e-05 0.0006687065 9.892364e-06 0.0011315928 0.0074718283 0.0016066266 0.005064359 0.0031829719 0.0025730492 0.007067404 0.002901031 0.0017693274 2.4404295e-05 0.002023712 0.0012289914 0.001313016 0.0007158061 0.0019002415 0.0074810726 0.001289606 0.0003022487 0.00017781607 1.1336881e-05 0.0033379472 0.0067174057 0.00021677013 0.058061615 0.00039434928 0.00014048055 0.00027123283 3.672379e-05 0.0002778742 0.00021016612 0.007650699 1.5903927e-07 0.013919021 0.0006549188 0.0045857094 0.002093302 0.010888656 0.0012421622 0.0004025413
0.0462762 0.052304536 0.14307855 0.0051252316 0.0032630502 0.18366984 0.3904862 0.0005346645 0.018109482 0.5023999 0.028160375 0.12656133 0.26665023 0.0009362898 0.00012179838 0.00024743084 0.011785268 0.23319834 0.004287464 0.009025197 2.3517607e-21 1.435358e-05 0.40672255 0.11802543 0.3448407 1.8872074e-06 0.05218802 0.0033389567 0.09643056 0.33013284 0.0007827841 0.15782216 0.11204981 0.1035544 5.4956763e-05 0.2478006 0.041513126 0.2424745 0.028763492 0.19484591 0.22445458 0.042331744 0.0072736973 0.0018573018 0.0004473669 0.0010304409 0.00093762914 0.23835824 0.00069087103 0.02382044 0.15482964 1.1074543e-06 0.26235506 0.00014902881 0.0031087478 0.01840678 0.23432072 1.8931698e-05 0.015024438 0.012581356 0.043237556 0.009818466 0.09562011 0.007855353 0.15471794 0.024360597 0.014634377 0.1757884 0.14134334 0.0009133189 0.00014781718 0.024315195 0.023931418 0.00010097921 0.00077122747 1.4793063e-05 0.0009136717 0.095173076 0.017549356 0.02496785 1.20239465e-05 0.010255205 0.04043393 0.053023275 3.9161194e-05 0.011845387 0.0005836759 0.00289383 0.003234117 9.513791e-08 6.099029e-05 2.059044e-05 0.008631833 0.009780509 0.014201212 1.4660721e-05 0.0048469473 0.0004036708 0.018319534 0.0018793565 0.00039867463
0.0049346224 0.0274194 0.00058372546 0.10131491 0.13927288 0.00057269464 0.00040505634 0.33688578 0.035437986 1.8433491e-05 0.053169254 0.0012375106 3.7182024e-05 0.16320087 0.5284502 0.5658575 0.021724815 2.908792e-05 0.052503355 0.016936636 1.435358e-05 2.2786998e-29 1.0562229e-05 0.0005597452 1.8425186e-06 0.5057914 0.010148273 0.030481694 3.91919e-07 1.5679503e-05 0.38592783 5.768203e-07 4.239191e-05 4.1549978e-05 0.5515931 2.9079989e-05 3.5914795e-08 4.0666167e-05 0.00046873878 0.0001238842 3.344588e-05 2.0151744e-07 0.005416238 0.21362172 0.10557611 0.14463528 0.04016205 0.00024833152 0.059835088 0.00044124966 0.0003703364 0.13861173 7.861937e-05 0.17366324 0.0033900999 1.0644419e-07 3.779101e-05 0.17596571 1.2932518e-08 7.7154105e-09 2.3934714e-07 7.720549e-09 1.4585602e-06 0.007767905 5.716357e-06 0.00027655734 0.00073314586 5.0510507e-06 1.4748662e-05 0.005562611 0.011430998 3.253282e-08 5.2759697e-05 0.0027589404 0.001084625 0.0036068656 0.00024370236 8.3653336e-05 3.4202767e-05 1.3525306e-07 0.018353114 6.776372e-09 2.0557456e-05 8.519618e-05 2.5497115e-05 0.009322989 4.478785e-05 1.846508e-08 5.5926453e-08 0.0026225834 1.00485195e-05 5.6952817e-06 2.2192537e-05 2.338516e-10 6.1277046e-06 0.015429625 3.4849723e-05 3.6055553e-05 8.962842e-06 4.5611625e-05 4.86882e-05
0.042478215 0.02608928 0.080545306 0.0023825427 0.0017016218 0.111167684 0.30288237 0.00035406105 0.008922341 0.4706656 0.0108019365 0.0707471 0.16296181 0.0004894295 6.44412e-05 0.0001170371 0.008493914 0.13737637 0.0017001043 0.0052903397 0.40672255 1.0562229e-05 2.914915e-20 0.057959225 0.35181245 1.2721315e-06 0.03137039 0.0014983306 0.11405953 0.24256194 0.00024209681 0.18323705 0.114760116 0.10922345 3.66069e-05 0.1933022 0.059897617 0.19063531 0.015656525 0.098887034 0.18955334 0.050137144 0.0052249045 0.0010152058 0.0003312418 0.00049374514 0.00048384836 0.120089 0.00043062138 0.017057609 0.06805246 2.0448224e-06 0.1906895 0.00010245766 0.0016977768 0.024445074 0.15928143 1.6134854e-05 0.018917287 0.018545758 0.0551282 0.015506097 0.10128929 0.0030141105 0.15503114 0.010191953 0.005701078 0.16703525 0.09828329 0.00026029762 8.867994e-05 0.025565585 0.010333987 6.621677e-05 0.00027126877 4.748323e-06 0.00053777033 0.076843984 0.006388635 0.030750157 8.787625e-06 0.014368263 0.03533203 0.028067231 2.172665e-05 0.006686672 0.00022468585 0.0049309176 0.0062495046 3.0795935e-08 3.8969734e-05 1.3579474e-05 0.0050482918 0.011490917 0.0071357056 1.3246652e-05 0.0033232698 0.00051439536 0.010285922 0.0007038431 0.00016059962
0.006602058 0.16092454 0.13375108 0.028225124 0.024072468 0.21285434 0.13352977 0.022022782 0.16232257 0.10183716 0.20617616 0.47964776 0.19846065 0.041770447 0.0054877736 0.0073952377 0.018261056 0.3088937 0.08323274 0.01726737 0.11802543 0.0005597452 0.057959225 1.15737e-27 0.035118192 0.00030220315 0.020622881 0.07635486 0.00598091 0.12823303 0.004433304 0.014505744 0.013067352 0.011578081 0.0017163298 0.08513383 0.0016148965 0.07149936 0.24069498 0.28023514 0.028374642 0.0036473055 0.0031190687 0.004710523 0.008780978 0.0035029845 0.0031171732 0.41365042 0.023916299 0.005394042 0.42633295 2.0751218e-05 0.22332253 0.0024845446 0.08227488 0.0016586226 0.2220452 4.570973e-05 0.00097273063 0.00082826364 0.001402172 0.0006562069 0.005239215 0.14714272 0.011469234 0.238753 0.21966365 0.013935937 0.09933512 0.029595017 0.0027056292 0.0030107002 0.24502216 0.0039801174 0.020686649 0.0002793707 0.025097288 0.017839333 0.114541546 0.0012965209 3.2492375e-05 0.0001647448 0.0027828747 0.101273276 0.00076406734 0.02835465 0.020259446 0.0002266678 0.00013074825 9.027979e-08 0.0020291475 0.00041926673 0.035927817 0.00054897496 0.03692013 9.770342e-05 0.026202297 1.9159444e-05 0.038066406 0.02103107 0.011977052
0.15511921 0.008317806 0.04548512 0.0010755889 0.0006146129 0.05684288 0.25749007 0.00020143435 0.0048631364 0.5094224 0.005542061 0.03533874 0.096543126 0.00022015476 1.6195952e-05 4.7692654e-05 0.0051027653 0.08782433 0.0006105908 0.0032848075 0.3448407 1.8425186e-06 0.35181245 0.035118192 3.2473245e-19 7.931128e-07 0.012616897 0.00067982514 0.29462174 0.20859586 4.6893998e-05 0.46838295 0.24105872 0.2566165 6.572798e-05 0.17640431 0.20106417 0.16073452 0.010180664 0.042340472 0.18719706 0.15308303 0.0037465931 0.00049527996 0.00042465434 0.00029763713 0.00030558408 0.050355952 0.0003305627 0.021064244 0.029397821 4.186765e-06 0.11375658 5.1180315e-05 0.0014845702 0.08972022 0.088359185 2.0492216e-05 0.089894876 0.08034145 0.13631257 0.06487175 0.16400973 0.002433331 0.1931839 0.005368756 0.0017439177 0.18051739 0.06925417 0.0005276227 0.00014601844 0.07507249 0.0037957146 0.00016051954 0.00027024702 7.435979e-06 0.00037657845 0.061506256 0.00340794 0.05128029 4.762711e-05 0.04069066 0.03966814 0.020971656 7.9822035e-05 0.0038279444 0.00017100763 0.015808593 0.015906949 1.2335937e-07 0.00010104568 6.7696616e-05 0.0034751222 0.035068255 0.0060078697 1.9977502e-05 0.0019154202 0.00195303 0.0077728005 0.00042619748 0.0003171937
0.004999964 0.013517061 0.0003106448 0.07116027 0.09381665 0.00030691386 6.0597788e-05 0.15518804 0.009318469 1.1950553e-05 0.018525667 0.00034290244 9.386459e-06 0.04992445 0.120355316 0.1592211 0.020849174 6.1556257e-06 0.022355843 0.021057954 1.8872074e-06 0.5057914 1.2721315e-06 0.00030220315 7.931128e-07 6.5286726e-26 0.0044742576 0.01371058 4.2212224e-07 3.951679e-06 0.6580335 2.600451e-07 3.1067993e-05 3.2999622e-05 0.34637702 3.3710592e-06 3.9945288e-08 3.5476069e-06 0.00021718582 3.0202866e-05 2.9426128e-06 4.6058568e-07 0.0046268925 0.5850969 0.076276615 0.4349484 0.08614868 4.798633e-05 0.038862582 2.9595425e-05 5.879795e-05 0.37948555 9.532219e-06 0.16833541 0.002545892 1.9818198e-07 6.3941206e-06 0.4202828 1.1576417e-08 5.733027e-09 4.3772683e-08 4.8663367e-09 1.538354e-07 0.003401209 5.4645903e-07 9.8761455e-05 0.0001493273 6.1951755e-07 5.0289314e-06 0.004433363 0.014860852 2.4309696e-08 2.1937833e-05 0.0030238116 0.0012851303 0.0049031577 0.00028948986 1.6223019e-05 1.0297503e-05 1.2883304e-08 0.0821899 1.3239172e-09 8.3958565e-07 7.7644645e-06 4.956126e-05 0.011862758 3.2863692e-05 7.349437e-10 1.5708419e-09 0.009668144 1.702676e-05 1.1284803e-05 6.6564908e-06 2.6037412e-11 1.645234e-06 0.08447373 1.3633129e-05 3.766573e-05 4.6558273e-07 1.2339868e-05 1.603877e-05
0.9836761 0.6080984 0.4835532 0.26710665 0.18474954 0.1676258 0.32695886 0.19274169 0.17528483 0.1511017 0.14687228 0.06449285 0.07111977 0.038106117 0.01789942 0.015569636 0.2900441 0.023958087 0.02211191 0.18160006 0.05218802 0.010148273 0.03137039 0.020622881 0.012616897 0.0044742576 5.4432026e-20 0.012122923 0.0018079559 0.011368248 0.0037360496 0.0011479454 0.00028505444 0.00023295371 0.0076034716 0.005157113 0.00015727241 0.0048743193 0.0066199005 0.0032369283 0.0031768596 0.00023690851 0.541215 0.0017872922 0.0045502316 0.0012126269 0.010768006 0.0029681975 0.0039367084 0.07391129 0.0032318693 0.00026707002 0.004382246 0.0012316143 0.0041985973 7.1643575e-05 0.004037892 0.00048636136 1.9342227e-05 1.8314022e-05 0.00042394418 1.5145906e-05 0.0009163467 0.0032971783 0.001522903 0.0024382665 0.0015523193 0.0014640539 0.0011517841 0.0012750801 0.0012725011 0.00038440226 0.0012181023 0.00031005195 0.00061753794 0.00017217587 0.0008459996 0.00088864594 0.00085249904 8.458479e-05 2.228578e-06 1.0714409e-05 0.00026118607 0.0063127577 7.590039e-05 0.15975723 0.0002906079 3.158015e-05 1.2093463e-05 8.328255e-07 0.00010440883 4.819551e-05 0.0029297024 5.3453573e-06 0.007936744 2.200008e-05 0.0015426631 0.0053961975 0.0098052025 0.00039213273 6.3640226e-05
0.004183676 0.05294597 0.027295202 0.06322017 0.067685425 0.03507561 0.01673379 0.1529237 0.16682863 0.0047774985 0.3629395 0.057707984 0.008187979 0.26062238 0.04648394 0.05116296 0.01840669 0.007714478 0.49295053 0.023491815 0.0033389567 0.030481694 0.0014983306 0.07635486 0.00067982514 0.01371058 0.012122923 1.3089494e-25 0.0003251065 0.0017243206 0.020636072 0.0004967481 0.003195317 0.0030910322 0.14517444 0.0010448169 8.217926e-05 0.0009232228 0.12575161 0.010688003 0.00049383036 0.00033927197 0.004138496 0.008149683 0.231481 0.0074473526 0.007845468 0.018862097 0.41700125 0.0014982607 0.07481011 0.0028353992 0.00537413 0.12956129 0.18288812 4.4848028e-05 0.0049376474 0.009421616 6.638117e-05 3.1389456e-05 5.367151e-05 3.12683e-05 0.00019444604 0.30080253 0.00060122175 0.08712609 0.17584087 0.0004570801 0.0025414599 0.15194991 0.0952545 0.00011055686 0.057363838 0.10413945 0.12461341 0.03369338 0.09574575 0.00089051446 0.03478896 0.00014926109 0.00056562456 1.1068319e-05 0.0002879413 0.0053613833 0.028415017 0.0018540359 0.027201215 3.0286801e-05 1.8953593e-05 4.6510522e-05 0.015075154 0.011986949 0.01267293 4.809966e-06 0.0031717455 0.0015665679 0.021033162 5.3610756e-06 0.0014897652 0.025905998 0.026250914
0.23379593 0.0009397978 0.004006872 7.2176634e-05 3.066042e-05 0.0065099387 0.08189742 1.3626046e-05 0.0002646709 0.24960911 0.0007997863 0.0021955483 0.014592623 4.4491975e-05 8.2735136e-07 3.8039802e-06 0.0007606429 0.011148291 0.00018924143 0.0011692209 0.09643056 3.91919e-07 0.11405953 0.00598091 0.29462174 4.2212224e-07 0.0018079559 0.0003251065 7.090128e-20 0.042840537 1.9441175e-06 0.64056927 0.5065237 0.5761695 3.7275433e-05 0.03891768 0.57115346 0.040620286 0.0019178292 0.009788656 0.071476184 0.72896564 0.00024241331 7.065665e-05 0.00058114267 6.747657e-05 0.00019600401 0.009007968 0.00021669199 0.01546937 0.005928831 6.6769155e-07 0.020288056 1.7715214e-05 0.00086568407 0.50428313 0.016689768 1.8911722e-05 0.4187364 0.37438154 0.19142434 0.32500765 0.14233266 0.0018986241 0.10939083 0.0010915729 0.00045808314 0.07625259 0.014941747 0.00048664206 0.00023749418 0.1800782 0.00077545154 0.0002438865 0.000401853 5.8609676e-05 0.00044644522 0.01697237 0.00097316725 0.046698097 3.8088754e-05 0.068103865 0.02055589 0.005555995 0.00012341674 0.00045004484 0.00040781553 0.01931309 0.020552577 2.9196977e-07 0.0003524139 0.00018905653 0.00102673 0.029983852 0.00230032 5.3907606e-06 0.00096403254 0.0049520466 0.0030238505 0.000691857 0.00053129933
0.013051921 0.0351214 0.095650986 0.0033966776 0.0035494636 0.14171055 0.18428737 0.000534055 0.014602285 0.22917579 0.020142449 0.10055612 0.17490195 0.00040267396 3.1682954e-05 7.946763e-05 0.0079147415 0.2084119 0.0018741641 0.008643362 0.33013284 1.5679503e-05 0.24256194 0.12823303 0.20859586 3.951679e-06 0.011368248 0.0017243206 0.042840537 2.4168226e-23 0.0018339759 0.11606269 0.0407311 0.03826878 9.852486e-05 0.35062057 0.024481025 0.30254722 0.05414068 0.23833923 0.26309863 0.018008318 0.0038350755 0.004377841 0.0005386084 0.0025282546 0.0035808026 0.28356797 0.0009599926 0.008673559 0.23746452 6.857143e-06 0.27226874 0.00020143205 0.0048101586 0.0076790107 0.23036857 2.6619311e-05 0.0048319036 0.0039372495 0.010054518 0.0026712108 0.031344924 0.007913133 0.089521475 0.035571113 0.021910306 0.12687145 0.1839821 0.0010395547 0.00019948918 0.013414668 0.044560548 0.00013406014 0.0009062705 1.625613e-05 0.0013248989 0.08593012 0.028178278 0.017343957 1.9251647e-05 0.004476234 0.045369964 0.061330065 0.00016728984 0.009218465 0.0020082085 0.0024765441 0.002048449 2.4144094e-07 0.00023118782 9.672893e-05 0.015805926 0.0065970635 0.02407007 4.2947813e-05 0.010072813 1.5544658e-05 0.033597853 0.0046521924 0.0014353622
0.60213125 0.022261754 0.0053417548 0.14220484 0.20054492 0.008295495 0.0010440062 0.20541458 0.04142696 0.00023157815 0.05687837 0.008495315 0.0018714304 0.07303249 0.09911882 0.08930274 0.01952672 0.0012429128 0.037922684 0.016460072 0.0007827841 0.38592783 0.00024209681 0.004433304 4.6893998e-05 0.6580335 0.0037360496 0.020636072 1.9441175e-06 0.0018339759 9.075991e-20 4.14893e-06 1.3193977e-05 1.1054942e-05 0.056469508 0.000993093 5.8115756e-07 0.00081706117 0.0047896216 0.0016786086 0.00030721107 3.479035e-07 0.03893688 0.7761106 0.014501982 0.7083181 0.2322786 0.0007880903 0.0084374435 9.825435e-05 0.0015865043 0.5186394 0.0008696339 0.0072746724 0.0047056284 7.03254e-08 0.0009640504 0.1297662 1.948141e-08 6.9277997e-09 4.4426874e-06 4.645085e-09 1.6400558e-05 0.0055527925 0.00012715955 0.00061205536 0.00064301054 0.00015636328 0.000285551 0.0027112302 0.0015351168 5.8903455e-09 9.754933e-05 0.0015164312 0.001543368 0.00095726637 0.000943607 0.00015572857 0.00012806158 5.0106632e-06 0.023669066 5.5318523e-09 2.5927005e-05 4.8554335e-05 0.0002793843 0.055330653 0.00012098164 6.33046e-08 9.477894e-08 0.0042034993 0.0002061554 0.0001927679 3.205407e-05 1.8899629e-10 1.20929335e-05 0.05626761 3.746568e-05 0.0011164591 4.1899807e-06 6.775035e-05 5.1075822e-05
0.08439463 0.0038861681 0.0135635305 0.00076807314 0.00042830934 0.01710999 0.1072178 0.00018988212 0.002928954 0.24232775 0.0023683568 0.006085556 0.030305767 0.00016270361 4.099983e-06 1.6646174e-05 0.0006183553 0.028816216 0.00039684775 0.0011479148 0.15782216 5.768203e-07 0.18323705 0.014505744 0.46838295 2.600451e-07 0.0011479454 0.0004967481 0.64056927 0.11606269 4.14893e-06 1.8368857e-20 0.27164152 0.32070753 5.353788e-05 0.1063587 0.6261704 0.10228855 0.009152917 0.030899722 0.14689477 0.3551741 0.00034785504 9.332204e-05 0.0008087923 4.705285e-05 0.00012232919 0.030874044 0.0005902068 0.004650489 0.015569532 1.5147112e-06 0.07571591 4.7530917e-05 0.0022460807 0.25291198 0.05637626 9.297403e-06 0.20955798 0.18073985 0.2589769 0.1493325 0.22760987 0.004619188 0.17986816 0.0058792573 0.0019001437 0.15306169 0.044100206 0.0014382905 0.00017669328 0.123037286 0.0047455416 0.000112299174 0.00034583404 1.0695593e-05 0.00051513663 0.050082657 0.003432395 0.06866426 3.5717796e-05 0.056901388 0.037179485 0.017416058 0.00012850456 0.00033095258 0.0002399827 0.02059124 0.025699249 1.2717925e-07 0.0003044206 0.00014336937 0.0031271672 0.03614943 0.006126805 6.354486e-06 0.0015261774 0.00057161145 0.007896047 0.0008570636 0.0006215062
