1.5092278e-30 3.0111065e-07 1.5673868e-05 0.000102675695 9.875816e-05 2.357884e-05 0.00016516764 0.00049064646 2.5076345e-06 1.3486144e-08 4.5657584e-05 0.00018317209 3.5971854e-05 3.6614665e-06 5.963021e-05 5.57879e-10 0.00029675395 0.0013881882 0.0016476475 4.7019313e-08 4.7863567e-05 0.00017726189 0.0036924582 8.5811365e-08 6.3066577e-06 0.0032482264 0.002073394 2.295375e-08 0.005050779 0.003235459 0.002178888 0.004747124 2.7483936e-06 0.0047937213 1.2856884e-07 0.00074653816 0.0012643721 0.003771003 0.0106445635 0.0053360164 0.00011949008 0.013281197 1.9781933e-08 0.0019085625 0.009928152 0.024144478 0.02184094 0.0073679276 2.573342e-06 0.012447651 4.2811072e-05 7.1187145e-10 0.024646167 0.04989688 1.1085077e-06 0.0009869814 0.015158668 0.057739377 1.2108447e-08 0.0029610035 1.14107135e-11 8.702946e-08 0.095921725 0.01598317 0.10313038 0.022734348 0.17880748 0.06104574 0.013668294 0.07979353 8.56167e-05 1.7034312e-05 0.26364246 0.046898484 0.00024976107 0.004846813 7.4753835e-08 0.09825995 4.0572672e-06 0.025735788 0.043815173 0.10573307 0.00023692929 0.1494484 0.17836298 0.05648584 0.12420195 0.00046657928 3.6013037e-07 0.025381591 3.7085784e-10 0.17443971 0.59513503 0.07403251 0.23413244 0.22794193 5.4102077e-08 0.17557766 0.01223288 6.886564e-09 2.2645581e-10
3.0111065e-07 8.114467e-27 0.18783987 0.14312156 0.31655148 0.10654385 0.08805868 0.2255942 0.07179568 0.13181944 0.0732839 0.030434042 0.013769316 0.009929634 0.01117786 0.036236905 0.08450197 0.09027254 0.07296936 0.06642695 0.01259034 0.015069972 0.03287226 0.01656664 0.0030172656 0.01254486 0.0066223256 0.008051345 0.043888032 0.011731403 0.0074291686 0.026013644 0.00037135446 0.017410478 0.00044099556 0.0013806317 0.0033449065 0.00817915 0.010394923 0.0059214 0.0010417963 0.0075425995 1.578674e-05 0.0016969965 0.013208795 0.009953678 0.012793317 0.00011857751 3.7329402e-05 0.003248073 8.9625646e-05 0.0005887058 0.0033423572 0.012896085 3.541828e-05 0.00011797089 0.0014817037 0.0016012515 0.00018801675 0.001125257 0.0009923328 6.13799e-05 0.005306512 0.0018711226 0.0018879718 0.00094039086 0.0021777018 0.0023018683 0.0012006662 0.001326554 1.6403954e-05 1.1668822e-05 0.0028467274 0.0013505517 8.0996586e-05 5.702905e-05 0.00018103773 0.0008058139 8.693723e-06 0.0007244182 8.268971e-05 0.0008674142 4.959133e-05 0.0042626825 0.0040026344 0.00021891388 0.0017603079 5.0372932e-06 7.631486e-06 2.8168604e-05 6.5152943e-07 0.0021748915 0.0010590082 0.0037536174 0.00021257334 0.00053745526 5.083635e-05 0.0053436477 1.4704057e-05 5.8184916e-05 2.8836725e-08
1.5673868e-05 0.18783987 1.5833697e-25 0.55853075 0.3147892 0.42660663 0.4143422 0.55999416 0.29817158 0.008743421 0.056144632 0.24525815 0.2515259 0.005891923 0.1417676 0.000523191 0.18421988 0.31604168 0.27036193 0.03325864 0.14774361 0.15444137 0.18453015 0.026347632 0.001487364 0.1164322 0.11631774 0.011533201 0.18735784 0.10469761 0.08868033 0.10198901 0.00033289933 0.054476023 5.9336526e-05 0.069256335 0.066450655 0.0690452 0.093290724 0.015029417 0.03706951 0.06711856 9.8613555e-06 0.004694277 0.039930385 0.034306414 0.058116496 0.012341575 0.00015522874 0.008989316 0.0013739815 0.0032740787 0.011280737 0.032119837 0.00030840113 0.0051364885 0.003644072 0.009095499 0.0031865349 0.015285524 0.0018390383 0.0023752623 0.0498003 0.02452631 0.01676711 0.0035960742 0.03339197 0.026274322 0.0018715394 0.019556263 0.0009761477 0.000502674 0.025159882 0.011354827 0.0001531729 0.0015434055 0.0010988126 0.0038199506 0.00040363113 0.005446171 0.002315032 0.004693472 0.00051106204 0.018514315 0.016529901 0.004912791 0.0037630815 0.00019565792 1.4080173e-05 0.0010505922 0.000119533404 0.014972337 0.013393095 0.012171809 0.0028566595 0.017834537 0.00078779535 0.017980235 0.0006873823 0.00088793086 4.33755e-08
0.000102675695 0.14312156 0.55853075 5.721259e-25 0.25842544 0.41886273 0.38656148 0.5463164 0.26640427 0.0041614347 0.046620015 0.17860271 0.18342488 0.0055033527 0.08723743 5.4997767e-05 0.1795051 0.30031043 0.2653898 0.019757723 0.10645373 0.062907964 0.18029867 0.015392795 0.00048149872 0.091378264 0.10785292 0.003258075 0.18778937 0.07136747 0.047548216 0.09215653 0.00012924666 0.05451899 4.1485797e-05 0.037692547 0.047618635 0.043092586 0.106804416 0.011893864 0.016961586 0.06638537 4.055538e-06 0.0026582112 0.043311454 0.043410853 0.06408549 0.0050741895 0.00014926691 0.010881114 0.0011947472 0.00064076815 0.0059556924 0.032730907 0.00029346845 0.0043523456 0.0026468218 0.0064843055 0.0012357174 0.009723922 0.0006597187 0.0011239394 0.06260989 0.028655984 0.0141135 0.0031068404 0.041426994 0.043087866 0.0018550404 0.026513672 0.0004863818 0.00046204438 0.024973333 0.011800254 0.00020409453 0.0006483279 0.0004124158 0.0047359657 0.00023805679 0.006764225 0.002322563 0.0022759242 0.0003514775 0.021811487 0.0174663 0.002812395 0.0042501837 9.3462135e-05 7.0774977e-06 0.00055353023 5.145649e-05 0.01481001 0.008245788 0.013695041 0.0022411328 0.016723683 0.00046841052 0.0142183555 0.00046035473 0.0003345929 7.694866e-09
9.875816e-05 0.31655148 0.3147892 0.25842544 1.2015129e-24 0.114611916 0.121135265 0.44606724 0.08414576 0.13328685 0.4603536 0.04303606 0.020765059 0.18413293 0.007452422 0.10906911 0.43453494 0.2550322 0.1809255 0.017179977 0.016834943 0.016539708 0.08431362 0.006207288 0.044656057 0.03637385 0.017297689 0.0030567942 0.12933059 0.018846296 0.009585549 0.14652555 0.01068242 0.13123956 0.00760827 0.004027047 0.005474306 0.01227406 0.034096777 0.052239668 0.0029675746 0.022213468 0.0005135915 0.021229258 0.069586314 0.024605127 0.043995436 0.00113197 0.0013123826 0.024618162 0.005399729 0.0004461322 0.020435909 0.044679847 0.0009993587 0.0011008101 0.014273126 0.0067117037 0.0006002927 0.002594213 0.00017352444 0.0006925426 0.015535419 0.0075396826 0.003624647 0.00974572 0.011720952 0.014402052 0.01797077 0.009247752 0.00016196484 0.00011746985 0.011427532 0.0047517866 0.0016097024 0.00029336993 0.0002799465 0.005585994 4.6366364e-05 0.0021958223 0.00039264726 0.003962423 0.00014281533 0.010273432 0.008520061 0.00033785278 0.006121902 2.2953016e-05 0.00013706023 8.225437e-05 5.7896445e-06 0.006926675 0.001970927 0.00849798 0.0012918542 0.0019286592 0.00019675332 0.0075837737 3.3398544e-05 0.00014655179 6.857041e-07
2.357884e-05 0.10654385 0.42660663 0.41886273 0.114611916 3.934893e-24 0.3895629 0.30438966 0.54934084 0.0013374977 0.014756219 0.48701355 0.538213 0.00058306096 0.31995893 2.4107629e-05 0.032735106 0.18642923 0.21306905 0.02896121 0.4204651 0.34130257 0.27284104 0.04454974 0.0001883624 0.22361873 0.30688396 0.02459908 0.14688532 0.22479339 0.23831074 0.04195256 8.574802e-05 0.018744256 3.4975747e-05 0.1644085 0.28254205 0.12022394 0.15516153 0.004165774 0.10421936 0.08652211 6.1746987e-06 0.000974869 0.025269022 0.05202235 0.057576485 0.03500196 0.00011529516 0.00521858 0.00038843602 0.008092464 0.010004101 0.04214815 0.00043180492 0.01882438 0.0031881367 0.011999552 0.012092243 0.04562553 0.005464041 0.013412429 0.06974864 0.047641177 0.022271149 0.0026422439 0.05173344 0.05134622 0.00046156324 0.035164494 0.002423127 0.0018360671 0.03286647 0.020155497 7.358953e-05 0.003520065 0.0034842729 0.0048127994 0.0013040149 0.01276273 0.004283592 0.00423508 0.0020694125 0.02646065 0.023393592 0.0061908406 0.0033665725 0.0010774434 1.33955145e-05 0.002404819 0.0011784199 0.018762346 0.011409492 0.019436851 0.0019850063 0.02628726 0.0015641281 0.023356725 0.0029158108 0.0017586433 3.8066417e-09
0.00016516764 0.08805868 0.4143422 0.38656148 0.121135265 0.3895629 4.0422892e-25 0.37074876 0.27292722 0.0025165242 0.02221454 0.19081347 0.25422916 0.0020125685 0.08895849 6.2017076e-05 0.08516861 0.20346548 0.20043704 0.010762035 0.14611441 0.08231457 0.15301853 0.018154155 0.00042027674 0.09525643 0.13144492 0.004401528 0.13480933 0.08049398 0.067074984 0.060951862 0.0001579104 0.033930007 6.0842787e-05 0.046441842 0.060539234 0.039968826 0.10465407 0.011384336 0.03484908 0.07189885 1.439778e-05 0.0013723995 0.03326362 0.048500244 0.056575634 0.006006303 0.00017116214 0.009566979 0.0007637647 0.001812498 0.006756988 0.02863779 0.0005829992 0.0073231743 0.0024017491 0.010547263 0.0033175491 0.016653081 0.0016622212 0.003830022 0.07066945 0.056329284 0.021695063 0.0021467223 0.04828063 0.046865292 0.0009362313 0.025781656 0.00070167106 0.0008956938 0.024651492 0.015170057 0.00012918358 0.0009071691 0.0012677783 0.004832712 0.00034319854 0.009832958 0.006467627 0.003522248 0.00044391784 0.017321022 0.014320459 0.0059121125 0.004266526 0.00017947443 6.793542e-06 0.0010527787 0.00048040293 0.011911191 0.0064631505 0.015965985 0.0044017076 0.015760582 0.0021297412 0.015890406 0.00070021645 0.0009350922 3.6066692e-09
0.00049064646 0.2255942 0.55999416 0.5463164 0.44606724 0.30438966 0.37074876 1.6583195e-25 0.16172545 0.01665745 0.21286722 0.078003265 0.052654184 0.067443214 0.0291966 0.0031338697 0.5236803 0.4321154 0.37215176 0.012185833 0.023592904 0.01823085 0.20890261 0.006637098 0.018264027 0.06364632 0.033215698 0.0013551293 0.34528175 0.025419721 0.019139327 0.22032715 0.00540928 0.15010476 0.0012726947 0.008353747 0.018173538 0.02970153 0.11756347 0.08163099 0.003806561 0.06541203 6.4980195e-05 0.018086199 0.13241974 0.033910006 0.13583912 0.00042718346 0.0028019396 0.05351457 0.0067145363 7.096297e-05 0.021100944 0.05727132 0.002619882 0.0013565794 0.01699678 0.009847687 0.0005914729 0.0041905367 9.367487e-05 0.00089111505 0.055221636 0.017512767 0.01523689 0.011367109 0.03866277 0.024924036 0.0097033875 0.01784145 0.0001184446 0.00018810444 0.021016704 0.006535985 0.0035955429 0.00016060316 0.00011723875 0.01900818 7.516608e-05 0.0035513784 0.0011533003 0.007501935 9.953578e-05 0.020733394 0.01636145 0.0012738968 0.016985316 3.061332e-05 3.1241743e-05 0.0001842292 9.945071e-06 0.013654301 0.0063775657 0.010286466 0.010038574 0.017515339 0.00022999877 0.011566708 5.8802718e-05 0.00012890261 1.6179463e-07
2.5076345e-06 0.07179568 0.29817158 0.26640427 0.08414576 0.54934084 0.27292722 0.16172545 2.6287942e-24 0.0028092372 0.00975154 0.42976078 0.48721573 0.00060234 0.35704136 4.410693e-05 0.012208173 0.10515784 0.12940057 0.044403557 0.45352125 0.39907637 0.16383742 0.0818207 0.00073440786 0.1360786 0.19564822 0.051308777 0.07905343 0.18249743 0.19566622 0.016967312 0.00018845692 0.008949225 9.707391e-05 0.2265895 0.17605618 0.09189635 0.08308192 0.003764167 0.16531676 0.051169287 2.188098e-05 0.0010377179 0.012716937 0.038500138 0.026371134 0.04953189 0.00012941318 0.0035677473 0.00017990421 0.028156662 0.00808137 0.022985267 0.00019438783 0.0209466 0.0017329036 0.008256954 0.023990614 0.03419183 0.018097663 0.0296372 0.037451938 0.03586938 0.014566101 0.0012538598 0.030134382 0.028515512 0.00022294391 0.022010729 0.0031150763 0.002597845 0.024015613 0.016001776 5.596074e-05 0.0055301054 0.009876067 0.0027343705 0.001955338 0.0100715505 0.004385942 0.003974663 0.0016442476 0.015572985 0.0140495375 0.0075638965 0.0035147953 0.0011626467 1.7017863e-05 0.0033883369 0.0044370224 0.010556017 0.009614204 0.014746575 0.0022579576 0.013003274 0.0025610104 0.02085252 0.0034128139 0.004116747 4.6816955e-09
1.3486144e-08 0.13181944 0.008743421 0.0041614347 0.13328685 0.0013374977 0.0025165242 0.01665745 0.0028092372 7.480036e-30 0.12703545 0.00086544553 0.0002505474 0.046452 0.00028496885 0.66054004 0.016521603 0.0075591365 0.0038008855 0.006970829 0.00052035094 0.0006922689 0.0015055713 0.0007379189 0.0033987951 0.00062360475 0.00022810444 0.0003503978 0.001577777 0.00078462483 0.00061313057 0.0021808767 0.00042989533 0.0020303158 0.0005655121 0.000104089995 0.00016360747 0.00050536025 0.00041837324 0.00059146556 0.00015818667 0.0007957574 3.804639e-05 0.00035389935 0.0004271898 0.0019080766 0.00087161467 9.8791694e-05 3.9989565e-05 0.00011206433 8.904758e-05 1.8966775e-05 0.00028868206 0.0016254147 3.5629273e-05 9.68894e-05 9.172437e-05 0.00028129638 1.4503439e-05 0.00010079276 7.468655e-05 6.6710886e-06 0.00199246 0.00036146323 0.00092228083 9.5627256e-05 0.0014031231 0.0010467658 0.00013188095 0.0011547548 1.936827e-05 1.5739746e-05 0.0019187586 0.00069897843 3.6584737e-05 8.04168e-05 5.7011075e-06 0.00015766376 1.4421334e-05 0.0006487527 0.00010842067 0.00023896091 7.3532806e-06 0.0038697592 0.0029940403 0.00017185614 0.0005629916 3.6816105e-06 3.7235992e-07 1.972669e-05 2.4585898e-07 0.0009591428 0.00011027971 0.0016630283 1.43463685e-05 5.5385783e-05 2.4225155e-06 0.0019590235 3.820639e-06 1.4484923e-06 2.0841346e-08
4.5657584e-05 0.0732839 0.056144632 0.046620015 0.4603536 0.014756219 0.02221454 0.21286722 0.00975154 0.12703545 2.9737346e-27 0.00602631 0.0013791071 0.5724611 0.0013372018 0.2701237 0.49314424 0.1417883 0.08938811 0.00053363654 0.0017200512 0.0033632577 0.026020905 0.00016251534 0.30430567 0.0083848145 0.0033412355 3.1530737e-05 0.10106877 0.0073103774 0.0037131552 0.07339176 0.06417238 0.07268044 0.08732872 0.00053393096 0.0009833272 0.005784085 0.014468048 0.04098045 0.0004194155 0.012876187 0.00501112 0.015035152 0.034518674 0.019403894 0.025312258 0.00036898215 0.0024645233 0.010370422 0.0054235137 1.3392896e-05 0.013955421 0.027290026 0.001622513 0.00037422648 0.009943806 0.005464596 9.598566e-06 0.00047355075 1.0446984e-05 3.0403513e-05 0.0062251077 0.003308035 0.0026041567 0.0055739884 0.004581386 0.006700604 0.012337845 0.003844688 5.154155e-05 4.4715125e-05 0.0054089883 0.004976891 0.0042572487 0.00024775811 5.3997846e-06 0.005166141 1.470002e-05 0.0018143313 0.00039870522 0.004874073 1.5685218e-05 0.00826521 0.005096404 0.00025696124 0.009536162 6.5292e-06 8.040552e-05 0.000104990155 1.5869956e-07 0.001995179 0.00014353532 0.006992699 0.00039673308 0.0007851642 2.2355175e-06 0.0066263936 3.775672e-05 1.0621701e-06 6.2602385e-07
0.00018317209 0.030434042 0.24525815 0.17860271 0.04303606 0.48701355 0.19081347 0.078003265 0.42976078 0.00086544553 0.00602631 4.9418135e-23 0.54574776 0.00024219333 0.18167879 9.559266e-06 0.012919129 0.08579021 0.14347377 0.0035793139 0.36439338 0.25945383 0.23096047 0.017572535 7.5958174e-05 0.22184187 0.32831046 0.008125655 0.07400864 0.22913362 0.25315273 0.012227813 7.600817e-05 0.0042466754 3.2474534e-05 0.1407185 0.3209276 0.14093232 0.17823285 0.00128092 0.10287835 0.10904615 8.695407e-06 0.000116009986 0.0061322474 0.068419985 0.056406483 0.032448214 0.00017669395 0.0019067524 0.00017033948 0.006193073 0.0033212388 0.0238216 0.0004959124 0.03101705 0.0006137993 0.009540843 0.014001685 0.09043987 0.0017261781 0.021394914 0.14034076 0.1546712 0.041493043 0.00061721116 0.11712753 0.11218193 0.00017182795 0.072878696 0.0030048657 0.0035729518 0.062891565 0.037604365 5.2055148e-05 0.002547468 0.004911116 0.0038616136 0.0029156953 0.01824726 0.015496739 0.0026374883 0.0016279131 0.03885012 0.035381883 0.012791078 0.0027716 0.001005086 2.8416982e-06 0.003085697 0.0046726977 0.021230761 0.023354214 0.022365589 0.0030924918 0.022015253 0.0021313971 0.02549269 0.0025033066 0.0017251798 8.1705524e-11
3.5971854e-05 0.013769316 0.2515259 0.18342488 0.020765059 0.538213 0.25422916 0.052654184 0.48721573 0.0002505474 0.0013791071 0.54574776 1.4647269e-21 3.602486e-05 0.22670837 1.5933036e-06 0.002683313 0.08024189 0.13627678 0.0018433218 0.4555229 0.38563254 0.23399836 0.020769188 2.9764291e-05 0.22988337 0.38557455 0.008595754 0.06780066 0.27557644 0.3090622 0.004856504 3.497208e-05 0.0010831727 1.519646e-05 0.20749752 0.3655341 0.20142274 0.18912262 0.00016663288 0.15256551 0.12485241 4.671378e-06 7.5893295e-05 0.0043572383 0.09613082 0.055408407 0.07135061 4.143052e-05 0.0010451837 9.3255316e-05 0.009946697 0.004943577 0.028888859 0.00013551213 0.056082796 0.0006613745 0.011712952 0.02318934 0.11181568 0.0034332343 0.037503056 0.13992356 0.12724572 0.05207807 0.00041072394 0.11433386 0.118478276 4.3160377e-05 0.07516049 0.006259749 0.00651569 0.058804348 0.047447488 2.4533503e-05 0.005480726 0.006704903 0.0032354193 0.007349639 0.017714784 0.014593918 0.0019969658 0.0034388492 0.039797194 0.036072616 0.012671256 0.0010818864 0.0021267047 5.157223e-07 0.004238896 0.0021652044 0.024539717 0.0295672 0.019811539 0.0017635862 0.027202837 0.001222169 0.023715168 0.003249075 0.0018914519 3.451483e-11
3.6614665e-06 0.009929634 0.005891923 0.0055033527 0.18413293 0.00058306096 0.0020125685 0.067443214 0.00060234 0.046452 0.5724611 0.00024219333 3.602486e-05 6.9379946e-28 4.765319e-05 0.3241091 0.31375843 0.052944824 0.019296655 3.5902453e-05 7.659971e-05 0.00013676254 0.0036043485 6.513136e-06 0.45410758 0.0010073038 0.00031822087 4.077881e-06 0.028489238 0.0008325595 0.0003414202 0.032210864 0.18493761 0.03981058 0.20205492 1.399866e-05 4.4304572e-05 0.0009415727 0.0024050118 0.01649215 2.7362184e-05 0.0025718408 0.044376187 0.014034566 0.013897262 0.0046225926 0.0064872834 2.8045864e-05 0.0026004007 0.006830628 0.0029499913 6.5937553e-07 0.005120729 0.005930861 0.000966909 1.4145354e-05 0.005520739 0.001209242 4.044065e-07 4.6113422e-05 5.022406e-07 3.3654393e-07 0.003980066 0.0007433959 0.000803608 0.004805746 0.0019378323 0.0032320407 0.0035651287 0.00268382 1.7575935e-06 1.2412697e-06 0.0023997664 0.0013503212 0.0023148544 1.9903888e-05 1.2369736e-07 0.0028176436 7.083666e-07 0.0002767584 5.8623984e-05 0.002339014 5.0662834e-07 0.004179035 0.0027339156 6.170481e-05 0.0035239882 4.259327e-07 5.9885628e-05 9.300738e-06 4.144036e-09 0.0005860255 4.0697512e-05 0.0029646852 0.000117467505 0.00030073515 1.9343423e-07 0.0027226026 4.7390085e-06 5.8142e-08 3.7430928e-07
5.963021e-05 0.01117786 0.1417676 0.08723743 0.007452422 0.31995893 0.08895849 0.0291966 0.35704136 0.00028496885 0.0013372018 0.18167879 0.22670837 4.765319e-05 5.2245126e-24 1.8171299e-06 0.0040496793 0.038995996 0.05065145 0.15658395 0.31462893 0.14872783 0.09282569 0.24584761 3.065802e-05 0.082676604 0.084049895 0.21381405 0.03210545 0.077474885 0.07501713 0.010579595 2.7719938e-05 0.005158318 2.9016783e-06 0.23030078 0.07672858 0.031575825 0.03412236 0.0023748954 0.2211308 0.019182255 2.4176308e-07 0.00023024213 0.009379351 0.019429041 0.013845286 0.027040416 3.379156e-05 0.004026675 8.773125e-05 0.039690144 0.005326079 0.011480445 5.1602838e-05 0.017159004 0.0023315353 0.0033905914 0.028826177 0.022430321 0.05160787 0.016382342 0.01406431 0.019584471 0.0043530804 0.00087885716 0.00923887 0.010462429 6.678087e-05 0.006920287 0.0019159007 0.00049506134 0.006748394 0.017748402 9.233271e-06 0.0041299537 0.0033157966 0.0010006109 0.0002449681 0.00971437 0.003004555 0.001013929 0.0007186598 0.007224975 0.0058829137 0.0046014935 0.00082061277 0.00054413616 1.2244801e-06 0.0022701754 0.0012024927 0.0047782524 0.002582478 0.013677923 0.00012566432 0.0013433133 0.0008747319 0.01526114 0.0008038276 0.0017801612 7.2313283e-10
5.57879e-10 0.036236905 0.000523191 5.4997767e-05 0.10906911 2.4107629e-05 6.2017076e-05 0.0031338697 4.410693e-05 0.66054004 0.2701237 9.559266e-06 1.5933036e-06 0.3241091 1.8171299e-06 3.5109574e-32 0.022906587 0.0011721158 0.00015603525 0.0005240007 6.8665404e-06 2.4521876e-05 5.0692368e-05 1.4578197e-05 0.12539726 1.22974925e-05 3.249146e-06 7.131382e-06 0.00012292716 1.8737708e-05 5.359532e-06 0.0005173339 0.016233813 0.00052372715 0.109389946 1.0370505e-06 1.1685776e-06 1.4694693e-05 1.2990661e-05 3.6454447e-05 2.1808305e-06 1.9339017e-05 0.012675993 0.00019882612 6.357319e-05 9.199585e-05 4.7830392e-05 1.7357673e-06 0.00014163544 6.161035e-06 3.6342117e-05 7.7886375e-07 6.776544e-06 3.418558e-05 3.349794e-05 2.4215637e-06 5.2094306e-06 5.807146e-06 1.2303252e-07 9.787717e-07 4.5072963e-07 2.0063572e-07 0.0001641847 1.2788674e-05 4.578176e-05 4.030757e-06 7.6754885e-05 6.026852e-05 1.0053494e-05 6.119894e-05 5.5083484e-07 6.0920127e-07 7.462461e-05 1.9901914e-05 1.418158e-05 8.1441954e-07 2.5319677e-08 3.814228e-06 7.805096e-08 1.7072987e-05 2.7934136e-06 5.391691e-06 4.4081848e-08 0.0003125329 0.00017231403 4.377737e-06 2.4806155e-05 1.44874095e-08 5.3614126e-08 3.2767957e-07 4.3368426e-10 3.1087373e-05 1.0314176e-06 0.00024697723 7.547305e-08 2.2609806e-06 3.4976908e-09 0.00018900371 3.114849e-08 2.7924079e-09 7.693134e-09
0.00029675395 0.08450197 0.18421988 0.1795051 0.43453494 0.032735106 0.08516861 0.5236803 0.012208173 0.016521603 0.49314424 0.012919129 0.002683313 0.31375843 0.0040496793 0.022906587 1.1293193e-25 0.37928027 0.24635655 0.00044007212 0.0014198361 0.0023554119 0.098339126 0.0004859816 0.19385883 0.02070381 0.005572846 6.343487e-05 0.28440684 0.011847319 0.00669672 0.33279136 0.07722155 0.35526347 0.03852503 0.0013587397 0.0020075806 0.02453123 0.04106597 0.2666708 0.0007958428 0.036843363 0.005495357 0.11606566 0.17154172 0.024000347 0.10478113 0.00011776958 0.015789956 0.118123576 0.026672041 1.0329863e-05 0.05335971 0.064398445 0.012225941 0.0004171089 0.059746504 0.013069053 5.6935365e-05 0.0009215598 2.1889987e-06 0.00013013458 0.04241956 0.003115188 0.014135114 0.03404621 0.027263578 0.008978053 0.03917709 0.0084631555 2.699509e-05 0.00010093492 0.020220395 0.0011369142 0.021992756 3.002461e-05 3.43458e-05 0.027866889 1.4036693e-05 0.0005876726 0.0002361168 0.01819507 2.5595562e-05 0.008741286 0.007369997 0.0004431083 0.041886184 6.263562e-06 0.0010923836 4.521926e-05 5.6641202e-08 0.004473127 0.0039833924 0.002748179 0.007396634 0.010961604 1.2321194e-05 0.005469698 1.7662074e-05 5.421948e-06 2.2798308e-06
0.0013881882 0.09027254 0.31604168 0.30031043 0.2550322 0.18642923 0.20346548 0.4321154 0.10515784 0.0075591365 0.1417883 0.08579021 0.08024189 0.052944824 0.038995996 0.0011721158 0.37928027 3.632063e-26 0.45103025 0.006837957 0.033291206 0.022800453 0.25609425 0.00623649 0.02919439 0.108903795 0.07860957 0.0016768781 0.47023132 0.051286526 0.042105578 0.29387066 0.012750419 0.24837998 0.005304799 0.007883966 0.03776774 0.06426859 0.23762155 0.21038513 0.0053106276 0.18661301 0.00044438677 0.034513846 0.21422592 0.08272231 0.27067637 0.000401604 0.0057601584 0.13229956 0.011654503 0.00020376118 0.060926408 0.1199079 0.0060550123 0.0013437079 0.04670968 0.040825363 0.0007343312 0.003848226 0.00033456038 0.001800685 0.13771535 0.023745593 0.058197353 0.024979712 0.09881834 0.050472125 0.016535396 0.03689392 0.00017534582 0.00024988546 0.05797043 0.008947027 0.007738957 0.00015448648 0.00043022772 0.03961442 7.438501e-05 0.008479616 0.0026976254 0.02446009 6.663678e-05 0.03381305 0.03188824 0.0025329825 0.034194868 4.066423e-05 3.545627e-05 0.00018047266 1.540856e-05 0.015227144 0.019571431 0.011436548 0.02728909 0.037927665 0.00020111821 0.011230206 5.9942657e-05 3.849898e-05 1.1224829e-08
0.0016476475 0.07296936 0.27036193 0.2653898 0.1809255 0.21306905 0.20043704 0.37215176 0.12940057 0.0038008855 0.08938811 0.14347377 0.13627678 0.019296655 0.05065145 0.00015603525 0.24635655 0.45103025 9.221532e-25 0.009540711 0.07433756 0.047242533 0.29573315 0.010355192 0.014314621 0.18817315 0.19061346 0.002315669 0.4186224 0.13413437 0.11567491 0.22316799 0.005220188 0.18219018 0.0017161818 0.017331913 0.07723899 0.081564374 0.29269138 0.11703397 0.01269819 0.23399751 0.00015468284 0.024425862 0.14229019 0.117379636 0.2168979 0.0016888257 0.0049123075 0.08217821 0.009715301 0.00042486357 0.050980154 0.12117836 0.004827176 0.004377697 0.026263397 0.047442656 0.0014737864 0.012976267 0.0009811905 0.0032306048 0.18703152 0.057134364 0.08242213 0.016494704 0.141559 0.085187964 0.010670781 0.06255179 0.0004166992 0.00033777108 0.07652088 0.017080016 0.0038532794 0.00034004857 0.0012829653 0.02713712 6.380308e-05 0.009269402 0.004454541 0.017348856 0.00018630485 0.03631457 0.035133243 0.0029049981 0.020418333 0.00013011423 2.5724206e-05 0.00034955106 0.0001174461 0.014235444 0.01651942 0.010081964 0.026117902 0.040174603 0.0007900389 0.009682978 0.00019211965 0.00020683462 1.3067705e-08
4.7019313e-08 0.06642695 0.03325864 0.019757723 0.017179977 0.02896121 0.010762035 0.012185833 0.044403557 0.006970829 0.00053363654 0.0035793139 0.0018433218 3.5902453e-05 0.15658395 0.0005240007 0.00044007212 0.006837957 0.009540711 2.0334971e-26 0.011208593 0.0060562547 0.0070455135 0.6614549 6.1248243e-06 0.002722357 0.0012023676 0.57974106 0.007278111 0.0022877601 0.0011214126 0.0011100672 3.965239e-06 0.0004306807 3.8326125e-06 0.011644416 0.00020971864 0.0025055981 0.003724346 0.00015384823 0.019654367 0.0030560128 6.7984774e-07 2.3876511e-05 0.0017644635 0.007411148 0.0047560935 0.00043226947 3.562953e-06 0.0006270367 1.752682e-05 0.01727073 0.0010914356 0.004420942 1.0001616e-05 0.0001216281 9.5897594e-05 0.00087607896 0.0040946635 0.0002352039 0.16725469 0.0009866968 0.004431241 0.00044766054 0.0030089996 6.360527e-05 0.0025587622 0.0012742705 1.0493524e-05 0.001116053 6.7250236e-05 1.93347e-05 0.003199316 0.000875117 2.2392334e-05 0.0003782083 0.00014973272 0.0003102537 3.0339765e-05 0.0007413035 0.00020325251 0.00021364195 7.372285e-05 0.0031936003 0.0019422041 0.0006308445 0.00039031424 2.0942116e-05 4.1942403e-07 6.968818e-05 0.0007201956 0.00097419566 0.00010840279 0.0020610637 6.527124e-05 0.00036065024 3.6932983e-05 0.0019341222 1.0085164e-05 1.533279e-05 1.0905608e-09
4.7863567e-05 0.01259034 0.14774361 0.10645373 0.016834943 0.4204651 0.14611441 0.023592904 0.45352125 0.00052035094 0.0017200512 0.36439338 0.4555229 7.659971e-05 0.31462893 6.8665404e-06 0.0014198361 0.033291206 0.07433756 0.011208593 5.18853e-22 0.54400456 0.12502456 0.034331094 0.00012870952 0.12854144 0.22206084 0.025932409 0.037156496 0.18487616 0.22290266 0.0047822115 0.00014615778 0.0018962516 4.775546e-05 0.40345606 0.32559684 0.13433112 0.087348215 0.00078202965 0.3260828 0.052417707 1.2261261e-05 0.00013552081 0.0057314285 0.03399726 0.028593436 0.13221648 7.182987e-05 0.0013685988 7.9872676e-05 0.025531637 0.004660881 0.018938106 0.00011158581 0.0900064 0.0012927798 0.0073411004 0.06110468 0.12538712 0.012705543 0.093396544 0.05782647 0.088749446 0.012807118 0.0007220394 0.04669796 0.07092729 9.2125796e-05 0.04873213 0.0090753725 0.011114942 0.028041853 0.04062174 1.7550434e-05 0.013419645 0.018120805 0.0035779898 0.016197635 0.020251917 0.016549934 0.0020240366 0.0040573957 0.030212902 0.02716227 0.019902267 0.001354121 0.0038217285 1.3072716e-06 0.01046182 0.009258512 0.0215097 0.018640684 0.02369465 0.00065419805 0.018851457 0.0025476674 0.032287743 0.006386826 0.004031445 4.720762e-10
0.00017726189 0.015069972 0.15444137 0.062907964 0.016539708 0.34130257 0.08231457 0.01823085 0.39907637 0.0006922689 0.0033632577 0.25945383 0.38563254 0.00013676254 0.14872783 2.4521876e-05 0.0023554119 0.022800453 0.047242533 0.0060562547 0.54400456 3.109013e-20 0.0976636 0.018383503 0.00012193726 0.101546414 0.212073 0.012711172 0.02316064 0.14839602 0.19076861 0.004261006 0.00011484162 0.0016771676 0.00012744314 0.28589246 0.32816806 0.11386803 0.086282 0.00066279643 0.22337168 0.049011577 2.6960617e-05 0.00010055744 0.003996143 0.026841382 0.019825703 0.1262579 0.00015916621 0.000782724 7.0565744e-05 0.01654299 0.0017632531 0.010195098 0.0002290824 0.10259712 0.0005494267 0.0038874974 0.05150507 0.1634229 0.010395162 0.06827433 0.07758818 0.16114555 0.017452128 0.00048021052 0.063202724 0.097733825 6.827098e-05 0.05370379 0.008392351 0.014741549 0.031473 0.06542993 2.8184137e-05 0.0113348225 0.018627614 0.0032404494 0.017354514 0.021792738 0.01954961 0.0016991812 0.0044074208 0.031850778 0.029008403 0.015284087 0.0012267864 0.0021508555 2.8410072e-06 0.00618057 0.014210532 0.020949177 0.014834359 0.021733114 0.00078763947 0.013446323 0.0032819188 0.023801701 0.0042068553 0.0040017418 8.558865e-10
0.0036924582 0.03287226 0.18453015 0.18029867 0.08431362 0.27284104 0.15301853 0.20890261 0.16383742 0.0015055713 0.026020905 0.23096047 0.23399836 0.0036043485 0.09282569 5.0692368e-05 0.098339126 0.25609425 0.29573315 0.0070455135 0.12502456 0.0976636 2.0235787e-24 0.013680904 0.0018981796 0.3576009 0.29385847 0.007920102 0.24029519 0.31275794 0.2753838 0.09678982 0.0004072009 0.06325074 0.00035666447 0.0589463 0.22958618 0.22350878 0.3074072 0.028353339 0.023586014 0.23961909 3.684004e-05 0.0025122727 0.040685315 0.13337415 0.14237092 0.009642933 0.0005896135 0.021080041 0.0019433306 0.0011260142 0.011922931 0.049798455 0.0010636328 0.006520327 0.005291793 0.02797809 0.005712649 0.049193505 0.0019149873 0.00538344 0.23508975 0.19625819 0.10585282 0.0034331605 0.20004418 0.17002337 0.00096127787 0.122034326 0.00042810212 0.00027058178 0.145977 0.038470894 0.00042049662 0.0007180048 0.0019077207 0.0077600237 4.604935e-05 0.013909254 0.010776598 0.0067863655 0.00046260213 0.07820245 0.07507147 0.008589039 0.006235919 0.00023659198 2.5967327e-06 0.0010610144 0.001928821 0.0329802 0.068694636 0.020137541 0.013929073 0.04522883 0.0018888391 0.022240957 0.0004675481 0.0007325434 1.05266e-09
8.5811365e-08 0.01656664 0.026347632 0.015392795 0.006207288 0.04454974 0.018154155 0.006637098 0.0818207 0.0007379189 0.00016251534 0.017572535 0.020769188 6.513136e-06 0.24584761 1.4578197e-05 0.0004859816 0.00623649 0.010355192 0.6614549 0.034331094 0.018383503 0.013680904 1.4538894e-27 2.695659e-06 0.007768887 0.0070050233 0.79428685 0.0072801723 0.00938693 0.006854607 0.0013156252 2.0483376e-06 0.0009147847 1.947619e-06 0.033781685 0.0030343235 0.010157825 0.0071064625 0.0006591891 0.03899497 0.009215836 1.390359e-06 5.4237717e-05 0.0030128774 0.01285262 0.00777788 0.0020935934 1.2663438e-05 0.0007977224 3.0077228e-05 0.030027246 0.0019813061 0.008665811 1.8750863e-05 0.00046515695 0.00023326585 0.001751224 0.015452531 0.0013247733 0.17773253 0.0055196155 0.005758681 0.0013922357 0.0026650657 0.0002245601 0.0047361148 0.0026516381 3.602874e-05 0.002593784 0.00016227776 3.1227235e-05 0.007057588 0.0023867579 1.8076697e-05 0.00083919737 0.0003321503 0.00065002975 2.3904628e-05 0.004317324 0.0008531261 0.00058333063 0.00024186626 0.004262577 0.003156171 0.0015221705 0.0014147243 8.202673e-05 2.0510828e-07 0.0004965122 0.003483936 0.0019675763 0.00021293083 0.005867861 0.00017888898 0.00070153584 0.00025892054 0.0046870173 0.00015893852 0.00010191524 1.5469831e-10
6.3066577e-06 0.0030172656 0.001487364 0.00048149872 0.044656057 0.0001883624 0.00042027674 0.018264027 0.00073440786 0.0033987951 0.30430567 7.5958174e-05 2.9764291e-05 0.45410758 3.065802e-05 0.12539726 0.19385883 0.02919439 0.014314621 6.1248243e-06 0.00012870952 0.00012193726 0.0018981796 2.695659e-06 2.1418119e-26 0.00044066345 8.916935e-05 1.6814619e-06 0.023759224 0.00060582155 0.00026937242 0.027111735 0.43466765 0.036913272 0.4269787 7.4051245e-06 4.2751584e-05 0.0016875893 0.00072160736 0.01916492 1.7756942e-05 0.0008943154 0.20603003 0.037155345 0.017234582 0.002141458 0.0050300257 3.6773713e-06 0.030045446 0.009882384 0.012486345 2.7194807e-07 0.0056999554 0.0048067565 0.0086718295 5.0165872e-06 0.014024698 0.0009706785 6.099567e-08 2.7713171e-05 4.4958554e-07 4.907032e-08 0.0014218781 0.00047368216 0.0006560086 0.013398946 0.0006503398 0.0007927907 0.011223353 0.0006369651 4.704459e-07 3.5763946e-07 0.0009943994 0.0011250771 0.008127225 5.906662e-06 1.4906291e-08 0.004355427 1.8083331e-07 0.00013974671 1.6290522e-05 0.004827035 1.4653997e-07 0.0021813477 0.0013950755 2.8300785e-05 0.006697305 1.765953e-07 0.00057350076 3.6924966e-06 7.9322354e-10 0.00036624045 6.6370274e-05 0.001365949 0.0001703796 0.0002452486 7.917476e-08 0.00083879376 4.6225304e-07 2.2378485e-08 1.4515824e-05
0.0032482264 0.01254486 0.1164322 0.091378264 0.03637385 0.22361873 0.09525643 0.06364632 0.1360786 0.00062360475 0.0083848145 0.22184187 0.22988337 0.0010073038 0.082676604 1.22974925e-05 0.02070381 0.108903795 0.18817315 0.002722357 0.12854144 0.101546414 0.3576009 0.007768887 0.00044066345 6.569229e-23 0.3635173 0.0058860844 0.118405364 0.3626855 0.32689503 0.019538712 0.000118528784 0.010677928 0.00010546422 0.070548214 0.3231748 0.25857192 0.28817928 0.003875864 0.03245843 0.2127992 1.8412424e-05 0.00039029578 0.007342403 0.1190299 0.08219951 0.01868439 0.00017992772 0.0025045518 0.00034678387 0.0014432519 0.002561255 0.021284996 0.00049724925 0.0124264145 0.0009881572 0.014965579 0.0044451137 0.083543964 0.0016344927 0.0036601876 0.26022127 0.27678454 0.09977951 0.00061371294 0.23615348 0.20951393 0.00014063685 0.16559334 0.0007817522 0.00051473203 0.19735631 0.057308514 4.5693472e-05 0.0010440894 0.0019910801 0.002154923 9.843122e-05 0.017835625 0.013400851 0.0024389476 0.0006725104 0.08900848 0.09006179 0.011554617 0.0021019059 0.00029755392 7.948969e-07 0.0014006458 0.002079979 0.040421054 0.09698164 0.025791937 0.0068057505 0.038933523 0.0017242383 0.027501509 0.0007343865 0.0010624035 7.5864766e-11
0.002073394 0.0066223256 0.11631774 0.10785292 0.017297689 0.30688396 0.13144492 0.033215698 0.19564822 0.00022810444 0.0033412355 0.32831046 0.38557455 0.00031822087 0.084049895 3.249146e-06 0.005572846 0.07860957 0.19061346 0.0012023676 0.22206084 0.212073 0.29385847 0.0070050233 8.916935e-05 0.3635173 4.7143443e-22 0.003923338 0.090865195 0.48075515 0.4744797 0.004742827 1.9809584e-05 0.0020941894 2.2648035e-05 0.11623467 0.441221 0.30186856 0.20829484 0.00021274897 0.058354355 0.13083948 2.146158e-06 2.4017902e-05 0.0011248309 0.06297994 0.0501618 0.08198649 4.0380917e-05 0.00023136716 5.4974014e-05 0.0023510659 0.0008182867 0.01372768 0.0001342559 0.036309954 0.000106810636 0.005810961 0.0052946983 0.15886454 0.00062302366 0.0074831424 0.21099254 0.19188324 0.04576455 7.439416e-05 0.18275042 0.16619684 8.076315e-06 0.13186607 0.0031320427 0.0026775503 0.11180224 0.0793939 3.3645263e-06 0.005193758 0.0027115138 0.0013298829 0.0007328505 0.02827193 0.0256508 0.0011181027 0.0016313461 0.075756505 0.070876375 0.02259674 0.00026575927 0.0011542625 4.6135387e-08 0.0068207374 0.00071409234 0.038150996 0.06953097 0.028345378 0.001286908 0.020498477 0.0013280634 0.031690076 0.0037969295 0.00040393788 2.1130014e-12
2.295375e-08 0.008051345 0.011533201 0.003258075 0.0030567942 0.02459908 0.004401528 0.0013551293 0.051308777 0.0003503978 3.1530737e-05 0.008125655 0.008595754 4.077881e-06 0.21381405 7.131382e-06 6.343487e-05 0.0016768781 0.002315669 0.57974106 0.025932409 0.012711172 0.007920102 0.79428685 1.6814619e-06 0.0058860844 0.003923338 1.09646635e-26 0.002974196 0.0045259497 0.002249455 0.00061629276 1.5934372e-06 0.0005363482 2.2326242e-06 0.025046539 0.0012073165 0.002445455 0.0051121516 0.00033983818 0.037208546 0.0077406177 2.05597e-06 3.8424227e-05 0.0027030553 0.013224949 0.0073391893 0.00136081 8.213628e-06 0.0008234106 1.6426167e-05 0.09696936 0.0011808549 0.0085606985 1.0850367e-05 0.00027754364 0.00019736974 0.002305414 0.029544517 0.0006663275 0.47906533 0.009770562 0.0066474015 0.0012946823 0.004900771 0.00016019137 0.0050724405 0.0025893352 4.0387622e-05 0.0029266183 0.00019034118 6.346719e-05 0.0069001704 0.0019545886 8.845244e-06 0.00097624253 0.0013895021 0.00071335514 0.00013073965 0.002661071 0.00083051756 0.0006798203 0.00039857405 0.004206509 0.0037179508 0.0017922019 0.00044396162 0.00020833182 4.111373e-08 0.00058339327 0.010226165 0.0013563213 0.00019909574 0.0038408162 8.44468e-05 0.00069580734 0.00029393454 0.0033812143 0.00013081386 0.00032273095 7.419293e-11
0.005050779 0.043888032 0.18735784 0.18778937 0.12933059 0.14688532 0.13480933 0.34528175 0.07905343 0.001577777 0.10106877 0.07400864 0.06780066 0.028489238 0.03210545 0.00012292716 0.28440684 0.47023132 0.4186224 0.007278111 0.037156496 0.02316064 0.24029519 0.0072801723 0.023759224 0.118405364 0.090865195 0.002974196 1.017691e-22 0.066541076 0.05546229 0.3286991 0.0122855725 0.2758587 0.0024321259 0.016309682 0.045628864 0.0747679 0.31996724 0.27122295 0.015754262 0.2599356 0.00036335152 0.06874732 0.32025647 0.17550296 0.34728304 0.0006256891 0.010876352 0.20784347 0.01473821 0.000933691 0.16617024 0.29049987 0.008432242 0.0016546113 0.07897413 0.124942295 0.0022685206 0.006654778 0.00134992 0.0033537534 0.23303422 0.053257547 0.13778614 0.044235546 0.14670728 0.08319958 0.02736838 0.05655593 0.00014753861 0.00015387083 0.09469599 0.013301986 0.016174773 0.0002001886 0.0010945037 0.078475796 3.9899354e-05 0.0063173077 0.0017378147 0.062176414 0.00010127326 0.042721506 0.043674108 0.0012750996 0.057398025 5.1635376e-05 0.0010130954 0.00012144415 0.00042981125 0.0141306855 0.02951923 0.009278219 0.0808359 0.07604666 0.0011214538 0.008721344 4.7409e-05 0.00082510104 4.2533642e-07
0.003235459 0.011731403 0.10469761 0.07136747 0.018846296 0.22479339 0.08049398 0.025419721 0.18249743 0.00078462483 0.0073103774 0.22913362 0.27557644 0.0008325595 0.077474885 1.8737708e-05 0.011847319 0.051286526 0.13413437 0.0022877601 0.18487616 0.14839602 0.31275794 0.00938693 0.00060582155 0.3626855 0.48075515 0.0045259497 0.066541076 1.8087447e-21 0.46825132 0.007090524 0.0001704134 0.004507643 0.00010173744 0.11439358 0.46923047 0.36533928 0.2816035 0.0010099232 0.05464707 0.17741047 7.734806e-06 7.033228e-05 0.002199699 0.084427245 0.05463613 0.06054979 0.00017671603 0.000663793 0.00015580388 0.001770216 0.0008557756 0.011770896 0.00027752618 0.03915802 0.00025682183 0.0076986025 0.007976208 0.2212226 0.0012010108 0.007983046 0.30594006 0.3939172 0.056949854 0.00012327454 0.2736351 0.28860372 1.8352835e-05 0.22155708 0.002377514 0.0025784508 0.18058257 0.1383098 1.017928e-05 0.0040076785 0.0034495357 0.0012449906 0.0005781427 0.041379876 0.030364199 0.0015851377 0.0021377914 0.1336544 0.13111648 0.025215548 0.00046796672 0.0011734059 3.3898684e-07 0.005675411 0.0025459465 0.05985061 0.13497417 0.04441942 0.0022848567 0.03502603 0.0032985932 0.04441338 0.0029843978 0.0019070805 5.5331213e-12
0.002178888 0.0074291686 0.08868033 0.047548216 0.009585549 0.23831074 0.067074984 0.019139327 0.19566622 0.00061313057 0.0037131552 0.25315273 0.3090622 0.0003414202 0.07501713 5.359532e-06 0.00669672 0.042105578 0.11567491 0.0011214126 0.22290266 0.19076861 0.2753838 0.006854607 0.00026937242 0.32689503 0.4744797 0.002249455 0.05546229 0.46825132 1.4856615e-20 0.0067294315 0.00010132243 0.003011306 4.665628e-05 0.14388599 0.50105786 0.34557554 0.2344115 0.00053435017 0.0715497 0.13480775 2.3061702e-06 2.7471136e-05 0.0013788001 0.069041155 0.045859315 0.11836941 4.7446454e-05 0.00037177152 3.5005916e-05 0.002662684 0.0006830126 0.012083631 6.9051304e-05 0.055339795 9.597728e-05 0.005536221 0.00913616 0.25590748 0.00091193715 0.013073098 0.29463547 0.3820998 0.049611676 4.73864e-05 0.24903457 0.27534273 6.293068e-06 0.20237516 0.005999281 0.006546197 0.15586798 0.184225 5.1114002e-06 0.008738923 0.0048461724 0.0009303786 0.0019277488 0.052809115 0.03376952 0.00047264254 0.0022543923 0.1306292 0.12891646 0.02805416 0.0001147952 0.0010418732 1.3941371e-07 0.0058115674 0.0017893891 0.067260735 0.14571923 0.053216513 0.0012500696 0.033411648 0.0028491626 0.04735449 0.0029856204 0.0013085235 3.345354e-12
0.004747124 0.026013644 0.10198901 0.09215653 0.14652555 0.04195256 0.060951862 0.22032715 0.016967312 0.0021808767 0.07339176 0.012227813 0.004856504 0.032210864 0.010579595 0.0005173339 0.33279136 0.29387066 0.22316799 0.0011100672 0.0047822115 0.004261006 0.09678982 0.0013156252 0.027111735 0.019538712 0.004742827 0.00061629276 0.3286991 0.007090524 0.0067294315 5.821093e-26 0.02314377 0.4349388 0.006613776 0.0034946608 0.0063917157 0.02650102 0.081111796 0.4517754 0.0020254073 0.07580165 0.0011734422 0.12382379 0.33020267 0.06752492 0.25278786 8.2378334e-05 0.012208219 0.2638371 0.025686905 0.00054178137 0.21376641 0.19570237 0.010791227 0.0002156149 0.16056268 0.07538418 0.00036524516 0.0008218353 0.0002045115 0.00047931698 0.088421576 0.0068425178 0.06424975 0.091557935 0.05906884 0.023913784 0.069624156 0.017806258 2.2656957e-05 4.5704848e-05 0.045431126 0.004724578 0.031022262 1.0382375e-05 0.0002005645 0.11976442 6.190705e-05 0.0029531778 0.00016853776 0.089498535 5.0951107e-06 0.018776106 0.017214986 0.0001456285 0.11751367 2.428099e-06 0.0012004062 8.805451e-06 3.165419e-06 0.007996792 0.0118192695 0.010854446 0.056238078 0.05983901 4.544411e-05 0.009141926 4.2581073e-06 8.158465e-06 3.3297486e-06
