2.3697937e-33 0.0039286395 0.017560037 0.0064373207 0.010037114 0.009640132 0.01970138 0.015472586 0.00078894047 0.0050916015 0.024709854 0.0012449711 0.24214342 0.033740122 0.08058395 0.00049571024 0.026308626 0.002706952 0.11808254 1.5374066e-05 3.7266782e-06 0.01625186 0.14878866 0.106803894 0.34302798 0.16748452 0.36468 0.17380871 0.23563805 0.51420456 0.04238354 0.6163225 0.71864116 0.00819951 0.7300966 3.671784e-05 0.68676305 0.5731449 0.7064133 4.806139e-09 0.10149113 0.8609242 0.6835724 0.75803775 0.57583964 0.853127 0.8158544 0.66720295 0.7523039 0.031280175 0.730416 0.80245507 0.025471099 0.8203276 0.90135473 0.011670938 0.5619186 3.0949092e-08 0.05980864 0.9299405 0.9362308 0.58818597 3.2440106e-09 0.81552696 0.7692077 0.25337592 0.83274144 0.43456212 0.29373595 0.032159 0.35844243 0.05700452 0.75708735 0.93017817 0.10334929 0.9489368 0.9914012 0.39904264 0.9452476 0.002004382 0.98729724 0.9806473 2.100531e-06 0.9896639 0.43364093 0.9966904 0.990013 0.04860913 0.98314536 0.84919477 0.9984476 0.9959063 0.9973143 0.09530284 0.008431672 0.0043584057 0.9946512 0.013069115 0.9160796 0.9851335 0.99683034
0.0039286395 1.0449106e-20 0.2678768 0.28171164 0.14801225 0.48874062 0.4571801 0.37978545 0.5754447 0.46993884 0.056980386 0.021154594 0.28442627 0.06549711 0.289037 0.035196643 0.051153418 0.023335552 0.22875255 0.2016254 0.022316324 0.12230262 0.056162346 0.038252003 0.023993986 0.046286914 0.07556623 0.025233125 0.051847946 0.03673636 0.0010854399 0.10584697 0.07334435 0.0059064482 0.075509064 7.46807e-05 0.031933233 0.049220137 0.0469213 0.004947258 0.0002013464 0.039705977 0.024178201 0.002996834 0.0001105905 0.03100698 0.003778831 0.014920375 0.01470535 4.5234836e-05 0.00036269892 0.0043909247 2.4632109e-05 0.000677519 0.015410825 1.6887394e-05 0.00020669797 0.00031761176 4.7380863e-06 0.0024721362 0.0026053528 2.586218e-05 0.00022838962 0.000121767014 7.62346e-05 2.6284797e-06 0.000108187756 9.486824e-07 8.019489e-06 4.5218917e-07 5.82221e-07 8.6735946e-07 3.2330947e-06 0.00020458094 9.91012e-07 2.118775e-06 0.00082470616 1.2937387e-07 9.281002e-05 1.8268578e-05 0.00029025227 7.9812984e-05 5.57575e-09 0.00060997397 3.919532e-08 3.6006244e-05 0.0003246114 2.304861e-07 0.002141164 6.829993e-06 0.00034425472 0.0016361738 0.002400602 7.1011836e-09 2.3088757e-07 1.3302746e-07 0.0017570875 2.2495757e-07 3.621445e-07 1.1427977e-05 7.930829e-06
0.017560037 0.2678768 6.3626264e-22 0.7064299 0.41631526 0.041786633 0.097946234 0.038206056 0.0003929426 0.0027632006 0.45794523 0.11282493 0.15805306 0.31865567 0.01721836 0.028416192 0.370692 0.1872238 0.012714015 1.101366e-05 0.013803697 0.00072358927 0.19663557 0.0007754242 0.1952966 0.0039021005 0.09947065 0.0022810763 0.11350766 0.113925666 0.039750185 0.05546693 0.01346931 5.3538184e-05 0.023667518 0.004667938 0.0929145 0.06813419 0.03524348 0.00013803063 0.013043521 0.015859045 0.0035117662 0.031058518 0.007271963 0.037169274 0.023945764 0.0020233004 0.0020932402 6.8411396e-06 0.006108323 0.02823856 4.7107287e-06 0.008347249 0.005650234 1.9728861e-06 0.00022758859 4.2697064e-07 2.3063242e-06 0.0103846835 0.010576973 0.0007950747 1.6248814e-05 0.00023617288 0.00010026785 8.193041e-05 0.0010919832 0.00010367855 1.3334882e-05 1.6494907e-07 7.300439e-05 1.6114333e-06 0.00020240874 0.0012841949 3.7052258e-05 0.00029565764 0.0019600908 4.424584e-05 0.0013550032 0.0005340802 0.0031428335 0.0016113803 1.10182335e-10 0.0014529106 3.438818e-05 0.0013766466 0.0010377615 1.2410193e-05 0.0009834543 1.0778467e-06 0.00062222173 0.0004272393 0.00025246767 3.7869136e-06 2.5670366e-05 1.0137642e-05 0.00036601504 3.840928e-05 0.00022291225 0.0008612724 0.000112256224
0.0064373207 0.28171164 0.7064299 2.44007e-19 0.24606551 0.020571677 0.044426437 0.02003277 0.0009805998 0.0021590483 0.3854774 0.27996024 0.06881056 0.19278936 0.009547851 0.06652249 0.17342742 0.21305983 0.005962483 0.00020200977 0.02852553 0.000982768 0.10950657 0.0007567474 0.09977173 0.00260363 0.04899887 0.0019607535 0.067976475 0.070826575 0.020546928 0.026371682 0.006009772 0.0006520532 0.008105103 0.012175281 0.058494456 0.032290824 0.019822985 0.00077917846 0.007980948 0.0078408215 0.0024339403 0.014346094 0.0029479975 0.019009065 0.011618901 0.0015759101 0.002055876 1.722975e-05 0.0022480758 0.014794863 1.7061348e-05 0.0034681894 0.0037603048 8.718242e-06 0.00022921573 5.353944e-06 1.26150435e-05 0.0066356356 0.006473965 0.00036244633 2.8484641e-05 0.00026922807 0.000115355106 4.4260356e-05 0.0010565197 5.1630548e-05 4.0677027e-05 2.300018e-06 4.1466177e-05 4.5040806e-06 0.0002485829 0.0012414794 5.1716495e-05 0.00061112654 0.001240968 4.0690218e-05 0.001347554 0.00040594582 0.0015854825 0.00095300475 1.9735144e-10 0.0010694818 2.5801453e-05 0.0012928151 0.0018116761 2.2933826e-05 0.0014516475 1.5431256e-06 0.00084727164 0.0010828887 0.00078812527 4.4720605e-06 2.7628463e-05 1.3839925e-05 0.0010038774 3.8943064e-05 8.290701e-05 0.00065111154 0.00033710094
0.010037114 0.14801225 0.41631526 0.24606551 1.3403732e-18 0.045187272 0.15458976 0.060102277 0.00049501413 0.0052174856 0.10422656 0.017312493 0.23727441 0.7740674 0.013662122 0.007588006 0.2624517 0.038207322 0.006899424 4.2000687e-05 0.0018101908 0.0016085968 0.37599555 0.00081724045 0.17561433 0.0015492431 0.20604816 0.001131412 0.2529803 0.16783366 0.010094691 0.09489271 0.011127988 0.00023924185 0.03811962 0.0015700221 0.14653166 0.12092145 0.061633393 6.269452e-05 0.0048894715 0.04129896 0.0029691092 0.041514024 0.005259713 0.084026866 0.035455942 0.0015551264 0.0017973761 0.00017201307 0.0036362088 0.063487485 0.00018015539 0.008078758 0.02817754 0.0001163326 0.00050832296 2.0922649e-07 7.5188516e-05 0.02227888 0.022749195 0.0015052224 1.8133693e-05 0.00037689554 8.621376e-05 0.00013145202 0.003949001 8.893131e-05 0.00019060876 2.9274179e-05 5.1596682e-05 1.6915603e-05 0.0006772907 0.0045958795 4.1513264e-05 0.00057858747 0.009980616 8.8325876e-05 0.0037388958 0.0004948473 0.008997708 0.004199689 3.4027368e-09 0.00584927 7.147576e-05 0.0031357636 0.0071880203 2.827505e-05 0.0100385975 2.0891726e-05 0.00784273 0.0040215226 0.003170108 4.7586727e-06 3.326494e-05 2.964698e-05 0.0067950333 4.3317898e-05 0.00056712364 0.0028237202 0.0029937662
0.009640132 0.48874062 0.041786633 0.020571677 0.045187272 5.587443e-19 0.7045243 0.6940064 0.06484417 0.26960638 0.02807421 0.002567861 0.512021 0.028840926 0.5800544 0.0022469594 0.019543767 0.010888287 0.52580166 0.011956852 0.0015608297 0.10582681 0.024788503 0.14334072 0.023021508 0.11365748 0.097837046 0.06108269 0.04705549 0.02620366 0.0016786887 0.18519682 0.18941812 0.012048264 0.21072403 0.00035771128 0.046672482 0.07154236 0.0720097 0.0009825834 0.0036299184 0.15028606 0.04991006 0.0036407907 0.00031080336 0.072063796 0.006195867 0.022404095 0.020613138 0.002449346 0.0006478791 0.016287051 0.00096452545 0.0014504587 0.07089919 0.0003600391 0.018913772 2.4198567e-05 0.0020742316 0.00717689 0.0075165406 0.00021197007 0.00010814382 0.005817549 0.0044334885 0.00014150352 0.00067987246 0.00010250409 0.0020558408 0.00011222091 0.00012595575 0.00028554827 0.00038976592 0.0008773804 1.5279713e-05 0.00011994747 0.009047098 0.00022357584 0.00094362546 0.00028355047 0.003467799 0.00088031637 1.287195e-07 0.007228628 0.00013556294 0.0007674441 0.0028254224 3.7424365e-05 0.010376991 0.00024139318 0.0037732676 0.0072334306 0.006817749 4.3518826e-06 1.4483164e-05 6.997952e-06 0.010670232 5.882305e-06 0.00025401742 0.0010957596 0.0009110692
0.01970138 0.4571801 0.097946234 0.044426437 0.15458976 0.7045243 2.329424e-19 0.7362507 0.033199552 0.15652643 0.07799882 0.009384003 0.68509984 0.1287284 0.60278475 0.0067059165 0.11035054 0.026035538 0.5116534 0.0060213925 0.004801066 0.078995235 0.17480369 0.12225609 0.13006784 0.14651597 0.33903506 0.101982996 0.23662612 0.16788028 0.0081067495 0.33665204 0.25395733 0.0075116535 0.27949393 0.0016866738 0.16227604 0.16772853 0.14369273 0.0014454015 0.014488469 0.19237971 0.042618565 0.029095927 0.004491562 0.12694304 0.031233337 0.020060517 0.019382766 0.00091476546 0.0039599845 0.08575124 0.0008357022 0.0065461253 0.105708845 0.0003751842 0.013732806 1.0240486e-05 0.000886381 0.01887021 0.019369183 0.0017506956 0.000107863234 0.004943846 0.0036857296 0.00072414015 0.0041894377 0.0005676407 0.0017543333 0.000121200945 0.00046738607 0.0003362347 0.0011956374 0.004151097 0.0001236025 0.00042614446 0.016553635 0.00085820624 0.0035221456 0.001114869 0.010697589 0.0029397926 1.1034992e-07 0.013330382 0.0007055262 0.0020675256 0.006951219 0.00019247782 0.016281025 0.0003230614 0.008430619 0.013017865 0.010255215 3.258112e-05 0.00010316744 6.634048e-05 0.016304083 5.4009215e-05 0.001275434 0.0026538074 0.0037133
0.015472586 0.37978545 0.038206056 0.02003277 0.060102277 0.6940064 0.7362507 6.738223e-20 0.031216163 0.149569 0.032138944 0.0043024537 0.53627485 0.040130474 0.5813452 0.003888956 0.028350353 0.015994309 0.5182779 0.0047858004 0.0022019686 0.080585025 0.040672466 0.14915733 0.040989857 0.12660336 0.13268103 0.07707724 0.060075816 0.044096578 0.0029602847 0.24464525 0.2366818 0.008899321 0.23799884 0.00077835633 0.06049469 0.077165775 0.08683785 0.001250217 0.0063041365 0.17284177 0.04946747 0.0065604206 0.00086690055 0.08210436 0.01061681 0.026839351 0.025201475 0.0024389455 0.0011831782 0.033326726 0.0011361132 0.0023965165 0.09264931 0.0006541931 0.01690679 2.1726026e-05 0.001805188 0.011910397 0.012727129 0.0004479556 0.00010940376 0.005895275 0.004881753 0.0002554729 0.0014806422 0.00020174755 0.001973833 0.00023399397 0.00018458953 0.0004947732 0.0006323679 0.0020320388 4.7779424e-05 0.00025877886 0.011664489 0.00050307234 0.0020600387 0.0005012618 0.00593507 0.0017999294 1.7758701e-07 0.0106330365 0.00031789477 0.0014530838 0.0039998414 9.7535674e-05 0.009765718 0.0003527305 0.005594724 0.012508149 0.010308715 1.1326745e-05 2.4294295e-05 1.8762223e-05 0.012301858 1.561757e-05 0.0007667017 0.0019132888 0.0016878902
0.00078894047 0.5754447 0.0003929426 0.0009805998 0.00049501413 0.06484417 0.033199552 0.031216163 8.719651e-18 0.5273491 0.00059903366 0.0003131923 0.018997751 0.00016546232 0.026612038 0.0022563708 0.0006170717 0.0004984636 0.021997865 0.13107082 0.004054999 0.2719187 0.00024978063 0.016038535 0.00055395666 0.005514362 0.0006984141 0.0022283562 0.00039464553 0.00022801159 0.00026200435 0.0017754226 0.0063530016 0.105382636 0.00534793 0.0002186072 0.00010407818 0.0004184113 0.00063923467 0.009609892 6.8051726e-05 0.0026918189 0.0013494747 2.8226284e-05 3.4769337e-06 0.00024193918 1.7046159e-05 0.00062479463 0.00063068635 0.0004157482 6.542533e-06 1.628513e-05 0.0014090831 9.94784e-06 0.00012844442 0.002064457 0.00058216165 0.019191658 4.0036688e-05 3.0840976e-05 2.9720553e-05 7.897801e-06 0.00035533734 0.00011171273 8.600994e-05 1.2586688e-06 1.0020461e-05 2.5970892e-06 2.7406033e-05 2.3530272e-05 2.4646877e-06 3.5364262e-06 2.1885655e-05 1.7101293e-05 1.1677905e-07 9.030133e-06 2.7951155e-05 2.531845e-06 1.619104e-05 5.787348e-06 1.1584298e-05 1.5570904e-05 1.2607339e-06 0.00010393238 3.4776713e-07 1.0738735e-05 2.5970583e-05 1.878978e-07 0.00012082161 5.5192122e-05 0.00011108308 0.0008779558 0.0010553959 7.044243e-09 1.1949868e-07 2.618538e-07 0.00029934992 8.9188696e-08 1.4089184e-07 1.021879e-05 1.2385412e-05
0.0050916015 0.46993884 0.0027632006 0.0021590483 0.0052174856 0.26960638 0.15652643 0.149569 0.5273491 1.1435375e-19 0.0035548871 0.00043386448 0.07920676 0.0015804516 0.17794341 0.00044581914 0.0015498527 0.0008043302 0.1985826 0.07478894 0.00033101885 0.63560945 0.0011297968 0.24542756 0.0010843221 0.060092147 0.007170322 0.03374847 0.0031891216 0.00076427613 0.00067517924 0.0187431 0.050311387 0.3611108 0.037196998 2.6798556e-05 0.0007372057 0.0058465065 0.008812101 0.0025801715 0.00028098968 0.018355306 0.037262272 9.325522e-05 8.265733e-06 0.0040626265 0.00040057252 0.017800517 0.015193656 0.016181532 5.418157e-05 9.483351e-05 0.015173197 0.00017039424 0.0021478413 0.01306714 0.015787082 0.0072843465 0.008757181 0.00021784817 0.0002398374 1.5620417e-05 0.00016767396 0.005121457 0.004554855 2.9257394e-06 3.670961e-05 7.1920317e-06 0.0031688744 0.0014766282 4.7103786e-06 0.00097429875 3.7713355e-05 5.581912e-05 1.6262061e-06 2.2515052e-05 0.00065300503 4.3403847e-06 7.093252e-05 4.5562733e-06 8.832882e-05 4.9915405e-05 7.199686e-07 0.001061804 6.298817e-07 2.9968653e-05 8.0543505e-05 2.0832117e-07 0.0005278854 0.00057506963 7.5095144e-05 0.0017883928 0.0018211838 5.522354e-09 2.9470456e-07 7.146608e-07 0.0007182045 2.1333541e-07 2.216579e-06 4.092142e-05 1.5137691e-05
0.024709854 0.056980386 0.45794523 0.3854774 0.10422656 0.02807421 0.07799882 0.032138944 0.00059903366 0.0035548871 5.9000467e-21 0.18986376 0.09737821 0.15595877 0.045867775 0.015620261 0.42571092 0.5917711 0.039088856 4.17617e-06 0.0051183077 0.0012320942 0.19472036 0.004036954 0.2657168 0.017517904 0.045970418 0.008608223 0.055413112 0.15946248 0.29224372 0.017109532 0.010541692 0.00012374946 0.018559761 0.1825846 0.09826642 0.0313778 0.019643232 0.00085895794 0.18246761 0.016076958 0.0066592605 0.0906905 0.050915178 0.024554057 0.06524792 0.004305834 0.005289016 3.4339577e-05 0.033217877 0.020732533 5.864979e-06 0.033803068 0.006702452 8.2154094e-07 0.0002641444 1.8844602e-07 3.2627772e-06 0.015836753 0.014200075 0.011303087 4.904967e-05 0.00039660995 0.00019121669 0.0026184774 0.013484584 0.0014055761 1.8167135e-05 1.916668e-07 0.001029684 1.3526075e-06 0.003181641 0.010797523 0.001618535 0.00375903 0.0018383036 0.0009943531 0.00907935 0.007665851 0.00478861 0.006156501 3.1830488e-10 0.0006935892 0.0008504605 0.0038482682 0.0019906699 0.0002470418 0.0004847028 2.083505e-06 0.0010786834 0.00018646555 0.00018590836 0.00010856325 0.0007769184 0.0006846113 8.8752284e-05 0.00048107686 0.003513448 0.0075594396 0.00088262896
0.0012449711 0.021154594 0.11282493 0.27996024 0.017312493 0.002567861 0.009384003 0.0043024537 0.0003131923 0.00043386448 0.18986376 3.122852e-18 0.0077764327 0.015901398 0.0041205515 0.22666305 0.03409144 0.3238265 0.00199093 4.131149e-05 0.058036905 0.00021124358 0.015479117 3.2654625e-05 0.013331469 0.00036716266 0.0037215531 0.00021635125 0.006351759 0.009445011 0.005942377 0.0010674862 0.0009149745 0.00041343377 0.0021079038 0.07859385 0.007327618 0.0061326306 0.001720874 0.0001643669 0.0018245677 0.0014852365 0.00043679698 0.0021742862 0.00055889727 0.0015508706 0.0025278558 0.00016821294 0.00020373943 2.51116e-06 0.0006956348 0.0017779293 3.8972223e-07 0.0009632454 2.3436995e-05 2.3843927e-07 8.437584e-06 5.742655e-06 6.816129e-07 0.0024866934 0.0024235798 7.0308604e-05 2.6544098e-05 3.6325e-05 2.8714454e-05 1.1337205e-05 0.00012719241 5.997081e-06 3.652204e-06 8.7925497e-07 4.792548e-06 1.3868654e-06 9.0569465e-06 0.0012596163 8.398495e-06 8.674641e-06 0.0051941965 3.9568527e-06 0.00047698343 0.0010989797 0.022610776 0.0029664063 5.8357597e-10 0.0037422632 2.920788e-06 0.00021124922 0.08443412 7.757603e-06 0.09116552 1.564295e-06 0.05635215 0.009454311 0.0059590866 2.2082322e-06 4.877725e-05 1.9989377e-05 0.064872324 4.0248357e-05 2.5937688e-05 0.00029484302 7.731609e-05
0.24214342 0.28442627 0.15805306 0.06881056 0.23727441 0.512021 0.68509984 0.53627485 0.018997751 0.07920676 0.09737821 0.0077764327 1.204565e-16 0.29677588 0.49622077 0.007830326 0.14956896 0.027281431 0.40826547 0.002713948 0.0063079554 0.034442388 0.34129646 0.075520106 0.2538859 0.13053027 0.48465627 0.10183738 0.3577302 0.27962002 0.013397579 0.51061606 0.3337633 0.0067297365 0.3885538 0.0017218401 0.28701892 0.2825073 0.277084 0.0010999889 0.013549858 0.31847218 0.05276842 0.05925363 0.008801602 0.23196635 0.0654923 0.024756268 0.028105367 0.0029876796 0.009316505 0.13029008 0.0016745761 0.011789538 0.22055683 0.00044765582 0.0126419375 1.178512e-05 0.0018507747 0.045743268 0.049813904 0.0036744848 0.0002163133 0.004861675 0.0032387022 0.0006914003 0.0058748624 0.0012249959 0.0030582359 0.00011033156 0.00077340985 0.00022734024 0.002600429 0.008586815 0.0001229778 0.0010051486 0.052332804 0.00069558935 0.0077171307 0.0030810996 0.026701609 0.0072922874 6.4559725e-07 0.035458587 0.0004807625 0.0043375795 0.01508722 0.00033036192 0.031247407 0.0006600972 0.010381905 0.025004653 0.023197003 4.2499385e-05 0.00019797696 0.00041236152 0.028665306 0.00020874271 0.0019247205 0.0037410073 0.006465949
0.033740122 0.06549711 0.31865567 0.19278936 0.7740674 0.028840926 0.1287284 0.040130474 0.00016546232 0.0015804516 0.15595877 0.015901398 0.29677588 2.433656e-19 0.012310125 0.004005199 0.45779356 0.04474439 0.0059190965 1.1206668e-06 0.0011763191 0.00045784883 0.70902795 0.00039128604 0.47653586 0.0012035384 0.33219177 0.0010406687 0.4927803 0.4267962 0.037701085 0.1548368 0.013298879 0.00014167637 0.048225652 0.00074210035 0.34540227 0.21619694 0.10160049 2.067363e-05 0.009432413 0.05780961 0.0048461636 0.11554851 0.02204393 0.16804765 0.10144236 0.0053977547 0.0054141544 0.000163656 0.016208204 0.20126195 0.00010131519 0.026677532 0.060358778 4.8539943e-05 0.0009276538 5.427437e-08 8.4387226e-05 0.08389775 0.0799298 0.005943232 2.1246874e-06 0.00072671165 0.00026595677 0.00034941538 0.015689977 0.0008593017 0.000194621 3.2150585e-06 0.00035828006 1.1370859e-05 0.003032886 0.014269099 0.00011150454 0.0026481939 0.02667537 0.00039380792 0.010526241 0.0010277018 0.035085186 0.0140014645 1.6438216e-09 0.012081971 0.00035687257 0.011190041 0.01702061 4.5761637e-05 0.01946651 1.680844e-05 0.012822761 0.005121003 0.004462199 1.7390772e-05 6.838345e-05 3.1148626e-05 0.009202513 0.00011366799 0.0010839907 0.0036618912 0.0041379035
0.08058395 0.289037 0.01721836 0.009547851 0.013662122 0.5800544 0.60278475 0.5813452 0.026612038 0.17794341 0.045867775 0.0041205515 0.49622077 0.012310125 1.5981384e-19 0.0028447057 0.009685037 0.011018924 0.7690238 0.003990177 0.0020384595 0.18286176 0.025345163 0.55917525 0.022288013 0.49559256 0.096886836 0.43123809 0.033108633 0.027644675 0.0024605426 0.19162779 0.39778626 0.019499816 0.29735857 0.0009406524 0.028564418 0.051524602 0.064707085 0.0009168721 0.007125811 0.25776115 0.14914599 0.0024322837 0.00041564982 0.058052592 0.0047691087 0.07237294 0.06856501 0.012322205 0.00073087704 0.013235325 0.0053731613 0.0017423385 0.10041454 0.0012444138 0.059979543 3.8917147e-05 0.0041964296 0.006915642 0.0072748796 0.00057341025 5.0102786e-05 0.027607612 0.023730053 0.00021527217 0.00081548095 0.00023811331 0.0039491346 0.0004703737 0.00024029688 0.0011834847 0.0004931729 0.00132861 2.4758672e-05 0.00018367606 0.010294151 0.00025527173 0.0014102918 6.69489e-05 0.0034419647 0.0009698073 2.3139084e-07 0.0122603495 0.00017702674 0.0006864524 0.0017662356 5.9862617e-05 0.005895812 0.0023388523 0.0022221054 0.015725225 0.016345292 7.286399e-06 1.2649183e-05 1.08937475e-05 0.011232316 1.7232887e-05 0.0003670151 0.001163345 0.0007119545
0.00049571024 0.035196643 0.028416192 0.06652249 0.007588006 0.0022469594 0.0067059165 0.003888956 0.0022563708 0.00044581914 0.015620261 0.22666305 0.007830326 0.004005199 0.0028447057 4.06122e-19 0.004447236 0.025568575 0.0016061219 0.0015116708 0.17511931 0.00024593392 0.0017398876 6.0444487e-05 0.0014723423 0.00041345446 0.001517329 0.0003242856 0.0010239368 0.0009977003 0.00065527327 0.00060065376 0.0013731646 0.0002947157 0.00212229 0.009152847 0.0014511915 0.001304425 0.00093418214 0.0016780107 0.00034407797 0.0010425595 0.00049229607 0.0001973078 4.902568e-05 0.0014682311 0.0003387272 0.00040999544 0.0003535875 3.0068609e-06 0.00013807423 0.0006552493 2.9019577e-06 0.00020966165 0.00029282016 4.8394777e-06 2.5495923e-05 3.761705e-05 1.3592605e-06 0.0014753375 0.0016420474 6.41534e-06 0.00019933228 0.00019400631 0.00015503567 8.188862e-07 5.8554197e-05 9.4509926e-07 2.4556744e-05 2.411839e-05 5.370909e-07 1.9304669e-05 8.481277e-06 0.00072862045 4.6603003e-07 1.6934422e-05 0.010583026 7.865799e-07 0.0005022301 0.00031839966 0.013112799 0.000924776 7.3092647e-09 0.015022605 4.7268685e-07 0.00010465507 0.030308748 2.4635951e-06 0.065832846 0.00018319515 0.006134646 0.021595458 0.013910874 2.4670123e-07 3.2215373e-06 1.3744832e-06 0.045279782 2.8768054e-06 8.0980335e-06 0.00018083394 4.76501e-05
0.026308626 0.051153418 0.370692 0.17342742 0.2624517 0.019543767 0.11035054 0.028350353 0.0006170717 0.0015498527 0.42571092 0.03409144 0.14956896 0.45779356 0.009685037 0.004447236 4.819528e-18 0.1718042 0.00433624 3.1007353e-06 0.0023435343 0.0009916356 0.50861925 0.00031388004 0.56724346 0.0013982056 0.12338125 0.0011889226 0.16071147 0.33152044 0.36769485 0.042059544 0.0070251976 0.00030859737 0.019817933 0.026742976 0.23641326 0.082142405 0.0423386 0.00015617462 0.19639692 0.018937627 0.0032602255 0.19945334 0.12071888 0.06284872 0.16627426 0.0027952006 0.0039220005 6.707736e-05 0.09315346 0.12572896 5.9038826e-05 0.09537165 0.016784452 1.6155056e-05 0.0004484213 3.0310582e-07 5.018384e-05 0.049588885 0.044107802 0.030916214 1.8050992e-05 0.00046087464 0.00019449908 0.007788408 0.046904735 0.0075524026 0.00013493544 5.359926e-06 0.0053899256 9.728053e-06 0.012544472 0.022271963 0.0036971937 0.007557179 0.013885306 0.003995255 0.020055909 0.009970722 0.021301065 0.016744364 7.7398195e-09 0.00806592 0.0038292827 0.013553217 0.01871577 0.00072555937 0.012402529 1.6433502e-05 0.013450875 0.0036442317 0.0023272224 0.00049702224 0.0015917624 0.0028741974 0.0073114336 0.0009813529 0.00615614 0.0078518 0.0098726805
0.002706952 0.023335552 0.1872238 0.21305983 0.038207322 0.010888287 0.026035538 0.015994309 0.0004984636 0.0008043302 0.5917711 0.3238265 0.027281431 0.04474439 0.011018924 0.025568575 0.1718042 2.5763137e-19 0.00899894 1.5419593e-06 0.010136008 0.0006266789 0.05791475 0.0005840011 0.073374145 0.0047221812 0.013042302 0.003188974 0.020566767 0.046890985 0.112105384 0.007951209 0.00419147 0.00014898535 0.008029561 0.27169544 0.032885022 0.016993573 0.010576165 0.0008527682 0.063872285 0.008687441 0.0043057147 0.03260743 0.021291604 0.012816427 0.021062212 0.0043755225 0.0053310776 9.613672e-06 0.015079071 0.010491675 6.371923e-07 0.016092973 0.0018054919 2.1775584e-07 0.00019148456 9.65453e-06 2.249946e-06 0.008917481 0.0074522053 0.00644629 5.0053546e-05 0.00026525083 0.00016324822 0.0014603202 0.0056473706 0.0009020678 7.864791e-06 1.2335873e-06 0.0007242973 1.5371506e-06 0.0026238894 0.0050336123 0.0016277897 0.0026786104 0.00067488186 0.00095540984 0.003914736 0.006480958 0.0027669019 0.002883967 4.613675e-10 0.00023890624 0.00092636707 0.0018737083 0.003225482 0.0002765004 0.00139548 3.0246707e-07 0.001876619 0.00030090497 0.0002551593 0.00012299493 0.0009857275 0.0005941773 0.00022847697 0.00044894312 0.0022190951 0.0038733184 0.00080118864
0.11808254 0.22875255 0.012714015 0.005962483 0.006899424 0.52580166 0.5116534 0.5182779 0.021997865 0.1985826 0.039088856 0.00199093 0.40826547 0.0059190965 0.7690238 0.0016061219 0.00433624 0.00899894 2.0682633e-19 0.0025367306 0.0014570914 0.25885427 0.010614719 0.6669552 0.011504233 0.60409886 0.058407582 0.5688451 0.018733284 0.011205616 0.0019610329 0.15422358 0.4714339 0.031013006 0.314302 0.000720979 0.014954036 0.037952222 0.051686235 0.00062520325 0.005618579 0.30512452 0.25928947 0.0012452941 0.00024524977 0.04874009 0.0030285448 0.11486336 0.108442456 0.02746148 0.00040983298 0.006765496 0.01351116 0.0012200072 0.10216296 0.0032855987 0.10653299 5.2583437e-05 0.008448905 0.0054381317 0.005859146 0.00028280943 3.7425365e-05 0.05128378 0.043939907 9.238975e-05 0.0006051538 0.00012407478 0.006886116 0.0012709808 0.00015959727 0.0018675715 0.00030957095 0.0008575599 9.719086e-06 0.0001075992 0.009589243 0.00015869648 0.0010028377 3.0455343e-05 0.0025053283 0.00077173184 4.8376756e-07 0.012241983 8.249696e-05 0.00059956434 0.001383922 2.594244e-05 0.004767988 0.0029618666 0.0014984914 0.018543057 0.019313058 2.8281531e-06 5.238885e-06 8.220767e-06 0.0113626495 1.1056513e-05 0.00019641474 0.0007720156 0.00036790027
1.5374066e-05 0.2016254 1.101366e-05 0.00020200977 4.2000687e-05 0.011956852 0.0060213925 0.0047858004 0.13107082 0.07478894 4.17617e-06 4.131149e-05 0.002713948 1.1206668e-06 0.003990177 0.0015116708 3.1007353e-06 1.5419593e-06 0.0025367306 1.2446888e-26 0.0039800373 0.028130352 9.553702e-07 0.0012653763 6.5208365e-06 0.00034596628 7.559492e-06 5.3640957e-05 2.4050712e-06 3.4671657e-06 1.0594107e-07 3.0486408e-05 0.00018894732 0.00294205 0.00023702106 3.0082376e-08 2.882133e-06 4.4995077e-06 1.445828e-05 0.046094775 3.5883247e-07 2.9484121e-05 5.826689e-06 5.7474136e-07 8.30723e-08 5.3138087e-06 5.723448e-06 5.0841463e-06 3.871541e-06 2.1072465e-08 1.1472371e-06 2.29099e-06 2.2371607e-07 3.817066e-06 8.358552e-06 2.7287186e-07 6.4680825e-07 1.52776e-05 1.1178039e-08 1.2257764e-05 1.0363767e-05 1.0869194e-07 0.00024127006 1.5180157e-06 3.65408e-07 1.2973128e-09 2.042388e-06 3.810441e-09 1.3503166e-07 2.6157878e-07 1.8355966e-09 5.4737832e-08 1.2377447e-08 2.9871908e-06 3.8667994e-10 4.9352476e-08 0.0001319397 8.7963775e-10 4.1433664e-06 1.1971238e-08 6.413205e-06 8.6833114e-07 5.5143497e-11 0.0012966223 3.0360583e-10 2.7682051e-07 5.13423e-06 8.9479807e-10 0.00020689082 3.0970043e-07 1.2531002e-05 0.0041006817 0.003564073 1.6308503e-11 2.4059793e-10 3.32756e-09 0.0027378253 2.3912528e-10 3.6729164e-10 7.6224405e-09 9.927837e-09
3.7266782e-06 0.022316324 0.013803697 0.02852553 0.0018101908 0.0015608297 0.004801066 0.0022019686 0.004054999 0.00033101885 0.0051183077 0.058036905 0.0063079554 0.0011763191 0.0020384595 0.17511931 0.0023435343 0.010136008 0.0014570914 0.0039800373 9.04175e-19 0.00022255113 0.0011226854 6.0596343e-05 0.00079477835 0.00024986235 0.0009514827 0.00015504454 0.0007737732 0.00112915 0.00026766286 0.0007519988 0.0017009769 0.0006551627 0.0022179876 0.006576225 0.0017479687 0.0013192933 0.0011258097 0.0018861283 0.00018787729 0.0009022425 0.00010085467 0.00019642973 2.9026209e-05 0.0013692827 0.0004006427 5.691951e-05 7.285354e-05 1.2196447e-06 5.2712276e-05 0.0005441792 3.2701105e-06 0.00013850059 0.00024407868 9.567967e-06 6.1046826e-06 1.4585108e-05 5.600169e-07 0.00078211055 0.00080925756 5.772743e-07 0.00022280235 5.464143e-05 3.9041493e-05 1.01765224e-07 3.5107914e-05 3.784823e-08 4.6173864e-06 1.1870779e-05 2.9266488e-08 3.883949e-06 2.117979e-06 0.00014270819 1.0301647e-07 5.217326e-06 0.0029269143 8.190224e-08 0.00011432332 0.00023923181 0.0020455606 0.00016456077 1.9334219e-09 0.0033046373 8.377991e-08 4.1052517e-05 0.0025940794 2.3351456e-07 0.0109055685 2.8265964e-05 0.000638566 0.0034057645 0.002982901 2.6541427e-08 3.919422e-07 1.3163391e-06 0.005419364 5.7608037e-07 1.581132e-06 4.148774e-05 2.692608e-05
0.01625186 0.12230262 0.00072358927 0.000982768 0.0016085968 0.10582681 0.078995235 0.080585025 0.2719187 0.63560945 0.0012320942 0.00021124358 0.034442388 0.00045784883 0.18286176 0.00024593392 0.0009916356 0.0006266789 0.25885427 0.028130352 0.00022255113 3.8007533e-19 0.00052440236 0.5093887 0.00063913834 0.16410418 0.003092029 0.12955844 0.0022140576 0.00036114035 0.00022234536 0.0137363495 0.09938091 0.64433503 0.04848059 8.590857e-06 0.00053957757 0.005198716 0.0066764383 0.0027227208 8.422482e-05 0.04712585 0.116381876 6.120483e-05 7.384469e-06 0.0038712504 0.00026641268 0.05932519 0.052285686 0.121079884 3.0223728e-05 0.0001799447 0.14742875 0.00012432589 0.004839591 0.10107104 0.12603624 0.013854981 0.042751577 0.0005022174 0.0004604292 1.0531462e-05 0.00014953436 0.037117574 0.034493085 2.2025597e-06 9.332516e-05 2.9106745e-06 0.029830392 0.01082801 1.7555363e-06 0.00671806 3.3939024e-05 0.000106722364 4.1004972e-07 1.4070549e-05 0.0012819917 2.917325e-06 0.0001024602 1.7698926e-06 0.00020744858 6.5080785e-05 0.00019712068 0.0018632219 2.0797576e-07 3.8806444e-05 0.00011949738 1.5914516e-07 0.00088604586 0.0090951715 6.645179e-05 0.003750209 0.004619508 3.430975e-09 6.7306594e-08 5.306202e-08 0.0014663826 6.9638645e-08 1.2555327e-06 3.0632007e-05 1.0539077e-05
0.14878866 0.056162346 0.19663557 0.10950657 0.37599555 0.024788503 0.17480369 0.040672466 0.00024978063 0.0011297968 0.19472036 0.015479117 0.34129646 0.70902795 0.025345163 0.0017398876 0.50861925 0.05791475 0.010614719 9.553702e-07 0.0011226854 0.00052440236 2.3523834e-18 0.00052375766 0.68064916 0.0019585807 0.36882097 0.0014733599 0.46125022 0.626016 0.09012599 0.18698469 0.025107265 0.00017363252 0.07152677 0.0027284625 0.47407824 0.25079596 0.1516663 6.3236155e-05 0.059368584 0.06561757 0.006636209 0.30867016 0.09895544 0.2065439 0.24828993 0.0073599494 0.007771477 0.00017765418 0.06470146 0.30458254 8.121316e-05 0.10247863 0.08413263 3.3388354e-05 0.001169874 1.8813485e-07 9.740944e-05 0.14602 0.13766615 0.017188746 1.1200945e-05 0.0012448707 0.00072429073 0.0031693461 0.08097193 0.005826001 0.00020319263 3.019637e-06 0.0031528063 1.2917045e-05 0.011906932 0.05325121 0.00092146586 0.010441576 0.04111774 0.0024067508 0.037185416 0.0027203537 0.07472098 0.040004555 5.473206e-09 0.02323983 0.0017617572 0.024296902 0.03879058 0.0003000539 0.03333714 2.3546527e-05 0.02654327 0.007043582 0.0056769075 0.00017407439 0.00031296746 0.00040509578 0.012524652 0.00044539015 0.004029316 0.008197309 0.010443061
0.106803894 0.038252003 0.0007754242 0.0007567474 0.00081724045 0.14334072 0.12225609 0.14915733 0.016038535 0.24542756 0.004036954 3.2654625e-05 0.075520106 0.00039128604 0.55917525 6.0444487e-05 0.00031388004 0.0005840011 0.6669552 0.0012653763 6.0596343e-05 0.5093887 0.00052375766 2.9621612e-21 0.0006744546 0.73553336 0.0060662697 0.724499 0.0024073317 0.0005610368 0.00010407232 0.025725573 0.41927427 0.26361603 0.20240866 6.863751e-06 0.0010636303 0.008849607 0.014881863 0.0003235291 0.0004974442 0.18889928 0.34121192 4.607522e-05 4.80484e-06 0.0138815055 0.00020559486 0.18656546 0.15406449 0.25372154 2.2461652e-05 0.0007146316 0.13854454 6.69219e-05 0.039711505 0.030403944 0.34929976 0.00020830143 0.044994663 0.0012779458 0.001242901 6.5110376e-06 1.5054248e-05 0.1397452 0.12483629 4.7040894e-06 0.00013504885 6.068028e-06 0.023963809 0.00792122 5.8015553e-06 0.0063086655 2.0646912e-05 0.00023725534 2.4496143e-07 6.9568164e-06 0.0042741187 2.6276578e-06 0.0002879721 1.1922043e-06 0.000752313 0.00023678203 6.0095335e-06 0.007816677 5.814586e-07 0.00015139127 0.00049011916 3.8114405e-07 0.0026802598 0.008572154 0.00045257193 0.017739257 0.023016404 1.8653578e-08 1.3725648e-07 1.5842784e-07 0.008661929 1.9659173e-07 6.0927823e-06 7.641803e-05 6.689166e-05
0.34302798 0.023993986 0.1952966 0.09977173 0.17561433 0.023021508 0.13006784 0.040989857 0.00055395666 0.0010843221 0.2657168 0.013331469 0.2538859 0.47653586 0.022288013 0.0014723423 0.56724346 0.073374145 0.011504233 6.5208365e-06 0.00079477835 0.00063913834 0.68064916 0.0006744546 6.644885e-17 0.00430175 0.27150503 0.0038361286 0.28987387 0.58650666 0.32635188 0.11132312 0.023328315 0.000265609 0.04929948 0.010127549 0.47216666 0.17071253 0.09488694 0.0003247591 0.35252106 0.032756943 0.004923712 0.44187453 0.38951153 0.122526236 0.3447816 0.0055034026 0.005695535 0.0001545724 0.22062433 0.3007867 0.00012301652 0.23194553 0.04372682 8.572063e-05 0.0007005778 1.1805081e-06 7.7400415e-05 0.13813165 0.11706179 0.090513326 4.912017e-05 0.0008208225 0.0003401326 0.028095812 0.21134517 0.02671916 0.00013962509 2.5978893e-06 0.019296007 4.7953827e-06 0.045962106 0.09738071 0.012833765 0.035808958 0.032898504 0.011218854 0.08419815 0.017016161 0.07318721 0.056652892 1.1751124e-07 0.017824665 0.009122344 0.041126 0.048603315 0.0020645957 0.026318863 4.648376e-06 0.034306657 0.0056489217 0.005401568 0.0013571215 0.0027600403 0.005773922 0.010145757 0.0028577235 0.008189152 0.01705112 0.028543185
0.16748452 0.046286914 0.0039021005 0.00260363 0.0015492431 0.11365748 0.14651597 0.12660336 0.005514362 0.060092147 0.017517904 0.00036716266 0.13053027 0.0012035384 0.49559256 0.00041345446 0.0013982056 0.0047221812 0.60409886 0.00034596628 0.00024986235 0.16410418 0.0019585807 0.73553336 0.00430175 3.082454e-20 0.012197111 0.81610084 0.005235709 0.0031793388 0.001008745 0.061047748 0.49899855 0.033644173 0.32350978 0.00022586013 0.004980155 0.014003247 0.023615269 0.00022998867 0.0037374983 0.30370867 0.4791543 0.00029052727 8.458277e-05 0.020916354 0.0011821502 0.24836516 0.20520785 0.062333476 0.00015504025 0.002538697 0.029741183 0.00033253984 0.09389014 0.009465561 0.29092684 3.610197e-05 0.013447629 0.0044225277 0.0047067846 0.00012565461 1.4368152e-05 0.11365987 0.09659152 5.0899747e-05 0.0008306672 6.7242414e-05 0.0094735585 0.003437408 5.767323e-05 0.0022315101 0.00014047319 0.0012155666 4.0359378e-06 5.195199e-05 0.009238007 4.2412088e-05 0.0012553118 1.5869353e-05 0.0030695996 0.001146965 5.9249277e-07 0.014108051 2.0343083e-05 0.0005409406 0.0015598327 3.1315376e-06 0.005686263 0.0062446552 0.001338486 0.041100852 0.055927683 5.214667e-07 9.227017e-07 1.8955391e-06 0.012775096 2.041753e-06 8.945298e-05 0.0002481045 0.00027797942
0.36468 0.07556623 0.09947065 0.04899887 0.20604816 0.097837046 0.33903506 0.13268103 0.0006984141 0.007170322 0.045970418 0.0037215531 0.48465627 0.33219177 0.096886836 0.001517329 0.12338125 0.013042302 0.058407582 7.559492e-06 0.0009514827 0.003092029 0.36882097 0.0060662697 0.27150503 0.012197111 8.33827e-18 0.012366488 0.8317025 0.41222662 0.011611376 0.6525332 0.1351309 0.0002945266 0.29922423 0.00015994436 0.52978486 0.57978165 0.47174317 8.990635e-05 0.010869083 0.3002241 0.025149077 0.09465397 0.017097665 0.45205122 0.12020012 0.014157954 0.016038183 0.00086775294 0.01381285 0.28814113 0.0002740704 0.024887297 0.32333258 8.741189e-05 0.006681601 8.157376e-08 0.0004281005 0.1787729 0.1798835 0.0052264673 9.521317e-06 0.0027241895 0.0015579431 0.00033895537 0.021592513 0.0012034316 0.0009805225 1.43242205e-05 0.0004897365 3.6026267e-05 0.0035234524 0.025896005 8.0766884e-05 0.002400137 0.16069666 0.00034227534 0.01594605 0.00083509664 0.11108886 0.027330494 1.948141e-08 0.10937676 0.00016684119 0.013122168 0.0520939 5.9714428e-05 0.096337706 0.0001716473 0.036119916 0.05443575 0.044106364 1.3430717e-05 2.0390475e-05 5.3751104e-05 0.051201236 5.7223104e-05 0.0013430181 0.0035917694 0.006227067
0.17380871 0.025233125 0.0022810763 0.0019607535 0.001131412 0.06108269 0.101982996 0.07707724 0.0022283562 0.03374847 0.008608223 0.00021635125 0.10183738 0.0010406687 0.43123809 0.0003242856 0.0011889226 0.003188974 0.5688451 5.3640957e-05 0.00015504454 0.12955844 0.0014733599 0.724499 0.0038361286 0.81610084 0.012366488 1.6504483e-19 0.00456371 0.002744778 0.0009886036 0.054785576 0.53113997 0.024782961 0.37107342 0.00021896815 0.0037126131 0.012322136 0.023566661 0.00012245584 0.003972435 0.32938376 0.6035493 0.00037959186 0.00012518466 0.017332839 0.0013148036 0.30831262 0.24883994 0.06924172 0.00023632814 0.0022714247 0.028145213 0.00037278637 0.08626972 0.009711072 0.43339467 1.9266487e-05 0.0172874 0.0039439667 0.004480475 0.00022892824 2.2422591e-05 0.16448049 0.12830213 6.979999e-05 0.00069925416 9.161605e-05 0.013092112 0.0037233126 7.1222166e-05 0.0032566756 0.00018483563 0.0012244149 7.1617783e-06 4.6984336e-05 0.008890647 6.178678e-05 0.0012000347 1.4394513e-05 0.0033011315 0.0011375308 7.2292437e-07 0.016563687 3.0647847e-05 0.0005853553 0.0017957304 5.5915098e-06 0.006633649 0.0076892 0.0019339182 0.057427946 0.08269809 9.0671824e-07 1.0997207e-06 1.3160554e-06 0.014725228 3.2322591e-06 8.506726e-05 0.00031750093 0.0003438552
0.23563805 0.051847946 0.11350766 0.067976475 0.2529803 0.04705549 0.23662612 0.060075816 0.00039464553 0.0031891216 0.055413112 0.006351759 0.3577302 0.4927803 0.033108633 0.0010239368 0.16071147 0.020566767 0.018733284 2.4050712e-06 0.0007737732 0.0022140576 0.46125022 0.0024073317 0.28987387 0.005235709 0.8317025 0.00456371 1.1667242e-18 0.48726603 0.023950536 0.44346672 0.04402953 0.00028992415 0.12941137 0.00023996392 0.59579253 0.5375554 0.33676866 0.00010946721 0.020550204 0.1519141 0.007997577 0.21837877 0.03804946 0.35439622 0.20694491 0.008524487 0.008428819 0.00060461095 0.037619296 0.32956532 0.0003342619 0.05787614 0.20968737 6.037674e-05 0.004349292 1.9380667e-07 0.0003933693 0.16065687 0.15597235 0.012861069 7.726217e-06 0.0020538792 0.0012733302 0.0011561177 0.044104107 0.0028001245 0.0005295589 1.0828494e-05 0.0012774955 3.7018137e-05 0.0076997112 0.04305843 0.0005424954 0.005014818 0.1085769 0.0011714364 0.027858453 0.0022793084 0.11573489 0.037898667 3.5406558e-09 0.061434984 0.00073304755 0.018662391 0.05621564 0.00012530304 0.07569943 0.000115189105 0.036167845 0.02205996 0.015115757 5.4548334e-05 5.825637e-05 0.000118523596 0.029541126 0.00014057691 0.0033178052 0.0063944324 0.0072884667
0.51420456 0.03673636 0.113925666 0.070826575 0.16783366 0.02620366 0.16788028 0.044096578 0.00022801159 0.00076427613 0.15946248 0.009445011 0.27962002 0.4267962 0.027644675 0.0009977003 0.33152044 0.046890985 0.011205616 3.4671657e-06 0.00112915 0.00036114035 0.626016 0.0005610368 0.58650666 0.0031793388 0.41222662 0.002744778 0.48726603 1.38069224e-17 0.09683499 0.2086537 0.03253489 7.5854805e-05 0.07357153 0.002588044 0.59345746 0.26406232 0.1622964 0.00013591244 0.092404015 0.04802037 0.002795038 0.44975227 0.20403905 0.2257886 0.33126813 0.004276767 0.005127077 0.00015999578 0.12535751 0.3213343 0.00011539791 0.1663397 0.0841568 2.81428e-05 0.0013546408 5.1070316e-07 6.4066735e-05 0.1901213 0.17817189 0.039971787 3.60808e-05 0.0008845371 0.0005168839 0.005742004 0.14085455 0.0114147775 9.329348e-05 2.7210538e-06 0.006446026 3.243762e-06 0.019725317 0.12273186 0.0023605493 0.016648874 0.06542664 0.0035516664 0.08178742 0.005806197 0.13281596 0.09106162 4.2249816e-08 0.03397243 0.0028654358 0.041494478 0.086492 0.0006517722 0.05477153 1.1053423e-05 0.053063717 0.01094546 0.0077038547 0.00029482393 0.00056162925 0.0013778766 0.014819851 0.0005600217 0.006202063 0.0143676605 0.026890311
0.04238354 0.0010854399 0.039750185 0.020546928 0.010094691 0.0016786887 0.0081067495 0.0029602847 0.00026200435 0.00067517924 0.29224372 0.005942377 0.013397579 0.037701085 0.0024605426 0.00065527327 0.36769485 0.112105384 0.0019610329 1.0594107e-07 0.00026766286 0.00022234536 0.09012599 0.00010407232 0.32635188 0.001008745 0.011611376 0.0009886036 0.023950536 0.09683499 8.2342707e-19 0.0037761112 0.0010481428 6.562701e-05 0.0019701761 0.077579886 0.0542517 0.018101273 0.006953075 0.00011324472 0.64485186 0.0030489957 0.0011125616 0.12295449 0.22494231 0.013049306 0.09719091 0.0007237557 0.0010507565 2.0085457e-05 0.109139316 0.036746 1.2684493e-05 0.09642422 0.0022025905 2.688104e-06 0.0001611587 1.6762944e-07 8.288587e-06 0.014329674 0.012612759 0.059796087 5.1440957e-06 0.00018760211 8.582476e-05 0.053842347 0.05043284 0.024756806 1.7778919e-05 1.0793805e-06 0.023399951 2.0928128e-06 0.029370135 0.015948173 0.03121715 0.01785781 0.0028751544 0.014916895 0.018294899 0.021971626 0.0077672573 0.010274157 5.43764e-09 0.0010432951 0.011487388 0.012558154 0.0062611406 0.004419928 0.0027850266 2.5034508e-06 0.0071348343 0.0004605945 0.0003282634 0.0029422282 0.008370733 0.009554427 0.0008672516 0.0058548176 0.015527708 0.012705555 0.013189059
