1.1482559e-16 0.9876509 0.9663653 0.99568844 0.9670485 0.9984283 0.97670424 0.9912829 0.99387014 0.9251873 0.96280885 0.9783921 0.88106394 0.9480823 0.9387199 0.8941766 0.9315362 0.8469133 0.9527412 0.907729 0.7554846 0.7785635 0.9381714 0.96141225 0.93756336 0.9224937 0.9384672 0.9909709 0.78329146 0.9789012 0.9834079 0.98133785 0.95216274 0.6138791 0.6453584 0.99611086 0.70224506 0.8883175 0.94480747 0.959584 0.99525625 0.8875137 0.94819206 0.99582773 0.84401894 0.9696388 0.9652027 0.94967645 0.9308497 0.3312639 0.9522329 0.3361608 0.49172947 0.5378253 0.9997764 0.33925056 0.84569407 0.9756496 0.74183667 0.4083895 0.043307513 0.37473536 0.005651689 0.77612555 0.3320323 0.9594301 0.4669948 0.17384182 0.12926172 0.004518282 0.9628201 0.6865189 0.9579565 0.117538616 0.9463241 0.9356827 0.45873126 0.19309047 0.79993343 0.080485724 0.6124513 0.0018323894 0.9673128 0.69687694 0.12292973 0.89463025 0.99654424 0.44127187 0.003246074 0.7119753 0.061450332 0.00016271803 0.00045074258 0.9999073 0.034348547 0.0030752416 0.049536113 0.9999696 0.99996126 0.003657014 0.7313957
0.9876509 1.9840139e-14 0.9762164 0.15234865 0.51264155 0.10192274 0.88513505 0.6376519 0.56645834 0.023237742 0.42184642 0.1401062 0.8356005 0.81610113 0.10152242 0.7301961 0.023167217 0.6176574 0.18427537 0.85386217 0.54337573 0.228382 0.0724708 0.057560366 0.0006148808 0.0064649875 0.11222819 0.019576836 0.019162498 0.0019952324 0.0007749851 0.032015055 0.75538164 0.031812947 0.015914148 0.03324625 0.0067549003 0.023656372 0.00028333074 0.00017308116 0.71537894 0.008617193 0.0025019378 0.011711214 3.2686625e-05 0.060954046 0.009312708 0.0001195862 0.057020515 0.018764086 0.0009113634 0.0027966166 0.00019870934 0.00024276038 0.055929624 0.009603882 0.026505271 0.012394807 0.00033854312 0.00025373852 5.558466e-06 0.0016397394 0.000857787 0.0003436346 0.00095972023 2.1430484e-05 0.006183 0.0011343008 0.027788732 0.002889473 0.00032125303 5.2544285e-05 0.0012601955 8.0062426e-05 0.0010662588 0.00061251054 1.10231895e-05 0.000103866 7.712168e-07 1.6445494e-05 2.933856e-06 0.000728618 1.0983054e-05 1.7237144e-07 0.0024860082 0.0011012258 0.01781892 6.1072365e-05 5.0784547e-05 3.988385e-06 4.1214174e-05 3.923895e-07 0.00018613313 0.00035913082 2.1505947e-07 0.000112632944 4.88931e-06 0.037798442 0.018550087 0.000249005 6.685457e-08
0.9663653 0.9762164 5.7121725e-15 0.46565124 0.5493152 0.009365153 0.82585764 0.7645737 0.13580203 0.026238497 0.9186814 0.3051911 0.843664 0.2576585 0.569574 0.9089811 0.006736283 0.926613 0.1116556 0.3406508 0.53624445 0.019380856 0.016021123 0.011824039 0.0009342913 0.0013735289 0.013277538 0.0010509429 0.1182155 0.0017831669 0.0018873976 0.00089816155 0.23114716 0.029184232 0.0044420543 0.04079025 0.002007215 0.00033369494 1.5949297e-05 0.00014457213 0.26931432 0.000494642 0.00029803676 0.0007319834 9.3865536e-05 0.25849977 0.00043944345 0.0007121945 0.5356724 0.23071878 9.504684e-05 0.011915014 4.838723e-05 0.000114378614 0.01914714 0.09162773 0.0015871556 0.00076811604 6.072908e-06 0.0008060222 3.6838687e-06 0.031362027 0.010329977 6.230138e-05 6.476039e-05 5.7705365e-05 0.0036679655 0.01871656 0.06278971 0.018482871 0.0003022899 8.28285e-06 0.000120606215 0.0009107247 7.216116e-05 1.6881357e-05 1.7062748e-05 9.614887e-05 7.163219e-08 1.0338205e-06 1.9600688e-07 0.0015950827 2.053791e-06 8.292503e-07 0.0022542095 0.00023686697 0.0049763406 2.8208833e-06 0.00041054477 4.902511e-07 2.4111466e-07 5.617116e-08 0.0006351666 9.7762524e-05 3.0717956e-07 9.151459e-05 7.0399215e-06 0.006295665 0.008500764 0.0019605234 4.377402e-08
0.99568844 0.15234865 0.46565124 4.7649795e-10 0.24361137 0.00017995275 0.0034659049 0.872816 9.4987656e-05 0.014530305 0.8797938 0.038095716 0.014457496 0.04969099 0.9307632 0.05878629 0.005540959 0.670075 0.0006604987 0.015236564 0.0017296122 0.0023630727 6.0770533e-05 0.011834762 0.00072134385 0.0021137295 0.0035160508 3.006828e-05 0.907664 0.0008528699 0.0102865985 4.269108e-05 0.016051304 0.00052895857 9.93282e-05 0.021851117 8.958523e-05 1.2495724e-05 9.497384e-06 8.624387e-05 0.024284493 2.6559394e-05 1.5555557e-05 0.00029801033 0.00015631244 0.018044911 5.036392e-05 0.006226803 0.813979 0.8708517 4.7494035e-05 0.00094471266 2.4712672e-05 7.6211625e-05 0.019732129 0.66973245 0.00044303457 0.00032377386 3.09439e-06 0.0012694012 3.0768165e-06 0.5030438 0.25443467 6.952651e-06 0.00013579054 0.0001514229 0.0074686296 0.41234812 0.0026484488 0.0037278712 5.842083e-05 7.6214815e-07 7.121697e-06 0.0542072 7.21307e-06 1.9609159e-05 6.611121e-05 0.013515419 4.1994294e-06 7.6045253e-06 6.2680497e-06 0.0004009641 1.4890244e-07 9.97648e-05 0.000622222 7.854341e-06 0.0003357925 6.898821e-08 9.779474e-06 1.5684305e-05 7.492871e-06 7.5659685e-08 0.0039639594 0.00024846892 0.0014914748 6.932262e-05 2.865243e-06 0.0028936989 0.0019731168 0.0023125068 8.4852246e-08
0.9670485 0.51264155 0.5493152 0.24361137 6.5623606e-17 2.4360439e-05 0.0007565641 0.9348657 0.00011911929 0.98239505 0.40841514 0.9507179 0.0056605083 0.50809014 0.20338406 0.008238564 0.77463776 0.12241382 2.9064462e-05 0.03340218 0.00010294031 0.0024946246 8.297345e-07 0.24559398 0.67512405 0.31454587 0.020045271 1.6074511e-05 0.028485784 0.5528105 0.30263722 6.0700335e-05 0.011430475 2.7169142e-05 1.4662146e-07 0.5544366 5.8161577e-06 5.025261e-07 6.036211e-07 0.004784009 0.03786899 2.5760863e-05 4.0343293e-06 7.0223505e-05 0.004552584 1.7746004e-05 8.787587e-05 0.09490217 0.00037834683 0.014870024 3.0600472e-07 6.1920064e-06 0.0047116433 0.0015584312 0.15329115 0.04808281 0.0010918968 0.0003841675 1.7021628e-07 0.07330307 0.00019346755 0.00019624678 0.0002622193 1.5036018e-06 1.5349877e-07 0.0010710645 0.166458 0.011336277 2.5164063e-05 1.6598126e-05 1.8447946e-07 3.469565e-09 9.015865e-06 0.021934155 5.659323e-05 4.434069e-06 0.00032184363 0.016633391 1.339897e-08 2.058112e-10 4.6717767e-09 1.1111299e-07 7.65645e-09 0.00041476046 1.6260044e-06 7.896367e-05 0.0011402558 2.2531722e-07 2.1024656e-11 7.709909e-09 2.9514418e-09 9.784608e-09 0.00027310813 9.43198e-06 7.383617e-06 6.407119e-09 9.0273156e-10 0.046115007 0.15201007 1.5929556e-06 5.316624e-09
0.9984283 0.10192274 0.009365153 0.00017995275 2.4360439e-05 1.5776158e-09 0.48843747 0.0022719912 0.20802477 3.0540883e-05 0.00012025168 2.2863737e-06 0.43893844 0.0021249908 8.244509e-06 0.015750378 6.579418e-06 0.0016062199 0.9193066 0.020014314 0.87465847 0.0020438603 0.7018281 0.00015189903 1.2168557e-07 5.2923046e-06 0.00041930767 0.039004505 0.00017171443 8.182086e-07 6.1048365e-07 0.021387508 0.07888352 0.8267176 0.49047348 0.0001380084 0.8075955 0.013593022 0.00081758574 5.0104717e-08 0.025029961 0.016691552 0.0010397967 0.028157676 1.7498165e-08 0.71631855 0.0010360808 5.614369e-06 0.02107986 0.00019191181 0.073143214 0.7780445 2.3094397e-07 4.500989e-06 0.0024476144 3.262907e-05 0.0059901173 0.0029685204 6.465696e-05 1.5488484e-07 3.9908123e-08 0.00030173574 1.840412e-05 0.00010001295 0.0073858993 5.4266013e-07 1.8279375e-06 3.7605698e-06 0.09491218 0.029304303 0.656731 7.779633e-05 9.34633e-05 2.3086898e-06 1.7936638e-05 7.160492e-05 1.4427544e-06 2.3826506e-06 4.2252605e-06 0.00027812368 1.6862097e-05 0.03292603 2.6265292e-05 2.0617444e-08 0.85551333 2.7908802e-05 0.0016625469 1.7135689e-07 0.018286448 0.007897229 1.4575625e-05 2.6939809e-08 1.3148305e-05 0.0006568816 2.9149608e-06 0.21140319 0.4116901 0.005469729 0.00017594737 0.00017780114 5.1886684e-07
0.97670424 0.88513505 0.82585764 0.0034659049 0.0007565641 0.48843747 8.323981e-15 0.100265756 0.85479 0.00037929844 0.02643671 0.000236871 0.97870916 0.045400288 0.0016099941 0.7488497 0.00017656728 0.23008001 0.83680344 0.4526125 0.920863 0.018347342 0.43748483 0.0015397161 4.341097e-06 0.00016279782 0.0049295407 0.15686023 0.001216676 3.4462835e-05 4.415127e-06 0.10622003 0.68840724 0.2644064 0.11588134 0.002107919 0.05704048 0.059109934 0.002320807 6.924128e-07 0.40902075 0.016268779 0.00446055 0.05675946 3.9989654e-08 0.39506212 0.002710703 1.4518447e-06 0.081626855 0.009198842 0.0074617206 0.04910085 1.7716387e-06 3.224996e-06 0.010260327 0.0008632294 0.018606743 0.009592514 0.00034949902 4.976271e-06 1.2024152e-07 0.003934623 0.0005023467 0.00026237793 0.003940044 1.0987364e-06 9.094514e-05 1.243964e-05 0.0903233 0.009143691 0.006142095 0.00010466534 0.001160049 2.3134274e-07 0.00015348334 0.00033810516 4.354759e-08 9.943464e-07 8.9740246e-07 0.00012863036 6.420371e-06 0.0019508501 8.329288e-05 8.528982e-09 0.030673815 0.0006392146 0.012065338 5.0328203e-05 0.002710283 0.00011047665 1.2641924e-05 6.6722585e-08 2.5494317e-05 0.00026592353 7.68686e-08 0.0014663687 0.00040603214 0.0077835596 0.0018349373 0.001012207 3.3039214e-08
0.9912829 0.6376519 0.7645737 0.872816 0.9348657 0.0022719912 0.100265756 9.8364906e-14 0.007531555 0.79696625 0.79292375 0.7023696 0.15815242 0.93105453 0.71474 0.3382285 0.5700599 0.434025 0.019748507 0.18979225 0.04729976 0.032984715 0.0030806456 0.64746153 0.07520748 0.31107002 0.12442222 7.632713e-05 0.2539436 0.02904344 0.23315583 0.00015711172 0.065973036 0.0039692465 0.00097001647 0.31911042 0.0011773382 0.0001669612 3.4070508e-06 0.006299716 0.16385071 0.00015430183 8.468927e-06 0.00027997055 0.001127929 0.020526208 0.00036367564 0.034675058 0.25208685 0.077489056 0.000933962 0.009485934 0.00017633522 0.00014869832 0.18108824 0.1268575 0.0009981358 0.0013002041 5.734375e-06 0.0026923374 3.0177473e-05 0.027168833 0.007844709 3.5063982e-05 4.471099e-05 0.0010407913 0.028609226 0.08259766 0.0019087471 0.0005798218 0.0007876459 1.7961072e-06 4.6004046e-05 0.016081091 0.00011302063 4.4652694e-05 5.427078e-05 0.026683398 1.1363477e-07 1.677573e-06 2.2413269e-07 0.000440124 5.2647586e-08 0.0002185209 0.0025402228 0.00013567392 0.0073633236 1.3488506e-07 9.136412e-06 1.0101153e-05 1.534548e-06 7.471592e-08 0.00046328089 5.476475e-05 0.0012188954 2.127434e-05 1.5731366e-06 0.043742493 0.037823167 0.0026682233 4.5135633e-09
0.99387014 0.56645834 0.13580203 9.4987656e-05 0.00011911929 0.20802477 0.85479 0.007531555 1.17479845e-11 6.842651e-05 0.0057653547 8.7066626e-05 0.72463423 0.035846014 0.00034297752 0.27096772 0.000206878 0.06195919 0.5478149 0.1569907 0.81681514 0.016454099 0.9670504 0.001563155 1.2977988e-06 0.00028527883 0.007833397 0.6731905 0.00053422694 4.006289e-05 1.6456153e-06 0.5340828 0.29217428 0.33258942 0.6142274 0.0017337343 0.3983044 0.8354986 0.06753694 1.6954992e-07 0.098324515 0.5732829 0.08580332 0.26529104 2.5495446e-08 0.24152067 0.07168275 1.595176e-07 0.04344535 0.0083101 0.6955884 0.08155499 8.876049e-07 9.749916e-06 0.0076492876 0.00051132136 0.12076494 0.071212344 0.031951204 2.435384e-07 6.3515137e-07 0.00039114332 5.711711e-05 0.03701796 0.20463035 4.423415e-07 5.572213e-06 4.9584687e-06 0.032833796 0.00197688 0.26163095 0.032665435 0.01060717 4.6846213e-07 0.0024069208 0.002954675 1.0292809e-07 1.3162638e-06 0.00069855596 0.022759505 0.0008575959 0.0012648257 0.0007169029 1.1188619e-08 0.33128265 0.003217115 0.06329541 0.00011752757 0.0016903387 0.094764195 0.0007378313 2.2251237e-07 1.0526325e-06 0.002415992 3.2564483e-08 0.015858939 0.06082812 0.030228227 0.00091523095 9.984347e-06 3.0006017e-06
0.9251873 0.023237742 0.026238497 0.014530305 0.98239505 3.0540883e-05 0.00037929844 0.79696625 6.842651e-05 5.55472e-17 0.05777442 0.76167476 0.0010646258 0.30547893 0.060808793 0.0028153444 0.98718584 0.009844458 4.264168e-05 0.011918418 0.00026431552 0.0027448565 1.04620985e-05 0.56794864 0.43840623 0.6857943 0.018488359 1.6799977e-05 0.010782823 0.8558228 0.325366 3.9953426e-05 0.0030915304 1.8404366e-05 2.682539e-06 0.6935173 4.1742987e-06 1.910681e-06 5.166685e-07 0.035741918 0.018143062 2.9546309e-06 8.8197334e-07 6.745746e-05 0.007862616 0.00011752589 3.0961983e-05 0.08685139 0.00079089456 0.006585909 4.886271e-06 7.299439e-06 0.004216972 0.0036769246 0.18411341 0.02125436 0.001575463 0.0010712765 1.3830135e-07 0.019319523 0.0006759137 0.00018033554 0.00021182155 7.2473676e-06 1.2508947e-07 0.0033740716 0.037653234 0.009621189 5.0899143e-06 2.483038e-06 5.8564916e-07 6.1845307e-09 3.5619234e-06 0.013668541 2.03284e-05 7.7079545e-07 0.00048492217 0.02266417 3.5796308e-10 7.9151724e-10 1.5150478e-08 3.5276074e-08 1.7389659e-09 0.0037298624 8.1054776e-07 0.00013621194 0.0013449868 3.780177e-08 2.6553196e-10 8.144732e-09 1.774613e-10 4.2565473e-10 4.784992e-05 1.0122522e-05 6.840178e-05 1.3075602e-09 4.6596266e-10 0.04452831 0.17594051 2.9139952e-07 8.666842e-10
0.96280885 0.42184642 0.9186814 0.8797938 0.40841514 0.00012025168 0.02643671 0.79292375 0.0057653547 0.05777442 9.098125e-16 0.48347014 0.05208747 0.04946942 0.92212415 0.30154195 0.004375341 0.9845074 0.00087404856 0.05664845 0.009615567 0.0021848632 2.8017366e-05 0.0091088815 0.0028572206 0.0014506622 0.0021589352 0.000117289295 0.7255681 0.0054862276 0.010908689 0.00012760586 0.03934574 0.0026265755 2.8817989e-05 0.07790298 0.0003008493 4.427667e-06 2.931621e-06 0.0014782022 0.084626935 5.3168886e-05 3.5987896e-06 0.00021684621 0.00116777 0.11481266 3.6217112e-05 0.0018627938 0.7945354 0.6600407 9.1438426e-07 0.020765238 0.00091624755 0.0005457979 0.012734273 0.44563472 0.0006940716 0.00022927848 2.3363584e-06 0.022191837 4.9164646e-05 0.2934305 0.12573622 2.765953e-06 1.6530292e-05 0.0006309113 0.109222226 0.27633604 0.030736456 0.013794991 0.00033944706 2.1367553e-08 2.4800289e-05 0.056167193 4.0171335e-06 1.3002201e-05 0.00012875887 0.013734529 3.0327218e-08 5.8478685e-07 1.6903086e-07 0.0048614508 1.5359872e-06 3.3442466e-05 0.008326239 2.013607e-05 0.0010944436 2.4030845e-05 0.00032538874 2.5148313e-06 1.2143488e-06 1.1950074e-07 0.018925296 3.465782e-05 0.0008380925 0.00017587471 4.4247295e-06 0.002013562 0.011017643 0.037638057 1.5991658e-08
0.9783921 0.1401062 0.3051911 0.038095716 0.9507179 2.2863737e-06 0.000236871 0.7023696 8.7066626e-05 0.76167476 0.48347014 9.838958e-16 0.0014288644 0.037952706 0.32061768 0.0034404632 0.28293765 0.10715215 1.2877674e-05 0.014795208 9.60804e-05 0.0014421671 1.5784661e-07 0.020482443 0.9453764 0.040753078 0.002633084 2.3749226e-05 0.051674336 0.48851258 0.9215001 3.2469703e-05 0.0076981075 1.8981902e-05 5.048655e-07 0.5001269 5.085266e-06 1.2241321e-06 1.18294e-06 0.25452814 0.039547984 5.819676e-06 6.0515745e-06 4.8505026e-06 0.15262729 1.1445482e-05 1.3040138e-05 0.7920275 0.0028282802 0.105389096 6.140668e-08 0.00012337392 0.21787582 0.009620505 0.028934093 0.2821688 0.00018766652 5.6683333e-05 3.6658844e-07 0.71795666 0.0038942988 0.0024966248 0.008071349 1.2861896e-06 1.9322036e-07 0.003981264 0.7923499 0.0836724 9.822881e-06 7.959964e-06 1.7231631e-06 3.323253e-09 7.544977e-05 0.24118526 6.530813e-06 8.586344e-06 0.0009136787 0.18516406 8.311382e-08 5.852125e-09 3.7776253e-08 2.1663605e-07 3.8818393e-07 0.033245984 9.855776e-07 2.0222304e-05 0.00049945735 1.2771386e-06 4.1306283e-09 2.1551001e-08 4.533265e-07 4.7862535e-08 0.0017136729 3.5546852e-06 0.003273298 2.3695932e-08 4.894915e-09 0.007302413 0.08432597 0.00014357091 7.134636e-09
0.88106394 0.8356005 0.843664 0.014457496 0.0056605083 0.43893844 0.97870916 0.15815242 0.72463423 0.0010646258 0.05208747 0.0014288644 2.1828327e-17 0.030556424 0.0042569744 0.9754241 0.00020270159 0.43990117 0.89731973 0.22080462 0.93775284 0.007064622 0.058525592 0.001259769 5.8996984e-06 8.986923e-05 0.0014168144 0.028880557 0.0011547739 0.000109377055 9.4035e-06 0.013433384 0.35354766 0.11992037 0.035314035 0.0027258813 0.0071784747 0.006256413 0.0004750817 1.620807e-06 0.25070846 0.0019556496 0.00042064785 0.013122763 1.01031844e-07 0.17214298 0.00030934432 6.9808834e-07 0.025283324 0.002607576 0.00010305288 0.041340075 7.993935e-07 4.1820167e-06 0.0030241834 0.00041699357 0.0020439024 0.001017207 6.705613e-05 4.0711043e-06 1.7753225e-08 0.0014916583 3.3148815e-05 6.477478e-05 0.00010595507 3.441062e-05 2.3259596e-05 1.0279776e-06 0.035056613 0.0016797294 0.00046316563 2.525216e-06 0.000463104 3.004042e-07 1.6025102e-05 7.76726e-05 1.500529e-06 9.326664e-08 1.4903847e-08 2.4824815e-06 9.0421844e-07 0.000900899 7.604511e-06 7.773358e-09 0.0031420607 5.1449522e-05 0.002672619 3.740254e-06 0.000539881 3.6806307e-06 3.275935e-06 1.2977441e-08 2.545643e-06 0.00028606944 7.0266193e-10 5.847841e-05 5.743291e-06 0.003102077 0.00072495104 0.00011037976 2.0587423e-08
0.9480823 0.81610113 0.2576585 0.04969099 0.50809014 0.0021249908 0.045400288 0.93105453 0.035846014 0.30547893 0.04946942 0.037952706 0.030556424 8.392179e-15 0.010085325 0.029627629 0.37854138 0.027316203 0.0016024652 0.9795537 0.0106814215 0.7265059 0.00060799 0.9536838 0.003427684 0.4548611 0.89074105 0.00045477867 0.00285735 0.012543545 0.0020152486 0.0019530792 0.46831405 0.0003157002 3.2916734e-05 0.22691593 1.2229147e-05 0.00015478276 6.003507e-06 5.1214007e-05 0.48184124 5.9054037e-05 9.435683e-05 0.002738708 1.2013538e-05 8.0128724e-05 0.003314752 0.00015629888 0.00030101923 0.003181799 2.8060016e-05 1.8583843e-05 8.495148e-05 0.00032769196 0.7033877 0.0011952326 0.013075293 0.010804985 3.2705848e-06 4.4519904e-05 4.012695e-06 6.9181944e-05 1.7876408e-05 4.427851e-05 1.6195178e-05 0.00046791453 0.0010256018 0.00041564566 9.787521e-05 3.1042102e-05 1.0042354e-06 4.7567735e-07 0.00012086758 0.00015534188 0.0010878359 0.00010285318 2.7744933e-05 6.91828e-05 7.486553e-09 7.8650935e-09 9.687119e-09 5.3436497e-06 7.9843694e-08 5.0926673e-08 5.8932063e-05 0.001661809 0.011280235 2.2499857e-07 2.393791e-09 3.7914486e-08 6.055076e-09 7.809292e-09 3.2159785e-06 7.587086e-05 4.0648134e-09 1.9697079e-07 2.9189945e-08 0.25831276 0.04100364 2.7857757e-06 1.6790533e-08
0.9387199 0.10152242 0.569574 0.9307632 0.20338406 8.244509e-06 0.0016099941 0.71474 0.00034297752 0.060808793 0.92212415 0.32061768 0.0042569744 0.010085325 1.00380574e-13 0.03204222 0.002875652 0.74084103 0.00010927488 0.015803598 0.00017954565 0.00052332424 2.2890737e-07 0.001732251 0.0025662843 0.00030975198 0.0003363864 3.541377e-06 0.9908812 0.0031180638 0.022604834 1.4517409e-06 0.008872949 0.00011638676 6.6298406e-07 0.046257786 4.15672e-06 2.3334035e-08 3.496879e-08 0.00025994508 0.016182372 1.3319426e-07 4.546947e-07 4.0688956e-06 0.0002332238 0.024611684 6.0996545e-06 0.011326389 0.7948386 0.79632777 1.28832065e-08 0.0019746264 0.0005922744 0.0011399628 0.004972061 0.66221243 1.4661209e-05 1.6614516e-05 1.3226737e-08 0.017888831 3.619443e-05 0.51824605 0.28574675 4.2092168e-08 1.5507106e-07 0.00034298436 0.11674171 0.5025228 0.010627456 0.0034213662 4.226693e-07 4.3928625e-10 9.666097e-07 0.1477141 8.749354e-07 8.914265e-07 0.00018813137 0.027306102 6.043768e-09 2.600177e-08 2.5509502e-08 0.0006827394 1.2599009e-08 4.4362687e-06 0.00063902535 4.5995054e-07 4.198859e-05 2.0474224e-07 4.539006e-05 8.131495e-08 3.032797e-08 1.9048462e-08 0.038981933 1.8940347e-05 0.001209726 5.5104992e-06 6.744822e-08 0.00026016557 0.0047292053 0.010377412 1.934237e-09
0.8941766 0.7301961 0.9089811 0.05878629 0.008238564 0.015750378 0.7488497 0.3382285 0.27096772 0.0028153444 0.30154195 0.0034404632 0.9754241 0.029627629 0.03204222 7.4791725e-17 0.00031926777 0.98752725 0.54109657 0.18285201 0.8547095 0.005583174 0.004866312 0.002108857 7.369122e-05 0.00017339474 0.002353622 0.0035644963 0.0055426215 0.00032136485 3.6025413e-05 0.00222217 0.27122295 0.06563907 0.0033898705 0.0062362584 0.00380467 0.00025948067 0.00011531649 1.0983629e-05 0.22245291 0.000229723 0.0002789825 0.0012155069 1.726224e-06 0.5461228 0.0001128355 5.430228e-06 0.5534715 0.023283388 1.1349939e-05 0.111647196 5.2238383e-06 1.2814153e-05 0.0066093626 0.0046175937 0.0013413168 0.00061366265 6.4260553e-06 9.0915746e-05 1.8872318e-07 0.026166793 0.00088129245 2.1547397e-05 1.2459005e-05 2.9830017e-05 0.0008537446 0.0006415729 0.12819768 0.036857624 0.00053081993 9.0708073e-07 0.00018106052 1.5849466e-05 1.0925897e-05 3.8333896e-05 9.281909e-06 3.607674e-05 1.8822448e-08 1.1850098e-06 3.1710977e-07 0.009690659 2.0726525e-06 2.0126835e-07 0.007164676 6.8247675e-05 0.001886033 1.596513e-06 0.0014354312 3.4358593e-06 2.6304306e-08 1.9316417e-09 0.00013152426 9.2243594e-05 1.1885533e-08 0.00022263138 1.7421995e-05 0.0038060963 0.0034087524 0.0075360746 1.3126083e-08
0.9315362 0.023167217 0.006736283 0.005540959 0.77463776 6.579418e-06 0.00017656728 0.5700599 0.000206878 0.98718584 0.004375341 0.28293765 0.00020270159 0.37854138 0.002875652 0.00031926777 8.33189e-15 0.0005624645 5.8946584e-06 0.024035731 2.915211e-06 0.010401543 1.838413e-06 0.70008594 0.21260285 0.96851903 0.045057036 0.00012142735 0.00051171606 0.93284386 0.033362802 0.00036977648 0.009568872 1.3670489e-06 4.132496e-07 0.77743065 1.0273886e-06 4.0264035e-06 2.1622068e-06 0.0082133105 0.040692028 4.534629e-06 8.836172e-06 0.00021367862 0.0030633353 1.8226248e-06 0.00039579623 0.008286497 3.5376877e-06 0.00036064856 1.745828e-06 3.7874787e-07 0.0053037824 0.008225449 0.28834686 0.0011062712 0.0044243014 0.0014827019 3.2377088e-07 0.0020943163 0.0010046733 3.987024e-06 1.8868819e-06 4.3313375e-06 7.575485e-08 0.004929959 0.0030777603 0.00038095404 4.5470923e-08 3.895697e-08 1.08422356e-07 6.6892454e-08 0.00021725502 0.0006330316 0.00024440105 3.022615e-05 0.0010232145 0.00054122263 1.4546775e-08 8.260598e-09 3.5277218e-08 1.1295789e-08 3.368438e-07 0.00018221678 7.269615e-08 0.0019406009 0.007500933 1.0697747e-05 5.261782e-10 1.815448e-08 2.8804072e-08 3.7573806e-09 7.757333e-07 3.6006484e-05 2.7193872e-07 2.728679e-09 2.203114e-10 0.09815821 0.3600854 5.8313812e-08 3.7129208e-08
0.8469133 0.6176574 0.926613 0.670075 0.12241382 0.0016062199 0.23008001 0.434025 0.06195919 0.009844458 0.9845074 0.10715215 0.43990117 0.027316203 0.74084103 0.98752725 0.0005624645 1.1134356e-19 0.030218774 0.047157437 0.18011208 0.0021244818 0.0009871833 0.0025657983 0.0014530076 0.00022339063 0.001337013 0.0013789855 0.23993948 0.0014863424 0.0030260156 0.0010339399 0.038517848 0.024483114 0.0006715526 0.0143574895 0.0017686517 8.936865e-05 7.6294455e-05 0.00035097287 0.076385096 0.0015320511 7.535959e-05 0.0005049996 0.00018795328 0.24190794 7.086778e-06 0.00082197017 0.7440401 0.48489693 5.3081792e-05 0.16930003 0.00013168326 0.00010649756 0.0045223236 0.118469745 6.263942e-05 9.752185e-06 1.1894809e-06 0.0029327315 2.6316702e-08 0.24252579 0.06743837 2.667109e-06 3.349791e-05 7.3259514e-05 0.070389286 0.019203985 0.12636909 0.054751664 0.00047210642 2.3161723e-08 3.3664971e-06 0.0026808819 2.241654e-07 9.863994e-07 9.8584405e-06 8.989126e-05 1.6079838e-08 1.915452e-08 6.262176e-08 0.011665523 1.7428825e-07 6.3701486e-07 0.0013365451 1.3492411e-06 0.00023608259 1.0103801e-07 0.000128858 3.438793e-06 2.030237e-08 4.839399e-10 0.002188473 4.995302e-05 1.9168883e-08 1.414607e-05 3.5579816e-08 0.0019240422 0.0025820383 0.009890271 3.1068133e-09
0.9527412 0.18427537 0.1116556 0.0006604987 2.9064462e-05 0.9193066 0.83680344 0.019748507 0.5478149 4.264168e-05 0.00087404856 1.2877674e-05 0.89731973 0.0016024652 0.00010927488 0.54109657 5.8946584e-06 0.030218774 1.15581095e-11 0.035854083 0.9753349 0.0011095147 0.11806197 9.1219634e-05 2.391685e-07 3.742545e-06 0.00026743984 0.029943082 0.0004957849 4.6034615e-06 3.9506708e-07 0.007086157 0.14640424 0.39856026 0.044663686 0.00021687183 0.07277078 0.0008935046 0.00090413954 1.4711225e-07 0.05261133 0.0005908477 0.00054879463 0.014458123 5.7264508e-08 0.9609324 0.0002178783 8.1165854e-07 0.53030324 0.0025771775 0.0005617939 0.61577713 1.959812e-06 1.0722034e-05 0.0011227898 0.00070210575 0.001503381 0.0011978366 2.1528502e-05 3.4731522e-06 1.5004533e-08 0.016788375 6.447907e-05 2.0548558e-05 0.00029410585 9.297519e-06 3.3222237e-05 1.0604696e-06 0.4933611 0.07207333 0.102412686 2.4644596e-06 9.8901146e-05 8.504592e-07 7.093587e-06 0.00037188837 8.965099e-06 5.69121e-06 9.093543e-07 1.8184537e-05 3.5142486e-05 0.042187132 5.0148104e-05 1.03124345e-08 0.6002233 6.015543e-06 0.00074062013 1.6327468e-06 0.018580321 0.0014206846 4.770071e-05 3.347231e-08 1.8349947e-05 0.0004716173 1.3982327e-07 0.023100749 0.0158087 0.0008229168 0.00032010282 0.0031151047 3.2971098e-08
0.907729 0.85386217 0.3406508 0.015236564 0.03340218 0.020014314 0.4526125 0.18979225 0.1569907 0.011918418 0.05664845 0.014795208 0.22080462 0.9795537 0.015803598 0.18285201 0.024035731 0.047157437 0.035854083 1.1106302e-14 0.09454367 0.9867314 0.021227505 0.35030788 0.0017079901 0.017239934 0.80780745 0.008188921 0.003178977 0.0011155907 0.0004269204 0.016017662 0.8157482 0.0046997354 0.003953962 0.0048474786 0.0013923534 0.007117471 0.00016770646 8.573432e-06 0.49970654 0.001730273 0.0023814465 0.010834373 1.4681644e-06 0.021802679 0.035028074 9.821968e-05 0.013235527 0.008263 0.0022842686 0.002511905 1.34555e-05 8.9772606e-05 0.25655797 0.0014529557 0.10963831 0.0832768 0.00022063187 6.412936e-06 4.0943428e-07 0.00034810198 6.215112e-05 0.0016345074 0.00025843998 2.2568152e-05 5.7924695e-05 0.00043036047 0.0038025372 0.0010260952 9.154226e-05 3.2038028e-05 0.002229281 4.5185448e-06 0.0054405443 0.0014018806 6.259048e-06 1.6459977e-05 1.1205033e-06 4.1626603e-07 2.0237035e-06 0.00027608406 4.5442184e-06 1.1920604e-07 0.0022187904 0.007702345 0.031124486 9.1454643e-07 4.0856875e-07 1.5882623e-06 3.3496437e-07 6.982255e-09 5.8622925e-07 0.00015142304 5.5046243e-09 6.4879664e-06 9.1407725e-07 0.26304206 0.0035331396 7.454366e-05 9.988522e-09
0.7554846 0.54337573 0.53624445 0.0017296122 0.00010294031 0.87465847 0.920863 0.04729976 0.81681514 0.00026431552 0.009615567 9.60804e-05 0.93775284 0.0106814215 0.00017954565 0.8547095 2.915211e-06 0.18011208 0.9753349 0.09454367 4.919518e-18 0.0016548125 0.77443594 0.00028668475 3.7200167e-08 1.4021668e-05 0.00029723885 0.09581877 0.00025687742 4.7099425e-06 7.54594e-07 0.046758477 0.12804843 0.9520253 0.67842 0.0006274907 0.49269062 0.021763554 0.0018079204 1.2483041e-07 0.052166495 0.015084939 0.002278428 0.010348982 4.0730397e-09 0.57671434 0.0001702435 4.457075e-09 0.15563935 0.0037703537 0.0049609262 0.74123204 4.2464638e-08 4.2677846e-07 0.0023116774 0.00013961257 0.0027397373 0.0018441051 9.062489e-05 5.1014844e-08 3.5443547e-11 0.0051802807 1.7539642e-05 2.730528e-05 0.0040220157 6.942433e-08 9.607691e-07 5.8219012e-08 0.28641516 0.028331831 0.025595028 1.992745e-06 0.00030607785 1.8418191e-08 2.4297158e-06 0.00021101124 4.2277545e-08 2.1859675e-08 1.1981106e-08 3.518937e-05 1.1957911e-06 0.023893133 9.901815e-07 3.3908137e-10 0.38095877 5.5123208e-05 0.0027647044 1.2167581e-07 0.0109238215 0.00026293952 2.0371047e-06 5.563393e-10 4.7374925e-07 3.4340133e-05 1.5045649e-09 0.053296365 0.009672368 0.002111713 0.00051008916 0.0013360227 6.6547545e-09
0.7785635 0.228382 0.019380856 0.0023630727 0.0024946246 0.0020438603 0.018347342 0.032984715 0.016454099 0.0027448565 0.0021848632 0.0014421671 0.007064622 0.7265059 0.00052332424 0.005583174 0.010401543 0.0021244818 0.0011095147 0.9867314 0.0016548125 3.612779e-15 0.0013272404 0.2616745 0.0001988064 0.014498912 0.958609 0.0039263754 6.0702536e-05 0.0013837556 0.00022355645 0.020604465 0.9739692 0.0004314548 5.5508626e-05 0.0058888467 6.4574386e-05 0.0011688619 0.00021520999 3.1613567e-05 0.7733166 0.0004593459 0.0023522612 0.016059121 3.0198862e-07 0.00012153557 0.05417634 8.1980585e-07 0.00012258987 0.00025638012 0.00039098374 3.3473512e-05 3.6978905e-05 0.00014375299 0.27126428 0.00038101507 0.30051413 0.19563304 0.00011103997 2.8123614e-07 1.4382738e-07 7.603144e-05 4.1291223e-06 0.00042793373 3.448092e-05 2.4989844e-05 1.5558338e-06 1.6180327e-05 9.647457e-05 3.7437927e-05 1.9241314e-05 9.2011605e-06 0.0063407356 1.3515499e-06 0.02549085 0.0019234379 4.2312504e-07 2.3887898e-07 2.1078836e-06 3.8784202e-07 4.631514e-07 2.193072e-05 4.4671393e-05 5.8576197e-09 0.0002596245 0.031531163 0.056153484 5.4493168e-05 1.5764812e-06 2.1832986e-06 1.370474e-06 1.2946445e-07 3.775783e-07 0.00048352042 2.2224379e-08 1.6917313e-05 7.757662e-08 0.386131 0.0044306014 8.071202e-06 6.8148614e-07
0.9381714 0.0724708 0.016021123 6.0770533e-05 8.297345e-07 0.7018281 0.43748483 0.0030806456 0.9670504 1.04620985e-05 2.8017366e-05 1.5784661e-07 0.058525592 0.00060799 2.2890737e-07 0.004866312 1.838413e-06 0.0009871833 0.11806197 0.021227505 0.77443594 0.0013272404 1.6368084e-15 2.185785e-05 4.3721617e-08 9.823261e-07 0.00021069753 0.630213 2.6515747e-06 2.3708695e-07 1.05685105e-08 0.27589485 0.046883285 0.31549144 0.98705226 0.00010365847 0.62284267 0.52159834 0.08171466 6.216605e-09 0.01990345 0.4465321 0.03809041 0.16785055 1.8255899e-09 0.04100843 0.0058900965 4.719756e-09 0.0012822534 0.00019189772 0.61806285 0.2731332 1.3353551e-07 4.3882258e-07 0.001702741 4.28505e-06 0.020872999 0.0081961015 0.0048208316 4.5048704e-08 9.3620244e-08 9.794636e-05 5.7054476e-06 0.00085422554 0.27831477 2.6998927e-07 1.2911792e-06 1.5107396e-08 0.015601378 0.0003952446 0.7419748 0.0016708967 0.00121746 7.9551485e-09 3.0018882e-05 0.0023316555 1.7779274e-07 1.3970973e-07 1.434028e-05 0.01043123 0.0005742473 0.001984043 0.00094819773 8.41631e-10 0.7414714 0.00011412605 0.009195517 5.85814e-05 0.0035406598 0.27231064 0.00018041312 8.198777e-07 1.2114569e-08 0.0005256394 6.584894e-09 0.1123386 0.48402637 0.0021953615 0.00040762694 4.376956e-06 2.4941411e-07
0.96141225 0.057560366 0.011824039 0.011834762 0.24559398 0.00015189903 0.0015397161 0.64746153 0.001563155 0.56794864 0.0091088815 0.020482443 0.001259769 0.9536838 0.001732251 0.002108857 0.70008594 0.0025657983 9.1219634e-05 0.35030788 0.00028668475 0.2616745 2.185785e-05 3.5233418e-13 0.003846474 0.8779793 0.95154107 7.016092e-05 0.0010736063 0.035264537 0.0031454018 0.00030732568 0.059964407 5.218065e-05 1.2783699e-05 0.5336778 1.8995656e-06 4.551924e-05 3.61067e-06 0.00056606135 0.22237968 1.707691e-05 0.000103894025 0.0004097517 4.166946e-05 1.1681815e-05 0.002129138 0.00068397407 0.00014018813 0.0009173807 6.074252e-06 2.604164e-05 0.0002633011 0.0012984432 0.97534305 0.0014523149 0.006643228 0.0032281314 3.9721024e-07 0.00052571 0.00017324962 2.2299631e-05 1.7394172e-05 5.3578715e-06 2.0174832e-06 0.0006836695 0.0012880346 0.0016814333 5.4749216e-06 5.980861e-06 9.522071e-06 1.9792039e-07 0.0005421713 0.00044417958 0.003896307 2.8750354e-05 5.7577505e-05 0.00024961153 1.0756912e-08 8.390172e-09 8.099805e-09 1.1903201e-07 5.6342845e-08 3.138908e-06 4.714648e-06 0.0043139127 0.013540938 4.7040754e-08 1.7085185e-09 9.153496e-08 1.8570086e-08 8.006477e-09 3.3228428e-06 2.5711772e-05 5.6135818e-08 3.9592362e-07 3.659883e-09 0.24042463 0.12353054 1.8036331e-05 1.645485e-08
0.93756336 0.0006148808 0.0009342913 0.00072134385 0.67512405 1.2168557e-07 4.341097e-06 0.07520748 1.2977988e-06 0.43840623 0.0028572206 0.9453764 5.8996984e-06 0.003427684 0.0025662843 7.369122e-05 0.21260285 0.0014530076 2.391685e-07 0.0017079901 3.7200167e-08 0.0001988064 4.3721617e-08 0.003846474 1.3302577e-17 0.04938044 0.000542832 9.2101374e-07 0.0015596015 0.9494037 0.7585584 1.4427392e-06 0.0009845363 4.4395466e-07 1.1790024e-08 0.3313817 7.8755716e-07 9.748288e-08 3.7276447e-08 0.943473 0.011336959 8.6132594e-08 3.5315477e-07 9.102871e-07 0.53846765 1.1944633e-06 1.7205866e-06 0.4811669 4.712706e-06 0.002832864 4.3339674e-09 1.4960938e-06 0.96512127 0.44711477 0.01396655 0.024396095 4.838836e-06 6.3492516e-06 3.4492572e-08 0.6242924 0.2500551 1.3133528e-05 6.183064e-05 4.3093993e-07 7.20571e-09 0.09007399 0.4666891 0.0048162825 6.124643e-08 3.5530359e-09 9.524394e-08 6.8638255e-09 3.3629178e-05 0.029438071 6.703384e-06 5.7534515e-07 0.010412838 0.12581429 3.443046e-08 2.792738e-09 6.276873e-08 1.2679908e-09 2.9112712e-08 0.408082 8.510136e-08 1.7585084e-05 0.00029241995 6.6858135e-08 9.862849e-10 1.0696949e-07 2.3000015e-09 2.768242e-09 0.00010005178 1.0575473e-07 0.0028508038 8.8458546e-11 7.647101e-11 0.001749016 0.06699202 3.9605357e-07 2.6118068e-09
0.9224937 0.0064649875 0.0013735289 0.0021137295 0.31454587 5.2923046e-06 0.00016279782 0.31107002 0.00028527883 0.6857943 0.0014506622 0.040753078 8.986923e-05 0.4548611 0.00030975198 0.00017339474 0.96851903 0.00022339063 3.742545e-06 0.017239934 1.4021668e-05 0.014498912 9.823261e-07 0.8779793 0.04938044 6.138695e-17 0.07493329 5.7678295e-05 0.00012155284 0.8916951 0.005180661 0.00075815816 0.0041095573 3.7042842e-06 1.3615555e-06 0.98934036 2.0298643e-07 3.346339e-05 6.51336e-06 0.0026072105 0.02250855 4.457605e-06 8.8263565e-05 0.00042707796 0.00046456064 3.6153958e-07 0.002587817 0.0036999187 8.010984e-07 5.6492125e-05 5.1159185e-07 1.066725e-06 0.0016291058 0.0068259593 0.6575274 0.0002547484 0.008961134 0.00513122 4.867511e-07 0.0012280793 0.0010882462 8.949419e-07 3.7051126e-07 1.532266e-05 6.399779e-07 0.0044091297 0.00091439043 1.2631439e-05 7.876763e-08 1.1954769e-07 1.190037e-06 2.8374817e-08 0.00067763857 9.5973985e-05 0.003026007 3.995377e-05 0.0006133906 5.6682733e-05 1.9095487e-09 1.5956125e-09 8.243758e-09 7.688968e-09 7.963532e-08 1.5229887e-05 6.7811726e-08 0.0068568136 0.013946746 6.0979155e-06 1.6545479e-09 6.6462974e-08 2.0424005e-09 2.865382e-08 1.8716561e-07 7.191853e-06 7.0031687e-09 2.8531225e-08 1.3746272e-10 0.35929015 0.6881215 1.31230555e-08 2.547226e-08
0.9384672 0.11222819 0.013277538 0.0035160508 0.020045271 0.00041930767 0.0049295407 0.12442222 0.007833397 0.018488359 0.0021589352 0.002633084 0.0014168144 0.89074105 0.0003363864 0.002353622 0.045057036 0.001337013 0.00026743984 0.80780745 0.00029723885 0.958609 0.00021069753 0.95154107 0.000542832 0.07493329 4.5702044e-15 0.0019337534 0.00013886749 0.0058890297 0.00023016971 0.005918408 0.80442214 3.268432e-05 1.2331033e-05 0.043397214 1.18465205e-05 9.509588e-05 4.5929086e-05 0.00010452997 0.912928 4.9319195e-05 0.00075761863 0.0035355515 3.0803162e-06 4.157622e-05 0.011687772 2.1197542e-05 2.7049984e-05 8.922175e-05 3.8255046e-05 3.4718507e-06 4.7490637e-05 0.00033261598 0.8325676 0.00014268029 0.08991466 0.047579177 8.998522e-06 8.5183865e-06 1.1611285e-05 3.0518786e-05 1.9832937e-06 0.0001347333 2.0625037e-06 0.0003442383 4.849365e-06 0.00016914755 2.2673645e-05 7.9717205e-07 6.0887282e-06 4.841128e-07 0.0070507564 9.676663e-06 0.014836282 0.00020218072 2.4673533e-05 1.8005492e-06 3.9281616e-08 2.9836716e-08 5.5340404e-08 2.2703027e-07 6.037227e-06 7.902656e-09 3.4461927e-06 0.019053675 0.019161684 2.0171444e-06 2.3751046e-08 3.1703658e-07 1.9892e-08 3.138894e-09 1.453984e-06 0.00010363011 1.7992828e-09 1.0589683e-07 4.0494008e-08 0.5306545 0.02051122 1.5545138e-06 1.8147654e-07
0.9909709 0.019576836 0.0010509429 3.006828e-05 1.6074511e-05 0.039004505 0.15686023 7.632713e-05 0.6731905 1.6799977e-05 0.000117289295 2.3749226e-05 0.028880557 0.00045477867 3.541377e-06 0.0035644963 0.00012142735 0.0013789855 0.029943082 0.008188921 0.09581877 0.0039263754 0.630213 7.016092e-05 9.2101374e-07 5.7678295e-05 0.0019337534 4.1160022e-12 7.810715e-05 4.042876e-06 6.961843e-07 0.8610988 0.045926526 0.010325679 0.18427816 0.000118087504 0.05436908 0.9545274 0.7604544 1.1282812e-07 0.019335896 0.82220024 0.69396013 0.768561 4.344016e-08 0.017751466 0.27883765 7.72656e-07 0.00038778124 0.0006036623 0.88623774 0.013804619 1.3659228e-06 6.0187162e-06 0.002418588 4.761294e-05 0.13980238 0.109107934 0.55869716 1.0107946e-07 3.5352843e-07 1.8571563e-05 1.576049e-05 0.51129997 0.3133801 2.5227077e-06 4.7376075e-06 5.7988336e-06 0.0022921518 2.7447673e-05 0.50880367 0.8027914 0.10819054 2.8578594e-07 0.013430611 0.01454478 8.9332184e-07 7.9768313e-07 0.36574116 0.09770991 0.07975443 1.3434048e-05 0.0015661932 3.2592277e-07 0.03667882 0.0034062762 0.06725328 0.00015314939 9.177941e-05 0.51815087 0.000970261 1.3849636e-06 2.8310244e-06 0.013064399 5.410654e-07 0.0009109423 0.031921823 0.034278933 0.00019932848 8.742507e-05 0.00025269648
0.78329146 0.019162498 0.1182155 0.907664 0.028485784 0.00017171443 0.001216676 0.2539436 0.00053422694 0.010782823 0.7255681 0.051674336 0.0011547739 0.00285735 0.9908812 0.0055426215 0.00051171606 0.23993948 0.0004957849 0.003178977 0.00025687742 6.0702536e-05 2.6515747e-06 0.0010736063 0.0015596015 0.00012155284 0.00013886749 7.810715e-05 8.6728266e-14 0.001821248 0.008911266 3.7305632e-05 0.0024628176 0.00011416839 7.117619e-07 0.005019796 1.8870158e-05 1.1902003e-08 1.6159554e-05 0.0009103866 0.002547892 1.4884346e-06 1.8308721e-06 4.392011e-05 0.00046891408 0.0037037192 4.158391e-07 0.004439981 0.39811394 0.9685512 2.2766815e-07 0.0006532445 0.00044082294 0.00032583313 0.003282384 0.8689884 3.4084725e-05 6.245554e-06 3.9344748e-08 0.004335107 2.5016074e-05 0.6446475 0.46820682 4.3531063e-08 2.9380392e-06 0.000344652 0.027363975 0.5345977 0.0071858033 0.004000545 1.341194e-07 8.973425e-11 9.485757e-07 0.25807023 1.056374e-07 2.5570105e-06 0.0004136079 0.043311354 1.835335e-08 9.8392166e-09 3.8010976e-06 0.00046300018 2.8142838e-06 5.8582125e-05 0.000120802484 1.732425e-06 8.673959e-05 7.499966e-07 6.271969e-05 1.4467736e-06 2.4047122e-07 3.1493705e-09 0.15094566 2.5463676e-05 0.008946243 6.729662e-05 5.057632e-09 0.00021528224 0.0025097881 0.082541436 1.2660582e-08
0.9789012 0.0019952324 0.0017831669 0.0008528699 0.5528105 8.182086e-07 3.4462835e-05 0.02904344 4.006289e-05 0.8558228 0.0054862276 0.48851258 0.000109377055 0.012543545 0.0031180638 0.00032136485 0.93284386 0.0014863424 4.6034615e-06 0.0011155907 4.7099425e-06 0.0013837556 2.3708695e-07 0.035264537 0.9494037 0.8916951 0.0058890297 4.042876e-06 0.001821248 2.693384e-16 0.27644485 1.39292515e-05 0.002176481 3.2453029e-06 1.8716955e-07 0.7497095 8.8556214e-07 7.9102944e-07 2.4045403e-07 0.65973634 0.007594086 1.5712219e-06 1.1739677e-05 7.947957e-06 0.1580541 1.527994e-06 0.00020517003 0.08834181 3.7522103e-05 0.0024218655 3.836728e-07 1.5638527e-05 0.42800257 0.7828159 0.13742042 0.010043481 0.0002608353 0.00023862161 1.3626942e-07 0.092629395 0.15966892 1.4078494e-05 8.637703e-05 4.0475165e-06 2.040512e-07 0.1528875 0.07370891 0.00085892394 1.3249809e-07 1.290851e-07 4.0453865e-06 6.3302394e-09 0.0001039402 0.0020179036 0.00050060207 3.8650633e-06 0.014313904 0.016713604 2.5275094e-08 8.248413e-09 5.8501193e-08 5.501748e-09 3.4561967e-09 0.042646956 1.6471658e-07 0.0010922623 0.0027347277 2.9385194e-07 2.5549076e-09 1.2160402e-07 9.890961e-09 2.8883237e-08 2.6405536e-05 3.7841858e-07 4.1836145e-05 1.2827124e-09 9.428912e-10 0.09453527 0.9201029 1.1035618e-06 6.460869e-09
0.9834079 0.0007749851 0.0018873976 0.0102865985 0.30263722 6.1048365e-07 4.415127e-06 0.23315583 1.6456153e-06 0.325366 0.010908689 0.9215001 9.4035e-06 0.0020152486 0.022604834 3.6025413e-05 0.033362802 0.0030260156 3.9506708e-07 0.0004269204 7.54594e-07 0.00022355645 1.05685105e-08 0.0031454018 0.7585584 0.005180661 0.00023016971 6.961843e-07 0.008911266 0.27644485 1.1224078e-12 6.818756e-07 0.00054204004 1.0877651e-06 5.138339e-08 0.33538204 6.2146796e-07 1.1442689e-07 4.3743135e-08 0.6532859 0.002968959 7.696043e-08 4.3859597e-08 1.7748587e-06 0.6605036 9.1427655e-06 3.0457218e-06 0.9833926 0.00048289783 0.00924541 2.7279523e-08 0.000108812535 0.08036761 0.044589147 0.012240331 0.16632617 7.4637946e-06 1.9739073e-05 5.8418454e-08 0.7790008 0.0025123337 0.0012942267 0.0015172175 4.7085816e-08 5.1392608e-08 0.03201636 0.7449517 0.063263506 1.4836848e-05 1.3468275e-05 1.0742423e-05 9.119532e-08 5.445742e-07 0.44367638 1.100937e-06 1.9052123e-07 0.0049148924 0.66244626 2.5619934e-07 3.0232636e-07 1.6283593e-07 2.5930553e-06 1.5880663e-07 0.6758496 6.776689e-07 1.2944483e-05 0.00017056851 9.1701537e-07 1.0539448e-05 1.0827462e-05 1.9821703e-08 4.8789598e-08 0.0018459905 1.0424327e-06 0.10280942 1.7265755e-07 6.61853e-08 0.0023990227 0.04536478 0.00013774504 5.9013015e-08
