3.0983872e-16 0.25204843 0.13389276 0.23820879 0.97783184 0.8946932 0.77428246 0.76365906 0.09441537 0.838909 0.25614712 0.007590054 0.010757079 0.75613225 0.9325383 0.8014481 0.4866993 0.8157805 0.48513237 0.8159664 0.13254184 0.89549476 0.8636407 0.93737525 0.8739914 0.86267936 0.9516458 0.9129509 0.9294197 0.8563927 0.9509019 0.97483027 0.9697809 0.8658143 0.9509865 0.95893806 0.6415931 0.9729007 0.75055164 0.98315287 0.025279012 0.9144965 0.8891211 0.812684 0.9275629 0.69797087 0.9455786 0.9933656 0.8019003 0.90882844 0.524702 0.4488957 0.002551879 0.938789 0.9101087 0.9846991 0.9811134 0.97333515 0.9882596 0.1420527 0.99578357 0.9989346 0.3736391 0.9580783 0.7583554 0.20817994 0.99673414 0.73981184 0.029894782 0.009285735 0.3819383 0.9564384 0.06002946 0.89262927 0.99777997 0.97411245 0.96686685 0.9827546 0.9588966 0.99626476 0.9561045 0.89496183 0.8875649 0.81058306 0.39068604 0.47137547 0.93054 0.9987477 0.99991447 0.049301703 0.7505871 0.9942809 0.007197357 0.5150526 0.98611456 0.0005682251 0.9998912 0.99978626 0.0012256965 0.76313823 0.015782773
0.25204843 2.577915e-12 0.998601 0.9873143 0.9028652 0.6387645 0.29095924 0.49309143 0.14109875 0.027013669 0.036457676 0.0029328142 0.00017848444 0.057451732 0.0014419636 5.575017e-05 0.27376032 0.01946614 3.3549735e-05 0.00048155745 0.00037627656 5.781175e-06 0.0204954 0.00037437712 0.012638568 0.0021749083 0.24154824 0.0007571744 0.004193433 0.00013031876 3.1357542e-06 6.92979e-05 0.0008315692 0.00013407102 0.0009589238 4.169695e-06 7.8172205e-05 2.2563795e-06 0.00047391397 0.0049335966 4.7452672e-06 0.00015530427 1.2618466e-06 7.9772263e-07 3.9398762e-07 1.3784488e-06 1.2977968e-05 5.7460716e-07 4.7199495e-07 0.0011565131 0.00035913408 0.0007559821 1.2723603e-05 1.9326644e-07 1.4528926e-05 6.36618e-06 1.13778775e-07 7.572379e-06 0.008350333 1.07151145e-05 0.0019592713 0.052360833 7.893562e-06 2.9118103e-06 6.9550675e-05 0.0009628666 0.00017663346 3.872634e-08 2.776947e-05 0.0058009783 5.9368275e-09 7.231964e-06 1.2478583e-06 3.3266417e-06 0.000109419416 3.4201815e-07 5.3274584e-06 1.5258526e-05 8.193588e-05 1.737392e-06 0.0005173894 1.4737545e-08 4.3424984e-07 6.7721185e-06 5.5070063e-06 1.3925492e-07 7.427092e-06 7.742056e-07 0.0004026498 8.953794e-08 7.0608046e-08 2.1215159e-05 9.721083e-07 7.220007e-08 6.803066e-08 9.980276e-07 0.00021838195 2.2980623e-06 0.00022581364 1.7042785e-08 1.2723498e-08
0.13389276 0.998601 2.2953972e-15 0.9698521 0.9096718 0.9182976 0.48506662 0.61232597 0.22666834 0.232635 0.01967849 0.0018747414 5.0179915e-05 0.04714972 0.00020952572 0.0007703494 0.030328065 0.008303612 0.00038893236 0.00018498836 8.42271e-06 5.026179e-06 0.02375123 0.0018401314 0.037215598 0.023512306 0.12655047 0.0006305501 0.0029089877 4.2615826e-05 1.5343832e-05 3.1723957e-05 0.0016415847 4.48012e-06 0.008091549 3.1485918e-06 1.0821607e-05 1.7328811e-06 0.00012428369 0.0038747182 1.0896179e-07 1.8145733e-05 6.553226e-07 4.735387e-07 1.1514319e-06 1.4648484e-06 3.549824e-06 6.2023287e-07 3.038718e-06 0.002774484 5.8520756e-05 0.00020719827 1.4332875e-10 8.680964e-08 9.533165e-06 7.059651e-05 1.7329869e-08 7.721514e-05 0.008622216 1.2148428e-07 0.0014770565 0.025071573 2.1061958e-06 1.6737944e-05 3.0433377e-08 7.336634e-05 0.0003409344 1.0654204e-08 1.723523e-08 0.00069119164 1.0488586e-08 6.245569e-07 3.0375355e-10 4.1785283e-06 0.00096917624 8.94918e-09 1.3051813e-06 2.3057955e-05 3.2921853e-05 4.263538e-05 0.0006455308 4.1575823e-09 1.317137e-07 7.78606e-07 2.881469e-07 1.5804107e-09 3.573899e-05 1.5296283e-06 0.0023572748 1.6392974e-09 7.889558e-08 4.949089e-05 4.406369e-08 1.0721935e-10 6.0567764e-08 5.0450517e-08 0.0005292199 7.20759e-06 3.1089075e-06 1.888465e-09 7.49876e-12
0.23820879 0.9873143 0.9698521 2.3025845e-11 0.83110833 0.292654 0.58082825 0.77037984 0.9448519 0.03674576 0.7208354 0.5195303 0.012056603 0.10607424 0.025955332 1.8445977e-05 0.44742146 0.083580576 1.1805368e-05 0.0023273267 0.023561012 1.4620412e-05 0.009494569 0.00018993283 0.0024370723 0.00023504629 0.17993128 5.1387586e-05 0.00976786 0.003787109 3.8905923e-06 0.0010936528 0.00014368708 0.0009388152 0.00049888704 7.492113e-08 6.579873e-05 2.8095478e-06 7.055909e-05 0.0014096088 6.429676e-05 0.00014127983 1.8975069e-06 2.5820233e-07 6.597642e-07 2.0716793e-07 9.3303215e-06 3.8546736e-07 1.250605e-07 3.7657363e-05 0.00026279787 0.0001483005 7.484897e-07 4.4163082e-07 2.3058305e-05 1.4459692e-06 1.0365881e-07 2.024818e-07 0.0011097835 6.800614e-06 0.0014193169 0.074960545 1.4077036e-06 1.7867739e-06 2.7627488e-05 0.0030666254 2.5397443e-05 4.6735522e-08 8.095447e-06 0.0076944926 3.6173976e-08 6.85817e-06 1.3869575e-07 1.1815116e-06 5.386729e-05 1.0866521e-07 8.482652e-08 1.8053721e-06 8.732982e-05 1.0419561e-07 0.001595896 2.0106182e-08 5.9952164e-08 2.632092e-06 1.4644232e-05 3.714394e-08 9.602571e-07 2.118692e-06 0.00097643904 1.8870473e-08 3.4892707e-06 6.5492245e-06 2.3245814e-06 7.465392e-09 1.8001009e-08 2.8299812e-07 0.0019803965 1.9446773e-06 0.00020827402 4.638412e-08 1.3482428e-10
0.97783184 0.9028652 0.9096718 0.83110833 2.7067914e-11 0.96731955 0.7793575 0.90236753 0.3061946 0.09899779 0.058466315 0.0027320066 0.00033516844 0.5260127 0.005886629 0.0009994974 0.7011572 0.12525827 0.0005369258 0.009070817 0.0006226708 4.1343254e-05 0.4709292 0.00057450635 0.51497287 0.25683293 0.91225624 0.059292026 0.038647976 0.0002058183 9.994893e-06 0.0004030505 0.011334585 0.00044287823 0.01825372 5.9039985e-06 0.00047497815 4.711223e-06 0.00024121646 0.15562674 4.18235e-05 0.0019293112 3.2126832e-06 6.385425e-06 2.4395356e-07 7.956929e-06 0.00063470664 1.840943e-06 2.4171752e-06 0.058602486 0.00012738835 0.0009850503 1.4316177e-05 2.2640086e-07 6.0521725e-05 2.3862149e-05 3.8162835e-08 0.00029086796 0.39462405 4.437375e-05 0.15792158 0.66677994 1.8232256e-05 8.552664e-06 7.415241e-05 0.0011819388 0.011902532 1.2681444e-07 5.8920286e-06 0.016209334 4.7042725e-08 7.143801e-05 1.0317812e-05 0.00016681875 0.0052582487 1.9607606e-07 0.00023551074 5.551593e-05 0.005124811 2.0768959e-05 0.031133972 3.4722794e-07 1.5400934e-07 0.0001731411 3.820741e-06 3.587902e-06 0.0007029992 2.7420072e-05 0.034496997 6.7223145e-06 4.9686175e-08 0.0012538527 8.554638e-06 2.213119e-06 6.780539e-08 3.4295522e-07 0.017785849 1.0342095e-05 0.00017846334 4.2889194e-09 6.679606e-08
0.8946932 0.6387645 0.9182976 0.292654 0.96731955 3.4863927e-14 0.8056931 0.6720481 0.113665596 0.9889547 0.002059099 7.216246e-05 3.938272e-07 0.06531351 9.539986e-06 0.16533592 0.30802563 0.0072559095 0.054126114 0.0001613654 4.9730547e-06 0.00792003 0.10365006 0.14823253 0.6102777 0.7681984 0.41573423 0.011677577 0.010443384 1.3237774e-05 0.0037315274 7.620171e-06 0.5180825 2.6760299e-05 0.61891264 0.0002145759 7.940213e-06 0.00014505674 0.007580881 0.053172633 9.3632093e-07 0.00020156447 6.7831417e-07 2.2739432e-05 5.0712188e-05 4.0147992e-05 4.1148982e-05 1.6571286e-05 0.0001422861 0.1718438 0.0034873465 0.001885292 3.8341474e-10 1.1856502e-05 4.956201e-05 0.0024329182 3.4253097e-07 0.0057874313 0.7083131 2.3992945e-05 0.044391 0.017479738 1.8350107e-05 0.0003053924 7.1496896e-07 0.0051927445 0.017301816 8.1542606e-07 3.646738e-07 0.008221846 5.4244533e-09 7.665623e-06 2.8908023e-09 5.970201e-05 0.28638846 8.0130167e-07 0.0008258718 0.001023272 0.0010883738 0.0013055991 0.008712794 1.871898e-08 1.839997e-06 1.1903258e-05 5.7429213e-07 2.5873726e-07 0.0033515694 2.7236854e-05 0.07706917 1.3460736e-07 6.725988e-08 0.0008088775 1.6022557e-06 9.404988e-10 1.197973e-05 1.9916486e-06 0.00401932 9.800991e-05 9.807938e-05 6.316851e-09 1.1930907e-09
0.77428246 0.29095924 0.48506662 0.58082825 0.7793575 0.8056931 1.112053e-13 0.01097941 0.9944704 0.9806301 0.00013916737 3.263881e-05 1.3721689e-06 0.010708449 1.46375305e-05 0.121911 0.95299876 0.00085398776 0.20965675 3.037491e-05 4.1636195e-06 0.020327643 0.002094595 0.6214964 0.030698411 0.030440813 0.23994009 0.00019317698 0.0004441567 8.164559e-06 0.0023548985 3.811819e-05 0.39624596 1.5655329e-05 0.17999582 0.0003401332 7.434086e-06 0.00017695568 0.0046145674 0.0019024166 7.8022276e-07 1.939472e-05 1.87175e-06 2.3572791e-05 0.00037344784 2.5159241e-05 1.6578082e-05 5.4052594e-05 3.706795e-05 0.0061984314 0.002332633 0.009693917 7.979097e-09 8.872507e-06 4.8724298e-05 0.0014865018 2.3818107e-05 0.0002918995 0.32604164 2.486788e-05 0.00084603875 0.0018081635 1.1491999e-05 7.420681e-05 1.1065484e-06 0.010584979 0.00040527448 5.5640617e-06 1.5482784e-07 0.027008884 1.1508571e-07 5.42914e-06 2.0680185e-08 7.070947e-06 0.16322643 6.8716236e-06 1.278237e-05 0.0002114891 0.00017761267 4.1077463e-05 0.0027762984 3.2168543e-07 1.1127817e-06 1.3258348e-06 2.3863274e-06 2.2375235e-07 0.00010845221 1.0911751e-06 0.017727105 5.798869e-09 4.7662232e-07 0.0001484055 2.1737593e-05 7.4639506e-10 3.8941909e-07 1.2263647e-05 0.0011235509 2.3287452e-05 0.00052765285 2.0065228e-08 6.573308e-10
0.76365906 0.49309143 0.61232597 0.77037984 0.90236753 0.6720481 0.01097941 1.1751817e-15 0.008680378 0.045068864 0.936385 0.18699029 0.013338089 0.9838343 0.87761647 0.0021939427 0.009071902 0.8394437 0.00055196986 0.50578177 0.024175987 2.30057e-05 0.8143866 0.00015366539 0.37720898 0.28025374 0.8202816 0.042283133 0.5111883 0.005824946 2.2752076e-05 0.0120517975 0.0060466807 0.015427448 0.026117686 6.042201e-07 0.0010770926 8.459192e-06 7.311325e-06 0.09105461 0.000382628 0.01832365 0.00014426225 3.7324508e-06 1.8057182e-06 1.242547e-05 0.016117785 3.6963456e-07 4.4787936e-05 0.018548256 3.4014538e-06 3.7100236e-07 4.8755922e-08 4.670505e-06 0.0016905346 0.00018688926 1.1836458e-07 0.00046890444 0.047868766 3.7187945e-07 0.1766689 0.8732636 6.756916e-07 4.4445835e-05 5.805167e-05 3.0906665e-07 0.0054796967 1.4380709e-07 7.890822e-06 8.712581e-06 1.5575715e-07 5.9708906e-05 8.0073175e-09 0.0002782229 0.00097319315 2.5609392e-08 0.00011405338 9.616776e-05 0.007836561 1.8079712e-05 0.025940416 6.2272587e-10 1.4717294e-06 4.610436e-05 3.6527106e-07 2.9571947e-07 0.0003272129 0.00022229107 0.011385195 7.8510647e-07 5.3136365e-08 0.001719364 5.354137e-08 2.6105827e-08 1.0515508e-06 8.7573096e-07 0.014074306 0.00011539097 1.9753375e-06 2.0103958e-08 3.7857792e-10
0.09441537 0.14109875 0.22666834 0.9448519 0.3061946 0.113665596 0.9944704 0.008680378 1.2682384e-15 0.15913524 0.0007205408 0.0002499877 4.0902293e-07 0.0014671176 1.3586981e-06 0.00054660166 0.99190277 0.00028899417 0.00044039058 1.3733314e-06 5.2245455e-06 2.242537e-05 0.00016796878 0.0009776257 0.000915592 0.00015895156 0.016438369 8.831724e-06 1.8900579e-05 6.5884974e-06 6.490436e-06 1.6536616e-05 0.0016112467 1.1613662e-06 0.00079707714 1.0101119e-06 3.3943504e-08 3.8848193e-06 0.00010491278 0.00038778738 4.5717968e-07 3.9496067e-06 3.1014153e-08 2.2030363e-08 8.83375e-07 2.2024075e-07 3.8617586e-06 3.579986e-06 6.3356296e-08 4.893623e-05 0.00012944132 0.0017728633 1.7833928e-08 7.907183e-08 1.7741138e-06 9.3488925e-06 1.5234643e-06 1.4468576e-06 0.0021678004 7.055229e-07 8.563422e-06 0.00102878 1.9554834e-07 2.467524e-06 8.3817594e-07 0.00054819306 2.5528805e-06 2.8525604e-09 4.789094e-06 0.0021306055 1.5087333e-07 6.245331e-07 3.013048e-09 5.710821e-08 0.00024738765 1.4047479e-06 5.6206417e-08 3.4162292e-06 1.5948932e-05 5.9248507e-08 0.000121410216 1.1930299e-08 6.4527353e-07 3.7148067e-07 4.5823734e-07 4.2073682e-09 2.4525443e-06 7.3458193e-07 0.00014601956 6.5430528e-09 2.8486363e-08 5.922159e-07 4.870109e-08 7.1461953e-10 1.6067972e-08 2.183414e-07 0.00016706505 2.7504086e-07 9.60117e-05 2.276794e-09 9.459567e-11
0.838909 0.027013669 0.232635 0.03674576 0.09899779 0.9889547 0.9806301 0.045068864 0.15913524 4.2159792e-13 8.931625e-05 7.0257697e-06 2.2314127e-08 0.004995867 6.12316e-06 0.91005045 0.48309523 0.00036262625 0.84143174 3.4569566e-06 6.5918056e-07 0.10916302 0.01635968 0.6929579 0.18311524 0.5056589 0.03213943 0.0037649572 0.00024333519 1.0517062e-06 0.029429477 8.388769e-06 0.7152959 7.28856e-06 0.5883415 0.0007670516 6.184742e-06 0.0006549034 0.034952085 0.008507781 6.173683e-07 0.000121228804 2.5974512e-06 0.00020011797 0.0015452473 0.00022184105 0.00021339496 3.660697e-05 0.00076416467 0.091455154 0.028293777 0.027710365 8.6584656e-10 3.0093093e-05 1.0006472e-05 0.0064865444 1.6966518e-06 0.017732397 0.6366175 0.0014253388 0.0053197136 0.00086100167 0.00037136592 0.0006788702 4.158284e-07 0.067584194 0.0052914675 0.00012685178 3.622592e-07 0.077065825 2.1646166e-08 1.5375905e-06 1.870623e-09 3.439382e-05 0.8515914 1.8265243e-06 0.0014989417 0.0007460525 0.000120665805 0.002519503 0.0028913212 2.6109465e-06 2.3583912e-06 7.823008e-07 2.17916e-05 6.283161e-08 0.004574798 2.7940769e-06 0.067038156 1.2176288e-07 2.4968392e-06 0.000115763076 9.8989185e-05 8.920493e-10 8.211475e-06 1.486433e-06 0.0040961048 0.0005255616 0.002009663 1.6258983e-07 5.703807e-09
0.25614712 0.036457676 0.01967849 0.7208354 0.058466315 0.002059099 0.00013916737 0.936385 0.0007205408 8.931625e-05 4.4442958e-14 0.99767023 0.67474943 0.520677 0.96686476 8.184775e-06 0.00023826142 0.7680832 9.762552e-06 0.38484785 0.1552103 1.2237995e-06 0.06370316 1.3795084e-05 0.0019295182 0.0001953203 0.18652406 0.0002113667 0.5236457 0.14475417 4.5306373e-07 0.08494848 6.341064e-06 0.036717653 0.0005049286 1.8219444e-07 0.005337146 8.088505e-07 1.1096072e-07 0.013017774 0.0031001517 0.015118101 0.0003613457 1.5480644e-07 2.2649317e-08 1.9258826e-07 0.00089689344 3.4062725e-07 8.5226596e-08 0.0006912134 2.369209e-08 5.233055e-07 8.438996e-05 1.0198091e-07 0.0027639293 8.6028185e-06 5.7751377e-09 2.1688971e-05 0.0015101291 3.0765815e-08 0.08274075 0.5258527 3.991526e-07 1.1222336e-06 0.00019144075 2.992884e-07 0.0010562612 1.8904542e-09 0.0010896482 3.3099533e-07 1.5126104e-05 0.00026034898 3.9448543e-05 3.3819673e-05 0.00011668427 8.883433e-09 3.9183174e-06 3.44522e-06 0.0041184924 1.6603294e-06 0.021530222 4.3887862e-09 3.316473e-08 3.0552433e-06 1.920178e-08 5.0656727e-06 0.00014962394 3.9325996e-06 0.002695892 2.4544606e-08 4.6453243e-07 0.00065588974 3.6022692e-07 3.753515e-08 1.7472018e-08 1.3638688e-06 0.0018028904 2.5945927e-05 3.2498448e-07 7.935376e-08 1.26005525e-11
0.007590054 0.0029328142 0.0018747414 0.5195303 0.0027320066 7.216246e-05 3.263881e-05 0.18699029 0.0002499877 7.0257697e-06 0.99767023 2.4576949e-14 0.9998988 0.013503547 0.15103222 1.2659864e-05 0.00031161832 0.031037578 1.0762383e-06 0.0048017004 0.10330878 2.4205756e-06 0.0009517627 6.0672583e-06 2.5785563e-05 1.8095288e-07 0.003229123 2.5697886e-06 0.0067510814 0.008173009 1.3036016e-06 0.0010682261 4.566594e-07 0.0011963781 1.0579801e-05 1.2407834e-06 9.266228e-06 8.6774173e-07 5.5463456e-06 0.00013722973 1.8909232e-05 7.744981e-05 3.8121184e-06 1.12692405e-07 3.148323e-07 1.2332043e-07 3.0569804e-06 1.661301e-05 3.4589468e-07 3.745755e-06 8.391805e-07 2.5253735e-07 5.251895e-10 2.5126414e-07 3.3766414e-06 1.5995444e-06 4.4988838e-07 6.523707e-07 1.3267045e-05 6.6807493e-09 0.000836127 0.019163942 2.6825571e-06 6.496842e-07 1.430564e-05 1.568901e-06 3.4724171e-06 3.453668e-08 7.511327e-05 1.7811171e-06 4.2919766e-07 4.561164e-06 1.015775e-11 6.462191e-08 1.0690576e-05 1.3268055e-07 3.8235036e-08 4.0822604e-07 6.0996426e-06 1.3844135e-07 0.00030155652 1.4212131e-08 3.6746716e-08 1.7733425e-08 2.7796133e-08 8.982848e-10 5.962636e-08 2.6099157e-08 0.00012665473 8.4893884e-11 3.5820676e-07 3.7486495e-06 1.4733548e-09 2.3794041e-11 2.9185756e-07 4.52344e-09 2.5662777e-05 9.255179e-08 5.4616777e-07 4.6898037e-08 1.29731165e-11
0.010757079 0.00017848444 5.0179915e-05 0.012056603 0.00033516844 3.938272e-07 1.3721689e-06 0.013338089 4.0902293e-07 2.2314127e-08 0.67474943 0.9998988 6.74999e-17 0.0061350055 0.29273853 7.523441e-09 6.8100962e-06 0.03625581 9.654433e-09 0.0037124204 0.99788624 5.9796363e-09 0.00035878833 2.805327e-09 5.670869e-07 6.8513217e-09 0.0013083987 3.22764e-07 0.006516852 0.010806764 2.3286273e-09 0.008627427 3.7898072e-08 0.0035996188 9.090824e-08 7.4236746e-09 0.00041805473 5.12524e-07 1.4198575e-09 1.8373186e-05 2.4533572e-05 0.0006174234 4.0207133e-06 3.8578287e-09 1.7657856e-08 2.0644388e-09 1.9392382e-06 1.8691509e-08 7.328469e-10 1.3765263e-07 3.5541767e-08 2.3593535e-10 1.0113495e-06 2.6530376e-09 2.1485861e-05 6.576174e-08 1.9450631e-08 4.9590803e-09 1.5858157e-05 3.1878852e-10 0.00069984957 0.0072176643 8.651818e-09 1.0719595e-08 2.2176118e-05 1.27971225e-08 3.136765e-08 1.2010334e-10 0.00010920288 4.5039146e-09 1.0526886e-06 2.150555e-06 3.4388634e-09 3.5903167e-07 3.5615173e-07 9.524826e-09 2.3734594e-09 1.1723057e-06 7.6858676e-05 1.0410353e-09 0.0005243581 1.3736503e-09 2.8347905e-10 1.3518581e-06 1.689216e-09 6.8778743e-09 1.5738445e-08 4.1629897e-07 8.906537e-06 6.1371517e-09 9.428504e-09 2.1399064e-06 1.4891982e-10 6.006385e-09 6.0852474e-09 7.4654415e-11 3.6948833e-05 5.8636562e-09 2.239642e-08 2.84607e-10 4.8045893e-13
0.75613225 0.057451732 0.04714972 0.10607424 0.5260127 0.06531351 0.010708449 0.9838343 0.0014671176 0.004995867 0.520677 0.013503547 0.0061350055 2.5568477e-13 0.59377784 0.0012887024 0.020501241 0.9790233 0.00031043362 0.8692255 0.00836303 3.082466e-05 0.9265911 4.4464276e-05 0.065609604 0.005835694 0.7035343 0.06969018 0.7398798 0.021261867 1.2073793e-05 0.0054070544 3.8234622e-05 0.0056950054 0.0013872837 4.0066693e-06 0.0013370143 1.6299854e-06 0.00019003393 0.19081666 0.00012283176 0.005925315 0.00024932178 3.9261613e-06 1.5132154e-06 9.133302e-06 0.0014504725 1.6264705e-07 5.282583e-06 0.016181171 4.411762e-05 1.5755606e-05 5.520567e-08 3.7361383e-07 0.000128745 1.3038595e-05 1.1870383e-07 0.0003564472 0.011852528 3.2804746e-06 0.20871034 0.7784606 4.944793e-06 4.1840553e-06 1.0324131e-05 4.8099955e-05 0.010715673 1.0518397e-06 8.086989e-06 3.850326e-06 1.7529567e-06 6.151122e-05 2.7953776e-08 0.0001347117 0.00034565118 6.0068203e-07 0.000114807015 2.402633e-05 0.0014402161 3.3088076e-05 0.010050226 1.9338222e-07 1.3225603e-06 6.4725596e-06 1.1536786e-06 8.0857774e-08 0.00059251144 7.522592e-06 0.008285228 2.3827685e-08 9.588683e-08 0.0016933148 2.730137e-07 2.7026603e-10 5.8256447e-08 1.3574798e-07 0.012802996 0.0001399505 5.499632e-06 2.3267717e-07 1.1046036e-09
0.9325383 0.0014419636 0.00020952572 0.025955332 0.005886629 9.539986e-06 1.46375305e-05 0.87761647 1.3586981e-06 6.12316e-06 0.96686476 0.15103222 0.29273853 0.59377784 1.6582449e-12 6.2601994e-06 1.7096596e-05 0.90559417 9.430659e-06 0.7865512 0.9534051 3.2334384e-07 0.094021365 8.085571e-06 0.00049868727 0.00020338089 0.2741262 0.00023358907 0.87354594 0.92598873 1.5492472e-07 0.8465223 6.438459e-06 0.70591533 5.212345e-05 5.7788213e-08 0.51238424 5.146964e-07 1.8197364e-08 0.012225515 0.29331785 0.20100309 0.065178625 1.63443e-07 7.508479e-08 8.0967936e-07 0.028486472 4.1558337e-07 3.1175741e-06 0.00034390014 1.5856713e-08 1.1148263e-06 0.00035275874 1.0707845e-06 0.019036349 1.22320625e-05 9.902798e-09 1.4178064e-05 0.0075478773 3.3468165e-08 0.34142387 0.934601 9.666174e-08 2.3843847e-06 0.025129018 8.314204e-08 0.0005652678 4.424811e-09 0.0032205582 1.4315862e-07 3.557824e-05 0.0078310445 2.3848124e-06 0.001454061 0.00038410487 3.565223e-08 1.8241039e-05 5.879814e-06 0.13554496 8.013907e-06 0.3676944 1.2467929e-09 5.7080547e-06 0.006310452 5.399373e-08 1.1816902e-05 0.00037443032 0.0013809892 0.008336211 1.2870338e-06 1.8510994e-08 0.010120858 9.295546e-09 1.3727286e-05 1.8133752e-06 6.921236e-07 0.08899229 0.00010952204 1.8857673e-07 7.597692e-09 3.5613248e-10
0.8014481 5.575017e-05 0.0007703494 1.8445977e-05 0.0009994974 0.16533592 0.121911 0.0021939427 0.00054660166 0.91005045 8.184775e-06 1.2659864e-05 7.523441e-09 0.0012887024 6.2601994e-06 2.7110004e-16 0.017768174 0.000515561 0.9957103 1.2321693e-06 1.5035135e-07 0.8240603 0.0018237517 0.972585 0.03762029 0.6789268 0.00062231906 0.0014306875 7.558541e-06 1.477358e-05 0.13286519 1.0756036e-05 0.84606934 7.142748e-06 0.70068824 0.0030244216 6.0754273e-06 0.005225184 0.015857078 0.004831279 1.1001913e-05 0.00039563098 5.453626e-07 0.0023173583 0.0048280437 0.0020273854 5.502242e-05 0.00019910467 0.00395718 0.12020247 0.007675855 0.0063056396 2.7014338e-10 0.00042593645 4.3240965e-05 0.021201305 1.24263115e-05 0.15854217 0.41255003 0.0012112492 0.0013714797 0.00060612033 0.00057123654 0.0014544224 2.7229942e-07 0.0098237395 0.007709047 0.00013106897 3.6280599e-06 0.006607743 1.2319126e-07 2.263144e-06 1.9591896e-08 2.7933007e-05 0.7059817 1.9861813e-05 0.0075938366 0.001904091 0.00013976256 0.0067229304 0.0037230728 3.7563582e-06 1.3810089e-05 1.055721e-06 4.3055465e-05 2.2656764e-07 0.0147852795 6.8431823e-06 0.08704933 6.269541e-07 3.3545462e-06 0.0003877859 0.00017359908 2.8577665e-09 0.00014187256 2.2931115e-05 0.003813119 0.0018050115 0.00051325635 3.0809094e-08 1.2092137e-07
0.4866993 0.27376032 0.030328065 0.44742146 0.7011572 0.30802563 0.95299876 0.009071902 0.99190277 0.48309523 0.00023826142 0.00031161832 6.8100962e-06 0.020501241 1.7096596e-05 0.017768174 1.3275615e-12 0.0044079185 0.09692694 0.0001466912 8.4280255e-05 0.013414597 0.001265695 0.5203402 0.01145541 0.004114196 0.12653518 0.00020954492 0.00046774765 4.642756e-05 0.02338056 0.000104905375 0.15888073 5.2272895e-05 0.06934864 0.0036875175 1.1787974e-05 0.0040024947 0.113040544 0.00064228266 1.33339545e-05 0.00023616772 4.1219516e-07 0.00034658468 0.012696845 7.626507e-05 2.315264e-05 0.00022641825 6.881103e-05 0.0020422558 0.14127854 0.9445091 8.109557e-06 8.442659e-05 1.3653063e-05 0.0036723514 0.0003258984 0.0004399486 0.08047657 0.008899529 0.0002550975 0.00074879464 0.0010533903 0.00032950295 3.55285e-05 0.6198364 0.00014589386 9.1224945e-05 3.302679e-07 0.96735895 6.932935e-07 9.689979e-06 1.8281824e-07 5.994225e-07 0.028016219 0.00013335321 3.5902124e-06 0.000570817 0.00020617881 4.283741e-05 0.0013118758 1.521495e-05 1.7144845e-05 1.5418422e-05 0.00050359766 6.7830314e-07 2.8514429e-05 1.4103959e-05 0.007996356 1.2822197e-07 0.00010872882 1.4035582e-05 0.004318902 9.669889e-10 2.2596816e-05 0.00043885817 0.00039056313 1.730319e-05 0.26843268 8.899905e-08 2.3095797e-06
0.8157805 0.01946614 0.008303612 0.083580576 0.12525827 0.0072559095 0.00085398776 0.8394437 0.00028899417 0.00036262625 0.7680832 0.031037578 0.03625581 0.9790233 0.90559417 0.000515561 0.0044079185 1.7628896e-10 0.00012700805 0.99388325 0.1438983 3.5817535e-05 0.47834766 2.0849251e-05 0.0017612918 0.0004308011 0.16590053 0.004451696 0.72501045 0.20956899 1.1956036e-05 0.072404414 6.8654927e-06 0.08071946 0.000103656894 5.142507e-06 0.00785583 2.97024e-06 0.00013067444 0.0331618 0.00046316563 0.02407479 0.00039597598 1.7486216e-05 1.1240684e-06 2.4313396e-05 0.0019230858 3.7499063e-07 1.36925855e-05 0.0028585072 4.914847e-05 9.214895e-06 2.792981e-07 2.2082531e-06 0.00078643404 1.2656471e-05 1.809584e-07 0.00012813866 0.003857596 3.1758145e-06 0.25963333 0.76628304 1.0753718e-05 4.5061383e-06 0.00013993382 2.1574973e-05 0.0021762725 1.1168482e-06 6.1264924e-05 6.5958244e-07 1.1401405e-05 0.00020005007 4.753021e-08 0.00038200308 7.536922e-05 8.422867e-07 0.000104881176 1.7781344e-05 0.003351665 1.3407005e-05 0.018699137 2.571614e-07 3.0519554e-06 6.293305e-05 4.9601904e-06 7.0539295e-07 0.00011908397 3.842793e-05 0.0051366915 2.6366783e-07 2.778523e-07 0.0012252646 3.620098e-07 5.7188974e-08 1.6147961e-06 8.7440945e-08 0.016137972 8.677293e-05 2.8570703e-06 5.546031e-07 5.7128546e-09
0.48513237 3.3549735e-05 0.00038893236 1.1805368e-05 0.0005369258 0.054126114 0.20965675 0.00055196986 0.00044039058 0.84143174 9.762552e-06 1.0762383e-06 9.654433e-09 0.00031043362 9.430659e-06 0.9957103 0.09692694 0.00012700805 1.1041169e-13 4.2744464e-06 9.552709e-07 0.9953773 0.0003263363 0.67029 0.0039202226 0.04007474 0.0003824518 0.00022736906 3.568339e-06 1.1706226e-05 0.67884874 1.9370284e-05 0.4342778 2.2432293e-06 0.18746826 0.016127326 3.815101e-06 0.022608407 0.107926734 0.0011839803 1.0573331e-06 0.00011718376 8.7280694e-07 0.0065469556 0.025319979 0.005181281 3.767845e-05 0.00075096 0.006174823 0.009997567 0.0427134 0.032736026 6.470781e-10 0.0013844513 7.541858e-06 0.018945549 0.0001552668 0.021487854 0.13973065 0.0027037656 0.00017685747 0.00027729681 0.0008441307 0.0021615846 3.5862138e-07 0.021294314 0.0010108666 0.0009873415 3.075989e-06 0.026723392 1.278393e-07 1.2110943e-06 1.4065547e-10 8.06234e-06 0.44324294 0.0002572371 0.0016555528 0.0020470603 1.8076507e-05 0.0021204387 0.000691961 8.428793e-06 8.8327564e-05 2.1081921e-07 5.540454e-05 3.0397276e-09 0.0032493165 6.083733e-07 0.020829314 1.2872939e-08 3.0765335e-05 1.5421892e-05 0.00010534259 6.550951e-11 0.00044853185 2.064203e-05 0.00045775803 0.00083534035 0.00070618495 8.188525e-07 1.4166379e-06
0.8159664 0.00048155745 0.00018498836 0.0023273267 0.009070817 0.0001613654 3.037491e-05 0.50578177 1.3733314e-06 3.4569566e-06 0.38484785 0.0048017004 0.0037124204 0.8692255 0.7865512 1.2321693e-06 0.0001466912 0.99388325 4.2744464e-06 1.6847255e-15 0.01881739 6.3970845e-08 0.7154545 2.333219e-06 0.0024260436 0.00024310949 0.13780825 0.014080819 0.97662324 0.120465405 4.8912128e-08 0.55593246 2.5469712e-06 0.37879762 9.046329e-06 1.0186208e-08 0.060727436 4.934589e-08 1.17279384e-07 0.11651801 0.0057948763 0.55262506 0.017159715 8.9875016e-08 8.7297085e-09 1.01994914e-07 0.45449695 1.2631588e-08 8.699412e-08 0.004366054 4.3856083e-08 5.9623826e-09 1.2760415e-06 8.926353e-09 0.018734057 8.317429e-07 1.1905539e-09 2.0753869e-05 0.002929003 8.776188e-09 0.7088433 0.7301882 5.1908433e-08 2.3492716e-07 0.00093192246 7.996547e-08 0.012157813 8.040448e-10 0.00063322607 6.240707e-10 2.6406493e-05 0.00055420876 2.2989622e-07 0.0063981046 0.00017544634 2.7755503e-08 3.0979376e-05 6.6814414e-06 0.095945805 2.1659878e-06 0.19599141 1.627617e-09 2.5082048e-07 0.00078945974 5.160655e-08 4.450356e-05 0.0004064907 0.00026084826 0.0075066756 1.0389258e-05 9.178788e-09 0.021972788 1.6883826e-08 1.2683847e-06 3.2677456e-09 8.0456566e-08 0.07787168 3.3246768e-05 3.4104394e-07 1.4072156e-09 3.0267786e-10
0.13254184 0.00037627656 8.42271e-06 0.023561012 0.0006226708 4.9730547e-06 4.1636195e-06 0.024175987 5.2245455e-06 6.5918056e-07 0.1552103 0.10330878 0.99788624 0.00836303 0.9534051 1.5035135e-07 8.4280255e-05 0.1438983 9.552709e-07 0.01881739 7.936394e-11 1.4290804e-07 0.00013252736 2.3496693e-06 2.601952e-07 8.550584e-08 0.00089247373 2.1030174e-07 0.04390102 0.9794246 8.996437e-08 0.3546992 2.651203e-08 0.29549518 1.2216462e-07 6.496461e-08 0.054330204 5.3769054e-07 4.3836917e-07 3.0864016e-05 0.90720564 0.018497214 0.0009178983 1.14338086e-07 1.9777661e-07 2.380992e-08 0.00017026137 1.0591223e-06 2.98068e-08 1.0319784e-06 6.052784e-07 4.944965e-07 0.0014584878 1.159503e-07 0.0020060064 1.0170779e-07 2.0877552e-08 1.9078652e-07 1.0138212e-05 5.578346e-07 0.002849006 0.0063540377 3.4136772e-07 6.6517124e-08 0.048300736 8.242901e-07 1.8482363e-06 2.7947111e-08 0.0076346537 4.2761283e-07 2.8973329e-05 0.0017826194 0.00013666344 1.1880644e-05 1.3425622e-05 4.2741814e-08 7.645597e-08 8.183057e-08 0.0037569278 7.636998e-08 0.0068788133 5.1504254e-09 2.48142e-07 0.00033106684 1.2371375e-07 1.0927346e-05 6.9476886e-07 9.999717e-06 0.00011049067 1.16564415e-07 4.5688e-08 0.000112680325 1.3225752e-08 5.0260446e-08 1.2444777e-07 1.16189504e-07 0.0017557015 2.0953748e-06 4.6819193e-07 7.761388e-09 6.3337535e-13
0.89549476 5.781175e-06 5.026179e-06 1.4620412e-05 4.1343254e-05 0.00792003 0.020327643 2.30057e-05 2.242537e-05 0.10916302 1.2237995e-06 2.4205756e-06 5.9796363e-09 3.082466e-05 3.2334384e-07 0.8240603 0.013414597 3.5817535e-05 0.9953773 6.3970845e-08 1.4290804e-07 2.6369216e-15 3.6990186e-05 0.82223594 0.003772877 0.13685319 7.743386e-05 4.0257644e-05 3.034283e-07 7.066242e-06 0.9828328 3.6431643e-07 0.71081454 3.16674e-07 0.5143308 0.08364206 1.8161148e-06 0.11087846 0.21358132 0.00043913536 1.6476175e-06 1.5653926e-05 4.3528016e-07 0.055751823 0.24660179 0.024462149 7.4520545e-07 0.005409798 0.031046756 0.049910743 0.15695162 0.06523297 1.7782553e-10 0.0053172717 2.469365e-06 0.31994328 0.0011511202 0.52537227 0.27603164 0.021409577 0.00020223799 0.00013858767 0.0047178417 0.023287855 1.6047238e-08 0.11846633 0.0029135088 0.0030127238 2.8462537e-07 0.041659065 8.0604934e-08 1.495019e-07 4.1118437e-08 1.6682478e-06 0.21965343 0.00054737105 0.03343255 0.026697932 2.2240376e-05 0.10135521 0.0021718002 0.0008898442 0.00015126543 9.983404e-08 0.0016598933 3.1912162e-08 0.055207282 8.8012155e-07 0.14109316 2.9071098e-08 0.0007286298 0.00012132075 0.0024057252 7.202473e-11 0.0012016225 0.000116618736 0.0017713862 0.005124867 0.0075966073 4.353956e-07 3.601811e-06
0.8636407 0.0204954 0.02375123 0.009494569 0.4709292 0.10365006 0.002094595 0.8143866 0.00016796878 0.01635968 0.06370316 0.0009517627 0.00035878833 0.9265911 0.094021365 0.0018237517 0.001265695 0.47834766 0.0003263363 0.7154545 0.00013252736 3.6990186e-05 1.9683876e-13 0.00039924556 0.79262966 0.08217792 0.98681897 0.9014169 0.8786583 0.0003895573 3.8697566e-05 0.010083632 0.00046702693 0.010175418 0.0045995363 2.004463e-06 0.0015485244 4.5048323e-06 2.54765e-05 0.88431203 4.87629e-06 0.058960162 0.00044875368 2.7881438e-06 4.9515245e-07 1.6908989e-05 0.03530019 1.8271584e-06 4.189e-05 0.2767269 8.9583e-07 2.785328e-07 3.766019e-09 1.3193869e-06 0.002016282 8.667113e-05 4.5654463e-08 0.004150719 0.09484155 8.0957776e-08 0.72828895 0.7122004 1.1423259e-07 1.782112e-05 3.1006835e-05 2.9257394e-06 0.28832647 6.248467e-08 1.0130577e-05 5.3380387e-07 2.4790274e-06 0.00012605537 9.2957353e-10 0.0024291854 0.0009068126 1.5017723e-07 0.0029246123 5.9788676e-05 0.013084797 0.0005314506 0.06892126 5.235995e-09 4.9150344e-07 2.8022549e-05 4.266145e-07 2.5271348e-07 0.0047619804 0.00012056551 0.06675132 2.8418635e-08 7.288441e-08 0.010548837 1.14616704e-07 4.804171e-08 5.510245e-07 7.393773e-09 0.052173328 0.0048178737 9.582482e-07 1.0625568e-08 3.573694e-11
0.93737525 0.00037437712 0.0018401314 0.00018993283 0.00057450635 0.14823253 0.6214964 0.00015366539 0.0009776257 0.6929579 1.3795084e-05 6.0672583e-06 2.805327e-09 4.4464276e-05 8.085571e-06 0.972585 0.5203402 2.0849251e-05 0.67029 2.333219e-06 2.3496693e-06 0.82223594 0.00039924556 5.0217413e-12 0.0028705804 0.097341694 0.00032623918 0.0004561195 2.4046471e-06 1.5875007e-06 0.1492991 7.603717e-07 0.9922396 1.9822253e-06 0.42627183 0.23406954 1.1499072e-05 0.025182059 0.89589953 0.0010564557 8.525689e-07 2.2323113e-06 5.5045084e-09 0.0043771667 0.013160223 0.0014846062 1.9526572e-06 0.00016583166 0.0013778564 0.032615885 0.4276964 0.59005046 3.02399e-07 0.00019939424 3.084833e-07 0.009588201 0.00021667877 0.032802973 0.21567039 0.006077709 0.0009883482 0.0002443428 0.00057787256 0.00082770817 2.0377916e-05 0.6490876 0.0055944445 0.00030998694 2.319049e-07 0.2782881 6.873241e-10 3.3842562e-06 1.6725897e-07 7.4292626e-07 0.86414975 0.00036271085 0.008635798 0.0026356792 4.2569765e-05 0.0065714796 0.0013132792 0.00015932642 2.3668483e-05 3.906147e-06 0.00031236038 1.5053148e-08 0.0110327685 2.6760782e-07 0.04308802 3.0811873e-07 0.00010958211 2.2160093e-05 0.013292697 1.1645747e-06 1.5154085e-05 5.3258354e-05 0.00024208344 0.0020645475 0.022474645 7.751239e-07 1.5402977e-05
0.8739914 0.012638568 0.037215598 0.0024370723 0.51497287 0.6102777 0.030698411 0.37720898 0.000915592 0.18311524 0.0019295182 2.5785563e-05 5.670869e-07 0.065609604 0.00049868727 0.03762029 0.01145541 0.0017612918 0.0039202226 0.0024260436 2.601952e-07 0.003772877 0.79262966 0.0028705804 9.381244e-15 0.9893515 0.40628943 0.9782612 0.0032071916 1.128604e-05 0.0013885072 2.1147973e-05 0.021935798 3.4094966e-05 0.20093316 5.522371e-05 4.9976275e-05 9.00908e-05 0.0003152916 0.704761 3.2246498e-07 0.00077293464 2.0737074e-05 9.449884e-05 3.17327e-05 0.00032965257 0.0009827666 2.441051e-05 0.00030413392 0.9314728 1.6522177e-05 3.9243816e-05 1.4038344e-10 3.2122374e-05 9.618858e-05 0.00035758285 3.7244982e-07 0.019078154 0.70031095 2.6448167e-06 0.2053778 0.009520605 4.2139363e-06 7.637767e-05 6.588777e-07 6.452471e-05 0.6973124 4.629874e-06 3.4522733e-07 1.892556e-05 6.6818586e-07 4.3313044e-06 9.542587e-10 0.00012746893 0.028511558 1.9739814e-06 0.01731085 0.00029999754 0.000618951 0.0010683438 0.010204183 7.9684256e-08 1.4850508e-05 9.5131975e-07 1.2739283e-06 5.166916e-09 0.02541749 1.5411528e-05 0.24217929 1.2997377e-09 6.947729e-07 0.0014147513 1.1270187e-07 1.2564752e-10 2.88832e-05 9.4929415e-09 0.008673219 0.010200247 6.1116843e-06 2.9155503e-08 2.6043584e-10
0.86267936 0.0021749083 0.023512306 0.00023504629 0.25683293 0.7681984 0.030440813 0.28025374 0.00015895156 0.5056589 0.0001953203 1.8095288e-07 6.8513217e-09 0.005835694 0.00020338089 0.6789268 0.004114196 0.0004308011 0.04007474 0.00024310949 8.550584e-08 0.13685319 0.08217792 0.097341694 0.9893515 2.2474725e-16 0.010509821 0.17663422 0.00014949059 1.3059596e-06 0.056333613 1.0022296e-05 0.65112185 3.376363e-05 0.9831526 0.00041688423 2.390962e-05 0.0023205474 0.0013385767 0.11797271 6.3724855e-08 0.0049224445 8.908695e-06 0.0043950384 0.0006395905 0.007258937 0.003065463 0.0003825291 0.0122258365 0.92659265 0.00036628568 0.0004105804 1.5616095e-11 0.0005088968 0.00034193505 0.006017833 1.0712958e-05 0.426762 0.7214776 3.8005626e-05 0.016444342 0.0029115048 1.7368546e-05 0.00076865824 1.0830146e-07 0.00017871028 0.21913005 4.3098473e-05 7.3007374e-07 6.170817e-05 1.8611686e-07 3.5572045e-06 5.169375e-11 0.0004974212 0.70294064 0.00017425277 0.026280202 0.0008993782 0.00036307113 0.0071401508 0.0061486326 6.32689e-07 1.4723858e-05 1.4869348e-06 3.9439756e-06 3.666697e-08 0.021976626 5.9230883e-06 0.19643472 5.1373302e-08 6.381193e-08 0.0005570938 8.8976356e-07 3.1669688e-11 0.00010636155 1.1645108e-07 0.005322084 0.010089274 9.974782e-06 7.703181e-08 3.7418772e-08
0.9516458 0.24154824 0.12655047 0.17993128 0.91225624 0.41573423 0.23994009 0.8202816 0.016438369 0.03213943 0.18652406 0.003229123 0.0013083987 0.7035343 0.2741262 0.00062231906 0.12653518 0.16590053 0.0003824518 0.13780825 0.00089247373 7.743386e-05 0.98681897 0.00032623918 0.40628943 0.010509821 1.2769051e-09 0.9428102 0.31637344 0.0055043264 1.729255e-05 0.0041237944 0.00027294515 0.002635404 0.00058019406 3.937277e-05 0.00086989487 1.0352475e-05 0.0004032518 0.76604044 3.9877752e-05 0.0066771875 9.816293e-05 1.6410213e-05 1.0715263e-06 2.92963e-05 0.002837474 7.8976086e-07 9.6793565e-06 0.09658786 1.6868162e-05 0.00033948803 5.4698903e-06 1.1641915e-06 0.0004918742 3.8972466e-06 2.6442072e-07 0.0009456687 0.12608638 2.8133083e-05 0.4819656 0.80687964 7.939056e-06 1.0612101e-06 6.3792686e-05 0.0007409094 0.121350676 8.292002e-06 1.6807413e-05 0.00016377123 7.887474e-06 0.00019614442 1.8860273e-06 0.0007508301 0.00040963016 2.8604243e-06 0.0014324753 1.10662495e-05 0.0040495615 5.348516e-05 0.027656779 3.456912e-07 5.118922e-06 0.00010831794 5.9059726e-05 6.423513e-06 0.0014674969 0.00010112628 0.031577867 4.9071405e-06 7.316839e-07 0.0031641135 6.287585e-06 7.995155e-07 1.5380906e-06 3.0937247e-07 0.029201005 0.0011869213 3.407114e-05 5.4713723e-08 4.3666194e-08
0.9129509 0.0007571744 0.0006305501 5.1387586e-05 0.059292026 0.011677577 0.00019317698 0.042283133 8.831724e-06 0.0037649572 0.0002113667 2.5697886e-06 3.22764e-07 0.06969018 0.00023358907 0.0014306875 0.00020954492 0.004451696 0.00022736906 0.014080819 2.1030174e-07 4.0257644e-05 0.9014169 0.0004561195 0.9782612 0.17663422 0.9428102 1.584e-15 0.06246627 1.2973118e-05 2.654511e-05 0.00023068875 0.0023335663 0.00016673541 0.027879477 1.1828205e-06 0.00017424444 8.865496e-06 2.6472314e-06 0.98521435 4.0728264e-07 0.0034708928 5.543261e-05 2.669819e-06 1.5047041e-07 7.095042e-06 0.0074104206 8.033451e-06 3.831529e-05 0.8076923 6.034303e-08 1.7440861e-07 1.0332059e-09 6.7190967e-06 0.000812323 0.0002510262 9.7404076e-08 0.011286913 0.47134414 2.752622e-08 0.60153556 0.22251879 2.8382235e-08 7.662726e-05 4.286542e-06 1.8695476e-07 0.69909793 6.988934e-08 5.881157e-07 6.2608855e-08 3.3394275e-07 0.00011215554 2.7514409e-08 0.0012546835 0.010826569 4.1046212e-07 0.017586576 0.00023560556 0.006344098 0.0014382588 0.048790783 5.505884e-09 1.9396007e-06 4.034212e-05 8.445038e-08 2.2315822e-07 0.016872449 0.00017628091 0.2060655 2.1340563e-07 5.236707e-08 0.009994879 1.9943882e-09 1.7833172e-07 1.5337308e-05 1.2415443e-08 0.042646606 0.011481955 2.5159622e-07 3.2693417e-09 6.4354286e-11
0.9294197 0.004193433 0.0029089877 0.00976786 0.038647976 0.010443384 0.0004441567 0.5111883 1.8900579e-05 0.00024333519 0.5236457 0.0067510814 0.006516852 0.7398798 0.87354594 7.558541e-06 0.00046774765 0.72501045 3.568339e-06 0.97662324 0.04390102 3.034283e-07 0.8786583 2.4046471e-06 0.0032071916 0.00014949059 0.31637344 0.06246627 8.698843e-13 0.2714024 6.6432676e-08 0.54315096 3.8122764e-07 0.31962138 1.130307e-05 4.0918618e-08 0.017898781 2.090752e-08 3.6596947e-07 0.5966477 0.0013190617 0.49795064 0.021521725 1.0454338e-07 6.8673613e-09 6.4937143e-07 0.46054766 1.5760406e-08 7.196892e-07 0.017447736 1.4813307e-07 3.2443978e-07 2.074824e-06 8.7010214e-08 0.020675031 2.4767553e-07 4.091179e-10 2.6973088e-05 0.009065472 6.1166574e-08 0.9515211 0.8920968 3.451995e-08 2.6475152e-07 0.0005963052 2.4311797e-07 0.05784257 7.531999e-09 5.2652587e-05 4.5196713e-09 3.356935e-05 0.00043044912 1.0570074e-06 0.007985524 0.0001495358 5.5270855e-09 0.00027626316 2.1203296e-06 0.3066274 2.4783241e-05 0.4478931 2.4364968e-09 5.238415e-08 0.0005401802 4.1128086e-08 4.934728e-05 0.0049640546 0.00029790206 0.028964927 7.229775e-05 7.16226e-09 0.110358596 1.1695062e-08 2.8358414e-05 4.0264703e-09 9.641546e-10 0.19247286 0.0008976183 8.743144e-08 5.7644516e-09 1.1189035e-10
0.8563927 0.00013031876 4.2615826e-05 0.003787109 0.0002058183 1.3237774e-05 8.164559e-06 0.005824946 6.5884974e-06 1.0517062e-06 0.14475417 0.008173009 0.010806764 0.021261867 0.92598873 1.477358e-05 4.642756e-05 0.20956899 1.1706226e-05 0.120465405 0.9794246 7.066242e-06 0.0003895573 1.5875007e-06 1.128604e-05 1.3059596e-06 0.0055043264 1.2973118e-05 0.2714024 2.423482e-13 4.4530094e-07 0.8622745 8.4808033e-07 0.8828195 1.4819665e-05 1.814035e-07 0.90429556 7.1141926e-07 1.089379e-07 0.00082464167 0.9889532 0.39342126 0.18304117 2.463953e-07 3.1615297e-08 7.875947e-07 0.0075661833 1.6618185e-06 6.3824626e-07 5.8929445e-06 2.63697e-07 8.517883e-06 0.013992248 1.5241234e-07 0.17699985 3.241483e-06 3.5374445e-08 6.9989064e-06 0.000827769 1.5451674e-07 0.09244559 0.02431999 1.8328376e-06 2.8731054e-07 0.5382967 9.716134e-07 0.00028251426 1.6298607e-08 0.11415256 6.080053e-08 0.011640418 0.20727779 0.008012697 0.0017600182 8.131508e-05 1.9738542e-07 8.4689236e-07 1.3413814e-06 0.31736442 1.34567e-06 0.36687085 2.4589556e-07 5.6805547e-08 0.0049171844 2.4315446e-08 0.00084000535 5.6827415e-05 0.001863603 0.0013128859 3.818958e-05 2.5588668e-06 0.009918324 9.762574e-07 2.1239026e-05 5.2229908e-08 5.214826e-07 0.06464972 4.522134e-05 5.1587233e-07 1.6509276e-07 3.1881567e-11
