9.01981e-18 0.9445854 0.94416636 0.86490405 0.9552593 0.93867815 0.7787611 0.17146084 0.9018128 0.8496546 0.9041953 0.031699732 0.9331605 0.8219896 0.17740723 0.13749993 0.026432013 0.25931352 0.98477805 0.96069115 0.95669615 0.74744385 0.9070071 0.7765905 0.65531987 0.0034035488 0.016156143 0.84953374 0.96855396 0.88495344 0.9548129 0.9850134 0.9874582 0.00018341227 0.050449904 0.0003708172 0.99634147 0.7634084 0.9936129 0.8570652 0.8922882 0.9787025 0.88303715 0.9981511 0.99599993 0.7992124 0.74742085 0.98232174 0.9559326 0.8948471 0.9642583 0.96197665 0.083272815 0.22051913 0.8733543 0.5044305 0.99003875 0.00835876 0.99340016 0.0034455378 0.93546784 0.9441873 0.9904008 0.9527089 0.7668629 0.8197713 0.9809455 0.9166033 0.43811813 0.9731867 0.8994748 0.060025852 0.032851502 0.99690264 0.8877731 0.01531258 0.8408214 0.85131705 0.9233147 0.96734434 0.98567617 0.945914 0.9995608 0.8269634 0.99757427 0.5521807 0.99775684 0.9324739 0.9766768 0.22470053 0.97275454 0.96192175 0.63061523 0.94954896 0.000245429 0.0013674552 0.84259194 0.8623817 0.99970675 0.99996483 0.9984466
0.9445854 8.421398e-14 0.8868042 0.5033884 0.82193273 0.12275689 0.38507092 0.9910745 0.0019274298 0.73040754 0.0035165318 0.91290784 0.1649291 0.0055226507 0.048677277 0.0019114459 0.0028154464 0.12169845 0.8127495 0.00048538437 0.0110560125 0.0040007737 9.2791604e-05 0.026651818 1.8831186e-05 0.3044994 0.46543926 0.032803282 0.22858433 0.273823 2.897804e-06 0.34882724 0.00041195826 0.015981013 0.124272615 0.008473884 0.0005801357 1.1887649e-05 0.12419286 7.1344454e-07 5.3384592e-06 0.111330055 0.0001289138 2.392019e-06 0.00038144717 5.871437e-08 8.9292186e-08 3.8184987e-07 1.0239074e-06 8.954938e-08 0.00024921406 0.0057040285 0.10511853 4.8682773e-07 9.979325e-09 1.8357667e-05 1.7990274e-07 5.726765e-05 0.06530647 3.0630738e-06 3.7205414e-08 2.9391445e-05 4.823645e-08 2.1474293e-06 6.936398e-08 0.00023818189 0.000108533546 5.4723532e-08 9.535638e-06 5.178373e-08 1.2199036e-05 8.784594e-09 8.977667e-08 3.843084e-06 1.8871924e-05 2.427833e-06 2.7300214e-06 1.0189919e-08 1.21797665e-08 0.00041084498 4.8123148e-08 5.4109197e-08 0.18155843 1.4202938e-07 0.0015731014 3.667388e-09 1.5616737e-05 1.9973958e-09 9.544544e-08 4.598812e-09 3.57374e-08 7.800602e-08 4.2704652e-08 4.8157927e-09 3.1991063e-09 5.591523e-09 2.4150149e-09 2.3565438e-09 1.1156959e-05 0.00021384907 1.6553411e-08
0.94416636 0.8868042 9.042388e-15 0.9731507 0.8468226 0.92274135 0.30651367 0.56477535 0.70504266 0.651364 0.2638356 0.1444961 0.16730027 0.04138709 0.031873327 0.0036403793 0.003665401 0.08529725 0.9332357 0.014872379 0.021553675 0.0139150005 0.00093251455 0.48503092 0.00014767797 0.005839006 0.008753507 0.4917748 0.87740654 0.0057905368 0.0004930274 0.72818834 0.00427033 0.00041894556 0.020573677 7.215324e-05 0.0292298 0.0009276441 0.30020806 6.408036e-05 1.0833472e-05 0.606961 0.00036786325 2.835214e-05 0.01486723 2.7327711e-05 1.3919611e-05 7.602072e-05 1.5103846e-05 3.1957134e-05 0.05225619 0.118216485 0.0010366269 3.8362603e-05 5.347738e-06 0.00014604184 6.52135e-05 4.328874e-05 0.25542575 3.4636605e-07 2.1720165e-05 0.0056736763 5.666001e-06 4.340629e-06 8.88038e-06 0.0052849767 0.0047541168 3.81822e-06 2.2106733e-05 1.1114903e-07 0.0018677256 1.3476945e-07 9.004694e-08 3.6782765e-06 0.0047943676 4.580842e-06 0.00062055147 4.310457e-08 4.864908e-05 0.005952995 4.7198777e-05 0.00026939606 0.119218625 2.4147951e-08 0.013999903 1.7840128e-07 0.0017120583 4.479868e-06 6.039983e-05 9.2589566e-08 1.32077475e-05 2.3701416e-05 3.0619853e-09 1.0027192e-05 1.3971642e-10 9.327118e-10 1.9152416e-10 8.447664e-06 0.0005501361 0.0027626355 1.8071543e-05
0.86490405 0.5033884 0.9731507 2.6783409e-14 0.07643825 0.019289788 0.014782084 0.21703087 0.93242973 0.94620323 0.93504924 0.09682352 0.0048675532 0.0010749453 0.004075654 5.6113797e-05 0.00044115775 0.42819744 0.8745231 0.1358745 0.0007366578 0.23122515 0.00024513918 0.016214544 5.9150414e-05 0.008850325 0.023518369 0.024935594 0.33687192 0.13940011 0.0014946727 0.66519976 0.00042535696 0.0064914203 0.0068739774 0.00019274563 0.025200084 0.0042451406 0.016932083 0.0003579295 4.2095686e-05 0.39396656 0.007569914 3.3671953e-05 0.0023319423 0.00021046979 7.8650264e-05 0.00032131185 3.3265e-05 8.047326e-05 0.0041988897 0.008578045 0.016956452 0.00072410394 6.447436e-06 0.003231834 0.0003458604 0.00062985625 0.11141864 9.241759e-05 2.0765947e-05 0.0004351721 3.1378004e-06 4.815813e-06 2.0980875e-05 0.0024119497 0.0018866814 7.029114e-06 0.00024259603 9.054286e-06 0.00046667142 5.2100044e-05 1.4257481e-05 1.442632e-06 0.00039753487 0.00016171217 0.00011167577 2.9942624e-09 1.10967385e-05 0.0013540344 3.5597195e-06 1.610064e-05 0.021539818 6.707707e-08 0.0052950038 2.7067128e-06 0.0005374965 9.528947e-06 1.9841082e-05 1.6471007e-06 2.878066e-07 6.457667e-05 4.1005165e-07 3.3705446e-06 2.7934257e-07 1.3497359e-07 6.0286625e-09 1.195163e-06 0.00038250888 0.0019538924 1.371016e-05
0.9552593 0.82193273 0.8468226 0.07643825 4.3765856e-11 0.92406267 0.9888155 0.88095313 0.0012147845 0.10090385 0.0015612651 0.38175648 0.6271446 0.4533844 0.64758766 0.092714086 0.11671596 0.019579006 0.17983834 0.0015233656 0.10800008 0.0012973174 0.007927179 0.18109475 0.004653371 0.18377568 0.13943918 0.13924524 0.2236169 0.089349076 2.063215e-05 0.022845665 0.011736315 0.00082486385 0.86877376 0.028587991 0.00033742434 0.00024459016 0.6758749 1.685115e-05 0.0104723815 0.021570818 0.0005123018 1.5162932e-05 0.005454841 1.1407446e-06 2.1229255e-06 2.5030379e-06 1.8158336e-05 3.554146e-06 0.0016173695 0.09841204 0.02404999 3.5925776e-05 8.822039e-07 2.9372475e-05 4.1668964e-06 0.00025654252 0.040112335 6.4658775e-06 4.886702e-07 0.006039658 2.662906e-07 2.928644e-05 3.3863676e-06 0.0007183244 0.00072899717 5.564728e-07 7.274418e-05 8.1961974e-07 9.03646e-05 1.4667965e-07 1.0120394e-06 3.28526e-05 0.000774068 6.515649e-05 2.806202e-05 3.5945977e-08 4.4377174e-07 0.0013703116 6.6017145e-07 3.6311994e-06 0.552615 1.0033718e-06 0.006241982 7.3796144e-07 0.00021474437 1.3833379e-07 5.639803e-07 1.2278597e-06 2.9519388e-06 6.3281973e-06 7.335941e-07 6.6512557e-06 1.6593329e-07 1.3381124e-07 6.228572e-08 4.959393e-07 3.3834283e-05 0.00080540095 2.1676678e-06
0.93867815 0.12275689 0.92274135 0.019289788 0.92406267 4.592404e-13 0.67486405 0.07593221 0.0027504247 0.017485049 0.00036760498 0.0061964705 0.9723947 0.8008545 0.13798434 0.047991898 0.03514761 0.0008535664 0.2003484 7.162411e-05 0.39842457 9.5476455e-05 0.010711851 0.8790396 0.0030519834 0.0006495015 0.00039137783 0.6574907 0.57253987 0.00024467998 1.0046374e-05 0.037066866 0.02014999 3.9736787e-07 0.1393394 0.000256298 0.00042444238 6.3466e-06 0.89993054 1.3084752e-06 0.0017077116 0.11509386 3.287492e-05 4.892255e-07 0.099993125 2.5948228e-07 6.3885494e-08 1.2667406e-06 3.3043077e-07 1.7524343e-07 0.01303547 0.2686203 2.2821685e-05 5.001101e-06 3.5959143e-08 9.446153e-07 1.6761513e-06 1.1760515e-06 0.02187849 8.473236e-09 1.5687208e-07 0.0051525487 1.1092702e-08 6.318325e-08 4.0251134e-08 0.0042115967 0.0033669402 1.5190757e-08 4.5033948e-07 6.656967e-08 0.00020461722 1.7892984e-07 4.7926203e-08 2.0987738e-07 0.0037466804 2.3149246e-06 4.5988258e-05 2.5057783e-09 4.121482e-06 0.0014769373 2.3447613e-07 1.00058605e-05 0.48590398 1.0677151e-08 0.02152471 1.5515619e-08 0.0005043761 8.268484e-08 3.9126976e-06 1.7180639e-07 2.1639181e-07 1.1945118e-05 2.2423104e-07 1.5692211e-06 3.0484602e-09 2.69851e-09 8.2058826e-10 2.143415e-06 0.00020332696 0.0021674954 2.0530956e-06
0.7787611 0.38507092 0.30651367 0.014782084 0.9888155 0.67486405 8.268219e-15 0.5154868 0.00011023018 0.0030050664 9.495622e-05 0.13568583 0.61734533 0.6474725 0.9880864 0.53118557 0.4305775 0.0011913816 0.02152062 3.5356723e-05 0.2901529 2.8816286e-05 0.0043838015 0.084326096 0.0042453934 0.10149826 0.10332211 0.017266952 0.019959046 0.005556991 7.3524143e-07 0.00076664495 0.0026142043 0.0004973773 0.8257749 0.045113932 7.740522e-05 7.1437366e-06 0.4951608 4.9396294e-07 0.011032968 0.0018225702 6.245682e-05 5.0607207e-07 0.0015397558 1.5677657e-08 1.016911e-07 1.4208207e-07 5.1179194e-07 1.0970997e-08 2.1032261e-05 0.009104412 0.00783386 4.051311e-05 9.379058e-08 1.7266677e-07 2.967027e-06 1.8895505e-06 0.00048766696 1.4561175e-07 2.2712253e-07 0.00014646236 3.5921232e-08 1.6496182e-07 8.2030084e-07 1.25260785e-05 7.09714e-06 9.0603277e-07 9.011752e-07 1.3111453e-07 6.992648e-06 5.0075954e-08 5.5141425e-10 1.8910026e-07 4.9374252e-05 1.8929107e-06 2.3331988e-06 2.3635312e-08 3.539208e-07 3.4518427e-05 1.6207522e-07 9.973564e-08 0.1912017 1.1728195e-07 0.0002480212 9.944747e-08 1.5435548e-05 3.1205442e-07 3.649547e-08 6.8770774e-08 6.349772e-08 3.877509e-06 6.4138193e-09 5.6995255e-08 5.2652878e-09 8.860525e-08 6.080734e-09 4.8222564e-08 3.3343993e-05 0.00024727374 1.0410741e-07
0.17146084 0.9910745 0.56477535 0.21703087 0.88095313 0.07593221 0.5154868 2.725228e-15 0.0016997226 0.09625143 0.0045598424 0.99876106 0.072794266 0.014084108 0.16730657 0.007443235 0.063126266 0.07037048 0.15861072 7.165779e-05 0.014289804 0.0016825007 0.00029487791 0.0049954723 0.0001270805 0.43153533 0.08388376 0.0024810121 0.01354624 0.00808416 4.5703885e-07 0.014263778 0.006185751 0.044457644 0.029440971 0.013000923 0.00088540977 1.0654677e-07 0.012936184 8.018723e-08 5.8499973e-06 0.0070682173 0.00018826274 2.4774425e-07 0.0012971294 5.5260108e-09 1.2031303e-08 1.436289e-07 4.129433e-08 2.7709572e-09 1.5293652e-05 0.00042337773 0.004563682 1.8413398e-06 7.084364e-10 1.10346335e-07 1.5711866e-07 5.423189e-06 0.00079698284 2.1783588e-08 5.630653e-08 1.2572395e-05 1.18873075e-07 1.7336437e-09 2.0497843e-09 7.8995676e-05 1.9476776e-05 3.2806245e-08 2.202195e-09 1.8616817e-09 5.6142835e-06 6.292969e-09 8.783607e-09 4.2208658e-08 8.451682e-05 2.436899e-07 1.5287635e-06 5.1234295e-10 7.458507e-08 0.00014104236 1.2827442e-07 4.3897828e-07 0.0011557556 9.847474e-10 0.0006335924 1.504014e-09 0.00010847756 1.2224562e-09 2.5442544e-08 1.7994922e-09 3.7160664e-08 3.3439125e-08 1.5827244e-09 2.6498568e-09 8.56231e-10 1.9543887e-09 1.5477083e-11 1.3969525e-08 1.908777e-05 0.0006652852 4.0422623e-08
0.9018128 0.0019274298 0.70504266 0.93242973 0.0012147845 0.0027504247 0.00011023018 0.0016997226 5.215488e-18 0.42359763 0.9844714 0.0004325181 5.2453666e-05 4.3590164e-05 3.301753e-05 5.5023393e-06 7.715155e-05 0.17333372 0.88752764 0.73174936 3.3582928e-05 0.37765515 7.899918e-06 0.008266854 3.6426657e-06 7.526445e-08 4.240831e-06 0.01959443 0.49769202 0.008080148 0.2819083 0.95178926 0.00016391216 2.9140063e-05 2.1065644e-07 9.717152e-09 0.7594063 0.18547623 0.0024689825 0.009613457 1.7198485e-06 0.7623823 0.026016656 0.005332842 0.0011026635 0.021917814 0.0043689595 0.028415281 0.0012248808 0.0024759148 0.017518798 0.005720655 0.00047099698 0.004164877 0.00023146556 0.0027202836 0.009773936 0.0009965554 0.49797186 9.048542e-05 0.00036906239 0.0011060052 8.270295e-05 0.0001065942 0.00055719854 0.0070652687 0.0045447196 5.4975637e-05 0.00086580956 4.819622e-06 0.012247028 6.31913e-05 4.3447642e-05 4.6790534e-05 0.0016169407 0.0005428965 0.001330153 2.0670275e-07 0.00048500238 0.012218963 0.00048275435 0.00029712208 0.00053228217 4.0908068e-07 0.007607816 1.4037162e-05 0.004637984 1.9781153e-05 0.00029453024 5.404448e-06 4.5142053e-05 0.00021594681 3.803719e-08 2.4185716e-05 2.3073447e-08 2.7661324e-08 6.965797e-10 5.5421242e-05 0.0021917562 0.0018721741 0.00019250023
0.8496546 0.73040754 0.651364 0.94620323 0.10090385 0.017485049 0.0030050664 0.09625143 0.42359763 4.5224254e-15 0.76303244 0.3488755 0.0022602163 6.586346e-05 0.0005184864 9.0511e-06 0.00011316644 0.9936312 0.8809681 0.3733134 0.00020283465 0.80979496 1.9847877e-05 0.0035818375 3.0834374e-06 0.0014382033 0.010790575 0.004827606 0.26723206 0.28134054 0.00158365 0.6797442 0.00013153879 0.09834412 0.00024662138 8.9875275e-06 0.09946105 0.0006392685 0.005437836 8.119319e-05 6.568478e-06 0.36135873 0.03855688 0.00014371668 0.00010361559 5.7040474e-05 1.84715e-05 0.00030928943 1.5464722e-05 9.873324e-06 0.00033792105 0.0010759217 0.023487775 0.0004019425 1.3734684e-05 0.00028196623 5.039121e-05 3.8752816e-05 0.0526691 5.204326e-06 1.5071687e-05 1.6710464e-05 7.803813e-05 5.3735266e-07 3.73474e-06 0.000853568 0.00080036157 8.960538e-07 5.807362e-06 9.630396e-07 0.00020767345 4.9224717e-08 1.0683079e-06 1.196394e-05 3.1279455e-05 4.1498083e-06 1.2133064e-05 1.6178003e-08 2.327847e-06 0.0011151864 0.00018568368 1.5136831e-06 0.014802907 2.2318554e-08 0.0016944795 2.6836355e-07 0.00073841313 1.6088036e-07 2.6049289e-05 1.7478383e-08 4.391493e-08 3.9978027e-06 2.1097327e-07 1.484982e-08 1.930198e-09 5.3238693e-09 6.0938543e-09 1.5960333e-08 0.00011418745 0.00080410973 7.840605e-07
0.9041953 0.0035165318 0.2638356 0.93504924 0.0015612651 0.00036760498 9.495622e-05 0.0045598424 0.9844714 0.76303244 2.1687426e-14 0.0017303603 1.2680539e-05 1.2964139e-05 4.094554e-05 1.4412623e-06 1.9972113e-05 0.51973444 0.70246446 0.9452624 1.0121229e-05 0.8343603 1.5394979e-06 0.00096355047 1.5329675e-07 8.862046e-06 0.0005037158 0.0019340983 0.11681391 0.20629558 0.18984859 0.7945008 1.4516107e-06 0.0024607915 1.5048749e-05 1.05397284e-07 0.44316128 0.14963531 0.00040322696 0.012724296 1.4728357e-08 0.47786126 0.11376288 0.00218828 6.8248126e-05 0.008085732 0.004624321 0.0077856677 0.00027624026 0.0006975347 0.0014628795 0.0013100011 0.03803464 0.003873858 4.6570753e-05 0.05290929 0.0016314308 0.016782733 0.43362635 0.0035768468 9.096102e-05 4.4960485e-05 4.7082383e-05 0.00036307942 0.00035700668 0.0013007633 0.0011555047 3.693231e-05 0.002912759 0.00021025614 0.0017307921 0.00057446305 0.00068070256 3.7101495e-06 5.616809e-05 0.002101474 0.00020883628 1.2278081e-08 2.2421522e-05 0.0033157587 9.4385905e-05 4.8800048e-05 0.0010879303 2.649617e-07 0.0031641305 4.4035696e-05 0.0019952094 1.593388e-05 4.6298144e-05 6.8266454e-06 2.4950396e-06 8.8143446e-05 2.4730887e-06 3.148922e-06 2.479621e-06 3.033156e-08 9.122828e-10 8.48777e-07 0.0005429682 0.0006955863 3.795557e-05
0.031699732 0.91290784 0.1444961 0.09682352 0.38175648 0.0061964705 0.13568583 0.99876106 0.0004325181 0.3488755 0.0017303603 6.940234e-16 0.0064314455 8.774556e-05 0.08692043 9.618161e-05 0.03848329 0.3264975 0.027314683 0.00013102147 0.00062610157 0.008270912 5.187337e-07 0.00025424236 1.9427403e-06 0.946306 0.79944474 0.00021093014 0.0014660329 0.39964172 1.379668e-06 0.001491641 0.00022948124 0.54053366 0.44092655 0.17636512 0.0006195167 9.251323e-06 0.0012977914 1.1585164e-06 1.1833457e-05 0.0008264296 0.0016182103 2.1608814e-06 1.4525061e-05 3.0834533e-09 4.3933764e-07 1.1435816e-07 8.805782e-07 4.862838e-09 2.3350085e-06 3.3623208e-05 0.17764579 0.00010145732 7.653267e-09 1.6198228e-06 1.4056839e-07 0.0003383953 0.00010391811 6.849685e-06 1.7353882e-08 7.823112e-07 1.3147319e-06 1.5452269e-08 3.2202475e-08 4.0652226e-06 2.993142e-06 3.3882364e-07 9.148191e-06 2.7713323e-09 8.757239e-06 3.9783677e-06 2.345648e-08 5.2620004e-07 3.6648971e-06 6.112142e-05 4.797511e-07 1.8590498e-08 1.2570956e-07 5.4253025e-05 3.1510953e-07 2.2757664e-08 0.0035108621 6.592321e-09 0.0005351177 2.3370648e-08 0.00018688463 1.5232013e-08 1.0854487e-07 6.4888535e-09 3.1878393e-08 2.7653083e-05 9.790208e-09 3.2770036e-08 3.649876e-07 1.0322234e-08 5.1630682e-11 4.596727e-08 2.8691271e-05 0.00034631407 1.7931727e-07
0.9331605 0.1649291 0.16730027 0.0048675532 0.6271446 0.9723947 0.61734533 0.072794266 5.2453666e-05 0.0022602163 1.2680539e-05 0.0064314455 4.4612588e-13 0.9224743 0.20181867 0.14556155 0.070778415 0.00075079466 0.023279421 7.43432e-06 0.9534581 1.365977e-05 0.14703855 0.70651025 0.12857676 0.0018958964 0.00029877297 0.37375826 0.11561605 6.146296e-05 1.1991422e-07 0.0003705846 0.110850975 2.8978164e-07 0.45244417 0.00201594 1.2053738e-05 5.4872555e-07 0.9456351 3.897748e-08 0.23088932 0.008898766 3.688824e-05 9.455955e-08 0.1868557 5.7111986e-09 8.942951e-09 2.5618382e-08 5.4511817e-09 2.7125306e-09 0.0027825448 0.2670566 2.72354e-05 2.6898172e-06 1.9903563e-09 4.711061e-08 5.9568617e-08 5.237353e-07 0.0018355271 3.0546938e-09 1.2253275e-09 0.007980545 1.325987e-09 4.8667634e-09 3.5639992e-08 0.0015507938 0.00071229064 8.826599e-09 7.0350616e-08 8.1981014e-08 3.5503047e-06 1.1805446e-07 2.9204704e-08 2.3081371e-08 0.0020664248 1.977802e-07 3.0995438e-06 2.1086313e-10 1.6918683e-07 4.0680945e-05 6.315562e-09 4.3278956e-07 0.7203137 1.156648e-09 0.0097272 9.452993e-09 1.1025546e-05 3.5394017e-08 3.9638005e-07 7.8321776e-08 7.0299753e-09 1.0819941e-06 3.281826e-08 8.1001645e-08 3.810688e-09 1.26012205e-08 7.86453e-11 1.7889256e-08 3.375571e-05 0.0009873246 1.5596532e-08
0.8219896 0.0055226507 0.04138709 0.0010749453 0.4533844 0.8008545 0.6474725 0.014084108 4.3590164e-05 6.586346e-05 1.2964139e-05 8.774556e-05 0.9224743 1.964364e-12 0.485125 0.9945195 0.3572234 5.7791658e-05 0.0059459703 8.19197e-07 0.94851935 2.2866377e-06 0.7709639 0.31054083 0.4794392 1.7410337e-05 7.5815133e-06 0.09464512 0.013578279 1.9813058e-05 4.171737e-07 9.9783065e-05 0.21042348 3.9332724e-09 0.42013708 0.0023921048 1.6670114e-05 7.6922606e-07 0.6913014 1.1510591e-07 0.120822966 0.0004001938 3.04859e-06 5.210603e-08 0.11797423 2.7086134e-08 6.017292e-08 3.504237e-08 1.5061082e-07 5.6849196e-09 0.0002903381 0.023760905 2.13196e-06 1.1179752e-05 3.1894086e-08 2.626285e-08 3.5954e-08 2.2855747e-07 0.00015016214 2.021669e-09 1.33620155e-08 0.0006533682 1.3061425e-08 3.8101864e-09 1.2057474e-07 0.00046209744 6.00662e-05 5.7558747e-08 1.1277255e-08 7.2599398e-09 7.897025e-06 2.1016028e-08 5.8818017e-09 1.9527576e-08 0.0007726472 1.2369289e-07 9.418152e-07 6.1459815e-10 3.5854237e-07 2.1283531e-05 3.2634123e-08 1.311685e-06 0.0724151 7.7391995e-09 0.0017321231 2.1781135e-08 2.6990883e-06 5.2079496e-08 6.443225e-08 1.4092839e-07 3.5933294e-08 1.7334944e-06 2.0632382e-09 1.7491791e-08 5.765384e-10 5.7716476e-09 1.342697e-10 3.9901553e-09 3.2424152e-05 0.00042529937 6.21004e-09
0.17740723 0.048677277 0.031873327 0.004075654 0.64758766 0.13798434 0.9880864 0.16730657 3.301753e-05 0.0005184864 4.094554e-05 0.08692043 0.20181867 0.485125 1.7255941e-13 0.78358877 0.9951428 0.00019703103 0.0010773485 2.4816827e-05 0.14594455 2.437593e-06 0.0032513347 0.016625391 0.0074181133 0.069107994 0.02023942 0.0032187325 0.0010121495 0.0006106174 3.9379378e-07 3.547511e-05 0.00077127374 0.00029415355 0.7923228 0.09156352 3.6974638e-05 2.0041036e-06 0.04148396 1.0850061e-06 0.016506037 4.6885143e-05 1.9300876e-05 1.5090736e-06 0.00089514727 1.0547784e-09 1.7501395e-07 2.5964738e-07 4.966658e-07 2.4842493e-09 1.8970039e-06 0.00059792586 0.0008828491 3.5734833e-05 1.4853192e-08 4.6962646e-07 6.276145e-07 1.6248542e-06 2.9396773e-05 2.1291022e-07 1.0891275e-07 1.6354172e-05 6.88272e-08 6.9452904e-07 6.001418e-08 7.541501e-07 2.8220916e-06 9.935917e-07 1.4779673e-06 4.6768513e-08 1.4397114e-06 4.3992588e-07 3.591397e-08 6.0376965e-07 9.770888e-06 8.5660195e-06 4.8852854e-07 1.3729301e-07 8.7505015e-08 5.0117433e-06 1.2690458e-07 4.7711865e-08 0.009235038 9.31097e-08 8.675447e-05 9.1671814e-07 1.5474916e-05 1.5292906e-07 3.0303568e-08 5.580852e-07 1.7604219e-08 1.0333631e-06 5.8233564e-08 3.26213e-08 3.549475e-08 2.8340796e-08 3.5376402e-08 4.58208e-09 3.931771e-06 0.00015800213 3.3493002e-08
0.13749993 0.0019114459 0.0036403793 5.6113797e-05 0.092714086 0.047991898 0.53118557 0.007443235 5.5023393e-06 9.0511e-06 1.4412623e-06 9.618161e-05 0.14556155 0.9945195 0.78358877 7.167102e-15 0.9855276 9.175275e-06 7.295476e-05 1.6717499e-06 0.24364468 4.5204348e-07 0.7973747 0.02567149 0.81089056 2.8964294e-05 8.4010617e-07 0.0030194803 0.00018456507 1.5508158e-05 9.192319e-08 1.4174542e-06 0.006851035 2.0791974e-10 0.5943267 0.017942073 6.3516467e-07 1.8033036e-08 0.044481624 2.149312e-08 0.13780609 1.0821195e-05 1.148289e-06 2.2663535e-08 0.0059924917 4.729278e-10 3.0100493e-09 2.4914915e-08 2.298472e-08 2.3227972e-10 3.289437e-06 0.00045909075 3.572459e-08 3.7305467e-06 2.806423e-10 4.429373e-08 3.4711686e-08 3.8854597e-10 3.2081275e-06 1.71979e-11 5.5605627e-09 2.3115692e-06 5.843113e-09 2.211562e-08 3.621034e-09 9.5260714e-07 6.6425685e-07 1.1268703e-07 2.800932e-09 3.5487147e-09 8.591438e-08 4.027469e-09 1.3258656e-09 2.89471e-08 3.2121834e-06 6.253618e-08 1.3438589e-08 2.2783537e-09 3.6516061e-09 3.4319996e-07 1.1780315e-08 2.5395743e-09 0.0031911253 4.9407176e-09 8.048048e-05 2.6772103e-08 4.827431e-07 5.0066475e-09 4.1150114e-09 2.0727098e-08 8.079583e-11 1.1172775e-06 9.909877e-10 9.76715e-10 5.080396e-11 1.5024391e-10 3.5158756e-10 9.60126e-11 2.671063e-07 1.4313733e-05 3.2298708e-10
0.026432013 0.0028154464 0.003665401 0.00044115775 0.11671596 0.03514761 0.4305775 0.063126266 7.715155e-05 0.00011316644 1.9972113e-05 0.03848329 0.070778415 0.3572234 0.9951428 0.9855276 1.11594355e-13 0.000131276 0.000293208 2.6148389e-06 0.10819104 1.817768e-06 0.3760655 0.010260777 0.74630713 0.050223153 0.0004545911 0.0007976116 8.680745e-05 4.8612204e-05 2.3421778e-07 1.5671343e-05 0.0019248967 9.8490986e-08 0.92120314 0.24921307 2.1926676e-06 2.3138068e-07 0.025634237 2.965269e-07 0.49208906 2.1698757e-05 7.6010165e-06 1.9030496e-07 0.0010207978 1.6872399e-08 1.1753388e-07 4.2338297e-07 2.5093752e-07 4.366726e-09 9.381184e-07 0.000103591774 2.7049907e-07 6.24366e-06 1.0652924e-08 1.0812946e-08 1.1926893e-07 5.7227e-10 1.8215607e-05 2.9933044e-12 2.208135e-08 4.898995e-06 1.634836e-08 5.3290023e-08 7.042406e-08 3.680808e-07 8.652305e-07 8.543428e-08 2.2785025e-08 3.5118295e-09 1.8392046e-07 3.7635774e-09 9.127765e-11 1.1924959e-07 5.234545e-06 2.48915e-08 5.0494805e-08 1.6972326e-08 2.6100848e-08 9.0220453e-07 7.605497e-08 3.2615126e-09 0.0041844565 5.7391567e-08 9.158277e-05 3.3543301e-07 9.540901e-07 3.6788494e-09 2.76305e-10 2.0645254e-09 1.3072908e-09 1.7177339e-06 2.4371416e-10 1.505645e-08 4.000002e-12 2.237697e-10 6.1183436e-10 1.7248003e-10 4.351687e-08 4.2651565e-05 3.5918662e-10
0.25931352 0.12169845 0.08529725 0.42819744 0.019579006 0.0008535664 0.0011913816 0.07037048 0.17333372 0.9936312 0.51973444 0.3264975 0.00075079466 5.7791658e-05 0.00019703103 9.175275e-06 0.000131276 7.104716e-14 0.2839146 0.51391757 6.179403e-05 0.9849148 1.591114e-06 0.0009238694 6.021816e-08 0.006830345 0.04372212 0.00064943556 0.011651614 0.92600477 0.0044773654 0.19276044 0.00011707373 0.76755947 3.6119287e-05 1.4298779e-05 0.0570395 0.0040748916 0.0012025776 0.0012329194 4.8153055e-07 0.043845505 0.4009143 0.00017958212 2.082456e-06 0.00047090897 0.0007894297 0.0006883502 0.0001638884 6.711339e-05 1.13654605e-05 8.849383e-05 0.21615443 0.001521939 4.651358e-05 0.0019810596 7.597896e-05 0.0005540555 0.0072566913 6.071336e-05 1.7322955e-05 1.6556775e-06 0.00021580477 6.365619e-05 3.4497003e-05 2.9363542e-05 6.813582e-05 2.0751517e-05 0.00024305549 9.664563e-06 2.7230879e-05 1.81362e-05 4.940334e-06 6.872695e-05 1.0514887e-06 0.00039651355 1.5040463e-06 6.52051e-07 1.0762085e-06 0.00019340281 3.506084e-05 9.972232e-08 0.0075235465 2.2641739e-06 0.00044558005 4.6010914e-06 0.00039022695 7.783436e-08 2.1588546e-06 4.0291596e-07 1.4318271e-08 9.67465e-06 2.3678203e-06 2.0228116e-08 2.585446e-07 9.44164e-09 3.8848707e-08 2.3785997e-08 3.1532512e-05 0.00012337956 7.101852e-06
0.98477805 0.8127495 0.9332357 0.8745231 0.17983834 0.2003484 0.02152062 0.15861072 0.88752764 0.8809681 0.70246446 0.027314683 0.023279421 0.0059459703 0.0010773485 7.295476e-05 0.000293208 0.2839146 2.2686207e-11 0.70637506 0.0013754045 0.40090388 5.1451527e-05 0.012142696 3.5046967e-05 0.0013108522 0.010666056 0.11338159 0.90832657 0.3060393 0.07983495 0.87161255 3.2790627e-05 0.00022256473 0.012361134 7.466582e-05 0.048557978 0.05327757 0.0103919795 0.018660361 2.8275358e-06 0.8492357 0.085213475 0.00033723633 0.0008161987 0.011261985 0.0039180173 0.004604742 0.0009147402 0.0013662761 0.08049328 0.089649886 0.03682034 0.0019023665 0.00010436364 0.023404902 0.0008873371 0.0020120628 0.55623585 0.00016935561 8.447205e-06 0.0121952845 3.4474785e-06 0.0011198639 0.00025874775 0.015893755 0.019706596 1.3971239e-05 0.0013666762 0.00012772044 0.0007732782 0.0002883593 0.000111927824 1.3037253e-05 0.002518398 0.00025116318 0.00034243742 1.5344572e-08 2.7964643e-05 0.008420343 6.7286646e-06 0.00017908649 0.031926967 7.573614e-06 0.025761828 2.8943257e-05 0.0027755306 4.145993e-05 3.7106503e-05 5.1234842e-06 3.36311e-05 4.7122678e-05 0.00025992477 3.8975348e-05 5.600863e-07 4.8623565e-07 1.5976455e-07 2.733459e-05 0.0023007963 0.005771902 5.209751e-05
0.96069115 0.00048538437 0.014872379 0.1358745 0.0015233656 7.162411e-05 3.5356723e-05 7.165779e-05 0.73174936 0.3733134 0.9452624 0.00013102147 7.43432e-06 8.19197e-07 2.4816827e-05 1.6717499e-06 2.6148389e-06 0.51391757 0.70637506 4.764279e-14 2.2769627e-06 0.98824507 9.018513e-08 0.00039072987 4.1245215e-08 9.366787e-06 0.0004200009 0.00032466653 0.062142726 0.7020635 0.6135638 0.85546625 1.1255708e-05 0.004962424 4.108753e-07 6.624765e-09 0.6532638 0.32102668 0.00038306997 0.09566933 5.6152065e-09 0.56808364 0.7388249 0.03841136 1.5107851e-05 0.016145185 0.017542556 0.00884089 0.0027950674 0.00011892485 0.00032026434 0.00022172408 0.48164156 0.017412845 2.0655558e-05 0.53559643 0.0007523977 0.27374712 0.43313497 0.09295459 7.7229866e-05 8.488496e-06 0.00032232463 0.0011683553 0.00024500384 0.0006508473 0.0003418693 4.1445796e-06 0.0064284466 2.0171705e-05 0.0021080587 0.00035907776 0.011136246 9.736981e-06 6.7231927e-06 0.042243864 0.00035654017 1.8797156e-08 1.8196333e-05 0.014117168 0.0006901753 1.5804606e-05 0.014292175 4.056855e-07 0.0034299276 2.5011374e-05 0.007787926 7.5191347e-06 2.3944625e-05 3.131418e-06 5.4409115e-06 3.4547043e-05 1.6426136e-05 1.3397745e-06 8.364967e-05 8.2091054e-07 1.555509e-08 6.5037545e-07 0.0005186262 0.00020049239 1.9543853e-05
0.95669615 0.0110560125 0.021553675 0.0007366578 0.10800008 0.39842457 0.2901529 0.014289804 3.3582928e-05 0.00020283465 1.0121229e-05 0.00062610157 0.9534581 0.94851935 0.14594455 0.24364468 0.10819104 6.179403e-05 0.0013754045 2.2769627e-06 3.6138802e-12 1.8836724e-06 0.9171823 0.4594768 0.6970161 0.0003350425 0.00014288604 0.13772142 0.021807866 0.000106544496 4.565612e-08 7.733659e-05 0.8696034 2.4457032e-08 0.5026066 0.0028331303 5.4808406e-06 3.9388993e-07 0.92286444 1.9192552e-08 0.81648076 0.000825584 4.2635234e-06 3.2934523e-08 0.8118352 1.6168122e-09 1.0390798e-08 1.041425e-08 3.153801e-09 3.0240677e-09 0.0010044031 0.12062955 3.8887578e-05 4.682806e-06 1.3220273e-09 1.9285034e-07 3.1427174e-08 6.52769e-07 0.00050054933 1.574193e-08 1.607802e-09 0.0047587706 2.2132824e-09 2.2472587e-08 1.3575465e-08 0.0006565766 0.00031994685 1.5173613e-08 1.1117871e-07 8.143664e-08 1.0029061e-06 2.0141043e-07 4.923636e-08 6.425614e-08 0.0035912571 7.6783215e-07 6.597831e-07 2.0927058e-09 7.181606e-08 4.4361183e-05 5.948536e-09 1.0422011e-06 0.44411272 3.221666e-08 0.007600785 3.236878e-09 7.476026e-06 2.8723534e-08 3.415615e-07 1.2106756e-07 7.944838e-09 2.623067e-07 8.712812e-08 5.7594768e-08 3.9850367e-09 4.411328e-09 8.4009455e-10 2.8428937e-08 1.5546391e-05 0.0013518693 6.5184635e-09
0.74744385 0.0040007737 0.0139150005 0.23122515 0.0012973174 9.5476455e-05 2.8816286e-05 0.0016825007 0.37765515 0.80979496 0.8343603 0.008270912 1.365977e-05 2.2866377e-06 2.437593e-06 4.5204348e-07 1.817768e-06 0.9849148 0.40090388 0.98824507 1.8836724e-06 3.1467731e-15 1.7846316e-08 0.000121934936 4.362514e-09 0.00011662452 0.0011552371 5.304657e-05 0.020690767 0.84885865 0.1939669 0.46637735 1.333391e-06 0.17081566 6.0282865e-08 3.6732214e-08 0.2841818 0.089941606 5.1754185e-05 0.012359154 3.5063679e-09 0.1548449 0.7291547 0.0022830097 1.8359636e-06 0.00390772 0.0036767807 0.0047519654 0.00036097062 8.125136e-05 9.1105045e-05 0.00024646596 0.33414453 0.009501774 4.0116836e-05 0.1329521 0.00076260336 0.06549678 0.034712456 0.019068556 0.00013785843 2.2017616e-06 8.030919e-05 0.0001871234 1.913233e-05 0.00023256015 6.771295e-05 2.4198773e-05 0.0030820104 3.9378105e-05 0.00028896495 0.00021740176 0.0006049648 2.2909517e-05 2.3583561e-05 0.010642894 3.934492e-05 7.788574e-08 2.639807e-06 0.001771725 8.895285e-05 2.9507958e-06 0.0081206085 5.703862e-07 0.0022449973 2.0295605e-05 0.0014003594 4.938301e-07 3.4018285e-05 1.4162516e-06 1.2050388e-08 5.156365e-06 3.7625716e-06 1.1858542e-08 3.4020006e-05 3.0928735e-08 3.6860768e-09 1.515118e-07 0.00025799128 0.00052872323 2.2547953e-05
0.9070071 9.2791604e-05 0.00093251455 0.00024513918 0.007927179 0.010711851 0.0043838015 0.00029487791 7.899918e-06 1.9847877e-05 1.5394979e-06 5.187337e-07 0.14703855 0.7709639 0.0032513347 0.7973747 0.3760655 1.591114e-06 5.1451527e-05 9.018513e-08 0.9171823 1.7846316e-08 1.018269e-12 0.048767235 0.99550766 1.1688344e-07 2.393571e-06 0.0026479398 0.0003950012 6.049434e-06 8.913649e-08 2.461094e-06 0.9779104 2.5113367e-10 0.012633664 3.5867302e-05 1.2674657e-06 6.4121586e-08 0.51190007 6.807297e-08 0.18741786 1.6563874e-05 1.1530956e-06 1.8202251e-09 0.28303784 1.5253403e-09 1.2586758e-08 8.317916e-08 5.048989e-08 4.47884e-09 3.9288192e-05 0.0021905946 3.12785e-07 3.065989e-07 2.4116833e-08 2.4605683e-08 1.9939168e-07 5.49772e-09 6.515304e-06 5.0295636e-12 4.4962604e-08 0.0004005693 4.1704503e-08 2.2955224e-09 9.339406e-09 5.503334e-05 1.008729e-05 1.0533054e-06 1.6722362e-08 5.6254974e-09 3.3977494e-07 1.2392069e-08 6.10444e-09 2.2016081e-08 0.0013685458 4.328789e-08 1.2642496e-06 5.516217e-09 1.2478112e-07 2.2012978e-06 1.5488654e-08 7.9214644e-08 0.1447174 7.703967e-10 0.002216966 2.1102277e-07 5.316427e-07 4.8900652e-08 6.434932e-09 1.2499055e-08 4.4819766e-09 3.7513317e-08 1.9145113e-10 8.132887e-09 5.196105e-11 2.8799552e-09 2.4819814e-12 3.871146e-10 1.5703243e-06 0.0003762778 1.5525581e-10
0.7765905 0.026651818 0.48503092 0.016214544 0.18109475 0.8790396 0.084326096 0.0049954723 0.008266854 0.0035818375 0.00096355047 0.00025424236 0.70651025 0.31054083 0.016625391 0.02567149 0.010260777 0.0009238694 0.012142696 0.00039072987 0.4594768 0.000121934936 0.048767235 8.0587517e-13 0.01029204 2.6177767e-07 1.5378919e-05 0.98885316 0.23982772 1.1856784e-05 0.00017050054 0.0014565503 0.16169375 6.3198826e-07 0.022879764 0.00011659794 0.00085242465 0.00028263123 0.69672567 1.1379104e-05 0.0022246435 0.012124888 8.950807e-06 3.9133863e-07 0.97610474 1.8577304e-05 3.7056657e-06 6.044258e-05 2.1721387e-05 3.1464144e-05 0.09319291 0.6701581 6.024082e-07 4.4600558e-05 8.933691e-06 1.9060013e-05 0.0002533009 2.6177506e-06 0.0032184639 4.562495e-08 2.5100237e-05 0.113792576 1.4023371e-06 1.5481353e-05 4.9106e-06 0.010541018 0.007027864 6.0275106e-06 1.012522e-06 1.5214753e-06 0.0016392553 1.1803655e-07 4.0788258e-08 4.1489196e-07 0.037992187 7.658531e-07 0.0008635188 1.2716268e-08 0.00013181784 0.0015207623 2.5578849e-05 0.00020138038 0.10422082 2.721295e-08 0.032619853 2.6055326e-07 0.0004142144 1.7984134e-05 8.310484e-05 4.1040533e-07 4.0108804e-05 0.00026205982 9.667507e-07 8.56283e-05 1.8497033e-10 1.197468e-09 2.066453e-08 2.3463519e-05 0.00022375843 0.020974634 7.744549e-08
0.65531987 1.8831186e-05 0.00014767797 5.9150414e-05 0.004653371 0.0030519834 0.0042453934 0.0001270805 3.6426657e-06 3.0834374e-06 1.5329675e-07 1.9427403e-06 0.12857676 0.4794392 0.0074181133 0.81089056 0.74630713 6.021816e-08 3.5046967e-05 4.1245215e-08 0.6970161 4.362514e-09 0.99550766 0.01029204 1.9368154e-15 2.9467913e-06 1.7362192e-06 0.0014903515 0.00020945001 1.7060421e-07 5.6700293e-09 1.4267362e-06 0.63478667 1.2072178e-11 0.032954138 0.0011430224 1.8421962e-07 5.276809e-09 0.20645429 1.2648652e-09 0.9864808 3.2200307e-05 2.2676716e-07 1.8814612e-09 0.029784534 1.2897651e-10 1.0374791e-09 8.28356e-08 3.7010264e-09 4.5017395e-10 3.12994e-06 0.00054323446 6.796163e-09 3.615363e-08 4.011138e-10 2.0251443e-11 3.6333503e-08 1.915522e-11 5.823135e-06 9.845646e-15 1.7008451e-09 3.423948e-05 2.3027713e-09 6.2796446e-10 1.0191236e-09 1.00512494e-07 4.967648e-07 1.945193e-08 1.1448812e-09 1.0020417e-10 5.326977e-09 1.7703769e-10 2.7541986e-11 3.3076146e-09 5.1625626e-05 4.1221714e-11 5.0001038e-08 3.4141686e-11 3.798004e-09 2.0398099e-07 4.5244666e-09 1.1103323e-09 0.12617028 4.0803777e-10 0.00078830606 3.95046e-09 2.9525705e-07 2.7470766e-09 1.7195709e-10 4.3095794e-11 1.4485488e-10 3.7537276e-09 5.367754e-13 1.0899078e-09 3.7192122e-13 3.3496192e-12 8.362006e-13 1.5239051e-11 7.938813e-08 0.0001306702 1.2313567e-11
0.0034035488 0.3044994 0.005839006 0.008850325 0.18377568 0.0006495015 0.10149826 0.43153533 7.526445e-08 0.0014382033 8.862046e-06 0.946306 0.0018958964 1.7410337e-05 0.069107994 2.8964294e-05 0.050223153 0.006830345 0.0013108522 9.366787e-06 0.0003350425 0.00011662452 1.1688344e-07 2.6177767e-07 2.9467913e-06 1.790803e-12 0.9965535 1.0940662e-07 4.0374601e-07 0.12137299 4.3337853e-09 4.995121e-05 2.2253032e-06 0.122176066 0.14521071 0.9812797 2.2437598e-06 2.775738e-10 0.00016958674 1.2008101e-08 3.6506895e-06 7.75693e-06 2.1635765e-06 1.4135043e-06 3.7946046e-07 5.489186e-11 1.3965236e-08 3.4759502e-09 4.8181008e-08 4.136348e-11 5.472593e-08 7.706205e-07 0.019671097 2.487522e-08 8.4431284e-10 1.7235097e-08 4.6848154e-08 1.2603048e-06 7.4630902e-06 1.202512e-10 3.860906e-09 1.8729695e-08 2.424109e-07 1.6052658e-08 1.6294092e-09 4.0617674e-09 4.1929425e-08 4.7658933e-08 1.9033299e-06 4.5308575e-09 2.5331767e-07 9.867032e-09 5.0097455e-08 4.1419935e-07 1.7237323e-07 7.105113e-07 2.3688557e-07 8.78379e-09 2.3393214e-08 5.656398e-07 2.0677295e-07 1.5990003e-09 0.0030468171 1.0704699e-08 7.963236e-06 2.7691377e-07 6.4189106e-07 2.1803084e-08 1.7186515e-08 2.792737e-10 1.6636189e-11 3.2781398e-07 3.2634042e-09 3.8074436e-11 3.126466e-09 6.381196e-11 1.8725602e-10 3.4405082e-10 1.8645736e-06 0.00040005107 7.123799e-09
0.016156143 0.46543926 0.008753507 0.023518369 0.13943918 0.00039137783 0.10332211 0.08388376 4.240831e-06 0.010790575 0.0005037158 0.79944474 0.00029877297 7.5815133e-06 0.02023942 8.4010617e-07 0.0004545911 0.04372212 0.010666056 0.0004200009 0.00014288604 0.0011552371 2.393571e-06 1.5378919e-05 1.7362192e-06 0.9965535 2.8855644e-12 4.2661122e-05 4.0206152e-05 0.1258 8.635072e-08 0.00012339155 4.3139593e-05 0.99896955 0.00067602296 0.0070476267 1.5012985e-05 3.2812113e-07 0.00011561061 1.485927e-06 4.439087e-06 3.9291226e-05 0.00012471397 1.8194294e-06 7.5133215e-08 9.398406e-10 5.753424e-07 3.238195e-08 4.2662464e-07 2.8168426e-10 1.0160561e-07 4.96833e-07 0.22940835 1.2191033e-07 4.6602247e-09 4.2029433e-06 3.532482e-08 0.00013035307 0.00013050047 3.3844415e-07 2.6867967e-08 5.968974e-08 4.142266e-07 1.969755e-07 1.4310345e-09 1.1512407e-08 1.7863505e-07 1.659343e-08 4.3676196e-06 2.000442e-09 6.603701e-08 7.3096444e-08 1.4240297e-06 2.038368e-06 1.1642759e-08 1.6717e-05 3.771225e-08 2.210537e-08 2.7810877e-08 3.610582e-07 1.8458644e-07 7.115769e-10 0.0042324355 1.2320095e-08 4.0447554e-07 6.970589e-08 7.484325e-09 7.503239e-08 1.9070994e-09 1.3332909e-09 3.4677172e-10 2.2967949e-07 3.712248e-08 8.924459e-10 9.444131e-08 1.583267e-10 2.2134217e-09 2.2621448e-10 1.9262426e-07 0.00010865792 2.129033e-09
0.84953374 0.032803282 0.4917748 0.024935594 0.13924524 0.6574907 0.017266952 0.0024810121 0.01959443 0.004827606 0.0019340983 0.00021093014 0.37375826 0.09464512 0.0032187325 0.0030194803 0.0007976116 0.00064943556 0.11338159 0.00032466653 0.13772142 5.304657e-05 0.0026479398 0.98885316 0.0014903515 1.0940662e-07 4.2661122e-05 2.719782e-14 0.95813936 1.0439495e-05 0.0002840455 0.02984911 0.008229384 4.2376687e-08 0.0066045835 7.405075e-06 0.0050209844 0.00032925163 0.6396862 2.4956165e-05 0.001509777 0.17060304 1.3624414e-06 1.5689227e-05 0.30645555 1.7348464e-05 3.9879324e-06 8.8567795e-05 5.0351053e-05 7.780402e-06 0.6926998 0.9551844 7.0959885e-08 6.580315e-06 1.566075e-05 6.5238096e-06 0.0005311309 9.668715e-07 0.05395427 1.1459587e-08 1.5966358e-05 0.41803005 6.4835194e-06 6.776363e-06 8.92286e-06 0.18085687 0.1588421 2.8681327e-06 3.3419713e-06 3.1161608e-07 0.013163568 1.9606249e-08 6.242904e-08 1.152064e-05 0.19432817 2.5225862e-07 0.008816552 8.812116e-09 0.0016654003 0.015715862 0.00017487073 0.0012244984 0.2751979 4.3860936e-08 0.15992102 5.7353812e-08 0.0052324818 5.4392338e-05 0.0004613887 1.3402115e-06 8.8838664e-05 0.0004351034 1.2820808e-06 0.00015007266 2.2354191e-10 4.5437694e-09 5.6704543e-08 0.0002872885 0.0028773544 0.07532427 7.069851e-05
0.96855396 0.22858433 0.87740654 0.33687192 0.2236169 0.57253987 0.019959046 0.01354624 0.49769202 0.26723206 0.11681391 0.0014660329 0.11561605 0.013578279 0.0010121495 0.00018456507 8.680745e-05 0.011651614 0.90832657 0.062142726 0.021807866 0.020690767 0.0003950012 0.23982772 0.00020945001 4.0374601e-07 4.0206152e-05 0.95813936 1.3443478e-13 0.0014160295 0.022763876 0.7327204 0.0005695193 1.3538923e-07 0.013944585 2.9151668e-06 0.09528903 0.005681501 0.08333205 0.0005812067 9.206174e-06 0.93865967 0.0010399326 0.00092486246 0.027033843 0.0011505177 0.0001369348 0.0026106678 0.00010878514 0.00034365247 0.8907373 0.76497513 2.7750593e-05 1.725073e-05 3.4758217e-05 0.00022076849 0.0032787106 4.835999e-06 0.70662165 1.3512974e-06 5.77412e-05 0.21807785 7.687322e-06 4.619115e-05 2.80468e-05 0.23562458 0.16859408 1.0494105e-05 0.00018059282 2.0961676e-05 0.0055918065 6.130145e-07 9.819964e-07 4.481673e-05 0.07526071 3.2139487e-06 0.0046599368 1.9902055e-08 0.00037735605 0.031515483 3.259725e-05 0.0025078442 0.02703683 6.58981e-08 0.12791269 3.2638109e-06 0.006663644 6.664358e-05 0.00030110247 1.4610675e-06 8.878606e-05 1.7997241e-05 1.6327072e-05 0.00021486997 4.124816e-10 1.6063949e-09 2.0922279e-08 0.00011932486 0.0031698658 0.03592078 0.0005706289
0.88495344 0.273823 0.0057905368 0.13940011 0.089349076 0.00024467998 0.005556991 0.00808416 0.008080148 0.28134054 0.20629558 0.39964172 6.146296e-05 1.9813058e-05 0.0006106174 1.5508158e-05 4.8612204e-05 0.92600477 0.3060393 0.7020635 0.000106544496 0.84885865 6.049434e-06 1.1856784e-05 1.7060421e-07 0.12137299 0.1258 1.0439495e-05 0.0014160295 1.1962205e-11 0.04299723 0.25952482 7.339216e-05 0.97607255 5.77407e-05 7.0758106e-06 0.057669792 0.014446932 0.0014756598 0.039176866 7.858859e-06 0.048428327 0.9109221 0.0013838058 4.0326428e-05 4.4460674e-05 0.0037990191 0.00023841302 0.0011356511 2.5249244e-06 2.6030427e-06 1.599414e-05 0.9769001 0.019888293 6.6810653e-06 0.09333216 7.4959084e-06 0.039151106 0.028999353 0.035287026 1.1419986e-06 1.9946767e-06 0.000118622986 6.6759036e-05 1.0334302e-06 1.9774701e-05 7.791536e-05 3.6744545e-06 0.0012892408 1.4965455e-05 1.397637e-05 0.00025241182 0.0011620875 4.3933596e-05 1.3963132e-06 0.027196923 2.1274907e-05 2.7176577e-07 3.564504e-07 0.0006888218 3.0126834e-05 5.3683897e-07 0.46741867 1.2409862e-07 0.0011713542 0.00010468821 0.0014510765 5.9414347e-06 4.829694e-06 1.3788368e-06 4.6183104e-08 1.5153839e-05 0.0004848394 5.595401e-07 0.00060191675 2.6400548e-07 2.0213452e-07 4.53552e-08 0.0002386396 0.0018765436 6.4587903e-06
