7.552864e-15 0.98767316 0.9709592 0.9634679 0.9952938 0.9841959 0.89654046 0.792313 0.9299194 0.9068088 0.94460404 0.9859861 0.9928331 0.9905619 0.7570161 0.920904 0.8371921 0.95411825 0.9810711 0.9877706 0.9175361 0.9408077 0.92927784 0.9938869 0.98440015 0.9996323 0.98783016 0.9069709 0.9162787 0.91230357 0.9278151 0.9060839 0.9711922 0.82453454 0.95820737 0.9852308 0.9525647 0.8882805 0.9820259 0.9042204 0.94590145 0.826426 0.8721319 0.98723465 0.76225406 0.57895327 0.9579484 0.98373187 0.7287263 0.3511926 0.7617854 0.9395005 0.94379413 0.95113915 0.92582506 0.84851 0.9862472 0.06782532 0.7602737 0.6536363 0.992095 0.8806191 0.8420488 0.09309205 0.68729246 0.3735072 0.010580442 0.4798666 0.2146879 0.61792576 0.35980904 0.4710174 0.6194823 0.07482237 0.33212882 0.9881037 0.9983888 0.6956994 0.99526775 0.701457 0.08985463 0.9745865 0.016823139 0.9655525 0.053295627 0.020289455 0.9991658 0.86703855 4.9416227e-05 1.9376956e-05 0.49443677 0.9866997 0.044171423 0.91542643 0.0002151045 0.99608004 0.12107695 0.00047278812 4.296277e-05 0.987501 0.7588973
0.98767316 4.8042802e-12 0.8492543 0.73825425 0.96452534 0.724862 0.020661362 0.008019355 0.29006356 0.008483875 0.23484652 2.1057649e-05 0.6975001 0.022134855 0.00027532 0.0076508382 0.006363862 0.0032404508 0.07065135 0.018516166 0.6463256 0.00025775644 0.0011740669 0.003970499 0.054440923 0.0013703905 3.796469e-05 0.96522486 0.016139565 0.09356813 9.760899e-05 0.009444574 2.7042193e-05 0.5844309 0.36009553 2.54428e-05 5.172478e-05 0.81655717 2.253299e-05 0.00031738466 1.8964405e-05 0.08361879 0.68637496 1.6474425e-05 0.020303382 0.047386147 0.003326228 0.00028947715 9.177372e-05 0.0653223 0.0013614771 0.8606341 9.410009e-05 1.6920087e-05 0.00013969728 0.77710223 0.15639931 1.1010498e-05 0.0031286483 0.32235286 3.192606e-05 0.00016655089 6.0960833e-06 0.00010420361 0.48617634 0.12974666 1.89302e-05 0.291248 0.04179874 4.773686e-06 0.010182621 0.00059290987 7.453349e-05 0.0014384687 5.615408e-06 0.06156975 0.04136061 0.00011182583 1.4439877e-06 0.5546627 0.14060964 0.01153457 0.0057085776 0.0029345627 0.00023516286 2.507734e-05 0.058209896 6.605263e-08 8.081261e-06 5.3983536e-06 1.7179951e-05 0.0013008371 0.0009454378 3.9904907e-07 1.7017783e-05 0.03743345 8.348983e-06 0.0011835038 2.2269836e-05 0.0009894109 7.232992e-06
0.9709592 0.8492543 6.743489e-14 0.96038824 0.89793926 0.8981129 0.81597584 0.9263234 0.5601588 0.3889874 0.4365061 0.07174628 0.2426825 0.000589058 0.42772692 0.0022964512 0.003968858 0.085414894 0.0337734 0.0017249554 0.93947023 5.7917572e-05 0.001142702 0.0019516058 0.29933456 0.06494664 0.012794293 0.6953342 0.41223043 0.0037885811 0.1933483 0.12764 1.234091e-06 0.5726397 0.3629307 1.405975e-05 4.446576e-05 0.22918347 2.8009084e-05 8.503598e-06 0.024577912 0.052432433 0.099933915 0.00075629354 0.00028833371 0.0011514897 0.008452012 0.0008646923 0.02351309 0.0048679737 0.022463046 0.13290952 3.9137426e-06 1.6772642e-06 3.762814e-05 0.48476973 0.28520644 0.0006770404 3.291071e-05 0.019734167 1.9395942e-05 4.1248542e-05 0.0012073216 0.0015379624 0.046704207 0.0009890732 0.0003890622 0.03076654 0.00027630533 0.00014307516 0.012078814 6.8330346e-06 1.6484772e-06 0.0022292968 8.762677e-08 0.12485887 0.022434726 2.400225e-06 1.8902156e-06 0.0038089484 0.008255166 0.009624906 1.62679e-05 0.006396088 0.0003417546 3.0947235e-06 0.08544409 2.4070996e-06 6.9163434e-08 4.0414625e-07 8.274224e-07 0.0006792791 0.026875103 1.5026478e-07 9.069597e-05 0.045150463 6.903582e-09 1.962679e-06 8.483217e-08 0.0016004699 2.0963394e-07
0.9634679 0.73825425 0.96038824 1.205999e-17 0.922546 0.48425293 0.8987862 0.7548237 0.9393202 0.9154564 0.8894306 0.03141802 0.22627318 0.0011342777 0.26039353 0.013694135 0.01923954 0.5137891 0.13890564 0.0020590331 0.18932973 0.00033855025 0.002521194 0.02368324 0.6417738 0.027409531 0.007958246 0.068066865 0.016901227 0.0005337828 0.009428938 0.0022647907 4.279627e-06 0.029035537 0.0022183715 9.863279e-05 6.998609e-05 0.004053454 0.00014940978 3.3588935e-06 0.0027389156 0.00018231884 0.004217605 0.00015797939 7.929635e-06 5.7859383e-05 0.09769135 0.0015388771 0.00069962 1.918014e-05 8.8280234e-05 0.0003701071 5.036558e-06 9.916153e-07 5.904244e-05 0.0013351954 0.5684914 1.5874879e-05 1.0746147e-06 0.00014372708 0.00010310538 6.0107694e-05 3.4055418e-05 1.3307462e-06 0.000119548684 6.3572493e-06 1.3704922e-06 7.83266e-05 7.9612283e-07 1.8265015e-06 3.5647696e-05 2.2462658e-07 1.7100965e-07 7.5361063e-06 1.7618863e-08 0.3099543 0.031519987 6.585575e-08 8.902686e-07 5.2660243e-06 5.1437037e-06 0.02616282 4.363797e-08 0.052298006 5.984521e-07 2.0445168e-09 0.18895969 3.6416986e-07 1.306201e-10 3.5281286e-10 2.1791195e-08 0.0064023985 5.5150895e-06 5.014009e-08 7.596388e-09 0.074694194 4.153054e-10 4.9741544e-08 8.2339746e-11 0.0067773294 2.0504178e-09
0.9952938 0.96452534 0.89793926 0.922546 7.363633e-11 0.907004 0.042873327 0.024570774 0.6470773 0.20921904 0.49240005 0.0005865008 0.44411215 0.015888078 0.0037039754 0.0055789906 0.009090903 0.037485752 0.03089319 0.007977174 0.49648637 0.00087021216 0.0023270615 0.0020722952 0.10153538 0.0025662584 0.00033465037 0.7061823 0.0335226 0.0143914465 0.0064727175 0.013832458 8.7075765e-05 0.2699058 0.25745377 0.00018329493 0.0001650779 0.6629614 0.00035857284 0.00015136976 0.0011593417 0.02120628 0.1634144 0.00014553104 0.0025430832 0.0037284682 0.015613514 0.00076343806 0.0006399426 0.005898976 0.0019261299 0.5533561 0.00031570622 0.00013535147 0.00021497736 0.15991426 0.21748419 2.89485e-05 0.00043774818 0.026267022 1.6048241e-05 5.4198576e-05 7.603797e-05 9.7583485e-05 0.080773264 0.0056004548 3.7535345e-05 0.03887415 0.002400407 1.1203906e-05 0.0013423101 0.00016790087 4.947347e-05 0.0001987065 2.508705e-05 0.06524344 0.043646496 0.00041998364 5.012245e-06 0.10924149 0.011467926 0.01688044 0.0004059131 0.0081203105 0.00030514086 4.930123e-05 0.060822435 3.6484528e-07 1.8014578e-06 9.99016e-07 2.4374081e-05 0.0032075692 0.0010073087 1.2110099e-06 5.3604936e-06 0.051090386 8.461391e-07 0.00025681325 5.744945e-06 0.0033619974 1.2969877e-05
0.9841959 0.724862 0.8981129 0.48425293 0.907004 1.7017672e-12 0.14263418 0.045247752 0.06587981 0.014889046 0.062415607 0.0009497304 0.08988101 0.00012458346 0.0036924265 0.0004236338 0.00041666007 0.0030213152 0.018588891 0.00016384199 0.9659459 5.4385664e-06 0.00010774666 0.0017914167 0.030062377 0.008351822 0.00016146546 0.8964807 0.118941985 0.0017154953 0.013750597 0.12462137 5.772446e-07 0.8279304 0.8076479 3.6359431e-06 7.1890277e-06 0.6852386 2.2115305e-06 2.747429e-06 0.00029469404 0.5008598 0.16541177 3.214554e-05 0.00067951175 0.003942209 0.0009231238 7.60796e-05 0.0031801288 0.01127915 0.026870765 0.73698455 7.0792424e-07 3.74032e-07 2.9813907e-06 0.89552295 0.1795297 5.7073612e-05 4.446173e-05 0.090325125 4.550029e-06 3.913463e-06 5.178554e-05 0.0010822635 0.37255538 0.012352002 9.790051e-05 0.40172902 0.004676714 8.101293e-06 0.09011383 4.3919226e-05 3.3843122e-07 0.02594327 4.3266286e-07 0.062300492 0.19433184 1.8704757e-06 1.2896723e-07 0.30205205 0.15815343 0.0054225414 0.00050623715 0.0023812216 0.008267004 0.0011463623 0.090665355 3.2416743e-08 5.697884e-06 2.8077013e-05 2.0462464e-06 0.00018838144 0.018742518 1.1478443e-08 0.00010586861 0.04111417 2.823253e-07 0.00022549232 2.5989215e-05 0.00028152985 3.697453e-07
0.89654046 0.020661362 0.81597584 0.8987862 0.042873327 0.14263418 4.1233528e-10 0.94728917 0.15324414 0.98469853 0.10755596 0.61676097 0.0022237177 1.1266958e-06 0.7653797 7.093766e-05 0.00043902398 0.775833 0.0014673751 2.6287968e-05 0.17736045 6.812214e-06 0.0002990914 0.00058229966 0.5724201 0.9641875 0.5605678 0.0041996585 0.2876263 1.8417788e-06 0.36391342 0.094339624 1.0924355e-07 0.0090242755 0.02864294 1.5574045e-06 3.6893904e-05 0.00059874466 1.7922316e-06 4.238997e-07 0.24382024 0.00046537613 0.00011745529 0.022149082 1.4192113e-06 3.438088e-06 0.026139643 0.0014006059 0.045413714 3.5969608e-06 0.015607694 2.1666932e-05 1.2180022e-06 4.7183295e-07 2.6648777e-05 0.0012575075 0.46709117 0.0007982779 4.4237652e-07 1.0458966e-05 1.7757722e-05 4.578804e-05 0.00756916 0.0008819861 4.9445924e-05 4.965484e-07 4.026175e-05 3.4895886e-05 1.5822748e-07 0.0011911957 0.00032048585 1.65106e-07 1.1642831e-07 2.2033695e-05 5.0074216e-09 0.24267688 0.0156017635 9.084442e-07 6.6541234e-06 8.439865e-07 7.707127e-06 0.025302537 4.9447547e-08 0.05613354 8.832398e-06 8.3642924e-08 0.19397193 6.945709e-05 9.062125e-11 4.1149484e-09 5.65952e-08 0.0025814034 0.0045537087 1.6107618e-06 2.7220416e-05 0.020769836 2.0706539e-09 1.8728024e-07 5.7252794e-09 0.010928776 3.9281012e-08
0.792313 0.008019355 0.9263234 0.7548237 0.024570774 0.045247752 0.94728917 1.2776213e-13 0.07087644 0.46720442 0.041078232 0.66172904 0.0019112353 4.801844e-06 0.99163204 0.000519349 0.0017184155 0.14621699 0.000828671 0.000103059174 0.7253888 2.5131088e-05 0.00032073352 0.000158147 0.07408825 0.84840983 0.65434426 0.01910236 0.77346295 1.23743375e-05 0.5498268 0.22212796 7.655976e-07 0.04975001 0.059344172 6.255604e-06 6.256067e-05 0.0038863614 1.2325919e-05 5.9503604e-06 0.25968084 0.0042442987 0.0008874268 0.009626884 1.0328758e-05 4.0059527e-05 0.0064287283 0.00023485962 0.18098475 2.456539e-05 0.05175345 7.423782e-05 2.3146158e-06 1.1034945e-06 1.2922492e-05 0.010668416 0.075832635 0.008383847 1.4957942e-06 0.00016877598 1.8375209e-06 2.8194296e-05 0.010117857 0.006718707 6.961758e-05 2.1313158e-06 0.00138611 0.00039195866 8.1031277e-07 0.0014543614 0.0027951552 1.114535e-06 1.7149632e-07 0.00010005446 7.101906e-08 0.021737445 0.005460002 5.9011245e-07 3.6240726e-06 1.5597826e-06 0.00012274159 0.0048004687 2.7847399e-08 0.005395961 4.3435255e-05 1.7846451e-08 0.018980715 0.00041501666 2.9557623e-09 7.21937e-09 6.7142383e-07 0.00015226613 0.015994994 1.4937599e-06 0.00016225966 0.006553977 3.0321419e-09 1.4381365e-07 4.776703e-09 0.00054249977 6.658462e-09
0.9299194 0.29006356 0.5601588 0.9393202 0.6470773 0.06587981 0.15324414 0.07087644 1.3848298e-14 0.5748621 0.996516 0.0017692589 0.09919918 0.0018438343 0.008548522 0.02321769 0.04028749 0.6504932 0.33439016 0.0041373353 0.008692033 0.0019505767 0.009125898 0.041771278 0.76797163 0.0007078969 0.0004712032 0.0104420595 0.0010386416 0.0020252566 0.0007367642 0.00080522243 0.0001779007 0.0042809434 0.0004867997 0.00046300888 0.00062433124 0.0030098492 0.00048438576 9.852656e-05 0.00029520682 0.00011333936 0.006405876 2.8785278e-05 4.4083008e-05 0.0002669455 0.8719068 0.0033821368 0.000103859944 0.0001433829 3.562289e-05 0.0010426803 0.00030733063 4.151461e-05 0.00027825846 0.0006611002 0.78137517 2.5904265e-07 1.3413616e-05 0.00022619296 0.00043623583 0.0010755396 2.8282682e-05 3.3377398e-07 4.1108266e-05 5.910167e-06 2.9530083e-08 1.9817728e-05 4.705018e-06 1.6960475e-07 1.7824214e-05 1.6854837e-06 1.8092045e-05 8.6349525e-07 5.1796746e-07 0.63716054 0.038886614 2.7132464e-06 5.5743207e-05 5.8873364e-05 3.8628914e-05 0.13237788 4.3816772e-07 0.36129704 1.1410281e-07 4.354358e-09 0.3929842 8.276263e-08 1.7342259e-09 6.566203e-10 2.3054193e-07 0.05540373 2.0139555e-06 2.671045e-07 4.0956058e-10 0.08978343 1.4282621e-08 1.0552246e-06 6.4164835e-10 0.05059686 2.9242037e-07
0.9068088 0.008483875 0.3889874 0.9154564 0.20921904 0.014889046 0.98469853 0.46720442 0.5748621 1.3801659e-13 0.58119625 0.096882895 0.0015694555 1.2500089e-05 0.14258969 0.00059597066 0.0042630383 0.98327196 0.005909609 7.178618e-05 0.00462388 4.031447e-05 0.001119817 0.0022513052 0.71658987 0.8750771 0.1683758 0.00094270526 0.0033235957 1.9027129e-06 0.0064949314 0.0026628352 1.658076e-06 0.0007783789 0.00036191387 2.4923605e-05 0.00018268291 0.00013781743 8.980185e-06 1.781246e-06 0.0034981086 2.1049618e-05 2.0266265e-05 0.0015231303 1.5386385e-07 6.0199187e-07 0.52037185 0.0016875804 0.00025210102 5.03497e-07 0.00010061192 3.0477509e-07 1.8563888e-06 1.3612764e-06 3.9407783e-05 7.966579e-06 0.60144526 9.6960985e-06 7.2749835e-08 1.495872e-07 7.108543e-05 9.9921235e-05 0.00042397855 1.1055732e-05 4.8344657e-07 3.4750904e-08 3.6527124e-06 4.6272808e-07 3.950912e-09 3.9853418e-05 1.8116e-06 9.897114e-09 2.6527053e-08 5.8150073e-07 2.3133675e-09 0.39398134 0.053334054 5.146922e-08 3.9003648e-05 1.089217e-07 1.9469773e-07 0.035803985 1.5577646e-09 0.1539627 2.4160066e-08 5.3450937e-09 0.25867954 4.7816006e-06 2.0681215e-11 1.4304144e-10 1.692668e-08 0.009345061 1.5255143e-06 1.5672605e-06 5.9860503e-09 0.03500853 7.502712e-11 9.749027e-09 2.4600774e-10 0.03123671 3.988862e-09
0.94460404 0.23484652 0.4365061 0.8894306 0.49240005 0.062415607 0.10755596 0.041078232 0.996516 0.58119625 6.8918256e-15 0.0010408602 0.087693565 0.0010681847 0.004366073 0.02717009 0.051483266 0.7329854 0.47405142 0.0036053422 0.0060635796 0.0018672225 0.009037823 0.04535205 0.88554066 0.0007857623 0.0005639032 0.0077858055 0.0006470925 0.0016126103 0.00023461203 0.0006187662 0.00010415712 0.002620727 0.00037110556 0.00039508427 0.0005383314 0.0023438616 0.00037117332 7.504159e-05 8.6297834e-05 6.4111046e-05 0.0054925727 3.279691e-05 3.672533e-05 0.0002544803 0.8979409 0.005786162 2.773858e-05 0.00015920521 2.1999742e-05 0.000524648 0.00024130227 4.5013127e-05 0.00029188223 0.00022901077 0.78255486 2.839925e-07 1.1762517e-05 8.587855e-05 0.0003829582 0.001019148 9.936054e-06 1.7743736e-07 6.244634e-05 9.278918e-06 1.9546145e-07 1.3202509e-05 1.12115795e-05 2.5883398e-07 3.4146915e-06 1.2737255e-06 1.2508434e-05 7.653749e-07 2.6129527e-07 0.63887304 0.050772626 9.157522e-06 4.2083804e-05 8.258536e-05 9.8557655e-05 0.13661999 1.908132e-06 0.34506682 8.1679e-08 4.115851e-09 0.33368987 3.5311197e-07 3.0035117e-09 1.3952928e-09 1.8549667e-07 0.06553504 1.2033116e-06 2.386085e-07 7.7948525e-10 0.1069276 1.5454658e-08 1.7875597e-06 7.6487094e-10 0.0602474 7.895711e-07
0.9859861 2.1057649e-05 0.07174628 0.03141802 0.0005865008 0.0009497304 0.61676097 0.66172904 0.0017692589 0.096882895 0.0010408602 3.310309e-13 1.1634924e-06 5.1575352e-08 0.72610784 4.7134407e-07 1.7116245e-06 0.01893695 9.005583e-07 9.249408e-08 0.29014048 3.3516457e-08 1.2521509e-06 9.018169e-08 0.02083409 0.78071666 0.90248734 0.00042206695 0.92284393 4.3387914e-08 0.956214 0.7607715 3.1435254e-09 0.0099799065 0.34075636 3.5585432e-09 1.9560615e-07 0.00032806283 9.276881e-08 5.050913e-09 0.9473192 0.027536904 9.793007e-06 0.43804166 6.660787e-07 6.2277974e-07 0.000721053 1.4154482e-06 0.7233069 5.1566525e-07 0.6601549 7.450258e-05 6.350226e-10 7.4657724e-10 3.624e-08 0.0029317793 0.044104524 0.031029282 4.7664024e-08 7.0663696e-06 6.128224e-10 1.8993934e-08 0.6428795 0.029005878 2.0443922e-05 6.216143e-07 0.008184678 0.00047852137 3.4466052e-07 0.29351422 0.0142184645 1.3728948e-07 3.377287e-09 0.00068976934 1.4926064e-08 0.007817743 0.010020678 2.5816715e-07 1.4753401e-09 4.0724594e-06 0.00020434929 0.0014776989 6.66609e-08 0.0021792757 5.8630416e-05 7.772047e-05 0.017244546 0.18476428 4.4711244e-09 3.187803e-08 2.3918219e-07 1.4654389e-05 0.02675181 1.054475e-08 6.565581e-05 0.0022738413 5.6039076e-09 5.848817e-07 2.5231504e-08 0.00011226287 2.0536321e-08
0.9928331 0.6975001 0.2426825 0.22627318 0.44411215 0.08988101 0.0022237177 0.0019112353 0.09919918 0.0015694555 0.087693565 1.1634924e-06 9.899727e-15 0.29568988 0.0001712936 0.14222223 0.014328744 0.0011213004 0.45903563 0.5520993 0.040195424 0.0077188425 0.006534617 0.12131081 0.046338435 0.0001376296 2.803458e-05 0.8495869 0.00012916929 0.89612824 6.573707e-07 0.0001601932 0.0018861777 0.04404221 0.0002878499 0.0008973504 0.0007645852 0.557051 0.00018513642 0.05880299 1.6829708e-07 0.00049285346 0.9642723 9.765834e-07 0.5337273 0.7565097 0.008515549 0.0030462956 9.101043e-06 0.73579365 0.00013091257 0.70501286 6.365655e-05 3.3677574e-05 9.178869e-05 0.15736 0.17054875 2.9224415e-07 0.15789755 0.7458114 0.00020122623 0.00018686039 5.276332e-07 1.7312334e-05 0.23869766 0.4314873 3.6064957e-06 0.03540698 0.44841537 4.2518618e-08 0.001205381 0.006704091 0.0003049707 0.0004271189 3.2097905e-05 0.14099154 0.021554193 0.00012700223 4.985132e-07 0.5027196 0.02858718 0.035649102 0.12717004 0.011253824 4.0562012e-05 1.2697976e-07 0.076040976 1.2179069e-08 0.0015057155 1.1690981e-06 4.0113588e-05 0.0037504989 4.6250396e-05 4.777953e-08 6.25692e-07 0.15491407 0.0012623413 0.0032849377 1.235368e-05 0.0035809616 9.246542e-06
0.9905619 0.022134855 0.000589058 0.0011342777 0.015888078 0.00012458346 1.1266958e-06 4.801844e-06 0.0018438343 1.2500089e-05 0.0010681847 5.1575352e-08 0.29568988 8.6462245e-13 8.10443e-08 0.050324414 0.0037570803 1.149827e-05 0.25309134 0.13493699 6.328834e-05 0.0013029672 0.00058434316 0.032390267 0.0013953802 3.3280394e-05 1.8210281e-08 0.06509572 1.1631067e-07 0.93965447 4.0214894e-09 8.5130505e-06 0.0011538515 0.00012258554 1.2414722e-06 0.0005272535 0.00029379243 0.0468142 0.00029456 0.0062522357 1.0535382e-08 1.2687603e-05 0.95339316 4.69906e-09 0.5380353 0.9192292 0.0018817992 0.0008899257 1.8971992e-08 0.7598137 1.7379125e-06 0.51572347 4.7608537e-05 1.3049231e-05 1.6960508e-05 0.00045685525 0.019943763 4.8213362e-08 0.18076958 0.8050779 3.4750956e-05 2.5301228e-05 1.0093434e-08 2.0562934e-06 0.037363403 0.7847823 6.0625007e-07 0.000748463 0.76538146 1.6948994e-09 7.209724e-07 0.0029677132 6.288925e-05 4.2172655e-06 3.333786e-05 0.027938932 0.016311727 0.00014111219 3.3993376e-07 0.7427887 0.0019220709 0.010969719 0.50151205 0.0042978157 3.2750322e-06 2.4603314e-06 0.019116072 3.5826515e-09 0.0052868803 2.3565552e-07 0.00013269203 0.0014335071 1.2196452e-05 1.2924068e-07 8.7872763e-07 0.028870322 0.06431056 0.009535898 3.119372e-05 0.0008440405 2.6934224e-05
0.7570161 0.00027532 0.42772692 0.26039353 0.0037039754 0.0036924265 0.7653797 0.99163204 0.008548522 0.14258969 0.004366073 0.72610784 0.0001712936 8.10443e-08 3.345306e-14 1.1365265e-05 2.978624e-05 0.024460271 2.5455422e-05 2.065872e-06 0.42767715 1.922416e-07 2.0109148e-05 9.149927e-06 0.020967575 0.7686008 0.97896117 0.0038407282 0.8222848 1.078728e-06 0.7992807 0.2030511 4.3916607e-08 0.009034367 0.01913158 1.588901e-07 2.127161e-06 0.00092861196 1.9893848e-07 1.5742869e-07 0.5997928 0.002393198 4.756134e-05 0.15169172 2.2579381e-06 3.4206205e-06 0.0014986513 2.9626939e-05 0.24534371 7.2657303e-07 0.1056586 8.968785e-06 1.8601163e-07 4.404823e-08 1.0348987e-06 0.0034729687 0.016949879 0.018452562 2.6948916e-07 2.6278947e-05 1.5896178e-07 9.699284e-07 0.051098738 0.011302251 1.4534857e-05 1.50474e-07 0.0046182014 7.249466e-05 5.2006342e-08 0.008972362 0.0028752822 3.916836e-07 3.2200953e-07 3.367234e-05 3.835387e-08 0.004652226 0.0023641828 5.2549393e-07 3.2136022e-08 1.6118537e-07 1.6814627e-05 0.00087841187 1.1523479e-08 0.0010611702 9.4593925e-06 1.5353061e-08 0.0069969217 0.00273499 3.9702408e-10 2.026715e-09 1.9573024e-07 6.7297233e-06 0.04952531 3.744485e-07 0.00024492442 0.00060975144 3.665989e-09 8.513594e-08 2.230067e-09 2.3812157e-05 3.9683954e-09
0.920904 0.0076508382 0.0022964512 0.013694135 0.0055789906 0.0004236338 7.093766e-05 0.000519349 0.02321769 0.00059597066 0.02717009 4.7134407e-07 0.14222223 0.050324414 1.1365265e-05 2.4881824e-15 0.98516506 0.00084628846 0.85911155 0.8516739 0.00033646196 0.9795068 0.843742 0.60509396 0.0101102805 4.051398e-06 3.5852208e-06 0.005274524 7.9842175e-06 0.24050748 5.132504e-07 2.114769e-05 0.36328822 0.00021234073 6.540493e-06 0.29539618 0.20395114 0.0017896306 0.06861309 0.21860959 8.8138854e-08 8.026811e-06 0.014563338 7.7984333e-07 0.050045483 0.017260825 0.08189896 0.087121084 2.5835864e-06 0.020506924 7.357447e-06 0.001149604 0.065617085 0.07423453 0.030392705 4.99973e-05 0.009572659 2.3563832e-08 0.061116938 0.0024209626 0.0040760306 0.013230228 6.7501594e-07 1.472345e-07 0.00012674366 0.0003355788 7.091543e-10 1.521748e-06 0.0024159115 5.9528262e-09 3.3316705e-06 0.019703522 0.023679594 1.2692789e-06 0.0028758415 0.02475704 0.0005538404 0.026480554 0.0015358159 8.413932e-05 5.7813186e-06 0.05296804 0.00021506185 0.01670689 5.212618e-07 1.0475125e-09 0.018529987 3.6891223e-09 3.2626344e-06 7.371901e-10 0.0004601079 0.022917487 1.5699885e-07 0.0006829866 1.0019404e-10 0.041455902 0.0001733443 3.1251557e-06 9.898619e-10 0.014353074 0.00026939812
0.8371921 0.006363862 0.003968858 0.01923954 0.009090903 0.00041666007 0.00043902398 0.0017184155 0.04028749 0.0042630383 0.051483266 1.7116245e-06 0.014328744 0.0037570803 2.978624e-05 0.98516506 5.2963068e-18 0.005159991 0.97629267 0.26433596 3.792304e-05 0.61304146 0.9584719 0.88059676 0.03077325 1.075775e-05 5.0092658e-05 0.0003969666 1.9315212e-06 0.0067562982 6.678444e-07 8.239329e-06 0.021422114 2.7180105e-05 1.4183148e-05 0.08310337 0.21531518 0.00023338955 0.010930695 0.009974045 7.1871426e-08 1.6770068e-06 0.00033145858 4.6178975e-06 0.002052716 0.00032433413 0.29123715 0.112747245 2.7249686e-07 0.00012218532 1.7440557e-06 3.078867e-05 0.01780787 0.0054877764 0.020791022 3.2069602e-07 0.01921823 3.0805025e-09 0.0018717832 2.7508008e-06 0.0074905036 0.016766705 2.590486e-07 1.3544016e-08 2.4696499e-06 3.423241e-06 6.1800622e-09 1.2285501e-07 8.741464e-05 2.361107e-08 2.0014268e-07 0.00035391623 0.0013059465 3.9509382e-07 8.533034e-05 0.0511225 0.00097487035 0.0029693455 0.00064659247 7.2104604e-07 5.3007607e-06 0.10819481 2.7170813e-06 0.051717717 4.873433e-07 2.496834e-08 0.016766071 5.039144e-09 3.068319e-08 1.7425359e-08 4.6118916e-05 0.041527603 1.06679705e-08 0.0001618316 5.6089416e-10 0.09480097 4.1780263e-06 3.6202053e-07 5.329874e-09 0.036140893 0.00012493836
0.95411825 0.0032404508 0.085414894 0.5137891 0.037485752 0.0030213152 0.775833 0.14621699 0.6504932 0.98327196 0.7329854 0.01893695 0.0011213004 1.149827e-05 0.024460271 0.00084628846 0.005159991 9.488202e-16 0.012328411 6.950234e-05 0.0013414846 7.187517e-05 0.0017433482 0.002533635 0.9793345 0.5469892 0.062947944 0.00019744824 0.0007882407 1.5787634e-06 0.00090429443 0.0004917337 5.539928e-06 0.00029074596 7.652348e-05 3.7966358e-05 0.00018598637 5.6109886e-05 3.0471556e-05 3.0379151e-06 0.0011628818 4.274634e-06 8.1499e-05 0.0005082389 1.1311255e-07 8.2358605e-07 0.6124263 0.0009449934 0.0005206801 1.618413e-06 4.2732507e-05 4.997103e-07 3.067912e-06 2.6025812e-06 5.247183e-05 8.435705e-07 0.8404108 4.3195646e-06 7.160474e-08 1.025872e-06 9.301643e-06 0.0001734806 0.0006418608 6.0024136e-06 5.0032884e-07 1.0841223e-07 5.184953e-07 1.4164588e-07 2.3965697e-08 1.6854572e-05 4.362999e-06 6.251805e-08 1.1552436e-07 3.8449994e-07 1.4927716e-08 0.3542966 0.093671516 1.5145156e-07 3.6848842e-06 2.521326e-07 2.5047558e-07 0.025474828 6.1284493e-09 0.14314975 1.9379161e-08 2.960063e-08 0.32712537 1.1283706e-05 1.9494399e-10 1.7033255e-09 5.484231e-09 0.0071730954 7.9616535e-07 4.4357586e-07 2.5733321e-08 0.025827097 2.68237e-10 7.698154e-09 7.3269457e-10 0.025842888 1.2157415e-08
0.9810711 0.07065135 0.0337734 0.13890564 0.03089319 0.018588891 0.0014673751 0.000828671 0.33439016 0.005909609 0.47405142 9.005583e-07 0.45903563 0.25309134 2.5455422e-05 0.85911155 0.97629267 0.012328411 3.7859573e-15 0.8130093 0.0024588327 0.5926465 0.830952 0.9281718 0.12854536 3.29297e-05 2.0553809e-05 0.036600035 8.4449865e-05 0.5407023 2.54599e-06 0.0005276187 0.35735014 0.0014234758 0.00019790766 0.23149925 0.0806221 0.014320882 0.06216178 0.2523358 9.55219e-07 0.0001312924 0.08666448 2.3735288e-06 0.13891394 0.07685311 0.7701708 0.21541525 1.1979507e-06 0.040163305 2.8831982e-05 0.021286843 0.023957618 0.046578884 0.026265355 0.00016434825 0.12570451 1.6715931e-07 0.12432911 0.009058165 0.00221433 0.0019894505 3.6488248e-07 2.329826e-06 0.0020774386 0.0027367447 1.1006803e-07 0.00014327711 0.007889807 1.7556937e-08 3.4089346e-05 0.012132474 0.013424995 2.7510803e-05 0.0015712588 0.3021723 0.005979247 0.0073371837 0.00075844064 0.0031523297 1.2727438e-05 0.5156689 0.0009284233 0.30164272 2.6815962e-07 6.478815e-08 0.19512202 7.443098e-09 2.7244023e-05 4.1266675e-09 0.00083104754 0.12221815 1.6838794e-05 8.904087e-05 1.03251146e-07 0.37450558 0.0024857144 6.7557565e-05 6.5229915e-09 0.12176811 0.0003202778
0.9877706 0.018516166 0.0017249554 0.0020590331 0.007977174 0.00016384199 2.6287968e-05 0.000103059174 0.0041373353 7.178618e-05 0.0036053422 9.249408e-08 0.5520993 0.13493699 2.065872e-06 0.8516739 0.26433596 6.950234e-05 0.8130093 5.888996e-17 9.7671145e-06 0.842713 0.1078456 0.7073866 0.0043483274 2.6747093e-06 1.5200678e-05 0.022877546 1.1388863e-07 0.8088523 5.9516454e-09 2.049332e-06 0.9335662 0.00022074953 4.6431322e-07 0.6247801 0.07072873 0.007010163 0.3777754 0.9671629 6.6353496e-09 1.024552e-06 0.031685337 1.1846776e-06 0.82251525 0.2389663 0.006583812 0.040174402 6.558687e-08 0.25146154 9.664705e-07 0.00034656085 0.049895074 0.33903396 0.02575142 3.735711e-05 0.02063136 5.4803198e-09 0.71174645 0.0064077764 0.019467285 0.018504197 1.1560624e-07 5.2132275e-08 0.0003460912 0.0031177052 1.5519468e-08 1.652648e-05 0.02235251 3.815563e-08 1.4885671e-07 0.70956886 0.47223225 4.5080614e-07 0.056629725 0.019789655 0.0010348883 0.48245147 0.0033161826 5.331507e-05 1.22228375e-05 0.04051239 0.0036916945 0.0035081299 3.535468e-08 5.191434e-09 0.010007383 1.1203162e-08 0.00019582425 3.2533671e-09 0.014764362 0.027445268 4.25118e-08 0.00029105472 2.7402685e-09 0.2996083 0.0018023971 1.8791941e-06 1.4525224e-09 0.0050615827 0.0021113534
0.9175361 0.6463256 0.93947023 0.18932973 0.49648637 0.9659459 0.17736045 0.7253888 0.008692033 0.00462388 0.0060635796 0.29014048 0.040195424 6.328834e-05 0.42767715 0.00033646196 3.792304e-05 0.0013414846 0.0024588327 9.7671145e-06 1.6532991e-16 3.9579736e-06 1.648431e-05 0.00035716777 0.0077101607 0.15381181 0.013232783 0.55467737 0.80495906 1.6172675e-05 0.1191362 0.7901736 3.3184077e-07 0.9803754 0.92416227 4.6225327e-06 2.1740329e-05 0.20583561 6.8254867e-06 4.3062337e-06 0.013585356 0.24693751 0.0042302706 0.0047469293 1.0100479e-05 5.1010593e-05 0.00018841198 8.7053006e-05 0.037891947 0.00025192797 0.18838812 0.010767091 6.657246e-08 1.9373553e-07 1.0166333e-06 0.6281364 0.03506903 0.0031927477 2.8182858e-06 0.003371905 2.1602489e-06 1.3460267e-06 0.00078911165 0.012884572 0.0080667315 0.0001540488 0.002081789 0.02731445 1.1336676e-05 9.568182e-05 0.14844713 6.938343e-08 1.3187842e-08 0.017408328 2.4978869e-08 0.016015312 0.042906452 2.4097064e-08 2.9773372e-07 8.895014e-05 0.0037053728 0.002780746 1.2196796e-06 0.0013449356 0.0010190684 0.00010328902 0.031836115 3.7326395e-06 1.6346389e-09 5.387936e-07 2.611924e-07 7.9875266e-05 0.0074120946 4.3576776e-07 0.00010993234 0.016276957 1.9250201e-10 4.6392813e-07 5.4059168e-08 0.0001777952 1.06892394e-07
0.9408077 0.00025775644 5.7917572e-05 0.00033855025 0.00087021216 5.4385664e-06 6.812214e-06 2.5131088e-05 0.0019505767 4.031447e-05 0.0018672225 3.3516457e-08 0.0077188425 0.0013029672 1.922416e-07 0.9795068 0.61304146 7.187517e-05 0.5926465 0.842713 3.9579736e-06 2.5611864e-17 0.8656719 0.7315392 0.0025451563 3.970622e-07 7.4571386e-07 6.69226e-05 9.8953066e-08 0.010494882 2.4761364e-09 2.0750366e-07 0.5809978 2.316199e-06 2.3082725e-07 0.9461137 0.9615979 5.121e-05 0.3010013 0.12722388 1.5240956e-09 1.5406208e-07 0.00018508469 2.17054e-07 0.0052218335 0.00043859272 0.032605026 0.4731031 2.5177373e-08 0.0005001294 1.6546679e-07 4.30761e-06 0.6764493 0.55277365 0.43567362 7.339303e-08 0.004419971 4.6306017e-10 0.0069622756 2.253831e-06 0.11906216 0.5143591 7.4081017e-09 3.4554384e-09 4.262009e-07 1.3784316e-06 3.313188e-10 1.8354612e-08 5.8379224e-05 1.8942874e-09 2.4259853e-08 0.008854795 0.020287659 3.4913008e-08 0.0033575518 0.023604479 0.00022141133 0.19848467 0.011709818 2.9624255e-07 5.1676384e-08 0.041017752 8.0663966e-07 0.018242283 1.952482e-08 4.2467918e-10 0.013842817 2.922469e-09 1.4888192e-08 1.3251875e-10 0.0001663247 0.075231686 1.03713145e-08 0.002188981 3.9146325e-11 0.09695427 8.0600175e-06 1.40016425e-08 9.3754664e-11 0.024503574 0.0010422628
0.92927784 0.0011740669 0.001142702 0.002521194 0.0023270615 0.00010774666 0.0002990914 0.00032073352 0.009125898 0.001119817 0.009037823 1.2521509e-06 0.006534617 0.00058434316 2.0109148e-05 0.843742 0.9584719 0.0017433482 0.830952 0.1078456 1.648431e-05 0.8656719 1.223273e-16 0.9648979 0.007710896 5.9650765e-06 1.27973735e-05 1.2858222e-05 1.0074624e-06 0.00070492533 1.9670762e-07 1.2470522e-05 0.021793406 3.7191867e-06 6.596601e-06 0.20669274 0.9509696 3.872175e-05 0.01606393 0.007599796 8.665827e-08 1.0358733e-06 6.5308595e-05 1.0560477e-05 9.5718504e-05 2.5999083e-05 0.31637195 0.8537073 4.1692914e-07 1.6841237e-05 1.249538e-07 1.3917228e-06 0.07816288 0.027813463 0.054639656 5.5224206e-08 0.028046073 1.8253357e-09 0.00017770976 5.871143e-07 0.10100414 0.13469175 8.780042e-08 4.155679e-09 1.1560537e-07 1.612887e-07 6.929541e-10 3.4006817e-08 1.2875813e-06 3.202953e-09 8.800346e-08 0.0002728939 0.00061522017 3.210343e-08 0.00017032647 0.10564845 0.0009494279 0.0013378294 0.008821114 1.6563052e-07 3.5325849e-07 0.20702949 4.675799e-08 0.07644909 9.788415e-09 1.8424531e-10 0.047859874 1.5780702e-09 1.3154869e-10 8.102609e-11 2.2623273e-05 0.1422011 1.7361919e-09 0.0005595864 1.244744e-10 0.31465203 2.2758456e-07 1.635697e-08 2.1983415e-10 0.08719577 0.00026883502
0.9938869 0.003970499 0.0019516058 0.02368324 0.0020722952 0.0017914167 0.00058229966 0.000158147 0.041771278 0.0022513052 0.04535205 9.018169e-08 0.12131081 0.032390267 9.149927e-06 0.60509396 0.88059676 0.002533635 0.9281718 0.7073866 0.00035716777 0.7315392 0.9648979 2.4480384e-14 0.02063994 7.0850147e-06 2.0016789e-05 0.0045142146 8.867322e-06 0.15784067 1.68247e-07 6.323892e-05 0.35468212 9.982143e-05 3.2866294e-05 0.36047712 0.31839082 0.0014832617 0.08324746 0.24919188 1.1986484e-07 2.4027591e-05 0.021605419 2.7636302e-06 0.03396962 0.014850374 0.68605596 0.65111184 1.2181003e-07 0.0077711437 1.692224e-06 0.001615521 0.17729913 0.14273025 0.07830368 4.8887112e-05 0.051168445 3.8961577e-08 0.042717945 0.00080184144 0.020001119 0.014744565 1.9631743e-07 1.2520411e-06 0.00025519554 0.0005793067 5.759532e-08 1.1166539e-05 0.0014488046 1.930729e-08 5.948262e-06 0.011617744 0.029348 1.3565703e-05 0.002738067 0.1231766 0.0023272657 0.012205029 0.006202672 8.357232e-05 4.1786575e-07 0.5139216 8.214278e-06 0.24842712 3.0302875e-08 1.2810138e-08 0.10752097 1.2567928e-08 5.233195e-07 1.3224921e-08 0.0018204866 0.24891827 1.4801636e-06 0.00029540734 9.126213e-08 0.5090464 0.00022360697 1.8431091e-06 1.6396663e-09 0.19035183 0.0014815759
0.98440015 0.054440923 0.29933456 0.6417738 0.10153538 0.030062377 0.5724201 0.07408825 0.76797163 0.71658987 0.88554066 0.02083409 0.046338435 0.0013953802 0.020967575 0.0101102805 0.03077325 0.9793345 0.12854536 0.0043483274 0.0077101607 0.0025451563 0.007710896 0.02063994 1.6296306e-12 0.025292525 0.018794801 0.0036326805 0.0047761137 0.00083226303 0.004013343 0.0010431081 0.0002154515 0.0010760054 0.0015714573 0.0004998257 0.0016616617 0.00075085723 0.00096017745 0.00018920624 0.00252551 9.113954e-05 0.004407738 0.00083219085 1.9127114e-05 0.00014900394 0.83375424 0.011696989 0.00020612925 8.7836735e-05 3.6302285e-05 0.00010292059 0.0008781668 0.0005787103 0.0014504815 0.00022293051 0.9246969 6.311592e-06 7.5964945e-06 0.00055951247 0.00049586984 0.001593509 0.00047533732 7.2517373e-06 0.00015109948 2.690873e-05 1.9870174e-06 0.000208398 6.147603e-05 2.1399788e-05 3.774714e-05 1.3911435e-05 5.2911822e-05 1.8301364e-05 2.4268165e-06 0.62048846 0.092324466 1.7199296e-05 9.5696414e-05 1.0542494e-05 1.0339136e-05 0.12548113 7.536252e-07 0.2570374 5.1356746e-08 4.857314e-07 0.3869739 2.4335593e-05 1.7497666e-08 9.642347e-08 8.090931e-06 0.023859402 3.233232e-05 1.1274261e-05 5.0897177e-07 0.09194677 1.7207046e-08 1.8666685e-07 5.1217124e-09 0.07015065 5.01181e-06
0.9996323 0.0013703905 0.06494664 0.027409531 0.0025662584 0.008351822 0.9641875 0.84840983 0.0007078969 0.8750771 0.0007857623 0.78071666 0.0001376296 3.3280394e-05 0.7686008 4.051398e-06 1.075775e-05 0.5469892 3.29297e-05 2.6747093e-06 0.15381181 3.970622e-07 5.9650765e-06 7.0850147e-06 0.025292525 5.8121324e-10 0.14785634 0.0002405427 0.8642253 3.4340576e-06 0.53107405 0.16782428 1.0497444e-06 0.00035137846 0.0035865202 3.5635253e-07 4.950656e-07 4.9696104e-05 1.2375034e-05 6.2745715e-07 0.043899238 0.0013809134 5.0964838e-05 0.014953615 1.2750849e-05 1.1319532e-05 0.00043916257 9.2959266e-07 0.03704968 2.8334043e-06 0.024259033 8.259993e-05 2.233298e-07 2.82248e-07 1.4363582e-06 0.00024909503 0.03247315 0.00035390645 2.5472725e-06 1.05024255e-05 1.1900482e-08 1.0179241e-07 0.0021818918 0.0003433555 9.431706e-05 6.1310893e-06 9.146921e-05 0.00029874532 3.8394605e-06 0.0010267583 0.00015087471 1.4266647e-07 1.1349873e-07 7.324463e-05 2.3701415e-07 0.00467323 0.08472184 1.5437498e-06 9.361629e-09 8.438449e-05 9.462229e-05 0.00048325278 5.2034346e-07 0.0010221938 7.316895e-05 8.259095e-05 0.028310323 0.00046568603 8.906001e-08 5.100952e-07 2.545143e-06 3.911864e-05 0.0003268527 9.409228e-09 2.6525424e-05 0.0008197856 2.2157039e-08 2.6797957e-06 4.293776e-06 1.9205729e-05 1.00152725e-07
0.98783016 3.796469e-05 0.012794293 0.007958246 0.00033465037 0.00016146546 0.5605678 0.65434426 0.0004712032 0.1683758 0.0005639032 0.90248734 2.803458e-05 1.8210281e-08 0.97896117 3.5852208e-06 5.0092658e-05 0.062947944 2.0553809e-05 1.5200678e-05 0.013232783 7.4571386e-07 1.27973735e-05 2.0016789e-05 0.018794801 0.14785634 2.6377137e-13 0.00037832535 0.05523533 4.210911e-06 0.27369073 0.0023637954 2.1021522e-06 0.0007073928 0.00086557184 1.1287461e-05 5.1062457e-06 0.0002731832 1.9738431e-07 3.2810847e-06 0.8792059 5.268639e-05 4.447102e-05 0.96616584 3.7065544e-07 4.4254068e-07 0.00041025 5.7006996e-06 0.14505845 6.2393084e-08 0.0018639658 6.181943e-07 6.334953e-08 1.3402426e-07 3.780907e-07 3.9150436e-05 0.038392235 0.010086613 2.120855e-08 8.3706317e-07 4.4529983e-08 5.5794662e-06 0.3115322 0.0007757008 4.5697305e-07 1.9432396e-07 0.00076669216 3.2970536e-06 3.6641714e-09 0.03996564 0.0009776971 9.332919e-10 7.9951434e-08 2.239496e-05 5.087854e-07 0.006279532 0.0030311842 1.3040224e-07 6.021319e-09 6.5878277e-07 1.1431634e-06 5.6449262e-05 2.6692243e-07 0.0006147938 3.937162e-08 3.760507e-07 0.021906102 0.016258635 1.1409893e-10 9.4702095e-09 6.277818e-08 8.962056e-06 0.00030098791 5.622722e-08 7.669023e-06 1.489982e-05 8.6722456e-11 6.6503767e-09 1.9716707e-10 9.625043e-05 1.4157019e-08
0.9069709 0.96522486 0.6953342 0.068066865 0.7061823 0.8964807 0.0041996585 0.01910236 0.0104420595 0.00094270526 0.0077858055 0.00042206695 0.8495869 0.06509572 0.0038407282 0.005274524 0.0003969666 0.00019744824 0.036600035 0.022877546 0.55467737 6.69226e-05 1.2858222e-05 0.0045142146 0.0036326805 0.0002405427 0.00037832535 3.597469e-17 0.0023629717 0.033347964 2.1122252e-05 0.0011479661 9.093317e-05 0.94819367 0.009670634 9.491078e-05 5.103862e-05 0.9846334 0.0001122332 0.0008216175 4.5073157e-06 0.0016822962 0.49488312 0.00021776033 0.005780757 0.014214471 0.0012278932 0.00025105302 5.9694157e-05 0.07753555 0.00015747771 0.4672769 3.4148254e-06 7.0166966e-06 5.4425045e-06 0.30774885 0.031947855 1.2089912e-05 0.0004743752 0.512645 2.7090977e-05 3.7418366e-05 8.153402e-06 5.1884654e-05 0.2485317 0.040895108 5.50515e-05 0.1114405 0.016423192 1.7051152e-05 0.0051087495 0.0005172764 2.9126822e-06 0.0013592225 3.220152e-06 0.03745778 0.15282664 5.868613e-07 3.9489137e-06 0.030838165 0.021852603 0.006661359 0.004561252 0.006762616 2.2834497e-06 8.0350014e-07 0.044528898 1.3094834e-05 1.2345506e-05 2.1560543e-06 9.067412e-06 0.0007030981 1.243039e-07 2.0728642e-06 2.3454982e-06 0.021570705 2.1573591e-07 5.6055705e-05 4.926868e-06 0.001176318 8.945383e-07
0.9162787 0.016139565 0.41223043 0.016901227 0.0335226 0.118941985 0.2876263 0.77346295 0.0010386416 0.0033235957 0.0006470925 0.92284393 0.00012916929 1.1631067e-07 0.8222848 7.9842175e-06 1.9315212e-06 0.0007882407 8.4449865e-05 1.1388863e-07 0.80495906 9.8953066e-08 1.0074624e-06 8.867322e-06 0.0047761137 0.8642253 0.05523533 0.0023629717 3.2051401e-13 3.115984e-08 0.98224425 0.9629106 8.433702e-09 0.027025675 0.30242288 5.545885e-08 8.6261707e-07 0.0011086464 6.215391e-07 1.47634305e-08 0.2775508 0.011713365 6.3494513e-06 0.021675602 8.715006e-08 4.811904e-07 0.000112891794 2.9363725e-06 0.84485793 1.4770332e-06 0.6676906 1.1489802e-06 3.7988226e-09 7.1161663e-09 1.5530372e-07 0.042995024 0.027497528 0.052037932 4.0390486e-08 4.763417e-06 3.3536458e-07 8.164629e-08 0.010868487 0.073479034 2.8904997e-05 2.7140473e-07 0.024629613 0.00077614596 7.2820874e-09 0.0018798064 0.016324278 1.822616e-08 6.9528854e-09 0.0023862731 1.4322231e-08 0.008008247 0.01529654 1.5835323e-07 1.1153681e-07 1.1545877e-06 0.00013622259 0.0012561142 5.7740614e-08 0.00094561855 0.00046469225 3.58539e-05 0.023074722 0.0006404908 1.0446788e-10 1.294044e-08 2.3333425e-07 1.8333594e-05 0.106279254 8.236045e-08 0.0005349998 0.0040490595 6.5028476e-11 4.0130877e-07 1.2899576e-09 0.00020560836 2.8635847e-08
0.91230357 0.09356813 0.0037885811 0.0005337828 0.0143914465 0.0017154953 1.8417788e-06 1.23743375e-05 0.0020252566 1.9027129e-06 0.0016126103 4.3387914e-08 0.89612824 0.93965447 1.078728e-06 0.24050748 0.0067562982 1.5787634e-06 0.5407023 0.8088523 1.6172675e-05 0.010494882 0.00070492533 0.15784067 0.00083226303 3.4340576e-06 4.210911e-06 0.033347964 3.115984e-08 1.7189615e-17 1.1896595e-09 4.5595618e-07 0.17023958 8.616018e-05 1.862836e-07 0.01988771 0.00052375864 0.009522898 0.00585607 0.59395075 6.389018e-10 2.6672853e-07 0.5330379 2.915624e-07 0.9862596 0.9255668 0.00063170574 0.0013725898 1.0747745e-08 0.8341805 1.3022371e-08 0.008664167 0.0005701146 0.000645121 0.00021312771 4.2917844e-05 0.008263268 1.6301904e-08 0.70258504 0.101308264 0.00035246485 9.641892e-05 3.3938388e-08 4.9335252e-08 0.004103878 0.060558252 3.0237633e-08 0.00036791322 0.26836142 1.8870187e-08 2.6765466e-08 0.04991926 0.0056959884 2.1089039e-07 0.0014653369 0.024322825 0.002184789 0.000307856 5.4257393e-06 0.0026406168 6.0459708e-05 0.02776016 0.020404186 0.010453688 1.18595365e-08 1.1464895e-09 0.019071197 4.974396e-10 0.0011119521 4.5401745e-09 0.00084407744 0.0018009383 1.2823723e-09 7.0419594e-07 8.266679e-10 0.09753557 0.002724717 0.00013181154 6.7655628e-09 0.00090422103 5.537211e-05
0.9278151 9.760899e-05 0.1933483 0.009428938 0.0064727175 0.013750597 0.36391342 0.5498268 0.0007367642 0.0064949314 0.00023461203 0.956214 6.573707e-07 4.0214894e-09 0.7992807 5.132504e-07 6.678444e-07 0.00090429443 2.54599e-06 5.9516454e-09 0.1191362 2.4761364e-09 1.9670762e-07 1.68247e-07 0.004013343 0.53107405 0.27369073 2.1122252e-05 0.98224425 1.1896595e-09 2.0197032e-13 0.5071812 1.0916117e-09 0.0024327163 0.16295196 9.2958413e-10 7.994362e-09 4.6630346e-05 2.6320919e-08 1.6808042e-10 0.93830657 0.010564663 1.1949287e-07 0.25211015 1.11325065e-08 4.090036e-08 4.7661008e-05 9.403419e-08 0.9510678 5.8136457e-08 0.6490106 2.1187498e-07 7.2041395e-10 3.334483e-10 5.181512e-09 0.0021597764 0.0132156825 0.12514347 3.061635e-09 1.5476849e-07 1.2478879e-08 2.4065772e-09 0.23712322 0.13261312 9.163982e-07 3.8647165e-08 0.04202338 7.247724e-05 3.731904e-09 0.13800244 0.02143887 5.4409295e-09 3.475526e-09 0.0029008663 4.234435e-09 0.003017805 0.009631425 6.6941084e-08 4.6607314e-09 1.3217614e-07 8.246043e-06 0.0001806974 4.7327546e-09 0.00038249884 0.00026350608 0.00040270586 0.008658838 0.22512525 7.195677e-11 8.589582e-09 6.3706864e-08 7.802086e-07 0.41865888 1.04511635e-08 0.0018135501 0.001359695 1.9660341e-10 4.2768096e-07 7.530989e-10 2.2409724e-05 4.324341e-08
