5.4871592e-17 0.7739205 0.8521379 0.934892 0.80256 0.96004 0.9492128 0.9503728 0.68484265 0.972264 0.9275717 0.6081637 0.7789246 0.825714 0.9900871 0.98725134 0.2425197 0.58654535 0.9567174 0.97233 0.8024989 0.10717959 0.14971612 0.8829768 0.94428617 0.97869015 0.17934053 0.19451278 0.99219614 0.9709806 0.9163045 0.8542358 0.4890047 0.6992128 0.2135613 0.06467547 0.766488 0.9113855 0.9717793 0.97878814 0.9536436 0.82413113 0.1805229 0.76075584 0.19550896 0.77655137 0.990448 0.8739222 0.0012903583 0.94642776 0.982211 9.431823e-05 0.95406413 0.96805745 0.046677213 0.98709196 0.9810986 0.5992407 0.96133214 0.00028812757 0.90718895 0.95383346 0.04850951 0.9696636 0.82256556 0.99837023 0.6720793 0.99490654 0.87146795 0.047526967 0.95371836 0.025370477 0.87422025 0.65132993 0.07419638 0.99896294 0.81043684 0.9427574 0.8650374 0.95832616 0.88613695 0.728062 0.9994681 0.79890025 0.9999001 0.015751537 0.9543425 0.0036537058 0.0010327514 0.18937914 0.6319046 0.8747164 0.99919313 0.9867174 0.110156685 0.9998019 0.998903 0.013805475 0.00747659 0.99994004 0.000104915285
0.7739205 1.5011557e-14 0.9937793 0.34067282 0.9682362 0.032118227 0.021426843 0.94150037 0.015536255 0.46693435 0.029400304 0.010432061 0.4853481 0.0066589965 0.0005995578 0.0018319612 0.010753258 0.001191723 0.0012661875 0.91030645 0.16558693 0.007569069 0.0029544341 0.516664 0.69957995 0.00022861059 0.24758776 0.0021380908 0.050141726 0.0045597707 0.017344074 0.017774181 0.030245962 0.0019126219 0.0063283932 0.0069886683 0.001881433 0.0012659406 0.1556925 6.753773e-05 0.0010375779 0.0011675963 0.021911336 0.00071119977 0.00080762187 2.8284328e-05 0.005032105 0.030105684 6.210997e-06 0.00010088931 8.3131035e-06 1.13544644e-07 0.0044572204 1.0015952e-05 0.045041706 0.006366402 0.15838028 6.217697e-05 0.00013083966 0.014187723 0.00034577446 0.005438308 3.9222696e-06 6.691555e-06 6.4036713e-06 0.009885669 8.42406e-08 0.5851826 2.364972e-06 3.832788e-06 0.00031697267 8.4947295e-08 0.0012492383 7.497872e-05 9.456112e-09 0.0004981913 3.862403e-08 0.00054150063 1.2189416e-07 6.5417526e-06 1.9384836e-06 1.319998e-05 0.0054384423 6.1149694e-07 0.00011761883 3.0908252e-09 0.0144424895 8.3255264e-10 0.00019747368 7.023964e-05 3.7490538e-06 0.0012253553 0.00046087833 2.862213e-05 2.3749743e-07 0.003858521 5.6842043e-07 2.7190703e-11 0.0014909165 0.039961345 9.767213e-05
0.8521379 0.9937793 6.3692782e-15 0.98849946 0.5584369 0.15714063 0.20618102 0.83611965 0.07969527 0.039809875 0.30061597 0.029868416 0.11251512 0.020638356 0.0012156571 1.0790454e-05 0.00020970484 3.6955917e-05 0.0040244195 0.8119326 0.61575663 0.00032525347 9.802374e-05 0.10779343 0.4604975 0.0002477489 0.076128386 1.5621712e-05 0.16293675 0.009484582 0.001451033 0.0003838877 0.112563565 0.0063504395 0.015706452 0.02162416 0.000104421386 0.00013672315 0.184631 0.00015905862 2.8654495e-05 0.00010199886 0.06757821 2.3050874e-05 5.072075e-05 8.3370753e-07 0.006257207 0.010686057 1.8686768e-06 1.8717589e-06 2.8316714e-05 3.60275e-09 0.0004685285 3.8609633e-06 0.116747186 0.016461499 0.10832193 0.0012857028 8.014019e-05 0.029936016 0.00018196375 0.0065497872 0.00018943753 4.3347095e-06 1.4156095e-05 0.0047185323 3.8073208e-07 0.4087941 1.1707707e-06 6.268424e-05 2.2256927e-05 1.750264e-08 0.0016274 1.5431575e-05 9.623033e-07 0.00012282543 6.7247825e-08 4.6263805e-05 5.4349478e-08 9.424881e-07 1.8095918e-08 0.00032653115 0.0009032394 4.3915668e-07 1.9804407e-05 7.424241e-09 0.023082042 1.0046487e-09 0.0014261389 4.6678135e-05 4.853753e-07 0.0006441331 0.0010888329 2.0222562e-06 4.0170585e-07 0.0025778275 1.7024988e-07 2.736625e-11 0.0065439115 0.041191213 0.0020708686
0.934892 0.34067282 0.98849946 1.3633185e-14 0.05329173 0.9596069 0.88304037 0.36835483 0.92137784 0.0025674617 0.8865202 0.4283984 0.008318151 0.08155312 0.02829179 2.8994402e-06 0.00014707066 1.4835929e-05 0.036503963 0.46626693 0.7047189 0.00014034625 2.7770875e-05 0.009915018 0.18068673 0.0009966934 0.031330466 1.7406317e-05 0.41866118 0.026992938 0.0003018828 0.00029012855 0.28219873 0.020709716 0.07790604 0.0997775 4.475907e-05 4.7534177e-05 0.16854158 0.00031281498 7.588414e-06 7.269814e-05 0.07518919 5.423613e-06 2.1601047e-06 4.4453589e-07 0.014364666 0.005465933 5.2639786e-07 5.253877e-07 8.386158e-05 1.4307924e-08 0.00018146934 4.585134e-06 0.14071728 0.014412005 0.05728778 0.0068494086 5.9897568e-05 0.009458505 7.753384e-05 0.0052533066 0.000687205 2.0684465e-06 7.658732e-06 0.0012613822 2.5281772e-06 0.033561353 4.6490962e-07 2.406566e-05 2.9514053e-05 9.565175e-08 0.001696098 1.1936924e-06 1.9096426e-06 6.2714375e-05 2.799389e-07 1.711983e-05 2.9068048e-08 7.873982e-08 5.7246602e-08 0.010639692 0.0004499549 7.867618e-08 2.2491255e-05 2.6052852e-08 0.024726598 3.9237916e-10 0.0008305468 9.217083e-06 2.7222958e-07 0.00047897495 0.0012646 7.4018305e-07 4.710686e-07 0.0064960336 3.8318572e-07 1.0942268e-11 0.0055385497 0.0430998 0.0036480115
0.80256 0.9682362 0.5584369 0.05329173 3.2691352e-13 0.002455703 0.0027799823 0.8979549 0.001296874 0.96218526 0.007287244 0.00086462055 0.982727 0.0008097396 0.00012841489 0.024797665 0.3826314 0.05077075 0.0001706144 0.8745047 0.08756046 0.38147774 0.13874267 0.59483045 0.7155776 4.2306372e-05 0.6595678 0.3630728 0.017684495 0.0010721759 0.093539506 0.075361215 0.016117193 0.0003817483 0.0016232512 0.002586677 0.0032900572 0.0022492406 0.02793147 2.463305e-05 0.010321056 0.006084927 0.009411854 0.0006649503 0.001385572 5.1624294e-05 0.0015187311 0.033296604 8.5331725e-05 0.0003502573 5.4664897e-06 9.713465e-09 0.0031342744 1.3241196e-05 0.022361249 0.0012125418 0.39245382 1.6219166e-05 3.5217203e-05 0.01503478 6.177087e-05 0.0019442695 4.86536e-06 3.3310287e-06 2.0281955e-06 0.005849423 6.405188e-09 0.87113523 1.1299206e-06 7.153922e-06 0.00056362385 2.649089e-07 0.00035991755 1.5239505e-05 4.2123793e-09 0.0007128896 5.788824e-09 0.00056428724 8.353195e-08 1.9651206e-07 7.163326e-07 4.7255185e-06 0.008156914 2.2833633e-07 0.00020872639 4.3318202e-08 0.005097799 9.342845e-09 2.0642641e-05 3.987982e-06 8.255701e-07 0.0005357683 0.0015374081 1.2290786e-05 2.1802951e-07 0.0011239415 1.7194433e-06 1.2195521e-09 0.00017542377 0.02929858 0.00028774916
0.96004 0.032118227 0.15714063 0.9596069 0.002455703 1.0500134e-12 0.9276287 0.032029722 0.96446216 0.00010877944 0.9527674 0.45634344 0.0007743272 0.09317352 0.5750671 3.632846e-07 6.99616e-05 8.370149e-06 0.18224841 0.057735365 0.7728078 1.218764e-05 3.2529688e-06 0.00095783576 0.0070817755 0.033467874 0.006221529 8.115281e-06 0.5427001 0.06606025 3.0717547e-05 1.937398e-05 0.61194414 0.12107168 0.1637242 0.20036672 3.7077757e-06 6.206615e-06 0.054460127 0.016507067 2.0702819e-06 4.185644e-06 0.1410636 7.883582e-07 1.7604259e-07 3.2801804e-08 0.033720378 0.00047022666 4.688778e-07 1.16248906e-07 0.0012513745 1.2901058e-08 8.801018e-06 1.0516692e-06 0.17852817 0.0077511817 0.004766051 0.022245003 2.0600317e-05 0.0034791993 9.4964016e-05 0.0022069893 0.0017903382 8.970128e-06 0.00010006028 6.633547e-05 6.3652005e-05 0.0024431404 2.767874e-06 5.6398567e-05 6.1656956e-06 9.1996334e-08 0.00096552033 1.0123937e-06 5.5803494e-06 3.9071103e-05 2.9469263e-06 1.2584779e-06 4.4422865e-07 8.155492e-08 3.7865558e-08 0.2897761 8.243912e-06 3.713558e-08 4.246282e-06 1.6806571e-06 0.0045553655 1.6284563e-08 0.003523237 3.2960413e-06 1.8343282e-07 0.00011238691 0.00082293805 6.93365e-07 2.3588118e-06 0.0012053252 8.8749994e-07 7.725921e-10 0.02433513 0.010612817 0.0049425303
0.9492128 0.021426843 0.20618102 0.88304037 0.0027799823 0.9276287 1.1623388e-12 0.351334 0.061208136 1.7015656e-05 0.74388343 0.0068451995 0.00042698387 0.0023372634 0.4765795 1.147119e-06 1.49404e-05 2.3734813e-06 0.0034287318 0.30189556 0.9885843 3.1612133e-06 5.964652e-07 0.00019788936 0.017080292 0.0005064332 0.00663352 8.843705e-07 0.18458991 0.011247951 6.6537054e-06 6.098308e-07 0.9472547 0.045339625 0.29975528 0.5057944 6.2988113e-07 4.9754806e-07 0.0036848898 0.00026179155 2.2566614e-06 3.0529702e-07 0.6868075 1.8321568e-07 5.0125937e-08 3.1886223e-09 0.0060811643 8.382232e-05 4.0477502e-07 2.3698643e-08 1.1153395e-05 3.9329404e-10 9.63906e-07 7.683412e-09 0.7799625 0.0006202092 0.0043496857 0.011686112 1.0698374e-06 0.09232401 6.419012e-06 6.645166e-05 0.00066851644 7.7596e-08 5.8691952e-05 1.1736627e-06 5.048657e-06 0.012514886 1.4626792e-06 3.817372e-06 8.837934e-06 3.11135e-07 0.00026611128 1.0108227e-05 2.1839493e-07 1.5876574e-05 1.0757656e-07 9.0173484e-07 2.1655158e-07 1.0087198e-08 4.429669e-08 0.36674523 8.9245833e-07 1.1361173e-08 2.3117116e-07 4.3783666e-06 0.0009497938 9.327821e-08 0.028691076 2.155018e-08 1.6777667e-06 3.2446378e-06 9.977956e-05 1.830186e-08 8.76411e-09 1.8921517e-05 6.875575e-10 1.3317457e-09 0.28087205 0.0058577103 0.15026812
0.9503728 0.94150037 0.83611965 0.36835483 0.8979549 0.032029722 0.351334 2.906055e-09 0.0031075252 0.21717167 0.021268321 0.0012802483 0.83950764 0.000923805 0.00023160689 0.00026322601 0.0034152165 0.0007707076 0.00037514736 0.9907397 0.9244844 0.03264137 0.00039650354 0.13890335 0.47260648 0.00020977625 0.66946286 0.0006187627 0.0036651527 0.00036820932 0.002528585 0.0004549539 0.43488732 0.0007074258 0.001725083 0.0043500196 0.00012572891 0.00031512024 0.026492018 0.00021204569 9.050924e-05 0.00033747163 0.59630775 1.4687688e-05 5.5003795e-05 1.9557969e-05 0.00080101064 0.014981478 1.4389132e-05 1.5674794e-05 0.00010800652 1.7986995e-09 0.0007932862 9.833257e-06 0.5895782 0.0017801935 0.104148984 7.725647e-05 1.5958532e-05 0.06728144 3.756009e-05 0.004161845 4.9382685e-05 1.6334617e-06 3.8635175e-05 0.0041672345 5.0304273e-08 0.66434467 2.4816922e-05 2.4065466e-06 9.1982256e-05 2.845882e-05 0.00058718043 0.00027093527 5.725045e-07 0.00013772809 2.0259201e-06 2.9486791e-05 3.7375565e-07 8.8746994e-08 3.0021845e-06 4.2974814e-05 0.0009393767 1.6934148e-07 4.4188404e-05 8.523498e-06 0.0064160223 1.1253818e-07 0.000225861 2.2860739e-07 3.0206496e-05 0.0002666931 0.00026092416 6.6869748e-06 2.194907e-07 0.0013104685 1.410938e-07 8.057262e-09 0.010834698 0.03789878 0.009392025
0.68484265 0.015536255 0.07969527 0.92137784 0.001296874 0.96446216 0.061208136 0.0031075252 1.27249395e-14 4.737596e-05 0.91718256 0.98601 6.385221e-05 0.5882875 0.82390636 3.606394e-07 1.7836457e-05 5.048385e-07 0.95597017 0.015092236 0.035784654 2.9412618e-07 1.7829764e-06 0.0017659611 0.014074293 0.031620786 0.00054239196 6.8849164e-07 0.5729901 0.2971703 7.7511286e-05 1.5660675e-05 0.03149237 0.049800046 0.026180092 0.015100268 8.42222e-06 4.8563343e-06 0.24281809 0.009546117 2.4261637e-06 4.8059674e-06 0.00043352638 1.6613936e-06 3.1559404e-07 1.0280368e-07 0.09986793 0.001250997 4.4456407e-08 3.2846054e-07 0.0031768808 1.7379329e-11 4.129506e-05 3.7424755e-07 0.00159398 0.07787034 0.0052854302 0.0042097913 0.0035013296 5.195923e-05 0.0021770687 0.0032788422 0.0002635737 0.00039594542 0.00010618267 0.00016624336 2.183714e-05 0.00042767037 5.9411723e-05 0.0001525353 1.453652e-05 5.8964154e-09 0.00832693 7.406141e-08 5.2325586e-06 9.373086e-06 4.1583103e-06 2.710015e-07 1.0244212e-06 7.1404597e-06 4.1523514e-09 0.004459946 1.7423059e-05 4.9576506e-06 3.2386033e-06 1.1658532e-07 0.012434208 2.5580247e-08 6.532716e-05 0.00035529566 8.672754e-08 0.0047408715 0.0040386505 3.892598e-07 1.9575376e-05 0.0046878573 2.225196e-05 8.643224e-09 3.141125e-05 0.0059336103 7.741101e-06
0.972264 0.46693435 0.039809875 0.0025674617 0.96218526 0.00010877944 1.7015656e-05 0.21717167 4.737596e-05 1.1541152e-14 1.8496496e-05 8.535737e-05 0.71469164 9.241557e-05 1.09369585e-05 0.88077766 0.95666724 0.8750677 7.829035e-06 0.66055804 0.004734536 0.17977037 0.6368875 0.82485425 0.7588363 4.140627e-07 0.14458643 0.45526296 0.0033315532 4.8776878e-05 0.7163741 0.8405147 0.00036964784 7.262018e-07 1.193207e-05 9.13927e-06 0.13599132 0.022148624 0.014863184 3.3031165e-07 0.59862196 0.16993338 0.00025091777 0.04623828 0.00897406 0.006233585 0.00019290508 0.13650522 0.0008750845 0.018593645 3.7007034e-08 1.3133684e-06 0.03564436 0.00065905554 0.0012582536 0.00038325178 0.74655706 4.2394132e-07 3.3666046e-07 0.00032725287 1.1942617e-06 0.0015282265 1.2535483e-07 5.7284716e-08 3.2975127e-08 0.040124137 3.2247403e-08 0.5811629 7.911529e-08 1.8602672e-07 0.0021159896 2.0912177e-07 0.000115404284 0.00051657297 2.0356452e-09 0.009490522 2.1728843e-09 0.0014594828 2.601932e-07 5.4790895e-08 1.8076962e-06 9.365133e-08 0.13585241 1.4779425e-07 0.0005838677 9.335635e-08 0.0050612255 1.9577167e-09 4.8907765e-07 3.7954734e-07 2.1242875e-05 0.0002724435 0.00081834086 4.738148e-05 1.3284034e-07 0.0005955388 5.395994e-07 1.4269673e-10 3.4176044e-06 0.10748596 1.8173797e-06
0.9275717 0.029400304 0.30061597 0.8865202 0.007287244 0.9527674 0.74388343 0.021268321 0.91718256 1.8496496e-05 5.1973827e-15 0.40136644 0.0015580636 0.120939955 0.9602888 4.228164e-09 6.518169e-06 2.4224795e-07 0.82581866 0.068218075 0.80566806 6.933167e-07 2.358589e-06 0.0003507422 0.020813921 0.23313089 0.033600286 1.3603408e-06 0.5352441 0.2033529 1.1876657e-05 9.063742e-07 0.8707787 0.8708091 0.87334067 0.7900113 5.248201e-06 1.04960364e-07 0.026518494 0.07578756 1.02288894e-07 1.8347252e-07 0.395578 5.6549584e-07 2.7726825e-08 1.4765797e-08 0.082082085 0.0002488659 3.1273754e-07 2.3315616e-08 0.021651868 2.3395422e-10 6.236049e-06 2.0170866e-08 0.531231 0.01936618 0.005973525 0.31848183 0.00093144213 0.023636341 0.0011996068 0.0002805754 0.11787355 0.0006778028 0.00091263105 9.825332e-05 0.0009873383 0.0011143163 9.040257e-06 0.010596231 5.0824855e-07 4.392831e-09 0.003655018 2.8602003e-08 3.104243e-05 4.5254464e-07 1.940922e-06 5.615464e-07 5.3832264e-07 2.401018e-07 1.7752055e-10 0.51627046 6.8408726e-06 8.110054e-07 4.0289733e-06 2.6919574e-06 0.004698855 3.6859454e-08 0.031460237 5.979489e-05 9.704747e-08 0.0010174414 0.005077743 1.7797696e-07 1.9634224e-06 0.0007352892 1.6692415e-07 3.421108e-09 0.14729452 0.010934619 0.03144963
0.6081637 0.010432061 0.029868416 0.4283984 0.00086462055 0.45634344 0.0068451995 0.0012802483 0.98601 8.535737e-05 0.40136644 1.770352e-15 6.9169735e-05 0.99399346 0.7652488 4.2044323e-07 2.6447055e-06 3.6568755e-07 0.93727034 0.008931251 0.005073365 9.409201e-07 1.563087e-06 0.003418488 0.011650775 0.031060083 0.00014706941 6.4499545e-07 0.63295543 0.5468316 0.0001923314 0.000113436035 0.0026840146 0.017490512 0.009538527 0.004262959 5.1381074e-05 2.0595347e-05 0.46057156 0.007633682 5.974561e-06 1.1714068e-05 9.24839e-05 3.734872e-06 7.9227334e-08 3.8877616e-08 0.23079169 0.0016076621 4.17357e-08 3.7779583e-07 0.0026979034 4.195888e-11 4.6985813e-05 1.1868611e-06 0.00030250417 0.16693428 0.0056702015 0.002027332 0.013298518 3.304911e-06 0.00567834 0.010522282 0.00020425809 0.001274195 0.00012856512 0.00027610434 3.491023e-05 0.00041749058 9.8403914e-05 0.00013740522 3.5561316e-05 1.091443e-09 0.016892044 1.1379625e-07 2.0105128e-06 7.561007e-06 1.8565694e-06 2.754673e-06 9.1648435e-06 3.15508e-05 4.8618208e-08 0.00058943505 1.0094711e-05 4.445872e-05 9.738282e-06 1.0234218e-07 0.01573037 1.8492853e-08 1.140595e-05 0.0026830782 5.4309375e-08 0.010333508 0.009920419 6.3678596e-07 0.0002651954 0.009280564 5.784179e-05 1.9670752e-08 2.1441226e-06 0.0065065776 9.918724e-07
0.7789246 0.4853481 0.11251512 0.008318151 0.982727 0.0007743272 0.00042698387 0.83950764 6.385221e-05 0.71469164 0.0015580636 6.9169735e-05 1.1906462e-14 0.00018475333 0.00013908034 0.2798473 0.07101835 0.06635209 4.0232313e-05 0.6716256 0.0059069213 0.99387085 0.11777018 0.052615646 0.28696677 8.3416104e-05 0.9375104 0.8452079 0.004747678 0.0002441767 0.017025342 0.01991967 0.0019426349 1.9753536e-05 0.000107115426 6.8732195e-05 0.00992163 0.00019423901 0.00076489995 5.0474464e-05 0.038652733 0.0013325666 0.0023434584 0.0070232917 0.0025679097 0.00034783897 0.0006550246 0.005355529 0.00014456027 0.0006057918 9.875063e-07 2.345099e-05 0.00088194315 1.9563658e-05 0.0031896965 0.00022650899 0.22679491 5.447477e-07 5.8913206e-06 0.0059523303 4.972447e-06 9.380728e-05 2.7311972e-07 2.4550789e-06 5.445269e-07 0.0008538029 9.914836e-09 0.724689 5.710968e-06 2.9004967e-08 0.0014926714 1.3711546e-05 3.5505094e-05 6.643684e-05 5.2313457e-08 0.00052191253 9.980619e-09 0.00015685585 3.6000128e-07 8.607726e-08 2.5589097e-05 7.3337304e-07 0.0027979354 1.3074237e-08 0.00018173693 7.469056e-08 0.0002072949 3.3224815e-08 0.00024112973 3.4709555e-07 1.4939067e-06 0.0003032248 0.0008787541 2.6349539e-05 3.2040177e-08 0.00016613447 1.9630433e-07 5.3654486e-10 7.7810946e-05 0.023590567 6.232693e-05
0.825714 0.0066589965 0.020638356 0.08155312 0.0008097396 0.09317352 0.0023372634 0.000923805 0.5882875 9.241557e-05 0.120939955 0.99399346 0.00018475333 2.2577166e-15 0.8258673 9.676062e-08 3.0076121e-06 4.5233367e-07 0.8749389 0.003196079 0.00087325997 2.1947251e-07 1.9567995e-06 0.0023149361 0.0034861045 0.033031918 0.00013083618 3.383751e-07 0.9533089 0.9636072 0.00010888509 0.00018692437 0.0006472085 0.018179173 0.006956913 0.001664604 1.0737035e-05 3.8592203e-05 0.59466606 0.0195427 1.0082073e-06 1.1946041e-05 0.00014892354 1.9196198e-06 1.6259602e-07 3.100778e-07 0.5254947 0.0028184417 9.1987204e-08 3.6256884e-07 0.016827486 6.109769e-11 6.327874e-05 4.57473e-06 0.00011276256 0.54638857 0.0031751199 0.002523343 0.07984658 2.54834e-07 0.03062162 0.012707694 0.00047411222 0.014293299 0.0017489876 0.00039195365 0.0002551885 0.0003613836 0.0010776696 0.0009965169 3.0773554e-05 1.5218307e-08 0.081762776 1.3688008e-06 2.1171038e-05 4.8787556e-06 5.8708858e-05 3.2036896e-05 8.017443e-05 0.0008494241 2.1041006e-07 0.00067344523 4.9199214e-05 0.0010832321 1.6799755e-05 8.278912e-07 0.04284009 9.922858e-09 0.00014205505 0.014744699 1.1636987e-06 0.025747312 0.037990246 1.5328206e-06 0.0016052896 0.023608724 0.000351259 1.2650636e-08 5.620926e-06 0.006709211 9.481877e-07
0.9900871 0.0005995578 0.0012156571 0.02829179 0.00012841489 0.5750671 0.4765795 0.00023160689 0.82390636 1.09369585e-05 0.9602888 0.7652488 0.00013908034 0.8258673 1.4244477e-12 2.4956046e-07 9.318788e-06 1.8130189e-06 0.40027508 0.000739099 0.051307507 8.360105e-06 1.1799284e-06 0.0001673658 0.000134942 0.5039814 0.0002602988 1.5072757e-06 0.9615867 0.13118128 1.2694949e-05 7.287945e-07 0.47458002 0.8450265 0.71803725 0.63380164 2.2413911e-07 3.0581177e-06 0.20610468 0.10473115 2.6980933e-07 1.0297565e-06 0.015800463 6.446458e-08 7.914709e-07 1.1456812e-08 0.14001502 0.00084581686 2.8368515e-06 1.9935868e-08 0.01143909 3.3467824e-09 3.0639358e-06 1.16596546e-07 0.030269986 0.10468152 0.001960476 0.26355177 0.00014078165 6.0384282e-05 0.000104494204 0.0049697743 0.18326394 3.9614726e-05 0.0012278281 0.00011553577 0.00178235 0.0008404096 4.0332656e-05 0.0007726317 4.934712e-06 1.5550166e-06 0.0085251285 5.753301e-06 1.913669e-05 1.5040572e-05 7.11988e-05 4.289971e-07 4.646603e-06 3.1264558e-06 7.781194e-08 0.815281 1.0243045e-05 3.318696e-07 3.296442e-07 0.00013244712 0.020369 2.1936673e-06 0.07035967 0.00010467882 4.602869e-06 0.0023178102 0.007884117 4.0870864e-07 3.623651e-06 0.008105381 3.3009517e-06 1.0240973e-07 0.067799106 0.0099226665 0.005326158
0.98725134 0.0018319612 1.0790454e-05 2.8994402e-06 0.024797665 3.632846e-07 1.147119e-06 0.00026322601 3.606394e-07 0.88077766 4.228164e-09 4.2044323e-07 0.2798473 9.676062e-08 2.4956046e-07 1.5307449e-15 0.8929011 0.9794062 3.1218256e-08 0.01647617 2.3588711e-05 0.15254974 0.63605237 0.21197835 0.051503245 2.2029566e-08 0.05839292 0.8065469 5.230947e-06 8.7112466e-07 0.5873199 0.84253895 4.1590993e-06 3.5323005e-08 4.8383476e-06 8.6676494e-07 0.43047476 0.05552911 3.8490096e-05 1.6958454e-07 0.8762759 0.3616892 1.8728437e-05 0.17031832 0.11010521 0.008754101 5.1057536e-06 0.052631978 0.0031355557 0.025690218 7.695364e-09 5.2407067e-05 0.057924483 0.018052397 3.8527298e-05 1.3042992e-06 0.40886393 5.345601e-10 1.2640434e-08 6.552873e-06 3.236954e-08 0.00012799783 6.5603603e-09 5.11157e-10 2.3108592e-08 0.034881588 5.97081e-11 0.008650578 1.2957729e-08 2.5483118e-10 0.0055878987 0.00036098697 1.4804657e-06 0.006865057 4.5271684e-09 0.055863287 4.5521666e-09 0.003470709 2.1063774e-07 6.1193153e-09 0.0012050096 2.7498603e-09 0.24267407 1.784389e-09 0.00164831 6.1998503e-07 0.00071656326 1.6460147e-09 4.574843e-08 6.071857e-09 0.0015928884 7.070957e-07 9.198875e-07 4.5067332e-05 1.28184725e-08 3.9368774e-06 2.9247331e-09 1.16283885e-10 5.951146e-07 0.062850356 5.210467e-07
0.2425197 0.010753258 0.00020970484 0.00014707066 0.3826314 6.99616e-05 1.49404e-05 0.0034152165 1.7836457e-05 0.95666724 6.518169e-06 2.6447055e-06 0.07101835 3.0076121e-06 9.318788e-06 0.8929011 1.6277238e-15 0.99391925 1.3603602e-06 0.006590078 0.00015785618 0.048272416 0.9883756 0.06781102 0.03631439 2.4197955e-06 0.0026953907 0.6567362 0.0002311195 1.5365813e-05 0.0890918 0.5950318 2.3735163e-05 1.6584026e-07 6.7431183e-06 1.880092e-06 0.09813501 0.0019606038 0.00036782748 2.0354037e-06 0.17944686 0.033407062 9.950725e-06 0.024148477 0.0076361685 0.0023556477 9.119215e-05 0.008360653 0.0013330986 0.003106291 4.7813813e-08 1.9070903e-05 0.006060299 0.0011249157 1.1752067e-05 5.4617096e-05 0.032662548 1.5240711e-07 4.2422852e-07 7.3003196e-07 1.02100216e-07 8.394664e-05 3.2940047e-08 5.856919e-08 4.9818265e-08 0.003302887 1.10714575e-08 0.0036683679 9.852086e-08 1.0382201e-08 0.00292644 1.8076782e-05 2.2368407e-05 0.00025359698 9.914358e-10 0.0035687243 5.382815e-09 0.00038791218 1.2508876e-07 2.277664e-08 7.501598e-05 2.577478e-08 0.008600978 8.81331e-09 0.00029733835 1.7017838e-08 0.0013306243 4.582991e-08 3.4802395e-07 1.5724074e-08 1.1376326e-05 0.00016509269 6.831227e-05 5.811709e-05 4.368992e-09 8.50096e-05 2.8870348e-08 4.2320833e-10 5.1031907e-07 0.005638596 1.2360773e-07
0.58654535 0.001191723 3.6955917e-05 1.4835929e-05 0.05077075 8.370149e-06 2.3734813e-06 0.0007707076 5.048385e-07 0.8750677 2.4224795e-07 3.6568755e-07 0.06635209 4.5233367e-07 1.8130189e-06 0.9794062 0.99391925 5.250931e-11 6.996813e-07 0.0026791913 0.00046573931 0.05353829 0.9054162 0.014151507 0.006151518 3.3215124e-06 0.035452753 0.84870756 9.043569e-06 1.0335242e-05 0.053179156 0.40441808 0.00012950602 1.7482721e-06 1.295398e-05 3.4761279e-06 0.11120675 0.0024814417 1.8951678e-05 2.7888953e-05 0.39952952 0.02779828 9.541838e-05 0.04921921 0.057086002 0.0009700321 1.9730942e-05 0.008175667 0.002789015 0.0017796129 6.5944784e-07 8.2866856e-05 0.006335927 0.001794907 0.00016047836 1.5833156e-06 0.04046134 8.811566e-08 3.085473e-08 0.00043232777 8.072803e-08 1.15318535e-05 5.719528e-07 6.3241212e-09 8.2970763e-07 0.003839747 7.7986195e-09 0.0020059242 3.9500532e-07 1.16249845e-08 0.0065219067 0.00047589408 2.6394948e-06 0.002495705 7.062758e-08 0.005710157 1.349564e-08 0.0005436208 8.997896e-08 1.7084314e-08 0.0013058158 4.7517585e-09 0.008332451 4.1861004e-09 0.0004965522 6.9311704e-07 8.263445e-05 2.7406724e-08 5.467155e-07 5.8110707e-09 0.00035480096 2.3168418e-06 7.08059e-06 2.1212913e-05 3.6757953e-07 1.1685002e-05 1.7891953e-08 8.150544e-09 9.123108e-06 0.003783019 7.984256e-06
0.9567174 0.0012661875 0.0040244195 0.036503963 0.0001706144 0.18224841 0.0034287318 0.00037514736 0.95597017 7.829035e-06 0.82581866 0.93727034 4.0232313e-05 0.8749389 0.40027508 3.1218256e-08 1.3603602e-06 6.996813e-07 1.5686081e-13 0.00042452558 0.0032173744 1.8742855e-07 2.5356954e-07 9.806684e-05 0.00019154703 0.9228301 8.4633764e-05 7.45764e-08 0.6421658 0.9586173 2.4761177e-05 1.0591481e-05 0.014057055 0.6653143 0.30053952 0.06425173 2.5744887e-06 1.6136455e-05 0.029250922 0.7181808 7.075948e-07 5.019521e-06 0.0012523147 2.2512854e-06 3.1332388e-07 1.7561719e-07 0.7871623 0.00043340275 5.1180217e-07 4.971392e-07 0.56266916 3.4760414e-10 6.703317e-05 6.141201e-06 0.0023581155 0.26073486 0.0011996218 0.37163943 0.39485428 3.0765875e-06 0.26645657 0.0009457661 0.025794445 0.24212877 0.123430826 0.00019558275 0.067899354 0.00028043284 0.013160738 0.12596796 0.000110842644 1.436552e-07 0.08968013 1.022047e-06 0.019156026 1.6211579e-06 0.0032658584 3.1311898e-05 0.002638462 0.004504912 1.1359e-09 0.08840363 5.370858e-05 0.0031658404 3.905687e-05 0.0008331791 0.0051362435 6.9446714e-06 0.0026858582 0.07862832 2.306035e-07 0.0370081 0.10098295 2.6186444e-06 0.0040046256 0.004633119 0.0006400979 3.1722789e-06 0.0003343451 0.006025267 1.9554107e-05
0.97233 0.91030645 0.8119326 0.46626693 0.8745047 0.057735365 0.30189556 0.9907397 0.015092236 0.66055804 0.068218075 0.008931251 0.6716256 0.003196079 0.000739099 0.01647617 0.006590078 0.0026791913 0.00042452558 3.731708e-11 0.2623282 0.0390936 0.0017926865 0.52063644 0.8593861 0.0004240568 0.22406185 0.00058311067 0.02353773 0.000434124 0.009483981 0.0058562104 0.017649459 0.0010390523 0.0013799182 0.0015893936 7.352492e-05 0.0013038839 0.31750366 0.00041104562 0.00012402356 0.00039667502 0.04201831 4.9620635e-06 1.3678959e-05 3.0790238e-06 0.00063882576 0.116321646 3.0821734e-06 5.8850646e-06 0.00021921053 6.7001205e-09 0.0005195068 4.9466016e-05 0.015859922 0.009724473 0.51301616 0.00044628693 0.00020701674 0.0009379606 0.00022146753 0.056151234 0.00028403656 6.750675e-05 2.8643426e-05 0.013138222 1.08692575e-05 0.93401647 4.3650134e-06 4.0994575e-05 7.506464e-05 6.470331e-08 0.0011901959 6.2849926e-05 5.960027e-06 0.00015380351 4.5870624e-06 9.733255e-05 1.1138422e-06 2.309016e-06 2.3893628e-08 9.085139e-06 0.0018633384 3.5359724e-07 2.6532964e-05 7.031256e-07 0.059009153 1.3121679e-08 2.211793e-05 4.7305577e-05 1.1089687e-06 0.00049170695 0.00041000656 8.2531066e-08 1.1661796e-06 0.013707592 1.3979788e-06 9.0760366e-10 0.00047131805 0.201498 0.00020025678
0.8024989 0.16558693 0.61575663 0.7047189 0.08756046 0.7728078 0.9885843 0.9244844 0.035784654 0.004734536 0.80566806 0.005073365 0.0059069213 0.00087325997 0.051307507 2.3588711e-05 0.00015785618 0.00046573931 0.0032173744 0.2623282 7.774031e-15 0.00088516076 4.7125664e-06 0.0011342322 0.015358189 0.0033261706 0.29167968 0.00012706632 0.01350962 0.0011873873 0.0001993433 1.1977262e-05 0.903364 0.022863628 0.08238486 0.25696942 0.00016250295 3.6375318e-06 0.0009681311 0.0005780627 3.0532352e-05 6.093869e-06 0.9460742 9.646068e-05 3.840695e-08 3.215417e-06 0.0013253671 0.0001050762 9.219686e-06 4.46823e-07 4.4431126e-05 8.160728e-10 2.8189793e-06 7.2851716e-09 0.93731475 0.00011096999 0.0022686236 0.0008996515 1.5070888e-06 0.6232749 7.545315e-05 1.2530309e-05 0.0017014174 1.2105688e-06 5.4373977e-05 1.760605e-06 1.8492782e-08 0.02310141 2.0487898e-05 7.74198e-06 0.00014898504 5.071105e-06 5.3277352e-05 6.899495e-05 4.8172166e-07 9.238248e-06 3.8250718e-08 4.229941e-06 6.152272e-07 8.63952e-08 4.4136197e-08 0.1156071 1.4231058e-05 3.308956e-07 1.0739554e-05 0.00010042296 0.00013493879 1.173088e-07 0.08849618 2.7815176e-08 1.9908883e-05 2.4691966e-05 4.9346152e-05 4.301592e-06 3.2167407e-07 5.2348546e-06 4.3094214e-08 2.8789818e-10 0.48807237 0.012322141 0.37783575
0.10717959 0.007569069 0.00032525347 0.00014034625 0.38147774 1.218764e-05 3.1612133e-06 0.03264137 2.9412618e-07 0.17977037 6.933167e-07 9.409201e-07 0.99387085 2.1947251e-07 8.360105e-06 0.15254974 0.048272416 0.05353829 1.8742855e-07 0.0390936 0.00088516076 3.753587e-15 0.14244135 0.000584127 0.0076805335 3.477837e-07 0.99610776 0.9527549 5.6754514e-05 2.6554187e-06 0.0011228402 0.0045908466 0.00014986485 4.4586585e-08 6.4691926e-07 2.7958643e-07 0.0006950231 1.4124634e-05 7.892486e-06 1.4038333e-06 0.0045979996 0.0001516495 0.00041185043 0.00022976463 0.0003232361 6.332235e-06 1.7095586e-05 0.00025247078 0.0031492978 3.575842e-05 7.4325754e-08 3.1941818e-06 0.00015463712 9.939732e-06 9.624015e-05 3.831037e-08 0.009046252 2.4888733e-09 1.8524972e-07 0.00041764328 4.0800103e-07 2.0642215e-06 1.2390255e-07 3.4051276e-08 9.5134105e-08 2.1966056e-05 1.9104194e-09 0.007465963 5.161907e-07 1.8584753e-08 0.00017114468 1.3933868e-06 1.1009742e-07 7.7619876e-07 8.95768e-10 0.0002214291 8.797758e-09 5.2630898e-05 1.906409e-08 6.6882365e-08 2.1124479e-06 9.1895146e-08 2.026553e-05 3.701346e-08 1.0748038e-05 5.1992233e-09 1.6860682e-05 8.2768076e-10 2.1247545e-06 9.803812e-09 2.0360606e-07 6.0141235e-07 3.7174066e-06 1.1570227e-06 1.4759115e-09 1.806819e-06 1.7624937e-09 6.038608e-12 9.176308e-08 0.0014187301 1.467056e-06
0.14971612 0.0029544341 9.802374e-05 2.7770875e-05 0.13874267 3.2529688e-06 5.964652e-07 0.00039650354 1.7829764e-06 0.6368875 2.358589e-06 1.563087e-06 0.11777018 1.9567995e-06 1.1799284e-06 0.63605237 0.9883756 0.9054162 2.5356954e-07 0.0017926865 4.7125664e-06 0.14244135 5.973893e-16 0.019639952 0.0076818923 2.484048e-07 0.019461563 0.9984621 0.00013540854 8.004551e-06 0.045643512 0.41737965 1.7082506e-06 1.8392424e-08 5.322443e-07 8.7857714e-08 0.08629249 0.0010004267 0.00015357076 1.7778986e-07 0.14227939 0.019230234 8.4470474e-07 0.025236746 0.017268427 0.0019028793 2.0973854e-05 0.0026975214 0.009423189 0.0022574116 1.2167158e-08 0.0003198053 0.0020898385 0.005602132 1.327415e-06 2.724775e-06 0.009926239 1.5754477e-09 1.3837985e-07 8.364982e-07 1.9645977e-07 2.7409247e-05 2.482028e-09 2.538646e-08 7.2750206e-09 0.001094917 5.0833454e-10 0.00061197014 3.820872e-08 6.961006e-09 0.0016515459 0.000120427605 1.8005558e-06 0.00018832755 5.0261545e-10 0.0038966897 1.4623966e-09 0.00029338393 1.3710225e-07 5.2312635e-07 0.00013084005 1.8926922e-06 0.002350642 1.1620019e-08 0.00037494546 1.0969094e-08 0.00056457444 8.430323e-09 4.280645e-07 2.6420105e-08 1.710604e-05 4.2277774e-05 3.227582e-05 3.0251555e-05 5.069057e-09 0.00012092801 3.9357356e-08 1.3225993e-10 1.649085e-07 0.0028662337 7.906218e-08
0.8829768 0.516664 0.10779343 0.009915018 0.59483045 0.00095783576 0.00019788936 0.13890335 0.0017659611 0.82485425 0.0003507422 0.003418488 0.052615646 0.0023149361 0.0001673658 0.21197835 0.06781102 0.014151507 9.806684e-05 0.52063644 0.0011342322 0.000584127 0.019639952 2.9442918e-15 0.9843084 1.40480215e-05 0.009234157 0.0037555594 0.005644127 0.00036239173 0.9818611 0.3282805 2.6802109e-05 2.937629e-05 9.198428e-05 1.1276605e-05 0.031521823 0.19682947 0.43763256 4.205295e-05 0.017571472 0.06302675 0.00010081024 0.0018704643 0.001906234 0.001174553 0.0007728129 0.9231563 3.2337177e-06 0.00041786087 1.0905427e-06 3.8364412e-08 0.13198888 0.00015736664 0.00010428692 0.0033986154 0.7422705 7.0670296e-08 5.659874e-05 5.8120713e-06 6.841874e-05 0.049896393 3.2400056e-08 2.0184357e-06 3.289836e-06 0.30268458 2.3017009e-08 0.6583315 5.1622766e-07 3.581567e-08 0.0007148885 2.4200283e-08 0.0010682846 0.00025348167 2.3544873e-08 0.003839719 1.08115906e-07 0.0014983771 2.1640838e-08 2.9444527e-07 1.4613762e-07 5.727237e-08 0.050585136 7.155914e-08 0.002243835 2.8511244e-09 0.029054102 1.750115e-10 9.219373e-07 2.0708694e-05 1.2987775e-05 0.0008495963 0.00061836804 7.695046e-06 3.0602398e-09 0.011062731 2.0922229e-07 7.4834e-12 7.765405e-06 0.17668384 4.9580734e-07
0.94428617 0.69957995 0.4604975 0.18068673 0.7155776 0.0070817755 0.017080292 0.47260648 0.014074293 0.7588363 0.020813921 0.011650775 0.28696677 0.0034861045 0.000134942 0.051503245 0.03631439 0.006151518 0.00019154703 0.8593861 0.015358189 0.0076805335 0.0076818923 0.9843084 6.9306704e-12 0.00010472046 0.06546887 0.0024284685 0.020770501 0.0003704844 0.14921935 0.039897 0.003133611 0.0007633707 0.0014526551 0.0005131548 0.0051275585 0.042416517 0.7276173 0.00019748119 0.001089652 0.011085565 0.0018513696 0.0003928452 0.014438164 0.00019048428 0.0007905646 0.87910306 3.776493e-05 6.523477e-05 0.00016506437 3.1232537e-07 0.091098085 0.0011929328 0.004825445 0.018203355 0.8167016 0.00036523765 0.00013179495 0.00092755695 0.00014849553 0.20769945 2.4897923e-05 1.20623645e-05 1.1319726e-05 0.32229775 5.339072e-07 0.963762 1.8423411e-06 8.0687705e-06 0.00059086597 6.130089e-08 0.0022687186 0.0005149029 7.5748676e-07 0.0012144219 7.115834e-07 0.0011333694 6.197559e-08 2.3582663e-05 1.1776839e-07 3.1028826e-06 0.051839057 4.359831e-07 0.002316239 1.5514377e-08 0.2067758 5.8066774e-11 5.377133e-06 0.0003995665 1.8242865e-05 0.0022467687 0.0018040031 4.0215473e-05 1.8595188e-07 0.060925215 6.2910453e-06 2.6168914e-10 7.681442e-05 0.42614755 0.00013171844
0.97869015 0.00022861059 0.0002477489 0.0009966934 4.2306372e-05 0.033467874 0.0005064332 0.00020977625 0.031620786 4.140627e-07 0.23313089 0.031060083 8.3416104e-05 0.033031918 0.5039814 2.2029566e-08 2.4197955e-06 3.3215124e-06 0.9228301 0.0004240568 0.0033261706 3.477837e-07 2.484048e-07 1.40480215e-05 0.00010472046 2.69811e-12 0.00016380043 4.6873876e-07 0.39897314 0.8139251 3.605997e-06 7.5335794e-07 0.05662685 0.98120296 0.5681361 0.19174966 1.5677044e-06 1.312243e-06 0.002969316 0.9387133 3.7247432e-07 1.6152413e-06 0.0039105047 2.9128392e-07 2.8653496e-08 5.6134855e-08 0.80612266 6.80686e-05 2.0727396e-06 1.3092078e-08 0.32867822 6.0133427e-09 2.8835843e-06 1.5324558e-07 0.00858953 0.041304503 0.0009875048 0.7642302 0.005487295 1.3089301e-05 0.0067167557 7.051617e-05 0.22471482 0.005418341 0.05768594 5.724507e-06 0.074015655 0.0002906517 0.00087171566 0.07252206 2.4182152e-06 1.9715667e-07 0.016501063 4.6318964e-06 0.0011120051 6.0094076e-06 0.0004968089 1.1645448e-06 0.00011776823 0.00011479782 1.6636434e-08 0.90228003 7.6729555e-07 9.9485e-05 2.8226057e-06 0.0013265781 0.0006536306 1.2101113e-05 0.0329694 0.00028313868 4.168216e-06 0.0018917252 0.041030515 1.3024235e-06 0.0002565342 0.00022672187 1.1425548e-05 6.558475e-08 0.029403366 0.002724683 0.0016184618
0.17934053 0.24758776 0.076128386 0.031330466 0.6595678 0.006221529 0.00663352 0.66946286 0.00054239196 0.14458643 0.033600286 0.00014706941 0.9375104 0.00013083618 0.0002602988 0.05839292 0.0026953907 0.035452753 8.4633764e-05 0.22406185 0.29167968 0.99610776 0.019461563 0.009234157 0.06546887 0.00016380043 1.6255707e-15 0.43512106 0.010287349 0.0002540092 0.0020722693 0.010065544 0.2619243 0.00076447375 0.001677106 0.015265923 0.004217994 6.799081e-05 0.0006787814 0.00013965172 0.004475613 0.000531639 0.96305615 0.00178738 0.00013258033 0.00025261435 0.0003374192 0.0007077045 0.0012945984 0.00014203163 2.4680842e-06 7.858477e-06 0.00014298501 2.5649626e-06 0.6496527 8.3565625e-05 0.015159672 9.649486e-06 1.9121751e-05 0.96012414 1.3808745e-05 3.2991313e-05 0.00013687278 1.941628e-05 1.5578419e-07 0.00015622182 1.3175705e-07 0.102929056 1.4081946e-05 9.732701e-06 0.0025957373 6.827169e-05 1.1393177e-05 9.0971735e-06 5.2101927e-09 5.842529e-05 9.681239e-10 0.0002224548 6.2735394e-06 3.7278863e-08 3.0134836e-06 0.00063374493 0.00035614462 1.9351237e-08 0.00010738699 3.6330576e-07 0.00011099211 1.8748601e-08 0.004542923 5.5018457e-08 9.897208e-09 5.835591e-05 0.000177292 9.489041e-07 6.1819253e-07 8.131407e-05 2.172094e-08 2.1028998e-10 0.0073876353 0.006955821 0.11805149
0.19451278 0.0021380908 1.5621712e-05 1.7406317e-05 0.3630728 8.115281e-06 8.843705e-07 0.0006187627 6.8849164e-07 0.45526296 1.3603408e-06 6.4499545e-07 0.8452079 3.383751e-07 1.5072757e-06 0.8065469 0.6567362 0.84870756 7.45764e-08 0.00058311067 0.00012706632 0.9527549 0.9984621 0.0037555594 0.0024284685 4.6873876e-07 0.43512106 2.9042881e-12 5.2996434e-06 1.6493437e-06 0.019322496 0.92608255 0.00012873358 8.6864624e-08 8.968272e-06 5.4208367e-06 0.17107357 0.0014277766 4.635175e-06 1.2156002e-06 0.17862232 0.0118777845 0.00017257944 0.10477966 0.45778376 0.0020322404 2.1877026e-06 0.0017596608 0.40305167 0.0036347962 3.8345828e-08 0.004765051 0.0025819486 0.011180632 0.00010472046 1.1556976e-07 0.0079667475 5.8300103e-09 3.2965946e-08 9.958116e-05 1.1523672e-07 3.529866e-06 2.0308693e-07 9.8347385e-08 2.6461054e-08 0.0008098979 1.939223e-10 0.00039233678 1.4602658e-07 1.7206915e-08 0.009826785 0.0022135046 2.1767931e-08 0.001324206 2.5360228e-08 0.003253841 2.0901967e-09 0.00038887074 1.146974e-07 7.1935844e-09 0.0003388356 1.0802219e-06 0.002020093 2.4240232e-09 0.00026807032 2.8655145e-07 2.8767504e-06 3.1704475e-09 2.4498772e-06 7.6662504e-10 1.5969128e-05 9.3080395e-08 1.605686e-07 1.1358753e-05 3.1659653e-08 4.6001746e-06 7.087193e-09 2.0832383e-10 6.5177994e-07 0.0036428191 1.4543668e-06
0.99219614 0.050141726 0.16293675 0.41866118 0.017684495 0.5427001 0.18458991 0.0036651527 0.5729901 0.0033315532 0.5352441 0.63295543 0.004747678 0.9533089 0.9615867 5.230947e-06 0.0002311195 9.043569e-06 0.6421658 0.02353773 0.01350962 5.6754514e-05 0.00013540854 0.005644127 0.020770501 0.39897314 0.010287349 5.2996434e-06 1.4150728e-12 0.7121324 0.00016593338 3.967431e-05 0.017327303 0.21499002 0.064580165 0.020298216 2.09586e-05 9.1272545e-05 0.866561 0.29732406 3.6965994e-07 3.988863e-05 0.0020477136 9.3580576e-07 1.1342142e-06 1.4497105e-07 0.4237321 0.0070758546 2.0819991e-06 1.3125452e-07 0.14266282 4.1702197e-08 3.9810646e-05 6.456346e-06 0.004297086 0.73357785 0.021695983 0.05621139 0.02529015 8.85764e-05 0.006004338 0.08089048 0.009416199 0.0088105295 0.012563388 0.002120272 0.005728298 0.001080108 0.0014627057 0.0056998553 1.0086858e-05 4.2158934e-08 0.043256238 1.0883691e-06 0.0005282581 1.3666181e-05 0.0018944785 7.220276e-06 9.9271376e-05 0.0005055661 3.9279065e-08 0.078822605 8.068659e-05 6.980545e-05 2.3176075e-05 0.00013207064 0.16582416 1.6781242e-07 0.00056605414 0.0013103368 1.9077752e-06 0.010951228 0.030740628 9.5003054e-07 2.5107229e-05 0.0804564 5.2719264e-05 6.1784036e-08 0.0011981971 0.078526646 0.0005703041
0.9709806 0.0045597707 0.009484582 0.026992938 0.0010721759 0.06606025 0.011247951 0.00036820932 0.2971703 4.8776878e-05 0.2033529 0.5468316 0.0002441767 0.9636072 0.13118128 8.7112466e-07 1.5365813e-05 1.0335242e-05 0.9586173 0.000434124 0.0011873873 2.6554187e-06 8.004551e-06 0.00036239173 0.0003704844 0.8139251 0.0002540092 1.6493437e-06 0.7121324 8.0261546e-13 1.618829e-05 9.063893e-06 0.004044095 0.41900125 0.089639895 0.012798754 3.698802e-06 2.9906358e-05 0.31995124 0.82275987 1.1001913e-07 1.27417325e-05 0.000645557 4.97281e-07 9.653918e-07 6.5135305e-07 0.9489339 0.00076733186 5.9485337e-06 1.1345783e-07 0.62236613 1.9266274e-08 4.2300846e-05 2.6664272e-06 0.0029301275 0.80330926 0.002910982 0.27799714 0.31289285 3.9141324e-07 0.06556672 0.009984857 0.039277736 0.07993231 0.0977416 0.0003414964 0.08067876 0.00037614524 0.008430301 0.032538094 2.1281361e-05 1.097182e-07 0.3460507 1.2797032e-05 0.0059350645 4.6883065e-06 0.014875323 6.6184793e-06 0.0010762127 0.0021749581 2.6275861e-09 0.21007153 6.196954e-05 0.000581228 1.1493217e-05 0.0034865916 0.04445394 1.7528457e-05 0.0010896898 0.04504507 7.9740846e-07 0.09981427 0.17652793 9.0737916e-07 0.00012413385 0.02387265 0.0015061816 7.3435774e-07 0.0014668972 0.01427088 6.566815e-05
0.9163045 0.017344074 0.001451033 0.0003018828 0.093539506 3.0717547e-05 6.6537054e-06 0.002528585 7.7511286e-05 0.7163741 1.1876657e-05 0.0001923314 0.017025342 0.00010888509 1.2694949e-05 0.5873199 0.0890918 0.053179156 2.4761177e-05 0.009483981 0.0001993433 0.0011228402 0.045643512 0.9818611 0.14921935 3.605997e-06 0.0020722693 0.019322496 0.00016593338 1.618829e-05 8.9131075e-15 0.5264415 4.4497515e-06 6.35451e-06 7.2851267e-06 2.416772e-06 0.3521638 0.97459775 0.037469566 1.0553802e-05 0.3666358 0.83686304 8.941669e-06 0.019685969 0.018931555 0.019153925 6.528431e-05 0.9246028 0.00016940359 0.009239839 1.034136e-06 2.3558196e-06 0.5529678 0.00502449 4.3393484e-05 0.0002445419 0.62339103 6.443262e-08 7.756073e-06 2.3911923e-07 1.8376339e-05 0.016421814 2.2811248e-08 7.285689e-08 1.7306894e-06 0.7626441 6.6517303e-10 0.017338352 1.0672898e-06 9.115527e-09 0.0022116667 8.756283e-07 0.0002315371 0.00042603898 7.034884e-09 0.016898174 2.4873526e-07 0.006418143 1.8661584e-08 5.966911e-07 5.2594546e-06 7.5968376e-07 0.29469642 1.077766e-07 0.011475858 6.0219534e-08 0.025171567 3.3824166e-10 1.3123125e-07 1.2180516e-05 2.5275229e-05 0.00057169324 0.0003297623 7.459088e-05 1.9090935e-09 0.010960224 2.9219582e-06 2.3003383e-10 1.902282e-07 0.17159888 1.1319951e-07
