9.8076725e-15 0.9453703 0.3700696 0.91706884 0.94964075 0.396979 0.59908813 0.9645741 0.511196 0.5900975 0.92746514 0.96773666 0.82838374 0.9970603 0.016014067 0.7915353 0.9327431 0.8228009 0.77005696 0.8697645 0.01972761 0.9147196 0.9878274 0.94001627 0.93115574 0.88176984 0.9278917 0.44608766 0.8734976 0.8038703 0.9207843 0.94901323 0.8766969 0.72281057 0.9841441 0.35115126 0.0085684825 0.9996932 0.9542525 0.79726964 0.98210096 0.886785 0.7208686 0.90958387 0.98049575 0.7654354 0.7390374 0.96609986 0.95302755 0.67732316 0.57913107 0.0067936173 0.04445898 0.92786896 0.68835104 0.9904426 0.9535983 0.27974677 0.016189367 0.9927819 0.7442282 0.9708212 0.90237 0.38064182 0.84361 0.5938503 0.99811596 0.5272972 0.95910054 0.95641226 0.84027505 0.08661458 0.95295274 0.91632533 0.8710721 0.96466076 0.988017 0.03418881 0.9000754 0.99900293 0.009613004 0.7485949 0.94485074 0.9219882 0.9319791 0.76706815 0.96856594 0.65102845 0.98509556 0.9983792 0.9605941 0.00022339149 0.25765628 0.9997419 0.999934 0.245225 0.05128016 0.99981964 0.00012571119 0.60937417 0.90059453
0.9453703 2.1323356e-14 0.94403625 0.17736176 0.85481 0.40586627 0.89511603 0.11648969 0.020802654 0.5966632 0.97805834 0.93224406 0.02185132 0.022427786 0.40837836 0.0029647022 0.13217698 0.16038369 0.00026252685 0.14446302 0.0011690186 0.048695914 0.05005417 0.728216 0.016677454 0.4416285 0.043141495 1.9582558e-06 0.41079524 0.010450503 0.045315225 4.198685e-06 0.03185032 0.09212682 0.0029971413 3.9123493e-05 0.0015863491 0.01157095 0.0004724129 0.17804685 0.00025460072 0.004036723 0.0025953858 0.0076953177 0.3628294 0.00015266132 6.011056e-05 0.00033198498 0.13148303 0.00014967518 5.0921626e-06 5.656954e-07 0.001423247 0.00011837018 3.822689e-05 0.0002857313 4.4617023e-05 0.022947349 0.002570122 0.0021612113 1.5871768e-06 2.9851917e-06 0.00045437267 0.00013121779 0.00048009862 1.3273776e-05 0.5384203 0.0010583117 4.0162508e-05 7.291472e-08 0.00024735206 0.017067201 6.7480425e-05 0.00010381103 2.1873804e-05 0.0022084198 4.2654003e-05 0.0001127116 9.2405964e-05 0.008065647 4.1467047e-05 2.9161638e-05 0.0034500095 7.76612e-05 0.00029644932 2.4459961e-05 0.0066080578 2.5259842e-06 2.1397154e-05 0.12706327 0.0005468592 1.8545945e-06 2.1665984e-07 0.0011704146 0.0026333001 5.179753e-09 1.2986771e-07 0.010839953 9.576748e-08 6.9002816e-08 4.838282e-10
0.3700696 0.94403625 6.1306076e-14 0.996823 0.018775113 0.89206535 0.03350094 0.28811675 0.891087 0.9738636 0.41088122 0.19664292 0.056213148 4.8524387e-05 0.6560204 0.010292963 0.0014918027 0.001187488 0.0013410242 0.000687502 0.1986656 0.00027201357 0.00016090133 0.048642423 0.00014315787 0.0076905387 0.042176034 0.0061501483 0.32500905 0.0001926396 0.0112583 0.00014703548 0.00061160605 0.002548987 0.017415576 0.048293192 0.33382204 0.0001164728 0.002862789 0.0025804704 1.7117103e-05 7.498719e-06 3.9123993e-06 0.00030800048 0.06198604 0.00019839975 0.0013757233 3.3597633e-05 0.032365423 0.004465147 0.001204464 5.958098e-05 4.592414e-05 0.0002412763 9.1925525e-05 0.0009685346 6.4495825e-06 0.00060564536 5.4707903e-05 0.00012112526 5.2508072e-05 3.8920967e-07 0.00025803977 5.3636915e-05 0.00017805719 4.2341667e-06 0.0008570653 2.3489322e-06 1.6245498e-05 3.4131645e-08 1.7995097e-05 3.695278e-05 2.6882913e-06 1.4126877e-06 5.989616e-08 7.6227036e-05 5.560591e-05 6.251909e-07 1.9780339e-07 0.00041039265 1.3822685e-07 3.1843408e-07 0.00067581213 7.634486e-06 1.1110685e-05 9.601816e-06 0.0006335797 2.1507486e-07 4.26854e-06 0.00787198 1.5295576e-05 1.0515422e-09 2.4865057e-09 0.000109726534 0.0031609712 3.6863e-10 8.0783664e-11 0.0003160038 7.2243533e-10 1.541126e-09 3.877967e-10
0.91706884 0.17736176 0.996823 1.12076865e-13 0.00067473185 0.9203469 0.0012746673 0.88388634 0.4131757 0.54827195 0.26402783 0.8720336 0.30037862 3.8038477e-05 0.013481588 0.09063419 0.00011491042 0.00052552106 0.0013207025 0.0012129351 0.036975395 0.00011985588 4.165818e-05 0.44476718 1.7485304e-06 0.084062226 0.46903518 8.7099266e-05 0.79506695 8.7601875e-06 0.1436627 0.00030576775 0.0002562804 0.0062540486 0.1088394 0.004459168 0.018128749 0.00020875644 0.04312562 0.0025127435 5.6941934e-07 1.5360603e-06 3.7446353e-05 0.000914274 0.51686084 0.0030214204 0.00021676121 5.457554e-07 0.27803096 0.00034828624 4.1156512e-05 3.896639e-05 0.00048001346 0.0011749652 5.6652043e-05 0.0040031862 2.154561e-07 0.0019390689 0.0010656005 5.281195e-05 2.9079572e-05 6.5194836e-09 0.0006439534 0.0015510488 0.0019225256 4.381537e-06 0.0029819312 3.5682947e-06 0.0025270772 3.3448188e-08 3.3048465e-07 0.0013417021 1.45116354e-08 2.7063668e-06 2.3513738e-07 0.0010220369 0.000724202 2.4926612e-06 5.4346833e-06 0.0005421881 1.270533e-05 1.9069755e-07 0.0021777735 7.741163e-07 9.906241e-06 1.1276449e-06 0.0017586683 3.285634e-08 1.1939412e-07 0.066468455 7.5477797e-06 1.1734053e-06 8.186018e-09 0.0006044884 0.028587092 2.2183848e-08 5.708901e-09 0.0002919223 7.8715123e-10 7.692683e-08 6.54794e-11
0.94964075 0.85481 0.018775113 0.00067473185 1.05660194e-14 0.007147212 0.997388 0.0013872228 6.932959e-06 0.0004963543 0.39558366 0.61755437 8.586234e-05 0.73948526 0.0010221207 1.6056132e-06 0.58451474 0.14441416 6.254802e-07 0.8712742 3.065843e-07 0.66188115 0.32310894 0.31552067 0.159048 0.4852052 0.0006837833 2.340213e-09 0.0016549987 0.072822034 0.010070196 1.8976127e-07 0.12739787 0.40625417 1.9822284e-05 4.376386e-07 1.03470575e-05 0.64367837 3.6978658e-05 0.12583198 0.00818914 0.048181865 0.027908998 0.04939591 0.09277625 0.000119850614 6.177841e-07 0.008460412 0.0021649671 8.962424e-06 4.0883513e-08 2.4394556e-08 8.240057e-05 2.912598e-05 2.6870916e-06 8.480599e-06 0.0022939912 0.01489271 7.21953e-05 0.07623769 3.0985225e-09 9.834331e-05 0.000111492 0.00018728086 0.00038463657 1.0923997e-06 0.8807354 0.0038537607 3.055315e-05 1.4668657e-06 0.0039278343 0.016343564 0.0010681829 0.0017901725 0.0057983864 0.009700451 6.0408587e-05 0.000728205 0.012146842 0.2909721 0.00027076143 0.00044612837 0.007640605 0.0013144336 0.0019636839 8.826987e-05 0.015860612 5.3194395e-05 0.0011168515 0.10533019 0.0017484714 1.3855944e-05 2.199683e-05 0.001340937 0.00031489582 2.6753778e-08 1.7110151e-05 0.045571387 5.167035e-07 3.6826427e-06 2.7686644e-09
0.396979 0.40586627 0.89206535 0.9203469 0.007147212 8.896109e-18 0.0077626957 0.9781714 0.97448486 0.47304454 0.033504445 0.7055226 0.92556536 4.8104084e-05 0.024791043 0.7300024 0.00021446135 0.00026642616 0.023991907 0.00064213725 0.00915933 0.00012032257 3.2903336e-05 0.24895947 1.4646655e-06 0.064609244 0.41881406 0.037243195 0.003848116 2.8233726e-06 0.38047874 0.015530478 4.4005516e-05 0.01541059 0.13843419 0.017012566 0.013987758 1.646943e-05 0.25379968 2.0367695e-05 4.086999e-06 2.147285e-07 1.2453379e-06 0.0028331098 0.14137393 0.0128028 0.00086470344 4.9589794e-06 0.0004415294 0.0062104287 0.0015173209 4.2218428e-05 9.652555e-07 0.0057681925 9.4374554e-05 0.0046524056 3.960383e-06 2.0530838e-06 1.5387853e-07 0.00015160728 7.896156e-05 6.10965e-08 0.0014507299 0.00049882144 0.0024903733 9.585577e-06 0.00017477902 3.5596357e-09 4.182924e-05 2.3884787e-08 1.4410616e-06 2.8491526e-08 1.0754635e-06 4.196505e-07 2.2008441e-08 0.0002670662 0.00020224512 3.504716e-09 9.1550845e-08 0.00014024525 1.643327e-08 1.0907617e-07 0.0026914864 1.7817355e-06 1.3942636e-05 1.3190837e-06 0.0009452675 1.2325529e-07 1.9265412e-06 0.009047792 4.0944524e-05 8.6607777e-10 8.080281e-10 0.00021773664 0.008212845 5.4359447e-11 4.0744727e-11 4.1935808e-05 6.777334e-11 8.31769e-09 1.2256978e-11
0.59908813 0.89511603 0.03350094 0.0012746673 0.997388 0.0077626957 1.5646375e-16 0.0019319118 1.7309661e-05 0.000539265 0.31677383 0.17843427 0.00013974724 0.7114063 0.0011603604 7.0917267e-06 0.92436254 0.5304776 8.655333e-07 0.7851387 4.28286e-06 0.9251103 0.12214744 0.04090319 0.92415875 0.14475755 0.00023118209 4.2107985e-08 0.0012567954 0.38104388 0.0025997818 4.240473e-07 0.118917346 0.17445257 6.857882e-06 3.4645163e-07 6.2021004e-06 0.35312313 7.525738e-05 0.22943912 0.07118308 0.09861486 0.0096397605 0.014732364 0.0070825214 2.8239883e-05 3.8128094e-06 0.06985359 0.00063922093 2.4671182e-05 1.1820615e-06 1.8967361e-08 6.9948087e-06 6.756887e-06 4.8789043e-06 1.4908325e-06 0.015568885 0.0014227333 8.843776e-06 0.06675759 6.7345214e-09 0.0013440361 4.72913e-06 5.1989787e-06 3.565283e-05 4.128679e-07 0.10721619 0.00085409527 6.516016e-05 3.722379e-05 0.10376298 0.0010449087 0.019168118 0.015160396 0.007900563 0.0021241903 1.5254445e-06 0.00054221426 0.0018438855 0.08208698 1.0061552e-05 0.0056372466 0.0018538996 0.0031467068 0.0036653765 0.00088963716 0.002155635 8.4537125e-05 0.004703291 0.011703008 0.0029883308 5.281693e-07 1.1521838e-05 5.5752032e-05 1.964429e-05 1.9814408e-08 5.6463476e-05 0.007079146 7.2272513e-07 2.9688613e-06 2.7318976e-09
0.9645741 0.11648969 0.28811675 0.88388634 0.0013872228 0.9781714 0.0019319118 4.6181055e-13 0.33259022 0.87040484 0.495428 0.92059916 0.6715969 1.36497165e-05 0.032070998 0.10527388 0.00036556157 0.0009916564 0.003120192 0.00022469506 0.10916334 2.2770613e-05 7.193972e-06 0.5347527 5.696325e-06 0.088584445 0.9357479 0.005783241 0.89988804 2.4070987e-05 0.5736997 0.0009057565 0.00036263114 0.05709956 0.65813375 0.018519068 0.0044969236 2.171186e-05 0.028906982 0.0030104879 3.2882565e-07 3.9840284e-06 0.00015928266 0.0036985765 0.79868 0.020796318 0.0037037565 1.3016945e-06 0.18071952 0.0003707242 7.313062e-06 2.0660738e-05 0.0002067644 0.011977579 1.29250675e-05 0.0036942847 4.1338998e-07 0.001026615 0.00091206725 0.00011635291 8.153102e-05 9.858793e-09 0.0016286825 0.0004872525 0.007415815 3.0633088e-05 0.0013874954 3.2028496e-05 4.229068e-05 5.391809e-08 6.9159967e-07 0.0030583644 5.729259e-08 3.471654e-05 1.6958226e-07 0.003350072 0.00015126918 3.0390642e-05 1.8701681e-05 0.00041124033 5.4492648e-05 7.120756e-07 0.0052077943 2.0144953e-06 4.5768793e-05 3.3742494e-06 0.0037322482 1.312584e-07 3.2246618e-07 0.10129296 6.648355e-05 2.9363948e-06 1.9396144e-07 0.0008330937 0.07588211 2.2688925e-08 1.4752951e-09 7.01755e-05 4.952662e-09 1.0269874e-05 2.0174154e-10
0.511196 0.020802654 0.891087 0.4131757 6.932959e-06 0.97448486 1.7309661e-05 0.33259022 6.241036e-15 0.9426529 0.020669177 0.015312959 0.8190681 2.5187314e-08 0.028906533 0.9145681 1.9433853e-06 6.122862e-06 0.73117846 3.5842704e-06 0.14783897 7.0247205e-07 1.4776135e-06 0.00569238 1.6477487e-07 0.0004813736 0.555249 0.8889169 0.057181597 2.655392e-07 0.031624474 0.07728362 2.5730158e-06 0.000101161 0.6961435 0.93310374 0.921921 7.012675e-08 0.18819205 1.1760542e-05 2.8830565e-08 9.7832135e-08 9.487299e-08 2.3109521e-06 0.05908421 0.0005832325 0.22341804 1.0583887e-07 0.0007102902 0.6349226 0.15682508 0.04122272 5.062492e-07 0.0024640346 0.00076210976 0.033142302 5.719356e-08 5.2234195e-06 4.0598968e-07 2.3819778e-06 0.006412857 2.3361186e-09 0.0007054711 0.000189312 0.0003028471 3.5016178e-06 1.1858107e-05 8.464243e-08 3.24842e-05 2.010713e-09 1.8224206e-07 3.225952e-08 1.2683006e-07 8.372848e-08 8.213858e-09 2.722248e-06 0.0003356441 3.7167467e-08 1.0354539e-07 9.286487e-06 1.792652e-08 1.8342564e-07 0.00045530876 2.0819446e-07 7.3707446e-07 1.0192082e-07 0.00012344442 5.500531e-09 1.0352426e-07 0.0028716961 1.2751524e-06 6.6896115e-09 1.6790621e-09 0.00012849011 0.018489687 5.245996e-11 3.856013e-12 5.185223e-06 2.1560878e-11 1.0379582e-09 3.8731456e-11
0.5900975 0.5966632 0.9738636 0.54827195 0.0004963543 0.47304454 0.000539265 0.87040484 0.9426529 9.626344e-15 0.41509068 0.30841744 0.5033864 0.00018830386 0.887575 0.54917234 3.1525564e-05 0.00049237045 0.59092885 0.00035552852 0.99646366 6.812068e-05 0.0009607065 0.11053083 3.4087617e-07 0.017878642 0.25784346 0.0067614745 0.2798145 3.4814398e-06 0.05826686 0.075392425 1.0399647e-05 0.00032236613 0.08696869 0.018456219 0.37982813 0.0002372533 0.034507394 6.835971e-05 2.5077184e-06 5.7446982e-08 2.634057e-07 3.402617e-05 0.14949 0.00029626052 0.0010706866 3.0643562e-06 0.0055453866 0.0015443892 0.0013720305 5.6999743e-05 1.5633217e-05 0.00025157526 0.003303487 0.011575193 6.0248925e-07 0.00017243435 0.0001739977 7.826041e-06 0.001353578 1.3982748e-08 2.7124588e-05 0.00047571756 0.00018781263 2.7335556e-05 0.0005955899 6.393349e-07 0.0030346278 6.834797e-09 6.2990995e-07 1.7331025e-06 1.03135545e-08 2.8204406e-07 7.619219e-08 7.161468e-05 0.0013159846 5.69029e-07 8.334778e-07 0.00019618841 4.8986843e-05 4.388619e-09 0.001349781 4.368919e-08 1.3355283e-07 5.8261867e-07 0.0009014099 3.2712208e-08 4.4617043e-08 0.04851985 6.2066215e-06 4.791389e-07 1.7877171e-07 0.00033439006 0.31592855 3.2665696e-08 1.5965342e-10 0.0002373341 5.392194e-10 1.0875873e-07 3.5046943e-10
0.92746514 0.97805834 0.41088122 0.26402783 0.39558366 0.033504445 0.31677383 0.495428 0.020669177 0.41509068 3.125133e-15 0.76468205 0.05126377 0.06778759 0.8079431 0.014197076 0.26533476 0.5904041 0.0039035685 0.07065972 0.02448135 0.11178175 0.19653836 0.5018585 0.028952438 0.13907917 0.049701322 1.5081206e-07 0.98413634 0.08407047 0.0323968 0.00018001061 0.07562724 0.0069404454 0.0075572664 2.0580701e-05 0.001389233 0.024193574 0.0006506782 0.7739955 0.0029709998 0.01732974 0.012346643 0.0012443954 0.28002852 7.1294367e-06 4.0035447e-06 0.00026486255 0.7521269 0.00012332403 4.1343654e-05 3.6471743e-08 0.21860124 0.00014323244 0.0006447729 0.0022433836 0.00022557235 0.45481 0.16176486 0.00065109815 3.2821895e-06 0.000114144335 0.00023667411 0.00013258311 0.00017250591 1.312462e-06 0.0724801 0.008262508 0.0016081481 2.0849451e-05 0.00022519277 0.18112266 1.17424315e-05 2.267265e-05 2.1942647e-05 0.0003381006 0.00019737538 0.002926095 0.0009532033 0.0029528625 0.005426434 4.614353e-06 0.0028996991 4.5192708e-05 3.344093e-05 0.00044959845 0.01569966 5.1967007e-05 9.7387465e-06 0.4758284 7.516185e-05 0.00086825836 2.1395132e-07 0.0013728851 0.016688503 1.1224985e-07 8.188049e-07 0.00858953 8.20913e-05 1.4527837e-06 6.660202e-09
0.96773666 0.93224406 0.19664292 0.8720336 0.61755437 0.7055226 0.17843427 0.92059916 0.015312959 0.30841744 0.76468205 2.1479872e-13 0.21872196 0.009422883 0.008801456 0.005112246 0.16908906 0.12006502 0.00019071002 0.036652777 0.0010546744 0.0036189805 0.008134595 0.96958655 0.007552957 0.8647784 0.031178428 9.907541e-05 0.5347652 0.009675403 0.4864491 3.995156e-05 0.04326935 0.2044328 0.0024651452 0.000859357 0.00020093532 0.0021486024 0.007564459 0.05614735 0.0001706891 0.0034994632 0.003962631 0.05924484 0.76661783 0.010706841 0.00063973264 0.00017825242 0.47040305 0.00022810315 1.8387585e-06 1.9895273e-05 0.004372444 0.0021259242 3.1602642e-06 1.8860572e-05 0.00011475337 0.04496095 0.0049721277 0.0017759618 3.846934e-06 8.9569164e-07 0.00031450926 0.0003462797 0.0035874287 1.27532685e-05 0.13132572 0.0033767673 6.801635e-07 2.7563915e-06 3.3418743e-05 0.035574622 0.00013034052 0.00032938385 0.00016252419 0.017675666 5.77762e-06 0.00021736175 0.0012683437 0.015082243 0.0019401798 1.6808086e-05 0.008692903 0.00029320913 0.00070773397 7.3974836e-05 0.034813244 8.669811e-06 0.0001317986 0.31778887 0.0009517554 4.5345103e-05 4.087841e-06 0.0014891238 0.006250494 2.8754174e-08 4.843199e-06 0.003311706 1.8355409e-07 1.1285217e-06 3.3756656e-08
0.82838374 0.02185132 0.056213148 0.30037862 8.586234e-05 0.92556536 0.00013974724 0.6715969 0.8190681 0.5033864 0.05126377 0.21872196 3.66562e-12 9.179966e-08 0.0013202403 0.9682472 2.0854402e-05 8.880249e-05 0.32984862 7.7044635e-05 0.005740644 4.3136693e-06 8.4175826e-07 0.06814225 5.364664e-07 0.008406999 0.98225695 0.07631614 0.04558868 2.828496e-06 0.70415664 0.19684838 1.115731e-05 0.0086143045 0.95412195 0.06575116 0.010064282 1.9064719e-07 0.8084835 0.00020594377 9.328034e-08 9.745872e-08 3.133636e-07 0.0009936572 0.57544345 0.07240144 0.09088401 3.6895693e-07 0.021360304 0.006964387 0.00081860006 0.0010588346 3.233525e-05 0.12339946 0.0001911434 0.16280292 3.264522e-07 0.000109938424 1.2424559e-05 4.69374e-05 0.0043228846 5.646018e-09 0.01632811 0.0073071574 0.011069038 0.00055256794 0.00024264486 3.896005e-06 0.00033306796 1.9629662e-09 1.5908014e-06 1.6545655e-05 6.018874e-07 3.313982e-06 2.6896694e-07 0.0010030472 0.0016069605 2.782579e-06 5.903809e-07 0.0003112631 3.284068e-06 5.6362726e-08 0.0043959944 1.1299627e-06 3.1752832e-05 2.2854733e-06 0.0014949072 4.955677e-07 2.6410205e-06 0.01782435 9.0856025e-05 1.2931416e-07 2.4884853e-08 0.0029113605 0.10654817 1.4896705e-09 5.014446e-09 5.4993463e-05 8.386221e-09 1.05499474e-07 1.512165e-10
0.9970603 0.022427786 4.8524387e-05 3.8038477e-05 0.73948526 4.8104084e-05 0.7114063 1.36497165e-05 2.5187314e-08 0.00018830386 0.06778759 0.009422883 9.179966e-08 7.5578725e-13 2.1255055e-05 5.6675677e-08 0.9228573 0.8282885 9.92056e-07 0.26763237 7.613607e-07 0.028525114 0.06604207 0.0018403033 0.54544103 0.015653308 1.5113867e-06 5.4163923e-08 0.0013428716 0.7797562 6.507707e-05 6.7780137e-09 0.9445864 0.12164607 2.6854057e-06 9.948646e-06 2.2910612e-05 0.34864134 1.2413093e-07 0.5506969 0.0013809201 0.81575024 0.8687202 0.016425377 0.00032753168 1.6220622e-05 5.0459636e-07 0.0007281918 0.0047101183 3.5654065e-08 1.03356004e-10 1.5034405e-07 4.4534725e-05 3.3673157e-06 6.987354e-10 3.5985474e-07 0.0012219185 0.025623664 0.00013204166 0.00865514 2.9015258e-08 4.6453777e-05 8.784248e-06 0.00012836151 0.00023301615 5.788008e-07 0.17953585 0.43267336 1.2583087e-08 8.218412e-05 0.00018807448 0.046677772 3.0736417e-05 0.006352132 0.061865322 0.0052518914 1.9205305e-07 0.05675583 0.26887363 0.06087305 0.0076690787 0.0001145558 0.0005948421 5.642536e-05 0.00024386137 0.0019263062 0.008348144 0.0029421076 0.00010979435 0.00957475 0.00062669866 0.0009454427 4.694917e-05 4.3554053e-05 0.00029799185 2.7505596e-06 0.015057932 0.009947404 2.4933353e-05 8.743632e-05 3.4986606e-06
0.016014067 0.40837836 0.6560204 0.013481588 0.0010221207 0.024791043 0.0011603604 0.032070998 0.028906533 0.887575 0.8079431 0.008801456 0.0013202403 2.1255055e-05 6.7583605e-18 0.00075220724 0.00028725262 0.0004173427 0.00018933044 0.00014474621 0.999764 2.8606684e-05 9.030525e-05 0.00072510215 6.4179894e-06 0.00074401364 0.00030887823 2.068714e-05 0.9881632 8.6791515e-06 0.00019990148 2.407871e-06 2.2956498e-05 0.0001939451 7.376723e-05 4.177367e-05 0.0013241885 2.088103e-05 2.7835702e-05 0.0003938314 1.6923976e-05 1.729584e-06 8.267066e-06 9.537912e-06 8.1466365e-05 4.352675e-06 5.307602e-05 2.9513373e-07 0.0008740436 2.0390242e-05 1.6199758e-06 1.0606891e-06 3.710792e-05 6.0673156e-06 1.1503255e-06 2.8449429e-05 8.594536e-06 6.139664e-05 2.7093434e-05 7.1053876e-08 3.4838672e-06 2.0398099e-07 5.625809e-07 1.4183155e-08 6.375966e-07 1.330163e-07 9.8869736e-05 1.5241503e-06 2.6339714e-07 3.566568e-07 1.0414535e-05 6.3602815e-06 9.17011e-09 4.345408e-08 1.1932099e-06 3.0163735e-06 1.4643764e-06 2.2840745e-06 4.9596415e-06 3.2018754e-05 5.0431254e-07 1.2187348e-07 7.2370563e-06 9.2827e-09 8.65821e-08 1.2182572e-05 9.131703e-05 2.3644693e-06 1.4563655e-08 0.0005367453 9.4762484e-08 4.4461217e-09 3.1584153e-07 2.4979093e-07 0.0010482102 7.9046875e-10 4.637189e-09 4.583525e-06 1.5875132e-09 2.3636202e-09 2.2685472e-11
0.7915353 0.0029647022 0.010292963 0.09063419 1.6056132e-06 0.7300024 7.0917267e-06 0.10527388 0.9145681 0.54917234 0.014197076 0.005112246 0.9682472 5.6675677e-08 0.00075220724 2.7518344e-12 1.0498995e-06 2.8187455e-06 0.97043586 1.06157e-05 0.008478039 4.7240428e-07 2.7066653e-07 0.0029977302 1.0661283e-07 0.00024826542 0.92662126 0.62444043 0.058877587 2.5749316e-07 0.17713048 0.6098649 2.6901403e-06 0.00022585671 0.96321684 0.3483986 0.062304355 1.01107794e-07 0.8495158 2.8543189e-05 6.146152e-08 3.5857028e-08 1.7285888e-07 5.2311443e-05 0.2208052 0.012636579 0.48952782 1.5208943e-07 0.008838305 0.062573865 0.0048099137 0.014910631 1.3255245e-05 0.06020623 0.00045724012 0.39297155 1.0566924e-07 2.231527e-05 5.9730232e-06 1.1689549e-05 0.10396652 2.3018316e-09 0.009184855 0.0033276603 0.0037664492 0.00023102429 0.00013183417 1.0679921e-06 0.00073323434 7.3022135e-09 4.562759e-07 5.3195536e-06 4.7188962e-07 7.624767e-07 1.3737742e-08 0.00020593454 0.0007667916 1.2893143e-07 6.391889e-08 5.3135736e-05 4.776001e-07 7.928609e-09 0.001648835 1.2510688e-07 2.5467793e-06 2.4033181e-07 0.0005392581 8.0456566e-08 3.580517e-07 0.004836173 2.278804e-05 8.4483716e-08 6.0996332e-09 0.0019420884 0.2551839 2.3530315e-09 4.2081307e-09 6.607689e-06 8.319372e-09 1.07399565e-08 2.6407837e-10
0.9327431 0.13217698 0.0014918027 0.00011491042 0.58451474 0.00021446135 0.92436254 0.00036556157 1.9433853e-06 3.1525564e-05 0.26533476 0.16908906 2.0854402e-05 0.9228573 0.00028725262 1.0498995e-06 1.4741396e-12 0.9919397 4.9645746e-07 0.22714798 6.414743e-07 0.31543332 0.38432363 0.0839402 0.8510233 0.038589075 0.00017444283 7.6494683e-10 0.0032976419 0.8892243 0.0006359251 2.835821e-08 0.5868814 0.010570327 4.1347334e-06 2.9969567e-07 1.9506704e-05 0.69495 1.064906e-05 0.4551464 0.011696732 0.271333 0.2757936 0.0011217142 0.01696741 7.4301597e-06 1.4241812e-07 0.0029216143 0.08350392 1.2659787e-06 6.6463697e-09 1.3910586e-07 0.0021339548 4.5302036e-06 1.2204138e-06 8.82187e-07 0.0013143779 0.28097078 0.0006226221 0.007324219 9.151951e-10 0.00011751949 1.9064965e-06 3.9015064e-05 3.7948962e-06 4.4959367e-07 0.38780305 0.15292145 7.983974e-06 1.3849808e-06 0.00097068265 0.32303044 0.00030980192 0.0010657016 0.0113835065 0.00049888255 3.552164e-06 0.012349381 0.049196858 0.006470055 0.008671851 0.00011328069 0.0007047771 0.00017593411 0.0002768706 0.0009050299 0.0022209508 0.00013680167 0.00013500791 0.037440423 9.5446776e-05 0.0005123203 8.421192e-06 0.00012416996 0.00032543065 5.3208876e-08 0.0013541848 0.017690288 2.089587e-05 7.5292382e-06 4.3366715e-09
0.8228009 0.16038369 0.001187488 0.00052552106 0.14441416 0.00026642616 0.5304776 0.0009916564 6.122862e-06 0.00049237045 0.5904041 0.12006502 8.880249e-05 0.8282885 0.0004173427 2.8187455e-06 0.9919397 1.692498e-14 1.750759e-05 0.026156446 8.5593354e-07 0.056051064 0.10367897 0.033539034 0.60962534 0.012682754 0.0002917528 1.4899498e-08 0.036289662 0.81715375 0.0007912394 1.3442929e-07 0.9559614 0.0035608453 1.2228284e-05 1.7810848e-06 8.79462e-05 0.23631705 1.1727659e-05 0.9438564 0.0017187581 0.41370592 0.3177469 0.00044184297 0.008540077 2.5659963e-05 3.0830492e-08 0.0005656075 0.56318676 4.916347e-07 9.814444e-08 9.571046e-09 0.026965894 3.715443e-06 1.23671e-06 1.442914e-06 0.0002991673 0.6830418 0.013763906 0.0018588258 9.659424e-09 4.449121e-05 6.049174e-06 7.5785565e-06 1.5929749e-05 2.756665e-06 0.45738435 0.2784754 6.1342826e-06 9.006408e-07 0.00021868476 0.6310242 0.00012356727 0.00033127877 0.032136314 0.00031109928 1.11200025e-05 0.018893795 0.045190472 0.0014665476 0.026819644 2.328792e-05 0.00015589113 2.7626986e-05 0.0001199676 0.00014320212 0.0010189653 0.0002748145 2.406137e-05 0.013678692 6.9620495e-05 0.0018730349 3.1741413e-07 0.00015624761 6.3276144e-05 4.4202983e-09 0.000818154 0.0034582594 0.00012141172 8.8424736e-07 9.240128e-09
0.77005696 0.00026252685 0.0013410242 0.0013207025 6.254802e-07 0.023991907 8.655333e-07 0.003120192 0.73117846 0.59092885 0.0039035685 0.00019071002 0.32984862 9.92056e-07 0.00018933044 0.97043586 4.9645746e-07 1.750759e-05 1.127662e-10 2.695023e-07 0.032403924 1.7033126e-07 1.6454938e-07 0.0002275465 1.335718e-07 6.0956223e-05 0.7527042 0.985348 0.078832224 1.2636168e-06 0.011935145 0.38937134 9.85955e-06 2.446066e-05 0.90357774 0.86424196 0.53138924 3.189993e-06 0.65617466 6.4915316e-06 3.2395778e-07 1.18312784e-07 4.9978233e-05 5.542581e-06 0.013779575 0.0027337032 0.9432613 3.0774783e-07 0.0017774588 0.45794165 0.015061208 0.25884333 1.1521936e-05 0.012223574 0.00048196386 0.55369526 4.303272e-07 1.0213313e-05 5.4900716e-05 8.910819e-06 0.748742 7.0341324e-09 0.005235504 0.0016424281 0.0027415159 0.00012072325 0.00019320757 2.5282966e-07 0.0016533928 2.504479e-07 8.21261e-08 1.190281e-06 5.015097e-07 4.4350254e-06 5.9031592e-08 6.6094944e-05 0.0019691277 9.221044e-07 1.6352308e-06 7.0884876e-06 1.9484219e-06 2.2083468e-07 0.00077008794 2.4354446e-07 2.9600124e-06 2.002791e-06 0.00022377809 1.744765e-07 3.8449298e-07 0.0011011733 1.879694e-06 3.770871e-07 1.4274744e-09 0.0014083288 0.36340362 1.0960729e-08 1.7397178e-10 5.113092e-06 2.6738356e-09 2.6895387e-07 3.538453e-10
0.8697645 0.14446302 0.000687502 0.0012129351 0.8712742 0.00064213725 0.7851387 0.00022469506 3.5842704e-06 0.00035552852 0.07065972 0.036652777 7.7044635e-05 0.26763237 0.00014474621 1.06157e-05 0.22714798 0.026156446 2.695023e-07 6.1303073e-13 2.4985266e-07 0.9879195 0.9902683 0.0060633775 0.5963925 0.036826354 5.200726e-05 4.002468e-08 0.00037626666 0.098886654 0.0010238934 8.1270144e-08 0.023039266 0.19579788 5.5573537e-06 2.310983e-06 5.75475e-06 0.84072524 3.8352508e-05 0.022412702 0.17468211 0.06544168 0.009803482 0.042148534 0.003018818 3.991968e-05 3.1276738e-07 0.65814865 0.00036119926 4.953716e-07 1.1410079e-08 5.431265e-09 1.8189723e-05 0.00012036308 1.2175702e-06 1.8295752e-06 0.10909779 0.002908071 4.488541e-06 0.35899338 2.5720845e-09 0.009494211 7.877893e-05 1.9598408e-05 0.0008043367 4.496962e-07 0.014591968 0.002236248 1.4800562e-06 0.0025413423 0.12892774 0.0012322792 0.08992087 0.056462813 0.050228376 0.008287828 1.2786486e-06 0.0006852208 0.018971512 0.29247528 3.151763e-05 0.025983023 0.0033715384 0.024312424 0.034841385 0.001215405 0.0076790983 0.0056363516 0.047304295 0.020249281 0.01881006 7.135501e-07 0.001031135 0.00039709063 3.754791e-05 1.1205059e-05 0.0005024689 0.0824752 3.1941625e-05 0.0001628851 5.572519e-05
0.01972761 0.0011690186 0.1986656 0.036975395 3.065843e-07 0.00915933 4.28286e-06 0.10916334 0.14783897 0.99646366 0.02448135 0.0010546744 0.005740644 7.613607e-07 0.999764 0.008478039 6.414743e-07 8.5593354e-07 0.032403924 2.4985266e-07 1.4263541e-15 2.3763191e-06 3.4254585e-06 0.00022425705 1.3331638e-07 2.6623706e-05 0.0038962548 0.000550483 0.70370847 7.6066144e-08 0.00027945515 7.873124e-05 3.544795e-07 3.895394e-07 0.0013767831 0.010791917 0.61783147 5.115089e-07 0.00012961995 7.7815885e-06 6.889268e-06 3.463147e-08 9.503581e-08 4.1232628e-08 0.00026335864 2.1053481e-06 0.00056675385 8.2767804e-07 0.00023801024 0.004330966 0.000491873 4.196814e-05 1.1655592e-06 3.8790217e-06 2.397712e-05 0.00025337606 4.0352875e-06 1.4869094e-06 1.3023912e-06 6.11882e-07 0.00039723213 2.7100238e-08 1.6547998e-06 2.1813403e-06 9.614599e-06 9.549825e-08 2.5306439e-05 2.7261732e-08 2.5443236e-05 1.9425558e-07 3.4194464e-08 1.3519478e-07 8.056098e-08 3.3695994e-08 5.1687103e-09 6.602785e-07 1.8913383e-05 7.46937e-08 1.0305342e-07 5.558251e-07 3.0004368e-09 6.338446e-08 4.159825e-06 9.175311e-08 1.2853998e-08 2.3740506e-07 4.2932248e-07 1.580915e-08 2.0007415e-07 0.0002678817 3.9220897e-08 4.1433465e-10 4.879013e-09 4.5427146e-06 0.042936403 4.042927e-11 3.8508485e-11 1.6412458e-06 1.1300017e-11 2.495576e-09 1.2220936e-11
0.9147196 0.048695914 0.00027201357 0.00011985588 0.66188115 0.00012032257 0.9251103 2.2770613e-05 7.0247205e-07 6.812068e-05 0.11178175 0.0036189805 4.3136693e-06 0.028525114 2.8606684e-05 4.7240428e-07 0.31543332 0.056051064 1.7033126e-07 0.9879195 2.3763191e-06 4.5050526e-11 0.8715842 0.00095164333 0.89546484 0.0049413545 1.9554574e-05 8.603273e-09 0.00046449373 0.2237219 0.00019341978 1.4605993e-08 0.04254515 0.0389739 4.5760456e-07 9.276704e-08 3.3654312e-06 0.5075688 3.7365105e-06 0.022822311 0.7925488 0.20884028 0.034171533 0.0046233637 0.000677615 1.8575887e-05 7.3965275e-08 0.9273229 0.0007171553 1.3589435e-07 7.771698e-09 7.917683e-09 3.784448e-06 3.3007236e-05 2.789249e-07 9.5917926e-08 0.58411866 0.004378787 4.6430773e-06 0.5408166 5.5247696e-08 0.05852837 7.4076606e-06 3.7335187e-06 0.00012929253 3.2815697e-06 0.0033379267 0.0056419335 1.4984863e-07 0.041272096 0.28548527 0.00037493685 0.49857202 0.26648158 0.26786995 0.0018200257 1.01706625e-07 0.00062674104 0.10743259 0.050970744 8.130973e-05 0.09172939 0.0011943774 0.060148325 0.044728883 0.018688936 0.002010347 0.028887114 0.1142292 0.018115846 0.028426204 2.6283456e-05 0.007503484 0.00011995009 4.3914664e-05 6.642315e-05 0.0017828192 0.13625535 3.651913e-05 0.0014153526 0.00051937235
0.9878274 0.05005417 0.00016090133 4.165818e-05 0.32310894 3.2903336e-05 0.12214744 7.193972e-06 1.4776135e-06 0.0009607065 0.19653836 0.008134595 8.4175826e-07 0.06604207 9.030525e-05 2.7066653e-07 0.38432363 0.10367897 1.6454938e-07 0.9902683 3.4254585e-06 0.8715842 6.2406986e-09 0.0014529605 0.7121488 0.01555016 6.5080885e-06 2.2259078e-08 0.0062478455 0.28495166 6.600129e-05 6.409893e-09 0.104474835 0.13722119 2.3182928e-07 6.0778907e-06 7.211534e-05 0.91481656 9.697239e-07 0.05078116 0.4699417 0.3465839 0.15205319 0.013504763 0.0009330932 1.6014927e-05 2.2266289e-07 0.54908866 0.0035507043 1.4721793e-07 6.644621e-09 5.8285902e-08 9.289812e-05 6.3844145e-06 4.336838e-08 3.7733858e-07 0.22227049 0.01546923 0.00018141103 0.75657684 5.2621854e-09 0.048899036 1.1213023e-05 4.0624887e-05 0.00013233023 3.484743e-07 0.017781354 0.020526437 1.3568521e-07 0.034237813 0.093697496 0.0014920858 0.044146072 0.30427098 0.30006832 0.015001007 1.2890489e-07 0.0017095293 0.38239157 0.46839923 0.00042733504 0.04179284 0.0005217055 0.03464492 0.042520836 0.12135515 0.015571203 0.08730242 0.06034276 0.06346252 0.09502704 0.00011832707 0.017069692 0.00013728472 5.1141284e-05 0.00047561663 0.0031498321 0.36462638 4.3004908e-05 0.015922602 0.0035058619
0.94001627 0.728216 0.048642423 0.44476718 0.31552067 0.24895947 0.04090319 0.5347527 0.00569238 0.11053083 0.5018585 0.96958655 0.06814225 0.0018403033 0.00072510215 0.0029977302 0.0839402 0.033539034 0.0002275465 0.0060633775 0.00022425705 0.00095164333 0.0014529605 1.3248751e-12 0.0056306324 0.9896334 0.043312978 0.00025656723 0.18616931 0.0024243102 0.9206364 5.319363e-05 0.012244955 0.43545875 0.004550522 0.0008564157 0.0007342059 0.0005160879 0.007297515 0.020512005 3.9818733e-05 0.0008600703 0.0012791998 0.052053213 0.88077843 0.15765603 0.0016284434 8.955729e-05 0.33605683 0.00014918609 1.28056745e-05 8.721725e-06 0.0012771514 0.016164953 2.1051366e-05 9.14399e-05 9.5312964e-05 0.020808578 0.00052299147 0.001476391 2.7188506e-05 1.601643e-06 0.0012889445 0.001660286 0.069904 0.0003411564 0.07437154 0.003612241 1.1485469e-05 7.0641426e-07 8.391114e-06 0.026906012 5.9369184e-05 0.0002322873 0.00024338324 0.16046058 5.8462687e-05 0.00010533143 0.0005652848 0.029433763 0.00022937862 6.1976484e-06 0.049306434 0.00026085973 0.0013640226 6.744819e-05 0.1165499 1.8407516e-06 0.0002913716 0.44381478 0.00088153075 3.6394817e-06 1.4903122e-06 0.004229738 0.004755012 4.0389154e-09 1.7609607e-06 0.002631678 5.3048637e-09 1.5508587e-07 9.2192104e-10
0.93115574 0.016677454 0.00014315787 1.7485304e-06 0.159048 1.4646655e-06 0.92415875 5.696325e-06 1.6477487e-07 3.4087617e-07 0.028952438 0.007552957 5.364664e-07 0.54544103 6.4179894e-06 1.0661283e-07 0.8510233 0.60962534 1.335718e-07 0.5963925 1.3331638e-07 0.89546484 0.7121488 0.0056306324 7.97948e-16 0.005557489 1.886514e-05 1.3479189e-10 0.00023155675 0.9897451 3.808748e-05 3.6175962e-09 0.12822527 0.0056831264 2.1100989e-07 1.7243605e-09 1.0808512e-08 0.93018097 1.06739606e-07 0.12758845 0.4201744 0.6521145 0.110802785 0.00040422706 0.001273068 1.9265899e-07 7.511655e-09 0.15238361 0.0006176507 8.500921e-08 3.2271892e-08 4.455245e-10 3.758698e-06 5.266996e-07 6.477206e-07 8.1898335e-08 0.21339151 0.012025742 2.2250728e-05 0.077168696 1.9912287e-10 0.011616376 6.234263e-07 9.933397e-07 2.4588207e-06 3.082026e-08 0.008634081 0.026835348 1.2796249e-05 0.0015115654 0.3753032 0.003891175 0.026690448 0.37404418 0.32479626 0.00021641255 4.8144584e-06 0.018443858 0.20854451 0.0052189706 0.00079241965 0.072962455 0.00012565724 0.0077660196 0.004273899 0.045153562 0.0009682238 0.02019276 0.0044074603 0.0061935866 0.0020223355 0.00022463442 0.004484673 6.964998e-05 3.2073425e-05 1.3633234e-05 0.007000786 0.0321684 0.00027331687 0.000990492 4.0185705e-06
0.88176984 0.4416285 0.0076905387 0.084062226 0.4852052 0.064609244 0.14475755 0.088584445 0.0004813736 0.017878642 0.13907917 0.8647784 0.008406999 0.015653308 0.00074401364 0.00024826542 0.038589075 0.012682754 6.0956223e-05 0.036826354 2.6623706e-05 0.0049413545 0.01555016 0.9896334 0.005557489 3.3431503e-14 0.0026182237 2.925897e-05 0.0036036132 0.0019257963 0.60239536 1.1942008e-05 0.009489942 0.99235636 0.0010369186 4.6193923e-05 2.9443883e-05 0.0037392185 0.0010532873 0.0020588455 0.00026398347 0.00032729062 0.0005394078 0.5195092 0.67592704 0.021178389 0.0008757874 0.0008041089 0.020916235 0.00012502717 3.378729e-06 4.0441137e-06 8.387037e-05 0.0016552198 8.689645e-06 1.765071e-05 0.00046745516 0.0020629286 1.2214134e-05 0.01302918 1.237864e-06 2.4032748e-05 0.0005090492 0.00061967125 0.037764266 2.6450098e-05 0.49344754 0.0011262821 1.2160872e-06 3.602831e-06 4.075931e-05 0.0054984055 0.0001782939 0.00045894433 6.280343e-05 0.53185487 1.6028234e-05 5.9594277e-05 9.03497e-05 0.38677788 0.000110810506 3.0474897e-05 0.041811667 0.0015710304 0.0037228826 0.00011178925 0.27422014 5.304164e-06 0.0010303285 0.46420684 0.0077428515 1.9587935e-06 2.1910037e-06 0.0026109654 0.0010744657 2.8001415e-09 6.3026755e-07 0.013258856 5.874862e-09 2.421424e-07 5.3437765e-10
0.9278917 0.043141495 0.042176034 0.46903518 0.0006837833 0.41881406 0.00023118209 0.9357479 0.555249 0.25784346 0.049701322 0.031178428 0.98225695 1.5113867e-06 0.00030887823 0.92662126 0.00017444283 0.0002917528 0.7527042 5.200726e-05 0.0038962548 1.9554574e-05 6.5080885e-06 0.043312978 1.886514e-05 0.0026182237 5.9116344e-11 0.04367335 0.046238758 6.9261923e-06 0.8879375 0.24539593 5.6113746e-05 0.0012298778 0.9486719 0.040539935 0.0030428374 2.199365e-06 0.7101814 2.2679353e-05 2.1126937e-06 6.000786e-07 1.2841813e-05 0.00022598641 0.66771114 0.36748764 0.068966836 1.4757321e-06 0.015592326 0.0035614497 0.00012035482 0.0005291911 1.4007795e-05 0.29799306 5.1808016e-05 0.08235598 1.7482571e-06 7.151974e-05 2.6833668e-05 3.9010934e-05 0.003204067 9.649959e-09 0.042148802 0.0037058 0.02438384 5.2097315e-05 0.0005889032 4.5607335e-06 6.948524e-05 1.518923e-07 1.1977703e-06 4.4739012e-05 1.7535102e-06 1.1641844e-05 1.9603847e-07 0.0016208383 0.00014278946 8.1661364e-07 5.2438786e-06 0.00015026686 2.2118998e-06 3.6210136e-07 0.008490467 4.171803e-06 4.1867235e-05 4.803947e-06 0.0021927932 2.636779e-07 4.5878155e-06 0.039646685 3.2632055e-05 3.3882782e-07 2.3300758e-07 0.0033320158 0.28819337 3.277596e-09 5.3253856e-08 4.7133963e-05 1.5665192e-08 2.2571832e-07 7.774481e-10
0.44608766 1.9582558e-06 0.0061501483 8.7099266e-05 2.340213e-09 0.037243195 4.2107985e-08 0.005783241 0.8889169 0.0067614745 1.5081206e-07 9.907541e-05 0.07631614 5.4163923e-08 2.068714e-05 0.62444043 7.6494683e-10 1.4899498e-08 0.985348 4.002468e-08 0.000550483 8.603273e-09 2.2259078e-08 0.00025656723 1.3479189e-10 2.925897e-05 0.04367335 2.4592464e-18 2.6970183e-05 2.66618e-10 0.0031155578 0.8779584 1.8313233e-09 4.8853667e-06 0.2753522 0.94534427 0.07443366 3.8132274e-08 0.10310526 1.2130262e-09 6.521508e-10 1.7702173e-11 3.4460382e-10 5.7277214e-07 0.0035172529 0.00048286372 0.9032767 7.355776e-10 2.8646457e-07 0.9632382 0.8437704 0.6737177 7.736546e-08 0.0011436128 0.025634585 0.16637637 4.701102e-10 4.4899828e-10 1.0331728e-08 1.878694e-08 0.44955683 3.206319e-10 0.001078582 0.0018090553 0.00024217373 3.5861147e-05 2.5913927e-05 9.0258655e-11 0.007833617 1.3380695e-10 1.3362746e-09 7.4397696e-11 2.9737631e-08 1.4081646e-11 9.763904e-11 1.8494002e-06 0.0022358536 3.320742e-10 2.2138005e-10 9.2809836e-07 3.085677e-09 1.4578898e-10 0.00042286384 4.4355064e-10 2.5410813e-09 1.5443666e-08 9.358487e-05 8.379729e-09 4.6452002e-09 0.00026034945 4.8067574e-07 8.2391005e-10 2.0394788e-11 0.00050558656 0.007029379 6.147916e-10 1.5711624e-13 6.838061e-08 9.5699414e-11 2.8972869e-10 1.0415048e-11
0.8734976 0.41079524 0.32500905 0.79506695 0.0016549987 0.003848116 0.0012567954 0.89988804 0.057181597 0.2798145 0.98413634 0.5347652 0.04558868 0.0013428716 0.9881632 0.058877587 0.0032976419 0.036289662 0.078832224 0.00037626666 0.70370847 0.00046449373 0.0062478455 0.18616931 0.00023155675 0.0036036132 0.046238758 2.6970183e-05 2.0057612e-12 0.0011319624 0.0038006897 0.00071647303 0.0034136958 5.470488e-05 0.0076882024 5.0071736e-05 0.005181916 0.00048020596 1.5069631e-05 0.36013886 0.00012955679 0.00019122104 0.0013533186 3.9792326e-06 0.039724406 4.2995166e-06 1.4824655e-05 6.2360584e-07 0.9596673 5.9429287e-05 4.0278075e-05 7.2539603e-07 0.13833804 1.8563986e-05 0.00021480706 0.00081752345 3.6584945e-05 0.034277953 0.30883032 1.5345436e-06 4.593778e-06 1.7946603e-06 7.185765e-06 1.13737876e-07 5.4730317e-06 7.530189e-07 0.004111852 0.00078995345 9.401255e-05 8.916017e-05 7.090871e-07 0.15465131 3.502411e-07 1.3088072e-06 6.636158e-06 1.813255e-05 4.5289767e-06 0.0008831973 0.001728458 2.8446366e-05 0.0010652078 7.160894e-07 2.6891925e-05 9.846502e-07 2.5140569e-06 3.9528157e-05 0.00024273395 1.1762292e-05 1.2967781e-06 0.22749878 1.0815412e-06 0.0001066124 6.591303e-07 1.0516968e-05 0.5036102 1.4270933e-07 4.7572844e-06 0.00030804015 1.3852397e-06 4.037133e-07 3.0615885e-09
0.8038703 0.010450503 0.0001926396 8.7601875e-06 0.072822034 2.8233726e-06 0.38104388 2.4070987e-05 2.655392e-07 3.4814398e-06 0.08407047 0.009675403 2.828496e-06 0.7797562 8.6791515e-06 2.5749316e-07 0.8892243 0.81715375 1.2636168e-06 0.098886654 7.6066144e-08 0.2237219 0.28495166 0.0024243102 0.9897451 0.0019257963 6.9261923e-06 2.66618e-10 0.0011319624 3.323528e-15 1.3157261e-05 1.6553757e-08 0.6910014 0.0018071913 1.1535977e-07 7.299512e-09 4.5760626e-07 0.77823144 9.2722466e-08 0.53207517 0.039258268 0.9777586 0.6313668 0.00021021442 0.00054008287 1.5257143e-07 5.3106337e-09 0.010550849 0.0011082622 1.424814e-07 1.0387375e-07 7.793604e-10 0.00012667624 1.3479337e-07 1.644751e-06 1.6536182e-08 0.01654516 0.078698985 9.3812996e-05 0.0076290565 3.9601894e-10 0.0024315624 9.665751e-08 4.2978886e-08 4.7143263e-07 2.8157656e-08 0.007097739 0.40462944 4.4149564e-07 0.0001132729 0.042401217 0.13339427 0.0022762476 0.09037361 0.56545454 3.0979612e-05 1.1585579e-07 0.11400048 0.5067418 0.0014967333 0.01846662 0.0055574304 2.470987e-05 0.0009812354 0.0005197957 0.033745565 0.00017004505 0.011365743 0.00038895535 0.0042984183 0.00012196715 0.002768921 0.00023044623 1.7798242e-05 1.9699506e-05 2.4438182e-07 0.017693443 0.009091156 0.00074496545 0.00016178114 1.4804417e-06
0.9207843 0.045315225 0.0112583 0.1436627 0.010070196 0.38047874 0.0025997818 0.5736997 0.031624474 0.05826686 0.0323968 0.4864491 0.70415664 6.507707e-05 0.00019990148 0.17713048 0.0006359251 0.0007912394 0.011935145 0.0010238934 0.00027945515 0.00019341978 6.600129e-05 0.9206364 3.808748e-05 0.60239536 0.8879375 0.0031155578 0.0038006897 1.3157261e-05 3.551252e-14 0.015181259 4.344661e-05 0.25980282 0.6615755 0.00067674735 0.0002014991 5.7275684e-05 0.71437776 1.42093595e-05 6.091104e-06 1.8111396e-07 2.3949729e-06 0.06565948 0.9685268 0.9750778 0.0061980095 1.7246928e-05 0.0050731157 0.0009016322 4.365132e-05 3.2855325e-05 8.487395e-06 0.35953516 6.9705464e-05 0.01924415 5.032904e-06 0.00039320014 5.1479824e-06 0.0004902718 0.00012581312 8.083419e-08 0.19892801 0.026179973 0.59091014 0.00050664414 0.0014308589 1.865269e-06 4.2088097e-05 4.5702556e-08 9.4022215e-07 6.5167e-05 3.4823724e-06 6.9382537e-07 2.9995303e-07 0.07727651 0.0001725959 1.4950062e-07 2.634871e-07 0.007553245 9.1609587e-07 5.061729e-07 0.3236884 7.597498e-05 0.0012294644 2.4909156e-07 0.119255155 4.5792603e-08 9.7849734e-05 0.5170672 0.0013246136 2.1977398e-08 7.681731e-08 0.012521833 0.034908153 8.093774e-11 2.051924e-09 0.0015632586 1.6695957e-10 3.812811e-09 1.2040191e-11
