2.9001254e-16 0.71064 0.11307284 0.36478066 0.42889655 0.9605106 0.6704366 0.9010413 0.12986684 0.9795498 0.9522097 0.96386534 0.38014436 0.73503566 0.35423478 0.9817179 0.00291288 0.6999583 0.9519176 0.8551353 0.10258734 0.79963726 0.57940435 0.82851595 0.23785125 0.8856109 0.98170614 0.6630949 0.8355959 0.0004813196 0.20566647 0.79691535 0.9912036 0.8361394 0.011052133 0.9727386 0.96170557 8.7761546e-05 0.35559076 0.678015 0.0904106 0.33592343 0.06556211 0.00013631329 0.20737973 0.37383083 0.9745747 0.020623295 0.9883479 0.97236985 0.88093954 0.994091 0.94356084 0.07844798 0.98938113 0.9429566 0.9353896 0.9724873 0.951176 0.7791304 0.73777235 0.9929364 0.2013473 0.8678071 0.92780757 0.9737581 0.8369687 0.019181723 0.96012574 0.8997503 0.008729124 0.0008328458 0.01130404 0.056591094 0.85524243 0.9251513 0.97713417 0.9159191 0.9853159 0.87984186 0.37240833 0.9415296 0.9098902 0.9985702 0.90373737 0.058506947 0.98470324 0.99871784 0.99046344 0.9387587 0.9129379 0.99924403 0.86007005 0.9990041 0.99970526 0.8251449 0.7842958 0.9996035 0.057347983 0.99998397 0.99993
0.71064 4.5756995e-15 0.9737265 0.35659215 0.9638947 0.98219794 0.16947147 0.90391266 0.8826633 0.1938102 0.48120943 0.703845 0.42694253 0.0411156 0.029291444 0.014313926 0.68630743 0.014116011 0.027149705 0.1280471 0.057166662 0.0026085004 0.004255929 0.009462763 0.00028568745 0.010878463 0.0002195656 0.29044482 0.00088153913 0.07135704 7.106076e-05 1.818981e-07 0.55199397 1.7735973e-05 0.601387 0.0007934416 0.36305457 0.0067029214 7.617443e-05 0.0007003874 2.5208224e-06 4.62633e-06 3.3034914e-05 0.035920307 0.0022324796 3.8964846e-08 0.005480723 9.849583e-07 2.0820897e-05 1.5446232e-06 3.8417575e-06 0.036874797 1.1603902e-05 5.737972e-09 0.02949727 1.3426787e-05 0.000112734495 0.004076176 1.0867185e-07 4.5275232e-05 1.0131185e-07 0.0027960443 2.3150935e-09 6.239265e-05 1.8232097e-07 4.1927086e-07 4.256176e-09 3.0285717e-06 0.00019346164 7.301322e-05 9.841265e-07 1.4431639e-05 8.722336e-07 2.8265634e-09 6.894795e-06 1.5938205e-06 3.9445873e-05 3.6039877e-05 0.00044449547 2.419431e-06 7.194164e-08 1.3503558e-06 2.8374483e-05 4.2533584e-06 7.4956195e-05 5.993105e-07 5.593297e-06 7.586008e-07 0.0006834981 8.050469e-06 5.08866e-05 4.1377433e-08 0.00021544182 9.1567665e-05 0.0019635088 7.1635446e-07 1.1340878e-06 5.919943e-06 1.5192481e-06 2.9404216e-06 0.0003364998
0.11307284 0.9737265 1.1893071e-14 0.9962623 0.85150826 0.62051904 0.9159102 0.83231354 0.60511434 0.29283503 0.13142398 0.22957487 0.042764556 0.015011369 0.0062020244 0.057011817 0.28707135 0.53072065 0.051117674 0.0133223 0.73580587 0.000225816 0.0036679464 0.00066160125 3.949377e-06 0.0008872812 0.0032425218 0.31053498 0.0010961682 0.39449543 0.0018488165 0.00010808061 0.7264389 0.00017141028 0.7089498 2.1912638e-05 0.0037461286 0.03546779 2.3421276e-06 1.77299e-05 9.034206e-06 3.612032e-07 4.9001305e-06 0.030630127 0.00010430792 3.059445e-06 0.012339669 1.6552023e-06 7.59305e-07 0.00038440299 7.139844e-05 0.025339013 0.0008027711 1.268952e-06 0.0024575586 0.00032285685 3.4438985e-05 0.0007033583 8.223409e-06 2.1772087e-06 7.045392e-05 0.0060835658 3.0606268e-06 1.3110865e-05 6.927187e-05 8.218898e-05 7.706425e-09 1.6431117e-07 0.00023117679 6.0341017e-06 5.055385e-09 3.5084702e-06 8.29871e-08 3.107732e-09 8.7129257e-07 9.977126e-07 9.775315e-06 1.2169589e-05 0.00043899906 5.4542113e-08 3.142631e-06 2.3878445e-07 2.2220383e-05 1.7138867e-06 0.00039114352 3.2353245e-08 2.43079e-05 1.1111014e-05 0.0002808798 1.5447122e-05 0.00024065467 1.03122616e-07 1.6778866e-06 0.00034821383 6.764834e-05 4.4607084e-08 8.933047e-09 2.3179415e-05 6.0486e-07 6.0046354e-08 0.00013351788
0.36478066 0.35659215 0.9962623 9.498668e-16 0.090184025 0.5514642 0.98185354 0.8821363 0.11975974 0.71568626 0.15867618 0.3106832 0.004924264 0.026823124 0.00257819 0.26407126 0.009072309 0.5416004 0.21862781 0.008690748 0.5826105 0.00018045872 0.006882853 0.00080840325 1.4158924e-06 0.00046750152 0.014646322 0.25981525 0.003915787 0.03760897 0.0023423466 0.0005725624 0.7717568 0.0006011082 0.31345922 1.227756e-05 0.0015173254 0.0014539558 6.0368125e-06 2.1296119e-05 6.249019e-05 2.4622338e-07 1.090926e-05 0.0034472963 2.9017876e-05 1.0822051e-05 0.07225845 1.5823654e-05 1.3573874e-06 0.0014643304 0.00030497822 0.06774896 0.0016195866 5.906707e-06 0.0013930202 0.0014143101 4.1400148e-05 0.0010997775 0.00014485049 3.025754e-06 0.0002013222 0.02175692 4.7253297e-06 1.3691385e-05 0.00036417146 0.00040029647 2.3446228e-07 3.361859e-07 0.00043613915 1.0339915e-05 4.7494503e-08 9.758623e-06 2.1048807e-06 1.814728e-08 4.6523692e-07 2.4877095e-06 1.1161045e-05 1.3257735e-05 0.0011390598 4.2750273e-07 2.1758977e-05 1.936021e-06 6.9733855e-05 4.9248297e-06 0.00089140324 6.9415558e-09 0.00014969589 6.557327e-05 0.00042155103 5.7844263e-05 0.00094776426 5.569145e-07 5.672846e-06 0.0007660395 6.353089e-05 5.3671325e-08 2.131911e-08 8.9408975e-05 8.084942e-07 9.105606e-07 0.00016713835
0.42889655 0.9638947 0.85150826 0.090184025 5.6688204e-16 0.96015054 0.01302174 0.7422751 0.9767865 0.019677948 0.47081953 0.43061963 0.9265805 0.0058849454 0.06234256 0.0022738315 0.9276183 0.0010673112 0.0054791137 0.19767144 0.011388773 0.01051898 0.0002802529 0.015322784 0.0013019318 0.042219166 7.108482e-05 0.0035058938 0.000276561 0.016245624 6.7440055e-06 6.185927e-08 0.04587414 1.311947e-05 0.22046301 0.00065816304 0.7574195 0.012962792 8.431462e-06 0.0010600198 2.0546585e-08 1.3708989e-06 1.7376546e-07 0.0008578303 0.0036762604 4.9763633e-09 0.0039905007 1.5429558e-07 0.00018850958 4.781844e-05 4.6318964e-06 0.015490629 7.60968e-05 2.9099876e-09 0.10463606 1.4712587e-05 0.00028305902 0.01055089 1.3826395e-06 1.6465612e-05 5.3052304e-08 0.0021915273 3.6120662e-09 3.343953e-05 2.7654795e-07 2.2298964e-06 8.2774596e-07 7.483791e-07 0.00010686769 4.089594e-05 6.3406226e-08 1.6109508e-06 4.7958853e-08 4.6355594e-10 1.4562029e-06 8.7752335e-07 0.00083303446 0.0001026796 0.00013305811 1.4490014e-07 1.134134e-08 9.268937e-05 0.00020188476 6.1600505e-05 0.0002040632 1.4261539e-06 7.074377e-05 7.653107e-07 0.0030260244 3.5820543e-05 0.00014667583 1.5665806e-06 0.00077062385 0.00056463614 0.043677036 2.0871244e-06 2.0141775e-05 0.0002162702 6.8095055e-06 0.00027342528 0.003346405
0.9605106 0.98219794 0.62051904 0.5514642 0.96015054 4.3131648e-11 0.25830308 0.8023887 0.89664084 0.00367332 0.8425703 0.91843146 0.01439076 0.08323375 0.027527964 0.0004187812 0.3226279 0.016140066 0.010495212 0.124688394 0.0037378583 0.001404953 0.007503323 0.0020006455 1.736409e-05 0.0014183549 4.8883427e-05 0.6694995 0.0035512901 0.050913975 5.016922e-06 1.1363835e-05 0.6928737 7.0115355e-05 0.7485529 5.8082627e-05 0.07322391 0.009486947 1.1635672e-05 1.14868935e-05 1.8481904e-06 9.932568e-06 3.0646064e-05 0.020970425 0.000120863326 3.2221197e-07 0.017463526 5.3746576e-06 1.9382303e-06 2.419748e-07 7.0211145e-06 0.27078962 7.675133e-06 7.8724966e-08 0.11724134 2.1302132e-05 0.00016795726 0.008004059 1.5981057e-07 3.1241577e-06 8.915856e-09 0.010742322 9.506549e-07 2.2518705e-05 8.38325e-08 3.5705466e-07 7.646369e-08 1.0998688e-06 0.004240766 1.1967695e-05 4.839374e-07 6.589741e-06 1.3771337e-06 4.5895124e-10 1.3451003e-06 2.1641215e-06 4.134377e-05 7.2226317e-06 0.0005664872 8.750719e-08 2.957811e-08 1.8734339e-08 0.0001125857 1.7187662e-06 0.00029471624 6.88313e-07 2.228829e-06 3.4242237e-08 0.0027157266 9.070038e-05 1.210596e-05 1.9470431e-10 2.0832118e-05 0.00034509637 0.0074994415 6.178828e-08 8.242107e-07 4.996348e-06 1.04138586e-07 9.5881894e-08 0.0007351605
0.6704366 0.16947147 0.9159102 0.98185354 0.01302174 0.25830308 9.914461e-16 0.86774415 0.03843869 0.9861805 0.072908044 0.15902032 0.0022949409 0.054532148 0.004858188 0.8457826 0.00034140667 0.9289489 0.6142165 0.0033356447 0.6689903 0.00015425078 0.014143865 0.0002582951 8.2243304e-07 0.00013806566 0.23893091 0.19610836 0.010221145 0.014131379 0.07395765 0.020087393 0.83795965 0.014068409 0.020234548 6.380616e-06 0.00052801607 4.638543e-05 1.4198238e-07 2.7556557e-06 0.00033313243 6.3266576e-08 0.0004846984 8.12612e-05 7.425721e-07 3.211423e-05 0.3266428 9.561253e-06 1.3613277e-07 0.028037716 0.002547932 0.15695158 0.021691307 1.4866038e-05 0.0011771669 0.020370739 8.702122e-05 0.00093761756 0.00052201556 2.4423725e-06 0.0027395387 0.18586831 3.325368e-05 1.9969408e-05 0.0022168097 0.0027102223 5.236045e-09 5.8398406e-08 0.0013308667 8.922103e-06 3.5658876e-09 0.00012778147 4.967738e-07 3.6106563e-08 1.3867664e-06 2.0547175e-06 5.1127895e-06 1.9235258e-05 0.01207999 2.1574209e-07 0.00018081084 7.402035e-07 0.00013956356 1.5565552e-06 0.008795812 1.2317768e-08 2.5886166e-05 0.0003913448 0.00063106685 8.004486e-05 0.0031863265 3.624031e-06 1.5330728e-05 0.005769254 4.2301166e-05 2.211603e-07 9.0771675e-07 5.68678e-05 4.307021e-05 2.607826e-06 0.000527826
0.9010413 0.90391266 0.83231354 0.8821363 0.7422751 0.8023887 0.86774415 7.707816e-14 0.6962474 0.31495264 0.9054648 0.94953185 0.020596696 0.90225554 0.043233845 0.10318086 0.04860035 0.34002137 0.8267988 0.13434595 0.15014021 0.0016956279 0.23302433 0.002122546 5.828932e-07 0.0019898282 0.017207796 0.45784774 0.07793926 0.018959245 0.0017403921 0.0012348869 0.9402474 0.00044526934 0.23465814 4.9016755e-05 0.008203768 0.00044434392 1.4250425e-05 1.4869164e-06 6.229799e-05 8.437882e-06 1.4492668e-05 0.0022355944 7.019786e-05 1.9095007e-06 0.21471445 9.350412e-07 7.475451e-09 0.0001775744 2.3370715e-06 0.60212976 0.00067895657 5.395613e-07 0.03200776 0.0011699415 0.00023907673 0.013113173 5.5461076e-08 3.3593096e-06 9.9583485e-06 0.064959854 2.016751e-05 2.1939257e-05 3.1622614e-05 2.798684e-05 3.7726284e-08 3.6376514e-07 0.013973166 1.4931005e-06 3.5599705e-08 3.533604e-06 8.6979846e-08 4.107256e-09 2.5450893e-06 3.1671852e-06 3.72426e-07 5.662794e-07 0.014414831 2.7230554e-08 0.00010364454 9.60285e-08 0.00037699044 2.467544e-07 0.0046519754 6.4632726e-09 1.4941883e-05 3.3100714e-06 0.003631766 0.00027822395 0.00088836416 8.241132e-09 2.271417e-06 0.0068953717 0.00051659433 1.002643e-08 7.363491e-08 0.00013409198 2.6790799e-08 9.3676334e-08 0.006933618
0.12986684 0.8826633 0.60511434 0.11975974 0.9767865 0.89664084 0.03843869 0.6962474 2.7675315e-15 0.030406415 0.39660513 0.38064006 0.34876993 0.0054656332 0.02235095 0.0073107956 0.99969995 0.00061961624 0.008006184 0.13762297 0.009171992 0.009417439 0.0010385173 0.010906719 0.00028241135 0.027887814 0.0016131971 0.004058959 0.0003666434 0.011306532 0.00018997415 1.8343954e-06 0.07376915 0.00052958017 0.13001433 0.0027617414 0.5196298 0.057031624 0.00023647398 0.00085566996 2.5466966e-06 1.47925275e-05 9.764088e-06 0.005598567 0.0005833376 4.2761977e-07 0.009114129 1.2416007e-05 0.00036290096 0.0008628392 6.5437715e-05 0.015215479 0.00029718073 2.7569833e-08 0.026825862 3.251169e-05 0.00012354876 0.009883458 5.6028453e-05 9.728238e-06 6.647394e-06 0.00312259 4.81899e-07 9.2516275e-05 5.368044e-06 6.826565e-05 9.2314616e-07 6.261463e-07 6.0345308e-05 6.998396e-05 1.6755024e-06 8.207775e-07 7.6871356e-07 1.5991322e-08 2.78136e-05 5.521204e-06 0.0004102821 1.5723708e-05 0.00042790233 4.5800536e-07 7.1032025e-07 0.00011959464 0.00024343777 4.76806e-05 0.00066420395 8.409398e-09 9.119797e-05 6.163262e-06 0.0023452414 8.12316e-05 0.00042296003 7.3033875e-06 5.5330147e-05 0.001568015 0.010737016 3.6682433e-08 5.194332e-07 0.00017024139 3.7772887e-07 8.6009604e-05 0.0013659217
0.9795498 0.1938102 0.29283503 0.71568626 0.019677948 0.00367332 0.9861805 0.31495264 0.030406415 3.0703218e-11 0.013622072 0.11048441 0.0003430068 0.064356856 0.00016039865 0.8997097 7.8071476e-05 0.6704883 0.9298874 0.00019383691 0.25584078 0.00016872432 0.022895662 3.4251203e-05 1.5314923e-06 1.4201855e-05 0.31385046 0.87244886 0.029409878 0.034823503 0.020882176 0.09159562 0.5890501 0.050672423 0.11663346 2.0987368e-06 0.00015026958 0.00022030786 1.6841356e-06 2.6451041e-06 0.00045102526 1.5296635e-06 0.0009740646 0.0012339687 8.118138e-06 4.7867994e-05 0.7987025 1.3976956e-05 1.4825511e-08 0.003321709 0.00034755544 0.57010263 0.00453747 1.2489126e-05 0.00036394352 0.005773473 7.598299e-06 0.00012684209 6.49771e-05 1.0279649e-06 4.475826e-05 0.7539336 0.0004912423 8.439024e-06 0.00017892329 0.0002763393 3.5826947e-08 3.2065614e-06 0.0020036625 3.4988138e-06 9.2970527e-07 0.00012287781 2.0706984e-06 2.0159712e-08 1.5464551e-06 4.1435046e-06 7.3764903e-07 1.1044999e-06 0.027315076 1.3985475e-07 0.00018514224 1.147677e-06 5.282636e-05 8.305852e-08 0.011702355 8.744478e-08 1.1846776e-06 3.5227113e-05 0.0010190518 0.000117925796 0.0010752889 2.712928e-06 4.925623e-06 0.024682824 0.0001455277 1.2482587e-07 2.4092182e-07 1.1878854e-05 9.7958555e-06 1.9349439e-07 0.0006677292
0.9522097 0.48120943 0.13142398 0.15867618 0.47081953 0.8425703 0.072908044 0.9054648 0.39660513 0.013622072 3.011679e-14 0.95784724 0.058513008 0.9147607 0.7951805 0.0013166569 0.031813268 0.009187094 0.069200136 0.98136127 0.0032862271 0.011945955 0.37499866 0.15406142 6.974689e-05 0.03767694 0.00010973856 0.049878098 0.09660147 0.0022777664 2.8053408e-05 2.0523617e-06 0.08124718 1.168148e-05 0.05348162 0.0028159702 0.2219661 0.00017780047 0.000149381 1.9233992e-05 9.4774475e-07 0.00014512496 6.6725136e-08 0.00029812058 0.00012311651 2.4363158e-07 0.10496259 7.044296e-09 9.732084e-07 3.2178682e-06 2.2496293e-07 0.7819289 7.132297e-05 7.821754e-09 0.48543975 0.00015212983 0.057923555 0.34118548 3.5635557e-09 4.98459e-05 8.1009716e-07 0.031048361 7.3025757e-07 0.0012642009 3.8701586e-07 8.044033e-07 2.0683422e-06 4.805977e-06 0.39176852 0.00011674771 2.4061114e-07 3.3949785e-08 6.9104984e-09 2.0384016e-11 0.00013461552 0.00028582785 2.2235541e-05 1.7762395e-05 0.06400102 1.5635417e-06 0.00013151584 8.424165e-06 0.008932793 8.131737e-06 0.006184294 9.570608e-09 0.00017601499 1.2242654e-06 0.065211095 0.018188443 0.0014953729 1.38283e-09 5.908496e-05 0.004457654 0.013277919 1.333375e-07 5.6142403e-06 0.0016900736 9.582243e-09 1.3374581e-05 0.069328345
0.96386534 0.703845 0.22957487 0.3106832 0.43061963 0.91843146 0.15902032 0.94953185 0.38064006 0.11048441 0.95784724 3.5553218e-12 0.008251608 0.9486707 0.022230987 0.014330931 0.012589697 0.027174434 0.22159784 0.05471806 0.0035382751 0.0010535474 0.38884816 0.003406947 2.3657292e-05 0.00096077705 0.001180202 0.3040876 0.07945673 0.0027261465 9.653559e-05 0.00021574943 0.7694037 9.314883e-05 0.07756112 0.00012363834 0.017529476 0.00016443338 4.9661423e-05 1.0344946e-05 8.629697e-06 1.6606486e-05 2.7028152e-06 0.0006021501 7.988784e-05 6.440528e-06 0.095856756 1.986774e-07 1.7699405e-07 2.7607972e-05 5.771601e-06 0.6768823 6.946199e-05 8.396212e-08 0.04474168 0.0001255134 0.0009958948 0.008786243 1.3103077e-07 1.2053878e-05 4.811712e-07 0.043463554 6.2319414e-06 0.00012810837 5.068182e-07 3.0612778e-06 9.2239287e-07 4.5304344e-07 0.056485225 9.80825e-06 7.739436e-07 1.2998896e-06 7.806064e-08 5.7742016e-09 2.1042313e-05 2.0044392e-05 1.7295304e-05 5.371429e-06 0.010926603 1.5754043e-07 1.5235232e-05 1.1635212e-06 0.00049899315 5.80132e-07 0.0013580582 8.690042e-08 8.591709e-06 2.6456491e-06 0.0052770046 0.0017718746 0.00017903185 1.1181244e-07 4.866216e-05 0.0026645819 0.0023343454 1.7009587e-07 9.341794e-07 0.00016568086 5.325088e-07 7.9401644e-07 0.006813059
0.38014436 0.42694253 0.042764556 0.004924264 0.9265805 0.01439076 0.0022949409 0.020596696 0.34876993 0.0003430068 0.058513008 0.008251608 9.0322275e-13 0.00079482264 0.3885798 0.0001623454 0.97121674 4.2981046e-05 0.00019047392 0.07094916 0.00032248916 0.9151609 0.000251346 0.08004443 0.9936679 0.8135762 5.75115e-06 0.0011815014 0.00025153472 0.0009816121 1.1874834e-05 1.1954896e-05 0.00026918572 2.8658524e-06 0.2261844 0.14944796 0.84016204 0.020282924 0.009647329 0.111298315 1.06106896e-07 0.016827928 5.7918533e-06 0.01254364 0.74075806 1.6464277e-07 0.0004733322 4.243857e-06 0.11434972 2.5337904e-05 1.6224301e-05 0.02066665 0.00012233797 8.7955804e-08 0.43770847 0.00016053622 0.0095651625 0.18167998 4.5070024e-06 0.0033733766 5.245764e-06 0.0009449889 1.803277e-07 0.002581994 7.9305454e-07 4.2655042e-06 0.0005623315 0.015862023 0.0004429131 0.010289611 0.00023514626 5.299444e-07 2.1772655e-07 2.5668894e-09 0.0005774118 0.0002176648 0.013609125 0.0062157083 8.3078216e-05 0.00061374344 1.1614846e-06 0.0010488743 0.0007602372 0.0009708127 0.0001742232 0.000196455 0.00028488404 3.1129573e-06 0.021190815 9.575366e-05 8.388374e-05 6.607509e-07 0.0016558821 0.00078580243 0.10773238 1.4665127e-05 1.0828761e-05 0.00019200041 2.2232192e-07 0.00012858622 0.0008670188
0.73503566 0.0411156 0.015011369 0.026823124 0.0058849454 0.08323375 0.054532148 0.90225554 0.0054656332 0.064356856 0.9147607 0.9486707 0.00079482264 8.9058e-15 0.0125752725 0.010550059 6.677878e-05 0.004339858 0.96490735 0.028110588 0.00054686266 0.00012711383 0.9865401 0.001888405 3.5456262e-07 0.00047578107 0.0015832876 0.0042913053 0.57472986 3.4140357e-05 1.3284845e-05 1.0931755e-05 0.8563018 7.8170946e-05 0.00035090878 5.861515e-05 0.0017904337 6.8723775e-06 3.0052124e-06 6.690806e-07 6.9822995e-06 1.7346586e-06 5.8361746e-07 2.2716142e-06 5.818982e-06 5.940291e-06 0.35225302 3.0842534e-07 9.228156e-08 0.00030732714 3.7962483e-05 0.7338107 0.0010185782 2.1345853e-07 0.012526062 0.0036972347 0.0018392691 0.019022528 7.5221004e-07 9.118924e-06 4.794635e-05 0.08507305 1.9343986e-06 5.6791712e-05 0.00017836055 0.00014820551 5.7027986e-08 1.9827026e-07 0.17457259 2.1374708e-06 1.3902031e-09 4.0416168e-07 3.4526142e-08 3.1425422e-09 1.0208532e-05 2.8274644e-05 3.886405e-06 2.0781868e-06 0.07759105 5.201527e-08 0.00058429193 1.7386501e-06 0.0008109235 1.979469e-06 0.009115742 6.440961e-09 0.00011857808 0.0003270713 0.0041207634 0.0030672438 0.0028828287 5.466764e-07 6.189765e-07 0.0052486146 0.00022991192 3.147625e-08 1.1926841e-08 0.00041344677 1.2515427e-07 4.1838018e-07 0.014832315
0.35423478 0.029291444 0.0062020244 0.00257819 0.06234256 0.027527964 0.004858188 0.043233845 0.02235095 0.00016039865 0.7951805 0.022230987 0.3885798 0.0125752725 7.426499e-15 0.0002865754 0.005270609 4.427294e-05 0.0014059072 0.9948792 3.5158777e-05 0.27100012 0.00924336 0.9933126 0.0020368134 0.86810285 0.00014819985 2.3110106e-05 0.0058706114 1.8153556e-05 1.3573745e-06 2.7351055e-08 0.00039122967 3.9700277e-05 0.0006354193 0.046694063 0.7978881 1.8040942e-05 0.0012042853 0.00022782205 1.0600899e-07 0.00035776504 6.5286296e-09 8.0881534e-08 0.00018618409 6.5359126e-07 0.0021690081 2.8177067e-07 9.898323e-05 8.359233e-05 5.303177e-06 0.03430058 0.0002719373 5.058394e-09 0.5267941 0.0007294015 0.08648111 0.32283682 1.9349345e-07 0.00044595948 1.7073395e-05 0.0019723203 3.677096e-07 0.0020819926 1.7752038e-06 1.1753916e-05 6.481893e-06 3.5289502e-06 0.04480584 0.0002590638 4.6884426e-07 1.4264408e-08 2.638761e-09 1.3264696e-10 0.0003947811 0.0006985056 0.00033668565 0.00015673517 0.0017213206 9.598968e-06 5.872465e-05 6.485922e-05 0.0031549553 5.8072877e-05 0.0004856798 2.4727393e-08 0.0011312938 2.3995658e-06 0.021843867 0.0022834246 0.0004146606 1.0516542e-06 1.0233213e-05 0.00054374366 0.27732584 1.7338441e-07 1.514694e-06 0.0018554562 1.1807708e-07 1.659692e-07 0.00446972
0.9817179 0.014313926 0.057011817 0.26407126 0.0022738315 0.0004187812 0.8457826 0.10318086 0.0073107956 0.8997097 0.0013166569 0.014330931 0.0001623454 0.010550059 0.0002865754 4.4509573e-13 1.7811877e-05 0.94602925 0.65351737 0.00011075061 0.7926455 9.303821e-05 0.0069482895 1.6778491e-05 1.6105881e-06 6.069006e-06 0.9061964 0.9214339 0.015292922 0.05282891 0.57975787 0.89404887 0.057492446 0.6889303 0.09357533 1.4133992e-06 0.00013039286 8.486759e-05 4.380407e-07 9.383103e-06 0.032012977 3.2418865e-07 0.15996215 0.002176313 3.0449346e-06 0.0019147992 0.74171007 0.002399034 7.9361484e-08 0.0753945 0.02180992 0.25690323 0.0774384 0.00019755428 0.0003999309 0.048067898 8.3273535e-06 0.00024318254 0.0022098946 3.8526412e-07 0.00016453363 0.8985342 0.0028424412 9.569848e-06 0.009455867 0.0074560232 7.0707338e-09 8.449457e-07 0.0012106181 9.314949e-06 4.701528e-08 0.00055626006 7.679116e-06 5.793024e-08 8.490644e-07 9.728744e-07 2.4958915e-06 2.3334771e-06 0.05322679 1.7113086e-07 0.00050629635 1.1986141e-07 6.699572e-05 3.1321215e-07 0.08026904 1.4640832e-08 2.1705225e-06 0.000718398 0.0022152944 9.071274e-05 0.0069129816 2.6018803e-05 2.2924993e-05 0.13696718 8.014852e-05 5.2229535e-07 5.2873606e-08 3.1372307e-05 5.4185653e-05 6.3512625e-06 0.0012259339
0.00291288 0.68630743 0.28707135 0.009072309 0.9276183 0.3226279 0.00034140667 0.04860035 0.99969995 7.8071476e-05 0.031813268 0.012589697 0.97121674 6.677878e-05 0.005270609 1.7811877e-05 1.5294141e-15 9.251177e-05 1.633042e-05 0.022539118 0.0015725448 0.012101418 4.5519564e-06 0.0026222873 0.0005786294 0.013583821 2.180525e-06 0.0023163725 2.7694333e-07 0.0040775873 1.4993368e-07 1.961125e-09 0.0002326917 2.901118e-07 0.90098387 0.0003334875 0.16449748 0.85479456 6.0705423e-07 0.0011133342 1.886539e-09 6.2678316e-07 1.3383518e-06 0.13386165 0.00037429645 8.1903717e-10 2.8704583e-06 5.809766e-08 2.0972395e-05 2.2100775e-08 4.8449728e-08 0.00028051095 2.1426771e-08 2.0175128e-09 0.0040283646 2.5981233e-09 6.423191e-07 0.00066369085 9.832777e-10 5.8509374e-07 1.5806133e-08 1.8778719e-06 9.6286135e-09 2.5563168e-07 4.225576e-09 2.40472e-08 3.2871007e-08 1.3271902e-07 6.344503e-07 7.3925463e-07 1.1190972e-07 9.473068e-08 6.732248e-09 6.436251e-11 3.791492e-08 2.8094943e-08 4.019961e-06 1.1385144e-06 1.3779408e-09 4.108275e-09 1.2064359e-10 2.363137e-06 9.615335e-07 1.4282255e-06 4.552507e-08 8.039321e-08 7.684719e-08 3.8318299e-10 0.000102778366 4.0523693e-07 4.727317e-08 2.7151475e-07 6.7298192e-06 1.7153732e-06 0.007146388 2.7159128e-08 5.1990867e-08 1.9353978e-07 1.6327794e-08 1.1170324e-06 6.187239e-05
0.6999583 0.014116011 0.53072065 0.5416004 0.0010673112 0.016140066 0.9289489 0.34002137 0.00061961624 0.6704883 0.009187094 0.027174434 4.2981046e-05 0.004339858 4.427294e-05 0.94602925 9.251177e-05 7.878822e-15 0.23752768 0.00029021793 0.99811363 7.4234555e-07 0.0011550613 1.1192073e-05 4.1474597e-09 1.22644415e-05 0.72056204 0.062130064 0.00089555077 0.009524724 0.9279148 0.5335822 0.16389666 0.08081014 0.002177968 2.3985604e-07 8.963171e-05 4.5538644e-07 3.209062e-07 9.982509e-08 0.010070341 1.1605837e-09 0.0109528005 7.3235475e-05 1.3264716e-07 0.00038471454 0.19913734 0.00074099033 2.071586e-09 0.048817355 0.018013427 0.032350685 0.01743349 6.816253e-05 0.00044086645 0.010015017 1.6077652e-07 0.00017430447 0.0028774273 2.2004118e-08 0.0010120801 0.24901518 2.2482353e-05 5.285586e-08 0.0055569857 0.003564659 1.4743955e-08 2.6801808e-10 6.139793e-05 1.3902967e-06 2.5837819e-09 0.00021777299 7.2553e-06 1.2239827e-08 1.5887167e-08 1.2790636e-07 3.841598e-07 2.3910118e-07 0.0017090621 2.3540236e-09 2.3794928e-05 1.7719234e-05 2.1253047e-05 2.1962872e-07 0.0038116013 1.4070793e-08 7.0998436e-07 0.00023048138 0.00042532533 1.9641895e-05 0.0013324701 3.1989694e-05 7.571296e-06 0.0078398725 8.0772195e-05 1.5627709e-08 4.2480924e-08 7.259809e-05 4.9713166e-05 2.5952472e-06 0.0005191945
0.9519176 0.027149705 0.051117674 0.21862781 0.0054791137 0.010495212 0.6142165 0.8267988 0.008006184 0.9298874 0.069200136 0.22159784 0.00019047392 0.96490735 0.0014059072 0.65351737 1.633042e-05 0.23752768 3.0958518e-13 0.0010607837 0.02308269 0.00012387698 0.9467732 0.00018393672 1.0594101e-06 0.00014074138 0.34930065 0.040772643 0.85058546 0.00090112415 0.009624732 0.021308715 0.29192388 0.04840115 0.0019107953 4.0358475e-05 0.00020461762 4.282403e-06 2.8195868e-06 1.5589872e-06 0.008617369 7.307592e-07 0.0014376115 6.6764096e-06 9.9555e-06 0.001161246 0.9583299 1.1972661e-05 3.7561573e-08 0.14361612 0.0050599924 0.6300815 0.15208298 0.00020039681 0.0002702733 0.41852224 0.0002066753 0.0003381285 0.0016807879 1.33250305e-05 0.019911528 0.7051707 0.0011773005 5.1664687e-05 0.006743386 0.004290522 9.814013e-08 2.767184e-07 0.018343845 3.761635e-06 1.5367299e-08 0.00017991914 5.9199147e-06 7.517568e-07 3.7549275e-05 4.920822e-05 2.405367e-06 4.585239e-06 0.25916815 2.7636207e-07 0.08133979 2.4608253e-05 0.00034198916 9.351189e-07 0.11695018 7.675564e-08 0.00010097478 0.002910865 0.0010690481 0.0016807544 0.032546464 1.1411283e-05 2.4809444e-05 0.08795058 0.00012576682 2.3597308e-07 8.6994083e-07 0.00037985062 3.5836125e-05 8.03139e-06 0.011539643
0.8551353 0.1280471 0.0133223 0.008690748 0.19767144 0.124688394 0.0033356447 0.13434595 0.13762297 0.00019383691 0.98136127 0.05471806 0.07094916 0.028110588 0.9948792 0.00011075061 0.022539118 0.00029021793 0.0010607837 1.10779373e-13 0.00034277298 0.077693336 0.01830381 0.8287348 0.000456329 0.13557471 3.7547015e-05 0.00016090869 0.01792503 0.000120345285 3.6040667e-05 9.5227236e-08 0.001317702 1.06932275e-05 0.012333786 0.011885161 0.8658798 0.00023580491 0.0001908465 4.6963414e-05 2.1175124e-06 0.00022034024 2.746938e-07 6.760855e-05 0.00015904405 2.5832253e-07 0.007106019 5.9552457e-07 1.8621471e-05 5.9002946e-06 2.0330813e-06 0.26232353 0.00029872655 3.5236194e-08 0.8199649 0.0003110118 0.1984301 0.7083117 3.6511082e-07 0.000268191 8.881019e-07 0.007666981 1.2146893e-06 0.0027779497 1.481826e-06 4.0197356e-06 2.0985139e-05 4.4694407e-05 0.48494154 0.00044882606 4.0571334e-07 3.0461734e-07 1.4797168e-07 3.306244e-10 0.00042728637 0.0005833885 0.00010295965 0.00011932667 0.02888741 9.568953e-06 9.288351e-05 8.266314e-05 0.013292906 3.6904603e-05 0.0038297777 1.2029055e-08 0.0007544041 2.8223606e-06 0.07159704 0.023740536 0.0011536137 9.453539e-08 3.0401978e-05 0.001586921 0.37322116 1.6059058e-06 1.6866938e-05 0.00319174 1.8392714e-07 1.954007e-05 0.03524143
0.10258734 0.057166662 0.73580587 0.5826105 0.011388773 0.0037378583 0.6689903 0.15014021 0.009171992 0.25584078 0.0032862271 0.0035382751 0.00032248916 0.00054686266 3.5158777e-05 0.7926455 0.0015725448 0.99811363 0.02308269 0.00034277298 4.202824e-15 8.242492e-07 0.00029717278 1.5600008e-05 2.660718e-07 8.698126e-06 0.43880945 0.9622995 0.0003544567 0.46111333 0.9787606 0.7711561 0.10426881 0.06407616 0.01862571 1.5497668e-06 9.058954e-05 0.0014506303 1.0973955e-07 4.3687803e-07 0.008730993 1.3358498e-08 0.0728024 0.009824063 2.9703043e-07 0.00032023256 0.029880488 0.0007299224 9.086833e-09 0.03386376 0.011504129 0.0058763647 0.0076796142 7.969593e-05 0.00034896767 0.002171384 9.659336e-08 1.371564e-05 0.00093898975 1.033923e-06 0.001403405 0.040722076 5.75629e-05 6.166136e-08 0.0010531632 0.00073978264 2.3697095e-09 2.751828e-09 1.1982598e-05 5.778053e-07 7.3056263e-09 0.0002883395 4.1607436e-05 4.5936158e-08 6.513194e-09 2.0466834e-08 8.942261e-07 4.837528e-07 0.00027977835 1.1948307e-09 2.228119e-06 2.298843e-06 2.647778e-07 1.524494e-07 0.00048777187 1.396387e-09 1.4674582e-07 1.5179295e-05 5.3975848e-05 1.798958e-06 0.00020434422 1.232961e-05 3.231635e-09 0.0018907096 6.910875e-05 7.112309e-10 7.683356e-12 4.922916e-07 1.6309182e-06 5.9902106e-08 9.238367e-05
0.79963726 0.0026085004 0.000225816 0.00018045872 0.01051898 0.001404953 0.00015425078 0.0016956279 0.009417439 0.00016872432 0.011945955 0.0010535474 0.9151609 0.00012711383 0.27100012 9.303821e-05 0.012101418 7.4234555e-07 0.00012387698 0.077693336 8.242492e-07 1.6440659e-13 0.00016828513 0.14399832 0.99196255 0.9763389 1.5445303e-06 4.3911336e-06 0.00032153283 0.00011841817 1.2682109e-07 1.1846334e-08 0.00027505727 5.123039e-06 0.0006688617 0.7121576 0.8531966 3.7031736e-05 0.09776585 0.10698007 3.2513452e-07 0.15234031 2.5678678e-06 1.3117808e-05 0.8893699 3.724683e-07 0.00093878387 1.4992396e-05 0.27706045 6.8679283e-06 1.0426589e-05 0.009857845 4.5790664e-05 1.1871344e-09 0.7377588 8.155451e-05 0.056826524 0.4459608 1.5446099e-06 0.011452401 4.3116765e-07 0.0016618004 6.564992e-07 0.015851084 5.277386e-06 5.879966e-06 0.0016552348 0.004359117 0.0009682709 0.02573181 0.0004646087 1.9787001e-07 4.4401586e-06 5.224662e-09 0.0016273635 0.00062209624 0.06924528 0.017460627 0.00038091844 0.0012656769 1.6703476e-06 0.002329815 0.009065705 0.005366079 0.0002220398 0.000118240896 0.0027520042 5.8812557e-06 0.26736975 0.0004176712 0.0006568647 9.277691e-07 0.00036220413 0.0023839974 0.7839671 3.002842e-05 0.00014689755 0.002253713 2.118397e-06 0.0010514723 0.002666327
0.57940435 0.004255929 0.0036679464 0.006882853 0.0002802529 0.007503323 0.014143865 0.23302433 0.0010385173 0.022895662 0.37499866 0.38884816 0.000251346 0.9865401 0.00924336 0.0069482895 4.5519564e-06 0.0011550613 0.9467732 0.01830381 0.00029717278 0.00016828513 3.9765436e-15 0.0027172356 5.5913097e-07 0.0005396911 0.0018424123 0.00010668613 0.9938441 1.5825441e-06 1.9776286e-05 4.0647883e-06 0.7302335 8.896838e-05 6.114762e-06 0.00023967552 0.0009692632 9.1371646e-07 1.5980454e-06 3.3739632e-06 1.4253326e-06 1.4767289e-06 1.13811225e-07 5.0085323e-08 4.5240727e-06 7.4174255e-07 0.50707805 3.6802078e-07 2.8334432e-07 0.00080508494 8.681837e-05 0.68662417 0.002154289 2.5558998e-07 0.007792343 0.01617138 0.006806441 0.014070991 2.463784e-05 6.005927e-05 7.640739e-05 0.12964548 1.1753585e-06 0.0004040307 0.00039520976 0.00027802688 5.3143047e-08 3.0402976e-08 0.39613333 1.11823e-05 2.6235047e-09 4.8320874e-07 5.3612904e-08 1.7876148e-09 5.6617202e-05 9.8044395e-05 1.0149695e-05 4.6470464e-06 0.15451202 5.3586216e-08 0.003855154 1.0641122e-05 0.0011319646 2.517627e-06 0.014095691 4.4871427e-09 8.6227665e-05 0.00017117537 0.0042572995 0.009184675 0.0051178243 8.612374e-06 4.1939225e-06 0.006134552 0.00041761302 1.3683447e-07 5.672583e-07 0.00071813463 6.3249234e-07 1.2670173e-06 0.017477745
0.82851595 0.009462763 0.00066160125 0.00080840325 0.015322784 0.0020006455 0.0002582951 0.002122546 0.010906719 3.4251203e-05 0.15406142 0.003406947 0.08004443 0.001888405 0.9933126 1.6778491e-05 0.0026222873 1.1192073e-05 0.00018393672 0.8287348 1.5600008e-05 0.14399832 0.0027172356 2.3277586e-15 0.0041411803 0.9031231 4.5330553e-06 1.8657031e-06 0.0025039178 2.4106673e-06 1.9955442e-06 1.0567018e-08 0.00016854709 4.188227e-06 0.00034946788 0.1969722 0.9505962 5.9083354e-06 0.010023956 0.0020326066 5.3374865e-08 0.0047966456 6.033209e-08 2.1275763e-08 0.002316407 1.9440552e-07 0.0013303661 1.9255263e-07 0.0016259402 3.1098657e-06 1.6683161e-06 0.029622134 5.6752833e-05 3.7234076e-09 0.911082 7.0982736e-05 0.63502216 0.8830031 1.6548226e-07 0.014782044 7.6111826e-07 0.002192469 3.2238657e-07 0.042505093 6.835378e-07 6.4706096e-06 0.0005691718 0.00019294186 0.12593216 0.0063984394 9.530493e-06 1.024754e-07 5.4308646e-08 2.2938537e-10 0.01382044 0.008328359 0.0036329143 0.0019118434 0.00561268 0.00048537235 3.6120287e-05 0.0012901989 0.05710134 0.00082117796 0.0017856524 2.1525217e-07 0.007327506 4.137574e-06 0.16235434 0.016656052 0.0013857591 8.471087e-07 0.0006474628 0.00046225282 0.6792928 5.218769e-06 0.00030558847 0.009085721 3.230042e-07 0.00030892008 0.023733933
0.23785125 0.00028568745 3.949377e-06 1.4158924e-06 0.0013019318 1.736409e-05 8.2243304e-07 5.828932e-07 0.00028241135 1.5314923e-06 6.974689e-05 2.3657292e-05 0.9936679 3.5456262e-07 0.0020368134 1.6105881e-06 0.0005786294 4.1474597e-09 1.0594101e-06 0.000456329 2.660718e-07 0.99196255 5.5913097e-07 0.0041411803 2.3926804e-14 0.42114684 4.7919144e-07 2.8211508e-07 1.1872314e-06 1.3207062e-06 5.1087e-08 4.1276356e-09 4.4317653e-06 2.6645027e-06 9.2989507e-07 0.18842247 0.057389963 1.301316e-06 0.10131491 0.055782616 7.2956423e-09 0.21903929 9.822684e-08 2.7317828e-09 0.9627197 7.6936075e-08 4.506955e-06 3.0970014e-07 0.17987104 1.2093954e-06 5.6875825e-07 0.00019080738 6.8781404e-08 1.08101514e-10 0.091231756 3.323755e-08 0.001565368 0.028257208 2.3509331e-08 0.0047797705 8.28657e-06 1.7404327e-05 4.4176818e-07 0.0011617627 1.1275589e-06 5.458075e-07 0.0010344879 0.022854026 7.8419325e-06 0.002301222 2.2018447e-05 4.75281e-07 2.1078706e-07 7.4336165e-10 0.00010974621 5.4071363e-05 0.0098193 0.00060972094 1.9353118e-08 1.3577065e-05 8.687954e-08 0.0015777928 0.00087751297 0.00013120516 1.3896736e-06 1.892787e-05 0.000325693 2.7780675e-07 0.029894823 5.6307013e-06 2.7344224e-06 2.5195845e-06 0.00023760495 7.9445956e-05 0.06633398 9.842335e-07 2.2510567e-05 0.00012022106 9.0629165e-08 7.970804e-06 3.6433277e-05
0.8856109 0.010878463 0.0008872812 0.00046750152 0.042219166 0.0014183549 0.00013806566 0.0019898282 0.027887814 1.4201855e-05 0.03767694 0.00096077705 0.8135762 0.00047578107 0.86810285 6.069006e-06 0.013583821 1.22644415e-05 0.00014074138 0.13557471 8.698126e-06 0.9763389 0.0005396911 0.9031231 0.42114684 2.9777016e-12 1.2246185e-05 5.065252e-06 0.00040834968 8.8098653e-07 1.2242139e-06 8.1417495e-09 3.3808225e-05 1.1555015e-05 0.0010629103 0.9583734 0.87789273 4.103819e-05 0.43304336 0.16902909 6.0749294e-08 0.23160143 6.6783423e-07 5.0716807e-08 0.7149421 2.3765763e-07 0.0022320931 2.4268175e-07 0.061068263 4.016758e-06 4.3692754e-07 0.021337232 3.6213485e-05 3.3818828e-09 0.87925595 7.8471654e-05 0.6952564 0.84368247 3.752169e-08 0.07642782 1.7530336e-06 0.001607012 3.097029e-08 0.16306981 2.6399052e-06 3.1139996e-06 0.005830965 0.00363812 0.025126832 0.018736469 3.9319543e-06 2.7021374e-08 5.7631468e-08 3.666085e-10 0.024011599 0.0080692135 0.06566623 0.003668354 0.0017812906 0.00037398783 3.2261294e-05 0.00049543305 0.053652834 0.0059558684 0.00079736527 1.4103468e-06 0.007865316 7.517106e-06 0.46737444 0.0033927471 0.00086797064 1.1433674e-06 0.001190465 0.004244788 0.91384524 1.09344965e-05 0.00018477289 0.008193241 6.2496025e-07 0.00072983635 0.016726162
0.98170614 0.0002195656 0.0032425218 0.014646322 7.108482e-05 4.8883427e-05 0.23893091 0.017207796 0.0016131971 0.31385046 0.00010973856 0.001180202 5.75115e-06 0.0015832876 0.00014819985 0.9061964 2.180525e-06 0.72056204 0.34930065 3.7547015e-05 0.43880945 1.5445303e-06 0.0018424123 4.5330553e-06 4.7919144e-07 1.2246185e-05 7.4449825e-14 0.37109095 0.008697904 0.0008795821 0.7122683 0.9439089 0.0067879343 0.9799385 0.0006731826 5.458231e-07 7.55866e-05 3.2321082e-06 7.883029e-08 6.183759e-07 0.5154734 7.48887e-08 0.34044257 9.550587e-05 1.7451454e-06 0.14333981 0.53297764 0.04916635 1.1186804e-08 0.6464265 0.37748474 0.123460114 0.5222202 0.01921846 0.00018642553 0.26294175 3.5284993e-06 0.00020302799 0.09126241 4.5250192e-07 0.027663702 0.8574583 0.06608769 4.7441818e-06 0.19333233 0.1987488 1.4540284e-08 8.674331e-07 0.0010465182 1.1853257e-05 6.1175555e-08 0.002299843 0.0006986755 9.802972e-07 1.9438635e-06 8.208182e-07 8.628088e-07 3.960417e-06 0.05408808 1.8003901e-07 0.0034400087 7.3687977e-07 0.00019622283 1.7163919e-07 0.3625365 1.4609588e-08 7.2659705e-06 0.012707651 0.0012045443 0.00021041078 0.03335706 0.00016108787 4.1349842e-05 0.4677881 4.5045377e-05 3.7476557e-08 2.9422745e-07 6.320781e-05 0.0006898265 4.972196e-06 0.003298219
0.6630949 0.29044482 0.31053498 0.25981525 0.0035058938 0.6694995 0.19610836 0.45784774 0.004058959 0.87244886 0.049878098 0.3040876 0.0011815014 0.0042913053 2.3110106e-05 0.9214339 0.0023163725 0.062130064 0.040772643 0.00016090869 0.9622995 4.3911336e-06 0.00010668613 1.8657031e-06 2.8211508e-07 5.065252e-06 0.37109095 9.330146e-13 3.690601e-05 0.9996223 0.32524908 0.006453336 0.7137219 0.20860171 0.005120468 2.2654471e-07 5.7386733e-05 5.1097355e-05 2.5471422e-07 4.332828e-08 0.017749418 2.3007574e-06 0.1194137 0.0046425215 1.8387069e-05 0.0016346376 0.12321724 0.02528177 1.7681648e-08 0.09895346 0.025867423 0.021537524 0.021063255 0.0005526467 1.1817505e-06 0.0032483856 1.9252388e-08 1.2071703e-06 0.0048208544 1.8180062e-07 7.789339e-06 0.09661545 3.7301466e-05 7.025002e-07 0.0009125457 0.0015381195 1.7484955e-06 3.0896779e-06 1.1704163e-05 1.6082146e-07 6.0650023e-06 0.009718494 0.002378868 8.92953e-07 5.495448e-08 1.4646844e-07 2.9276467e-07 1.9384234e-07 0.00032322964 8.6837126e-08 9.91012e-07 6.325147e-05 5.055795e-07 1.2471885e-06 0.00076910004 2.996218e-08 4.2540867e-07 2.5304145e-05 2.1359172e-05 3.3946064e-06 0.0001934279 0.00021329464 2.7879034e-07 0.014707411 1.7296048e-05 7.6880985e-10 4.7036153e-09 1.1720766e-06 0.000113925635 1.2845984e-06 0.000823464
0.8355959 0.00088153913 0.0010961682 0.003915787 0.000276561 0.0035512901 0.010221145 0.07793926 0.0003666434 0.029409878 0.09660147 0.07945673 0.00025153472 0.57472986 0.0058706114 0.015292922 2.7694333e-07 0.00089555077 0.85058546 0.01792503 0.0003544567 0.00032153283 0.9938441 0.0025039178 1.1872314e-06 0.00040834968 0.008697904 3.690601e-05 6.0354435e-15 1.0172535e-05 0.00011046201 6.280565e-05 0.79781294 0.00057410216 4.5187753e-05 0.000107929394 0.00046722696 9.671984e-08 3.5850735e-06 8.5868476e-07 1.5588466e-05 1.8571219e-06 2.9141285e-07 1.2704462e-08 1.177845e-06 8.001132e-06 0.9709404 3.823095e-08 2.1900478e-07 0.00900521 0.00024948444 0.95406675 0.01616516 3.8965456e-07 0.005595703 0.09304643 0.0059178495 0.005494409 0.00014549524 4.05934e-05 0.00087433495 0.47511506 2.5844009e-05 0.0002688886 0.0017188574 0.0013307829 4.5941064e-08 4.4614573e-08 0.5317503 5.926541e-06 5.183193e-09 1.8429755e-06 2.8087765e-08 3.7223282e-09 9.3650495e-05 0.000102050435 4.4831886e-06 7.3230276e-06 0.5511928 3.6380885e-07 0.01728585 2.9367882e-05 0.0018112193 1.4271063e-06 0.09742467 5.977003e-09 0.000115557916 0.0030916648 0.0052681644 0.017444216 0.028066602 9.279227e-06 2.3606694e-05 0.053672384 0.00033002722 4.3899925e-07 2.275006e-05 0.00063249 6.618442e-06 8.543159e-06 0.058919396
0.0004813196 0.07135704 0.39449543 0.03760897 0.016245624 0.050913975 0.014131379 0.018959245 0.011306532 0.034823503 0.0022777664 0.0027261465 0.0009816121 3.4140357e-05 1.8153556e-05 0.05282891 0.0040775873 0.009524724 0.00090112415 0.000120345285 0.46111333 0.00011841817 1.5825441e-06 2.4106673e-06 1.3207062e-06 8.8098653e-07 0.0008795821 0.9996223 1.0172535e-05 4.0880854e-16 0.0001923004 1.5141951e-05 0.04319004 0.0002881773 0.92687654 1.2466604e-06 1.2177369e-05 0.0017254136 1.0984755e-08 1.4493213e-08 3.446747e-07 1.6259765e-08 4.704612e-05 0.997099 4.8792697e-07 8.284429e-08 0.00035422368 1.1245647e-06 1.2395112e-09 0.00017755256 1.387975e-05 0.00015534277 4.7376325e-05 1.8921985e-07 5.133875e-07 4.8638663e-06 5.7983637e-08 5.212216e-07 1.3507228e-06 1.6763191e-06 5.269632e-06 0.00015843367 1.992626e-07 2.949877e-09 2.1093987e-07 3.4126683e-07 2.3541247e-07 9.6298116e-08 4.950249e-07 2.7973365e-07 2.1918571e-09 9.908462e-06 3.2636644e-06 1.1872794e-09 3.842686e-09 5.2444005e-09 1.17602665e-08 3.5316333e-08 8.387541e-07 2.2166073e-09 1.5066965e-08 8.404392e-06 1.0244842e-07 5.7357752e-08 4.5227825e-06 5.8941386e-11 6.8840825e-07 6.180287e-07 9.634911e-06 5.79211e-07 2.2889362e-05 1.2675956e-05 5.465758e-07 3.885166e-05 1.3418428e-05 7.693394e-10 9.2361015e-11 2.4746787e-06 9.237292e-07 1.2664694e-07 7.2466384e-05
0.20566647 7.106076e-05 0.0018488165 0.0023423466 6.7440055e-06 5.016922e-06 0.07395765 0.0017403921 0.00018997415 0.020882176 2.8053408e-05 9.653559e-05 1.1874834e-05 1.3284845e-05 1.3573745e-06 0.57975787 1.4993368e-07 0.9279148 0.009624732 3.6040667e-05 0.9787606 1.2682109e-07 1.9776286e-05 1.9955442e-06 5.1087e-08 1.2242139e-06 0.7122683 0.32524908 0.00011046201 0.0001923004 4.418909e-16 0.99493253 0.0005814894 0.67695284 0.00015731201 2.068562e-07 1.2787838e-06 2.2360207e-06 2.5796272e-08 3.3503547e-08 0.24403219 2.9657086e-08 0.9381929 8.911452e-05 3.7447474e-08 0.0012460704 0.016543645 0.011551974 4.6886905e-10 0.062155217 0.057599515 0.0025327834 0.01791071 0.0006536331 1.3113917e-05 0.0015240262 7.0565505e-08 1.4717307e-06 0.00478777 8.744062e-08 0.00041729314 0.063450396 0.0005431668 8.698462e-09 0.004334805 0.001126935 7.86077e-10 1.8843606e-08 1.187631e-06 1.8118564e-07 3.6253045e-09 0.00017805533 6.20679e-05 3.786865e-09 5.5410716e-09 8.27162e-09 1.3756943e-07 1.6114309e-07 7.27224e-05 1.172919e-09 5.8627666e-07 6.83674e-07 3.7385087e-07 6.295589e-08 0.0012958577 5.829652e-10 2.8903452e-07 3.1955395e-05 1.1380189e-05 2.125712e-07 9.405433e-05 3.854613e-06 6.224582e-08 0.0052577346 2.1908304e-06 5.63271e-10 4.500861e-11 7.850144e-07 7.74096e-06 1.1006771e-09 1.478714e-05
