6.2001266e-15 0.727513 0.81104106 0.14091705 0.015193019 0.019821666 0.81188697 0.19254324 0.98106986 0.3670919 0.045419186 0.9744869 0.7123773 0.2754878 0.8409569 0.21162692 0.18945475 0.95238763 0.71376663 0.97961336 0.7969695 0.00039519262 0.8818441 0.0070590493 0.7048357 0.5682432 0.0009057115 0.9259418 0.9181298 0.96054727 0.7708964 0.9680228 0.88137674 0.7810936 0.42641628 0.93822956 0.95842916 0.96656907 0.56049234 0.21058713 0.02773176 0.80013496 0.95366156 0.0048911273 3.9652186e-05 0.0005110306 0.9892719 0.97888845 0.9796043 0.649604 0.8255837 0.46334228 0.78948146 0.9924071 0.7853553 0.96833754 0.2549953 0.9940975 0.8108959 0.9433204 0.017020032 0.8494921 0.27618903 0.92867744 0.9533021 0.009287439 0.8737404 0.97366583 0.97136194 0.962042 0.8907869 0.94317937 0.866126 0.9595031 0.5490373 0.532626 0.99706507 0.91851664 0.2690984 0.98113465 0.9960896 0.46503732 0.046757277 0.9719639 0.74416614 0.85685426 0.91557795 0.9504593 0.9942507 0.98211575 0.9150582 0.96358657 0.9996657 0.99895644 0.9970189 0.99999136 0.99936634 0.9977086 0.94458276 0.9794376 0.00031339456
0.727513 5.047462e-14 0.9734398 0.96709967 0.6310416 0.074479215 0.9586253 0.037656303 0.9556395 0.9523259 0.0056435857 0.90743405 0.03913328 0.0024703944 0.4428968 0.00010156585 0.0028851305 0.2313244 0.5598616 0.15693998 2.498629e-05 7.4481295e-06 0.02465386 6.471794e-06 0.0005652562 3.4890043e-08 0.0018952972 0.04776734 0.0035944867 0.01563741 5.261404e-05 1.6686187e-06 0.004003852 1.301535e-05 3.2595092e-06 0.011462994 0.0042254035 9.248275e-05 4.2814722e-06 0.000107687476 0.025056534 1.8242066e-05 8.599488e-06 2.6064113e-06 4.8712957e-07 0.0009871409 0.0036529077 0.036714707 7.415987e-06 5.8730864e-05 2.9940445e-06 1.0217858e-06 7.881669e-06 0.0017804243 6.787548e-07 4.2001808e-05 1.36689305e-05 0.07807257 1.5461447e-07 1.646051e-05 5.581369e-07 9.493616e-08 5.653338e-08 0.007848263 7.3229467e-07 1.1249428e-09 5.5565373e-08 0.00016102551 1.9185472e-06 3.3462736e-06 1.5911278e-06 9.5298236e-07 0.00016081696 2.2868098e-06 1.5052278e-09 1.3801509e-08 0.02883884 1.2838727e-07 2.5610944e-09 1.4309317e-08 0.0016845653 1.2491483e-07 1.06914825e-07 0.00018258086 6.201146e-07 1.0301622e-08 1.8776078e-07 5.86424e-08 3.2395544e-08 3.0239033e-07 1.0803642e-09 2.7279847e-07 0.00020408441 3.5085458e-07 0.00044537935 0.45372167 6.2050703e-06 8.883201e-06 6.4408076e-11 1.2942502e-06 7.4131925e-12
0.81104106 0.9734398 3.8527345e-12 0.82590705 0.98312604 0.30329093 0.25876215 0.5996867 0.98142415 0.118602864 0.03943239 0.64089656 0.011836346 0.00065086194 0.81721884 0.0013053383 0.000888418 0.61247665 0.113938265 0.040655207 0.004140967 3.19976e-05 0.09549261 4.265868e-05 3.7290156e-05 6.626548e-07 0.0003246461 0.24194324 0.001020062 0.038362827 1.2274247e-05 8.409194e-06 0.034443166 9.003334e-05 5.88831e-06 0.109460235 0.020515746 3.923607e-05 5.5168017e-05 8.339414e-05 0.0013261498 0.00029829665 6.5960917e-06 2.6000505e-06 6.1253786e-08 0.00027046824 0.00072536635 0.04417908 8.57719e-05 0.00028806465 5.7757247e-06 3.5737936e-05 0.00045968333 0.0037737316 3.866151e-06 0.0006930282 1.8358025e-06 0.19408256 1.3674282e-06 7.097366e-05 2.75105e-06 2.910042e-06 3.1368953e-07 0.12163112 1.7865466e-05 9.700504e-09 1.1177231e-06 0.0023869309 5.1392904e-06 0.00010102401 3.720402e-05 1.9219701e-06 0.01099389 4.396824e-06 8.537299e-09 4.928966e-07 0.17231071 8.091788e-06 2.3193189e-07 1.879884e-08 0.058742367 1.2991924e-05 2.4947444e-06 0.00033103843 2.2185593e-05 9.68058e-07 1.3314005e-05 2.0894557e-05 1.8662448e-07 4.1989047e-06 5.92738e-07 6.677648e-07 0.0017166451 1.2290112e-06 8.710592e-05 0.40440673 3.8973565e-05 6.0712144e-05 9.642991e-08 1.3758912e-05 9.414585e-11
0.14091705 0.96709967 0.82590705 1.3820185e-12 0.9842222 0.99503314 0.019546997 0.38312975 0.23388407 0.064487405 0.9169025 0.037292745 6.883742e-05 4.0829514e-06 0.46728382 0.0025674752 1.0680442e-06 0.09184833 0.013622571 0.00016710424 0.0003454164 0.000102485115 0.13292001 1.4210742e-05 1.0503076e-05 9.552454e-07 1.6785227e-05 0.030540735 1.3571829e-06 0.00021592314 5.235149e-06 3.308779e-07 0.008204818 1.2289496e-07 8.701404e-08 0.004193777 0.0025493554 1.3094102e-06 2.2105498e-08 7.3096754e-07 5.2822834e-05 1.1253876e-08 2.2361206e-08 3.7036358e-07 2.8831856e-10 1.227187e-05 3.409331e-05 0.0020424875 6.565728e-06 4.332802e-05 1.6648846e-08 8.0789135e-09 1.5763068e-06 8.413245e-06 3.6581753e-08 4.84813e-06 8.94212e-08 0.00387711 7.7426876e-08 1.19455735e-05 5.0189387e-11 2.6323792e-07 3.2301681e-09 0.0017060953 3.4238774e-08 8.148325e-12 5.6312956e-07 5.37811e-07 3.9963558e-07 1.08033454e-07 7.6751655e-07 1.1141473e-06 2.6817845e-06 1.3650295e-08 9.582902e-09 4.4696452e-07 0.005045411 2.7764966e-09 1.7432565e-07 3.5263278e-07 0.010026791 1.3604438e-09 3.45271e-06 0.00021026676 1.7963238e-07 2.3294446e-09 5.8233205e-09 4.6081567e-08 8.50971e-09 9.0723596e-08 1.8222918e-09 5.6489267e-09 5.4974164e-05 1.9181108e-07 5.017568e-06 0.09732467 3.645029e-06 3.3098584e-07 2.3124135e-10 4.7660614e-10 2.1728812e-12
0.015193019 0.6310416 0.98312604 0.9842222 4.252755e-15 0.88850754 0.002362042 0.99408007 0.3471583 0.0009901581 0.608897 0.005068983 4.905351e-05 8.6217415e-06 0.31367725 0.01182396 2.9271316e-06 0.11306433 0.0005625689 5.6359535e-05 0.008031318 8.774736e-06 0.04282828 3.4477578e-06 2.700369e-07 1.4628276e-07 3.479514e-08 0.025123453 7.682984e-06 0.0022022522 3.989237e-08 1.3708656e-07 0.005660881 2.506597e-06 4.621719e-09 0.0147597445 0.0015088909 9.886352e-07 1.4862918e-07 7.9914386e-08 6.2894316e-08 4.5891036e-07 6.47243e-08 1.5699014e-09 5.82028e-12 1.1310055e-09 4.425523e-06 0.0004069222 5.7097427e-06 0.000118566764 3.12144e-07 3.2431956e-08 5.9215774e-05 4.462809e-05 7.336612e-09 0.00014424366 5.110471e-09 0.0006556221 1.0533856e-08 1.4244928e-06 1.5848096e-08 9.697156e-09 3.450063e-10 0.0022296582 2.328009e-06 3.867456e-10 3.1126677e-07 3.137922e-05 7.374492e-07 9.262808e-08 3.3499043e-06 3.2667437e-08 0.00031668684 2.7357223e-07 2.0493444e-11 2.0476076e-09 0.0011606371 4.5622773e-08 1.172105e-09 1.4596399e-10 0.004174138 3.1648785e-08 8.89822e-09 2.390228e-05 1.2567928e-08 4.6501444e-10 4.052968e-09 1.2884048e-07 1.9001642e-09 2.9271957e-08 2.47759e-10 1.5823803e-09 1.7079077e-05 4.6352103e-08 1.232804e-06 0.0100793 1.4120209e-06 1.0760607e-06 1.0272185e-09 1.2752562e-07 9.135129e-12
0.019821666 0.074479215 0.30329093 0.99503314 0.88850754 5.0571206e-13 0.00029725954 0.7346403 0.015656719 0.0003288503 0.99607617 0.00040981383 1.4217093e-06 1.268046e-06 0.27575815 0.0091372235 3.4142082e-07 0.03102168 0.00074191706 2.2019738e-06 0.0035552208 0.00021210901 0.08104634 0.000119026176 1.7181114e-07 1.1236842e-05 3.2757927e-07 0.012007732 2.0389675e-07 7.730352e-06 6.6710506e-08 2.917798e-08 0.009482828 3.0762487e-07 2.2931879e-07 0.0020400502 0.0025019867 4.1439054e-07 1.3485985e-07 7.082673e-07 5.451931e-07 2.5029324e-08 7.644528e-09 1.3971558e-07 6.0744187e-12 4.5174588e-08 4.325707e-06 2.6266644e-05 0.00014979155 0.00066544797 4.5672316e-08 1.0313423e-07 2.9519486e-05 1.8977405e-06 5.4328336e-08 3.7054237e-05 1.6806291e-07 0.00016549483 3.7067718e-08 8.115161e-07 5.8432357e-09 2.303392e-06 4.5089106e-08 0.00026471785 7.885259e-07 4.1274525e-10 1.9261533e-06 1.5492783e-07 1.4103972e-07 5.7054095e-08 1.9169644e-05 1.8484222e-07 2.0589378e-05 5.1777285e-09 1.578895e-09 6.650482e-08 0.00033038622 4.523285e-09 2.8482359e-07 1.3585024e-08 0.0043493006 2.1732669e-08 7.661753e-07 6.1844265e-05 1.2054659e-07 1.8047548e-09 7.931014e-09 3.2214267e-08 4.072226e-08 4.71356e-08 6.623831e-09 3.5824606e-09 2.1653175e-05 2.586028e-07 8.950214e-07 0.018447487 2.5709295e-07 1.8991895e-07 2.5663105e-10 7.377451e-08 2.6517653e-11
0.81188697 0.9586253 0.25876215 0.019546997 0.002362042 0.00029725954 8.0917613e-16 9.103748e-05 0.67142904 0.99789035 9.422622e-06 0.9504857 0.90120107 0.5560901 0.011448546 3.1943448e-05 0.6768785 0.016277393 0.1861121 0.74144405 0.00021272157 1.3067793e-06 0.0011546314 7.738413e-06 0.055791955 6.677106e-09 0.0057857116 0.005222359 0.40979615 0.24225113 0.000837118 0.016836701 0.0007728488 0.002435114 0.0031918222 0.005957121 0.00059069105 0.049672343 0.0008178494 0.000690679 0.012092663 0.00045931694 0.004103512 0.0003398638 2.4994156e-07 0.00025213274 0.101784036 0.20361915 4.3895006e-06 1.5532306e-06 0.00013231799 3.7939793e-05 5.932063e-05 0.020061921 1.5448868e-06 2.2785669e-05 5.811609e-05 0.25513846 7.4137563e-07 0.00012587337 3.8033996e-08 7.12724e-08 6.7191086e-10 0.011004806 2.6973188e-07 3.3350767e-09 5.005161e-08 0.0014916199 0.00022620395 0.00010931981 1.4473386e-07 2.8333488e-07 0.0016192021 2.1071512e-05 2.6496645e-09 9.508345e-09 0.01949172 3.195832e-07 1.1723223e-08 3.534098e-09 0.0020597128 1.151154e-06 7.270988e-08 4.9103914e-05 2.2267953e-08 1.7158641e-06 1.1689542e-06 5.268747e-06 1.5119078e-07 5.281405e-06 1.7788848e-08 3.4149437e-07 0.00072959147 1.8197774e-05 0.0007282171 0.0493538 0.00011729097 0.00014692193 2.6280422e-09 4.398688e-05 2.929297e-11
0.19254324 0.037656303 0.5996867 0.38312975 0.99408007 0.7346403 9.103748e-05 7.926998e-15 0.111249045 2.2064794e-05 0.9845364 0.00055338803 2.8177346e-06 2.8508434e-06 0.9777389 0.14499837 1.4853306e-06 0.55357045 8.435906e-05 1.8747915e-05 0.33105588 0.0011594649 0.58950776 0.0014926835 4.045402e-08 0.00043085593 1.4296582e-07 0.16416718 1.8557004e-06 0.000287609 4.8377773e-09 2.019557e-07 0.19007644 2.7250192e-06 1.6541858e-08 0.05812122 0.06098681 6.6197736e-06 1.6482673e-07 5.2310863e-08 5.6163554e-08 5.6265714e-07 2.905545e-07 7.251124e-09 3.0206593e-10 2.2364874e-08 1.2523379e-05 0.00030705525 0.0039558946 0.0043491465 6.0540046e-08 4.056975e-07 0.0007555064 3.080876e-05 5.0807138e-08 0.004159038 3.061263e-08 0.0025253522 3.6074898e-08 6.093404e-06 2.7684205e-06 1.2880805e-07 4.035166e-09 0.014384935 0.0010377123 3.659927e-06 2.6273185e-05 0.00035594223 7.3242944e-07 1.4570572e-06 0.0005172278 5.3522477e-08 0.0023176917 2.0448592e-06 4.863207e-10 1.7788643e-08 0.006180694 3.0595075e-07 4.225455e-09 1.8808477e-09 0.06780524 3.8144917e-05 1.1372345e-07 0.0008041204 3.807773e-06 9.649868e-09 2.6279847e-07 1.4636294e-06 3.488079e-08 3.051039e-06 1.579923e-08 8.81244e-08 5.486177e-05 8.9841515e-06 1.1318829e-05 0.15384318 1.221679e-05 4.7663802e-06 5.362323e-08 3.254848e-05 2.45215e-11
0.98106986 0.9556395 0.98142415 0.23388407 0.3471583 0.015656719 0.67142904 0.111249045 1.5735765e-13 0.33840758 0.002310624 0.91739213 0.2010162 0.019339452 0.3017945 0.001994128 0.0056052133 0.5356231 0.27075586 0.5351634 0.0034749035 1.622506e-05 0.016407482 1.8202356e-05 0.00042299533 4.290781e-07 0.0005580129 0.3771016 0.024315083 0.4118661 2.929865e-05 1.1067316e-05 0.020130206 0.0023463364 3.1625448e-05 0.31223792 0.027070064 0.002942701 0.002286869 0.0012664315 0.002246952 0.0056417156 0.00013138771 2.4660594e-05 2.8131285e-07 0.0003322634 0.013004794 0.5642415 7.928421e-05 0.00051313447 2.5115058e-05 9.686518e-05 0.0032844192 0.08782501 2.2531326e-06 0.0018696645 1.1158215e-05 0.8337181 3.9823835e-06 0.00028637677 9.803089e-06 1.373346e-06 1.4492308e-07 0.5275205 3.980905e-05 1.3211616e-07 7.4624876e-07 0.036005493 0.00015865109 0.0013737888 0.00071066286 1.3799482e-06 0.045114275 8.153896e-05 5.3228635e-09 8.30479e-08 0.68675107 6.39028e-06 6.657221e-08 1.1747241e-08 0.051856548 0.0001291061 9.711974e-07 0.0004810675 9.135313e-06 4.775077e-07 0.00011263198 9.992267e-05 1.715513e-07 3.5114329e-06 5.6094395e-06 2.0646999e-06 0.008156641 7.6495315e-05 0.0013541725 0.18086353 0.0004481124 0.002421953 5.4616756e-08 0.00021639213 2.2322322e-10
0.3670919 0.9523259 0.118602864 0.064487405 0.0009901581 0.0003288503 0.99789035 2.2064794e-05 0.33840758 4.6714348e-14 1.5500927e-05 0.82921904 0.39161953 0.47429463 0.002662453 3.60227e-05 0.76132005 0.012041504 0.97621876 0.37480375 0.0001286722 1.4115134e-06 0.00033606795 1.8264129e-06 0.04527116 4.4661634e-09 0.12887667 0.0037433698 0.11963303 0.029938513 0.0012074173 0.0010185636 0.00043199272 0.0005354702 0.006120297 0.0019847602 0.00032063748 0.0051660077 0.00019412607 0.012558412 0.140937 0.00021555508 0.0006685177 0.0053182174 6.158101e-05 0.007781125 0.06090023 0.067249075 7.175815e-06 3.3815716e-06 7.4821146e-05 1.7342443e-05 3.859511e-05 0.0068067107 2.8108614e-06 9.448267e-06 0.0001555282 0.06958584 3.4962704e-07 9.973151e-05 1.4370445e-08 1.8871543e-07 5.709644e-08 0.002058614 2.3279125e-07 3.567738e-09 4.9565582e-08 0.00025390286 1.7071277e-05 2.3516297e-05 7.069156e-07 5.512836e-07 0.00016329772 3.7986908e-06 3.6615306e-09 8.599668e-08 0.0034191224 1.4903286e-07 1.0290237e-07 6.503226e-09 0.00024423844 3.1162156e-08 8.5827736e-08 7.705066e-05 1.09653556e-07 1.0663393e-08 8.6516074e-08 6.3619956e-07 9.467518e-09 1.8022541e-07 1.1561517e-09 2.489796e-08 0.0002189026 1.4710453e-07 2.9129642e-05 0.007913941 3.0140915e-05 1.9233541e-06 2.5774066e-10 7.3230655e-07 5.0061847e-11
0.045419186 0.0056435857 0.03943239 0.9169025 0.608897 0.99607617 9.422622e-06 0.9845364 0.002310624 1.5500927e-05 2.317048e-15 5.2049538e-05 4.071832e-07 2.5193924e-06 0.8788155 0.8457321 1.3545528e-06 0.3452173 1.881363e-05 1.1549522e-06 0.5926964 0.14020652 0.7668332 0.018666932 4.6881944e-08 0.0004599565 1.8184119e-07 0.04458042 2.121898e-07 2.7190822e-06 2.713228e-10 2.2833089e-09 0.14573413 1.0210216e-07 1.3869885e-08 0.020403076 0.024815114 1.0370846e-07 8.135808e-08 6.1012535e-08 2.7262097e-06 1.5320706e-08 5.3292335e-09 1.9161353e-08 8.0762055e-12 4.4161333e-10 8.322217e-08 1.0166531e-05 0.014342512 0.19197014 1.4216462e-07 2.998745e-08 0.0014682375 2.7425014e-07 4.2835975e-09 0.0014959932 6.632696e-08 4.2436488e-05 3.3463485e-09 2.1112815e-08 1.765773e-05 7.636076e-09 2.1270309e-10 0.0013590195 0.0009234253 3.183233e-07 8.557026e-05 5.2495204e-07 1.5044135e-08 1.1651496e-07 0.0001405831 2.4871056e-07 0.0005839903 1.10885395e-07 3.162015e-10 1.0565085e-08 0.00056031876 3.9815498e-09 8.275285e-08 6.043938e-10 0.0639898 6.991005e-05 1.1361151e-08 0.0009676741 2.2683862e-08 2.1027297e-08 7.4186777e-09 2.6733218e-08 4.6090687e-09 3.879036e-08 5.3207605e-10 1.5048978e-07 1.0542555e-05 2.6977705e-06 2.1883986e-07 0.06168892 6.166404e-09 5.196083e-08 4.6363837e-09 4.5309553e-06 1.8439182e-11
0.9744869 0.90743405 0.64089656 0.037292745 0.005068983 0.00040981383 0.9504857 0.00055338803 0.91739213 0.82921904 5.2049538e-05 2.3224582e-12 0.89461297 0.34610742 0.0020886676 0.00013072543 0.19073495 0.023683073 0.8970226 0.95603913 2.6850537e-05 1.6180858e-06 8.562111e-05 1.5463359e-06 0.024498025 7.00352e-08 0.05015894 0.01975063 0.20576732 0.6072784 0.00074631046 0.0006441042 0.0005517957 0.010168055 0.0021441851 0.030539198 0.00086347555 0.033627342 0.0070803645 0.013580932 0.4122393 0.008040177 0.0027265481 0.00023419556 0.0001461069 0.012608749 0.10700862 0.741565 3.6325557e-05 0.00013627055 0.00011914803 0.0004905685 0.0007335952 0.18745436 1.6700793e-05 0.00017230104 0.0003972713 0.8660233 1.1156926e-05 0.00040476228 5.366288e-06 2.9119616e-05 7.3272014e-07 0.12649608 4.084671e-05 1.8690082e-06 6.4088704e-06 0.045214232 0.00048494156 0.0018580707 8.401743e-05 6.8862664e-06 0.0061132004 0.000104477156 2.609653e-07 3.888852e-06 0.20334458 4.3425607e-05 3.435012e-07 4.360542e-07 0.0028123618 0.00018861874 2.1236656e-05 0.00016110338 8.2964514e-05 3.8405738e-06 0.00012697051 0.00012641834 8.534548e-07 0.000100447105 5.5998808e-05 4.454674e-05 0.003408935 4.957837e-05 0.0009645691 0.010508989 0.00038171958 0.0012768811 3.7798293e-07 0.00012575986 8.49349e-10
0.7123773 0.03913328 0.011836346 6.883742e-05 4.905351e-05 1.4217093e-06 0.90120107 2.8177346e-06 0.2010162 0.39161953 4.071832e-07 0.89461297 5.8929093e-16 0.9898412 0.0009753032 1.2922429e-05 0.8714281 0.005828066 0.06119276 0.98214126 0.00022030766 1.5753277e-07 2.201202e-05 1.3646156e-06 0.031697653 3.5273298e-09 0.0020198019 0.010444709 0.85175866 0.4818641 0.00641994 0.045376297 0.00015020411 0.02579259 0.005457084 0.023342712 0.00024721926 0.0827323 0.010163998 0.015566355 0.029448135 0.007479774 0.013793677 0.0011007654 9.566545e-06 0.00013038328 0.5098347 0.35016286 1.1350323e-06 1.2297915e-05 0.0006999153 0.0036728259 0.0007274783 0.09803564 0.00017345676 0.00010176625 0.002541191 0.2813237 8.907866e-05 0.00053588575 2.7028838e-07 2.2152994e-05 1.6248171e-06 0.011264041 2.8158597e-06 7.7722795e-08 1.5773473e-06 0.013560478 0.0006968323 0.0018891435 5.621516e-06 8.82637e-06 0.0019303898 0.00022642281 3.2932697e-08 1.1225911e-06 0.009442318 8.925699e-05 5.834452e-08 5.5585406e-08 0.000112978916 3.9153706e-06 2.4026044e-06 5.63926e-05 5.0703293e-05 1.0395001e-06 8.98532e-05 0.0001092904 4.070015e-07 9.510609e-06 2.8339014e-06 0.0001093491 0.0013812637 3.994123e-05 0.00024978063 0.0010516191 5.2782398e-05 0.0004845389 6.2847643e-09 4.990545e-05 8.2863966e-10
0.2754878 0.0024703944 0.00065086194 4.0829514e-06 8.6217415e-06 1.268046e-06 0.5560901 2.8508434e-06 0.019339452 0.47429463 2.5193924e-06 0.34610742 0.9898412 6.0644504e-16 0.00015251085 2.1654663e-05 0.9971467 0.00039483586 0.18998758 0.5455515 5.4397628e-05 8.2492036e-08 4.342242e-05 1.8078755e-06 0.38133454 1.3426625e-08 0.0112044355 0.000823968 0.80230916 0.12189692 0.0128797265 0.15819268 4.172665e-05 0.00833633 0.04075913 0.0018798206 4.9136986e-05 0.09811882 0.0038029994 0.029786026 0.21587437 0.002082335 0.044724792 0.013288292 0.0002997899 0.0024768687 0.44187373 0.067742005 6.754416e-07 7.96523e-07 0.002435451 0.0013546259 4.3775715e-05 0.027493306 0.0004409304 5.313391e-05 0.0072895926 0.03920288 0.00015599495 0.00072093017 3.1775805e-08 8.2374085e-05 1.8471634e-06 0.0014374752 3.9786877e-07 9.73303e-09 2.7080776e-07 0.0013176154 0.00036657607 0.0003289212 1.104401e-06 2.1494838e-05 0.0008148944 0.00023204598 5.05292e-08 1.3245256e-06 0.00062500266 1.3223504e-05 1.3042879e-06 3.7537026e-07 4.8466067e-05 5.921326e-08 2.3566552e-06 1.2758012e-05 4.7105314e-06 2.9510815e-07 5.2390173e-05 0.00013035507 1.511492e-06 5.5866008e-06 1.2629246e-07 2.94266e-06 0.00055173994 2.9217128e-06 0.00015640966 6.436577e-05 3.1948963e-05 9.183325e-05 6.017255e-09 1.3100134e-06 6.2795724e-10
0.8409569 0.4428968 0.81721884 0.46728382 0.31367725 0.27575815 0.011448546 0.9777389 0.3017945 0.002662453 0.8788155 0.0020886676 0.0009753032 0.00015251085 6.4781874e-11 0.78192216 4.8867347e-05 0.98890615 0.016922688 7.349519e-05 0.5768452 0.011254769 0.6166154 0.0027467525 1.2206542e-05 0.0043791756 3.5624485e-05 0.61102533 1.1697026e-06 0.0019344939 2.0908576e-06 1.4163718e-06 0.41348776 2.2469814e-05 5.358942e-07 0.15201691 0.2663555 5.0189847e-06 5.3737014e-05 1.899717e-05 4.8060938e-05 5.9847775e-05 8.2623835e-08 3.349187e-07 2.9197835e-09 1.0468586e-05 6.5458967e-06 0.002807111 0.0063340818 0.007169437 2.2076995e-06 9.463958e-06 0.011765872 0.00020598502 1.4442865e-06 0.015742302 7.481225e-06 0.019803172 2.3718916e-07 1.52012e-05 5.870091e-05 2.8313461e-06 6.791411e-08 0.0697973 0.00068005535 8.6309757e-07 1.2985378e-06 0.00032177303 4.767385e-06 1.2714046e-05 0.00023262361 4.7598365e-07 0.013127062 3.5949424e-07 3.2978629e-09 1.01284414e-07 0.18605356 2.800271e-06 6.6714794e-09 2.435973e-08 0.8000779 0.00013463965 1.778035e-06 0.0001824296 1.9124204e-06 1.0854253e-08 2.7312087e-06 2.1966086e-06 2.904551e-07 3.7060525e-07 2.2683246e-07 4.4554024e-08 0.0002963662 1.6385848e-05 3.3986962e-05 0.4346576 7.126585e-05 0.00015016302 2.1555586e-10 2.2110231e-05 2.0405497e-10
0.21162692 0.00010156585 0.0013053383 0.0025674752 0.01182396 0.0091372235 3.1943448e-05 0.14499837 0.001994128 3.60227e-05 0.8457321 0.00013072543 1.2922429e-05 2.1654663e-05 0.78192216 2.4137127e-12 1.3496356e-05 0.30138758 3.3187498e-05 4.8839902e-05 0.9589554 0.99914724 0.9259351 0.061000552 3.5385227e-07 0.13590187 6.9418604e-07 0.10728109 3.720345e-05 0.00055684097 3.5042282e-09 1.9257466e-07 0.57474905 3.321007e-05 2.0810878e-08 0.031415563 0.23267008 1.4293408e-05 4.7298427e-06 7.988756e-08 1.0326597e-06 2.1996543e-06 2.0189132e-06 3.5773752e-08 3.8879583e-10 1.1247953e-08 5.5110777e-06 0.000728936 0.050386336 0.11476917 2.6024087e-05 5.1731563e-06 0.005241501 0.00011317508 5.6926893e-07 0.014113419 4.1746628e-07 0.0023424684 6.319539e-07 1.1285916e-06 0.00015831814 2.2698632e-07 2.2073898e-08 0.008581155 0.006122206 7.7233435e-06 0.0002661321 0.0006441417 2.5633194e-06 9.742359e-06 0.002251059 7.4262954e-07 0.0024668244 1.5621146e-05 4.674049e-09 6.778741e-08 0.008001621 5.2709356e-07 1.1778822e-06 3.271893e-09 0.4158243 0.00032259495 4.2761815e-07 0.0009873557 5.6561936e-07 3.466848e-08 1.571508e-06 2.1017233e-06 5.994416e-08 4.043591e-07 1.6190413e-08 2.1454387e-07 0.0004948412 5.127304e-05 7.088718e-06 0.05350027 3.428295e-06 1.2350946e-05 1.7704968e-08 0.00011011576 3.8537632e-12
0.18945475 0.0028851305 0.000888418 1.0680442e-06 2.9271316e-06 3.4142082e-07 0.6768785 1.4853306e-06 0.0056052133 0.76132005 1.3545528e-06 0.19073495 0.8714281 0.9971467 4.8867347e-05 1.3496356e-05 7.129952e-14 0.00035235242 0.327939 0.36780426 0.00016329523 3.489357e-08 1.5201401e-05 3.610868e-07 0.9749807 3.6857535e-09 0.22198685 0.0004968573 0.80315375 0.061529487 0.09224988 0.27772906 3.751348e-05 0.009336642 0.8034956 0.0004561208 2.256574e-05 0.16230199 0.0033809068 0.5420288 0.8142946 0.0008735839 0.04937884 0.40627372 0.007247158 0.026491541 0.5950167 0.025435353 3.0010466e-07 3.5048286e-06 0.0039326916 0.0011815743 1.7958735e-05 0.018692039 0.0005343915 3.906885e-06 0.08180113 0.011934273 0.00021370043 0.0013314039 5.407935e-09 0.00016837809 3.2710652e-06 0.0005264282 1.2556781e-07 4.1594856e-09 1.628517e-06 0.00045765674 0.0006615363 0.00036791904 4.029876e-08 3.977842e-05 0.0002547304 0.00012266378 6.2483747e-07 7.209941e-06 0.00026790545 9.480335e-06 1.0304797e-06 7.200462e-07 1.2323063e-05 4.9030284e-08 1.3742009e-05 5.496436e-05 8.24061e-06 3.516736e-07 1.00039615e-05 9.0031106e-05 1.3107996e-06 7.275052e-06 3.924011e-07 1.9588973e-05 0.00045393614 3.293873e-06 4.8209255e-05 5.296988e-05 3.208753e-05 3.375909e-05 8.43848e-09 5.0537637e-06 7.608366e-09
0.95238763 0.2313244 0.61247665 0.09184833 0.11306433 0.03102168 0.016277393 0.55357045 0.5356231 0.012041504 0.3452173 0.023683073 0.005828066 0.00039483586 0.98890615 0.30138758 0.00035235242 1.9475166e-12 0.026162334 0.0019656417 0.76412743 0.00060803693 0.5411557 0.0009964799 2.473334e-06 0.00065418717 0.00013823998 0.96840006 6.277409e-05 0.059165012 3.3476717e-08 3.2371204e-08 0.5711297 0.00014659904 4.958965e-06 0.6227146 0.3602634 1.0095875e-05 0.00036681036 0.00035615056 0.0002521212 0.0017570214 3.993209e-07 2.1333624e-07 9.610358e-09 2.4235346e-06 1.1798546e-05 0.03805942 0.012373329 0.013916712 8.701014e-06 0.00015687948 0.08315398 0.003890813 3.3657907e-06 0.028391548 1.9229516e-05 0.21003126 1.7761912e-06 3.3060646e-06 0.00018578784 2.855183e-06 3.7140026e-07 0.49761376 0.0014356701 1.0082376e-05 7.025002e-07 0.009713207 1.0566219e-05 0.0006731389 0.0016615944 3.8725145e-07 0.09549169 7.921117e-06 5.3397136e-09 6.209368e-08 0.5938921 1.6763295e-05 9.893722e-08 3.8775774e-09 0.7032331 0.0014255829 2.448575e-07 0.00041398712 4.7462e-06 1.5547465e-06 0.00018096316 0.000107142005 4.4849635e-06 1.3373018e-06 8.424674e-07 9.250484e-08 0.004750876 0.00014297041 0.00023670368 0.36508515 4.7593603e-05 0.002927351 1.8661336e-08 0.00042928895 3.040445e-10
0.71376663 0.5598616 0.113938265 0.013622571 0.0005625689 0.00074191706 0.1861121 8.435906e-05 0.27075586 0.97621876 1.881363e-05 0.8970226 0.06119276 0.18998758 0.016922688 3.3187498e-05 0.327939 0.026162334 4.431646e-12 0.8366764 6.701924e-05 0.00029231512 0.0009555885 0.00017467089 0.4374609 4.3991201e-07 0.99982756 0.0062213927 0.39480224 0.023834089 0.065229304 0.3056799 0.00014350151 0.001229621 0.0014151952 0.00242312 0.00023680009 0.14805563 5.743891e-05 0.008200821 0.00442903 1.9320398e-05 0.0017075015 0.0076830974 1.00868765e-05 0.008928636 0.54735017 0.09633636 0.00059962866 3.9431245e-05 2.2274658e-05 1.7681812e-05 1.1917302e-06 0.006955092 1.2131762e-06 5.962744e-06 0.0007228523 0.15359746 1.9215172e-06 2.8392675e-05 1.321008e-07 4.0997875e-06 2.5775702e-07 0.00027472252 4.3643718e-06 5.5189435e-07 3.3402987e-06 0.0001486178 5.984153e-06 3.959967e-06 1.1423412e-05 6.6286557e-06 0.00012750685 2.6181926e-06 1.932527e-08 7.54647e-08 0.026429478 1.05363526e-07 6.3935935e-05 1.2948132e-06 0.0006312791 1.5328819e-06 0.00011432344 0.0015598014 1.5605905e-06 1.0974264e-06 4.4459483e-07 7.294752e-07 2.9502834e-08 4.7994954e-06 8.522477e-09 5.0361013e-08 0.0025280558 1.5334823e-05 1.0615761e-05 0.4152112 3.6759443e-06 8.020505e-06 7.792661e-08 1.2025104e-05 1.7877332e-10
0.97961336 0.15693998 0.040655207 0.00016710424 5.6359535e-05 2.2019738e-06 0.74144405 1.8747915e-05 0.5351634 0.37480375 1.1549522e-06 0.95603913 0.98214126 0.5455515 7.349519e-05 4.8839902e-05 0.36780426 0.0019656417 0.8366764 1.1997896e-11 1.0837564e-05 7.982006e-07 8.716096e-06 5.171693e-07 0.15716906 1.5996662e-08 0.01731048 0.0023564522 0.38502094 0.8897782 0.013143084 0.003769135 1.6289123e-05 0.0654139 0.01186739 0.0037322908 4.4212517e-05 0.10357398 0.01906259 0.030372176 0.24167667 0.020287214 0.012228792 0.00021411006 0.00012880813 0.0050226385 0.58973455 0.77349997 4.405979e-06 4.773288e-05 0.00011110945 0.00016761497 0.00019134693 0.4028911 1.04854425e-05 1.7641387e-05 0.00045355727 0.83461213 3.3646293e-06 0.00016567089 1.7485347e-05 0.00018900011 7.7609815e-07 0.022590956 4.870871e-06 3.6781992e-06 4.253405e-07 0.029296324 0.00028265952 0.0018200872 2.0112731e-05 2.103919e-06 0.00080331904 2.250887e-05 7.7357384e-07 2.2241425e-06 0.05168618 7.165488e-06 4.5364783e-07 6.1602584e-08 0.00032659186 2.8711389e-05 3.7048035e-06 5.0503404e-05 2.2772765e-05 1.7693069e-06 0.00011380911 1.7296312e-05 8.877065e-07 1.01596415e-05 7.1636773e-06 1.1217927e-06 0.0026996625 1.0027938e-05 0.00043089906 0.0026348056 0.00042697982 0.0009385287 2.148299e-07 8.046248e-06 1.1183515e-09
0.7969695 2.498629e-05 0.004140967 0.0003454164 0.008031318 0.0035552208 0.00021272157 0.33105588 0.0034749035 0.0001286722 0.5926964 2.6850537e-05 0.00022030766 5.4397628e-05 0.5768452 0.9589554 0.00016329523 0.76412743 6.701924e-05 1.0837564e-05 7.635012e-13 0.10159247 0.9775066 0.141788 2.7915203e-08 0.9712522 6.657986e-07 0.5463567 5.5874347e-07 0.0025197866 6.425412e-10 8.694991e-10 0.92002475 2.750228e-05 6.472381e-08 0.12954327 0.6533466 6.74727e-07 1.9889694e-05 1.8468128e-06 1.9720865e-08 0.00016168982 1.4697454e-07 8.274507e-09 1.264829e-09 3.4402607e-09 2.4650555e-07 0.00032706786 0.5262023 0.54726166 3.7044765e-07 3.1927186e-05 0.14030333 2.8517175e-05 4.482819e-07 0.052045435 5.623369e-07 0.0022985176 2.1652e-07 5.3864948e-08 0.0051432373 1.4261205e-07 7.3033875e-06 0.024017893 0.054941863 0.003854845 0.0008396201 7.40438e-05 2.714055e-07 1.7193426e-05 0.008425684 1.3031062e-07 0.010218308 1.7052498e-07 2.2649317e-08 1.1041329e-07 0.038995337 2.8603342e-06 1.0889422e-06 1.388962e-10 0.8566365 0.0066412357 4.3939716e-07 0.0054867873 2.1588073e-06 4.4407702e-07 3.7774166e-06 2.5097688e-06 1.9191079e-07 1.01690915e-07 1.8876513e-07 1.6832074e-06 0.000315996 0.00029583304 3.027983e-06 0.21216404 7.251014e-07 2.361284e-05 4.3930743e-09 0.0007567434 2.8800196e-10
0.00039519262 7.4481295e-06 3.19976e-05 0.000102485115 8.774736e-06 0.00021210901 1.3067793e-06 0.0011594649 1.622506e-05 1.4115134e-06 0.14020652 1.6180858e-06 1.5753277e-07 8.2492036e-08 0.011254769 0.99914724 3.489357e-08 0.00060803693 0.00029231512 7.982006e-07 0.10159247 3.392052e-16 0.06813082 0.9997604 5.7400985e-08 0.25211966 4.300619e-08 0.0006508967 3.2557775e-08 1.7487256e-06 1.2604766e-06 2.2488452e-08 0.022124007 1.2536875e-08 3.2851517e-08 0.00027356928 0.0026727056 1.3610031e-07 1.5634082e-09 4.78765e-08 5.070198e-09 8.909751e-09 1.2074678e-09 2.9004804e-08 1.7644889e-12 7.401745e-09 8.289942e-07 7.1854396e-07 0.009885659 0.0893533 2.776572e-08 1.1676585e-08 0.00018536148 4.0660712e-08 5.1368567e-09 0.00012383246 2.4246809e-08 2.0709317e-06 3.9720454e-09 3.633683e-06 2.0074667e-06 4.9607383e-08 1.3023507e-09 2.2915167e-06 0.000115965515 5.2658805e-07 5.7189667e-05 8.509597e-09 7.1327717e-09 3.220276e-09 9.031533e-05 1.0528057e-07 1.5687036e-06 1.0136239e-09 5.062658e-10 3.526397e-08 2.124572e-06 1.5299995e-09 7.5198734e-08 8.662005e-09 0.0013583996 6.9960464e-07 1.7955513e-07 6.477546e-05 5.7753913e-09 4.024917e-10 2.051105e-10 1.8296407e-09 1.4341489e-10 1.2549788e-09 9.477523e-10 5.945394e-09 3.5092132e-08 3.3143607e-08 2.2708873e-09 0.0007124931 1.369414e-07 2.4926536e-10 2.766636e-10 1.1214649e-07 2.4766567e-12
0.8818441 0.02465386 0.09549261 0.13292001 0.04282828 0.08104634 0.0011546314 0.58950776 0.016407482 0.00033606795 0.7668332 8.562111e-05 2.201202e-05 4.342242e-05 0.6166154 0.9259351 1.5201401e-05 0.5411557 0.0009555885 8.716096e-06 0.9775066 0.06813082 1.3669469e-12 0.06137818 3.379191e-07 0.8399473 4.687466e-06 0.70327735 2.2657266e-08 0.00011643693 3.7786722e-07 6.248408e-08 0.9735212 5.511012e-07 3.1442636e-07 0.26169866 0.7998352 4.4811176e-07 4.1917874e-06 2.9866169e-05 9.971448e-07 6.638759e-06 6.2365575e-09 7.4423463e-09 3.2455023e-09 2.1266041e-07 8.62636e-07 0.00088699575 0.10902461 0.045548696 1.8310475e-07 3.5361563e-06 0.20020884 2.5398946e-05 3.115498e-07 0.2090373 9.72724e-07 0.006950285 8.3678984e-08 7.2633857e-06 0.00053328567 1.2446742e-06 1.4793082e-08 0.13485897 0.05135954 0.00017805092 0.0003083873 0.00026487012 1.0742929e-06 6.5378795e-06 0.00640014 1.05903894e-07 0.04801191 1.9206423e-07 1.4025744e-09 3.7053933e-08 0.14680098 4.8295306e-07 9.838823e-09 1.4335213e-08 0.90661937 0.0050511304 1.0081333e-06 0.00048141263 2.3788928e-06 1.9150346e-07 1.3792859e-05 2.6904354e-06 2.5599223e-07 5.613445e-07 1.2852742e-07 2.5789643e-07 0.0009855875 0.0007293581 2.2990827e-05 0.6543597 2.0262303e-05 0.00015267223 4.2767336e-08 0.0015873744 2.3890184e-10
0.0070590493 6.471794e-06 4.265868e-05 1.4210742e-05 3.4477578e-06 0.000119026176 7.738413e-06 0.0014926835 1.8202356e-05 1.8264129e-06 0.018666932 1.5463359e-06 1.3646156e-06 1.8078755e-06 0.0027467525 0.061000552 3.610868e-07 0.0009964799 0.00017467089 5.171693e-07 0.141788 0.9997604 0.06137818 7.289139e-15 2.0620541e-07 0.9997956 9.537516e-07 0.0012641624 7.782527e-07 1.691352e-05 3.3574827e-07 4.3333493e-08 0.04970419 7.3174743e-07 5.4315973e-07 0.00041312777 0.009922449 4.4307654e-07 1.0336819e-07 1.7087899e-06 8.084201e-09 2.09521e-07 7.316382e-08 4.9491327e-08 6.9278465e-11 7.891716e-10 1.7853014e-07 4.176596e-06 0.039574713 0.06472622 2.2768693e-06 6.225036e-07 0.000441021 5.3587013e-07 4.4811304e-07 0.0010892996 1.8038818e-06 7.961126e-06 1.8790497e-07 9.864624e-07 2.510804e-05 3.975068e-06 1.6251572e-07 2.2567981e-05 0.0016824108 7.1513978e-06 0.0005234882 1.3859994e-06 7.543001e-08 5.422556e-07 0.0007408752 2.9867094e-06 4.8575366e-05 1.06615474e-07 3.248799e-08 1.5569655e-07 1.440833e-05 1.5918136e-08 2.0595887e-06 7.126874e-08 0.00451061 5.5257e-05 6.0474235e-07 0.000101567006 3.9942603e-07 3.6143838e-08 6.107261e-08 1.2371859e-07 2.7661642e-08 1.39009515e-08 8.989216e-08 1.447917e-07 1.7145614e-05 8.111227e-06 1.8310072e-07 0.0014407072 7.527277e-08 2.1697103e-07 3.254342e-07 2.2750233e-05 9.691752e-10
0.7048357 0.0005652562 3.7290156e-05 1.0503076e-05 2.700369e-07 1.7181114e-07 0.055791955 4.045402e-08 0.00042299533 0.04527116 4.6881944e-08 0.024498025 0.031697653 0.38133454 1.2206542e-05 3.5385227e-07 0.9749807 2.473334e-06 0.4374609 0.15716906 2.7915203e-08 5.7400985e-08 3.379191e-07 2.0620541e-07 4.4394733e-15 1.5615417e-10 0.029675001 1.3262781e-05 0.8794887 0.017016195 0.9036187 0.91858983 4.906686e-08 0.03840344 0.9626955 9.493445e-06 3.2795736e-08 0.6075907 0.0032563491 0.90901256 0.75685817 0.0011118366 0.38493088 0.7638963 0.0025350899 0.039571933 0.5812869 0.008727583 2.0593225e-09 5.6763986e-07 0.07481142 0.012657674 3.9678469e-07 0.04316465 0.0040141386 1.0224417e-08 0.40593374 0.0037701796 0.0057824827 0.07418238 2.3667882e-08 0.012076482 0.0032882362 8.266195e-05 2.3752529e-09 1.7116113e-08 9.453763e-10 0.00095400325 0.009993317 0.0004361206 7.191293e-09 0.00027760348 1.800537e-06 0.002851492 4.7677826e-05 0.0008556062 7.284345e-05 5.19247e-05 8.365434e-06 0.0001253182 2.0607854e-06 3.0980868e-08 0.0006355701 1.0735084e-06 3.2512555e-05 1.2864755e-06 7.6078263e-06 9.765871e-05 8.568789e-06 0.0001735304 5.5300306e-06 2.841944e-05 0.00024201487 5.769174e-08 0.0010380049 8.06016e-05 0.00023453619 0.00039603247 2.0220759e-07 2.6353117e-08 2.8070037e-06
0.5682432 3.4890043e-08 6.626548e-07 9.552454e-07 1.4628276e-07 1.1236842e-05 6.677106e-09 0.00043085593 4.290781e-07 4.4661634e-09 0.0004599565 7.00352e-08 3.5273298e-09 1.3426625e-08 0.0043791756 0.13590187 3.6857535e-09 0.00065418717 4.3991201e-07 1.5996662e-08 0.9712522 0.25211966 0.8399473 0.9997956 1.5615417e-10 6.289389e-14 4.594744e-09 0.0033482946 7.628142e-09 7.5877216e-07 1.8592952e-11 8.530486e-11 0.74377024 3.3802657e-08 1.009832e-09 0.0021593014 0.38655752 1.6837445e-09 1.3295585e-08 4.3287707e-09 1.0077217e-08 5.9057577e-09 3.186165e-10 1.9100188e-09 5.2515995e-12 4.696636e-11 1.16183125e-08 2.0105456e-06 0.5575513 0.92406416 1.524776e-09 5.3256644e-10 0.014368646 1.606445e-08 6.525514e-10 0.0977526 3.7059213e-09 4.341379e-06 1.552085e-09 9.2821817e-10 0.010934975 2.6298439e-08 2.5305182e-09 0.00041469876 0.12115037 0.00751382 0.01961076 1.9271114e-07 2.1089461e-09 5.346965e-07 0.049979996 1.1304222e-07 0.00027090398 4.3797737e-08 3.9779194e-10 3.2103107e-09 0.00015696358 2.9569296e-09 9.784926e-07 4.880484e-09 0.30909616 0.041391145 8.313686e-07 0.102193646 3.2163018e-07 1.7525545e-09 5.6926885e-09 5.3373846e-08 3.2768894e-09 8.453027e-07 2.7745712e-08 1.2807823e-07 0.0002349257 0.003388906 1.8100508e-08 0.1030243 3.3416683e-08 9.158665e-08 5.293405e-08 0.025209071 3.3140001e-12
0.0009057115 0.0018952972 0.0003246461 1.6785227e-05 3.479514e-08 3.2757927e-07 0.0057857116 1.4296582e-07 0.0005580129 0.12887667 1.8184119e-07 0.05015894 0.0020198019 0.0112044355 3.5624485e-05 6.9418604e-07 0.22198685 0.00013823998 0.99982756 0.01731048 6.657986e-07 4.300619e-08 4.687466e-06 9.537516e-07 0.029675001 4.594744e-09 5.1834236e-15 2.5293457e-05 0.0046967315 0.00076906336 0.0029480297 0.0025220225 6.411857e-07 1.9027286e-05 0.0024079895 3.9276463e-05 8.25906e-06 0.00093288586 2.067025e-06 0.0067978725 0.7839578 3.1039722e-06 0.00013523974 0.0027783522 0.00011068778 0.9990586 0.012565354 0.00053811946 3.6145062e-05 2.4910486e-07 1.2032767e-05 5.112921e-06 1.8863842e-07 0.00016221742 1.9123645e-07 1.888546e-07 0.0007048027 0.0007947237 5.9188955e-07 6.723462e-06 4.7737423e-09 1.6132548e-05 5.588666e-07 2.0544978e-06 7.2222623e-09 2.2034472e-09 7.530433e-07 1.3177848e-06 3.6128313e-07 1.1043246e-07 2.4790876e-07 7.6058027e-06 1.3860504e-05 2.1319343e-07 8.755038e-09 2.240531e-08 7.992053e-05 3.09236e-08 1.0068673e-07 2.647871e-09 2.9063006e-06 5.3021125e-09 1.9372631e-07 5.681611e-06 3.7429338e-08 5.7421164e-07 6.842327e-08 1.4245056e-07 5.1412904e-08 1.6225044e-07 1.0613659e-08 8.172088e-07 8.376151e-05 1.5660152e-07 3.990489e-06 0.00032273278 1.4136634e-06 6.066821e-07 9.980213e-10 9.2912245e-08 2.5619334e-10
0.9259418 0.04776734 0.24194324 0.030540735 0.025123453 0.012007732 0.005222359 0.16416718 0.3771016 0.0037433698 0.04458042 0.01975063 0.010444709 0.000823968 0.61102533 0.10728109 0.0004968573 0.96840006 0.0062213927 0.0023564522 0.5463567 0.0006508967 0.70327735 0.0012641624 1.3262781e-05 0.0033482946 2.5293457e-05 1.0726112e-13 0.0004269175 0.12081226 3.7203288e-06 2.8697372e-07 0.81492347 0.0006087954 3.8702087e-06 0.98944056 0.8842322 1.0188798e-05 0.0014274106 7.5722026e-05 2.4432844e-05 0.006712213 8.472174e-06 4.4961644e-07 1.1196966e-08 1.0978435e-07 1.4068375e-05 0.018950101 0.066017926 0.0072186217 8.859144e-05 0.00026511375 0.5553621 0.0015488671 4.5874414e-05 0.06434926 3.969649e-05 0.07945885 8.0808295e-06 7.9353695e-06 0.00054239656 7.0743234e-05 9.092332e-08 0.48790973 0.007925107 3.850241e-06 4.7041926e-06 0.010981081 2.2017648e-05 0.0014478778 0.0014543455 6.027723e-06 0.14759164 1.0259381e-05 6.1560065e-08 1.608558e-07 0.5369394 7.382733e-05 4.4865285e-08 1.2341144e-08 0.74590236 0.0022458099 3.372107e-08 0.00014693761 2.06502e-05 6.7740655e-07 0.00048571292 0.000399328 1.9902904e-05 3.6228232e-07 9.513669e-07 5.8737254e-07 0.006891358 0.00030715013 0.0002009108 0.42665458 6.28398e-05 0.0052677803 2.2720842e-08 0.00029735142 2.6783222e-09
0.9181298 0.0035944867 0.001020062 1.3571829e-06 7.682984e-06 2.0389675e-07 0.40979615 1.8557004e-06 0.024315083 0.11963303 2.121898e-07 0.20576732 0.85175866 0.80230916 1.1697026e-06 3.720345e-05 0.80315375 6.277409e-05 0.39480224 0.38502094 5.5874347e-07 3.2557775e-08 2.2657266e-08 7.782527e-07 0.8794887 7.628142e-09 0.0046967315 0.0004269175 8.676798e-14 0.8401959 0.76967067 0.6462727 7.9525773e-07 0.9034075 0.5838532 0.00093415944 5.12527e-07 0.94552237 0.21880203 0.6214054 0.3485026 0.056869153 0.8633082 0.07790526 7.458362e-05 0.004105203 0.95442796 0.26033008 3.6865288e-08 5.733065e-07 0.050543882 0.022096712 2.907508e-05 0.54286444 0.00044400338 3.3941902e-07 0.072309375 0.122940324 0.0004479118 0.0051108617 4.284803e-07 0.0027166216 9.8108985e-06 0.008288113 5.733629e-07 2.8049178e-07 1.4547099e-09 0.016888129 0.029891541 0.0143914195 2.8699205e-07 2.9763527e-05 0.00031664787 0.0034840805 9.203574e-06 3.226008e-06 0.0063237483 0.00031222278 8.905471e-07 1.0271137e-07 3.355578e-05 2.6270777e-07 2.257305e-06 4.3492417e-07 0.00013969008 2.3072196e-06 0.00043113236 0.0005686973 5.9382573e-06 3.8188526e-05 1.5113154e-05 3.4773846e-06 0.0028490198 2.7728515e-06 0.005907395 0.00034777363 0.0025205605 0.006812598 1.9699137e-08 4.1434294e-08 1.0462446e-09
0.96054727 0.01563741 0.038362827 0.00021592314 0.0022022522 7.730352e-06 0.24225113 0.000287609 0.4118661 0.029938513 2.7190822e-06 0.6072784 0.4818641 0.12189692 0.0019344939 0.00055684097 0.061529487 0.059165012 0.023834089 0.8897782 0.0025197866 1.7487256e-06 0.00011643693 1.691352e-05 0.017016195 7.5877216e-07 0.00076906336 0.12081226 0.8401959 7.335124e-14 0.005916388 0.008467268 0.0006501004 0.95921177 0.0038360867 0.37447703 0.0007698625 0.24015456 0.948223 0.008215176 0.0041576084 0.830839 0.049843032 0.00010434572 1.0101359e-06 5.4865544e-05 0.30708796 0.9420942 4.8119182e-05 0.00025756774 0.0009633667 0.0021932973 0.03575338 0.52881837 0.00014516302 0.0005245415 0.00029016676 0.7880742 7.050326e-05 0.00028702916 3.9505958e-05 0.000118806725 6.3031797e-07 0.22141026 0.0001528475 5.073921e-06 6.442205e-06 0.2859978 0.00034956107 0.0192136 0.00036747966 5.017183e-05 0.030561706 0.00016193843 1.3458688e-06 2.1685073e-06 0.10331426 0.00052473333 1.1226714e-06 1.6546917e-07 0.00087351276 0.0008741961 7.1591256e-07 0.00022243719 0.000100442034 2.8771114e-05 0.00064880843 0.0002443365 1.6808486e-05 1.6410839e-05 1.6189017e-05 8.890748e-05 0.01845317 0.00067849935 0.0012827939 0.003640975 0.000313807 0.0039708647 7.29662e-08 0.0001892972 1.2202711e-09
