9.361903e-15 0.89771503 0.9885478 0.96548617 0.8710307 0.9871004 0.9804742 0.9543913 0.9690058 0.92181736 0.9727703 0.8935465 0.9523718 0.8991277 0.8966886 0.88136905 0.9801799 0.9960034 0.9584114 0.7224179 0.92095286 0.7140479 0.944851 0.84179085 0.06528234 0.83150935 0.9570846 0.79840124 0.99124664 0.5564785 0.0926159 0.9040361 0.009717734 0.99203885 0.9995879 0.8963675 0.9765497 0.2346234 0.88448936 0.9162817 0.7791408 0.97485006 0.04668341 0.9594472 0.9855287 0.9257085 0.86805695 0.87978846 0.9300278 0.4219326 0.9949344 0.68752366 0.94823563 0.046485215 0.9692069 0.6170316 0.7643285 0.37423018 0.00032609052 0.61614776 0.8530886 0.0048000067 0.4786369 0.9881982 0.9498213 0.9611292 0.98425806 0.98696345 0.05395403 0.24766794 0.47739556 0.7571675 9.039451e-05 0.99847 0.79223883 0.8744212 0.22484106 0.9015506 0.94215214 0.057957493 0.6704548 0.99895245 0.98509365 0.99373496 0.84861946 0.01369322 0.5985822 0.09568981 0.97589546 0.94344914 0.43895677 0.0009130576 0.9940578 0.00031151908 0.8418572 0.012104351 0.5034988 0.99123204 0.9998939 5.4043114e-05 0.9996407
0.89771503 1.2012756e-11 0.9275457 0.83239025 0.90797836 0.9478185 0.0408618 0.48680562 0.05976144 0.9248975 0.00649325 0.92203146 0.78462917 0.40836164 0.71505 0.14509737 0.17627035 0.0071668527 0.09556549 0.597142 0.014635318 0.1385144 0.009857925 0.12639156 0.036903232 0.03466036 0.047224797 0.008131559 0.0010685675 0.014086426 0.02415767 0.014049148 0.009089149 3.6273193e-06 0.89972043 0.002953058 0.024428405 0.0064248797 0.008670214 4.246114e-05 0.00031362867 0.0003963007 0.00063046505 2.075014e-06 5.8855843e-05 0.00017048005 0.0006533507 0.0070974613 9.89384e-05 0.0003401908 0.000106601205 0.00061709 5.4477705e-06 0.09749431 2.520905e-07 2.148508e-05 9.092308e-06 3.873634e-05 0.00017038838 0.00047800297 3.1747425e-06 7.9757046e-07 4.4763296e-05 1.154034e-06 0.004555468 7.704236e-05 3.6224483e-06 0.04219195 0.00018272527 9.421704e-06 0.00016321072 9.757892e-07 1.6379956e-07 0.00023094543 3.8031114e-05 8.976195e-06 2.1753779e-06 1.5957656e-06 1.1757828e-05 3.1851564e-06 4.2382933e-07 0.0010370332 0.005186452 1.5019522e-06 0.0001657564 5.474864e-06 6.4465905e-07 8.653237e-07 0.0028377553 0.0027845725 1.745519e-07 6.6259224e-07 0.009276361 7.585505e-08 1.259379e-05 3.1738352e-09 3.4543777e-07 1.5202085e-05 0.0144019425 3.9571186e-09 0.00027868466
0.9885478 0.9275457 1.4551352e-12 0.07018091 0.60487574 0.8707479 0.0018161583 0.035937652 0.0006676085 0.94332355 2.3431341e-05 0.8914902 0.9282459 0.7544854 0.3802891 0.06883531 0.4221194 0.000536182 0.46992463 0.6603828 0.0010800884 0.510936 0.00088444434 0.4865561 0.020306591 0.014419697 0.014962532 0.038354374 2.6525358e-06 0.23706673 0.02524241 0.00069480937 0.008588367 1.100036e-07 0.7994797 0.0003046855 0.02299662 0.012404586 0.012472522 3.6272277e-07 1.4338633e-06 1.4689853e-06 0.00082859583 7.261896e-08 1.8045793e-07 6.9954265e-05 1.40326365e-05 0.2841971 1.5790827e-06 0.00023962776 7.1709667e-07 1.83359e-05 2.4888129e-08 0.042095065 1.0953659e-09 3.113339e-07 9.879451e-07 3.8448525e-07 9.450605e-05 4.221992e-05 2.171186e-09 4.2407235e-05 5.2450366e-07 6.039285e-09 0.00042157658 1.47198e-07 1.1477005e-07 0.04703043 0.0001042052 1.0992788e-07 0.0008975224 2.390848e-09 8.2529965e-08 4.704901e-06 3.5825942e-05 7.4380884e-09 2.5282132e-08 8.0334267e-10 6.3566546e-08 6.197548e-08 7.2739947e-09 0.0010736274 0.004964454 2.1901314e-09 1.5547592e-07 1.1511624e-05 2.170424e-09 3.853887e-07 0.0010240594 0.0015343154 4.1592337e-08 1.3067786e-07 0.008001361 1.3562603e-08 7.655957e-08 4.0924822e-10 4.475759e-08 4.5606923e-09 0.021030227 1.3926694e-08 7.980583e-05
0.96548617 0.83239025 0.07018091 1.1720518e-12 0.7946624 0.060502958 0.90694803 0.9408427 0.93818545 0.15776086 0.82258546 0.36093056 0.01950601 0.15527853 0.9575525 0.21126366 0.0005345742 0.82072675 0.46431902 0.041653287 0.3652395 0.0383668 0.23743384 0.001194435 0.000452006 0.5896784 0.048555072 0.085775815 0.1536228 0.00015994636 0.0016182488 0.68754095 0.00029132326 0.00035181252 0.30552694 0.21251343 0.1575409 0.01226615 0.57901186 0.0004000881 0.00091138115 0.0032852634 0.0027793793 0.00094569125 0.00051711214 0.18122967 0.114748105 1.5822122e-06 0.0004305762 0.03154565 0.00065738487 0.06256806 7.4621857e-06 0.031023538 6.89e-07 0.0013749488 0.00044910802 0.0033861466 7.4672585e-05 0.020930527 9.7674965e-06 2.3366035e-06 0.0007144125 1.2696833e-06 0.0067112464 2.5508763e-05 1.82277e-05 0.14831132 0.00014155131 0.00075649127 0.0038434363 1.1213387e-05 1.3776681e-06 0.0006745025 0.0009949355 1.4286572e-06 3.4746665e-06 4.383987e-06 1.892141e-05 2.904512e-05 1.061607e-06 0.0059006107 0.029937277 3.059299e-06 2.8344217e-05 6.564128e-05 1.0923544e-07 0.0014624568 0.009825839 0.004639603 1.1413975e-06 1.5071128e-05 0.023530392 5.0165846e-07 1.3450939e-06 5.442868e-10 4.2136008e-07 4.910884e-07 0.0071875267 7.438245e-09 0.0029106943
0.8710307 0.90797836 0.60487574 0.7946624 1.1689832e-10 0.78278273 0.13944553 0.9202862 0.14836617 0.38113707 0.012282509 0.28050596 0.22958426 0.1054877 0.22139622 0.98393255 0.02394595 0.021289391 0.04249806 0.05962312 0.09703743 0.026061624 0.07229272 0.007614879 0.0014597855 0.014951178 0.68937135 0.001482875 0.0024951338 0.0024418684 0.0018523091 0.0058875945 0.00017553775 4.713043e-06 0.9700246 0.001075914 0.475122 0.00057567976 0.0034282743 7.92341e-05 0.00026691926 0.0019877001 5.605619e-05 1.6995377e-06 3.080855e-05 0.0001029627 0.00065141893 0.00023555588 0.00021531325 5.6851153e-05 0.0007197946 0.00027068757 5.616254e-06 0.008172335 2.5727715e-07 6.0630355e-06 5.0752037e-06 7.614947e-06 1.10991305e-05 4.6372337e-05 9.1253565e-07 1.5018813e-07 2.6038945e-06 1.3852939e-06 0.021413999 3.2639276e-05 6.518629e-06 0.3240301 7.255248e-07 5.346012e-07 5.479596e-06 6.8377474e-08 3.246897e-08 0.0010951598 5.494018e-06 5.3345326e-07 2.24468e-08 2.2436743e-06 3.2774897e-05 3.213259e-08 8.609236e-08 0.0027938213 0.097724475 8.892016e-06 2.48675e-05 8.559674e-08 6.462154e-08 1.7870917e-07 0.032794416 0.0337717 1.0524913e-09 1.9403311e-08 0.049631387 7.1313706e-09 8.790197e-08 9.263999e-10 7.838021e-08 3.8975704e-06 0.09704309 1.3317202e-09 0.006155301
0.9871004 0.9478185 0.8707479 0.060502958 0.78278273 1.2079714e-14 0.000806917 0.030110452 0.001825807 0.4718255 6.577087e-05 0.16870756 0.8950828 0.006403321 0.035209637 0.2481645 0.97519976 0.00069724105 0.003916771 0.32888374 0.00043902354 0.0019362909 0.00059385865 0.4475029 0.012478834 0.0015760235 0.14719933 6.811483e-05 6.228035e-05 0.044091813 0.00076461077 0.000108934015 0.00072862284 3.737006e-08 0.19491138 0.00017134768 0.0140697695 0.0008872994 6.0024573e-05 4.4637622e-07 6.58184e-06 3.3323427e-05 4.8729733e-05 2.540294e-07 7.8459675e-07 5.4132295e-07 1.6836482e-05 0.022970127 8.9526675e-06 1.1567313e-06 1.4964199e-05 5.9074983e-07 2.1679955e-07 0.00060846563 1.3719655e-07 2.4864835e-06 1.2999645e-07 1.1588832e-08 3.073341e-06 5.14824e-07 1.3477403e-06 2.6571044e-07 1.00954985e-07 1.9077406e-06 0.00029197356 8.8576655e-07 2.6350693e-07 0.029280597 1.6072502e-07 8.308287e-09 9.1493814e-05 7.803916e-09 2.030539e-08 4.979509e-06 1.0572619e-05 2.3072877e-08 2.7704117e-10 1.6419321e-07 5.531416e-07 1.9240962e-07 6.7099585e-08 0.00056344783 0.0026160686 2.763278e-09 2.5626057e-06 1.7931804e-06 9.349641e-08 1.0736973e-07 5.2177864e-05 0.00027880166 8.764941e-10 7.957596e-08 0.0014787245 1.0185867e-10 1.0143709e-08 8.658804e-12 2.3187361e-08 2.7673868e-09 0.55581975 4.448062e-10 6.4455985e-06
0.9804742 0.0408618 0.0018161583 0.90694803 0.13944553 0.000806917 1.9488653e-12 0.36865437 0.87102133 0.0026300722 0.5979713 0.051150095 0.00013376334 0.07568229 0.9584623 0.01079095 1.6202624e-05 0.86091 0.79751366 0.001388104 0.026073568 0.014768402 0.025877738 2.0364436e-05 1.6444255e-05 0.82176757 0.0022757472 0.4374865 0.03839132 4.0154478e-06 0.00041424914 0.89249164 4.3578733e-05 9.4163115e-05 0.023583798 0.58777934 0.014765762 0.056261092 0.90616995 0.00010448593 0.00010333415 0.0034969896 0.013405146 0.0007324938 0.0001530339 0.6928262 0.13277115 6.36873e-08 2.8046585e-05 0.3172805 0.00025925162 0.33043852 2.1994867e-06 0.0076035256 3.7443388e-07 0.0016269268 0.00042925988 0.0056907632 1.573391e-05 0.070934966 1.2450658e-06 0.00011745877 0.0068219895 1.3934213e-06 0.0005418046 7.939276e-06 3.7448333e-06 0.06675699 0.006062542 0.0032541358 0.21493943 8.647005e-06 5.5775858e-05 0.00013819226 0.09194447 5.8812304e-07 1.242636e-05 5.5990364e-07 9.595211e-07 0.00030708598 7.1083394e-07 0.013855324 0.014515362 5.396076e-07 1.8579898e-06 0.036322005 1.42481e-07 0.046852965 0.0028810226 0.0011897533 8.144709e-05 0.001106832 0.024328025 3.4731704e-05 2.653824e-06 1.3200668e-09 7.4297127e-06 2.498319e-07 0.0034028266 1.2716687e-07 0.000925913
0.9543913 0.48680562 0.035937652 0.9408427 0.9202862 0.030110452 0.36865437 5.0885335e-18 0.94623345 0.007053285 0.5835795 0.013531896 0.001203865 0.0013954514 0.13034143 0.87947255 8.632516e-05 0.89636517 0.0020835437 0.00026690247 0.9350044 3.5036173e-05 0.8524718 8.654834e-06 2.492718e-06 0.022518963 0.46028998 0.00017897105 0.10938163 4.5563232e-07 2.858898e-07 0.03601127 8.3952514e-08 0.0007048117 0.06507167 0.004876177 0.6146275 5.4851175e-06 0.0010120535 0.005036793 0.0067711957 0.059839822 3.1886061e-06 0.00018400743 0.0013638145 0.00058478693 0.0034606399 6.989987e-08 0.0010545296 1.1333033e-05 0.007487018 0.00022591786 5.3192976e-05 6.4696746e-07 4.1434932e-06 5.028953e-05 6.891292e-06 8.80394e-06 3.9799683e-10 7.776377e-05 3.7700029e-06 2.5713962e-10 3.9419792e-06 5.4730608e-05 0.055803783 4.3410408e-05 0.0001398966 0.41175964 6.430947e-08 4.5606663e-07 1.5886479e-05 1.685065e-07 7.674019e-10 0.0016219863 1.8413309e-06 3.4453168e-07 5.5105414e-08 1.0273118e-05 4.352383e-05 1.6087661e-08 1.3792425e-07 0.008739099 0.11499854 5.133368e-06 4.20546e-05 7.98371e-09 1.24558355e-08 1.3373361e-06 0.013228317 0.0150198955 5.890177e-09 6.787086e-08 0.052309014 8.435209e-10 5.8315783e-09 9.912e-13 1.6937918e-08 7.961319e-07 0.03313134 3.0414705e-11 0.014583386
0.9690058 0.05976144 0.0006676085 0.93818545 0.14836617 0.001825807 0.87102133 0.94623345 1.3124654e-12 0.0013769 0.94660556 0.026977587 0.00014148923 0.010198287 0.5345391 0.06400331 1.4749337e-05 0.95428026 0.2848017 0.00020080143 0.52115273 0.0018782633 0.37386292 7.507255e-06 1.3670026e-05 0.3863323 0.012194251 0.030372929 0.65947545 8.612045e-06 6.1300285e-05 0.7728358 1.0760715e-05 0.020576337 0.004144669 0.4719361 0.090876624 0.0036681038 0.562036 0.004857632 0.0069396705 0.0420747 0.00066206953 0.06679388 0.020206816 0.5937784 0.42494798 1.0536936e-07 0.0015741055 0.06754127 0.0026865806 0.17800462 0.00061526155 0.00086519175 1.9374073e-05 0.016525662 0.0035524352 0.02784186 2.6445114e-06 0.14894454 0.0004195147 4.676649e-07 0.017768003 5.466853e-05 0.0055006 0.00015927294 5.9991668e-05 0.16337427 5.5347875e-05 0.0076997443 0.03349538 0.0007203642 2.0339057e-06 0.0012727056 0.0920217 7.70625e-05 0.0002712002 0.0002231162 0.00031093083 0.00087025954 4.7502595e-05 0.0070899897 0.04346087 1.1695761e-05 0.00023640094 0.0019299029 1.8328234e-06 0.079978794 0.00681214 0.0065293126 0.00078332063 0.0011974791 0.03877126 0.00018035153 4.4647582e-05 6.2889125e-09 8.549876e-06 6.5161616e-06 0.0065186853 3.2192802e-06 0.006871542
0.92181736 0.9248975 0.94332355 0.15776086 0.38113707 0.4718255 0.0026300722 0.007053285 0.0013769 1.7542932e-13 3.5340105e-05 0.9783293 0.88389784 0.5301747 0.11233348 0.0061134426 0.29314768 0.0021524827 0.24379316 0.95275116 0.00038376433 0.67971766 9.198296e-05 0.29514772 0.12657605 0.0022894754 0.00081891514 0.010382228 5.237239e-07 0.19317517 0.13737376 2.4195335e-05 0.041369103 1.9531525e-08 0.48722187 8.2170554e-05 0.0018740318 0.037998356 0.0026417351 1.02204446e-07 5.889391e-07 8.196761e-07 0.002965091 8.8400903e-10 1.9093385e-08 2.645867e-07 7.2263866e-08 0.39537242 3.0821982e-07 5.2985746e-05 1.611554e-07 3.2644243e-06 3.341074e-09 0.4242839 5.9049554e-10 3.009563e-08 2.6142002e-08 5.0399546e-08 0.0016924624 9.670671e-07 6.524418e-10 0.00020499947 1.9686449e-07 1.3393392e-09 2.735368e-05 2.7597244e-08 1.36921e-07 0.0058703376 0.00044100167 1.4076135e-08 0.00048818323 5.457348e-10 4.0695494e-07 5.040116e-07 1.7030754e-05 1.9250799e-09 1.1736761e-08 1.8098325e-09 8.073291e-09 2.1018355e-08 7.9227895e-09 0.0009977636 0.0009147973 1.6509205e-08 6.269248e-09 1.9013925e-06 3.9702353e-09 6.9294384e-09 0.00029688218 0.00021254295 2.2079194e-09 9.803929e-08 0.0021566222 2.8690573e-08 8.326174e-07 3.6862366e-10 1.3539541e-07 6.570745e-08 0.0071814083 3.6049772e-09 2.1089667e-05
0.9727703 0.00649325 2.3431341e-05 0.82258546 0.012282509 6.577087e-05 0.5979713 0.5835795 0.94660556 3.5340105e-05 1.2139415e-11 0.00503205 9.351023e-06 0.0055656573 0.5969552 0.006247702 2.5430975e-06 0.9144051 0.35935226 3.992996e-05 0.18763414 0.00065800454 0.15798752 1.3539949e-06 1.6206586e-06 0.5621736 0.002562193 0.061972618 0.63022715 5.7533697e-07 5.7547037e-05 0.9669437 4.4723715e-06 0.021822212 0.004242757 0.7814797 0.030837383 0.006342253 0.81348187 0.0024613137 0.0018893066 0.020349545 0.0010858898 0.1531215 0.013432378 0.8417637 0.7031391 3.699567e-08 0.00055932463 0.24201506 0.0011406986 0.5033089 0.00017402493 0.00031737072 1.6974376e-05 0.04444963 0.012620171 0.091754906 1.748052e-06 0.342941 0.00042024825 2.9930166e-06 0.100465156 1.9647741e-05 0.0012573295 6.0963655e-05 3.1297e-05 0.0929897 0.00015605982 0.038732897 0.15100154 0.0018465451 6.0057578e-06 0.0002985457 0.28176004 0.00014669035 0.0005310658 0.000110580375 0.00016452717 0.005516947 8.112593e-05 0.008900522 0.022520388 8.167441e-06 5.9210804e-05 0.017112404 1.6271694e-06 0.2179282 0.0026875876 0.0017457564 0.0057512275 0.003069248 0.023111928 0.000219031 4.1124422e-05 6.1406446e-08 2.1310463e-05 1.8553003e-06 0.0025348857 2.8040392e-06 0.0023041249
0.8935465 0.92203146 0.8914902 0.36093056 0.28050596 0.16870756 0.051150095 0.013531896 0.026977587 0.9783293 0.00503205 9.131727e-13 0.2946172 0.9761495 0.8179254 0.0026623388 0.03183489 0.015337506 0.34872764 0.83969015 0.0006803083 0.645959 0.0004039868 0.01196894 0.060541227 0.0140361795 0.00082059397 0.007658733 6.1379724e-05 0.002472991 0.0811922 0.0014165394 0.021322764 2.1527514e-07 0.69629467 0.00075087696 0.0026888733 0.016583927 0.024726951 3.0557824e-06 2.8031384e-06 4.328102e-05 0.0021613804 1.4746488e-08 3.781682e-07 2.864109e-06 5.9412373e-06 0.0017958394 2.480936e-06 0.00037726268 7.932653e-06 5.0898e-05 1.7020736e-07 0.103287674 3.9209804e-09 7.4460377e-07 2.3468888e-07 8.4229555e-07 0.00012267874 6.5083054e-06 6.396925e-08 2.6660522e-05 2.6770597e-06 2.7720796e-08 0.00016394405 2.578393e-06 1.2903274e-06 0.0141516095 0.00051622675 6.0942405e-08 0.0010478605 1.3634682e-08 9.31165e-07 2.9496214e-05 4.7023783e-05 1.3608909e-08 4.512696e-08 2.2630706e-08 4.789023e-07 4.5222413e-07 1.1234896e-08 0.0030854177 0.0026262852 2.086373e-07 8.636542e-07 9.036688e-06 1.2341921e-08 5.795466e-08 0.0012133783 0.0005617034 1.7831812e-09 3.646543e-07 0.009009956 9.615661e-08 1.2156466e-06 1.4131214e-10 5.6739356e-07 2.6825237e-06 0.0058381543 1.7151922e-09 0.00015436482
0.9523718 0.78462917 0.9282459 0.01950601 0.22958426 0.8950828 0.00013376334 0.001203865 0.00014148923 0.88389784 9.351023e-06 0.2946172 7.766955e-13 0.08798296 0.008606205 0.00244959 0.90370774 0.0005394638 0.026687145 0.9540634 0.0001681207 0.42016265 3.3579858e-05 0.9588206 0.2641338 0.00024794956 0.0006179412 0.00055930595 1.6054885e-07 0.72219235 0.10550489 2.8957984e-06 0.062059574 2.4250047e-08 0.053322587 1.19766455e-05 0.0012982154 0.008449804 9.6194824e-05 9.104099e-08 1.4313254e-07 5.0903094e-07 0.00034920435 8.3818996e-10 2.0019469e-08 4.2232173e-08 2.3975527e-08 0.8615441 2.2923243e-07 6.387374e-06 1.1931284e-07 4.8553085e-07 4.1130495e-09 0.4696811 6.432572e-10 7.95662e-09 1.0607203e-08 2.3376432e-09 0.0029362605 1.997693e-07 4.909621e-10 3.015233e-05 1.9590214e-08 1.2452932e-09 2.8617816e-05 2.3930296e-08 2.2159395e-07 0.0065255524 0.0002178484 2.0041273e-09 0.00024972417 2.323196e-10 2.964826e-08 6.451252e-07 1.4845798e-06 2.576695e-09 3.8452814e-09 9.512838e-10 4.628679e-09 7.9859035e-09 2.1929403e-09 0.0007916556 0.00094743626 7.857326e-09 2.0280309e-08 1.3426e-06 1.8771145e-08 9.942978e-09 0.00047815687 0.0003721182 3.8153716e-09 2.190646e-08 0.0014007848 3.7935663e-09 3.0816454e-07 2.5595498e-10 6.186858e-08 2.9118434e-08 0.02203163 1.1018197e-09 7.315105e-06
0.8991277 0.40836164 0.7544854 0.15527853 0.1054877 0.006403321 0.07568229 0.0013954514 0.010198287 0.5301747 0.0055656573 0.9761495 0.08798296 5.309613e-12 0.69636834 0.0027204575 0.0089262575 0.016089305 0.8786364 0.5587797 0.00044065632 0.99139476 0.0003355802 0.006498324 0.09854933 0.081047006 0.00025483684 0.46910527 6.587042e-05 0.0022392613 0.5788846 0.00048655368 0.09185464 1.0696951e-05 0.2643195 0.0024607282 0.00051552913 0.76835537 0.1283944 1.0091496e-05 3.8138096e-06 0.00017877371 0.3986372 1.5362824e-07 2.5232926e-06 0.00013914933 3.6259273e-05 0.007614363 6.0325133e-06 0.00834986 2.9060637e-05 0.0006621725 1.400149e-07 0.84462154 3.220978e-08 9.570021e-06 1.5960729e-06 2.0984746e-06 0.021886257 9.443443e-05 1.9361823e-07 0.10124095 4.783053e-05 3.826161e-07 4.5169545e-06 8.775828e-07 1.8514958e-05 0.018319914 0.119530454 2.7360134e-06 0.014327062 4.2449898e-08 0.00020499321 1.1758631e-06 0.00013622713 2.7938372e-08 4.108645e-08 1.5318729e-07 6.112637e-07 2.2311703e-08 1.5947301e-09 0.05726482 0.008899759 7.0354344e-07 1.3697326e-07 0.0033616093 1.7074116e-08 1.3600036e-06 0.00077568047 9.6447344e-05 4.009025e-07 3.247534e-05 0.008639216 7.282713e-07 1.1869924e-06 4.6103676e-10 1.9532357e-05 1.7254405e-06 0.0035709606 3.3481124e-06 0.000115179435
0.8966886 0.71505 0.3802891 0.9575525 0.22139622 0.035209637 0.9584623 0.13034143 0.5345391 0.11233348 0.5969552 0.8179254 0.008606205 0.69636834 4.808329e-17 0.0024902911 0.0031700747 0.41410452 0.9234593 0.022812463 0.0033912011 0.110301934 0.00241687 0.00021594559 0.0013899188 0.98056465 0.0010722117 0.20473209 0.019516643 2.5555782e-05 0.0078030103 0.57616395 0.0012007841 3.0114597e-05 0.36348614 0.20172109 0.00410544 0.09709642 0.4984335 0.00014002754 1.0058203e-05 0.0014533305 0.015335789 5.068311e-06 6.940686e-06 0.0075578606 0.0016618613 3.9977763e-06 8.328068e-06 0.022944773 0.00017956995 0.011042069 1.5912173e-06 0.0018497698 1.9786037e-07 2.0714542e-05 4.9939376e-06 6.1991705e-05 9.822507e-06 0.0014335824 3.3441875e-06 2.6268348e-05 0.0002565083 1.8821838e-06 0.00015002745 8.635105e-06 4.116097e-06 0.01755848 0.00039250252 7.361202e-06 0.002033895 5.5815605e-07 3.602512e-06 7.265121e-05 0.00036448782 5.6419516e-08 4.1330736e-08 4.8655682e-08 3.3121665e-07 1.3670565e-06 1.4828309e-08 0.017889448 0.0062476154 4.7103222e-07 2.2708234e-06 0.00020936794 1.4355948e-07 2.8493184e-06 0.001628524 0.00028173398 1.9271951e-10 1.6055368e-06 0.01910966 2.25881e-08 2.4622784e-07 4.5063845e-11 5.46211e-07 8.380777e-07 0.0024791306 2.2938986e-09 0.0004965015
0.88136905 0.14509737 0.06883531 0.21126366 0.98393255 0.2481645 0.01079095 0.87947255 0.06400331 0.0061134426 0.006247702 0.0026623388 0.00244959 0.0027204575 0.0024902911 7.165756e-13 0.0011130263 0.11950717 0.00022843621 0.00017382008 0.6803929 3.4248853e-05 0.5417171 0.00012382277 2.358382e-06 0.00036665073 0.98299545 8.6846985e-06 0.0011100244 1.363062e-05 4.6452565e-06 0.0002554405 1.3380468e-06 9.332235e-06 0.9298419 9.394138e-05 0.56593204 3.3630363e-07 5.2031746e-06 0.00025873815 0.0021558674 0.0051972116 5.2730694e-08 1.3051875e-06 0.00012340263 9.1605745e-07 6.5317413e-06 1.832203e-06 0.000651186 2.3865744e-07 0.0024592958 5.5217333e-07 1.8634208e-05 2.259001e-07 1.1288187e-06 4.448226e-07 5.532299e-08 5.2528623e-08 1.6690331e-09 1.6438892e-07 4.1645467e-07 5.6275797e-09 1.9230377e-07 1.5996824e-05 0.4380006 0.00012242689 6.4067067e-06 0.4767868 9.745793e-09 5.8882783e-09 1.7768162e-06 1.9976863e-08 1.1017252e-09 0.0019903928 4.139699e-07 3.0799063e-07 1.2622984e-09 6.762315e-06 2.7509703e-05 6.484697e-09 7.527073e-09 0.011303179 0.19390239 2.5232408e-05 7.361101e-05 4.878595e-09 1.0396712e-07 3.462749e-09 0.08444578 0.12456368 7.7009656e-11 3.9294235e-10 0.11062896 6.5583525e-11 3.9660918e-07 7.38738e-11 1.785057e-08 4.5291687e-05 0.12829605 9.8458526e-11 0.02230439
0.9801799 0.17627035 0.4221194 0.0005345742 0.02394595 0.97519976 1.6202624e-05 8.632516e-05 1.4749337e-05 0.29314768 2.5430975e-06 0.03183489 0.90370774 0.0089262575 0.0031700747 0.0011130263 6.163211e-11 5.844295e-05 0.0019621497 0.29836592 1.4688348e-05 0.011456924 1.1944684e-05 0.97405636 0.020912789 0.0002454763 0.0003342896 0.00014807566 3.2550403e-07 0.6064886 0.0030992588 0.00020196161 0.0022885217 8.4948555e-09 0.012323793 3.0422134e-05 0.00056610885 0.010173628 7.489617e-05 2.534525e-07 1.6053332e-06 5.889116e-07 0.00037703427 9.082955e-08 1.5753075e-06 1.1884989e-06 2.065411e-06 0.8684938 3.0375618e-06 9.4805306e-05 1.067984e-06 3.2081578e-06 1.3135256e-07 0.012801952 2.9060714e-09 1.8367002e-05 3.045947e-05 1.0332778e-05 0.00017469071 2.0224e-05 2.2404552e-07 4.4369326e-06 2.576564e-06 7.2670225e-08 1.2842751e-06 6.666958e-07 9.777504e-08 0.0006888588 0.00031338353 1.6444732e-06 0.00033935902 7.8351184e-07 1.0777193e-06 8.7763215e-07 4.342796e-05 1.965081e-07 8.232307e-08 3.8479026e-08 2.2057968e-06 6.003298e-07 3.9762316e-08 0.00048110375 0.00011521361 4.1881445e-09 7.172232e-07 3.360617e-06 1.384811e-07 1.32129e-07 8.462073e-06 2.9304135e-06 2.3003481e-09 2.7964722e-07 9.940476e-05 3.1935585e-09 5.8499072e-08 2.5132177e-08 7.355212e-07 3.4137987e-10 0.06632383 9.9274246e-08 1.8297899e-06
0.9960034 0.0071668527 0.000536182 0.82072675 0.021289391 0.00069724105 0.86091 0.89636517 0.95428026 0.0021524827 0.9144051 0.015337506 0.0005394638 0.016089305 0.41410452 0.11950717 5.844295e-05 1.5669928e-10 0.315222 0.0002164716 0.5980673 0.0017246074 0.45313886 1.6830783e-05 1.076711e-05 0.2272513 0.021786913 0.031573813 0.5460394 9.916989e-06 4.1342075e-05 0.66249144 1.2731578e-05 0.02499072 0.0027226051 0.66232884 0.091003194 0.0006307029 0.18979067 0.003769658 0.0056950324 0.020778535 0.00012463289 0.034139562 0.009245097 0.57474804 0.17996562 2.5897154e-07 0.0014599457 0.025576685 0.0016502485 0.08865697 0.00085985166 0.00040368328 0.000119003584 0.004152576 0.0023221609 0.0054663764 7.0987875e-07 0.031644695 0.00020296875 5.916788e-06 0.009843086 0.00030995175 0.008354799 0.00018547238 0.0004978776 0.198142 0.00030023136 0.0029871897 0.037884567 0.0003704567 6.176731e-06 0.0010740861 0.15170553 0.00015632837 0.00015027633 0.00061892765 0.00022926994 0.00031848805 6.269744e-05 0.009742361 0.043433152 1.24128455e-05 5.0474082e-05 0.0037333553 5.201155e-06 0.11298415 0.0064608147 0.0074397433 0.0004140236 0.0023923982 0.052607168 0.0009769266 1.2501828e-05 9.947455e-09 7.4258984e-05 5.1170823e-06 0.011296287 2.787814e-06 0.013212096
0.9584114 0.09556549 0.46992463 0.46431902 0.04249806 0.003916771 0.79751366 0.0020835437 0.2848017 0.24379316 0.35935226 0.34872764 0.026687145 0.8786364 0.9234593 0.00022843621 0.0019621497 0.315222 2.3714456e-13 0.013357062 0.00041071686 0.48318684 0.00028645791 4.4140557e-05 0.0018234013 0.7956661 3.1236737e-05 0.9957098 0.00020517352 1.1702031e-05 0.036641784 0.007635869 0.0019812465 1.0651147e-06 0.0083047515 0.014378015 0.0007890371 0.40091738 0.4747423 2.5062361e-06 7.695494e-06 0.00012075688 0.19773103 1.2792113e-07 9.4224816e-07 0.0013480398 5.0473573e-06 5.0771055e-06 5.530828e-06 0.061961804 2.647672e-05 0.0025414273 1.3758255e-07 0.052685883 1.147004e-08 5.222792e-06 6.88732e-07 2.3486612e-06 0.00021529046 3.0389949e-05 3.8602668e-08 0.0152147915 6.100835e-06 2.0086125e-07 7.900438e-06 5.69554e-07 2.1496014e-06 0.03970701 0.03353256 4.7481694e-06 0.056157164 5.9428773e-09 0.00021731677 1.9432844e-05 0.00064186146 1.074879e-08 3.610911e-08 5.6532485e-09 5.4306987e-08 7.11116e-07 1.9865711e-09 0.5186927 0.017596735 8.382355e-08 2.4919376e-07 0.011193456 6.8378485e-09 1.4184359e-06 0.005068333 0.00038972692 5.2268447e-09 8.759428e-06 0.03266294 1.0950286e-07 1.4426045e-06 3.3562847e-11 2.950458e-06 8.079842e-08 0.0075256033 8.363223e-08 0.0007791179
0.7224179 0.597142 0.6603828 0.041653287 0.05962312 0.32888374 0.001388104 0.00026690247 0.00020080143 0.95275116 3.992996e-05 0.83969015 0.9540634 0.5587797 0.022812463 0.00017382008 0.29836592 0.0002164716 0.013357062 1.0072566e-12 3.586809e-05 0.72478634 8.170082e-06 0.6567219 0.99624926 0.00030095407 0.00020420842 0.0006974722 3.0427602e-06 0.6383149 0.4560697 1.5116081e-05 0.32590088 7.443699e-08 0.028842203 2.0772366e-05 4.136578e-05 0.0044374075 5.422603e-05 7.687949e-07 9.6877514e-08 7.453739e-07 0.00023738503 2.7956322e-09 5.823401e-08 3.0441868e-07 1.966086e-07 0.210256 2.187053e-07 7.942531e-06 7.5130345e-08 1.015982e-06 1.3269112e-08 0.47043505 1.1129853e-08 5.389632e-07 4.665056e-08 3.554651e-08 0.0023392548 1.0229403e-06 2.39094e-08 2.726115e-07 8.530691e-07 7.731262e-09 1.1498895e-05 8.4676984e-08 2.7478788e-07 0.00073697756 1.4453139e-05 6.3774706e-08 5.8443293e-05 4.004436e-09 9.094705e-09 7.0155755e-07 5.934139e-07 1.5469197e-08 1.34696405e-08 4.8074593e-09 1.2019124e-08 5.7019175e-08 7.701532e-09 0.00038028014 0.00014212348 1.9760552e-08 3.40479e-08 5.1246445e-07 1.6831842e-07 6.04559e-09 1.3812842e-05 5.5136985e-05 1.0034818e-10 3.03197e-08 0.00080090907 7.179959e-09 3.4524842e-07 5.328113e-10 4.250992e-07 6.028769e-08 0.004122086 2.1284645e-09 1.366255e-06
0.92095286 0.014635318 0.0010800884 0.3652395 0.09703743 0.00043902354 0.026073568 0.9350044 0.52115273 0.00038376433 0.18763414 0.0006803083 0.0001681207 0.00044065632 0.0033912011 0.6803929 1.4688348e-05 0.5980673 0.00041071686 3.586809e-05 2.701401e-15 1.16535075e-05 0.9966663 8.2553515e-06 6.846335e-08 0.0020988951 0.5889157 0.00014759644 0.07923679 4.908362e-08 1.4879072e-07 0.0041245203 1.2798123e-08 0.0022509045 0.00088811 0.0022532886 0.8467981 1.2035819e-05 0.00053893554 0.01616886 0.0296877 0.32460448 8.4376273e-07 0.0019602382 0.0029927855 0.0016394398 0.0054579433 1.9532754e-08 0.0049305535 6.591608e-06 0.03288838 0.0001327648 0.0009894487 4.531359e-07 0.00016206666 0.0006088107 3.2122192e-05 0.00013336542 4.374777e-10 0.00031893817 6.722748e-05 2.3448818e-09 2.2431981e-05 0.0003818576 0.8462881 0.00023068413 0.0006846231 0.7394811 6.2413676e-08 2.1291875e-05 4.5986722e-05 1.7068576e-05 1.2547975e-08 0.002608025 7.133654e-06 8.7779794e-05 1.6292937e-06 0.00033850147 0.00030691325 2.6019197e-07 2.4625038e-05 0.010662724 0.34622824 0.00029127547 0.00049232546 1.2394474e-07 1.3136922e-07 0.00042525394 0.06904581 0.17883831 2.1165797e-06 7.292039e-07 0.13557452 1.796633e-08 6.7279516e-06 3.832941e-10 3.4873395e-07 0.00018825072 0.16752739 1.0635277e-09 0.044750385
0.7140479 0.1385144 0.510936 0.0383668 0.026061624 0.0019362909 0.014768402 3.5036173e-05 0.0018782633 0.67971766 0.00065800454 0.645959 0.42016265 0.99139476 0.110301934 3.4248853e-05 0.011456924 0.0017246074 0.48318684 0.72478634 1.16535075e-05 2.031547e-15 5.8245846e-06 0.0041922457 0.5414769 0.005251563 8.973328e-06 0.08277357 4.5905355e-05 0.004966519 0.99043816 4.026279e-05 0.33114067 2.8356533e-06 0.02993712 0.0002635521 9.379774e-06 0.4732226 0.004355726 2.4353785e-06 4.1607194e-07 1.0062828e-05 0.1427136 6.676533e-09 1.0933262e-06 4.341337e-06 7.0335955e-07 0.077253945 6.6975176e-08 0.0006639472 1.7581417e-06 1.4658232e-05 1.3557035e-07 0.78782415 2.003341e-08 2.5911925e-07 3.280687e-08 9.642328e-08 0.035833564 5.389964e-06 2.7056856e-08 0.051598288 8.040257e-06 2.524705e-08 1.3332345e-06 2.7829597e-07 1.7257154e-06 0.0013952944 0.0538229 4.7890325e-07 0.010140133 2.2494115e-08 0.0001622883 1.149286e-06 1.6786349e-05 4.9827573e-08 7.328728e-08 6.4166823e-09 4.6394646e-08 2.4169733e-09 2.8390503e-09 0.004604575 0.000330945 3.4095453e-07 8.387429e-07 0.0017421482 1.2670347e-07 2.8642935e-07 3.3396955e-05 2.726474e-05 1.4528189e-09 1.1579091e-06 0.0012705779 6.763757e-07 5.41793e-07 4.524769e-09 3.9545894e-06 5.063086e-07 0.001349608 5.0025363e-08 1.0309835e-05
0.944851 0.009857925 0.00088444434 0.23743384 0.07229272 0.00059385865 0.025877738 0.8524718 0.37386292 9.198296e-05 0.15798752 0.0004039868 3.3579858e-05 0.0003355802 0.00241687 0.5417171 1.1944684e-05 0.45313886 0.00028645791 8.170082e-06 0.9966663 5.8245846e-06 2.456297e-15 1.9121924e-06 9.144091e-08 0.0015384958 0.6912726 7.250794e-05 0.07615073 1.5983588e-07 2.2550489e-07 0.002995374 7.667341e-08 0.0013008371 0.0012309802 0.0017771861 0.8979697 1.3335588e-06 0.00020371689 0.019538352 0.04514787 0.4409843 6.280373e-07 0.0013031616 0.0028472897 0.00076276634 0.0045339228 1.1359761e-07 0.0051272307 6.8929157e-06 0.03759787 0.00010174831 0.001007633 3.0969275e-07 6.9469475e-05 0.00034970042 3.5301135e-05 0.00010224477 1.0107897e-09 0.00016204441 3.8623533e-05 3.965717e-09 1.8921337e-05 0.00030797903 0.856327 0.00024912687 0.00045501467 0.7358543 3.9176335e-08 3.9566552e-05 7.8223886e-05 1.5050098e-05 2.0635738e-08 0.0035077983 5.328007e-06 7.480252e-05 2.6425878e-06 0.0002656004 0.0002760725 3.7332606e-07 8.577783e-06 0.01390564 0.36260414 0.00017600207 0.00070703874 5.025769e-07 4.7899796e-08 0.00065313926 0.09569125 0.18382415 1.386121e-06 7.941179e-07 0.14731686 1.9805642e-08 7.647661e-06 4.4354131e-10 3.0404442e-07 0.00012498937 0.17885399 7.2181723e-09 0.05634964
0.84179085 0.12639156 0.4865561 0.001194435 0.007614879 0.4475029 2.0364436e-05 8.654834e-06 7.507255e-06 0.29514772 1.3539949e-06 0.01196894 0.9588206 0.006498324 0.00021594559 0.00012382277 0.97405636 1.6830783e-05 4.4140557e-05 0.6567219 8.2553515e-06 0.0041922457 1.9121924e-06 1.9887698e-13 0.7272475 5.4327273e-05 0.00026151806 3.4173695e-06 2.9627348e-08 0.99722576 0.0024609992 2.5302407e-07 0.19202986 5.1728724e-09 0.0024915445 3.0375156e-06 6.030825e-05 0.00010802476 4.568648e-06 2.1039884e-07 2.3615396e-08 8.2498175e-08 1.5606196e-07 1.2585625e-09 5.6868608e-09 3.240078e-09 1.9744803e-08 0.18083647 2.133176e-08 1.8957544e-06 6.209048e-08 2.8416629e-08 9.654999e-10 0.024461024 4.460034e-09 2.2886509e-08 1.3832212e-08 1.3650288e-09 2.0875574e-05 9.492163e-09 3.5118162e-09 1.4120075e-08 2.4872707e-08 4.64965e-09 5.5469195e-07 3.2356806e-09 6.0226206e-08 0.00086266606 1.0899417e-06 1.0816906e-08 1.1397949e-05 8.675029e-10 1.4018201e-09 1.5372349e-07 7.3392295e-07 1.3364582e-09 2.9465747e-10 8.210752e-10 6.0084155e-08 5.7049313e-08 1.0037428e-09 0.0007124058 0.00017047842 1.3540651e-09 8.0671846e-08 1.6356057e-07 1.1036669e-08 1.6350015e-08 2.568583e-06 2.8972597e-06 6.744361e-11 2.5997144e-09 0.00039952376 1.4216563e-10 1.6838255e-08 7.780129e-11 1.04775744e-07 1.9062181e-10 0.021381116 4.916433e-10 2.7214003e-07
0.06528234 0.036903232 0.020306591 0.000452006 0.0014597855 0.012478834 1.6444255e-05 2.492718e-06 1.3670026e-05 0.12657605 1.6206586e-06 0.060541227 0.2641338 0.09854933 0.0013899188 2.358382e-06 0.020912789 1.076711e-05 0.0018234013 0.99624926 6.846335e-08 0.5414769 9.144091e-08 0.7272475 1.02243085e-14 7.0946124e-05 1.6269538e-06 0.00042269958 1.8518189e-07 0.86487126 0.75742114 3.639027e-06 0.99090856 7.957186e-08 0.0003921789 4.608685e-06 1.829542e-06 0.005738758 3.339969e-05 1.688737e-08 1.204149e-09 1.08532014e-07 0.00044547959 2.5003846e-08 8.271462e-09 7.746554e-07 9.045337e-08 0.27876824 1.2589563e-09 1.5690955e-06 2.441052e-08 6.4458527e-07 4.1225587e-10 0.6608326 3.6844674e-09 2.614395e-08 9.053099e-09 1.5280017e-09 0.024220191 8.449371e-08 5.9891105e-09 2.629924e-06 6.427134e-08 1.3741385e-08 4.088804e-08 2.0395818e-09 1.5809859e-06 2.4819643e-05 7.1718123e-06 6.0318026e-09 0.000114516806 2.919745e-09 8.4389423e-10 1.284555e-07 3.7955965e-07 4.580942e-10 7.548563e-10 8.2909124e-11 2.3106322e-10 1.4168454e-07 3.387288e-08 2.557197e-05 1.5999959e-06 5.9618483e-09 2.496804e-09 8.1381984e-08 5.969304e-08 1.8174342e-07 3.3614037e-07 1.2072041e-07 5.5542185e-11 2.3185391e-10 1.8664516e-05 5.857002e-10 1.2213573e-07 1.0874865e-09 6.3349506e-07 3.3943421e-09 0.00013981896 2.5336128e-10 1.4181423e-08
0.83150935 0.03466036 0.014419697 0.5896784 0.014951178 0.0015760235 0.82176757 0.022518963 0.3863323 0.0022894754 0.5621736 0.0140361795 0.00024794956 0.081047006 0.98056465 0.00036665073 0.0002454763 0.2272513 0.7956661 0.00030095407 0.0020988951 0.005251563 0.0015384958 5.4327273e-05 7.0946124e-05 1.1506331e-15 9.805123e-05 0.4944413 0.026987603 7.2829107e-06 0.0011103472 0.93978024 6.202825e-05 9.369632e-05 0.00089401565 0.9574986 0.0007310896 0.15130268 0.92351013 5.809636e-05 6.769471e-06 0.00090109283 0.07598507 4.7835318e-05 0.00010933513 0.12646335 0.0051640477 3.6879742e-06 2.0454465e-06 0.30429068 0.00011152593 0.14499614 1.4053924e-06 0.0042577093 1.7542895e-06 0.00034785023 0.00014000521 0.0006470823 9.054412e-05 0.012529783 4.6544883e-06 0.00060559396 0.0016263288 1.0833601e-06 5.0634342e-05 3.1833738e-06 1.6249665e-05 0.009396626 0.0053162575 0.00019508593 0.06598724 2.4748038e-06 0.0011684395 3.189149e-05 0.0106721865 2.0965992e-07 7.066151e-07 2.2042595e-08 9.539595e-08 0.0010888069 6.106758e-07 0.15209222 0.0041656313 7.452339e-07 2.0154914e-07 0.011020517 1.4237953e-07 0.002724457 0.0006888819 0.00013900886 2.564092e-06 0.00021453765 0.006677744 2.1607155e-05 2.1977485e-06 2.0828381e-09 4.9123705e-06 2.6330574e-07 0.0013181658 9.425901e-08 0.00020252595
0.9570846 0.047224797 0.014962532 0.048555072 0.68937135 0.14719933 0.0022757472 0.46028998 0.012194251 0.00081891514 0.002562193 0.00082059397 0.0006179412 0.00025483684 0.0010722117 0.98299545 0.0003342896 0.021786913 3.1236737e-05 0.00020420842 0.5889157 8.973328e-06 0.6912726 0.00026151806 1.6269538e-06 9.805123e-05 8.7729765e-16 2.3897483e-06 0.0007420798 1.5953585e-05 2.8101617e-06 5.6585406e-05 2.050279e-07 1.7790571e-05 0.6787556 8.789246e-05 0.9785443 3.0311435e-06 1.1571484e-06 0.00075193535 0.0040236404 0.013336747 7.2548187e-07 6.897231e-07 0.00011584746 1.7185039e-06 3.1429776e-05 9.100453e-06 0.0012035372 6.5320584e-08 0.0027191655 3.1498441e-06 6.2162624e-05 3.2317737e-07 3.4172751e-06 1.1986033e-06 6.895782e-08 4.7209264e-07 6.60657e-09 5.977163e-07 2.0615619e-06 2.4218107e-08 2.9803005e-07 2.6735479e-05 0.62955225 0.00011003199 4.589988e-05 0.795909 1.3400274e-08 2.6405296e-08 3.0485492e-06 2.2797762e-08 7.633993e-09 0.0011934313 2.002094e-06 5.5827823e-06 1.6196806e-08 1.6787917e-05 8.1159815e-05 1.5296997e-08 2.354017e-07 0.023550324 0.17420864 4.282256e-06 0.00022294582 1.1527882e-07 1.3149163e-08 1.9568889e-08 0.03389532 0.14837402 6.6617356e-10 7.398693e-10 0.12181699 3.727959e-11 1.4383697e-07 2.929599e-11 7.734506e-09 1.9831283e-05 0.8445446 6.570986e-11 0.014790151
0.79840124 0.008131559 0.038354374 0.085775815 0.001482875 6.811483e-05 0.4374865 0.00017897105 0.030372929 0.010382228 0.061972618 0.007658733 0.00055930595 0.46910527 0.20473209 8.6846985e-06 0.00014807566 0.031573813 0.9957098 0.0006974722 0.00014759644 0.08277357 7.250794e-05 3.4173695e-06 0.00042269958 0.4944413 2.3897483e-06 9.3085e-12 0.00025521527 2.3634277e-06 0.011402646 0.0009057543 0.0011332548 1.0109855e-05 0.0031433927 0.002487111 2.9711146e-05 0.99657655 0.84383935 7.218851e-06 1.0373551e-06 3.51733e-05 0.56027746 1.2989595e-07 9.3701044e-07 0.0008732491 2.2137216e-05 2.0084317e-06 7.2662914e-07 0.13585185 7.249448e-06 0.0034907707 1.545197e-07 0.08161145 5.566551e-08 1.2588136e-05 6.0362686e-07 3.933834e-06 0.0021110878 0.0001499824 1.8172089e-07 0.09852984 3.2262895e-05 5.8149016e-07 2.4871318e-07 4.775368e-07 3.7356793e-05 0.0019864154 0.32761243 3.8269695e-06 0.15296938 7.1401125e-08 0.011501578 5.8926383e-07 0.0004322146 6.5504704e-09 8.5893404e-08 1.497212e-07 1.0788725e-07 1.9471223e-07 1.2951249e-09 0.3144275 0.004617411 1.4993753e-07 2.4801977e-08 0.059781667 4.8246758e-08 8.27366e-06 0.0002573534 8.192525e-05 8.134566e-08 0.00013880314 0.004551095 3.384608e-06 9.0746573e-07 4.0459438e-11 8.2919305e-06 4.6804993e-07 0.001532773 5.4683284e-07 2.4712743e-05
0.99124664 0.0010685675 2.6525358e-06 0.1536228 0.0024951338 6.228035e-05 0.03839132 0.10938163 0.65947545 5.237239e-07 0.63022715 6.1379724e-05 1.6054885e-07 6.587042e-05 0.019516643 0.0011100244 3.2550403e-07 0.5460394 0.00020517352 3.0427602e-06 0.07923679 4.5905355e-05 0.07615073 2.9627348e-08 1.8518189e-07 0.026987603 0.0007420798 0.00025521527 2.0634297e-14 2.9378455e-08 1.28114525e-05 0.8184228 1.2625316e-06 0.29113573 0.00034185156 0.46017823 0.041877322 0.00055141957 0.11551377 0.10059808 0.011219609 0.39039683 0.00027197 0.87081045 0.5276709 0.5673116 0.96395063 4.777295e-09 0.0045740195 0.02839871 0.10276856 0.17730728 0.0064857434 2.762072e-05 0.0013557808 0.71570784 0.48662564 0.7834847 1.469918e-07 0.69499356 0.06900043 7.637799e-08 0.3969381 0.0010330252 0.004735618 0.0007435841 0.0002695122 0.15986584 1.2068704e-05 0.38277534 0.02419506 0.13537805 1.2209348e-05 0.0026546177 0.07784334 6.2527506e-05 0.005380335 8.641816e-05 8.794906e-05 0.07433821 0.00035458212 0.00844895 0.16801655 0.00016238072 0.000120092955 0.0016629577 6.688295e-06 0.42363703 0.043077637 0.010131299 0.30212432 0.0035008937 0.12703986 0.0037758322 0.00013092454 9.386271e-06 4.8934642e-05 1.8595553e-06 0.0034709787 5.7672845e-05 0.021883627
0.5564785 0.014086426 0.23706673 0.00015994636 0.0024418684 0.044091813 4.0154478e-06 4.5563232e-07 8.612045e-06 0.19317517 5.7533697e-07 0.002472991 0.72219235 0.0022392613 2.5555782e-05 1.363062e-05 0.6064886 9.916989e-06 1.1702031e-05 0.6383149 4.908362e-08 0.004966519 1.5983588e-07 0.99722576 0.86487126 7.2829107e-06 1.5953585e-05 2.3634277e-06 2.9378455e-08 4.6522905e-14 0.009505069 5.7394086e-06 0.82272863 4.3642445e-09 0.00155104 4.3610706e-07 7.1627696e-06 7.4615215e-05 7.061795e-06 5.207371e-09 9.740162e-09 2.3681428e-08 1.7160826e-05 4.5635137e-08 3.9259515e-08 4.2358906e-08 8.090804e-09 0.98936623 4.40283e-09 2.1687255e-07 7.249441e-08 2.057129e-08 1.3622873e-09 0.091378324 3.977808e-09 3.61344e-08 1.9102492e-08 2.5299245e-09 0.00075018586 1.2010261e-07 3.234564e-09 2.645933e-07 8.036925e-09 6.2891887e-09 2.0391786e-08 1.2958686e-09 5.467314e-08 0.00012749797 2.120754e-06 1.5433322e-09 7.34494e-06 3.6106405e-09 4.3276624e-10 7.231226e-08 2.0891385e-07 5.405161e-09 6.343685e-11 2.810569e-10 3.7680814e-09 4.8315894e-09 9.2917646e-10 0.00038339177 1.5227883e-05 5.2851773e-10 1.8866407e-08 1.131899e-09 1.8212573e-08 1.575601e-09 2.8024792e-07 1.087985e-08 8.104707e-12 9.278301e-11 3.9133603e-05 2.1988088e-12 1.2969376e-08 8.840221e-11 4.90358e-08 8.543007e-11 0.0033910992 1.0488569e-11 2.2025237e-08
0.0926159 0.02415767 0.02524241 0.0016182488 0.0018523091 0.00076461077 0.00041424914 2.858898e-07 6.1300285e-05 0.13737376 5.7547037e-05 0.0811922 0.10550489 0.5788846 0.0078030103 4.6452565e-06 0.0030992588 4.1342075e-05 0.036641784 0.4560697 1.4879072e-07 0.99043816 2.2550489e-07 0.0024609992 0.75742114 0.0011103472 2.8101617e-06 0.011402646 1.28114525e-05 0.009505069 4.8490603e-15 1.7193246e-05 0.9985554 3.1386055e-06 0.00044318943 0.00022752478 4.7428243e-06 0.09287615 0.00023501378 1.1926677e-07 5.2550546e-09 2.4578899e-06 0.0695966 5.696504e-08 1.2228328e-07 9.306444e-06 2.3755126e-06 0.027759902 3.1560514e-09 7.7443685e-05 2.7043984e-06 5.751578e-06 4.076008e-09 0.8188631 1.6696572e-07 2.232373e-06 3.927942e-09 2.1320979e-08 0.17678103 2.5404383e-06 9.447428e-08 0.033451635 3.7895798e-06 1.2107357e-07 7.3534835e-08 9.461439e-08 2.4712685e-06 0.00021807518 0.008839039 7.6432457e-07 0.0005911892 1.4362416e-08 0.00050429575 1.9434203e-06 1.0887028e-05 1.5006099e-09 3.030587e-09 2.1417312e-10 7.521835e-09 6.408146e-07 2.074169e-08 0.00014641113 7.2783564e-06 4.5597096e-07 1.04168784e-07 0.0010114601 6.1028055e-07 1.9908349e-07 1.8802374e-06 6.381142e-07 6.2922005e-09 3.8482787e-07 0.00012640592 6.943731e-08 1.4688157e-08 2.1494464e-09 1.4133858e-06 8.802139e-09 8.806404e-05 2.3781825e-08 5.331181e-07
