1.7599824e-15 0.7801626 0.95060873 0.5467694 0.47906315 0.64419204 0.60041964 0.8390613 0.3487152 0.4747036 0.10507961 0.99261403 0.8806191 0.8650747 0.993741 0.8336132 0.90955454 0.859097 0.9714973 0.052846733 0.9549708 0.95658684 0.0042753457 0.892958 0.91535866 0.0015336745 0.9627664 0.84857917 0.97454774 0.27005342 0.011950618 0.929845 0.05076275 0.010378006 0.9224764 0.018133894 0.9938565 0.9882527 0.00014437841 0.00045561587 0.99484694 0.96936136 0.9863843 0.9817675 0.08463935 0.9317178 0.9895106 0.9846921 0.97181493 0.97674185 0.6801143 0.99547535 0.008271527 0.068475686 0.93764734 0.86948353 0.85206807 0.050412893 0.060749423 2.4037174e-05 0.0006846277 0.976849 0.9317214 0.0032151232 0.9891352 0.0062845643 9.151078e-06 0.72843766 0.722552 0.98726416 0.88784724 0.98339546 0.94696677 0.95653826 0.9824593 0.93757564 0.97844464 0.9789149 0.9685993 0.6447839 0.9180364 0.74099505 0.9178279 0.9870925 0.9852582 0.66814184 0.9979296 0.0061139236 0.9269185 0.9651906 0.99947125 0.91770333 0.79498553 0.98188007 0.96741337 0.05421162 0.998768 0.9965793 0.9988618 0.99586296 0.7643351
0.7801626 1.5284533e-13 0.932293 0.9584873 0.8715538 0.96582025 0.4671287 0.8542009 0.112208314 0.10312554 0.3765427 0.00018815325 0.03567795 0.4784683 0.94222385 0.02371839 0.021863384 0.0090463245 0.8629613 0.21122089 0.033315137 0.0015709914 0.3164525 0.001472638 0.0004513293 0.00048742729 0.023543978 0.0014496505 0.0016717263 0.010317326 0.0002408884 0.0031214375 0.04912131 5.1645475e-05 0.13628638 5.8268317e-05 3.7939793e-05 0.22206587 4.4034414e-06 0.0052293213 9.219241e-07 0.023152927 2.8097168e-06 1.1808994e-05 2.1441325e-08 0.0025175323 0.02344772 0.00021795146 0.00030200204 0.0003875679 0.0013853316 4.831009e-07 5.7590373e-08 7.0453886e-08 1.0073059e-06 0.00032918353 0.00047051732 0.002634978 2.8577232e-09 1.0726145e-07 9.362021e-09 1.0371697e-05 0.0004113015 0.0021834706 0.0001025428 0.00020003994 4.077767e-12 0.00028437402 0.0006366144 0.00403743 3.493861e-05 0.017165648 0.000783893 4.085684e-05 1.2776642e-05 5.932484e-06 0.00029170164 2.9854195e-06 8.678697e-06 0.0010849711 3.147349e-06 0.00013405095 0.0015865692 5.7176738e-05 5.4510965e-06 0.00072444277 0.0058475346 0.0009769513 2.5181073e-06 3.5550187e-07 0.0009901066 1.272279e-05 0.002602456 7.6078486e-06 1.6970103e-05 0.0003276279 4.639171e-05 2.1708993e-06 0.0009258725 9.228958e-06 0.00024132436
0.95060873 0.932293 2.1106654e-12 0.24920759 0.40794262 0.76133347 0.0035717576 0.71319133 0.00024069253 0.00018810068 0.0011074475 0.3529465 0.0011500503 0.9577441 0.91025066 0.00033923765 0.8869578 0.7372652 0.38671264 0.0021420259 0.74492514 1.8961313e-05 0.052249163 0.32819766 0.07582781 7.6692385e-07 0.0011080914 2.3783788e-05 0.29750755 0.32170728 5.0998966e-07 0.16423172 0.12536107 7.992566e-08 0.22891425 4.418082e-07 0.0059607723 0.04962787 9.099776e-08 0.0016910272 0.00012898266 0.45266342 0.00027266674 0.0017004246 1.8753026e-09 0.001759383 0.37274247 0.00805661 0.031394545 0.03570735 0.035011575 1.4548282e-05 1.842536e-08 6.009481e-08 3.6198776e-07 0.012568595 0.0038015945 0.075732924 1.14908305e-10 6.8213697e-09 1.8697998e-08 0.0005592804 0.029509557 0.010436539 1.4825872e-05 0.012827231 7.359502e-12 0.00038069257 0.0012364914 0.07050604 0.0015029574 0.046774756 0.0114116855 0.0015255887 0.00013020435 0.0001412397 0.003783133 5.308417e-05 9.776877e-05 0.0005562423 0.00028277302 0.002002759 0.053408314 0.00065963186 0.00022635824 0.051612116 0.014576183 0.022419939 0.00040577105 1.0888513e-05 0.0036068847 2.3679908e-05 0.0038045535 0.00011267517 8.512641e-05 0.007144531 0.0005196574 9.7368655e-05 0.0010282734 0.00013941618 0.0031806733
0.5467694 0.9584873 0.24920759 7.933888e-13 0.9969741 0.6800913 0.871214 0.80780613 0.48690334 0.19466037 0.24025777 2.529341e-05 0.6738305 0.037029874 0.24224325 0.393438 0.00054664986 0.00058904843 0.76834196 0.08595105 0.00601909 0.014449314 0.0521115 1.7000328e-05 2.152998e-05 0.0005869042 0.04764289 0.0135339545 0.00010654907 0.0002609585 0.0016929369 0.00029462154 0.002989086 0.0012009678 0.6073878 0.0009512296 1.850367e-06 0.33941594 7.0664096e-06 0.000262855 2.1069258e-07 0.004533683 1.9714462e-07 4.3309882e-07 6.1686066e-08 0.05905134 0.00073871843 8.968767e-06 2.467236e-05 3.4675544e-05 0.00017243616 3.9229036e-07 4.832981e-09 3.2640673e-07 1.1083264e-05 1.6129223e-05 3.6226025e-05 4.870924e-05 9.617119e-10 3.9691393e-08 2.291971e-08 2.9236164e-06 1.123367e-05 5.8026067e-06 0.0009529034 2.0259307e-07 2.556059e-12 0.0022969518 0.00290252 9.993239e-05 2.1446913e-06 0.034541998 0.00013691573 1.0309126e-05 9.0423396e-07 1.3809332e-06 6.084256e-05 9.979963e-07 7.048792e-07 0.0023695643 3.4184893e-07 9.832094e-06 1.4939958e-05 4.3352444e-05 1.348567e-06 3.3695708e-06 0.006215622 5.1465122e-05 2.54502e-07 1.124339e-07 0.0019536447 1.215512e-06 0.003123848 6.32249e-06 2.4919777e-07 2.1932321e-06 2.5143194e-05 1.2465385e-07 0.0012237763 6.671375e-06 1.9578738e-05
0.47906315 0.8715538 0.40794262 0.9969741 8.577777e-13 0.40327442 0.30765858 0.9568118 0.059940048 0.016467262 0.031744637 1.7160613e-05 0.21172161 0.036100082 0.6338306 0.1211402 0.0044977297 0.00049176445 0.7973988 0.008294964 0.055234607 0.0030173892 0.009043875 0.00021444008 0.0001116647 2.2576667e-06 0.017200446 0.001903195 0.00019024481 0.00028046413 7.764328e-05 0.00079337915 0.0015473885 1.9112944e-05 0.7007807 0.00011266174 1.2729907e-06 0.19699381 1.49713e-06 8.988278e-05 1.5142642e-07 0.029334709 6.643709e-07 1.9495294e-06 4.9708355e-08 0.023194768 0.0025942712 5.5443784e-06 2.8320605e-05 0.00012262694 0.00018146588 1.256205e-07 4.366876e-09 7.517192e-08 2.3590164e-06 2.8553972e-05 3.063797e-05 9.0642956e-05 3.303672e-10 3.1879125e-08 8.957159e-08 5.735584e-06 4.7453646e-05 3.284687e-05 0.0006211827 1.0679759e-06 2.6307411e-12 0.0025046032 0.0020786745 0.00066680775 2.8116576e-06 0.023419464 0.0005742185 2.8043136e-05 2.1782844e-06 1.9238369e-06 0.00023803544 2.1869769e-06 2.3669397e-06 0.0014686926 3.376387e-06 1.8492423e-05 6.556915e-05 0.00025485142 4.3540576e-06 3.344409e-05 0.0062149796 0.00017199517 6.6716043e-06 1.102134e-07 0.0020045703 7.4647517e-07 0.0030010152 2.5646339e-05 4.800601e-07 1.787564e-05 8.177819e-05 1.9760768e-07 0.0005398795 1.3647857e-05 3.4608875e-05
0.64419204 0.96582025 0.76133347 0.6800913 0.40327442 1.8792222e-14 0.70732707 0.7395999 0.4218626 0.49408546 0.90362775 0.0004620166 0.29739097 0.74887455 0.89561206 0.049928226 0.0058997637 0.003210227 0.8182923 0.9256909 0.0028180762 0.008170978 0.95961475 0.0011650326 0.00022603295 0.1566173 0.021736566 0.00089621125 0.0002974257 0.024102286 0.004225414 0.0018734387 0.40946826 0.00015371962 0.019732464 5.2496154e-05 7.6853685e-05 0.26120913 0.00012743658 0.17385015 6.2081954e-06 0.0036846786 1.24159e-05 6.698119e-06 1.4570412e-07 0.0008422217 0.009415099 0.00054801535 4.979217e-05 0.00037101586 0.00095064513 5.5036144e-06 2.0538947e-08 2.8962567e-08 1.7824697e-06 7.575868e-06 4.7002195e-06 0.007063352 2.6973832e-09 9.2378383e-07 6.2597723e-09 6.1631246e-05 0.00011207876 0.03943746 0.0006128599 0.00018806034 4.179488e-12 2.7738368e-05 3.240511e-05 0.0034521949 1.0105016e-05 0.008122033 0.00021077873 7.2083058e-06 2.1480615e-05 4.6493935e-07 0.00027460413 2.822448e-07 7.504138e-07 0.00010361282 1.9315019e-07 1.1998093e-05 0.00024295259 8.650365e-07 1.3105172e-06 0.0004104281 0.0022712895 0.0033279553 1.0779901e-07 2.6947308e-08 5.4370084e-05 1.5637147e-06 0.0009402608 6.083101e-07 2.854858e-05 0.00019222082 3.378513e-06 5.4322718e-05 0.0011408612 1.4991174e-06 0.0003686132
0.60041964 0.4671287 0.0035717576 0.871214 0.30765858 0.70732707 1.881027e-13 0.18332711 0.9967293 0.92672575 0.78485125 9.258304e-08 0.94489783 0.0037550495 0.011849456 0.62900877 5.82296e-05 9.511751e-06 0.5751478 0.34498295 0.00019044179 0.36814666 0.10513794 1.2095713e-05 4.3345603e-06 0.034825265 0.20632522 0.48606986 5.3242784e-06 1.1738681e-05 0.11689932 8.0376856e-05 0.0099847 0.06289384 0.05634019 0.03008053 1.8362735e-08 0.47713685 0.0034558561 0.0014166812 7.146349e-09 0.0006821573 1.950145e-08 1.620552e-08 0.00051960914 0.025615383 2.709855e-05 2.691591e-07 1.5478555e-06 3.8132023e-06 0.00035722923 1.898879e-08 3.4388503e-07 2.4121402e-07 1.7116467e-05 6.530664e-06 1.5782887e-05 1.5996991e-05 3.3021874e-07 8.232116e-05 7.925563e-07 4.129884e-07 1.1567192e-06 0.0007631796 0.008603364 3.9975336e-07 8.931764e-10 0.0017745693 0.0009725372 3.0645362e-05 3.5051607e-07 0.012283628 3.7627815e-05 5.8750135e-07 3.188715e-08 1.6403921e-07 3.7022586e-05 1.5629476e-07 6.7603025e-08 0.0006201533 2.0244454e-07 1.2892327e-06 5.142477e-06 1.3088154e-05 5.9497307e-08 1.1714598e-06 0.0025788553 0.00017211956 3.8554546e-08 1.1131318e-08 0.00025123172 3.788696e-07 0.0013970301 6.319539e-07 7.0550435e-08 4.521799e-06 2.8653328e-06 1.4083354e-07 0.0016105169 7.4645385e-07 1.689436e-06
0.8390613 0.8542009 0.71319133 0.80780613 0.9568118 0.7395999 0.18332711 2.2610813e-12 0.03760694 0.029649235 0.07320916 0.0009688288 0.04627078 0.44594347 0.95406747 0.047563102 0.06103212 0.027659113 0.95755076 0.020471267 0.36502314 0.0032558837 0.017751295 0.001630409 0.00037900262 1.4623647e-05 0.022430219 0.0033964766 0.0037664596 0.009496642 9.8685196e-05 0.0068040956 0.020612048 2.8550536e-05 0.9166393 6.7910456e-05 1.8407603e-06 0.31660753 8.737035e-06 0.0010045229 1.7153118e-07 0.21741493 1.3860258e-06 2.2486354e-06 2.0035542e-07 0.018494718 0.030348295 9.207165e-06 0.00085339346 0.00035417825 0.0082734395 2.5655999e-07 1.3603978e-08 1.8518406e-08 6.7679603e-06 0.00028569592 0.0002379964 0.0019335172 2.3410732e-10 6.350063e-08 8.288344e-09 4.505167e-06 0.000690493 0.00081032986 0.00059121713 5.8302896e-05 2.8834093e-11 0.0036619103 0.0035766917 0.0058142454 4.2346415e-05 0.11549684 0.0016076581 0.00031554577 3.478549e-06 8.477946e-06 0.0005632805 1.767136e-05 4.5048064e-06 0.0054309326 8.5924385e-06 4.5481574e-05 0.0012068613 0.0004910774 2.5099496e-05 0.00014031157 0.0272187 0.004503701 2.6221442e-05 1.272825e-07 0.0075240782 2.0676084e-06 0.013575352 0.00014650778 4.3596133e-06 0.00012964505 0.0005028974 4.594372e-07 0.0031473718 6.4197004e-05 0.00014457047
0.3487152 0.112208314 0.00024069253 0.48690334 0.059940048 0.4218626 0.9967293 0.03760694 1.0126415e-14 0.9728697 0.65582705 4.709971e-09 0.90871376 9.5976e-05 0.00025544758 0.5549938 7.480387e-07 6.943065e-07 0.29592746 0.088471346 2.401214e-06 0.4493944 0.0078030247 3.4478413e-07 1.3565482e-07 0.014094912 0.14748788 0.49079022 9.2059175e-08 8.196647e-08 0.17101118 1.2184437e-06 0.0003279871 0.104434066 0.027221924 0.03976668 4.3941975e-09 0.2984244 0.0020484645 4.795403e-05 1.2568305e-09 4.445976e-06 1.0360811e-09 1.7506935e-09 0.0032665515 0.056939796 8.671544e-07 1.3082269e-08 5.8054237e-08 1.7582448e-07 8.350823e-06 5.1494036e-09 8.241058e-06 1.422125e-05 3.7601305e-05 2.6305372e-07 4.6266982e-07 7.8307926e-07 1.8662432e-07 0.00011375432 8.701876e-06 1.1865329e-08 4.157449e-08 2.0981927e-06 0.009586467 5.019135e-09 1.4613566e-09 0.0017862408 0.00052916567 5.589918e-07 5.3965724e-08 0.0061150957 1.7796534e-06 4.0986734e-08 2.2181383e-09 1.7351764e-08 2.7216638e-06 9.770434e-09 2.0123971e-09 0.00042514812 8.971176e-09 1.1249847e-07 1.504103e-07 1.1275825e-06 5.624639e-09 1.361462e-08 0.0014366994 2.509759e-06 2.6654288e-09 7.08727e-10 0.00015223709 3.58259e-09 0.00096944167 1.9136233e-07 4.802886e-09 8.895883e-08 4.5783023e-07 1.1508763e-08 0.00048441283 1.1789144e-07 1.3684439e-07
0.4747036 0.10312554 0.00018810068 0.19466037 0.016467262 0.49408546 0.92672575 0.029649235 0.9728697 5.960901e-14 0.9800076 2.486208e-08 0.87967795 0.00013316158 0.00024978918 0.4508232 8.1321895e-07 7.1157325e-07 0.22894746 0.23741218 5.2288544e-07 0.45387244 0.028191697 3.2930456e-07 2.535613e-07 0.24844354 0.1734866 0.7795068 6.997514e-07 1.0735539e-07 0.7217293 5.2000096e-06 0.00051405677 0.60761034 0.0055700378 0.359253 9.019305e-08 0.22332676 0.08534844 0.00029223764 1.2515277e-08 4.2131805e-06 4.3725287e-08 7.441569e-08 0.06328399 0.006902243 1.3202157e-05 5.804524e-07 3.9074453e-07 1.6667291e-06 3.663924e-05 5.524496e-08 1.5675932e-05 4.0788087e-05 4.5793462e-05 6.1034746e-07 1.0644933e-06 6.248333e-07 8.824202e-07 0.004773124 6.733873e-05 3.8291253e-07 2.4898256e-07 4.393192e-05 0.016700882 3.6934686e-08 9.393989e-08 0.00082723156 0.00021463301 1.03917155e-05 4.0911754e-08 0.004808599 1.5355112e-06 1.3348826e-07 2.3677183e-08 1.7639348e-07 1.6563155e-06 3.802993e-08 5.5929334e-08 0.00029986052 4.6854294e-09 2.2813857e-08 5.7878992e-08 1.1836531e-06 6.157674e-08 1.3351189e-08 0.0009551853 2.6950756e-06 1.1727495e-08 1.2630715e-09 5.116538e-05 5.285969e-08 0.0005763395 2.3823173e-07 2.9495504e-09 3.232905e-07 4.3046055e-07 1.6484248e-07 0.0020747264 2.3972774e-07 4.707944e-08
0.10507961 0.3765427 0.0011074475 0.24025777 0.031744637 0.90362775 0.78485125 0.07320916 0.65582705 0.9800076 6.956094e-13 2.2978136e-07 0.68155944 0.008605302 0.0053155124 0.068488225 5.0948165e-07 4.9592963e-06 0.25046378 0.51646686 7.6588384e-07 0.06540839 0.04399601 6.90676e-06 7.696785e-06 0.9982035 0.02780428 0.12160476 2.8739603e-07 1.4182845e-06 0.29019699 1.1648285e-05 0.0028713867 0.10299571 0.00093215174 0.009281462 5.7017596e-06 0.063491486 0.051259425 0.009402986 8.0249237e-07 7.051485e-06 1.1078176e-06 6.393361e-07 0.0016070894 0.0021030428 9.434113e-06 1.8066423e-05 1.4267238e-06 7.191325e-06 2.111202e-05 2.6610617e-06 5.4624466e-06 6.524547e-07 1.7149569e-05 7.7162656e-07 4.6954946e-07 4.403782e-06 6.700205e-07 0.007830805 2.4190847e-06 1.2296103e-06 2.838532e-06 0.00040603892 0.0020413143 1.4811393e-06 2.5071708e-08 3.885407e-05 4.0303472e-05 3.0196128e-05 1.4565336e-06 0.0014421567 5.821397e-06 1.9173389e-07 1.5469817e-06 3.916349e-08 1.9620559e-06 2.9450494e-08 4.0930097e-08 4.6279583e-06 5.2293203e-08 1.4315882e-06 2.0544029e-07 1.727646e-07 1.9800392e-08 3.663592e-07 0.00056706584 6.301527e-05 5.6998264e-09 3.999957e-08 2.160633e-05 2.4175971e-08 0.00041396398 4.7374716e-08 1.0293058e-08 5.9749397e-07 2.160629e-07 6.881653e-07 0.0016583602 7.923942e-08 1.37041e-06
0.99261403 0.00018815325 0.3529465 2.529341e-05 1.7160613e-05 0.0004620166 9.258304e-08 0.0009688288 4.709971e-09 2.486208e-08 2.2978136e-07 5.279812e-12 4.0081153e-07 0.44797757 0.0015503545 1.12578915e-08 0.48488644 0.9884586 0.0016711414 2.386258e-07 0.11653918 3.2025191e-09 8.1136604e-05 0.1964683 0.02905635 1.5727553e-08 4.6837187e-07 6.4716644e-08 0.66556984 0.5715622 7.6534896e-08 0.8897841 0.047435693 2.3228517e-09 0.0010597353 3.6991015e-08 0.04083326 0.00071854127 2.9212224e-08 1.7261591e-05 0.000488176 0.17281812 0.0005618665 0.0022406264 1.7997918e-08 2.3172684e-06 0.4715956 0.013462856 0.17484887 0.011705201 0.8293111 7.9340265e-05 3.2365202e-09 1.4730561e-10 2.931161e-09 0.009741296 0.00092412 0.24095623 7.0846586e-11 3.606272e-08 2.185417e-08 0.0004950696 0.10323888 0.005451136 6.8083104e-08 0.0701221 3.9888353e-11 4.466954e-06 2.2786235e-05 0.1385478 0.002153913 0.0075411852 0.004975702 0.0017213763 0.00015102644 6.5155e-05 0.0014250772 0.00031798726 9.7000615e-05 1.3788927e-05 0.00037148834 0.013573811 0.37686887 1.9262867e-05 6.570166e-05 0.33374417 0.0009829367 0.35893422 0.00013156941 1.4211271e-05 0.00021671264 4.639806e-06 0.0003122311 3.1977284e-05 0.00031517376 0.42725545 6.2559535e-05 0.00015543138 0.0001451176 4.9182654e-05 0.010225912
0.8806191 0.03567795 0.0011500503 0.6738305 0.21172161 0.29739097 0.94489783 0.04627078 0.90871376 0.87967795 0.68155944 4.0081153e-07 7.0645323e-13 0.0008257725 0.0004690458 0.9890712 0.00024867468 8.4456704e-05 0.35712105 0.2538733 0.0018584632 0.757834 0.026987642 1.3191799e-05 3.0012113e-06 0.042227704 0.84791243 0.8714349 1.2889124e-05 3.3418968e-05 0.15050527 7.0632675e-05 0.0016662604 0.2086943 0.2354856 0.15261704 1.03482606e-07 0.7989539 0.008321364 0.00033407577 4.4546464e-08 0.0010120183 1.6997628e-08 3.3680315e-08 0.032665957 0.101143144 3.3406093e-05 2.6213263e-07 2.1207884e-06 4.2514844e-06 0.00021839692 4.040565e-07 4.8436865e-05 0.0001462544 0.0021173842 2.3093814e-06 8.049134e-06 3.7518348e-05 0.00017855152 0.0009477669 0.00010657844 2.1500287e-07 1.34809825e-05 0.00011897908 0.02791168 1.9163245e-07 4.8262336e-07 0.0081522055 0.0070745326 8.3040584e-05 3.632124e-06 0.05587168 5.089281e-05 4.0581417e-06 1.3410603e-08 8.8717364e-08 5.2915857e-05 3.1800391e-06 7.252179e-08 0.009021135 2.2367105e-07 2.8367892e-06 0.00012684149 3.605583e-05 6.829393e-08 2.5092148e-05 0.012156391 0.0005715731 4.1748817e-07 1.8174498e-07 0.001584287 6.9763615e-08 0.01001848 1.48226345e-05 4.5882288e-07 2.7064665e-05 2.942113e-06 6.5642695e-08 0.01643807 2.891929e-06 3.1743806e-05
0.8650747 0.4784683 0.9577441 0.037029874 0.036100082 0.74887455 0.0037550495 0.44594347 9.5976e-05 0.00013316158 0.008605302 0.44797757 0.0008257725 4.519349e-14 0.9358324 0.00011904582 0.18531413 0.77440816 0.34241587 0.069543205 0.055821653 1.10276915e-05 0.59875596 0.08354038 0.021257143 0.0001021217 0.0014033319 5.588556e-06 0.12675044 0.9505044 7.031624e-07 0.21409288 0.98094946 8.848618e-08 0.0079916 7.8725003e-07 0.051152147 0.025785424 4.9732273e-07 0.21802002 0.0017065321 0.04211573 0.002180891 0.0021502934 3.1774396e-09 0.00017848852 0.16923782 0.014680358 0.03058774 0.0065772156 0.38543847 0.00016246793 8.498838e-10 1.3278682e-08 2.8897358e-07 0.0007569528 0.0001901077 0.6742677 9.338862e-11 9.604713e-09 1.2366302e-09 0.00023612987 0.021351859 0.4164217 0.000111178044 0.33314025 6.2281943e-11 6.263161e-06 3.5338122e-05 0.037523076 0.0008178194 0.006872778 0.002820679 7.845362e-05 0.00013528089 1.0247886e-06 0.0020398353 2.0062034e-06 2.2365357e-05 0.0008138063 7.735617e-06 0.0045793224 0.075425066 3.0687374e-06 6.8887064e-05 0.10964607 0.0025320263 0.53962463 8.1363163e-07 3.2903003e-08 8.057954e-05 9.668347e-07 0.0031758298 1.29064e-06 0.00031543474 0.06293011 1.0842971e-05 0.0009885038 0.00077357877 1.9153808e-06 0.010736514
0.993741 0.94222385 0.91025066 0.24224325 0.6338306 0.89561206 0.011849456 0.95406747 0.00025544758 0.00024978918 0.0053155124 0.0015503545 0.0004690458 0.9358324 1.1694241e-11 0.00014033634 0.007413845 0.31649572 0.68508124 0.030716436 0.053262044 0.00014471696 0.13590159 0.000495723 0.00010649889 1.0673024e-05 0.000507616 0.00022706029 0.0012465018 0.19142233 1.4707718e-05 0.001880702 0.5082185 2.5114953e-06 0.45718288 2.8189697e-05 6.5521667e-06 0.061989777 1.4404638e-06 0.013963981 1.8567906e-06 0.108533904 1.7096262e-06 1.2226761e-06 1.8379958e-06 0.00062320754 0.007533879 1.1312334e-05 7.90924e-05 0.0006210029 0.008740057 2.6376354e-06 4.1008647e-07 8.3471076e-07 2.4131675e-06 0.00015104502 3.077261e-05 0.036595155 3.277052e-07 7.627437e-07 2.4453075e-07 3.236698e-06 0.00032027106 0.061296545 2.336364e-05 0.0027071638 6.3992744e-10 0.00032649783 0.0007159385 0.005151126 3.249052e-05 0.07977505 0.0016313017 4.8342357e-05 1.1203622e-06 1.9637231e-05 0.0005424938 1.5812537e-05 4.3857284e-07 0.0015455566 4.149102e-05 4.2086776e-05 0.0018049815 0.00032148042 1.3033157e-06 0.0006870395 0.020347653 0.025521785 4.377701e-05 4.002755e-06 0.009734308 4.0416475e-07 0.00923322 0.00012649178 3.3235212e-06 0.0007014873 0.00023594777 3.0822555e-06 0.002882706 3.3794557e-05 7.924657e-05
0.8336132 0.02371839 0.00033923765 0.393438 0.1211402 0.049928226 0.62900877 0.047563102 0.5549938 0.4508232 0.068488225 1.12578915e-08 0.9890712 0.00011904582 0.00014033634 1.791704e-13 3.790236e-05 3.1317495e-06 0.3283101 0.0007231361 0.0002714662 0.9064913 0.00021150323 2.2941736e-06 5.8455106e-07 6.421109e-05 0.9394381 0.44641933 4.5837936e-07 7.146857e-08 0.017244827 7.165147e-06 5.571464e-06 0.03832431 0.54155755 0.044569835 1.0370325e-08 0.8097915 0.0004463635 7.10878e-07 1.7436421e-09 0.000564501 5.489484e-09 2.1763862e-08 0.03516263 0.7292808 1.471681e-05 1.06561195e-07 1.0482531e-07 4.3411137e-06 2.1601632e-05 6.79956e-09 0.00035603935 0.0032507768 0.0033708743 5.8860586e-08 3.1526736e-07 2.6230822e-07 3.2284686e-05 3.009051e-05 0.00020482398 9.26567e-08 4.0951566e-08 8.6456026e-08 0.20807745 5.9189182e-09 3.1925065e-08 0.058134407 0.027317777 3.7921466e-06 3.1161544e-09 0.1207411 2.4305325e-05 8.317246e-09 1.7915275e-08 5.9419055e-08 0.00016555119 3.1147124e-08 4.1887862e-08 0.02156481 1.3241368e-09 2.2577805e-08 3.7967965e-08 2.8424263e-05 3.2038207e-07 4.330249e-09 0.022250595 1.514731e-05 8.246085e-09 3.1078903e-10 0.0044361 3.6415004e-09 0.04575505 1.4403912e-06 1.3630592e-09 1.724372e-07 9.621064e-06 4.0984913e-09 0.015974918 1.2250524e-06 8.321435e-07
0.90955454 0.021863384 0.8869578 0.00054664986 0.0044977297 0.0058997637 5.82296e-05 0.06103212 7.480387e-07 8.1321895e-07 5.0948165e-07 0.48488644 0.00024867468 0.18531413 0.007413845 3.790236e-05 2.2931623e-14 0.16560479 0.0036313883 1.2053192e-06 0.986838 1.0330202e-06 0.00022341599 0.9739387 0.7524075 2.2887361e-10 5.206309e-05 8.83201e-06 0.45536935 0.018772122 8.1590945e-10 0.17938094 0.0021972165 4.3708404e-10 0.071887076 9.423978e-08 0.03430047 0.0023447738 4.311442e-09 2.5542843e-07 0.002239192 0.8009318 0.004837402 0.032413032 3.0063688e-11 0.00068130007 0.70000905 0.042854495 0.07785752 0.354158 0.01662459 0.00014732574 3.1596594e-09 7.612913e-08 1.9391714e-06 0.041153584 0.026880568 0.003956629 2.7250565e-11 4.8554192e-11 5.9539844e-09 0.0029506313 0.02634331 8.434301e-06 2.0803361e-06 0.00026821197 1.2846073e-13 0.00031679406 0.0010672663 0.22786587 0.0033957283 0.017702918 0.04143933 0.0054239505 0.00028324858 0.00070329226 0.00797087 0.000707879 0.00036128677 0.0007544631 0.0015045019 0.0061829253 0.034190662 0.0052376264 0.00033714887 0.018595194 0.011892951 0.0013522459 0.0012720346 0.00015750581 0.013000565 0.00019076333 0.004567413 0.000926754 0.00011129388 0.0036876458 0.0016801142 2.8114604e-05 0.0015870482 0.002515093 0.0021910614
0.859097 0.0090463245 0.7372652 0.00058904843 0.00049176445 0.003210227 9.511751e-06 0.027659113 6.943065e-07 7.1157325e-07 4.9592963e-06 0.9884586 8.4456704e-05 0.77440816 0.31649572 3.1317495e-06 0.16560479 6.515561e-11 0.00752095 1.2938707e-05 0.04262025 1.1426479e-06 0.0020746205 0.068547934 0.009956302 9.497719e-06 6.991491e-05 4.2958257e-07 0.10525258 0.9869756 1.335276e-07 0.26850626 0.5124288 1.38164165e-08 0.0009938538 1.7387204e-07 0.008470252 0.0016618613 3.5560768e-07 0.0021284223 0.000630093 0.037686553 0.00063269 0.0011350253 8.262868e-09 4.5903642e-05 0.08470534 0.0029614768 0.01151349 0.0040522926 0.7643489 0.0001709535 1.25201955e-08 6.885566e-09 1.30537545e-08 0.0019629376 0.00035962366 0.61694396 1.9621802e-09 1.6257331e-06 5.4144714e-08 0.00033688673 0.02747697 0.22428772 1.07608885e-05 0.35629836 9.78494e-10 2.2079257e-05 9.1383496e-05 0.015852595 0.0012428844 0.0031554727 0.0012126402 0.0003518496 0.0003058086 3.297197e-05 0.00078846514 6.4912994e-05 0.00012426461 6.192328e-05 0.00029899957 0.0049006636 0.110822305 2.6892361e-05 0.00011153177 0.111430995 0.0008252333 0.7615753 0.00012917224 4.607867e-06 0.000104120074 7.708936e-06 0.00048214223 2.2160093e-05 0.0002376503 0.13813445 7.4215306e-05 0.00022496027 0.00036800973 6.3443345e-05 0.004071192
0.9714973 0.8629613 0.38671264 0.76834196 0.7973988 0.8182923 0.5751478 0.95755076 0.29592746 0.22894746 0.25046378 0.0016711414 0.35712105 0.34241587 0.68508124 0.3283101 0.0036313883 0.00752095 2.9047292e-10 0.16516587 0.028512917 0.21670862 0.05680925 0.00014601539 3.057644e-05 0.00073524116 0.13350354 0.095640324 0.00043143486 0.005395593 0.0010051798 0.0012169064 0.046094295 0.0003244273 0.94127357 0.0006625474 1.8718355e-06 0.9424407 3.4366014e-05 0.0021731034 1.8589957e-07 0.017132472 9.262954e-07 2.7592912e-07 0.00030863445 0.03829898 0.0016932259 2.0323698e-06 3.7317124e-05 6.53218e-05 0.0028130081 1.3735921e-06 5.6433564e-06 9.096167e-06 0.00064734055 3.0998766e-05 6.4995635e-05 0.00068055425 9.669665e-07 5.8429773e-06 3.9273746e-06 9.140398e-07 0.00013990511 0.0006892584 0.002041795 5.4386786e-05 1.13503e-08 0.0052057854 0.0053083925 0.0012154143 2.3221452e-05 0.29113266 0.00046122944 1.5453266e-05 7.545012e-07 1.3958446e-06 0.00012424578 4.301389e-05 2.9584953e-07 0.009262098 6.6414314e-06 2.8496868e-05 0.0005779103 0.00014862503 1.8079377e-06 0.00010823193 0.051978473 0.0085560465 3.1144364e-06 1.5190554e-06 0.009395716 4.5185297e-07 0.023008373 0.00012488595 1.1245944e-05 5.357721e-05 0.000103755796 1.9337651e-07 0.014680394 4.288323e-05 4.4672375e-05
0.052846733 0.21122089 0.0021420259 0.08595105 0.008294964 0.9256909 0.34498295 0.020471267 0.088471346 0.23741218 0.51646686 2.386258e-07 0.2538733 0.069543205 0.030716436 0.0007231361 1.2053192e-06 1.2938707e-05 0.16516587 1.5780096e-17 1.8819944e-07 0.0007971938 0.9970192 7.6486333e-07 1.5787342e-07 0.9919653 0.0009189446 8.483454e-06 2.522781e-07 2.4360822e-06 0.00052018504 1.8622599e-06 0.003075907 1.161199e-06 5.7352478e-05 6.743046e-08 7.527964e-07 0.005104651 5.8505637e-05 0.016806075 3.14206e-07 4.0802465e-06 9.3481754e-07 6.1237057e-07 8.968022e-10 4.539164e-06 2.0355492e-06 1.5022474e-06 4.837847e-07 6.656475e-07 1.4411887e-07 2.7026775e-07 1.5994205e-10 1.2038045e-09 2.1181457e-07 1.7318106e-08 3.4198422e-09 7.2667596e-08 1.470956e-10 9.293459e-06 3.5251135e-11 6.823716e-08 5.268646e-08 1.9068157e-05 5.7935767e-06 3.3646463e-09 7.2193835e-13 5.114335e-08 3.4610668e-08 2.1545866e-06 2.3570428e-09 0.00041823415 1.5327204e-07 2.0228028e-09 3.384209e-07 2.4615232e-10 5.2693827e-07 5.0483484e-10 3.4931775e-09 2.8729136e-07 9.903075e-10 2.0529743e-08 1.5354342e-09 7.4525836e-10 1.2081267e-09 2.1227804e-09 6.096587e-05 7.895026e-07 2.3993527e-10 1.0114255e-10 7.6331276e-07 3.7575648e-10 5.2681466e-05 2.2155283e-10 8.21776e-09 1.973859e-08 3.566255e-09 4.6236235e-07 0.0003656813 1.6332513e-10 1.5338756e-07
0.9549708 0.033315137 0.74492514 0.00601909 0.055234607 0.0028180762 0.00019044179 0.36502314 2.401214e-06 5.2288544e-07 7.6588384e-07 0.11653918 0.0018584632 0.055821653 0.053262044 0.0002714662 0.986838 0.04262025 0.028512917 1.8819944e-07 8.915246e-12 2.1297623e-05 1.6332086e-05 0.6512664 0.5625053 6.617643e-09 0.00055751344 5.417053e-06 0.07180499 0.0064255195 6.9035293e-09 0.038377743 0.00030996033 2.2755222e-09 0.5285851 1.0985954e-07 0.018517405 0.014003121 4.2816552e-08 1.2706747e-07 0.0018531554 0.97825736 0.0027543935 0.01460569 5.1251958e-11 0.004516141 0.6503159 0.02876132 0.016926875 0.30161345 0.002717575 0.00014735032 3.314696e-08 1.13613744e-07 1.1057805e-06 0.007971532 0.002814527 0.00031034483 2.898811e-11 2.781695e-10 6.3095182e-09 0.00521703 0.004671517 2.0684179e-07 1.3145671e-05 1.310173e-05 4.456705e-11 0.0024562792 0.002469178 0.31586543 0.0007925432 0.10879864 0.11896831 0.0013912782 0.00032091158 0.00080239185 0.018481715 0.0001777903 0.00061797653 0.005590588 0.00023883244 0.000807999 0.0051933522 0.016753811 0.0016764577 0.0032036223 0.058389004 0.00027208516 0.00095577486 4.8202954e-05 0.056951065 6.5236636e-05 0.025375191 0.0028066009 7.505634e-05 0.00064039184 0.004371689 6.591089e-05 0.004296478 0.0037258326 0.0002914853
0.95658684 0.0015709914 1.8961313e-05 0.014449314 0.0030173892 0.008170978 0.36814666 0.0032558837 0.4493944 0.45387244 0.06540839 3.2025191e-09 0.757834 1.10276915e-05 0.00014471696 0.9064913 1.0330202e-06 1.1426479e-06 0.21670862 0.0007971938 2.1297623e-05 2.1751317e-13 2.96177e-05 2.3125835e-08 3.807956e-09 0.00032407875 0.9791982 0.9778667 7.5163605e-08 4.1629956e-08 0.077009656 1.8046121e-07 4.283336e-07 0.19051296 0.06764258 0.2816062 4.7718123e-09 0.7023004 0.003282836 2.4107902e-07 1.4256866e-09 1.7941924e-05 7.2792916e-10 2.6563187e-09 0.39171037 0.7082354 6.2672154e-07 9.76114e-09 9.736335e-09 1.9524497e-07 3.2021087e-06 1.169814e-08 0.009877978 0.02122232 0.0655186 8.265347e-08 1.5341396e-06 1.3421793e-07 0.008189319 0.0019419744 0.0047476804 1.4185319e-08 7.225752e-08 3.682195e-07 0.4656761 5.2651644e-10 2.8581526e-06 0.059024144 0.050573513 1.0402538e-06 9.3166896e-08 0.111494295 1.1787575e-06 4.276715e-09 2.8371283e-09 3.581861e-08 2.0177542e-06 4.56677e-08 1.9607886e-09 0.04018024 2.3514657e-09 1.11426885e-07 3.9224392e-07 1.7202503e-06 9.062584e-09 8.248885e-09 0.015170889 9.859357e-05 9.920204e-10 4.256339e-09 0.00028933884 8.282513e-09 0.044761717 9.222302e-07 1.8452184e-09 2.6000643e-07 4.612859e-07 2.8677207e-09 0.21663088 1.8707246e-07 1.3245165e-08
0.0042753457 0.3164525 0.052249163 0.0521115 0.009043875 0.95961475 0.10513794 0.017751295 0.0078030247 0.028191697 0.04399601 8.1136604e-05 0.026987642 0.59875596 0.13590159 0.00021150323 0.00022341599 0.0020746205 0.05680925 0.9970192 1.6332086e-05 2.96177e-05 6.293222e-16 2.3552702e-05 2.0361938e-06 0.8140782 8.494444e-05 1.7976383e-05 0.000109253095 0.008238281 5.0024482e-05 0.0006307446 0.07633771 1.9869559e-07 0.00013679187 1.0187087e-07 2.9440847e-05 0.0011759164 3.6605238e-06 0.9522531 1.4742279e-05 8.0819664e-05 2.5984087e-05 1.9494839e-05 6.4784006e-10 4.8583537e-08 1.9488389e-05 6.3682295e-05 1.3757129e-05 8.416825e-06 0.00010168777 1.1125869e-05 2.2021246e-12 1.3933625e-12 1.3826664e-09 6.8023365e-07 2.4408482e-07 0.00017983628 3.3680248e-12 1.1898588e-06 6.9573416e-13 5.1318386e-07 6.5788963e-06 0.0018861066 1.0028692e-07 0.00010347664 3.8263663e-14 3.0765213e-09 1.8409473e-09 1.6387301e-05 1.3164677e-07 0.00054975797 6.2414665e-07 1.1561808e-08 9.086348e-07 1.3737e-09 2.7191627e-06 9.684993e-09 2.195511e-08 1.1650556e-08 3.8632333e-09 2.424665e-06 9.998063e-07 1.0409161e-09 2.9643044e-09 3.2185771e-06 0.0001375926 0.00018296276 7.8935686e-10 5.7394245e-10 4.6044035e-05 1.4371754e-09 8.7602875e-06 4.494363e-09 1.8802795e-07 1.957478e-05 4.752475e-09 7.7577323e-07 0.00017935722 6.2007066e-11 1.8644615e-06
0.892958 0.001472638 0.32819766 1.7000328e-05 0.00021444008 0.0011650326 1.2095713e-05 0.001630409 3.4478413e-07 3.2930456e-07 6.90676e-06 0.1964683 1.3191799e-05 0.08354038 0.000495723 2.2941736e-06 0.9739387 0.068547934 0.00014601539 7.6486333e-07 0.6512664 2.3125835e-08 2.3552702e-05 5.5018917e-14 0.992218 4.4564324e-11 3.1014981e-06 2.7616725e-06 0.6767885 0.012463688 4.005343e-10 0.31104407 0.0005865768 2.6986374e-10 0.005765039 4.0246295e-08 0.45766574 0.00031026552 2.4921842e-09 1.8304966e-08 0.02323018 0.56105363 0.049408715 0.21173075 1.3049726e-11 2.3922803e-05 0.6991921 0.34467077 0.26185063 0.6928058 0.02892106 0.0016537705 9.099415e-11 3.0781486e-08 8.944555e-07 0.23632905 0.20643851 0.0035362274 9.097549e-13 6.418487e-11 4.0541974e-09 0.037469383 0.16406667 7.250212e-07 3.016172e-08 0.00031152027 4.1239656e-14 1.6722515e-05 0.00026086322 0.43384123 0.02343671 0.007578141 0.07577986 0.04689154 0.0009709109 0.005842106 0.015970461 0.007865808 0.0011174321 7.593297e-05 0.008193534 0.06862021 0.1584 0.0066775214 0.0012451266 0.08175437 0.0057979687 0.00034148304 0.009626581 0.0009472225 0.009198007 0.0017502983 0.0007592899 0.002850289 0.0010340986 0.0065604206 0.004570751 0.00025001247 0.00030781757 0.005573866 0.00680478
0.91535866 0.0004513293 0.07582781 2.152998e-05 0.0001116647 0.00022603295 4.3345603e-06 0.00037900262 1.3565482e-07 2.535613e-07 7.696785e-06 0.02905635 3.0012113e-06 0.021257143 0.00010649889 5.8455106e-07 0.7524075 0.009956302 3.057644e-05 1.5787342e-07 0.5625053 3.807956e-09 2.0361938e-06 0.992218 1.3467749e-14 6.122986e-11 1.1417437e-06 4.796739e-07 0.42629558 0.0034619404 1.6229886e-09 0.1257322 6.1350576e-05 5.617914e-10 0.009859922 2.53377e-08 0.7999382 0.0001234988 9.019542e-09 5.5249565e-09 0.09518009 0.7566673 0.10730375 0.41515845 3.171345e-11 5.3434025e-05 0.79653597 0.7184951 0.22335611 0.88703233 0.008052152 0.004028657 1.03695434e-10 7.0518245e-09 1.3843436e-07 0.18336448 0.15921351 0.0009071664 5.592674e-13 2.994008e-11 2.5477203e-09 0.21808589 0.110313535 3.0668733e-08 3.3021198e-08 3.2528773e-05 4.0635393e-14 5.267599e-05 0.00037297537 0.62852794 0.017178085 0.011838899 0.21598028 0.053342633 0.005788999 0.014869584 0.07689596 0.0077318456 0.0039967378 9.1743794e-05 0.010593972 0.04254357 0.082566515 0.016495334 0.008864998 0.05363603 0.009614851 5.2148855e-05 0.013358106 0.0007411193 0.017599538 0.0027937547 0.0020597735 0.011028192 0.0010807721 0.0047125537 0.010696171 0.00045472817 9.4825285e-05 0.012787524 0.0062794387
0.0015336745 0.00048742729 7.6692385e-07 0.0005869042 2.2576667e-06 0.1566173 0.034825265 1.4623647e-05 0.014094912 0.24844354 0.9982035 1.5727553e-08 0.042227704 0.0001021217 1.0673024e-05 6.421109e-05 2.2887361e-10 9.497719e-06 0.00073524116 0.9919653 6.617643e-09 0.00032407875 0.8140782 4.4564324e-11 6.122986e-11 1.1403468e-15 0.0001521452 0.0024796517 2.2244011e-08 3.3727483e-07 0.36366767 3.4770514e-07 0.0004868584 0.066813804 2.3245781e-07 0.0034592326 7.1953856e-08 5.8981033e-05 0.34930566 0.011028408 7.0419354e-08 1.02128395e-08 5.1935864e-08 9.7759525e-09 0.0002169099 6.5688117e-09 2.418727e-08 1.9650868e-07 3.773893e-07 1.041807e-07 1.5946321e-06 4.0572327e-06 4.946318e-09 5.8804306e-10 5.2507414e-07 8.858852e-08 2.8756878e-07 1.4157162e-07 2.4377114e-08 0.12920319 6.377287e-08 2.4355455e-08 3.4750506e-08 1.9827672e-05 1.6908367e-06 9.0831714e-10 2.8027129e-08 4.960383e-10 6.2486245e-11 8.6702863e-07 3.9178357e-08 2.1490121e-05 3.4248293e-09 7.195276e-08 8.73496e-08 3.6912695e-09 5.463717e-08 1.5515175e-08 3.6863354e-10 1.34843186e-08 6.048969e-09 7.5659834e-08 1.9739947e-08 1.1418808e-08 2.2923427e-08 9.033676e-09 3.8553724e-05 5.250083e-06 8.397384e-11 4.674439e-10 1.5192605e-05 1.0822954e-08 5.6316607e-05 1.0119625e-09 7.0533886e-08 7.286037e-08 9.792781e-10 1.556679e-07 0.00014539108 2.3983324e-10 2.5904785e-07
0.9627664 0.023543978 0.0011080914 0.04764289 0.017200446 0.021736566 0.20632522 0.022430219 0.14748788 0.1734866 0.02780428 4.6837187e-07 0.84791243 0.0014033319 0.000507616 0.9394381 5.206309e-05 6.991491e-05 0.13350354 0.0009189446 0.00055751344 0.9791982 8.494444e-05 3.1014981e-06 1.1417437e-06 0.0001521452 6.8337606e-11 0.6510252 2.851519e-05 2.5209497e-06 0.01056689 0.00010197591 6.7662827e-06 0.023914292 0.5321312 0.03812749 3.1519985e-08 0.8529877 0.0007914955 5.5359565e-06 5.9111334e-09 0.0027258825 1.903045e-08 5.592635e-08 0.041401535 0.9298873 3.0271845e-05 1.56823e-07 2.119165e-06 4.721762e-06 0.00031309493 1.2356767e-07 0.0013778359 0.0051916335 0.08684891 1.1292349e-05 3.5048204e-05 3.2783558e-07 0.002722866 0.00021805313 0.0005476011 2.705527e-07 3.7399009e-06 6.035883e-07 0.43380105 9.7482705e-08 2.241059e-06 0.17144178 0.14503449 5.213384e-05 4.5467348e-07 0.3803003 0.00017001409 1.6676814e-06 1.0812952e-07 1.0838603e-06 0.00018198545 2.8254872e-06 1.3407873e-07 0.08297269 1.0112261e-06 3.7354312e-06 1.3278855e-05 0.00035045945 1.1238336e-06 8.21996e-06 0.06721856 0.0005809781 1.1479221e-06 2.9996934e-07 0.012887926 4.050874e-07 0.1384172 2.8117875e-05 6.370456e-08 3.143052e-05 4.0679046e-05 3.3147953e-09 0.23622417 1.0685775e-05 1.3754457e-06
0.84857917 0.0014496505 2.3783788e-05 0.0135339545 0.001903195 0.00089621125 0.48606986 0.0033964766 0.49079022 0.7795068 0.12160476 6.4716644e-08 0.8714349 5.588556e-06 0.00022706029 0.44641933 8.83201e-06 4.2958257e-07 0.095640324 8.483454e-06 5.417053e-06 0.9778667 1.7976383e-05 2.7616725e-06 4.796739e-07 0.0024796517 0.6510252 3.3762962e-12 1.0811817e-07 1.0412191e-07 0.17768358 1.9093989e-06 3.5948668e-07 0.74703354 0.010969557 0.9843306 2.6993183e-07 0.29013145 0.0074756527 4.130934e-06 5.7830444e-08 0.00011439334 9.639349e-08 6.701479e-08 0.9747339 0.17554243 7.638695e-06 5.9232264e-07 6.867204e-09 1.2354923e-06 3.2883318e-07 1.4228317e-07 0.008316279 0.040350165 0.11915018 1.3921567e-08 3.3783954e-07 5.259329e-08 0.00999709 0.0015484359 0.0009240764 2.1887534e-07 1.5060643e-08 2.261487e-08 0.23149727 1.4307024e-08 3.9082825e-06 0.029691042 0.009295591 2.2907792e-05 8.777276e-09 0.03332702 6.588836e-06 1.0630481e-07 1.727697e-07 2.4579132e-08 1.4318585e-06 2.6908597e-07 1.2496051e-08 0.016396971 1.0659509e-08 9.178229e-09 3.2020548e-09 9.253392e-07 4.5095643e-08 1.0393271e-09 0.008176563 2.9025348e-05 1.469734e-09 1.8056122e-09 0.00025631778 6.210469e-08 0.022622919 7.654902e-07 2.0181592e-09 6.902911e-07 1.8093278e-06 2.3520546e-08 0.055486973 1.9821488e-07 1.3848122e-09
0.97454774 0.0016717263 0.29750755 0.00010654907 0.00019024481 0.0002974257 5.3242784e-06 0.0037664596 9.2059175e-08 6.997514e-07 2.8739603e-07 0.66556984 1.2889124e-05 0.12675044 0.0012465018 4.5837936e-07 0.45536935 0.10525258 0.00043143486 2.522781e-07 0.07180499 7.5163605e-08 0.000109253095 0.6767885 0.42629558 2.2244011e-08 2.851519e-05 1.0811817e-07 1.8415913e-15 0.09604065 1.2436773e-08 0.98936754 0.010226678 2.193572e-09 0.0016309238 1.31862326e-08 0.6129828 0.00029208438 5.7929686e-08 1.7716566e-05 0.23437487 0.23576808 0.33470872 0.44768313 3.9715511e-10 3.0616502e-05 0.71525526 0.35869753 0.8539626 0.17171188 0.42167363 0.012805682 4.2418473e-09 2.0772413e-08 1.1074901e-08 0.6393408 0.43657467 0.046182305 3.751576e-11 1.5187793e-09 6.252744e-09 0.06721806 0.70734274 4.0995434e-05 2.6752488e-07 0.009625732 5.057598e-11 5.2798887e-06 2.9260755e-05 0.61225086 0.13780648 0.0127842175 0.05027388 0.07203451 0.0141448965 0.003649203 0.030896317 0.0075440956 0.008569774 1.6375445e-05 0.009710054 0.16588823 0.45658582 0.0003201016 0.007961654 0.42916054 0.00459093 0.013663407 0.0045755617 0.00023758026 0.0014686884 0.0010580024 0.0023129457 0.0001490453 0.005803894 0.054711446 0.0009202035 0.00723949 0.00025235527 0.00036985817 0.06992998
0.27005342 0.010317326 0.32170728 0.0002609585 0.00028046413 0.024102286 1.1738681e-05 0.009496642 8.196647e-08 1.0735539e-07 1.4182845e-06 0.5715622 3.3418968e-05 0.9505044 0.19142233 7.146857e-08 0.018772122 0.9869756 0.005395593 2.4360822e-06 0.0064255195 4.1629956e-08 0.008238281 0.012463688 0.0034619404 3.3727483e-07 2.5209497e-06 1.0412191e-07 0.09604065 2.5575804e-12 5.106411e-08 0.22583953 0.8633387 4.852295e-09 8.193948e-05 5.5552974e-08 0.0046400414 0.00042853958 6.202041e-08 0.051189605 0.00070924335 0.0029914987 0.0008259013 0.00070351054 1.6472332e-09 5.35e-07 0.009835706 0.0007804959 0.011771872 0.00045025343 0.7569232 0.000109094224 1.625832e-10 5.210776e-10 2.2305873e-08 0.0004940167 2.68426e-05 0.95003426 6.770335e-10 2.9540674e-08 7.3600004e-10 1.9471408e-05 0.015243679 0.45549163 3.4311802e-06 0.5997845 5.5756167e-11 2.1823732e-07 2.43928e-07 0.0031862764 0.0006085364 0.00036404212 9.087743e-05 7.843073e-05 7.49186e-05 3.4246824e-07 2.7482589e-05 3.8557528e-06 2.2175093e-06 2.6324785e-06 3.6813348e-05 0.010897397 0.10449553 1.0174082e-06 1.7457661e-06 0.18791854 0.00029482925 0.8348276 2.0319744e-06 3.890612e-07 1.4876605e-05 1.2305711e-06 3.815845e-05 4.685667e-07 0.00022424808 0.13410589 1.8193011e-06 9.250719e-05 6.3184314e-05 5.2245205e-06 0.007840216
0.011950618 0.0002408884 5.0998966e-07 0.0016929369 7.764328e-05 0.004225414 0.11689932 9.8685196e-05 0.17101118 0.7217293 0.29019699 7.6534896e-08 0.15050527 7.031624e-07 1.4707718e-05 0.017244827 8.1590945e-10 1.335276e-07 0.0010051798 0.00052018504 6.9035293e-09 0.077009656 5.0024482e-05 4.005343e-10 1.6229886e-09 0.36366767 0.01056689 0.17768358 1.2436773e-08 5.106411e-08 1.2340514e-18 1.3451483e-07 1.6799345e-06 0.99698275 3.5974015e-05 0.17770526 3.903827e-08 0.0011056315 0.9980361 1.5806416e-05 5.7428363e-08 2.699304e-08 2.3144013e-08 2.4528132e-08 0.057033967 0.0014742399 1.8769104e-08 1.2232039e-07 6.13423e-08 1.1817306e-07 1.1919849e-06 1.9543907e-07 9.158534e-06 4.356585e-07 3.308732e-05 2.9699315e-08 4.2462695e-08 1.9205012e-07 4.90475e-06 0.034427732 0.00018171214 1.4576611e-07 8.153093e-09 8.635648e-08 0.0017326038 4.3570067e-10 1.4584476e-06 0.00014708286 3.6168012e-06 5.4397e-07 5.819201e-09 0.0003071472 1.01151784e-07 4.272665e-08 3.609823e-08 2.968012e-08 1.4862636e-07 4.5450177e-09 2.6236948e-09 4.0457744e-05 1.2915725e-09 1.8626949e-08 8.853459e-09 1.8480723e-08 1.5460556e-08 7.7780005e-09 0.00019509095 2.0383873e-06 1.3186319e-10 2.0899524e-10 8.368225e-06 2.3403421e-09 0.0004150745 1.5273324e-08 1.1670083e-08 6.732002e-06 3.886064e-08 1.40751695e-08 0.00068014744 7.2116285e-11 1.5662504e-08
