8.709921e-23 0.9899864 0.8910727 0.9832239 0.92564 0.95693094 0.9695748 0.60357076 0.9757205 0.57745075 0.7133148 0.9536565 0.9874198 0.8701796 0.95661086 0.016356224 0.93115526 0.95531505 0.9900296 0.99828947 0.6818151 0.21487659 0.063901976 0.91263264 0.82364416 0.9192525 0.87192214 0.9672533 0.4377565 0.8775092 0.56416506 0.87657887 0.9668981 0.40088987 0.85528284 0.99602324 0.9871959 0.11743265 0.8904233 0.97049016 0.9440722 0.95879406 0.8905994 0.8779812 0.91103953 0.0043275044 0.033695705 0.956992 0.9606266 0.9853601 0.67522544 0.9036059 0.9742343 0.9346361 0.058734473 0.9767398 7.910643e-05 0.98940927 0.36521825 0.008941371 0.9714805 0.4617183 0.014238512 0.9677389 0.8336047 0.9912815 0.00032586014 0.94756347 0.9777118 0.6780861 0.9921073 0.16823477 0.021512913 0.6798792 0.9997531 0.9894318 0.92173517 0.0015909998 0.9263978 0.63872695 0.9924092 0.9997079 0.9664779 0.0012860326 0.957758 0.52165854 0.9929142 0.9823277 0.9998148 0.0039707716 1.670796e-07 0.9954517 0.9983086 0.9993846 0.019093113 0.9999558 0.9853295 0.90660876 0.9969699 0.9146938 0.70717776
0.9899864 7.0015537e-16 0.8855961 0.361599 0.68438476 0.692404 0.39299136 0.8774606 0.7331583 0.97542435 0.22986521 0.86832094 0.5826709 0.006553511 0.0124406675 0.66521865 0.006004078 0.15903448 0.028144466 0.008118692 0.047279175 0.042328745 0.108609706 0.00033857752 0.035444736 0.0016235836 0.005882434 0.40472126 0.0010359868 0.004406908 0.0005318854 0.0005530208 0.00037622004 5.5269866e-05 0.008028389 5.0124723e-05 0.086878374 0.00034399645 0.19539906 1.2161121e-05 0.00020041381 0.17789038 1.0486212e-05 0.0059191165 0.013646808 1.3104958e-06 0.58212984 4.768069e-07 0.021264883 0.16429277 0.00031326726 0.00036953908 0.0004759279 8.549163e-05 0.00020522362 0.00011132805 0.14860557 0.0036244274 0.0041199457 5.9312018e-09 0.07028476 0.00019154485 0.00032490192 1.0401046e-05 0.008352165 0.00039540167 7.171029e-05 0.0013486603 6.842468e-05 0.00059551554 0.065296985 0.00044386936 1.5458307e-05 6.652899e-06 0.04858473 4.789539e-07 0.00068540906 2.5489321e-06 0.022584861 5.905747e-07 0.0023821348 0.0015806565 0.00036327183 1.6545663e-06 0.001897764 1.1700329e-06 9.795477e-05 0.00011372253 1.9054396e-05 6.8584666e-07 0.00057719956 0.024794243 0.009351783 0.18081133 0.029361343 0.016693868 1.3201352e-05 4.781388e-09 2.0198318e-06 1.3621166e-06 1.7357871e-06
0.8910727 0.8855961 6.3461524e-19 0.59345365 0.9829292 0.47850287 0.93673486 0.42902943 0.1091891 0.48012176 0.102135144 0.34398007 0.94806737 0.023458496 0.016992357 0.06093973 0.018910078 0.19227514 0.0055618924 0.008087838 0.00061863847 0.008797608 0.007002992 0.0004741149 0.0014487501 0.000411797 0.00056996074 0.65428424 0.000387996 0.14479756 0.0009451061 0.0074084206 0.008784877 0.00039692476 0.40017283 9.5918345e-05 0.069430865 0.0021523258 0.00082614284 0.00022501565 0.00010365847 0.74358827 6.318102e-06 0.00011177562 0.006159496 2.5901796e-05 0.0087996805 1.900063e-05 0.13489251 0.025761187 3.0961285e-06 0.03095349 0.00028380263 0.001911744 0.0002152915 0.0007980051 0.0013220157 0.005549833 0.11210208 1.4120444e-09 0.13255493 1.2869625e-06 9.01198e-08 6.7295405e-05 0.10029999 0.00030868358 1.8674697e-07 0.0016202101 0.0007077876 0.00011056666 0.19889082 7.883222e-05 4.1080514e-07 6.6401394e-06 0.011994381 6.3568373e-06 0.002542763 1.8935589e-08 0.037517786 2.160633e-07 0.03224431 5.1858085e-05 0.0022446301 3.7983376e-09 0.0065345857 9.91522e-08 0.00046833284 0.0004600348 7.592139e-05 1.645438e-06 8.92172e-06 0.005072175 0.0060738786 0.05693583 6.557778e-05 0.015846746 5.9357975e-05 4.1635595e-08 8.292251e-05 4.1143467e-06 1.96735e-07
0.9832239 0.361599 0.59345365 3.4419815e-12 0.0330693 0.0024537086 0.9697074 0.05449712 0.018763999 0.5689066 0.0026864333 0.9172018 0.07097929 0.742569 0.00022397279 0.009218777 0.7370901 0.00026558596 0.80661476 0.4765495 0.00050975266 0.62295896 0.37748536 0.15642051 0.5630836 0.000105859326 0.23070641 0.77206784 9.993172e-05 0.30095828 2.1838785e-05 0.13338222 0.13157246 1.1400926e-05 0.046648763 0.0017737165 0.52043205 1.487188e-05 0.51167786 0.006529375 0.008715419 0.05394272 0.0024888844 0.31115535 4.2006333e-05 2.5866075e-07 0.4449101 0.0009902087 0.050294433 0.0005330747 0.049546074 0.011658573 9.454914e-05 0.011465384 1.03606835e-05 0.0018809693 0.09552628 0.066098645 0.0024136822 2.6115612e-10 0.062135898 0.017689513 0.016180437 0.0008543274 0.0016218486 2.354226e-05 0.0025156315 0.009159772 0.001193096 4.637227e-06 0.008670466 1.2372278e-06 0.0045923884 0.00011288835 0.0021165032 3.7826274e-05 0.0029639588 9.860072e-05 0.046628863 0.0003369407 0.0040042913 9.585429e-06 0.0022200912 2.1027806e-09 0.0074072652 4.9264635e-08 0.00031110464 0.00056876236 0.00021409965 0.00015372856 0.0001985686 0.00047438627 0.0003691011 0.0072905594 0.27166796 0.034403197 0.00024873542 2.457059e-07 9.68954e-05 0.0003073371 3.931173e-05
0.92564 0.68438476 0.9829292 0.0330693 2.4187475e-14 0.82291275 0.26772973 0.5777751 0.56597006 0.46623534 0.44855186 0.10947497 0.9738021 0.0030907462 0.13774538 0.1189116 0.0023367098 0.83014023 0.00021126756 0.00016262667 0.035805978 0.00069847965 0.001256881 7.221554e-05 0.000479918 0.030837826 0.00018495994 0.11624976 0.010779179 0.020115776 0.016486354 0.0014814417 0.00027953967 0.0026259606 0.09347486 9.39219e-06 0.004614235 0.018313466 0.0008642083 2.2447906e-05 1.177292e-05 0.39023748 1.9779955e-06 2.1401973e-05 0.029863445 0.0006055001 0.009573234 6.577278e-06 0.023600703 0.32816237 2.6592481e-06 0.004369068 0.003000805 0.00068254874 0.0015830222 9.8495264e-05 0.0011900496 0.00082852406 0.101065144 1.1952365e-05 0.039522823 4.1048816e-06 3.285559e-08 1.5054454e-06 0.27624694 0.002215961 2.792086e-07 0.00029406967 0.000102444756 0.00087775075 0.19687782 0.0017103928 2.065785e-06 2.8043894e-06 0.05643242 2.4842009e-06 0.00051450334 9.229071e-08 0.014650464 8.207754e-08 0.021484341 0.0014119181 0.0030400502 2.0132566e-06 0.0072981105 3.914844e-06 2.8306535e-05 7.039375e-05 0.00018360215 6.679198e-08 1.5511663e-05 0.0053918 0.0024783316 0.088831924 3.487383e-05 0.011983188 0.000104736544 8.364574e-09 8.909961e-06 1.5937778e-06 2.5920576e-07
0.95693094 0.692404 0.47850287 0.0024537086 0.82291275 2.4750292e-18 0.021163112 0.34589478 0.76474035 0.018345196 0.9711773 0.004780114 0.51042104 1.2308733e-05 0.9237353 0.06436505 2.130398e-05 0.9570894 4.0170357e-07 2.1713881e-06 0.28066522 1.1865291e-05 9.0003465e-05 3.182841e-07 4.3549176e-06 0.1935419 5.823809e-07 0.022205256 0.09462748 0.00030327137 0.100024074 1.4781105e-05 8.140023e-06 0.024155948 0.0073358263 4.7538668e-07 0.00018892263 0.529384 6.298012e-05 5.200359e-07 6.845757e-07 0.06288766 1.3678131e-08 3.333884e-07 0.36363304 0.006019386 0.0036988673 7.1849215e-08 0.0008336961 0.57327247 1.046888e-08 3.4454617e-05 0.009676115 9.400173e-06 0.004574691 1.2874156e-06 0.00081397826 9.764209e-06 0.010257978 0.00028865095 0.014555679 7.1255684e-08 5.819117e-11 3.176276e-09 0.105887905 0.0150422435 8.8215714e-08 5.1281136e-06 4.357915e-07 0.0070477547 0.042266674 0.016825633 7.558364e-09 9.8413615e-08 0.16925065 1.4761121e-08 9.053837e-06 5.7426828e-08 0.0008621693 6.384745e-09 0.0023604645 0.008835389 6.5566834e-05 4.3138607e-05 0.00010420978 5.6967194e-05 3.0224044e-07 2.4859285e-06 2.1516482e-06 6.5470105e-09 6.3471055e-07 0.00720115 0.0027799453 0.08687349 1.3558529e-06 0.0027279253 1.1622143e-05 1.6289214e-09 4.9063425e-07 7.10112e-08 1.2831372e-07
0.9695748 0.39299136 0.93673486 0.9697074 0.26772973 0.021163112 1.2872912e-16 0.06667696 0.012282128 0.3076618 0.0042006923 0.54333997 0.42927226 0.5327158 6.471878e-05 0.008160987 0.63574904 0.0023782724 0.19397996 0.4514634 7.55648e-06 0.18658489 0.048403867 0.066450715 0.0840857 1.7126004e-05 0.027671551 0.95779145 9.981576e-06 0.8156119 3.515685e-06 0.2977493 0.4018582 8.61425e-07 0.6434253 0.0021818825 0.76075864 1.0995137e-05 0.018482141 0.030872408 0.0009228302 0.45647287 0.00010838717 0.01876436 5.3069743e-05 2.0673008e-08 0.020362455 6.719254e-05 0.37817279 0.0018961116 0.00069615373 0.10342602 2.1069904e-05 0.058678795 4.995655e-07 0.0011700212 0.0074568656 0.11323412 0.026221972 9.849817e-11 0.16509761 0.00023622176 0.0024272844 0.00014866784 0.01850429 1.1512788e-05 5.7717418e-05 0.017162455 0.004943134 8.19178e-06 0.090984605 3.0843873e-06 0.0008242136 5.0238337e-05 0.0030857942 2.233097e-06 0.0028794378 2.4632882e-07 0.18126245 4.9026617e-05 0.048119906 2.3107252e-06 0.013791796 1.8760422e-10 0.029682416 5.379164e-08 0.0010349151 0.00046599298 0.001608425 2.2076161e-05 2.2159395e-05 0.000402341 0.00056633644 0.0071284687 0.0041511306 0.074709564 0.00052364776 8.182147e-09 0.00015864687 3.3326258e-05 1.8989398e-05
0.60357076 0.8774606 0.42902943 0.05449712 0.5777751 0.34589478 0.06667696 4.178776e-17 0.98884785 0.63895655 0.27782458 0.075557046 0.36441505 0.0027194796 0.102115154 0.99010384 0.0027342127 0.2602422 0.00040380226 0.0013650258 0.7187153 0.0014870575 0.013606387 6.4507854e-05 0.00041276225 0.03270954 0.00014810039 0.042227913 0.013215618 0.0012481898 0.012384557 4.8389586e-05 9.729365e-05 0.006377538 0.0023063102 9.799817e-06 0.0074683805 0.008105725 0.0058515854 6.8927243e-06 8.6070736e-07 0.032577876 1.118278e-07 3.324637e-06 0.072182916 0.004097332 0.022138555 4.796983e-08 0.004906219 0.11363855 3.9638056e-08 6.3836196e-05 0.0016958641 5.328246e-06 0.0034830223 2.717553e-06 0.014773756 5.8024827e-05 0.0026611828 2.7702787e-05 0.0110470345 3.9281012e-08 2.870364e-07 2.8440002e-08 0.010168114 0.0020832429 4.370549e-06 7.176937e-06 6.7518846e-07 0.0015273974 0.008678805 0.0005142794 9.139504e-08 1.2778763e-07 0.041335788 4.5923105e-08 4.232419e-06 8.355554e-08 0.0013344723 1.4683066e-07 0.0013929126 0.0017914535 3.2532127e-05 0.00035245475 0.00014844102 0.0003592677 1.8465705e-07 1.5939039e-06 1.2384367e-06 3.8027235e-09 9.072658e-05 0.003080033 0.0057644886 0.21790439 0.0010492945 0.0040699514 1.0641827e-06 1.4547801e-08 2.5976775e-07 1.061979e-09 6.8673706e-10
0.9757205 0.7331583 0.1091891 0.018763999 0.56597006 0.76474035 0.012282128 0.98884785 3.6936278e-17 0.04283484 0.7318072 0.0044874004 0.23378709 6.477182e-05 0.27339712 0.67629147 0.00012165664 0.66301614 2.1996734e-06 4.0403414e-05 0.93230695 2.0417716e-05 0.00043775694 5.3607846e-06 1.947412e-05 0.26615295 1.592904e-06 0.027491463 0.056498397 0.00016396173 0.05346922 9.994712e-06 3.9204256e-06 0.014226859 0.0009965949 1.5371361e-06 0.0005911179 0.08027203 0.0005791989 2.9402602e-07 5.3917813e-07 0.018061593 1.1718821e-08 9.281036e-09 0.57224625 0.008309897 0.0056975503 3.8113495e-09 0.00085036596 0.68255424 5.4582254e-09 1.0862025e-05 0.008447757 2.3664454e-06 0.018471869 3.1758614e-07 0.0029625976 2.200474e-05 0.0031793618 0.010168022 0.002804795 1.2330862e-08 7.790542e-10 2.9649887e-09 0.013927486 0.024157122 5.3957596e-08 1.0852592e-05 3.7326963e-08 0.022696378 0.0070487834 0.09316373 1.789731e-08 1.3970857e-08 0.31922683 1.6595131e-09 3.548578e-06 2.513165e-08 0.0010068424 2.4792695e-09 0.0010376471 0.024043232 0.00017349565 0.0044510253 8.398003e-05 0.0023225453 1.0712345e-07 1.4533048e-06 5.8229566e-06 8.454704e-09 4.518312e-06 0.024218315 0.0036720694 0.6917765 8.3655605e-06 0.0019044968 2.518166e-07 1.9440227e-10 5.6283554e-08 1.8206276e-09 5.832758e-09
0.57745075 0.97542435 0.48012176 0.5689066 0.46623534 0.018345196 0.3076618 0.63895655 0.04283484 3.0534132e-16 0.01869568 0.77969915 0.422703 0.016443519 0.0034163988 0.9982638 0.03128275 0.00876107 0.015409671 0.018362971 0.028818144 0.052616045 0.39190674 0.0005984476 0.017565206 0.00058392645 0.0029176546 0.22134778 0.00069326384 0.010310169 0.0005180063 0.002920876 0.001682707 0.00019211344 0.0069811344 0.0011168239 0.027581267 0.00016632059 0.32047334 4.0799874e-05 0.00038116955 0.06745997 1.6257432e-05 0.0003226977 0.005993303 3.0062674e-06 0.5944342 5.2564786e-07 0.007929791 0.011240385 8.496157e-06 0.002866924 0.0005852827 0.00064998673 0.0008757294 0.00073563633 0.30610755 0.0016657957 0.0042980043 8.6654794e-08 0.012672222 2.173036e-05 3.8829025e-05 5.082975e-07 0.0038562994 0.0010268897 0.0006005057 0.00039936436 0.0003686255 0.00027576013 0.0073398957 1.0612259e-05 1.5092952e-06 9.88563e-06 0.005562383 1.3614213e-07 0.00074348523 2.0357493e-06 0.012746066 4.0937667e-08 0.010028488 0.0003307926 0.0030621206 2.3757222e-05 0.0054355315 0.000110371126 4.9720944e-05 0.00013886178 0.0002679568 6.685358e-07 0.033605326 0.009213486 0.12057086 0.25814977 0.020591669 0.01778712 7.298785e-06 1.04266384e-07 1.1995398e-06 3.2394448e-07 1.457552e-06
0.7133148 0.22986521 0.102135144 0.0026864333 0.44855186 0.9711773 0.0042006923 0.27782458 0.7318072 0.01869568 1.4487797e-19 0.0021656451 0.10966857 1.0196176e-05 0.9767241 0.06779232 3.1779127e-05 0.7751767 6.2589197e-07 5.3012638e-05 0.9370497 2.52387e-06 6.474409e-05 3.1186104e-07 2.4919339e-06 0.4585011 6.9697876e-07 0.006637959 0.17565827 0.00016208459 0.07970302 1.0273901e-05 4.374844e-06 0.02742253 0.0022917527 5.58444e-07 0.0005254722 0.1743665 6.551215e-05 2.810313e-07 2.4441374e-07 0.020802878 3.95159e-09 2.406537e-08 0.14281993 0.006164679 0.0016867645 3.286612e-08 0.00078290456 0.51438195 6.9216717e-09 7.739173e-06 0.011746785 9.872632e-07 0.006994066 9.684107e-07 0.00021146571 1.3087405e-05 0.0055754804 3.3882282e-06 0.003414046 6.2214567e-09 7.28172e-11 2.6062632e-09 0.057451952 0.008914759 2.6439044e-09 2.1471686e-05 1.9091812e-07 0.0029173903 0.013027641 0.00086129 2.6504885e-09 5.4341594e-08 0.028989058 4.168208e-08 5.927515e-07 3.959172e-09 0.00037726286 2.6375998e-08 0.0015422733 0.002721411 9.41602e-06 8.477372e-06 2.3735118e-05 2.8991544e-05 6.6722336e-08 5.4615034e-06 1.0749078e-06 1.6259345e-10 4.4562296e-07 0.0052050333 0.0014654285 0.0416487 3.2976006e-06 0.0012124119 1.6723479e-06 2.923389e-09 1.9117701e-07 2.5839693e-09 1.542234e-10
0.9536565 0.86832094 0.34398007 0.9172018 0.10947497 0.004780114 0.54333997 0.075557046 0.0044874004 0.77969915 0.0021656451 5.0429454e-19 0.1781703 0.06106612 7.788386e-05 0.101678714 0.041875485 0.0017545584 0.1581182 0.0854426 0.0012940299 0.6857354 0.993687 0.0004675829 0.20035724 6.40343e-05 0.019712428 0.5602719 2.1205599e-06 0.0026697644 1.6716696e-07 0.000297424 0.00018308773 1.1411673e-07 0.0012081955 0.000245345 0.08594013 4.8754924e-07 0.48889825 3.6234418e-05 0.00039932836 0.01957216 1.561032e-05 0.004400919 0.0019765086 6.4969434e-08 0.5212413 3.9655092e-07 0.003038314 0.026427034 1.2880412e-05 4.2093074e-05 0.0005358498 1.2458933e-05 6.232592e-05 2.9785022e-05 0.28043792 0.00042691283 0.00014548525 1.4831386e-07 0.011581897 1.0503246e-05 6.1699044e-05 1.0505486e-06 9.5601e-05 0.00073993544 0.0015933972 0.00019130825 2.8879383e-06 0.00015250925 0.00047234306 0.00021741293 1.5781027e-06 2.6384303e-06 0.012973422 1.16427096e-07 0.00021126594 8.030724e-06 0.007465482 5.092888e-09 0.0008453648 0.0007588881 9.0320835e-05 5.212502e-06 0.00032939014 0.00016573095 1.4127712e-06 3.187644e-05 5.386495e-06 7.3954276e-08 0.0077527706 0.0049706316 0.02197797 0.10236113 0.30851948 0.0119946785 3.5167665e-07 5.223718e-08 4.798893e-07 1.4285898e-07 1.8099637e-07
0.9874198 0.5826709 0.94806737 0.07097929 0.9738021 0.51042104 0.42927226 0.36441505 0.23378709 0.422703 0.10966857 0.1781703 5.2665903e-14 0.0030221136 0.04982977 0.076174244 0.0005871382 0.33108678 0.00037805573 0.00026667808 0.01883305 0.00085576344 0.0017576441 1.4641913e-05 0.00052989414 0.0069614258 2.3837038e-05 0.42609456 0.0022478167 0.021202428 0.006961887 0.0005427425 0.0008667212 0.0008712543 0.17935267 9.744789e-07 0.040102817 0.0008213981 0.0005283409 2.0470916e-06 2.9764178e-05 0.8976438 1.0097054e-06 1.0363599e-05 0.016536303 7.106205e-05 0.015305821 8.462972e-07 0.13541456 0.44572026 1.6388863e-07 0.0090918755 0.0012110823 0.00031874937 0.00037282333 1.708007e-05 0.0019051499 0.0023375424 0.23576334 5.5399886e-07 0.1879801 1.6546427e-07 1.0334591e-07 1.2948749e-06 0.49659806 0.00035983656 1.0227817e-07 0.00010000152 2.63511e-05 0.00030170436 0.5539043 0.0010542816 6.949332e-07 1.3175021e-06 0.14806059 1.8397452e-07 0.0006717134 6.3855254e-07 0.082087405 4.968572e-07 0.07361657 0.0011125976 0.0027487427 4.4044012e-07 0.013672348 1.9355427e-06 2.4767884e-05 2.4723895e-05 0.00014680148 3.5695592e-07 1.1394067e-05 0.011677688 0.009136386 0.19514671 8.409139e-06 0.044865146 1.1403514e-05 4.9543343e-09 4.1279254e-06 1.3410591e-06 2.4845042e-06
0.8701796 0.006553511 0.023458496 0.742569 0.0030907462 1.2308733e-05 0.5327158 0.0027194796 6.477182e-05 0.016443519 1.0196176e-05 0.06106612 0.0030221136 1.8484638e-19 4.4617173e-06 0.00010213104 0.9738498 2.809764e-05 0.87611544 0.84276843 6.2183044e-06 0.24830407 0.008283735 0.98818326 0.33462313 5.9834025e-07 0.51447564 0.1399619 8.500338e-08 0.06851573 6.0977754e-08 0.08936272 0.045699753 2.3274517e-08 0.013629043 0.23765054 0.1504168 3.9399362e-07 0.00957155 0.03410446 0.20205644 0.004388009 0.096118376 0.15110534 1.0643485e-05 1.0582791e-08 0.0012742261 0.02284507 0.00976171 0.00021956956 0.019825118 0.0077537172 1.3383447e-05 0.008934612 4.0062008e-07 0.04006898 0.0010431733 0.02628299 0.0003152955 8.535071e-12 0.0054666004 0.0061004143 0.022645747 0.0048742173 0.000530379 2.489682e-06 0.0012074087 0.02264867 0.0038473103 1.3112965e-07 0.0017090867 1.6772704e-08 0.0076177916 0.0021514443 0.0005586615 0.00023704502 0.017139034 8.231519e-05 0.008074067 0.00074847334 0.0012954054 1.5202764e-07 0.0032901203 2.9091911e-11 0.0022923662 8.482684e-08 0.002451724 0.004572268 0.0006088159 0.00048172078 5.3872245e-06 1.9173538e-05 4.987543e-05 0.00029133438 0.0037134117 0.007346861 0.006271725 8.6665585e-07 0.0002877437 0.0014186437 0.00023776636
0.95661086 0.0124406675 0.016992357 0.00022397279 0.13774538 0.9237353 6.471878e-05 0.102115154 0.27339712 0.0034163988 0.9767241 7.788386e-05 0.04982977 4.4617173e-06 1.9415477e-17 0.022057852 7.3255837e-06 0.7855978 2.4712085e-07 2.668223e-06 0.82794887 7.8580536e-07 8.802865e-06 4.0439534e-07 4.808941e-07 0.8897184 1.7443358e-07 0.0024848657 0.48644513 3.6214416e-05 0.5074898 1.2518507e-05 9.422649e-06 0.27156112 0.0011373328 5.0404353e-08 5.7064684e-05 0.875007 8.791195e-06 4.796739e-07 1.5377893e-07 0.014704277 3.040814e-08 2.638913e-08 0.6447408 0.101620905 0.00052123854 3.7983757e-08 0.00064855145 0.7564467 1.0201237e-08 1.1965881e-05 0.051856376 5.8013893e-06 0.016723618 3.7744437e-07 8.459608e-05 1.8747827e-05 0.006079784 0.0031228864 0.0073327837 4.367911e-08 2.145105e-09 6.0196426e-09 0.038913924 0.06739178 1.2000683e-08 5.96022e-06 2.0649017e-07 0.02712655 0.010072646 0.14164744 5.374587e-09 1.1055026e-07 0.24328028 6.049338e-09 7.588757e-07 8.563805e-08 0.00032425002 2.665552e-08 0.0033961025 0.020818155 0.00017910733 0.0006164515 5.8904305e-05 0.000188972 6.0732987e-07 3.7919658e-06 1.1182919e-05 9.318956e-10 8.814441e-08 0.00027341332 0.00021656347 0.01969352 3.4800916e-08 0.0046431287 1.3258064e-05 3.6081895e-09 7.873577e-08 2.1448278e-08 1.4704836e-08
0.016356224 0.66521865 0.06093973 0.009218777 0.1189116 0.06436505 0.008160987 0.99010384 0.67629147 0.9982638 0.06779232 0.101678714 0.076174244 0.00010213104 0.022057852 7.5900286e-17 5.68156e-05 0.031013684 1.4190401e-05 0.00015164906 0.41720462 0.00027983895 0.00884468 2.236876e-06 3.9704253e-05 0.008186871 1.7488266e-05 0.0070126294 0.0015067275 6.529234e-05 0.003362254 1.7241287e-05 4.5613474e-06 0.0011581029 0.00033752603 1.3342145e-05 0.00071387173 0.0021227403 0.0039008632 3.7447245e-07 1.5729084e-06 0.0038163369 5.2743673e-08 8.789263e-07 0.007281328 0.0014018083 0.05789996 4.985362e-08 0.00028634482 0.018030623 4.694968e-08 4.6452737e-06 0.0005692752 1.1202757e-06 0.0025134205 2.3027353e-06 0.019610597 3.890473e-06 0.00037192096 2.7115908e-08 0.0010567742 1.4498737e-07 8.781885e-08 3.080915e-08 0.00026287333 0.0008192932 1.5535995e-06 1.6194351e-06 8.959172e-07 0.00014024979 0.00085562223 7.757626e-06 3.5516334e-09 1.1463092e-07 0.0029487594 8.0867613e-07 2.6576268e-07 2.6537732e-08 9.119023e-05 1.3598997e-08 0.00036781485 2.0273863e-05 2.4850683e-06 8.66925e-06 1.1690553e-05 4.4049386e-05 6.102942e-08 2.5127817e-06 1.7113275e-06 2.3570462e-10 0.00021400777 0.002543903 0.006978575 0.06173263 0.00044938645 0.0016228452 1.4188466e-07 1.8833357e-09 8.179264e-08 3.3618985e-10 1.5561097e-10
0.93115526 0.006004078 0.018910078 0.7370901 0.0023367098 2.130398e-05 0.63574904 0.0027342127 0.00012165664 0.03128275 3.1779127e-05 0.041875485 0.0005871382 0.9738498 7.3255837e-06 5.68156e-05 2.3483499e-17 5.129952e-06 0.7026784 0.9812311 2.9645632e-06 0.15544055 0.0075963354 0.90605754 0.17548873 1.3488963e-06 0.30088106 0.10131022 5.2705357e-08 0.12165942 1.02721756e-07 0.42831567 0.203968 1.3811806e-08 0.015277982 0.44513488 0.20726945 2.873489e-07 0.015427837 0.15810642 0.09896571 0.005907651 0.0862237 0.30759302 1.9453691e-06 1.9623458e-08 0.0019623127 0.04498609 0.011861128 1.8718723e-05 0.089400396 0.0109101245 2.9553298e-06 0.020788856 2.1614108e-08 0.12287911 0.0008203291 0.103003144 0.0014078508 2.814799e-12 0.006452072 0.046762623 0.06794246 0.013710679 0.00037552195 1.7491033e-07 0.003269891 0.0658981 0.017741075 9.040403e-08 0.0016132102 5.921368e-09 0.031585775 0.0014627294 0.00030453503 0.0009974898 0.03008119 0.0005150787 0.012644517 0.0011872558 0.0014509722 2.086756e-08 0.0072436193 1.9437167e-12 0.006554652 1.928049e-09 0.0077751284 0.00735949 0.0012755065 0.0025453859 4.9762143e-06 2.6877693e-05 5.208609e-05 0.0004990398 0.014474506 0.0123963095 0.004476138 1.2335214e-06 0.0012308036 0.0022995207 0.0005151138
0.95531505 0.15903448 0.19227514 0.00026558596 0.83014023 0.9570894 0.0023782724 0.2602422 0.66301614 0.00876107 0.7751767 0.0017545584 0.33108678 2.809764e-05 0.7855978 0.031013684 5.129952e-06 7.7327425e-15 1.514512e-06 2.5127624e-06 0.1923005 2.0331521e-05 5.5932032e-05 2.0616128e-06 3.872116e-05 0.47696167 5.0000376e-06 0.0030245455 0.2950255 0.00013984322 0.32464838 2.5934647e-05 1.3139167e-05 0.122377284 0.0088483915 3.5500452e-07 4.4936394e-05 0.7119338 0.00016983646 1.0240344e-06 6.68113e-06 0.038007025 1.613964e-07 1.6222244e-05 0.5582337 0.009289397 0.0013903657 1.7281866e-07 0.0008987528 0.96413875 3.4281481e-06 0.0002639105 0.028615309 2.512191e-05 0.005767216 8.6008995e-06 0.0002904824 5.287439e-05 0.03303837 0.00042868103 0.010660716 2.874532e-06 4.864682e-10 1.3350686e-07 0.22795643 0.01557118 1.9595818e-08 3.7913098e-05 4.199496e-05 0.0060041603 0.05602759 0.007822106 1.1690021e-08 3.1993295e-07 0.3015902 5.41149e-07 0.00011900552 7.673607e-07 0.0023733727 2.9840585e-08 0.004574093 0.013043453 0.0010935172 3.2715223e-05 0.0018337363 2.2132173e-05 6.1689893e-06 1.3507326e-05 5.83863e-05 6.4861777e-10 2.0299554e-07 0.0042686663 0.00092628004 0.027160915 4.9117733e-07 0.0037764984 4.5504483e-05 1.6619403e-08 1.455234e-06 3.7738786e-07 2.1250887e-06
0.9900296 0.028144466 0.0055618924 0.80661476 0.00021126756 4.0170357e-07 0.19397996 0.00040380226 2.1996734e-06 0.015409671 6.2589197e-07 0.1581182 0.00037805573 0.87611544 2.4712085e-07 1.4190401e-05 0.7026784 1.514512e-06 1.7527714e-17 0.81020594 5.762543e-06 0.73170185 0.07420636 0.8042946 0.9140485 4.8863006e-07 0.97855747 0.25971508 5.209825e-09 0.0077658943 2.5867076e-08 0.013042906 0.006745601 2.2803144e-09 0.00034050696 0.10564955 0.18150987 2.1693944e-08 0.27160147 0.005253389 0.2577687 0.00067954283 0.028145956 0.78896916 2.822864e-06 2.9597451e-09 0.008068067 0.0026151894 0.0017016956 0.00043324116 0.25233862 0.00028599115 8.177628e-06 0.00060680596 3.3897116e-08 0.0054762145 0.011169937 0.010304375 5.672713e-05 6.247847e-12 0.0023811297 0.059953567 0.12474399 0.0004953933 3.6119807e-05 3.7491017e-07 0.0111781005 0.0143178785 0.00028893957 1.7383093e-07 7.324973e-05 2.4589355e-08 0.008068206 0.00016507694 0.0008844123 1.8337756e-05 0.0041095647 7.6017815e-05 0.0040930607 0.00015203498 0.00015111202 6.798853e-07 0.00018629401 9.171477e-12 0.0005345558 1.5124111e-07 0.00029274417 0.0011577518 4.5233173e-06 8.166441e-05 0.00011519075 0.00010402509 7.330808e-05 0.0010374387 0.2632869 0.008645435 0.000102394755 6.521626e-08 6.786262e-05 0.00022516484 2.9007337e-05
0.99828947 0.008118692 0.008087838 0.4765495 0.00016262667 2.1713881e-06 0.4514634 0.0013650258 4.0403414e-05 0.018362971 5.3012638e-05 0.0854426 0.00026667808 0.84276843 2.668223e-06 0.00015164906 0.9812311 2.5127624e-06 0.81020594 4.6422057e-13 1.9473619e-05 0.20027055 0.01670264 0.823079 0.3910162 1.0707263e-06 0.48426914 0.241122 1.7246329e-06 0.2458996 1.82656e-07 0.6868132 0.49908206 1.7544325e-07 0.0117915 0.35997328 0.42174217 1.4880527e-06 0.20543464 0.38603583 0.30105168 0.008029713 0.13182874 0.6979301 2.9110827e-06 1.9788114e-07 0.0053602275 0.08294204 0.01885073 0.00014095052 0.4244307 0.020103114 2.989367e-05 0.05586355 2.258807e-07 0.17687653 0.0033049162 0.28293636 0.0014066335 4.225308e-10 0.022577755 0.2901386 0.13164517 0.034305204 0.0006751143 5.0675345e-07 0.011746443 0.2255821 0.044555586 1.5508358e-06 0.0021564926 5.664852e-07 0.14233756 0.0046605607 0.00063494337 0.0029932896 0.06583789 0.0036493144 0.052487735 0.0037370797 0.0014539849 2.3639395e-06 0.014964807 6.6879113e-10 0.020804932 5.2406435e-08 0.010513409 0.021959381 0.0028157483 0.0016967393 1.296655e-05 5.6663273e-05 0.0001308982 0.0019002651 0.283452 0.046896014 0.0050271507 3.3480534e-05 0.0011423369 0.002828955 0.00078866474
0.6818151 0.047279175 0.00061863847 0.00050975266 0.035805978 0.28066522 7.55648e-06 0.7187153 0.93230695 0.028818144 0.9370497 0.0012940299 0.01883305 6.2183044e-06 0.82794887 0.41720462 2.9645632e-06 0.1923005 5.762543e-06 1.9473619e-05 1.1557237e-13 2.7645307e-05 7.876076e-05 5.1521744e-07 8.371028e-06 0.988583 3.769359e-06 0.0005848227 0.913819 2.4602796e-06 0.5186973 3.0778758e-06 1.5653366e-06 0.1310113 1.4052377e-05 4.323847e-06 5.422856e-05 0.1636252 0.00048226962 3.0074975e-08 8.103967e-06 0.0014040201 3.3201122e-08 1.5064316e-05 0.2889854 0.009178042 0.0050614905 2.4051022e-07 3.2469794e-05 0.53849596 3.5500352e-07 6.6736216e-06 0.021528479 1.5498377e-06 0.014010754 1.0419874e-06 0.0018931176 7.84827e-06 3.5239576e-05 2.1440815e-06 0.00015369542 4.9187906e-07 7.883511e-08 4.273366e-08 0.0014098788 0.029650228 1.2176375e-06 6.1085694e-07 3.9531318e-07 0.002994236 0.0009632652 0.0004880883 4.2187086e-08 6.2083643e-07 0.055302206 6.6690404e-08 1.2789449e-06 8.980099e-08 7.5408657e-06 7.474568e-09 7.224964e-05 0.0012043634 2.2973556e-05 8.055189e-05 7.849849e-06 3.548137e-05 5.4580175e-07 1.0176698e-05 3.4055967e-07 4.9722737e-09 1.9076788e-06 0.013288909 0.0010097994 0.12593967 2.0476821e-07 0.0005354653 2.4289082e-07 5.6446803e-10 1.0316e-07 3.400414e-09 1.0909025e-08
0.21487659 0.042328745 0.008797608 0.62295896 0.00069847965 1.1865291e-05 0.18658489 0.0014870575 2.0417716e-05 0.052616045 2.52387e-06 0.6857354 0.00085576344 0.24830407 7.8580536e-07 0.00027983895 0.15544055 2.0331521e-05 0.73170185 0.20027055 2.7645307e-05 5.8115735e-19 0.9742013 0.030998753 0.9850246 6.50695e-07 0.79615164 0.12361174 1.4955416e-08 0.003906952 1.04232525e-08 0.0026478136 0.001337539 1.9151587e-09 0.00028728 0.0037777463 0.049635738 3.949128e-08 0.86255735 0.00022331717 0.007675514 0.0007205446 0.00018168651 0.33240294 3.308287e-05 3.034074e-09 0.2759648 3.6906782e-05 0.0010341898 4.4468645e-05 0.011546378 6.508904e-05 6.629788e-06 2.2366998e-05 9.675656e-08 0.00085100275 0.10919309 0.00079104735 5.9689855e-06 2.9330552e-14 0.00072896725 0.0038242738 0.1494482 6.105059e-05 4.5725187e-06 1.6963654e-06 0.060064245 0.00039858682 9.176134e-06 4.728336e-08 3.0067851e-05 9.975742e-10 0.0003652568 2.6204518e-05 0.000105747924 1.0647122e-05 0.0005091162 1.17397e-05 0.0003837076 2.4004378e-06 0.00018435925 9.122798e-09 1.4762522e-05 3.3597845e-13 0.00019774296 4.6188305e-08 3.0567824e-06 5.7935962e-05 9.817622e-07 2.1717524e-06 0.0033984096 8.092471e-05 0.00022870718 0.0005198986 0.23667812 0.005184123 2.4506785e-06 1.816657e-08 3.2658438e-06 3.132081e-06 6.105887e-08
0.063901976 0.108609706 0.007002992 0.37748536 0.001256881 9.0003465e-05 0.048403867 0.013606387 0.00043775694 0.39190674 6.474409e-05 0.993687 0.0017576441 0.008283735 8.802865e-06 0.00884468 0.0075963354 5.5932032e-05 0.07420636 0.01670264 7.876076e-05 0.9742013 2.228032e-19 0.00038805167 0.25940397 9.321406e-07 0.05159781 0.09268955 7.928704e-08 0.00037804243 5.2211877e-08 9.669315e-05 3.2010143e-05 1.6177449e-08 3.9260813e-05 0.00021162628 0.013544678 4.4271755e-07 0.94035494 2.8513737e-06 0.0004344013 0.00088397844 2.8743043e-06 0.018553827 0.00027407877 2.1854294e-08 0.8145111 4.5083775e-06 0.0013602761 0.00032588033 0.0005444379 5.645924e-06 5.558093e-05 6.8828615e-07 2.552834e-06 2.5123323e-05 0.42796803 4.4646265e-05 8.396237e-06 2.0933851e-12 0.0011684133 0.00013118902 0.008183214 3.2556006e-06 8.439499e-06 0.00028131838 0.019840028 4.7743915e-06 2.5203306e-07 2.5375812e-06 7.090588e-05 8.52303e-09 2.282572e-06 3.90223e-06 0.00039606812 3.587276e-06 5.525603e-06 5.9934273e-06 0.000501731 8.1646604e-08 0.0002108495 3.9436165e-07 4.099295e-06 7.251048e-11 2.220274e-05 3.2854885e-07 4.4056296e-08 2.002619e-06 5.268043e-08 1.7170033e-08 0.0073966095 0.0006684992 0.0027934457 0.003074567 0.11269571 0.006021033 8.743694e-08 4.666344e-09 2.43321e-06 2.694116e-07 1.0234114e-08
0.91263264 0.00033857752 0.0004741149 0.15642051 7.221554e-05 3.182841e-07 0.066450715 6.4507854e-05 5.3607846e-06 0.0005984476 3.1186104e-07 0.0004675829 1.4641913e-05 0.98818326 4.0439534e-07 2.236876e-06 0.90605754 2.0616128e-06 0.8042946 0.823079 5.1521744e-07 0.030998753 0.00038805167 1.1550025e-18 0.11121969 7.695867e-08 0.6533837 0.0112946555 4.8286135e-09 0.01594234 1.95812e-09 0.12543552 0.036037516 6.942413e-10 0.00056585734 0.86424905 0.02468062 4.7586543e-08 0.0038343747 0.095862694 0.8803819 0.00021067765 0.8227803 0.5538521 1.1151346e-06 2.2859103e-09 2.4544126e-05 0.6058972 0.0008196758 6.4973037e-06 0.3133856 0.0019865225 1.9716917e-06 0.0062859817 6.9593993e-09 0.15601797 4.527847e-05 0.01623682 2.308059e-05 1.3494989e-13 0.0008249866 0.1473105 0.1348763 0.08324135 2.013058e-05 1.10095954e-07 0.004964407 0.10153467 0.012063366 4.268615e-09 6.388425e-05 1.1744093e-10 0.12587774 0.015678363 5.843788e-05 0.0050784815 0.06063911 0.0043277643 0.0013977956 0.013669395 0.00025233865 3.2898966e-09 0.001413915 1.512431e-13 0.0008410655 1.0073355e-08 0.013562773 0.023630459 0.00020290505 0.0128044365 2.672979e-07 1.9635331e-06 2.9825596e-06 5.7714446e-05 0.011628474 0.0019587518 0.010899372 6.801357e-05 0.0038764093 0.0038443764 0.0015444098
0.82364416 0.035444736 0.0014487501 0.5630836 0.000479918 4.3549176e-06 0.0840857 0.00041276225 1.947412e-05 0.017565206 2.4919339e-06 0.20035724 0.00052989414 0.33462313 4.808941e-07 3.9704253e-05 0.17548873 3.872116e-05 0.9140485 0.3910162 8.371028e-06 0.9850246 0.25940397 0.11121969 5.82661e-16 2.1760178e-07 0.9741609 0.13361888 1.6088611e-08 0.0029730464 4.730255e-09 0.0036245913 0.0016511672 4.0427772e-09 0.00014602208 0.015002945 0.0879327 2.7810177e-07 0.7052836 0.00037592775 0.03530204 0.0011108981 0.0008971651 0.76410764 1.9183688e-05 5.329284e-09 0.14146541 7.934367e-05 0.0014733113 0.00017171902 0.17250577 0.000291213 2.7944436e-05 0.00019335393 1.5842271e-07 0.0014258894 0.059067488 0.0036718368 1.6862805e-05 9.153787e-13 0.0013018703 0.06216857 0.30439276 9.620583e-05 7.1176496e-06 3.7501836e-06 0.10461963 0.0012256422 4.5297125e-05 1.2474567e-07 1.5522748e-05 7.9074614e-10 0.0026022214 2.3548388e-05 0.0003111782 1.4494105e-05 0.0014137262 3.893582e-05 0.0005084357 6.1322003e-06 8.732274e-05 2.6387056e-07 5.4873028e-05 1.1519857e-11 0.00017642589 2.388907e-08 2.9726592e-05 0.0003374018 1.502875e-06 2.5764682e-06 0.0024892786 0.00012544183 0.000102576065 0.001572308 0.5931025 0.0057928846 3.2723303e-05 1.9199389e-09 1.0988637e-05 1.4183582e-05 4.008375e-07
0.9192525 0.0016235836 0.000411797 0.000105859326 0.030837826 0.1935419 1.7126004e-05 0.03270954 0.26615295 0.00058392645 0.4585011 6.40343e-05 0.0069614258 5.9834025e-07 0.8897184 0.008186871 1.3488963e-06 0.47696167 4.8863006e-07 1.0707263e-06 0.988583 6.50695e-07 9.321406e-07 7.695867e-08 2.1760178e-07 2.0481824e-16 1.3518935e-07 0.00031920717 0.99090993 7.357434e-06 0.62459964 3.9128918e-06 4.499821e-06 0.30805585 6.700314e-05 1.10381485e-07 1.7760227e-05 0.37174305 2.335561e-06 2.5452312e-07 9.6121035e-08 0.0024421155 3.3774803e-09 1.9718712e-07 0.48353937 0.025956862 8.8851455e-05 7.508074e-09 7.58143e-05 0.6488142 9.017998e-08 8.67489e-06 0.049052104 3.0862057e-06 0.014311489 1.1090444e-07 7.852118e-06 4.564006e-06 0.00041859352 0.0001421525 0.0005403366 7.449934e-08 3.5290322e-09 2.7073672e-09 0.008204587 0.06946301 3.7686038e-10 6.1541374e-07 1.0398794e-07 0.020791825 0.000516484 0.017000848 3.1504945e-09 3.1775564e-08 0.17258443 4.4672518e-10 4.0709754e-08 1.528509e-09 2.3824176e-05 1.6284804e-09 0.00019857011 0.0110668205 3.2681528e-06 0.0005579057 8.085802e-06 0.0007283529 8.700009e-08 9.4213895e-08 7.7858675e-07 1.123157e-09 7.2695974e-09 0.0004529363 5.0441457e-05 0.014472809 1.3758543e-07 0.00035345665 4.885378e-07 5.369523e-10 1.4658916e-07 2.5387803e-09 7.2434796e-09
0.87192214 0.005882434 0.00056996074 0.23070641 0.00018495994 5.823809e-07 0.027671551 0.00014810039 1.592904e-06 0.0029176546 6.9697876e-07 0.019712428 2.3837038e-05 0.51447564 1.7443358e-07 1.7488266e-05 0.30088106 5.0000376e-06 0.97855747 0.48426914 3.769359e-06 0.79615164 0.05159781 0.6533837 0.9741609 1.3518935e-07 2.3948327e-16 0.042773727 5.8480754e-09 0.002794766 3.878679e-09 0.007378634 0.0032637925 7.8221074e-10 8.659734e-05 0.061319698 0.043348715 8.0944496e-08 0.21055444 0.0023987251 0.5945336 0.00035245714 0.06138108 0.94337827 5.4398683e-06 4.508719e-09 0.008988235 0.006783065 0.0005119557 8.7033164e-05 0.5352339 0.00033663464 3.079945e-05 0.0003897518 1.6583505e-07 0.004900341 0.009756163 0.0032701592 1.6029504e-05 3.6839962e-13 0.00021119464 0.2982549 0.52461934 0.0013241612 2.2345273e-05 4.1018228e-07 0.06930268 0.0048205075 0.0002294388 5.981191e-08 5.171119e-06 1.6427748e-09 0.058449216 0.00021026797 0.00013962216 0.00020800126 0.0022376964 0.0014225454 0.00021582187 0.001136822 7.7422344e-05 3.0376938e-07 8.973092e-05 2.4178227e-12 8.0724916e-05 5.6110128e-08 0.00025425397 0.0010269504 3.6284819e-06 0.00022826093 0.00026273547 7.4150295e-05 0.00012406839 0.0011782458 0.36993882 0.0020758603 0.00041581912 2.727457e-07 0.0001517211 0.00038394262 3.6688925e-05
0.9672533 0.40472126 0.65428424 0.77206784 0.11624976 0.022205256 0.95779145 0.042227913 0.027491463 0.22134778 0.006637959 0.5602719 0.42609456 0.1399619 0.0024848657 0.0070126294 0.10131022 0.0030245455 0.25971508 0.241122 0.0005848227 0.12361174 0.09268955 0.0112946555 0.13361888 0.00031920717 0.042773727 8.181694e-13 0.0003155292 0.93479365 0.00013813942 0.07294651 0.2244483 3.67363e-05 0.96657574 0.0017650516 0.81484866 0.0001327923 0.14294103 0.0027694358 0.0013750026 0.68914163 0.00031871712 0.07022498 0.0003918355 1.249914e-06 0.08525629 0.0007836505 0.53175116 0.0039045964 0.0024949242 0.33740607 0.00012238591 0.06283729 1.549002e-05 0.0010825795 0.019420426 0.11271637 0.0592159 1.0257502e-09 0.3762296 0.0011299654 0.0002701839 0.00051622896 0.034142867 8.781065e-06 4.8250718e-06 0.0043447255 0.0020006371 8.792462e-06 0.11260513 2.7828653e-06 0.0006156407 9.367862e-05 0.0029019953 7.828897e-05 0.004648168 2.474583e-05 0.26289 5.1251725e-05 0.045868587 2.4986886e-05 0.020603906 2.590098e-09 0.046610523 5.156325e-08 0.00034897332 8.646843e-05 0.003462264 2.5547544e-05 2.9737677e-05 0.00079330197 0.00076411 0.014416618 0.14935489 0.08343644 0.00019859815 1.3105664e-07 0.0002575557 0.0001223725 1.0158633e-05
0.4377565 0.0010359868 0.000387996 9.993172e-05 0.010779179 0.09462748 9.981576e-06 0.013215618 0.056498397 0.00069326384 0.17565827 2.1205599e-06 0.0022478167 8.500338e-08 0.48644513 0.0015067275 5.2705357e-08 0.2950255 5.209825e-09 1.7246329e-06 0.913819 1.4955416e-08 7.928704e-08 4.8286135e-09 1.6088611e-08 0.99090993 5.8480754e-09 0.0003155292 3.572528e-15 1.5143936e-06 0.984781 1.7109757e-07 5.847799e-08 0.7014592 9.0414425e-05 1.0596265e-06 5.831115e-06 0.54818624 7.74391e-07 3.6413823e-09 3.859855e-08 0.0036636028 8.4009777e-10 1.06211715e-08 0.56558657 0.26801422 2.571668e-05 2.5083078e-09 3.8177892e-05 0.53717124 2.1354303e-09 2.3477853e-06 0.32064816 1.0093395e-06 0.053172275 1.027759e-06 9.104442e-07 2.307488e-06 0.00043234657 3.9697057e-05 0.00044222065 3.9826134e-09 1.7047797e-11 3.1649852e-09 0.015947998 0.0792134 6.3500045e-11 2.2471606e-06 5.345352e-08 0.025079302 0.00068742986 0.005582074 1.272788e-10 1.1361217e-08 0.0902519 7.2903326e-08 2.2164764e-07 3.2982259e-10 2.7342205e-05 4.8442494e-09 0.00014690035 0.0045849876 5.2324235e-06 9.925688e-05 1.8747602e-06 7.348125e-05 1.6566543e-07 5.0880944e-06 1.478601e-07 4.6718518e-11 3.2522862e-10 0.00016382075 4.1666844e-05 0.0026203096 6.9800445e-09 0.00022594976 2.9535872e-07 9.152592e-11 1.7123992e-07 2.6698746e-10 4.7397447e-10
0.8775092 0.004406908 0.14479756 0.30095828 0.020115776 0.00030327137 0.8156119 0.0012481898 0.00016396173 0.010310169 0.00016208459 0.0026697644 0.021202428 0.06851573 3.6214416e-05 6.529234e-05 0.12165942 0.00013984322 0.0077658943 0.2458996 2.4602796e-06 0.003906952 0.00037804243 0.01594234 0.0029730464 7.357434e-06 0.002794766 0.93479365 1.5143936e-06 2.3845422e-15 2.400417e-06 0.4925437 0.9494315 1.7306268e-06 0.7325497 0.007696261 0.9874298 1.635127e-05 0.0005646423 0.18348485 0.00141219 0.12848908 0.00013719099 0.00087215507 3.8855775e-05 1.7350713e-07 0.00033052455 0.0005198849 0.37965748 0.00016283245 4.6466186e-05 0.697093 4.8762926e-05 0.57309186 4.3588707e-07 0.01460943 5.1505587e-05 0.41166928 0.032490715 4.9000665e-11 0.066477925 1.8971967e-05 1.6137854e-05 0.0012607664 0.004898236 8.325774e-06 1.0122179e-06 0.10971895 0.070163384 4.465725e-07 0.02136864 2.4118492e-08 0.000118428565 0.0005155031 0.0007194216 0.00043422854 0.022266407 1.545681e-06 0.15251336 0.00012846278 0.040762465 6.1296595e-07 0.07811675 9.059602e-11 0.08007802 2.7863656e-08 0.0053460584 0.0031381825 0.028484331 2.2887483e-05 3.061399e-07 0.00026896477 0.00023818052 0.0015542983 0.00052622746 0.074000515 0.0037307127 8.325626e-07 0.002822008 0.0016382559 0.0010195073
0.56416506 0.0005318854 0.0009451061 2.1838785e-05 0.016486354 0.100024074 3.515685e-06 0.012384557 0.05346922 0.0005180063 0.07970302 1.6716696e-07 0.006961887 6.0977754e-08 0.5074898 0.003362254 1.02721756e-07 0.32464838 2.5867076e-08 1.82656e-07 0.5186973 1.04232525e-08 5.2211877e-08 1.95812e-09 4.730255e-09 0.62459964 3.878679e-09 0.00013813942 0.984781 2.400417e-06 1.5739439e-19 4.9657586e-07 3.5882735e-07 0.9894215 4.802717e-05 1.9350647e-08 4.267506e-06 0.8764438 1.2306478e-07 3.008025e-08 6.6547384e-10 0.0043771667 1.2164547e-10 4.757245e-09 0.711939 0.54188645 7.2532653e-06 1.5385855e-09 0.00012941823 0.4332265 6.8639e-10 1.2154054e-06 0.27129155 1.0295375e-06 0.14809605 2.4649792e-08 1.0622845e-06 1.5809709e-06 0.001748679 0.021193614 0.0012628959 1.4882952e-10 7.875924e-11 4.5395054e-10 0.026419194 0.27301207 1.5533015e-10 2.5129745e-07 1.2234068e-07 0.12742354 0.00085244095 0.3002586 1.6545122e-10 5.2039257e-09 0.30917123 7.0551165e-10 5.6854508e-09 1.1606103e-09 1.3800847e-05 4.2023857e-10 0.00036986466 0.04249999 8.332049e-06 0.0026365416 2.1862406e-06 0.0007018688 2.6564468e-08 4.902495e-08 4.337439e-06 3.179902e-12 6.0092353e-10 2.4199167e-05 2.2458375e-05 0.0016950895 7.646755e-10 0.0005030539 9.737956e-06 5.1569277e-11 7.280036e-08 8.623418e-12 2.4558863e-10
