2.078353e-21 0.99281615 0.9916814 0.9929359 0.9760078 0.9802581 0.9796892 0.97751766 0.9723644 0.98141134 0.9201411 0.9599728 0.9403266 0.9717016 0.9846034 0.94006515 0.9800417 0.90407866 0.98954445 0.9878692 0.93265253 0.89634925 0.95104676 0.89105684 0.8642085 0.24673551 0.91907895 0.92626274 0.97212833 0.9835921 0.8752955 0.6440719 0.63041043 0.9364413 0.99166006 0.9638445 0.6013104 0.99306184 0.9759013 0.8932314 0.94486624 0.96453124 0.9895328 0.2705015 0.9641299 0.9600427 0.9719686 0.64999926 0.06968111 0.17864606 0.97442013 0.9912406 0.08911561 0.99451023 0.99508137 0.7226552 0.016986433 0.9793632 0.9875306 0.9086758 0.98827267 0.17975107 0.98113286 0.9737355 0.40972242 0.012744814 0.563853 0.12233753 0.18055548 0.9850109 0.07388088 0.9633272 0.026996765 0.24375162 0.010969098 0.29911178 0.6213243 0.068795554 0.09075067 0.9893844 0.9347313 0.021396086 0.13580725 0.99572396 0.29370272 0.9581031 0.22475694 0.0005508099 0.001819452 0.9998664 0.9996509 0.13554922 0.0021800739 0.004478668 0.0021631827 0.99947894 0.9792325 1.8703073e-05 0.9738827 0.9995155 0.90304077
0.99281615 3.990611e-17 0.9709358 0.7705316 0.73139393 0.7881116 0.6344365 0.49356604 0.63353485 0.39705068 0.65556496 0.79228103 0.51749635 0.38911572 0.31465146 0.27178937 0.6178202 0.10538239 0.2915879 0.23020847 0.30327964 0.061646305 0.0008453036 0.0045132698 0.0011390364 0.0007267938 0.0001512066 0.013314418 0.0002952344 0.012671147 0.051941246 0.0001160403 0.00011907033 0.28676793 0.06871469 0.009247535 0.00045180754 0.038357284 0.03405828 0.024171555 0.055618387 0.13058 0.5354547 4.375551e-05 0.0006241672 8.294834e-06 7.26474e-05 0.010783306 6.6844215e-05 0.007767635 0.014879848 0.000121065095 0.00060834124 0.08619334 1.5679998e-05 8.319693e-08 9.0108244e-07 0.017626673 0.12887682 4.5593247e-06 0.04492994 0.006961446 2.3975634e-05 0.00014797205 8.731927e-08 3.9208728e-05 0.003011431 4.3559954e-05 1.7829058e-07 0.0016712281 9.5649185e-08 0.0027556298 0.00037385285 2.1489311e-06 4.989329e-06 9.228658e-06 3.071248e-05 2.2391534e-06 0.0005317713 5.4253236e-05 0.00013139249 5.151595e-05 3.6365237e-09 0.0018127408 0.00030131594 1.8703803e-07 8.825241e-06 8.5623404e-05 2.9394907e-06 0.0010574289 0.010450856 2.7191652e-10 7.252401e-06 7.3999957e-09 5.015929e-07 0.009332569 1.3028018e-05 5.0692913e-12 3.831631e-07 0.0105356015 3.675098e-05
0.9916814 0.9709358 3.5007e-17 0.59150296 0.5520923 0.24361624 0.7121488 0.8760157 0.28355944 0.7447867 0.160483 0.690692 0.13746053 0.03389982 0.10078932 0.051111657 0.80269086 0.0027748859 0.6844893 0.10371789 0.5888498 0.30447948 0.019940497 0.048210397 0.00016747118 0.00017556001 0.00226383 0.1358106 0.00020138308 0.0022281916 0.041779112 3.3278015e-05 0.0013429681 0.20147152 0.02168459 0.0020773662 6.0028466e-05 0.12168125 0.14081049 0.03556091 0.018590951 0.32499602 0.503321 0.00040373582 0.014463847 0.000108681124 0.0013827404 0.029023286 0.0007527694 0.0011085528 0.005860976 0.0005260721 0.00032737834 0.16824159 0.00013831277 1.0541614e-06 5.7233447e-06 0.059381 0.09534964 2.9178912e-07 0.037583105 0.011981119 0.0005613384 0.002080489 2.8778715e-07 2.1072896e-05 0.009520624 0.0003873948 5.388694e-08 0.0024108689 3.4998467e-07 0.0015368502 0.00014307843 8.282739e-06 4.0205006e-05 2.622128e-06 0.0005827849 7.181195e-06 0.005098769 2.4033436e-05 0.00028746008 0.00033612826 8.254803e-09 0.004583602 0.0032413688 3.3031652e-06 6.1943655e-07 0.00023492033 9.104659e-07 0.0017390406 0.021476945 4.6791914e-11 6.699681e-05 4.5911523e-09 8.659268e-06 0.008557744 5.950514e-06 7.818024e-13 1.9299468e-06 0.009557344 1.5364041e-05
0.9929359 0.7705316 0.59150296 1.5066344e-14 0.11625351 0.70741516 0.014510773 0.04127604 0.13758937 0.053438026 0.6862123 0.96418864 0.28370124 0.21925108 0.90403056 0.053763587 0.803571 0.110674545 0.27261597 0.1474865 0.53917915 0.0023298515 8.451263e-05 0.0015804787 0.0023482528 0.0003037533 4.4077293e-05 0.016163087 0.00030915675 0.04017764 0.65926754 2.2566905e-05 3.7334903e-06 0.041812196 0.13735022 0.015626915 0.010793049 0.5467744 0.008963993 0.5742503 0.062812135 0.05569621 0.35220966 2.0895292e-05 0.033106834 2.1745898e-06 1.649085e-05 0.23426688 1.5526462e-05 0.040516622 0.011251292 3.603919e-05 0.00890489 0.0564793 5.2653018e-06 1.7858369e-08 8.406752e-07 0.0076145562 0.14979859 1.6559849e-05 0.022937045 0.18115212 2.0472351e-05 1.1485875e-05 3.373894e-09 0.006474159 0.09103276 8.481148e-06 3.8193966e-06 0.0002796903 4.468159e-08 0.0049341563 0.061165586 6.4011095e-07 3.115687e-06 6.850426e-07 0.0002481937 2.316727e-06 0.009335993 0.00013983775 3.2807016e-05 0.0005178413 4.263015e-10 0.0010076878 0.008213194 5.2259004e-08 2.0465682e-06 0.049000032 0.00018523885 0.0002870089 0.0066995886 4.728798e-11 0.0015631706 5.828387e-09 6.07122e-05 0.0028830003 1.6764145e-05 1.0700417e-11 6.525244e-07 0.010134027 3.5744582e-05
0.9760078 0.73139393 0.5520923 0.11625351 1.3681562e-17 0.19699664 0.95675355 0.17345844 0.96976304 0.08300178 0.05161952 0.12107833 0.6525983 0.19116783 0.028855916 0.46776932 0.12935893 0.0040804585 0.076336 0.6768914 0.06833718 0.13292359 0.0024267114 0.0042458493 0.00057843636 0.00014470483 0.00038639785 0.0036572998 0.00016744292 0.002001526 0.0063020983 2.764586e-05 0.00042909905 0.7944366 0.025453864 0.0005997333 0.000106991494 0.022262612 0.037576914 0.0086640725 0.017605925 0.22521055 0.5564276 9.964547e-05 0.0008617419 1.9705252e-05 0.00011436935 0.0058636037 0.00011632417 0.0011662275 0.004901811 9.0667934e-05 0.00043959732 0.26331916 9.508114e-06 2.6822664e-07 4.445991e-07 0.020056373 0.22719862 1.1791972e-06 0.18242727 0.0024924963 3.790095e-05 0.000318954 1.7842342e-07 0.000108973705 0.0025730664 2.5861811e-05 3.789903e-07 0.01621234 1.1818208e-07 0.0024794533 7.5191965e-05 3.0332399e-06 1.011855e-06 1.2788803e-06 1.3649508e-05 8.493831e-06 0.000668879 9.534987e-07 0.00452671 2.9849827e-05 5.6625804e-10 0.0027454467 0.00076853804 1.319926e-07 1.5783676e-06 4.5799792e-05 2.2340777e-07 0.006239253 0.018230138 5.3941435e-12 2.072107e-06 2.6429263e-09 1.84581e-07 0.03503732 3.4100706e-06 2.1816048e-13 5.8495704e-07 0.016214382 1.2174791e-05
0.9802581 0.7881116 0.24361624 0.70741516 0.19699664 4.8834393e-15 0.018439958 0.0041202703 0.2755206 0.0024725865 0.9646802 0.61629647 0.5576194 0.93932045 0.8184371 0.4033628 0.15901203 0.8608745 0.016856527 0.15421434 0.09357173 0.00064891763 2.8749393e-05 0.00037005416 0.082768634 0.062590204 4.1234207e-06 0.0010486912 0.008537674 0.22278944 0.3308869 0.0038634678 5.7581096e-06 0.049603503 0.3772511 0.12232735 0.08928717 0.058292836 0.0010083963 0.16927414 0.12576994 0.003532161 0.050203923 7.377971e-06 0.0017113758 1.9102026e-07 5.8355346e-07 0.0224613 2.4456006e-06 0.12731236 0.03746227 1.738346e-05 0.019220497 0.009330216 1.0308758e-06 7.2624884e-09 2.1477724e-07 0.00068109477 0.14667913 0.0011409951 0.017828686 0.02161634 2.2610927e-06 2.7349022e-06 3.562638e-09 0.012337528 0.0036033676 2.1848566e-06 1.39568565e-05 0.00060835195 2.0835705e-08 0.010736243 0.040181626 9.354203e-09 8.153626e-08 5.894687e-06 3.8243898e-06 2.0826435e-07 5.344101e-05 0.0003717614 5.9660575e-05 7.12222e-06 3.5357003e-10 6.357847e-05 5.8229154e-05 2.0694705e-08 2.327444e-05 0.0017723098 0.00033529184 0.00021751996 0.0014064524 6.136681e-10 4.4183453e-06 2.0894564e-08 1.3969293e-07 0.0052068755 1.617067e-05 1.0106909e-10 1.9907104e-08 0.014761294 6.516109e-05
0.9796892 0.6344365 0.7121488 0.014510773 0.95675355 0.018439958 1.6415332e-18 0.72963244 0.622717 0.5305249 0.016647223 0.061778318 0.21559136 0.009773391 0.0017619876 0.104869224 0.09056993 0.000718412 0.0787569 0.22710837 0.058549453 0.96602 0.06366603 0.047535103 7.608207e-05 0.00016407075 0.0064353836 0.0109914215 6.695638e-05 0.00015463801 0.00026489742 2.845217e-05 0.035241067 0.669982 0.006766302 0.00010267873 3.7250759e-06 0.0010829036 0.29332235 0.0004347826 0.004530383 0.71851665 0.40706626 0.0057645077 0.0004904638 0.0018667952 0.0071091983 0.0012636898 0.0011799375 3.356247e-05 0.0010518995 0.0017618084 6.172665e-05 0.507753 0.0004666207 2.1743605e-05 5.6245328e-05 0.12361854 0.048910387 1.0817567e-06 0.10051305 0.0003110794 0.0018592078 0.008778516 3.3459564e-05 1.8008118e-06 0.0013139173 0.00071111025 1.1144006e-07 0.029923955 5.3602835e-06 0.00064408826 3.9182783e-07 0.0008996533 3.033522e-05 2.88706e-06 0.00021118861 0.001943987 0.0012238604 3.4343393e-06 0.008747687 0.00035643854 8.8953904e-08 0.015368416 0.00034743646 1.8021923e-05 5.2174205e-06 3.1649993e-06 1.6010468e-07 0.010119502 0.03802936 3.6788544e-10 9.051161e-06 7.3015447e-09 4.133259e-06 0.033008806 3.1191387e-06 4.530548e-12 1.4748692e-05 0.0036184972 1.2296678e-06
0.97751766 0.49356604 0.8760157 0.04127604 0.17345844 0.0041202703 0.72963244 5.6427862e-21 0.05181716 0.989475 0.00265635 0.054820225 0.014980864 0.00073204964 0.0027916215 0.002037891 0.36025372 4.2984037e-05 0.5573345 0.01784677 0.30114648 0.85986114 0.4615064 0.50366455 1.4884254e-05 5.82624e-06 0.09698302 0.47791383 2.2397588e-05 2.3630162e-05 0.0021353522 4.1807465e-07 0.13910648 0.107321255 0.0031534033 3.0495947e-05 1.632739e-06 0.050900094 0.4689054 0.0022451214 0.0014895366 0.5841098 0.1489381 0.011791838 0.032853026 0.0027471008 0.03075072 0.011112186 0.00946654 3.6102694e-05 0.00023223502 0.0022216276 6.158949e-06 0.28130892 0.0006539383 0.00015111633 0.00029017476 0.13882077 0.049713388 7.24021e-08 0.025659282 0.0018471053 0.0023186237 0.012609698 4.0521532e-05 2.1774888e-06 0.014679016 0.0034234405 3.8504555e-09 0.0017145425 7.687194e-05 0.00018311778 1.0182513e-05 4.453167e-05 0.0007082859 8.776928e-08 0.0031899293 0.0004425158 0.008733325 3.7154398e-06 0.00028022993 0.0019114959 9.03318e-08 0.012890392 0.00942891 2.4789506e-05 1.7432e-07 3.5179437e-05 3.0533556e-08 0.0012214584 0.03568644 5.6325747e-12 0.000153962 5.000576e-10 0.00017830801 0.006090848 8.281475e-06 1.0714656e-14 8.1180566e-05 0.0030756094 1.1189304e-06
0.9723644 0.63353485 0.28355944 0.13758937 0.96976304 0.2755206 0.622717 0.05181716 1.8793549e-14 0.03831161 0.06287088 0.111333616 0.9072121 0.34313375 0.061023843 0.7450368 0.088187516 0.012426082 0.034062486 0.9250908 0.036213983 0.031175345 0.0008452552 0.0018378856 0.0032670624 0.00072656374 0.00012652786 0.0007155778 0.0003877694 0.0063898116 0.02183303 0.000102473976 0.00022352555 0.82011527 0.060458444 0.0027230843 0.0006702685 0.03218567 0.010247477 0.019617166 0.048839536 0.08473733 0.42192402 2.492256e-05 0.0005170966 8.783016e-06 4.597348e-05 0.00618819 3.2708267e-05 0.0026271958 0.008763703 3.2809985e-05 0.0012530632 0.15595107 3.6639221e-06 9.6518775e-08 3.0384936e-07 0.006993516 0.318011 2.3494978e-05 0.18916151 0.0033990317 1.4492737e-05 4.4009033e-05 7.058759e-08 0.00029325805 0.0014275453 5.7154903e-06 8.117243e-07 0.0119007 9.1311755e-08 0.0035487984 0.0016365023 2.2013733e-06 3.346818e-07 8.372801e-06 8.5436395e-06 7.135184e-06 0.0002704912 1.2664356e-05 0.0035654448 4.893e-06 3.283958e-10 0.0012555171 0.00034759226 1.1331985e-07 2.4512758e-05 8.650168e-05 6.1733186e-07 0.005818952 0.008407932 2.2907702e-11 3.1068628e-06 7.0841923e-09 9.8564655e-08 0.032366343 4.714376e-05 8.3374e-13 7.80353e-07 0.014565622 3.527946e-05
0.98141134 0.39705068 0.7447867 0.053438026 0.08300178 0.0024725865 0.5305249 0.989475 0.03831161 1.029517e-17 0.00096512074 0.07557084 0.00871364 0.00038997713 0.0037779228 0.0010250746 0.471118 1.10099845e-05 0.81753886 0.007193791 0.5403479 0.66956663 0.52519196 0.7115087 4.5296374e-06 1.4430487e-06 0.19698153 0.7218092 1.1235106e-05 6.1902056e-06 0.009716111 3.679892e-07 0.105935484 0.06563488 0.0009679224 7.969679e-06 2.1776737e-06 0.28327474 0.5438852 0.016758846 0.0010937967 0.5756586 0.08539463 0.010351752 0.24997783 0.00070630317 0.015341633 0.053837713 0.020161947 0.00017752378 9.76535e-05 0.001178111 0.00012442874 0.28328183 0.0003392574 0.00019197789 0.0008072026 0.22416116 0.062277667 2.184421e-08 0.020579236 0.03588077 0.0011494593 0.008575245 2.2063301e-05 0.000113136775 0.12212761 0.0058816853 1.00711075e-08 0.0008601326 2.4753715e-05 0.00022917049 2.9910922e-05 1.1866445e-05 0.0011518747 3.603561e-09 0.054189287 3.56137e-06 0.15511858 2.2956758e-07 3.9909668e-05 0.0021550194 1.1856172e-07 0.010118253 0.13014002 2.504155e-06 8.569552e-09 0.0015882018 6.8157554e-08 0.001487174 0.041143026 8.046833e-13 0.0033453023 8.372472e-10 0.0025716778 0.0040472527 7.101066e-08 6.403461e-14 6.907072e-07 0.0038804982 1.9239165e-07
0.9201411 0.65556496 0.160483 0.6862123 0.05161952 0.9646802 0.016647223 0.00265635 0.06287088 0.00096512074 1.4755191e-18 0.7509177 0.16803694 0.73951423 0.92851293 0.117043816 0.237433 0.9492607 0.011145511 0.07228679 0.060862392 0.000804989 5.6251174e-05 0.00012980512 0.05130046 0.047971725 1.0207559e-05 0.001121156 0.020060817 0.28553018 0.45471072 0.009536048 8.679548e-06 0.022098012 0.50062037 0.10591043 0.20666298 0.012437369 0.0009317194 0.07115254 0.11840099 0.0010314034 0.022695241 9.68324e-07 0.00038533873 8.729051e-07 1.8929883e-06 0.015927114 4.5850268e-07 0.18701154 0.023353323 2.2194778e-05 0.04204581 0.0026937935 1.4335008e-06 6.164757e-09 4.1300217e-09 0.00031694063 0.08113937 0.003964678 0.0058390168 0.013700377 7.323638e-07 2.0676537e-06 1.7857575e-09 0.0048528877 0.0019141283 8.2875147e-07 0.00018576975 7.7263314e-05 2.8784064e-09 0.0079191765 0.0040651103 1.4525219e-10 7.522724e-09 8.632948e-06 3.0734074e-07 2.984928e-09 5.0494564e-06 0.00033803986 1.4457412e-05 2.1001824e-06 1.9398454e-09 6.7940673e-06 1.0720603e-05 1.345954e-09 6.7719766e-06 0.000228722 0.0007334445 2.7195041e-05 0.00089885993 9.258784e-11 2.5137692e-06 1.4921574e-07 2.3366826e-07 0.0033865683 2.712821e-05 1.32411035e-11 8.269226e-08 0.007676953 0.00014477564
0.9599728 0.79228103 0.690692 0.96418864 0.12107833 0.61629647 0.061778318 0.054820225 0.111333616 0.07557084 0.7509177 9.8541216e-18 0.17057957 0.114057 0.88998145 0.041481007 0.9421029 0.13141258 0.3669624 0.09299549 0.6942761 0.0047294283 0.0012027514 0.004690525 0.0022362417 0.0008443709 0.00047238835 0.047020994 0.0019462934 0.03180668 0.66388196 0.0003128696 0.00031554006 0.025341436 0.08091644 0.012693771 0.017892143 0.29085454 0.017754996 0.33946624 0.026983196 0.035495915 0.23958547 2.1018968e-05 0.016987812 7.714735e-05 0.0001349949 0.12425855 5.1045874e-05 0.06303749 0.012715822 0.00028085193 0.0054866853 0.027494544 0.00010351396 7.996332e-08 1.8753795e-07 0.0064406274 0.05052943 8.060983e-05 0.007916767 0.074725024 0.00010864715 6.675579e-05 1.4266584e-08 0.0018690174 0.02887605 4.8838177e-05 2.2756926e-06 0.00012361005 1.0735124e-08 0.0018103619 0.002769754 1.6135754e-08 5.4417933e-06 2.3097778e-06 0.00020462913 1.1274222e-08 0.0022515885 0.000110773006 2.2372056e-05 0.00013252761 2.9090217e-09 0.00021048405 0.0030241231 6.159096e-08 3.1967127e-07 0.0050291526 4.3560492e-05 0.000117252384 0.0038523972 3.7186202e-11 0.00017066306 3.5607513e-08 1.34613265e-05 0.0019961973 9.167396e-06 3.565853e-13 4.2721416e-07 0.0053572385 6.9664726e-05
0.9403266 0.51749635 0.13746053 0.28370124 0.6525983 0.5576194 0.21559136 0.014980864 0.9072121 0.00871364 0.16803694 0.17057957 7.7121984e-14 0.7856767 0.18869361 0.98132175 0.106747866 0.07110105 0.01953002 0.9231846 0.04525274 0.0062642912 0.00024857768 0.0005581167 0.028745927 0.0053610126 2.3834673e-05 0.000711724 0.0009461076 0.02085426 0.07396862 0.00036481643 6.397302e-05 0.6176974 0.14841668 0.012843646 0.008479822 0.07349511 0.0008046275 0.09339503 0.10548118 0.009087909 0.1125919 1.9131983e-05 0.0017060481 5.461871e-07 6.778994e-06 0.0153581165 1.3436394e-05 0.013707304 0.018435853 8.110979e-06 0.0051683364 0.03477313 6.1232856e-07 1.15152794e-07 1.9541896e-07 0.0012796794 0.29196954 0.0001939129 0.11480325 0.008018813 1.6993432e-06 7.719052e-06 3.917034e-09 0.0026331907 0.0016119283 6.673838e-06 1.6916038e-05 0.007085498 7.2298425e-09 0.0044619264 0.0068048746 1.956722e-07 1.1344874e-07 2.5453735e-06 1.5866863e-06 1.5405956e-07 0.00012271608 8.24561e-06 0.0021868611 4.711268e-06 1.028306e-10 0.00028049006 0.00018706774 6.708663e-09 4.0226887e-06 0.0007837914 9.574247e-06 0.003912422 0.0025468317 1.86904e-12 1.8956704e-05 1.7456055e-09 3.2517673e-07 0.028531853 9.359491e-06 1.3748251e-12 5.562886e-09 0.01236913 8.061317e-06
0.9717016 0.38911572 0.03389982 0.21925108 0.19116783 0.93932045 0.009773391 0.00073204964 0.34313375 0.00038997713 0.73951423 0.114057 0.7856767 1.7661692e-12 0.44762263 0.8334165 0.059756286 0.9321384 0.009804955 0.31330833 0.02734332 0.00019891412 4.167131e-06 3.5680416e-05 0.73456776 0.64350086 1.4194968e-06 0.0001633077 0.08602375 0.6801091 0.1689399 0.084666274 8.099156e-07 0.041496407 0.91835445 0.47446933 0.12000926 0.031318847 0.00012462576 0.071936 0.46902448 0.00035021742 0.0074819573 8.927886e-07 0.00057265797 2.2239472e-08 5.888551e-08 0.009074282 1.9390604e-06 0.14162794 0.16665353 2.2347501e-06 0.02840909 0.003032799 1.0529321e-07 1.3995208e-08 4.2638646e-08 0.00021012945 0.15970631 0.017598808 0.010762738 0.008106402 1.980754e-07 4.205776e-07 6.728821e-09 0.053479735 0.0016916313 1.6706744e-06 0.00070788513 0.00038143774 1.7263952e-08 0.02318354 0.045604974 8.085254e-08 1.24388855e-08 2.4611725e-05 2.120904e-06 1.1202976e-07 2.6260583e-05 0.000728279 0.00012849024 2.868878e-07 1.1035233e-09 0.00010667962 3.0163861e-05 3.4954237e-09 2.3552047e-05 0.0005319303 0.0011719678 0.0006896052 0.00088389625 1.2561642e-09 1.5239511e-06 6.039611e-08 4.84755e-07 0.010294799 3.0479518e-05 2.1419366e-09 1.4053655e-08 0.022235356 8.041174e-05
0.9846034 0.31465146 0.10078932 0.90403056 0.028855916 0.8184371 0.0017619876 0.0027916215 0.061023843 0.0037779228 0.92851293 0.88998145 0.18869361 0.44762263 3.7634965e-14 0.038163796 0.47651008 0.6291299 0.040984847 0.0763304 0.2729212 0.00012607941 8.319479e-06 0.00030061987 0.010162782 0.0017007724 4.6853074e-06 0.0048835645 0.007484099 0.3952695 0.9265468 0.00026215258 2.1371152e-07 0.009419832 0.55724245 0.16986504 0.40991852 0.34664938 0.0005056599 0.7838554 0.14671451 0.0051958733 0.0448071 5.618817e-07 0.016045215 5.8170954e-08 5.61427e-07 0.15742587 6.389972e-07 0.5384328 0.046609625 8.242441e-06 0.11661936 0.00981285 5.960325e-07 5.213503e-09 3.3713935e-08 0.0017732581 0.11853151 0.002128795 0.00784879 0.17147502 7.1373313e-07 9.4270206e-07 5.048425e-10 0.100448914 0.05197841 2.6077325e-07 0.000235546 1.5446136e-05 1.2595284e-08 0.02067758 0.39574057 1.5606165e-09 2.3726632e-07 8.30306e-07 2.252167e-05 5.63123e-09 0.0010519873 0.0005579448 2.1960348e-06 2.5799707e-05 1.3381461e-10 1.7822174e-05 0.0015445901 3.943509e-10 1.6923063e-06 0.054923486 0.0018623442 5.391704e-05 0.001840235 9.620544e-11 0.00029916668 8.3360064e-08 3.3901415e-06 0.0015724805 3.7858037e-05 2.0138295e-09 5.49447e-09 0.018874297 1.9530644e-05
0.94006515 0.27178937 0.051111657 0.053763587 0.46776932 0.4033628 0.104869224 0.002037891 0.7450368 0.0010250746 0.117043816 0.041481007 0.98132175 0.8334165 0.038163796 5.60241e-17 0.021990078 0.117004335 0.0017236859 0.9366791 0.007977688 0.0028861957 1.828261e-05 4.9805134e-05 0.1810506 0.030795032 4.7921185e-06 4.537231e-05 0.0041475296 0.13908838 0.009931281 0.004812671 9.092013e-06 0.6707727 0.5404332 0.07459437 0.0052773287 0.0015462326 0.00044416368 0.005599846 0.30624333 0.002367949 0.06416223 4.8140087e-06 5.647764e-05 8.4066085e-07 2.366784e-06 0.0008548959 9.1190407e-07 0.009932224 0.04610548 1.3665543e-05 0.0018206412 0.01297276 3.097453e-07 1.9131699e-08 1.4412994e-08 0.0003148718 0.45413035 0.00058155763 0.17170602 0.00031858645 3.4173482e-07 3.092138e-07 2.6018936e-08 0.00081899046 4.057602e-05 2.775472e-07 4.1828384e-06 0.009927062 5.458634e-08 0.009667633 0.0007219505 9.6842776e-08 8.523713e-09 2.1488442e-05 5.9154218e-08 2.3248974e-07 3.433345e-07 0.00039838956 0.0019863471 1.993414e-06 7.03888e-10 2.549687e-05 4.8458974e-06 1.7222929e-09 0.0008657059 1.3534482e-05 1.3562106e-05 0.0007900058 0.0015960969 5.1547835e-11 1.8945623e-07 2.1358263e-08 3.052104e-08 0.10495385 0.00033972086 4.4990565e-12 1.5834885e-07 0.035475742 9.591149e-05
0.9800417 0.6178202 0.80269086 0.803571 0.12935893 0.15901203 0.09056993 0.36025372 0.088187516 0.471118 0.237433 0.9421029 0.106747866 0.059756286 0.47651008 0.021990078 1.4086264e-19 0.03252315 0.78784525 0.045285147 0.9759342 0.031042019 0.008277327 0.04237385 0.0016032188 0.0007000118 0.0050584674 0.41619334 0.00072849705 0.011820797 0.3817178 3.988056e-05 0.0022901504 0.028037995 0.042717036 0.008178545 0.0045932396 0.49749908 0.081510924 0.3528102 0.030403795 0.10369616 0.44354826 0.0025720824 0.1898805 0.00039247263 0.0022501813 0.24081686 0.0011503404 0.026652293 0.011861926 0.00038887525 0.0052260137 0.066591665 0.00025534796 1.0977242e-05 2.519134e-05 0.027850939 0.077035114 5.2151045e-05 0.013774858 0.086991526 0.0002621343 0.0008370051 1.3508658e-06 0.0007773022 0.06587355 0.0003626014 5.775094e-07 0.00031172295 3.2582345e-06 0.0040375204 0.0026017663 2.2317597e-06 9.5902986e-05 3.017933e-06 0.00091109663 1.5774812e-06 0.007594402 0.00019490332 4.8442595e-05 0.001182829 1.2474578e-07 0.0025225373 0.0053801117 1.1943239e-05 1.7168551e-05 0.008268667 9.8225115e-05 0.00077976834 0.015605499 7.763649e-10 0.0009335613 5.263775e-08 0.00084343494 0.004223744 0.0001825819 1.465394e-11 1.8113418e-05 0.01592769 0.00023101305
0.90407866 0.10538239 0.0027748859 0.110674545 0.0040804585 0.8608745 0.000718412 4.2984037e-05 0.012426082 1.10099845e-05 0.9492607 0.13141258 0.07110105 0.9321384 0.6291299 0.117004335 0.03252315 1.2755559e-14 0.00138327 0.01418796 0.016728515 2.1833268e-05 1.8044769e-06 2.396658e-05 0.5788542 0.7719697 1.339795e-06 2.8644028e-05 0.7247359 0.7869169 0.3595048 0.49261415 1.308353e-06 0.0062715244 0.7707234 0.48296762 0.87796944 0.0017782456 1.1506058e-05 0.0732296 0.3221973 1.0100333e-05 0.00043203888 8.598962e-08 0.0002411776 1.4713729e-08 2.7524578e-07 0.0053509474 2.2566365e-07 0.63936055 0.15286668 1.4355352e-06 0.40359965 0.0005334139 7.055191e-08 4.490593e-09 6.4309074e-09 0.000111041874 0.038389992 0.29594398 0.0018823564 0.0037623993 2.9252274e-07 1.7808307e-07 6.258818e-09 0.16306578 0.00032713148 6.4024766e-07 0.023061546 4.6154644e-05 7.50709e-08 0.03583557 0.06481261 7.530318e-09 1.4044652e-08 0.00079182733 1.9011792e-07 6.4073262e-09 1.074253e-06 0.007970475 1.5671043e-05 4.803601e-07 1.4949477e-09 1.3055374e-06 1.0326523e-05 4.953528e-10 0.0007005845 6.2776184e-05 0.00984634 2.3596542e-05 5.317517e-05 7.1634894e-09 3.2363508e-07 3.5802389e-06 6.699715e-08 0.0033436308 0.00015210125 1.3614174e-07 2.0475422e-08 0.022734135 0.00023644422
0.98954445 0.2915879 0.6844893 0.27261597 0.076336 0.016856527 0.0787569 0.5573345 0.034062486 0.81753886 0.011145511 0.3669624 0.01953002 0.009804955 0.040984847 0.0017236859 0.78784525 0.00138327 1.8962434e-20 0.008590944 0.98013395 0.13095388 0.049377598 0.16893534 2.1146601e-05 1.7965654e-05 0.023278674 0.8999267 7.3663956e-05 0.0006807324 0.0370566 5.7697625e-06 0.0044587892 0.012467028 0.005176327 0.0010191271 0.00011366475 0.3457823 0.33633047 0.06836081 0.0027309824 0.39121976 0.2263211 0.0060240314 0.4373254 0.0026102224 0.030719351 0.11296487 0.0055853473 0.002514587 0.001360084 0.0015307965 0.00044004465 0.17351536 0.0010975971 0.00032478542 0.00061710493 0.1261394 0.041399248 5.814907e-07 0.011896365 0.03249658 0.0020319824 0.009277732 0.00025015915 0.00012817484 0.073063314 0.005103984 1.3487972e-08 0.00045560568 0.00041975817 0.0013814744 0.00010392792 9.394282e-05 0.0008720453 1.7887448e-08 0.012353857 0.00013683036 0.035286732 1.449466e-05 3.626674e-05 0.004557613 2.6127623e-06 0.0077881226 0.027962435 0.00019299009 1.4166926e-07 0.007530553 2.2528435e-05 0.0005969217 0.040399153 8.4845485e-11 0.00314276 2.6410332e-08 0.0063868077 0.0018886419 9.905595e-05 2.7332265e-13 0.00012038099 0.0072409366 4.0637322e-05
0.9878692 0.23020847 0.10371789 0.1474865 0.6768914 0.15421434 0.22710837 0.01784677 0.9250908 0.007193791 0.07228679 0.09299549 0.9231846 0.31330833 0.0763304 0.9366791 0.045285147 0.01418796 0.008590944 7.819884e-14 0.016260566 0.0045181033 0.00037771612 0.00057583215 0.011621052 0.0035934963 2.3110988e-05 0.00018988267 0.00041081227 0.008837122 0.019688787 0.00017393482 2.0619324e-05 0.9038959 0.19735503 0.0024689625 0.0017360582 0.034793887 0.0020241146 0.02649043 0.06547155 0.015034406 0.3042114 3.8738483e-05 0.00028629435 1.2998264e-06 1.2737929e-05 0.0072143613 6.599619e-05 0.004639483 0.006485731 2.7281905e-05 0.005631666 0.067904405 2.7849392e-06 1.0211053e-07 1.8470574e-06 0.0013021653 0.42634845 0.000104588806 0.28906122 0.0034795944 7.91793e-06 1.4759342e-05 1.03455164e-07 0.00110306 0.0003920871 1.5507463e-05 8.056551e-06 0.02094772 2.0793651e-07 0.0035604786 0.0015594742 8.357355e-06 5.2066616e-07 2.3385633e-06 2.6162284e-06 1.5727563e-05 5.048169e-05 2.6502668e-05 0.004877765 1.9247957e-05 3.9186627e-09 0.0006343469 1.3063501e-05 3.2462393e-07 7.6973985e-05 0.00064849784 2.1725637e-05 0.0058415094 0.0032300793 2.3795865e-10 2.5465013e-05 1.3188062e-09 1.6625158e-06 0.07326358 4.301028e-05 6.1508805e-11 1.0831318e-06 0.018441813 1.2346813e-05
0.93265253 0.30327964 0.5888498 0.53917915 0.06833718 0.09357173 0.058549453 0.30114648 0.036213983 0.5403479 0.060862392 0.6942761 0.04525274 0.02734332 0.2729212 0.007977688 0.9759342 0.016728515 0.98013395 0.016260566 3.968716e-19 0.04091452 0.024336338 0.08337956 0.0006989941 0.00014366624 0.012123153 0.7795401 0.00066184165 0.0044848076 0.27850828 6.44779e-05 0.005104586 0.011297392 0.013023149 0.0019143976 0.002408295 0.700167 0.09214915 0.375064 0.009129161 0.110306144 0.19041842 0.004622022 0.54371715 0.0020423795 0.0028138384 0.4549414 0.003623026 0.016494052 0.0020791888 0.00084153644 0.004122648 0.038726933 0.0010535164 0.000100040335 0.00030811064 0.017023254 0.016636541 8.6915554e-07 0.0027853868 0.11093606 0.0006241643 0.00064296817 1.811766e-06 0.0011248852 0.12874193 0.0034487578 2.0715409e-07 0.00010430254 8.687084e-06 0.00029371594 0.00088677544 6.7292476e-08 0.00027009295 7.603423e-08 0.00670726 2.7739942e-08 0.020647544 2.7676379e-05 5.2442283e-06 0.0031053682 9.5111295e-07 0.0003414632 0.028302051 2.70259e-05 2.4608356e-08 0.015934803 3.6756064e-05 0.00044398537 0.010074903 6.185858e-11 0.0030789226 1.0719191e-07 0.0049922974 0.0019543918 1.9631827e-06 4.805316e-12 6.76402e-07 0.009854113 0.00010504514
0.89634925 0.061646305 0.30447948 0.0023298515 0.13292359 0.00064891763 0.96602 0.85986114 0.031175345 0.66956663 0.000804989 0.0047294283 0.0062642912 0.00019891412 0.00012607941 0.0028861957 0.031042019 2.1833268e-05 0.13095388 0.0045181033 0.04091452 3.2488694e-14 0.8054813 0.5113569 0.00014316007 0.00017361101 0.36393964 0.03859274 1.34397515e-05 2.9563475e-06 0.00013651077 4.0257488e-05 0.8771065 0.081861496 0.00061717525 6.0342085e-05 2.1198755e-05 0.0023219825 0.90721035 0.0005765228 0.003347648 0.82175255 0.019649979 0.36434028 0.0043999306 0.20891714 0.5575865 0.00082060177 0.06542946 0.00016062688 0.00115935 0.08985842 0.00013070474 0.2470943 0.027342303 0.0054749693 0.0064926213 0.4773111 0.0060955347 7.0326478e-06 0.014722314 0.00011343182 0.0151926875 0.06257604 0.0018280101 7.476148e-06 0.004372863 0.011483549 1.01856685e-07 0.0067937886 0.0006929661 0.00049407536 3.2060045e-06 0.04106515 0.005686105 1.7683758e-06 0.023077188 0.08514421 0.026765335 5.8701603e-06 0.012880652 0.008953523 1.8268998e-05 0.03740625 0.0152052315 0.0004671263 8.016617e-05 1.2547396e-05 3.895561e-07 0.009129436 0.06300747 6.579856e-10 0.00013327376 1.3596352e-08 0.000563194 0.021821989 4.700291e-06 5.2178647e-11 0.0009024537 0.0020637563 4.846942e-06
0.95104676 0.0008453036 0.019940497 8.451263e-05 0.0024267114 2.8749393e-05 0.06366603 0.4615064 0.0008452552 0.52519196 5.6251174e-05 0.0012027514 0.00024857768 4.167131e-06 8.319479e-06 1.828261e-05 0.008277327 1.8044769e-06 0.049377598 0.00037771612 0.024336338 0.8054813 9.036159e-20 0.96577793 1.0556504e-06 1.0911513e-06 0.97332484 0.30106273 4.1313947e-06 4.6479877e-07 1.21574685e-05 2.6299e-07 0.67996234 0.00748311 0.00013424797 4.4813953e-07 9.1923584e-07 0.0012233212 0.87235993 0.0004912816 0.00011386568 0.571076 0.00616712 0.23925324 0.012899135 0.46522543 0.5967452 0.0008492249 0.3491619 9.054511e-06 3.0475014e-05 0.3982669 3.743348e-06 0.16955581 0.10555011 0.030804597 0.03603193 0.60267794 0.005617237 2.4877497e-08 0.009395685 4.4507804e-05 0.06542098 0.15268783 0.0018831786 1.8530545e-06 0.0026934172 0.019766508 1.8763546e-09 0.0009508645 0.0018481546 3.1045925e-05 2.5858049e-06 0.023491401 0.010341347 7.096002e-08 0.06025957 0.019968819 0.014162065 6.911464e-08 0.0002175791 0.017895812 1.9707266e-05 0.030727541 0.017408088 0.0008606553 1.9032339e-06 2.4303681e-05 1.533004e-07 0.0010551391 0.04421574 9.858387e-11 9.95425e-05 9.0427686e-11 0.004082814 0.001540831 7.456338e-06 1.7762178e-14 0.00067293545 0.0005439812 4.4259681e-07
0.89105684 0.0045132698 0.048210397 0.0015804787 0.0042458493 0.00037005416 0.047535103 0.50366455 0.0018378856 0.7115087 0.00012980512 0.004690525 0.0005581167 3.5680416e-05 0.00030061987 4.9805134e-05 0.04237385 2.396658e-05 0.16893534 0.00057583215 0.08337956 0.5113569 0.96577793 3.035897e-17 6.598174e-06 2.871789e-06 0.97946054 0.9436913 3.1920885e-05 1.2728347e-05 0.0002406728 6.9720153e-07 0.11216559 0.007451786 0.00033709191 5.7568354e-06 8.979663e-06 0.03153622 0.73710877 0.0014324781 0.0003425813 0.40417033 0.010116613 0.11962673 0.09233753 0.10941998 0.23305957 0.009320073 0.45980397 2.9384131e-05 0.00012679397 0.10360529 2.6682776e-05 0.07834367 0.0136704 0.014164519 0.03314242 0.2877712 0.0027659729 1.5549179e-07 0.0018327493 0.0027141834 0.010220291 0.041457307 0.00025559476 2.7015489e-05 0.040868957 0.052502267 5.0350035e-09 0.0001886101 0.00017822998 5.677557e-05 6.4754804e-06 0.00019949391 0.018862471 3.0503344e-08 0.18065585 1.1977331e-05 0.10849034 5.473269e-07 4.1323707e-05 0.022773217 3.5760026e-05 0.0032583233 0.17951056 5.259818e-05 1.8650385e-07 0.000118519514 4.1148976e-07 0.00071263476 0.019860078 2.705052e-11 0.001192562 5.2915943e-09 0.011586167 0.0008915929 2.375381e-06 7.3227714e-13 3.3578524e-06 0.0010906239 1.1798035e-06
0.8642085 0.0011390364 0.00016747118 0.0023482528 0.00057843636 0.082768634 7.608207e-05 1.4884254e-05 0.0032670624 4.5296374e-06 0.05130046 0.0022362417 0.028745927 0.73456776 0.010162782 0.1810506 0.0016032188 0.5788542 2.1146601e-05 0.011621052 0.0006989941 0.00014316007 1.0556504e-06 6.598174e-06 8.698796e-16 0.9704246 3.3201522e-07 2.6613234e-06 0.67027044 0.88186574 0.005762301 0.85588336 2.8860109e-06 0.024999319 0.52936715 0.9112699 0.10138844 7.8726436e-05 5.2298997e-06 0.003546885 0.8822956 9.167637e-05 0.00030688633 5.8636004e-07 3.9889273e-05 4.179807e-08 3.4458526e-07 0.00015139561 1.1538777e-06 0.019472303 0.730236 7.831711e-07 0.025433755 0.0007479631 4.451852e-08 1.7516088e-07 9.501092e-09 5.0692463e-05 0.12695031 0.28499845 0.012129397 2.4326127e-05 9.674382e-08 1.545754e-07 6.193411e-08 0.022459796 6.378149e-07 3.8747103e-08 0.0034671463 0.00053827366 3.1807033e-08 0.12508148 0.0026422516 2.6361212e-08 1.4067058e-09 0.0040329583 3.7023625e-08 2.6459087e-08 2.2911723e-07 0.013055044 0.00023029001 1.3769077e-06 5.3556253e-09 2.1501603e-05 3.035982e-07 2.1260425e-09 0.009398386 1.6292539e-05 0.001730099 0.00019497712 0.0002666534 3.3571286e-08 1.8873074e-07 6.04687e-07 8.3463e-08 0.032513164 0.0011328928 1.12048495e-08 5.1072192e-08 0.05946746 0.0003631272
0.24673551 0.0007267938 0.00017556001 0.0003037533 0.00014470483 0.062590204 0.00016407075 5.82624e-06 0.00072656374 1.4430487e-06 0.047971725 0.0008443709 0.0053610126 0.64350086 0.0017007724 0.030795032 0.0007000118 0.7719697 1.7965654e-05 0.0035934963 0.00014366624 0.00017361101 1.0911513e-06 2.871789e-06 0.9704246 1.3554801e-18 2.832217e-07 1.8164752e-06 0.3827136 0.63672495 0.0012582813 0.99048275 3.186104e-06 0.007601604 0.18892808 0.7405345 0.07043423 6.821758e-06 1.2321547e-05 0.00012403633 0.59182453 0.0001776647 0.00031453537 9.296543e-08 3.3376843e-06 1.4931724e-07 3.8032744e-07 8.865429e-06 7.898381e-08 0.0075778384 0.42026058 1.7193662e-06 0.010841209 0.00040813087 4.610337e-08 8.281095e-08 4.0623618e-10 7.3523865e-05 0.03078838 0.19153488 0.0016130824 5.6821964e-06 3.9947192e-08 1.363062e-07 9.787552e-10 0.0018604626 4.667417e-07 8.927766e-09 0.001187103 0.00018247223 1.1479621e-09 0.042577382 7.117192e-05 3.8210649e-10 5.850133e-11 0.0034044252 8.149025e-08 2.5874463e-09 1.4963977e-08 0.0028052165 3.149693e-05 2.4181322e-08 2.637426e-10 1.6501248e-07 6.6586335e-07 8.754027e-11 0.0006811137 2.1159804e-06 0.00027898117 4.229512e-05 0.00014975456 1.2938268e-08 1.1543344e-08 6.9001595e-07 1.633386e-09 0.006482379 4.3735905e-05 8.826769e-09 1.1610548e-10 0.014330883 0.00021023749
0.91907895 0.0001512066 0.00226383 4.4077293e-05 0.00038639785 4.1234207e-06 0.0064353836 0.09698302 0.00012652786 0.19698153 1.0207559e-05 0.00047238835 2.3834673e-05 1.4194968e-06 4.6853074e-06 4.7921185e-06 0.0050584674 1.339795e-06 0.023278674 2.3110988e-05 0.012123153 0.36393964 0.97332484 0.97946054 3.3201522e-07 2.832217e-07 1.0063673e-16 0.50028604 1.3489733e-06 1.5812828e-08 4.542663e-06 7.407017e-08 0.6786604 0.0016948561 3.861324e-06 3.1602337e-08 1.1131563e-06 0.00456852 0.66650987 0.00022096795 1.2170067e-05 0.29058143 0.0005166008 0.5571102 0.03688818 0.6252684 0.6739445 0.0014514261 0.74260676 6.98453e-06 1.0428365e-06 0.79982066 3.484954e-06 0.06330316 0.29305455 0.11219288 0.10928222 0.57466936 0.0050716503 4.541387e-09 0.0018835074 9.054886e-05 0.057968177 0.17865679 0.0030813345 1.2812717e-06 0.0031831968 0.14172666 2.4693023e-09 0.00013191013 0.004306448 6.9375296e-06 3.644193e-07 0.014240162 0.050469525 4.7031845e-09 0.3670374 0.008916694 0.07275802 4.517982e-09 2.9297082e-05 0.07190362 0.0018320347 0.018827999 0.08672649 0.0004031349 3.7999044e-08 2.9987295e-05 9.032957e-08 0.0003573558 0.034113545 1.7897512e-12 0.00027115212 1.3067791e-10 0.013354183 0.0010651224 1.2403129e-07 1.01900435e-14 0.0003453477 0.00020176795 2.7502866e-08
0.92626274 0.013314418 0.1358106 0.016163087 0.0036572998 0.0010486912 0.0109914215 0.47791383 0.0007155778 0.7218092 0.001121156 0.047020994 0.000711724 0.0001633077 0.0048835645 4.537231e-05 0.41619334 2.8644028e-05 0.8999267 0.00018988267 0.7795401 0.03859274 0.30106273 0.9436913 2.6613234e-06 1.8164752e-06 0.50028604 9.46358e-17 4.2804742e-05 0.00028430053 0.020697016 5.838524e-07 0.035642166 0.00049581873 0.0013271531 0.00033857688 0.0002122794 0.4842238 0.6456706 0.06607775 0.00047533045 0.16036315 0.027543377 0.22328074 0.9333333 0.03644609 0.09406753 0.24473824 0.69185257 0.002496377 0.00029421804 0.01219118 0.0030468274 0.015616574 0.0031640627 0.03369906 0.11255151 0.046663005 0.0020126011 8.1712227e-07 0.00014666015 0.13788782 0.0050229593 0.019833352 0.0015893193 0.0003666913 0.40728086 0.65372986 2.7042513e-06 1.147711e-06 0.0043473262 0.00021875986 0.0008328574 0.00011016513 0.16676879 7.459873e-08 0.8121457 7.0184804e-05 0.7887449 1.3173294e-05 9.4925343e-07 0.5175484 0.0040468452 0.0017545794 0.8188438 0.00010814681 1.1433597e-06 0.03237729 0.00020842443 3.424957e-05 0.011703634 1.08549045e-10 0.04738194 3.83641e-07 0.17786925 0.00012130733 3.3428626e-07 3.5922293e-10 9.966899e-06 0.0011872405 1.8079007e-05
0.97212833 0.0002952344 0.00020138308 0.00030915675 0.00016744292 0.008537674 6.695638e-05 2.2397588e-05 0.0003877694 1.1235106e-05 0.020060817 0.0019462934 0.0009461076 0.08602375 0.007484099 0.0041475296 0.00072849705 0.7247359 7.3663956e-05 0.00041081227 0.00066184165 1.34397515e-05 4.1313947e-06 3.1920885e-05 0.67027044 0.3827136 1.3489733e-06 4.2804742e-05 3.6143064e-09 0.7494046 0.020100836 0.15693928 1.40906415e-08 0.0013704344 0.35432324 0.8965125 0.9624873 0.00030135585 3.27189e-05 0.0038894275 0.57961565 8.815929e-06 0.00025130357 6.38878e-08 3.71116e-05 1.7575331e-06 1.5362473e-07 0.00023554354 2.2759154e-05 0.7729638 0.5521671 5.8174232e-06 0.64021623 0.00011004919 3.240282e-07 2.8157643e-07 1.5158173e-07 5.9223403e-05 0.080295555 0.111367725 0.001334354 0.00054914353 2.614153e-06 8.8201e-06 3.073073e-09 0.6261831 0.00033879007 2.6878284e-05 0.16431859 5.2989435e-05 4.5818727e-08 0.09076569 0.06618364 7.68731e-09 5.634357e-07 0.00010463731 4.2708834e-05 8.326519e-08 0.00041836163 0.002056318 9.358821e-06 3.8037244e-05 1.8594035e-07 1.5046768e-07 0.00028160666 6.372731e-07 6.3501146e-05 0.000506575 0.10850229 3.470838e-06 6.101606e-05 5.988442e-07 2.5755186e-05 3.3554505e-05 3.624396e-05 0.0072486713 3.0441926e-05 2.7939213e-05 5.737807e-09 0.04729417 5.066583e-05
0.9835921 0.012671147 0.0022281916 0.04017764 0.002001526 0.22278944 0.00015463801 2.3630162e-05 0.0063898116 6.1902056e-06 0.28553018 0.03180668 0.02085426 0.6801091 0.3952695 0.13908838 0.011820797 0.7869169 0.0006807324 0.008837122 0.0044848076 2.9563475e-06 4.6479877e-07 1.2728347e-05 0.88186574 0.63672495 1.5812828e-08 0.00028430053 0.7494046 9.1282704e-11 0.20068048 0.5038643 5.4832814e-08 0.010173754 0.87437016 0.87860006 0.7853652 0.00706021 1.5779116e-06 0.0798693 0.84401816 3.5835867e-06 0.00021334366 2.381101e-08 0.00075653126 3.4975727e-08 1.2145943e-08 0.0055842893 5.924034e-07 0.52653706 0.570362 9.349232e-06 0.24037261 0.00015058261 2.3823902e-07 2.7459817e-09 4.8266613e-09 9.274282e-06 0.21945286 0.30009842 0.0020961068 0.006896733 1.222462e-07 1.2941607e-07 1.15673554e-10 0.24236938 0.0001841888 6.559566e-07 0.1711775 0.000298932 5.444425e-10 0.12528016 0.10013434 7.319165e-10 5.7512217e-08 0.00029461845 3.4130576e-06 6.6913723e-09 0.00011381335 0.00082132325 0.00031491596 4.8559086e-06 2.9097363e-10 3.942594e-07 7.8434394e-05 8.122655e-09 0.00023005118 0.00015810161 0.09488602 9.289086e-05 0.00021333736 1.5481564e-08 7.119965e-06 2.6205907e-06 3.6598678e-06 0.019090753 1.8858575e-05 7.2343994e-08 5.4144556e-10 0.08654448 8.113916e-05
0.8752955 0.051941246 0.041779112 0.65926754 0.0063020983 0.3308869 0.00026489742 0.0021353522 0.02183303 0.009716111 0.45471072 0.66388196 0.07396862 0.1689399 0.9265468 0.009931281 0.3817178 0.3595048 0.0370566 0.019688787 0.27850828 0.00013651077 1.21574685e-05 0.0002406728 0.005762301 0.0012582813 4.542663e-06 0.020697016 0.020100836 0.20068048 6.8009e-19 5.215239e-05 5.6534975e-07 0.0033675586 0.35283756 0.05431956 0.5335392 0.516525 0.0016956409 0.9881176 0.028276393 0.0018266012 0.06823337 5.879739e-07 0.026669543 2.8915141e-05 4.8463685e-06 0.50873065 1.6100991e-07 0.8764844 0.008333512 5.8860223e-05 0.23955025 0.0026828116 1.2034994e-05 5.9180256e-09 4.743355e-09 0.00078544393 0.029179778 0.047657546 0.004040785 0.2701823 4.980522e-07 1.7735025e-05 1.4563619e-09 0.05811766 0.048510745 2.3700963e-07 0.0012184113 1.1692492e-05 4.944573e-09 0.006599411 0.45623174 5.410958e-09 5.175401e-08 8.474518e-06 5.539596e-06 2.3579423e-09 0.0006628488 0.0011229247 6.603931e-07 2.8902183e-05 5.50072e-09 2.4592768e-05 0.001013669 6.217056e-09 8.674882e-06 0.06916401 0.016645461 1.6464042e-05 0.0031244424 1.9848858e-09 0.00048722 8.1732264e-07 7.153495e-05 0.002256147 8.070852e-05 4.410058e-07 3.384222e-07 0.026428591 0.00011538866
