1.8109456e-15 0.758182 0.5117575 0.46789566 0.94994205 0.5466328 0.6190351 0.8373032 0.34716097 0.48704603 0.88440305 0.11367167 0.99366325 0.82823163 0.99276924 0.97087485 0.86641365 0.90957904 0.8638675 0.051796917 0.9549527 0.9568801 0.89217645 0.0042190696 0.9622298 0.8510574 0.9152586 0.0015511345 0.012245042 0.9746528 0.010414764 0.26753047 0.92086464 0.01852341 0.92952317 0.05170233 0.9875114 0.00014718853 0.99380165 0.9690292 0.08547877 0.0004217139 0.99482006 0.9861919 0.9817617 0.93233466 0.9893243 0.9847294 0.97634524 0.008338513 0.07204488 0.9375299 0.9717981 0.9953776 0.67781335 0.062112395 0.87088114 0.0006610598 2.3892775e-05 0.85272044 0.9890895 0.97670066 0.050736096 9.201977e-06 0.73155826 0.931412 0.003205464 0.72203326 0.0063931304 0.98718756 0.98332775 0.88826734 0.9466419 0.9783836 0.9823645 0.9566042 0.9379642 0.64262056 0.9686836 0.978875 0.91735095 0.98711437 0.7428136 0.91888005 0.9852538 0.9979151 0.6694605 0.99946856 0.0060283677 0.92718214 0.96525127 0.7947064 0.9182654 0.9818862 0.998822 0.9672641 0.9987633 0.99650985 0.052300137 0.99586016 0.7653457
0.758182 1.026089e-12 0.9312233 0.8384952 0.9392958 0.96629596 0.3374998 0.8383462 0.065066434 0.05698359 0.02145997 0.30815652 0.95127 0.018358912 0.00035719565 0.85291934 0.5704515 0.024120003 0.016399262 0.1620837 0.031119797 0.0014144665 0.002110689 0.33418518 0.020415913 0.0009876881 0.00056325126 0.00033714355 0.00019771149 0.0019786172 3.5705776e-05 0.017960928 0.10601765 3.271435e-05 0.0034139694 0.059176028 0.16896257 3.258735e-06 4.0736657e-05 0.02718191 2.2269738e-08 0.0055526416 1.1287457e-06 3.8980234e-06 1.0950495e-05 0.0027215434 0.03255852 0.00022263521 0.000562026 2.08873e-07 1.5455167e-07 1.1971022e-06 0.00045360177 5.9640206e-07 0.0018405798 4.2626835e-09 0.00030186411 3.1110844e-08 7.391196e-08 0.00037279667 0.00020031369 2.0947487e-05 0.003813477 8.804543e-12 0.0003094039 0.00045003986 0.003471464 0.0006153886 0.00052662584 0.005704165 0.018001106 4.5686458e-05 0.0010065247 0.00032435797 1.3403617e-05 4.4647582e-05 3.953247e-06 0.00094567944 1.2904314e-05 2.9497435e-06 4.0568643e-06 7.770899e-05 0.00013386123 0.0020029 9.7685215e-06 0.0069092214 0.0011022977 0.00082880177 0.0010602154 1.4409861e-06 2.4295338e-07 0.003452873 9.958423e-06 6.5091867e-06 0.0010676032 1.6635142e-05 4.9401522e-05 2.8506422e-06 0.00036186248 9.694563e-06 0.00031404741
0.5117575 0.9312233 1.1571626e-12 0.9976137 0.30823085 0.73574626 0.8957541 0.8075631 0.5000691 0.24510935 0.6774935 0.30085236 0.20414394 0.43229768 2.609977e-05 0.7668126 0.050026752 0.00062636996 0.00075686036 0.11914955 0.00701038 0.012960604 1.666304e-05 0.06976866 0.04964688 0.01680534 2.0974972e-05 0.0009080129 0.002155893 0.00011544854 0.0016247322 0.00039597676 0.6326379 0.0016801237 0.00036657415 0.0036975555 0.31323364 8.613072e-06 1.5341484e-06 0.0049961107 1.0599908e-07 0.00038384268 1.7803707e-07 2.2034577e-07 4.5757793e-07 0.053479183 0.0006733916 8.00394e-06 2.936906e-05 5.042375e-09 3.9270958e-07 1.1323927e-05 2.6866162e-05 4.114117e-07 0.00021499339 7.8831563e-10 1.8969016e-05 2.7761114e-08 4.3060446e-08 5.3999116e-05 0.0008553264 2.6537987e-06 6.5516266e-05 2.455673e-12 0.0021368037 1.4593987e-05 7.820169e-06 0.0031739858 3.152788e-07 0.00011972895 0.037956886 3.003903e-06 0.00014227144 5.530688e-05 8.7117786e-07 1.1802891e-05 1.552416e-06 0.0021336426 7.839685e-07 1.2514145e-06 4.0202318e-07 4.0280494e-05 1.2831922e-05 1.7449316e-05 1.8902265e-06 0.0069031385 4.2413767e-06 0.0023151028 0.00010363269 3.019696e-07 1.5230205e-07 0.003162115 1.9595766e-06 6.072004e-06 0.0012734085 2.5353228e-07 2.1425456e-05 1.4332609e-07 2.44409e-06 7.292106e-06 2.7431815e-05
0.46789566 0.8384952 0.9976137 4.603164e-13 0.4632578 0.41641903 0.3336481 0.9642265 0.062068336 0.01902721 0.21950755 0.03599753 0.6098176 0.13258749 1.6953798e-05 0.80573815 0.04199793 0.0048927576 0.00058136054 0.009729241 0.06003749 0.003093778 0.00022006032 0.009033863 0.01915423 0.0018317193 0.00011592206 3.3283868e-06 9.335774e-05 0.00019899837 2.8668734e-05 0.0003092685 0.6985624 0.00015899765 0.0009285344 0.001594656 0.19104116 1.5273281e-06 1.1749158e-06 0.031095328 5.508492e-08 9.292727e-05 1.4762269e-07 6.676152e-07 2.1031528e-06 0.023154626 0.0025708366 5.7223674e-06 0.00012373259 5.0425863e-09 1.0456792e-07 2.3949592e-06 3.2383392e-05 1.3060797e-07 0.00021454706 3.4366454e-10 3.0121377e-05 1.2023176e-07 3.224728e-08 4.0940307e-05 0.00058631063 5.5798596e-06 9.158862e-05 3.467132e-12 0.0023939284 4.7355818e-05 3.7539285e-05 0.0021496722 1.4798445e-06 0.00068176055 0.024222346 2.3553632e-06 0.00065450947 0.00026520932 2.2554996e-06 2.9343053e-05 1.9798374e-06 0.0013275308 2.1459882e-06 2.086981e-06 2.7236733e-06 0.0002620036 1.8386963e-05 6.746543e-05 4.8650027e-06 0.0062765023 3.6394973e-05 0.0020578986 0.00021348431 6.4594624e-06 1.1536604e-07 0.0029390943 9.377373e-07 2.57327e-05 0.0005461337 3.7597465e-07 8.277847e-05 2.1581535e-07 1.9375384e-05 1.4084618e-05 3.72834e-05
0.94994205 0.9392958 0.30823085 0.4632578 2.076136e-12 0.73595166 0.0040577515 0.7358729 0.000249225 0.00022193014 0.0012838269 0.0012779562 0.89975417 0.0004023506 0.35109353 0.41944367 0.9570069 0.8884999 0.7509932 0.0021365683 0.7366909 2.2081025e-05 0.317392 0.043672517 0.0012118402 2.5992165e-05 0.07602143 1.2724253e-06 4.4979566e-07 0.27706486 8.716669e-08 0.31399128 0.24158797 4.758457e-07 0.14625818 0.121462524 0.055109594 1.3333101e-07 0.0059139566 0.46503812 1.391187e-09 0.0015498622 0.00013373057 0.0002593231 0.0016422934 0.0018165819 0.39924994 0.0077479114 0.039526377 3.014544e-08 1.4015036e-07 4.876883e-07 0.030906288 1.3526625e-05 0.035045598 9.3339815e-11 0.012813996 1.6415978e-08 7.157917e-09 0.0037465252 2.0377393e-05 0.00060591544 0.07765499 1.09183955e-11 0.00049287337 0.026705157 0.009751506 0.0011869689 0.013158171 0.06898397 0.04535447 0.0016115218 0.011936954 0.004114084 0.00014559587 0.001315484 0.00015241213 0.00070104696 0.00011439204 5.32898e-05 0.00031324307 0.0006741556 0.0023743894 0.05197064 0.00027907192 0.014083067 0.050273336 0.0034573034 0.024430338 0.00044104963 1.0119559e-05 0.0041317483 2.9625442e-05 0.00010793496 0.0011554735 9.874149e-05 0.00053073565 9.868586e-05 0.0071049146 0.00015138983 0.0040199086
0.5466328 0.96629596 0.73574626 0.41641903 0.73595166 1.9058434e-14 0.6906517 0.7235167 0.4006173 0.48849955 0.27063236 0.9108416 0.85735995 0.04758144 0.00033417135 0.8023755 0.7399936 0.0047363136 0.0023817997 0.92628485 0.0026722825 0.007078528 0.00090281136 0.9648265 0.016662573 0.00078190403 0.000180035 0.17414434 0.003476256 0.0002260666 9.695132e-05 0.017416233 0.016769063 5.134639e-05 0.0015097093 0.4048079 0.22367877 0.00015217338 4.61425e-05 0.0031784554 9.712876e-08 0.16731316 3.430892e-06 7.372485e-06 4.4754056e-06 0.00070643995 0.006795345 0.00033069417 0.00028636123 3.272157e-08 3.7871988e-08 1.9466386e-06 2.5844278e-05 3.8040419e-06 0.00077746797 3.6741161e-09 9.648723e-06 1.1010009e-08 1.2233387e-06 4.5568254e-06 0.00058733387 3.942346e-05 0.006413698 5.657922e-12 3.0194748e-05 9.953264e-05 0.037414595 2.8506845e-05 0.000119018914 0.0025774674 0.006771641 8.565244e-06 0.0001483653 0.0002119062 1.5213598e-05 5.0745452e-06 4.0590916e-07 9.097767e-05 5.3555897e-07 2.1992717e-07 1.3593014e-07 9.741964e-07 1.3115355e-05 0.00021279645 9.549293e-07 0.0018727133 0.0003452226 5.896827e-05 0.0032429285 6.490764e-08 2.7943274e-08 0.0007472078 1.9198449e-06 5.02806e-07 0.00087913044 2.5062132e-05 3.294712e-06 4.0233695e-05 0.00019410349 1.1249092e-06 0.00029128743
0.6190351 0.3374998 0.8957541 0.3336481 0.0040577515 0.6906517 2.4658942e-13 0.1950593 0.99637604 0.92955166 0.9435825 0.7772106 0.012061105 0.6113446 1.00725146e-07 0.6091845 0.0043929475 5.8391313e-05 9.814005e-06 0.34542683 0.00021383254 0.3593931 1.2098181e-05 0.101915665 0.21153602 0.4797205 4.360665e-06 0.033736996 0.113100916 5.7141547e-06 0.058756713 1.4096014e-05 0.053188846 0.027670205 8.374713e-05 0.010402926 0.4862243 0.0032377632 2.1253134e-08 0.00066020736 0.0005103008 0.0013961362 8.298849e-09 2.1150944e-08 1.938626e-08 0.026587158 2.7442073e-05 3.1754675e-07 3.953292e-06 3.568133e-07 2.3741322e-07 1.8659051e-05 1.5481994e-06 2.1500009e-08 0.00040211354 3.7326694e-07 6.663293e-06 7.6628345e-07 7.409515e-05 1.7654851e-05 0.009285013 4.7256472e-07 1.6883803e-05 8.621831e-10 0.0017465975 1.1780787e-06 0.00088132103 0.0009690289 4.5077908e-07 3.4146185e-05 0.0127630215 3.9532938e-07 4.2913012e-05 3.6812755e-05 3.7086952e-08 6.417344e-07 1.7632824e-07 0.00055685156 6.8935066e-08 1.5357799e-07 2.3295868e-07 1.2790699e-05 1.3891556e-06 5.4901475e-06 6.974791e-08 0.0026977758 1.3549571e-06 0.00027330566 0.00017635507 4.7812076e-08 1.3092802e-08 0.0014612355 3.894391e-07 7.0356555e-07 0.00164765 8.183447e-08 3.0441101e-06 1.6610285e-07 4.7453536e-06 9.5352055e-07 1.7412169e-06
0.8373032 0.8383462 0.8075631 0.9642265 0.7358729 0.7235167 0.1950593 2.6438704e-12 0.038387787 0.032261506 0.049905114 0.082834505 0.9479872 0.05511315 0.00089460745 0.95919883 0.46775824 0.064736485 0.029163517 0.023111805 0.37538168 0.003277917 0.0016519774 0.019295758 0.022929963 0.0034530065 0.0003921043 1.3835096e-05 0.00010857846 0.0037831436 3.125745e-05 0.010165142 0.91480726 7.726589e-05 0.006957301 0.021547468 0.31026825 9.596506e-06 1.7842607e-06 0.2190209 2.269255e-07 0.00099911 1.7677343e-07 1.4995506e-06 2.6535504e-06 0.018987594 0.028391303 9.446699e-06 0.00037938813 1.6812582e-08 2.2550433e-08 6.7708074e-06 0.000889893 2.367496e-07 0.008373687 2.479831e-10 0.0003292934 1.0590747e-08 6.746186e-08 0.0002794962 0.0005549312 5.145715e-06 0.001983778 2.6686209e-11 0.0034378504 0.00075168983 0.0008900432 0.003566861 6.4823915e-05 0.0056113694 0.11167906 4.47112e-05 0.0015481435 0.0005436112 3.9232236e-06 0.00033816544 1.0952166e-05 0.0054223835 5.11943e-06 1.9738056e-05 1.1054204e-05 0.00050968514 5.641976e-05 0.0014530186 2.7146325e-05 0.026442274 0.00015430126 0.007627264 0.004903588 3.7627062e-05 1.6241192e-07 0.013269368 2.1906087e-06 0.00016023536 0.0029614454 3.940513e-06 0.000540426 4.5434103e-07 0.00013953376 6.410646e-05 0.00015224406
0.34716097 0.065066434 0.5000691 0.062068336 0.000249225 0.4006173 0.99637604 0.038387787 9.1260075e-15 0.9723655 0.90905035 0.64244986 0.0002155082 0.54098344 4.1888315e-09 0.31092507 8.23312e-05 6.691067e-07 5.684481e-07 0.08461675 2.0581788e-06 0.42889017 3.0623974e-07 0.0064744893 0.14266025 0.48288313 1.2185501e-07 0.012679851 0.1626396 7.978219e-08 0.094638444 6.8420135e-08 0.023093844 0.03469305 1.0272818e-06 0.00029052867 0.29188398 0.001834484 3.5986913e-09 3.8090916e-06 0.0026807261 3.6436406e-05 1.0243287e-09 9.0665375e-10 1.6634457e-09 0.04980186 6.9591215e-07 1.28086475e-08 1.4707788e-07 6.3544185e-06 1.1204567e-05 3.5127177e-05 4.553115e-08 4.438911e-09 7.3477077e-06 1.5112835e-07 2.0170435e-07 6.3994216e-06 9.082683e-05 4.8667636e-07 0.008911576 1.0720924e-08 6.6877624e-07 1.1251017e-09 0.0016735448 3.5534512e-08 2.0542923e-06 0.00047167848 4.3907957e-09 4.8654647e-07 0.005796902 5.0892e-08 1.624199e-06 2.4592946e-06 2.096697e-09 3.4714468e-08 1.4520967e-08 0.00037244966 1.7586689e-09 7.623241e-09 8.340964e-09 9.143589e-07 1.0254792e-07 1.295272e-07 5.5553153e-09 0.001404363 1.3760977e-08 0.00014325211 2.234e-06 2.4140296e-09 6.5935873e-10 0.0009429229 4.1797974e-09 1.6726278e-07 0.0004731546 4.8382014e-09 4.0648442e-07 1.10334275e-08 8.921405e-08 1.1158831e-07 1.2397962e-07
0.48704603 0.05698359 0.24510935 0.01902721 0.00022193014 0.48849955 0.92955166 0.032261506 0.9723655 6.11965e-14 0.8848613 0.9786362 0.00026319717 0.4645656 2.5669104e-08 0.25180084 0.00014720987 8.1034597e-07 7.442893e-07 0.24012811 5.892807e-07 0.45490742 3.4657194e-07 0.02817482 0.17728023 0.78261936 2.4755485e-07 0.25736922 0.7266728 7.1726976e-07 0.6110123 1.17783664e-07 0.0054918835 0.36481068 5.7041366e-06 0.0005408885 0.22870216 0.08693527 8.541863e-08 4.176839e-06 0.0634629 0.0002827617 1.3740075e-08 4.2542545e-08 7.6200024e-08 0.006836135 1.2192185e-05 5.9001e-07 1.631374e-06 1.5398717e-05 4.4124186e-05 4.9908496e-05 3.7864132e-07 5.7646748e-08 3.855391e-05 8.929905e-07 6.3365275e-07 7.053299e-05 0.005003341 1.0920778e-06 0.017550662 3.713376e-07 6.5694456e-07 9.8430334e-08 0.00079830835 2.6373496e-07 4.7069858e-05 0.0002086038 4.281859e-08 1.0124675e-05 0.0048394254 4.320524e-08 1.6096348e-06 1.6132939e-06 2.4191007e-08 1.426515e-07 1.7903787e-07 0.00030076038 5.2966165e-08 3.6823405e-08 4.9547975e-09 1.125845e-06 2.4227903e-08 6.476196e-08 5.9511493e-08 0.0009595789 1.4615887e-08 5.1794974e-05 2.8046438e-06 1.2477856e-08 1.2940532e-09 0.0005792442 5.5920804e-08 2.4596753e-07 0.0022084608 3.1014493e-09 4.1847272e-07 1.7047685e-07 3.3175567e-07 2.3888626e-07 4.4808246e-08
0.88440305 0.02145997 0.6774935 0.21950755 0.0012838269 0.27063236 0.9435825 0.049905114 0.90905035 0.8848613 6.900882e-13 0.6871717 0.00044053196 0.9890856 3.9411086e-07 0.38785234 0.0008048505 0.00026155275 7.71019e-05 0.2550783 0.0019596897 0.7660973 1.2920101e-05 0.026617646 0.8518565 0.8717278 2.894059e-06 0.043747477 0.15614767 1.2999647e-05 0.21021497 3.195527e-05 0.23001507 0.15174076 7.030566e-05 0.0016268343 0.802157 0.008600153 1.0177726e-07 0.001036023 0.034254547 0.00031929335 4.5659423e-08 1.7283886e-08 3.5880493e-08 0.10261137 3.5242534e-05 2.6562327e-07 4.0200116e-06 4.5835928e-05 0.00014587078 0.0021379564 2.2377467e-06 4.0309237e-07 0.00022978742 0.00018784271 2.3656803e-06 9.749224e-05 0.0009856119 8.254588e-06 0.027926277 2.293306e-07 3.6296155e-05 4.907396e-07 0.008060306 1.3241157e-05 0.00012215294 0.0071522305 2.1505252e-07 8.806883e-05 0.056921527 3.7771497e-06 5.1095994e-05 5.539503e-05 1.4882201e-08 4.108426e-06 9.3875414e-08 0.008932418 7.442847e-08 3.041696e-06 1.9976758e-07 3.417466e-05 3.0841522e-06 0.0001315851 6.6280045e-08 0.012151083 2.492629e-05 0.0016162954 0.00060434436 4.2920868e-07 1.8282958e-07 0.010030755 7.2971766e-08 1.4646705e-05 0.016664784 4.447653e-07 2.9696089e-06 6.568552e-08 2.8350329e-05 2.9402338e-06 3.383916e-05
0.11367167 0.30815652 0.30085236 0.03599753 0.0012779562 0.9108416 0.7772106 0.082834505 0.64244986 0.9786362 0.6871717 6.551819e-13 0.005572179 0.071236305 2.2127298e-07 0.26914898 0.008514672 5.873383e-07 4.4636495e-06 0.5098931 8.906168e-07 0.06738039 7.3886667e-06 0.042481225 0.02943007 0.11930245 7.967803e-06 0.99808913 0.28501442 2.8595906e-07 0.09679843 1.283549e-06 0.0010406266 0.009088169 1.1787953e-05 0.0028575342 0.06610805 0.04844973 5.579668e-06 7.770576e-06 0.0014050588 0.008921904 7.977774e-07 1.0090797e-06 6.4395425e-07 0.0019676664 1.05895315e-05 1.931185e-05 7.838336e-06 4.927676e-06 6.5097856e-07 1.8817344e-05 1.2724738e-06 2.5507047e-06 2.1791207e-05 6.3776565e-07 7.64541e-07 2.433939e-06 0.0076261032 5.795243e-07 0.002207305 1.358956e-06 4.2981515e-06 2.6272769e-08 4.6421585e-05 2.7564522e-06 0.0004036766 4.0482406e-05 1.4475822e-06 3.129945e-05 0.0015217997 1.485784e-06 6.6191487e-06 2.1329138e-06 1.5637191e-06 1.8872895e-07 4.47215e-08 5.2515006e-06 4.163123e-08 3.0842845e-08 5.336387e-08 1.929322e-07 1.5268242e-06 2.1041748e-07 2.0214117e-08 0.0006233018 3.819828e-07 2.2475131e-05 6.0872975e-05 5.888739e-09 4.1375856e-08 0.00045708337 2.9761974e-08 5.4907122e-08 0.0018724562 1.101482e-08 2.229863e-07 6.59517e-07 5.9811885e-07 9.620431e-08 1.1982878e-06
0.99366325 0.95127 0.20414394 0.6098176 0.89975417 0.85735995 0.012061105 0.9479872 0.0002155082 0.00026319717 0.00044053196 0.005572179 1.013447e-11 0.00014154875 0.0013926076 0.6823327 0.9332358 0.0072270897 0.30356807 0.0320552 0.0522759 0.00013696302 0.00045963554 0.13194714 0.0004980157 0.00022731248 9.908127e-05 1.1510932e-05 1.5707163e-05 0.0011439825 2.4677925e-06 0.18423127 0.43718103 2.7987213e-05 0.001735113 0.5063242 0.06077909 1.4416871e-06 6.599124e-06 0.10376145 1.5894216e-06 0.012616753 1.8940012e-06 1.6126232e-06 1.1122946e-06 0.0005980447 0.0071303765 1.183839e-05 0.0006256029 3.7396603e-07 9.407568e-07 2.3069952e-06 7.646709e-05 2.4604556e-06 0.008469654 3.355562e-07 0.0001418789 2.3516117e-07 7.126313e-07 2.8762664e-05 2.1929467e-05 3.118017e-06 0.03564944 6.1953787e-10 0.00029529384 0.00031171998 0.06129918 0.0006785287 0.0024452184 0.005137615 0.07608551 3.1777035e-05 0.0015830462 0.0005144923 1.1080743e-06 4.8435897e-05 1.7692826e-05 0.001469732 4.348238e-07 1.5358093e-05 4.131161e-05 0.0003041632 3.869521e-05 0.0018198173 1.2415303e-06 0.019409707 0.0006943288 0.009272212 0.027100187 4.275362e-05 4.03136e-06 0.00921428 3.7093128e-07 0.00012043668 0.0029697493 2.881487e-06 0.00022435718 2.9913303e-06 0.0007567142 3.4626173e-05 8.2677725e-05
0.82823163 0.018358912 0.43229768 0.13258749 0.0004023506 0.04758144 0.6113446 0.05511315 0.54098344 0.4645656 0.9890856 0.071236305 0.00014154875 1.2568736e-13 1.2437983e-08 0.34967682 0.000137983 3.850243e-05 3.4453583e-06 0.0008102645 0.0003017369 0.9086277 2.2816882e-06 0.00020978945 0.9412591 0.45414996 5.9150244e-07 6.7534434e-05 0.017895605 5.575501e-07 0.039274313 7.700478e-08 0.53908175 0.046059337 7.391437e-06 6.067513e-06 0.7986659 0.00046748365 9.940039e-09 0.00061281637 0.036358 6.7212983e-07 1.62367e-09 5.6515987e-09 2.1933596e-08 0.7340292 1.4708671e-05 1.0405956e-07 4.519381e-06 0.00037208098 0.003524639 0.0038565695 1.1806481e-07 6.8096058e-09 2.2665363e-05 3.451046e-05 5.624299e-08 0.00022109442 3.1418058e-05 3.7833559e-07 0.21294574 8.7581654e-08 2.7754086e-07 3.199688e-08 0.05903867 3.9356006e-08 8.677454e-08 0.027153926 6.9514394e-09 3.596662e-06 0.11836401 2.855451e-09 2.3221739e-05 0.00016425579 1.7919684e-08 8.4735925e-09 4.995233e-08 0.021170758 3.9233093e-08 2.9173025e-08 1.2149226e-09 2.8654575e-05 2.58727e-08 3.71842e-08 3.0566204e-07 0.021961208 4.107632e-09 0.0046278792 1.8357354e-05 8.074862e-09 3.1792022e-10 0.044949256 4.5524096e-09 1.3843547e-06 0.015405572 1.2843846e-09 9.4418e-06 4.4121196e-09 2.2217183e-07 1.1679637e-06 7.502706e-07
0.99276924 0.00035719565 2.609977e-05 1.6953798e-05 0.35109353 0.00033417135 1.00725146e-07 0.00089460745 4.1888315e-09 2.5669104e-08 3.9411086e-07 2.2127298e-07 0.0013926076 1.2437983e-08 4.8848534e-12 0.0016544489 0.4590275 0.4874737 0.98816437 2.3016275e-07 0.11718169 3.2522194e-09 0.19250837 7.646104e-05 5.1535505e-07 6.289852e-08 0.029130328 1.4904925e-08 8.324296e-08 0.6625077 2.38677e-09 0.5662851 0.001059994 3.828203e-08 0.89047605 0.046725746 0.0007347782 2.981658e-08 0.041046932 0.16853881 1.8085117e-08 1.5967651e-05 0.0004995029 0.0005661561 0.002292283 2.2560007e-06 0.46506068 0.013432775 0.011738043 2.7976108e-09 1.5397973e-10 2.945643e-09 0.17647752 7.9614794e-05 0.82805175 6.952175e-11 0.0100436965 2.0338376e-08 3.366458e-08 0.0009207174 7.044018e-08 0.00050227484 0.24159515 3.986356e-11 4.3110213e-06 0.10400335 0.0053472514 2.221119e-05 0.070016146 0.13786158 0.0074786944 0.0021528022 0.0049317554 0.0014110936 0.0001543454 0.0017501314 6.5123444e-05 1.34664115e-05 9.7221586e-05 0.00031873476 0.00037034118 1.9256257e-05 0.013929797 0.38431486 6.5952394e-05 0.0009842729 0.3372199 0.0002150518 0.3559092 0.00013438886 1.4257194e-05 0.00030234843 4.5787415e-06 3.239794e-05 0.0001418133 0.00031402556 6.265884e-05 0.00015552879 0.4248973 4.9300193e-05 0.010259901
0.97087485 0.85291934 0.7668126 0.80573815 0.41944367 0.8023755 0.6091845 0.95919883 0.31092507 0.25180084 0.38785234 0.26914898 0.6823327 0.34967682 0.0016544489 1.9159908e-10 0.37712345 0.0035428065 0.00726832 0.17508441 0.029034391 0.23140576 0.00014289776 0.058241297 0.14107485 0.0997763 2.8246724e-05 0.00080324284 0.0010679669 0.00042301207 0.00033776482 0.0049848068 0.9420543 0.0006669769 0.0011773668 0.048045866 0.9423558 3.4465073e-05 1.6859451e-06 0.018227242 0.0002959135 0.0021051287 1.663887e-07 8.2883366e-07 2.4375078e-07 0.038210995 0.0016345588 1.8811952e-06 6.5472486e-05 5.090545e-06 8.608267e-06 0.0006000998 3.6162583e-05 1.232388e-06 0.0028065532 9.3366185e-07 3.2198404e-05 3.1937889e-06 5.848039e-06 5.837672e-05 0.0019898915 8.1587876e-07 0.000727972 1.01213296e-08 0.005154647 0.00013311078 0.0007308707 0.0054246024 5.3641525e-05 0.0011606365 0.28796613 1.8972909e-05 0.00042095184 0.00012946257 7.0601214e-07 1.4319863e-05 1.2276348e-06 0.009258632 2.611575e-07 3.612928e-05 5.8848404e-06 0.00014494639 2.5969495e-05 0.0005582248 1.5868512e-06 0.050791338 0.00010774675 0.009447412 0.009019963 2.9812059e-06 1.2892032e-06 0.022791915 4.700553e-07 0.00011272967 0.014293927 1.1200368e-05 9.164707e-05 1.803473e-07 5.6245164e-05 3.9418872e-05 4.5805078e-05
0.86641365 0.5704515 0.050026752 0.04199793 0.9570069 0.7399936 0.0043929475 0.46775824 8.23312e-05 0.00014720987 0.0008048505 0.008514672 0.9332358 0.000137983 0.4590275 0.37712345 4.7662154e-14 0.1962745 0.77270466 0.073687784 0.056703866 1.2177381e-05 0.08493324 0.6029898 0.0014285647 5.089657e-06 0.022110771 9.4976334e-05 7.527468e-07 0.13227357 9.368885e-08 0.9458316 0.007775365 8.0923314e-07 0.22193259 0.98113936 0.026288802 4.81475e-07 0.05102287 0.042094152 3.3114271e-09 0.22144619 0.0017429066 0.002221456 0.0021427092 0.0001760039 0.17101964 0.014687536 0.006467485 7.255797e-10 1.1940932e-08 2.6217813e-07 0.032719526 0.00016671521 0.39845324 8.896107e-11 0.00078661856 1.1989923e-09 9.780988e-09 0.00018852146 0.000103379585 0.00023426258 0.6836312 5.4765633e-11 5.254912e-06 0.021866934 0.43187386 3.21934e-05 0.34445623 0.037173696 0.006943484 0.00085032015 0.0027669005 0.0020287992 0.0001363332 8.0592916e-05 1.0847972e-06 0.00075754384 2.1495494e-05 2.0382047e-06 7.2950475e-06 2.755574e-06 0.004650316 0.078985535 6.3950996e-05 0.0024988651 0.112493046 8.409801e-05 0.5485548 8.45601e-07 3.3309014e-08 0.0031341224 9.4087795e-07 1.271821e-06 0.00076437165 0.00031292628 9.849569e-06 0.0009639649 0.063472345 1.8762985e-06 0.011420487
0.90957904 0.024120003 0.00062636996 0.0048927576 0.8884999 0.0047363136 5.8391313e-05 0.064736485 6.691067e-07 8.1034597e-07 0.00026155275 5.873383e-07 0.0072270897 3.850243e-05 0.4874737 0.0035428065 0.1962745 2.2244795e-14 0.17545299 1.1673535e-06 0.9875796 1.0589345e-06 0.97543716 0.0002114032 4.7654416e-05 8.934705e-06 0.7599863 2.6127372e-10 8.118531e-10 0.4611037 4.1796355e-10 0.01850861 0.071849994 9.815717e-08 0.18076198 0.0020988972 0.0023435934 4.314445e-09 0.034490727 0.8070631 3.0298264e-11 2.1519796e-07 0.0022527168 0.0048785023 0.033071075 0.0007093096 0.7001527 0.043809373 0.35955805 3.1695402e-09 8.29738e-08 1.9149425e-06 0.07865188 0.00014979942 0.0168662 2.7202634e-11 0.043273073 6.1461254e-09 4.8030826e-11 0.027171133 2.0867822e-06 0.0030165717 0.003985732 1.4171464e-13 0.00032373404 0.02643736 8.02544e-06 0.0010845558 0.00027905038 0.23074052 0.01773994 0.0033660475 0.041664954 0.008112953 0.00029091042 0.005563898 0.00073138706 0.00073128944 0.00036572036 0.0007124173 0.0015427426 0.0052920557 0.006388882 0.0354715 0.000344203 0.011810182 0.019008616 0.01353571 0.0013131751 0.0012911239 0.00015558132 0.004477989 0.0001855173 0.0009197705 0.0015460004 0.000109099004 0.0016503492 2.7227034e-05 0.0036397045 0.0025464662 0.0021615133
0.8638675 0.016399262 0.00075686036 0.00058136054 0.7509932 0.0023817997 9.814005e-06 0.029163517 5.684481e-07 7.442893e-07 7.71019e-05 4.4636495e-06 0.30356807 3.4453583e-06 0.98816437 0.00726832 0.77270466 0.17545299 6.503667e-11 1.22175925e-05 0.043699898 1.1232605e-06 0.06992369 0.0019046766 6.98167e-05 3.7177588e-07 0.010368597 7.900332e-06 1.3314879e-07 0.10741143 1.409868e-08 0.98560894 0.0009796075 1.7467562e-07 0.27669433 0.51171213 0.0017211958 3.7067488e-07 0.0085229995 0.038075887 8.452414e-09 0.0019571926 0.0006409237 0.00063656404 0.0011518378 4.3582804e-05 0.084973715 0.0030109414 0.0041097724 1.1567192e-08 7.3525546e-09 1.15599565e-08 0.012057419 0.00016878017 0.7665521 1.998379e-09 0.002024419 5.2996985e-08 1.6294864e-06 0.0003724012 1.0254706e-05 0.0003414736 0.6182957 9.868099e-10 2.042689e-05 0.027887553 0.22281255 8.946843e-05 0.35889846 0.016503077 0.0032144885 0.0012341427 0.001226505 0.0008047626 0.00030796466 0.00036153165 3.3344728e-05 6.169334e-05 0.00012194866 6.377023e-05 0.00029842497 2.6537062e-05 0.004875519 0.113547474 0.000109955836 0.0008445236 0.11324597 0.00010803692 0.76203215 0.0001263165 4.6510454e-06 0.00048158938 7.953499e-06 2.277613e-05 0.0003610813 0.000235339 7.653436e-05 0.00022546005 0.1415165 6.307299e-05 0.0041281385
0.051796917 0.1620837 0.11914955 0.009729241 0.0021365683 0.92628485 0.34542683 0.023111805 0.08461675 0.24012811 0.2550783 0.5098931 0.0320552 0.0008102645 2.3016275e-07 0.17508441 0.073687784 1.1673535e-06 1.22175925e-05 1.766377e-17 2.0475414e-07 0.00082207203 7.7859414e-07 0.99706113 0.0009406375 7.952749e-06 1.7742907e-07 0.99207854 0.00053785724 2.4521057e-07 1.281378e-06 2.4553644e-06 5.7626392e-05 7.8866684e-08 1.8680978e-06 0.0031675196 0.0051739486 6.248923e-05 7.589901e-07 4.112154e-06 1.0052257e-09 0.01726351 3.1874796e-07 9.696269e-07 6.2816065e-07 4.478069e-06 2.0098976e-06 1.5744423e-06 6.1516494e-07 1.6271631e-10 1.1471304e-09 2.0016996e-07 4.9246245e-07 2.693445e-07 1.5307351e-07 1.5264949e-10 1.7964307e-08 3.8551988e-11 9.580943e-06 3.6006411e-09 5.7247094e-06 6.933845e-08 7.636109e-08 7.2591493e-13 5.7206538e-08 5.358009e-08 1.9898669e-05 3.4003182e-08 3.877681e-09 2.3484977e-06 0.00044342448 2.5104088e-09 1.536634e-07 5.259733e-07 3.704547e-07 2.0855058e-09 2.771162e-10 2.8819363e-07 3.6190384e-09 5.381663e-10 1.0217238e-09 7.816232e-10 2.2008525e-08 1.5817706e-09 1.2220156e-09 6.755995e-05 2.2099162e-09 7.926077e-07 7.791148e-07 2.580904e-10 1.0355313e-10 5.5290584e-05 4.0103423e-10 2.299939e-10 0.0003709803 8.364479e-09 3.8277483e-09 4.6532878e-07 2.0709592e-08 1.6640955e-10 1.4268225e-07
0.9549527 0.031119797 0.00701038 0.06003749 0.7366909 0.0026722825 0.00021383254 0.37538168 2.0581788e-06 5.892807e-07 0.0019596897 8.906168e-07 0.0522759 0.0003017369 0.11718169 0.029034391 0.056703866 0.9875796 0.043699898 2.0475414e-07 9.79505e-12 2.112342e-05 0.65375906 1.6491575e-05 0.0005583102 5.2337064e-06 0.56702036 7.271955e-09 7.744885e-09 0.07247329 2.3381783e-09 0.0062865787 0.5233706 1.1627919e-07 0.03871293 0.00030201528 0.014184557 4.416508e-08 0.018757628 0.9782848 5.182545e-11 1.2255497e-07 0.0018389488 0.0027082986 0.014619557 0.0044771456 0.6509458 0.029175237 0.3025834 2.9702544e-08 1.1257435e-07 1.151007e-06 0.017016932 0.00014792717 0.0027375263 3.073451e-11 0.008139073 6.2040493e-09 2.9243413e-10 0.0028690519 1.3821169e-05 0.00526376 0.00032188385 4.6857823e-11 0.0024965713 0.0046239044 2.1728763e-07 0.002510158 1.372018e-05 0.3193173 0.110045046 0.000798758 0.12056011 0.018765649 0.00032121473 0.00140398 0.0007802523 0.0055465763 0.0006184019 0.00017525489 0.00023370473 0.01670649 0.0008159115 0.005426913 0.0016509073 0.059041567 0.0032055203 0.057947535 0.00027191604 0.0009464654 4.7134366e-05 0.02567414 6.4040716e-05 0.0028339704 0.00425372 7.174067e-05 0.0043794634 6.5295455e-05 0.0006446754 0.0036887645 0.0002923639
0.9568801 0.0014144665 0.012960604 0.003093778 2.2081025e-05 0.007078528 0.3593931 0.003277917 0.42889017 0.45490742 0.7660973 0.06738039 0.00013696302 0.9086277 3.2522194e-09 0.23140576 1.2177381e-05 1.0589345e-06 1.1232605e-06 0.00082207203 2.112342e-05 2.638383e-13 2.4527994e-08 2.7081265e-05 0.979037 0.9774271 3.8348e-09 0.00033283237 0.07930292 7.5054295e-08 0.19056423 4.5681983e-08 0.06758662 0.2819756 1.8431942e-07 3.8231445e-07 0.70271695 0.0033305464 4.7796007e-09 1.8090303e-05 0.38893774 1.9957032e-07 1.533169e-09 7.759489e-10 2.8292069e-09 0.7098721 6.275326e-07 9.929636e-09 1.7496222e-07 0.010206742 0.022195298 0.0672565 1.0154027e-08 1.2109372e-08 3.2537787e-06 0.00817152 7.8094295e-08 0.0044974703 0.0019227283 1.4319638e-06 0.46891445 1.376019e-08 1.3554865e-07 2.6621358e-06 0.059886694 7.4504456e-08 3.5068928e-07 0.051554613 5.469791e-10 1.060851e-06 0.1112272 9.11621e-08 1.1030094e-06 2.0004145e-06 3.1215321e-09 4.846745e-09 3.5291556e-08 0.04048771 1.8898125e-09 4.247865e-08 2.3613402e-09 1.6159933e-06 1.1400284e-07 3.8518624e-07 9.067165e-09 0.015170729 8.4927825e-09 0.0002782558 9.2405615e-05 1.0444442e-09 4.1584465e-09 0.045324277 7.986498e-09 9.570608e-07 0.21717574 1.7519762e-09 4.7241778e-07 2.967857e-09 2.5049968e-07 1.8784746e-07 1.2826422e-08
0.89217645 0.002110689 1.666304e-05 0.00022006032 0.317392 0.00090281136 1.2098181e-05 0.0016519774 3.0623974e-07 3.4657194e-07 1.2920101e-05 7.3886667e-06 0.00045963554 2.2816882e-06 0.19250837 0.00014289776 0.08493324 0.97543716 0.06992369 7.7859414e-07 0.65375906 2.4527994e-08 5.829228e-14 2.2575148e-05 3.024006e-06 2.505194e-06 0.9918378 5.329279e-11 4.4819481e-10 0.67207307 2.827015e-10 0.011963782 0.00565419 4.368544e-08 0.30969796 0.00054365915 0.00031135336 2.6143385e-09 0.45233557 0.55543095 1.353395e-11 1.5981962e-08 0.02332757 0.049191747 0.21166699 2.4055425e-05 0.6961148 0.348791 0.6883066 9.005195e-11 3.230336e-08 8.879774e-07 0.2610583 0.001642692 0.028365523 9.677883e-13 0.23784614 4.287308e-09 6.743435e-11 0.20679328 3.1695603e-08 0.03799517 0.0035288027 4.5338455e-14 1.684525e-05 0.16163427 7.451955e-07 0.0002558247 0.0003214844 0.43261656 0.0075350394 0.023564458 0.07560056 0.016140528 0.0010067105 0.04727001 0.005805912 7.4356074e-05 0.0011230538 0.007824549 0.008107373 0.006683376 0.067917034 0.15816899 0.0012547792 0.005774442 0.08135158 0.009257824 0.00033599988 0.009590971 0.00094236154 0.0007760597 0.0017521989 0.0028879067 0.00030933606 0.0010036229 0.0046094297 0.00025667518 0.0066170604 0.005623812 0.006802921
0.0042190696 0.33418518 0.06976866 0.009033863 0.043672517 0.9648265 0.101915665 0.019295758 0.0064744893 0.02817482 0.026617646 0.042481225 0.13194714 0.00020978945 7.646104e-05 0.058241297 0.6029898 0.0002114032 0.0019046766 0.99706113 1.6491575e-05 2.7081265e-05 2.2575148e-05 6.867992e-16 9.0875e-05 1.8026993e-05 1.8420512e-06 0.8089367 4.6675286e-05 9.862743e-05 2.0023832e-07 0.0075932215 0.00012423546 1.1040023e-07 0.00059812376 0.07478093 0.0011711376 3.4437685e-06 2.9023966e-05 7.0778115e-05 6.3402533e-10 0.9512605 1.5318963e-05 2.4644045e-05 1.83405e-05 5.018697e-08 1.8050909e-05 5.9719725e-05 7.430372e-06 2.0543018e-12 1.3754153e-12 1.4250123e-09 1.31839015e-05 1.134204e-05 9.731611e-05 3.739544e-12 6.1699336e-07 7.520643e-13 1.1392791e-06 2.197435e-07 1.1088963e-07 4.841853e-07 0.00016289816 3.6703943e-14 3.3473506e-09 6.175265e-06 0.0016993165 2.0239181e-09 9.6175376e-05 1.4631836e-05 0.0005434585 1.3736124e-07 5.7163487e-07 2.4520323e-06 9.5150034e-07 1.1590535e-08 1.4579877e-09 1.2403963e-08 2.1048804e-08 9.085914e-09 3.722435e-09 1.007902e-09 2.1626606e-06 1.0048639e-06 3.365654e-09 0.00012727747 3.0132449e-06 3.9896313e-05 0.00017858966 8.52218e-10 6.26879e-10 8.195194e-06 1.4349786e-09 4.092352e-09 0.00017732936 1.8061617e-07 4.856193e-09 8.7360473e-07 1.8387735e-05 6.5575385e-11 1.922685e-06
0.9622298 0.020415913 0.04964688 0.01915423 0.0012118402 0.016662573 0.21153602 0.022929963 0.14266025 0.17728023 0.8518565 0.02943007 0.0004980157 0.9412591 5.1535505e-07 0.14107485 0.0014285647 4.7654416e-05 6.98167e-05 0.0009406375 0.0005583102 0.979037 3.024006e-06 9.0875e-05 6.662177e-11 0.6552782 1.1271728e-06 0.00015177696 0.010868647 2.8534805e-05 0.024344048 2.5045038e-06 0.5227398 0.03944821 0.00010014104 6.32845e-06 0.8527852 0.00079651293 3.127881e-08 0.0026873213 0.04240594 4.9359214e-06 6.1208674e-09 1.9769109e-08 5.4441188e-08 0.9329779 3.0146119e-05 1.5251732e-07 4.475926e-06 0.0014079998 0.0054639895 0.08859035 2.1211686e-06 1.243353e-07 0.00033708612 0.002833949 1.1063823e-05 0.00052962307 0.00021412599 3.4670153e-05 0.43820006 2.6927594e-07 3.1840221e-07 2.1921742e-06 0.17056486 3.727805e-06 5.7562505e-07 0.14881235 9.4637855e-08 5.1944262e-05 0.37995732 4.68438e-07 0.00017109605 0.00017765672 1.1253303e-07 1.6569381e-06 1.0695812e-06 0.0838825 1.3397724e-07 2.6976522e-06 1.1073296e-06 0.00034383277 3.9376205e-06 1.2563692e-05 1.0824679e-06 0.068158396 8.2879615e-06 0.012855158 0.00057244446 1.1570966e-06 3.039696e-07 0.13942434 3.9144092e-07 2.8278799e-05 0.23641191 6.649556e-08 4.126302e-05 3.2089575e-09 3.008704e-05 1.0430766e-05 1.3837912e-06
0.8510574 0.0009876881 0.01680534 0.0018317193 2.5992165e-05 0.00078190403 0.4797205 0.0034530065 0.48288313 0.78261936 0.8717278 0.11930245 0.00022731248 0.45414996 6.289852e-08 0.0997763 5.089657e-06 8.934705e-06 3.7177588e-07 7.952749e-06 5.2337064e-06 0.9774271 2.505194e-06 1.8026993e-05 0.6552782 3.012779e-12 4.299941e-07 0.0023926457 0.1794101 1.0044925e-07 0.74150807 1.02235255e-07 0.010952095 0.9838892 1.7236774e-06 3.013258e-07 0.29260987 0.007524544 2.5471715e-07 0.00011317422 0.9728805 3.3480771e-06 5.3334265e-08 9.134642e-08 6.3472534e-08 0.17615046 7.223272e-06 5.6493957e-07 1.155188e-06 0.008469389 0.040917125 0.12165531 6.1725114e-09 1.3206311e-07 3.1211454e-07 0.010080238 1.2673411e-08 0.000909596 0.0015374337 3.2309416e-07 0.2331175 2.0667163e-07 4.9937373e-08 3.7730242e-06 0.029616293 1.4721898e-08 2.166285e-08 0.00922975 1.5000554e-08 2.157701e-05 0.033478096 8.3251175e-09 6.001733e-06 1.312323e-06 1.668274e-07 1.02521525e-07 2.2939478e-08 0.016290477 1.151232e-08 2.4235194e-07 1.0015993e-08 8.6426724e-07 8.787259e-09 3.0678373e-09 4.4347324e-08 0.008060627 9.659769e-10 0.0002529948 2.890582e-05 1.4035674e-09 1.7173791e-09 0.022649916 5.5936273e-08 7.46792e-07 0.055569176 1.9380297e-09 1.7135355e-06 2.142681e-08 6.4666824e-07 1.8793399e-07 1.2740101e-09
0.9152586 0.00056325126 2.0974972e-05 0.00011592206 0.07602143 0.000180035 4.360665e-06 0.0003921043 1.2185501e-07 2.4755485e-07 2.894059e-06 7.967803e-06 9.908127e-05 5.9150244e-07 0.029130328 2.8246724e-05 0.022110771 0.7599863 0.010368597 1.7742907e-07 0.56702036 3.8348e-09 0.9918378 1.8420512e-06 1.1271728e-06 4.299941e-07 1.4054095e-14 6.808416e-11 1.7630418e-09 0.42230964 5.942534e-10 0.0033912302 0.009667107 2.6659185e-08 0.1263155 5.8729747e-05 0.00012457573 9.242155e-09 0.79730046 0.7559731 3.0680684e-11 4.7835313e-09 0.096990176 0.108568594 0.413079 5.24962e-05 0.7952217 0.71851397 0.88406616 9.959177e-11 7.2059434e-09 1.324406e-07 0.22457436 0.00410571 0.00801739 5.6712187e-13 0.18637669 2.577934e-09 3.1318403e-11 0.15933198 3.3320518e-08 0.22130993 0.000915509 3.980765e-14 5.366946e-05 0.109591894 3.0810682e-08 0.00037634524 3.508539e-05 0.62937105 0.011984519 0.017245902 0.21867044 0.07857283 0.0059711924 0.054262 0.015026616 9.155255e-05 0.004032441 0.007711374 0.010651646 0.016604863 0.04270672 0.08302889 0.008930728 0.0096110655 0.05405754 0.018087622 4.8999602e-05 0.013445495 0.0007325979 0.0020174754 0.0027456773 0.011058228 9.3094655e-05 0.0010567656 0.010602614 0.00046394547 0.004648842 0.012784041 0.0063047763
0.0015511345 0.00033714355 0.0009080129 3.3283868e-06 1.2724253e-06 0.17414434 0.033736996 1.3835096e-05 0.012679851 0.25736922 0.043747477 0.99808913 1.1510932e-05 6.7534434e-05 1.4904925e-08 0.00080324284 9.4976334e-05 2.6127372e-10 7.900332e-06 0.99207854 7.271955e-09 0.00033283237 5.329279e-11 0.8089367 0.00015177696 0.0023926457 6.808416e-11 1.1914999e-15 0.3671429 2.2559211e-08 0.06523454 3.2714627e-07 2.0485903e-07 0.0031804247 3.86865e-07 0.000444562 5.7391768e-05 0.3542896 6.9436126e-08 9.152967e-09 0.00019848114 0.010570156 6.8553774e-08 5.282008e-08 9.619509e-09 7.537057e-09 2.389185e-08 1.9139556e-07 9.8855345e-08 4.44435e-09 5.566981e-10 5.28441e-07 3.8597827e-07 3.9116753e-06 1.7140143e-06 2.3926875e-08 9.163261e-08 5.7785236e-08 0.13265572 3.0859954e-07 1.7908666e-06 2.5219283e-08 1.4158769e-07 2.6857103e-08 5.4705e-10 3.8802053e-08 1.928634e-05 6.1790184e-11 1.0220768e-09 8.373251e-07 2.1395625e-05 4.3852825e-08 3.4822807e-09 5.411023e-08 9.19011e-08 7.502395e-08 3.807092e-09 1.3099523e-08 3.5560782e-10 1.5465746e-08 6.403551e-09 1.2128071e-08 8.3981824e-08 2.020895e-08 2.2317957e-08 3.6747406e-05 9.323584e-09 1.511693e-05 5.4907805e-06 8.072375e-11 4.7611276e-10 5.5301603e-05 1.1785798e-08 1.0266975e-09 0.00014773446 7.417805e-08 9.989775e-10 1.6191348e-07 8.0962415e-08 2.4158384e-10 2.7073392e-07
0.012245042 0.00019771149 0.002155893 9.335774e-05 4.4979566e-07 0.003476256 0.113100916 0.00010857846 0.1626396 0.7266728 0.15614767 0.28501442 1.5707163e-05 0.017895605 8.324296e-08 0.0010679669 7.527468e-07 8.118531e-10 1.3314879e-07 0.00053785724 7.744885e-09 0.07930292 4.4819481e-10 4.6675286e-05 0.010868647 0.1794101 1.7630418e-09 0.3671429 1.3438803e-18 1.2531616e-08 0.9968178 5.60219e-08 3.3905864e-05 0.18367307 1.3866797e-07 1.6758987e-06 0.0011393878 0.9979811 4.1802696e-08 2.7701715e-08 0.056069802 1.4119477e-05 6.214474e-08 2.5210483e-08 2.6345477e-08 0.0015047266 1.9435426e-08 1.3039055e-07 1.1862359e-07 9.209237e-06 4.3524076e-07 3.2283548e-05 6.2593934e-08 2.0466395e-07 1.1790038e-06 4.88105e-06 2.8795666e-08 0.00017828048 0.03531314 4.2719723e-08 0.0017732617 1.5373479e-07 1.933789e-07 1.4400326e-06 0.00014595162 8.632219e-09 9.1599404e-08 3.541036e-06 4.632307e-10 5.9295684e-07 0.00031505412 5.7315614e-09 1.0006719e-07 1.5326518e-07 3.961954e-08 4.4072095e-08 3.0709533e-08 3.925602e-05 2.849265e-09 4.389155e-09 1.3211879e-09 1.940409e-08 1.8957886e-08 8.80731e-09 1.6350231e-08 0.00019929314 7.835446e-09 8.505999e-06 1.9969511e-06 1.2626446e-10 2.1085991e-10 0.00042402564 2.2982036e-09 1.565853e-08 0.0006917759 1.1609718e-08 4.151894e-08 1.4866598e-08 6.4614765e-06 7.679419e-11 1.5154322e-08
0.9746528 0.0019786172 0.00011544854 0.00019899837 0.27706486 0.0002260666 5.7141547e-06 0.0037831436 7.978219e-08 7.1726976e-07 1.2999647e-05 2.8595906e-07 0.0011439825 5.575501e-07 0.6625077 0.00042301207 0.13227357 0.4611037 0.10741143 2.4521057e-07 0.07247329 7.5054295e-08 0.67207307 9.862743e-05 2.8534805e-05 1.0044925e-07 0.42230964 2.2559211e-08 1.2531616e-08 2.0085987e-15 2.1002113e-09 0.09352998 0.0016140403 1.3259877e-08 0.98923445 0.009925402 0.0002975727 5.4683152e-08 0.6065338 0.23214044 3.8993503e-10 1.4900161e-05 0.23334786 0.3314098 0.44623253 3.1351312e-05 0.7110433 0.35738558 0.16991791 3.9183865e-09 1.9999852e-08 1.0860321e-08 0.8567177 0.012737548 0.41567785 3.774674e-11 0.6388074 5.980196e-09 1.4545686e-09 0.43148276 2.6209017e-07 0.06808824 0.045274988 5.052305e-11 4.9019436e-06 0.7019478 3.959448e-05 2.847177e-05 0.009800169 0.60971093 0.012879922 0.13751818 0.050601687 0.031426005 0.014322548 0.0722189 0.0036285655 1.6313483e-05 0.008584248 0.007518096 0.009636456 0.00030857202 0.16145012 0.45262098 0.007993288 0.0046224315 0.42270994 0.0014927767 0.013211264 0.0045936583 0.00023061923 0.0023291386 0.0010407243 0.00015036204 0.00025110904 0.005717818 0.00091590727 0.0072017536 0.05210343 0.00036369995 0.06988741
0.010414764 3.5705776e-05 0.0016247322 2.8668734e-05 8.716669e-08 9.695132e-05 0.058756713 3.125745e-05 0.094638444 0.6110123 0.21021497 0.09679843 2.4677925e-06 0.039274313 2.38677e-09 0.00033776482 9.368885e-08 4.1796355e-10 1.409868e-08 1.281378e-06 2.3381783e-09 0.19056423 2.827015e-10 2.0023832e-07 0.024344048 0.74150807 5.942534e-10 0.06523454 0.9968178 2.1002113e-09 3.6473798e-17 5.4275375e-09 0.00018477923 0.9773828 5.9035496e-09 1.3448014e-06 0.0014575196 0.36751112 3.050362e-09 7.659521e-08 0.932691 7.616265e-09 7.3276483e-09 5.7618466e-09 2.8146474e-09 0.006695788 2.7566992e-08 3.2009023e-08 3.3693297e-08 0.0005071986 0.000114973336 0.00034218509 2.4434406e-09 1.5896322e-08 2.4842944e-07 0.00013313175 1.6676019e-08 0.003383364 0.08428017 3.2093084e-08 0.0047510415 1.6800753e-08 4.2264952e-07 5.1432547e-05 0.0010892311 3.917557e-09 7.009316e-09 0.00011453143 1.4900164e-10 5.5974585e-08 0.0002625539 5.2892744e-09 1.0985949e-08 4.88003e-08 9.36173e-10 4.3363566e-09 1.0582181e-09 0.00010563705 3.523515e-10 4.6548213e-10 4.475951e-10 5.5022237e-08 3.596175e-08 4.228479e-09 1.3050486e-09 0.00015735312 1.0743379e-08 9.237128e-06 3.0540795e-07 1.4327681e-10 5.6027474e-11 0.0005766243 1.523372e-09 5.8535425e-09 0.0008656003 1.0480441e-09 9.206111e-08 7.322949e-10 6.429111e-07 1.0701551e-09 1.2236791e-08
