9.897561e-14 0.78613716 0.7484092 0.98941815 0.99638855 0.9902206 0.98837453 0.95316577 0.97959536 0.8149669 0.97058076 0.99069214 0.91989374 0.97063375 0.9722304 0.979009 0.9679682 0.99025935 0.98171276 0.8715276 0.8548103 0.91712534 0.9819138 0.84189135 0.986976 0.91715777 0.60472506 0.9909499 0.44811273 0.9809402 0.90920454 0.98048353 0.9793506 0.98569685 0.9806908 0.9642241 0.7184132 0.9698858 0.33496496 0.98698914 0.34660313 0.75653845 0.9836349 0.98772913 0.8745623 0.9866839 0.99275357 0.41668868 0.53451806 0.18532327 0.13941768 0.7133862 0.9768202 0.9942965 0.9930267 0.6109806 0.93627214 0.31092575 0.4551307 0.20774578 0.889875 0.6708644 0.18842553 0.9984976 0.9906661 0.97045183 0.9947493 0.15826297 0.98475426 0.94767904 0.004484023 0.9750667 0.9809982 0.35813493 0.00027117436 0.049315296 0.9816034 0.9942771 0.80866885 0.006607686 0.92615557 0.07894197 0.98359215 0.9063213 0.649919 0.097332925 0.77561224 0.060818993 0.9999471 0.000119856326 0.9234993 0.9997595 0.93020284 0.00016004294 7.4786185e-05 0.3219159 0.9923213 0.9138021 8.6943575e-05 0.9958122 0.9889477
0.78613716 9.1764873e-11 0.9909353 0.98124385 0.9314847 0.65398216 0.80476385 0.6523441 0.26408616 0.9347304 0.54132915 0.5121847 0.35905823 0.11485917 0.009498903 0.07883204 0.0003845953 0.031024186 0.01141763 0.28791422 0.20310886 0.057775795 0.0020331594 0.0010399043 0.00029132326 0.0021092403 0.0026943844 0.0002487776 0.0054698153 0.000586239 0.12441643 0.11678163 0.008311341 0.00028601405 0.03640304 4.9923547e-05 0.010676865 0.0016581379 0.008874493 0.048595376 0.015314238 0.00061855617 0.010455526 4.864713e-05 0.02515237 0.00053194625 0.00027804996 0.0008727961 0.01769282 7.430142e-05 0.0008863493 1.2932823e-05 0.00036954734 0.0043196063 0.019424137 5.167929e-06 5.9528866e-06 3.174606e-06 0.018303791 0.01459865 1.1788048e-06 0.032630555 0.006185556 0.040209256 0.00060117844 0.00046750304 2.1021613e-05 0.00021327919 0.0006233371 1.4928471e-06 0.0007086731 8.3003135e-05 0.00013394283 6.3858985e-10 6.8844827e-07 2.0816966e-05 7.561278e-05 0.00023369268 5.2714575e-09 7.7835136e-07 5.269822e-08 2.5682048e-05 5.183176e-06 3.6504886e-07 6.711456e-08 1.6077283e-09 5.979568e-09 3.3439604e-10 0.03188614 9.077756e-07 4.1378894e-06 0.0049291574 6.043967e-08 7.766326e-11 3.3328323e-07 1.0344954e-09 0.00021694633 8.052346e-09 8.786388e-09 1.0833472e-05 2.1544943e-06
0.7484092 0.9909353 9.391302e-12 0.93270874 0.86964285 0.24437964 0.39698106 0.95188266 0.11094153 0.9738089 0.23710218 0.19044986 0.3929791 0.060141265 0.004251574 0.0064718807 6.15199e-05 0.008510393 0.0022481198 0.44176438 0.2601829 0.05485061 0.0001993646 0.0006967928 1.9178404e-05 0.00059042743 0.0018149039 1.253106e-05 0.0023767976 0.00013668365 0.5779874 0.089238375 0.001526981 1.4403355e-05 0.02445102 7.6157457e-06 0.02610726 0.00022330692 0.016129026 0.033690337 0.13295865 2.752629e-05 0.0021584101 2.9175087e-06 0.082523845 7.05352e-05 3.116345e-05 0.00043380843 0.0871701 1.6700284e-05 0.0014533928 3.5834498e-06 2.4504136e-05 0.0005174035 0.011741129 9.4717456e-07 1.536859e-06 2.6787822e-07 0.06340784 0.09200302 1.6463335e-07 0.1364253 0.02735961 0.04065453 4.947347e-05 9.010892e-05 4.4057897e-06 0.0007884034 4.2426007e-05 1.956873e-07 0.005681349 6.6618513e-06 1.9560523e-05 6.480733e-11 3.0083023e-05 1.581415e-05 1.0176736e-05 2.9515208e-05 4.898817e-10 3.2672958e-06 1.7668603e-08 2.2200431e-05 2.0591969e-07 1.7091908e-08 6.3685084e-09 7.4568784e-10 8.8657903e-10 3.7174572e-11 0.022113156 1.3415216e-05 4.8427832e-08 0.0021188154 4.365269e-09 3.5138427e-11 2.1602992e-07 2.8197196e-09 4.8553833e-05 3.261917e-09 2.701059e-09 1.393826e-07 4.8736304e-08
0.98941815 0.98124385 0.93270874 3.9132142e-11 0.61276686 0.4962588 0.75680494 0.88357633 0.21330012 0.8638826 0.26232508 0.6492804 0.7640945 0.21944883 0.056856543 0.027571097 0.0008367815 0.05006663 0.005994498 0.5965744 0.27574137 0.21604383 0.00088163925 0.004097679 3.362254e-05 0.00060326065 0.0026114148 6.468256e-05 0.0016801878 9.5700336e-05 0.43523836 0.46844855 0.0063663633 0.00032240333 0.12404771 1.1495124e-05 0.010453922 0.0010026819 0.005271939 0.29943982 0.052464347 4.9721413e-05 0.006746261 9.302498e-07 0.07286448 0.00068571727 0.00054780324 0.0004914046 0.064562015 2.8390807e-05 0.00057588215 1.1544452e-05 0.00016561688 0.0038188288 0.05507141 4.0623313e-06 4.3252592e-07 1.1298829e-06 0.02228539 0.009936923 6.080725e-08 0.11425843 0.005211101 0.20354958 9.816518e-05 0.00027058178 2.8693568e-05 0.0013600185 0.00019184228 1.3621862e-07 0.0011848375 5.400046e-05 0.00015949852 2.899913e-10 4.942478e-06 2.6902366e-05 6.0358427e-05 0.00028765286 1.4605317e-09 6.011744e-05 5.4522866e-06 0.00024429875 6.916331e-06 6.8391006e-07 1.616175e-08 2.2845068e-09 3.6327474e-08 1.6432009e-09 0.25766322 2.4355748e-05 0.00030825526 0.01503787 8.185949e-07 2.424564e-09 1.3779994e-06 7.9618474e-08 0.00048980396 8.52373e-09 1.556066e-07 1.0199759e-06 5.660551e-06
0.99638855 0.9314847 0.86964285 0.61276686 3.0350264e-11 0.091952205 0.12034895 0.9339192 0.09101529 0.91100955 0.053551015 0.19889806 0.9523948 0.024271969 0.016135309 0.0017478188 0.00035106292 0.0060915137 0.0009435103 0.9352807 0.62094325 0.169869 3.6002362e-05 0.00021215594 4.0702034e-06 9.0287074e-05 0.00019680923 2.7165643e-05 0.00033107883 5.4880898e-06 0.9280069 0.16291948 0.00072366145 6.644269e-06 0.038815923 1.2404224e-06 0.006094259 0.00018228022 0.0034028883 0.088406615 0.41488838 2.3696239e-05 0.00038857383 4.4711456e-07 0.5903547 2.4150015e-05 3.199833e-05 6.0999373e-05 0.39877197 3.491829e-05 0.00058020704 5.381992e-06 3.2228281e-06 9.198691e-05 0.011433576 7.46582e-07 4.2444174e-07 7.224175e-06 0.14356296 0.06002717 2.236876e-06 0.11037954 0.03141854 0.05024277 1.5165266e-06 1.0819451e-05 9.2251696e-07 0.008978221 8.610715e-06 2.0040262e-07 0.0044402624 1.5176459e-05 7.622627e-06 7.33373e-09 0.00011767145 4.466705e-05 6.1661217e-07 4.074091e-06 6.834423e-08 0.0011652419 5.488338e-05 0.0006182147 1.956598e-06 3.2307815e-07 6.353322e-08 1.3496971e-09 2.475121e-07 4.7569028e-08 0.066365026 6.3798216e-05 2.7191722e-05 0.00063669245 4.7714504e-08 3.9934906e-07 1.0169421e-05 2.1775575e-06 8.847632e-06 2.0518272e-08 9.533729e-06 5.118214e-10 2.0611663e-08
0.9902206 0.65398216 0.24437964 0.4962588 0.091952205 1.3334392e-08 0.93029976 0.0050282963 0.96497697 0.3218854 0.956818 0.34820968 0.42696753 0.5396271 0.81272554 0.54776776 0.50788915 0.19480509 0.12766777 0.22131689 0.4135713 0.59697735 0.089181505 0.3576368 0.010802286 0.1567103 0.13620527 0.0044459915 0.06382709 0.0048253275 0.0040230458 0.09072048 0.014633478 0.01063031 0.08442056 0.0034594242 0.21153307 0.008077529 0.056124587 0.10855834 0.0022104816 0.020304486 0.018787844 0.0004411293 0.070642024 0.0034837166 0.0045576883 0.050096065 0.00055308174 0.012987429 0.011317881 0.02039674 0.0011114979 0.008608618 0.029924933 0.0019408135 0.00031719252 0.0011628169 0.026543539 0.0049774772 0.00018881852 4.6983303e-05 0.00708104 0.021118786 0.00029528764 0.0013131896 0.0008192034 0.0065750433 0.0007709756 0.00045927422 0.0005194659 0.0028696677 0.0016979194 2.2152e-07 3.2166147e-07 0.014474086 0.0005725668 0.0015690081 2.6767714e-06 0.00022766067 0.0018810051 0.011398786 0.00082814286 0.00020217146 1.9763162e-05 3.1553188e-06 7.518702e-05 1.3958706e-05 0.06650818 1.6560605e-05 0.0030900876 0.028285079 1.0497279e-05 2.7664108e-05 3.2638156e-05 5.6356585e-05 0.0013407057 5.2017954e-06 0.00017685562 6.103658e-06 9.007525e-05
0.98837453 0.80476385 0.39698106 0.75680494 0.12034895 0.93029976 1.3776082e-11 0.029609418 0.5160633 0.41108426 0.85462177 0.9499019 0.2242993 0.89993376 0.25112647 0.8789447 0.06898629 0.5010711 0.35973442 0.07299099 0.15433288 0.07541334 0.108179845 0.12074475 0.01386514 0.054291967 0.038100176 0.006655216 0.018750697 0.020846188 0.0013966636 0.47222936 0.111019835 0.043249514 0.3236583 0.0025667713 0.02246996 0.027163005 0.0061923196 0.29840282 0.0037718317 0.004671209 0.15767477 0.0006434985 0.0036304274 0.0075320182 0.019149017 0.006127883 0.00025918588 0.0018661856 0.0009983429 0.003577567 0.0050313687 0.07435039 0.1474955 0.0017344204 0.00029736754 0.0002692702 0.004295636 0.0035274415 6.260436e-05 5.3537777e-05 0.0022935653 0.1428246 0.0052731233 0.002434004 0.0012496781 0.00022191195 0.0032726673 0.00019833846 0.0005546069 0.0044981763 0.003444777 9.765809e-10 2.51351e-08 0.0010827436 0.0003436666 0.0016051373 4.8631378e-08 2.2133174e-06 1.5593484e-06 0.00067495037 0.00052287354 2.9348032e-05 2.2148567e-06 3.010488e-08 1.4837443e-05 8.890133e-08 0.25826272 6.38071e-07 0.003507355 0.11026876 6.056621e-06 1.0353019e-07 7.816825e-07 6.995216e-08 0.00974355 4.3824207e-07 9.347194e-07 8.688592e-06 0.00038141044
0.95316577 0.6523441 0.95188266 0.88357633 0.9339192 0.0050282963 0.029609418 3.5309054e-12 0.00039745378 0.9159648 0.00036304898 0.021205755 0.17183185 0.008507273 2.914957e-05 7.251872e-05 6.887514e-06 0.0010642873 4.6544064e-05 0.4411091 0.08602631 0.014085236 3.211576e-07 1.38295945e-05 3.6789075e-08 2.2990885e-06 7.628398e-05 9.683871e-08 0.0001860027 4.145224e-08 0.98775154 0.07633347 4.25573e-05 1.1878559e-07 0.0026237404 1.4810474e-08 0.016353985 2.125484e-06 0.007765524 0.018915612 0.3592822 4.7761814e-06 6.4370593e-06 4.430427e-09 0.5439441 8.9279285e-07 2.9196002e-07 0.00011920031 0.60212976 1.3430179e-05 0.003665857 4.304376e-07 1.2024748e-07 7.9416105e-07 0.0017942643 1.1674642e-07 7.1892806e-08 1.8646898e-07 0.2871457 0.17464113 1.5534091e-07 0.73466384 0.08991639 0.033316735 2.1947114e-08 2.28224e-07 1.4300592e-07 0.023277767 8.705674e-07 3.9111377e-08 0.011613241 4.1555865e-08 1.2879369e-07 3.2177836e-09 0.0011335721 8.5956555e-05 1.7078456e-07 4.10214e-07 1.5040426e-09 0.00091861596 9.457335e-06 0.00047823874 2.3532838e-08 4.3154916e-08 3.0959113e-09 9.417374e-10 9.791192e-10 4.023392e-09 0.018035928 0.00049512624 2.8330529e-08 1.4836013e-05 1.1699429e-09 9.938566e-08 1.8644128e-05 1.6475995e-05 3.535932e-07 1.27025235e-08 7.018433e-07 4.767225e-10 1.0471489e-09
0.97959536 0.26408616 0.11094153 0.21330012 0.09101529 0.96497697 0.5160633 0.00039745378 5.644107e-11 0.3538877 0.8368678 0.02245054 0.6369904 0.03560005 0.91322166 0.023525078 0.038291413 0.008914929 0.0109380875 0.52744186 0.93110216 0.9142657 0.0014117517 0.52688164 6.0386068e-05 0.0062350505 0.5325797 0.0001417165 0.42003286 3.125894e-05 0.002006417 0.00952411 0.0003695537 2.9881467e-05 0.0063398005 5.078888e-06 0.7795962 0.00014015513 0.46806848 0.006820464 0.0012424696 0.0009958823 0.0003744607 6.967834e-07 0.4392385 3.019414e-05 3.5641846e-05 0.291488 0.000511073 0.053659767 0.1436492 0.020473588 1.7274082e-06 0.00025901687 0.0021548755 4.1457126e-05 7.397738e-07 5.9530823e-05 0.09631187 0.005524049 3.8173102e-06 8.10905e-05 0.04739244 0.0016644634 5.22091e-06 2.072106e-05 6.150025e-07 0.05772703 7.629893e-06 3.2965113e-07 0.00010797028 4.890742e-06 6.39495e-06 1.0607688e-08 7.649068e-08 0.08735549 3.5379715e-06 1.00610905e-05 2.954424e-07 0.0012781651 0.0007841353 0.13251859 4.045257e-07 2.2280543e-07 7.390379e-08 5.4467026e-09 2.9058444e-07 2.681921e-07 0.006106453 1.9953417e-05 4.526692e-06 0.0016200577 1.2749365e-07 2.2783322e-05 0.00015887927 0.00013064392 6.6158325e-05 2.0060855e-07 0.0004919907 4.989336e-09 2.5268446e-06
0.8149669 0.9347304 0.9738089 0.8638826 0.91100955 0.3218854 0.41108426 0.9159648 0.3538877 1.8160964e-11 0.72990054 0.13155897 0.93198353 0.04725507 0.031115873 0.016534347 0.00048955187 0.005837336 0.0026991644 0.8642493 0.81838435 0.20334016 0.0017423857 0.006804426 0.0002623714 0.0054540224 0.020815946 0.0001801279 0.039841887 0.000583917 0.52069277 0.036490317 0.0022105174 8.036283e-05 0.016365523 6.068401e-05 0.13240919 0.00042661186 0.119924374 0.015034256 0.35820225 0.0008762974 0.0038888245 3.9729817e-05 0.426009 0.00020766689 7.141117e-05 0.009054189 0.18958874 0.0005496203 0.03123879 0.000671452 9.224897e-05 0.0012052332 0.006671719 1.8197376e-05 1.1719732e-05 1.9500902e-05 0.25931615 0.2939138 3.677172e-06 0.16988236 0.10278457 0.018574368 0.00011610151 0.00027222402 3.291755e-05 0.010173327 0.00010867802 3.6360786e-06 0.017529963 2.0815636e-05 6.765054e-05 6.8524547e-10 7.4292635e-05 0.0009829006 4.3537108e-05 0.00018245031 3.8974712e-09 0.00024488984 1.4376155e-07 0.0021036514 1.4338126e-06 9.362976e-07 3.1922816e-08 1.0658081e-09 1.3627376e-08 1.1707957e-09 0.015104388 0.00016593623 6.8551934e-08 0.0031685813 1.4661504e-07 6.656604e-10 9.348839e-06 2.2754495e-08 0.00019701711 7.089238e-08 7.308672e-07 4.604182e-06 1.1919201e-06
0.97058076 0.54132915 0.23710218 0.26232508 0.053551015 0.956818 0.85462177 0.00036304898 0.8368678 0.72990054 4.8224277e-13 0.11192758 0.2915429 0.26943475 0.9334257 0.46473315 0.6900693 0.092346415 0.11875827 0.10256942 0.588755 0.5188922 0.33463013 0.90479547 0.018944984 0.5532318 0.7036383 0.003160721 0.6020844 0.0037054627 0.000591209 0.046162058 0.0042239856 0.0026161685 0.018134765 0.0012999349 0.38444147 0.0023383482 0.15044788 0.021212926 0.003338893 0.07423399 0.01814141 0.0001517693 0.02354789 0.000602157 0.00034910164 0.34795418 0.00011144033 0.14547022 0.01938568 0.16958675 0.00040122005 0.008279419 0.008696705 0.0044562723 5.2630898e-05 0.0021907846 0.012521231 0.0009095761 0.00019960506 1.626978e-05 0.003123802 0.0076991864 0.0001476605 0.00035470625 4.941858e-05 0.0018925751 0.00015457903 3.0046382e-05 1.6088145e-05 0.00012956643 0.00015166192 4.5589374e-08 2.97197e-09 0.06717967 0.00018164769 0.0001879997 9.275767e-08 2.0738516e-05 0.0028466664 0.012764154 3.5141097e-06 1.1670016e-06 2.0006826e-07 2.7891295e-07 3.2895664e-06 4.3820846e-06 0.025991317 9.892717e-07 0.00014071667 0.013322813 2.236333e-07 0.00050299463 4.0617797e-05 0.00016310024 0.00063243514 9.030287e-08 0.00035362272 1.400597e-06 4.006675e-05
0.99069214 0.5121847 0.19044986 0.6492804 0.19889806 0.34820968 0.9499019 0.021205755 0.02245054 0.13155897 0.11192758 4.167384e-14 0.0157654 0.9806135 0.004935823 0.36186966 0.00021680421 0.4667729 0.14347814 0.002869298 0.0013600219 0.001934126 0.0013862349 0.0003355631 0.0009034001 0.00027679533 0.00018525352 0.00079990417 7.222415e-05 0.002393369 0.0012014542 0.8579252 0.2256133 0.0017303257 0.62198925 0.00019371625 4.971971e-05 0.035913344 1.6288369e-06 0.54498523 0.0005073052 1.9770874e-05 0.10481804 0.00016927374 6.4071566e-05 0.019320123 0.012053804 2.1585006e-06 2.455204e-05 3.753871e-07 3.1137722e-07 3.159539e-07 0.005878012 0.02369926 0.4089757 1.3966089e-06 3.656827e-05 5.882649e-07 1.1718419e-06 9.411588e-07 1.9638897e-05 1.2677964e-05 5.8882455e-07 0.655982 0.0021015492 0.0062845317 0.00041249194 6.0167075e-08 0.005784396 4.2992497e-06 4.540348e-07 0.00012947405 0.000888185 1.4836761e-09 7.239116e-09 1.0987338e-07 0.00043748526 0.0041364143 7.145518e-09 5.7395507e-08 5.3594395e-08 1.2380747e-07 9.12661e-05 2.660514e-06 2.6529634e-08 1.3000898e-09 1.878892e-07 7.164022e-09 0.5389759 2.5046516e-08 0.0020378463 0.07987809 1.09260846e-07 4.972262e-10 8.59961e-10 9.495164e-10 0.015362776 7.136256e-07 5.6280386e-10 1.1679331e-05 0.00018624961
0.91989374 0.35905823 0.3929791 0.7640945 0.9523948 0.42696753 0.2242993 0.17183185 0.6369904 0.93198353 0.2915429 0.0157654 1.3813404e-13 0.007678165 0.0135197565 0.00036652485 2.9809713e-05 0.00052719965 0.00045300394 0.98103625 0.9764399 0.80299455 2.8989194e-05 0.00048059976 2.7694384e-07 4.443808e-05 0.007215125 2.4226772e-06 0.020919167 1.318948e-06 0.054505464 0.00785964 4.9630173e-05 2.659741e-07 0.0016938421 6.070748e-08 0.28770414 1.374526e-05 0.20394544 0.0025260893 0.031919066 1.3017276e-05 0.00012370308 1.4086767e-07 0.67223924 3.5513442e-06 5.874165e-06 0.0054898886 0.05576335 0.00029069243 0.07294443 1.2751955e-05 4.6972502e-07 1.6575632e-05 0.0008562904 1.1492245e-08 6.311447e-08 1.6361105e-06 0.32437426 0.09903742 2.7344743e-08 0.037040185 0.18799525 0.0037004023 3.3587125e-07 4.4407598e-06 4.6026578e-08 0.086108886 1.0515438e-06 1.6767075e-08 0.0022120643 8.0282426e-08 2.2415387e-07 3.1997638e-10 1.2278109e-05 0.0021043338 9.790992e-07 1.1763475e-06 1.4290809e-10 0.0043029296 3.966841e-07 0.012688137 6.0094094e-09 1.6169398e-08 1.609508e-09 1.978414e-10 5.817278e-10 6.67181e-09 0.0070963413 0.00043285132 6.2266835e-08 0.0005599232 2.8261593e-09 1.0407147e-07 9.220614e-05 3.855345e-06 2.0163936e-05 3.2563596e-09 2.380167e-05 1.1159336e-08 7.961938e-08
0.97063375 0.11485917 0.060141265 0.21944883 0.024271969 0.5396271 0.89993376 0.008507273 0.03560005 0.04725507 0.26943475 0.9806135 0.007678165 1.7596735e-15 0.017944254 0.8743908 0.0068875775 0.9377468 0.8386029 0.0010761747 0.0034412493 0.0032389371 0.051714953 0.007878247 0.012897566 0.0037057209 0.0015882617 0.017101187 0.0010856579 0.037497424 0.0001240762 0.46189103 0.45565128 0.037693914 0.44652826 0.0037360478 0.000476942 0.13599452 1.0042197e-05 0.2429582 1.109277e-05 0.0004951695 0.49220443 0.0037898894 5.342572e-05 0.06771597 0.10094577 4.669697e-05 2.4332715e-07 0.00011466487 6.3285376e-07 0.00021186398 0.031331386 0.3435741 0.29724556 0.00022392944 0.00056352874 6.865699e-05 1.5476444e-06 1.6243522e-08 0.00021048785 9.614928e-08 9.9710526e-08 0.17012027 0.037552133 0.03363913 0.0021510588 1.0749999e-08 0.012855955 0.0002576328 1.5272414e-07 0.0019039229 0.0078172665 2.027064e-08 1.9177092e-10 4.9133945e-05 0.0045744227 0.0074723596 6.8379467e-07 1.0501097e-08 6.619357e-06 2.6811886e-06 0.0007760637 7.880816e-05 1.3441925e-06 6.7488855e-09 2.0984977e-05 9.242759e-08 0.28562653 2.8190097e-09 0.0026952599 0.20374088 3.607853e-05 2.7660585e-08 8.724985e-08 2.0434547e-07 0.07406743 2.0789219e-06 1.7292301e-07 0.00019526575 0.0028015883
0.9722304 0.009498903 0.004251574 0.056856543 0.016135309 0.81272554 0.25112647 2.914957e-05 0.91322166 0.031115873 0.9334257 0.004935823 0.0135197565 0.017944254 3.4858709e-12 0.01294475 0.25978026 0.0030774123 0.009962908 0.0069236234 0.3067778 0.5110528 0.010964652 0.95791507 0.00019074169 0.040128205 0.9297612 7.682269e-05 0.8176193 4.1771913e-05 5.907662e-05 0.0020292422 0.000500971 7.0415263e-06 0.0015038004 5.80631e-06 0.7388211 0.00017678364 0.3994679 0.0012168519 4.5884084e-05 0.0075010904 0.0008599698 7.3078286e-07 0.033441998 3.1549116e-05 2.4834913e-05 0.7108371 1.1302844e-05 0.5347552 0.12928055 0.42044953 7.854499e-06 0.00017844376 0.001492073 1.8388348e-05 1.0232114e-06 0.00013000384 0.007617131 0.00041895415 7.2464e-06 1.9041825e-05 0.013960572 0.0012202131 1.9900062e-06 3.072294e-05 2.1963791e-07 0.027904771 7.726468e-06 2.7829967e-07 1.2205924e-05 4.6018245e-06 1.4950042e-06 2.351395e-08 2.1240734e-08 0.55439895 9.669992e-06 1.4897361e-05 1.2173142e-07 0.0011468002 0.08064508 0.24220838 5.0017474e-07 1.03314584e-07 1.2494765e-08 2.9502818e-09 3.8122458e-08 8.540923e-07 0.003618706 1.8061532e-05 6.250643e-06 0.0016826516 3.293163e-08 0.0036373083 0.0009575238 0.008618057 3.4131048e-05 9.197774e-08 0.009847476 2.1084121e-08 3.4143723e-06
0.979009 0.07883204 0.0064718807 0.027571097 0.0017478188 0.54776776 0.8789447 7.251872e-05 0.023525078 0.016534347 0.46473315 0.36186966 0.00036652485 0.8743908 0.01294475 1.56761e-12 0.019258939 0.8791919 0.96831626 9.648004e-06 0.00074242806 0.00090309477 0.6325715 0.017613204 0.45125255 0.055075556 0.0051646507 0.49252224 0.00064332946 0.8162091 1.0201802e-06 0.093118705 0.70769316 0.8736246 0.12913838 0.07008617 0.00018534577 0.35708073 4.343658e-07 0.04887771 7.5556e-08 0.0120548615 0.41343343 0.16163217 1.7986782e-06 0.24601594 0.81454676 0.00027988592 1.4824888e-08 0.002529476 3.3301646e-08 0.0014031626 0.30074054 0.2891963 0.09199335 0.011997561 0.011761682 0.0025798886 3.0638374e-09 2.0408807e-10 0.0062917634 7.771623e-09 8.725859e-10 0.032362122 0.07137659 0.09250535 0.08659294 8.1706497e-10 0.074073754 0.0081020435 2.0215506e-08 0.10509773 0.07623321 4.185045e-06 7.97111e-13 9.551166e-06 0.046613023 0.023201954 0.00010292932 2.0538387e-09 0.00015147257 7.829683e-08 0.036513634 0.0046456824 0.0011796011 6.2932845e-06 0.001292033 4.797777e-05 0.109782666 6.0157795e-11 0.035363186 0.19694428 0.0010036246 2.3735739e-08 5.9973178e-09 3.2861483e-06 0.056220237 8.007548e-05 5.1979168e-08 0.0013688381 0.0041654445
0.9679682 0.0003845953 6.15199e-05 0.0008367815 0.00035106292 0.50788915 0.06898629 6.887514e-06 0.038291413 0.00048955187 0.6900693 0.00021680421 2.9809713e-05 0.0068875775 0.25978026 0.019258939 1.4848607e-11 0.0033426604 0.029439043 1.3471614e-05 0.00042721484 0.0020760198 0.14379326 0.9867977 0.007852792 0.12735817 0.8986054 0.0023348432 0.48480958 0.0009193096 4.9097406e-07 0.00060444116 0.0008951721 7.604231e-05 0.0008163089 0.00039808764 0.054127567 0.0010830937 0.001759906 0.0010079271 5.1793535e-07 0.08284265 0.004781605 4.6873785e-05 9.200419e-05 0.00016934738 7.722862e-05 0.7329965 1.04737374e-07 0.81793237 0.00039134757 0.97998524 0.0005277837 0.00082775194 0.001580885 0.00036857472 3.3869343e-05 0.0016726736 3.3815093e-05 1.6735207e-06 7.006383e-05 7.955991e-07 1.1573498e-05 0.000107618594 9.3444316e-05 0.00016354882 2.8070788e-06 0.0003771152 0.00018285915 6.6337593e-06 1.417736e-07 5.1615876e-05 0.0001551725 3.9614138e-06 1.5309423e-09 0.7703014 3.7265378e-05 3.4856504e-05 5.5568603e-06 0.00011843624 0.62203115 0.063629 1.0449843e-05 1.0937392e-06 9.105957e-08 2.9915344e-07 1.3830075e-06 1.7725997e-05 0.0011327697 1.3128689e-06 5.572705e-05 0.0016640571 3.6926815e-07 0.086628556 0.00032856376 0.33152196 0.00012701216 5.8664307e-07 0.024896115 1.6838297e-07 1.3929903e-05
0.99025935 0.031024186 0.008510393 0.05006663 0.0060915137 0.19480509 0.5010711 0.0010642873 0.008914929 0.005837336 0.092346415 0.4667729 0.00052719965 0.9377468 0.0030774123 0.8791919 0.0033426604 2.0275616e-13 0.9775767 4.1361596e-05 0.00017872972 0.0007753654 0.034399327 0.0015290953 0.021587837 0.0019604159 0.0003283899 0.044016283 9.470482e-05 0.0775052 4.4873952e-05 0.32331878 0.78849316 0.063350365 0.49344602 0.002571962 5.6086457e-05 0.2792197 4.0143127e-07 0.186109 4.7537737e-06 0.0003709106 0.54899675 0.00508998 1.2757758e-05 0.18423742 0.28067473 8.692811e-06 1.4067234e-07 2.9927442e-05 8.712197e-08 7.688243e-05 0.0697441 0.34972954 0.298984 0.00018394284 0.00029084162 5.803783e-05 2.0725248e-07 5.1989653e-09 0.0001464586 6.822294e-09 4.636183e-08 0.15869871 0.06769513 0.07334902 0.0040304456 2.0286885e-08 0.021985035 6.775462e-05 7.2184616e-07 0.0043962854 0.013529825 1.802548e-07 3.148793e-10 3.6988583e-06 0.0093535 0.01611909 7.871975e-07 3.310455e-07 2.0994405e-05 1.0062602e-06 0.0011984645 0.00020620869 6.0957496e-05 3.3250888e-07 6.0644907e-05 9.669277e-07 0.32029414 8.356984e-09 0.018326482 0.28449053 0.000115526294 1.16848e-07 1.1347795e-07 2.0770415e-06 0.08770945 5.4510627e-05 7.411571e-07 0.0006215145 0.0026740718
0.98171276 0.01141763 0.0022481198 0.005994498 0.0009435103 0.12766777 0.35973442 4.6544064e-05 0.0109380875 0.0026991644 0.11875827 0.14347814 0.00045300394 0.8386029 0.009962908 0.96831626 0.029439043 0.9775767 1.4591206e-12 8.297797e-05 0.002619795 0.00035669288 0.35392326 0.033573013 0.16191578 0.059350822 0.00510544 0.12722497 0.00085599604 0.28009766 5.0081525e-07 0.22815792 0.83002484 0.33148426 0.3136457 0.032166522 0.0006071137 0.57362473 3.132462e-05 0.1477256 1.5071764e-06 0.0076186997 0.7283741 0.052045897 4.917515e-05 0.3679532 0.5432129 0.00057309866 2.5632447e-09 0.0023635598 4.7653646e-07 0.013164799 0.3554217 0.5821285 0.18615113 0.009662835 0.0070408992 0.0036443966 6.5363554e-07 5.850351e-09 0.002890978 7.8694556e-10 8.542951e-09 0.030604031 0.20562309 0.13782245 0.08670696 5.0650584e-08 0.14774044 0.006362327 1.9961541e-07 0.10522969 0.30605358 3.5587996e-06 6.34123e-11 0.001944699 0.036204863 0.0521251 0.00013896366 1.723021e-07 0.0026339756 2.2309766e-06 0.03700521 0.0056037856 0.0011359253 5.8178166e-06 0.0018442302 3.0995485e-05 0.17365202 7.5996165e-10 0.12498941 0.2678252 0.0026506989 2.7253429e-05 3.691243e-08 4.2399108e-05 0.20397022 0.0002489105 4.364672e-06 0.0057695983 0.034420107
0.8715276 0.28791422 0.44176438 0.5965744 0.9352807 0.22131689 0.07299099 0.4411091 0.52744186 0.8642493 0.10256942 0.002869298 0.98103625 0.0010761747 0.0069236234 9.648004e-06 1.3471614e-05 4.1361596e-05 8.297797e-05 1.0853211e-13 0.93286306 0.43166894 4.4874253e-07 3.8126662e-05 1.6164062e-08 6.226509e-07 0.00038741823 1.4868718e-07 0.003040276 6.6312666e-08 0.19430679 0.0029432105 1.0313404e-05 8.7429434e-08 0.00050763146 3.2507557e-09 0.33400112 6.3366787e-07 0.33892983 0.0011094767 0.22485669 6.022583e-07 8.740711e-06 4.522681e-09 0.9829773 1.5468778e-07 2.0987688e-06 0.0009573015 0.1797495 1.4827668e-05 0.25188994 1.2504296e-07 1.0927351e-08 2.0667508e-06 0.0003527613 7.915833e-11 4.5595177e-09 4.088585e-08 0.8132746 0.6917838 4.5916773e-09 0.11226673 0.66220516 0.0028816261 7.038605e-08 1.3610396e-07 7.788511e-09 0.41808504 2.3570094e-07 8.7277896e-10 0.016669106 7.99334e-09 1.9378533e-08 1.2277851e-11 2.1762276e-05 0.00039363105 2.812281e-07 3.1372903e-07 4.5083274e-11 0.019182853 2.3802428e-08 0.018478692 4.1337866e-10 2.089539e-09 4.629648e-10 7.254931e-12 1.0676428e-10 1.959337e-10 0.0027295088 0.0037668978 7.869175e-09 0.00015953276 1.5313775e-09 1.481493e-09 0.00020033165 1.2384934e-06 2.3480252e-06 1.3913869e-08 3.713107e-05 3.0174032e-08 7.162468e-08
0.8548103 0.20310886 0.2601829 0.27574137 0.62094325 0.4135713 0.15433288 0.08602631 0.93110216 0.81838435 0.588755 0.0013600219 0.9764399 0.0034412493 0.3067778 0.00074242806 0.00042721484 0.00017872972 0.002619795 0.93286306 7.931092e-12 0.96747106 0.00025088066 0.029137712 2.250681e-05 0.00016295098 0.0791004 2.367957e-05 0.32236844 1.4096549e-05 0.018557213 0.002630756 0.00016480121 7.6236114e-07 0.0010421575 8.619567e-07 0.5377441 2.0452952e-05 0.40887675 0.0007472979 0.06480086 6.705952e-05 0.00051441183 1.391866e-06 0.4637267 1.0452106e-05 6.6243147e-06 0.046101682 0.0044002747 0.0062565026 0.21170746 0.00023651258 3.9748747e-06 0.00036868773 0.00052832207 3.2411243e-08 1.196871e-07 5.564192e-07 0.0785869 0.07550487 6.8097904e-08 0.00012260929 0.11645682 0.00080547086 2.5964267e-05 5.847242e-06 3.5637666e-07 0.051228087 2.1140036e-06 4.855628e-09 0.0010463272 1.0587118e-07 2.2181164e-06 1.1245368e-10 2.2715416e-07 0.011462606 1.7887824e-06 1.0226416e-06 6.1629324e-10 0.00095589156 1.2867295e-06 0.013535806 2.0737971e-08 8.749695e-09 1.5318975e-09 4.840931e-10 1.7675504e-09 2.6552498e-09 0.0044161975 0.00030207378 6.3760844e-08 0.0021119495 5.8919074e-09 2.7186339e-08 0.00010879384 2.317751e-07 0.00016938728 7.3884344e-08 3.4814842e-05 4.954136e-07 2.1045894e-06
0.91712534 0.057775795 0.05485061 0.21604383 0.169869 0.59697735 0.07541334 0.014085236 0.9142657 0.20334016 0.5188922 0.001934126 0.80299455 0.0032389371 0.5110528 0.00090309477 0.0020760198 0.0007753654 0.00035669288 0.43166894 0.96747106 6.772274e-13 0.0003649871 0.026161361 1.5346204e-05 0.00082453387 0.13268435 0.00013842824 0.5955791 3.4712368e-05 0.0005368526 0.0014612452 0.00027719612 2.7925425e-06 0.0007339818 1.456835e-06 0.9797755 0.00022513651 0.9201113 0.00083003845 0.0013016575 0.00065222365 0.00033730688 4.736049e-06 0.68575144 4.1470015e-05 4.0562092e-05 0.13802226 0.00022094732 0.024430202 0.7941636 0.0003956785 0.0001363553 4.3213713e-05 0.00086797687 1.9532281e-07 5.716087e-07 3.4814482e-05 0.2995932 0.013725245 8.3106096e-07 0.00019325438 0.6323797 0.00046733348 6.6936295e-06 4.725228e-05 1.096027e-06 0.69192064 4.4937595e-05 3.0316568e-07 0.000109424735 3.70327e-06 3.584115e-05 1.0737398e-08 1.8825706e-07 0.035275098 4.025294e-06 1.668236e-05 1.36441e-08 0.12026795 9.645406e-05 0.58233446 2.2473309e-07 5.479779e-08 2.6934154e-08 3.9255657e-10 3.1394165e-08 1.5815552e-07 0.0015103112 0.0032291384 1.6597435e-06 0.00058461435 1.0162382e-07 3.664946e-06 0.009403246 1.88005e-05 1.2916971e-05 3.7167771e-07 0.0021276695 2.3172693e-07 5.5379737e-06
0.9819138 0.0020331594 0.0001993646 0.00088163925 3.6002362e-05 0.089181505 0.108179845 3.211576e-07 0.0014117517 0.0017423857 0.33463013 0.0013862349 2.8989194e-05 0.051714953 0.010964652 0.6325715 0.14379326 0.034399327 0.35392326 4.4874253e-07 0.00025088066 0.0003649871 1.8659197e-12 0.12541568 0.955711 0.98451644 0.026942518 0.72088575 0.002383545 0.5845679 5.024336e-07 0.008176782 0.0068986835 0.18820891 0.008008453 0.71132517 0.0011017864 0.016352551 2.024964e-06 0.0053884736 2.3654019e-07 0.7761372 0.050616637 0.06802117 1.453411e-05 0.007752475 0.008229067 0.014317393 2.9707456e-09 0.10571391 2.4908932e-06 0.57151395 0.0072656316 0.043637358 0.0043477803 0.77053446 0.25712302 0.32158962 3.643239e-08 1.3252234e-09 0.37906146 8.1710083e-10 4.160906e-09 0.004272953 0.0031923824 0.0014593978 0.0006516644 2.584503e-08 0.0015885693 0.037552986 2.3344529e-09 0.008687417 0.000729904 0.008742282 8.660621e-12 0.011567541 0.0011541117 0.0007495048 0.009816084 3.291135e-08 0.77817756 9.764679e-05 0.0013955059 0.0002558513 0.0001196543 0.002855186 0.0003172615 0.0049722106 0.013886233 1.3815831e-09 0.0011559419 0.022081483 4.725066e-05 0.00233379 1.042294e-07 0.04548352 0.0022612438 2.1470034e-06 0.00016707763 8.821535e-05 0.00056673115
0.84189135 0.0010399043 0.0006967928 0.004097679 0.00021215594 0.3576368 0.12074475 1.38295945e-05 0.52688164 0.006804426 0.90479547 0.0003355631 0.00048059976 0.007878247 0.95791507 0.017613204 0.9867977 0.0015290953 0.033573013 3.8126662e-05 0.029137712 0.026161361 0.12541568 8.686718e-14 0.026626792 0.35165408 0.9568444 0.0034174593 0.61351013 0.0019754025 2.9845611e-07 0.00090161455 9.121806e-05 8.4903295e-05 0.00073595456 0.00031468508 0.12831531 0.0001909357 0.013547339 0.0005801863 1.9478474e-08 0.05190228 0.0020435953 5.54306e-05 5.011717e-05 5.2443913e-05 1.19565375e-05 0.35826483 3.4279888e-11 0.6375759 0.0054218997 0.7746945 6.0753035e-05 0.0011030211 0.0005317685 0.00028312273 6.629939e-06 0.0007441261 2.6659416e-06 5.751438e-09 1.21022085e-05 1.6823887e-10 3.3759331e-06 0.00041723446 6.178325e-05 4.115165e-05 4.9311524e-07 0.00021058622 2.3658418e-05 4.1843882e-07 1.1482906e-09 2.2463828e-06 2.451125e-06 2.5879558e-08 1.3629566e-11 0.1518729 4.865755e-06 2.9321775e-06 1.3572404e-07 1.2129015e-05 0.102607355 0.010803698 3.028738e-07 6.9760155e-08 2.4250637e-09 5.8074285e-08 3.5454622e-08 4.3891405e-06 0.0012693777 5.0450546e-07 2.6351597e-07 0.0017594033 1.592263e-08 0.0044440157 3.9598486e-05 0.0057456796 0.00017228707 2.8602164e-08 0.000539407 9.772285e-08 2.2992945e-06
0.986976 0.00029132326 1.9178404e-05 3.362254e-05 4.0702034e-06 0.010802286 0.01386514 3.6789075e-08 6.0386068e-05 0.0002623714 0.018944984 0.0009034001 2.7694384e-07 0.012897566 0.00019074169 0.45125255 0.007852792 0.021587837 0.16191578 1.6164062e-08 2.250681e-05 1.5346204e-05 0.955711 0.026626792 8.782463e-10 0.87273747 0.0027939228 0.9409561 0.00080473954 0.7079476 3.5601538e-08 0.0026195513 0.009286842 0.33223313 0.0035574953 0.8874625 0.000102047416 0.01533214 2.3804835e-06 0.0030022666 1.3895112e-07 0.7286708 0.0365346 0.18388687 1.7649253e-06 0.009407013 0.029716063 0.004787462 5.4089333e-10 0.013787022 4.9242185e-06 0.36234194 0.014200238 0.029412095 0.0023942103 0.8763785 0.6565609 0.46378422 3.8701753e-08 4.3630358e-10 0.74510723 8.476238e-10 4.0248045e-09 0.0018468085 0.0033125791 0.0038740647 0.006986183 1.600884e-08 0.005685552 0.22119656 2.1143634e-09 0.03991697 0.0053890413 0.085407436 2.7841672e-11 0.0066941436 0.008201691 0.0033714226 0.13764569 8.012134e-08 0.8659517 0.00013704142 0.012396575 0.0052715642 0.0033160546 0.018535554 0.012300953 0.04727202 0.007015801 4.1970454e-09 0.0030149643 0.016396487 0.00022580803 0.00078094786 4.0507854e-07 0.059589963 0.0024746992 6.762776e-05 2.8252463e-05 0.00023540745 0.00080963003
0.91715777 0.0021092403 0.00059042743 0.00060326065 9.0287074e-05 0.1567103 0.054291967 2.2990885e-06 0.0062350505 0.0054540224 0.5532318 0.00027679533 4.443808e-05 0.0037057209 0.040128205 0.055075556 0.12735817 0.0019604159 0.059350822 6.226509e-07 0.00016295098 0.00082453387 0.98451644 0.35165408 0.87273747 8.7540964e-14 0.061121695 0.4048691 0.00390955 0.16203938 5.0690696e-06 0.00068919366 0.0012169337 0.017160434 0.0008549673 0.18893516 0.0003695831 0.0017468756 4.886744e-07 0.0006909128 4.9400746e-06 0.99061614 0.007028605 0.012284558 2.3061624e-05 0.0003200921 0.00022233708 0.015455442 1.2161793e-09 0.31969625 1.2749201e-06 0.7820184 0.00088300067 0.0040982226 0.0010423295 0.62941784 0.013663094 0.4859449 9.561955e-10 1.8842572e-11 0.05035276 1.5539446e-10 3.047149e-11 0.0010186826 0.00019447108 0.00031109632 0.000114172646 8.273323e-09 0.00026504448 0.00037269588 3.5569922e-11 0.00070068904 6.870493e-05 0.00037593595 1.8828541e-13 0.0073943776 0.00016091943 0.000115304945 0.00012331991 5.913662e-08 0.42408103 5.650524e-06 0.00015002873 6.1878563e-06 1.16492515e-07 2.1896803e-05 1.5608838e-06 0.00083863456 0.002383086 2.3228104e-10 3.0559222e-06 0.005706469 2.7332412e-06 0.0024932711 1.8023091e-07 0.024421316 0.00071706047 3.56911e-07 4.268974e-05 8.945575e-06 2.9826122e-05
0.60472506 0.0026943844 0.0018149039 0.0026114148 0.00019680923 0.13620527 0.038100176 7.628398e-05 0.5325797 0.020815946 0.7036383 0.00018525352 0.007215125 0.0015882617 0.9297612 0.0051646507 0.8986054 0.0003283899 0.00510544 0.00038741823 0.0791004 0.13268435 0.026942518 0.9568444 0.0027939228 0.061121695 2.7160406e-13 0.0004173029 0.9951592 0.0007751181 3.0889355e-06 0.0012034811 0.00010551874 1.0376318e-05 0.0005225473 0.00014913417 0.24897999 0.00020902557 0.021150015 0.00015479235 1.6272268e-06 0.008973897 0.0011615783 5.5621338e-05 0.00031754753 4.7653826e-05 5.092235e-06 0.6138489 7.122694e-10 0.5514693 0.022084879 0.38298365 9.790601e-05 0.0005418553 0.0002784894 2.242963e-05 6.979836e-06 8.777234e-05 2.9540452e-06 4.502858e-09 8.257084e-06 1.7400241e-09 1.8807035e-06 0.00044713228 8.2120576e-05 2.5873307e-05 2.4033632e-06 0.00039751478 2.969919e-05 5.536477e-07 4.710762e-09 2.3053367e-06 2.9029587e-05 2.3765184e-08 5.210158e-11 0.14087242 9.354378e-06 3.7279863e-06 3.7995042e-07 7.0662754e-06 0.009329335 0.012041251 2.7151373e-07 3.6784044e-07 2.681549e-08 7.674466e-08 9.927747e-08 1.2086516e-06 0.0016178607 1.4996464e-06 1.9793926e-07 0.0010743083 9.623184e-08 0.0019957272 7.38717e-05 0.0003993204 0.00021664983 9.4315357e-07 0.0009777128 3.5458856e-06 5.543511e-06
0.9909499 0.0002487776 1.253106e-05 6.468256e-05 2.7165643e-05 0.0044459915 0.006655216 9.683871e-08 0.0001417165 0.0001801279 0.003160721 0.00079990417 2.4226772e-06 0.017101187 7.682269e-05 0.49252224 0.0023348432 0.044016283 0.12722497 1.4868718e-07 2.367957e-05 0.00013842824 0.72088575 0.0034174593 0.9409561 0.4048691 0.0004173029 1.1986198e-07 0.00023120789 0.9240246 4.836423e-08 0.002606337 0.022808999 0.78647506 0.008916082 0.95477796 0.00036453246 0.036249857 3.1882869e-06 0.009167633 7.272805e-08 0.31590053 0.037220743 0.6531296 3.2444673e-06 0.037564777 0.1188244 0.00051675347 2.8493698e-08 0.0016284587 3.3558626e-05 0.05373556 0.033540163 0.031705275 0.0061306804 0.56586254 0.863462 0.25104883 1.1756247e-07 2.8599754e-07 0.77857804 4.211704e-09 5.304573e-08 0.0028736333 0.006639295 0.011655609 0.08533681 2.7637896e-07 0.016682066 0.66183805 8.321296e-08 0.29911274 0.014928758 0.13332766 9.626479e-10 0.0008098505 0.006818328 0.010908897 0.4323118 3.0573432e-07 0.60795873 0.00014948673 0.12768294 0.046171967 0.033972602 0.017493004 0.12153408 0.01865592 0.017394347 1.3512866e-07 0.009415068 0.0198466 0.0022139396 1.9544486e-05 5.488558e-07 0.026487745 0.004203056 0.0018984113 2.2543974e-05 0.0017435991 0.00064594013
0.44811273 0.0054698153 0.0023767976 0.0016801878 0.00033107883 0.06382709 0.018750697 0.0001860027 0.42003286 0.039841887 0.6020844 7.222415e-05 0.020919167 0.0010856579 0.8176193 0.00064332946 0.48480958 9.470482e-05 0.00085599604 0.003040276 0.32236844 0.5955791 0.002383545 0.61351013 0.00080473954 0.00390955 0.9951592 0.00023120789 1.3690348e-15 0.00012319673 4.589572e-05 0.00060810486 1.5699525e-05 4.0763857e-07 0.00014236454 8.8674915e-06 0.7581811 3.2919907e-05 0.28844896 9.4149276e-05 6.071041e-05 0.0015767445 7.767394e-05 3.6480685e-06 0.0070059756 1.400288e-05 5.2753705e-07 0.984022 1.2691262e-08 0.67133427 0.23206154 0.19487447 4.717936e-06 9.4634845e-05 9.684617e-05 2.8906936e-06 7.258009e-07 4.198709e-06 6.695669e-05 1.03436626e-07 4.390461e-07 7.2364648e-09 0.00044496052 0.00024725747 3.4798497e-06 6.004624e-06 2.50365e-07 0.0027214994 1.2898784e-06 4.5288033e-08 4.781105e-09 7.1939206e-07 4.255186e-07 3.0689007e-10 2.0112441e-11 0.44676712 2.7699284e-06 3.1810475e-07 2.0963453e-09 8.867661e-06 0.0003468955 0.08304835 4.2924817e-08 5.6915703e-09 3.3453849e-09 2.1617768e-09 1.090228e-09 2.8689476e-08 0.00091702683 4.4351814e-06 9.21547e-09 0.0007951664 1.2858974e-08 0.0003531962 0.00015391076 9.168344e-05 3.408219e-05 1.5703297e-07 0.0034785361 2.1729757e-07 4.160642e-06
0.9809402 0.000586239 0.00013668365 9.5700336e-05 5.4880898e-06 0.0048253275 0.020846188 4.145224e-08 3.125894e-05 0.000583917 0.0037054627 0.002393369 1.318948e-06 0.037497424 4.1771913e-05 0.8162091 0.0009193096 0.0775052 0.28009766 6.6312666e-08 1.4096549e-05 3.4712368e-05 0.5845679 0.0019754025 0.7079476 0.16203938 0.0007751181 0.9240246 0.00012319673 2.4039015e-10 1.6885315e-07 0.010210798 0.0402653 0.96558285 0.013571118 0.86279917 0.00014521122 0.10092493 1.8028928e-06 0.0063305274 2.7279432e-07 0.08168839 0.10195915 0.8919931 5.7379643e-06 0.087205686 0.37210205 0.0002838432 1.099047e-09 0.001679603 2.307499e-06 0.028447501 0.20833413 0.10186569 0.007752161 0.3722131 0.71447575 0.06807729 1.05569924e-07 2.2872928e-09 0.47921428 8.6131857e-10 1.4635862e-08 0.005495973 0.035097092 0.024078893 0.38801172 4.7023082e-08 0.093640335 0.68114346 1.2952045e-08 0.71166074 0.1393916 0.044109393 1.7739937e-10 0.002240211 0.0640353 0.035030697 0.251593 1.2387679e-07 0.18524987 6.4549727e-06 0.31454462 0.11977179 0.06527286 0.010676843 0.22441651 0.007654337 0.012084593 4.8656124e-09 0.03580975 0.04244724 0.012342888 8.356172e-07 2.8308074e-07 0.0071804873 0.014145639 0.005848246 3.7309776e-06 0.016477922 0.007379949
0.90920454 0.12441643 0.5779874 0.43523836 0.9280069 0.0040230458 0.0013966636 0.98775154 0.002006417 0.52069277 0.000591209 0.0012014542 0.054505464 0.0001240762 5.907662e-05 1.0201802e-06 4.9097406e-07 4.4873952e-05 5.0081525e-07 0.19430679 0.018557213 0.0005368526 5.024336e-07 2.9845611e-07 3.5601538e-08 5.0690696e-06 3.0889355e-06 4.836423e-08 4.589572e-05 1.6885315e-07 1.1666698e-12 0.009539332 2.7005417e-05 8.433734e-07 0.00032605973 1.1065315e-08 1.9711908e-05 1.2071253e-06 0.0003491727 0.0015396406 0.9987174 1.8926796e-06 1.3733917e-06 6.6497803e-09 0.095402 4.8007195e-07 5.7912536e-07 1.8191286e-05 0.122885495 1.526694e-07 0.0017268532 2.4449754e-08 3.020661e-07 1.0266006e-07 0.00023505816 1.9976138e-08 6.844872e-08 4.3520604e-08 0.013302659 0.17262106 9.483675e-09 0.04308985 0.0011202992 0.016164573 2.652609e-08 9.3578834e-08 8.5293163e-07 4.3986714e-05 2.4273397e-06 5.4488037e-08 0.0025754636 1.09646656e-07 7.602607e-07 6.2109167e-09 4.387251e-05 3.1275877e-07 3.513736e-07 9.846624e-07 1.7780325e-09 3.662553e-06 2.2889958e-08 1.7534492e-05 4.4180332e-08 6.719011e-07 5.6225367e-09 2.1421245e-09 1.9160054e-10 1.9979386e-11 0.005109994 0.0002002518 4.2289605e-10 1.7610196e-06 1.5776368e-09 2.862173e-10 1.6882224e-05 2.0946436e-08 9.251596e-08 7.763461e-09 1.4093759e-08 4.8896154e-09 2.66842e-09
