2.427032e-15 0.9768993 0.97514546 0.9251134 0.90316725 0.93996686 0.9867799 0.8460363 0.96357125 0.9807723 0.9554981 0.53236806 0.98982143 0.8919107 0.9819876 0.8135233 0.9058125 0.97926444 0.98064834 0.61693233 0.91320914 0.71793675 0.982003 0.9797622 0.9730189 0.9946572 0.98918635 0.9903563 0.961943 0.947502 0.85842323 0.96740514 0.99277955 0.9772359 0.67961127 0.92867374 0.5688869 0.8055242 0.9815969 0.442895 0.6075267 0.98666346 0.9896279 0.06921862 0.42567742 0.95439833 0.8707035 0.069052644 0.45433378 0.9752589 0.89086235 0.97409743 0.9820695 0.89247024 0.9883007 0.020098388 0.9980273 0.96660465 0.9761991 0.35588765 0.022246344 0.78673536 0.97146267 0.23003086 0.004248318 0.9994832 0.9956146 0.9755415 0.007216621 0.9845258 0.9346328 0.95413166 0.75132006 0.006677636 0.9869952 0.022525994 0.9691373 0.9464685 0.2450323 3.5351852e-06 0.12625006 0.6693608 0.99603623 0.0148476 0.016173115 0.00093111576 0.0011299849 0.9701559 0.98503745 0.00553412 0.5631946 8.460694e-06 0.9271881 0.9984859 1.6402569e-06 0.9909893 0.989083 0.9999462 7.1836854e-05 0.027041705 0.984284
0.9768993 7.052086e-11 0.18030757 0.1082226 0.33733976 0.010774522 0.9253801 0.003329743 0.7095383 0.87512916 0.13648988 0.006154969 0.72855914 0.0002459257 0.0058956374 0.00023647376 0.006475403 0.00012133578 0.0001090212 0.61393577 0.017799668 0.11208925 3.7935017e-05 3.4158333e-05 0.0030083426 0.0045244633 2.7016092e-06 5.1600917e-05 0.00793377 0.042551536 2.438988e-06 0.00010230563 4.6521876e-07 4.4501544e-06 2.2569637e-05 0.0015442151 0.9418778 0.2576322 0.012184659 0.8812971 5.979558e-05 0.18694423 9.113303e-05 0.72346634 0.00013265204 9.3671486e-05 1.6156758e-06 0.79441774 0.73935974 6.362499e-05 0.00010730694 9.070867e-05 0.00036673865 1.568326e-05 3.6521556e-06 0.74353933 0.0029572148 2.0550007e-05 0.00021873502 0.002090221 0.03767739 0.0050677 7.5679536e-06 1.0111003e-05 0.19714384 0.0010261099 4.1801006e-05 1.780909e-05 0.45244628 7.2560084e-05 6.728263e-07 0.00015874462 0.00022927475 5.6656143e-05 1.4820591e-06 8.716302e-08 5.826854e-05 0.002021087 6.062783e-09 0.0008358077 0.76484674 0.0007468295 1.7960763e-06 2.6703967e-08 1.11240226e-07 1.4491104e-09 1.3980394e-07 0.0007516845 4.909535e-05 3.6413564e-06 0.0011112328 0.00014390842 0.005745077 0.0029341711 0.0074270857 1.0668394e-05 2.1672327e-07 0.00019962982 7.455156e-05 0.011813619 4.2355907e-05
0.97514546 0.18030757 3.7204365e-11 0.047071908 0.75845784 0.004714772 0.8210146 0.0020527868 0.61125207 0.76501757 0.051956158 0.005766117 0.965133 0.00026477795 0.44446883 0.00039253157 0.0069390256 0.00019920552 0.040948592 0.84336233 0.0015505601 0.021112528 0.030960951 0.011118784 0.0067078387 0.09060861 0.0026773573 0.0026816607 0.6309426 0.22983773 6.663093e-07 0.02974911 0.00033484385 6.19972e-07 4.655474e-06 0.14087175 0.3398378 0.7871626 0.069097504 0.58342236 2.189012e-05 0.8235553 0.004565395 0.19534159 2.2063556e-05 6.470785e-05 7.263735e-07 0.4844652 0.054343145 0.008080426 0.0028473844 0.0067952275 0.0061689927 3.8140606e-06 0.00062553724 0.111425675 0.0057537374 0.0028057394 0.0024177346 3.2797445e-05 0.00016434997 0.102488555 0.000940681 1.3647992e-06 0.06614998 0.007730035 0.0014378062 0.001259796 0.01462019 0.0037536174 1.3641349e-07 0.013612247 0.00022177336 4.963107e-07 7.731506e-05 6.9078726e-10 0.0020858701 0.04761636 3.0287954e-09 5.6323615e-06 0.8851012 0.096180886 0.000277378 2.478423e-09 7.135984e-09 1.7607589e-10 2.5287858e-09 0.015692325 0.0011607074 1.9923239e-09 0.021400305 3.586455e-08 0.0043469947 0.0023301083 0.00030157177 0.0004569836 4.5838948e-05 0.0026497056 8.641942e-08 0.25123587 0.001625658
0.9251134 0.1082226 0.047071908 3.4938736e-11 0.4893503 0.9521172 0.73406243 0.93070924 0.8260508 0.79775286 0.881734 0.9539618 0.31449887 0.5640412 0.0119014885 0.52232003 0.25331217 0.13309437 0.00039847335 0.041474026 0.64082205 0.60964775 0.0001685069 9.957289e-05 0.06750325 0.0074379235 1.2981175e-05 6.72725e-05 0.0067753107 0.07342042 0.0038942285 0.00011354384 2.2535366e-06 0.00029436764 0.022525944 0.000887456 0.3892266 0.008493938 0.051030707 0.0505089 0.005791926 0.027099786 0.00028090124 0.0484318 0.0025023709 0.00042426962 0.00032813853 0.0069490187 0.34202728 6.344316e-05 0.00052340067 0.000106207386 0.0009212484 0.00010715201 1.0292358e-05 0.051528435 0.020326959 3.2074342e-05 0.0012048718 0.009546767 0.009840645 0.0029784795 0.00015407098 2.3428282e-05 0.001047751 0.010008634 0.000107358734 8.313639e-05 0.06386965 0.0002111004 2.4658232e-06 0.00029931252 0.0006517834 0.0002586688 1.5449788e-05 4.4393406e-10 9.638113e-05 0.00021851361 1.8336687e-09 4.4257737e-05 0.045867614 0.0009001987 1.9408895e-05 4.208685e-09 5.8390494e-08 4.088382e-12 1.9086569e-07 0.0001976095 8.06144e-06 3.9213026e-07 0.00012046 1.6424968e-06 0.0030759673 0.0023059791 0.00041723187 4.032058e-05 5.496921e-06 0.0014878081 3.3187448e-06 0.0007414598 3.3821398e-06
0.90316725 0.33733976 0.75845784 0.4893503 2.9351386e-13 0.029719708 0.94473463 0.016958004 0.63248587 0.8046132 0.09464342 0.086491756 0.8257871 0.0027082055 0.15127727 0.007744229 0.0051641017 0.00084297947 0.016748892 0.9377167 0.06271013 0.54777104 0.009783756 0.0034037302 0.010687809 0.022945821 0.00046136059 0.0004528357 0.43167892 0.06504179 1.2354221e-05 0.0072615026 2.2710801e-05 1.7660432e-06 0.00012471159 0.04233034 0.83841586 0.82906544 0.024144765 0.79061 0.0005065533 0.4308528 0.0026279825 0.5074205 0.00018223138 0.00020706176 1.7283319e-05 0.49205577 0.16843894 0.0013794407 0.00052405114 0.0015089463 0.0020910844 9.257037e-05 2.3396777e-05 0.27101043 0.0071027568 0.00043825718 0.0003149529 7.877446e-06 0.0033529936 0.12210257 0.0005613876 1.4091341e-06 0.044931505 0.0035035957 0.00026947752 0.0004139575 0.078473195 0.0006170611 4.0513935e-08 0.0058589973 0.00079740403 1.2642316e-06 0.000106688065 4.6972183e-11 0.0005724819 0.014049927 8.314581e-09 0.00035038445 0.43551272 0.022987427 0.00021350916 4.960575e-09 1.6113148e-08 1.464349e-11 1.2495956e-08 0.003407368 0.00020172176 3.1531346e-08 0.012524563 6.819296e-07 0.002156184 0.0012080796 0.0032028311 0.00036813732 0.00010942202 0.0011220165 9.469888e-08 0.15441217 0.0004438048
0.93996686 0.010774522 0.004714772 0.9521172 0.029719708 1.4932298e-12 0.30041397 0.9714795 0.6414397 0.47698483 0.9549528 0.6228973 0.061944526 0.49542207 0.0004776161 0.42872003 0.61046994 0.81963414 1.11647605e-05 0.004439831 0.28639916 0.14970246 4.27379e-06 5.5147266e-06 0.20938331 0.0027438777 3.9338428e-07 1.6956942e-06 0.0005872023 0.07581433 0.040352657 2.7384751e-06 3.826612e-08 0.0036961436 0.06380286 0.00018155902 0.04935642 0.00026613308 0.06335684 0.004104426 0.016349893 0.009514683 1.1584464e-05 0.00591185 0.005396414 0.0038610224 0.0014005924 0.00033682154 0.094907686 4.5376854e-07 0.00015105768 1.20432705e-05 0.00025406806 0.00089073443 1.7082116e-06 0.005502358 0.15046921 3.2647013e-06 0.0015488138 0.008156514 0.0016630014 0.00015427213 2.5709212e-06 0.0005138678 1.4961787e-05 0.013946267 3.3048844e-05 9.537303e-06 0.006390238 1.9918472e-05 1.4792923e-05 1.3280982e-05 0.003240468 1.6362283e-05 3.4012606e-07 1.2012294e-08 1.67675e-05 1.9369212e-05 9.306389e-08 3.480888e-08 0.002866272 0.00014373024 1.0703431e-05 3.9853183e-09 3.1162454e-08 3.226078e-10 1.6242223e-06 6.204157e-05 8.207273e-07 1.3962759e-06 7.835518e-06 8.240314e-09 0.01603195 0.007343887 1.0101638e-06 5.404793e-06 1.2943033e-06 0.0017118403 8.9520483e-07 1.16379915e-05 8.146581e-07
0.9867799 0.9253801 0.8210146 0.73406243 0.94473463 0.30041397 1.0667741e-09 0.09557202 0.72084063 0.6755733 0.32629502 0.15536802 0.5840389 0.028427945 0.047612965 0.017960852 0.028763026 0.0036644381 0.0051026484 0.646423 0.06394182 0.17690267 0.00828999 0.0016457113 0.011733316 0.020154506 0.0010782612 0.0020699948 0.1018065 0.21960565 0.00011608457 0.006005721 4.3299515e-05 5.1803076e-05 0.0005613063 0.023542592 0.52723974 0.36272618 0.07341996 0.5825903 0.00025994855 0.32972264 0.0014383501 0.15497194 0.00023895387 0.0001269314 1.24300805e-05 0.27475888 0.2269091 0.0028563188 0.0047728717 0.008857641 0.0048873993 5.70962e-05 0.00083444425 0.09749132 0.004131049 0.0024212755 0.004287401 0.00041191228 0.001958451 0.019841013 0.00088926184 3.568763e-05 0.020864705 0.012541684 0.0006071589 0.0013663849 0.013565109 0.0040296097 1.8533303e-06 0.004430278 8.691124e-05 1.8074663e-05 0.00016770372 1.144271e-07 0.0045472747 0.018393677 6.271568e-09 6.2284357e-06 0.5325462 0.007201617 0.00022314642 3.8557268e-08 2.0685914e-07 4.786662e-09 4.6482516e-08 0.010738952 0.0012294358 4.201845e-08 0.004660517 9.147383e-07 0.0035277996 0.0010123402 0.0001197743 0.0002816279 1.877325e-05 0.006275605 4.125332e-06 0.010276666 0.000455849
0.8460363 0.003329743 0.0020527868 0.93070924 0.016958004 0.9714795 0.09557202 8.0814175e-11 0.26648003 0.15709063 0.7064308 0.93525183 0.01570924 0.836192 0.00044600625 0.74893886 0.2719439 0.8936482 5.1261057e-05 0.003297106 0.46394163 0.24465534 3.6212103e-05 2.9053737e-05 0.08505856 0.0007657459 3.5741698e-06 8.466804e-06 0.0005261053 0.01717328 0.06335752 9.729742e-06 4.2375578e-07 0.00817509 0.0923318 0.00021045536 0.04372024 0.00035746998 0.012593911 0.0028490238 0.047383174 0.0025837664 4.709873e-05 0.003669353 0.016048549 0.004723438 0.0038395873 0.00011777362 0.14780504 2.4842768e-06 0.0002555833 1.7898326e-05 0.0003177478 0.0013658117 3.5835146e-06 0.005632528 0.058432482 8.117007e-06 0.00093698065 0.024515847 0.002902916 0.00012559602 1.4843515e-05 0.0014211976 1.5308608e-05 0.0041957973 0.000116499126 3.337323e-05 0.010300117 1.8205152e-05 3.6416815e-05 1.3151314e-05 0.0027262492 0.0003990337 1.2689219e-06 1.0476415e-07 2.1269796e-05 2.6325024e-05 3.578042e-07 8.7003036e-07 0.0031696074 0.000110207366 1.0589582e-05 7.699303e-08 6.8798096e-07 9.261792e-10 2.8828297e-05 7.855162e-05 4.2771626e-06 2.3047796e-05 2.686552e-05 8.1026025e-07 0.004508608 0.003329708 1.9612282e-05 6.953181e-06 3.6550962e-06 0.0012395161 5.859014e-06 3.3333123e-05 1.8589558e-06
0.96357125 0.7095383 0.61125207 0.8260508 0.63248587 0.6414397 0.72084063 0.26648003 5.4744607e-12 0.93961686 0.9043942 0.2019392 0.6937724 0.058473077 0.13580862 0.03764358 0.5343021 0.035440527 0.008808732 0.1897895 0.05175771 0.089834794 0.012682524 0.0025973099 0.2858839 0.103798866 0.0019315877 0.00081287045 0.10485054 0.79053265 0.00089230307 0.0046688267 2.4391149e-05 0.00023780196 0.0044529485 0.017536283 0.19755556 0.11311971 0.5036802 0.12455022 0.0013979569 0.25641382 0.00097541383 0.03926274 0.00074769673 0.0040876153 0.0005641842 0.048124667 0.07712027 0.0012493188 0.0076326444 0.0037461538 0.013717107 0.00047810096 0.00025441044 0.024972638 0.056040186 0.0010171963 0.024771065 9.330789e-05 0.0010789391 0.016763793 0.000756149 1.6492815e-05 0.003222624 0.068900906 0.0010126703 0.0015139632 0.009224427 0.0020276068 5.914012e-06 0.0029693793 0.0019034266 7.942966e-07 4.4827375e-05 1.0463105e-09 0.002414464 0.0043142587 1.4123845e-08 1.1162658e-06 0.1769179 0.0029091972 0.0004045285 4.3632458e-09 4.1912156e-08 9.689103e-11 1.06753035e-07 0.0040089763 0.00018531166 2.307543e-08 0.0023040185 1.9455713e-08 0.0036021443 0.0019031498 5.916909e-05 0.00017220773 5.2483385e-05 0.017106824 4.0449464e-08 0.0055075763 0.00010262126
0.9807723 0.87512916 0.76501757 0.79775286 0.8046132 0.47698483 0.6755733 0.15709063 0.93961686 2.7689363e-11 0.71406907 0.1694334 0.56159306 0.040551238 0.066833384 0.023869481 0.27382055 0.01614233 0.005288284 0.44138628 0.08358863 0.13551779 0.01057194 0.0015379757 0.09729671 0.03942179 0.001287967 0.0013333039 0.11293659 0.49882424 0.00020977225 0.005703071 2.2508744e-05 7.075808e-05 0.0014704929 0.018910328 0.34288594 0.24370708 0.20897014 0.29406714 0.0006748332 0.3445471 0.0006653814 0.07544279 0.00053551135 0.0010826435 0.00012795658 0.14744808 0.16591051 0.0014048343 0.0071208277 0.0069979928 0.0071196565 0.00018545573 0.00026804832 0.05027268 0.013408042 0.0008897849 0.011259997 0.00012760574 0.0015921601 0.017711846 0.0003188935 7.022735e-06 0.009316421 0.021731611 0.00056472985 0.0011370361 0.013778419 0.0023591516 5.3893004e-06 0.0030929577 0.000429159 3.2316857e-06 4.9500657e-05 2.5846594e-09 0.0018421471 0.013078883 6.983148e-09 8.689906e-07 0.39888394 0.003020575 0.00019168173 5.489547e-09 1.5252946e-08 1.16336905e-10 1.4554657e-08 0.0070526227 0.00032566473 1.2514561e-08 0.0022232935 7.671217e-08 0.0025600228 0.0012212952 4.550717e-05 0.00016702489 6.76807e-06 0.009944294 1.5648865e-07 0.0063882302 0.00014716285
0.9554981 0.13648988 0.051956158 0.881734 0.09464342 0.9549528 0.32629502 0.7064308 0.9043942 0.71406907 5.1046817e-10 0.42517647 0.11281968 0.26630285 0.024266042 0.168641 0.95689404 0.44909167 0.0009484202 0.0110709695 0.08242034 0.06373927 0.0003153523 0.0005262415 0.4585852 0.041508883 0.0001018618 0.00010830327 0.008350046 0.4124087 0.013276609 0.00022570188 1.207135e-05 0.003624932 0.01683801 0.0025967017 0.045585945 0.0021517964 0.28368536 0.00837401 0.0053050118 0.04170139 0.00033052676 0.0063030873 0.0010531637 0.015542309 0.004076425 0.00065012556 0.031704843 2.466631e-05 0.005141127 0.00037149273 0.005460455 0.0026959886 0.000118165466 0.0050844466 0.45936102 0.00015346827 0.026890816 0.00054220756 0.00058396044 0.0006476975 0.00011436095 0.0007325825 6.7826244e-05 0.095594294 0.0014156332 0.00044535045 0.002287109 0.00051869417 5.6096193e-05 0.0001007669 0.008875179 1.5774932e-06 2.0350086e-05 1.4877881e-07 0.00050553976 0.0001855035 2.1531046e-07 7.119347e-08 0.0051833987 0.0007852701 0.00039006735 2.7728516e-08 3.536033e-07 2.0342168e-09 2.7463498e-06 0.0006235743 6.64902e-05 2.4890846e-07 3.0727217e-05 8.902838e-09 0.012001241 0.0063073295 7.3196557e-06 8.1583916e-05 6.5254004e-05 0.029317565 2.0422681e-07 9.340574e-05 2.6854046e-05
0.53236806 0.006154969 0.005766117 0.9539618 0.086491756 0.6228973 0.15536802 0.93525183 0.2019392 0.1694334 0.42517647 3.3020936e-16 0.02090554 0.96610165 0.001343189 0.9553641 0.0635497 0.49325112 5.2488547e-05 0.0019661388 0.30322435 0.3497803 1.0095269e-05 1.5159301e-05 0.017091464 0.0008477886 2.9380055e-06 3.9526853e-06 0.00010629636 0.008981265 0.007002452 1.5290537e-06 2.0768355e-06 0.00089573313 0.022580158 1.2874641e-05 0.0093571395 0.00014462523 0.008000072 0.00054505485 0.008395089 0.0037983165 0.00010850124 0.0009310532 0.0017154609 0.00042049846 0.00023870854 4.4385557e-05 0.033950754 5.2584437e-07 2.4319172e-05 3.6830218e-06 9.441687e-05 4.858959e-05 7.4542373e-07 0.0010032644 0.008108873 2.23364e-06 8.1088176e-05 0.0031658963 0.0009770357 4.18097e-05 4.0051104e-06 4.916903e-06 2.846532e-06 0.002282274 3.5616773e-05 7.910594e-06 0.0024244962 2.331622e-06 1.3200477e-06 1.5967672e-06 7.941195e-05 4.6947473e-05 2.2283252e-06 3.4743625e-11 1.8762823e-06 6.954098e-07 1.1209628e-10 4.4102055e-07 0.0013950376 1.9150475e-05 4.2725776e-07 8.608181e-09 2.7430989e-08 3.4158066e-13 1.152427e-08 5.2735427e-06 8.858902e-08 1.9652273e-07 2.462761e-06 1.9025316e-06 0.0011079493 0.000774838 2.6679481e-06 9.548382e-07 1.1341926e-06 0.00040453114 3.5792914e-07 4.9483783e-06 1.56197e-07
0.98982143 0.72855914 0.965133 0.31449887 0.8257871 0.061944526 0.5840389 0.01570924 0.6937724 0.56159306 0.11281968 0.02090554 4.2818936e-11 0.0025714582 0.60734946 0.0027022911 0.02561347 0.0008776465 0.10537033 0.5646137 0.009014251 0.013683247 0.11569085 0.017804667 0.021203753 0.3228122 0.008960668 0.012370415 0.5278433 0.6859383 7.979422e-06 0.04720739 0.0011151498 5.16825e-06 4.3659016e-05 0.10514703 0.110470556 0.52122074 0.33458903 0.24823344 2.312212e-05 0.8243896 0.010442562 0.039380983 2.1924909e-05 0.00026639845 9.021603e-06 0.1469019 0.02221251 0.013898456 0.028349968 0.030866278 0.042143308 1.497702e-05 0.0041782516 0.02050222 0.017906208 0.010297798 0.031019647 4.121964e-05 0.00012296444 0.06276697 0.006004095 5.2189484e-06 0.010356071 0.037800085 0.0067539564 0.008519058 0.0022944736 0.01356617 1.1019317e-06 0.016469752 0.00027391597 7.9140153e-07 0.00072940247 1.2589257e-08 0.014789045 0.043359388 2.9124865e-09 3.2993984e-07 0.5741493 0.07411852 0.0030881271 4.029236e-09 9.1809646e-08 5.3734167e-10 4.701214e-08 0.021576332 0.0036703802 9.987035e-09 0.012534236 2.7250348e-08 0.003963383 0.00087641075 2.3633183e-05 0.0020044872 0.00034363332 0.031458046 5.241206e-07 0.036893476 0.0021419849
0.8919107 0.0002459257 0.00026477795 0.5640412 0.0027082055 0.49542207 0.028427945 0.836192 0.058473077 0.040551238 0.26630285 0.96610165 0.0025714582 1.4926205e-12 1.8594552e-05 0.9816013 0.05769988 0.81837124 1.112022e-06 0.0015560661 0.7335664 0.55216044 1.7721422e-06 1.1955733e-06 0.009027666 3.458591e-05 3.6481207e-08 3.1067398e-07 1.9645417e-05 0.0046619545 0.14634286 7.5576287e-07 2.4478123e-08 0.02005588 0.3297774 1.6153868e-05 0.079162955 0.00011542663 0.0023257413 0.0017136926 0.26367748 0.0012210391 1.1309091e-06 0.007818503 0.24088289 0.006588991 0.0043131663 0.00027336847 0.6206142 3.0626663e-07 1.3827893e-05 4.218291e-06 2.3566337e-05 0.0007048091 1.4701898e-07 0.022908833 0.018194193 5.1888213e-07 8.759439e-05 0.34371504 0.067390025 2.4585828e-05 1.5698761e-07 0.0032628106 4.1825813e-05 0.00059726957 6.239363e-06 1.1517284e-06 0.0882089 2.406652e-06 2.185902e-05 2.3963962e-06 0.0007659185 0.018056005 3.908297e-08 9.206665e-06 2.6374667e-06 2.5750041e-06 7.291917e-08 7.182816e-05 0.0019663244 3.290845e-05 3.114292e-07 1.5502567e-07 3.0818528e-06 1.270242e-09 9.364906e-05 5.34178e-06 9.439183e-07 0.0038763562 2.1824742e-06 0.0010301619 0.003823271 0.0042849444 0.00015882352 1.376401e-06 2.1088317e-07 0.0002689235 0.0019030444 7.269394e-06 5.454516e-07
0.9819876 0.0058956374 0.44446883 0.0119014885 0.15127727 0.0004776161 0.047612965 0.00044600625 0.13580862 0.066833384 0.024266042 0.001343189 0.60734946 1.8594552e-05 3.429195e-13 1.6974409e-05 0.009280166 7.976675e-06 0.9322164 0.074129455 1.03520515e-05 0.0010023292 0.8690004 0.58022135 0.015121893 0.91505015 0.49695143 0.34638822 0.84736127 0.6058593 5.9343055e-08 0.30839872 0.10134725 2.707601e-08 5.365753e-07 0.522993 0.0036944537 0.29779682 0.17874528 0.018414047 1.2361734e-06 0.23083243 0.3810687 0.002535774 2.592929e-06 0.00021910685 8.5397585e-07 0.008727334 0.0006171994 0.12897946 0.09742461 0.20040151 0.25567043 5.6189433e-06 0.027499441 0.0013993274 0.016061671 0.09610536 0.051747605 1.100832e-06 6.437679e-06 0.49561346 0.04930523 6.085216e-08 0.00047669103 0.067761585 0.04444385 0.06454276 3.337686e-05 0.09448544 7.132789e-08 0.15078528 0.00042942533 7.553381e-08 0.004871255 5.334796e-09 0.1085608 0.28344586 7.74258e-09 1.1835222e-08 0.2397279 0.52027935 0.008036835 4.3470645e-09 1.4500984e-08 5.077851e-10 1.2645408e-07 0.19766214 0.012294919 2.8157027e-07 0.17070438 2.9257377e-09 0.001096026 0.0004465195 1.4359673e-05 0.0035910124 0.0027013274 0.062139098 2.54249e-07 0.20954913 0.01990287
0.8135233 0.00023647376 0.00039253157 0.52232003 0.007744229 0.42872003 0.017960852 0.74893886 0.03764358 0.023869481 0.168641 0.9553641 0.0027022911 0.9816013 1.6974409e-05 8.801549e-13 0.032297306 0.83444 5.115745e-06 0.0010245894 0.9164421 0.72782063 2.513105e-06 6.1215887e-06 0.011973433 6.474606e-05 6.1608816e-08 8.128937e-08 1.07211445e-05 0.004492541 0.3148872 3.119125e-07 4.1209436e-08 0.036457032 0.584729 5.2946166e-06 0.025543075 9.048006e-05 0.004390344 0.00041078895 0.36079422 0.0009848363 5.114755e-06 0.0008925695 0.15752882 0.007236625 0.022198454 2.4914076e-05 0.36659822 1.8484452e-07 8.5830525e-06 5.0983016e-07 2.327231e-05 0.0013906409 2.462553e-07 0.0061407066 0.016681692 1.4748578e-07 4.202617e-05 0.20094061 0.025422882 4.6595982e-05 2.3921754e-07 0.0043848692 5.809339e-06 0.0011775835 3.3375203e-05 1.0242902e-06 0.051328044 3.7460427e-07 8.426824e-06 2.1644496e-06 0.00068732986 0.013446098 5.1928037e-08 1.1753478e-05 7.711579e-07 1.5013929e-07 9.1116384e-08 6.58082e-05 0.0009353928 1.666007e-05 7.857461e-07 1.2401061e-07 5.093177e-06 1.2483659e-09 0.00015220456 8.3677423e-07 1.3180242e-07 0.004104459 1.2029996e-06 0.0014404214 0.002316828 0.0028431814 2.6786778e-05 1.081372e-06 8.3443854e-07 0.00048187585 0.0015637081 1.0267569e-06 9.112646e-08
0.9058125 0.006475403 0.0069390256 0.25331217 0.0051641017 0.61046994 0.028763026 0.2719439 0.5343021 0.27382055 0.95689404 0.0635497 0.02561347 0.05769988 0.009280166 0.032297306 1.9413666e-13 0.69051 0.00094517187 0.00023378966 0.0042840517 0.0019846912 0.00011678134 0.00023790132 0.98061883 0.039044473 3.4320034e-05 3.145277e-05 0.0004703006 0.37854254 0.013039436 2.0359581e-05 5.7636526e-06 0.026245156 0.0037318317 5.52501e-05 0.001388492 3.36126e-05 0.48197103 3.4274697e-05 0.0009290796 0.02074346 0.0007774608 5.1832008e-06 1.4414087e-05 0.26270795 0.01190796 6.0096426e-08 0.00028826116 1.916605e-06 0.022901442 6.5074215e-05 0.026177451 0.012647284 4.3469237e-05 2.6520844e-05 0.88990486 2.3596676e-05 0.16487 3.3720685e-06 1.1266253e-07 2.1055943e-05 0.00048636255 0.00014671848 2.3384738e-08 0.25986615 0.0040498953 0.0009598923 8.410674e-07 0.00018786314 3.909421e-05 2.3133545e-05 0.1663852 6.8039965e-09 8.831155e-05 4.1799884e-09 3.4623332e-05 7.3418023e-06 3.3856583e-07 2.7282512e-10 0.00037358055 2.6933196e-05 0.00097247463 9.461941e-09 1.9261314e-08 4.4142723e-10 5.004273e-08 7.512136e-05 1.880016e-05 4.556562e-09 2.0040357e-05 8.918957e-11 0.024114253 0.002094701 7.142442e-08 3.4958943e-05 0.00018199882 0.15065312 1.7344938e-09 6.682194e-06 4.354531e-06
0.97926444 0.00012133578 0.00019920552 0.13309437 0.00084297947 0.81963414 0.0036644381 0.8936482 0.035440527 0.01614233 0.44909167 0.49325112 0.0008776465 0.81837124 7.976675e-06 0.83444 0.69051 9.806635e-13 1.6472138e-06 0.00017147568 0.11327133 0.013221587 5.364367e-07 3.0313547e-06 0.31060892 0.00033383942 2.6212202e-08 2.0718351e-09 2.8285742e-06 0.017742412 0.86040694 6.284687e-07 1.8052308e-08 0.8860809 0.5875507 4.5295533e-07 0.00044277436 6.3716343e-06 0.057111774 1.1300246e-05 0.19554406 0.0014682192 1.1177757e-05 6.9114385e-06 0.009493265 0.7541946 0.706521 2.4114813e-08 0.0027053093 8.887318e-08 7.56694e-05 1.05564276e-07 9.291283e-05 0.22294004 2.8885677e-07 3.3798296e-05 0.8151492 9.3019885e-08 0.000856805 0.0042185127 1.7015009e-05 2.3173843e-05 3.21158e-06 0.25134453 7.480718e-08 0.02767383 6.882285e-05 1.8259409e-06 1.5278133e-06 5.2882154e-07 0.0005901449 7.80253e-06 0.22030152 4.627307e-07 2.527959e-07 0.0014179316 3.0851388e-07 1.01004865e-07 0.00020560662 2.1090105e-09 0.00029838938 1.1750335e-06 2.7286145e-05 7.472815e-05 0.0004909488 1.1028743e-05 0.00047083173 1.9603915e-06 6.375634e-08 3.7515736e-05 5.274496e-07 2.8606024e-09 0.06824361 0.029202586 2.0761809e-07 3.0667186e-06 9.188096e-06 0.004124152 6.1289e-07 9.59624e-08 1.8294426e-08
0.98064834 0.0001090212 0.040948592 0.00039847335 0.016748892 1.11647605e-05 0.0051026484 5.1261057e-05 0.008808732 0.005288284 0.0009484202 5.2488547e-05 0.10537033 1.112022e-06 0.9322164 5.115745e-06 0.00094517187 1.6472138e-06 3.2391042e-15 0.013244714 1.3101516e-07 4.358318e-05 0.8370116 0.9555065 0.0018053463 0.70026 0.6513666 0.52982813 0.7068143 0.18840294 3.9639115e-08 0.7452043 0.29614913 2.248176e-08 3.0785174e-07 0.73676455 0.00024793964 0.06844745 0.06463725 0.0029284654 2.022023e-06 0.058428943 0.47344258 0.0003618005 1.4222463e-06 1.9419633e-05 2.4875615e-07 0.0008174346 3.0711644e-06 0.22559139 0.12383456 0.358502 0.20566364 4.050065e-06 0.110788174 0.00025181458 0.0035215558 0.26758292 0.01934003 9.275568e-09 6.407229e-07 0.39686033 0.1695069 6.712119e-09 0.00025709238 0.041354597 0.07068925 0.105147876 3.4984018e-07 0.2141368 2.4020613e-08 0.14736955 0.0009138229 1.4126701e-08 0.007330819 4.1607825e-11 0.29916495 0.28305265 2.5188407e-07 1.2457518e-09 0.025382532 0.3054527 0.024014674 1.164262e-09 2.499253e-09 9.236224e-11 1.0847195e-08 0.306807 0.03730165 5.2203514e-08 0.1665774 4.7616366e-10 0.00054185605 0.00022324391 8.760509e-07 0.027855955 0.022211032 0.057868186 2.3846416e-08 0.155115 0.018351166
0.61693233 0.61393577 0.84336233 0.041474026 0.9377167 0.004439831 0.646423 0.003297106 0.1897895 0.44138628 0.0110709695 0.0019661388 0.5646137 0.0015560661 0.074129455 0.0010245894 0.00023378966 0.00017147568 0.013244714 9.521928e-15 0.0020625344 0.055700064 0.015824614 0.004039812 0.00036269063 0.017123807 0.002704089 0.00103226 0.2673847 0.036368262 1.299014e-05 0.009773102 0.00030334774 6.5575678e-06 4.396788e-05 0.021312118 0.66435033 0.97847265 0.005163865 0.935807 0.00022564702 0.37148044 0.0033059171 0.39761204 0.0002646073 0.00030403966 0.00021065374 0.44241282 0.011453428 0.0013866243 2.6936688e-05 0.00062130264 0.00012945416 0.00015197712 4.718294e-05 0.08045084 0.0009663977 0.00023676282 5.935444e-06 1.4072123e-06 6.134836e-05 0.025506806 0.0004091722 5.1900435e-07 0.059028465 0.00010511678 4.347052e-05 6.360085e-05 0.0028412652 0.00012451787 5.5404093e-06 0.0027637028 0.0010872104 5.276211e-07 0.00015874418 3.3451295e-09 5.5659704e-05 0.00464043 5.835131e-06 5.5975975e-06 0.20830123 0.022498405 9.387783e-06 1.2861551e-08 7.773325e-10 5.930642e-11 4.96671e-09 0.00053435407 2.6642881e-05 5.627617e-07 0.0046100765 8.598929e-08 0.002695261 0.0017905072 0.0015873472 0.00031876878 0.00010105484 0.00019874933 2.3932625e-08 0.13685277 0.00045110984
0.91320914 0.017799668 0.0015505601 0.64082205 0.06271013 0.28639916 0.06394182 0.46394163 0.05175771 0.08358863 0.08242034 0.30322435 0.009014251 0.7335664 1.03520515e-05 0.9164421 0.0042840517 0.11327133 1.3101516e-07 0.0020625344 1.5524186e-14 0.9976653 1.372476e-07 4.0100122e-07 0.0019879646 4.3762066e-05 2.8253455e-09 2.4331497e-08 4.92982e-06 0.0017180641 0.058734708 6.450025e-08 2.3229358e-09 0.029812831 0.123006456 1.5922487e-07 0.059714533 5.015915e-05 0.00052271376 0.0008172935 0.30518347 0.00056640344 1.0077046e-06 0.0052832887 0.5169341 0.0061725536 0.012462998 1.554442e-05 0.65603954 7.633124e-08 3.8399455e-07 2.5468387e-07 2.7657856e-07 0.0023627146 3.804227e-08 0.014749409 0.0072535775 4.6022365e-08 6.8056e-07 0.33839136 0.14457017 3.0595381e-06 4.7246758e-08 5.558501e-05 6.1430987e-06 4.047401e-06 1.5159612e-06 1.8917284e-08 0.101712316 7.726283e-08 3.4799177e-05 1.6174579e-06 0.00039380792 0.039357893 1.0104644e-08 6.5170593e-07 5.3439752e-08 1.1380416e-07 1.0243317e-07 0.00022286653 0.0024778885 1.8307621e-06 6.839652e-08 1.7579815e-09 3.4729254e-07 1.1707058e-10 9.162134e-06 1.5343629e-07 1.7596195e-08 0.010193665 6.756381e-07 0.0037743761 0.0049602496 0.0044800495 5.3442334e-05 1.163596e-07 1.5220222e-08 5.409272e-05 0.0050327023 4.574865e-06 5.512707e-08
0.71793675 0.11208925 0.021112528 0.60964775 0.54777104 0.14970246 0.17690267 0.24465534 0.089834794 0.13551779 0.06373927 0.3497803 0.013683247 0.55216044 0.0010023292 0.72782063 0.0019846912 0.013221587 4.358318e-05 0.055700064 0.9976653 1.91683e-15 1.9346433e-05 2.5569214e-05 0.0011249693 0.00027665653 5.439488e-07 1.3548705e-06 0.00016206711 0.0020749527 0.0077771675 1.6954177e-06 2.5670633e-07 0.0030403705 0.062409006 4.927808e-06 0.55193615 0.0061038416 0.0017003483 0.0089735 0.085009396 0.0020461674 3.6203368e-05 0.0474157 0.42907915 0.00025813823 0.00059230265 0.005514041 0.91760653 6.0445836e-06 4.353678e-07 8.0925787e-07 1.0758355e-05 0.00026114073 1.7426797e-07 0.065963455 0.0008410563 4.0848616e-07 5.695323e-07 0.35227782 0.22650416 0.00010187443 1.3252218e-06 2.938493e-06 0.00041405007 0.00011766371 4.1686576e-06 9.623354e-07 0.2234149 1.6000271e-07 3.4436175e-06 7.635738e-06 2.0468515e-06 0.14321053 4.6938067e-07 9.036261e-09 8.7782674e-08 5.9583306e-07 5.0747234e-10 0.0009897663 0.009413017 4.5430897e-05 9.332747e-09 1.504125e-10 3.834394e-07 4.1554668e-12 8.465697e-06 1.618112e-06 3.6468332e-08 0.0032222308 7.3394162e-06 0.0058228634 0.00080152106 0.0009078618 0.0004456043 4.06157e-07 1.0823001e-07 6.9280184e-05 0.0035837337 0.0001455162 1.5465076e-07
0.982003 3.7935017e-05 0.030960951 0.0001685069 0.009783756 4.27379e-06 0.00828999 3.6212103e-05 0.012682524 0.01057194 0.0003153523 1.0095269e-05 0.11569085 1.7721422e-06 0.8690004 2.513105e-06 0.00011678134 5.364367e-07 0.8370116 0.015824614 1.372476e-07 1.9346433e-05 9.0151445e-15 0.78800523 0.0004975944 0.47837698 0.811784 0.4941877 0.921696 0.19236463 7.910318e-09 0.7366676 0.18462925 7.768171e-09 2.927397e-08 0.7536785 0.000310566 0.18677264 0.058176607 0.0050329957 4.434312e-07 0.06936338 0.24172194 0.00082904566 3.1128147e-06 1.2172591e-06 8.68479e-08 0.0029144469 2.642788e-05 0.24231547 0.015261642 0.23547208 0.06988352 1.8249807e-07 0.029148573 0.0011988555 0.0016071048 0.09786686 0.0017690398 5.5766147e-08 3.9529605e-06 0.6187566 0.026380884 5.7467666e-09 0.0018408255 0.008373121 0.015781008 0.03717522 6.385565e-06 0.066115014 2.3881235e-08 0.17524152 0.00024417348 3.2541507e-08 0.006090305 7.3549664e-09 0.11246006 0.40666005 4.0830447e-08 1.5568029e-08 0.19513677 0.7375796 0.0014944134 4.288609e-09 3.5438716e-09 5.037277e-10 1.8187857e-08 0.23467201 0.02053636 2.2411089e-07 0.29207656 1.5971601e-08 0.00062513055 0.00033835997 9.308076e-06 0.0045999316 0.001822605 0.008674671 2.9011526e-06 0.3676746 0.04664434
0.9797622 3.4158333e-05 0.011118784 9.957289e-05 0.0034037302 5.5147266e-06 0.0016457113 2.9053737e-05 0.0025973099 0.0015379757 0.0005262415 1.5159301e-05 0.017804667 1.1955733e-06 0.58022135 6.1215887e-06 0.00023790132 3.0313547e-06 0.9555065 0.004039812 4.0100122e-07 2.5569214e-05 0.78800523 1.38701865e-14 0.00073576724 0.35050085 0.8223756 0.7179158 0.3715433 0.055442248 4.168383e-08 0.823187 0.6895501 1.1156234e-07 2.776891e-07 0.76203036 0.0002668007 0.02453985 0.027593775 0.0011754971 1.6438929e-06 0.017562324 0.6585561 0.00021520651 1.3066284e-06 8.735135e-06 1.5254975e-07 0.00017593996 1.312554e-05 0.6309624 0.065023646 0.6484265 0.15351969 3.019047e-06 0.31282583 9.862413e-05 0.00074312225 0.46696955 0.004783459 4.3123652e-08 5.8530577e-07 0.43551293 0.32429022 1.0230055e-08 3.9040337e-05 0.015663223 0.051971544 0.13413201 1.6081027e-07 0.35241276 4.3679858e-08 0.36497265 0.00025484824 8.549048e-09 0.030003434 5.887767e-11 0.45755515 0.4927609 1.8892469e-07 1.7003001e-09 0.027974589 0.3195157 0.032014403 3.6881587e-09 3.4096361e-09 4.7958595e-11 2.471512e-09 0.3689077 0.11174361 2.0423391e-08 0.23611581 1.0085424e-09 0.00011606044 9.207019e-05 3.5358272e-07 0.07603709 0.057416335 0.025935827 3.3738058e-08 0.07418457 0.08819498
0.9730189 0.0030083426 0.0067078387 0.06750325 0.010687809 0.20938331 0.011733316 0.08505856 0.2858839 0.09729671 0.4585852 0.017091464 0.021203753 0.009027666 0.015121893 0.011973433 0.98061883 0.31060892 0.0018053463 0.00036269063 0.0019879646 0.0011249693 0.0004975944 0.00073576724 1.7768523e-13 0.06972713 0.00016020115 2.4777688e-05 0.00039715087 0.34214416 0.012805371 0.00011118938 6.6610637e-06 0.028914724 0.0032128626 9.008916e-05 0.0018092624 7.426614e-05 0.59641075 6.263237e-05 0.0004693315 0.05582928 0.0022412527 8.718769e-05 1.9833116e-05 0.19598444 0.012927725 7.962223e-07 6.066613e-05 1.890963e-05 0.026869541 0.0002562418 0.06466427 0.015499679 0.00011640307 0.00010362804 0.95769906 0.00028866305 0.3558967 7.054556e-07 1.396095e-06 0.00016494398 0.0014404565 0.00012717009 2.5709835e-07 0.5542014 0.003786145 0.0048945197 1.40635575e-05 0.00044287823 0.00012155422 0.00016762137 0.07090367 1.2642242e-08 0.00021938389 2.6346283e-08 5.450387e-05 1.3512518e-05 2.201577e-06 6.941764e-10 0.0007278835 1.9165822e-05 0.00041392515 9.103681e-08 1.9916818e-07 2.6357025e-09 4.1251663e-08 7.391736e-05 2.0592914e-05 7.4817606e-08 4.1105286e-05 1.12239606e-10 0.03992745 0.0067981705 2.9882564e-08 4.488138e-06 0.00012360957 0.1168368 1.2203694e-08 1.9575602e-05 3.9852903e-06
0.9946572 0.0045244633 0.09060861 0.0074379235 0.022945821 0.0027438777 0.020154506 0.0007657459 0.103798866 0.03942179 0.041508883 0.0008477886 0.3228122 3.458591e-05 0.91505015 6.474606e-05 0.039044473 0.00033383942 0.70026 0.017123807 4.3762066e-05 0.00027665653 0.47837698 0.35050085 0.06972713 6.8018285e-13 0.27715367 0.14794984 0.3537989 0.8411651 3.2502494e-06 0.18763486 0.13018803 1.5530157e-06 3.415216e-06 0.17206676 0.0036926344 0.04159817 0.460772 0.0040813927 1.6171201e-06 0.3520517 0.62960744 0.00075933326 1.9813483e-06 0.00039416068 1.0815025e-05 0.0012035649 0.0006928084 0.18091746 0.63482565 0.26436755 0.8365281 4.9466304e-05 0.11155337 0.00043204756 0.050015565 0.17477044 0.43475822 1.2828758e-06 2.0595887e-06 0.19072586 0.13090014 8.3067235e-08 0.00012242443 0.19660223 0.3300932 0.283965 7.780713e-06 0.23061535 7.5310254e-08 0.20621525 0.0002917297 3.0709782e-07 0.041823044 1.944718e-08 0.27434975 0.16989249 2.590435e-08 1.907755e-08 0.07851493 0.15888499 0.04720703 1.0029433e-08 5.0984497e-08 1.3465704e-09 4.745629e-08 0.20814419 0.05553679 3.0066042e-07 0.049581356 5.9249263e-09 0.0011039488 0.000496046 3.2080354e-06 0.007852721 0.019688124 0.33556557 3.972355e-06 0.025615755 0.11859833
0.98918635 2.7016092e-06 0.0026773573 1.2981175e-05 0.00046136059 3.9338428e-07 0.0010782612 3.5741698e-06 0.0019315877 0.001287967 0.0001018618 2.9380055e-06 0.008960668 3.6481207e-08 0.49695143 6.1608816e-08 3.4320034e-05 2.6212202e-08 0.6513666 0.002704089 2.8253455e-09 5.439488e-07 0.811784 0.8223756 0.00016020115 0.27715367 1.3781396e-14 0.877561 0.38879377 0.06303992 2.435153e-10 0.84861267 0.5718297 2.1504265e-09 2.4300133e-09 0.8450288 5.228483e-06 0.045286864 0.029467475 0.00044022218 1.3690448e-08 0.011259606 0.4611374 5.8814043e-05 4.50492e-07 3.708207e-08 1.1063964e-08 6.7511195e-05 1.3491676e-06 0.70435065 0.019116981 0.5614258 0.062101074 3.3019056e-08 0.14165008 0.00020280891 0.0003214473 0.33451566 0.0016028703 2.5138696e-08 1.9975309e-07 0.7525238 0.122808166 7.659835e-10 0.00020940408 0.005081541 0.030001646 0.07278512 2.3657557e-07 0.25591278 1.0927747e-08 0.5372512 0.00010639777 7.118383e-08 0.034064427 4.4494025e-10 0.27612767 0.7687237 3.4265955e-08 2.3421652e-08 0.15037745 0.7981606 0.0106624905 3.4513943e-09 4.5236646e-09 5.815256e-11 5.118246e-09 0.4478503 0.07589657 4.0362146e-08 0.47386834 1.8183384e-08 0.00022029232 0.00023631933 5.2891814e-06 0.03841822 0.010566588 0.008341467 2.565633e-06 0.2398593 0.21881129
0.9903563 5.1600917e-05 0.0026816607 6.72725e-05 0.0004528357 1.6956942e-06 0.0020699948 8.466804e-06 0.00081287045 0.0013333039 0.00010830327 3.9526853e-06 0.012370415 3.1067398e-07 0.34638822 8.128937e-08 3.145277e-05 2.0718351e-09 0.52982813 0.00103226 2.4331497e-08 1.3548705e-06 0.4941877 0.7179158 2.4777688e-05 0.14794984 0.877561 6.01151e-12 0.10085558 0.0373097 1.8764728e-09 0.6731435 0.4148232 1.007814e-06 6.6580297e-09 0.41537845 9.582715e-06 0.0138496505 0.008755483 0.00020663881 3.8710152e-07 0.01365371 0.22708802 4.928816e-05 2.6416078e-06 1.413123e-06 2.2704551e-08 0.00034717977 2.1165454e-06 0.4272698 0.0034199602 0.090572365 0.015375804 2.366144e-07 0.008763058 1.2789273e-05 9.83389e-05 0.030876081 0.0005167045 1.0655982e-06 8.3720136e-07 0.86014414 0.02347282 2.072259e-08 9.980762e-05 0.00050895946 0.0048204134 0.018607559 1.8947031e-07 0.01858201 5.246537e-07 0.19008975 2.4317917e-05 6.853076e-08 0.0074817436 6.90377e-08 0.028219633 0.4975732 4.701786e-09 6.315529e-08 0.0055355057 0.9770169 0.0002129418 4.9071147e-09 6.3533547e-09 4.684882e-10 1.6602423e-08 0.07263888 0.0046545956 6.467614e-07 0.29170188 4.506405e-06 0.002199233 0.0003188889 2.564767e-06 0.0012110147 0.0019359094 0.0033171219 1.0329528e-05 0.27646798 0.025971757
0.961943 0.00793377 0.6309426 0.0067753107 0.43167892 0.0005872023 0.1018065 0.0005261053 0.10485054 0.11293659 0.008350046 0.00010629636 0.5278433 1.9645417e-05 0.84736127 1.07211445e-05 0.0004703006 2.8285742e-06 0.7068143 0.2673847 4.92982e-06 0.00016206711 0.921696 0.3715433 0.00039715087 0.3537989 0.38879377 0.10085558 6.1493537e-19 0.21918748 8.0469455e-08 0.7634277 0.079083994 8.2276654e-07 1.358354e-07 0.98039496 0.00010873027 0.8015006 0.019324057 0.004049828 3.5269447e-06 0.1255485 0.05191575 0.00023394132 2.1472697e-06 2.1469863e-05 3.5660698e-06 0.0009464504 6.726999e-07 0.20630687 0.0014468007 0.06885633 0.0040747384 4.8920665e-06 0.007977805 0.00022962682 0.002146761 0.015705254 0.0005328175 1.1888839e-07 3.4262504e-07 0.7005627 0.011106787 3.9455723e-09 0.0011214784 0.001666282 0.0015487423 0.0046482147 2.8915912e-07 0.012910458 5.935658e-06 0.14080502 0.00022445884 5.5849143e-09 0.0036212972 8.1094775e-10 0.013977224 0.115377754 1.6957466e-07 2.9081358e-08 0.029102234 0.04513915 0.0005031446 4.492932e-09 2.8531957e-10 3.2830874e-10 1.0231181e-09 0.022536721 0.0011501835 5.3184017e-08 0.04460007 1.351019e-08 0.012410545 0.0012266051 5.671023e-06 0.003950323 0.0011164724 0.012902248 2.2763391e-08 0.061818626 0.0015096272
0.947502 0.042551536 0.22983773 0.07342042 0.06504179 0.07581433 0.21960565 0.01717328 0.79053265 0.49882424 0.4124087 0.008981265 0.6859383 0.0046619545 0.6058593 0.004492541 0.37854254 0.017742412 0.18840294 0.036368262 0.0017180641 0.0020749527 0.19236463 0.055442248 0.34214416 0.8411651 0.06303992 0.0373097 0.21918748 9.2727406e-12 0.0002776787 0.035936538 0.017978374 0.00059018907 0.0004437517 0.035879154 0.009312059 0.042504232 0.97885364 0.008042075 1.3974676e-05 0.96377176 0.08720277 0.0011304052 3.1289164e-06 0.008599948 0.00031744095 0.0018592697 0.0021036796 0.042895846 0.15918037 0.0746311 0.5328454 0.0009463227 0.037116885 0.00044816095 0.08635978 0.049205586 0.74602544 1.4332097e-06 2.7328397e-06 0.049012166 0.036314186 1.2551561e-05 3.5891226e-05 0.26745945 0.057809044 0.065640464 9.35225e-05 0.07588396 2.9854307e-06 0.038296416 0.0011472012 1.9039301e-07 0.011930716 2.8992302e-08 0.051067777 0.043120682 7.2273894e-09 7.545922e-08 0.09838495 0.031922698 0.012674072 4.5314298e-08 1.1328802e-06 1.3117892e-09 3.094297e-07 0.03756431 0.0128812 1.2280029e-07 0.007972338 4.448336e-09 0.0024803933 0.0009431491 4.7931376e-06 0.0015649134 0.004981559 0.13924226 1.7011143e-07 0.00917235 0.0044751843
0.85842323 2.438988e-06 6.663093e-07 0.0038942285 1.2354221e-05 0.040352657 0.00011608457 0.06335752 0.00089230307 0.00020977225 0.013276609 0.007002452 7.979422e-06 0.14634286 5.9343055e-08 0.3148872 0.013039436 0.86040694 3.9639115e-08 1.299014e-05 0.058734708 0.0077771675 7.910318e-09 4.168383e-08 0.012805371 3.2502494e-06 2.435153e-10 1.8764728e-09 8.0469455e-08 0.0002776787 3.3684793e-13 2.2273465e-09 1.4394189e-10 0.9794982 0.97685885 1.053488e-08 4.661563e-05 8.3205656e-08 0.00081524847 1.8496205e-06 0.68647677 7.845754e-06 2.3725634e-07 8.837319e-06 0.26202103 0.4136051 0.73159575 1.3333196e-08 0.050900567 3.6400696e-09 5.213123e-06 1.666807e-08 2.1103256e-06 0.27335384 2.2720699e-09 4.6624078e-05 0.07436636 9.636012e-10 4.9422215e-05 0.18971567 0.0009889803 4.93405e-07 1.87021e-08 0.67316437 4.8084612e-08 0.00052356714 2.2969186e-06 4.272266e-08 0.0002201153 2.7580545e-09 0.019077666 1.9129591e-07 0.022648724 0.00041082478 1.4848142e-09 0.12526932 2.450377e-08 1.2025269e-08 0.001724804 1.02581135e-08 8.41849e-05 2.0853643e-07 2.3356398e-07 0.004525305 0.054971907 0.0053612906 0.024710955 3.1105028e-08 3.1137661e-09 0.0722902 7.2440054e-09 2.66331e-05 0.052989703 0.027150236 8.5758563e-07 1.9490784e-07 1.2415231e-08 8.606663e-05 0.0011593964 9.1305665e-08 3.3142202e-09
