1.4582678e-14 0.98668027 0.9803134 0.98561716 0.9901552 0.9752762 0.9771432 0.99194705 0.97003186 0.96801233 0.9537832 0.9832613 0.8550334 0.9742717 0.9683714 0.99076617 0.9899672 0.65062326 0.9818483 0.9824398 0.95694196 0.9605637 0.9818448 0.6234213 0.8806222 0.31855443 0.98533434 0.9444266 0.97998124 0.91649234 0.9715712 0.98443705 0.9426094 0.98225206 0.9915649 0.9849233 0.98527694 0.8417266 0.9617979 0.7681918 0.9912649 0.7525069 0.91650987 0.97544223 0.17131543 0.9874221 0.98517495 0.9564174 0.9993196 0.9407983 0.98939514 0.94772583 0.9800252 0.102537684 0.7828287 0.99646884 0.0012656219 0.7664158 0.39964503 0.9282909 0.99877983 0.9925382 0.5814697 0.00024775974 0.98576653 0.3595293 0.98890316 0.76982456 0.88817936 0.9787835 0.0068386416 0.9997115 0.0003051717 4.5556844e-05 0.023177061 0.9678757 0.8853498 0.032957565 0.005241584 0.92276305 0.9481969 0.83155555 0.03241049 0.96419907 0.9995055 0.79068744 0.9015663 0.42691424 0.8947091 0.8124274 0.88192815 0.23281005 0.9994525 0.00012958026 0.005683823 0.6339678 0.0008801867 0.97929716 2.5895115e-06 0.8139237 0.9990113
0.98668027 4.2784262e-10 0.96970713 0.9094647 0.8670941 0.61899626 0.93416137 0.25475574 0.49060073 0.69907355 0.5633189 0.6095434 0.12610753 0.14128217 0.72747666 0.2034404 0.24850097 0.4297414 0.22470424 0.23491351 0.4374169 0.15197875 0.004349329 0.049808662 0.006107434 0.09986957 0.026293628 0.53935575 0.02195163 0.0077859205 0.11209398 0.004828039 0.00010204868 0.02845741 0.0078064604 0.04170493 0.03417662 0.00022084513 0.024066638 0.11538492 0.00047849535 0.10032312 0.06554922 0.0133739645 0.0005219996 0.010186511 0.03444186 0.01888554 0.006767274 0.0009375049 0.0004908545 0.005695432 0.00016009744 0.011383609 0.06373962 0.02977473 4.9029422e-05 0.00017353949 0.00082821515 0.0013156176 8.219862e-05 0.06016704 0.08992231 1.6514866e-07 0.0020603936 0.0001078399 0.0017783591 4.868103e-06 0.03388838 0.003342565 3.1205e-05 0.08076008 2.4995766e-06 0.00022083796 0.014945867 2.883256e-05 0.011948178 3.1394604e-05 1.5068267e-07 0.0052694506 0.002552697 0.00012606029 0.018965483 0.001648108 0.004126745 0.00163058 0.0001228975 2.1030185e-06 0.0007969916 1.07593394e-07 2.545974e-07 6.2909194e-08 0.0006450791 0.0038027419 0.007100129 0.0027871283 3.4293264e-09 1.9732523e-05 1.3741511e-05 1.777379e-06 3.5852157e-05
0.9803134 0.96970713 6.668991e-15 0.95326567 0.4384967 0.32107836 0.71677136 0.8664034 0.8616812 0.2620874 0.8580312 0.41798702 0.018286658 0.5618384 0.15281573 0.30744413 0.7543947 0.09597622 0.20055237 0.08477361 0.05473991 0.5736646 0.0094875265 0.0019151736 0.0039483076 0.009540033 0.27211776 0.05760682 0.31710216 0.0010137705 0.24627021 0.10337269 3.41414e-05 0.04489606 0.009492993 0.08759169 0.16263276 1.4639722e-05 0.047374748 0.014124939 0.01936716 0.0074702045 0.21776246 0.029299965 7.1550996e-05 0.101150736 0.27321863 0.079971254 0.014168293 0.023743136 0.0030534072 0.06737498 0.0011264331 0.00028944926 0.007125468 0.15724069 9.779291e-07 0.00042937047 0.0005384785 0.0036906349 8.584146e-05 0.13000405 1.3201018e-06 6.067651e-10 0.0093555115 7.5826305e-05 0.018917406 2.1382445e-07 0.0068267668 0.00062593434 5.2899886e-06 0.21105106 1.8390135e-09 2.0956116e-07 0.0005490998 9.359602e-05 0.0040316703 7.4463536e-08 8.390532e-11 0.0012366489 0.0046773544 0.0008830255 1.1532446e-05 0.006879345 0.009277211 0.00056732923 8.12292e-05 4.7694425e-07 0.0017054819 3.437763e-08 5.903168e-07 2.3156532e-10 0.0027942518 5.0415847e-06 0.0003360523 0.0006786631 3.387703e-11 7.773041e-05 1.8590346e-07 3.9466227e-07 0.000118890945
0.98561716 0.9094647 0.95326567 2.2283016e-10 0.20829302 0.11879362 0.87252265 0.69617385 0.8160321 0.7472115 0.0859229 0.8977066 0.0131844105 0.42154795 0.59943706 0.66270155 0.109275885 0.26640046 0.68312144 0.63993233 0.72571486 0.12958378 0.00040872427 0.0071038986 0.00035833934 0.025502643 0.07403043 0.5963085 0.048791457 0.0005444099 0.01902097 0.033683334 4.1074777e-06 0.002445806 0.06695705 0.007417951 0.04288935 4.6640107e-06 0.00278352 0.1470775 0.0023856973 0.095656894 0.02243093 0.056333262 3.979197e-05 0.0115971165 0.014979422 0.0028497872 0.0011942795 0.0022780576 0.0011075907 0.003680317 0.00028797236 0.0020351794 0.36191103 0.024429113 1.7356862e-06 2.4313035e-06 2.9508763e-05 6.572779e-05 1.5067591e-05 0.018570911 0.0015754412 3.6917267e-09 0.002316851 5.986142e-07 0.0016624043 6.16536e-08 0.18324074 0.021619277 3.2168205e-07 0.039607815 4.0120048e-07 2.1537457e-05 0.050725594 9.3009025e-05 0.1030077 4.916155e-07 1.9649601e-08 0.04153182 0.0033091737 0.00013714287 0.0064877532 0.0012070345 0.005724224 0.008873376 0.0004930031 5.303547e-06 0.00088424445 1.0910226e-09 4.264615e-07 1.1709363e-09 0.0005153993 0.007270559 0.05038707 0.18617974 1.00633966e-10 5.9747636e-05 9.551621e-06 4.5326706e-06 4.6910864e-05
0.9901552 0.8670941 0.4384967 0.20829302 2.9708788e-11 0.9755414 0.860361 0.0059857173 0.015500242 0.37565652 0.3054049 0.071136095 0.865166 0.0012054067 0.7868196 0.002983318 0.024853487 0.80121726 0.010686566 0.006384402 0.06494173 0.010036803 0.017541401 0.613835 0.011842574 0.4425847 0.0013343495 0.5655478 0.00088041794 0.10355131 0.10891085 1.968694e-05 0.00031276993 0.028811315 6.7084904e-05 0.018103877 0.0023711524 0.004040789 0.01466926 0.14651498 1.287787e-05 0.18659747 0.015540768 9.208372e-05 0.006990555 0.00080042076 0.004346603 0.0067308466 0.0019911549 0.00022535067 2.691e-06 0.0013197412 3.1874144e-06 0.31677473 0.023623733 0.0037884386 0.0004355354 9.08458e-05 8.12261e-05 0.0011970892 0.0003502807 0.026036961 0.87964576 1.2890648e-05 0.00034915243 7.029436e-06 0.0005391694 2.6008147e-06 0.011173528 0.00014836105 6.545444e-07 0.035650834 0.00043355403 0.00092893525 0.024377326 1.4778221e-06 0.0043501523 6.7389745e-05 1.4247897e-07 0.0004900149 0.000526667 8.054462e-06 0.29535982 0.0001924378 0.0003693851 0.0002708598 7.857608e-06 1.0487431e-07 0.00019447035 5.764246e-08 2.9610723e-09 7.46199e-07 1.9304778e-05 0.0134681845 0.0053437008 0.0005075167 2.5773096e-07 2.9172554e-06 0.00040063122 5.98019e-07 9.2771336e-07
0.9752762 0.61899626 0.32107836 0.11879362 0.9755414 1.8746442e-13 0.6996225 0.0017693029 0.0047400887 0.05713827 0.46507078 0.014934873 0.98668265 0.00048646575 0.2381705 0.0005114753 0.011487892 0.66575783 0.001114515 0.00036617392 0.0041158968 0.006635832 0.14347728 0.60701406 0.28614402 0.30944416 0.0005408681 0.05534917 0.00047373908 0.60086006 0.2931165 5.7930242e-06 0.00864887 0.29576966 9.62664e-07 0.069607906 0.00096136914 0.0729368 0.092589095 0.015508655 5.2627056e-06 0.00937167 0.011974174 9.268093e-06 0.08538288 0.00032446752 0.0033818013 0.0074341753 0.009527181 6.668122e-05 1.6336284e-06 0.0010328222 1.7316107e-06 0.43510756 0.0022099009 0.005069486 0.015793096 0.0009661573 0.0007132953 0.011313678 0.0014265646 0.039447196 0.7608844 0.00079714897 0.00010933294 0.00010239847 0.0001869069 0.000105191095 0.00095961813 1.556541e-05 5.3643926e-05 0.04656998 0.0063529676 0.019466553 0.0023793308 6.157604e-08 0.00020363415 0.001630333 2.6954754e-07 1.3883445e-05 0.00033029955 2.3500145e-06 0.10484806 6.766537e-05 0.00049789157 1.4740556e-06 9.717626e-07 2.9805987e-09 1.16104775e-05 1.2276887e-06 1.1284731e-10 7.3293114e-07 8.116605e-06 0.0015705756 0.002400942 7.824926e-05 1.1677538e-05 2.4730969e-07 0.00020009067 3.0525808e-08 3.0329346e-07
0.9771432 0.93416137 0.71677136 0.87252265 0.860361 0.6996225 3.2732237e-12 0.055801377 0.12266154 0.8794 0.02940385 0.7073149 0.21946079 0.021218909 0.9457817 0.07077757 0.013769756 0.90640825 0.12515253 0.08874328 0.67258364 0.012396025 0.0008359616 0.12248827 0.00095854624 0.39133063 0.006663037 0.8791747 0.0029690498 0.0022732625 0.014568442 0.00032819706 1.358209e-05 0.002839094 0.0003055561 0.0030914836 0.0036913317 2.2750191e-05 0.003257657 0.36693996 4.8432616e-05 0.24510117 0.004715966 0.0016146963 0.0002956489 0.0010475243 0.0021692738 0.0015019939 0.0005844354 0.00057885324 7.4877707e-06 0.0008653812 9.052724e-06 0.024202261 0.09191396 0.0023794884 1.7865876e-05 2.1358297e-05 4.0416136e-05 0.00013061875 6.139207e-05 0.008314309 0.13483505 5.2996554e-09 0.00029395777 7.757444e-07 0.000272569 2.9212893e-08 0.031685483 0.0006997494 5.098166e-07 0.015050991 5.3819844e-07 0.00012270555 0.052588005 1.4126028e-06 0.019223996 1.7733358e-06 1.1310358e-09 0.0025402387 0.00032654547 1.01203805e-05 0.03993181 0.00022965902 0.00076070835 0.00068138127 2.709496e-05 1.0122956e-07 0.00011967324 3.3963823e-09 6.08635e-09 2.1429214e-09 2.555778e-05 0.022334863 0.049647424 0.016743254 4.0223828e-11 1.4234512e-06 7.4771066e-05 1.763205e-07 1.3759455e-06
0.99194705 0.25475574 0.8664034 0.69617385 0.0059857173 0.0017693029 0.055801377 2.7557156e-12 0.98066664 0.022292787 0.08358219 0.15686706 3.225794e-05 0.8876885 0.0027565432 0.6663733 0.2891927 0.0018899816 0.30588585 0.09899854 0.002799788 0.5925451 0.0002924233 0.000107925895 2.9887999e-05 0.00017582173 0.56794024 0.0019279815 0.38732305 1.1018093e-05 0.068508394 0.3649257 1.9491447e-06 0.0013358551 0.19271883 0.0072899302 0.19956166 6.279231e-08 0.0047057876 0.002067304 0.1710077 7.442489e-05 0.034834146 0.16395423 1.3423886e-06 0.07541609 0.06844317 0.006324999 0.0021675483 0.2331921 0.108077124 0.061085936 0.026171153 7.5767464e-05 0.010241874 0.25149572 1.4155326e-07 4.058732e-05 1.2666917e-05 0.0011988023 4.9771374e-05 0.060029015 3.3746293e-08 6.2433025e-10 0.038336173 7.673896e-06 0.021921273 9.818675e-08 0.026621753 0.019211836 1.5708847e-06 0.20609729 5.286682e-09 1.2796201e-07 0.0011610783 0.002952592 0.024325408 5.8866845e-09 2.9538277e-10 0.023906352 0.031298928 0.00913598 1.2067817e-07 0.017266588 0.03134209 0.014156306 0.0019955179 0.0005321713 0.029628213 1.0402846e-06 0.00010951671 1.0445995e-09 0.010063875 4.132101e-06 0.0033810982 0.0068675717 3.6956985e-10 0.0013551532 1.9977701e-08 0.00032946997 0.0039015329
0.97003186 0.49060073 0.8616812 0.8160321 0.015500242 0.0047400887 0.12266154 0.98066664 6.4662495e-15 0.03590437 0.09132022 0.30449358 5.485576e-05 0.974123 0.0035759073 0.7803055 0.24761774 0.0027199334 0.39496526 0.145096 0.0068852296 0.3983368 0.0002334461 6.489424e-05 5.3754648e-05 0.00017250376 0.40507272 0.0025623015 0.36427778 5.418421e-05 0.03724466 0.47614834 1.6707698e-06 0.0014529057 0.19618353 0.0068272874 0.12488084 4.499051e-07 0.0024875344 0.0025261398 0.15786003 0.0001327933 0.031751174 0.21307895 1.5227222e-06 0.06484774 0.059842862 0.008901447 0.00044586614 0.16055466 0.10216653 0.03641607 0.025104394 3.4629986e-06 0.00869698 0.14022529 1.1748963e-07 2.2264187e-05 5.2344903e-06 0.00024203866 5.925329e-05 0.03772624 1.1757134e-07 2.8548397e-10 0.0391165 2.8201675e-06 0.015084975 1.802034e-07 0.014485513 0.010813933 7.773244e-08 0.1295397 5.432745e-10 5.3331783e-09 0.00055913 0.0012337486 0.008576884 2.3003622e-08 3.9600066e-11 0.010051673 0.017275795 0.0050623473 2.5571336e-07 0.016078735 0.014628461 0.0050061024 0.001915677 0.00018256553 0.012471403 3.270341e-08 0.00023548491 5.079401e-10 0.011391895 1.1787407e-06 0.0003544173 0.001937983 2.5066504e-11 0.0012940904 1.480172e-08 0.00017239637 0.0052126213
0.96801233 0.69907355 0.2620874 0.7472115 0.37565652 0.05713827 0.8794 0.022292787 0.03590437 2.6401879e-11 0.0042877733 0.68306863 0.008313564 0.006352638 0.9679188 0.06440035 0.0045572147 0.718277 0.20566604 0.30346894 0.948667 0.0048926175 6.5889275e-05 0.011666909 4.2490105e-05 0.11380739 0.0022492523 0.9697976 0.0014690204 4.5686716e-05 0.002170024 0.00012953876 4.5688546e-07 0.00039581515 0.00017098186 0.00050392246 0.0018670436 2.6311898e-07 0.00035224445 0.7142495 7.365314e-05 0.6338216 0.00072266004 0.0005310891 1.2568139e-05 0.0003085073 0.00035166508 0.000111848225 7.052236e-05 0.0005380383 6.6916828e-06 0.00019548877 3.1412947e-06 0.005169852 0.27560127 0.00029187943 5.245339e-06 1.5924546e-06 5.969242e-06 8.742619e-06 2.3740982e-05 0.0012396917 0.09118106 1.5835667e-09 0.00014842827 7.9788734e-08 0.000106817366 6.004666e-09 0.06640793 0.0004515372 3.4630528e-07 0.004213583 1.1825367e-07 1.28187485e-05 0.20780289 8.000562e-07 0.022918813 2.1732825e-07 8.3170987e-10 0.0016967757 0.000117828444 1.0414217e-05 0.02908691 0.00013969994 8.802265e-05 0.00044243774 1.0896252e-05 3.0377836e-07 0.00012343947 5.291383e-09 4.376565e-09 4.8113855e-09 7.3812303e-06 0.03438515 0.07063647 0.08815033 1.05983965e-10 5.002909e-06 7.329452e-05 8.496517e-07 6.4216414e-07
0.9537832 0.5633189 0.8580312 0.0859229 0.3054049 0.46507078 0.02940385 0.08358219 0.09132022 0.0042877733 6.609232e-12 0.0050908127 0.053810984 0.018085362 0.003489993 0.0014350705 0.7548012 0.01012737 0.0012512839 0.00039487518 0.00024818495 0.21519239 0.39092046 0.006694536 0.24652825 0.0018574498 0.06824092 0.00026595296 0.076319635 0.06982297 0.9719395 0.0010080992 0.04937506 0.8754391 1.745153e-05 0.9236531 0.053709943 0.013604272 0.75205415 0.00010087027 0.010578581 6.6478447e-06 0.42192233 0.00014214571 0.0034116178 0.045388333 0.2575702 0.7161697 0.74816674 0.014573453 0.00017420259 0.12730701 0.0014677013 0.0025341362 0.00025399975 0.06965046 9.234288e-05 0.02144134 0.029578477 0.08111578 0.0045901416 0.33478904 0.0032314612 4.3886237e-05 0.007585947 0.0031024187 0.0429289 0.00070895936 0.0005095094 3.3805096e-05 0.008969111 0.40258262 5.1021398e-05 0.00015090652 0.00032100495 3.4653593e-05 4.624171e-05 0.00068309536 2.2449456e-06 3.446221e-05 0.009162948 9.3307804e-05 2.1375983e-05 0.0065365364 0.019215798 7.245882e-06 1.4555156e-06 4.4041278e-07 0.0053333915 8.1215716e-05 8.122284e-07 1.429974e-06 0.008468015 4.4958833e-06 8.289428e-05 1.11794e-05 4.0188826e-07 1.7824264e-05 2.0032772e-07 2.6127063e-07 0.0004768356
0.9832613 0.6095434 0.41798702 0.8977066 0.071136095 0.014934873 0.7073149 0.15686706 0.30449358 0.68306863 0.0050908127 2.4344355e-12 0.0003272922 0.12396486 0.62858284 0.63631576 0.008463716 0.23691578 0.88731074 0.8224856 0.9721965 0.02222161 2.3335428e-05 0.0019423589 1.4723661e-05 0.014709284 0.016691886 0.8140899 0.008153402 2.1934916e-06 0.0053824494 0.009322585 7.93465e-08 0.00037535006 0.02287332 0.00057888444 0.005680336 3.5579205e-08 0.00056719186 0.6175566 0.00043019882 0.38831413 0.002778396 0.023386829 7.095799e-06 0.002066156 0.0021642589 0.0006918992 7.293125e-05 0.0019585788 0.00017119985 0.0011403358 0.000102415754 0.0020640513 0.8030358 0.004105765 2.6316252e-06 1.1891872e-06 4.163294e-06 2.121267e-05 8.621578e-06 0.0041446 0.0020009682 1.4583319e-10 0.0007331553 9.958547e-08 0.0005473471 9.864279e-10 0.40489614 0.007619252 1.1075308e-07 0.013414495 9.642825e-08 2.1799104e-05 0.23410544 1.05177805e-05 0.22780605 1.3008593e-08 1.4215477e-10 0.0629835 0.00072786893 9.289989e-05 0.0068308306 0.00046663496 0.0012442007 0.0102584725 0.0002009292 1.1908612e-06 0.0002690877 2.0400643e-09 3.3537304e-08 3.5700845e-10 6.334655e-05 0.06335765 0.3113772 0.52511466 9.290195e-12 2.0971855e-05 5.7135745e-05 3.6066813e-06 2.6416378e-06
0.8550334 0.12610753 0.018286658 0.0131844105 0.865166 0.98668265 0.21946079 3.225794e-05 5.485576e-05 0.008313564 0.053810984 0.0003272922 1.0266787e-15 8.2618335e-06 0.017403232 9.971648e-07 5.313786e-05 0.4489554 1.5164126e-06 1.7675512e-06 7.10554e-05 0.00028190008 0.13928936 0.9898024 0.45758548 0.34790105 1.0617492e-05 0.0013032262 2.037462e-06 0.83311117 0.036665283 5.416075e-07 0.0395853 0.061837826 1.8575257e-08 0.004382936 1.1473963e-05 0.24029742 0.017935494 0.0028586842 3.0661909e-07 0.00043774236 0.0006472856 5.062868e-07 0.43577197 4.7751387e-06 8.026823e-05 0.0008598644 0.0014374414 1.3226606e-05 5.923698e-08 2.9282444e-05 4.3515293e-08 0.6345674 0.00010762989 1.9968607e-05 0.2990197 0.00095611083 0.0007511721 0.005231192 0.0012441379 0.0033778802 0.46395767 0.15246738 1.7910733e-06 0.00014417889 1.4061398e-05 9.332266e-05 1.8281424e-05 1.7984315e-06 1.811575e-05 0.006620914 0.07918971 0.12657535 0.00034322686 4.9272902e-08 7.968878e-07 0.0050726244 4.7157805e-08 1.15867394e-07 1.32282075e-05 3.1794374e-07 0.050137945 1.6845983e-06 1.0620226e-05 4.084743e-08 4.0189203e-09 8.645264e-10 2.6755092e-07 7.149485e-07 3.3724075e-09 3.9217944e-06 3.2734755e-07 0.00026207807 1.3284795e-05 6.344975e-07 0.0019577655 1.5160833e-07 0.00018341593 7.655048e-09 9.9395265e-09
0.9742717 0.14128217 0.5618384 0.42154795 0.0012054067 0.00048646575 0.021218909 0.8876885 0.974123 0.006352638 0.018085362 0.12396486 8.2618335e-06 7.264339e-18 0.00031300093 0.8563858 0.09408347 0.0003547025 0.34079093 0.10535581 0.0016734194 0.20709197 5.009402e-06 3.3826153e-05 4.4471614e-07 4.015538e-05 0.42595735 0.00042259577 0.44577923 2.046983e-07 0.009883303 0.953734 7.145095e-09 9.035358e-05 0.6064563 0.00031826124 0.11996973 1.6044964e-09 0.0002131468 0.0003561414 0.41346875 3.56664e-05 0.01324448 0.6396578 6.6761416e-08 0.07229179 0.021459118 0.0038884522 2.4529782e-05 0.5168284 0.4701789 0.018932404 0.1065075 4.160029e-07 0.019388158 0.084356315 3.4026586e-09 5.3030533e-07 2.9752611e-08 6.0637876e-06 2.0338514e-06 0.020687403 2.979233e-10 2.3329548e-11 0.06214456 7.2928074e-08 0.017475262 9.239171e-10 0.058163196 0.070411816 8.63849e-10 0.07946425 5.6092922e-11 6.101842e-10 0.00046197014 0.039529424 0.061898593 3.7075086e-11 2.5884e-12 0.051698796 0.017310819 0.03157112 8.41381e-09 0.018629141 0.018823067 0.024899486 0.0111753335 0.006464288 0.03899333 3.8133785e-09 0.0024214936 9.69986e-12 0.016308066 3.8778657e-07 0.001025364 0.010953814 2.863655e-12 0.0059748213 8.9299246e-10 0.0040937597 0.012202038
0.9683714 0.72747666 0.15281573 0.59943706 0.7868196 0.2381705 0.9457817 0.0027565432 0.0035759073 0.9679188 0.003489993 0.62858284 0.017403232 0.00031300093 7.570154e-12 0.012130248 0.0020584145 0.9328583 0.042816307 0.10170131 0.55128855 0.00075115595 0.00023289972 0.03688856 3.818375e-05 0.39940083 0.00047998645 0.92539257 0.0005006651 0.00028014815 0.0011221374 2.0069008e-05 3.516445e-05 8.790018e-05 0.00010363673 0.00018335979 0.00033678845 9.3486515e-06 8.801031e-05 0.8990032 3.3925884e-05 0.85687554 0.00013991447 3.850823e-05 3.2793814e-05 0.00021231806 0.0001336607 5.133214e-05 1.5214687e-05 0.0002531017 2.3266307e-06 4.485838e-05 5.250063e-06 0.027072089 0.20697384 3.6477642e-05 5.1308794e-05 1.875327e-06 7.860823e-06 4.0005757e-06 8.596729e-05 0.0006418724 0.7154931 9.571338e-09 0.00010545045 5.4625918e-08 5.7162455e-05 1.1449428e-08 0.026690561 0.000105123705 7.4549234e-08 0.0036976559 1.8083205e-06 3.0147932e-05 0.6110334 1.8451666e-06 0.0029682412 4.057149e-07 5.178496e-10 0.00014417394 7.280852e-05 1.7033963e-06 0.5118782 1.6635557e-05 2.4160725e-05 8.729009e-05 1.0776308e-06 1.6654128e-07 6.5976616e-05 3.085008e-08 8.02314e-09 3.1122003e-08 4.4077565e-06 0.255622 0.17020011 0.023871226 1.4266368e-08 2.845339e-05 0.001908486 3.538484e-06 3.9998292e-07
0.99076617 0.2034404 0.30744413 0.66270155 0.002983318 0.0005114753 0.07077757 0.6663733 0.7803055 0.06440035 0.0014350705 0.63631576 9.971648e-07 0.8563858 0.012130248 9.391399e-14 0.019006751 0.0028523896 0.96541566 0.85526216 0.049293254 0.12069637 6.2988506e-06 6.909182e-05 7.9423535e-07 0.00020202382 0.17753872 0.032659058 0.064303145 1.8951367e-07 0.0037087135 0.62012595 9.880327e-09 6.426488e-05 0.87417215 0.00014725381 0.035355244 4.4980424e-09 0.00011185079 0.033455107 0.06313542 0.009757363 0.006149773 0.84406084 1.258145e-07 0.008678209 0.006040375 0.00057959044 5.5226365e-06 0.048168946 0.09770807 0.0036862306 0.006481248 0.00017802323 0.5413019 0.04101629 1.1308421e-08 3.5148582e-07 6.8144976e-07 3.6863921e-06 2.0515827e-06 0.01070166 6.481519e-07 5.073279e-11 0.008208422 1.0074148e-07 0.0028782352 1.6591577e-10 0.7633721 0.3140769 5.553218e-09 0.04593326 2.4835352e-08 5.135593e-07 0.023076193 0.003922625 0.77666485 7.586264e-10 7.588315e-11 0.53359437 0.0063222884 0.0063682417 0.00013043365 0.0014660156 0.007880532 0.31329086 0.007121854 0.0003975256 0.0010703217 1.3637537e-09 4.2522694e-05 2.4846592e-11 0.0005870349 0.0068777543 0.21349216 0.6078548 5.397316e-11 0.00049794925 4.9386335e-06 0.00040739845 0.00010209307
0.9899672 0.24850097 0.7543947 0.109275885 0.024853487 0.011487892 0.013769756 0.2891927 0.24761774 0.0045572147 0.7548012 0.008463716 5.313786e-05 0.09408347 0.0020584145 0.019006751 7.4337434e-14 0.00079049374 0.008831426 0.0028824436 0.0017672826 0.98215884 0.0029563901 4.6020195e-05 0.00070123986 1.0214035e-05 0.4526806 0.00061744434 0.36973777 0.00023790424 0.523432 0.020730823 2.548452e-05 0.028794011 0.0012513114 0.26659602 0.56337863 4.9157115e-06 0.1205723 9.851349e-05 0.019474797 3.716306e-05 0.74601537 0.0012530285 1.9474937e-05 0.3456072 0.86149603 0.50714666 0.049408253 0.021387931 0.0026057032 0.5822738 0.007137173 2.1271802e-05 0.0003905525 0.43864104 1.15845516e-07 0.00054049067 0.00035694998 0.0049721897 0.00040395383 0.58444244 3.3885044e-07 1.1328256e-09 0.046439465 9.7084834e-05 0.062249817 1.369239e-05 0.0007853346 0.00022971816 3.108512e-05 0.77309805 3.03658e-10 5.7396216e-10 8.335145e-05 0.00015297305 0.00033845968 2.8974503e-08 1.5765832e-10 0.00064067927 0.022393644 0.0019013584 2.4316328e-06 0.018738104 0.022649312 0.00028420755 0.000102523445 1.1935177e-05 0.008024718 2.441244e-07 0.0001046896 4.0667594e-09 0.013457785 3.6548553e-08 0.00011635578 7.652304e-05 3.7296055e-09 0.0003587307 2.8198757e-09 1.3979209e-05 0.0009375912
0.65062326 0.4297414 0.09597622 0.26640046 0.80121726 0.66575783 0.90640825 0.0018899816 0.0027199334 0.718277 0.01012737 0.23691578 0.4489554 0.0003547025 0.9328583 0.0028523896 0.00079049374 9.695365e-16 0.005565816 0.0021493381 0.06180031 0.0015102975 0.0011167845 0.73954093 0.0008620695 0.99835026 0.00025749332 0.60611016 0.00026918342 0.0042656143 0.0034614517 1.2594799e-05 0.00020394959 0.0014173955 1.6316284e-05 0.0005882659 0.00018036805 0.00026487166 0.0007302123 0.5627356 1.2579049e-05 0.40157312 0.00074703357 3.7589012e-05 0.00030903085 6.5734006e-05 0.0004034116 0.00033515407 1.2453896e-05 4.1111405e-05 7.400123e-07 0.00014047748 4.8844727e-06 0.20688796 0.0049762195 9.230494e-05 1.1958111e-05 4.1321673e-06 1.1407011e-06 2.1292484e-05 4.82495e-05 0.0011988829 0.1881338 5.580578e-10 6.368661e-05 2.3803336e-08 0.0001249361 8.4658974e-10 0.0008845751 2.8238857e-05 1.0139352e-09 0.0049491692 2.385688e-06 9.4082054e-05 0.019848417 4.034883e-08 0.00015311288 1.7962586e-07 1.6141486e-11 1.7440032e-05 3.5264453e-05 1.3544172e-06 0.17334415 4.2570027e-06 4.0337698e-05 2.3417278e-06 3.2099496e-07 4.9047066e-10 8.765866e-07 8.840175e-10 2.9329577e-08 2.2221969e-11 1.3315362e-07 0.0096171945 0.0040623667 0.00081193034 2.0554903e-11 1.5704189e-06 0.0032878476 3.9338782e-10 4.5120654e-09
0.9818483 0.22470424 0.20055237 0.68312144 0.010686566 0.001114515 0.12515253 0.30588585 0.39496526 0.20566604 0.0012512839 0.88731074 1.5164126e-06 0.34079093 0.042816307 0.96541566 0.008831426 0.005565816 8.504739e-14 0.9353103 0.13989557 0.051314883 2.0821026e-06 0.00013554226 2.4565082e-07 0.0010451698 0.058053907 0.08349522 0.02228762 7.47778e-08 0.002777621 0.13441476 1.3704113e-08 1.4615631e-05 0.48645613 6.700473e-05 0.012093557 1.0555109e-09 3.354794e-05 0.17910683 0.013669604 0.07440421 0.0033117328 0.38422388 5.3064657e-08 0.0043832907 0.0035708144 0.00033621176 1.6483483e-06 0.013491704 0.011896161 0.002155002 0.001220826 0.00057235174 0.8763239 0.019531803 8.826115e-08 2.736388e-07 3.7369864e-07 2.9439796e-06 1.5885366e-06 0.0075545814 2.6312902e-05 3.9147873e-12 0.0037153512 3.216822e-08 0.0018178739 7.042059e-11 0.90549856 0.13472585 4.520206e-09 0.029245308 3.4247137e-08 1.0689155e-06 0.12774335 0.00038604863 0.79215276 6.957561e-11 3.397033e-11 0.5101485 0.0019949477 0.0027534205 0.00046705612 0.00060575485 0.003131251 0.17859991 0.005325308 3.2612956e-05 0.00035481417 4.7955813e-09 2.1494784e-06 4.2306606e-11 0.00011462649 0.025809584 0.46832255 0.8184867 7.599348e-12 0.00034322997 3.1047788e-05 0.00011102038 9.860452e-06
0.9824398 0.23491351 0.08477361 0.63993233 0.006384402 0.00036617392 0.08874328 0.09899854 0.145096 0.30346894 0.00039487518 0.8224856 1.7675512e-06 0.10535581 0.10170131 0.85526216 0.0028824436 0.0021493381 0.9353103 1.5114576e-11 0.22705333 0.021078553 1.7399032e-05 4.7516503e-05 7.693636e-08 0.00029110524 0.015929485 0.16308601 0.006792782 1.324878e-06 0.0008385566 0.02164469 1.3539632e-07 7.3094707e-06 0.27348623 0.00012126129 0.0055485577 4.884721e-09 3.19088e-05 0.17126104 0.0012685203 0.13079952 0.00047364106 0.04600414 1.5321037e-07 0.0007927015 0.00062052696 4.409066e-05 2.4973867e-06 0.002091267 0.0020977065 0.00027238607 0.00055101904 5.2535466e-05 0.92211604 0.005370259 5.7391543e-07 1.9564562e-08 2.538768e-07 2.6513254e-07 7.372985e-06 0.000935648 0.0002549951 2.318821e-11 0.0009489639 6.2804264e-09 0.000309488 1.6390432e-10 0.90072966 0.010892478 4.9541264e-09 0.014331744 7.710189e-09 1.4942879e-07 0.25371155 6.9408095e-05 0.6274526 4.781625e-09 2.5143693e-11 0.20221066 0.00060530525 0.0005838185 0.0006213343 0.00021903707 0.00044049034 0.04255006 0.00047852044 5.673722e-06 0.00043602285 4.91592e-09 3.6272e-07 1.7694528e-09 1.1965116e-05 0.046211213 0.52352 0.9627618 3.3191527e-10 0.00026315174 4.617739e-06 2.2027918e-05 8.004619e-06
0.95694196 0.4374169 0.05473991 0.72571486 0.06494173 0.0041158968 0.67258364 0.002799788 0.0068852296 0.948667 0.00024818495 0.9721965 7.10554e-05 0.0016734194 0.55128855 0.049293254 0.0017672826 0.06180031 0.13989557 0.22705333 4.911149e-13 0.0029397712 0.0004375005 0.00031788784 1.6730676e-06 0.0048865606 0.0018584491 0.4459956 0.0010992921 1.9616175e-05 0.0004112801 0.00019619719 1.631518e-05 9.245073e-05 0.00032049807 8.1141705e-05 0.00066703925 5.163158e-07 5.792923e-05 0.90179473 0.00020880683 0.9221976 0.00038529027 0.00031591344 3.8225832e-07 0.00019534788 0.00044314843 3.5313526e-05 2.1184921e-06 0.0012369342 2.8457598e-05 0.00012168436 4.496203e-05 0.00013623285 0.8349038 0.0002217448 1.6043091e-06 4.57021e-07 1.2544111e-06 5.247746e-06 3.0375086e-05 0.0003381203 0.0055809887 1.2815924e-09 0.0002050552 3.831154e-08 0.00013537794 3.0242508e-10 0.09117216 8.301326e-05 8.525143e-09 0.0019149536 1.02944576e-07 7.3473956e-07 0.80001813 5.4219686e-06 0.014073233 1.2800661e-08 2.2858045e-10 0.0008143886 0.00032935373 5.1088926e-05 0.04231805 0.00016865224 6.452545e-05 0.0006331496 1.2461998e-05 1.4815433e-06 0.0002456756 1.8398636e-08 2.4641189e-08 1.9406892e-09 6.735168e-06 0.46422812 0.74478555 0.58379954 4.6397833e-08 4.322752e-05 0.00018623966 2.0992644e-05 1.7824221e-06
0.9605637 0.15197875 0.5736646 0.12958378 0.010036803 0.006635832 0.012396025 0.5925451 0.3983368 0.0048926175 0.21519239 0.02222161 0.00028190008 0.20709197 0.00075115595 0.12069637 0.98215884 0.0015102975 0.051314883 0.021078553 0.0029397712 4.3920576e-14 0.00068058574 7.382114e-05 0.00036225453 3.145643e-05 0.8819178 0.00058195955 0.530284 0.00017655751 0.21182261 0.10643015 1.944629e-06 0.008593755 0.025657078 0.043065563 0.9411948 1.9288215e-07 0.026570726 0.0001915951 0.19241926 5.289878e-06 0.49769875 0.024958108 1.6055826e-06 0.7607157 0.52215636 0.19620198 0.0062048165 0.073669374 0.032917935 0.6671611 0.032415137 1.8558745e-05 0.0017655855 0.6274708 4.2725915e-08 4.655006e-05 3.337339e-05 0.0007861398 2.5271347e-05 0.3396135 9.894911e-08 1.1764838e-09 0.17164308 1.663109e-06 0.2691725 1.7706826e-08 0.003648674 0.0061702174 3.206488e-08 0.5325733 7.567379e-09 6.2088944e-08 8.805111e-05 0.0009963221 0.0071616154 6.7038024e-09 4.608416e-10 0.0050692703 0.12835906 0.0061055827 6.0501498e-06 0.042339575 0.17769808 0.0038292715 0.00086380047 0.0003032494 0.09167679 3.1879472e-09 0.0002978262 1.8049628e-11 0.038132526 7.045761e-07 0.0010519567 0.0022504954 1.9066908e-10 0.0018221115 2.1131425e-08 1.5564921e-05 0.008457685
0.9818448 0.004349329 0.0094875265 0.00040872427 0.017541401 0.14347728 0.0008359616 0.0002924233 0.0002334461 6.5889275e-05 0.39092046 2.3335428e-05 0.13928936 5.009402e-06 0.00023289972 6.2988506e-06 0.0029563901 0.0011167845 2.0821026e-06 1.7399032e-05 0.0004375005 0.00068058574 3.238002e-09 0.0059041227 0.94226813 0.00013609196 0.00015279066 0.00012989677 0.00013122342 0.70705086 0.16376185 1.4468749e-07 0.96868515 0.9629926 1.3154557e-06 0.15181395 0.00038343383 0.75685006 0.3692395 1.17951495e-05 1.2496583e-05 7.0612764e-06 0.0094621135 1.2312812e-06 0.083634816 0.00023762172 0.0055306302 0.022722097 0.28376237 3.828877e-05 1.4031673e-07 0.0025561952 4.1156667e-07 0.027065786 7.318675e-05 0.000983119 0.0065834164 0.14317065 0.24562953 0.29274535 0.13704216 0.042789713 0.021075798 0.0008776799 0.000108472064 0.0401956 0.0006374284 0.66027886 2.1660282e-05 2.7738055e-05 0.025565937 0.045478087 0.0025019425 0.00027887 1.885494e-05 7.132031e-07 8.538806e-05 0.09422836 0.02375442 2.1336746e-06 0.00019223146 4.830132e-06 0.0007742275 4.133726e-05 4.711257e-05 1.4907713e-06 4.08804e-06 3.9596948e-08 0.00021179327 0.012890773 2.3569315e-08 0.112028435 6.0034217e-06 3.1568147e-06 1.5090111e-05 0.00014934195 0.0047900327 4.3069776e-06 4.6790223e-07 8.353323e-08 1.1177667e-06
0.6234213 0.049808662 0.0019151736 0.0071038986 0.613835 0.60701406 0.12248827 0.000107925895 6.489424e-05 0.011666909 0.006694536 0.0019423589 0.9898024 3.3826153e-05 0.03688856 6.909182e-05 4.6020195e-05 0.73954093 0.00013554226 4.7516503e-05 0.00031788784 7.382114e-05 0.0059041227 3.3329963e-13 0.03197833 0.9910342 2.2594468e-05 0.006293849 2.5748457e-05 0.22102061 0.0043051774 2.2863378e-05 0.0016681087 0.0032683697 1.4630949e-06 0.00097306794 2.31305e-05 0.022652725 0.0010291254 0.017693467 1.48133495e-05 0.006560618 8.23832e-05 7.887234e-06 0.12783971 1.9152285e-05 3.58915e-05 3.8961374e-05 8.889815e-05 2.351273e-05 3.114071e-06 1.2916676e-05 4.6492364e-06 0.9124886 0.00010019607 7.500281e-05 0.18012771 3.058536e-05 1.1726786e-05 0.00028287282 0.00014460109 0.0007226786 0.7043889 0.029115943 3.3388335e-06 2.5045636e-06 1.1926052e-05 2.4794363e-06 0.00012905146 2.4361185e-05 1.0044466e-07 0.0018569431 0.012217163 0.16090055 0.0015434519 2.4116746e-06 9.137118e-06 8.9294954e-05 2.9250777e-10 9.971933e-07 5.212768e-05 6.0554485e-06 0.16325697 7.490763e-06 5.3619915e-06 3.5733194e-07 1.4205119e-07 1.530082e-08 2.432325e-07 1.7287553e-07 5.8694667e-08 3.6737326e-08 2.3901046e-07 6.946125e-05 5.391753e-06 7.028035e-06 3.3081735e-05 5.670352e-06 0.002192008 4.9035216e-09 4.362299e-08
0.8806222 0.006107434 0.0039483076 0.00035833934 0.011842574 0.28614402 0.00095854624 2.9887999e-05 5.3754648e-05 4.2490105e-05 0.24652825 1.4723661e-05 0.45758548 4.4471614e-07 3.818375e-05 7.9423535e-07 0.00070123986 0.0008620695 2.4565082e-07 7.693636e-08 1.6730676e-06 0.00036225453 0.94226813 0.03197833 6.8578485e-12 0.0005752303 3.556983e-05 2.4044566e-06 5.338823e-05 0.92657214 0.12100228 6.116226e-08 0.98389554 0.64641625 5.5802505e-09 0.08003609 6.636832e-05 0.9735928 0.18214796 1.1994945e-05 9.331148e-08 2.0629767e-07 0.0061817076 3.3910695e-08 0.31341526 8.488111e-05 0.0010540393 0.007833072 0.091788985 9.273034e-06 2.0822197e-08 0.001079829 1.3534107e-07 0.029484967 7.897252e-06 0.0007794802 0.08910476 0.044236444 0.04106011 0.17454499 0.061732717 0.015794693 0.01610071 0.018612428 3.0522657e-05 0.005603398 0.00039096002 0.39394078 4.861842e-07 1.0717741e-07 0.22884198 0.014473167 0.0156262 0.000892959 1.4335269e-06 2.0660197e-08 7.6437885e-08 0.15954591 0.0146129355 2.9475091e-09 6.7166664e-05 1.2343193e-06 0.0011590548 8.7691435e-05 0.00011603311 3.6665209e-09 5.2805653e-09 1.2274866e-09 8.733848e-05 0.00016360717 5.923534e-10 0.016009798 8.078988e-06 6.223751e-08 4.6444345e-07 8.475056e-07 0.005235397 1.758156e-07 6.4273e-06 6.77629e-10 7.7086077e-07
0.31855443 0.09986957 0.009540033 0.025502643 0.4425847 0.30944416 0.39133063 0.00017582173 0.00017250376 0.11380739 0.0018574498 0.014709284 0.34790105 4.015538e-05 0.39940083 0.00020202382 1.0214035e-05 0.99835026 0.0010451698 0.00029110524 0.0048865606 3.145643e-05 0.00013609196 0.9910342 0.0005752303 1.7120723e-15 4.2830893e-06 0.121579304 2.4211065e-06 0.008669966 0.0009759844 6.556136e-06 0.0001615092 0.0001357262 1.13213455e-05 3.341049e-05 2.621588e-06 0.00035835712 5.216751e-05 0.2213213 2.3681657e-06 0.08980777 2.7648892e-05 9.060775e-06 0.00053066714 1.707231e-06 2.25311e-05 1.1090613e-05 2.639982e-07 4.473116e-07 1.0270604e-06 2.8292404e-06 1.635449e-06 0.46178877 0.00057281856 7.4589125e-06 0.00013136842 2.5374464e-07 9.733457e-09 8.215793e-07 4.7681737e-05 7.5251075e-05 0.5132353 7.6741663e-10 7.7353405e-07 2.2412809e-10 9.871692e-07 1.3441198e-09 0.0002509939 1.40516e-05 4.7460993e-12 0.0008094142 4.8797797e-06 0.00020667548 0.020622266 5.5691526e-08 2.8054315e-05 4.8939093e-08 4.1678951e-13 4.8476772e-06 6.047665e-07 3.9970112e-07 0.2663672 5.084524e-08 4.974717e-07 2.2990193e-07 9.874359e-08 3.7365725e-11 1.1260512e-08 1.2523288e-10 2.459489e-08 1.988365e-12 4.370476e-09 0.0023142032 0.00065954216 8.711654e-05 1.3856326e-11 1.5993688e-06 0.018905066 1.9180896e-10 6.6202144e-10
0.98533434 0.026293628 0.27211776 0.07403043 0.0013343495 0.0005408681 0.006663037 0.56794024 0.40507272 0.0022492523 0.06824092 0.016691886 1.0617492e-05 0.42595735 0.00047998645 0.17753872 0.4526806 0.00025749332 0.058053907 0.015929485 0.0018584491 0.8819178 0.00015279066 2.2594468e-05 3.556983e-05 4.2830893e-06 2.0830444e-13 0.00038055712 0.98460203 7.7690085e-05 0.10650801 0.353271 5.7488995e-07 0.002511719 0.10095626 0.012066709 0.92102176 5.310161e-08 0.006104069 6.215859e-05 0.349811 5.9775307e-06 0.1255669 0.076265745 5.102918e-07 0.5283452 0.27294844 0.022941971 0.0012370421 0.28188083 0.16931076 0.4296741 0.10566744 5.3499266e-06 0.0011953347 0.57974297 1.0545681e-07 6.3335215e-06 4.258261e-06 0.00032679533 2.0737212e-05 0.25267115 2.3499735e-08 1.7493008e-10 0.49030623 1.3606937e-06 0.29125044 1.7086727e-08 0.0031400593 0.014043141 9.078954e-08 0.5359504 3.9965538e-09 3.3747627e-09 2.7642433e-05 0.0094617745 0.005222989 1.954974e-09 4.7005213e-09 0.0075741606 0.22312519 0.028993621 2.4396952e-06 0.06119417 0.121048756 0.007962805 0.002068059 0.0018609472 0.12654136 5.0844826e-09 0.0012565922 3.4072875e-10 0.026200611 2.1731715e-08 0.0003017015 0.00092098874 2.0143816e-10 0.0059424643 6.5288415e-09 0.0006334797 0.020999419
0.9444266 0.53935575 0.05760682 0.5963085 0.5655478 0.05534917 0.8791747 0.0019279815 0.0025623015 0.9697976 0.00026595296 0.8140899 0.0013032262 0.00042259577 0.92539257 0.032659058 0.00061744434 0.60611016 0.08349522 0.16308601 0.4459956 0.00058195955 0.00012989677 0.006293849 2.4044566e-06 0.121579304 0.00038055712 2.0980449e-13 0.000423044 4.8679478e-05 0.0003998981 1.8984128e-05 1.3619173e-05 1.7693044e-05 6.188143e-05 3.2934946e-05 0.00018896768 5.024279e-07 1.3263819e-05 0.96147126 2.5300864e-05 0.94291365 8.151734e-05 9.571545e-06 1.4073827e-06 3.966058e-05 0.00012749311 1.0418577e-05 4.160817e-06 0.000112946596 1.5488064e-06 1.2268817e-05 2.4171961e-06 0.002909519 0.2577833 9.82581e-05 1.0618485e-05 3.103488e-07 1.9379181e-06 1.6685375e-06 2.2751601e-05 0.00028818913 0.47762892 5.182985e-09 1.9970037e-05 1.5608018e-08 1.1041645e-05 3.8528486e-10 0.03493637 9.880965e-06 1.2281125e-08 0.0028216124 5.4751536e-07 1.7680648e-05 0.7861449 7.687656e-07 0.006293405 3.8499067e-08 7.79476e-11 0.00023210773 3.213454e-05 4.4365393e-06 0.41096526 1.2622047e-05 1.7168128e-05 0.00016266017 5.519054e-07 6.530651e-08 6.393877e-06 7.688968e-09 1.5335346e-09 6.684433e-09 6.27866e-07 0.5009365 0.47304705 0.120536864 7.87128e-08 1.7814595e-05 0.0029558926 2.8771897e-06 6.4610454e-08
0.97998124 0.02195163 0.31710216 0.048791457 0.00088041794 0.00047373908 0.0029690498 0.38732305 0.36427778 0.0014690204 0.076319635 0.008153402 2.037462e-06 0.44577923 0.0005006651 0.064303145 0.36973777 0.00026918342 0.02228762 0.006792782 0.0010992921 0.530284 0.00013122342 2.5748457e-05 5.338823e-05 2.4211065e-06 0.98460203 0.000423044 4.2666768e-13 1.943351e-05 0.04912115 0.3559114 6.8545276e-08 0.001912674 0.05498634 0.012333957 0.9196522 5.9391862e-08 0.006019165 3.407498e-05 0.8328396 8.180748e-06 0.048596982 0.05689386 2.317769e-07 0.8377453 0.112517245 0.018281156 0.0014340192 0.69308156 0.16661741 0.47623444 0.27535632 2.3473667e-06 0.0005874761 0.39029005 1.4625508e-08 3.1504584e-05 4.225941e-06 0.0007029077 1.7524628e-05 0.05316537 2.9912428e-09 1.6871286e-10 0.7625255 5.3057015e-06 0.6367312 2.9936132e-08 0.0029917099 0.011247574 1.3962874e-07 0.401552 1.4983276e-09 4.1523096e-10 4.343561e-06 0.01733002 0.0023143997 9.411237e-09 3.6703812e-10 0.0039797546 0.26707953 0.059551157 1.5496079e-07 0.22142404 0.2644136 0.0030117976 0.0022912929 0.0066213114 0.5819257 1.1715358e-08 0.0038445378 1.2290469e-09 0.20732288 1.2415987e-08 7.2289615e-05 0.00011368361 2.2852464e-10 0.03420191 5.967252e-09 0.0027625116 0.11449525
0.91649234 0.0077859205 0.0010137705 0.0005444099 0.10355131 0.60086006 0.0022732625 1.1018093e-05 5.418421e-05 4.5686716e-05 0.06982297 2.1934916e-06 0.83311117 2.046983e-07 0.00028014815 1.8951367e-07 0.00023790424 0.0042656143 7.47778e-08 1.324878e-06 1.9616175e-05 0.00017655751 0.70705086 0.22102061 0.92657214 0.008669966 7.7690085e-05 4.8679478e-05 1.943351e-05 6.0493065e-12 0.031724982 2.990349e-08 0.54807264 0.2017845 1.2681531e-07 0.015339724 6.443671e-05 0.97300273 0.034733616 0.000104299754 7.0301627e-07 5.3910873e-05 0.001201296 9.569362e-10 0.98076165 6.2315667e-06 0.00034539317 0.0016424116 0.0073737376 1.2919085e-06 3.5842938e-08 2.0442247e-05 4.184093e-07 0.8214502 9.877177e-06 3.7475686e-05 0.65671533 0.012921001 0.0142205665 0.058485124 0.008155175 0.006047035 0.70803773 0.2657866 1.8800671e-06 0.0018145179 3.067934e-05 0.01693088 1.2810616e-06 9.816559e-08 0.00065910455 0.00286009 0.42957 0.18801457 5.3619733e-05 1.3307772e-07 4.961971e-07 0.056069415 0.0078722425 1.2353084e-08 3.151438e-05 1.5821708e-07 0.036405966 4.0741807e-06 1.702421e-05 1.586501e-07 1.6022693e-10 2.0515405e-09 2.1109736e-06 0.00040697306 3.1627992e-10 0.004972185 1.2700187e-06 0.00029807482 0.00022837718 5.3829746e-07 0.10220003 9.077007e-06 0.0013665889 5.1991567e-08 2.021589e-08
0.9715712 0.11209398 0.24627021 0.01902097 0.10891085 0.2931165 0.014568442 0.068508394 0.03724466 0.002170024 0.9719395 0.0053824494 0.036665283 0.009883303 0.0011221374 0.0037087135 0.523432 0.0034614517 0.002777621 0.0008385566 0.0004112801 0.21182261 0.16376185 0.0043051774 0.12100228 0.0009759844 0.10650801 0.0003998981 0.04912115 0.031724982 9.133782e-13 0.0017042884 0.021222902 0.56352687 0.00018979974 0.96475494 0.12530911 0.011598813 0.6950851 0.000112729984 0.0045794384 3.624456e-06 0.6623264 9.030378e-05 0.0029059874 0.09000903 0.34222037 0.9030249 0.15454932 0.0031262785 0.000111522306 0.21070513 0.001864708 0.0035307566 0.0003365462 0.19134732 8.5313586e-05 0.0055500898 0.0062664184 0.012972304 0.0015916454 0.816023 0.0037321807 5.7353436e-06 0.022149293 0.0005696008 0.09502646 0.0015143293 0.0002598883 0.00049982424 0.0004119005 0.7918589 3.129691e-05 4.3353477e-05 0.00022970153 4.3229706e-05 0.00025749207 0.0002672094 4.712679e-06 0.00013307233 0.036373727 0.00015181316 0.00014682837 0.014003375 0.0641833 2.5746986e-05 7.697776e-06 8.2913255e-07 0.0063175424 1.3494592e-05 3.714945e-07 3.0435294e-06 0.01034297 1.8676632e-06 1.3772565e-05 2.7543342e-06 4.4940915e-08 0.000133243 2.5901548e-07 1.6249999e-08 0.00065941893
