5.82964e-14 0.9987512 0.93940854 0.98737174 0.9209797 0.9883795 0.9720196 0.96640295 0.9277469 0.99187815 0.9740761 0.9982316 0.99350464 0.9655842 0.9514787 0.9565602 0.97644925 0.9803067 0.919346 0.9617866 0.96977997 0.9753746 0.95551133 0.9587808 0.99345064 0.98107135 0.9156008 0.91218126 0.9763739 0.97447485 0.9536741 0.98539716 0.9737086 0.97881305 0.98900694 0.9642727 0.9873895 0.9911154 0.9817408 0.9018341 0.89354044 0.9630313 0.97647935 0.77130586 0.87886226 0.729477 0.92196137 0.9562201 0.73062027 0.85634637 0.9846908 0.9872093 0.9499623 0.9906462 0.9392707 0.9400825 0.99189633 0.94270366 0.7105414 0.97341144 0.9936561 0.92960256 0.8707342 0.9818753 0.98474646 0.9325063 0.8960925 0.9794503 0.2902379 0.2511714 0.9970539 0.3975849 0.95444924 0.9613562 0.96274716 0.1606109 0.9981794 0.91828424 0.98788154 0.22735561 0.9965529 0.9849058 0.1072144 0.024074992 0.005281271 0.08103475 0.9845367 0.0059781014 0.9915769 0.9994477 7.4836016e-06 0.9472415 0.95235306 0.6396643 0.0014831176 0.00021952372 0.043829337 2.3828947e-05 0.14296308 0.9999895 0.011010863
0.9987512 5.475043e-13 0.8315204 0.8849267 0.4115034 0.43049687 0.9159699 0.88099706 0.076811016 0.12295618 0.8913768 0.38912272 0.04233249 0.029016366 0.7742807 0.76654845 0.0048549296 0.122822925 0.014161876 0.39657587 0.0095402505 0.018449046 0.0020137609 0.016403126 0.6590995 0.0037841233 0.015584619 0.001647136 0.0027137527 0.00069488725 0.0005461585 0.0013831487 0.34039527 0.0002672996 0.41854724 0.0014889897 8.374402e-05 0.8064865 0.0008809823 0.012015109 0.020666609 1.801859e-05 0.00013893185 0.03089743 0.057721507 0.12548968 0.0119718965 0.47187537 0.09078168 2.2311651e-05 2.0118852e-05 0.007190396 0.0015180847 0.0003344398 7.046824e-05 6.680221e-05 0.26660264 1.220781e-05 9.088589e-06 2.7881838e-06 0.023437802 3.215968e-07 0.19294825 1.8064416e-06 0.012113561 2.1145581e-06 3.563439e-06 1.5605713e-06 5.704028e-06 0.0001831845 0.0028452782 2.4429608e-05 5.597336e-06 6.444525e-07 0.0036139982 0.00014193683 8.674108e-05 2.6854892e-05 6.5048084e-07 0.00015780832 2.0760184e-05 0.0033708953 2.0398788e-06 0.007430493 4.785058e-06 1.5546783e-08 2.8598006e-07 0.0023906569 0.02557116 0.010728797 2.3737788e-07 9.760712e-07 3.225134e-08 4.6576122e-07 5.388427e-06 3.389398e-06 3.1412018e-08 1.8833313e-06 1.5788288e-09 0.024510307 0.00016089964
0.93940854 0.8315204 3.1338565e-17 0.18209073 0.98653036 0.032624807 0.12747036 0.47903854 0.9040743 0.8436889 0.90950865 0.93681014 0.0041136644 0.0031363692 0.07584974 0.04255891 0.0012005585 0.0026114436 0.0015246215 0.15517102 0.1592854 0.016834574 0.08296011 0.017319884 0.57526195 0.0018871448 0.13800907 0.04373519 0.018422188 0.00097091 0.0013412306 0.01921486 0.012004039 0.00040436222 0.39311814 0.013815405 4.3917593e-05 0.2758321 5.312258e-06 0.0003515938 0.0002154973 0.0012164266 0.004859921 0.0017468615 0.12780899 0.01805621 0.046113383 0.042359497 0.046525758 0.00060076744 6.1021765e-05 0.027378801 0.0003674681 0.0022893478 0.00014540175 2.2739778e-05 0.23863496 2.7464876e-05 7.790918e-09 8.569795e-06 0.022522444 9.998152e-08 0.0042444062 3.1843579e-06 0.039824735 1.0064108e-06 1.3398344e-06 1.5520015e-06 3.704206e-08 7.0185905e-08 0.0051824795 0.0010014887 3.1224838e-06 2.252981e-07 0.013008693 0.0017296666 3.7745198e-05 8.544728e-07 1.9542688e-06 3.4064806e-07 1.9347059e-05 0.011156178 4.1558542e-05 0.004382756 0.00015437308 4.9303903e-09 4.270635e-07 0.00043325627 0.03100035 0.01069811 2.683775e-08 9.914534e-09 2.9296338e-10 4.6787786e-08 3.09234e-06 7.1163835e-09 8.584087e-11 3.805591e-08 2.643284e-09 0.020765128 2.8868577e-05
0.98737174 0.8849267 0.18209073 1.2250212e-13 0.040793292 0.92739224 0.948423 0.82298964 0.005879019 0.026777234 0.5735738 0.15657836 0.25673342 0.1346499 0.89482355 0.9244881 0.024825078 0.5984417 0.10991488 0.4688505 0.000121203375 0.06782204 3.7521277e-05 0.043731302 0.44043297 0.04501241 0.0011378204 5.3530475e-05 0.00072714535 0.0038441345 0.0012127102 0.0008209787 0.5545085 0.0032875482 0.01698513 0.00047261792 0.0002162834 0.3415177 0.00014624296 0.01775668 0.06038852 1.6536923e-06 0.00012351424 0.08847246 0.0006587527 0.061665565 0.00081437733 0.21530533 0.004937602 2.4367794e-06 8.6048334e-05 0.003999988 0.00092633296 0.00059726305 0.00011338737 4.6663936e-05 0.28092867 6.56307e-05 2.561213e-06 5.347524e-06 0.039865207 3.1584062e-07 0.14722471 5.311818e-06 0.006099027 5.6161416e-06 4.2598535e-06 3.4019174e-06 1.6601141e-06 0.0011257774 0.004062078 1.3035617e-06 1.472689e-05 1.8774405e-06 0.0029667625 5.416266e-07 8.2198705e-05 5.7870253e-05 7.814638e-06 0.0020604955 2.9981761e-06 0.0017748326 7.54586e-09 0.011382904 9.864497e-08 2.4675837e-09 5.716875e-06 0.008401824 0.014842431 0.005335772 5.3126907e-09 3.7860235e-07 7.3515727e-09 1.1142449e-06 1.8120613e-08 2.0676369e-05 8.7194374e-10 1.2191347e-07 9.543874e-11 0.012839494 0.00050400244
0.9209797 0.4115034 0.98653036 0.040793292 8.260243e-15 0.0053127175 0.04095406 0.24689032 0.9677269 0.9207731 0.82628095 0.90730375 0.00036633373 0.0004375093 0.020975027 0.014394808 0.00035881778 0.000385973 0.00029928374 0.025466733 0.64124113 0.00157343 0.22809042 0.0025983206 0.22131123 0.00041790307 0.37127885 0.10868171 0.054542422 0.00016584716 0.00033335204 0.025017077 0.0021624463 6.163189e-05 0.49316952 0.019657385 1.3358582e-05 0.15184198 4.6502205e-06 3.609088e-05 0.0001846582 0.0046582595 0.01102804 0.0006903988 0.21705984 0.011542096 0.10265822 0.049384564 0.046535272 0.0050973906 9.776173e-06 0.029067077 0.00011672411 0.004365605 2.5651889e-05 2.2221475e-06 0.10502809 6.9356765e-06 7.562604e-09 1.946364e-06 0.008565427 1.4290987e-08 0.0032624605 4.0015956e-07 0.023607586 2.1117295e-07 1.2671218e-07 4.797834e-08 5.377263e-09 1.2578216e-08 0.0033328086 0.0055596754 3.2374618e-07 4.4217675e-08 0.012387445 0.0100491345 1.11839e-05 1.0213021e-07 5.0375445e-07 1.3975928e-07 7.291178e-05 0.010906386 0.00030125986 0.002842761 0.00020118132 1.3146109e-07 2.8859213e-07 0.00014772643 0.01378158 0.010428645 9.902496e-09 1.4272246e-08 5.559656e-11 2.5085912e-08 8.499269e-06 3.0209948e-09 5.811054e-11 7.799602e-09 1.4133663e-07 0.016869022 3.8802777e-05
0.9883795 0.43049687 0.032624807 0.92739224 0.0053127175 5.928679e-13 0.4711607 0.078586996 0.0023453431 0.0026566996 0.035821486 0.032670274 0.93830293 0.90505284 0.47581825 0.69034904 0.55342853 0.931174 0.8750705 0.74267703 0.00016938907 0.45788422 2.1536736e-05 0.14545044 0.4558185 0.15882371 0.00024945044 3.7841575e-05 0.00064159365 0.023530677 0.0041381144 0.00065636623 0.58035713 0.015005852 0.00085082714 0.000433692 0.0019059187 0.035460338 0.015916742 0.08814528 0.2557404 7.224322e-07 6.3989435e-05 0.1392473 2.0746016e-05 0.005507947 0.00034874157 0.074575946 0.00022477051 1.0285484e-06 0.0002279566 0.0061943815 0.0038266068 0.0007087224 0.00043858355 0.0002641905 0.28345233 0.00017023375 0.0019616736 1.5641392e-05 0.084109604 1.9412957e-06 0.08902865 2.3266386e-05 0.009974573 1.3666365e-05 1.1736352e-05 1.4151952e-05 0.00048168882 0.007942528 0.010763298 1.6704209e-06 4.65911e-05 9.921293e-06 0.005317814 3.9052342e-08 0.0004347913 7.559835e-05 1.5914093e-05 0.009329918 2.077392e-06 0.0030560286 1.3528009e-08 0.0014008783 4.3507473e-09 1.5203685e-08 4.664078e-06 0.0021734838 0.021010958 0.0066086315 4.0752055e-10 4.0510427e-06 5.8913038e-08 4.740202e-06 3.745224e-09 8.29602e-06 4.1188844e-08 3.9536424e-08 1.1801786e-09 0.018439984 0.0010482618
0.9720196 0.9159699 0.12747036 0.948423 0.04095406 0.4711607 2.2415328e-14 0.92420435 0.007947912 0.061611384 0.7951536 0.19707036 0.08764038 0.038233064 0.94879496 0.94568485 0.0043425737 0.1864091 0.009619313 0.30289117 0.00059247244 0.018958919 8.036589e-05 0.014055797 0.39020425 0.019595122 0.0022441496 0.00013226889 0.00088732323 0.0021722354 0.00079804455 0.000776009 0.45733765 0.0021956193 0.054451507 0.0004513594 0.00010117074 0.6166995 0.00016728601 0.004195073 0.051094625 6.360379e-06 0.00012636869 0.04929771 0.0035273677 0.105463 0.0017810849 0.28587657 0.015130179 2.612147e-06 5.6163422e-05 0.0043693907 0.00047308288 0.00036317296 4.8513237e-05 1.7164411e-05 0.18724318 9.381868e-06 2.2113743e-06 2.596012e-06 0.022243975 2.7071309e-08 0.26050845 1.3935341e-06 0.004696561 1.3433262e-06 1.908158e-07 5.428501e-07 2.574064e-06 0.00017614513 0.00238072 1.5130012e-05 6.1410665e-06 7.3778445e-08 0.0021776895 8.7015615e-06 2.213726e-05 2.1207984e-06 7.1550403e-06 0.0023279672 4.254945e-06 0.001767694 4.4302602e-08 0.019761639 1.2662036e-07 1.9916445e-08 3.5450335e-06 0.008829817 0.0101626655 0.004183411 7.999795e-08 9.853533e-08 3.870838e-09 3.4022338e-07 6.234182e-08 7.2119525e-05 1.526225e-09 1.6213482e-06 8.342917e-10 0.009913505 0.0006805987
0.96640295 0.88099706 0.47903854 0.82298964 0.24689032 0.078586996 0.92420435 1.2708439e-15 0.04749027 0.16730367 0.9849492 0.30952302 0.00645638 0.0027846657 0.89848864 0.76862353 0.00042267374 0.021590633 0.0013788159 0.074291274 0.0019121041 0.0032989238 0.0008305868 0.0030367584 0.24123444 0.0016214382 0.05137776 0.00060095603 0.0017497576 0.00029382747 0.000101983205 0.0011355889 0.14230053 0.00014064061 0.5724551 0.0010292766 9.953818e-06 0.91261524 3.0635543e-05 0.00061423436 0.0052040904 3.94587e-05 0.0002625118 0.020086996 0.09147585 0.1945844 0.011213298 0.41741043 0.13632438 1.49927255e-05 4.485434e-06 0.003811314 4.7765297e-05 0.00013061962 3.5046646e-06 3.6320719e-06 0.07538371 1.0617052e-06 1.6719629e-07 9.942743e-07 0.0049978164 3.8163614e-09 0.18082778 4.9386966e-07 0.002456776 3.2323715e-07 8.782588e-08 7.321309e-08 8.689595e-08 1.8397706e-06 0.00053743937 7.099425e-05 7.334195e-08 1.5343225e-08 0.0014188614 0.00010315259 8.9211545e-07 2.4783878e-07 1.3911925e-07 0.00024088977 6.55773e-06 0.00083548576 2.3255682e-06 0.025745202 1.4971907e-05 7.801342e-09 1.2761394e-07 0.004618937 0.005294092 0.0023634583 2.1375954e-06 6.6301507e-09 2.4511365e-10 1.6452903e-08 2.192239e-06 1.2646627e-05 9.32863e-10 5.4853317e-06 1.5232848e-09 0.0045245327 9.49315e-05
0.9277469 0.076811016 0.9040743 0.005879019 0.9677269 0.0023453431 0.007947912 0.04749027 2.888442e-14 0.96974856 0.378496 0.8845336 0.0004149187 0.00050774426 0.0033132902 0.0013474358 0.0005723217 0.0001663385 0.0004759483 0.016712384 0.8866922 0.00239692 0.8135466 0.0032640367 0.18097505 0.00059755705 0.4164116 0.44303787 0.42189535 0.0003847459 0.00014894867 0.14382397 4.4639073e-05 6.353241e-05 0.05740758 0.09331735 2.7163624e-05 0.0020570282 4.540893e-07 6.631501e-06 3.642557e-05 0.057144593 0.09142006 1.1008556e-05 0.058289073 0.002340682 0.047390077 0.0011730373 0.005158857 0.019632233 1.29545615e-05 0.09509907 9.338699e-06 0.030394746 2.154896e-05 1.4201603e-06 0.08958549 5.453239e-06 1.8313418e-08 2.292625e-06 0.0070488234 5.774521e-09 7.788516e-06 2.0201282e-06 0.049176183 1.842291e-07 3.778207e-07 4.421749e-07 3.223828e-09 2.9772749e-09 0.0020519888 0.034104805 1.1834613e-06 2.238044e-07 0.03433002 0.00885901 1.2680623e-05 6.9122916e-07 3.6653166e-06 3.3926675e-08 0.00036226024 0.027602453 0.00065782195 4.167707e-06 4.649759e-06 8.166623e-06 2.8955442e-06 4.1029776e-07 0.023134017 0.023010314 1.638615e-10 1.15559516e-07 2.5707356e-09 7.6696075e-08 2.4986576e-07 7.285901e-11 3.2407066e-10 8.927791e-11 3.021465e-05 0.032928 3.7716156e-05
0.99187815 0.12295618 0.8436889 0.026777234 0.9207731 0.0026566996 0.061611384 0.16730367 0.96974856 5.0581267e-12 0.54499894 0.89419603 0.0001663125 0.00043872997 0.032294378 0.016037764 0.00018578855 0.0011505424 0.00035036574 0.020911956 0.8835512 0.0005304607 0.7328252 0.0010734487 0.6242655 0.00020105744 0.53869504 0.43314663 0.38557222 9.0231464e-05 0.0001445247 0.18140344 0.0021159574 2.0060246e-05 0.55579513 0.12588881 2.4488785e-05 0.13326676 4.1650474e-05 0.00015388317 0.0002192258 0.059122216 0.05371567 0.00051274896 0.2934374 0.009994136 0.16632135 0.07270982 0.09283503 0.01333772 7.5721196e-06 0.16261443 0.00022147727 0.0112350695 2.9335972e-05 1.194906e-05 0.32730463 7.087082e-06 6.1260306e-07 7.5930654e-07 0.023434002 1.01084225e-08 0.0050745215 1.3222966e-06 0.10845476 1.0641096e-06 1.9491836e-06 3.5599552e-07 8.774836e-08 1.0670556e-06 0.0033726126 0.006761868 2.905666e-06 1.2282115e-07 0.055966817 0.017179413 3.0212028e-05 7.2362895e-06 1.1307108e-06 3.1525879e-06 0.0010979715 0.048102498 0.0015853078 0.00096645067 0.0002040342 2.1541955e-05 4.262948e-07 6.8943027e-06 0.051537514 0.036486134 2.0806802e-07 2.198871e-07 1.569079e-08 2.987315e-07 2.271849e-05 5.4927547e-08 4.5463025e-08 2.4719753e-08 3.311118e-05 0.079232275 2.0448253e-05
0.9740761 0.8913768 0.90950865 0.5735738 0.82628095 0.035821486 0.7951536 0.9849492 0.378496 0.54499894 9.964006e-18 0.6750116 0.0009888209 0.00086136966 0.77014536 0.48435086 0.00017955231 0.0017626135 7.440821e-05 0.034886982 0.1300836 0.00040731588 0.06797619 0.0006945536 0.27451578 0.0005338502 0.48701152 0.02195463 0.007309833 6.123922e-05 1.7336217e-06 0.0040413723 0.017760042 1.3226656e-05 0.833922 0.002744503 1.1296931e-06 0.6756627 5.818138e-08 1.1531413e-05 0.00023041172 0.00022409436 0.0006014548 0.0022152923 0.4222229 0.2657562 0.12456516 0.22526972 0.25697377 0.00065598206 6.713758e-07 0.008077078 5.3015497e-06 0.00046567465 5.037041e-07 5.0111407e-08 0.09528689 6.693148e-07 2.136897e-09 8.950704e-08 0.004218615 2.2723853e-10 0.027332995 3.3663362e-08 0.0040447214 3.6721897e-09 9.762481e-09 1.4007679e-08 2.4052602e-09 5.3948197e-09 0.0004988757 0.003938393 3.7587085e-08 2.2817861e-08 0.0037178926 0.010743694 1.8897271e-06 1.2910461e-08 1.6631612e-08 1.4260431e-05 1.9922423e-05 0.001453223 7.648703e-06 0.02589971 0.00022216837 4.5599116e-08 1.734786e-08 0.0029334954 0.008641907 0.0052283886 1.8994142e-07 1.0252656e-08 2.4341965e-10 1.7060305e-09 1.0072554e-05 1.1346187e-08 5.2333207e-12 3.157003e-07 2.116091e-08 0.0029755693 1.2528551e-05
0.9982316 0.38912272 0.93681014 0.15657836 0.90730375 0.032670274 0.19707036 0.30952302 0.8845336 0.89419603 0.6750116 3.2152143e-12 0.0012704276 0.0027183774 0.11328124 0.08405785 0.00083618966 0.010113068 0.0019172139 0.043235723 0.6506473 0.0024510506 0.2716032 0.0019777326 0.73753613 0.0003868766 0.21823294 0.1558199 0.19650432 0.0001312312 0.00022004162 0.04925534 0.016603952 6.5844746e-05 0.6000854 0.0583356 8.1751365e-05 0.31466758 0.0001294565 0.0006536961 0.00090953696 0.013782822 0.015406878 0.001713213 0.21477933 0.012284278 0.13452487 0.07861878 0.13281569 0.0017278424 1.5425909e-05 0.06543198 0.00022079816 0.0044654575 4.484538e-05 4.473453e-05 0.4516336 1.216604e-05 1.6919337e-06 3.8625467e-06 0.020531703 2.4062973e-07 0.02264524 4.2519023e-06 0.08149626 5.4886964e-06 6.3881844e-06 1.7617923e-06 1.105908e-06 8.809079e-06 0.004642232 0.00060750573 8.73776e-06 5.397167e-07 0.02167506 0.006211252 2.8731356e-05 1.3786455e-05 1.2681621e-06 5.675784e-06 0.0008097003 0.03339366 0.00039189702 0.001177341 5.498785e-05 2.3862685e-06 9.256357e-07 0.00011196541 0.057965428 0.037205145 5.2104167e-07 6.3364973e-07 2.0631578e-07 1.2843019e-06 1.4908063e-05 1.5490494e-07 6.683834e-07 1.6938635e-07 2.8069076e-06 0.0927183 2.3458955e-05
0.99350464 0.04233249 0.0041136644 0.25673342 0.00036633373 0.93830293 0.08764038 0.00645638 0.0004149187 0.0001663125 0.0009888209 0.0012704276 8.206356e-13 0.9648673 0.06519399 0.16275436 0.8904325 0.8337047 0.89470834 0.69511837 2.0825346e-05 0.73705924 3.4532104e-06 0.34813207 0.19760866 0.47958618 8.6567954e-05 4.9241903e-06 0.00015416769 0.0935144 0.022451984 0.00018622918 0.37209058 0.09088401 0.00031139376 0.00028216772 0.067157134 0.0077454876 0.22549872 0.29523823 0.31054908 7.67786e-07 4.521931e-05 0.09463885 2.4255033e-07 0.0013812367 6.050124e-05 0.035879094 0.00010594962 5.009232e-07 0.0012098985 0.0048727505 0.015909178 0.0003896314 0.0014194882 0.006635747 0.26105353 0.00034610077 0.019031335 0.00011549897 0.16065617 7.292332e-05 0.06435708 7.926275e-05 0.010044822 8.0801714e-05 0.00013512578 4.473236e-05 0.0036973034 0.022524314 0.021891301 4.0126514e-07 0.00019635835 4.2189607e-05 0.0033024664 1.9996152e-08 0.0018330325 0.00091092853 8.172814e-05 0.011876873 5.4160904e-07 0.0025720543 1.3901879e-08 2.5889547e-05 4.0628287e-09 2.4231786e-08 2.4274772e-05 0.00023200945 0.02591351 0.0063277422 4.0455747e-10 8.769855e-05 1.9100398e-06 0.00033471422 1.0821565e-09 4.837803e-06 3.4230598e-05 3.1111007e-09 2.2947213e-09 0.02099036 0.0020804126
0.9655842 0.029016366 0.0031363692 0.1346499 0.0004375093 0.90505284 0.038233064 0.0027846657 0.00050774426 0.00043872997 0.00086136966 0.0027183774 0.9648673 1.6573068e-11 0.02960996 0.099088416 0.9173886 0.9282537 0.9686368 0.3223546 2.244161e-05 0.48275155 4.44356e-06 0.117704354 0.10331073 0.3101237 7.0444854e-05 4.393232e-06 5.385866e-05 0.09778304 0.011949773 0.00016262836 0.3807994 0.07498409 0.00028815065 4.5281366e-05 0.052961852 0.01087851 0.510519 0.4948122 0.36301577 2.1826023e-07 1.5807153e-05 0.09586376 3.4990076e-06 0.002789816 9.809182e-05 0.044787552 0.00012424873 7.630707e-08 0.0022060287 0.0027363386 0.037630994 0.00014669176 0.0009986514 0.0037599495 0.10457292 0.00038871766 0.039717797 0.00015000584 0.08480319 0.00021103116 0.07187757 0.00016929877 0.0042871274 0.00016595269 0.00014066932 9.666881e-05 0.0038814773 0.03504003 0.011337217 5.7467724e-07 0.00026473327 0.00016032433 0.0013691249 2.5028035e-08 0.0023367642 0.00023345322 0.00013091993 0.015133939 4.432373e-08 0.00092454266 4.175337e-08 8.715393e-05 3.0297602e-09 3.7820662e-08 5.5999073e-05 0.00023740789 0.013199842 0.0032846713 2.1452686e-09 0.0003535593 3.113254e-06 0.00055501296 6.063035e-10 1.6383174e-05 0.00029902096 4.731764e-08 9.602565e-10 0.012144973 0.0021701946
0.9514787 0.7742807 0.07584974 0.89482355 0.020975027 0.47581825 0.94879496 0.89848864 0.0033132902 0.032294378 0.77014536 0.11328124 0.06519399 0.02960996 9.9243e-16 0.9918838 0.001232099 0.20485105 0.0060915197 0.08841497 0.0004070817 0.007350379 5.5299868e-05 0.004772537 0.1649364 0.0055917185 0.001689135 8.554055e-05 0.00045605446 0.0011795262 0.00015121739 0.00057119597 0.61024356 0.0006276433 0.064716846 7.265711e-05 1.3762888e-05 0.77324915 0.00012917878 0.0043777768 0.050008018 2.050679e-06 0.00015109935 0.09783397 0.0010027727 0.2232755 0.0007849613 0.55951095 0.018919507 1.2806524e-06 5.246955e-06 0.0021479407 0.00023780898 8.5581356e-05 7.1609393e-06 4.5249465e-07 0.088044845 1.0183595e-06 7.829284e-07 4.4129865e-07 0.008983025 3.0063487e-09 0.5139826 4.865608e-07 0.0017959704 2.8121227e-07 4.1757435e-08 8.3890725e-08 1.2953035e-06 0.0003869397 0.00061590143 8.6447006e-05 2.0090819e-07 4.6354405e-08 0.0009101057 6.7040487e-06 2.8482087e-05 1.2756321e-07 3.5594783e-06 0.014189766 2.770853e-06 0.0006521033 1.9656012e-08 0.043374717 1.2351535e-07 8.591909e-09 8.2263233e-07 0.021260418 0.006448276 0.0016439043 3.605548e-07 1.7447934e-07 8.9139796e-10 4.5747996e-08 6.5633395e-07 0.00042819197 6.838197e-10 1.1968653e-05 1.5351941e-09 0.0025740922 0.0011040425
0.9565602 0.76654845 0.04255891 0.9244881 0.014394808 0.69034904 0.94568485 0.76862353 0.0013474358 0.016037764 0.48435086 0.08405785 0.16275436 0.099088416 0.9918838 8.3586156e-19 0.0046730363 0.591858 0.033232667 0.14312159 1.5975998e-05 0.021214068 2.0027433e-06 0.012782 0.1409501 0.018715106 0.00046993862 3.6777396e-06 2.4549956e-05 0.00506582 0.0006226669 3.6610356e-05 0.78994185 0.0033883578 0.020799411 6.789999e-06 8.199498e-05 0.49573785 0.00032935312 0.037827604 0.18573533 7.737122e-08 2.0118181e-05 0.31943035 5.2552557e-05 0.19156152 0.00024413502 0.44640413 0.006578866 6.889563e-08 6.0166247e-05 0.00044252363 0.0005419392 5.4743818e-05 2.1334683e-05 3.4967825e-06 0.14321786 5.1480565e-06 2.238107e-06 1.4062035e-06 0.023999581 1.7371699e-08 0.41679397 2.0297182e-06 0.0023149606 1.3005213e-07 2.176817e-07 6.306029e-07 9.256088e-06 0.0009839393 0.0021408843 3.1345255e-06 7.181609e-07 2.093734e-07 0.00052878074 8.8607734e-09 5.2991258e-05 8.7600745e-07 1.0198655e-05 0.010720421 9.436114e-07 0.0002473433 4.764771e-10 0.03591534 4.2833928e-09 1.4325058e-10 8.6202743e-07 0.02679129 0.00846812 0.0014205282 2.7514146e-08 1.5163829e-07 1.3424595e-09 1.0662749e-07 1.07187624e-07 0.00014480104 1.4089478e-09 4.4180083e-06 4.9509828e-12 0.0020942395 0.0011956749
0.97644925 0.0048549296 0.0012005585 0.024825078 0.00035881778 0.55342853 0.0043425737 0.00042267374 0.0005723217 0.00018578855 0.00017955231 0.00083618966 0.8904325 0.9173886 0.001232099 0.0046730363 6.3110847e-16 0.46637106 0.97735554 0.089484535 3.2467703e-06 0.8877856 2.4068056e-06 0.26568234 0.014059516 0.7395898 2.257816e-05 1.2340015e-06 5.277349e-05 0.71293765 0.34729323 0.00010382855 0.008118893 0.44772473 2.4342523e-06 5.18348e-05 0.8187017 1.698056e-05 0.41848636 0.43249702 0.052355655 3.5940678e-07 3.6571135e-05 0.00469204 1.597544e-08 8.573812e-05 6.054016e-06 0.0015343834 7.437458e-07 1.8848861e-07 0.051857166 0.0010310907 0.041433554 0.0005833985 0.018593736 0.11855992 0.22212754 0.0046383534 0.05498188 0.017591381 0.44641188 0.008615894 0.00071493525 0.014164633 0.0045857313 0.007007676 0.0043627494 0.009859922 0.011397938 0.01091461 0.06809221 2.530055e-07 0.004951449 0.0030534114 0.00075918203 2.9888006e-10 0.023825226 0.010169607 0.0017766403 0.00036928523 6.7757426e-08 0.00088999356 2.8190167e-08 1.5372643e-07 8.081545e-10 1.9491146e-08 0.0010758745 2.8780896e-06 0.029967101 0.001959738 1.3767158e-10 0.00080745824 2.3027342e-05 0.0092906505 7.396516e-11 1.4539896e-08 0.0015273807 6.918843e-10 8.1126494e-10 0.011076967 0.0026362147
0.9803067 0.122822925 0.0026114436 0.5984417 0.000385973 0.931174 0.1864091 0.021590633 0.0001663385 0.0011505424 0.0017626135 0.010113068 0.8337047 0.9282537 0.20485105 0.591858 0.46637106 5.2148547e-13 0.9396318 0.17325355 3.771808e-06 0.09254982 1.8070678e-07 0.04497847 0.068842456 0.1531049 3.5627167e-05 2.920703e-07 2.5319667e-05 0.08326473 0.0051756063 2.1164697e-05 0.9066639 0.051387064 7.233141e-05 1.2194744e-05 0.0141224805 0.025180442 0.51443195 0.87307686 0.8893584 3.8454594e-08 4.801821e-06 0.609218 1.265191e-07 0.028047552 1.3908862e-05 0.25550953 0.00020415371 1.5151757e-07 0.000476962 0.00030189176 0.047922995 4.637287e-05 0.00032577533 0.0009289321 0.055698946 0.00012464215 0.1017027 3.706081e-05 0.041159857 5.4166558e-06 0.2408944 2.076375e-05 0.00084397895 1.8557968e-05 3.6087822e-05 3.113707e-05 0.021448422 0.10594313 0.005479359 2.013027e-07 6.647682e-05 2.3063101e-05 0.0004085536 9.569878e-09 0.00023115099 7.096148e-05 3.641768e-05 0.06321522 5.1262305e-08 0.0002639578 3.125631e-09 0.0018566748 1.2165465e-08 4.620954e-08 3.1313343e-06 0.0041279453 0.0059241764 0.0010818988 2.37433e-08 0.00012051217 7.48807e-08 3.2564407e-05 9.337055e-09 5.2611278e-05 0.0021290232 1.940012e-07 1.3299276e-10 0.00334432 0.0058218804
0.919346 0.014161876 0.0015246215 0.10991488 0.00029928374 0.8750705 0.009619313 0.0013788159 0.0004759483 0.00035036574 7.440821e-05 0.0019172139 0.89470834 0.9686368 0.0060915197 0.033232667 0.97735554 0.9396318 4.009978e-16 0.15155996 1.1049319e-06 0.41689286 5.2804245e-07 0.121654294 0.03601414 0.33188108 1.4706554e-05 6.2188946e-07 2.1082567e-05 0.1388061 0.04525375 2.8980458e-05 0.102595374 0.14606026 4.589478e-06 4.049053e-06 0.50764096 0.00010051621 0.61857086 0.74179894 0.23612942 3.7539014e-08 7.5587573e-06 0.03457495 1.2719106e-08 0.00041338074 8.575198e-06 0.016344296 1.0334474e-05 1.2771469e-08 0.0047797244 0.00054886896 0.054528195 3.244432e-05 0.00300109 0.022580609 0.060800333 0.0013252156 0.08675334 0.0012060594 0.07829943 0.0007711351 0.0053391494 0.0009584703 0.0032000456 0.0008592189 0.00043515154 0.00036394125 0.013378638 0.026743392 0.01393276 3.4719517e-07 0.00019012857 0.0005756575 0.00018367221 1.2984187e-10 0.0020809416 0.0005155001 0.00020190075 0.0012602574 4.9427817e-09 0.0002501248 7.7352547e-10 1.5487428e-06 9.9946475e-11 3.0654799e-09 6.155635e-05 2.0779657e-05 0.008280331 0.0012156172 1.3335757e-09 0.00021467988 8.449916e-07 0.0011224259 3.0125694e-10 5.7087215e-07 0.0031822892 2.294705e-08 8.311005e-11 0.0046697417 0.0031953752
0.9617866 0.39657587 0.15517102 0.4688505 0.025466733 0.74267703 0.30289117 0.074291274 0.016712384 0.020911956 0.034886982 0.043235723 0.69511837 0.3223546 0.08841497 0.14312159 0.089484535 0.17325355 0.15155996 1.2259311e-12 0.009288817 0.8832923 0.0036626053 0.97794074 0.9743541 0.38740578 0.0017502273 0.005396298 0.09040376 0.024017002 0.0543756 0.05830929 0.09426193 0.023822285 0.0031559754 0.01895215 0.023462223 0.02254401 0.009621441 0.02903287 0.013417334 0.00023329322 0.0053571695 0.0069157113 0.0011322459 0.0010676904 0.00063891686 0.016776765 0.0007206191 3.5916288e-05 0.0020337952 0.059565216 0.0010041263 0.0052663763 0.0031989971 0.00363187 0.61848116 0.00070232543 0.00018076842 0.0005527266 0.13149984 0.0001840557 0.030687032 0.0004222902 0.10844095 0.00054145546 8.2753526e-05 0.00016587327 6.5711274e-06 0.00014629248 0.05029865 5.5977043e-06 0.00021154498 1.0185768e-05 0.037404224 5.158559e-06 0.0022288896 0.0007418222 9.2932154e-05 0.00025090054 5.258341e-06 0.032360904 3.9399927e-07 0.0021648514 4.2570548e-08 4.2641395e-07 1.8751813e-05 0.0004495526 0.121657886 0.033410914 2.2293875e-08 4.791972e-06 4.0271216e-06 3.190445e-05 4.996297e-09 6.219283e-06 4.0299743e-05 3.3366565e-08 3.4889362e-07 0.08266173 5.159319e-05
0.96977997 0.0095402505 0.1592854 0.000121203375 0.64124113 0.00016938907 0.00059247244 0.0019121041 0.8866922 0.8835512 0.1300836 0.6506473 2.0825346e-05 2.244161e-05 0.0004070817 1.5975998e-05 3.2467703e-06 3.771808e-06 1.1049319e-06 0.009288817 6.5419976e-15 7.636324e-05 0.98655766 0.0002846144 0.18488973 0.00015760903 0.97728914 0.7122906 0.32267186 2.6119564e-05 1.4477197e-05 0.12402127 2.284958e-05 2.1033624e-05 0.28773162 0.0636713 1.5344863e-08 0.015375483 3.7367563e-08 4.1153766e-07 6.4094265e-06 0.04961087 0.058607984 2.4355424e-05 0.36250722 0.00776227 0.25661162 0.011375611 0.039507385 0.15116762 3.275062e-07 0.111078046 2.0275263e-06 0.0038647435 1.3264778e-07 4.6213593e-08 0.09700141 7.222776e-08 6.338942e-08 4.892071e-08 0.008764296 7.1208606e-10 0.00022678694 4.6591868e-08 0.022653481 1.34343106e-08 1.7527928e-08 1.8329002e-08 2.5416643e-08 1.5013542e-07 0.00031849107 0.04536784 4.392364e-08 2.6294424e-08 0.014466096 0.11562716 4.6860197e-07 1.5657285e-07 3.4048858e-07 6.704762e-07 0.00082200114 0.005213211 0.21301769 0.0022040338 0.00108365 4.2139345e-05 3.3832006e-08 1.582723e-05 0.013104566 0.009057582 1.1546703e-06 3.0073068e-07 1.3824923e-09 3.8564767e-08 0.00022840005 1.16311234e-07 3.8881268e-07 1.4039276e-07 0.0002341306 0.0062228013 1.3565315e-05
0.9753746 0.018449046 0.016834574 0.06782204 0.00157343 0.45788422 0.018958919 0.0032989238 0.00239692 0.0005304607 0.00040731588 0.0024510506 0.73705924 0.48275155 0.007350379 0.021214068 0.8877856 0.09254982 0.41689286 0.8832923 7.636324e-05 1.7986617e-13 2.5437026e-05 0.96444035 0.5114697 0.9423616 0.00011337645 2.2610831e-05 0.0025222953 0.55407995 0.84408337 0.0035285233 0.007839745 0.274959 4.026417e-05 0.001319813 0.39732304 3.4009787e-05 0.088979036 0.043621402 0.01460507 8.453474e-06 0.00012277788 0.0024442999 6.1132437e-07 5.8398273e-05 5.5483222e-05 0.0010632216 2.6201946e-05 9.705844e-07 0.007032826 0.0034416316 0.009782436 0.001239216 0.01174423 0.023904556 0.20126112 0.0032998298 0.0039369375 0.0052647768 0.2269673 0.0074943616 0.0007344643 0.0028838252 0.024655731 0.0061292867 0.0006785663 0.0008625447 0.00038788188 0.00097651634 0.04640675 1.470351e-07 0.0005510384 0.00014341286 0.004363498 9.827139e-09 0.006118085 0.0037289716 0.00032568182 1.8273668e-05 4.1926646e-07 0.004868508 1.1309975e-08 1.2263458e-05 3.8793357e-10 1.9701165e-08 6.917905e-05 7.1457193e-06 0.05002436 0.010566386 1.4223946e-09 0.00012366322 2.2550295e-05 0.0010269578 5.847481e-10 7.620497e-08 0.00045357022 1.3052204e-09 2.650443e-09 0.031195726 0.0006918382
0.95551133 0.0020137609 0.08296011 3.7521277e-05 0.22809042 2.1536736e-05 8.036589e-05 0.0008305868 0.8135466 0.7328252 0.06797619 0.2716032 3.4532104e-06 4.44356e-06 5.5299868e-05 2.0027433e-06 2.4068056e-06 1.8070678e-07 5.2804245e-07 0.0036626053 0.98655766 2.5437026e-05 2.278793e-16 8.915907e-05 0.05135566 6.0117463e-06 0.95751977 0.96901095 0.66260666 1.573995e-06 1.0228895e-06 0.21907501 1.5239796e-07 1.7021199e-06 0.019651366 0.14877339 4.707055e-08 0.00046380344 3.328753e-09 5.982332e-08 5.1248884e-07 0.32532352 0.30697417 2.1461916e-07 0.049011946 0.001085325 0.035526175 0.0001316653 0.00066622166 0.32270336 1.5695348e-07 0.19133933 3.012998e-08 0.02677763 6.9111216e-08 2.0594413e-08 0.06365937 6.530028e-08 3.238391e-09 2.4988063e-08 0.005179594 6.705154e-10 1.1079857e-06 3.5918493e-08 0.027198149 3.335167e-08 2.0964062e-08 4.189487e-09 2.935854e-10 1.2371629e-10 0.00051512884 0.19314662 2.4479432e-08 1.2902756e-08 0.02806454 0.02253109 6.085895e-06 1.6629878e-07 1.8183633e-07 1.0301071e-08 0.0010776679 0.016451472 0.048236243 1.4239204e-05 0.00010610735 6.367349e-05 3.3738697e-08 1.11763825e-07 0.015434886 0.016126642 2.2409572e-09 1.6765124e-08 6.0581165e-08 2.0413471e-07 1.6332306e-05 1.5262193e-09 2.0789128e-09 3.3735958e-10 0.0023334695 0.020376215 2.4096237e-06
0.9587808 0.016403126 0.017319884 0.043731302 0.0025983206 0.14545044 0.014055797 0.0030367584 0.0032640367 0.0010734487 0.0006945536 0.0019777326 0.34813207 0.117704354 0.004772537 0.012782 0.26568234 0.04497847 0.121654294 0.97794074 0.0002846144 0.96444035 8.915907e-05 1.1671004e-14 0.7210466 0.97923607 0.00014797022 0.00019487953 0.01620594 0.075415075 0.28280526 0.012081655 0.009176481 0.19076143 5.3566582e-05 0.00525664 0.03044768 5.2067317e-05 0.014756029 0.015720135 0.006725736 1.8394734e-05 0.0005157086 0.0009059025 2.534594e-06 5.0003782e-05 6.195725e-05 0.00066408335 2.1924116e-05 2.2028792e-06 0.007724663 0.024870018 0.0015668668 0.0046197036 0.012512128 0.005511451 0.54287744 0.0059163487 0.0006599634 0.0012026934 0.5318361 0.0015276357 0.0044122906 0.00050897425 0.100074485 0.0014025446 0.00031105243 0.0004040783 1.3666885e-05 7.071335e-05 0.24281101 3.163157e-07 0.00059486815 8.544997e-05 0.027624711 2.9808318e-09 0.012663832 0.0038066623 0.00030703502 0.00018371547 3.441623e-07 0.02513595 1.0244368e-08 9.223155e-05 4.191243e-10 3.542265e-08 6.7335466e-05 3.072323e-05 0.15753423 0.03422493 7.1347006e-10 6.670487e-05 7.299154e-06 6.722472e-05 1.0061247e-10 2.4085946e-06 1.6843469e-05 1.26656055e-08 3.0552416e-09 0.14662929 0.00023918574
0.99345064 0.6590995 0.57526195 0.44043297 0.22131123 0.4558185 0.39020425 0.24123444 0.18097505 0.6242655 0.27451578 0.73753613 0.19760866 0.10331073 0.1649364 0.1409501 0.014059516 0.068842456 0.03601414 0.9743541 0.18488973 0.5114697 0.05135566 0.7210466 1.1339912e-12 0.273335 0.025151415 0.083967224 0.614699 0.019775288 0.054944877 0.57939994 0.06522941 0.030429218 0.13999285 0.17948937 0.03701081 0.19162071 0.0083320495 0.020134162 0.0062118443 0.0057096994 0.049529795 0.0055018435 0.016315283 0.004278801 0.0042950255 0.13966858 0.008885066 0.0009881224 0.0064982893 0.35700774 0.0006066944 0.05042245 0.0033894163 0.005830245 0.941123 0.0011299865 3.687681e-05 0.0006736697 0.32645515 0.00013989792 0.032311793 0.00048620254 0.43554085 0.0001616983 5.0020335e-05 0.0002913666 8.44137e-07 2.5283823e-06 0.08171948 4.519702e-05 0.00022517623 4.913036e-06 0.15222244 0.00017492143 0.00035898396 0.00010590345 2.620187e-05 2.9579749e-06 1.02783215e-05 0.09719618 7.620166e-07 0.0018050168 1.9504081e-07 3.606941e-07 2.937752e-07 9.00026e-05 0.18151091 0.069984 8.155007e-09 2.3610373e-06 7.206318e-08 7.064263e-07 3.2972423e-08 2.1566832e-08 1.5501106e-05 1.461701e-07 3.4173304e-06 0.092002116 6.3775738e-06
0.98107135 0.0037841233 0.0018871448 0.04501241 0.00041790307 0.15882371 0.019595122 0.0016214382 0.00059755705 0.00020105744 0.0005338502 0.0003868766 0.47958618 0.3101237 0.0055917185 0.018715106 0.7395898 0.1531049 0.33188108 0.38740578 0.00015760903 0.9423616 6.0117463e-06 0.97923607 0.273335 4.2242617e-13 1.5138035e-05 1.1249418e-05 0.0010174311 0.33239013 0.75281304 0.00079347985 0.032315068 0.7707872 0.00013085091 0.0007287101 0.2773387 0.00014338893 0.43285546 0.19810992 0.027737733 2.037093e-06 2.8879094e-05 0.004197452 4.512765e-08 4.981924e-05 1.3059814e-05 0.0034754358 1.6766622e-05 9.2064795e-08 0.042758938 0.005002664 0.018207906 0.00040761178 0.023804208 0.07389153 0.3911872 0.0092865275 0.017609552 0.016532084 0.78523046 0.014958806 0.017386453 0.006503073 0.034600418 0.0037530605 0.0007058018 0.00088833406 0.00026147242 0.0016570124 0.40436798 2.8937496e-08 0.0010333958 0.0014054255 0.00680102 7.884491e-11 0.038572825 0.0024111124 0.00044394878 0.0005109429 7.791011e-08 0.008505266 8.258102e-11 4.337085e-05 1.2493125e-11 2.9737843e-09 6.954371e-05 5.5631335e-06 0.105006404 0.01326668 1.4774188e-12 0.001972194 1.7507673e-05 0.0005915911 3.1541631e-12 3.795834e-06 0.0003325611 1.0543338e-09 1.3017316e-10 0.14279152 0.00024729306
0.9156008 0.015584619 0.13800907 0.0011378204 0.37127885 0.00024945044 0.0022441496 0.05137776 0.4164116 0.53869504 0.48701152 0.21823294 8.6567954e-05 7.0444854e-05 0.001689135 0.00046993862 2.257816e-05 3.5627167e-05 1.4706554e-05 0.0017502273 0.97728914 0.00011337645 0.95751977 0.00014797022 0.025151415 1.5138035e-05 3.7752174e-13 0.93730354 0.031185945 5.1883366e-05 1.6973989e-05 0.010074077 6.264036e-05 1.999641e-05 0.69982964 0.012127888 7.687748e-06 0.0050515546 1.3396148e-06 2.681489e-05 5.7933812e-05 0.1180949 0.021711886 8.558176e-05 0.70196813 0.020677106 0.6493867 0.0121406345 0.15759207 0.9276076 2.2424325e-07 0.021825053 2.6637468e-07 0.0006779705 1.7454149e-06 2.4814494e-06 0.013369225 4.548335e-07 3.7186452e-09 4.5220368e-06 0.0021069322 2.2841027e-08 9.350863e-06 5.91459e-07 0.0020129697 1.3681431e-06 5.997253e-06 1.1633819e-07 3.4474008e-09 3.3062665e-08 2.593759e-05 0.79306966 3.1916056e-08 9.283197e-07 0.0013132188 0.566142 1.0781727e-06 1.3870043e-06 7.378404e-07 2.7609315e-07 0.0007577277 0.001181741 0.3017015 0.003067491 0.011111056 0.00033918594 1.678013e-06 2.3375831e-05 0.0026163242 0.00092716154 4.8314123e-06 2.748437e-07 7.072362e-10 7.2220114e-06 0.0007160382 1.3008245e-08 3.6540605e-08 1.7826906e-06 0.012521768 0.0008461723 6.380272e-05
0.91218126 0.001647136 0.04373519 5.3530475e-05 0.10868171 3.7841575e-05 0.00013226889 0.00060095603 0.44303787 0.43314663 0.02195463 0.1558199 4.9241903e-06 4.393232e-06 8.554055e-05 3.6777396e-06 1.2340015e-06 2.920703e-07 6.2188946e-07 0.005396298 0.7122906 2.2610831e-05 0.96901095 0.00019487953 0.083967224 1.1249418e-05 0.93730354 1.611597e-16 0.80627686 8.912995e-06 3.472074e-07 0.3559379 9.2767756e-08 6.18115e-06 0.020357262 0.35660902 2.6846774e-07 0.00035647134 3.7599488e-08 1.6793729e-07 4.3811906e-06 0.98389417 0.68087643 4.632002e-08 0.03442928 0.00095203234 0.031856295 0.00022807096 0.0017124941 0.9101218 8.261293e-07 0.28829622 7.9681786e-07 0.08294571 1.5569596e-07 1.6993e-07 0.07918885 4.031575e-08 1.9083446e-08 1.3787269e-07 0.0048841815 8.773844e-09 6.8228144e-07 5.382315e-08 0.02555676 3.562538e-08 9.7087835e-08 4.614437e-08 1.9919162e-10 1.12659986e-10 0.00018116328 0.2224807 1.3692956e-08 9.53435e-09 0.03451302 0.011366822 9.669304e-07 1.0264924e-08 9.826643e-07 6.348247e-08 0.014313351 0.02954359 0.03266986 4.7273356e-06 6.719581e-05 0.0049760346 4.0278703e-08 9.293441e-08 0.013743575 0.014745176 1.3129114e-08 7.6660065e-09 9.575392e-09 1.6656526e-07 1.1717123e-06 6.1010036e-10 1.09592335e-10 8.8812815e-09 0.07650869 0.023011412 1.6879239e-06
0.9763739 0.0027137527 0.018422188 0.00072714535 0.054542422 0.00064159365 0.00088732323 0.0017497576 0.42189535 0.38557222 0.007309833 0.19650432 0.00015416769 5.385866e-05 0.00045605446 2.4549956e-05 5.277349e-05 2.5319667e-05 2.1082567e-05 0.09040376 0.32267186 0.0025222953 0.66260666 0.01620594 0.614699 0.0010174311 0.031185945 0.80627686 2.5857807e-15 0.00034833376 0.0005996859 0.9683377 5.5245465e-07 0.0005146616 0.0005040506 0.96330845 1.021644e-05 1.814236e-05 3.770362e-08 3.944993e-07 3.4637105e-07 0.8160901 0.7724921 1.1434344e-07 0.0017506904 1.4283651e-05 0.00625219 1.8708397e-06 9.6897056e-05 0.21207857 5.523583e-05 0.888407 1.5369044e-06 0.47016013 0.00015535817 3.4007564e-06 0.3349102 5.1438725e-05 1.7536959e-08 2.059418e-06 0.08534374 2.7887939e-09 8.8777585e-07 1.803168e-06 0.39639103 2.9952596e-07 1.230151e-06 5.0331556e-07 9.112955e-09 6.3817867e-09 0.027869234 0.0038443727 9.2651135e-06 3.5524397e-07 0.23226534 0.000542618 0.0005792423 1.2582746e-05 3.8523332e-05 9.068134e-09 0.0031382812 0.1635885 0.0027600774 2.0933346e-07 5.127494e-07 0.0006255569 2.3853058e-06 7.498031e-08 0.15606822 0.1507633 1.2603059e-10 8.6582425e-08 3.2991732e-08 9.719923e-07 3.8863828e-08 7.6693034e-11 1.9087039e-09 1.631023e-09 0.0014711556 0.14437036 8.634307e-06
0.97447485 0.00069488725 0.00097091 0.0038441345 0.00016584716 0.023530677 0.0021722354 0.00029382747 0.0003847459 9.0231464e-05 6.123922e-05 0.0001312312 0.0935144 0.09778304 0.0011795262 0.00506582 0.71293765 0.08326473 0.1388061 0.024017002 2.6119564e-05 0.55407995 1.573995e-06 0.075415075 0.019775288 0.33239013 5.1883366e-05 8.912995e-06 0.00034833376 8.302723e-10 0.97785103 0.0005124137 0.006047813 0.95607585 5.952237e-05 0.00046511745 0.9396525 3.9661903e-05 0.7341041 0.22072381 0.0122609055 3.0082043e-07 3.7599782e-06 0.0034851704 3.205826e-07 2.5770074e-05 6.6897584e-05 0.0027993235 5.6587298e-05 3.910051e-07 0.28197202 0.0010812809 0.045665044 0.00011411483 0.1881396 0.6352218 0.09177669 0.027650831 0.083466254 0.4363808 0.44010404 0.17674002 0.005249879 0.22130963 0.011101174 0.07730462 0.01903166 0.06940932 0.0020824731 0.0017018515 0.16324653 1.7676086e-06 0.015321104 0.029433744 0.0033055765 1.4902255e-08 0.17783912 0.058822323 0.0056514437 0.00026336766 7.098625e-07 0.0011746818 3.7638273e-10 2.247095e-05 1.2122837e-09 6.765256e-08 0.000539698 3.419032e-06 0.03601077 0.0031401282 2.9841465e-10 0.21818975 0.002839671 0.0066732494 3.9668366e-09 2.7971057e-08 0.006071108 1.6183611e-09 1.1391915e-09 0.027871793 0.0009321118
0.9536741 0.0005461585 0.0013412306 0.0012127102 0.00033335204 0.0041381144 0.00079804455 0.000101983205 0.00014894867 0.0001445247 1.7336217e-06 0.00022004162 0.022451984 0.011949773 0.00015121739 0.0006226669 0.34729323 0.0051756063 0.04525375 0.0543756 1.4477197e-05 0.84408337 1.0228895e-06 0.28280526 0.054944877 0.75281304 1.6973989e-05 3.472074e-07 0.0005996859 0.97785103 1.763811e-14 0.0014065866 0.00018302942 0.9844434 1.9114957e-06 0.00014521371 0.4573555 7.3360883e-07 0.08548797 0.012598374 0.0023582822 1.5417834e-07 3.2700435e-05 3.7768816e-05 4.855961e-09 6.305723e-07 5.64019e-07 1.4968653e-05 1.8106802e-07 3.4786183e-08 0.31855774 0.0035539956 0.007323409 0.0008169665 0.43366754 0.13638976 0.12978849 0.048275743 0.0035234508 0.19596854 0.7756137 0.030744454 0.00029127492 0.1432414 0.026239939 0.026298828 0.0074687726 0.04584668 7.971052e-05 5.771964e-06 0.40858048 2.366522e-08 0.017375099 0.003133568 0.0074932827 1.3590302e-09 0.1874396 0.051354658 0.005837116 6.714331e-06 3.9155626e-07 0.004067672 9.3895156e-11 4.796253e-07 3.3146608e-10 3.1809746e-09 0.000849732 1.263504e-07 0.080319926 0.0090517625 4.271801e-12 0.005348807 0.0001958719 0.002672345 6.7174105e-12 1.7381095e-10 0.000526671 2.1863726e-11 4.5661122e-10 0.06798764 0.00029401638
