3.5615364e-21 0.9329542 0.9797753 0.93546784 0.96702766 0.93685323 0.97225875 0.96594507 0.9528212 0.976301 0.8936947 0.93086725 0.9961448 0.94734764 0.9210446 0.98837245 0.38872495 0.9713809 0.9753941 0.9098785 0.96256286 0.86676484 0.98127663 0.9724735 0.2020298 0.8658717 0.98228896 0.6282698 0.8677246 0.09399113 0.41599083 0.9440627 0.9421571 0.71125185 0.9801143 0.975579 0.3788718 0.7672233 0.99387825 0.8406146 0.97450596 0.9087779 0.9854295 0.0058710487 0.3077176 0.9574684 0.9292239 0.5790488 0.77702796 0.9691744 0.18072803 0.004861868 0.055773646 0.9325097 0.98905027 0.9356453 0.9694415 0.90395063 0.71599627 0.9773957 0.13690542 0.96442497 0.94890565 0.030835899 0.18497434 0.8451937 0.39470938 0.8427999 0.9645647 0.99151707 0.9882344 0.9869337 0.9957056 0.9471894 0.9999223 0.83631307 0.9674658 0.020495584 0.01811971 0.019859415 0.8446744 0.958111 0.97321403 0.9998237 0.9847763 0.051553234 2.6042433e-05 0.9335587 0.58677286 0.9999234 0.9998848 0.021258831 0.9372638 0.004636611 9.431166e-05 0.999464 0.9999031 2.865404e-06 5.576062e-08 0.970462 0.9987955
0.9329542 1.928092e-14 0.98878074 0.918696 0.62479043 0.76645213 0.10519833 0.8621515 0.84815955 0.17834249 0.10586559 0.021016253 0.0016942702 0.42884752 0.009466076 0.013066491 0.5024212 0.16386116 0.0016967936 0.0037902924 0.039530627 0.013815398 0.30239 0.7189812 0.71800095 0.025576606 4.615253e-05 0.06034905 0.020194318 0.04439599 0.050503384 0.002739686 0.0014890125 0.49665067 0.04153997 0.0046657687 0.010203088 0.014782228 1.5101556e-05 0.14383642 0.0003170643 0.21549734 0.00049717724 0.24328075 0.004881709 0.0022334454 0.06957236 0.0061470703 0.00032511982 0.0013641383 0.0073917303 5.000641e-05 0.009719637 0.06287324 6.1503655e-05 0.00078362547 3.591653e-05 0.007256843 0.0014618648 0.008083528 0.00016751623 0.0012088409 0.00045149826 1.4140633e-05 0.0014454435 0.00022215037 6.8312266e-07 4.0658608e-05 0.00084134145 0.5325326 0.33224484 0.45159018 4.221569e-05 0.00034191483 0.007556466 0.0003167986 7.1051414e-05 4.4247398e-07 0.02936683 1.154941e-10 0.000104720166 0.00018773168 0.05018374 0.009911762 0.019194085 2.3730365e-05 0.005768512 8.1496194e-07 6.923008e-08 0.001409743 0.045265142 6.7071284e-07 4.2740005e-05 4.3516437e-05 2.6047573e-09 2.3590514e-05 0.0043952186 7.624663e-06 2.158349e-05 1.167839e-06 0.00023170144
0.9797753 0.98878074 2.4860847e-12 0.7775156 0.7694322 0.5805329 0.11321163 0.6429355 0.5155278 0.5262556 0.41885337 0.07956556 0.00080137054 0.9001468 0.009538313 0.034975167 0.17375319 0.054030545 0.0018233657 0.0012753282 0.1573462 0.01377053 0.5284789 0.33139884 0.468142 0.0040720147 2.5207299e-05 0.014165449 0.011721869 0.012568428 0.183649 0.007098839 0.00034086092 0.37290817 0.20148799 0.002648906 0.0019913155 0.0028378312 4.669151e-06 0.40034807 0.00044471407 0.18156339 0.00076846365 0.09902018 0.0013639913 0.00070761214 0.2792324 0.005082985 0.00024068587 0.0016185405 0.0060753156 6.747402e-06 0.010833438 0.13621964 1.7146855e-05 0.00042774132 4.2689127e-05 0.03739782 0.0013805085 0.03779808 9.835818e-06 0.0047522443 0.001737307 7.610054e-06 0.0012234186 6.396746e-05 4.0190088e-07 8.7959e-06 0.0011618055 0.39495736 0.51532125 0.69866663 0.00021736693 0.00016757615 0.016302412 0.00024112238 0.0001124758 7.4738193e-07 0.026538007 1.2152929e-10 0.00022815689 0.00021161015 0.15288876 0.02992394 0.043067828 4.120113e-05 0.0026116911 5.416163e-07 2.8273417e-08 0.0022636116 0.098515436 1.3140489e-06 3.692051e-05 3.896992e-05 5.949691e-10 5.03571e-05 0.0034265958 1.6087323e-06 9.92861e-06 1.059813e-05 0.00019516019
0.93546784 0.918696 0.7775156 1.7160543e-15 0.49337637 0.9800921 0.13084951 0.12517443 0.6348876 0.29832575 0.012374771 0.006304488 0.0008315169 0.13818505 0.0053511285 0.028458279 0.19250453 0.01193302 0.00035357245 0.0011053657 0.015645852 0.012082403 0.07125412 0.73190653 0.8715392 0.003861549 1.4007474e-05 0.039041083 0.008425829 0.0011453963 0.0047929827 0.0005652082 0.0005180152 0.8951481 0.027550116 0.021727141 0.0012573181 0.0015258448 1.233682e-05 0.0058554756 7.91348e-05 0.70604604 0.000611267 0.6031432 0.00048652582 0.001081121 0.014996065 0.030884948 0.0018104828 0.0006054805 0.04403668 8.336651e-06 0.15200947 0.013382657 2.8816698e-05 0.0007224654 7.234137e-06 0.004045848 0.00033254077 0.0013326976 0.0002065358 0.0005045589 0.00025831556 2.6352203e-07 0.00060044415 0.00025294945 1.049505e-06 1.8456823e-06 0.00028386677 0.89141077 0.49896684 0.3113352 3.456761e-05 0.00020724392 0.009263617 0.006198787 1.9702737e-05 2.165612e-06 0.27905047 6.5558664e-10 5.2101186e-05 0.00021956748 0.0357167 0.02392458 0.007840433 0.0023510356 0.112873636 1.6457761e-07 1.3352035e-07 0.0001645537 0.03261599 5.7868565e-06 2.351865e-05 0.0001055878 3.7075546e-07 5.56593e-06 0.0022756397 0.0017642288 0.0011541689 4.3317814e-07 0.00031342806
0.96702766 0.62479043 0.7694322 0.49337637 6.9555695e-19 0.66661865 0.97998285 0.007756424 0.021697406 0.93544996 0.57464236 0.8068111 0.48947605 0.50491726 0.65103024 0.5906455 0.0036204373 9.656699e-05 0.38610518 0.25134128 0.37242198 0.5314331 0.0023563432 0.006514044 0.055781115 1.2695253e-05 0.033576906 6.425771e-05 1.6307464e-05 1.6541528e-06 0.025311077 0.06977023 0.087755874 0.10195112 0.21219157 0.27006903 1.7736487e-06 1.2939701e-06 0.0068312213 0.01160868 0.036471065 0.40537366 0.07300881 0.0064968793 2.6724211e-07 5.327301e-06 0.0427571 0.12951154 0.040250156 2.9434432e-06 0.16011697 6.3325667e-10 0.047975257 0.002267438 0.0010672755 0.009929942 0.0005843599 0.10171144 9.823045e-07 0.044755723 1.0155305e-08 0.016265847 0.008117148 2.1277542e-09 2.0230905e-07 0.0042781704 0.00039808932 0.00054035307 2.788088e-06 0.004799002 0.054136347 0.10683787 0.000829936 0.00073739485 0.07049202 0.028137222 0.0004027404 1.5369872e-09 0.17538372 1.2647364e-14 0.0034179974 0.0009303276 0.044919033 0.01847143 0.0040399907 0.0034207364 0.008978028 1.0210986e-05 7.5673426e-11 0.0039886367 0.035619155 7.188427e-07 5.1929997e-05 2.0393925e-08 2.721626e-07 5.9978625e-05 9.860834e-05 0.00020717949 2.7390615e-05 6.211243e-05 1.2043248e-05
0.93685323 0.76645213 0.5805329 0.9800921 0.66661865 2.3859593e-17 0.47828367 0.04389473 0.38779622 0.42503753 0.011589012 0.007910801 0.008485979 0.14041595 0.02545083 0.07673725 0.066396005 0.0046265884 0.0013242946 0.0028142384 0.018208817 0.040153384 0.023496572 0.40349048 0.7242427 0.0007323743 0.00010416089 0.006844054 0.00096597295 1.3536404e-05 0.0016118983 0.00030686206 0.002884077 0.9405729 0.031049944 0.090707205 0.00028897045 0.00019566335 6.295593e-05 0.0006016605 6.9349866e-05 0.9517983 0.0021255955 0.39133126 6.285292e-05 0.0008394372 0.00718837 0.07804409 0.013449227 0.0002950256 0.20469205 6.934678e-08 0.2711687 0.004620164 3.880552e-05 0.00087788 1.856503e-05 0.0036913913 0.00011125652 0.0010150896 8.9941295e-06 0.0003134179 5.5064364e-05 7.3663102e-09 1.715155e-05 0.00078526343 3.158301e-05 4.9333844e-06 8.8852044e-05 0.7147348 0.34086853 0.16618265 4.1643025e-06 0.00018937666 0.0067441477 0.017452212 0.00011018414 1.01533736e-07 0.308586 7.520787e-13 0.00039317168 0.00059964013 0.031774394 0.021580921 0.004054585 0.0023637377 0.16823676 8.5860205e-07 1.5674292e-10 5.9324924e-05 0.049229562 5.397478e-06 6.6750285e-06 1.7446976e-06 1.1794654e-07 7.8124356e-07 0.0021260863 0.0015812682 0.001215259 2.3889814e-07 0.000117608965
0.97225875 0.10519833 0.11321163 0.13084951 0.97998285 0.47828367 1.9183371e-15 0.00032889453 0.005572211 0.61264926 0.032426286 0.2889502 0.642921 0.040220857 0.8425251 0.3022065 0.0031236724 0.0002897141 0.13274957 0.10775018 0.035120513 0.8140494 0.00045849243 0.017653676 0.04230097 3.5427405e-05 0.011753716 0.00043164374 9.400003e-06 2.7173276e-06 0.0011687571 0.009188535 0.27313623 0.3009408 0.035361283 0.8225455 5.009175e-05 6.970257e-06 0.006658695 0.0002629731 0.008479822 0.8163343 0.031823713 0.008305683 4.4890844e-06 3.7548485e-05 0.0019761212 0.53809613 0.29701802 1.956055e-06 0.46827853 3.968252e-09 0.3080681 0.00039768298 0.0022285783 0.008194659 0.00044079399 0.016219145 3.3149126e-07 0.0022622491 1.3941465e-07 0.0025738284 0.0011696252 4.2086366e-09 1.0827125e-06 0.04273024 0.0025482057 0.0040687583 7.659802e-07 0.0006138145 0.013865424 0.045175802 0.00024068083 0.0012973032 0.030932361 0.3465658 0.00053044246 3.5654049e-09 0.4947799 3.556032e-13 0.009044057 0.0025616444 0.017001927 0.0036660982 0.000937714 0.1467999 0.055177625 3.0876086e-05 1.1353905e-10 0.0014133218 0.018844984 1.0851516e-05 7.07207e-05 3.1702692e-07 4.1963773e-05 2.258751e-05 0.0006725402 0.0016087793 0.00012023344 4.1488962e-05 6.4241714e-05
0.96594507 0.8621515 0.6429355 0.12517443 0.007756424 0.04389473 0.00032889453 4.1737162e-14 0.9475329 0.0016498646 0.004673698 6.364223e-05 6.790611e-07 0.032733902 3.948219e-05 7.335574e-06 0.75045234 0.8457555 5.5466207e-06 2.6599746e-05 0.00024860568 0.00010479009 0.9449552 0.6772935 0.13862258 0.40018284 4.700073e-07 0.20918222 0.71428794 0.85618377 0.018011943 3.69327e-05 2.9659182e-06 0.005736124 0.0022879478 3.0086621e-06 0.30772436 0.25961164 1.3728948e-07 0.13452356 4.01492e-06 0.0022590742 2.4110122e-06 0.021900686 0.13039745 0.053060222 0.010833706 6.7446264e-05 5.030807e-06 0.046737507 0.00011554128 0.013859924 0.00022389185 0.30370703 1.2786387e-06 1.6778713e-05 1.3044149e-06 0.00047566835 0.0392887 0.0020907165 0.0021686347 0.00010611818 5.4908465e-05 0.0023942264 0.05718662 1.7540076e-05 1.5831638e-07 3.1414396e-07 0.0077728042 0.0025204103 0.014109913 0.09671753 5.4279035e-06 3.552906e-06 0.0004211062 1.4565835e-06 2.2425982e-06 0.00010350251 4.371143e-05 3.0402166e-06 1.6009491e-07 3.3661631e-06 0.025343249 0.00021736401 0.09754296 3.5704534e-06 8.630705e-05 2.2676854e-08 9.3972834e-05 6.57152e-05 0.030686008 8.97026e-07 3.3469694e-06 0.00043642873 1.8563037e-08 3.0413505e-06 0.026515087 1.787557e-07 8.501234e-07 1.2472718e-06 0.0011497893
0.9528212 0.84815955 0.5155278 0.6348876 0.021697406 0.38779622 0.005572211 0.9475329 5.5558234e-17 0.045381315 0.0036332954 0.00024891552 7.2908406e-06 0.04320183 0.00010780802 0.0003518093 0.96900964 0.8992472 2.4528637e-05 5.259231e-05 0.0010533676 0.00030544802 0.6122699 0.78424144 0.41276383 0.17554627 2.1655067e-06 0.2772428 0.18438415 0.5852676 0.003501039 4.340168e-05 4.5258807e-06 0.035453696 0.007515666 5.831904e-06 0.090391226 0.068911076 2.282239e-06 0.023478165 8.163336e-06 0.006020591 1.8035713e-05 0.085869916 0.030485032 0.010749649 0.0062123956 0.00013523354 4.451759e-06 0.04220921 0.00036325917 0.0054563945 0.0017466256 0.043454032 2.959225e-06 4.0063886e-05 3.5940374e-07 0.00056460866 0.016733205 0.0007981641 0.0020808936 3.7023892e-05 1.5230278e-05 0.00025697888 0.039693516 3.3754727e-06 6.263762e-09 2.6987266e-07 0.0049847523 0.42101628 0.05557988 0.20741385 1.9618353e-06 3.6567938e-06 0.0008922018 1.7417235e-06 4.3301125e-07 0.00011201177 0.0010433334 6.475973e-08 6.671597e-08 6.6376892e-06 0.032673407 0.0015982896 0.0369197 2.3254263e-06 0.00038664776 1.4265524e-08 1.0977373e-06 5.389283e-05 0.040887665 4.046044e-07 4.1613424e-07 0.00023634662 1.5743784e-09 1.1156208e-06 0.025989546 2.81359e-07 4.8255733e-06 8.771301e-09 0.00036458444
0.976301 0.17834249 0.5262556 0.29832575 0.93544996 0.42503753 0.61264926 0.0016498646 0.045381315 3.2250515e-13 0.9608991 0.9089996 0.23990563 0.76655614 0.14106879 0.85238576 0.00928848 0.0008775595 0.2836784 0.086999714 0.7695377 0.2222104 0.0023929493 0.023276713 0.033483777 8.653823e-05 0.0064527146 0.0006059987 4.104191e-05 1.2424511e-05 0.026513476 0.20660235 0.029633017 0.19785817 0.39206427 0.40205947 0.00014837166 5.367028e-05 0.007281752 0.008104879 0.05306394 0.4567084 0.15896063 0.0050596595 1.9916819e-05 2.6893824e-05 0.069949634 0.1540004 0.05172809 4.8088054e-06 0.115514606 1.5250001e-07 0.10595839 0.0015885626 0.0008401231 0.0051534697 0.001012852 0.1960666 1.4530359e-06 0.06453375 3.7716194e-07 0.052801557 0.023998383 9.082644e-08 6.2646313e-06 0.01100279 0.00086715026 0.0028412961 7.9578354e-07 0.0014339413 0.03324292 0.121585906 0.0018165801 0.0015683813 0.11863566 0.14620881 0.0003153439 1.6300412e-08 0.27209136 2.7867533e-12 0.0046017016 0.0005277188 0.041551817 0.006851215 0.0025461942 0.011876273 0.00280785 7.1296716e-05 2.735289e-11 0.0028178839 0.038484417 2.6291182e-05 6.993919e-05 7.624771e-08 5.193537e-06 4.2678257e-05 0.00024538592 8.657686e-05 1.2049246e-05 0.000102272366 0.00014442028
0.8936947 0.10586559 0.41885337 0.012374771 0.57464236 0.011589012 0.032426286 0.004673698 0.0036332954 0.9608991 1.8156327e-18 0.7769173 0.009133451 0.95528835 0.01604279 0.6376613 0.0005768278 0.00013727791 0.11465464 0.028165396 0.96995825 0.011528329 0.0077101607 0.00026575243 0.00063301984 2.5293002e-05 0.004480107 1.2977512e-05 8.560103e-05 2.7735102e-06 0.2723483 0.48794302 0.00087898254 0.0014299925 0.69630855 0.00063858455 1.2869116e-05 6.58206e-06 0.00012530219 0.06894021 0.09539225 0.0015455397 0.102592275 9.0182686e-05 1.8577081e-06 6.6536e-05 0.110630855 0.00029509648 1.8692677e-05 4.0889467e-05 0.00026094457 5.174026e-09 9.752441e-05 0.0033465833 0.00037116944 0.010201322 0.0041875504 0.35192904 7.755769e-06 0.4682788 1.14966916e-07 0.06871523 0.060179505 2.190575e-08 4.1269373e-06 5.8155732e-05 7.663894e-07 0.00027275283 4.8553316e-05 0.0031286243 0.045897864 0.09808428 0.015859038 0.0024805814 0.08092176 8.640291e-05 0.0010102477 8.43005e-09 0.00019479722 1.2374057e-14 0.0007790202 0.0005905798 0.054501683 0.0105694905 0.002891539 1.5840458e-05 3.2363523e-06 7.543077e-05 1.9481587e-09 0.009741859 0.03606601 9.205807e-07 0.0007909934 4.723793e-08 2.6295452e-10 0.00080347504 0.00034678448 1.2211652e-07 2.4718952e-08 0.00039501346 6.7819456e-05
0.93086725 0.021016253 0.07956556 0.006304488 0.8068111 0.007910801 0.2889502 6.364223e-05 0.00024891552 0.9089996 0.7769173 8.071468e-18 0.25682232 0.19396326 0.1279962 0.9835853 1.8525961e-05 8.474381e-06 0.9371849 0.5489824 0.4908268 0.06297251 2.2579994e-05 1.951573e-05 0.0002541786 1.1335286e-06 0.29877517 1.9815589e-07 1.1149635e-06 3.0427674e-07 0.014791577 0.7373509 0.015230019 0.0011402167 0.07400802 0.015148855 1.9197321e-07 2.9733476e-07 0.012361529 0.0007141124 0.5409989 0.0023832018 0.47343132 1.43172e-05 1.135663e-07 4.739754e-06 0.008250834 0.0057908297 0.0034382 5.4408105e-07 0.0028168939 3.9921783e-10 0.00028849737 0.00027646558 0.01191377 0.13101864 0.05737598 0.221153 2.2947617e-08 0.07087053 1.2378131e-08 0.10207971 0.07587546 3.1194252e-09 2.4436826e-09 0.002052712 9.223578e-05 0.003509396 1.6264906e-07 0.00025092973 0.0030261655 0.018820394 0.02090699 0.01131358 0.12326984 0.0027029794 0.0041800872 3.5356532e-10 0.0011917884 2.0697423e-16 0.014053256 0.0049260585 0.02982084 0.0012542515 0.0010175054 0.00092449243 2.0892671e-06 0.0006313525 1.0874943e-10 0.015310421 0.022174386 6.7065744e-06 0.0029912235 5.386636e-09 2.035354e-07 0.00066965644 5.3824053e-05 2.959854e-06 5.195387e-09 0.0019045096 1.7401902e-05
0.9961448 0.0016942702 0.00080137054 0.0008315169 0.48947605 0.008485979 0.642921 6.790611e-07 7.2908406e-06 0.23990563 0.009133451 0.25682232 7.699448e-16 0.0027425042 0.98131484 0.30685553 9.894213e-06 9.557365e-07 0.5250234 0.74287605 0.014448834 0.75545585 0.00022347565 2.0663578e-05 0.0002271456 5.7818227e-07 0.44025823 3.7930076e-06 5.4438783e-07 9.632457e-08 0.0007370264 0.02114247 0.7919187 0.0042387526 0.008885942 0.70744663 9.2456736e-07 6.0940785e-08 0.6932048 1.1314588e-05 0.06597729 0.008598665 0.17537674 8.423679e-05 3.5292228e-08 1.1465405e-06 0.0005880454 0.23905526 0.36465093 1.15085605e-07 0.07932998 1.8719684e-09 0.020534802 0.000120676166 0.30101418 0.24937285 0.042670052 0.027572408 1.4074037e-07 0.0008891593 9.418061e-09 0.010094947 0.007383431 2.0378176e-08 7.3896885e-08 0.40413842 0.11682723 0.16401917 2.51662e-07 6.235969e-05 0.0013963692 0.010017835 0.0019506781 0.069089115 0.03859906 0.6104115 0.021493588 1.2810529e-08 0.18043746 1.0816452e-12 0.11289756 0.05405701 0.018359832 0.0013982577 0.0010695483 0.5179262 6.632156e-05 0.0020656309 1.3526667e-08 0.016467875 0.010315313 0.0036400964 0.0057306257 6.68321e-07 0.0028520657 0.0012989566 7.728395e-05 0.002035505 7.867138e-06 0.005747124 2.0403799e-05
0.94734764 0.42884752 0.9001468 0.13818505 0.50491726 0.14041595 0.040220857 0.032733902 0.04320183 0.76655614 0.95528835 0.19396326 0.0027425042 6.006574e-11 0.0044213086 0.19951077 0.012113972 0.005367981 0.011698918 0.0037958033 0.7827664 0.00636868 0.11342924 0.008570175 0.016489215 0.0010388324 0.0004046353 0.0012793719 0.0028068258 0.00021070255 0.87690514 0.07317401 0.0005753414 0.021768548 0.95679414 0.001512187 0.0010052283 0.00083904655 3.8931845e-05 0.5227267 0.005669263 0.024580391 0.024485588 0.0025496774 0.00025057152 0.00094677723 0.75361574 0.003183473 0.00032806 0.00079564244 0.0021953564 2.5128188e-07 0.002718717 0.053297 0.00016439371 0.0016110009 0.00016995215 0.15205994 0.00060449506 0.16728319 2.3610824e-06 0.027875174 0.0091956565 6.38337e-07 0.00058378844 0.00028672657 5.211746e-06 8.489139e-05 0.00030985274 0.05125932 0.33190945 0.45898992 0.001255901 0.001022836 0.06919574 0.0005457547 0.0002619474 2.2065585e-06 0.04791729 1.726432e-11 0.0012542336 0.00024054476 0.18168172 0.029370219 0.03517707 0.00030878812 0.0006572009 2.0151458e-05 3.6802764e-08 0.0048937956 0.09139868 4.5623347e-06 5.5392604e-05 5.9932167e-06 3.9902336e-08 0.00021856863 0.0018727303 2.9776766e-06 7.782969e-06 0.00014348085 0.00024418766
0.9210446 0.009466076 0.009538313 0.0053511285 0.65103024 0.02545083 0.8425251 3.948219e-05 0.00010780802 0.14106879 0.01604279 0.1279962 0.98131484 0.0044213086 1.4249481e-19 0.18590806 7.95005e-06 1.2656296e-06 0.22059435 0.43430468 0.013364171 0.97495085 3.440225e-05 6.187777e-05 0.0008762557 2.582235e-07 0.15395318 1.3366757e-06 1.5832326e-06 3.2779788e-08 0.00019178905 0.014450391 0.8588565 0.004286011 0.003954428 0.688938 7.4547664e-08 1.9684713e-08 0.6049174 1.4039838e-05 0.04388214 0.0068468614 0.055072658 9.195183e-05 5.9794427e-09 6.3641523e-06 0.000359881 0.1405858 0.2750838 5.7404134e-07 0.051503118 1.9286071e-10 0.004186724 0.00010555156 0.113531806 0.071750164 0.016882582 0.007328149 1.4324416e-08 0.0011103192 4.2263015e-09 0.0052048797 0.0040516974 4.7722926e-10 1.2760135e-10 0.1512519 0.09641677 0.08342233 9.4084065e-08 6.435828e-05 0.00080499786 0.0022526064 0.0012150063 0.027458109 0.014957431 0.15931877 0.008678627 3.425154e-10 0.08728625 1.5693e-16 0.083628796 0.016025042 0.0049958695 0.00053422636 0.00043970926 0.15084733 5.562229e-05 0.0036486501 5.444519e-10 0.0068667205 0.004174317 0.0076914593 0.012460936 9.467916e-09 0.002302529 0.0010553887 7.0474016e-05 0.0019356463 1.229527e-06 0.016270781 1.7252341e-05
0.98837245 0.013066491 0.034975167 0.028458279 0.5906455 0.07673725 0.3022065 7.335574e-06 0.0003518093 0.85238576 0.6376613 0.9835853 0.30685553 0.19951077 0.18590806 5.0706564e-15 0.0006461844 1.8563791e-05 0.7568529 0.3484594 0.52417743 0.1930357 0.00012588261 0.00021358755 0.0015127676 1.1768582e-06 0.12144245 1.04480105e-05 3.156836e-06 1.1619843e-06 0.008387102 0.72070307 0.057906006 0.012470554 0.18527207 0.28950676 3.0215758e-06 7.1218693e-07 0.038356476 0.0004042687 0.43058756 0.04465975 0.6062343 0.0003680726 4.5069524e-07 9.4361326e-07 0.026503472 0.10034243 0.054997694 1.5444029e-07 0.041115493 6.103253e-09 0.017170904 0.00025119097 0.011615307 0.07502652 0.024223303 0.3557636 1.47923e-07 0.07360562 8.185753e-09 0.16696168 0.08821507 2.1742537e-08 3.1927914e-07 0.03397208 0.0021346936 0.004610909 1.7283317e-07 0.00018678643 0.0035710305 0.054165985 0.013912639 0.008128938 0.28631493 0.15038982 0.0017361225 1.8261819e-09 0.08031838 6.822914e-14 0.019337265 0.0029161123 0.058486532 0.0017145156 0.0027375459 0.019421553 5.576288e-05 0.00032590615 2.4021918e-10 0.023451356 0.031869795 7.8087265e-05 0.00032481021 1.4308355e-07 4.2502827e-05 0.0006093922 3.5453733e-05 0.00010723543 3.448879e-06 0.00229827 1.2282537e-05
0.38872495 0.5024212 0.17375319 0.19250453 0.0036204373 0.066396005 0.0031236724 0.75045234 0.96900964 0.00928848 0.0005768278 1.8525961e-05 9.894213e-06 0.012113972 7.95005e-06 0.0006461844 8.0784263e-19 0.96962756 3.8045894e-06 2.91108e-06 0.0005188691 1.1545211e-05 0.30070078 0.724878 0.28651488 0.4663521 1.9008168e-07 0.930796 0.079621404 0.22471508 0.00053179817 2.7814644e-06 4.2102266e-07 0.024157122 0.0021473356 1.4416706e-06 0.15098734 0.06231608 2.0815585e-06 0.007638365 8.460665e-07 0.0006119319 3.9825773e-06 0.06353737 0.023416974 0.0152179245 0.0018580927 2.645687e-06 6.233385e-08 0.021574019 1.6723983e-05 0.0024105434 0.00037455105 0.0061988607 7.3712084e-07 1.1107825e-05 1.695702e-08 3.3908902e-05 0.0044839676 5.3338004e-05 0.004850797 8.341855e-07 6.2550765e-07 0.00011121822 0.002464097 1.8221391e-07 8.256357e-10 7.8247275e-08 0.0028070118 0.07158347 0.01764455 0.030444037 5.5231894e-08 4.8817407e-07 5.6162356e-05 5.274888e-07 3.9651344e-09 9.439369e-06 3.1261385e-05 2.038842e-10 2.2225044e-09 3.722854e-07 0.0043947846 0.0010733908 0.0025490844 6.239344e-08 6.9223715e-05 6.5929244e-09 4.3698254e-09 5.7351904e-06 0.009486229 2.6862932e-09 5.7809455e-09 6.3487096e-05 9.717291e-11 5.438224e-08 0.02719518 4.2697486e-08 1.1403215e-06 1.3435455e-09 0.0003126253
0.9713809 0.16386116 0.054030545 0.01193302 9.656699e-05 0.0046265884 0.0002897141 0.8457555 0.8992472 0.0008775595 0.00013727791 8.474381e-06 9.557365e-07 0.005367981 1.2656296e-06 1.8563791e-05 0.96962756 3.0977477e-17 1.8563624e-06 2.5508411e-06 0.0001021971 1.1268747e-05 0.76478285 0.2657556 0.08863766 0.8255187 1.2364275e-07 0.85715514 0.6636267 0.7663678 0.0007025083 1.8026072e-06 2.3563462e-07 0.0039185365 0.0012943256 3.2746746e-07 0.49657714 0.5172944 5.8870015e-08 0.0068861223 4.2127448e-07 4.225299e-05 9.500668e-07 0.018501999 0.31845042 0.23830476 0.0022968643 1.4148815e-06 2.8776847e-07 0.34238565 2.9490348e-06 0.050601974 9.441511e-06 0.20339991 2.1588688e-08 2.9034015e-07 3.6014054e-08 8.863606e-05 0.2738731 0.00015400282 0.0394652 5.067504e-06 5.3583876e-06 0.0046784473 0.341191 1.06833504e-07 7.3139224e-09 5.8695977e-09 0.05107179 0.00038606688 0.0032292018 0.041700795 2.5543522e-07 2.844385e-08 7.0754635e-05 1.6380191e-07 4.8049196e-09 0.0005708714 5.90095e-07 4.638567e-06 5.104402e-09 4.4019167e-08 0.011681443 0.00034881025 0.05477376 1.1619244e-06 1.1233246e-06 5.162769e-09 0.00013603513 1.0331182e-05 0.016622338 1.3782991e-08 4.3844568e-07 0.0004600901 2.518931e-10 3.8569422e-07 0.08994984 4.6905804e-09 1.9328994e-08 3.6168526e-08 0.00086441194
0.9753941 0.0016967936 0.0018233657 0.00035357245 0.38610518 0.0013242946 0.13274957 5.5466207e-06 2.4528637e-05 0.2836784 0.11465464 0.9371849 0.5250234 0.011698918 0.22059435 0.7568529 3.8045894e-06 1.8563624e-06 3.717045e-19 0.985207 0.10495377 0.045143176 1.7352833e-05 1.5877459e-06 3.4659344e-05 6.815791e-07 0.8393277 2.1559937e-07 6.631403e-07 3.158739e-08 0.008746886 0.45488682 0.03031496 0.00026816438 0.031502433 0.018210484 7.508894e-08 1.9253775e-07 0.15469906 0.00010191563 0.7671077 0.00019381879 0.6244183 6.148661e-06 1.6751103e-07 9.039451e-07 0.005007382 0.0032815072 0.0056345887 2.4457557e-07 0.0025395472 4.0383435e-10 0.00021961 9.23553e-05 0.23491402 0.40254587 0.20112294 0.1404892 9.941992e-09 0.022054577 3.0346126e-09 0.094328195 0.10193841 1.0551469e-08 2.7433433e-09 0.0055169864 0.004262361 0.011263596 3.605342e-07 9.3388095e-05 0.001976406 0.010950158 0.07808733 0.10966233 0.159206 0.008127698 0.037488192 1.8406068e-09 0.0012601168 1.7803677e-16 0.02078512 0.030412694 0.04213798 0.0014948596 0.0027007298 0.00962213 5.257697e-07 0.0018632316 7.5549583e-10 0.04619555 0.029228602 0.00047746967 0.011213414 2.0357083e-08 3.7201677e-05 0.005018356 7.642357e-05 5.862407e-06 2.2353435e-09 0.007876831 2.3218265e-05
0.9098785 0.0037902924 0.0012753282 0.0011053657 0.25134128 0.0028142384 0.10775018 2.6599746e-05 5.259231e-05 0.086999714 0.028165396 0.5489824 0.74287605 0.0037958033 0.43430468 0.3484594 2.91108e-06 2.5508411e-06 0.985207 5.336011e-19 0.029245157 0.113008544 2.6219717e-05 2.6254058e-06 1.792048e-05 1.014102e-06 0.9869584 7.07437e-07 5.4172784e-07 6.4965846e-08 0.0029522625 0.15377222 0.12776576 0.00036460668 0.011447106 0.051924184 4.4835346e-08 3.131803e-08 0.49503815 0.000112550915 0.43689597 0.00049064314 0.27109998 1.4497535e-05 3.2989846e-08 6.8549857e-06 0.0018548024 0.008094973 0.016159454 5.43984e-07 0.0029760334 1.3336291e-09 0.00023978113 6.852426e-05 0.6311066 0.33118808 0.21595538 0.035201903 2.7365301e-08 0.0062823235 7.158166e-08 0.025334882 0.041318323 3.224099e-09 5.5006855e-10 0.02445325 0.024272397 0.05237122 4.6448417e-07 8.277895e-05 0.0009945873 0.004056014 0.041099805 0.19177967 0.0322711 0.019346379 0.0719358 7.119095e-10 0.0017600778 6.87486e-16 0.088819824 0.06509225 0.010748613 0.0007346321 0.00070499483 0.028287856 1.999234e-06 0.016974555 4.731345e-10 0.035973556 0.009355936 0.0031899097 0.03029301 3.3422996e-08 0.001007679 0.008357954 7.652728e-05 1.5788577e-05 6.9804975e-09 0.050170243 3.1887444e-05
0.96256286 0.039530627 0.1573462 0.015645852 0.37242198 0.018208817 0.035120513 0.00024860568 0.0010533676 0.7695377 0.96995825 0.4908268 0.014448834 0.7827664 0.013364171 0.52417743 0.0005188691 0.0001021971 0.10495377 0.029245157 1.9906967e-14 0.014740001 0.0011168877 0.00026940505 0.00094090006 2.294356e-05 0.0032710342 1.0155766e-05 1.8647383e-05 1.2548486e-05 0.26719326 0.6466415 0.0012545966 0.0020490675 0.95926493 0.004129085 1.574296e-05 1.4303676e-05 0.00013937111 0.015105835 0.0892785 0.007976505 0.20771621 0.00025959304 5.0802055e-06 2.9473777e-05 0.19862273 0.0031437941 0.00060003315 7.738229e-06 0.0019814204 6.9572394e-08 0.0007635101 0.0015871201 0.00022275433 0.0066226823 0.0037452213 0.6946261 2.5479942e-06 0.6845333 8.984378e-09 0.2307843 0.1287867 2.923724e-07 1.8318501e-06 0.0006194195 2.9278954e-05 0.00029679242 3.7489747e-06 0.0020580525 0.04828775 0.09788988 0.025004076 0.0018159462 0.2861129 0.0007481151 0.0011199014 1.1749101e-08 0.010377857 5.2204748e-14 0.0040837675 0.00055414904 0.111530475 0.013179252 0.0037115992 0.000276817 0.00011536545 0.0001120388 8.203802e-10 0.014042424 0.056204982 1.1214264e-05 0.00038942278 1.9632697e-07 3.6403215e-08 0.0008306629 0.00021583114 3.949889e-06 5.01251e-07 0.0014960548 4.1758933e-05
0.86676484 0.013815398 0.01377053 0.012082403 0.5314331 0.040153384 0.8140494 0.00010479009 0.00030544802 0.2222104 0.011528329 0.06297251 0.75545585 0.00636868 0.97495085 0.1930357 1.1545211e-05 1.1268747e-05 0.045143176 0.113008544 0.014740001 6.761606e-19 0.00044136416 0.00011019298 0.0011469796 1.1268456e-05 0.034737457 2.5603938e-05 9.12149e-06 2.5712117e-07 0.00012736916 0.008948883 0.983262 0.003226871 0.005314696 0.85744214 5.860436e-07 9.940163e-07 0.3128641 1.3860703e-05 0.013947423 0.013117807 0.014817838 0.00026121247 1.5846062e-07 7.270611e-05 0.00067912723 0.23806967 0.39928198 1.7041186e-05 0.1211122 2.0719853e-09 0.0145244105 0.00010861058 0.039645087 0.020685146 0.003509801 0.0031643522 2.3420896e-06 0.0015700491 5.4871765e-07 0.0014317643 0.0018043885 2.8866328e-08 3.8088512e-08 0.2697148 0.1255018 0.055261135 3.5833987e-06 0.00013609962 0.0018470832 0.0028681655 0.00088692055 0.016996983 0.003876914 0.09023184 0.0037983235 9.866938e-09 0.041612197 8.940286e-14 0.019029249 0.007895155 0.005119648 0.0015068848 0.00040868451 0.07683787 0.0010151564 0.0022536905 7.5652e-09 0.0020867055 0.0026242447 0.008630018 0.007180871 6.5787117e-07 0.0017141568 0.00060869433 0.0006565913 0.0049949023 6.454175e-05 0.0033950598 0.00015930622
0.98127663 0.30239 0.5284789 0.07125412 0.0023563432 0.023496572 0.00045849243 0.9449552 0.6122699 0.0023929493 0.0077101607 2.2579994e-05 0.00022347565 0.11342924 3.440225e-05 0.00012588261 0.30070078 0.76478285 1.7352833e-05 2.6219717e-05 0.0011168877 0.00044136416 2.8882571e-12 0.67385703 0.06492324 0.5417898 6.152597e-06 0.3795908 0.742417 0.2516579 0.06885822 0.0002061611 7.450187e-05 0.021864781 0.010890011 0.0010979966 0.49968013 0.4417584 3.431445e-06 0.7445863 4.7638016e-05 0.02007585 0.000108504755 0.008157104 0.27041727 0.45488834 0.07975366 0.0011635285 0.00027069764 0.16061847 0.0005216351 0.0014365673 0.0031475956 0.92754835 8.493059e-05 3.9483282e-05 1.3338496e-05 0.00071705744 0.023281232 0.0057076365 0.002462659 0.0007148312 9.5302064e-05 0.00068125397 0.0042021205 0.00011264347 3.292513e-06 1.8067585e-06 0.018359633 0.0033221461 0.009310781 0.042775232 4.620798e-05 6.819634e-05 0.00063711335 0.012568572 9.937893e-06 1.375289e-05 0.0047449013 3.518551e-07 3.5176538e-06 3.7436016e-06 0.014044942 0.0011023144 0.13502458 9.333975e-05 2.7437885e-05 6.844363e-08 3.8090282e-05 0.00020238211 0.055518385 2.1359224e-06 3.075153e-06 3.0066074e-05 2.0924036e-08 2.6500999e-05 0.2465639 2.0342749e-07 1.5011767e-07 7.7749377e-07 0.010220885
0.9724735 0.7189812 0.33139884 0.73190653 0.006514044 0.40349048 0.017653676 0.6772935 0.78424144 0.023276713 0.00026575243 1.951573e-05 2.0663578e-05 0.008570175 6.187777e-05 0.00021358755 0.724878 0.2657556 1.5877459e-06 2.6254058e-06 0.00026940505 0.00011019298 0.67385703 5.2558296e-19 0.9837596 0.2904323 9.765056e-08 0.917748 0.5767853 0.09788128 0.00028520726 1.025923e-06 3.838271e-06 0.0598984 0.000545959 3.3024505e-06 0.120372936 0.03795018 1.1183287e-06 0.0017960593 9.871799e-08 0.025056938 1.0101841e-06 0.72784895 0.020746827 0.16557534 0.00065647234 5.229104e-05 1.6859049e-06 0.13272795 0.00041832912 0.008503964 0.0032119052 0.13206887 6.6420495e-07 1.4854494e-06 4.4465736e-08 0.00013837292 0.069879524 8.576871e-05 0.026058534 2.4444792e-06 4.0191813e-07 0.006297358 0.12805723 2.7964614e-07 6.06836e-09 1.880855e-09 0.023257779 0.044880126 0.050236885 0.25157678 4.7876205e-09 1.0787511e-07 9.339353e-05 8.2104754e-07 4.933203e-09 0.001253995 0.0011865924 0.00045290714 6.067866e-08 4.939328e-07 0.0588609 0.0028914965 0.11637416 1.319061e-06 0.009228145 1.887165e-09 0.0011430584 2.4254063e-05 0.14460382 4.3590905e-11 2.4194975e-08 0.0053996444 2.6224528e-10 3.6008764e-08 0.4279801 5.5772315e-08 0.0014034163 1.905114e-09 0.0019154495
0.2020298 0.71800095 0.468142 0.8715392 0.055781115 0.7242427 0.04230097 0.13862258 0.41276383 0.033483777 0.00063301984 0.0002541786 0.0002271456 0.016489215 0.0008762557 0.0015127676 0.28651488 0.08863766 3.4659344e-05 1.792048e-05 0.00094090006 0.0011469796 0.06492324 0.9837596 1.9311547e-17 0.01869843 3.68108e-06 0.5474386 0.056508567 0.004012216 0.00011938792 2.3387292e-05 4.5970937e-05 0.5570204 0.0031190866 0.00026191492 0.008417688 0.004809643 6.251054e-06 0.00080670853 3.6211568e-06 0.050121725 6.229558e-06 0.98241425 0.0031947698 0.003894102 0.0009774728 0.00021056396 3.8895923e-05 0.0063215927 0.0018236231 0.0008225967 0.014770847 0.0060153515 7.8138855e-06 1.8220124e-05 5.323753e-07 0.0001424463 0.0013854551 0.00024590813 0.0044867005 5.955061e-06 1.3809989e-06 0.00026844715 0.0024119953 1.662382e-05 4.811257e-07 4.0374564e-07 0.0009191062 0.17804126 0.06023772 0.0737982 6.098485e-08 7.4661507e-06 0.00045166363 1.2800096e-05 4.4848516e-08 2.9911836e-05 0.0049711866 2.6303251e-08 5.1003786e-07 1.9095007e-06 0.019179972 0.022561654 0.0057364763 4.0134037e-06 0.017547298 6.908271e-09 5.2045067e-07 2.636432e-05 0.035518706 5.859287e-08 1.09670495e-07 0.00060865196 3.8707586e-08 1.9990631e-07 0.012895642 8.899566e-06 0.0017741445 2.796128e-09 0.00038004195
0.8658717 0.025576606 0.0040720147 0.003861549 1.2695253e-05 0.0007323743 3.5427405e-05 0.40018284 0.17554627 8.653823e-05 2.5293002e-05 1.1335286e-06 5.7818227e-07 0.0010388324 2.582235e-07 1.1768582e-06 0.4663521 0.8255187 6.815791e-07 1.014102e-06 2.294356e-05 1.1268456e-05 0.5417898 0.2904323 0.01869843 1.3557194e-16 3.964615e-08 0.984749 0.53410697 0.43332863 9.417244e-05 2.604262e-06 8.864329e-08 0.0006516526 0.00033240762 3.732826e-07 0.98464155 0.6829728 1.3651291e-07 0.0013803302 1.3765184e-07 3.4126428e-05 2.2064522e-07 0.005260895 0.3536281 0.19026722 0.0003291069 9.930735e-07 2.4152524e-07 0.09685515 9.12152e-07 0.04871107 5.717147e-06 0.0546176 6.711367e-08 2.6394883e-07 6.2002904e-08 9.744199e-06 0.05552466 4.8780043e-05 0.020956641 7.1306505e-07 4.242089e-06 0.0009415477 0.035578363 3.6573102e-08 1.16173595e-08 1.15823795e-08 0.007354196 8.3895735e-05 0.00026883246 0.01386194 5.358558e-07 2.199065e-08 1.8535751e-05 8.034722e-08 4.2748804e-09 0.00033368476 1.7373348e-07 1.8126325e-07 6.563264e-09 6.627069e-08 0.0034400467 1.0045262e-05 0.013873538 3.0821454e-07 2.0932148e-07 1.5415437e-09 9.980977e-06 5.5573214e-06 0.0102559095 1.4757537e-09 4.945677e-07 0.00021105469 2.3377625e-10 9.6171284e-08 0.09139164 5.5539062e-09 3.4385745e-09 1.7309014e-09 0.00035549057
0.98228896 4.615253e-05 2.5207299e-05 1.4007474e-05 0.033576906 0.00010416089 0.011753716 4.700073e-07 2.1655067e-06 0.0064527146 0.004480107 0.29877517 0.44025823 0.0004046353 0.15395318 0.12144245 1.9008168e-07 1.2364275e-07 0.8393277 0.9869584 0.0032710342 0.034737457 6.152597e-06 9.765056e-08 3.68108e-06 3.964615e-08 1.3824247e-19 2.142526e-08 1.711387e-07 2.4378323e-08 0.0007091331 0.11462616 0.10312641 2.0009937e-05 0.0022770574 0.023513075 3.649963e-09 6.8239863e-09 0.60339236 8.127294e-06 0.68821335 5.647764e-05 0.40090656 8.1671175e-07 1.65554e-08 1.855048e-07 0.00011550735 0.0022707784 0.008445281 1.2500724e-08 0.0010000677 1.7600305e-10 2.2312459e-05 2.6626498e-05 0.8821112 0.8694017 0.4790909 0.02333691 9.960721e-10 0.0022430734 2.6090037e-09 0.026764257 0.047816012 9.862497e-09 9.051034e-11 0.028809736 0.02511609 0.15642577 2.6156515e-08 1.6360473e-05 0.00013811664 0.001530096 0.06693868 0.55477506 0.057233617 0.022732018 0.25889346 2.9886937e-09 0.00011365119 1.0566094e-15 0.22112231 0.2243537 0.0103376 0.0002551802 0.001632859 0.044454105 2.4001789e-08 0.04259024 2.5329614e-09 0.17927583 0.0061250003 0.005134262 0.06865243 3.2799672e-08 0.0005622469 0.053617053 1.8595561e-05 7.599951e-06 1.9113333e-10 0.08611886 8.050077e-06
0.6282698 0.06034905 0.014165449 0.039041083 6.425771e-05 0.006844054 0.00043164374 0.20918222 0.2772428 0.0006059987 1.2977512e-05 1.9815589e-07 3.7930076e-06 0.0012793719 1.3366757e-06 1.04480105e-05 0.930796 0.85715514 2.1559937e-07 7.07437e-07 1.0155766e-05 2.5603938e-05 0.3795908 0.917748 0.5474386 0.984749 2.142526e-08 1.0258694e-13 0.32209754 0.18581681 1.6397305e-05 1.2482177e-06 6.2702287e-07 0.07445789 6.39998e-05 1.3447495e-05 0.9352396 0.46715596 1.6653644e-06 0.00017512658 7.049488e-08 0.0007058348 9.354221e-07 0.31695822 0.1469458 0.41562492 3.4799243e-05 2.3577873e-05 3.5997643e-06 0.061093144 2.9019564e-05 0.01816996 0.0001108843 0.00888105 3.4419443e-07 3.5884136e-07 1.2409566e-07 1.8655342e-06 0.01384091 7.020321e-05 0.025916476 9.1845516e-07 1.2991559e-06 0.000114101895 0.0009620069 8.5413797e-07 1.1734674e-07 2.2319587e-07 0.0028576392 0.0064647067 0.0038844026 0.037602566 2.036923e-07 1.0322353e-06 6.711079e-06 6.8317803e-07 1.5259894e-07 5.738651e-05 5.9197537e-05 5.4106692e-09 1.4554047e-08 4.8763064e-07 0.003235194 0.0006916769 0.0031135706 1.2042312e-06 3.688796e-05 2.5846494e-09 4.3198483e-08 1.5465112e-06 0.01710697 1.3547065e-08 8.311081e-08 4.6013567e-05 3.456935e-09 1.4194088e-08 0.39353058 1.3063444e-06 1.3137888e-05 1.040096e-10 0.0012650047
0.8677246 0.020194318 0.011721869 0.008425829 1.6307464e-05 0.00096597295 9.400003e-06 0.71428794 0.18438415 4.104191e-05 8.560103e-05 1.1149635e-06 5.4438783e-07 0.0028068258 1.5832326e-06 3.156836e-06 0.079621404 0.6636267 6.631403e-07 5.4172784e-07 1.8647383e-05 9.12149e-06 0.742417 0.5767853 0.056508567 0.53410697 1.711387e-07 0.32209754 8.263016e-15 0.9507295 0.0011977989 6.1635797e-06 6.508495e-07 0.004132576 0.00021607455 0.00010575801 0.593656 0.7177538 1.3049629e-07 0.049571 1.7074542e-06 0.002382171 2.0826408e-06 0.013353305 0.7055606 0.9768794 0.003123851 8.2060375e-05 1.2013308e-05 0.5777798 0.00015847191 0.11827459 0.00082040107 0.38576165 1.8493533e-07 5.586249e-06 3.3936013e-07 2.2926171e-05 0.55178624 0.00044122062 0.014559776 1.123636e-05 7.789198e-06 0.069706865 0.60756576 3.7018137e-07 1.19207066e-07 1.3809338e-07 0.12176252 0.00022751505 0.00023919053 0.001377319 7.4172594e-06 2.0097536e-06 0.00013263711 0.003912842 1.719672e-07 0.0002839255 0.000924455 2.1541357e-05 8.097971e-08 9.3707575e-07 0.0008775628 6.689766e-05 0.09094971 3.0443118e-05 3.093036e-06 7.756873e-09 3.790359e-05 4.9253695e-06 0.0028367816 2.0505968e-06 1.3280797e-06 0.00010250868 2.3802142e-09 1.6159607e-06 0.12707146 1.2471557e-07 3.978447e-08 3.532076e-09 0.021010702
0.09399113 0.04439599 0.012568428 0.0011453963 1.6541528e-06 1.3536404e-05 2.7173276e-06 0.85618377 0.5852676 1.2424511e-05 2.7735102e-06 3.0427674e-07 9.632457e-08 0.00021070255 3.2779788e-08 1.1619843e-06 0.22471508 0.7663678 3.158739e-08 6.4965846e-08 1.2548486e-05 2.5712117e-07 0.2516579 0.09788128 0.004012216 0.43332863 2.4378323e-08 0.18581681 0.9507295 2.3407211e-17 4.231957e-05 1.7896704e-07 3.5236397e-08 5.4477783e-05 3.306379e-05 5.227047e-08 0.45656496 0.8283485 1.6720959e-08 0.0014409546 9.498235e-08 6.575369e-07 7.023117e-08 0.0018351979 0.8711767 0.68371797 1.34860875e-05 4.3693632e-07 1.0686488e-07 0.43328106 1.5605088e-06 0.9349926 7.535613e-07 0.1255132 3.0987486e-08 8.8174295e-07 1.1531329e-08 1.6920214e-07 0.4755189 9.418435e-06 0.41400415 5.883634e-08 1.2846677e-07 0.75827175 0.89152795 6.3005494e-08 4.7064694e-09 1.6338643e-07 0.1206405 1.4419925e-06 1.914958e-05 0.00022161881 5.3588572e-08 5.40236e-08 1.3222085e-06 1.1932029e-08 2.2811943e-08 0.0028244716 9.558098e-08 0.004136972 2.3705096e-09 3.343275e-08 0.0011520295 1.193208e-07 0.02431025 2.7342855e-07 7.138747e-09 1.1787231e-09 0.000284473 2.4104637e-07 0.0013627586 2.1297609e-08 9.333392e-08 0.00051994965 3.4144504e-10 6.9985076e-09 0.012536059 4.652152e-09 3.1575869e-09 9.405087e-08 0.0029176506
0.41599083 0.050503384 0.183649 0.0047929827 0.025311077 0.0016118983 0.0011687571 0.018011943 0.003501039 0.026513476 0.2723483 0.014791577 0.0007370264 0.87690514 0.00019178905 0.008387102 0.00053179817 0.0007025083 0.008746886 0.0029522625 0.26719326 0.00012736916 0.06885822 0.00028520726 0.00011938792 9.417244e-05 0.0007091331 1.6397305e-05 0.0011977989 4.231957e-05 2.6918638e-16 0.045149826 1.3151415e-05 0.00051336695 0.4989448 1.8980714e-06 7.932331e-05 0.0001367551 7.2018294e-05 0.98722005 0.0094108265 0.00016197302 0.005533508 7.775517e-05 3.3551845e-05 0.0006446868 0.9852996 2.377142e-06 7.170694e-07 0.00075137627 2.7106885e-06 6.4747624e-08 1.5039151e-05 0.019621143 0.00018019267 0.0056367335 0.004915504 0.09163823 0.00012733722 0.553624 2.8262339e-06 0.032649882 0.026711531 6.282958e-08 6.654832e-05 1.9981971e-06 1.0817154e-08 3.5080673e-05 0.00017409082 0.037598345 0.115900844 0.35037163 0.010712954 0.0038153704 0.015103791 3.629122e-06 0.0013780607 2.902932e-08 3.721115e-05 1.7119939e-15 0.000121049045 0.00085989764 0.08202013 0.0054768515 0.005061052 3.2130508e-06 8.814617e-06 7.6329425e-06 2.4027578e-08 0.0073227137 0.037431147 1.7586666e-08 7.733615e-05 6.243598e-07 2.1006121e-09 0.0011680819 0.002289623 1.4261062e-08 2.5997047e-09 6.3358116e-06 0.00010499586
