3.8439643e-15 0.02763193 0.06788032 0.037821446 0.9341934 0.00038430843 5.0303606e-06 0.015895255 0.70189196 0.006711179 0.0046817814 0.00014175355 2.5589196e-05 0.9329265 0.3077872 0.4212246 0.875437 0.9225698 0.6984467 0.9657384 0.13389722 0.91316354 0.9844148 0.0011178224 0.4365452 0.46492118 0.34230265 0.79262036 0.8017592 0.334786 0.965221 0.75499505 0.06473836 0.9856192 0.99107724 0.76039827 0.015886337 0.9839364 0.9074662 0.8259992 0.81638867 0.92465955 0.98531 0.8605836 0.0065760873 0.90880907 0.99378246 0.8950074 0.1910602 0.9955858 0.98037165 0.79637235 0.4661034 0.9794323 0.8179214 0.9891894 0.9788978 0.98743343 0.92430747 0.97757244 0.00057554996 0.9897317 0.980676 0.9885381 0.118400626 0.98538786 0.96913546 0.97108245 0.97342706 0.96014076 0.62447923 0.98850113 0.006019934 0.99407387 0.9619463 0.9596869 0.97945714 0.9644645 0.85812056 0.9851376 0.8323601 0.9675481 0.80664825 0.96509385 0.79551744 0.92670774 0.0010199395 0.97781855 0.9018542 0.9081032 0.96040946 0.9776367 0.6093396 0.9768897 0.994677 0.7557287 0.873103 0.997508 0.9994004 0.9981143 0.99996793
0.02763193 1.7900054e-14 0.99886954 0.37668046 0.999612 0.0016419425 0.00013388076 0.016926795 0.0550679 0.00058768684 8.347605e-06 1.0653071e-07 2.2871598e-05 0.036217313 5.404652e-05 3.4711276e-05 0.0037939684 0.00030689395 3.590043e-07 0.0070382142 1.4182101e-06 0.0060171415 0.10215426 4.0829335e-09 1.5838728e-08 5.128008e-09 5.4186035e-08 1.2504539e-08 7.1429147e-09 7.385352e-11 1.3569356e-06 0.004919112 1.3223802e-09 4.2482053e-08 7.667682e-05 0.0006655339 7.303348e-11 7.756864e-06 2.107788e-09 0.0021178531 1.7119477e-08 1.12409246e-07 2.7983959e-05 2.2251013e-08 3.8508374e-09 4.102934e-09 4.3639095e-10 0.0037930366 8.2647755e-09 0.018512607 3.9857465e-08 1.4838054e-10 1.9707723e-10 6.477073e-06 1.0786425e-10 7.916143e-09 6.628178e-09 8.578264e-10 4.1919654e-07 2.8953218e-09 2.8283945e-11 1.7922306e-09 3.0849947e-09 2.6822345e-08 7.5325984e-10 9.701241e-06 1.4241157e-09 2.7274718e-09 6.053055e-07 6.4122624e-10 3.6628018e-09 2.1496587e-06 2.8682525e-12 4.0454613e-09 2.020235e-09 5.761712e-10 1.9659575e-08 3.185293e-08 5.455808e-10 3.3070046e-06 5.8571725e-09 1.2155202e-06 6.65372e-11 2.6382523e-09 8.103138e-10 1.6501664e-10 1.3882337e-10 2.2729845e-09 1.46437e-09 1.02906284e-07 1.5445898e-09 1.099772e-10 2.9545959e-07 1.0602651e-08 1.9012891e-06 2.8048202e-08 7.014953e-11 5.3861044e-08 1.2807695e-06 7.567524e-09 0.00079400855
0.06788032 0.99886954 1.5962582e-16 0.7468761 0.06928159 0.99574304 0.14090602 0.0031416677 0.016641254 0.00018275106 9.63436e-06 1.1267703e-07 9.3419185e-05 0.046683855 1.4179051e-05 6.620184e-06 0.0012047132 0.0019480743 1.2918198e-06 0.013499092 2.4057088e-06 0.012690454 0.23534091 2.3326038e-07 3.9288115e-09 1.6580197e-09 4.619965e-09 1.1534305e-07 3.5851122e-09 3.311746e-11 6.3910725e-06 0.008152252 5.0926543e-09 5.766377e-07 5.8340378e-05 0.0013364122 1.961578e-09 2.829103e-06 6.326962e-11 0.0037499638 1.2339655e-09 4.5248008e-10 1.8409175e-05 5.627341e-10 1.0309942e-07 8.516433e-09 2.022585e-11 0.006332172 8.4573195e-08 0.02430679 2.9242966e-10 4.614392e-12 3.2621145e-10 4.003835e-06 1.6749621e-12 3.5420455e-10 4.090475e-11 9.252799e-11 3.7988173e-08 1.1824403e-10 2.0095312e-10 4.7486576e-10 1.5456736e-10 2.1079287e-09 2.4015698e-09 1.5147871e-05 2.6106235e-11 1.3067011e-11 1.7229141e-07 5.3249405e-11 5.811966e-10 4.3328615e-08 1.6240181e-11 5.6274936e-09 1.7077608e-11 1.8640034e-11 5.9666805e-10 7.876678e-10 3.0100886e-10 4.554557e-08 2.0403523e-09 7.6690485e-09 1.0990319e-10 1.3250731e-11 1.0711532e-10 4.419297e-12 1.5675279e-10 7.52965e-11 9.7484965e-11 7.833639e-09 7.216454e-12 2.4685284e-10 4.2352607e-08 4.6019357e-09 1.3521044e-08 4.242254e-08 2.2959537e-11 1.6790076e-09 7.934725e-08 5.6730638e-11 0.00035109138
0.037821446 0.37668046 0.7468761 2.9334478e-17 0.072326966 0.87588525 0.014502189 0.987498 0.9712111 0.9041639 0.047042172 0.030915331 0.30100352 0.352649 0.038449492 0.001841095 0.08329125 0.023063263 9.3469225e-06 0.051889904 2.826176e-05 0.04414067 0.050894167 2.5612228e-06 1.0205241e-09 4.4161755e-10 3.0299394e-09 6.207793e-08 2.530938e-09 1.5923911e-11 1.2700193e-05 0.0041759014 1.9651307e-10 7.675916e-08 0.00096122245 0.00013881148 4.657672e-10 2.2149077e-06 2.3872864e-11 0.0006973901 4.418838e-10 1.5078548e-12 0.0003973249 2.8551363e-12 2.3653068e-09 9.002487e-10 6.567644e-10 0.002175355 1.5500534e-08 0.019401794 9.9276753e-11 3.1487111e-12 2.2191094e-11 1.142782e-06 1.1203482e-12 9.467802e-10 1.0170215e-11 4.532711e-11 2.3256744e-10 2.2253752e-10 3.716709e-13 1.1635733e-10 6.4186134e-10 5.0154817e-08 9.7474704e-08 3.990584e-06 3.7405516e-11 5.0653865e-12 1.1802941e-08 1.4298715e-10 4.9844284e-09 2.6076167e-08 4.2795975e-12 4.878462e-10 4.333111e-11 6.1439206e-13 2.4056812e-10 1.7100099e-11 7.465569e-11 2.1240766e-07 1.4143026e-10 2.6208716e-07 1.1705331e-11 1.551965e-11 7.1209386e-11 1.8779368e-13 1.4965682e-09 1.4685864e-11 1.2286214e-11 1.3816971e-08 1.0486309e-11 1.4772308e-11 5.7023173e-09 8.844893e-11 2.2508613e-09 9.384265e-08 5.6455654e-13 1.1288376e-09 3.8779396e-07 3.2816458e-11 0.00053820875
0.9341934 0.999612 0.06928159 0.072326966 3.6226962e-14 0.0009991406 9.9987055e-06 0.0037947774 0.07641233 0.00019268408 2.713768e-05 5.7824406e-07 3.0888514e-05 0.13804328 0.0001369839 9.843405e-05 0.009146874 0.004811687 1.2323531e-05 0.10346414 4.4802375e-05 0.18277204 0.984256 8.850965e-08 1.2997353e-05 7.081508e-06 1.3707036e-05 9.293037e-07 7.052763e-06 6.967518e-08 0.000391323 0.08900305 7.053886e-08 9.936808e-07 0.0049853823 0.01736993 3.3718372e-08 0.00012522144 5.168651e-09 0.059548363 1.4524873e-06 4.0732223e-07 0.0065877214 1.9651159e-06 1.3414966e-06 1.1039217e-08 9.440717e-10 0.18905255 2.5571458e-07 0.7664365 2.5133986e-07 6.909602e-07 2.964781e-08 0.00042243963 7.896196e-08 9.851391e-08 2.288532e-09 7.597272e-09 8.481827e-08 7.4433255e-09 2.9666872e-08 3.4700285e-09 1.3562862e-08 1.622838e-06 1.6028264e-07 0.00024485972 4.3157367e-09 6.405836e-09 5.455522e-06 5.2439907e-07 6.89044e-09 7.4183394e-05 9.147243e-09 2.9302498e-09 1.6596058e-08 1.1794704e-08 3.703007e-07 1.0691335e-06 1.0956171e-08 1.616845e-05 2.1942633e-08 1.0473583e-06 7.068172e-09 1.9509967e-08 3.493724e-09 1.1162125e-08 7.867813e-08 3.031714e-09 6.536504e-09 5.008408e-08 1.647626e-09 3.2874004e-09 3.153958e-07 9.701467e-07 1.4329719e-06 1.3803835e-07 1.8699289e-11 1.6199982e-07 3.4709453e-07 3.564079e-09 0.009321726
0.00038430843 0.0016419425 0.99574304 0.87588525 0.0009991406 2.9070703e-16 0.9990629 0.0023278152 0.0009161191 0.0003144583 2.1466956e-05 7.2680035e-07 0.006176269 0.0035205823 0.00012579717 4.477141e-05 0.00030972276 0.00018515266 1.2841795e-06 0.00023593471 1.4104463e-06 0.00041159516 0.0018701773 8.180232e-08 1.6518426e-09 3.028963e-09 4.5017634e-07 2.6695716e-08 8.353187e-10 3.2108968e-10 1.2134319e-06 0.00021969984 1.6952896e-10 2.8604964e-07 1.0120177e-05 8.604476e-06 4.5469093e-12 2.3046827e-07 3.6775236e-09 1.0035208e-05 1.4063704e-09 3.356813e-09 3.1982803e-05 4.4780197e-09 3.7262335e-10 4.249818e-08 2.465603e-09 0.00087660877 1.592478e-07 0.000742608 1.7849958e-08 4.954098e-09 7.23189e-11 7.789373e-07 4.617419e-09 6.208953e-08 2.213937e-09 7.885387e-09 4.001407e-08 8.872004e-09 4.288539e-11 9.683645e-09 1.5257397e-08 5.610721e-07 3.9548174e-09 3.3624042e-07 7.467514e-09 3.1174505e-09 1.1036691e-08 3.008276e-09 4.6173992e-10 4.249518e-08 4.81519e-11 2.899418e-08 1.067116e-09 1.2523431e-10 4.4888736e-08 2.235949e-09 1.4059466e-09 2.9213186e-07 8.94409e-10 1.7388962e-07 3.6430705e-09 2.6156204e-09 4.7827196e-09 5.8220845e-10 3.6632122e-10 1.13807894e-10 3.4686718e-09 1.1032635e-07 2.846347e-10 2.052789e-09 1.3337704e-07 1.4827092e-08 1.6046954e-09 1.9647963e-07 2.1984337e-10 3.4939855e-08 1.9737424e-06 9.350933e-10 0.00014583462
5.0303606e-06 0.00013388076 0.14090602 0.014502189 9.9987055e-06 0.9990629 1.0967913e-21 4.8626953e-05 2.1933474e-06 1.1904121e-05 2.9488197e-07 1.06271756e-07 0.9996338 5.829146e-06 1.624287e-08 2.4965852e-09 7.581599e-08 6.804172e-07 1.9362958e-10 2.7547937e-06 1.7099204e-09 4.4043128e-07 3.7025588e-05 1.4623512e-10 8.633695e-14 2.2618912e-13 6.240543e-13 6.5292793e-12 1.1186996e-12 2.0615406e-15 2.793846e-09 5.8185268e-08 1.0288988e-13 2.3050377e-10 2.8092852e-08 1.0744188e-10 8.135597e-14 3.211632e-10 1.8425057e-14 2.4113787e-09 4.97594e-11 7.3449805e-14 1.11206916e-07 7.8052365e-14 6.48298e-12 1.9539144e-10 2.6561275e-12 3.0799165e-06 4.0716083e-10 6.994299e-05 4.224514e-12 4.726444e-15 4.073088e-12 2.2423927e-10 1.3868539e-15 2.0283721e-11 1.1134799e-12 1.0106148e-12 8.228531e-10 1.0549014e-12 5.8040612e-12 2.9152494e-12 4.2988803e-12 8.836095e-10 2.9698476e-11 4.305361e-09 1.0295536e-11 1.524416e-12 2.9296504e-10 8.808305e-12 2.2825096e-11 1.790938e-10 2.8418115e-14 2.1198326e-11 1.3894435e-11 9.734045e-14 4.082143e-11 3.3806783e-12 1.4172262e-11 6.320452e-10 1.5646542e-10 4.5879284e-10 2.4385808e-12 6.704376e-13 8.572875e-12 2.3785973e-14 1.9432977e-12 6.483796e-12 4.3365132e-13 5.257285e-11 1.7396398e-12 2.3538102e-11 1.6895157e-09 3.5883362e-12 9.8286095e-11 1.9821002e-10 3.23739e-13 1.65134e-11 2.498281e-09 6.908912e-14 8.902521e-06
0.015895255 0.016926795 0.0031416677 0.987498 0.0037947774 0.0023278152 4.8626953e-05 5.181657e-14 0.9767296 0.981574 0.22121677 0.026501564 0.021036265 0.28702855 0.37898266 0.035356577 0.097486086 0.14713879 0.018832065 0.037507735 0.0020181509 0.013766158 0.009312588 0.0001527305 8.92121e-06 2.8113252e-06 1.6009528e-06 5.5756762e-05 2.1535204e-06 9.9356654e-08 7.369241e-05 0.0017685295 2.4638839e-08 2.5921331e-06 0.001537895 0.000294621 4.7220276e-08 4.9341164e-05 1.8942849e-08 0.00043270912 6.167277e-08 2.1187312e-09 0.00024970225 6.5354566e-09 2.2235358e-08 1.7210263e-08 9.878212e-10 0.0005472411 4.347334e-07 0.005817102 2.1040254e-08 2.908822e-09 4.5128898e-10 1.0446635e-05 1.6423297e-09 3.1986325e-08 4.432327e-10 8.6217494e-10 3.7679538e-08 8.342539e-09 4.8532338e-11 2.0588e-09 7.999548e-09 1.1940824e-07 6.5357693e-07 3.5433704e-06 4.6250237e-10 4.8608884e-10 1.3071724e-07 2.8853104e-09 9.806468e-09 2.1983008e-07 1.8765156e-09 2.6677227e-09 7.4467477e-09 2.9098252e-10 2.882824e-09 1.9744077e-09 4.394719e-08 8.1566554e-07 1.8365598e-07 9.84731e-07 3.886173e-09 1.7087173e-09 1.8450389e-09 2.3952193e-10 3.3511853e-08 2.2712975e-10 7.4299784e-09 1.1365861e-07 2.2199371e-09 1.4929672e-09 5.318767e-08 2.794134e-09 1.2009201e-08 9.593994e-07 7.548674e-11 5.6408727e-09 3.7886022e-07 2.1057225e-09 0.00018100666
0.70189196 0.0550679 0.016641254 0.9712111 0.07641233 0.0009161191 2.1933474e-06 0.9767296 3.8425757e-13 0.8103717 0.12337819 0.0043568662 0.0011561452 0.97243357 0.5536356 0.3256182 0.69301015 0.8681029 0.23148847 0.6841099 0.041600376 0.16698618 0.27449283 0.0005226756 0.004740288 0.00049106305 0.00010681196 0.0007833392 0.00093999953 3.0363713e-06 0.045029942 0.027370585 3.7604907e-06 0.00010226028 0.25242049 0.006219995 7.436288e-05 0.007954805 2.5003205e-06 0.015407473 2.7291596e-06 1.5833458e-06 0.043952934 2.426363e-06 1.3084984e-05 1.4622336e-07 1.88776e-08 0.011229879 6.7138797e-07 0.2551188 8.476482e-06 1.5213031e-07 2.3769854e-08 0.001106414 2.2356645e-08 4.809388e-06 2.4306113e-09 2.0025082e-08 5.714727e-06 1.7526466e-07 2.170482e-09 7.779707e-09 1.0885731e-07 1.3982556e-05 5.475535e-07 0.00012822471 5.8252754e-09 1.449351e-09 1.3777373e-05 1.7708929e-07 4.4151628e-07 7.482292e-05 1.8098094e-08 4.309775e-08 1.2558391e-08 6.6669257e-09 1.391929e-07 6.795532e-08 1.6596532e-08 3.38089e-05 1.0340191e-07 5.5334523e-05 1.3890289e-09 6.020197e-08 1.002589e-09 1.7472786e-08 1.0661264e-07 5.387992e-09 3.476721e-08 4.3123077e-08 1.0630616e-08 2.8297247e-09 1.7663684e-08 3.7012558e-07 1.4076835e-06 1.5180727e-07 3.002485e-10 1.591457e-06 8.804939e-06 2.1870318e-07 0.0015699503
0.006711179 0.00058768684 0.00018275106 0.9041639 0.00019268408 0.0003144583 1.1904121e-05 0.981574 0.8103717 2.1995247e-17 0.9973683 0.25079077 0.056367137 0.20089753 0.5802097 0.077846825 0.07649546 0.21553412 0.03590748 0.02372251 0.04140531 0.0050788517 0.003844283 0.030123072 5.8786927e-06 3.7735148e-07 1.3575194e-06 3.138269e-05 1.0474323e-06 6.7879107e-09 2.9897432e-05 0.000576414 9.828129e-06 3.8234583e-07 0.000799996 4.014527e-05 1.8505575e-06 2.1078184e-05 1.169084e-09 6.1915904e-05 9.190123e-09 5.283877e-10 9.859742e-05 2.8989064e-10 1.3100698e-06 1.3815434e-09 5.8692134e-10 0.00018244683 3.4211408e-07 0.0017032211 3.964197e-09 8.761093e-11 3.216878e-11 6.8999925e-06 1.3707054e-10 8.574621e-09 2.3151982e-10 9.52464e-10 1.1179275e-08 4.005406e-09 3.041746e-09 8.4703555e-10 4.152447e-09 8.374317e-08 8.3595353e-07 1.0003355e-06 2.8969055e-10 1.8649075e-10 2.4393021e-08 3.969872e-09 5.6459104e-09 1.0181803e-07 8.3882595e-11 8.641406e-10 4.3560758e-10 5.9934925e-11 4.5981894e-09 2.7201155e-09 2.3457631e-09 7.2600994e-07 2.4311364e-08 3.559728e-07 6.197766e-10 4.877566e-11 3.3862397e-09 1.7875926e-11 6.077276e-10 7.9901e-11 1.4609064e-11 2.290434e-07 1.1553112e-10 4.5918241e-10 1.14478844e-07 1.7572506e-09 3.5613834e-08 2.227826e-06 3.3137746e-11 4.1683887e-09 4.6003169e-07 1.3445581e-09 5.5668992e-05
0.0046817814 8.347605e-06 9.63436e-06 0.047042172 2.713768e-05 2.1466956e-05 2.9488197e-07 0.22121677 0.12337819 0.9973683 1.8614848e-18 0.9986053 0.036400974 0.07189548 0.7332635 0.15097141 0.01819552 0.14820749 0.07528188 0.0077596945 0.1787867 0.0015760837 0.0011686491 0.39015824 0.00015431244 9.133693e-06 6.3765765e-06 0.00077015033 1.9867306e-05 2.804194e-08 0.00027721035 5.0500228e-05 0.001380188 9.647342e-06 0.0010365369 1.7416372e-06 0.00088566786 5.839846e-06 5.9463807e-09 2.3325749e-05 2.189337e-06 3.7934145e-09 0.00011465022 3.4997377e-10 0.00033668694 5.411921e-08 1.6005634e-08 2.9462422e-05 4.9575515e-06 0.00089170213 4.340925e-09 5.670654e-10 2.0299726e-09 3.2950386e-06 1.2072882e-09 9.015173e-09 5.867359e-09 7.4275976e-09 9.08942e-08 8.588861e-09 1.3701865e-06 6.8428716e-09 2.758935e-08 1.3246424e-07 7.368078e-06 3.519939e-08 1.306254e-09 2.1328779e-09 1.4764867e-08 1.3060229e-08 1.666702e-08 4.3585818e-08 4.6517235e-10 1.9930622e-08 6.8810886e-09 5.002359e-10 7.376785e-09 1.1531697e-09 1.2355575e-09 1.4828898e-07 1.4550938e-08 2.2346318e-07 1.2335678e-09 1.1342678e-09 1.9481956e-09 1.2048376e-10 2.066327e-08 2.8478894e-10 4.004793e-10 2.3577421e-07 4.267196e-10 4.681997e-10 7.123489e-08 2.1383362e-09 4.0253667e-08 1.7231039e-06 7.555296e-12 2.1960127e-09 4.144103e-07 1.6173761e-10 4.2681513e-05
0.00014175355 1.0653071e-07 1.1267703e-07 0.030915331 5.7824406e-07 7.2680035e-07 1.06271756e-07 0.026501564 0.0043568662 0.25079077 0.9986053 3.3210534e-17 0.9996211 0.005441029 0.04109899 0.0019151857 0.00050420436 0.014785026 0.0024395804 0.0011820261 0.018915797 7.464503e-05 0.0001412475 0.28887868 5.339696e-08 8.140403e-08 4.430567e-07 1.7088429e-05 9.596922e-07 1.1881107e-09 1.5096112e-05 8.271656e-08 2.6951566e-05 8.538391e-07 6.3575564e-05 6.975693e-09 1.8899787e-05 9.709191e-08 9.361016e-10 4.4870077e-08 5.1036477e-07 4.915489e-09 1.8309262e-06 2.0923785e-09 1.7247357e-05 1.0809385e-07 6.4719203e-09 4.8818157e-07 2.63495e-06 0.00027531866 1.7331644e-09 1.492736e-10 4.7736695e-09 4.1510646e-07 4.973827e-10 2.5223757e-08 1.4374223e-07 2.385524e-08 4.325362e-07 2.8153037e-08 2.0570712e-07 3.017806e-08 6.801184e-08 3.954412e-08 5.9813283e-06 5.040433e-09 1.19269545e-08 1.586836e-08 1.8783785e-08 2.0758104e-09 8.814777e-08 5.6009508e-08 4.110961e-10 1.247578e-07 1.144126e-07 2.6710372e-09 1.0915997e-08 1.0879746e-08 1.4346675e-08 8.680169e-08 6.463041e-08 4.7854776e-08 1.0207114e-08 2.7759471e-08 1.2265183e-08 3.714881e-09 1.0991e-08 8.562951e-09 1.5867202e-09 7.4559864e-07 3.5084817e-09 1.5122005e-09 3.969785e-07 1.1353023e-09 7.6574285e-09 4.5430332e-07 1.2869439e-10 1.2316963e-09 1.0474882e-06 5.6107154e-11 1.0341917e-05
2.5589196e-05 2.2871598e-05 9.3419185e-05 0.30100352 3.0888514e-05 0.006176269 0.9996338 0.021036265 0.0011561452 0.056367137 0.036400974 0.9996211 4.238868e-18 0.004205243 0.0046730363 0.0002820757 8.8242436e-05 0.0031158892 0.00013695544 0.00040584072 0.006168175 2.577836e-05 0.00016468008 0.15375799 1.5005381e-09 1.9864728e-09 4.214912e-08 1.6648307e-06 1.4301022e-08 2.4031954e-10 2.7924495e-06 8.9621665e-08 2.9921734e-05 6.2755646e-07 6.0031125e-06 1.8418287e-09 1.584676e-05 1.4614883e-08 1.469512e-10 2.271395e-08 7.8048885e-08 8.906442e-12 1.7615587e-06 3.6851525e-11 2.8253677e-05 6.73275e-07 1.1050298e-08 8.7757525e-07 2.6403393e-05 8.205646e-05 3.0846226e-10 9.05065e-12 4.334438e-09 1.0151736e-09 1.6350385e-12 9.832815e-10 2.0874386e-10 7.7627166e-10 5.1728353e-08 1.3326955e-10 1.8426967e-07 4.467697e-09 1.0247451e-09 1.5897074e-07 1.0582999e-07 1.6812164e-08 3.6501022e-09 6.9224036e-11 3.6963705e-09 3.0939912e-10 2.0431807e-08 3.820017e-09 9.7748615e-11 1.0917809e-08 4.5740465e-09 2.8991746e-12 3.6401787e-10 4.975117e-10 3.267295e-10 2.6628236e-08 3.4397358e-09 4.4764743e-09 2.4106464e-10 1.6940493e-09 1.1584429e-09 5.9013796e-12 1.05783515e-08 1.9337787e-10 7.7756634e-11 7.4012554e-08 1.6288275e-10 1.02740996e-10 3.02242e-08 2.4228386e-10 1.066648e-09 1.48858e-07 5.2966794e-11 9.8470176e-11 5.4447395e-07 7.0346674e-13 2.4456474e-06
0.9329265 0.036217313 0.046683855 0.352649 0.13804328 0.0035205823 5.829146e-06 0.28702855 0.97243357 0.20089753 0.07189548 0.005441029 0.004205243 4.5187313e-13 0.5086183 0.5042143 0.96137995 0.8146852 0.47046348 0.9780455 0.04747862 0.80028117 0.6485033 0.00042843298 0.006168866 0.0007078534 0.00024307496 0.00233286 0.0004080394 7.3261567e-06 0.121996164 0.14163052 0.0021317864 8.18755e-05 0.7415844 0.06816105 0.00019093625 0.10756104 9.9383186e-08 0.109424025 5.6231943e-06 3.1258328e-06 0.29703733 2.6537643e-07 1.3657895e-05 7.835611e-07 1.0678755e-09 0.07446648 5.545425e-06 0.61246437 2.9187804e-06 6.469476e-09 6.981766e-08 0.0034935295 1.4479087e-09 6.5168854e-07 3.9761616e-09 1.0408288e-09 4.9210894e-07 1.320994e-07 1.663235e-07 1.7485577e-09 3.2261103e-09 1.2500511e-06 4.6917572e-07 0.00023110934 3.5873954e-10 6.480489e-10 5.56554e-05 9.5759624e-08 3.4788852e-07 9.000338e-05 2.5921092e-09 4.887694e-09 3.3142704e-09 1.8056879e-09 1.394576e-07 4.1420327e-07 5.9301497e-09 5.7469428e-05 6.7122244e-08 0.0001431475 1.7919477e-08 1.257785e-09 1.2947946e-08 2.0526167e-09 3.6059864e-06 2.5012943e-09 6.0432e-10 3.6080578e-06 2.3229092e-09 2.7873632e-09 9.75424e-08 2.905889e-07 3.2946396e-06 4.703044e-06 9.953067e-10 1.7526316e-05 4.569465e-05 8.081041e-07 0.005364772
0.3077872 5.404652e-05 1.4179051e-05 0.038449492 0.0001369839 0.00012579717 1.624287e-08 0.37898266 0.5536356 0.5802097 0.7332635 0.04109899 0.0046730363 0.5086183 1.06360253e-13 0.9820873 0.6320405 0.88533854 0.86138237 0.16262901 0.98213375 0.007228651 0.015565293 0.23940462 0.18326086 0.018344333 0.018184539 0.5550501 0.01309948 0.00023855359 0.14206098 0.00036094667 0.30556023 0.00011440938 0.14946832 9.702838e-05 0.14700261 0.004378898 5.0423873e-06 0.00018102064 0.0006708785 5.506851e-07 0.0057109552 1.606641e-06 0.0031779811 1.574175e-06 8.035024e-09 0.0002788628 0.00023234334 0.001872567 4.5925754e-07 7.8916194e-08 1.7633614e-07 2.3019e-05 5.1918136e-08 2.109931e-06 1.4553581e-07 1.0562222e-08 7.625321e-05 1.969015e-07 3.6231344e-05 8.630589e-09 4.3904123e-08 7.695259e-06 2.6256512e-06 2.8693335e-06 9.1835e-09 1.5005018e-08 1.9944616e-06 3.332012e-07 1.8232047e-05 2.156879e-06 7.568082e-10 1.5055273e-08 8.851408e-07 5.1657956e-08 3.9599163e-07 3.3212416e-07 1.9757735e-07 5.717655e-06 2.2032351e-07 9.678509e-06 1.17893684e-07 1.0253385e-07 9.340564e-09 2.0032694e-07 8.1201074e-07 4.5409816e-08 1.7777722e-08 9.704132e-07 1.1446699e-08 8.2840096e-10 1.8181927e-08 4.5651937e-08 6.0746834e-07 3.504628e-06 2.0441815e-09 8.74666e-07 1.6590671e-05 1.3628852e-07 0.0005440152
0.4212246 3.4711276e-05 6.620184e-06 0.001841095 9.843405e-05 4.477141e-05 2.4965852e-09 0.035356577 0.3256182 0.077846825 0.15097141 0.0019151857 0.0002820757 0.5042143 0.9820873 6.4476587e-13 0.73294085 0.9286631 0.9952081 0.20115684 0.5855246 0.0411292 0.009446596 0.011207102 0.41685408 0.053977694 0.032649886 0.3653673 0.027934393 0.00085846777 0.33513963 0.0018686226 0.14649315 0.00018974274 0.41785428 0.0006247774 0.06344333 0.04865783 1.6916587e-05 0.000989588 0.00018471951 1.4401398e-06 0.024965499 1.558944e-06 0.0025988137 6.572187e-06 4.0788395e-09 0.0010039943 0.0010707101 0.0007623904 1.3844353e-06 1.8637779e-07 3.2338795e-07 0.00030173975 8.662174e-08 2.1756518e-06 6.7212143e-09 4.562536e-09 7.179484e-06 1.11074854e-07 2.7381919e-05 2.2374593e-09 2.0042544e-08 2.1035742e-06 2.1201495e-06 1.3376609e-05 1.6202668e-09 2.497514e-09 1.4524228e-05 4.792404e-07 8.017837e-06 1.6559168e-05 1.1735284e-08 3.3684477e-09 3.0183344e-07 1.6954143e-08 2.9567494e-07 1.0964786e-06 9.610729e-08 1.7639873e-05 9.064054e-07 0.00012905995 1.7676481e-07 2.1583501e-08 1.2178116e-08 2.2136804e-08 1.4520413e-06 4.8450532e-09 1.1384969e-08 1.697325e-06 2.474249e-08 5.37633e-09 3.3521058e-08 1.2686247e-07 1.1825813e-06 5.2889495e-06 2.3787257e-09 1.2286895e-05 0.00013517022 1.8306302e-07 0.00086319976
0.875437 0.0037939684 0.0012047132 0.08329125 0.009146874 0.00030972276 7.581599e-08 0.097486086 0.69301015 0.07649546 0.01819552 0.00050420436 8.8242436e-05 0.96137995 0.6320405 0.73294085 5.1456946e-12 0.9737172 0.82401305 0.95867443 0.06505451 0.83515507 0.24347855 8.445131e-05 0.45673314 0.11301409 0.03619594 0.08847259 0.039427992 0.0007118454 0.34997892 0.1175676 0.010279773 0.00018124243 0.93829083 0.056169793 0.0026959216 0.6209319 4.2666983e-05 0.060977068 0.0013211832 0.00015767218 0.36341608 2.2077573e-05 0.00044654062 8.913802e-06 2.0195927e-08 0.076499045 6.810639e-05 0.043857455 0.00018517933 6.790792e-07 5.0863446e-07 0.0300806 2.2343056e-07 1.5535572e-05 8.805367e-08 4.705114e-09 0.00012012031 2.311715e-06 5.610373e-07 6.4517685e-09 5.4447735e-08 1.372014e-05 6.5907407e-06 0.00096712896 3.695193e-09 8.402744e-09 0.0018573152 1.2646011e-05 4.6161116e-05 0.001652491 1.48904915e-08 7.390841e-09 4.0892192e-07 1.2013206e-07 2.6625787e-05 2.1109707e-05 2.3175598e-08 0.0005551022 1.0633765e-07 0.002636153 1.3014555e-07 2.986752e-08 2.470023e-09 5.979868e-08 1.745733e-06 4.2899835e-09 1.2127586e-08 4.2885745e-06 8.1373756e-08 1.9861734e-09 3.3051002e-08 5.6704414e-07 2.065471e-05 3.322344e-05 2.4880178e-10 0.00022202118 0.0011294202 5.305978e-07 0.0052687046
0.9225698 0.00030689395 0.0019480743 0.023063263 0.004811687 0.00018515266 6.804172e-07 0.14713879 0.8681029 0.21553412 0.14820749 0.014785026 0.0031158892 0.8146852 0.88533854 0.9286631 0.9737172 3.2112182e-12 0.9574587 0.9003577 0.7500349 0.17284039 0.07903412 0.09046958 0.3520733 0.033003982 0.025564931 0.24558395 0.005265445 0.0011740563 0.28828964 0.0197881 0.5085347 0.0002885172 0.90771306 0.015737679 0.15473475 0.18206887 0.0001027272 0.018254979 0.0030153152 0.00018224354 0.20851691 6.314576e-05 0.008823147 0.00017438676 6.8777564e-07 0.023317087 0.006018743 0.049417514 8.4918756e-05 2.5604609e-06 5.5000382e-05 0.006645813 6.245331e-07 1.2489495e-05 1.1253174e-05 4.256779e-08 0.00023551814 1.8625548e-06 0.00028086803 1.4762888e-07 1.9987507e-07 0.00012378639 0.00038462412 0.0003723131 2.4785471e-08 1.736332e-08 0.00055569614 7.276753e-06 0.00011915928 0.00023766636 9.023602e-07 6.0382894e-07 8.433734e-07 9.1403926e-08 6.560971e-06 6.1907076e-06 2.602271e-06 0.0001556573 1.5477063e-06 0.0003633789 1.4386085e-05 4.701447e-08 8.9454693e-07 9.360151e-08 8.728378e-05 8.3351e-08 4.777065e-06 0.00014498537 7.0065525e-08 7.07414e-07 3.681154e-06 1.2585074e-05 5.0208684e-05 0.0006681318 5.4123984e-07 6.5610184e-05 0.00028980724 1.789442e-05 0.0023498107
0.6984467 3.590043e-07 1.2918198e-06 9.3469225e-06 1.2323531e-05 1.2841795e-06 1.9362958e-10 0.018832065 0.23148847 0.03590748 0.07528188 0.0024395804 0.00013695544 0.47046348 0.86138237 0.9952081 0.82401305 0.9574587 1.7496551e-13 0.23219152 0.7438609 0.021090139 0.008974232 0.027251944 0.8375757 0.27002382 0.38503134 0.6950437 0.122254364 0.022675045 0.64163 0.0011578047 0.5244313 0.0050866245 0.7032472 0.0006638886 0.3315599 0.11840955 0.00016176062 0.00088528777 0.004801682 2.7529466e-05 0.06491521 3.968275e-05 0.018616753 1.9004254e-05 5.2173153e-08 0.0021035695 0.023915816 0.0014844958 8.539116e-05 2.6715074e-06 9.263789e-06 0.0008392194 6.10199e-07 3.4900448e-05 6.2533525e-07 9.224879e-09 0.0005210601 1.0521527e-06 0.0028544017 4.584563e-09 1.4758862e-07 7.7233926e-05 7.084585e-05 4.686578e-05 8.459704e-09 7.809039e-09 4.2634038e-05 3.170316e-06 0.00016636944 2.6405434e-05 1.0083105e-07 7.371159e-09 3.0598155e-06 6.1993326e-08 1.0209296e-06 3.4695702e-06 1.9941032e-07 3.2338765e-05 1.274435e-06 5.943371e-05 8.008983e-07 4.1800384e-08 5.7622568e-08 3.7560138e-08 0.00010935203 2.8506038e-08 2.548334e-08 1.7899283e-05 4.103069e-08 2.4953819e-08 7.96528e-08 1.5836379e-07 2.1893827e-06 5.417635e-05 4.7882875e-09 1.0152986e-05 0.00010329473 4.172927e-07 0.00058825745
0.9657384 0.0070382142 0.013499092 0.051889904 0.10346414 0.00023593471 2.7547937e-06 0.037507735 0.6841099 0.02372251 0.0077596945 0.0011820261 0.00040584072 0.9780455 0.16262901 0.20115684 0.95867443 0.9003577 0.23219152 1.0709422e-11 0.023491148 0.9439641 0.5022703 0.0001674263 0.014531851 0.004075267 0.0012977096 0.013686288 0.0018619128 3.5872574e-05 0.1362436 0.24366485 0.001192979 8.667633e-05 0.7915704 0.17912926 0.0003712997 0.36349916 5.0654307e-06 0.18591051 0.0005933087 0.00011434765 0.53214276 1.6886348e-05 8.743749e-05 1.6834267e-05 1.4959182e-08 0.22680691 7.2722054e-05 0.5336342 0.0001825671 7.146486e-07 9.763588e-07 0.05882047 3.3945818e-07 6.0707775e-06 1.6976293e-06 1.2812362e-08 0.00013980256 9.4704e-07 3.4533816e-06 1.9794427e-08 6.167254e-08 3.2149343e-05 7.414594e-06 0.0047076913 3.7468175e-09 6.967422e-09 0.002474889 2.0716241e-05 0.0001473284 0.0026622005 8.342066e-08 2.6532515e-08 7.0231795e-07 6.0786505e-08 7.1352324e-06 1.6686465e-05 1.1545823e-06 0.0011621601 1.511208e-06 0.0023164323 1.179781e-06 1.3999453e-08 3.7811e-08 3.3585376e-08 3.9618844e-05 1.03563366e-07 7.0693616e-08 1.5354928e-05 1.2113063e-07 6.511657e-08 1.301257e-07 2.7824913e-06 0.0001390891 4.6490033e-05 4.1579014e-08 0.00017856326 0.00050224975 7.4573486e-06 0.013014607
0.13389722 1.4182101e-06 2.4057088e-06 2.826176e-05 4.4802375e-05 1.4104463e-06 1.7099204e-09 0.0020181509 0.041600376 0.04140531 0.1787867 0.018915797 0.006168175 0.04747862 0.98213375 0.5855246 0.06505451 0.7500349 0.7438609 0.023491148 1.1878104e-11 0.0034994266 0.0015598267 0.9977902 0.13463338 0.023116091 0.04729532 0.8507892 0.037065905 0.0174642 0.24578016 9.141729e-06 0.33201367 0.0036351306 0.063455254 3.4556633e-05 0.041719925 0.0021567063 8.3052706e-05 9.995279e-07 0.030817784 2.092174e-06 0.005281762 1.5836598e-06 0.026765143 9.026999e-06 9.357116e-08 6.759153e-05 0.011854998 0.0006555996 1.10633055e-05 4.7311737e-06 6.545868e-07 0.0001765171 4.6968316e-06 7.516887e-05 3.9442523e-07 5.212198e-06 7.968954e-05 1.0694441e-05 0.0010976782 9.63046e-07 1.2432061e-05 0.00015460617 0.00021865076 1.2839065e-06 6.3465006e-07 1.4021325e-06 3.008199e-07 1.1163052e-06 6.854286e-06 1.0727588e-05 4.7343443e-07 2.6169816e-06 4.950828e-06 2.8648097e-07 1.8934885e-06 1.6667013e-07 6.421066e-07 5.2048567e-06 2.0531543e-06 1.38078485e-05 1.1034755e-06 3.0153737e-07 1.0792013e-06 2.1672522e-08 2.3945971e-05 6.436923e-08 3.9411443e-08 6.245298e-06 3.8655696e-09 6.162679e-08 4.097544e-06 1.5667702e-08 1.4404324e-06 3.3134686e-05 1.476174e-08 1.0908984e-06 2.0287787e-05 5.3321745e-08 0.0004739413
0.91316354 0.0060171415 0.012690454 0.04414067 0.18277204 0.00041159516 4.4043128e-07 0.013766158 0.16698618 0.0050788517 0.0015760837 7.464503e-05 2.577836e-05 0.80028117 0.007228651 0.0411292 0.83515507 0.17284039 0.021090139 0.9439641 0.0034994266 3.1807998e-12 0.92990476 1.1073148e-08 0.024789235 0.0047763893 0.0015751859 0.00072825747 0.003972821 4.0665742e-05 0.026844326 0.978526 7.901545e-06 0.00015369104 0.51204467 0.5163051 3.1854145e-06 0.52732676 5.0202605e-05 0.53873855 0.0008046551 0.0025325164 0.5066069 0.00014840337 4.3857284e-07 1.2008246e-05 6.54462e-07 0.7589108 7.6063247e-06 0.87489486 0.0025544756 3.7101318e-06 1.3420047e-06 0.60111153 7.664293e-06 0.00011805419 1.2537815e-05 1.9460958e-07 0.0002886204 3.1881635e-05 4.9548472e-08 6.675849e-08 1.008845e-06 0.00024267216 2.4188148e-06 0.1183623 1.512489e-07 2.5710963e-07 0.04321607 0.00025426975 8.398347e-05 0.041242618 2.9928293e-09 1.2325906e-07 1.0709009e-06 1.0967589e-06 8.262593e-05 0.00017181829 3.402156e-07 0.024979837 2.3209045e-06 0.017485233 1.9457096e-07 1.8710664e-06 4.3003237e-08 7.7493917e-07 9.977931e-06 1.0713345e-07 2.7833127e-07 3.814477e-05 3.2572812e-06 1.5368195e-06 2.5544e-06 3.20789e-05 0.00034822564 0.00010343836 3.19418e-09 0.0015661863 0.017767463 5.5743686e-07 0.35201457
0.9844148 0.10215426 0.23534091 0.050894167 0.984256 0.0018701773 3.7025588e-05 0.009312588 0.27449283 0.003844283 0.0011686491 0.0001412475 0.00016468008 0.6485033 0.015565293 0.009446596 0.24347855 0.07903412 0.008974232 0.5022703 0.0015598267 0.92990476 1.2750244e-12 1.8001541e-06 0.0006737934 0.0004211191 0.00013673541 0.0005793489 0.00017790632 9.367184e-07 0.0007190557 0.87701577 2.1235866e-05 1.7016971e-05 0.011639748 0.104527526 5.1615752e-06 0.0050528944 4.003348e-07 0.28108183 0.0013938068 1.2283674e-05 0.06300117 2.9507619e-06 7.5370874e-05 2.0245558e-05 8.6066905e-08 0.55329597 7.4469404e-05 0.8471543 1.4621932e-05 4.7787008e-08 3.3662065e-05 0.028288241 5.911384e-08 5.44259e-07 4.5975185e-07 3.1100742e-09 6.907481e-05 9.3175075e-08 3.0729123e-05 3.365057e-09 2.7627895e-08 5.561932e-07 1.8985269e-05 0.030854013 3.4740282e-09 9.1009165e-09 0.0005125906 6.9182704e-08 0.00010133055 0.0024897356 2.5577615e-06 5.79301e-09 1.1857959e-07 8.9437355e-09 6.976012e-07 4.9570286e-07 1.6531326e-06 0.00038316022 3.3990768e-06 9.6565236e-05 7.171737e-06 2.1767754e-09 7.5907184e-07 4.747501e-09 3.3741162e-05 1.7890134e-09 3.7212888e-07 0.00010802446 1.3569685e-09 3.5029822e-07 0.00013916724 3.5314517e-06 4.9720206e-06 0.000112313835 1.03119815e-08 2.046909e-05 4.3361833e-05 1.4974626e-08 0.12377784
0.0011178224 4.0829335e-09 2.3326038e-07 2.5612228e-06 8.850965e-08 8.180232e-08 1.4623512e-10 0.0001527305 0.0005226756 0.030123072 0.39015824 0.28887868 0.15375799 0.00042843298 0.23940462 0.011207102 8.445131e-05 0.09046958 0.027251944 0.0001674263 0.9977902 1.1073148e-08 1.8001541e-06 7.6965445e-15 2.0442929e-05 9.529428e-08 1.4790143e-05 0.31003392 2.622013e-06 1.1674927e-06 0.00013162236 3.6287476e-10 0.9964537 9.7097745e-06 3.5004014e-05 2.9946767e-11 0.854802 1.1292177e-07 1.3660583e-08 3.0832417e-09 0.00032100527 5.19694e-10 2.4905605e-06 8.069435e-11 0.075914405 2.1040516e-06 4.916586e-09 4.5278143e-06 0.00058402144 0.0001145323 2.4566513e-09 2.7365506e-12 7.1821816e-08 2.912695e-07 1.7497294e-12 8.162009e-09 8.084725e-09 3.269655e-08 7.932263e-07 9.759539e-09 4.5508124e-05 2.7839748e-08 5.6747282e-08 4.138763e-07 5.7032235e-06 5.0276263e-08 1.2062392e-08 1.9628839e-09 9.2703544e-08 3.2147515e-10 8.171851e-06 4.743421e-08 4.432946e-09 3.6747295e-07 6.489256e-07 7.182228e-10 2.6883857e-08 3.1404392e-09 2.1360394e-07 6.639544e-08 5.5260347e-08 1.0650817e-07 3.729017e-08 6.594471e-09 2.3665773e-07 2.7040665e-11 3.1517266e-07 1.397539e-08 1.5144519e-09 9.736824e-06 2.1393978e-08 2.9073452e-10 3.0546548e-06 1.9573507e-09 1.5364016e-08 4.2806755e-06 4.277164e-09 3.4277698e-09 6.3146026e-06 2.0570051e-10 3.2967e-05
0.4365452 1.5838728e-08 3.9288115e-09 1.0205241e-09 1.2997353e-05 1.6518426e-09 8.633695e-14 8.92121e-06 0.004740288 5.8786927e-06 0.00015431244 5.339696e-08 1.5005381e-09 0.006168866 0.18326086 0.41685408 0.45673314 0.3520733 0.8375757 0.014531851 0.13463338 0.024789235 0.0006737934 2.0442929e-05 9.6307875e-15 0.99381703 0.9776802 0.7014968 0.84690076 0.68911743 0.8233495 0.0011174642 0.13410293 0.1356149 0.47269008 0.0010347093 0.12846489 0.61913586 0.10888484 0.0022071472 0.051845506 0.0020813742 0.071365245 0.00020864677 0.00067506364 0.00090324157 7.535078e-06 0.0019042391 0.007527868 0.00062358833 0.0020852692 4.9498553e-06 2.6864805e-05 0.0023206589 3.613922e-06 0.0018148978 3.5300006e-06 1.3749637e-07 0.00031098092 9.635453e-06 1.4854983e-05 2.9190947e-08 1.5738343e-06 0.00021436525 6.8910456e-05 0.00016745058 1.4755801e-08 7.68324e-08 0.00045276596 1.5866357e-05 0.00018783359 0.00011146362 1.9493267e-08 9.9412766e-08 6.793458e-06 1.5537705e-07 5.844761e-06 7.4481163e-06 1.6181104e-06 0.00020039182 5.0902395e-06 0.0010022125 5.147134e-06 1.0247578e-07 3.3930797e-07 1.875207e-08 2.1374984e-07 2.813967e-08 1.7430986e-07 5.592982e-06 8.046301e-08 6.0224226e-09 3.8347383e-07 1.518728e-06 2.4400177e-05 2.4456787e-05 9.308208e-10 4.2513406e-05 0.00077457575 1.2132607e-06 0.0011709583
0.46492118 5.128008e-09 1.6580197e-09 4.4161755e-10 7.081508e-06 3.028963e-09 2.2618912e-13 2.8113252e-06 0.00049106305 3.7735148e-07 9.133693e-06 8.140403e-08 1.9864728e-09 0.0007078534 0.018344333 0.053977694 0.11301409 0.033003982 0.27002382 0.004075267 0.023116091 0.0047763893 0.0004211191 9.529428e-08 0.99381703 7.268348e-13 0.85788316 0.4490253 0.9459147 0.7148629 0.89218944 0.0011856667 0.011724087 0.48391354 0.3778982 0.0008173071 0.049591087 0.7836569 0.4949389 0.0010803986 0.07221274 0.06171338 0.06593297 0.0036743726 0.0013407855 0.0041729575 0.00011275159 0.0029410177 0.010722782 0.00023901858 0.022491105 0.000139079 0.000882145 0.0058190105 4.969511e-05 0.004112307 0.00013565463 5.00619e-07 0.0026536342 6.626485e-05 0.0006682305 2.5763416e-07 2.4109524e-06 0.0004661212 0.0013211549 0.00043977218 3.535662e-07 2.8054822e-07 0.0013904055 0.00039673972 0.002792547 0.0005575796 3.5163455e-06 2.163431e-07 6.639972e-05 9.4333615e-07 8.694564e-05 5.306959e-05 2.9094941e-05 0.000624448 3.272096e-05 0.0019092169 0.00017329109 1.9835302e-06 6.4380873e-07 2.7853682e-07 7.1829627e-06 6.269502e-08 6.0290336e-06 0.00025445945 7.3682e-07 9.181175e-08 4.300903e-06 3.9310868e-05 0.000119826385 0.0004987104 2.7794387e-08 0.00021847527 0.0009710664 2.1446767e-06 0.0010755042
0.34230265 5.4186035e-08 4.619965e-09 3.0299394e-09 1.3707036e-05 4.5017634e-07 6.240543e-13 1.6009528e-06 0.00010681196 1.3575194e-06 6.3765765e-06 4.430567e-07 4.214912e-08 0.00024307496 0.018184539 0.032649886 0.03619594 0.025564931 0.38503134 0.0012977096 0.04729532 0.0015751859 0.00013673541 1.4790143e-05 0.9776802 0.85788316 1.4976023e-16 0.837808 0.72871107 0.9984214 0.6746512 0.00014986357 0.04770338 0.43951562 0.13875061 0.00029610854 0.06412514 0.239292 0.25711983 0.00031327445 0.12224624 0.023164207 0.037093055 0.0060367123 0.002309072 0.0021775307 2.0940137e-05 0.0007903611 0.021296756 0.00011397508 0.012623293 9.5326795e-05 0.0008440115 0.0014529196 3.992954e-05 0.0077416035 5.969376e-05 2.870694e-06 0.0011175649 6.6255496e-05 0.0007505444 1.1568312e-07 9.264929e-06 0.0011860268 0.002872378 3.0319401e-05 9.0005864e-07 1.926635e-06 0.00034138697 0.00014571352 0.00031855426 4.6494286e-05 3.0638348e-05 2.982632e-07 1.9013009e-05 1.2961945e-06 4.5114462e-05 9.4836037e-07 6.786132e-05 0.00010940564 9.311739e-05 0.0012082277 5.649137e-05 2.425389e-06 2.3478751e-06 1.4591787e-07 1.6019372e-05 1.341805e-06 1.0270369e-06 6.316503e-05 2.1102277e-07 2.0620347e-07 7.720501e-06 9.383097e-07 1.6314605e-05 0.00031670133 1.1225434e-07 1.8703413e-05 0.00077688834 3.4484728e-07 0.0006998509
0.79262036 1.2504539e-08 1.1534305e-07 6.207793e-08 9.293037e-07 2.6695716e-08 6.5292793e-12 5.5756762e-05 0.0007833392 3.138269e-05 0.00077015033 1.7088429e-05 1.6648307e-06 0.00233286 0.5550501 0.3653673 0.08847259 0.24558395 0.6950437 0.013686288 0.8507892 0.00072825747 0.0005793489 0.31003392 0.7014968 0.4490253 0.837808 4.0947245e-13 0.6325615 0.9119687 0.8784892 7.748945e-06 0.94596493 0.89974487 0.3144639 6.0764334e-05 0.9497301 0.060422003 0.7035349 6.8543675e-05 0.86192226 0.009431172 0.12894899 0.0065843086 0.24887352 0.026227962 0.0020452205 0.0005131328 0.41514122 0.00088720635 0.009913917 0.00079482904 0.048076507 0.0016567083 0.0003809139 0.031526405 0.0054376465 0.0002504781 0.03335711 0.00066513923 0.0582116 3.983666e-05 0.0009723689 0.008679083 0.18580171 1.30032295e-05 2.8844164e-05 6.147598e-05 3.40399e-05 0.0010189066 0.0043460103 0.00037279222 0.009855696 2.4222232e-05 0.001040113 2.7782873e-05 0.00036605835 2.7636906e-06 8.725614e-05 0.00017887262 9.566868e-05 0.0016213956 0.0002527898 2.3048655e-05 4.6639198e-05 3.693504e-06 0.009872643 1.2191992e-06 1.869726e-05 0.0029063048 5.0763043e-07 3.972599e-07 0.00024073201 1.70699e-06 4.7735357e-06 0.01564845 6.1011e-07 1.0494535e-05 0.0001147664 1.2815332e-06 0.0006257404
0.8017592 7.1429147e-09 3.5851122e-09 2.530938e-09 7.052763e-06 8.353187e-10 1.1186996e-12 2.1535204e-06 0.00093999953 1.0474323e-06 1.9867306e-05 9.596922e-07 1.4301022e-08 0.0004080394 0.01309948 0.027934393 0.039427992 0.005265445 0.122254364 0.0018619128 0.037065905 0.003972821 0.00017790632 2.622013e-06 0.84690076 0.9459147 0.72871107 0.6325615 3.96764e-12 0.7569253 0.96998554 0.0017036847 0.024915753 0.93515426 0.41006777 0.0013673542 0.075027324 0.89498633 0.8128795 0.0017525841 0.3742998 0.3538049 0.20263344 0.03180692 0.008475686 0.0912504 0.0107468655 0.0060018194 0.07177434 0.0011566235 0.17865361 0.00083941955 0.026496837 0.017950868 0.00026681033 0.034030516 0.0064368113 1.1605911e-06 0.011404293 0.000169964 0.0031960972 6.50407e-07 4.64395e-06 0.0023636825 0.02257914 0.00096459256 1.2076699e-06 1.4182845e-06 0.002406742 0.0010844979 0.02939677 0.0020803085 0.00059282855 3.7284286e-07 0.0011050607 1.4316196e-06 0.00012498318 0.00037490323 0.00068496045 0.0011457874 0.0006166778 0.0070523573 0.0023000117 2.885436e-06 4.0716925e-05 1.3908178e-06 0.0004225972 5.070445e-07 7.9046324e-05 0.0028199381 2.3611635e-06 9.902326e-07 0.00010887678 0.0001390375 0.00040909415 0.0028067632 8.2669203e-07 0.00070361124 0.0022638438 3.2503067e-05 0.0025784126
0.334786 7.385352e-11 3.311746e-11 1.5923911e-11 6.967518e-08 3.2108968e-10 2.0615406e-15 9.9356654e-08 3.0363713e-06 6.7879107e-09 2.804194e-08 1.1881107e-09 2.4031954e-10 7.3261567e-06 0.00023855359 0.00085846777 0.0007118454 0.0011740563 0.022675045 3.5872574e-05 0.0174642 4.0665742e-05 9.367184e-07 1.1674927e-06 0.68911743 0.7148629 0.9984214 0.9119687 0.7569253 3.8621142e-16 0.63084424 8.2091293e-07 0.04787182 0.709414 0.07296862 1.550449e-05 0.18716912 0.25549963 0.9681294 8.609689e-06 0.523628 0.1659769 0.02294172 0.03309353 0.006691581 0.02590097 0.0010994315 6.040594e-05 0.050740313 4.139798e-05 0.070298955 0.0005120903 0.0115946615 0.0010217825 0.00026288058 0.02116888 0.0037370618 3.2062693e-05 0.011618586 0.00037669085 0.004710664 8.135887e-06 5.2092044e-05 0.004291326 0.021045104 1.5884783e-05 1.1187153e-05 4.5325647e-05 0.0006163571 0.0010602018 0.0050951745 0.00013293774 0.0007067671 2.4735393e-06 0.0003615739 4.2760735e-06 0.00023572825 2.6932616e-06 0.00010934712 0.0002239478 0.00021686686 0.00091936096 0.00039149285 8.307959e-06 3.6718695e-06 1.3518569e-06 0.00045337496 7.736159e-07 2.9795645e-05 0.0029504993 1.4885204e-07 1.0806464e-06 0.00030164627 1.3693153e-06 2.6910038e-05 0.0054508084 1.235534e-07 5.903596e-05 0.0005053407 9.043473e-08 0.00033895002
