5.0574817e-15 0.31006643 0.41534927 0.9817636 0.0698702 0.5286253 0.85385025 0.44707206 0.64268947 0.8560682 0.8498334 0.09958855 0.0019627027 0.035318673 0.9577528 0.5492478 0.7828261 0.89990276 0.4373787 0.00033978082 0.7184663 0.9788125 0.99778503 0.9987747 0.51737577 0.82222986 0.8918773 0.6066177 0.9993808 0.6532589 0.5054493 0.8152394 0.70332736 0.9759513 0.8622577 0.99924344 0.22065002 0.59518355 0.69777054 0.005279413 0.98698103 0.99908674 0.97556084 0.0019846798 0.9991422 0.86985487 0.29107964 0.27138638 0.910521 0.25866398 0.807838 0.6854303 0.8177279 0.7608374 0.32956433 0.92255723 0.99925005 0.9914654 0.12602521 0.9132975 0.99344236 0.93352896 0.89204204 2.7375967e-05 0.89296144 0.9727929 0.7360009 0.29489136 0.9554146 0.8663293 0.94422024 0.9995107 0.9999295 0.7492337 0.89039904 0.26436263 0.93326104 0.09061822 0.8917787 0.017565817 0.8450282 0.6322013 0.0009765611 0.007481016 0.101709366 0.7202545 0.8732851 0.08354659 0.82207555 0.75047183 0.083065405 0.0018652835 0.011504299 0.31272888 0.89834857 0.55847335 0.016481936 0.005305925 0.25819823 0.27903783 0.9987733
0.31006643 1.3170026e-11 0.99905246 0.9998089 0.01050203 0.013440489 0.23281316 0.012397344 0.002667451 0.0006343675 0.0006884556 0.00058994064 0.08009537 0.010659491 0.0008797092 0.00036713164 0.00026729092 0.00045319146 7.7333716e-05 0.0018692242 5.8207614e-05 0.00010242864 0.021706818 0.22704713 8.600624e-05 2.7749906e-05 0.06151055 0.00012346372 0.00022926621 7.215228e-05 0.0035767222 4.282193e-05 3.087276e-05 5.890689e-05 2.1976382e-05 0.04059753 4.156877e-05 8.664638e-06 0.0023538668 0.001769556 0.0013960131 9.478708e-06 4.760014e-07 9.724403e-07 3.0956344e-05 3.8332066e-05 7.035203e-06 1.342712e-05 1.5633188e-05 9.162912e-06 1.566919e-05 8.5132215e-06 4.7400048e-05 1.7645154e-05 6.9099688e-06 1.9425745e-05 6.168907e-06 2.4435212e-06 3.4709854e-05 5.1029597e-06 4.7058975e-06 3.7995571e-06 2.0669142e-06 3.4527066e-06 1.1403374e-05 1.9199137e-05 8.3819515e-07 5.497144e-05 1.1090365e-06 2.4803292e-05 1.8594861e-06 0.00028396587 1.006016e-05 8.985321e-07 4.343979e-06 2.0641497e-07 1.3792142e-06 2.679909e-07 7.948692e-06 3.1003776e-06 1.1419094e-06 4.0942086e-06 8.14991e-08 3.7183403e-07 3.9674495e-09 1.8567675e-06 3.185348e-06 2.1225478e-07 4.2881775e-06 2.8284069e-06 2.114199e-06 1.2749061e-07 1.5396668e-06 2.2840397e-06 2.1842742e-07 2.5044299e-06 3.559726e-08 7.481657e-07 6.259417e-08 4.3780724e-07 1.4196858e-05
0.41534927 0.99905246 1.6119878e-12 0.110718116 0.9999647 0.0008019581 0.041259218 6.812906e-05 0.00060108124 3.576262e-05 8.955657e-06 6.886687e-06 0.14195654 0.00013578004 0.00047050093 6.064505e-06 2.4327276e-06 0.00038148154 4.0037244e-06 4.3907374e-05 3.6211393e-06 6.2650404e-05 0.008995821 0.0813408 4.1045373e-06 9.172804e-07 0.3409769 4.0263803e-06 1.9219819e-05 9.421479e-08 0.17342532 9.855728e-07 3.1618379e-06 2.4085716e-06 6.1444615e-07 0.11916577 8.3713024e-07 1.8306267e-07 0.03553667 0.000107421314 0.0041712127 2.3025804e-07 4.611489e-08 1.436289e-07 9.3091105e-05 6.292334e-05 9.8429446e-05 1.6450638e-05 3.3165255e-05 2.0074005e-05 4.5222696e-06 1.699843e-05 2.3652823e-05 1.424232e-06 1.3973896e-06 1.43918905e-05 2.6309865e-05 7.550166e-05 1.6101822e-05 7.729776e-06 2.3663845e-06 2.437421e-06 1.4232287e-06 1.4736436e-06 5.598537e-06 3.07877e-05 2.592023e-07 4.643852e-06 9.3865617e-07 3.0809784e-05 6.287474e-07 0.00045573342 9.643193e-06 3.507505e-07 1.7043363e-05 1.9027802e-08 2.7545734e-06 8.691232e-09 6.9844436e-06 1.7111104e-06 3.616075e-07 1.4980069e-06 2.5475552e-07 1.0611019e-06 1.6758402e-09 3.8129238e-07 4.756722e-06 2.4209196e-06 1.7842418e-06 1.372324e-07 1.4220644e-06 4.9923276e-08 2.3896866e-06 2.9121434e-08 5.5270995e-08 6.512642e-07 7.829074e-11 1.393398e-07 2.037635e-08 2.7953245e-08 3.4059562e-06
0.9817636 0.9998089 0.110718116 4.7006715e-10 0.0088679185 0.04486103 0.61763483 0.002918348 0.018514778 0.0009928516 0.00044475094 0.00014791927 0.002349573 0.0007204425 0.005756303 0.00029325945 0.00032972268 0.0032104247 5.136108e-05 0.0003062154 1.9698698e-05 0.0006829338 0.22347899 0.87097716 2.5159072e-05 4.6748987e-06 0.8966637 3.6927453e-05 0.0028507046 1.383158e-06 0.064644046 5.6570356e-05 1.5712016e-05 0.00025906207 2.4642986e-05 0.7336636 7.49652e-07 1.4943398e-06 0.09476257 0.0005440824 0.08665116 5.26663e-05 3.438065e-06 1.545076e-07 0.0043088123 0.0012011586 0.00027065686 0.00012403811 0.0015891162 3.8270886e-05 0.00013409428 5.7333284e-05 0.00013044596 9.849926e-06 8.876248e-06 3.991835e-05 0.0014998218 1.0412648e-05 8.080614e-06 0.0002298089 1.0661305e-05 4.258517e-06 9.815427e-06 1.2301626e-06 1.6229595e-05 0.0010574157 5.6376035e-07 1.307139e-05 2.1529866e-06 0.00023343274 4.7521573e-07 0.009594969 3.9733684e-05 3.8082815e-06 0.00023022106 1.7095225e-07 1.0793538e-06 7.3294416e-08 1.3017387e-05 2.8322938e-06 2.7120706e-07 0.00018888083 5.6705653e-07 1.0640847e-07 2.565305e-08 0.00016250713 0.000120385695 6.8886966e-06 1.6947897e-05 1.3258999e-07 2.5522791e-08 5.6201407e-07 7.527881e-06 3.9521856e-07 8.5994014e-07 2.2785973e-07 7.8024387e-10 3.6381598e-06 1.0648399e-07 8.090622e-08 0.00036837775
0.0698702 0.01050203 0.9999647 0.0088679185 3.5145513e-12 0.0003882401 0.027314855 1.2561129e-05 0.00038054408 1.7596994e-05 9.802546e-06 2.8437184e-06 0.99999815 6.966506e-05 0.00016428149 3.998889e-06 5.950429e-06 6.106927e-05 1.4986271e-06 4.983231e-05 2.0565506e-06 3.6743237e-05 0.0019281884 0.012517971 4.302461e-06 1.2979694e-06 0.0060554114 9.6951735e-06 4.7508547e-06 1.693217e-06 0.0038439364 8.794059e-07 1.6303132e-06 3.8587893e-07 2.0958676e-07 0.018638333 3.5333767e-07 1.4072768e-06 0.0010515715 9.529362e-05 0.00045758297 4.9809522e-08 5.773379e-08 5.7336536e-08 4.35589e-06 2.1455086e-05 5.647432e-06 3.473805e-06 1.6644426e-05 2.8362956e-05 7.3482124e-06 1.12451e-06 7.71554e-06 2.8850356e-05 5.143875e-06 3.585371e-06 3.42754e-06 0.000110582376 5.8343103e-05 3.2068974e-06 3.303175e-06 4.1875396e-06 2.147913e-06 2.811058e-07 3.5879052e-06 6.142519e-06 1.3380761e-06 7.4398386e-06 2.0103957e-06 1.1795036e-05 4.6240584e-06 0.00019776351 1.1774212e-05 2.6706848e-06 2.4797557e-06 1.6140334e-07 1.801237e-05 4.6274258e-07 6.1160434e-05 1.8845691e-06 2.7313702e-06 3.816944e-07 4.3422497e-07 2.0674113e-06 1.5719838e-09 4.1147564e-07 8.272603e-06 1.473527e-06 8.066312e-07 4.8223325e-07 3.3534857e-07 2.851696e-07 2.8798948e-07 3.4482392e-07 3.3371063e-07 6.5408294e-06 1.6428209e-10 8.505297e-07 1.2703269e-07 4.943084e-07 4.621589e-06
0.5286253 0.013440489 0.0008019581 0.04486103 0.0003882401 2.2199274e-10 0.97068286 0.52744347 0.99748486 0.955029 0.6494685 0.055726137 0.0011954007 0.083180234 0.68207663 0.66831446 0.23085119 0.6211063 0.06420224 0.0017941479 0.0066150636 0.037647676 0.35352835 0.2827374 0.0057249065 0.0012171252 0.048078816 0.0017127563 0.0035431664 0.00060487335 0.0012103642 0.00023646114 0.00021968644 0.00037403742 9.787764e-05 0.0077046915 0.00024625263 8.6192886e-05 0.00052998104 0.0027574752 0.0009499772 0.00016899196 1.4283406e-05 6.666154e-06 0.00014491501 5.576134e-05 2.008586e-05 1.2336738e-05 2.9825269e-05 4.2658135e-06 0.00022691568 9.962479e-06 6.285994e-05 2.9483446e-05 1.1429302e-06 2.2076983e-05 8.871658e-05 1.8978299e-05 3.028485e-06 2.6171427e-05 2.1424987e-05 1.0628423e-05 8.72319e-06 1.7723789e-06 1.343565e-05 9.821219e-05 2.0312451e-05 1.1396459e-05 3.5949029e-06 7.0355556e-05 5.6679028e-06 0.00043162087 1.4273116e-06 8.8891165e-06 4.2686415e-06 7.6158943e-07 1.0500112e-05 6.531295e-07 2.3545954e-06 3.5712294e-06 1.7271774e-06 4.4629983e-06 2.2527777e-08 1.9854785e-07 1.0653214e-07 4.529443e-06 1.0179023e-06 1.3015754e-06 4.21591e-06 2.595121e-06 2.9449118e-06 3.0575283e-08 1.8942073e-06 2.0115435e-07 3.96315e-07 1.0806133e-06 2.164979e-09 2.3429217e-07 5.909099e-07 7.139483e-07 1.1182385e-05
0.85385025 0.23281316 0.041259218 0.61763483 0.027314855 0.97068286 2.4991278e-10 0.39886016 0.9863578 0.3089205 0.3292277 0.072816804 0.0062346854 0.07782185 0.20448123 0.03126527 0.21750046 0.060473017 0.007006844 0.0029597965 0.0023864198 0.0052734376 0.9330327 0.971185 0.0012397763 0.00079619273 0.5292519 0.0020314546 0.0036598889 0.0009759294 0.00956821 0.00033404393 0.0002689817 0.00030973103 0.00021401144 0.072123475 0.00060980296 0.000327187 0.014417086 0.0042514997 0.011648203 0.0001260609 0.00015938783 4.5513247e-05 0.00050877716 0.0005144518 0.00057932653 8.51373e-05 0.0004971521 1.0838732e-05 0.0017010595 0.0001783956 0.00014500902 8.613011e-05 9.753627e-06 9.062515e-05 0.00019078462 3.1021566e-05 4.4680557e-05 7.9487116e-05 1.0125313e-05 4.64457e-06 3.554121e-05 5.7714387e-05 6.013969e-05 0.00030897956 1.8552359e-05 1.7895527e-05 2.5047689e-06 0.00019166032 6.997001e-07 0.00085186714 1.46486045e-05 9.999259e-06 0.00012485334 5.1866147e-07 5.3709473e-06 2.8725574e-07 4.174378e-06 3.6636025e-05 2.1672586e-06 7.136495e-05 3.1107774e-07 2.5414158e-07 5.5389084e-08 3.8068527e-05 5.5519264e-05 9.741068e-06 1.8415076e-05 8.0420165e-07 8.9024223e-07 2.3008022e-07 1.5069029e-05 4.7396068e-07 2.0814116e-06 1.4284965e-06 2.9178855e-09 7.1804698e-06 6.1825386e-07 2.3102646e-06 0.00011317951
0.44707206 0.012397344 6.812906e-05 0.002918348 1.2561129e-05 0.52744347 0.39886016 1.4495036e-12 0.112395905 0.2687485 0.933207 0.9963193 0.0013670971 0.92969924 0.20268519 0.1369365 0.9845365 0.24248162 0.05877533 0.017235497 0.012941572 0.07941285 0.050883062 0.042135794 0.013086532 0.002042725 0.00047935444 0.00084446446 0.0034388672 3.6175963e-05 0.00013265305 0.00023965105 0.0002851325 0.000183343 8.979777e-05 0.00093721115 0.0032576306 1.076976e-05 3.9112892e-05 0.4822613 6.670354e-05 3.9321254e-05 8.212946e-06 7.0151546e-05 4.995693e-05 1.2658211e-05 5.882153e-08 5.376136e-07 3.7879163e-05 2.2852008e-08 1.41162045e-05 3.9047188e-07 3.3864421e-06 5.744321e-06 4.3872783e-06 1.9304293e-06 2.5408055e-05 1.4010038e-05 3.643062e-06 2.892343e-06 1.0050604e-06 3.340818e-06 1.1198761e-06 2.6238965e-08 1.4218258e-06 1.2881371e-05 1.6028578e-06 1.9991454e-05 1.0865672e-07 3.1752206e-06 3.9602238e-08 0.0005593292 6.1979504e-06 2.2460058e-06 4.5808574e-07 1.8805009e-08 3.532947e-08 2.222459e-08 7.3760502e-06 9.3825963e-07 4.073042e-08 3.934548e-07 1.0131783e-07 6.0692884e-08 3.2140293e-09 8.125802e-07 6.971051e-07 5.8154507e-07 4.213842e-07 3.1015855e-07 4.2761732e-07 4.829157e-09 7.1917975e-06 1.421234e-07 2.2151576e-09 1.0296461e-07 5.0788584e-10 7.5063454e-08 1.7039405e-08 1.9279058e-09 4.99154e-07
0.64268947 0.002667451 0.00060108124 0.018514778 0.00038054408 0.99748486 0.9863578 0.112395905 6.1309187e-12 0.5887759 0.14199424 0.017826766 0.00045407593 0.022859724 0.9393063 0.17980295 0.1417168 0.79088044 0.015627816 0.00074169424 0.008228227 0.046460208 0.71957076 0.5124897 0.011122943 0.003293806 0.03190744 0.0032922088 0.009636938 0.0016286949 0.0010349071 0.0003795501 0.00031355483 0.0007753325 0.00020975825 0.009499368 0.00019152439 0.0003803746 0.00046879647 0.0018236552 0.000932769 0.0006738962 8.205795e-05 1.2383641e-05 6.370623e-05 2.9750954e-05 1.2612265e-05 5.013808e-06 2.8774573e-05 1.3280696e-06 0.00094968866 4.472786e-06 1.70122e-05 7.9833226e-05 4.957471e-06 1.0142013e-05 3.482225e-05 2.8248556e-05 1.1590962e-05 1.1461769e-05 2.7590626e-05 9.154404e-06 3.496789e-06 1.5286673e-06 8.593053e-06 7.515382e-05 1.4981934e-05 2.775099e-05 9.975138e-07 2.5296016e-05 2.6694904e-06 0.0003077072 5.6488702e-06 1.0075484e-05 7.508043e-06 4.7274075e-06 7.2436433e-06 5.7812883e-07 5.7067327e-06 1.589195e-05 3.966147e-06 3.6781396e-06 3.0206568e-08 3.9255903e-07 3.4025356e-07 4.1129265e-06 1.7386367e-06 1.3628112e-05 7.793534e-07 5.027936e-07 4.935335e-07 3.7712343e-07 2.3025705e-06 9.1341155e-07 6.4189294e-07 1.7758017e-06 2.4003837e-09 4.787625e-07 3.270597e-08 2.2122718e-07 4.5422494e-05
0.8560682 0.0006343675 3.576262e-05 0.0009928516 1.7596994e-05 0.955029 0.3089205 0.2687485 0.5887759 1.5785293e-11 0.984693 0.075755924 0.00012824222 0.043071087 0.79489994 0.9612919 0.53261566 0.9476718 0.52622706 0.0008719223 0.04183856 0.5480114 0.4049001 0.17044124 0.0065901536 0.00078075833 0.0010783346 0.0009797075 0.010018432 0.00017355074 0.000271936 0.0002170883 0.0002466491 0.00019826659 0.00012102503 0.0031683515 0.00055672525 3.2330565e-05 0.00036856488 0.010220159 0.00031613102 4.7257196e-05 2.5654017e-05 2.2422655e-05 5.2215746e-05 1.7606644e-05 2.1166755e-07 3.7240702e-06 3.1921703e-05 2.1974141e-07 0.00015770618 6.113681e-07 2.169196e-06 1.2950843e-05 1.8733517e-06 1.3548021e-06 2.165173e-05 2.9123908e-06 9.632155e-06 4.2286747e-06 8.4348034e-07 2.3942775e-07 5.523619e-07 2.5875056e-07 1.1683492e-06 1.9355106e-05 1.2959991e-06 3.28474e-05 1.3052042e-07 3.5336684e-06 2.1181032e-07 0.00026915618 1.0716233e-06 2.1658184e-06 1.413321e-06 2.4739753e-08 3.5693515e-07 7.276996e-08 2.0985628e-06 4.424569e-06 1.5393417e-07 8.59041e-07 1.264642e-07 6.0107976e-07 4.129378e-08 6.803316e-07 2.7436758e-07 7.963886e-07 3.947345e-07 2.3432524e-07 9.635255e-07 7.458774e-09 4.5460088e-06 8.805947e-06 1.026236e-08 6.4257523e-07 5.575484e-09 3.935768e-07 1.0554837e-07 5.8686602e-08 5.0481854e-06
0.8498334 0.0006884556 8.955657e-06 0.00044475094 9.802546e-06 0.6494685 0.3292277 0.933207 0.14199424 0.984693 1.3665853e-11 0.34249902 0.00012240166 0.1555785 0.6513985 0.9540454 0.97776884 0.7199423 0.61866087 0.001823836 0.0826065 0.508058 0.26899356 0.11795216 0.052648623 0.007977319 0.0006551274 0.0028887922 0.02595327 0.0002834845 0.0002067161 0.0009385211 0.0012205925 0.0006895904 0.0003766163 0.004036129 0.0018192302 6.898416e-05 0.0002686095 0.1008691 0.00033449178 0.00021436137 0.00010517354 8.6456654e-05 4.4221666e-05 8.924328e-05 1.4422618e-06 3.540364e-06 3.3270873e-05 2.1583892e-06 0.00012352024 7.6909186e-07 3.073148e-06 4.3526485e-05 8.445827e-06 2.1825845e-06 8.812903e-06 4.622777e-05 8.409736e-05 4.1523776e-06 2.3662062e-06 6.4608607e-06 7.7524226e-07 1.1083132e-06 1.8043618e-06 1.2090015e-05 6.6900425e-06 5.1993826e-05 3.4754598e-07 2.7320111e-06 9.822061e-07 0.00020302682 9.465258e-06 5.4857396e-06 1.4370611e-06 4.6661705e-07 4.851717e-07 3.8539198e-07 1.884448e-05 6.7389074e-06 2.1360535e-07 4.2025366e-07 1.2885106e-07 5.2649043e-06 1.3053462e-07 9.215364e-07 3.287203e-07 7.470919e-07 4.81408e-07 1.1172755e-06 2.5894767e-06 1.3687168e-07 6.59245e-06 3.0971994e-05 4.9531653e-08 2.294937e-06 7.2253075e-09 1.0016759e-06 2.821689e-07 2.5824693e-07 7.950368e-06
0.09958855 0.00058994064 6.886687e-06 0.00014791927 2.8437184e-06 0.055726137 0.072816804 0.9963193 0.017826766 0.075755924 0.34249902 3.7466943e-10 0.00037917073 0.99523675 0.05917944 0.049844027 0.94215727 0.0696071 0.022913553 0.014130047 0.0131565835 0.04701199 0.009455123 0.009721575 0.021945119 0.006280843 1.1706517e-05 0.023320034 0.0038412793 0.00052746397 3.2205317e-05 0.00029163793 0.00041827152 0.00059330696 7.172637e-05 0.00018765096 0.011674227 8.744775e-05 1.0569968e-05 0.728927 1.3226859e-05 0.00020762038 3.1599975e-05 0.0008407078 2.068624e-06 4.6641044e-06 8.533721e-08 8.2160363e-07 3.7849245e-06 1.8745402e-06 0.00012367655 3.0732812e-07 1.8003585e-06 2.6573049e-05 6.4644355e-06 3.5235377e-07 1.5731455e-06 3.9415074e-05 4.8953636e-05 4.9169375e-07 1.9740492e-06 2.5334957e-05 2.1871196e-07 2.5658176e-07 5.6139595e-07 2.4607043e-06 1.7488834e-05 1.1733186e-05 2.7023245e-07 1.4845219e-06 2.5804528e-07 9.234808e-05 9.6807744e-05 1.1375253e-05 5.0233126e-08 1.0698567e-06 7.496173e-08 1.2811618e-06 5.3276286e-05 1.4393784e-05 2.5339546e-07 6.86108e-08 5.3631315e-08 1.5404937e-06 2.8745823e-09 7.3728893e-07 6.779326e-07 1.1304271e-06 3.3849872e-07 3.2914365e-06 1.7414196e-06 4.85354e-07 1.0691097e-05 2.9236736e-07 4.2289646e-08 1.6051248e-06 6.901015e-09 1.3962067e-06 1.6771723e-07 3.5005694e-08 5.1299986e-07
0.0019627027 0.08009537 0.14195654 0.002349573 0.99999815 0.0011954007 0.0062346854 0.0013670971 0.00045407593 0.00012824222 0.00012240166 0.00037917073 3.233672e-15 0.0036344407 0.00016341101 2.7124614e-05 4.38095e-05 6.1971725e-05 4.6187515e-06 0.9990636 2.5273312e-06 1.01720025e-05 0.00019437839 0.0014109348 6.1730475e-07 3.939954e-06 0.0011833537 1.3350782e-06 8.891269e-06 1.400788e-06 0.0005480961 5.275728e-07 1.4083118e-06 1.9434779e-06 1.0934262e-06 0.0014077681 1.3156634e-05 7.476924e-08 2.4521712e-05 0.019991979 4.1721356e-05 1.7527577e-06 1.2044063e-07 5.418059e-05 2.444197e-06 3.754207e-07 2.5755321e-08 1.4375087e-07 5.3254496e-07 3.3199892e-06 1.6952623e-06 2.533422e-08 1.1181537e-06 4.20715e-06 6.376728e-08 1.3757042e-06 5.708218e-06 1.9821307e-06 1.3276568e-06 5.246778e-07 2.5206084e-06 5.185947e-07 8.9010723e-07 2.1588646e-08 6.7805223e-07 1.2469256e-06 5.9389055e-07 3.6995145e-06 1.2802897e-06 1.9926729e-06 3.8190795e-08 0.0002298593 7.8116153e-07 2.3086636e-06 6.4396414e-07 2.617387e-07 9.3135685e-07 1.7055825e-08 1.0446326e-05 4.725929e-06 4.593475e-08 1.619866e-08 5.6028983e-07 6.1566645e-08 5.5073337e-09 2.1434374e-08 1.0266359e-07 1.0994655e-07 8.9217615e-08 2.821513e-06 1.6572248e-07 1.8791224e-06 2.3595314e-08 2.0076682e-07 2.2917046e-08 2.7865195e-08 6.070739e-11 4.9426145e-08 3.745017e-09 3.2621426e-08 1.2932939e-08
0.035318673 0.010659491 0.00013578004 0.0007204425 6.966506e-05 0.083180234 0.07782185 0.92969924 0.022859724 0.043071087 0.1555785 0.99523675 0.0036344407 6.828445e-11 0.025991721 0.022665111 0.22687909 0.028915208 0.009094051 0.99880224 0.006349743 0.014108455 0.009613714 0.01571186 0.010124025 0.0031794682 5.148069e-05 0.0075325645 0.0017683996 9.605356e-05 3.4632743e-05 0.00013120867 0.0001244958 0.00018630165 6.7675566e-05 0.00085883547 0.018166538 2.0319854e-05 3.7379687e-06 0.799977 2.6807043e-05 3.531484e-05 4.024158e-06 0.00083834236 4.6297505e-06 3.979352e-07 4.3631125e-09 1.0418607e-07 5.5889217e-07 4.7537737e-06 1.6932081e-05 5.44889e-07 2.13281e-06 5.6767694e-06 2.5448833e-06 2.7723017e-06 5.193448e-06 6.267315e-06 1.6633843e-05 7.718259e-07 1.6196299e-06 2.0578061e-06 4.0439684e-07 4.1350546e-07 5.7089125e-07 7.456666e-06 1.4604559e-06 5.8534683e-06 1.5526447e-07 3.1025545e-06 2.7922551e-08 0.0014180737 2.7146765e-05 5.437026e-06 2.708452e-07 9.173802e-07 1.0392706e-07 4.907772e-08 4.443424e-06 1.4583001e-06 2.588431e-07 1.2672257e-07 1.6678374e-06 6.2761906e-06 3.4369766e-08 8.4845976e-07 1.4214814e-06 1.0588881e-06 9.607536e-07 5.2257715e-06 4.936999e-06 3.0068152e-06 1.7122549e-06 2.1694568e-06 1.6288686e-07 1.287305e-06 3.5558019e-09 1.9636227e-06 7.804981e-07 1.3981261e-07 2.2773222e-07
0.9577528 0.0008797092 0.00047050093 0.005756303 0.00016428149 0.68207663 0.20448123 0.20268519 0.9393063 0.79489994 0.6513985 0.05917944 0.00016341101 0.025991721 1.2279244e-09 0.2666769 0.5629839 0.9869965 0.08918918 0.00048179794 0.10151671 0.46899667 0.9750799 0.6984925 0.047395896 0.022477167 0.021613201 0.010054804 0.035079982 0.0040190667 0.0006933336 0.0010398692 0.0013783098 0.0030760611 0.0008476179 0.009603855 0.0040194504 0.0014551446 0.00083689246 0.0025277173 0.0013422242 0.00054219697 0.000479075 5.7639856e-05 8.536176e-05 2.5781112e-05 2.531134e-05 3.5722755e-06 7.158075e-05 7.0853794e-06 0.005193899 2.806193e-06 1.1339261e-05 0.00021592954 6.183447e-05 1.0807715e-05 3.0443989e-05 4.2256535e-05 1.5643673e-05 6.626488e-06 3.875389e-05 1.07716805e-05 1.2269091e-06 4.675416e-06 3.7539764e-06 5.823354e-05 2.0883997e-05 6.716698e-05 1.6295213e-07 2.0366298e-05 8.749362e-07 0.00035521504 4.6731137e-05 3.8720897e-05 8.784081e-06 1.1715843e-05 3.580005e-07 9.5604506e-08 5.059449e-06 1.6592332e-05 1.3499772e-06 1.4724293e-05 5.8283124e-08 1.03001334e-07 5.4546064e-08 1.7703196e-06 1.496465e-06 1.6795397e-05 1.0916415e-06 1.0557144e-05 3.381988e-06 4.6484733e-08 1.2097869e-05 2.374629e-06 1.7510428e-07 5.4547394e-07 1.2183762e-08 1.3245748e-06 1.4570767e-08 1.2420743e-07 1.3770844e-05
0.5492478 0.00036713164 6.064505e-06 0.00029325945 3.998889e-06 0.66831446 0.03126527 0.1369365 0.17980295 0.9612919 0.9540454 0.049844027 2.7124614e-05 0.022665111 0.2666769 2.4483397e-12 0.71953976 0.88751537 0.9944153 0.00051401654 0.76926136 0.7835523 0.08012848 0.04092371 0.25276184 0.014384098 0.00072459265 0.012165344 0.025399601 0.002086256 0.000115212075 0.0008240316 0.0018824255 0.001254175 0.00046455732 0.0012346101 0.0029301022 0.0002467249 4.4865912e-05 0.015694408 0.00025731509 0.0002957442 0.00019406757 5.389437e-05 1.5666128e-05 7.897651e-06 5.994048e-07 9.0980717e-07 1.0364172e-05 4.4713563e-08 0.000567303 2.0653134e-07 3.4065924e-06 2.8481325e-05 2.7270187e-06 3.7297748e-06 8.247923e-06 7.2232033e-06 5.1363113e-06 1.401757e-06 9.942045e-06 4.5996176e-06 3.1659548e-07 3.6363818e-07 5.58816e-07 9.39649e-06 5.0398007e-06 1.3874668e-05 6.117836e-08 5.154656e-07 1.333653e-06 0.00017656459 5.701521e-06 1.5044193e-06 8.538838e-07 6.9911374e-07 8.495715e-07 6.099326e-07 6.5780378e-06 1.2159243e-05 1.6962699e-06 3.3382238e-07 2.4692847e-08 4.6181285e-07 1.12381535e-08 3.2349928e-07 2.7995142e-07 3.5830482e-07 1.08784874e-07 2.4030512e-06 1.0645003e-06 1.6102375e-07 2.9531777e-06 3.589997e-06 2.6706054e-08 9.706654e-08 1.0408328e-09 2.2560899e-07 1.3387532e-07 1.2280685e-07 3.884345e-06
0.7828261 0.00026729092 2.4327276e-06 0.00032972268 5.950429e-06 0.23085119 0.21750046 0.9845365 0.1417168 0.53261566 0.97776884 0.94215727 4.38095e-05 0.22687909 0.5629839 0.71953976 9.068371e-10 0.6408802 0.6994682 0.003563869 0.47097954 0.78409004 0.12024168 0.05878626 0.59362125 0.24893348 7.250378e-05 0.19918555 0.1632176 0.008211898 4.130428e-05 0.008139807 0.010808903 0.016002113 0.003922891 0.0014859057 0.06211369 0.0005461733 4.8352453e-05 0.72621185 0.00011444289 0.006568315 0.0015155219 0.0011715168 2.8739785e-06 9.383997e-06 2.258879e-08 1.6057388e-06 8.001917e-06 7.9795313e-07 0.00097187574 3.7881287e-07 5.0530764e-07 3.809322e-05 2.1491474e-05 5.6207256e-07 2.537218e-06 0.00011732196 4.121052e-05 5.088247e-07 5.7268968e-05 8.276292e-05 3.9003828e-07 5.30908e-07 2.3548253e-07 1.8850473e-06 2.892005e-05 7.448468e-05 4.5001838e-07 1.6683012e-07 1.1694996e-06 0.00016035337 0.00016395422 5.972519e-05 4.4055792e-08 1.8616898e-06 3.5024794e-08 4.8331497e-08 5.7810405e-05 6.125093e-06 3.4310867e-07 1.021736e-08 1.6629654e-07 1.44773e-06 5.5895604e-09 3.7892923e-07 2.0820777e-07 2.2705876e-06 1.01335615e-07 6.7637407e-06 6.546059e-06 5.4743676e-08 8.897373e-05 2.1558549e-06 4.307045e-09 8.58146e-07 2.9692856e-08 3.021334e-06 4.311689e-07 1.3614976e-09 1.5132471e-06
0.89990276 0.00045319146 0.00038148154 0.0032104247 6.106927e-05 0.6211063 0.060473017 0.24248162 0.79088044 0.9476718 0.7199423 0.0696071 6.1971725e-05 0.028915208 0.9869965 0.88751537 0.6408802 2.995055e-10 0.5623038 0.00044472952 0.6323032 0.94826394 0.70746 0.24774101 0.27760062 0.13343388 0.0066452906 0.017288355 0.077461764 0.007557684 0.00015404116 0.0016652803 0.0020978947 0.0027652464 0.0014756991 0.0065639787 0.008520947 0.0027145809 0.00012271864 0.0042558275 0.0006325765 0.0020593777 0.0007477192 9.8926896e-05 5.2657306e-05 1.14534105e-05 2.3744321e-06 3.7573327e-06 3.1362702e-05 3.8261524e-06 0.007171604 2.070894e-06 2.599655e-05 0.00021676495 4.8227925e-05 1.7626367e-05 1.9869183e-05 5.123858e-05 4.706064e-06 6.780371e-06 3.7291047e-05 2.2818615e-05 1.3062086e-06 7.4521304e-06 3.5442083e-06 4.5069613e-05 3.905896e-05 0.000116089665 5.185339e-07 1.04993005e-05 3.25372e-06 0.0004637696 2.3412063e-05 4.7463876e-05 5.0257718e-06 2.3436773e-05 9.3602e-07 9.748717e-08 9.302051e-06 1.0115642e-05 1.3500005e-06 9.023676e-06 5.191882e-08 1.3831875e-07 3.351326e-08 6.9566768e-06 7.1427445e-07 2.3483205e-06 1.1804967e-06 8.9612484e-05 1.452894e-05 4.1970154e-08 1.1200668e-05 8.6068104e-07 1.2817459e-06 6.3507684e-07 5.127355e-08 7.342282e-07 5.5167146e-08 6.879009e-07 2.5053172e-05
0.4373787 7.7333716e-05 4.0037244e-06 5.136108e-05 1.4986271e-06 0.06420224 0.007006844 0.05877533 0.015627816 0.52622706 0.61866087 0.022913553 4.6187515e-06 0.009094051 0.08918918 0.9944153 0.6994682 0.5623038 2.147346e-11 0.00011325747 0.9971903 0.78435194 0.043087006 0.0141731715 0.5182595 0.18570562 0.00018324128 0.049979772 0.09028035 0.0052881483 1.9498875e-05 0.0012538838 0.0032367383 0.0020883332 0.00086477806 0.0006679321 0.004586639 0.0007136287 8.147261e-06 0.021882627 7.964965e-05 0.0011771753 0.00018340177 5.1589795e-05 6.677664e-06 1.4664034e-05 1.0715742e-06 3.825769e-06 7.0726533e-06 2.7933564e-07 0.00053528894 4.32424e-07 4.5524425e-06 4.4150493e-05 2.0116213e-06 1.8270259e-06 1.0414336e-05 1.825376e-05 7.537709e-06 1.9590757e-06 3.2650485e-05 4.7147943e-05 7.4384644e-07 7.4058204e-07 2.367723e-06 3.5410599e-06 8.24596e-05 1.1347201e-05 5.104646e-07 4.0696972e-07 1.9269162e-06 0.0001197253 5.6164652e-05 1.8047998e-05 1.06232044e-07 1.6248923e-05 5.0276844e-06 2.4941735e-06 4.8065063e-05 1.2501745e-05 3.8795065e-06 9.390048e-08 1.4986692e-07 1.6415745e-06 6.3326544e-09 2.202106e-06 3.928796e-07 5.595738e-07 4.2743872e-07 6.0383786e-06 4.878416e-06 2.944489e-07 2.289234e-06 1.2222314e-05 1.9424688e-07 1.5711267e-07 6.0550434e-08 2.008153e-07 2.6382074e-07 7.368131e-07 1.196911e-05
0.00033978082 0.0018692242 4.3907374e-05 0.0003062154 4.983231e-05 0.0017941479 0.0029597965 0.017235497 0.00074169424 0.0008719223 0.001823836 0.014130047 0.9990636 0.99880224 0.00048179794 0.00051401654 0.003563869 0.00044472952 0.00011325747 4.34192e-12 0.0001849527 0.00027307664 0.00011682378 0.00023024806 3.579493e-05 5.5060475e-05 4.7594058e-05 5.7858666e-05 1.7431701e-05 8.455233e-06 1.0675192e-05 1.1471049e-06 2.0126017e-06 3.7754576e-06 1.9732304e-06 7.249023e-05 0.00014462894 1.5709027e-06 4.256505e-07 0.8115808 2.295826e-06 1.1473695e-06 1.4349268e-07 0.001570389 2.0177754e-06 5.3279587e-07 1.9685201e-08 7.5382395e-08 7.9484147e-07 5.1499586e-07 1.6011858e-05 1.0901729e-07 8.059852e-07 4.3500668e-07 1.15726145e-07 1.838336e-06 3.8457747e-06 6.835632e-07 1.117105e-06 6.6515383e-07 5.493009e-07 2.9138562e-07 4.6934574e-07 5.2899125e-08 2.5542718e-07 4.7337417e-06 4.274132e-08 1.4355475e-06 1.11434964e-07 1.7189727e-06 5.4361573e-09 0.00033017737 2.8059947e-06 3.1374068e-07 3.6955774e-07 4.4190975e-07 6.880476e-08 1.9917815e-08 1.5637938e-06 9.666401e-07 8.806307e-08 5.7060845e-08 1.0910775e-06 3.841466e-07 3.102912e-08 6.203357e-07 6.093715e-07 5.942356e-07 4.34908e-07 2.3924047e-06 9.508182e-07 2.802676e-06 3.4542163e-07 6.026829e-07 7.9857136e-07 8.9599746e-07 3.0859584e-10 3.8487084e-07 2.3222248e-07 1.6715961e-07 1.7105279e-08
0.7184663 5.8207614e-05 3.6211393e-06 1.9698698e-05 2.0565506e-06 0.0066150636 0.0023864198 0.012941572 0.008228227 0.04183856 0.0826065 0.0131565835 2.5273312e-06 0.006349743 0.10151671 0.76926136 0.47097954 0.6323032 0.9971903 0.0001849527 4.647269e-11 0.9505782 0.109600626 0.023881339 0.9847413 0.8153745 0.00014020658 0.09743465 0.47256577 0.012908895 2.7025098e-05 0.004126678 0.008446936 0.00987043 0.0022689046 0.0016561584 0.012128582 0.0011859103 5.7792655e-05 0.009777651 9.755623e-05 0.0036402494 0.00084765145 7.065329e-05 1.11048475e-05 6.75026e-06 2.6708415e-07 1.2904603e-06 2.037236e-05 1.0640273e-08 0.0016847326 8.1799476e-07 2.3471787e-06 7.1533796e-05 1.1157255e-05 1.389349e-06 1.9174397e-05 5.4757493e-05 4.3450214e-05 1.9132776e-06 4.688823e-05 0.00021266518 6.3037385e-07 8.527278e-08 3.06635e-06 1.289537e-05 6.7861125e-05 6.171759e-05 2.5299053e-07 3.019827e-06 6.009525e-07 0.00016339324 3.629581e-05 1.8014345e-05 8.70467e-07 1.1092157e-05 2.155203e-06 7.205896e-07 7.5650496e-05 1.474163e-05 1.6352509e-06 2.1191843e-07 9.889571e-08 8.7325157e-07 5.344186e-09 1.2732821e-06 9.3048584e-07 3.0983322e-06 3.5642321e-07 2.1462215e-06 1.2989825e-06 1.0601949e-07 4.7556555e-06 3.919869e-06 9.048024e-09 1.11747845e-07 1.0261386e-07 1.13663056e-07 1.14501994e-07 1.1183739e-07 3.100997e-05
0.9788125 0.00010242864 6.2650404e-05 0.0006829338 3.6743237e-05 0.037647676 0.0052734376 0.07941285 0.046460208 0.5480114 0.508058 0.04701199 1.01720025e-05 0.014108455 0.46899667 0.7835523 0.78409004 0.94826394 0.78435194 0.00027307664 0.9505782 7.907375e-13 0.4103491 0.09861361 0.90892935 0.92099607 0.0014228229 0.21641979 0.81205475 0.15679047 7.653969e-05 0.009211434 0.011372959 0.035375297 0.0052333325 0.0060765846 0.057506386 0.01111731 0.000109361936 0.010997278 0.00042918068 0.005879341 0.0016018816 0.0005330991 1.406522e-05 2.3814941e-06 6.176268e-07 5.384228e-07 5.7506622e-06 1.0232397e-06 0.02140307 6.3809415e-07 1.8880609e-06 0.00044866512 0.00020890281 1.5319437e-06 9.576037e-06 9.609397e-05 4.659736e-05 1.2394352e-06 3.430645e-05 3.0063748e-05 4.4042122e-07 5.188945e-07 1.2358777e-06 7.830729e-06 3.7211965e-05 0.00012361757 1.14783624e-07 2.7480949e-06 3.9913778e-07 0.00023793241 2.4382312e-05 2.9293284e-05 2.919841e-06 1.5822749e-05 1.92907e-07 8.7651344e-08 1.031664e-05 1.1419599e-05 4.817928e-07 6.712769e-06 3.2230922e-08 2.5003834e-07 4.8945257e-08 3.0367914e-06 7.644835e-07 1.6848708e-05 2.1605558e-06 1.2414373e-05 5.68495e-06 1.7573079e-07 1.0514892e-05 2.5755592e-06 4.026966e-07 2.799613e-07 6.309076e-08 3.0977398e-07 3.2633686e-08 4.6027807e-08 3.0985466e-05
0.99778503 0.021706818 0.008995821 0.22347899 0.0019281884 0.35352835 0.9330327 0.050883062 0.71957076 0.4049001 0.26899356 0.009455123 0.00019437839 0.009613714 0.9750799 0.08012848 0.12024168 0.70746 0.043087006 0.00011682378 0.109600626 0.4103491 4.3765547e-10 0.88486856 0.028054291 0.058517218 0.1844325 0.002813216 0.041442502 0.0053117243 0.0039704842 0.004598313 0.0026516737 0.015682273 0.0040868907 0.06227859 0.001032643 0.010137362 0.0048585073 0.00043712513 0.007820652 0.0176308 0.0073628426 5.3677035e-05 0.00073967216 0.000393562 0.00042809537 0.00010855662 0.00030085965 0.00014986329 0.024861487 0.00010635354 0.00021499932 0.0013936739 0.00034645695 0.00012814795 0.00023357972 0.0017130341 3.873604e-05 7.8325706e-05 0.0010338309 0.00042912012 1.467226e-05 3.0130411e-06 6.2907195e-05 0.00019624621 0.0002015833 0.0005613909 8.007765e-06 0.00013041835 3.1031388e-05 0.0021321767 0.0012864055 0.00073823286 3.2263815e-05 0.0003509605 1.4017716e-06 8.209956e-06 3.0338895e-05 0.00037798114 2.029701e-06 0.00010984788 1.1004626e-06 4.8207207e-06 2.9758035e-06 1.6648379e-05 2.1980137e-05 0.0010469266 2.8599183e-05 0.00034672336 1.00214165e-05 4.3175305e-06 0.00060730387 4.3355176e-05 8.7374804e-07 1.7938844e-05 1.0132513e-06 1.8710485e-06 1.4615128e-07 1.114347e-06 1.979019e-05
0.9987747 0.22704713 0.0813408 0.87097716 0.012517971 0.2827374 0.971185 0.042135794 0.5124897 0.17044124 0.11795216 0.009721575 0.0014109348 0.01571186 0.6984925 0.04092371 0.05878626 0.24774101 0.0141731715 0.00023024806 0.023881339 0.09861361 0.88486856 9.909277e-13 0.00869277 0.0069259875 0.74558467 0.0017338194 0.015127395 0.0052469727 0.021958852 0.0034663263 0.0022792462 0.0021898916 0.0025554444 0.36840197 0.00064326293 0.0006115717 0.036803856 0.0008209497 0.052321326 0.0017144755 0.0008896291 1.2685739e-05 0.0035394006 0.0012968109 0.0003735435 9.5081465e-05 0.0009924786 8.091993e-05 0.017986203 0.0002499403 0.00036024634 0.00089007086 0.00015631066 0.00035228874 0.0009377691 0.00036907048 3.3746535e-05 0.0003569287 9.426167e-05 7.032765e-05 0.00011748644 1.1681051e-06 0.00026364432 0.001228862 7.622885e-05 0.00014761701 3.9574476e-05 0.0010244902 2.1895363e-05 0.014057968 4.333893e-05 0.00012191098 0.00036242837 0.00012589066 1.0282783e-05 2.5198347e-06 2.3970454e-06 0.00030931833 8.3276e-06 0.0007604501 1.4114495e-07 1.322689e-06 1.1717385e-05 0.00018986074 0.0002065017 0.00024839002 0.0003298381 8.5645195e-07 1.6360411e-07 4.5049483e-06 8.439768e-05 3.345982e-05 6.9326748e-06 1.07216465e-05 1.6625968e-08 2.6865048e-06 2.6643085e-07 2.3129937e-06 0.00025337315
0.51737577 8.600624e-05 4.1045373e-06 2.5159072e-05 4.302461e-06 0.0057249065 0.0012397763 0.013086532 0.011122943 0.0065901536 0.052648623 0.021945119 6.1730475e-07 0.010124025 0.047395896 0.25276184 0.59362125 0.27760062 0.5182595 3.579493e-05 0.9847413 0.90892935 0.028054291 0.00869277 3.3431934e-11 0.9996231 0.0005761178 0.7126939 0.7527219 0.7794096 1.576939e-05 0.33541495 0.5309165 0.14883377 0.094284266 0.00093610625 0.11361163 0.08792209 1.6756647e-05 0.047992945 5.118051e-05 0.015124106 0.0019418283 0.0003565356 4.8910497e-06 2.286908e-06 5.978317e-08 2.556458e-07 9.141837e-07 1.2434337e-07 0.023196716 1.06239945e-07 1.550154e-06 0.0004698909 6.522768e-05 4.581377e-07 1.5426959e-06 0.00011986045 3.244296e-05 2.485766e-07 7.7716315e-05 0.000120610246 1.1703392e-07 2.803709e-07 1.0887288e-07 3.6070255e-06 0.000121559446 9.2994655e-05 4.208189e-08 1.436415e-07 6.840132e-07 0.00012762778 5.34793e-05 7.8373305e-05 1.7843798e-08 3.6310626e-05 6.762044e-08 8.859883e-08 2.320775e-05 1.0581616e-05 4.5551155e-07 8.182339e-08 1.952225e-08 3.545212e-08 4.7199085e-09 1.2520829e-06 3.841435e-08 2.4620401e-06 1.6947878e-07 1.3810932e-05 5.151828e-06 1.4068405e-08 1.9859244e-06 2.7713224e-07 1.17171215e-08 3.1986996e-08 6.586342e-08 3.067429e-08 2.3186432e-08 2.4192483e-08 6.1329956e-06
0.82222986 2.7749906e-05 9.172804e-07 4.6748987e-06 1.2979694e-06 0.0012171252 0.00079619273 0.002042725 0.003293806 0.00078075833 0.007977319 0.006280843 3.939954e-06 0.0031794682 0.022477167 0.014384098 0.24893348 0.13343388 0.18570562 5.5060475e-05 0.8153745 0.92099607 0.058517218 0.0069259875 0.9996231 3.6150263e-11 0.00021186318 0.4814979 0.9381689 0.6665787 1.013885e-05 0.68185407 0.78501475 0.6473377 0.37535432 0.0012650868 0.08552556 0.051115874 6.284052e-05 0.02168655 4.7887443e-05 0.11241985 0.009952557 0.00036984248 5.6335703e-06 1.8375472e-06 1.205943e-07 2.9829792e-07 3.5095513e-06 8.811852e-08 0.025769593 1.1103101e-07 9.1034696e-07 0.0010177966 0.00032921054 6.905037e-07 3.981647e-06 0.00029316102 6.406747e-05 1.7796577e-07 0.00011329203 0.00023725534 6.8618654e-08 1.7807197e-06 1.4569468e-07 3.956774e-06 0.00017339028 0.00037672266 2.876778e-08 6.937241e-07 1.2114252e-07 0.0001637767 0.00033417423 0.00015892125 4.816575e-08 0.00013617544 3.954427e-08 2.9779932e-07 4.6619985e-05 0.00015251216 1.9837732e-07 1.357353e-07 9.60448e-08 4.3456154e-08 1.4965511e-09 1.8419168e-07 1.4548266e-07 9.359362e-05 5.906583e-08 1.6304059e-05 4.594431e-06 5.9077884e-08 5.4083695e-05 3.6541357e-07 2.994053e-08 1.57716e-07 1.6339547e-07 5.835487e-08 1.0019701e-08 4.0809343e-08 2.6361278e-05
0.8918773 0.06151055 0.3409769 0.8966637 0.0060554114 0.048078816 0.5292519 0.00047935444 0.03190744 0.0010783346 0.0006551274 1.1706517e-05 0.0011833537 5.148069e-05 0.021613201 0.00072459265 7.250378e-05 0.0066452906 0.00018324128 4.7594058e-05 0.00014020658 0.0014228229 0.1844325 0.74558467 0.0005761178 0.00021186318 1.10118435e-07 0.0001287062 0.009570783 6.3037216e-05 0.9961031 0.0005850854 0.00043008907 0.0026346236 0.00037205845 0.96981674 1.2671351e-05 5.8894448e-06 0.90684754 4.681312e-05 0.5043427 0.0005147823 0.000277902 1.0921581e-06 0.02876485 0.03328619 0.04828336 0.0026441712 0.01517824 0.00798321 0.0003213226 0.002025534 0.0018002815 1.1535867e-05 4.745204e-06 0.00063380215 0.001962019 0.00025673612 4.8903665e-05 0.0006688557 2.0892501e-05 6.0175596e-05 0.00015226351 3.5159396e-06 0.00011751894 0.00051732553 4.2505184e-05 0.00015272204 1.6512142e-05 0.000679725 8.372397e-05 0.0038101035 0.000114164475 1.309572e-05 0.00086225604 3.436821e-07 2.0781898e-05 5.23674e-05 4.2109736e-05 2.8582768e-05 1.743536e-05 0.0005468694 3.5243324e-06 6.3264347e-06 2.709094e-06 0.00018984647 0.00014649492 0.00020750577 9.772132e-05 2.397953e-06 2.3578635e-07 4.6896812e-07 2.5836e-05 3.1579862e-06 1.4651341e-07 5.871008e-07 1.35114275e-08 6.3931236e-07 3.6395596e-07 1.1184443e-07 0.00067209563
0.6066177 0.00012346372 4.0263803e-06 3.6927453e-05 9.6951735e-06 0.0017127563 0.0020314546 0.00084446446 0.0032922088 0.0009797075 0.0028887922 0.023320034 1.3350782e-06 0.0075325645 0.010054804 0.012165344 0.19918555 0.017288355 0.049979772 5.7858666e-05 0.09743465 0.21641979 0.002813216 0.0017338194 0.7126939 0.4814979 0.0001287062 2.1839334e-12 0.3916795 0.9959286 2.3810593e-05 0.06325713 0.38095462 0.038983587 0.0224677 0.00024947207 0.99492645 0.7043217 9.249276e-06 0.79727316 4.8482154e-05 0.004761753 0.0042993715 0.04533929 1.7258882e-06 2.1754506e-06 3.147001e-08 1.3247384e-07 8.302252e-07 2.2219983e-05 0.020014256 8.747481e-08 1.6127924e-06 0.00044426642 0.00015411388 7.6967e-07 4.4854232e-07 4.682732e-05 0.00026089404 1.6243018e-07 2.0608551e-05 9.00621e-05 5.1277166e-08 4.0103978e-07 2.0475824e-07 7.790569e-07 3.0125972e-05 0.00053672737 7.88315e-08 1.0988448e-07 1.8366404e-07 0.00020709792 3.691266e-05 2.696046e-05 2.8727532e-08 7.4881355e-06 2.0627947e-08 8.127324e-08 0.00013845885 3.6661222e-05 2.6022448e-07 6.487323e-08 1.0628427e-08 3.7548304e-07 5.6164597e-09 8.2330484e-07 5.855945e-07 7.6116726e-06 2.8234575e-07 4.1880176e-05 6.021128e-06 2.465689e-08 1.08142e-05 1.396021e-07 8.132581e-08 5.500909e-07 4.6406065e-08 2.0728689e-07 3.594625e-08 3.436321e-08 8.2982075e-07
0.9993808 0.00022926621 1.9219819e-05 0.0028507046 4.7508547e-06 0.0035431664 0.0036598889 0.0034388672 0.009636938 0.010018432 0.02595327 0.0038412793 8.891269e-06 0.0017683996 0.035079982 0.025399601 0.1632176 0.077461764 0.09028035 1.7431701e-05 0.47256577 0.81205475 0.041442502 0.015127395 0.7527219 0.9381689 0.009570783 0.3916795 1.3243485e-10 0.79452324 0.000102247606 0.82207143 0.77141994 0.96957827 0.840403 0.017154658 0.053632565 0.5477947 0.0005610302 0.0010092612 0.0027137643 0.21122989 0.13552536 0.00043533047 0.00026466686 3.1726646e-05 9.76609e-06 8.271072e-06 5.6788245e-05 8.40315e-06 0.32020235 6.704618e-06 2.9442956e-05 0.020484228 0.0032279224 4.6618607e-05 0.00020416928 0.0066521578 0.0002576859 4.4001317e-05 0.0037792365 0.0017520451 1.3793926e-05 3.7709667e-06 1.072541e-05 0.00025203178 0.000593277 0.0041123345 1.5375788e-06 9.4727126e-05 3.0593544e-06 0.0012481482 0.0006186668 0.00083594205 1.7905704e-05 0.0003354716 4.0956743e-07 3.2587738e-07 5.345569e-05 0.00026357896 9.574644e-07 9.360718e-05 1.8278284e-07 2.647109e-07 3.7794794e-07 3.4222798e-05 2.2900125e-05 0.00034723655 2.2662683e-05 0.00012334569 8.325678e-06 5.341889e-07 2.0478463e-05 5.4640873e-06 1.1408916e-06 1.0516883e-06 4.5241995e-07 8.7115376e-07 9.2435705e-08 2.452527e-07 2.3843904e-05
0.6532589 7.215228e-05 9.421479e-08 1.383158e-06 1.693217e-06 0.00060487335 0.0009759294 3.6175963e-05 0.0016286949 0.00017355074 0.0002834845 0.00052746397 1.400788e-06 9.605356e-05 0.0040190667 0.002086256 0.008211898 0.007557684 0.0052881483 8.455233e-06 0.012908895 0.15679047 0.0053117243 0.0052469727 0.7794096 0.6665787 6.3037216e-05 0.9959286 0.79452324 2.6221763e-11 5.688421e-06 0.5133176 0.9676048 0.31774387 0.26803818 0.0006497515 0.3179331 0.9736137 8.047514e-06 0.1027806 0.00012758824 0.148077 0.11272531 0.004038554 6.371975e-06 3.7628981e-06 1.883775e-08 3.4495187e-07 3.7015225e-06 6.333237e-08 0.052877635 1.452193e-07 1.0822687e-06 0.0008744158 0.000314039 4.178837e-07 1.6471603e-06 0.00022084471 0.00015171096 7.0779936e-07 0.00010973836 0.00044606053 1.4395802e-07 9.258286e-08 9.849512e-08 7.443152e-06 0.0001335212 0.0002605452 6.1120396e-08 1.5202074e-06 4.7267037e-08 0.0002345373 0.000972843 7.544329e-05 9.958166e-08 4.1596963e-05 1.401241e-08 2.5246427e-08 0.0004579272 5.6779416e-05 6.936398e-08 2.8513665e-07 6.4421646e-09 5.295791e-07 1.1014567e-08 6.387913e-07 2.9229628e-07 6.397862e-05 2.1465807e-07 1.5841606e-05 8.588128e-06 3.1669722e-09 2.2916358e-05 8.7921755e-08 3.912554e-09 1.09373666e-07 3.155847e-07 6.3141925e-08 1.1172923e-08 1.4138285e-09 2.498161e-06
