1.7742665e-15 0.9943164 0.61628115 0.9938216 0.9974677 0.9515678 0.9265838 0.9864571 0.9990849 0.942111 0.97595847 0.97788006 0.99671906 0.869352 0.94213593 0.91311246 0.95020235 0.95094806 0.8258722 0.99845964 0.6439781 0.97691756 0.34980085 0.51538694 0.9458964 0.9125302 0.75124514 0.7134477 0.98817664 0.88712823 0.96911395 0.67327595 0.0112530785 0.77555865 0.64698213 0.22383101 0.97960055 0.6008527 0.16984826 0.8707017 0.9999653 0.9815449 0.32789445 0.92762744 0.99988955 0.16557679 0.9429737 0.97105604 0.6866483 0.90179586 0.112370394 0.042001273 0.0006589405 0.9328951 0.9791408 0.7262396 0.84143335 0.99589974 0.8037675 0.07284685 0.039902773 0.0009640744 0.7848447 0.43467867 0.6104292 0.20325112 0.5731728 0.0006282074 0.5892222 0.93500763 0.749565 0.7363453 0.99978757 0.8071681 0.80052954 0.71880597 0.45773667 0.032988008 0.14001384 0.5689274 0.0055538756 0.3536368 0.36694318 0.44166723 0.042338282 0.20850666 0.080811776 0.25051206 0.032458503 0.41410315 0.035138052 0.09908983 0.48410362 0.010433539 0.06418942 0.1493366 1.6410682e-05 0.035740376 0.6325607 0.9995767 0.0076183
0.9943164 1.1012219e-11 0.99977195 0.19028443 0.082762994 0.09688453 0.030159885 0.92866427 0.066902444 0.0064002373 0.09405634 0.019649241 0.004994345 0.0017296113 0.003095807 0.0009959241 0.0050648153 0.00064045173 0.0020042253 0.00091746636 0.017121546 0.00059773 0.12588023 0.0030537886 0.00018656444 6.350006e-05 0.0004568768 2.9838042e-05 0.0038166572 0.026732683 0.0020395678 0.016858174 0.00026212432 0.00024118219 0.00010344123 6.913031e-05 0.024090447 1.8038621e-05 0.001830545 1.106683e-05 0.0026756534 0.0011816103 0.0013345315 0.04859614 0.12477078 1.772182e-05 6.800021e-05 0.00028465048 2.3648898e-05 2.7219043e-05 0.028675547 5.469773e-05 1.4436829e-05 0.00011719403 1.4470295e-05 0.0007713014 1.5085873e-06 0.00028664622 7.110679e-05 4.9131784e-05 9.4022944e-05 0.00010387511 4.601278e-05 2.0139123e-05 3.1776535e-06 0.00024842034 0.000178487 4.9622508e-05 3.619094e-05 0.00073585985 3.2831205e-05 1.1757824e-06 0.002307727 4.2393815e-05 0.0003386439 0.00037164634 7.7661116e-07 1.8055805e-06 1.1865945e-05 8.136863e-08 0.0042775525 8.950115e-06 0.0001563421 2.4268591e-05 0.00018311673 8.092529e-06 1.8305403e-06 0.0064032534 4.1322324e-05 0.0021340055 2.6413468e-07 3.5763826e-06 0.007535431 0.00030254052 6.9944247e-07 0.000726748 0.00013076582 2.5131076e-06 1.3889661e-06 8.950017e-05 2.8311315e-05
0.61628115 0.99977195 2.0601366e-12 0.25970665 0.071011886 0.65859896 0.20868593 0.8201024 0.029028974 0.005143047 0.060153518 0.007859033 0.004652006 0.0016504059 0.012650597 0.0034211574 0.0022731996 0.002002989 0.00076202827 0.0010299383 0.13944046 0.00041862784 0.97300863 0.052590072 0.0008993303 0.00020662819 0.00030656983 0.00010178401 0.0024302097 0.005792235 0.010407492 0.017528089 0.003675035 0.0029757638 0.00019786897 0.0009113212 0.0012073126 0.00010875111 0.0015122707 3.3921355e-05 0.0033311374 0.0004289587 0.0076832264 0.0018067529 0.008807186 0.00012427742 0.0001226467 9.764149e-05 0.00018087326 0.00014607514 0.24464974 0.00011800421 0.00020758157 3.748276e-05 3.8453076e-05 0.00045241916 8.798971e-06 6.109863e-05 2.0479283e-05 3.659496e-05 6.974809e-05 0.00044833342 7.929869e-06 2.9751096e-05 8.153297e-05 3.537892e-05 1.4394751e-06 0.0001594082 8.434157e-06 0.0001561143 1.1592349e-06 4.2233346e-06 0.00017152916 4.0257164e-06 0.00049695704 0.00012570496 7.336924e-06 2.852059e-06 1.9566176e-05 3.5200713e-07 0.80408984 3.035632e-05 0.00015505239 1.9214713e-06 0.00010349381 3.5874505e-06 2.69907e-06 0.00075230654 2.0365142e-06 0.0006344056 1.5411733e-05 2.352093e-06 0.00026185747 8.6665295e-06 1.3431415e-06 4.9332222e-05 0.00019098668 1.2107427e-07 1.2107744e-06 5.129994e-05 1.618156e-05
0.9938216 0.19028443 0.25970665 4.96567e-12 0.91858673 0.9736693 0.9531254 0.04794025 0.15906732 0.05843895 0.0010797363 0.016302248 0.0048274845 0.005570909 0.6230918 0.40412843 0.0025727781 0.29289868 0.0025268316 0.0004931442 0.28769115 0.0006459675 0.059721056 0.31641898 0.031741746 0.0002082625 0.0010004205 0.00033579505 1.6505845e-05 0.00010880548 0.53613704 0.00031970468 0.0010922836 0.20524964 0.004687024 0.032855917 1.2495308e-05 0.0018184531 2.9602284e-05 0.00092974224 0.00018203615 2.1992917e-06 0.13593452 0.00010198817 0.0012514682 0.008190351 3.3126184e-05 9.860688e-06 0.01009165 0.0001312924 7.957381e-05 0.0014710111 3.3751396e-05 7.622191e-06 2.218241e-06 1.2190464e-05 4.7818304e-07 1.3928256e-05 1.6707285e-06 0.0005030409 3.349361e-06 8.995652e-05 1.1554882e-05 5.4258535e-06 1.3927909e-05 4.7394624e-07 2.3887046e-06 7.863219e-05 2.2054858e-06 1.3420213e-06 5.8191785e-07 1.0200275e-06 3.13534e-05 1.6206364e-07 1.7280614e-05 9.2467576e-07 6.0692466e-05 1.1255395e-05 3.2472954e-07 7.3950325e-08 0.00032400768 9.7438e-06 0.00023310662 2.8725754e-06 2.3120347e-06 1.4338468e-06 1.864546e-07 2.7576683e-05 8.5562743e-07 5.1580028e-06 5.099546e-07 6.8254434e-07 2.07279e-05 1.8419254e-07 1.4778271e-07 1.8790704e-06 1.8833948e-07 3.330317e-08 6.6316176e-07 9.323499e-06 4.442634e-07
0.9974677 0.082762994 0.071011886 0.91858673 1.1254975e-11 0.83025694 0.8794696 0.045677878 0.61265516 0.52653337 0.0012503541 0.031362783 0.0086875735 0.04080521 0.9192373 0.87689924 0.0056484966 0.77190816 0.025607347 0.0024618981 0.25899047 0.002446926 0.006824257 0.39261305 0.30863288 0.0016977201 0.0122751305 0.004189474 2.0790836e-05 8.3257706e-05 0.784809 0.00019879427 0.00066803425 0.49763578 0.039364584 0.10703631 1.2307042e-05 0.012488156 4.6772555e-05 0.0065099476 0.00065078 2.8085865e-06 0.27071074 8.317604e-05 0.0012503719 0.046275448 0.00063987996 5.848912e-05 0.07613219 0.0024724437 5.39513e-05 0.0036691886 2.1372642e-05 2.6309566e-05 2.1486394e-05 4.421007e-05 3.4447603e-06 1.4337204e-05 1.0215954e-05 0.0022954375 3.2756525e-05 0.00022220374 2.4945577e-05 6.506837e-05 0.00048078722 2.8875388e-06 3.821065e-06 0.00015595419 1.6270058e-05 1.3537533e-06 7.4614322e-06 5.1220427e-06 3.082528e-05 1.2915007e-06 3.9800507e-05 9.897077e-07 0.00017278234 3.6657868e-05 1.2891097e-06 3.8191104e-07 0.00023316241 7.7632685e-05 0.0013775278 3.1247146e-06 6.3965476e-06 1.681369e-06 5.6915574e-06 7.7350676e-05 2.355223e-05 2.7611208e-05 8.20844e-07 1.3105833e-06 1.5365813e-05 1.6302356e-06 5.9598705e-07 3.573686e-06 1.7275927e-06 1.9247827e-07 6.490847e-07 1.7965105e-05 1.0578706e-06
0.9515678 0.09688453 0.65859896 0.9736693 0.83025694 7.012434e-12 0.9866044 0.01795496 0.08472137 0.015032981 0.00034170816 0.019431833 0.0044408827 0.0054177986 0.092941955 0.029989341 0.0036988833 0.011797896 0.002319367 0.00045469933 0.9133942 0.0003924962 0.7501536 0.9020131 0.0035248536 4.974252e-05 0.00021320985 2.1152975e-05 7.3931847e-06 4.594113e-05 0.40297854 4.5147648e-05 0.017932184 0.25341147 0.0006574328 0.03435061 5.9821778e-06 5.9344224e-05 2.396612e-05 1.4998446e-05 8.370034e-05 5.624629e-07 0.34856716 8.819082e-06 0.00036808487 0.0068124877 2.9705889e-06 2.4108629e-06 0.002354682 1.5354519e-05 1.7179427e-05 0.00091582607 5.9603422e-05 6.5062983e-07 5.096026e-07 6.7736977e-07 4.8302002e-08 1.2085629e-06 2.8091046e-07 0.00015309112 3.5396854e-06 0.00013148814 9.1453636e-08 1.5041167e-06 3.4939292e-06 3.6771272e-07 6.30886e-08 0.00021703448 1.24775e-06 1.6683012e-07 2.6193075e-07 1.1498769e-06 3.290255e-05 6.115282e-08 8.2272174e-07 9.925797e-08 1.7493136e-05 5.7933007e-06 9.482926e-07 1.7209508e-08 0.011871726 5.7930406e-06 2.8484314e-05 3.2873785e-07 1.937859e-06 1.2802848e-06 2.5314836e-07 1.1018387e-05 2.2945803e-06 2.9219077e-06 1.7284233e-06 4.8902166e-07 5.1008894e-05 1.9210445e-06 7.151725e-08 2.979121e-07 7.653194e-07 1.4489932e-07 4.078332e-06 8.448551e-06 5.5672916e-07
0.9265838 0.030159885 0.20868593 0.9531254 0.8794696 0.9866044 3.165924e-11 0.0018058905 0.146324 0.06045473 0.00015275774 0.028892087 0.0111765815 0.008765872 0.69883746 0.16289507 0.009396562 0.054159347 0.0049933144 0.0019296728 0.9406425 0.0009177067 0.39871204 0.96030647 0.008222975 0.00033019466 0.0010294365 0.00015975091 4.7430053e-06 3.2032833e-05 0.67480296 4.9700702e-05 0.020495443 0.33670813 0.002879976 0.06797107 3.7439268e-06 0.00030879962 1.060193e-05 0.00011723237 0.00074697763 4.3693214e-07 0.5801463 1.236795e-06 0.00015280713 0.017161809 7.148735e-05 6.0151327e-05 0.007978981 0.00015185964 8.121831e-06 0.002349784 0.000105553474 1.9587816e-05 1.677742e-05 2.370649e-06 8.34886e-07 3.2922322e-05 1.2549778e-05 0.00043294195 1.083356e-06 0.0049459366 3.7073198e-06 8.807265e-06 2.0172627e-05 7.972439e-08 1.7436015e-06 0.0007665967 4.0383284e-06 3.323751e-07 3.5691971e-06 8.225967e-06 7.4869286e-06 3.1908932e-08 1.708926e-05 3.3590743e-07 0.00013651246 3.7715832e-05 4.6863994e-07 6.45016e-08 0.004205344 9.915656e-06 0.000114358 6.7841415e-06 8.641172e-07 4.8969864e-06 1.7700977e-07 7.4988616e-06 7.833964e-06 5.2555214e-07 3.5281491e-06 2.2645995e-06 2.0304435e-05 4.226959e-07 2.645433e-07 6.274814e-08 1.0645583e-06 7.5303944e-08 3.671446e-06 0.0001574621 8.652139e-07
0.9864571 0.92866427 0.8201024 0.04794025 0.045677878 0.01795496 0.0018058905 3.128749e-10 0.079402395 0.0047798795 0.9959018 0.025142808 0.017684644 0.001569683 0.00039135132 0.000100061225 0.0048237196 0.00023044756 0.0010199926 0.0022960256 0.00048747953 0.00044201055 0.0039302753 0.00054557726 6.0538754e-05 0.00011720509 0.0001886407 1.7228796e-05 0.06657455 0.22329214 0.00013769105 0.85122865 2.3505423e-05 1.3559506e-05 6.9570083e-06 5.2009096e-07 0.050127156 3.0237192e-07 0.10968712 1.2643353e-06 0.013254911 0.01050508 0.00018997361 0.013733572 0.0290308 1.1512315e-05 7.314864e-05 0.00094919617 8.110097e-06 5.397044e-05 0.84140736 2.5233433e-06 9.752273e-07 0.00084694044 3.78454e-05 0.0095326705 3.626043e-06 0.0005458544 0.00044491465 9.111273e-06 0.0009069562 1.2427013e-05 0.00020653127 0.00013261473 1.7956338e-05 0.0010460473 0.00048908027 3.7905668e-06 0.00013861331 0.0005427859 0.0001950026 4.3120348e-05 3.5476933e-05 0.00026584545 0.0011660691 0.00025100945 9.558897e-05 1.4791815e-06 8.310214e-05 1.4928243e-06 8.749655e-05 1.7454407e-05 0.00036180104 1.8118792e-05 0.0023434246 3.8307397e-05 0.0001484849 0.0030229664 5.6843026e-05 0.0012339628 0.00017365522 2.6345606e-06 0.00035491958 0.00021856072 4.185436e-06 0.0001534829 3.807873e-05 5.4027987e-06 3.1029422e-06 0.0003188828 1.3947515e-05
0.9990849 0.066902444 0.029028974 0.15906732 0.61265516 0.08472137 0.146324 0.079402395 7.053936e-13 0.98686004 0.005156218 0.9045577 0.7608297 0.882173 0.25667265 0.34234828 0.5374538 0.46971995 0.47453323 0.016412513 0.0091638435 0.017919945 0.00032554363 0.024404362 0.5056558 0.1790871 0.10562309 0.091243066 0.0004221122 0.0003685399 0.17580162 0.00018319883 6.722632e-05 0.06292212 0.062217876 0.018686267 0.0001536276 0.05221706 6.589581e-05 0.08764756 0.0005456347 7.4723306e-05 0.024135644 0.0015068705 0.010618552 0.020886006 0.007768539 0.00014566767 0.14067383 0.012605855 2.5171359e-05 0.0010259538 4.3056757e-06 6.7580964e-05 0.00084884674 0.00027529558 0.000121489335 2.1254242e-05 0.00011111465 0.003880556 2.4531539e-05 2.1541051e-05 5.374009e-05 0.0005967361 0.0012078399 1.3220098e-05 4.578193e-05 4.876037e-05 0.00026609175 2.3027014e-05 3.385378e-05 1.0335646e-05 8.2049424e-05 5.195699e-05 7.320211e-05 8.258391e-06 0.003155694 0.00018565464 1.6411644e-06 8.541974e-07 1.2014683e-05 4.4840457e-05 0.00041771302 4.3678344e-07 9.446929e-05 3.1042694e-07 1.0734762e-05 0.0012747311 2.6930602e-05 0.0027772463 2.204447e-06 1.7398683e-07 7.1708375e-05 2.7387337e-06 1.3843186e-07 7.887658e-05 3.2065842e-07 1.052226e-06 4.7019944e-06 3.631123e-06 2.5972304e-06
0.942111 0.0064002373 0.005143047 0.05843895 0.52653337 0.015032981 0.06045473 0.0047798795 0.98686004 4.70469e-10 0.00032524232 0.71468407 0.24661818 0.9825799 0.27868527 0.35978913 0.7403442 0.62430316 0.8923384 0.0076314905 0.0046660155 0.0063776444 2.6360776e-05 0.017391212 0.7707625 0.20877363 0.40011257 0.19659398 1.4546576e-05 4.2037074e-05 0.16681892 6.270241e-05 2.3961873e-05 0.13947597 0.2133027 0.024740094 5.10366e-06 0.20650783 1.07698625e-05 0.29691443 0.00037019636 2.3325204e-06 0.016459592 1.1403765e-05 0.00044043493 0.047028877 0.0016452915 6.3616375e-05 0.35000336 0.0058226744 1.8811252e-06 0.0036801978 1.2701919e-06 2.1774338e-05 7.911155e-05 8.325305e-06 1.6549711e-05 7.5382263e-06 1.3156332e-05 0.008919411 4.1633452e-06 4.1366562e-05 6.070905e-06 0.00011074153 0.00062889745 8.5133144e-07 3.4117752e-06 0.00017318618 6.0693903e-05 1.7918762e-06 1.3601929e-06 4.0486093e-06 7.224616e-06 7.9771354e-07 1.962594e-05 3.4626333e-07 0.012761166 0.00060304085 9.964233e-07 2.2514259e-07 1.0027584e-05 4.7376823e-05 0.0010855342 1.1706494e-07 3.93035e-06 1.0241253e-06 3.3585425e-07 5.115855e-05 1.5103746e-05 4.5125562e-05 2.7458184e-06 4.7645597e-07 5.918515e-06 1.6076832e-06 1.2103095e-07 6.307536e-06 3.9887865e-07 9.977298e-07 3.5151386e-06 2.2758632e-05 3.369934e-06
0.97595847 0.09405634 0.060153518 0.0010797363 0.0012503541 0.00034170816 0.00015275774 0.9959018 0.005156218 0.00032524232 5.2966156e-12 0.0022285401 0.0011776538 0.00016695833 3.2454933e-05 3.0884612e-06 0.0006536346 8.433336e-06 0.00010292205 0.0005740022 1.3232675e-05 0.00010723911 0.0001674961 6.222188e-05 4.4974445e-06 9.887817e-06 2.4992272e-05 1.5862989e-06 0.69692296 0.85733396 1.974617e-05 0.9723263 6.2094214e-06 4.5751317e-06 4.965114e-07 3.5606138e-07 0.088065125 1.829679e-07 0.30739924 2.461431e-07 0.0030872822 0.0136209475 5.3402005e-06 0.03893159 0.04159819 1.9046229e-06 2.5352963e-05 0.00050585135 8.5848654e-07 2.316494e-05 0.48970094 1.1366615e-06 4.9944518e-08 0.0003819319 2.2362776e-05 0.14209712 1.9417566e-06 0.0006997715 4.1603547e-05 3.0476437e-07 0.0037385162 6.896926e-08 0.00021685055 1.1640202e-05 2.984244e-06 0.0040135765 0.00019352439 2.3214708e-08 1.0501054e-05 0.0020489001 1.9594092e-05 1.6653272e-05 0.0002669361 0.004771818 0.00084599596 0.0003658367 3.1442903e-07 1.179241e-08 0.00034686504 2.9547084e-07 1.4939146e-05 1.411916e-06 3.1054822e-06 5.690242e-05 0.017668074 1.7749222e-05 2.566574e-07 0.0032101567 4.672127e-06 0.0051781517 1.3916079e-05 9.168235e-06 0.0006289508 0.002295247 3.8089354e-06 0.0059390967 0.00037147308 1.0074153e-06 2.1172007e-05 0.00057629886 7.570166e-05
0.97788006 0.019649241 0.007859033 0.016302248 0.031362783 0.019431833 0.028892087 0.025142808 0.9045577 0.71468407 0.0022285401 2.7217129e-10 0.98948747 0.75452596 0.043397605 0.065619476 0.9637606 0.14301954 0.52806234 0.58940214 0.0019609928 0.45084158 6.263482e-05 0.0069875023 0.43624648 0.7177253 0.386345 0.368671 0.00037272062 0.000360297 0.049427588 0.0002289931 1.7539642e-05 0.02536558 0.087348394 0.0040097428 0.00020176831 0.14970173 8.013881e-05 0.49621075 0.0032921084 9.5060066e-05 0.0006140168 0.0006609483 0.005688484 0.011461246 0.12064632 0.0017024991 0.19328904 0.1772313 8.1215563e-07 0.00031261312 3.4373309e-06 0.001287132 0.046978854 0.00012738361 0.004759937 0.0001962479 0.0009573138 0.005152305 1.3333713e-05 1.0397813e-05 0.00028202243 0.007883542 0.011166135 9.564902e-06 0.00026777084 2.5553563e-05 0.0036764198 2.846623e-05 0.0002933568 0.00017261022 0.000103715145 3.660152e-05 0.00045169983 3.8340527e-06 0.065311894 0.0029164336 8.244824e-06 1.3989746e-05 2.238534e-06 0.0007283127 0.012280512 1.070756e-06 0.00011628136 9.1170095e-06 4.7273556e-05 0.0014694786 0.00022864612 0.0016258929 2.7801454e-05 1.5502322e-06 9.293047e-05 4.7061844e-06 1.4033927e-06 0.000117733085 1.2748557e-06 2.394193e-05 5.7779343e-06 0.00013193279 1.5553689e-05
0.99671906 0.004994345 0.004652006 0.0048274845 0.0086875735 0.0044408827 0.0111765815 0.017684644 0.7608297 0.24661818 0.0011776538 0.98948747 7.211037e-11 0.46930015 0.016273443 0.025095364 0.912435 0.065326445 0.2684688 0.747956 0.00084160664 0.41222942 2.139289e-05 0.0021703737 0.23262982 0.5325143 0.2081922 0.19274925 0.00017685562 0.0003398163 0.014088621 0.00016438274 1.4549225e-05 0.008524873 0.04594942 0.0018789388 0.00023861705 0.08061614 3.579162e-05 0.2953212 0.0072840233 0.000108753506 0.0002276153 0.0015829835 0.010168191 0.006070778 0.10159865 0.003166586 0.08208756 0.15621737 2.284471e-06 0.0003114977 9.123459e-07 0.0018206004 0.025822872 0.0001051225 0.0025894942 0.00019816018 0.0010051256 0.0027335938 2.8059694e-05 6.336894e-06 0.00045153915 0.0062931622 0.009435143 9.417573e-06 0.00070417614 1.9388986e-05 0.0031182999 4.5335073e-05 0.00037935594 0.00029762092 0.00064697274 4.410189e-05 0.0009645945 3.5403878e-06 0.02174911 0.0010157618 4.4380417e-06 9.297084e-06 3.0142337e-06 0.00046927555 0.009830282 4.185013e-06 0.00013295664 1.2005692e-05 0.00011924556 0.002048399 0.00028462362 0.002695519 2.201307e-05 8.2707527e-07 0.00036309936 4.534478e-06 3.0006904e-06 0.0001764333 7.5879035e-07 0.00012172383 7.012535e-06 0.00063137355 1.8126655e-05
0.869352 0.0017296113 0.0016504059 0.005570909 0.04080521 0.0054177986 0.008765872 0.001569683 0.882173 0.9825799 0.00016695833 0.75452596 0.46930015 2.3806535e-10 0.029003195 0.042882252 0.87808484 0.16234225 0.9931002 0.06568759 0.0011596939 0.09375276 3.9083436e-05 0.0028648495 0.42380983 0.5825699 0.45330787 0.2760653 9.2440205e-06 3.2401713e-05 0.036079094 3.9753206e-05 1.379057e-05 0.022764102 0.06948978 0.0035155094 6.888493e-06 0.07172262 1.415441e-05 0.31470922 0.0014234153 3.1272582e-06 0.0018618932 7.4719997e-06 0.00030922453 0.014820812 0.0071783615 0.0004634725 0.10971637 0.01716451 7.046742e-07 0.0006453822 4.929751e-07 0.0003383911 0.0005466728 1.8302271e-05 0.00014943528 0.00012219884 0.00016262729 0.005354329 6.3075668e-06 3.4835073e-05 0.00010151723 0.000963549 0.0022323676 3.5349103e-07 4.394311e-05 0.00014995379 0.00037956602 4.650646e-06 5.4425702e-05 9.382812e-05 3.659089e-06 6.187275e-07 0.00013787908 2.8779098e-07 0.015758071 0.0012422664 1.5819949e-06 4.9111854e-06 4.01263e-06 0.00016942863 0.0060237846 1.001333e-06 8.84702e-07 1.3168847e-05 2.068352e-06 2.6925183e-05 0.00010169912 1.9331308e-05 7.555982e-06 1.2399831e-05 7.5617854e-06 2.8976697e-07 9.270926e-07 1.8722177e-06 1.1677849e-07 3.8461635e-06 3.7453833e-06 0.00028126393 1.3522101e-06
0.94213593 0.003095807 0.012650597 0.6230918 0.9192373 0.092941955 0.69883746 0.00039135132 0.25667265 0.27868527 3.2454933e-05 0.043397605 0.016273443 0.029003195 9.566761e-12 0.9869587 0.009251752 0.8397536 0.07377962 0.0010176452 0.07428597 0.0011556983 0.000113299604 0.6215889 0.7405501 0.0003173411 0.007902541 0.0005460832 2.1715276e-07 1.7800253e-06 0.9404174 1.8470523e-06 0.0010778895 0.8364643 0.12158977 0.35829565 1.0647328e-06 0.008572009 8.630289e-06 0.0018575347 0.00013033989 1.244339e-07 0.43124244 8.3773324e-07 5.6647717e-05 0.3516967 1.0462329e-05 6.9700045e-06 0.4575747 3.8588594e-05 7.156283e-06 0.024811214 2.4824556e-06 1.7028455e-06 1.0950218e-06 9.754953e-07 1.1395676e-07 2.643445e-06 4.8109126e-07 0.011219197 1.4008256e-06 0.000452472 8.144006e-08 4.6565224e-06 3.1120268e-05 2.8893004e-07 4.8220443e-08 0.0005428235 2.0361958e-06 1.3573155e-07 4.715617e-07 1.1842155e-06 1.1208783e-06 1.6915253e-08 1.6159701e-06 6.331003e-08 0.0010385119 0.000118121985 7.268364e-07 1.7940955e-08 0.00012688444 9.612663e-06 0.0003178402 1.5752225e-07 7.582728e-06 5.2800266e-07 6.975999e-07 2.537523e-06 8.9889845e-06 8.662688e-06 2.089592e-06 1.07194566e-07 5.9456524e-06 1.4121368e-06 2.1148675e-07 9.2097423e-07 1.3432012e-07 2.7188503e-07 3.7418687e-07 2.7133783e-06 1.1445356e-06
0.91311246 0.0009959241 0.0034211574 0.40412843 0.87689924 0.029989341 0.16289507 0.000100061225 0.34234828 0.35978913 3.0884612e-06 0.065619476 0.025095364 0.042882252 0.9869587 6.063511e-13 0.018423101 0.9835684 0.06776619 0.0025944037 0.027617646 0.001420974 6.293504e-05 0.257509 0.77258146 0.00072440854 0.060333174 0.004907691 7.0385916e-08 5.4516244e-07 0.78572226 4.872518e-07 0.000179724 0.6972906 0.16547932 0.26059526 1.3884475e-07 0.011589963 1.4834986e-06 0.0040253825 0.0002870549 3.2791043e-08 0.36553434 2.9647853e-07 3.759231e-05 0.3354874 2.7372625e-05 1.6806227e-05 0.44582644 9.243082e-05 7.906429e-08 0.030445807 1.4772417e-06 5.9832337e-06 3.983588e-06 1.7158419e-07 3.0283448e-07 5.782217e-06 6.830634e-07 0.013171417 4.6329987e-07 0.001612731 5.34896e-07 4.5310717e-06 3.4439967e-05 8.821348e-09 2.8660722e-07 0.0013398442 3.6297104e-06 4.421009e-08 3.0402788e-07 1.1239088e-06 1.1982581e-06 6.4833983e-09 2.204323e-06 2.0455126e-08 0.0006979556 0.00011144883 9.18916e-07 3.2481918e-08 5.503276e-05 5.7575107e-06 0.00014850644 2.805584e-07 2.873193e-07 1.5760633e-06 2.2706122e-07 1.564359e-06 3.4784591e-06 5.293362e-07 4.6730912e-07 2.6358182e-07 5.7472907e-06 1.4042288e-07 5.1022704e-07 4.2030234e-08 1.4790402e-08 2.210884e-07 2.1246743e-07 1.674069e-05 1.5568172e-07
0.95020235 0.0050648153 0.0022731996 0.0025727781 0.0056484966 0.0036988833 0.009396562 0.0048237196 0.5374538 0.7403442 0.0006536346 0.9637606 0.912435 0.87808484 0.009251752 0.018423101 7.66855e-13 0.055271555 0.7702396 0.8476919 0.0003893209 0.92435634 6.1904593e-06 0.0017138682 0.31281132 0.9334053 0.44755265 0.4192878 5.6953446e-05 4.7622616e-05 0.012175449 6.039534e-05 8.333614e-06 0.008796623 0.034861322 0.00088357815 1.0218399e-05 0.07970446 5.8259066e-06 0.56846964 0.0062005343 9.632476e-06 8.528121e-05 6.7777364e-05 0.0012537128 0.0073498953 0.42543605 0.003808367 0.10232809 0.5498038 2.8614429e-07 0.0001313152 3.6880394e-07 0.0018120382 0.10605825 2.5580166e-05 0.008410799 0.0002641094 0.0007175356 0.0047827023 4.0577547e-06 9.779175e-06 0.00028855077 0.030807484 0.06311134 3.1535427e-07 0.00021916558 3.702206e-05 0.0052340413 2.2191173e-06 0.00020644323 0.00021915973 3.3958222e-05 6.822938e-07 0.00044538442 1.588751e-07 0.06913285 0.0039165756 1.9965788e-07 1.4993484e-05 8.6006236e-07 0.0028119688 0.09096354 2.2208658e-06 1.2698806e-06 1.1970222e-06 0.00013757724 0.0003081918 0.00091883366 0.00015747636 5.6826546e-05 4.926513e-07 1.3734043e-05 1.7348133e-07 1.0356629e-06 4.1611878e-07 6.802729e-08 2.442921e-05 4.963434e-07 0.0004664185 1.0785947e-07
0.95094806 0.00064045173 0.002002989 0.29289868 0.77190816 0.011797896 0.054159347 0.00023044756 0.46971995 0.62430316 8.433336e-06 0.14301954 0.065326445 0.16234225 0.8397536 0.9835684 0.055271555 7.911694e-12 0.3330017 0.0043034735 0.026205929 0.00444933 5.3572607e-05 0.089528054 0.9620386 0.0041833892 0.4841028 0.04111864 4.2445228e-07 1.4171136e-06 0.7491663 7.609818e-07 8.344506e-05 0.83292836 0.44144565 0.41699576 4.5137014e-07 0.09327015 2.4923283e-06 0.026928904 0.0009874352 4.02701e-08 0.44358724 3.145976e-07 4.506841e-05 0.44825086 0.00024660633 0.00016156095 0.7757814 0.00075973273 2.7588783e-07 0.06366368 1.1283441e-06 0.00011028907 7.1860704e-05 4.3495902e-07 4.6943064e-06 4.1248422e-05 2.1347198e-05 0.047177836 1.3135952e-06 0.0022586198 5.2880923e-06 4.8009628e-05 0.00017965132 3.0639575e-07 1.5157813e-05 0.0019552 5.0159586e-05 9.4434284e-08 1.5447615e-06 8.471916e-06 1.2783254e-06 2.2685724e-08 4.206206e-05 3.9714493e-08 0.0058756503 0.0014344945 2.7808372e-07 1.5258803e-07 8.050919e-05 2.6746085e-05 0.0013422531 2.5151767e-06 9.095824e-07 6.859131e-06 1.5880321e-06 2.2541578e-06 2.5360801e-05 3.4742325e-06 1.7035311e-06 8.535296e-07 2.7656577e-06 1.4482231e-06 7.231843e-07 4.741522e-06 1.3342323e-07 3.8952285e-06 3.9948887e-07 0.00018317769 3.8200392e-07
0.8258722 0.0020042253 0.00076202827 0.0025268316 0.025607347 0.002319367 0.0049933144 0.0010199926 0.47453323 0.8923384 0.00010292205 0.52806234 0.2684688 0.9931002 0.07377962 0.06776619 0.7702396 0.3330017 6.452165e-12 0.05788973 0.00037100894 0.071572065 5.973302e-06 0.0023633658 0.6885372 0.8997818 0.94848883 0.849784 1.0669178e-05 8.732512e-06 0.016898125 1.0837078e-05 1.038286e-05 0.012136323 0.132892 0.0015996099 2.1012363e-06 0.14449082 3.5425794e-06 0.69938374 0.0009134229 2.2029485e-06 0.00060023286 3.2063688e-06 7.453364e-05 0.014877712 0.00520314 0.00020766315 0.1347899 0.02700323 1.0412344e-06 0.00031707576 4.1839652e-07 0.00016105054 0.0005476546 5.3704352e-06 0.00014289816 7.045977e-05 6.918703e-05 0.009429432 9.38611e-06 4.42029e-05 2.5111609e-05 0.00063808024 0.002279304 1.7565655e-07 9.502603e-06 0.000141232 0.00019737877 7.255787e-07 2.6840478e-05 1.18462385e-05 5.997307e-07 2.7662657e-07 2.650671e-05 1.7042989e-07 0.045545295 0.0031349114 9.878161e-07 1.4570934e-06 4.6210715e-07 0.00023282667 0.010869487 3.7667016e-07 4.5080486e-07 1.864145e-06 3.5085138e-06 6.967884e-06 0.000116024145 1.3627281e-05 6.969526e-06 1.989435e-06 1.0530803e-06 3.5159647e-07 1.5213439e-07 4.3592075e-07 8.069616e-08 4.7517273e-07 2.3379632e-06 7.67417e-05 5.675998e-07
0.99845964 0.00091746636 0.0010299383 0.0004931442 0.0024618981 0.00045469933 0.0019296728 0.0022960256 0.016412513 0.0076314905 0.0005740022 0.58940214 0.747956 0.06568759 0.0010176452 0.0025944037 0.8476919 0.0043034735 0.05788973 9.920037e-13 0.0001521844 0.9753981 1.7412269e-06 0.00054115447 0.017871056 0.43682584 0.037576105 0.06597659 0.00014395289 8.8258515e-05 0.0023593078 0.000117283365 5.6828144e-06 0.0016342284 0.0037578526 0.0004258678 6.586471e-05 0.0066669267 1.9964551e-05 0.07867788 0.29826713 5.1485204e-05 7.400571e-06 0.0015815365 0.010645487 0.0010332178 0.8781937 0.29978123 0.006501398 0.5460725 1.0505926e-06 6.136644e-05 8.0687585e-07 0.045635175 0.91598177 0.00017893761 0.3939406 0.0025538048 0.0145954 0.0010115613 1.5573845e-05 9.2666605e-06 0.0022019583 0.31384006 0.19751292 3.211335e-06 0.00435644 1.3983969e-05 0.06226006 9.933161e-05 0.002887502 0.006666879 0.0009072222 3.1997046e-05 0.0033565944 2.3684017e-05 0.0071494994 0.00039759593 1.1131467e-06 0.0007013482 6.5362804e-07 0.016665109 0.05110313 0.0001360468 1.729872e-05 3.0855866e-05 0.007996159 0.0017803777 0.0069374344 0.0021188287 0.0012488376 2.1739479e-05 0.0005891484 1.1693892e-06 3.9534036e-05 0.00010967433 2.8095585e-08 0.0011514018 4.8624565e-06 0.004285261 1.2216622e-06
0.6439781 0.017121546 0.13944046 0.28769115 0.25899047 0.9133942 0.9406425 0.00048747953 0.0091638435 0.0046660155 1.3232675e-05 0.0019609928 0.00084160664 0.0011596939 0.07428597 0.027617646 0.0003893209 0.026205929 0.00037100894 0.0001521844 5.1345128e-14 0.00017524786 0.69579935 0.998165 0.00076120073 4.033135e-05 0.00014499907 2.391288e-05 3.7772918e-07 6.3778265e-07 0.053132396 1.0773699e-06 0.9120244 0.0022999954 0.00016300911 0.002091205 5.190994e-07 1.1820553e-05 1.1650102e-06 5.095383e-06 4.675873e-05 1.9338499e-07 0.2558146 5.076079e-06 9.404914e-05 0.0031844415 1.0525186e-05 2.648047e-06 0.00022784073 8.26858e-06 3.7704347e-06 0.0009357511 0.0021571107 5.321134e-07 5.092883e-07 6.4953575e-08 8.417523e-08 2.1389666e-07 2.0283026e-07 3.335945e-05 1.0302615e-06 0.0024722551 1.9990689e-07 9.859996e-07 4.8818924e-06 3.3022878e-09 1.1552881e-08 0.0028498268 3.9052844e-07 1.3066659e-06 5.66361e-07 8.3174837e-07 1.7690572e-06 1.5781401e-08 4.98721e-07 2.423346e-07 9.058026e-06 7.3020254e-07 1.0164448e-05 4.7765134e-08 0.26329494 3.2636644e-06 5.8143196e-05 1.08414305e-07 2.0398e-07 4.6314307e-07 6.160634e-08 5.7924776e-06 2.092611e-06 1.2670137e-06 6.486355e-07 7.378182e-08 1.858519e-05 1.1445691e-05 4.3706194e-08 7.336794e-07 3.6248363e-08 1.07461105e-07 2.7378707e-07 4.078155e-07 2.751209e-07
0.97691756 0.00059773 0.00041862784 0.0006459675 0.002446926 0.0003924962 0.0009177067 0.00044201055 0.017919945 0.0063776444 0.00010723911 0.45084158 0.41222942 0.09375276 0.0011556983 0.001420974 0.92435634 0.00444933 0.071572065 0.9753981 0.00017524786 2.026976e-11 2.8777288e-07 0.00069665455 0.026316276 0.86648744 0.07431092 0.13154072 2.9944002e-05 4.968198e-05 0.0034610443 6.19103e-05 1.2456265e-06 0.0033318647 0.003351862 0.00027419615 1.8260289e-05 0.0053629223 4.555926e-06 0.13782516 0.054802023 4.4471763e-06 1.710144e-05 0.00011760448 0.0005483499 0.0017132676 0.95609957 0.18592466 0.011273703 0.7848751 1.8098962e-07 5.324195e-05 8.3963045e-07 0.023368133 0.8335996 2.360926e-05 0.29956543 0.0022078345 0.01563976 0.0015529137 1.661953e-06 1.718454e-05 0.0014214803 0.19864744 0.25969145 5.9060113e-07 0.001863468 2.8180451e-05 0.08287802 1.0409917e-05 0.0015047007 0.0030799361 1.5992706e-05 1.8558639e-07 0.0018509423 1.8928006e-06 0.030694226 0.0021187197 5.455158e-08 0.00033527074 2.3276104e-07 0.027496886 0.19742809 4.981535e-05 6.163788e-07 1.8073732e-05 0.010606109 0.00018327817 0.010813351 0.00023763056 0.0010125507 1.8924316e-05 2.6548376e-05 2.8999713e-08 2.0005911e-05 3.937598e-06 8.788599e-09 0.0011029737 6.127053e-07 0.0041541844 2.5501149e-07
0.34980085 0.12588023 0.97300863 0.059721056 0.006824257 0.7501536 0.39871204 0.0039302753 0.00032554363 2.6360776e-05 0.0001674961 6.263482e-05 2.139289e-05 3.9083436e-05 0.000113299604 6.293504e-05 6.1904593e-06 5.3572607e-05 5.973302e-06 1.7412269e-06 0.69579935 2.8777288e-07 7.6266136e-13 0.037111755 8.667935e-06 3.932245e-07 3.4897064e-06 4.066252e-07 5.7266857e-06 1.5075539e-05 0.000126864 1.0644095e-05 0.96627146 8.121994e-06 5.6868803e-06 1.0033227e-05 4.4058233e-06 4.6915784e-07 2.5336153e-06 2.9414244e-07 1.7447676e-06 1.1359581e-06 0.00022829117 1.1954566e-05 0.00022689685 3.6840356e-05 2.0129674e-07 2.8729903e-07 3.6343347e-06 2.1256452e-07 1.5406325e-05 1.5944826e-05 0.013476183 3.4780147e-08 5.818727e-08 5.7779476e-07 1.40519125e-08 7.120895e-08 1.340138e-07 7.836385e-06 4.6505534e-06 2.1742733e-05 2.1901272e-07 7.457707e-07 1.9300802e-07 1.1219291e-07 2.6145095e-08 0.00016185042 1.3780572e-06 1.1799813e-06 1.2250805e-08 9.255832e-08 4.069371e-05 2.7694807e-07 6.0501173e-07 3.8075116e-06 4.9771153e-08 2.121915e-08 2.2187487e-06 2.553092e-08 0.99094296 5.4954194e-07 6.546655e-07 3.7054217e-08 3.7394017e-08 7.8408965e-07 3.137932e-08 9.57917e-06 8.828722e-07 1.2079729e-06 2.552468e-07 3.9831317e-08 4.933227e-05 1.5608363e-06 4.246041e-09 3.3268889e-06 5.7794027e-09 5.687173e-10 9.842756e-07 4.1000926e-06 4.1285593e-06
0.51538694 0.0030537886 0.052590072 0.31641898 0.39261305 0.9020131 0.96030647 0.00054557726 0.024404362 0.017391212 6.222188e-05 0.0069875023 0.0021703737 0.0028648495 0.6215889 0.257509 0.0017138682 0.089528054 0.0023633658 0.00054115447 0.998165 0.00069665455 0.037111755 5.592176e-12 0.0071314196 0.00023871494 0.0011259401 0.0002014209 6.581027e-07 3.9811493e-06 0.68194103 2.1664732e-06 0.71820045 0.10980283 0.0054943743 0.11352374 1.0277012e-06 0.00035116237 2.228778e-06 0.00010931699 0.0018107435 1.720274e-07 0.88999724 1.2041177e-06 0.00017807705 0.019716388 5.5965116e-05 0.00015040292 0.0027085505 0.00010304286 1.1324946e-06 0.01164897 0.0021710952 2.7830369e-05 1.6550941e-05 1.6347792e-07 1.70416e-06 1.8197983e-05 1.2690496e-05 0.000302172 3.0157491e-06 0.085721254 1.9107003e-05 3.9562434e-05 1.7028548e-05 4.3034255e-08 2.6464288e-06 0.023575813 9.843898e-06 1.7120998e-06 1.1837774e-06 4.5567776e-06 7.809289e-06 2.4026892e-08 1.7022507e-05 3.427515e-07 2.553213e-05 1.4094696e-05 1.2798904e-06 1.12093446e-07 0.1384282 6.144499e-06 3.3133612e-05 4.6263076e-06 4.764587e-07 3.5112906e-05 1.05490216e-07 8.861557e-06 3.64202e-06 1.8407991e-06 2.331333e-06 4.0319657e-07 3.101136e-05 1.1715955e-05 1.3340797e-07 1.8408446e-06 3.883493e-08 1.5315837e-07 2.1683088e-06 0.0001313192 1.2730733e-06
0.9458964 0.00018656444 0.0008993303 0.031741746 0.30863288 0.0035248536 0.008222975 6.0538754e-05 0.5056558 0.7707625 4.4974445e-06 0.43624648 0.23262982 0.42380983 0.7405501 0.77258146 0.31281132 0.9620386 0.6885372 0.017871056 0.00076120073 0.026316276 8.667935e-06 0.0071314196 1.5714995e-11 0.08192666 0.8043392 0.17718716 1.0306088e-07 1.9305817e-06 0.1270424 5.86577e-07 5.278224e-05 0.30975527 0.9798484 0.059566297 5.1084686e-07 0.8029666 1.4418287e-06 0.83097374 0.002445426 4.0003766e-08 0.027100174 7.0087175e-08 2.608531e-05 0.32920775 0.0009466784 0.0002247152 0.7959775 0.0026596554 6.7111597e-07 0.01382357 2.7284855e-06 0.0003212631 7.395368e-05 4.3447812e-07 6.139034e-06 6.337984e-05 5.508737e-05 0.2202022 6.6455623e-06 0.0021288102 1.7130787e-05 0.00018872904 0.00045680857 1.7552358e-07 1.3667236e-05 0.003108696 4.5404777e-05 2.3055928e-07 8.09835e-06 9.360856e-06 9.938249e-07 3.4782865e-08 7.185413e-05 1.1785299e-07 0.10243144 0.014358517 8.488859e-06 5.778295e-07 3.1607025e-05 0.00019574976 0.006081579 1.0719969e-05 2.1239339e-06 7.2344337e-06 8.65786e-07 1.101417e-06 1.9316032e-05 4.7229122e-07 4.661374e-06 1.8358587e-06 3.2576784e-06 8.50546e-07 6.7295787e-07 7.030437e-07 1.4545172e-07 2.5390153e-07 1.4997208e-06 0.0001698321 5.333546e-07
0.9125302 6.350006e-05 0.00020662819 0.0002082625 0.0016977201 4.974252e-05 0.00033019466 0.00011720509 0.1790871 0.20877363 9.887817e-06 0.7177253 0.5325143 0.5825699 0.0003173411 0.00072440854 0.9334053 0.0041833892 0.8997818 0.43682584 4.033135e-05 0.86648744 3.932245e-07 0.00023871494 0.08192666 1.4705324e-10 0.8203635 0.99407244 6.2395566e-07 8.0685395e-06 0.0025175887 3.170966e-06 7.286353e-07 0.0028559496 0.022554917 0.00052114803 2.8230065e-06 0.068521656 4.8912875e-06 0.7469518 0.008112249 4.0060326e-07 0.00018010267 3.3929653e-06 6.463921e-05 0.0022454255 0.16395138 0.004269206 0.041337583 0.7140417 7.1891165e-08 0.0001391606 9.671615e-08 0.0019508763 0.008715619 6.3518286e-07 0.00056868914 0.00035205382 0.000767416 0.0074302168 1.5849728e-06 1.7392562e-05 0.00018128927 0.005544239 0.06801544 5.012058e-08 0.00034402957 5.855414e-05 0.0012051435 8.23857e-07 0.00014104276 0.0001779428 4.277052e-06 7.161495e-09 0.00058501284 2.1713599e-07 0.13122725 0.008914038 3.8933217e-07 8.334274e-06 3.9941952e-07 0.004035284 0.27800202 3.573943e-05 3.070876e-07 1.6986958e-05 8.796357e-05 5.605456e-06 0.0014732785 7.5749435e-06 4.5853547e-05 1.9106694e-05 1.5301492e-06 8.140092e-08 2.526536e-06 2.1414455e-06 4.0352965e-09 8.2204024e-05 1.3191774e-07 0.0014724027 3.636205e-07
0.75124514 0.0004568768 0.00030656983 0.0010004205 0.0122751305 0.00021320985 0.0010294365 0.0001886407 0.10562309 0.40011257 2.4992272e-05 0.386345 0.2081922 0.45330787 0.007902541 0.060333174 0.44755265 0.4841028 0.94848883 0.037576105 0.00014499907 0.07431092 3.4897064e-06 0.0011259401 0.8043392 0.8203635 2.2963971e-10 0.9959126 2.2136385e-06 8.206237e-06 0.011839152 2.2616061e-06 1.3834819e-05 0.011154693 0.20222196 0.002986476 1.4524818e-06 0.32518148 2.8029642e-06 0.9490793 0.0008176552 5.020887e-07 0.0005819421 8.6368965e-07 2.8558981e-05 0.028345736 0.0023132511 0.00014781028 0.29681963 0.06365091 2.1408808e-07 0.00019736633 3.6998512e-07 0.00018176639 8.551454e-05 2.692617e-06 1.7561068e-05 6.799172e-05 3.9539125e-05 0.046401408 6.562147e-06 6.0466686e-05 6.255814e-06 0.0002413469 0.0023639477 1.4002543e-07 1.090382e-05 0.00015470645 0.0001979105 3.7448777e-07 4.7346807e-06 5.181056e-06 4.7460435e-07 9.669453e-09 1.9134666e-05 3.5476663e-07 0.19819437 0.017275304 1.8284354e-07 9.698326e-08 3.180447e-07 0.000299737 0.09396851 7.57728e-07 1.9114045e-06 1.5993932e-06 2.2997945e-06 5.250434e-06 2.9316618e-05 5.7928755e-06 5.982675e-06 2.6622382e-07 9.018209e-07 1.3679161e-06 3.4067466e-07 7.500832e-07 7.2872974e-09 1.2482099e-07 7.777155e-07 6.330904e-05 5.1661675e-07
0.7134477 2.9838042e-05 0.00010178401 0.00033579505 0.004189474 2.1152975e-05 0.00015975091 1.7228796e-05 0.091243066 0.19659398 1.5862989e-06 0.368671 0.19274925 0.2760653 0.0005460832 0.004907691 0.4192878 0.04111864 0.849784 0.06597659 2.391288e-05 0.13154072 4.066252e-07 0.0002014209 0.17718716 0.99407244 0.9959126 6.0294356e-12 8.382435e-08 1.1973249e-06 0.0019231673 1.02361305e-07 7.8372403e-07 0.0016737315 0.028525367 0.0002343057 2.782307e-07 0.044330377 2.0167731e-06 0.69625443 0.001592949 1.0960045e-07 8.739064e-05 9.3626016e-07 2.4711731e-05 0.0036385714 0.0146073885 0.0003448429 0.039058108 0.18067287 2.421857e-08 0.000102722595 2.5490763e-07 0.0003045414 0.0005427353 1.012836e-06 7.019732e-05 8.609816e-05 9.351617e-05 0.006235955 2.263878e-06 4.1317242e-05 2.0823954e-05 0.0006738374 0.01293621 4.819036e-09 2.2468294e-05 5.3616717e-05 0.00012657662 2.611438e-07 1.6954864e-05 3.3996457e-05 3.0489895e-07 3.6342354e-09 0.00012022393 1.8830913e-07 0.04878911 0.0033114357 1.5398864e-07 2.627312e-06 1.66584e-07 0.0018677238 0.122866064 2.3954617e-06 2.0675738e-07 6.160894e-06 1.3655446e-05 2.9506834e-06 0.00020528668 7.673314e-07 5.837491e-06 6.1499636e-06 1.2758835e-06 9.720549e-08 1.5170272e-06 6.2291655e-08 4.654424e-09 1.6794227e-05 7.613567e-08 0.00034140734 1.0657238e-07
0.98817664 0.0038166572 0.0024302097 1.6505845e-05 2.0790836e-05 7.3931847e-06 4.7430053e-06 0.06657455 0.0004221122 1.4546576e-05 0.69692296 0.00037272062 0.00017685562 9.2440205e-06 2.1715276e-07 7.0385916e-08 5.6953446e-05 4.2445228e-07 1.0669178e-05 0.00014395289 3.7772918e-07 2.9944002e-05 5.7266857e-06 6.581027e-07 1.0306088e-07 6.2395566e-07 2.2136385e-06 8.382435e-08 8.07773e-12 0.99323446 1.8615743e-06 0.08036785 1.2645842e-07 1.08998385e-07 1.6603522e-07 1.5419914e-08 0.93342125 9.0249145e-08 0.15451367 9.890118e-08 0.0012776766 0.455495 2.8104552e-07 0.46419713 0.04874959 1.0314815e-06 8.418177e-07 8.464143e-05 5.9753273e-07 6.2245404e-06 0.0034812356 8.435849e-07 8.544487e-08 0.000340708 1.0187297e-06 0.80156094 2.1297296e-07 0.00036019704 2.6728747e-05 2.1237718e-06 0.08497647 5.5784867e-08 8.0067686e-05 8.90047e-07 3.6544718e-06 0.33938697 0.00016177079 1.8947519e-07 3.0081588e-05 0.08505219 3.5622073e-05 8.7936605e-06 0.00017195517 0.16565447 0.00061161275 0.0044820113 1.4985805e-07 4.191511e-08 0.0061447844 1.5122503e-06 1.5080377e-06 2.326532e-05 5.2411815e-05 8.923222e-05 0.078068405 1.7530812e-05 9.189954e-06 0.0013443707 1.80976e-05 0.012352079 6.4852075e-06 1.13613e-05 4.9786377e-05 0.007002769 1.5374322e-06 0.020674974 6.666488e-05 1.5666397e-05 5.2241617e-06 0.0011990882 5.9244303e-05
0.88712823 0.026732683 0.005792235 0.00010880548 8.3257706e-05 4.594113e-05 3.2032833e-05 0.22329214 0.0003685399 4.2037074e-05 0.85733396 0.000360297 0.0003398163 3.2401713e-05 1.7800253e-06 5.4516244e-07 4.7622616e-05 1.4171136e-06 8.732512e-06 8.8258515e-05 6.3778265e-07 4.968198e-05 1.5075539e-05 3.9811493e-06 1.9305817e-06 8.0685395e-06 8.206237e-06 1.1973249e-06 0.99323446 3.0425814e-13 3.0386413e-05 0.95173573 3.9930035e-07 4.755288e-06 1.433948e-06 1.3751112e-06 0.4579215 7.921717e-07 0.92228043 4.6061862e-07 0.0010870778 0.031808354 3.073781e-06 0.0124158 0.014016294 2.7217363e-06 4.8522492e-05 0.00013170649 2.709001e-06 8.72044e-05 0.14632192 5.0070014e-07 3.5915497e-07 8.686674e-05 1.7569257e-05 0.92887485 2.787628e-06 0.00017647201 1.1161407e-05 1.7574746e-06 0.24867378 1.888836e-07 2.4246108e-05 2.9514151e-06 9.288081e-06 0.42848572 4.8502666e-06 9.1171626e-07 4.338055e-06 0.02600465 7.98389e-06 4.8299426e-06 4.3442335e-05 0.045743335 0.000116623414 0.0011605568 3.4212467e-06 4.4479498e-07 0.003601473 1.5819572e-06 5.096508e-07 2.3959725e-05 1.3971372e-05 7.5718012e-06 0.35928902 1.2904186e-06 2.431162e-06 0.00069363124 5.3827416e-06 0.0037901422 5.2075234e-06 1.5802955e-06 8.185801e-05 0.0072158542 3.2409682e-07 0.013012269 0.00030113265 1.4039115e-07 1.4975085e-06 0.00024655435 2.1063011e-05
