4.0700467e-18 0.014650911 0.061996147 0.06310852 0.040729385 0.19517335 0.46693957 0.3813727 0.49071473 0.696542 0.753203 0.94618213 0.07135134 0.971616 0.049545962 0.00852347 0.0024351962 0.00066000625 0.013613201 0.06634662 0.15349312 0.96163213 0.034801472 0.9261653 0.9347107 0.030359998 0.90645695 0.7925036 0.97731197 0.43617177 0.9205373 0.9602022 0.9532569 0.9695735 0.81416225 0.8209803 0.55506325 0.047438156 0.96616036 0.14378881 0.4296181 0.54631144 0.87314177 0.8369648 0.62891704 0.9404312 0.9850317 0.13974765 0.80849344 0.93736494 0.8947875 0.8864192 0.8931418 0.9197008 0.962713 0.90889466 0.009802411 0.95203054 0.113868825 0.98057395 0.00395993 0.9744514 0.00079387455 0.95314556 0.99912125 0.9846975 0.9985884 0.0010631902 0.15350051 0.9251142 0.47533447 0.91884184 0.90167147 0.99947023 0.9525848 0.93050784 0.56923395 0.9523724 0.99232453 0.99994797 0.57260543 0.033540506 0.95271516 0.93635803 0.69161433 0.99555635 0.00040298805 0.9447225 0.8344961 0.9042895 0.18429388 0.9487079 0.18950236 0.22412467 0.9209501 0.91019446 0.99693877 0.98623735 0.95822513 0.8924215 0.9999969
0.014650911 4.9053933e-16 0.82289773 0.54852104 0.99775726 0.09723236 0.22343457 0.0016172144 0.015204267 0.0116363615 0.0034066483 0.078687765 0.0039791875 0.016642334 0.000886075 0.0009015995 0.0008604074 0.00048935134 0.00950473 1.7709537e-05 8.109135e-05 0.002096169 9.235037e-07 8.2256565e-07 0.002994266 0.00045597143 0.0019350253 0.00036120304 0.00045814036 0.00018792246 0.00045516485 2.133631e-05 1.7645123e-05 0.0017993469 1.2521301e-05 2.7509048e-05 4.0759078e-05 0.00031871712 0.002314477 4.993995e-06 1.8935896e-06 1.9914892e-06 0.0001401467 6.7177966e-06 2.045934e-06 1.1196017e-06 7.6362296e-05 1.7008234e-06 1.5893776e-06 3.0707382e-05 9.3404225e-05 1.6045165e-05 2.3183637e-05 3.837839e-06 8.277034e-05 5.352557e-07 1.1435658e-08 2.2263592e-05 1.2257448e-05 3.4097764e-05 2.8461805e-05 9.634418e-07 3.7180288e-07 6.3650873e-06 2.7250051e-05 0.00011402488 5.3041085e-06 4.6782372e-07 6.402126e-08 3.5186957e-05 5.703509e-07 1.055363e-05 2.9923646e-07 9.783111e-06 0.00010198622 2.2272192e-07 2.9484372e-07 6.194587e-06 6.421464e-05 2.811498e-05 3.8683618e-07 3.1333435e-05 1.3351801e-06 2.526447e-06 8.167029e-06 1.4733894e-06 1.4540256e-06 6.097328e-06 2.888175e-06 4.6566956e-06 5.942155e-06 7.269068e-06 9.557849e-07 4.3198234e-08 6.8760028e-06 2.5261193e-06 6.0717645e-07 2.5720087e-07 2.2522174e-06 9.408559e-06 0.0003458663
0.061996147 0.82289773 2.9863368e-15 0.99931854 0.0132795395 0.7978265 0.019878443 0.024915166 0.0011486495 0.2242545 0.1320379 0.49903262 0.00013042035 0.0061128857 0.0039227037 0.0019411311 0.0009885258 0.0002904951 9.198463e-05 2.4250849e-05 4.4424687e-05 0.09097976 1.9261886e-06 4.206532e-06 0.057544798 3.842624e-05 0.022535378 2.9003186e-05 0.0012185798 2.3915118e-05 0.00013982083 0.00010569086 5.1456835e-05 0.001541802 1.0950605e-06 6.106327e-07 2.928592e-06 1.0160678e-05 0.016897593 2.992363e-06 4.3608566e-06 8.289641e-07 0.0031364649 3.9032684e-06 1.6897148e-06 6.7460917e-07 0.00016361715 2.6006845e-07 9.675116e-07 2.8273756e-05 0.00089883944 1.6558117e-06 8.477768e-06 7.004979e-05 0.00019270061 6.1878944e-07 5.5350323e-08 1.0350512e-05 7.6781305e-07 1.377166e-05 1.815623e-06 5.4736e-06 8.3492256e-07 7.126983e-06 0.00014457433 0.00041378662 2.9484683e-05 2.471517e-07 1.8886697e-06 0.0004776664 8.5135747e-07 1.1020058e-05 1.6335412e-06 9.0652815e-05 0.000117436146 6.009909e-07 6.334663e-08 1.1668214e-06 0.00011037209 0.00014697139 8.452962e-07 2.7876425e-07 4.289953e-06 4.5952465e-06 3.7238678e-06 2.7898637e-05 1.9304593e-07 1.4023112e-05 5.8016025e-07 3.4189604e-06 2.0768907e-06 6.3416815e-06 1.5807242e-07 4.9726655e-08 8.933785e-06 3.99467e-06 7.423622e-06 1.733097e-05 1.6735326e-05 6.091568e-06 0.0006959961
0.06310852 0.54852104 0.99931854 1.2993934e-16 0.0054744524 0.8363303 0.019345557 0.03786396 0.0010017973 0.3020602 0.19151111 0.53599215 8.7528264e-05 0.0071772835 0.0031939386 0.0012150538 0.0009259073 0.00025108198 4.06281e-05 4.1349293e-05 3.1299685e-05 0.14077133 2.841449e-06 7.3380506e-06 0.07648553 3.1194195e-05 0.030674929 2.2050808e-05 0.0033412916 1.02935255e-05 0.00012649999 0.00018834282 5.0532068e-05 0.0022751451 7.8650703e-07 4.535643e-07 2.0618822e-06 4.9284376e-06 0.022119947 3.02906e-06 3.2719263e-06 5.7432607e-07 0.00831908 2.9839878e-06 2.1443536e-06 1.5523361e-06 0.0001185497 2.4667344e-07 1.1104886e-06 2.6497712e-05 0.0019562875 1.1113434e-06 4.8149313e-06 0.00012527303 0.00029708722 1.1150911e-06 5.5837248e-08 1.9814786e-06 8.2249113e-07 1.0929972e-05 6.007027e-07 1.1525432e-05 4.4405965e-07 1.1284457e-05 0.00023396384 0.0004688548 2.7102533e-05 8.504766e-08 1.0544511e-06 0.00075189414 3.077311e-07 1.0942843e-05 1.4958156e-06 8.284544e-05 0.00022557708 7.925155e-07 1.1653995e-07 8.855284e-07 0.00012598613 8.601535e-05 7.995567e-07 8.3027466e-08 3.6954523e-06 6.33296e-06 2.3298326e-06 1.8577854e-05 1.528031e-07 2.1571619e-05 1.6683161e-06 3.0876101e-06 1.6700466e-06 2.779297e-05 8.907699e-08 5.9645465e-08 5.540166e-06 5.748326e-06 5.0211675e-06 9.460213e-06 6.484638e-06 1.989845e-06 0.000377603
0.040729385 0.99775726 0.0132795395 0.0054744524 1.0442598e-15 0.0051264702 0.91152763 0.0001787621 0.410348 0.0051223435 0.00049591565 0.057997152 0.42562568 0.14929688 6.935019e-05 4.3272645e-05 7.45369e-05 9.786056e-05 0.79841924 7.341782e-06 3.8063788e-06 0.0020125792 2.5567968e-07 1.5844522e-07 0.0044513755 0.0009580267 0.0040973863 0.0028597848 0.00061969244 0.00046812274 0.0033824868 4.4030654e-05 3.949394e-05 0.019603392 0.00010827694 5.351817e-05 0.00012309327 0.0008900263 0.00447189 5.4036518e-05 1.6940294e-06 1.1325772e-05 0.00062836567 3.8284645e-05 8.806829e-06 1.3458605e-05 0.0018350808 1.9330753e-07 8.8366605e-06 0.00036484704 0.00012523028 1.1070091e-05 9.139744e-05 4.643874e-06 0.00035294314 4.433384e-06 2.1147648e-07 1.1740506e-05 0.00056496524 0.00022895224 3.2945693e-05 6.7614805e-05 7.0702114e-08 3.8197773e-05 0.00012209913 0.001042585 1.5730862e-05 4.0791024e-06 7.7103215e-07 0.00032077392 3.984811e-06 0.00010854316 3.9563697e-06 0.00021355192 0.00018995836 5.7856046e-06 8.690519e-07 2.0765758e-06 0.00017953076 0.0002372101 6.053447e-07 6.5215114e-05 3.300763e-06 9.317767e-06 2.7303988e-06 6.306475e-05 6.201568e-06 1.6471691e-05 2.350245e-06 3.2167177e-06 1.6996938e-07 1.16497295e-05 6.8332594e-07 7.78118e-08 8.241294e-06 7.405132e-06 1.8376953e-05 2.5900265e-05 1.6382144e-05 1.9032702e-06 0.0011341826
0.19517335 0.09723236 0.7978265 0.8363303 0.0051264702 8.7723326e-14 0.0059033264 0.9829689 0.0006783346 0.67663944 0.77338666 0.60792655 0.00012644427 0.002060829 0.6679595 0.20734735 0.84764487 0.12848854 4.1473064e-05 0.05132482 0.02581023 0.52107525 0.004796968 0.0006229387 0.10534501 6.2507774e-05 0.030844605 0.00023064058 0.05584728 1.6094591e-05 0.00016648404 0.017248427 0.008727043 0.00031917097 2.6899966e-06 4.0743435e-06 6.9220846e-06 0.0013121893 0.0105214575 9.053924e-06 0.00011466542 2.64758e-06 0.009124405 4.604353e-06 6.6720877e-06 3.2486937e-06 7.965634e-05 1.3438618e-06 8.416018e-07 3.2841606e-05 0.0016202648 2.546755e-06 9.645852e-06 0.00043094307 0.0031524124 5.6140664e-07 6.7884025e-07 0.00015304441 7.926543e-06 1.258019e-05 2.1423464e-06 1.0890487e-05 1.0152841e-05 9.407645e-06 0.00068765576 5.095011e-05 0.0001711078 1.2254416e-06 5.6218378e-06 0.00021577062 2.6022697e-05 1.03789e-05 2.4705826e-06 0.00023756124 0.00058656285 1.885371e-06 5.133777e-07 3.7653263e-07 0.0002351187 0.00029541945 6.8353097e-06 3.827793e-05 1.4348257e-05 3.4213351e-06 1.4862715e-06 2.1166657e-05 7.583758e-07 9.247415e-06 1.6033196e-06 4.883394e-07 1.9634403e-05 3.0294502e-06 1.3701089e-07 2.062664e-07 9.181206e-07 5.3990693e-06 8.4395265e-07 4.9973124e-07 8.3365114e-07 0.00012278737 0.00010882509
0.46693957 0.22343457 0.019878443 0.019345557 0.91152763 0.0059033264 2.182149e-14 0.00029882084 0.9825749 0.013725468 0.0012993258 0.18077095 0.7883941 0.94442105 0.00018773795 0.00013954774 0.00013714143 0.0003191326 0.4334363 2.6091033e-05 4.2271087e-05 0.011751165 4.256609e-06 1.2397064e-05 0.05044501 0.02686121 0.0653629 0.071800455 0.00046156428 0.016587762 0.08858598 6.7168454e-05 1.6806436e-05 0.38325608 0.0008845776 0.0011093868 0.0015327673 0.0099862665 0.09851087 0.0003579222 5.6520876e-06 0.00011333029 0.003491566 6.1758095e-05 6.3318825e-05 0.00015013508 0.027813463 3.0323676e-07 4.8313923e-05 0.00402408 0.0012418957 3.7666014e-05 0.00030786218 3.209708e-05 0.0011561734 8.679487e-05 9.90424e-06 0.00021101808 0.00029226494 0.0020092381 0.00028476643 0.00071253796 3.020703e-06 0.00022338233 0.000837314 0.015924986 0.00011751086 4.6154735e-05 0.00020935136 0.0032111288 1.8403594e-05 8.800393e-05 9.180528e-06 0.0007938447 0.0020865505 2.722453e-06 3.5566961e-06 1.1242881e-06 0.0030384355 0.0059229103 8.496833e-07 0.00026252485 4.9909737e-05 7.015382e-05 1.0467952e-06 0.00075246475 4.0524203e-05 0.00021773271 1.3718627e-06 8.7773265e-07 2.651972e-06 5.9509934e-05 1.15207754e-08 1.7084126e-07 1.974856e-05 5.5301974e-05 0.00011332499 4.6643334e-05 9.337995e-06 0.00011838022 0.0010312431
0.3813727 0.0016172144 0.024915166 0.03786396 0.0001787621 0.9829689 0.00029882084 1.1915732e-14 5.4079876e-05 0.5877701 0.8862481 0.34377718 1.2041871e-05 0.0004924867 0.9016783 0.31571436 0.26797506 0.07446735 1.0876013e-06 0.19935507 0.1078848 0.7095388 0.0886868 0.043667674 0.07568271 1.8138311e-05 0.012379261 5.070049e-05 0.40389997 5.274307e-06 3.1015326e-05 0.20419116 0.16920568 0.00023845237 4.0867047e-07 9.2214486e-07 2.055574e-06 0.000117426294 0.006809685 4.622136e-06 0.0006196975 1.061025e-06 0.020422539 5.698555e-07 1.8333951e-06 1.4383348e-06 7.590046e-05 8.336333e-06 5.334517e-07 2.5702406e-05 0.007839637 2.7395814e-07 4.507694e-06 0.0019795287 0.021804009 2.2612467e-07 1.369807e-07 0.00042510856 2.4481747e-06 1.531556e-05 1.324816e-06 1.2441218e-05 8.33817e-06 9.606285e-06 0.003992046 0.00023598806 0.0005442643 3.6957044e-07 9.704734e-07 0.0012739267 3.0473284e-06 4.6390846e-06 1.5207905e-06 0.0019769245 0.0025690168 1.9205497e-06 9.899625e-07 1.2815936e-07 0.0008118947 0.00031913474 5.339276e-07 4.328443e-06 3.771632e-06 4.150449e-06 9.236621e-07 1.0393797e-05 1.063074e-06 5.5891264e-06 2.1697194e-06 1.8674484e-07 5.2398315e-07 4.948817e-06 5.0039866e-08 3.1407165e-08 2.1681237e-07 3.0785072e-06 1.0060289e-06 1.4286007e-07 4.556112e-08 5.861915e-06 0.00011167035
0.49071473 0.015204267 0.0011486495 0.0010017973 0.410348 0.0006783346 0.9825749 5.4079876e-05 6.040191e-14 0.0017128119 0.00028609426 0.048366938 0.88642687 0.9308092 2.2034412e-05 4.088469e-06 1.2727049e-05 3.8235767e-06 0.6146197 3.4301688e-06 4.676219e-06 0.0013857603 1.0360742e-07 4.1158496e-06 0.024700928 0.07721124 0.035694145 0.29855573 0.0005085284 0.06779453 0.22305846 1.4496609e-05 3.739837e-06 0.6116238 0.008561458 0.012536793 0.016850604 0.015732717 0.065447405 0.0027722502 4.2339407e-06 0.00071531034 0.0017158863 0.0002227792 0.00030643976 0.00042067232 0.11767301 3.5518383e-08 0.00016989624 0.056657907 0.0011823784 0.0010547447 0.00064040103 2.7910108e-05 0.0010314772 0.0003631118 8.1438316e-07 4.2408654e-05 0.0009828972 0.010570034 0.00022447831 0.0032171856 2.947827e-07 0.002126574 0.00017500136 0.024767345 4.7103764e-05 5.112563e-05 4.1844182e-06 0.0042691655 0.0001270124 0.0005758363 3.7785463e-05 0.0005483607 0.0057444633 2.4312654e-05 1.2231105e-05 1.8589337e-05 0.002900934 0.0062744166 6.8728223e-06 0.00013365 0.00021650296 0.00023985228 3.7408502e-06 0.0013536889 2.9462732e-05 0.0011145246 5.1495836e-06 1.9278617e-05 1.5759084e-06 0.00045100722 1.08703986e-07 3.7221722e-07 4.2139225e-05 0.00018191988 0.0001452324 2.3632416e-05 5.1290688e-05 3.0410563e-05 0.0008703504
0.696542 0.0116363615 0.2242545 0.3020602 0.0051223435 0.67663944 0.013725468 0.5877701 0.0017128119 8.000046e-14 0.97871685 0.976265 0.00094048464 0.011257797 0.10738301 0.009208202 0.0061394367 0.001258792 6.578743e-05 0.008331708 0.0076081897 0.80786395 0.0021538318 0.0049649873 0.26961222 9.9211466e-05 0.18510933 0.0009125566 0.09294517 3.1165117e-05 0.0012222828 0.040019304 0.014826891 0.008810366 7.8758385e-06 2.281844e-05 9.952993e-06 3.9032107e-05 0.09684453 9.2017135e-06 0.00028917554 4.79975e-07 0.14328247 3.8611083e-07 1.4754071e-06 2.701509e-06 0.00087735866 2.7114227e-06 4.9310256e-07 0.00047127783 0.038321905 2.6994817e-06 3.7036339e-06 0.00048942695 0.0905463 8.578793e-07 3.715735e-07 0.00044211443 1.9657788e-05 0.000108649525 1.0443218e-05 3.3573804e-05 2.5557088e-06 3.5101722e-05 0.0072613847 0.002212388 0.0013554316 2.1764863e-06 1.6054963e-05 0.020448897 5.1403595e-06 2.149586e-05 3.678073e-06 0.0078063775 0.015835589 5.0016347e-06 2.7785202e-07 1.8869098e-07 0.0045470907 0.0018769823 1.1387697e-06 3.445066e-06 1.3421307e-05 4.776774e-06 1.481236e-07 3.672442e-05 1.5513386e-06 7.1947275e-06 3.3602935e-06 2.763418e-07 2.4150693e-06 1.099423e-06 6.050357e-08 7.808893e-08 3.4546906e-07 1.2396303e-06 8.577778e-07 1.3757422e-06 4.273474e-07 2.686392e-06 0.00014215114
0.753203 0.0034066483 0.1320379 0.19151111 0.00049591565 0.77338666 0.0012993258 0.8862481 0.00028609426 0.97871685 1.11848295e-14 0.73047835 3.179671e-05 0.002088305 0.4831711 0.07256143 0.013693115 0.005989969 4.455182e-06 0.13671795 0.14484581 0.93085927 0.012833031 0.064962156 0.23961957 2.4876112e-05 0.0912655 0.00050098775 0.57726383 7.1042637e-06 0.0001440666 0.2554314 0.08554669 0.000809464 3.1611985e-06 5.977525e-06 2.8745897e-06 2.2517974e-05 0.045825135 1.2506163e-06 0.003062214 1.6296192e-07 0.12195159 1.394371e-07 2.19183e-07 2.3314774e-06 0.0002561538 2.581093e-05 4.670273e-08 3.5479203e-05 0.048850786 4.3402216e-07 1.4616039e-06 0.0025320393 0.113017835 7.052595e-08 1.9742224e-06 0.0011975768 1.1259303e-05 2.8314931e-05 8.011416e-06 3.6486254e-06 1.4154071e-05 2.6762173e-06 0.021793297 0.0026729375 0.002850237 3.7664864e-07 8.320051e-06 0.011872502 2.4953274e-06 1.242985e-06 1.1740192e-07 0.008144601 0.014286424 2.6934708e-07 4.691307e-08 8.5510734e-08 0.007770729 0.0016382897 3.3815365e-08 4.4041976e-06 1.0871502e-06 4.1646098e-07 2.4247733e-08 8.544985e-06 6.1851927e-07 3.0961567e-07 1.2915634e-06 3.082332e-08 6.59224e-07 3.1815222e-08 1.2427122e-08 9.551788e-09 5.422429e-08 1.8634829e-07 3.7428717e-07 1.9869805e-07 4.3203176e-08 7.4554384e-07 9.5420924e-05
0.94618213 0.078687765 0.49903262 0.53599215 0.057997152 0.60792655 0.18077095 0.34377718 0.048366938 0.976265 0.73047835 3.3921054e-15 0.0073372717 0.12138655 0.025476454 0.002170562 0.0014862779 0.00048192203 0.00050506054 0.0015127308 0.000837461 0.77036566 0.00010824329 0.00026355308 0.9205372 0.0005237112 0.74918485 0.004368339 0.033985894 0.00022603855 0.009962362 0.010502626 0.0014302372 0.14015177 5.1674295e-05 0.00026128246 6.572535e-05 0.00076134916 0.4812111 9.313897e-05 5.147195e-05 5.5033674e-06 0.4929177 2.5893412e-06 1.2355152e-05 8.787875e-06 0.009849199 1.9988423e-07 2.6803373e-06 0.0018814798 0.13399902 1.3024527e-05 6.2789923e-06 9.034547e-05 0.2037688 9.986618e-07 3.5820246e-08 3.0521725e-05 1.6030941e-05 0.00086595776 3.7224178e-05 0.00020844868 5.9196634e-07 0.00016061035 0.004045871 0.026401276 0.00108806 5.798535e-06 1.0146278e-05 0.11181065 1.0862666e-05 7.59881e-05 8.64689e-06 0.021487866 0.09211933 4.939156e-06 4.920024e-07 3.593869e-07 0.02963456 0.0065976838 5.5768114e-06 1.077873e-05 0.0003947182 4.372469e-05 1.460511e-07 0.00097405905 1.3814797e-06 0.0008285493 3.202845e-06 5.5669707e-06 2.4405737e-05 0.00013450348 5.12845e-08 2.6563e-08 3.5533903e-06 0.000120641074 4.1261053e-05 3.7702152e-06 6.483816e-06 2.0287332e-06 0.0005621208
0.07135134 0.0039791875 0.00013042035 8.7528264e-05 0.42562568 0.00012644427 0.7883941 1.2041871e-05 0.88642687 0.00094048464 3.179671e-05 0.0073372717 6.3745044e-15 0.3664223 3.4655425e-06 5.5386763e-06 1.7195973e-06 5.5951557e-05 0.9934638 6.0095967e-06 5.031594e-06 0.0003299652 7.6200024e-08 6.83092e-07 0.00065876683 0.06940723 0.0011768767 0.08241912 0.0005394675 0.1221502 0.024259308 2.6985823e-05 1.6370384e-05 0.08993258 0.008750352 0.011265507 0.012800223 0.024171555 0.003086839 0.0030794677 3.1363227e-06 0.0004226524 0.00067562854 0.00033075 0.0002576832 0.0005172962 0.012509194 2.0753768e-07 0.000105860425 0.0088618705 0.00012296667 0.00040574357 0.00077792624 5.2949377e-05 0.000119100885 0.0001526619 7.473798e-07 8.473132e-05 0.00058649597 0.0011092444 0.00012436527 0.00023521557 1.3403214e-06 0.00042205324 0.00027478568 0.0018813999 4.6482808e-05 2.1239146e-05 4.7592994e-06 0.00073397206 0.00022497703 0.00030299876 2.0194457e-05 0.000103285674 0.0005603591 1.8837705e-05 2.7706063e-05 8.387025e-06 0.0003591591 0.00056496006 4.603334e-06 3.1132793e-05 1.9818766e-05 3.053838e-05 3.2787248e-05 0.0001005885 4.2536462e-06 6.361784e-05 1.4248537e-05 2.6020216e-05 5.7197867e-06 5.8220936e-05 5.2557016e-07 5.517685e-07 3.177637e-05 1.5322908e-05 2.3949535e-05 2.4286559e-05 3.983396e-05 1.3371238e-05 0.00086237246
0.971616 0.016642334 0.0061128857 0.0071772835 0.14929688 0.002060829 0.94442105 0.0004924867 0.9308092 0.011257797 0.002088305 0.12138655 0.3664223 1.4135702e-12 0.00017451754 2.0735097e-05 2.1990514e-05 8.5596985e-06 0.09048053 4.272138e-05 2.7824899e-05 0.01084428 2.1132789e-07 1.5088298e-05 0.2347069 0.04012242 0.2797251 0.2735729 0.002415196 0.10683375 0.45325068 0.00031817565 1.0658418e-05 0.91509384 0.021713097 0.029326495 0.022785628 0.011836906 0.43253145 0.0044288184 1.2015015e-05 0.0012416214 0.038017802 0.0013802947 0.001082052 0.0022699912 0.2570031 3.992192e-07 0.0011259267 0.058054857 0.043595854 0.0032707627 0.0010964442 7.642474e-05 0.009529416 0.0013719492 1.01416e-06 2.3669927e-05 0.00015623329 0.024765974 0.00015200772 0.009100762 8.2263426e-08 0.014127816 0.001117381 0.2990642 0.0007256428 1.023656e-05 2.3492468e-05 0.11158276 4.5253866e-05 0.0002858289 5.7619025e-05 0.011128692 0.09592474 6.542354e-05 1.072879e-06 6.191351e-06 0.057179466 0.06595402 3.9020033e-06 7.733692e-06 0.0010293556 0.00033024917 9.791311e-07 0.0012530667 1.2674361e-05 0.0021390535 1.9637642e-05 7.105727e-06 2.0445856e-05 0.00042913936 1.9954307e-09 2.5908353e-08 3.7224333e-06 0.00014352205 0.000116374984 2.0090906e-06 8.87266e-06 8.334178e-06 0.0012180838
0.049545962 0.000886075 0.0039227037 0.0031939386 6.935019e-05 0.6679595 0.00018773795 0.9016783 2.2034412e-05 0.10738301 0.4831711 0.025476454 3.4655425e-06 0.00017451754 4.382777e-14 0.97971463 0.6503991 0.42106012 9.543025e-06 0.8297834 0.5322651 0.4813571 0.8740044 0.22491348 0.012044645 3.314995e-05 0.0025945965 2.5546133e-05 0.24410374 7.9081303e-07 7.920513e-06 0.14762902 0.1289997 0.00014465391 8.476308e-07 1.8697285e-06 1.0649908e-06 0.0006843307 0.0013940859 6.6048033e-06 0.021885697 1.3673579e-06 0.011368562 2.5119816e-06 1.0202518e-05 2.0090733e-06 8.558838e-05 0.0008846742 2.229067e-06 1.3246626e-05 0.0015974849 1.5111417e-06 1.2980357e-05 0.0042601954 0.0042133504 1.143953e-06 3.7825967e-06 0.0035003843 4.0641607e-06 1.02669865e-05 1.4116965e-06 1.3768992e-05 0.00013358067 3.3218607e-06 0.0020461148 2.7187025e-05 0.00031156722 5.1472534e-07 1.1153267e-05 0.00043788622 5.944144e-06 1.5926587e-05 3.0144295e-06 0.00055005716 0.00034308285 1.3497893e-06 2.7093702e-06 4.4944196e-07 0.00018551818 0.00018099044 1.1449822e-06 1.0313507e-06 4.1745113e-07 4.620124e-07 8.649425e-07 2.0046082e-06 2.8187602e-05 7.7813615e-07 2.3705923e-06 1.1609502e-07 9.926872e-07 2.7888552e-07 7.0796844e-08 3.4604415e-07 1.8836175e-07 8.6349934e-07 1.9325114e-07 2.0353909e-07 1.365232e-07 2.5229099e-06 2.0981735e-05
0.00852347 0.0009015995 0.0019411311 0.0012150538 4.3272645e-05 0.20734735 0.00013954774 0.31571436 4.088469e-06 0.009208202 0.07256143 0.002170562 5.5386763e-06 2.0735097e-05 0.97971463 1.2539211e-13 0.9479447 0.8443076 8.647805e-06 0.41388556 0.15866356 0.07781311 0.91510093 0.041088253 0.00071323273 0.000109544395 0.00026209131 7.9869815e-06 0.036243226 1.2161707e-06 1.4054285e-06 0.015147381 0.0072622397 1.1829655e-05 4.785982e-07 3.5857965e-07 7.333891e-07 0.00056144554 8.4903295e-05 7.060705e-06 0.011431298 2.8744648e-07 0.0004184706 1.579634e-06 1.871716e-06 2.9974368e-07 4.478642e-06 0.00032069284 6.8245e-07 9.94923e-07 6.5400156e-05 1.4886623e-07 1.6057526e-06 0.0007654626 0.0001336635 4.7033126e-08 9.670868e-06 0.0006281358 9.849711e-06 8.1181247e-07 2.0294724e-06 3.8175628e-07 0.00083728286 1.9409188e-07 0.00043967296 4.287871e-06 0.00015707948 3.8784202e-07 4.9792638e-05 3.6330646e-05 1.8376919e-05 2.6048158e-06 2.3823425e-07 9.893208e-05 2.0248375e-05 1.3830267e-07 6.662093e-06 4.5508511e-07 3.4072345e-05 9.657454e-05 1.0162591e-06 4.584609e-06 3.368281e-07 5.7312914e-08 1.2526412e-07 1.2476809e-06 5.040111e-05 1.8499776e-07 7.727255e-08 4.8934776e-09 1.0993376e-07 4.4082604e-08 2.2049188e-07 1.8423084e-07 2.9518034e-08 1.5838962e-07 8.491102e-08 2.5590058e-08 2.1160467e-08 4.236542e-06 0.00011588624
0.0024351962 0.0008604074 0.0009885258 0.0009259073 7.45369e-05 0.84764487 0.00013714143 0.26797506 1.2727049e-05 0.0061394367 0.013693115 0.0014862779 1.7195973e-06 2.1990514e-05 0.6503991 0.9479447 2.2583853e-14 0.99649686 3.7643088e-06 0.11762642 0.030763188 0.0030370725 0.96717024 0.0020150421 0.00019353452 2.8543748e-06 2.5982996e-05 1.0416089e-06 0.0009684972 5.496853e-08 5.0188623e-07 0.00034078682 0.00017312443 4.3003447e-06 3.0978757e-07 4.0478736e-07 1.353008e-07 8.43987e-06 2.535531e-05 8.379573e-08 0.0022522628 5.1836597e-08 0.00012293748 1.5498701e-06 4.0846277e-07 2.730952e-07 2.4319506e-06 0.000109214765 5.870863e-07 9.794495e-07 2.6468062e-05 2.2455207e-07 9.832015e-07 8.332513e-05 2.453514e-05 7.133605e-08 3.21255e-05 5.894516e-05 2.3676712e-06 1.9281e-06 2.103298e-07 1.2798765e-07 0.00032153775 2.348933e-07 2.5599762e-05 5.2173955e-06 1.1779771e-05 8.437921e-08 2.347631e-06 1.0944774e-05 6.9855054e-07 1.1179235e-06 1.5040844e-07 1.1149417e-05 2.1372765e-05 5.576816e-08 1.216517e-07 6.6101904e-08 1.6414986e-05 3.1027585e-06 4.3034994e-08 2.9231136e-05 3.802074e-07 1.3535191e-07 2.5432803e-07 9.907465e-07 0.00035665854 9.59296e-07 7.237242e-08 2.0092264e-08 1.3786448e-06 2.4575348e-07 8.5638584e-07 1.446508e-07 1.1714424e-07 1.7631832e-07 4.4605045e-08 7.46262e-08 4.328583e-08 3.6351855e-07 9.323393e-06
0.00066000625 0.00048935134 0.0002904951 0.00025108198 9.786056e-05 0.12848854 0.0003191326 0.07446735 3.8235767e-06 0.001258792 0.005989969 0.00048192203 5.5951557e-05 8.5596985e-06 0.42106012 0.8443076 0.99649686 1.2880348e-13 1.9253115e-05 0.11203651 0.022024242 0.0017137997 0.97420853 0.0019259717 7.845003e-05 0.00010089797 2.4936682e-05 1.263744e-05 0.00032781105 4.9756517e-07 1.3595613e-06 0.00015683834 7.309844e-05 3.869244e-05 1.7979872e-06 1.9517058e-06 2.1518597e-06 0.00018741311 8.607353e-05 5.932232e-07 0.0067121196 3.9001745e-07 0.00019365252 1.4394216e-06 8.3255225e-07 1.9984112e-07 4.432306e-06 0.00052909524 8.415118e-07 2.6603184e-06 4.0263556e-05 6.3998704e-07 4.0569205e-07 0.00026207883 2.8453418e-05 1.1861873e-07 5.3140804e-05 0.001578583 3.3219433e-06 5.2095993e-06 2.6162206e-06 6.564435e-07 0.0009819191 3.2893325e-07 7.0096976e-05 1.6193695e-05 9.287721e-05 6.193492e-07 1.1281651e-05 9.513856e-06 1.6000395e-05 3.711873e-06 1.0416342e-07 1.82461e-05 3.4483845e-05 7.615803e-08 5.4282914e-06 5.414014e-07 4.5507346e-05 1.6710894e-05 5.366736e-07 6.243267e-06 2.191293e-07 7.322273e-08 7.4766785e-07 1.1873944e-06 0.00019376409 1.4108391e-06 2.6700567e-07 3.0608483e-08 1.5414577e-06 2.6331878e-07 4.9541954e-06 2.4456613e-06 3.4639083e-07 1.1445653e-06 3.839122e-07 8.533571e-07 8.529714e-07 4.7551407e-07 1.3093808e-05
0.013613201 0.00950473 9.198463e-05 4.06281e-05 0.79841924 4.1473064e-05 0.4334363 1.0876013e-06 0.6146197 6.578743e-05 4.455182e-06 0.00050506054 0.9934638 0.09048053 9.543025e-06 8.647805e-06 3.7643088e-06 1.9253115e-05 2.0069894e-12 3.1563695e-06 6.731312e-07 0.00020488084 6.538004e-08 1.091792e-07 4.314079e-05 0.8172442 4.9930495e-05 0.018086707 0.0003316246 0.48019022 0.00281788 4.9904243e-06 8.477493e-06 0.003771057 0.0023498286 0.0031796845 0.019579392 0.7638555 0.0003962302 0.004962417 1.4603264e-06 0.0011167616 9.3666924e-05 0.0002026382 0.00020619806 0.00022812991 0.00136869 8.936238e-08 9.400958e-05 0.0010410335 3.8996353e-05 6.216191e-05 0.00045521668 1.2579398e-05 8.7975066e-05 2.5479758e-05 5.4423515e-07 1.1273046e-05 0.0067241997 0.00019254613 0.0011817708 8.362518e-05 1.3552952e-05 3.888828e-05 0.00019646568 9.621335e-05 8.248182e-06 0.00023903843 4.5862816e-07 8.7157096e-05 0.00013345093 3.0022264e-05 6.0363577e-06 1.5163742e-05 2.9539451e-05 5.6651097e-06 6.3043553e-06 4.6287655e-06 6.372489e-05 0.0002222351 5.365792e-06 0.0011844629 1.0922825e-05 1.1952136e-05 1.1952741e-05 5.076726e-05 1.354547e-05 7.5590674e-06 3.4004095e-06 4.3547598e-06 8.24021e-06 4.8168977e-06 6.5750925e-07 5.2943136e-08 8.018257e-06 3.4517745e-06 4.9022524e-06 1.0394472e-05 1.7300425e-06 8.937654e-06 0.0006311725
0.06634662 1.7709537e-05 2.4250849e-05 4.1349293e-05 7.341782e-06 0.05132482 2.6091033e-05 0.19935507 3.4301688e-06 0.008331708 0.13671795 0.0015127308 6.0095967e-06 4.272138e-05 0.8297834 0.41388556 0.11762642 0.11203651 3.1563695e-06 8.253727e-14 0.99632806 0.29668298 0.92638105 0.82382435 0.0038647302 0.00022524924 0.00089669804 2.7028167e-05 0.3599641 9.565212e-06 7.685431e-06 0.26099902 0.2988251 9.2606395e-05 3.5007446e-07 9.3609054e-07 3.3424494e-06 0.0007388086 0.00027185536 1.4967767e-05 0.05103018 1.5824097e-06 0.0031549926 1.0370258e-06 3.0804924e-06 2.4876028e-06 1.042127e-05 0.0025621478 6.1214223e-07 6.7824076e-06 0.002153259 1.7156488e-07 8.4750845e-06 0.018863196 0.009406906 7.218575e-08 2.0909627e-05 0.018187402 1.7113138e-05 2.4119436e-06 4.402266e-06 3.220633e-07 0.00084589026 8.9131004e-07 0.010424876 3.0789404e-05 0.0017712174 1.502167e-06 2.3120932e-05 0.00013987363 1.1463091e-05 4.35591e-06 8.821055e-07 0.0006314184 0.00029600013 4.3340458e-07 7.331098e-06 1.4240003e-07 0.00013151723 4.2721345e-05 5.62116e-07 1.5889327e-05 4.6867663e-07 3.7175923e-07 1.5355471e-07 3.0487615e-06 1.745704e-05 2.609322e-07 9.325717e-07 2.231183e-08 1.0288948e-06 1.1338147e-07 1.4036492e-07 2.9260113e-07 8.116527e-08 4.3281602e-07 6.4304544e-07 5.8164545e-07 1.9550804e-07 1.8475324e-05 6.09414e-05
0.15349312 8.109135e-05 4.4424687e-05 3.1299685e-05 3.8063788e-06 0.02581023 4.2271087e-05 0.1078848 4.676219e-06 0.0076081897 0.14484581 0.000837461 5.031594e-06 2.7824899e-05 0.5322651 0.15866356 0.030763188 0.022024242 6.731312e-07 0.99632806 2.7201401e-14 0.3017803 0.8747314 0.9384039 0.004019199 3.508369e-05 0.0006599848 6.6445737e-06 0.4496123 5.0918635e-07 4.0427253e-06 0.3655771 0.3566071 4.8535865e-05 2.5602228e-07 3.6594332e-07 8.172213e-07 1.8757715e-05 0.0002274955 6.399596e-07 0.101311766 1.4856924e-07 0.0051490534 3.5440547e-07 5.01768e-07 4.442863e-07 9.10971e-06 0.0046178056 1.0012656e-07 1.3518917e-06 0.0030931924 1.3306425e-07 5.478533e-07 0.08637338 0.014329954 1.0861811e-08 0.00018074825 0.038879495 6.404227e-06 6.252822e-07 3.2050386e-06 3.6483986e-08 0.0012328147 1.1791584e-07 0.025510512 3.345561e-05 0.0076047657 1.1925716e-06 5.0492567e-05 0.000637637 9.536188e-07 4.4635794e-07 5.443434e-08 0.0016344709 0.0009245392 1.2182525e-07 6.3864695e-07 1.6722362e-08 0.00044232002 2.848407e-05 4.2273115e-08 5.934631e-07 1.0407246e-07 1.3827102e-07 6.388037e-08 5.1955556e-07 2.649976e-05 3.8347363e-08 3.5704102e-07 3.0772311e-09 1.7699499e-08 3.912205e-08 2.807566e-08 3.032809e-08 1.1048317e-08 8.904557e-08 5.891652e-08 7.293086e-08 9.7242525e-09 2.4854816e-07 2.8121845e-05
0.96163213 0.002096169 0.09097976 0.14077133 0.0020125792 0.52107525 0.011751165 0.7095388 0.0013857603 0.80786395 0.93085927 0.77036566 0.0003299652 0.01084428 0.4813571 0.07781311 0.0030370725 0.0017137997 0.00020488084 0.29668298 0.3017803 1.3248468e-13 0.113669395 0.54063815 0.61596423 0.00028028284 0.3972724 0.0008964343 0.92495704 0.00043216906 0.00029518487 0.62331456 0.52400655 0.0051177708 6.0167013e-06 6.49952e-05 0.00016224496 0.0016464075 0.2125068 7.2341436e-06 0.03336772 7.032735e-06 0.69878787 2.9975613e-06 1.7859766e-06 2.0791691e-05 0.0006203426 0.00017123202 8.452623e-07 3.0084975e-05 0.39233407 8.447644e-07 2.9904591e-05 0.0020827432 0.73332787 1.9727084e-07 9.902345e-07 0.0015509208 0.00030263027 2.8885677e-05 7.932729e-06 6.4632827e-06 8.9122805e-06 9.716834e-06 0.13044663 0.010507821 0.015950378 2.0402571e-07 6.558816e-05 0.20036599 1.8790221e-06 4.184027e-06 5.329712e-07 0.14320375 0.19506799 2.1739002e-07 1.523311e-07 6.621081e-08 0.06563964 0.004853353 2.2987868e-07 4.756116e-05 1.4131122e-06 7.767016e-07 5.993079e-08 3.0210931e-05 4.8064257e-06 6.101877e-06 2.8888305e-06 1.4003278e-07 1.949445e-05 7.24299e-07 2.6336986e-08 2.5873044e-08 9.471749e-08 1.1347616e-06 1.4759377e-06 1.2692188e-07 1.3529022e-07 8.8131965e-06 0.00019564376
0.034801472 9.235037e-07 1.9261886e-06 2.841449e-06 2.5567968e-07 0.004796968 4.256609e-06 0.0886868 1.0360742e-07 0.0021538318 0.012833031 0.00010824329 7.6200024e-08 2.1132789e-07 0.8740044 0.91510093 0.96717024 0.97420853 6.538004e-08 0.92638105 0.8747314 0.113669395 1.0740038e-12 0.9381527 0.00018207781 7.733846e-06 1.0921949e-05 3.370186e-07 0.18130197 2.6635564e-07 4.0300066e-08 0.15800881 0.16048375 2.3372375e-07 1.034348e-08 1.7675815e-08 1.9587262e-08 2.6282181e-05 7.2913963e-06 8.626165e-08 0.90015435 3.089741e-09 0.00032312764 3.559203e-08 1.13604095e-07 2.9599049e-08 2.0561414e-07 0.189103 6.7115553e-09 1.5877715e-08 0.00020352543 8.1840945e-10 5.7599053e-08 0.15122321 0.0019375365 6.461429e-11 0.016585296 0.05144185 1.2083531e-06 4.687676e-08 7.107719e-08 1.1102327e-09 0.068800904 2.8954155e-09 0.013671534 1.2165697e-06 0.007015861 1.3361913e-08 0.00097111874 1.2152218e-05 6.395404e-07 4.653776e-09 5.7889427e-10 0.00041875243 8.1390725e-05 5.835559e-10 1.0240954e-07 4.2540744e-09 1.621151e-05 3.7249887e-05 2.0685508e-08 5.674796e-07 3.359215e-09 2.2469278e-09 1.11908385e-08 1.7101404e-07 0.0007836333 4.381476e-09 1.571541e-08 9.794999e-11 7.0646413e-09 7.3331946e-10 4.066969e-09 4.994961e-10 3.1505587e-10 2.4577664e-09 1.734054e-09 4.811979e-10 2.3434635e-10 4.3565374e-06 6.325617e-05
0.9261653 8.2256565e-07 4.206532e-06 7.3380506e-06 1.5844522e-07 0.0006229387 1.2397064e-05 0.043667674 4.1158496e-06 0.0049649873 0.064962156 0.00026355308 6.83092e-07 1.5088298e-05 0.22491348 0.041088253 0.0020150421 0.0019259717 1.091792e-07 0.82382435 0.9384039 0.54063815 0.9381527 8.939459e-16 0.0261435 2.684044e-06 0.0012756736 3.1340292e-06 0.8295353 1.1194894e-08 9.3276304e-07 0.8688987 0.95014286 5.190831e-05 1.9443323e-08 1.9026604e-08 4.7641482e-08 3.5753837e-06 0.00046357082 3.8418012e-08 0.8381361 4.742125e-09 0.025180584 1.7841007e-08 2.9191781e-08 3.214411e-08 1.775286e-05 0.06793158 7.2857973e-09 5.110693e-06 0.032846704 1.3836117e-08 2.460174e-08 0.7704537 0.2527608 3.6139614e-09 0.0002452713 0.56445795 6.4032224e-07 5.065187e-07 4.361788e-06 1.2001456e-07 0.0010211094 1.1713676e-07 0.537299 9.8977376e-05 0.24328293 1.5068782e-07 0.0005107953 0.0062533477 1.8832216e-08 1.1195627e-07 2.898014e-08 0.074536644 0.032784138 2.782823e-08 3.8494882e-08 1.4894943e-09 0.011037731 0.00021500525 1.4474236e-08 1.2669472e-08 6.901634e-07 8.737393e-08 1.2472953e-08 3.3494025e-06 5.890675e-06 3.142048e-07 1.4520143e-07 7.871276e-09 6.2743553e-09 8.6926285e-08 2.9973253e-09 7.004411e-09 1.4910698e-08 1.036562e-06 4.271934e-07 2.2489012e-08 9.32787e-09 2.8877662e-07 5.4824588e-05
0.9347107 0.002994266 0.057544798 0.07648553 0.0044513755 0.10534501 0.05044501 0.07568271 0.024700928 0.26961222 0.23961957 0.9205372 0.00065876683 0.2347069 0.012044645 0.00071323273 0.00019353452 7.845003e-05 4.314079e-05 0.0038647302 0.004019199 0.61596423 0.00018207781 0.0261435 9.940066e-15 3.9624963e-05 0.96825296 0.002858841 0.1592573 6.6685854e-05 0.0020685159 0.04047661 0.0107910065 0.070698135 0.00017145998 0.0013815147 1.9290665e-05 0.00017831108 0.799309 3.7521928e-05 0.004710608 7.368135e-06 0.81959903 1.6900687e-05 2.4128465e-05 3.119887e-05 0.004594195 0.000102527745 9.287265e-06 0.00041097662 0.36022115 1.1979684e-05 2.5519932e-05 0.0013062878 0.4210186 1.1624421e-06 8.934692e-07 0.0010269474 2.3704818e-06 0.0002696014 1.607681e-05 8.954678e-05 7.6255133e-06 2.224256e-05 0.030681299 0.051716056 0.008759967 1.6300538e-06 4.1397863e-05 0.23348899 3.305635e-05 4.122095e-06 4.5896863e-07 0.09824382 0.20776437 7.1167364e-07 2.8392995e-07 5.029372e-08 0.121635765 0.019866858 5.612353e-07 5.3062813e-05 1.4959861e-05 1.8873283e-06 1.0392608e-07 0.00019371105 4.4798017e-07 0.00011630387 1.1309695e-06 1.6366082e-08 1.2291184e-07 1.4032161e-06 2.027416e-08 4.9700932e-09 2.0401394e-08 1.595126e-05 3.7963753e-05 1.2613383e-07 2.6784718e-08 5.9264437e-08 0.0006710907
0.030359998 0.00045597143 3.842624e-05 3.1194195e-05 0.0009580267 6.2507774e-05 0.02686121 1.8138311e-05 0.07721124 9.9211466e-05 2.4876112e-05 0.0005237112 0.06940723 0.04012242 3.314995e-05 0.000109544395 2.8543748e-06 0.00010089797 0.8172442 0.00022524924 3.508369e-05 0.00028028284 7.733846e-06 2.684044e-06 3.9624963e-05 2.1194717e-12 7.8817335e-05 0.114041574 0.0006503252 0.95884115 0.012081458 5.3067117e-05 5.8040263e-05 0.008223504 0.057948545 0.09881505 0.2840044 0.9877452 0.0008710188 0.14144623 0.00012735312 0.05242354 0.00027419903 0.018836357 0.020994749 0.021189662 0.008295175 2.3803973e-06 0.01501252 0.026810944 5.100028e-05 0.0038807997 0.06525243 0.00011062974 8.058815e-05 0.001903491 3.553484e-05 0.0002473065 0.025906926 0.0014711394 0.00013171806 0.000452095 1.9739882e-05 0.0010125521 0.00021474194 0.00041660923 2.3717557e-05 2.2637887e-05 1.4926073e-05 0.00013997132 0.0015512434 0.00018943989 5.741142e-05 4.643314e-05 0.00020838508 0.00017359196 0.00027518062 4.617653e-05 0.0003200164 0.0008404433 2.2811608e-05 8.668377e-05 0.000120312354 0.00016739055 0.0001593901 0.00020958789 1.1484407e-05 8.075141e-05 6.388376e-05 5.9873866e-05 8.163894e-05 0.00011143077 7.1584595e-06 6.581087e-06 5.404523e-05 5.4549375e-05 6.602036e-05 0.00011661896 2.5440617e-05 2.6754993e-05 0.0074551906
0.90645695 0.0019350253 0.022535378 0.030674929 0.0040973863 0.030844605 0.0653629 0.012379261 0.035694145 0.18510933 0.0912655 0.74918485 0.0011768767 0.2797251 0.0025945965 0.00026209131 2.5982996e-05 2.4936682e-05 4.9930495e-05 0.00089669804 0.0006599848 0.3972724 1.0921949e-05 0.0012756736 0.96825296 7.8817335e-05 4.916522e-16 0.0049640234 0.029506579 0.00024299197 0.01412164 0.01670104 0.0021902341 0.5237497 0.00025248813 0.001005721 6.40362e-05 3.0795865e-05 0.9168473 2.6280752e-05 0.00072656927 3.7928303e-06 0.83552444 2.1914624e-05 1.994402e-05 2.2844482e-05 0.0327056 2.6635005e-05 6.466877e-06 0.0026668443 0.4104279 3.431195e-05 3.658444e-06 0.00065392395 0.32644293 4.348236e-06 4.8424603e-08 0.00061985827 1.0413035e-05 0.005055169 5.478421e-06 0.0007166879 3.4016756e-07 0.00012983533 0.015180007 0.20597683 0.00564382 3.0146666e-07 6.701799e-06 0.5350947 2.2466087e-05 3.0841595e-05 5.042921e-06 0.11368945 0.26491103 1.63484e-05 1.6680036e-07 3.6698898e-07 0.13979433 0.04869759 2.494666e-06 1.0441122e-06 0.00027387758 5.5434823e-05 9.1459356e-07 0.0016791369 1.0107599e-07 0.0018665263 5.963358e-06 2.6065381e-06 2.7116013e-08 0.00015897627 2.6465194e-08 2.7028282e-08 5.9127883e-06 0.000255271 0.00030272492 1.6154532e-05 6.33447e-06 5.402072e-08 0.0031798787
0.7925036 0.00036120304 2.9003186e-05 2.2050808e-05 0.0028597848 0.00023064058 0.071800455 5.070049e-05 0.29855573 0.0009125566 0.00050098775 0.004368339 0.08241912 0.2735729 2.5546133e-05 7.9869815e-06 1.0416089e-06 1.263744e-05 0.018086707 2.7028167e-05 6.6445737e-06 0.0008964343 3.370186e-07 3.1340292e-06 0.002858841 0.114041574 0.0049640234 6.154042e-13 0.00037180076 0.50890154 0.98910993 8.31708e-05 2.2494856e-05 0.29492396 0.8857023 0.8372438 0.4379188 0.13364102 0.015490953 0.08378536 5.2127702e-06 0.10330891 0.0025303084 0.089170665 0.040496893 0.093184404 0.346177 3.7946826e-08 0.029666314 0.4964908 0.0027754577 0.1116136 0.015117913 3.1726464e-05 0.0005924227 0.030818284 2.239021e-06 1.7141494e-05 0.0012021625 0.046779364 0.0010538258 0.009411746 4.331135e-06 0.015621163 0.00029603852 0.028059885 5.2281466e-05 0.00018062592 4.002497e-05 0.011037604 0.0010430916 0.0039463653 0.0012822583 0.00068346027 0.0053937924 0.00090195937 3.474784e-05 0.00024161061 0.004979678 0.02106972 0.00017759965 3.1623218e-05 0.0028199381 0.0012689825 2.525569e-05 0.003830422 3.0952622e-05 0.0031272417 5.7795634e-05 0.00021081713 7.343585e-05 0.00046914732 4.735439e-08 2.1535019e-08 9.9990175e-05 0.00038341957 0.00042192388 0.0001808555 6.326746e-05 8.362808e-06 0.0010282322
0.97731197 0.00045814036 0.0012185798 0.0033412916 0.00061969244 0.05584728 0.00046156428 0.40389997 0.0005085284 0.09294517 0.57726383 0.033985894 0.0005394675 0.002415196 0.24410374 0.036243226 0.0009684972 0.00032781105 0.0003316246 0.3599641 0.4496123 0.92495704 0.18130197 0.8295353 0.1592573 0.0006503252 0.029506579 0.00037180076 4.6507472e-14 0.0001237209 0.00012793134 0.9496887 0.9062409 0.0013121524 9.622537e-07 4.2267013e-05 2.9253335e-05 0.0018996292 0.01771009 2.2091073e-05 0.13496125 4.295623e-06 0.45988292 4.0747375e-07 2.0743769e-06 1.3620361e-06 0.00036685166 0.018207297 3.1441192e-07 3.0011672e-05 0.2481841 4.1836378e-07 1.9301853e-05 0.010249715 0.59997594 6.9191145e-08 1.377183e-05 0.010413135 0.00048829545 6.4982087e-06 0.0001592807 2.7823532e-06 3.0594667e-05 1.4951725e-06 0.42556414 0.0030347288 0.11262975 1.7531984e-05 0.0001679755 0.072079875 7.0806615e-05 1.8161253e-06 3.082898e-07 0.25024444 0.12239788 5.423859e-07 7.098354e-07 4.1466393e-08 0.042000018 0.0038914995 3.1869112e-07 6.636028e-05 3.2369885e-06 6.398095e-07 1.787984e-08 8.136174e-06 1.8855499e-05 3.7580025e-06 6.3796637e-07 4.7159336e-08 4.9657892e-06 1.9394295e-07 4.6497053e-08 6.2411296e-08 2.2928315e-07 3.1323261e-06 2.3553275e-06 7.742942e-07 2.2279158e-07 1.5627547e-06 0.00038159307
0.43617177 0.00018792246 2.3915118e-05 1.02935255e-05 0.00046812274 1.6094591e-05 0.016587762 5.274307e-06 0.06779453 3.1165117e-05 7.1042637e-06 0.00022603855 0.1221502 0.10683375 7.9081303e-07 1.2161707e-06 5.496853e-08 4.9756517e-07 0.48019022 9.565212e-06 5.0918635e-07 0.00043216906 2.6635564e-07 1.1194894e-08 6.6685854e-05 0.95884115 0.00024299197 0.50890154 0.0001237209 1.1386217e-14 0.08111421 2.3755013e-06 6.7803217e-07 0.021875698 0.42005655 0.6735203 0.92728114 0.9407895 0.0009113247 0.73774076 2.380327e-06 0.48313054 0.00014781098 0.2793813 0.27959475 0.18866582 0.048048243 1.7800286e-08 0.19057183 0.21718627 1.160875e-05 0.07839729 0.49627775 2.1014537e-05 5.9512404e-06 0.04863752 3.2184914e-06 9.316896e-06 0.4084892 0.01619433 0.012196819 0.0050477744 2.7015514e-07 0.023023006 1.2118967e-05 0.0015595545 3.2064877e-06 0.0009264191 2.6046096e-06 8.3865576e-05 0.001829428 0.00084228266 0.00017804463 9.51225e-06 5.8472277e-05 6.64445e-05 4.9781345e-05 0.000118578406 9.487133e-05 0.0006256458 2.4560424e-05 0.00027827118 1.5114206e-05 2.0944552e-05 4.5880406e-05 9.4393276e-05 4.740491e-06 2.1516187e-05 2.2281818e-05 2.4494473e-06 4.008502e-05 5.0359886e-05 1.6552526e-08 3.5622392e-08 6.9939883e-06 5.5726114e-06 1.0556329e-05 2.8702286e-06 4.0596433e-06 0.00025575663 0.004010238
