2.420473e-18 0.5058988 0.5070879 0.30564284 0.7836644 0.284196 0.71379447 0.6945158 0.8816597 0.7526793 0.84883636 0.8062587 0.78282255 0.846318 0.95708877 0.9457355 0.3501555 0.67004544 0.94745684 0.66230386 0.94252664 0.9558768 0.97411203 0.6852425 0.80293846 0.92484367 0.96351725 0.00014604046 0.7681181 0.98782426 0.0831113 0.04967007 0.9553024 0.023804996 0.015206813 0.915735 0.6318266 0.4812652 0.8822749 0.99122083 0.9599224 0.46506667 0.0028072314 0.7974933 0.9981267 0.679165 0.011694574 0.85472333 0.8782249 0.99315864 0.8663668 0.012919855 0.20692319 0.000652991 0.99566394 0.15881896 0.9977941 0.99991965 0.6735567 0.36162758 0.9516902 0.9999879 0.2412722 0.71250063 0.86864924 0.99528307 0.3044015 0.00013362271 0.76432216 0.38109946 0.99936223 0.782174 0.9411139 0.9339967 0.43164757 0.89851147 0.5409877 0.45755163 0.7262759 0.9066251 0.98576826 0.68359905 0.089978024 0.012471665 0.3680746 0.68458855 0.9797579 0.047940228 0.45043328 0.25906444 0.67017776 0.99971277 0.4837675 0.027875707 0.055662494 0.15544133 0.99629694 0.12438698 0.9950512 0.59371287 0.09894969
0.5058988 2.4493628e-12 0.56051964 0.9259288 0.5700302 0.96466523 0.96928996 0.037789322 0.775051 0.0036254039 0.078821376 0.00037857366 0.032973528 0.2613761 0.15682036 0.10388443 0.62557495 0.00021950864 0.4373347 0.0011110576 0.007519986 0.00016726607 0.004833572 0.00022595169 0.00021929854 8.385631e-05 0.23062153 0.0010476586 2.0565123e-05 0.21294627 0.292137 0.0020384993 5.501891e-05 0.00952026 3.841891e-05 6.1733124e-05 6.9330155e-05 0.023798307 3.0573476e-06 0.11523608 1.6278314e-05 0.00050087576 0.00064377446 2.092363e-05 0.00016046046 4.420425e-07 4.4036827e-07 8.24985e-06 2.524472e-06 0.018302562 6.732056e-07 9.551675e-06 1.8749576e-07 2.5139117e-05 0.001478829 3.001629e-06 1.8626552e-05 0.04622229 1.1710554e-06 3.4704276e-06 1.2388814e-05 0.0667834 4.463928e-07 1.3045267e-08 1.5596794e-05 5.978725e-07 4.5886857e-08 4.644919e-08 1.732711e-06 3.2283052e-07 3.8618837e-06 6.248464e-09 8.072537e-07 7.44086e-06 1.95998e-06 4.139032e-07 6.3565217e-06 3.722451e-08 5.497102e-07 1.6850257e-06 2.600248e-07 1.9837987e-06 1.18195615e-07 1.17278034e-07 5.5524504e-07 4.1974855e-07 3.169332e-07 1.6267218e-07 2.5236677e-06 5.4953958e-08 2.7200588e-07 1.7422568e-06 2.036649e-07 2.3201706e-07 2.1385288e-08 1.815255e-07 8.5385705e-05 1.9157909e-09 5.4629304e-06 5.267516e-06 3.2567324e-09
0.5070879 0.56051964 6.838248e-14 0.0056548705 0.99162877 0.005433199 0.05446006 0.9923994 0.32330295 0.18465309 0.0014327951 0.061440505 0.1512172 0.007607522 0.007126715 0.6745626 0.4767062 0.0032797442 0.59845746 8.8109824e-05 0.13499375 1.6758166e-05 0.057061817 3.9242692e-05 0.0019318196 0.0012332622 0.25520164 0.000102410086 3.1532736e-06 0.06538925 0.010217885 0.0028255158 4.682882e-06 2.9413994e-05 0.00016738208 1.8231682e-05 0.00012224627 0.0002226233 4.8599503e-07 0.12675731 3.47307e-06 5.5017563e-06 0.000694016 0.00013696824 0.0014335721 6.5700027e-07 4.6566065e-06 4.056521e-06 6.4707046e-07 0.055313785 1.05114424e-07 1.4375668e-06 1.03967515e-07 3.5659968e-07 0.0006940398 1.2392124e-05 9.0076155e-06 0.05899 4.854633e-07 7.761947e-06 4.2818618e-07 0.012129831 4.2560183e-07 7.259691e-09 0.0002391155 3.2631465e-07 9.477487e-10 5.362896e-08 4.53419e-07 7.1978803e-07 2.9537184e-06 2.9293965e-08 1.8579658e-07 5.7485875e-05 2.5407655e-06 2.9965038e-06 1.724295e-05 9.323435e-10 9.104115e-08 4.602351e-06 1.3139435e-06 7.73134e-06 3.6300895e-07 9.594446e-08 4.487434e-07 1.04261815e-07 8.4289417e-07 2.0571733e-07 2.5812442e-06 4.5709423e-09 3.3019515e-07 1.1992996e-06 1.8431548e-06 1.13164006e-07 1.6547506e-08 3.755092e-07 7.820397e-05 2.1651573e-08 9.452386e-06 1.0783845e-06 3.848064e-08
0.30564284 0.9259288 0.0056548705 1.2151988e-12 0.018561855 0.9962489 0.8056158 0.00062400807 0.25684023 0.00016116486 0.9624355 5.2735904e-05 0.0014641922 0.55595034 0.16686009 0.005667303 0.06456106 1.1754645e-05 0.085768044 0.01357563 0.0006113979 0.0051654982 0.0003718557 0.003960026 9.0264606e-05 2.0261165e-05 0.06340816 0.0001301779 0.0014168305 0.10324193 0.07022277 0.00013014663 0.0020255388 0.0037670813 8.117054e-06 0.00093495933 3.2468895e-05 0.039189246 0.00022966517 0.015408473 0.00011739225 0.0013590923 0.000119568525 6.542967e-05 5.055101e-05 8.601584e-05 4.2581533e-07 0.00014451699 2.0044048e-05 0.0028503363 1.5765452e-05 5.210576e-05 1.0450542e-05 8.0902566e-05 0.003565086 4.0984587e-06 0.00022025684 0.00780115 4.347218e-05 1.464625e-06 0.00015095013 0.040820688 2.5684645e-05 6.188326e-07 6.163238e-06 8.093647e-06 3.2659264e-07 9.208661e-07 0.00011380217 3.5696291e-06 1.1585441e-06 9.187775e-07 1.2568984e-06 2.8331854e-06 3.60506e-07 5.3956105e-06 6.02812e-06 1.1198403e-07 4.9802634e-06 1.2468793e-06 4.6334054e-07 1.3734585e-06 2.8733425e-06 1.5252377e-06 2.808937e-06 2.1468213e-06 7.0693454e-07 5.328152e-07 7.801704e-06 1.2040199e-06 2.0450232e-06 2.6155321e-06 1.1211953e-07 1.9562713e-06 1.3322628e-07 2.3644354e-06 3.6448742e-05 1.1431399e-07 8.6356204e-07 3.7921196e-05 7.303108e-08
0.7836644 0.5700302 0.99162877 0.018561855 4.1760115e-13 0.0068239346 0.2243298 0.4954437 0.9324199 0.035105962 0.003914434 0.010465044 0.07479327 0.060201824 0.0718642 0.8469183 0.36862636 0.0007486354 0.9027369 0.0004244416 0.18987572 8.262751e-05 0.10377857 0.00010045871 0.0007858181 0.00044529204 0.756391 0.00012880628 1.623218e-05 0.32790145 0.018405573 0.0016666577 2.447209e-05 0.0003306387 6.725633e-05 7.5951655e-05 7.9614496e-05 0.00029779866 1.3961641e-06 0.38082767 7.611041e-06 8.872889e-06 0.00044589018 3.537197e-05 0.0011691987 1.2493967e-06 1.0463056e-05 1.4981563e-05 9.4878015e-07 0.103405945 4.5784202e-07 5.2419737e-06 1.9711737e-07 1.6188299e-06 0.0013895624 1.5494586e-05 4.7472204e-05 0.124541886 3.438744e-06 8.3995765e-06 2.7758615e-05 0.022281488 1.6608757e-06 1.4437618e-08 0.00015597306 1.5315229e-06 3.8428034e-09 4.6706498e-07 9.5458645e-06 2.7599926e-06 3.3995e-05 7.672768e-08 3.5189923e-06 8.2487524e-05 2.1244484e-06 2.328795e-06 7.704915e-06 2.7484341e-09 2.3840278e-06 8.449517e-06 1.6280233e-06 1.0321905e-05 1.18840205e-07 1.8902254e-07 1.5680782e-06 7.825742e-08 1.3200753e-06 1.0145126e-07 6.1281426e-06 4.6470614e-09 7.301698e-07 1.1363867e-05 1.8584985e-06 5.254584e-07 3.1586488e-08 2.8303848e-06 0.00013647745 1.3097954e-07 1.25515e-05 0.00015155654 3.4935542e-07
0.284196 0.96466523 0.005433199 0.9962489 0.0068239346 2.2697762e-11 0.47056428 0.0005048718 0.14671001 0.00016937531 0.9319255 4.5848563e-05 0.0014393332 0.19389267 0.0967847 0.003674837 0.23547871 5.9799342e-05 0.048079275 0.007239286 0.0006293579 0.00114909 0.00039085993 0.0013352992 0.000112668924 2.7287966e-05 0.03899132 0.001110198 0.00031121945 0.085795596 0.36772633 0.00013725486 0.0031605866 0.03023222 5.218918e-06 0.0005021415 4.36963e-05 0.17093751 0.00021139976 0.033894163 0.00011885944 0.006318181 0.00012599335 2.4226183e-05 0.00013379678 9.6887365e-05 1.1109685e-06 8.9460664e-05 2.0884674e-05 0.0054118084 1.1161045e-05 0.00024742872 4.9695227e-06 0.00033094248 0.0038684008 8.2138274e-07 0.00021949022 0.014184423 1.5817799e-05 3.0696299e-06 3.8507205e-05 0.04803991 1.0465821e-05 5.113094e-07 7.704901e-06 2.8976398e-05 1.6613946e-07 1.2043967e-06 2.9563238e-05 4.2069496e-06 1.4207801e-07 2.1723666e-07 4.0723153e-06 1.7573917e-05 2.342876e-06 3.2177913e-06 3.127495e-05 6.2798186e-08 9.4734435e-07 1.7265335e-06 5.624656e-07 2.310929e-05 8.643291e-07 5.2405485e-06 1.2745487e-05 4.5292613e-06 8.184754e-07 2.021279e-06 1.0393728e-05 9.7145445e-08 8.35312e-07 4.5445688e-08 3.056014e-07 9.266895e-07 6.204691e-08 2.5853274e-07 6.545987e-05 1.8264501e-09 4.935215e-06 4.8835103e-05 5.5712e-09
0.71379447 0.96928996 0.05446006 0.8056158 0.2243298 0.47056428 1.15130766e-10 0.0052432013 0.96018475 0.0030857734 0.56692976 0.00044850534 0.021396304 0.8826931 0.7038148 0.055006098 0.31139177 0.00017680098 0.48039314 0.014654544 0.0041698604 0.008353329 0.002740815 0.0034391116 0.00011340478 7.8868616e-05 0.4355298 0.0003965816 0.0007571394 0.49490735 0.103549704 0.0010005154 0.004311591 0.011251947 6.016447e-05 0.0004983659 5.621599e-05 0.055655938 0.00024102835 0.12499825 6.0670125e-05 0.0010970692 0.00033753732 3.1687763e-05 7.523126e-05 0.00014667888 1.6916415e-06 8.725723e-05 7.339693e-05 0.011435976 1.7626486e-05 0.00014670854 7.3619744e-06 0.00012782998 0.0072628143 2.174089e-05 0.00014256821 0.037603274 8.421092e-05 3.22139e-06 0.00011764015 0.08076553 2.4590729e-05 8.7969187e-07 0.00023167403 1.7953006e-06 1.594268e-07 3.0315684e-06 3.0265843e-05 5.2008827e-06 1.599185e-05 5.2482284e-07 1.0641497e-05 1.6290816e-05 8.851978e-06 9.575452e-06 1.6160478e-05 2.7466957e-08 4.2073847e-05 1.5312762e-06 1.0301013e-06 5.152727e-06 1.1818507e-06 8.8481634e-08 8.7119287e-07 2.1509167e-07 5.696463e-07 3.2116552e-07 5.5129963e-06 8.2745586e-08 1.7822879e-06 9.85283e-06 3.916416e-06 3.9969774e-07 2.2667459e-07 1.0494916e-05 0.00077112665 4.2510166e-07 5.9646154e-06 0.0002296621 1.6780979e-06
0.6945158 0.037789322 0.9923994 0.00062400807 0.4954437 0.0005048718 0.0052432013 4.7967874e-13 0.04965932 0.9540325 0.0003289036 0.7865139 0.47846112 0.0009619977 0.0029608568 0.86100423 0.40022096 0.1063531 0.6100339 3.07017e-05 0.58219254 7.1390577e-06 0.49358022 2.3252676e-05 0.01090274 0.003349628 0.22467 3.762929e-05 2.3572218e-06 0.025361769 0.003263973 0.009492514 3.540104e-06 7.3687597e-06 0.0017771842 2.6956424e-05 0.00042180036 3.5020355e-06 2.0016502e-07 0.19207275 3.4645675e-06 4.378496e-06 0.0022435384 0.00019827606 0.0048532863 3.810605e-07 3.981801e-05 6.2583313e-06 6.2729856e-07 0.11289059 1.08582334e-07 4.053067e-06 1.2616931e-07 5.2906773e-07 0.00054000254 4.8257596e-05 1.4853298e-05 0.092261635 2.9139034e-07 2.9586477e-05 1.1172253e-06 0.009853403 1.6016141e-06 9.180611e-09 0.0002647532 4.711796e-07 1.7578407e-09 1.6662644e-07 1.1548564e-06 6.429277e-07 1.7467664e-05 2.086943e-08 1.9632996e-07 8.569945e-05 3.0262881e-06 3.7589095e-06 1.5402977e-05 6.108307e-09 4.0255222e-07 1.7975597e-05 5.8057285e-06 2.7752447e-05 2.9940173e-07 1.9154326e-07 1.5871177e-06 1.625165e-07 4.0795535e-06 3.823812e-07 1.3120433e-05 1.17279875e-08 2.6138474e-07 3.3583776e-06 1.3058362e-06 3.886826e-07 3.458236e-08 2.3589948e-07 0.00011384385 1.5547673e-08 3.6186866e-05 6.857012e-06 7.540153e-08
0.8816597 0.775051 0.32330295 0.25684023 0.9324199 0.14671001 0.96018475 0.04965932 7.952254e-12 0.0144786695 0.17719667 0.0038664262 0.035572715 0.5047859 0.638518 0.28382003 0.29114926 0.0013618694 0.91967416 0.0031360372 0.029047694 0.0020675987 0.024841236 0.0009857882 0.0006724713 0.0005092372 0.91348034 0.00015202019 0.00017341161 0.8738384 0.040723514 0.0014027024 0.00066087197 0.0021608064 4.304401e-05 0.00026417137 7.8508856e-05 0.0076798378 3.7577574e-05 0.61419 4.3364354e-05 0.00013446066 0.00040476536 4.5582008e-05 0.00047373597 5.286068e-05 2.2091748e-05 5.558109e-05 2.151553e-05 0.13807315 3.3524707e-06 2.3996723e-05 1.0102116e-05 1.888035e-05 0.010379742 5.3605523e-05 0.00017819853 0.1933979 3.0341469e-05 1.0290111e-05 0.00018177662 0.093878254 8.761391e-06 2.772488e-07 0.0003221037 4.2336947e-06 7.126207e-08 2.2563406e-06 2.5592855e-05 3.8967373e-06 0.000117708376 1.338786e-06 2.4858893e-05 0.0001549263 2.0163954e-05 5.583994e-05 3.7589332e-05 6.57704e-08 1.740924e-05 7.636058e-06 2.9836692e-06 1.550446e-05 1.1188994e-06 1.9171598e-07 1.8324041e-06 1.962083e-07 3.1536974e-06 1.5064285e-07 1.0153916e-05 3.4444714e-08 2.4182384e-06 3.4580567e-05 9.5553105e-06 5.328553e-07 7.897808e-08 4.0016956e-05 0.0010831269 2.144955e-06 4.4808443e-05 0.00065292255 3.3629576e-06
0.7526793 0.0036254039 0.18465309 0.00016116486 0.035105962 0.00016937531 0.0030857734 0.9540325 0.0144786695 5.54567e-13 0.000114107985 0.9802078 0.9593128 0.00022618045 0.0012485988 0.6934686 0.45288625 0.8945002 0.2430806 1.4097801e-05 0.65058845 2.4589804e-06 0.56385535 1.1719251e-05 0.08798244 0.008085807 0.062360782 8.038452e-05 4.6161028e-07 0.00792219 0.004550136 0.06606866 1.5909033e-06 5.215821e-05 0.029089548 1.1645887e-05 0.0042501576 2.6446398e-06 7.9399524e-07 0.086417794 5.102387e-07 5.5836235e-06 0.013202901 0.000121336605 0.0052936557 8.129073e-07 0.00026348676 2.9563619e-06 2.8929261e-07 0.10057075 4.5909438e-08 8.911754e-06 7.3839544e-08 3.3954254e-06 0.0003513793 0.00019172358 4.7575695e-06 0.06408885 1.5481795e-07 2.8852613e-05 2.3403636e-06 0.004543484 1.4250315e-07 4.0334265e-09 0.00010820179 1.1131174e-07 1.4812056e-08 2.7398974e-07 8.010037e-07 1.2906294e-07 9.6488e-07 5.4289764e-09 1.9498074e-07 7.491964e-06 1.4828762e-06 3.5245023e-07 5.290751e-06 4.1404253e-09 5.2286646e-07 3.7837694e-06 7.1209865e-07 4.9106516e-06 8.9677116e-07 1.0721977e-06 6.2333766e-07 3.5099413e-07 9.256145e-07 1.0107304e-06 2.024402e-06 6.1537996e-08 3.4408546e-07 1.388533e-06 2.887904e-07 3.9254218e-07 2.7424866e-08 4.0474683e-07 5.8848327e-05 1.9643371e-09 1.0387698e-06 9.599728e-06 7.6956184e-08
0.84883636 0.078821376 0.0014327951 0.9624355 0.003914434 0.9319255 0.56692976 0.0003289036 0.17719667 0.000114107985 5.8335277e-12 3.9727052e-05 0.0015546674 0.92247003 0.6552431 0.0077829957 0.04512234 5.5877605e-05 0.1508158 0.83414257 0.00046568044 0.28342384 0.0002582451 0.18462549 6.514692e-05 1.6660388e-05 0.2251478 0.00010533927 0.018659137 0.4738222 0.44335335 0.00015134594 0.117215835 0.06997087 7.30717e-06 0.047709912 1.71377e-05 0.5569792 0.008176295 0.13021351 0.002531625 0.034723643 2.1063293e-05 8.649372e-06 6.509214e-05 0.0038109394 4.1091562e-07 0.00091770093 0.00022400334 0.0066564125 0.00013472277 0.0010132187 0.00010926457 0.0003417189 0.121096864 1.8888371e-06 0.011938416 0.034728073 0.00028124114 1.2622859e-06 0.0036379383 0.5396947 7.277478e-05 2.7670822e-06 9.3092485e-06 9.1283335e-05 8.0070424e-07 3.4749216e-06 0.00040119534 0.00024765037 1.4834152e-06 1.4265403e-06 7.6979784e-05 4.490296e-06 7.3250108e-06 4.180224e-07 1.454849e-05 1.990441e-06 4.6695717e-05 1.5731486e-06 2.7839818e-07 1.6208459e-06 2.0735679e-06 1.8499364e-06 9.537207e-07 5.6030775e-08 3.833528e-07 4.24186e-07 7.725422e-06 2.2094697e-07 1.6450756e-06 5.096311e-06 1.2333944e-06 5.3055755e-06 6.182132e-07 1.38231e-06 0.000531554 8.634643e-08 9.09831e-06 0.0005427632 2.0004048e-08
0.8062587 0.00037857366 0.061440505 5.2735904e-05 0.010465044 4.5848563e-05 0.00044850534 0.7865139 0.0038664262 0.9802078 3.9727052e-05 2.043199e-13 0.71093124 7.214753e-05 0.00014371448 0.8227267 0.13424067 0.98089814 0.15697816 7.394355e-06 0.86323583 6.093087e-07 0.7518857 1.2987837e-05 0.71167964 0.18529847 0.042957243 2.0960177e-05 5.6283426e-07 0.003955459 0.00061712175 0.07571236 4.5372224e-07 3.6263891e-06 0.067919515 3.8062592e-06 0.021919632 3.3646367e-07 3.2975143e-07 0.059391078 1.6855824e-07 2.7981022e-07 0.005391728 0.0012361028 0.068565175 2.2237873e-07 0.0032411958 6.8460764e-07 1.4481367e-07 0.076551646 5.1127646e-08 2.874036e-06 1.5618004e-07 5.3794724e-06 8.53638e-05 0.0009656681 9.026417e-07 0.04701595 1.0627912e-06 0.00024598226 7.668888e-07 0.004517117 2.3659884e-07 4.941236e-09 0.0018676346 4.613961e-08 5.354982e-09 6.5012864e-07 3.532369e-07 1.16032936e-07 5.9848062e-05 1.1352984e-08 1.313824e-07 0.000109437045 6.8434633e-06 1.7716631e-05 8.38381e-06 1.970916e-09 2.663959e-06 4.8963022e-05 8.96186e-06 1.2954634e-05 5.110611e-06 3.0792762e-06 5.791312e-06 4.4861156e-07 3.5279475e-06 1.1920667e-06 4.9169075e-06 1.4841432e-07 4.927472e-07 2.5655389e-05 8.783657e-07 1.0863129e-06 1.00142415e-07 3.7361685e-06 1.9825156e-05 3.9863316e-08 1.0328739e-05 5.3488043e-06 6.2889376e-07
0.78282255 0.032973528 0.1512172 0.0014641922 0.07479327 0.0014393332 0.021396304 0.47846112 0.035572715 0.9593128 0.0015546674 0.71093124 3.5692865e-11 0.00028540645 0.004468974 0.5306612 0.97309476 0.9274871 0.2633273 9.983961e-05 0.5775527 1.6127717e-05 0.51724 1.8709245e-05 0.23290806 0.10361927 0.06944026 0.00701648 4.18384e-06 0.011472647 0.02677904 0.88342583 3.9705897e-06 4.7541296e-05 0.627874 8.4269476e-07 0.060269397 0.00021222715 3.2472087e-07 0.095100656 2.1335018e-06 0.00015070099 0.39644 0.0023151592 0.020757154 2.6384615e-07 0.121244274 3.870615e-06 5.8033675e-07 0.08050628 1.3447301e-07 0.00011601075 1.0245326e-06 9.132504e-05 0.00083537225 0.0007846122 5.5269575e-06 0.057661925 8.1220827e-07 7.407092e-05 9.3559565e-06 0.007821558 5.1924104e-07 9.806201e-10 0.00024864645 3.4016108e-07 1.6721798e-07 1.8260314e-06 4.091825e-07 7.006472e-08 2.0098869e-05 8.878826e-09 3.7920852e-08 6.406576e-05 8.088675e-05 1.1901482e-06 5.4778906e-05 3.7535115e-06 7.334801e-07 6.225496e-06 1.300772e-05 3.4343066e-06 1.6259462e-05 4.3199598e-06 8.081966e-07 8.717018e-08 3.1993586e-06 3.1708423e-06 6.656263e-06 1.2485964e-06 2.7926743e-07 3.258982e-05 6.4999067e-06 6.352271e-05 7.1577807e-07 1.3742446e-06 0.0003871911 1.950606e-08 4.380904e-05 6.058097e-05 2.345224e-07
0.846318 0.2613761 0.007607522 0.55595034 0.060201824 0.19389267 0.8826931 0.0009619977 0.5047859 0.00022618045 0.92247003 7.214753e-05 0.00028540645 1.416487e-13 0.9898658 0.0030437226 0.02839554 3.101852e-05 0.06721462 0.2942025 0.00055877975 0.44232824 0.00045050407 0.028983647 2.9532805e-05 5.594852e-05 0.23809503 1.2027891e-05 0.021846846 0.77057695 0.04060927 6.86993e-05 0.012864932 0.0066520465 1.2556416e-06 0.003890919 1.6231614e-06 0.043715313 0.0010283277 0.2286223 0.0008886336 0.0009680055 1.5837559e-05 2.8499437e-06 4.8689923e-05 0.0003997679 1.6748937e-06 0.00025448736 0.00013694186 0.020697808 0.00038994293 2.6011803e-05 6.612111e-05 2.0624006e-05 0.07527502 1.1456278e-06 0.0021733067 0.08849349 0.00013430149 3.724749e-06 0.0005888499 0.38175055 1.3400639e-05 5.848898e-06 2.231495e-05 0.00011614515 7.7414217e-07 1.0190902e-06 5.780197e-05 2.7005915e-06 5.172059e-07 7.359349e-06 1.1115432e-05 7.990433e-06 4.97337e-07 1.165518e-06 2.773846e-06 2.7554849e-08 2.2096256e-05 7.229347e-07 6.2641266e-07 9.067797e-07 1.8102479e-06 2.6955547e-07 4.0951042e-07 1.1960915e-07 4.0121577e-07 4.7516366e-07 2.3356223e-07 8.430102e-08 2.1691557e-07 2.8908785e-06 7.5937706e-08 9.2607756e-08 8.006921e-07 1.428013e-06 0.00091007707 8.005825e-08 8.4226014e-07 0.00047304382 1.6367059e-07
0.95708877 0.15682036 0.007126715 0.16686009 0.0718642 0.0967847 0.7038148 0.0029608568 0.638518 0.0012485988 0.6552431 0.00014371448 0.004468974 0.9898658 4.546259e-12 0.005342188 0.059259057 4.421475e-05 0.1840258 0.111673556 0.0010187302 0.1932454 0.0013514897 0.01695903 6.170105e-05 6.0229337e-05 0.4728715 1.6306096e-05 0.0057414374 0.9262749 0.021393588 1.9659246e-05 0.017421199 0.0044557583 7.635181e-07 0.0020723809 1.1290443e-05 0.040146664 0.001958144 0.39156035 0.00023038447 0.0017534835 2.0163012e-05 5.995932e-06 4.5858753e-05 0.0013306707 1.7667053e-06 0.00021147075 0.00023081286 0.027109183 3.3848002e-05 2.1705877e-05 1.0155902e-05 1.2939054e-05 0.06462014 7.881072e-07 0.00055894954 0.13123351 5.9374623e-05 1.3443929e-07 0.00054447976 0.5245299 2.0583959e-05 1.5362435e-06 2.4802512e-05 3.422368e-05 6.776909e-07 5.29042e-07 5.5844677e-05 6.9349094e-06 2.3971106e-05 5.3718336e-06 1.549144e-05 1.768918e-05 9.85789e-07 2.973114e-06 2.612847e-06 2.1084213e-07 1.6972645e-05 3.4452107e-06 1.1747186e-06 6.23302e-07 1.3266487e-07 1.3396371e-07 3.7315021e-07 4.3021124e-08 4.0380647e-07 1.3844175e-07 1.145937e-06 5.847988e-08 4.0170085e-07 1.9687504e-05 6.675279e-07 5.639206e-07 4.594499e-07 1.4122681e-05 0.0012432269 2.2652798e-06 6.074136e-06 0.00093355606 6.420077e-06
0.9457355 0.10388443 0.6745626 0.005667303 0.8469183 0.003674837 0.055006098 0.86100423 0.28382003 0.6934686 0.0077829957 0.8227267 0.5306612 0.0030437226 0.005342188 1.2055874e-13 0.4087576 0.29876706 0.92101055 0.0003519637 0.9393027 0.00020797133 0.81671023 0.00012775832 0.14844944 0.18035431 0.6924964 4.4183053e-05 0.00010078007 0.042983364 0.007353863 0.021702707 0.0001451705 0.00010224878 0.006172188 4.0517283e-05 0.016822457 0.0006046274 1.8789431e-06 0.8667846 5.5317137e-06 3.4775523e-05 0.0020799346 0.004513825 0.0057545467 2.2257711e-05 0.0013682327 1.06194475e-05 1.8874913e-05 0.8396479 1.0466135e-06 8.501523e-06 8.194959e-06 2.5974512e-06 0.0014144079 0.00084296375 1.4214144e-05 0.62928027 9.556988e-06 0.00016075808 3.6596057e-06 0.05715728 1.4249222e-06 4.2457994e-08 0.0035265652 4.860822e-07 3.574388e-08 7.095786e-06 8.882366e-07 1.886233e-07 0.00022382675 1.0078971e-07 3.1428287e-06 0.00021646728 3.220507e-05 0.00018792621 7.022303e-05 9.612942e-09 1.2969177e-06 3.4497985e-05 3.2283144e-05 4.901217e-05 1.6041127e-05 3.164263e-06 7.5773564e-06 1.5118705e-05 2.2828386e-05 1.5953744e-06 1.0987547e-05 5.654894e-07 1.1952764e-05 4.6921505e-05 4.8182806e-06 5.506457e-07 7.869787e-06 1.2305095e-05 0.00026926273 6.770145e-07 3.295581e-05 0.00018849611 9.2965165e-06
0.3501555 0.62557495 0.4767062 0.06456106 0.36862636 0.23547871 0.31139177 0.40022096 0.29114926 0.45288625 0.04512234 0.13424067 0.97309476 0.02839554 0.059259057 0.4087576 1.2759883e-15 0.084681615 0.3799035 0.002944971 0.17960785 0.0005366601 0.09427672 0.00025289878 0.019255439 0.003962221 0.14310634 0.99997646 3.947771e-05 0.06670553 0.15728992 0.009363026 0.00024842602 0.00046025316 0.00092548184 0.00024332499 0.006121663 0.00030032272 1.6238984e-06 0.09269143 1.2745924e-05 0.00029301512 0.83768827 0.00040807287 0.0008701869 3.6507658e-06 0.0002070592 8.928717e-06 2.133172e-06 0.0204543 3.2321805e-07 1.700131e-06 5.316799e-08 0.0006011555 0.0003085744 1.4171359e-05 2.0531652e-05 0.021138957 1.4769296e-07 4.2061293e-07 2.7311764e-05 0.01086784 7.993787e-08 7.492042e-08 1.7591086e-05 3.6722247e-07 7.6254835e-08 2.8096753e-07 2.7802607e-06 3.1810052e-07 1.4814522e-05 2.0434184e-08 9.083614e-08 2.9735934e-06 2.2511124e-07 1.0527509e-06 6.8710856e-06 1.0459199e-08 3.14555e-07 4.0474665e-06 4.4651524e-06 2.3031284e-06 1.12037235e-07 4.7146227e-07 2.638527e-07 1.3087666e-07 3.3237238e-06 4.1579405e-08 2.881277e-05 5.6076424e-08 1.35634e-05 2.4050541e-05 6.1253263e-06 7.008534e-07 5.403195e-08 2.1363483e-06 0.00017228724 7.578549e-08 5.330777e-06 8.9418434e-05 9.790619e-09
0.67004544 0.00021950864 0.0032797442 1.1754645e-05 0.0007486354 5.9799342e-05 0.00017680098 0.1063531 0.0013618694 0.8945002 5.5877605e-05 0.98089814 0.9274871 3.101852e-05 4.421475e-05 0.29876706 0.084681615 6.256289e-12 0.027354391 2.0456766e-06 0.4782576 2.9325565e-07 0.47508207 3.0982083e-06 0.9533811 0.27989817 0.00872877 2.7072461e-05 6.4478024e-07 0.001760094 0.00045349926 0.5761545 3.9377986e-07 2.0686182e-06 0.86797553 1.5301565e-06 0.894146 2.4128292e-06 2.6167234e-07 0.02524389 9.5045914e-07 7.5097755e-06 0.064969935 0.045598876 0.15985414 1.0638336e-06 0.4914461 1.0815867e-06 4.579542e-07 0.08848844 1.1109561e-07 8.5752596e-05 2.970644e-07 1.1307943e-05 6.6764325e-05 0.07529981 1.4371186e-06 0.042590536 1.015391e-06 0.004061503 3.871067e-07 0.0024554266 5.2793416e-07 2.4855762e-09 0.01179749 6.7344224e-08 1.255123e-08 2.600217e-06 3.6402818e-07 9.6846286e-08 9.7221586e-05 2.9796778e-09 3.3243282e-07 0.00033180296 0.00012169783 3.8611455e-05 3.9447943e-05 2.7722263e-07 1.8936564e-06 0.00013668455 6.730208e-05 4.267968e-05 1.7508191e-05 5.160682e-05 4.950202e-05 2.227433e-06 3.8935596e-05 4.7334463e-05 3.9692517e-05 4.0393456e-06 1.3130428e-06 4.764901e-05 8.843481e-06 7.6105766e-06 1.1134673e-06 3.781879e-06 5.7755627e-05 2.3544512e-08 2.1677888e-05 5.79681e-06 3.8335867e-07
0.94745684 0.4373347 0.59845746 0.085768044 0.9027369 0.048079275 0.48039314 0.6100339 0.91967416 0.2430806 0.1508158 0.15697816 0.2633273 0.06721462 0.1840258 0.92101055 0.3799035 0.027354391 5.356565e-13 0.0024425485 0.19822134 0.00634789 0.15248635 0.0012045443 0.021991111 0.044494163 0.9474828 4.326666e-05 0.00027883356 0.6003584 0.008826416 0.004772287 0.0007533275 0.000184039 0.00047809965 0.00029478344 0.002706859 0.0022274638 1.7902543e-05 0.9080811 2.0972055e-05 0.0001030747 0.0004809755 0.0019564414 0.0020354523 4.5440214e-05 0.00011575426 4.1795825e-05 3.9798342e-05 0.61658466 3.7249938e-06 7.2365106e-06 5.982184e-06 3.442432e-06 0.0032706861 0.00018299941 4.8888138e-05 0.7058636 4.6013547e-06 6.131934e-05 1.5504549e-05 0.120388806 4.456971e-06 1.1752358e-07 0.0042170268 3.989287e-06 7.832477e-08 2.434928e-06 3.403511e-06 2.5906687e-07 0.00031164687 1.1703257e-07 3.7369025e-06 0.00041593055 3.0238372e-05 0.00018221402 5.8894137e-05 2.6548564e-08 2.4827727e-06 9.015654e-05 9.117441e-05 5.174402e-05 2.622268e-06 1.0402578e-06 9.641235e-06 3.2008538e-06 3.5535177e-05 3.028605e-07 1.8300787e-05 3.0935652e-07 1.2226174e-05 0.00018142746 7.087752e-06 1.1801108e-06 8.595139e-07 1.9068904e-05 0.00030951013 2.7905273e-06 3.278765e-05 0.00038780752 3.8353675e-05
0.66230386 0.0011110576 8.8109824e-05 0.01357563 0.0004244416 0.007239286 0.014654544 3.07017e-05 0.0031360372 1.4097801e-05 0.83414257 7.394355e-06 9.983961e-05 0.2942025 0.111673556 0.0003519637 0.002944971 2.0456766e-06 0.0024425485 7.89772e-15 6.1776824e-05 0.9908033 3.0779127e-05 0.9867239 1.4169886e-05 5.3217964e-06 0.00996296 1.4945431e-05 0.3895997 0.09737373 0.03927486 3.765585e-05 0.2813101 0.011387561 4.5252377e-06 0.27809745 2.637145e-06 0.3178531 0.029452473 0.01604858 0.014550801 0.027961252 1.4326816e-05 2.8169582e-06 2.321749e-05 0.011588912 4.449414e-07 0.004181652 0.0031034143 0.0041522966 0.0011093741 0.0012661392 0.0029619003 0.00028136617 0.32880548 9.1604517e-07 0.008273992 0.023290398 0.0009965127 4.780684e-06 0.0045295814 0.29294923 0.00015679467 3.1188785e-05 4.9911356e-05 0.00025622518 4.5265797e-06 2.6735363e-06 0.00026538115 8.2775e-05 3.2580174e-06 8.000384e-06 1.9142313e-05 6.2073614e-06 9.563314e-06 6.7632377e-06 4.3578733e-05 4.1152902e-07 3.5226607e-05 5.803628e-07 1.8932617e-07 1.0786108e-06 1.1174549e-05 1.3698475e-05 1.930501e-06 1.5687693e-06 5.549788e-07 1.355776e-05 4.032694e-06 1.0462259e-05 2.2227603e-06 3.7730548e-05 1.1614968e-06 4.564881e-06 2.0746052e-07 8.927516e-06 0.0001900189 3.86162e-07 2.1716354e-05 0.00016400802 1.2723439e-06
0.94252664 0.007519986 0.13499375 0.0006113979 0.18987572 0.0006293579 0.0041698604 0.58219254 0.029047694 0.65058845 0.00046568044 0.86323583 0.5775527 0.00055877975 0.0010187302 0.9393027 0.17960785 0.4782576 0.19822134 6.1776824e-05 5.916374e-14 1.861327e-05 0.98681086 4.7665097e-05 0.64671576 0.748034 0.07739504 8.089904e-06 5.8264895e-06 0.006215995 0.0012564994 0.035752043 9.836268e-06 1.687833e-05 0.013062691 1.2207834e-05 0.082354695 5.306292e-05 1.150967e-07 0.57962877 1.1134015e-06 1.6956602e-06 0.0015944218 0.029296366 0.06540475 3.697543e-06 0.0073376005 7.3098295e-07 7.8623486e-07 0.8704634 6.531971e-08 1.5216029e-06 1.6202986e-06 3.5008266e-06 0.00070525345 0.00364222 5.778419e-06 0.5455717 4.9470117e-07 0.00087287696 6.5502826e-07 0.03702027 1.6367699e-07 1.4453543e-08 0.015706753 2.0597567e-07 1.8015874e-07 1.0559837e-06 8.473514e-08 7.7256345e-08 0.000741224 2.29425e-08 1.8975142e-06 0.0004118846 7.502442e-05 0.0004814808 8.4713545e-05 2.885239e-09 2.2987517e-07 0.000102984406 8.526706e-05 0.00025649532 2.1718593e-05 4.5796846e-06 1.1520387e-05 2.7632203e-05 3.1807933e-05 1.2429507e-06 5.999083e-06 1.966554e-06 1.5658614e-05 0.00029578962 1.4739635e-05 1.8938027e-06 2.1039152e-06 6.19374e-05 0.00016785203 1.7337845e-05 0.000117684256 0.0005128629 3.6814017e-05
0.9558768 0.00016726607 1.6758166e-05 0.0051654982 8.262751e-05 0.00114909 0.008353329 7.1390577e-06 0.0020675987 2.4589804e-06 0.28342384 6.093087e-07 1.6127717e-05 0.44232824 0.1932454 0.00020797133 0.0005366601 2.9325565e-07 0.00634789 0.9908033 1.861327e-05 1.06164e-14 9.770655e-06 0.8135384 7.1438274e-07 5.352491e-07 0.017588178 3.0515566e-06 0.607474 0.28336865 0.0067517185 6.1249298e-06 0.43375754 0.0027820154 1.7990995e-07 0.82343054 2.1545506e-07 0.15866923 0.0389312 0.033641256 0.10196845 0.03310522 2.7144836e-06 1.2062915e-07 3.953251e-06 0.020694729 2.3220831e-07 0.005358559 0.0051918137 0.0042263567 0.002964852 0.0010768358 0.0015844622 0.00012183231 0.8551078 4.0586235e-07 0.057132088 0.038618807 0.000604244 1.3916451e-07 0.02622081 0.78561556 0.00043970614 2.0800653e-05 3.5838805e-06 0.0006074635 2.006585e-05 1.0918679e-05 0.002090845 0.000119313816 1.973605e-06 7.6087044e-06 5.4868993e-05 5.0344084e-07 9.178842e-07 8.956489e-07 1.5074669e-06 1.1625507e-06 0.0004195395 7.7030634e-08 4.928024e-08 2.7256337e-07 4.3521773e-06 1.8531331e-07 3.8803927e-07 1.823889e-08 2.97234e-08 1.6038157e-07 7.060425e-07 7.7400585e-08 8.772409e-08 5.735494e-05 1.3903848e-07 2.4874653e-06 1.9975262e-08 4.077774e-05 0.002172628 1.0678639e-06 3.9752787e-05 0.00088268623 2.8717507e-06
0.97411203 0.004833572 0.057061817 0.0003718557 0.10377857 0.00039085993 0.002740815 0.49358022 0.024841236 0.56385535 0.0002582451 0.7518857 0.51724 0.00045050407 0.0013514897 0.81671023 0.09427672 0.47508207 0.15248635 3.0779127e-05 0.98681086 9.770655e-06 2.0524209e-13 6.0218998e-05 0.66362077 0.8404298 0.058113325 5.85473e-06 7.384173e-06 0.0039957087 0.00010960103 0.026170611 3.4409943e-06 2.655358e-06 0.008719472 2.2355292e-05 0.09984728 6.0640596e-06 2.547577e-07 0.56586194 2.0835862e-06 1.6037831e-06 0.00068581244 0.031363744 0.3222001 1.6465698e-06 0.0061519817 1.129284e-06 1.1332152e-06 0.90770954 1.4160794e-07 6.5330305e-06 1.3236555e-06 7.3488154e-06 0.00034217007 0.00301711 4.532424e-06 0.65393656 1.0753303e-06 0.000433976 5.0115377e-06 0.02372781 1.4551507e-06 9.138732e-09 0.0143120615 3.165366e-07 2.5335777e-07 2.6194386e-06 3.543409e-07 4.275154e-07 0.0017719244 2.6426203e-08 5.847409e-06 0.0011752208 0.00038654986 0.00088363915 0.00019500408 6.870732e-08 1.247173e-06 0.0002294202 0.0001465325 0.00022739422 6.9725415e-05 2.8838582e-05 4.6523124e-05 2.7799835e-05 6.2680105e-05 3.5284154e-06 2.4295154e-05 9.61823e-06 1.5243779e-05 0.00065063353 4.4134704e-05 1.8190434e-05 1.6074839e-06 0.00023810899 0.00016085377 0.0001547497 0.0007152005 0.00060120504 0.00033937214
0.6852425 0.00022595169 3.9242692e-05 0.003960026 0.00010045871 0.0013352992 0.0034391116 2.3252676e-05 0.0009857882 1.1719251e-05 0.18462549 1.2987837e-05 1.8709245e-05 0.028983647 0.01695903 0.00012775832 0.00025289878 3.0982083e-06 0.0012045443 0.9867239 4.7665097e-05 0.8135384 6.0218998e-05 8.30543e-14 2.6800319e-05 6.0530924e-06 0.003245 1.7406874e-06 0.994255 0.018018994 0.020121042 1.8643628e-05 0.60230213 0.00971841 3.0058059e-06 0.4555896 9.90134e-06 0.3737892 0.07490452 0.006659171 0.05159847 0.092254914 3.9376623e-06 8.406957e-06 4.7354013e-05 0.02442191 4.6289887e-07 0.021077573 0.011255005 0.0021235836 0.0035456945 0.0033050422 0.010006415 0.00041043066 0.2683814 1.7007602e-06 0.014763306 0.008477178 0.0022216805 4.3068662e-06 0.013003224 0.19460239 0.00048036492 0.00010024825 3.434262e-05 0.0007007194 8.376346e-06 6.6400253e-06 0.0007348024 0.0002659588 1.7470221e-06 5.164616e-05 2.5588339e-05 1.9691766e-05 8.401011e-06 9.517904e-06 0.00017294982 4.0733428e-07 7.6484524e-05 1.1935604e-06 1.9338516e-07 2.0124157e-06 2.9960238e-06 1.5681262e-06 3.0310277e-06 1.7531924e-06 2.6778653e-07 2.6468047e-06 1.2352501e-05 6.0762017e-07 2.1329056e-06 1.4104713e-05 1.2546864e-06 3.1811799e-06 2.5698756e-07 9.691494e-06 0.00021035963 2.5733016e-07 9.34719e-06 0.00024925807 8.657632e-08
0.80293846 0.00021929854 0.0019318196 9.0264606e-05 0.0007858181 0.000112668924 0.00011340478 0.01090274 0.0006724713 0.08798244 6.514692e-05 0.71167964 0.23290806 2.9532805e-05 6.170105e-05 0.14844944 0.019255439 0.9533811 0.021991111 1.4169886e-05 0.64671576 7.1438274e-07 0.66362077 2.6800319e-05 6.6895794e-11 0.996012 0.0072027496 2.961797e-06 1.4519471e-06 0.0021916267 0.0004994259 0.05524381 1.263806e-06 2.2959944e-06 0.17387904 2.729433e-06 0.8133688 3.209221e-07 3.1133743e-07 0.036440577 3.703565e-07 1.6081234e-06 0.003716161 0.507515 0.77403176 8.062866e-07 0.13849229 9.539208e-07 4.992887e-07 0.24052168 8.458304e-08 6.098375e-06 8.1063894e-07 2.3900946e-06 0.00013367408 0.12269582 1.7603983e-06 0.083342575 6.186166e-07 0.0141732395 5.192514e-07 0.009558916 8.003806e-07 1.06816325e-08 0.06320931 1.5899802e-07 1.0239425e-08 1.4976098e-06 1.1705127e-06 5.178381e-07 0.0007154229 2.6477565e-08 4.7171687e-07 0.0006615274 0.0003843469 0.0005620292 0.00014699255 1.6673475e-08 2.559046e-07 0.00021575518 0.00019683834 0.00039579024 1.9137422e-05 4.4133803e-06 8.5614745e-05 1.634918e-05 8.726788e-05 2.0085809e-06 6.419676e-05 1.4570073e-06 1.8608494e-05 0.00019754599 1.6330265e-05 9.706562e-06 4.0304685e-06 3.43346e-05 0.00019112443 2.9640998e-06 0.00015826483 4.4173656e-05 1.4031224e-06
0.92484367 8.385631e-05 0.0012332622 2.0261165e-05 0.00044529204 2.7287966e-05 7.8868616e-05 0.003349628 0.0005092372 0.008085807 1.6660388e-05 0.18529847 0.10361927 5.594852e-05 6.0229337e-05 0.18035431 0.003962221 0.27989817 0.044494163 5.3217964e-06 0.748034 5.352491e-07 0.8404298 6.0530924e-06 0.996012 2.7089825e-10 0.009974274 3.3335173e-06 4.0172768e-07 0.0018266735 8.3339764e-05 0.021054283 2.4666497e-07 2.2212629e-07 0.019565986 5.088813e-06 0.16363785 1.3434457e-07 5.0446957e-08 0.05163517 3.916765e-07 5.102339e-07 0.0007346205 0.14477926 0.95745814 1.11299435e-07 0.030706836 5.5451903e-07 1.8671065e-07 0.41696772 1.7501011e-07 4.960143e-06 1.8918251e-07 1.0184227e-06 0.00015838396 0.01811767 4.741341e-06 0.12823586 4.8461493e-07 0.005811343 1.6458507e-06 0.014370353 8.382455e-07 1.9370033e-08 0.012042078 1.2270993e-07 8.746463e-08 1.0567851e-07 1.8204673e-06 2.4716385e-06 0.002143203 2.7036288e-07 4.8667357e-07 0.0012051482 0.0004988649 0.00035829254 0.00023797686 2.6745052e-08 1.182895e-06 0.00018895291 0.00011505417 0.00037483426 2.0043743e-05 6.4280966e-06 0.00014002499 7.4076884e-06 4.310394e-05 2.166837e-06 4.290982e-05 2.4877834e-06 5.971753e-06 0.0010744585 7.418467e-05 4.9317783e-05 1.0773504e-06 0.00015471649 0.00027954817 8.403478e-06 0.00082713604 0.0001574016 5.4181208e-05
0.96351725 0.23062153 0.25520164 0.06340816 0.756391 0.03899132 0.4355298 0.22467 0.91348034 0.062360782 0.2251478 0.042957243 0.06944026 0.23809503 0.4728715 0.6924964 0.14310634 0.00872877 0.9474828 0.00996296 0.07739504 0.017588178 0.058113325 0.003245 0.0072027496 0.009974274 6.583892e-12 3.5993162e-05 0.0007706051 0.92658716 0.0053431788 0.001544873 0.003042044 0.00026221332 0.00021596537 0.0013825909 0.0011195117 0.0035518645 0.00014270016 0.9425807 0.0001232884 0.00021330605 0.00024257011 0.00073323044 0.0013630725 0.00017178193 5.748412e-05 0.00013859732 7.334633e-05 0.5944998 2.5875726e-05 9.12356e-06 1.935769e-05 1.6300577e-05 0.006651053 0.0002787283 0.00014406593 0.77792174 1.823316e-05 7.202584e-05 9.1855145e-05 0.20186001 6.1924197e-06 1.8410273e-06 0.0019428063 3.9946186e-05 3.49532e-07 3.8994253e-06 5.3535066e-05 6.3777265e-06 0.001027594 1.5002859e-06 3.8283335e-05 0.00038140136 3.9367933e-05 0.0004190043 0.00013933257 1.1862415e-07 2.7180131e-05 7.6466145e-05 3.6409903e-05 0.00010262694 2.1386057e-05 3.1783657e-06 1.0030998e-05 7.1327495e-06 2.0797064e-05 1.5898991e-06 1.5170265e-05 1.8580483e-06 1.49176185e-05 0.0007051335 2.6216569e-05 1.4612417e-06 2.4620388e-07 0.00026084977 0.00068115065 7.713374e-05 8.5028e-05 0.0013021982 0.00016972152
0.00014604046 0.0010476586 0.000102410086 0.0001301779 0.00012880628 0.001110198 0.0003965816 3.762929e-05 0.00015202019 8.038452e-05 0.00010533927 2.0960177e-05 0.00701648 1.2027891e-05 1.6306096e-05 4.4183053e-05 0.99997646 2.7072461e-05 4.326666e-05 1.4945431e-05 8.089904e-06 3.0515566e-06 5.85473e-06 1.7406874e-06 2.961797e-06 3.3335173e-06 3.5993162e-05 7.354544e-17 1.0676872e-07 2.8904113e-05 0.93539333 0.00014724652 4.1949147e-06 1.5111468e-05 1.2533977e-05 6.6241466e-07 6.8712393e-07 0.0006511298 9.7692656e-08 2.1846765e-05 3.4332274e-07 8.498714e-05 0.920411 2.722483e-07 9.785953e-07 2.3023192e-07 5.698977e-06 5.178373e-08 5.2905484e-08 1.4014368e-05 4.9756756e-07 1.9521778e-05 1.5869261e-07 0.001145494 5.2682544e-06 7.786373e-07 2.1381172e-06 9.750972e-05 1.6099017e-08 2.5758613e-08 5.091742e-07 8.565518e-05 9.48976e-08 6.490664e-08 4.0831517e-07 1.9055722e-07 4.954779e-09 9.345411e-09 2.1787902e-07 1.2242793e-08 1.3671486e-07 1.04239135e-07 3.8110338e-07 2.0635546e-06 7.8998994e-07 1.6203713e-06 2.0338659e-05 3.0026182e-09 2.4760232e-07 3.3221318e-07 2.6212865e-07 8.013139e-07 4.821422e-07 3.5648355e-08 1.7419718e-07 6.863911e-07 2.1154143e-07 3.6294647e-08 8.4736894e-07 2.6977614e-07 1.6657907e-07 8.873543e-07 1.4291662e-07 3.0743585e-08 6.852651e-10 8.7227725e-08 3.316385e-06 6.629619e-09 2.429412e-08 1.1359208e-05 1.1971072e-09
0.7681181 2.0565123e-05 3.1532736e-06 0.0014168305 1.623218e-05 0.00031121945 0.0007571394 2.3572218e-06 0.00017341161 4.6161028e-07 0.018659137 5.6283426e-07 4.18384e-06 0.021846846 0.0057414374 0.00010078007 3.947771e-05 6.4478024e-07 0.00027883356 0.3895997 5.8264895e-06 0.607474 7.384173e-06 0.994255 1.4519471e-06 4.0172768e-07 0.0007706051 1.0676872e-07 3.5212593e-13 0.007979959 0.0017563421 6.2554195e-06 0.91617584 0.0015678945 6.469779e-07 0.9453215 5.0787787e-07 0.26923454 0.42257267 0.0019792381 0.25118196 0.16394462 3.3792219e-06 1.0054582e-06 4.199578e-06 0.08397685 2.588461e-07 0.2834938 0.028106645 0.0005460976 0.02263749 0.003406416 0.015475361 0.00013415556 0.3680572 7.447615e-07 0.096353054 0.0026244097 0.012609397 1.4113707e-06 0.048457567 0.18757963 0.0021802029 0.00022645413 7.263763e-05 0.0022028405 3.5192355e-05 1.4599999e-05 0.0087558795 0.00073768076 4.4346987e-08 0.00011415773 0.0003213097 9.3455543e-07 1.7824664e-06 7.9671753e-07 3.327538e-05 2.957662e-06 0.0004275631 2.8421874e-07 6.374029e-08 1.0021145e-06 1.5000226e-06 2.5087375e-06 6.151714e-07 4.7948514e-08 6.582398e-08 6.831839e-07 4.715502e-06 3.597082e-07 5.896208e-07 1.6010246e-06 1.9277623e-07 4.0906993e-06 4.1780004e-07 7.922292e-07 0.0004990479 1.3686297e-08 6.983041e-07 0.00029443673 9.753291e-08
0.98782426 0.21294627 0.06538925 0.10324193 0.32790145 0.085795596 0.49490735 0.025361769 0.8738384 0.00792219 0.4738222 0.003955459 0.011472647 0.77057695 0.9262749 0.042983364 0.06670553 0.001760094 0.6003584 0.09737373 0.006215995 0.28336865 0.0039957087 0.018018994 0.0021916267 0.0018266735 0.92658716 2.8904113e-05 0.007979959 2.085745e-12 0.00936626 0.00025857732 0.021778276 0.0014532806 4.4148095e-05 0.0061558224 0.00031708876 0.018110259 0.0023536491 0.79592836 0.0008285441 0.001948251 0.00012893483 0.00016699448 0.00030739632 0.0010883096 3.090357e-05 0.0012707566 0.0005701198 0.0837384 0.00044001068 0.00013666123 0.00023761221 5.9212616e-05 0.095111735 0.00012600103 0.00141754 0.57508546 0.00048999017 1.3424163e-05 0.0008815063 0.8545427 9.75472e-05 1.6412981e-05 0.00044306097 0.00029659833 6.0322427e-06 7.553057e-06 0.0002685004 8.832419e-05 0.00010435 3.6659374e-05 0.00012646163 0.00012492026 7.877356e-06 3.7706737e-05 6.5945846e-05 1.7176734e-06 0.00018133424 2.4671912e-05 1.3310805e-05 3.7049962e-05 1.45781705e-05 4.630868e-06 1.0892241e-05 1.8063864e-06 7.2167654e-06 5.1379034e-06 1.0159931e-05 2.9100167e-06 1.1925927e-05 9.405837e-05 8.020811e-06 1.4136224e-05 1.2523288e-06 8.3647195e-05 0.0017399522 2.6058186e-05 1.9904865e-06 0.0024995373 0.00026260922
