1.9587835e-18 0.28239205 0.00015424946 0.087845646 0.7397051 0.020855337 0.74827445 0.002580467 0.38316548 0.6627957 0.24073991 0.010465748 0.39310423 0.6682761 0.7393831 0.63891304 0.62576103 0.78688073 0.83304304 0.16038997 0.84532547 0.00617786 0.0006809912 0.9110906 0.78499305 0.652039 0.6205465 0.90482056 0.87226194 0.6535774 0.9556766 0.9644672 0.95067126 0.36247838 0.7705688 0.9438133 0.010985276 0.8842341 0.6896342 0.9336417 0.15397458 0.80101734 0.9514254 0.97482187 0.22456911 0.8833104 0.9128127 0.96921545 0.9882609 0.3403633 0.8623241 0.958484 0.8748532 0.9983067 0.70053685 0.99098516 0.26615912 0.99362814 0.8825786 0.7240789 0.00016795822 0.99815804 0.25667155 0.99641865 0.95418686 0.99991167 0.99998915 0.99546915 0.75771594 0.36922005 0.78304297 0.999356 0.45960122 0.5580446 0.93478 0.90339404 0.5221814 0.9448327 0.10484773 0.015549997 0.90367556 0.6981265 0.98622185 0.33927336 0.66473335 0.7238885 0.97934943 0.05018095 0.26693285 0.4775166 0.64148 0.028980186 0.4998825 0.99972105 0.059423473 0.15556315 0.11977524 0.99638903 0.56416637 0.9953261 0.0827244
0.28239205 8.744006e-13 0.9983484 0.95876074 0.9613949 0.000909396 0.8704945 0.00022728473 0.08207218 0.095516965 0.088320725 0.00016217922 0.03549257 0.13047208 0.051612377 0.14503284 0.15474625 0.2073807 0.14560331 0.0028260667 0.022095723 2.1406748e-05 0.0013110354 0.1113561 0.002530935 0.0009157871 0.0024457246 0.0011404358 0.016462395 0.0004611943 0.0010940951 0.05325421 0.0018773475 0.0013264217 5.3670487e-05 0.11533352 0.00025922814 5.1884752e-05 5.5262512e-06 0.05442197 4.6569017e-05 7.429497e-05 0.15021057 0.026082346 5.23895e-06 3.927924e-05 0.00021971785 0.047812335 0.022160295 1.9664265e-06 7.182555e-05 2.6517935e-05 4.1951046e-07 0.00021161762 2.4544279e-06 0.027013263 3.739095e-06 0.0044611795 3.5762412e-05 1.3810042e-06 3.510902e-07 0.00013824842 8.159391e-06 0.00023664115 1.1768025e-05 0.0057875467 0.0052786856 1.2782218e-06 1.669252e-06 1.4019708e-06 3.042762e-07 5.941387e-07 8.452535e-05 3.367953e-05 3.0102065e-06 5.012953e-06 1.3517538e-06 3.5463152e-06 5.2240796e-07 7.70009e-06 5.605704e-07 8.9810765e-06 2.3252155e-06 2.2731107e-05 1.6693109e-06 6.9266675e-06 1.2607316e-06 1.9759743e-06 1.8185847e-06 0.00015875627 8.838052e-06 1.2852362e-05 4.1929766e-07 2.7946953e-06 2.451112e-07 1.5201721e-07 1.6268233e-08 0.00024289606 0.00021950048 1.0978655e-05 2.507639e-08
0.00015424946 0.9983484 1.6528586e-15 0.0055934037 0.039985597 0.9995551 0.0003295281 2.7528715e-06 3.4183362e-05 0.0019604862 6.9287225e-06 0.0016919079 1.0904693e-05 0.00021231845 0.00029293663 0.011227694 4.379346e-05 5.2255946e-05 5.2206982e-05 2.3324671e-06 1.2080363e-06 0.019398345 8.829159e-05 2.7685277e-05 0.0002422742 0.0005381928 2.4381627e-06 6.0834434e-05 6.085033e-07 2.8153681e-06 4.86468e-07 9.0278377e-07 2.0415855e-06 2.977065e-05 5.6030586e-07 6.705664e-05 9.206936e-06 3.536035e-06 4.681667e-06 4.5778703e-05 2.4092826e-05 3.1882642e-05 1.8341849e-05 2.0390922e-05 1.1161785e-06 7.2683713e-07 2.4895228e-06 1.6933938e-05 6.073667e-06 1.2387745e-06 1.0596234e-06 1.5321015e-06 1.4997223e-06 3.4795012e-06 7.384909e-07 3.2999349e-06 4.3357636e-06 6.4407805e-06 2.9090236e-06 2.5912394e-07 3.6862147e-07 1.8735805e-06 7.2683912e-09 9.380813e-06 4.3544983e-06 1.8517941e-05 0.00035869324 1.6541962e-07 3.7598454e-06 2.1460669e-07 6.7017766e-07 1.383206e-07 1.0305066e-05 0.000102309634 1.1473056e-05 5.7042485e-05 3.89558e-07 9.861906e-07 5.213737e-07 1.3148241e-07 3.2226806e-06 2.5038878e-06 3.1420047e-06 2.567912e-06 2.986711e-05 9.5007536e-08 2.5993913e-06 4.9924444e-07 2.2533398e-07 2.0177034e-05 6.399196e-06 1.2035239e-06 1.8613277e-06 4.3881926e-07 1.07533076e-07 3.7373695e-08 1.2886917e-08 2.1428316e-07 4.325901e-06 9.242138e-09 6.037446e-08
0.087845646 0.95876074 0.0055934037 8.287291e-15 0.017786052 0.0021174268 0.46276283 0.9994472 0.05646349 0.0035423688 0.43891954 7.9414145e-05 0.061772186 0.0043700617 0.00076469535 0.0003346909 0.011190429 0.12015621 0.011256379 0.06828186 0.43451324 1.814685e-06 0.95884234 0.024696201 0.0007777534 7.0731825e-05 0.012298004 8.911877e-05 0.037790302 0.0069644307 0.0018975778 0.013557988 0.00083115656 0.007998946 0.0008226395 0.0077248365 0.0024488787 0.00022096142 4.7498743e-05 0.0010521132 3.1172218e-07 5.098263e-05 0.006667976 6.670011e-05 8.366718e-06 1.1992555e-05 0.00011723986 0.0039646267 0.00808443 1.5977726e-08 9.202608e-06 4.6060024e-05 1.8044478e-06 1.8724453e-05 3.333215e-06 0.0019395684 2.6943778e-07 0.00018117452 3.140152e-05 2.9598118e-06 1.37249435e-05 8.437093e-06 1.7570615e-07 7.7424855e-05 5.6859153e-06 0.0016309549 0.009227581 8.9262863e-07 4.882742e-07 1.4267455e-08 5.4662504e-08 1.8066121e-06 5.3895988e-06 3.252437e-05 4.2106283e-05 5.0802346e-06 1.5254544e-08 1.9611234e-07 5.9994926e-07 1.1378805e-06 2.4932924e-05 5.0828858e-06 7.304276e-05 3.7901184e-06 1.8831543e-05 1.1271777e-07 1.2903798e-05 2.0055263e-06 4.4125616e-07 4.698617e-05 9.888827e-06 1.7737874e-06 1.0127862e-05 2.3526614e-07 3.2789183e-07 1.4792631e-08 3.9880783e-09 0.00014083886 1.7441296e-05 1.117026e-06 2.0776731e-08
0.7397051 0.9613949 0.039985597 0.017786052 2.6877047e-11 0.87089854 0.30327818 2.6233825e-05 0.0049628685 0.96182424 0.0012077565 0.5204864 0.00083412003 0.5632161 0.7463842 0.92857367 0.26249632 0.018252099 0.09105377 0.00030428244 0.001256479 0.06820692 5.8963884e-05 0.027053088 0.20003453 0.064899385 0.00015268987 0.07764938 0.0002715113 2.2813912e-05 5.72254e-05 0.0029582276 1.3252908e-05 0.00011216698 9.5288015e-06 0.5519693 0.00036663745 1.514402e-06 7.496884e-07 0.5844547 0.00053922954 0.00077570975 0.2118795 0.48035833 6.368858e-06 1.947905e-06 3.1584261e-06 0.051279478 0.005287684 7.2203075e-05 1.2155683e-05 4.6414257e-06 2.3194427e-07 0.014814963 1.0755108e-06 0.073581986 1.3117738e-06 0.06668369 0.00026023926 1.1276738e-08 6.612486e-06 1.2114218e-05 1.0318149e-06 0.0006994165 3.988326e-05 0.03656464 0.005119152 9.614603e-07 8.902439e-07 2.443746e-07 6.390755e-08 3.5363e-05 8.3438375e-05 0.00010837498 0.00010362191 3.7115226e-06 8.557642e-06 7.2434005e-08 3.0632214e-05 1.2910813e-05 8.953154e-06 1.5802436e-05 6.217109e-05 2.4358176e-06 2.7012706e-07 1.0466115e-06 2.1431424e-05 7.0930455e-06 6.0497164e-06 5.542203e-05 1.3121129e-06 0.00021558016 2.0421963e-05 3.291055e-05 4.9180985e-06 1.1437272e-06 7.130854e-09 0.00019407072 5.4716253e-05 1.4595782e-05 3.6291326e-08
0.020855337 0.000909396 0.9995551 0.0021174268 0.87089854 4.03872e-14 0.0039492324 7.576916e-06 0.0005834319 0.056419797 0.00015305959 0.97585964 0.00016265768 0.011210111 0.06109584 0.46266502 0.004372075 0.0014474133 0.003335629 4.727775e-05 4.3890504e-05 0.40817177 1.0978258e-05 0.0017755155 0.04387489 0.15038885 2.9365503e-05 0.013283706 0.000114473885 3.357031e-05 4.1471776e-06 3.3188604e-05 2.1744892e-05 4.6161207e-05 1.0408965e-05 0.01775686 3.3670673e-05 4.776154e-06 1.228163e-06 0.025756786 0.00039161416 0.010704519 0.0030401717 0.01521807 1.4364814e-06 1.4688114e-06 8.3926425e-06 0.0016340172 0.00021486136 0.00032663892 8.889531e-06 1.332106e-06 3.1216933e-07 0.0032826765 6.9642863e-07 0.0008393923 4.717662e-06 0.003457498 0.0005382806 7.236859e-07 9.829301e-08 1.1272073e-06 2.2886381e-06 2.2367638e-05 1.1663103e-05 0.002103471 0.00047826904 1.2848292e-07 6.791731e-07 1.03591226e-07 1.7654831e-07 3.2151747e-06 0.00018936276 0.00033115115 2.6920457e-05 5.5450637e-05 1.6893112e-07 6.9799523e-07 3.224276e-06 9.651824e-06 5.810193e-06 4.7662393e-06 7.714201e-06 1.0709415e-05 7.917326e-06 2.142516e-06 3.3760844e-06 3.3093013e-06 1.8732473e-05 0.00023972924 1.0608727e-05 1.1117669e-05 1.1792257e-07 1.1765069e-06 5.453569e-07 6.2490784e-07 2.0143453e-08 1.1881358e-05 1.6591865e-06 5.978617e-07 1.0161544e-08
0.74827445 0.8704945 0.0003295281 0.46276283 0.30327818 0.0039492324 7.575024e-15 0.0019635041 0.9921421 0.10231223 0.5133222 0.0001464389 0.071840495 0.70457083 0.008300964 0.0018565084 0.93479365 0.7843114 0.8270914 0.003607208 0.008097185 8.677103e-07 1.4095534e-06 0.74322885 0.00093295076 8.1364175e-05 0.00062124693 0.00059986376 0.04259243 7.3637195e-05 5.658379e-05 0.091016866 1.9561623e-05 7.135508e-05 2.437377e-06 0.40485162 1.4665692e-06 1.1513945e-06 2.9690437e-07 0.06794348 1.4232177e-06 1.557233e-05 0.53772455 0.027656343 2.5875758e-08 5.871232e-07 1.8189012e-05 0.21724623 0.12614396 2.3924435e-06 5.1150478e-06 2.9556036e-06 2.2004927e-07 0.00061284297 3.1389064e-07 0.16917537 1.0338376e-07 0.030832672 6.348192e-06 9.036089e-09 2.0343302e-08 1.0528343e-06 1.9950768e-09 0.00059622584 8.118559e-07 0.055506118 0.042658627 1.924032e-07 7.4970484e-07 1.3172263e-07 1.1116311e-09 4.2155298e-07 4.5193136e-07 2.459949e-06 5.57343e-06 8.1892715e-08 2.1865751e-09 1.15564134e-07 3.7296573e-08 3.034898e-08 7.345868e-07 1.1201689e-06 6.291733e-07 7.946937e-07 4.4069573e-08 1.04375225e-07 2.0920214e-07 1.04709805e-07 2.835441e-09 1.2714208e-06 3.451034e-08 8.790364e-08 4.3507893e-07 2.5058785e-07 1.5948671e-09 3.3452906e-08 8.071686e-10 4.6960497e-05 8.846336e-07 6.6399025e-07 7.280375e-10
0.002580467 0.00022728473 2.7528715e-06 0.9994472 2.6233825e-05 7.576916e-06 0.0019635041 1.8392568e-19 0.00069506816 2.6206893e-05 0.01883878 1.07453255e-08 0.0018908811 8.882591e-06 7.2487325e-07 6.347023e-08 2.1671749e-05 0.0063782563 0.00011217082 0.8288561 0.028543396 2.105309e-09 0.9862463 0.0003763727 4.1299157e-07 2.3037344e-08 0.0038945288 6.3957174e-08 0.0014324699 0.0035790277 0.00056099356 0.00047713175 0.0039289487 0.10486464 0.00043006567 1.8383684e-05 0.00028906253 0.0005778119 0.0008066208 2.7231333e-06 6.1499366e-09 6.3718497e-09 3.3403514e-05 8.1546887e-07 4.0131723e-05 2.0321191e-05 2.0281848e-05 6.2003004e-05 0.00030711293 3.4550367e-09 6.7873643e-06 7.980122e-06 1.1020977e-06 1.6825446e-08 6.112585e-07 5.585613e-05 2.8341893e-07 2.6703715e-06 1.0260721e-07 1.4863684e-07 3.8831098e-07 1.8583726e-06 2.4300597e-09 4.433179e-05 1.1714272e-06 8.027405e-05 0.00045510492 1.04518456e-07 9.337629e-08 3.3965635e-09 3.2241807e-08 2.1920787e-09 7.758713e-08 9.232162e-06 3.2365978e-07 3.4851867e-06 1.02078985e-07 4.6920294e-09 1.156686e-08 7.703735e-09 1.2019542e-07 1.671133e-08 3.6975658e-07 5.7209344e-09 1.5806656e-07 4.1321435e-08 4.715655e-08 1.787008e-09 1.8410605e-08 4.6501873e-07 3.3766252e-08 1.3151644e-08 6.119347e-10 1.1044836e-09 2.9152358e-10 1.5909151e-08 1.0553895e-10 2.9170271e-06 1.4351642e-06 1.061661e-09 1.2623629e-10
0.38316548 0.08207218 3.4183362e-05 0.05646349 0.0049628685 0.0005834319 0.9921421 0.00069506816 1.2067371e-14 0.0011408612 0.9060803 1.3923805e-05 0.69462895 0.011075853 0.00015098685 6.181513e-05 0.2217888 0.9411385 0.33442804 0.0067395084 0.06423943 3.5732887e-07 1.0941215e-05 0.6581075 0.00014953165 3.0745978e-05 0.0011010731 4.493635e-05 0.24856228 0.00035922712 0.00030935966 0.12842767 6.992778e-05 0.00020364406 9.8193275e-05 0.069450006 1.8263868e-06 2.5168552e-05 5.5937608e-06 0.0060334834 3.876459e-06 3.3506218e-05 0.24600363 0.0031755862 7.027749e-07 1.4052765e-05 0.00017532075 0.14645588 0.1965176 9.579429e-07 3.9327777e-05 1.3209487e-05 1.8607208e-06 6.58774e-05 1.1281854e-05 0.064026795 4.829795e-06 0.009857506 3.9209417e-06 7.0065255e-08 2.1973472e-07 2.8109189e-05 1.0049812e-07 0.0017519976 8.3775805e-05 0.026624406 0.035474647 1.6181892e-06 4.1711886e-05 1.0878223e-06 5.2462944e-08 1.2819524e-06 1.3740599e-06 5.340814e-05 6.359263e-06 2.2298452e-06 9.145307e-09 6.6612224e-06 3.3384754e-07 6.5551643e-07 9.759442e-06 5.845681e-06 1.1092999e-06 3.4597423e-07 3.620029e-07 2.7500535e-06 3.5865526e-07 3.4031817e-07 2.933916e-07 4.7945596e-06 9.264411e-07 1.1402062e-06 3.2926812e-07 1.3377406e-06 1.3053803e-08 1.2797831e-06 2.2604908e-08 3.997877e-05 7.706205e-05 1.2228767e-06 2.4603054e-08
0.6627957 0.095516965 0.0019604862 0.0035423688 0.96182424 0.056419797 0.10231223 2.6206893e-05 0.0011408612 3.4552997e-13 0.00013777932 0.02073412 0.00010396271 0.9727861 0.9811813 0.919187 0.15380867 0.0020440689 0.027375799 2.1816857e-06 7.48544e-05 0.0006874973 1.0889526e-06 0.009649073 0.080042824 0.005920031 1.0250726e-05 0.00792649 0.00014528254 7.937338e-06 1.6362588e-06 0.00077871745 8.868823e-07 5.4478323e-06 3.1639806e-07 0.6050223 6.8231566e-06 5.987198e-07 4.7473384e-07 0.53932387 0.00028143 0.00017075747 0.15850917 0.5007747 5.4366375e-08 3.9933232e-07 8.486714e-06 0.04454315 0.0056538023 3.6394144e-05 2.5440604e-06 6.3541614e-07 6.365682e-08 0.005331095 2.0584096e-07 0.07069881 1.7130053e-07 0.08969153 0.00015040752 2.8641838e-09 6.3524647e-07 5.042984e-06 1.5581398e-08 0.00031737436 1.3718144e-06 0.046016175 0.0037336526 1.7649327e-07 5.033679e-07 2.0971272e-07 6.609166e-09 9.026254e-07 1.6842303e-06 5.2698324e-06 7.765724e-06 5.1168746e-07 3.4643541e-09 1.1578995e-07 1.3282305e-06 1.5813357e-06 4.2676525e-06 3.4819973e-06 2.1017133e-06 5.94709e-07 2.4316478e-07 3.6118666e-07 1.4572505e-06 1.4311241e-06 1.4427907e-07 1.9450206e-06 2.769552e-07 3.833572e-07 2.873259e-07 7.1141926e-07 8.2585075e-08 1.683014e-07 1.6941559e-09 3.3058554e-05 3.561587e-06 8.4852854e-07 4.4297025e-08
0.24073991 0.088320725 6.9287225e-06 0.43891954 0.0012077565 0.00015305959 0.5133222 0.01883878 0.9060803 0.00013777932 5.0475277e-11 2.7032613e-06 0.9967867 0.00042027674 6.1859304e-05 6.7943816e-05 0.0035009822 0.4991924 0.0056905863 0.11812613 0.9774729 1.9102129e-06 0.00015677509 0.10992379 8.3826795e-05 2.5575191e-05 0.015616813 5.2352512e-05 0.1703098 0.0019651593 0.0020219577 0.086483896 0.0036377122 0.006187464 0.0006177936 0.0031177483 0.0001787703 0.00031169027 9.319068e-05 0.00047623005 2.904429e-07 1.4939374e-05 0.027734034 0.00039484544 1.1099416e-05 4.0588402e-05 0.0008198958 0.025756719 0.08059572 3.0495494e-06 0.00018997923 0.00016306306 2.7232021e-05 9.9230965e-05 4.3503904e-05 0.027406037 2.1663049e-05 0.0049494593 4.8044826e-06 1.1205641e-06 1.4735355e-06 0.00019564544 2.402814e-07 0.0035629312 6.645775e-05 0.012257175 0.03468747 1.6276359e-05 2.5459425e-05 6.2442264e-06 6.1614435e-07 1.6372834e-07 4.6197606e-06 2.3689076e-05 3.8561004e-05 3.750273e-06 2.0400063e-07 2.292413e-06 1.5621602e-06 3.3429758e-06 2.071457e-06 6.176552e-05 1.0616676e-06 1.5361447e-05 6.34683e-06 2.243458e-06 3.9075367e-06 4.9393257e-06 2.1814327e-07 1.4704619e-05 8.615285e-07 1.5346416e-06 7.3060517e-07 1.2456341e-07 3.379705e-08 1.3832272e-07 2.1543596e-09 5.5064622e-05 1.3009133e-05 4.2318375e-06 3.1340843e-09
0.010465748 0.00016217922 0.0016919079 7.9414145e-05 0.5204864 0.97585964 0.0001464389 1.07453255e-08 1.3923805e-05 0.02073412 2.7032613e-06 2.7248862e-14 7.796721e-06 0.0016592809 0.043643355 0.8176387 0.00025647305 4.8862872e-05 9.007026e-05 9.468714e-08 5.3933113e-06 0.998495 3.8332612e-07 2.8155067e-05 0.12728225 0.62095356 3.8209523e-06 0.016884224 1.9193762e-06 3.7097816e-06 1.5115143e-07 6.2744874e-07 2.4185024e-07 6.295493e-08 6.469403e-07 0.0046901563 4.555033e-07 6.906536e-08 2.0823376e-07 0.011057879 0.0017960276 0.042599108 0.00033347763 0.007991394 4.2332015e-08 3.198204e-07 2.0398875e-07 0.00019922375 2.4591995e-05 0.0004599587 8.081758e-07 2.2111222e-07 1.2507242e-07 0.0063013025 1.5527884e-07 0.00024501435 4.838065e-08 0.0028294565 0.0006642889 4.2959297e-08 1.0980147e-08 9.897798e-08 4.2347033e-08 1.3564925e-05 1.2261278e-06 0.0010511419 0.00014500349 1.1869675e-08 4.1237683e-07 9.278063e-09 1.305391e-07 3.8195567e-06 3.6034893e-05 4.79635e-05 4.7076073e-06 8.599722e-05 1.8381552e-08 1.065862e-07 6.2773967e-07 1.3871631e-06 4.021971e-06 2.056166e-06 4.663068e-06 3.1655609e-06 6.9847925e-07 4.066919e-07 7.3633754e-07 7.884018e-07 3.4537736e-06 2.0626119e-06 1.0123241e-06 5.0818846e-07 1.2221427e-07 1.3805203e-07 2.0939035e-09 2.1356657e-06 1.8549057e-08 2.9756782e-06 1.0733282e-06 1.4744801e-06 2.8253886e-09
0.39310423 0.03549257 1.0904693e-05 0.061772186 0.00083412003 0.00016265768 0.071840495 0.0018908811 0.69462895 0.00010396271 0.9967867 7.796721e-06 3.48939e-12 0.00043499348 4.815756e-05 9.095395e-06 0.0034789492 0.90861726 0.015505587 0.026091285 0.9461377 5.01163e-07 5.1817202e-05 0.2651032 0.00010229277 1.6410855e-05 0.017483715 2.0261763e-05 0.6365184 0.003976026 0.0070222197 0.23896521 0.001459128 0.001392874 0.0015759206 0.0060893674 6.9890186e-05 0.00020489296 6.595478e-05 0.0005008447 4.6563046e-06 2.6003372e-05 0.08285416 0.00030855968 2.1118063e-05 2.45383e-05 0.0012661826 0.06695392 0.15363166 1.3816075e-06 0.00021000343 0.00015923893 2.3996929e-05 4.7705842e-05 5.3217125e-05 0.02455243 3.152012e-05 0.0035778554 1.7815632e-05 7.240607e-07 1.8160804e-06 0.0003726939 9.0246004e-07 0.0053296187 0.00038157197 0.009720476 0.050433602 1.5161255e-05 0.00022455046 5.896925e-06 1.2403656e-06 2.93121e-06 9.887576e-07 5.13614e-06 6.8692843e-06 7.3267015e-06 1.9364558e-07 8.796517e-07 3.3483325e-06 2.6515572e-06 2.584316e-06 3.6850352e-06 8.939337e-07 7.320213e-06 1.8285409e-06 1.3295466e-05 1.5264108e-06 9.734441e-07 2.4857245e-06 7.637566e-06 2.2571737e-06 3.847998e-06 3.626923e-07 5.1444636e-06 1.9754361e-07 2.5768268e-06 8.468022e-08 6.4226886e-05 0.00010336934 7.523398e-07 4.0678632e-08
0.6682761 0.13047208 0.00021231845 0.0043700617 0.5632161 0.011210111 0.70457083 8.882591e-06 0.011075853 0.9727861 0.00042027674 0.0016592809 0.00043499348 1.1486108e-12 0.8157136 0.10101303 0.9842717 0.006494721 0.4671551 3.7600462e-06 0.00032845163 9.231021e-05 2.2143719e-07 0.039597686 0.010575928 0.0006547046 3.425205e-05 0.0044089044 0.0010441944 2.7593123e-05 7.88679e-06 0.0032370999 3.1635207e-06 2.2096815e-06 1.7800116e-06 0.8863894 5.4003e-06 2.1675778e-07 2.1485407e-07 0.59507775 8.301437e-05 0.00021175854 0.5689015 0.5102249 1.2260617e-07 7.9689914e-07 2.8178089e-05 0.19885306 0.025739824 5.1972853e-05 4.790414e-06 5.2629516e-06 2.0510495e-07 0.005496626 2.5861266e-07 0.16809575 1.075596e-06 0.118778214 0.0003831838 8.797372e-09 2.032676e-06 1.379632e-05 2.5251423e-09 0.00041863462 1.5475264e-06 0.08175385 0.00785988 1.0992196e-06 2.1298813e-06 4.285984e-07 2.1573252e-08 6.870002e-05 8.2751985e-06 2.475584e-05 0.0001281267 7.868429e-06 5.6711658e-09 8.53826e-07 4.893595e-07 2.6436626e-07 1.8154093e-05 1.2021469e-05 6.131125e-06 1.3529623e-06 1.6383487e-07 6.8244543e-07 8.2591305e-06 4.2773397e-07 2.2889523e-08 1.1689415e-05 3.6312255e-07 4.6128287e-07 1.8985297e-06 1.6891374e-05 5.3080043e-08 4.8093347e-07 5.3013867e-08 0.00027042025 6.022012e-06 4.2881104e-05 1.9786272e-08
0.7393831 0.051612377 0.00029293663 0.00076469535 0.7463842 0.06109584 0.008300964 7.2487325e-07 0.00015098685 0.9811813 6.1859304e-05 0.043643355 4.815756e-05 0.8157136 7.010705e-13 0.97952527 0.040269732 0.00035955355 0.012454093 5.280596e-07 3.0758587e-05 0.005777125 1.134146e-06 0.0028867489 0.6983537 0.023214802 8.853092e-06 0.1790602 6.509202e-05 1.4497811e-05 7.0194574e-07 0.00012446126 3.455564e-07 3.247896e-07 7.8682825e-07 0.7763511 4.66543e-06 4.6592825e-07 1.4978247e-07 0.8193838 0.0017198913 0.0015124473 0.10480949 0.6854291 1.538985e-07 2.7393594e-07 3.7503014e-06 0.027536597 0.0030504575 0.00024275618 9.786298e-07 1.7979487e-07 1.0560697e-07 0.07236208 1.3078802e-06 0.047841437 3.661381e-07 0.0738757 0.0019814977 7.8147595e-09 1.2491776e-06 8.037286e-07 1.0015879e-08 0.00010250721 9.3960455e-07 0.03833204 0.004757677 3.787394e-08 5.734547e-07 4.7113102e-07 2.4569337e-08 8.55271e-05 7.084156e-06 1.6342183e-05 8.485359e-05 3.0536892e-05 3.6525396e-09 1.3221043e-07 1.0793892e-05 3.5622086e-06 3.5960635e-05 2.4614308e-05 9.590202e-06 6.2857207e-06 4.799022e-07 4.872269e-06 3.8714934e-06 1.4264504e-06 2.045334e-07 8.684617e-06 7.407508e-07 1.8884174e-06 1.6564688e-06 2.9106122e-05 1.4470363e-07 7.067839e-06 8.2832756e-08 1.9335937e-05 7.955465e-06 1.3624774e-05 9.335096e-07
0.63891304 0.14503284 0.011227694 0.0003346909 0.92857367 0.46266502 0.0018565084 6.347023e-08 6.181513e-05 0.919187 6.7943816e-05 0.8176387 9.095395e-06 0.10101303 0.97952527 3.9625885e-12 0.0024768063 0.00014059141 0.0011685498 5.505664e-07 3.187404e-05 0.5383357 2.2479708e-06 0.0007534181 0.95009416 0.9069049 1.964608e-06 0.280957 2.1057229e-05 2.3588677e-06 2.7138168e-07 5.4550204e-05 1.617832e-07 2.7481315e-06 4.738757e-07 0.27312395 6.0273585e-05 1.9902994e-07 4.0092965e-07 0.47389537 0.09633127 0.056194555 0.024147807 0.4910504 1.4243916e-07 4.3366714e-07 5.7288844e-07 0.007948318 0.0016743398 0.0049117273 1.0972254e-06 6.3449266e-07 1.5145892e-07 0.22252294 9.443397e-07 0.02457636 5.543821e-07 0.09419707 0.010332308 1.9373643e-09 2.813213e-06 8.5238185e-07 5.5835083e-09 6.5059445e-05 1.8897225e-07 0.03873625 0.002452499 4.3042792e-08 1.6901781e-07 6.1330596e-08 4.1814876e-09 8.9210946e-05 0.00011010494 3.3627504e-05 0.00029870257 2.1503141e-05 3.318063e-07 7.993116e-08 1.5401434e-05 3.7589223e-05 0.00010740933 4.3512493e-05 7.433984e-05 3.220298e-05 1.7708313e-06 8.092934e-07 2.8737331e-05 2.3687744e-05 2.9322757e-06 2.898784e-05 8.2912146e-07 1.1341467e-05 5.5763703e-06 3.4426765e-05 1.2481654e-06 1.3593797e-06 1.5232187e-08 6.438303e-05 2.4772241e-06 2.0277712e-05 1.2348733e-07
0.62576103 0.15474625 4.379346e-05 0.011190429 0.26249632 0.004372075 0.93479365 2.1671749e-05 0.2217888 0.15380867 0.0035009822 0.00025647305 0.0034789492 0.9842717 0.040269732 0.0024768063 5.7841877e-13 0.038783442 0.98072314 0.00018381675 0.0017748114 1.6596274e-05 2.892391e-07 0.28520873 0.0019168621 9.125957e-05 0.000108964145 0.0015131586 0.006896309 3.6599744e-05 3.090867e-05 0.010504506 1.7836388e-05 4.3224823e-06 6.3823445e-06 0.7414723 1.7466723e-06 1.1765889e-06 1.1358034e-06 0.18671684 1.8078696e-05 5.9508744e-05 0.66680574 0.09653593 3.9064318e-07 1.0808751e-06 2.588651e-05 0.27478072 0.07810088 1.34563725e-05 4.969537e-06 4.6816804e-06 2.0363441e-07 0.0013300629 7.120226e-07 0.14366004 3.6801973e-07 0.06259703 0.00016418424 7.243204e-09 6.9082256e-07 1.2482565e-05 3.259566e-09 0.00052512425 7.842834e-07 0.059875216 0.011728232 1.1888435e-06 1.6984163e-06 4.33857e-07 1.9387405e-08 1.0863412e-05 5.0542503e-06 1.1122167e-05 9.7358716e-05 4.516089e-06 8.894929e-09 3.8224297e-07 1.4024936e-06 3.3122802e-07 7.944728e-06 1.2982685e-05 3.8029318e-06 1.348949e-06 5.974843e-07 2.9964224e-07 5.6455797e-06 9.2515205e-07 5.6249643e-08 7.5570492e-06 5.3739984e-07 1.8126119e-07 3.1819475e-06 6.610065e-06 2.4032266e-07 1.0025914e-06 1.4982605e-07 0.00012874253 1.00472735e-05 1.016599e-05 5.7960417e-08
0.78688073 0.2073807 5.2255946e-05 0.12015621 0.018252099 0.0014474133 0.7843114 0.0063782563 0.9411385 0.0020440689 0.4991924 4.8862872e-05 0.90861726 0.006494721 0.00035955355 0.00014059141 0.038783442 8.972586e-11 0.21814148 0.037822884 0.6605605 1.2532519e-05 0.00010571456 0.97323596 0.00011704604 4.361041e-05 0.011754416 7.79106e-05 0.87171096 0.003018133 0.008768514 0.7193844 0.0038081966 0.0009971729 0.000856707 0.03753605 0.0001840555 0.00027405366 0.00019118622 0.0031122244 5.785811e-05 2.2204942e-05 0.4385039 0.002822256 1.5415719e-05 7.913872e-05 0.00047261728 0.44378445 0.58961695 7.96664e-06 0.0001440365 5.5053286e-05 2.717106e-05 7.640528e-05 0.00011692699 0.15945713 2.8418572e-05 0.016786903 0.000319902 1.2214792e-06 8.071125e-06 0.00022240664 5.722496e-07 0.009185257 0.00016968524 0.05016301 0.102861725 4.6238024e-06 6.629247e-05 9.801434e-06 1.0585236e-06 1.5041404e-05 7.851144e-06 1.8372399e-05 2.8415347e-05 8.1624885e-06 1.6635158e-07 1.5373085e-05 2.4480296e-06 3.1473985e-07 1.5279168e-06 4.6811047e-06 1.3526565e-06 6.3505024e-07 3.1434388e-07 3.509818e-05 9.514776e-07 4.2306007e-07 2.160938e-07 1.180933e-05 1.5429065e-06 1.1142906e-06 6.755508e-06 1.9622366e-05 4.3764777e-07 7.763458e-06 3.2347216e-07 0.0013177799 0.00025512133 1.1674843e-05 3.131182e-06
0.83304304 0.14560331 5.2206982e-05 0.011256379 0.09105377 0.003335629 0.8270914 0.00011217082 0.33442804 0.027375799 0.0056905863 9.007026e-05 0.015505587 0.4671551 0.012454093 0.0011685498 0.98072314 0.21814148 2.6625843e-12 0.0004793012 0.0051380973 4.0810188e-05 9.813897e-07 0.948625 0.00074184063 7.3260766e-05 0.0002967064 0.00043630673 0.037796848 9.676464e-05 9.6358715e-05 0.0790384 3.1600455e-05 5.306972e-06 1.5486905e-05 0.8616771 7.652666e-06 3.4188624e-06 1.520847e-06 0.18243828 3.9562095e-05 2.2442875e-05 0.9223137 0.12606391 4.580582e-07 2.5475395e-06 4.5022913e-05 0.77516305 0.38034523 1.3038769e-05 1.38792475e-05 3.7696184e-06 4.730607e-07 0.0007189275 4.2619054e-06 0.4492012 2.3124887e-06 0.13048576 0.00020784819 3.743534e-08 1.3445436e-06 2.6119289e-05 2.8049325e-08 0.00092786475 1.1945083e-05 0.13936327 0.022726923 8.2921713e-07 5.9661174e-06 1.565047e-06 9.921349e-08 5.0878687e-05 6.880476e-06 1.1681615e-05 9.205405e-05 3.9273596e-06 1.19397e-08 5.5316664e-06 8.432504e-07 6.5058265e-07 6.3631696e-06 1.1402547e-05 1.0520444e-06 4.5138204e-06 1.7536213e-07 5.000567e-06 2.011961e-06 2.091818e-07 3.6866485e-08 9.355234e-06 7.6641504e-07 1.1007081e-06 2.6284874e-06 2.1082265e-05 5.82199e-08 1.0497158e-05 3.745578e-07 0.0003562353 0.00019040654 2.0446167e-05 1.0497603e-06
0.16038997 0.0028260667 2.3324671e-06 0.06828186 0.00030428244 4.727775e-05 0.003607208 0.8288561 0.0067395084 2.1816857e-06 0.11812613 9.468714e-08 0.026091285 3.7600462e-06 5.280596e-07 5.505664e-07 0.00018381675 0.037822884 0.0004793012 7.6363334e-14 0.41897458 1.4197968e-07 0.98535424 0.0037476528 1.7395679e-07 3.366097e-07 0.20824254 1.5773405e-07 0.027850974 0.2652339 0.07792167 0.0105384495 0.533248 0.93227255 0.16668281 0.00026461363 0.98083323 0.17869624 0.15507005 2.7255664e-05 3.2005364e-08 1.0153543e-06 0.00074696733 5.5285386e-06 0.022878146 0.0544913 0.040346038 0.001526702 0.006091118 4.7831964e-08 0.018102739 0.011443732 0.0054311585 1.591095e-07 0.009938207 0.00073572545 0.0010769026 7.1337796e-05 7.863238e-06 0.00033578015 0.009073322 0.0023183627 2.5030988e-05 0.013370449 0.0026448506 0.00073064707 0.019887904 0.00029879404 0.00050142506 0.00015203498 6.540368e-06 4.6445734e-08 1.3055599e-06 1.4926086e-05 2.0300173e-07 2.1136379e-05 2.8351384e-05 9.8817845e-06 6.149673e-07 2.2289628e-06 9.147436e-07 1.7628159e-06 1.7785134e-06 1.0540529e-06 1.7180631e-06 2.1282558e-05 2.745402e-08 6.524883e-07 1.035102e-06 1.3068336e-05 1.6907111e-06 2.0385407e-06 1.16814235e-07 1.4423273e-07 2.9348772e-08 1.8359898e-08 3.5055787e-09 0.00028750036 8.242289e-05 4.8776666e-08 1.7652567e-08
0.84532547 0.022095723 1.2080363e-06 0.43451324 0.001256479 4.3890504e-05 0.008097185 0.028543396 0.06423943 7.48544e-05 0.9774729 5.3933113e-06 0.9461377 0.00032845163 3.0758587e-05 3.187404e-05 0.0017748114 0.6605605 0.0051380973 0.41897458 3.0628451e-12 4.8985817e-07 0.00013869292 0.15704113 6.37911e-05 7.3405845e-06 0.84344393 1.6693642e-05 0.92222446 0.18450841 0.32862124 0.7205809 0.09693739 0.039686944 0.028236397 0.0066782087 0.0009862519 0.008942416 0.0037887148 0.00044047207 1.9970273e-06 3.1242173e-06 0.12268769 0.00027724684 0.00014164814 0.0001912734 0.053694334 0.19077726 0.4967537 2.0573489e-06 0.0010536114 0.0031119126 0.00016182681 4.9419385e-05 0.00028299127 0.14330576 0.00010539263 0.0071575395 8.921806e-06 3.233739e-06 4.524543e-06 0.015194873 1.2322292e-06 0.13414972 0.0041624205 0.033707 0.54747164 0.00015470969 0.0003752733 0.000136866 1.6654405e-06 1.6094873e-06 6.1285523e-06 1.7573211e-05 5.604563e-06 7.314041e-07 3.4492018e-06 7.214492e-05 5.522974e-06 1.912723e-06 1.7843065e-06 2.8760785e-06 6.2673473e-07 1.0917759e-06 1.384729e-07 4.4173823e-05 6.476378e-07 8.5025806e-07 2.857203e-07 1.0770983e-05 1.7929513e-06 1.19091055e-05 1.963125e-06 6.998919e-06 9.564121e-07 1.7697322e-06 9.450419e-08 0.00071472727 0.00046694165 1.5276144e-05 3.8404384e-08
0.00617786 2.1406748e-05 0.019398345 1.814685e-06 0.06820692 0.40817177 8.677103e-07 2.105309e-09 3.5732887e-07 0.0006874973 1.9102129e-06 0.998495 5.01163e-07 9.231021e-05 0.005777125 0.5383357 1.6596274e-05 1.2532519e-05 4.0810188e-05 1.4197968e-07 4.8985817e-07 1.0966556e-13 8.9186193e-07 3.0050824e-05 0.1525081 0.81069887 6.929095e-07 0.024926951 3.2853804e-06 3.674705e-07 1.4938504e-07 1.3622608e-06 3.9429884e-07 1.06947674e-07 1.1128607e-07 0.0016198524 3.5062762e-06 3.8051903e-07 1.5085391e-07 0.00654777 0.9881097 0.2284624 0.00011963217 0.005016164 8.5798106e-08 1.006263e-06 1.0734748e-06 0.0001002212 5.55306e-05 0.0074838595 5.6928707e-06 3.248731e-06 2.3134847e-07 0.03081219 2.1696545e-07 0.00013273784 5.029998e-07 0.0017632263 0.0013903538 9.946051e-09 3.7973543e-08 1.1447879e-06 4.6843688e-08 6.5449065e-05 9.970255e-06 0.00037150478 0.00030220285 3.0790753e-07 3.229497e-07 1.2879669e-08 4.799875e-08 0.00023050093 8.552816e-05 0.00012527709 0.00019970616 0.00020304794 1.0375529e-08 4.2586285e-07 1.5630989e-06 5.378303e-06 8.0253e-05 3.5495937e-06 0.00041240713 1.0080453e-05 2.9035193e-06 3.910588e-07 2.5632206e-05 2.3819257e-06 2.1370186e-06 3.6694735e-05 3.4841996e-06 7.7993707e-07 1.9540116e-06 7.965523e-06 2.3829957e-08 6.3909533e-07 2.4229935e-08 4.9612877e-06 1.1459058e-07 3.4025275e-06 1.753729e-08
0.0006809912 0.0013110354 8.829159e-05 0.95884234 5.8963884e-05 1.0978258e-05 1.4095534e-06 0.9862463 1.0941215e-05 1.0889526e-06 0.00015677509 3.8332612e-07 5.1817202e-05 2.2143719e-07 1.134146e-06 2.2479708e-06 2.892391e-07 0.00010571456 9.813897e-07 0.98535424 0.00013869292 8.9186193e-07 7.115653e-12 5.210509e-06 1.2227275e-06 2.023381e-06 0.00014027212 3.190323e-07 1.1597064e-05 0.00019400484 7.752962e-05 7.766878e-06 0.00033929123 0.028396377 5.8471946e-05 8.7522665e-07 0.7710444 0.00010987324 0.00093816046 1.3017926e-06 1.22093e-07 1.2935097e-06 1.1945283e-06 1.9999986e-06 0.013370993 0.00011534433 0.000118930526 5.525102e-06 2.8993258e-05 8.11549e-08 8.905564e-05 4.2808046e-05 2.3970535e-05 2.1012763e-06 1.9730978e-05 1.8593441e-06 1.8456603e-05 3.5648645e-07 2.802633e-06 1.0567146e-05 0.13028783 3.745064e-05 7.211461e-06 2.2906832e-05 6.9885277e-06 7.748827e-06 0.00019098105 6.891075e-06 4.704543e-06 1.373471e-05 1.6748467e-05 2.7712256e-06 4.2261872e-06 0.00023072746 5.511067e-06 9.232932e-05 3.356359e-05 6.636968e-06 2.75086e-07 1.8372413e-07 1.1127041e-06 7.2599505e-06 8.507503e-07 1.5463269e-06 1.0330601e-05 9.793057e-07 3.9228956e-07 1.8969794e-07 1.2272181e-06 5.903863e-06 2.1065312e-06 8.0978515e-07 3.5184235e-07 1.07879025e-07 4.9646405e-07 4.8774712e-08 6.3343975e-08 1.2182281e-05 2.432926e-05 1.1128049e-08 7.116492e-09
0.9110906 0.1113561 2.7685277e-05 0.024696201 0.027053088 0.0017755155 0.74322885 0.0003763727 0.6581075 0.009649073 0.10992379 2.8155067e-05 0.2651032 0.039597686 0.0028867489 0.0007534181 0.28520873 0.97323596 0.948625 0.0037476528 0.15704113 3.0050824e-05 5.210509e-06 1.140049e-11 0.0006359524 7.956849e-05 0.0019646299 0.00039208782 0.28941235 0.00070855755 0.001914592 0.5251862 0.0004652075 7.224681e-05 0.00017773485 0.18295902 1.4156447e-05 2.6559139e-05 3.072411e-05 0.014791979 5.9544513e-05 2.1139946e-05 0.8851207 0.014929413 1.9714878e-05 1.7046485e-05 0.00017687924 0.87364507 0.84319407 1.5524509e-05 4.6603986e-05 2.4275098e-05 3.3967856e-06 0.00025649532 2.1734339e-05 0.63498735 8.436771e-06 0.12753093 0.0005628716 2.960889e-07 2.9031617e-06 9.9704404e-05 2.9468518e-07 0.0074093984 7.8238954e-05 0.19092439 0.089136966 2.6900325e-06 1.4815652e-05 1.4407894e-06 1.0756431e-06 6.3022904e-05 8.115992e-06 2.4858633e-05 0.00015034185 5.3598924e-05 4.008681e-07 1.8605406e-05 2.58185e-06 5.122226e-07 7.171641e-06 1.800102e-05 1.9985307e-06 4.27485e-06 6.318159e-07 1.2746314e-05 2.9006821e-06 2.5481165e-07 1.9614994e-07 1.5195648e-05 1.982664e-06 1.2851681e-06 7.0259844e-06 4.413222e-05 9.790107e-07 3.0415551e-05 1.4930009e-06 0.0013698327 0.00043628432 4.6483696e-05 2.8334823e-06
0.78499305 0.002530935 0.0002422742 0.0007777534 0.20003453 0.04387489 0.00093295076 4.1299157e-07 0.00014953165 0.080042824 8.3826795e-05 0.12728225 0.00010229277 0.010575928 0.6983537 0.95009416 0.0019168621 0.00011704604 0.00074184063 1.7395679e-07 6.37911e-05 0.1525081 1.2227275e-06 0.0006359524 5.2685176e-11 0.82660276 1.6872986e-05 0.9961417 3.0661442e-05 2.4856952e-05 6.15338e-07 4.9265178e-05 7.7459555e-07 4.5256408e-07 1.8810051e-06 0.13056503 3.9624756e-06 2.1010649e-07 6.8324e-07 0.5729602 0.13625877 0.5339105 0.018689029 0.6007197 7.636943e-07 6.0524144e-07 2.326043e-06 0.005985275 0.0019906869 0.009914882 9.933558e-07 3.3378166e-07 1.2539644e-07 0.7697222 8.9074246e-07 0.032597307 6.6415544e-07 0.22820005 0.044577137 1.2164467e-08 2.0907303e-06 1.3076133e-06 1.8123032e-08 0.00011833023 5.1006504e-07 0.07142824 0.009042081 1.12848454e-07 8.966916e-07 6.7217405e-07 3.6549878e-08 0.0008570825 0.00038267561 0.00018599915 0.0006483068 0.00057854503 5.8259555e-08 3.177964e-07 1.6582619e-05 4.224793e-06 0.0002747241 0.00040437552 0.00020844908 5.3041156e-05 1.2834113e-05 1.3515842e-07 7.965132e-05 2.0126154e-06 1.6888432e-06 6.303902e-05 1.6954653e-05 7.349046e-06 2.0275718e-05 0.00019380328 7.5587927e-06 3.0896026e-05 2.3691573e-06 0.00018874255 3.701793e-05 0.00015288513 1.5510192e-06
0.652039 0.0009157871 0.0005381928 7.0731825e-05 0.064899385 0.15038885 8.1364175e-05 2.3037344e-08 3.0745978e-05 0.005920031 2.5575191e-05 0.62095356 1.6410855e-05 0.0006547046 0.023214802 0.9069049 9.125957e-05 4.361041e-05 7.3260766e-05 3.366097e-07 7.3405845e-06 0.81069887 2.023381e-06 7.956849e-05 0.82660276 3.748497e-13 3.870541e-06 0.18448788 1.778717e-06 6.6719917e-06 2.2184705e-07 1.4851316e-05 1.3590966e-07 5.220195e-07 3.1697707e-07 0.016514065 3.453416e-05 1.9050944e-07 2.7082456e-07 0.07909617 0.8321241 0.99667734 0.002681874 0.105739616 3.500297e-07 1.8254977e-07 2.1756527e-07 0.0008736119 0.00034323093 0.19973305 4.153738e-07 2.1190245e-07 6.258212e-08 0.4759307 2.0054429e-07 0.006080399 2.3749337e-07 0.04541883 0.120025866 1.3378431e-09 4.1816456e-06 2.4838798e-07 4.5851225e-09 2.4689329e-05 2.6181874e-08 0.014533244 0.0025777356 1.8911189e-08 1.7254603e-08 6.962719e-09 1.7190514e-08 0.00030816149 0.00076894637 0.00027690837 0.00068159675 0.0003448039 6.4721334e-08 1.2509835e-08 2.6758284e-05 2.5945432e-05 0.00019040819 0.000294052 0.00019020926 0.00014104787 2.6824304e-05 1.4249119e-07 0.0001494038 8.886929e-06 2.3480956e-05 4.9535174e-05 8.048657e-06 2.3553275e-06 2.4645218e-05 7.636427e-05 8.877116e-07 8.293481e-06 1.6141196e-07 5.8629525e-05 3.9867537e-06 6.326873e-05 4.3855482e-07
0.6205465 0.0024457246 2.4381627e-06 0.012298004 0.00015268987 2.9365503e-05 0.00062124693 0.0038945288 0.0011010731 1.0250726e-05 0.015616813 3.8209523e-06 0.017483715 3.425205e-05 8.853092e-06 1.964608e-06 0.000108964145 0.011754416 0.0002967064 0.20824254 0.84344393 6.929095e-07 0.00014027212 0.0019646299 1.6872986e-05 3.870541e-06 5.279733e-15 6.0032785e-06 0.2937746 0.9861862 0.99130833 0.12052735 0.28032866 0.029824985 0.37692785 0.00026696714 0.0013683069 0.032441184 0.013529127 5.0219987e-05 9.023853e-07 2.7499325e-06 0.0019373234 2.5667869e-05 0.0040772124 0.0032162992 0.24723007 0.00888779 0.1087544 6.1165065e-06 0.004907735 0.015114502 0.0015935568 1.6725355e-05 0.0011934416 0.01388516 0.00019760401 0.0037323143 5.87535e-05 3.512637e-05 3.2769349e-06 0.0076241726 5.906465e-06 0.2768249 0.0043402878 0.018307736 0.26448953 0.00022387839 0.00023818485 9.046213e-05 1.09808225e-05 2.843268e-06 1.0810271e-05 6.1606974e-05 4.4055837e-06 9.416621e-06 8.186433e-07 1.687091e-05 9.307899e-06 1.2627657e-05 4.6378923e-07 1.5033121e-06 1.617218e-07 1.9777597e-06 1.6872721e-06 3.430907e-05 5.139988e-07 6.7298897e-06 1.15930725e-05 5.26375e-06 2.4935266e-06 4.872497e-06 8.5610566e-07 2.6371334e-05 3.5738168e-07 6.4521355e-06 3.418776e-07 0.00017557458 0.00015049304 2.3101711e-05 5.720897e-07
0.90482056 0.0011404358 6.0834434e-05 8.911877e-05 0.07764938 0.013283706 0.00059986376 6.3957174e-08 4.493635e-05 0.00792649 5.2352512e-05 0.016884224 2.0261763e-05 0.0044089044 0.1790602 0.280957 0.0015131586 7.79106e-05 0.00043630673 1.5773405e-07 1.6693642e-05 0.024926951 3.190323e-07 0.00039208782 0.9961417 0.18448788 6.0032785e-06 1.4633222e-10 4.669924e-05 5.673419e-06 5.3042316e-07 3.9080347e-05 1.0087473e-07 1.3898811e-07 4.5348213e-07 0.18065736 2.5891854e-06 4.8222013e-08 5.0753965e-08 0.71346194 0.024896875 0.15338086 0.033587016 0.7896413 2.5614582e-07 2.1493338e-07 3.1547413e-06 0.008055427 0.0016455982 0.0050319107 4.3313352e-07 2.565874e-07 2.0971191e-07 0.94529015 4.5348258e-07 0.044627883 7.1577324e-07 0.41405058 0.010292815 1.045908e-08 2.9821598e-07 2.5100105e-06 6.7914364e-08 0.00013050108 9.3490127e-07 0.10827276 0.012329352 6.644561e-08 5.3343547e-07 2.660831e-06 2.5171718e-07 0.0016167471 0.0003545598 0.00022594802 0.0010887226 0.00029924518 5.230218e-08 3.2623996e-07 1.794456e-05 5.236807e-06 0.00013210854 0.0002744889 8.066689e-05 9.6692595e-05 4.579156e-06 8.2874357e-07 2.7632097e-05 2.9038124e-06 1.832633e-06 3.1217172e-05 4.737951e-06 4.0789448e-05 5.5940895e-05 0.00079945766 9.187311e-07 0.000106564 5.7124603e-06 0.00020816342 0.00010228387 0.0007136471 3.919482e-05
0.87226194 0.016462395 6.085033e-07 0.037790302 0.0002715113 0.000114473885 0.04259243 0.0014324699 0.24856228 0.00014528254 0.1703098 1.9193762e-06 0.6365184 0.0010441944 6.509202e-05 2.1057229e-05 0.006896309 0.87171096 0.037796848 0.027850974 0.92222446 3.2853804e-06 1.1597064e-05 0.28941235 3.0661442e-05 1.778717e-06 0.2937746 4.669924e-05 1.0261591e-13 0.027360408 0.5076963 0.99039614 0.014503593 0.00097493955 0.02396358 0.00290881 1.7640157e-05 0.0010560824 0.00039147862 0.0005425378 1.5641904e-06 2.6321247e-06 0.05044978 0.0005061211 0.00013634008 0.0001183904 0.0038864447 0.17276102 0.76609534 4.0526575e-06 0.00032410998 0.0009798575 0.0004063095 4.6740584e-05 0.000128724 0.23803888 1.1927907e-05 0.021392632 3.0547468e-05 5.5263567e-06 1.356898e-06 0.0023187574 9.0399163e-07 0.07770197 0.0006481356 0.082565136 0.42896646 0.00011063017 5.8981936e-05 3.3245167e-06 7.876552e-06 5.888768e-07 5.5297494e-07 2.7140045e-06 6.805357e-06 1.5666658e-06 4.461049e-08 1.1614242e-05 2.5886327e-06 3.7306873e-07 5.1460904e-07 9.850147e-07 5.3382223e-07 3.9958908e-07 1.7894264e-07 2.510304e-05 4.3830602e-07 7.615328e-07 1.3271524e-07 2.8294065e-07 1.6922556e-07 1.05643636e-07 7.861572e-08 3.2853272e-06 1.3276378e-06 1.1213616e-06 9.707672e-08 0.0010738188 0.0005782706 1.0691692e-06 1.42585e-07
0.6535774 0.0004611943 2.8153681e-06 0.0069644307 2.2813912e-05 3.357031e-05 7.3637195e-05 0.0035790277 0.00035922712 7.937338e-06 0.0019651593 3.7097816e-06 0.003976026 2.7593123e-05 1.4497811e-05 2.3588677e-06 3.6599744e-05 0.003018133 9.676464e-05 0.2652339 0.18450841 3.674705e-07 0.00019400484 0.00070855755 2.4856952e-05 6.6719917e-06 0.9861862 5.673419e-06 0.027360408 1.2677755e-13 0.80605054 0.016515765 0.6077121 0.09243329 0.99372816 8.3211664e-05 0.002859801 0.071498275 0.02518338 2.8688017e-05 1.2386021e-06 5.93858e-06 0.001023927 4.8301572e-05 0.011669979 0.009398014 0.42426032 0.0029630798 0.018544396 5.0745257e-06 0.021393374 0.051455572 0.004006517 2.687057e-05 0.002670223 0.0059036105 0.0005840309 0.002146788 4.1300857e-05 0.00011086908 9.234381e-06 0.013939472 8.731071e-06 0.25313404 0.012716005 0.0075518736 0.1785826 0.00068459177 0.0007366171 0.00025768223 7.118156e-05 1.8298475e-06 8.200964e-06 0.00018934831 1.5113875e-05 1.2685267e-05 7.4525593e-07 2.3528388e-05 3.3708725e-06 1.8729033e-06 1.3349546e-06 2.2968813e-06 2.7945848e-07 3.3011752e-06 2.4550648e-06 7.385811e-05 2.8261272e-07 1.8259165e-06 8.914086e-07 1.0104062e-05 2.415067e-06 3.5705962e-06 8.444727e-07 1.5556521e-05 3.80219e-07 8.82871e-06 3.088124e-07 0.00019192444 0.00023485 1.3469391e-05 4.924143e-08
