5.133728e-18 0.9954145 0.9376692 0.9998532 0.98343277 0.9931624 0.9518651 0.9999852 0.9511689 0.9202381 0.94120955 0.90889025 0.8898601 0.93826103 0.8937709 0.8977332 0.90199536 0.9162292 0.9985156 0.9040949 0.93472445 0.99990445 0.96262723 0.9610012 0.88026166 0.8368736 0.91548693 0.8930108 0.96099746 0.83951724 0.9300392 0.9744704 0.8573958 0.13052516 0.9984933 0.7156099 0.91587836 0.9843645 0.88275 0.8694056 0.5907186 0.392791 0.6969543 0.32030392 0.8876244 0.44105458 0.92971575 0.9993594 0.1576155 0.8873561 0.9408648 0.778844 0.889042 0.86612576 0.86566514 0.9964254 0.9405019 0.706066 0.56403154 0.31814405 0.7918263 0.4886298 0.8051558 0.7880153 0.118659966 0.6681777 0.38808462 0.45433763 0.32590002 0.20737317 0.4212169 0.99139905 0.9355098 0.28999838 0.083647646 0.7370642 0.2262048 0.01196441 0.50909007 0.05367433 0.011845444 0.78863007 0.9068961 0.0008513852 0.012617582 0.73158914 0.037253086 0.012481928 0.011612417 0.0010072305 0.34299085 0.0011714721 0.06020998 0.14169711 0.006887649 0.16835156 0.98026294 0.9983543 0.060007937 0.54005826 0.40595487
0.9954145 1.2701759e-14 0.9803887 0.13213474 0.17671828 0.061511118 0.083105974 0.7427852 0.22692095 0.06376607 0.3045927 0.07554052 0.104832135 0.01749947 0.1068738 0.07735611 0.0046629617 0.0022631292 0.0011500684 0.056726303 0.012575399 0.011008038 0.0033627797 0.023521002 0.023481565 0.004886397 0.0011720426 0.08390549 0.006457196 0.012181592 0.0049070804 0.000635896 0.04460017 0.00024227837 0.0003791655 0.03276244 0.0010861518 0.00040754298 0.005411759 0.003642654 0.012984296 0.013164735 0.0001504893 0.008765354 0.00947714 0.00077759434 0.0003545135 4.0440714e-06 0.0055830036 7.312877e-05 0.0027616438 0.0024819952 0.00075993204 0.000104302744 0.0003130072 0.020696113 8.157205e-06 0.00046702736 0.0004633686 0.00033800938 3.5494497e-05 0.006383906 0.00064099947 0.0013055194 0.0006303959 0.0013226026 0.00012331357 1.4109064e-06 0.0010330252 0.00042697042 0.00011230838 1.8760229e-06 2.0702682e-06 2.8306049e-05 0.0008422197 3.7045935e-05 1.6094782e-06 8.001963e-06 4.2436568e-05 8.2790946e-05 8.907263e-05 7.9291016e-07 1.7862646e-06 2.7230399e-06 8.389798e-05 8.3180714e-07 8.2177845e-05 1.1574023e-06 9.1591323e-07 8.3899414e-07 5.2741586e-07 1.52259e-06 8.4706235e-06 1.1195563e-07 2.110081e-05 1.5167132e-06 0.003358988 1.897877e-05 0.00022017934 9.225234e-08 9.302752e-06
0.9376692 0.9803887 8.256274e-15 0.0673087 0.13054626 0.044787157 0.12221331 0.15811893 0.72172326 0.15330796 0.81281966 0.3823678 0.5845844 0.04365971 0.7251436 0.40894133 0.013543135 0.003957957 0.0029144664 0.30198386 0.054907463 0.007108401 0.018627338 0.14586294 0.1478547 0.007937962 0.0020471434 0.5954036 0.002582849 0.08649736 0.010849593 0.0021246036 0.3848438 0.0006404954 0.0002619309 0.29935116 0.0004302027 0.00013023305 0.018917406 0.017579516 0.09777354 0.08917154 0.00044241938 0.054061417 0.0022826744 0.0042746877 0.0003443053 2.0507553e-06 0.041565757 0.00024661055 0.018896464 0.0012436532 7.6468255e-05 2.860308e-05 0.00036178876 0.0037910822 1.4129166e-06 0.0021590895 0.0024670395 0.00081072486 2.9900182e-06 0.071005575 0.0011768319 0.0024007587 0.00916661 0.010577487 6.651164e-05 5.765025e-07 0.0024421795 0.00063538254 0.0003613095 8.917233e-07 4.1817435e-05 0.0002517877 0.0018530468 9.240979e-06 6.869472e-05 6.814378e-06 6.099317e-06 0.000439577 0.000113595066 1.261698e-07 4.8016585e-07 5.053812e-06 2.665274e-05 5.006545e-08 1.045382e-05 2.1185688e-06 1.3500449e-05 1.0621939e-05 9.7553944e-08 9.862701e-06 7.0678725e-06 6.529978e-08 9.798181e-06 2.3205082e-06 0.0013215567 3.418265e-05 0.00014626417 5.978594e-07 1.8136345e-06
0.9998532 0.13213474 0.0673087 1.0287246e-16 0.0016767494 0.00060032966 0.96663463 0.09265818 0.5245179 0.00088616594 0.010440704 0.31450593 0.12818488 0.6167764 0.077469155 0.0022971905 0.2831678 0.07269043 0.0449676 0.00341187 0.0014145712 0.00041378324 0.0002058177 0.004118461 0.0031229171 0.10330435 0.029000008 0.11101588 0.00018976047 0.15305825 0.0004007728 3.2026877e-05 0.006564749 0.0039382447 1.310904e-05 0.010929485 1.1426332e-05 1.3170845e-05 0.000559207 0.0003530041 0.0040559294 0.013157757 0.004626957 0.013809017 0.009328606 0.019120786 1.17987265e-05 3.6532313e-08 0.0030596028 3.1435904e-06 0.000281032 0.0038834086 4.0512492e-05 5.692974e-06 3.8313137e-05 0.01983858 3.033759e-07 9.8196266e-05 0.00014276494 0.00011601319 1.2904087e-06 0.000535837 9.015104e-05 0.00020257966 6.602747e-05 0.00030444498 1.2252698e-06 1.1694879e-07 0.00019490573 0.00010158794 1.501131e-05 7.464584e-08 1.1711073e-07 9.342218e-06 0.0014627846 7.332108e-07 1.712424e-05 4.1061153e-06 2.603357e-05 1.3135233e-05 0.00013559242 5.63278e-08 2.3441899e-08 2.8562804e-06 4.0906234e-05 4.0032695e-08 0.0001401054 1.0655364e-06 1.8318099e-06 1.044499e-07 8.9541864e-08 1.7211863e-07 2.495771e-07 1.9090619e-08 7.5574812e-06 1.3642656e-06 0.00853072 4.1860565e-07 0.00036974598 1.4881073e-07 6.0979673e-06
0.98343277 0.17671828 0.13054626 0.0016767494 1.7479765e-14 0.9567016 0.0023090206 0.90683967 0.006269503 0.942152 0.5248103 0.005962987 0.009664181 0.00086213025 0.012204925 0.3343901 0.00028850124 0.0005569443 0.00015229429 0.17315632 0.2176354 0.07617292 0.16529568 0.24927713 0.12875578 0.0007918539 0.00010126197 0.016022636 0.023317521 0.00083940075 0.03665649 0.014251554 0.061057925 8.687287e-05 0.0009113585 0.008763142 0.002665461 0.0012142186 0.043422185 0.034173783 0.005717489 0.0023452893 2.2513272e-05 0.00080059294 0.0015154547 4.2280437e-05 0.0062022433 4.0445284e-05 0.0006343578 0.0034310345 0.04792777 0.0005882512 0.011908368 0.00068765867 0.0024104873 0.002666871 0.00015842536 0.003915595 0.0027739734 0.0009624025 0.00030702975 0.00083685457 0.005771648 0.010934098 0.0005167023 0.00939074 0.0013160267 2.5483818e-05 0.0032311594 0.0010673996 0.0013016749 2.8405375e-05 0.00010664056 0.0004932538 0.00036052975 0.0008104388 3.0264812e-06 0.0001747327 2.8298732e-07 0.0003317859 0.00016497246 2.944346e-05 7.748295e-06 2.725417e-06 8.1172286e-05 1.7565673e-05 1.7354652e-05 1.5422702e-05 5.088563e-05 3.0476047e-06 6.8564304e-06 2.4271337e-06 5.7996e-05 6.2742424e-07 0.00013043365 4.7459576e-05 0.0007100897 0.00011427144 0.00011148456 4.1180346e-07 5.37179e-07
0.9931624 0.061511118 0.044787157 0.00060032966 0.9567016 7.255339e-14 0.00077316165 0.84905577 0.0023103422 0.59224385 0.285198 0.0017394538 0.0024233924 0.00029272912 0.004489787 0.39628187 9.034625e-05 0.00017645434 0.00010722603 0.14746913 0.5576245 0.4654638 0.4988797 0.3567128 0.080445044 0.000242784 3.3031327e-05 0.0031003633 0.13137035 0.00048451213 0.08425103 0.02817359 0.034853924 4.4845805e-05 0.010723401 0.004691825 0.016299218 0.0047649033 0.07413631 0.036272343 0.004980694 0.0011366572 1.6355389e-05 0.0008187988 0.00039065702 9.610955e-05 0.008668126 0.0004256307 0.00038973693 0.006109599 0.04648497 0.00014264003 0.08315836 0.0034630517 0.0034297423 0.0005910297 0.000787463 0.0052690716 0.0040988578 0.0023998006 0.0012579992 0.00046242768 0.013066491 0.018539557 0.0006050309 0.0053568524 0.0174211 0.00024979847 0.0072118673 0.002421886 0.004235334 0.00017585777 0.00039303635 0.0011437851 3.2241238e-05 0.0019662504 0.00013502451 0.00103765 1.9090019e-06 0.00037309667 0.00045594663 0.00013161308 7.886718e-05 6.636809e-06 0.00032549116 0.00021949167 5.457718e-06 9.24928e-05 0.00023234624 2.7046268e-05 0.00020091521 2.4229026e-05 0.00094312977 4.7434143e-05 0.00034678995 8.067681e-05 9.897644e-05 0.0016431989 0.0016016837 3.3924072e-05 1.6554549e-06
0.9518651 0.083105974 0.12221331 0.96663463 0.0023090206 0.00077316165 6.0630225e-14 0.039109755 0.934487 0.0008638256 0.008501081 0.74707943 0.34948546 0.8118351 0.21356657 0.002090159 0.27647734 0.032993086 0.017738417 0.003582406 0.0004986851 0.0003029681 2.7582708e-05 0.0011125642 0.0020340201 0.097557396 0.00695282 0.25741607 0.00010185792 0.47953948 0.00010229208 6.3403813e-06 0.006884494 0.0024887838 1.4714425e-05 0.015803115 1.0562904e-05 5.337024e-06 0.00017902603 0.000106189866 0.004668642 0.04902324 0.002069242 0.04286786 0.006643215 0.04123208 6.601409e-06 4.2593452e-08 0.014817858 4.824756e-07 4.8427028e-05 0.003171198 5.9094787e-06 9.962983e-06 1.9875246e-05 0.005767258 6.997494e-07 6.288362e-05 6.725819e-05 5.876398e-05 2.0735185e-06 0.00043954825 1.4604999e-05 3.1545263e-05 5.687979e-05 6.8862166e-05 7.378168e-06 3.1959536e-07 0.0002022621 3.7000704e-05 4.7640737e-05 5.572625e-07 4.8364257e-07 4.080643e-06 0.002372695 2.5183788e-06 4.3545624e-05 1.1937357e-06 6.5925225e-05 1.1974658e-05 9.908036e-06 3.8090622e-08 1.1599493e-06 6.089074e-07 1.6312177e-05 3.672241e-08 3.193489e-05 3.2940052e-06 4.971679e-06 1.9942734e-06 8.103564e-08 2.9011912e-06 3.6167426e-06 1.15439775e-07 4.4335743e-06 9.3551853e-07 0.0014391491 7.18876e-06 3.989928e-05 3.783338e-07 2.3515018e-05
0.9999852 0.7427852 0.15811893 0.09265818 0.90683967 0.84905577 0.039109755 4.367596e-11 0.06359155 0.45872778 0.17854623 0.034618054 0.026029972 0.021187263 0.031080572 0.10460159 0.008105014 0.008839755 0.009865862 0.066562906 0.13385808 0.46592692 0.0977409 0.09524244 0.037168097 0.009251791 0.0025285005 0.017117782 0.11832528 0.004684613 0.02519234 0.023318218 0.020486938 0.0012920484 0.025563242 0.006815019 0.02770131 0.008199971 0.011552828 0.009534589 0.002561825 0.0028512012 0.0014041706 0.0029953485 0.06442723 0.0021740145 0.004279117 0.0005241809 0.0015284895 0.0023536752 0.011443541 0.004260341 0.044339184 0.007418138 0.0018672715 0.015867615 0.0017108838 0.0017347888 0.0020917016 0.0012112086 0.0026914466 0.0022484309 0.0031091792 0.00318973 0.00049251673 0.0029734687 0.0035896 0.0003798733 0.0016868482 0.00068105 0.0010582203 0.0014342921 0.005265696 0.015602122 0.010684172 0.0023872326 0.0018261118 0.00040466638 3.3035452e-05 0.030167986 0.02087144 0.001153032 0.00013252394 0.00019301861 0.0071478398 0.0007090152 0.00017101123 0.0021311867 0.004363938 0.00034637834 0.00020571292 0.00018640686 0.001626324 0.00010048131 0.051722884 0.010511619 0.015607761 0.00065302715 0.023167096 0.0001715128 9.245157e-06
0.9511689 0.22692095 0.72172326 0.5245179 0.006269503 0.0023103422 0.934487 0.06359155 2.1924955e-14 0.0020466503 0.014617117 0.9656393 0.5488259 0.32130715 0.37015215 0.003269308 0.062955976 0.007307446 0.0059420993 0.006187028 0.00028648795 0.0003409705 1.9888917e-05 0.0009265561 0.004139364 0.01717142 0.0015835265 0.36211962 0.00015398329 0.41123617 7.0123184e-05 4.8025586e-06 0.01840354 0.0006826099 1.2360479e-05 0.06964388 3.9906568e-06 7.4849654e-06 0.00044378065 0.00014844809 0.011584 0.10593689 0.000480575 0.08479081 0.0017566753 0.036676075 1.8303443e-05 8.341748e-08 0.03700017 2.1777493e-07 0.00018156196 0.0012493092 8.672449e-06 2.089263e-06 2.3303513e-05 0.0025647625 2.3147601e-07 0.00014513852 0.0001906564 0.000112278074 1.0643887e-06 0.0048124855 2.6138578e-05 5.103288e-05 0.0005963544 0.0005401187 2.2750244e-06 1.0159262e-07 0.0006002134 6.78117e-05 3.4555247e-05 2.5518614e-07 1.3084771e-07 1.147404e-05 0.0024040039 3.3004512e-06 5.825832e-05 1.0896096e-05 2.6218017e-05 4.9676295e-05 1.5518795e-05 1.08062096e-07 6.0241626e-07 7.751971e-07 2.4139006e-05 3.2951046e-08 7.685237e-05 1.8698909e-06 5.636198e-06 2.6486205e-06 2.5144548e-08 9.853289e-06 2.7668632e-06 3.51094e-08 2.481641e-06 1.3438258e-06 0.00013553553 9.859174e-06 6.805912e-05 1.0797969e-07 1.5200162e-06
0.9202381 0.06376607 0.15330796 0.00088616594 0.942152 0.59224385 0.0008638256 0.45872778 0.0020466503 1.1843614e-13 0.9623629 0.0019402565 0.0038227278 0.00024911546 0.009387543 0.90095866 5.8676003e-05 9.3110466e-05 5.500605e-05 0.57911754 0.21755002 0.0179587 0.07363028 0.32137057 0.31521356 0.00040745907 8.011287e-06 0.008254686 0.007252588 0.00046297503 0.017566195 0.0031976963 0.15735118 7.756572e-05 0.0005904157 0.011966982 0.0015221102 0.00042003856 0.05878387 0.024898171 0.008071687 0.0009542498 6.5136514e-06 0.00081502297 0.00039166593 4.2268784e-05 0.0010191742 3.2281914e-05 0.001154438 0.00026143255 0.04231 0.00018225468 0.0035016348 0.00020708604 0.0011557192 0.0004641807 2.9393495e-05 0.004315946 0.0063584987 0.0020502657 8.453584e-05 0.0071921516 0.003766925 0.0056717396 0.0033627045 0.027990762 0.00046414326 9.80826e-06 0.0072921407 0.0011668092 0.002513991 2.5991423e-05 8.224166e-05 0.0008251892 4.4590564e-05 0.0004854101 3.088993e-05 5.7182737e-05 4.6508077e-07 0.000685958 6.8202455e-05 5.887468e-06 1.03636485e-05 7.200434e-07 2.430287e-05 5.4563543e-06 5.911418e-06 2.9354276e-05 2.9475941e-05 1.0321443e-05 1.1192895e-05 7.6015885e-06 1.27184585e-05 2.3341026e-06 2.5442632e-05 9.271787e-06 0.00017186008 0.0003594039 7.515483e-05 7.324029e-07 3.9038585e-07
0.94120955 0.3045927 0.81281966 0.010440704 0.5248103 0.285198 0.008501081 0.17854623 0.014617117 0.9623629 5.7168983e-13 0.018469812 0.043810878 0.0022819345 0.17173128 0.9441359 0.00035939654 0.00085728476 0.0004644264 0.81439203 0.1248692 0.008374541 0.033123694 0.44045794 0.5969672 0.00068010075 9.447982e-05 0.23425543 0.0036860355 0.007610723 0.021222673 0.0017760245 0.54488385 0.00013028609 0.00020739398 0.16005437 0.0005250587 0.00016381606 0.10358131 0.06752051 0.09910212 0.013777013 3.325625e-05 0.0061459593 0.0015150725 0.00024546456 0.00057813607 6.222083e-06 0.013868168 0.00030791826 0.09622494 0.00078391883 0.00011192623 5.350552e-05 0.0011640991 0.0011895854 3.7146813e-06 0.01434487 0.015165037 0.0050748936 1.6351893e-05 0.09675997 0.003365873 0.010369997 0.042660873 0.09469886 5.58262e-05 3.2819514e-06 0.015822623 0.0024779746 0.0022114199 1.8090396e-06 5.4675984e-05 0.0015944241 0.00032610513 2.0181344e-05 8.147572e-06 3.357146e-05 1.152691e-06 0.004474027 9.0320056e-05 8.038949e-07 6.4506065e-07 7.670102e-07 7.321774e-05 2.2044289e-07 7.4990835e-06 1.7475928e-05 1.5371676e-05 2.1866983e-05 4.2481025e-07 2.3247112e-05 6.0626367e-06 8.625655e-08 1.6400652e-05 2.7853614e-06 0.00044867882 0.00012379583 0.00016617487 1.2004388e-07 1.7772384e-06
0.90889025 0.07554052 0.3823678 0.31450593 0.005962987 0.0017394538 0.74707943 0.034618054 0.9656393 0.0019402565 0.018469812 8.091546e-16 0.9107134 0.555534 0.5325429 0.0046838312 0.16069469 0.01692736 0.009077662 0.008009324 0.00014947975 0.00021529682 9.611977e-06 0.0005722245 0.0035097692 0.106089815 0.0045247977 0.55247736 3.5256384e-05 0.7063806 4.877558e-05 1.2463656e-06 0.034210306 0.0033043048 5.315661e-07 0.13807972 4.2032778e-07 7.732667e-08 0.00031731112 0.00010458502 0.01878485 0.24782279 0.0012124019 0.15967889 0.006522787 0.1272338 4.967212e-07 3.628736e-09 0.079470195 2.7998706e-08 0.00012293548 0.0029906002 1.1989965e-06 1.6077162e-07 6.3827765e-06 0.0026819613 1.864529e-08 6.710955e-05 0.00015028306 7.241699e-05 2.9436944e-07 0.0071753194 5.008929e-06 8.767099e-06 0.0008829897 0.0005547706 2.5881153e-07 1.0268234e-08 0.00017470653 1.9019666e-05 1.2078606e-05 1.6331875e-08 5.741697e-08 3.922247e-06 0.0061142934 6.013343e-07 1.48735535e-05 1.2465571e-06 2.1186044e-05 3.0221134e-05 1.4296829e-05 2.615442e-08 5.7327645e-09 2.9173582e-06 4.457341e-06 4.3099866e-09 0.00010590052 1.4693943e-06 4.3545024e-06 2.229012e-06 4.479224e-09 8.973841e-06 4.346061e-07 4.422449e-09 3.2633795e-07 6.117834e-07 0.00017015536 4.828163e-07 1.6078191e-05 3.3584269e-09 1.0708121e-06
0.8898601 0.104832135 0.5845844 0.12818488 0.009664181 0.0024233924 0.34948546 0.026029972 0.5488259 0.0038227278 0.043810878 0.9107134 1.8562385e-17 0.124449365 0.9792861 0.008016095 0.037252877 0.0051345048 0.0027322266 0.014478358 5.2981e-05 0.00020189228 1.4682835e-06 0.00061005156 0.007851065 0.019420093 0.00086328585 0.58372074 2.3687113e-05 0.65559113 2.5316167e-05 4.933241e-07 0.14730565 0.000560863 7.135828e-07 0.31609914 5.114265e-07 1.1837814e-07 0.00038422045 5.4110624e-05 0.074987 0.3799915 9.000407e-05 0.26017737 0.0025141302 0.12571536 2.6150317e-07 2.4582918e-09 0.14672841 4.5510923e-08 0.0001553383 0.00084449747 9.355791e-07 8.082016e-08 6.053214e-06 0.0011080937 4.1099284e-09 7.4117204e-05 0.00010325662 5.467025e-05 1.8519141e-07 0.049290434 7.352257e-06 1.4447682e-05 0.008535848 0.0025002167 4.547034e-07 7.75893e-09 0.00017418133 1.7918925e-05 1.1446608e-05 5.3072116e-09 7.8547686e-08 6.398189e-06 0.005872569 2.4785238e-06 1.4475429e-05 1.1750267e-06 2.137685e-06 0.0001429636 1.9259542e-05 1.2244474e-08 1.08925375e-08 1.0815432e-06 1.630325e-05 2.8198703e-09 2.471187e-05 1.2465166e-06 2.8199634e-06 8.537711e-06 3.887945e-09 1.0605622e-05 1.4466424e-06 1.1664002e-09 1.907313e-06 6.3372465e-07 3.338208e-05 1.3560987e-06 1.551221e-05 1.6793097e-08 1.4602853e-07
0.93826103 0.01749947 0.04365971 0.6167764 0.00086213025 0.00029272912 0.8118351 0.021187263 0.32130715 0.00024911546 0.0022819345 0.555534 0.124449365 1.7974648e-13 0.050428517 0.00028883544 0.9822053 0.33766827 0.09949255 0.0005729724 3.9237006e-05 6.483152e-05 2.8267245e-06 0.00013287082 0.00042533345 0.5441424 0.08270748 0.284589 1.1780063e-05 0.7171648 1.5464044e-05 4.9282045e-07 0.0021692524 0.016032953 3.1805806e-07 0.023072613 1.0074225e-07 5.481075e-08 0.00010700771 2.2439897e-05 0.005461207 0.11891653 0.03230523 0.09715674 0.0131215565 0.24303097 3.8417187e-07 2.7769256e-09 0.02774695 5.135273e-08 1.8151391e-05 0.012118813 1.0379944e-06 1.0715615e-07 1.9809536e-06 0.005122004 1.0418363e-08 3.3749337e-05 4.5883728e-05 1.8060568e-05 2.5398265e-07 0.0016944762 9.739939e-07 1.0976651e-06 0.0002791366 0.00013260207 7.622594e-07 2.6504342e-08 5.3786956e-05 5.704692e-06 1.4941361e-06 1.3474805e-08 6.090949e-09 9.582025e-07 0.027373731 2.4972e-07 0.00024673052 4.046695e-06 4.608366e-05 2.3543045e-05 1.9482843e-06 2.8611113e-08 3.5773e-08 7.3948636e-06 3.28177e-06 5.123276e-09 0.00037857256 7.929744e-07 3.5131645e-06 6.2788575e-07 7.773387e-09 3.606152e-06 1.2837289e-06 5.7669927e-09 5.7194404e-07 1.6402747e-07 0.00076983933 1.3340638e-06 2.8517312e-05 2.0565091e-08 9.889449e-06
0.8937709 0.1068738 0.7251436 0.077469155 0.012204925 0.004489787 0.21356657 0.031080572 0.37015215 0.009387543 0.17173128 0.5325429 0.9792861 0.050428517 4.2560937e-17 0.03948868 0.012458779 0.001375314 0.0006987488 0.058619436 0.00078409904 0.00036295774 1.6255277e-05 0.003983522 0.020549344 0.0067367717 0.00012764445 0.8637327 5.9615024e-05 0.7051915 7.008354e-05 4.436641e-06 0.45650864 0.00024239277 3.908834e-06 0.56398904 2.0745567e-06 3.1430793e-07 0.0014397334 0.00040292944 0.22143678 0.5580468 1.4111305e-05 0.4287122 0.00075675716 0.17493455 9.773129e-07 2.047398e-08 0.24313433 1.5632935e-07 0.0011462792 0.0003221762 1.1056602e-06 1.5312315e-07 3.5377096e-05 0.00084838463 1.3786224e-08 0.00036229703 0.00076988194 0.00031704886 1.8202111e-07 0.15257111 2.9893868e-05 0.00015866985 0.037903503 0.014513617 1.1606343e-06 5.0512433e-08 0.0016594635 0.00015791507 8.429722e-05 3.654019e-08 4.980304e-07 9.160038e-06 0.0059921998 6.486828e-06 2.5181107e-05 2.1232534e-06 1.1194111e-07 0.0012564065 3.5005145e-05 4.0760315e-09 2.7077045e-08 1.393695e-06 8.7103086e-05 6.040944e-09 2.9663847e-06 1.6561354e-06 2.9221894e-06 2.6459633e-05 1.1330444e-08 1.7211732e-05 2.85591e-06 2.5214748e-09 2.74357e-06 1.865342e-06 1.833494e-05 4.7482235e-06 0.00016349611 1.00029595e-07 1.5754343e-07
0.8977332 0.07735611 0.40894133 0.0022971905 0.3343901 0.39628187 0.002090159 0.10460159 0.003269308 0.90095866 0.9441359 0.0046838312 0.008016095 0.00028883544 0.03948868 1.070844e-15 4.915297e-05 0.00019953006 9.364451e-05 0.93846655 0.21538639 0.009492577 0.042115416 0.6221573 0.6920352 0.00022275478 8.435299e-06 0.030025728 0.005490904 0.00048393974 0.052275576 0.0011822234 0.49173456 8.0134836e-05 0.0002857327 0.06517028 0.0010719884 0.00034713082 0.18549533 0.11088421 0.042992547 0.0020456777 1.8060282e-06 0.0012292914 0.00052236643 4.526379e-05 0.00028396776 2.4055242e-05 0.0036546413 0.00017403174 0.17269543 0.00015559986 0.00014667246 4.0958155e-05 0.0018514632 0.00025603856 5.4912307e-06 0.023162825 0.03040159 0.0124714505 2.9396355e-05 0.058440384 0.007355407 0.021361874 0.042857856 0.1907865 5.4168293e-05 4.024235e-06 0.033634704 0.004819597 0.0075918925 5.07111e-06 5.601296e-05 0.004918838 0.00017276932 9.798279e-05 6.867948e-06 0.0002460036 1.3346541e-06 0.015094827 0.0003401697 1.920429e-06 2.039056e-06 6.485439e-07 0.00024082133 4.4684984e-07 6.410841e-07 2.0816491e-05 7.236052e-05 0.00010062852 7.704867e-07 7.252474e-05 4.972208e-05 1.598607e-07 3.569825e-05 1.243473e-05 5.6353198e-05 8.8476954e-05 9.606464e-05 3.366113e-07 2.0165143e-07
0.90199536 0.0046629617 0.013543135 0.2831678 0.00028850124 9.034625e-05 0.27647734 0.008105014 0.062955976 5.8676003e-05 0.00035939654 0.16069469 0.037252877 0.9822053 0.012458779 4.915297e-05 7.9419456e-16 0.6574305 0.12931661 5.5996028e-05 3.636231e-06 4.736207e-06 2.1408258e-07 1.6065393e-05 4.7318706e-05 0.9604223 0.39169782 0.11356619 6.166869e-07 0.68106586 1.2020087e-06 3.4732018e-08 0.00014267296 0.18693203 9.225234e-08 0.0062563657 2.4613943e-08 6.1276664e-09 4.936538e-06 8.110945e-07 0.0013010425 0.05998426 0.1680393 0.05326523 0.030571027 0.2648439 1.3368516e-08 5.532734e-11 0.010000752 1.5146454e-09 1.3358564e-06 0.060150847 2.6902118e-08 2.3716913e-08 8.1892284e-07 0.005760593 1.1057377e-09 1.5209833e-06 1.1213606e-06 8.9583676e-07 2.936148e-08 0.0005396589 1.5704151e-07 1.7163721e-07 0.00010935734 1.7488448e-05 1.4368774e-08 4.2335363e-10 3.6133329e-06 6.8559035e-07 3.2559808e-07 9.02069e-10 3.5297276e-08 2.1647613e-06 0.028434163 6.7723664e-07 0.0013509266 5.383514e-07 5.5666766e-05 7.4140985e-06 8.7275575e-06 5.199689e-09 9.793751e-10 8.679325e-06 2.011446e-05 4.450812e-10 0.00087201915 1.8015392e-07 1.8110109e-06 1.5317421e-06 8.3613805e-10 6.3093835e-06 5.903832e-07 6.9301354e-10 3.0834917e-07 2.2644213e-07 0.00045722266 1.1809183e-07 5.2723863e-06 1.3447788e-09 1.1805356e-05
0.9162292 0.0022631292 0.003957957 0.07269043 0.0005569443 0.00017645434 0.032993086 0.008839755 0.007307446 9.3110466e-05 0.00085728476 0.01692736 0.0051345048 0.33766827 0.001375314 0.00019953006 0.6574305 1.1489531e-15 0.9763209 0.00037137905 7.213597e-05 0.00017866376 2.8167594e-06 0.00010100772 0.0002439221 0.7769167 0.950744 0.0024715138 3.3979537e-05 0.053532496 5.234675e-06 1.1157751e-06 0.0001735486 0.26647016 1.835352e-05 0.00082406064 3.238517e-06 2.1718931e-06 2.5824891e-05 5.182736e-06 0.00038014218 0.0023487352 0.31781104 0.0040043625 0.070973955 0.015049583 2.3363329e-07 1.0383647e-08 0.0009090379 1.2519475e-07 6.625426e-06 0.0905296 5.4362147e-07 1.2839762e-06 7.532215e-07 0.022896623 7.568827e-08 1.4003813e-05 2.8333707e-05 3.886841e-05 5.563879e-07 0.00016934641 7.5898906e-06 3.4263048e-06 5.3475927e-05 3.066197e-05 1.2991627e-07 1.2399421e-08 8.569504e-05 2.203023e-05 6.4664086e-06 1.06818625e-07 6.365281e-08 1.2041847e-05 0.010326932 6.600149e-08 0.0065661194 1.5366479e-06 0.0003810903 5.071753e-06 5.7169324e-05 1.6742181e-08 1.3060897e-07 1.7879e-05 3.6753343e-06 2.2361037e-08 0.0016118106 8.635414e-07 4.192463e-06 8.4160575e-07 4.6209806e-08 2.1317426e-06 1.4206013e-07 3.869991e-08 3.2470646e-06 3.798689e-07 0.0075567933 2.1091716e-07 2.311533e-05 5.7232185e-08 2.5763711e-05
0.9985156 0.0011500684 0.0029144664 0.0449676 0.00015229429 0.00010722603 0.017738417 0.009865862 0.0059420993 5.500605e-05 0.0004644264 0.009077662 0.0027322266 0.09949255 0.0006987488 9.364451e-05 0.12931661 0.9763209 2.5252414e-18 0.00017874574 9.2782226e-05 0.00027248377 7.0171923e-06 0.00025586985 0.0001414845 0.17590813 0.7621501 0.0015412762 6.195731e-05 0.011145409 9.609758e-06 4.396134e-07 4.288957e-05 0.035599727 1.21199155e-05 0.00031513107 6.2347117e-06 2.1619926e-06 3.9582326e-05 3.2811283e-06 0.00015795589 0.0008284805 0.1108827 0.0012499207 0.22828731 0.0024785928 1.0765601e-07 4.8479194e-09 0.0001616664 1.6609073e-08 4.140633e-06 0.061324656 4.2236223e-07 1.1398268e-06 3.9114107e-06 0.08610731 6.612624e-08 4.9794894e-06 1.4659644e-05 1.5906307e-05 5.821083e-07 5.0481736e-05 8.5713754e-07 2.0305276e-06 1.0086031e-05 1.36334675e-05 7.0351254e-09 1.1656063e-09 2.2658924e-05 5.2485916e-06 4.617234e-07 3.1343472e-09 1.990721e-09 8.1074563e-07 0.0013413043 2.753101e-07 0.0051030037 4.299693e-06 0.00081727986 3.705932e-07 2.1031781e-05 6.032795e-08 4.5304076e-09 4.7933254e-06 9.228658e-06 6.916146e-08 0.0015726418 2.0032999e-07 2.1613039e-06 1.3056076e-07 4.4153794e-08 3.050345e-07 2.5250122e-07 2.6665589e-08 2.87468e-06 5.3301744e-07 0.059010495 2.9065774e-08 2.8083601e-05 9.401007e-10 1.6579268e-05
0.9040949 0.056726303 0.30198386 0.00341187 0.17315632 0.14746913 0.003582406 0.066562906 0.006187028 0.57911754 0.81439203 0.008009324 0.014478358 0.0005729724 0.058619436 0.93846655 5.5996028e-05 0.00037137905 0.00017874574 9.529299e-16 0.086353704 0.0040818714 0.009248607 0.52355623 0.9671763 0.00018695788 1.4333388e-05 0.08405785 0.0019786304 0.0010788885 0.034693435 0.00048271802 0.69566196 3.8104085e-05 0.00013526618 0.19960496 0.0003366428 0.00015786839 0.27800313 0.1739661 0.1532337 0.010108941 3.6317674e-06 0.005207 0.00065981335 0.00012065188 0.00011186209 4.1159674e-06 0.012611719 7.1468676e-05 0.2447545 0.00022513478 2.0427045e-05 4.783461e-06 0.002983318 0.00022695247 4.9097594e-07 0.050867155 0.05715378 0.021895684 5.191284e-06 0.13104437 0.009223442 0.030181786 0.11921672 0.30386356 9.952253e-06 4.2467295e-07 0.04601047 0.0074438346 0.007459878 2.1115724e-07 2.0700854e-05 0.0058304896 0.00028624435 1.745203e-05 3.6659353e-06 4.1334624e-05 2.929904e-07 0.030202648 0.00025836998 4.163689e-07 8.098079e-08 3.9574698e-07 0.0002599277 8.680947e-08 2.670011e-07 1.0415607e-05 2.647296e-05 9.583478e-05 1.4032584e-07 7.849763e-05 7.827071e-06 8.1977575e-08 1.5332365e-05 1.500092e-05 3.826457e-05 8.464018e-06 4.264351e-05 7.174897e-08 2.883396e-07
0.93472445 0.012575399 0.054907463 0.0014145712 0.2176354 0.5576245 0.0004986851 0.13385808 0.00028648795 0.21755002 0.1248692 0.00014947975 5.2981e-05 3.9237006e-05 0.00078409904 0.21538639 3.636231e-06 7.213597e-05 9.2782226e-05 0.086353704 4.7119274e-14 0.12809844 0.97698665 0.9216092 0.090723224 1.3074781e-05 2.2327904e-06 0.0003435496 0.11322995 5.2657804e-05 0.78990936 0.12654379 0.029518917 5.4155507e-06 0.00743145 0.0021009669 0.012222227 0.008363607 0.17842183 0.26738694 0.001900286 0.00018225868 5.744186e-07 7.107791e-05 0.00021240333 1.5939436e-06 0.01602635 0.0006690908 0.00015912553 0.057590052 0.33717227 3.3023072e-05 0.004958992 0.00024789543 0.08787617 0.00026893913 0.00027110454 0.07025637 0.03629237 0.018213594 0.00018977514 0.0011712571 0.21415862 0.23271006 0.0052989847 0.058946084 0.00057745114 4.7940404e-05 0.081352524 0.043115065 0.0910693 3.7567363e-05 0.0048202523 0.06890977 1.6580002e-06 0.00061237824 1.2152466e-06 0.0030423778 7.287079e-08 0.0039709327 0.001902344 1.657348e-05 1.4639205e-05 7.196127e-08 0.0014582333 1.8559941e-06 4.54494e-07 0.0001499947 0.0006630291 2.6337406e-05 1.8470663e-06 6.2006693e-06 4.8913083e-05 2.1880334e-07 0.00024049406 1.9943544e-05 0.00020543806 0.00034250665 3.5014677e-06 3.306552e-07 7.272906e-07
0.99990445 0.011008038 0.007108401 0.00041378324 0.07617292 0.4654638 0.0003029681 0.46592692 0.0003409705 0.0179587 0.008374541 0.00021529682 0.00020189228 6.483152e-05 0.00036295774 0.009492577 4.736207e-06 0.00017866376 0.00027248377 0.0040818714 0.12809844 1.1032353e-16 0.40122348 0.035643186 0.0031316022 5.0688934e-05 2.942315e-06 0.00017216126 0.9377244 9.603189e-06 0.04159071 0.21909925 0.00084987946 8.328584e-06 0.504503 0.0003667411 0.5947508 0.20164001 0.0019172214 0.0056814547 0.0004151764 0.00013464839 4.267573e-07 2.980832e-05 0.0027344315 9.442349e-06 0.09759072 0.018814411 4.9457103e-05 0.05657384 0.0022493273 3.6717945e-05 0.1859008 0.14354041 0.012722592 0.0019371754 0.05058697 0.00074049167 0.00031177382 0.0003823475 0.02686874 1.8150145e-05 0.0067760632 0.0059868107 5.5602934e-05 0.00028282832 0.046000972 0.009309444 0.0008471113 0.00078712817 0.0019745822 0.009221133 0.049667098 0.002457575 2.6433932e-05 0.0042165355 1.4371673e-07 0.00082000333 2.0035829e-07 0.003922047 0.0010678038 0.008004151 0.0007004341 1.050565e-07 0.000834151 0.008798536 1.4966903e-06 0.0008989984 0.00036447667 5.5477e-06 0.001118382 1.3392558e-06 0.0009563151 0.00020687448 0.0007653556 0.0008728099 0.00020315949 0.0030622021 0.0016794804 9.833196e-05 1.4161328e-06
0.96262723 0.0033627797 0.018627338 0.0002058177 0.16529568 0.4988797 2.7582708e-05 0.0977409 1.9888917e-05 0.07363028 0.033123694 9.611977e-06 1.4682835e-06 2.8267245e-06 1.6255277e-05 0.042115416 2.1408258e-07 2.8167594e-06 7.0171923e-06 0.009248607 0.97698665 0.40122348 4.5407666e-15 0.43814644 0.019815346 4.064325e-07 9.3432405e-08 3.43421e-05 0.47991055 4.8549036e-06 0.8849552 0.7055763 0.001037703 8.955788e-07 0.036070004 0.00022212515 0.08602094 0.026979253 0.07543425 0.16008958 0.00032626063 2.372815e-05 1.2273496e-07 2.4080491e-05 2.2922632e-05 3.1732034e-07 0.09366649 0.002002311 7.092366e-05 0.21974468 0.25149342 3.257795e-07 0.03526643 0.0011698913 0.17709808 5.2877065e-05 0.0006775423 0.043622423 0.01562801 0.009130603 0.00055371213 0.00016529435 0.2680734 0.27628416 0.0013887205 0.017240567 0.006999424 0.00024558025 0.0477165 0.02858206 0.075657696 0.0001346014 0.05362088 0.07477728 8.207128e-08 0.0065302784 6.9285106e-06 0.006107283 6.04036e-08 0.0003674478 0.0023712981 4.558866e-05 4.0293635e-05 1.442206e-07 0.0011922966 1.8501614e-05 3.084692e-07 0.00052939507 0.0010726795 1.0690719e-05 8.599865e-06 3.0959247e-06 0.00020446858 2.1168178e-06 0.00040407557 2.1441523e-05 1.9772553e-05 0.0010097267 1.4190684e-05 4.0449736e-06 9.562652e-07
0.9610012 0.023521002 0.14586294 0.004118461 0.24927713 0.3567128 0.0011125642 0.09524244 0.0009265561 0.32137057 0.44045794 0.0005722245 0.00061005156 0.00013287082 0.003983522 0.6221573 1.6065393e-05 0.00010100772 0.00025586985 0.52355623 0.9216092 0.035643186 0.43814644 8.534551e-12 0.61049074 2.7291871e-05 5.722919e-06 0.0026359383 0.02955534 0.00012717459 0.8409093 0.05995361 0.41975668 8.912876e-06 0.0055195964 0.018122327 0.002571874 0.0044519487 0.753874 0.7796497 0.028858516 0.001074442 5.348454e-07 0.00044179938 0.00026076447 2.3691699e-05 0.010202679 0.0003994948 0.0022574603 0.06963977 0.757932 5.9604304e-06 0.0010548509 0.00013232947 0.12947398 0.00013281104 9.226525e-05 0.37757626 0.29786202 0.13307661 9.024179e-05 0.035719905 0.3430713 0.4018007 0.054592174 0.48368737 0.00038929842 6.5099724e-05 0.28163078 0.13774312 0.20748162 6.472282e-06 0.005827455 0.16338396 1.4343215e-06 0.00021493474 1.1613966e-05 0.0033587592 5.0551467e-08 0.050992817 0.004492779 4.1327153e-06 2.9123767e-06 4.861728e-08 0.0056824815 3.4928843e-07 6.6502315e-07 7.166026e-05 0.0008689832 4.0069273e-05 6.5217597e-07 2.0453403e-05 5.158478e-05 1.9299384e-07 0.00034003853 9.466648e-06 4.3795004e-05 0.00032829912 0.00024746291 3.7242143e-07 6.2728844e-07
0.88026166 0.023481565 0.1478547 0.0031229171 0.12875578 0.080445044 0.0020340201 0.037168097 0.004139364 0.31521356 0.5969672 0.0035097692 0.007851065 0.00042533345 0.020549344 0.6920352 4.7318706e-05 0.0002439221 0.0001414845 0.9671763 0.090723224 0.0031316022 0.019815346 0.61049074 6.930264e-15 6.599776e-05 5.6387407e-06 0.042295557 0.0012642316 0.00018108019 0.05351782 0.000620148 0.927363 1.0764636e-05 0.0001396741 0.22953019 0.00034437163 0.0001876796 0.73612934 0.42481482 0.19020282 0.005286797 6.4958937e-07 0.0019163083 0.0002842978 6.747431e-05 9.112051e-05 1.2167595e-05 0.009078523 0.00012245093 0.42672598 2.7949021e-05 2.8620956e-05 9.372416e-06 0.004527666 0.00016700706 1.9728823e-06 0.14883183 0.15293926 0.07232022 3.225362e-06 0.20052186 0.026367547 0.041736852 0.28691965 0.5023428 6.2308654e-06 4.408477e-07 0.10860212 0.019697329 0.0209694 4.9416974e-07 4.143511e-05 0.0144451065 0.00014738491 5.79796e-06 2.7550145e-06 2.4730072e-05 1.03920115e-07 0.061145872 0.00086256897 2.095272e-07 5.7892912e-08 1.5461625e-07 0.0010066788 4.628955e-08 5.76531e-07 2.0223153e-05 3.0600448e-05 0.00011205343 1.2729829e-07 0.000121555735 1.1289183e-05 1.312957e-07 3.8991187e-05 1.4689776e-05 2.5586947e-05 6.055232e-05 4.475314e-05 1.1578764e-07 9.0589896e-07
0.8368736 0.004886397 0.007937962 0.10330435 0.0007918539 0.000242784 0.097557396 0.009251791 0.01717142 0.00040745907 0.00068010075 0.106089815 0.019420093 0.5441424 0.0067367717 0.00022275478 0.9604223 0.7769167 0.17590813 0.00018695788 1.3074781e-05 5.0688934e-05 4.064325e-07 2.7291871e-05 6.599776e-05 2.7554895e-16 0.91752934 0.012217169 1.5131144e-06 0.7264837 1.1869233e-06 1.6565248e-07 4.421711e-05 0.9457831 2.3634962e-07 0.00061609887 2.0192115e-08 1.4903023e-08 7.433278e-06 6.476916e-07 0.00036846014 0.037077874 0.4714666 0.036305994 0.13250795 0.34741175 2.579106e-08 9.38138e-09 0.0066161896 2.8232605e-09 3.0725673e-06 0.50026506 4.856337e-07 2.2557457e-07 9.874054e-07 0.029551303 2.5528145e-08 7.90187e-06 7.959282e-06 5.3982817e-06 4.5236519e-07 0.000396026 2.901768e-07 3.9519333e-07 0.00012047838 1.821116e-05 1.6509796e-07 7.7714315e-09 2.192656e-05 3.986697e-06 6.3323114e-07 1.5341931e-07 6.2600587e-09 3.978005e-07 0.05099528 2.751201e-07 0.0300248 5.8629627e-07 0.0003327254 3.4938394e-06 2.496358e-06 9.532782e-10 8.3207404e-08 3.9508443e-05 3.7159036e-06 1.988501e-09 0.0054787216 2.2378157e-07 6.7430856e-06 3.9868047e-07 4.2957393e-09 2.8291759e-06 3.5847794e-08 1.9654351e-09 9.65197e-08 1.7829711e-08 0.0010115348 1.269136e-06 1.8417762e-05 1.8096598e-09 0.00012322846
0.91548693 0.0011720426 0.0020471434 0.029000008 0.00010126197 3.3031327e-05 0.00695282 0.0025285005 0.0015835265 8.011287e-06 9.447982e-05 0.0045247977 0.00086328585 0.08270748 0.00012764445 8.435299e-06 0.39169782 0.950744 0.7621501 1.4333388e-05 2.2327904e-06 2.942315e-06 9.3432405e-08 5.722919e-06 5.6387407e-06 0.91752934 8.0143176e-16 0.00029318003 8.346924e-07 0.05910538 2.2249158e-07 8.078178e-08 2.618617e-06 0.87646204 2.423464e-07 0.00012942935 5.1985314e-08 3.6128604e-08 1.0187423e-06 1.0146075e-07 4.7746307e-05 0.00057216646 0.8543951 0.0013991119 0.37682167 0.057833847 2.089855e-08 1.5501236e-09 0.00039674502 6.6473076e-09 1.272504e-06 0.83857757 2.7963736e-07 8.3901244e-07 2.0576765e-06 0.10329285 1.6837292e-08 2.7272813e-06 2.7381852e-06 4.4694893e-06 5.7701783e-07 8.542912e-05 2.1796608e-07 8.6786423e-07 8.559118e-06 2.4081959e-05 3.1287476e-07 5.268482e-09 1.5813426e-05 4.055356e-06 3.9550133e-07 8.552884e-08 6.707003e-08 2.4481349e-08 0.06414021 4.0537765e-07 0.23768304 4.3134264e-08 0.002303578 1.5604055e-05 1.5970079e-06 5.294008e-09 3.5873782e-08 2.6011432e-05 3.5072057e-06 1.3650685e-08 0.045410216 8.7283645e-08 1.9206514e-07 6.752703e-07 1.6953239e-08 1.6132939e-06 6.8337096e-07 2.175692e-09 2.8646238e-07 3.851517e-07 0.017697055 9.642839e-07 2.5653188e-05 1.8987379e-08 0.00019634805
0.8930108 0.08390549 0.5954036 0.11101588 0.016022636 0.0031003633 0.25741607 0.017117782 0.36211962 0.008254686 0.23425543 0.55247736 0.58372074 0.284589 0.8637327 0.030025728 0.11356619 0.0024715138 0.0015412762 0.08405785 0.0003435496 0.00017216126 3.43421e-05 0.0026359383 0.042295557 0.012217169 0.00029318003 1.3003814e-14 7.014024e-05 0.9233909 2.6159476e-05 3.710298e-06 0.61099195 8.512219e-05 1.8967932e-05 0.8796431 4.604037e-06 8.330555e-06 0.00040619168 3.5603287e-05 0.45775074 0.8534579 2.495533e-05 0.58987623 0.00075059984 0.4341114 5.4927676e-07 1.0747673e-06 0.5476842 8.731095e-08 7.081465e-05 0.0005335833 7.059563e-07 2.9586688e-06 9.514156e-06 0.0012111284 9.5275703e-07 3.8702514e-05 0.00019285301 9.764102e-05 1.3877585e-06 0.21090527 8.138036e-06 9.679732e-05 0.07220992 0.020575464 2.8553396e-07 1.3049728e-07 0.0014115404 0.00030311206 0.00015959058 1.3067718e-06 5.4037e-06 8.7691435e-05 0.021708652 1.2217338e-07 8.377712e-06 4.0989313e-08 6.384243e-06 0.0018663965 6.250408e-05 2.14599e-08 1.9856698e-07 1.14108474e-07 5.90986e-05 1.3606618e-09 5.606394e-07 1.3324927e-07 6.6555805e-07 4.7423405e-06 6.948033e-09 1.4949465e-05 3.5009515e-07 9.546943e-09 1.6075163e-06 3.5222908e-07 8.314193e-05 3.197759e-05 7.597158e-05 5.861375e-07 1.5887555e-05
0.96099746 0.006457196 0.002582849 0.00018976047 0.023317521 0.13137035 0.00010185792 0.11832528 0.00015398329 0.007252588 0.0036860355 3.5256384e-05 2.3687113e-05 1.1780063e-05 5.9615024e-05 0.005490904 6.166869e-07 3.3979537e-05 6.195731e-05 0.0019786304 0.11322995 0.9377244 0.47991055 0.02955534 0.0012642316 1.5131144e-06 8.346924e-07 7.014024e-05 6.2146418e-15 2.9550567e-06 0.07586085 0.8826253 0.00029903435 8.791803e-07 0.19541557 8.786983e-05 0.79880095 0.238921 0.0012979134 0.00459873 4.8489735e-05 3.52622e-05 3.475715e-07 7.733205e-06 0.0002775601 1.7754586e-07 0.48258683 0.030137103 1.3511183e-06 0.19773054 0.0033438432 1.570079e-06 0.87974197 0.087466754 0.03274789 0.00012178758 0.03591232 0.00066323683 0.00015185631 0.00016319731 0.07535586 9.3422705e-06 0.0187398 0.013017282 6.152832e-06 4.333116e-05 0.2902483 0.029904762 0.0007246272 0.0006068257 0.004420898 0.0042110784 0.20731379 0.0036825994 1.7852171e-06 0.028038746 1.849303e-06 0.0048058946 1.757809e-07 0.00013612714 0.00018379661 0.00820765 0.0006122063 7.723219e-08 1.9091376e-05 0.0025413001 5.8999143e-07 0.002356632 0.0010520079 3.826451e-06 0.00044360105 1.7787338e-06 0.0024638514 0.000100368015 7.12437e-05 0.0012873561 0.00024012143 0.0033511377 8.412483e-06 0.00019523129 9.4062136e-07
0.83951724 0.012181592 0.08649736 0.15305825 0.00083940075 0.00048451213 0.47953948 0.004684613 0.41123617 0.00046297503 0.007610723 0.7063806 0.65559113 0.7171648 0.7051915 0.00048393974 0.68106586 0.053532496 0.011145409 0.0010788885 5.2657804e-05 9.603189e-06 4.8549036e-06 0.00012717459 0.00018108019 0.7264837 0.05910538 0.9233909 2.9550567e-06 4.822729e-14 3.8358266e-06 9.840016e-07 0.008083971 0.19806276 2.787644e-06 0.27550808 2.7464586e-07 6.5110333e-07 1.8238221e-05 3.6752187e-06 0.06876113 0.8376255 0.06419071 0.7204412 0.0125127565 0.9621001 1.343237e-07 5.310262e-08 0.5921108 1.8632777e-08 2.3839812e-05 0.015072471 5.9693014e-07 1.5808818e-06 4.9789624e-06 0.0032595776 3.0381716e-07 2.2225599e-05 2.0781341e-05 2.67144e-05 4.085596e-06 0.04903643 5.6255485e-06 1.3623551e-05 0.0019933304 0.00046680382 1.289218e-06 3.0303556e-07 0.000106283886 5.2206135e-05 2.40319e-05 4.4759494e-07 1.2800632e-05 1.919553e-05 0.11806753 3.1613925e-07 0.0025887832 4.9396647e-08 1.8978462e-05 0.00430615 6.1376886e-06 3.3134208e-07 4.0159594e-07 0.0001167476 1.5879632e-05 1.9694319e-07 0.00026955592 1.4907152e-07 1.0367404e-07 1.0401562e-05 8.006909e-08 8.508368e-06 2.847329e-07 4.1347214e-08 2.5368178e-07 4.9771563e-07 0.00013157655 4.133472e-06 0.00013279077 2.325292e-07 3.5039582e-05
0.9300392 0.0049070804 0.010849593 0.0004007728 0.03665649 0.08425103 0.00010229208 0.02519234 7.0123184e-05 0.017566195 0.021222673 4.877558e-05 2.5316167e-05 1.5464044e-05 7.008354e-05 0.052275576 1.2020087e-06 5.234675e-06 9.609758e-06 0.034693435 0.78990936 0.04159071 0.8849552 0.8409093 0.05351782 1.1869233e-06 2.2249158e-07 2.6159476e-05 0.07586085 3.8358266e-06 8.481347e-14 0.7727711 0.008394264 3.2027242e-07 0.012527125 0.0003058914 0.010047218 0.007802281 0.6177148 0.8380438 0.00091917504 6.7470515e-05 8.823624e-08 2.011985e-05 3.306946e-05 7.439288e-07 0.25550687 0.0009284175 0.0002154106 0.694474 0.7490117 9.177288e-08 0.009927285 0.0004078797 0.71333426 2.6686239e-05 0.00034820888 0.41596228 0.16513513 0.112882085 0.00012723717 0.0003321706 0.786134 0.7415905 0.004091371 0.07154459 0.0040100524 0.0002594097 0.32184428 0.18346846 0.40804583 1.7015527e-05 0.16024442 0.38071546 8.8262674e-08 0.0057825656 2.8530721e-05 0.031018676 1.15360535e-07 0.0058637685 0.028480815 6.277083e-06 2.8177187e-06 4.4243387e-09 0.008885663 2.067784e-06 1.5533335e-07 0.0010353952 0.00860584 2.4323508e-05 3.7862562e-06 3.3330246e-06 0.00056587 7.9850207e-07 0.0031103638 9.2209875e-06 1.8697918e-05 0.0004405126 3.839254e-05 7.4348054e-07 6.309928e-07
