6.1506336e-15 0.92772084 0.8756673 0.9631825 0.96969974 0.96872294 0.97090715 0.99334407 0.9941109 0.9905472 0.9779075 0.96101576 0.9960749 0.97511166 0.9748296 0.90314704 0.9038325 0.9653923 0.9492177 0.9393513 0.9212031 0.98760843 0.964313 0.9667755 0.98735964 0.89432865 0.9835103 0.9902377 0.9334571 0.9250226 0.9996893 0.986452 0.7752123 0.936692 0.8819651 0.94916946 0.6838262 0.99601775 0.66334105 0.34494656 0.9639468 0.9996468 0.9307601 0.7806156 0.8643612 0.91667247 0.5300757 0.41314024 0.112289436 0.43922144 0.9033385 0.8716956 0.999284 0.981633 0.78991205 0.99998707 0.850364 0.97125334 0.9950149 0.8375758 0.46482885 0.089799546 0.8442901 0.064991355 0.75594306 0.97853047 0.9960546 0.9439621 0.7290962 0.9932111 0.13347048 0.29064822 0.96027684 0.38584307 0.6821745 0.9354875 0.016386349 0.7361813 0.03556807 0.64139867 0.67593217 0.5026484 0.0021282893 0.73427296 0.072619125 0.9602976 0.069601364 0.37123 0.040629674 0.58953285 0.03759704 0.6257184 0.41514465 0.00069634244 0.96085095 0.13481347 0.73217285 0.20631815 0.10801288 0.23779842 0.03511203
0.92772084 8.5646605e-14 0.99399143 0.9424446 0.6794633 0.9132373 0.7753249 0.29519972 0.0077231904 0.7788867 0.5494791 0.030804228 0.35032636 0.89641917 0.045258522 0.580526 0.016299421 0.0007643253 0.030443683 0.033374995 0.06473698 0.07655623 0.39499712 0.23109078 0.00076722575 0.009173558 0.023949657 0.08836611 0.004905489 0.22187115 0.00027577434 0.050772905 0.035119943 0.0023040755 0.006096741 0.00018439547 0.001540009 0.00082779105 0.015539242 0.0071773273 0.01191465 0.19160114 0.0018166079 0.001587544 9.2747716e-05 0.023832357 0.010192512 0.023332065 0.0057348134 4.2892902e-06 0.00022211963 0.020148711 0.00043313025 7.354669e-06 0.013604492 0.010191569 0.0002477489 8.939908e-05 9.31407e-06 0.0018816304 5.283354e-06 1.3833156e-07 9.95653e-07 0.0009644164 2.124325e-06 0.0009501218 9.3696675e-05 0.0002449312 0.005935492 2.2252627e-06 2.0677582e-08 1.0453101e-07 3.1131192e-05 0.00024017249 2.366494e-05 3.906857e-05 1.5513223e-08 2.5585666e-06 0.00025885314 4.842222e-07 0.00071886985 7.6201486e-06 1.1332671e-06 4.1590814e-05 3.0504788e-07 4.4103235e-05 1.2582198e-08 2.3654357e-07 1.9457597e-07 1.1004473e-05 2.356508e-05 3.7584917e-07 1.2533928e-07 9.017701e-07 7.48301e-06 2.9078752e-08 8.313411e-08 5.748696e-09 3.8670247e-08 2.8104216e-06 3.083192e-05
0.8756673 0.99399143 3.1159862e-14 0.9764671 0.91656524 0.6930719 0.4849267 0.68618953 0.0012484541 0.7799915 0.07825895 0.34915406 0.3717477 0.8043879 0.14222567 0.20879464 0.032376662 0.0031131417 0.009261087 0.0018028946 0.030502254 0.02074126 0.2597294 0.21551758 0.003452692 0.026390163 0.03425578 0.04596009 0.0019407137 0.058024902 0.0038242827 0.07907953 0.020597566 0.0002303693 0.005685032 0.002401701 0.0020026278 0.00029176896 0.0017348317 0.0012692566 0.016304782 0.24955973 0.0008270746 8.37981e-05 0.0011887893 0.044601455 0.0057208072 0.0028984454 0.00048390788 1.7646214e-07 4.9154707e-05 0.021879075 9.211982e-05 8.3203806e-05 0.021615196 0.0050483737 2.2866387e-05 0.00035709247 0.00015297876 0.006199372 2.8089437e-07 1.1013895e-08 3.6908948e-06 0.00013972938 3.4238597e-05 0.00033524897 0.00021058304 0.00027774172 0.007807074 4.3815016e-05 6.8279926e-10 3.711462e-08 6.9930303e-07 1.6575774e-05 1.5006522e-06 5.4202454e-05 1.4049092e-09 1.0755574e-05 0.00018322957 2.0845233e-05 0.0013382678 4.9101156e-05 4.341622e-08 8.9941685e-05 1.0071721e-08 2.3983592e-05 2.2207427e-08 4.105588e-09 4.0159898e-07 5.7807783e-06 1.1790436e-05 2.7815283e-06 3.539096e-09 1.1846053e-06 2.8995717e-07 2.1537646e-08 5.8637573e-07 1.5583011e-07 6.613003e-08 3.895584e-05 7.153284e-05
0.9631825 0.9424446 0.9764671 6.3586486e-14 0.8687989 0.75225586 0.61047447 0.86192954 0.0013051528 0.9438311 0.026337992 0.61009467 0.62069535 0.5351072 0.43930104 0.06228449 0.08267209 0.026490806 0.0019486616 0.0036804152 0.07628642 0.030157076 0.4135012 0.43815213 0.052390788 0.09984257 0.30588454 0.11593117 0.0016631283 0.16638441 0.006420387 0.31592554 0.06701185 0.00017474986 0.067844816 0.0071201697 0.01834965 0.00014472718 0.0012735379 0.002052121 0.21941294 0.42146915 0.00038919967 0.00012875591 0.0033660124 0.28661826 0.008966549 0.0017764989 0.00044422128 1.7627268e-06 6.8735804e-05 0.05638102 9.028958e-05 0.00027794097 0.07439598 0.012444761 2.3705688e-05 0.0041479967 0.000851563 0.09493335 5.9359274e-07 1.3504859e-08 0.00018164837 0.00040999328 0.000401362 0.00046173626 0.00064611225 0.0020841947 0.02883543 0.00014938612 4.906712e-09 1.691974e-08 8.1221915e-05 4.7686466e-05 8.079584e-07 0.0010503968 1.2614656e-09 3.5284338e-05 0.0017273761 2.3006487e-05 0.010734185 0.0003300137 7.355742e-08 0.00050857733 3.2692125e-08 0.00016319078 9.514041e-07 1.4959324e-08 8.2267155e-07 9.524146e-05 9.010686e-05 1.3770294e-05 2.3178824e-08 2.0052039e-05 4.2333653e-07 1.7045978e-07 8.1177535e-07 6.567591e-07 1.3718699e-07 0.0010297145 0.0013838697
0.96969974 0.6794633 0.91656524 0.8687989 3.7483897e-13 0.111691415 0.051149253 0.9196984 3.1867472e-05 0.5835436 0.0013269258 0.9582889 0.36478835 0.13468738 0.9411697 0.008730086 0.88959104 0.29492813 0.00028723344 4.317664e-05 0.0045891805 0.009367501 0.085465714 0.09867794 0.49599317 0.75820285 0.4194909 0.022370813 0.00039526497 0.010105557 0.019911453 0.043073684 0.006362363 1.6585522e-06 0.30319905 0.011537905 0.16524006 4.433394e-05 0.0001841468 2.453844e-05 0.34198415 0.2610261 3.127325e-05 5.888181e-06 0.02205699 0.22572069 0.00086100417 0.00013236278 2.2581522e-05 7.621009e-07 5.5729997e-06 0.007882734 3.2567328e-05 0.0004518739 0.027536256 0.0090460405 1.2717088e-05 0.015213747 0.0002357876 0.13053969 2.9122504e-07 9.094779e-08 0.0007422019 4.01757e-06 0.00029509846 8.814277e-05 0.00034773102 0.00029317947 0.018389223 3.3838674e-05 1.2783485e-08 5.7319912e-08 1.3804729e-05 1.1997383e-05 1.5388301e-06 0.005318892 1.3643008e-08 6.916836e-05 7.618343e-05 1.5542211e-05 0.030425213 0.0068189385 6.5930784e-08 0.00018148578 4.9223587e-08 1.0087752e-05 3.187206e-05 1.2698945e-07 2.2667903e-06 1.9102175e-05 9.112387e-06 5.324274e-06 8.560735e-08 2.8416214e-05 1.6885265e-07 1.1684683e-06 1.8273311e-06 4.393557e-07 1.2279417e-06 6.898771e-05 0.0013098662
0.96872294 0.9132373 0.6930719 0.75225586 0.111691415 6.3555476e-13 0.98745483 0.28317794 0.06838994 0.9161741 0.6448808 0.034548867 0.34579012 0.8205088 0.07408532 0.54919493 0.014997102 0.004204884 0.058991432 0.14718863 0.5839196 0.28148317 0.6005503 0.2824424 0.0043550176 0.009721771 0.042843554 0.2846959 0.02165731 0.5918535 0.0007318933 0.45539346 0.09382748 0.016037725 0.010168836 0.0021908295 0.001837316 0.0015012355 0.025852336 0.019684186 0.016728858 0.2687305 0.009062101 0.003460546 0.00066358194 0.03357484 0.013208783 0.043630805 0.0085917255 2.869305e-05 0.0005008442 0.02668049 0.00069895014 0.00022663927 0.016637683 0.018674955 0.0006454339 0.0009616447 0.00020114238 0.0037260866 5.9509483e-05 1.288618e-06 2.4029194e-05 0.0028128324 3.2462332e-05 0.0012977376 0.00060187164 0.0018684426 0.0028039326 0.0001286798 1.0679128e-06 4.235348e-07 0.00045060634 0.00011080903 2.6023874e-06 0.00042925417 1.9176352e-07 7.322378e-06 0.00020903436 9.218481e-06 0.0015265951 3.908523e-05 1.273165e-05 0.00016478267 7.6257425e-07 0.00040135454 3.942678e-08 2.87062e-06 1.2395355e-06 0.00016381794 0.00034864267 1.8505416e-06 5.130977e-07 9.920758e-07 2.679761e-05 7.622794e-08 6.1359935e-07 4.0309007e-07 7.0275654e-08 0.0005068951 3.263268e-05
0.97090715 0.7753249 0.4849267 0.61047447 0.051149253 0.98745483 7.68463e-16 0.24135314 0.02352347 0.9246378 0.8004994 0.022371875 0.009010464 0.19201693 0.0030206859 0.10583544 0.0017829594 0.00043762132 0.19567782 0.033762343 0.92417085 0.6302778 0.024755146 0.0069519486 7.112063e-05 0.00043518597 0.000480203 0.5737533 0.2133566 0.027844965 0.0021001687 0.6490632 0.0018859932 0.0032073706 7.233278e-05 0.0011566675 2.9355002e-05 0.00951221 0.0023736027 0.0010076908 0.00024428198 0.45887902 0.0021924023 0.00074290513 0.00018658846 0.00057753787 0.00019472794 0.004492798 0.0025599215 2.6599635e-06 0.003278234 0.00030816798 0.0041121775 7.366473e-05 0.0007948692 0.0308199 0.0010465437 4.6028184e-05 0.0005448688 5.3626027e-05 1.1336385e-05 3.7193992e-08 5.140283e-07 3.3264085e-05 1.6018311e-06 0.0077993157 0.0021629166 0.007302869 0.00014378522 0.00032789577 1.1055237e-07 5.6383154e-08 0.0003872203 0.0012030043 0.00012355088 1.3891728e-06 9.839095e-11 7.844198e-08 2.1889882e-06 2.520065e-06 1.7789367e-05 9.8805586e-08 3.398795e-08 0.001144794 8.7273366e-07 0.0013416252 3.6180978e-10 3.2534e-06 1.933705e-10 0.00070750015 1.4884579e-07 1.454971e-05 1.12316875e-05 1.0907131e-08 0.000113471855 1.6354381e-08 3.7797787e-09 2.4345796e-08 2.1955435e-09 0.00025218973 1.9167478e-06
0.99334407 0.29519972 0.68618953 0.86192954 0.9196984 0.28317794 0.24135314 3.795451e-11 0.0012799528 0.85662085 0.0031930779 0.96178323 0.4329014 0.16516076 0.73927647 0.011276144 0.617597 0.51098835 0.00034893688 0.001981647 0.046561807 0.013649373 0.14272666 0.20013529 0.75453633 0.48435876 0.5973339 0.06366261 0.00060374837 0.043771226 0.039596498 0.45734945 0.014815449 0.00011720488 0.4272138 0.14695126 0.17300856 0.00024766833 0.00010880039 0.00019853773 0.52239645 0.6963144 0.0004090206 3.665808e-05 0.043310303 0.28459305 0.0008355212 0.0012652654 0.0001220472 2.6176908e-06 3.004409e-05 0.013726534 0.00021917582 0.0042329035 0.04954502 0.019235086 2.8428249e-05 0.0759219 0.008966242 0.17318872 2.9706524e-07 1.5239032e-06 0.00555534 2.4616e-05 0.005389918 0.00033259438 0.0033802746 0.009008002 0.038039505 0.0008693114 2.0405841e-07 3.5238685e-08 0.00015984722 6.461696e-05 1.6210251e-06 0.027244862 1.0613807e-07 0.00055894256 8.071014e-05 0.00040618842 0.041114014 0.014183489 1.1168855e-06 0.004159772 1.2412579e-06 0.00026116788 7.415291e-05 1.0282787e-06 2.1513377e-05 0.0011674789 4.4444223e-05 0.00012302697 9.660439e-07 9.520963e-06 1.826216e-06 1.711916e-05 4.1471594e-05 2.8734315e-05 1.1252176e-05 0.005366069 0.0022494013
0.9941109 0.0077231904 0.0012484541 0.0013051528 3.1867472e-05 0.06838994 0.02352347 0.0012799528 7.677734e-11 0.014488358 0.7725602 4.7484546e-06 0.000371128 0.2288866 3.921101e-05 0.9615552 1.2783065e-05 1.0669507e-06 0.23222823 0.9664613 0.008877781 0.7584208 0.04876415 0.0020936904 4.5739514e-05 2.8809609e-05 6.5412074e-05 0.09278082 0.016587311 0.55976254 0.00016245135 0.004332697 0.0040443316 0.25381652 6.482261e-05 1.642002e-06 2.6408948e-06 0.055859465 0.8784372 0.044073634 4.0194154e-05 0.42668724 0.022223337 0.19246078 8.9620805e-08 0.00015581177 0.00057112303 0.65608776 0.14050104 0.013849103 0.0022564207 0.00053851545 0.00535119 3.100481e-06 0.00030735147 0.007723522 0.00023585463 1.5223677e-06 7.948214e-06 7.2005e-06 0.23618102 0.00018221138 1.912483e-07 0.009189771 2.683205e-09 0.00036072472 0.0002099756 8.839089e-06 3.1589458e-05 3.4464755e-08 2.3491415e-05 3.2691187e-06 1.8869963e-05 7.437536e-05 4.612389e-05 5.1718393e-06 3.247763e-05 1.2663722e-06 1.6569325e-05 6.675887e-08 9.519542e-05 6.309139e-07 0.027859496 5.822516e-07 1.50574e-06 1.0792183e-05 2.4264237e-09 5.6242934e-06 9.8056304e-08 9.296809e-06 4.713742e-05 6.2781635e-07 9.359825e-05 4.603325e-08 7.617922e-05 2.378065e-06 8.543607e-08 8.728977e-09 2.233706e-06 6.183128e-07 1.1611729e-05
0.9905472 0.7788867 0.7799915 0.9438311 0.5835436 0.9161741 0.9246378 0.85662085 0.014488358 1.6255297e-12 0.053649075 0.40183446 0.6320885 0.6088829 0.34950653 0.1522484 0.098144196 0.043791912 0.005345525 0.030587552 0.4921832 0.07557729 0.44739744 0.36947104 0.08846143 0.08551899 0.2807018 0.24393977 0.004693644 0.27104652 0.0070304424 0.8608963 0.055620577 0.0031071354 0.062414438 0.020310866 0.013918239 0.0004684532 0.005715319 0.0052293437 0.14592119 0.69355595 0.0016482401 0.00063005206 0.006153683 0.15947166 0.0046719513 0.0042758416 0.00039345614 4.7888475e-06 0.00023911709 0.039005157 0.00040563388 0.0007650677 0.038626302 0.022893963 0.0001350043 0.013080449 0.0057669766 0.03967756 5.210569e-06 8.9639144e-07 0.00034325468 0.00022885794 0.0007305202 0.0015926672 0.004219281 0.019558372 0.012255872 0.0007741884 9.0934265e-08 3.3976086e-08 0.0004760087 7.445073e-05 1.772051e-06 0.0018974283 1.0711787e-08 4.322789e-05 0.00026525237 7.054765e-05 0.008117218 0.0003069238 7.4334093e-07 0.005301876 3.14507e-07 0.0018577934 1.0887023e-06 2.2472484e-06 4.061731e-06 0.001364813 0.00014352301 3.833832e-05 6.914434e-07 7.89805e-06 6.9687285e-06 3.20691e-06 1.8589769e-06 1.0670561e-05 3.973489e-07 0.0029269224 0.0010618485
0.9779075 0.5494791 0.07825895 0.026337992 0.0013269258 0.6448808 0.8004994 0.0031930779 0.7725602 0.053649075 1.2458365e-14 0.00028453354 0.0020483192 0.55557513 0.0005886365 0.8300602 0.00037645796 7.4118648e-06 0.962767 0.8716227 0.6067617 0.90528613 0.06883582 0.0031900178 4.6935562e-05 0.000116948955 0.00013529365 0.47000244 0.86034656 0.3590361 5.5722954e-05 0.13655709 0.0039878283 0.68040806 0.00011382301 6.910064e-05 6.7302235e-06 0.09745086 0.3509863 0.007830502 5.749043e-05 0.09878486 0.6470056 0.14561814 3.985195e-06 0.0004750613 0.00039467533 0.29878753 0.023212386 0.021409623 0.05684181 0.00055330544 0.010286874 8.7259633e-07 0.0011399526 0.00787103 0.04118491 2.3476701e-05 1.0037141e-05 7.954573e-05 0.05199205 0.000670435 4.9148635e-08 0.00019612834 6.179629e-08 0.0055283355 0.00030218123 0.0006390649 0.00013769984 1.6765567e-05 0.00041645925 3.704095e-05 0.0006323552 0.005617028 0.00014532411 4.0255803e-05 6.3124506e-05 5.0681973e-07 6.106141e-07 5.036714e-07 0.00011568903 1.431047e-07 0.0010227574 0.00011476443 7.861933e-06 0.0005134583 2.049933e-09 9.9015146e-05 3.850169e-09 0.00013295867 9.554763e-06 6.207515e-06 3.1440868e-05 3.9644505e-07 0.00018293448 2.4917433e-08 8.6997105e-08 2.7462608e-08 1.2016218e-07 9.76936e-06 3.5889956e-05
0.96101576 0.030804228 0.34915406 0.61009467 0.9582889 0.034548867 0.022371875 0.96178323 4.7484546e-06 0.40183446 0.00028453354 2.130246e-14 0.009707243 0.010936309 0.50457186 0.00022845254 0.9593891 0.9418259 0.0001422272 8.298837e-06 0.0067488793 0.009816069 0.0035642122 0.0028174394 0.6419399 0.49552396 0.023551142 0.03901345 0.00031540287 0.00013508338 0.08476609 0.24806419 8.8928005e-05 6.686404e-07 0.086633764 0.44478396 0.1912188 3.0071205e-05 8.658062e-06 1.3988363e-06 0.036048852 0.5843477 8.596442e-05 3.176672e-06 0.6967416 0.0067207 3.263282e-06 2.2354887e-05 5.006548e-07 9.4113454e-07 2.1413895e-05 1.5165043e-05 2.6161097e-05 0.002169853 0.0010945913 0.015434644 2.1967227e-05 0.15593393 0.009066095 0.0073693153 8.993348e-08 1.7126655e-07 0.012675214 7.220713e-07 0.05151782 0.00032844848 0.002624729 0.0025323257 0.0026201948 0.00037460588 4.5619117e-08 4.7957293e-08 4.1752137e-06 0.00011814 5.2772407e-06 0.016657274 7.8516935e-09 0.0011775908 4.4681087e-06 0.00085939426 0.024657847 0.022970317 2.85254e-08 0.0019625043 3.511344e-07 6.168916e-05 0.0004270845 1.1404341e-07 0.00012847246 0.00016789816 7.0162315e-07 0.00020370037 9.329244e-08 1.2694611e-05 5.175858e-07 8.1136524e-05 0.00012638375 2.5841446e-05 4.680138e-05 0.0067941137 0.0002769295
0.9960749 0.35032636 0.3717477 0.62069535 0.36478835 0.34579012 0.009010464 0.4329014 0.000371128 0.6320885 0.0020483192 0.009707243 1.2087742e-13 0.36184 0.051562678 0.005549696 0.0043256534 0.00013508646 2.2779694e-05 6.82397e-06 0.00081372174 0.02817566 0.83988947 0.98484296 0.00022049747 0.011652002 0.3699648 0.006790657 8.069198e-05 0.057002928 0.00089975016 0.00276644 0.34935284 7.763076e-07 0.03181698 1.2381715e-05 0.0008603845 0.00023726169 1.9309917e-05 0.0011961415 0.3484575 0.5685276 4.2680313e-06 2.4968629e-06 7.8399313e-07 0.83088976 0.18946777 0.00013319854 0.0008650222 1.8017728e-07 3.212297e-06 0.83056563 6.46209e-05 1.5207702e-06 0.8069681 0.0100370515 1.2014122e-07 1.530204e-05 6.595695e-06 0.10681778 9.3201606e-07 2.186425e-07 2.4504543e-06 0.0017090517 8.301258e-08 2.2909016e-05 0.00018142887 8.509781e-06 0.23366445 1.6625071e-07 1.8795622e-07 1.6889592e-08 2.0664709e-06 2.2491545e-06 1.5424526e-05 1.8399014e-05 5.7433617e-08 8.61706e-07 0.053741504 8.362824e-08 0.0047452743 6.993949e-06 1.7068281e-07 2.1424681e-05 2.5970704e-07 2.4078322e-06 9.9281266e-08 1.8252393e-06 5.7437013e-08 1.6290971e-05 0.018041253 2.093879e-06 2.7894832e-05 1.8205326e-05 4.777311e-06 3.120196e-07 9.737808e-08 1.2036926e-08 2.2865809e-06 6.17343e-07 0.02520324
0.97511166 0.89641917 0.8043879 0.5351072 0.13468738 0.8205088 0.19201693 0.16516076 0.2288866 0.6088829 0.55557513 0.010936309 0.36184 2.7027014e-14 0.019801851 0.96962655 0.0017189484 5.5781817e-05 0.22075185 0.064370334 0.0061332565 0.29381615 0.94577456 0.29680717 8.989937e-06 0.002660694 0.0018811037 0.07479555 0.013673742 0.94189596 0.0006668758 0.0145327095 0.4272673 0.0016840666 0.0007803155 4.4448545e-05 4.5346576e-05 0.009968953 0.048182327 0.29717708 0.0015322462 0.6202645 0.0043575666 0.006842419 1.7009848e-05 0.0031397778 0.23205137 0.1804321 0.14980341 5.530936e-05 0.00075934926 0.066087134 0.001315193 4.87249e-07 0.033477098 0.016096296 4.40061e-05 8.958881e-07 4.6469445e-06 0.00016880913 0.00069848367 5.5155683e-06 1.802505e-07 0.12017837 2.301924e-07 0.00050581153 0.0005095862 5.1634146e-05 0.0065454813 3.2862674e-06 1.0817882e-07 2.2912599e-07 2.405445e-06 0.00017171884 0.00026802122 2.7339178e-07 4.9039005e-07 1.7711258e-07 0.00015149728 5.310139e-07 2.8531606e-06 1.9387543e-09 0.0012816335 3.8897906e-06 2.3731994e-07 2.3351144e-05 9.883786e-11 2.3503999e-06 2.8913413e-10 2.8859571e-07 0.0007392893 9.704693e-06 2.3075816e-05 5.4628906e-09 7.396306e-05 2.3231184e-08 2.408867e-07 3.2563428e-08 2.0391397e-08 4.281333e-06 0.00014580665
0.9748296 0.045258522 0.14222567 0.43930104 0.9411697 0.07408532 0.0030206859 0.73927647 3.921101e-05 0.34950653 0.0005886365 0.50457186 0.051562678 0.019801851 1.4576456e-13 0.0019348777 0.7658495 0.063209206 1.1836832e-05 3.388936e-06 0.000972983 0.016526418 0.028239373 0.065147474 0.11966977 0.9738016 0.9256345 0.005675232 9.373939e-05 0.0032608616 0.005504497 0.0052773794 0.003356785 2.759231e-07 0.8160518 0.00016703621 0.2830749 9.366335e-05 8.856691e-06 4.3203123e-05 0.8879696 0.34243464 1.2106359e-06 1.3003918e-06 0.00035195192 0.6761654 0.0013114242 4.3962387e-05 0.00011884628 8.114808e-08 3.505965e-06 0.012171675 3.7874648e-05 3.501122e-05 0.073553115 0.0072657596 2.9400948e-07 0.0013105979 1.695936e-05 0.4308274 8.376622e-07 1.6253324e-07 3.246899e-05 2.219626e-05 5.8726578e-06 2.063526e-05 0.00011544293 8.2577404e-05 0.14942074 1.8868421e-06 1.3088378e-07 7.4294263e-07 2.5623588e-06 3.9979664e-06 3.9145157e-06 0.006175965 3.3123197e-08 1.3308292e-05 0.0025063404 7.049344e-07 0.072464705 0.0037712187 8.151822e-08 7.386487e-05 6.396487e-08 1.1548448e-05 7.5397147e-06 9.352601e-08 1.791448e-07 2.6857745e-06 8.025514e-05 1.7348059e-06 1.7585593e-06 9.548191e-05 1.8604172e-06 9.0941506e-07 3.9252723e-07 1.929701e-09 2.871232e-05 9.5069123e-07 0.021208767
0.90314704 0.580526 0.20879464 0.06228449 0.008730086 0.54919493 0.10583544 0.011276144 0.9615552 0.1522484 0.8300602 0.00022845254 0.005549696 0.96962655 0.0019348777 2.3710837e-13 0.00049501227 5.4471884e-06 0.6741034 0.5902666 0.017374808 0.37985936 0.16790693 0.0014664958 1.7316173e-06 0.00024842107 4.4834305e-05 0.10244053 0.05668838 0.964859 5.9267186e-05 0.010619443 0.053423014 0.11598281 0.00017651105 2.3288852e-05 1.5854779e-06 0.024224117 0.59476614 0.40941396 2.6745296e-05 0.09365925 0.103539236 0.29043254 1.16644715e-05 3.6474616e-05 0.015808308 0.86411744 0.7873814 0.01244097 0.012367355 0.0014751707 0.0033748695 2.1158239e-07 0.0012179606 0.0055519827 0.0006216262 1.3669602e-06 3.2872954e-06 1.2061719e-05 0.08745501 6.0872102e-05 1.3201691e-07 0.12597921 5.9430306e-07 0.0028958193 0.00042566983 8.07581e-05 0.00016045035 7.533056e-05 6.441379e-05 6.862915e-07 1.09659095e-05 0.00092071085 0.0009088303 2.597379e-06 0.0014204462 8.9417836e-07 2.7803242e-06 2.0323255e-06 1.6444788e-07 7.015116e-10 0.03854641 3.123185e-05 1.7241658e-06 0.00026034005 1.2797646e-10 9.216332e-05 2.7642522e-10 4.196365e-07 0.00023689406 4.4677272e-05 0.00056465383 1.6171917e-09 0.0004135617 1.08545684e-07 1.5946947e-06 1.6950594e-07 4.71981e-07 2.3498328e-06 7.013261e-05
0.9038325 0.016299421 0.032376662 0.08267209 0.88959104 0.014997102 0.0017829594 0.617597 1.2783065e-05 0.098144196 0.00037645796 0.9593891 0.0043256534 0.0017189484 0.7658495 0.00049501227 2.043256e-14 0.9884646 7.7031706e-05 2.79131e-06 0.0008197313 0.009080012 0.00071197614 0.0013255472 0.86526453 0.9174838 0.02375822 0.00817835 0.00052863505 2.2144863e-05 0.08179598 0.01858567 2.1758291e-05 7.0587146e-07 0.23594415 0.050223142 0.74600375 0.0002043105 1.3747231e-06 2.9629763e-07 0.057560205 0.18086718 2.226781e-06 1.482715e-06 0.49656007 0.00609654 9.203772e-07 7.983733e-07 3.8974602e-07 2.8503322e-08 5.7981397e-05 7.258068e-06 9.3585666e-05 0.0016222494 0.0011405707 0.0080777565 1.4009229e-06 0.3674107 0.0020191204 0.016665649 5.900435e-08 2.3540698e-08 0.015242434 4.541917e-08 0.016893396 0.00011187853 0.00072446594 0.00016512939 0.0022687325 0.00039573814 8.501923e-09 7.861089e-07 4.9472953e-07 1.28548145e-05 2.8930544e-06 0.05085 2.7927807e-09 0.0011510395 2.4536369e-06 0.0003312674 0.06994973 0.20214742 1.2235829e-09 0.0001348346 1.578582e-07 3.102639e-05 0.020556072 2.8917304e-08 1.5265921e-05 1.6452796e-06 1.424999e-07 2.0161973e-05 3.9163206e-07 7.168445e-05 1.115072e-06 3.2463726e-05 1.7514303e-05 5.65174e-07 0.0003753631 0.0005698471 0.0004903887
0.9653923 0.0007643253 0.0031131417 0.026490806 0.29492813 0.004204884 0.00043762132 0.51098835 1.0669507e-06 0.043791912 7.4118648e-06 0.9418259 0.00013508646 5.5781817e-05 0.063209206 5.4471884e-06 0.9884646 1.8751844e-13 1.7733764e-06 1.07340234e-07 0.00025046972 0.0051110815 4.858579e-05 7.2159644e-05 0.6303668 0.20456903 0.027210502 0.0057753376 4.3601973e-05 5.356231e-06 0.15922943 0.018011821 2.35003e-06 1.2542377e-08 0.28728622 0.23447119 0.61303604 2.9273262e-05 1.09944864e-07 4.7551787e-08 0.08330532 0.59900457 2.78858e-06 4.3282796e-07 0.909718 0.0051928265 7.195478e-07 1.8823634e-06 2.2507548e-08 2.58434e-08 1.0963452e-05 2.6417778e-05 3.3747052e-05 0.00155636 0.00083303486 0.009635753 5.7467258e-08 0.7926692 0.007053302 0.01830119 1.682256e-08 1.1079132e-07 0.12927917 1.1225408e-06 0.06746483 1.9729192e-05 0.0026120127 0.00029836578 0.008134622 0.0010611091 3.138668e-08 1.9686853e-08 7.8871165e-07 1.1341045e-05 1.808881e-06 0.5606232 8.6719936e-08 0.0049998634 2.9532566e-06 0.00052636146 0.38475606 0.5642146 5.481784e-07 0.00021660642 4.140585e-08 4.5265086e-05 0.15789066 2.6824125e-07 0.00054806785 1.0996112e-05 1.7047728e-06 9.853106e-05 6.541276e-07 0.00036628393 1.2158245e-07 0.0010848263 0.00018605326 5.7704347e-06 0.006243634 0.0021539582 0.0019663111
0.9492177 0.030443683 0.009261087 0.0019486616 0.00028723344 0.058991432 0.19567782 0.00034893688 0.23222823 0.005345525 0.962767 0.0001422272 2.2779694e-05 0.22075185 1.1836832e-05 0.6741034 7.7031706e-05 1.7733764e-06 2.2844454e-13 0.58660346 0.25023875 0.8844889 0.0009065925 1.164684e-05 9.612287e-08 6.380616e-06 4.416483e-06 0.23804943 0.9197405 0.0068975883 1.0032873e-05 0.06287802 4.9541133e-05 0.8619817 1.865439e-05 0.00014450777 1.286857e-06 0.8047336 0.12004667 6.288404e-05 2.5788895e-06 0.11827981 0.96081203 0.28600037 6.8607073e-06 2.3882171e-06 5.2267133e-06 0.13064936 0.004875082 0.15947486 0.43899426 8.414578e-06 0.034579277 3.8467044e-07 1.543633e-05 0.015880512 0.65750504 4.1866415e-06 1.8245944e-05 1.174284e-06 0.12970299 0.010086503 8.5487784e-07 3.0294095e-06 2.3221685e-06 0.07782875 0.0012381044 0.0016446052 2.1443793e-05 0.000104493505 0.022751842 0.004683139 0.003445165 0.8104538 0.0043675643 9.765815e-05 0.0038406749 1.8978997e-06 2.3952592e-07 3.2894593e-06 6.300493e-07 2.799485e-07 0.00052197976 0.00018947349 0.0052079507 0.00113994 1.27529205e-08 0.015190613 1.26567175e-08 5.6121185e-05 2.894182e-05 5.0709292e-05 0.00048168446 1.6197076e-09 0.00050813565 2.9308987e-07 9.3254687e-07 1.0931135e-06 2.0054497e-06 3.0817046e-05 6.9901515e-05
0.9393513 0.033374995 0.0018028946 0.0036804152 4.317664e-05 0.14718863 0.033762343 0.001981647 0.9664613 0.030587552 0.8716227 8.298837e-06 6.82397e-06 0.064370334 3.388936e-06 0.5902666 2.79131e-06 1.07340234e-07 0.58660346 5.4343452e-12 0.008053523 0.6664782 0.0041882074 1.1436154e-05 8.310086e-07 7.954429e-07 2.6760617e-06 0.13266587 0.087607235 0.3652222 1.912713e-05 0.009188807 0.0004168208 0.72738624 8.990768e-06 3.257228e-06 5.4343906e-07 0.105830185 0.98995167 0.012078445 4.810195e-06 0.24831574 0.22113977 0.74888873 3.8072898e-08 3.3829172e-06 1.885084e-05 0.6432136 0.10971935 0.13576947 0.042302273 4.674134e-05 0.010911592 3.4424826e-07 0.00010484747 0.009741361 0.0016847348 1.4681483e-07 7.6595215e-06 1.5560996e-06 0.5333766 0.002105772 6.137869e-08 0.0011619367 1.6843524e-08 0.0034027486 0.00043820162 9.08835e-05 4.090185e-06 9.1858385e-07 2.0536685e-05 2.1248557e-06 0.000111301626 0.0004425179 0.0018642475 3.6858983e-05 0.00035048538 2.8119834e-07 2.008153e-07 3.1259324e-07 2.7980445e-06 3.8251816e-08 0.011978434 5.7451234e-05 9.2966985e-07 1.563902e-05 3.5170646e-09 6.3806125e-05 2.0683133e-07 6.1211103e-06 1.6448286e-05 6.7475435e-06 0.00011669506 3.0910687e-08 0.00012390972 5.3696417e-06 1.4773203e-06 3.3467586e-08 1.7343733e-05 4.055625e-07 7.400278e-05
0.9212031 0.06473698 0.030502254 0.07628642 0.0045891805 0.5839196 0.92417085 0.046561807 0.008877781 0.4921832 0.6067617 0.0067488793 0.00081372174 0.0061332565 0.000972983 0.017374808 0.0008197313 0.00025046972 0.25023875 0.008053523 5.235153e-14 0.93923354 0.001364526 0.00035590798 4.376169e-05 0.00012934668 2.7029791e-05 0.9849224 0.8611287 0.0010707275 0.0036057844 0.9433734 4.2547847e-05 0.0028933168 8.02796e-06 0.009574313 4.6071946e-06 0.10485908 0.0008679011 1.306299e-05 4.622511e-06 0.5306899 0.0032344733 0.00034056362 0.0012043117 5.233434e-05 1.4383451e-07 0.00022735453 1.9444984e-05 4.4558874e-06 0.07125762 2.63803e-06 0.019212775 0.0011726575 6.026778e-05 0.019184256 0.0027331566 0.00012333662 0.0051122266 4.114712e-06 3.1357486e-06 1.5969995e-07 1.1540835e-06 3.8887926e-08 4.192441e-05 0.081667565 0.0041137566 0.11210021 1.6099657e-05 0.0015015835 2.4342185e-07 3.2008784e-06 0.0028787486 0.0017103921 4.589699e-05 7.6869555e-06 1.0956104e-09 1.0095571e-06 5.7203707e-08 6.0076745e-05 4.0942355e-06 5.046604e-07 1.3393936e-08 0.011645499 6.0300117e-06 0.0028531542 4.9256252e-09 1.3519328e-06 2.5191158e-08 0.00043611747 4.4856726e-08 4.4356315e-05 5.8350365e-06 8.180525e-09 0.00013395242 8.13402e-09 1.2453081e-08 1.8738567e-05 6.050792e-09 0.0027871192 2.811613e-07
0.98760843 0.07655623 0.02074126 0.030157076 0.009367501 0.28148317 0.6302778 0.013649373 0.7584208 0.07557729 0.90528613 0.009816069 0.02817566 0.29381615 0.016526418 0.37985936 0.009080012 0.0051110815 0.8844889 0.6664782 0.93923354 5.7514212e-11 0.1790135 0.027775332 0.0072816196 0.0019841944 0.009469273 0.88268507 0.9041354 0.3822996 0.0020580555 0.23294912 0.01075215 0.6241639 0.0019604543 0.0072436226 0.0006421939 0.32499903 0.1769538 0.0057337773 0.0026394296 0.12444767 0.53284913 0.23652752 0.000660596 0.003382877 0.00055546727 0.05050674 0.008733558 0.022440147 0.23067348 0.0011355457 0.027653005 0.0019226439 0.0013625443 0.030821465 0.08296937 0.0023662956 0.0007645451 0.00026718722 0.037379146 0.00046566292 5.308534e-05 0.00022057634 5.977289e-05 0.086312205 0.0024665077 0.010827369 0.0006786795 0.00035590102 0.00095667545 0.0005953687 0.0072422656 0.011308531 0.0006883906 0.0020828992 0.00014324678 0.00014864557 1.8030613e-06 2.9466073e-05 0.00041526117 0.00010851025 9.992981e-05 0.00082059554 0.000105441184 0.006211332 1.4037695e-07 0.00027336378 1.0501403e-05 0.0007130246 9.9234276e-05 4.6018267e-05 0.00011724925 1.5002244e-06 0.0003506214 3.741856e-06 1.6562366e-06 1.4966798e-05 4.702389e-06 0.001375945 3.1485994e-05
0.964313 0.39499712 0.2597294 0.4135012 0.085465714 0.6005503 0.024755146 0.14272666 0.04876415 0.44739744 0.06883582 0.0035642122 0.83988947 0.94577456 0.028239373 0.16790693 0.00071197614 4.858579e-05 0.0009065925 0.0041882074 0.001364526 0.1790135 1.5549752e-15 0.89449364 2.2241522e-05 0.0013636212 0.005580528 0.03727179 0.001022323 0.4537526 0.0004375875 0.007260713 0.9959827 3.0632917e-05 0.00090951007 3.8543667e-06 7.347417e-05 0.0016433212 0.0011209575 0.08343782 0.005149768 0.509686 1.4764945e-05 6.3938736e-05 1.1827561e-06 0.0097041195 0.450817 0.0045824484 0.033568885 2.220962e-07 3.7943915e-05 0.40590572 0.00036463208 1.5549787e-07 0.1072198 0.017396023 5.6791873e-07 3.3355573e-07 7.052019e-07 0.00066160125 1.5774443e-05 8.6436074e-08 1.2839614e-08 0.11074531 1.812711e-08 5.6494333e-05 0.00046080386 2.0471364e-06 0.007871612 3.328971e-08 2.2823683e-09 1.2855346e-08 3.3992436e-07 4.8414768e-06 4.8066113e-07 5.118085e-07 1.2392446e-08 1.117644e-08 0.007024983 8.342257e-08 5.925402e-05 6.605008e-09 1.8201594e-05 5.964785e-08 3.2583e-08 1.0981793e-06 5.00381e-10 2.0509741e-08 4.1908215e-09 8.078918e-08 0.05155377 1.4074666e-07 1.9789634e-06 3.1481486e-07 1.9020317e-05 3.7645705e-08 2.6816498e-09 1.346989e-09 1.3969632e-08 1.3839147e-07 0.0051438655
0.9667755 0.23109078 0.21551758 0.43815213 0.09867794 0.2824424 0.0069519486 0.20013529 0.0020936904 0.36947104 0.0031900178 0.0028174394 0.98484296 0.29680717 0.065147474 0.0014664958 0.0013255472 7.2159644e-05 1.164684e-05 1.1436154e-05 0.00035590798 0.027775332 0.89449364 2.3542724e-15 8.30318e-05 0.0039364723 0.02463022 0.0063542984 3.7839156e-05 0.043217245 0.00018100321 0.0034240952 0.7609807 3.42914e-07 0.0065331897 7.242766e-06 0.0001705939 1.3584149e-05 6.6661155e-06 0.0029256751 0.04311407 0.6618142 4.1147408e-07 6.6673715e-07 4.2814287e-07 0.22007808 0.8224477 7.0173387e-06 0.00084064243 2.0495635e-07 4.198236e-06 0.975955 1.5153752e-05 4.479793e-07 0.81348073 0.007108401 5.6098384e-07 2.39105e-06 6.965515e-07 0.013949333 1.5731784e-08 1.2718506e-07 8.8777284e-08 0.011086559 1.1593055e-08 1.1085114e-05 0.00010733795 2.102031e-05 0.10650991 4.2265132e-08 3.200107e-09 2.6168193e-08 1.2364616e-07 1.2398812e-07 2.26493e-06 7.082031e-07 2.0521362e-08 6.48774e-07 0.17579685 3.949211e-08 0.00085187895 4.1583533e-08 2.8093872e-08 4.5653007e-05 4.6383942e-08 7.6899215e-07 3.3978578e-10 4.4928595e-07 3.5701294e-08 7.0297807e-07 0.32599896 9.910938e-06 6.864677e-07 2.4421362e-05 7.211636e-07 3.2217894e-08 2.5402151e-08 4.1505242e-08 2.1630865e-07 2.7370678e-08 0.047228012
0.98735964 0.00076722575 0.003452692 0.052390788 0.49599317 0.0043550176 7.112063e-05 0.75453633 4.5739514e-05 0.08846143 4.6935562e-05 0.6419399 0.00022049747 8.989937e-06 0.11966977 1.7316173e-06 0.86526453 0.6303668 9.612287e-08 8.310086e-07 4.376169e-05 0.0072816196 2.2241522e-05 8.30318e-05 3.4190657e-13 0.69094884 0.034056697 0.0014865847 8.9396264e-07 1.5946453e-05 0.08794845 0.0051552886 8.408384e-06 9.123808e-07 0.85179174 0.0043273186 0.9787844 0.00013266673 4.092299e-08 1.3388676e-06 0.4364978 0.51302034 5.4595114e-07 5.469465e-07 0.0020936844 0.022196997 4.1971034e-06 1.8767618e-06 1.4285053e-05 2.3077904e-07 1.2371058e-07 4.3431446e-05 1.9172312e-05 0.00023748353 0.002566765 0.0049472647 1.1942963e-07 0.01627317 0.000986686 0.33636796 2.1940134e-07 2.764707e-07 0.00084353116 2.6193163e-06 0.00014647968 4.7086804e-08 0.0002562061 1.8586067e-06 0.051002085 8.403684e-05 1.06864615e-08 5.245224e-08 5.55308e-09 3.3016806e-07 1.8173735e-07 0.04335856 2.9138713e-08 5.585879e-05 0.000107888554 2.5675043e-05 0.90824336 0.8281845 3.3405965e-07 4.23511e-05 2.5441866e-08 3.5735768e-06 0.05148749 3.9694403e-09 6.5135955e-06 1.9247673e-06 1.085983e-05 8.403082e-05 2.2805027e-06 0.002172033 4.5244886e-07 0.00012413597 3.9540882e-06 1.1987694e-07 0.0002855807 5.2279174e-05 0.03929955
0.89432865 0.009173558 0.026390163 0.09984257 0.75820285 0.009721771 0.00043518597 0.48435876 2.8809609e-05 0.08551899 0.000116948955 0.49552396 0.011652002 0.002660694 0.9738016 0.00024842107 0.9174838 0.20456903 6.380616e-06 7.954429e-07 0.00012934668 0.0019841944 0.0013636212 0.0039364723 0.69094884 5.1036802e-17 0.24318458 0.0015190309 1.819767e-05 0.00015431271 0.010500749 0.0043646824 0.00026579804 2.3960635e-07 0.9804615 0.0010016903 0.9514656 1.6106367e-05 2.0597253e-07 1.8555055e-06 0.5904983 0.076453626 8.086137e-07 3.5877736e-07 0.0039231186 0.051751573 1.9446246e-05 6.4245296e-06 3.1414354e-06 3.9455276e-07 8.49802e-08 0.0002671732 4.008538e-06 8.80921e-05 0.0067363856 0.0034130688 9.8872505e-08 0.0075191753 4.7611262e-05 0.14272787 1.0698419e-07 2.7669805e-07 0.00019407348 3.841455e-07 0.00012873701 1.6258324e-06 9.123634e-05 1.015227e-05 0.024797581 7.4119316e-07 1.9763293e-09 5.075958e-08 5.8890985e-09 2.509309e-06 5.000695e-08 0.0115126185 1.4588334e-09 9.295871e-06 0.00015788239 2.6554317e-06 0.25637075 0.042986613 4.9507642e-09 9.707209e-08 8.873645e-09 8.8382954e-08 0.00036993943 1.0364309e-09 1.0472954e-06 5.3192917e-09 3.0834196e-06 1.1445625e-07 7.385289e-09 0.00014493214 1.43257015e-08 4.8919054e-07 3.6753654e-08 5.3950544e-10 3.358975e-05 4.501686e-07 0.0065045925
0.9835103 0.023949657 0.03425578 0.30588454 0.4194909 0.042843554 0.000480203 0.5973339 6.5412074e-05 0.2807018 0.00013529365 0.023551142 0.3699648 0.0018811037 0.9256345 4.4834305e-05 0.02375822 0.027210502 4.416483e-06 2.6760617e-06 2.7029791e-05 0.009469273 0.005580528 0.02463022 0.034056697 0.24318458 3.1771357e-13 0.0016550147 8.829821e-06 0.00029826935 0.0038149813 0.0007017633 0.0013542474 4.838834e-07 0.4607331 1.0773818e-05 0.018336594 0.00017214107 1.6748617e-06 2.2328138e-06 0.92859054 0.53265405 1.5357308e-06 5.202353e-07 4.319602e-06 0.9631038 0.00074312655 2.2860717e-05 0.00011912974 3.0298213e-07 1.5836961e-06 0.23843372 3.9201135e-05 1.8349985e-05 0.62469107 0.00963121 1.0378677e-06 3.4993165e-05 2.788862e-06 0.9245913 1.5837836e-06 1.7766052e-07 4.6876585e-06 1.3522806e-05 3.7218474e-08 1.8420634e-06 0.00021762912 4.25792e-06 0.7944122 4.3869807e-08 2.326461e-07 8.393042e-08 1.9702529e-07 5.1993748e-06 3.415281e-06 5.742801e-05 1.144e-06 5.9833196e-06 0.057728708 3.331035e-08 0.047020745 0.00023236575 7.004865e-07 6.1125643e-06 3.2046214e-07 1.2483321e-06 4.615881e-06 1.2266945e-05 6.959075e-07 1.6882813e-06 0.0008926576 3.2650685e-06 1.4518746e-05 4.452602e-05 9.107347e-06 1.7099131e-06 4.3155e-08 2.3617693e-08 1.2960709e-06 7.896709e-08 0.3158618
0.9902377 0.08836611 0.04596009 0.11593117 0.022370813 0.2846959 0.5737533 0.06366261 0.09278082 0.24393977 0.47000244 0.03901345 0.006790657 0.07479555 0.005675232 0.10244053 0.00817835 0.0057753376 0.23804943 0.13266587 0.9849224 0.88268507 0.03727179 0.0063542984 0.0014865847 0.0015190309 0.0016550147 7.3478224e-11 0.6497339 0.069499336 0.008115935 0.9486855 0.001687129 0.102932476 0.00084092515 0.10267759 0.0003847969 0.54539317 0.01680308 0.00081718626 0.0007444374 0.6091286 0.08228041 0.010733156 0.009083594 0.0015365359 6.507043e-05 0.021647945 0.0017649761 0.0005162868 0.340608 0.00033871626 0.2224804 0.0075618005 0.0018746869 0.0753308 0.12746033 0.0047952575 0.03297165 0.000111462236 0.0008702413 5.060914e-05 0.00033667075 1.59622e-05 0.001433853 0.23649746 0.012391556 0.18970801 0.0012868032 0.006478643 0.00014294969 0.0002672662 0.033368837 0.009572221 0.0006589267 0.0008340639 7.178247e-07 6.320564e-05 6.1605233e-06 0.0035992032 0.00033601542 1.10795345e-05 6.2260897e-06 0.015929993 7.5876866e-05 0.11618634 8.966248e-09 0.00011419246 3.2713517e-06 0.003518038 1.2986468e-06 7.77307e-05 5.945661e-05 2.1155989e-08 0.00085102516 6.370978e-08 4.6965447e-06 0.00014768404 2.0178716e-06 0.042602655 7.8180965e-06
0.9334571 0.004905489 0.0019407137 0.0016631283 0.00039526497 0.02165731 0.2133566 0.00060374837 0.016587311 0.004693644 0.86034656 0.00031540287 8.069198e-05 0.013673742 9.373939e-05 0.05668838 0.00052863505 4.3601973e-05 0.9197405 0.087607235 0.8611287 0.9041354 0.001022323 3.7839156e-05 8.9396264e-07 1.819767e-05 8.829821e-06 0.6497339 9.150313e-13 0.0029556684 4.047816e-05 0.2140966 2.9439167e-05 0.23804668 2.611396e-05 0.000595274 1.48225e-06 0.9635699 0.008362375 2.0543854e-05 1.2058407e-05 0.0125724245 0.533269 0.024140427 2.9710747e-05 1.015409e-05 5.216915e-07 0.009890081 0.00014242702 0.017751051 0.93899864 1.9855734e-05 0.15985206 5.029442e-05 4.253369e-05 0.014088535 0.7950342 5.326795e-05 0.0001568397 3.2728124e-06 0.010286829 0.0005356834 2.0117113e-06 1.5658352e-06 2.3901755e-05 0.57066804 0.0019821234 0.0068952534 2.2188833e-05 0.00019636791 0.01267337 0.034827884 0.046233565 0.7192572 0.03174782 2.7666774e-05 0.00024153572 3.873013e-07 3.953671e-07 2.6665632e-05 1.556237e-05 7.171682e-08 9.150005e-06 0.0012870817 0.005277837 0.010451335 1.8346245e-08 0.0039440175 7.075496e-09 0.0010903655 2.7226959e-05 2.8227765e-05 0.00091522746 1.5407918e-08 0.0015085018 1.106321e-07 1.9239083e-06 8.433706e-06 5.597563e-07 0.00069803017 7.5901e-06
0.9250226 0.22187115 0.058024902 0.16638441 0.010105557 0.5918535 0.027844965 0.043771226 0.55976254 0.27104652 0.3590361 0.00013508338 0.057002928 0.94189596 0.0032608616 0.964859 2.2144863e-05 5.356231e-06 0.0068975883 0.3652222 0.0010707275 0.3822996 0.4537526 0.043217245 1.5946453e-05 0.00015431271 0.00029826935 0.069499336 0.0029556684 7.340321e-13 0.0004343816 0.008338063 0.19885372 0.013302234 7.998748e-05 1.5109946e-06 6.962368e-07 0.009506076 0.029954715 0.99870545 0.00030836434 0.19348043 0.001960018 0.010443757 1.1389092e-07 3.9820436e-05 0.04547661 0.07773388 0.52074754 0.00034520958 0.0017834503 0.0038909449 0.00047458516 2.004827e-07 0.00058514817 0.0113217505 0.00022838982 1.0020132e-06 4.220512e-06 5.2716523e-06 0.0016091758 2.4459305e-05 3.537544e-09 0.23246379 2.1430203e-08 0.00046455287 0.00034636905 3.089613e-06 8.893131e-05 2.9362872e-07 2.0393176e-07 1.9466115e-07 4.1168782e-06 1.9508268e-05 1.040693e-05 8.280524e-07 1.0251024e-06 3.1212198e-07 5.3116684e-05 6.060717e-08 2.230512e-07 2.3400979e-08 0.0009794048 2.2881796e-08 1.5385622e-07 2.1029673e-05 6.580534e-10 5.9530795e-08 5.090023e-07 2.9420962e-08 0.002008337 2.6228305e-08 8.58329e-06 1.0448646e-09 0.00015988016 2.0551455e-07 1.72465e-09 5.41189e-08 5.545798e-09 1.3601604e-06 7.3155345e-05
0.9996893 0.00027577434 0.0038242827 0.006420387 0.019911453 0.0007318933 0.0021001687 0.039596498 0.00016245135 0.0070304424 5.5722954e-05 0.08476609 0.00089975016 0.0006668758 0.005504497 5.9267186e-05 0.08179598 0.15922943 1.0032873e-05 1.912713e-05 0.0036057844 0.0020580555 0.0004375875 0.00018100321 0.08794845 0.010500749 0.0038149813 0.008115935 4.047816e-05 0.0004343816 2.121832e-10 0.36431333 1.8357667e-05 4.7660847e-06 0.009378707 0.97413206 0.010041164 0.00034307057 7.1349323e-06 2.1844753e-06 0.006804735 0.4867233 1.891506e-05 4.0697764e-06 0.73458195 0.0007765398 1.0712344e-05 0.00035046093 1.0018091e-05 1.4766916e-07 7.715644e-06 3.010274e-05 0.00015747323 0.79255885 0.0002210843 0.09893726 0.00016370534 0.7940171 0.6507035 0.005181301 1.343672e-06 1.9041524e-06 0.671365 2.8208563e-06 0.6873292 4.8768787e-05 0.015022561 0.027249718 0.00071557093 0.029523851 1.3199016e-06 1.7040614e-07 5.330536e-05 9.964656e-06 1.3091418e-06 0.4546325 1.2541624e-06 0.5200559 2.2012348e-06 0.057182427 0.0058272043 0.008517575 7.6287647e-06 0.0066720564 1.0612547e-06 3.1219493e-05 0.003912978 1.5960739e-05 0.0062405206 0.0005236158 0.00012883109 0.0017019553 2.1168726e-06 5.301337e-06 1.2427746e-05 0.038793717 0.21940377 0.00047820996 0.015934458 0.056034938 0.00026209882
