1.2795742e-10 0.7849711 0.5507104 0.5785823 0.6337238 0.8423762 0.94932127 0.041113682 0.17388217 0.91714615 0.51097155 0.9749837 0.9671126 0.8680836 0.93385327 0.029094111 0.98655146 0.9052436 0.7868234 0.5651897 0.9955224 0.9973263 0.9708993 0.9989544 0.841366 0.5561408 0.94673556 0.9727476 0.5176307 0.9428048 0.9485559 0.9944798 0.6975972 0.35706645 0.771605 0.8796192 0.83516353 0.9903989 0.9703407 0.82712215 0.9810065 0.8943405 0.00742294 0.004479296 0.18038975 0.92478514 0.95644003 0.8304024 0.9450501 0.00012616193 0.972546 0.95927393 0.87000024 0.9322305 0.94784635 0.937488 0.91578233 0.7819732 0.97520864 0.99496186 0.8671885 0.9112629 0.9611266 0.20039329 0.55877876 0.9965991 0.9774763 0.914067 0.92937857 0.9813238 0.90775377 0.6091214 0.99946994 0.71276814 0.9701242 0.9742684 0.9905579 0.90881103 0.99341124 0.09503508 0.9726988 0.0012405681 0.98825693 0.12775867 0.7064306 0.8777759 0.7046735 0.94066745 0.9899391 0.92413485 0.51193386 0.5907916 0.15702435 0.9970453 0.2612392 0.8336027 0.9534827 0.92111343 0.99095726 0.9999773 0.37558797
0.7849711 3.722355e-10 0.9934802 0.39276597 0.12653798 0.9621276 0.89522374 0.94096893 0.53641737 0.050909836 0.675343 0.8902521 0.119749054 0.48579153 0.020904388 0.25466308 0.5873246 0.10688289 0.009108117 0.009989934 0.015936404 4.9938924e-05 0.00019639186 0.37220213 0.0046475255 0.016229054 0.009063142 2.3751447e-05 0.24587406 3.897178e-05 0.00084677775 0.0037823156 0.0012236643 0.011939196 0.00011792275 0.0001549857 0.00015688488 1.8416446e-05 3.1080037e-06 1.0558423e-05 2.7012252e-06 1.8745537e-05 0.00066802 0.00020465566 0.001957499 2.9338698e-06 0.00015295729 0.0015416137 5.3381766e-05 9.986769e-07 5.5489913e-06 5.1704214e-05 1.4257282e-06 2.1135249e-05 3.1210234e-07 6.151787e-06 8.154622e-06 0.005483003 2.886088e-06 0.0003336574 1.5242702e-07 3.9191264e-07 2.189175e-05 2.1544172e-05 1.0645852e-05 0.0011974288 9.238331e-07 2.2448481e-07 2.029511e-06 2.3882025e-05 1.5253333e-05 3.6171634e-06 1.5783223e-06 3.5177507e-08 1.033098e-06 9.898861e-05 8.449497e-05 5.8225846e-06 9.233849e-05 1.2096594e-06 0.00026136 2.1091562e-08 2.5838859e-05 5.7751413e-06 6.8593306e-07 3.081293e-07 1.3457681e-07 2.5130091e-06 0.00010031625 6.20045e-10 8.42551e-07 1.3095506e-07 9.742508e-08 2.7506188e-05 3.1355327e-08 3.8207867e-07 2.1668827e-06 1.3493168e-08 3.2588588e-08 0.0010562744 5.2831773e-08
0.5507104 0.9934802 3.184515e-12 0.11717223 0.05459789 0.68738234 0.54461753 0.946158 0.0977511 0.040981397 0.96312743 0.8632605 0.13328165 0.107548095 0.064100936 0.9087814 0.49996474 0.014404565 0.00043139185 0.0010059095 0.0064742025 0.00017209609 0.0001009641 0.19772103 0.027096743 0.12541176 0.0009991215 5.3359504e-06 0.719859 9.294367e-05 0.00014192222 0.00095342245 0.0023487385 0.11309838 0.00012512319 0.000193809 3.786437e-06 1.2751943e-05 4.0217715e-06 1.4585095e-07 3.0314757e-06 2.2441223e-07 0.002869591 0.009065226 0.003520401 7.651253e-07 1.8917657e-05 0.00030570038 6.968263e-06 3.6229324e-06 8.859842e-06 5.49088e-06 2.0853179e-06 5.354561e-06 2.136235e-07 3.0785864e-06 1.0038089e-07 0.0024468466 9.402832e-07 7.2102965e-05 8.6568896e-08 5.0962944e-07 5.118029e-06 8.9077724e-07 5.483818e-05 0.00052819937 1.9039463e-07 1.4403401e-08 3.6031972e-07 2.7438882e-05 1.5541892e-06 2.8836274e-07 3.45755e-06 4.626559e-06 6.6916795e-07 8.610189e-06 9.6357704e-05 5.1520567e-07 3.4488217e-05 1.5752089e-07 3.1231644e-05 4.4223474e-09 4.12863e-06 2.1461408e-05 3.0887936e-08 5.8887643e-08 4.9781786e-08 3.5906865e-07 0.00010005827 7.036433e-11 1.5937991e-06 3.0125108e-07 9.067931e-08 1.6339509e-06 1.02980906e-07 2.6725206e-07 2.0170983e-06 3.6063476e-08 1.0711936e-07 0.00019769582 8.64006e-09
0.5785823 0.39276597 0.11717223 2.1048831e-13 0.9986139 0.2631236 0.832861 0.031162713 0.0003990986 0.94697344 0.43719137 0.893175 0.81214166 0.034935597 0.04358432 0.043240122 0.8055735 0.0019465571 0.00074975356 0.00014559129 0.5815816 0.0010059427 0.052361168 0.40237314 0.015205434 0.005248016 0.0016827766 0.0019074933 0.0024385569 0.0006501922 0.000603325 0.00046003814 0.004701372 0.00062495854 0.0021950267 7.59237e-05 1.5155096e-05 0.000303771 1.8103403e-05 1.192686e-05 5.0789895e-06 7.039935e-06 1.4932508e-05 1.0236648e-05 1.3786455e-05 7.1993677e-06 4.2306816e-05 0.00016788855 0.0022323285 1.3555949e-09 9.37229e-06 0.0016646404 5.826767e-06 0.00024529282 2.153083e-06 9.3861545e-06 2.9357498e-05 1.872332e-06 2.0560828e-05 0.003820086 6.680855e-06 8.156699e-06 0.0007036532 5.559503e-07 1.2598704e-07 0.00018826632 2.2142801e-06 1.6674994e-05 5.7261044e-05 4.0818475e-07 7.175757e-05 4.3626886e-05 5.148729e-06 3.1855774e-07 6.454074e-06 0.000118972035 1.3825613e-05 2.750569e-05 0.0022708077 6.4758005e-08 0.0013670026 3.8352152e-10 0.00017519372 2.1161668e-09 2.6236276e-07 4.0048485e-07 3.3395565e-06 2.0879306e-06 4.157152e-06 5.4349654e-09 8.5435954e-07 4.265626e-06 1.8847668e-06 7.7683944e-05 8.105033e-08 1.4049964e-07 2.4966877e-07 8.431582e-08 2.1310766e-09 0.0004934277 4.043448e-09
0.6337238 0.12653798 0.05459789 0.9986139 1.0843155e-13 0.098289356 0.69812226 0.000741987 1.9542771e-05 0.95463383 0.30679888 0.9135989 0.8140944 0.013957343 0.065168045 0.008768472 0.8487439 0.0010652381 0.00050903903 3.7965307e-05 0.69674253 0.0009900732 0.049344636 0.504027 0.023700818 0.007512975 0.0030950797 0.0014454945 0.006548607 0.0007690453 0.0011827992 0.00045036164 0.007904798 0.0018065573 0.0014999633 7.400469e-05 1.5835292e-05 0.00035500558 7.743684e-06 6.1346336e-06 7.3772535e-06 3.682376e-06 5.3970907e-05 5.5322176e-05 2.9609739e-05 6.7683545e-06 3.1945e-05 0.00014398749 0.0040501524 1.30515385e-08 9.783438e-06 0.0020092595 1.8035369e-05 0.00081397366 4.6904194e-07 1.6921105e-05 5.905378e-06 2.42632e-05 2.4349152e-05 0.010684865 2.1280355e-06 2.3263246e-06 0.0015963404 6.531918e-07 2.706926e-07 0.00059007143 3.6555632e-06 2.607917e-05 7.552493e-05 2.8403315e-07 0.00021452292 6.129572e-05 1.1790617e-05 1.6878731e-07 2.500957e-06 4.864008e-05 4.1792562e-05 6.0974067e-05 0.0038962807 4.3508155e-08 0.0025654365 1.6104629e-09 0.00073660165 1.7300499e-09 3.4325495e-07 5.5864484e-07 1.6793051e-06 2.7123174e-06 1.34319735e-05 2.7685692e-09 8.597319e-07 1.5274454e-05 3.0861731e-06 0.0003280406 6.177001e-08 1.1673229e-07 1.408981e-06 1.0570451e-07 1.4528827e-09 0.00096773414 1.4568842e-09
0.8423762 0.9621276 0.68738234 0.2631236 0.098289356 1.5430234e-09 0.98161864 0.8178366 0.9247136 0.006372835 0.28180417 0.63117903 0.011432093 0.96334404 0.0048004617 0.019270724 0.4597873 0.4148351 0.29902568 0.6660738 0.017215082 4.90887e-05 0.00015590168 0.6193823 0.00047845038 0.0010396915 0.11099025 9.056705e-06 0.011100477 3.003999e-05 0.010706008 0.031608704 0.0005360647 0.00039461924 2.6091457e-05 2.5910293e-05 0.0014415977 6.4231725e-05 1.9325437e-06 4.5207882e-05 6.370371e-06 8.0793616e-05 3.884697e-06 3.1218212e-07 1.2601384e-05 1.2298636e-06 0.00044938602 0.009171122 0.00018276465 1.3840802e-10 1.1048893e-05 0.00015545644 6.6267844e-06 2.8004919e-05 1.4974549e-07 5.583568e-05 7.405269e-07 3.1284733e-05 1.0561423e-05 0.0061971704 1.8196921e-07 2.36351e-07 0.00010900811 2.236365e-05 3.7925716e-07 0.0038168842 1.1950274e-06 8.7096265e-07 6.5051154e-06 0.00013090283 2.4291123e-05 1.818915e-05 2.0868669e-05 3.9915605e-07 6.2732825e-06 3.064308e-05 0.00016421085 2.4184517e-05 0.0008049467 2.8640721e-07 0.0010443538 3.7177307e-07 0.00011273976 1.1290837e-06 6.737227e-07 1.488668e-07 5.6659707e-07 1.8133026e-06 0.00019510603 1.0640024e-09 1.3724072e-06 1.1572433e-06 2.1755261e-07 0.000113442744 4.4892847e-08 1.3099479e-07 5.566753e-06 1.322499e-07 1.9005602e-08 0.0013483897 2.7591295e-08
0.94932127 0.89522374 0.54461753 0.832861 0.69812226 0.98161864 7.9395923e-10 0.20461039 0.2768817 0.09146313 0.2633801 0.73393935 0.06577865 0.9462216 0.01503556 0.009878925 0.8323262 0.35438284 0.32320145 0.18732713 0.3601459 0.00014878229 0.0024005673 0.96616685 0.0032969988 0.00360619 0.22927003 0.0003077251 0.012966181 0.00015197945 0.06430326 0.05373793 0.00213993 0.00063888 0.00010914771 8.978382e-05 0.0022006975 0.0003359901 1.0670613e-05 0.00015016846 1.2721176e-05 0.0002098887 1.05934505e-05 6.363485e-06 1.7046046e-05 7.63153e-06 0.0006036105 0.0020919899 0.0030693917 2.390328e-09 2.0859572e-05 0.0026896622 2.2116896e-05 0.0018293887 1.3621284e-06 0.00026561055 2.368814e-06 1.1995106e-05 1.9368696e-05 0.07056555 1.1387762e-06 2.283898e-06 0.0044236667 2.7050604e-05 6.497852e-07 0.009657796 3.2674513e-06 1.08382355e-05 0.00019907125 2.8760362e-05 0.00050108304 0.0010184228 2.7691718e-05 4.0883532e-07 2.7822787e-06 0.0003800251 0.00042812005 9.482185e-05 0.009739657 8.344951e-07 0.005807695 2.3960752e-07 0.00225733 2.3380335e-07 6.499826e-06 1.6054762e-05 3.739814e-05 8.362092e-06 0.0009131565 2.1934598e-08 8.6795694e-07 1.6121443e-05 6.0027805e-06 0.0018812788 6.272214e-07 7.836097e-07 1.7754519e-05 3.3550435e-07 2.0214502e-08 0.008856424 3.2001516e-08
0.041113682 0.94096893 0.946158 0.031162713 0.000741987 0.8178366 0.20461039 2.612286e-12 0.9972912 0.00048330118 0.61931187 0.017894795 0.0003210824 0.17490011 0.00011427308 0.9372581 0.0042526955 0.003690793 0.0005921115 0.06038441 0.00017646325 4.248056e-06 4.7897265e-07 0.004378526 8.959177e-06 0.0004524351 0.00074965495 7.3319115e-09 0.023552572 4.5636205e-07 1.1138238e-05 3.4323893e-05 7.58531e-06 0.0003854902 6.895847e-08 1.4100556e-07 5.1757415e-06 2.0154887e-06 2.82615e-08 1.6205666e-07 4.409387e-08 1.5021612e-06 1.8681884e-08 1.1743427e-09 5.2025043e-06 7.785673e-09 3.987779e-05 0.0035325584 1.2527966e-07 7.98965e-13 3.2534513e-07 1.4034342e-06 3.595446e-09 5.068238e-08 5.6332814e-09 7.042147e-07 1.9086603e-09 1.491629e-06 1.4168818e-07 3.2968337e-06 2.3737448e-09 5.225081e-09 3.211519e-08 5.000617e-07 1.468971e-10 1.9655237e-05 3.0611403e-08 2.4757962e-09 4.446654e-10 1.00623865e-05 8.6566326e-10 1.1950346e-11 2.257054e-07 2.3525153e-09 1.9735815e-07 1.5393798e-07 3.4917986e-07 5.1394417e-10 2.8940136e-07 6.5323136e-10 1.938556e-06 1.2631672e-10 5.579445e-08 9.0664045e-09 2.1146104e-08 5.546695e-10 1.7496744e-10 5.2216436e-09 8.7436106e-08 9.756169e-13 8.794235e-09 9.074679e-08 6.980427e-10 2.215108e-08 1.870332e-11 9.419494e-10 1.171173e-09 3.8104844e-09 6.913326e-11 1.0000852e-05 2.1416036e-11
0.17388217 0.53641737 0.0977511 0.0003990986 1.9542771e-05 0.9247136 0.2768817 0.9972912 3.2912475e-12 2.6447624e-05 0.0034722933 0.008595668 4.7977817e-05 0.5596777 6.2192737e-07 0.01662237 0.006409485 0.077145725 0.028758975 0.9830471 0.00010614956 2.905692e-07 7.424528e-08 0.022744328 9.06051e-07 1.6090869e-06 0.019393109 3.5340996e-08 0.00013202982 1.5871154e-07 0.0014606378 0.004229508 6.517097e-07 4.340501e-06 4.283395e-08 1.5382666e-08 0.0056437687 1.125509e-06 6.4018657e-09 1.9589215e-05 9.529646e-08 5.2171596e-05 5.271749e-09 1.3284742e-11 1.4054024e-07 8.1809816e-08 0.0004255564 0.06350624 3.3356778e-07 3.968607e-13 2.189891e-07 2.602008e-06 4.067186e-09 1.1717088e-06 6.0882424e-09 3.0712803e-05 1.8440863e-08 4.9155005e-08 7.789654e-09 0.00012664653 1.1583065e-08 5.6130327e-09 3.3940864e-07 0.00011761637 5.6520816e-10 0.00023116203 4.379523e-08 2.2451498e-09 6.7006316e-09 3.2704367e-05 2.7027406e-06 2.2238032e-08 1.6175836e-07 7.7924485e-09 4.1495746e-08 2.2655759e-06 1.7164673e-05 3.2071193e-07 1.172251e-06 1.2091589e-06 1.277496e-05 9.739014e-08 3.3366052e-06 1.5324814e-06 1.6159314e-08 1.2789965e-07 8.4251035e-08 2.705865e-07 1.4690939e-05 9.056163e-11 3.347614e-08 2.8907752e-07 4.361463e-10 2.5230204e-06 1.7320971e-09 1.1582983e-07 1.3671727e-06 3.406375e-08 3.393072e-10 0.00012241451 9.9893496e-11
0.91714615 0.050909836 0.040981397 0.94697344 0.95463383 0.006372835 0.09146313 0.00048330118 2.6447624e-05 2.0395517e-12 0.529554 0.5393345 0.96244943 0.004203309 0.83086586 0.0056328853 0.86192167 8.835426e-05 3.3512413e-05 6.766489e-06 0.95400053 0.049026277 0.29892647 0.48610348 0.46524194 0.22224306 0.00032823646 0.016225575 0.119159125 0.023203375 0.00019720492 3.8111644e-05 0.19605137 0.044919733 0.02620176 0.005261281 1.1817973e-05 0.0035691683 0.0016261938 3.5952235e-07 4.4586483e-05 1.7827477e-07 0.0016632489 0.0012288232 0.007434601 3.1418745e-05 1.2586742e-05 7.536149e-06 0.031371284 4.144829e-06 8.602389e-05 0.01391413 0.0048982063 0.0077940742 5.0929804e-05 1.8522437e-06 0.000119407625 0.001155129 0.00016109218 0.026749803 1.0423586e-05 5.7105026e-05 0.012416553 5.333609e-08 3.1485033e-05 0.00053188996 5.1818415e-06 2.4795392e-05 0.0010785738 1.4201902e-06 1.2717997e-05 6.0252667e-05 8.284584e-05 8.776778e-06 2.1243543e-05 0.00039839794 7.868196e-06 3.671479e-07 0.023421222 1.2971428e-08 0.0072898855 1.9853819e-09 0.0004571261 2.2386675e-09 7.498719e-06 1.3324686e-07 1.5483862e-07 1.2992146e-07 9.794921e-06 1.5411749e-07 5.28952e-06 3.1146412e-06 1.919434e-05 0.00029645243 5.8590945e-09 1.823169e-08 3.209939e-08 4.5084354e-09 5.0228413e-09 0.007529641 5.273288e-09
0.51097155 0.675343 0.96312743 0.43719137 0.30679888 0.28180417 0.2633801 0.61931187 0.0034722933 0.529554 2.9898922e-12 0.7779788 0.55749947 0.028390089 0.60609823 0.99881744 0.5153854 0.0025131688 6.054193e-05 1.7425984e-05 0.112855494 0.0043315734 0.049627647 0.18866876 0.81684417 0.7407988 0.000634252 0.0024841004 0.7051144 0.0036903268 0.0002794 0.00025736686 0.011585758 0.10448913 0.00060340326 7.619353e-05 1.7679415e-07 0.00051197864 2.0568908e-05 7.791264e-08 0.00016562226 3.5669765e-07 0.00024378559 0.0013285194 7.553302e-06 2.6568085e-05 9.325768e-06 5.1232055e-06 0.00014379303 6.0905137e-07 2.4566e-05 0.00019571447 9.2310484e-07 2.9378554e-05 9.002771e-08 0.000114820155 6.0739944e-07 4.3560947e-05 7.138305e-05 0.001150504 9.454833e-07 8.5262855e-08 4.5210945e-05 5.3944113e-08 6.434846e-07 0.00042013064 3.1127347e-06 1.4309501e-05 8.248614e-06 9.60684e-07 6.2012605e-06 6.327527e-06 2.8783548e-05 2.5083471e-08 2.0830726e-07 0.00030830936 2.2929957e-05 4.957908e-05 0.0003559847 9.133749e-09 0.0005177184 5.2695753e-10 0.00012722894 2.7926758e-08 2.4874177e-08 1.3548175e-08 2.0234738e-06 8.58018e-06 4.4517186e-05 1.2608523e-09 1.3397362e-06 1.2437017e-05 4.770004e-08 3.1252468e-05 3.802754e-08 1.911308e-06 0.00024037254 7.887466e-08 4.900025e-09 0.00055423944 3.7927828e-10
0.9749837 0.8902521 0.8632605 0.893175 0.9135989 0.63117903 0.73393935 0.017894795 0.008595668 0.5393345 0.7779788 3.067669e-08 0.5440774 0.05248841 0.89000064 0.058507428 0.9407961 0.008399657 0.002235537 0.0010107248 0.57729834 0.0018245591 0.014149532 0.8264857 0.53152543 0.50596404 0.003486224 0.0028819146 0.524515 0.008219384 0.0017834136 0.0012102793 0.02701158 0.15271984 0.0045803837 0.012462225 0.00085163966 0.00053748087 0.0019920801 4.134937e-05 4.974162e-05 2.0832238e-05 0.001658849 0.001011692 0.0007555503 1.9224823e-05 0.00028272287 0.0004984029 0.0016892098 4.1172825e-06 0.00017396337 0.0031512175 0.0005125686 0.0014715485 2.2595244e-05 4.078719e-05 5.0824758e-05 0.0022099758 3.0464e-05 0.026301738 4.0522555e-06 2.0827947e-05 0.0032869962 1.5834817e-06 0.00024887943 0.0030930494 9.211745e-07 5.18897e-07 9.9464974e-05 9.6414224e-05 0.000109801906 0.0001945809 0.00013974459 1.2291266e-05 6.412814e-06 3.6107836e-06 0.00021174924 2.0285697e-05 0.006029609 1.1631884e-06 0.0034332082 1.3695484e-07 0.0012753147 2.361571e-06 1.9918443e-06 5.7560396e-06 5.979381e-07 5.1034754e-06 0.00018601796 2.567204e-08 4.6268237e-06 2.5285922e-06 6.7134924e-06 0.0010382673 8.3651497e-07 5.1629564e-07 1.8618745e-06 6.163503e-08 1.1855211e-09 0.010984495 1.42050025e-08
0.9671126 0.119749054 0.13328165 0.81214166 0.8140944 0.011432093 0.06577865 0.0003210824 4.7977817e-05 0.96244943 0.55749947 0.5440774 2.519022e-10 0.0019305003 0.9237662 0.008429827 0.86753887 8.7757275e-05 5.812363e-05 4.2985266e-05 0.9650289 0.0222253 0.15175533 0.5184912 0.6345447 0.44374922 0.00036354113 0.007080925 0.31139934 0.030788967 0.00020956229 4.4847002e-05 0.11619288 0.11652724 0.019723358 0.01759051 7.31991e-05 0.0014685945 0.004050025 1.0733282e-06 5.6945188e-05 5.0176374e-07 0.0039353366 0.0014965192 0.0073841945 4.8929833e-05 7.361522e-05 2.163658e-05 0.017081995 8.91149e-06 0.00011355758 0.0070412555 0.006852999 0.0039886027 8.026562e-05 3.4130085e-06 0.00027721724 0.0031281367 5.2512027e-05 0.0179823 2.9215975e-05 3.8001785e-05 0.007831571 4.7694725e-06 0.00014426046 0.0012904463 4.2728284e-06 1.6757142e-05 0.00090053526 1.1623716e-05 4.4990382e-05 0.00015288102 8.491066e-05 1.6363188e-05 3.0694384e-05 0.00019262306 4.0708615e-05 9.140194e-06 0.013217672 4.6159002e-07 0.0044387365 4.917564e-08 0.0007673929 2.0016225e-08 2.732797e-05 1.6832716e-06 1.4714767e-06 5.5754475e-07 4.1276915e-05 2.4912447e-06 2.686642e-05 7.2122652e-06 5.9283353e-05 0.0003569369 9.113085e-07 1.04548164e-07 1.206539e-07 2.4314796e-08 1.0112357e-08 0.0163786 5.8952267e-08
0.8680836 0.48579153 0.107548095 0.034935597 0.013957343 0.96334404 0.9462216 0.17490011 0.5596777 0.004203309 0.028390089 0.05248841 0.0019305003 3.0472264e-10 0.00078798254 0.0019890969 0.15716018 0.9494549 0.968415 0.92472667 0.0536107 7.727032e-05 0.00012203637 0.82788706 9.6864445e-05 8.960744e-05 0.77377975 1.8031085e-05 0.00077758287 9.010829e-06 0.27673918 0.26128766 0.00020468455 1.2368923e-05 7.5172134e-06 3.3890217e-05 0.016606344 8.765448e-05 4.3363884e-06 0.0004910188 2.8835598e-06 0.0008735115 2.3863808e-07 1.7491924e-08 1.1600611e-06 7.01951e-07 0.0016094751 0.016492007 0.0018910714 2.7787135e-11 1.9671757e-05 0.0014239475 2.0199163e-06 0.0007353428 7.328641e-07 0.0006280424 9.002286e-07 3.5946287e-06 3.0447298e-05 0.08688539 5.2828574e-07 1.3822137e-06 0.0016016149 6.587244e-05 3.585785e-08 0.0131582655 1.591917e-06 2.8954669e-06 8.207548e-05 0.0008773227 0.00038713496 0.0001801358 3.9948736e-05 1.662879e-06 7.0889104e-07 8.686997e-05 0.0006634079 9.525971e-05 0.008976838 1.6143082e-06 0.0067226007 9.980162e-07 0.0015139821 1.3042406e-06 2.8273914e-07 3.965466e-06 7.3183637e-06 5.8931587e-06 0.00073465693 2.3041204e-07 1.8686502e-06 9.893921e-06 3.3111733e-06 0.00164838 1.4075458e-07 1.2947014e-07 7.838724e-06 8.576191e-07 8.603257e-09 0.0034474344 6.0985865e-09
0.93385327 0.020904388 0.064100936 0.04358432 0.065168045 0.0048004617 0.01503556 0.00011427308 6.2192737e-07 0.83086586 0.60609823 0.89000064 0.9237662 0.00078798254 1.936232e-11 0.025828982 0.766951 0.00013583859 9.312458e-07 8.4612246e-08 0.25968486 0.78524476 0.44612336 0.13089167 0.9557316 0.95032847 0.000145422 0.059267435 0.62539905 0.034356873 0.00026664906 0.00014436079 0.27452832 0.6456097 0.010191651 0.005477029 8.414906e-08 0.012497293 0.0004112493 7.525537e-09 0.0017939949 1.916976e-08 0.015715608 0.07847729 0.014669016 0.00010470808 5.4274034e-07 2.6233573e-07 0.0005698741 3.1342042e-05 5.6929883e-05 0.00014064209 0.0012474456 5.3183594e-05 1.7857569e-06 3.1464276e-06 1.3862196e-05 0.007850594 0.00058525224 0.0013048784 5.284903e-07 4.3283812e-06 0.00014657668 1.6034816e-08 0.00018985913 0.00031304717 5.1608718e-06 2.016332e-05 3.5617195e-06 1.14858516e-07 8.845227e-06 6.426423e-06 0.00011726054 1.6840328e-06 7.573473e-07 2.25663e-05 0.00015136413 8.800523e-06 0.0016408907 7.3258866e-09 0.00068138714 1.2257559e-08 9.94906e-05 1.3140856e-09 2.3081914e-07 4.318563e-08 6.800111e-07 8.341915e-06 0.00011938381 1.7711468e-10 4.9218147e-06 4.007028e-08 2.1882431e-06 6.411159e-05 5.254759e-07 6.055685e-06 7.574319e-05 4.8981184e-09 6.87353e-10 0.006280379 5.6904415e-09
0.029094111 0.25466308 0.9087814 0.043240122 0.008768472 0.019270724 0.009878925 0.9372581 0.01662237 0.0056328853 0.99881744 0.058507428 0.008429827 0.0019890969 0.025828982 2.069557e-12 0.013985638 0.00050706265 2.2897952e-06 1.9401641e-05 0.0007761356 3.5494566e-05 9.254919e-05 0.0021568504 0.6095542 0.7383668 6.300334e-06 8.2477607e-07 0.9672762 6.48909e-05 1.0821096e-06 2.1831269e-05 0.00066292856 0.029052326 7.109852e-05 4.2691627e-06 1.9181118e-06 2.0512364e-06 2.3036874e-07 2.855812e-06 5.1684293e-07 6.465206e-06 3.892986e-06 9.889388e-05 4.9589794e-06 4.2902536e-07 3.7325346e-05 4.5791145e-05 5.8972173e-08 3.000038e-08 7.213445e-07 3.576599e-07 8.177752e-08 1.5019701e-07 8.501327e-08 2.1597566e-06 1.6958161e-07 1.259083e-06 3.0557752e-07 1.7206254e-05 1.2589119e-07 7.483544e-08 1.7840571e-07 2.6240454e-07 3.2783495e-07 1.11488425e-05 3.1610793e-07 1.0086202e-07 2.025946e-09 1.524015e-06 2.6370161e-08 2.1246162e-08 3.1313988e-07 2.2967137e-09 9.0553485e-08 2.172986e-07 3.5477592e-06 2.5611948e-07 3.5242599e-07 7.792745e-09 3.0001327e-06 1.2622888e-09 1.3760393e-07 1.4963662e-08 3.3552272e-08 8.8731875e-09 5.625305e-07 4.89447e-06 5.667746e-06 1.4744062e-09 4.3917865e-08 3.7639693e-05 3.615384e-08 1.5290763e-07 3.8809884e-09 4.045172e-07 2.3744717e-05 4.2642387e-08 3.3218082e-09 1.7894863e-05 2.6722067e-11
0.98655146 0.5873246 0.49996474 0.8055735 0.8487439 0.4597873 0.8323262 0.0042526955 0.006409485 0.86192167 0.5153854 0.9407961 0.86753887 0.15716018 0.766951 0.013985638 1.1713881e-08 0.03446181 0.008783791 0.0016341091 0.8440859 0.00936894 0.07801804 0.84813327 0.4249618 0.24136467 0.007956437 0.012141845 0.26898855 0.026988858 0.005078254 0.0035249868 0.04959452 0.051673014 0.009546671 0.024629522 0.0009245678 0.0017018222 0.006667416 5.418659e-05 0.00019273149 3.9416278e-05 0.0006180865 0.00023931079 0.00082338543 5.0036222e-05 0.000645718 0.0007533127 0.006880014 1.7906649e-06 0.0006602225 0.013180716 0.0018957083 0.0099688675 4.589918e-05 5.29909e-05 0.00012567102 0.0019007627 6.608046e-05 0.17192376 1.4689677e-05 6.122083e-05 0.017751865 8.855643e-06 0.00028588835 0.0053834035 8.180163e-06 7.677988e-06 0.0013908364 0.00015220573 0.0001958196 0.00039224364 0.0001747467 2.3186269e-05 3.6689416e-05 4.7104662e-05 0.00021382603 6.2520296e-05 0.038230386 1.7083646e-06 0.019317554 2.004116e-07 0.0057472503 1.6259649e-07 7.061216e-06 1.9216648e-05 4.7551616e-06 8.847665e-06 0.0003974424 1.9144595e-07 2.9098186e-05 1.3003068e-05 3.459254e-05 0.0053556548 4.8877946e-06 1.6662508e-06 3.583347e-06 2.782729e-07 4.980228e-09 0.039333567 3.556353e-08
0.9052436 0.10688289 0.014404565 0.0019465571 0.0010652381 0.4148351 0.35438284 0.003690793 0.077145725 8.835426e-05 0.0025131688 0.008399657 8.7757275e-05 0.9494549 0.00013583859 0.00050706265 0.03446181 2.1208438e-11 0.9952764 0.66322774 0.016739734 1.6810347e-05 2.4302035e-05 0.79899186 8.642565e-05 3.9024293e-05 0.9632207 4.4857206e-06 0.00047001682 9.272933e-07 0.5303042 0.41898078 7.032537e-05 5.2016912e-06 3.965239e-06 9.6007725e-06 0.0965958 3.0442045e-05 9.56031e-07 0.001691946 1.0175897e-06 0.0008178638 9.1101604e-08 4.2576698e-09 1.0896014e-07 1.16035466e-07 0.00490479 0.04030832 0.00089839887 5.5214534e-11 6.2975646e-06 0.0008498657 6.226443e-07 0.00081937877 1.3122823e-07 0.0039996128 2.7972246e-07 2.1811103e-07 1.8627456e-05 0.12124065 1.9346837e-07 6.8376335e-07 0.0017337038 0.0004479571 8.082e-08 0.025847873 4.1505186e-07 1.4612124e-06 0.00015838066 0.001755314 0.0009869692 0.0005486703 2.790143e-05 4.941429e-07 6.1044e-07 3.1290583e-05 0.0005007644 0.00049550226 0.0050030192 1.2761858e-05 0.0028314826 3.5640247e-07 0.002627232 2.1094604e-06 4.797411e-07 3.1508494e-05 3.0049847e-05 1.0332021e-05 0.0011158019 1.8001224e-07 2.130259e-06 4.559688e-05 3.7034047e-06 0.0016992242 2.9560797e-06 4.933688e-07 1.38209725e-05 4.8726274e-06 1.1524249e-08 0.0058487034 9.759744e-09
0.7868234 0.009108117 0.00043139185 0.00074975356 0.00050903903 0.29902568 0.32320145 0.0005921115 0.028758975 3.3512413e-05 6.054193e-05 0.002235537 5.812363e-05 0.968415 9.312458e-07 2.2897952e-06 0.008783791 0.9952764 1.0510012e-16 0.91147375 0.005158208 8.3209034e-07 4.0124635e-07 0.36967745 4.563783e-08 2.352961e-08 0.9447017 8.906935e-08 7.071995e-07 1.9666963e-08 0.5692235 0.31063002 2.9240597e-08 8.64517e-09 3.47048e-08 5.2183605e-08 0.39645505 8.531134e-06 2.6046244e-08 0.0068952697 5.897746e-08 0.006424414 2.656966e-10 2.155619e-11 3.0669173e-10 6.273267e-09 0.0010586721 0.015537477 0.00013161032 1.296949e-13 7.626663e-08 0.00057955115 1.1770067e-09 0.000109553075 1.1373288e-09 0.012228004 6.5259864e-10 8.0383467e-10 3.359159e-06 0.090578794 2.3008615e-09 1.8439519e-09 0.0005723411 3.0790783e-05 2.3050815e-10 0.03051083 3.6210427e-08 4.505317e-08 3.420787e-06 0.0003506895 0.0015514136 0.0004072343 9.778746e-06 1.3893124e-09 2.5521377e-08 5.443172e-07 0.00078711344 0.001263893 0.0016615944 3.903727e-06 0.002356241 9.9537225e-08 0.001346812 2.8832876e-06 6.0053305e-09 1.00907255e-05 6.0796097e-05 1.8516283e-05 0.0016507318 1.1276297e-10 2.330059e-08 2.7230815e-06 2.5411043e-10 0.0009867504 9.77379e-07 1.3476131e-06 3.1066567e-05 1.0665556e-05 8.9102736e-10 0.0014380881 1.0909236e-11
0.5651897 0.009989934 0.0010059095 0.00014559129 3.7965307e-05 0.6660738 0.18732713 0.06038441 0.9830471 6.766489e-06 1.7425984e-05 0.0010107248 4.2985266e-05 0.92472667 8.4612246e-08 1.9401641e-05 0.0016341091 0.66322774 0.91147375 3.406434e-15 0.00026184798 1.5243386e-07 2.1532955e-07 0.03315699 1.3835437e-07 4.947698e-08 0.708467 2.360292e-08 2.1453293e-06 1.2714165e-07 0.28339392 0.2655276 1.8693281e-07 5.407786e-07 1.21712675e-08 2.3495256e-08 0.9752664 1.71844e-06 1.02179115e-07 0.32167682 7.694315e-07 0.41648024 7.506079e-10 2.2737366e-11 5.532665e-09 6.034763e-08 0.2711505 0.7098555 3.1678317e-06 9.286948e-13 5.158532e-07 2.255834e-05 3.330436e-09 2.0677976e-06 1.677005e-08 0.014916533 1.8495921e-08 1.0524984e-07 1.7876576e-07 0.0091671385 5.5562726e-08 4.3461856e-09 2.0941476e-05 0.0073647425 2.5473474e-08 0.017952513 3.4244601e-07 7.2937083e-09 2.32624e-08 0.0033278475 0.0018849395 0.00036364983 2.8785782e-06 2.1583983e-09 2.9299204e-07 1.2577779e-05 0.0015278688 0.0022717358 0.00022315345 0.00019790899 0.00013365 4.1876017e-05 0.00064487313 8.3968174e-05 2.8856586e-08 5.6223445e-05 0.00031172505 0.00019514641 0.0013465256 5.260427e-10 4.7008757e-07 0.00016016829 2.0483617e-09 0.00038459897 1.4718964e-06 7.029459e-05 0.00051473256 3.200349e-05 9.1719243e-10 0.00054194697 3.4002176e-10
0.9955224 0.015936404 0.0064742025 0.5815816 0.69674253 0.017215082 0.3601459 0.00017646325 0.00010614956 0.95400053 0.112855494 0.57729834 0.9650289 0.0536107 0.25968486 0.0007761356 0.8440859 0.016739734 0.005158208 0.00026184798 3.498504e-13 0.26042965 0.78348696 0.44054052 0.11438545 0.026495693 0.01978147 0.18348835 0.0051354864 0.0889682 0.02549354 0.0073017096 0.23181415 0.0023980036 0.067389995 0.0075905747 0.0005566769 0.09740184 0.011098629 3.0367699e-05 0.009749722 9.328458e-05 4.8107984e-05 6.145598e-05 0.0007787736 0.004257961 6.15513e-05 7.826306e-05 0.35785568 5.2135256e-08 0.0015084046 0.3023974 0.0039963084 0.16618864 0.00045943965 0.00034789435 0.0003774352 0.0009889548 0.011101572 0.61565197 0.0002866741 0.00019766038 0.19665097 4.3227146e-07 8.819212e-05 0.015443619 0.0005161923 0.0014910721 0.04330986 5.035064e-06 0.0009846301 0.001222341 0.005168191 7.171406e-05 0.00051292975 0.0037012177 0.0003630917 0.00021416093 0.4173865 3.4914606e-08 0.27037966 6.0557803e-09 0.029640988 4.790973e-09 0.00038952887 4.7425033e-06 5.5585384e-05 2.7697477e-05 0.0006436605 1.6565153e-05 6.1008443e-05 3.5738087e-06 8.716225e-05 0.016577309 1.7692715e-06 3.7625787e-06 9.522035e-06 9.885691e-07 1.604521e-07 0.10745206 2.016949e-07
0.9973263 4.9938924e-05 0.00017209609 0.0010059427 0.0009900732 4.90887e-05 0.00014878229 4.248056e-06 2.905692e-07 0.049026277 0.0043315734 0.0018245591 0.0222253 7.727032e-05 0.78524476 3.5494566e-05 0.00936894 1.6810347e-05 8.3209034e-07 1.5243386e-07 0.26042965 3.7105132e-12 0.8015164 0.01332512 0.9601453 0.6741709 0.00014323366 0.1740755 0.012036465 0.7407612 0.00010854005 2.1217082e-05 0.9274731 0.24582523 0.56771344 0.7082062 1.3614477e-06 0.12163257 0.16966711 1.0554792e-08 0.0026783813 1.4974141e-08 0.013538576 0.010651402 0.5361569 0.0021657897 4.58436e-06 4.0110317e-06 0.15054165 0.0003453912 0.0017004408 0.012899074 0.25096056 0.0030495527 0.0024150293 3.23076e-05 0.01698623 0.5763961 0.0070009227 0.016240751 0.00039842396 0.0012604101 0.0039220625 1.4515817e-06 0.012863633 0.0009850791 0.00017675901 0.0004489097 0.0012736879 2.5545778e-06 7.0470654e-05 2.4311144e-05 0.0016795982 0.000946659 7.458725e-05 9.125705e-05 6.646979e-05 4.510907e-06 0.035290703 2.5520676e-06 0.033502176 1.0526765e-08 0.0011546396 1.3294396e-06 0.00022681119 8.603519e-07 3.7576066e-07 1.1424195e-07 4.9131082e-05 4.8701393e-05 4.523522e-05 7.116044e-07 0.00012228581 0.0003737409 5.0414734e-08 3.0047352e-07 7.044948e-07 4.224571e-08 8.7590344e-08 0.044708595 9.0287506e-07
0.9708993 0.00019639186 0.0001009641 0.052361168 0.049344636 0.00015590168 0.0024005673 4.7897265e-07 7.424528e-08 0.29892647 0.049627647 0.014149532 0.15175533 0.00012203637 0.44612336 9.254919e-05 0.07801804 2.4302035e-05 4.0124635e-07 2.1532955e-07 0.78348696 0.8015164 8.6088195e-13 0.07655649 0.46123427 0.036381178 0.00038017952 0.98245245 0.00079878734 0.95331067 0.00022736235 5.702666e-05 0.86080164 0.009347334 0.8805986 0.31162977 7.938855e-07 0.5060177 0.4348368 1.3132545e-08 0.08268536 2.1616552e-07 0.0016351435 0.00016375576 0.10905233 0.08724139 1.0745558e-05 3.0807317e-07 0.59650606 2.2174912e-05 0.04709311 0.13664106 0.30608812 0.025521832 0.030152887 7.792289e-06 0.12058651 0.06735556 0.12643477 0.24862671 0.01639253 0.014096606 0.035997562 2.2288788e-07 0.007139943 0.0005085356 0.002718143 0.016438197 0.015499842 4.3886067e-07 0.00013923799 0.00020736885 0.010517918 0.0060171643 0.0014506137 0.015359082 2.5790188e-05 9.748039e-06 0.17464982 1.2188807e-06 0.12155581 9.654579e-09 0.0036127993 3.4126245e-08 0.0034518046 1.9062645e-07 2.3718837e-06 9.343861e-07 0.00011050984 0.00027619017 0.00064350804 8.593274e-06 0.0026753948 0.0033066454 6.448843e-08 3.1335617e-07 1.7657721e-06 2.1952932e-08 2.1327193e-07 0.13156438 6.91702e-07
0.9989544 0.37220213 0.19772103 0.40237314 0.504027 0.6193823 0.96616685 0.004378526 0.022744328 0.48610348 0.18866876 0.8264857 0.5184912 0.82788706 0.13089167 0.0021568504 0.84813327 0.79899186 0.36967745 0.03315699 0.44054052 0.01332512 0.07655649 6.031374e-10 0.02950737 0.010967883 0.07969696 0.028031643 0.015062025 0.01773885 0.0408142 0.038596384 0.012573793 0.0015056912 0.0034569043 0.0076370602 0.015029066 0.0037934384 0.0041808346 0.0010405522 0.00062923244 0.001287617 1.0588987e-05 1.1255268e-05 2.5588804e-05 0.00015776604 0.006344492 0.0083310595 0.009441508 3.1070105e-08 0.0007799156 0.02131502 0.00094319007 0.016910836 6.255274e-05 0.0015645697 7.712315e-05 0.00039757433 0.00012451717 0.56231695 5.316351e-05 5.8657424e-05 0.032365408 9.4811716e-05 6.065468e-05 0.020825198 3.6690883e-05 3.6075056e-05 0.0040596034 0.0023517555 0.0020296865 0.00096783973 0.00029294362 1.18695225e-05 0.00017251511 8.703807e-05 0.0005749246 0.0004994131 0.118655436 9.129919e-05 0.070483245 4.4305775e-06 0.039020132 5.8827754e-06 3.5776433e-05 0.00020121913 0.00013207225 7.906381e-05 0.0010909152 1.2410846e-05 4.5703717e-05 0.00010543706 2.4016208e-05 0.03726303 5.4155847e-05 4.7939262e-05 2.8601853e-05 5.862247e-05 3.162382e-07 0.05718552 2.2259835e-07
0.841366 0.0046475255 0.027096743 0.015205434 0.023700818 0.00047845038 0.0032969988 8.959177e-06 9.06051e-07 0.46524194 0.81684417 0.53152543 0.6345447 9.6864445e-05 0.9557316 0.6095542 0.4249618 8.642565e-05 4.563783e-08 1.3835437e-07 0.11438545 0.9601453 0.46123427 0.02950737 2.1089508e-12 0.96906716 1.7096774e-05 0.04713278 0.8039688 0.14392067 6.1963634e-05 9.096896e-06 0.93949234 0.65318495 0.33266547 0.40628886 6.87651e-09 0.015908018 0.0025353062 2.7655873e-09 0.0048165945 2.6857514e-08 0.006278711 0.0153906215 0.069354355 0.0003595781 9.38949e-07 9.580746e-07 0.00036291362 3.017569e-05 0.00021075922 8.532156e-05 0.003539708 5.3178876e-05 1.197032e-05 3.0249133e-05 2.3924811e-05 0.12336878 0.0028905272 0.0039378502 6.6114585e-06 1.5897362e-05 0.00015074066 1.664875e-08 0.0006012025 6.825848e-05 0.00011716677 0.00013614324 4.3432256e-06 1.3481021e-07 1.004463e-05 9.65377e-07 0.00018016122 1.0410801e-05 8.0877413e-07 0.00013793418 0.00011523427 2.5111944e-05 0.0048775556 1.0793495e-08 0.0048461175 1.1834037e-10 0.00042116005 5.7183575e-10 6.0918815e-08 1.34712845e-08 2.6774837e-06 4.3371303e-05 0.00069272023 6.7381023e-10 8.66455e-07 1.5414166e-06 2.1413343e-05 0.0002113659 1.3320562e-08 3.511905e-06 0.00031965287 4.9611455e-08 4.609748e-08 0.0077950256 1.8498955e-08
0.5561408 0.016229054 0.12541176 0.005248016 0.007512975 0.0010396915 0.00360619 0.0004524351 1.6090869e-06 0.22224306 0.7407988 0.50596404 0.44374922 8.960744e-05 0.95032847 0.7383668 0.24136467 3.9024293e-05 2.352961e-08 4.947698e-08 0.026495693 0.6741709 0.036381178 0.010967883 0.96906716 1.0909815e-12 4.2082092e-06 0.0021047813 0.9545127 0.0057525034 4.329322e-06 2.5903897e-05 0.5968497 0.96106565 0.023343833 0.015391268 1.8649418e-08 0.0003760044 0.00016650023 6.733417e-09 0.00012625135 1.1976902e-08 0.0539969 0.14563264 0.022942742 2.4820436e-06 1.189932e-05 2.7059866e-07 6.5936642e-06 0.0004741045 1.77987e-05 6.991494e-06 0.00078551663 6.053185e-06 3.585128e-08 7.9601506e-07 6.1998826e-06 0.045057382 2.0682482e-05 0.00025831407 5.2405234e-08 1.2559577e-06 6.056944e-06 3.688287e-08 0.0009943312 1.1268456e-05 1.1891668e-06 2.7180104e-07 9.793556e-08 1.9517795e-07 2.099849e-07 1.1531049e-07 4.139376e-05 4.5312163e-07 6.517433e-07 1.4780012e-06 3.8060472e-05 5.7263503e-07 0.00024537565 4.1824588e-10 0.00044398307 1.8012333e-09 1.3293642e-05 1.7768753e-10 6.7473405e-09 5.455124e-09 1.4369782e-07 1.693292e-05 2.0566868e-05 7.511586e-12 5.1553593e-07 9.786149e-05 5.346593e-07 1.9121842e-05 8.139901e-09 2.3839878e-07 0.00017546445 1.3588391e-08 5.735655e-08 0.0013216361 5.887276e-10
0.94673556 0.009063142 0.0009991215 0.0016827766 0.0030950797 0.11099025 0.22927003 0.00074965495 0.019393109 0.00032823646 0.000634252 0.003486224 0.00036354113 0.77377975 0.000145422 6.300334e-06 0.007956437 0.9632207 0.9447017 0.708467 0.01978147 0.00014323366 0.00038017952 0.07969696 1.7096774e-05 4.2082092e-06 2.5782385e-13 3.831799e-05 6.4262886e-06 8.722399e-06 0.983967 0.58741534 0.00019839765 2.6914194e-07 1.2990501e-05 3.1764264e-06 0.77515566 6.348026e-05 2.3062473e-06 0.30192286 1.307316e-05 0.14517175 5.377892e-08 8.356379e-09 3.142082e-08 1.2062047e-06 0.08729703 0.13157581 0.0010277625 1.493658e-11 1.75955e-05 0.0045185215 3.0256604e-07 0.00409738 1.8526278e-07 0.11459566 3.3845996e-07 1.05051285e-07 3.7938124e-05 0.47375968 5.330846e-07 1.0224949e-07 0.013116869 0.0061189192 3.6308634e-08 0.07257612 8.87784e-06 2.6704556e-06 0.00071355276 0.03139817 0.0064489706 0.0018753443 0.00013833639 1.6685128e-07 4.867177e-07 2.0074465e-05 0.001975833 0.0025680787 0.04944099 0.00047841342 0.013803401 1.9911122e-05 0.022082077 0.00016144682 8.9727536e-08 0.0005142389 0.0003172176 0.00035222643 0.0023596128 8.858971e-08 1.2478761e-06 0.00022649192 2.2422465e-07 0.018109264 5.0888244e-05 2.2628456e-05 3.930978e-05 7.070782e-05 7.1828348e-09 0.016146779 4.3051124e-10
0.9727476 2.3751447e-05 5.3359504e-06 0.0019074933 0.0014454945 9.056705e-06 0.0003077251 7.3319115e-09 3.5340996e-08 0.016225575 0.0024841004 0.0028819146 0.007080925 1.8031085e-05 0.059267435 8.2477607e-07 0.012141845 4.4857206e-06 8.906935e-08 2.360292e-08 0.18348835 0.1740755 0.98245245 0.028031643 0.04713278 0.0021047813 3.831799e-05 1.02142754e-13 4.4441043e-05 0.9530331 4.4704597e-05 1.6772348e-05 0.220913 0.00023758752 0.7537645 0.2565735 9.084636e-08 0.9112434 0.71531695 5.5366134e-09 0.51928216 1.1709732e-07 7.852271e-05 1.9478607e-06 0.016866786 0.3967126 2.2156532e-06 1.968448e-07 0.6211492 4.6746288e-07 0.14799888 0.082574815 0.32272753 0.02839223 0.17509635 1.0004692e-06 0.27244288 0.028935935 0.3042861 0.022621876 0.17495641 0.06239468 0.024393342 4.1392113e-08 0.010457551 6.51826e-05 0.035278153 0.07707114 0.019121341 3.2940534e-07 9.557543e-06 1.2470464e-05 0.044228576 0.035233323 0.011548703 0.0885721 1.9004226e-06 1.2914527e-06 0.09469071 2.0219979e-08 0.093280405 1.4556391e-10 0.00074895174 2.2199795e-09 0.009038775 3.0350424e-08 1.8761595e-07 7.0837876e-07 3.5533954e-05 0.005279718 0.00063024706 9.244527e-07 0.032956917 0.00064826634 5.0414326e-09 3.9642444e-08 1.0320719e-06 4.862767e-08 2.8170255e-06 0.1378005 1.895504e-05
0.5176307 0.24587406 0.719859 0.0024385569 0.006548607 0.011100477 0.012966181 0.023552572 0.00013202982 0.119159125 0.7051144 0.524515 0.31139934 0.00077758287 0.62539905 0.9672762 0.26898855 0.00047001682 7.071995e-07 2.1453293e-06 0.0051354864 0.012036465 0.00079878734 0.015062025 0.8039688 0.9545127 6.4262886e-06 4.4441043e-05 6.903282e-12 0.0004667413 1.256995e-05 0.00011373371 0.01642487 0.99113226 0.00028000952 0.00034353335 1.3727763e-06 0.00013058675 2.1134341e-05 1.9583956e-06 4.5732188e-05 3.0763265e-06 0.0033013094 0.4686525 0.00038517726 4.6220757e-07 5.293794e-06 1.0192977e-05 1.6961001e-06 0.000116251525 9.882924e-06 6.139415e-06 0.00018780188 3.2583869e-06 3.584287e-08 2.2631799e-05 9.686801e-06 0.0012181273 8.122397e-06 0.00045245365 1.1366034e-07 2.6839888e-07 2.1547842e-06 2.1670105e-06 6.443173e-05 0.00038072304 1.7445747e-06 1.8292821e-08 1.5754814e-08 6.5784766e-06 2.3638323e-07 8.292459e-08 1.2453161e-05 1.5086017e-06 6.0475154e-09 1.7544318e-06 0.00011495403 1.0341281e-06 0.000106815925 2.2615433e-08 0.00010311846 1.9754786e-08 3.0893287e-05 1.4494229e-07 5.3869776e-08 1.25113155e-08 1.8842888e-08 1.511569e-05 0.00017661981 6.760745e-11 1.3803545e-07 5.8593523e-05 1.5882026e-07 1.8958166e-05 7.189689e-09 8.838257e-09 0.00024715584 9.3285815e-09 3.3668915e-10 0.00069263566 2.6310587e-11
0.9428048 3.897178e-05 9.294367e-05 0.0006501922 0.0007690453 3.003999e-05 0.00015197945 4.5636205e-07 1.5871154e-07 0.023203375 0.0036903268 0.008219384 0.030788967 9.010829e-06 0.034356873 6.48909e-05 0.026988858 9.272933e-07 1.9666963e-08 1.2714165e-07 0.0889682 0.7407612 0.95331067 0.01773885 0.14392067 0.0057525034 8.722399e-06 0.9530331 0.0004667413 5.54142e-13 2.6446463e-05 4.27421e-06 0.5565827 0.0013823443 0.9701233 0.35758623 3.0550854e-08 0.45304638 0.91557175 5.625444e-09 0.250262 6.442279e-08 0.0005384919 5.9768554e-05 0.053534005 0.1216929 1.949098e-06 3.9494165e-07 0.03724913 1.128955e-05 0.09443581 0.005508459 0.36497948 0.0011341034 0.085058786 1.12360485e-05 0.2969734 0.13672782 0.063454956 0.008910803 0.025432384 0.023734296 0.0017164903 2.5395856e-08 0.027246475 0.000223406 0.0018413031 0.0069127344 0.00032990795 4.989006e-06 8.5789895e-07 4.3676093e-07 0.011972393 0.020695603 0.00020246803 0.00056670414 5.376985e-06 7.61725e-06 0.014437057 6.8362835e-09 0.018944556 7.13455e-10 0.00022455282 3.2433256e-08 0.00017649877 1.087653e-08 6.003742e-08 1.7107554e-07 0.0001742443 4.5356912e-05 0.00024478804 1.7894084e-06 0.01281512 0.00037350768 2.456066e-07 2.6233096e-07 5.585778e-05 1.0885579e-08 1.0194103e-07 0.12926419 2.150079e-08
0.9485559 0.00084677775 0.00014192222 0.000603325 0.0011827992 0.010706008 0.06430326 1.1138238e-05 0.0014606378 0.00019720492 0.0002794 0.0017834136 0.00020956229 0.27673918 0.00026664906 1.0821096e-06 0.005078254 0.5303042 0.5692235 0.28339392 0.02549354 0.00010854005 0.00022736235 0.0408142 6.1963634e-05 4.329322e-06 0.983967 4.4704597e-05 1.256995e-05 2.6446463e-05 2.2069519e-12 0.98901194 8.060783e-05 1.1965806e-06 1.9061976e-05 2.8118266e-06 0.79971707 0.00022399864 5.1231273e-06 0.38108334 2.0394948e-05 0.20036808 9.946929e-08 1.4268081e-08 8.933166e-09 2.5888005e-06 0.028909553 0.04491442 0.0011584631 9.904241e-11 1.1111735e-05 0.0052538575 1.0285582e-06 0.006266463 1.0791962e-06 0.29851425 2.9411774e-07 6.749342e-07 6.137616e-05 0.6681847 3.4001187e-07 2.5010155e-07 0.017477104 0.006663018 1.8341382e-08 0.14695285 1.359418e-05 1.0074801e-05 0.002369143 0.04708882 0.048723698 0.007136519 4.7188518e-05 1.5244606e-07 5.181258e-06 0.00017550644 0.0052794986 0.010939119 0.08195683 0.0018077344 0.03397487 2.2569917e-05 0.07357162 0.0016905982 1.3525623e-06 0.005881769 0.0012692021 0.0012067421 0.005630176 4.957617e-08 1.6151735e-06 0.0011120884 1.8165114e-08 0.06993467 0.0004964751 0.00010815568 0.0002909706 0.0027748107 1.4916708e-07 0.02427073 7.956985e-09
