7.4430013e-16 0.9976288 0.95714146 0.9989304 0.8753203 0.9820144 0.9898347 0.8957355 0.99866164 0.88916 0.90365875 0.99105686 0.9150302 0.96485555 0.9968369 0.98244494 0.9729964 0.93108994 0.9545896 0.9998452 0.9521542 0.9392101 0.9980108 0.7905548 0.9871066 0.9988766 0.8889478 0.93117845 0.45611057 0.9723156 0.9925518 0.96251386 0.98886096 0.89761543 0.9740275 0.999667 0.9999652 0.67184174 0.6820467 0.9685092 0.9040264 0.56477183 0.41867772 0.9815935 0.90924644 0.9878343 0.83079714 0.75917476 0.6072503 0.9882497 0.858355 0.9521869 0.97984207 0.97425234 0.8094824 0.8683091 0.63334966 0.7669522 0.87692904 0.45545736 0.6555013 0.019235007 0.933673 0.114571095 0.7956901 0.86853886 0.7611279 0.18656105 0.6928694 0.18009087 0.03139309 0.4396947 0.8424877 0.5199863 0.9954084 0.6890389 0.10729776 0.19007565 0.39918777 0.7297939 0.71675473 0.25729492 0.96507597 0.8057804 0.70141935 0.039145805 0.1975911 0.792968 0.026090052 0.26116475 0.012798771 0.4650057 0.22223844 0.72511137 0.011618127 0.020093193 0.001211106 0.95356464 0.0051147724 0.11238486 0.000880517
0.9976288 5.886762e-13 0.93848747 0.79504156 0.8564932 0.9448849 0.7862782 0.30312654 0.0967395 0.68804103 0.63664305 0.8466149 0.27019235 0.3747224 0.107228205 0.26865762 0.16168824 0.15446801 0.2471838 0.024546959 0.24977948 0.7364799 0.53066915 0.19676185 0.43409768 0.059236325 0.07683351 0.14666261 0.05100562 0.03955975 0.009037732 0.046163797 0.16302073 0.016668025 0.017516432 0.009936776 0.024663895 0.033729013 0.01144764 0.01010761 0.0044506686 0.008932363 0.011632334 0.008093826 0.018860785 0.004821151 0.034601238 0.00968955 0.00035971374 0.0081305085 0.006342256 0.00480255 0.0019470648 0.00046585547 0.0030482034 0.00662799 0.0023298985 0.00017147844 0.00033297806 0.0014604513 4.7520538e-05 9.886182e-05 0.0003972533 0.00077085575 0.045219753 0.018670565 0.00035777697 4.6157043e-06 0.00014523295 2.4186871e-05 8.510325e-06 0.00012057655 0.0004241735 0.00032414647 0.00023225143 2.9735662e-05 2.6828013e-05 6.621615e-05 0.024939122 7.832309e-05 0.03122042 2.1203183e-05 1.9754101e-05 0.00016207377 0.0001440541 0.0006880716 7.815611e-05 1.8237664e-05 4.519924e-06 8.387238e-05 0.00013151772 0.012841031 9.874525e-07 0.0018490184 5.105325e-06 0.0004099608 6.131726e-08 0.00010663649 0.00022906167 4.6728823e-05 0.0007427765
0.95714146 0.93848747 1.4602635e-14 0.9561892 0.9922659 0.01662896 0.06689391 0.8564478 0.005083574 0.024435678 0.0022681877 0.069993876 0.89010674 0.0006085556 0.0008608395 0.81000453 1.9491195e-05 0.00018846644 0.096355416 0.009631384 0.0047343923 0.06711109 0.11578294 0.17461008 0.7193432 0.016296778 0.0011395781 0.003559187 0.04229892 3.4303703e-05 6.0597147e-05 7.673266e-06 0.019664101 0.00028160855 0.00034967007 0.00415547 0.0130817285 0.009902795 4.99234e-05 2.294271e-05 4.901376e-07 0.00027695933 0.018648904 9.602003e-05 0.2407766 3.7047557e-05 3.464533e-05 0.07253242 4.5675824e-07 0.0007130525 3.34229e-06 1.4466791e-05 2.5239098e-05 1.6332458e-05 0.0008955678 0.15415408 4.8824322e-08 2.2767476e-06 1.45894e-06 7.680511e-05 9.234715e-06 1.4717068e-06 1.829679e-05 1.0355473e-06 0.24648942 6.626036e-05 8.359184e-07 1.5473705e-07 1.1550305e-06 2.6435467e-07 7.914602e-09 2.1438025e-05 0.00023062079 2.0541768e-06 0.0001628834 4.1372243e-07 5.9628493e-09 1.3197574e-05 0.0045775627 2.0667765e-06 0.30238786 0.00032020782 6.6474263e-06 5.441135e-06 3.035313e-07 8.8687884e-05 4.6897153e-06 6.37461e-05 0.00031214865 2.6453299e-07 0.0016341007 0.15240648 1.04460064e-07 9.197765e-06 9.46385e-06 0.0037829434 5.1091553e-09 5.734807e-06 0.010756088 1.7249826e-05 0.0013283459
0.9989304 0.79504156 0.9561892 2.2925273e-11 0.9314673 0.5373679 0.328605 0.73277223 0.4784984 0.23584285 0.15601045 0.4043698 0.60919213 0.06403127 0.009765127 0.7562419 0.012319539 0.03568844 0.7781689 0.12806343 0.57432723 0.32671484 0.25315487 0.0844422 0.6236681 0.012660843 0.36514908 0.04157434 0.011359838 0.0080204075 0.0009875242 0.0021667588 0.22576827 0.1591157 0.003309832 0.01706021 0.013250386 0.20018959 0.002003325 0.0011328901 0.00016537792 0.0018656703 0.100069106 0.0012435763 0.2933145 0.060139574 0.003930416 0.14779277 3.3448654e-05 0.017213887 0.00071342423 0.036826115 0.021355376 3.8926835e-05 0.0099924635 0.09971095 6.55252e-05 1.8588345e-05 4.0140258e-05 0.010715565 0.0023654008 0.00042757008 0.013936316 0.00024029115 0.091718085 0.28881142 0.00499475 3.4434336e-06 0.00096621114 3.7608531e-06 1.3523778e-06 0.0013637597 0.0010250717 1.47950805e-05 0.00041649124 0.0018599039 2.8024272e-06 0.0005855492 0.0015364488 0.0019223 0.08842712 0.0038824733 4.0062205e-05 6.73724e-05 2.6346775e-05 0.00016364055 0.0005638384 1.9590729e-05 0.0002531968 7.581647e-05 0.0007174518 0.044869807 1.310944e-05 3.3199525e-05 0.00010712759 0.0003152973 5.8977205e-09 4.389611e-05 0.0006557878 8.9762674e-05 0.0002145968
0.8753203 0.8564932 0.9922659 0.9314673 8.314805e-16 0.014375307 0.035284676 0.98537046 0.020964708 0.016349167 0.003245817 0.019157127 0.9589034 0.00087953766 0.0012245912 0.6693745 5.3828364e-05 0.0005813544 0.24637099 0.03287619 0.023732666 0.04676189 0.088262625 0.045707513 0.122394115 0.0127604725 0.02180554 0.00039154358 0.012768878 1.0166018e-05 8.0496444e-05 1.4240846e-05 0.056752708 0.005003444 0.00071332726 0.006619777 0.011356161 0.013226341 5.7951052e-05 6.541787e-05 1.4760967e-06 5.6966757e-05 0.017913142 0.00027738095 0.06524083 0.0018178427 7.098253e-05 0.023851162 5.383678e-07 0.0037513447 6.4526953e-06 0.00041661932 0.0018704511 1.0232393e-05 0.0064494414 0.024283955 6.1406446e-08 4.479022e-06 3.5748176e-06 0.0002585603 1.4399811e-05 4.1182193e-05 6.633797e-06 2.6031805e-07 0.024135627 0.0025144324 5.9908423e-05 1.730635e-08 1.865341e-05 4.914317e-09 4.491398e-09 0.00019297501 0.0014980712 5.777215e-07 0.00030079452 6.125484e-06 3.5367342e-09 1.6249774e-05 7.159877e-05 2.270333e-05 0.036344185 5.215846e-05 9.7281645e-06 1.0127403e-06 1.1593681e-07 1.1263106e-05 8.618434e-05 0.0001012751 6.826336e-05 1.2983638e-07 0.0008022591 0.014599466 4.8838695e-07 2.3858985e-07 4.1708627e-05 0.0001885202 1.0479777e-10 1.0538353e-05 0.0014099044 6.175232e-05 0.00028173963
0.9820144 0.9448849 0.01662896 0.5373679 0.014375307 6.0741744e-16 0.6796837 0.00048889394 6.971178e-05 0.98772097 0.96858877 0.44421515 0.00464395 0.24719353 0.13259636 0.00029969928 0.023838269 0.13710514 2.2596148e-05 0.0015908069 6.9439135e-05 0.111009985 0.11111469 0.32971758 0.051083673 0.07598 1.6462001e-05 0.7459275 0.33494598 0.17706037 0.00038614072 0.00023700525 0.0034942229 8.001246e-06 0.0016880487 0.0037013902 0.05215682 6.3543275e-06 0.0012798015 9.36245e-05 0.00012155121 0.20917498 7.639933e-06 0.00042705762 6.0036997e-05 1.7170058e-05 0.00013980403 3.776599e-06 2.126144e-05 0.00023472885 1.9905654e-05 1.0396191e-06 3.4531364e-05 1.1244034e-05 0.00039491476 0.0001574579 6.8199654e-07 7.0813194e-06 2.3402958e-05 2.8020116e-07 1.5211494e-07 7.722762e-08 2.4819629e-08 0.0085124755 0.01672412 7.1160173e-07 2.9740144e-07 6.665598e-05 1.3253928e-07 0.00071367633 5.7704064e-08 5.4928805e-06 0.00026978093 9.964228e-06 0.00019215465 2.6439112e-08 6.348231e-09 3.4292188e-07 0.022578236 1.2933753e-08 0.0014138691 3.327106e-07 2.3940696e-05 3.316611e-05 9.122059e-07 0.008883075 2.1430013e-07 4.0240677e-05 4.599672e-09 1.0770695e-05 3.1589923e-06 0.00012883478 5.4918403e-09 0.2104011 4.53904e-09 0.000289539 4.433752e-08 7.624099e-05 2.226715e-06 8.290238e-06 0.0063139675
0.9898347 0.7862782 0.06689391 0.328605 0.035284676 0.6796837 4.4446627e-13 0.0036753437 0.00096650136 0.4374173 0.82257044 0.014091739 0.0065863994 0.95235753 0.81734705 0.00021431824 0.916906 0.89922166 0.0004551859 0.0013304969 0.00212007 0.9309008 0.5615354 0.0017643584 0.00046983326 0.19321832 0.00025500578 0.016953766 0.0042337533 0.11811658 0.10772516 0.38222912 0.083633624 0.00040318276 0.02720265 0.002208067 0.09340541 0.00010504203 0.16133134 0.025060661 0.0829738 0.025384013 1.1508792e-05 0.0061138943 2.7943559e-05 0.00026208156 0.823571 1.1893839e-05 0.016594509 0.0028193032 0.3673088 0.00010559415 0.0005091747 0.00050788256 0.0028078686 4.4181284e-05 0.015336841 0.00087673677 0.0079742195 9.049349e-06 6.2213535e-06 1.2795792e-06 9.855498e-06 0.00434645 0.00063130254 0.0005053614 4.2318093e-06 0.0003275251 0.00013142831 0.002135778 0.0010006232 0.00014946963 0.0007545103 0.025359126 0.00020501668 2.8837055e-06 0.0006683647 2.2845932e-06 6.298812e-05 3.473225e-06 0.00015988 1.6098734e-07 2.5234189e-05 0.00066937384 0.001431101 0.00015385295 1.201661e-05 2.9991157e-05 2.1464528e-08 0.014084135 1.0557228e-06 7.72999e-06 4.5279117e-07 0.007194525 1.0311751e-07 1.5709784e-05 6.846603e-06 0.0017611961 1.2223077e-06 0.00012441081 0.00012037732
0.8957355 0.30312654 0.8564478 0.73277223 0.98537046 0.00048889394 0.0036753437 1.0184754e-15 0.03793889 0.0013167171 0.00040582812 0.0020981387 0.9926834 5.3758493e-05 6.1145845e-05 0.89483815 1.0050306e-06 4.5613404e-05 0.8500175 0.021300433 0.05704725 0.004960056 0.010929745 0.0068659713 0.18178517 0.0013098862 0.052847877 0.00023870378 0.003143517 2.0526277e-06 1.9575536e-06 4.369092e-07 0.015242966 0.005719741 1.7621931e-05 0.003254572 0.0037452127 0.10575271 3.7833543e-06 1.8908846e-06 1.13700246e-07 1.737118e-05 0.1699208 8.594938e-06 0.48770964 0.00042930307 4.5252978e-06 0.28361705 7.727227e-08 0.0012722705 3.034277e-07 0.00037793518 0.00046588236 4.5212494e-07 0.001903608 0.19163972 5.8254415e-09 2.0810751e-07 5.048202e-07 0.00047007977 6.8178335e-05 9.205133e-05 2.8472039e-05 6.9509525e-08 0.05158026 0.0023259576 3.497488e-05 3.0911334e-08 3.729839e-06 1.7972019e-08 1.5133257e-09 0.00019226519 0.00054514117 3.9226077e-07 0.00018040967 1.5616886e-05 1.1436895e-09 4.578922e-05 3.1232237e-05 4.2100663e-05 0.08611582 0.008006433 1.39846225e-05 5.2418432e-08 2.6137364e-08 6.944986e-07 3.5210618e-05 5.9631084e-06 0.0017369158 4.1947985e-08 0.0037674247 0.073139586 2.6471795e-07 1.478838e-07 0.000124885 0.0005685199 5.8058386e-10 3.499558e-06 0.0023368136 1.4243238e-05 4.0501636e-05
0.99866164 0.0967395 0.005083574 0.4784984 0.020964708 6.971178e-05 0.00096650136 0.03793889 2.6532819e-12 0.00015662072 3.0523413e-05 0.00020707223 0.012914343 8.837564e-06 6.702039e-05 0.027478844 6.0902465e-07 9.463538e-07 0.9778056 0.46836784 0.10542474 0.002386197 0.011641433 8.2651786e-05 0.006733181 0.005138051 0.8352664 1.0174447e-05 2.2184431e-05 3.3977415e-06 2.5961546e-05 3.7729322e-07 0.023346622 0.064306945 9.939945e-05 0.023045573 0.0055742967 0.91153777 2.1761728e-06 3.0349008e-06 6.989884e-07 5.2113737e-06 0.80434614 3.298879e-05 0.33330253 0.0016136679 7.66763e-07 0.7057988 2.5609796e-07 0.0032097083 2.3627886e-07 0.0005758577 0.0005740143 3.8560228e-07 0.00036184918 0.098652385 1.4441831e-08 4.2887578e-08 6.973807e-08 0.022603303 0.14819294 0.040309254 0.046610456 2.8333125e-06 0.0014378694 0.0017173326 0.00019149078 8.675451e-08 1.6838754e-06 6.6599384e-08 4.1493053e-08 2.8605535e-05 0.00083899096 2.9690352e-09 3.582929e-05 6.857153e-05 3.411765e-08 0.14582375 1.630007e-06 0.00023447469 0.0037191405 0.81823456 1.724114e-05 5.850644e-06 5.952262e-08 2.5913173e-06 6.502918e-05 1.49665975e-05 0.06266426 1.548892e-08 0.020958193 0.01115848 1.644994e-06 2.0306871e-07 0.065973796 1.2788576e-05 8.996901e-08 5.643591e-07 0.00079703645 0.00010856718 2.6543898e-05
0.88916 0.68804103 0.024435678 0.23584285 0.016349167 0.98772097 0.4374173 0.0013167171 0.00015662072 1.4674663e-15 0.9974151 0.30364865 0.0046631442 0.42727122 0.071727835 0.0015470593 0.04003039 0.25487944 9.6187665e-05 0.0014451098 6.089324e-05 0.020125216 0.017430622 0.24433753 0.009153031 0.027981648 5.6644312e-05 0.8163618 0.71862406 0.10896808 0.00021305436 0.00041121675 0.0033056599 2.371023e-05 0.00029452352 0.000857062 0.04957256 3.2648026e-05 0.0029522188 1.981119e-05 7.2495975e-05 0.30221543 2.2628152e-05 0.00014666434 6.555189e-05 3.402299e-05 6.989785e-05 5.7450766e-06 3.477078e-05 0.00018922429 1.5803926e-05 1.1129683e-06 8.152605e-05 4.367207e-06 0.000118861135 3.1155876e-05 4.933904e-07 1.4638528e-06 1.3164917e-05 4.5936254e-06 2.314424e-06 2.0085723e-07 3.328293e-07 0.016221674 0.0014829838 2.5840077e-06 1.5421915e-06 0.00015029781 2.7500755e-07 0.0002708087 9.209623e-08 8.153821e-06 0.00014435308 1.3726501e-05 0.000107939086 8.268406e-08 2.9099336e-08 1.1152528e-06 0.0017632288 5.805922e-08 9.5949545e-05 3.2188856e-07 7.3510787e-06 9.787748e-08 1.2713493e-06 0.002900381 3.775542e-07 6.1940086e-06 1.539018e-08 5.826723e-06 9.869451e-07 7.878242e-06 2.4977105e-08 0.042026717 8.838679e-09 2.912756e-05 3.3308551e-09 9.9342025e-05 9.553815e-08 9.647678e-07 0.0026618857
0.90365875 0.63664305 0.0022681877 0.15601045 0.003245817 0.96858877 0.82257044 0.00040582812 3.0523413e-05 0.9974151 4.5346904e-15 0.036614496 0.0009919269 0.9399914 0.17093858 0.00013151219 0.18516435 0.60573643 7.8008925e-06 0.00022958391 9.085712e-06 0.06188229 0.046808705 0.024212558 0.0016091574 0.049500626 3.0447893e-06 0.7129284 0.26148838 0.38136134 0.0021393974 0.0033947118 0.0017404999 3.0523483e-06 0.0036490308 0.0004017168 0.040808275 1.4117934e-06 0.009902063 0.00018497829 0.0010770875 0.44522044 9.351393e-07 0.0010529589 7.699799e-07 3.4094594e-06 0.0015659353 3.983502e-07 0.00095054036 9.8984456e-05 0.00035763948 6.0999423e-07 1.359977e-05 6.783246e-05 1.348043e-05 2.7364074e-06 6.144761e-05 7.243239e-05 7.055882e-05 8.246105e-08 3.818819e-07 7.0169975e-08 2.7201028e-07 0.052247092 0.0005306762 7.168848e-07 5.189477e-08 0.0019446128 2.8049536e-08 0.002448128 7.5563785e-06 6.899975e-07 3.0390847e-05 6.819875e-05 0.00026523363 5.720447e-08 2.299652e-06 7.208885e-07 0.0003455999 6.548562e-08 6.05622e-05 8.4558366e-08 1.6519434e-05 4.516662e-06 4.921517e-05 0.0052027726 1.4855318e-06 6.354967e-05 1.1504396e-08 7.841974e-05 4.425512e-07 2.333121e-06 3.106714e-08 0.13119751 9.1288195e-09 2.3282466e-06 3.814546e-07 0.00020615145 2.898936e-07 1.6563204e-06 0.0034262442
0.99105686 0.8466149 0.069993876 0.4043698 0.019157127 0.44421515 0.014091739 0.0020981387 0.00020707223 0.30364865 0.036614496 9.6397525e-12 0.009851514 0.002797266 0.01217701 0.0055431975 0.0007611339 0.00065733533 0.00048558853 0.0046158726 0.00017705662 0.0030309788 0.0039358716 0.9945444 0.77154887 0.023541527 1.784047e-05 0.52011216 0.74725926 0.0018351086 0.00021779707 9.623561e-06 0.0011243966 6.042428e-06 0.00019565663 0.0015787743 0.054131065 2.4591738e-05 3.8930993e-05 2.4033754e-05 1.3803506e-05 0.0034882394 3.8054008e-05 6.667314e-05 0.002644707 8.960812e-05 2.841758e-06 9.694725e-05 6.1038904e-06 0.00021772875 3.233619e-06 7.3207925e-06 0.00012296924 9.1034343e-07 6.331955e-05 0.0050459285 6.087514e-08 5.7889043e-08 1.883738e-07 7.194034e-06 3.5126218e-06 2.9616993e-07 1.092362e-08 0.00033292695 0.34959012 1.5950498e-05 3.7168784e-06 3.888101e-07 1.3791773e-08 3.6510428e-05 1.2818424e-08 7.4316716e-07 0.00027704466 6.2676605e-08 9.156173e-05 2.5497247e-08 4.662385e-09 2.359618e-07 0.85649467 1.6314377e-08 0.05853991 9.252999e-06 2.1764767e-05 1.1285119e-06 1.9002014e-08 0.028809488 2.9614029e-07 5.745592e-06 1.4754218e-07 3.0336015e-08 0.00014334108 0.006208895 6.0871014e-10 0.033800095 3.64497e-08 0.029428944 2.0106056e-07 4.4622875e-06 0.00041048485 4.0298208e-05 0.024662074
0.9150302 0.27019235 0.89010674 0.60919213 0.9589034 0.00464395 0.0065863994 0.9926834 0.012914343 0.0046631442 0.0009919269 0.009851514 1.0975072e-13 0.00035997387 0.00029270095 0.972406 2.012296e-05 0.00013971273 0.47442898 0.019779129 0.015882816 0.0028432303 0.0051418743 0.09334935 0.60395217 0.004374847 0.026372796 0.0005520615 0.08149271 4.5874826e-06 8.886633e-06 2.02539e-05 0.004954555 0.0046656085 0.00011393769 0.0031849141 0.0087989755 0.063803524 1.0878808e-05 5.71014e-06 6.456207e-07 4.5530436e-05 0.12988593 1.8839502e-05 0.70670307 8.972391e-05 2.4804001e-05 0.34631082 4.7376096e-07 0.00044577196 1.3965157e-06 2.7833767e-05 8.551617e-05 1.6414195e-06 0.0004118111 0.21702534 4.7863082e-08 1.239324e-06 8.740389e-07 0.00014672829 3.389807e-05 0.00026565487 1.3278575e-05 2.723228e-07 0.12860382 0.0003466542 2.1642802e-06 6.289375e-07 1.662255e-07 1.07565484e-07 1.8229464e-08 2.2074435e-05 0.00011081886 3.92342e-07 0.0001526887 1.5697674e-06 4.7819377e-08 5.7449593e-05 0.0001724595 7.938086e-06 0.19519337 0.00087851903 1.577518e-05 2.7256522e-07 2.7627868e-06 1.3940467e-05 6.3906577e-06 2.9634091e-05 0.0010600596 1.8183823e-07 0.012663113 0.10742916 1.6831022e-07 1.4792294e-06 0.00035813026 0.001770314 6.599765e-10 8.053518e-06 0.0077243205 9.471416e-06 0.00024260065
0.96485555 0.3747224 0.0006085556 0.06403127 0.00087953766 0.24719353 0.95235753 5.3758493e-05 8.837564e-06 0.42727122 0.9399914 0.002797266 0.00035997387 4.8845807e-13 0.7321838 2.0470065e-05 0.9026818 0.987737 4.823871e-06 0.00026540263 2.4120505e-05 0.12775466 0.061866548 0.000730905 0.0002643357 0.16404136 1.2776417e-06 0.104113735 0.007282856 0.91583955 0.002950547 0.366175 0.0012471814 1.2234979e-05 0.0045900038 0.00081292674 0.07295738 7.0010987e-07 0.8135882 0.00017389204 0.11821243 0.2474918 2.1376125e-07 0.001372713 6.579408e-07 1.7106839e-05 0.011754124 3.677661e-07 0.026242396 0.00015400178 0.00045133574 1.0900749e-06 1.9739993e-05 0.00012598747 0.00017824903 3.4668744e-06 0.0024454049 8.261931e-05 0.00016023994 7.1425205e-07 1.091043e-06 2.3951475e-07 6.588767e-08 0.09580416 0.00018206047 1.0778139e-06 3.5669015e-07 0.021136083 2.667891e-07 0.07970847 0.0010059149 3.9596007e-06 3.659018e-05 0.00019465701 0.00021049367 3.39943e-08 4.421926e-05 2.8172751e-06 0.00014335269 9.9714704e-08 1.9312422e-05 1.9389338e-07 3.7583883e-05 4.265909e-05 4.0352894e-05 0.001726081 6.8501686e-06 4.034139e-05 5.177245e-09 0.0010651966 4.7997224e-07 1.652461e-06 2.6814686e-07 0.15070772 7.461467e-08 4.569916e-06 7.832933e-06 0.00039798403 5.760015e-08 8.874734e-06 0.000396009
0.9968369 0.107228205 0.0008608395 0.009765127 0.0012245912 0.13259636 0.81734705 6.1145845e-05 6.702039e-05 0.071727835 0.17093858 0.01217701 0.00029270095 0.7321838 2.0840838e-11 0.00020145107 0.94329315 0.7788116 9.533602e-06 0.00019002397 0.00010235951 0.82467455 0.22278988 0.00033766608 0.0019014969 0.3075205 1.12062025e-05 0.02720908 0.0007108438 0.6395202 0.25347573 0.9484517 0.0013375251 1.7463133e-05 0.060454335 0.00045106834 0.06616171 9.236443e-06 0.47616148 0.10170713 0.8521056 0.008715989 4.5021393e-06 0.006349885 7.4436815e-05 9.019012e-06 0.79001814 2.1883567e-05 0.30617175 0.000211787 0.4549967 4.845874e-06 1.1309399e-05 0.0022681975 3.7868143e-05 4.1168332e-05 0.257955 0.0007515289 0.019312982 4.700165e-06 1.8947438e-06 4.6276227e-06 4.6829664e-06 0.0073090317 0.00053467747 6.585391e-05 2.3878254e-06 0.01389921 1.8532808e-06 0.011121383 0.003083364 2.0229277e-06 3.5400015e-05 0.0248988 0.0005257251 3.3102717e-07 0.005543803 1.1927303e-05 0.00019409829 1.7105695e-07 5.6770918e-05 4.7450027e-07 6.146484e-05 0.0010110526 0.020030024 8.340488e-05 2.3275586e-06 9.0248854e-05 1.937443e-08 0.020412799 3.235232e-06 5.146508e-05 1.0821865e-07 0.021215364 2.4874475e-07 7.5008647e-06 8.531269e-05 0.002140287 5.125402e-07 3.7063e-05 9.973578e-05
0.98244494 0.26865762 0.81000453 0.7562419 0.6693745 0.00029969928 0.00021431824 0.89483815 0.027478844 0.0015470593 0.00013151219 0.0055431975 0.972406 2.0470065e-05 0.00020145107 1.2441067e-12 1.3405988e-06 2.5693253e-06 0.42295682 0.058704488 0.0016690141 0.0006808045 0.0011526532 0.053666618 0.904964 0.0038176088 0.003846575 0.0016203985 0.018486507 8.114592e-06 6.812035e-07 3.458897e-07 0.00047174637 0.00018081308 1.8749406e-06 0.0029204276 0.007971805 0.061853796 4.7817507e-06 1.6287524e-07 4.2402238e-08 3.7688722e-05 0.19013649 1.19067764e-07 0.97076005 1.4316722e-05 3.6127867e-07 0.6293481 3.6336896e-08 8.23711e-05 4.5694186e-08 1.7239126e-06 2.26508e-05 1.4947659e-08 1.3179288e-05 0.8533055 9.89945e-10 3.0356446e-08 9.2129966e-08 5.5351888e-05 3.2915228e-05 2.2154769e-05 2.9423377e-06 1.7891365e-05 0.6876413 6.307197e-05 5.809143e-07 6.886056e-08 7.36137e-08 3.2185096e-06 3.2977687e-09 4.0904243e-07 0.00043440209 6.156218e-08 2.3613718e-05 9.855093e-08 1.18673205e-08 4.1064854e-05 0.0048238575 3.2895488e-07 0.73048097 0.013289306 1.024114e-05 4.926668e-07 2.343631e-08 3.8425434e-05 3.2122541e-06 5.317263e-07 0.0041825357 4.298965e-07 0.04029624 0.5637968 2.9053693e-08 3.267735e-06 3.7560734e-05 0.013055264 9.449725e-10 5.496127e-07 0.021612812 9.844399e-07 0.00012352626
0.9729964 0.16168824 1.9491195e-05 0.012319539 5.3828364e-05 0.023838269 0.916906 1.0050306e-06 6.0902465e-07 0.04003039 0.18516435 0.0007611339 2.012296e-05 0.9026818 0.94329315 1.3405988e-06 2.2253292e-13 0.96531785 2.4592393e-07 1.68935e-05 6.386527e-06 0.1768333 0.08277175 0.000107973065 4.847513e-05 0.1611019 2.1415038e-07 0.06057495 0.00090396585 0.8056102 0.01868208 0.95675397 0.00060052203 4.7355496e-07 0.020316804 0.0003456642 0.037293114 8.480937e-08 0.88608545 0.0028474904 0.77276504 0.06634551 7.3529364e-08 0.0019775769 7.205384e-08 4.830247e-06 0.22732073 5.2153086e-07 0.4064698 0.0001571733 0.032277685 7.2609924e-07 4.918432e-06 0.0007255392 0.00011545173 8.590501e-07 0.23247148 0.00064194924 0.0011665862 2.76937e-07 1.3455525e-07 2.8160434e-07 4.744697e-08 0.04519722 3.3602984e-05 7.4193787e-07 2.228052e-07 0.071009114 1.696337e-07 0.10329745 0.006289085 9.433613e-07 4.676118e-05 0.0038917894 0.0006533259 1.4938803e-07 0.0013829805 1.504517e-06 4.522996e-05 1.6577337e-07 1.2309732e-05 4.849115e-08 0.000101117985 0.00058453047 0.0015716027 0.00050325104 6.711271e-06 0.00016859885 4.9930486e-09 0.06300216 4.9387955e-07 7.8402344e-08 3.697747e-08 0.06635048 4.7450683e-08 2.191248e-06 0.00010731953 0.00076110667 7.0703734e-08 3.215155e-05 0.00010685719
0.93108994 0.15446801 0.00018846644 0.03568844 0.0005813544 0.13710514 0.89922166 4.5613404e-05 9.463538e-07 0.25487944 0.60573643 0.00065733533 0.00013971273 0.987737 0.7788116 2.5693253e-06 0.96531785 2.1703047e-12 9.635587e-07 4.621318e-05 1.479374e-05 0.08126643 0.04625278 0.00032109712 6.4872394e-05 0.13992365 1.6400943e-06 0.021160804 0.0040240833 0.8715199 0.0056368886 0.8318708 0.0010856817 1.140977e-05 0.005198215 0.00021050614 0.06888929 2.418079e-06 0.9605763 0.00047265735 0.4620276 0.13341412 8.9994364e-07 0.001046936 3.169338e-07 3.982756e-06 0.21690632 9.4263646e-07 0.14141513 3.1109976e-05 0.005924883 6.8802365e-07 3.833117e-06 0.0002712949 4.6769565e-05 7.437813e-07 0.057009913 0.00058472925 0.0003690726 1.3894219e-06 8.4280975e-07 5.355498e-07 3.1312317e-07 0.06782605 5.181592e-05 6.398146e-08 1.0116393e-07 0.07050293 2.828654e-07 0.054287184 0.008569995 1.3585556e-06 1.12714015e-05 0.00081967347 0.00024912664 8.028808e-08 0.0011988428 3.0396975e-06 1.9570823e-05 1.6857224e-07 2.2233273e-05 5.8747414e-08 4.0444702e-05 8.0907186e-05 0.0012179391 0.0005425259 4.500242e-06 0.00013380813 8.92346e-09 0.010753136 1.5338024e-07 3.6282344e-07 1.0991803e-07 0.050730396 3.4023503e-07 1.127118e-06 1.8502742e-05 0.00041031773 2.1908425e-08 8.239958e-06 0.00023254375
0.9545896 0.2471838 0.096355416 0.7781689 0.24637099 2.2596148e-05 0.0004551859 0.8500175 0.9778056 9.6187665e-05 7.8008925e-06 0.00048558853 0.47442898 4.823871e-06 9.533602e-06 0.42295682 2.4592393e-07 9.635587e-07 2.59974e-12 0.31480116 0.6437298 0.005209396 0.020657578 0.00033605724 0.027512027 0.0013797762 0.91806984 1.3541905e-05 0.00012435316 3.7901887e-07 1.0486787e-06 5.72385e-07 0.03168731 0.1829194 3.7968857e-05 0.008217417 0.0045737424 0.9806339 2.0273939e-07 1.5966957e-06 5.3851902e-08 2.1888359e-06 0.91696566 1.727279e-05 0.5009261 0.003074803 2.463414e-06 0.7693081 4.2201332e-08 0.0052157915 8.055641e-07 0.00036771697 0.001802605 3.6565166e-07 0.001677401 0.09996839 6.6325283e-09 6.311673e-07 1.3603687e-07 0.030194273 0.049410257 0.036032334 0.09802307 1.9738347e-06 0.0072267074 0.020152658 0.00019911132 6.3634394e-07 3.401141e-05 3.4505388e-07 2.1865083e-09 0.0007631501 0.002075602 1.3630861e-06 9.7201e-05 0.00011433063 9.1415525e-10 0.054138284 7.7840417e-07 0.00027281087 0.031692464 0.6054731 3.885655e-05 4.211769e-05 2.8294457e-08 1.0138646e-07 4.194697e-05 5.8849957e-05 0.025685685 2.053122e-07 0.0066384966 0.07940469 4.0840357e-07 7.804571e-09 0.02129925 8.3197614e-05 6.845561e-09 2.4597095e-06 0.011565704 0.0004575256 1.0108191e-06
0.9998452 0.024546959 0.009631384 0.12806343 0.03287619 0.0015908069 0.0013304969 0.021300433 0.46836784 0.0014451098 0.00022958391 0.0046158726 0.019779129 0.00026540263 0.00019002397 0.058704488 1.68935e-05 4.621318e-05 0.31480116 2.784438e-11 0.97614956 0.004778829 0.03014605 0.00019101072 0.019631261 0.003208738 0.82045245 0.0003551735 5.9761427e-05 0.00012353662 8.730317e-05 1.3207433e-05 0.22046937 0.83848906 0.000102322905 0.045499135 0.012084114 0.13630764 6.419952e-05 5.8026155e-05 1.1278595e-05 2.5477448e-05 0.023983136 1.9551124e-05 0.040140424 0.20187537 7.1526533e-06 0.0287534 2.9627715e-06 0.015512471 5.0535077e-06 0.19487035 0.022306362 2.43472e-05 0.0014609757 0.0058718156 1.2233269e-06 9.450595e-07 1.8138466e-05 0.3168012 0.29444772 0.008864347 0.8006575 2.556051e-05 0.0018769436 0.268075 0.013393293 1.4765839e-06 0.00014258873 5.387178e-06 3.849031e-07 0.00055672147 0.0013651014 8.643883e-07 0.00014345362 0.008555169 2.0951593e-06 0.066306844 5.6304816e-06 0.05062867 0.0014774812 0.028824577 1.839289e-05 6.7678766e-06 2.9176684e-07 3.5502637e-06 0.0032179223 2.4210523e-05 0.0005146107 8.510814e-07 0.00021075117 0.0062458436 6.268555e-05 7.46258e-07 0.0034276873 2.6916532e-05 2.4844223e-07 1.8530952e-06 0.00016351919 0.00019586721 0.00010737429
0.9521542 0.24977948 0.0047343923 0.57432723 0.023732666 6.9439135e-05 0.00212007 0.05704725 0.10542474 6.089324e-05 9.085712e-06 0.00017705662 0.015882816 2.4120505e-05 0.00010235951 0.0016690141 6.386527e-06 1.479374e-05 0.6437298 0.97614956 2.9245852e-11 0.018244302 0.08576097 0.00010041962 0.00013120002 0.009891191 0.9345094 7.957903e-07 3.3558375e-05 1.8776587e-06 8.10113e-06 3.474915e-06 0.33738914 0.9757852 0.0008169011 0.052485704 0.013714405 0.14280935 1.9488025e-06 2.836588e-05 1.6525761e-06 2.0114632e-05 0.020656584 0.00052416214 0.00050685793 0.27146524 4.3620144e-05 0.0030043274 1.6968465e-07 0.06921326 3.8029484e-05 0.4983041 0.038001247 1.5251907e-05 0.030134114 0.00022884615 2.758015e-07 1.4861517e-05 7.349347e-06 0.15606965 0.10371334 0.011699343 0.3635405 6.03681e-07 3.6250975e-05 0.9294315 0.03996487 3.1487826e-07 0.0040100776 1.9120071e-07 1.0648013e-07 0.009640454 0.013296438 9.988623e-06 0.0011608618 0.3572824 2.3985788e-07 0.0033524162 4.3922114e-07 0.1858795 0.00015993643 0.0010306478 0.0008282925 0.00016702298 3.0985684e-06 3.3848514e-07 0.035788927 0.0011306278 0.00016844166 1.1937835e-06 9.979172e-05 0.0001675728 0.0011533475 2.1471436e-07 0.0008483672 1.1923021e-06 3.3299997e-08 2.357794e-05 7.634213e-05 0.0024886294 1.9898773e-06
0.9392101 0.7364799 0.06711109 0.32671484 0.04676189 0.111009985 0.9309008 0.004960056 0.002386197 0.020125216 0.06188229 0.0030309788 0.0028432303 0.12775466 0.82467455 0.0006808045 0.1768333 0.08126643 0.005209396 0.004778829 0.018244302 2.2440815e-11 0.9935844 0.0005102303 0.00076548185 0.36620846 0.007243903 0.0018506837 0.0003810447 0.007784172 0.4978666 0.090593375 0.5861387 0.0022349167 0.92217976 0.0062410566 0.105392806 0.00064774195 0.014107794 0.86983943 0.03465913 0.00095366617 0.00011595125 0.6853205 0.00016085377 0.021268647 0.55830073 4.430208e-05 0.003235717 0.10671688 0.47052094 0.0059400056 0.026440552 0.044989567 0.11575779 3.22865e-05 0.024658753 0.017219681 0.09303904 2.0028245e-05 1.1321723e-05 1.0202197e-05 1.2254224e-05 1.1431029e-05 0.0001644014 0.0065439935 0.0015017568 6.4095484e-06 0.0048513776 4.1509862e-05 0.00040385098 0.00058221247 0.004942698 0.030214796 0.0120725725 8.2649894e-05 0.00050599314 9.630248e-07 6.581818e-07 3.1265467e-05 0.00015065126 8.270768e-09 0.0018506775 0.02778044 0.0037008221 5.201463e-06 0.00022881539 0.0027340264 2.8618427e-08 0.0030180812 3.9850067e-07 1.0007454e-05 3.01175e-05 0.00033603303 1.9230102e-07 1.1162023e-07 6.2047034e-06 0.13420135 1.7921879e-07 0.00216683 1.0083693e-05
0.9980108 0.53066915 0.11578294 0.25315487 0.088262625 0.11111469 0.5615354 0.010929745 0.011641433 0.017430622 0.046808705 0.0039358716 0.0051418743 0.061866548 0.22278988 0.0011526532 0.08277175 0.04625278 0.020657578 0.03014605 0.08576097 0.9935844 7.03204e-09 0.00090257975 0.00036390984 0.6786604 0.0088942135 0.0016301852 0.0005001545 0.004359015 0.19077614 0.038464658 0.7603378 0.005138463 0.7649683 0.030267669 0.49004328 0.0016992938 0.0066566025 0.39529994 0.010424538 0.0016139658 0.00018659007 0.57280356 0.00017803715 0.08949566 0.22274986 7.690223e-05 0.0009792508 0.41758797 0.2062999 0.025879715 0.109889925 0.0360558 0.21647127 0.00045570952 0.017978355 0.0036355502 0.06454782 0.0005513525 3.1325173e-06 1.9334204e-05 0.00036067434 6.0084534e-05 0.0014610098 0.07810835 0.009834562 2.9218688e-06 0.03189008 1.0958414e-05 0.000109707486 0.0037200504 0.009892648 0.013687403 0.13974212 0.0025596283 0.00043599127 7.2424234e-07 1.6914313e-05 0.00025156135 0.0005110818 5.779067e-07 0.030670965 0.03015894 0.0035231165 3.6340746e-06 0.0014073246 0.026694583 1.1556061e-07 0.003119661 8.695365e-06 3.6411013e-05 1.888105e-05 0.00095170696 6.961089e-08 9.003879e-06 9.989427e-07 0.22106488 6.442193e-08 0.003164509 8.369758e-06
0.7905548 0.19676185 0.17461008 0.0844422 0.045707513 0.32971758 0.0017643584 0.0068659713 8.2651786e-05 0.24433753 0.024212558 0.9945444 0.09334935 0.000730905 0.00033766608 0.053666618 0.000107973065 0.00032109712 0.00033605724 0.00019101072 0.00010041962 0.0005102303 0.00090257975 3.7524725e-14 0.88369167 0.0009541087 2.6185982e-05 0.41260037 0.9948275 0.0001352685 1.2061299e-06 1.0011339e-07 0.00024311738 2.933446e-07 1.4719196e-05 7.054529e-05 0.0039736037 1.7922e-05 4.660512e-06 2.894618e-07 7.2519134e-07 0.00491172 7.271803e-05 1.3631015e-06 0.0055926703 5.515468e-06 7.945872e-08 4.2425196e-05 2.2619842e-07 1.6998381e-05 2.1577164e-06 1.721138e-06 1.1025862e-05 3.732055e-08 2.6276917e-05 0.003355527 7.621598e-09 3.166051e-07 6.5648175e-07 7.6245537e-06 2.6444081e-06 7.314529e-07 1.0662676e-09 0.00021324887 0.57939005 2.8599152e-07 5.265861e-07 2.8955154e-05 2.779639e-07 3.7197399e-06 4.307858e-09 2.235137e-05 0.0001775556 4.128191e-07 4.6541983e-05 3.961729e-07 7.007548e-10 9.642219e-06 0.7615538 4.3597957e-08 0.07069868 1.0001272e-05 2.5580837e-06 1.0053886e-05 3.5889918e-09 0.01098778 1.2919348e-05 2.6580627e-05 1.1322657e-06 2.8515026e-07 0.0015147973 0.0141995335 3.4327002e-07 0.008264721 1.001397e-06 0.06988989 3.406128e-08 5.7238714e-05 0.0082848165 7.457068e-05 0.11560847
0.9871066 0.43409768 0.7193432 0.6236681 0.122394115 0.051083673 0.00046983326 0.18178517 0.006733181 0.009153031 0.0016091574 0.77154887 0.60395217 0.0002643357 0.0019014969 0.904964 4.847513e-05 6.4872394e-05 0.027512027 0.019631261 0.00013120002 0.00076548185 0.00036390984 0.88369167 1.6556621e-13 0.011249168 5.1806284e-05 0.034016967 0.5859807 1.984746e-05 2.0437472e-05 1.2469067e-06 0.00057338754 1.2267705e-05 3.37281e-05 0.0059774714 0.10416895 0.00056004495 4.8387164e-06 1.3253999e-06 8.847264e-07 0.00048965524 0.0056565795 4.782412e-06 0.34645185 0.00010917884 1.9180634e-07 0.012318851 4.444778e-07 0.0002659763 1.0342869e-06 3.5619812e-06 6.286317e-05 2.765327e-07 9.32913e-06 0.25972432 6.5467605e-09 9.0688985e-08 5.260716e-07 2.7979264e-05 2.1373375e-05 2.5983154e-06 8.384302e-07 2.091142e-05 0.9848271 3.8708286e-06 6.8840166e-07 1.1469833e-06 2.5333833e-08 5.463736e-07 1.0135838e-08 1.9360912e-06 0.002007568 3.459544e-07 0.00021764716 2.6806427e-07 2.4199222e-08 2.5066292e-05 0.63032955 2.554601e-07 0.77195823 0.00039226588 5.5514287e-05 2.8216098e-06 1.0509592e-08 0.0008876909 1.8464747e-06 1.0124414e-05 0.00018801837 2.4980821e-08 0.026518939 0.51554346 7.589162e-09 0.00017944841 5.011017e-06 0.20938523 3.2429095e-09 9.598437e-06 0.18765207 5.112134e-05 0.011637744
0.9988766 0.059236325 0.016296778 0.012660843 0.0127604725 0.07598 0.19321832 0.0013098862 0.005138051 0.027981648 0.049500626 0.023541527 0.004374847 0.16404136 0.3075205 0.0038176088 0.1611019 0.13992365 0.0013797762 0.003208738 0.009891191 0.36620846 0.6786604 0.0009541087 0.011249168 1.8296918e-10 0.0020533062 0.027960474 0.0005220561 0.20249347 0.9522607 0.5550174 0.021142116 0.00484253 0.9450527 0.004439943 0.8356481 0.00033980104 0.05471798 0.91590995 0.3409209 0.0031828065 7.6746684e-05 0.74506336 0.0009713212 0.0052436683 0.6915949 0.0008510539 0.043926407 0.01263285 0.6732931 0.0071633677 0.009806811 0.33628598 0.0019050791 0.0021486569 0.2222584 0.12438654 0.43997097 0.00048362394 9.2252136e-05 5.311116e-05 0.0004892573 0.0009887955 0.0023999002 0.011694423 0.0024582804 0.0012431499 0.0019320425 0.0017261945 0.00055810926 0.0003905525 0.0014388172 0.12350575 0.046262838 0.00019603634 0.0062447386 7.717877e-05 0.0001630391 0.00031876971 0.0015839319 1.2421087e-05 0.014135296 0.02511999 0.18901783 0.00020635761 0.00026877323 0.014164883 5.856279e-07 0.048957262 1.030429e-05 0.00042539023 4.266027e-05 0.0099569 1.2253785e-06 1.3162858e-05 0.000115189105 0.13013326 2.2724332e-06 0.0019772563 3.1438947e-05
0.8889478 0.07683351 0.0011395781 0.36514908 0.02180554 1.6462001e-05 0.00025500578 0.052847877 0.8352664 5.6644312e-05 3.0447893e-06 1.784047e-05 0.026372796 1.2776417e-06 1.12062025e-05 0.003846575 2.1415038e-07 1.6400943e-06 0.91806984 0.82045245 0.9345094 0.007243903 0.0088942135 2.6185982e-05 5.1806284e-05 0.0020533062 7.323396e-14 8.26333e-06 9.539058e-06 5.5241117e-06 1.95141e-06 1.0496982e-06 0.060080674 0.9757936 2.338047e-05 0.011931001 0.0038901416 0.9368492 3.0311492e-06 8.939116e-07 2.5462316e-07 3.9378046e-06 0.5362972 1.6921153e-05 0.010430947 0.0120391045 2.8918643e-05 0.03213087 3.4694062e-07 0.0072879493 2.5801824e-05 0.00760135 0.0039731394 2.5803152e-07 0.004714264 0.000539935 6.086481e-08 1.1338373e-07 4.445796e-07 0.85239154 0.7283315 0.7278153 0.85510916 8.51176e-08 0.000121030345 0.09254452 0.005462239 1.3690169e-07 0.00019027675 2.2550617e-07 1.12744e-07 0.0011166502 0.002343134 4.3544503e-07 0.00017353949 0.006024911 2.1946652e-08 0.15890591 1.5379682e-07 0.052033074 0.00016378825 0.18231373 2.6955267e-05 1.5458742e-06 4.998805e-07 1.1154086e-07 0.0025765384 0.00018379188 0.0029929571 8.840335e-08 0.0030732905 0.00021266032 1.9514242e-05 1.9336552e-08 0.07463895 7.118627e-08 1.1833935e-08 0.00030183303 0.00016908176 6.50319e-05 1.8300872e-07
0.93117845 0.14666261 0.003559187 0.04157434 0.00039154358 0.7459275 0.016953766 0.00023870378 1.0174447e-05 0.8163618 0.7129284 0.52011216 0.0005520615 0.104113735 0.02720908 0.0016203985 0.06057495 0.021160804 1.3541905e-05 0.0003551735 7.957903e-07 0.0018506837 0.0016301852 0.41260037 0.034016967 0.027960474 8.26333e-06 1.1100939e-11 0.97438765 0.5415197 0.0004265437 0.00031507158 0.0001145026 3.4809796e-07 0.00014559698 0.00032123493 0.11084755 1.9527654e-06 0.0010149134 2.1339984e-06 0.0011350882 0.9728037 7.1881777e-06 4.192549e-05 1.4622628e-05 2.7713104e-06 4.785284e-05 2.5032847e-05 0.0009606963 1.5168717e-05 8.992333e-05 5.265208e-07 7.127006e-07 7.1351295e-08 5.733284e-07 0.00020981385 1.608085e-06 1.5949858e-07 1.3384565e-06 1.0378648e-06 6.0053594e-07 6.3177104e-08 2.0593355e-08 0.58642095 0.0141953435 1.557836e-07 5.0110333e-07 0.0065832026 7.934706e-09 0.03097795 3.8391754e-06 1.0936823e-07 6.922606e-06 4.0186624e-06 0.00020453919 1.9498398e-08 8.042449e-08 3.3822814e-06 0.5291007 2.760868e-07 0.0005714524 1.3688165e-06 1.6054397e-05 1.8285651e-06 1.1850329e-07 0.71383446 2.9292528e-07 2.5855916e-05 3.9591743e-08 8.9254263e-07 0.00012741398 2.2248205e-05 2.0517477e-09 0.95721686 2.8047182e-08 0.005396002 4.560547e-06 0.00015427299 7.538237e-05 4.136244e-06 0.65684366
0.45611057 0.05100562 0.04229892 0.011359838 0.012768878 0.33494598 0.0042337533 0.003143517 2.2184431e-05 0.71862406 0.26148838 0.74725926 0.08149271 0.007282856 0.0007108438 0.018486507 0.00090396585 0.0040240833 0.00012435316 5.9761427e-05 3.3558375e-05 0.0003810447 0.0005001545 0.9948275 0.5859807 0.0005220561 9.539058e-06 0.97438765 8.164751e-16 0.005741263 4.8028883e-06 5.299969e-05 0.00022625703 1.7035196e-06 8.481221e-06 1.5147192e-05 0.0025903638 3.2709326e-05 6.107294e-05 5.1652853e-07 2.9094704e-06 0.228327 0.00027840363 8.6824e-07 0.0036870358 3.726593e-06 6.6156654e-06 6.517328e-05 4.075183e-06 4.850683e-06 3.246919e-06 7.570299e-08 6.859452e-06 8.11646e-09 9.651745e-07 0.0022281448 1.677261e-08 2.1489472e-08 6.870994e-08 5.6270704e-07 4.894451e-08 5.0277924e-07 4.220389e-09 0.041635856 0.64206135 9.009178e-08 6.973688e-08 0.00025516708 3.2663496e-09 7.043411e-05 8.501457e-08 2.501729e-07 6.2598297e-06 4.397461e-08 3.1862703e-05 6.782531e-08 1.2069319e-08 3.3812075e-06 0.9010781 9.63672e-08 0.028314373 9.44197e-08 3.6409e-07 4.2688185e-07 7.60397e-09 0.4336914 2.6219666e-07 3.4350826e-06 9.714021e-07 5.4641e-09 0.006254263 0.009278706 2.4946858e-09 0.26389045 1.0362078e-05 0.37559998 4.950846e-10 3.4561213e-05 0.013883286 2.5600043e-06 0.88619196
0.9723156 0.03955975 3.4303703e-05 0.0080204075 1.0166018e-05 0.17706037 0.11811658 2.0526277e-06 3.3977415e-06 0.10896808 0.38136134 0.0018351086 4.5874826e-06 0.91583955 0.6395202 8.114592e-06 0.8056102 0.8715199 3.7901887e-07 0.00012353662 1.8776587e-06 0.007784172 0.004359015 0.0001352685 1.984746e-05 0.20249347 5.5241117e-06 0.5415197 0.005741263 2.996219e-11 0.006741106 0.01570804 0.0002767824 4.2032884e-06 0.00146985 0.0003390816 0.22810638 2.2405618e-07 0.1106812 4.0180552e-05 0.10240865 0.98830426 3.5033997e-07 0.00011723975 1.5546442e-06 1.7103755e-05 0.00045419027 1.381701e-06 0.07420157 2.3679152e-06 0.00066011574 1.2392059e-06 3.5988203e-06 6.6952634e-06 5.1675156e-06 1.0914234e-05 0.00069217116 5.053214e-06 1.3285125e-05 2.3937012e-06 6.3436596e-06 7.7321545e-07 3.8500575e-06 0.8467396 2.1808004e-05 1.5949287e-06 1.3809351e-05 0.3328615 7.8925225e-08 0.94701517 0.00090692856 1.3449893e-07 4.0700443e-06 2.7014483e-05 0.00012555148 1.3273074e-06 1.40411785e-05 1.7093922e-05 0.0013755141 3.5930518e-06 2.4078909e-05 1.6945909e-05 2.9332937e-06 8.5831954e-07 4.7070844e-05 0.015050695 1.000494e-06 3.1429474e-05 1.8822556e-08 0.00028619278 1.0738223e-07 3.4193923e-09 2.2628246e-08 0.7646701 1.9154848e-08 6.9698845e-06 0.00012568073 0.00013424452 6.322107e-09 3.1613054e-05 0.000994298
0.9925518 0.009037732 6.0597147e-05 0.0009875242 8.0496444e-05 0.00038614072 0.10772516 1.9575536e-06 2.5961546e-05 0.00021305436 0.0021393974 0.00021779707 8.886633e-06 0.002950547 0.25347573 6.812035e-07 0.01868208 0.0056368886 1.0486787e-06 8.730317e-05 8.10113e-06 0.4978666 0.19077614 1.2061299e-06 2.0437472e-05 0.9522607 1.95141e-06 0.0004265437 4.8028883e-06 0.006741106 1.7087443e-08 0.20006466 0.00060833275 5.8980836e-06 0.6732881 0.00179992 0.44043905 3.2125865e-07 0.010328627 0.73380196 0.25113392 0.00020604278 3.3142678e-07 0.12335498 4.687533e-06 2.9753817e-05 0.9687908 6.2926956e-06 0.03205402 0.00044531687 0.9759746 1.6510647e-05 9.098565e-05 0.017398851 5.1078358e-05 5.0545852e-05 0.24378309 0.009880051 0.20336336 1.2068158e-06 1.60405e-05 1.9386835e-06 6.386893e-06 5.5711535e-05 6.1344785e-05 1.51909235e-05 9.096913e-06 0.00063641137 4.102913e-06 0.00028624627 0.0013520536 4.8650445e-06 4.603367e-05 0.69556326 0.00090438843 2.0665624e-07 0.026636692 0.00015527404 2.7992528e-05 1.9309905e-06 0.00010738064 2.5896104e-06 0.0001312964 0.001010893 0.8925145 1.6301261e-05 4.626634e-06 0.00022612135 8.751018e-08 0.6400329 1.3082407e-06 1.4533846e-05 5.936977e-08 0.00020266138 1.458134e-07 1.9377849e-06 0.00067103276 0.009736393 2.2100323e-07 0.00014206753 7.0268416e-06
