1.4700738e-12 0.9852031 0.9001875 0.96954083 0.94453204 0.85394436 0.85937846 0.8749304 0.5703666 0.9035802 0.8177882 0.25505498 0.3803125 0.9697667 0.98302776 0.10377545 0.9094985 0.98452675 0.9655726 0.90594774 0.94514495 0.004411729 0.006959928 0.8429199 0.96374273 0.91110545 0.9137618 0.9943216 0.9688965 0.02547278 0.9627889 0.97011906 0.092418596 0.95876527 0.07854604 0.98750573 0.9043474 0.16224083 0.010365784 0.9974856 0.70689744 0.947047 0.619592 0.9044602 0.99963826 0.9343913 0.9083395 0.9774395 0.95512986 0.84886944 0.89448637 0.9524979 0.83785623 0.9867982 0.94512755 0.8713078 0.8270103 0.9632547 0.9643358 0.9830631 0.9955095 0.9841104 0.3960802 0.29538694 0.9862624 0.14201605 0.99329966 0.54350185 0.812467 0.0004986811 0.28933227 0.98983264 0.27619556 0.9992648 0.9955489 0.0014187358 0.08427502 0.8784465 0.8124497 0.1167195 0.5148616 0.68325037 0.9853436 0.0004435226 0.69366974 0.9999762 0.8733581 0.3625899 0.96002054 0.4189556 0.6870448 0.9765589 0.24543235 0.0036227289 0.9895015 0.35842717 0.0732674 0.74445444 0.99209785 0.658738 0.88457227
0.9852031 1.2830481e-12 0.812623 0.6161291 0.44120124 0.13922796 0.031507708 0.98279387 0.9347204 0.7031985 0.78942245 0.51679695 0.052989963 0.20324977 0.1878884 0.42182633 0.11820056 0.62535965 0.027699502 0.0051865242 0.00028204208 0.016099596 0.04944046 0.008425105 1.13022725e-05 0.27594903 0.00025769992 0.15552029 5.9938706e-05 0.0008210362 0.010347324 0.0012472332 0.010666279 0.00010400357 2.467078e-05 0.008845776 7.83924e-06 3.9490515e-05 3.10103e-05 0.41977894 2.2223214e-06 3.5119402e-07 9.867084e-06 0.00043330464 0.083490066 4.2149673e-05 0.000996999 0.0010752873 1.1579481e-07 0.00063778146 0.00029911136 2.60192e-05 2.3608236e-06 3.5954017e-07 0.0031833043 6.0363695e-06 3.5917383e-05 0.00037459942 6.0626342e-05 1.7668408e-07 0.0006006411 0.027115518 0.0002896072 2.0258129e-05 0.002734497 6.6156107e-09 0.0021197333 1.9792452e-09 1.4648876e-06 2.739444e-08 5.110993e-07 2.199903e-05 6.5584936e-06 0.1398852 0.0004866001 1.2634908e-09 6.0404524e-08 6.8033216e-07 1.4316456e-06 4.1009176e-08 6.8014407e-07 4.4240714e-06 5.1540126e-05 3.0824596e-09 4.6285363e-06 0.095936455 1.3626285e-08 1.2814958e-07 0.0012908351 1.7484819e-08 3.5268286e-07 2.5054584e-05 6.8675443e-09 1.0256568e-08 0.006633026 2.0952339e-07 5.6450813e-09 4.6932314e-08 0.00016002386 3.5042056e-05 0.0024623936
0.9001875 0.812623 4.85142e-11 0.97932494 0.73242795 0.8896567 0.39838648 0.93734574 0.8255017 0.09561195 0.3890881 0.9625188 0.6550778 0.01835324 0.01618454 0.5744819 0.008613524 0.19007494 0.093434565 0.011251898 0.002489731 0.31499022 0.12287884 0.0011772203 0.00043571068 0.1754609 1.6699725e-05 0.033712484 1.4059334e-05 0.07639303 0.001309958 0.00014344678 0.0069874492 0.0002474568 0.001480936 0.009051835 4.853892e-05 0.0009139505 0.00452304 0.31040633 4.066733e-05 1.228935e-06 4.446504e-05 0.0002978134 0.014439184 4.3604364e-06 0.00013045219 0.00036052114 2.936798e-06 0.0007220886 2.0976235e-05 1.3456591e-05 1.435924e-06 1.1168647e-07 0.0017347018 4.0847312e-06 6.038526e-05 3.3337063e-05 4.551776e-05 1.3315102e-06 0.0007487178 0.0049518817 0.00014394273 0.00017066549 0.00062111777 1.6218037e-07 0.00096514885 6.54574e-08 1.0800632e-06 1.02205234e-07 4.930889e-07 3.244856e-05 5.281034e-07 0.043059647 0.0004945361 6.5258876e-10 6.6373275e-08 4.4119115e-06 4.789205e-07 1.0610244e-07 2.0914968e-07 1.476462e-07 8.068223e-06 2.4147491e-08 2.713545e-07 0.031133477 6.642825e-08 2.0989788e-08 0.00055854215 2.1078002e-09 1.3203057e-06 2.0325027e-05 1.1164641e-11 8.807579e-09 0.00089569256 3.0473066e-07 9.460203e-10 4.627302e-09 3.9274855e-05 2.2363054e-05 0.00036791095
0.96954083 0.6161291 0.97932494 1.2092701e-09 0.92597127 0.95409966 0.74759364 0.5330652 0.18578812 0.008339009 0.015894111 0.5651841 0.6800204 0.0026889401 0.0019364476 0.0462503 0.003834587 0.14077352 0.2118224 0.05291782 0.0067518023 0.049095765 0.005991854 0.001961708 0.007827139 0.014597544 3.6107613e-05 0.006826855 9.264558e-06 0.18185546 0.0015947305 0.00016195634 0.00071522774 0.000112411566 0.02052129 0.023160458 0.0003778885 0.0072104135 0.029415714 0.72797817 0.0005802065 8.592725e-06 0.0001809238 0.0005823763 0.008636157 3.749792e-05 0.00036158733 0.0009111205 0.00011729836 0.00033585317 0.00018252028 4.4230736e-05 5.057635e-06 7.923436e-06 0.0060735345 3.8416827e-05 0.00010437777 0.00021243613 0.00015991401 1.0873986e-05 0.0014147445 0.0043086023 9.925443e-05 0.00051256176 0.00075377664 7.781462e-06 0.002768496 4.4857777e-07 3.1905315e-06 3.2600826e-07 6.087804e-06 9.891246e-05 1.4154611e-05 0.1265549 0.000707981 3.8271008e-08 2.605473e-07 1.2717416e-05 2.7137587e-06 3.0380195e-06 4.56344e-06 1.5263903e-06 4.42677e-05 1.1797275e-07 1.2785808e-05 0.0984357 5.342026e-07 1.20550085e-08 0.0014070519 4.1231917e-08 7.5041344e-06 0.0001101311 5.5800906e-09 3.6403412e-07 0.0042920527 1.377983e-05 1.3668349e-08 6.7427027e-07 0.00040922215 6.416004e-05 0.001962991
0.94453204 0.44120124 0.73242795 0.92597127 2.3144318e-16 0.7170911 0.9893151 0.042780645 0.014878629 0.0009959607 0.0022591746 0.037954044 0.4029903 0.003877036 0.0022390564 0.0026421684 0.0007935824 0.7841294 0.9020821 0.80810314 0.102286994 0.0022586887 0.00021748575 0.0002568037 0.049387265 0.00016021091 3.894965e-06 0.025628565 2.289542e-06 0.0018617111 0.007946229 0.00024240499 4.494214e-05 1.1002232e-06 0.0058847205 0.5568864 0.004561565 0.023164373 0.0005325409 0.8597863 0.0012352085 0.000115851326 0.0010107455 1.0479308e-06 0.013523341 1.2328222e-05 0.0016451848 0.0061795274 9.376139e-05 4.4910157e-06 0.0006904653 9.573374e-07 8.251702e-07 7.857795e-08 0.11358148 6.9798983e-07 1.9318905e-07 0.00087579375 0.0015583985 2.7490794e-05 0.02167983 0.057353538 4.3926034e-06 0.0012277344 0.0064045265 2.6475698e-06 0.039213315 1.0914438e-06 4.3105584e-07 1.490131e-07 1.3076181e-08 2.2195498e-05 1.0233906e-07 0.19615245 0.004257123 6.132863e-11 5.352518e-10 6.357883e-05 1.959586e-06 2.9673993e-05 1.5670341e-07 1.6874619e-06 2.1377371e-05 6.0295285e-08 3.1209356e-06 0.08972069 4.958135e-07 1.2086314e-05 0.0037367463 8.8148647e-07 1.196645e-05 0.0006009574 4.0113443e-10 1.4368541e-10 0.0086093275 7.5543426e-07 5.9628545e-11 4.259571e-09 0.00047873336 0.00028369465 0.011215366
0.85394436 0.13922796 0.8896567 0.95409966 0.7170911 2.6221743e-09 0.92785186 0.09482084 0.018416904 0.00046093154 0.0011053008 0.5492501 0.99474823 0.00016667657 0.00015651023 0.015957415 0.00030653796 0.015483768 0.4624608 0.045266505 0.0073873536 0.09515608 0.0023848237 0.00028621216 0.014052566 0.0010067781 2.6164353e-06 0.0011474867 2.7168403e-06 0.24100609 9.692608e-05 3.8339014e-05 0.00034727348 6.1574688e-06 0.05867751 0.0075849197 0.00029910167 0.041371353 0.04429974 0.4780898 0.00072177773 5.374616e-06 0.00014763362 2.7378315e-05 0.0017843569 2.2032593e-06 6.0547176e-05 6.295274e-05 4.4164557e-05 7.982326e-05 1.7890205e-05 3.914956e-06 3.7049534e-07 2.076172e-06 0.0011878316 3.0806657e-06 1.3442186e-05 1.5356012e-05 4.023918e-05 1.4939617e-05 0.00030307245 0.00028667846 1.3538652e-05 0.0025813011 9.1936396e-05 4.506525e-06 0.00049015676 1.268444e-06 9.114015e-07 9.938902e-07 7.71163e-07 2.5254123e-05 5.4819407e-07 0.033929087 0.00033893276 2.1662179e-09 3.273093e-08 2.0888836e-05 3.5988921e-06 8.995317e-07 3.7332516e-06 1.0795699e-06 3.0947501e-06 1.124929e-07 3.1999625e-06 0.020546604 3.7223143e-07 7.829773e-08 0.00014972943 3.1537244e-08 5.747828e-06 4.579569e-05 3.222161e-10 3.547974e-07 0.0011785373 3.0963427e-05 1.4964253e-09 6.5486466e-07 5.026843e-05 0.00011328824 0.00061688694
0.85937846 0.031507708 0.39838648 0.74759364 0.9893151 0.92785186 2.1312204e-15 0.004416911 0.0020300583 8.428098e-05 9.457458e-05 0.03876696 0.9510644 0.00016762633 9.394209e-05 0.0007025194 3.4459812e-05 0.13957427 0.9148621 0.8666742 0.38978916 0.0115851825 9.301744e-05 6.0821734e-05 0.22531164 3.5267162e-06 1.1993802e-07 0.003030233 2.006717e-07 0.0069953767 0.00058060366 1.2971893e-05 8.9783525e-06 9.85102e-07 0.030740738 0.22836801 0.00821016 0.10491465 0.002294188 0.6832701 0.006700902 0.0007721743 0.006200555 9.195966e-08 0.0009707655 4.6275497e-07 0.00013795446 5.0087165e-05 0.00094138464 8.016808e-07 1.7034052e-05 2.6440838e-07 8.3957e-08 1.0547748e-08 0.0064035677 1.1663119e-06 7.768426e-08 1.0452356e-05 0.0009287585 0.00012703336 0.008800138 0.0028539228 1.3275081e-07 0.0033701125 0.0004535002 1.7555087e-05 0.0035948893 2.3558228e-05 1.9582077e-07 5.037838e-07 5.807821e-10 8.817484e-06 1.23900845e-08 0.073954776 0.0036595364 2.3038542e-11 1.3449063e-10 6.79514e-05 1.8401066e-07 1.6201078e-05 2.5610664e-08 9.341637e-08 1.2291999e-06 2.8606436e-07 7.8588585e-08 0.08394858 2.18489e-06 6.2330705e-06 0.0009643511 8.6099715e-07 1.2001559e-05 0.0006261269 9.351066e-12 2.941458e-07 0.0028594504 9.882709e-06 1.4302091e-11 1.24150175e-08 3.0047842e-05 0.00069468014 0.0018188857
0.8749304 0.98279387 0.93734574 0.5330652 0.042780645 0.09482084 0.004416911 7.0678276e-11 0.9824295 0.19800922 0.58186716 0.7521168 0.026188282 0.12968224 0.09918626 0.8503038 0.02912744 0.15582895 0.0064499523 0.0020492687 0.000268113 0.045088317 0.3385753 0.0054502445 2.9366258e-05 0.66797197 0.00029714307 0.046594102 9.36646e-05 0.0031742721 0.0014181512 0.000796571 0.064760804 0.00027885643 4.5107965e-05 0.00090926024 1.3835031e-05 3.8208957e-05 9.740162e-05 0.07166878 2.4923127e-05 1.9325935e-06 8.2879895e-05 0.0018215148 0.033522192 3.540592e-05 0.00016826653 0.00022736189 1.7875043e-07 0.0026001588 2.851802e-05 0.0001459835 1.3589916e-05 1.099131e-05 0.00055034994 2.8869676e-05 0.0006680856 7.317544e-05 3.1071013e-05 2.2524537e-06 0.00017901375 0.0010571622 0.004667905 2.7608865e-05 0.00025296345 7.017988e-08 0.000280785 7.7484934e-08 0.00017576976 2.0193568e-07 9.44026e-06 3.1049505e-05 3.1784853e-05 0.036018774 0.00034609533 1.0133109e-05 2.1973756e-06 1.5318685e-05 1.50542055e-05 2.0892353e-06 5.9938448e-06 1.4169427e-05 0.0002535015 2.8396545e-07 2.8277638e-05 0.029564742 1.0995996e-07 6.727964e-08 0.0009316812 2.3195764e-08 1.4160889e-05 0.000111284746 3.1406475e-10 2.6958227e-05 0.0014685357 3.6046786e-05 2.354676e-08 5.3910535e-06 8.3130515e-05 0.00017512523 0.0011871172
0.5703666 0.9347204 0.8255017 0.18578812 0.014878629 0.018416904 0.0020300583 0.9824295 2.353646e-13 0.67590195 0.97368747 0.74811554 0.04448197 0.18914932 0.17794597 0.9547367 0.09758983 0.19865689 0.004260821 0.0006765454 2.5688882e-05 0.017000435 0.2649173 0.018115457 3.7728657e-06 0.30592406 0.001008264 0.034124672 0.00011389641 0.00012093516 0.0041332874 0.00056535675 0.062106196 0.00012376327 5.187409e-06 0.0010287805 2.8587482e-07 9.875392e-07 1.2607189e-05 0.013448887 1.9731362e-06 8.773547e-08 4.6511345e-06 0.00019642166 0.030089594 2.6947557e-05 0.000111720095 6.860096e-05 3.4922465e-08 0.0009270595 1.2963348e-05 1.3941519e-05 3.8489598e-06 1.4241301e-06 0.00036673044 2.6184796e-06 2.600109e-05 1.5762173e-05 1.0359715e-05 4.160027e-08 0.000144568 0.0035175753 0.00052523724 2.942889e-07 0.00027591456 3.0185527e-09 0.0004318547 7.221477e-09 7.4744294e-06 5.1079006e-08 3.1829808e-07 5.1471043e-06 5.278758e-07 0.006356062 4.699966e-05 2.6519716e-08 5.664952e-08 3.9307187e-07 2.1444866e-06 3.2667795e-09 5.993741e-08 8.61508e-07 6.32944e-06 7.488152e-09 6.485764e-08 0.00451041 3.1537123e-08 1.8284553e-08 0.00018385814 6.6693677e-09 3.5660713e-07 3.6061692e-06 1.5919244e-10 4.878904e-08 0.00013481402 1.4349424e-06 3.9969328e-10 4.9156228e-08 5.0243434e-06 4.515488e-05 9.702855e-05
0.9035802 0.7031985 0.09561195 0.008339009 0.0009959607 0.00046093154 8.428098e-05 0.19800922 0.67590195 1.02827345e-16 0.9942416 0.005951 3.994687e-05 0.8649735 0.8408245 0.091169775 0.96873933 0.54696107 0.00061716174 0.00020737975 3.0730628e-06 0.00018802339 0.025457177 0.2398913 6.132884e-08 0.41629326 0.019957928 0.26419324 0.0029001527 4.339971e-06 0.025782559 0.015015749 0.06538596 0.0021599855 6.094346e-08 0.00034853045 1.2574666e-08 5.035333e-08 1.189439e-06 0.04014839 4.9097476e-08 1.3748725e-08 1.2244561e-07 0.0017939 0.15416084 0.0012452026 0.0010088965 0.0008905366 6.7582104e-09 0.0019321468 0.00040128853 0.00015096451 6.7819004e-05 3.65121e-05 0.00046542517 8.20675e-05 0.0005313439 0.00047880437 1.6389817e-05 3.7476486e-08 7.311887e-05 0.017331343 0.0020001354 1.1195072e-07 0.0032522 6.0679173e-10 0.0010847512 3.6620476e-09 0.000290309 3.24207e-08 1.3175379e-05 3.444197e-05 3.6899746e-05 0.037733674 4.2401818e-05 5.6942963e-07 1.152392e-06 1.00518825e-07 7.926127e-06 5.3171384e-10 7.404556e-07 1.3354068e-06 0.00019002304 1.9327988e-09 3.624456e-06 0.03150643 2.239638e-08 3.315714e-08 0.002507098 1.2806156e-08 1.7231121e-08 5.6503715e-05 3.534671e-09 4.0991327e-07 0.0039839037 3.0894378e-05 1.7845396e-08 1.0451961e-06 0.00030047257 2.3450186e-05 0.0033140944
0.8177882 0.78942245 0.3890881 0.015894111 0.0022591746 0.0011053008 9.457458e-05 0.58186716 0.97368747 0.9942416 7.2039124e-12 0.14363745 0.00095460564 0.59905 0.6840881 0.71058357 0.6562526 0.252002 0.0019101248 0.000326805 1.8000763e-05 0.0008762402 0.21391827 0.17876588 1.0805555e-06 0.7711066 0.0087691285 0.20281135 0.0012849311 5.194072e-06 0.005747028 0.004727721 0.2894786 0.0015283927 4.4155001e-07 0.00070060714 3.128587e-07 1.0542303e-07 2.656556e-06 0.029949503 1.4112267e-06 4.6600206e-07 2.5603877e-06 0.002700672 0.15885793 0.00034858997 0.00027545082 0.0003364454 1.3395348e-07 0.0034648702 5.6887766e-05 0.0002655191 7.0966424e-05 1.8497962e-05 0.00041772478 0.00010426625 0.0006176201 0.00012362891 2.1753e-05 2.9120768e-08 0.00011067363 0.0041352347 0.0018669358 3.9178897e-07 0.00067156286 5.707311e-09 0.00039830335 1.0250154e-08 0.0001522516 4.594343e-08 1.5577974e-05 4.8275735e-05 1.2556805e-05 0.026513064 3.4662713e-05 2.1488297e-07 9.181442e-07 2.639647e-07 6.9219327e-06 2.649934e-08 4.827288e-07 4.5481744e-07 7.578698e-05 2.5270501e-09 4.3062996e-06 0.015150662 3.986856e-08 7.183935e-08 0.00076223764 1.0603158e-08 2.1807172e-07 1.6510947e-05 1.9810119e-10 1.1115968e-06 0.0004527748 2.2660955e-05 1.6363296e-09 1.3018472e-06 8.269523e-05 0.00013368722 0.00040527835
0.25505498 0.51679695 0.9625188 0.5651841 0.037954044 0.5492501 0.03876696 0.7521168 0.74811554 0.005951 0.14363745 6.4801736e-12 0.77000105 0.002122784 0.0007300547 0.98520005 0.0018876173 0.0053347545 0.0034031656 0.00065914856 3.529346e-05 0.9598371 0.9185655 0.0007821874 0.00013652419 0.15860887 8.535578e-06 0.0001832018 4.560634e-06 0.013225231 1.1182663e-05 1.5168834e-05 0.03463231 7.278717e-06 0.0007748454 7.663537e-05 1.2107708e-06 0.00034220077 0.0021283189 0.0016433769 0.0001574947 2.0763748e-07 7.1756026e-06 4.3134907e-05 0.0004342064 1.1285389e-06 6.6541365e-06 2.4382045e-06 1.2984128e-06 0.00037467445 3.5910358e-07 8.481936e-07 9.685937e-07 3.6448515e-08 2.854692e-05 2.1545231e-06 6.2995528e-06 3.046458e-07 6.1653845e-06 1.6883656e-07 1.9853309e-05 1.490623e-05 0.00016210145 7.587397e-05 3.723449e-06 1.5592822e-07 3.6834736e-05 2.1431266e-08 4.0278917e-07 3.4860025e-07 6.17036e-08 1.0626565e-06 5.0736347e-08 0.0014313897 9.3213475e-06 1.5584904e-08 6.514316e-08 4.3803945e-07 1.6071591e-06 3.3720857e-09 3.6792727e-08 7.884289e-07 4.8832266e-07 5.782181e-09 1.8360326e-07 0.0012965637 3.7591872e-07 2.827293e-08 1.5065056e-06 1.1151989e-09 1.9071803e-06 1.07561384e-07 1.1180133e-11 7.991053e-09 1.3724616e-05 1.081255e-05 4.1639048e-10 4.104729e-08 2.0388548e-07 1.3751866e-05 1.02197255e-05
0.3803125 0.052989963 0.6550778 0.6800204 0.4029903 0.99474823 0.9510644 0.026188282 0.04448197 3.994687e-05 0.00095460564 0.77000105 6.201274e-11 6.0085913e-05 3.0891817e-05 0.185465 2.425101e-05 0.0028735523 0.15906166 0.051829044 0.010070235 0.93256825 0.118106134 9.1328446e-05 0.58046776 0.0003593374 9.317388e-07 0.00016869568 2.1488715e-06 0.8309232 1.6913618e-05 2.560506e-05 0.0004993764 7.2641687e-06 0.5827907 0.0027241597 0.0005530973 0.852832 0.5966576 0.036891382 0.071801595 2.3391565e-06 0.000109801906 5.0853773e-06 0.0004835501 3.2487077e-07 1.1394122e-05 2.646373e-06 0.00035985836 2.283858e-05 1.18108396e-07 1.0874753e-05 2.2163601e-07 2.1399568e-08 0.00014677053 2.2601055e-06 2.4477507e-07 3.330503e-07 2.620317e-05 2.469325e-06 0.00032816324 0.000652512 1.9457173e-05 0.44229743 5.6385827e-05 5.9759454e-06 6.453782e-05 7.099763e-07 1.0667677e-06 8.547593e-06 3.6538914e-09 2.168625e-06 2.8914549e-08 0.016185485 0.00014582349 3.615173e-10 3.503876e-08 1.2555626e-06 8.448626e-07 8.729643e-09 3.3768313e-08 2.0284264e-07 2.1844776e-06 1.2897102e-07 4.1850586e-07 0.010822467 8.819137e-07 3.1030662e-08 1.769912e-05 5.3556437e-10 3.4313798e-06 9.2508947e-07 1.1422081e-11 2.055714e-07 0.00012802091 0.000105602296 1.8669692e-09 1.5010086e-06 1.8325368e-06 4.9284732e-05 6.5099724e-05
0.9697667 0.20324977 0.01835324 0.0026889401 0.003877036 0.00016667657 0.00016762633 0.12968224 0.18914932 0.8649735 0.59905 0.002122784 6.0085913e-05 1.1892851e-13 0.96770215 0.011435186 0.97000813 0.88109815 0.0005587262 0.0002956173 1.3055927e-05 1.2021906e-05 0.0045306208 0.7892265 3.6413408e-07 0.74521446 0.41270676 0.80684936 0.11498159 6.55397e-07 0.23481372 0.29567105 0.10071169 0.107859164 2.84807e-07 0.0030820912 2.4262042e-07 5.5672865e-07 6.0033847e-07 0.123491734 1.2940601e-06 9.8843664e-08 2.9792022e-06 0.09468757 0.45320508 0.012402884 0.0059689265 0.012838777 4.4893536e-08 0.12050773 0.0045354646 0.0320467 0.0013453332 0.00031184425 0.006201864 0.006490944 0.01963068 0.0061381743 3.1844444e-05 1.6493278e-08 0.00038553466 0.08993097 0.056207098 1.2788912e-06 0.023881605 4.958465e-09 0.006273831 8.4522006e-10 0.0089832395 4.8667008e-08 0.00074281695 0.00012116812 0.00093978795 0.28303468 0.00027125198 1.1590873e-05 5.1183048e-05 2.5268238e-07 4.3584594e-05 1.5716167e-07 1.041393e-05 9.351773e-06 0.00016346603 5.1921076e-09 5.8621276e-06 0.15089832 2.5622342e-08 7.163411e-08 0.0034002394 4.301333e-08 7.634085e-08 2.263291e-06 2.7226412e-07 1.0225925e-07 0.0024092793 2.4285956e-07 9.731398e-07 1.0767465e-06 0.0016501084 4.6540404e-06 0.0027701138
0.98302776 0.1878884 0.01618454 0.0019364476 0.0022390564 0.00015651023 9.394209e-05 0.09918626 0.17794597 0.8408245 0.6840881 0.0007300547 3.0891817e-05 0.96770215 4.835544e-13 0.007743541 0.93857455 0.9092809 0.00028422868 0.0003558657 1.0738735e-05 7.806296e-06 0.0020976837 0.7483298 4.7913164e-07 0.7029192 0.3706277 0.81883353 0.093827926 5.609432e-07 0.29708704 0.25122595 0.045350656 0.14916973 4.2810734e-07 0.0027719662 5.968829e-07 4.410277e-07 3.8683473e-07 0.0834894 5.8579155e-07 1.1567176e-07 4.0469145e-06 0.042514976 0.3649639 0.012058615 0.01386469 0.0124289915 3.434932e-08 0.035398073 0.004606646 0.03132342 0.0013323042 0.00026031226 0.006801549 0.0051083886 0.017901972 0.006141211 3.555636e-05 2.615881e-08 0.00028011127 0.10384899 0.03287515 2.150846e-06 0.020062061 1.21511565e-08 0.0054911347 5.965918e-10 0.0063394266 1.3478629e-07 0.001044068 0.00013469682 0.0024594213 0.1916804 0.00023465724 4.3387295e-06 4.319913e-05 3.4572386e-07 7.8944315e-05 8.973404e-08 3.7122074e-05 1.7484947e-05 0.0002909698 3.6870496e-08 5.330711e-06 0.10179138 2.4514662e-08 2.0040758e-07 0.0050481376 1.877586e-07 2.7246384e-07 1.3617523e-05 3.6314625e-06 1.3260776e-06 0.010682781 6.479146e-07 9.000429e-06 4.0505597e-06 0.0015171713 1.0802232e-05 0.004072341
0.10377545 0.42182633 0.5744819 0.0462503 0.0026421684 0.015957415 0.0007025194 0.8503038 0.9547367 0.091169775 0.71058357 0.98520005 0.185465 0.011435186 0.007743541 2.6936796e-14 0.01722906 0.011318026 0.0005844903 8.835005e-05 2.5232612e-06 0.26274976 0.9818749 0.0047071436 1.458876e-06 0.3415358 0.000245789 0.0007380987 2.5534855e-05 0.00031224306 7.415722e-05 9.072494e-05 0.21495415 6.897976e-05 4.5745774e-06 2.49476e-05 1.04835316e-07 3.1866588e-07 3.074319e-05 0.00041184452 1.0078256e-06 6.207048e-08 9.728047e-07 0.00011539219 0.0018010592 2.5868408e-06 3.789399e-06 5.0890644e-06 1.281065e-08 0.000425097 1.2346654e-06 2.1784797e-06 8.126864e-07 1.0180523e-07 5.232593e-06 1.3554858e-06 1.0710363e-05 6.707237e-07 2.0380646e-06 3.9090553e-09 5.445028e-06 9.051502e-05 0.00014171879 6.374807e-08 8.075136e-06 1.0275659e-08 1.4704843e-05 5.5170557e-10 4.1094136e-06 2.192452e-08 1.3280151e-08 1.0852483e-06 8.4889635e-08 0.00031246676 8.5942287e-07 3.745562e-08 2.4451758e-08 2.158177e-08 1.2035538e-06 5.2394783e-10 3.277346e-09 4.999725e-07 2.0456423e-07 2.4061583e-10 3.770089e-08 0.00033328528 9.414649e-09 1.2830678e-08 1.1066414e-06 1.2055111e-10 1.8985376e-07 8.806539e-09 5.199466e-11 4.3506912e-08 2.9105054e-06 6.870221e-06 6.7949024e-10 6.898636e-08 1.1036822e-07 9.290254e-07 2.391027e-06
0.9094985 0.11820056 0.008613524 0.003834587 0.0007935824 0.00030653796 3.4459812e-05 0.02912744 0.09758983 0.96873933 0.6562526 0.0018876173 2.425101e-05 0.97000813 0.93857455 0.01722906 2.410106e-12 0.4779077 0.00041158262 0.00015952255 3.981286e-06 2.1560512e-05 0.01196531 0.9526718 3.118798e-07 0.65111274 0.30465445 0.53693616 0.05505111 2.9505102e-07 0.04404442 0.089721516 0.04682594 0.04066014 2.1283599e-08 0.00040625446 4.1682632e-08 1.7753957e-09 1.3491245e-07 0.029795896 5.994271e-07 1.4442101e-07 2.0288677e-07 0.010969206 0.5394372 0.007270656 0.003495594 0.0020178603 5.128888e-09 0.010061337 0.00140215 0.0029958738 0.0016404134 0.00041055336 0.0011809715 0.00043595553 0.001932097 0.0010501349 1.1818897e-05 5.5711286e-08 4.4202778e-05 0.034164276 0.003387526 3.6344225e-09 0.0059411325 1.009599e-09 0.0017200987 1.0756354e-09 0.00045150882 1.995351e-09 0.00015704609 0.00023920764 0.00041540313 0.097090796 6.5679073e-06 3.5935574e-07 3.1887855e-06 2.2041115e-07 3.618024e-05 3.3156868e-09 2.8864324e-06 4.7768575e-05 0.0006029066 5.4073035e-10 1.1992499e-05 0.058555365 4.264621e-08 1.8562974e-07 0.0024499008 9.2733343e-10 1.206479e-07 2.27968e-05 1.4149947e-08 1.831105e-07 0.0060014273 1.8708184e-06 6.5070856e-07 8.5136725e-07 0.00034841365 9.300946e-05 0.0023971235
0.98452675 0.62535965 0.19007494 0.14077352 0.7841294 0.015483768 0.13957427 0.15582895 0.19865689 0.54696107 0.252002 0.0053347545 0.0028735523 0.88109815 0.9092809 0.011318026 0.4779077 4.9307986e-15 0.15932326 0.09732241 0.010310769 3.7382557e-05 0.0005693784 0.3463997 0.00016807759 0.030432278 0.2426795 0.94387823 0.05387306 1.1986473e-05 0.92318666 0.59251374 0.0018429151 0.0018095005 1.2032077e-05 0.55384105 0.00010333473 2.5547436e-06 1.1549433e-06 0.55042976 1.2764658e-05 1.4832263e-05 9.8572615e-05 0.0009921592 0.35067877 0.04423559 0.32079068 0.32764384 1.997955e-06 0.0007479385 0.025715036 0.0014725543 0.0029994647 0.00038376433 0.36259598 0.002394257 0.0005087185 0.0178929 0.0003770264 8.482203e-07 0.009091103 0.28031677 0.0002349349 5.4894977e-06 0.062355552 2.809694e-07 0.10103989 6.670211e-08 8.680149e-05 3.733741e-09 5.4199914e-05 0.00063666486 9.711576e-05 0.34998813 0.0014645825 1.0754368e-08 1.0296957e-06 4.8088787e-06 0.00011299584 1.5619122e-05 4.076596e-05 2.2479095e-05 7.83994e-05 2.1539648e-09 2.415833e-05 0.10135252 2.5062275e-07 2.8496365e-06 0.05483776 2.7534267e-07 1.6874144e-07 8.906736e-05 1.3894323e-06 7.529144e-08 0.0062016784 4.5064603e-08 1.7216775e-05 9.451533e-07 0.007180299 7.263646e-05 0.022482952
0.9655726 0.027699502 0.093434565 0.2118224 0.9020821 0.4624608 0.9148621 0.0064499523 0.004260821 0.00061716174 0.0019101248 0.0034031656 0.15906166 0.0005587262 0.00028422868 0.0005844903 0.00041158262 0.15932326 1.2293492e-13 0.9782823 0.81923497 0.00023438771 7.35294e-05 0.00059331517 0.8427159 0.0005230147 2.8442525e-06 0.00433521 3.2917126e-06 0.0024168403 0.0013265907 6.28117e-05 0.00023480409 1.7196739e-05 0.03849332 0.8964388 0.19495873 0.15368329 0.0027093657 0.92244273 0.2168972 0.0018841532 0.016623363 2.3967768e-05 0.004688687 1.1242104e-05 0.00086762063 0.007257162 0.18591484 6.098872e-05 0.0005449028 3.170473e-06 6.440587e-07 1.3590569e-06 0.13482387 1.0277287e-06 4.576816e-06 0.0005253855 0.006698726 0.0037391456 0.05300708 0.033485092 2.160897e-05 0.09669588 0.001985707 0.0003917918 0.042357232 0.000275189 1.206062e-06 2.027512e-05 6.6483796e-07 1.66119e-05 9.296743e-07 0.16314456 0.013394947 1.2537945e-09 9.434247e-08 0.00036769558 1.1163828e-06 3.1001484e-05 7.0328184e-07 1.9440292e-07 6.3524985e-06 3.452794e-05 2.411671e-07 0.09917153 5.6392277e-05 4.3316636e-06 0.0033422317 3.257815e-06 0.0002583875 0.00039986093 5.464645e-08 2.9312131e-08 0.015239812 1.9348128e-05 2.5473328e-08 1.8154863e-08 0.0017354629 7.147822e-05 0.020723678
0.90594774 0.0051865242 0.011251898 0.05291782 0.80810314 0.045266505 0.8666742 0.0020492687 0.0006765454 0.00020737975 0.000326805 0.00065914856 0.051829044 0.0002956173 0.0003558657 8.835005e-05 0.00015952255 0.09732241 0.9782823 3.3830886e-13 0.9931102 0.00011451352 4.3667537e-06 0.000102962906 0.8286702 2.9055509e-05 1.7849703e-06 0.0040992117 1.1003187e-06 0.00030080858 0.0016615746 7.0718204e-05 2.8422894e-06 3.803886e-06 0.01687899 0.83390695 0.2797416 0.20698218 0.0005675167 0.6646691 0.19796146 0.0068454477 0.049218573 5.9074955e-06 0.0020575442 4.418e-06 0.00032455847 0.0013105753 0.06545846 2.7286644e-05 0.000418089 6.749529e-07 1.5621525e-06 1.01740774e-07 0.07719173 4.242801e-06 2.2742586e-06 0.00039779695 0.010108497 0.00221296 0.0715835 0.007938701 1.5813629e-06 0.055844296 0.0012406313 0.0020554222 0.024434783 0.00044714258 3.093977e-06 2.878388e-05 8.9352326e-08 1.6933194e-05 4.9652822e-08 0.1733491 0.02004288 7.694256e-11 3.5190977e-09 0.00036325675 8.0455607e-07 0.00022932045 1.8093303e-07 2.772213e-07 2.1472758e-06 4.033458e-05 3.4369916e-07 0.14306481 4.480951e-05 1.3664291e-05 0.0014977063 5.3877025e-06 4.0855397e-05 0.0004912893 6.3273786e-09 5.716787e-10 0.0041657644 1.1595517e-05 1.153343e-10 5.978154e-09 0.0009887464 0.00023250873 0.0051663527
0.94514495 0.00028204208 0.002489731 0.0067518023 0.102286994 0.0073873536 0.38978916 0.000268113 2.5688882e-05 3.0730628e-06 1.8000763e-05 3.529346e-05 0.010070235 1.3055927e-05 1.0738735e-05 2.5232612e-06 3.981286e-06 0.010310769 0.81923497 0.9931102 5.214427e-13 1.0716493e-05 6.791951e-07 3.819284e-06 0.8442215 1.7643162e-06 1.2894096e-08 0.00036039448 7.863234e-09 4.1035062e-05 0.0002090192 2.6916696e-06 4.0999345e-07 2.8929717e-08 0.010773886 0.91707236 0.9363197 0.15583347 0.00016684899 0.56943107 0.24469754 0.18623067 0.14840882 1.5607372e-07 0.0005667733 2.2401304e-07 0.000160936 0.00023024806 0.2654724 1.252716e-06 7.268635e-05 9.441028e-09 3.4254974e-08 8.139405e-09 0.14398871 1.0414812e-07 5.537324e-08 3.701119e-05 0.111642584 0.013747908 0.30136257 0.0032813791 1.7957534e-07 0.096122704 0.00019592364 0.013779844 0.04723538 0.0037405472 4.1000044e-07 5.574741e-05 1.4663077e-08 6.8916364e-07 2.4288687e-09 0.126525 0.049561772 1.268079e-11 5.1258536e-10 0.0044030156 1.9168883e-08 0.0006875554 1.0490086e-08 1.6374731e-08 4.271225e-07 6.60242e-05 7.913565e-08 0.119197465 0.00048844283 0.00013216955 0.0024151835 0.00048168655 0.00089609285 0.004301682 4.22717e-10 6.419948e-10 0.018926803 8.6677566e-05 7.696648e-11 4.871841e-10 0.0010371697 0.0012604486 0.031575605
0.004411729 0.016099596 0.31499022 0.049095765 0.0022586887 0.09515608 0.0115851825 0.045088317 0.017000435 0.00018802339 0.0008762402 0.9598371 0.93256825 1.2021906e-05 7.806296e-06 0.26274976 2.1560512e-05 3.7382557e-05 0.00023438771 0.00011451352 1.0716493e-05 3.35936e-14 0.9558936 4.3525568e-05 2.407204e-05 0.00020387198 3.2015421e-07 9.48469e-07 2.1621224e-06 0.9967508 1.6519087e-07 4.546581e-06 0.0003857445 1.8341943e-06 0.0014757378 8.5726424e-07 3.096675e-08 0.0002505395 0.006173469 1.6214017e-05 2.2261704e-05 3.6787043e-08 1.4770535e-07 4.6479926e-07 3.3233468e-06 1.35188785e-08 1.6530294e-07 1.4131884e-07 6.229389e-07 4.462594e-06 4.527793e-08 2.8263225e-08 2.42164e-08 9.4815455e-08 4.916513e-08 1.6324658e-07 6.779746e-07 1.742909e-07 3.174638e-07 7.664837e-09 1.1731289e-06 2.857561e-06 1.8685272e-06 8.7064545e-05 7.5579607e-07 2.0816953e-08 3.101476e-07 1.6931391e-08 1.0676317e-06 3.18505e-08 6.7949407e-10 1.6606153e-07 2.6461583e-10 6.965981e-05 1.4622725e-07 1.1869646e-09 2.444614e-10 1.1067573e-08 1.0154084e-06 4.3204457e-10 1.474345e-08 3.1637e-07 1.0912422e-07 4.2076014e-09 1.7321474e-08 4.6798392e-05 3.331321e-08 3.1153582e-09 1.0518743e-07 1.1564775e-10 7.612808e-09 4.9136326e-09 1.05494415e-11 6.7858746e-10 5.680931e-07 1.8207147e-07 1.2546766e-10 4.222471e-07 1.0240748e-09 5.726017e-07 2.0296445e-08
0.006959928 0.04944046 0.12287884 0.005991854 0.00021748575 0.0023848237 9.301744e-05 0.3385753 0.2649173 0.025457177 0.21391827 0.9185655 0.118106134 0.0045306208 0.0020976837 0.9818749 0.01196531 0.0005693784 7.35294e-05 4.3667537e-06 6.791951e-07 0.9558936 9.969645e-12 0.0069481703 1.5877928e-06 0.85612696 2.6097801e-05 8.41463e-05 9.846925e-05 0.0002222822 2.3286907e-06 7.59434e-05 0.98162323 0.00013590144 4.9912237e-06 3.9743838e-07 3.0198082e-09 5.733531e-07 2.5216097e-05 4.2883024e-05 2.4820292e-06 2.21932e-08 4.0829298e-07 0.00014947975 0.0001153781 1.5942019e-06 1.1741945e-06 3.8772558e-07 2.7939918e-06 0.0015553682 4.5171592e-07 4.582817e-06 1.6436384e-07 7.199336e-07 2.8171584e-07 2.1611595e-06 0.00040216107 9.660088e-07 1.2431012e-06 6.6836807e-09 1.6060129e-06 1.2935796e-05 0.00026473755 2.0656955e-07 2.6347138e-06 6.9289956e-07 2.7689223e-06 2.4685736e-08 1.654586e-05 1.576296e-08 9.9994494e-08 3.2284054e-06 2.8044389e-07 0.00010822501 4.564064e-07 1.3951426e-05 8.2247894e-08 5.02802e-08 2.7976687e-06 4.5979527e-09 2.509751e-07 4.7980584e-06 5.437029e-07 8.025818e-09 3.8275408e-07 8.459439e-05 4.035206e-08 6.316225e-09 4.6399185e-07 3.7133208e-10 3.9072088e-08 5.829068e-08 5.9024774e-10 1.7530704e-06 4.143912e-06 2.2677525e-06 2.6158983e-10 1.1497157e-06 2.2724946e-09 2.0216855e-06 1.626393e-07
0.8429199 0.008425105 0.0011772203 0.001961708 0.0002568037 0.00028621216 6.0821734e-05 0.0054502445 0.018115457 0.2398913 0.17876588 0.0007821874 9.1328446e-05 0.7892265 0.7483298 0.0047071436 0.9526718 0.3463997 0.00059331517 0.000102962906 3.819284e-06 4.3525568e-05 0.0069481703 1.1500615e-13 3.6652798e-07 0.8959609 0.9839116 0.49862427 0.50864226 8.039827e-06 0.07480702 0.27216426 0.7506749 0.8898327 1.1836256e-07 0.00017169707 2.4686914e-08 1.07297e-08 2.4533258e-06 0.012023418 2.4823854e-07 8.369778e-07 2.127168e-07 0.53540856 0.741347 0.16805899 0.002089887 0.0015415682 4.0707567e-07 0.2506407 0.00045974905 0.118012205 0.019639025 0.0028253999 0.00036694278 0.045764007 0.17720501 0.0005757088 3.482667e-05 1.5835706e-08 9.832099e-05 0.009631178 0.04724106 3.4291908e-08 0.0025075895 1.3338131e-08 0.000613528 6.309762e-08 0.010957183 1.2874136e-07 0.009636998 0.00038316718 0.010855109 0.044302583 0.00014628062 0.00010138458 0.00041643146 1.7483487e-06 0.00073631754 4.639686e-08 0.00027298238 7.905492e-05 0.000499717 5.0219504e-09 7.286138e-05 0.028796565 2.3769276e-07 1.747026e-07 0.0034390723 5.2692264e-09 5.539656e-07 6.874688e-05 3.618914e-07 5.826265e-05 0.0032185959 0.00017215994 0.00014413008 1.7911594e-05 0.00031902245 0.0003228695 0.0015933227
0.96374273 1.13022725e-05 0.00043571068 0.007827139 0.049387265 0.014052566 0.22531164 2.9366258e-05 3.7728657e-06 6.132884e-08 1.0805555e-06 0.00013652419 0.58046776 3.6413408e-07 4.7913164e-07 1.458876e-06 3.118798e-07 0.00016807759 0.8427159 0.8286702 0.8442215 2.407204e-05 1.5877928e-06 3.6652798e-07 1.440546e-12 1.7217248e-07 1.5863096e-08 0.00016215199 1.6948517e-08 0.0036225906 1.3545825e-06 1.2035756e-06 1.2195987e-07 1.9447208e-07 0.41547403 0.11219625 0.3719007 0.86228627 0.009256041 0.4858282 0.99130005 0.02061933 0.05962776 3.318775e-07 0.0006080295 1.696676e-08 2.4342755e-06 7.3390934e-06 0.74203736 9.0908554e-07 5.767356e-07 1.9744643e-07 8.756056e-09 2.2157112e-09 0.0021724952 1.4675234e-06 1.7914805e-07 6.1126195e-07 0.008107682 0.0048969123 0.06360076 0.00032588627 1.1361932e-08 0.7423886 2.5067846e-05 0.03078933 0.0017174457 0.00055782485 8.086626e-08 0.002042624 5.9230313e-08 9.4324616e-07 1.2533767e-08 0.1610774 0.02891161 2.1780546e-09 5.970329e-08 0.00016982772 8.006506e-06 2.2898903e-05 1.0217204e-06 5.069575e-07 5.5733344e-06 0.00030219535 2.9090763e-06 0.35257316 2.2398293e-05 6.7280575e-07 9.828012e-05 1.2726235e-07 4.568345e-05 0.00040109723 1.391805e-10 7.9036295e-07 0.016122174 0.0027788691 2.5934246e-09 1.3016461e-08 3.8761096e-05 0.00036156236 0.0022591508
0.91110545 0.27594903 0.1754609 0.014597544 0.00016021091 0.0010067781 3.5267162e-06 0.66797197 0.30592406 0.41629326 0.7711066 0.15860887 0.0003593374 0.74521446 0.7029192 0.3415358 0.65111274 0.030432278 0.0005230147 2.9055509e-05 1.7643162e-06 0.00020387198 0.85612696 0.8959609 1.7217248e-07 2.3481713e-13 0.37067106 0.42607042 0.1218541 1.2788328e-06 0.002410825 0.043657944 0.99916875 0.61528057 2.8406482e-09 2.8400582e-05 1.3971524e-08 5.842511e-09 1.6617226e-07 0.020751547 2.5503653e-07 3.481964e-08 2.0222485e-08 0.18552703 0.28362933 0.0034988876 4.8187976e-05 3.96436e-05 1.7134805e-07 0.11460085 1.51966915e-05 0.0031788612 0.00028172354 0.0001299715 5.3744137e-05 0.0004972626 0.007283564 6.0116604e-06 1.3429002e-05 4.1484032e-08 0.0005359004 0.0016870325 0.019846998 2.2362669e-07 0.00029048792 9.192349e-09 0.00039084355 9.74767e-09 0.00022771324 7.3114674e-09 1.9398706e-06 3.8866187e-05 3.4137818e-05 0.026441902 0.0006073323 0.0001184933 7.585602e-07 1.4421643e-06 0.00015274565 9.851898e-08 8.341757e-06 7.6073184e-06 0.00031154702 2.3948872e-09 1.158873e-05 0.0410798 7.934539e-09 1.0443954e-07 0.001305982 6.018093e-09 8.287843e-08 6.080422e-05 5.0174025e-09 9.576064e-06 0.007930059 3.7151364e-07 2.9018843e-09 9.634409e-07 7.4583906e-05 2.2244938e-05 0.001058453
0.9137618 0.00025769992 1.6699725e-05 3.6107613e-05 3.894965e-06 2.6164353e-06 1.1993802e-07 0.00029714307 0.001008264 0.019957928 0.0087691285 8.535578e-06 9.317388e-07 0.41270676 0.3706277 0.000245789 0.30465445 0.2426795 2.8442525e-06 1.7849703e-06 1.2894096e-08 3.2015421e-07 2.6097801e-05 0.9839116 1.5863096e-08 0.37067106 4.7119315e-16 0.6127374 0.9816205 7.22964e-08 0.39038002 0.78547007 0.09049653 0.8586622 6.8759327e-09 1.9677067e-05 3.5740705e-10 4.20346e-10 6.339244e-08 0.0017110993 6.3886226e-08 3.803238e-09 2.82871e-09 0.6754029 0.6112001 0.6383938 0.016771302 0.0063729626 3.6144991e-09 0.22493836 0.002365482 0.5290126 0.076776214 0.01854793 0.000144836 0.2869506 0.2451901 0.0028591899 9.238067e-07 2.9615297e-09 2.4339784e-06 0.023911322 0.04901302 9.717115e-09 0.007585481 9.534545e-10 0.0013969507 3.9472342e-10 0.09172263 2.978753e-08 0.0473208 0.0016051563 0.052126803 0.06366929 3.0888867e-07 3.8033657e-05 0.0005857188 2.3443956e-08 0.00048342565 4.3738195e-09 0.00024374535 2.8351655e-05 0.00022227815 7.5132417e-10 2.4188463e-05 0.03790543 1.4545749e-08 2.8205658e-08 0.0038608883 1.5893251e-09 6.619372e-09 4.5068724e-08 9.2008406e-07 1.35327655e-05 0.00089021557 1.4801494e-06 0.00012164109 0.00011855129 0.00043519097 4.523982e-06 0.0013507457
0.9943216 0.15552029 0.033712484 0.006826855 0.025628565 0.0011474867 0.003030233 0.046594102 0.034124672 0.26419324 0.20281135 0.0001832018 0.00016869568 0.80684936 0.81883353 0.0007380987 0.53693616 0.94387823 0.00433521 0.0040992117 0.00036039448 9.48469e-07 8.41463e-05 0.49862427 0.00016215199 0.42607042 0.6127374 7.413112e-11 0.6519218 1.0027808e-06 0.948447 0.73633295 0.0055060145 0.43752378 1.7771621e-06 0.06655213 0.00013837214 1.0245585e-05 1.1103868e-06 0.06727823 1.5789601e-05 2.9641185e-05 0.00015165152 0.3113971 0.4568433 0.365853 0.56675166 0.35144708 1.30359595e-05 0.1619196 0.04384196 0.31437412 0.14452349 0.08361915 0.14194284 0.14513393 0.0878908 0.082439154 0.00015368738 9.2479e-06 0.002006504 0.3454286 0.05367186 2.7577946e-05 0.0839167 2.5015488e-06 0.049758684 9.859771e-07 0.09338062 5.379675e-07 0.0069204643 0.028729318 0.007400268 0.34668598 0.000769239 2.4809976e-06 0.00034251352 6.8536814e-05 0.007612334 8.387137e-06 0.0003703878 0.00015685524 0.0011710193 1.4003886e-06 6.12112e-05 0.105307445 2.0583439e-06 8.472498e-06 0.05117838 1.5627105e-05 3.0563817e-05 2.2964883e-05 7.8737925e-05 4.4148725e-05 0.007112141 9.673224e-07 0.000105536754 6.976406e-05 0.017053802 7.354487e-06 0.0155225275
0.9688965 5.9938706e-05 1.4059334e-05 9.264558e-06 2.289542e-06 2.7168403e-06 2.006717e-07 9.36646e-05 0.00011389641 0.0029001527 0.0012849311 4.560634e-06 2.1488715e-06 0.11498159 0.093827926 2.5534855e-05 0.05505111 0.05387306 3.2917126e-06 1.1003187e-06 7.863234e-09 2.1621224e-06 9.846925e-05 0.50864226 1.6948517e-08 0.1218541 0.9816205 0.6519218 1.3161254e-12 8.357614e-07 0.5937163 0.947572 0.0047868276 0.84452134 5.6351443e-08 1.4271587e-05 6.354825e-08 1.8054235e-08 1.9237577e-06 0.0017939461 8.559249e-08 6.893556e-09 9.781027e-07 0.7210677 0.7046299 0.8801002 0.06351136 0.0106860725 3.755575e-09 0.44719124 0.011664072 0.8170761 0.20071998 0.045841396 0.00058039965 0.41406545 0.51127857 0.0075842147 8.4607615e-07 2.4089515e-09 8.4093904e-07 0.07209134 0.15881227 6.536505e-07 0.022852028 1.6807581e-08 0.0027889858 8.142227e-10 0.3947999 1.308937e-06 0.07308271 0.0034197841 0.13737817 0.15916169 1.3882119e-07 0.000651037 0.0023154605 8.7525876e-08 0.00211147 6.451452e-08 0.0017063621 0.00014904233 0.004195025 1.2577682e-07 0.0002837861 0.09724872 4.2276337e-08 2.7280055e-07 0.02220623 5.061051e-08 1.1613445e-07 8.711749e-08 6.908779e-05 0.0003835496 0.0064319605 1.7735127e-05 0.000694765 0.0006869874 0.0019270927 1.5957101e-05 0.003495669
0.02547278 0.0008210362 0.07639303 0.18185546 0.0018617111 0.24100609 0.0069953767 0.0031742721 0.00012093516 4.339971e-06 5.194072e-06 0.013225231 0.8309232 6.55397e-07 5.609432e-07 0.00031224306 2.9505102e-07 1.1986473e-05 0.0024168403 0.00030080858 4.1035062e-05 0.9967508 0.0002222822 8.039827e-06 0.0036225906 1.2788328e-06 7.22964e-08 1.0027808e-06 8.357614e-07 7.423382e-15 1.2346088e-06 1.4490615e-06 1.3266291e-06 2.1233343e-06 0.035652246 1.1442967e-06 6.065829e-08 0.00090922817 0.9999809 0.000631788 0.002630633 3.8413304e-09 9.672847e-07 1.5371901e-06 3.496432e-06 2.2314545e-07 7.5305195e-07 1.13623706e-07 2.4861965e-06 2.5264626e-05 3.472018e-07 4.912476e-07 9.0234686e-08 2.035324e-06 4.294308e-08 2.780938e-07 4.6988677e-07 1.9387146e-08 3.769672e-08 2.5334205e-07 3.157804e-07 8.4591727e-07 1.9598906e-06 0.0006334329 1.3135607e-07 2.7176057e-09 5.5378706e-07 2.5750015e-08 1.8922165e-07 3.6497678e-09 3.0591092e-08 2.5073274e-07 2.9085656e-10 0.00023139671 1.4327253e-07 9.70912e-11 3.625002e-08 7.641113e-10 2.3936266e-07 7.303682e-11 6.2453904e-07 2.490868e-07 8.572732e-07 3.2841804e-08 4.1939322e-07 0.00041836404 1.8177973e-08 2.2506164e-09 7.855862e-08 9.539616e-11 1.2082119e-09 1.4458232e-08 2.3030161e-10 1.0083822e-10 5.0210915e-06 3.7507934e-07 1.2936388e-09 4.9972155e-06 2.4934252e-09 4.6879688e-07 1.6025622e-07
0.9627889 0.010347324 0.001309958 0.0015947305 0.007946229 9.692608e-05 0.00058060366 0.0014181512 0.0041332874 0.025782559 0.005747028 1.1182663e-05 1.6913618e-05 0.23481372 0.29708704 7.415722e-05 0.04404442 0.92318666 0.0013265907 0.0016615746 0.0002090192 1.6519087e-07 2.3286907e-06 0.07480702 1.3545825e-06 0.002410825 0.39038002 0.948447 0.5937163 1.2346088e-06 4.208422e-12 0.97163105 0.0002818049 0.0057433513 1.323898e-06 0.011839684 3.3349308e-05 1.3123432e-06 8.484152e-07 0.02522186 1.1252315e-05 4.52186e-06 0.00013572749 0.006222383 0.7361249 0.5765406 0.9186705 0.5490757 1.2253714e-06 0.0012002249 0.31406468 0.07137161 0.40262008 0.47854137 0.04203332 0.053569537 0.0019714541 0.28363666 8.062159e-05 3.7240202e-08 0.0009363719 0.550467 0.00025929863 2.8918478e-07 0.3184981 2.827149e-07 0.06761674 5.7444026e-08 0.0017166212 1.599757e-07 0.008750983 0.23920564 0.0057800096 0.41471478 0.0003727041 3.970654e-08 0.00044346298 7.6163847e-06 0.08129903 1.8008626e-05 0.009032243 0.0050400873 0.026868422 1.2409477e-08 0.0017396662 0.15561368 7.114253e-07 2.6320945e-06 0.28432852 3.8808813e-07 1.4703434e-06 4.406151e-06 0.01960666 6.085718e-07 0.0060922224 7.0400424e-06 0.025559247 0.00024950158 0.053211626 1.945745e-05 0.025108932
