2.0063877e-13 0.94237155 0.8722198 0.94183207 0.97296005 0.9849099 0.9511652 0.81280226 0.9702428 0.63019663 0.70917827 0.97449744 0.86077064 0.5877511 0.90030545 0.9855359 0.94078964 0.92024887 0.94696176 0.94540566 0.98305744 0.9161966 0.6168136 0.87672555 0.32661417 0.86298376 0.88589793 0.902879 0.44894207 0.98964924 0.9841003 0.9645646 0.8290477 0.2973654 0.2617601 0.98137134 0.79794717 0.07633693 0.84518147 0.96864825 0.9401149 0.9916505 0.95313805 0.8523694 0.9970426 0.97914493 0.9820752 0.6506825 0.7533547 0.42169133 0.9719606 0.84303206 0.5229697 0.67767274 0.7122463 0.9952428 0.7250147 0.649555 0.887747 0.16372259 0.16439131 0.83387583 0.8376907 0.9861701 0.90481853 0.47771883 0.77791715 0.9976648 0.09460293 0.4907031 0.97651696 0.6797638 0.988656 0.0016241743 0.98196113 0.06817914 0.9809043 0.04068996 0.877417 0.9956292 0.85192215 0.38836938 0.0023048304 0.69029874 0.99993527 0.0024871917 0.24810973 0.9989246 0.91300046 0.045276284 0.07776366 0.8188855 0.75986737 0.10584026 0.009192532 0.000251588 0.95167774 0.5161001 0.9999177 0.99998575 0.48646623
0.94237155 1.6859174e-12 0.9815969 0.94773674 0.942791 0.9150091 0.5792865 0.71304816 0.7021309 0.07332592 0.02781394 0.055080164 0.19123179 0.62227017 0.5264516 0.11107226 0.0021048004 0.0040594386 0.32156435 0.0019284383 0.5376076 0.0006736697 0.34079596 0.00095961447 0.22024716 0.011617789 0.008258718 0.00037026437 0.02122021 0.24921438 0.033247937 0.0002050206 0.0029215836 0.010354333 0.0012179746 0.06438951 2.3979152e-05 0.021496072 0.005693963 9.259046e-06 2.922025e-06 0.019700518 0.02650917 9.75557e-06 0.60614544 1.8649897e-06 6.444305e-05 1.9380503e-05 0.00023466126 2.7256861e-05 2.6928701e-05 3.1985914e-05 1.1861721e-06 5.1739457e-06 4.539785e-07 0.6672801 1.7971634e-07 5.7073225e-07 6.985789e-08 0.0060933293 1.0122243e-05 2.2747379e-08 4.9706937e-06 1.1964739e-05 6.1704515e-07 7.266102e-06 6.0293064e-09 0.0062262444 1.0708728e-07 1.6639822e-09 0.00384241 2.91401e-08 0.0024071585 1.3893589e-07 0.0027861916 7.404711e-09 0.0010014968 0.0005382418 1.3204637e-05 3.1683874e-06 0.0004003961 9.515905e-10 1.2387679e-07 1.2028658e-09 0.063441895 8.800175e-05 9.1607795e-08 0.00038461582 5.699863e-06 1.3895861e-08 1.11553975e-08 2.1013022e-08 2.8261516e-07 6.6741045e-08 8.415154e-10 5.497308e-10 5.9237857e-07 5.4951195e-09 0.0011077692 0.0015386115 6.4438034e-08
0.8722198 0.9815969 2.9822487e-16 0.889989 0.97886807 0.9330638 0.27715293 0.7757016 0.13687359 0.037837375 0.014167733 0.014638823 0.028398175 0.57840675 0.029716354 0.09142618 0.00083892094 0.004251447 0.7012132 0.1595832 0.33312094 0.035944622 0.02871112 0.021141173 0.2549944 0.00087245007 0.0001650535 0.0054326863 0.020364387 0.13784575 0.24232736 1.8044986e-05 4.8423237e-05 0.006803742 0.01312275 0.07746331 0.0015942727 0.00038540547 0.027320813 4.2835038e-07 7.3884803e-07 0.01905812 0.09853337 5.5916195e-07 0.7524951 2.3360566e-07 0.0016462441 6.034726e-07 0.0012896558 3.1441267e-08 6.0101984e-06 0.0006239819 3.067934e-07 1.346643e-08 9.7258535e-08 0.4746695 2.6533428e-08 4.3399083e-08 6.339365e-08 1.1390417e-05 6.3910386e-07 6.5524945e-09 1.1740103e-05 3.114148e-06 4.9359096e-07 0.00014849778 1.0658678e-06 0.020845521 6.9797115e-09 2.6425018e-10 0.009461162 4.9924824e-07 0.008446038 2.0770154e-08 0.0050897156 4.4440025e-09 0.0020296855 9.3346245e-07 2.6033506e-06 3.311153e-05 0.0005917917 9.06286e-09 1.4327669e-06 1.9707892e-08 0.030821811 1.8241585e-06 1.0128745e-08 8.339804e-05 1.1357772e-06 3.2168017e-09 4.191981e-09 1.2495575e-08 4.3693485e-06 3.0580114e-07 4.562737e-09 2.7429758e-10 1.7767241e-05 7.979645e-09 0.0011547783 0.0017808132 9.9540834e-08
0.94183207 0.94773674 0.889989 7.095707e-11 0.83498216 0.87988365 0.3166073 0.9899303 0.43681425 0.0057583516 0.004682061 0.047243223 0.15525888 0.88526803 0.4459027 0.16273406 0.00027382796 0.00012135269 0.08516398 0.0030136018 0.32864344 0.0007466657 0.491969 0.0013954333 0.5464192 0.0043356647 0.0004822441 0.00018857486 0.08348084 0.15867454 0.05618379 7.7804936e-05 0.0006199289 0.054436125 0.0026837406 0.029826168 6.0670416e-05 0.041308735 0.0006930662 9.010411e-07 8.301002e-07 0.021625955 0.021087037 1.6661204e-06 0.65998596 1.7700444e-06 0.00028329372 1.3660505e-06 0.00029293858 9.40089e-06 7.206092e-06 0.00010381846 8.067704e-07 1.0079534e-06 4.2364914e-07 0.47021735 2.4640528e-08 2.9506313e-07 6.087456e-08 0.011252574 9.259991e-06 3.4474684e-08 3.862204e-06 1.5471072e-06 8.627035e-07 7.029945e-06 3.403835e-08 0.011824225 4.2412287e-07 1.0594081e-08 0.0032930316 1.2139087e-08 0.0022941178 1.2791412e-06 0.001849051 3.934242e-08 0.00024034294 0.0012751627 6.477954e-07 1.0895401e-05 4.864374e-05 8.832073e-09 6.631583e-08 9.191293e-10 0.07469385 0.0012396788 1.6101036e-09 0.00030228615 3.4962937e-07 6.4113244e-09 4.644784e-09 6.880551e-09 2.4803597e-07 4.2537133e-07 1.3044023e-08 1.19959696e-08 8.2632e-07 4.405703e-09 0.00079075055 0.0023742216 4.854651e-07
0.97296005 0.942791 0.97886807 0.83498216 8.5169355e-13 0.9469565 0.6588509 0.581615 0.4343747 0.06025218 0.035420362 0.056078564 0.060930386 0.28366947 0.19234842 0.19043389 0.0023288887 0.007293254 0.867578 0.01684355 0.71960914 0.009216755 0.13111195 0.005304789 0.2398564 0.014324016 0.0076006143 0.00300654 0.043914806 0.38754866 0.34167328 0.00041202366 0.0031020131 0.023182949 0.0056908363 0.25362998 0.00010326844 0.003714067 0.053224772 4.1804196e-05 4.7424987e-06 0.07438985 0.2471832 8.532876e-06 0.7468544 1.5349372e-06 0.0004948116 8.6353775e-06 0.0009712684 1.2300637e-05 1.708807e-05 0.00032475538 1.4071935e-06 7.984477e-06 6.08494e-07 0.77943903 1.9009401e-07 9.953026e-07 9.775547e-08 0.0017921079 5.091764e-06 7.7766245e-08 8.11602e-05 1.5241308e-05 2.5727752e-06 3.485657e-05 2.2288702e-07 0.019336611 7.618883e-08 3.309312e-09 0.033750944 1.1221923e-07 0.019063985 6.344591e-08 0.022076618 2.7330614e-08 0.008318318 0.00023187738 2.2726812e-05 1.8108685e-05 0.0015183667 6.9745223e-09 1.029783e-06 1.11718155e-08 0.18524303 3.1419375e-05 1.2003552e-07 0.0006833945 2.5744406e-05 1.9335777e-08 1.8564737e-08 1.08566184e-07 5.9177078e-06 8.0078684e-07 7.601476e-09 4.128147e-09 1.7197131e-05 2.506764e-08 0.0020821115 0.006101505 3.0541378e-07
0.9849099 0.9150091 0.9330638 0.87988365 0.9469565 6.9578794e-11 0.6014339 0.521294 0.56412745 0.055989664 0.04608297 0.09912392 0.14516789 0.34239578 0.41399527 0.24697049 0.0037092846 0.0047452087 0.8815098 0.0067129107 0.8101051 0.002834699 0.27267665 0.0033358594 0.14621837 0.028831497 0.008854111 0.0015708773 0.045511167 0.47222266 0.27810633 0.0020618283 0.008796803 0.029657785 0.0023793671 0.24547815 5.0830236e-05 0.014340911 0.062658094 0.0001435575 1.8764567e-05 0.07440346 0.21581642 4.9170227e-05 0.6295173 5.7419165e-06 0.0003042398 3.8277743e-05 0.0005474306 0.00012310664 5.990305e-05 0.00023413484 3.902461e-06 1.9744211e-05 2.251307e-06 0.7654239 5.3576434e-07 4.6601785e-06 1.4646255e-07 0.0071934313 1.9154842e-05 8.6761794e-08 0.0001207928 2.4311563e-05 6.111568e-06 2.9941575e-05 1.1442591e-07 0.015346352 2.6922743e-07 1.0960352e-08 0.040822133 9.4004383e-07 0.02180451 2.0873102e-07 0.019736197 7.603264e-08 0.006996345 0.00035152977 6.257272e-05 1.1689928e-05 0.0013054522 2.41115e-08 4.769149e-06 1.9885777e-08 0.17082153 7.5708595e-05 6.720305e-07 0.002056443 8.379882e-05 2.1537146e-07 2.9395568e-07 1.0427588e-06 3.7679936e-06 1.0888613e-06 7.799839e-09 1.6980163e-08 1.7750033e-05 1.3712618e-07 0.004306801 0.0057919673 5.649142e-07
0.9511652 0.5792865 0.27715293 0.3166073 0.6588509 0.6014339 3.4493756e-12 0.020521902 0.87277544 0.94318575 0.95787954 0.9017894 0.47244698 0.035564452 0.56775296 0.0074685123 0.18674733 0.32065207 0.22677721 0.00047293917 0.93476665 7.894793e-05 0.061666068 0.00025241662 0.0037150285 0.36835575 0.2067614 3.8387236e-05 0.00036180933 0.8056303 0.0017494722 0.025691671 0.1769845 0.00042835248 2.038017e-05 0.5060039 7.346099e-07 0.017736692 0.0071367268 0.0025769267 0.00036717244 0.15010042 0.009930495 0.0019111197 0.087458186 3.62692e-05 6.6020104e-05 3.9220467e-05 0.00014722615 0.003955046 0.00017727086 2.8760966e-05 6.0766097e-06 0.0019290103 1.3539438e-05 0.60221237 7.2143666e-07 4.9280217e-05 5.325063e-07 0.054779787 0.001915445 5.2710215e-07 2.698612e-06 4.0478815e-05 1.2092772e-05 3.1739826e-06 2.2293792e-08 0.001325182 7.835025e-06 3.7432604e-09 0.012817961 1.1760446e-08 0.0012089799 1.2683114e-05 0.0077738343 4.5389296e-08 0.0028249011 0.023157721 8.1470556e-05 1.366493e-05 0.0010416373 1.7669478e-08 2.0384135e-07 1.9124866e-09 0.15592532 0.00012289175 7.644339e-07 0.0008977048 3.16221e-05 4.2496804e-08 2.070335e-08 2.196973e-08 1.4308143e-06 3.148077e-07 7.934373e-09 1.6608121e-08 2.1439193e-05 4.2554698e-09 0.0023064343 0.002189429 3.4274925e-07
0.81280226 0.71304816 0.7757016 0.9899303 0.581615 0.521294 0.020521902 2.920829e-14 0.031010129 0.0005909277 0.0003987794 0.0035587782 0.017660048 0.9944179 0.039109915 0.46004447 3.7222293e-05 1.8415058e-05 0.07991473 0.105846666 0.04394324 0.022518218 0.11189862 0.04597926 0.7374897 0.0002898683 3.8627195e-06 0.0020743948 0.31816003 0.028331297 0.13646467 1.1495695e-05 1.4666274e-05 0.17806906 0.081052296 0.004251591 0.0041379156 0.0077363267 0.00062027667 7.8347476e-08 8.2862584e-07 0.0013845443 0.031827897 3.555802e-07 0.6029252 4.9486493e-07 0.0015125223 6.9009005e-08 0.0009281352 5.0940685e-07 5.8113204e-07 0.0001702388 3.597583e-07 6.254464e-08 3.2515405e-07 0.13297482 1.8110834e-08 8.55889e-08 2.7396678e-07 0.00010735659 6.5113693e-07 2.5323214e-07 2.7234542e-05 3.538047e-07 7.7231556e-07 4.360513e-05 1.7411325e-06 0.022191644 5.651893e-08 5.416813e-09 0.001178544 4.2619945e-08 0.002627931 4.750857e-07 0.0015389828 6.256956e-07 0.00023114131 4.281549e-08 8.2565117e-07 5.960365e-05 2.768868e-05 2.8312715e-07 5.2907376e-07 3.5765567e-08 0.023826275 2.4257186e-05 1.1148613e-08 0.00013217231 1.2309943e-07 7.2794633e-09 3.382175e-08 1.8550959e-07 8.288139e-07 7.406339e-08 1.2665696e-07 2.147927e-08 3.258188e-06 2.2159249e-07 0.0004380393 0.0009965089 1.1472699e-06
0.9702428 0.7021309 0.13687359 0.43681425 0.4343747 0.56412745 0.87277544 0.031010129 9.0777585e-12 0.15212311 0.08517182 0.8980022 0.99336565 0.33663243 0.7375322 0.0014967832 0.041132182 0.0011737597 0.0076035475 8.068989e-05 0.51830775 3.3962936e-06 0.15320027 3.853086e-05 0.0037682706 0.357645 0.1132406 2.755723e-07 5.1109542e-05 0.4844436 0.0011737243 0.0032620046 0.062360995 0.00010065251 4.017953e-06 0.057895526 8.4736894e-07 0.05116745 0.00024161545 2.6753205e-05 5.6726617e-06 0.047232937 0.0017815557 3.457351e-05 0.15889914 4.6439186e-06 1.5788743e-05 5.6410267e-06 4.880517e-05 0.0024459495 1.7420432e-05 5.6462527e-06 2.1361627e-06 5.2837997e-05 8.8726216e-07 0.74238557 2.1445182e-07 6.34904e-06 1.6372601e-07 0.17675924 0.0009859311 4.2784713e-08 5.002956e-08 1.1415037e-05 7.3304063e-06 3.7063532e-07 1.7067694e-09 0.0021491905 8.673806e-06 1.18004415e-08 0.0021486024 1.2154e-09 0.00020548998 2.0727514e-06 0.0010255836 8.0711864e-08 5.305345e-05 0.061511934 3.077019e-06 9.324683e-06 7.135351e-05 7.4096698e-09 4.4200036e-07 3.971667e-09 0.24772288 0.00038795287 1.2839499e-07 0.00039439838 6.043226e-07 1.727483e-07 9.7985634e-08 9.376518e-08 2.1318715e-07 3.157226e-07 1.0233359e-07 2.3205845e-07 1.7518512e-07 1.28102124e-08 0.0021022668 0.00051454676 2.3598476e-07
0.63019663 0.07332592 0.037837375 0.0057583516 0.06025218 0.055989664 0.94318575 0.0005909277 0.15212311 7.3142026e-16 0.9955608 0.8957337 0.044812985 0.0017011431 0.011653642 6.1557344e-05 0.89132434 0.8510871 0.033038173 0.00010179275 0.6825703 3.7576032e-05 0.00021687038 8.825797e-06 5.0093182e-05 0.065209754 0.124864906 1.1047791e-06 4.6379364e-07 0.6415937 0.00015882033 0.015454344 0.023344416 1.210432e-07 1.4261279e-06 0.45843753 4.5115368e-07 0.00017827027 0.001411076 0.0074882293 0.0014565969 0.1975888 0.002305911 0.0010964171 0.0064971494 0.00011621927 6.0497164e-06 0.00043705138 5.718181e-05 0.0011003132 0.0021586611 2.2524666e-06 7.080324e-05 0.00039535054 7.276528e-05 0.10472893 8.144224e-06 4.8565547e-05 7.935585e-07 0.0011040609 0.00012882533 2.651858e-06 4.039919e-08 0.00037153222 3.7793605e-05 7.366058e-07 5.5532916e-09 0.00050658424 5.226479e-06 4.7222795e-08 0.018080093 7.5119094e-10 0.0006030745 3.4596285e-06 0.0048368573 3.920018e-08 0.0008498989 0.0012853668 3.685452e-05 1.4074634e-06 0.0026436858 1.3299155e-09 1.65646e-07 1.3161808e-08 0.084327154 1.6687005e-05 5.2595897e-06 0.00047017817 4.8504815e-05 5.6784096e-08 1.2591532e-07 7.2803275e-08 6.053046e-08 4.1170996e-09 4.909588e-08 3.7476805e-10 3.65758e-07 5.3449614e-09 0.0015779064 0.0005797007 3.2948407e-08
0.70917827 0.02781394 0.014167733 0.004682061 0.035420362 0.04608297 0.95787954 0.0003987794 0.08517182 0.9955608 4.3504476e-17 0.5585396 0.020017378 0.0013051316 0.009044691 0.000100184596 0.7284438 0.89798945 0.04240776 6.4718406e-05 0.8280356 1.2217781e-05 0.0001730409 4.5934235e-06 7.294565e-05 0.043558914 0.060960118 8.9371633e-07 9.1478887e-07 0.78295475 0.00021885292 0.00992059 0.020761272 7.4531357e-07 4.4881187e-07 0.6506337 7.5260687e-07 0.00013104735 0.001772609 0.008102083 0.00089201896 0.31949818 0.0032414587 0.0012763472 0.008516458 7.855686e-05 5.8276346e-06 0.00024408195 7.16556e-05 0.0015134834 0.0026661628 1.9143802e-06 3.2199514e-05 0.0005683167 3.4563025e-05 0.16753769 1.0878165e-05 4.9519494e-05 1.8472045e-07 0.001208136 0.00017545439 2.0877076e-06 3.647084e-08 0.00034972676 6.271754e-05 5.9625654e-07 1.00102255e-08 0.00078155135 4.4721155e-06 2.0455436e-08 0.043339826 3.7495465e-10 0.00057893107 2.6334628e-06 0.008948874 3.9172377e-08 0.0016196794 0.0015184067 9.884561e-05 1.6366834e-06 0.0058179894 2.2033715e-09 4.6547927e-07 6.9366455e-09 0.07177063 1.1959342e-05 7.702528e-06 0.001001377 0.00021942492 1.846773e-07 2.4006334e-07 2.3418582e-07 5.784953e-08 3.2818808e-09 9.73103e-08 2.982373e-09 6.9709046e-07 1.5377122e-08 0.0029663157 0.0007247976 3.999644e-08
0.97449744 0.055080164 0.014638823 0.047243223 0.056078564 0.09912392 0.9017894 0.0035587782 0.8980022 0.8957337 0.5585396 1.0011179e-12 0.7582895 0.016568845 0.66011703 0.00040533848 0.89724207 0.20215933 0.0050650714 8.4844854e-05 0.6334221 1.5324662e-05 0.045307122 4.750028e-05 0.00035673508 0.91235596 0.9309889 2.7175267e-06 4.467772e-06 0.764559 9.396261e-05 0.38225392 0.8416816 7.3879764e-06 1.3810497e-05 0.29609898 1.3125647e-06 0.039442077 0.00023629791 0.078058906 0.011194546 0.25750485 0.000653447 0.06606642 0.032923073 5.3558302e-05 6.673367e-06 0.00040013768 1.5614087e-05 0.1305262 0.00030245425 5.673189e-07 2.8935305e-05 0.11971069 2.5717487e-05 0.33313894 1.5539603e-05 0.0015644457 4.858405e-06 0.22425753 0.05032315 1.787113e-06 2.1601563e-06 0.00017661326 2.957215e-05 8.847653e-07 2.6296265e-09 0.00045571386 0.0005988218 6.157795e-07 0.006277894 5.1050058e-09 0.00010478809 0.00041694866 0.0019022034 6.239833e-06 0.00026882938 0.3527993 1.1577251e-05 3.9992267e-07 0.0004429997 1.2641664e-08 1.8165564e-06 1.0440682e-08 0.35476136 0.0006246362 1.6767173e-06 0.00262795 6.0733946e-06 5.188834e-08 8.970667e-08 5.5869197e-08 4.8073497e-07 1.7800667e-07 5.930617e-08 1.7559258e-07 1.0038889e-06 2.5196107e-08 0.004294204 0.000727214 9.0094744e-07
0.86077064 0.19123179 0.028398175 0.15525888 0.060930386 0.14516789 0.47244698 0.017660048 0.99336565 0.044812985 0.020017378 0.7582895 1.6968894e-12 0.5355964 0.98682 0.0005429881 0.01963648 0.0004748527 0.0021458666 1.2700689e-05 0.13339591 8.232539e-07 0.2511909 3.438464e-05 0.0030726104 0.8630336 0.33662254 1.3605919e-07 4.405685e-06 0.17165576 0.00016915788 0.0034978816 0.1517057 2.586028e-05 1.6270887e-06 0.014588213 4.855869e-07 0.18631661 4.6781348e-05 8.468422e-05 2.4095054e-05 0.011621379 0.00087147293 0.00017128707 0.030256566 4.7339586e-06 5.0080116e-06 5.40619e-06 3.516351e-05 0.0040048417 7.9991705e-06 7.419407e-07 3.2197684e-06 0.00013840025 1.7691872e-06 0.31671965 3.6052353e-07 9.122716e-06 4.0352046e-07 0.1995591 0.0019784654 8.626511e-08 3.5257308e-08 6.0772013e-06 2.897033e-06 2.7384635e-07 8.9038527e-10 0.00021410474 4.089463e-06 6.7466193e-09 0.0003255809 1.012088e-09 1.7463582e-05 4.5533716e-06 0.00014777997 4.7760036e-08 1.9627832e-05 0.13532253 5.3503067e-07 2.0868576e-06 2.0622942e-05 3.2617489e-09 3.0776778e-07 2.220763e-09 0.15053524 0.0015431207 1.3919258e-08 0.00012137098 1.6729247e-07 1.532208e-08 1.0606556e-08 6.577902e-09 7.0045616e-08 1.2876081e-08 6.049477e-09 6.7239325e-09 7.4027234e-08 2.5900347e-08 0.00021557006 0.0001533894 3.9978232e-07
0.5877511 0.62227017 0.57840675 0.88526803 0.28366947 0.34239578 0.035564452 0.9944179 0.33663243 0.0017011431 0.0013051316 0.016568845 0.5355964 1.5149687e-13 0.74165285 0.2520882 0.00016716817 1.9417967e-05 0.009810184 0.017974192 0.016736861 0.004972514 0.96214205 0.018295223 0.85859716 0.0041765347 0.00036609152 0.00046685216 0.061549865 0.009021135 0.007869273 6.626352e-05 0.0002357105 0.09935722 0.019172164 0.0010770952 0.0012894043 0.57990795 9.3951414e-05 1.5171255e-06 6.5829195e-06 0.00031643384 0.0021069644 3.881901e-06 0.11945053 4.916033e-05 9.787969e-05 7.0850984e-07 0.00024656163 2.4085555e-06 9.4040695e-07 1.1641689e-05 2.7539207e-07 4.3126187e-07 6.9384626e-08 0.06462066 1.1104519e-07 1.1964928e-06 2.1318724e-06 0.0017252187 7.6590215e-05 5.9666775e-07 7.1825175e-06 1.066106e-07 1.124552e-06 1.0147373e-05 6.0952057e-06 0.0015291551 2.0811068e-07 4.887517e-09 0.000112763955 9.157918e-07 0.00018021846 1.6561868e-05 0.00013032273 2.251619e-07 1.8928342e-05 0.00017518988 1.446379e-06 0.00036222654 9.133702e-06 2.768146e-06 6.243538e-07 1.1269251e-07 0.0048670587 0.0017143602 1.923887e-07 0.0004642075 2.6250416e-07 8.954063e-09 6.8970316e-08 3.127319e-07 8.601636e-08 5.967335e-08 4.003132e-08 1.2263733e-08 1.2323233e-06 3.6170803e-08 0.00047484387 0.00043425232 2.9040078e-07
0.90030545 0.5264516 0.029716354 0.4459027 0.19234842 0.41399527 0.56775296 0.039109915 0.7375322 0.011653642 0.009044691 0.66011703 0.98682 0.74165285 1.0987771e-12 0.002007191 0.004104246 4.9215545e-05 0.002827416 0.00042237857 0.14692657 6.724049e-05 0.97518235 9.2196635e-05 0.015168443 0.2767884 0.028973505 8.156209e-06 0.0006050043 0.1254384 0.00030855232 0.00081570924 0.09927714 0.0010043926 1.7064327e-05 0.008557985 9.0677495e-06 0.8483405 4.6099136e-05 5.1643674e-06 1.3814421e-05 0.0080993045 0.0006506857 2.0302768e-05 0.08716517 3.265724e-05 0.00015749366 5.982886e-06 9.648681e-05 0.0016825456 7.225684e-06 2.0093426e-05 1.0527194e-05 6.686474e-05 7.1901522e-06 0.6154143 7.4079495e-08 7.684503e-07 4.284842e-06 0.79408884 0.0038076662 1.5243712e-06 3.4468616e-07 1.4683668e-05 9.933137e-06 8.826874e-06 1.0946298e-07 0.0014998489 3.43364e-05 3.4186634e-08 0.00037727688 2.1757844e-08 6.857173e-05 3.0014446e-05 0.0001260574 2.7806316e-06 7.5109147e-06 0.22382252 2.743723e-07 3.2720618e-05 4.077706e-06 1.3937277e-07 1.5850757e-06 4.4110948e-08 0.17169075 0.027250076 2.6834883e-08 0.0015637402 9.491859e-08 1.4998115e-07 5.4836454e-07 3.7244043e-08 2.7524331e-06 4.965597e-07 3.3620196e-07 2.7103715e-07 1.5704684e-06 1.5032828e-07 0.00044083054 0.00018535867 4.2106867e-06
0.9855359 0.11107226 0.09142618 0.16273406 0.19043389 0.24697049 0.0074685123 0.46004447 0.0014967832 6.1557344e-05 0.000100184596 0.00040533848 0.0005429881 0.2520882 0.002007191 1.379633e-11 2.10598e-05 3.6661627e-06 0.041939355 0.7649459 0.02954061 0.3564729 0.01865504 0.5592017 0.9814263 4.4166874e-05 7.7412e-07 0.12429612 0.9075365 0.028267471 0.81063217 9.76758e-06 9.603474e-06 0.7822764 0.86372584 0.005424509 0.36401188 0.0006889541 0.001911105 3.869912e-07 3.5622697e-06 0.004878014 0.13656756 1.799737e-06 0.84085363 9.133819e-05 0.16274 3.3910388e-07 0.03827457 6.070149e-07 9.199739e-06 0.04912992 4.048903e-06 9.317454e-08 3.8923954e-06 0.15224329 8.0343765e-10 5.15256e-08 3.5573814e-06 0.0004990118 8.340954e-06 2.1807807e-06 0.0014177186 8.110952e-05 0.00017941624 0.001223631 0.0022302493 0.40325382 1.4666231e-05 9.583705e-09 0.006755928 0.00012428653 0.03128949 1.3278695e-06 0.00465472 2.4886872e-06 0.0013344743 4.0473333e-07 4.8519203e-05 0.0011401314 0.00032148193 7.935063e-05 0.00035296552 2.5530546e-05 0.115375355 0.00016190477 3.0123545e-06 0.0026839608 8.304062e-06 2.7877093e-07 4.483963e-06 2.4346007e-06 0.00028400787 8.3197534e-05 3.1186228e-05 5.4401724e-05 0.00026849937 1.8468797e-06 0.005036719 0.021243352 0.000205558
0.94078964 0.0021048004 0.00083892094 0.00027382796 0.0023288887 0.0037092846 0.18674733 3.7222293e-05 0.041132182 0.89132434 0.7284438 0.89724207 0.01963648 0.00016716817 0.004104246 2.10598e-05 1.1126328e-12 0.9651461 0.0025509968 1.988651e-05 0.35357058 1.5292447e-06 1.9942305e-05 5.230239e-06 9.125265e-06 0.24935682 0.8347846 1.7382074e-06 4.5350248e-07 0.69157785 0.000137857 0.9308236 0.28551707 9.1476454e-07 3.2088246e-06 0.4398587 2.9265692e-07 2.9772014e-05 0.00037298055 0.8673052 0.31310967 0.6815193 0.0011122666 0.26369408 0.0056729973 0.018606957 1.2354199e-05 0.051999357 6.395612e-05 0.099256046 0.34214905 2.3065684e-06 0.0031815774 0.14386371 0.0024998793 0.116881214 0.0053702868 0.026812645 0.00015493885 0.0011584697 0.010231506 0.00017272237 4.666024e-07 0.011271402 0.0020412111 3.9491247e-06 8.944146e-09 0.00014457255 0.0010906563 5.0096904e-05 0.061362218 4.031619e-09 0.00031923823 0.00015013939 0.0026928831 1.2176568e-05 0.00052155927 0.028708223 0.0015755704 3.7898617e-06 0.004590516 1.5042989e-08 6.0620907e-05 1.7002296e-08 0.6165716 0.00015563563 0.001161462 0.011850522 0.001190905 8.218337e-06 9.667005e-06 1.2914853e-05 2.7234864e-06 1.8753644e-06 7.0529137e-07 6.205863e-08 1.2701737e-06 1.0005054e-06 0.018125895 0.0011133819 3.9977913e-06
0.92024887 0.0040594386 0.004251447 0.00012135269 0.007293254 0.0047452087 0.32065207 1.8415058e-05 0.0011737597 0.8510871 0.89798945 0.20215933 0.0004748527 1.9417967e-05 4.9215545e-05 3.6661627e-06 0.9651461 3.6563867e-13 0.036763567 2.2448225e-05 0.60447085 3.992678e-06 6.7541976e-07 1.275519e-05 2.7321425e-07 0.0015286477 0.017447578 2.4799567e-06 5.025201e-08 0.9050568 0.00020404042 0.05237292 0.0013057516 4.786354e-08 5.087975e-07 0.9155329 1.3963505e-06 3.714311e-07 0.009383851 0.40757155 0.022153514 0.9240408 0.0024969834 0.0025730738 0.004711927 0.03683762 9.0787427e-07 0.02411211 2.2831306e-05 0.0004411977 0.68948007 1.8154813e-06 0.0027665535 0.00021061898 0.002757073 0.10536219 0.0004373689 0.00027275804 3.6289024e-05 2.8220347e-06 6.8880756e-05 0.00015308995 5.2998377e-07 0.06644621 0.004621892 5.442769e-06 1.04731335e-08 0.00033423927 1.0331084e-05 4.748441e-06 0.26199517 5.154877e-09 0.0012248604 4.2460715e-06 0.019046003 4.455105e-08 0.00581709 4.6538164e-05 0.008898086 2.527249e-06 0.0892779 1.0615745e-08 4.4666453e-07 6.005552e-08 0.6301827 6.867925e-07 0.0033614892 0.028301552 0.056497846 1.6364578e-05 1.5535823e-05 5.4711665e-05 3.6692895e-06 1.6497149e-06 7.2672165e-08 4.169194e-08 3.286584e-06 2.8175923e-06 0.029390944 0.0015650494 5.21793e-07
0.94696176 0.32156435 0.7012132 0.08516398 0.867578 0.8815098 0.22677721 0.07991473 0.0076035475 0.033038173 0.04240776 0.0050650714 0.0021458666 0.009810184 0.002827416 0.041939355 0.0025509968 0.036763567 1.8653538e-12 0.14389831 0.8851953 0.10121356 0.0026454097 0.0059971334 0.019666545 0.0009775792 0.00022958676 0.031872068 0.0043136515 0.59047085 0.9231673 0.00026456921 0.000102197395 0.00304766 0.0024419758 0.67942 0.00023922177 8.974672e-06 0.96539295 0.00021595815 4.3826425e-05 0.047135916 0.72331816 2.4375917e-05 0.8163937 1.096569e-05 0.008613076 2.9335275e-05 0.014190118 8.6454465e-06 0.00089440786 0.0027753927 8.287282e-06 3.7216241e-06 3.992613e-06 0.8169242 1.1965441e-06 3.4458642e-06 1.4334346e-07 3.3257522e-05 3.1909665e-06 5.339077e-07 0.0009812999 0.00026429584 7.781737e-06 0.0018476347 8.790629e-05 0.05483607 4.486289e-08 3.007926e-09 0.14057817 5.0983044e-06 0.16666198 1.0165019e-07 0.1322274 3.813633e-09 0.08199022 7.5739176e-06 0.00030939947 0.00012217484 0.0250874 5.746748e-08 3.141314e-05 3.0069796e-07 0.095914 3.2496234e-06 9.655289e-07 0.0012656393 0.001671469 7.081454e-08 7.0337336e-08 1.9399862e-07 7.26082e-05 7.852708e-06 4.8040516e-08 1.2810553e-08 0.00013413827 1.338406e-07 0.002356569 0.020513453 1.9987153e-06
0.94540566 0.0019284383 0.1595832 0.0030136018 0.01684355 0.0067129107 0.00047293917 0.105846666 8.068989e-05 0.00010179275 6.4718406e-05 8.4844854e-05 1.2700689e-05 0.017974192 0.00042237857 0.7649459 1.988651e-05 2.2448225e-05 0.14389831 4.3302543e-14 0.0039193607 0.9871728 0.0048317886 0.98036075 0.1875014 2.0041256e-05 2.0354735e-06 0.70701474 0.105358 0.0033294472 0.7518171 4.0171562e-06 1.28194215e-05 0.103329666 0.4749534 0.0012090702 0.8279385 0.000112115005 0.0076836403 8.096269e-07 1.1712497e-06 0.00033614604 0.14646319 1.0939327e-07 0.29433116 6.0080374e-08 0.21930407 5.7802097e-08 0.09287521 1.318832e-08 4.776013e-06 0.05811202 1.6335933e-07 5.5968393e-08 1.5697054e-07 0.013351503 2.7837944e-08 2.1155888e-06 2.6409438e-07 3.9378874e-06 8.2081027e-07 1.9385666e-08 0.18316884 1.0888706e-06 1.1219885e-06 0.017599555 0.0017508434 0.87888545 4.8136525e-07 1.4234436e-07 0.0060748607 0.0037112185 0.09260619 5.408209e-07 0.0051074703 4.794095e-07 0.005841184 2.3949294e-06 6.214066e-06 8.406737e-05 0.00037214643 6.0950805e-07 0.00042573214 5.204974e-07 0.013822397 5.5828117e-05 6.179132e-07 0.00031786753 1.6197396e-06 2.9248952e-07 2.6374678e-07 4.3516357e-07 6.92748e-06 1.8529106e-05 7.486096e-07 5.249783e-06 2.5874922e-06 5.7186796e-08 0.0013891502 0.02228435 7.580588e-06
0.98305744 0.5376076 0.33312094 0.32864344 0.71960914 0.8101051 0.93476665 0.04394324 0.51830775 0.6825703 0.8280356 0.6334221 0.13339591 0.016736861 0.14692657 0.02954061 0.35357058 0.60447085 0.8851953 0.0039193607 7.6080017e-13 0.002469252 0.0081664445 0.0012014279 0.009272408 0.17703484 0.12995136 0.0010488782 0.0012726964 0.851997 0.0038407082 0.12097951 0.08357874 0.0013226734 7.828725e-05 0.84440506 3.1322513e-06 0.0006896197 0.19070284 0.08524243 0.0150671685 0.20623446 0.06078722 0.009011688 0.10611595 0.0011484425 6.8421155e-05 0.0010560004 0.00015648127 0.0029571177 0.0016066236 1.2134764e-05 0.00010267138 0.002386361 0.00013408394 0.8610808 8.091406e-05 0.00048962794 8.00317e-06 0.013987458 0.0006610037 2.0090638e-06 2.4000063e-05 0.000388906 9.2505776e-05 1.674842e-05 2.0057641e-07 0.0023098893 4.0257066e-05 1.2574276e-07 0.09289922 6.3375853e-07 0.0027264701 1.3253015e-06 0.046721347 9.2536385e-07 0.015332659 0.0054094037 9.820405e-05 1.2047044e-06 0.012684875 3.4654646e-09 1.075596e-06 6.9487753e-09 0.13776597 2.346108e-05 1.3185939e-05 0.002420314 0.00024648898 7.1104955e-07 1.8355549e-07 8.28593e-08 7.352218e-07 9.620816e-08 2.9798725e-08 1.0288235e-07 5.2305296e-07 2.8737176e-08 0.0068144947 0.0024018371 7.960405e-08
0.9161966 0.0006736697 0.035944622 0.0007466657 0.009216755 0.002834699 7.894793e-05 0.022518218 3.3962936e-06 3.7576032e-05 1.2217781e-05 1.5324662e-05 8.232539e-07 0.004972514 6.724049e-05 0.3564729 1.5292447e-06 3.992678e-06 0.10121356 0.9871728 0.002469252 1.1568165e-15 0.0004193687 0.81772375 0.04282468 2.8513628e-06 1.755369e-08 0.9919462 0.0315338 0.0018432498 0.8426823 2.802025e-07 7.612358e-07 0.018198097 0.14896475 0.00048229375 0.54579186 6.8395607e-06 0.0074647283 5.494072e-09 1.8076075e-07 0.00017427436 0.13707256 3.1459923e-08 0.17479517 4.286272e-08 0.32283798 7.4230653e-09 0.34484175 2.6856783e-09 1.2117464e-07 0.21597765 2.0514243e-08 6.8728125e-09 1.891108e-08 0.016719878 6.698319e-09 5.5825933e-07 1.3012271e-07 8.265603e-07 7.5030925e-07 6.283173e-08 0.62702876 1.479192e-07 1.089659e-06 0.11907793 0.01634266 0.7630488 1.3028184e-08 2.6546625e-09 0.0058875917 0.028040342 0.22951217 5.1128428e-08 0.009897644 3.067501e-07 0.008030644 2.2552328e-08 1.6718865e-05 0.00096152455 0.00062713237 9.111886e-05 0.0030018182 1.8888271e-05 0.009391653 7.691197e-07 1.3058984e-06 0.00021101968 2.6751609e-06 2.2671848e-07 2.3573038e-07 1.2651554e-06 0.000219508 0.0006158903 1.5843881e-06 4.52962e-06 8.717804e-05 5.704542e-07 0.00075160485 0.022458447 5.250226e-05
0.6168136 0.34079596 0.02871112 0.491969 0.13111195 0.27267665 0.061666068 0.11189862 0.15320027 0.00021687038 0.0001730409 0.045307122 0.2511909 0.96214205 0.97518235 0.01865504 1.9942305e-05 6.7541976e-07 0.0026454097 0.0048317886 0.0081664445 0.0004193687 5.2560132e-14 0.0023153634 0.1381558 0.0043616286 8.926346e-05 1.09609855e-05 0.0098857535 0.0019972285 0.00016519475 1.732169e-06 0.000982724 0.013927764 0.00024342131 5.400442e-05 7.494791e-05 0.9950482 5.3956205e-06 4.3005123e-08 4.083027e-07 5.196951e-06 4.6933277e-05 2.75826e-07 0.087423876 1.1716105e-06 0.00014480988 1.1924016e-07 7.254743e-05 1.6545678e-06 9.872759e-08 6.473084e-06 5.465497e-07 1.8039047e-07 2.8560314e-07 0.16841704 5.587919e-09 2.0774782e-07 9.265463e-07 0.07295042 3.5292128e-06 7.077039e-08 3.546443e-08 2.4067115e-08 5.366552e-07 9.603028e-07 1.2558492e-07 0.00081790483 4.346383e-06 6.3614886e-10 2.6245648e-06 1.8742083e-09 2.430221e-06 1.6158499e-06 8.02427e-06 1.4120216e-07 9.3470334e-07 0.0005795597 7.4375777e-09 5.3739626e-05 7.834075e-08 1.15095595e-07 8.324086e-07 3.147877e-08 0.013409775 0.022264099 8.814196e-10 6.672072e-05 2.3705145e-09 1.7404998e-08 1.3278158e-07 5.2619953e-09 7.1319835e-07 4.9677953e-07 1.870235e-08 9.8883824e-08 5.5970854e-06 6.171334e-09 6.6846e-05 0.00011801715 2.5625533e-07
0.87672555 0.00095961447 0.021141173 0.0013954333 0.005304789 0.0033358594 0.00025241662 0.04597926 3.853086e-05 8.825797e-06 4.5934235e-06 4.750028e-05 3.438464e-05 0.018295223 9.2196635e-05 0.5592017 5.230239e-06 1.275519e-05 0.0059971334 0.98036075 0.0012014279 0.81772375 0.0023153634 1.81755e-13 0.14209928 4.7781294e-05 2.8064258e-06 0.78768015 0.12659653 0.0015410949 0.3873915 2.3068633e-06 1.5076086e-05 0.10362175 0.9341373 0.0005350692 0.9887821 0.0003057051 0.00034350943 2.8053782e-07 1.09963736e-07 6.203571e-05 0.011424192 1.6731879e-07 0.04888224 4.1985746e-07 0.12898882 1.2523272e-07 0.031568944 5.9218655e-07 4.503797e-06 0.057991255 3.151351e-07 1.8382947e-07 4.1072406e-07 0.008649294 3.5784055e-08 8.4057305e-08 4.3665864e-08 7.18487e-07 5.530812e-06 1.7266166e-07 0.13996103 1.0119728e-06 3.8463966e-07 0.013135672 0.0036094463 0.71262777 4.702813e-07 1.0869008e-07 0.00071823807 0.0016405511 0.0103700515 2.5457596e-06 0.0015123795 2.2125812e-06 0.0008164553 1.4811746e-08 1.1120167e-06 0.0018640439 5.993831e-05 3.4999804e-05 0.0016564018 8.759211e-06 0.009620781 3.0566073e-06 1.0692785e-06 0.0001763011 4.3649734e-07 1.2292527e-06 3.6145752e-07 1.2330527e-07 0.00023582966 0.00077680463 3.20155e-06 1.1933936e-05 0.00022273014 7.221219e-08 0.00018907781 0.0042877123 0.00016621404
0.32661417 0.22024716 0.2549944 0.5464192 0.2398564 0.14621837 0.0037150285 0.7374897 0.0037682706 5.0093182e-05 7.294565e-05 0.00035673508 0.0030726104 0.85859716 0.015168443 0.9814263 9.125265e-06 2.7321425e-07 0.019666545 0.1875014 0.009272408 0.04282468 0.1381558 0.14209928 2.0586642e-15 0.000101599566 1.05813044e-07 0.0034613316 0.97194415 0.0031982178 0.09297032 1.9515812e-06 1.3754728e-05 0.98684037 0.097642295 0.00077205675 0.027849108 0.016224682 0.00022762635 2.143695e-08 1.602984e-07 0.0002583244 0.008455423 1.2510121e-08 0.06659008 5.3305886e-08 0.0009022429 4.3932732e-10 0.0017936638 1.1795941e-08 3.2856107e-07 0.00048920856 4.7450928e-09 3.4971974e-09 2.4244902e-09 0.008416821 5.1075134e-11 8.2146523e-10 2.881649e-08 0.0002029792 5.4452682e-09 1.6346865e-08 8.041296e-05 4.05706e-07 1.15652234e-07 1.1681725e-05 4.5495735e-06 0.0066673937 2.9453653e-07 1.1210995e-10 0.00066381297 6.5447387e-07 0.0005982097 8.964149e-08 0.0007184271 1.039395e-08 0.00030610326 3.451064e-06 1.2442373e-08 1.3284834e-05 2.8389723e-05 2.7440083e-07 1.10708e-05 1.4730352e-08 0.0016720459 0.0010193279 2.7858855e-09 3.1189764e-05 2.0978103e-08 3.986149e-08 1.4589101e-07 2.6056133e-08 2.943922e-07 2.7489705e-06 1.1565858e-06 3.2063776e-06 1.09955145e-05 2.3735308e-10 0.00010518478 0.0006361128 7.8266794e-07
0.86298376 0.011617789 0.00087245007 0.0043356647 0.014324016 0.028831497 0.36835575 0.0002898683 0.357645 0.065209754 0.043558914 0.91235596 0.8630336 0.0041765347 0.2767884 4.4166874e-05 0.24935682 0.0015286477 0.0009775792 2.0041256e-05 0.17703484 2.8513628e-06 0.0043616286 4.7781294e-05 0.000101599566 1.6751512e-15 0.9892369 1.657536e-07 1.5463343e-06 0.31839657 6.112865e-05 0.08303559 0.98598456 3.99197e-06 4.1116968e-07 0.046944723 1.8746474e-06 0.07769508 2.0753338e-05 0.0014242321 0.00072473503 0.07190551 0.00015809061 0.0077493745 0.0053260415 9.708983e-05 9.802996e-06 4.1272542e-05 3.7212638e-05 0.38907844 0.00013661315 3.5850976e-06 3.3063254e-05 0.03257182 6.1895e-05 0.12534395 2.4952346e-06 0.00023915494 4.613821e-06 0.5761958 0.25491914 4.494083e-06 1.5623485e-07 2.5976578e-05 4.4321856e-05 1.55096e-06 1.7944345e-08 0.00023833415 0.00016226554 3.958149e-07 0.00091636763 8.80291e-09 2.4475245e-05 0.0017836016 0.0001711419 1.1939394e-06 9.773311e-06 0.71430546 4.975822e-07 2.1466637e-06 4.965768e-05 5.8738568e-08 5.2654093e-07 1.059406e-08 0.21004029 0.021219544 1.7473843e-07 0.0003542649 1.5417628e-07 2.7185143e-08 4.507861e-08 1.6195292e-08 1.0603002e-07 4.643289e-08 1.6356688e-08 4.5680594e-08 5.923085e-07 2.3055676e-08 0.0006787485 0.00021718397 1.5017524e-07
0.88589793 0.008258718 0.0001650535 0.0004822441 0.0076006143 0.008854111 0.2067614 3.8627195e-06 0.1132406 0.124864906 0.060960118 0.9309889 0.33662254 0.00036609152 0.028973505 7.7412e-07 0.8347846 0.017447578 0.00022958676 2.0354735e-06 0.12995136 1.755369e-08 8.926346e-05 2.8064258e-06 1.05813044e-07 0.9892369 2.6057616e-16 1.8325497e-09 2.892512e-09 0.4273005 9.268915e-06 0.78841555 0.9670993 1.4087552e-08 2.9922546e-08 0.111938 7.679968e-07 0.0023431398 2.2097931e-06 0.10900505 0.02035593 0.17228332 0.00010963469 0.11819318 0.0046563335 0.00064583385 4.2791103e-07 0.0010192745 3.8661806e-06 0.5351729 0.003808716 3.9125987e-07 0.000113898044 0.07531853 4.0287257e-05 0.18581565 0.00013887224 0.008405591 8.947222e-06 0.03535923 0.11333273 2.2605427e-06 1.1553895e-08 0.00024499846 6.702224e-05 8.357355e-08 4.5333817e-09 0.00027733357 0.0011728996 5.1568372e-06 0.009578019 1.3310372e-09 6.723581e-05 0.002763966 0.00030403733 6.882874e-07 2.431648e-05 0.13525823 4.2042548e-06 2.2657985e-06 0.00062099134 1.5315916e-08 8.037447e-07 2.24039e-08 0.56460845 0.0019013066 1.3281242e-06 0.001367126 1.4525801e-06 4.112432e-08 3.5795782e-07 4.6290108e-07 5.1631453e-08 6.042999e-08 9.159416e-08 1.00619914e-07 1.5408359e-08 2.143413e-08 0.007674083 0.00018510394 1.1390378e-08
0.902879 0.00037026437 0.0054326863 0.00018857486 0.00300654 0.0015708773 3.8387236e-05 0.0020743948 2.755723e-07 1.1047791e-06 8.9371633e-07 2.7175267e-06 1.3605919e-07 0.00046685216 8.156209e-06 0.12429612 1.7382074e-06 2.4799567e-06 0.031872068 0.70701474 0.0010488782 0.9919462 1.09609855e-05 0.78768015 0.0034613316 1.657536e-07 1.8325497e-09 1.0198871e-14 0.007874533 0.0006086737 0.7705085 1.6147106e-07 7.912702e-07 0.0032130573 0.17646353 0.00022792768 0.836681 2.1852638e-07 0.0017367535 4.9807664e-10 4.5896922e-08 4.861026e-05 0.0445296 2.1667645e-08 0.057443652 1.7683075e-07 0.6793696 1.1516245e-09 0.68148804 1.1672698e-10 3.1179994e-08 0.6261493 4.3643364e-09 6.235055e-10 6.7567456e-08 0.010317921 1.2487271e-10 1.6333711e-08 5.7071073e-08 4.7338653e-09 2.451452e-08 4.2221462e-08 0.94402933 3.9029928e-08 2.3619911e-07 0.7049845 0.16703464 0.9055567 1.7881638e-09 5.5513594e-11 0.0016458996 0.26035553 0.28541028 1.0888066e-09 0.0038495217 2.6070447e-08 0.007919048 3.955338e-09 2.9064613e-06 0.013957855 8.916425e-05 0.0012355989 0.031986192 0.00040290772 0.0022666145 6.499767e-09 1.6607135e-07 2.4596991e-05 6.596576e-08 3.6485085e-07 6.5872814e-07 1.1171032e-07 0.003890095 0.0075433585 0.00012004737 1.9481198e-05 0.0019630566 1.3278613e-07 0.00034293727 0.020743964 0.0002828275
0.44894207 0.02122021 0.020364387 0.08348084 0.043914806 0.045511167 0.00036180933 0.31816003 5.1109542e-05 4.6379364e-07 9.1478887e-07 4.467772e-06 4.405685e-06 0.061549865 0.0006050043 0.9075365 4.5350248e-07 5.025201e-08 0.0043136515 0.105358 0.0012726964 0.0315338 0.0098857535 0.12659653 0.97194415 1.5463343e-06 2.892512e-09 0.007874533 1.1221535e-15 0.00048451236 0.14454654 1.3030403e-07 1.2403105e-07 0.99962574 0.96463966 0.00012646355 0.034924544 0.00075180526 2.6877899e-05 3.1879797e-08 1.4294184e-07 7.196385e-05 0.0041805096 2.1733486e-09 0.03927545 6.525442e-09 0.005894474 2.9312658e-10 0.0018360714 9.342781e-11 1.3007973e-08 0.0014503987 3.233708e-08 8.824726e-10 5.693557e-09 0.0030766672 8.028552e-11 1.655596e-09 1.4271048e-08 1.12948e-06 1.4072901e-10 4.353952e-09 0.0006921662 3.5069164e-07 9.4342646e-08 5.454849e-05 0.00012768354 0.011324213 2.0338393e-10 5.4664323e-10 0.00018277128 1.0345301e-05 0.0027496747 1.5240752e-09 0.00029310427 4.949942e-09 8.072984e-05 2.946555e-08 3.3617469e-09 2.4740852e-05 4.035578e-05 1.3981041e-06 2.8997185e-05 6.8143645e-06 0.00048526493 1.2350098e-07 6.3363754e-09 6.784757e-06 7.996512e-09 1.7669695e-10 2.9604283e-09 1.2135747e-07 1.3157938e-05 2.2899155e-06 1.3428547e-06 5.0715453e-08 1.8159704e-05 2.5390272e-09 5.307714e-05 0.00070048455 9.2845244e-07
0.98964924 0.24921438 0.13784575 0.15867454 0.38754866 0.47222266 0.8056303 0.028331297 0.4844436 0.6415937 0.78295475 0.764559 0.17165576 0.009021135 0.1254384 0.028267471 0.69157785 0.9050568 0.59047085 0.0033294472 0.851997 0.0018432498 0.0019972285 0.0015410949 0.0031982178 0.31839657 0.4273005 0.0006086737 0.00048451236 5.8996913e-12 0.00078956963 0.5757057 0.40755093 0.00046273734 7.437792e-05 0.95211726 2.0350756e-06 0.00035407694 0.11283346 0.42340013 0.19299084 0.61043644 0.015394174 0.08284843 0.02275641 0.020294767 6.4479376e-05 0.013208657 0.00010287004 0.026553208 0.032415047 1.27603735e-05 0.0012549 0.024626426 0.0012308123 0.46337658 0.0017384081 0.004533058 0.00022656797 0.011843235 0.008585922 0.00011377266 2.2101083e-05 0.0041555134 0.0013848845 1.1050715e-05 1.1305657e-07 0.0013631122 0.00044826974 1.9067237e-06 0.18253595 3.050953e-07 0.0011283206 1.3667458e-05 0.04032488 3.816156e-06 0.015720906 0.01100226 0.0015430133 1.6859595e-06 0.029675206 1.1572951e-08 2.6528396e-06 1.8809564e-08 0.18729621 2.592787e-05 0.0009461576 0.004378263 0.0036478012 1.2556541e-05 1.3012067e-06 8.7619793e-07 4.976814e-07 3.2829217e-08 6.705878e-08 8.190146e-08 2.248973e-07 5.444067e-08 0.009609062 0.0008266732 2.2863123e-08
0.9841003 0.033247937 0.24232736 0.05618379 0.34167328 0.27810633 0.0017494722 0.13646467 0.0011737243 0.00015882033 0.00021885292 9.396261e-05 0.00016915788 0.007869273 0.00030855232 0.81063217 0.000137857 0.00020404042 0.9231673 0.7518171 0.0038407082 0.8426823 0.00016519475 0.3873915 0.09297032 6.112865e-05 9.268915e-06 0.7705085 0.14454654 0.00078956963 2.548128e-13 5.6203367e-06 1.967461e-05 0.06551222 0.119481385 0.0016042811 0.093111776 2.2460315e-06 0.850123 3.2308785e-06 1.2490548e-06 0.0004971189 0.9302645 6.012913e-07 0.63670343 1.3355622e-06 0.4855853 2.4082235e-07 0.36079857 1.1910492e-07 3.7229022e-06 0.17056961 4.606775e-07 2.2841607e-07 1.8305377e-07 0.04842325 3.4863366e-08 1.0671899e-06 7.327805e-08 2.2195934e-06 6.9839604e-07 7.94113e-08 0.101145424 5.284891e-06 6.8391853e-07 0.07039613 0.009714101 0.8419395 4.7676302e-08 6.45195e-10 0.009901081 0.0066166692 0.7552019 4.651917e-07 0.044387255 1.690087e-08 0.114362866 1.4432842e-06 7.820579e-06 0.002757203 0.0017702413 4.8915932e-05 0.0003141205 2.051576e-05 0.018465044 1.153254e-06 9.4954045e-09 4.0260024e-05 1.0841326e-05 1.0996997e-08 9.204192e-09 2.5663622e-08 0.0010049129 0.00025060595 3.9325897e-07 1.9719982e-06 0.00022245437 6.6574333e-09 0.00026903482 0.061817143 1.0521713e-05
