6.5444326e-18 0.96251684 0.88837916 0.9845715 0.8850105 0.9541334 0.9084141 0.91372335 0.80822945 0.85598284 0.98042744 0.93684334 0.9243863 0.9838752 0.92885464 0.9696821 0.9817719 0.80561614 0.97185755 0.8985971 0.9403165 0.966131 0.91626525 0.8961971 0.786261 0.9521918 0.5930932 0.7909042 0.58207697 0.84702015 0.6100766 0.16318017 0.8931699 0.9949095 0.7300383 0.69463646 0.9919355 0.93961495 0.9295345 0.8328908 0.53921115 0.077465735 0.9723715 0.80329144 0.5924004 0.84076273 0.3133836 0.7797364 0.38657138 0.55839 0.96168524 0.99180746 0.9907946 0.28407308 0.8880026 0.3595764 0.98246324 0.9920879 0.97516763 0.17166775 0.33277932 0.041476592 0.15719569 0.014276544 0.98793465 0.092206776 0.11755456 0.9836397 0.12041811 0.5295747 0.020042736 0.014369462 0.9730936 0.24472639 0.9827794 0.01097359 0.8515528 0.99820495 0.8746376 0.47902825 0.8101855 0.00667733 0.30605617 0.92912495 0.9979881 0.987808 0.3822119 0.98014724 0.004480533 0.44503024 0.9999226 0.06348777 0.15594779 0.0011018845 0.21678588 0.99949634 0.004438986 0.00082689465 0.6674311 0.000119945755 0.41597104
0.96251684 8.304824e-15 0.1764821 0.9808811 0.9424312 0.7625115 0.0013051908 0.8509284 0.77486914 0.015278397 0.09343844 0.15236181 0.0002895401 0.003732622 0.45751557 0.078399554 0.00926656 0.28721172 0.045422345 0.15446103 0.0110087 0.44990438 0.0019340253 0.015883286 0.03904315 2.2390517e-05 0.00026176858 1.7842105e-05 0.05969738 0.0013045828 0.09905397 0.022887979 0.00047727942 0.097950295 0.021727663 0.021503428 0.012773501 6.508836e-05 0.043227922 5.100663e-06 0.0088304235 0.000105634936 0.01042005 3.2270973e-06 0.0050515956 2.3943812e-06 0.043486845 0.0013581729 2.0129319e-06 0.031207658 8.529439e-05 0.00051284605 0.06300505 4.722906e-06 0.00014247089 0.018511185 3.48468e-05 0.16573703 9.1389426e-05 4.1818905e-07 7.211938e-07 0.0017457056 0.046681788 0.005354403 0.0010563011 5.1854894e-08 2.0902566e-07 1.0080996e-06 2.1544995e-05 8.97073e-09 0.004194497 0.00010469449 0.00069803384 0.00039005151 2.9604314e-05 0.0008270848 1.3916478e-05 0.00021518968 2.291567e-06 1.2407502e-06 6.7764525e-08 0.00033790624 3.8998252e-05 2.4204013e-07 0.0054652058 0.015234892 9.061948e-08 9.059357e-06 2.9667484e-05 2.0677856e-08 0.031694807 5.727751e-08 6.229936e-07 9.365727e-07 8.521861e-05 1.0038597e-05 3.8634254e-05 3.007542e-05 3.428406e-08 2.6911346e-05 0.00024257175
0.88837916 0.1764821 2.72976e-18 0.54782814 0.27886724 0.13997133 0.7450061 0.0035684449 0.023419542 0.96928394 0.95058453 0.3217425 0.31790605 0.88506156 0.00037534663 0.00035716844 1.5163381e-05 0.002485155 0.0019648941 0.260204 0.00026166026 0.0037977041 1.0255899e-05 1.8060903e-06 0.02165426 0.022316527 0.38834596 0.07195411 0.0007790406 0.5381804 0.0030383703 0.00041849934 5.0072977e-05 0.09506884 3.3981676e-05 0.48621312 0.1482264 1.0950178e-06 0.058063515 0.0064762 7.3620686e-07 0.02222363 0.0048181494 0.0009602906 1.1434344e-05 0.00044232234 0.0007097136 1.633175e-08 0.00060924434 0.07109029 3.941335e-05 0.016021771 0.049338933 0.0003456243 0.00022413839 1.2414609e-05 0.0027763406 0.033780437 0.011942887 6.2479544e-06 7.178104e-05 0.0025600046 0.00050183147 0.00042540708 0.012912187 2.833496e-08 1.4173912e-07 1.25879915e-05 0.0007404196 9.1726854e-08 1.4135333e-05 0.012688179 0.00015487784 0.02835309 3.7664956e-06 0.00039984146 6.8669688e-09 9.578599e-05 1.3529254e-07 9.5644355e-06 1.1929515e-06 2.7807166e-06 9.650313e-08 5.7262982e-06 0.012413095 0.009499075 8.9284356e-08 7.6456374e-05 0.0006022452 1.11993224e-07 0.014466827 6.125145e-08 6.3518556e-08 9.692474e-06 2.2856203e-07 0.00067481585 3.4012703e-07 0.00014590751 2.2485386e-10 9.155613e-05 2.5002894e-06
0.9845715 0.9808811 0.54782814 1.2988212e-12 0.6569982 0.3730202 0.02853574 0.23127402 0.24136873 0.038335085 0.5323844 0.114935115 0.005161145 0.07155765 0.09479087 0.11205532 0.011017633 0.072019316 0.35679635 0.9150492 0.03409937 0.16294202 0.0021530024 0.005498935 0.01598467 0.0015994749 0.0017608494 7.294523e-05 0.012779885 0.0122308675 0.022544647 0.0053695343 0.0042556254 0.6004827 0.011865206 0.050196815 0.23589 0.00029833365 0.49870476 7.258012e-06 0.0023968145 0.00012313624 0.18020384 0.00013440746 0.0021577238 0.000108356784 0.0054977317 0.00037561648 3.301068e-06 0.024858711 0.0021020584 0.0069287764 0.31052056 3.6313744e-05 0.004549433 0.0025799673 0.0009121877 0.291297 0.0033999379 4.4433946e-06 2.4544656e-06 0.0006032773 0.00840029 0.0010876185 0.010017189 1.2696148e-07 3.3653717e-07 2.2782715e-05 3.9289695e-05 8.476635e-08 0.0008729856 0.00030624898 0.0015713134 0.0008789205 9.798523e-05 0.00054279505 1.00259485e-05 0.0013065395 1.764826e-06 1.9721121e-05 3.334401e-06 0.00012831598 0.00010505526 8.691087e-06 0.024490977 0.048385058 3.771051e-07 0.00016328496 0.00010077103 1.3933129e-07 0.10316711 2.2544327e-08 2.6956927e-06 1.0650162e-06 0.00016837053 0.00046001046 9.692387e-05 0.00012811534 2.6455705e-08 0.00016646832 0.00049488526
0.8850105 0.9424312 0.27886724 0.6569982 1.501898e-17 0.9753045 0.0042329137 0.677416 0.95390254 0.07240996 0.19239843 0.4972462 0.00037020046 0.014562004 0.08994898 0.008585026 0.0020697403 0.19737464 0.003237436 0.10014964 0.0018374115 0.48466516 0.0002514412 0.0010209965 0.21265382 0.00018286266 0.0014555783 8.268367e-06 0.06876826 0.004615397 0.093088634 0.02393476 9.7489916e-05 0.19845608 0.011595711 0.11205285 0.013458998 1.6915634e-05 0.0392812 2.5071085e-06 0.0010725118 0.00019807798 0.0026601385 7.955267e-06 0.00042715453 4.1436415e-05 0.008681375 7.900181e-06 5.2734727e-06 0.023717744 2.6787031e-05 0.0015044158 0.046190493 4.4467947e-06 0.00019379532 0.004615428 0.00025282113 0.07540936 0.00011032146 2.0623276e-07 1.5212255e-06 0.00425212 0.016800972 0.005129642 0.0017040155 7.302774e-08 2.9220526e-08 3.932742e-06 1.5818418e-05 3.0181226e-08 0.0019477736 0.0008123582 0.00058182556 9.817993e-06 4.9662274e-05 0.0034532663 2.4814469e-08 5.1379702e-05 1.3385637e-06 7.4951896e-07 2.1384955e-07 7.8752644e-05 3.9413594e-06 5.465552e-06 0.005451877 0.005889675 2.0196458e-07 8.324127e-05 1.3231361e-05 9.311378e-08 0.0341893 1.545525e-08 1.7930238e-07 7.2026727e-09 5.1612205e-06 0.00014135032 1.3925471e-06 1.885067e-06 1.6623548e-09 9.511575e-05 2.2119637e-05
0.9541334 0.7625115 0.13997133 0.3730202 0.9753045 2.9289684e-14 0.0012044989 0.14160357 0.8689415 0.019626724 0.16847548 0.93396187 0.00034709537 0.019172037 0.046252 0.0012236421 0.00080342096 0.12509097 0.0006560455 0.014445299 0.00069830817 0.7320506 7.151647e-05 0.00014362583 0.8614553 0.000102188525 0.0003958865 6.5904196e-06 0.3677414 0.004624713 0.5891445 0.138846 3.4752946e-05 0.15196286 0.0020182068 0.28659275 0.0032452769 1.2400327e-05 0.0036086584 6.9632506e-07 0.00019966753 0.00032099852 0.00077152497 1.46235225e-05 0.00011850855 2.6906497e-05 0.11454966 6.3787484e-06 7.1654233e-07 0.44881406 3.2136806e-05 0.00043856722 0.007739289 1.5844727e-06 6.25318e-05 0.01869863 3.3795328e-05 0.03972029 2.5277013e-05 1.2368095e-07 8.862093e-07 0.039773222 0.46296757 0.0378436 0.00054201414 2.1483244e-08 1.1714044e-07 8.970555e-06 4.9455168e-05 1.2946316e-08 0.011686992 0.02203988 5.686276e-05 0.0018169389 2.1549082e-05 0.06272112 9.363771e-09 4.1503925e-05 8.567861e-07 6.4909373e-06 6.0911003e-07 0.00093466335 1.14355e-07 2.1422443e-06 0.0006596614 0.0005765586 4.2386308e-08 4.3071686e-05 8.199514e-05 1.2601588e-07 0.0067158174 1.0814478e-07 1.269989e-07 6.235279e-07 1.071819e-05 0.00012859136 6.713787e-06 2.8948305e-05 1.3806453e-09 0.00032282362 9.3623246e-05
0.9084141 0.0013051908 0.7450061 0.02853574 0.0042329137 0.0012044989 5.6693175e-16 2.991155e-05 0.00054805295 0.9128195 0.218737 0.023637345 0.9700369 0.9351819 1.3544656e-05 1.4290579e-06 1.5346035e-06 8.84813e-06 3.3947665e-05 0.047790285 2.1006685e-05 3.3988388e-05 3.6879794e-07 4.040033e-07 0.0009156322 0.46848893 0.77688235 0.87105054 1.9727122e-05 0.6193926 3.383077e-05 1.39542735e-05 5.489775e-06 0.013568653 1.4891287e-06 0.21955167 0.187697 9.8916466e-08 0.005034176 0.5175443 8.2926974e-08 0.102086894 0.00044130988 0.03058543 4.4982894e-06 0.0034546037 2.27439e-05 9.5494244e-08 0.1614049 0.008034581 7.8325975e-06 0.027285865 0.004797553 0.0037818737 8.9454725e-06 7.951073e-08 0.00781913 0.011113064 0.0077365995 0.00029413865 0.0034829907 5.5441753e-05 1.688551e-05 9.752864e-06 0.01655658 1.2777995e-05 4.3286178e-05 4.212986e-05 0.072196096 1.0492894e-05 1.4180234e-06 0.00012168761 3.0031571e-05 0.061052904 7.3032237e-07 8.7664475e-06 2.962113e-08 0.00010702996 2.6765871e-08 4.45067e-05 2.3129653e-06 3.3743206e-06 1.8308764e-07 9.606157e-06 0.005607859 0.002855126 3.8751188e-07 0.0001859573 0.0006723318 2.2642594e-07 0.017030528 1.1336974e-06 4.4558025e-08 0.00021489558 1.9498734e-06 0.0016169753 6.837673e-07 0.00017723738 2.388244e-10 1.5828076e-05 1.4198923e-06
0.91372335 0.8509284 0.0035684449 0.23127402 0.677416 0.14160357 2.991155e-05 4.8777746e-17 0.97302634 0.00016027357 0.021118674 0.0016054473 6.3904567e-06 0.0006257371 0.93733805 0.80577844 0.48267508 0.93948126 0.18080108 0.037784602 0.19037439 0.7717453 0.11124639 0.47869992 0.0139668835 7.5364403e-07 1.4287348e-06 1.3328143e-07 0.19397022 1.366308e-05 0.087255284 0.08510999 0.0013427145 0.032873217 0.33416647 0.0010050107 0.0026183238 0.000373046 0.073823236 2.2526889e-07 0.26894584 4.706544e-06 0.024884583 1.2077925e-07 0.0225154 3.2957033e-07 0.06468623 0.0011994786 5.909893e-07 0.0025809861 0.00030579633 3.461541e-05 0.07741899 2.422671e-07 0.0010521433 0.11946409 3.3396902e-06 0.28982615 2.1659784e-07 2.0101849e-08 2.4775417e-07 0.00019452449 0.0057621337 0.008544978 3.3131713e-05 1.6631827e-07 1.2485945e-07 5.3511025e-07 1.3485496e-05 4.7502544e-09 0.008366998 1.2865705e-05 0.0018968757 8.327607e-06 8.6009444e-05 5.7846086e-05 4.190103e-05 0.00036410408 2.7620586e-05 1.2342079e-07 4.609748e-08 0.00045991418 0.00017953194 2.391979e-07 0.0009888124 0.0067656958 4.7508188e-08 7.924601e-06 4.6413436e-07 2.805584e-07 0.046072975 3.9955592e-07 2.4775843e-05 3.9156614e-08 0.00017181633 3.478133e-05 0.00014884416 1.7599727e-07 4.4980702e-08 7.1856484e-06 0.0012127118
0.80822945 0.77486914 0.023419542 0.24136873 0.95390254 0.8689415 0.00054805295 0.97302634 2.0492541e-15 0.0022718105 0.028225388 0.058782086 0.00019032593 0.0030105999 0.8264112 0.07609551 0.020715589 0.9267066 0.010723641 0.029664094 0.010392521 0.8649301 0.0038754023 0.013076627 0.1489765 0.00010546894 9.8321936e-05 6.743761e-06 0.21727699 0.0002581535 0.21008503 0.11153276 0.0003109934 0.033721942 0.056081608 0.0066407733 0.004324738 0.00047769514 0.022222813 2.9685893e-06 0.01595886 0.00010580059 0.0025459647 9.2209175e-06 0.001100839 1.5808135e-05 0.051361833 0.0001267305 2.0212385e-06 0.013159903 6.584291e-05 0.00016158639 0.018354876 4.113354e-06 0.0005412773 0.05834212 2.8819366e-05 0.06496869 2.6685768e-06 1.2155904e-07 1.1567347e-06 0.0031446582 0.044659805 0.01830084 0.0003799595 6.426288e-08 2.064004e-07 5.714433e-06 3.159069e-05 1.11514e-08 0.011435926 0.00038876216 0.0002101497 0.00010021871 2.3693912e-05 0.0023781206 2.0802023e-05 5.6564422e-05 1.1117627e-05 9.6426405e-08 1.8381736e-07 0.0013937242 6.5234955e-05 1.0794886e-06 0.0010310346 0.0022609085 6.80657e-08 7.994161e-06 6.5490935e-06 4.0031626e-08 0.014751153 1.0562732e-07 1.0273657e-05 1.4332842e-07 6.457747e-05 2.4802535e-05 5.7091736e-05 2.1176833e-05 2.3180018e-08 0.0002501983 0.00045735916
0.85598284 0.015278397 0.96928394 0.038335085 0.07240996 0.019626724 0.9128195 0.00016027357 0.0022718105 4.351732e-14 0.3160075 0.115312815 0.58408576 0.7247361 3.851866e-05 0.00037667094 0.00015306688 7.994096e-05 0.0002501401 0.0056671547 0.00046361753 0.00017472186 2.5971449e-05 5.088705e-06 0.0083361305 0.014570965 0.9343196 0.5471409 0.00012751609 0.8815141 0.0004755692 7.648088e-05 8.619181e-05 0.05645181 2.2019108e-06 0.32109094 0.055853337 1.1026733e-05 0.0016480428 0.08665252 5.2197244e-08 0.11589825 0.0015592913 0.0014977449 1.0470523e-05 0.0006501637 0.00014048418 8.1623443e-07 0.02093143 0.009105368 1.5811389e-05 0.023228593 0.0057972856 0.002027626 0.00010753867 4.3161717e-06 0.0052389028 0.014132734 0.0027565775 0.00014172462 0.011541348 0.00015215666 0.00037392523 4.3579235e-05 0.0075142933 5.930142e-06 1.9260719e-05 0.00025892648 0.018282596 4.920069e-06 1.5218679e-05 0.00088759273 4.431391e-05 0.021799758 7.492167e-05 0.00010350507 8.9093953e-07 1.2774863e-05 9.78285e-06 5.406693e-05 9.117384e-06 4.9551898e-05 1.7032955e-06 4.3684173e-05 0.0037902326 0.0017200249 1.5781058e-06 0.00037412267 0.00058743416 4.775908e-06 0.007262299 2.324464e-06 1.0725481e-05 9.7108445e-05 9.981695e-07 0.0006341002 2.4169114e-07 7.790191e-05 3.2350454e-07 7.671547e-06 1.4234166e-07
0.98042744 0.09343844 0.95058453 0.5323844 0.19239843 0.16847548 0.218737 0.021118674 0.028225388 0.3160075 1.6648954e-14 0.42700997 0.11197692 0.9261518 0.005939391 0.0004965004 0.00016152306 0.004827949 0.00981762 0.90891546 0.0009069856 0.019506268 4.0251733e-05 0.0004992845 0.0102109285 0.026724132 0.017493146 0.007909357 0.00060980173 0.18390812 0.0018988575 0.00019596756 0.00017743882 0.7050272 0.00029374118 0.2781269 0.7002281 2.906949e-06 0.38895732 0.0007106466 3.0710195e-05 0.003874057 0.022285113 0.005564182 6.5519074e-05 0.0010198997 0.00030581412 6.9461694e-06 0.0001338297 0.051251706 0.00062470767 0.027905073 0.24198234 5.8238762e-05 0.00070525345 1.0025623e-05 0.0034912748 0.17198132 0.012910907 2.9772526e-05 8.719733e-05 0.00045810017 0.0007434498 3.200547e-05 0.04849051 3.2485698e-06 4.690471e-06 0.0004402858 9.034082e-05 1.3691541e-05 2.9848487e-05 0.0006574836 0.0004395445 0.052441303 2.6468997e-05 0.0044752117 2.3820654e-07 0.0008418763 1.0995728e-06 9.7539385e-05 7.8953424e-05 1.0380444e-05 2.8893735e-06 4.6154164e-05 0.04799971 0.06096967 2.4930773e-06 0.0003842021 0.0011623856 1.209889e-06 0.12341882 3.136058e-07 5.6420464e-07 8.471177e-05 3.922483e-06 0.0039669243 1.3738522e-05 0.0006755757 5.3266724e-09 0.0031014527 9.0751164e-05
0.93684334 0.15236181 0.3217425 0.114935115 0.4972462 0.93396187 0.023637345 0.0016054473 0.058782086 0.115312815 0.42700997 7.4264626e-17 0.0077597387 0.11834293 0.002092729 0.00022754454 0.0005685165 0.0012829769 0.00013891252 0.008269476 0.00051753916 0.05612845 7.5659045e-06 1.3050557e-06 0.9856591 0.00021534611 0.002858195 7.663774e-06 0.0326852 0.21627259 0.12353283 0.008957613 1.8410099e-06 0.4307802 5.952858e-06 0.8594173 0.009403111 9.465857e-07 0.0017039774 4.824276e-06 1.2148968e-06 0.010976997 9.716273e-05 7.6879605e-06 6.695021e-06 1.7775019e-05 0.00548702 3.9243492e-08 2.939233e-06 0.85104054 2.469671e-06 0.0031361044 0.0018911625 2.4743154e-06 3.3331708e-06 0.0002901612 0.00052844826 0.008522427 0.0001229622 4.231367e-07 5.5818856e-07 0.29420012 0.19632052 0.0026676191 0.0011170055 3.134062e-08 2.911566e-08 5.479207e-05 9.5469804e-05 1.8076209e-09 0.00037367837 0.26961783 8.984322e-06 0.06344081 3.2104933e-06 0.19737715 3.9230208e-10 4.0653154e-06 1.5251839e-08 8.718128e-07 6.087128e-07 0.00015479603 1.8612779e-08 7.94105e-07 8.294014e-05 0.00012955778 1.7540838e-08 2.2735225e-05 0.002068284 4.1192145e-08 0.0023542969 2.1564932e-07 3.5939603e-08 8.306859e-06 2.8494256e-07 1.9360441e-05 7.117585e-07 0.00021605518 8.0608853e-10 0.0031482074 5.597152e-07
0.9243863 0.0002895401 0.31790605 0.005161145 0.00037020046 0.00034709537 0.9700369 6.3904567e-06 0.00019032593 0.58408576 0.11197692 0.0077597387 3.8170762e-16 0.83876395 1.0209724e-06 5.5902757e-07 4.473598e-07 1.885781e-06 8.28007e-06 0.055958588 1.0095144e-05 6.4319356e-06 1.2052968e-07 1.7714417e-07 0.00017752683 0.9743879 0.59638864 0.8104098 2.039381e-06 0.39926782 3.6783501e-06 2.6768528e-06 1.9127904e-06 0.02048196 2.93945e-07 0.043589942 0.3761204 4.882879e-08 0.015875578 0.5463142 5.9946686e-08 0.051585745 0.00038660094 0.14498019 1.0249508e-06 0.03878425 5.370251e-06 4.398761e-08 0.14792126 0.002269911 7.0311057e-06 0.08994793 0.01060835 0.0415629 3.552745e-05 7.810051e-09 0.047084883 0.013505885 0.14590165 0.0029591518 0.06334602 1.037426e-05 6.124021e-07 4.239064e-06 0.053641934 0.00040006192 0.00029194207 0.0011635085 0.0787666 0.00014907047 3.578472e-07 5.9276856e-05 2.6745502e-05 0.07298405 1.2388762e-06 1.4018651e-06 6.3504473e-09 5.2451414e-05 2.5373437e-08 0.0010646 6.275296e-05 1.152979e-06 1.18379944e-07 0.00013279633 0.026294988 0.0086806845 7.2824216e-05 0.0015403769 0.00037624926 1.2924328e-05 0.026511995 4.3711927e-05 2.7500086e-08 0.00057395134 8.727037e-07 0.005348705 5.2991734e-08 7.809859e-05 9.922607e-10 1.8319411e-06 1.7068534e-06
0.9838752 0.003732622 0.88506156 0.07155765 0.014562004 0.019172037 0.9351819 0.0006257371 0.0030105999 0.7247361 0.9261518 0.11834293 0.83876395 1.2227778e-13 0.00055429037 1.9708055e-05 2.1243584e-05 0.00049227657 0.0006184771 0.42271587 0.00012788168 0.0015115115 4.7362705e-06 3.1052674e-05 0.0026147692 0.38736743 0.1391715 0.11415262 9.159771e-05 0.42518777 0.00023267063 5.8800586e-05 1.8564482e-05 0.19461395 1.48718245e-05 0.23405918 0.907052 2.6705522e-06 0.13114032 0.058445606 4.8233055e-06 0.04028959 0.0021745267 0.04005164 7.5759326e-06 0.0078177545 0.0001302272 7.684203e-07 0.010519562 0.021623388 0.00015435305 0.07719085 0.07609355 0.0005320521 0.000397792 9.663248e-07 0.013264123 0.065955624 0.05176252 0.00012283937 0.0017020965 0.0001344722 0.000111994894 1.773839e-05 0.08571314 2.23561e-05 2.9392764e-05 0.000745077 0.0030248614 3.3028522e-05 8.6169e-06 0.0011096994 0.00020965106 0.21069752 9.6315025e-06 0.0003789468 9.969664e-08 0.00036154495 3.9435e-07 0.00045772459 0.00015479338 4.7088965e-06 2.7738406e-06 9.883458e-05 0.057973225 0.038902435 1.4385523e-05 0.00076034927 0.0012383678 1.9464076e-05 0.07112209 8.433022e-06 1.7760361e-07 0.00037661527 3.5994105e-06 0.008716961 3.8805942e-06 0.0003983985 7.794574e-09 0.00090255705 6.2991356e-05
0.92885464 0.45751557 0.00037534663 0.09479087 0.08994898 0.046252 1.3544656e-05 0.93733805 0.8264112 3.851866e-05 0.005939391 0.002092729 1.0209724e-06 0.00055429037 6.192654e-16 0.5192221 0.49029064 0.98673624 0.031606916 0.004199891 0.10071198 0.88189816 0.04392049 0.3779177 0.030437127 6.6951964e-07 2.1832206e-07 2.1031227e-08 0.23648258 6.913218e-06 0.15498932 0.10587117 0.0004992521 0.014054388 0.44251433 0.0005955468 0.0010349313 0.00033300286 0.0054428196 2.211428e-07 0.31016287 3.2211567e-06 0.0028193423 4.7168964e-08 0.015686857 4.2389604e-07 0.1689766 0.0013483118 4.358605e-07 0.0054928055 0.00014881011 1.0520851e-05 0.013411481 6.420248e-08 0.0003148757 0.21307255 6.5759014e-07 0.1441896 5.6662703e-08 2.8263316e-09 8.26727e-08 0.00018904248 0.020122075 0.018849824 9.5840305e-06 1.4729284e-08 6.992321e-08 2.5158494e-07 2.228067e-05 2.2825206e-09 0.015180195 3.855214e-05 0.0006165053 7.980918e-05 6.143237e-05 7.7391705e-05 1.1840117e-05 0.00012883809 2.4300483e-05 3.041684e-08 7.797965e-09 0.0017389638 3.4386936e-05 4.0220666e-08 0.00016839574 0.001888244 7.936674e-09 1.2277694e-06 1.6280122e-06 3.5231764e-08 0.015307288 8.430408e-08 1.4751434e-05 5.3429662e-08 5.5126526e-05 3.4249258e-06 0.00028192805 8.605908e-07 5.1432025e-08 9.457985e-06 0.009241196
0.9696821 0.078399554 0.00035716844 0.11205532 0.008585026 0.0012236421 1.4290579e-06 0.80577844 0.07609551 0.00037667094 0.0004965004 0.00022754454 5.5902757e-07 1.9708055e-05 0.5192221 5.9406258e-15 0.890523 0.43144476 0.8331886 0.022064237 0.7938053 0.13682106 0.8393659 0.95153433 0.00025283924 4.450827e-07 3.4849675e-06 3.4110172e-08 0.013717563 6.3416933e-06 0.0036522707 0.0068145376 0.028742593 0.005925343 0.5164089 0.00024356713 0.000723253 0.01683956 0.02206304 1.0972992e-07 0.5476001 1.9417585e-06 0.09545584 5.39744e-07 0.5558579 4.7697887e-07 0.016694274 0.5889772 6.963161e-08 0.0005257291 0.004775453 1.70613e-05 0.051702812 6.928914e-08 0.0045559243 0.076724954 1.3779962e-07 0.42609066 7.363902e-07 2.5307354e-09 1.1864645e-07 3.2820786e-05 0.00042393024 0.0019653018 3.3123466e-05 1.1252696e-08 2.2211706e-08 4.6274106e-08 2.1996051e-05 4.3282816e-10 0.0031119648 2.2093022e-06 0.008605576 3.1567142e-05 0.00086966215 1.1273895e-05 0.022574494 0.0018309823 6.03094e-05 1.9806635e-07 4.333066e-09 0.00019788143 0.03133902 1.3768381e-08 0.00073053694 0.013777663 4.949378e-08 3.3160856e-07 4.8404427e-06 1.5866815e-08 0.049377847 4.4003976e-08 2.6519656e-05 4.019024e-07 0.032819804 1.2995618e-05 0.0003860827 7.1035315e-06 5.3065645e-07 5.6841204e-06 0.24307705
0.9817719 0.00926656 1.5163381e-05 0.011017633 0.0020697403 0.00080342096 1.5346035e-06 0.48267508 0.020715589 0.00015306688 0.00016152306 0.0005685165 4.473598e-07 2.1243584e-05 0.49029064 0.890523 1.3361395e-13 0.2674459 0.627348 0.004376714 0.80397314 0.2076993 0.88329977 0.90171516 0.00048772554 8.477003e-07 4.890173e-06 1.15636006e-07 0.021461355 2.0616917e-06 0.007999797 0.010775616 0.081351236 0.0062132906 0.654973 0.00020830639 0.0008409275 0.04154729 0.013823972 2.4023743e-07 0.7063295 4.962944e-06 0.11605248 6.817767e-07 0.711336 3.833543e-07 0.051329672 0.8376361 2.6798912e-07 0.0007469214 0.0062912055 9.267509e-06 0.04861291 6.2749336e-08 0.007792171 0.20763722 1.1899897e-07 0.42639986 1.8340306e-07 5.0172972e-09 3.2448216e-07 4.2822747e-05 0.0008663828 0.0046884855 3.5773737e-05 6.727833e-09 5.2751723e-08 3.541848e-07 4.0303126e-05 3.3591125e-09 0.010175631 2.1364916e-05 0.011433544 0.00032209358 0.00089619367 2.3988852e-05 0.034412287 0.004052826 0.00011912225 2.1437555e-07 3.033561e-08 0.00046984895 0.07630434 5.2262894e-08 0.0018404595 0.014702917 2.1817657e-07 1.5714991e-06 5.267431e-06 6.254918e-08 0.04157255 4.6899117e-08 9.592127e-05 3.3280694e-06 0.12016561 2.959043e-05 0.0009889861 2.6936355e-05 2.780836e-06 5.1867114e-06 0.55347544
0.80561614 0.28721172 0.002485155 0.072019316 0.19737464 0.12509097 8.84813e-06 0.93948126 0.9267066 7.994096e-05 0.004827949 0.0012829769 1.885781e-06 0.00049227657 0.98673624 0.43144476 0.2674459 1.4122711e-16 0.023884226 0.005385065 0.040484373 0.92943734 0.03514818 0.31172225 0.018318867 3.0633907e-07 8.63331e-08 1.0681672e-08 0.2564857 4.9965865e-06 0.11747583 0.1275283 0.000362391 0.013596426 0.54779786 0.00040865454 0.00074180064 0.00015945335 0.006514966 4.639279e-08 0.2665152 4.3073697e-07 0.0020138002 1.7199698e-08 0.014022832 1.280797e-07 0.056216978 0.0004694644 9.944856e-09 0.0007903118 3.176016e-05 1.6334179e-06 0.011686774 5.2005152e-08 0.00013861491 0.1633194 2.0511355e-07 0.12489565 6.9386172e-09 4.835404e-10 9.920379e-09 6.6012355e-05 0.0070689046 0.013314361 2.477437e-06 9.942537e-10 1.9617126e-09 1.7902644e-07 9.385005e-07 9.4070106e-11 0.010331173 8.405442e-06 0.00024364541 2.3194573e-06 2.9764973e-05 1.9135796e-05 1.6289448e-05 3.9162907e-05 5.2946475e-06 2.29681e-09 2.1626727e-08 0.0007059335 9.46533e-06 6.894663e-08 5.7779045e-05 0.00079107255 2.9813138e-10 2.5702283e-07 2.449126e-07 1.4718885e-09 0.006208131 6.847402e-09 1.4169553e-06 3.2876573e-09 1.3159593e-05 8.3267696e-07 5.3179985e-05 1.0495234e-07 3.2957943e-09 4.791725e-06 0.00077293086
0.97185755 0.045422345 0.0019648941 0.35679635 0.003237436 0.0006560455 3.3947665e-05 0.18080108 0.010723641 0.0002501401 0.00981762 0.00013891252 8.28007e-06 0.0006184771 0.031606916 0.8331886 0.627348 0.023884226 7.0085356e-14 0.53878546 0.9591119 0.0051948377 0.668462 0.19454646 7.247316e-05 1.1823338e-05 5.631131e-06 7.394626e-07 0.000491823 3.2617477e-06 9.125836e-05 0.00043141632 0.42788625 0.054841965 0.021197237 4.5025237e-05 0.018340765 0.1024233 0.6807735 6.676445e-07 0.032695636 2.931339e-06 0.8757118 3.5126152e-06 0.03592053 7.2339094e-06 0.00046869364 0.03216684 4.8792185e-07 0.00010175674 0.012344106 0.00071542454 0.45739648 1.5832175e-06 0.027589342 0.002103058 7.2329465e-05 0.8935382 6.438253e-05 1.4408576e-07 1.6254045e-06 7.727263e-06 2.4165796e-05 0.00037838632 0.0012923878 7.2838695e-08 2.1727188e-07 5.165919e-06 2.2174427e-05 7.74261e-09 0.00068298046 2.1541616e-06 0.012824063 0.00019486986 0.0010701752 1.00283105e-05 0.0036739348 0.006120644 0.000110991685 5.8526757e-06 1.4716088e-06 5.3282434e-05 0.0030927043 4.97415e-06 0.056104783 0.16079943 2.2411005e-07 7.917314e-05 1.7001454e-06 1.4411798e-06 0.16580413 1.3023904e-07 3.4239056e-05 9.670107e-07 0.004899479 0.0012626081 2.1969658e-05 5.472027e-07 7.1079157e-06 3.95617e-06 0.0030773873
0.8985971 0.15446103 0.260204 0.9150492 0.10014964 0.014445299 0.047790285 0.037784602 0.029664094 0.0056671547 0.90891546 0.008269476 0.055958588 0.42271587 0.004199891 0.022064237 0.004376714 0.005385065 0.53878546 7.129526e-15 0.05649674 0.0021588516 0.002481871 0.00082245003 0.00063282275 0.017160099 0.0020861116 0.00025121923 0.00024302698 0.003136429 0.00019095246 5.046489e-05 0.047506697 0.96835154 0.00043775004 0.0049012317 0.7794422 0.0015973744 0.9227353 1.7709419e-05 6.8448244e-05 1.2520549e-05 0.5468455 0.00094696874 0.0001072205 0.0015025848 7.1333576e-05 7.674712e-05 4.137972e-06 0.0016143251 0.024875324 0.095475115 0.37539896 0.00012001624 0.04642485 0.00013201748 0.021935113 0.20901498 0.08691985 0.0001261848 2.3550097e-05 2.3977918e-05 9.167916e-05 9.9814475e-05 0.06807323 1.955727e-06 1.5595098e-05 0.0011821643 7.980704e-07 4.2264794e-05 5.0806007e-05 9.6766205e-05 0.016124643 0.00039109518 0.00014627894 0.0002165259 0.00010328173 0.008291529 1.8891948e-05 0.00038448308 0.00022126021 1.2663318e-05 0.0001230313 0.0002621046 0.0649271 0.059553117 3.961637e-06 0.00060166337 0.00014832513 9.775995e-06 0.040213656 1.7255837e-06 1.8024744e-05 1.8893037e-06 1.4447365e-05 0.0034797173 8.752063e-06 6.899936e-05 1.7358558e-07 0.00027857043 0.00036850388
0.9403165 0.0110087 0.00026166026 0.03409937 0.0018374115 0.00069830817 2.1006685e-05 0.19037439 0.010392521 0.00046361753 0.0009069856 0.00051753916 1.0095144e-05 0.00012788168 0.10071198 0.7938053 0.80397314 0.040484373 0.9591119 0.05649674 9.168802e-12 0.02796118 0.9528937 0.64979327 0.00021998982 2.658263e-05 3.2732572e-05 4.9388454e-06 0.0008730934 2.292475e-05 0.00034764546 0.0007749658 0.8015968 0.0061064065 0.19263853 0.00025978198 0.0021028433 0.38751978 0.0838773 9.67186e-07 0.24199781 1.7858685e-05 0.45377 7.1265345e-06 0.3457976 1.3513188e-05 0.0013568387 0.5143297 1.208473e-06 9.639373e-05 0.022868477 6.6377244e-05 0.08010315 3.2225882e-06 0.06642279 0.009668048 2.2718632e-06 0.5156925 1.4441524e-05 6.4516115e-08 2.4782757e-06 4.2214444e-05 4.9985e-05 0.00049541227 0.00013546614 1.6657019e-07 9.865255e-07 3.957804e-06 4.5463836e-05 5.0321546e-08 0.0006605547 2.8161377e-05 0.01971419 0.00021101364 0.0024355205 2.0382911e-05 0.081180185 0.01164587 0.00039827527 5.054477e-06 6.4453985e-07 0.00012079269 0.05375933 1.523832e-06 0.0051930994 0.029934859 1.6691963e-06 3.699539e-06 2.0825066e-05 2.5483328e-07 0.0869503 2.4680464e-06 0.00025839414 3.3917763e-07 0.09023565 8.092725e-05 0.00010475931 1.0577642e-05 1.8996227e-05 3.2057205e-06 0.057805836
0.966131 0.44990438 0.0037977041 0.16294202 0.48466516 0.7320506 3.3988388e-05 0.7717453 0.8649301 0.00017472186 0.019506268 0.05612845 6.4319356e-06 0.0015115115 0.88189816 0.13682106 0.2076993 0.92943734 0.0051948377 0.0021588516 0.02796118 9.968417e-14 0.00472185 0.060587276 0.53091025 3.121171e-06 1.0793979e-06 1.3013128e-07 0.9159775 9.790821e-06 0.9068688 0.8312372 7.357522e-05 0.06956809 0.45305005 0.004906348 0.0010156202 0.00012331968 0.0017361774 6.494909e-07 0.11153248 1.4467357e-05 0.00027252693 4.3412396e-07 0.0024584623 1.4856479e-06 0.7496832 0.00012789314 1.6183242e-07 0.052187223 1.0469004e-05 2.056034e-05 0.004277322 9.98487e-08 1.9085659e-05 0.6698899 8.301616e-06 0.118846714 1.8040615e-07 1.0202716e-08 1.1040123e-08 0.008082176 0.36407694 0.20116697 1.3125376e-05 6.0649237e-09 5.5204513e-08 8.753869e-07 1.0759258e-05 3.5654776e-10 0.10312242 0.0012401978 7.4613e-05 0.00068837777 2.240263e-05 0.0052656503 1.1558955e-06 7.9065285e-06 1.2022467e-05 4.7275066e-08 1.0495591e-08 0.021428796 4.3588234e-06 1.7062992e-07 5.748066e-05 0.00046182895 7.1078374e-09 1.529144e-06 2.5601119e-06 1.229085e-08 0.00742335 2.5606695e-07 6.9505194e-07 6.93288e-08 0.00010764209 1.9994914e-06 4.5033692e-05 2.1377684e-06 6.858146e-09 2.750978e-05 0.00064396294
0.91626525 0.0019340253 1.0255899e-05 0.0021530024 0.0002514412 7.151647e-05 3.6879794e-07 0.11124639 0.0038754023 2.5971449e-05 4.0251733e-05 7.5659045e-06 1.2052968e-07 4.7362705e-06 0.04392049 0.8393659 0.88329977 0.03514818 0.668462 0.002481871 0.9528937 0.00472185 1.0209104e-15 0.89456445 2.604174e-05 4.2556746e-08 1.4154178e-07 6.7230483e-09 0.00038748438 1.768056e-07 0.000115975025 0.00029209832 0.74654806 0.0014774282 0.18786007 9.242417e-06 0.00037507867 0.7711353 0.0081061935 1.7328489e-07 0.2822448 2.2022729e-07 0.28770795 4.809415e-08 0.59980077 8.4094346e-08 0.0012567114 0.6863736 8.306307e-09 3.3132063e-05 0.022554884 4.3310624e-07 0.0327689 2.2018474e-08 0.08146509 0.0049453024 2.6867644e-09 0.30302784 2.7278257e-09 1.366857e-10 2.1055067e-08 1.2884718e-06 4.051576e-06 0.00040364536 2.0894981e-06 5.965625e-09 1.7192711e-08 2.3266571e-08 4.7468475e-06 4.3916393e-10 0.00027296806 3.9075127e-07 0.017136673 2.2671762e-05 0.0048194206 1.0993192e-06 0.5373662 0.0069913883 0.0007708238 1.2443157e-08 5.3521227e-09 3.6028672e-05 0.396572 2.4591372e-08 0.000115641815 0.009843209 6.8732846e-09 3.0485488e-08 8.058042e-06 5.301647e-09 0.034979288 1.298378e-08 0.0022610305 3.0724298e-08 0.4086844 1.6338713e-06 0.00013799788 1.1552221e-06 1.7676433e-05 4.3419558e-07 0.12558286
0.8961971 0.015883286 1.8060903e-06 0.005498935 0.0010209965 0.00014362583 4.040033e-07 0.47869992 0.013076627 5.088705e-06 0.0004992845 1.3050557e-06 1.7714417e-07 3.1052674e-05 0.3779177 0.95153433 0.90171516 0.31172225 0.19454646 0.00082245003 0.64979327 0.060587276 0.89456445 1.5494802e-15 1.1796769e-05 1.1766847e-07 5.448908e-08 1.0112279e-08 0.006932024 2.9356553e-08 0.00033648268 0.0025329536 0.021812657 0.0062632966 0.7832109 4.8447237e-06 0.0003155518 0.06584925 0.003119017 2.280432e-07 0.70498055 1.0873777e-07 0.03146914 3.1808426e-08 0.8907458 1.392678e-07 0.009553812 0.8817661 4.3416797e-08 3.490494e-05 0.002794597 2.3525774e-06 0.012062147 2.0167288e-08 0.0052222963 0.13958734 1.5071356e-07 0.2001479 9.383849e-09 7.8324536e-10 4.6655697e-09 2.754074e-06 9.538949e-06 0.005820914 2.530399e-06 1.622639e-09 7.6925035e-09 6.56879e-08 4.786076e-06 6.434852e-11 0.010143643 5.31844e-07 0.01026785 6.23638e-05 0.0010546206 9.209734e-07 0.033201955 0.0014740879 9.942666e-05 1.375104e-07 3.647376e-08 0.00043903152 0.06737223 1.6821268e-07 6.873128e-05 0.0011511553 5.195317e-09 5.6711934e-07 6.856998e-08 7.974321e-09 0.0067135063 5.617416e-08 0.00031160587 1.6728329e-08 0.09149509 2.626718e-06 0.0002157953 8.834651e-09 4.7236333e-07 5.8661755e-08 0.27232915
0.786261 0.03904315 0.02165426 0.01598467 0.21265382 0.8614553 0.0009156322 0.0139668835 0.1489765 0.0083361305 0.0102109285 0.9856591 0.00017752683 0.0026147692 0.030437127 0.00025283924 0.00048772554 0.018318867 7.247316e-05 0.00063282275 0.00021998982 0.53091025 2.604174e-05 1.1796769e-05 3.0018916e-16 4.3223194e-05 0.00035215524 4.97582e-06 0.45193267 0.0033157035 0.90693146 0.274762 1.2853533e-06 0.021526406 0.00035371192 0.58915526 0.00024859738 6.443953e-07 0.00012672554 1.770985e-06 3.990369e-05 0.001270613 2.367503e-05 2.128417e-06 2.6591177e-05 1.295891e-05 0.3156024 8.7137227e-07 4.75635e-06 0.89911246 3.1969305e-06 7.6326985e-05 0.00016719192 2.5581178e-06 3.6333054e-06 0.024632968 9.349905e-05 0.00050952565 9.571736e-06 3.1489387e-07 2.1010088e-07 0.5487233 0.90408015 0.25659806 5.511044e-05 2.6520981e-08 1.12270186e-07 1.5838403e-05 0.00010165897 7.353396e-09 0.07157968 0.3534787 1.158406e-06 0.0009810071 2.6754212e-06 0.37669444 1.3838123e-08 9.496537e-07 4.8422686e-07 4.84012e-06 5.6240066e-07 0.019506935 5.4766343e-08 2.4015392e-06 4.7134276e-05 1.3957508e-05 1.0537176e-07 1.1546313e-05 0.0003147166 3.1036274e-07 0.00025823206 6.0029095e-07 2.3600143e-07 4.3179398e-07 1.5763294e-06 4.338084e-06 8.808442e-06 0.00073073065 6.3682286e-09 0.011716386 4.0114746e-06
0.9521918 2.2390517e-05 0.022316527 0.0015994749 0.00018286266 0.000102188525 0.46848893 7.5364403e-07 0.00010546894 0.014570965 0.026724132 0.00021534611 0.9743879 0.38736743 6.6951964e-07 4.450827e-07 8.477003e-07 3.0633907e-07 1.1823338e-05 0.017160099 2.658263e-05 3.121171e-06 4.2556746e-08 1.1766847e-07 4.3223194e-05 3.0708428e-15 0.058912177 0.47238174 1.1598287e-06 0.006062308 1.929656e-06 6.4008896e-07 6.7050464e-06 0.022870664 1.2764511e-07 0.0013520595 0.5113756 5.3187165e-08 0.022762198 0.33950034 3.2354357e-08 0.00026392232 0.0014325716 0.76881135 8.2793775e-07 0.948963 1.4197067e-06 2.5823004e-08 0.06288772 9.1416194e-05 9.76298e-06 0.85092866 0.036184862 0.38756225 1.351092e-05 1.4452132e-07 0.5238372 0.010487508 0.7394124 0.07125174 0.09337003 1.0194352e-06 6.8971855e-07 2.6083235e-06 0.25610262 0.011079625 0.014294315 0.108077615 0.0083066365 0.011685509 2.8032155e-06 1.0844926e-05 7.753244e-05 0.018137697 8.9643845e-07 3.5501794e-06 1.67587e-08 5.333714e-05 1.14053414e-07 0.0026166975 0.00030008052 2.276216e-06 2.240171e-07 0.00093980273 0.068306565 0.013081978 9.510903e-05 0.009284195 0.0011610268 4.6246954e-05 0.047528893 0.00020434966 1.0321388e-06 0.00075685966 1.5832597e-06 0.026466563 2.0190852e-07 3.859855e-06 3.9009166e-08 4.3187345e-07 8.767772e-07
0.5930932 0.00026176858 0.38834596 0.0017608494 0.0014555783 0.0003958865 0.77688235 1.4287348e-06 9.8321936e-05 0.9343196 0.017493146 0.002858195 0.59638864 0.1391715 2.1832206e-07 3.4849675e-06 4.890173e-06 8.63331e-08 5.631131e-06 0.0020861116 3.2732572e-05 1.0793979e-06 1.4154178e-07 5.448908e-08 0.00035215524 0.058912177 3.46709e-17 0.9695359 1.2152188e-06 0.869823 1.5298428e-06 5.529691e-07 1.6986988e-07 0.0047538513 1.8214006e-07 0.069597594 0.008522405 1.1497925e-06 0.0009837849 0.92288905 1.12345315e-08 0.46627918 1.5961317e-05 0.0056436155 1.0837171e-07 0.0014859964 8.13093e-06 2.3418516e-09 0.7964483 0.0010689521 2.0380618e-07 0.0063557313 0.0008015976 0.0065934192 8.9090986e-07 1.2443779e-07 0.004850251 0.0009396661 0.0048361938 0.00044418275 0.015392722 2.401363e-06 4.3393666e-06 6.5205754e-06 0.0028178666 2.1360069e-05 2.132695e-05 0.0002133453 0.6768447 1.8368902e-06 1.6070204e-05 0.00017010912 5.6716635e-07 0.09460873 7.29247e-07 1.3053319e-06 5.289943e-08 2.3721292e-07 4.3981302e-07 2.9200164e-06 1.1175744e-05 1.802954e-05 1.4763473e-06 6.4002365e-05 0.001121094 0.00024674984 1.5702495e-06 0.0003614558 0.0005922815 1.3572075e-06 0.000783859 1.9324194e-05 5.99852e-07 0.0006497037 1.9532888e-06 0.0008697451 1.1583535e-07 0.00012374003 8.513575e-09 5.6855006e-05 2.7103498e-08
0.7909042 1.7842105e-05 0.07195411 7.294523e-05 8.268367e-06 6.5904196e-06 0.87105054 1.3328143e-07 6.743761e-06 0.5471409 0.007909357 7.663774e-06 0.8104098 0.11415262 2.1031227e-08 3.4110172e-08 1.15636006e-07 1.0681672e-08 7.394626e-07 0.00025121923 4.9388454e-06 1.3013128e-07 6.7230483e-09 1.0112279e-08 4.97582e-06 0.47238174 0.9695359 7.368043e-19 3.9475392e-08 0.06814015 5.047795e-08 1.3425037e-08 2.7934922e-07 0.0065739807 6.9203376e-09 0.000956821 0.030658 1.1832903e-07 0.00023537804 0.9661505 2.1923465e-09 0.020622399 4.203669e-06 0.27005985 7.323781e-08 0.080355264 1.2908892e-07 4.1959005e-09 0.4317169 7.574102e-05 2.8727987e-07 0.07436952 0.0005044509 0.24132308 1.6313242e-06 1.3757645e-08 0.097808965 0.00025138602 0.1956845 0.026608763 0.840418 1.5005063e-06 3.3960487e-07 4.2479485e-07 0.021238398 0.008314828 0.0018452178 0.007055465 0.2844164 0.00012471993 1.4647634e-06 4.3565997e-06 3.1440577e-06 0.01752132 5.755768e-05 3.2424182e-07 2.2823997e-08 1.2695888e-06 5.193428e-06 0.00022807858 2.2242519e-05 9.147275e-06 5.1006555e-07 8.191596e-05 0.004548394 0.0010016087 2.7297989e-05 0.0018773188 0.00015620052 2.8139255e-05 0.003570598 4.2368472e-05 2.4965115e-07 0.0003567019 4.6664647e-07 0.0012393199 7.7835205e-09 1.5718318e-06 1.3769536e-08 3.5358477e-07 1.3421556e-08
0.58207697 0.05969738 0.0007790406 0.012779885 0.06876826 0.3677414 1.9727122e-05 0.19397022 0.21727699 0.00012751609 0.00060980173 0.0326852 2.039381e-06 9.159771e-05 0.23648258 0.013717563 0.021461355 0.2564857 0.000491823 0.00024302698 0.0008730934 0.9159775 0.00038748438 0.006932024 0.45193267 1.1598287e-06 1.2152188e-06 3.9475392e-08 9.591773e-16 8.14184e-06 0.96791005 0.98558724 2.036094e-05 0.0026957481 0.03975935 0.0020058735 9.790107e-05 2.1162095e-05 6.1964456e-05 3.2717028e-07 0.010408732 1.4552847e-05 6.1145496e-05 6.122739e-08 0.00049865537 5.888532e-07 0.5934364 2.4271554e-05 3.4809395e-07 0.017176416 1.7805448e-06 8.099681e-07 7.0312766e-05 1.3923314e-07 1.3217376e-05 0.5490548 2.3231653e-06 0.003682018 5.8446736e-09 6.208254e-08 1.12424694e-07 0.008423961 0.3915338 0.22258331 1.8005662e-06 8.382435e-08 6.635239e-08 4.5695867e-07 1.3486152e-05 1.1536145e-08 0.07670319 0.0005515313 8.7297385e-06 1.4842976e-05 9.04037e-06 0.0039411467 3.0822528e-06 3.7607435e-07 4.9978776e-06 6.049642e-08 8.412799e-09 0.015846549 1.1329824e-05 6.193116e-08 7.5872053e-06 2.9319861e-05 2.7927184e-08 7.326464e-06 3.13353e-06 4.873389e-08 0.00096958823 2.1861506e-08 4.3122463e-06 1.2196837e-07 8.02587e-06 2.1623687e-07 0.00033308577 5.979195e-06 9.120036e-08 8.292236e-05 0.00015396449
0.84702015 0.0013045828 0.5381804 0.0122308675 0.004615397 0.004624713 0.6193926 1.366308e-05 0.0002581535 0.8815141 0.18390812 0.21627259 0.39926782 0.42518777 6.913218e-06 6.3416933e-06 2.0616917e-06 4.9965865e-06 3.2617477e-06 0.003136429 2.292475e-05 9.790821e-06 1.768056e-07 2.9356553e-08 0.0033157035 0.006062308 0.869823 0.06814015 8.14184e-06 3.884201e-17 1.6500682e-05 4.0844275e-06 1.6019151e-06 0.017684875 1.0773714e-07 0.96297187 0.014001144 1.9406282e-07 0.00046079396 0.01681095 4.569881e-08 0.98494244 8.466876e-06 3.7702277e-05 6.9829916e-08 0.00020559858 1.1082568e-05 7.698139e-09 0.02544479 0.024265766 1.2408898e-06 0.003719813 0.0004487621 5.15831e-05 9.686353e-07 3.997602e-07 0.0032581496 0.00026821197 0.0002992486 1.0814942e-05 0.00042524037 0.00019613396 3.241741e-05 5.996435e-06 0.0011277875 4.4724784e-06 1.3594446e-06 4.025872e-05 0.13654362 3.9455745e-08 1.2065337e-06 0.009661647 8.2992995e-07 0.32108623 2.6187217e-06 1.264337e-05 3.770053e-08 1.397052e-07 2.730783e-07 4.2801386e-07 1.4463797e-07 2.4536603e-06 1.1270766e-07 8.027771e-07 0.00036059384 0.00018804742 4.7092982e-07 0.00019010172 0.0046008527 1.03777914e-07 0.00064093503 9.87711e-08 4.732543e-07 0.0018152086 3.456179e-08 9.9706114e-05 1.4863372e-07 0.00049984717 1.0548894e-08 8.968224e-05 2.953072e-07
0.6100766 0.09905397 0.0030383703 0.022544647 0.093088634 0.5891445 3.383077e-05 0.087255284 0.21008503 0.0004755692 0.0018988575 0.12353283 3.6783501e-06 0.00023267063 0.15498932 0.0036522707 0.007999797 0.11747583 9.125836e-05 0.00019095246 0.00034764546 0.9068688 0.000115975025 0.00033648268 0.90693146 1.929656e-06 1.5298428e-06 5.047795e-08 0.96791005 1.6500682e-05 3.492805e-16 0.96755147 5.2035045e-07 0.00987927 0.009525328 0.019502535 0.0001828302 3.081835e-06 5.575113e-05 2.7514187e-07 0.0018185016 1.8104558e-05 1.476075e-05 3.8256246e-07 0.00016111707 9.874968e-07 0.81792676 5.3344493e-06 3.1022688e-07 0.18087265 6.701508e-07 2.898376e-06 7.648511e-05 9.6632434e-08 1.2797892e-06 0.41720995 6.0719813e-06 0.0025975897 5.912726e-08 4.073265e-09 1.5997189e-07 0.111188695 0.86147994 0.536898 9.585502e-06 1.0731418e-08 2.2955103e-08 1.1503299e-06 1.4844802e-05 1.7940125e-09 0.18848819 0.011385531 4.762336e-06 0.00021552568 2.2745004e-05 0.0897036 2.7358948e-07 4.25713e-07 1.9703477e-06 4.4533465e-08 2.2117685e-08 0.06364493 9.2801076e-07 1.9402675e-07 8.115258e-06 3.1959295e-05 1.767012e-08 5.637687e-06 3.3518756e-06 2.0403728e-08 0.00059925456 2.6116402e-07 2.124103e-07 2.1331019e-07 1.2759888e-05 5.4188496e-07 0.0002144315 0.00010149236 1.9480582e-09 0.0017923934 0.0007507391
