2.0548882e-17 0.081134215 0.432046 0.88051856 0.03001322 0.330943 0.15447864 0.0017822804 0.86334664 0.6081893 0.4621717 0.0073308116 0.7956774 0.7428135 0.7601662 0.8870003 0.8429537 0.8014497 0.49667484 0.89243674 0.9664266 0.9528663 0.8227201 0.96576756 0.9112879 0.60638994 0.6314947 0.9708563 0.8355615 0.115599975 0.0013126079 0.9433572 0.7638154 0.0011968261 0.8370399 0.98672694 0.8001021 0.8682753 0.7887149 0.5012192 0.00024069597 0.7342166 0.0035204967 0.7128173 0.9674431 0.7603699 0.011077295 0.98298854 0.72262186 0.0001750389 0.6872728 0.9172875 0.83936596 0.33935145 7.46608e-08 0.7272489 0.82925266 0.9357202 0.860651 0.9730119 0.8181627 0.9309464 0.0014200284 0.92860836 0.029972123 0.68080825 0.8740662 0.7584353 0.7308523 0.93867165 0.95449084 1.656118e-08 0.9962486 0.87982863 0.7913067 0.9968476 0.8069213 0.6226357 0.969856 0.9961762 0.8983559 0.93078595 0.9877683 0.94899434 0.16631907 0.9998556 0.047962625 0.99623245 0.04808718 0.026234446 0.8482163 0.9979952 0.31982625 0.9347199 0.93218905 0.6771914 0.99968064 0.44871077 0.93515074 0.89279395 0.99980533
0.081134215 1.6279785e-15 0.95836735 0.94456834 0.98839086 0.21911225 0.083579645 0.75674015 0.1487102 0.5952126 0.075404674 0.9055662 0.15120621 0.09070579 0.01680651 0.01973364 0.047504067 0.0051724166 0.0029251827 0.042804997 0.07223444 0.01892009 0.006367626 0.03418556 0.009265326 0.0024043731 0.000586583 0.0036736403 0.0058353627 0.00088966906 0.0025014011 0.0012199967 0.0019374146 0.00362342 0.0010772344 0.0012234735 0.001052612 9.815115e-05 5.5650624e-05 0.0004891344 0.002916816 1.1852747e-05 1.2375866e-06 0.00058002886 0.00067058945 1.1337254e-06 0.001810512 0.00010357182 3.1106026e-07 0.0012654669 1.2482892e-06 5.4915084e-08 0.0008714875 2.745428e-08 8.853515e-06 0.00025533285 0.00025179872 6.274123e-05 0.0005590532 0.00015672171 3.1656693e-06 0.00011963502 1.1731799e-05 5.5374276e-05 3.6428624e-05 1.7576069e-08 2.5660697e-07 0.000111940746 3.5100734e-06 4.5568315e-05 5.4942902e-06 4.9407763e-08 5.1381998e-05 1.3781921e-05 2.2260735e-08 4.6973135e-05 1.0239885e-06 4.0345366e-08 0.0010769857 4.4462584e-07 5.611829e-07 4.957889e-07 6.447685e-07 4.1962707e-08 7.2894146e-08 0.00033448284 1.7621584e-08 2.4299266e-06 1.02745474e-07 7.32272e-08 2.525234e-05 1.0727041e-06 1.2002384e-07 1.6338075e-06 2.9604684e-07 3.3592587e-06 0.00063291116 4.465791e-08 2.9920193e-07 5.5945446e-08 6.228394e-08
0.432046 0.95836735 3.8733096e-14 0.98742646 0.64676434 0.94291633 0.83668315 0.8624317 0.88578755 0.20811781 0.03238254 0.042772774 0.14110829 0.60103655 0.4323858 0.00056475535 0.0005381148 9.974244e-05 0.49568212 0.045214646 0.16676034 0.00011063048 0.26648337 0.5988471 0.00015077661 0.00017796773 3.229078e-05 0.34379655 0.034431335 0.06630122 0.27609685 4.8069323e-05 0.044636656 0.16933873 0.07886191 7.781102e-05 0.014902001 0.012774638 0.0034994716 0.00397017 0.00012798124 3.3282472e-08 7.4110122e-09 4.39508e-06 9.626865e-06 0.0001756141 0.06000396 0.011000127 0.00017823304 0.011569599 1.4843695e-09 1.2670263e-05 0.00019592662 5.30115e-06 0.000116242656 0.0001673109 7.733519e-05 0.008489184 0.00048335557 0.0045769643 0.0001719032 7.427882e-05 5.570256e-05 0.00019456346 2.6422967e-05 6.9551443e-06 3.267469e-05 7.926599e-05 9.0931835e-06 4.3105974e-06 0.00024315265 1.1568185e-06 0.00025987244 2.6743623e-06 4.084634e-06 5.69768e-07 8.6998145e-05 1.3426973e-06 0.0003366051 4.1986428e-07 1.5352323e-05 4.9793874e-05 2.321782e-05 5.143416e-07 7.95521e-07 0.00013487459 3.074234e-05 1.8991428e-05 1.5624818e-06 4.6489455e-07 5.2788835e-07 1.400609e-06 5.961275e-07 4.7280654e-08 2.2457743e-06 9.887775e-07 0.00011005676 1.2679891e-06 7.518572e-07 1.9372362e-06 4.1270334e-07
0.88051856 0.94456834 0.98742646 1.2378171e-13 0.3720055 0.7414954 0.5585332 0.47179502 0.89186424 0.67569 0.33369568 0.054884672 0.4953232 0.9378008 0.7872484 0.007849239 0.004239616 0.00088311353 0.2918046 0.34191012 0.57028747 0.00039712962 0.55089355 0.8710589 0.0006303388 0.0008117542 6.489808e-05 0.5406616 0.13748719 0.041612532 0.09567042 0.0002132979 0.19077386 0.08477912 0.27576217 0.0005807141 0.061263993 0.038710874 0.008140753 0.00014316499 0.00071511185 4.608704e-07 7.546642e-08 2.3600998e-05 3.9284972e-05 5.9294383e-05 0.03083727 0.03275497 0.00013774977 0.0019206847 3.6270942e-10 2.686165e-07 0.0021189996 1.630039e-05 1.2182376e-05 0.0011097894 0.00024924736 0.022476524 0.004356322 0.011527812 0.0014235417 0.0011520277 2.4822555e-05 0.0014718936 1.5785046e-06 5.9940226e-06 8.5573276e-07 0.00045868618 8.97619e-05 0.00019304291 0.00087867747 2.3051248e-07 0.0011632367 6.9980684e-05 7.4005216e-06 2.072294e-05 0.0006046083 4.9276315e-07 0.0075296303 5.4039424e-06 8.936754e-05 0.0005695513 0.00026879812 1.3389436e-07 1.6084823e-06 0.0005946776 7.410002e-07 0.00014729975 1.1909589e-06 6.097087e-07 0.0001605252 4.1467523e-05 5.159781e-07 1.5218257e-07 2.16151e-06 6.896501e-07 0.0012816414 1.7688717e-06 1.9687615e-05 4.1159597e-06 1.4699037e-07
0.03001322 0.98839086 0.64676434 0.3720055 1.2462345e-16 0.18366079 0.024492975 0.9969268 0.0113184955 0.08065542 0.0040218486 0.7287297 0.030668674 0.013542526 0.004720198 0.0021193188 0.0040582237 0.0006601101 0.0008942352 0.0074022976 0.022033632 0.003794236 0.00070409826 0.011561817 0.0015758282 9.216428e-05 1.1425733e-05 0.0002952609 0.000629528 0.00024598316 0.00088701735 2.6936099e-05 0.00027480323 0.0041040285 0.00013950051 5.6662364e-05 0.00011962395 1.594639e-05 5.323238e-06 0.0008612633 2.8047332e-05 2.833661e-06 3.7509242e-08 7.331745e-05 0.00018433605 2.7622505e-07 0.0017930208 2.1542394e-06 1.7764427e-07 0.0003495384 1.111795e-08 1.8114817e-07 2.020318e-05 8.656902e-09 2.8633742e-06 3.090107e-05 3.7765594e-06 4.3203618e-05 0.000101501646 4.0157756e-05 2.2566248e-06 5.2831774e-06 2.0575117e-06 0.000102680686 1.0474448e-05 2.0030125e-08 6.064762e-07 9.018136e-06 1.0582156e-06 1.0170702e-05 1.8986492e-06 1.7688859e-07 9.381372e-05 2.5247296e-06 1.16947334e-07 6.836816e-06 2.7151307e-06 8.256445e-08 0.0006955516 1.1337541e-07 6.64509e-07 2.3254793e-06 3.1283065e-07 7.019916e-08 7.820963e-09 0.00028741182 2.5046326e-08 2.0259859e-06 3.1116127e-08 1.5135662e-08 3.047892e-06 2.597914e-06 3.7638075e-09 1.8947727e-06 2.1114921e-07 1.0064525e-07 0.00040001425 2.8456956e-10 4.2778942e-07 8.1035285e-09 1.2078115e-08
0.330943 0.21911225 0.94291633 0.7414954 0.18366079 6.0839874e-15 0.99451345 0.91799855 0.94789696 0.0035113362 0.0026054136 0.0042918297 0.01606148 0.31193516 0.38101152 3.0187144e-05 2.004616e-06 1.3475365e-05 0.7616217 0.009301107 0.038045757 0.00018612425 0.2970791 0.5808842 0.00021416253 6.377152e-05 3.4957306e-05 0.7120975 0.010987613 0.28473744 0.3908906 4.0420953e-05 0.025854068 0.32010812 0.07626997 4.912251e-05 0.0050462796 0.022099461 0.00043250245 0.096655935 1.3319859e-05 9.46477e-06 5.508114e-08 2.2496865e-06 8.358336e-06 0.0002758385 0.25434464 0.0023307893 0.00029897818 0.014000631 1.5192843e-08 2.5035451e-05 0.00010866549 4.330722e-06 0.00036088715 2.7884058e-05 3.0269302e-05 0.041187055 0.00077334966 0.01482031 0.00029078894 1.87531e-05 0.00029382942 0.00024151086 6.496415e-05 4.4161047e-06 0.00037573258 3.2489246e-05 5.4989505e-06 1.1671803e-05 0.0017225932 2.7629476e-06 0.00023934843 3.8905514e-06 0.00011553809 5.909775e-07 0.00075811375 7.886211e-06 0.0005972941 3.9396505e-07 3.326567e-05 0.00029754743 0.0003470638 3.8929343e-06 4.46399e-06 9.3583796e-05 2.0133863e-05 0.000100049205 2.3685948e-06 6.8905325e-07 8.741464e-07 5.9003396e-06 1.0488807e-06 2.4345331e-06 3.383619e-05 5.871258e-06 4.0762734e-05 2.1314336e-06 2.332763e-06 1.4865031e-05 7.802183e-07
0.15447864 0.083579645 0.83668315 0.5585332 0.024492975 0.99451345 3.8549886e-17 0.86220825 0.97001356 0.0016772059 0.0014598843 0.0027388998 0.005874977 0.23513345 0.2620907 2.1932574e-06 1.7193988e-08 2.0677828e-07 0.9367949 0.0014069092 0.0075040204 4.3693612e-06 0.22033535 0.24778499 2.2823686e-05 7.998186e-06 1.923811e-06 0.5797444 0.0030052857 0.473249 0.5928983 2.4480275e-06 0.007149888 0.35618395 0.01772899 2.5873774e-07 0.0013639133 0.00990605 9.369185e-05 0.54084915 1.9229938e-07 5.3685042e-08 8.428165e-10 3.7178886e-08 4.2966917e-08 0.0019407285 0.41644877 0.0007044959 0.0005276493 0.040866934 5.047434e-10 6.541837e-05 1.9058032e-05 4.2361617e-06 0.00045619256 2.5795118e-06 2.88469e-06 0.015720712 7.895855e-05 0.0027486861 0.00012678998 1.3225224e-06 0.000911008 3.9922343e-05 0.0008034405 3.4083116e-06 0.0011900342 5.011877e-06 2.9483977e-07 1.1315306e-06 0.000893267 4.997251e-05 6.6148044e-05 1.3244309e-06 1.3959131e-05 7.445782e-09 0.00053104584 1.3913935e-06 0.00023346415 6.5436145e-09 2.8165436e-05 0.0002641449 0.00018791869 9.73981e-07 6.741719e-07 9.930693e-06 0.00043847747 0.00010817217 4.0151167e-07 2.3279748e-07 3.7212246e-07 1.6420818e-06 1.9675902e-07 4.894161e-08 3.0656793e-05 1.0218345e-06 1.9275254e-05 3.629726e-07 9.789537e-07 1.3840261e-06 3.3849582e-07
0.0017822804 0.75674015 0.8624317 0.47179502 0.9969268 0.91799855 0.86220825 9.6177915e-15 0.1487597 0.00248895 0.00079434185 0.28628856 0.0011880118 0.00867953 0.003832165 3.6694666e-05 3.1429532e-05 5.074753e-06 0.8262654 0.0006633273 0.002902448 0.0001425372 0.0013184348 0.0043168515 7.455162e-05 1.18757725e-05 3.6640968e-06 0.0009764172 0.00066301104 0.38382292 0.4719698 1.1767813e-05 0.00038468518 0.96191806 0.000336312 1.0541801e-05 0.00012643318 0.00011242421 2.1321704e-05 0.076933704 2.8438187e-06 4.0053717e-07 1.3088559e-08 4.45299e-06 1.9346587e-06 2.7140331e-06 0.03913929 3.2773056e-05 1.1912655e-06 0.015311881 4.7466044e-09 7.788273e-07 4.0111292e-05 4.80703e-08 0.00016750455 1.1813274e-05 1.0148534e-05 0.00013132258 9.562817e-05 0.000116066854 4.7785026e-05 3.0565434e-06 1.4287697e-05 0.00010588527 0.0005332786 6.737955e-08 0.0001590539 4.3094424e-06 1.2019216e-06 1.7237252e-06 0.00031716196 3.509841e-05 6.8923735e-05 7.787836e-07 9.657182e-06 4.7536082e-07 5.6937697e-05 1.0220947e-06 0.00016923452 4.1637897e-08 8.927465e-06 3.4524992e-06 2.7861597e-05 5.120306e-07 1.6648505e-07 1.7689872e-05 1.6049482e-05 5.473496e-06 1.281975e-07 9.6871915e-09 2.2796755e-07 2.954858e-07 1.8915563e-07 2.7862075e-07 3.8165585e-05 6.7092806e-06 3.959597e-06 1.7048668e-08 4.4789599e-07 1.5559444e-07 1.5480701e-07
0.86334664 0.1487102 0.88578755 0.89186424 0.0113184955 0.94789696 0.97001356 0.1487597 3.3322986e-16 0.022217344 0.012927491 0.0036913578 0.012255632 0.79726946 0.82345605 1.3555034e-05 2.3045782e-08 1.7028278e-06 0.6393822 0.013437355 0.023916887 3.435717e-05 0.75583917 0.5721108 2.7034277e-05 8.881633e-06 2.6291718e-06 0.9685611 0.030808073 0.25154832 0.1030466 6.6644476e-05 0.059891075 0.018843642 0.15081193 4.9666018e-05 0.013602306 0.16546871 0.0027021212 0.55903614 2.1646485e-07 2.0567084e-09 1.011333e-10 9.954821e-07 1.5950202e-06 0.09754614 0.097281255 0.011241983 0.113961115 0.006208205 5.041774e-11 0.0022514884 0.00034737305 0.0020025182 7.032249e-05 5.4828717e-05 1.4628404e-05 0.2870264 0.0016533809 0.066594504 0.010395657 0.00011807085 0.00018217805 0.0005058429 0.00033437763 0.0010769386 0.003700374 0.00022237842 2.912817e-05 3.170212e-05 0.019461526 6.84594e-07 0.0010102164 0.00030679035 0.0002908566 2.1338722e-06 0.024972083 7.097407e-05 0.0015508609 1.7136212e-07 0.0040323352 0.012397857 0.0013536741 0.0001986546 1.2777995e-05 0.0005205065 0.0060794274 0.0013836699 1.8812212e-05 1.1377167e-06 0.00017524419 0.0012506893 3.347458e-06 2.1013996e-07 0.00046044454 3.7149928e-06 0.00049097807 1.474376e-06 0.0004960855 3.9895895e-05 2.4357281e-05
0.6081893 0.5952126 0.20811781 0.67569 0.08065542 0.0035113362 0.0016772059 0.00248895 0.022217344 1.3827177e-15 0.9929296 0.918452 0.9462083 0.4352077 0.0029327217 0.9167447 0.65242285 0.8468192 5.590042e-05 0.78504103 0.6998097 0.34086034 0.00082687306 0.041532997 0.26821896 0.06473566 0.0074452646 0.0002956173 0.09375908 0.00013189013 1.5498046e-05 0.028498005 0.016445676 2.3067896e-05 0.00882127 0.05610852 0.028941734 0.00023163516 0.0026645602 2.1796546e-05 0.00081894523 2.0768086e-05 8.9547854e-08 0.00041396008 0.0011259353 3.422105e-06 0.00037265537 0.0023271004 2.7007786e-07 8.443263e-05 1.3077098e-09 4.840666e-09 0.11759577 3.0136948e-07 1.9323915e-07 0.021702508 0.021425938 0.00026565106 0.08507639 0.0018036213 9.04124e-06 0.009236411 5.6651575e-06 0.0034631724 0.00014145402 6.536496e-08 8.579913e-07 0.011207582 0.0020525008 0.0034605376 8.061344e-05 4.6153524e-08 0.0025791123 0.00459748 7.410327e-07 5.856129e-05 1.2228528e-05 1.3001797e-06 0.044683795 3.0791867e-05 2.6410737e-06 1.8608529e-05 2.0435873e-05 4.2554174e-07 1.8642135e-07 0.0013740456 1.1932639e-07 2.6403748e-05 3.8301966e-08 3.183908e-08 0.00027377417 2.6063553e-05 9.772447e-09 1.6233146e-08 1.2178432e-06 3.9690656e-07 0.004470281 1.5561705e-08 4.3218577e-07 4.328632e-08 7.9902954e-08
0.4621717 0.075404674 0.03238254 0.33369568 0.0040218486 0.0026054136 0.0014598843 0.00079434185 0.012927491 0.9929296 9.562504e-17 0.019516397 0.97791404 0.5700523 0.023354543 0.452304 0.035743177 0.3093502 1.5290108e-05 0.8550833 0.77946496 0.013850013 0.013727444 0.066634856 0.030202847 0.0058395104 0.0010985705 0.0015896361 0.26647568 9.2548e-06 8.335833e-06 0.0038989645 0.025162991 4.8789693e-06 0.012874235 0.029844113 0.02252951 0.0023932024 0.010246808 5.507825e-06 3.980971e-06 5.032146e-06 5.1571685e-09 0.00012795621 0.0005406108 2.4452915e-05 2.6864856e-05 0.0047229556 1.0970168e-05 1.0225711e-05 2.0033962e-10 8.267554e-08 0.017286021 1.7428835e-06 1.9853648e-07 0.012045168 0.010201011 0.000929054 0.032528203 0.0017559242 5.0447703e-05 0.0072091613 1.1751982e-06 0.004224036 7.5296184e-06 1.6459283e-07 1.6397532e-06 0.0023849753 0.00061206473 0.00065968157 0.00014470688 3.0600894e-08 0.0022473985 0.00087551645 9.684671e-07 3.0182451e-05 7.315688e-05 7.786328e-07 0.0104792295 4.3890236e-06 1.9734987e-05 2.7647782e-05 8.904375e-05 1.5990852e-06 3.7999698e-08 0.0014524049 9.130914e-08 1.9413577e-05 7.272805e-08 1.3708171e-07 0.00026170717 2.9911234e-05 5.2153433e-07 4.942693e-07 6.8536388e-06 2.9001178e-06 0.00093813275 1.0682793e-08 7.0928295e-06 1.5056544e-07 1.4791001e-07
0.0073308116 0.9055662 0.042772774 0.054884672 0.7287297 0.0042918297 0.0027388998 0.28628856 0.0036913578 0.918452 0.019516397 5.946589e-15 0.0014611498 0.00019727695 6.4689743e-06 0.007369836 0.99667305 0.00923787 0.00041054006 0.0010313148 0.00037297874 0.23694085 1.4366102e-06 3.6056615e-05 0.006124007 0.02385442 0.005224155 8.074912e-06 5.157966e-05 0.00068330776 5.8519752e-05 0.003957491 1.7649683e-05 0.0002839946 7.4228146e-06 0.0016175676 3.4094966e-05 4.196039e-06 2.020638e-05 0.0009147166 0.97185963 0.00093505875 0.00045283334 0.042308345 0.022425797 1.7877763e-06 8.774464e-05 7.6292595e-06 7.2722884e-07 0.0004011634 0.00030761302 4.111281e-07 0.0009828229 5.4372077e-08 4.1476956e-06 0.00048976106 0.0005677154 4.906102e-06 4.4852433e-05 1.4511754e-05 8.599587e-06 1.4733493e-05 4.8811313e-07 1.9071285e-05 0.00068858074 3.307744e-07 4.127097e-05 0.00017462226 0.00010621093 0.0005237342 8.851568e-07 2.9313615e-06 4.251986e-05 8.732649e-05 9.612376e-07 0.00010822862 4.9321334e-06 3.849426e-06 0.00063938077 0.00011694305 3.5978867e-06 2.1269418e-06 2.7682213e-07 1.6513158e-06 9.9002726e-08 0.0001690313 3.3715637e-06 1.0624973e-06 1.5860262e-05 3.3183287e-07 1.9604317e-05 3.3147815e-06 9.295271e-07 1.1242169e-05 6.6329847e-07 1.0485317e-06 0.00044152583 2.782368e-07 1.00725146e-07 1.129538e-08 1.91815e-08
0.7956774 0.15120621 0.14110829 0.4953232 0.030668674 0.01606148 0.005874977 0.0011880118 0.012255632 0.9462083 0.97791404 0.0014611498 9.267772e-16 0.66653997 0.04367182 0.42985222 0.017453494 0.15733486 0.00074229995 0.97767824 0.92993903 0.002078585 0.023085883 0.30410182 0.020325355 0.0019941453 0.00019434426 0.0014080065 0.32400352 0.0001389267 0.00014422894 0.004978961 0.112672865 0.00018097731 0.080365114 0.037599858 0.09288042 0.002758134 0.0114848735 1.3432268e-05 2.4734223e-05 2.2842565e-07 3.2531375e-09 5.07266e-05 6.1878e-05 1.4278108e-05 0.0005326285 0.012384375 2.5727459e-06 4.5524816e-06 4.29227e-11 4.3055024e-08 0.02385243 4.1573585e-06 3.56103e-08 0.0071237963 0.0055727554 0.00224293 0.093939066 0.007972284 3.6590634e-05 0.007710525 1.6008688e-06 0.00621722 7.578976e-06 2.329258e-07 1.174852e-06 0.0036885815 0.00030809216 0.0012574235 0.0004135063 5.0020876e-08 0.001957844 0.00097081135 7.461413e-07 6.993492e-05 0.00016227158 1.3162136e-06 0.020513825 4.3065687e-05 9.998458e-06 1.4413139e-05 0.00021641917 6.907837e-07 4.7167686e-07 0.0012638422 4.727644e-07 4.9272367e-05 1.3900116e-06 5.9109976e-07 0.0007960838 1.5010208e-05 1.2738244e-07 2.1798542e-07 2.3037128e-06 7.274404e-07 0.0032419467 1.4371516e-06 9.967288e-06 6.838834e-07 2.581339e-07
0.7428135 0.09070579 0.60103655 0.9378008 0.013542526 0.31193516 0.23513345 0.00867953 0.79726946 0.4352077 0.5700523 0.00019727695 0.66653997 2.5407124e-17 0.9902912 0.0018841686 3.2897542e-06 0.0003526131 0.015439666 0.33525825 0.6140505 2.3532393e-06 0.94544476 0.919735 7.333305e-05 1.2096659e-05 6.116013e-07 0.34367904 0.7749208 0.00036595485 0.0004583759 7.1266904e-06 0.45509243 7.766164e-05 0.31870303 0.00015406702 0.14330989 0.16916117 0.016288005 5.8581254e-06 2.6165986e-07 3.5523737e-08 7.158759e-10 2.5254676e-07 3.130003e-06 1.890577e-05 0.00013614363 0.029133065 7.678329e-05 7.5234064e-05 4.2304348e-11 2.5111777e-07 0.00028830045 1.6242338e-05 4.5574185e-07 0.00041557135 5.420917e-05 0.072601214 0.008745539 0.04394983 0.00086444494 0.000760226 3.950177e-07 0.002027372 6.81951e-07 6.245021e-07 6.3897954e-07 5.0776987e-05 4.4857634e-06 3.8998273e-06 0.0028723194 3.4759837e-09 0.0035789558 6.2930985e-06 4.8141027e-07 2.6892728e-08 0.00041803144 3.6420113e-07 0.0008075618 1.9842396e-08 6.5045424e-05 6.20621e-05 0.00020974064 6.293449e-07 1.9300074e-08 0.00067899254 2.9855377e-07 5.4930828e-05 7.553237e-08 1.36944704e-08 7.289394e-06 6.4113333e-06 1.0404066e-08 5.4044187e-09 4.47118e-07 4.604676e-07 0.0003214228 1.3658083e-08 3.091617e-06 3.256908e-08 1.1327051e-08
0.7601662 0.01680651 0.4323858 0.7872484 0.004720198 0.38101152 0.2620907 0.003832165 0.82345605 0.0029327217 0.023354543 6.4689743e-06 0.04367182 0.9902912 3.109553e-16 1.4935955e-05 1.7452592e-07 1.6069461e-06 0.06788697 0.034116343 0.15702672 3.3403765e-07 0.97817415 0.895555 5.416103e-06 2.6313164e-06 9.972688e-08 0.61936677 0.50095433 0.003757202 0.0036361516 1.0150609e-06 0.31402874 0.0008131217 0.32387307 6.3431266e-06 0.07780628 0.2875496 0.006963049 0.0004301157 9.0392305e-08 6.6578014e-09 3.6511516e-10 1.7435424e-07 4.988589e-07 9.041098e-05 0.00086093234 0.023966528 0.00015599538 3.5570403e-05 4.819396e-12 1.4976669e-06 3.2098087e-05 7.894959e-05 9.672257e-07 2.4846118e-05 3.0314034e-06 0.16303979 0.0033032952 0.12427944 0.0018140213 0.00014869137 1.8456136e-06 0.00100924 2.0750615e-06 2.013433e-06 1.4001663e-05 1.07908245e-05 1.3606599e-06 3.0100944e-06 0.004899591 4.585186e-08 0.0019368014 1.8750981e-06 4.081916e-06 1.8006022e-08 0.0011495329 2.0083667e-06 0.0005342934 3.252432e-08 8.940249e-05 0.00012033692 0.0006319283 1.5318443e-06 8.32617e-08 0.00027973382 1.9814204e-06 0.0002539639 2.603342e-07 1.343861e-07 6.6447446e-06 1.746768e-05 3.2372256e-08 5.927662e-09 1.0380577e-06 8.982973e-07 0.00025916586 8.606395e-08 1.7291148e-05 1.74908e-07 1.1780826e-07
0.8870003 0.01973364 0.00056475535 0.007849239 0.0021193188 3.0187144e-05 2.1932574e-06 3.6694666e-05 1.3555034e-05 0.9167447 0.452304 0.007369836 0.42985222 0.0018841686 1.4935955e-05 2.3541902e-16 0.38159612 0.9979098 4.6321904e-07 0.72669286 0.538705 0.61387634 7.332951e-06 0.00041625337 0.86460114 0.32260945 0.086375505 8.082788e-06 0.014596053 3.3909212e-06 6.571175e-07 0.2918875 0.0015047252 5.6163634e-07 0.0010587558 0.70083845 0.011520042 1.8317829e-05 0.0037747107 3.923822e-06 0.000433291 2.9484638e-06 1.1626869e-08 0.0013596626 0.003882566 3.866188e-06 2.5339765e-05 0.0023786717 2.486399e-07 7.542522e-07 4.301419e-10 1.0709964e-09 0.52222013 1.0563141e-06 3.928429e-09 0.12897567 0.22200656 0.00030324623 0.23237038 0.0017641194 1.5088326e-05 0.061418537 1.3273631e-06 0.010448056 2.0558211e-06 2.4707168e-08 1.4103119e-08 0.118006274 0.022588428 0.17211543 8.577565e-05 1.4091501e-08 0.0027559425 0.07578254 1.6878697e-07 0.008411522 1.277077e-05 1.2505645e-07 0.25757918 0.022090228 1.4748472e-06 2.51305e-06 0.00014053418 8.397402e-07 1.3563697e-07 0.0053195846 5.3077006e-08 1.01148025e-05 3.2761974e-08 3.930807e-08 0.011380863 4.1791222e-06 1.3008587e-07 1.2763081e-06 4.0377915e-07 1.0422443e-07 0.05208835 1.1505213e-07 2.0670288e-06 7.159068e-08 4.1915353e-08
0.8429537 0.047504067 0.0005381148 0.004239616 0.0040582237 2.004616e-06 1.7193988e-08 3.1429532e-05 2.3045782e-08 0.65242285 0.035743177 0.99667305 0.017453494 3.2897542e-06 1.7452592e-07 0.38159612 1.03523743e-13 0.21930887 3.4216185e-08 0.015415615 0.0051604533 0.97688824 1.773861e-07 3.965457e-05 0.696591 0.3681883 0.47819594 1.7562213e-06 9.008156e-06 5.432429e-08 8.454477e-09 0.5715087 9.338939e-06 2.008759e-08 3.3616266e-06 0.16591124 1.51618915e-05 5.3174153e-07 2.5831553e-06 6.725398e-08 0.72559416 0.00059060793 0.00031124766 0.4532962 0.4361131 4.1725534e-07 5.7298266e-06 2.349806e-06 2.2013036e-10 1.4754901e-06 0.000105005274 3.1803924e-09 0.21707812 1.0392676e-09 7.2300494e-09 0.007827445 0.037622232 9.047933e-06 0.0023034143 3.6769245e-05 1.1989256e-06 0.0010738592 1.400384e-07 0.00012461946 2.1346882e-06 4.8705613e-09 3.927268e-09 0.008523784 0.0017778885 0.38072637 7.1054765e-06 8.0841195e-10 0.00014171895 0.031800244 1.3079474e-08 0.16971007 6.150626e-06 1.3494694e-07 0.06492515 0.016120482 4.761185e-07 4.3911587e-06 2.766907e-05 7.206593e-08 7.16558e-09 0.0044872677 1.1723219e-07 9.682682e-06 4.4899675e-09 8.925554e-09 0.00598858 7.454199e-06 2.92938e-08 4.3396567e-06 3.2558894e-08 2.9491808e-08 0.12121658 5.645752e-08 1.5026026e-06 2.8065685e-09 1.1266848e-08
0.8014497 0.0051724166 9.974244e-05 0.00088311353 0.0006601101 1.3475365e-05 2.0677828e-07 5.074753e-06 1.7028278e-06 0.8468192 0.3093502 0.00923787 0.15733486 0.0003526131 1.6069461e-06 0.9979098 0.21930887 6.484426e-16 1.729024e-07 0.51037073 0.19244327 0.729987 9.956273e-07 8.740847e-05 0.92447853 0.63700986 0.26607355 5.7057746e-06 0.0117770145 7.311286e-07 1.2517086e-07 0.326222 0.0003795441 1.6631201e-08 0.0006088586 0.6832846 0.005070675 2.8256732e-06 0.0018127236 6.3142977e-07 0.00088018534 1.7823517e-05 1.8911378e-07 0.008220666 0.01567908 5.12142e-07 2.0461262e-05 0.0006804069 5.797744e-08 2.4075175e-06 8.893571e-09 4.101338e-09 0.4388752 7.115766e-07 6.5053105e-09 0.12703896 0.19278204 7.817899e-05 0.12867293 0.0004908215 1.5059065e-06 0.041641846 4.2862905e-07 0.004653055 2.2256852e-06 2.5861302e-08 2.8296832e-08 0.07787343 0.017241817 0.18198405 8.183799e-06 4.669015e-09 0.0019399107 0.052152235 1.2486515e-07 0.010285681 5.29541e-06 2.2948889e-08 0.15959047 0.02564182 8.368182e-07 6.6022462e-06 1.914498e-05 2.1104874e-07 6.034898e-09 0.0039430396 6.304157e-08 2.1226886e-06 1.2228423e-07 1.745187e-08 0.008148606 7.2437124e-06 2.881997e-07 1.8840552e-06 6.809112e-07 3.618245e-07 0.05979413 1.34170515e-08 3.8700023e-06 4.7409877e-08 1.4734622e-08
0.49667484 0.0029251827 0.49568212 0.2918046 0.0008942352 0.7616217 0.9367949 0.8262654 0.6393822 5.590042e-05 1.5290108e-05 0.00041054006 0.00074229995 0.015439666 0.06788697 4.6321904e-07 3.4216185e-08 1.729024e-07 5.3050755e-13 0.000112622205 0.002004014 2.7893448e-05 0.045333087 0.17210953 2.9080573e-05 1.9921607e-05 5.644393e-07 0.5669581 0.00018839366 0.98953706 0.6702825 5.933969e-07 0.00080170995 0.5418319 0.0044879117 3.9481833e-06 0.00013718604 0.0019354599 6.157939e-06 0.9066521 6.537456e-08 1.3364259e-08 9.312448e-11 7.161143e-08 2.0977873e-07 0.009012205 0.55926394 8.898739e-05 0.0005525643 0.024778374 1.8006192e-08 0.003321484 5.9107474e-06 8.992328e-06 0.0005827141 1.429978e-06 2.7601942e-07 0.052979734 1.4627705e-05 0.025708832 0.0020854133 1.6462872e-06 0.017892767 6.269219e-05 0.029677475 7.592638e-05 0.021233384 1.0022674e-06 1.7893461e-07 2.0745343e-05 0.057308197 0.00010797985 0.00028300556 2.0522245e-06 1.4405319e-05 6.663249e-06 0.0893698 2.8477807e-06 0.0027208803 1.4684578e-07 0.012029653 0.049230076 0.0105449045 1.08796185e-05 3.4716752e-06 0.00015156563 0.0026181466 0.004174343 4.673626e-07 2.941681e-06 3.6736892e-05 0.0009212567 8.459152e-06 1.3305132e-05 0.00019903234 4.640297e-06 0.00021764528 3.3170505e-07 4.882144e-06 6.218266e-07 4.0633097e-07
0.89243674 0.042804997 0.045214646 0.34191012 0.0074022976 0.009301107 0.0014069092 0.0006633273 0.013437355 0.78504103 0.8550833 0.0010313148 0.97767824 0.33525825 0.034116343 0.72669286 0.015415615 0.51037073 0.000112622205 9.345596e-15 0.99299765 0.009152354 0.035906468 0.34751457 0.102116905 0.011264975 0.00095989555 0.0026522134 0.6470782 5.6010367e-06 8.7715825e-06 0.0055188807 0.2711144 7.443088e-06 0.122672744 0.1446786 0.29131725 0.0069002034 0.046480108 2.2113775e-07 0.00025458663 7.1197104e-07 1.2008828e-09 7.3053416e-05 0.00014522478 1.5138988e-07 0.00010709133 0.052956372 6.029287e-08 1.5008116e-07 7.380944e-11 1.6711067e-09 0.11105133 4.2244424e-06 2.385565e-08 0.04053821 0.022443604 0.0070097214 0.3590016 0.026475456 0.00029115967 0.05186477 7.963932e-07 0.034204368 7.763361e-08 2.703219e-07 1.74039e-08 0.023946568 0.0015910702 0.009959146 0.00035172445 3.9381596e-09 0.007843716 0.004335111 2.3772132e-07 9.223182e-05 0.00013279317 7.407116e-08 0.051680367 0.0011317369 8.1873195e-06 1.1898027e-05 0.00014802978 7.24097e-08 4.620831e-08 0.004538026 9.129609e-08 4.4739398e-05 5.3304336e-07 3.738175e-08 0.0027054062 1.2800693e-05 8.42324e-08 1.1669131e-07 1.9404987e-07 1.0782738e-07 0.006346864 1.342676e-07 2.1279484e-06 2.3721405e-07 2.016625e-08
0.9664266 0.07223444 0.16676034 0.57028747 0.022033632 0.038045757 0.0075040204 0.002902448 0.023916887 0.6998097 0.77946496 0.00037297874 0.92993903 0.6140505 0.15702672 0.538705 0.0051604533 0.19244327 0.002004014 0.99299765 1.2014395e-13 0.0006059322 0.1422968 0.6746174 0.017099509 0.0013484906 0.00010670017 0.0118333055 0.8668583 6.451308e-05 6.86329e-05 0.001565362 0.50239825 0.0003106365 0.43040672 0.0442488 0.560486 0.023640435 0.10621792 1.1203217e-06 4.3900716e-05 9.589713e-07 1.1732173e-08 3.9025486e-05 5.4481738e-05 6.810116e-06 0.0013108678 0.1140552 8.1260265e-07 1.2899916e-06 3.6769465e-10 1.6864869e-08 0.06623005 1.7885412e-05 1.6628306e-07 0.02467046 0.009847908 0.02336977 0.45873347 0.0767574 0.00074262527 0.050215896 1.11197905e-05 0.067419246 6.147005e-07 4.4837034e-07 1.222616e-07 0.013724289 0.0009801704 0.0038427652 0.0028086347 1.3996282e-07 0.010107302 0.0033602812 1.045932e-06 0.00022957865 0.0006042124 2.78993e-07 0.053798553 0.00043060412 3.585318e-05 2.5183725e-05 0.0006042893 6.5221207e-07 2.7945316e-07 0.0023490835 6.6659476e-07 0.0001370895 4.905477e-07 2.9704992e-07 0.0025179212 2.5670246e-05 1.18775624e-07 1.4744752e-07 2.3067553e-06 1.2693176e-06 0.0072937515 2.0317846e-06 3.9107224e-05 1.3965065e-06 3.6878953e-07
0.9528663 0.01892009 0.00011063048 0.00039712962 0.003794236 0.00018612425 4.3693612e-06 0.0001425372 3.435717e-05 0.34086034 0.013850013 0.23694085 0.002078585 2.3532393e-06 3.3403765e-07 0.61387634 0.97688824 0.729987 2.7893448e-05 0.009152354 0.0006059322 4.4720445e-13 6.6642315e-07 1.8647843e-05 0.93883055 0.95393 0.77091074 4.8524225e-06 0.00020666483 6.888516e-05 4.7894046e-06 0.72248983 5.9892765e-05 2.4413757e-06 0.00013185365 0.382199 0.0006571921 2.431643e-05 0.00027581194 1.523686e-05 0.0024857533 0.00013924437 2.4778918e-05 0.020216465 0.029328294 1.353938e-06 0.0017761285 0.00023962159 1.4262879e-07 8.047276e-06 1.4073982e-05 3.9360437e-08 0.46462646 1.1393714e-06 3.7387384e-08 0.021161748 0.08854235 0.0001383526 0.020258477 0.0002486429 8.73157e-06 0.009749229 4.9986284e-05 0.00045062398 7.560895e-05 6.727673e-07 6.648469e-05 0.04087136 0.00699508 0.33571482 0.00015158356 1.4286898e-08 0.00040848774 0.090530284 8.414589e-07 0.022313936 9.814936e-05 7.912068e-07 0.20589004 0.013688344 1.730083e-05 0.0014927412 8.867977e-05 4.8445804e-06 7.201904e-07 0.0029329078 1.799514e-06 1.1680256e-05 1.884251e-06 2.6408485e-05 0.008826046 4.084149e-05 8.781918e-08 2.916845e-07 1.5031767e-05 5.696018e-07 0.23611364 2.2350057e-06 1.717534e-06 6.7175876e-07 2.8104484e-06
0.8227201 0.006367626 0.26648337 0.55089355 0.00070409826 0.2970791 0.22033535 0.0013184348 0.75583917 0.00082687306 0.013727444 1.4366102e-06 0.023085883 0.94544476 0.97817415 7.332951e-06 1.773861e-07 9.956273e-07 0.045333087 0.035906468 0.1422968 6.6642315e-07 2.784516e-16 0.96315706 9.602511e-06 2.7094636e-06 3.8481595e-08 0.9497106 0.755402 0.0016375367 0.0012864908 1.1339223e-06 0.6523661 0.00017568177 0.6305567 1.5443824e-05 0.18186031 0.7931294 0.033970375 0.0003641674 4.953685e-08 7.2698745e-09 5.9169586e-11 6.909566e-08 9.251186e-07 0.0016791425 0.00058888557 0.0632049 0.0015149397 3.5673478e-05 3.9012656e-12 1.3754346e-05 3.6220186e-05 0.0009985071 2.1299848e-06 6.630866e-05 4.145738e-06 0.42728153 0.0061177206 0.40164518 0.02375027 0.00020545647 5.5154155e-06 0.0025658205 2.2490408e-06 8.132019e-05 3.2539414e-05 1.1209773e-05 1.1687392e-06 3.1413601e-06 0.016698334 2.948832e-08 0.0035562639 2.1409166e-06 3.7658832e-05 2.4137682e-08 0.0047965446 9.817328e-06 0.00031302896 3.651218e-08 0.00022796939 0.00029569512 0.0017262201 5.327011e-06 5.762551e-07 0.00030816093 9.420959e-06 0.00049374654 1.1874511e-06 2.5137416e-07 2.203895e-05 7.8599725e-05 3.0323127e-07 4.9401358e-08 7.0624283e-06 2.4245517e-06 0.0002460275 4.513422e-07 7.4744115e-05 1.6622575e-06 1.1605579e-06
0.96576756 0.03418556 0.5988471 0.8710589 0.011561817 0.5808842 0.24778499 0.0043168515 0.5721108 0.041532997 0.066634856 3.6056615e-05 0.30410182 0.919735 0.895555 0.00041625337 3.965457e-05 8.740847e-05 0.17210953 0.34751457 0.6746174 1.8647843e-05 0.96315706 1.0566554e-12 9.0205656e-05 0.000125611 4.8867414e-06 0.5496012 0.921559 0.0036415202 0.0067436327 5.412638e-06 0.77905285 0.0014695388 0.7206237 0.00011256261 0.47081524 0.5529762 0.09334869 0.00018735573 1.8973904e-05 5.2185567e-07 4.4268898e-08 3.4494813e-06 1.5145748e-05 2.2453363e-05 0.00443921 0.24088983 0.0002724697 0.00018630609 1.9906857e-10 2.7747722e-06 0.00052558124 0.00032698145 7.276122e-06 0.00088695594 0.00036014416 0.41424823 0.025666336 0.44396666 0.0062374356 0.0012674053 4.5170473e-05 0.013098856 1.1476294e-05 5.625793e-05 1.19034285e-05 0.00029493836 9.662088e-05 0.000103249535 0.020821536 1.3963053e-06 0.008161866 9.583661e-05 2.1981185e-05 1.260074e-06 0.002659303 1.2035854e-05 0.00096522056 6.509385e-06 0.00022785596 0.0005329395 0.0006279136 3.265881e-06 2.65921e-06 0.0009590061 1.9103723e-05 0.00026051665 1.0342016e-05 4.056443e-06 0.0003042801 8.952834e-05 2.2725297e-07 5.8932812e-08 2.4724284e-06 1.8859159e-06 0.0012572258 6.4555884e-06 3.8300786e-05 9.814295e-06 4.0578647e-07
0.9112879 0.009265326 0.00015077661 0.0006303388 0.0015758282 0.00021416253 2.2823686e-05 7.455162e-05 2.7034277e-05 0.26821896 0.030202847 0.006124007 0.020325355 7.333305e-05 5.416103e-06 0.86460114 0.696591 0.92447853 2.9080573e-05 0.102116905 0.017099509 0.93883055 9.602511e-06 9.0205656e-05 1.1626035e-14 0.9596565 0.78680784 2.990359e-05 0.0020377366 3.3060667e-05 9.480489e-06 0.89571506 0.0002679466 2.0072512e-05 0.00014111784 0.92123324 0.0032995907 3.639088e-05 0.0016564832 1.1459567e-06 0.002578714 0.00037705226 6.059172e-05 0.08547072 0.1456255 1.2998544e-05 0.00027116406 0.00091117085 2.1854329e-07 5.986696e-07 1.10085775e-05 6.814494e-08 0.3552931 2.3673854e-05 2.3977448e-08 0.06987296 0.2480064 0.00010793177 0.04015875 0.00053423835 2.4108525e-05 0.015180325 1.6907287e-06 0.00069425197 1.7154312e-05 3.1568964e-06 1.9593074e-06 0.07767432 0.016149865 0.38468474 8.528447e-05 5.7010254e-08 0.00064066524 0.08670217 4.585917e-06 0.058681842 4.0022755e-05 2.8955264e-07 0.10322222 0.05554984 4.3463456e-06 4.0889736e-05 0.00034291996 8.726039e-07 8.460757e-06 0.002317597 1.742285e-06 3.751205e-05 9.468553e-06 3.0281242e-06 0.016987043 2.6254347e-05 7.0792125e-06 3.2187306e-06 1.5296326e-06 3.9341076e-06 0.10914494 1.9629628e-05 2.6689318e-05 1.738694e-05 2.0854293e-06
0.60638994 0.0024043731 0.00017796773 0.0008117542 9.216428e-05 6.377152e-05 7.998186e-06 1.18757725e-05 8.881633e-06 0.06473566 0.0058395104 0.02385442 0.0019941453 1.2096659e-05 2.6313164e-06 0.32260945 0.3681883 0.63700986 1.9921607e-05 0.011264975 0.0013484906 0.95393 2.7094636e-06 0.000125611 0.9596565 7.608611e-17 0.9900809 1.9140798e-05 0.00053877925 1.9633992e-05 1.5455315e-07 0.751446 0.00013773676 4.3779778e-08 0.00010343954 0.63606143 0.00046971615 1.099631e-05 0.00052418635 3.063725e-06 0.0052058157 0.00024612958 6.578756e-05 0.11125927 0.123575024 2.4557764e-06 0.00021434399 0.000116294665 8.686359e-09 2.575623e-06 2.1478554e-06 5.468151e-07 0.11369113 1.1291785e-06 1.1994962e-08 0.031571526 0.10771874 0.00012895573 0.010579756 0.00031595497 1.6221169e-06 0.0031577577 6.7949486e-06 0.00043079062 2.781064e-06 3.9092234e-07 3.7039306e-06 0.018588593 0.0063141785 0.1909569 4.3923876e-05 6.865544e-08 0.00022062978 0.014823293 9.662346e-07 0.038543954 2.2403014e-05 1.880482e-07 0.013352069 0.026034178 9.574699e-07 5.9476597e-06 4.3965578e-05 2.5716004e-06 4.327328e-08 0.0011355592 4.1061796e-07 1.0340053e-05 1.7701382e-07 1.8440328e-07 0.004760988 1.3633351e-05 2.2162894e-06 3.8033548e-05 4.937649e-06 8.2281e-06 0.022862682 1.1697984e-08 4.7600797e-06 5.7223104e-07 2.0177429e-06
0.6314947 0.000586583 3.229078e-05 6.489808e-05 1.1425733e-05 3.4957306e-05 1.923811e-06 3.6640968e-06 2.6291718e-06 0.0074452646 0.0010985705 0.005224155 0.00019434426 6.116013e-07 9.972688e-08 0.086375505 0.47819594 0.26607355 5.644393e-07 0.00095989555 0.00010670017 0.77091074 3.8481595e-08 4.8867414e-06 0.78680784 0.9900809 1.6463063e-17 2.3091436e-06 6.9430134e-05 2.4460066e-06 1.1071184e-08 0.97288054 6.465625e-06 6.9002644e-09 8.115382e-06 0.60352975 8.7616456e-05 3.6127058e-06 3.8747978e-05 3.2044454e-08 0.006965533 0.0008037972 0.000115719704 0.640173 0.7916469 7.985405e-08 4.805947e-05 5.5032624e-06 4.675839e-10 1.0202449e-07 1.1649735e-06 1.2716122e-08 0.06312285 1.7286029e-08 2.2268398e-10 0.011305005 0.0463108 3.1155741e-06 0.0024492666 2.85254e-06 2.0052678e-08 0.0016155472 2.918331e-07 0.000135959 4.1388957e-06 1.3753787e-08 5.316404e-06 0.012678944 0.0044284323 0.40740678 3.8329963e-06 2.5253144e-10 1.2669744e-05 0.014333945 1.9719953e-07 0.5841248 6.5466236e-07 3.5187036e-08 0.014960819 0.123116225 1.3318607e-08 2.689536e-07 4.628302e-06 3.5031326e-07 5.5329952e-08 0.0009192351 1.828559e-07 4.0154228e-07 7.117673e-07 1.9652713e-08 0.006776147 2.5319207e-07 2.5275192e-06 3.5464418e-05 1.5027861e-06 8.363838e-06 0.031494137 9.614428e-09 7.707851e-07 1.344177e-06 2.8922972e-07
0.9708563 0.0036736403 0.34379655 0.5406616 0.0002952609 0.7120975 0.5797444 0.0009764172 0.9685611 0.0002956173 0.0015896361 8.074912e-06 0.0014080065 0.34367904 0.61936677 8.082788e-06 1.7562213e-06 5.7057746e-06 0.5669581 0.0026522134 0.0118333055 4.8524225e-06 0.9497106 0.5496012 2.990359e-05 1.9140798e-05 2.3091436e-06 2.7644995e-14 0.10287425 0.06941231 0.0063699977 1.5982627e-05 0.16761866 0.00037760122 0.33590662 3.9651048e-05 0.035051923 0.8188438 0.011581676 0.01858213 3.0879694e-06 3.385794e-07 3.8550503e-08 7.0180045e-07 2.6336186e-06 0.045588497 0.010695824 0.04890979 0.08390577 0.00033114705 6.947629e-11 0.00043179543 0.00010285484 0.08718201 3.8083833e-06 0.00014910132 9.119854e-06 0.894585 0.0020537255 0.6383556 0.16621423 0.00031273448 0.00015568254 0.0011274617 6.0822193e-05 0.0070806746 0.00038428148 0.00019507273 7.415135e-05 2.6575177e-05 0.16320996 5.2453214e-07 0.002825358 0.0002953713 0.00030904266 1.2501631e-06 0.066603705 0.0002854244 0.001868555 5.663194e-07 0.014477461 0.028001722 0.009997301 0.00020716169 7.6048564e-05 0.0007653213 0.00043300385 0.0046061957 3.6487418e-05 4.734392e-06 0.00029142998 0.0020483357 9.1745363e-07 4.2504087e-07 0.00023050953 1.9259818e-05 0.001483462 0.00010694712 0.0008374578 6.448011e-05 6.86045e-05
0.8355615 0.0058353627 0.034431335 0.13748719 0.000629528 0.010987613 0.0030052857 0.00066301104 0.030808073 0.09375908 0.26647568 5.157966e-05 0.32400352 0.7749208 0.50095433 0.014596053 9.008156e-06 0.0117770145 0.00018839366 0.6470782 0.8668583 0.00020666483 0.755402 0.921559 0.0020377366 0.00053877925 6.9430134e-05 0.10287425 1.3293074e-12 4.8099955e-05 1.0175844e-05 6.981957e-05 0.98952216 1.8085679e-05 0.8340683 0.042417087 0.92240566 0.24628127 0.318013 3.2069696e-07 8.770854e-06 1.7220806e-06 9.363289e-09 2.3205092e-05 0.00029421804 1.3781552e-05 0.00022370019 0.17989647 3.674702e-05 1.2389193e-05 2.1132465e-09 1.0842319e-07 0.0026076718 0.00024257383 5.301005e-07 0.014028972 0.0027249702 0.06314844 0.11803086 0.14115143 0.0034043312 0.009810482 1.6059164e-06 0.0488208 1.9554004e-06 1.1204461e-05 4.8172283e-06 0.0008219595 0.00023090137 0.00065820315 0.004183136 8.3886045e-09 0.017782433 0.00054423884 2.4998626e-06 3.9262122e-05 0.00069269614 9.37014e-07 0.0033241126 2.4850362e-05 8.833598e-05 5.731519e-05 0.0008253659 1.6773434e-07 1.1036575e-06 0.0037076194 3.0023207e-07 0.00018763522 3.1127881e-06 1.1420731e-07 0.00039165377 1.0321315e-05 3.7712488e-07 7.166814e-08 2.3754174e-06 1.2787198e-05 0.0013805815 2.9551566e-07 3.2520104e-06 2.065216e-06 1.2478529e-07
0.115599975 0.00088966906 0.06630122 0.041612532 0.00024598316 0.28473744 0.473249 0.38382292 0.25154832 0.00013189013 9.2548e-06 0.00068330776 0.0001389267 0.00036595485 0.003757202 3.3909212e-06 5.432429e-08 7.311286e-07 0.98953706 5.6010367e-06 6.451308e-05 6.888516e-05 0.0016375367 0.0036415202 3.3060667e-05 1.9633992e-05 2.4460066e-06 0.06941231 4.8099955e-05 3.872652e-14 0.5358134 8.905284e-07 0.0002933898 0.3529235 0.0010051798 0.00010370553 4.36033e-05 0.00055350515 1.8016683e-05 0.935861 8.716453e-08 5.322204e-09 1.4934422e-10 6.104059e-08 2.3530383e-07 0.0020618716 0.96742845 9.548838e-05 0.0002179579 0.08542012 9.410245e-10 0.003251862 8.4977095e-05 3.7297625e-05 0.020384757 1.0774587e-05 2.7675203e-06 0.016081527 7.3756186e-05 0.008055957 0.001358338 3.4888412e-06 0.8071077 4.1054394e-05 0.3017068 0.000912387 0.029928593 4.5217216e-06 9.875514e-07 4.0556383e-06 0.017127786 0.015176893 0.0005150077 5.9957947e-06 0.0005475468 7.681269e-06 0.027168008 8.138925e-05 0.0015814407 1.126337e-06 0.0067190304 0.023940185 0.001559225 2.12786e-05 0.0007507366 0.00018289368 0.027250431 0.0011142892 4.9969174e-05 1.0736216e-05 1.0770195e-06 0.0010243163 0.00012046332 3.7023612e-05 0.0004319787 5.833821e-05 0.00024197517 1.3364514e-06 4.843495e-06 6.123642e-05 3.4173988e-06
0.0013126079 0.0025014011 0.27609685 0.09567042 0.00088701735 0.3908906 0.5928983 0.4719698 0.1030466 1.5498046e-05 8.335833e-06 5.8519752e-05 0.00014422894 0.0004583759 0.0036361516 6.571175e-07 8.454477e-09 1.2517086e-07 0.6702825 8.7715825e-06 6.86329e-05 4.7894046e-06 0.0012864908 0.0067436327 9.480489e-06 1.5455315e-07 1.1071184e-08 0.0063699977 1.0175844e-05 0.5358134 3.7520784e-18 5.1561386e-08 7.164535e-05 0.99767196 0.00031522755 4.499377e-07 1.409651e-05 3.5031295e-05 4.5754978e-06 0.2294179 1.9829466e-07 1.0156758e-08 2.6759222e-09 7.7500005e-08 1.1806425e-07 6.8172767e-06 0.42145237 4.5439992e-05 4.851569e-07 0.0476615 9.136863e-10 1.4577703e-06 3.2577966e-06 7.840952e-08 0.0010217503 8.4986647e-07 1.5679548e-07 0.008233891 1.9173465e-05 0.0023172928 9.7355565e-05 2.471958e-07 0.00011399562 5.6786783e-05 0.0009666272 2.9503962e-08 1.765831e-06 1.4912499e-07 1.1047473e-08 2.6925375e-06 0.0014527318 4.7440164e-05 0.000104887775 6.7539105e-08 1.999625e-06 2.9343316e-06 0.0006650429 1.7141728e-08 0.00080981303 2.0553574e-07 8.759297e-05 2.0248548e-05 0.00016489727 3.3109222e-07 4.1663855e-09 3.9907995e-05 1.2931195e-05 2.4289686e-05 6.0838694e-08 2.6103375e-09 1.6182988e-06 2.7558951e-06 6.242496e-07 2.67346e-06 3.800365e-06 8.307701e-09 4.065783e-05 4.2228223e-08 2.1177617e-07 4.953742e-08 1.1291164e-07
