4.1119955e-18 0.96481204 0.5196068 0.38459873 0.14018255 0.7862334 0.96543396 0.77325726 0.472353 0.52883726 0.6800651 0.79783815 0.37115502 0.84182125 0.9151946 0.9294313 0.982424 0.9508369 0.43560648 0.7988892 0.93065965 0.5263036 0.9358156 0.9225303 0.9810979 0.43015584 0.47421905 0.8311326 0.91719854 0.8531947 0.9250972 0.07327524 0.546726 0.9040266 0.83519816 0.021138677 0.92530584 0.9365971 0.94696546 0.6566978 0.84512556 0.8067924 0.5351634 0.774585 0.15772714 0.5847941 0.0018199468 0.19471025 0.7659958 0.9905021 0.96690553 0.9664936 0.8834497 0.0064074774 0.007928728 0.9766828 0.54626864 0.93649757 0.99133503 0.016454892 0.0005699621 0.00022631118 0.99517393 0.94790703 0.90405273 0.97089535 0.95259345 0.7302414 0.0002473919 0.9833968 0.4823553 0.79764485 0.9979614 0.11080099 0.14409675 0.98460805 0.003176451 0.9413121 0.543471 0.9959324 0.8374064 0.9991346 0.9851649 0.8157801 0.016950306 0.84358424 0.21549843 0.9920749 0.47593784 0.8736294 0.7489564 0.9809038 1.1120835e-06 0.6540893 0.9929362 0.0026469578 0.08845661 0.924294 0.0021122727 2.1213324e-08 0.99847114
0.96481204 5.9359374e-15 0.9760548 0.70732445 0.81461287 0.89818585 0.6281777 0.8768495 0.15471253 0.7817528 0.22289404 0.6300802 0.7883339 0.7221465 0.15070184 0.4822946 0.30513117 0.0187083 0.012565288 0.28860056 0.015303726 0.0012329347 0.008967049 0.049370103 0.2542195 0.45050836 0.020350818 0.05120287 0.124580175 0.024036659 0.5015996 0.055845667 0.016353792 0.09079553 0.021851325 0.089624345 0.00012690308 0.06483054 0.06394896 2.616509e-05 0.018276965 0.0018037347 7.750175e-07 0.0003099553 0.525876 6.8084825e-07 0.0016010072 1.5848187e-06 3.7645847e-08 0.008752096 0.003197463 0.00421194 0.0051895026 0.010898883 0.0008806774 0.12251607 1.4152012e-06 0.00028204208 0.0005475384 0.23278196 6.5722836e-09 0.0007997779 0.00023704773 0.005937768 1.6277585e-05 0.00028711843 2.2170492e-05 0.0040217754 0.002901406 6.686933e-05 3.268056e-06 7.7250455e-08 0.009712485 2.7616816e-09 5.32489e-07 7.909685e-05 3.8078747e-06 7.662765e-08 3.2396206e-09 0.012238475 5.128788e-06 0.018684689 2.3432738e-06 4.6913186e-07 5.0376553e-07 4.3851405e-06 8.246423e-07 7.931714e-08 1.4238469e-07 8.838043e-08 1.2777495e-07 0.007673651 8.655931e-08 1.2571656e-06 1.1609856e-07 7.834763e-08 2.1182998e-08 2.9256329e-08 1.4240818e-07 4.695436e-07 0.0012323615
0.5196068 0.9760548 7.425301e-17 0.65128773 0.98086536 0.3771052 0.19340304 0.6694678 0.04179398 0.47803968 0.053746402 0.11558744 0.9294978 0.12959538 0.018638505 0.07161322 0.021721458 0.008060895 0.0035057112 0.027073463 0.0034102255 0.00045320787 0.0010473414 0.007984073 0.025853237 0.3879123 0.022045346 0.008877697 0.012681435 0.0033018477 0.090569824 0.073178686 0.009461522 0.008869569 0.0030960669 0.12913887 0.00013870138 0.00919959 0.007100742 4.98354e-05 0.0012850065 0.00036794643 4.1557564e-06 0.000105351835 0.486034 4.7831765e-07 0.008901226 2.6677371e-06 2.2346103e-07 0.0016151328 0.0004796316 0.0006753689 0.0003127419 0.006311352 0.0007196316 0.015543704 1.7022295e-07 6.989072e-05 1.6034273e-05 0.26482806 2.8744083e-08 0.00010166101 8.07153e-05 0.00084522617 2.9198243e-06 0.00017021931 8.4859375e-06 0.0003921075 0.011896286 6.546074e-05 7.055996e-07 2.6162144e-07 0.00028526058 5.6040683e-09 2.4391231e-06 8.6516575e-06 1.4328088e-05 1.9131673e-07 8.918015e-09 0.0008959616 8.465087e-07 0.0012371766 6.9257527e-07 4.7434912e-07 1.1715848e-06 1.2102487e-05 6.7223336e-06 3.323794e-08 3.6654424e-06 2.3363216e-07 1.8659449e-08 0.0005201885 2.74001e-07 9.632376e-06 6.860213e-07 7.826727e-08 1.06539254e-07 7.9870154e-07 1.8798723e-07 6.8232833e-07 8.1205035e-05
0.38459873 0.70732445 0.65128773 1.999606e-17 0.45447317 0.733061 0.8647571 0.003976299 0.98946893 0.0022582333 0.92824566 0.46347836 0.32985625 0.13161702 0.00030152316 0.30311894 0.00045096676 0.45681846 0.00023684208 0.029647794 5.2434665e-05 4.0927505e-05 1.646332e-05 0.17993015 0.056782536 0.90359795 0.5867544 0.0006707468 0.00020742504 8.494913e-05 0.0043177116 0.28476307 2.0518302e-05 0.000338568 0.05104363 0.46047324 6.92026e-05 0.04071802 0.0016939908 2.5614245e-05 3.333525e-05 1.7090873e-05 1.1495551e-05 0.0008232885 0.26085833 5.781208e-06 2.756485e-05 2.5052408e-05 4.0622325e-07 0.0030423414 5.5220153e-06 0.005157912 3.1565773e-06 0.088334516 0.03100837 0.00097644655 5.178215e-08 0.00016979453 1.8409894e-07 0.062195484 3.334105e-08 4.0994832e-06 1.5057522e-07 0.00024854523 1.9883531e-05 0.00018329493 7.323269e-05 4.288247e-06 0.014454682 5.0040326e-05 3.1844822e-06 1.2608993e-07 2.2827495e-05 7.9286205e-10 1.6689783e-06 3.060869e-06 0.0018725231 1.9330753e-07 1.8239297e-09 0.00042427468 1.165118e-06 0.00038530127 2.2679309e-07 5.3383246e-07 9.973179e-07 4.1734147e-06 1.3889019e-07 2.3543673e-07 2.199729e-07 8.469052e-09 8.219538e-11 0.00045822817 7.242945e-08 5.485031e-07 2.2876428e-08 3.485871e-08 4.133182e-09 1.0624703e-07 7.194884e-10 4.5142368e-08 5.260611e-05
0.14018255 0.81461287 0.98086536 0.45447317 2.702142e-16 0.14612527 0.04127968 0.6428204 0.016725348 0.52043694 0.015643995 0.024217458 0.98784375 0.03639731 0.023822293 0.014549601 0.018467454 0.002064077 0.008755073 0.01113288 0.017059749 0.0018379276 0.0023427778 0.003083229 0.0102697145 0.07562394 0.0018905303 0.0096372 0.009717497 0.0028386638 0.025766172 0.0026866714 0.019790022 0.0056076082 0.001063106 0.039378982 0.0010258878 0.0024171502 0.006030075 0.0004900738 0.0016176942 0.00067335047 4.4822823e-06 3.5231646e-05 0.026337413 3.686675e-07 0.06444995 1.985417e-06 3.8772004e-07 0.002620907 0.0005277122 0.00044763982 0.0005414932 0.0005928881 1.8745e-05 0.013580783 6.169219e-06 0.00012320178 2.2494753e-05 0.007068443 4.54056e-07 7.510804e-05 3.99607e-05 0.0014064444 9.984614e-06 8.781438e-05 4.883613e-05 0.00021895375 0.0016195126 3.1138257e-05 1.7230891e-06 1.7514468e-07 0.0001819648 1.3814203e-08 1.3295119e-06 5.0198364e-06 7.453061e-06 1.0660201e-06 8.705965e-09 0.0007356314 3.5583212e-06 0.0014817419 1.0323278e-06 7.0275523e-06 3.8002127e-06 1.6680418e-05 2.572752e-07 1.040497e-06 1.3905633e-06 5.028761e-07 7.1151256e-08 0.0007341019 1.2125435e-06 3.7516932e-06 2.5058848e-06 4.2246296e-07 1.1457211e-07 7.5256304e-07 2.0562622e-08 8.367886e-07 0.0001571231
0.7862334 0.89818585 0.3771052 0.733061 0.14612527 2.947502e-14 0.84094477 0.012502271 0.3700689 0.008809656 0.6268057 0.9826652 0.062574595 0.91764665 0.00087583164 0.77404916 0.0063434937 0.15604705 0.00059306517 0.56121343 0.00013368225 4.8943184e-05 2.04852e-05 0.50017893 0.27151608 0.15640932 0.025390761 0.0024421457 0.00043705013 0.00038689436 0.032528687 0.023505587 2.42214e-05 0.003901293 0.028800705 0.019507907 0.00014908041 0.051631782 0.01674117 1.0425327e-05 0.0002020059 6.274943e-05 2.6621913e-06 0.0013762724 0.044093464 1.2064987e-05 4.6971318e-06 2.1556225e-06 2.8279985e-07 0.014471967 0.00010310518 0.0045674983 6.907713e-05 0.002815707 0.00023354431 0.002474909 1.7626401e-07 0.00017895435 8.939307e-06 0.005750822 3.920345e-09 1.2573516e-06 6.3231473e-06 0.0017031902 1.9132367e-05 0.00025132947 9.952718e-06 0.00036579714 0.0012050971 3.2983793e-05 5.142909e-06 1.7451734e-08 7.554034e-05 2.2921711e-09 2.625217e-07 4.8774855e-06 7.9186276e-07 6.299228e-08 2.9764173e-09 0.0023162146 1.193484e-06 0.0023179837 1.9812423e-06 4.5011407e-07 9.674674e-07 1.524598e-06 4.056801e-07 2.9912462e-07 4.0979407e-07 2.3934177e-08 5.1091725e-10 0.0009435427 1.5057535e-07 4.405506e-07 9.378338e-09 2.6554135e-08 1.3924701e-08 7.458123e-08 2.367217e-08 2.190773e-07 0.00051762455
0.96543396 0.6281777 0.19340304 0.8647571 0.04127968 0.84094477 3.806886e-14 0.00016552261 0.7491106 6.738518e-05 0.9266879 0.78736377 0.051373247 0.47588554 7.044506e-05 0.83491343 8.9432935e-05 0.77162 0.00016307783 0.13072333 1.27725725e-05 9.5513105e-06 4.646758e-06 0.6627091 0.35019022 0.91025746 0.7749785 0.00023552781 5.9552174e-05 3.150053e-05 0.008090901 0.66130984 2.2371118e-05 0.0005636225 0.2608552 0.18668401 1.6796404e-05 0.30160034 0.0052859066 8.1373406e-07 2.1261643e-05 2.0915348e-05 1.9397598e-06 0.0039769495 0.58545333 6.6915585e-05 8.83715e-06 3.720611e-05 2.9964237e-06 0.0052817296 3.544065e-05 0.041550618 1.3570465e-05 0.15691844 0.17736852 0.0012468586 3.9717673e-08 0.00063122786 1.32642235e-05 0.32032016 7.5279814e-08 3.1304226e-05 1.1619234e-06 0.000482102 4.233317e-05 0.000550914 0.00010079399 5.3657895e-05 0.006847684 0.00018168824 2.231097e-05 3.8438992e-07 0.00014689489 5.5137237e-09 1.9339082e-06 8.573461e-05 0.0029038764 4.7271573e-07 4.206255e-08 0.0026095265 7.4323852e-06 0.0024801625 9.055565e-06 1.6250387e-06 5.3680287e-06 1.6607784e-05 2.0515788e-06 2.4363449e-06 2.2947468e-06 1.4289394e-06 1.3665213e-09 0.0032477214 9.040442e-07 1.1344404e-06 1.7327365e-07 5.8850964e-07 1.7566114e-08 1.02185155e-07 4.674839e-07 5.2677393e-07 0.00021593797
0.77325726 0.8768495 0.6694678 0.003976299 0.6428204 0.012502271 0.00016552261 9.787e-16 9.826766e-05 0.9953762 0.0001300222 0.0015002959 0.9095113 0.008823706 0.7628893 0.0005336131 0.4347781 6.120985e-05 0.23022895 0.0024670665 0.6052147 0.10806444 0.44452333 4.8953545e-05 0.0034184002 0.009829972 0.0005803097 0.13083285 0.4298504 0.1579667 0.16248797 0.0001532901 0.18375058 0.03814505 0.00045836697 0.0025150306 0.003531932 0.0013332805 0.0034424653 0.0021224022 0.06526457 0.01465952 3.856854e-07 2.7748978e-05 0.038440216 3.0130376e-08 0.022860698 9.5845515e-08 1.2611433e-07 0.0019813543 0.028577257 0.00013646692 0.03247285 0.000112410824 2.758998e-06 0.19730236 1.1004327e-05 1.4293653e-05 0.019393813 0.014579755 1.6373114e-07 0.0032109742 0.0020921635 0.004141445 3.2742767e-06 2.5071959e-05 5.5726273e-06 0.009042703 0.00045722834 1.03129505e-05 1.7600224e-06 2.3336616e-08 0.008418889 8.221726e-09 3.6187694e-07 2.6615112e-06 9.328497e-08 2.1390441e-07 2.0468356e-08 0.002769687 4.4147288e-07 0.011841682 2.9066944e-06 8.793338e-07 4.307306e-06 4.0385366e-06 6.5095714e-06 1.460915e-07 1.2685861e-05 1.5750948e-07 1.1939173e-07 0.0013806646 2.2230155e-07 3.7713007e-06 1.3030025e-06 7.035907e-08 8.249094e-08 7.233581e-07 4.7015902e-08 2.3328039e-07 0.0013701129
0.472353 0.15471253 0.04179398 0.98946893 0.016725348 0.3700689 0.7491106 9.826766e-05 2.2458528e-16 2.3453718e-05 0.97133744 0.24042894 0.01029069 0.07471013 6.214514e-05 0.23204488 2.6690897e-05 0.66677976 4.1292704e-05 0.01089812 1.1500343e-05 2.99715e-06 3.3654471e-06 0.24036372 0.0481601 0.7596487 0.6990149 0.00010913615 4.8169e-05 2.0484536e-05 0.0020105313 0.24611372 1.3355212e-06 6.701291e-05 0.10912074 0.094505474 8.246145e-06 0.08097024 0.0008101756 4.0087484e-06 7.841745e-06 5.585333e-06 8.4179526e-05 0.00207246 0.15165745 7.2577874e-05 1.1195837e-06 9.744213e-05 2.6709727e-06 0.0018566996 2.9705548e-06 0.010236415 2.4841488e-06 0.07694871 0.07888982 0.0004248887 4.844536e-09 0.0004928894 2.4677416e-07 0.07952336 8.488311e-09 5.422727e-07 1.0652056e-07 5.304708e-05 9.739326e-05 0.00044846447 9.500352e-05 4.1018484e-06 0.0062028402 0.00017079558 8.911219e-06 4.1356307e-07 1.9872288e-05 2.245303e-10 3.314459e-06 1.41714e-05 0.011247564 7.8445237e-07 5.6253797e-09 0.00055594323 2.0555995e-06 0.00045248645 1.667893e-06 1.6721677e-06 6.4814362e-06 1.30702665e-05 3.4616198e-07 1.2521475e-06 2.9039637e-07 9.291508e-08 3.430489e-10 0.0017290203 4.6396485e-07 7.3777073e-07 1.07275355e-07 8.6480395e-07 9.210093e-09 2.4026377e-07 2.796923e-09 1.9288014e-07 0.00017931208
0.52883726 0.7817528 0.47803968 0.0022582333 0.52043694 0.008809656 6.738518e-05 0.9953762 2.3453718e-05 2.0176191e-14 2.758889e-05 0.00033468995 0.8903423 0.0035246674 0.88135713 0.00033011407 0.5831073 5.369675e-05 0.49705318 0.0013619511 0.85236436 0.3483155 0.54175913 2.2684826e-05 0.0013748184 0.00058313017 5.235936e-05 0.12452766 0.40836832 0.19280499 0.087726414 5.8810647e-06 0.14559023 0.043146834 0.0001591908 0.00042886462 0.016012952 0.00063763367 0.0034963742 0.013678348 0.061564457 0.01794967 1.211416e-07 1.8439264e-06 0.0065544737 1.2149394e-08 0.041333828 2.6493629e-08 3.4878997e-08 0.00096006447 0.03801363 3.0066503e-05 0.030486599 2.6257852e-05 1.1361997e-06 0.20845416 4.5703237e-05 1.4542441e-05 0.0140502155 0.0028581568 1.0522932e-06 0.0034125675 0.0028986332 0.004659352 5.4521706e-07 6.838064e-07 1.3208353e-05 0.0111952815 4.6847555e-05 1.1374237e-06 3.1394588e-06 2.7929792e-08 0.01445607 3.1733773e-08 1.6836002e-07 2.4012347e-06 1.7728698e-07 1.1115221e-07 1.1728318e-09 0.003574501 2.00468e-07 0.012685844 1.2214973e-07 6.328743e-07 6.8985314e-06 1.0885186e-06 2.2837943e-07 1.3972065e-07 1.3877507e-06 1.5288917e-08 5.230737e-08 0.0021560288 6.1376085e-07 3.2268895e-07 2.411732e-06 2.2431146e-07 2.7489793e-07 9.778699e-08 4.747911e-08 3.3714142e-07 0.001072786
0.6800651 0.22289404 0.053746402 0.92824566 0.015643995 0.6268057 0.9266879 0.0001300222 0.97133744 2.758889e-05 4.554278e-16 0.5762832 0.0050629727 0.17781702 6.781293e-05 0.53698355 3.2537493e-05 0.9419936 3.6771595e-05 0.054965425 6.386631e-06 8.8762613e-07 5.361971e-06 0.70635515 0.09193382 0.50821656 0.5743221 0.0001480871 2.9699615e-05 1.0454598e-05 0.0030433396 0.1774333 5.3183135e-07 0.00014910843 0.29491174 0.030476673 8.495112e-06 0.21032618 0.0014918831 1.0638742e-06 5.1094553e-06 3.659002e-06 0.0015195468 0.017183289 0.0742506 0.0007326433 6.3408805e-07 0.00059461495 4.390574e-05 0.0028050705 7.6219294e-06 0.026475374 3.3379613e-06 0.04556655 0.05189902 0.00025516903 4.0187826e-09 0.002532909 2.4063272e-07 0.026971549 4.1382147e-09 4.6610916e-07 2.2712577e-07 0.00012613113 0.000244156 0.0009767609 0.00017636197 1.3603155e-05 0.0039192187 0.00026323684 5.114533e-05 1.2989502e-06 9.6582235e-06 5.97245e-11 5.2215323e-06 8.647809e-05 0.009723879 1.3161382e-06 1.0061488e-08 0.0010484508 1.2553057e-05 0.00062533864 5.342162e-06 3.404917e-06 1.571876e-05 2.602076e-05 7.3147453e-07 4.8948855e-06 1.1693792e-06 6.824715e-07 1.1391547e-09 0.0020129122 2.0007606e-07 5.2274436e-07 1.6605313e-07 3.683117e-06 1.2253819e-08 1.3816529e-07 3.6030475e-08 7.96642e-08 0.00021997449
0.79783815 0.6300802 0.11558744 0.46347836 0.024217458 0.9826652 0.78736377 0.0015002959 0.24042894 0.00033468995 0.5762832 2.0858513e-13 0.018764323 0.9069039 0.00013865826 0.9165096 0.00034988407 0.36349472 0.00015031474 0.4953717 3.379008e-05 7.5920116e-06 7.1372947e-06 0.7858603 0.39112708 0.24321015 0.09264236 0.00061737926 0.000111101304 0.00011904547 0.02802421 0.039582103 5.9158515e-06 0.0018180446 0.14429085 0.008595471 5.164133e-05 0.21224897 0.019248748 4.713623e-06 5.243936e-05 3.0476815e-05 5.5901906e-05 0.0028493362 0.056957096 5.7761685e-05 9.757139e-07 5.406373e-05 2.937078e-06 0.012085417 8.079816e-05 0.01585258 2.3483532e-05 0.008520268 0.0030210458 0.0007280189 1.1373575e-08 0.0005060948 6.315271e-06 0.011412639 1.7621374e-09 6.904175e-07 3.2909358e-07 0.00082711596 7.966082e-05 0.0006504986 3.9557268e-05 0.00017628058 0.0018853395 0.00016655582 2.4860021e-06 5.2473126e-07 3.7722704e-05 1.9605557e-10 2.2971815e-06 1.556648e-05 9.238046e-06 5.3079714e-07 8.634014e-09 0.0025723204 4.555987e-06 0.0016243013 7.1507498e-06 2.4280828e-06 3.8590674e-06 7.478002e-06 4.4154578e-07 9.645194e-07 3.170215e-07 2.2049439e-07 6.288274e-10 0.0018194019 6.1337647e-07 2.9836477e-07 4.3169983e-08 8.546394e-08 8.4195575e-09 1.1309549e-07 5.004922e-08 1.5633792e-06 0.0006521363
0.37115502 0.7883339 0.9294978 0.32985625 0.98784375 0.062574595 0.051373247 0.9095113 0.01029069 0.8903423 0.0050629727 0.018764323 9.80273e-16 0.03007792 0.30374777 0.008496239 0.01977269 0.00092074723 0.047265965 0.005017377 0.22842929 0.012005808 0.03064324 0.0005489697 0.0057262713 0.30387807 0.004970559 0.010925739 0.06323522 0.005504896 0.04191891 0.015369948 0.5593415 0.00491116 0.00030986927 0.30206066 0.0029045814 0.001236617 0.0018025826 0.0024328912 0.004436855 0.0008328486 4.3709844e-07 4.711515e-06 0.48258743 2.1048413e-07 0.79848486 2.9894096e-07 2.4482853e-07 0.0010323968 0.0010090518 0.00019536166 0.0010719587 0.0017658102 0.00012037249 0.0553297 5.1077745e-06 2.3376411e-05 1.36208755e-05 0.1863221 1.3155546e-06 0.00088172994 5.3881624e-05 0.00037034752 1.2840399e-06 5.0571653e-05 3.530733e-05 0.0001901864 0.012069867 3.3827317e-05 2.1704438e-06 5.8860135e-08 0.0003279358 6.932245e-08 6.428912e-06 1.0293431e-06 5.502442e-05 3.3798196e-07 7.585736e-08 0.0005639317 6.8532034e-07 0.0021429022 7.2804215e-07 6.4281394e-06 1.1887319e-05 2.3310715e-05 1.3927544e-06 5.5676577e-07 4.1993094e-06 1.5313032e-07 1.1832034e-09 0.00072845124 2.5581554e-07 2.9375656e-06 7.855371e-07 1.5030805e-07 6.8381e-08 9.144853e-07 1.6946514e-08 2.187052e-06 0.00010444887
0.84182125 0.7221465 0.12959538 0.13161702 0.03639731 0.91764665 0.47588554 0.008823706 0.07471013 0.0035246674 0.17781702 0.9069039 0.03007792 2.0639907e-12 0.00070628227 0.8827364 0.003087831 0.10593778 0.0007065036 0.9878061 0.00025470782 9.4134644e-05 3.4349796e-05 0.5808455 0.6453579 0.090570405 0.016555019 0.0050082724 0.0008167169 0.0007641967 0.12079262 0.013676071 6.6568624e-05 0.011699159 0.04617508 0.004194003 0.00025051035 0.13807778 0.082006045 1.5404694e-05 0.00039510123 0.00020510114 1.38258365e-05 0.0030021362 0.031693324 6.8612026e-05 4.5295465e-06 2.7099428e-05 4.1173926e-06 0.02543638 0.00034182842 0.010231867 0.00019991293 0.001974502 0.00069745554 0.0032810643 2.0125047e-07 0.00040978097 0.00020245837 0.0058278264 2.3376208e-09 5.7102166e-06 1.1820858e-05 0.0046676397 8.04454e-05 0.0008495728 4.367326e-05 0.0011978417 0.0006487824 0.00017723654 6.2338254e-06 4.4108782e-07 0.00039055268 3.859998e-10 9.641157e-07 6.409014e-05 8.543025e-07 2.012288e-07 1.2685962e-08 0.0077571822 4.9255477e-06 0.005312512 7.3948495e-06 1.8693987e-06 1.6175845e-06 6.6158796e-06 4.6236278e-07 7.817242e-07 1.375005e-06 1.9257007e-07 6.669338e-10 0.0024774664 6.1116634e-07 2.949894e-07 5.167855e-08 4.629114e-08 1.0272093e-08 4.0552205e-08 1.8414283e-07 2.7977567e-06 0.001242667
0.9151946 0.15070184 0.018638505 0.00030152316 0.023822293 0.00087583164 7.044506e-05 0.7628893 6.214514e-05 0.88135713 6.781293e-05 0.00013865826 0.30374777 0.00070628227 7.218346e-14 0.00010664595 0.9099578 9.6296426e-05 0.9487449 0.0003793932 0.92905194 0.94214606 0.91861683 4.5126253e-05 0.00075442105 0.0005303734 0.00060058676 0.11139691 0.46243578 0.33100545 0.036060594 0.00027240347 0.6771618 0.02564851 0.00013751102 0.0007413205 0.1042408 0.00033532607 0.0005313824 0.0968989 0.09779974 0.027215065 6.253028e-06 9.007495e-06 0.0691611 3.0221436e-06 0.026207047 1.5727142e-05 2.5425277e-06 0.0008947995 0.25913757 0.00014948731 0.15009052 0.00010928926 1.3550211e-05 0.2623102 0.00092127203 1.2164044e-05 0.06303735 0.011156459 7.941679e-05 0.02730312 0.09645411 0.0043505635 8.6225594e-07 7.440573e-05 1.1418488e-05 0.027025355 0.00024557908 2.2919745e-05 0.0001091347 7.752755e-07 0.09636868 0.00014394973 1.4923369e-05 3.038789e-05 5.7917155e-06 4.249545e-07 5.316614e-07 0.003467596 1.6943039e-06 0.019078705 5.4006096e-06 1.5824008e-06 6.0857936e-05 1.1918877e-05 1.5969905e-05 1.85053e-07 2.9012455e-05 1.5610551e-06 3.7224797e-06 0.004143622 7.4110415e-07 1.0075571e-05 1.2700514e-06 1.725151e-06 2.014924e-06 1.648045e-06 2.814476e-05 1.3527286e-06 0.0020211113
0.9294313 0.4822946 0.07161322 0.30311894 0.014549601 0.77404916 0.83491343 0.0005336131 0.23204488 0.00033011407 0.53698355 0.9165096 0.008496239 0.8827364 0.00010664595 9.653609e-12 0.00019672855 0.66804534 0.00017858915 0.634628 2.3105302e-05 1.3047165e-05 6.0134607e-06 0.9777451 0.57316536 0.37190813 0.28009158 0.0004157604 4.861573e-05 7.4443764e-05 0.031546116 0.10615119 1.1718044e-05 0.001964448 0.40662584 0.009438051 4.3203905e-05 0.5901333 0.03405653 3.394001e-06 5.7225236e-05 3.567327e-05 0.0003844052 0.010059547 0.07197275 0.00039334607 1.1495787e-06 0.00026060388 2.6074442e-05 0.018906927 3.8876045e-05 0.08289504 2.109244e-05 0.01496876 0.01202491 0.0005721083 2.8355505e-08 0.0017859631 2.177444e-05 0.009541761 1.9622824e-08 3.5204894e-06 2.0688717e-07 0.0012597743 0.00020166946 0.0026186847 9.131328e-05 0.00014593534 0.0007458099 0.00033320746 2.9405439e-05 5.0691665e-06 6.574246e-05 9.778017e-10 1.0851102e-05 9.925567e-05 4.9371145e-05 2.2885379e-06 5.529799e-08 0.0052275336 1.500062e-05 0.0029256514 1.3240449e-05 7.1293016e-06 7.7543855e-06 1.343797e-05 2.1556473e-06 4.2287916e-06 1.9783615e-06 2.2463162e-06 2.5897076e-09 0.0057623754 1.3100048e-06 9.4766426e-07 1.904266e-07 2.468975e-07 4.2325798e-08 1.3504582e-07 4.394713e-07 1.9347049e-06 0.0009220684
0.982424 0.30513117 0.021721458 0.00045096676 0.018467454 0.0063434937 8.9432935e-05 0.4347781 2.6690897e-05 0.5831073 3.2537493e-05 0.00034988407 0.01977269 0.003087831 0.9099578 0.00019672855 5.940179e-13 2.6576572e-05 0.62686574 0.0039549368 0.4542959 0.7001175 0.9610896 9.056562e-05 0.0017127425 0.00020493224 3.3131208e-05 0.5703592 0.8705311 0.85152954 0.0915477 1.7170452e-05 0.08114626 0.11595568 3.4757588e-05 0.00012016008 0.16942868 0.00016705596 0.0019626822 0.091847524 0.38777018 0.18608148 4.04551e-08 3.5556175e-06 0.008275101 6.989837e-07 0.0026977838 2.5190522e-07 1.3960158e-07 0.0015148718 0.58262503 5.5725133e-05 0.46336102 7.3443725e-06 1.2411645e-06 0.5960063 0.003609901 3.6627713e-05 0.20361426 0.00095177174 0.00032019743 0.03458877 0.16638874 0.01917108 7.5337207e-06 3.8235023e-05 1.2474246e-05 0.2318802 1.9558368e-06 8.613229e-06 8.6024374e-05 4.2250303e-08 0.62884825 2.7024469e-06 7.7685485e-07 5.60089e-05 1.5655329e-05 6.7978775e-08 9.694776e-08 0.031053772 3.0088888e-06 0.117242716 1.5772029e-06 1.2475704e-06 4.4835244e-05 3.9363704e-06 5.383958e-06 5.0174367e-07 1.3563748e-05 2.721935e-07 2.763398e-06 0.0071445815 1.7969586e-06 1.6635635e-05 1.7084069e-06 7.1868067e-06 4.2972636e-07 5.575554e-07 1.0123285e-05 4.9170762e-06 0.0015191222
0.9508369 0.0187083 0.008060895 0.45681846 0.002064077 0.15604705 0.77162 6.120985e-05 0.66677976 5.369675e-05 0.9419936 0.36349472 0.00092074723 0.10593778 9.6296426e-05 0.66804534 2.6576572e-05 3.8420313e-14 0.00015958813 0.03286354 2.9225923e-05 8.730447e-06 1.8576135e-05 0.9003185 0.11880264 0.61666465 0.95225203 0.0001072251 5.77499e-05 1.1697935e-05 0.0009167226 0.50628406 6.9717125e-06 0.00014902612 0.7303805 0.053895824 3.2044459e-06 0.45972848 0.00048476286 2.2165588e-07 2.9714147e-05 2.5012732e-05 0.01964756 0.105556354 0.04190463 0.01869461 1.4367001e-05 0.030565532 0.002607493 0.0014410802 1.1315256e-05 0.21867092 4.2095362e-05 0.2610012 0.4000339 0.0033188304 1.0046344e-07 0.05014538 7.5687617e-06 0.015178356 2.206728e-07 4.0303303e-06 3.164275e-06 0.00014126959 0.0141374795 0.0062443283 0.01269592 0.00011183191 0.0015534522 0.0023245462 0.0008400254 4.622892e-05 0.0002290752 7.788571e-09 5.0447085e-05 0.003014763 0.099192776 2.4039786e-05 2.2955917e-06 0.0020693582 0.00047133357 0.0020993236 0.00013204922 5.8388363e-05 0.00015770827 0.00025558865 7.288105e-05 0.00016984844 6.456762e-05 0.00014024283 1.0346563e-07 0.008159656 3.0258811e-06 1.617977e-05 4.504761e-05 0.00014856011 6.858977e-07 8.876235e-07 1.816683e-06 1.5290537e-06 0.00048215463
0.43560648 0.012565288 0.0035057112 0.00023684208 0.008755073 0.00059306517 0.00016307783 0.23022895 4.1292704e-05 0.49705318 3.6771595e-05 0.00015031474 0.047265965 0.0007065036 0.9487449 0.00017858915 0.62686574 0.00015958813 1.0688646e-15 0.00034942126 0.9648507 0.9852107 0.7724455 3.904272e-05 0.0005459551 6.5628396e-05 0.00013754786 0.035677414 0.17704718 0.12235826 0.011130019 3.0851068e-05 0.2816918 0.005064011 0.00017410559 4.56916e-05 0.114726305 0.00034213823 0.00041902767 0.13671866 0.033349443 0.01078144 7.621991e-07 5.8732576e-06 0.0013981676 3.5435949e-07 0.079834364 4.8796576e-08 7.789885e-07 0.00021681932 0.110620804 0.0002363642 0.051780295 1.4003146e-05 2.9098558e-06 0.07187132 0.00020514164 3.241698e-05 0.029794447 0.0004445828 4.9473612e-05 0.011507349 0.034218516 0.0016376335 1.4865662e-06 2.5108016e-05 2.0298936e-05 0.017635198 1.4061881e-05 1.3739231e-05 6.0729228e-05 3.355063e-07 0.043143656 2.736529e-05 4.344986e-06 2.1991052e-06 2.4966605e-06 1.2372126e-06 5.280014e-08 0.00180449 1.4025471e-06 0.006520647 6.0089525e-07 1.0855273e-05 1.997193e-06 4.6006902e-05 3.2578462e-06 2.8594843e-07 9.809906e-06 1.4492709e-07 2.2549273e-06 0.002232239 2.8897526e-07 7.5667635e-06 6.744108e-06 5.09485e-07 1.0304196e-06 1.4394683e-06 9.829356e-08 1.7062715e-07 0.00083209167
0.7988892 0.28860056 0.027073463 0.029647794 0.01113288 0.56121343 0.13072333 0.0024670665 0.01089812 0.0013619511 0.054965425 0.4953717 0.005017377 0.9878061 0.0003793932 0.634628 0.0039549368 0.03286354 0.00034942126 9.237175e-15 8.664029e-05 5.7097182e-05 2.3081493e-05 0.57579595 0.9880651 0.01339314 0.0016144284 0.012155185 0.0010980531 0.0011443329 0.22822584 0.0013134582 8.311026e-06 0.043378662 0.08766348 0.00050777214 0.00022527912 0.3314146 0.2647836 5.7170848e-05 0.0007135872 0.00036109405 4.014183e-05 0.014450466 0.0048720725 0.0005557343 1.0659896e-06 7.598143e-05 1.3096132e-05 0.053755216 0.00081372255 0.014490818 0.0002453637 0.00039041718 2.6986801e-05 0.0066373446 4.20782e-08 0.0009614833 0.00015281719 0.0006213705 1.8238219e-09 1.3367356e-06 0.00016812248 0.01178937 0.00018242908 0.0022552772 5.71961e-05 0.0015862819 0.000100595506 0.00015854054 1.0513913e-06 7.068435e-07 0.0003507157 2.35719e-10 6.4127556e-07 8.160197e-05 1.7633295e-07 2.1251587e-07 3.2169734e-09 0.016799595 3.3469933e-05 0.0083047915 4.0389796e-06 1.561247e-06 1.5643934e-06 8.283584e-06 1.6475138e-06 1.5701852e-06 6.3272586e-07 7.318284e-07 4.298313e-09 0.005046619 1.25908e-07 2.9243208e-07 1.5473631e-07 1.6734136e-08 9.41639e-09 2.0143645e-08 3.1046605e-07 2.922174e-07 0.0012690218
0.93065965 0.015303726 0.0034102255 5.2434665e-05 0.017059749 0.00013368225 1.27725725e-05 0.6052147 1.1500343e-05 0.85236436 6.386631e-06 3.379008e-05 0.22842929 0.00025470782 0.92905194 2.3105302e-05 0.4542959 2.9225923e-05 0.9648507 8.664029e-05 2.2416108e-13 0.8716105 0.82215756 7.345416e-06 0.00033683344 0.0022531487 0.00074987905 0.032514587 0.5820906 0.17374024 0.01455541 0.00030127194 0.94592744 0.00816718 4.402881e-05 0.0019478116 0.03606254 7.163825e-05 0.000106388026 0.04541224 0.073206455 0.012448845 9.97784e-07 1.4652788e-06 0.10904482 5.6489324e-07 0.47771195 2.4837886e-06 1.1097738e-06 0.00030354277 0.12703659 7.076725e-05 0.16142415 8.182047e-05 7.4049344e-06 0.42778882 0.00013605382 1.0397783e-05 0.009398624 0.023320835 6.897851e-05 0.0332126 0.007977844 0.0015404917 1.4359529e-06 1.4492005e-05 3.5730267e-05 0.022360971 0.0011843834 4.8568345e-06 0.00013901576 2.7595124e-07 0.16471682 0.00010698292 7.4467594e-06 1.1138332e-05 1.0793799e-05 1.16785834e-07 1.5195879e-07 0.0055958233 8.8581044e-07 0.034143608 6.959088e-07 2.5768686e-06 9.2052025e-05 4.280704e-06 3.4570292e-06 9.253643e-08 4.7058975e-06 9.4322495e-08 8.3877086e-07 0.0063119833 1.4874654e-06 4.6765626e-06 3.0616005e-07 4.32322e-06 1.5674301e-07 3.122247e-07 1.9727893e-05 3.6379931e-06 0.0007426369
0.5263036 0.0012329347 0.00045320787 4.0927505e-05 0.0018379276 4.8943184e-05 9.5513105e-06 0.10806444 2.99715e-06 0.3483155 8.8762613e-07 7.5920116e-06 0.012005808 9.4134644e-05 0.94214606 1.3047165e-05 0.7001175 8.730447e-06 0.9852107 5.7097182e-05 0.8716105 4.4366437e-16 0.9620811 1.8599347e-06 0.00010395874 4.9273845e-06 1.0598008e-05 0.022222314 0.12552066 0.11854663 0.0041593574 3.4472087e-06 0.2959522 0.0042271772 1.8877377e-05 2.9916325e-06 0.65292615 1.088213e-05 0.0001384985 0.5528107 0.025440644 0.009730215 4.1591147e-08 1.14876485e-07 0.0008421787 4.404932e-08 0.033905923 4.561362e-09 1.8759799e-08 1.0599343e-05 0.29749203 1.2858835e-05 0.04937155 9.143781e-07 2.7297415e-07 0.05248705 0.0017277905 6.867486e-07 0.12091225 0.00021757245 0.00018611945 0.03949527 0.24725069 0.0013912629 7.032969e-08 8.2608824e-07 1.327843e-06 0.03082913 2.3732755e-06 1.5929595e-07 3.9628494e-06 3.4024072e-08 0.10754842 5.6471446e-05 1.880568e-07 4.957274e-07 2.9916882e-07 6.290247e-08 8.373131e-09 0.0011875813 8.1208e-08 0.0065859505 8.673152e-08 1.3248577e-06 6.557496e-07 2.1072183e-06 9.259315e-07 2.821615e-08 3.8105013e-06 7.735008e-09 1.5421988e-06 0.0014381862 6.218885e-08 4.8107413e-06 1.3883503e-06 1.8736331e-07 2.812246e-07 5.5042466e-07 6.096868e-08 4.933111e-08 0.00016259286
0.9358156 0.008967049 0.0010473414 1.646332e-05 0.0023427778 2.04852e-05 4.646758e-06 0.44452333 3.3654471e-06 0.54175913 5.361971e-06 7.1372947e-06 0.03064324 3.4349796e-05 0.91861683 6.0134607e-06 0.9610896 1.8576135e-05 0.7724455 2.3081493e-05 0.82215756 0.9620811 3.1980613e-14 2.1631577e-06 2.9466466e-05 0.00012377932 1.1301216e-05 0.043433007 0.40478253 0.35423192 0.015942074 5.1407e-05 0.6209522 0.012011769 1.14626e-05 5.7298024e-05 0.4521374 5.1804186e-06 0.0003329736 0.31156164 0.09750257 0.029315056 2.3194517e-07 4.483524e-07 0.0064621675 1.9689605e-07 0.0041980925 5.7987427e-07 8.4632426e-08 7.101964e-05 0.8524067 5.3603194e-06 0.16821922 2.6371522e-06 6.2948897e-07 0.21410477 0.025862256 2.2847128e-06 0.34877443 0.0011708534 0.001407995 0.24244998 0.3715622 0.0056256754 3.6892038e-07 2.1750316e-06 2.4751248e-06 0.100127004 3.9700652e-07 1.289411e-06 2.882874e-05 1.0720357e-07 0.37423414 0.00018813027 1.4989457e-06 6.2753766e-06 2.8506313e-06 2.5662693e-08 2.2556584e-08 0.0074060294 7.675169e-08 0.03794913 4.87953e-07 4.5264568e-07 1.394326e-05 1.1882645e-06 3.5443168e-06 1.835181e-08 2.983456e-06 1.5997418e-07 1.9618708e-06 0.002762155 9.682251e-07 8.317305e-06 2.0119867e-07 1.2795273e-07 3.4156997e-07 2.799541e-07 1.3256566e-06 5.315686e-07 0.0009538641
0.9225303 0.049370103 0.007984073 0.17993015 0.003083229 0.50017893 0.6627091 4.8953545e-05 0.24036372 2.2684826e-05 0.70635515 0.7858603 0.0005489697 0.5808455 4.5126253e-05 0.9777451 9.056562e-05 0.9003185 3.904272e-05 0.57579595 7.345416e-06 1.8599347e-06 2.1631577e-06 2.0602924e-13 0.56851465 0.045149233 0.21974806 0.00028532097 2.9244631e-05 3.3973676e-05 0.006758657 0.0110174855 1.9267231e-06 0.0005602156 0.86827666 0.00040195635 1.5317384e-05 0.87876993 0.009035285 1.1141726e-06 1.5536565e-05 2.0038142e-05 0.026866307 0.452592 0.00062857266 0.05117357 4.982741e-07 0.003719047 0.0026409554 0.018428382 1.1212564e-05 0.3732557 3.3000622e-05 0.006289328 0.0064961053 0.00060906244 6.410618e-08 0.032278646 3.485489e-06 0.0002121804 1.4677535e-09 1.2901371e-07 1.7722235e-06 0.00095135614 0.004614717 0.02929451 0.0019125016 9.287438e-05 0.00017409532 0.0036744901 0.00010722132 1.7557968e-05 4.6859976e-05 2.8134706e-10 3.5834346e-05 0.0013770005 4.6351866e-05 6.9286825e-06 4.0443584e-07 0.0058265906 0.00026608387 0.0017771019 0.00012387012 1.8670638e-05 3.486209e-05 6.618192e-05 9.907952e-06 2.9331832e-05 2.0627427e-05 1.8837274e-05 3.5797438e-08 0.009811161 7.4431057e-07 4.0171412e-06 3.1252277e-06 4.1535438e-07 5.8028448e-08 3.322388e-07 3.1427135e-07 1.5067556e-06 0.0018954417
0.9810979 0.2542195 0.025853237 0.056782536 0.0102697145 0.27151608 0.35019022 0.0034184002 0.0481601 0.0013748184 0.09193382 0.39112708 0.0057262713 0.6453579 0.00075442105 0.57316536 0.0017127425 0.11880264 0.0005459551 0.9880651 0.00033683344 0.00010395874 2.9466466e-05 0.56851465 6.294168e-13 0.030977607 0.006421734 0.017431544 0.0013047919 0.00060787785 0.53193426 0.00659882 4.4094868e-05 0.12359046 0.39068753 0.0011338304 0.00016450537 0.87112516 0.81729496 3.086775e-05 0.0019230535 0.0007029151 5.1319366e-05 0.06641768 0.009225847 0.00029876299 1.0277733e-05 0.00010233549 6.2640254e-05 0.29491296 0.00018117037 0.2123183 0.00064024964 0.0017909973 0.00027459915 0.013301213 4.7955496e-07 0.006366375 0.00014208446 0.0020779162 1.8275236e-09 3.5051528e-06 1.8473227e-05 0.029140964 0.00069330615 0.02594092 0.0003593657 0.0021123523 0.0002218292 0.0010001034 2.921501e-06 2.2028412e-06 0.0005277757 3.3752452e-09 6.650596e-06 0.00037160222 2.2900442e-06 2.0163156e-06 2.9202434e-07 0.1130118 0.000106094514 0.02180271 4.199652e-05 1.2077408e-05 8.156722e-06 2.2200602e-05 6.7067926e-06 6.2108543e-06 1.0266154e-05 7.596118e-06 8.029544e-08 0.03097834 9.2201293e-07 5.286867e-06 2.7080916e-06 6.4538557e-07 5.5783667e-09 8.8904176e-07 1.3849133e-06 5.874159e-06 0.004751581
0.43015584 0.45050836 0.3879123 0.90359795 0.07562394 0.15640932 0.91025746 0.009829972 0.7596487 0.00058313017 0.50821656 0.24321015 0.30387807 0.090570405 0.0005303734 0.37190813 0.00020493224 0.61666465 6.5628396e-05 0.01339314 0.0022531487 4.9273845e-06 0.00012377932 0.045149233 0.030977607 1.775493e-14 0.8305711 0.00010206688 0.0005645909 9.9306835e-06 0.0017369615 0.98789823 0.00012515792 7.5753516e-05 0.028276589 0.9116309 1.11845075e-05 0.016710894 0.00048454452 6.5455783e-06 6.501885e-06 1.833278e-06 2.258078e-06 9.10875e-05 0.6122331 2.1908301e-08 0.015341136 5.78965e-06 1.0652056e-07 0.00021879679 0.00016808913 0.0013837351 3.763411e-06 0.24898227 0.038681034 0.0031048325 1.18739266e-07 0.00012461861 1.0036839e-06 0.57581925 4.1338915e-09 4.727592e-06 1.157522e-05 2.670778e-05 4.8066595e-06 2.4860696e-05 5.464346e-05 3.3622826e-05 0.06594182 5.583022e-06 1.7246017e-06 1.2772347e-08 0.00063826767 2.8652398e-08 1.0777003e-07 3.4667921e-06 0.001281306 4.0855294e-08 5.3546345e-09 0.0016508043 3.9771288e-07 0.0018519807 2.6048147e-07 2.9979603e-07 1.2497924e-06 1.3876983e-07 9.916756e-07 4.439455e-08 5.492459e-07 2.491298e-07 1.072354e-08 0.0120068155 7.419237e-07 8.889637e-07 6.429525e-06 1.91347e-05 1.3175723e-08 4.9660112e-08 2.8774584e-08 5.661426e-06 0.00031130735
0.47421905 0.020350818 0.022045346 0.5867544 0.0018905303 0.025390761 0.7749785 0.0005803097 0.6990149 5.235936e-05 0.5743221 0.09264236 0.004970559 0.016555019 0.00060058676 0.28009158 3.3131208e-05 0.95225203 0.00013754786 0.0016144284 0.00074987905 1.0598008e-05 1.1301216e-05 0.21974806 0.006421734 0.8305711 2.9643026e-14 6.4018204e-06 9.282024e-06 6.0544636e-07 5.483844e-05 0.81378627 5.1508825e-05 2.4708443e-06 0.2810822 0.7478759 3.6571325e-06 0.054244243 8.315367e-05 8.636131e-07 1.5474732e-06 5.6843046e-06 0.057997987 0.0044677234 0.44280207 0.0007751358 0.0045464705 0.06196413 0.00044766802 0.00011316828 2.846893e-06 0.039263587 1.3992633e-06 0.90040356 0.92776227 0.00026602982 8.8024325e-07 0.026358886 1.7886783e-06 0.17954907 2.5940183e-09 5.590171e-08 6.833524e-06 4.4754097e-06 0.004280019 0.0007954156 0.010076585 2.513225e-06 0.2654236 0.00027964046 0.008955008 6.202751e-06 6.49203e-05 1.2698266e-07 0.00011962098 0.0004979452 0.48212627 8.143819e-06 1.3213198e-06 0.0003120162 0.00019463344 0.0005396586 1.8557048e-05 7.2074086e-05 0.032214828 5.231538e-05 3.7278744e-05 8.230847e-06 0.00017993974 1.2295605e-05 3.8790236e-07 0.021872142 0.00018494847 0.00011908089 0.00010552276 0.1469999 5.567382e-07 7.5022984e-07 3.8870726e-06 0.00015151029 0.0008879809
0.8311326 0.05120287 0.008877697 0.0006707468 0.0096372 0.0024421457 0.00023552781 0.13083285 0.00010913615 0.12452766 0.0001480871 0.00061737926 0.010925739 0.0050082724 0.11139691 0.0004157604 0.5703592 0.0001072251 0.035677414 0.012155185 0.032514587 0.022222314 0.043433007 0.00028532097 0.017431544 0.00010206688 6.4018204e-06 4.469345e-15 0.97251934 0.9020117 0.788591 5.213963e-06 0.0054570455 0.96206236 0.00054514996 1.5579637e-05 0.0067815613 0.005302521 0.14940917 0.0021161279 0.853448 0.7360003 8.04237e-05 0.0003322292 0.00082656 0.00016889046 4.855781e-05 7.2121557e-06 1.0237586e-05 0.060288236 0.017633533 0.0030251588 0.49845213 3.1065087e-05 2.8402978e-06 0.74820095 4.529406e-05 0.0005325536 0.010254903 0.0012778648 1.2122475e-06 0.00012619887 0.0035674414 0.37134784 9.161745e-05 0.0034224987 3.3611606e-05 0.11624212 4.6877835e-06 0.00021206976 5.1475117e-06 4.622224e-06 0.044914205 9.119566e-08 3.9245706e-06 0.00091819774 3.8154103e-06 2.3586115e-06 4.5367308e-08 0.09427523 0.00015563786 0.23677301 0.00019645333 2.6555529e-06 5.46686e-06 3.5880545e-05 1.6382019e-07 8.540405e-06 7.6901557e-07 7.2849497e-07 4.735726e-07 0.012885315 4.1095873e-07 3.218841e-06 3.158027e-07 1.0975918e-06 2.9168351e-08 3.3121412e-07 3.1959965e-07 1.7132985e-06 0.012502533
0.91719854 0.124580175 0.012681435 0.00020742504 0.009717497 0.00043705013 5.9552174e-05 0.4298504 4.8169e-05 0.40836832 2.9699615e-05 0.000111101304 0.06323522 0.0008167169 0.46243578 4.861573e-05 0.8705311 5.77499e-05 0.17704718 0.0010980531 0.5820906 0.12552066 0.40478253 2.9244631e-05 0.0013047919 0.0005645909 9.282024e-06 0.97251934 1.9380026e-14 0.98471797 0.0921018 8.112976e-06 0.20239244 0.27495673 2.7178317e-05 4.6551922e-05 0.027833203 0.00020363182 0.0032604465 0.0071050976 0.512456 0.36791965 6.1027845e-06 7.3075953e-06 0.0049435063 6.0641923e-06 0.00029736277 5.359271e-06 2.8788241e-07 0.0044356068 0.07210604 0.00013434414 0.5477019 1.9549389e-05 1.7624292e-06 0.453257 0.00027812368 4.292568e-06 0.059097733 0.0005631556 1.8486022e-05 0.007144554 0.011384788 0.04809825 4.249298e-07 0.00035036958 6.731479e-07 0.090833075 8.086573e-06 2.768773e-05 1.1309673e-06 1.7357681e-07 0.10844855 5.264942e-07 6.01281e-07 2.3428749e-05 6.508045e-06 1.7290578e-08 2.124749e-09 0.035785615 6.386944e-07 0.12071713 1.6636532e-06 8.3846096e-08 2.6189903e-07 1.3698808e-06 1.4426504e-07 1.7423531e-08 4.0148084e-08 1.3038625e-08 2.4592859e-09 0.007768599 1.00703055e-07 2.4596403e-07 6.678533e-09 2.1357948e-07 6.0185057e-09 5.7626853e-08 1.2261037e-07 1.8873642e-06 0.0028179013
0.8531947 0.024036659 0.0033018477 8.494913e-05 0.0028386638 0.00038689436 3.150053e-05 0.1579667 2.0484536e-05 0.19280499 1.0454598e-05 0.00011904547 0.005504896 0.0007641967 0.33100545 7.4443764e-05 0.85152954 1.1697935e-05 0.12235826 0.0011443329 0.17374024 0.11854663 0.35423192 3.3973676e-05 0.00060787785 9.9306835e-06 6.0544636e-07 0.9020117 0.98471797 2.1709516e-15 0.020183956 2.5743584e-06 0.02164391 0.41680828 2.6573276e-05 3.10196e-06 0.10573667 0.000100837846 0.0007728001 0.03541698 0.7321498 0.63315517 1.8807073e-06 5.7904226e-06 0.0002463029 2.511186e-06 0.00010687707 7.398013e-07 9.48265e-08 0.0010034424 0.6619761 6.738615e-05 0.8070296 9.060895e-06 2.543813e-06 0.5903284 0.00036633373 6.958627e-06 0.7113003 8.628203e-05 4.186464e-05 0.0065892865 0.22867328 0.06850597 5.329798e-07 6.927649e-05 6.3030893e-07 0.5348574 3.7027246e-07 1.1685158e-05 4.8575434e-06 2.5597123e-07 0.16176526 2.4094984e-07 9.622244e-07 1.7809956e-05 8.3336016e-07 6.591092e-08 3.1868652e-09 0.061750073 7.669353e-06 0.13263792 1.9402519e-06 3.6211583e-07 6.731903e-07 4.7327935e-06 8.9486726e-08 8.040164e-08 1.0105787e-07 5.322065e-08 3.467126e-08 0.0038740737 5.8929334e-08 8.2058574e-07 2.4289534e-08 1.6515844e-07 1.6796621e-08 5.065049e-08 7.250049e-08 1.4911709e-06 0.0009611945
0.9250972 0.5015996 0.090569824 0.0043177116 0.025766172 0.032528687 0.008090901 0.16248797 0.0020105313 0.087726414 0.0030433396 0.02802421 0.04191891 0.12079262 0.036060594 0.031546116 0.0915477 0.0009167226 0.011130019 0.22822584 0.01455541 0.0041593574 0.015942074 0.006758657 0.53193426 0.0017369615 5.483844e-05 0.788591 0.0921018 0.020183956 1.710738e-14 7.7009376e-05 0.0011711577 0.9882722 0.0037153035 0.00023972489 0.0019764935 0.06709975 0.9670692 0.00016817781 0.13286729 0.045748502 0.00030031728 0.0019611807 0.0044010743 0.00017285699 2.034089e-05 2.0673788e-05 5.501452e-06 0.41638264 0.003160617 0.02567755 0.086235605 6.108069e-05 2.2636407e-06 0.20402554 1.428942e-06 0.0011045596 0.0021235454 0.0022107807 9.272234e-07 7.970847e-05 0.00020044345 0.20622899 0.00032584523 0.02107691 2.2749538e-05 0.020997941 0.00020997321 0.0011336098 1.6995644e-05 1.7034222e-06 0.031033738 1.34833416e-08 1.7175422e-06 0.0008188448 6.2139297e-06 2.723228e-07 4.4725397e-09 0.21329997 5.059109e-05 0.23282926 0.00017893847 8.043827e-07 4.362429e-06 2.9220682e-05 1.5384985e-06 1.13428405e-05 1.734479e-07 2.122407e-06 2.461426e-09 0.031356227 6.094953e-07 5.009509e-07 5.178751e-07 5.505696e-07 8.682749e-09 1.1706617e-07 2.5506012e-07 6.8594254e-06 0.021636976
