9.7384635e-18 0.9823473 0.851481 0.8637872 0.8118637 0.3102796 0.8892083 0.76159763 0.97843194 0.6631925 0.81937206 0.4110481 0.19702965 0.9326651 0.7192214 0.6369593 0.76038575 0.90200496 0.96677285 0.9248111 0.13446708 0.17883803 0.8550739 0.7891359 0.40109304 0.93534917 0.9687805 0.9757566 0.9836607 0.54164994 0.342192 0.09692297 0.97621405 0.8780774 0.8625841 0.97493494 0.919919 0.03327147 0.85623246 0.84198177 0.04641835 0.35765725 0.7977362 0.9922113 0.08700652 0.63954085 0.9566306 0.8769388 0.82354534 0.86682475 0.52489144 0.079329565 0.7118447 0.9240389 0.9763783 0.9395634 0.7762761 0.63289785 0.9786839 0.023324633 0.70605344 0.8226306 0.00272076 0.98880064 0.9691139 0.0077196485 0.010691603 0.19996893 0.69965166 0.924799 0.1496784 0.98587817 0.002113493 0.00052634865 0.0036923755 0.00069320993 0.0048729437 0.062889986 0.9931319 0.69364274 0.6893026 0.9568439 0.12918036 0.19509059 0.89454025 0.986218 0.04306891 0.8823517 0.9859195 0.9610099 0.9999422 0.99514806 0.7707562 0.9220549 0.89065135 0.9989214 0.20158951 0.07859276 0.9990806 0.004902856 0.99968934
0.9823473 3.5865262e-14 0.49874207 0.33150214 0.88285935 0.43365565 0.80454946 0.6630005 0.7615016 0.64887 0.54081494 0.70584816 0.24581565 0.023232963 0.07658765 0.89731073 0.015028041 0.05773944 0.42176792 0.15850091 0.120916106 0.7470463 0.0060884003 0.0044760588 0.95504206 0.00023698602 0.03169551 0.0006789077 0.064127535 0.881639 0.000343827 0.003433647 0.028872522 0.00014539175 2.6187932e-05 0.26142594 8.337025e-06 0.34375662 2.4944102e-05 2.2311266e-05 0.5710761 0.27647856 3.5721783e-05 0.08227833 7.518823e-05 1.802684e-05 5.3899225e-06 0.0002676649 0.00011718543 8.283264e-07 4.8341064e-07 2.6035183e-05 2.5099447e-07 4.8700203e-06 0.021279413 1.0661324e-07 4.3605175e-07 2.9337775e-06 0.0009297005 0.0019681028 4.4897286e-05 2.2736273e-08 2.7665981e-05 0.0011695527 0.00017988223 5.460678e-07 0.012796392 9.103757e-05 9.422378e-08 1.5671453e-06 3.8306445e-07 0.00071855594 0.0028686798 0.016021382 9.0486545e-05 1.4265218e-05 0.48984087 4.6123425e-08 1.704355e-06 5.003851e-07 5.3496535e-07 2.3069677e-07 3.511957e-05 9.685848e-08 0.0003148673 6.523303e-05 9.993987e-06 3.0854744e-07 0.00043892642 1.3977635e-07 0.009356047 7.158553e-05 1.1788317e-06 9.383819e-06 2.9870841e-07 0.0011815308 9.005489e-07 1.6227443e-07 7.828239e-07 5.3163706e-07 0.00016954065
0.851481 0.49874207 6.672321e-16 0.9947377 0.60717285 0.9288898 0.2719703 0.001127474 0.00059332565 7.60931e-05 0.8677342 3.054135e-05 2.2739476e-05 4.3763774e-07 1.0125055e-06 0.0005991168 1.613537e-06 6.2054078e-06 0.0043516797 0.737195 6.301079e-06 0.0017866846 1.7762691e-06 3.091228e-08 0.25849214 0.20929572 0.2454066 0.21296151 0.00014738883 0.62334204 7.212507e-08 4.2986207e-07 6.1525774e-05 0.018717246 6.4675554e-08 0.12132742 1.4914796e-06 0.025924986 0.003273941 0.0033023166 0.00023722483 0.47242308 0.0053759697 0.08473315 0.0027743343 0.00034262118 7.869539e-08 0.00014153727 6.116796e-05 2.6829046e-08 9.568797e-06 0.00025462353 8.820142e-08 2.7092317e-09 0.00014796329 1.4967917e-08 5.0930748e-08 2.5431711e-07 0.00014929754 1.305063e-06 0.0032257356 7.889899e-09 2.9263322e-07 0.047202475 0.0014462542 2.1257536e-06 0.0020408568 2.8210863e-07 2.2911014e-08 6.356077e-07 9.0831115e-08 0.005446594 0.007961392 2.5612093e-07 0.0006843395 1.5614043e-05 0.009585334 1.6568194e-08 2.005506e-07 2.0248375e-07 3.2579317e-07 3.0509005e-07 1.1280725e-05 3.480125e-08 0.008393427 7.570455e-05 0.0002971932 5.0576737e-06 9.680507e-05 5.9370684e-08 0.0026449845 0.002657779 5.677614e-06 1.8706463e-05 2.8649833e-08 0.013351356 9.865828e-09 7.7718323e-07 8.284848e-06 2.8288248e-08 0.00011263692
0.8637872 0.33150214 0.9947377 4.1123467e-15 0.34697002 0.89524454 0.22263928 0.000444633 0.00029553386 2.492641e-05 0.8975727 7.5166686e-06 1.0756169e-05 3.8432358e-07 8.7712846e-07 5.9775455e-05 3.4849754e-07 3.1043483e-06 0.0020996348 0.7501138 1.8593618e-06 0.00073256716 1.2926034e-06 9.572471e-09 0.13062026 0.536104 0.22195038 0.5261484 2.6522437e-05 0.6144785 5.5791148e-08 1.7794065e-07 1.3187572e-05 0.07029658 2.8623722e-08 0.08743077 2.1834704e-07 0.011448055 0.013370776 0.03665129 3.806134e-05 0.49508446 0.034884002 0.055579174 0.009438325 0.0025753863 3.8142314e-08 4.5683933e-05 3.7959984e-05 3.929083e-08 7.5896336e-05 0.0014417161 1.12547625e-07 1.2477516e-09 4.737388e-05 1.711778e-08 8.142763e-08 9.169922e-08 1.5750184e-05 1.6616299e-06 0.0038293193 4.8912847e-09 3.7254821e-07 0.04745722 0.0009856452 3.3304463e-05 0.0012144526 6.5116296e-07 1.9130642e-08 1.0542147e-06 1.003692e-07 0.006482855 0.007518096 2.389387e-07 0.0011244498 1.9598801e-05 0.0028118037 8.852294e-09 8.282675e-08 9.588775e-06 2.9395568e-07 1.5406222e-07 0.00010102468 2.8739697e-08 0.010237846 6.224463e-06 0.0017354067 7.911522e-06 4.6555208e-05 1.2565405e-07 0.0005753567 0.0031361312 7.245198e-06 1.1754443e-05 1.8376468e-08 0.015544651 3.9690107e-08 1.0156046e-05 9.777855e-05 6.701853e-07 5.678727e-05
0.8118637 0.88285935 0.60717285 0.34697002 1.6080661e-16 0.9808144 0.9653245 0.43741074 0.32275212 0.027878858 0.804539 0.013824334 0.002298568 0.00039850263 0.00017621402 0.039090842 0.0012752102 0.0016571578 0.29946467 0.22356497 0.0007722497 0.020358562 9.164271e-05 3.2391436e-06 0.16036585 0.00015576942 0.14514226 0.00018219298 0.010562351 0.09993645 1.8317139e-06 7.724457e-06 0.0040169116 5.377767e-05 1.4193399e-06 0.40783542 2.2176751e-05 0.012410764 5.281704e-05 5.715924e-05 0.015988506 0.0025898858 5.723847e-06 0.07027454 9.810945e-06 8.915223e-06 4.7903727e-06 0.0018218282 0.0004883686 4.935439e-07 3.8866443e-07 1.9441509e-06 2.8959928e-07 4.5188887e-08 0.0010793039 4.4156934e-07 1.4849614e-07 4.8425505e-07 0.0017725473 2.068066e-06 0.0008306038 7.637872e-08 2.126214e-06 0.0035108454 0.0010382826 8.301274e-08 2.7161346e-05 3.5214093e-08 1.9183962e-07 1.0490533e-05 2.4862544e-07 0.001754662 3.7736106e-06 8.742453e-06 6.62591e-07 1.4458983e-07 0.0030779098 7.4306335e-08 2.4066486e-07 3.79854e-09 1.1633038e-06 8.700138e-07 8.553749e-08 1.5108979e-08 0.0010011239 0.00027952954 9.016329e-06 3.6799465e-06 5.0295093e-05 1.1434212e-07 0.0017544562 0.000510058 2.468395e-06 2.862607e-06 4.8572975e-08 0.00087059115 2.6793403e-08 2.4907173e-08 2.7770264e-07 6.258495e-09 7.1683295e-05
0.3102796 0.43365565 0.9288898 0.89524454 0.9808144 1.0104839e-15 0.9284757 0.03377249 0.032760832 0.0007317509 0.9423942 0.00037384054 0.00018168721 1.578689e-05 1.7765358e-05 0.0009834758 9.5453506e-05 0.0001628986 0.07052283 0.44537947 4.600949e-05 0.00127615 3.947244e-05 6.930252e-07 0.036621954 0.003998176 0.27788594 0.010328377 0.0014340288 0.028195553 2.5978252e-06 3.780952e-06 0.00023274809 0.0018942374 6.1912087e-06 0.24621831 5.9324047e-06 0.0014389401 0.0007947032 0.00044002704 0.00018892986 0.0019440777 0.00019445087 0.028139548 4.5093384e-05 0.00013250562 3.8878397e-06 0.0010009498 0.0006930751 1.2663409e-06 6.7945793e-06 1.1317328e-05 7.962238e-07 2.2833492e-08 0.00017693627 4.2109014e-07 5.300055e-07 2.0179505e-06 0.00015883002 5.1245803e-07 0.0035651063 2.5905675e-07 1.4199071e-06 0.0055935876 0.0009842598 6.005629e-07 3.1475017e-06 1.2590014e-06 3.1510683e-07 4.667562e-06 7.09244e-07 0.0014385483 9.6198355e-06 3.466668e-07 3.2107778e-06 8.588797e-07 0.00014365008 4.216181e-07 3.6824304e-07 5.0252083e-07 6.017382e-07 1.1790521e-06 2.5386314e-06 5.6717525e-08 0.0016771621 5.7647172e-05 0.000133212 1.0825891e-07 1.5783866e-05 4.082772e-08 0.00086612924 0.0005033403 7.8424255e-06 6.949674e-06 2.0938357e-07 0.0012092426 2.5171037e-06 1.1151634e-06 8.180248e-06 1.8220035e-07 1.50127e-05
0.8892083 0.80454946 0.2719703 0.22263928 0.9653245 0.9284757 2.2287849e-15 0.597235 0.6816873 0.16825917 0.95368654 0.064466394 0.02388842 0.012253265 0.0035291237 0.067672946 0.017166017 0.025319744 0.8273857 0.50546217 0.006299629 0.03299954 0.0018201785 0.00022893042 0.16431093 0.00059007964 0.63539046 0.0016903671 0.07450475 0.066047914 8.103951e-06 5.8588324e-05 0.025004916 0.00019290468 2.1245063e-05 0.90133554 0.0001180678 0.010381738 7.7002034e-05 0.00012804705 0.01962689 0.00088083494 2.7206634e-05 0.29083526 7.11518e-06 7.975729e-05 2.1891188e-05 0.032359794 0.012929549 1.9101344e-06 3.4222485e-06 1.0062813e-06 5.2756275e-07 1.9000665e-07 0.008713329 1.6745743e-06 2.9550299e-07 2.0448387e-07 0.02008546 3.8216267e-06 0.009139601 6.808778e-08 1.832661e-06 0.017029239 0.008361769 1.37583e-08 8.158298e-07 9.465501e-08 2.1241638e-07 5.059712e-05 6.899311e-07 0.009542043 3.3798503e-06 1.0787008e-05 2.782214e-07 1.0490552e-07 0.0025379043 1.2833758e-07 4.5107492e-07 7.8993265e-09 1.05504505e-05 6.732188e-06 2.3168384e-07 3.2137677e-08 0.0066347527 0.0012664424 0.00013069065 1.0695584e-05 6.4813714e-05 1.1424387e-06 0.0063651423 0.0018072706 4.2400403e-05 1.485837e-05 1.346966e-07 0.0033541834 3.6026833e-08 2.3212243e-07 1.2134759e-06 6.528321e-08 0.00015678527
0.76159763 0.6630005 0.001127474 0.000444633 0.43741074 0.03377249 0.597235 6.0811995e-16 0.9847701 0.9873001 0.025888303 0.73012143 0.7346438 0.7105732 0.27819473 0.1287053 0.590246 0.59965646 0.69964004 0.0007259289 0.19649051 0.030721162 0.21954016 0.05516563 0.027597293 1.8313132e-05 0.008510264 6.446729e-06 0.2221731 0.0029175004 0.0022213438 0.009991711 0.14177531 2.203583e-06 0.0014385517 0.12473263 0.00048510532 0.0012199775 1.663585e-06 4.747019e-06 0.0145091 4.033131e-05 2.3992555e-07 0.01215562 2.6388693e-07 2.69225e-06 4.2233987e-06 0.009651479 0.008013691 7.8529223e-07 1.039407e-06 1.0088991e-07 3.4911146e-08 4.3661015e-07 0.017668461 1.1246673e-07 8.37625e-08 2.4704532e-06 0.004985727 0.001397333 0.00055641367 1.977156e-08 6.6846376e-05 0.00014987572 0.0016686091 1.5776527e-08 2.0225803e-08 4.0559766e-07 2.2960796e-08 1.4133298e-05 5.5760825e-08 0.00047596192 4.7440725e-08 0.00059793616 1.8755694e-07 5.3830227e-08 0.00043261528 1.2206045e-08 1.4603661e-07 3.159274e-09 2.170858e-06 1.2312437e-06 4.539267e-08 1.2125312e-09 0.0004700753 0.00034907716 9.1999016e-07 6.195222e-07 4.3392734e-05 1.7928205e-07 0.0050525377 0.0003306614 8.216511e-06 6.045126e-06 7.016716e-08 0.00027142896 1.1998349e-08 9.3624e-08 1.7311079e-07 9.108436e-09 9.119475e-05
0.97843194 0.7615016 0.00059332565 0.00029553386 0.32275212 0.032760832 0.6816873 0.9847701 7.826469e-13 0.66879237 0.024383586 0.45615152 0.24364342 0.46331057 0.27763253 0.4693194 0.19299318 0.28838864 0.9075664 0.008779613 0.1238041 0.3086491 0.03566868 0.046915717 0.2719436 1.3892875e-05 0.046285037 5.7517023e-05 0.4292233 0.043372 0.0015110719 0.027332004 0.2983244 4.7758854e-06 0.00014907858 0.57164603 0.00051215885 0.029225778 3.6370704e-06 3.3084714e-06 0.15042645 0.0002251977 1.4308756e-06 0.09965779 5.1786355e-06 5.3289014e-06 3.1598258e-05 0.018973412 0.008708694 3.7583432e-06 7.678673e-07 1.5449826e-06 1.1489418e-06 4.1203857e-06 0.071736544 1.6589033e-06 1.2275914e-06 5.40435e-06 0.021332191 0.005736791 0.001467839 1.2798789e-07 6.345538e-05 0.00089619064 0.0032538378 1.856317e-07 8.5414085e-06 5.8874784e-06 3.1415627e-07 0.00021703426 7.577049e-07 0.0021788185 3.4576724e-06 0.0023743385 1.6916624e-06 1.4883409e-06 0.007601383 1.4942893e-07 5.025e-06 5.111185e-08 4.281417e-05 9.610152e-06 2.2687843e-06 1.2574426e-08 0.00065714604 0.00083140866 3.084689e-05 4.755726e-05 0.0004232726 8.115615e-06 0.022839636 0.0005177816 3.977137e-05 2.8560287e-05 6.494206e-08 0.0012676821 6.4316346e-08 1.3297722e-07 1.083107e-06 5.290062e-07 0.00018357483
0.6631925 0.64887 7.60931e-05 2.492641e-05 0.027878858 0.0007317509 0.16825917 0.9873001 0.66879237 7.053161e-15 0.0020037293 0.9696364 0.8958132 0.6691515 0.50526774 0.4961733 0.40857628 0.37321448 0.35912764 0.0001346778 0.30123064 0.20650636 0.13558893 0.11817425 0.09183595 4.6870905e-06 0.0005783009 4.799523e-06 0.17774607 0.0033387498 0.002655995 0.04182439 0.12311247 1.4920272e-06 0.00055967626 0.020855462 0.00020570448 0.0041113487 1.0252099e-06 1.2865969e-06 0.07910515 0.00014337416 1.4756132e-07 0.0020821732 2.157276e-06 5.700458e-07 2.5279638e-05 0.0012555316 0.0010688915 4.9604405e-06 8.6441565e-07 3.0067304e-07 1.3074362e-06 8.584857e-07 0.008732363 9.1144847e-07 9.921741e-07 7.830401e-06 0.0015815145 0.008363567 6.9289404e-06 2.274073e-07 0.00014709451 4.8227143e-05 0.00021939668 1.5729873e-07 1.897564e-05 1.6452669e-06 2.3680175e-07 1.1090233e-05 1.5205163e-06 5.7968242e-05 7.3139574e-07 0.0039719916 1.1611695e-07 3.8106228e-07 0.007047513 7.1240606e-08 1.0789173e-06 4.0748813e-09 2.2584009e-06 1.954996e-06 6.224237e-08 2.0260863e-08 3.3144228e-05 7.05235e-05 3.7794322e-07 5.7652613e-07 3.243219e-05 1.4097611e-07 0.0027985547 1.9799518e-05 6.102834e-07 6.4866765e-07 1.6379363e-07 3.5915124e-05 1.1079259e-07 3.7549702e-07 2.132459e-07 2.5915174e-08 2.236715e-05
0.81937206 0.54081494 0.8677342 0.8975727 0.804539 0.9423942 0.95368654 0.025888303 0.024383586 0.0020037293 1.2918632e-13 0.0013118132 0.0006011079 4.5878307e-05 3.5630772e-05 0.004124845 5.1365732e-05 0.00016149087 0.07059167 0.97496283 4.2200434e-05 0.0026826968 2.5096311e-05 8.438146e-08 0.052991904 0.049617294 0.8225533 0.12930283 0.001546504 0.11254019 2.4263755e-07 1.2576675e-07 0.00023545438 0.008051564 4.812776e-07 0.6667915 2.9723144e-06 0.0029578425 0.0013138684 0.002533234 3.3529326e-05 0.02369962 0.004049727 0.24685878 0.00015251551 0.0007254795 1.1704045e-06 0.002356653 0.00053619914 2.6106414e-07 2.3618808e-05 8.235618e-05 2.8075016e-08 8.5087734e-08 0.0002091205 4.2662953e-07 4.06518e-08 2.9550591e-08 0.001337073 4.8563805e-08 0.020549726 3.712432e-08 1.4950761e-07 0.03808389 0.004437945 2.2313864e-07 1.5327093e-06 9.725575e-08 2.6901812e-08 7.8469675e-06 2.1998193e-07 0.01694413 1.3234076e-05 3.1750739e-07 2.180392e-06 1.2452441e-06 8.380322e-05 3.8113587e-08 1.0062088e-07 1.0303607e-06 3.573369e-06 4.5743786e-07 2.6979146e-06 2.380043e-08 0.010628034 0.00020378665 0.00042287936 3.502543e-06 5.4765118e-05 1.5647546e-06 0.002127141 0.008622721 3.203085e-05 2.144952e-05 1.7728902e-07 0.009730865 4.5527848e-08 4.917316e-06 8.658124e-05 1.2994663e-05 6.7767796e-05
0.4110481 0.70584816 3.054135e-05 7.5166686e-06 0.013824334 0.00037384054 0.064466394 0.73012143 0.45615152 0.9696364 0.0013118132 5.1299576e-15 0.98753583 0.67387843 0.88166624 0.787317 0.26517004 0.29613528 0.20543759 7.599433e-05 0.83986187 0.24068473 0.12116137 0.17439562 0.11081583 2.1682386e-06 0.0002620236 3.241211e-06 0.11642256 0.002428611 0.013032493 0.06636526 0.08431204 7.1317154e-06 0.0012252559 0.010119329 0.00036274974 0.0029905487 9.1123377e-07 2.7575566e-06 0.08258704 0.00027099263 7.514081e-08 0.0012436645 1.7630883e-06 9.3285814e-07 3.3726945e-05 0.00060386036 0.0009457237 1.0359775e-05 1.3914826e-06 3.757026e-07 2.6948494e-06 2.7444673e-06 0.0063953525 1.6250588e-06 2.2208362e-06 6.577018e-05 0.0013948167 0.013784084 1.6394873e-06 3.4841247e-07 0.0006220687 2.1671189e-05 0.0001986595 4.7443783e-07 7.5502844e-06 2.3372757e-05 1.6607372e-07 9.55348e-06 1.4678369e-06 3.57648e-05 7.380508e-07 0.012507996 6.123174e-07 2.143467e-07 0.00796555 4.0304204e-07 2.8486909e-06 3.6819874e-09 2.1061696e-06 2.533427e-06 8.0785014e-08 8.6770235e-08 9.732201e-06 0.000104525796 2.8272459e-07 9.725209e-07 2.5522124e-05 6.985239e-07 0.0012691094 1.5482741e-05 1.1514626e-06 2.055972e-06 5.9101586e-07 3.5382935e-05 6.430423e-07 7.2139335e-07 4.329229e-07 1.4797937e-08 7.7354736e-05
0.19702965 0.24581565 2.2739476e-05 1.0756169e-05 0.002298568 0.00018168721 0.02388842 0.7346438 0.24364342 0.8958132 0.0006011079 0.98753583 5.281564e-16 0.8824031 0.9526158 0.33302483 0.43000445 0.30631438 0.14367732 7.2885356e-05 0.6717291 0.035267193 0.2025989 0.2865925 0.010880834 8.670589e-06 0.00017802985 2.154852e-06 0.10394691 0.00036464422 0.017691309 0.044128917 0.116194315 9.432133e-06 0.0073501333 0.0061188405 0.002660174 0.0002322357 1.5491506e-06 9.453187e-06 0.01291305 0.00014079885 2.2577733e-07 0.00074110593 3.322054e-06 1.1586303e-06 0.00019465812 0.0016145592 0.0025085856 7.273191e-05 9.834125e-07 5.7636834e-07 1.8695211e-05 3.4487955e-05 0.009556965 1.432254e-05 1.1735614e-05 0.0005858352 0.0011560577 0.0045081507 4.952679e-06 3.177235e-06 0.001609004 2.2096066e-05 0.00022815168 4.1136852e-07 1.1523035e-07 4.8558548e-05 3.6308843e-06 4.5922912e-05 6.709486e-06 3.0287783e-05 1.6619461e-07 0.0012276508 1.816302e-06 2.6454458e-07 0.00039278268 1.8345249e-06 1.1734729e-05 1.1769399e-08 6.9848697e-06 5.5102868e-05 1.8697115e-07 7.388487e-07 2.4062287e-05 0.00019533913 3.6692316e-07 1.8722712e-06 6.3238804e-05 5.094331e-07 0.0012846886 3.2707892e-05 1.8576453e-05 8.246223e-06 1.6793177e-06 3.2100907e-05 3.4603543e-06 3.672887e-07 3.2236719e-07 1.0771447e-08 3.8116515e-05
0.9326651 0.023232963 4.3763774e-07 3.8432358e-07 0.00039850263 1.578689e-05 0.012253265 0.7105732 0.46331057 0.6691515 4.5878307e-05 0.67387843 0.8824031 3.9627524e-13 0.96706325 0.11377043 0.9467725 0.8845275 0.3547642 7.959698e-06 0.47730762 0.029717304 0.8110956 0.80025727 0.005771579 1.2020597e-07 8.993414e-05 2.9433127e-07 0.5657734 0.00018466191 0.17636499 0.2617606 0.6677501 1.3064373e-07 0.25288597 0.015905097 0.06890192 0.00010880474 6.691631e-08 5.959373e-08 0.021377588 1.4929247e-05 3.8408245e-09 0.0016705915 2.8599876e-08 9.702581e-08 0.0025741635 0.018219762 0.020617517 0.00021714772 3.4696413e-07 1.7289556e-08 9.063652e-06 0.0003845172 0.2351374 1.5104178e-05 9.182874e-06 0.0008479066 0.020438137 0.034440897 1.6489592e-05 1.5088706e-06 0.0008633858 1.5434296e-05 0.00040502351 9.777426e-09 5.5574596e-08 0.00054204575 9.777343e-07 0.00026544873 1.8872382e-06 5.779971e-05 2.21999e-07 0.0031851826 5.920832e-07 2.9419544e-07 2.0615e-05 1.3697631e-06 0.000121369354 5.261985e-09 2.2930459e-05 0.00016416138 3.305442e-07 1.0466609e-07 1.1830342e-05 0.001807469 2.5221172e-07 8.305155e-06 0.0015752926 3.4291354e-06 0.015960269 3.5243746e-05 2.2844417e-05 1.1521486e-05 3.1182876e-06 0.00012670331 1.124167e-06 3.4364522e-08 2.1207741e-08 2.5154621e-08 0.00019939862
0.7192214 0.07658765 1.0125055e-06 8.7712846e-07 0.00017621402 1.7765358e-05 0.0035291237 0.27819473 0.27763253 0.50526774 3.5630772e-05 0.88166624 0.9526158 0.96706325 1.0089891e-12 0.45950016 0.43077305 0.5176974 0.12631316 2.3599805e-05 0.9342806 0.2373171 0.41713306 0.9170726 0.025855519 7.35703e-07 3.957942e-05 1.2782693e-06 0.29080036 0.001159084 0.25931188 0.41679904 0.3212727 1.5511819e-06 0.050661698 0.0042266552 0.0083708605 0.0007187376 4.875985e-07 1.6764599e-06 0.12591456 9.95954e-05 4.517898e-08 0.00040707472 8.6494504e-07 7.609956e-07 0.0010021417 0.0022762115 0.0022747556 0.0004123151 5.7473403e-06 2.4905785e-07 3.6089816e-05 0.0007202389 0.068973914 5.095565e-05 2.840822e-05 0.0027215644 0.0033880414 0.16875921 4.1714848e-06 8.019428e-06 0.007863377 1.5198329e-05 0.00015806468 3.3324667e-07 1.5452226e-06 0.002441828 3.8773464e-06 8.0045706e-05 1.0239674e-05 6.201092e-05 1.8561037e-06 0.02952424 1.7687554e-06 2.8710951e-07 0.0063835625 5.4479624e-06 6.297394e-05 4.9137077e-09 3.2763615e-05 0.00013237579 2.2942905e-07 2.010118e-06 8.614969e-06 0.00028107569 9.642048e-07 6.339051e-06 0.00021992561 4.355881e-06 0.0038503532 1.3477627e-05 1.8570112e-05 9.813388e-06 3.2663535e-05 0.00010734676 5.7173324e-06 2.8248687e-07 3.4136153e-07 8.249392e-08 5.7859383e-05
0.6369593 0.89731073 0.0005991168 5.9775455e-05 0.039090842 0.0009834758 0.067672946 0.1287053 0.4693194 0.4961733 0.004124845 0.787317 0.33302483 0.11377043 0.45950016 2.1955774e-16 0.019943235 0.065210275 0.09076807 0.00018375857 0.8390976 0.9947398 0.019335847 0.058832042 0.7843331 1.9007906e-06 2.9944942e-05 5.8444535e-08 0.07290485 0.06367074 0.013618311 0.6211876 0.031689163 3.654676e-07 0.00018524096 0.003912842 2.0263706e-06 0.07190107 1.0024695e-07 6.998979e-08 0.53319234 0.00047512492 2.3028747e-07 0.00047610083 1.4133426e-06 2.2878885e-07 4.8876944e-07 3.7745773e-05 1.6453103e-05 1.4639575e-06 3.3442507e-08 1.2249433e-07 3.7906767e-07 3.964899e-06 0.0009062965 1.3568366e-07 6.337742e-07 3.525336e-05 0.00013204456 0.011214132 2.8186176e-07 8.839442e-08 0.0023538165 2.6091806e-05 8.650791e-06 4.007332e-07 2.2121347e-05 7.833718e-06 6.879544e-08 4.067648e-07 1.3606243e-07 1.2144294e-05 7.856165e-07 0.07180253 4.470455e-07 1.6899557e-07 0.039494578 1.261245e-08 7.8328014e-07 2.1623282e-10 7.452279e-08 2.1105882e-07 5.167924e-08 2.7926474e-09 4.8370416e-06 4.016438e-05 5.771837e-08 3.8413102e-08 9.142962e-05 7.42893e-09 0.004768602 4.4083117e-06 2.1206033e-07 8.9357826e-07 1.1257269e-08 0.00016538675 2.6384944e-07 1.1862779e-07 4.3967256e-07 2.8503195e-09 7.537817e-06
0.76038575 0.015028041 1.613537e-06 3.4849754e-07 0.0012752102 9.5453506e-05 0.017166017 0.590246 0.19299318 0.40857628 5.1365732e-05 0.26517004 0.43000445 0.9467725 0.43077305 0.019943235 9.829391e-16 0.9797325 0.502354 1.0002559e-05 0.26854885 0.0054013873 0.9640635 0.53823805 0.002222435 2.8524624e-07 0.0006132031 6.72963e-07 0.5542432 0.00016225285 0.056277003 0.06618974 0.6428991 2.188578e-07 0.26291457 0.036674112 0.066552326 2.2525857e-05 4.4174765e-08 5.0655393e-07 0.0025066857 5.4592433e-06 6.2887446e-09 0.004326256 1.6182487e-07 8.0632e-08 0.0033654815 0.06666439 0.08146533 0.00029341163 1.7854087e-07 1.706347e-08 2.1212913e-05 0.00032732903 0.16464497 3.057189e-05 1.4603579e-05 0.00076411176 0.025788609 0.0037089628 0.0003058471 3.3388974e-06 0.00095524994 1.1231795e-05 0.0014606579 6.564879e-09 4.1137106e-08 0.00013715685 1.0504993e-06 0.0008996764 9.018059e-06 0.0006768277 4.845724e-07 0.00027902215 9.3640836e-07 2.9287725e-07 4.403116e-05 1.5629604e-06 7.013141e-05 2.957199e-10 0.00022308303 0.0008379119 2.3075287e-07 1.0489872e-07 7.849194e-05 0.0022182835 2.1754413e-07 5.1423372e-05 0.0006016352 5.388378e-05 0.00455946 0.00025535113 0.00015762859 0.00020716012 1.5470512e-06 0.00010400079 3.0339993e-07 1.1155143e-08 1.9927086e-08 4.5349466e-09 0.00060702447
0.90200496 0.05773944 6.2054078e-06 3.1043483e-06 0.0016571578 0.0001628986 0.025319744 0.59965646 0.28838864 0.37321448 0.00016149087 0.29613528 0.30631438 0.8845275 0.5176974 0.065210275 0.9797325 1.5816158e-14 0.73888355 3.3149317e-05 0.25530726 0.02801915 0.9414177 0.6281603 0.005980045 9.99935e-07 0.0014144384 4.294091e-06 0.78012824 0.0004431964 0.08075823 0.13514456 0.8755407 1.7856198e-07 0.08206163 0.093785636 0.06448396 0.00012351177 8.308565e-07 4.668777e-06 0.022041002 1.9295943e-05 5.8975434e-08 0.0057826233 1.2008137e-06 1.6493076e-06 0.00051327865 0.13764174 0.19887683 6.393478e-05 1.6664145e-06 9.0247426e-08 1.3027571e-05 0.00012865821 0.30022871 1.396691e-05 8.590381e-06 0.00035755747 0.05004862 0.017618816 0.00081240083 6.909233e-07 0.0011068145 0.00019641174 0.0035594264 6.905851e-08 4.8493064e-07 0.00026723943 2.5133186e-06 0.0006982363 7.659412e-06 0.0007949257 3.5312157e-06 0.0015832274 2.0994237e-06 1.3677843e-06 0.0004884398 3.5513676e-06 2.3902801e-05 5.066051e-09 0.00017919856 0.00035523452 2.4477963e-06 2.4489907e-07 0.0005059534 0.0026337735 8.7934e-06 6.127842e-05 0.0004958034 2.2035083e-05 0.010681538 0.00036856363 0.00016978804 5.8554473e-05 7.356216e-07 0.00019235873 5.3055675e-07 1.19164675e-07 8.208193e-08 1.2237592e-07 0.0003746852
0.96677285 0.42176792 0.0043516797 0.0020996348 0.29946467 0.07052283 0.8273857 0.69964004 0.9075664 0.35912764 0.07059167 0.20543759 0.14367732 0.3547642 0.12631316 0.09076807 0.502354 0.73888355 2.1200753e-11 0.016431566 0.07490312 0.042560168 0.48265466 0.09203588 0.027075233 0.00039283978 0.17398772 0.00023623485 0.9647034 0.0071289414 0.006402294 0.012472208 0.49251804 2.0516267e-05 0.011057426 0.87374634 0.019673524 0.0014825066 4.3076572e-05 5.0919753e-05 0.014529066 6.6458946e-05 2.8190803e-05 0.18575282 4.5089215e-05 8.062474e-05 0.000539984 0.20008282 0.10145866 0.00010732854 1.6551496e-05 5.457343e-06 6.232491e-05 6.0199938e-05 0.13068387 6.0995877e-05 6.5805565e-05 2.2310074e-05 0.0934572 0.00061920716 0.013407391 3.6017732e-06 0.00062902964 0.002750203 0.03230118 1.7070261e-06 9.697212e-07 5.0380854e-06 1.937288e-06 0.0011013875 8.07834e-06 0.016843937 2.848593e-06 0.0012717149 1.1582829e-05 3.6953927e-06 0.0013426614 6.764799e-06 4.4441043e-05 3.4164748e-07 0.00053803215 0.00019232313 4.44364e-06 1.9281484e-07 0.00469481 0.008076135 0.00025400604 0.00024223907 0.0013854279 0.0002617164 0.040994048 0.00362427 0.0005544334 0.0004910968 2.4227143e-06 0.0021119677 4.914519e-07 1.8797623e-06 5.047786e-06 9.568419e-07 0.0006482308
0.9248111 0.15850091 0.737195 0.7501138 0.22356497 0.44537947 0.50546217 0.0007259289 0.008779613 0.0001346778 0.97496283 7.599433e-05 7.2885356e-05 7.959698e-06 2.3599805e-05 0.00018375857 1.0002559e-05 3.3149317e-05 0.016431566 2.368236e-13 1.0225642e-05 0.00017503924 2.3933439e-05 7.6028286e-08 0.0126215415 0.11530847 0.97796124 0.68756443 0.00048526493 0.22018854 5.803539e-07 7.660387e-07 4.709622e-05 0.039881784 9.979343e-07 0.2560983 1.526595e-05 0.00084123714 0.00898437 0.013006884 2.7987668e-05 0.0478752 0.022668846 0.31644446 0.0002527676 0.0011586105 6.262782e-07 0.0029835156 0.00033595823 1.5212046e-07 4.096261e-05 0.00017090004 1.5905793e-07 1.2045591e-07 0.0002431466 6.53104e-07 1.7192309e-07 1.1060784e-07 0.0009548693 1.3196159e-06 0.046001274 8.3031274e-08 2.9085465e-06 0.1063993 0.006320896 6.7907313e-06 6.177777e-05 8.980951e-07 8.226876e-08 1.407307e-05 2.1845888e-07 0.04909046 0.0010336401 4.980919e-06 0.00022646406 2.576165e-05 0.0016543132 2.665002e-07 2.8373725e-07 7.5365365e-06 6.802917e-06 1.4699192e-07 0.00047212216 7.821444e-08 0.026132267 0.00032850204 0.00061874796 8.267697e-06 0.00014413269 1.8519328e-06 0.004032762 0.020419253 4.0501443e-05 2.8588898e-05 2.9888793e-07 0.039880414 5.19731e-07 4.8771553e-06 8.917777e-05 4.6534966e-05 0.0001884972
0.13446708 0.120916106 6.301079e-06 1.8593618e-06 0.0007722497 4.600949e-05 0.006299629 0.19649051 0.1238041 0.30123064 4.2200434e-05 0.83986187 0.6717291 0.47730762 0.9342806 0.8390976 0.26854885 0.25530726 0.07490312 1.0225642e-05 7.074256e-16 0.18222843 0.21213466 0.8337355 0.013153893 2.6504247e-06 8.789771e-06 4.75715e-07 0.14464982 0.00039356237 0.5245303 0.9902473 0.15053442 6.530582e-06 0.027559688 0.0023763285 0.004866574 0.0004035717 5.055897e-07 6.1253473e-07 0.035969205 3.5953537e-05 9.750799e-08 0.00027115832 3.2987785e-07 2.0973364e-06 0.0002474351 0.00068535475 0.0019162005 0.00019152566 3.5558548e-06 9.2030554e-08 2.6384267e-05 0.0009164022 0.014503359 2.3337587e-05 3.6182624e-05 0.016472172 0.001232428 0.023823893 1.7602758e-06 3.6939691e-06 0.020223368 1.2513643e-06 0.00025239738 1.8626744e-07 9.944159e-08 0.0034049544 1.1912599e-06 1.6353251e-05 6.2913464e-06 5.7547306e-05 3.2285654e-06 0.031030616 4.608597e-06 2.9975828e-07 0.0013376604 8.5085173e-07 4.8642373e-06 2.9105314e-09 4.266289e-06 1.1108798e-05 2.0142599e-07 8.3940785e-07 3.9270903e-06 0.0004285821 1.4363232e-07 4.9322034e-06 0.000100778714 5.0343465e-07 0.0022622803 2.7154196e-05 9.324541e-06 1.240959e-05 1.6123204e-06 1.2497215e-05 1.2567947e-05 9.1991205e-07 2.3013709e-07 2.2418762e-09 5.5422403e-05
0.17883803 0.7470463 0.0017866846 0.00073256716 0.020358562 0.00127615 0.03299954 0.030721162 0.3086491 0.20650636 0.0026826968 0.24068473 0.035267193 0.029717304 0.2373171 0.9947398 0.0054013873 0.02801915 0.042560168 0.00017503924 0.18222843 1.04975903e-16 0.0077337115 0.011653781 0.89759326 3.6593774e-05 1.2350971e-05 3.2469606e-07 0.018543113 0.16242786 0.0029135954 0.096578 0.005912947 5.8375635e-06 0.00013707852 0.0011268839 3.7565442e-06 0.56613934 4.6508922e-07 1.6667943e-06 0.96572065 0.0013167096 4.0196872e-07 3.2911776e-05 1.4000436e-05 4.4996088e-07 2.1230338e-05 1.814191e-05 6.67058e-06 7.4530435e-05 2.4484104e-06 4.6934667e-07 2.903112e-06 8.7713266e-07 0.00021575435 2.2382758e-06 2.5932975e-06 2.4351986e-05 7.273843e-05 0.08067568 1.2416491e-07 1.9700968e-07 0.0044725323 1.205536e-05 3.9541105e-06 2.5374516e-07 0.00013012342 5.0343824e-06 3.1579998e-07 6.8721083e-06 2.4830248e-07 1.7595432e-05 5.6779495e-06 0.43173587 2.4380533e-06 5.635072e-07 0.20108394 8.888946e-08 1.6435586e-05 1.7849336e-09 7.766327e-07 1.5229118e-05 2.681283e-08 1.4131115e-07 9.1155886e-07 2.2644319e-05 6.387611e-08 8.810428e-07 1.4950648e-05 2.2044478e-07 0.0037452127 1.9520894e-06 1.8256927e-07 2.9392933e-07 7.3160294e-07 8.7023785e-05 1.8087136e-06 4.575507e-06 3.5540918e-06 1.3483008e-08 8.9454255e-07
0.8550739 0.0060884003 1.7762691e-06 1.2926034e-06 9.164271e-05 3.947244e-05 0.0018201785 0.21954016 0.03566868 0.13558893 2.5096311e-05 0.12116137 0.2025989 0.8110956 0.41713306 0.019335847 0.9640635 0.9414177 0.48265466 2.3933439e-05 0.21213466 0.0077337115 3.7704587e-14 0.741563 0.0017133143 4.9598805e-07 0.0005326572 9.4404527e-07 0.6609114 6.6397944e-05 0.18665183 0.15802968 0.8705923 2.8239072e-07 0.8871528 0.04058387 0.57396376 2.439678e-05 2.5754596e-07 4.6149498e-07 0.0025341352 1.0089504e-05 2.8880594e-08 0.007851889 2.8681174e-07 1.9043495e-07 0.11615702 0.16145523 0.39597228 0.015185929 1.7445687e-07 2.5400746e-08 0.001105314 0.023112917 0.6117864 0.0009076229 0.00079200976 0.010514297 0.11233332 0.015782429 0.0006720696 0.0001606868 0.0031361475 6.57041e-05 0.0040820134 2.5695506e-08 3.0831313e-08 0.0019234571 3.971118e-05 0.013188442 0.00017589082 0.0013685172 6.084772e-07 0.00031075353 4.991959e-07 3.5822077e-07 7.444831e-05 3.068947e-05 0.001947572 5.4437836e-09 0.001262849 0.005199199 1.7006676e-06 3.8387066e-06 0.0004145153 0.034105808 5.647763e-07 0.00028681083 0.009734504 0.00047308268 0.01698854 0.00033818997 0.0026721626 0.0026951518 3.8244576e-05 0.00015714363 6.4862957e-06 4.2982656e-08 6.674741e-08 1.3539084e-08 0.0023599695
0.7891359 0.0044760588 3.091228e-08 9.572471e-09 3.2391436e-06 6.930252e-07 0.00022893042 0.05516563 0.046915717 0.11817425 8.438146e-08 0.17439562 0.2865925 0.80025727 0.9170726 0.058832042 0.53823805 0.6281603 0.09203588 7.6028286e-08 0.8337355 0.011653781 0.741563 1.5389008e-15 0.00047251972 5.677627e-09 1.3681208e-06 7.1293718e-09 0.35186842 1.3341611e-05 0.99251056 0.4194618 0.5448355 7.12653e-09 0.6099767 0.0013743616 0.118249945 2.2718319e-05 3.2977248e-09 2.054545e-08 0.00518398 1.3452042e-06 1.8023639e-09 0.00015617118 3.144221e-09 6.353867e-08 0.25870436 0.008420069 0.018224522 0.074277475 1.8247667e-07 3.0762923e-09 0.0077443277 0.100256965 0.21914393 0.003572797 0.0026898417 0.18262516 0.023488903 0.09545791 4.166467e-06 0.00017015374 0.050238635 9.047886e-07 0.0001276167 6.2944574e-09 3.7223444e-08 0.056174997 2.446563e-05 0.00083111855 0.00011987336 1.9672529e-05 2.2932973e-07 0.0096855955 2.341041e-07 1.13206326e-07 2.2837185e-05 0.0001315339 0.0038763352 3.1822855e-09 0.00027321884 0.0012944953 8.601911e-07 2.1141345e-06 3.0626836e-07 0.0071849157 2.8456933e-08 4.6543228e-05 0.015961127 9.649035e-06 0.025305707 3.9895226e-06 4.1971656e-05 9.558979e-05 2.1899416e-05 4.8606227e-05 0.000113851784 1.37028e-07 9.2686525e-09 5.573432e-09 0.00016967554
0.40109304 0.95504206 0.25849214 0.13062026 0.16036585 0.036621954 0.16431093 0.027597293 0.2719436 0.09183595 0.052991904 0.11081583 0.010880834 0.005771579 0.025855519 0.7843331 0.002222435 0.005980045 0.027075233 0.0126215415 0.013153893 0.89759326 0.0017133143 0.00047251972 7.64469e-16 0.0068604276 0.0017039268 0.00025345312 0.003236456 0.8965653 0.0003704339 0.0049091843 0.00057689374 0.0005500941 0.00010900042 0.0088735195 1.5371881e-05 0.9853484 6.153985e-05 0.00015696269 0.81812054 0.31020802 0.001853974 0.004432945 0.009177443 0.00024278002 1.1760284e-05 0.00036061072 0.00017586297 0.0001294381 2.0448388e-05 0.00010142182 7.838701e-06 2.9408282e-06 0.00040127628 2.4598082e-06 1.3405879e-05 4.9461534e-05 9.026555e-05 0.0038422102 8.078606e-05 3.9832858e-07 0.0035231516 0.0016954647 0.00014001044 0.0005102896 0.02959403 2.1650544e-06 1.4728133e-06 6.839587e-06 3.6632633e-07 9.62095e-05 0.022132423 0.17786823 0.0027539774 0.00026869535 0.56748235 4.3308972e-07 2.8671004e-05 4.5012023e-08 7.2053393e-07 2.2700517e-05 8.529642e-05 2.739072e-07 0.0003127443 0.00028020557 3.2913846e-05 4.557518e-07 0.00019026661 6.1973e-08 0.006590681 3.313952e-05 2.0685344e-05 7.741914e-06 3.678564e-06 0.00070218276 3.583231e-06 8.1265855e-05 3.462356e-05 8.323158e-07 8.4397725e-06
0.93534917 0.00023698602 0.20929572 0.536104 0.00015576942 0.003998176 0.00059007964 1.8313132e-05 1.3892875e-05 4.6870905e-06 0.049617294 2.1682386e-06 8.670589e-06 1.2020597e-07 7.35703e-07 1.9007906e-06 2.8524624e-07 9.99935e-07 0.00039283978 0.11530847 2.6504247e-06 3.6593774e-05 4.9598805e-07 5.677627e-09 0.0068604276 1.1460853e-16 0.037120063 0.7676394 7.192141e-06 0.3813268 1.2099635e-07 4.1463804e-07 1.2202332e-06 0.8796454 2.1269611e-07 0.0018400376 7.044639e-07 0.0017141608 0.6208191 0.67076457 1.6813698e-05 0.73757476 0.98683757 0.040751748 0.9744966 0.2575419 6.3563164e-08 0.00025022478 6.673535e-05 2.6849384e-07 0.0128988465 0.46089518 8.836324e-08 5.1354487e-08 4.747241e-06 4.1454948e-07 6.0234214e-07 3.001549e-08 0.0001795703 8.7836945e-08 0.0032662244 1.1580586e-07 9.1947436e-07 0.3298948 0.00079983665 0.120021746 0.013633456 4.4766896e-08 3.3440614e-07 1.2042766e-05 5.8944704e-07 0.008684418 0.17501721 7.968297e-06 0.43899506 0.03429604 0.0063043744 1.1721012e-06 1.7928836e-07 0.0047722096 8.5161815e-07 6.026205e-08 0.69049144 9.404585e-08 0.047977466 7.241699e-05 0.0013838513 2.3888628e-05 1.7040356e-05 8.72326e-07 0.0019243836 0.006753551 4.9161077e-05 1.1470759e-05 4.3121045e-07 0.07506599 3.185293e-08 2.6168605e-05 7.232782e-05 0.0025068626 7.118102e-05
0.9687805 0.03169551 0.2454066 0.22195038 0.14514226 0.27788594 0.63539046 0.008510264 0.046285037 0.0005783009 0.8225533 0.0002620236 0.00017802985 8.993414e-05 3.957942e-05 2.9944942e-05 0.0006132031 0.0014144384 0.17398772 0.97796124 8.789771e-06 1.2350971e-05 0.0005326572 1.3681208e-06 0.0017039268 0.037120063 2.1520622e-14 0.26221442 0.023988733 0.003484627 1.1195376e-06 1.961084e-07 0.0021264441 0.014897498 8.509947e-05 0.93720645 0.00041492685 3.5857523e-05 0.011235986 0.016581183 4.8870397e-06 0.00049578113 0.0030179026 0.9102137 3.420221e-05 0.0007720649 5.8988485e-06 0.10416578 0.021066079 1.2304261e-07 0.00033101317 3.7516056e-05 2.3691743e-07 4.3789828e-07 0.001925397 2.0973164e-06 7.5786645e-08 1.8746717e-07 0.02499733 1.6326534e-06 0.564594 5.8848904e-08 4.9972436e-06 0.21801093 0.09793271 1.4997037e-06 1.0094845e-05 4.2840697e-06 2.5206829e-08 0.00013979482 1.3685613e-07 0.12667447 0.0003194389 4.217342e-06 1.5300713e-05 3.5911424e-05 0.001255935 2.380034e-08 5.358594e-07 4.4380985e-07 5.716387e-05 1.2328305e-05 5.611888e-05 5.837666e-09 0.18763602 0.004540396 0.0015083017 5.1753053e-05 0.00065493403 1.35321325e-05 0.023672549 0.08163012 0.0013653032 0.0010937122 4.154968e-08 0.071323626 8.396852e-08 1.0891567e-05 2.6681504e-05 5.075147e-07 0.0012763106
0.9757566 0.0006789077 0.21296151 0.5261484 0.00018219298 0.010328377 0.0016903671 6.446729e-06 5.7517023e-05 4.799523e-06 0.12930283 3.241211e-06 2.154852e-06 2.9433127e-07 1.2782693e-06 5.8444535e-08 6.72963e-07 4.294091e-06 0.00023623485 0.68756443 4.75715e-07 3.2469606e-07 9.4404527e-07 7.1293718e-09 0.00025345312 0.7676394 0.26221442 2.3419718e-13 2.6420748e-05 0.01199878 6.250017e-08 5.1056702e-08 3.1319828e-06 0.9898567 5.158352e-08 0.01044584 5.294296e-07 1.5154157e-05 0.6575867 0.566989 5.0315e-07 0.014495836 0.17420965 0.36341116 0.0010100205 0.021432009 4.123121e-08 0.0013303332 7.008681e-05 8.154649e-09 0.008000289 0.0022732147 1.4399557e-08 2.9856284e-09 3.251128e-05 7.2391884e-08 1.4313493e-08 2.144382e-08 0.0005598276 6.50354e-08 0.32569563 4.051168e-09 6.34788e-07 0.8608274 0.014204112 0.000100337675 8.569259e-05 4.340215e-08 2.073457e-08 4.7665253e-06 4.217293e-08 0.15160361 0.0027241933 6.520966e-08 0.0016029932 5.922995e-05 4.0290022e-05 4.3516684e-09 2.9283518e-08 0.000452351 7.396743e-07 5.6219392e-08 0.0046041296 3.7434583e-10 0.607539 0.0010192954 0.0135069415 3.8972353e-06 0.00011030453 1.4764971e-07 0.0055934195 0.23137344 8.03882e-05 6.125266e-05 1.5169475e-08 0.2813877 5.6235805e-08 3.102257e-05 5.1823677e-05 0.00010027951 9.9014105e-05
0.9836607 0.064127535 0.00014738883 2.6522437e-05 0.010562351 0.0014340288 0.07450475 0.2221731 0.4292233 0.17774607 0.001546504 0.11642256 0.10394691 0.5657734 0.29080036 0.07290485 0.5542432 0.78012824 0.9647034 0.00048526493 0.14464982 0.018543113 0.6609114 0.35186842 0.003236456 7.192141e-06 0.023988733 2.6420748e-05 9.768109e-12 0.0011421762 0.053928304 0.09731339 0.9792172 7.120831e-07 0.12420289 0.30048594 0.16233912 6.650352e-05 2.566979e-06 3.3712906e-06 0.0018192336 1.0643019e-05 9.916823e-07 0.110279314 2.4895076e-05 3.6914862e-06 0.00518485 0.51958126 0.32844585 0.0002259351 1.2764615e-06 4.57021e-07 0.00016586426 0.0005171748 0.49091607 0.00023834914 8.313028e-05 0.0008560581 0.19121028 0.0029910991 0.013188988 1.6265325e-05 0.0006593563 0.0009152253 0.06762836 9.828358e-07 5.4089463e-07 0.00017820176 9.104776e-06 0.0064295316 4.882321e-06 0.014784136 2.5998263e-05 0.00020532229 1.6638553e-05 5.360565e-06 0.0011319387 2.4844532e-05 0.00019059294 3.8768544e-08 0.00087337906 0.0004421524 2.6897875e-05 6.208441e-07 0.003318117 0.029471213 0.000134042 0.00025483707 0.003638951 0.00020475972 0.10187884 0.0029678452 0.002454695 0.0021579769 4.548864e-07 0.00107487 5.770863e-06 3.4928377e-07 6.5445266e-07 3.978817e-07 0.0025856548
0.54164994 0.881639 0.62334204 0.6144785 0.09993645 0.028195553 0.066047914 0.0029175004 0.043372 0.0033387498 0.11254019 0.002428611 0.00036464422 0.00018466191 0.001159084 0.06367074 0.00016225285 0.0004431964 0.0071289414 0.22018854 0.00039356237 0.16242786 6.6397944e-05 1.3341611e-05 0.8965653 0.3813268 0.003484627 0.01199878 0.0011421762 2.367474e-16 4.957889e-05 0.00022613774 0.0004137061 0.01126394 1.3400665e-05 0.0068265516 1.911597e-05 0.946596 0.0023310005 0.004764583 0.116988234 0.99201846 0.020635482 0.009437546 0.54090524 0.0015662484 3.8642343e-06 0.00046496242 0.00018548757 9.141196e-06 0.00025006497 0.0014178301 1.027085e-06 8.5091715e-06 0.0008936265 2.602256e-06 4.6709658e-07 1.7247611e-06 0.00067911367 3.110576e-05 0.0003881507 1.9696104e-07 0.00015858877 0.018864669 0.00021508257 0.0028921762 0.04683383 2.9204175e-06 3.7710816e-08 2.8281414e-05 7.97839e-07 0.0009725535 0.024321862 0.0377146 0.0266117 0.0027232117 0.19299252 4.2567203e-07 3.098644e-05 5.4333304e-06 7.2726834e-07 3.2248805e-05 0.0004875793 2.3723382e-08 0.0028542224 0.00082329015 0.000109958244 1.5103033e-06 0.0030541043 2.9818753e-07 0.0051611774 0.0004117591 0.00018709434 0.0002490086 3.5706796e-07 0.031162007 6.7752865e-07 6.718434e-05 7.1240036e-05 0.00052754016 9.238165e-05
0.342192 0.000343827 7.212507e-08 5.5791148e-08 1.8317139e-06 2.5978252e-06 8.103951e-06 0.0022213438 0.0015110719 0.002655995 2.4263755e-07 0.013032493 0.017691309 0.17636499 0.25931188 0.013618311 0.056277003 0.08075823 0.006402294 5.803539e-07 0.5245303 0.0029135954 0.18665183 0.99251056 0.0003704339 1.2099635e-07 1.1195376e-06 6.250017e-08 0.053928304 4.957889e-05 1.7122527e-14 0.9954079 0.13522291 2.863313e-07 0.23057358 5.8070775e-05 0.021599395 5.5775115e-05 4.7019924e-07 6.63611e-07 0.0020559488 2.091551e-05 2.789242e-08 1.24146445e-05 7.0563225e-08 1.7867578e-07 0.11283368 0.0022859357 0.003268895 0.08599676 4.7451726e-06 5.6442445e-08 0.009994608 0.19824058 0.038844466 0.006397214 0.007086333 0.46403593 0.0032740678 0.02459799 3.0306348e-06 0.00046938608 0.13018048 2.040553e-07 0.00015188889 2.9694345e-07 2.0807981e-08 0.07361635 0.000640471 0.00089062104 0.0034929186 6.5542205e-05 3.4268714e-07 0.010486813 4.9250734e-06 9.683978e-07 1.5071385e-05 0.004939564 0.0021680123 2.0100916e-09 0.00021945756 0.00049697934 7.6547633e-07 0.0004285876 4.885229e-07 0.0018929885 3.1863078e-08 0.00012213732 0.0042492333 1.4683109e-05 0.00477663 1.3950908e-05 3.932219e-05 4.823938e-05 0.00016927907 9.664082e-06 0.0032648167 2.3718485e-07 8.4076376e-08 7.679792e-09 0.00010610473
