1.4702312e-19 0.99116534 0.99485236 0.9532602 0.9020211 0.80087966 0.42870346 0.9974687 0.55267525 0.5222476 0.9944974 0.13220781 0.6629405 0.14997002 0.8527904 0.8634976 0.78415334 0.9455434 0.623544 0.95135283 0.91404307 0.9600565 0.8805721 0.9492271 0.9928231 0.97151047 0.5574806 0.29633784 0.89125425 0.86892724 0.95460093 0.6011734 0.4221227 0.9916863 0.6916898 0.9194711 0.78088164 0.90456396 0.9775033 0.9063155 0.3612864 0.81851697 0.25406128 0.6833848 0.79371846 0.9691426 0.92158073 0.22715652 0.6670089 0.8042964 0.99893963 0.7482681 0.095457934 0.14201224 0.3357722 0.24652298 0.25004888 0.79066044 0.033593774 0.94287217 0.96041685 0.72612804 0.09757831 0.97914124 0.97657406 0.68228966 0.009294558 0.47138292 0.056843854 0.008877617 0.010380614 0.2057883 0.8199068 0.099881835 0.0036530579 0.97811455 0.93061554 0.034752272 0.020286348 0.18053211 0.0035804184 0.31537342 0.93568265 0.0077065257 0.47347537 0.99422705 0.9423863 0.021239184 0.17422049 0.9910986 0.50630397 0.03817532 0.0048177824 0.0012815071 0.0017849406 0.020997277 0.9813944 0.9972106 0.4621172 0.99999 0.001845158
0.99116534 3.903847e-13 0.29739514 0.955418 0.057793185 0.95457107 0.35434103 0.33045942 0.3328339 0.0145563185 0.0057312706 0.26563716 0.22110651 0.030710878 0.8870593 0.00036096683 0.004920966 0.0003130612 0.36677578 0.12643358 0.5882823 6.954631e-05 1.8574442e-06 0.00022608903 0.000312221 0.0012088811 0.015590809 9.3400297e-07 6.966256e-08 9.0399255e-05 1.7663475e-05 0.30490217 0.00012248247 0.110889554 7.750815e-06 0.18305624 1.3810326e-05 9.2015245e-05 0.26732138 0.040399753 0.00030023538 0.0057494724 3.338673e-07 7.835509e-08 1.8340816e-05 0.0008374066 0.0011447427 0.00016678295 1.4149172e-05 1.5396118e-07 0.08133337 2.646145e-07 0.00012955989 0.46885985 0.690971 0.00015419931 8.715301e-09 2.0672012e-05 0.26070133 8.403278e-06 3.991808e-05 0.00021547677 0.08258091 0.013960877 0.00018822127 0.00050008245 0.025300771 0.00020905088 0.00010319362 1.0388599e-08 0.01576213 1.5199161e-08 0.0006038693 1.6202132e-05 3.849905e-09 0.0014303948 8.920189e-06 0.0021067013 0.003397632 1.8052197e-07 0.0021415611 2.5015905e-07 2.7985612e-07 6.738518e-07 7.117613e-05 0.00037150693 0.00048100945 1.4755359e-05 0.001252832 4.2785775e-08 6.41623e-07 8.0322815e-09 7.2595284e-08 6.2460396e-07 7.3878886e-07 9.555683e-10 0.0017116605 0.00022898456 1.0887423e-09 0.027015401 7.715011e-06
0.99485236 0.29739514 1.7985827e-13 0.6800677 0.61183715 0.04972813 0.8403044 0.8130147 0.8239369 0.5138134 0.1425452 0.6436585 0.7621309 0.61570776 0.012853945 0.017637756 0.25883296 0.0026699135 0.0014677816 0.0011556691 0.012251454 0.00028305984 5.306595e-05 0.0013014316 0.00051767466 0.13809267 0.00027441667 3.843236e-05 3.0367278e-06 0.00024320622 0.00013782598 0.89557976 0.028384825 0.0022406338 3.1429172e-05 0.013783736 4.6797635e-05 8.6834356e-05 0.08749368 0.01467529 0.016537627 0.0038231194 6.0836664e-06 5.683944e-07 2.9359762e-05 0.0007658587 0.00021182661 0.004175573 0.002641168 1.4482891e-06 0.0039581046 3.9905117e-06 0.01019782 0.50237215 0.019133491 0.033376914 2.0271388e-07 2.9859166e-05 0.0017077541 1.8591678e-05 4.603486e-05 3.7948623e-05 0.63724494 0.0069727274 0.0001293516 0.000102598075 0.14170955 0.5532629 0.08474015 1.0271759e-06 0.20745704 1.6698706e-07 0.00066155836 0.0032458757 1.5011724e-07 0.0022126478 1.3930678e-06 0.31666687 0.25463703 0.00022620785 0.035678837 9.518384e-08 1.968115e-06 2.7518836e-05 1.3430538e-05 0.00035776827 0.00031255945 0.124748394 2.3784742e-05 4.8962807e-08 2.947383e-07 1.4051692e-07 1.1356933e-05 0.0011180872 3.493621e-05 8.6658725e-09 0.00063471816 8.02706e-05 1.8151666e-09 0.0044182534 0.010995501
0.9532602 0.955418 0.6800677 5.148405e-15 0.49314985 0.69250566 0.9180679 0.53524244 0.8601697 0.101945944 0.041870046 0.7193534 0.48015308 0.30260938 0.53779274 0.0014222043 0.016477788 0.00094471546 0.019371763 0.010028881 0.08303566 2.57028e-05 1.771713e-06 0.000101229234 2.7250751e-05 0.0013145233 0.0029363837 2.6518848e-07 3.74915e-08 1.7507973e-05 1.3502174e-05 0.60152555 0.00045350555 0.012605207 4.6272567e-06 0.032729562 1.3843244e-06 1.2568258e-05 0.0554736 0.008589744 0.00061560696 0.0011858197 3.9841635e-07 2.787248e-08 1.3597155e-06 5.8746107e-05 0.00076849776 0.0003594101 3.0491115e-05 1.5484069e-07 0.0067261215 1.1569183e-07 0.0003401553 0.5586396 0.108012535 0.0005073987 2.0607359e-10 6.004417e-08 0.01806112 6.878455e-08 2.6812552e-06 0.00017279551 0.3093492 0.0014273792 2.96791e-06 0.00025054833 0.090584904 0.016705072 0.003663926 3.3641026e-08 0.076284714 1.1720743e-08 4.630084e-05 6.0125174e-05 7.9309187e-10 0.0002795554 2.2761006e-08 0.056378182 0.050210077 4.795568e-07 0.01720249 5.433141e-09 8.9467264e-08 3.0083737e-07 2.9611405e-05 3.5940306e-05 3.0017054e-05 0.0011380836 0.00026582743 2.468191e-09 5.1035187e-08 1.3671582e-08 1.6993933e-08 4.889012e-06 1.010692e-06 8.60002e-10 0.000104976534 6.42947e-06 1.2965535e-09 0.00492864 8.060437e-05
0.9020211 0.057793185 0.61183715 0.49314985 1.4127238e-16 0.07887054 0.69294053 0.97623956 0.69237685 0.8744215 0.9444869 0.29049072 0.18134467 0.533211 0.031203162 0.80732363 0.6353481 0.69295573 0.00031145016 0.0036294428 0.02901613 0.0277501 0.009011714 0.0482603 0.019516714 0.07217272 0.00093122857 0.0026121994 0.00022487449 0.004843426 0.017747937 0.026683627 0.05311915 0.0012335369 0.0005806723 0.011716275 0.0012321078 0.0035049876 0.1517672 0.044157445 0.011835991 0.021747094 0.0002481916 2.0970892e-05 0.0002610847 0.0051312963 0.0001611023 0.0052453517 0.0005027167 5.5759265e-05 0.0059940284 0.00021779958 0.006430599 0.0027422467 3.8295126e-05 0.0057409722 9.0373476e-07 0.0002506968 4.156385e-05 0.00020322576 0.00019189846 0.00010097816 0.012811514 0.012535586 0.00073902105 7.516314e-05 0.0010268353 0.038358625 0.006071551 4.8815386e-06 0.0022260603 5.3385736e-07 0.0015257646 0.00054502214 2.2731061e-07 0.006868515 1.0557254e-05 0.013150662 0.007720458 8.267003e-06 0.00058011437 9.092173e-07 4.726128e-06 2.6441357e-06 9.284981e-06 0.003002421 0.00089871546 0.01222948 3.7998198e-05 7.3332967e-07 7.9572504e-07 3.2855746e-06 1.0654663e-06 5.7513396e-05 2.7109329e-05 2.1077518e-09 0.001800685 0.0006407242 2.063259e-08 0.012389838 4.8795722e-05
0.80087966 0.95457107 0.04972813 0.69250566 0.07887054 2.939641e-18 0.043090817 0.17835793 0.028533773 0.00052016316 0.0028787365 0.09854563 0.010316524 0.0012275705 0.95882285 2.5085267e-06 4.107292e-05 2.9170576e-06 0.96717614 0.60659117 0.5749467 2.7401809e-08 1.4813243e-08 3.8123204e-07 1.4782028e-06 2.4569044e-07 0.22518831 9.406885e-11 4.7364823e-10 9.328105e-08 6.1328024e-06 0.08187499 3.0466454e-06 0.17865123 7.100104e-08 0.058912974 5.5556683e-08 2.2369453e-07 0.055025645 0.008384139 3.3932098e-05 0.00082371064 9.057641e-09 1.2659899e-09 1.6709299e-07 2.1106405e-05 0.0053227004 2.1251282e-07 7.501203e-09 3.2664869e-09 0.037005827 1.0079616e-09 2.3506541e-07 0.08664986 0.22862002 4.234833e-06 3.7423087e-10 8.740276e-08 0.10494299 3.1473053e-07 1.707064e-07 0.0012291942 0.010278739 0.0006119325 3.3676627e-06 0.003139209 0.007447879 5.909651e-07 2.8800448e-06 3.7256527e-09 0.0033852411 9.850661e-11 3.0044921e-05 1.6731647e-08 3.6370074e-10 4.2767933e-05 3.2786247e-07 0.00025870357 0.00027123463 2.9964162e-09 0.00088096043 9.583719e-10 3.3231453e-09 3.7027654e-08 0.000212056 4.493622e-05 4.1604977e-05 5.3982177e-07 0.13018674 6.674445e-09 3.947121e-10 1.9533203e-08 2.3700409e-08 8.922039e-07 3.1464005e-08 7.413016e-10 8.9924964e-05 7.696165e-07 1.3913092e-09 0.0036661401 5.4400116e-05
0.42870346 0.35434103 0.8403044 0.9180679 0.69294053 0.043090817 1.2034117e-17 0.28384137 0.9861905 0.64453006 0.015758049 0.8510792 0.67186046 0.7987065 0.11096471 0.0070072953 0.09034493 0.0015450586 0.0007059789 0.001266847 0.008639847 8.805266e-06 2.5836137e-06 2.3814588e-05 1.0494796e-05 0.000118175834 0.00043125983 6.233088e-08 3.8689283e-08 2.8262864e-05 1.9857513e-05 0.10163041 0.00038069944 0.00041940025 1.0548881e-05 0.0015606524 1.4515082e-06 6.480898e-06 0.008451912 0.0009995842 0.0004896354 0.0003869309 1.0272582e-06 3.1385534e-07 3.0653194e-07 1.2864699e-05 6.8365e-05 5.5193017e-05 2.8768152e-05 1.619663e-07 0.0009297116 1.036015e-07 0.00010117566 0.009145832 0.00030445543 0.00050866825 1.6101659e-08 7.692008e-08 0.00079011463 2.6718754e-07 5.8660163e-07 5.6105022e-05 0.017534686 0.0002667002 1.7033669e-06 2.740428e-05 0.0029388084 0.002046056 0.0011698037 3.408536e-06 0.0045836787 6.1010295e-09 2.5388435e-05 1.3964404e-05 2.3765625e-09 2.1114458e-05 1.9262296e-07 0.005502185 0.0048740194 4.2059844e-07 0.00081684656 7.724345e-10 3.042334e-08 5.2534665e-07 1.1011296e-05 1.2386333e-05 5.765896e-06 0.00012007668 5.6016775e-06 2.1920798e-08 8.383162e-10 1.0504407e-07 1.3903617e-06 1.606569e-06 7.698841e-06 3.6962558e-10 6.467312e-05 6.6614285e-07 1.91942e-08 0.0018760981 2.3659702e-05
0.9974687 0.33045942 0.8130147 0.53524244 0.97623956 0.17835793 0.28384137 1.2058778e-12 0.3017618 0.28444943 0.6326363 0.035597485 0.06951229 0.11781059 0.026039008 0.16716364 0.19618754 0.16533285 0.0013347142 0.031532466 0.10647961 0.05130824 0.012758027 0.024956044 0.0071921623 0.037801668 0.004010468 0.0003837669 0.00057283527 0.004855034 0.006307335 0.032299448 0.0056634676 0.0074650124 0.00042449665 0.05427143 6.091304e-05 0.001482197 0.40526533 0.15425955 0.0034561728 0.02863505 1.333969e-05 3.6991335e-06 5.6232562e-05 0.008568182 0.0011834332 0.0015204231 3.238364e-05 1.6816753e-06 0.011890558 2.829424e-06 0.0008511777 0.0017173818 0.000937251 0.0014682786 1.8347945e-06 2.564673e-05 0.0028604872 1.7625192e-05 1.23920045e-05 9.928245e-05 0.0022494765 0.03774802 0.00030460153 1.3155378e-05 0.00021319317 0.0033287364 0.0018312931 4.440177e-07 0.0006206139 8.2340307e-07 0.0015365594 4.060575e-05 2.74402e-08 0.0021885762 7.9322135e-06 0.0067052613 0.0032273883 2.2877393e-06 0.00054776564 6.299856e-07 2.933678e-07 9.024631e-06 7.715455e-07 0.0007300456 0.00054458383 0.0005750194 0.00017107713 1.382751e-07 5.353435e-07 3.1775218e-07 7.111842e-06 0.00011574807 6.723254e-05 2.397986e-09 0.0016096517 0.00019993637 5.626514e-10 0.077605546 0.00038453552
0.55267525 0.3328339 0.8239369 0.8601697 0.69237685 0.028533773 0.9861905 0.3017618 3.0429132e-16 0.62136006 0.026618406 0.84570193 0.6619296 0.8149291 0.037998963 0.005194657 0.09254982 0.001415648 0.0003122311 0.0008547121 0.0060510007 2.1737158e-05 9.12008e-06 3.948204e-05 4.4650693e-05 0.00045896578 0.00036145048 1.0427609e-06 1.1255921e-07 3.244076e-05 2.4694651e-05 0.22808975 0.0005295526 0.00046857612 1.2690144e-05 0.0011519971 4.381508e-06 2.0027826e-05 0.006944275 0.0007541045 0.00064996403 0.00039924934 1.2423925e-06 2.7651762e-07 1.9381455e-06 2.9386993e-05 5.3139684e-05 0.00011242497 5.3450076e-05 4.139285e-07 0.0007992953 5.296564e-07 0.0003194103 0.025520612 0.0004104766 0.0008069294 1.1869812e-08 6.831034e-08 0.0008988167 6.74652e-08 8.1613484e-07 2.1315158e-05 0.05923982 0.0004334005 2.825312e-06 7.3633855e-06 0.005811948 0.011980777 0.002876501 1.2869508e-05 0.010193693 3.5880763e-08 5.439524e-05 3.9618884e-05 1.2326441e-08 3.2007913e-05 6.90701e-08 0.017398851 0.0117487945 7.6152116e-07 0.0015626304 4.4927435e-09 4.376826e-08 8.9132453e-07 5.401861e-06 3.6479036e-05 2.2481752e-05 0.0020439334 3.4203824e-06 1.551787e-08 9.012611e-09 9.2703196e-08 2.2905224e-06 9.094138e-06 2.081768e-05 3.7412456e-10 6.793876e-05 9.493794e-07 1.0710173e-08 0.0015640953 0.00015848415
0.5222476 0.0145563185 0.5138134 0.101945944 0.8744215 0.00052016316 0.64453006 0.28444943 0.62136006 4.8481443e-19 0.30851105 0.36649817 0.23157373 0.9225504 0.0004666852 0.8847067 0.9878375 0.30755335 4.0961866e-05 0.00017626477 0.0020966397 0.00076044427 0.00030531318 0.006939234 0.0035257598 0.071002476 0.0001867973 2.5859814e-05 4.4616067e-06 0.0003345521 0.0008898094 0.02157748 0.0687764 0.00011615401 0.000129285 0.0005386002 2.6802032e-05 0.00014675473 0.010735219 0.0032665108 0.024848107 0.0016555261 1.1163493e-05 8.080117e-07 1.0176425e-05 0.00044068974 2.9646613e-05 0.0025088477 0.00041220663 1.8207364e-06 0.00031641393 9.664857e-06 0.0038794256 0.00029876953 1.1475709e-06 0.010037712 9.050012e-08 2.8421023e-06 4.108171e-06 8.86138e-06 5.0837484e-06 1.0670368e-05 0.0032202294 0.0011652347 5.920906e-05 4.322628e-05 5.5971417e-05 0.040017083 0.007898658 1.1117924e-05 0.0006846316 1.1920297e-07 0.00026152976 0.0019136393 3.7436408e-08 0.0004928468 2.931498e-06 0.010432259 0.0043069534 1.5261473e-06 0.00017823304 5.5626025e-08 2.7668935e-07 2.0328118e-06 9.336677e-06 0.0002947837 0.00015740025 0.017271826 7.290871e-07 1.6250874e-07 9.510485e-09 1.058361e-06 1.4528218e-05 8.743499e-05 6.306812e-05 1.4786313e-08 0.00035616025 6.118274e-06 4.3609933e-08 0.0015614184 0.0002080755
0.9944974 0.0057312706 0.1425452 0.041870046 0.9444869 0.0028787365 0.015758049 0.6326363 0.026618406 0.30851105 3.585194e-13 0.0022640142 0.007240076 0.050917074 0.0009242562 0.7891345 0.40479442 0.9520247 0.00013762146 0.001763535 0.023745105 0.3645784 0.25823948 0.27443781 0.16431445 0.5425593 0.0002503489 0.0099224765 0.06744538 0.044347227 0.21308999 0.0038515634 0.10417305 0.0010993266 0.008797783 0.022049244 0.0046186727 0.06327997 0.2807822 0.29259068 0.056780737 0.18689379 0.0014161402 0.00025389926 0.0030949097 0.13612814 0.00013146731 0.03286712 0.002089157 0.0005534054 0.002475916 0.0008921988 0.015383806 9.1927715e-05 0.00010956863 0.028313605 1.41077535e-05 0.003491621 0.00017944755 0.0026374366 0.0005744406 5.598788e-06 0.00024867183 0.09493598 0.0038900932 3.18584e-06 4.7710393e-05 0.13575128 0.008812303 8.274063e-06 0.0002393813 5.87975e-05 0.010706795 0.003358735 3.2813757e-06 0.056514796 0.00018050536 0.010324815 0.0037337646 3.7402344e-05 0.00023144502 6.226259e-05 1.21082e-05 4.2161737e-05 2.496345e-07 0.017044228 0.00666067 0.033009835 2.0117548e-05 3.2165426e-06 1.8261891e-05 7.892199e-06 9.90211e-05 0.00045147954 7.484991e-05 9.625565e-09 0.007143733 0.0020644835 2.90966e-09 0.08791766 0.0030079337
0.13220781 0.26563716 0.6436585 0.7193534 0.29049072 0.09854563 0.8510792 0.035597485 0.84570193 0.36649817 0.0022640142 8.144462e-18 0.9875618 0.9664246 0.27929324 0.0009110762 0.041649196 0.00021232878 0.0031784112 0.00043150006 0.0015504815 1.9954938e-05 1.7576019e-06 2.6562484e-05 2.5176953e-07 6.579214e-05 0.00015812695 6.121723e-08 1.13945894e-07 2.7254546e-05 3.1574336e-07 0.47544542 0.000677188 6.569834e-05 1.2699636e-05 0.00037976858 1.452711e-07 1.4469363e-06 0.000787925 0.00025282524 0.0024704922 3.830298e-05 1.5766856e-06 7.093522e-07 1.0410964e-06 3.131484e-06 6.1043097e-06 0.00010472915 1.7618335e-05 7.141079e-08 0.00012779646 4.900614e-07 0.00019900045 0.106295854 0.0037690217 0.0012470619 3.0972755e-09 4.986294e-08 0.008985681 3.808396e-07 6.0646806e-07 1.5891359e-05 0.06502539 9.846457e-05 1.380251e-06 1.7013288e-05 0.016937355 0.0012446927 0.0033981777 3.9092774e-06 0.015045889 5.6899854e-09 3.827736e-06 1.8330622e-05 2.7831973e-10 2.2322324e-06 7.940111e-07 0.018477973 0.014681563 5.5765886e-06 0.0038321763 2.4805986e-09 2.5564189e-09 1.6050775e-06 1.563957e-05 6.364772e-06 5.8077e-06 0.0013547493 1.707175e-05 5.9054223e-08 1.23446275e-08 5.1748877e-08 3.9630518e-07 1.8110586e-05 2.3461056e-05 2.8819664e-09 6.242336e-05 1.1699815e-06 1.3563095e-08 0.0007561858 0.0002103193
0.6629405 0.22110651 0.7621309 0.48015308 0.18134467 0.010316524 0.67186046 0.06951229 0.6619296 0.23157373 0.007240076 0.9875618 1.1801266e-17 0.9527499 0.0116059175 0.001329884 0.061517794 0.00041454358 0.00015559854 0.00013961949 0.00032125763 0.00013590831 3.0742867e-05 0.0001480645 6.3555585e-06 0.0005947434 0.00015866531 4.6106406e-06 9.692968e-07 7.550159e-05 2.5043512e-06 0.60730994 0.003069983 8.7140135e-05 1.1895734e-05 0.00012023183 3.9575076e-07 8.237577e-06 0.0006597703 0.00015351761 0.006644055 1.5857038e-05 8.648427e-07 2.3652777e-07 1.9177623e-06 1.0656964e-05 1.0864822e-05 0.0004352051 0.00020942824 1.9058993e-07 6.846058e-05 4.0072098e-07 0.00086331624 0.15518202 0.00068692816 0.004478971 6.9782744e-09 3.5327115e-08 0.0030200388 8.85843e-08 7.9378395e-07 6.4867595e-06 0.24731837 0.00018579421 1.1624952e-06 6.923326e-06 0.026277423 0.0669362 0.021029014 1.9380495e-06 0.033240583 1.07318755e-07 5.8431274e-06 0.00018017601 1.4000888e-09 5.4915115e-05 1.93255e-07 0.09611161 0.063285716 7.3554897e-06 0.0120815225 2.7664806e-08 2.6218503e-08 1.6910142e-06 3.027567e-06 9.0298745e-06 1.2455166e-05 0.014033863 3.3589768e-06 1.19942305e-08 4.0665057e-08 9.4033105e-08 4.383098e-07 0.00023364344 7.9584424e-05 1.2795187e-09 0.00011014486 8.621006e-07 2.3451099e-09 0.0008284951 0.0033210707
0.14997002 0.030710878 0.61570776 0.30260938 0.533211 0.0012275705 0.7987065 0.11781059 0.8149291 0.9225504 0.050917074 0.9664246 0.9527499 1.2344901e-17 0.00227884 0.26581085 0.9058446 0.023752296 6.817352e-05 0.00027019213 0.00071728113 0.00047757578 0.00024156984 0.0016543819 5.895961e-05 0.01341768 8.8489694e-05 1.8076145e-05 2.8000935e-05 0.00032732965 0.00013697242 0.1942675 0.021279633 2.81711e-05 0.00013245395 0.00017098268 4.186562e-06 0.0001486229 0.0016794717 0.0004987738 0.016594574 0.00036122804 3.8918966e-05 4.4075127e-06 1.2660601e-05 0.00015206412 6.659443e-06 0.0014672911 0.00032118437 2.558957e-06 9.1960064e-05 9.5690175e-06 0.0018030141 0.001848383 1.2617654e-05 0.004982533 2.7653053e-07 3.1574743e-06 3.8954353e-05 8.5879565e-06 6.395432e-06 1.9048746e-05 0.011279855 0.0005330681 0.00011108032 3.936384e-05 0.001036068 0.017396105 0.0067186807 9.9986544e-05 0.0026529483 8.443185e-08 8.0622594e-05 0.0007110486 2.1073228e-08 0.00017704394 6.5316663e-06 0.0137598375 0.006898246 4.8335187e-06 0.00081989507 1.3291664e-07 6.21987e-08 8.416777e-06 7.70562e-06 9.208127e-05 0.00012671178 0.0049033635 6.456361e-07 7.087193e-07 3.1989067e-08 1.2901133e-06 1.3636836e-05 0.00011336034 0.00040511374 2.1406318e-07 0.00043344058 2.8269858e-06 1.0711507e-07 0.0010207652 0.0003046178
0.8527904 0.8870593 0.012853945 0.53779274 0.031203162 0.95882285 0.11096471 0.026039008 0.037998963 0.0004666852 0.0009242562 0.27929324 0.0116059175 0.00227884 5.7859166e-18 1.841483e-05 8.271534e-05 5.2477535e-05 0.9723339 0.03427465 0.024721304 1.8044341e-06 1.0756021e-06 9.96515e-06 4.0543237e-06 2.4881712e-05 0.014006006 7.8983206e-08 1.3653212e-08 2.8241564e-06 5.6166773e-06 0.5630933 8.1754486e-05 0.027342036 1.97081e-06 0.005540074 1.4392158e-06 1.6254502e-05 0.0049538277 0.00042026213 0.0007595332 9.088524e-05 7.539847e-07 5.2764097e-08 2.0333218e-06 1.3923646e-05 0.0010792174 9.188034e-06 1.3879385e-06 2.737658e-08 0.0015509757 5.34301e-07 9.463575e-05 0.70004934 0.9366715 0.0003949839 4.8393296e-08 2.9231899e-08 0.64435744 6.4516e-08 2.0893788e-06 0.00013378185 0.25255376 0.00083096675 1.7836243e-06 0.00066098577 0.27948746 1.0715555e-05 0.0010755791 8.963154e-07 0.07838858 5.396655e-08 1.0201992e-05 4.1963292e-05 3.8880508e-08 0.00019048466 2.051163e-07 0.010013413 0.028325353 9.69246e-07 0.033709966 1.5546991e-08 2.3202924e-07 3.2095795e-07 6.38692e-05 8.3879175e-05 9.4309326e-05 0.00071474095 0.021866662 7.083169e-08 4.4383288e-08 9.68977e-07 7.174104e-06 3.450016e-05 4.4415287e-05 6.591343e-08 0.00011612509 1.10889e-05 7.497027e-09 0.0022297562 0.002769769
0.8634976 0.00036096683 0.017637756 0.0014222043 0.80732363 2.5085267e-06 0.0070072953 0.16716364 0.005194657 0.8847067 0.7891345 0.0009110762 0.001329884 0.26581085 1.841483e-05 2.0066053e-17 0.9429671 0.97661465 9.765461e-07 2.0736283e-05 0.00029513336 0.07583068 0.010412332 0.60677356 0.01578026 0.8380835 2.4248142e-05 0.015138731 0.00013143798 0.08406668 0.0071358006 0.0044046873 0.7280285 2.3871366e-05 0.0016086719 0.0002025841 0.00038981906 0.0010356273 0.006954555 0.0019916669 0.30086568 0.0023551804 0.00022973942 3.6519116e-06 5.8358964e-05 0.0010681904 4.487184e-06 0.16153906 0.10146652 1.4575112e-05 3.4289245e-05 2.3129156e-05 0.1139514 0.000106315616 3.102214e-08 0.103334896 2.8085137e-06 2.3384393e-05 4.7473063e-07 1.747043e-05 2.624616e-05 2.0881378e-06 0.00041005915 0.002036497 0.0002011376 3.4502314e-06 6.0651696e-06 0.29496035 0.05223901 0.00039006883 0.0001281565 5.081737e-06 0.00071235176 0.03400704 6.9847397e-07 0.0015820734 4.3169657e-06 0.01564342 0.0035324222 0.00039842038 9.506822e-05 4.929333e-07 1.3530383e-06 0.00016673206 3.4547452e-06 0.0005909852 0.0005126937 0.08565759 6.955685e-07 5.815642e-08 8.973657e-07 6.537998e-06 0.0009732674 0.00042082943 0.0006397293 4.113295e-08 0.00057390885 0.00013027403 9.335683e-09 0.0013624475 0.0006528599
0.78415334 0.004920966 0.25883296 0.016477788 0.6353481 4.107292e-05 0.09034493 0.19618754 0.09254982 0.9878375 0.40479442 0.041649196 0.061517794 0.9058446 8.271534e-05 0.9429671 1.5577709e-16 0.33187863 4.580479e-06 1.469395e-05 0.00022114103 0.0017511107 0.00021155023 0.021228215 0.0022944778 0.46129656 2.3888926e-05 6.561231e-05 4.3827154e-06 0.0018972566 0.00092858635 0.028936649 0.38771737 9.218858e-06 0.00013075997 0.00029527157 6.827638e-05 0.00036606495 0.004826345 0.00094868924 0.13804692 0.0007157907 3.935284e-05 1.9618258e-06 8.6641e-06 0.00036268213 8.672706e-06 0.02374171 0.0014393269 1.424842e-06 8.216789e-05 9.187246e-06 0.030249352 0.00029362465 1.492425e-07 0.06874216 1.1993734e-07 1.4278605e-06 2.0753762e-06 2.307026e-06 1.7295983e-05 2.2031206e-06 0.008086292 0.0009684293 3.3924043e-05 3.3706667e-06 5.754429e-05 0.29755673 0.05839868 1.1872217e-05 0.001014272 6.633598e-07 0.00010192204 0.01528035 1.7018552e-08 0.0006459133 1.1522271e-06 0.028175646 0.007639395 7.44426e-06 0.00016626445 1.2130437e-07 7.0148394e-07 2.3498722e-05 4.7132744e-07 0.00027113222 0.00013218909 0.09116917 3.4639726e-08 1.01601735e-07 1.5152885e-07 2.2210565e-06 0.00017068844 0.0006829947 0.0005010551 6.39159e-10 0.0005312603 2.7729113e-05 1.0643379e-08 0.0026677258 0.0024890485
0.9455434 0.0003130612 0.0026699135 0.00094471546 0.69295573 2.9170576e-06 0.0015450586 0.16533285 0.001415648 0.30755335 0.9520247 0.00021232878 0.00041454358 0.023752296 5.2477535e-05 0.97661465 0.33187863 2.495748e-16 2.5977954e-06 0.00012828087 0.004443152 0.6634335 0.28098065 0.87470114 0.18097118 0.7452016 0.00010970508 0.1514453 0.006250935 0.21204297 0.11736553 0.0010064124 0.51714504 0.00013421864 0.018125411 0.002506129 0.0067848447 0.015750987 0.019772865 0.02237496 0.14576381 0.016807552 0.0023196212 0.00013776433 0.0020549186 0.018741563 4.893161e-05 0.1486867 0.14191794 0.00015471382 0.00013409468 0.00022097153 0.0995585 7.273024e-05 3.019349e-08 0.07968778 4.5751684e-05 0.0007827109 2.3318653e-07 0.0009900283 0.0015579134 3.404928e-05 7.6435674e-05 0.003961511 0.0020620553 8.8546e-05 6.118843e-07 0.11255173 0.013697327 0.0001224416 1.0052871e-05 4.3370932e-05 0.0028604271 0.04448204 3.4906352e-06 0.026210371 6.536293e-05 0.0032311978 0.0006739126 0.004012084 3.9022583e-05 1.870095e-05 2.3455084e-05 0.0005153153 3.889314e-05 0.004122992 0.002079169 0.02732972 2.1027248e-05 2.438909e-06 2.0038067e-05 9.169136e-06 0.0017203465 4.4870787e-05 0.00056252064 4.8525195e-08 0.0026833336 0.0006437001 2.4671802e-08 0.002497742 0.00023269083
0.623544 0.36677578 0.0014677816 0.019371763 0.00031145016 0.96717614 0.0007059789 0.0013347142 0.0003122311 4.0961866e-05 0.00013762146 0.0031784112 0.00015559854 6.817352e-05 0.9723339 9.765461e-07 4.580479e-06 2.5977954e-06 1.3291866e-18 0.12964787 0.029784568 8.9057636e-08 4.1820005e-08 1.4026054e-07 2.2069308e-08 9.1934766e-08 0.10398089 1.4173432e-10 3.5349992e-10 1.11661336e-07 1.0770173e-08 0.041985553 2.693534e-06 0.06705012 1.0487552e-07 0.0047880053 2.0043147e-09 2.9270954e-08 0.00020439821 7.80857e-05 3.0309831e-05 2.3802711e-07 7.2066575e-09 2.0798807e-09 8.793648e-09 5.3420255e-09 0.0052121715 1.6203474e-07 5.213854e-08 4.77701e-10 0.0034001132 6.042016e-09 4.7577126e-07 0.093552396 0.8810285 1.0251449e-05 8.783757e-09 1.2943716e-09 0.78869504 2.9030576e-09 2.9353586e-08 0.00081807876 0.009351333 5.112097e-06 2.3405887e-08 0.005030061 0.0213135 7.804307e-08 3.7515234e-05 2.1172013e-08 0.003981285 4.095217e-09 5.883241e-08 1.5251499e-07 4.489589e-10 1.2518681e-06 3.2397274e-08 6.0142553e-05 0.0006058337 1.809955e-07 0.0014812249 7.88218e-10 6.779329e-10 1.0218029e-07 0.00030398022 4.1518214e-07 2.488406e-07 2.3462455e-06 0.93057036 2.6249263e-09 5.0329946e-10 7.20669e-08 4.399942e-09 9.3905544e-07 1.7450888e-06 4.270559e-10 4.2827767e-07 3.2109166e-09 1.8785462e-09 0.00018843733 6.67241e-05
0.95135283 0.12643358 0.0011556691 0.010028881 0.0036294428 0.60659117 0.001266847 0.031532466 0.0008547121 0.00017626477 0.001763535 0.00043150006 0.00013961949 0.00027019213 0.03427465 2.0736283e-05 1.469395e-05 0.00012828087 0.12964787 1.3252289e-12 0.93146974 3.810296e-05 4.6636333e-06 3.8775834e-06 6.072274e-05 8.13293e-06 0.93369913 1.6290869e-08 8.5554916e-07 1.1627103e-06 0.0007199635 0.00010889422 3.5050957e-06 0.9684591 1.511265e-05 0.50093484 0.0003773771 0.00093148794 0.19393952 0.06822182 6.624832e-06 0.022315865 6.2167987e-06 2.8352422e-06 0.0001058773 0.0033514735 0.5377587 3.6608606e-07 1.5107518e-07 6.689765e-07 0.34603208 0.00022149035 6.8118175e-06 0.0011876285 0.0004054556 9.206524e-06 8.6491816e-08 4.3981636e-05 0.0013698151 8.080278e-05 2.4970594e-05 0.005651902 0.00037369027 0.06632631 0.00040627594 0.0007696793 0.00022434133 1.1872771e-05 3.6995816e-06 1.0231178e-06 7.235824e-05 1.3252458e-06 0.00729951 4.451133e-05 8.109876e-07 0.006259517 1.2842756e-05 3.3615903e-05 8.442353e-05 5.3022723e-06 1.7565973e-05 2.373993e-06 1.1116763e-06 4.5969996e-06 0.00016606603 0.010072982 0.0027059377 5.125214e-06 0.20501982 5.240139e-06 7.576916e-06 7.359381e-05 1.8408464e-06 8.5802736e-07 1.20836e-06 6.282115e-07 0.0014653524 0.0032138983 3.563126e-06 0.106488645 0.00017164795
0.91404307 0.5882823 0.012251454 0.08303566 0.02901613 0.5749467 0.008639847 0.10647961 0.0060510007 0.0020966397 0.023745105 0.0015504815 0.00032125763 0.00071728113 0.024721304 0.00029513336 0.00022114103 0.004443152 0.029784568 0.93146974 5.2574068e-14 0.001127416 0.0030828996 0.00021587868 0.00921024 0.00010542661 0.46015212 3.611629e-07 0.00079970434 2.7988642e-06 0.04698873 0.00065290567 2.0821792e-05 0.49316603 0.00011819861 0.9798632 0.0051687183 0.0302708 0.8015125 0.72565764 2.0160993e-05 0.4379683 1.4566108e-05 9.604673e-06 0.0020928518 0.07189668 0.09560917 2.2785441e-06 8.667344e-07 1.1370718e-05 0.601014 0.0026282093 7.235323e-06 0.0041846638 0.0016931742 1.7423856e-05 2.3023356e-06 0.0025270795 0.0036157065 0.0030848184 0.0004379144 0.0015692738 0.0013172698 0.4445526 0.002129804 0.00025445895 0.0004900266 0.00020251243 3.0492398e-05 1.3983881e-06 0.00012470328 3.4228394e-06 0.1105327 6.1776766e-05 1.7275833e-07 0.023716617 8.219141e-05 0.0003810616 0.00056340056 7.892839e-06 0.00013341999 5.7847854e-05 0.00030919065 3.15429e-06 7.1142196e-05 0.05404857 0.020856453 7.377687e-05 0.013838871 0.00015492881 8.705085e-05 0.0001790735 1.36324015e-05 2.4281962e-06 2.3424382e-06 3.212553e-07 0.0052291993 0.03465222 1.06539865e-05 0.5640358 0.00012536542
0.9600565 6.954631e-05 0.00028305984 2.57028e-05 0.0277501 2.7401809e-08 8.805266e-06 0.05130824 2.1737158e-05 0.00076044427 0.3645784 1.9954938e-05 0.00013590831 0.00047757578 1.8044341e-06 0.07583068 0.0017511107 0.6634335 8.9057636e-08 3.810296e-05 0.001127416 1.3361738e-15 0.9176747 0.90802056 0.8022656 0.4936552 5.8458304e-06 0.9105722 0.41702026 0.8662081 0.5035901 0.00021371552 0.06995362 2.545133e-06 0.8207222 0.00014276875 0.06190593 0.03209139 0.008681288 0.0076715257 0.05086899 0.0060028955 0.38078853 0.14380485 0.018776653 0.007801109 2.2765046e-06 0.2651444 0.7078463 0.00843719 9.703721e-06 0.0112892715 0.07792725 2.445484e-06 2.7036581e-08 0.043946628 0.5072661 0.013065203 6.747115e-07 0.047441855 0.08727199 8.307485e-06 4.1256862e-06 0.00086094957 0.009699091 9.325251e-06 7.844631e-08 0.03776145 0.0004948324 0.05407293 4.1540468e-07 1.3520227e-05 0.0021673425 0.08949692 5.968263e-06 0.057374503 0.0044368505 5.9946426e-05 6.414563e-06 0.38949725 7.631654e-06 2.9097546e-05 0.001921466 0.0034770784 1.9344318e-06 0.0037020296 0.0028124407 0.005502943 1.6903553e-07 0.0001946921 1.0905682e-05 8.625163e-06 0.0025629115 5.2778796e-06 0.00012956148 2.360003e-07 0.015627146 0.0007913846 1.0982037e-07 0.0017537344 6.855819e-05
0.8805721 1.8574442e-06 5.306595e-05 1.771713e-06 0.009011714 1.4813243e-08 2.5836137e-06 0.012758027 9.12008e-06 0.00030531318 0.25823948 1.7576019e-06 3.0742867e-05 0.00024156984 1.0756021e-06 0.010412332 0.00021155023 0.28098065 4.1820005e-08 4.6636333e-06 0.0030828996 0.9176747 6.01643e-16 0.25344118 0.9285327 0.007828754 5.876597e-06 0.49905246 0.9202248 0.23249055 0.74319476 1.86385e-06 0.00070217 1.3434183e-06 0.9185833 0.0005569095 0.44338527 0.18417646 0.012169528 0.007711991 0.00083084905 0.021734865 0.7518357 0.39537826 0.13513608 0.026526673 1.0017175e-05 0.0062878854 0.092127666 0.2636238 4.4143715e-05 0.22861789 0.0024128987 1.16550076e-07 2.4040826e-08 0.00022951911 0.231264 0.058390584 6.877314e-08 0.13590248 0.27798775 2.1043257e-05 7.75392e-08 0.0050002527 0.025743095 1.0203734e-05 6.2461045e-09 7.941392e-05 4.7939056e-06 0.0065295 2.958855e-08 0.0010298043 0.007147267 0.0005448636 0.0005055504 0.06824149 0.031567853 2.0295072e-06 3.587442e-07 0.029369455 2.014113e-06 0.0020590683 0.0020992104 3.9476017e-05 1.6055474e-06 0.007725161 0.0072558946 4.548741e-06 3.2989974e-06 0.000257176 0.00028219004 4.83685e-05 1.9348665e-05 5.6370226e-07 6.657272e-06 6.916008e-06 0.016011227 0.002439564 7.601846e-07 0.0046984716 1.4318811e-05
0.9492271 0.00022608903 0.0013014316 0.000101229234 0.0482603 3.8123204e-07 2.3814588e-05 0.024956044 3.948204e-05 0.006939234 0.27443781 2.6562484e-05 0.0001480645 0.0016543819 9.96515e-06 0.60677356 0.021228215 0.87470114 1.4026054e-07 3.8775834e-06 0.00021587868 0.90802056 0.25344118 1.1485893e-15 0.4761829 0.8537348 1.5573845e-05 0.9019907 0.02320093 0.9484612 0.055505715 0.00045572253 0.37182137 2.7315762e-06 0.20912792 0.00010816052 0.0008514388 0.000680491 0.0030203357 0.001578358 0.28183803 0.0011107185 0.010630137 0.0018128809 0.00043812057 0.00095522765 8.860188e-06 0.4904638 0.8103825 0.0001968205 9.167439e-06 0.00010088411 0.21250898 7.2080365e-06 4.52984e-08 0.15685813 0.0031752456 0.00027440567 6.0826017e-07 0.0014095516 0.006912678 1.4149968e-05 1.3285503e-05 0.00023680824 0.0008031387 1.7885479e-05 4.274656e-07 0.3012988 0.009780705 0.06880372 3.6009558e-06 6.7169157e-07 0.0004294816 0.2713716 6.280022e-08 0.0064130463 0.00026740413 0.0013786877 7.9849146e-05 0.5075544 1.16553965e-05 1.8251661e-06 3.08536e-05 0.0074031474 1.7424323e-05 0.0007307829 0.0007663602 0.053708125 2.4118563e-06 9.356335e-07 5.0365503e-07 8.1426583e-07 0.0129216 0.00010062295 0.0011591516 7.550035e-09 0.003410378 0.00021889195 1.5622405e-08 0.0015649702 0.00044332785
0.9928231 0.000312221 0.00051767466 2.7250751e-05 0.019516714 1.4782028e-06 1.0494796e-05 0.0071921623 4.4650693e-05 0.0035257598 0.16431445 2.5176953e-07 6.3555585e-06 5.895961e-05 4.0543237e-06 0.01578026 0.0022944778 0.18097118 2.2069308e-08 6.072274e-05 0.00921024 0.8022656 0.9285327 0.4761829 2.0931243e-17 0.2831478 6.843593e-06 0.2981898 0.897394 0.5409316 0.95265913 1.27338235e-05 0.008421912 4.0796916e-05 0.5059016 0.012613491 0.6030672 0.3674639 0.012558417 0.03136992 0.0027888021 0.064417146 0.23849127 0.29300126 0.27536017 0.06406784 2.2333641e-05 0.05492947 0.29735267 0.27375057 0.00038787074 0.0884 0.009919123 1.8660938e-05 4.6633213e-06 0.003808874 0.0328884 0.10911117 1.631213e-05 0.16025959 0.15106034 8.680185e-08 1.9936297e-05 0.037353303 0.06320339 5.8630127e-07 4.5860153e-07 0.014427002 0.00014355463 0.0011407725 1.1693982e-06 0.000909769 0.030355556 0.0049473452 0.00014109712 0.20116737 0.01725036 0.00023354474 1.8397328e-05 0.13832347 9.869841e-06 0.00234488 0.0011448442 0.00010887212 3.8508136e-10 0.034671076 0.02016449 0.005630423 1.2609136e-07 0.00016697585 4.654571e-05 7.93428e-06 0.0010043562 2.7553184e-05 3.047629e-05 3.1252334e-06 0.01895537 0.0010964301 4.2370834e-06 0.030979233 5.229932e-05
0.97151047 0.0012088811 0.13809267 0.0013145233 0.07217272 2.4569044e-07 0.000118175834 0.037801668 0.00045896578 0.071002476 0.5425593 6.579214e-05 0.0005947434 0.01341768 2.4881712e-05 0.8380835 0.46129656 0.7452016 9.1934766e-08 8.13293e-06 0.00010542661 0.4936552 0.007828754 0.8537348 0.2831478 6.1785437e-16 2.5891584e-06 0.028666018 9.4758565e-05 0.4576534 0.009582624 0.0035652728 0.99229604 7.413791e-07 0.007136424 6.0556913e-06 4.820521e-05 0.0002220847 0.002456052 0.0011455393 0.73469424 0.0008501746 9.869856e-05 1.1965629e-05 4.2368512e-05 0.00021686335 1.6937497e-06 0.5735592 0.70318127 4.795648e-06 1.6086082e-06 8.165657e-06 0.2232806 6.3784682e-06 2.033663e-08 0.14221528 2.8751297e-06 6.9396505e-05 1.2995345e-05 5.8707068e-05 0.001355694 1.866375e-05 9.2466704e-05 0.0008251361 0.00022936855 0.00041553055 2.2995651e-07 0.3583485 0.029855259 0.0004701968 1.1881607e-05 1.4479977e-08 0.00026062896 0.22916695 2.1185503e-08 0.012039874 5.148665e-06 0.00675866 0.00061248743 0.15814388 1.9038358e-05 3.9927062e-07 2.2012526e-07 0.004383554 0.00018379134 0.00019160825 0.00028862618 0.09620525 1.5542093e-05 1.3451547e-07 8.4899355e-08 5.5425204e-07 0.00733732 0.0005820967 0.0018558137 1.369114e-10 0.0016105202 9.404899e-06 7.559921e-09 0.0013989612 0.0017329779
0.5574806 0.015590809 0.00027441667 0.0029363837 0.00093122857 0.22518831 0.00043125983 0.004010468 0.00036145048 0.0001867973 0.0002503489 0.00015812695 0.00015866531 8.8489694e-05 0.014006006 2.4248142e-05 2.3888926e-05 0.00010970508 0.10398089 0.93369913 0.46015212 5.8458304e-06 5.876597e-06 1.5573845e-05 6.843593e-06 2.5891584e-06 1.5392062e-15 2.1732431e-07 7.327117e-07 3.429039e-05 3.513927e-05 0.00036894396 5.6467184e-07 0.932097 5.0039704e-05 0.35601178 4.8194656e-06 6.80368e-05 0.040953804 0.008001674 1.0873238e-05 0.0039881594 2.948592e-05 3.975163e-06 9.4777415e-06 0.0010728337 0.9716203 6.2102627e-06 1.2043961e-07 9.370154e-06 0.12653883 4.6229734e-06 3.3354281e-06 0.00039774837 0.0004970011 8.122675e-06 1.944962e-07 5.037259e-06 0.006838443 8.427032e-06 1.1413556e-05 0.027296638 0.00011637232 0.010195695 5.96436e-06 0.006075243 8.934969e-06 5.505304e-06 5.3797055e-05 3.521532e-07 5.2363976e-06 6.383643e-07 0.0010977761 2.2956967e-06 1.2315666e-06 0.002157092 5.09162e-07 8.433674e-06 1.8629233e-05 1.7327819e-06 3.8787686e-05 9.003248e-07 1.5807062e-05 2.0858347e-06 0.002606195 0.0019097074 0.0005775852 4.514446e-07 0.952549 3.3308115e-05 1.2611759e-05 1.7830793e-05 1.7120122e-07 6.461282e-07 5.0426276e-08 3.8383493e-07 0.00015909276 0.000115846575 4.3497084e-06 0.014526107 2.3493478e-05
0.29633784 9.3400297e-07 3.843236e-05 2.6518848e-07 0.0026121994 9.406885e-11 6.233088e-08 0.0003837669 1.0427609e-06 2.5859814e-05 0.0099224765 6.121723e-08 4.6106406e-06 1.8076145e-05 7.8983206e-08 0.015138731 6.561231e-05 0.1514453 1.4173432e-10 1.6290869e-08 3.611629e-07 0.9105722 0.49905246 0.9019907 0.2981898 0.028666018 2.1732431e-07 9.574206e-20 0.20724694 0.9714023 0.027781093 4.687855e-06 0.005283652 1.5853235e-08 0.708482 1.4217858e-07 0.0016973859 0.0005028546 8.008916e-05 6.286833e-05 0.0031056039 4.14355e-05 0.20293681 0.15229365 0.0004075094 8.695983e-05 4.4081662e-07 0.024471793 0.27648768 0.049932394 4.640509e-08 0.00044389602 0.006239676 2.8912768e-07 7.030266e-10 0.00093163585 0.7476438 9.732549e-05 1.8933952e-09 0.0005566929 0.00322914 7.308404e-08 1.0843222e-08 6.61283e-05 0.00053205586 9.344988e-08 5.9853966e-10 1.393454e-05 8.888531e-06 0.9100773 3.301244e-08 0.00010456548 9.80907e-05 0.005468804 5.3363547e-05 0.0023464302 4.261302e-05 4.2679758e-07 2.768287e-07 0.07952556 5.122192e-07 3.2361395e-06 5.6627952e-05 0.00029259376 5.6358754e-08 0.00028092775 0.00018943989 1.0208163e-05 2.4015664e-08 3.2288394e-06 1.07064615e-07 4.9064736e-05 0.0002602641 1.6853832e-07 3.2889093e-05 1.1716347e-07 0.000839328 1.0751627e-05 4.2555394e-07 0.0002936462 2.7850053e-06
0.89125425 6.966256e-08 3.0367278e-06 3.74915e-08 0.00022487449 4.7364823e-10 3.8689283e-08 0.00057283527 1.1255921e-07 4.4616067e-06 0.06744538 1.13945894e-07 9.692968e-07 2.8000935e-05 1.3653212e-08 0.00013143798 4.3827154e-06 0.006250935 3.5349992e-10 8.5554916e-07 0.00079970434 0.41702026 0.9202248 0.02320093 0.897394 9.4758565e-05 7.327117e-07 0.20724694 1.9409183e-17 0.05047969 0.6681938 2.3828228e-08 9.498671e-06 2.851149e-07 0.8599317 0.00013624156 0.5251918 0.09881336 0.002321892 0.002594656 3.387083e-05 0.00819253 0.85884964 0.7099832 0.24065049 0.012519099 3.1269628e-06 0.00027940987 0.026780767 0.94761413 5.037379e-06 0.69358754 0.00010505366 8.637159e-09 9.029314e-10 7.891867e-06 0.363082 0.20177114 3.3728516e-09 0.3886232 0.6729168 6.331022e-06 1.3427676e-08 0.00061866647 0.03985972 5.239107e-07 3.9156797e-10 4.951586e-07 3.5641012e-08 0.02348949 1.5317786e-08 0.16227752 0.007870922 1.9039302e-05 0.045102715 0.089821406 0.09404527 8.7326946e-08 5.3721713e-08 0.030717285 2.5244873e-07 0.14927612 0.0313971 1.4891643e-06 7.682023e-08 0.01083723 0.009175462 7.369255e-07 7.6505415e-08 0.008310123 0.0054643173 0.0010336135 1.1214001e-06 6.0791486e-08 1.4005549e-07 6.807431e-05 0.031426083 0.0020236396 6.303243e-06 0.0022208693 3.5331547e-07
0.86892724 9.0399255e-05 0.00024320622 1.7507973e-05 0.004843426 9.328105e-08 2.8262864e-05 0.004855034 3.244076e-05 0.0003345521 0.044347227 2.7254546e-05 7.550159e-05 0.00032732965 2.8241564e-06 0.08406668 0.0018972566 0.21204297 1.11661336e-07 1.1627103e-06 2.7988642e-06 0.8662081 0.23249055 0.9484612 0.5409316 0.4576534 3.429039e-05 0.9714023 0.05047969 8.7023466e-16 0.032422885 0.0003621022 0.08539585 5.423482e-07 0.34361637 6.4065057e-06 0.0017260374 0.0011508632 0.0009550938 0.00031716135 0.08503119 0.00022070744 0.03313439 0.026591875 0.00033230238 0.00057365117 2.0136436e-05 0.44287235 0.9071196 0.0014452649 4.35542e-06 0.0002897633 0.11324735 1.7167422e-05 4.4941167e-08 0.06976378 0.14534406 0.00016001379 9.783037e-06 0.00094479474 0.011608563 6.4817445e-06 6.6988914e-06 0.0002620146 0.00036481328 2.3264367e-05 4.810186e-06 0.062992975 0.0022957637 0.6635103 1.3669778e-05 1.6925285e-05 9.855352e-05 0.2622451 1.1874861e-06 0.013277342 0.00011895491 0.00069318915 0.00020620457 0.7194247 5.1925836e-05 1.0578348e-05 0.0006163983 0.015796222 2.0069917e-06 0.0010394561 0.0006703966 0.012999554 2.3172364e-05 1.6585956e-05 1.4818428e-06 5.9202506e-05 0.035326768 7.905929e-05 0.0015183227 2.4667896e-08 0.004207761 0.00010246842 1.1726014e-07 0.0022678305 8.792147e-05
0.95460093 1.7663475e-05 0.00013782598 1.3502174e-05 0.017747937 6.1328024e-06 1.9857513e-05 0.006307335 2.4694651e-05 0.0008898094 0.21308999 3.1574336e-07 2.5043512e-06 0.00013697242 5.6166773e-06 0.0071358006 0.00092858635 0.11736553 1.0770173e-08 0.0007199635 0.04698873 0.5035901 0.74319476 0.055505715 0.95265913 0.009582624 3.513927e-05 0.027781093 0.6681938 0.032422885 5.8485834e-18 1.9762241e-05 0.00019472682 1.1096316e-05 0.1487436 0.024180818 0.94255704 0.86236185 0.02260535 0.038705528 0.00014522436 0.19815381 0.034099314 0.040026635 0.6533119 0.06876508 4.8182916e-05 0.0011213527 0.0032497211 0.15569228 0.00086600904 0.16641136 0.00022995839 5.1085053e-06 5.4366587e-06 5.731787e-05 0.00081046234 0.30812463 2.656095e-06 0.23583542 0.17843004 2.177169e-06 8.690361e-07 0.027288726 0.10519001 9.8344e-08 2.5988123e-07 0.0028303377 7.742035e-05 0.000107687694 1.12623205e-07 0.0024751108 0.05301858 0.0010875097 0.00013275506 0.16713594 0.026025597 1.0442152e-05 5.325165e-07 0.0069501987 7.553068e-07 0.009687323 0.00065641914 5.842621e-06 1.2034854e-09 0.03929792 0.040958237 0.0007444629 4.681957e-08 8.07253e-05 0.00014416776 1.9511635e-05 3.5447138e-05 1.46478915e-05 8.8511515e-06 2.6731948e-06 0.01983492 0.0026110238 2.0062052e-06 0.017775971 1.890963e-05
