2.3225918e-19 0.89599025 0.92871976 0.964081 0.7851633 0.9436248 0.98628986 0.97236687 0.9388816 0.8993537 0.9327913 0.9634731 0.9254217 0.80997497 0.940446 0.8396375 0.8569954 0.995976 0.56149477 0.89151853 0.23155281 0.7310549 0.91139466 0.5537323 0.41606414 0.9091704 0.32455128 0.8781505 0.87312686 0.7695247 0.94501746 0.976984 0.28353855 0.649267 0.95499015 0.66737837 0.9597203 0.95866567 0.9602598 0.5117928 0.34570464 0.92410666 0.65768594 0.90187126 0.8946546 0.840683 0.8012539 0.9634684 0.024629429 0.05802717 0.80811566 0.9689419 0.16225703 0.024416484 0.019262608 0.9584748 0.114457674 0.89396137 0.9362686 0.91017264 0.95821524 0.9534033 0.032283574 0.21415828 0.6861369 0.053353693 0.85695803 0.98871976 0.0033226865 0.22853005 0.972167 0.0054672468 0.0044501233 0.028816571 0.5621554 0.23928164 0.9756264 0.009296345 0.0016355662 0.78070444 0.30216563 0.40354776 0.0011846573 0.00035787353 0.6306427 0.99936503 0.00011565736 0.00017279123 0.9844442 0.79719484 0.0040914803 0.9953483 0.94270355 0.0019253549 0.8469699 0.9565472 0.16157846 0.9993296 0.9999892 0.7504038 0.99467474
0.89599025 2.8169507e-17 0.27600384 0.9762563 0.94933236 0.030657364 0.017656654 0.8992353 0.0010388824 0.7772368 0.13800043 0.05877718 0.0076542464 0.67477745 0.45433384 0.13975117 4.933808e-06 3.3358385e-06 0.00021409619 1.2343834e-07 0.3747699 0.030542083 0.0038245707 0.0050278525 1.6514174e-07 7.7011794e-07 0.013965079 0.002721441 0.07067701 2.8710869e-05 0.007876925 2.2319641e-06 0.084074855 0.00051002356 0.030133296 0.00044356703 0.05928743 5.14758e-06 0.00047756947 6.0314864e-07 0.001120255 6.340136e-09 0.00021588134 8.968074e-10 6.659806e-06 4.086211e-10 2.0235024e-08 1.292591e-08 0.001140729 0.03894261 1.570583e-05 0.08406023 0.00062090904 0.004232421 7.39958e-05 2.0658018e-07 2.179823e-05 3.0741766e-08 2.1579302e-08 5.8196448e-09 2.2886394e-05 0.029715063 0.014898563 5.070114e-08 5.5397587e-10 7.037586e-06 0.005402812 0.014060086 0.0018179276 1.1883939e-09 0.00019000513 4.3099172e-07 3.235712e-09 1.7766398e-08 0.0005700309 1.2285501e-07 0.006575545 1.1343592e-06 4.4611068e-05 3.988031e-10 1.5547532e-11 0.00048234622 2.0396675e-09 4.336752e-06 2.2593109e-07 0.0013838646 6.504861e-06 1.0224896e-06 0.013686738 1.7204875e-05 4.6859216e-07 0.0005752989 0.0033167093 0.0004922515 1.9123065e-05 4.4979184e-05 2.6896857e-10 0.029050931 0.012184619 3.562568e-10 1.9338684e-05
0.92871976 0.27600384 4.5533574e-16 0.024334587 0.702971 0.9842681 0.86960745 0.062287528 0.9352976 0.23730782 0.5698556 0.72468615 0.63763857 0.034787636 0.0002198801 0.16666068 0.10480187 0.043866828 0.2488006 0.0027544147 0.004166239 0.0006562007 0.00010713157 0.0003347289 0.0056886626 0.00462153 0.038812853 0.046988036 0.112904795 0.034268852 0.00010894835 0.0012174554 0.00023797712 0.038375083 0.00061166234 6.4493026e-05 0.033369105 0.0003362023 0.04158458 0.0032049 0.039917704 8.017217e-06 1.3251909e-05 2.386413e-07 0.00036935025 2.321946e-07 0.00010186724 4.9836754e-06 0.004800508 0.0029601294 5.200939e-07 0.008958335 5.8198117e-07 0.004060916 0.0064694067 1.0981022e-05 0.0069199866 3.3829137e-06 2.224268e-06 3.3483565e-07 0.0021364298 0.102120005 2.2011098e-05 2.522959e-05 2.6135071e-08 0.002421914 0.0015581757 0.11041057 0.00028085944 7.889242e-08 0.008352432 0.0003337799 5.214155e-05 9.289365e-06 0.000116153446 1.4840646e-06 0.0012802763 0.0003675012 0.00056582224 7.8017885e-09 1.3224434e-09 0.0001053229 2.9036853e-06 0.00055109995 2.7986453e-06 0.0073159845 2.9051419e-08 4.2871593e-06 0.008271286 0.00058556354 2.799931e-05 0.00012751756 0.0014789362 3.662944e-06 1.5225297e-05 0.0006692187 1.3277435e-07 0.017509034 0.022254085 2.4232927e-09 0.00034420434
0.964081 0.9762563 0.024334587 4.423159e-16 0.85233724 0.0046178494 0.009369414 0.8654997 0.0001476294 0.8290268 0.070394464 0.038761895 0.0035912797 0.8391629 0.3857111 0.23924355 1.2865048e-06 3.4433544e-06 7.0135626e-05 6.827921e-08 0.5484971 0.029213147 0.0076494734 0.012902015 2.5473318e-07 2.9819848e-06 0.015433746 0.0021293063 0.05968316 8.972733e-05 0.021738432 2.9232513e-06 0.019193266 0.00057742605 0.030090122 0.001167912 0.08515481 3.7525162e-06 0.00041136346 8.13501e-06 0.0008149717 2.5875513e-08 0.0004277697 3.6439878e-09 4.0789428e-06 2.526838e-09 1.4257166e-07 2.646484e-08 0.0005462426 0.04519518 0.000182379 0.11651776 0.0013018914 0.0075924536 0.00015015098 6.2218156e-08 6.240657e-05 5.8449334e-08 3.3402795e-08 1.6033042e-08 4.1695977e-05 0.035933517 0.013381714 1.0615426e-07 3.150398e-09 2.1401196e-05 0.00788362 0.022526933 0.0022532798 9.334259e-09 0.00036495668 9.0638895e-07 1.2939607e-07 7.3429156e-08 0.0028314001 2.411103e-07 0.009160017 2.3197867e-06 0.00031654522 2.9595193e-09 1.44088e-10 0.00094472896 1.2759734e-08 2.4391384e-05 3.796719e-07 0.0012725649 4.3345666e-05 5.0566223e-06 0.039564356 5.002682e-05 4.3290723e-07 0.0014484683 0.0025274833 0.006181422 0.0003761531 0.00015667152 5.0121485e-10 0.05626011 0.019619102 1.4579266e-09 0.000104575956
0.7851633 0.94933236 0.702971 0.85233724 3.2678693e-17 0.4211968 0.031540122 0.9652823 0.032039512 0.15080768 0.93349516 0.029192295 0.0059745107 0.05088695 0.03457558 0.03016471 0.000674471 0.0013185994 0.0017041862 0.00032168065 0.009181067 0.008181892 0.00089331804 0.0021072286 7.2353345e-05 0.0008582169 0.0014721063 0.081244916 0.4468811 0.00025856742 0.00026374368 0.0010484068 0.0012043472 0.00046137837 0.008052075 0.00050729385 0.1866226 0.0014515949 0.014413483 3.5259345e-05 0.0009171694 4.4563443e-05 0.00060635916 5.439703e-06 0.0009209848 2.6146417e-06 5.6878274e-05 1.498875e-05 0.00018384343 0.0036383143 7.5127165e-05 0.08717999 5.040491e-05 0.00067081006 0.00029855903 0.00010193409 4.4997032e-05 4.4077922e-05 1.9376806e-05 2.5724294e-06 0.0020016304 0.09736105 0.00057668204 6.312796e-06 3.8683802e-07 2.322298e-05 0.00982085 0.04160551 0.0003287813 1.0315227e-06 0.0066530746 3.9111496e-06 2.9406992e-08 3.187832e-09 0.0010459111 4.6311416e-06 0.004531474 4.6606096e-06 0.00069417455 7.523876e-08 2.2851834e-08 0.0006046977 2.8268024e-08 3.353828e-05 0.0001301233 0.016420506 1.8553445e-06 1.2427971e-05 0.013214301 0.0010214419 1.1667046e-06 0.0007742105 0.008041412 0.0001145146 0.00017657083 0.00036009934 5.065981e-10 0.020548845 0.025818063 9.8353574e-08 0.0009836977
0.9436248 0.030657364 0.9842681 0.0046178494 0.4211968 2.3400806e-15 0.7941596 0.01652946 0.91638124 0.045920134 0.84433824 0.38105112 0.43654132 0.008125826 0.00022491804 0.15133946 0.07145197 0.05535408 0.052582998 0.0022965115 0.0004607127 0.00091069174 7.9914666e-05 0.00031104204 0.003349588 0.003872962 0.01607898 0.11556476 0.21195601 0.027336216 4.1426967e-05 0.0020346604 0.00032312947 0.044699747 0.0005805151 7.825851e-05 0.04250012 0.00080990605 0.10630571 0.0034825325 0.025119709 2.2312182e-05 1.338692e-05 2.3869718e-06 0.00070080865 1.6349408e-06 0.0003518464 1.8026787e-05 0.0014501835 0.0001829802 2.7824144e-06 0.012628087 4.9316204e-06 0.0009778733 0.0027735434 8.673145e-06 0.003737764 2.7477608e-05 4.8940265e-06 6.837327e-07 0.006575658 0.2174472 1.0761207e-05 7.777534e-05 9.608236e-08 0.0008415448 0.0010848475 0.15896922 5.3455788e-05 1.8293031e-06 0.019031316 0.00010544701 4.781671e-05 7.065204e-06 0.00015272641 9.31933e-06 0.0012012514 0.00037594853 0.00022525353 6.16864e-07 9.010931e-08 0.00028770362 3.1897223e-06 0.00014944396 8.462291e-06 0.014063331 7.0027545e-07 4.120185e-06 0.006720767 0.00092837104 5.7929505e-05 0.00014785115 0.0015520564 3.2967264e-06 1.0836519e-05 0.0006444387 7.490913e-08 0.020121643 0.030427521 3.8902224e-09 0.00039637176
0.98628986 0.017656654 0.86960745 0.009369414 0.031540122 0.7941596 7.0474025e-16 0.0027015414 0.77273107 0.060355972 0.031783827 0.9112623 0.9717883 0.011891749 6.886197e-05 0.42782515 0.04296153 0.17051984 0.26574454 0.0037259946 0.0011899847 0.00013857419 3.5774694e-05 0.0001669459 0.007967563 0.0013898984 0.19387776 0.005260054 0.034105446 0.33746687 1.5313426e-05 0.0013076228 1.7845337e-05 0.47867393 0.00015473463 1.0963693e-05 0.009593542 3.7007372e-05 0.017134033 0.03833936 0.35778686 2.3929992e-05 1.3704883e-06 5.3373515e-07 0.0002790235 9.281984e-07 3.838123e-05 1.3411302e-05 0.026508754 0.002424827 1.3800168e-06 0.0025113588 7.675334e-07 0.019733014 0.04902576 1.8065365e-06 0.08937827 3.5518183e-06 4.701999e-06 3.4261132e-07 0.0015569984 0.10297973 0.00010756791 7.76462e-06 3.314121e-08 0.014575182 0.00047733402 0.06854584 0.00014367721 9.038662e-08 0.0022945816 0.0012636285 0.00087693497 4.1044063e-05 5.035926e-05 1.005417e-06 0.00055277644 0.010342041 0.0009987805 1.3446788e-07 1.4179827e-08 1.0196147e-05 1.6975087e-05 0.0013081497 6.031271e-06 0.000613574 2.4224727e-07 0.0003104218 0.005197206 0.00015034628 0.003975812 1.195461e-05 0.0003624296 3.640848e-05 6.567826e-06 0.00016267909 2.5359675e-06 0.0077905855 0.004786127 3.659597e-09 4.7373385e-05
0.97236687 0.8992353 0.062287528 0.8654997 0.9652823 0.01652946 0.0027015414 2.491313e-14 0.00050321146 0.17887889 0.49559626 0.002657997 0.0005190366 0.13529189 0.7271611 0.007967643 7.440143e-06 6.5086e-05 8.103028e-05 2.7082647e-06 0.035462167 0.18967627 0.01754755 0.031817954 1.1302827e-06 1.3005536e-05 0.00021643628 0.02695493 0.5740781 5.123606e-06 0.012682161 1.9434548e-05 0.011319883 9.912323e-05 0.122132994 0.007435767 0.42014003 1.4408577e-05 0.004900741 1.6224998e-07 5.367253e-05 4.5576664e-07 0.0024882224 9.589963e-08 6.2062514e-05 5.1895956e-08 1.166332e-06 1.8409403e-07 5.9899907e-05 0.007216215 0.00017588612 0.56345725 0.0010508712 0.00030782926 1.2810218e-05 1.0670261e-06 4.3049818e-06 3.5852358e-07 1.6001523e-07 8.2028876e-08 0.00017501069 0.21875982 0.008744363 4.6914324e-06 1.953175e-08 1.9205692e-05 0.08638749 0.06253698 0.0012030335 3.637648e-07 0.0013255833 3.2741234e-06 1.9124329e-08 3.0777848e-08 0.005982151 1.3450361e-06 0.024496127 1.5762511e-06 0.0041604997 4.5203457e-08 5.4147162e-09 0.0027956923 3.749815e-08 3.293898e-06 7.521423e-06 0.007049677 7.536016e-05 8.2818815e-07 0.11547746 0.00031535595 3.35252e-05 0.0039403653 0.060621027 0.00378145 0.001695886 0.0002979512 1.712346e-08 0.2035652 0.10693532 1.2932274e-08 0.00016287701
0.9388816 0.0010388824 0.9352976 0.0001476294 0.032039512 0.91638124 0.77273107 0.00050321146 9.5275804e-18 0.003770762 0.4782756 0.18721691 0.5615235 0.00044445877 6.890648e-06 0.013286044 0.92825085 0.8971452 0.81489635 0.53829473 2.7251308e-06 4.924667e-05 2.4485503e-06 4.0237916e-05 0.18888284 0.31470484 0.0037355882 0.149744 0.06329398 0.34533992 1.5593558e-06 0.056304894 2.982996e-07 0.1677401 6.0232385e-05 5.9532954e-06 0.015093674 0.02195553 0.30670714 0.055856373 0.03145834 0.0007901908 8.0503037e-07 5.0612034e-05 0.002077018 6.481278e-05 0.023614915 0.00021459105 0.0009234302 8.28678e-07 1.628826e-08 0.0018004925 2.9017306e-08 8.727878e-05 0.003234185 6.516911e-05 0.021555535 7.153925e-05 4.6797588e-05 1.8422736e-05 0.04266788 0.118490316 7.506335e-07 0.0003103795 1.7336729e-06 0.023611957 0.0005292909 0.15832292 9.467925e-07 7.475228e-06 0.05134781 0.0038104525 0.0010844896 0.0029569343 4.9860237e-06 3.437621e-05 0.00010315298 0.0010371326 9.84724e-06 5.4519646e-06 1.558909e-07 3.6075483e-06 9.817641e-05 0.00021225063 3.6052767e-05 0.026138173 1.1963334e-09 2.713768e-05 0.0026651968 0.0021110834 0.002041186 1.4080682e-05 0.0014278545 1.5497703e-07 1.3283776e-06 0.0010681349 2.2321815e-06 0.0050410274 0.016659824 6.0025165e-08 0.0009836849
0.8993537 0.7772368 0.23730782 0.8290268 0.15080768 0.045920134 0.060355972 0.17887889 0.003770762 1.5555982e-15 0.0019289221 0.5406561 0.049316622 0.98698926 0.026623309 0.7609005 3.350925e-05 0.00030191825 0.0010003389 3.7785136e-05 0.76330644 0.0038044143 0.007229814 0.0026252158 9.011563e-05 1.5283138e-05 0.3207005 0.00042822253 0.0041441945 0.00010729681 0.00021491299 9.5611895e-06 0.0038597668 0.0013607919 0.0011071682 0.0005240582 0.0028747611 3.967259e-06 0.0002973188 6.774373e-06 0.04039196 4.0417463e-06 2.5948424e-05 1.1489128e-07 6.699201e-05 9.3671865e-08 2.6345178e-06 4.853915e-07 0.11304852 0.85034364 7.654132e-06 0.004430434 6.0129078e-05 0.3867355 0.025452869 1.9199389e-07 0.0015645389 4.6096935e-07 1.7509757e-07 8.592814e-08 2.9942543e-05 0.0075914804 0.015582709 5.4050743e-05 1.0371538e-07 0.0009444763 0.0018207732 0.0041161757 0.02845226 1.9938692e-07 0.0001649218 0.00024008339 2.4209992e-05 2.52793e-07 0.0002968335 3.140167e-07 0.006048399 0.0003787593 0.03845871 4.7035664e-07 4.1096325e-08 0.0002001199 6.8018075e-08 0.0021811107 2.0690139e-05 0.0005087338 7.3505296e-05 2.3811386e-05 0.013802097 5.303307e-05 2.3637738e-05 0.000106018255 0.0004915785 0.02558457 5.1258077e-05 0.00010972622 5.875223e-08 0.0107237995 0.0020718325 3.0140254e-07 9.436029e-06
0.9327913 0.13800043 0.5698556 0.070394464 0.93349516 0.84433824 0.031783827 0.49559626 0.4782756 0.0019289221 5.5959285e-13 0.010114177 0.005848246 0.00048368043 0.02273135 0.0014191713 0.012096169 0.115358196 0.0041334745 0.0017181847 3.4567576e-05 0.01610252 0.0007122502 0.00079310266 0.0002708885 0.011391787 0.00010512271 0.94157976 0.90252423 0.00020854453 0.00014232166 0.077202395 4.090803e-05 0.00018009321 0.009723699 0.00012332061 0.26910844 0.17887667 0.56630534 6.1436494e-06 0.0003020611 0.0006515286 0.00027890774 4.0097715e-05 0.010857278 1.7606293e-05 0.0003635612 0.0005360519 3.613307e-05 1.1841929e-06 7.434192e-06 0.100301206 5.2432404e-07 9.705697e-07 0.00038488334 0.0005417782 6.511301e-05 0.00041613728 0.00010157388 2.6055775e-05 0.06767074 0.5933024 0.00031449037 6.0130686e-05 1.3431211e-06 1.8126395e-05 0.022740554 0.4193594 1.0400018e-06 7.675151e-07 0.14424495 3.8424646e-06 1.606851e-06 2.4861975e-09 0.0015241831 1.6681133e-05 0.005073246 0.00014005716 7.643694e-06 1.4794331e-07 8.759214e-07 0.00076149945 7.318336e-08 0.00047318323 0.00025440898 0.078656405 1.3724288e-07 3.10485e-05 0.026502144 0.010727165 1.1425155e-05 0.0014048269 0.018809285 7.2335126e-05 0.000105446314 0.0012289638 1.1027223e-08 0.056153923 0.108317606 7.6672353e-07 0.004754831
0.9634731 0.05877718 0.72468615 0.038761895 0.029192295 0.38105112 0.9112623 0.002657997 0.18721691 0.5406561 0.010114177 2.7668139e-15 0.9304757 0.062442154 0.00021479314 0.9161483 0.021147102 0.018997379 0.068348706 0.0034668003 0.020535484 0.0002493503 0.00027750712 0.00021368127 0.012048907 0.00083719584 0.8316826 0.0010521744 0.006881281 0.12023205 2.4268082e-05 0.00024153873 2.0875654e-05 0.80643725 9.083481e-05 1.7840777e-05 0.003805423 9.909614e-06 0.0030913698 0.008948895 0.8984983 1.685089e-05 2.601855e-07 3.067431e-07 4.717376e-05 1.5468129e-07 4.8763297e-05 7.332857e-07 0.45002672 0.24810451 1.0671258e-06 0.0008454237 1.1534806e-06 0.34075472 0.3724381 3.8808108e-07 0.25949487 3.3236432e-07 9.3237884e-07 1.1329564e-07 9.089754e-05 0.014257503 0.00012046012 1.4772276e-06 6.060879e-08 0.082924224 0.00030350836 0.012845446 0.00148482 3.3387175e-07 0.0003672374 0.012244002 0.0019977037 0.00010732832 9.991323e-05 3.5587672e-07 0.00057219836 0.0096060345 0.021977747 3.7215156e-07 6.233302e-08 1.2522626e-05 2.3324481e-05 0.021667784 2.0793502e-06 0.0006167357 6.3169546e-07 0.00030057746 0.0054473113 8.4690364e-05 0.0015314276 1.5215921e-05 0.00048217142 0.00013690373 3.2056516e-05 4.4809552e-05 3.220565e-07 0.007781025 0.002161498 7.179264e-08 2.9839437e-05
0.9254217 0.0076542464 0.63763857 0.0035912797 0.0059745107 0.43654132 0.9717883 0.0005190366 0.5615235 0.049316622 0.005848246 0.9304757 4.3650784e-16 0.0029107097 2.3080614e-05 0.2052995 0.14792776 0.09107595 0.5659383 0.026578134 0.00029032203 8.168208e-05 6.5496344e-05 9.0928064e-05 0.094080806 0.0022281874 0.28425124 0.0009035591 0.0031456598 0.7171225 4.106808e-06 0.0014098849 9.2196194e-07 0.93651116 4.4912314e-05 8.124697e-06 0.0012877459 0.00020515025 0.003248612 0.11302066 0.8120635 7.39013e-05 5.096498e-07 3.9897927e-06 0.0004416003 3.948379e-06 0.0002821271 2.6092948e-05 0.068676576 0.0032717749 3.4352936e-07 0.00020577002 2.2408057e-07 0.03531271 0.1691069 2.0251339e-06 0.2986262 9.391697e-06 6.7621536e-06 7.36759e-07 0.00038229208 0.006858056 1.6319864e-05 2.0800435e-05 1.247315e-07 0.23548166 0.00014174002 0.006716814 8.442056e-05 8.085921e-07 0.00047515694 0.013819358 0.006769891 0.0010824008 4.9202357e-05 4.3957e-06 0.00056049164 0.019475862 0.0016613764 2.2742327e-06 3.217928e-07 1.0514672e-05 0.00013889292 0.004915483 8.71416e-06 0.0005421863 2.779525e-07 0.00038354244 0.00058428774 6.677642e-05 0.013693057 6.560239e-06 0.00013025415 1.2972635e-05 2.5639943e-06 0.000104075 2.7122735e-06 0.0011060147 0.00072020007 1.6873823e-07 3.0608768e-05
0.80997497 0.67477745 0.034787636 0.8391629 0.05088695 0.008125826 0.011891749 0.13529189 0.00044445877 0.98698926 0.00048368043 0.062442154 0.0029107097 3.5217008e-14 0.061548974 0.16572678 4.9806204e-06 0.00016813705 0.00017670069 6.0839798e-06 0.98889667 0.00483124 0.027415719 0.005378211 1.1582641e-05 5.1832844e-06 0.02595922 3.425029e-05 0.0011052433 3.1132781e-06 0.00053656875 3.2002543e-05 0.03272848 8.396641e-05 0.0017254299 0.0019014317 0.0012035994 5.0642837e-05 5.0990166e-05 5.1293136e-07 0.0024978337 8.299509e-06 5.956541e-05 6.091624e-07 7.3971314e-05 8.7284184e-07 6.502991e-07 1.6594192e-06 0.017967464 0.6984127 9.392127e-06 0.0034509276 0.00052376033 0.20616794 0.00458945 1.0732147e-06 0.00017452618 4.9891823e-06 1.908261e-06 3.3066183e-07 3.20965e-05 0.0022876249 0.22477299 4.1062362e-06 2.5376158e-07 7.942899e-05 0.00056041736 0.00089338195 0.1825401 5.317512e-07 9.157587e-05 4.0055534e-06 2.059249e-06 1.0276448e-07 0.00023012732 6.2788996e-07 0.0062351543 1.0029649e-05 0.012679676 3.3546723e-07 1.7405421e-07 7.3035444e-05 4.4415216e-08 0.001836314 1.2896993e-05 0.00019688264 0.0035947764 1.1025566e-05 0.02031744 2.0936543e-05 5.873117e-06 8.592541e-05 0.00014377122 0.089587234 2.4840812e-05 8.535004e-05 5.990199e-08 0.010679622 0.00042966023 8.355311e-07 2.2640036e-06
0.940446 0.45433384 0.0002198801 0.3857111 0.03457558 0.00022491804 6.886197e-05 0.7271611 6.890648e-06 0.026623309 0.02273135 0.00021479314 2.3080614e-05 0.061548974 5.9716403e-15 0.0005316557 5.794945e-07 4.101084e-07 6.232167e-06 1.677456e-08 0.110238805 0.91240484 0.96579313 0.60854614 3.1259057e-07 1.0810102e-06 5.1204966e-05 0.0028378798 0.04337732 1.2106763e-06 0.77222055 1.056304e-06 0.34211844 1.1345626e-06 0.8799925 0.1991675 0.1001225 7.700336e-05 9.631728e-05 7.727123e-08 2.7462676e-05 1.3587952e-08 0.07230445 3.6650245e-09 4.9013506e-06 2.655655e-09 6.033241e-07 1.31891005e-08 0.000119593955 0.016682211 0.13912722 0.36369428 0.12287984 0.00034283363 1.932192e-06 1.3742087e-07 6.3651026e-07 2.6746786e-08 2.0960533e-09 4.4015138e-08 6.912183e-06 0.026406262 0.05370423 5.110289e-06 8.957975e-09 4.551064e-05 0.104804695 0.0024036714 0.0034500195 8.654413e-08 0.00011261587 7.0133315e-06 1.33988936e-08 3.333131e-07 0.039005388 5.690306e-07 0.48233104 3.6146944e-06 8.750306e-05 5.49176e-08 1.0882606e-09 0.020431913 5.0537587e-08 6.7349815e-06 5.4265465e-06 0.0010703589 0.00055837433 2.3975804e-06 0.15153916 1.3613952e-05 0.00013725644 0.014447773 0.02500818 0.02655837 0.006712024 3.0649264e-06 1.3962227e-08 0.10234919 0.014786026 6.4304935e-08 4.7055764e-05
0.8396375 0.13975117 0.16666068 0.23924355 0.03016471 0.15133946 0.42782515 0.007967643 0.013286044 0.7609005 0.0014191713 0.9161483 0.2052995 0.16572678 0.0005316557 9.7697946e-14 0.0005602736 0.0032253051 0.00086274097 0.0003356394 0.062046617 0.00035918443 0.00047485973 0.00031006322 0.00021465901 0.00015619323 0.97786695 0.00017586868 0.0024969166 0.0017042048 2.35215e-05 0.00016877953 0.00011520899 0.18080384 7.1614755e-05 1.2489685e-05 0.0024530394 6.503255e-06 0.00038425418 0.0005345604 0.8190042 2.1949114e-05 3.8645456e-07 3.3269606e-07 4.175965e-05 1.5762008e-07 1.3519278e-06 8.1216643e-07 0.78361464 0.8784256 4.3216164e-06 0.0009730925 3.4344832e-06 0.63923556 0.44572386 3.2857676e-07 0.13453862 1.2017783e-06 1.8831965e-06 3.4905952e-08 3.5384317e-05 0.0037768818 8.038981e-05 3.7387653e-07 1.2370436e-08 0.015303792 0.00022481209 0.0040507587 0.0061877593 1.1158932e-08 0.00027278616 0.0004759431 0.000292353 4.6086313e-08 3.0469811e-05 1.1135905e-08 0.00055425894 0.0049162516 0.1639513 1.2586969e-07 5.3170023e-08 1.8859965e-06 1.0257805e-07 0.056301028 5.830345e-07 0.00025202023 1.6728178e-05 0.000625576 0.003937206 7.726689e-06 0.00017467505 0.00012874277 0.00027971648 0.0072513223 0.00011708276 9.04856e-05 5.08399e-08 0.00752949 0.0009173408 2.4541694e-07 3.037778e-05
0.8569954 4.933808e-06 0.10480187 1.2865048e-06 0.000674471 0.07145197 0.04296153 7.440143e-06 0.92825085 3.350925e-05 0.012096169 0.021147102 0.14792776 4.9806204e-06 5.794945e-07 0.0005602736 2.9400622e-14 0.9307745 0.92233586 0.945145 1.9041117e-07 5.879237e-06 4.7516184e-07 1.6688477e-06 0.61903334 0.88584256 0.00018743008 0.0132287005 0.006391338 0.66630214 7.178183e-08 0.27624586 1.297749e-08 0.16124685 1.7942651e-06 1.492751e-07 0.000534167 0.018302402 0.1259905 0.5068419 0.016206559 0.043364674 9.4063786e-08 0.0034197692 0.012051522 0.0068911314 0.37587506 0.005250074 0.0017751574 8.648748e-09 1.971451e-08 0.00027702007 2.6543754e-08 1.5449605e-06 0.004386833 7.708021e-05 0.017694438 0.0002984594 0.00023945686 0.00126894 0.03632724 0.010802307 1.0301382e-05 0.0027106642 4.05426e-05 0.094340086 7.082025e-05 0.02303233 2.2070752e-07 0.00018644845 0.019931361 0.04191627 0.009960922 0.0936538 5.9547634e-05 1.5072621e-05 3.3232425e-06 0.0008056357 1.8811915e-06 0.0005603495 6.468345e-08 1.7707756e-06 0.0015684075 0.00014379824 2.7370565e-05 0.007082505 5.387142e-08 4.7877034e-05 0.00045302423 0.0032395162 0.025565213 1.4958613e-06 0.00026352718 1.7103796e-06 7.701231e-07 0.001969697 0.004657482 0.0005919258 0.003054677 2.5722613e-07 0.0004164432
0.995976 3.3358385e-06 0.043866828 3.4433544e-06 0.0013185994 0.05535408 0.17051984 6.5086e-05 0.8971452 0.00030191825 0.115358196 0.018997379 0.09107595 0.00016813705 4.101084e-07 0.0032253051 0.9307745 4.738607e-13 0.6810464 0.86416954 1.2882636e-05 1.03954535e-05 1.409589e-07 2.3689697e-06 0.38689852 0.72820115 0.00024147723 0.12990595 0.030078312 0.65535176 1.845971e-06 0.5153185 6.364708e-07 0.16034189 1.3589865e-05 2.574141e-07 0.0057155886 0.12128331 0.72037876 0.4223662 0.0102036465 0.057646442 1.9397993e-07 0.013100044 0.010572857 0.01132261 0.283093 0.0087585505 0.00015474172 1.2864828e-06 4.6497142e-08 0.0012687416 4.6600428e-07 3.902057e-05 0.0005229753 0.00026545452 0.01170365 0.00021794772 0.00050200167 0.0069999783 0.1551075 0.09830738 5.257025e-05 0.0013349924 0.00013936355 0.029833721 0.00019210593 0.19264011 2.7940373e-06 0.0002602725 0.1339359 0.0021547482 0.0017244627 0.011331419 2.0654908e-05 2.9547175e-05 0.00010938978 0.0009740358 6.723571e-06 0.0028799954 3.8072537e-06 4.8768132e-05 0.00026320593 0.0001597858 1.0681945e-05 0.060650665 3.3437806e-07 2.8644357e-05 0.0013596158 0.000525228 0.0067143645 2.3186554e-05 0.0007144993 1.8796412e-05 2.5156085e-06 0.002499143 0.008988943 0.0044325436 0.039923787 1.2161022e-06 0.0010516412
0.56149477 0.00021409619 0.2488006 7.0135626e-05 0.0017041862 0.052582998 0.26574454 8.103028e-05 0.81489635 0.0010003389 0.0041334745 0.068348706 0.5659383 0.00017670069 6.232167e-06 0.00086274097 0.92233586 0.6810464 8.906364e-18 0.7204821 1.0937131e-06 2.7676486e-05 1.1629676e-06 3.432823e-06 0.9871635 0.32497543 0.00025519385 0.0019207195 0.0007632833 0.5800697 1.8807018e-06 0.022054775 3.1406923e-08 0.14676473 1.4242205e-05 1.2564865e-07 0.00046887985 0.001275386 0.011544734 0.3031059 0.009502319 0.0056598177 1.8271908e-07 0.0005697037 0.0016803135 0.00086816394 0.24217299 0.0010529181 0.001055959 1.1179794e-07 8.186132e-08 0.00012503551 9.757045e-09 2.6824202e-05 0.004373368 0.00010084044 0.0071008503 0.00015119331 0.0001879481 0.00015518922 0.002326244 0.0019543285 1.2850892e-05 0.0019586787 3.267179e-05 0.06315087 5.7541267e-05 0.004222117 3.0127824e-06 3.769944e-05 0.0024496354 0.029321244 0.009273119 0.06351281 5.7805994e-07 4.271751e-05 4.171487e-05 0.0008998789 5.625755e-07 0.00020451576 2.9493876e-07 1.0054682e-07 0.003082344 0.0002495418 3.2391592e-06 0.002142885 7.3362386e-08 6.0961855e-05 0.000121361714 0.00022677961 0.008732388 2.1461744e-06 0.0001130714 2.4700175e-06 2.2746241e-07 9.1334536e-05 0.0013685765 0.00041889382 0.00069845864 4.4520752e-07 0.0001629188
0.89151853 1.2343834e-07 0.0027544147 6.827921e-08 0.00032168065 0.0022965115 0.0037259946 2.7082647e-06 0.53829473 3.7785136e-05 0.0017181847 0.0034668003 0.026578134 6.0839798e-06 1.677456e-08 0.0003356394 0.945145 0.86416954 0.7204821 1.6500905e-14 6.464648e-07 1.5264108e-06 7.4394265e-08 9.683147e-07 0.9654503 0.925732 0.00020244949 0.0017331566 0.0007002872 0.7427265 3.201727e-08 0.23510325 1.0863303e-08 0.11243653 9.1288035e-07 8.117224e-08 0.000130967 0.008877252 0.038989384 0.6307479 0.0061384 0.14600095 1.324852e-07 0.012725855 0.010036793 0.025465518 0.7557893 0.011167402 0.0011807272 2.7105564e-08 6.8036075e-09 3.3543045e-05 8.64992e-09 8.690805e-06 0.0018286431 0.0001326189 0.012552214 0.0012255446 0.00041154338 0.004114239 0.027857557 0.0039888304 1.47501105e-05 0.0068141897 0.0003339251 0.14790012 2.31517e-06 0.014742961 5.8455106e-07 0.000832094 0.012479208 0.075278565 0.012471261 0.21796118 1.1019239e-05 0.00011908965 1.6618249e-06 0.0007276119 4.0808237e-07 0.003813599 1.0780981e-05 5.2862845e-07 0.0062179402 0.00021660623 0.00018219993 0.0034676436 1.0014623e-07 7.910582e-05 0.00013131568 0.0059991726 0.06563338 1.3327628e-06 9.146808e-05 4.270413e-06 3.257335e-07 0.0045957617 0.018150562 0.00021708665 0.0019306209 2.1090298e-06 0.0016198244
0.23155281 0.3747699 0.004166239 0.5484971 0.009181067 0.0004607127 0.0011899847 0.035462167 2.7251308e-06 0.76330644 3.4567576e-05 0.020535484 0.00029032203 0.98889667 0.110238805 0.062046617 1.9041117e-07 1.2882636e-05 1.0937131e-06 6.464648e-07 9.434106e-15 0.010882012 0.0373924 0.00983534 1.8737466e-06 1.2732057e-06 0.010857551 3.0510096e-06 3.6909845e-05 8.469136e-08 0.0015457682 8.206065e-06 0.20862398 3.2092014e-06 0.002364122 0.0014246872 7.126239e-05 3.255759e-06 8.0960837e-07 4.846988e-08 7.785957e-05 4.076302e-06 2.5884337e-05 1.6069116e-07 8.391002e-06 6.0296664e-08 1.9395266e-06 3.9285226e-07 0.01864413 0.49014652 0.0002014238 0.011316537 0.0051301923 0.16104452 0.0030867963 6.780332e-08 4.1474486e-05 1.2783856e-07 1.879408e-07 3.9017724e-08 3.5369658e-06 0.000398706 0.96032214 1.3095107e-07 2.4423548e-09 1.0648665e-05 0.0025195295 0.00055075187 0.9925846 2.7838991e-09 4.321221e-06 6.3328545e-05 4.151047e-06 1.4829242e-08 0.00015963167 3.887663e-09 0.010101612 0.00020551488 0.037897453 7.897195e-07 1.8779415e-08 1.10118635e-05 5.238992e-09 0.004803947 4.2922447e-06 5.093073e-05 0.07147194 0.000151865 0.05461388 1.0587123e-06 7.898988e-05 0.00023169703 0.0008333408 0.16941918 8.113823e-05 5.7163765e-05 6.8286795e-07 0.011807603 0.0029048794 1.184145e-05 1.7656845e-06
0.7310549 0.030542083 0.0006562007 0.029213147 0.008181892 0.00091069174 0.00013857419 0.18967627 4.924667e-05 0.0038044143 0.01610252 0.0002493503 8.168208e-05 0.00483124 0.91240484 0.00035918443 5.879237e-06 1.03954535e-05 2.7676486e-05 1.5264108e-06 0.010882012 2.9110002e-15 0.6910998 0.99158835 5.172875e-06 3.7856678e-06 3.4873363e-05 0.00913711 0.09418355 1.0890025e-06 0.10511966 1.24454655e-05 0.01262239 1.5331173e-06 0.88661784 0.33696797 0.15142018 0.00022779379 0.00047395824 5.4900315e-08 2.7954165e-05 2.2204921e-07 0.097355984 4.3906805e-08 8.9819885e-05 9.670103e-08 1.5935286e-06 3.555592e-07 7.5777252e-06 0.0020245635 0.018900983 0.4529803 0.0069400053 0.00023582898 2.7289894e-05 4.1760027e-06 2.437521e-06 3.218264e-06 1.9096836e-07 1.6957806e-07 3.8984494e-05 0.024114005 0.012853147 4.6206724e-06 3.4877797e-08 1.881519e-05 0.18669729 0.0021175006 0.0011272713 7.569794e-08 0.0004875916 2.4240221e-06 1.2719306e-07 9.2746e-08 0.01402728 1.6775546e-05 0.22056659 3.3730095e-05 1.7898292e-05 8.103842e-08 9.74503e-09 0.0064608175 1.2807866e-08 4.133405e-06 1.973448e-05 0.004331881 0.0002084594 7.606839e-06 0.053800274 5.007541e-05 6.381672e-05 0.005490415 0.027344534 0.001489692 0.00093997974 1.2165982e-05 5.1100834e-08 0.04089582 0.011713482 4.0551143e-07 6.571845e-05
0.91139466 0.0038245707 0.00010713157 0.0076494734 0.00089331804 7.9914666e-05 3.5774694e-05 0.01754755 2.4485503e-06 0.007229814 0.0007122502 0.00027750712 6.5496344e-05 0.027415719 0.96579313 0.00047485973 4.7516184e-07 1.409589e-07 1.1629676e-06 7.4394265e-08 0.0373924 0.6910998 9.3389685e-15 0.90639454 1.2756024e-06 2.0614524e-07 7.597266e-05 0.00023470155 0.002773025 2.271586e-06 0.8521516 1.5625064e-07 0.12684226 3.936126e-06 0.46011564 0.9601869 0.0023504426 5.437581e-06 3.1371903e-06 1.0790675e-06 5.496075e-05 4.43059e-08 0.2193663 4.710798e-09 1.2659424e-06 3.4345307e-09 4.5623738e-06 1.7244963e-08 5.6024233e-05 0.011276768 0.308741 0.050959185 0.065621816 0.00055129523 1.159962e-05 3.017616e-08 1.5184001e-05 1.968847e-08 1.9605566e-09 7.4044465e-08 6.429133e-08 0.0012826368 0.06938381 1.0412588e-05 2.3557e-08 1.4624066e-05 0.05102797 0.0005939266 0.0028811193 5.416506e-08 1.6637721e-06 2.4289826e-05 7.9482027e-07 3.5381987e-07 0.41933042 1.0787434e-06 0.572921 2.3283745e-05 0.00014474595 4.2592642e-08 6.386508e-10 0.019393997 7.3008806e-08 1.050986e-05 8.6279226e-07 0.00014685244 0.00026150758 2.1382773e-05 0.12251458 1.424501e-06 3.181515e-05 0.009516601 0.007971006 0.0010071953 0.005468475 2.4524638e-07 7.244534e-08 0.0408947 0.0048682033 2.439088e-08 1.703649e-05
0.5537323 0.0050278525 0.0003347289 0.012902015 0.0021072286 0.00031104204 0.0001669459 0.031817954 4.0237916e-05 0.0026252158 0.00079310266 0.00021368127 9.0928064e-05 0.005378211 0.60854614 0.00031006322 1.6688477e-06 2.3689697e-06 3.432823e-06 9.683147e-07 0.00983534 0.99158835 0.90639454 2.0210625e-14 7.6714696e-07 1.9522479e-06 2.8512854e-05 0.00051788875 0.005206508 1.5544026e-06 0.15263432 1.2788082e-06 0.018269818 2.779505e-06 0.7759456 0.8966302 0.0055935453 2.46975e-05 3.591238e-05 2.1628225e-07 2.3526862e-05 6.151805e-08 0.31499216 8.8639185e-09 4.9151918e-06 1.0823819e-08 9.1524794e-07 2.2686674e-08 3.484431e-05 0.0007007101 0.02321023 0.10731314 0.010414581 6.114404e-05 3.014359e-05 2.1310645e-07 5.9013305e-06 7.4256185e-08 2.1833797e-08 1.6957028e-07 6.690461e-07 0.002874191 0.030244028 7.535563e-07 2.040579e-08 1.0082962e-05 0.13541669 0.000722277 0.0017009532 1.4490347e-07 2.2106773e-05 8.063401e-06 3.8331078e-07 6.979023e-08 0.12808098 1.9601073e-06 0.20071764 2.4342282e-05 7.8672065e-06 3.339789e-08 5.0991256e-10 0.018484216 7.1129778e-09 3.0394338e-06 9.071214e-07 0.000522335 0.0002748963 6.1018013e-06 0.051639833 1.5158847e-06 6.29888e-06 0.009828116 0.019281162 0.000260081 0.003871348 5.72576e-07 9.194459e-08 0.021414872 0.0044030766 4.3121016e-08 4.0372156e-06
0.41606414 1.6514174e-07 0.0056886626 2.5473318e-07 7.2353345e-05 0.003349588 0.007967563 1.1302827e-06 0.18888284 9.011563e-05 0.0002708885 0.012048907 0.094080806 1.1582641e-05 3.1259057e-07 0.00021465901 0.61903334 0.38689852 0.9871635 0.9654503 1.8737466e-06 5.172875e-06 1.2756024e-06 7.6714696e-07 2.2572602e-15 0.41307664 0.00013704781 0.00010134524 3.1821553e-05 0.690283 5.823798e-07 0.058398973 2.9863305e-08 0.042499736 6.5880596e-07 2.8882948e-07 2.1535401e-05 0.0017480054 0.0043167276 0.6965469 0.0025582889 0.048984952 3.875507e-09 0.005849392 0.006289103 0.01216103 0.74051195 0.0069292486 0.000546775 6.9814297e-09 4.6684562e-08 4.0398195e-06 1.212784e-08 4.052304e-07 0.0024775187 0.00019112478 0.006541775 0.00032805497 0.0007946355 0.0062783374 0.0030660976 0.0003040182 8.9841546e-05 0.09050115 0.0012703707 0.19534571 8.503439e-07 0.001809794 1.8362929e-06 0.0012319632 0.0009715708 0.2886805 0.037171047 0.57036275 2.0460022e-06 0.00031324668 2.4523315e-06 0.0010346831 8.70298e-08 0.014109107 7.902984e-06 1.9934716e-09 0.07059746 0.00038617844 0.00017551046 0.0012225363 9.982831e-08 0.00022669182 9.083174e-06 0.00034445603 0.04926806 1.3480314e-07 4.8845497e-05 6.964888e-06 4.5530108e-08 0.0014023226 0.031682454 9.1035305e-05 0.00037338445 4.9435293e-06 0.00023605669
0.9091704 7.7011794e-07 0.00462153 2.9819848e-06 0.0008582169 0.003872962 0.0013898984 1.3005536e-05 0.31470484 1.5283138e-05 0.011391787 0.00083719584 0.0022281874 5.1832844e-06 1.0810102e-06 0.00015619323 0.88584256 0.72820115 0.32497543 0.925732 1.2732057e-06 3.7856678e-06 2.0614524e-07 1.9522479e-06 0.41307664 1.5630672e-14 2.066403e-05 0.007943703 0.0017392896 0.065099105 8.611551e-08 0.90249014 3.5101166e-08 0.00652456 1.9479508e-05 3.8309585e-07 0.00034013228 0.41799352 0.15588252 0.073679686 0.00056898507 0.7527777 3.7970557e-07 0.41409537 0.35791436 0.35481352 0.9391823 0.34706143 3.6172376e-05 1.2382241e-08 1.0021253e-07 0.0004420647 1.7263103e-07 2.513979e-07 0.00012458986 0.017233137 0.00080390874 0.03383169 0.06569296 0.3223587 0.12690449 0.0079665985 5.2288774e-06 0.31321996 0.04641175 0.015741445 0.00012626544 0.03164494 1.4331413e-06 0.07424387 0.05840822 0.007306509 0.00040034726 0.044249862 9.288068e-05 0.0010887891 0.0001161076 1.2202549e-05 2.606253e-07 0.090344705 9.0869464e-05 2.4288574e-05 0.0005014205 6.1307965e-06 0.00016319903 0.014873329 2.2612726e-07 5.6215e-06 0.00011152347 0.011798368 0.0020067354 1.0282154e-05 0.00014344801 1.9575602e-05 1.8587723e-07 0.013553728 0.046875972 0.0005109802 0.0030059263 2.487725e-05 0.0017951715
0.32455128 0.013965079 0.038812853 0.015433746 0.0014721063 0.01607898 0.19387776 0.00021643628 0.0037355882 0.3207005 0.00010512271 0.8316826 0.28425124 0.02595922 5.1204966e-05 0.97786695 0.00018743008 0.00024147723 0.00025519385 0.00020244949 0.010857551 3.4873363e-05 7.597266e-05 2.8512854e-05 0.00013704781 2.066403e-05 8.4364986e-13 2.2605915e-05 0.00043273513 0.0015029489 3.2394341e-06 5.149333e-06 4.8664924e-06 0.06247184 3.3378212e-06 1.4198191e-06 0.00010323328 1.3190472e-06 4.533447e-05 0.0003849017 0.88636595 7.333601e-06 1.0054198e-06 9.47166e-08 2.34127e-06 6.804675e-08 1.4105418e-06 1.18098825e-07 0.95189476 0.6614289 9.406163e-08 0.00039256262 1.9252508e-07 0.7942602 0.68730515 1.3943144e-08 0.05258096 1.9974587e-07 1.1745948e-07 4.9691664e-08 1.362715e-05 0.004440203 1.7113807e-05 1.9027937e-07 7.57788e-09 0.0024821726 3.130536e-05 0.002450542 0.00036618105 1.7302115e-09 3.613142e-05 0.00015820115 0.00013363292 3.3393666e-09 7.5735894e-05 4.656404e-09 0.0004964914 0.0028825812 0.1369493 6.3025816e-08 4.5803064e-09 1.6239402e-06 8.539269e-09 0.06442529 1.206876e-07 2.6303167e-05 7.246182e-07 0.00014957701 0.0013806744 3.6831642e-07 4.0896874e-05 1.6996162e-05 0.00012826863 0.0004968468 8.326818e-05 4.820291e-05 6.7944946e-08 0.004818088 0.00036766406 5.2266284e-08 5.151165e-06
0.8781505 0.002721441 0.046988036 0.0021293063 0.081244916 0.11556476 0.005260054 0.02695493 0.149744 0.00042822253 0.94157976 0.0010521744 0.0009035591 3.425029e-05 0.0028378798 0.00017586868 0.0132287005 0.12990595 0.0019207195 0.0017331566 3.0510096e-06 0.00913711 0.00023470155 0.00051788875 0.00010134524 0.007943703 2.2605915e-05 4.246757e-15 0.93267214 0.00022473128 6.283949e-05 0.10034549 1.081652e-05 6.7241075e-05 0.0061934334 0.00014455807 0.42818406 0.35902652 0.96698666 1.1091966e-05 9.003402e-05 0.00024793844 9.9127676e-05 0.00027436565 0.016410401 4.0525978e-05 0.0002828828 0.0007813677 4.409623e-06 4.6529019e-07 6.054057e-06 0.1252818 2.1863218e-06 5.897639e-06 3.8597576e-05 0.0011377493 3.7543614e-05 0.000747951 0.0005649132 0.00012513441 0.15830027 0.8350836 3.8574646e-07 6.1438346e-05 4.1376607e-06 0.00023302593 0.03307926 0.81924796 6.650739e-07 4.827111e-06 0.5519172 5.5752057e-06 7.962721e-06 5.5207227e-07 0.00063086435 0.0005554448 0.0033749966 6.881445e-05 3.2655607e-06 5.625364e-07 1.1112312e-06 0.0031005049 6.512183e-07 2.4276927e-05 0.00010082313 0.42886195 6.58157e-08 8.9829473e-07 0.019138642 0.010962121 9.055422e-05 0.0008604128 0.04012077 1.102687e-05 3.548871e-05 0.0013223505 7.7555164e-08 0.029274525 0.31170604 3.0313256e-06 0.0062780883
0.87312686 0.07067701 0.112904795 0.05968316 0.4468811 0.21195601 0.034105446 0.5740781 0.06329398 0.0041441945 0.90252423 0.006881281 0.0031456598 0.0011052433 0.04337732 0.0024969166 0.006391338 0.030078312 0.0007632833 0.0007002872 3.6909845e-05 0.09418355 0.002773025 0.005206508 3.1821553e-05 0.0017392896 0.00043273513 0.93267214 5.709994e-15 8.864849e-05 0.00079480984 0.007671533 0.00018174836 0.00017862048 0.10618534 0.0035506946 0.9846824 0.022417253 0.2570098 6.5209297e-06 0.00024907224 3.546763e-05 0.0045587015 1.9397976e-05 0.0012122476 1.7670371e-06 5.926595e-05 9.5415286e-05 2.278228e-05 0.0005009084 6.662045e-05 0.57170737 1.784425e-05 0.00016401318 8.377021e-05 0.00026824395 8.794369e-05 7.2776376e-05 0.000115933995 6.689277e-06 0.012068896 0.7874506 1.8184903e-05 1.1320255e-05 1.3919404e-06 0.00014687178 0.071550265 0.3752017 2.2309885e-05 1.9686657e-07 0.050107516 4.1439434e-06 2.1723927e-06 1.1913706e-07 0.0011648058 0.0001358338 0.00787712 7.143726e-05 4.5762114e-05 1.2177421e-06 6.6015383e-07 0.0033422364 1.3962448e-07 0.000110568566 3.0685515e-05 0.06233556 1.807772e-06 9.358544e-06 0.015514765 0.0016843526 5.4458043e-05 0.0029478397 0.03560306 0.00012194122 0.00021521942 0.0010101943 1.9893184e-07 0.03263095 0.15460382 5.4590015e-07 0.0031650977
0.7695247 2.8710869e-05 0.034268852 8.972733e-05 0.00025856742 0.027336216 0.33746687 5.123606e-06 0.34533992 0.00010729681 0.00020854453 0.12023205 0.7171225 3.1132781e-06 1.2106763e-06 0.0017042048 0.66630214 0.65535176 0.5800697 0.7427265 8.469136e-08 1.0890025e-06 2.271586e-06 1.5544026e-06 0.690283 0.065099105 0.0015029489 0.00022473128 8.864849e-05 4.2171814e-15 3.1019704e-07 0.032438718 4.036053e-08 0.9326473 6.615441e-07 2.419665e-07 3.056073e-05 0.00019187026 0.0031064183 0.9902945 0.17508756 0.005105289 8.1186634e-08 0.00012184567 0.00074375543 7.592218e-05 0.0018169882 0.00033413596 0.00466477 6.1429324e-07 8.194756e-08 2.1335924e-05 3.3377447e-08 7.0100716e-05 0.029908024 2.2033896e-06 0.3742906 8.293963e-06 7.933459e-05 1.4961109e-06 0.00097512465 0.0010806706 1.7733985e-06 8.157835e-06 5.4178673e-07 0.68124616 5.8432333e-06 0.0034732884 5.0118126e-07 1.2153497e-06 0.000489329 0.42310122 0.26596463 0.18470159 1.20800805e-05 3.0822451e-07 3.222286e-05 0.051807843 0.00016012827 2.0830907e-05 1.2299669e-06 2.522491e-06 0.023068061 0.0031853938 6.0538684e-07 0.00040409484 2.6834165e-08 0.0016619881 0.00015663162 3.585571e-05 0.29067877 6.3676464e-07 0.0001218946 4.6194543e-07 4.364083e-07 0.00033511664 0.0014032992 0.0005632945 0.00051581656 6.450935e-08 2.9029556e-05
0.94501746 0.007876925 0.00010894835 0.021738432 0.00026374368 4.1426967e-05 1.5313426e-05 0.012682161 1.5593558e-06 0.00021491299 0.00014232166 2.4268082e-05 4.106808e-06 0.00053656875 0.77222055 2.35215e-05 7.178183e-08 1.845971e-06 1.8807018e-06 3.201727e-08 0.0015457682 0.10511966 0.8521516 0.15263432 5.823798e-07 8.611551e-08 3.2394341e-06 6.283949e-05 0.00079480984 3.1019704e-07 2.5799441e-14 1.1642976e-07 0.31271413 2.0566239e-07 0.074464194 0.13564886 0.0040821205 1.3765336e-06 3.2385706e-05 1.628308e-07 1.9578335e-06 4.3498514e-07 0.011519713 2.3765422e-07 1.9329843e-06 2.745775e-07 5.140927e-08 1.8144192e-07 6.9397324e-06 2.0192125e-05 0.99889 0.019984279 0.41046602 9.0121e-06 3.0628314e-06 2.6245087e-07 6.114057e-08 1.6526251e-06 1.1497854e-07 3.8237718e-07 2.2187235e-06 0.010117139 0.0020143841 1.9863915e-05 1.4789168e-07 5.7505686e-06 0.01598614 0.0015957796 1.2524716e-05 1.6967261e-06 4.2913975e-06 1.5131167e-05 6.779681e-07 1.85915e-07 0.026220208 2.6512651e-05 0.27212366 2.1958492e-07 2.7880735e-05 1.2672123e-09 1.574133e-08 0.047719274 2.9784565e-07 1.317085e-06 1.606966e-06 0.00024659012 3.4525322e-06 2.0839122e-06 0.15949063 2.822895e-05 1.10207516e-07 0.010552248 0.0105763525 3.5989917e-06 0.006915882 0.000106950276 3.939331e-09 0.08459549 0.0054860758 1.1852391e-08 6.075582e-05
