3.5467957e-15 0.00021080686 0.013692807 2.3639629e-07 5.25498e-05 0.004418175 0.0019471736 0.056583352 0.5589386 0.9077051 0.012593786 0.0035818922 0.22885282 0.59472686 0.39679566 0.12132545 0.28224936 0.61233675 0.8983731 0.9538074 0.0886291 0.12328462 0.019647297 0.7158862 0.83411235 0.60460174 0.7788225 0.711939 0.55696243 0.8434616 0.8059936 0.88055336 0.9169614 0.9687346 0.9794914 0.8609189 0.9715774 0.88381076 0.83427864 0.8367283 0.86982316 0.95342803 0.85686046 0.92561907 0.5616101 0.80005145 0.6228339 0.90977585 0.8965913 0.86883974 0.9688506 0.48051742 0.0003403899 0.84319586 0.032014992 0.9846182 0.570838 0.0039047732 0.76759857 0.9892173 0.72888607 0.29581058 0.6737129 0.61817527 0.95956683 0.9602344 0.72334373 0.9404365 0.80779713 0.6889437 0.80548847 0.80095506 0.97892255 0.44218928 0.17922695 0.9744326 0.6345265 0.85891896 0.90546584 0.8978617 0.04827407 0.9948101 0.9380005 0.9760156 0.95315105 0.9632406 0.8025576 0.7987 0.6949072 0.91362596 0.89572775 0.9777895 0.8981014 0.8363027 0.9992986 0.99934214 0.9980149 0.9905955 0.999907 0.9945614 0.9978768
0.00021080686 9.516226e-15 0.97328 0.9992323 0.937508 0.25761655 5.378813e-05 0.03036157 0.006138986 0.07291285 5.787975e-05 0.0019655023 0.0031292154 0.004139147 0.00037253884 8.789874e-05 5.9403228e-05 0.0003509712 0.0004225198 0.00070801546 3.0543826e-05 3.84867e-06 0.00018653776 2.757141e-06 0.0005302975 0.00065848033 2.0980377e-05 1.0260722e-05 0.00041429757 0.00023158899 5.1723102e-05 1.5662303e-05 2.4209196e-06 0.00046987023 0.00021291115 2.2037208e-05 0.00013587202 4.4897584e-05 0.000111227455 2.2401102e-06 9.623116e-05 0.0002844714 0.0010595832 5.3356373e-05 0.00036896454 0.0003843698 3.1932348e-06 0.00023992866 0.00010567454 7.647942e-05 0.00017277787 1.0881466e-05 3.7372363e-05 2.7394404e-05 1.1348012e-05 0.0001097506 0.00011707864 2.537777e-06 1.2238456e-05 4.4216227e-05 2.0299787e-05 4.4281003e-07 8.421731e-06 1.4745752e-05 0.00031035254 0.00063863816 7.031088e-05 1.7575784e-06 2.4323656e-08 4.9742594e-06 1.4676067e-05 0.00084637606 0.00012582092 2.911302e-06 3.8868515e-07 4.170711e-05 2.7972726e-05 3.6216145e-05 1.2547803e-05 9.99996e-07 1.0122102e-06 0.00010140683 0.00016395438 4.449775e-05 0.00038637483 4.7052352e-05 4.2550644e-07 0.00029960583 8.5714525e-08 0.0013216046 0.00048294666 4.1467147e-06 4.9443565e-07 3.775711e-07 8.277563e-05 4.695595e-06 1.3036376e-06 6.603415e-05 5.7405286e-05 6.0903225e-05 1.9110905e-05
0.013692807 0.97328 2.7895623e-11 0.024792893 0.94961154 0.9416318 0.971408 0.9360287 0.36230695 0.8693766 0.07842236 0.031841975 0.2575387 0.19193876 0.0031711117 0.00064716587 0.00016795292 0.016974166 0.046283435 0.007989528 0.0011226148 0.00012418085 4.6565157e-05 0.0003154158 0.00075147446 0.00012228289 0.00016254868 0.0009393198 1.3848361e-05 0.0002146109 0.0016718777 8.205908e-06 0.00019708101 0.0026728916 0.00015201469 7.2317853e-06 0.007161967 2.2061736e-06 3.7786956e-06 0.00016355552 0.0057239863 0.00047799252 2.0723353e-05 1.1018597e-05 3.3855133e-05 4.828932e-05 3.3361218e-06 0.0004938113 0.00025867816 1.1050652e-05 2.6882464e-05 1.17440895e-05 3.9159568e-06 4.4378894e-06 5.1375533e-05 0.00015012448 5.5569744e-05 2.3457812e-07 2.7513674e-06 2.5227788e-05 0.00013291392 3.5224155e-05 8.11123e-05 1.8103297e-05 5.204229e-05 0.00589258 0.000524615 1.5206338e-06 3.3289584e-08 1.315351e-05 3.479509e-05 0.002320754 0.00334977 0.000114110386 2.2507238e-07 0.00016144513 2.3962855e-05 7.056427e-05 2.251222e-05 7.746669e-06 2.8973992e-07 5.9884376e-05 0.00036989537 7.704861e-05 0.0030987284 0.0007940165 3.160576e-05 0.010756299 3.97395e-06 0.009403846 0.0036052892 5.556611e-06 1.1122633e-05 5.104164e-07 0.00038073884 2.2448568e-05 0.00018666872 0.00042257117 0.00010380369 0.000584758 0.0006900246
2.3639629e-07 0.9992323 0.024792893 1.5077947e-23 0.00024667004 4.7407735e-05 0.9995304 0.002409192 7.200229e-05 0.0056513706 0.00029527213 8.460136e-06 1.8200846e-05 5.056883e-06 2.9328697e-07 8.941046e-08 3.218485e-08 4.9487954e-07 2.923636e-06 1.8192516e-07 7.678044e-05 6.364273e-08 1.5752676e-07 7.403613e-08 2.2488766e-05 6.3085345e-08 8.295319e-09 5.2121433e-08 4.809133e-07 4.5757136e-07 4.5339714e-08 2.2836516e-10 2.8958632e-07 6.087036e-07 2.0839191e-07 2.5923628e-08 1.9440125e-07 8.0987235e-09 1.5000718e-09 9.67322e-08 5.1321905e-07 5.805e-09 1.1488081e-08 3.4608474e-09 1.4020772e-07 9.4538495e-07 5.8968963e-10 4.128476e-06 4.4704038e-07 3.028784e-07 5.637613e-09 4.7039137e-08 9.4752906e-08 3.0588875e-08 4.279441e-07 1.5475896e-08 5.76066e-09 1.3278517e-10 1.6570326e-10 6.5447914e-08 2.0091336e-07 4.524866e-08 4.782934e-07 7.442658e-09 6.179393e-08 1.4485443e-05 3.0392595e-08 9.185834e-08 3.8447346e-11 2.7008442e-08 2.254221e-07 1.01260646e-07 8.7644366e-07 1.4311991e-08 4.146121e-10 5.479988e-08 3.6161334e-09 6.9386705e-09 1.7103975e-08 2.2566202e-10 5.5546085e-08 1.9661253e-07 1.7307462e-07 2.2169255e-08 2.3912335e-07 5.664685e-07 1.1760351e-07 4.5542706e-06 7.74357e-09 3.4645116e-06 7.985391e-06 1.0837765e-08 2.0289187e-10 6.0446093e-09 4.4304038e-08 5.2336184e-09 9.701305e-08 1.3383396e-07 3.9733263e-07 6.103218e-07 2.0832485e-06
5.25498e-05 0.937508 0.94961154 0.00024667004 1.8846953e-15 0.999966 1.1765561e-06 0.5821171 0.4864079 0.025586035 0.00015303887 0.95663226 0.09716707 0.0652631 0.0037421759 0.0022190337 0.0017305453 0.041750416 0.0053402595 0.006833922 2.7246008e-06 2.0142801e-08 0.00032549273 2.0278441e-09 2.1417807e-06 1.14097475e-05 0.000104503175 0.0002778522 1.8719884e-05 0.00018552366 0.00034193633 4.784072e-08 3.2108574e-08 0.00040716908 0.0002721267 1.5409765e-05 0.0001882017 7.830595e-06 6.6175076e-08 3.076112e-08 9.044641e-07 8.523616e-07 1.2652537e-05 5.366273e-06 1.3005128e-07 6.0761668e-05 5.0785314e-09 0.00017666953 5.1030158e-05 2.4284634e-05 3.8427152e-07 1.1933593e-09 2.7308076e-06 7.722894e-06 3.832435e-07 3.6370252e-06 3.0314193e-09 5.004261e-09 2.8804841e-08 3.335936e-05 5.602024e-10 3.2192307e-10 1.0458103e-08 1.59085e-06 4.099342e-06 3.831635e-05 6.3109504e-09 5.190543e-09 5.196177e-10 5.9285865e-10 3.836095e-09 7.4979607e-06 2.1203568e-05 8.268082e-10 4.587132e-10 1.5406068e-08 2.252807e-07 5.650244e-06 5.584622e-07 1.1115363e-08 6.1964184e-10 2.9803502e-08 4.2279305e-05 5.535458e-07 2.039699e-05 2.4842691e-08 1.3383573e-11 3.209817e-06 1.817102e-10 2.8544287e-08 1.5613066e-06 1.043289e-06 1.8453004e-08 1.5950039e-09 4.9043756e-06 4.0989687e-09 1.5160326e-09 8.582806e-08 7.3126294e-06 1.10526656e-07 8.435917e-10
0.004418175 0.25761655 0.9416318 4.7407735e-05 0.999966 2.0954354e-15 3.4551394e-05 0.90495574 0.91874427 0.48869556 0.00046070982 0.83192784 0.7011799 0.42841226 0.002035126 0.0023335374 0.00782901 0.13155755 0.14316534 0.025132485 7.391504e-05 1.0198324e-07 0.00071718026 1.5408743e-08 1.1667965e-05 0.00022173762 0.002979478 0.003915061 0.00013351177 0.0021644838 0.006178855 5.929574e-07 1.4455551e-05 0.010380539 0.0010150532 8.406545e-05 0.01521561 8.776012e-05 3.1019301e-06 0.00018537068 0.0012941979 7.516357e-05 0.00015779343 4.6283356e-05 6.036625e-07 0.00046193533 9.8490794e-08 0.0023612885 0.0013075455 0.00017202948 5.780406e-07 1.1381447e-09 6.0055745e-06 1.4679301e-05 2.2101747e-06 3.713484e-06 2.5934658e-06 6.390731e-08 1.2253392e-07 0.00014477399 1.3087922e-06 1.2229809e-09 1.8946723e-07 1.4256411e-06 5.319168e-06 0.0021101376 3.3518037e-07 1.4694405e-08 2.98687e-09 2.0434731e-08 1.2683235e-07 0.00057485024 0.0005162801 2.4215012e-08 1.5364956e-08 8.699666e-07 2.8086397e-06 5.2470477e-05 1.9052724e-05 1.5048169e-06 2.7605982e-08 1.1579929e-06 0.00036240625 1.4057524e-05 0.0008569128 2.8394907e-06 3.3524e-08 0.0016187892 2.9455506e-07 9.9379264e-05 0.0003519209 7.4643854e-06 2.2684774e-06 2.646261e-07 4.7579848e-05 6.3400756e-07 3.7856066e-06 4.6500234e-05 5.812014e-05 6.780038e-05 2.9630569e-06
0.0019471736 5.378813e-05 0.971408 0.9995304 1.1765561e-06 3.4551394e-05 4.038701e-16 0.7500378 0.0042235306 0.86711353 0.93287826 2.208542e-06 7.278271e-05 3.224853e-05 1.3789926e-07 9.755762e-07 3.5820813e-07 3.9241495e-05 0.00021825827 2.129545e-05 0.0010222825 3.7998543e-06 1.465123e-07 3.872197e-05 0.01627799 3.9245688e-07 1.5607982e-07 5.732158e-07 1.563151e-06 1.3574405e-06 1.753485e-06 2.1843015e-07 0.002562381 4.502895e-06 1.4226031e-06 1.2318786e-07 1.8939483e-05 5.121371e-07 1.9688798e-07 0.00034312636 0.00086600904 3.841248e-06 5.205842e-07 1.9918812e-07 1.2656068e-06 1.1579675e-06 5.9098625e-08 4.668759e-06 5.545278e-06 2.915257e-07 1.8545705e-07 1.6424201e-06 1.1030973e-07 1.0006199e-06 3.6904971e-06 9.592375e-07 3.637608e-06 1.0954078e-09 9.467694e-10 8.898076e-07 0.00014741257 4.559127e-07 2.3300825e-05 1.0689587e-07 4.793426e-06 2.1217567e-05 6.863015e-05 4.84636e-06 5.276623e-11 1.5829253e-05 2.8658922e-05 1.8623017e-05 6.739942e-06 4.8840182e-05 1.0887054e-08 2.7796204e-05 4.458761e-06 4.392587e-06 1.5684267e-06 9.174296e-08 1.5068237e-07 3.900113e-06 1.1630214e-05 1.3127556e-05 5.888243e-06 0.0003109848 2.15731e-05 0.0001773001 1.1015687e-05 0.003181855 0.00031889472 2.7192885e-07 1.9073475e-08 1.8636374e-07 4.566089e-07 1.1196818e-06 4.4481076e-05 5.932634e-07 4.6483274e-06 3.6392635e-06 0.00084366667
0.056583352 0.03036157 0.9360287 0.002409192 0.5821171 0.90495574 0.7500378 2.6669402e-12 0.9958623 0.86126876 0.09234454 0.19981073 0.3044912 0.22474237 0.0016312512 0.00015809452 0.00012900039 0.043002594 0.19341317 0.024845274 0.0049279067 2.0926382e-05 0.00018692507 3.284574e-05 0.0030925316 4.4994886e-05 0.00088177924 0.0082777925 4.833795e-06 9.5709554e-05 0.012454164 8.8808456e-08 0.0015495076 0.013427049 9.838045e-05 6.8033196e-06 0.17849147 9.531433e-07 4.302211e-08 0.0028388235 0.044696763 3.480369e-05 2.9664712e-05 6.1469023e-06 8.531769e-06 6.900154e-05 3.003903e-06 0.0006385797 0.0010541148 5.747992e-06 7.9346655e-06 8.366774e-06 3.2791359e-06 1.5658726e-06 2.6573378e-05 1.3963474e-05 4.8796606e-05 1.9216362e-08 5.4596857e-08 1.8401137e-05 3.9243027e-05 8.8926055e-05 0.00017079608 1.0032093e-06 8.147657e-06 0.006696015 0.0002798467 3.734815e-06 3.0543806e-08 3.2945234e-06 2.3011513e-05 0.00037634312 0.0007291108 4.844366e-05 2.1885288e-08 2.6275264e-05 1.3432492e-06 1.8138293e-05 1.2376533e-05 2.8000602e-06 1.6518907e-06 4.7994868e-06 6.565206e-05 3.224922e-06 0.004241484 0.0003281914 2.0175054e-05 0.011571949 2.9821895e-06 0.012431304 0.0036595801 3.2346352e-07 4.2799186e-07 3.2037003e-06 0.00024253543 3.5629855e-05 0.00016775924 0.00059564074 7.619949e-05 0.00211308 0.002283957
0.5589386 0.006138986 0.36230695 7.200229e-05 0.4864079 0.91874427 0.0042235306 0.9958623 5.0921515e-12 0.8452087 0.011080455 0.75949574 0.9757984 0.6185612 0.0031845537 0.0015043943 0.0068420144 0.4675595 0.7294702 0.19795814 8.462723e-05 1.2459781e-06 0.00023947583 6.947676e-07 0.0014496284 5.5186545e-05 0.018096171 0.10313912 1.6038724e-05 0.0017752913 0.12191864 1.2432285e-07 0.0016743899 0.2650266 0.00367851 0.0001242088 0.71754825 2.1557025e-06 1.7738881e-07 0.011784518 0.13498133 8.449006e-05 0.0005708458 7.313155e-05 1.1690341e-05 0.0029741495 3.6535137e-06 0.025104562 0.0123102665 0.00053203147 8.33158e-06 6.643164e-07 4.884221e-06 2.1405238e-05 6.9000083e-07 7.8288883e-07 0.000118165466 8.992855e-11 3.797731e-08 0.00023135015 1.6543114e-05 1.0470363e-05 5.387009e-06 4.3871756e-07 8.3744726e-07 0.121327884 0.00022489873 2.363403e-06 8.3996724e-08 5.493121e-06 8.56858e-07 0.0017625917 0.018460318 5.768993e-06 2.3465687e-09 3.1340758e-05 1.767676e-06 3.3891977e-06 5.0384315e-06 1.3935382e-06 7.620806e-07 8.695266e-06 4.9886043e-05 1.1635977e-06 0.03643871 0.00055994745 6.8864006e-07 0.03769905 1.4904515e-06 0.047210652 0.009520228 2.365625e-07 1.467422e-07 5.2868168e-06 8.550402e-05 2.3494495e-06 9.2995315e-06 0.0028152613 9.728586e-05 0.004186257 0.0059854975
0.9077051 0.07291285 0.8693766 0.0056513706 0.025586035 0.48869556 0.86711353 0.86126876 0.8452087 1.2688433e-15 0.9901609 0.09756611 0.48585752 0.061403546 0.003975865 0.00012892488 2.5641228e-05 0.0030528521 0.57789147 0.0008631306 0.5504892 0.0033725498 9.452732e-05 0.01301094 0.8216272 0.00095770374 0.00017685884 0.004401414 6.4812193e-06 0.00018780348 0.01520729 1.12486454e-07 0.7115774 0.0031618227 1.1044689e-05 1.5758077e-06 0.14164397 3.6652398e-06 2.6034584e-07 0.88208973 0.82927644 7.8860794e-05 4.765321e-06 7.6031697e-06 7.3268343e-06 6.782638e-05 5.532014e-08 0.0002635199 0.0008554109 1.2586575e-05 2.320228e-07 0.0050040684 4.2221848e-07 2.1437095e-06 0.0013569191 2.9970352e-06 0.013887101 4.531696e-09 7.2790364e-08 6.2906324e-06 0.019106623 0.00068745145 0.005770319 7.4456545e-07 3.5495646e-07 0.009115706 0.01797198 0.00026215208 2.5622424e-09 0.0068284622 0.0034775077 0.0024443849 0.00085858075 0.0023375242 5.6685405e-08 0.011769745 1.0791128e-06 0.00018029116 8.056898e-06 1.6723784e-06 1.761495e-06 7.77911e-06 0.00045935225 1.0347018e-05 0.0027282988 0.022525119 0.0024584658 0.044127557 0.00033842417 0.4836006 0.045076612 5.67468e-06 3.1026786e-06 1.2620728e-06 9.333236e-05 0.0010271888 0.0036858597 0.0019041756 0.00018501692 0.006305086 0.44211987
0.012593786 5.787975e-05 0.07842236 0.00029527213 0.00015303887 0.00046070982 0.93287826 0.09234454 0.011080455 0.9901609 6.952563e-14 0.00012654692 0.00061085704 2.4250523e-05 5.261848e-06 3.5878784e-06 5.6636907e-07 0.000102426595 0.0003578802 1.0878592e-05 0.9882296 0.0053638867 1.1969452e-05 0.00091738807 0.2999162 1.5991029e-05 2.7485298e-08 5.16018e-07 5.2358328e-06 5.3096855e-06 1.7848137e-06 6.3765214e-08 0.11816817 1.2070275e-06 1.5719846e-06 2.6704467e-07 1.01465785e-05 3.2736395e-06 1.7119886e-06 0.01530434 0.005772339 4.670643e-06 5.830256e-07 1.8371826e-06 5.070883e-06 1.3614323e-06 3.8186883e-07 5.739359e-06 4.6312693e-06 2.6220715e-07 1.8051836e-05 0.0025814944 6.095825e-07 5.5140714e-07 0.0017303324 2.9480492e-05 8.077417e-06 4.501918e-07 5.125021e-07 2.520667e-07 0.00037263051 0.0010634604 0.00035898617 2.8644042e-06 1.1231934e-05 8.263574e-06 4.4302462e-05 0.0008027317 5.7424385e-09 0.0002830277 8.919036e-05 5.4064785e-06 7.261145e-07 0.00016913677 3.976509e-06 0.00048203394 2.727661e-06 3.9344505e-07 1.2522333e-06 5.34696e-07 1.016599e-05 0.0005233637 2.570893e-05 7.4674685e-06 3.3147023e-06 0.0004530776 5.8091377e-05 4.37397e-05 1.6186223e-05 0.00064503367 3.261818e-05 1.1133383e-07 1.3667679e-07 6.367884e-05 5.3332457e-07 1.5362648e-05 6.193852e-05 5.228655e-07 9.050238e-06 7.814899e-06 0.0026113042
0.0035818922 0.0019655023 0.031841975 8.460136e-06 0.95663226 0.83192784 2.208542e-06 0.19981073 0.75949574 0.09756611 0.00012654692 6.9159294e-13 0.9343804 0.9040459 0.99862236 0.2811194 0.58575475 0.7081977 0.28557053 0.11530199 1.1615394e-05 1.6377966e-06 0.33291373 7.689558e-08 1.9504008e-05 0.0024294404 0.0056246803 0.004184249 0.0010562668 0.0025796979 0.004924994 0.00021601089 8.47022e-06 0.01349189 0.0036485246 0.0009244087 0.0032479567 0.0002497582 4.9532206e-05 5.6230045e-05 0.0003144547 0.00027008753 0.0006474267 0.00021995645 0.00010247671 0.00083119783 1.1207689e-05 0.0020196391 0.00037591284 0.00042961992 9.376421e-06 1.0864278e-06 8.455886e-06 2.0634572e-05 3.2558415e-05 1.7141494e-05 1.7491634e-07 1.328841e-08 4.1020385e-07 8.570804e-05 3.7039288e-07 6.381617e-05 2.1367829e-07 1.873049e-05 1.7542921e-05 0.00043117738 5.163247e-07 1.923701e-08 1.2113847e-09 2.8751037e-07 1.6868833e-07 2.9862751e-05 0.00018498748 3.6774203e-08 1.0231812e-08 6.34851e-07 6.779765e-07 2.4175222e-05 4.387891e-05 4.183273e-06 4.566692e-08 9.820563e-07 5.8436883e-05 1.6610785e-06 0.00035352985 9.0648916e-07 4.619967e-08 4.947135e-05 1.4012382e-08 7.0579244e-06 1.3686802e-05 2.4330268e-06 1.6468375e-07 3.4319507e-07 1.4322199e-05 3.9453035e-08 2.796435e-07 7.131898e-06 0.00015578176 3.917671e-06 3.8111097e-07
0.22885282 0.0031292154 0.2575387 1.8200846e-05 0.09716707 0.7011799 7.278271e-05 0.3044912 0.9757984 0.48585752 0.00061085704 0.9343804 1.2851769e-15 0.9964394 0.016187983 0.0048218383 0.11148313 0.5075719 0.9333563 0.091100015 0.000504918 2.6983157e-06 0.004801059 3.7984933e-07 0.0011529193 0.00085900014 0.06743469 0.15909205 0.0005361764 0.0017413051 0.23001976 2.1423746e-08 0.0004178148 0.23964602 0.0055372217 0.0011282006 0.63400793 6.033089e-06 1.2224989e-06 0.008925564 0.06202317 2.1647293e-05 0.0022314473 1.17100235e-05 0.00011504056 0.0057480116 8.339458e-06 0.03666081 0.023872087 0.0022124546 2.366117e-05 6.575444e-07 2.7018307e-06 0.0001260145 6.4058054e-07 7.409597e-06 3.4073157e-05 1.2419795e-09 2.9908396e-08 0.0010229042 7.349576e-05 3.9379867e-07 1.9441834e-05 2.4038145e-06 4.3438197e-07 0.0749125 0.00018718018 5.577469e-07 1.6446213e-09 1.9925994e-05 4.76181e-06 0.0005773977 0.010717221 6.906589e-06 6.260456e-08 4.906586e-05 4.8006375e-05 3.1726737e-05 8.557646e-05 1.96842e-05 1.1086722e-07 1.9491975e-07 9.816771e-05 4.871203e-05 0.0047935406 3.4637073e-05 1.0617655e-05 0.002127991 3.956894e-06 0.0028224322 0.00038737117 5.642205e-06 5.2768905e-07 1.4971985e-06 4.3401014e-05 5.6466033e-06 9.395648e-06 5.8594305e-05 5.146429e-05 4.04159e-05 6.608455e-05
0.59472686 0.004139147 0.19193876 5.056883e-06 0.0652631 0.42841226 3.224853e-05 0.22474237 0.6185612 0.061403546 2.4250523e-05 0.9040459 0.9964394 1.870776e-13 0.11638307 0.030741531 0.27401096 0.8064322 0.9448052 0.30388492 3.7290298e-05 3.080287e-06 0.0054501095 3.2975816e-08 0.00031142167 0.0021048205 0.22101814 0.36838734 0.002008201 0.012552219 0.4141882 3.6942681e-06 0.00023801092 0.63669497 0.032061256 0.010503864 0.8285976 0.00016286413 8.27213e-06 0.0048687165 0.04360962 0.0008481731 0.016184472 0.0003108306 0.00014240257 0.035873685 0.00011898179 0.20559235 0.0734842 0.009565463 0.00013446066 1.6984617e-06 0.00017415792 0.00095981406 1.6688033e-06 0.00025185707 0.00014809106 5.356908e-07 4.002247e-06 0.0050138403 0.00010312514 1.0519661e-06 3.4960187e-06 7.151579e-05 6.009783e-05 0.1982366 0.00020715123 1.4600158e-06 8.467036e-08 2.1398686e-05 4.6211198e-07 0.0017860263 0.03233187 7.406481e-06 8.8204405e-07 1.1878197e-05 6.384765e-05 0.00026399456 0.00025797088 0.000121244295 9.673681e-08 1.5158934e-06 0.00041341284 0.00011707551 0.012560142 5.7671587e-05 3.1025131e-06 0.0067319483 1.1758349e-06 0.004882491 0.0006818165 3.446918e-05 8.69107e-06 1.310962e-06 0.00054306607 1.1129796e-05 1.12540865e-05 0.00052462344 0.00072553067 0.00040917125 0.00024198648
0.39679566 0.00037253884 0.0031711117 2.9328697e-07 0.0037421759 0.002035126 1.3789926e-07 0.0016312512 0.0031845537 0.003975865 5.261848e-06 0.99862236 0.016187983 0.11638307 1.01550265e-13 0.99151134 0.4815929 0.65825695 0.01869719 0.49922132 5.2107697e-07 2.4130742e-07 0.628491 4.3780783e-08 2.1504904e-05 0.16329126 0.06822958 0.027052062 0.016179219 0.2687957 0.009659349 0.01823311 2.8066518e-07 0.21113086 0.22063679 0.057645466 0.003693254 0.018742044 0.006081782 8.202091e-06 1.0673716e-05 0.060287084 0.0041650217 0.026789512 0.0008497826 0.0049103806 0.000660458 0.0087980535 0.00038697623 0.0022431558 0.0012928736 2.9544902e-08 0.0003280434 9.644909e-05 9.4260866e-07 0.0008545612 2.2650497e-07 2.8997863e-06 4.8962276e-05 0.00018333095 1.8051664e-07 7.512232e-08 9.934092e-08 0.0012732308 0.0012532246 0.00018332781 4.0517008e-07 5.765925e-09 1.0417093e-06 1.7786311e-07 2.1634317e-08 1.5224325e-05 0.00019537416 3.9968377e-08 2.1326144e-08 2.6242567e-06 5.7698708e-05 0.00013691404 0.0004717909 7.298475e-05 6.19993e-10 1.4826394e-07 0.00021120935 0.00010012451 2.914226e-05 3.084958e-06 2.3320684e-08 3.5134794e-06 1.4344704e-08 2.4124254e-05 1.2898378e-06 8.0577694e-05 1.1256373e-05 1.7607835e-09 8.741606e-05 7.008811e-08 2.9687478e-06 1.7647941e-06 0.0027624974 4.799972e-06 3.4528218e-06
0.12132545 8.789874e-05 0.00064716587 8.941046e-08 0.0022190337 0.0023335374 9.755762e-07 0.00015809452 0.0015043943 0.00012892488 3.5878784e-06 0.2811194 0.0048218383 0.030741531 0.99151134 3.376869e-16 0.9905554 0.5379587 0.008552184 0.3852565 1.486676e-07 8.382451e-08 0.9010801 2.1776819e-08 4.001283e-07 0.4411495 0.07077485 0.011886459 0.066316195 0.21283872 0.012240453 0.025728552 9.097225e-08 0.05293498 0.14203128 0.057979695 0.0007414563 0.023832686 0.015367375 3.686457e-07 1.3348484e-05 0.05305499 0.008107252 0.024896875 0.007856287 0.0047893887 0.0033989814 0.0033111516 0.00045467916 0.0026672017 0.0043348237 6.488352e-11 0.0018363737 8.538709e-05 4.3380197e-07 0.0041387323 2.5511596e-08 4.5564343e-06 6.664498e-05 0.00037286582 2.099114e-09 6.594178e-10 4.9934967e-09 0.0029900942 0.0130175315 5.221544e-05 2.94346e-08 5.3067334e-10 8.876811e-07 3.6612814e-08 2.600726e-09 3.3113847e-06 9.553411e-05 5.2974425e-09 4.977737e-10 2.9300352e-07 0.00016004339 0.00063800655 0.0033813594 0.00038770342 8.693548e-10 1.6779104e-08 0.00022159472 0.0002495994 1.2900155e-05 1.5208158e-07 4.755102e-10 1.2343487e-06 5.531829e-10 4.968695e-07 1.10389074e-07 0.00024589896 2.9517038e-05 8.280207e-09 8.88512e-05 1.1125826e-07 6.924424e-07 2.5868616e-07 0.0025784387 8.994691e-07 1.2304362e-06
0.28224936 5.9403228e-05 0.00016795292 3.218485e-08 0.0017305453 0.00782901 3.5820813e-07 0.00012900039 0.0068420144 2.5641228e-05 5.6636907e-07 0.58575475 0.11148313 0.27401096 0.4815929 0.9905554 9.306173e-16 0.9817958 0.2649882 0.9240829 6.656688e-08 4.838119e-07 0.18181932 1.315051e-09 1.4392782e-07 0.46876183 0.5599255 0.16772163 0.11275873 0.24283487 0.12671684 0.008284407 1.752659e-06 0.27086022 0.17369214 0.065746844 0.04335433 0.010652739 0.0032795582 6.1894e-05 0.0004293983 0.0077542537 0.033720966 0.0017313145 0.0022089444 0.01591241 0.00019513207 0.02984921 0.005138198 0.0074342964 0.0005062317 7.649264e-10 0.0016995207 0.00047808664 1.0124062e-06 0.0003531113 3.6474717e-07 7.173744e-09 1.74911e-07 0.0017329209 1.5343642e-07 1.2452528e-09 7.606353e-08 0.0001834875 0.000521805 0.0020913943 1.9625688e-06 4.567656e-09 1.319205e-07 7.208077e-08 1.4427488e-08 0.00016363041 0.0013271779 1.3509386e-07 2.0697062e-09 1.0956466e-06 9.9263234e-05 0.0005488647 0.0012352915 0.00020653951 1.3912295e-09 5.58744e-09 0.00034801365 7.701063e-05 8.037417e-05 1.3658305e-06 1.16967795e-08 3.4952438e-05 1.6375669e-08 2.6654216e-05 1.89586e-05 4.042284e-05 1.1382033e-05 3.6897065e-09 0.00019691324 2.2672326e-07 7.789462e-07 1.3990972e-05 0.00058614934 1.2459253e-05 9.542825e-06
0.61233675 0.0003509712 0.016974166 4.9487954e-07 0.041750416 0.13155755 3.9241495e-05 0.043002594 0.4675595 0.0030528521 0.000102426595 0.7081977 0.5075719 0.8064322 0.65825695 0.5379587 0.9817958 2.5939153e-12 0.8094446 0.98964095 3.3198325e-05 5.9526365e-06 0.026726628 5.298344e-08 1.7255814e-05 0.07289258 0.65763706 0.47657916 0.012728641 0.11292297 0.4057546 0.0010357262 3.0997526e-05 0.68465364 0.112977855 0.025994094 0.47431093 0.00062185543 0.00025290504 0.00076374615 0.0042020483 0.0008298944 0.035000738 0.00026335812 0.0008700687 0.06076491 0.00015792636 0.21734817 0.037197378 0.020667525 0.0001263294 1.200421e-06 0.0008283423 0.0028822483 1.192476e-06 0.00030843404 3.259293e-05 3.3231071e-09 6.3955446e-07 0.008808635 1.9506146e-05 7.943701e-07 1.4117323e-05 1.3425686e-05 6.024824e-05 0.030731134 0.0002500647 2.6370455e-07 7.058166e-08 3.2245375e-06 3.31536e-06 0.0006650771 0.01541738 3.418408e-05 5.2389844e-08 4.5415545e-06 0.00014890182 0.00019367134 0.00033211865 0.00014721914 9.12315e-08 7.493628e-08 0.00033376878 8.27821e-05 0.001460957 9.166373e-06 5.366718e-06 0.00028826224 1.174158e-05 0.0003266084 9.757436e-05 5.237064e-05 1.4518399e-05 2.043478e-07 0.0005245817 4.2660818e-06 7.131885e-06 0.00011766988 0.00037292254 4.8370763e-05 5.7566955e-05
0.8983731 0.0004225198 0.046283435 2.923636e-06 0.0053402595 0.14316534 0.00021825827 0.19341317 0.7294702 0.57789147 0.0003578802 0.28557053 0.9333563 0.9448052 0.01869719 0.008552184 0.2649882 0.8094446 1.3138435e-15 0.47937408 0.0028872236 3.9474376e-06 0.0059516407 1.322853e-06 0.0007660413 0.026578754 0.7082425 0.7458905 0.0037831836 0.0024081261 0.7488772 1.9911919e-07 0.0018443682 0.6449934 0.003879557 0.0021774839 0.97254026 1.6863455e-06 1.8321742e-07 0.15401688 0.5229073 2.8995168e-05 0.021862017 7.977923e-06 4.6238247e-06 0.050743826 4.50004e-06 0.28639942 0.29673663 0.011316903 7.111642e-05 2.8792838e-06 4.941778e-07 0.0015215819 2.5421167e-07 0.0002795663 0.0055786814 1.8552115e-10 5.8084444e-09 0.010173288 0.0002941238 2.6093883e-06 3.7749985e-05 1.9801064e-05 4.5456795e-06 0.59557843 0.0024918627 1.4717042e-06 6.3864714e-10 0.00014151378 2.6409061e-05 0.008987601 0.18079016 7.205209e-05 6.275987e-08 0.00025863847 0.000102786005 0.00042982993 0.00012726874 4.8447728e-05 5.0054405e-07 8.2670783e-07 0.000581159 0.00018467706 0.09068907 0.00025447496 8.941366e-05 0.035693813 7.8383026e-05 0.036230408 0.007517002 4.014929e-05 1.810183e-05 3.3456804e-06 0.0007418544 0.00033757996 2.9933095e-05 0.0020241726 0.00051402714 0.0012285596 0.0027163264
0.9538074 0.00070801546 0.007989528 1.8192516e-07 0.006833922 0.025132485 2.129545e-05 0.024845274 0.19795814 0.0008631306 1.0878592e-05 0.11530199 0.091100015 0.30388492 0.49922132 0.3852565 0.9240829 0.98964095 0.47937408 2.1644552e-12 2.233902e-06 2.0228406e-06 0.045798574 9.2600244e-10 4.6734968e-07 0.514932 0.8804528 0.7155231 0.18108138 0.44882685 0.5874412 0.008589998 4.6819417e-07 0.91655976 0.51292866 0.2086481 0.60378987 0.009886593 0.0017456724 0.00029022788 0.001844545 0.0015944188 0.18031105 0.0027326706 0.0012795317 0.25120243 0.00018949898 0.6078637 0.11779958 0.1305405 0.0034934396 2.8385465e-09 0.0014820565 0.014526233 1.7127773e-08 0.0020197085 1.0359399e-05 2.164271e-07 6.9130792e-06 0.06784173 5.978132e-07 1.0959975e-08 6.023792e-08 0.00025480695 0.00038023174 0.15135594 5.6542303e-05 2.3392767e-08 2.7244153e-07 1.5532897e-06 1.727423e-08 0.0024425148 0.09948548 1.4986229e-06 1.4779405e-08 6.105605e-07 0.0012592351 0.0052096522 0.014398736 0.00044165552 6.7989117e-09 9.014919e-08 0.0029878665 0.00095721526 0.01992079 3.5722173e-06 1.6268895e-07 0.0030880047 8.2516e-07 0.003257084 0.0005093367 0.0007229365 0.00010348503 1.29705375e-08 0.0018961548 5.092347e-06 1.5685359e-06 0.00036474006 0.0041978247 0.0001770107 0.00028276062
0.0886291 3.0543826e-05 0.0011226148 7.678044e-05 2.7246008e-06 7.391504e-05 0.0010222825 0.0049279067 8.462723e-05 0.5504892 0.9882296 1.1615394e-05 0.000504918 3.7290298e-05 5.2107697e-07 1.486676e-07 6.656688e-08 3.3198325e-05 0.0028872236 2.233902e-06 2.0668389e-16 0.9999143 1.7489449e-05 0.0030343512 0.91083425 1.3212259e-05 4.062285e-06 7.4058025e-06 9.4616935e-06 1.9962115e-05 8.05507e-06 1.1936405e-07 0.3592146 2.7103411e-05 8.225794e-06 5.7416423e-06 0.00038228132 2.8455738e-06 2.3019898e-07 0.20155637 0.016601197 4.3239706e-06 9.367036e-06 7.0659385e-06 3.2629425e-06 1.421352e-05 2.5953872e-07 4.541097e-05 7.9855396e-05 1.775259e-05 1.3764521e-06 0.24250129 6.829523e-08 7.966678e-06 0.038106535 7.2348203e-06 0.0009419818 1.7964789e-08 7.007845e-09 5.787003e-05 0.027522089 0.030317046 0.009819815 1.5847438e-07 1.0593986e-05 0.00019813862 0.0005735429 0.0024222096 7.9047935e-10 0.0032840653 0.0014023654 0.00019419678 8.600411e-05 0.0021919392 6.4150213e-06 0.0028859286 1.2055492e-06 0.00025576935 1.0559137e-05 5.6193076e-06 2.7055223e-05 0.00044403577 0.0005891897 8.389438e-05 0.0003189117 0.010747071 0.00018816654 0.0002805029 9.093917e-05 0.0065912944 0.0003830519 3.0646213e-05 9.748567e-06 3.1194377e-05 0.00057564245 0.00024422212 0.0018161497 0.00015448191 1.1047913e-05 0.0003193125 0.008857995
0.12328462 3.84867e-06 0.00012418085 6.364273e-08 2.0142801e-08 1.0198324e-07 3.7998543e-06 2.0926382e-05 1.2459781e-06 0.0033725498 0.0053638867 1.6377966e-06 2.6983157e-06 3.080287e-06 2.4130742e-07 8.382451e-08 4.838119e-07 5.9526365e-06 3.9474376e-06 2.0228406e-06 0.9999143 1.6428551e-14 1.7487707e-06 0.999243 0.1000133 2.8438646e-06 2.6073297e-07 6.251385e-07 5.334327e-06 5.832394e-06 6.7173573e-07 1.1667129e-07 0.045296993 1.3684609e-05 1.0306359e-06 2.572931e-07 6.1916403e-06 1.7549439e-06 2.3712899e-07 0.0009627219 0.00010760956 2.385375e-05 2.838405e-06 8.339227e-06 5.671434e-06 4.5557867e-06 4.5444327e-07 1.020936e-05 3.904006e-06 7.1822983e-06 7.2077137e-06 0.020454042 1.9285604e-07 1.8208407e-06 0.015699856 1.0663054e-05 4.810438e-06 9.037179e-08 1.17315516e-07 1.986292e-06 0.001705747 0.007554031 0.01344206 1.3899055e-06 5.6834483e-06 6.120892e-05 2.7900793e-05 0.002365499 1.7812921e-08 0.00020179448 0.0011313251 1.2812748e-05 3.6450692e-05 0.00023229416 2.9238647e-06 0.001314591 1.2752606e-06 1.947972e-06 8.039359e-06 1.3396946e-07 1.3985082e-06 3.6715843e-05 4.456816e-05 3.2935466e-06 2.3898929e-05 0.039051965 0.0002068865 8.241589e-05 5.641605e-05 0.00027979785 0.00017024577 1.3870203e-06 4.331158e-07 4.1920953e-06 7.5302864e-06 0.0001801358 0.0006360598 3.516694e-06 1.1416464e-05 1.4400512e-05 0.0025552067
0.019647297 0.00018653776 4.6565157e-05 1.5752676e-07 0.00032549273 0.00071718026 1.465123e-07 0.00018692507 0.00023947583 9.452732e-05 1.1969452e-05 0.33291373 0.004801059 0.0054501095 0.628491 0.9010801 0.18181932 0.026726628 0.0059516407 0.045798574 1.7489449e-05 1.7487707e-06 4.482606e-14 7.5883555e-08 4.9772393e-06 0.9144952 0.0010935678 2.1229387e-05 0.07343579 0.0046579908 5.496512e-06 0.99361545 4.5208483e-07 4.1782518e-05 0.0010628835 0.00272125 1.0197693e-05 0.011111783 0.01604558 1.4798953e-06 9.43764e-06 0.33482414 0.00024242834 0.0076750237 0.066059425 3.983316e-05 0.009433002 5.1427494e-05 2.3124567e-05 0.00013846718 0.007657959 1.0823078e-06 0.9689772 5.7533154e-05 4.0406862e-06 0.0046817525 1.9877197e-07 0.00045005683 0.0006028227 0.00016912175 5.6488645e-08 1.6984833e-07 9.3846194e-07 0.03399173 0.0099257 1.1351584e-05 3.721264e-07 4.5096503e-08 0.00045587294 5.3842894e-07 1.6766765e-07 1.0897583e-05 1.362975e-05 6.525421e-08 1.8115696e-07 8.281957e-06 0.00032001827 0.000121265926 0.002283799 0.00050088356 2.1013623e-08 4.8582683e-07 7.0757196e-05 0.00014826968 7.649433e-06 7.743481e-07 1.8837929e-08 2.20033e-06 1.9228985e-07 2.6335758e-06 4.762509e-06 0.000266142 0.00010386292 4.875227e-09 0.000213219 9.962885e-07 8.305594e-09 4.4580047e-06 0.013378869 5.577269e-06 3.311663e-06
0.7158862 2.757141e-06 0.0003154158 7.403613e-08 2.0278441e-09 1.5408743e-08 3.872197e-05 3.284574e-05 6.947676e-07 0.01301094 0.00091738807 7.689558e-08 3.7984933e-07 3.2975816e-08 4.3780783e-08 2.1776819e-08 1.315051e-09 5.298344e-08 1.322853e-06 9.2600244e-10 0.0030343512 0.999243 7.5883555e-08 3.3591938e-14 0.9552238 5.3639466e-09 4.3008075e-08 4.418623e-08 8.506367e-09 1.4396948e-08 4.1134598e-08 3.806569e-09 0.1496945 3.949128e-08 2.6838055e-08 1.6108293e-08 2.4238996e-06 5.6612365e-08 4.0348596e-08 0.0057962853 0.00045599096 5.1964474e-07 2.0934066e-07 2.291557e-07 2.3077071e-07 6.601182e-08 2.1912825e-07 8.5207745e-08 1.3295092e-06 8.6878714e-08 6.8025435e-07 0.8970589 2.2299066e-08 1.6564837e-07 0.93938315 1.16359e-06 1.4547296e-05 1.5586393e-08 3.7012593e-09 1.2723942e-07 0.031253934 0.73093766 0.47259194 3.9113544e-08 3.310089e-07 5.026332e-06 8.101881e-06 0.5200078 1.9670678e-08 0.002641894 0.17534457 1.5879059e-05 1.5397387e-06 0.00922906 0.0059589166 0.024136344 2.2629207e-07 1.092382e-06 4.4180165e-08 1.3932752e-08 0.0220863 0.13928936 2.1713072e-06 7.360851e-06 1.0769451e-05 0.39256313 0.039907657 1.6306516e-05 0.004445947 0.0014783967 4.080579e-05 1.6002133e-07 2.2867849e-07 0.009926059 9.957935e-07 0.007554661 0.20616539 9.227506e-06 1.1968979e-06 5.343382e-05 0.003367605
0.83411235 0.0005302975 0.00075147446 2.2488766e-05 2.1417807e-06 1.1667965e-05 0.01627799 0.0030925316 0.0014496284 0.8216272 0.2999162 1.9504008e-05 0.0011529193 0.00031142167 2.1504904e-05 4.001283e-07 1.4392782e-07 1.7255814e-05 0.0007660413 4.6734968e-07 0.91083425 0.1000133 4.9772393e-06 0.9552238 8.03581e-12 2.490342e-06 2.8982406e-06 6.8657346e-06 5.650915e-07 7.1533185e-07 1.1581394e-05 5.1014165e-08 0.99597377 9.90303e-06 1.5867188e-07 8.4475666e-08 9.844615e-05 1.18415386e-07 5.0930456e-08 0.1539315 0.01370543 6.780568e-05 6.745839e-06 9.1045595e-06 1.1262601e-05 1.0106172e-05 1.2445775e-05 3.2982534e-05 0.00011010421 5.9857107e-06 1.4527574e-06 0.6475788 0.00017563922 1.5273952e-06 0.4548558 1.4613587e-06 0.001582007 1.3518304e-07 7.7149735e-08 2.6478197e-06 0.24732581 0.015460151 0.030786183 3.237212e-07 8.079885e-07 0.00039012017 0.0011847075 0.010085527 9.293262e-08 0.028441109 0.031694565 0.00024248456 9.241186e-05 0.026359746 0.0006443171 0.09888212 7.903956e-06 9.317926e-06 1.10739575e-05 1.1145414e-06 0.00014189475 0.00082078576 3.3653334e-05 7.2168623e-06 0.0005809443 0.653898 0.01668945 0.0019661798 0.0035033636 0.054861225 0.0026066897 3.6953536e-06 6.5509647e-07 6.5779466e-05 4.1293526e-05 0.009737117 0.08942129 8.983324e-05 1.4333472e-05 0.00028351316 0.032706514
0.60460174 0.00065848033 0.00012228289 6.3085345e-08 1.14097475e-05 0.00022173762 3.9245688e-07 4.4994886e-05 5.5186545e-05 0.00095770374 1.5991029e-05 0.0024294404 0.00085900014 0.0021048205 0.16329126 0.4411495 0.46876183 0.07289258 0.026578754 0.514932 1.3212259e-05 2.8438646e-06 0.9144952 5.3639466e-09 2.490342e-06 5.0554755e-15 0.4149727 0.0032824231 0.9960347 0.8230602 0.00065328187 0.5287775 2.793596e-07 0.013361017 0.55891764 0.6481578 0.00010963041 0.92776525 0.95158595 8.927286e-06 2.1410771e-05 0.37237394 0.06803731 0.19580944 0.21354708 0.009955628 0.008182215 0.0061305016 0.0004612537 0.023028804 0.020588385 4.8010907e-07 0.0011231673 0.0027304136 1.5762565e-05 0.06048049 5.9646237e-07 1.1153234e-07 3.0483268e-05 0.0035682886 5.853532e-07 1.2152564e-07 3.912593e-08 0.0015145763 0.0037811869 0.0008962667 3.5371323e-07 2.217656e-09 1.7911516e-08 9.292904e-07 1.0753957e-08 5.8946618e-05 0.0022092194 1.4515512e-06 2.3670907e-08 3.0722308e-06 0.017170379 0.041519072 0.073392905 0.016547298 5.8735367e-10 7.575659e-08 0.0038436214 0.007135716 0.0002557942 3.1029067e-06 3.1168144e-09 4.355875e-05 5.8244453e-08 2.0996787e-05 9.868486e-06 0.0033363702 0.0008973627 8.392589e-09 0.0030140413 4.1482554e-07 9.57353e-07 0.000106413 0.008395024 5.741186e-05 1.6093254e-05
0.7788225 2.0980377e-05 0.00016254868 8.295319e-09 0.000104503175 0.002979478 1.5607982e-07 0.00088177924 0.018096171 0.00017685884 2.7485298e-08 0.0056246803 0.06743469 0.22101814 0.06822958 0.07077485 0.5599255 0.65763706 0.7082425 0.8804528 4.062285e-06 2.6073297e-07 0.0010935678 4.3008075e-08 2.8982406e-06 0.4149727 3.1754103e-16 0.9917119 0.46497712 0.64817786 0.9422086 0.00011106591 2.4448823e-06 0.9141882 0.5896341 0.47626036 0.27048182 0.004350235 0.00060555415 0.00020549037 0.0005923227 1.5392581e-05 0.8213478 0.00031716196 0.00013639887 0.43516862 5.738631e-06 0.39668757 0.23900476 0.16386619 3.3214506e-05 5.905141e-08 9.205216e-06 0.0117518 1.0491988e-08 0.0007421354 7.977341e-05 2.2091537e-09 3.1866833e-07 0.0264454 1.5303507e-06 1.3501948e-08 9.790942e-08 1.8517031e-06 1.1155628e-05 0.11155705 4.377997e-05 4.2916364e-09 1.0049049e-10 8.1922906e-07 1.4446654e-08 0.003248883 0.08504551 1.915632e-07 1.8875e-09 3.0240924e-06 0.0018664481 0.007605763 0.0012712609 0.00035256168 2.0092754e-09 4.772033e-08 0.0038367654 0.001694216 0.008926967 9.64603e-07 4.3949793e-08 0.0018484569 2.797395e-07 0.00090281613 0.00037933243 0.0003217807 8.176306e-05 5.3081255e-08 0.0050953417 2.0514113e-07 1.2494975e-07 0.00035018133 5.803988e-05 7.4722244e-05 2.4410256e-05
0.711939 1.0260722e-05 0.0009393198 5.2121433e-08 0.0002778522 0.003915061 5.732158e-07 0.0082777925 0.10313912 0.004401414 5.16018e-07 0.004184249 0.15909205 0.36838734 0.027052062 0.011886459 0.16772163 0.47657916 0.7458905 0.7155231 7.4058025e-06 6.251385e-07 2.1229387e-05 4.418623e-08 6.8657346e-06 0.0032824231 0.9917119 2.6542177e-16 0.010185345 0.010487563 0.9844537 7.004949e-06 5.1019474e-06 0.7991208 0.037972663 0.019431204 0.5163954 2.2843087e-05 3.466954e-06 0.00023918504 0.0011226687 1.075402e-06 0.46196443 1.0211133e-05 9.195318e-06 0.21942265 5.5368145e-07 0.30760404 0.34207848 0.04919544 3.009842e-06 3.0741487e-07 1.2867588e-06 0.0035759602 1.5456996e-07 3.092008e-05 0.00012691192 3.3022293e-10 3.4479417e-08 0.016448349 4.430185e-06 1.5364816e-07 9.448617e-08 2.3715816e-07 5.686254e-07 0.22092488 8.49796e-05 3.0212153e-08 1.9027556e-11 4.4849253e-06 1.999539e-08 0.004817091 0.18772076 4.019005e-07 7.814298e-09 9.260998e-06 0.00012954752 0.0016109679 0.0001575922 4.0033712e-05 2.4128417e-09 8.549867e-08 0.0012645832 0.00034937338 0.014908463 1.4914426e-06 2.6947015e-07 0.00362314 1.9602326e-06 0.0008419162 0.00038012568 4.678438e-05 2.0710531e-05 4.468952e-08 0.0018117228 2.5043844e-06 3.1148295e-07 0.0007275372 2.9095356e-05 0.0002797389 0.00014718896
0.55696243 0.00041429757 1.3848361e-05 4.809133e-07 1.8719884e-05 0.00013351177 1.563151e-06 4.833795e-06 1.6038724e-05 6.4812193e-06 5.2358328e-06 0.0010562668 0.0005361764 0.002008201 0.016179219 0.066316195 0.11275873 0.012728641 0.0037831836 0.18108138 9.4616935e-06 5.334327e-06 0.07343579 8.506367e-09 5.650915e-07 0.9960347 0.46497712 0.010185345 2.0032947e-16 0.9868847 0.003912543 0.048936352 7.268503e-07 0.036222115 0.5327694 0.7079125 0.00035257745 0.5249109 0.43481353 1.5999478e-05 3.4483975e-05 0.03503874 0.19320393 0.027935605 0.015777763 0.013243229 0.0008015028 0.011934098 0.0021610227 0.019232003 0.0034126118 1.1167639e-08 4.438983e-05 0.006701179 7.054509e-07 0.034667008 2.495132e-06 7.2522726e-09 1.32862015e-05 0.0055304086 1.2612738e-06 2.067001e-08 3.4482625e-07 0.00014518283 0.00040909633 0.0016041548 7.716074e-07 1.0326448e-08 1.213209e-09 2.0119264e-06 1.2130866e-07 0.000114509705 0.0026309253 1.546658e-07 2.716954e-08 5.8274736e-06 0.016568853 0.042737555 0.02932756 0.013269405 8.1627677e-10 1.0233983e-07 0.00788167 0.009551567 0.0005558446 5.0227627e-06 2.9476682e-08 7.219144e-05 1.2781638e-07 1.2863485e-05 3.052315e-05 0.0019687647 0.0009878962 3.1649768e-07 0.0032167286 1.9554172e-06 3.7949812e-07 0.00012524652 0.0024427895 2.173697e-05 2.041063e-05
0.8434616 0.00023158899 0.0002146109 4.5757136e-07 0.00018552366 0.0021644838 1.3574405e-06 9.5709554e-05 0.0017752913 0.00018780348 5.3096855e-06 0.0025796979 0.0017413051 0.012552219 0.2687957 0.21283872 0.24283487 0.11292297 0.0024081261 0.44882685 1.9962115e-05 5.832394e-06 0.0046579908 1.4396948e-08 7.1533185e-07 0.8230602 0.64817786 0.010487563 0.9868847 5.9586015e-15 0.009364129 0.06320146 7.717328e-08 0.2560022 0.8946458 0.98276705 0.00032267248 0.451448 0.32420832 4.804501e-06 6.654838e-05 0.008402506 0.47153786 0.03238142 0.005179777 0.10991881 0.0003891249 0.10317724 0.0050517884 0.15721756 0.010000295 1.2344911e-08 0.0001185254 0.011178489 4.6590648e-07 0.063399665 4.802371e-06 6.738877e-09 1.3904995e-06 0.023556752 4.687472e-07 1.7393912e-08 1.8454755e-07 0.00017669243 8.316754e-05 0.008990615 3.984872e-06 3.0597203e-09 1.4683891e-09 4.349123e-06 7.662531e-08 0.00032654643 0.021157566 5.663772e-07 7.277398e-08 6.186629e-06 0.021376736 0.13018289 0.06715436 0.026882894 6.5300743e-09 7.194133e-09 0.023702648 0.01994712 0.0026940443 1.0309298e-06 2.0281663e-08 0.0005628944 5.6760524e-07 0.00012283433 8.9489076e-05 0.0064917607 0.0012857586 3.5609553e-08 0.009836367 3.4232735e-06 1.17675754e-07 0.00059310533 0.009394874 0.00014430875 8.274019e-05
