6.6677566e-19 0.8872154 0.69347334 0.9016274 0.9718785 0.9254446 0.8978099 0.75251365 0.91672486 0.8066211 0.96503174 0.8057449 0.9332718 0.8671399 0.9505354 0.9371565 0.8743472 0.93568844 0.89900017 0.9709849 0.9781188 0.6203105 0.99260503 0.9607515 0.96184444 0.73547614 0.98773575 0.9271482 0.90664476 0.95947737 0.5084888 0.89692897 0.68030703 0.79735976 0.081655145 0.9479113 0.9600214 0.9651093 0.20124075 0.96832675 0.10322093 0.20128499 0.9859005 0.8637229 0.4733337 0.71354455 0.878072 0.67375076 0.4373424 0.019393677 0.981608 0.9731991 0.003913532 0.8016798 0.010932404 0.39911723 0.53593725 0.003137358 0.015562703 0.2497764 0.570058 0.055390075 0.89527744 0.99863875 0.9814438 0.014199987 0.39393976 0.869257 0.0004672768 0.9604294 0.97431123 0.85684264 0.016480705 0.7770407 0.9444412 0.97789294 0.95739204 0.5164773 0.028280564 0.97841084 0.13779591 0.6057908 0.0022039562 0.0010403198 0.0032618304 0.97556686 0.99678344 0.048327412 9.428226e-05 0.00596086 0.9984087 0.002340758 0.00019477474 1.1020742e-05 0.99991405 0.009385269 0.017266976 0.0072186934 0.20584466 0.00023752748 0.9996048
0.8872154 8.308083e-16 0.96620804 0.9005777 0.6143384 0.8446501 0.9310866 0.78846216 0.19135949 0.69304687 0.6855901 0.38309357 0.78533196 0.2952596 0.5213819 0.00052352046 9.764726e-05 0.12524751 0.029570304 0.037826825 0.069489315 0.005687171 0.0009109141 0.0046078213 0.0009373413 0.000423279 0.18855911 0.023000315 4.8045927e-06 0.0051508537 0.00027313526 6.599356e-08 2.4829858e-06 2.316053e-08 0.059633594 0.0042985147 0.029360699 2.9408433e-09 0.0098730195 0.042148903 0.0555758 0.005730216 0.022878306 0.0034561579 1.474473e-06 9.683858e-05 0.00016533236 0.00089979614 0.01191072 0.00090507435 0.00018215059 0.0054060877 0.0025999728 6.0178587e-05 0.0010773448 1.5276653e-07 0.05200128 0.0029326351 5.1079355e-06 5.3753846e-10 2.4754872e-05 0.022528535 3.8356273e-05 0.005819418 0.0035922062 2.7572096e-06 0.0003795468 0.0004145673 1.1334903e-07 0.0014970037 0.0005074337 1.3731409e-07 4.6272843e-09 6.60428e-08 8.398503e-08 4.0191549e-07 1.1963923e-06 0.00030304847 3.7128234e-07 2.7314994e-07 0.00824435 4.479227e-06 6.543722e-07 8.541877e-05 0.00029955755 2.3851728e-05 0.00029308247 4.625421e-06 1.4411435e-05 0.0009823111 7.249701e-05 2.7936043e-05 5.7470737e-07 2.3577727e-06 0.0016589384 5.0253257e-06 3.5960998e-06 0.001623592 1.5655493e-07 1.2418688e-08 0.00044255613
0.69347334 0.96620804 2.5311437e-18 0.7685903 0.7498225 0.70620906 0.9530394 0.96817505 0.40657413 0.053212687 0.40668967 0.020454725 0.70204365 0.07297498 0.283911 0.0033107002 0.000734231 0.069881275 0.00061245676 0.050383236 0.029294563 0.008147149 0.0008550985 0.0053755036 2.9708483e-05 0.00047240368 0.012479726 0.0023761052 0.0001040892 0.00055270287 0.0005716082 9.74189e-07 4.212564e-05 3.1773337e-07 0.18486905 0.0022673593 0.008431499 2.2771035e-08 0.13404824 0.01907734 0.08275015 0.027621925 0.004591127 0.0007028105 1.7665412e-05 3.662951e-06 0.00011623723 8.009579e-05 0.001000245 0.0024600348 2.4013985e-05 0.0011892457 0.008166846 0.00012233095 0.010745442 8.467162e-07 0.018557811 0.009072119 0.0003467647 5.4678844e-09 2.656423e-05 0.037061397 9.0331305e-06 0.0017721787 0.0016782435 2.158411e-05 8.840846e-05 3.4839522e-05 4.033102e-06 0.00046490566 3.7775266e-05 2.1311002e-06 1.4865973e-08 3.0499174e-07 3.3928018e-07 2.9791906e-06 1.2495034e-05 5.2537143e-06 9.695917e-07 1.8967976e-08 0.0027953512 1.7009223e-06 7.923904e-06 0.00020665026 0.00056102267 7.412491e-05 0.0014251532 1.3518014e-06 1.1506081e-05 0.00012477013 0.00038847377 0.00040743395 2.3810797e-07 6.94711e-06 0.0020080833 2.1103415e-06 1.2296878e-06 0.00011079763 3.065302e-07 9.627034e-09 6.371267e-05
0.9016274 0.9005777 0.7685903 6.9558446e-16 0.91555095 0.9374849 0.60151553 0.8463069 0.68277824 0.047730967 0.92660147 0.01363397 0.5162842 0.32469204 0.55117935 0.047079533 0.010944802 0.42612723 0.00052755576 0.38351923 0.20038843 0.029822178 0.0012357492 0.070428655 8.25721e-06 0.002644745 0.009721191 0.002817598 9.0166e-05 0.0003668915 0.010115094 1.6642997e-07 0.0019796044 2.991952e-08 0.09672672 0.007106812 0.011627864 1.9536854e-08 0.090963446 0.083230205 0.026389362 0.054999013 0.0012900346 0.00053378794 7.485686e-06 1.2559021e-05 0.00040612434 0.00019049174 0.0005612477 0.007173769 4.1736894e-06 0.0011427351 0.0018529178 0.00022472163 0.0035866196 9.322611e-06 0.023094885 0.00169532 0.00027475893 2.0138642e-09 6.3526736e-06 0.0071650418 2.7322458e-06 0.0026357898 0.0050286176 6.2722684e-05 0.000150094 3.3441633e-05 2.2576733e-06 0.00039399162 0.00022386495 3.5337624e-08 1.4980819e-09 1.847378e-08 1.1568736e-08 1.4110793e-07 3.2758633e-06 5.506872e-07 1.8437727e-07 2.2519433e-09 0.0027589235 2.6845712e-06 6.199782e-06 5.5448418e-05 6.2768406e-05 3.9690738e-05 0.0011184829 2.3198354e-06 2.9615103e-05 8.642021e-05 0.0004100572 0.00027927748 1.7899241e-06 2.6313742e-06 0.0033848777 1.3642214e-06 1.5354424e-06 0.00016847301 5.8082367e-08 9.5362466e-08 0.00021425568
0.9718785 0.6143384 0.7498225 0.91555095 9.265819e-14 0.8962588 0.63791454 0.9141462 0.74767953 0.003144949 0.7705178 0.0010847781 0.709477 0.116914175 0.36116847 0.10033736 0.013429248 0.32340056 0.00010859059 0.40719253 0.073006794 0.08559346 0.002715355 0.04201132 7.099956e-06 0.0051358193 0.0039937273 0.00071118725 0.00029735029 0.0003083241 0.14912441 9.148343e-07 0.018701108 2.9201044e-07 0.4533797 0.004907001 0.0021062251 2.0487583e-07 0.6612598 0.060581572 0.2548902 0.5564053 0.0011473882 0.00015095128 5.8856072e-05 2.4468675e-06 0.000433747 9.81071e-06 0.00051657 0.07020276 6.2709165e-07 0.00075875595 0.015922368 0.0001639869 0.06496408 0.00044728222 0.06375106 0.013784143 0.002508082 6.668875e-08 1.4997588e-05 0.07828575 1.9066093e-06 0.0008994375 0.0035130861 0.0005739861 4.379847e-05 5.4369724e-05 2.5587704e-05 0.00015850863 7.558617e-05 2.7521378e-07 3.9085208e-08 1.2794322e-07 1.0030835e-07 1.3825143e-06 1.6337306e-05 5.3437486e-07 9.8622395e-06 2.9575273e-09 0.004044139 1.3422087e-05 3.881655e-05 0.00019819323 0.0003690601 6.9532776e-05 0.001805343 1.2216557e-05 5.175878e-05 0.0001265182 0.00071710156 0.0044790823 2.9982977e-05 7.2061953e-06 0.0018018608 2.163092e-06 5.9580266e-06 0.00030912398 4.2955185e-07 5.4693687e-06 6.196647e-05
0.9254446 0.8446501 0.70620906 0.9374849 0.8962588 2.017338e-14 0.61209065 0.79542214 0.6886145 0.030943202 0.9421922 0.007233489 0.55260944 0.33296117 0.58518726 0.0620377 0.008311273 0.4642629 0.00026391802 0.45725173 0.17989574 0.023215687 0.0010834383 0.06610362 5.7940133e-06 0.001664288 0.010161259 0.002107505 0.0001924415 0.0003175218 0.022518175 6.903101e-07 0.0043414677 6.256228e-07 0.11513966 0.00918464 0.0115360115 1.0316846e-07 0.15012987 0.12155776 0.04446124 0.11067722 0.0012568834 0.0004736831 3.668067e-05 1.8967987e-05 0.00066458667 0.00016610579 0.00048011506 0.011374374 4.7585863e-06 0.0012187432 0.0028172473 0.00025589135 0.006576893 0.00010587144 0.035482015 0.0022293436 0.0003833066 2.1420108e-08 4.1646617e-05 0.014100062 2.3359175e-06 0.0017993443 0.006267336 0.00011001247 0.00017382605 3.917763e-05 4.2369456e-06 0.00033414428 0.00025411363 6.9992757e-07 1.5017559e-08 9.955533e-07 1.7823888e-07 1.3181128e-06 2.9353212e-05 2.7932085e-06 9.441461e-07 9.843422e-09 0.0025846031 7.5618796e-06 1.7481563e-05 3.535841e-05 6.797629e-05 0.00011923601 0.0013616402 9.442934e-06 8.539995e-05 0.000111028 0.0005543938 0.0005860348 1.1384098e-05 8.990168e-06 0.0031961093 2.5845031e-06 3.0074402e-06 0.00017839645 3.5214748e-07 5.667727e-07 0.00029360282
0.8978099 0.9310866 0.9530394 0.60151553 0.63791454 0.61209065 6.5409175e-17 0.6414854 0.0979507 0.06869012 0.3956407 0.03482058 0.9702616 0.046878643 0.41173264 0.00042603066 8.39193e-06 0.036771767 0.0027119108 0.04239137 0.018918443 0.0030491322 0.00021308585 0.0017428313 9.363558e-05 0.0002607933 0.062481523 0.004861787 1.3680608e-06 0.0023571837 0.0009497616 1.9171186e-08 2.3302071e-05 4.418385e-09 0.33283582 0.0011595717 0.0077069667 3.089692e-10 0.19963728 0.015131442 0.22733206 0.034790643 0.007024363 0.00066120166 1.0661106e-06 1.913078e-05 3.449756e-05 0.00018316128 0.009067111 0.0060067438 2.2028275e-05 0.0016834436 0.016627626 2.8291124e-05 0.021183535 3.1721552e-06 0.2689307 0.017364722 0.00044033665 9.181205e-09 1.2143599e-05 0.19241035 1.1750901e-05 0.0014849213 0.0010661295 0.00017299173 0.0007415793 0.0010792102 4.3462255e-06 0.00050775736 0.00016117607 1.5972393e-08 3.6296288e-09 2.2467317e-08 1.1087879e-08 6.2367384e-08 3.0703606e-07 6.0051316e-05 9.771795e-07 3.2813425e-09 0.061780322 2.9678155e-05 2.0031606e-05 0.00096496573 0.0012806042 1.7233684e-06 0.00035952666 4.722246e-07 1.0816561e-05 0.002504842 8.6137334e-05 0.00497888 2.745257e-07 4.3802316e-05 0.0008846004 1.7324144e-05 4.1495987e-06 0.005317074 2.341321e-08 3.3321722e-08 0.0001301378
0.75251365 0.78846216 0.96817505 0.8463069 0.9141462 0.79542214 0.6414854 2.1258674e-17 0.9013297 0.0030322107 0.3274683 0.0009559143 0.33683714 0.028050574 0.08901465 0.6905913 0.19155772 0.084832765 8.162321e-05 0.18630312 0.011484025 0.80294216 0.02372758 0.016947098 5.004288e-06 0.12741768 0.00039875982 0.0010839524 0.0049108327 4.028157e-05 0.022292813 3.539657e-05 0.0024296523 7.89686e-06 0.38916877 0.0036075795 0.0013296806 1.3520838e-06 0.5127483 0.02019509 0.041010585 0.5459685 0.0009132126 0.0002906154 0.00041311394 1.7658351e-07 0.0005846467 3.0927586e-06 0.00014538039 0.12196475 2.3830346e-06 0.00044484556 0.026484247 0.0004558805 0.03185818 0.0002868535 0.0028508394 0.01394914 0.038982935 4.868008e-07 0.00028447952 0.019468933 9.0216236e-07 0.00094355847 0.0020845265 0.0029772792 6.24576e-07 8.003269e-06 0.00030836757 4.5109085e-05 1.2202096e-05 1.2619946e-06 1.5700901e-07 4.9002074e-07 1.6345758e-06 1.0261279e-05 5.7102843e-05 3.3558595e-07 2.0760663e-05 4.9447144e-09 0.00020428108 7.025906e-07 5.494387e-05 0.00017514412 0.000119510725 0.000110341665 0.0019486143 8.801698e-06 0.0004075461 4.2058023e-06 0.00036340958 0.0047234804 4.2173456e-06 1.4754844e-06 0.0017436874 1.899445e-07 1.4304739e-07 9.2622207e-07 9.780113e-07 6.8150015e-08 9.868628e-06
0.91672486 0.19135949 0.40657413 0.68277824 0.74767953 0.6886145 0.0979507 0.9013297 3.6629868e-15 0.0019723726 0.6715675 0.00040942867 0.015278076 0.0845835 0.07848272 0.8798242 0.86951065 0.3327298 9.492251e-06 0.9158235 0.030770993 0.59076 0.65715265 0.3177454 1.1998659e-06 0.43447518 0.00016018434 0.0002968669 0.33499834 1.9047657e-05 0.19574869 0.0007587271 0.118744776 0.0009723736 0.036112785 0.095157355 0.0045880587 0.00071729306 0.16663355 0.06347156 0.004119844 0.40197685 0.00075966865 0.00023106505 0.0016015058 2.189742e-06 0.0049085664 2.1519766e-06 1.0359894e-05 0.061675593 1.266237e-06 0.0012706468 0.0023791154 0.017322129 0.0103546 0.013085341 0.00019098815 0.00068629987 0.047250465 3.8106648e-06 0.0003029696 0.0008695473 2.5776762e-07 0.0018491595 0.015555114 0.00894086 2.9056062e-07 1.1682912e-06 0.000100781515 0.00015833414 0.00013224632 7.50173e-06 6.21041e-08 2.96479e-06 7.078902e-06 1.7609837e-05 0.00096051325 9.5193826e-08 4.089586e-05 5.988794e-08 3.00813e-05 2.6648573e-07 1.226609e-05 3.7998634e-05 2.392019e-06 0.0011143063 0.0117833065 1.4568844e-05 0.00023029771 2.4410615e-06 0.0021787519 0.0013802401 5.4143834e-06 2.0296997e-07 0.007149326 2.7141521e-08 8.756712e-08 4.931922e-06 4.4970733e-07 8.604357e-07 5.9516693e-05
0.8066211 0.69304687 0.053212687 0.047730967 0.003144949 0.030943202 0.06869012 0.0030322107 0.0019723726 2.5520439e-13 0.31068578 0.99752694 0.031944245 0.65200776 0.5850294 3.0378444e-05 3.9064676e-06 0.07239145 0.52978975 0.009918508 0.18635146 0.00024855923 0.0001876379 0.0027630294 0.056504134 4.1539995e-05 0.2602746 0.8099726 6.0459156e-06 0.042146653 4.4591607e-06 2.818167e-06 3.3665594e-07 1.3235854e-07 0.00084369327 0.010127062 0.51959544 6.958949e-09 8.2358616e-05 0.09740839 0.0025806956 1.143514e-05 0.15379168 0.1572008 2.0280252e-06 0.003337107 0.0001624334 0.0050572227 0.008869975 8.932166e-06 0.0013404147 0.14465506 2.6452064e-05 0.0004612066 1.7369646e-06 5.562804e-08 0.018597828 0.00015029237 1.913995e-06 3.0740988e-09 3.1452233e-05 0.0033526307 0.00020688292 0.024961762 0.014744493 5.0647765e-07 0.0011817347 0.0010791464 3.5734658e-07 0.015442189 0.012274634 2.3848793e-07 1.19503865e-08 1.2523307e-07 1.1641044e-07 1.5179259e-06 2.8230728e-05 0.00027327958 2.6379382e-07 4.7926715e-06 0.004322584 7.130671e-05 8.9475765e-07 8.593508e-05 0.00021450818 0.00030361806 0.0021310882 2.9661417e-06 3.4488974e-05 0.0005008709 0.00080855435 7.828691e-06 1.9689642e-07 4.2410043e-06 0.010362375 4.073918e-05 8.534956e-05 0.002042658 5.8400997e-07 6.965605e-08 0.006294599
0.96503174 0.6855901 0.40668967 0.92660147 0.7705178 0.9421922 0.3956407 0.3274683 0.6715675 0.31068578 1.906717e-13 0.06230805 0.27189967 0.8675902 0.8202345 0.024850097 0.0100898985 0.8365864 0.0010240076 0.42217276 0.60579765 0.007987931 0.0027389468 0.20409106 6.528469e-05 0.002225567 0.012153111 0.009653868 0.00035064164 0.0006560599 0.002751508 3.599881e-06 0.00084443786 2.0106238e-06 0.012686358 0.01816813 0.027396517 7.4462156e-07 0.009469652 0.16654186 0.007319722 0.009395335 0.0023075421 0.0012424808 1.583946e-05 9.274984e-05 0.0013252919 0.00033498023 0.00035419193 0.0017952211 1.7466547e-05 0.0026624417 0.0006628043 0.0008922405 0.00094796723 4.7297976e-06 0.0063828775 0.000417865 0.00010148964 1.9666288e-08 6.413312e-05 0.0030900375 3.7040934e-06 0.0055493014 0.012531761 1.3127243e-05 6.9821435e-05 1.918025e-05 4.874263e-06 0.0011973677 0.00064399425 9.438923e-07 2.8536558e-08 4.2627167e-07 2.7628303e-07 2.0440325e-06 5.0767307e-05 2.9263977e-06 8.9062524e-07 2.5571188e-07 0.0016520674 1.2164996e-05 4.10841e-06 0.0002316895 0.00014924642 0.00039127836 0.0018508224 3.532208e-05 0.00011774442 5.916339e-05 0.0006105099 0.00024615967 3.693048e-05 1.1968962e-05 0.0063650208 6.8725967e-07 1.6662921e-06 0.00028454274 1.9290258e-07 1.5072686e-06 0.0007709778
0.8057449 0.38309357 0.020454725 0.01363397 0.0010847781 0.007233489 0.03482058 0.0009559143 0.00040942867 0.99752694 0.06230805 1.5648764e-16 0.013208411 0.2664141 0.26718146 2.2867337e-06 2.9067178e-07 0.014310546 0.9186694 0.0021718293 0.055314977 3.350286e-05 6.588252e-06 0.0005961622 0.19360884 5.606381e-06 0.36947852 0.7406937 6.58898e-08 0.08210655 2.082318e-07 2.1014417e-07 4.860717e-08 2.3254625e-09 0.0007065992 0.0036195864 0.32090414 4.6106316e-10 6.8373765e-06 0.044419125 0.0019253631 7.6154697e-06 0.16817266 0.15397352 5.084359e-08 0.010695182 2.8379436e-05 0.015822666 0.033477537 9.576511e-08 0.002518744 0.11648753 2.5369134e-06 4.1212366e-05 1.4576709e-07 1.35525955e-08 0.013174846 9.695914e-06 1.0920918e-07 1.9981872e-10 1.2852626e-06 0.0022817594 0.0010721345 0.03363084 0.00799651 1.7735184e-06 0.004061569 0.002112467 4.188738e-08 0.013691216 0.015383799 1.152869e-08 1.5143566e-09 9.098084e-10 7.0662e-10 8.999951e-09 1.7093937e-07 0.0005166338 1.6083818e-07 1.692371e-06 0.0047549466 0.00011638154 9.295975e-08 3.100308e-05 0.00012385655 5.370215e-06 0.00049654295 3.9572018e-07 6.3452654e-07 0.0011197401 0.00023432201 1.8713921e-07 1.0120287e-08 1.4730016e-06 0.0057466007 9.184735e-05 5.137857e-05 0.0014288345 1.0585543e-07 1.3146748e-09 0.005354296
0.9332718 0.78533196 0.70204365 0.5162842 0.709477 0.55260944 0.9702616 0.33683714 0.015278076 0.031944245 0.27189967 0.013208411 8.992052e-14 0.02382586 0.39007992 0.00054840883 5.061901e-06 0.020131871 0.0013301054 0.02371239 0.009440242 0.0014201549 0.00039830164 0.00037716157 0.00033515407 7.618263e-05 0.12948859 0.0034254752 1.2058413e-06 0.0020839125 0.0015417137 6.602161e-09 3.9467886e-05 4.86798e-09 0.9089928 0.00043040462 0.007859542 1.760461e-09 0.5801699 0.009784022 0.901024 0.052961554 0.009111783 0.00017955403 6.323772e-07 1.5797976e-05 1.8023384e-05 0.000118912605 0.038459793 0.015018615 1.4728056e-05 0.0014675319 0.072518885 1.3383908e-05 0.09676237 6.6221164e-06 0.7847383 0.089531146 0.00074242667 1.5863875e-09 6.8416034e-06 0.6643593 3.728002e-05 0.00066348136 0.00040136944 0.00021686792 0.00069492764 0.004278507 2.1453878e-05 0.00023765641 7.6847165e-05 1.5883257e-08 8.656555e-09 3.1132096e-08 2.4393811e-08 9.182506e-08 2.2767574e-07 2.6014186e-05 4.312386e-06 7.698227e-09 0.4899849 0.00042733096 1.7950421e-06 0.013436061 0.024932789 1.0735121e-05 0.00045120038 2.0805285e-06 2.972733e-05 0.005920197 8.879936e-05 0.026558401 3.8123621e-06 0.00031981445 0.00022721363 0.00015898855 0.00010120027 0.030299343 2.4431984e-07 9.1402234e-07 9.380298e-05
0.8671399 0.2952596 0.07297498 0.32469204 0.116914175 0.33296117 0.046878643 0.028050574 0.0845835 0.65200776 0.8675902 0.2664141 0.02382586 1.0628349e-15 0.97791755 0.0014499929 0.0005633082 0.8674015 0.012479798 0.118952654 0.9152687 0.001201755 0.0005419925 0.12352176 0.00054984813 0.0002185853 0.0056194286 0.225377 9.8989934e-05 0.0009638156 0.00010174598 4.72624e-06 8.637296e-06 2.9040604e-07 0.00067933643 0.05387689 0.1706473 3.8838188e-08 0.00024091668 0.27134067 0.00052966044 1.2324121e-05 0.019515065 0.028129948 1.987173e-06 0.0002455086 0.0012451848 0.001459066 0.00019818454 3.4078569e-06 0.00019657139 0.01759613 1.2404137e-05 0.001925017 3.0648998e-06 3.097998e-08 0.00065863895 9.253938e-05 6.4687e-07 1.3008091e-09 1.9280198e-05 0.00046116568 1.9996889e-05 0.031038491 0.028619723 3.8573768e-07 3.1348558e-05 3.2430708e-05 1.9512619e-07 0.0025595236 0.0029662037 2.4187906e-07 2.8303835e-09 9.1582635e-08 7.906053e-08 1.7171212e-06 4.424875e-05 1.6635483e-06 5.2397837e-08 3.5574914e-07 0.000409013 2.3433029e-06 5.8870125e-08 5.16338e-05 2.5447267e-05 0.00024103685 0.0032001522 3.4536598e-07 4.416197e-06 2.4928835e-05 0.0013469257 2.1730319e-05 7.8462485e-08 2.1515702e-06 0.013865946 7.447054e-07 6.2473146e-07 4.8690854e-05 1.0158429e-07 3.6287635e-09 0.0018165653
0.9505354 0.5213819 0.283911 0.55117935 0.36116847 0.58518726 0.41173264 0.08901465 0.07848272 0.5850294 0.8202345 0.26718146 0.39007992 0.97791755 8.778137e-15 0.0031411645 0.00011627303 0.61068135 0.008246425 0.097529 0.88510877 0.0018638893 0.00034720628 0.04206165 0.0005130555 0.00021969774 0.06003739 0.10161098 2.584699e-05 0.0050886353 0.0013825711 1.232984e-06 0.00015487474 4.7641828e-07 0.0053734914 0.013649894 0.16286176 1.2070176e-07 0.00057519355 0.24163516 0.007325532 0.00025510672 0.010552686 0.0108553115 4.198605e-06 0.00040166642 0.00042655063 0.0012207085 0.0010178873 0.0002887575 0.0001028013 0.012508663 7.388664e-05 0.00033882464 2.204736e-05 5.237886e-06 0.0146946525 0.0001975168 4.8675506e-06 6.511521e-08 7.5565775e-05 0.0031092355 2.4855242e-05 0.022075998 0.0146095 8.443476e-06 0.00017681211 0.00047384034 2.2507488e-06 0.003033315 0.0016079189 5.059712e-07 3.1349884e-08 7.1425205e-07 1.304918e-07 1.6603515e-06 6.304238e-05 2.2063175e-05 1.3881026e-06 6.275457e-07 0.013312165 1.5747373e-05 2.868425e-06 0.00020415605 0.00029733128 0.00016445424 0.00089310546 2.7318417e-06 7.267803e-05 0.00010790573 0.0004948532 0.00064757303 2.0618125e-05 4.2689127e-05 0.0057273773 1.865566e-06 1.7154796e-06 0.0018713262 3.304843e-07 2.9855648e-06 0.0031026287
0.9371565 0.00052352046 0.0033107002 0.047079533 0.10033736 0.0620377 0.00042603066 0.6905913 0.8798242 3.0378444e-05 0.024850097 2.2867337e-06 0.00054840883 0.0014499929 0.0031411645 6.3962225e-18 0.7019247 0.008122188 4.311691e-06 0.22615671 0.00032026373 0.9715939 0.7833317 0.01549815 2.566876e-08 0.8471343 3.0774605e-05 3.1307987e-05 0.1183419 8.168839e-07 0.8159513 6.662534e-05 0.74336666 5.0869516e-05 0.008970864 0.07781864 0.0018976755 0.00090534147 0.26276287 0.055472724 0.0004555031 0.5727903 0.00023404062 0.00021443455 0.0051157405 9.2331165e-09 0.0012067301 7.310384e-08 6.397036e-06 0.22330397 1.9227214e-08 0.00039112283 0.0017107768 0.0047985627 0.016622983 0.20259257 0.00030910634 0.00039377337 0.28125244 7.0242924e-05 0.00019680755 0.0007412519 1.41309044e-08 0.0007867664 0.01040374 0.07785474 1.8571899e-07 1.0682937e-06 0.0030920275 5.6710363e-05 6.4078126e-06 2.8499028e-06 4.2294266e-07 2.1301307e-06 2.0326975e-06 9.044043e-06 0.0013962827 6.5302075e-10 0.0021017164 5.715214e-11 3.429312e-06 4.0182098e-08 0.0010343273 2.9252804e-05 6.490816e-07 0.0007359413 0.011313834 8.022418e-06 0.001929288 3.1582845e-06 0.0050936653 0.0020817365 0.00024107847 6.6751716e-07 0.002596484 1.1236352e-08 3.768606e-09 1.4087082e-06 1.788975e-06 1.4221209e-05 5.461993e-06
0.8743472 9.764726e-05 0.000734231 0.010944802 0.013429248 0.008311273 8.39193e-06 0.19155772 0.86951065 3.9064676e-06 0.0100898985 2.9067178e-07 5.061901e-06 0.0005633082 0.00011627303 0.7019247 1.1990858e-17 0.006384926 2.6934376e-07 0.16881444 4.584891e-05 0.66523665 0.92678535 0.0346312 5.216129e-09 0.95543265 7.7529324e-07 1.6307822e-05 0.9058185 3.085255e-08 0.63559395 0.02497438 0.6617388 0.17183936 0.0017481705 0.22329295 0.0020302595 0.09601588 0.01657874 0.050197355 3.0121319e-05 0.26037425 0.00011043051 0.00029532905 0.16942227 1.7871216e-08 0.031177344 2.1417426e-07 3.1304313e-07 0.049369436 1.8849421e-07 0.0005898711 0.00023613597 0.08777016 0.00075078534 0.32814443 1.1966154e-05 4.3858745e-05 0.14474994 0.012645266 0.0049061864 0.00017276288 1.9672168e-09 0.0032526606 0.020129044 0.110908665 3.0937528e-08 4.0444217e-08 0.0037355027 0.00013674062 0.0001233891 0.00018424026 2.0725824e-05 9.0485155e-05 5.036844e-05 0.00014587412 0.011580445 8.147932e-09 0.02090746 3.6285056e-10 1.0612228e-07 1.7988892e-08 0.0053994176 6.1794763e-06 1.3250681e-07 0.0070405733 0.022536281 3.5274414e-05 0.0015098049 4.259417e-07 0.012271737 9.084304e-05 0.0007554988 9.069448e-07 0.010992391 2.3697785e-08 1.857423e-08 7.789611e-07 1.01365495e-05 0.0001224361 1.2781383e-05
0.93568844 0.12524751 0.069881275 0.42612723 0.32340056 0.4642629 0.036771767 0.084832765 0.3327298 0.07239145 0.8365864 0.014310546 0.020131871 0.8674015 0.61068135 0.008122188 0.006384926 1.12192716e-14 0.0015042768 0.7630003 0.94864756 0.0042289975 0.0051443367 0.87696344 0.00014861554 0.0013630434 0.0014257384 0.009830224 0.0025991225 0.0004790028 0.00073665363 8.586553e-05 0.00034193732 6.148154e-05 0.00068410323 0.23987691 0.07541598 1.2633831e-06 0.00089931866 0.70886844 0.00055644766 0.00073318323 0.0033263422 0.005769579 2.6910577e-05 0.00015668556 0.0059659956 0.00040465387 2.1626862e-05 0.0003946 3.6850233e-05 0.0033900822 4.778329e-05 0.010333613 6.130145e-05 1.3436932e-05 0.000173096 0.00033526882 0.00012797111 6.571861e-08 0.00068367476 0.0014323749 5.466167e-06 0.019671792 0.08724407 3.5130925e-05 2.003174e-05 3.9557533e-05 2.5797935e-05 0.0015741789 0.00079719716 2.104161e-05 1.8837075e-07 2.9459472e-05 1.2848391e-05 6.419596e-05 0.0007029044 1.6241338e-06 3.5962366e-06 1.7496723e-07 0.00062469125 1.2616787e-05 2.797986e-06 0.00035121647 7.1522336e-05 0.0020607766 0.008290741 1.938882e-05 0.0011672634 3.143445e-05 0.004692664 0.0034349747 4.4559532e-05 2.6689215e-05 0.029266551 2.9621444e-06 1.9156164e-06 0.00010371722 1.809616e-06 1.4058588e-06 0.0014985986
0.89900017 0.029570304 0.00061245676 0.00052755576 0.00010859059 0.00026391802 0.0027119108 8.162321e-05 9.492251e-06 0.52978975 0.0010240076 0.9186694 0.0013301054 0.012479798 0.008246425 4.311691e-06 2.6934376e-07 0.0015042768 2.889202e-14 0.00028654863 0.0072723688 2.5777057e-05 5.649436e-06 0.00030563044 0.98307323 5.651413e-06 0.67993903 0.89315593 3.416296e-07 0.6008007 5.6846843e-06 6.803948e-08 8.838177e-08 7.745992e-09 0.00010666446 0.0023444283 0.32501045 4.9759336e-10 1.6653412e-07 0.029098516 0.0003841424 2.5826984e-07 0.13529947 0.3718248 3.717057e-07 0.14096946 3.4056655e-05 0.3333993 0.11547729 4.0291383e-08 0.014633106 0.21789359 5.870387e-07 0.0004046332 1.9372731e-08 2.7330755e-09 0.04350464 6.017921e-07 2.1683686e-08 9.883409e-11 1.064002e-06 0.00011692711 0.09460309 0.045152612 0.010121709 3.7059039e-07 0.037630606 0.047168005 2.0238268e-08 0.08823372 0.05513059 6.850596e-07 4.3839649e-10 1.9696206e-08 5.6322933e-09 3.9215884e-08 6.390438e-06 0.01710932 1.285816e-07 0.00016371906 0.009513272 0.038493633 2.4727075e-07 6.380594e-07 1.1613444e-05 3.235607e-05 0.0023304906 2.451846e-07 7.9904135e-07 0.0019463996 0.0008866401 4.932933e-08 1.5062965e-07 2.4830342e-07 0.010599899 0.001750987 0.0042979345 0.005783721 1.6011079e-07 3.2804288e-09 0.02959856
0.9709849 0.037826825 0.050383236 0.38351923 0.40719253 0.45725173 0.04239137 0.18630312 0.9158235 0.009918508 0.42217276 0.0021718293 0.02371239 0.118952654 0.097529 0.22615671 0.16881444 0.7630003 0.00028654863 4.8542818e-14 0.11719704 0.030285772 0.34533876 0.97526485 6.0777023e-05 0.01761328 0.0006925099 0.0016696765 0.09326797 0.0002038362 0.010592043 0.0021499123 0.0077584656 0.0012240174 0.0015265397 0.40698704 0.008769651 0.0020116244 0.007165605 0.5524052 0.00024435399 0.012353545 0.0011425068 0.0007831413 0.00082700315 9.9159726e-05 0.013409372 5.3861433e-05 1.5974567e-05 0.0024864872 5.6142085e-06 0.0028383387 5.680991e-05 0.04283521 0.00019137797 0.00022036629 8.353058e-05 0.00015595062 0.0009772953 9.105263e-06 0.0012386045 0.00023294394 2.5650363e-06 0.007225733 0.10890826 0.0002292061 6.2310382e-06 2.7883048e-05 4.074847e-05 0.001761035 0.0014227041 2.3670289e-05 7.686402e-07 2.6084168e-05 1.0352881e-05 7.131447e-05 0.0036715984 4.1429692e-07 6.829003e-06 7.884236e-07 0.00012624919 2.2207101e-05 0.00011100428 0.000110619825 2.7315438e-05 0.0055666473 0.06879246 2.877921e-05 0.00013428854 4.014217e-05 0.016673606 0.0009282113 1.7459335e-05 2.5309455e-05 0.061068658 3.386382e-07 4.5016645e-07 2.725712e-05 1.039749e-06 2.3948908e-06 0.0008557662
0.9781188 0.069489315 0.029294563 0.20038843 0.073006794 0.17989574 0.018918443 0.011484025 0.030770993 0.18635146 0.60579765 0.055314977 0.009440242 0.9152687 0.88510877 0.00032026373 4.584891e-05 0.94864756 0.0072723688 0.11719704 4.7967138e-17 0.00046332664 0.0012251548 0.27897024 0.00038032475 9.746936e-05 0.0018878162 0.119729444 8.063836e-05 0.00021983295 2.8230834e-05 3.6694294e-06 3.6511346e-06 2.4631204e-06 7.0184935e-05 0.11046956 0.546804 1.3134782e-07 3.8426315e-05 0.70338774 4.8586066e-05 2.1627575e-06 0.029588155 0.038080525 1.4400409e-06 0.00042770238 0.0025409595 0.0011376491 1.389351e-05 1.0532375e-05 0.00016650753 0.072476625 1.6473679e-06 0.004829642 4.8129436e-06 2.7549632e-07 0.00012520459 5.5133514e-05 1.7306745e-06 5.9614385e-09 0.00023035766 0.00023014621 6.706933e-06 0.17275143 0.17986785 1.1871397e-06 3.810456e-05 1.0113462e-05 1.2412579e-06 0.0065336293 0.01067274 1.1212446e-05 2.997916e-08 1.4638382e-05 3.5340024e-06 7.5834864e-06 0.0004489247 8.426712e-06 9.609313e-07 5.0630086e-07 0.0005088243 1.6646005e-06 3.0602632e-07 3.153152e-05 4.822567e-05 0.0022473696 0.008365521 1.5201939e-05 3.744564e-05 1.1713297e-05 0.0035698442 1.8740157e-05 1.5193408e-06 4.6265723e-06 0.039650224 6.4656285e-07 4.264347e-07 0.00014199897 5.2363947e-07 3.281834e-07 0.014102676
0.6203105 0.005687171 0.008147149 0.029822178 0.08559346 0.023215687 0.0030491322 0.80294216 0.59076 0.00024855923 0.007987931 3.350286e-05 0.0014201549 0.001201755 0.0018638893 0.9715939 0.66523665 0.0042289975 2.5777057e-05 0.030285772 0.00046332664 5.2797227e-19 0.25472978 0.0042071003 1.3837647e-06 0.98370093 0.00014935067 0.00014168974 0.094533056 1.2635487e-05 0.7172623 0.0004016946 0.4967367 0.00047346676 0.02988674 0.01058722 0.000483994 0.00056735874 0.34169465 0.008148556 0.0020577286 0.6871629 0.00020959547 9.1764006e-05 0.03014887 5.2914064e-08 0.0007891522 5.498371e-07 0.00017674452 0.19863822 3.4097596e-07 0.00030419888 0.0021294202 0.001101966 0.0064248857 0.11120518 0.0005765349 0.0006296133 0.35418454 0.0016995005 0.00051741506 0.00091496523 1.4151041e-06 0.0008490256 0.0016094053 0.21045534 5.899037e-07 2.8690051e-06 0.01942853 3.4480065e-05 1.2479863e-05 1.9537145e-05 9.217299e-07 5.863343e-07 8.732928e-06 1.6656335e-05 0.000289763 3.313495e-08 0.0031475998 1.4019066e-08 1.4122776e-05 7.213239e-07 0.004612431 2.9340647e-05 2.540751e-06 0.00039738326 0.0029318451 6.994713e-05 0.006052687 8.6522056e-07 0.0015017783 0.00041966737 0.0007615089 9.646619e-07 0.0011213762 1.9595025e-07 8.824331e-08 4.036378e-07 2.4628384e-06 1.1557418e-05 1.4233725e-06
0.99260503 0.0009109141 0.0008550985 0.0012357492 0.002715355 0.0010834383 0.00021308585 0.02372758 0.65715265 0.0001876379 0.0027389468 6.588252e-06 0.00039830164 0.0005419925 0.00034720628 0.7833317 0.92678535 0.0051443367 5.649436e-06 0.34533876 0.0012251548 0.25472978 8.2413934e-14 0.13143674 6.547823e-07 0.6154631 3.782505e-05 0.00011794267 0.93952876 4.477429e-06 0.4818039 0.022447947 0.5669187 0.032045547 0.0007691947 0.83555794 0.0017819108 0.1472417 0.004705177 0.17787983 6.3150335e-05 0.032755386 0.00017702724 0.00026201206 0.022636183 1.3262585e-06 0.03706943 1.989459e-05 1.4912634e-06 0.0038793774 9.5163685e-08 0.00077052985 0.00014078755 0.33900115 0.00035091917 0.12846778 0.00035509837 8.039256e-05 0.008374575 0.0012141938 0.0014874066 0.00075401034 2.5190835e-07 0.0047637746 0.2493108 0.013351508 1.1257463e-06 2.8609713e-05 0.00032639917 0.00023819324 0.00016228907 5.463695e-05 4.764399e-06 1.9247296e-05 5.590612e-05 7.725418e-05 0.03572394 2.58444e-07 0.0060164044 4.556901e-09 0.0001683964 1.8990195e-05 0.0004954241 1.9686171e-05 7.0962933e-06 0.024740892 0.22480117 7.656567e-05 0.00029900498 3.1506431e-06 0.07097856 0.00081447023 0.00020913704 2.1784692e-06 0.1652456 2.6325824e-07 7.852405e-07 5.433448e-05 2.835452e-05 2.9841656e-05 1.8800878e-05
0.9607515 0.0046078213 0.0053755036 0.070428655 0.04201132 0.06610362 0.0017428313 0.016947098 0.3177454 0.0027630294 0.20409106 0.0005961622 0.00037716157 0.12352176 0.04206165 0.01549815 0.0346312 0.87696344 0.00030563044 0.97526485 0.27897024 0.0042071003 0.13143674 2.7326918e-15 2.6300331e-05 0.0026830782 9.977974e-05 0.0028551028 0.15337478 2.3024731e-05 0.00054411637 0.008918828 0.00019123437 0.011200942 5.4238906e-05 0.843143 0.0676947 0.00010042881 5.3302916e-05 0.8727579 8.371562e-06 0.00017949342 0.002351668 0.004302653 0.00024269831 0.00016133217 0.22872561 0.00018762144 3.392338e-06 0.00034485356 1.3245071e-05 0.00981761 1.2832197e-06 0.43559295 2.0248124e-05 1.0871383e-05 1.9518625e-06 2.4019939e-05 4.3414715e-05 1.6590647e-06 0.01698875 0.00019585321 1.6921999e-06 0.044425804 0.44798115 1.3068572e-05 5.1702238e-05 2.1109749e-05 1.4325997e-05 0.0026222519 0.002962577 0.00020507709 2.4799497e-06 0.00071 0.00020327499 0.00044531818 0.032629646 7.383753e-07 4.5471723e-05 8.9506574e-07 0.00012176945 2.971708e-06 1.22325755e-05 2.6700749e-05 9.779847e-06 0.017660234 0.12218525 1.6116725e-05 0.00047824925 1.5577974e-05 0.038831703 0.00032508944 6.754784e-05 1.3425544e-05 0.29369304 6.9652896e-07 6.451819e-07 3.7996062e-05 6.4520927e-06 8.213459e-07 0.0014098136
0.96184444 0.0009373413 2.9708483e-05 8.25721e-06 7.099956e-06 5.7940133e-06 9.363558e-05 5.004288e-06 1.1998659e-06 0.056504134 6.528469e-05 0.19360884 0.00033515407 0.00054984813 0.0005130555 2.566876e-08 5.216129e-09 0.00014861554 0.98307323 6.0777023e-05 0.00038032475 1.3837647e-06 6.547823e-07 2.6300331e-05 6.9017176e-15 6.38474e-07 0.6556463 0.8588968 1.3344722e-08 0.8684601 5.2156437e-08 1.2079153e-08 3.808385e-09 8.6994034e-10 7.809467e-06 0.0023105636 0.38368246 1.8736213e-10 8.868472e-08 0.022562543 7.520781e-05 4.053869e-07 0.2259878 0.5095382 3.0091827e-09 0.5508892 1.50413025e-05 0.72967005 0.21140267 2.6101397e-08 0.08323391 0.43088865 1.7433205e-06 3.8553393e-05 7.387913e-08 6.1199773e-10 0.034552004 1.2202205e-06 9.445586e-09 1.42408975e-11 8.320086e-07 3.889058e-05 0.46440133 0.055585563 0.0063247164 8.637823e-08 0.1584632 0.19026002 1.42744785e-08 0.2964268 0.20629542 1.3249436e-08 6.329041e-10 3.1447789e-09 1.091185e-09 4.0207833e-09 2.4609321e-06 0.13061859 6.1560272e-09 0.00060268986 0.0044669225 0.10884381 4.3607603e-08 7.665247e-07 6.8380673e-06 2.0153264e-05 0.0007537166 1.3758202e-07 2.2547274e-06 0.0026998094 0.00028583896 4.6605205e-08 4.8698674e-08 9.88512e-08 0.0030595006 0.0024309386 0.0053359554 0.009991645 1.6431996e-07 4.224432e-09 0.09197786
0.73547614 0.000423279 0.00047240368 0.002644745 0.0051358193 0.001664288 0.0002607933 0.12741768 0.43447518 4.1539995e-05 0.002225567 5.606381e-06 7.618263e-05 0.0002185853 0.00021969774 0.8471343 0.95543265 0.0013630434 5.651413e-06 0.01761328 9.746936e-05 0.98370093 0.6154631 0.0026830782 6.38474e-07 6.2940767e-19 1.6393333e-05 7.155399e-05 0.7916722 3.0757633e-06 0.4776351 0.015074211 0.65773106 0.11431088 0.0013286475 0.033228554 0.00063013175 0.043231722 0.0034624774 0.009890601 0.00021048504 0.114205875 7.6233795e-05 0.0001645096 0.54029053 9.260383e-09 0.00864386 1.7425799e-07 3.1200757e-06 0.015413014 7.159563e-07 0.00028411867 6.941239e-05 0.008794697 7.0352406e-05 0.24971387 6.953473e-06 3.2318974e-05 0.11785186 0.07549834 0.007962395 0.000111840345 2.3954445e-07 0.0010451054 0.0032412917 0.14071803 9.020785e-08 1.8943158e-06 0.010313651 7.110672e-05 9.854371e-06 0.0012813982 0.00013623598 0.00031438452 0.00061123347 0.00056490867 0.0027026571 1.4931496e-09 0.020604065 2.9889748e-08 9.111008e-07 7.859717e-07 0.021785142 2.9643345e-06 2.3944706e-06 0.003098065 0.011200568 0.00032070448 0.00089512643 1.2138919e-07 0.0074002617 3.074297e-06 0.0019930035 4.7474515e-07 0.0032687094 4.8178617e-08 2.0061439e-08 1.7505852e-07 9.561577e-05 3.812488e-05 1.810878e-06
0.98773575 0.18855911 0.012479726 0.009721191 0.0039937273 0.010161259 0.062481523 0.00039875982 0.00016018434 0.2602746 0.012153111 0.36947852 0.12948859 0.0056194286 0.06003739 3.0774605e-05 7.7529324e-07 0.0014257384 0.67993903 0.0006925099 0.0018878162 0.00014935067 3.782505e-05 9.977974e-05 0.6556463 1.6393333e-05 2.1197478e-15 0.06866765 4.784216e-07 0.9513088 3.95186e-06 7.551062e-08 6.6386455e-08 4.489319e-08 0.0026767256 0.0014314948 0.1817819 4.1549977e-09 0.00028907022 0.017662423 0.06978918 8.814785e-06 0.29330423 0.016846636 1.762519e-07 0.0019810293 4.0369523e-05 0.0027795476 0.93565375 5.3280914e-05 0.0025261072 0.058342837 0.00023109787 0.00014912365 1.7348282e-05 1.123331e-08 0.86531687 0.00068809785 3.691409e-06 1.7737543e-09 9.348617e-06 0.057185467 0.0134734195 0.004380512 0.0023054625 1.4246021e-07 0.0874699 0.6112511 2.0968473e-07 0.0255898 0.008137136 2.5744922e-07 1.4507235e-08 5.5050447e-07 8.018081e-08 2.0576617e-07 1.5017617e-06 0.008460303 2.492919e-07 3.489176e-05 0.5522252 0.2561974 6.098252e-08 9.734609e-05 0.007852145 2.1982276e-05 0.00061430904 5.8762093e-06 1.807199e-05 0.10805403 0.00026659187 3.676711e-05 1.0156822e-05 1.6678161e-05 0.0015621125 0.04952767 0.08780319 0.3111854 3.389067e-07 3.5696274e-07 0.0006700687
0.9271482 0.023000315 0.0023761052 0.002817598 0.00071118725 0.002107505 0.004861787 0.0010839524 0.0002968669 0.8099726 0.009653868 0.7406937 0.0034254752 0.225377 0.10161098 3.1307987e-05 1.6307822e-05 0.009830224 0.89315593 0.0016696765 0.119729444 0.00014168974 0.00011794267 0.0028551028 0.8588968 7.155399e-05 0.06866765 4.7070854e-14 4.322744e-05 0.058300517 1.6126477e-06 1.2352937e-05 3.0772155e-06 7.55863e-07 2.1009528e-05 0.0074866936 0.9193919 1.1669946e-05 1.7839084e-06 0.0482297 3.848947e-05 6.28344e-07 0.84992874 0.9216357 4.0256953e-05 0.16725922 0.0004634771 0.1183551 0.004793225 8.599262e-07 0.012799705 0.57022893 4.0726633e-07 0.0004845038 5.9640894e-07 7.6002874e-07 0.0019108499 6.531539e-05 5.087022e-06 1.7325704e-08 6.569922e-05 0.0006640701 0.0065663736 0.11824096 0.018069562 3.4272425e-06 0.0023860524 0.0008514026 1.1066714e-07 0.121073075 0.13904208 1.5899075e-05 1.6402332e-08 2.2315535e-06 1.5849593e-06 3.1070463e-06 2.9747296e-05 0.010924452 1.6213831e-05 0.00083801465 0.0022010126 0.0003256141 8.208443e-08 4.0513845e-05 7.467344e-05 1.2566544e-05 0.00090714 6.010835e-06 1.9821526e-05 0.00054138235 0.0001533116 1.8050805e-05 3.7181294e-06 5.463835e-07 0.00899166 4.213448e-05 6.57636e-05 0.00042799208 2.0710145e-06 1.0325449e-07 0.07952903
0.90664476 4.8045927e-06 0.0001040892 9.0166e-05 0.00029735029 0.0001924415 1.3680608e-06 0.0049108327 0.33499834 6.0459156e-06 0.00035064164 6.58898e-08 1.2058413e-06 9.8989934e-05 2.584699e-05 0.1183419 0.9058185 0.0025991225 3.416296e-07 0.09326797 8.063836e-05 0.094533056 0.93952876 0.15337478 1.3344722e-08 0.7916722 4.784216e-07 4.322744e-05 1.5841918e-17 2.0790488e-08 0.030407865 0.6628827 0.10563439 0.81455797 2.2180644e-05 0.4713052 0.0020569193 0.78088635 0.00027213656 0.056101896 2.3366226e-07 0.0007287208 7.416479e-05 0.00025126117 0.53613245 1.9320884e-08 0.4685589 1.5634991e-07 2.0582347e-09 0.00020902498 6.2808283e-07 0.0010793558 1.2809215e-07 0.40778098 5.6449926e-06 0.108735755 5.1046607e-07 2.2821737e-06 0.0011970121 0.13947625 0.17933096 3.5178666e-05 4.3233332e-09 0.008075623 0.046419438 0.015310457 1.0055175e-08 6.313254e-08 0.00026212883 0.00027371699 0.00041518532 0.0043108077 0.0010888182 0.00047412032 0.0010120801 0.0019425162 0.16920267 8.0723254e-08 0.0039187158 3.3663234e-08 2.0187188e-06 3.2654125e-07 0.011215152 4.521176e-07 1.956177e-07 0.091694675 0.18243504 0.0021627443 0.00028687948 3.6888217e-08 0.10829949 0.00022745732 0.00024174682 6.291985e-07 0.035048284 7.265924e-09 3.6949042e-09 4.310462e-06 0.00027475762 0.0001541549 3.1709405e-05
0.95947737 0.0051508537 0.00055270287 0.0003668915 0.0003083241 0.0003175218 0.0023571837 4.028157e-05 1.9047657e-05 0.042146653 0.0006560599 0.08210655 0.0020839125 0.0009638156 0.0050886353 8.168839e-07 3.085255e-08 0.0004790028 0.6008007 0.0002038362 0.00021983295 1.2635487e-05 4.477429e-06 2.3024731e-05 0.8684601 3.0757633e-06 0.9513088 0.058300517 2.0790488e-08 2.2301295e-14 1.7118326e-07 4.292635e-09 2.2808853e-08 3.5593575e-09 0.0001297367 0.00030409647 0.08638588 1.2169775e-09 1.0446057e-05 0.004687091 0.0031303735 4.973616e-07 0.15449841 0.03141248 3.91658e-08 0.017614525 2.0821197e-05 0.035721436 0.96901125 2.0626924e-06 0.013397152 0.04398547 2.0946449e-05 1.3484237e-05 2.6458913e-06 3.9571166e-10 0.28616562 2.897601e-05 1.2159984e-07 9.490922e-11 2.657798e-06 0.006652281 0.45468754 0.005174015 0.00046863646 2.409564e-08 0.65278804 0.8492349 7.014615e-08 0.058582567 0.020574417 3.0718148e-08 9.397282e-09 1.3718609e-07 1.9028127e-08 2.1448157e-08 6.394142e-07 0.28661433 1.46535974e-08 0.00020211747 0.16399232 0.6556329 2.5241707e-08 5.1418892e-06 0.0018620425 9.16837e-07 8.267173e-05 9.746723e-07 3.907017e-07 0.09635879 5.0010793e-05 7.051869e-06 5.186056e-07 5.4979273e-06 0.00036329505 0.09911121 0.21000934 0.13100293 7.987248e-08 5.5870693e-08 0.0062531712
0.5084888 0.00027313526 0.0005716082 0.010115094 0.14912441 0.022518175 0.0009497616 0.022292813 0.19574869 4.4591607e-06 0.002751508 2.082318e-07 0.0015417137 0.00010174598 0.0013825711 0.8159513 0.63559395 0.00073665363 5.6846843e-06 0.010592043 2.8230834e-05 0.7172623 0.4818039 0.00054411637 5.2156437e-08 0.4776351 3.95186e-06 1.6126477e-06 0.030407865 1.7118326e-07 4.031651e-16 0.0010375555 0.99577725 0.00056398084 0.0032878225 0.0029128408 0.00015949275 0.008613088 0.11517294 0.0005996936 9.010785e-06 0.6807274 0.00019725288 1.7925555e-05 0.029921137 8.71359e-09 0.00011097581 7.1703695e-08 1.3362372e-06 0.30943164 8.0283456e-07 0.00017497866 0.00089261675 0.00031046738 0.002931019 0.7810266 8.926665e-06 6.53688e-05 0.8356846 0.0030813243 0.00011903185 3.8133894e-05 8.162258e-09 0.00012696433 0.0002006366 0.8020519 7.622764e-08 1.759611e-06 0.2591398 3.483728e-06 1.1739935e-05 2.9298508e-05 1.6266304e-05 2.0216721e-06 4.1249485e-05 2.1318594e-05 0.00019871522 1.274054e-07 0.38366383 4.3667278e-08 5.187931e-07 6.6006004e-07 0.029472372 1.3945886e-06 4.1341224e-08 0.00016872915 0.0017922225 0.000108201275 0.07715924 7.507348e-08 0.0010652961 0.0008013851 0.068655096 1.4493152e-07 0.00039505807 6.5083388e-09 1.5976477e-08 2.1583266e-07 1.7709724e-05 0.00092520297 1.1429399e-06
