4.764885e-19 0.9851904 0.9340909 0.9486392 0.9807938 0.9762515 0.92234814 0.7160236 0.8233501 0.72904575 0.9022659 0.8482695 0.73554265 0.9013842 0.68088824 0.9914069 0.25981906 0.39013004 0.83250797 0.9514354 0.9667603 0.9523308 0.9842183 0.043296024 0.9064299 0.2638532 0.51531667 0.96530825 0.7697088 0.8171049 0.65374374 0.8922939 0.9887993 0.56660116 0.9738015 0.8817311 0.9094238 0.9625958 0.93626696 0.08582692 0.064781725 0.5516081 0.9714236 0.5623119 0.7350382 0.88568306 0.96389663 0.6209456 0.6317941 0.8832574 0.8698646 0.9217667 0.9505704 0.82651865 0.8209946 0.9009494 0.94450396 0.71377766 0.979722 0.40102217 0.04268688 0.09816035 0.13339454 0.91209763 0.9965346 0.6667656 0.94521326 0.47228152 0.86587614 0.5493561 0.9956848 0.9881671 0.007496975 0.011384034 0.24742931 0.014716951 0.00433981 0.9978825 0.9938208 0.010106906 0.0015168645 0.4010403 0.24090646 0.94727784 0.84372586 0.072066166 0.009901426 0.67497295 0.0045151873 0.0005339201 0.016910555 0.084380716 0.997024 0.5005994 0.99897647 0.96941465 0.0015409794 0.9829379 0.004400579 0.008306166 0.0008555223
0.9851904 6.615317e-14 0.75223976 0.9315193 0.923154 0.08521516 0.19177975 0.7988046 0.7785115 0.7007876 0.6580711 0.19593874 0.71448696 0.24013329 0.031475198 0.0016116616 0.5571735 0.6052347 0.002529111 0.37473673 0.40541214 0.030544674 0.19876207 0.14323208 0.006480766 0.15757574 0.5764465 0.029533237 0.0040262197 0.00012142735 0.007941339 0.00022375418 0.023051662 0.68813497 0.029766103 5.6064047e-05 4.9406043e-07 0.00020297687 0.0005414212 0.000490511 0.0030042338 8.317984e-05 9.7979855e-06 1.080601e-06 0.44864252 4.3112514e-06 0.00070049055 0.00017931036 0.02389182 8.8669836e-08 0.0023747925 1.9062556e-07 4.2655876e-05 3.5931636e-05 0.0008737744 1.1277362e-08 0.00019011243 8.290352e-09 0.0031696241 5.5491096e-09 2.753553e-05 0.002398683 0.0012967897 2.5286201e-05 0.0064663994 5.986898e-08 1.8576976e-06 5.155637e-08 0.0020720153 2.0315358e-05 0.00012222273 5.681636e-05 2.1151573e-06 0.049141772 1.691352e-05 0.00069706957 0.0010957182 0.079621375 0.00657173 0.0060541728 0.0027484517 4.149258e-08 3.9054787e-05 0.0007194199 1.0551235e-07 5.058945e-07 4.472999e-06 1.0457214e-06 3.384892e-08 3.0759908e-05 8.8314504e-05 2.18263e-08 1.1959023e-05 9.449486e-11 0.00036425723 3.901698e-06 1.8926445e-05 2.4501621e-06 1.3799108e-07 0.0034569968 0.0005910689
0.9340909 0.75223976 6.926775e-15 0.96422523 0.8803649 0.7032299 0.93920916 0.32563815 0.5815444 0.5210097 0.5141134 0.022668177 0.103829004 0.5034589 0.0031814987 0.054054946 0.107968464 0.09687901 0.000153292 0.058407735 0.67538047 0.25990185 0.0052342582 0.028788658 0.0012647097 0.0646272 0.0660229 0.0018404928 0.014956988 0.0049126986 0.013051746 0.0073571564 0.0087215025 0.05622805 0.044616625 0.0017728845 7.1536255e-05 0.00011159433 0.00032827404 0.0014138732 0.0028290898 1.6855745e-05 3.8965036e-06 6.6698325e-05 0.008716325 0.00036175794 0.0035529435 1.6856035e-05 0.000446325 1.4070963e-05 0.009575179 4.4912962e-05 0.0006019724 3.8562626e-05 0.0010339059 7.7974596e-07 5.142004e-05 2.2437887e-07 0.0027194833 1.5030174e-07 8.4606494e-05 0.0017337656 0.00027006486 2.502422e-06 0.01585221 4.6267554e-09 1.909394e-05 2.8135955e-07 0.006252605 8.507703e-06 0.0008866993 2.2849972e-05 6.311746e-07 0.0027187117 1.7831362e-06 2.2130062e-05 0.0011192486 0.07155816 0.012376317 0.0018468067 0.0005955388 6.224151e-09 6.4461483e-07 0.00040741902 2.8341178e-06 9.3021484e-08 5.472609e-06 4.0238836e-05 1.6348775e-07 1.4757681e-05 5.1767393e-06 1.3340797e-07 8.099504e-05 8.82121e-10 0.0002323048 1.8783565e-05 1.2786905e-05 2.262282e-05 1.9706878e-08 0.00069104263 0.00025345967
0.9486392 0.9315193 0.96422523 1.54821e-15 0.83594596 0.25902027 0.79979867 0.6351845 0.4787376 0.481851 0.38865095 0.4255993 0.5290499 0.19356152 0.035069857 0.0035390782 0.17549558 0.20683794 0.0026727475 0.6182259 0.78666997 0.15786465 0.110120155 0.03590361 0.028384048 0.03368897 0.11240885 0.031748194 0.00236842 0.00073062576 0.0036135486 0.001431357 0.08226834 0.09083203 0.085406415 0.0009163327 4.392063e-06 0.000573323 0.0012343271 0.00022400015 0.00067713374 0.000115168674 2.6432572e-05 1.2498825e-05 0.047246553 0.0001600054 0.001178974 0.0002087001 0.0020002734 1.9975303e-06 0.018084431 1.1619937e-05 0.000112915695 1.37884535e-05 0.003035522 1.8212444e-07 0.00024153621 1.7794625e-07 0.011602725 3.9483282e-07 2.9273428e-05 0.00015019164 4.5971592e-05 3.4861223e-05 0.008438808 1.7256947e-07 2.6330638e-06 4.2275192e-07 0.014028497 7.3203846e-05 0.00042991393 0.00014181438 1.9905083e-07 0.0007870587 7.877807e-06 0.00011519438 3.6084515e-05 0.09713851 0.014030717 0.00021685986 0.0003947662 1.269651e-07 1.7101121e-06 0.0018565146 4.804643e-06 6.9901773e-07 1.920951e-06 2.7648362e-05 7.779366e-07 3.551957e-06 1.8118893e-05 8.49245e-07 3.103349e-05 2.436799e-09 0.000764897 7.950948e-05 3.7314824e-06 3.969956e-05 3.3248778e-08 0.0010392242 9.904008e-05
0.9807938 0.923154 0.8803649 0.83594596 1.8929662e-16 0.607203 0.4876971 0.4828768 0.9341496 0.928044 0.92682326 0.011863837 0.15087233 0.61659616 0.0011999249 0.011088192 0.6178027 0.5158372 3.374055e-05 0.05280599 0.26596102 0.032248516 0.03372276 0.18528077 0.00084417895 0.31298915 0.5121533 0.0056263916 0.015058931 0.00024580682 0.024708569 0.00042150216 0.004444232 0.48748183 0.014568318 7.182391e-05 5.6006274e-07 3.938111e-05 8.39099e-05 0.0013235111 0.008012319 2.0023117e-06 2.7557752e-07 1.194968e-06 0.06822513 1.5618689e-05 0.0014991774 3.91803e-06 0.0017806501 1.0299112e-07 0.0008624333 7.392117e-07 0.00013493712 6.214869e-05 0.00024375212 1.5218307e-08 9.959307e-06 3.222021e-09 0.0008565775 3.0590084e-09 2.4418146e-05 0.01782951 0.0076758834 8.248229e-06 0.0070488835 2.2838489e-09 1.0068833e-06 3.3425035e-08 0.0007496838 9.391026e-06 0.00012595826 5.533856e-06 3.6451038e-07 0.048082706 8.09193e-07 0.00011930585 0.007901497 0.03134538 0.0017940437 0.030903654 0.0023719575 1.7735116e-08 1.4612056e-06 0.00016374719 2.2083216e-07 1.1905869e-07 2.3234622e-06 1.7118548e-06 6.3569466e-08 6.598316e-05 4.3468217e-06 7.3882646e-08 1.0175777e-05 1.11746175e-10 4.3389136e-05 6.8635936e-06 5.509856e-05 1.3392698e-06 6.625527e-08 0.0022181303 0.002353694
0.9762515 0.08521516 0.7032299 0.25902027 0.607203 6.3484416e-15 0.95770955 0.002983642 0.55217093 0.37574747 0.69613 8.2837854e-05 0.00018920029 0.94823414 7.5511816e-05 0.6571256 0.09922307 0.019689815 2.306232e-06 0.0014217704 0.6679688 0.56115425 0.00024221737 0.020612573 5.4513537e-05 0.21657838 0.07873322 0.00015085658 0.2806872 0.07027515 0.20159154 0.024488214 0.0007194439 0.12063199 0.081404254 0.009085942 0.00058422 1.6413553e-06 2.1250187e-05 0.0208329 0.039528895 2.0518829e-07 1.8674075e-07 0.0006021544 0.004720344 0.0003678696 0.0067847534 5.85748e-07 0.00017308415 5.5103184e-05 0.0064663254 2.9821147e-05 0.0010549882 0.0016255843 0.00011006473 6.4622316e-07 1.5942256e-05 2.5781677e-07 0.0007850193 1.12485175e-07 0.00028132775 0.08748423 0.050281238 1.5249616e-06 0.023402968 5.1493815e-10 4.285155e-05 3.3946967e-06 0.0025221065 3.16413e-06 0.0006680614 3.0142883e-06 1.0343052e-05 0.015412148 1.0202833e-06 6.1014225e-06 0.020151492 0.03534157 0.0050594737 0.025966598 0.00032970947 1.6390347e-09 2.457071e-07 9.805412e-05 3.3367455e-06 4.2637993e-08 1.9566176e-05 2.5362688e-05 8.706961e-07 0.00020609389 3.0623144e-06 2.0888118e-07 0.00015122951 6.9896733e-10 6.0300143e-05 3.9771785e-05 0.0004724235 1.8920491e-05 5.84337e-07 0.00084225903 0.0005279221
0.92234814 0.19177975 0.93920916 0.79979867 0.4876971 0.95770955 1.7167868e-16 0.018241415 0.22066951 0.14046378 0.23614451 0.002149086 0.0015344594 0.58452153 0.00039932513 0.49200478 0.017574765 0.00521857 9.0428875e-06 0.009309218 0.8933749 0.88720924 0.00051610667 0.0069932956 0.00042251943 0.02246784 0.007418248 0.00037107436 0.07019291 0.0729313 0.02843181 0.16720584 0.0035159534 0.004219319 0.15268575 0.08120574 0.0022596668 4.865789e-05 0.00024971846 0.002553269 0.0024844534 1.5914115e-06 1.2551147e-06 0.0009632256 0.0002860007 0.009995609 0.012253546 5.3716753e-06 3.9139686e-05 0.00074348314 0.0521332 0.0006598706 0.0017403614 0.00012716524 0.0007858961 9.219923e-06 3.6343536e-05 6.241017e-06 0.0030990774 2.1809252e-05 0.00014552008 0.0020035459 0.001027615 3.346427e-06 0.043387715 7.769445e-09 0.00016493534 2.1475329e-05 0.018734608 5.2005503e-06 0.003152829 0.00010540499 8.052745e-07 0.00029192428 1.6086204e-06 1.9613153e-06 0.0011494166 0.06574907 0.01648413 0.00050087454 0.0001818224 7.0812876e-09 2.1058513e-07 0.0004875542 8.251632e-05 2.858553e-08 3.4922637e-06 0.0009628758 3.2387314e-05 1.0874992e-05 6.6635823e-07 6.4282744e-06 0.00087448925 3.753357e-08 0.00015439531 0.0010353868 3.6884936e-05 0.00025479405 2.9364676e-08 0.00034661702 6.71452e-05
0.7160236 0.7988046 0.32563815 0.6351845 0.4828768 0.002983642 0.018241415 1.6393641e-15 0.093860656 0.19487804 0.01596425 0.84933865 0.994048 0.00045087028 0.58028865 2.9393465e-05 0.1293182 0.61897075 0.14971127 0.51068985 0.02252383 0.0029709062 0.47190306 0.016906604 0.1545574 0.002417851 0.04738078 0.06709426 6.698751e-06 6.542476e-06 1.5655492e-05 2.3224753e-05 0.019118216 0.057627287 0.002164129 1.081388e-05 1.6029183e-07 0.002203789 0.0026719254 7.742592e-06 0.00010563081 0.000506109 0.00010270986 1.6197516e-08 0.31544974 7.5030894e-06 0.00034212047 0.00044614048 0.042123538 1.6141271e-07 0.001414673 1.5447335e-06 3.4503813e-05 5.699004e-08 0.0008900004 1.8656985e-07 0.00013324402 5.188227e-09 0.005167538 1.3049672e-08 1.8984192e-06 1.5105726e-06 5.880439e-07 0.0001015183 0.0019476009 1.529048e-06 2.3590455e-06 2.0681478e-07 0.00095578673 9.437239e-05 0.0001672149 0.00032784327 4.754345e-08 0.0002675128 1.2428185e-05 0.0063036163 3.3097494e-06 0.018199295 0.0019364762 1.1764346e-05 0.00054741756 5.908476e-08 0.00013439092 0.0007704993 4.42486e-06 2.1238314e-07 6.059272e-08 1.4841072e-06 1.2054952e-06 6.408564e-08 0.00032521223 8.0788067e-07 4.5735915e-06 2.2382405e-09 8.940838e-05 4.625178e-06 2.6798311e-08 4.4427864e-07 1.938672e-10 0.002657774 9.59334e-06
0.8233501 0.7785115 0.5815444 0.4787376 0.9341496 0.55217093 0.22066951 0.093860656 3.754285e-17 0.9769177 0.9497609 0.00028391118 0.013086932 0.6300086 0.00023225186 0.013677877 0.8204317 0.609612 5.1540987e-06 0.006832394 0.038532674 0.0046894876 0.0024331387 0.24177219 0.000100249104 0.6076585 0.31167373 0.00017105934 0.027576422 8.3597835e-05 0.058615804 7.733261e-05 0.00039502417 0.40003547 0.0011743234 2.7927308e-05 2.4796336e-07 3.4915208e-06 1.0494956e-05 0.0018842242 0.011349545 2.9992754e-07 1.7503231e-07 4.764864e-07 0.024758352 2.8617392e-06 3.9613555e-05 9.402411e-07 0.000109589106 6.591922e-08 0.00016030659 2.4313323e-07 3.5238586e-06 4.143106e-06 3.6123976e-05 9.5524255e-09 2.3723271e-06 1.0409128e-08 0.00010537615 7.755128e-09 1.9604728e-05 0.026156833 0.012172029 3.7146424e-06 0.0007389442 7.3197237e-10 5.2390277e-07 1.9465746e-07 6.820935e-05 6.4902556e-06 1.3906608e-05 9.650761e-07 3.9829285e-07 0.019269075 7.4039696e-07 2.3327662e-05 0.011531413 0.0043889796 0.0005068763 0.020466354 0.0012979443 1.631033e-08 1.9294656e-07 2.0136953e-05 3.9998443e-07 5.062113e-08 9.40947e-07 5.6541603e-07 9.813246e-08 3.2073396e-05 3.2993119e-06 1.855195e-07 1.9001707e-06 4.5151022e-10 2.0506673e-06 1.375708e-06 8.738072e-05 8.9104866e-08 3.1280482e-08 0.002236247 0.0010304434
0.72904575 0.7007876 0.5210097 0.481851 0.928044 0.37574747 0.14046378 0.19487804 0.9769177 6.7542665e-17 0.95881486 0.00070263434 0.021436306 0.5076233 0.00038805202 0.0076190988 0.9222815 0.8193975 1.8527853e-05 0.007079737 0.021208266 0.0039699296 0.0025786243 0.46776184 0.00014929014 0.75043523 0.35783336 0.000274657 0.02579698 7.855829e-05 0.057545725 8.855106e-05 0.0007537231 0.41860408 0.00072074804 3.759374e-05 2.2059977e-07 1.018327e-05 9.715508e-06 0.0024506624 0.014033709 1.9913816e-07 2.4037217e-07 4.019628e-08 0.022962308 2.509039e-06 2.4573921e-05 7.0708893e-07 7.164352e-05 1.4616724e-08 0.00012532012 1.826459e-07 3.1391835e-06 1.1599835e-06 2.6188956e-05 6.0444942e-09 2.160861e-06 6.8987775e-09 0.00010858189 9.547448e-10 8.559275e-06 0.008709442 0.0031680996 1.764587e-06 0.00045587096 7.4736517e-10 1.3030353e-07 5.4291764e-08 6.551421e-05 3.31561e-06 6.9657913e-06 8.5608946e-07 1.9803839e-07 0.018544696 7.126313e-07 4.083335e-05 0.012798699 0.0038346162 0.00048090055 0.017977586 0.0016839984 4.1582027e-08 3.6738044e-07 1.6405282e-05 4.065451e-08 5.5021815e-08 5.815318e-07 1.4001355e-07 1.0433457e-08 4.0041272e-05 1.0781902e-06 4.770611e-09 9.968272e-07 1.326333e-10 3.264315e-06 2.0436319e-07 1.793597e-05 1.00520126e-08 1.7818085e-08 0.0027066397 0.0012898115
0.9022659 0.6580711 0.5141134 0.38865095 0.92682326 0.69613 0.23614451 0.01596425 0.9497609 0.95881486 2.969863e-16 6.029313e-05 0.0016953517 0.8909094 5.590804e-05 0.07431741 0.8448364 0.49272457 2.0813618e-06 0.0032662835 0.039779738 0.0115899565 0.0015781991 0.41761675 4.127963e-05 0.8824872 0.64981264 0.00014820126 0.21718395 0.0006569847 0.3541072 0.00025125328 0.00027652938 0.7441076 0.0013166041 8.4517946e-05 1.837838e-06 1.4551132e-06 2.4252847e-06 0.012619268 0.053127732 1.2677376e-08 1.04920325e-07 1.6512278e-06 0.038883574 1.0425843e-05 0.00019081355 7.2695045e-08 0.00018338778 2.8458382e-07 0.00014024577 8.800896e-07 2.1919996e-05 0.00014340808 1.1823215e-05 2.5606365e-08 2.0067218e-06 3.1442465e-08 8.2851606e-05 8.519844e-09 9.5208765e-05 0.33214396 0.20658946 1.0422181e-06 0.0017183649 9.100994e-11 1.1758103e-06 6.800358e-07 5.546999e-05 2.750397e-06 4.352474e-05 1.5602648e-06 5.91628e-06 0.18157879 8.957249e-07 7.949705e-05 0.07378451 0.0054095634 0.0004186111 0.20045654 0.008408566 3.2870947e-08 1.3003433e-06 7.5242133e-06 2.4114962e-07 4.5135828e-08 2.15261e-05 3.3154407e-07 1.852603e-07 0.00090308645 5.0305e-06 2.967914e-07 1.666622e-05 8.817021e-10 4.2087872e-06 4.565338e-06 0.0030301134 7.757381e-08 1.3397821e-06 0.0039037603 0.011371609
0.8482695 0.19593874 0.022668177 0.4255993 0.011863837 8.2837854e-05 0.002149086 0.84933865 0.00028391118 0.00070263434 6.029313e-05 7.680146e-16 0.7375644 5.33542e-06 0.91254073 2.5954438e-07 0.001356734 0.04762408 0.9037293 0.94228196 0.027172713 0.0010885753 0.8803213 0.0005498374 0.82616514 8.0816964e-05 0.01213571 0.4598512 1.1561302e-06 4.6435375e-08 7.945406e-07 2.231695e-05 0.14131625 0.012091199 0.0014023031 1.4101834e-05 3.1649506e-08 0.045855857 0.03898115 5.602236e-07 1.8134919e-05 0.09988827 0.056892354 6.5773836e-10 0.190823 3.8068872e-06 0.00028063616 0.09048916 0.0986498 1.7529667e-08 0.0015189049 2.7532482e-07 1.1461616e-05 7.521684e-07 0.0047039124 1.52516e-09 0.0019420941 9.44937e-09 0.033770233 5.345511e-09 1.2731844e-05 5.831629e-07 2.6570945e-07 0.000118875076 0.0018723187 2.6704224e-06 1.9878371e-07 3.3342343e-07 0.0027908308 7.96802e-05 4.586877e-05 0.0008059488 1.41715e-08 6.970616e-08 0.00030358013 0.0139764445 6.211145e-08 0.05812861 0.0067439447 6.9478124e-06 0.00013916286 3.621359e-07 0.0054939054 0.0035287605 8.623238e-08 7.5495723e-06 2.723419e-06 2.4919743e-06 4.9736805e-08 2.8902857e-08 0.003255348 1.2094513e-07 3.0302128e-06 4.211049e-11 0.0011805402 1.275752e-06 3.045335e-06 1.5350544e-06 1.1274264e-08 0.0029831415 2.194163e-06
0.73554265 0.71448696 0.103829004 0.5290499 0.15087233 0.00018920029 0.0015344594 0.994048 0.013086932 0.021436306 0.0016953517 0.7375644 1.4055843e-17 1.5417952e-05 0.8427899 4.7254446e-07 0.053085394 0.54172224 0.29712754 0.6114069 0.014753038 0.0003530852 0.6880782 0.013080399 0.24097747 0.0005593129 0.029024625 0.15395957 2.8727259e-08 1.1447725e-08 3.2551273e-07 2.0522958e-07 0.04263615 0.036999416 0.00059063867 5.7465723e-08 1.1249214e-09 0.0076545454 0.0044014496 1.2779114e-07 6.1135033e-06 0.00065402774 9.691351e-05 1.5968896e-11 0.38019487 3.0950642e-07 1.921291e-05 0.0007363519 0.08404197 5.1471327e-10 9.944127e-05 4.0993124e-09 5.0792966e-07 1.1766095e-09 0.0008728258 3.7519646e-10 0.0002506688 1.8858283e-11 0.0061238143 1.5561245e-10 5.4111027e-09 6.209984e-08 9.4056025e-09 2.8889424e-05 0.0005659286 1.94626e-06 1.2253632e-08 1.1360258e-09 0.00029478484 2.3905608e-05 1.0218936e-05 0.00021242582 2.7176732e-09 0.00018738558 5.1886805e-06 0.004175549 1.8760066e-06 0.042208992 0.0013991179 5.7263884e-07 0.00025837417 2.5469587e-08 0.0005311177 0.00052005606 3.2626697e-09 2.0458414e-07 8.605472e-09 6.5432273e-09 8.053482e-09 9.9746424e-09 0.00017890673 1.1523754e-10 3.215989e-07 3.779953e-12 0.00011048467 2.9073385e-07 1.4743761e-08 7.944459e-09 1.3893825e-11 0.0019926063 1.5663012e-06
0.9013842 0.24013329 0.5034589 0.19356152 0.61659616 0.94823414 0.58452153 0.00045087028 0.6300086 0.5076233 0.8909094 5.33542e-06 1.5417952e-05 5.6087425e-16 9.57653e-06 0.776476 0.28948095 0.021773007 1.1707975e-06 0.0007308383 0.06605976 0.091758244 0.00080134225 0.10147253 1.2560937e-05 0.86477757 0.124878906 6.8597896e-05 0.9471539 0.21909289 0.9162882 0.0065170047 0.00015633913 0.1252615 0.0053509525 0.0012624328 0.00022625207 3.6561886e-07 2.3763328e-06 0.23296505 0.23844555 6.255917e-09 6.184889e-08 0.0004267842 0.0013080986 0.00019186919 0.004497155 1.1244971e-08 2.974701e-05 1.9100646e-05 0.00048754094 2.2616998e-05 0.0010080602 0.0021442228 9.342573e-06 3.2922165e-07 1.9376446e-06 1.0183066e-07 5.6824436e-05 6.522571e-08 0.0014767227 0.33891687 0.26965824 1.0974106e-06 0.006409268 5.040139e-11 1.1446542e-05 1.409556e-06 0.00016037509 2.848305e-06 0.00032542757 9.943368e-07 5.6491504e-06 0.032568995 1.4819665e-07 4.056594e-06 0.08974591 0.0043483814 0.00035381314 0.097658634 0.00087534485 2.8707925e-08 8.602998e-08 4.600337e-06 1.331198e-06 8.444183e-08 8.31524e-05 2.534611e-06 4.0592928e-07 0.00097408274 8.7939696e-08 9.062312e-08 4.7073536e-05 9.047225e-10 5.526841e-06 1.3459877e-05 0.0038651929 1.6754115e-06 1.3338182e-06 0.00034697127 0.0018213114
0.68088824 0.031475198 0.0031814987 0.035069857 0.0011999249 7.5511816e-05 0.00039932513 0.58028865 0.00023225186 0.00038805202 5.590804e-05 0.91254073 0.8427899 9.57653e-06 2.1003962e-16 5.7237703e-06 0.00046563582 0.028686514 0.9897033 0.5368084 0.00695416 0.000447455 0.69219023 0.00028956716 0.614266 4.001989e-05 0.0019151454 0.21849853 7.101595e-06 1.2286749e-06 1.6097245e-05 7.316563e-06 0.037693076 0.0033746362 0.0010297467 6.441818e-06 1.5295926e-07 0.06520809 0.04122219 1.962393e-06 1.8675055e-05 0.15401936 0.06478563 2.756151e-09 0.51038873 9.1350175e-06 4.2626638e-05 0.21752167 0.4363136 8.2045304e-08 0.00048307076 1.8171326e-07 5.019928e-06 9.226432e-08 0.0065591075 4.5843112e-08 0.0028934022 8.104827e-09 0.011794706 1.5416495e-09 1.3527926e-05 1.4096919e-06 2.8692364e-07 0.0023853083 0.0007850927 0.0004877567 2.6228744e-07 6.742041e-07 0.0006870412 0.0007205195 2.319808e-05 0.0028794613 3.6283279e-09 1.4457674e-05 0.0012618442 0.033333704 4.6385117e-07 0.018719168 0.0035818852 4.5139323e-06 0.00014026342 5.3667236e-06 0.0501757 0.0031128463 3.4307973e-06 2.2799059e-05 7.6447066e-08 1.0685061e-07 1.6316532e-07 7.701065e-08 0.025007742 2.8892716e-08 2.0157888e-06 8.2115315e-11 0.00042523936 5.519691e-07 6.495915e-08 1.7975525e-07 6.768189e-11 0.0021844516 1.5084865e-06
0.9914069 0.0016116616 0.054054946 0.0035390782 0.011088192 0.6571256 0.49200478 2.9393465e-05 0.013677877 0.0076190988 0.07431741 2.5954438e-07 4.7254446e-07 0.776476 5.7237703e-06 1.3812942e-15 0.0017883015 3.4656037e-05 1.2158002e-07 0.0003580483 0.18255548 0.81714094 0.00021983335 0.0006662633 1.5832771e-05 0.051627696 0.0011694283 0.00019113612 0.9061618 0.93968076 0.6387928 0.2761755 0.00032368186 0.00605667 0.08958929 0.096850306 0.13283361 5.7410483e-07 1.2422936e-05 0.27512693 0.10000357 2.5065441e-08 3.375196e-08 0.059613056 0.0005296291 0.011890927 0.16278422 3.1738978e-08 2.4726134e-05 0.002527416 0.015551681 0.0014850226 0.050441016 0.34179085 5.3805783e-05 3.7359193e-06 7.4891423e-06 2.2850486e-06 0.0010248763 1.4111104e-05 0.01462284 0.5439365 0.62257934 1.3317211e-06 0.123272605 2.2607054e-09 0.00054828485 4.1789608e-05 0.0054946863 2.2654442e-06 0.014032036 5.009072e-06 0.00045947864 0.0013577722 6.2102475e-07 4.0797054e-06 0.06559863 0.033611145 0.007495027 0.011347175 1.9629873e-05 1.3528035e-08 8.5287574e-08 9.735993e-05 6.2074023e-06 6.1513354e-08 0.0034243239 8.3260005e-05 7.203289e-06 0.00026178954 3.1473593e-07 1.5111129e-06 0.001420644 5.2560893e-08 2.0274965e-05 0.0018149748 0.016197596 0.0001453115 2.2622067e-05 0.00030359285 8.74344e-05
0.25981906 0.5571735 0.107968464 0.17549558 0.6178027 0.09922307 0.017574765 0.1293182 0.8204317 0.9222815 0.8448364 0.001356734 0.053085394 0.28948095 0.00046563582 0.0017883015 7.876324e-16 0.98913014 7.062217e-05 0.0058726 0.0044876398 0.0013045666 0.00810588 0.8935607 0.0002017764 0.8406727 0.5938669 0.00025999098 0.0011737132 5.9202906e-05 0.0045348005 5.0527487e-05 0.0003293955 0.40951353 9.2871465e-05 2.1502094e-05 1.0481027e-06 1.7934004e-05 3.0448344e-05 0.00036558544 0.003814814 6.8275335e-07 2.0389668e-06 3.3306458e-07 0.012510809 4.9336995e-06 2.0608099e-05 3.0581293e-06 6.5289794e-05 5.6367032e-08 4.4645418e-05 3.6354245e-07 5.102604e-06 3.0279018e-06 1.7338241e-05 6.832742e-08 4.8208863e-06 7.189788e-08 5.3940083e-05 1.8081874e-08 1.8343668e-05 0.0008551369 0.0002724926 1.5220847e-06 0.0002975162 1.04687e-08 1.7177182e-07 1.3041039e-06 2.0042442e-05 9.945592e-06 1.1374884e-05 1.8022224e-06 1.1675055e-07 0.0065929666 5.4963866e-06 0.00022252205 0.003759887 0.0027654837 7.035127e-05 0.0022960068 0.0012891135 1.2373695e-06 1.6900646e-06 1.0223488e-05 4.2400845e-07 6.1198556e-08 9.3024454e-07 1.4131531e-07 1.12333375e-07 3.280834e-06 6.241428e-06 3.6779745e-08 5.1649336e-06 2.5728302e-09 2.5862166e-06 1.4154037e-06 3.503562e-06 1.0258902e-07 3.3962348e-08 0.002809922 0.00031739645
0.39013004 0.6052347 0.09687901 0.20683794 0.5158372 0.019689815 0.00521857 0.61897075 0.609612 0.8193975 0.49272457 0.04762408 0.54172224 0.021773007 0.028686514 3.4656037e-05 0.98913014 8.5917755e-17 0.0017702127 0.048565716 0.0034517471 0.00029930624 0.059144624 0.8827585 0.0012848306 0.31066185 0.861298 0.0019143929 2.5200254e-05 8.042262e-07 7.588396e-05 1.6132337e-06 0.002698418 0.5013936 6.353834e-05 4.237055e-06 5.8030107e-08 8.62757e-05 3.8513077e-05 2.135233e-05 0.00085530605 2.4303347e-06 3.9881647e-06 4.202436e-09 0.22903919 2.7406697e-06 5.5898518e-06 2.4641247e-05 0.0037620391 2.2521023e-09 4.901465e-05 9.0434554e-08 9.121006e-07 2.3199581e-07 3.9123788e-05 6.626648e-09 6.557862e-06 5.3188177e-08 0.00017451735 8.648303e-09 3.9629236e-07 7.220772e-06 4.0906704e-07 3.7957323e-06 0.0002875722 1.9189333e-08 6.384821e-08 3.022182e-07 3.2161148e-05 1.7411849e-05 5.4678194e-06 9.300029e-06 2.0593863e-08 0.004036635 1.2344588e-05 0.0034510577 0.00025208635 0.0067750383 0.00012560825 0.00045269664 0.0021077201 2.9862323e-07 7.1852855e-06 5.6119734e-05 3.4971941e-07 5.2638146e-08 1.292018e-06 7.617896e-08 7.4067734e-09 2.514974e-07 0.00011240171 2.434375e-08 8.8788266e-07 7.673387e-11 2.9439122e-06 1.6237504e-07 2.3018747e-06 1.819896e-08 5.7763385e-09 0.010897449 0.00026388103
0.83250797 0.002529111 0.000153292 0.0026727475 3.374055e-05 2.306232e-06 9.0428875e-06 0.14971127 5.1540987e-06 1.8527853e-05 2.0813618e-06 0.9037293 0.29712754 1.1707975e-06 0.9897033 1.2158002e-07 7.062217e-05 0.0017702127 9.011737e-16 0.5819376 0.0019509692 3.3363525e-05 0.77271634 4.9619193e-05 0.70174176 1.6237251e-06 0.00029469913 0.32915387 1.3041031e-07 7.706013e-09 9.606931e-07 1.7794804e-06 0.025511606 0.001205132 0.00010584539 2.3505725e-06 8.98664e-09 0.19248658 0.09544692 1.2059056e-06 1.1784355e-05 0.57599944 0.31068522 8.7034575e-09 0.51572555 1.2381934e-06 7.4331006e-06 0.6464819 0.64918905 3.0328206e-08 0.00014492137 5.631276e-08 3.7265022e-07 1.0775105e-08 0.028010815 1.0376915e-08 0.010803889 7.897051e-09 0.03832347 4.819358e-09 1.457536e-07 3.053769e-08 3.4012897e-09 0.0052951802 0.00052010064 0.0034159624 3.259728e-07 4.2116162e-07 0.00028706805 0.005995784 9.004386e-06 0.0070828022 6.4239936e-07 2.952937e-07 0.014430711 0.026468974 4.0228704e-07 0.042770445 0.0021158485 1.05937836e-07 8.414545e-06 1.249949e-05 0.16201189 0.009139449 1.1687337e-06 0.00019948707 1.7000937e-06 5.938305e-07 6.193093e-08 3.7391878e-08 0.062843144 6.343756e-08 2.9281788e-08 5.746391e-10 0.0004270291 2.1769884e-08 3.1820928e-08 7.9627576e-08 8.052234e-10 0.0034964643 5.847674e-07
0.9514354 0.37473673 0.058407735 0.6182259 0.05280599 0.0014217704 0.009309218 0.51068985 0.006832394 0.007079737 0.0032662835 0.94228196 0.6114069 0.0007308383 0.5368084 0.0003580483 0.0058726 0.048565716 0.5819376 2.8202184e-14 0.22139062 0.03374201 0.9237603 0.0010244516 0.887463 0.00021277777 0.017005658 0.8900935 7.330116e-05 0.0002576881 8.3803534e-05 0.009953724 0.8089199 0.015816104 0.11795592 0.0023322715 1.9032112e-05 0.021429667 0.043467708 1.835884e-05 2.844319e-05 0.074583665 0.15295649 1.9972101e-06 0.25557113 3.8118083e-05 0.0020833244 0.02401336 0.08969055 4.582009e-06 0.0714523 1.4640071e-05 0.0001279151 4.2975057e-07 0.008746094 1.0912464e-07 0.0065724035 1.9455046e-08 0.0996357 1.9411196e-08 1.6314634e-05 5.6162462e-05 6.0134953e-06 7.740167e-05 0.002658049 5.440281e-05 3.2602675e-06 5.821233e-07 0.028548492 4.8847356e-05 0.0005933386 0.0025775263 2.0077325e-06 0.0009695488 0.0002681516 0.0012216885 0.0002820066 0.2092721 0.031158552 0.0001587074 0.00053291407 3.6269472e-07 0.00093856314 0.00782124 8.050849e-07 1.8671376e-06 1.2765395e-06 3.0664687e-05 3.3773483e-07 8.848332e-06 0.0010653556 8.602457e-08 0.000110621295 3.7755613e-10 0.0032759323 2.609509e-05 1.6168713e-05 0.00020926654 1.8369137e-07 0.02451708 0.00027222067
0.9667603 0.40541214 0.67538047 0.78666997 0.26596102 0.6679688 0.8933749 0.02252383 0.038532674 0.021208266 0.039779738 0.027172713 0.014753038 0.06605976 0.00695416 0.18255548 0.0044876398 0.0034517471 0.0019509692 0.22139062 2.5179275e-13 0.83359194 0.01830572 0.0006693579 0.006084233 0.0036086773 0.0044310214 0.037958328 0.01180851 0.013233665 0.0032659206 0.23510809 0.2856201 0.0036352242 0.9635688 0.019537458 0.0035893503 0.0009084598 0.008749447 0.00042954838 0.00018133305 8.051326e-05 0.00020164213 0.0005384233 0.0029228907 0.005779335 0.08950259 7.2558425e-05 0.00021475689 0.000523873 0.38533747 0.0022189354 0.004288348 0.00011800409 0.005374204 1.8838136e-05 0.0026537115 5.4817083e-06 0.04731394 1.2050348e-05 0.00011590724 0.00072359585 0.00042425466 6.562573e-06 0.07976108 1.8443066e-06 0.00019597654 4.9380284e-05 0.1390482 8.695199e-06 0.013679476 0.00019963649 1.6277414e-05 0.0065548457 3.3297696e-05 6.172265e-05 0.0014063449 0.22755496 0.10732663 0.0114280665 0.0006430571 1.5858703e-07 1.7443026e-05 0.0033559878 2.3470748e-05 3.5540256e-07 0.0001973464 0.0003966179 2.0280439e-05 5.036085e-05 2.2382492e-05 3.7732186e-06 0.0014667267 5.540916e-08 0.0019211097 0.00061186776 0.0002632431 0.00088299566 1.9852353e-06 0.011888119 0.0016872208
0.9523308 0.030544674 0.25990185 0.15786465 0.032248516 0.56115425 0.88720924 0.0029709062 0.0046894876 0.0039699296 0.0115899565 0.0010885753 0.0003530852 0.091758244 0.000447455 0.81714094 0.0013045666 0.00029930624 3.3363525e-05 0.03374201 0.83359194 2.0436694e-14 0.0013629446 0.00052910816 0.0019268603 0.0023924005 0.00046703362 0.0034946476 0.052835044 0.24935834 0.011692387 0.9703183 0.04054351 0.0003871841 0.7930361 0.36371422 0.06263566 0.00020193562 0.0016537263 0.0031954772 0.000675604 6.7576284e-06 2.3027673e-05 0.015699549 0.00019372732 0.22929516 0.42278835 7.866695e-06 8.346404e-06 0.01364543 0.2977414 0.07946283 0.09836879 0.0062727113 0.0034508356 0.0003907981 0.00092177873 7.0564136e-05 0.029593712 0.0003029895 0.0007662601 0.0024244536 0.0036011208 6.929819e-06 0.2638601 2.316866e-08 0.005106477 0.0002285733 0.07699515 6.5345944e-06 0.08849975 0.00010239505 7.2838106e-05 0.0021188501 4.3919417e-06 6.0204334e-06 0.0044597164 0.10957899 0.07157567 0.0042553935 0.00054349325 1.2618206e-07 1.0695558e-06 0.0010902464 5.3114814e-05 3.026604e-07 5.86194e-05 0.0032365206 6.572836e-05 0.00034346915 4.595623e-06 1.3570684e-05 0.014946872 5.05398e-08 0.00050663826 0.012784225 0.0017238813 0.010212302 4.933201e-06 0.0014908689 0.0026112418
0.9842183 0.19876207 0.0052342582 0.110120155 0.03372276 0.00024221737 0.00051610667 0.47190306 0.0024331387 0.0025786243 0.0015781991 0.8803213 0.6880782 0.00080134225 0.69219023 0.00021983335 0.00810588 0.059144624 0.77271634 0.9237603 0.01830572 0.0013629446 2.0092367e-13 0.0008205975 0.8638901 0.00019690291 0.024317352 0.6763181 5.187362e-05 9.830978e-06 3.4774694e-05 0.0003558776 0.4351594 0.08357426 0.010911109 0.00015429198 3.5723244e-07 0.04178263 0.04643301 1.663581e-05 2.0753554e-05 0.111100346 0.19002163 2.0340376e-06 0.7231753 9.795556e-06 0.00033076387 0.0602612 0.55772775 7.205751e-07 0.016315999 1.2210669e-06 4.3006876e-05 7.507996e-07 0.013622436 2.527008e-08 0.004628581 1.6928357e-08 0.08712743 1.6713212e-08 1.3774142e-05 0.000121771554 6.963254e-06 0.0001622063 0.004351499 3.87414e-05 1.45503e-06 5.415099e-07 0.011422629 0.00018071619 0.00019542017 0.0015609437 2.820098e-06 0.0033922684 0.0010336259 0.026246458 0.0001374672 0.20411974 0.018433021 0.00037015474 0.0033503727 4.1063145e-06 0.006381568 0.008859301 6.292831e-07 1.1261484e-05 1.758857e-05 4.0446535e-06 1.1041598e-06 6.894046e-06 0.006673982 5.352118e-07 8.349441e-05 5.844738e-10 0.0025048063 3.9131886e-05 3.178119e-05 2.1338448e-05 6.3237536e-07 0.20022085 0.0005130344
0.043296024 0.14323208 0.028788658 0.03590361 0.18528077 0.020612573 0.0069932956 0.016906604 0.24177219 0.46776184 0.41761675 0.0005498374 0.013080399 0.10147253 0.00028956716 0.0006662633 0.8935607 0.8827585 4.9619193e-05 0.0010244516 0.0006693579 0.00052910816 0.0008205975 2.248225e-18 5.4732955e-05 0.98074096 0.98051155 5.6436984e-05 0.001564989 8.9708585e-05 0.004316073 6.7151122e-06 0.0001341008 0.6584345 2.6528965e-05 1.0549495e-05 5.583e-06 8.6915925e-06 4.3671116e-06 0.0003103561 0.014356626 6.5763494e-08 1.4807036e-07 1.1075139e-07 0.01693276 1.3989564e-06 6.854187e-06 5.1307597e-06 4.8116333e-05 7.647244e-08 7.785909e-06 9.443604e-07 2.5560378e-06 3.0905765e-06 2.5557088e-06 1.6723264e-07 1.4802906e-06 1.3602052e-07 3.3933036e-05 7.862277e-08 3.3177086e-05 0.00045211182 6.232402e-05 3.5607022e-07 0.0001133945 3.3326874e-08 5.1862706e-08 2.1239907e-06 1.2126684e-06 7.2272303e-07 8.596668e-06 3.2120765e-06 1.4711154e-07 0.00927602 1.1192467e-05 0.000266225 0.004050575 0.00033173116 1.5627093e-05 0.004575027 0.0024590367 1.1193107e-07 1.3323581e-05 3.4184682e-06 2.6137618e-06 1.4387038e-08 1.0598605e-05 1.15641974e-07 6.140047e-08 0.0001281449 6.6010634e-06 9.1667566e-08 7.241875e-06 1.7484845e-09 2.6953288e-07 1.2714614e-07 8.719151e-05 9.571959e-09 5.7293896e-08 0.0019998616 0.001288896
0.9064299 0.006480766 0.0012647097 0.028384048 0.00084417895 5.4513537e-05 0.00042251943 0.1545574 0.000100249104 0.00014929014 4.127963e-05 0.82616514 0.24097747 1.2560937e-05 0.614266 1.5832771e-05 0.0002017764 0.0012848306 0.70174176 0.887463 0.006084233 0.0019268603 0.8638901 5.4732955e-05 2.0891164e-13 1.0625889e-05 0.00034875656 0.9442569 1.6412644e-06 5.5554456e-06 1.0190872e-06 0.0009660513 0.43210262 0.00031270404 0.0070684534 0.0004504119 1.1316105e-06 0.81347364 0.84555703 1.9417753e-06 1.0376465e-05 0.580531 0.61864907 4.940607e-08 0.015745167 3.9913022e-05 0.00039708058 0.20306319 0.03487136 1.8727631e-07 0.014466268 3.0275755e-06 9.529515e-05 2.8005343e-07 0.11608462 1.6514937e-08 0.03216287 1.2047728e-07 0.13681138 6.6388985e-08 6.4055093e-06 3.8638473e-06 1.0425322e-06 0.0015677644 0.0019158943 0.002295619 2.6063972e-07 1.729881e-06 0.008959198 0.0019645316 0.00025569592 0.029815972 1.9989375e-07 2.032746e-06 0.0015612055 0.0012422167 9.031282e-07 0.116525695 0.020227417 3.1984034e-06 0.00015755794 3.3416578e-05 0.0047844267 0.014409753 5.6587567e-07 0.0001595434 1.2380707e-06 4.6083637e-06 6.393279e-08 1.9162879e-07 0.0029856346 2.069728e-07 2.4123727e-05 1.0631971e-09 0.009379038 3.574596e-06 2.7474096e-05 5.1803076e-05 1.3537043e-08 0.005660568 7.2756425e-06
0.2638532 0.15757574 0.0646272 0.03368897 0.31298915 0.21657838 0.02246784 0.002417851 0.6076585 0.75043523 0.8824872 8.0816964e-05 0.0005593129 0.86477757 4.001989e-05 0.051627696 0.8406727 0.31066185 1.6237251e-06 0.00021277777 0.0036086773 0.0023924005 0.00019690291 0.98074096 1.0625889e-05 2.1296428e-16 0.77528423 1.7967626e-05 0.49994802 0.01445538 0.86892635 8.3139006e-05 6.485445e-05 0.60914433 0.00010786262 0.00017685967 1.1717486e-05 1.3320437e-06 1.5310235e-06 0.27273956 0.8406353 1.1766578e-07 5.467322e-07 2.0711657e-05 0.0040705614 1.0305087e-05 1.5018872e-05 1.4810453e-07 1.8094166e-05 7.831868e-07 1.0989286e-05 8.16503e-07 7.0032393e-06 3.7509544e-05 9.045923e-06 5.7845003e-08 2.271753e-06 1.6473591e-07 1.2398826e-05 8.386924e-09 0.0007802652 0.3000764 0.13559099 3.6099264e-06 0.0003256629 2.602855e-09 1.182128e-06 3.556011e-06 2.6606383e-06 1.1681275e-06 1.5223642e-05 2.4494848e-06 1.4870072e-06 0.18186712 2.0679042e-06 3.838002e-05 0.3927143 0.00069156516 3.092447e-05 0.19100168 0.018195009 6.8201666e-07 2.1290128e-07 3.308853e-06 3.199859e-06 5.8089216e-07 0.00011724188 1.8193895e-06 4.5517083e-08 0.0015301997 2.8465019e-08 1.641555e-07 7.05164e-06 9.535659e-09 6.266806e-06 6.977313e-06 0.00076548225 2.4594294e-07 1.0583802e-06 0.008639459 0.01185756
0.51531667 0.5764465 0.0660229 0.11240885 0.5121533 0.07873322 0.007418248 0.04738078 0.31167373 0.35783336 0.64981264 0.01213571 0.029024625 0.124878906 0.0019151454 0.0011694283 0.5938669 0.861298 0.00029469913 0.017005658 0.0044310214 0.00046703362 0.024317352 0.98051155 0.00034875656 0.77528423 2.8084005e-16 0.00061235257 0.0007260602 7.551667e-06 0.016023347 1.2146534e-06 0.0004326202 0.9861783 7.001907e-05 4.560529e-06 2.187257e-07 1.3611474e-05 9.116055e-06 0.00014706436 0.007581702 4.5200486e-06 7.3164024e-06 2.3979231e-08 0.25143725 6.053453e-07 9.148832e-07 3.0357796e-05 0.0072939396 2.889051e-08 1.333948e-06 1.8402363e-07 2.8216542e-07 1.5687334e-06 9.520818e-06 8.223111e-08 2.1833204e-05 1.307751e-07 3.2436306e-05 9.542502e-09 3.6709803e-06 0.002148283 0.00026578738 2.1575188e-06 0.00030430392 2.1221497e-08 1.210245e-07 2.2873868e-07 2.475184e-06 6.782663e-07 4.3200093e-06 5.616741e-06 4.8010264e-07 0.06533042 3.0085374e-05 0.0059512206 0.016673304 0.0064862226 5.896141e-05 0.051297925 0.02002295 7.3038575e-07 5.4957134e-05 1.3504067e-05 8.3820635e-07 5.4847277e-07 7.821504e-06 6.6258046e-08 5.856502e-09 0.00012613942 0.00025826457 3.8021573e-09 3.5836174e-06 4.156412e-11 1.989496e-06 5.614832e-07 3.0976455e-05 2.1374728e-08 1.9706878e-08 0.06286321 0.0050252643
0.96530825 0.029533237 0.0018404928 0.031748194 0.0056263916 0.00015085658 0.00037107436 0.06709426 0.00017105934 0.000274657 0.00014820126 0.4598512 0.15395957 6.8597896e-05 0.21849853 0.00019113612 0.00025999098 0.0019143929 0.32915387 0.8900935 0.037958328 0.0034946476 0.6763181 5.6436984e-05 0.9442569 1.7967626e-05 0.00061235257 2.2110514e-12 1.0710741e-05 6.256044e-05 4.0843106e-06 0.001169342 0.9547441 0.001070894 0.05201687 0.00026027873 1.3099605e-05 0.29584745 0.6073503 2.5361063e-05 3.399967e-05 0.11767587 0.21585003 6.9689677e-06 0.022717204 7.997596e-05 0.0012075802 0.016845582 0.021404035 6.382575e-06 0.11707072 2.5779664e-05 8.668633e-05 2.8177442e-07 0.12712593 5.7226157e-07 0.024955027 2.4987028e-07 0.4520781 1.7157404e-07 1.04078035e-05 1.0810488e-05 9.926417e-07 0.000489105 0.010292687 0.00021362383 1.047299e-05 1.6980407e-06 0.08185705 0.0008255517 0.00043917555 0.009854 4.8964984e-07 2.1399565e-05 0.0011308161 0.00065195805 1.7527277e-06 0.3112441 0.058418803 2.238584e-05 0.00037511834 1.1516971e-05 0.00072758127 0.022505498 3.3964682e-06 3.849248e-05 2.2905193e-05 9.734981e-05 6.655609e-06 3.839792e-07 0.0012140189 9.151484e-07 0.00019744296 2.5770983e-09 0.015323238 0.00016071255 6.0122225e-06 0.00020877874 5.2868465e-08 0.008576128 4.035351e-05
0.7697088 0.0040262197 0.014956988 0.00236842 0.015058931 0.2806872 0.07019291 6.698751e-06 0.027576422 0.02579698 0.21718395 1.1561302e-06 2.8727259e-08 0.9471539 7.101595e-06 0.9061618 0.0011737132 2.5200254e-05 1.3041031e-07 7.330116e-05 0.01180851 0.052835044 5.187362e-05 0.001564989 1.6412644e-06 0.49994802 0.0007260602 1.0710741e-05 1.1522978e-15 0.89910436 0.9752204 0.02775147 3.1675434e-05 0.0018500459 0.002499821 0.023967229 0.020669078 3.0763132e-07 9.0260124e-07 0.89614815 0.42590854 2.7508937e-09 2.043556e-07 0.038136467 4.2475236e-05 0.002615697 0.010847633 1.4539673e-08 6.889593e-07 0.00076586707 0.0005377918 0.0002472082 0.004395311 0.2971865 4.2249135e-06 2.8467841e-06 5.1455305e-07 3.0982083e-06 6.4307605e-05 1.7742012e-05 0.05773473 0.41929442 0.5482144 2.1082135e-06 0.008049011 1.1795238e-09 5.5629505e-05 7.911005e-05 0.00020843577 1.033303e-06 0.001261783 1.4963051e-06 0.004459072 0.0004302482 1.277217e-07 4.798418e-07 0.05864161 0.0015302171 0.00042353343 0.0046417117 1.1484134e-05 2.7184691e-07 5.3918785e-09 5.3091135e-06 1.945939e-06 1.0769476e-08 0.013572237 6.325307e-06 2.029274e-07 0.0011814226 1.3628182e-08 1.8185247e-07 0.00019384947 2.4927738e-09 9.0404683e-07 0.00031066375 0.02645035 3.618849e-05 0.00062544417 4.6127125e-06 0.00031800516
0.8171049 0.00012142735 0.0049126986 0.00073062576 0.00024580682 0.07027515 0.0729313 6.542476e-06 8.3597835e-05 7.855829e-05 0.0006569847 4.6435375e-08 1.1447725e-08 0.21909289 1.2286749e-06 0.93968076 5.9202906e-05 8.042262e-07 7.706013e-09 0.0002576881 0.013233665 0.24935834 9.830978e-06 8.9708585e-05 5.5554456e-06 0.01445538 7.551667e-06 6.256044e-05 0.89910436 3.9988364e-19 0.22516151 0.34030998 4.2833894e-05 5.5972077e-06 0.009684847 0.3053699 0.8438188 9.2365775e-07 1.4989366e-05 0.70956546 0.06628704 3.471955e-09 3.581014e-08 0.94409597 3.8048455e-07 0.07660315 0.17637551 6.5090586e-09 3.1055173e-08 0.13275339 0.0072154147 0.020385878 0.09797557 0.7607108 8.709179e-05 0.00022124567 2.8936477e-06 0.0008310979 0.00076756784 0.00021129414 0.22728363 0.021352375 0.2197097 1.0782312e-06 0.03489605 4.079197e-09 0.0018897399 0.0055343686 0.002295177 1.0429573e-05 0.009256787 5.3889153e-06 0.03614823 3.382654e-07 4.0590916e-07 1.6730108e-07 0.0046936125 0.003981672 0.002403125 2.6567195e-05 9.80703e-09 2.0500912e-07 4.590005e-09 2.0370455e-05 1.0758837e-05 2.5950143e-08 0.0082220305 0.00017550259 2.9045325e-06 1.1720191e-05 1.1624896e-08 1.904405e-06 0.0018319708 2.218629e-09 3.5533462e-06 0.0018647845 0.00407772 0.0003101407 0.0013040636 1.6541428e-05 4.4769763e-06
0.65374374 0.007941339 0.013051746 0.0036135486 0.024708569 0.20159154 0.02843181 1.5655492e-05 0.058615804 0.057545725 0.3541072 7.945406e-07 3.2551273e-07 0.9162882 1.6097245e-05 0.6387928 0.0045348005 7.588396e-05 9.606931e-07 8.3803534e-05 0.0032659206 0.011692387 3.4774694e-05 0.004316073 1.0190872e-06 0.86892635 0.016023347 4.0843106e-06 0.9752204 0.22516151 1.1283986e-16 0.00070854835 1.1704163e-05 0.044032928 0.00025008307 0.00030779408 0.000111907226 2.497683e-07 4.173349e-07 0.9209869 0.93836635 1.957586e-09 2.6180388e-07 0.00012222321 0.0002085332 4.8829377e-05 0.001029546 7.640286e-09 5.5907262e-06 5.9944914e-06 3.220808e-05 1.2330433e-05 0.00015209558 0.020935737 1.0657376e-06 1.8315716e-07 2.3029143e-07 4.7143445e-07 1.456083e-05 1.3292829e-07 0.015026351 0.6709278 0.65074086 3.967412e-07 0.0036184439 4.016403e-11 8.314165e-06 2.8505958e-06 2.2727896e-05 6.57281e-07 9.0125e-05 1.1517635e-06 0.000103395265 0.010485128 1.6398462e-07 4.5610486e-07 0.1541889 0.0016061278 0.000107506676 0.040989056 0.00020337853 2.2550402e-07 3.500494e-09 8.366339e-07 9.7822436e-08 2.6567593e-09 0.016900906 2.6936507e-07 6.333201e-08 0.0036774122 1.3099298e-08 4.2911555e-08 4.4455708e-05 1.743761e-10 1.0621583e-07 1.7083265e-05 0.07826624 3.6870966e-07 5.1757343e-05 4.801041e-05 0.0017829237
