1.2927613e-19 0.8708551 0.97680444 0.9833145 0.7387861 0.96762717 0.36568615 0.9666303 0.8087773 0.5436665 0.93301713 0.9920876 0.93774027 0.64297104 0.9629148 0.947607 0.7341862 0.9227295 0.36800972 0.96539146 0.8364765 0.35775387 0.6081189 0.034313522 0.98421925 0.71351576 0.19149168 0.86923254 0.786764 0.6823489 0.010811557 0.62319976 0.9892403 0.9211245 0.56555855 0.83770007 0.004467873 0.8751996 0.004945055 0.93896955 0.9007024 0.048553023 0.6509264 0.2609603 0.0062688664 0.78933555 0.72772455 0.11046437 0.66205287 0.83632773 0.99234915 0.5839343 0.831416 0.21000713 0.8484944 0.9905013 0.08139271 0.99897915 0.25305924 0.0077920263 0.999105 0.5871367 0.12839724 0.9356196 0.02743225 0.47165215 0.6710539 0.30202365 0.00033470785 0.9724709 0.99379873 0.9222511 0.94532216 0.07667008 0.0062087355 0.0024349748 0.90812427 0.019837253 0.94875 0.7673254 0.76230645 0.0066199005 0.92518824 0.001364662 0.99142265 0.012664659 0.97180796 0.912526 0.98962724 0.94029117 0.79739463 0.9840524 0.06481568 0.09544116 2.1281553e-06 0.9992799 0.04532184 0.4212697 3.7659279e-06 0.99962854 0.99983394
0.8708551 1.4402842e-17 0.94230795 0.95697826 0.8447859 0.6046623 0.7155279 0.84472215 0.8107258 0.067437574 0.42390677 0.46475393 0.08120388 0.14275895 0.4031464 0.69620955 0.03029919 0.0017492988 0.032542028 0.3461433 0.0009530729 0.641366 0.022458438 0.2385568 0.033476833 0.0004491714 0.08956484 4.548122e-05 7.9164005e-05 7.2191855e-05 0.02302804 2.4641788e-05 0.0009901638 0.009716658 0.0015914555 0.0012687665 0.0060789264 0.0001293685 0.011299407 0.0010951102 0.000412967 0.00023160534 0.0049964725 0.00049177493 0.0019361457 0.00010504163 0.0001688143 1.5777221e-06 3.3331533e-05 2.74807e-05 0.047547955 3.5301033e-05 0.0014383761 4.091466e-07 2.7127535e-05 0.3602951 0.005059669 0.0062004416 3.3172276e-07 0.00012339556 0.00019742546 2.6234997e-07 3.7317623e-05 0.00043041015 6.36401e-07 7.825295e-06 1.1709342e-07 8.435943e-06 0.00014454013 0.029871022 2.4257265e-06 2.5269805e-05 4.9892846e-05 2.162115e-09 3.4942536e-07 2.1275464e-06 0.006902915 4.892946e-07 0.0027200733 0.0007273371 5.7382213e-06 5.1633253e-07 1.3930863e-06 0.0020090092 0.005491331 1.3372775e-08 0.005272965 0.00042305162 0.001957439 1.7596061e-08 1.4895187e-07 1.0535916e-06 4.780048e-07 8.4960874e-07 4.941024e-07 0.00029155114 3.4839985e-07 3.967444e-08 4.2681347e-09 0.0029185205 0.004373885
0.97680444 0.94230795 3.5242189e-15 0.85906225 0.04736787 0.9319624 0.082809865 0.2868506 0.91772807 0.40501285 0.07693946 0.59033144 0.31812522 0.60299176 0.044677604 0.2984704 0.3581716 0.012599762 0.31226504 0.056573424 0.0024783444 0.7664678 0.24812487 0.035981946 0.0025780327 0.001216596 0.4364501 3.3093693e-05 5.907426e-05 5.127955e-05 0.063226506 3.9846844e-05 0.0007172079 0.0104096 1.8684943e-05 3.272134e-05 0.0002872255 6.367695e-05 0.06163355 2.7622693e-05 1.4452153e-06 3.4975583e-05 0.2978387 0.02671378 0.02054559 0.00034572714 3.1675538e-06 6.929412e-07 1.3483368e-06 8.224857e-07 0.09649292 2.513847e-07 0.00061268196 1.4818747e-07 2.698361e-07 0.4293716 0.10066143 0.009778985 3.8554936e-07 0.0046361326 0.00022569348 2.6728836e-08 0.0024021086 6.219805e-06 0.00021743575 6.639117e-05 3.7158678e-08 5.711581e-05 9.117436e-06 0.0331778 8.047245e-06 4.472242e-05 8.173935e-07 6.000064e-09 3.077534e-05 0.00022252269 0.0026375034 4.0360574e-06 0.00040063824 2.213728e-05 1.38135e-07 7.804862e-05 3.6899337e-08 0.0041464404 0.0026997335 5.241631e-07 0.0022246244 2.877729e-05 0.00022401614 7.1131404e-07 2.0814443e-07 5.0785534e-08 3.5444448e-06 9.5106043e-07 8.166367e-06 1.9562294e-05 9.921445e-06 3.2552435e-08 2.1894474e-08 0.0020291698 0.005651495
0.9833145 0.95697826 0.85906225 5.826197e-13 0.38188922 0.5386383 0.23054543 0.78162396 0.7654424 0.037349008 0.30959246 0.57485056 0.071345165 0.34908378 0.22313519 0.92845386 0.06722282 0.002322575 0.08806719 0.39993334 0.00096026174 0.6343099 0.05810338 0.09391454 0.007878683 0.0010198491 0.17457655 4.0707684e-05 4.159212e-05 5.930428e-05 0.014701677 7.416111e-05 0.00024778597 0.012522885 0.00013382804 0.00030842467 0.00049658254 5.7023994e-05 0.015169854 0.0002565036 4.1824092e-05 4.399053e-05 0.04710215 0.0029885273 0.005388592 0.00022759229 2.9985664e-05 1.3264677e-05 1.5068109e-05 6.78998e-06 0.11164906 8.357148e-06 0.0011096682 3.6619135e-06 9.988761e-07 0.70911473 0.025315337 0.008805696 2.5309998e-06 0.0004484504 0.00011960091 8.3699933e-07 0.0004556569 2.830184e-05 4.6123845e-05 2.2850625e-05 3.727163e-07 2.016784e-05 5.3239917e-05 0.09962794 2.4026125e-05 8.766234e-05 7.141107e-06 3.301973e-07 7.1984196e-06 0.00012305946 0.019782979 3.8263383e-06 0.0054590204 0.00086637127 1.4251355e-06 6.303265e-05 3.3905408e-07 0.0026899634 0.007834342 3.2935466e-06 0.009321993 0.00073980057 0.00041003784 3.5039798e-06 2.6609553e-06 8.994022e-07 3.642923e-06 2.868651e-05 2.5211084e-06 0.00035348834 9.4869465e-06 6.020349e-07 3.724143e-07 0.004246142 0.01488669
0.7387861 0.8447859 0.04736787 0.38188922 4.715577e-18 4.6984736e-05 0.9938455 0.86384547 0.021070816 0.000117896554 0.73984784 0.00080617436 5.30446e-05 0.0018737012 0.89388484 0.15871592 3.6490586e-05 7.0714395e-06 7.405199e-05 0.245623 3.258446e-06 0.13909176 0.00013190912 0.42779228 0.29116955 2.8879547e-06 0.00047872012 7.105482e-08 1.6129408e-07 1.8427899e-07 0.0015950787 2.209458e-08 2.9564508e-05 0.00023948589 0.10735542 0.01715519 0.03956226 7.925337e-07 0.0005409819 0.0023577502 0.0035788377 0.038318638 3.0567353e-06 2.3006336e-07 1.5913956e-05 9.526576e-08 0.00032714178 0.00014188 0.00012917533 6.1161213e-06 0.007112908 5.9361824e-05 8.639871e-05 8.824252e-07 1.6520366e-05 0.06549026 2.670788e-05 0.00024300982 1.8928168e-06 7.104206e-07 2.6284022e-06 1.9799928e-07 1.2574672e-07 0.0014119227 1.1693227e-09 1.8174775e-07 2.4143174e-07 2.3806152e-08 0.0009094194 0.0072877235 4.2257152e-08 2.8092975e-07 0.000107305095 7.419616e-08 4.5138817e-09 6.9460924e-07 0.0017882138 3.8337124e-08 0.0017877499 0.0004861761 8.897131e-06 1.8399223e-07 3.524329e-06 0.0008531574 0.00028780077 5.9502725e-07 0.0011029344 0.00021710341 0.0032835314 1.6724467e-08 4.5103712e-07 9.310199e-06 3.2727856e-09 2.0939906e-06 3.3305565e-09 0.00014714908 8.34203e-09 6.770688e-07 7.83511e-07 0.001302446 0.0066047753
0.96762717 0.6046623 0.9319624 0.5386383 4.6984736e-05 4.564575e-16 0.00027666893 0.11870299 0.46633074 0.9910884 0.003277576 0.70104295 0.8400751 0.47344312 0.0018531387 0.018802775 0.6765264 0.46024558 0.19157903 0.00087038695 0.049193937 0.03231845 0.18109451 0.00023432671 2.7958857e-05 0.013588777 0.13856037 0.0006749224 0.0008900857 0.00020188784 0.004229076 0.00021027158 0.031990644 0.010851559 6.057239e-08 1.9085596e-06 1.7775984e-07 0.0005093991 0.0035545856 2.69636e-07 1.8004098e-08 6.29949e-07 0.24886414 0.02988825 0.0048721354 0.002519849 6.7752765e-08 2.9282347e-08 9.001688e-08 4.0876966e-08 0.44562727 1.3630419e-08 0.0013029752 1.3310539e-07 1.5454894e-08 0.33006525 0.08945237 0.009199617 7.79217e-08 0.0039730202 0.00089593645 5.6777347e-09 0.009009514 7.135282e-07 0.0010313011 0.00017678262 7.279587e-09 0.00017433603 9.170312e-07 0.06274071 3.5425583e-05 0.00034661472 2.737829e-07 1.2498984e-06 9.5256955e-06 0.0008434744 0.0009990314 2.9730318e-06 7.2924086e-05 7.1496383e-06 3.950266e-08 9.470075e-05 2.4800654e-08 0.00017240788 0.0033651653 1.452173e-06 0.0008937467 2.5888744e-06 0.000146769 2.7790691e-05 2.8954184e-07 2.5513593e-06 1.3365221e-07 9.917637e-07 1.283907e-05 1.4418508e-06 2.2938266e-05 3.4192325e-07 1.6470024e-07 0.0007449473 0.0040962845
0.36568615 0.7155279 0.082809865 0.23054543 0.9938455 0.00027666893 6.6112066e-17 0.64195395 0.07532322 0.0005833524 0.47739577 0.002308873 0.00034251384 0.0020932602 0.7387672 0.020363364 0.000101589285 7.534543e-05 0.00020365688 0.03495646 1.257676e-05 0.45543253 0.0004603576 0.9271118 0.098445974 1.1984015e-05 0.0007793698 1.2136356e-06 9.0671745e-07 4.5870956e-07 0.0018824517 3.646133e-07 1.6296844e-05 0.00012234099 0.33785295 0.0068252627 0.4251326 2.4316967e-07 0.0010061921 0.00054488337 0.021097915 0.3224916 7.2250223e-06 1.3425563e-06 6.6900466e-05 1.1972836e-06 0.0008679525 0.0026941663 0.00045941287 1.6997119e-05 0.001516615 6.6255685e-05 1.8502655e-05 2.4026044e-06 5.4360185e-05 0.03693685 5.415055e-06 0.00012640654 2.1405083e-06 4.5847887e-06 1.1162206e-05 7.0770346e-07 6.7694737e-07 0.00087246165 3.3245353e-08 4.5469733e-07 1.1242346e-06 4.0602046e-08 0.024252739 0.0006474934 1.0170571e-06 1.3401125e-05 4.5500838e-05 9.12299e-07 2.0984986e-08 3.1807824e-06 7.645856e-05 1.4056639e-07 0.00010588386 3.2701344e-05 5.910336e-06 8.425992e-07 1.5655604e-06 0.008153705 4.8993033e-06 7.2161324e-06 0.0001260776 1.6471064e-05 0.002424078 1.6192669e-08 9.367254e-07 1.6227057e-05 5.3785456e-09 1.2393843e-06 2.0429947e-07 5.4661232e-05 1.6425249e-08 3.6753556e-06 0.00010229841 0.00027863312 0.003419582
0.9666303 0.84472215 0.2868506 0.78162396 0.86384547 0.11870299 0.64195395 4.6845865e-14 0.49716622 0.003262241 0.9372662 0.031881716 0.0031405925 0.054336827 0.8480713 0.88322306 0.0045616105 0.00032132806 0.015331687 0.8163566 0.0003475233 0.5370036 0.012007968 0.420518 0.30713218 0.00016110983 0.05439238 3.068635e-06 6.5285526e-06 1.0063951e-05 0.0075450265 5.099583e-06 2.0371523e-05 0.0028403073 0.0062295827 0.0046905116 0.009881776 6.2687427e-06 0.0037067388 0.001521204 0.0008599763 0.00044141593 0.0021301412 0.000188901 0.00069110456 0.0001252525 0.00019645444 8.262665e-05 4.2106967e-05 2.2733751e-05 0.015517354 3.85663e-05 0.00027143856 2.7547192e-05 6.2200957e-06 0.43020266 0.0025273098 0.0030244505 4.5131787e-06 3.60956e-05 7.79669e-06 1.6086817e-06 2.5701476e-05 0.00012767025 1.0473588e-05 1.856666e-05 2.546732e-07 4.3828327e-06 0.000271118 0.06605384 9.799658e-06 7.248605e-06 3.506298e-05 1.7997516e-05 3.6856502e-06 7.987641e-05 0.016990947 5.241634e-06 0.005368989 0.0017354877 5.355639e-06 4.7192116e-05 1.2947095e-06 0.0017672261 0.0041977065 2.1856642e-05 0.0070278877 0.0018002762 0.0010374096 7.14157e-08 4.6864334e-06 1.6591201e-06 5.084434e-07 9.078505e-06 6.519611e-06 0.0014555603 1.5145314e-07 3.621155e-07 2.463212e-06 0.0038653056 0.016190091
0.8087773 0.8107258 0.91772807 0.7654424 0.021070816 0.46633074 0.07532322 0.49716622 1.04458194e-16 0.40703875 0.115048595 0.044138964 0.012332433 0.9819822 0.19837792 0.03635574 0.3983713 0.0010477495 0.5485898 0.004258392 0.00013530577 0.92057395 0.26209062 0.06795622 0.0017268128 0.00015829307 0.40448758 3.4907403e-05 1.9646288e-06 1.111653e-06 0.1780316 9.277236e-06 0.00015093284 0.00031030935 4.0062682e-06 0.00013624832 0.00013585856 8.2189916e-07 0.044706326 3.1448108e-06 2.0337754e-06 1.6066833e-05 0.025248814 0.001660613 0.01042935 0.00016548489 1.824223e-06 1.4407606e-06 4.561558e-07 1.6444858e-06 0.0041797603 3.0725545e-07 6.8340846e-06 1.5047156e-07 2.8553342e-07 0.16153775 0.013852439 0.00010489408 2.724002e-07 0.0011238547 5.464009e-06 1.3300603e-07 3.4995235e-05 8.438211e-06 1.3830497e-06 2.905979e-06 2.595539e-08 1.960612e-06 7.041113e-05 0.004648086 5.3397093e-07 2.5027404e-05 7.0498045e-06 4.1112654e-07 1.5203996e-07 5.9322665e-05 0.000117261894 7.180966e-07 1.6913813e-05 1.3748431e-05 8.3263893e-07 1.8564499e-05 1.7956567e-06 0.0142863635 0.00036027783 6.2194164e-07 0.000101716185 1.0979838e-05 0.00045667053 1.0303568e-06 3.3881606e-06 4.4855065e-06 4.031198e-08 1.4967118e-06 3.0448695e-05 1.2925819e-05 7.4505735e-08 9.794485e-07 9.1931085e-08 0.0004476714 0.0054298425
0.5436665 0.067437574 0.40501285 0.037349008 0.000117896554 0.9910884 0.0005833524 0.003262241 0.40703875 2.6078785e-17 0.0001859871 0.246853 0.38095748 0.7222772 0.00012714184 0.0014992913 0.9883857 0.18702628 0.39541298 0.00011462464 0.018654529 0.0063886447 0.43932545 0.00015613067 1.5800182e-06 0.034977786 0.06575082 0.003077587 0.0011464279 0.000612168 0.0021598113 0.003420937 0.008591049 0.008267769 8.8948354e-07 2.060074e-06 1.2955666e-06 0.00025994956 0.00081250473 5.1826117e-08 2.1711115e-07 3.784549e-06 0.07173061 0.010774861 0.0012641785 0.021158928 6.779947e-07 1.0438821e-06 3.9148347e-07 5.0329614e-08 0.06984561 1.5926943e-08 0.0016499244 6.926773e-08 3.776442e-07 0.02025407 0.034117874 0.004080626 1.0489331e-07 0.0022014868 0.00068274274 1.3271459e-07 0.0033708264 4.861805e-07 0.0007186069 0.0001671723 5.3992597e-08 0.00032080602 4.247663e-06 0.00501967 0.00021194482 0.006089913 1.0151475e-07 2.0159281e-07 6.0048274e-05 0.0003352832 0.00012355488 1.0224117e-06 4.151057e-05 4.831795e-06 8.5215027e-07 0.000110615285 1.7842306e-07 1.7352675e-06 0.00037259478 1.9679881e-07 8.252742e-05 4.8619604e-06 3.3593275e-05 0.0002503635 3.9153122e-07 7.2674807e-06 2.354344e-06 1.2007002e-06 7.59522e-06 6.867086e-07 6.473026e-05 3.768495e-07 3.8245193e-07 0.0003046771 0.0005687648
0.93301713 0.42390677 0.07693946 0.30959246 0.73984784 0.003277576 0.47739577 0.9372662 0.115048595 0.0001859871 2.6439619e-15 0.003677051 0.00050411304 0.007150563 0.9753639 0.52515876 0.0005566194 0.00010071636 0.0013509182 0.83487564 0.00010108963 0.2612985 0.00093890115 0.2065929 0.5941345 2.1555701e-05 0.0036699988 1.5644598e-07 5.589758e-07 5.8120685e-07 0.0007042406 2.3277414e-07 2.9919638e-06 0.0009482443 0.014480091 0.02416286 0.009081403 8.024143e-07 0.00022884419 0.009215027 0.0067125643 0.0020088733 0.0001797641 1.2899084e-05 5.219498e-05 1.6503138e-05 0.00032430785 0.00010835751 0.0001700379 4.2660555e-05 0.01197172 0.00010635182 4.207706e-05 2.2260874e-05 1.1706416e-05 0.25076243 0.000110562345 0.0010654968 1.68111e-05 4.690802e-06 2.4450628e-07 4.660494e-06 2.618612e-06 0.00024049245 1.0901216e-06 2.1488634e-06 2.9299442e-06 2.0033544e-06 0.000305787 0.062734805 6.6763107e-07 4.2767465e-06 7.1793096e-05 7.887038e-06 1.9162503e-06 4.0394938e-05 0.022246262 7.683492e-07 0.011489207 0.003608772 1.4237343e-05 2.3273e-05 5.2553282e-06 0.00047013114 0.00323103 3.3073957e-06 0.0064484635 0.0021956046 0.0019622403 6.298324e-09 1.4187601e-05 2.2034705e-05 9.726373e-08 2.1153599e-05 3.8014814e-06 0.0013746565 2.1884372e-08 2.0843952e-06 4.923768e-06 0.004990974 0.024271129
0.9920876 0.46475393 0.59033144 0.57485056 0.00080617436 0.70104295 0.002308873 0.031881716 0.044138964 0.246853 0.003677051 2.4835914e-16 0.9777591 0.06858664 0.0014698597 0.4058326 0.07995698 0.45065984 0.030256521 0.03751156 0.40821445 0.00064942375 0.030381998 0.0019071713 0.0007800729 0.053890355 0.018582191 0.0025213587 0.004386582 0.004957518 0.0007380776 0.0011962209 0.021561908 0.6145519 1.2827199e-05 0.00021834509 3.0153753e-06 0.0020337 0.0011506334 4.994764e-05 6.801194e-07 3.5519995e-05 0.058142096 0.016853785 0.0009790293 0.002295512 2.7723624e-06 1.1151894e-07 1.1058902e-06 1.7136016e-07 0.8743036 1.3791168e-06 0.007866876 2.94014e-07 3.761393e-07 0.49616584 0.05637951 0.09110838 7.835051e-07 0.0029820693 0.0051762015 9.236855e-08 0.0065821107 5.301107e-05 0.0021954696 0.000668672 1.6088428e-08 0.0007226879 4.371714e-05 0.5104754 5.0138013e-05 0.00038968227 4.7113713e-06 1.280877e-08 0.00015384369 0.0002757349 0.12275956 3.8950824e-05 0.010443668 0.0022173943 4.3156672e-07 0.00028470234 6.7065685e-08 9.049007e-09 0.16177535 1.3494862e-07 0.07262987 0.0007093679 0.0021882986 5.6255896e-05 2.1890821e-06 4.979743e-07 9.218534e-06 1.088502e-06 5.360828e-07 0.0001841059 8.0464364e-05 2.9619085e-07 6.5520953e-07 0.030958006 0.02539913
0.93774027 0.08120388 0.31812522 0.071345165 5.30446e-05 0.8400751 0.00034251384 0.0031405925 0.012332433 0.38095748 0.00050411304 0.9777591 2.9949603e-16 0.04552571 0.00020532348 0.020616446 0.08612057 0.935834 0.0250898 0.0013709356 0.76064676 0.0002720735 0.038218036 0.00021394697 8.605687e-05 0.5716604 0.0130463885 0.011354741 0.02569083 0.024272894 0.0004887711 0.013560058 0.11551529 0.36243954 9.275064e-07 1.1845482e-05 5.146758e-07 0.012989579 0.00046475275 1.1490109e-06 1.0816809e-07 5.593622e-06 0.098668106 0.037087128 0.0007409378 0.012185211 8.955908e-07 9.61623e-08 2.842567e-07 1.6879953e-07 0.5717898 4.1652297e-07 0.014604785 8.3368484e-08 1.7325117e-07 0.15033448 0.106212914 0.121182434 2.5519418e-07 0.007856182 0.032712676 7.487884e-08 0.025981126 1.2354375e-05 0.0071406923 0.0028259375 1.6508292e-08 0.003184399 2.0593156e-06 0.08396534 6.493603e-05 0.00019796488 3.4605885e-06 3.318947e-08 0.00069147116 0.0027060164 0.013969394 0.00013705317 0.0024646164 0.00036181486 1.0330566e-06 0.00071387476 8.937158e-08 2.377203e-08 0.016539251 5.1444067e-07 0.0086378 7.62101e-05 0.0009253243 2.1913578e-05 2.2957647e-06 7.270971e-07 1.2187256e-05 7.6717254e-07 8.6687487e-07 0.00040600638 0.00014512247 5.181197e-07 2.1890465e-08 0.0056772223 0.006323413
0.64297104 0.14275895 0.60299176 0.34908378 0.0018737012 0.47344312 0.0020932602 0.054336827 0.9819822 0.7222772 0.007150563 0.06858664 0.04552571 3.0642094e-14 0.0073248823 0.0060710497 0.92947763 0.012597665 0.9425832 0.0006259493 0.0009911488 0.6391436 0.7729975 0.0048871404 0.00048511408 0.0007126469 0.60747945 0.00018825843 8.03629e-05 3.4063636e-05 0.11901563 0.00024510574 0.00096779916 0.00072536216 7.235034e-06 5.8029364e-05 1.33718e-05 4.269332e-05 0.09327982 2.8754669e-06 1.3089109e-06 1.9849636e-05 0.43496186 0.037681207 0.059950903 0.0018405061 4.704026e-06 3.5971186e-06 5.4055124e-07 1.3263469e-06 0.012072498 4.7043963e-07 0.00012743099 1.4019462e-07 7.297584e-07 0.03932948 0.1854774 0.0010310858 1.6473811e-07 0.005727842 0.00014090374 1.3100342e-07 0.0046942397 2.9210194e-06 0.00056147977 5.0048155e-05 8.519784e-08 9.975434e-05 0.00011445806 0.0020128007 5.8413312e-05 0.0012530136 1.6264092e-06 1.0476989e-06 6.908463e-05 0.00080347765 0.0001321969 6.5436307e-06 2.6501804e-05 2.8418908e-06 2.122071e-06 0.00017063605 1.2086206e-06 0.041129034 0.00019340205 4.375902e-07 0.00016835736 1.993142e-06 0.00015344369 9.846916e-07 4.123141e-06 1.0244745e-05 6.708376e-07 2.5921627e-06 0.0001960756 8.001841e-06 7.400557e-06 1.9363256e-06 2.1053143e-06 0.0004693044 0.0014003159
0.9629148 0.4031464 0.044677604 0.22313519 0.89388484 0.0018531387 0.7387672 0.8480713 0.19837792 0.00012714184 0.9753639 0.0014698597 0.00020532348 0.0073248823 5.6465747e-14 0.2724562 0.00066611404 4.9031616e-05 0.0021584902 0.7291587 6.786688e-05 0.51201254 0.0012001446 0.46743602 0.9031697 1.3810748e-05 0.0061933 1.380611e-07 2.1305829e-07 4.4552564e-07 0.0018188893 1.8688665e-07 3.82601e-06 0.0005168452 0.16293935 0.14817128 0.050508987 5.3824203e-07 0.0005622189 0.09840295 0.11915751 0.017263642 0.0003840413 5.5878187e-05 0.00017555866 3.2156062e-05 0.002995741 0.0010703803 0.00055609725 0.00034937027 0.004553396 0.00046813907 2.1580732e-05 0.00010575812 1.930988e-05 0.16075791 0.00024379068 0.0007759457 5.7570585e-05 1.5470445e-05 2.3023686e-06 1.7974566e-05 7.15545e-06 0.0012220544 4.7835115e-06 9.879184e-06 1.5128324e-05 3.3071371e-06 0.0010034026 0.03614219 1.5892881e-06 1.2065568e-06 0.00038048075 0.00022278556 4.968186e-06 0.00014225232 0.014795308 1.7823983e-06 0.012444975 0.0058108782 4.433183e-05 0.000118028634 1.585902e-05 0.0007741101 0.0030327747 7.9102734e-05 0.0057052798 0.0039680297 0.005135839 1.28168836e-08 2.364838e-05 4.7143534e-05 1.81219e-07 0.00010472106 5.6850254e-06 0.0030846111 7.863897e-08 4.3403847e-06 7.4196796e-06 0.0056108288 0.043490496
0.947607 0.69620955 0.2984704 0.92845386 0.15871592 0.018802775 0.020363364 0.88322306 0.03635574 0.0014992913 0.52515876 0.4058326 0.020616446 0.0060710497 0.2724562 1.6234342e-13 0.0011032978 0.0019413633 0.0007166821 0.9765576 0.0011253965 0.025223333 0.0003669057 0.00828101 0.09688611 0.00075947057 0.0005656669 0.00011937812 8.094192e-05 0.00014018599 0.00029676754 6.0652368e-05 0.0004906698 0.018116036 0.00031155592 0.006289526 0.0002903345 0.00010549691 0.0002475059 0.0017472721 5.6462555e-05 0.00022964938 0.0004669283 9.102663e-05 3.4139022e-05 5.3389304e-05 0.00034040646 3.905804e-06 1.46893e-05 1.1063496e-05 0.18432193 8.337537e-05 0.0013960437 7.869007e-06 8.220916e-06 0.887698 0.0010538158 0.010260165 4.529767e-06 3.476176e-05 6.155153e-05 1.9784197e-06 4.128207e-05 0.00015937292 5.835571e-06 1.1549803e-05 1.5018641e-07 3.428439e-06 0.00015961356 0.32078764 7.269023e-05 0.0008795208 3.7532554e-05 7.3414874e-08 6.801804e-07 0.00015273181 0.13671528 8.724175e-07 0.027379075 0.00897611 1.5215978e-05 5.6796584e-05 2.5981522e-06 1.6966226e-06 0.067226164 2.6274774e-06 0.05489 0.0032274665 0.00038434324 3.4852565e-06 8.095802e-06 6.978225e-06 5.109382e-06 4.6996294e-05 1.1116488e-06 0.0016753229 1.1936737e-05 3.809026e-06 9.064296e-07 0.01696258 0.029578108
0.7341862 0.03029919 0.3581716 0.06722282 3.6490586e-05 0.6765264 0.000101589285 0.0045616105 0.3983713 0.9883857 0.0005566194 0.07995698 0.08612057 0.92947763 0.00066611404 0.0011032978 7.4513183e-14 0.0829504 0.8858973 0.00020394413 0.008402557 0.06787722 0.90414697 0.00011862264 2.1137346e-05 0.020348914 0.32767263 0.004113841 0.00097536325 0.0003445035 0.021160204 0.0046213428 0.010588094 0.0042765345 2.8883528e-07 4.273309e-06 5.919618e-07 0.00063553767 0.015234916 1.7540226e-07 1.5836757e-07 5.0788058e-06 0.45694748 0.09436559 0.021572774 0.019939836 5.7471093e-06 1.4192478e-06 1.1492236e-06 3.4491472e-07 0.047471147 2.260531e-07 0.0012321607 1.8778029e-07 7.798515e-07 0.019627146 0.28903407 0.004094033 1.5601822e-07 0.01340101 0.0008624802 5.2823612e-08 0.025136711 2.0960244e-06 0.00482398 0.0005696654 1.5255412e-07 0.0022816753 1.7621529e-05 0.0012030737 0.00091473234 0.0048135226 1.5036491e-06 1.4273717e-06 0.0011495969 0.0025769402 4.052984e-05 2.008379e-05 1.4738511e-05 6.93834e-07 4.2536405e-07 0.0003429131 5.9092736e-07 0.00046179723 6.601078e-05 9.71304e-07 7.592863e-05 1.2904861e-06 8.534402e-05 0.00013833163 3.979578e-06 1.0474238e-05 5.3121266e-06 9.636137e-07 6.955022e-05 4.5489487e-06 0.00023968215 1.9032576e-06 4.451345e-07 0.00023217856 0.0016277975
0.9227295 0.0017492988 0.012599762 0.002322575 7.0714395e-06 0.46024558 7.534543e-05 0.00032132806 0.0010477495 0.18702628 0.00010071636 0.45065984 0.935834 0.012597665 4.9031616e-05 0.0019413633 0.0829504 3.4722273e-16 0.014523179 0.00012719362 0.97908205 4.9806324e-05 0.0408618 4.5932902e-05 3.506629e-05 0.8808182 0.011338747 0.14877537 0.17600381 0.06905817 0.00013746381 0.086819634 0.5060583 0.30245075 3.3522196e-07 4.6203954e-06 8.5577926e-07 0.13482736 0.00012423428 1.381593e-06 3.1237914e-08 1.1028985e-05 0.2997753 0.1432553 0.0004508651 0.12635763 4.830088e-07 3.860797e-08 2.7107853e-07 9.458336e-08 0.4923911 1.9584768e-07 0.026813705 6.831412e-08 4.3408853e-08 0.026818192 0.2299223 0.17064445 1.2412725e-07 0.00916252 0.051277164 1.5283232e-08 0.18529731 6.4404213e-07 0.07564374 0.033075284 7.461634e-09 0.13630375 3.543333e-06 0.017163767 0.00030973545 0.0022258053 7.391761e-08 4.88556e-09 0.011662275 0.0077031604 0.0018452778 0.0026664564 0.0006702867 5.0704555e-05 2.0752405e-07 0.0059150085 2.0574744e-08 1.0344861e-08 0.0040753405 3.936999e-07 0.0020903095 7.706466e-06 0.00024695558 9.376747e-05 4.673675e-07 7.0618586e-07 6.098535e-05 1.3750608e-07 4.161678e-06 8.428315e-05 0.00019894676 6.5214394e-08 9.1598885e-08 0.0035592157 0.002396105
0.36800972 0.032542028 0.31226504 0.08806719 7.405199e-05 0.19157903 0.00020365688 0.015331687 0.5485898 0.39541298 0.0013509182 0.030256521 0.0250898 0.9425832 0.0021584902 0.0007166821 0.8858973 0.014523179 3.775141e-15 0.00017088014 0.0011090895 0.32403502 0.98819184 0.000342883 0.00010302467 0.00052068254 0.7607612 0.0003311742 0.000103084625 3.0504903e-05 0.1489186 0.00018981785 0.0018603642 0.0006564717 6.0547876e-07 4.5082447e-06 2.2109737e-06 7.010493e-05 0.06631747 1.361647e-07 1.565712e-07 2.9541184e-06 0.31803423 0.06990755 0.06415151 0.002037341 5.4371117e-07 5.320459e-07 8.524286e-08 1.038684e-07 0.007451303 7.188252e-08 0.00014900892 4.605573e-08 8.803553e-08 0.009786681 0.18659435 0.00067932607 3.833413e-08 0.008901273 0.00010295446 3.1696327e-08 0.0050488645 1.1549632e-06 0.0003249763 1.7359072e-05 1.0195907e-08 5.010245e-05 1.8306513e-05 0.00056665606 2.1038803e-05 0.0009067919 4.4114634e-07 3.989937e-08 1.4703666e-05 0.00095214223 2.189292e-05 6.134739e-06 7.6151578e-06 1.3126211e-06 5.7461807e-07 6.616527e-05 1.8091819e-07 0.006718412 8.5019645e-05 3.2783414e-06 5.3123673e-05 6.5577836e-07 5.2933778e-05 2.1991052e-06 6.6232087e-06 8.737552e-06 6.306018e-07 9.879838e-07 0.00016010644 7.632818e-06 1.2126198e-06 5.038433e-07 2.4096246e-07 0.000371279 0.0009960291
0.96539146 0.3461433 0.056573424 0.39993334 0.245623 0.00087038695 0.03495646 0.8163566 0.004258392 0.00011462464 0.83487564 0.03751156 0.0013709356 0.0006259493 0.7291587 0.9765576 0.00020394413 0.00012719362 0.00017088014 5.656848e-14 0.000207339 0.009928067 0.000105407096 0.011671516 0.82632893 8.017237e-05 0.000110587236 1.5076337e-06 5.6264885e-06 5.987332e-06 8.619494e-05 2.457794e-06 6.681457e-05 0.0038426865 0.0047820453 0.06893373 0.0004977721 8.021118e-06 4.816316e-05 0.031617317 0.0018365637 0.00035767903 2.1410588e-05 3.7101354e-06 8.0368145e-06 2.4807207e-06 0.0022225154 4.324257e-05 0.0001122314 5.475285e-05 0.05725458 0.000292331 0.00022448043 1.3226693e-05 7.260958e-05 0.70597035 4.183918e-05 0.0024986078 3.818712e-06 3.6433958e-06 7.242123e-06 1.1586375e-05 3.948763e-06 0.0013522587 4.2763932e-07 2.8965937e-06 2.0074397e-06 1.7596925e-07 9.4516334e-05 0.42812997 8.227528e-06 0.00011523998 0.00042212932 6.558822e-07 2.7743712e-07 2.9845984e-05 0.24382012 3.8577517e-07 0.11711553 0.044484526 0.0001338163 2.4402529e-05 5.127998e-05 1.0887865e-06 0.04287138 1.8714572e-06 0.07395789 0.028107738 0.0037677032 2.5914667e-07 1.5548852e-05 0.000115063165 5.7435923e-08 0.00018993157 7.4200085e-07 0.017546821 8.520364e-07 7.747341e-06 1.2473656e-06 0.027637701 0.06697821
0.8364765 0.0009530729 0.0024783444 0.00096026174 3.258446e-06 0.049193937 1.257676e-05 0.0003475233 0.00013530577 0.018654529 0.00010108963 0.40821445 0.76064676 0.0009911488 6.786688e-05 0.0011253965 0.008402557 0.97908205 0.0011090895 0.000207339 3.2035752e-17 8.4317035e-06 0.0071328175 1.4868803e-05 2.9768918e-05 0.93837816 0.000822583 0.2687644 0.65252745 0.5977239 1.1842433e-05 0.43160802 0.7139651 0.7818712 8.031428e-08 1.3076788e-05 1.3503396e-07 0.46819538 1.02778995e-05 1.1777058e-06 5.925382e-08 4.1342605e-06 0.033553634 0.014926068 5.2619256e-05 0.11401103 8.572871e-07 4.1915493e-09 4.3233825e-07 1.3936399e-07 0.62731165 6.3662654e-08 0.15905096 1.0105492e-08 7.818144e-07 0.024663769 0.041575234 0.3628929 1.6795283e-07 0.0029964412 0.08900675 5.5878687e-08 0.035481177 2.4528836e-06 0.013855688 0.02090531 1.3907315e-08 0.04463186 2.9885345e-07 0.015919164 0.00304073 0.023941899 8.6328373e-07 3.0457286e-09 0.006577018 0.0014139306 0.0018796556 0.0033530176 0.0009393529 5.8338712e-05 1.9982963e-06 0.0034842666 1.2701355e-07 1.8927346e-09 0.006702672 1.922847e-07 0.0026571555 3.1516123e-05 5.1084055e-05 0.0016310561 2.4132896e-06 1.0802471e-05 0.00013729022 2.874596e-07 4.620992e-07 5.8930542e-05 0.0010385837 1.0091846e-06 1.0055617e-08 0.002943984 0.0018128568
0.35775387 0.641366 0.7664678 0.6343099 0.13909176 0.03231845 0.45543253 0.5370036 0.92057395 0.0063886447 0.2612985 0.00064942375 0.0002720735 0.6391436 0.51201254 0.025223333 0.06787722 4.9806324e-05 0.32403502 0.009928067 8.4317035e-06 4.0065704e-15 0.136409 0.48587474 0.007720277 1.2642262e-05 0.96406657 1.0322851e-05 8.6280545e-07 2.3142194e-07 0.9878065 9.599595e-07 3.696223e-05 2.9807195e-06 3.4745655e-05 0.00020274355 0.0046321624 6.381367e-07 0.55926657 1.4941033e-06 1.0978184e-05 6.616072e-05 0.007973467 0.0004377449 0.11271368 4.598839e-05 2.3601875e-05 1.5830166e-06 5.705013e-06 1.1430167e-05 7.2841234e-05 1.1699425e-06 7.6067994e-07 5.197642e-07 4.7317467e-06 0.06794878 0.0025554309 4.052287e-06 1.1756556e-06 0.00076025754 2.7026554e-06 1.1134673e-06 8.759774e-07 4.192813e-05 4.015574e-08 1.2080577e-05 7.411016e-08 8.475363e-07 0.00044874987 0.0017494563 8.61865e-08 1.2229787e-05 3.580681e-05 7.1821546e-06 9.845774e-08 4.13612e-05 2.705891e-05 6.396368e-07 5.806725e-06 7.43421e-07 1.8681092e-05 8.750068e-06 8.2725e-06 0.6898279 8.2074934e-05 1.0388129e-05 8.186418e-05 7.5846253e-07 0.0005128654 1.8834875e-06 1.7505085e-05 7.871326e-06 4.8881628e-08 1.1419638e-06 0.00014771163 6.2823406e-06 3.4823294e-08 2.9162193e-05 7.908918e-08 0.0002760396 0.024778485
0.6081189 0.022458438 0.24812487 0.05810338 0.00013190912 0.18109451 0.0004603576 0.012007968 0.26209062 0.43932545 0.00093890115 0.030381998 0.038218036 0.7729975 0.0012001446 0.0003669057 0.90414697 0.0408618 0.98819184 0.000105407096 0.0071328175 0.136409 1.5653264e-13 0.00011760201 5.978309e-05 0.014044199 0.9204414 0.0055367863 0.0021386028 0.0004109555 0.3369086 0.0018463101 0.021208368 0.0017994557 7.6581887e-07 1.2617738e-05 2.042273e-06 0.00054211577 0.17389429 7.252041e-08 3.4809364e-07 3.720799e-05 0.6964344 0.45871538 0.26531354 0.08758863 1.3811182e-05 7.78065e-07 7.077508e-07 4.9101385e-07 0.016840234 2.7519278e-07 0.00049836445 1.3427349e-07 5.4519984e-07 0.016373485 0.47818398 0.0018227277 5.4397833e-07 0.06541621 0.00053753494 3.350973e-07 0.07674852 8.194451e-06 0.014303759 0.0012118355 3.078231e-08 0.0048656464 6.594906e-05 0.0006019839 0.00018006144 0.0054182764 4.0609134e-06 3.340864e-07 0.0011460824 0.01564613 1.3661451e-05 0.00042230185 5.5013056e-06 3.6554723e-06 3.8928985e-07 0.0010195943 1.1463381e-06 0.006966815 6.705447e-05 4.7292924e-06 3.2272957e-05 3.5355831e-06 0.00014973957 7.0522896e-05 2.8851291e-05 2.4286849e-06 3.0500846e-06 2.7772273e-07 0.00070616975 4.940664e-06 2.529809e-05 1.8407516e-06 6.436927e-07 0.000181726 0.0016812617
0.034313522 0.2385568 0.035981946 0.09391454 0.42779228 0.00023432671 0.9271118 0.420518 0.06795622 0.00015613067 0.2065929 0.0019071713 0.00021394697 0.0048871404 0.46743602 0.00828101 0.00011862264 4.5932902e-05 0.000342883 0.011671516 1.4868803e-05 0.48587474 0.00011760201 9.615104e-17 0.034246936 6.799814e-05 0.00043406978 4.8712755e-06 4.316814e-06 2.2423628e-06 0.011089984 3.48786e-06 1.8139312e-05 1.2002006e-05 0.0053036227 0.0019500076 0.9986827 1.5420142e-07 0.003982154 4.380532e-05 0.00019528324 0.053238906 4.5376146e-06 4.332465e-06 0.0004891628 2.3218685e-07 0.00016609677 0.00015102615 5.877115e-05 4.4283915e-05 0.0006581505 1.2169184e-05 1.01220785e-05 1.5384567e-05 3.6809033e-05 0.00381137 3.2928696e-05 6.508935e-05 2.0324776e-05 1.4567871e-05 3.5957294e-06 4.4639946e-06 1.6114149e-06 0.0001357737 2.2625871e-08 1.3346332e-07 2.2582328e-06 7.3847253e-09 0.03616198 0.00036224624 2.9133407e-06 8.443894e-06 6.9739745e-06 1.0094075e-05 1.9122386e-09 1.0597751e-06 0.000106828564 1.7291502e-08 0.0002713283 1.2871363e-05 1.9668557e-06 2.3399764e-07 6.236421e-07 0.2159285 1.9803065e-05 3.1869615e-06 0.00013750904 7.3397976e-05 0.000550776 8.699627e-08 3.3107915e-06 4.025778e-06 2.3320763e-09 1.1594449e-06 0.00020201477 3.0181316e-06 5.155431e-08 2.8305576e-06 1.2230108e-06 0.00021085714 0.006079802
0.98421925 0.033476833 0.0025780327 0.007878683 0.29116955 2.7958857e-05 0.098445974 0.30713218 0.0017268128 1.5800182e-06 0.5941345 0.0007800729 8.605687e-05 0.00048511408 0.9031697 0.09688611 2.1137346e-05 3.506629e-05 0.00010302467 0.82632893 2.9768918e-05 0.007720277 5.978309e-05 0.034246936 2.387729e-14 2.8241795e-05 4.7925274e-05 6.216096e-07 1.4570962e-06 1.9576207e-06 4.855777e-05 5.891256e-07 7.141567e-05 0.0011480433 0.3330799 0.9505624 0.009758387 3.1610293e-06 1.0582808e-05 0.8602764 0.288427 0.020433016 2.2822912e-06 8.361601e-07 2.8096445e-06 3.6982835e-06 0.11499281 0.0023047423 0.005641041 0.006289703 0.060114365 0.0139698805 0.000121530815 0.0003472589 0.0014105353 0.28925094 2.4273293e-05 0.0044530733 0.00022839353 9.0938033e-07 1.8149072e-05 0.00012061541 1.1759482e-06 0.094145626 1.8427537e-08 1.0499195e-06 4.3458087e-05 5.335515e-07 0.0009828602 0.32397753 1.3770016e-07 1.3721611e-06 0.016657006 0.00035036055 1.452693e-07 3.149158e-05 0.32133734 4.3648822e-07 0.5676223 0.5240914 0.0007133127 4.044329e-06 0.0015016021 2.0318206e-05 0.02367279 3.5847675e-05 0.13284431 0.22434472 0.15538064 1.095716e-07 2.9283814e-05 0.00036137018 1.8631212e-08 0.0009915709 1.0397312e-06 0.104660295 5.236307e-08 0.00010234438 3.463542e-05 0.08227973 0.30365252
0.71351576 0.0004491714 0.001216596 0.0010198491 2.8879547e-06 0.013588777 1.1984015e-05 0.00016110983 0.00015829307 0.034977786 2.1555701e-05 0.053890355 0.5716604 0.0007126469 1.3810748e-05 0.00075947057 0.020348914 0.8808182 0.00052068254 8.017237e-05 0.93837816 1.2642262e-05 0.014044199 6.799814e-05 2.8241795e-05 6.788621e-17 0.0010953692 0.9600201 0.8089169 0.74256724 4.9992817e-05 0.8547543 0.81518734 0.51561266 1.2490804e-07 1.5060092e-05 4.7715537e-07 0.67661417 0.00021897233 9.1447146e-07 3.4762406e-06 2.6763719e-05 0.034043815 0.03687058 0.00048295173 0.59212166 2.9440553e-06 1.1561169e-08 4.6978147e-07 3.031126e-06 0.30858406 6.604495e-08 0.14974256 4.6014463e-08 4.996488e-07 0.00769461 0.05743886 0.3109753 1.104401e-06 0.0044253776 0.034503445 5.290158e-07 0.13311784 3.3428813e-07 0.07025082 0.07431006 3.069097e-08 0.21238142 3.7824364e-05 0.0060126353 0.00078853575 0.0269683 1.8638712e-08 1.6576595e-07 0.036288507 0.0041569546 0.00039357363 0.022878949 0.00037984393 3.103077e-05 6.985446e-07 0.014524153 4.461287e-08 3.842497e-08 0.0028190908 8.489406e-05 0.00078698806 1.022696e-05 1.1643765e-05 0.0016628371 1.351302e-05 1.4406749e-05 0.00095748826 9.698896e-07 9.222473e-06 1.4222185e-05 0.0006754356 7.3100345e-08 6.070053e-08 0.00176209 0.00037442605
0.19149168 0.08956484 0.4364501 0.17457655 0.00047872012 0.13856037 0.0007793698 0.05439238 0.40448758 0.06575082 0.0036699988 0.018582191 0.0130463885 0.60747945 0.0061933 0.0005656669 0.32767263 0.011338747 0.7607612 0.000110587236 0.000822583 0.96406657 0.9204414 0.00043406978 4.7925274e-05 0.0010953692 1.0371501e-14 0.0006849137 8.335519e-05 2.4465817e-05 0.9728954 0.00011515967 0.0008798577 0.00025267864 8.209289e-08 2.2214567e-06 1.1556971e-06 6.1089977e-06 0.8789196 1.8051516e-08 6.573252e-08 6.7986302e-06 0.52241135 0.14014912 0.8221433 0.001720814 3.516607e-06 4.610625e-07 1.1466585e-06 1.971674e-07 0.0018403665 1.642042e-07 9.346588e-05 2.9489686e-07 9.3561755e-07 0.013220862 0.5467079 0.00015215376 1.527387e-07 0.049936607 1.45334025e-05 1.2794906e-07 0.004094279 9.464089e-07 0.00065586413 1.7842036e-05 1.076036e-08 2.1700474e-05 4.6261554e-05 0.00027710994 3.3839303e-06 0.0006104051 7.076961e-07 1.6035926e-07 4.586481e-06 0.010182233 3.8601347e-06 3.0265853e-06 9.514105e-07 1.4606516e-07 1.7219393e-06 7.327558e-05 3.601888e-07 0.28093502 1.2306727e-05 1.6484239e-06 6.3533766e-06 5.895083e-07 4.3832446e-05 7.791565e-07 5.8885967e-06 2.699554e-06 3.997501e-08 9.2277475e-07 0.0028599128 7.341071e-07 1.02981296e-07 1.950054e-06 1.0186402e-08 0.00015812996 0.001008744
0.86923254 4.548122e-05 3.3093693e-05 4.0707684e-05 7.105482e-08 0.0006749224 1.2136356e-06 3.068635e-06 3.4907403e-05 0.003077587 1.5644598e-07 0.0025213587 0.011354741 0.00018825843 1.380611e-07 0.00011937812 0.004113841 0.14877537 0.0003311742 1.5076337e-06 0.2687644 1.0322851e-05 0.0055367863 4.8712755e-06 6.216096e-07 0.9600201 0.0006849137 5.5506115e-17 0.46615252 0.37225303 2.8339193e-05 0.9822388 0.6590654 0.099894054 7.664592e-08 1.0129735e-07 7.9811605e-07 0.5283403 1.1580652e-05 2.797675e-07 1.344428e-08 2.270252e-06 0.1920606 0.11592286 5.4277614e-05 0.81798536 1.16801104e-07 1.23889485e-08 2.7485353e-08 8.270551e-08 0.062301405 1.0315641e-08 0.07270979 4.7129028e-08 2.012406e-08 0.0018958141 0.10137532 0.09437691 4.5518124e-08 0.003635481 0.09335398 1.7493125e-08 0.31029648 7.112272e-09 0.23660317 0.5066365 1.39003955e-08 0.64363986 4.858282e-07 0.0012170392 0.004985078 0.23369436 4.620086e-10 8.26364e-09 0.122342214 0.010141211 3.2561024e-05 0.17692186 4.6286e-05 3.368528e-07 1.7851491e-08 0.07766878 7.7698703e-10 9.1106775e-09 0.00039748749 4.1624102e-07 5.83785e-05 1.942641e-07 9.5126086e-07 0.0039439667 5.4775666e-07 1.2896311e-06 0.00077652314 2.576344e-07 1.241123e-06 2.274535e-07 0.005286295 7.3061006e-09 4.9377615e-08 0.00028556678 0.00044488584
0.786764 7.9164005e-05 5.907426e-05 4.159212e-05 1.6129408e-07 0.0008900857 9.0671745e-07 6.5285526e-06 1.9646288e-06 0.0011464279 5.589758e-07 0.004386582 0.02569083 8.03629e-05 2.1305829e-07 8.094192e-05 0.00097536325 0.17600381 0.000103084625 5.6264885e-06 0.65252745 8.6280545e-07 0.0021386028 4.316814e-06 1.4570962e-06 0.8089169 8.335519e-05 0.46615252 2.0113504e-16 0.9926415 1.3339162e-06 0.7280696 0.80680645 0.62384766 2.0075669e-07 8.03334e-07 5.466091e-07 0.8842568 5.853909e-06 7.959038e-08 2.2701087e-08 1.1569101e-06 0.01687805 0.008863502 2.7583603e-05 0.39349875 1.2159322e-07 3.4425796e-08 4.1136005e-08 2.3926189e-08 0.25884965 8.045452e-09 0.4393531 4.3284174e-08 1.8554586e-07 0.0016476138 0.016593441 0.35563084 2.7957082e-08 0.0006754069 0.12377704 9.400975e-09 0.03351203 1.3493914e-08 0.015662089 0.11972072 1.0810673e-09 0.17428997 2.581227e-06 0.002616765 0.011317309 0.21195886 1.2183826e-09 1.140042e-08 0.01737848 0.0010853396 0.00053493143 0.0181816 0.000141643 1.7897978e-06 3.3731617e-08 0.007795293 3.4119199e-09 1.8682411e-09 0.0017851425 2.17448e-06 0.00066595804 1.5115207e-06 5.5687997e-07 0.0016483304 1.0684752e-06 6.852288e-07 0.0004882466 2.1432506e-07 7.256247e-08 4.6436634e-07 0.0028019035 1.7750953e-08 8.301401e-08 0.00072696886 0.00048734545
0.6823489 7.2191855e-05 5.127955e-05 5.930428e-05 1.8427899e-07 0.00020188784 4.5870956e-07 1.0063951e-05 1.111653e-06 0.000612168 5.8120685e-07 0.004957518 0.024272894 3.4063636e-05 4.4552564e-07 0.00014018599 0.0003445035 0.06905817 3.0504903e-05 5.987332e-06 0.5977239 2.3142194e-07 0.0004109555 2.2423628e-06 1.9576207e-06 0.74256724 2.4465817e-05 0.37225303 0.9926415 6.921115e-17 4.6280041e-07 0.7323918 0.77205145 0.67219347 2.2401903e-07 1.4484177e-06 1.164592e-07 0.8910815 3.9096394e-06 1.7824009e-07 1.03061275e-07 1.1424801e-06 0.0016944625 0.0018155487 1.5270361e-05 0.15436229 1.343246e-07 2.8480331e-08 6.6326585e-08 3.091169e-08 0.22309537 1.586007e-08 0.5840274 5.5630164e-08 1.7731675e-07 0.0019120895 0.003971959 0.3783495 2.3647218e-08 0.00020467832 0.097814165 4.8438736e-08 0.0111104585 2.5841185e-08 0.0041761487 0.028561434 4.122262e-09 0.036939863 2.350189e-06 0.002749279 0.0641648 0.4457834 3.780449e-09 1.9855115e-08 0.0071468204 0.0002526512 0.00055331836 0.0048707854 0.00044196838 2.2956224e-06 7.826101e-08 0.0024950302 2.9738995e-08 5.361193e-10 0.0026411167 2.7222088e-06 0.00055452646 2.9568355e-06 5.021673e-07 0.0064583933 4.71089e-06 2.3653624e-06 0.00049992325 9.3540785e-07 2.7767943e-08 3.31193e-07 0.0027696067 2.8532911e-08 5.8373352e-08 0.00076380145 0.0003985186
0.010811557 0.02302804 0.063226506 0.014701677 0.0015950787 0.004229076 0.0018824517 0.0075450265 0.1780316 0.0021598113 0.0007042406 0.0007380776 0.0004887711 0.11901563 0.0018188893 0.00029676754 0.021160204 0.00013746381 0.1489186 8.619494e-05 1.1842433e-05 0.9878065 0.3369086 0.011089984 4.855777e-05 4.9992817e-05 0.9728954 2.8339193e-05 1.3339162e-06 4.6280041e-07 8.604435e-17 7.5900134e-06 2.188211e-05 5.114689e-05 2.0271707e-06 2.4771628e-06 0.0001694207 2.479421e-07 0.9314138 1.335964e-07 1.3093453e-06 1.3323875e-05 0.04780415 0.009546604 0.6790462 5.6122684e-05 5.270315e-06 2.3483742e-06 1.0401953e-06 2.3464099e-07 0.00011303022 8.591012e-08 6.3524017e-06 2.0858855e-07 2.2138854e-06 0.00069111976 0.026153171 4.856337e-05 1.0996841e-06 0.0035930956 6.8835216e-06 1.5574543e-07 3.7167047e-06 4.249071e-07 8.910559e-07 3.095228e-06 3.241742e-08 2.7177848e-07 0.00045208336 4.586125e-05 6.0076457e-07 1.127111e-05 1.227664e-06 1.818216e-07 3.644683e-07 0.00085475773 5.118009e-06 3.042451e-07 8.1560256e-07 2.1042734e-07 2.6839311e-06 1.3664942e-05 2.478604e-06 0.37944227 5.1608247e-05 2.51424e-07 2.2281074e-05 2.813134e-07 7.610845e-06 2.3394296e-07 2.736097e-06 6.32035e-06 2.5728905e-08 3.0078112e-07 0.005280778 2.3298624e-07 6.496795e-08 9.058056e-07 2.932853e-07 5.3062053e-05 0.00027119557
