8.9390606e-21 0.92468256 0.8525122 0.95604503 0.98494965 0.901152 0.34972712 0.9903495 0.8852343 0.86182356 0.75518924 0.6306202 0.9372687 0.86314476 0.83772737 0.85572225 0.26317772 0.8641153 0.44715396 0.18116249 0.20987351 0.021086656 0.026738044 0.7999561 0.05929603 0.8031624 0.9554997 0.2940157 0.97845787 0.9769657 0.24676166 0.012481012 0.84691477 0.9209438 0.17722751 0.44799018 0.5335625 0.0020008793 0.98552483 0.051248085 0.9378771 0.8413119 0.05856269 0.902689 0.37630793 0.7513409 0.8984169 0.9201182 0.96231323 0.11520475 0.013732329 0.94138074 0.03754276 0.28229168 0.9181226 0.9811294 0.9775741 0.94479054 0.9653426 0.8470765 0.94895345 0.88678026 0.006931618 0.9089529 0.07345799 0.0021265515 0.8921049 0.99120146 0.8299282 0.00033356194 0.9757002 0.0037567113 0.9992479 0.27454597 0.70460343 0.9985227 0.06893455 0.88571066 0.97138274 0.018733012 0.1986852 0.000324569 0.8074114 0.98540205 0.0020113203 0.02262004 0.9859942 0.97406054 0.019973576 0.028870821 0.0010466954 0.41924256 8.863174e-05 0.9997526 6.0065173e-05 0.0003177299 0.99875146 0.9958899 2.1056e-07 0.97540414 0.9988283
0.92468256 2.5373401e-18 0.95026237 0.9784717 0.49311236 0.07835523 0.34144306 0.022845512 0.35215235 0.45784512 0.26039177 0.43531713 0.0002135904 0.102529 0.012910476 0.000117478594 0.00043641578 0.49370188 0.9031953 0.27796307 0.00035941968 0.0061355117 0.00088733627 0.010943763 0.6952763 4.2424285e-06 0.00055430806 0.4632628 0.549692 0.028446808 4.0864745e-07 0.19648814 0.16069643 0.00022964214 5.5393627e-08 0.0035589307 2.9277166e-07 0.055153243 0.016017975 7.1378795e-06 0.059280124 0.03653922 0.14762093 1.7091039e-05 0.00060842413 1.4404084e-05 2.4283548e-07 0.00011357481 3.4429722e-05 1.3687257e-07 4.4581654e-08 0.0062209805 0.015291013 2.273414e-09 0.0005655355 0.0015583294 0.08369392 0.00065922964 0.10078255 0.006575579 0.016652081 4.100507e-06 0.15579641 1.4578975e-05 7.207446e-08 9.564934e-05 0.00015399253 4.7129644e-05 5.037252e-05 0.010965372 0.010460982 0.0012964078 0.0111210635 2.0241935e-06 0.00038948486 0.00023651661 3.2972483e-08 2.2651004e-06 0.00025344468 4.7870113e-08 1.4539382e-10 4.99901e-07 0.0010621833 0.031163048 2.9470962e-07 9.483224e-07 0.011256937 0.002416316 4.330559e-07 5.6992426e-06 1.9609429e-06 2.6614947e-07 3.71013e-05 2.33603e-05 9.7483436e-08 0.079190515 0.0016727902 2.2458675e-05 3.402758e-08 4.6239517e-08 0.00064686197
0.8525122 0.95026237 1.1228466e-16 0.084027365 0.9116112 0.87084764 0.9523705 0.55063915 0.0015114314 0.0052191573 0.0021618372 0.80836284 0.041791126 0.00065640913 0.00015556737 0.021389225 0.24657577 0.28352877 0.74615663 0.4402044 0.26216948 0.18053345 0.058660228 0.02820597 0.3013964 0.001274248 4.105886e-05 0.020345118 0.344385 0.0010424576 0.00049886445 0.3124575 0.018930545 0.0022862519 4.9395403e-05 0.000288504 4.3083557e-05 0.017359711 0.025008392 0.0030867227 0.004999873 0.0022691514 0.0054953885 0.0008989487 9.025238e-05 1.5246839e-06 1.44879e-05 0.0012718647 2.5718873e-06 0.00011675784 4.2481228e-05 0.00038584805 0.11855912 4.064034e-07 0.00020062913 0.00036542074 0.020601405 0.001650661 0.008005009 0.00085129385 0.0015338779 3.9924282e-07 0.0020842515 1.2842247e-06 2.5630516e-05 0.00066396396 0.0006697787 6.049849e-06 1.3511436e-05 0.00067126926 0.001105047 2.259839e-05 0.011948507 1.6518277e-06 9.280629e-05 0.0012587386 9.095624e-09 2.553836e-07 1.5850417e-05 1.390231e-07 1.412939e-07 1.4732037e-06 0.00044153674 0.0064314944 3.2486873e-06 1.0019739e-06 0.001205048 0.0011746085 6.205422e-07 2.6617167e-06 1.3975064e-05 3.5978508e-07 2.5221532e-05 0.00019016447 1.427701e-06 0.012535736 0.00090490864 2.6279083e-06 2.2148748e-07 7.6344925e-08 0.00036307907
0.95604503 0.9784717 0.084027365 1.4500205e-16 0.023776408 0.001084654 0.0037308552 0.00039694065 0.85488755 0.9437727 0.7444908 0.005100875 9.647089e-05 0.5253113 0.2700567 4.9400678e-05 3.1602608e-06 0.1723724 0.3247298 0.0031081638 1.7097556e-05 4.2120664e-05 4.7158037e-06 0.0023606527 0.24468198 8.319297e-06 0.03677515 0.63161904 0.14363623 0.33802 2.9791624e-06 0.0016023644 0.24794038 0.00034768792 2.0605326e-07 0.11316903 3.1860527e-06 0.008001697 0.002272248 2.2951779e-06 0.16985443 0.09512202 0.41275114 9.8190554e-05 0.022848185 0.0020778093 2.5566592e-06 6.303577e-05 0.0002691005 1.3597305e-07 1.9915499e-06 0.020274898 0.00012036331 1.1453992e-08 0.0044661537 0.0016002706 0.037185036 0.0004234341 0.7094786 0.015006481 0.032675166 2.968713e-05 0.29355064 8.7281114e-05 1.6543825e-05 4.0365458e-06 0.000400564 0.0001273671 0.00093009335 0.009355387 0.015506451 0.003935485 0.0070008226 2.0699808e-05 0.0007489296 0.0004657202 1.3157593e-06 9.76936e-06 0.00096722617 3.024854e-06 1.3782648e-08 9.500066e-06 0.001303683 0.023998093 2.524903e-06 7.0548144e-06 0.032408874 0.0025024614 3.98926e-06 7.3188316e-06 2.221693e-07 2.7285193e-06 0.00013145251 5.786534e-05 1.0175606e-06 0.0108962385 0.0017611583 0.0005507503 1.6210251e-08 9.569504e-07 0.0016183808
0.98494965 0.49311236 0.9116112 0.023776408 5.18534e-16 0.904656 0.8316384 0.92744046 0.0014176003 0.0032596244 0.0020570958 0.7665108 0.25444213 0.0008674055 0.0002626558 0.1442119 0.10646234 0.77544105 0.64727783 0.50632215 0.25467864 0.08913948 0.1464914 0.5204818 0.16354811 0.008459262 5.966075e-05 0.0048317285 0.63412946 0.00016771157 0.000792327 0.26690313 0.040591665 0.008521045 0.0002036357 0.00011704771 0.00012516962 0.016737284 0.25020894 0.002710933 0.0014885957 0.0027195974 0.0013152777 0.00077509 2.7535476e-05 1.4833118e-06 8.614193e-05 0.005152087 1.8647835e-06 0.0002289861 3.369701e-05 0.0017810528 0.21317832 1.3788448e-06 0.00050828786 0.00015324903 0.12089242 0.019036306 0.008834349 0.003033476 0.006066237 3.7324773e-07 0.00047397858 2.3893128e-06 1.23538675e-05 0.0047994866 0.0014277549 6.418553e-06 1.4561469e-05 0.0003164616 0.0048583085 4.739327e-05 0.10521938 1.3004327e-06 0.00035942308 0.0057946495 3.1951746e-08 3.4307232e-07 0.00015948042 1.1365769e-06 4.220471e-08 1.274998e-06 0.0014244848 0.042252187 3.3887536e-05 3.3103035e-07 0.0041284314 0.0023224014 3.424604e-07 2.2622983e-06 3.854762e-05 4.837837e-07 5.180231e-06 0.00071749697 3.7230795e-06 0.0036815829 0.005760598 2.453086e-05 2.9857054e-07 2.463804e-08 0.0018055746
0.901152 0.07835523 0.87084764 0.001084654 0.904656 3.828248e-15 0.95853245 0.86343354 2.4572044e-05 2.5480438e-05 4.2197174e-05 0.81301856 0.48218414 3.6196893e-06 3.4896068e-06 0.38315564 0.7375114 0.07096305 0.5713424 0.48251522 0.6941347 0.3133388 0.30571964 0.033769347 0.052495934 0.13665783 8.5873387e-07 0.00018746601 0.12446599 3.131753e-06 0.10227307 0.24414057 0.0009181557 0.022076635 0.0024089739 5.573015e-06 0.00044013275 0.0034991344 0.020338701 0.16652118 3.1899122e-05 0.000111987836 0.00012602255 0.0074603516 4.3491877e-07 7.805305e-08 0.00024317604 0.004766931 1.1601877e-07 0.020177575 0.0011723668 8.76424e-06 0.4089881 1.7517043e-05 2.0197152e-05 4.852247e-06 0.0026488367 0.0022288768 9.963825e-05 5.642504e-05 3.2510477e-05 3.478552e-08 0.00018277405 4.8446676e-08 0.00025581376 0.013557955 0.0010079549 4.9683706e-08 3.0251715e-06 2.6531317e-05 9.205694e-05 3.8858806e-07 0.0063185673 6.459061e-08 3.6618105e-05 0.0016725005 4.541508e-09 1.564101e-08 1.2220407e-06 4.17193e-08 3.458012e-06 1.5679077e-06 0.00011963217 0.0014371189 4.7043272e-06 4.4645642e-08 0.00013347702 0.00023929638 9.070076e-08 3.0661147e-07 0.00017114045 5.5585932e-08 3.4045042e-06 0.00038321156 2.1319051e-06 0.004567202 0.0003297013 5.7132473e-07 7.418954e-07 4.4658823e-09 0.00012178258
0.34972712 0.34144306 0.9523705 0.0037308552 0.8316384 0.95853245 4.3679766e-16 0.6139136 0.00022099282 0.0002523153 0.00010096284 0.96386325 0.06965108 3.8795417e-05 8.552849e-05 0.10950557 0.6517987 0.04275119 0.49931005 0.5132293 0.5142643 0.5393963 0.28215823 0.019322393 0.047283508 0.009673364 9.355234e-06 0.00076377305 0.056762505 2.2200686e-05 0.0036843135 0.26811153 0.0016133279 0.0040559834 0.00026776933 4.4823617e-05 7.788163e-05 0.0050328155 0.010933171 0.043848664 9.452589e-05 0.0001549325 9.728586e-05 0.002048236 2.262005e-06 3.5410713e-07 0.0001683641 0.0015310002 3.820923e-06 0.00036973367 9.955466e-05 1.7252161e-05 0.100613795 2.893165e-06 1.6277818e-05 5.1510004e-05 0.0018855626 0.0010768343 0.0003016756 2.6095238e-05 9.4604424e-05 1.8481579e-07 2.84449e-05 6.1454983e-07 2.9606123e-05 0.0008067089 0.00037316396 4.4539607e-07 1.3734101e-06 2.6279724e-05 0.00011300338 5.621342e-07 0.0036885638 5.0321162e-08 4.7106275e-07 0.0014893106 3.6866724e-10 4.0007127e-08 9.0762154e-07 5.172993e-08 3.1634136e-07 6.40023e-07 7.664878e-06 0.0011530969 5.5519155e-07 7.2375284e-09 0.00015221152 0.00015063045 7.9207645e-09 9.6127096e-08 2.8902707e-05 2.3572685e-08 1.4470122e-06 7.403003e-05 4.5325862e-07 0.00085240236 0.00042087174 7.9220575e-07 5.9417386e-07 6.974562e-09 9.5199415e-05
0.9903495 0.022845512 0.55063915 0.00039694065 0.92744046 0.86343354 0.6139136 8.578025e-16 6.217276e-05 0.00013635945 7.900796e-05 0.67660105 0.94163805 7.675213e-06 2.3457444e-06 0.69176763 0.50692785 0.3660911 0.2303668 0.33458236 0.5611395 0.20582199 0.20893984 0.7226127 0.009027955 0.3301169 2.544797e-07 0.00015239048 0.40710068 4.242643e-06 0.078089155 0.15488774 0.005832436 0.31235155 0.011200248 1.1248599e-06 0.0021870532 0.001023827 0.27737638 0.09213318 1.5078429e-05 0.00060092134 9.484654e-05 0.075935274 2.0383786e-07 3.9632162e-08 0.0024046805 0.07197053 1.0248458e-07 0.0059551327 0.0015213419 0.00036012425 0.2892792 4.169045e-05 0.00014922721 2.5223288e-05 0.061004978 0.103985995 0.0009806212 0.0009904589 0.0009415027 1.7446043e-08 4.9095255e-05 2.2196261e-07 0.00014060453 0.0062298025 0.038971495 1.670522e-07 1.1871691e-06 2.3756676e-05 0.0017448377 1.6472576e-06 0.12763722 1.6403797e-07 0.00015540054 0.044248458 3.3707936e-09 3.7671132e-08 4.481404e-05 2.5823562e-07 1.3456097e-06 3.7444494e-07 0.0008957246 0.031031484 8.858481e-06 4.5857806e-08 0.0016537263 0.0022660417 1.06909525e-07 8.641312e-07 9.635238e-05 1.109311e-07 2.146203e-06 0.0035601526 1.3217206e-06 0.00073454203 0.0050700125 2.161572e-06 6.047221e-07 4.2336357e-09 0.0009516329
0.8852343 0.35215235 0.0015114314 0.85488755 0.0014176003 2.4572044e-05 0.00022099282 6.217276e-05 1.4133597e-16 0.6706397 0.8125598 0.00011420433 5.8683195e-06 0.73149896 0.9858091 5.6367244e-06 1.5220659e-06 0.08793043 0.0040043294 0.00012106532 8.3506035e-07 2.3572184e-05 1.4111284e-06 0.0017961725 0.0067541366 2.4998578e-06 0.4482576 0.3180838 0.0077188313 0.8441747 2.3635977e-07 0.000113182214 0.29851785 8.9373505e-05 5.666357e-08 0.35603207 1.752725e-07 0.00014051392 0.00037638724 1.9393028e-06 0.4793277 0.34616262 0.056310568 1.6214852e-05 0.0866356 0.043731857 1.9850393e-07 3.0031497e-06 0.012839996 6.3865144e-08 9.3906715e-07 0.040225048 2.9086837e-07 1.3494687e-08 0.028649468 0.025356993 0.011061913 0.00011547496 0.32044145 0.01618465 0.023966096 0.0018598381 0.03955051 0.0012453108 1.7420094e-06 7.6163883e-07 0.0001161334 0.0009783924 0.019043388 0.00023509606 0.01095314 0.017133659 0.0035957948 0.00015779116 0.004271083 0.00011484961 9.663921e-05 0.00016989495 0.0028370845 0.00017800389 5.82572e-09 0.00020338185 0.0023662008 0.01243179 0.000225141 3.945904e-05 0.036760867 0.0022992892 1.9763107e-05 2.616756e-05 7.7241424e-07 2.124397e-05 0.00012112699 1.3042551e-05 5.004166e-05 0.00022907478 0.001361191 0.0043158773 1.5992146e-08 1.642272e-05 0.002341509
0.86182356 0.45784512 0.0052191573 0.9437727 0.0032596244 2.5480438e-05 0.0002523153 0.00013635945 0.6706397 3.094054e-15 0.9799871 0.00040340296 2.9958712e-05 0.90651137 0.29144767 3.6684082e-06 1.6617028e-06 0.008202947 0.10589187 0.000461923 1.17021755e-05 6.103952e-05 1.34518305e-05 0.00023623934 0.14082928 8.71654e-07 0.1361561 0.8900091 0.025712285 0.45928347 3.2311848e-07 0.0015619048 0.040598135 3.8732313e-05 1.8648242e-08 0.46413207 2.3751173e-07 0.0037111582 0.00031178392 1.8770866e-07 0.12467169 0.030866168 0.6262579 1.2612823e-06 0.16648991 0.013706906 3.6630276e-08 5.7880766e-06 0.0007284488 1.783336e-07 5.865401e-07 0.0044034487 0.00019303722 5.3702557e-08 0.0019698914 0.0010223961 0.003088164 2.350782e-05 0.33688563 0.0024632192 0.006192866 0.00014157114 0.48746672 0.00013232164 3.3852356e-07 1.0058174e-05 1.0772071e-05 6.8268244e-05 0.005410585 0.014505924 0.0023859125 0.030360619 0.0010431448 1.5520971e-05 0.00021018476 5.2525345e-05 3.6023505e-06 6.7783926e-06 0.00013026794 9.9630546e-05 3.5850236e-09 0.00025569397 0.00029454654 0.003366982 0.00011678991 8.972755e-06 0.012155697 0.0008153488 9.14943e-06 3.8722454e-05 4.541264e-06 2.0117652e-06 0.0008863041 5.47276e-06 0.00018286282 0.022724345 0.00038751392 0.00023217677 7.904997e-08 1.9834506e-06 0.0011374272
0.75518924 0.26039177 0.0021618372 0.7444908 0.0020570958 4.2197174e-05 0.00010096284 7.900796e-05 0.8125598 0.9799871 1.8611895e-15 0.00020080603 1.1260238e-05 0.97557855 0.70936733 5.178749e-06 2.5730453e-06 0.0038058294 0.023370145 0.00021759028 7.506338e-06 3.285442e-05 1.0130644e-05 0.00017513342 0.03695335 1.1356398e-06 0.35175633 0.7359236 0.008286339 0.41380742 4.6828836e-07 0.0005579741 0.029625736 7.7649864e-05 6.432763e-08 0.42907164 5.033962e-07 0.0013781487 8.43766e-05 9.925216e-07 0.09138796 0.02435363 0.37464413 5.987098e-06 0.23409393 0.052022733 7.2144736e-08 3.1797479e-06 0.003834556 2.9072498e-07 7.1793494e-07 0.0041210894 2.9693583e-05 4.4537543e-08 0.002436625 0.0035582774 0.0013909108 8.416447e-06 0.20979665 0.0015056209 0.0033987141 0.00079578365 0.2368422 0.0003966595 5.1790323e-07 1.565018e-05 2.7178896e-06 0.00027006515 0.03918033 0.0033185126 0.0015414763 0.034020506 0.00070353877 0.0002263384 0.00052529987 3.567458e-06 3.1703297e-05 8.438425e-05 0.00019731496 0.00043250635 2.8963061e-08 0.0005807335 0.00018370933 0.0014767086 0.0002835621 1.6007187e-05 0.004960493 0.0006362612 1.00526695e-05 3.089305e-05 3.362387e-06 5.130828e-06 0.0010583242 1.7915942e-06 0.00044347078 0.0023320024 0.00021080043 0.00016617693 5.9144966e-08 1.0052017e-05 0.00048006725
0.6306202 0.43531713 0.80836284 0.005100875 0.7665108 0.81301856 0.96386325 0.67660105 0.00011420433 0.00040340296 0.00020080603 1.0510823e-14 0.058673337 8.835764e-05 2.2270642e-05 0.1469835 0.6222144 0.006717733 0.8103369 0.9573541 0.81031424 0.8846845 0.63539195 0.0017960807 0.20032652 0.0013907012 7.7978875e-06 0.00019515758 0.08848374 2.9057781e-05 0.0005566979 0.6090541 0.00061131304 0.0015061536 7.042335e-05 1.827217e-05 1.3322527e-05 0.021673463 0.0036400445 0.02986754 4.5271387e-05 9.049974e-05 0.0002625774 0.00029412212 1.6139418e-06 3.1283335e-07 8.622232e-05 0.00042914835 1.9691324e-06 0.000110280234 8.24333e-06 1.6892742e-05 0.41648084 3.5240416e-07 1.7352848e-05 3.6683032e-06 0.0009425808 0.00013657771 0.00036645724 6.2109493e-06 6.603632e-06 2.4865486e-07 0.00012093908 3.3578797e-07 1.3502896e-05 0.008918306 5.901828e-05 3.151838e-07 2.677126e-06 6.144332e-05 5.58671e-05 3.365086e-07 0.0019729831 1.928209e-07 1.8748531e-06 0.00013527663 4.4970814e-09 1.3671902e-07 1.7803349e-07 2.8683512e-08 2.3734065e-06 2.6849847e-07 2.145798e-06 0.000646804 1.5094652e-06 6.7223205e-08 0.00012300196 3.3457232e-05 8.0816e-08 3.2087436e-07 0.00019464456 1.5337324e-07 9.3094565e-07 5.1511575e-05 1.4664482e-07 0.0039093876 6.219209e-05 1.5391896e-06 2.0293678e-06 1.2327311e-08 6.4041046e-06
0.9372687 0.0002135904 0.041791126 9.647089e-05 0.25444213 0.48218414 0.06965108 0.94163805 5.8683195e-06 2.9958712e-05 1.1260238e-05 0.058673337 9.055506e-15 3.3247131e-06 2.3014826e-07 0.9755495 0.48296827 0.045793783 0.00206856 0.015154577 0.22906238 0.01610362 0.0136296665 0.3766221 0.00048392886 0.8054505 1.9798739e-07 4.223441e-07 0.07401108 4.565836e-07 0.5399434 0.005822107 0.001038498 0.73110557 0.11936115 7.4212755e-07 0.072962426 7.615118e-05 0.15584561 0.24861935 4.542269e-06 8.505768e-05 1.8304514e-06 0.45771113 1.5789736e-07 1.364291e-07 0.07582796 0.25718734 1.4262811e-07 0.16496618 0.022844048 7.848767e-05 0.06843492 0.0033236246 3.7775448e-05 2.7424555e-06 0.015178673 0.16159949 0.0006346861 9.067269e-05 0.00015621886 7.9831315e-09 8.0041497e-07 7.515471e-08 0.0018188995 0.0020799385 0.12141133 3.2289872e-08 6.7092776e-07 2.1309344e-07 0.00065542076 1.8669319e-07 0.05269675 4.163091e-08 2.1470947e-05 0.1205947 1.3857105e-09 5.0040345e-08 2.1659196e-06 2.3207049e-08 2.7431264e-05 2.7569348e-07 0.00010994178 0.01046683 4.566113e-06 1.40241205e-08 0.00042289798 0.0013448119 6.01174e-08 1.02734695e-07 0.00073260494 4.97685e-08 7.887478e-07 0.011507641 1.01655424e-07 3.365141e-05 0.0030611216 5.3902124e-07 2.665785e-07 2.194234e-08 0.00042635505
0.86314476 0.102529 0.00065640913 0.5253113 0.0008674055 3.6196893e-06 3.8795417e-05 7.675213e-06 0.73149896 0.90651137 0.97557855 8.835764e-05 3.3247131e-06 3.2224416e-15 0.8515682 6.348468e-07 1.6537687e-07 0.0013678223 0.011228198 0.00015257634 8.3683415e-07 1.0753523e-05 4.056633e-06 9.962912e-05 0.02253159 4.3231125e-08 0.7403492 0.88098985 0.0045527294 0.64921016 1.8670404e-07 0.0004724305 0.011654937 2.61579e-05 3.554102e-08 0.8067164 1.6602667e-07 0.00061462785 5.7779205e-05 3.7456923e-07 0.16543347 0.018617794 0.5150249 8.4985425e-07 0.49429372 0.21895376 1.2869846e-08 7.3967004e-07 0.017115153 5.6453214e-08 2.030755e-07 0.0039899414 3.3561748e-06 1.22534916e-08 0.0038902715 0.0062257578 0.001743221 6.9868756e-06 0.0828165 0.0011016318 0.004084847 0.003823984 0.33328366 0.0012525208 1.6002865e-07 3.409115e-06 3.6998932e-07 0.001161893 0.14948675 0.0041798423 0.0015434644 0.12255741 0.00089689734 0.00042284388 0.0005677038 1.11642075e-05 0.00017186205 0.00011929345 0.00032800774 0.0017107109 1.3841184e-08 0.0015635038 0.0002626721 0.001976277 0.0012124102 4.827214e-05 0.009480518 0.000799293 3.997023e-05 8.7103166e-05 6.4470703e-07 2.1513846e-05 0.0020720647 2.0194145e-07 0.0016591859 0.0041987714 0.00026447108 0.00080863066 2.4706555e-08 0.00014295297 0.0010202455
0.83772737 0.012910476 0.00015556737 0.2700567 0.0002626558 3.4896068e-06 8.552849e-05 2.3457444e-06 0.9858091 0.29144767 0.70936733 2.2270642e-05 2.3014826e-07 0.8515682 7.672324e-17 3.624907e-07 4.5664827e-08 0.021262147 0.0006814466 5.4081676e-05 5.1394005e-07 4.858419e-06 4.0613958e-07 0.00020059299 0.0010604716 1.4168067e-08 0.9008544 0.3512479 0.0004706802 0.7753781 1.1605466e-08 7.2345894e-05 0.0360984 2.3596058e-06 4.2566146e-09 0.7372902 6.3792584e-08 0.00015168697 8.107058e-06 2.5056087e-07 0.28182176 0.15206301 0.027352607 6.931435e-07 0.2645067 0.42375115 4.9061807e-08 1.4600249e-07 0.5693122 1.2073601e-08 1.04511884e-07 0.018679967 5.591995e-08 4.6491717e-09 0.025057828 0.27183506 0.0015510324 9.33244e-06 0.028084876 0.0062411726 0.0072715995 0.1016362 0.0077936244 0.036853045 1.8672864e-07 6.817377e-07 6.04074e-06 0.004503303 0.097484715 8.224158e-05 0.0058976766 0.032167133 0.00042911764 0.008588154 0.0069627506 1.6938565e-06 0.002340509 0.00069537247 0.0029827533 0.0020674113 6.2076833e-09 0.0011236559 0.0019036343 0.0035370423 0.003163738 0.00035637565 0.01598778 0.0017891997 0.00016386372 8.7154265e-05 3.1997736e-06 0.000114178096 0.00026698728 1.2454298e-07 0.00055789796 0.0001974927 0.00066532166 0.0028772063 1.9245668e-08 9.657914e-05 0.0015008971
0.85572225 0.000117478594 0.021389225 4.9400678e-05 0.1442119 0.38315564 0.10950557 0.69176763 5.6367244e-06 3.6684082e-06 5.178749e-06 0.1469835 0.9755495 6.348468e-07 3.624907e-07 3.4509298e-15 0.95584995 0.008663395 0.00094711594 0.048352454 0.695706 0.1092154 0.12521556 0.016121058 0.0002703548 0.79813534 1.5483124e-07 3.4751815e-07 0.01933645 4.9359284e-07 0.75637424 0.022859659 0.0001751695 0.37074187 0.32354558 2.2917145e-07 0.03459227 7.565107e-05 0.020091973 0.7618805 3.712043e-06 4.7868634e-05 1.2124718e-06 0.19065805 5.3129064e-08 3.186314e-08 0.10297052 0.08969895 2.973423e-08 0.63219213 0.027690178 2.1748685e-05 0.34947032 0.0077449526 7.128057e-06 1.531593e-06 0.0006178935 0.011868641 8.901617e-05 3.5467565e-05 2.7552054e-05 7.819352e-09 2.4976846e-06 3.4948453e-08 0.0023124802 0.012198054 0.009577403 1.2620877e-07 5.2202745e-07 8.3665134e-07 5.1860516e-05 4.857017e-09 0.0055601452 2.2371532e-08 4.0226078e-06 0.010452187 4.3898388e-10 1.5314376e-07 8.8724437e-07 7.821608e-08 0.00015543554 1.2812002e-07 3.3541353e-05 0.00048632288 3.7975537e-06 2.92193e-08 0.00016952853 0.00015141207 2.5239893e-07 1.0572855e-06 0.0025654265 6.710634e-07 9.4238925e-07 0.006133619 3.3969993e-08 0.00074118725 0.00025499437 2.565064e-07 1.880596e-06 1.0640847e-07 5.224105e-05
0.26317772 0.00043641578 0.24657577 3.1602608e-06 0.10646234 0.7375114 0.6517987 0.50692785 1.5220659e-06 1.6617028e-06 2.5730453e-06 0.6222144 0.48296827 1.6537687e-07 4.5664827e-08 0.95584995 8.435409e-16 0.0024509907 0.0023341884 0.13521086 0.98649174 0.45536444 0.3939116 0.0026563157 0.00015338852 0.32218558 4.1596227e-08 1.8475472e-08 0.002116571 1.0733758e-07 0.5469933 0.02247189 2.9834073e-06 0.091342166 0.0474748 3.400857e-08 0.019074747 0.00021063705 0.0032484026 0.7925658 2.4864227e-07 4.617142e-07 8.1650927e-07 0.056356937 7.0143575e-09 6.9679533e-09 0.035408735 0.009597002 2.3552138e-09 0.10383284 0.018644098 1.385521e-06 0.06486102 0.00034110842 2.877822e-07 1.877588e-07 2.9024133e-05 0.0023261819 1.00781845e-05 2.2923876e-07 4.8736285e-07 1.0116248e-09 4.3919815e-07 1.6543207e-09 0.0022559376 0.00035008334 0.0013082714 7.7142815e-08 1.6082775e-07 5.477854e-07 6.3654097e-06 1.2669617e-08 0.0012742316 2.1768761e-08 7.248815e-09 0.002105241 6.063044e-11 1.3524165e-08 1.0519313e-09 2.0039794e-08 0.00017640015 2.2123983e-07 1.4287002e-07 7.4223164e-05 1.5756439e-06 3.6733965e-08 6.5521667e-06 1.8828905e-05 2.4952916e-08 5.217027e-08 8.976233e-05 2.6578155e-08 1.0857493e-06 0.0008704733 1.1054878e-07 0.000205855 1.4346518e-05 1.2417581e-07 2.6577456e-07 2.7133911e-08 5.7714137e-06
0.8641153 0.49370188 0.28352877 0.1723724 0.77544105 0.07096305 0.04275119 0.3660911 0.08793043 0.008202947 0.0038058294 0.006717733 0.045793783 0.0013678223 0.021262147 0.008663395 0.0024509907 2.4190595e-19 0.021048196 0.0056571867 0.0007581242 0.0018898976 0.0006751593 0.96729696 0.0042284066 0.0064907614 0.00027116606 0.0008712199 0.9821918 0.010557255 0.0003657284 0.0032837787 0.8636593 0.15830326 0.0004467964 0.0001231575 0.000108964654 3.7563095e-05 0.397709 7.682533e-05 0.05986889 0.083730824 0.00013267089 0.00717896 2.2724322e-05 1.7189359e-05 0.00019361245 0.013027148 0.0003437772 8.213518e-06 0.000112176494 0.04979741 2.8241577e-05 4.863848e-06 0.03999776 0.01722042 0.6185854 0.3233685 0.070276804 0.06734398 0.08583088 2.7659384e-05 0.00022692175 0.00016183128 7.3417934e-05 7.375319e-06 0.024192978 0.00028050184 0.00017584972 4.824789e-05 0.07101717 2.8219933e-05 0.2071871 6.9086803e-07 0.0047488855 0.036349397 4.4642494e-08 6.068728e-06 0.0053288713 7.723958e-07 1.2882782e-07 2.3365212e-06 0.022930091 0.18950754 2.275504e-06 1.6686948e-06 0.061389633 0.048271976 1.2646409e-07 7.484472e-08 2.1868097e-08 1.0451403e-06 3.070018e-07 0.0011581322 1.2503962e-07 0.0018721222 0.07395605 0.0027538748 3.8433456e-09 5.468047e-07 0.024821645
0.44715396 0.9031953 0.74615663 0.3247298 0.64727783 0.5713424 0.49931005 0.2303668 0.0040043294 0.10589187 0.023370145 0.8103369 0.00206856 0.011228198 0.0006814466 0.00094711594 0.0023341884 0.021048196 1.7409175e-16 0.9125064 0.016225921 0.18849939 0.14946325 0.0010291185 0.98627406 6.540274e-06 5.2381733e-05 0.020365799 0.21008694 0.0031442563 1.8087446e-06 0.85581905 0.004366387 0.00022408666 1.0215315e-06 0.00037060917 2.3514657e-07 0.6391472 0.0025856127 0.00011027581 0.00064913154 0.00031921448 0.04054788 5.785811e-05 6.2554405e-05 3.6346328e-06 5.9913423e-06 2.7960457e-05 2.7885294e-06 4.5403695e-07 1.7933438e-07 0.0002331015 0.1934204 3.9410317e-08 2.7292781e-05 0.00013769131 0.0022827126 2.1889495e-05 0.007536088 0.00018156423 0.00022451962 5.5481497e-08 0.0048758863 5.872252e-07 1.0474104e-06 0.0010097007 4.243359e-06 2.601782e-06 4.5715155e-06 0.0030073717 0.00067574484 1.849102e-06 0.0068611335 1.6799826e-08 6.7020835e-07 3.128086e-05 2.5490035e-09 1.2691028e-07 1.0066728e-06 3.4375013e-08 3.7584664e-07 1.7525113e-07 1.4383589e-05 0.0057754503 8.308233e-07 7.8395466e-08 0.0009292405 0.00020861573 1.8023039e-07 5.383319e-07 1.1208993e-05 5.2070263e-08 5.902346e-05 7.4086245e-05 1.6277507e-07 0.022345986 0.00034030128 1.5161572e-05 2.2086851e-06 8.3413504e-08 5.6757708e-05
0.18116249 0.27796307 0.4402044 0.0031081638 0.50632215 0.48251522 0.5132293 0.33458236 0.00012106532 0.000461923 0.00021759028 0.9573541 0.015154577 0.00015257634 5.4081676e-05 0.048352454 0.13521086 0.0056571867 0.9125064 8.743413e-15 0.56294495 0.9388427 0.9348479 0.00091563124 0.29447478 0.0004387117 1.8124738e-05 0.0007579659 0.035887856 4.2625823e-05 2.3400411e-05 0.9539826 0.00048737426 0.0007035039 5.7977663e-06 2.2514902e-05 5.6631966e-06 0.11802518 0.0010805676 0.013252662 8.775837e-05 2.2887396e-05 0.0010687377 0.00039607042 1.1735972e-05 1.4938155e-06 8.759949e-05 0.0005270715 1.6071046e-05 4.2509884e-05 5.27264e-07 1.275007e-05 0.65395945 1.3152022e-06 8.554214e-06 2.17948e-05 0.00030728875 1.5712092e-05 3.066603e-05 2.6367752e-06 1.20436625e-05 1.327448e-06 0.0013485594 8.847146e-07 1.235914e-06 0.0456351 1.0487082e-05 1.1876198e-06 4.0984623e-06 0.00058061996 3.3011864e-05 8.847104e-07 0.0014076111 7.25147e-07 2.9874258e-07 0.00021537527 7.221312e-09 4.6417554e-07 3.090071e-07 1.2714176e-07 2.2018896e-06 5.279674e-07 1.3683218e-06 0.0002657177 4.639877e-06 3.1531607e-07 2.6656759e-05 4.3240056e-05 3.302074e-07 2.960094e-06 0.0020194207 9.510086e-07 4.225498e-06 1.6026677e-05 7.3641473e-07 0.047593936 5.8579386e-05 1.817579e-06 4.2894644e-05 1.3178808e-07 8.175959e-06
0.20987351 0.00035941968 0.26216948 1.7097556e-05 0.25467864 0.6941347 0.5142643 0.5611395 8.3506035e-07 1.17021755e-05 7.506338e-06 0.81031424 0.22906238 8.3683415e-07 5.1394005e-07 0.695706 0.98649174 0.0007581242 0.016225921 0.56294495 5.3594002e-15 0.86462384 0.9261058 0.00067496137 0.0005857704 0.05051032 2.8716482e-07 2.923384e-07 0.0025229019 1.9843995e-07 0.08747345 0.24120149 5.0788585e-06 0.02576561 0.002314052 9.1237035e-07 0.0004117925 0.0012547259 0.0011812057 0.7282959 3.9812693e-07 1.2254077e-06 3.9576153e-06 0.0053293947 3.7678336e-07 1.4237195e-07 0.005102617 0.005873894 1.13627074e-07 0.049274128 0.00070082274 1.2273293e-06 0.46656477 6.751081e-05 1.5621808e-06 1.2733635e-06 1.923181e-05 0.00012457062 2.9139605e-06 3.2698253e-07 2.6289223e-07 5.1461267e-08 2.8562044e-06 2.8274007e-08 0.0010897776 0.00983784 0.00026754852 9.6336514e-08 6.2136064e-07 1.5556158e-06 9.68395e-07 3.639461e-08 0.0008393367 1.00883575e-07 1.4943327e-08 0.00056736305 2.6828624e-09 3.6466666e-08 5.589507e-09 1.669775e-07 0.00028206414 1.3066733e-06 6.452584e-08 4.2817683e-05 1.0990157e-05 4.517355e-08 9.445042e-06 3.835066e-06 1.6807734e-07 1.7443417e-06 0.0018600113 1.63624e-08 6.380126e-07 0.00026382165 5.453231e-07 0.00042022663 3.5796347e-06 1.4163103e-07 1.1745859e-05 1.3896921e-08 2.2036838e-06
0.021086656 0.0061355117 0.18053345 4.2120664e-05 0.08913948 0.3133388 0.5393963 0.20582199 2.3572184e-05 6.103952e-05 3.285442e-05 0.8846845 0.01610362 1.0753523e-05 4.858419e-06 0.1092154 0.45536444 0.0018898976 0.18849939 0.9388427 0.86462384 2.8226746e-16 0.99134856 0.0012977951 0.007380308 0.0028218036 2.066002e-06 3.934115e-06 0.0018674459 1.2713051e-05 0.0027830792 0.5536548 0.00015885291 0.0024073569 0.00030653155 3.936408e-06 6.1429266e-05 0.017586023 0.00035726908 0.19973044 3.8176255e-05 2.047849e-06 7.703071e-06 0.0008661065 3.851888e-07 2.3948027e-07 9.742996e-05 0.00026217054 3.1233665e-07 0.001569764 2.6888412e-05 2.5726354e-06 0.18149199 2.6733553e-06 8.3877177e-07 1.2933835e-05 0.00012168031 4.66788e-05 3.8182043e-05 1.6633217e-06 3.2835671e-06 4.9531085e-08 1.2102312e-05 4.4177784e-07 4.0410432e-05 0.0014522707 4.6373752e-05 2.8909596e-07 1.3063681e-06 5.0573076e-06 8.345536e-06 7.635832e-08 0.0003685132 9.097849e-08 9.4971114e-08 0.00012461138 1.2295345e-09 7.5606025e-08 3.020265e-08 1.9116187e-07 2.4497613e-05 1.2083301e-06 4.1936283e-07 9.363593e-05 1.4767909e-06 1.2867582e-07 4.880999e-06 3.0914434e-06 7.072383e-08 5.407608e-08 9.208662e-05 2.7220686e-08 1.1123338e-06 3.3219512e-05 1.0208283e-06 0.00019440026 2.2638026e-06 1.4638549e-07 3.2659404e-06 1.1066369e-08 1.4126191e-06
0.026738044 0.00088733627 0.058660228 4.7158037e-06 0.1464914 0.30571964 0.28215823 0.20893984 1.4111284e-06 1.34518305e-05 1.0130644e-05 0.63539195 0.0136296665 4.056633e-06 4.0613958e-07 0.12521556 0.3939116 0.0006751593 0.14946325 0.9348479 0.9261058 0.99134856 1.8911816e-14 0.0006944413 0.0037094299 0.0015747338 8.7100847e-07 4.185588e-06 0.0031888906 1.2461445e-06 0.0015761522 0.8354939 5.9457093e-06 0.0041275225 0.00017747605 2.3256746e-06 1.6612283e-05 0.042920213 0.0010073053 0.5071255 6.117084e-06 6.196753e-07 2.374653e-05 0.0007559983 8.9491033e-07 1.6942884e-07 0.00014194525 0.00044266647 1.118687e-06 0.0024746154 3.6082022e-06 3.815325e-07 0.72055733 2.7732284e-07 5.099347e-07 2.599178e-06 3.9491002e-05 3.7424936e-05 1.7067843e-05 5.2312686e-07 7.0173354e-07 9.461534e-07 2.0921163e-06 7.974005e-08 5.3176063e-06 0.01898172 1.5334574e-05 9.816574e-07 8.026738e-07 5.9159693e-06 2.4195626e-06 1.5715388e-07 0.0014412025 9.852665e-07 4.250848e-08 0.00029463644 1.2315506e-09 6.826293e-08 1.1102889e-07 1.4822943e-07 6.2563568e-06 3.1860938e-07 8.649082e-08 3.5842582e-05 1.5777595e-06 1.919291e-07 1.3618485e-05 3.5758576e-06 1.2875708e-07 1.6221184e-06 0.0014118379 2.182677e-07 4.0935035e-07 2.4530065e-05 5.541759e-07 0.002388329 4.332271e-06 1.5368202e-07 2.4386543e-05 2.1474191e-08 5.652389e-06
0.7999561 0.010943763 0.02820597 0.0023606527 0.5204818 0.033769347 0.019322393 0.7226127 0.0017961725 0.00023623934 0.00017513342 0.0017960807 0.3766221 9.962912e-05 0.00020059299 0.016121058 0.0026563157 0.96729696 0.0010291185 0.00091563124 0.00067496137 0.0012977951 0.0006944413 1.409871e-15 0.00044371214 0.031902764 6.336869e-06 1.4392878e-05 0.6824678 0.00022808422 0.005807368 0.00039806546 0.07494891 0.74532235 0.00085715804 1.830571e-05 0.0004995377 1.6155986e-06 0.96563506 0.0003281063 0.0011175809 0.011133692 3.4742222e-06 0.23448522 4.30121e-06 5.4566563e-06 0.006416213 0.37925485 7.684119e-06 0.0003070643 0.0009855621 0.006317211 0.00040902806 8.546195e-05 0.0026051714 0.00039237604 0.41521287 0.891539 0.014517245 0.008258158 0.010306857 5.6639315e-06 2.4158262e-05 2.2132394e-06 0.00028808747 1.6050155e-05 0.57449883 4.131123e-06 0.00013439349 9.5445e-06 0.019058002 1.9937745e-05 0.2456811 1.5982862e-06 0.0017959259 0.14915155 2.0173443e-08 1.33651065e-05 0.00089596765 1.86668e-06 4.4968097e-06 2.4805693e-06 0.008665257 0.11946213 6.5552545e-06 2.0058762e-06 0.016210925 0.028463058 2.9557427e-07 5.370801e-07 2.3503853e-05 1.5489645e-06 8.7897234e-07 0.0047047134 3.5344314e-07 0.0007850815 0.051331572 0.00042657182 6.319916e-08 2.681374e-07 0.011396878
0.05929603 0.6952763 0.3013964 0.24468198 0.16354811 0.052495934 0.047283508 0.009027955 0.0067541366 0.14082928 0.03695335 0.20032652 0.00048392886 0.02253159 0.0010604716 0.0002703548 0.00015338852 0.0042284066 0.98627406 0.29447478 0.0005857704 0.007380308 0.0037094299 0.00044371214 3.2094343e-17 2.829945e-06 0.00064057944 0.12277804 0.03134243 0.0011048393 2.5251015e-07 0.6179585 0.0027968085 6.6803295e-05 5.657321e-07 0.0007768398 2.4144785e-07 0.9916774 0.00038421238 2.7543526e-06 0.00038046896 0.00028848776 0.2662177 4.8652786e-05 0.0003780489 2.8804225e-05 4.3546684e-06 6.70622e-05 5.3011274e-05 5.0001898e-08 1.0131976e-07 0.00022499569 0.017187001 1.77385e-08 1.02278855e-05 0.00022385767 0.0010199829 1.8300298e-05 0.0018588806 0.00016872093 0.00016168058 7.1597096e-06 0.012691071 1.7462751e-05 1.9483016e-07 0.00070548494 5.01731e-06 1.5544361e-05 6.5957956e-06 0.011780473 0.0003103158 5.041515e-05 0.00088369194 8.7925156e-07 2.645475e-06 2.3193136e-06 6.978438e-08 1.507761e-05 1.011445e-06 9.2904806e-08 4.0738988e-07 3.0583801e-06 1.4176632e-05 0.0014474622 1.9815202e-06 1.0713586e-06 0.0005734001 7.522345e-05 5.5904883e-07 2.1203557e-06 1.5816915e-06 6.1616487e-07 0.00014305634 1.7673734e-05 2.6705115e-06 0.027519388 0.00018265836 5.521778e-06 2.448422e-06 1.98529e-06 1.3851216e-05
0.8031624 4.2424285e-06 0.001274248 8.319297e-06 0.008459262 0.13665783 0.009673364 0.3301169 2.4998578e-06 8.71654e-07 1.1356398e-06 0.0013907012 0.8054505 4.3231125e-08 1.4168067e-08 0.79813534 0.32218558 0.0064907614 6.540274e-06 0.0004387117 0.05051032 0.0028218036 0.0015747338 0.031902764 2.829945e-06 1.255531e-14 2.9597807e-08 5.5334572e-09 0.0016649993 1.2069134e-08 0.9584277 0.00010221835 0.0002766977 0.83959615 0.7649771 3.231427e-08 0.94360083 8.0858746e-07 0.010360962 0.5564348 7.1585384e-07 7.697783e-06 3.5062106e-07 0.7838165 1.0243215e-08 7.714734e-09 0.7405914 0.3330477 4.252776e-09 0.49820107 0.25817996 2.8007971e-06 0.0031307272 0.1153371 2.215311e-06 6.5393476e-07 0.00051159604 0.019375885 5.0227893e-05 1.7844264e-05 2.8841663e-05 9.700628e-10 4.210656e-07 2.5620189e-08 0.04583727 6.569308e-05 0.071323276 7.073462e-08 1.7418672e-07 3.513957e-07 5.3603475e-05 1.9089235e-08 0.0037548756 1.0350426e-08 1.1445532e-06 0.0529186 1.0376509e-10 6.7791554e-08 1.7456821e-07 5.323331e-09 0.00026067966 2.131418e-07 1.8788134e-05 0.00064819213 4.053264e-06 2.5115071e-08 4.639521e-05 0.00013133624 4.5866205e-08 3.159203e-08 0.00019136719 3.707733e-08 1.4446108e-07 0.01385366 4.3576532e-07 7.708367e-05 0.00053251424 1.7272886e-07 1.7858122e-07 9.262697e-09 5.237199e-05
0.9554997 0.00055430806 4.105886e-05 0.03677515 5.966075e-05 8.5873387e-07 9.355234e-06 2.544797e-07 0.4482576 0.1361561 0.35175633 7.7978875e-06 1.9798739e-07 0.7403492 0.9008544 1.5483124e-07 4.1596227e-08 0.00027116606 5.2381733e-05 1.8124738e-05 2.8716482e-07 2.066002e-06 8.7100847e-07 6.336869e-06 0.00064057944 2.9597807e-08 2.7133569e-14 0.41871244 0.0005896251 0.8423237 3.3591974e-08 6.87145e-05 0.0024839607 1.0580401e-06 2.4589543e-08 0.9440775 2.5778309e-07 8.0393635e-05 9.489978e-06 2.556575e-07 0.30094275 0.024390327 0.09255253 1.1563453e-06 0.7811568 0.90237194 5.7191592e-08 2.633542e-07 0.6513438 6.6592406e-08 2.9698367e-07 0.005624573 0.00012510565 4.4837567e-08 0.008949865 0.1445951 0.001237038 1.6231568e-06 0.032191094 0.0024815325 0.0039149993 0.18015046 0.07986324 0.028139647 1.0352579e-06 4.933215e-06 3.1585088e-07 0.0059728157 0.7130221 0.00045273488 0.0027856044 0.27598077 0.000832098 0.019735403 0.0033000815 1.0008432e-06 0.0061280886 0.001443629 0.0013664246 0.062060226 7.716133e-09 0.024580063 0.00067129807 0.0024418768 0.019494949 0.00029285508 0.014671603 0.0005933386 0.00012429187 0.0011847585 3.8628474e-05 0.00014904857 0.0025417388 3.7265232e-07 0.0061821234 0.0014578796 0.00012448594 0.0040049963 2.1884297e-07 0.00016859356 0.0005912138
0.2940157 0.4632628 0.020345118 0.63161904 0.0048317285 0.00018746601 0.00076377305 0.00015239048 0.3180838 0.8900091 0.7359236 0.00019515758 4.223441e-07 0.88098985 0.3512479 3.4751815e-07 1.8475472e-08 0.0008712199 0.020365799 0.0007579659 2.923384e-07 3.934115e-06 4.185588e-06 1.4392878e-05 0.12277804 5.5334572e-09 0.41871244 2.4610603e-16 0.004007032 0.112255804 2.3757254e-08 7.565526e-05 0.0024667033 2.9007226e-05 7.997031e-09 0.6142364 5.1401724e-08 0.04180141 4.3746335e-05 7.433664e-09 0.013942962 0.0015129048 0.99541867 1.5145936e-05 0.3301704 0.037070632 6.490439e-07 6.112608e-07 0.001784813 8.518284e-09 3.1250886e-09 0.00049265043 3.6960853e-05 1.4504379e-09 0.00019147381 0.007164266 0.00012561626 3.1819807e-06 0.021549312 0.00046075796 0.00035367213 0.00011351926 0.22614624 0.00060275255 3.473939e-07 1.301512e-06 4.6512957e-07 4.8552534e-05 0.0004489791 0.012098609 0.0005608767 0.03289111 0.0007459525 1.0994686e-05 1.2938448e-05 9.933165e-06 9.916714e-08 6.6695975e-05 4.9759387e-06 3.8372702e-05 8.489818e-07 0.0004705855 2.7478865e-05 0.001354704 8.050711e-05 9.970013e-07 0.0033013658 0.00017845175 1.3931954e-06 3.2260816e-06 3.055568e-07 4.650185e-06 0.01111783 2.7108166e-05 0.00018914996 0.003904187 3.3461478e-05 4.5618362e-05 4.014431e-09 1.1497003e-06 0.000121220015
0.97845787 0.549692 0.344385 0.14363623 0.63412946 0.12446599 0.056762505 0.40710068 0.0077188313 0.025712285 0.008286339 0.08848374 0.07401108 0.0045527294 0.0004706802 0.01933645 0.002116571 0.9821918 0.21008694 0.035887856 0.0025229019 0.0018674459 0.0031888906 0.6824678 0.03134243 0.0016649993 0.0005896251 0.004007032 4.529968e-16 0.0014447724 0.0005366622 0.013843544 0.3580724 0.004850126 0.00046649142 0.00033681205 0.00014121422 0.00034824124 0.53782254 0.00035566246 0.0034433533 0.014262955 0.0013973251 0.00040431423 0.0002476282 8.155501e-06 0.00020641016 0.0007781622 0.00019242587 0.00013363126 7.46869e-05 0.0125600705 0.002813943 1.4624003e-06 0.0036573138 0.00055503467 0.79832125 0.36794794 0.05136132 0.034251682 0.0398801 4.4174245e-05 0.0149838 1.404411e-05 5.4526747e-05 8.33342e-05 0.0095800655 4.494522e-05 0.000116663345 0.0015853229 0.07899503 2.3003133e-05 0.39065897 2.0247478e-06 0.005172562 0.025280554 6.150981e-07 1.6438391e-05 0.0017811869 1.6455509e-06 1.2815614e-06 2.9348607e-06 0.04194346 0.4133326 2.8660454e-05 4.5300067e-07 0.05196758 0.080885544 7.594506e-07 1.4015017e-06 5.2931327e-06 7.14361e-07 7.048863e-06 0.0003944185 1.1695765e-06 0.16578293 0.18901671 0.0005796145 2.3397076e-06 5.3381615e-07 0.043004308
0.9769657 0.028446808 0.0010424576 0.33802 0.00016771157 3.131753e-06 2.2200686e-05 4.242643e-06 0.8441747 0.45928347 0.41380742 2.9057781e-05 4.565836e-07 0.64921016 0.7753781 4.9359284e-07 1.0733758e-07 0.010557255 0.0031442563 4.2625823e-05 1.9843995e-07 1.2713051e-05 1.2461445e-06 0.00022808422 0.0011048393 1.2069134e-08 0.8423237 0.112255804 0.0014447724 4.6972045e-13 1.293556e-07 5.5436276e-06 0.04563041 2.9299903e-07 2.4964676e-08 0.5469234 7.489956e-08 8.282802e-06 0.00029036772 2.280233e-06 0.9695315 0.38746655 0.05470332 4.788059e-09 0.51546615 0.52499443 2.8152216e-09 9.726336e-08 0.59084946 1.8361973e-07 3.0265387e-08 0.10110553 3.196184e-06 1.4052576e-09 0.34127977 0.2945295 0.028308671 0.00023027619 0.044185482 0.030251913 0.049080994 0.23255889 0.015546482 0.08294925 1.4186239e-08 7.974637e-06 4.391971e-06 0.01912317 0.576915 2.5180867e-05 0.053354084 0.008433546 0.0032156566 0.013416253 0.049617402 4.67259e-06 0.011976493 0.012259736 0.052206837 0.010829347 8.037883e-11 0.00021682364 0.016810108 0.023611492 0.0009051934 0.0007996204 0.14021032 0.021414107 0.0004146956 0.0011110633 1.9953987e-07 0.000900719 7.355059e-05 9.019611e-09 0.0002374276 0.00020479 0.0075155436 0.044097386 1.0312597e-07 0.0026028568 0.036811467
0.24676166 4.0864745e-07 0.00049886445 2.9791624e-06 0.000792327 0.10227307 0.0036843135 0.078089155 2.3635977e-07 3.2311848e-07 4.6828836e-07 0.0005566979 0.5399434 1.8670404e-07 1.1605466e-08 0.75637424 0.5469933 0.0003657284 1.8087446e-06 2.3400411e-05 0.08747345 0.0027830792 0.0015761522 0.005807368 2.5251015e-07 0.9584277 3.3591974e-08 2.3757254e-08 0.0005366622 1.293556e-07 3.6779368e-17 1.52768e-05 5.9876493e-05 0.34570122 0.98326755 4.034129e-08 0.5729653 9.983713e-07 0.004889159 0.8269901 6.0682214e-07 7.2293193e-07 5.70365e-07 0.24527577 8.156225e-08 2.6544398e-09 0.2948745 0.078276865 1.0444069e-08 0.73285264 0.5021563 3.355045e-06 0.007854379 0.3379871 7.7525334e-07 1.0152457e-06 0.00010793321 0.0030342788 3.366653e-05 9.551679e-07 4.997253e-06 2.2337197e-09 1.3034392e-07 6.3187553e-09 0.026119182 7.924347e-05 0.007206893 9.64978e-08 4.3185384e-08 2.2560317e-07 1.5329631e-05 6.4425465e-09 0.0017745076 1.0252792e-08 5.4709153e-07 0.010096015 2.5160674e-11 1.9637163e-08 4.0859135e-07 2.5337215e-08 0.0002355642 2.144668e-08 2.9020991e-06 0.000370195 1.8845412e-07 5.990881e-09 3.7765723e-05 5.436495e-05 7.795734e-09 2.7846761e-08 0.00036170665 1.7281907e-08 1.8544928e-07 0.005168171 3.04057e-08 8.713091e-05 0.00024279696 2.829926e-08 3.895266e-08 3.955594e-09 8.750289e-05
