7.566622e-22 0.88434124 0.8758296 0.94720066 0.92207646 0.9346025 0.9447831 0.9552113 0.9450584 0.70551306 0.9118497 0.95994455 0.8947557 0.9542589 0.9328989 0.9146166 0.9755039 0.94172907 0.9919058 0.8838427 0.5996904 0.8695324 0.915471 0.89445114 0.94643337 0.77700305 0.84964573 0.92775726 0.31091738 0.93512166 0.93161345 0.972873 0.25934482 0.9498199 0.90480536 0.1594111 0.8597946 0.94001424 0.8249351 0.8243631 0.94603324 0.97616273 0.93427706 0.8024089 0.9198322 0.74670887 0.9321268 0.86760527 0.9730482 0.9126543 0.97480345 0.9578537 0.4799683 0.99648786 0.7112507 0.59745914 0.57464 0.9123035 0.48114353 0.6833209 0.72137034 0.8892024 0.1338952 0.09539507 0.07851887 0.9817721 0.95557696 0.046462756 0.017510112 0.9595139 0.4391903 0.19131011 0.01452072 0.0033338068 0.97824615 0.07173927 0.07110044 0.022023002 0.03526537 0.36087462 0.018470535 0.0011013845 0.002051676 0.6845161 0.009024215 0.36278346 0.15898342 0.0027749985 0.0052640387 0.99990255 0.46475947 0.3351385 0.9791122 0.0010739161 0.0012139408 0.014146873 0.9999844 0.48596647 8.047825e-05 0.0074767713 0.00023309237
0.88434124 1.05725346e-17 0.9683338 0.90843815 0.7971411 0.78161395 0.4608428 0.36560166 0.06749705 0.59476084 0.00017163601 0.00024909765 2.705024e-05 0.00020149584 0.0047350647 0.74302226 0.60240763 0.2011966 0.16798073 1.8771313e-07 0.15250537 1.4635422e-07 3.4166626e-06 9.953833e-05 0.0010929025 0.23043074 2.288062e-06 0.09435297 0.06388925 8.632124e-08 6.922176e-08 1.5670967e-07 0.020049293 0.0035525893 9.241662e-09 0.016351582 0.013224564 4.270278e-06 0.004008053 2.6125816e-05 3.7232124e-07 0.016972896 1.2256022e-07 0.07636176 0.014379099 5.5274204e-06 2.451859e-08 4.4224575e-09 1.4261927e-07 1.4526958e-07 1.60198e-05 3.0678707e-10 2.2221359e-07 0.0005886154 2.1482048e-05 9.9330464e-05 9.74649e-07 1.5533208e-08 0.00015949183 6.014461e-11 2.6449763e-11 1.0558391e-09 1.3287911e-07 0.07235102 0.0049047526 2.7735723e-07 0.00016677532 0.0027076814 0.00015200757 5.82834e-10 4.4646347e-07 4.853834e-08 4.8569827e-08 1.8599747e-05 5.0510724e-05 1.0011163e-06 1.1584734e-06 2.0399684e-06 7.859868e-07 2.5183326e-08 2.5303254e-07 9.547308e-05 2.0715211e-07 2.0397688e-09 0.000794812 6.8689068e-09 2.7114408e-08 2.9906727e-07 0.000119980534 0.0026809538 1.7853115e-09 5.0756843e-09 2.0676232e-09 7.5366404e-07 9.008289e-05 2.1129726e-07 0.04889674 2.01214e-09 7.024155e-06 6.815622e-09 6.080435e-08
0.8758296 0.9683338 1.5500286e-17 0.81964165 0.9366629 0.53763926 0.42748746 0.49554878 0.09160982 0.29542956 0.00016794572 0.0002082365 3.3556644e-05 0.00024942282 0.008823403 0.83393776 0.41928 0.17497838 0.09459939 8.680248e-07 0.23957306 5.0172923e-07 4.454239e-06 0.00019595542 0.001038098 0.3639407 2.084431e-06 0.052413676 0.10087998 1.3137536e-07 9.137169e-08 9.6839464e-08 0.025451764 0.0025812888 1.1945829e-08 0.020753145 0.011315291 1.7755256e-06 0.010291598 4.2766384e-05 2.2309501e-07 0.014935594 1.4652417e-07 0.16022657 0.028191263 5.898067e-06 2.2335588e-08 6.071231e-09 1.5085936e-07 1.04734376e-07 1.1895951e-05 3.6476855e-10 2.8043158e-07 0.00056223955 3.9989674e-05 0.00017653513 5.5657574e-07 9.204895e-09 0.00024645583 1.2794033e-10 6.4446413e-11 1.5457273e-09 1.2813761e-07 0.05185601 0.003797268 1.4004215e-07 7.942581e-05 0.0029141316 0.00025486405 1.1415755e-09 5.732923e-07 6.021506e-08 7.1440084e-08 3.1541837e-05 3.7168804e-05 1.165459e-06 1.8106587e-06 1.5854083e-06 1.0647836e-06 3.8329226e-08 9.253082e-07 5.1505336e-05 1.5536578e-07 2.4742337e-09 0.0005820573 1.4674267e-08 3.677357e-08 2.9057864e-07 4.8628117e-05 0.0023167725 4.7960476e-09 1.2130407e-08 2.3580184e-09 2.9517204e-07 0.00015927143 2.4506423e-07 0.01882611 9.138263e-09 7.795828e-06 2.1670155e-09 1.8648775e-08
0.94720066 0.90843815 0.81964165 3.669177e-14 0.75699884 0.2788176 0.96257293 0.63463205 0.3545657 0.48758867 0.010367356 0.01005492 0.0012410674 0.006482756 0.030204132 0.43028867 0.7302679 0.7494861 0.11722761 3.619108e-05 0.03034974 1.7239414e-05 6.616539e-05 0.0011510581 0.021925498 0.08427546 4.9046776e-05 0.22650991 0.01033621 8.8042425e-06 6.3346633e-06 5.636294e-06 0.0055353 0.023161855 5.2689205e-07 0.0037426988 0.040399857 8.549024e-05 0.00031518456 0.00021387842 1.1663058e-05 0.05021577 1.8188309e-06 0.039096575 0.0213474 0.000106926214 1.1978697e-06 3.3851774e-07 2.817283e-06 1.4051499e-06 0.00023574938 1.6567373e-08 8.604603e-07 0.005823174 9.778619e-05 0.0005221617 7.126011e-06 7.990924e-07 0.00077849807 3.610551e-09 9.3124697e-10 6.578825e-07 3.9908673e-07 0.042829193 0.0021676796 1.9230214e-05 0.0015188094 0.0022677777 5.7102516e-05 4.865687e-07 2.5185539e-06 1.3027353e-06 3.338708e-07 4.1215746e-05 0.0006982759 8.426712e-06 5.7822646e-05 3.2680797e-05 2.9662888e-06 6.5182003e-06 1.11661875e-05 0.00023186524 9.542152e-06 3.4581456e-07 0.0008063771 1.6375951e-06 3.3150468e-06 1.4803161e-06 0.0002335423 0.010455761 1.07716595e-07 3.0367883e-06 1.1244662e-06 1.6984044e-05 0.00032223 1.5069193e-06 0.067977555 2.3988107e-06 3.6489437e-05 1.7285938e-05 9.351206e-07
0.92207646 0.7971411 0.9366629 0.75699884 4.880934e-19 0.23447712 0.6411241 0.9433608 0.4323572 0.08133984 0.0004640459 0.00034262575 0.00013700547 0.0034994183 0.09531577 0.85275227 0.17772588 0.09459028 0.05718318 4.796583e-07 0.31614196 3.026653e-07 4.847839e-06 0.0020919119 0.0013206094 0.6236592 1.4634801e-06 0.033905536 0.1820037 1.2443768e-07 8.179514e-08 5.866422e-08 0.028119607 0.003195521 8.454333e-09 0.038250674 0.008663759 8.9175217e-07 0.0030215585 0.00012445176 1.06799675e-07 0.0093680415 8.1875534e-08 0.459567 0.18263967 1.1641378e-05 5.7364065e-09 4.683982e-09 6.8120514e-08 9.751598e-08 6.9004395e-06 1.7603595e-10 2.433743e-07 0.0004896679 0.00019264476 0.0010092622 1.2430538e-06 1.0674341e-08 0.0052640587 7.307305e-11 1.9119779e-11 7.6888457e-10 8.176536e-08 0.059850067 0.008389762 1.3059825e-07 8.9566e-05 0.006653734 0.00083551963 5.059733e-10 9.47016e-08 9.348001e-08 7.404983e-08 7.1475966e-05 1.1573234e-05 1.529096e-06 4.642896e-06 4.9907953e-06 7.11502e-07 2.7683965e-08 6.1572346e-06 3.9002865e-05 3.7910527e-07 5.575333e-10 6.846685e-05 3.1991552e-09 1.450137e-08 2.6145034e-07 0.00023782258 0.0017151444 1.9338608e-09 1.65121e-08 4.053927e-09 7.0208233e-07 9.808667e-05 7.729187e-08 0.0093096495 9.952579e-09 4.382398e-06 4.480831e-09 6.629546e-08
0.9346025 0.78161395 0.53763926 0.2788176 0.23447712 1.3485556e-15 0.014835257 0.031944852 0.0022008747 0.98615384 0.00036886497 0.0006037847 5.1868035e-05 6.393069e-05 0.0010007197 0.6568197 0.11665098 0.00728494 0.90668607 1.066725e-06 0.28850693 9.720842e-07 6.8288077e-06 8.886484e-05 0.00019795202 0.01846836 6.0742315e-07 0.0057812887 0.041513637 1.178879e-06 2.8499624e-08 4.7174524e-07 0.05076652 0.00070499687 3.2789917e-08 0.0147984335 0.0030249075 1.3319078e-06 0.4296768 3.0708114e-05 8.9767596e-08 0.0038627 2.1733634e-07 0.0154811535 0.0006684176 1.235206e-06 1.2355017e-08 7.643143e-09 9.5212705e-08 3.105488e-06 1.9241506e-06 1.1423449e-08 5.336064e-07 0.00017309238 1.2985607e-05 0.00013959392 2.10978e-06 6.487186e-08 9.839415e-05 9.990118e-10 4.762926e-10 2.1853783e-09 1.1807298e-06 0.054987572 0.00059500977 1.759267e-08 2.5724464e-06 0.00095118606 1.1354258e-05 2.5416957e-10 1.8313393e-05 4.1438443e-06 2.1007775e-06 7.2542753e-06 3.2656837e-07 1.8848003e-05 4.664921e-05 4.729092e-05 2.7750066e-05 5.092075e-06 1.6198113e-05 0.0008767221 2.2813838e-06 8.4181115e-09 0.10145312 1.7801312e-07 1.1054878e-07 3.3138301e-06 1.8274714e-05 0.00014419087 9.672508e-10 1.1258267e-10 8.4965805e-11 1.9295136e-05 2.1538277e-05 1.5598386e-07 0.17763923 4.247186e-11 0.00026555534 3.195765e-07 7.9733965e-08
0.9447831 0.4608428 0.42748746 0.96257293 0.6411241 0.014835257 6.2057496e-14 0.78693384 0.92410755 0.06436859 0.23129776 0.24934798 0.08488308 0.28569287 0.33662537 0.093066126 0.40350515 0.89850974 0.053903807 0.0004887481 0.007129397 0.00024458944 0.000877413 0.011597801 0.08456413 0.025915023 0.00019344063 0.22173156 0.0026260433 4.2882984e-05 4.0472445e-05 3.7161182e-05 0.0011326999 0.049650427 2.1598926e-06 0.000904585 0.048290208 0.00012478845 2.869795e-05 0.0009054788 1.47586525e-05 0.04666125 1.9754277e-06 0.02552888 0.043738756 0.0002519347 2.6669331e-06 1.2337119e-06 5.859366e-06 1.5583175e-05 0.00045365735 4.1091464e-08 3.4754053e-06 0.009843762 0.0005899913 0.001968605 2.7535792e-05 1.8172375e-06 0.0016843863 1.875293e-08 2.5273346e-09 2.3709385e-06 7.8988967e-07 0.008319315 0.0010529986 2.877238e-05 0.0014015846 0.0007657294 6.699349e-05 1.617626e-06 2.2777424e-06 4.1259814e-06 5.7006645e-07 9.8882934e-05 0.0005312715 6.317421e-06 6.162889e-05 3.9677983e-05 5.7234047e-06 1.9140925e-05 5.5718705e-05 1.506969e-05 5.887911e-06 2.1348907e-07 8.310999e-05 3.5855041e-06 7.6842e-06 2.0767425e-06 0.00044192703 0.01034329 3.9364133e-07 1.0535108e-05 3.055188e-06 4.0479317e-05 0.00029194154 9.94313e-07 0.048835006 1.1255161e-05 4.149783e-05 9.154002e-06 2.7276963e-05
0.9552113 0.36560166 0.49554878 0.63463205 0.9433608 0.031944852 0.78693384 8.474458e-18 0.90190554 0.017114624 0.009491794 0.009598035 0.0035720335 0.12718485 0.8100523 0.7807285 0.04686982 0.06462593 0.02682881 5.9847293e-06 0.15461704 3.538656e-06 0.00035376573 0.048031658 0.00426966 0.70154643 2.9135228e-05 0.016154617 0.13892633 7.134303e-07 1.023432e-06 3.398595e-07 0.012694291 0.0044293907 4.3036554e-08 0.019830499 0.004270008 3.4705663e-06 0.00021831156 0.0010275984 5.2428555e-07 0.0041254307 4.189531e-07 0.6432015 0.5320328 9.909525e-05 3.4958184e-08 3.364449e-08 4.1884405e-07 3.7418437e-07 4.9392336e-05 1.4201609e-09 2.5887634e-06 0.0008622766 0.0053661787 0.040629286 1.4159796e-05 7.079185e-08 0.12207584 1.9074047e-09 1.6483952e-10 3.3119705e-09 6.237361e-07 0.051230155 0.044930797 2.2679278e-06 0.0001710223 0.021846486 0.022753626 2.227304e-09 3.007232e-07 6.3127845e-06 6.476799e-07 0.0011202758 4.1121482e-05 3.3536555e-05 0.0001285666 0.00028220538 2.3132475e-06 9.440349e-08 0.0013301156 1.9786623e-05 1.1875552e-06 4.838531e-10 6.330811e-06 2.3847962e-08 9.992281e-08 8.347932e-06 0.0035267298 0.001793078 1.4806322e-08 3.7441922e-07 1.0036308e-07 9.928449e-06 0.0001292346 1.8706639e-07 0.004905052 7.0693585e-07 6.871604e-06 7.944038e-08 1.4259974e-06
0.9450584 0.06749705 0.09160982 0.3545657 0.4323572 0.0022008747 0.92410755 0.90190554 1.04792646e-16 0.0053826594 0.5141092 0.47960967 0.43717355 0.8886108 0.9172609 0.09595652 0.026058717 0.2516701 0.013185719 0.0033172737 0.007451434 0.0015053632 0.09018655 0.2791784 0.047170673 0.06153692 0.009826588 0.034694575 0.005984599 7.493247e-05 9.932119e-05 0.0005413065 0.0005492148 0.017993167 2.770203e-06 0.00077415624 0.013346907 0.00023568892 8.575525e-06 0.040199507 2.937091e-05 0.011519208 6.4034084e-06 0.26174656 0.5400895 0.0053165467 7.2283447e-06 1.9934785e-06 1.4685195e-05 0.00077602343 0.000610255 2.9979102e-08 0.0005693355 0.0037205706 0.079607666 0.16287191 0.001653929 2.7951137e-06 0.138507 1.9098557e-08 1.4639511e-09 9.566128e-07 3.4081866e-05 0.0032843503 0.016221233 6.645534e-05 0.0007650083 0.002095722 0.0112219835 3.3906315e-07 1.3024463e-05 0.0004898427 1.1725232e-05 0.00068742194 0.0001887611 0.001137406 0.0054007233 0.0037699693 1.8790912e-05 5.193304e-06 0.0027691019 1.5967688e-06 6.3990005e-06 1.7710407e-08 1.3153001e-06 2.6572766e-07 1.35249e-06 5.464179e-05 0.001953957 0.0031150854 1.042793e-07 4.2516067e-06 2.9998478e-07 0.0005518394 6.982902e-05 5.908192e-07 0.014628676 2.5097543e-06 2.264552e-06 5.672732e-06 3.2067615e-05
0.70551306 0.59476084 0.29542956 0.48758867 0.08133984 0.98615384 0.06436859 0.017114624 0.0053826594 6.7737477e-13 0.0006849624 0.0006710097 0.00015349725 0.000447163 0.00097355293 0.0648882 0.89037085 0.071100056 0.9482682 7.7321696e-05 0.0078808395 4.4016128e-05 7.3740426e-05 0.00023276075 0.0027867456 0.00230995 1.3035039e-05 0.07169052 0.0018460937 3.1642558e-05 2.0427124e-05 1.7220782e-05 0.0018552783 0.002805647 2.1367352e-06 0.00048335467 0.008379464 7.253823e-05 0.002525394 0.00012550826 9.577837e-06 0.009181926 3.4441757e-06 0.0016844161 0.00012347844 9.259815e-06 2.58692e-06 1.242473e-06 6.5860095e-06 5.87086e-06 0.00014740136 5.3007375e-07 5.107168e-07 0.002511227 6.8371023e-06 2.1194734e-05 3.0696124e-06 4.556334e-06 1.322735e-05 1.4822032e-08 6.078209e-08 2.1980609e-06 1.1283021e-06 0.012936383 0.0002128472 6.665823e-06 0.0002720369 9.170784e-05 6.9989997e-06 2.4494014e-07 3.0424383e-06 1.5053507e-06 6.800643e-07 6.2790696e-06 4.1655356e-05 1.6961381e-05 2.4143772e-05 8.0419406e-05 3.8615282e-05 2.0432695e-05 2.2475815e-05 0.00012627446 2.4533072e-06 3.5779044e-06 0.003963793 2.2226882e-06 5.4278566e-06 3.3390072e-07 3.4772835e-05 0.0014926429 4.5869445e-08 1.5800084e-07 9.77275e-08 6.024637e-06 0.000100826874 1.2383612e-06 0.10830032 5.634744e-07 6.0987502e-05 1.2309185e-06 7.2617956e-07
0.9118497 0.00017163601 0.00016794572 0.010367356 0.0004640459 0.00036886497 0.23129776 0.009491794 0.5141092 0.0006849624 4.8591842e-17 0.96126413 0.9750082 0.7190218 0.24761902 0.0001410776 0.0068472694 0.34831452 0.0070277974 0.35024017 2.8872651e-05 0.23670225 0.3375724 0.074947484 0.4323043 0.001343747 0.0771809 0.03813185 0.00042438088 0.00850278 0.009991601 0.062389918 2.1442054e-05 0.1004126 6.954484e-05 6.9068825e-05 0.023799682 0.008835621 1.4844957e-07 0.053819746 0.0007830286 0.018958159 2.5032658e-05 0.0011567165 0.013649288 0.031888746 0.0001225776 1.3070566e-05 0.0003362031 0.0079247635 0.012710638 7.823429e-08 0.0036960836 0.029960994 0.019342877 0.014124144 0.0048637902 9.645778e-06 0.0009562084 3.2755477e-08 3.9671546e-09 9.312045e-06 0.00023704591 1.3905312e-06 0.00044478444 0.0002840092 0.0035597621 1.0680186e-06 5.723806e-05 8.521519e-07 0.00017347958 0.006132496 2.7018967e-05 1.3571448e-05 0.0015312617 0.0021470315 0.0011631885 0.00020227252 0.00016974934 3.9552968e-05 4.5784684e-05 2.2477444e-07 4.6326213e-06 3.8162125e-07 1.1913189e-06 1.2633661e-06 2.81394e-06 0.0007357644 8.1556955e-06 0.008889074 5.1477958e-08 4.3480264e-05 2.2692518e-06 0.0015464679 2.52577e-06 1.0320601e-06 0.024375226 5.5501505e-06 1.4173968e-07 2.6224232e-06 3.7289533e-06
0.95994455 0.00024909765 0.0002082365 0.01005492 0.00034262575 0.0006037847 0.24934798 0.009598035 0.47960967 0.0006710097 0.96126413 1.6997527e-16 0.9793706 0.5371804 0.1044921 0.00012387012 0.014711654 0.6041538 0.012622294 0.27886224 1.8968618e-05 0.115816236 0.12848139 0.019191368 0.6188697 0.0012200804 0.021232365 0.056840144 0.00024735156 0.00613409 0.0045393673 0.030407865 5.8064794e-05 0.15629536 7.752164e-05 0.00022677527 0.041764047 0.016746672 4.1237803e-07 0.008930318 0.0014847642 0.030155139 4.0864048e-05 0.0007953363 0.0052039465 0.0064803367 0.0001368065 1.1195339e-05 0.00022687195 0.0016519239 0.023929942 2.7942622e-07 0.0012349923 0.07893838 0.0020078227 0.002679995 0.0010461636 1.3229785e-05 0.00030938355 4.773645e-08 1.0534297e-08 2.4298373e-05 6.0969935e-05 1.373289e-05 0.00024646032 0.0002280292 0.0069780927 4.7986264e-06 6.7935136e-05 3.4497905e-06 4.5039276e-05 0.00015280159 1.9613442e-05 8.798153e-05 0.0017672345 0.00020093014 0.0001293294 0.00013602553 0.00024048604 0.00014090697 3.439631e-05 1.374613e-06 1.1928577e-05 1.8657547e-06 9.333339e-06 1.4937615e-06 9.221461e-06 0.00018227396 4.785608e-05 0.02436599 1.3245905e-07 7.27009e-05 7.542699e-06 0.00080006284 1.0892491e-05 6.3193493e-06 0.06960968 4.1238232e-05 1.8310029e-06 5.0697513e-06 3.5661127e-05
0.8947557 2.705024e-05 3.3556644e-05 0.0012410674 0.00013700547 5.1868035e-05 0.08488308 0.0035720335 0.43717355 0.00015349725 0.9750082 0.9793706 3.3239955e-16 0.8234844 0.2602411 8.037662e-05 0.0022906899 0.1570662 0.0016854757 0.48013294 1.890507e-05 0.36441392 0.40286997 0.08488731 0.29622388 0.0007610333 0.15020226 0.01213376 0.00030156373 0.013890014 0.023045463 0.12939955 3.509155e-05 0.042908836 0.000224628 3.0960357e-05 0.00942682 0.0055185994 1.1094125e-07 0.07037657 0.0014160139 0.010091425 7.325867e-05 0.001024542 0.010626879 0.05549873 0.00019869569 2.3637895e-05 0.00051067426 0.014486942 0.008170231 7.025304e-07 0.0048295655 0.018113654 0.022595547 0.02034158 0.008374377 3.3165637e-05 0.002552647 6.556361e-08 5.702255e-08 1.02306085e-05 0.00027861347 6.169358e-07 0.0003390352 0.00044187688 0.0022041989 8.48103e-07 0.00012580304 5.4102748e-06 0.00033491343 0.015095107 7.076981e-05 2.5580946e-05 0.001615575 0.0038536892 0.002570312 0.0004672744 0.00023614091 5.761507e-05 0.00014992719 1.1336502e-07 4.728206e-06 1.9203155e-06 1.1439574e-06 9.4102115e-06 4.865476e-06 0.0004579759 3.7414175e-06 0.005399253 1.3110201e-07 4.968691e-05 3.1841087e-06 0.00075963675 7.3482756e-06 1.8590107e-06 0.005669723 7.716056e-06 2.0638149e-07 2.5784038e-05 2.0549937e-06
0.9542589 0.00020149584 0.00024942282 0.006482756 0.0034994183 6.393069e-05 0.28569287 0.12718485 0.8886108 0.000447163 0.7190218 0.5371804 0.8234844 1.1702238e-17 0.9528071 0.00030458905 0.0013120504 0.041327 0.0017934928 0.13420333 4.9149785e-05 0.11385462 0.81638616 0.7265251 0.044702988 0.0056155585 0.41243765 0.0056027113 0.00063281576 0.0004210974 0.0010560075 0.028063947 8.854786e-05 0.007911549 2.3520097e-06 0.0002567584 0.0023250782 0.00050613267 5.727139e-08 0.27875656 6.4726366e-05 0.002275211 9.85657e-06 0.053769983 0.2825753 0.11878235 7.5055227e-06 2.6189691e-06 6.7340094e-05 0.010278004 0.0012823174 3.225054e-08 0.008448591 0.0026251131 0.4108112 0.35268405 0.044464376 4.844428e-06 0.12946112 1.19984405e-08 3.1042187e-09 7.030377e-07 0.00053799653 0.00010194343 0.013695839 0.00010399851 0.0006532526 0.00035147276 0.013893505 3.1751588e-07 7.1597264e-05 0.06944241 5.965899e-05 0.0006131973 0.0002039517 0.062233377 0.13481845 0.022501599 0.00054207054 7.81589e-06 0.0150747355 3.5245554e-07 1.5037402e-05 1.508186e-08 1.9425948e-07 1.12960656e-07 7.8573566e-07 0.0036662275 0.00014677769 0.0026888503 4.1649496e-08 2.0823776e-05 9.0106346e-07 0.0037977442 1.1798569e-05 4.789064e-07 0.0028658605 8.293702e-06 1.3769333e-07 1.9265457e-05 1.8795554e-05
0.9328989 0.0047350647 0.008823403 0.030204132 0.09531577 0.0010007197 0.33662537 0.8100523 0.9172609 0.00097355293 0.24761902 0.1044921 0.2602411 0.9528071 7.149151e-18 0.017355772 0.0037272898 0.033157352 0.003014993 0.0020488203 0.00196327 0.0010349427 0.4457922 0.92694616 0.014903729 0.20869349 0.061413407 0.0038977768 0.010406861 1.0500342e-05 2.826618e-05 0.0007740182 0.0006569925 0.003666441 2.500207e-07 0.002068201 0.001196761 6.0016217e-05 2.9955352e-06 0.16593994 2.024602e-05 0.0017001942 3.4531545e-06 0.29826915 0.7376652 0.019631155 2.9632645e-07 4.4061278e-07 1.5138181e-05 0.0005562367 0.0005411563 4.6635056e-09 0.0006898338 0.0012221709 0.25860247 0.47948688 0.009503913 1.3770641e-06 0.33754233 4.706388e-09 3.8640344e-10 1.02205234e-07 6.769423e-05 0.0066526807 0.11318494 1.5921576e-05 0.0004799743 0.007793442 0.0836462 2.9363722e-08 4.0899467e-06 0.018788157 1.35751625e-05 0.0045436835 0.00013395151 0.024942873 0.12212601 0.047170915 9.666051e-05 1.2398749e-06 0.06026482 2.5780018e-06 1.12371e-05 6.9889574e-09 9.194003e-08 5.3269495e-08 1.6159231e-07 0.0012036458 0.0021020721 0.0019770903 1.6058658e-08 4.7212484e-06 1.0098634e-06 0.0014688607 0.00011324352 3.3351532e-07 0.0027755862 4.45718e-06 2.4949109e-06 7.4347245e-06 7.7724326e-05
0.9146166 0.74302226 0.83393776 0.43028867 0.85275227 0.6568197 0.093066126 0.7807285 0.09595652 0.0648882 0.0001410776 0.00012387012 8.037662e-05 0.00030458905 0.017355772 1.8539803e-14 0.17732231 0.02123723 0.09467362 1.3872452e-06 0.9827808 8.9483865e-07 5.21036e-06 0.00045594835 0.00064011285 0.5871303 6.07579e-07 0.01619284 0.44479737 2.0197555e-07 1.4932793e-07 4.0925391e-07 0.16414675 0.000995026 2.6772256e-08 0.22665669 0.0035951638 1.1334978e-05 0.03475312 1.3185335e-05 2.1817066e-06 0.003946875 4.217959e-07 0.14614373 0.01747989 1.6372079e-06 4.4202583e-08 5.3885776e-09 6.508693e-07 5.024722e-08 1.7694396e-05 1.6374324e-08 6.5791475e-08 0.00042739414 2.7423472e-05 0.00035940408 1.4097093e-06 8.787816e-08 0.00082664005 5.9873515e-09 4.630993e-09 9.025672e-08 3.028602e-07 0.0943133 0.0016019571 3.3350213e-06 0.00026452003 0.002606148 0.00035235123 7.907843e-07 1.2157201e-07 1.290256e-06 2.5471786e-07 4.626698e-05 0.00012499678 2.2957797e-06 4.1271796e-05 7.9391e-06 1.4719365e-07 6.7446837e-07 5.2870004e-05 9.13267e-05 1.5760091e-06 1.5163503e-06 0.0018852443 3.2546896e-07 6.1371526e-07 3.526235e-08 0.0005176591 0.0060694893 2.1789499e-07 1.3495453e-07 5.954385e-08 1.2813646e-06 3.3783726e-05 4.9586265e-07 0.05369897 1.6657932e-06 7.576099e-06 3.9302168e-07 2.2148165e-06
0.9755039 0.60240763 0.41928 0.7302679 0.17772588 0.11665098 0.40350515 0.04686982 0.026058717 0.89037085 0.0068472694 0.014711654 0.0022906899 0.0013120504 0.0037272898 0.17732231 2.948311e-18 0.8429119 0.93285924 0.00027708666 0.016558072 0.00016020938 0.00014204571 0.00091129815 0.09373094 0.007129995 4.7580987e-05 0.90681887 0.0017663576 7.336648e-05 2.3738696e-05 2.2669363e-05 0.0022521736 0.14559637 1.8937196e-06 0.00072115473 0.19414862 0.0034454013 0.0024409117 0.0003064503 0.00032625068 0.2086463 5.468852e-06 0.0024077853 0.0015117293 2.4051458e-05 3.9314534e-07 4.092075e-07 0.0001372618 6.759874e-07 0.0029476078 8.462726e-08 6.0566407e-07 0.013708155 3.860041e-05 0.00031440702 3.0214114e-06 1.4165915e-05 0.00028844815 2.1058308e-09 2.150201e-09 3.1004574e-06 1.3978115e-07 0.011290219 0.00068904186 2.2012042e-05 0.0059409966 0.0005956337 3.4717697e-05 5.095147e-07 4.857541e-07 8.337338e-07 3.6138513e-07 8.25173e-06 0.0005733104 5.14478e-05 0.0004909996 0.00028235777 3.15185e-05 2.2630547e-05 0.00024212751 0.00026920933 3.0493254e-06 1.5150601e-07 0.0010184015 8.4346345e-07 4.1733115e-06 2.6327548e-06 0.0001070659 0.011977076 4.3898583e-09 1.1476202e-06 6.111518e-07 5.6096997e-05 0.00040058096 1.5988838e-06 0.16057554 1.3247908e-06 0.00025094338 1.8891677e-05 1.391111e-06
0.94172907 0.2011966 0.17497838 0.7494861 0.09459028 0.00728494 0.89850974 0.06462593 0.2516701 0.071100056 0.34831452 0.6041538 0.1570662 0.041327 0.033157352 0.02123723 0.8429119 4.2629018e-17 0.09442948 0.010737333 0.0016074153 0.010115243 0.005298307 0.0068538943 0.8157856 0.005458573 0.0012707129 0.93491375 0.001483148 0.008380318 0.001994426 0.0014224626 0.00021515232 0.8736009 0.0005470733 0.0003048913 0.45505992 0.09366173 2.8217566e-05 0.00087705953 0.03388341 0.26228142 0.0004891731 0.0023326043 0.0042180624 0.0005172663 6.830029e-05 0.00010797645 0.019482456 6.625069e-05 0.072455786 1.7435594e-05 7.5963785e-06 0.1266968 0.00033900028 0.0015512848 5.458101e-05 0.0012160797 0.0009266449 2.807136e-07 4.784868e-07 0.00046352285 8.144084e-06 0.0010365824 0.00074321515 0.004745755 0.023758505 0.00021589451 0.00018980372 0.00014257256 3.5818712e-06 0.0001706969 2.1116844e-06 3.3980086e-05 0.0034404895 0.00016642673 0.001840213 0.00096974627 6.6759036e-05 9.4943556e-05 0.00088454306 0.00017809626 2.6491334e-06 4.1428175e-06 7.6325894e-05 5.1446605e-06 1.4769832e-05 2.387649e-05 0.0017348259 0.06589291 1.9369443e-08 0.00023850147 6.0038597e-05 6.976066e-05 0.00021219214 4.5145907e-06 0.05238079 0.00034220025 2.6501097e-05 1.4484531e-05 8.510673e-06
0.9919058 0.16798073 0.09459939 0.11722761 0.05718318 0.90668607 0.053903807 0.02682881 0.013185719 0.9482682 0.0070277974 0.012622294 0.0016854757 0.0017934928 0.003014993 0.09467362 0.93285924 0.09442948 4.7194533e-15 0.0001422028 0.018336426 0.00010315574 0.00011323878 0.00065567304 0.0103936 0.007828909 1.1836019e-05 0.27556205 0.002542842 7.181295e-05 1.7312797e-05 1.8431576e-05 0.005182887 0.013597896 1.8866749e-06 0.0017973591 0.058500372 0.0005121662 0.02532337 7.925655e-05 5.4182758e-05 0.077294275 9.682949e-06 0.004062386 0.0014972658 1.1813723e-05 1.4313042e-06 1.8098531e-07 2.0204898e-05 0.00010636602 0.00019599222 2.0013943e-07 5.552612e-06 0.0124779 0.0001311506 0.0007404892 1.4342522e-05 3.0231208e-06 0.00047093412 3.7558046e-09 5.430075e-09 9.6466145e-08 3.879151e-06 0.018791735 0.0011635103 2.7189023e-07 0.0010380286 0.0004201948 4.45651e-05 3.6189696e-09 3.944273e-06 4.3038835e-05 6.0241027e-06 2.8843615e-05 0.0003050591 0.00011205408 9.567634e-05 7.053951e-05 0.00014200441 2.3383389e-05 0.0002965214 0.0003062364 1.1808356e-06 6.396475e-08 0.045485016 5.231009e-07 7.9567496e-07 1.2536189e-05 2.4015313e-05 0.007571311 1.012507e-09 2.6142802e-08 2.8560299e-08 2.2763146e-05 9.039451e-05 9.576237e-08 0.8478218 3.4108787e-09 0.0001384417 8.3850736e-08 7.073584e-08
0.8838427 1.8771313e-07 8.680248e-07 3.619108e-05 4.796583e-07 1.066725e-06 0.0004887481 5.9847293e-06 0.0033172737 7.7321696e-05 0.35024017 0.27886224 0.48013294 0.13420333 0.0020488203 1.3872452e-06 0.00027708666 0.010737333 0.0001422028 1.9291963e-17 3.6107852e-07 0.9896712 0.4485843 0.009936951 0.32358056 0.00012719084 0.3300135 0.002235604 4.502092e-06 0.46231154 0.65187323 0.907112 1.4537684e-07 0.016249623 0.01649001 5.5146684e-06 0.0019046868 0.038656224 1.2051768e-08 0.06980987 0.0079052355 0.0018917712 0.0017576835 3.1503292e-05 0.0011996945 0.22124067 0.032312486 0.003123087 0.0045757364 0.26999074 0.022727963 2.1393655e-06 0.12931527 0.013037029 0.029106835 0.0036015415 0.2228244 1.1277304e-05 0.00022483974 5.185991e-07 5.0589467e-08 1.2863607e-05 0.01842629 2.3014783e-07 1.4497936e-05 0.00019614013 0.002499704 1.3501788e-07 5.1990874e-06 2.0526063e-06 0.01104704 0.040272202 0.0029468774 3.5560684e-06 0.0014043173 0.007290281 0.00044133805 2.3017528e-05 0.0042720144 0.00042973913 2.7246424e-06 1.2082309e-08 0.0004161397 1.0910253e-06 1.9687764e-07 2.2235265e-05 2.4671486e-05 0.0004106164 1.45964e-06 0.0086198645 1.5613685e-07 3.038963e-05 1.4594048e-06 0.0005200228 8.675423e-07 0.00020944462 0.0026969926 5.3380113e-06 3.2384794e-08 0.0023228808 2.1795238e-07
0.5996904 0.15250537 0.23957306 0.03034974 0.31614196 0.28850693 0.007129397 0.15461704 0.007451434 0.0078808395 2.8872651e-05 1.8968618e-05 1.890507e-05 4.9149785e-05 0.00196327 0.9827808 0.016558072 0.0016074153 0.018336426 3.6107852e-07 9.1656654e-17 4.1892196e-07 2.103161e-06 0.00020695162 3.3897245e-06 0.8409905 4.2952766e-07 0.0014151952 0.9528642 8.9378915e-08 5.1997414e-08 3.1221532e-08 0.75335056 4.934286e-05 1.230361e-08 0.56945443 0.0006020982 4.0637474e-07 0.8109308 1.0491934e-05 6.709678e-08 0.00091427093 7.211874e-08 0.14732961 0.007901534 8.588452e-07 2.0050766e-08 6.71678e-09 8.047513e-08 1.3850242e-08 1.3253166e-06 3.6230234e-09 3.907417e-08 0.00011349804 1.1530477e-05 0.0005503969 1.9464687e-07 1.2631588e-08 0.00089105306 2.0949412e-10 1.9020018e-10 3.4977194e-08 6.5584214e-07 0.2256159 0.0043379148 3.071116e-07 7.8407626e-05 0.010883294 0.00022306002 1.7441245e-07 3.3230788e-07 2.0734245e-07 7.3576366e-08 6.697234e-05 1.6172477e-05 2.016829e-06 1.3061818e-05 1.2689962e-05 5.1156913e-08 2.2721287e-07 2.5466093e-06 0.0005038857 3.298186e-06 1.0062947e-06 0.032598265 2.3574319e-07 1.6118858e-07 2.9325047e-08 0.00027565865 0.0016716785 1.5340825e-08 2.799342e-08 6.108415e-08 2.1321254e-07 5.2542586e-05 4.8957327e-07 0.07640282 2.4427473e-08 3.7158504e-06 4.921939e-07 2.3086379e-07
0.8695324 1.4635422e-07 5.0172923e-07 1.7239414e-05 3.026653e-07 9.720842e-07 0.00024458944 3.538656e-06 0.0015053632 4.4016128e-05 0.23670225 0.115816236 0.36441392 0.11385462 0.0010349427 8.9483865e-07 0.00016020938 0.010115243 0.00010315574 0.9896712 4.1892196e-07 2.2674068e-17 0.32157612 0.007359546 0.3785387 7.6614546e-05 0.25949913 0.0032226979 4.961822e-06 0.59360784 0.767247 0.8830846 2.2466001e-07 0.024562927 0.04769109 3.7051993e-06 0.0032912716 0.090991616 1.3436847e-08 0.05063172 0.014696356 0.0016768335 0.005782957 1.3944404e-05 0.00041300894 0.17390828 0.08735072 0.008362522 0.0069447723 0.26767525 0.03698805 1.0241804e-05 0.120075606 0.01949191 0.013796103 0.0017332152 0.18218249 4.4890097e-05 7.646162e-05 1.3131551e-05 2.6476948e-07 6.955732e-05 0.023037765 3.2491164e-07 7.241716e-06 0.0007070752 0.0049517755 9.749999e-08 2.9650753e-06 5.7876073e-06 0.015168401 0.028624821 0.00436817 1.3922711e-06 0.0025473903 0.0037921183 0.0001238719 9.692087e-06 0.004188881 0.0011327653 4.8672604e-07 1.1961561e-08 0.00040296747 2.7878964e-06 3.676658e-07 1.8066787e-05 7.937084e-05 0.000121033576 1.0782836e-06 0.009877917 5.5892093e-07 0.00011908476 5.428053e-06 0.00020112284 5.1902913e-07 0.0002171651 0.0037217184 2.8094157e-05 6.573299e-09 0.001899621 1.3192616e-07
0.915471 3.4166626e-06 4.454239e-06 6.616539e-05 4.847839e-06 6.8288077e-06 0.000877413 0.00035376573 0.09018655 7.3740426e-05 0.3375724 0.12848139 0.40286997 0.81638616 0.4457922 5.21036e-06 0.00014204571 0.005298307 0.00011323878 0.4485843 2.103161e-06 0.32157612 1.9564236e-18 0.8715028 0.024545008 0.0005269913 0.98138016 0.00078533764 8.585751e-05 0.0018588586 0.015063886 0.46554646 1.126144e-05 0.0018567608 2.0838299e-05 0.00014938756 0.0007344464 0.00075078 5.423401e-08 0.7204645 0.00013974379 0.00065123726 2.5806967e-05 0.0010666004 0.0147879515 0.5908296 0.00033198087 1.3894967e-05 0.00011424704 0.10629718 0.0014741743 1.4313801e-07 0.08004138 0.0014307504 0.3613275 0.16202252 0.32172287 4.313727e-06 0.016908675 9.959173e-08 9.582005e-09 5.620422e-06 0.0037172951 2.5429372e-06 0.000574296 5.9123064e-05 0.0007829442 2.742542e-06 0.00022091022 4.869967e-07 0.00015326613 0.32492074 0.000647612 2.3539991e-05 0.00042954163 0.10357217 0.060807806 0.0040958333 0.011113526 3.2925305e-05 0.0013570555 4.9377803e-08 9.184333e-05 1.6488757e-07 8.302652e-08 4.5034426e-07 4.220556e-06 0.0034991761 1.0141761e-05 0.004020303 2.0616264e-08 3.2315256e-06 3.3871507e-07 0.0018312495 3.030288e-06 1.0960902e-05 0.0019736984 6.468672e-06 3.572316e-08 0.0026383426 7.814704e-06
0.89445114 9.953833e-05 0.00019595542 0.0011510581 0.0020919119 8.886484e-05 0.011597801 0.048031658 0.2791784 0.00023276075 0.074947484 0.019191368 0.08488731 0.7265251 0.92694616 0.00045594835 0.00091129815 0.0068538943 0.00065567304 0.009936951 0.00020695162 0.007359546 0.8715028 2.4460385e-16 0.0052075787 0.032261144 0.6165282 0.0009125009 0.0034633344 0.00016269818 0.00073229335 0.016461069 0.00035338907 0.0008793162 8.905407e-06 0.0012797068 0.0005154376 0.00011069929 4.948619e-06 0.9277801 6.594164e-05 0.00077632355 1.3760671e-05 0.057516396 0.7262511 0.45589027 2.4474473e-05 1.8851902e-05 3.296841e-05 0.001516205 0.00028357294 5.6282154e-08 0.0055896393 0.00045225717 0.73802257 0.6621123 0.10806875 2.594876e-06 0.15930372 8.177685e-09 2.0714122e-09 2.3984974e-06 0.0005387752 0.00025366692 0.08396332 1.6747284e-05 0.00032262696 0.0013766913 0.03356907 7.435033e-07 8.221307e-06 0.15303124 0.00041741814 0.0032561864 8.5365835e-05 0.07890654 0.15052196 0.038274102 0.0005578416 5.9111386e-07 0.019628998 2.914105e-06 2.9428975e-05 9.1087706e-08 6.510698e-09 1.1014028e-07 1.1586971e-07 0.015250432 0.00078522484 0.0020846152 1.3492037e-08 3.9871716e-06 1.1631207e-06 0.0067725037 0.0001297534 3.9633585e-05 0.0015640607 6.126822e-06 5.031946e-07 0.00013249261 0.0003826435
0.94643337 0.0010929025 0.001038098 0.021925498 0.0013206094 0.00019795202 0.08456413 0.00426966 0.047170673 0.0027867456 0.4323043 0.6188697 0.29622388 0.044702988 0.014903729 0.00064011285 0.09373094 0.8157856 0.0103936 0.32358056 3.3897245e-06 0.3785387 0.024545008 0.0052075787 3.0086869e-18 0.0004702049 0.011424393 0.26011506 9.70853e-05 0.3798389 0.12345514 0.07347805 3.2521905e-06 0.97740597 0.12449264 4.0046025e-06 0.18246464 0.6240849 7.7519535e-06 0.0019734649 0.46171877 0.10838439 0.078718394 3.5233767e-05 0.0009824457 0.003253143 0.021286417 0.017528173 0.37251112 0.0097305635 0.7266607 0.007169871 0.00057224446 0.54343843 0.0013322731 0.0010768055 0.00023072746 0.040215824 0.000509652 0.00020299488 0.00032071577 0.016027886 0.00017115823 1.390377e-05 3.4829125e-05 0.07030876 0.13081968 1.5303943e-06 1.7763326e-05 0.007451811 0.00033338068 0.010852568 4.1983025e-05 2.431408e-06 0.03095537 0.0024108447 0.005927844 0.001130326 0.00016263443 0.0011331722 0.00037314667 4.4819617e-06 0.0001830385 0.00024449106 4.7619096e-06 0.00012736501 0.00021002007 0.0006698697 8.526499e-06 0.15223359 2.1416029e-06 0.0020245644 0.001625655 0.0012331828 3.072197e-05 2.7876695e-05 0.057673406 0.0037553825 1.2007907e-06 0.00070133683 6.420928e-06
0.77700305 0.23043074 0.3639407 0.08427546 0.6236592 0.01846836 0.025915023 0.70154643 0.06153692 0.00230995 0.001343747 0.0012200804 0.0007610333 0.0056155585 0.20869349 0.5871303 0.007129995 0.005458573 0.007828909 0.00012719084 0.8409905 7.6614546e-05 0.0005269913 0.032261144 0.0004702049 5.610005e-16 0.00020196392 0.0029362605 0.9704004 4.394393e-06 8.647847e-06 2.514377e-05 0.44670367 0.0013844592 9.865141e-07 0.5890118 0.0009531011 1.0973505e-05 0.017808955 0.00053483865 7.0054404e-07 0.0019459531 3.4941056e-06 0.9287701 0.3937314 0.00017664931 2.666544e-06 8.631973e-07 3.8335608e-07 9.623968e-07 2.5894311e-05 9.9541595e-08 1.8900714e-06 0.0008151653 0.0006129061 0.009424883 1.3066801e-05 1.5587008e-07 0.022303682 3.330057e-08 1.2703469e-08 1.83815e-06 2.074652e-06 0.4966978 0.058209978 5.101816e-06 0.00067150645 0.0769183 0.0061434424 3.0694046e-06 4.7042482e-07 7.180853e-06 4.268546e-07 0.0006369848 0.00034261725 4.510685e-05 0.0005284594 0.00056693633 9.3294534e-07 7.165184e-07 0.0009787246 0.00031910857 8.544214e-07 2.8496554e-06 0.002316536 3.393873e-07 1.5797018e-06 1.8753091e-06 0.0012558907 0.0030433787 9.6276636e-08 5.881522e-07 1.3046463e-06 2.8154853e-05 0.0003430804 2.564949e-07 0.010114809 1.1194896e-06 7.8064775e-05 5.7365054e-07 5.3875716e-05
0.84964573 2.288062e-06 2.084431e-06 4.9046776e-05 1.4634801e-06 6.0742315e-07 0.00019344063 2.9135228e-05 0.009826588 1.3035039e-05 0.0771809 0.021232365 0.15020226 0.41243765 0.061413407 6.07579e-07 4.7580987e-05 0.0012707129 1.1836019e-05 0.3300135 4.2952766e-07 0.25949913 0.98138016 0.6165282 0.011424393 0.00020196392 2.289064e-17 0.00020620906 2.9307814e-05 0.0035991431 0.033048168 0.5808375 2.229454e-06 0.0005727241 0.00012273341 4.098277e-05 0.0003449784 0.0007810928 1.8388672e-08 0.83675414 0.000337013 0.0006394472 0.00012619344 0.00014030142 0.0043015 0.90790385 0.0021048356 0.00011647536 0.0002582803 0.4231583 0.0012993878 2.3846803e-06 0.17266048 0.0012237909 0.18823844 0.043292228 0.45363444 2.4682384e-05 0.0026493014 6.9924045e-07 1.2943988e-07 1.3222784e-05 0.02471453 1.4963479e-06 0.00019760741 0.00016240025 0.00087387435 1.5048914e-06 0.00017581854 4.3927207e-06 0.0010885597 0.25888386 0.007079281 1.5037617e-05 0.00050547183 0.08798653 0.028738443 0.0017363643 0.024239521 0.00027564366 0.00062070595 4.2083176e-08 0.0012887872 7.722972e-07 9.8034745e-09 3.2798908e-07 4.569315e-06 0.0075988676 1.5680515e-06 0.0030889225 1.0006852e-07 6.123826e-06 1.4817115e-06 0.0037154364 2.7801386e-06 4.932126e-05 0.0006666663 4.537623e-06 3.9698666e-08 0.011449239 3.1423854e-06
0.92775726 0.09435297 0.052413676 0.22650991 0.033905536 0.0057812887 0.22173156 0.016154617 0.034694575 0.07169052 0.03813185 0.056840144 0.01213376 0.0056027113 0.0038977768 0.01619284 0.90681887 0.93491375 0.27556205 0.002235604 0.0014151952 0.0032226979 0.00078533764 0.0009125009 0.26011506 0.0029362605 0.00020620906 4.5042722e-18 0.00088839134 0.0017648826 0.0005086013 0.00043768118 0.00072035874 0.7400646 0.0005531081 0.0003978745 0.9573212 0.011377418 0.0005485702 9.783956e-05 0.0025519168 0.80116963 0.0005880118 0.0010239695 0.002761678 4.1417567e-05 4.0830682e-06 3.9143535e-05 0.0024968367 2.5391268e-05 0.018089106 1.8676408e-05 7.45144e-06 0.101494126 0.0001384322 0.00033680836 7.6075144e-06 0.0012791853 0.00022582502 7.5836346e-07 7.240069e-07 0.0001832018 2.19409e-06 0.002354592 0.00065610936 0.00066827255 0.006911854 0.00015448 7.5442214e-05 2.5913409e-05 3.299702e-06 3.1157344e-06 4.7970293e-06 1.8829316e-05 0.0010224916 7.068038e-05 0.00048733613 0.00015892366 1.3131613e-05 0.00010295975 0.00012823036 0.0007983167 1.5832407e-05 5.5512196e-06 0.0005952112 1.0407396e-05 4.8118723e-05 0.00012239513 3.1326654e-05 0.03496782 2.2622162e-08 5.040719e-06 1.6182111e-06 0.00026108345 0.00029152198 9.429975e-06 0.31789708 1.5097409e-05 0.00011763051 4.2409033e-06 3.204004e-07
0.31091738 0.06388925 0.10087998 0.01033621 0.1820037 0.041513637 0.0026260433 0.13892633 0.005984599 0.0018460937 0.00042438088 0.00024735156 0.00030156373 0.00063281576 0.010406861 0.44479737 0.0017663576 0.001483148 0.002542842 4.502092e-06 0.9528642 4.961822e-06 8.585751e-05 0.0034633344 9.70853e-05 0.9704004 2.9307814e-05 0.00088839134 4.1594548e-16 1.1604184e-06 5.997656e-07 1.9330414e-06 0.96234757 0.0006404795 2.2303139e-07 0.9461551 0.00039662776 1.2961049e-05 0.43585917 0.00021265261 7.679793e-07 0.0005495509 9.1815303e-07 0.43288565 0.029557984 3.0012156e-05 6.560549e-07 1.8881606e-07 4.378615e-07 1.4954739e-07 1.3660831e-06 7.799143e-08 4.962146e-07 0.00012060921 8.577991e-05 0.001258729 6.3028224e-06 1.7160612e-07 0.0016581562 1.1694482e-08 8.91293e-09 6.1782595e-07 1.963576e-06 0.31993145 0.005517402 2.3485e-06 0.00018013219 0.016085232 0.0008155716 1.1618292e-06 1.1085216e-06 4.4306643e-07 7.4725364e-07 6.999971e-05 3.980339e-05 2.5795784e-06 3.3210134e-05 3.520884e-05 3.746593e-07 3.5923478e-07 4.398281e-05 0.0005101685 1.5849668e-06 5.024674e-06 0.029964127 1.8271733e-07 1.5503558e-07 1.574464e-07 8.980395e-05 0.0028050772 1.2312788e-08 1.9828246e-08 2.1610307e-07 2.2854733e-06 7.108001e-05 9.7437336e-08 0.019941049 1.0195018e-07 1.2768457e-05 8.72695e-08 4.063928e-06
0.93512166 8.632124e-08 1.3137536e-07 8.8042425e-06 1.2443768e-07 1.178879e-06 4.2882984e-05 7.134303e-07 7.493247e-05 3.1642558e-05 0.00850278 0.00613409 0.013890014 0.0004210974 1.0500342e-05 2.0197555e-07 7.336648e-05 0.008380318 7.181295e-05 0.46231154 8.9378915e-08 0.59360784 0.0018588586 0.00016269818 0.3798389 4.394393e-06 0.0035991431 0.0017648826 1.1604184e-06 3.0537306e-14 0.958328 0.60482454 7.264681e-08 0.017985638 0.96326524 3.0507013e-06 0.003408491 0.7011392 2.7600032e-08 0.00061263086 0.24002948 0.002396152 0.49053845 1.13363086e-07 4.3601913e-06 0.0044764304 0.6850307 0.5561265 0.17968214 0.20740195 0.12800707 0.05705886 0.07035941 0.048180915 8.483094e-05 1.3234644e-05 0.011179822 0.00060819736 2.0556006e-05 0.00839669 0.002349284 0.0013021678 0.04043578 2.5051704e-06 4.5144634e-07 0.0035625098 0.018064504 2.3069433e-07 1.2917266e-07 0.00042690817 0.09308453 0.00016518515 0.005229271 2.6891513e-07 0.0068718665 8.993726e-06 1.0627176e-05 2.0956827e-06 0.0005558398 0.029213268 6.743535e-08 2.4052306e-07 0.00055109523 0.00025848314 1.7783537e-06 0.004339516 0.005852277 3.7228735e-06 5.894777e-06 0.026115673 0.000110906396 0.0005804581 0.00010725281 3.3240365e-05 8.648724e-07 0.0034386297 0.008932593 0.0007177782 1.5086922e-06 0.00023205834 1.3486563e-07
0.93161345 6.922176e-08 9.137169e-08 6.3346633e-06 8.179514e-08 2.8499624e-08 4.0472445e-05 1.023432e-06 9.932119e-05 2.0427124e-05 0.009991601 0.0045393673 0.023045463 0.0010560075 2.826618e-05 1.4932793e-07 2.3738696e-05 0.001994426 1.7312797e-05 0.65187323 5.1997414e-08 0.767247 0.015063886 0.00073229335 0.12345514 8.647847e-06 0.033048168 0.0005086013 5.997656e-07 0.958328 2.6805933e-15 0.9344833 4.7555577e-09 0.0054123243 0.60345 1.1640338e-06 0.0013300218 0.18398954 1.7846961e-08 0.007139044 0.06278416 0.0017766166 0.1699301 1.5160349e-06 5.07387e-05 0.052797366 0.84086275 0.4490644 0.043381747 0.60625327 0.034125566 0.010505867 0.26828617 0.009830586 0.003400001 0.00040310604 0.12990375 0.00061542465 3.1314943e-05 0.002621041 0.0003914596 0.0007957798 0.15062985 3.7081492e-07 7.5851466e-07 0.001942546 0.0054302206 1.2942519e-07 3.1520182e-07 0.00028186085 0.18553598 0.008176069 0.020831447 2.6971185e-07 0.0024006567 0.00018303293 5.360071e-05 6.8878685e-06 0.0074063963 0.04489818 2.470697e-07 4.2188617e-08 0.002991697 0.00015635641 8.594043e-08 0.002087882 0.0029068647 9.0070615e-05 1.1384233e-06 0.010543174 5.8750247e-05 0.00037198715 0.00010019912 9.3718656e-05 5.819734e-07 0.008618858 0.0019153078 0.000262459 1.222988e-07 0.0023786684 3.3942406e-08
