1.1635915e-24 0.521739 0.3690816 0.22750469 0.54832846 0.7332592 0.5480457 0.16047676 0.8863791 0.0047394633 0.6903578 0.5177092 0.00782926 0.8029872 0.0049566296 0.94341415 0.79418486 0.8223179 0.00012771435 0.9351486 0.6720143 0.69718224 0.2946664 0.014192541 9.636836e-05 0.08571877 0.8203447 0.6341249 0.9021127 1.4367974e-05 0.01645181 0.6359306 2.6311622e-07 0.36510682 0.00881815 0.55723405 0.0031553782 0.6328639 0.4526403 0.8731764 9.821893e-05 0.96003836 0.89217836 0.19588995 0.96688336 0.0057569453 0.23164025 0.14175515 0.922866 0.24920857 0.95546794 0.38217592 0.4278533 0.008667481 0.100146465 0.8939176 0.010684906 0.1897535 0.22490826 0.00084781036 0.08137464 0.0040396657 0.29304323 0.8082554 0.0027665454 0.9036704 0.9935104 0.9762308 0.652121 1.2618135e-05 0.0005575887 0.9236171 2.123939e-05 0.0046812706 0.9966354 0.98959744 0.657163 6.736825e-08 0.9663078 0.29028925 0.9841321 0.70569456 0.99896246 0.0005008062 0.037621744 0.0073291976 0.9240417 0.24183054 0.93608445 1.3376831e-08 5.9307526e-06 0.9429952 0.99203104 0.99990964 7.869191e-05 0.998423 0.00014081696 8.7395674e-10 0.9967112 0.3727694 9.0148244e-10
0.521739 4.230613e-18 0.94761777 0.89299613 0.88401204 0.45355013 0.84756404 0.5082952 0.032630883 0.71194714 0.64364105 0.0028931345 0.13901949 0.6221203 0.573209 0.32765284 0.2500091 0.033065602 0.14187789 0.57937306 0.023984766 0.012465078 0.68004376 0.0010912892 0.018639836 0.011219843 0.050805148 0.0011841569 0.04295597 0.028503774 0.0035808333 0.22556528 0.0001553053 0.00011662563 5.3398726e-05 0.00019433723 4.1784087e-06 0.058970414 1.7607729e-06 0.00026543427 5.0311355e-05 0.082621984 0.07881426 1.9684903e-06 0.037483685 5.0805178e-05 1.559962e-05 0.017918097 0.0026853676 0.000107080195 8.286251e-05 0.0006908786 3.294167e-05 0.21457899 0.00015694009 0.0005170084 0.00041420825 1.3612402e-06 0.00017473905 0.002455703 2.3514694e-06 1.8574939e-06 3.0390267e-05 0.00011025489 1.1304389e-06 0.0020154177 0.0026316969 2.7037708e-05 1.7716835e-05 0.014188332 2.4637417e-05 0.0013553347 7.986254e-07 1.7314868e-06 2.197646e-06 0.0031327954 0.000671019 0.0005026453 3.033363e-07 1.3663749e-06 0.001127474 0.00067891 0.00010353084 5.0220274e-07 1.5684267e-06 2.5410004e-06 9.842137e-05 1.8344192e-05 0.00036889612 1.9764238e-05 1.41966e-05 0.0005679507 0.00060848164 0.0022995393 8.687084e-06 3.8442128e-08 8.259768e-08 0.00011746952 0.00019471513 8.1541197e-07 0.00011760022
0.3690816 0.94761777 1.1692371e-18 0.9750116 0.7624764 0.81602216 0.5195298 0.6493599 0.52976424 0.48596302 0.22368985 0.18700074 0.30543885 0.23540738 0.20763858 0.500202 0.01467576 0.0013588102 0.1249811 0.39354107 0.00050937897 0.000636779 0.12616143 0.006300978 0.058726568 0.00015457402 0.010753924 3.7942395e-05 0.11737379 0.014561296 0.00025861972 0.20525584 0.00046535526 0.0006770785 0.00010256275 4.7116788e-05 4.888079e-06 0.010404841 2.5928239e-05 0.0023411284 4.193173e-05 0.047759928 0.014852046 1.7750455e-05 0.0073700254 0.00022794094 6.107656e-05 0.00086318253 0.008106244 8.904413e-06 0.00083867455 7.521692e-05 0.00036136273 0.05637423 3.0156252e-06 1.2051705e-05 8.910615e-06 7.666402e-05 2.586662e-05 0.000306621 6.0831094e-06 3.550587e-07 1.4062183e-06 0.0005187528 2.712759e-05 0.0018754506 0.0017665125 6.7501984e-05 2.9594987e-06 0.0008787264 1.287806e-06 0.0009648921 3.854205e-06 1.6517363e-06 1.9232231e-05 0.0015366919 0.00021370755 6.551208e-05 7.012265e-05 4.3700384e-05 0.0003435727 0.00011509061 0.00013678288 7.712296e-08 3.7702796e-06 4.6068435e-06 1.3162632e-05 7.93638e-07 7.792026e-05 5.7955335e-06 9.331132e-06 0.00015371844 6.4698106e-05 0.001348175 6.018059e-07 8.1280336e-07 9.57174e-07 3.5605088e-05 2.6913694e-06 7.234296e-06 1.3147e-05
0.22750469 0.89299613 0.9750116 1.20006065e-17 0.5450579 0.70899063 0.31571248 0.9217378 0.45797423 0.7114847 0.11631061 0.49346256 0.57719433 0.14287642 0.21900961 0.37802806 0.011100911 0.0024913768 0.23047104 0.27357727 0.001137131 0.0019759827 0.055577837 0.057555504 0.16517264 0.0003460384 0.0072725564 3.9450577e-05 0.14144608 0.040844154 0.00035258758 0.19149289 0.0021850215 0.0008075599 0.0004210518 7.6602264e-05 1.4533915e-05 0.00649512 8.595581e-05 0.00755705 0.00030126103 0.03741279 0.009560648 2.5456126e-05 0.0050793826 0.00032349207 5.2835832e-05 0.00042681047 0.007393637 3.3087867e-06 0.0019424014 0.00023895841 0.00029316635 0.016862983 1.1503112e-06 1.3126229e-05 2.0305354e-06 2.8470384e-05 2.0716398e-05 2.9136756e-05 3.195748e-06 2.0964374e-07 7.4185226e-07 0.0004257622 5.899496e-06 0.0019074224 0.0018138528 0.00012959818 2.0701557e-06 0.00013406143 1.3246861e-06 0.0015148942 2.102527e-06 1.1608257e-06 1.4187127e-05 0.00040214864 0.00019725891 9.1721835e-05 2.3639901e-05 5.971041e-06 0.00018552861 3.0082188e-05 0.00013252333 1.3420987e-07 5.5844674e-07 1.0470199e-06 1.7360364e-05 1.0700363e-06 1.9860336e-05 3.237683e-06 1.956835e-06 9.7862416e-05 9.2630245e-05 0.0021450196 4.5596875e-07 8.104233e-07 3.789426e-07 2.5643942e-05 2.8250011e-05 1.6567752e-06 1.7987977e-05
0.54832846 0.88401204 0.7624764 0.5450579 2.0100157e-16 0.78844625 0.97071826 0.30759358 0.14609568 0.30926093 0.6332491 0.017297631 0.06395008 0.55295223 0.14335056 0.7154842 0.09239399 0.008298292 0.05107591 0.62867 0.0035299417 0.0018666083 0.3351317 0.0038959926 0.015134653 0.0013328596 0.07620471 0.00027604116 0.13537937 0.010356925 0.0011602686 0.34929308 0.00016140696 0.00069840904 0.0002758656 7.651159e-05 6.8323834e-06 0.072058834 3.0455081e-05 0.0018891066 4.7381385e-05 0.123223625 0.09005174 9.327742e-06 0.046496358 0.0002033291 6.631517e-05 0.0032163053 0.014258963 3.805216e-05 0.00035517386 0.00017490725 9.855184e-05 0.054235473 2.3611894e-05 7.580476e-05 7.917107e-06 7.3062574e-06 1.3508138e-05 0.00016202942 6.250541e-06 9.1485873e-07 4.8160796e-06 0.0001773647 6.4756405e-06 0.0045469413 0.008635032 6.150307e-05 3.5162686e-06 0.002258174 3.8680287e-06 0.0020108197 2.1987864e-06 1.0979488e-06 3.0811507e-06 0.008352919 0.00043414658 9.566356e-05 9.953486e-06 1.5887061e-06 0.002693881 0.0012372363 0.00024647865 9.698789e-08 2.3933562e-06 2.1676824e-06 5.9431837e-05 1.8354681e-06 0.00022671364 8.338806e-06 1.0991466e-05 0.00091215206 0.0008030751 0.0026450045 7.411748e-07 9.194949e-08 1.4999418e-07 7.8621764e-05 3.0064608e-05 9.792197e-07 7.6238524e-05
0.7332592 0.45355013 0.81602216 0.70899063 0.78844625 1.8564236e-16 0.47092673 0.59773415 0.9596047 0.2408103 0.09212565 0.48956075 0.20803668 0.15429164 0.053995155 0.92735696 0.0017511582 0.00070585805 0.065840416 0.41516516 0.00033089102 0.00030007507 0.024890525 0.033231486 0.06840208 0.00019637015 0.015693719 5.2843366e-06 0.6059202 0.008302685 0.00014270289 0.46945068 0.0004456071 0.010584243 0.002575962 2.547174e-05 0.000110661196 0.023100689 0.0007376413 0.08100218 0.00028144853 0.115551874 0.028089609 0.00031140592 0.014703674 0.0007426285 0.0005288017 4.494497e-05 0.063341565 1.5940468e-06 0.009095959 0.00016064497 0.0014537914 0.002127714 3.1997522e-06 8.412223e-05 1.2418179e-06 0.0006656263 5.1744587e-06 1.2799228e-05 1.674433e-05 9.514046e-08 1.1317583e-06 0.0035562164 0.00016769844 0.031249942 0.020674447 0.0018820412 8.592586e-06 9.310456e-06 1.2033724e-06 0.015676621 2.5024923e-05 1.7431294e-06 0.000532384 0.0060632587 0.00036363993 3.0605905e-05 0.00076297513 0.00029592955 0.0031254215 0.0013585006 0.002759826 2.1573202e-07 3.0199337e-06 3.3256074e-06 0.0001293426 5.324652e-07 0.00051835645 2.7302506e-06 5.21456e-06 0.00091647345 0.0005218304 0.007582345 8.4346266e-07 2.1073138e-05 2.0022526e-06 1.7803826e-05 9.456546e-05 4.85806e-05 1.7159158e-05
0.5480457 0.84756404 0.5195298 0.31571248 0.97071826 0.47092673 2.03019e-16 0.08866224 0.029508237 0.20770459 0.9202229 0.0014268981 0.013940595 0.8709272 0.12636055 0.65022993 0.35349214 0.025145445 0.024618847 0.8208429 0.017574806 0.006061487 0.4822096 0.0025031753 0.004239242 0.003004827 0.2771295 0.0005463171 0.11469788 0.0047311448 0.0019564368 0.33035138 2.1369342e-05 0.00044151256 0.00010046302 0.000102519036 2.92988e-06 0.18756987 1.1342569e-05 0.0008037999 3.2564596e-05 0.13652486 0.18567744 3.7639925e-06 0.09868784 0.0001542849 3.4851022e-05 0.0049947933 0.0103462795 6.932024e-05 0.00011225184 0.00031629836 4.3817527e-05 0.074434444 4.7245612e-05 0.00012248491 2.5350015e-05 3.3739245e-06 4.736074e-05 0.0004256116 6.19925e-06 1.275196e-06 1.4246661e-05 0.000101530786 4.6712357e-06 0.0051040743 0.012889206 2.769193e-05 4.4037483e-06 0.003835335 4.287278e-06 0.002154735 1.89023e-06 8.7710424e-07 1.7079019e-06 0.01909349 0.00083408336 0.00011724154 1.9651497e-06 1.0454952e-06 0.0064890436 0.003591288 0.00012830105 9.845662e-08 3.3550675e-06 2.3806062e-06 8.9084875e-05 2.4820529e-06 0.0005177759 1.4153248e-05 2.103896e-05 0.001721905 0.0015675095 0.002323799 7.597395e-07 6.556661e-08 1.02075674e-07 0.00014529059 6.188007e-05 1.1749584e-06 9.424927e-05
0.16047676 0.5082952 0.6493599 0.9217378 0.30759358 0.59773415 0.08866224 3.7075042e-17 0.59197134 0.56851184 0.024715811 0.74543136 0.9842709 0.0368955 0.08545055 0.19447151 0.0035262017 0.0007409257 0.3031284 0.07540362 0.0033108531 0.002390991 0.0013226279 0.38751456 0.33522308 0.00016099864 0.00061864854 1.099196e-05 0.18184052 0.010296129 1.6668811e-05 0.0922676 0.008032896 0.011044117 0.005802145 3.371136e-06 0.00083114975 0.00025613036 0.0024660446 0.041768227 0.012709796 0.009229214 0.00026956826 0.000103715145 0.00016525887 0.004041438 0.0009110249 1.705276e-05 0.007462123 7.1024006e-06 0.009173803 8.453773e-06 0.0018157479 2.340742e-05 4.211992e-06 2.9203713e-07 8.040889e-07 0.00015066161 4.2610523e-06 2.6629177e-06 2.145932e-05 6.500712e-08 7.6060815e-07 0.0017715468 0.00012752788 0.0028391415 0.0009903107 0.0020352048 1.3723698e-07 5.724862e-06 7.452794e-07 0.0034515036 0.00016084808 1.1494959e-05 0.0003693034 0.00032167856 4.797004e-05 2.7892089e-05 0.00016850804 0.00022592413 9.5998155e-05 6.902674e-05 0.00022655047 6.8434725e-09 2.1607207e-06 1.2644944e-06 1.6173715e-06 4.7389453e-06 1.8982302e-05 1.6771058e-06 2.3123787e-06 0.00010933294 0.00011140771 0.0021943192 1.1702789e-07 8.332065e-06 4.140917e-06 4.2263323e-06 6.442233e-05 8.17313e-06 1.8440039e-06
0.8863791 0.032630883 0.52976424 0.45797423 0.14609568 0.9596047 0.029508237 0.59197134 7.560038e-16 0.058722287 0.0017588077 0.9414421 0.20254466 0.007946665 0.0015525088 0.8618591 6.758882e-05 6.650657e-05 0.02603302 0.09527974 6.330108e-05 7.8074605e-05 9.398995e-05 0.2977952 0.11184419 7.273041e-06 0.0015319511 1.8506915e-06 0.6834195 0.0016043638 3.7040423e-05 0.28272033 0.0003954203 0.29711163 0.13850886 3.4511067e-06 0.017891835 0.002285867 0.07534774 0.4376173 0.014223788 0.06127536 0.002916371 0.011670642 0.0009062053 0.014727876 0.021607704 1.023782e-05 0.122110404 5.2705614e-06 0.17206755 1.5260259e-05 0.022323946 0.00013257224 3.8169132e-06 6.5896343e-06 1.0918175e-06 0.003987994 1.5630318e-06 1.8019879e-05 0.00085836387 5.223352e-07 3.4508184e-07 0.03361354 0.002005254 0.058776442 0.04527651 0.029139137 2.1781098e-06 1.5921614e-06 3.9035704e-06 0.07781062 0.0009543257 0.00026099136 0.0071718954 0.003929443 7.026396e-05 6.878704e-06 0.007337237 0.005469664 0.00088160054 0.00018640881 0.016411848 5.585762e-07 4.5794815e-05 3.1449323e-05 4.2813925e-05 1.5588607e-06 0.000238186 1.081386e-05 1.3125967e-05 0.0005205304 0.00018885166 0.014561906 6.251886e-07 0.00028516946 3.0145775e-05 1.9392743e-05 9.7991484e-05 0.00022349421 4.9709065e-06
0.0047394633 0.71194714 0.48596302 0.7114847 0.30926093 0.2408103 0.20770459 0.56851184 0.058722287 1.0160954e-17 0.12468393 0.037111867 0.7041577 0.08137303 0.97513616 0.061018147 0.039133374 0.014209462 0.8458028 0.10601811 0.0065577184 0.005232362 0.11835227 0.0060184184 0.39076504 0.0015657255 0.0063114758 0.00015210416 0.011032962 0.41137454 0.00056512526 0.019522367 0.012581643 0.00016332812 0.00010665642 0.00015433849 1.5864829e-05 0.0023689645 1.3080605e-05 0.0012917009 0.0006556674 0.0045884326 0.004497953 1.1322296e-05 0.0029078396 0.00023776139 3.956406e-05 0.00028642514 0.0012636728 4.7655732e-05 0.00021399636 0.00014869208 9.423354e-05 0.008872796 2.0181767e-05 0.00018799074 4.1757003e-06 1.0801265e-05 3.5412406e-05 0.00016691041 1.1795762e-06 1.4730037e-07 1.3216996e-05 6.626112e-05 2.0367315e-06 0.0003100035 0.00023425453 6.143002e-05 6.8276286e-06 0.0011500784 4.7147737e-06 0.0002764429 1.7991493e-05 6.7953727e-07 2.843744e-05 0.000107994776 0.0003428838 0.0013253888 5.9061466e-07 7.979536e-06 6.46585e-05 4.521931e-05 5.715662e-05 1.0444916e-06 3.37976e-06 4.175027e-06 4.078089e-05 5.284551e-05 0.00011030926 2.2586539e-05 8.800582e-06 0.00014804714 0.0002786807 0.0011410058 7.758455e-06 5.3001086e-06 1.1154787e-05 7.0736416e-05 5.2991814e-05 3.3252254e-05 0.00021254618
0.6903578 0.64364105 0.22368985 0.11631061 0.6332491 0.09212565 0.9202229 0.024715811 0.0017588077 0.12468393 1.6082204e-15 0.00020287141 0.0031295137 0.9625999 0.11951409 0.18786202 0.91429037 0.19471155 0.008265593 0.65853405 0.32465607 0.11501696 0.7406135 0.00067313376 0.0006444492 0.027910894 0.7613762 0.01094569 0.02463655 0.0015098287 0.008253143 0.13434297 3.6385345e-06 0.00014161937 3.6118738e-05 0.0008311054 2.8592294e-06 0.35492554 2.0739417e-06 0.00016901968 1.0106163e-05 0.093667865 0.31396744 8.9850204e-07 0.18605945 9.504294e-05 7.4266604e-06 0.037311982 0.0048537008 0.0005167868 1.8211229e-05 0.0010950151 9.766257e-06 0.19934568 0.00045476045 0.0006044138 0.00028772693 7.4151626e-07 0.00019087926 0.0018384736 3.5364835e-06 3.0958658e-06 0.00012314775 2.6031732e-05 3.870722e-06 0.0045121913 0.008731822 4.637625e-06 9.441056e-05 0.009938639 7.2518965e-06 0.0017536408 1.5413506e-06 1.0610735e-06 8.0067986e-07 0.032249894 0.0021390575 0.000106801774 3.320165e-07 5.415197e-07 0.014550309 0.008531119 5.5568213e-05 2.0724833e-07 2.5740442e-06 1.3361481e-06 0.0008658422 1.3745678e-05 0.0019561998 3.559572e-05 2.0840782e-05 0.0040378016 0.0043976675 0.0027140127 1.7023732e-06 1.9729104e-08 2.2347136e-08 9.413545e-05 0.00072000985 4.866272e-07 8.917846e-05
0.5177092 0.0028931345 0.18700074 0.49346256 0.017297631 0.48956075 0.0014268981 0.74543136 0.9414421 0.037111867 0.00020287141 2.0727436e-17 0.47129232 0.0012625798 0.00034530243 0.36471775 1.2586443e-05 4.2202946e-06 0.032958053 0.009497707 9.797892e-06 8.267964e-06 0.00014414384 0.987507 0.17100412 2.4850754e-06 0.00028864655 8.584718e-07 0.37523955 0.0021397043 7.783429e-06 0.0469443 0.0038567297 0.4909991 0.5366806 8.076418e-07 0.28544262 0.000117220305 0.15880601 0.5143325 0.15358347 0.0033783603 1.2068221e-05 0.18642342 3.060208e-05 0.27110186 0.1255775 2.8496092e-06 0.05350621 3.6626259e-06 0.2678019 5.012728e-06 0.10306139 4.5051907e-05 2.213784e-06 3.7973166e-07 6.880614e-06 0.03553825 4.176749e-07 8.029216e-06 0.0019821462 1.0081044e-06 1.4301321e-06 0.08497977 0.009434393 0.01443133 0.012592447 0.05848437 2.633655e-07 9.153907e-06 5.3410663e-06 0.047189623 0.0038401186 0.0004717419 0.008413992 0.0009810104 7.724475e-05 7.3155866e-06 0.0154440515 0.020979699 0.0001921398 6.267587e-05 0.030317526 3.3967662e-08 1.9018487e-05 1.3148027e-05 3.4827247e-06 1.8016715e-05 5.6718643e-05 3.3132885e-05 1.5343408e-05 8.878353e-05 4.29574e-05 0.022215746 7.654858e-09 0.00068236096 3.599972e-05 3.7381146e-06 2.9496072e-05 0.000108893924 5.079864e-07
0.00782926 0.13901949 0.30543885 0.57719433 0.06395008 0.20803668 0.013940595 0.9842709 0.20254466 0.7041577 0.0031295137 0.47129232 2.9213555e-16 0.0031655428 0.17883691 0.045141254 0.0006347772 0.00016980585 0.77679884 0.0069948095 0.000575015 0.000462237 0.0007946332 0.32732248 0.8950646 0.00020033758 9.4333795e-05 4.831196e-06 0.013544407 0.2501309 3.696628e-05 0.0038950602 0.11081304 0.0017250509 0.0011330879 4.864098e-06 0.00017188728 4.979269e-05 0.00020725775 0.0024243032 0.01352687 0.0009548893 6.6598026e-05 3.3034947e-05 5.6061966e-05 0.0028721113 6.8479385e-05 2.2124954e-05 0.00081863475 9.14478e-06 0.0013740568 1.972321e-05 0.0003513692 0.00021606425 5.6341773e-06 4.7427384e-06 7.824649e-07 3.24429e-05 4.6461555e-06 4.3381726e-05 6.9459174e-06 1.4411187e-07 1.0335627e-05 0.00025031265 5.460512e-05 6.874806e-05 8.982477e-05 0.00054248556 4.312485e-06 4.7311667e-05 2.7156384e-06 0.00012113566 0.0005919861 7.4095647e-07 0.0001183606 6.619563e-05 7.457971e-05 0.0008644144 7.52185e-05 6.026967e-05 2.5545207e-05 1.8078885e-05 5.717578e-06 4.985838e-08 9.744984e-07 2.6496211e-06 9.9027704e-05 7.727308e-06 1.7537252e-05 1.7256554e-05 1.5659585e-05 6.027979e-05 0.00018770482 0.0016677477 2.6696037e-07 1.3715536e-05 7.246614e-06 4.080365e-05 4.9422968e-05 6.498648e-06 2.8762008e-05
0.8029872 0.6221203 0.23540738 0.14287642 0.55295223 0.15429164 0.8709272 0.0368955 0.007946665 0.08137303 0.9625999 0.0012625798 0.0031655428 2.9045207e-16 0.08897599 0.47869745 0.62111497 0.06814501 0.0071656876 0.9366525 0.12651801 0.04452516 0.5747239 0.0017446738 0.0006566439 0.0077240486 0.8672833 0.0017229225 0.08736797 0.0016556642 0.0035643415 0.30435145 7.04602e-06 0.00052358385 0.00011070699 0.00025144021 8.069886e-06 0.45584422 1.5527945e-05 0.00074490363 2.8466202e-05 0.16790535 0.4033475 7.857826e-06 0.2321529 0.00016975598 3.6479556e-05 0.007573261 0.014706338 0.00015832296 6.943451e-05 0.0008896753 4.165846e-05 0.060419295 0.0001532689 0.0002217647 6.070149e-05 6.3317584e-06 5.5643406e-05 0.00040346914 6.8166137e-06 4.4691146e-06 2.5840782e-05 9.848503e-05 1.1461856e-05 0.009944744 0.023679772 2.0581252e-05 1.5307016e-05 0.002714529 6.798825e-06 0.003014539 5.5394107e-06 1.0486916e-06 2.2895333e-06 0.046590734 0.0011910163 5.608261e-05 2.6250077e-06 1.7103503e-06 0.01628709 0.011118472 0.00020895862 3.2101883e-07 7.060065e-06 5.001263e-06 0.00030937823 4.7928315e-06 0.0011363446 2.1974645e-05 4.6632213e-05 0.004035109 0.0034406288 0.0038837083 2.5519432e-06 7.394214e-08 3.0728006e-07 0.00013260725 0.00024297065 2.527635e-06 0.00013243513
0.0049566296 0.573209 0.20763858 0.21900961 0.14335056 0.053995155 0.12636055 0.08545055 0.0015525088 0.97513616 0.11951409 0.00034530243 0.17883691 0.08897599 6.6996517e-19 0.010197271 0.06580527 0.023878003 0.721616 0.058990363 0.011896926 0.0071808845 0.867403 0.00027977995 0.11223301 0.064234 0.0047868756 0.0032322044 0.0006116976 0.87347156 0.029309178 0.003596383 0.013689308 7.0054834e-06 6.043327e-06 0.00018881743 3.4079867e-06 0.0012644209 1.0416695e-06 2.430681e-05 7.379973e-05 0.0018107349 0.0013433524 6.238485e-07 0.0012473617 9.8354474e-05 2.4531175e-06 0.018638592 4.1330997e-05 7.9034486e-05 1.3870011e-05 7.6021075e-05 1.6550373e-05 0.25808492 0.00012727735 0.00022875909 7.4242984e-05 4.0617172e-07 3.0490248e-05 0.00656303 5.567764e-07 1.1762085e-06 7.13789e-05 7.98868e-06 1.7510237e-06 2.490626e-05 3.348478e-05 2.7029017e-05 8.553823e-06 0.03523428 3.0451598e-05 1.5101326e-05 2.675827e-06 1.6446889e-07 1.1821456e-05 4.8552534e-05 3.405305e-05 0.042799164 3.509777e-07 1.497747e-06 2.0928457e-05 4.000129e-06 5.961277e-06 2.3867167e-06 3.974033e-06 2.2768693e-06 2.6554051e-05 0.00019335946 1.357757e-05 0.00029288355 9.276886e-05 1.1714704e-05 3.500374e-05 0.0009978455 1.5964575e-05 4.3402233e-06 6.4550187e-07 0.0024296881 5.0863306e-05 1.6917118e-05 0.0043070745
0.94341415 0.32765284 0.500202 0.37802806 0.7154842 0.92735696 0.65022993 0.19447151 0.8618591 0.061018147 0.18786202 0.36471775 0.045141254 0.47869745 0.010197271 2.6452143e-14 0.0037931886 0.0004913976 0.015048014 0.8378384 0.0006082954 0.0008764098 0.0025334368 0.034775045 0.026823735 4.954009e-05 0.03239821 2.1637365e-05 0.8521566 0.004730312 0.00014853037 0.7528734 9.576718e-05 0.044897962 0.008778885 2.1660446e-05 0.00046553236 0.042500433 0.0062822127 0.19079068 0.00034755582 0.30733156 0.044733148 0.00029808222 0.015797276 0.0029294891 0.0015237543 4.6941874e-05 0.20038809 2.4738305e-05 0.012998928 0.00010598287 0.0027402376 8.636221e-05 6.6416283e-06 3.0818075e-05 5.7394473e-06 0.00069906306 1.0855418e-05 1.4854107e-05 0.0001212473 2.1900366e-06 5.666841e-07 0.0019622808 0.00028105802 0.17306814 0.32199174 0.0016604126 5.0291474e-06 3.5898256e-06 3.1490242e-06 0.08097482 5.0250124e-05 1.7140936e-05 0.000617979 0.024030268 0.0005360031 9.406146e-06 0.0004978854 0.00024129883 0.0063974704 0.0034229506 0.0077997507 1.1769473e-07 6.832976e-06 2.4108547e-05 0.0004170105 1.8794755e-06 0.0009947546 1.7803963e-05 2.0962356e-05 0.002174538 0.001599365 0.037616875 3.1950349e-06 4.5591576e-05 0.00017504944 0.00010526766 0.00031745486 3.2221415e-05 4.6484845e-05
0.79418486 0.2500091 0.01467576 0.011100911 0.09239399 0.0017511582 0.35349214 0.0035262017 6.758882e-05 0.039133374 0.91429037 1.2586443e-05 0.0006347772 0.62111497 0.06580527 0.0037931886 4.6896396e-17 0.8305447 0.0013730003 0.33060747 0.95941126 0.8630548 0.80388594 7.895915e-05 7.170619e-05 0.19838496 0.8277591 0.12170298 0.0017126111 0.000575733 0.060745165 0.048388924 1.3279683e-06 7.867228e-06 2.159253e-05 0.050034616 7.908975e-07 0.5248775 1.5546985e-07 1.3498955e-05 2.8954862e-06 0.04746825 0.54333484 1.0190449e-07 0.33696333 2.0747895e-05 4.224279e-07 0.266767 0.0011475125 0.0035008853 1.0388029e-05 0.007950978 3.822855e-06 0.411597 0.0029090585 0.0062151095 0.002830539 1.3585885e-07 0.0009168712 0.013429477 2.2877152e-06 4.1295125e-06 0.00024779025 1.276887e-05 5.0436424e-06 0.0024704228 0.0063868472 1.7355537e-06 0.00041104347 0.018732686 1.2722559e-05 0.0005889552 2.5066532e-07 5.7188134e-07 4.2544897e-08 0.048135936 0.003418765 9.596876e-05 5.074729e-08 9.719525e-07 0.03191589 0.028661137 5.2088294e-06 8.9957894e-07 7.431771e-07 3.5189672e-07 0.002126589 4.5390625e-05 0.005317145 0.00023206412 1.2928999e-05 0.010740278 0.013139512 0.00317408 6.6268544e-06 8.72583e-09 5.2514872e-09 0.00012517224 0.0016654987 7.024708e-07 4.9378352e-05
0.8223179 0.033065602 0.0013588102 0.0024913768 0.008298292 0.00070585805 0.025145445 0.0007409257 6.650657e-05 0.014209462 0.19471155 4.2202946e-06 0.00016980585 0.06814501 0.023878003 0.0004913976 0.8305447 4.2379487e-17 0.0003888821 0.014838886 0.804701 0.9327208 0.63015896 8.8817396e-05 0.00016184102 0.7949246 0.07234158 0.95562315 0.0002331971 0.0014689175 0.30746144 0.005660584 1.1901504e-06 3.0224721e-06 3.846314e-06 0.6089137 3.9384898e-07 0.0688019 1.5800943e-07 3.0908288e-07 7.406883e-06 0.005032715 0.14157756 1.174969e-07 0.04848535 0.00010562406 1.2310311e-06 0.5987516 7.188236e-05 0.33425224 1.2571741e-06 0.15906496 9.74358e-07 0.37416273 0.14083846 0.06592802 0.11402075 1.7207333e-07 0.042004086 0.081518225 1.7372105e-07 0.00249851 0.0040219733 1.0740246e-06 1.0431572e-05 0.0008216507 0.0011212997 4.994349e-07 0.0054600514 0.025649983 0.002649102 0.00014127378 1.0257567e-06 1.345691e-07 9.395185e-09 0.008005567 0.023593662 0.0001872007 1.5180504e-08 2.486494e-07 0.010654125 0.024746418 7.720649e-06 1.6328535e-05 4.9434465e-07 1.2362124e-06 0.013541978 0.0005081299 0.011603775 0.0011752561 0.0016008415 0.014608483 0.01631042 0.0018469335 0.00039256734 1.1866641e-08 1.8819145e-06 0.0005661502 0.0092271725 3.246648e-07 0.00014994363
0.00012771435 0.14187789 0.1249811 0.23047104 0.05107591 0.065840416 0.024618847 0.3031284 0.02603302 0.8458028 0.008265593 0.032958053 0.77679884 0.0071656876 0.721616 0.015048014 0.0013730003 0.0003888821 3.8218617e-20 0.009577165 0.00064844475 0.000365907 0.012624702 0.018807504 0.9867902 0.00034090693 0.00028788313 1.6082062e-06 0.0020833174 0.96449035 0.00010089825 0.0035701997 0.14840882 6.125108e-05 2.4515308e-05 4.4218905e-06 3.411938e-06 5.7431076e-05 6.2000486e-06 0.00028956853 0.00072343403 0.0005289308 3.8387854e-05 8.815887e-06 9.621234e-05 0.0011299109 1.5005212e-05 0.00011055708 0.00021171047 2.5204536e-05 0.00013529688 6.6014222e-06 0.00011629998 0.0038357028 1.7115439e-05 2.6893335e-05 2.1653043e-06 9.726447e-06 5.254366e-06 0.000118528675 1.1987256e-06 7.645629e-07 1.7072613e-05 3.215796e-05 1.6580216e-05 1.7747749e-05 3.774743e-05 3.131441e-05 6.268387e-07 0.00022305429 1.528387e-05 1.1316163e-05 1.821863e-05 7.716224e-08 1.5053343e-05 2.3737157e-05 4.3807075e-05 0.0018060533 3.2677726e-06 1.204932e-06 8.524522e-06 5.2135065e-06 3.9463876e-06 3.0057413e-07 4.9979917e-06 3.9798283e-06 4.421876e-05 2.0352398e-05 1.2268478e-05 1.9748919e-05 1.7955088e-05 8.9093155e-06 0.00024533234 0.001551665 8.840757e-08 1.3476882e-05 1.3653975e-05 3.164376e-05 1.3665308e-05 7.1872695e-05 0.00034864052
0.9351486 0.57937306 0.39354107 0.27357727 0.62867 0.41516516 0.8208429 0.07540362 0.09527974 0.10601811 0.65853405 0.009497707 0.0069948095 0.9366525 0.058990363 0.8378384 0.33060747 0.014838886 0.009577165 4.969279e-16 0.03665842 0.010911405 0.21525134 0.0025725781 0.0012561148 0.0019626007 0.7464842 0.00042155926 0.48683855 0.0021897107 0.0015724781 0.8754295 9.773907e-06 0.0033942456 0.000695666 0.00013161435 8.8268695e-05 0.45307642 0.00031272252 0.013249053 0.00010209385 0.5428742 0.35135943 6.7739114e-05 0.19455902 0.000796225 0.00050188147 0.0010171498 0.119550005 0.000113269016 0.00063434785 0.0005530063 0.0002756342 0.011240718 7.652158e-05 0.00017097437 4.681906e-05 8.316699e-05 1.7326374e-05 0.00027828445 2.953782e-05 4.07582e-06 1.8752206e-05 0.0005514088 7.291755e-05 0.06825578 0.17116316 0.00022569047 7.57451e-06 0.0005225169 7.876417e-06 0.01295311 2.1874033e-05 8.6005375e-06 3.265578e-05 0.06767743 0.00070697133 1.4940713e-05 3.2965396e-05 3.286153e-05 0.021464067 0.011102546 0.0014401687 8.369068e-07 3.1672833e-05 2.9486677e-05 0.00020101965 4.8660613e-06 0.0010143081 2.3365534e-05 9.3950606e-05 0.0041721873 0.0029757211 0.017588472 5.209252e-06 3.0871506e-06 6.355183e-06 0.0001990963 0.00013594278 1.9607216e-05 0.00010153611
0.6720143 0.023984766 0.00050937897 0.001137131 0.0035299417 0.00033089102 0.017574806 0.0033108531 6.330108e-05 0.0065577184 0.32465607 9.797892e-06 0.000575015 0.12651801 0.011896926 0.0006082954 0.95941126 0.804701 0.00064844475 0.03665842 5.497611e-18 0.98202944 0.46618187 4.8611284e-05 3.2525582e-05 0.18763486 0.66720885 0.39585817 0.000424897 0.00012977456 0.07595048 0.01220429 3.7023378e-06 1.87531e-05 6.136872e-05 0.4840972 3.878197e-06 0.3931933 2.3066575e-07 4.1367175e-06 6.0474263e-06 0.01548108 0.40102926 5.7371676e-07 0.21394975 0.00015576214 7.9480964e-07 0.30156088 0.0007452887 0.04418815 3.5638498e-06 0.1238596 2.269453e-06 0.18468747 0.019379737 0.05981894 0.024757367 1.0904288e-07 0.0035619729 0.020859133 1.2511615e-06 0.00020742284 0.00090988004 6.0297816e-06 8.851497e-06 0.0025127542 0.005688432 7.101218e-07 0.0018019088 0.00793847 0.00015838335 0.0006582192 2.3688003e-06 5.8158946e-07 2.5958856e-08 0.042320874 0.019908143 4.813665e-06 1.0196534e-07 3.6796004e-07 0.050829697 0.12399604 2.0331e-05 3.6152044e-06 3.300275e-06 1.3199419e-06 0.005419054 0.0001632602 0.020704081 0.00030821265 0.000160713 0.04537419 0.0396382 0.0031645587 4.5465615e-05 3.8969677e-08 3.472301e-08 0.00016526977 0.005829514 4.28068e-06 5.022655e-05
0.69718224 0.012465078 0.000636779 0.0019759827 0.0018666083 0.00030007507 0.006061487 0.002390991 7.8074605e-05 0.005232362 0.11501696 8.267964e-06 0.000462237 0.04452516 0.0071808845 0.0008764098 0.8630548 0.9327208 0.000365907 0.010911405 0.98202944 1.8431356e-17 0.47813153 8.039341e-05 0.000108380766 0.20812543 0.4226093 0.4971876 0.00035050928 0.000109310626 0.097735986 0.0040162625 5.923438e-06 1.1784675e-06 2.1531378e-05 0.73556566 2.5755025e-06 0.17410724 4.685119e-08 2.3433922e-06 1.0109855e-05 0.005927516 0.23700413 3.6316374e-07 0.11231085 0.00014186092 3.479267e-07 0.497577 0.00051961484 0.15771359 4.82819e-07 0.14495873 4.6101022e-07 0.24339943 0.049265444 0.085362814 0.08683429 2.6352513e-08 0.018162666 0.034288615 1.1270665e-06 0.0011770951 0.0038653791 5.2947905e-07 3.533564e-06 0.0013444623 0.0026711307 7.9169475e-08 0.008178892 0.009957898 0.0010034482 0.00044828877 8.1588305e-06 7.047689e-07 3.0605667e-09 0.026223464 0.036556587 4.126784e-06 5.7161245e-09 8.73336e-08 0.029403793 0.07358789 1.0595108e-05 2.095438e-05 1.605422e-06 1.4497361e-06 0.019010842 0.00031098598 0.030508764 0.00026310835 0.00050762633 0.04869607 0.05140667 0.0019261593 0.00024442576 7.518249e-09 2.4047248e-08 0.00021594374 0.011906251 8.2795117e-07 7.519591e-05
0.2946664 0.68004376 0.12616143 0.055577837 0.3351317 0.024890525 0.4822096 0.0013226279 9.398995e-05 0.11835227 0.7406135 0.00014414384 0.0007946332 0.5747239 0.867403 0.0025334368 0.80388594 0.63015896 0.012624702 0.21525134 0.46618187 0.47813153 3.0130414e-17 0.0002235413 0.00053721154 0.81598943 0.14841108 0.16780616 0.0005836907 0.29667962 0.7432867 0.022288306 0.00013056246 7.1828736e-06 3.4535003e-06 0.0032849219 4.6208464e-07 0.050137896 2.9193313e-06 1.2970804e-05 0.00016552371 0.00681125 0.071656264 7.971477e-07 0.01823112 0.00079489127 8.326719e-06 0.7839766 0.00026353748 0.016469885 0.00016184889 0.0040971087 9.3536455e-06 0.9542996 0.012648359 0.0011420406 0.07991749 8.258556e-08 0.00096296205 0.19979058 7.058853e-08 0.00011419736 0.00015443256 7.879122e-06 2.1355892e-05 0.0006097584 0.0019190359 1.2076405e-05 2.5854682e-05 0.078686155 0.0006521845 0.00097026984 3.811637e-05 3.4451252e-06 5.215406e-06 0.0012787083 0.0019928126 0.0040598805 1.3427458e-06 4.7072035e-06 0.0009503396 0.0006982835 9.117189e-05 1.609399e-07 6.182374e-07 3.834799e-06 0.00027236683 0.00011911849 0.0008942531 0.0004195399 0.00041596548 0.0010079689 0.00040018556 0.0092995195 1.1422072e-05 8.757719e-07 4.25171e-05 0.00038418893 0.00079140725 1.2039907e-05 0.00078675925
0.014192541 0.0010912892 0.006300978 0.057555504 0.0038959926 0.033231486 0.0025031753 0.38751456 0.2977952 0.0060184184 0.00067313376 0.987507 0.32732248 0.0017446738 0.00027977995 0.034775045 7.895915e-05 8.8817396e-05 0.018807504 0.0025725781 4.8611284e-05 8.039341e-05 0.0002235413 6.742549e-18 0.4327786 1.31597e-06 0.00041516864 1.4129176e-05 0.02852196 0.0012977085 2.6257003e-05 0.0028252841 0.016740996 0.13390692 0.4028643 3.444348e-05 0.26219714 0.00015430096 0.017452031 0.04681664 0.98606455 0.00066602405 8.9851324e-05 0.03237755 0.00011079783 0.662733 0.018450689 1.3820379e-05 0.009495266 1.9704503e-05 0.0488506 6.017006e-06 0.019814963 3.6267887e-05 3.1061445e-05 1.1058138e-05 2.5394984e-06 0.0061703753 7.9239913e-07 3.1012353e-06 0.0026617132 2.3537152e-06 2.1056025e-05 0.010897678 0.005514998 0.0023756963 0.0067084623 0.0042419718 3.9469255e-06 3.2101428e-07 4.0819195e-06 0.0025776739 0.010679481 0.000264492 0.0019254183 0.0009079107 0.0008359807 7.0424126e-06 0.0016868104 0.0024156545 0.00039551914 0.0006192541 0.0015932393 1.4900927e-07 6.172306e-05 2.3874303e-05 6.842266e-05 5.2097315e-05 0.0004752965 1.20014e-05 1.05246645e-05 0.0011463683 0.0015478461 0.024941249 8.24815e-08 0.00049926876 0.00010636155 2.1762535e-06 0.00020704915 0.0001164256 2.2183322e-06
9.636836e-05 0.018639836 0.058726568 0.16517264 0.015134653 0.06840208 0.004239242 0.33522308 0.11184419 0.39076504 0.0006444492 0.17100412 0.8950646 0.0006566439 0.11223301 0.026823735 7.170619e-05 0.00016184102 0.9867902 0.0012561148 3.2525582e-05 0.000108380766 0.00053721154 0.4327786 1.1771354e-19 1.3402761e-05 6.8286216e-05 1.5585656e-05 0.00898857 0.5972945 1.13255455e-05 0.00043394702 0.75467926 0.00463275 0.0011351488 1.4582759e-05 0.0003341857 1.4374168e-05 0.00071695424 0.002918345 0.042827435 4.3113974e-05 1.8547643e-06 0.00019818929 3.937121e-06 0.0054005454 8.3387145e-05 0.00035174188 0.00049821 9.8370565e-06 0.0025420066 1.8319612e-05 0.0023747336 6.407975e-05 5.6342574e-06 2.63717e-06 1.1368831e-05 0.000101269885 2.4699466e-06 3.1145785e-06 0.00010386084 2.46085e-06 1.2176062e-06 5.696768e-05 0.001406174 0.0016938559 0.0010436409 0.0004202158 2.0887423e-07 2.576774e-05 2.7441301e-06 0.00062127685 0.0023778598 4.9477553e-06 9.9327066e-05 0.00030171472 8.893818e-05 0.00079818274 2.3556295e-05 4.1654603e-05 7.5834223e-06 1.7859402e-05 9.858774e-05 7.1658164e-08 3.0426559e-06 5.167639e-06 7.440501e-07 8.225998e-06 0.00018529822 6.999287e-06 8.093278e-06 9.7170414e-05 5.3204134e-05 0.032428462 1.0882735e-08 0.0001136589 0.00014836629 1.5960259e-06 1.9186085e-05 6.507427e-05 2.936424e-05
0.08571877 0.011219843 0.00015457402 0.0003460384 0.0013328596 0.00019637015 0.003004827 0.00016099864 7.273041e-06 0.0015657255 0.027910894 2.4850754e-06 0.00020033758 0.0077240486 0.064234 4.954009e-05 0.19838496 0.7949246 0.00034090693 0.0019626007 0.18763486 0.20812543 0.81598943 1.31597e-06 1.3402761e-05 4.8621806e-20 0.01127753 0.83278775 1.6927932e-05 0.00048075838 0.9878261 0.00048069027 1.01609485e-05 1.3927331e-06 1.6780465e-06 0.10678401 6.808379e-07 0.0061759125 1.2856849e-07 8.432062e-07 3.566094e-06 0.00042029758 0.007896891 3.105484e-07 0.0036947937 1.4010673e-06 8.052269e-07 0.5140081 6.584684e-06 0.08257012 1.2033977e-06 0.035633344 2.2472398e-06 0.314997 0.105432004 0.012715276 0.0950433 4.4299753e-07 0.02806078 0.10079414 2.7145754e-07 0.0058180694 0.006776228 1.1254145e-06 4.7196974e-07 5.9687216e-05 0.00021630693 5.8899025e-07 0.0043040235 0.023930537 0.0034124458 2.7082997e-05 3.250138e-06 9.765778e-07 4.208005e-06 0.00107446 0.0049435557 0.00017522146 7.104249e-08 9.3163884e-08 0.0006090979 0.0011459372 5.1978227e-06 3.0670726e-06 3.1182594e-07 4.1211774e-07 0.001675628 0.00059254473 0.00235628 0.0007885587 0.0018822345 0.00068920845 0.00061790267 0.0005983035 0.00040161837 4.4845436e-08 5.3754593e-07 0.000299872 0.0018847239 1.0393832e-06 0.00010523014
0.8203447 0.050805148 0.010753924 0.0072725564 0.07620471 0.015693719 0.2771295 0.00061864854 0.0015319511 0.0063114758 0.7613762 0.00028864655 9.4333795e-05 0.8672833 0.0047868756 0.03239821 0.8277591 0.07234158 0.00028788313 0.7464842 0.66720885 0.4226093 0.14841108 0.00041516864 6.8286216e-05 0.01127753 5.90759e-14 0.014179276 0.020465871 0.00051685976 0.0035326225 0.1253639 1.0538504e-05 0.0007070566 6.448411e-05 0.01286489 1.855487e-05 0.97556937 2.753406e-05 0.0010992318 0.00012544089 0.1317746 0.7353842 1.9891346e-05 0.41844472 0.0014007367 9.4955314e-05 0.0027173162 0.0038659377 0.0016341403 0.000101264864 0.018916214 0.00012546362 0.0061354414 0.0015526109 0.008529906 0.00020919945 1.0871715e-05 0.00072947313 0.00028499382 3.4720448e-05 4.259779e-05 0.00036693 0.00018247328 5.3779975e-05 0.009435477 0.021813458 1.7801161e-05 0.0005418449 0.00027635248 6.2635474e-05 0.0035573475 3.0481002e-05 7.2992448e-06 3.576195e-06 0.06764316 0.0038214484 2.9250305e-06 1.728972e-06 1.1579283e-05 0.04640968 0.033312634 0.00028065222 2.6802043e-06 7.037109e-06 3.1977236e-06 0.0027646478 2.6057962e-05 0.0031955487 7.8532e-05 8.069413e-05 0.00922353 0.016139388 0.00778005 6.333012e-05 9.557884e-07 0.00012297569 0.0002882383 0.0021077914 4.999346e-06 0.00015732176
0.6341249 0.0011841569 3.7942395e-05 3.9450577e-05 0.00027604116 5.2843366e-06 0.0005463171 1.099196e-05 1.8506915e-06 0.00015210416 0.01094569 8.584718e-07 4.831196e-06 0.0017229225 0.0032322044 2.1637365e-05 0.12170298 0.95562315 1.6082062e-06 0.00042155926 0.39585817 0.4971876 0.16780616 1.4129176e-05 1.5585656e-05 0.83278775 0.014179276 8.424141e-19 6.271326e-06 6.811958e-05 0.5948099 0.00013347993 4.2886006e-07 3.9097267e-07 6.8744185e-07 0.9362973 1.1932871e-08 0.0133649055 2.1154332e-08 4.3599061e-07 5.4729217e-06 0.00036182106 0.022652952 2.1069127e-08 0.0055165472 3.5857367e-06 1.5373845e-07 0.70845646 1.1090369e-05 0.8846838 2.1485427e-07 0.50964826 1.7875195e-07 0.09575649 0.74190265 0.16969354 0.49696493 1.8721765e-08 0.5202665 0.17014787 5.6009477e-09 0.10374344 0.046507675 5.7737093e-08 4.302096e-08 6.8766814e-05 0.0001684992 3.154958e-08 0.09438172 0.0048678927 0.023885185 2.8895129e-05 7.366177e-07 6.6258528e-09 7.478204e-09 0.003504605 0.07752548 3.8775015e-06 2.6263984e-09 1.5391617e-08 0.0060752197 0.014325103 2.334029e-06 0.00012654041 1.9098447e-08 2.7765628e-07 0.03344918 0.0029450553 0.030374652 0.0007497314 0.015346302 0.013024018 0.017054697 0.00080244505 0.0047745197 8.816891e-09 7.1574254e-07 0.00023954641 0.028195065 2.9093857e-07 0.00012725113
0.9021127 0.04295597 0.11737379 0.14144608 0.13537937 0.6059202 0.11469788 0.18184052 0.6834195 0.011032962 0.02463655 0.37523955 0.013544407 0.08736797 0.0006116976 0.8521566 0.0017126111 0.0002331971 0.0020833174 0.48683855 0.000424897 0.00035050928 0.0005836907 0.02852196 0.00898857 1.6927932e-05 0.020465871 6.271326e-06 9.066315e-17 0.0011031054 1.1320848e-05 0.935967 6.4518616e-05 0.33011654 0.056693137 1.3602935e-05 0.0054040668 0.033112377 0.22390689 0.9502393 0.0009897026 0.59016985 0.024222242 0.009498245 0.021066692 0.001866416 0.05067817 1.2467192e-05 0.80100584 3.2299356e-06 0.22441077 6.916763e-05 0.04779344 6.43392e-05 2.6293374e-06 3.417743e-05 8.104233e-07 0.0076806503 3.271714e-06 9.732516e-06 0.0015608617 2.7040772e-07 1.4567273e-07 0.01728327 0.0013085235 0.24018052 0.24903029 0.015502917 3.0447572e-06 4.0386352e-05 1.504773e-07 0.23293085 0.00013450746 0.00016299139 0.0074672406 0.04683339 0.00049111905 1.7259096e-06 0.007119049 0.0014000356 0.014348113 0.0058645513 0.09857523 6.3019435e-08 1.4150414e-05 2.1769769e-05 0.00028802975 3.5659832e-07 0.001953206 1.8124356e-05 6.599445e-06 0.0026025975 0.0024162997 0.0866725 5.42276e-08 0.0002792825 1.2446842e-05 2.998392e-05 0.0001638609 2.9042792e-05 4.633912e-06
1.4367974e-05 0.028503774 0.014561296 0.040844154 0.010356925 0.008302685 0.0047311448 0.010296129 0.0016043638 0.41137454 0.0015098287 0.0021397043 0.2501309 0.0016556642 0.87347156 0.004730312 0.000575733 0.0014689175 0.96449035 0.0021897107 0.00012977456 0.000109310626 0.29667962 0.0012977085 0.5972945 0.00048075838 0.00051685976 6.811958e-05 0.0011031054 1.8905005e-21 0.00028462254 0.00035117258 0.8421985 1.984922e-05 4.18031e-06 1.3950629e-05 4.5699417e-06 0.00010576427 3.7369025e-06 1.484786e-05 0.00057967583 0.0001055583 1.942858e-05 1.6943895e-06 9.17242e-05 0.00032451208 6.1275705e-06 0.00020355803 6.954948e-05 1.8814688e-05 1.2185443e-05 2.880505e-05 0.00016468824 0.026373532 1.8127572e-05 4.8450056e-06 6.3949374e-06 2.6951557e-06 8.451733e-06 0.0006269581 3.7331748e-07 5.6653034e-06 4.4238436e-06 9.643644e-06 4.246634e-06 0.0008649224 0.0005822899 2.5489211e-05 3.8331223e-07 0.0025785847 1.4846444e-05 0.00022190029 1.086475e-05 7.4594325e-08 4.852585e-06 0.00019600739 0.0005422962 0.036146957 1.1729891e-06 5.723211e-07 1.4358769e-05 2.0229672e-05 7.0650153e-06 7.137294e-08 1.3502217e-06 7.432317e-07 1.677134e-05 9.7309285e-06 0.00026378845 5.1398027e-05 2.4359791e-05 0.00015068303 6.76881e-05 0.009000536 1.7700285e-07 8.527287e-06 1.2686036e-06 3.6956764e-05 7.240663e-05 1.0854569e-05 0.0005512545
0.01645181 0.0035808333 0.00025861972 0.00035258758 0.0011602686 0.00014270289 0.0019564368 1.6668811e-05 3.7040423e-05 0.00056512526 0.008253143 7.783429e-06 3.696628e-05 0.0035643415 0.029309178 0.00014853037 0.060745165 0.30746144 0.00010089825 0.0015724781 0.07595048 0.097735986 0.7432867 2.6257003e-05 1.13255455e-05 0.9878261 0.0035326225 0.5948099 1.1320848e-05 0.00028462254 7.434339e-18 0.0002438407 1.5272e-06 5.646711e-06 4.875172e-07 0.05688446 8.911779e-08 0.0021440093 5.9193417e-07 2.313681e-05 2.6121197e-06 0.00040705514 0.0042367787 1.2079354e-07 0.001548111 7.3535334e-06 6.8283737e-07 0.84776103 2.9700225e-06 0.124657065 3.8837686e-07 0.015879976 3.5991545e-07 0.2769018 0.14752673 0.0071678027 0.3061668 2.7900192e-08 0.015178327 0.17403933 9.974515e-08 0.014587086 0.006888241 2.509789e-07 4.5038158e-07 1.0467387e-05 8.628714e-05 3.9818556e-08 0.001488933 0.022621699 0.013941532 5.656175e-06 2.2490772e-06 8.2889656e-08 7.455648e-08 0.00030438343 0.0019369924 0.00036922892 4.6769408e-08 3.558382e-08 0.00018169482 0.00021816691 1.2812326e-06 1.9071285e-05 1.09611946e-07 3.9062644e-07 0.0010105378 0.0003710001 0.00048645 0.0029073292 0.004751721 0.00016723337 0.00021654673 0.001129212 0.0016051563 6.636126e-08 5.504546e-07 0.00059455534 0.0011488763 9.4608936e-07 0.00016077294
