2.2516267e-23 0.952591 0.90615594 0.73126996 0.91039646 0.92494583 0.94386935 0.9242851 0.85181135 0.9501486 0.66365826 0.8846052 0.9252129 0.9102839 0.89534813 0.8602617 0.47101188 0.7652422 0.90880203 0.9664408 0.6110196 0.9295587 0.29211962 0.50332576 0.88882 0.19144505 0.9462377 0.43567964 0.97810143 0.31573898 0.85325074 0.3769 0.85615647 0.1703933 0.34462944 0.31578514 0.9780272 0.21946596 0.93796134 0.03725903 0.8751401 0.082280435 0.96041363 0.06560792 0.91289014 0.107137665 0.3734858 0.109562404 0.9802085 0.24263291 0.29560456 0.071345985 0.945139 0.8968082 0.4346184 0.0065628556 0.9848072 0.806024 0.73774594 0.92705846 0.53158975 0.038141113 0.26002198 0.87233454 0.99897814 0.2514408 0.030218845 0.0005684254 0.016695708 0.18499005 0.5011791 0.035292763 0.9245606 0.025566924 0.0009422033 0.86942667 0.8268183 0.8748962 0.5681526 0.001728126 0.99973667 0.28086096 0.9039652 0.96232253 1.6189913e-05 0.9999852 0.17299885 1.4750224e-05 0.019999031 0.00018155106 0.9792213 0.6930733 0.0060692467 0.9492279 0.00024055828 0.0063832155 0.13218632 0.9844857 2.2853677e-05 0.99974084 1.1596042e-06
0.952591 6.015538e-15 0.9620041 0.73494864 0.7933407 0.6204173 0.8007952 0.5540233 0.25911877 0.018103326 0.40845123 0.25960055 0.05463774 0.0017446504 0.7691493 0.00025700804 0.19835356 0.09725974 0.015416792 0.0054889284 0.0046785967 0.8266365 0.0003937482 0.18875867 0.2817125 8.006953e-05 0.03628814 2.775332e-05 1.7119308e-05 0.0018368762 1.5168341e-05 0.11559514 0.020059166 0.036440447 0.03572911 8.011038e-05 0.0007120159 0.04431795 0.010751192 0.0061558695 0.07283412 0.0005350501 9.7052434e-05 0.01312255 2.1223595e-05 0.0053808913 0.03537096 0.012140784 0.11202111 6.345771e-06 3.4544257e-06 0.004097058 0.045998022 0.047380395 0.0017580154 6.8366003e-06 0.014421678 1.1886604e-07 1.4000781e-07 1.7673297e-05 1.4292193e-07 1.3392801e-06 5.5065095e-07 1.8382279e-07 0.0050346158 0.001039833 8.3986026e-07 2.5287814e-05 2.3448261e-05 9.009912e-09 8.131925e-09 0.00020777526 2.4740757e-07 5.747477e-06 2.0812765e-06 1.601024e-05 2.8204462e-07 3.1364125e-06 1.0700942e-08 4.892307e-05 0.013473041 7.597175e-08 0.00033875662 5.2068553e-05 1.569597e-06 0.011044617 1.5427554e-09 7.389717e-06 3.8451585e-08 1.2707135e-05 1.3876686e-06 4.2074024e-08 0.000108187975 5.679452e-07 2.6164187e-07 1.3610578e-07 7.414067e-07 0.00072954484 1.01476635e-05 0.0006970419 1.226478e-07
0.90615594 0.9620041 1.00423235e-14 0.93952984 0.7876386 0.2682047 0.28652754 0.30473405 0.6783593 0.00138039 0.3341348 0.0712703 0.30120742 0.00011850956 0.8081943 2.8557562e-05 0.20969544 0.004481719 0.00071752944 0.02395036 0.00029847253 0.5910914 0.00016473584 0.24057786 0.17662401 2.0792007e-05 0.0042907475 6.5797626e-06 4.778104e-06 7.2157025e-05 2.205879e-06 0.1214832 0.0040921182 0.014410254 0.006610516 1.8342572e-06 7.5887656e-05 0.055936787 0.0031560403 0.0042372434 0.065484434 3.93647e-05 4.6779805e-06 0.010525679 1.8567873e-06 0.0006649068 0.11474733 0.051950596 0.068232015 6.2781277e-07 8.211282e-07 0.0013010798 0.014329483 0.06952706 0.022015583 1.1603132e-06 0.004194509 1.982711e-08 4.134966e-08 7.509721e-07 8.974496e-09 1.6434956e-07 4.0562205e-07 3.6954063e-08 0.0015452097 0.00078947184 8.770682e-07 1.5171265e-05 6.9898542e-06 2.5324496e-09 8.5798024e-10 7.545423e-05 2.4186578e-08 7.1315653e-06 7.357338e-07 7.850601e-07 3.0356215e-08 2.287906e-07 1.9653152e-09 8.353232e-05 0.011627033 2.2335076e-08 6.8205477e-06 2.8828313e-06 1.895044e-06 0.004588148 1.32625e-09 9.606295e-06 1.8265974e-08 3.723703e-05 1.0784796e-07 1.0869271e-08 0.00035578187 6.741899e-09 6.0275966e-08 1.7525898e-07 3.8252183e-06 0.00014259772 3.0304498e-06 0.00034260238 4.905133e-08
0.73126996 0.73494864 0.93952984 4.007704e-14 0.9589591 0.23246096 0.14655447 0.36335236 0.92680544 0.0015199896 0.48795623 0.09676612 0.417536 0.00014021408 0.2503043 5.129094e-05 0.2708784 0.0017918883 0.00061038503 0.021353453 0.00041107502 0.102168046 0.00026449555 0.32288522 0.041450653 4.73476e-05 0.001998222 2.1621214e-05 1.0763794e-05 0.00021966653 1.2877956e-05 0.17386653 0.0012851265 0.01853863 0.006363501 8.407855e-06 0.00010699109 0.12436658 0.0009944664 0.010111607 0.012563311 0.00011964335 1.2126552e-05 0.05935193 9.1784e-06 0.002028774 0.12326801 0.079331666 0.013541893 2.1067863e-06 2.098953e-06 0.009990849 0.00313594 0.017372398 0.017824078 4.8376046e-06 0.0010422787 6.0552054e-08 2.1226711e-07 1.9292695e-06 3.241161e-08 6.0244963e-07 3.9495896e-07 1.3718034e-07 0.0008107294 0.0048522707 1.0810462e-06 1.32841615e-05 1.4240154e-05 4.9614837e-09 8.1481616e-10 8.198122e-05 2.5215232e-07 5.3831907e-05 1.3610648e-06 4.4549716e-07 7.9836234e-08 6.442663e-07 2.8785327e-09 0.005417295 0.00492829 3.6710432e-08 2.0766195e-06 1.5898732e-06 1.9932611e-05 0.0020888448 2.2038707e-10 4.6013876e-05 1.6753297e-08 5.2021547e-05 1.7284619e-07 2.8541349e-08 0.0008163404 1.4395849e-08 4.2394578e-07 3.2529488e-07 4.970148e-06 1.8174916e-05 5.904595e-06 0.00017931583 2.606442e-07
0.91039646 0.7933407 0.7876386 0.9589591 7.959692e-15 0.71237564 0.56344956 0.8662601 0.655465 0.010808913 0.87408185 0.587609 0.0508926 0.0010775462 0.10062456 0.0006134005 0.5907344 0.0075182286 0.002421705 0.0026224009 0.0070113055 0.124212526 0.00074826885 0.5260234 0.02500373 0.00028039594 0.0037410073 0.0001637945 0.00012904382 0.0075263814 0.000154452 0.47828966 0.0022564207 0.2515311 0.24078237 0.00042291448 0.00023282957 0.4054903 0.0012968492 0.13582183 0.008008461 0.005907392 7.183487e-05 0.3093259 5.1154697e-05 0.16472787 0.08336368 0.10339081 0.008958792 2.7827129e-05 1.87764e-05 0.18838622 0.0042655556 0.00705716 0.0023487664 0.00014655682 0.0012857905 2.8901068e-06 1.9296192e-06 1.8682626e-05 9.556134e-07 1.3419221e-05 9.220644e-06 1.1667481e-06 0.0011768297 0.18225124 8.080128e-06 6.473933e-05 0.00039975648 1.5012212e-07 1.4542447e-08 0.0036187852 3.2416901e-06 0.0074702003 2.2893968e-05 3.049192e-06 2.9407524e-06 6.055489e-06 7.322133e-08 0.015165515 0.0023159154 6.0508216e-07 5.3485615e-05 5.68192e-06 0.00023993236 0.005184568 7.178014e-09 0.00017828796 2.1560842e-07 2.787029e-05 1.0955357e-06 1.4269749e-07 0.00034824872 5.919387e-07 1.8517678e-05 6.222641e-06 8.255481e-05 5.6214973e-05 1.4729462e-05 0.0005180782 2.632052e-06
0.92494583 0.6204173 0.2682047 0.23246096 0.71237564 2.8575944e-15 0.97534597 0.8601766 0.02855176 0.5750219 0.5034711 0.755127 0.00065785396 0.27992257 0.045419376 0.04780224 0.17240214 0.2125911 0.046643496 5.0659117e-05 0.26562467 0.18618527 0.028274337 0.069271855 0.023818498 0.007340438 0.03544601 0.005358475 0.00077315874 0.10156487 0.00053262495 0.17686807 0.012336815 0.3140454 0.48453966 0.025011051 0.0025914882 0.050525926 0.008192432 0.0803245 0.0039670016 0.042919595 0.00022663927 0.088334754 0.00012110539 0.24834491 0.0051227366 0.0041711773 0.0137065 5.6590645e-05 7.696598e-05 0.08633759 0.017836178 0.009268553 2.7453432e-05 0.0017853468 0.009445174 4.37172e-06 1.4560419e-06 4.708557e-05 1.2024375e-06 9.359789e-05 3.8096184e-06 1.7909451e-06 0.0047171176 0.027318494 1.0909582e-05 0.00019155562 0.0053873304 6.429672e-08 6.984883e-08 0.012814856 1.8868549e-06 0.005176574 8.8680456e-05 3.816675e-05 4.8474963e-06 1.4359835e-05 2.7542254e-07 0.0010769678 0.0026626575 4.3303933e-07 0.00073672214 0.00014752412 1.0778833e-05 0.007263351 2.2318458e-09 7.979141e-06 5.1672934e-08 3.450914e-05 1.3840071e-05 1.020605e-07 5.0311664e-06 4.4582634e-06 4.3897476e-06 1.2852925e-07 7.9753096e-07 0.00060188916 3.8709177e-06 0.0014607081 1.4389509e-06
0.94386935 0.8007952 0.28652754 0.14655447 0.56344956 0.97534597 6.1962694e-16 0.7287685 0.013084761 0.7181936 0.2959197 0.57931435 0.0007449384 0.40693212 0.172962 0.113978624 0.09630013 0.6388899 0.15710856 4.0347433e-05 0.37890744 0.56266594 0.07136994 0.029147724 0.07606228 0.010218703 0.097840644 0.012862369 0.00036960957 0.105972216 0.00060620473 0.06675658 0.029069342 0.22536415 0.40847412 0.014837628 0.0051740203 0.015649265 0.013110972 0.02880766 0.0077148275 0.02733445 0.0005472588 0.01637482 0.00032392272 0.07627411 0.0025104308 0.0019124104 0.024726082 8.286132e-05 7.047455e-05 0.020944359 0.038771566 0.010625014 6.4919836e-06 0.0014669399 0.015824122 7.1777313e-06 2.9487032e-06 0.00018519965 1.4419277e-06 5.7251276e-05 1.1710482e-05 2.424702e-06 0.005630697 0.0034770204 4.437589e-06 9.1723145e-05 0.0030560566 2.0055558e-07 9.2444694e-08 0.0039319154 1.9458516e-06 0.00017513226 1.8286411e-05 0.00010756842 3.4635204e-06 2.280715e-05 1.0968012e-07 1.21618405e-05 0.0044549746 2.0645886e-07 0.0012233884 0.00012387345 1.674643e-06 0.008878633 1.7973346e-09 1.9081592e-06 1.0762048e-07 1.8285356e-06 2.3064256e-06 4.164616e-08 2.2905115e-06 8.628302e-07 3.3505802e-07 1.13135194e-07 7.489281e-07 0.0007254075 8.974337e-06 0.0010073222 5.383894e-07
0.9242851 0.5540233 0.30473405 0.36335236 0.8662601 0.8601766 0.7287685 5.947967e-17 0.073468775 0.25096652 0.90961075 0.949113 0.00077995757 0.04563587 0.006637025 0.006505085 0.561364 0.0075208573 0.0027377992 8.45987e-06 0.19404815 0.018193126 0.010142715 0.26992038 0.004029713 0.00091126346 0.0033918351 0.00036174429 2.6274036e-05 0.07472858 9.266153e-05 0.37692615 0.00107835 0.5169428 0.5565529 0.0047652465 4.27847e-05 0.15288942 0.0005352001 0.25252503 0.0008516669 0.03793644 5.636273e-06 0.28137997 6.6155258e-06 0.38368 0.015548833 0.014734261 0.0012345642 1.3517339e-05 1.4521155e-05 0.25565958 0.0012917995 0.0010362028 2.0502595e-05 0.0016022726 0.0003761576 5.1734395e-07 1.3524289e-07 1.5356767e-06 1.3000972e-07 2.9559065e-05 4.9309125e-07 9.6345346e-08 0.000174236 0.17931204 1.636766e-06 7.729265e-05 0.005402037 1.3324095e-08 2.6688831e-09 0.036926106 1.5516635e-07 0.03393988 2.1416428e-05 1.5548341e-06 4.097839e-07 7.800903e-07 2.5344079e-08 0.014040007 0.00040028788 8.87365e-08 1.9268251e-05 1.7106373e-06 7.848864e-05 0.00080172677 4.693853e-10 4.4599965e-05 3.903529e-08 3.3220888e-06 1.5279612e-07 1.2752089e-07 1.2479385e-05 5.835754e-08 8.432898e-05 6.7253893e-07 2.8021705e-06 1.2717803e-05 2.8811492e-06 9.403514e-05 1.0277851e-05
0.85181135 0.25911877 0.6783593 0.92680544 0.655465 0.02855176 0.013084761 0.073468775 5.5603656e-15 0.0003715209 0.445576 0.014050963 0.95103985 2.3422917e-05 0.32946432 3.4406712e-05 0.24518055 0.00049934356 0.0001174218 0.3766176 0.00021882224 0.031785004 0.00022028897 0.74828964 0.037320733 5.054248e-05 0.0006533389 2.1926895e-05 1.8255595e-06 0.00029582912 8.717152e-06 0.14960511 0.00053537264 0.005911602 0.0015502622 2.5228534e-05 1.8913652e-05 0.20777135 0.00044296062 0.0115776835 0.019822488 0.0002334292 3.2122448e-06 0.120411314 5.1455972e-06 0.0013936639 0.69896626 0.3056962 0.010094885 4.8832712e-06 2.6318437e-06 0.017667124 0.002637492 0.026716877 0.14554176 2.5172993e-05 0.0011206808 2.3697233e-07 6.5737915e-08 1.3057528e-06 3.649185e-08 6.898462e-07 4.2800675e-06 3.978464e-07 0.0006451791 0.0306853 1.736433e-06 1.4918388e-05 0.00013557095 4.1364334e-08 4.8856155e-09 0.00023860887 2.8293255e-07 0.0009409749 1.9618708e-06 7.4157634e-07 2.7236592e-07 1.4437607e-06 2.2249614e-08 0.017145565 0.0068614837 2.1600624e-07 2.2373357e-05 7.3673436e-07 0.00033931257 0.0014472842 2.5556095e-09 0.0008314309 5.995445e-08 7.250095e-05 3.2947386e-07 3.1028668e-07 0.007673399 6.417539e-09 6.2120904e-05 3.2234507e-07 5.7517427e-06 6.384704e-05 1.0046952e-06 0.00025511355 4.6581745e-06
0.9501486 0.018103326 0.00138039 0.0015199896 0.010808913 0.5750219 0.7181936 0.25096652 0.0003715209 3.016896e-16 0.011142971 0.32533258 1.1306552e-05 0.9750984 0.0042042183 0.81435937 0.0055054626 0.64050424 0.21589388 2.316179e-06 0.7609575 0.019784348 0.63068473 0.0013984969 0.003944236 0.40848213 0.07355381 0.51601356 0.01372389 0.45638567 0.05287378 0.010843594 0.018482903 0.16398312 0.47936448 0.46726757 0.018266937 0.0014403804 0.011675679 0.023812614 0.0020774289 0.2100365 0.0015969372 0.008352587 0.00052269205 0.15826015 7.952836e-05 0.00011433259 0.0022327905 0.00077403965 0.00041120482 0.021695426 0.011007571 0.0026760786 9.1325217e-07 0.03691961 0.011370313 1.9024092e-05 2.9188666e-06 0.00035292766 2.1366843e-06 0.01088113 0.0001753443 2.0475757e-06 0.0064523364 0.0024879733 0.00024621905 0.0020478326 0.03633616 1.5596362e-07 4.6563976e-08 0.03337021 1.8528638e-06 0.002007569 0.0015197381 5.237354e-05 2.8065272e-06 4.3104188e-05 8.569229e-08 8.013407e-05 0.0005797347 2.552324e-07 0.00071497646 0.00021271975 5.4097077e-06 0.0042745876 8.3886e-10 4.6545465e-06 4.590664e-08 9.709988e-06 2.8046331e-06 3.035969e-08 2.911577e-06 6.245057e-07 4.950516e-06 8.2677125e-06 3.6298006e-06 0.0006128275 1.7297481e-05 0.0013864405 2.9267437e-06
0.66365826 0.40845123 0.3341348 0.48795623 0.87408185 0.5034711 0.2959197 0.90961075 0.445576 0.011142971 7.169748e-17 0.90952164 0.013519202 0.0006199762 0.0077625774 0.00021872438 0.9772608 0.0011202635 0.00015412726 0.0004536593 0.002633256 0.004868366 0.00034082794 0.6366213 0.003906019 3.7337308e-05 0.0003862385 1.2881371e-05 2.8287428e-07 0.0022513135 4.465374e-06 0.38232782 0.0001228313 0.23974381 0.15335916 3.626083e-05 7.847603e-06 0.117264755 7.618583e-05 0.1146785 0.00086519675 0.002520694 3.355773e-07 0.18909001 3.5485562e-07 0.11230408 0.048627708 0.057387613 0.00079826574 2.325558e-07 2.724275e-07 0.12827513 0.00018424289 0.00093268487 0.0002711997 8.8440924e-05 0.0001171643 1.6221971e-08 1.6484128e-08 3.1368188e-08 5.165694e-09 3.2302452e-07 2.0516275e-08 1.34798945e-08 0.000104391904 0.09885744 4.567746e-08 1.0064372e-05 0.0009481873 1.399715e-09 1.5876518e-10 0.0041129817 1.4445276e-08 0.013517547 2.0986308e-06 1.1603607e-08 1.729391e-08 4.863388e-08 1.2069428e-09 0.020612068 0.00066075387 4.579415e-09 4.238827e-07 1.374147e-07 0.00038994514 0.00067772804 2.4550903e-10 0.0004328276 1.6603941e-08 5.8520036e-05 1.2976377e-08 1.8263222e-08 0.000106180945 3.388165e-09 0.00017233161 1.3713423e-06 1.4798896e-06 2.0845043e-06 4.5571056e-07 8.04441e-05 1.4965384e-05
0.8846052 0.25960055 0.0712703 0.09676612 0.587609 0.755127 0.57931435 0.949113 0.014050963 0.32533258 0.90952164 1.317285e-17 7.2843875e-05 0.08754975 0.0008721655 0.018800389 0.7035632 0.0064576087 0.0036520825 1.48989375e-05 0.3851042 0.0062195477 0.028173309 0.17786449 0.0008496461 0.0056764935 0.0027473918 0.0017214903 0.00024905012 0.25654846 0.0005712665 0.5855312 0.0006742054 0.76302475 0.781171 0.021246796 0.00011083134 0.15446539 0.00031565322 0.58186233 0.0008159267 0.15214124 5.891043e-05 0.41819835 2.4982432e-05 0.6194513 0.0048747053 0.007978323 0.0007473663 4.843774e-05 5.1075385e-05 0.45388564 0.0007156314 0.00036061002 6.0835155e-06 0.012019929 0.0004027166 4.3386012e-06 6.8229514e-07 1.1338081e-05 7.8694455e-07 0.00024792142 3.3862739e-06 3.6315924e-07 0.00012478203 0.2324276 4.606463e-05 0.00079660525 0.036914356 9.2312895e-08 1.71184e-08 0.124830805 1.0811607e-06 0.08625341 0.0002669404 6.765005e-06 2.1316876e-06 3.7423845e-06 2.1411853e-07 0.02244863 0.00041410714 3.5792812e-07 6.759417e-05 1.640494e-05 0.0002080983 0.00066490023 1.2836425e-09 8.112894e-05 3.28833e-08 7.3094566e-06 1.089044e-06 6.119665e-07 1.9706833e-05 5.1904595e-07 0.000725004 1.4541616e-06 5.0963063e-06 3.413443e-05 2.3603092e-05 0.00023373059 0.00041915354
0.9252129 0.05463774 0.30120742 0.417536 0.0508926 0.00065785396 0.0007449384 0.00077995757 0.95103985 1.1306552e-05 0.013519202 7.2843875e-05 6.3625456e-17 6.704314e-07 0.7417661 2.5190477e-07 0.023744036 9.51828e-05 3.163613e-05 0.96811396 1.6393069e-05 0.037123937 3.699474e-05 0.27106762 0.12814237 1.9929444e-06 0.0002061096 1.8579517e-07 5.617684e-08 1.8454e-05 3.5596038e-08 0.048510894 0.000307547 0.0012687192 6.878531e-05 1.6434635e-06 1.5063517e-06 0.047808163 0.00025443445 0.0015393102 0.13807563 2.8459183e-06 1.8533011e-07 0.019502604 1.2863742e-07 7.650517e-05 0.783773 0.18887512 0.031562984 4.780679e-08 2.6890024e-07 0.0010555468 0.001282213 0.3237821 0.27412853 1.07110985e-07 0.00022768498 2.7679306e-09 1.608354e-09 7.8561314e-08 6.1042393e-10 8.1531596e-08 1.8393067e-07 1.4325064e-09 5.4411896e-05 0.004930067 1.2717851e-07 1.5577253e-06 1.0186904e-05 2.0881594e-10 6.446608e-11 1.0618646e-05 3.4425185e-09 5.0885577e-05 2.3936656e-07 3.7748666e-08 1.4052576e-09 5.894642e-08 9.932713e-11 0.0066088773 0.04289639 4.2195762e-09 2.7341108e-07 1.3861608e-08 0.00013230724 0.00022528385 9.976199e-10 0.00064563 7.717531e-09 0.00020010692 7.727811e-09 2.115396e-09 0.030879647 4.759255e-11 2.655238e-05 1.8267508e-08 1.1032104e-06 4.2530946e-06 1.2796104e-07 8.584003e-06 2.1676088e-07
0.9102839 0.0017446504 0.00011850956 0.00014021408 0.0010775462 0.27992257 0.40693212 0.04563587 2.3422917e-05 0.9750984 0.0006199762 0.08754975 6.704314e-07 2.6500975e-18 0.0009048042 0.9770234 0.00052096025 0.7224567 0.34372187 4.7677733e-07 0.5820062 0.007127571 0.49722755 9.2957234e-05 0.0010660483 0.3538997 0.065308 0.4887444 0.05932219 0.27007014 0.3108938 0.00071052223 0.010748147 0.019891826 0.17213005 0.39595237 0.014515285 0.00016299076 0.0055886633 0.0037714185 0.00074799947 0.09055749 0.006471934 0.0004530411 0.0045687505 0.0294602 5.338576e-06 9.010966e-06 0.0008022897 0.003966321 0.0024259165 0.0026865448 0.007770221 0.0007544948 1.5315149e-07 0.014194536 0.0050323284 0.00016762137 1.3002311e-05 0.0006113203 1.5134284e-05 0.012973843 0.00034580298 3.5970224e-06 0.0035794866 0.00015031704 0.00023383267 0.0013514974 0.013245914 2.4201834e-06 4.2503314e-07 0.006477374 5.371321e-06 6.936329e-05 0.0011291457 0.00040367752 1.566816e-05 9.214583e-05 4.7250387e-07 2.1748117e-06 0.00027527247 1.7438692e-06 0.002164682 0.00039803656 6.2541875e-07 0.0018696948 3.2983538e-09 8.4913404e-07 6.8987976e-07 5.4865144e-08 1.0634527e-05 2.1148936e-07 1.9896058e-06 1.1046205e-05 7.0129937e-07 1.4251233e-06 8.5454985e-06 0.0010516061 1.4473774e-05 0.0012866994 4.168218e-07
0.89534813 0.7691493 0.8081943 0.2503043 0.10062456 0.045419376 0.172962 0.006637025 0.32946432 0.0042042183 0.0077625774 0.0008721655 0.7417661 0.0009048042 3.913383e-16 9.3726616e-05 0.0031910432 0.047524538 0.0139231905 0.3978519 6.269374e-05 0.6420846 0.00024821694 0.012326102 0.98574704 0.00011352857 0.06067316 3.509734e-05 2.0321619e-05 3.3065505e-06 6.024735e-06 0.0011621645 0.035751805 8.0636506e-05 0.0001290762 7.00377e-07 0.0026000014 0.0003065897 0.018357297 0.000116596275 0.6141839 2.0318757e-06 0.0005824974 0.00021564573 4.5330795e-05 1.6961025e-05 0.010103211 0.0008802782 0.44663617 2.5070274e-06 0.00010142453 3.201924e-05 0.075210646 0.43248522 0.004323406 5.3305047e-07 0.014256428 1.3386722e-06 2.8106629e-06 9.007233e-05 3.736213e-07 1.1523926e-07 6.389487e-08 3.7625641e-06 0.006740113 0.00066214224 1.7319765e-07 7.004184e-07 8.012593e-06 9.119632e-07 3.4368537e-07 1.6346314e-05 9.548866e-07 3.3329577e-06 3.8643266e-06 4.2553875e-06 8.6648066e-07 4.3865753e-06 3.7608096e-08 0.0006800086 0.06679866 4.449382e-06 0.00013156552 8.11892e-06 7.971181e-05 0.05343454 7.73075e-08 0.00015397227 9.1827116e-07 0.0001380104 9.005858e-07 1.3509553e-07 0.0016147809 2.037257e-09 7.927835e-06 1.4212483e-06 1.2095891e-06 9.550879e-05 2.7700316e-06 0.00015402104 2.0516579e-07
0.8602617 0.00025700804 2.8557562e-05 5.129094e-05 0.0006134005 0.04780224 0.113978624 0.006505085 3.4406712e-05 0.81435937 0.00021872438 0.018800389 2.5190477e-07 0.9770234 9.3726616e-05 3.7827218e-16 0.00023727595 0.13679954 0.07227571 5.385224e-07 0.590429 0.00056594156 0.8155016 2.9060691e-05 0.00020472048 0.77997476 0.016356973 0.9018075 0.16557458 0.22675215 0.5939059 0.00043683616 0.003491318 0.0061112386 0.052941944 0.5191246 0.007066579 0.00011676308 0.0021106275 0.0028420049 0.0007476126 0.076758385 0.003941164 0.0007222229 0.0020823558 0.024594309 2.4613382e-06 1.7322384e-06 0.0006054375 0.022288617 0.0128887445 0.0031898627 0.002012296 0.0003103046 3.4396015e-07 0.03330594 0.0024676116 0.0005642795 3.7993996e-05 0.00051952194 3.9987925e-05 0.048838113 0.00062865874 1.0536242e-05 0.0027408102 0.00010897474 0.0018763362 0.004800748 0.022584265 6.766528e-06 5.9656884e-07 0.010680249 2.4101053e-05 0.00020365551 0.004745682 0.00023974775 4.418617e-05 0.0001881441 1.3031764e-06 2.3393216e-06 0.000115253824 6.230016e-06 0.0012409332 0.00044536212 1.0442237e-06 0.0015659368 3.056203e-09 1.619792e-06 1.3825624e-07 8.5248996e-07 3.9311693e-05 1.189878e-06 1.1171231e-06 2.110234e-05 2.7003032e-06 1.2170334e-05 2.1336127e-05 0.00055093627 0.00021953376 0.0014562719 1.090002e-06
0.47101188 0.19835356 0.20969544 0.2708784 0.5907344 0.17240214 0.09630013 0.561364 0.24518055 0.0055054626 0.9772608 0.7035632 0.023744036 0.00052096025 0.0031910432 0.00023727595 3.7274123e-18 0.00033086704 6.513704e-05 0.001407138 0.0018521148 0.0006341996 0.00039304738 0.9784674 0.0019111359 7.211259e-05 0.00011289782 1.9225283e-05 5.197057e-07 0.0025045313 1.9358928e-05 0.80651623 3.164892e-05 0.4288803 0.16948876 4.735893e-05 4.5310285e-06 0.2883358 1.8662646e-05 0.38749933 0.0007396338 0.0033296032 9.757855e-07 0.46347824 2.236219e-06 0.19981627 0.09435441 0.20881027 0.00027626764 2.0458872e-06 3.1941393e-06 0.33557433 6.990191e-05 0.00067307247 0.00022363216 5.9900136e-05 3.573633e-05 1.0921855e-07 7.708443e-08 2.4375382e-07 2.4690632e-08 6.2487027e-07 1.8331565e-07 4.463049e-08 4.797466e-05 0.22356965 3.6049772e-07 1.4560524e-05 0.001982924 3.8561514e-09 1.8424919e-10 0.0073820855 3.317498e-08 0.016581602 2.344076e-06 1.4358822e-07 1.17250764e-07 3.8521048e-07 2.895167e-09 0.04094863 0.0005263707 1.7093431e-07 2.3753562e-06 1.0587304e-06 0.0007759768 0.0004121958 6.60644e-10 0.00085603073 3.7743483e-08 5.1214833e-05 1.3057048e-07 2.8852614e-07 9.4310504e-05 2.1013705e-08 0.00024016126 6.7411924e-07 5.043479e-06 3.2596051e-06 5.9214193e-07 5.623031e-05 5.7547415e-05
0.7652422 0.09725974 0.004481719 0.0017918883 0.0075182286 0.2125911 0.6388899 0.0075208573 0.00049934356 0.64050424 0.0011202635 0.0064576087 9.51828e-05 0.7224567 0.047524538 0.13679954 0.00033086704 2.9449516e-17 0.9931164 2.3272698e-06 0.022035008 0.40665442 0.026319673 7.4999596e-05 0.03293557 0.018388728 0.94031245 0.03752081 0.32269424 0.0045549967 0.17056042 0.00021700116 0.18349819 0.000913271 0.0075575006 0.010963146 0.50255966 2.3583112e-05 0.067128405 0.0002919585 0.007859171 0.00058261486 0.32931912 0.00028772693 0.1336929 0.0015883503 0.0001556469 8.597935e-05 0.05604138 0.0045842533 0.006639307 0.00025346113 0.12498462 0.007808969 2.4314381e-06 6.988005e-05 0.087695576 0.0015536462 0.0014564274 0.03215466 8.8783934e-05 0.00043769812 0.00019606813 0.00032119727 0.06338842 0.00028293917 0.00025209208 1.25957e-05 0.00026607068 1.0088887e-05 6.0662455e-06 0.003307964 0.00014953237 6.4113985e-05 0.00019414476 0.0039890623 4.0206305e-05 0.00063361414 2.5993353e-07 0.00028139487 0.003537111 8.2363595e-06 0.023412613 0.0058793854 5.1879164e-05 0.20259257 6.20236e-08 5.9816222e-05 9.0513464e-07 9.850631e-06 0.0001251202 1.8503405e-06 1.3159858e-05 9.4049574e-05 3.9312795e-06 1.0906773e-05 8.084228e-06 0.0042167027 2.4966783e-05 0.005871253 1.0933105e-06
0.90880203 0.015416792 0.00071752944 0.00061038503 0.002421705 0.046643496 0.15710856 0.0027377992 0.0001174218 0.21589388 0.00015412726 0.0036520825 3.163613e-05 0.34372187 0.0139231905 0.07227571 6.513704e-05 0.9931164 1.517724e-18 5.0177135e-07 0.0083660325 0.19673087 0.012042601 3.55712e-06 0.0049238764 0.014095752 0.90031385 0.025460104 0.4903755 0.0008196238 0.19687891 8.404809e-06 0.46214512 0.00014905682 0.0010871359 0.007596492 0.8233345 8.6487825e-07 0.24265255 5.733525e-05 0.006863375 4.3073407e-05 0.4295392 3.2442647e-05 0.22356097 0.00030051038 1.7621713e-05 8.40852e-06 0.084968045 0.012223107 0.010928598 7.886794e-05 0.3223337 0.0098440675 3.8084394e-07 9.897063e-06 0.29506615 0.005447166 0.004194297 0.110425845 0.0018927393 0.00067711214 0.00017402973 0.0015839629 0.23710626 1.642092e-05 6.2355415e-05 1.2555548e-05 4.318121e-05 0.0004626928 3.7744874e-05 0.00022688754 0.0021524655 1.669708e-05 8.693552e-05 0.054578505 0.0014986221 0.012624239 5.815243e-06 1.4938519e-05 0.00912722 2.5834077e-05 0.13997494 0.047796596 6.8750123e-06 0.45931938 2.194811e-07 2.0611922e-06 3.086153e-06 2.0966633e-07 0.0009830247 9.919079e-06 1.3340606e-05 0.0018736781 2.6826744e-06 2.9174905e-07 2.6992502e-06 0.033462223 1.5098891e-05 0.054505773 2.5981456e-07
0.9664408 0.0054889284 0.02395036 0.021353453 0.0026224009 5.0659117e-05 4.0347433e-05 8.45987e-06 0.3766176 2.316179e-06 0.0004536593 1.48989375e-05 0.96811396 4.7677733e-07 0.3978519 5.385224e-07 0.001407138 2.3272698e-06 5.0177135e-07 1.4754426e-15 3.2518367e-06 0.0015355758 2.0193782e-05 0.074277304 0.052226834 1.9650129e-06 4.4298213e-06 1.0615868e-06 1.7458028e-08 6.7877663e-06 6.879794e-08 0.006677009 8.037565e-06 9.287917e-05 1.6493288e-05 3.832536e-06 6.8330183e-07 0.011491852 7.967065e-06 0.00037938598 0.059341908 5.99558e-07 3.1446592e-07 0.004998281 1.5408383e-05 3.0569296e-05 0.8787291 0.09140088 0.008078734 6.488176e-08 1.1162072e-06 0.00041261938 1.0388525e-05 0.43731877 0.94619495 1.3594641e-06 4.057987e-06 8.240759e-08 2.089046e-08 3.0638523e-07 1.4803018e-08 1.0312799e-06 8.0090746e-07 7.9092956e-08 5.55865e-07 0.0019686136 1.5043842e-05 3.7991747e-05 7.928735e-06 3.4514602e-09 1.6462628e-09 1.163555e-05 1.4396757e-08 3.6273694e-05 1.3636784e-05 1.5878836e-08 9.364575e-09 6.995709e-08 9.528074e-10 0.016004538 0.08011417 2.2921197e-08 1.8145574e-09 6.783827e-11 9.898956e-05 8.914228e-06 1.08879e-09 0.0004117968 7.840125e-09 0.000395972 1.7892991e-10 9.487127e-10 0.23838042 6.1979367e-12 8.725311e-06 2.8857633e-06 1.5506907e-06 4.794449e-08 5.2768432e-06 1.951342e-07 1.9352974e-06
0.6110196 0.0046785967 0.00029847253 0.00041107502 0.0070113055 0.26562467 0.37890744 0.19404815 0.00021882224 0.7609575 0.002633256 0.3851042 1.6393069e-05 0.5820062 6.269374e-05 0.590429 0.0018521148 0.022035008 0.0083660325 3.2518367e-06 3.6877568e-17 0.0005122896 0.95375013 0.0001367212 5.5404067e-05 0.6039476 0.0035555651 0.3965457 0.0003144046 0.9813856 0.01362337 0.004181325 0.00083871215 0.094880864 0.4584054 0.7754559 0.00070179545 5.547291e-05 0.00046949196 0.018705538 0.00013982416 0.38228136 1.7594644e-05 0.000597634 3.6274076e-05 0.14617929 2.8671058e-05 1.0288197e-05 0.00017369198 7.211644e-05 8.1416336e-05 0.0056965374 0.00027130396 0.00013529765 4.1246944e-06 0.23167135 0.0003283495 1.8119854e-06 3.1863672e-07 6.1619626e-06 1.7953886e-07 0.008968473 4.3431137e-06 6.6504793e-07 0.000411784 0.0021542108 7.9888065e-05 0.010250209 0.09389649 3.509414e-08 5.9690737e-09 0.09619517 2.7994716e-07 0.013989619 0.006064531 1.6261719e-06 5.3636506e-07 8.505812e-06 2.2510509e-08 8.409865e-05 0.00011216013 2.3811182e-07 1.468689e-05 7.747194e-06 1.7424031e-06 0.00079895725 6.3387207e-09 1.8317367e-06 6.598199e-08 3.5699128e-07 6.950015e-07 3.8482676e-07 5.5570644e-07 1.0303804e-06 8.416311e-06 7.132008e-06 3.8725975e-06 1.856002e-05 0.00012700346 8.223539e-05 1.7201346e-05
0.9295587 0.8266365 0.5910914 0.102168046 0.124212526 0.18618527 0.56266594 0.018193126 0.031785004 0.019784348 0.004868366 0.0062195477 0.037123937 0.007127571 0.6420846 0.00056594156 0.0006341996 0.40665442 0.19673087 0.0015355758 0.0005122896 1.23206724e-17 0.00052225054 0.00036030854 0.7931225 0.00022676859 0.63410336 8.5135995e-05 0.00078899984 4.37176e-05 0.00018661782 0.00028240355 0.58401185 8.74781e-05 0.00063439773 1.2544836e-05 0.065885685 4.366439e-05 0.38971227 7.265336e-05 0.30376568 7.350953e-06 0.012484285 0.00033792495 0.00039649935 0.00020271495 0.00040982285 9.124051e-05 0.9436674 1.6363781e-05 6.084877e-05 0.00028483215 0.7696391 0.056913942 0.00010592152 2.1760688e-06 0.24912888 1.0860383e-06 7.6350267e-07 0.001177304 2.6047772e-07 6.261229e-07 9.1522526e-07 5.314921e-07 0.09274979 0.0011725575 2.3820323e-06 2.4530298e-05 0.00037921793 2.2400387e-07 2.5993154e-07 0.003798128 1.4153227e-06 0.00022035853 6.600412e-05 0.00019535738 5.8935825e-07 5.356934e-05 1.1115957e-08 0.00036041852 0.028613172 1.0962851e-06 0.005549648 0.0009885943 3.3377433e-05 0.44073555 9.200406e-08 0.0001833918 2.473462e-07 0.00070505874 8.857155e-06 5.457674e-07 0.00087481 9.3045753e-07 9.2536044e-07 3.4693338e-05 5.191066e-06 0.007324044 8.812012e-06 0.009078995 3.874291e-07
0.29211962 0.0003937482 0.00016473584 0.00026449555 0.00074826885 0.028274337 0.07136994 0.010142715 0.00022028897 0.63068473 0.00034082794 0.028173309 3.699474e-05 0.49722755 0.00024821694 0.8155016 0.00039304738 0.026319673 0.012042601 2.0193782e-05 0.95375013 0.00052225054 5.0828547e-16 0.00011372915 0.00014148059 0.9727256 0.004182336 0.85293084 0.0034849725 0.55119 0.08649893 0.00066047406 0.0010547886 0.0033716701 0.033815693 0.8535508 0.0012695496 9.554413e-05 0.00076975086 0.0023336797 0.00019866256 0.2014587 0.0002264969 0.00043969564 0.0004410177 0.015763627 2.353494e-05 1.4901183e-05 0.00036542682 0.00091867556 0.0004832173 0.0018241901 0.00040822043 0.0001380167 3.558574e-05 0.13753109 0.0008751111 6.505243e-05 1.6809883e-05 6.434951e-05 3.5237576e-06 0.043709453 0.00024775218 2.320401e-05 0.0008011596 0.00046251278 0.00117983 0.0094722165 0.039019987 2.1284231e-06 5.527434e-07 0.024238491 1.0075887e-05 0.002072286 0.01087945 1.3943073e-05 2.0131809e-05 5.1074894e-05 3.4827661e-07 6.285274e-05 0.00015799204 4.1843905e-06 7.182692e-05 5.495273e-05 3.7538332e-06 0.00094897527 1.0374229e-07 1.1864883e-05 2.0893767e-06 1.644885e-05 5.521183e-06 4.561791e-06 1.4540547e-06 8.788756e-06 2.566842e-06 4.334612e-05 5.055564e-05 6.705344e-05 0.0002863544 0.00036249612 3.8604844e-06
0.50332576 0.18875867 0.24057786 0.32288522 0.5260234 0.069271855 0.029147724 0.26992038 0.74828964 0.0013984969 0.6366213 0.17786449 0.27106762 9.2957234e-05 0.012326102 2.9060691e-05 0.9784674 7.4999596e-05 3.55712e-06 0.074277304 0.0001367212 0.00036030854 0.00011372915 1.2735695e-18 0.002403785 1.316016e-05 8.511322e-06 2.6278858e-06 9.640453e-08 0.00012845581 1.4030074e-06 0.8952242 6.213485e-06 0.038509697 0.0063957917 2.603939e-06 1.1586137e-06 0.8306572 3.6703884e-06 0.13760251 0.0011224259 5.0177478e-05 2.150802e-07 0.56118745 2.5888496e-06 0.03454249 0.649936 0.884946 0.00025022743 6.0521893e-07 2.8930492e-06 0.1968628 1.4640476e-05 0.0032116354 0.035670977 8.273309e-07 1.254096e-05 1.759096e-08 1.4617113e-08 1.8781395e-07 4.2111417e-09 5.2340305e-08 7.588269e-08 1.4814203e-08 9.934585e-06 0.33471483 9.805018e-07 4.537164e-06 0.00031886395 7.5801887e-10 4.3465707e-11 0.0028272718 1.3873881e-08 0.016901027 4.0009258e-08 5.9569636e-08 6.7481256e-09 2.2073236e-07 8.8100235e-11 0.1274778 0.001544168 2.1855337e-08 3.279885e-07 2.0104179e-07 0.0035196824 0.00018583602 5.356113e-10 0.0043514743 1.0487166e-08 0.00040069368 2.8678864e-08 2.1273425e-07 0.0029873648 4.3775e-09 0.00040065794 5.18947e-07 2.8700397e-06 1.547493e-07 1.4291703e-07 2.003367e-05 0.00018799237
0.88882 0.2817125 0.17662401 0.041450653 0.02500373 0.023818498 0.07606228 0.004029713 0.037320733 0.003944236 0.003906019 0.0008496461 0.12814237 0.0010660483 0.98574704 0.00020472048 0.0019111359 0.03293557 0.0049238764 0.052226834 5.5404067e-05 0.7931225 0.00014148059 0.002403785 1.1668461e-15 7.582985e-05 0.06372898 3.4698696e-05 3.5331814e-05 2.9494315e-06 1.0820802e-05 0.00031346543 0.065360725 0.00016303196 0.00036704534 2.3018988e-06 0.002503062 4.1494583e-05 0.024783824 1.758022e-05 0.856935 2.4817903e-06 0.00031906535 1.0318913e-05 6.7771805e-05 4.6935183e-06 0.0053105974 0.0008428441 0.81098396 9.357651e-08 5.380126e-07 2.6912924e-06 0.15437746 0.6064052 0.0021576085 7.719562e-07 0.013933564 9.4752544e-08 1.5463895e-07 6.168375e-05 7.581874e-08 2.1430606e-07 2.5489854e-08 7.19646e-07 0.0073492117 0.0001764094 2.5850292e-07 2.7967694e-06 5.279559e-05 1.751857e-08 1.518053e-08 1.4618347e-05 7.734407e-08 3.9525105e-05 3.8431167e-06 5.832878e-06 6.3169395e-08 6.1428443e-07 1.8225709e-08 5.5609195e-05 0.1690679 6.975337e-08 0.00028759195 3.0787523e-05 1.5491602e-05 0.17995313 9.538839e-10 4.1341602e-05 3.2097244e-08 0.00016348941 1.0123743e-08 1.922471e-09 0.0014507681 6.715547e-10 3.3849776e-07 1.6067307e-07 4.354691e-07 0.0011490702 5.0264737e-07 0.0004152336 2.2631182e-08
0.19144505 8.006953e-05 2.0792007e-05 4.73476e-05 0.00028039594 0.007340438 0.010218703 0.00091126346 5.054248e-05 0.40848213 3.7337308e-05 0.0056764935 1.9929444e-06 0.3538997 0.00011352857 0.77997476 7.211259e-05 0.018388728 0.014095752 1.9650129e-06 0.6039476 0.00022676859 0.9727256 1.316016e-05 7.582985e-05 2.455854e-17 0.0021424477 0.97615504 0.014963345 0.27507997 0.19662103 0.00021283013 0.00038927095 0.00072485954 0.011113769 0.90023464 0.0009605333 2.2147036e-05 0.00028573026 0.001252341 9.406357e-05 0.11439933 0.0006684855 0.00017683876 0.0011583111 0.008354256 2.5426973e-06 2.6603338e-06 0.00023226869 0.004101362 0.0019250226 0.0010743899 0.00030105052 1.9517536e-05 3.294621e-06 0.08059846 0.00041909842 0.00025014224 3.308833e-05 0.00028813057 1.5797434e-05 0.09719261 0.00034804284 1.833272e-05 0.0006117933 0.00017114566 0.0036740715 0.0067634247 0.027998466 3.8927597e-06 7.353298e-07 0.00853319 1.169643e-05 0.00019149572 0.009025187 3.7077745e-05 3.2976022e-05 8.035983e-05 5.855191e-07 1.1883727e-05 4.9447906e-05 9.42413e-06 0.0001822213 7.316281e-05 2.1799449e-06 0.00038951973 1.5559252e-07 5.2256173e-06 3.4211064e-06 4.8973203e-07 1.1511689e-05 8.886624e-06 8.4035617e-07 2.406153e-05 5.992379e-07 4.6681205e-05 4.3320957e-05 0.00010526988 0.00036820563 0.0002441807 3.9799326e-07
0.9462377 0.03628814 0.0042907475 0.001998222 0.0037410073 0.03544601 0.097840644 0.0033918351 0.0006533389 0.07355381 0.0003862385 0.0027473918 0.0002061096 0.065308 0.06067316 0.016356973 0.00011289782 0.94031245 0.90031385 4.4298213e-06 0.0035555651 0.63410336 0.004182336 8.511322e-06 0.06372898 0.0021424477 3.2720516e-15 0.004016423 0.08624765 0.0006569865 0.024198025 2.5690231e-05 0.9492701 0.0001341855 0.00062898104 0.0010953447 0.7103954 1.1655419e-05 0.5831252 6.7594745e-05 0.01704381 5.8653677e-05 0.17659709 6.271258e-05 0.027004626 0.000113411596 2.3431005e-05 8.04202e-06 0.11744831 0.0013240256 0.0017966975 3.8146518e-05 0.4910572 0.012651386 1.102727e-05 5.382136e-06 0.3850334 0.00030403212 0.0005284556 0.031893004 0.00018625689 2.1377595e-05 4.4150835e-05 0.00015963167 0.23257552 0.00018557056 5.1044003e-06 1.3916757e-05 0.0002783946 1.43706175e-05 1.1853008e-05 0.0014756626 0.00031927048 6.771683e-05 0.000107238186 0.0086549055 0.00019207937 0.0023977668 2.3779062e-06 1.4769805e-05 0.013950316 3.388708e-05 0.044448137 0.011853388 9.124887e-07 0.52488464 2.1822464e-07 7.3679307e-06 2.221656e-06 2.9447952e-05 0.00046883937 2.3610373e-06 0.000100896235 0.000112304195 4.7316703e-06 1.3036456e-05 8.222664e-06 0.016573878 3.3606652e-06 0.029482253 2.0168875e-07
0.43567964 2.775332e-05 6.5797626e-06 2.1621214e-05 0.0001637945 0.005358475 0.012862369 0.00036174429 2.1926895e-05 0.51601356 1.2881371e-05 0.0017214903 1.8579517e-07 0.4887444 3.509734e-05 0.9018075 1.9225283e-05 0.03752081 0.025460104 1.0615868e-06 0.3965457 8.5135995e-05 0.85293084 2.6278858e-06 3.4698696e-05 0.97615504 0.004016423 3.0591128e-17 0.09307026 0.18954575 0.590851 5.7337715e-05 0.00087611156 0.0004770289 0.006126294 0.91579527 0.0022465233 7.099752e-06 0.0005091099 0.001031284 0.00013210173 0.07191146 0.0015500662 4.571762e-05 0.0038043342 0.005893934 6.025938e-07 5.103195e-07 0.00018877891 0.038730014 0.016456507 0.00057768385 0.00029247045 5.4235545e-05 2.349864e-06 0.055538934 0.00042949783 0.0005942884 3.879216e-05 0.00035684108 5.2099993e-05 0.2796005 0.0010831557 2.2467886e-05 0.0004140726 6.8943584e-05 0.014228759 0.0050593773 0.012427807 1.1475135e-05 1.107391e-06 0.005246693 9.652606e-06 7.642962e-05 0.009650733 8.5266e-05 2.2984714e-05 7.3327945e-05 2.3768314e-06 1.4301813e-06 6.967197e-05 1.4184542e-05 0.0005335917 6.918663e-05 1.6718266e-06 0.00040294364 5.6747746e-07 2.524243e-06 1.3599264e-05 9.8265254e-08 1.5641332e-05 7.231157e-06 6.785607e-07 8.4924344e-05 1.2375328e-07 0.0004548743 6.658736e-05 9.552773e-05 0.0006636266 0.00026998195 1.205935e-07
0.97810143 1.7119308e-05 4.778104e-06 1.0763794e-05 0.00012904382 0.00077315874 0.00036960957 2.6274036e-05 1.8255595e-06 0.01372389 2.8287428e-07 0.00024905012 5.617684e-08 0.05932219 2.0321619e-05 0.16557458 5.197057e-07 0.32269424 0.4903755 1.7458028e-08 0.0003144046 0.00078899984 0.0034849725 9.640453e-08 3.5331814e-05 0.014963345 0.08624765 0.09307026 6.577542e-19 0.00025161653 0.9889984 1.1542861e-06 0.04281413 1.4707564e-05 9.347488e-05 0.02439225 0.517576 5.457981e-07 0.0648962 2.3860532e-05 0.0008946963 0.00011189283 0.513037 7.106516e-07 0.76319164 5.264169e-05 2.4462852e-07 3.3655516e-07 0.004789674 0.43528083 0.3680714 1.2041043e-05 0.021318125 0.0011775128 3.3746453e-06 0.00011618901 0.07019432 0.39229962 0.041633967 0.09074834 0.11529919 0.023808766 0.070370965 0.023122331 0.105100505 3.739523e-06 0.018693672 2.5642084e-05 7.966374e-06 0.0074402005 0.000140335 3.2976586e-05 0.011587819 8.214646e-06 0.00017862748 0.034252986 0.0049664006 0.01650321 0.0001628295 1.4758835e-05 0.0006841342 3.768779e-05 0.15218699 0.043029066 4.6983567e-07 0.034124535 2.2206169e-07 4.1062185e-07 1.1139841e-05 1.348936e-06 0.0025605846 5.076401e-05 3.6996394e-07 0.0035755695 7.151793e-08 0.0016544212 0.0002675189 0.055964828 2.1063093e-05 0.009363464 4.3179455e-08
0.31573898 0.0018368762 7.2157025e-05 0.00021966653 0.0075263814 0.10156487 0.105972216 0.07472858 0.00029582912 0.45638567 0.0022513135 0.25654846 1.8454e-05 0.27007014 3.3065505e-06 0.22675215 0.0025045313 0.0045549967 0.0008196238 6.7877663e-06 0.9813856 4.37176e-05 0.55119 0.00012845581 2.9494315e-06 0.27507997 0.0006569865 0.18954575 0.00025161653 2.4324612e-17 0.010044041 0.0056962497 5.927617e-05 0.22267775 0.7227049 0.9293102 7.226673e-05 3.7819675e-05 7.841906e-05 0.053368196 4.561036e-05 0.9383026 1.3610499e-05 0.00050754263 3.238898e-05 0.3253975 2.4109535e-05 9.419521e-06 9.183229e-05 0.00044989117 0.0002577407 0.0053924033 4.7937294e-05 8.0394944e-05 3.8544663e-06 0.73976177 7.539999e-05 7.966314e-06 1.1884231e-06 2.8612696e-06 4.763342e-07 0.030208012 9.796332e-06 1.5446304e-06 5.643941e-05 0.0030180067 0.00018895704 0.123807706 0.30197373 5.7027005e-08 6.3414296e-09 0.24135995 1.4353983e-06 0.035328843 0.0409719 1.3269986e-06 3.7112889e-06 8.127922e-06 3.656703e-08 0.00013146042 5.6982026e-05 1.2894565e-06 5.2005007e-06 7.6075944e-06 2.3757163e-06 0.0003215304 4.613088e-09 2.398925e-06 3.409404e-08 6.1717344e-07 1.4117247e-06 3.96257e-06 1.336452e-07 1.1773778e-06 5.289477e-05 2.7804515e-06 5.949424e-06 3.4198997e-06 0.0009352531 5.3100273e-05 0.00015001759
0.85325074 1.5168341e-05 2.205879e-06 1.2877956e-05 0.000154452 0.00053262495 0.00060620473 9.266153e-05 8.717152e-06 0.05287378 4.465374e-06 0.0005712665 3.5596038e-08 0.3108938 6.024735e-06 0.5939059 1.9358928e-05 0.17056042 0.19687891 6.879794e-08 0.01362337 0.00018661782 0.08649893 1.4030074e-06 1.0820802e-05 0.19662103 0.024198025 0.590851 0.9889984 0.010044041 4.0945758e-17 1.018497e-05 0.0066684717 0.0001806681 0.0014473015 0.27860382 0.096968666 2.7618883e-06 0.0058291275 0.0002281584 0.0004113741 0.004042695 0.16840738 8.419819e-06 0.22869699 0.000982284 1.1455376e-07 8.5588704e-07 0.0009704365 0.85994726 0.76655334 0.000108535816 0.0023073233 0.000108156804 1.248807e-06 0.004177505 0.0051579643 0.54292995 0.01943732 0.016406052 0.028796915 0.28489605 0.22575527 0.0009398638 0.0062731034 8.673872e-06 0.17542426 0.00031543444 0.00026889195 0.001461398 9.016446e-05 0.00062076637 0.0023158535 5.386341e-06 0.0049991244 0.008922874 0.0017766521 0.004361408 0.00017335969 4.6719458e-07 0.00016594795 0.00014179072 0.01316434 0.007969103 8.5183046e-08 0.0046473504 2.1566875e-08 2.0896039e-08 8.014878e-06 6.591102e-07 0.0004935528 5.1059993e-05 4.7229163e-09 0.0013621505 6.2109637e-09 0.006913489 0.00047515758 0.0055270973 0.0003111999 0.003880519 1.04638085e-08
