1.26425614e-26 0.23953004 0.41923845 0.709493 0.85567427 0.8664042 0.8017815 0.82465285 0.8925688 0.8041876 0.69822574 0.822033 0.5705464 0.98300505 0.13710113 0.5799178 0.93558866 0.92574817 0.9352582 0.2736132 0.18702902 0.908718 0.91048515 0.86490315 0.72357345 0.75885284 0.88454324 0.7645004 0.99592876 0.45478252 0.9341545 0.92758346 0.19592611 0.97211254 0.952189 0.87906915 0.11348631 0.9412831 0.2817589 0.87480426 0.97784543 0.8790366 0.15681675 0.98852503 0.3541253 0.37582865 0.85026014 0.7864604 0.97303134 0.941718 0.22042485 0.8483182 0.07806487 0.79931563 0.5220165 0.95726025 0.992207 0.866045 0.029147001 0.9241579 0.042142473 0.007451196 0.020491138 0.9689831 0.0018311655 0.04556765 0.03361964 0.0016311285 0.06666969 0.14214711 0.8886241 0.0026230097 0.00023569432 0.00080139266 0.21964954 0.9913341 3.9349463e-05 0.00014146656 0.93048596 0.41696995 0.19625296 0.0005013177 0.41820726 0.60126626 0.0059711467 2.6968637e-05 0.03255587 2.1566939e-06 0.999804 0.027884409 8.915486e-06 0.9157795 4.357152e-06 0.943217 0.0012456819 0.67436904 0.99998075 0.87655616 0.9947293 0.9815297 0.12434263
0.23953004 4.808515e-16 0.8718368 0.98005724 0.7143173 0.55430776 0.6533891 0.06604354 0.007897225 0.013731779 0.0063083246 0.012204947 0.042066574 0.09083218 0.24904612 0.14276552 0.0007004388 0.0011895428 4.4588993e-05 0.022505654 0.049170967 4.55119e-05 0.00015240007 3.035574e-05 0.000115299124 0.00010524789 0.00039453528 0.06286315 0.27094755 0.077246085 5.331758e-06 3.400124e-06 0.019577783 1.3201314e-05 0.004033718 0.02801025 0.007877154 0.021054585 0.00028639508 3.5008713e-07 0.008997811 4.897383e-08 0.0012539508 2.01339e-05 5.2815824e-07 8.222817e-07 1.742015e-07 3.446081e-08 0.017819386 1.0092646e-06 4.313902e-05 1.8562089e-07 0.038845584 3.3772757e-08 4.307515e-08 1.453257e-07 0.005800591 2.5201024e-07 1.0225491e-06 2.680796e-07 2.9454074e-07 0.0003977264 7.5762146e-06 6.3174575e-08 2.5818683e-05 2.1445662e-06 2.990426e-06 1.358005e-06 3.822618e-06 1.4024824e-05 1.3297077e-07 1.1517757e-06 0.00021889736 7.179796e-05 8.862448e-07 0.00019705713 2.6628388e-06 1.3421403e-06 7.914324e-07 1.6312496e-06 6.759504e-08 1.7440664e-07 8.259559e-09 2.6187765e-08 2.1383302e-07 1.2246793e-05 4.9827463e-07 3.0088e-06 0.0004481385 2.2378744e-08 8.2681504e-07 1.3618471e-07 3.1044488e-06 5.366966e-07 3.6276464e-07 2.080098e-06 0.00029979876 1.7417252e-06 9.3558543e-07 3.5045326e-07 1.3878248e-08
0.41923845 0.8718368 3.3300461e-18 0.52945936 0.9790965 0.28567514 0.6751719 0.56963605 0.17423253 0.14695944 0.15578432 0.2607148 0.26575443 0.30676803 0.19491798 0.06758254 0.0014823334 0.0020248871 0.0001792235 0.12850353 0.16192158 0.00014095455 0.00044703254 0.0001039748 0.0002198866 0.00015568848 0.0071663605 0.112624146 0.16974054 0.15296176 3.7889495e-05 8.896282e-06 0.08925595 3.9859762e-05 0.009302313 0.038903274 0.04789991 0.032947514 0.0021412896 1.0254221e-06 0.016609788 1.5335583e-07 0.009787657 0.00015864111 2.315321e-07 6.924016e-07 3.246193e-07 3.5834052e-08 0.011277547 7.129648e-06 5.6567555e-05 2.9615595e-08 0.10228728 6.442635e-08 4.5383064e-08 7.5470916e-07 0.005558952 2.0250208e-07 3.1316513e-06 4.612985e-08 4.7216602e-07 0.0029569105 0.0008072388 8.654396e-08 0.00034095132 2.3607652e-06 5.14157e-06 4.9580385e-06 0.00017343377 3.3595982e-06 7.132667e-08 5.750254e-07 0.00012682733 8.406873e-05 2.2213878e-07 0.00050595123 1.4509174e-06 8.593347e-06 3.3206225e-06 1.4919902e-06 3.3135013e-08 2.9214107e-07 1.2504206e-08 1.6852328e-08 1.2648732e-06 5.1299012e-05 9.3056036e-07 1.473856e-06 0.00081881986 2.3254282e-08 4.6490433e-07 8.2657687e-07 6.7371075e-06 1.3541614e-06 2.431118e-06 9.101607e-06 0.0007472313 6.2774957e-06 9.188043e-06 1.0690999e-06 5.0456194e-08
0.709493 0.98005724 0.52945936 1.06026694e-16 0.7946629 0.8404102 0.5788326 0.00422545 0.00017792582 0.0014203351 0.00028395205 0.0018696977 0.034253422 0.034410316 0.63283604 0.7323501 2.8414806e-05 4.968582e-05 4.272574e-07 0.029322661 0.07278513 3.285786e-07 2.39408e-06 3.324385e-07 4.366904e-06 2.2790919e-06 0.0002483353 0.030812433 0.5062648 0.3692505 7.045227e-08 2.9453863e-08 0.06877341 4.1393315e-07 0.00073880726 0.01300648 0.015709052 0.009355377 0.00039726828 1.055457e-08 0.0030722632 3.5419527e-09 0.0012733011 1.056883e-05 4.8487447e-08 7.7452725e-08 5.9297087e-09 5.0565614e-09 0.008995534 2.5193836e-07 1.625e-06 1.30380275e-08 0.13217077 4.5981805e-09 3.5457783e-09 1.7110474e-07 0.003974877 3.149342e-08 7.575821e-07 1.9949143e-08 8.4882835e-08 0.0004911886 2.044132e-06 1.8674509e-08 1.827515e-05 1.848247e-06 9.552354e-07 1.0736364e-06 2.6473451e-06 1.8788338e-06 7.292902e-09 4.4200733e-06 0.0013834046 0.00028816002 3.170255e-08 1.904653e-05 5.9067747e-06 7.234982e-07 3.32812e-08 8.418117e-08 1.6148031e-09 4.0082586e-08 1.6078931e-10 7.514058e-10 7.543418e-08 2.1150292e-05 5.323578e-08 2.393579e-05 6.2540625e-05 1.6646488e-09 4.3164204e-07 1.4300714e-09 1.0714352e-06 1.3489617e-08 3.5941363e-07 1.166506e-07 0.00033739296 6.891114e-08 4.6232817e-08 1.3850402e-08 9.111676e-11
0.85567427 0.7143173 0.9790965 0.7946629 2.6813487e-16 0.1974565 0.47942415 0.43080047 0.16871147 0.08565835 0.32533774 0.6827876 0.77213585 0.12598838 0.6409705 0.36983976 0.00024968295 0.00062548445 5.6867746e-05 0.47423792 0.594609 1.7832255e-05 0.00010486687 1.8481844e-05 0.00010615564 5.083087e-05 0.0283925 0.104604036 0.15241401 0.5125232 3.2965536e-06 2.7027145e-06 0.4389983 1.775076e-05 0.0019474995 0.025645018 0.37076205 0.011399205 0.0063472274 5.242721e-07 0.005985183 1.309818e-07 0.14785643 6.632574e-05 5.988506e-07 8.172525e-07 2.553025e-07 8.567726e-08 0.0075824466 3.3422073e-06 9.944155e-05 5.8127142e-08 0.47559884 1.472859e-07 6.039369e-08 4.1968374e-07 0.0042054756 2.2297016e-07 3.626892e-05 1.2198372e-07 1.9067929e-06 0.020827621 0.00440217 9.709283e-08 0.0027282296 4.2197353e-06 1.5440539e-05 0.0004340286 0.0008580136 5.7567536e-06 9.0824884e-08 1.7538756e-05 0.001086874 0.0019543825 2.8413612e-07 0.00020455927 8.049525e-06 0.0014364356 6.7233304e-07 5.90422e-07 9.3452016e-08 2.662933e-06 2.8716906e-08 3.009632e-08 4.4025805e-06 0.0003065368 3.270469e-06 2.0190066e-05 0.0033074273 3.161168e-08 1.4702929e-06 6.3347693e-07 5.1494633e-05 1.5563398e-06 1.9198696e-05 6.2390827e-06 0.0017613516 9.072499e-06 9.686634e-06 8.4185945e-07 3.2324934e-08
0.8664042 0.55430776 0.28567514 0.8404102 0.1974565 5.345516e-15 0.98021233 0.037247874 0.003756799 0.01600013 0.0044801435 0.012268455 0.012563196 0.09502433 0.16398036 0.20029531 0.0004671951 0.0013808114 6.693339e-05 0.006705287 0.008971407 3.7904312e-05 0.00011581422 1.8373974e-05 3.1558142e-05 2.4172596e-05 0.0003476834 0.24280491 0.9223339 0.036346227 7.9078507e-07 5.01153e-07 0.00346475 1.7868857e-05 0.0066164644 0.079615355 0.00095921423 0.058099307 0.00021719949 1.7589106e-07 0.020821411 7.4389014e-08 4.6242894e-05 4.551477e-05 1.6428648e-06 2.208723e-06 5.864162e-08 8.707891e-09 0.046607174 1.1496148e-06 3.867569e-05 1.3975075e-07 0.007072931 9.564951e-09 1.6670104e-08 3.6680476e-08 0.01198097 2.305761e-08 1.1338541e-06 2.858695e-08 4.4232462e-07 0.0002287532 1.199417e-05 3.61e-09 5.7534027e-05 2.040336e-06 1.0212023e-06 4.2695497e-06 0.00012197902 6.783967e-06 1.8272978e-08 4.917414e-06 0.0014536812 0.00020546158 1.5192654e-06 5.3466596e-05 6.391097e-06 7.588384e-08 4.1174864e-08 1.0746096e-06 3.4257604e-07 2.6671046e-07 3.597447e-10 3.8755292e-09 6.221024e-07 1.658591e-05 2.986748e-07 2.0462045e-05 0.00010938154 4.1789306e-08 7.534865e-07 3.911099e-09 7.499608e-07 9.457479e-10 4.7934e-07 2.6763525e-08 0.0012240787 4.6326183e-09 5.6377427e-09 7.1322144e-09 4.117125e-08
0.8017815 0.6533891 0.6751719 0.5788326 0.47942415 0.98021233 7.9482234e-15 0.27166307 0.026059031 0.083346985 0.023356056 0.06498179 0.06700964 0.8427334 0.13661924 0.10151378 0.0016361075 0.005647643 0.00015254054 0.020049816 0.041420843 0.00016234959 0.00030670667 0.00011388544 0.0002736645 0.00023594215 0.00084004144 0.5253507 0.64226246 0.035436884 3.4291108e-05 2.2338116e-05 0.010557266 3.8183098e-05 0.023744533 0.21243913 0.0032626817 0.15007354 0.00045489363 1.4555934e-06 0.05813418 2.81186e-07 0.00036490796 0.00027639864 3.4722518e-06 1.0909941e-06 4.400933e-07 7.724603e-08 0.10336539 2.122376e-05 4.4065186e-05 1.6897704e-07 0.0043706745 2.8325843e-07 7.0670836e-08 5.4733056e-07 0.03075672 6.247142e-07 4.630801e-06 2.1184263e-07 3.9628478e-07 0.00014045498 4.1787553e-06 6.918916e-08 1.6449447e-05 1.0878192e-06 2.3205082e-06 3.208311e-06 6.0534887e-05 1.7738704e-06 2.1174183e-07 1.1286487e-06 0.0005250862 0.0003401144 3.5123136e-08 0.00053836143 2.7591136e-06 2.9129336e-07 2.106939e-06 1.4995227e-07 2.5145361e-08 2.5980245e-07 7.0328317e-09 1.2557217e-08 1.4269993e-07 3.6446727e-05 2.1246743e-07 2.2194113e-06 0.0007186468 9.593746e-09 2.1616675e-07 2.5291395e-06 1.8967995e-06 6.172829e-07 3.0067818e-07 8.883506e-06 0.0032633427 1.6312293e-06 2.361186e-06 2.6932823e-06 1.4751102e-08
0.82465285 0.06604354 0.56963605 0.00422545 0.43080047 0.037247874 0.27166307 4.8820746e-17 0.8309775 0.9838825 0.57812095 0.6025065 0.46025518 0.8310744 0.012546272 0.001620492 0.18705948 0.17197219 0.0093965 0.18770172 0.07952772 0.0006846597 0.0020610213 0.0006025735 0.0099303005 0.0009529979 0.24634327 0.079701364 0.054903835 0.023926638 0.00018313089 2.779647e-05 0.022182746 0.00033620888 0.07592697 0.024759514 0.043063506 0.035564493 0.024446098 5.5392784e-06 0.05701708 8.918832e-07 0.03034073 0.0022498604 1.2998915e-05 1.597213e-05 3.1112688e-06 1.0925903e-06 0.018226815 2.984396e-05 0.0014706268 1.1286131e-06 0.005864476 2.0173945e-06 1.1768368e-06 5.917679e-06 0.012827224 2.9509815e-06 8.4578096e-05 2.9810337e-07 1.1528983e-05 0.00036718958 0.0091746645 1.3363763e-06 0.00031795725 2.5558633e-05 2.9007002e-05 0.0001427203 0.007885211 8.255588e-06 1.1824849e-07 4.6022374e-06 6.3716957e-06 0.00019255253 5.691999e-07 0.0018641489 7.793219e-06 1.9202158e-05 1.1636816e-05 1.4155737e-06 8.701254e-08 6.3622656e-06 3.4935123e-08 2.2471172e-08 1.0674261e-06 5.406703e-05 5.535611e-07 4.0099912e-06 0.0018501086 2.2384548e-08 8.0644e-06 9.715499e-06 9.665327e-06 1.4460143e-05 2.8537377e-06 6.4856154e-06 0.0028393243 7.727477e-06 0.00010205179 1.3879048e-05 9.266673e-09
0.8925688 0.007897225 0.17423253 0.00017792582 0.16871147 0.003756799 0.026059031 0.8309775 6.0143128e-18 0.7773837 0.9661785 0.8386954 0.569746 0.39776808 0.0047607906 0.00012093735 0.45526248 0.1337546 0.25052217 0.27389386 0.08040973 0.004123533 0.00532941 0.0019530682 0.09430409 0.016004646 0.608224 0.013536355 0.009613435 0.007973847 0.00081903813 0.0001157356 0.017330451 0.00084036356 0.041437186 0.0049404167 0.06899078 0.005751568 0.16175234 6.117568e-06 0.019492146 2.5335044e-06 0.14933515 0.0032228774 0.000111772846 9.347756e-05 2.4949727e-06 1.5901887e-06 0.0034484784 5.41513e-05 0.028090239 1.15021085e-05 0.036837325 2.663263e-06 2.1013423e-06 1.4667497e-06 0.0033138902 3.9391493e-06 0.017145999 1.0162562e-06 0.00035839865 0.004286831 0.17000054 8.188588e-07 0.0059919623 0.00010831546 9.010309e-05 0.0020825595 0.22103567 3.4687382e-05 2.1488357e-07 0.000103430575 8.448417e-07 5.727888e-06 7.911072e-07 0.0006549109 1.0644658e-06 0.0002543083 1.2508184e-05 3.705524e-06 6.24948e-08 0.001046394 2.4736488e-07 9.543016e-08 4.426975e-06 0.0002757912 9.478531e-07 2.77678e-07 0.0006132271 7.900038e-08 2.5333677e-05 5.997636e-06 0.00020842899 1.3559313e-05 7.5263742e-06 5.1449624e-05 0.00048963283 2.0598589e-05 3.481581e-05 9.234954e-06 2.9124434e-08
0.8041876 0.013731779 0.14695944 0.0014203351 0.08565835 0.01600013 0.083346985 0.9838825 0.7773837 2.8513412e-17 0.39813116 0.37129256 0.1548824 0.8971448 0.002492199 0.00029530987 0.7090961 0.5603883 0.1151311 0.07750549 0.014752526 0.019586671 0.028863393 0.01008911 0.032398198 0.0066838893 0.36734334 0.06845544 0.059613608 0.0021022246 0.0025407923 0.0007595307 0.0037738 0.0022028561 0.16533548 0.026602363 0.008541653 0.03030141 0.05970201 6.032413e-05 0.06320681 1.0252691e-05 0.012916172 0.013005835 7.41136e-05 7.8178695e-05 1.6505783e-05 6.2264994e-06 0.019147934 0.00015935636 0.00932841 2.1351128e-05 0.00083896855 3.4036184e-06 4.331127e-06 9.397961e-06 0.013445739 8.903301e-06 0.0012635561 2.155892e-06 7.290976e-05 7.177871e-05 0.014911854 3.2401538e-06 0.00012171791 8.008892e-05 7.3983516e-05 7.8597106e-05 0.040785242 2.1994376e-05 6.0563116e-07 7.904274e-06 3.058679e-07 2.883975e-06 3.1424781e-06 0.005857065 1.2853851e-06 7.3868773e-06 0.00013067495 3.0242109e-06 1.3650275e-07 1.3053724e-05 1.5701936e-07 9.716064e-08 9.577255e-07 1.6188707e-05 1.8074961e-06 3.139026e-07 0.0029465794 2.2051005e-08 8.315117e-06 2.8752462e-05 2.2707532e-05 3.5535988e-05 1.739846e-06 2.1325448e-05 0.0025910337 1.0903852e-05 0.0001660803 7.6098906e-05 9.752858e-09
0.69822574 0.0063083246 0.15578432 0.00028395205 0.32533774 0.0044801435 0.023356056 0.57812095 0.9661785 0.39813116 4.1885066e-19 0.9516821 0.6804313 0.17377259 0.0097413985 0.00017186189 0.06472466 0.01615314 0.02797952 0.3277167 0.1465259 0.0004884859 0.0010964447 0.00026982237 0.02535838 0.0031810482 0.43848372 0.010224732 0.011421424 0.023792831 0.00015608408 1.8531846e-05 0.03764723 0.00011324298 0.013270462 0.0033885532 0.10613227 0.0046152584 0.092956804 1.4077091e-06 0.010699416 9.558614e-07 0.1989585 0.00038824085 1.9424191e-05 1.2808129e-05 8.08754e-07 5.9672635e-07 0.0024903137 8.994696e-06 0.004577541 1.4041466e-06 0.06936045 9.186776e-07 3.400774e-07 3.5550497e-07 0.0028056991 1.4804714e-06 0.0029850937 2.5720578e-07 4.6008656e-05 0.008111707 0.10924308 4.340068e-07 0.005333259 1.5002251e-05 2.2056485e-05 0.0016200694 0.11701951 1.1372616e-05 8.633903e-08 1.1172845e-05 1.5961186e-06 1.0159311e-05 1.8730559e-07 0.00022228113 1.7132413e-06 0.0001737243 3.2354972e-06 6.4817726e-07 3.9402497e-08 0.00044151256 7.2730685e-08 3.295224e-08 9.003145e-07 0.00012463894 3.524233e-07 5.1637295e-07 0.0002444085 4.3828322e-08 3.3660378e-06 6.127778e-07 8.237731e-05 1.5439176e-06 3.2994349e-06 2.1678363e-05 0.0003598604 3.9171446e-06 1.5341871e-05 2.9667185e-06 1.8233983e-08
0.822033 0.012204947 0.2607148 0.0018696977 0.6827876 0.012268455 0.06498179 0.6025065 0.8386954 0.37129256 0.9516821 4.7162964e-18 0.9728751 0.13101123 0.021419415 0.00053788646 0.017872369 0.0058224797 0.0049899057 0.6656693 0.37704867 0.00015620052 0.00036719642 0.000100379126 0.009358876 0.0007488817 0.40942037 0.014291337 0.013061931 0.10818421 7.993158e-05 7.505122e-06 0.114126116 8.483506e-05 0.0071610827 0.0047711516 0.22884299 0.006111778 0.07782072 7.5469256e-07 0.009097521 5.659425e-07 0.35759422 0.00014604672 7.1624554e-06 5.9549025e-06 4.4623195e-07 4.987153e-07 0.0029813736 1.011924e-05 0.0015964797 8.551698e-07 0.14939997 1.2065568e-06 4.0399905e-07 7.947635e-07 0.0029836863 1.3422977e-06 0.001359918 4.481297e-07 3.5257628e-05 0.022924438 0.11087159 2.8535078e-07 0.014873826 5.121525e-06 1.0717669e-05 0.003766546 0.087473035 5.3363824e-06 1.3267473e-07 1.7572493e-05 1.7807393e-05 0.00060428266 5.824945e-08 0.00021071121 1.6084776e-06 0.00044231472 4.433033e-06 3.956632e-07 1.2291904e-08 0.0005115101 1.2699914e-07 9.417149e-08 1.0080399e-06 0.0005014081 3.6746138e-07 9.273516e-07 0.00064050854 1.729203e-08 4.7100866e-06 1.1197747e-06 8.349656e-05 1.8701368e-06 3.0533383e-06 5.7204987e-05 0.0008274138 9.809438e-06 3.380529e-05 9.962983e-06 5.766512e-08
0.5705464 0.042066574 0.26575443 0.034253422 0.77213585 0.012563196 0.06700964 0.46025518 0.569746 0.1548824 0.6804313 0.9728751 2.463998e-18 0.03611484 0.08838508 0.0017354663 0.0054895007 0.0012521768 0.0008311134 0.97164315 0.7160903 7.0279515e-05 0.00010456946 3.637138e-05 0.0012622848 8.698188e-05 0.119932495 0.008233879 0.012435045 0.1931747 8.219203e-05 1.4052074e-06 0.25170732 7.3885126e-06 0.0027167485 0.0020245663 0.3626494 0.0014375636 0.032993384 2.4293647e-07 0.0024710365 7.708693e-08 0.37576017 1.8353398e-05 4.9927354e-07 1.6157011e-07 8.915451e-08 7.5485566e-08 0.001469005 2.4556734e-06 0.00017944789 2.7742429e-08 0.21565026 1.8922094e-07 3.9790844e-08 1.3669035e-07 0.0016719551 2.868134e-07 0.00016391982 4.5071392e-08 3.9437277e-06 0.035982683 0.065445475 1.509147e-08 0.0141420765 4.942074e-07 9.68518e-07 0.002389809 0.024030298 3.434698e-07 1.623138e-08 7.3090177e-06 0.00023598556 0.0023877528 4.881704e-09 5.4133332e-05 1.1589602e-05 0.0009429098 3.4032757e-07 1.2521336e-07 4.6040402e-10 0.00030819792 1.911627e-08 3.736904e-09 1.5117189e-07 0.0008894077 9.709079e-08 2.608209e-06 0.00044477914 7.2475155e-09 7.9094576e-07 3.4714483e-07 0.00013679815 8.489422e-07 3.258525e-07 4.227403e-05 0.0006312887 1.4247217e-05 2.0882253e-06 4.114127e-06 2.5935893e-08
0.98300505 0.09083218 0.30676803 0.034410316 0.12598838 0.09502433 0.8427334 0.8310744 0.39776808 0.8971448 0.17377259 0.13101123 0.03611484 1.3205753e-17 0.005685563 0.0005017781 0.22056657 0.82272863 0.0051918193 0.010234883 0.0040013255 0.0016087225 0.01929798 0.0011594263 0.0015976997 0.0004013467 0.008273033 0.7137403 0.2618879 0.00033813948 0.00040357225 0.00019507087 0.0006977573 0.0009968407 0.56845397 0.33703178 0.0008796223 0.38232303 0.0014296796 1.241036e-05 0.43650684 5.5853565e-07 0.00023407144 0.007504518 2.0135685e-05 7.0375318e-06 1.8266202e-06 7.7059104e-07 0.16900821 5.573991e-05 0.00019033284 3.7315644e-06 0.0003595057 1.5483487e-06 4.234944e-07 4.7637855e-06 0.06344264 1.1200278e-06 1.4365685e-05 9.027304e-07 1.0259724e-05 4.58063e-05 0.0003318071 3.375564e-07 1.5350404e-05 3.190071e-05 5.9428894e-05 2.9868765e-05 0.0018297097 5.207392e-05 8.3756426e-08 1.0077358e-05 1.3068722e-05 0.00024777796 4.178401e-06 0.0049133995 8.368489e-06 7.5046282e-06 2.4815454e-05 1.1246019e-05 2.534363e-07 7.0381357e-06 1.2281751e-07 4.6979423e-08 4.995381e-06 1.990499e-05 5.788761e-06 5.3191175e-06 0.031657446 3.7227778e-08 1.095578e-05 0.00010336025 1.4859122e-05 1.1950386e-06 8.974689e-06 5.942104e-06 0.052466694 1.1711235e-06 4.937364e-05 0.00015356987 2.7304456e-08
0.13710113 0.24904612 0.19491798 0.63283604 0.6409705 0.16398036 0.13661924 0.012546272 0.0047607906 0.002492199 0.0097413985 0.021419415 0.08838508 0.005685563 3.0198681e-15 0.9973518 4.3807162e-05 0.00017593343 6.4004107e-06 0.07924928 0.50206923 1.0269523e-05 7.232782e-05 3.9700103e-06 1.9981124e-05 2.7247348e-05 0.00029470725 0.007323852 0.10282158 0.96004695 5.3496126e-07 5.8150016e-07 0.21376266 8.5082013e-07 0.00029826708 0.0026925765 0.029820153 0.002176041 0.0003375278 2.6314908e-07 0.0006083131 4.7549342e-08 0.004285226 9.034104e-06 1.98105e-06 2.0530547e-06 9.6719646e-08 7.6631885e-08 0.0033514572 5.7180773e-07 2.0403351e-05 3.749881e-07 0.24867955 3.7341684e-07 9.757199e-08 2.0230172e-07 0.0022840693 8.0737226e-07 3.7009506e-06 9.943898e-07 2.541867e-07 0.003167489 0.00021037868 1.6213134e-07 0.00054472877 1.7716e-06 2.9392638e-06 7.884008e-06 9.113837e-06 3.9452007e-05 2.7352464e-06 4.1962292e-07 0.0010769083 0.00091857085 8.7657736e-07 0.00034198494 1.1702811e-05 7.390299e-05 1.369506e-06 1.9659333e-06 1.1525464e-07 2.3937338e-07 5.515534e-07 5.1244444e-07 2.6178627e-08 8.592623e-05 2.0217724e-06 6.5645763e-06 0.0002712512 2.4091815e-07 6.502386e-08 5.4351027e-08 6.943162e-06 1.18513334e-07 2.1539958e-07 0.00016764217 0.00018143127 8.983697e-06 5.603983e-07 6.67077e-08 1.7148523e-07
0.5799178 0.14276552 0.06758254 0.7323501 0.36983976 0.20029531 0.10151378 0.001620492 0.00012093735 0.00029530987 0.00017186189 0.00053788646 0.0017354663 0.0005017781 0.9973518 1.1462252e-16 1.5138577e-06 2.166651e-06 2.602901e-08 0.0039441357 0.053156048 1.0499099e-07 1.2015859e-06 6.873891e-08 8.49279e-07 8.353359e-07 8.037933e-06 0.007015463 0.24704564 0.33766556 4.4208146e-08 2.3672714e-08 0.024960404 1.702291e-07 8.038528e-05 0.0018470956 0.0028867822 0.0007898216 0.0001447483 3.0423802e-08 0.00029520175 4.1990953e-09 0.00018148095 2.052025e-06 3.0833725e-08 1.6946245e-07 3.617943e-08 5.288346e-09 0.0022048613 3.2409034e-07 9.4186805e-07 3.140315e-08 0.1349925 8.5933216e-08 5.2222436e-08 1.7879387e-07 0.0014392666 1.9685079e-07 9.153527e-07 3.719548e-08 1.6483396e-07 0.0009705267 2.327796e-06 7.04934e-08 7.849721e-06 1.401892e-06 1.17299635e-07 4.4991307e-06 1.7271652e-05 1.9900412e-07 2.1372932e-08 4.6084997e-06 0.0014914761 0.00043269363 6.5693007e-09 3.857785e-05 2.3381126e-06 6.350293e-06 3.579778e-08 4.06156e-08 3.9019636e-09 8.783543e-08 6.475362e-10 5.9094987e-09 8.806811e-08 1.0781639e-05 1.4543744e-07 3.9587553e-06 5.5200173e-05 5.695382e-09 1.0413739e-07 1.6167206e-08 5.2870682e-06 5.0181228e-08 2.9116146e-07 1.2783229e-06 0.00037037313 6.207352e-07 2.6260391e-08 1.4819318e-08 1.3338097e-09
0.93558866 0.0007004388 0.0014823334 2.8414806e-05 0.00024968295 0.0004671951 0.0016361075 0.18705948 0.45526248 0.7090961 0.06472466 0.017872369 0.0054895007 0.22056657 4.3807162e-05 1.5138577e-06 9.241038e-18 0.9655263 0.9463122 0.0018150457 0.00021317221 0.7093892 0.5831017 0.52292365 0.27603823 0.28776318 0.37661847 0.01009874 0.009943008 2.1696875e-05 0.17635727 0.13736215 0.00017860091 0.10439229 0.20506656 0.0072648027 0.00038290358 0.012693104 0.06151869 0.004805503 0.037083067 0.0010023076 0.0015574542 0.08647817 0.010061547 0.003872912 0.0003307702 8.781446e-05 0.009598713 0.003937715 0.058957014 0.0012205524 9.675233e-06 1.884818e-05 1.6293861e-05 0.00044735876 0.01044963 4.6371053e-05 0.009218596 1.0307711e-05 0.003508292 2.716409e-05 0.019707615 3.4676603e-05 6.452723e-05 0.00079451647 0.0007722107 9.326269e-05 0.053953875 0.00028771732 3.9627557e-06 0.0006031013 3.703268e-07 1.3976983e-05 1.1972318e-05 0.019383406 1.2170385e-06 6.889741e-06 0.0012689353 1.2171866e-05 3.5977064e-07 0.00039590104 1.6035277e-06 2.0753366e-06 3.690842e-06 1.9172405e-05 1.9141098e-06 2.2821428e-08 0.009611263 1.8008555e-07 0.00033411814 0.00059619464 8.241246e-06 0.00021744095 2.8641637e-06 8.008273e-05 0.0039484003 8.4979365e-05 0.00047575298 0.00032009976 3.1109778e-08
0.92574817 0.0011895428 0.0020248871 4.968582e-05 0.00062548445 0.0013808114 0.005647643 0.17197219 0.1337546 0.5603883 0.01615314 0.0058224797 0.0012521768 0.82272863 0.00017593343 2.166651e-06 0.9655263 9.334893e-18 0.4538685 0.00050987833 0.00010107962 0.72190744 0.8753454 0.45988506 0.055508118 0.05370459 0.048103984 0.08984524 0.039227188 4.112581e-06 0.04275228 0.054111827 9.5053896e-05 0.2636784 0.76879585 0.024794254 7.1652255e-05 0.042091593 0.003286185 0.00088171865 0.1464369 6.170552e-05 5.3975073e-05 0.18111657 0.00032098568 0.0005057763 0.00010067401 2.5783867e-05 0.03341607 0.0020118402 0.0033489652 0.00032698613 2.3168332e-06 2.5663526e-06 2.0279633e-06 0.00012576958 0.026094602 6.0192096e-06 7.187517e-05 1.7289079e-06 2.3300203e-05 1.3520336e-06 0.0003079309 6.1718965e-06 1.3858461e-06 0.00010941127 2.3916919e-05 2.0875682e-06 0.008445003 4.4061657e-05 6.387011e-07 1.9928552e-06 2.9939628e-07 1.2500391e-06 4.8596753e-06 0.03332136 2.124728e-06 1.7611177e-07 0.0006615284 3.961112e-06 2.1921834e-07 4.6024408e-07 1.1590099e-07 1.282266e-07 1.0218462e-06 7.832125e-06 9.995708e-07 1.2855156e-07 0.025344275 4.8553524e-08 3.2508648e-05 0.0014727642 3.6811891e-06 8.130065e-05 7.4541873e-07 1.8047447e-05 0.01787195 1.2824985e-05 0.0005531772 0.0009950806 6.903713e-09
0.9352582 4.4588993e-05 0.0001792235 4.272574e-07 5.6867746e-05 6.693339e-05 0.00015254054 0.0093965 0.25052217 0.1151311 0.02797952 0.0049899057 0.0008311134 0.0051918193 6.4004107e-06 2.602901e-08 0.9463122 0.4538685 4.4793087e-17 0.0008901442 0.00019246279 0.69108605 0.41035292 0.46117854 0.7068389 0.909721 0.16633911 0.0011793311 0.0005136846 1.4504503e-05 0.71237355 0.17350322 0.00040348858 0.050301176 0.07593507 0.0010053865 0.0007639642 0.0020323177 0.04159299 0.009496294 0.011235031 0.021300275 0.0021495288 0.063226074 0.13149497 0.074717075 0.0015203961 0.0034091573 0.0023594364 0.0052498356 0.15457368 0.030061422 1.2923823e-05 0.00015961022 7.2880284e-05 0.0006540805 0.002635301 0.0003485162 0.02209065 0.00011247054 0.021699836 9.425165e-06 0.04475583 9.428882e-05 5.4607826e-05 0.0070768874 0.016519522 0.00029296402 0.080371894 0.004646446 1.3640555e-05 0.00240496 4.176984e-07 1.5944923e-06 0.00034657324 0.0159961 5.2569044e-07 4.9280525e-06 0.0015576928 9.2219234e-05 4.789281e-06 0.00091434724 7.0720725e-06 3.228932e-06 0.00013302563 4.103641e-06 1.1558531e-05 6.803403e-08 0.0032898078 2.0686271e-07 0.0008481375 0.00094495417 2.8900971e-05 0.00036899938 0.0002856161 0.0006263658 0.0017693577 0.00034195295 0.000920318 0.0007437157 5.3463605e-08
0.2736132 0.022505654 0.12850353 0.029322661 0.47423792 0.006705287 0.020049816 0.18770172 0.27389386 0.07750549 0.3277167 0.6656693 0.97164315 0.010234883 0.07924928 0.0039441357 0.0018150457 0.00050987833 0.0008901442 5.452891e-19 0.9810018 9.780421e-05 0.000100437624 4.1659372e-05 0.0033260488 0.00026159114 0.28429723 0.0014647774 0.0052133524 0.26398668 7.776941e-05 2.5696756e-06 0.41222608 8.888116e-06 0.0006951106 0.0006077306 0.5580426 0.00042754642 0.13659184 2.3436189e-07 0.0007223827 1.8139399e-07 0.6289761 4.773208e-06 9.91322e-07 5.524841e-07 2.7505428e-07 7.239257e-08 0.0013574508 1.3540929e-06 0.00020787395 2.3232824e-08 0.40704194 1.5830755e-06 1.9713919e-07 4.8359226e-07 0.0013082047 4.0183457e-07 0.00022957714 3.1070599e-07 4.8642187e-06 0.09716049 0.106162556 3.0032844e-08 0.041474413 3.2844204e-07 4.4148427e-07 0.003387395 0.03298317 2.5668282e-07 1.244422e-07 7.0129436e-06 0.0001161868 0.002597477 1.3601098e-08 4.5933026e-05 8.259957e-06 0.0023760542 6.2610206e-07 3.075703e-07 1.9443127e-09 0.00048344757 3.9639573e-08 1.306135e-08 5.094107e-07 0.001428265 2.8289506e-07 6.277735e-06 0.00022896382 1.849751e-08 1.0504352e-06 1.4245092e-06 0.00022643145 2.4518358e-06 1.6700083e-06 6.444876e-05 0.0005258527 1.9036397e-05 6.1851597e-06 4.8678944e-06 2.0849578e-08
0.18702902 0.049170967 0.16192158 0.07278513 0.594609 0.008971407 0.041420843 0.07952772 0.08040973 0.014752526 0.1465259 0.37704867 0.7160903 0.0040013255 0.50206923 0.053156048 0.00021317221 0.00010107962 0.00019246279 0.9810018 2.2277016e-18 1.46151015e-05 2.2301163e-05 3.6772558e-06 0.00032645144 6.781933e-05 0.019016458 0.0012399222 0.005965623 0.8645451 3.2033274e-06 1.4879343e-07 0.8163167 6.713073e-07 0.00012456659 0.0005189685 0.71124285 0.0004716881 0.015855702 6.6410635e-08 0.0004770721 1.2184222e-07 0.46622765 6.2394787e-07 1.9439125e-07 1.3861417e-07 2.7348133e-08 3.779975e-08 0.0014167933 2.1694329e-07 5.2927917e-05 8.807361e-09 0.5787047 2.109063e-07 1.1991669e-08 5.424591e-08 0.0021552835 2.0230278e-08 3.9847906e-05 2.94227e-08 1.1275126e-06 0.083885804 0.027995046 1.1273662e-08 0.019384386 2.9538944e-07 3.527905e-07 0.0012907558 0.008540224 1.8672773e-07 8.2961416e-09 4.362308e-06 0.0007985501 0.00537847 3.7428265e-08 2.3515264e-05 1.973928e-05 0.0013376834 5.583245e-08 2.0609906e-07 9.253091e-09 5.253286e-05 9.485557e-09 4.153865e-09 2.5617982e-07 0.0005263166 3.564222e-07 1.3321523e-05 0.0001649874 4.2250123e-09 1.932788e-07 2.9595324e-08 0.00024451737 9.561103e-07 3.8388566e-06 1.41297e-05 0.00031292686 4.5515267e-06 4.1710726e-07 7.562723e-08 1.070078e-08
0.908718 4.55119e-05 0.00014095455 3.285786e-07 1.7832255e-05 3.7904312e-05 0.00016234959 0.0006846597 0.004123533 0.019586671 0.0004884859 0.00015620052 7.0279515e-05 0.0016087225 1.0269523e-05 1.0499099e-07 0.7093892 0.72190744 0.69108605 9.780421e-05 1.46151015e-05 9.379364e-19 0.9417256 0.96476895 0.116874225 0.25086856 0.046375338 0.00323209 0.00073278934 4.305959e-06 0.6175403 0.73518765 5.1806976e-05 0.7485314 0.38562542 0.001445753 6.4103646e-05 0.004790533 0.005836637 0.099666886 0.018061576 0.010951786 6.419039e-05 0.27408016 0.06485632 0.012236911 0.0031415736 0.0011562472 0.006030437 0.03257376 0.01611246 0.007228793 9.2472425e-07 8.000296e-05 6.03239e-05 0.0014784461 0.005496046 8.8001914e-05 0.0011074825 8.792122e-05 0.0018096195 5.774965e-06 0.0006865054 6.8768655e-05 3.7072248e-06 0.0012500674 0.0043251524 1.2389501e-05 0.01754719 0.0012438508 5.8265286e-06 0.00017233819 1.9192818e-07 8.318607e-06 0.00023581594 0.05697115 2.3587238e-06 4.676255e-06 0.0041305586 7.203093e-05 1.5184202e-05 0.00012296725 2.1404064e-06 7.111564e-06 2.3508606e-05 2.1800746e-05 1.3699926e-05 1.4670441e-07 0.028227821 6.6476065e-07 0.00080115045 0.0042334604 8.216033e-06 0.0009887572 5.1641873e-05 0.0002674248 0.009153031 0.00029729982 0.0029221114 0.0019945141 3.0880352e-07
0.91048515 0.00015240007 0.00044703254 2.39408e-06 0.00010486687 0.00011581422 0.00030670667 0.0020610213 0.00532941 0.028863393 0.0010964447 0.00036719642 0.00010456946 0.01929798 7.232782e-05 1.2015859e-06 0.5831017 0.8753454 0.41035292 0.000100437624 2.2301163e-05 0.9417256 5.4333338e-18 0.9414364 0.05607412 0.15341827 0.013735466 0.018771175 0.0040379902 5.7826805e-06 0.33443305 0.41977173 7.854376e-05 0.8598093 0.61436826 0.004803956 0.0001027375 0.009264665 0.0018067985 0.034598693 0.031676456 0.00304224 3.1642558e-05 0.28620565 0.010935861 0.006885649 0.0013004682 0.00086236466 0.0096733505 0.013008267 0.0043038246 0.0066646575 2.3485068e-06 4.3884014e-05 2.0964315e-05 0.00072506134 0.006656593 3.868554e-05 0.00036807434 9.191281e-05 0.0004260906 2.900292e-06 0.00016176772 3.376846e-05 1.9178613e-06 0.0012707094 0.0010247198 7.826608e-06 0.0037384662 0.0012251151 3.2140438e-06 9.704438e-05 3.680671e-07 4.8865177e-06 0.00022345371 0.053531397 1.9607878e-06 1.830549e-06 0.0026824984 0.000121917845 2.3519055e-05 3.5031246e-06 1.3443923e-06 1.3699344e-06 7.3165254e-05 7.927269e-06 3.6551537e-05 9.4726346e-08 0.025953019 1.6610238e-07 0.0001337423 0.0030072238 5.114072e-06 0.00025259578 4.7863432e-05 9.964775e-05 0.009280104 5.7297155e-05 0.0013274411 0.0024977885 7.345941e-08
0.86490315 3.035574e-05 0.0001039748 3.324385e-07 1.8481844e-05 1.8373974e-05 0.00011388544 0.0006025735 0.0019530682 0.01008911 0.00026982237 0.000100379126 3.637138e-05 0.0011594263 3.9700103e-06 6.873891e-08 0.52292365 0.45988506 0.46117854 4.1659372e-05 3.6772558e-06 0.96476895 0.9414364 9.299741e-18 0.07633194 0.23467016 0.015639149 0.0014784037 0.00028623178 2.3799591e-06 0.5382105 0.7367477 1.0485502e-05 0.7993822 0.33039302 0.0011263735 6.2866256e-06 0.0031110242 0.003330327 0.13049997 0.015962673 0.017718097 9.351292e-06 0.28069875 0.030004377 0.020504104 0.0064832508 0.0020195602 0.005353436 0.05465725 0.01115465 0.011142334 2.1652762e-07 0.0001485937 0.00010545777 0.0029546523 0.0035855628 0.00026806493 0.0006299454 0.00025311328 0.00090213143 8.044648e-07 0.0001102815 0.00012693988 2.391304e-07 0.0013830708 0.0028026865 1.8567499e-06 0.008721031 0.0011716404 3.6634385e-05 7.502013e-05 2.4043499e-07 1.5226829e-06 0.0002608933 0.0666427 4.054886e-07 1.4758152e-06 0.007241834 0.0001080125 1.6912263e-05 6.8160934e-06 9.4787e-06 4.5071056e-06 2.5133317e-05 3.6895012e-06 3.8678863e-05 1.7876124e-08 0.02039971 4.38782e-07 0.0003203569 0.0065091597 1.1354784e-06 0.0016218895 4.531986e-05 0.00054792 0.004601509 0.0004689655 0.002654952 0.0032572316 3.4720838e-07
0.72357345 0.000115299124 0.0002198866 4.366904e-06 0.00010615564 3.1558142e-05 0.0002736645 0.0099303005 0.09430409 0.032398198 0.02535838 0.009358876 0.0012622848 0.0015976997 1.9981124e-05 8.49279e-07 0.27603823 0.055508118 0.7068389 0.0033260488 0.00032645144 0.116874225 0.05607412 0.07633194 1.4325744e-17 0.9841604 0.81736994 0.00035058582 0.00038884798 2.4667253e-05 0.13055566 0.015398212 0.00031811892 0.006266929 0.005558072 0.00047374092 0.0009353945 0.00078450586 0.3725232 0.004169928 0.0015898234 0.004121909 0.014786168 0.007023309 0.33816534 0.12089587 0.00073075504 0.0015295949 0.0013436592 0.00094761554 0.8487906 0.011048372 6.7897956e-05 0.00020818227 0.000108978595 0.00027278173 0.0012670668 0.00023158833 0.17854904 7.22761e-05 0.1433384 8.399428e-05 0.13700408 7.210523e-05 0.0016983135 0.012085026 0.044324525 0.0023766537 0.28637135 0.003492955 1.5170382e-05 0.02045452 8.39032e-08 2.1303442e-06 4.4551332e-05 0.0025416403 3.674807e-07 3.985129e-05 0.00061296695 2.5625948e-05 9.2131324e-07 0.0031242848 5.5788278e-06 2.7211056e-06 0.0002731032 2.8368368e-05 7.048158e-06 1.4997694e-08 0.0012815638 5.821455e-07 0.0016349736 0.0003348668 0.00013388638 0.000133296 0.0008428613 0.0006748004 0.0005188537 0.0001758566 0.00050822727 0.00032039784 2.919795e-07
0.75885284 0.00010524789 0.00015568848 2.2790919e-06 5.083087e-05 2.4172596e-05 0.00023594215 0.0009529979 0.016004646 0.0066838893 0.0031810482 0.0007488817 8.698188e-05 0.0004013467 2.7247348e-05 8.353359e-07 0.28776318 0.05370459 0.909721 0.00026159114 6.781933e-05 0.25086856 0.15341827 0.23467016 0.9841604 1.0793204e-16 0.24243934 0.00031196562 0.00012925826 1.3118883e-05 0.6668236 0.090703666 0.00017857485 0.02146164 0.013988785 0.0005329552 0.00028128887 0.0006809886 0.059064027 0.011569813 0.0029575562 0.063041724 0.0014037429 0.019274816 0.7000985 0.50247586 0.0030173615 0.01770916 0.00082737353 0.0046023033 0.44776726 0.07143739 6.5570116e-06 0.000603977 0.0002584863 0.000547989 0.0009167151 0.0004837192 0.07602317 0.0005311101 0.112725586 1.956698e-05 0.019122913 9.393349e-05 7.35795e-05 0.04971802 0.10928701 0.00046403572 0.11646119 0.016099904 0.000121245 0.011030517 2.3204296e-07 1.3754732e-06 0.00096910883 0.006831003 3.3069114e-07 7.71582e-06 0.0017443842 0.00022786224 8.940701e-05 0.0007145763 0.00014030584 3.1517025e-05 0.0030317176 1.4002212e-05 4.9455168e-05 1.8253472e-08 0.0016865152 1.5384941e-06 0.0009925041 0.00092754944 6.258926e-05 0.0005326867 0.0025611818 0.001997162 0.0004979217 0.0003654568 0.0007155368 0.0006281991 1.8706489e-06
0.88454324 0.00039453528 0.0071663605 0.0002483353 0.0283925 0.0003476834 0.00084004144 0.24634327 0.608224 0.36734334 0.43848372 0.40942037 0.119932495 0.008273033 0.00029470725 8.037933e-06 0.37661847 0.048103984 0.16633911 0.28429723 0.019016458 0.046375338 0.013735466 0.015639149 0.81736994 0.24243934 1.8786423e-17 0.0031646646 0.011100455 0.0007973606 0.02640851 0.003305835 0.0062977336 0.00079940545 0.00966855 0.00295482 0.07569624 0.0036318938 0.9881949 0.00020558505 0.009727988 0.0009373015 0.33469424 0.0006263458 0.008758977 0.003439059 2.077825e-05 0.0002522614 0.004366354 2.5148183e-05 0.54495424 0.00060353795 0.0019002008 9.1111215e-05 1.4113956e-05 3.7183388e-06 0.0016115248 7.766456e-06 0.2783162 1.5444046e-05 0.022294313 0.0028008735 0.3090351 2.4375092e-06 0.010252052 0.0007420303 0.00041410024 0.023151418 0.38756815 0.00016982887 1.058783e-06 0.0032259587 7.327247e-08 1.2605182e-05 1.4923075e-06 0.00259177 5.431416e-07 0.0010503938 0.0007605143 8.593523e-07 7.766279e-08 0.008301957 7.159255e-07 1.4468736e-07 6.7533315e-06 0.00014295992 6.20163e-07 1.1871549e-07 0.0054449555 7.8279214e-08 0.00023297728 0.00028347177 0.00040549602 9.641892e-05 3.8912844e-05 0.00047902108 0.0046142857 7.216845e-05 6.184101e-05 0.00043168367 3.629712e-07
0.7645004 0.06286315 0.112624146 0.030812433 0.104604036 0.24280491 0.5253507 0.079701364 0.013536355 0.06845544 0.010224732 0.014291337 0.008233879 0.7137403 0.007323852 0.007015463 0.01009874 0.08984524 0.0011793311 0.0014647774 0.0012399222 0.00323209 0.018771175 0.0014784037 0.00035058582 0.00031196562 0.0031646646 3.8533065e-20 0.6931249 0.0008428484 0.00032847043 0.00020404687 0.00040544497 0.008568594 0.2410389 0.9762317 0.0003454398 0.899845 5.67458e-05 4.501497e-05 0.3419509 5.579684e-06 0.00011032904 0.017510513 7.2246263e-07 6.3943157e-06 2.2009901e-05 6.529056e-08 0.69916356 0.0017427148 7.619462e-05 3.2668734e-07 0.028255956 3.3169175e-07 1.0735688e-06 0.00013443155 0.27248314 6.8984195e-06 3.9428193e-07 3.3104897e-07 2.2820072e-07 0.0014848454 0.0023749443 2.8765503e-06 0.0004231061 4.1299475e-07 4.020746e-07 5.091815e-05 0.0032988752 3.7854207e-07 3.2349251e-07 2.3865007e-06 0.0010912789 0.002425565 3.4186456e-07 0.052930575 3.536556e-05 3.6838108e-05 0.00033049774 6.6089143e-07 5.6147062e-08 0.0002783338 1.6819254e-08 6.983364e-08 7.960101e-08 0.00027296285 3.7142755e-07 8.3025465e-05 0.023397012 4.733874e-09 1.1451455e-05 9.134024e-06 2.0352832e-06 8.858818e-08 2.4749617e-08 1.2550155e-06 0.1323635 1.1105071e-07 0.0015523311 0.00013245092 6.4832126e-09
0.99592876 0.27094755 0.16974054 0.5062648 0.15241401 0.9223339 0.64226246 0.054903835 0.009613435 0.059613608 0.011421424 0.013061931 0.012435045 0.2618879 0.10282158 0.24704564 0.009943008 0.039227188 0.0005136846 0.0052133524 0.005965623 0.00073278934 0.0040379902 0.00028623178 0.00038884798 0.00012925826 0.011100455 0.6931249 2.2201634e-15 0.031948484 0.00011957273 2.727907e-05 0.0033611162 0.0012068072 0.04111276 0.7044507 0.0029795505 0.15109645 0.0006481925 2.7494963e-05 0.027046336 1.4930266e-06 0.0005169758 0.0036980384 1.0276488e-05 3.152352e-05 3.866328e-06 7.1738846e-08 0.5332259 0.00030503058 0.00029509116 1.1062989e-05 0.045701038 2.3559698e-08 1.2983929e-08 6.5823264e-07 0.09455202 2.3749461e-08 2.1377125e-05 3.9880697e-06 3.7598775e-06 0.001351069 0.0020073748 1.3158288e-09 0.0023151503 6.0085486e-06 6.3254033e-06 0.00020007236 0.007023024 2.6164838e-05 3.8305896e-09 4.0490704e-05 0.11863902 0.031549357 1.6681246e-05 0.00029417544 0.002678904 0.00014134034 7.0451335e-08 3.405024e-06 2.5298596e-07 0.00029351856 2.3694283e-10 1.5372004e-10 2.2815946e-08 0.00071830826 8.976794e-08 0.0068523483 0.0009074927 2.1531628e-10 3.5678135e-05 7.235974e-11 3.3624156e-06 2.7165134e-12 5.4843355e-07 2.3947258e-10 0.31098357 8.4750176e-12 8.093678e-08 4.2412567e-09 2.7930339e-11
0.45478252 0.077246085 0.15296176 0.3692505 0.5125232 0.036346227 0.035436884 0.023926638 0.007973847 0.0021022246 0.023792831 0.10818421 0.1931747 0.00033813948 0.96004695 0.33766556 2.1696875e-05 4.112581e-06 1.4504503e-05 0.26398668 0.8645451 4.305959e-06 5.7826805e-06 2.3799591e-06 2.4667253e-05 1.3118883e-05 0.0007973606 0.0008428484 0.031948484 4.6639693e-16 6.6461394e-06 8.4851723e-07 0.978738 2.3368443e-06 5.1186904e-05 0.001716104 0.49918938 0.0007917832 0.0032367911 5.3975583e-07 0.00041673615 3.6045543e-07 0.09374427 6.121087e-06 5.2429806e-07 1.4680287e-06 1.909365e-07 1.9718601e-07 0.01226432 9.773371e-07 1.0899963e-05 1.8608829e-07 0.78740746 6.676457e-07 9.024535e-08 3.221342e-07 0.0037975067 1.0794711e-06 1.204959e-05 8.5777947e-07 7.6087514e-07 0.120812684 0.0031322367 2.6788206e-07 0.0055800015 6.7207693e-06 2.0087496e-06 0.0010248934 1.2651849e-05 3.5565363e-06 2.716694e-07 3.4657207e-06 0.007212067 0.008257631 2.213046e-07 1.5681719e-05 3.713185e-05 0.0014950685 2.101121e-07 2.4044107e-06 1.5228738e-07 3.3723978e-07 3.3166057e-08 1.2977696e-07 1.1925296e-06 0.00069432514 1.1442601e-05 3.0410649e-05 3.5869394e-05 1.6333711e-08 9.8725906e-08 1.2135065e-07 0.00011305157 2.1590203e-07 3.5094642e-06 3.4545068e-05 8.144212e-05 6.3072957e-06 8.0454985e-09 1.0462212e-08 1.5981596e-08
0.9341545 5.331758e-06 3.7889495e-05 7.045227e-08 3.2965536e-06 7.9078507e-07 3.4291108e-05 0.00018313089 0.00081903813 0.0025407923 0.00015608408 7.993158e-05 8.219203e-05 0.00040357225 5.3496126e-07 4.4208146e-08 0.17635727 0.04275228 0.71237355 7.776941e-05 3.2033274e-06 0.6175403 0.33443305 0.5382105 0.13055566 0.6668236 0.02640851 0.00032847043 0.00011957273 6.6461394e-06 3.8461056e-15 0.9683484 8.588444e-05 0.40884027 0.043227643 0.00069673697 9.510912e-05 0.0009406344 0.011202251 0.56390625 0.006765322 0.8732476 0.00014564031 0.12640446 0.5728004 0.47226566 0.15380271 0.38486522 0.001384555 0.06273504 0.10006319 0.41249746 1.3283776e-06 0.020588625 0.007020871 0.018153029 0.0030020487 0.00634904 0.008787739 0.010510461 0.037407745 3.9311635e-06 0.0011192736 0.0044429144 6.8532404e-06 0.101343304 0.16002236 4.4111817e-05 0.017361782 0.16139705 0.00080778135 0.0013133485 4.5107706e-07 7.756982e-06 0.015090912 0.050225273 9.411153e-06 4.7461367e-06 0.014611012 0.0014452953 0.0010517465 1.9341986e-05 0.000234687 0.00022608513 0.0054144775 3.3731543e-05 0.0005628595 1.0438359e-07 0.014168814 1.8608831e-05 0.00033349643 0.0087059615 1.0781177e-05 0.0052742395 0.00096717547 0.0017182755 0.003050866 0.0014838766 0.0023641752 0.0027746994 3.6740203e-06
