1.4143385e-20 0.9254326 0.84068155 0.88856095 0.9074296 0.870021 0.84929186 0.9454488 0.85112727 0.96034324 0.9632091 0.97833824 0.8875871 0.81559956 0.9818777 0.8996057 0.7990887 0.84509516 0.9212197 0.9628532 0.96090823 0.915433 0.8274668 0.9140152 0.66956204 0.81794 0.86728185 0.14972337 0.5844179 0.9358579 0.89014125 0.9930265 0.25978425 0.63872945 0.40679052 0.90524507 0.38452938 0.15725443 0.23364252 0.9616975 0.948358 0.25785598 0.95032716 0.053621173 0.31534898 0.03378495 0.20852071 0.1988202 0.81417125 0.11597639 0.48276663 0.98201054 0.5388429 0.011827788 0.95706624 0.67205924 0.013005258 0.2994637 0.83405495 0.9577875 0.21504386 0.4106027 0.841626 0.90446126 0.9990646 0.9971483 0.011425445 0.8859321 0.004987261 0.40198997 0.94411516 0.9327808 0.9993762 0.99121433 0.102593 0.96070415 0.13716263 0.71599835 0.051610827 0.117839165 0.002116917 0.00092128036 0.85895 0.9976116 0.92275214 0.6469754 0.9993346 0.0074837985 0.0023071438 0.0025561575 0.00027151286 0.9356569 0.0036291743 0.2918552 0.000914335 0.00049774407 0.9355759 0.00776146 0.00047632153 0.8463234 0.017286979
0.9254326 7.6937194e-17 0.88501734 0.6846591 0.9669566 0.6827836 0.67683756 0.03913682 0.6453555 0.88786185 0.7051301 0.64354736 0.0037299052 0.021815326 0.0047445735 0.0023127669 0.003350906 0.00073208456 0.0003015085 0.12608951 2.7056381e-05 7.5775846e-05 0.0005489588 0.16639523 0.005104637 0.00015644309 4.7288846e-05 0.007983967 0.33156428 0.001130134 0.005889549 0.0073711886 0.00021879886 2.3566274e-05 0.0019451637 1.103434e-05 0.029384883 0.00010245512 0.0052117486 0.13485035 0.029805966 0.16035035 4.792411e-06 0.0044578984 1.0860772e-05 0.02736795 5.7106387e-05 2.9374214e-05 0.00018658525 5.2773787e-05 1.1787114e-06 0.00045916915 3.2239655e-06 0.00010194868 0.005795509 8.736864e-05 0.036311228 0.0026085735 4.0088976e-06 0.010747112 4.818712e-06 5.396467e-07 1.08708955e-05 0.0011050553 0.0005793171 0.0047510327 0.0022370105 7.645502e-06 0.006710478 9.217206e-06 0.004091726 3.5074885e-05 0.054244183 0.0012827499 2.1658245e-06 0.025478812 1.4854716e-05 1.2545164e-06 1.6899847e-07 2.0703601e-05 0.005304625 0.00077064225 5.9510244e-06 0.0028481286 6.139732e-06 7.018614e-07 6.636452e-05 2.1673266e-08 6.6055777e-06 0.00031108418 0.00037069788 7.0748797e-06 9.315886e-07 4.1504293e-08 1.9383895e-06 2.2757058e-06 7.354508e-06 1.6439244e-06 1.0828417e-06 5.1263864e-08 3.738947e-07
0.84068155 0.88501734 2.268878e-13 0.92954975 0.49961835 0.53783315 0.079250716 0.8140465 0.039656375 0.95768005 0.0643917 0.7848733 0.30652222 0.24055898 0.1467151 0.073713 0.0008035803 0.00018079566 0.00016916175 0.3283925 0.000962029 0.008202095 0.00022881845 0.027478188 0.00028772722 0.000110962894 5.030934e-05 0.0011336132 0.034241263 0.016026638 0.00091802736 0.03790242 5.7396093e-05 1.5706219e-05 0.020104509 0.0008338671 0.066535234 2.4398383e-05 0.032134563 0.09986596 0.0055734063 0.11902999 0.0008730264 0.00047111692 7.74353e-06 0.001695586 4.0584615e-05 4.9624447e-05 0.0033902323 4.0800966e-05 5.565997e-07 2.3872642e-05 0.00023964512 1.6427544e-05 0.000938889 8.668936e-06 0.0044147363 0.049264904 7.9628015e-05 0.004070501 7.481657e-05 2.6091357e-05 0.0001612096 0.0023937435 6.9725276e-05 0.0018406175 0.00010372612 9.555324e-05 0.0007263424 0.00040377304 0.0047807093 5.8917085e-06 0.041155864 0.0047366275 2.4817373e-05 0.034826122 4.5554585e-05 8.690051e-06 2.5021593e-06 0.00082161435 0.0037877953 0.00021229014 2.9650882e-05 0.008367911 2.7419208e-05 4.8305435e-07 0.0004566248 2.7898647e-08 3.623107e-05 0.0023084974 2.7892756e-05 2.6360474e-05 3.2686887e-06 3.8425173e-07 6.093823e-06 2.0324584e-05 2.5227573e-05 5.4919565e-07 6.601475e-07 1.2622353e-06 1.4332945e-08
0.88856095 0.6846591 0.92954975 4.020069e-17 0.63550746 0.9794618 0.01106491 0.7984506 0.007252599 0.5420821 0.22069962 0.4827546 0.38712895 0.6503577 0.029893365 0.03635154 0.00015582364 4.4564167e-05 2.587106e-05 0.06874476 6.7346635e-05 0.0024023608 2.0294947e-05 0.010361001 6.361631e-05 1.4991867e-05 1.1834325e-05 0.0012579868 0.30484512 0.025738105 0.0006382326 0.008566449 6.616223e-05 5.255855e-06 0.16391614 0.000311761 0.4375594 8.5423535e-06 0.20395972 0.030635713 0.001344099 0.6432865 3.1779397e-05 0.0011339586 5.6680244e-07 0.015703097 1.2308991e-05 5.5348114e-06 0.00481634 8.133354e-05 2.2643239e-07 8.511347e-06 7.675525e-05 9.22682e-06 0.00017601482 7.7271825e-06 0.04498266 0.3916112 3.16764e-05 0.0008354977 7.131929e-05 7.4219306e-06 2.6371563e-05 0.0010505902 8.465165e-06 0.00028205174 0.00043836236 2.3802215e-05 0.008862977 0.0002917528 0.0018013668 1.917896e-06 0.009663457 0.000632849 9.189542e-06 0.0098444 2.6822669e-05 3.4573886e-06 3.8387816e-07 0.00028387544 0.034025498 0.0012924336 4.9662867e-06 0.0010911123 1.1580509e-05 4.7384046e-07 1.4398411e-05 1.1975938e-07 2.6031163e-05 0.0057110824 5.6224675e-05 3.3790413e-06 5.4921425e-06 2.1552164e-07 4.482098e-06 4.761594e-05 2.8286554e-06 8.4949215e-07 1.940099e-07 6.078488e-08 1.0682922e-07
0.9074296 0.9669566 0.49961835 0.63550746 9.67234e-18 0.85274047 0.8162754 0.02170199 0.68550324 0.37033626 0.94408864 0.18526661 0.003977691 0.015628347 0.0031108076 0.0013933888 0.0030968082 0.0011586618 0.0007975226 0.03628212 3.1653755e-05 8.5651736e-05 0.0017047127 0.050697315 0.034945652 0.00017362126 4.7206835e-05 0.043799713 0.6163151 0.0013798333 0.005293368 0.0029557447 0.0002991222 3.6476948e-05 0.0026511678 2.6231999e-05 0.026014151 2.586857e-05 0.0051151845 0.031986304 0.008133183 0.24790402 5.258201e-06 0.013343656 4.072887e-06 0.08225526 4.5796514e-05 1.441072e-05 0.00020472732 0.00017363337 5.420467e-07 0.00031166052 3.3629094e-06 0.00032027226 0.0027707026 2.7335373e-05 0.09018551 0.0039129984 4.7511105e-07 0.0035333722 1.5267776e-06 1.9442535e-07 2.8323184e-06 0.00043653714 0.00012756036 0.002554225 0.008947052 2.3351065e-06 0.024416024 2.074378e-05 0.0014053128 2.2882814e-05 0.021627327 0.000566966 7.1856994e-07 0.0070827417 2.6757402e-06 4.812427e-07 1.8957632e-08 1.3015798e-05 0.013022441 0.0027712907 4.782825e-07 0.0011508821 4.753901e-06 1.3353215e-06 2.9945613e-06 7.830546e-09 9.004798e-06 0.00026241745 0.0010650635 3.3995386e-07 1.7312432e-07 1.2524614e-08 5.3919405e-07 5.9757126e-06 2.1774544e-07 1.0973699e-06 2.2404402e-07 1.3280355e-08 4.276985e-07
0.870021 0.6827836 0.53783315 0.9794618 0.85274047 2.523791e-15 0.069925606 0.4237375 0.06471025 0.21304119 0.6006797 0.14559372 0.079145275 0.24305116 0.009655687 0.004825942 0.00010125144 4.8543734e-05 5.1609088e-05 0.0282611 5.9331036e-05 0.0005038677 4.2715925e-05 0.007881986 0.00043913643 1.7671393e-05 5.2944047e-06 0.011596961 0.75229675 0.015528471 0.0004775346 0.0019056298 3.962837e-05 2.7379997e-06 0.10768077 4.306224e-05 0.4727618 5.5281694e-06 0.15949526 0.010754187 0.0015293462 0.70983917 7.0823253e-06 0.004643374 5.256754e-07 0.13277188 9.775204e-06 2.5741422e-06 0.0013359354 9.702569e-05 2.334887e-07 3.2896382e-06 1.6818027e-05 4.8744703e-05 0.00013349306 2.4393928e-06 0.16295253 0.18780711 6.333347e-06 0.0007656718 1.3485908e-05 3.1317242e-07 1.2085064e-06 0.0001350088 1.1040624e-05 0.0006521869 0.0035852399 9.252015e-07 0.058302734 0.00015167148 0.00063574745 3.4367636e-06 0.0071685207 0.00018602292 9.815947e-07 0.00304141 1.396382e-05 8.7288186e-07 7.190391e-08 0.00041020798 0.06894145 0.004598712 2.4458163e-07 0.0008690259 1.759809e-06 1.6004255e-07 1.0200066e-05 3.3797566e-08 4.2981945e-05 0.0019011262 0.0005282382 7.0088345e-07 2.7162705e-06 1.12006894e-07 5.5193827e-06 9.9182704e-05 3.7088458e-07 1.4526036e-06 6.685033e-07 2.2500725e-08 4.8560562e-08
0.84929186 0.67683756 0.079250716 0.01106491 0.8162754 0.069925606 9.731519e-18 0.00011998956 0.9937559 0.22589557 0.84995985 0.0631171 2.9468014e-05 0.00016847686 0.00021937929 0.000127976 0.18878976 0.10037272 0.057020232 0.021827305 1.3239636e-06 1.603335e-06 0.15209056 0.4913262 0.30866086 0.007791622 0.0008844764 0.16400316 0.2539212 4.1303414e-05 0.047210883 0.0006923243 0.02125246 6.412346e-05 8.0146914e-05 1.7433205e-06 0.0009126571 0.00039904966 0.00020164617 0.074088775 0.08340096 0.0062888516 9.4181914e-08 0.039239403 3.3666976e-05 0.02556247 7.395199e-05 8.2294464e-05 1.1781225e-06 0.0064012078 1.6683465e-06 0.0014023813 8.9281417e-07 0.007955188 0.024085775 7.448127e-05 0.01255619 1.5683976e-05 1.1945739e-06 0.022448909 4.023751e-06 4.6322498e-08 1.390587e-06 0.00028616932 0.0022087642 0.0111381 0.015810532 8.079407e-07 0.0031690393 3.5077724e-07 0.0008055273 6.033207e-05 0.07276913 7.334976e-05 2.93856e-06 0.011958837 2.9990367e-06 7.128977e-07 1.1083528e-07 9.820615e-06 0.0006048393 0.00059772347 1.9706363e-07 0.0016354445 3.064092e-07 1.8571341e-06 4.41426e-06 1.2651288e-08 7.290538e-05 1.7630253e-05 0.0009401689 2.9723898e-07 4.7461817e-06 1.401527e-08 9.614094e-06 2.3559855e-06 5.304877e-08 3.4175802e-05 6.6136345e-06 7.975264e-09 2.6046173e-06
0.9454488 0.03913682 0.8140465 0.7984506 0.02170199 0.4237375 0.00011998956 6.850013e-17 5.719823e-05 0.27538568 0.0068558194 0.25879237 0.9540432 0.96137553 0.61625797 0.68526155 1.518316e-05 1.4339809e-06 4.9944066e-07 0.092969164 0.008381881 0.29897156 1.0225267e-06 0.004591486 1.5568046e-06 2.901713e-07 1.5177991e-07 7.353698e-05 0.033972804 0.4803416 6.644229e-05 0.04969371 2.6139387e-06 2.0612403e-07 0.4241516 0.02195311 0.4645345 3.2712072e-07 0.38938257 0.04480612 0.0006719924 0.37472895 0.00021503786 0.00017736403 8.791388e-08 0.00103733 9.547664e-07 6.5585465e-07 0.17322606 5.271748e-06 5.0574222e-08 4.174523e-07 0.00032080204 1.295159e-06 6.480469e-05 2.421573e-06 0.0025800841 0.7438914 0.00037367872 0.00041324063 0.00028205768 1.3068535e-05 7.225219e-05 0.0025457924 1.3865574e-06 0.00011271429 1.3461314e-05 6.1408704e-05 0.00042728023 0.06773127 0.006048699 4.6243952e-07 0.010869824 0.0024174338 1.1595063e-05 0.031725712 0.00016805097 4.8769875e-06 1.2925838e-06 0.023621147 0.008365199 0.0003600236 1.602009e-05 0.005234246 2.2923681e-05 6.521327e-08 0.00011779159 9.112472e-08 0.00031244798 0.023379542 2.3218176e-05 1.1693183e-05 6.153184e-06 2.8547788e-07 0.00015596996 9.6905664e-05 2.1424312e-05 3.0564875e-06 5.253707e-07 1.659692e-07 3.6050956e-08
0.85112727 0.6453555 0.039656375 0.007252599 0.68550324 0.06471025 0.9937559 5.719823e-05 7.95046e-17 0.19446303 0.88394654 0.04827421 2.0900156e-05 0.00010404782 6.052836e-05 3.9693725e-05 0.25996476 0.18242711 0.19070576 0.013883286 9.706483e-07 6.929914e-07 0.37794074 0.56331885 0.4799426 0.01576222 0.0018519417 0.24879937 0.24115954 2.3368077e-05 0.07279184 0.0003075385 0.039962538 7.342444e-05 6.617095e-05 8.104951e-07 0.0007460279 0.0004823616 0.00013320056 0.060698185 0.08611254 0.0039051343 8.0339404e-08 0.04671196 3.080999e-05 0.029391421 0.000110715446 6.4929525e-05 4.7422068e-07 0.017565055 2.4902472e-06 0.001850584 8.7414816e-07 0.015420424 0.022236375 0.00010119043 0.011223016 7.694033e-06 2.427806e-07 0.02554429 2.3491316e-06 4.532787e-08 5.6370334e-07 9.271571e-05 0.0021210113 0.012618004 0.018672906 3.4473845e-07 0.0033728133 2.0105789e-07 0.0002897691 7.890285e-05 0.056755193 4.1359504e-05 1.3339201e-06 0.006827814 4.3242773e-07 6.308087e-07 3.3475374e-08 2.437693e-06 0.0003968224 0.0004263961 1.0130643e-07 0.0009604912 7.0577755e-08 1.6888256e-06 2.306309e-06 1.3612907e-08 1.815702e-05 7.6163483e-06 0.0009824457 1.6036752e-07 4.4534934e-07 6.382042e-09 2.8756479e-06 6.3834426e-07 2.3548196e-08 2.6516218e-05 1.7851005e-05 1.0992378e-09 7.764712e-07
0.96034324 0.88786185 0.95768005 0.5420821 0.37033626 0.21304119 0.22589557 0.27538568 0.19446303 1.6651233e-15 0.10622229 0.9612719 0.042182364 0.035757266 0.16709039 0.04191528 0.019975958 0.0097468905 0.011271327 0.75957775 0.002520313 0.0043011573 0.008622429 0.51646435 0.0049502854 0.00064317335 0.0012051499 0.0012910906 0.025515903 0.0031849062 0.061566643 0.10326714 6.5761145e-05 0.00019823124 0.0012562242 0.00013478765 0.0056513767 3.067077e-05 0.0016602584 0.5379524 0.13415954 0.008981287 0.00016933947 0.00028116364 1.3731527e-05 0.00025803436 5.264114e-05 2.8853852e-05 0.00031661405 1.4944162e-05 9.063102e-07 0.001074864 6.176616e-05 8.479183e-06 0.013726488 4.4051238e-05 0.00023231677 0.0012689141 5.503937e-05 0.032223023 4.9094975e-05 2.8907268e-06 7.099262e-05 0.0060100015 0.00022833276 0.024862383 2.4174116e-05 0.00012037364 0.00048862316 2.8364744e-05 0.0043605217 7.776982e-06 0.34062102 0.0026598077 1.0549676e-05 0.16766916 6.506028e-06 5.104765e-06 5.577184e-06 0.0002688586 0.00032953717 9.90449e-05 7.663329e-06 0.043307256 1.6093225e-05 5.1693318e-05 0.001519128 4.822825e-07 9.106761e-05 0.0001517638 3.6946687e-05 6.4272385e-06 5.937173e-07 4.1673495e-08 1.9691692e-05 1.7708255e-05 3.7067346e-07 4.758668e-06 3.8347272e-07 1.6441202e-08 8.883577e-07
0.9632091 0.7051301 0.0643917 0.22069962 0.94408864 0.6006797 0.84995985 0.0068558194 0.88394654 0.10622229 1.6805741e-13 0.05143119 0.0008171115 0.00354155 0.0016986028 0.00041080618 0.0346701 0.018547235 0.010065641 0.01642793 5.2997773e-05 8.81218e-06 0.025885927 0.09057785 0.5723474 0.0010837379 0.00019705883 0.62278885 0.9305053 0.0006587109 0.0074892426 0.0010876077 0.006119203 0.00012227986 0.0011106173 1.2009575e-05 0.014335114 2.0844163e-05 0.0029886572 0.017387696 0.012231825 0.13606438 1.5428219e-07 0.19435905 3.5481823e-06 0.23924808 8.212599e-05 2.4745854e-05 7.645222e-05 0.01695798 3.1787656e-06 0.0006236246 4.8208517e-07 0.026300754 0.0030318839 2.782031e-05 0.092225514 0.0016746056 7.737211e-08 0.009541365 2.5619497e-07 6.244607e-08 1.6418171e-06 0.00021065857 0.00045481118 0.0055905664 0.052186437 1.0821014e-06 0.03271198 5.0504706e-05 0.0012457698 2.9913088e-05 0.018732972 0.0003733047 1.236875e-06 0.0040397327 2.9805806e-06 1.368742e-06 2.3876737e-07 0.00013058922 0.0068887034 0.0069674333 9.222618e-07 0.0014743017 1.7684093e-06 5.8255483e-07 3.785511e-05 2.5378858e-08 5.4735778e-05 0.00010950314 0.005951729 7.3351504e-07 1.5288103e-06 3.1942506e-07 2.6473301e-06 1.1857292e-05 2.5996144e-06 2.3273687e-05 4.233402e-05 5.4598424e-08 5.1090825e-07
0.97833824 0.64354736 0.7848733 0.4827546 0.18526661 0.14559372 0.0631171 0.25879237 0.04827421 0.9612719 0.05143119 2.310155e-15 0.0368936 0.043055356 0.17282419 0.059393257 0.0034627412 0.0007931296 0.000614556 0.93181336 0.00395479 0.0052849925 0.00100105 0.26949176 0.001735496 7.181864e-05 0.00019489978 0.0011630127 0.017593278 0.0067823897 0.0066606794 0.17615561 3.9051884e-05 3.0630694e-05 0.002165987 0.00057929725 0.009373391 6.7959727e-06 0.0039849444 0.7444309 0.07063323 0.015708812 0.0008650136 0.00016453565 1.9597521e-06 0.00026881477 1.8872193e-05 3.117347e-05 0.0012785938 2.541558e-06 1.00933235e-07 0.00034418757 0.00018205021 6.531143e-06 0.0050153676 1.6466713e-05 0.0005730538 0.00585353 0.00020910073 0.019406088 0.00016150644 7.781767e-06 0.000978293 0.0142537635 6.297988e-05 0.012224809 7.7127825e-06 0.0011281791 0.0018690629 3.7876922e-05 0.02747769 5.806282e-06 0.3546636 0.0076801423 1.9291732e-05 0.28613296 1.3954261e-05 1.6356902e-05 9.892048e-07 0.00014794595 0.0016104218 0.00060911855 0.00010126187 0.05085773 0.0001886452 2.1973241e-05 0.0016392312 4.0266897e-07 0.00029436682 0.00085510215 0.00027131793 7.209154e-05 1.953827e-06 5.522526e-08 6.718373e-06 7.572817e-05 2.3542014e-05 1.195546e-06 2.3473935e-06 4.7092016e-08 2.1970213e-06
0.8875871 0.0037299052 0.30652222 0.38712895 0.003977691 0.079145275 2.9468014e-05 0.9540432 2.0900156e-05 0.042182364 0.0008171115 0.0368936 1.8391954e-17 0.9822742 0.4484806 0.59701365 8.0654e-06 7.851132e-07 1.9179973e-07 0.019372586 0.016005363 0.6954918 2.7084855e-07 0.00086949597 2.641037e-07 9.562383e-08 9.7155635e-08 2.672169e-05 0.009558811 0.7737032 7.405195e-06 0.03424062 7.6878604e-07 1.5470061e-07 0.536346 0.15285093 0.2946496 1.7507203e-07 0.35416427 0.010884497 4.9080794e-05 0.12126807 0.002437055 4.3618027e-05 2.578914e-08 0.00027883222 8.371765e-07 2.5014282e-07 0.36674878 6.3207663e-06 8.159989e-08 5.3284133e-08 0.0012246093 2.2870071e-07 2.595574e-06 4.3282387e-07 0.0012207322 0.7664789 0.0016189135 7.056387e-05 0.00379352 7.7676676e-05 0.00019622226 0.0011733808 3.8788016e-07 2.146186e-05 2.1746102e-06 0.00014914214 0.0003832673 0.19794077 0.0026000845 3.028088e-07 0.0036147945 0.0014962808 2.710765e-05 0.009667748 0.00048552395 1.54828e-05 3.873296e-06 0.053119272 0.0059048575 0.0002210664 3.1065916e-05 0.0026401484 3.7122572e-05 2.7460304e-08 0.00010672184 4.3339466e-07 0.0012611862 0.03173466 7.886594e-06 2.0235519e-05 1.4304466e-05 9.885249e-07 0.000422654 0.00042445376 2.2031933e-05 1.2746357e-06 9.26362e-08 2.4101328e-07 1.3517847e-08
0.81559956 0.021815326 0.24055898 0.6503577 0.015628347 0.24305116 0.00016847686 0.96137553 0.00010404782 0.035757266 0.00354155 0.043055356 0.9822742 1.788619e-15 0.10079848 0.117852315 5.100269e-06 2.2992988e-06 1.7846877e-06 0.016917394 0.0020942157 0.3873084 1.1059766e-06 0.00095068227 7.2652523e-07 3.0295266e-07 2.0433005e-07 0.00010092433 0.018878693 0.73179585 4.7465233e-05 0.007264446 2.1840149e-06 2.4166718e-07 0.76494837 0.040553212 0.60696006 3.560811e-07 0.6005346 0.005441265 0.00019436168 0.42988652 9.613906e-05 0.00013756531 4.210887e-08 0.00082410936 2.0763264e-06 6.312636e-07 0.17792656 6.226565e-06 7.142564e-08 1.2486873e-07 7.060021e-05 5.4361993e-07 1.3874603e-05 4.5277045e-07 0.0047668237 0.7923342 9.265109e-05 0.00014809163 0.00034624073 3.9054917e-06 7.3334545e-06 0.00018742042 1.2373199e-06 0.0002486787 5.3832446e-06 6.6348725e-06 0.0011283443 0.056152865 0.0009309795 7.546717e-07 0.0033971472 0.0006252921 1.7528147e-06 0.0037326931 0.00013017828 2.2283104e-06 8.308592e-08 0.03758049 0.019969715 0.0006367726 7.003275e-07 0.0018221801 6.369933e-06 1.1793691e-08 5.7280657e-05 3.888318e-08 0.00089184585 0.0362429 2.0359581e-05 1.4889882e-06 3.679929e-06 1.6687576e-07 0.0002237066 0.0003359829 1.4583961e-06 9.844944e-07 3.3873314e-07 1.9276824e-08 9.252897e-09
0.9818777 0.0047445735 0.1467151 0.029893365 0.0031108076 0.009655687 0.00021937929 0.61625797 6.052836e-05 0.16709039 0.0016986028 0.17282419 0.4484806 0.10079848 1.5293829e-14 0.9811406 7.7012315e-05 2.579972e-06 2.322297e-06 0.3281345 0.6261989 0.526675 4.370099e-06 0.03270979 2.2135753e-06 2.9821769e-07 6.90673e-07 8.2773426e-05 0.0016920831 0.35284248 0.0010340872 0.76385665 8.772757e-07 4.835217e-07 0.032026008 0.12059326 0.0044252067 4.940534e-07 0.014466903 0.4754419 0.012751288 0.0038653624 0.19860387 3.598685e-05 1.17934945e-07 3.4809862e-05 1.0848872e-06 1.2454864e-06 0.25861084 7.2467554e-07 5.9584266e-09 1.4025185e-05 0.009915515 4.2854325e-07 0.0011620187 2.5203126e-06 3.3766883e-05 0.13184582 0.011204264 0.0063879103 0.005722144 0.003964604 0.013177888 0.08681605 3.6689994e-06 0.0016236021 1.0170217e-07 0.00402949 0.00013978363 0.087765336 0.10803452 5.1999626e-07 0.12435727 0.06866793 0.00027300554 0.31636038 0.00095473684 0.00022615843 6.512176e-05 0.02791428 0.00019882934 5.4378175e-05 0.0006856538 0.18845603 0.00047560415 1.8182255e-06 0.018682793 1.0021345e-06 0.0001642359 0.00075114274 4.52718e-06 0.0002274174 6.923132e-05 1.4535792e-06 0.00013253014 4.5236862e-05 0.00016221897 9.515031e-07 2.6994678e-07 1.960126e-06 3.5304697e-07
0.8996057 0.0023127669 0.073713 0.03635154 0.0013933888 0.004825942 0.000127976 0.68526155 3.9693725e-05 0.04191528 0.00041080618 0.059393257 0.59701365 0.117852315 0.9811406 7.7343646e-15 4.7618187e-06 3.1535892e-06 1.657107e-06 0.08694974 0.7533922 0.900321 1.6900725e-06 0.0075875204 1.197857e-06 2.8626658e-07 2.367469e-07 5.4709235e-06 0.000906913 0.45307204 0.0001250143 0.3541123 3.2682354e-07 2.9728292e-07 0.028704884 0.35765132 0.003907992 1.0277316e-06 0.011374531 0.060692523 0.0025330817 0.0013120454 0.7100713 2.4460123e-05 7.500478e-08 1.2157423e-05 1.1432768e-06 6.2833743e-07 0.34738594 1.0897401e-06 4.904899e-08 9.638941e-07 0.06458888 7.518106e-07 0.00023574465 9.1554045e-07 1.2238644e-05 0.12507355 0.052364226 0.0016484405 0.02436835 0.020856453 0.030047873 0.024711119 3.2082937e-07 0.00089092436 1.9415761e-07 0.008770641 0.0001243731 0.21282971 0.04359332 6.1530955e-08 0.028909663 0.05753727 0.0006495668 0.0448129 0.004056852 0.00054801535 0.000317434 0.079222865 0.00029429636 1.912662e-05 0.00069365534 0.034364816 0.0007452343 8.028542e-06 0.017276596 2.7208971e-05 0.0006232756 0.0016132348 4.4771814e-06 0.00026178305 0.00019793559 5.9725785e-06 0.00041772355 0.00012307928 9.6147305e-05 3.2697897e-06 7.3111636e-08 1.9303077e-06 2.9997332e-07
0.7990887 0.003350906 0.0008035803 0.00015582364 0.0030968082 0.00010125144 0.18878976 1.518316e-05 0.25996476 0.019975958 0.0346701 0.0034627412 8.0654e-06 5.100269e-06 7.7012315e-05 4.7618187e-06 9.201715e-17 0.9843267 0.9671788 0.0036776296 2.7199587e-06 1.7524343e-07 0.8096758 0.64721245 0.57035226 0.63929594 0.06847446 0.08819963 0.002954802 1.9414178e-06 0.5465079 0.00018365381 0.20936593 0.005311641 1.1208009e-05 2.7902385e-07 3.119655e-05 0.031275924 2.7774754e-06 0.028628027 0.17441146 3.4749766e-05 1.6767277e-07 0.011225029 0.0006932589 0.00029431767 0.00048478087 0.00045290496 2.8745114e-07 0.084402286 4.438598e-05 0.031616148 1.1877285e-06 0.019497974 0.20544639 0.00012078071 7.310666e-05 1.6172236e-06 3.0563024e-07 0.14284423 7.586594e-07 6.0843576e-08 2.0451382e-06 9.826878e-05 0.015666747 0.07135558 0.0014908413 5.6932373e-07 7.786522e-05 9.0334915e-08 0.00042675267 9.375451e-05 0.05371307 0.0001456449 2.4675498e-06 0.006293606 1.3802497e-06 3.8821952e-07 8.891642e-08 4.3416394e-06 3.1034153e-06 5.297039e-05 1.0304476e-07 0.0025091972 3.6778255e-07 1.18590115e-05 4.009192e-06 4.9333934e-08 6.448002e-06 9.256495e-06 5.508637e-05 2.3338944e-07 5.585144e-07 1.1912223e-08 1.3912224e-06 7.943641e-07 1.8170901e-08 0.00027580326 1.7782733e-05 7.47809e-09 1.02723725e-05
0.84509516 0.00073208456 0.00018079566 4.4564167e-05 0.0011586618 4.8543734e-05 0.10037272 1.4339809e-06 0.18242711 0.0097468905 0.018547235 0.0007931296 7.851132e-07 2.2992988e-06 2.579972e-06 3.1535892e-06 0.9843267 1.10595735e-16 0.945843 0.00074011646 3.9684716e-07 3.4484547e-08 0.63785875 0.72051126 0.41574073 0.57720315 0.16410464 0.037157785 0.00379566 4.526772e-07 0.6950912 1.9966626e-05 0.1921343 0.014988923 4.0857053e-06 5.3431396e-08 1.2688655e-05 0.08538836 4.077694e-06 0.021554666 0.21418473 1.8458857e-05 2.5256734e-08 0.009943236 0.005705277 0.00018448148 0.0013195644 0.001795168 1.3876323e-07 0.049973954 9.479021e-05 0.13205281 1.2045362e-07 0.010344991 0.29735726 0.00053026265 4.400509e-05 1.1980123e-06 1.7715719e-07 0.20332445 4.4979484e-07 8.322117e-09 1.2929024e-07 3.7727346e-05 0.0214388 0.110926345 0.0007854245 1.5007703e-07 8.385574e-05 7.318726e-08 0.00024965056 0.00022555512 0.061606742 2.848081e-05 4.3010317e-07 0.004738851 9.0104635e-07 1.275727e-07 1.9149953e-08 1.5713036e-05 3.5300038e-06 5.5977875e-05 8.256398e-08 0.0014045913 2.3080172e-07 0.00029363192 9.7590055e-06 2.1951005e-08 3.541259e-06 5.8859637e-06 7.2966584e-05 2.9674925e-07 6.389777e-07 4.7880224e-09 1.0715221e-06 3.0727037e-07 6.310918e-08 0.0006480697 1.7781362e-05 9.004294e-09 0.00011044989
0.9212197 0.0003015085 0.00016916175 2.587106e-05 0.0007975226 5.1609088e-05 0.057020232 4.9944066e-07 0.19070576 0.011271327 0.010065641 0.000614556 1.9179973e-07 1.7846877e-06 2.322297e-06 1.657107e-06 0.9671788 0.945843 1.6572402e-15 0.0003891798 1.8191578e-07 4.505214e-08 0.64821625 0.85351896 0.29972437 0.58619076 0.44741142 0.026252754 0.004123364 2.809501e-07 0.8852146 4.195261e-05 0.15520746 0.049284864 4.8490087e-06 3.7024826e-08 6.594975e-05 0.08014933 4.8760925e-05 0.040900875 0.24864753 1.1627398e-05 2.458832e-08 0.0060367044 0.012121661 0.00029580228 0.0022688992 0.0050524874 2.0572126e-07 0.030867323 0.00020349785 0.23757668 3.5608926e-07 0.0045422735 0.40374154 0.0010929755 0.000107691594 2.8710021e-05 2.6680652e-06 0.19932371 1.7859444e-06 2.5815469e-08 1.4814931e-07 5.6193163e-05 0.02382975 0.10167294 0.0006368631 1.3830187e-07 0.00018660609 1.05127e-06 0.0003914857 0.0002215045 0.093767546 4.5866887e-05 2.330357e-06 0.006160941 1.5305775e-05 3.10984e-07 2.4425924e-07 5.0751427e-05 2.5128114e-05 8.8481676e-05 2.538986e-07 0.0014406529 1.2396117e-07 0.00096446153 2.0190815e-05 1.5204112e-07 2.0882524e-05 6.68269e-06 9.38607e-05 9.0076617e-07 2.4799638e-06 5.8355205e-08 8.844325e-06 7.473313e-07 5.22552e-07 0.0006067568 1.2028476e-05 1.4103554e-07 0.000315454
0.9628532 0.12608951 0.3283925 0.06874476 0.03628212 0.0282611 0.021827305 0.092969164 0.013883286 0.75957775 0.01642793 0.93181336 0.019372586 0.016917394 0.3281345 0.08694974 0.0036776296 0.00074011646 0.0003891798 4.0016998e-14 0.012363387 0.007892057 0.0006265707 0.21844356 0.0005129483 8.336488e-05 0.0002079537 0.00071823807 0.0062828534 0.007483717 0.0078364415 0.46028128 2.1236312e-05 0.00010223249 0.0016820668 0.0009896492 0.0036638316 3.12466e-05 0.0028513232 0.966285 0.09890815 0.0029664582 0.0067929374 0.0002054704 1.3132864e-05 0.0001768865 8.277192e-05 0.00013179559 0.0020249034 1.9951627e-05 1.8764468e-06 0.00032699612 0.0009444425 1.90962e-05 0.006242214 6.278409e-05 0.000209081 0.004005695 0.0005979461 0.023763841 0.00043406565 3.5525347e-05 0.003494226 0.038509227 0.00010856635 0.016169708 2.1359172e-05 0.004177636 0.0023324282 8.365462e-05 0.06359754 2.552234e-05 0.4695987 0.017214337 8.759766e-05 0.509415 0.00018217906 4.011175e-05 3.5502164e-06 0.0014685412 0.0021244779 0.00070474885 0.00069158064 0.099868715 0.0018209581 6.1414685e-05 0.0045329803 2.703118e-07 0.00056852784 0.0012098373 0.00014036312 0.00027941278 4.265946e-05 2.451173e-07 1.7681963e-05 7.466447e-05 8.862009e-05 7.2370003e-06 9.494495e-06 5.1161277e-07 1.189308e-05
0.96090823 2.7056381e-05 0.000962029 6.7346635e-05 3.1653755e-05 5.9331036e-05 1.3239636e-06 0.008381881 9.706483e-07 0.002520313 5.2997773e-05 0.00395479 0.016005363 0.0020942157 0.6261989 0.7533922 2.7199587e-06 3.9684716e-07 1.8191578e-07 0.012363387 4.1160367e-14 0.30646598 2.5945852e-07 0.0033781605 3.3963275e-07 1.2478719e-07 5.7226075e-08 6.009834e-07 9.659937e-06 0.06177465 7.833214e-05 0.9529009 3.206422e-07 1.0383652e-07 0.000535412 0.20938034 0.00018180367 3.5325448e-07 0.0007031655 0.058009364 0.0010260674 3.7957885e-05 0.94401586 6.412135e-06 6.8639466e-08 2.0088587e-06 4.3720394e-07 3.3419255e-07 0.13309534 1.4706911e-06 4.6451342e-07 1.1246765e-06 0.20675048 2.7059953e-06 0.0001695046 7.4381313e-07 5.873467e-07 0.0006709278 0.19007656 0.002938038 0.07646765 0.07283478 0.43215367 0.35543016 2.2910237e-07 0.0006325554 5.230645e-07 0.32488808 1.4336862e-05 0.14789692 0.24373469 1.6037194e-07 0.02645195 0.17746176 0.011133001 0.07162747 0.020844618 0.00812993 0.0032632586 0.0063647083 2.5074876e-05 2.0753238e-05 0.024074025 0.06885793 0.014319236 9.975239e-06 0.033398937 0.00015099015 8.978125e-05 4.387803e-05 1.1550938e-05 0.003536499 0.0013377445 5.2183932e-05 6.7208566e-05 4.872871e-05 0.003588705 1.8675437e-06 2.7212369e-07 5.203976e-05 2.3523373e-06
0.915433 7.5775846e-05 0.008202095 0.0024023608 8.5651736e-05 0.0005038677 1.603335e-06 0.29897156 6.929914e-07 0.0043011573 8.81218e-06 0.0052849925 0.6954918 0.3873084 0.526675 0.900321 1.7524343e-07 3.4484547e-08 4.505214e-08 0.007892057 0.30646598 5.539319e-16 1.0772249e-08 0.00031080007 1.0102023e-08 1.975459e-09 2.697225e-08 1.0392514e-06 7.6706005e-05 0.9733786 1.3325684e-06 0.111140065 1.8239368e-07 6.579361e-08 0.12493421 0.97108865 0.0029128562 5.4201333e-08 0.020290064 0.018693581 7.379418e-05 0.0011920293 0.3018435 1.3079838e-06 5.2630686e-09 5.4526563e-06 4.4907387e-07 1.7247487e-07 0.6420031 2.4266083e-06 1.154749e-07 6.3288628e-09 0.0664078 4.787598e-07 2.5664443e-07 1.9552997e-06 4.6218056e-06 0.10938351 0.24126256 4.0589217e-05 0.3065336 0.0060758777 0.0060765636 0.020301474 1.1694573e-06 3.712376e-06 5.0621416e-08 0.0018482172 1.8393777e-06 0.4821016 0.043416474 1.1642227e-06 0.0017305486 0.025368579 0.000660813 0.010705223 0.03913435 0.00013103648 5.415197e-05 0.14271279 0.0005888769 6.6530642e-06 0.00056999555 0.004047552 0.00047515417 3.5513963e-09 0.0008998218 1.7073002e-07 0.0019209742 0.003311414 8.6949865e-07 0.00011659049 0.0009808461 2.4560647e-06 0.005226736 0.00017990301 0.00020676498 2.5910046e-07 2.434351e-07 4.513413e-07 2.085646e-08
0.8274668 0.0005489588 0.00022881845 2.0294947e-05 0.0017047127 4.2715925e-05 0.15209056 1.0225267e-06 0.37794074 0.008622429 0.025885927 0.00100105 2.7084855e-07 1.1059766e-06 4.370099e-06 1.6900725e-06 0.8096758 0.63785875 0.64821625 0.0006265707 2.5945852e-07 1.0772249e-08 2.6604634e-15 0.095627524 0.4118195 0.945693 0.4539486 0.11219208 0.0023980094 4.006984e-07 0.12926446 1.9374682e-05 0.9849787 0.16540138 4.0423222e-07 1.9005341e-07 2.8506504e-06 0.5213106 4.454343e-07 0.0029832423 0.029401964 1.229241e-06 2.0101465e-08 0.017311692 0.021522583 0.0005455398 0.008046617 0.014493029 1.2690772e-07 0.4576983 0.0019544954 0.05771512 5.879124e-08 0.037504874 0.03176026 0.0007662864 2.5892905e-05 1.8110721e-07 7.6753885e-08 0.025093837 6.151004e-07 2.084754e-09 6.186364e-06 1.7604336e-06 0.021431642 0.012180146 0.0017437723 3.688833e-06 4.14135e-05 2.6193015e-06 3.102047e-05 0.00088693475 0.00717664 6.3365005e-06 3.0573303e-06 0.00084060995 1.705054e-06 9.216745e-07 2.4706452e-07 8.030801e-06 1.2718731e-06 4.0191067e-06 1.5545887e-05 0.00013473934 1.6121088e-07 0.0010223902 6.97248e-07 6.2156715e-08 1.5843918e-05 5.030588e-07 9.772048e-05 1.693841e-07 1.440699e-06 1.5194408e-08 4.68227e-06 1.212155e-06 1.8940754e-06 0.004772753 0.00013384898 3.9145117e-08 0.0015693223
0.9140152 0.16639523 0.027478188 0.010361001 0.050697315 0.007881986 0.4913262 0.004591486 0.56331885 0.51646435 0.09057785 0.26949176 0.00086949597 0.00095068227 0.03270979 0.0075875204 0.64721245 0.72051126 0.85351896 0.21844356 0.0033781605 0.00031080007 0.095627524 7.556664e-16 0.0898034 0.08710592 0.31718186 0.012271708 0.014908263 0.0005270785 0.8039826 0.036353525 0.004595376 0.049775645 6.468015e-05 3.5201487e-05 0.000317309 0.0036312223 6.9497306e-05 0.62770456 0.974362 0.00013651585 0.0011526261 0.001271752 0.002134269 9.661627e-05 0.002717907 0.0023234503 0.00013508646 0.00091889245 0.0002905489 0.037294082 0.000115728086 0.00045221037 0.32294688 0.001252021 6.631391e-05 0.0002695911 2.415114e-05 0.32458922 3.255947e-05 3.1378545e-06 0.00086745765 0.0137829725 0.0021394503 0.105557 0.00016863568 0.00037560755 0.00023068943 0.00034941625 0.028187381 0.0009470857 0.6206375 0.011648753 1.2633608e-05 0.17175224 1.1753714e-05 1.0176252e-05 1.6647974e-06 0.0003369936 5.6802925e-05 6.087076e-05 4.320168e-05 0.03385104 0.00060505135 0.00059419766 0.00037451656 2.2844982e-07 2.5578287e-05 2.7242857e-05 0.00011484961 0.00012082137 7.4642605e-07 3.270073e-08 8.643798e-06 2.3870991e-06 7.357637e-06 9.948751e-06 2.3215573e-06 4.506613e-07 7.8145225e-05
0.66956204 0.005104637 0.00028772722 6.361631e-05 0.034945652 0.00043913643 0.30866086 1.5568046e-06 0.4799426 0.0049502854 0.5723474 0.001735496 2.641037e-07 7.2652523e-07 2.2135753e-06 1.197857e-06 0.57035226 0.41574073 0.29972437 0.0005129483 3.3963275e-07 1.0102023e-08 0.4118195 0.0898034 2.8505054e-16 0.20705986 0.049675826 0.99566793 0.011920219 1.1899615e-07 0.03421028 3.7351817e-06 0.8608862 0.008343353 2.0793809e-07 7.2562884e-08 5.524391e-06 0.024302509 6.6249305e-07 0.0017771248 0.01973975 8.3300586e-07 5.04476e-09 0.12479778 0.001288579 0.004272069 0.00015683506 0.00025685097 5.2920726e-08 0.9343551 8.9665955e-06 0.008888486 8.755573e-09 0.15234378 0.007268074 0.00010959026 9.655751e-05 4.5852644e-08 1.5468814e-08 0.009109898 5.254165e-08 2.651348e-09 2.5430523e-07 3.41157e-06 0.0039533605 0.0042257383 0.006776709 6.8615356e-07 2.068858e-05 1.4484627e-07 3.7041555e-05 0.00010461356 0.0037552556 4.5111947e-06 1.0093867e-06 0.000678116 2.5020674e-07 2.1550191e-07 1.5623888e-07 9.2154875e-07 7.266652e-07 4.0352355e-05 5.193222e-07 4.9390736e-05 4.9579192e-08 1.405908e-05 8.7832717e-07 9.2006516e-08 7.99036e-07 1.3718582e-07 0.00035013875 3.2706734e-07 3.0873582e-07 2.0862585e-08 1.4857393e-07 2.9306386e-07 1.6007575e-06 0.0020336236 0.0008620024 1.8354541e-08 0.0002012529
0.81794 0.00015644309 0.000110962894 1.4991867e-05 0.00017362126 1.7671393e-05 0.007791622 2.901713e-07 0.01576222 0.00064317335 0.0010837379 7.181864e-05 9.562383e-08 3.0295266e-07 2.9821769e-07 2.8626658e-07 0.63929594 0.57720315 0.58619076 8.336488e-05 1.2478719e-07 1.975459e-09 0.945693 0.08710592 0.20705986 1.1653204e-15 0.96242577 0.014135807 0.00049700134 1.5074647e-07 0.33883107 8.943968e-07 0.547857 0.7048376 1.4781978e-07 7.868934e-09 1.2252698e-06 0.9306735 7.2547664e-08 0.0011846675 0.03644775 1.9246377e-07 4.151164e-09 0.0029810227 0.35661468 0.00010228261 0.08589734 0.18620469 4.4005066e-08 0.16050903 0.016503202 0.21340796 3.9290287e-09 0.003643071 0.11672565 0.01731435 2.1896417e-06 5.038688e-07 5.578186e-09 0.057282057 4.363038e-09 1.1427627e-09 2.6007808e-07 9.774294e-07 0.04955308 0.022822186 0.00046078782 7.931155e-08 1.0865916e-06 8.1716365e-07 1.8787157e-06 0.0070497147 0.0057676705 6.1513737e-07 3.816931e-08 0.00095237605 6.8749495e-07 3.0409544e-07 2.2255842e-09 6.510689e-06 1.809661e-06 5.009376e-07 2.6439602e-07 0.00026623163 2.8222448e-08 0.4003217 1.7744389e-06 1.7806999e-09 1.42251965e-05 2.7075043e-07 5.609932e-06 5.682256e-08 2.4491774e-07 2.2074612e-08 7.25742e-07 2.4157718e-08 4.7054957e-07 0.009325474 3.7170077e-05 8.633029e-08 0.008268869
0.86728185 4.7288846e-05 5.030934e-05 1.1834325e-05 4.7206835e-05 5.2944047e-06 0.0008844764 1.5177991e-07 0.0018519417 0.0012051499 0.00019705883 0.00019489978 9.7155635e-08 2.0433005e-07 6.90673e-07 2.367469e-07 0.06847446 0.16410464 0.44741142 0.0002079537 5.7226075e-08 2.697225e-08 0.4539486 0.31718186 0.049675826 0.96242577 6.9805163e-15 0.0018802859 0.00039819643 1.3475108e-07 0.8890451 1.0984552e-05 0.2525315 0.96216154 2.3287919e-07 1.6245163e-08 3.7922734e-06 0.57093656 3.948343e-07 0.006057589 0.19022258 6.2494234e-07 5.1827307e-08 0.00032682184 0.4761484 1.1529147e-05 0.17584385 0.34030288 1.2355505e-07 0.026641944 0.03196176 0.8237653 1.3977094e-08 0.0002612167 0.49878046 0.019880807 9.700088e-07 2.4022515e-06 3.562703e-07 0.18534899 8.200525e-08 5.1536286e-09 1.7448414e-07 1.7343882e-05 0.121242054 0.15106547 7.214082e-06 3.0453077e-07 4.001121e-06 5.869463e-07 8.069082e-05 0.006937775 0.015870785 5.8869708e-05 2.535717e-07 0.005349963 4.78525e-06 3.1067512e-07 1.6145512e-08 2.5435571e-05 1.1374531e-06 1.6065269e-05 6.708593e-07 0.0025905021 3.3692157e-07 0.16855374 2.6889809e-06 6.369447e-08 2.1342341e-06 8.380542e-06 7.0898536e-06 1.4303408e-06 4.3043966e-07 1.6527913e-07 3.3612085e-07 1.4493014e-07 2.218917e-07 0.0031099766 1.7783726e-06 1.0382469e-06 0.0066905953
0.14972337 0.007983967 0.0011336132 0.0012579868 0.043799713 0.011596961 0.16400316 7.353698e-05 0.24879937 0.0012910906 0.62278885 0.0011630127 2.672169e-05 0.00010092433 8.2773426e-05 5.4709235e-06 0.08819963 0.037157785 0.026252754 0.00071823807 6.009834e-07 1.0392514e-06 0.11219208 0.012271708 0.99566793 0.014135807 0.0018802859 1.4416427e-16 0.40158397 3.6022266e-06 0.0031428875 3.190022e-05 0.26504874 0.00029921607 6.126729e-06 8.473157e-07 0.00023707961 0.001735881 1.253185e-05 0.00019993141 0.0009348599 0.00095464435 3.353634e-08 0.890819 0.00013458497 0.11368966 9.1076115e-05 8.114767e-05 1.3075821e-06 0.8605681 3.3090646e-06 0.0004531247 1.1659498e-07 0.60875845 0.0009987127 4.7409476e-06 0.018012851 6.1197447e-06 1.00749546e-07 0.00036407472 3.3239255e-07 7.405827e-09 1.6006247e-06 1.0837921e-06 0.00016930216 0.00050449756 0.15822318 1.2028619e-06 0.0044322857 4.879423e-07 7.0616134e-06 1.9268178e-05 0.00051176903 9.052922e-06 1.5220978e-06 6.133432e-05 3.1711327e-06 6.42347e-08 1.5488071e-07 1.0188696e-06 1.28192005e-05 0.00088626175 6.062374e-07 8.060499e-05 1.9900888e-07 1.2319906e-06 6.833914e-08 1.044642e-08 4.3104845e-07 1.1365405e-07 0.004336539 6.3252315e-07 6.256932e-07 1.8173015e-08 4.505446e-08 3.159292e-07 2.4791584e-07 0.0049678576 0.0094089685 1.0598695e-07 3.149236e-05
0.5844179 0.33156428 0.034241263 0.30484512 0.6163151 0.75229675 0.2539212 0.033972804 0.24115954 0.025515903 0.9305053 0.017593278 0.009558811 0.018878693 0.0016920831 0.000906913 0.002954802 0.00379566 0.004123364 0.0062828534 9.659937e-06 7.6706005e-05 0.0023980094 0.014908263 0.011920219 0.00049700134 0.00039819643 0.40158397 2.8597784e-13 0.0006188766 0.0025021227 0.0003922324 0.006815022 0.0004667996 0.0006309757 2.198068e-05 0.027286194 7.5893004e-05 0.0013796104 0.0036349206 0.0023983375 0.59798306 1.3645819e-06 0.6312056 1.8854114e-05 0.9891841 5.2821724e-05 4.134641e-05 3.2412157e-05 0.02447506 1.7904526e-05 0.0003343033 1.4445897e-06 0.027416348 0.00034538395 8.6036845e-05 0.45909873 0.0003771587 5.208325e-07 0.0011650602 1.2241175e-07 2.4410159e-07 2.027624e-05 0.00023498508 0.0007527139 0.0012547319 0.22281234 8.261187e-06 0.12443037 1.4150914e-05 0.0007221306 0.00015485805 0.0035452195 0.00029238232 2.8599972e-05 0.0017376326 2.405351e-06 2.4143646e-06 1.6836829e-06 2.8786211e-05 0.0061406135 0.0059121153 8.146127e-06 0.0008076065 1.0428042e-05 1.6530286e-06 6.783983e-05 2.068985e-08 1.8981457e-06 0.00021599256 0.004033762 9.966956e-06 2.7874302e-07 1.1964424e-06 4.4232002e-07 1.5895132e-05 4.6355795e-05 2.1554923e-05 0.0012117759 4.0384944e-06 5.007157e-06
0.9358579 0.001130134 0.016026638 0.025738105 0.0013798333 0.015528471 4.1303414e-05 0.4803416 2.3368077e-05 0.0031849062 0.0006587109 0.0067823897 0.7737032 0.73179585 0.35284248 0.45307204 1.9414178e-06 4.526772e-07 2.809501e-07 0.007483717 0.06177465 0.9733786 4.006984e-07 0.0005270785 1.1899615e-07 1.5074647e-07 1.3475108e-07 3.6022266e-06 0.0006188766 2.202265e-14 3.9734743e-05 0.029180668 3.1486456e-06 2.2657517e-07 0.79268205 0.8984189 0.19994664 5.6129045e-07 0.431888 0.0026836768 0.00016707763 0.026143597 0.015655078 1.2553021e-05 7.3827714e-08 2.0010948e-05 7.1276725e-07 1.7659673e-06 0.94859606 2.9733083e-05 4.5126725e-07 3.577841e-07 0.0042617535 2.3913074e-06 5.687889e-06 4.6633395e-06 3.8339083e-05 0.6533789 0.013912167 0.00020217938 0.07331615 0.00039977703 0.00014816113 0.0016917619 1.4322724e-06 9.610083e-05 2.1500814e-06 0.00018539738 2.7543883e-05 0.65491456 0.0043094247 4.234708e-06 0.0014772706 0.0022350647 0.000106049185 0.004018191 0.058832325 6.04079e-05 2.1373253e-05 0.392159 0.004733697 0.00014902199 5.821144e-05 0.002629962 6.5057895e-05 4.0772935e-08 0.00011097846 5.921199e-07 0.011655164 0.04237665 1.7021533e-05 8.84802e-06 7.032731e-05 3.7731718e-06 0.024321832 0.001106414 1.0798576e-05 5.8331893e-06 1.1997606e-06 5.95046e-07 7.9709636e-08
0.89014125 0.005889549 0.00091802736 0.0006382326 0.005293368 0.0004775346 0.047210883 6.644229e-05 0.07279184 0.061566643 0.0074892426 0.0066606794 7.405195e-06 4.7465233e-05 0.0010340872 0.0001250143 0.5465079 0.6950912 0.8852146 0.0078364415 7.833214e-05 1.3325684e-06 0.12926446 0.8039826 0.03421028 0.33883107 0.8890451 0.0031428875 0.0025021227 3.9734743e-05 1.353937e-15 0.0017052664 0.032299202 0.6301102 8.52071e-06 2.2684706e-06 0.00019225602 0.037635624 2.8442159e-05 0.076378725 0.79696923 6.813985e-05 1.8704215e-05 0.0005913141 0.037909023 4.825037e-05 0.04068354 0.0375203 7.701745e-05 0.004932508 0.006432276 0.34734362 1.16583315e-05 0.0005437569 0.9351869 0.007831205 1.067674e-05 0.00010434751 1.0332703e-06 0.64845395 4.9078144e-06 4.816431e-07 1.3333445e-05 0.0005939045 0.011596104 0.21224657 0.00017969483 6.4135966e-06 0.00043811405 0.00013150243 0.001431617 0.0013665166 0.16370451 0.00038750528 3.9205975e-06 0.03502359 4.105727e-06 1.5539403e-06 3.2706924e-07 0.0004997027 1.1276884e-05 6.702556e-05 3.5917228e-06 0.008951767 2.7732085e-06 0.014293388 9.716574e-06 1.5153938e-07 3.5748537e-05 9.82097e-06 7.636776e-05 1.3517473e-06 5.869329e-07 8.0460865e-08 1.3281394e-06 6.40023e-07 1.01098735e-07 0.00032496545 1.9124705e-05 2.8596645e-07 0.0010468956
