5.0831805e-25 0.14216326 0.87867516 0.16801144 0.7193282 0.8678231 0.5362256 0.010534586 0.040034622 0.5031563 0.4913427 0.0020125867 0.8931402 0.1925981 0.39796692 0.7823852 0.90573496 0.9694781 0.57520944 0.31083825 0.906257 0.0007200198 0.821296 0.092614606 0.0019179737 0.00020526453 0.934341 9.460728e-06 0.4708138 0.116801456 0.02088262 0.8326386 0.013266476 0.024658993 0.0028597054 0.00093614554 0.00046573288 0.8011728 0.0735217 0.94478446 0.70238245 0.0693299 0.7563529 0.0008734949 0.9709303 0.23680128 0.7704774 0.93293685 0.9298706 2.237531e-06 0.032116402 0.23328276 0.1567112 0.9590214 0.94624573 0.00030299413 0.00012836652 0.5685499 0.44020334 0.94013673 0.30147567 0.14164981 0.6427086 0.97836244 0.8664115 0.99081427 0.5602721 0.9026098 0.0028185383 0.98341465 0.99573445 0.07201246 0.017032357 0.9990854 0.0053930106 0.02052702 0.9091838 0.03825543 0.9891429 0.06164973 0.10575109 0.99282223 0.0011450725 0.43544218 0.0035548024 0.0065873065 0.9997928 0.0018866347 0.9978026 0.22383979 0.12716638 0.9324554 0.46061364 0.9999274 2.2533871e-07 0.99985045 1.7937261e-06 0.09449766 0.9999778 0.023003008 0.18730107
0.14216326 4.9470686e-18 0.14125225 0.95465714 0.9736416 0.38775685 0.011269646 0.74752545 0.1660241 0.0012107306 0.5420269 0.15485257 0.007814781 0.00065641355 0.23376764 0.1796419 0.006467972 0.011989206 0.1830502 0.22711109 0.0006057242 0.021497693 0.032983623 6.2969375e-05 0.38998923 0.15044965 0.045539744 0.018488925 0.032369692 0.00033885904 0.00620671 0.1216335 0.013404736 0.0038429413 0.020756828 0.00016933479 3.4906236e-05 0.013272835 0.00090315065 0.023976618 7.542192e-05 8.9172e-05 0.0096638715 0.004536769 0.009310496 4.040937e-06 1.3968055e-05 6.764602e-05 0.011668427 1.1308083e-05 7.813442e-05 5.3279946e-05 5.620053e-06 5.7388588e-05 0.0019359344 0.00097473693 5.010307e-05 0.00043776116 1.9099389e-05 8.022315e-05 8.697268e-05 2.4102305e-06 1.0678659e-06 1.6537753e-05 0.0018157479 0.0023213043 3.3318344e-07 0.0010582566 1.9266845e-06 0.001831452 0.0035110766 2.1296294e-06 3.3797358e-05 9.12379e-05 2.5962561e-05 4.094837e-06 0.0001989107 4.7860576e-06 0.00038984977 1.2372107e-05 6.381425e-06 0.0010237625 4.7419694e-06 8.389518e-05 4.7230587e-06 4.2646625e-06 0.0010374215 9.965535e-07 0.00066273793 5.5750675e-06 3.1418638e-06 5.36894e-06 1.9519555e-06 0.00038769507 6.2747176e-06 1.8871562e-05 1.2922048e-07 1.9196527e-06 0.00089961075 1.7240557e-06 4.2868282e-06
0.87867516 0.14125225 1.8434512e-18 0.35258874 0.15758723 0.97960085 0.8554977 0.039999682 0.5952447 0.30176994 0.028402798 0.076919615 0.5780802 0.10737568 0.0049057957 0.3099003 0.45176005 0.5543049 0.026604416 0.0005696757 0.07684609 0.04144873 7.792702e-05 0.018102117 0.00045337778 0.0004146167 0.4984215 0.0035340982 0.0020464251 0.021560516 0.35536024 0.22201699 1.7079747e-05 1.2962996e-06 7.965668e-06 0.041684832 0.009911242 0.0024131334 1.9252977e-06 0.1337652 0.003177137 1.4125712e-07 0.00024820416 0.06962453 0.25160348 7.042249e-05 0.0006882035 0.042869374 0.010329214 0.0018182743 0.015999816 0.0017772453 3.713482e-05 0.0050991485 0.2094887 4.7878243e-06 0.005992728 0.00021859426 0.0001094716 0.003513654 5.864126e-05 3.482733e-05 4.2783435e-05 0.0005465868 0.004024836 0.00077476003 1.3234719e-05 0.03892891 6.7231284e-08 0.010428888 0.018021734 1.2259834e-05 5.3958658e-05 0.0006462291 0.0001516868 7.2296752e-06 0.00013856968 1.6194459e-06 0.016421398 1.9416993e-06 1.6974764e-05 0.035883654 0.00093945954 3.2888904e-05 4.013547e-07 1.0831793e-06 0.00020667548 1.3741759e-07 0.025767356 5.2530006e-05 2.7595347e-06 1.3275182e-05 4.51641e-05 0.015628465 8.0859594e-05 0.00017224895 2.438838e-07 1.2674856e-07 0.006284394 5.562256e-07 1.1085178e-07
0.16801144 0.95465714 0.35258874 5.0016122e-15 0.49884436 0.37581432 0.06360463 0.97517705 0.63569134 0.003697993 0.42849687 0.58893096 0.015434659 0.004450348 0.2224245 0.2842561 0.0041524773 0.007140402 0.24715702 0.11573721 2.3288363e-05 0.0934072 0.011516933 0.00018779078 0.20812175 0.35168648 0.07880488 0.049274664 0.03449366 0.00019154942 0.007480252 0.17480272 0.005139298 0.00038351375 0.006014557 0.00062133727 9.023207e-05 0.011035589 0.0010260027 0.028148763 1.6468266e-05 3.0236442e-05 0.0038024825 0.013491492 0.0061550625 2.7429967e-06 1.5568396e-05 0.00021617368 0.012727444 0.00017723128 1.6328053e-05 2.2240887e-05 6.2419163e-06 8.6417414e-05 0.006319055 0.00035536362 4.6787056e-05 0.00032070448 5.7563466e-06 9.365227e-05 0.000100935984 2.6129642e-06 1.2876095e-06 2.3648468e-05 0.003971836 0.003363057 8.377364e-07 0.0010713184 2.5436698e-06 0.002258147 0.0026084208 4.6218756e-06 2.3421442e-05 2.2188515e-05 4.686974e-06 1.9516494e-05 0.00022682978 2.0757236e-05 0.00017499484 7.3339447e-06 3.7623527e-06 0.003596031 1.3412184e-05 9.129148e-06 3.6109527e-06 3.6142255e-06 0.0006798031 2.0635484e-06 0.0005901592 1.0897131e-06 2.4527048e-07 4.234567e-06 1.945065e-06 0.00034556928 5.4099314e-07 2.0477271e-05 2.4566796e-07 6.326383e-07 0.0012295477 6.991385e-05 1.7687199e-06
0.7193282 0.9736416 0.15758723 0.49884436 9.652989e-18 0.6339892 0.0010205915 0.3308405 0.01803759 9.398189e-05 0.82294244 0.04008394 0.0027013172 5.982558e-05 0.62037456 0.6069401 0.0014209808 0.0017938631 0.5611782 0.41162705 1.5025424e-06 0.004495809 0.09258709 1.1172243e-06 0.23636553 0.03054077 0.15164295 0.0045256694 0.22622436 7.417189e-06 0.00035651756 0.3140247 0.022981893 0.0069576656 0.015281887 3.4293535e-05 1.14994555e-05 0.06254018 0.0046831034 0.06281997 9.456997e-07 0.00013533044 0.0503688 0.0022659844 0.01548873 2.480412e-07 1.0806051e-06 2.0961155e-05 0.072980724 4.963794e-05 3.1273175e-06 4.518932e-06 2.3521095e-07 2.0477895e-05 0.0043154825 0.0011573312 2.8318012e-05 0.0022702229 1.059681e-06 2.281002e-05 0.00011559936 8.922388e-07 2.6472478e-07 1.561116e-06 0.022570813 0.01211207 3.6424193e-08 0.0010151714 1.1775784e-05 0.023453709 0.03146286 3.2531875e-07 2.6234786e-06 5.1294633e-06 5.647513e-06 9.542456e-07 0.0013595751 6.4415515e-05 0.00025031954 3.4432218e-05 2.2993909e-06 0.010527994 3.8138314e-06 8.798891e-05 4.1520826e-07 1.9635852e-06 0.004709204 4.6205733e-07 0.0034419843 3.6578487e-07 5.530841e-07 1.7240811e-07 2.498591e-07 0.00074159063 3.6475676e-06 5.444342e-06 3.3055116e-07 3.289759e-07 0.0018516079 5.484775e-05 2.1891396e-05
0.8678231 0.38775685 0.97960085 0.37581432 0.6339892 3.6915165e-16 0.14629763 0.0785215 0.36653078 0.026937097 0.5098735 0.06742738 0.11576908 0.011397747 0.17767593 0.74462926 0.10559249 0.15160021 0.28898785 0.01063463 0.003537648 0.032287207 0.004082543 0.0015264073 0.006337791 0.0036664582 0.5865009 0.005695785 0.02791943 0.0025166343 0.09657683 0.45243937 0.00017547162 4.0105973e-05 0.00015831314 0.0056638 0.00089087035 0.014614781 7.5312564e-06 0.23545901 0.00015702093 1.133118e-06 0.0017798658 0.021693569 0.2147407 7.5427934e-06 8.296357e-05 0.010808278 0.029255917 0.00029150254 0.0017522424 5.2916414e-05 4.2047354e-06 0.0012761013 0.1170741 4.037237e-05 0.00027209296 0.00047845405 1.2783638e-05 0.00072473916 7.2903575e-05 1.305337e-06 4.0016744e-06 0.00010833747 0.012588784 0.0034003255 1.8293538e-06 0.022595404 1.0034011e-07 0.021175925 0.050601613 1.60535e-06 4.695228e-06 0.00017221054 1.4738933e-05 3.155572e-06 0.0004632489 3.0472966e-06 0.0053594196 4.2827505e-06 7.270288e-06 0.060474623 8.403318e-06 2.3843086e-05 2.7442832e-07 7.7030677e-07 0.0014769613 2.4142577e-07 0.021349065 2.4954714e-05 6.4639544e-06 3.1324573e-06 1.4448949e-05 0.010514131 5.368792e-06 0.00013573254 2.1195932e-08 2.0409713e-07 0.0057028183 5.433315e-06 3.068266e-06
0.5362256 0.011269646 0.8554977 0.06360463 0.0010205915 0.14629763 5.2196077e-18 0.0086513655 0.7381452 0.96614456 0.00092092424 0.044113748 0.8187816 0.9466825 0.0001236309 0.016641231 0.48930025 0.467709 0.00090215384 7.3659525e-05 0.5457892 0.073776685 3.0447864e-06 0.2325986 0.00013155372 0.0002098633 0.057276946 0.0021971872 0.00043651048 0.14384456 0.61926544 0.023291063 1.7895246e-06 5.302795e-07 7.999789e-06 0.15198436 0.089532234 6.7179084e-05 1.5250547e-06 0.008838086 0.009828453 1.6591368e-07 1.9619018e-05 0.12916164 0.021626016 0.00040997786 0.0009610537 0.016255008 0.0004905941 0.009478185 0.06429437 0.008629508 0.00032509438 0.0017032063 0.058493607 2.4284045e-06 0.026550863 2.6094043e-05 0.00025566644 0.0007906208 1.1085337e-05 8.7828106e-05 8.7806584e-05 0.00017365506 6.0403054e-05 2.1954893e-05 2.4140045e-05 0.0053154286 1.3041206e-07 0.00016024163 0.0006649325 2.4998444e-05 0.00016542414 0.0002448032 0.00020918311 1.846245e-05 1.4736894e-05 5.4641446e-06 0.0006349376 6.4609065e-07 4.5310306e-05 0.0021110624 0.004746714 4.3142827e-06 1.8107502e-06 8.495346e-06 1.8611281e-05 6.5195054e-06 0.0011081902 8.939508e-05 1.4470978e-06 1.36607205e-05 1.6729613e-05 0.0020617428 0.00030771515 2.863485e-05 1.9151432e-06 3.4188856e-06 0.00039613064 1.8323908e-05 7.0595393e-06
0.010534586 0.74752545 0.039999682 0.97517705 0.3308405 0.0785215 0.0086513655 2.3937993e-17 0.59689474 0.00043667556 0.15671489 0.89237154 0.0010758134 0.00033284727 0.06848217 0.04114299 0.0005699477 0.00047533022 0.025801161 0.045154292 1.1589138e-05 0.39881846 0.005234473 2.3410869e-06 0.27234584 0.8607712 0.0033848037 0.22607437 0.0053819283 4.6628345e-05 0.0010851242 0.006614571 0.0012428944 0.00018645203 0.007399587 7.383859e-05 2.4290173e-05 0.00050821493 0.0002040056 0.00088782934 5.7073576e-06 2.816855e-05 0.00049435033 0.009440697 0.00052867335 2.98794e-06 1.1142195e-06 1.0256544e-05 0.00043577014 8.949155e-05 3.9869515e-06 3.9902643e-06 1.616707e-06 3.2796284e-05 4.4534976e-05 0.0012121893 7.641718e-06 4.8578288e-05 6.004896e-07 3.6858808e-05 2.8522942e-05 2.1174287e-07 1.4209277e-07 9.046699e-06 9.956739e-05 0.00038095258 1.847562e-07 0.00012153742 3.076344e-06 0.00013289845 0.00016755985 4.7304445e-07 2.0862617e-05 1.7692337e-05 1.200342e-06 1.2215805e-06 1.9425801e-05 7.756034e-06 6.753135e-05 1.8196192e-07 1.6286024e-06 7.8289195e-05 3.8400958e-07 1.6587878e-06 2.5945803e-07 4.900979e-07 8.226183e-05 1.5222953e-06 9.001324e-05 1.1602309e-07 1.2362134e-08 4.0343312e-07 1.3491632e-07 0.00018374142 3.2231893e-07 6.7913725e-06 1.08976764e-07 6.058045e-07 0.0005108652 9.361267e-06 4.2502745e-07
0.040034622 0.1660241 0.5952447 0.63569134 0.01803759 0.36653078 0.7381452 0.59689474 1.4646614e-19 0.3724279 0.03984673 0.9696138 0.3114473 0.56384027 0.008692538 0.15837684 0.09934348 0.14465655 0.021357305 0.00065175537 0.06648167 0.90510553 2.6751904e-05 0.07138824 0.00052053784 0.25178796 0.09376576 0.22368811 0.0005236458 0.14412864 0.6281371 0.047437195 2.6959742e-05 3.5902813e-06 3.1976033e-05 0.073850274 0.028241735 0.00013449143 3.2836155e-07 0.012281472 0.007974478 4.5006732e-07 8.852856e-06 0.24576356 0.011290224 0.00035945326 0.00027510637 0.0038678364 0.00020752437 0.0030054431 0.011703471 0.0004400671 3.9395232e-05 0.00039671778 0.0108632445 6.5059254e-07 0.007561267 2.730964e-06 7.083963e-05 0.00019489533 7.3340284e-06 3.9876875e-05 3.978474e-06 1.5903883e-05 8.510149e-05 1.2781614e-05 2.415295e-06 0.0017394961 3.9633143e-08 4.8753347e-05 7.2494935e-05 4.0489567e-06 4.7780995e-06 3.8985832e-05 2.2432923e-05 3.1388302e-06 1.091654e-06 6.493107e-07 0.00015412095 6.8611854e-08 3.1458064e-06 0.0015574269 0.00042311073 1.225087e-07 1.0828039e-07 1.6180935e-06 3.3120024e-05 7.436323e-07 0.0003251353 3.0152628e-06 3.3297405e-07 1.3728202e-05 2.0238847e-06 0.0002600961 3.326862e-05 1.363638e-05 1.3696196e-06 4.0541747e-07 0.0019860382 1.7939594e-07 6.31304e-07
0.5031563 0.0012107306 0.30176994 0.003697993 9.398189e-05 0.026937097 0.96614456 0.00043667556 0.3724279 4.2708104e-18 0.00022350912 0.0030636727 0.7548473 0.9238649 2.3740618e-05 0.0032596958 0.5062753 0.40856057 0.0003196367 5.3395055e-05 0.92513824 0.009211298 1.0656755e-06 0.52599794 4.6702757e-05 0.00028135462 0.013713215 0.00017310462 0.00013604862 0.46146423 0.60527545 0.0020770633 1.8794548e-05 3.8163635e-06 1.6226886e-05 0.13000873 0.112114675 3.8512786e-05 3.345401e-07 0.0016663217 0.07876193 9.101703e-08 4.1678823e-06 0.034158997 0.0066372245 0.0040237075 0.0022116015 0.04999977 3.8190345e-05 0.0072568017 0.23508573 0.07767196 0.0008714663 0.0071639 0.07839639 3.9733704e-06 0.046309583 3.2907049e-06 0.0027090516 0.0017209142 4.320084e-06 0.005212438 0.00018203685 0.0006323105 1.1350036e-05 6.1965548e-06 0.00021029644 0.007050195 1.9490665e-06 7.875478e-06 4.0214894e-05 0.0006533352 0.0032975052 0.00082609983 0.0021068077 0.00026931977 2.2300878e-06 2.9244923e-06 0.0028193356 6.6785395e-07 0.00016308764 0.001023742 0.019855171 1.7215599e-06 5.5881173e-05 5.424501e-05 8.465015e-07 9.465687e-05 0.00044237106 0.00028946306 3.8933853e-05 0.000100902005 0.00016697298 0.0016181339 0.00055643625 8.767313e-05 0.000116823554 2.6327938e-05 0.00036592674 1.5896967e-05 4.252349e-06
0.4913427 0.5420269 0.028402798 0.42849687 0.82294244 0.5098735 0.00092092424 0.15671489 0.03984673 0.00022350912 1.849826e-18 0.040124245 0.00076272484 0.000112631235 0.97001415 0.83168864 0.00046301895 0.00084154203 0.7993018 0.3178401 0.0001336152 0.011311277 0.4543809 3.899834e-06 0.25049138 0.07012028 0.30537853 0.01117014 0.5692153 5.7642166e-05 0.0014360001 0.45916635 0.04931532 0.032486018 0.039714698 6.893576e-05 1.2551357e-05 0.13685279 0.008760793 0.15651086 2.6511287e-05 0.0013168596 0.053429242 0.0018215008 0.031000447 4.3220452e-06 1.7900667e-05 0.00033569447 0.078779034 6.2839285e-06 7.907588e-05 2.558285e-05 1.5367425e-05 0.00015561782 0.008380074 0.0003593136 1.2650137e-05 0.0010105122 4.123922e-05 0.00025982785 9.356389e-05 6.4809313e-07 8.973824e-06 1.8266053e-05 0.021834036 0.0059049786 6.831845e-07 0.001757013 9.633151e-07 0.016250065 0.04333473 1.1108847e-06 7.6807855e-06 9.144627e-05 2.014819e-05 1.974356e-06 0.0008376766 3.9175966e-06 0.00047825533 1.6702224e-05 2.1353155e-06 0.012915772 2.8840382e-06 9.04856e-05 2.5345298e-07 8.364591e-07 0.0014709726 1.6635992e-06 0.0030695337 2.604083e-06 1.290752e-06 1.8012067e-06 7.1991644e-07 0.0014788577 1.8026554e-06 1.1887025e-05 3.4194284e-07 5.8943357e-07 0.0017167056 2.3305104e-06 1.1081679e-05
0.0020125867 0.15485257 0.076919615 0.58893096 0.04008394 0.06742738 0.044113748 0.89237154 0.9696138 0.0030636727 0.040124245 6.960483e-18 0.0038573053 0.010766603 0.015357223 0.029431442 0.0013043217 0.0016566545 0.0077025797 0.008526096 0.00105323 0.84898233 0.0007954684 0.00057319755 0.03775898 0.79024786 0.0033312084 0.3415624 0.0010510065 0.0035702917 0.060590927 0.0025163644 6.26583e-05 3.3400247e-06 0.0006990358 0.001232455 0.00024622492 0.00017052102 2.205025e-06 0.00096619135 0.00033825866 4.64928e-06 0.00013810214 0.047937278 0.00049374683 5.8232155e-05 1.0931005e-05 1.4332227e-05 0.00011812164 0.0006334335 6.7661764e-05 9.189037e-05 3.7482692e-05 6.200223e-05 8.633883e-05 1.9744683e-05 5.5813904e-05 6.968669e-06 1.0304163e-05 0.000120913246 3.3647218e-06 6.8419877e-06 1.0581208e-06 4.6525827e-05 0.00016142635 0.00022039341 2.9603425e-06 0.00020908398 1.6656217e-06 5.534027e-05 0.00010662338 2.4982014e-06 1.1435457e-05 1.7918019e-05 4.9081514e-06 3.7550292e-06 6.876697e-06 3.594421e-07 8.717538e-05 3.5881857e-08 3.8090589e-06 0.00011242454 3.0023006e-07 1.5620148e-07 1.4137747e-07 1.0428002e-05 2.0270247e-05 1.1625175e-06 9.14121e-05 1.8134945e-06 2.6945372e-07 2.546993e-06 6.488928e-07 0.00013962589 1.6484616e-06 3.8664903e-06 5.0814016e-08 1.5971983e-06 0.00021816025 6.162166e-07 2.2986158e-07
0.8931402 0.007814781 0.5780802 0.015434659 0.0027013172 0.11576908 0.8187816 0.0010758134 0.3114473 0.7548473 0.00076272484 0.0038573053 3.682419e-15 0.5120451 0.00010235228 0.015180319 0.9201592 0.83991015 0.00086094625 0.00019481801 0.8083299 0.008264316 1.30885655e-05 0.25535065 0.00022845037 0.0001633091 0.07257354 0.00012000228 0.00040774688 0.3281407 0.45799968 0.01499824 2.2022456e-05 4.8599386e-06 5.6571616e-06 0.07148937 0.040048312 0.00023182167 2.1234134e-06 0.017169585 0.10498146 1.9180412e-07 1.8029503e-05 0.03249566 0.07912754 0.0053705587 0.0029475335 0.16267054 0.0008313441 0.0024865274 0.088540226 0.041102283 0.002046472 0.017773291 0.43564966 6.313151e-06 0.022798324 2.8701463e-06 0.004035103 0.006240738 1.6600055e-05 0.0042470624 0.0002997636 0.0016578897 0.0007383793 2.1437372e-05 0.00024451973 0.036260884 1.2251635e-06 0.0008029778 0.0011721354 0.00050484267 0.0012830986 0.003277351 0.0010883407 0.00061988755 1.5394714e-06 1.3282445e-06 0.02195577 2.063879e-06 0.0005198413 0.013679581 0.010890499 8.069632e-06 9.24988e-05 7.9390295e-05 1.7100045e-06 3.6632428e-05 0.010027667 0.00019833392 0.00014761052 0.00017109947 0.00017428883 0.024126265 0.00013865787 0.0005171871 1.1928747e-05 8.830529e-06 0.005741002 2.616645e-06 7.123813e-07
0.1925981 0.00065641355 0.10737568 0.004450348 5.982558e-05 0.011397747 0.9466825 0.00033284727 0.56384027 0.9238649 0.000112631235 0.010766603 0.5120451 2.5317148e-17 1.4933976e-05 0.0019801669 0.28934696 0.232657 0.000203231 1.6295695e-05 0.6758893 0.027609311 7.9081e-07 0.87594795 5.9735103e-05 0.00053790933 0.008241169 0.0006358954 6.431877e-05 0.78990513 0.8092839 0.0012567396 6.0401526e-06 1.54051e-06 1.10911105e-05 0.28186923 0.33889252 1.6550926e-05 5.873876e-07 0.0014686779 0.02262436 3.6217247e-07 8.614961e-06 0.119913615 0.0039859675 0.0020238783 0.0016653009 0.014871415 1.9773966e-05 0.012380341 0.17230433 0.05339394 0.0006740952 0.0025663723 0.019612608 2.2846084e-06 0.06962117 9.1273205e-06 0.0009363959 0.000937432 3.6548554e-06 0.0011451734 0.00019963305 0.0007113277 3.035332e-06 1.4476217e-05 6.972335e-05 0.002204325 4.3066385e-07 2.1472095e-05 9.1744405e-05 0.0001214533 0.0017779302 0.0007110496 0.0014524007 6.156421e-05 1.0164757e-05 1.0787595e-05 0.0007929851 6.0283696e-07 0.00010522974 0.0005343902 0.028894877 2.3411494e-06 4.5014454e-05 2.9200712e-05 7.2072603e-06 8.3590654e-05 0.00022484297 0.00026672106 2.1352595e-05 5.2271196e-05 8.9446745e-05 0.0006088438 0.0013516778 0.00019578972 5.3960044e-05 3.0022236e-05 0.00039357552 1.3996831e-05 2.186398e-05
0.39796692 0.23376764 0.0049057957 0.2224245 0.62037456 0.17767593 0.0001236309 0.06848217 0.008692538 2.3740618e-05 0.97001415 0.015357223 0.00010235228 1.4933976e-05 1.5548847e-17 0.6257032 4.4845034e-05 3.607127e-05 0.8832434 0.3471931 6.8856293e-06 0.0020457744 0.7022707 2.1151156e-07 0.1648547 0.0344035 0.12418824 0.0020440738 0.86350924 3.702896e-06 6.704008e-05 0.41206616 0.091261365 0.08263845 0.05537222 2.0206882e-05 2.417791e-06 0.27212477 0.035310596 0.117153645 2.7530184e-06 0.0063329334 0.17188977 0.0002013147 0.016095312 3.8403857e-07 3.6139602e-06 3.9320916e-05 0.11998959 5.847269e-06 1.1008619e-05 8.156949e-06 1.1210153e-06 1.9771855e-05 0.0026225436 0.0017014367 6.4003434e-06 0.003455576 5.712297e-06 7.693057e-06 0.00028280943 9.853157e-08 9.632095e-07 1.8653854e-07 0.041534405 0.010581901 7.2481e-08 0.00019067348 7.28822e-06 0.028798865 0.061335023 4.942548e-08 1.4505091e-06 8.068193e-06 2.1298345e-06 9.078643e-08 0.0012476655 4.004574e-05 5.0455168e-05 5.2498912e-05 2.2955095e-07 0.012107099 8.880537e-07 0.00017555062 1.8660694e-08 1.04029205e-07 0.0019159492 5.5478324e-08 0.0026156546 2.0070271e-07 2.7926797e-07 2.4334133e-07 4.086964e-08 0.0005848098 3.1706136e-07 1.3829349e-06 8.888776e-08 1.393018e-07 0.0005265068 2.1296182e-05 4.3156593e-05
0.7823852 0.1796419 0.3099003 0.2842561 0.6069401 0.74462926 0.016641231 0.04114299 0.15837684 0.0032596958 0.83168864 0.029431442 0.015180319 0.0019801669 0.6257032 9.085842e-17 0.010248748 0.025439182 0.9384482 0.08926102 0.0004224431 0.007975253 0.16317923 0.0001703229 0.018602293 0.004237918 0.8318089 0.001842428 0.34582046 0.0004000158 0.017477889 0.6867098 0.0038403347 0.003160617 0.0025525398 0.0010740123 9.873792e-05 0.11456771 0.0014430007 0.31879446 0.00010987869 0.0001221457 0.01576834 0.007750043 0.16924745 8.122474e-06 2.9291636e-05 0.003818607 0.036224872 0.00011766685 0.0002959513 2.5755631e-05 8.343403e-06 0.00031058732 0.048212007 0.00017021217 6.253281e-05 0.000446213 2.7031621e-05 0.00024503702 0.00015484625 2.6386492e-06 2.8515747e-06 9.394304e-06 0.010195321 0.0023578224 1.320914e-06 0.0051573417 1.5854218e-06 0.011494911 0.048266836 1.8888551e-06 1.30921735e-05 6.0413364e-05 2.085816e-05 2.7177678e-06 0.0004690241 1.0729839e-05 0.000737386 1.2567792e-05 6.479223e-06 0.070004895 1.4720487e-05 3.0228886e-05 1.15409065e-07 1.239545e-06 0.00045390017 4.00635e-07 0.012891676 4.3643845e-06 1.1561507e-05 2.203932e-06 3.0748013e-06 0.0027749853 1.629474e-06 1.4907694e-05 3.3053317e-07 6.824832e-07 0.0030284738 1.620788e-05 1.314715e-05
0.90573496 0.006467972 0.45176005 0.0041524773 0.0014209808 0.10559249 0.48930025 0.0005699477 0.09934348 0.5062753 0.00046301895 0.0013043217 0.9201592 0.28934696 4.4845034e-05 0.010248748 2.8906835e-15 0.9702495 0.00038408543 0.00013636766 0.6780705 0.002222472 9.160737e-06 0.14650089 7.863414e-05 1.9239442e-05 0.06376204 3.2539574e-05 0.00032855186 0.19822256 0.26170364 0.0088635525 2.8060284e-05 1.7332413e-06 7.687206e-06 0.020879986 0.013432628 6.8002686e-05 2.5638183e-06 0.013842877 0.1628836 7.162017e-08 3.6187953e-06 0.010718743 0.082109645 0.0075584846 0.004994812 0.2694234 0.001350719 0.0005715545 0.06710461 0.035246715 0.001636326 0.020704426 0.52633214 1.2231362e-05 0.008510016 2.169699e-06 0.0044411183 0.006112154 9.318032e-06 0.005170222 0.0003537047 0.0009158133 0.000610795 1.2588026e-05 0.00023786386 0.08606369 3.0445062e-07 0.00042925437 0.001401632 0.00034424817 0.0013341446 0.0028397767 0.0024778694 0.00037694135 8.6961734e-07 8.470926e-07 0.03602701 8.457188e-07 0.00034830306 0.022844702 0.005885074 2.786259e-06 3.4499204e-05 4.1387797e-05 9.0112536e-07 5.4494725e-05 0.02733789 0.00024408706 0.00015510341 0.00012372881 0.00016791609 0.043994553 4.5742305e-05 0.0005018509 8.684351e-06 2.6554262e-06 0.011230736 1.3962201e-06 4.968122e-07
0.9694781 0.011989206 0.5543049 0.007140402 0.0017938631 0.15160021 0.467709 0.00047533022 0.14465655 0.40856057 0.00084154203 0.0016566545 0.83991015 0.232657 3.607127e-05 0.025439182 0.9702495 6.099038e-17 0.00060560723 0.00025426346 0.620442 0.0023202295 1.1191891e-05 0.14121772 0.000108431326 3.3306016e-05 0.22708818 5.4558997e-05 0.00026481505 0.178121 0.25483468 0.03223896 2.214839e-05 2.1814922e-06 6.6471152e-06 0.026199803 0.014438868 0.00025909345 6.688454e-06 0.045694347 0.09403398 7.1272545e-08 1.8752351e-05 0.010689573 0.29166105 0.0049846573 0.0034736625 0.4328286 0.0044303816 0.00095725077 0.06707959 0.027482335 0.001006006 0.023138896 0.8142656 2.1284486e-05 0.008313821 7.371684e-06 0.0012179305 0.0039878758 2.288098e-05 0.0014862049 8.729985e-05 0.00044985602 0.0054394156 6.888483e-05 2.084116e-05 0.2559604 6.699099e-07 0.0021481016 0.0057443897 9.4265095e-05 0.0005497899 0.0022946922 0.0018500742 0.00015327476 1.017466e-05 2.7277183e-06 0.041715145 1.8719767e-06 0.00012041842 0.05258377 0.0026658336 6.4603432e-06 1.4589311e-05 2.9005289e-05 2.6023616e-05 3.9665836e-05 0.05774477 7.8443896e-05 4.0867595e-05 2.479953e-05 4.2204298e-05 0.09074297 7.2056275e-05 0.0001967916 4.2913116e-06 5.884832e-07 0.019830028 6.1993032e-06 3.1730142e-06
0.57520944 0.1830502 0.026604416 0.24715702 0.5611782 0.28898785 0.00090215384 0.025801161 0.021357305 0.0003196367 0.7993018 0.0077025797 0.00086094625 0.000203231 0.8832434 0.9384482 0.00038408543 0.00060560723 3.143755e-19 0.13969578 6.223232e-05 0.0016245949 0.4456737 8.532688e-06 0.040871937 0.0049862713 0.46857324 0.0006459207 0.9209336 6.5208085e-05 0.00064875366 0.759889 0.04321069 0.045314807 0.015967134 3.731364e-05 1.4080883e-05 0.5023479 0.03295241 0.30878857 2.6810161e-05 0.012032234 0.18313688 0.00020509957 0.055333354 3.1405666e-06 9.017328e-06 0.00037528633 0.18566322 4.14239e-06 1.7823755e-05 1.4617973e-05 1.0820007e-05 8.635579e-05 0.01482181 0.0006850199 3.7176264e-06 0.0022054932 1.5111006e-05 4.966407e-05 0.00031108563 4.311689e-07 9.284636e-06 1.8107623e-06 0.03963293 0.00824047 1.1969937e-06 0.0012478745 1.1048924e-05 0.026344107 0.11553368 2.6538655e-07 7.155757e-06 1.0928399e-05 4.945189e-06 4.6908178e-07 0.001875557 6.772794e-05 0.00015455073 5.8345613e-05 1.8808864e-06 0.049133584 1.3836026e-06 0.0002476662 2.958206e-08 8.579958e-08 0.00211591 7.478435e-08 0.0055237566 1.4400402e-07 3.4636477e-07 5.799561e-07 5.4498848e-08 0.0013157285 2.2147289e-07 1.0467272e-06 1.5517256e-07 1.083157e-07 0.0012472082 5.2757838e-05 0.00013453056
0.31083825 0.22711109 0.0005696757 0.11573721 0.41162705 0.01063463 7.3659525e-05 0.045154292 0.00065175537 5.3395055e-05 0.3178401 0.008526096 0.00019481801 1.6295695e-05 0.3471931 0.08926102 0.00013636766 0.00025426346 0.13969578 1.3614832e-15 2.3263358e-06 0.002541919 0.979085 2.8880746e-07 0.6719339 0.047517642 0.0042421357 0.0010878224 0.22910504 1.672708e-05 1.0344077e-05 0.026797555 0.7843891 0.7802083 0.6763887 2.460661e-05 2.1091657e-05 0.022680733 0.38932377 0.00895068 9.667844e-06 0.10391049 0.17067796 0.0018034743 0.0017014481 7.878025e-06 4.5531983e-06 1.8060033e-05 0.02168241 2.0532689e-05 9.756339e-05 2.0590724e-06 4.6572995e-06 4.250964e-05 0.00029270485 0.14095192 5.2817944e-05 0.015974909 1.9909194e-06 5.8692513e-05 0.021929804 1.2226603e-07 1.0939676e-06 3.0271442e-05 0.014753932 0.015015909 2.430616e-07 9.1575166e-05 0.0017006247 0.004280511 0.0023376949 9.1067693e-07 1.4003999e-05 8.2419465e-06 4.554631e-06 1.2009941e-05 0.0027821318 0.00089037686 0.00012283702 0.00035534767 4.0259506e-06 0.00069709914 2.9069339e-05 0.0005303962 1.084126e-06 1.8015806e-05 0.0042326474 4.713466e-06 0.00015397448 1.5391178e-06 1.9544187e-07 6.397145e-06 8.7079576e-07 0.00015826363 1.0804531e-05 1.2244165e-05 1.141796e-06 1.5317384e-07 0.00083765975 9.999064e-05 4.0586667e-05
0.906257 0.0006057242 0.07684609 2.3288363e-05 1.5025424e-06 0.003537648 0.5457892 1.1589138e-05 0.06648167 0.92513824 0.0001336152 0.00105323 0.8083299 0.6758893 6.8856293e-06 0.0004224431 0.6780705 0.620442 6.223232e-05 2.3263358e-06 1.0594226e-15 0.0015679477 3.1496604e-08 0.67829055 3.6420803e-07 0.00039867935 0.0055145216 8.312509e-06 1.2218711e-05 0.52523565 0.24601626 0.0008124276 6.9765315e-07 2.3812747e-07 7.676173e-06 0.047486056 0.08595492 1.3866777e-06 9.111078e-09 0.0004581273 0.8931342 9.623638e-09 2.440164e-07 0.0036716266 0.01689853 0.13336235 0.13214268 0.6309331 9.279457e-06 0.0007390214 0.3829312 0.3030295 0.04368262 0.47305575 0.34100682 2.1770495e-07 0.050044302 1.3061307e-07 0.07874775 0.2135781 3.6941572e-07 0.099999025 0.006599131 0.06611647 5.7410653e-05 1.5819721e-06 0.0031623687 0.20793031 9.028771e-08 6.886368e-05 4.8198177e-05 0.007684468 0.029295003 0.033555992 0.022176119 0.0024394535 7.679148e-07 2.6982386e-06 0.10317621 1.3314119e-07 0.0020811479 0.0033035753 0.13943942 2.6745306e-08 0.00053941703 0.00045548033 5.753202e-06 0.00084007386 0.004832399 0.0026451903 0.00035955186 0.00030104708 0.00095694 0.03682376 0.00041224537 0.007214781 0.00080316013 5.0713163e-05 0.004613148 2.3879062e-05 2.6732302e-08
0.0007200198 0.021497693 0.04144873 0.0934072 0.004495809 0.032287207 0.073776685 0.39881846 0.90510553 0.009211298 0.011311277 0.84898233 0.008264316 0.027609311 0.0020457744 0.007975253 0.002222472 0.0023202295 0.0016245949 0.002541919 0.0015679477 1.227225e-19 0.00011457055 0.0022009476 0.0019675633 0.15256654 0.0029928926 0.90171987 0.00047144102 0.0070938617 0.21073233 0.0014105674 2.1522796e-05 5.4245547e-06 0.00024879875 0.015844556 0.0017855552 7.179987e-05 2.648393e-06 0.0007259346 0.0002646767 1.7325523e-06 3.9953808e-05 0.44119507 9.239239e-05 8.116183e-05 4.8983246e-05 0.0001890014 3.659262e-05 0.0037633162 0.0013024124 0.00025146973 3.4351728e-05 8.994305e-05 0.0005004753 1.4993526e-05 0.0016498897 1.5870837e-05 0.00019957118 6.0826493e-05 1.183743e-05 2.3961324e-05 8.497225e-06 3.791747e-05 0.0001185765 9.355747e-05 6.515037e-06 0.00028737044 2.0934795e-06 1.3225269e-05 0.00016507426 2.5634024e-06 1.0445474e-06 0.00011400008 1.8313644e-06 2.2099894e-06 3.9308692e-05 1.1928554e-05 0.0001389756 2.1214536e-08 1.2167937e-06 0.00072861137 8.963342e-05 3.517457e-07 1.3106813e-07 1.9001599e-06 0.00026702494 1.4049917e-06 0.00017129017 9.710173e-06 8.226013e-06 8.3369174e-05 8.504392e-06 0.00028917004 6.3514955e-05 5.1281157e-05 8.971671e-07 4.25764e-06 0.0010509645 2.1646217e-07 1.0359657e-05
0.821296 0.032983623 7.792702e-05 0.011516933 0.09258709 0.004082543 3.0447864e-06 0.005234473 2.6751904e-05 1.0656755e-06 0.4543809 0.0007954684 1.30885655e-05 7.9081e-07 0.7022707 0.16317923 9.160737e-06 1.1191891e-05 0.4456737 0.979085 3.1496604e-08 0.00011457055 2.981397e-15 1.4477465e-08 0.24695185 0.0068804575 0.0033200765 4.1130774e-05 0.7661166 7.395371e-08 7.451913e-07 0.10551176 0.4566032 0.4151632 0.24658827 4.211353e-06 5.196235e-07 0.19896227 0.7679259 0.019699864 8.721724e-08 0.1629873 0.6363665 9.198402e-05 0.0016525604 1.6400777e-07 4.2549954e-07 1.7439434e-05 0.17278475 4.5907695e-06 3.0637077e-06 5.865843e-07 2.3616655e-08 4.850618e-06 0.00036547004 0.020979613 3.313135e-06 0.05631437 1.7107246e-07 1.6959416e-06 0.025980402 3.4158006e-07 1.476436e-08 1.4393605e-07 0.18018825 0.09710841 2.0372658e-08 0.00011027424 0.0003210129 0.11205748 0.056995295 5.247252e-09 3.0166407e-06 4.424016e-06 2.6178566e-07 1.102584e-07 0.0129171265 0.00039709176 2.3064178e-05 0.0015394194 3.7344782e-07 0.0068866443 1.1576959e-06 0.0021640523 1.7129774e-07 1.6076771e-06 0.0164457 6.286325e-08 0.0009456835 6.301428e-08 3.041726e-07 2.1620141e-07 8.656526e-08 0.00021024932 1.007472e-06 1.508514e-06 1.2464446e-07 2.6537742e-07 0.0012956964 0.000102127924 3.7317623e-05
0.092614606 6.2969375e-05 0.018102117 0.00018779078 1.1172243e-06 0.0015264073 0.2325986 2.3410869e-06 0.07138824 0.52599794 3.899834e-06 0.00057319755 0.25535065 0.87594795 2.1151156e-07 0.0001703229 0.14650089 0.14121772 8.532688e-06 2.8880746e-07 0.67829055 0.0022009476 1.4477465e-08 9.918228e-19 1.0567e-06 3.2408047e-05 0.000785941 1.015655e-05 1.6487036e-06 0.989569 0.38190982 6.694156e-05 9.3271944e-07 7.000084e-07 7.676212e-07 0.060222913 0.100560844 1.7928872e-07 1.4216008e-08 5.4369615e-05 0.17788495 1.6254461e-08 2.4033756e-07 0.012004451 0.0014123193 0.018825334 0.0048944633 0.041207526 3.6685776e-07 0.0018698447 0.17740287 0.16845044 0.00157144 0.010099844 0.010026546 1.6136609e-07 0.033896238 3.2299837e-07 0.0077731414 0.0019550938 1.282507e-07 0.016262854 0.0001713498 0.0008263 6.838586e-07 4.16351e-07 4.8254104e-05 0.002125554 1.634173e-07 1.175048e-06 9.3834745e-07 0.00041086416 0.008282258 0.00068040367 0.0078055 4.8862643e-05 5.415491e-07 1.0285091e-06 0.0006470233 5.073751e-08 5.817132e-05 8.310032e-05 0.043755714 4.6305978e-08 3.8998438e-05 1.36872195e-05 1.3486982e-06 4.4633405e-05 8.052347e-05 0.00052006525 5.672096e-05 9.8778975e-05 0.00023359041 0.00031569717 0.0005014536 0.0002226212 0.00048478827 8.033956e-06 0.00042736623 2.6098412e-06 9.339834e-07
0.0019179737 0.38998923 0.00045337778 0.20812175 0.23636553 0.006337791 0.00013155372 0.27234584 0.00052053784 4.6702757e-05 0.25049138 0.03775898 0.00022845037 5.9735103e-05 0.1648547 0.018602293 7.863414e-05 0.000108431326 0.040871937 0.6719339 3.6420803e-07 0.0019675633 0.24695185 1.0567e-06 1.73836e-19 0.85539025 0.0007133932 0.007063271 0.047825277 2.6574303e-06 1.8505928e-06 0.0057959347 0.1541929 0.0844014 0.9852698 4.621607e-06 3.9528078e-07 0.008755561 0.039510775 0.0012011155 7.497739e-06 0.0038886836 0.028916115 0.00048033192 0.00012112052 7.3429305e-06 1.1623279e-06 3.2335556e-05 0.008480182 2.670504e-06 3.737407e-07 3.863707e-06 1.3377042e-05 4.9800525e-05 0.000401577 0.028496115 2.8132413e-07 0.0094651645 1.0200076e-05 3.6339898e-05 0.0040185205 2.6453945e-06 3.7235766e-06 1.8124338e-05 0.0016191858 0.0045326673 4.8385687e-06 0.00016986417 3.2512664e-06 0.0011256653 0.0011800263 1.4610704e-06 4.0536295e-07 1.6796517e-05 8.279528e-07 4.298684e-06 0.0019524527 0.00030117686 6.2613435e-05 3.1329342e-05 2.8118293e-06 0.00087547506 5.035854e-07 0.00021610608 5.8799543e-08 3.8575163e-07 0.0018498941 3.4553926e-07 0.00037175257 1.0267838e-05 4.6599784e-08 3.1959906e-05 4.542628e-06 0.00028502374 5.404481e-09 3.200602e-05 2.3949327e-09 3.107147e-08 0.0013110891 1.3426358e-06 1.5165362e-05
0.00020526453 0.15044965 0.0004146167 0.35168648 0.03054077 0.0036664582 0.0002098633 0.8607712 0.25178796 0.00028135462 0.07012028 0.79024786 0.0001633091 0.00053790933 0.0344035 0.004237918 1.9239442e-05 3.3306016e-05 0.0049862713 0.047517642 0.00039867935 0.15256654 0.0068804575 3.2408047e-05 0.85539025 1.4738778e-16 0.00029464654 0.9052694 0.00152404 0.0007411102 0.0003314883 0.0004000362 0.0075451788 0.0039750854 0.16303791 0.00035373605 2.5744555e-05 1.89167e-05 0.00046144615 4.659927e-05 4.90301e-06 0.00012982196 0.00029008486 0.029035928 2.304415e-05 6.135254e-06 1.424327e-06 3.0115632e-05 4.4596985e-05 0.0010909854 7.202977e-05 8.476923e-05 3.6752365e-06 2.3636609e-05 0.00018998918 0.010424498 3.401501e-05 0.0001538145 0.0005922953 1.0790485e-05 0.00052796345 2.1561233e-05 8.005394e-07 9.187644e-05 2.764512e-05 0.0003568222 6.822187e-06 9.778457e-06 0.00012509336 2.602761e-05 5.8479138e-05 3.6505135e-05 1.8128108e-05 0.013247095 0.00015432553 1.0117717e-05 4.5325825e-05 0.0020308455 2.3830697e-05 3.2205993e-05 5.4090674e-06 0.000529233 0.000112894806 2.911559e-05 1.2007747e-06 1.1334184e-06 0.00015625177 1.2103883e-05 0.0002678334 5.090877e-07 2.4205985e-06 4.9864968e-05 8.8421365e-07 0.0016195294 5.4950397e-06 0.00093224505 1.9448358e-07 2.8032173e-05 0.0050853854 7.928164e-05 1.19494935e-05
0.934341 0.045539744 0.4984215 0.07880488 0.15164295 0.5865009 0.057276946 0.0033848037 0.09376576 0.013713215 0.30537853 0.0033312084 0.07257354 0.008241169 0.12418824 0.8318089 0.06376204 0.22708818 0.46857324 0.0042421357 0.0055145216 0.0029928926 0.0033200765 0.000785941 0.0007133932 0.00029464654 2.340221e-17 0.00021366375 0.057614375 0.0010923466 0.026689434 0.9392872 0.0002163459 0.00016084364 0.00030744437 0.0016638436 0.0005236403 0.052152757 0.00028656886 0.8182419 0.002150266 4.6716475e-05 0.0015874719 0.003575931 0.7626657 3.425931e-05 0.00020115427 0.04926491 0.03274836 0.0001162104 0.0010830074 0.00031546873 9.661355e-06 0.0043445514 0.40424842 6.0586168e-05 0.00013166934 0.000120321536 7.56445e-05 0.0012785974 0.00013585362 3.889225e-05 3.0835877e-06 2.592572e-05 0.008875183 0.0015191287 2.5080078e-06 0.068527736 5.0985403e-07 0.010933915 0.049609747 6.9821863e-06 4.7937294e-05 0.00046203998 0.00017198715 1.36160315e-05 0.0002747309 3.7120997e-06 0.006737619 6.918976e-06 1.2287575e-05 0.16639881 3.342563e-05 1.8062341e-05 1.190324e-06 2.19913e-06 0.00042440376 6.7400897e-06 0.07429293 2.4998458e-06 1.936924e-06 4.8660745e-06 1.7746299e-06 0.01707522 1.3205028e-05 2.0771811e-05 8.8902897e-07 2.2248862e-07 0.011921959 7.385201e-06 3.3857539e-06
9.460728e-06 0.018488925 0.0035340982 0.049274664 0.0045256694 0.005695785 0.0021971872 0.22607437 0.22368811 0.00017310462 0.01117014 0.3415624 0.00012000228 0.0006358954 0.0020440738 0.001842428 3.2539574e-05 5.4558997e-05 0.0006459207 0.0010878224 8.312509e-06 0.90171987 4.1130774e-05 1.015655e-05 0.007063271 0.9052694 0.00021366375 4.38122e-19 7.517683e-05 0.00016029268 0.016411614 0.00018424325 2.7834985e-05 2.4232363e-06 0.00021735614 0.0015511737 0.00010697965 3.3093092e-05 4.1530447e-07 0.00022357522 3.8876324e-06 2.8025447e-06 1.2836034e-05 0.3139479 2.0232817e-05 2.3488021e-06 1.2897959e-06 1.8893192e-05 9.141763e-06 0.003103542 0.00011644204 2.0941014e-05 7.5553553e-06 3.3890443e-05 9.66523e-05 3.1970452e-05 0.00049564545 5.08038e-06 5.0260687e-06 2.0415166e-05 2.4732115e-06 2.992406e-06 3.1678317e-06 2.63564e-05 3.797662e-06 5.8612302e-05 3.3565364e-06 5.383884e-05 1.8445411e-07 5.6848085e-06 9.864163e-05 3.212291e-06 3.0491944e-06 0.00013824274 1.8667255e-05 3.87409e-06 4.7961507e-06 5.305591e-06 4.7462472e-05 2.665274e-07 2.141715e-06 0.0005512129 1.4499111e-05 3.9703986e-07 1.5878088e-07 3.5251594e-06 6.483244e-05 2.4594704e-06 0.00020546353 1.4543141e-06 6.6979396e-08 1.12960215e-05 5.825209e-07 0.00020406068 3.5484412e-05 3.4607652e-05 1.351837e-07 6.0056635e-07 0.00094892684 1.8224006e-06 5.15926e-07
0.4708138 0.032369692 0.0020464251 0.03449366 0.22622436 0.02791943 0.00043651048 0.0053819283 0.0005236458 0.00013604862 0.5692153 0.0010510065 0.00040774688 6.431877e-05 0.86350924 0.34582046 0.00032855186 0.00026481505 0.9209336 0.22910504 1.2218711e-05 0.00047144102 0.7661166 1.6487036e-06 0.047825277 0.00152404 0.057614375 7.517683e-05 5.3557626e-15 1.817833e-05 2.8342192e-05 0.39006263 0.16281043 0.15009938 0.035630215 4.4916258e-05 3.0361368e-06 0.94610703 0.54185516 0.09683033 1.1194901e-05 0.29252666 0.8440015 0.00069236796 0.015768994 1.6370142e-06 8.458248e-06 7.414881e-05 0.27088737 9.051247e-06 8.6854025e-06 1.7074924e-05 1.9907866e-06 3.546374e-05 0.0037159482 0.005538634 1.2741853e-05 0.01553581 1.5340527e-05 1.2051888e-05 0.007929938 1.9019954e-07 5.296481e-06 8.4263297e-07 0.0765498 0.03217676 5.7190425e-07 0.00045573973 0.00014468137 0.052559298 0.06957595 3.924082e-07 5.329166e-06 3.3464e-05 7.95326e-07 6.7042373e-07 0.0063176 0.00043103594 8.2640516e-05 0.0010882821 9.554203e-07 0.020382073 5.714836e-06 0.002711365 1.08284866e-08 1.5231744e-07 0.011031563 5.696537e-08 0.0036505624 1.2871497e-07 2.5531955e-07 1.711499e-06 8.66672e-08 0.0006228335 5.133503e-07 2.604878e-06 1.842189e-07 7.970933e-08 0.0009350891 0.0003892879 0.00050155685
0.116801456 0.00033885904 0.021560516 0.00019154942 7.417189e-06 0.0025166343 0.14384456 4.6628345e-05 0.14412864 0.46146423 5.7642166e-05 0.0035702917 0.3281407 0.78990513 3.702896e-06 0.0004000158 0.19822256 0.178121 6.5208085e-05 1.672708e-05 0.52523565 0.0070938617 7.395371e-08 0.989569 2.6574303e-06 0.0007411102 0.0010923466 0.00016029268 1.817833e-05 1.1375263e-16 0.68639606 0.0003296469 2.2150987e-05 4.87943e-06 4.669171e-05 0.26375753 0.5714943 2.3307036e-06 2.0407339e-07 0.0002343075 0.071093656 9.062e-08 5.600428e-06 0.05556472 0.0010619711 0.017537879 0.006244897 0.038400497 2.6157068e-06 0.010862177 0.46566713 0.4505252 0.0069377786 0.015006302 0.0069193 8.381999e-07 0.13727368 2.0758373e-06 0.015662156 0.0030325633 2.146764e-06 0.057410587 0.0008994323 0.0017633986 1.4905481e-06 3.6658446e-06 0.0010424367 0.0018901879 3.8592455e-07 5.6849335e-06 1.0264255e-05 0.0028914204 0.031482115 0.0028512336 0.032512426 0.0009527208 9.941756e-07 3.0033603e-05 0.0013988791 4.6302554e-07 0.0012347079 0.00022884333 0.12451336 1.7965927e-07 0.0009884071 0.00026884963 2.4814233e-06 0.00083656254 0.00017147012 0.0014348339 0.00026127475 0.00021605066 0.00049235875 0.0004886697 0.0018867201 0.0012041717 0.0032681155 0.00021097783 0.001273159 1.5192011e-05 8.176668e-06
0.02088262 0.00620671 0.35536024 0.007480252 0.00035651756 0.09657683 0.61926544 0.0010851242 0.6281371 0.60527545 0.0014360001 0.060590927 0.45799968 0.8092839 6.704008e-05 0.017477889 0.26170364 0.25483468 0.00064875366 1.0344077e-05 0.24601626 0.21073233 7.451913e-07 0.38190982 1.8505928e-06 0.0003314883 0.026689434 0.016411614 2.8342192e-05 0.68639606 6.0816577e-18 0.005160919 5.5351697e-06 1.5963989e-06 1.7983713e-06 0.9183349 0.88127834 3.6753906e-06 2.3742112e-07 0.000918062 0.0062692575 4.7333106e-07 7.907855e-06 0.8227179 0.0027994143 0.00051854824 0.00019660644 0.0024625382 1.1895587e-05 0.03290879 0.14716323 0.005982618 0.00017260612 0.00025850875 0.009227075 6.645422e-08 0.043856137 4.323696e-07 0.00021998918 5.5555178e-05 4.3091673e-06 3.6484736e-05 9.286229e-06 3.758863e-06 6.3135426e-06 1.186834e-06 2.968411e-06 0.0006383364 1.675807e-07 1.4965491e-06 7.740314e-05 4.125426e-06 3.169852e-05 4.6083267e-05 2.1974392e-05 7.5872485e-06 8.255102e-07 1.3144387e-06 0.000105623854 1.7287586e-07 6.956272e-06 0.0015985996 0.0020335778 5.01354e-08 2.4728917e-07 2.1755377e-06 9.639139e-06 1.2259289e-06 0.00076192623 7.78912e-07 2.783465e-08 1.3022843e-06 5.157139e-07 0.0005184899 8.842516e-05 4.869427e-06 1.1390314e-06 3.0905826e-06 0.0025553238 1.1989176e-06 1.48671725e-05
