5.810956e-18 0.9999239 0.9987104 0.9999696 0.978771 0.94145656 0.9931026 0.9948796 0.9744136 0.9754947 0.99370337 0.93033797 0.92746013 0.97019404 0.9708258 0.9508022 0.9202774 0.96202534 0.98766303 0.9460786 0.94926727 0.98701197 0.97940797 0.969409 0.9720936 0.8568591 0.9666026 0.9772346 0.88635266 0.97890854 0.5794291 0.956147 0.9803038 0.88648325 0.9422149 0.9541691 0.91915745 0.86552835 0.96837574 0.91314757 0.6007687 0.8970276 0.90645695 0.8741825 0.7249566 0.7369822 0.810055 0.8489584 0.846298 0.4873988 0.6879585 0.8293193 0.3950119 0.8463303 0.8597866 0.8952389 0.6780897 0.3339757 0.73107386 0.9185146 0.7539196 0.5685894 0.9485173 0.15205126 0.88851714 0.3774772 0.49149355 0.7886728 0.5567252 0.23738885 0.642188 0.33607703 0.33569995 0.87679416 0.30449986 0.840469 0.9504514 0.08951123 0.3037512 0.5860369 0.13476746 0.6177797 0.064358845 0.06319679 0.025102125 0.042449787 0.052560393 0.41652974 0.003007548 0.013101524 0.009087692 0.006423259 0.03409614 0.007589826 0.0114684785 0.017102852 0.0037349188 0.00086470175 0.011863708 0.013749731 0.0004767435
0.9999239 1.3993199e-09 0.9548564 0.09160686 0.26961398 0.3400084 0.009401676 0.78059226 0.0701505 0.005372221 0.8102737 0.009712873 0.33514574 0.03306853 0.030525528 0.33776692 0.018785546 0.11892352 0.022568287 0.040123854 0.008771181 0.8724951 0.23530738 0.0067015314 0.039703697 0.02406775 0.006247339 0.031021208 0.0030859057 0.025246581 0.12815855 0.004075061 0.0070244567 0.003177678 0.0031214328 0.0034228608 0.2501541 0.0051084473 0.0028862935 0.019296296 0.014581674 0.01514895 0.0024454456 0.016010134 0.0020936185 0.0009774934 0.0026815508 0.014049291 0.0055430257 0.014905498 0.048116457 0.0039465423 0.009371031 0.013404622 0.012249316 0.015803069 0.003188702 0.0018290799 0.0012579015 0.0018566988 0.0013041239 0.012566946 0.0029671544 0.00042482614 0.00048800284 0.0062653427 0.00070856494 0.011401003 0.0007540286 0.00025196426 0.0015604463 0.0007233475 0.0005068531 0.003911728 0.00025476076 0.0013478849 0.0026648855 0.0007187505 0.00058205565 0.0003008895 0.005169315 0.002546698 0.000101516554 9.1392045e-05 0.00015926793 0.0001510528 0.00069849065 0.0767155 1.746052e-05 0.0001622428 0.0024533141 5.697387e-05 0.0006458218 6.6013185e-05 0.0014355229 0.00016677532 0.00075598824 1.8050423e-05 0.00019582351 0.00010088595 9.050867e-06
0.9987104 0.9548564 9.536896e-13 0.3670939 0.87680954 0.77704495 0.0085858535 0.8938886 0.49864864 0.0012025558 0.41240516 0.02617943 0.14209548 0.27905783 0.38614434 0.08514928 0.11844922 0.29416153 0.23451729 0.120536655 0.06547616 0.05809738 0.049320243 0.047763452 0.28798762 0.036748335 0.02411048 0.14153427 0.0072514336 0.09844434 0.0045861118 0.024328114 0.05722336 0.010456509 0.0007904802 0.018538728 0.0005100398 0.022155024 0.03107349 0.031441223 0.004148509 0.013307937 0.009939553 0.02040077 0.0041069337 0.0030723452 0.007953163 0.014250107 0.011263482 0.0021085232 0.0018743393 0.0002519229 0.002876715 0.01665355 0.015509933 0.009362678 0.00375472 0.0009421449 0.0028727 0.012350353 0.0020207057 0.005726878 0.01310818 4.8661608e-05 0.002094665 0.0020138617 0.0017631473 0.004157365 0.001756348 0.0008933709 0.0027885549 0.0008085316 0.0012613533 0.011702365 0.0006381492 0.0034704146 0.0061713434 0.000702653 0.0009290624 0.0042282357 0.0017375106 0.001978053 0.00022697778 0.0012448184 0.00016769141 0.00065873854 0.0010221538 0.002193952 0.00035319518 0.00015141424 0.0025132084 0.0003356236 0.00097546086 0.0017222819 0.00015812318 8.399068e-05 0.00042492902 6.2642725e-06 1.6794162e-05 0.0004343969 0.00045982143
0.9999696 0.09160686 0.3670939 1.3823236e-13 0.4908601 0.12717439 0.61608404 0.015766693 0.97961545 0.24136065 0.00020325523 0.31313884 0.0009687379 0.0140123395 0.614483 0.00016074826 0.23524317 0.0026502884 0.0657168 0.00392446 0.1116646 5.796827e-06 0.00016873187 0.5130123 0.013294256 0.0015923446 0.59014356 0.0033536875 0.24482891 0.0015706946 2.2978926e-05 0.036298946 0.0154676875 0.07469872 0.09511158 0.07575006 9.596373e-07 0.0015662625 0.011820623 0.00034297848 5.796012e-05 0.00023212764 0.022844134 0.00019826037 0.028321497 0.04547843 0.00047938645 0.00020754199 0.00020023443 9.300224e-06 2.9117994e-06 0.0053186435 9.306972e-05 0.00019838274 8.655392e-05 0.00022222156 0.00023173392 0.003509525 0.00043861114 0.0006043146 0.0072809607 9.0936555e-05 0.0054602125 0.0017100404 0.008018751 8.849197e-05 0.00032540117 8.8563735e-05 0.0031492515 6.649376e-05 0.0028216597 0.001268637 0.0010141558 0.00021402922 2.606723e-05 0.00088763924 0.025874091 5.9829636e-05 0.0015397697 0.001797871 6.881202e-05 0.0018234586 0.0001390822 0.00027019496 9.293401e-05 0.00011485235 0.00010666141 5.982153e-05 6.235095e-05 0.00083144597 0.000572765 7.752445e-05 8.09491e-05 0.0001928063 1.5822598e-05 2.3408358e-05 3.1011925e-05 4.0586042e-07 2.4661512e-07 0.0007459063 1.6668158e-05
0.978771 0.26961398 0.87680954 0.4908601 2.5693642e-12 0.9935292 0.05533613 0.29436803 0.34749377 0.029784368 0.0051693544 0.059707325 0.0055443393 0.29296026 0.4629171 0.0015287286 0.22566608 0.014742554 0.5678604 0.022383869 0.06503795 0.00010010075 0.0006536873 0.028287863 0.14379033 0.0022239615 0.021836165 0.11142121 0.009375755 0.08936963 4.3092597e-05 0.10355839 0.16581124 0.0077400156 6.73015e-05 0.024637843 5.2221617e-07 0.024355667 0.092565276 0.0021581806 8.6120745e-05 0.00027347694 0.012170328 0.0013942615 0.0008609065 0.00051672175 0.003224052 0.0019329817 0.0040225354 1.3441442e-05 6.351562e-07 7.0828933e-06 6.071788e-05 0.0021525219 0.001975932 8.946638e-05 0.0009084906 2.485074e-05 0.0011717487 0.015212389 0.0012805364 9.144702e-06 0.072530866 1.3547524e-05 0.0001393367 1.8201923e-05 0.004142075 7.10994e-05 0.0008692107 7.291679e-05 0.004010578 0.00016140481 7.427797e-05 9.485531e-05 0.0005345696 0.014529232 0.00025187124 7.2502776e-06 3.385982e-05 0.0018843032 4.2344236e-05 0.00026325366 0.00014355354 8.612587e-06 0.00012222752 9.898541e-05 6.803219e-05 0.00027392746 1.342315e-05 0.0001485145 1.531179e-05 6.1695428e-06 0.00028909475 5.459996e-05 1.3095907e-05 0.00017867381 3.1513995e-05 1.4723829e-05 3.7653088e-05 6.254898e-05 1.3991005e-06
0.94145656 0.3400084 0.77704495 0.12717439 0.9935292 5.722407e-13 0.01022536 0.8862748 0.32108235 0.005907936 0.06415012 0.03997885 0.06688541 0.9089741 0.51811576 0.014629179 0.29395837 0.2315836 0.68853474 0.20855568 0.10749349 0.0006758305 0.005015562 0.013396276 0.7014013 0.014444838 0.006181451 0.41249365 0.0021984617 0.23895505 0.00022338085 0.13551673 0.28631178 0.0071101673 3.9301907e-05 0.013153786 9.964095e-06 0.09980651 0.11966951 0.014281698 0.0004864036 0.0031663126 0.009344013 0.0099127395 0.00069839443 0.00034518575 0.017589679 0.0055749407 0.021998899 8.746134e-05 5.2164978e-05 9.121976e-06 6.473958e-05 0.01998763 0.014748544 0.0013379774 0.006409164 1.49160405e-05 0.011656899 0.05295492 0.0005138213 4.8267953e-05 0.06734467 1.6260478e-06 0.00016852636 4.5417382e-05 0.009499251 0.00058743113 0.00046156655 0.0009818345 0.0028673832 0.00018237552 0.00014535544 0.0026093211 0.0019250124 0.01525001 0.00071217853 3.674206e-06 0.00015447514 0.0017134759 0.00047890417 3.0291481e-05 0.00010410021 1.347083e-05 0.0002592917 7.609281e-05 4.9031943e-05 0.00085227913 1.3620109e-05 4.844869e-05 8.967656e-06 1.9876457e-05 0.00028658088 1.4327089e-05 1.3676351e-05 0.00016185522 1.5531765e-05 1.8369068e-05 9.112303e-05 2.4464485e-05 1.0472086e-06
0.9931026 0.009401676 0.0085858535 0.61608404 0.05533613 0.01022536 1.31642794e-14 0.00023395738 0.6647386 0.983642 2.5667749e-05 0.42547554 6.57986e-05 0.00040793107 0.15568459 6.801672e-06 0.09119735 0.00017082051 0.009795968 0.00022444704 0.15262593 1.2791156e-06 2.8878956e-05 0.49205625 0.0014098835 0.0001739715 0.66361064 0.00072570745 0.4166329 0.00035340746 7.4287213e-06 0.008993907 0.0023634266 0.15964012 0.8424213 0.04412397 4.5537385e-07 0.00022738878 0.0018353076 4.077988e-05 1.7504059e-06 1.0488462e-05 0.015288133 1.582323e-05 0.05768315 0.21966419 8.367313e-05 1.2497097e-05 1.6435177e-05 2.9810835e-06 9.359182e-07 0.14984578 5.0540646e-05 9.920697e-06 8.558286e-06 4.3874017e-05 4.1811614e-05 0.12665536 1.4320724e-05 0.00017764776 0.014252234 4.8462302e-06 0.003441305 0.017665809 0.008630587 1.7533588e-05 8.7690016e-05 4.5438196e-06 0.0027839912 3.7372254e-05 0.003493746 0.00051179144 0.0005590087 0.00025314008 1.4082589e-05 0.00017177289 0.05227117 0.0001038647 0.0008026854 0.0023261604 7.042141e-07 0.0192235 0.00014180464 9.431193e-05 1.4297286e-06 5.236909e-05 4.569465e-05 5.3251144e-05 4.077479e-05 0.0014710068 0.0019461116 9.4002506e-05 1.3077549e-05 0.00035838055 3.6469643e-05 2.672644e-06 4.4946682e-05 5.803655e-07 5.0199304e-07 0.0019142507 1.000818e-05
0.9948796 0.78059226 0.8938886 0.015766693 0.29436803 0.8862748 0.00023395738 4.640581e-15 0.026833162 3.859397e-05 0.5598431 0.0023349854 0.44140214 0.95686567 0.049521092 0.1747008 0.026592795 0.82342184 0.048941437 0.7009456 0.019518876 0.005454108 0.042331994 0.0011622277 0.23301512 0.062424153 0.00052459043 0.2305789 0.00036771505 0.25442466 0.003902919 0.013496639 0.03278974 0.0010277631 6.60836e-07 0.0007948029 0.00012302566 0.026255853 0.013943947 0.14203414 0.0034860664 0.021647008 0.0010310292 0.10210387 0.00026744953 1.7228189e-05 0.010195662 0.08548212 0.034864247 0.0008750198 0.00019939046 1.0227168e-06 0.000753947 0.12897186 0.15838502 0.015666256 0.014342977 4.1269573e-06 0.0020928269 0.004019381 0.00021702432 0.0013978055 0.0044554225 6.2089805e-07 1.806048e-05 0.0008815812 0.0008746732 0.016041618 0.00025886772 0.0008543246 0.0009349678 0.00018810965 1.8110031e-05 0.028099403 0.00021013446 0.00053528434 1.7747123e-05 0.00024054291 9.063246e-06 0.00020605692 0.010269039 2.6877683e-06 2.8589666e-05 2.0740288e-06 0.0001167416 6.43465e-05 0.0007917941 0.009885792 7.365198e-06 3.0500685e-05 0.0014528392 3.1208154e-05 0.0014720167 4.5472945e-05 0.00022457592 4.293516e-05 0.00030485058 7.4929285e-06 0.00023542113 5.5449847e-05 6.4166434e-06
0.9744136 0.0701505 0.49864864 0.97961545 0.34749377 0.32108235 0.6647386 0.026833162 6.30798e-12 0.5087119 0.00035896563 0.96489394 0.0020131387 0.025194706 0.663464 0.000338203 0.41372603 0.0046862597 0.06287112 0.005548812 0.18960835 1.2692643e-06 0.00012235604 0.58946514 0.016389733 0.0005322051 0.4509952 0.004798729 0.2648741 0.001449504 9.1524835e-06 0.0644472 0.016822705 0.13625085 0.023606196 0.16436152 1.1399209e-07 0.0012028546 0.012496542 0.00017777165 8.877214e-06 6.133543e-05 0.038457848 0.00015694728 0.03564463 0.05635121 0.00029763964 0.00011039788 0.00022216604 7.3182377e-06 1.4446433e-06 0.0027716248 2.025925e-05 0.0002229197 4.9998154e-05 7.679018e-05 0.00012782292 0.0017697256 0.00025903466 0.0012202888 0.017605094 2.2242582e-05 0.030929515 0.00038397266 0.02791749 2.1122314e-05 0.0002788296 3.3866214e-05 0.0055154925 1.5258556e-05 0.0051960223 0.002031872 0.001971078 3.3461543e-05 6.65119e-05 0.00167729 0.04409441 4.2273263e-05 0.0033481175 0.005322601 8.541742e-06 0.00039460414 0.00010686372 0.00019108635 3.6866364e-05 0.00020241339 4.9353966e-05 0.00011190691 4.8255183e-06 0.0003169364 5.285478e-05 0.00012670645 5.436293e-05 5.3101994e-05 9.22858e-06 6.4713063e-06 3.6190595e-05 2.802915e-07 9.929698e-08 0.0004973394 9.224074e-06
0.9754947 0.005372221 0.0012025558 0.24136065 0.029784368 0.005907936 0.983642 3.859397e-05 0.5087119 1.1564895e-12 1.4177908e-06 0.48658937 3.1045536e-07 0.00013061104 0.17290105 7.272971e-08 0.090311304 4.8938678e-06 0.00518013 2.0699237e-05 0.04585703 1.1837327e-07 3.0292145e-07 0.2924338 0.0012246934 4.7565177e-06 0.4495827 0.000324216 0.191422 0.000117110794 2.607628e-07 0.0053333226 0.0021930253 0.112921745 0.96397024 0.01762396 2.5982027e-07 0.0001483319 0.0008684526 6.0851085e-05 3.5810106e-06 1.2465778e-05 0.008027516 3.0465744e-05 0.036995493 0.07646266 1.0999184e-05 5.8765404e-06 1.9243367e-05 2.8792647e-06 3.3844433e-06 0.6212529 1.4003526e-06 5.151728e-05 6.525452e-06 3.4733497e-05 4.6636906e-06 0.17549706 1.1797377e-05 8.872132e-05 0.0043501277 1.3246646e-06 0.00538075 0.03954435 0.0052862423 8.506116e-07 3.2741067e-05 3.9655342e-06 0.0005189799 1.0301013e-06 0.00092991826 0.00053373375 0.00057884166 1.0415796e-05 4.306556e-07 0.00015319804 0.08323566 4.300709e-08 0.00050904945 0.00025006614 2.0428672e-06 0.052604944 5.772096e-06 4.9179092e-05 1.3124114e-05 3.0737738e-05 4.4397623e-07 0.00014794228 4.707024e-06 0.0012321335 1.0397837e-06 3.7388796e-05 0.00011475895 1.1733912e-05 8.6280416e-08 2.4848514e-05 9.2746666e-07 5.7142444e-07 5.79084e-07 0.0006489737 1.4606871e-06
0.99370337 0.8102737 0.41240516 0.00020325523 0.0051693544 0.06415012 2.5667749e-05 0.5598431 0.00035896563 1.4177908e-06 1.698177e-17 3.2166765e-05 0.9754381 0.05649911 0.0004432892 0.7097481 0.0005250101 0.45847055 0.000525619 0.107480034 0.00030386486 0.045427617 0.44226807 4.705453e-06 0.002264362 0.42595914 2.0139785e-06 0.0033982163 1.4615873e-06 0.009362634 0.006699889 9.532469e-05 0.00045725322 1.0502446e-05 8.937977e-08 3.989884e-06 0.0013643439 0.00028631755 7.5885335e-05 0.1530314 0.033894844 0.15478149 3.164814e-05 0.09045403 2.9204648e-06 2.0012492e-07 0.00035907724 0.056925293 0.0027775944 0.009662927 0.0024273351 4.037154e-08 0.011120046 0.013749758 0.022482963 0.094442874 0.0009543335 1.8786018e-07 9.638748e-05 2.1928507e-05 7.076981e-07 0.024712598 7.636776e-05 9.235305e-08 6.695484e-07 0.020422822 8.462372e-06 0.028201917 3.4593975e-06 3.6876285e-05 2.7169608e-05 2.3503976e-06 5.909397e-07 0.0006978299 2.6506232e-05 6.7360734e-06 2.2220956e-05 0.001940896 1.12469934e-07 2.2964105e-06 0.0016460125 1.8365627e-06 4.016606e-07 4.7668138e-07 1.9734657e-06 6.9983884e-07 0.0005616726 0.009369977 3.5140256e-06 1.6295453e-06 0.00056454487 3.165283e-06 2.5676121e-05 2.9065737e-05 0.00045302464 2.3441635e-06 0.00023337155 5.1590723e-07 9.957997e-06 6.1109504e-06 3.0861884e-06
0.93033797 0.009712873 0.02617943 0.31313884 0.059707325 0.03997885 0.42547554 0.0023349854 0.96489394 0.48658937 3.2166765e-05 6.5491354e-16 0.00016943962 0.006288302 0.8792747 2.0703344e-05 0.5249257 0.00043370458 0.02549113 0.0009153541 0.37224197 2.0105606e-08 2.608164e-06 0.95296705 0.0032130864 9.6191245e-05 0.7724303 0.0014038224 0.3033173 0.00068158243 1.1112057e-06 0.031935092 0.008649056 0.46350104 0.005066006 0.35062966 1.2219236e-07 0.0003572696 0.0064575835 2.769534e-05 8.402701e-08 4.0450567e-07 0.083945625 7.6508995e-06 0.1183027 0.10866653 4.3928405e-05 4.017524e-06 1.7406119e-05 5.822701e-08 4.6490143e-08 0.00067492883 3.7751028e-07 2.9526302e-05 4.6517816e-06 9.064805e-07 9.767143e-06 0.0016059772 2.9393577e-05 0.00011435288 0.04015568 1.882603e-07 0.019439373 0.00023513619 0.046657186 1.0132687e-06 4.566751e-05 7.457963e-07 0.008246303 7.0694796e-07 0.006500022 0.0049854703 0.0046392796 7.2615567e-06 1.0863025e-06 0.0006178752 0.021748047 9.347074e-08 0.0074975756 0.0016743238 4.1098324e-06 2.6945863e-05 9.798691e-05 0.00065191893 8.929791e-06 0.00010367281 6.471689e-06 4.7344798e-05 1.8654202e-06 0.0015331066 9.317633e-06 0.0001294549 5.313087e-05 2.483989e-05 7.862161e-07 1.736467e-05 9.91794e-07 1.5647546e-06 1.7095365e-06 0.00097464724 5.7611887e-05
0.92746013 0.33514574 0.14209548 0.0009687379 0.0055443393 0.06688541 6.57986e-05 0.44140214 0.0020131387 3.1045536e-07 0.9754381 0.00016943962 2.8538115e-17 0.0940206 0.0016816729 0.95750695 0.0009098541 0.910543 0.0014140458 0.160499 0.00072085945 0.0062598544 0.26851878 2.1479427e-05 0.0035703564 0.7307216 3.5647952e-06 0.0063881786 7.442531e-07 0.012275764 0.0031988795 0.00018008394 0.0010222816 9.448032e-06 2.9933105e-08 6.346485e-06 0.0005466181 0.00078050856 0.00015602872 0.2526338 0.03952244 0.1649177 2.891321e-05 0.1710539 5.9336696e-07 4.2260515e-09 0.0005427083 0.10680886 0.005992957 0.00861046 0.0010021399 1.2070626e-07 0.008326017 0.041195683 0.05293556 0.17263548 0.0013906078 1.9567014e-07 0.00015286951 7.7884666e-05 2.9092135e-07 0.02204833 0.000103174825 1.7410285e-07 4.4046885e-08 0.016226463 1.8877954e-05 0.06604623 4.560749e-07 1.7702581e-05 1.7388631e-05 3.8344822e-07 7.951148e-08 0.0023513036 2.8700176e-06 2.0371212e-05 3.1816198e-06 0.0023829155 2.0672376e-08 3.3579917e-07 0.01027401 4.326579e-07 3.7015735e-07 1.419365e-07 2.8829024e-06 2.861421e-07 0.0006453548 0.0067348345 8.895408e-08 8.745204e-06 0.00068428926 1.4166297e-06 4.9123915e-05 3.0065828e-06 5.9213853e-05 1.2503516e-06 8.941869e-05 1.0418016e-06 2.6086182e-05 1.6643592e-06 1.3178401e-06
0.97019404 0.03306853 0.27905783 0.0140123395 0.29296026 0.9089741 0.00040793107 0.95686567 0.025194706 0.00013061104 0.05649911 0.006288302 0.0940206 1.2860261e-14 0.15152399 0.043394357 0.2247734 0.57957333 0.4827015 0.692878 0.11963479 0.0001113889 0.0032447833 0.001113553 0.95511264 0.035645477 0.00031886366 0.67881876 4.345307e-05 0.488187 0.00018346142 0.03082807 0.11275614 0.00038580757 1.0832641e-06 0.00071391056 1.690317e-05 0.13688289 0.038435332 0.023809748 0.00029538988 0.0029467184 0.00074861967 0.017556757 3.5259345e-05 2.2810173e-07 0.075321674 0.014537493 0.10058873 2.9579283e-05 1.8829074e-06 2.8277745e-07 5.7113135e-05 0.06238609 0.044254072 0.0015580977 0.023523668 7.530222e-08 0.0123212645 0.022454496 4.1927407e-05 5.0875922e-05 0.007709234 4.75593e-07 2.3038028e-06 4.7875434e-05 0.0039423765 0.0020309188 9.622491e-05 0.003056603 0.0009085274 2.0502928e-05 2.5605243e-06 0.020126056 0.0009434149 0.0035127646 1.8390425e-06 1.1542173e-05 3.7276678e-07 0.0001570193 0.002307146 2.4063238e-06 3.5360503e-05 4.4739227e-07 8.213734e-05 1.7452312e-05 0.0006497481 0.0010041365 1.4122681e-05 5.250153e-06 7.7899385e-05 3.6716629e-06 0.0025937394 2.1765514e-05 1.9727273e-05 0.00018019715 5.439135e-05 1.1393709e-05 0.00019427312 1.1583774e-06 4.600894e-06
0.9708258 0.030525528 0.38614434 0.614483 0.4629171 0.51811576 0.15568459 0.049521092 0.663464 0.17290105 0.0004432892 0.8792747 0.0016816729 0.15152399 1.0955151e-15 0.0002273012 0.98996925 0.0025418827 0.24337108 0.0038108325 0.49970642 4.500387e-08 3.103741e-06 0.21509126 0.011836444 0.00014224729 0.1181265 0.0032223659 0.05923331 0.0009546563 1.6616917e-06 0.18162636 0.046716537 0.12288169 0.000269871 0.3710755 2.2651773e-07 0.0018961965 0.05308357 5.7391328e-05 6.024654e-08 1.3235684e-06 0.20699996 8.090615e-06 0.032397196 0.023156116 0.00014986086 3.6758727e-05 7.6663804e-05 4.2816797e-08 7.633965e-09 4.3225296e-05 9.786816e-08 2.6284686e-05 2.5247825e-06 3.5633386e-07 3.166154e-05 8.991578e-05 9.3982606e-05 0.0010775899 0.05172803 6.033508e-08 0.24121803 1.4820996e-05 0.016519273 2.5724623e-07 0.0009687572 7.2351133e-07 0.055539716 9.461919e-06 0.07400001 0.013104291 0.011768308 8.888218e-06 2.8912438e-05 0.007494641 0.004218551 3.178572e-06 0.0235288 0.026070211 8.7449916e-07 2.2370647e-05 0.00030044277 0.0028198762 2.453458e-05 0.00056837307 4.6550126e-06 4.1511184e-06 9.016321e-06 0.0014888776 1.47958835e-05 9.9948214e-05 3.193163e-05 3.7250313e-05 1.2122856e-06 4.8305646e-06 2.6216906e-06 3.969876e-07 9.320582e-08 0.00037925612 1.9491736e-05
0.9508022 0.33776692 0.08514928 0.00016074826 0.0015287286 0.014629179 6.801672e-06 0.1747008 0.000338203 7.272971e-08 0.7097481 2.0703344e-05 0.95750695 0.043394357 0.0002273012 1.1483128e-16 9.57785e-05 0.53163314 0.00023622221 0.08718251 7.668538e-05 0.041752566 0.8781973 1.6665385e-06 0.0005948234 0.9555905 6.95725e-07 0.00080810575 1.5398584e-07 0.0010677958 0.01784362 1.5442321e-05 0.00013548629 9.663719e-07 7.456175e-08 2.3438983e-07 0.0019765699 0.00020058532 1.5393094e-05 0.23268597 0.109643154 0.22877787 3.2137432e-06 0.09430448 2.3122605e-07 3.1617209e-09 0.00029099255 0.053100914 0.0017406783 0.020990314 0.005683154 3.0343593e-08 0.020693352 0.00965838 0.009382996 0.20449956 0.00059009844 3.3647378e-08 3.0722236e-05 1.180504e-05 2.2868763e-07 0.05961905 9.235464e-06 2.2818991e-08 9.943059e-08 0.03357298 6.7059286e-06 0.034769017 6.4767613e-07 3.0378023e-06 1.8232846e-05 1.2997223e-06 1.2866833e-07 0.00032675266 6.57303e-07 3.4642271e-06 1.7577311e-06 0.0015184333 1.3262204e-08 5.4557904e-07 0.0038766477 2.0375106e-08 7.1584435e-07 2.634588e-08 1.6336813e-06 3.253985e-07 0.00039364386 0.016698971 4.636955e-07 1.6081265e-06 0.00037119206 3.5322648e-07 4.361561e-05 2.5500942e-06 8.273048e-05 1.8631197e-06 6.964261e-05 7.918201e-08 8.279106e-06 4.2540194e-08 7.6528727e-07
0.9202774 0.018785546 0.11844922 0.23524317 0.22566608 0.29395837 0.09119735 0.026592795 0.41372603 0.090311304 0.0005250101 0.5249257 0.0009098541 0.2247734 0.98996925 9.57785e-05 2.2473613e-16 0.00503738 0.4387388 0.0068131173 0.9731682 3.2387327e-08 2.2667234e-06 0.44571304 0.061065577 0.000120893295 0.1539881 0.008848831 0.03054846 0.0019563108 1.4411206e-06 0.28251532 0.076357156 0.2251753 0.00020657931 0.5167653 1.4008809e-07 0.0017091047 0.047952607 6.8794754e-05 7.290888e-08 1.2229804e-06 0.2580038 1.6627735e-05 0.059304472 0.023905506 0.00021599689 1.19711085e-05 2.8200322e-05 1.0013936e-07 2.4531113e-09 0.00023042687 1.7921862e-07 4.6942052e-05 1.1700195e-06 4.868286e-07 3.109784e-05 0.00043321538 9.912691e-05 0.0009818587 0.07904401 1.3178169e-07 0.29786184 8.263251e-06 0.022315184 2.5448114e-07 0.0006284271 5.798007e-07 0.058893383 1.881249e-06 0.08647138 0.022403438 0.016654447 7.921752e-06 1.0372706e-05 0.0075471653 0.0029787591 4.7182124e-07 0.029804401 0.027936064 1.7454582e-06 7.541404e-06 0.00027758736 0.0034847998 1.7007804e-05 0.0006466239 2.494516e-06 7.615626e-05 1.9448423e-06 0.0011530182 1.5090591e-06 0.0003172052 2.3102857e-05 2.137305e-05 1.3980329e-07 2.0849293e-05 1.0345148e-06 1.1713223e-06 7.386684e-07 0.0002882757 1.4859065e-05
0.96202534 0.11892352 0.29416153 0.0026502884 0.014742554 0.2315836 0.00017082051 0.82342184 0.0046862597 4.8938678e-06 0.45847055 0.00043370458 0.910543 0.57957333 0.0025418827 0.53163314 0.00503738 1.266565e-16 0.0020889875 0.98320657 0.0025782736 0.0002542319 0.04484037 1.18789785e-05 0.011145767 0.83289135 3.6540227e-06 0.006944613 1.2593953e-06 0.027238332 0.0009344423 0.00027441746 0.0014006172 2.111764e-05 3.2151778e-08 2.5024661e-05 0.00032950705 0.001992684 0.00030796466 0.4370655 0.032053042 0.17837888 4.5992863e-05 0.25795314 7.830173e-07 8.622658e-09 0.0030911798 0.20598403 0.023269605 0.009489016 0.000503439 3.4700083e-09 0.008549823 0.11845404 0.14026739 0.16521247 0.0059070066 1.1355345e-08 0.00021878885 0.00016092956 1.0408273e-06 0.009674383 9.218213e-05 1.8640764e-09 6.1904444e-07 0.0098198345 4.6225257e-05 0.09655068 2.7808387e-06 0.00010325613 3.0892672e-05 2.065783e-06 2.3773359e-07 0.011137404 2.9017516e-05 3.9188315e-05 1.2561866e-06 0.002999765 3.3866094e-08 2.3597634e-06 0.020906651 3.2343433e-08 9.347778e-06 4.6094166e-07 4.331622e-06 5.683267e-07 0.0018537539 0.0018568211 2.6940247e-06 9.811006e-07 0.0006951404 5.650091e-07 0.00042145315 3.859818e-06 1.9096238e-05 1.4875235e-06 4.461898e-05 3.8457804e-07 4.7829937e-05 7.613596e-08 7.792865e-07
0.98766303 0.022568287 0.23451729 0.0657168 0.5678604 0.68853474 0.009795968 0.048941437 0.06287112 0.00518013 0.000525619 0.02549113 0.0014140458 0.4827015 0.24337108 0.00023622221 0.4387388 0.0020889875 1.9390353e-13 0.0065481258 0.5682514 2.611152e-07 8.1449625e-06 0.0040550935 0.19234437 0.00059160776 0.001064469 0.044848535 0.00047133336 0.019526118 9.721339e-06 0.9597026 0.9279985 0.0077065732 1.2163546e-05 0.02353908 2.5755e-06 0.040250238 0.7997705 9.17957e-05 1.8094313e-06 2.6800064e-05 0.022597143 8.414136e-06 0.00042937184 8.639252e-05 0.0057678735 2.7447777e-05 0.0022832907 1.934216e-06 7.84351e-08 9.866736e-08 6.2130225e-06 0.0003123106 7.804598e-06 5.6869458e-06 0.0019326804 3.8556365e-07 0.0043835123 0.04612268 0.003644932 1.2534498e-06 0.2950655 4.1890115e-07 0.0009358893 4.314846e-06 0.025097506 4.7561184e-06 0.010362958 0.0007184436 0.035041448 0.0016459764 0.000626666 0.0005129539 0.003809404 0.19466984 3.8674956e-05 3.6065834e-05 0.0012430141 0.04066807 3.4078307e-06 1.5336686e-06 0.007490532 0.0005528608 0.0057765325 0.0044518337 0.00019065186 5.277432e-06 0.0016104479 5.5068062e-06 0.0006107819 6.5050874e-05 0.0009808457 0.00076186884 6.441637e-07 0.00038284154 1.5747433e-05 1.7103968e-05 2.223039e-05 1.18574735e-05 6.395118e-05
0.9460786 0.040123854 0.120536655 0.00392446 0.022383869 0.20855568 0.00022444704 0.7009456 0.005548812 2.0699237e-05 0.107480034 0.0009153541 0.160499 0.692878 0.0038108325 0.08718251 0.0068131173 0.98320657 0.0065481258 1.935508e-15 0.003952043 0.00075346185 0.03390896 3.5562094e-05 0.25314122 0.67260265 8.720095e-06 0.23629698 5.037708e-07 0.4691821 0.0013650941 0.00019347861 0.0050457814 2.2968079e-05 1.572538e-06 1.1677348e-05 0.00028667244 0.013865159 0.0008473678 0.89090455 0.016871043 0.3737955 4.1598032e-05 0.75281805 5.273688e-06 5.3863406e-08 0.021078527 0.6368471 0.22582057 0.002184487 0.00022402898 1.0970978e-06 0.0034776684 0.6189296 0.6428993 0.18707575 0.065352045 4.313692e-07 0.0028044058 0.0010148921 2.2692973e-06 0.006574861 0.0001161745 1.0870958e-07 5.098776e-06 0.009265645 0.00015954676 0.19020355 9.8763485e-06 0.001434327 2.6060992e-05 1.6795668e-05 1.870235e-06 0.22942504 2.9255285e-05 7.357318e-05 8.0720747e-07 0.0043173367 1.1483027e-07 2.4841122e-05 0.17350893 4.6466983e-05 6.57901e-06 1.4432175e-07 3.7861732e-06 1.1993642e-05 0.015426639 0.0037653702 4.069e-06 2.3365858e-06 0.002855894 6.548244e-06 0.003943664 9.941609e-06 2.792933e-05 0.000100497324 0.00023911273 6.6284533e-06 0.00028821637 4.6837724e-07 1.6226175e-05
0.94926727 0.008771181 0.06547616 0.1116646 0.06503795 0.10749349 0.15262593 0.019518876 0.18960835 0.04585703 0.00030386486 0.37224197 0.00072085945 0.11963479 0.49970642 7.668538e-05 0.9731682 0.0025782736 0.5682514 0.003952043 2.710507e-14 6.234657e-08 3.1886489e-06 0.5598186 0.05022822 0.00024406379 0.22927032 0.007780572 0.08265345 0.0011713699 8.4544745e-06 0.53055626 0.06187271 0.76564616 0.0003446489 0.9537873 3.5344942e-06 0.0005459203 0.02663903 4.4661512e-05 2.4878224e-07 2.1880762e-06 0.7464115 1.4502208e-05 0.16205251 0.051901773 0.00014168705 2.0651027e-05 1.1316628e-05 3.552572e-07 3.416454e-08 8.0502345e-05 4.996427e-07 2.3302335e-05 1.0107585e-06 1.3059371e-06 1.4863529e-05 0.00028581935 5.4305983e-05 0.00042567693 0.19825555 4.1035057e-07 0.24370809 8.400298e-06 0.06305793 1.3912769e-06 0.00029603203 5.436018e-07 0.122887306 2.275862e-06 0.12572311 0.057753045 0.056180496 4.973142e-05 9.394242e-06 0.0043188916 0.007655498 3.4729584e-07 0.07755981 0.049222797 3.4810644e-06 2.7939319e-05 0.00025284814 0.014053805 1.5514799e-05 0.0012174095 1.7878896e-05 0.0006503826 3.0965598e-06 0.0022199035 1.5515569e-05 0.0009824405 0.00016414009 0.00010021708 7.282477e-07 0.00016626112 1.5419548e-06 6.51595e-06 1.1032645e-05 0.00032862803 7.394557e-05
0.98701197 0.8724951 0.05809738 5.796827e-06 0.00010010075 0.0006758305 1.2791156e-06 0.005454108 1.2692643e-06 1.1837327e-07 0.045427617 2.0105606e-08 0.0062598544 0.0001113889 4.500387e-08 0.041752566 3.2387327e-08 0.0002542319 2.611152e-07 0.00075346185 6.234657e-08 3.4157725e-14 0.7122937 1.8274398e-09 5.3609942e-06 0.002648881 3.93064e-09 5.6128265e-06 4.429565e-09 1.07549895e-05 0.9840861 6.400405e-08 1.1072668e-07 6.839365e-08 1.7315108e-07 1.3736059e-09 0.8627743 6.0637067e-06 1.3645609e-08 0.019666892 0.1329384 0.14097863 5.1444484e-08 0.008113138 4.3917613e-08 8.084941e-09 6.9714006e-06 0.006036281 6.0397702e-05 0.0899576 0.28015125 6.402431e-08 0.055327184 0.0005182857 0.0008014172 0.026310608 4.5565794e-05 9.3182365e-08 4.2519673e-06 7.971165e-07 1.1616014e-07 0.06389745 1.2179523e-06 1.0416416e-08 6.2849864e-07 0.028684331 3.7515588e-07 0.0034433007 3.841825e-07 5.8445153e-06 2.2950728e-06 2.2439384e-07 1.0596633e-07 0.000116881056 5.622317e-07 1.723625e-06 6.27266e-08 0.0009782818 9.4424735e-08 2.4814094e-06 0.00073896674 3.0832553e-08 3.5639195e-07 3.3422936e-08 6.517569e-07 1.626107e-06 6.3523985e-05 0.25953326 1.6766062e-07 4.885944e-08 0.00043288188 4.0857185e-07 3.5770703e-05 5.9756695e-07 0.0021120734 3.3027325e-07 5.034692e-05 6.220045e-09 2.2467222e-05 2.1660103e-10 7.997019e-08
0.97940797 0.23530738 0.049320243 0.00016873187 0.0006536873 0.005015562 2.8878956e-05 0.042331994 0.00012235604 3.0292145e-07 0.44226807 2.608164e-06 0.26851878 0.0032447833 3.103741e-06 0.8781973 2.2667234e-06 0.04484037 8.1449625e-06 0.03390896 3.1886489e-06 0.7122937 8.0396796e-14 1.5828573e-07 5.7526348e-05 0.21488851 1.2617618e-07 6.310807e-05 5.3257107e-08 0.00017441403 0.8237783 2.2967116e-07 1.3977309e-06 1.0659088e-07 2.3931335e-07 3.3924927e-08 0.2593481 3.2753978e-06 8.874851e-08 0.29760823 0.9625816 0.8087741 3.385358e-07 0.11031461 2.8552307e-07 2.385424e-08 3.0574367e-05 0.04143362 8.470256e-05 0.54242456 0.50946486 1.1105536e-07 0.4734878 0.00068700383 0.0007999934 0.2565311 0.00025029088 8.115494e-07 7.424642e-06 1.711684e-07 8.7867434e-08 0.510288 1.5464094e-08 2.0245178e-08 8.072664e-08 0.21270092 7.6839535e-07 0.02175441 2.0994484e-07 1.3825862e-05 1.3132075e-07 5.038107e-07 1.3706342e-07 0.00019510342 9.229234e-07 8.188615e-08 6.562354e-06 0.0034135317 1.871448e-08 1.3313254e-07 0.007404363 2.0717464e-07 3.4828292e-07 3.2530526e-08 1.0932547e-07 1.873375e-06 0.0011573517 0.21804659 3.016937e-06 1.3800661e-07 0.00055455795 1.2667466e-06 5.56259e-05 9.567165e-06 0.00076027965 3.006372e-07 4.1970856e-05 8.8410275e-08 1.4667757e-05 4.0356525e-08 3.1677623e-06
0.969409 0.0067015314 0.047763452 0.5130123 0.028287863 0.013396276 0.49205625 0.0011622277 0.58946514 0.2924338 4.705453e-06 0.95296705 2.1479427e-05 0.001113553 0.21509126 1.6665385e-06 0.44571304 1.18789785e-05 0.0040550935 3.5562094e-05 0.5598186 1.8274398e-09 1.5828573e-07 1.644501e-14 8.36835e-05 3.003124e-06 0.91865885 1.0311574e-05 0.7866317 6.831109e-07 1.8712127e-06 0.009894516 0.00014092821 0.9226233 0.009411141 0.3732461 3.845876e-07 4.815428e-06 0.00023783802 8.6963425e-08 9.182221e-09 4.862405e-08 0.09791397 4.5903572e-08 0.3106687 0.26068008 6.951805e-07 2.5964343e-07 4.5185206e-07 7.6397654e-08 9.306815e-08 0.0006939879 5.707219e-07 3.3513405e-07 3.4770924e-08 6.7390346e-08 1.298149e-06 0.0031555602 2.9871856e-06 1.6151658e-06 0.09224465 1.7808445e-07 0.00468972 0.00050567725 0.15837526 5.5201014e-07 7.53459e-06 7.9249695e-08 0.00867403 2.0373611e-06 0.0043137195 0.006994056 0.007474363 2.211598e-06 8.5888126e-07 8.707277e-05 0.14884345 5.273613e-06 0.024812926 0.0016834356 4.8792884e-07 0.0001114023 2.4021978e-05 0.0021188792 8.619904e-07 6.0975286e-05 1.5630654e-05 2.1373948e-05 3.3658548e-06 0.004325043 0.000104798484 0.000325224 3.0857377e-06 1.39538215e-05 3.5935335e-07 1.4408006e-06 3.9004776e-06 7.9923986e-08 1.2821242e-07 0.0012259794 3.088236e-05
0.9720936 0.039703697 0.28798762 0.013294256 0.14379033 0.7014013 0.0014098835 0.23301512 0.016389733 0.0012246934 0.002264362 0.0032130864 0.0035703564 0.95511264 0.011836444 0.0005948234 0.061065577 0.011145767 0.19234437 0.25314122 0.05022822 5.3609942e-06 5.7526348e-05 8.36835e-05 2.1800244e-13 0.0021320598 4.0072136e-05 0.9364483 1.8145041e-05 0.89205563 6.348286e-05 0.03560987 0.36036968 0.00019421124 4.1540766e-06 0.00016136741 3.23219e-05 0.82031035 0.12260397 0.0007080107 1.3132339e-05 0.00012094888 0.0005254737 0.00056215463 2.2912138e-05 5.6682944e-07 0.3235445 0.0014451761 0.16660449 2.3378172e-05 7.167829e-07 7.0065823e-07 4.516156e-05 0.017593699 0.011876725 8.9643254e-05 0.037789233 5.740087e-06 0.106922835 0.30718607 3.341712e-05 1.31871575e-05 0.0042206594 6.725434e-07 2.092728e-05 1.3606529e-05 0.0526666 0.00012778184 0.00030981787 0.02413031 0.00088367244 0.00013616051 2.7101316e-05 0.0059402827 0.0379349 0.009659744 3.7240243e-06 2.7630307e-05 2.3509783e-06 0.0006004917 0.00019796581 1.342388e-05 0.00021344096 5.7678812e-06 0.001156904 0.0001095886 0.0003794965 0.0001779803 7.400314e-05 1.1835477e-05 6.447642e-05 1.2760179e-05 0.0036114748 4.5947094e-05 3.573069e-06 0.00065979606 2.253993e-05 1.2584583e-05 0.00050669163 3.793789e-06 5.7527715e-05
0.8568591 0.02406775 0.036748335 0.0015923446 0.0022239615 0.014444838 0.0001739715 0.062424153 0.0005322051 4.7565177e-06 0.42595914 9.6191245e-05 0.7307216 0.035645477 0.00014224729 0.9555905 0.000120893295 0.83289135 0.00059160776 0.67260265 0.00024406379 0.002648881 0.21488851 3.003124e-06 0.0021320598 6.442591e-14 1.587755e-06 0.001578598 4.7168805e-07 0.0056118933 0.00911712 1.2519128e-05 0.00021909682 7.466037e-06 6.0303964e-06 2.9154837e-06 0.0016206626 0.00022866987 1.31043535e-05 0.83520883 0.59150654 0.9042952 6.3739744e-06 0.6352242 7.1592253e-06 4.6082556e-07 0.00038032673 0.42623177 0.0036564106 0.08212785 0.008446405 1.4536361e-06 0.07346807 0.056618046 0.058491208 0.5334635 0.002033936 1.1452181e-06 0.0001446484 4.3420594e-05 4.0381433e-06 0.07708988 9.296801e-06 3.817761e-08 3.4373883e-05 0.0981337 1.8974139e-05 0.18365408 1.4988481e-05 0.00013342661 2.3196795e-05 2.0281113e-05 3.3575961e-06 0.007827341 1.6441134e-05 1.5605185e-05 5.012054e-06 0.021429338 9.3528115e-07 1.3410113e-05 0.041780874 7.569398e-06 4.8450797e-06 7.2180626e-07 2.6196835e-06 6.479483e-06 0.0017389861 0.017016422 2.941134e-06 3.5312846e-07 0.0039759404 9.2646064e-07 0.00061585126 1.0193609e-05 0.00014238966 1.5262834e-05 9.769328e-05 1.4643289e-06 9.61013e-05 9.316118e-09 8.856243e-06
0.9666026 0.006247339 0.02411048 0.59014356 0.021836165 0.006181451 0.66361064 0.00052459043 0.4509952 0.4495827 2.0139785e-06 0.7724303 3.5647952e-06 0.00031886366 0.1181265 6.95725e-07 0.1539881 3.6540227e-06 0.001064469 8.720095e-06 0.22927032 3.93064e-09 1.2617618e-07 0.91865885 4.0072136e-05 1.587755e-06 1.7714515e-13 3.443332e-06 0.98853844 3.3962786e-07 9.447171e-07 0.0022246572 5.1230465e-05 0.729046 0.044148933 0.08753091 4.0654572e-07 2.1634837e-06 5.0716833e-05 4.9260972e-08 7.8556175e-09 3.7842238e-08 0.025983902 2.8673885e-08 0.4507676 0.44096795 6.114619e-07 9.8876285e-08 2.679587e-07 6.550523e-08 1.7881965e-07 0.0027654099 5.525732e-07 1.2793028e-07 2.5926544e-08 3.0320567e-08 9.910092e-07 0.00988604 2.165647e-06 7.078439e-07 0.060785595 2.4260794e-07 0.0013211335 0.002281928 0.15438817 6.585585e-07 3.6436595e-06 3.6391622e-08 0.004311071 1.0885633e-06 0.001655639 0.0033811452 0.0037226996 1.261476e-06 8.048254e-07 2.1331183e-05 0.32337844 2.9409462e-06 0.014050931 0.0003044258 8.4650793e-07 0.00019297242 8.710047e-06 0.00059820537 3.2512974e-06 1.3776125e-05 9.22938e-06 1.6803599e-05 1.9772767e-06 0.0063882302 7.015502e-05 0.0002684666 2.7516799e-06 6.8073305e-06 1.3105189e-07 5.5333834e-07 2.383689e-06 6.6274985e-08 1.7137192e-07 0.0021198334 1.2934241e-05
0.9772346 0.031021208 0.14153427 0.0033536875 0.11142121 0.41249365 0.00072570745 0.2305789 0.004798729 0.000324216 0.0033982163 0.0014038224 0.0063881786 0.67881876 0.0032223659 0.00080810575 0.008848831 0.006944613 0.044848535 0.23629698 0.007780572 5.6128265e-06 6.310807e-05 1.0311574e-05 0.9364483 0.001578598 3.443332e-06 1.931245e-15 2.4777014e-06 0.9567858 4.0748e-05 0.014278565 0.13890983 1.0612077e-05 4.4688522e-07 2.9283952e-05 1.0050465e-05 0.93626297 0.07138538 0.00076317054 5.6363315e-06 6.5879794e-05 0.00016026486 0.0006723642 3.8795583e-06 6.390231e-08 0.7561986 0.0018324181 0.67872345 1.1872127e-05 1.04331434e-07 1.5282358e-08 3.1834e-05 0.14731847 0.08265221 0.00013302208 0.32733732 1.0280604e-07 0.40807554 0.52291965 6.7649794e-06 1.022734e-05 0.0015367668 3.2306442e-08 1.481419e-06 1.9031133e-05 0.09949102 0.0003809328 0.00015087672 0.1006881 0.0007546952 3.4845638e-05 3.7712075e-06 0.09439394 0.09683328 0.017628068 2.986335e-07 1.674441e-05 4.968354e-07 0.00048191604 0.00088709046 2.7281865e-06 0.00018197834 7.5243247e-07 0.0017305131 6.237361e-05 0.0008871467 0.00016695101 1.6906732e-05 2.8390185e-05 1.0523188e-05 1.0596512e-05 0.02365216 2.8667613e-05 2.4191203e-07 0.0013597092 3.4567114e-05 2.3546234e-05 0.0033565785 2.9341888e-06 6.2887607e-06
0.88635266 0.0030859057 0.0072514336 0.24482891 0.009375755 0.0021984617 0.4166329 0.00036771505 0.2648741 0.191422 1.4615873e-06 0.3033173 7.442531e-07 4.345307e-05 0.05923331 1.5398584e-07 0.03054846 1.2593953e-06 0.00047133336 5.037708e-07 0.08265345 4.429565e-09 5.3257107e-08 0.7866317 1.8145041e-05 4.7168805e-07 0.98853844 2.4777014e-06 1.14109585e-14 1.5626928e-07 4.984063e-07 0.000879164 4.2098254e-05 0.90792745 0.31646258 0.07984234 6.238854e-07 2.072957e-06 3.011727e-05 7.851877e-08 3.188799e-09 3.192805e-08 0.023484463 3.4239036e-08 0.79401094 0.89576 7.3820354e-07 2.3255303e-08 1.344493e-07 2.0830578e-08 7.3812785e-08 0.022715773 1.6350242e-07 1.5110717e-07 1.0990581e-08 4.6669342e-08 6.198958e-07 0.057661906 3.0980661e-06 9.902808e-07 0.05856719 8.938079e-08 0.0014439389 0.006699055 0.16087942 2.1502669e-07 2.166246e-06 2.4365027e-08 0.0022534004 7.200098e-07 0.0014924466 0.0040018405 0.00411186 2.2438613e-07 6.843789e-08 9.68042e-06 0.60552853 4.3565564e-07 0.010097094 6.518011e-05 1.08259535e-07 0.0011708572 2.6427845e-06 0.00029596878 1.0070916e-06 7.533447e-06 9.1676446e-07 2.6069854e-06 2.40029e-07 0.0069619203 5.703027e-06 0.00021720114 5.6935687e-07 2.2193478e-06 9.811969e-09 6.071301e-07 7.435401e-07 3.5773137e-08 3.3409117e-07 0.004265427 7.740458e-06
0.97890854 0.025246581 0.09844434 0.0015706946 0.08936963 0.23895505 0.00035340746 0.25442466 0.001449504 0.000117110794 0.009362634 0.00068158243 0.012275764 0.488187 0.0009546563 0.0010677958 0.0019563108 0.027238332 0.019526118 0.4691821 0.0011713699 1.07549895e-05 0.00017441403 6.831109e-07 0.89205563 0.0056118933 3.3962786e-07 0.9567858 1.5626928e-07 9.847443e-16 4.966294e-05 0.008136612 0.06396837 1.3714664e-06 1.4285163e-07 1.6476284e-06 1.086333e-05 0.9442321 0.027123263 0.012508066 1.462274e-05 0.00046128622 1.2912106e-05 0.005998381 2.0369444e-07 2.292723e-08 0.86815995 0.00943401 0.8392594 1.7439315e-05 2.9995988e-07 6.3523853e-09 3.0445704e-05 0.30494812 0.24698614 0.00023587442 0.45642263 5.3773586e-08 0.4007956 0.39608762 7.4959763e-07 2.0853207e-05 9.3270966e-05 4.518646e-09 8.8906796e-07 2.4542232e-05 0.049603656 0.0010718682 2.7261385e-05 0.094964504 0.00020388074 1.1650341e-05 2.912049e-06 0.20856988 0.043853026 0.009447348 1.0170372e-07 2.8064778e-05 1.5666096e-07 8.299435e-05 0.006556581 9.651893e-07 0.00013302108 2.17673e-07 0.0005065016 2.5129673e-05 0.0016646379 0.00042992976 7.0088176e-06 8.826639e-06 1.2604568e-05 1.2074333e-05 0.02880904 1.5133561e-05 4.1197666e-07 0.00058886054 0.00011270601 1.0988721e-05 0.0027453199 2.1961857e-06 1.8365785e-06
0.5794291 0.12815855 0.0045861118 2.2978926e-05 4.3092597e-05 0.00022338085 7.4287213e-06 0.003902919 9.1524835e-06 2.607628e-07 0.006699889 1.1112057e-06 0.0031988795 0.00018346142 1.6616917e-06 0.01784362 1.4411206e-06 0.0009344423 9.721339e-06 0.0013650941 8.4544745e-06 0.9840861 0.8237783 1.8712127e-06 6.348286e-05 0.00911712 9.447171e-07 4.0748e-05 4.984063e-07 4.966294e-05 6.281318e-11 4.0739706e-06 9.375411e-06 1.4063666e-05 1.7836243e-06 7.9977025e-07 0.98266 9.465474e-06 8.104148e-07 0.0045573427 0.5545028 0.06839898 2.3577838e-06 0.0014620217 6.878731e-06 3.4090544e-07 3.0178539e-05 0.00079688214 7.680467e-05 0.38138017 0.71980345 4.91717e-06 0.11210609 0.00010767732 0.00024699187 0.02543201 7.105148e-05 1.5493722e-06 1.5806549e-05 4.8104935e-06 1.7647806e-06 0.08253832 6.6209795e-06 2.9561798e-07 1.0220904e-05 0.016849367 7.4001687e-06 0.00075326324 6.4558467e-06 1.4263138e-05 1.4892504e-05 3.4689351e-06 9.044262e-07 1.8134211e-05 7.2369e-07 7.1886375e-06 8.210123e-07 0.00041980066 2.0321266e-07 4.6441863e-07 0.0004251779 3.457824e-06 3.8024857e-06 1.4419984e-07 8.844329e-07 3.014113e-06 5.0543975e-05 0.13143185 2.2319025e-06 1.1429764e-07 0.00046973806 1.26968625e-05 2.8356883e-06 3.7027055e-06 0.0009835701 1.428985e-07 8.128387e-06 4.287106e-08 3.5115914e-07 3.1276365e-08 2.2678046e-06
