4.8561485e-23 0.32814738 0.16737477 0.1957252 0.018474106 0.16494182 0.8375053 0.42201236 0.042383984 0.66315085 0.16442963 0.69000083 0.124121696 0.9534372 0.80892605 0.7058151 0.95650387 0.09589307 0.92665684 0.77970487 0.7973775 0.0019846458 0.40642372 0.08873215 0.25702175 0.93042165 0.8374461 0.052916583 0.9761121 0.94319993 5.29594e-06 0.98516846 0.93749326 0.52966136 0.45161906 0.17442323 0.025277508 0.012601192 0.874918 0.8691694 0.78520733 0.0047885096 0.22966632 0.00026182077 0.47481424 8.730063e-06 0.11478277 0.942066 0.80415297 0.7706896 0.009788539 0.64630896 0.40944067 0.89623 0.020964947 0.055548362 0.9247505 0.049043678 0.24805288 0.89558154 0.5728783 0.8326642 0.07287341 0.84409493 0.7228084 0.9884608 0.97865826 0.71804994 0.0025475568 6.68047e-05 0.91104186 0.36704838 0.9761233 0.16866554 0.4594507 0.03655697 0.21223229 0.9993296 0.15172419 0.7924855 0.18324624 2.7771337e-06 0.984401 0.90824324 0.89884144 0.0013864485 0.98066366 0.99985147 0.00011672867 2.7059489e-06 0.99982494 2.7101844e-08 0.0001886263 0.99982226 0.0039788443 0.0233697 0.13257833 0.99965626 0.96513104 9.3073474e-08 0.9840555
0.32814738 2.361782e-16 0.93456775 0.7802334 0.96820784 0.801824 0.93066835 0.52340615 0.74147075 0.5546189 0.063588545 0.5136153 0.025163956 0.032483216 0.21987927 0.0036585487 0.33234048 0.02686559 0.45246562 0.34208053 0.0057929805 0.02423703 0.0015338698 0.0009113429 0.00023370696 0.0007184812 0.18992026 0.25852993 0.26065347 0.03409869 0.0061718943 0.081648506 7.954387e-06 0.00021827324 0.00017107924 0.0001161612 0.013430553 0.00015801117 0.000544795 0.001697828 0.00017635843 1.1021751e-05 0.0007895279 0.0020963696 5.78087e-05 0.010536672 0.00020702802 0.00023004439 1.6844698e-06 0.007191888 2.1007783e-07 3.525988e-05 7.860719e-06 5.50441e-05 1.3853157e-05 1.1924067e-06 0.011979725 0.0005715074 1.2465867e-06 0.003329654 9.8546196e-05 2.9755804e-05 1.0578766e-06 0.0008424128 2.7938066e-07 0.00034729717 0.0012340228 1.4420866e-05 4.3529057e-05 0.00045466854 0.009081216 3.3882432e-05 5.7047982e-05 2.6013056e-06 1.006242e-06 6.388001e-08 2.1245678e-06 0.00077041885 0.0005545008 0.0003115907 9.873546e-07 2.0644844e-05 6.546808e-06 0.00020431519 0.00012847516 4.5525832e-07 6.4637443e-06 1.3812117e-05 1.0355315e-06 3.7213132e-07 1.9910305e-05 6.567563e-06 1.9197175e-07 0.0026769696 2.9444034e-06 5.8235337e-08 2.3441554e-07 1.2669116e-07 2.3422e-05 1.1777787e-06 6.4792416e-06
0.16737477 0.93456775 2.9166326e-17 0.98809344 0.5691731 0.047136996 0.38548723 0.7099798 0.014782353 0.7855494 0.00014548011 0.6494453 1.2231736e-05 0.38585982 0.023336053 0.043133184 0.57640994 0.06395451 0.21576683 0.42048585 1.4913139e-05 3.963279e-05 6.527487e-06 2.4071536e-05 4.0186433e-06 0.004524239 0.19634162 0.21402629 0.18001674 0.0062218523 0.0005066206 0.23807992 1.7874567e-05 0.0005856018 0.00017486504 1.8348452e-06 0.019019628 8.155555e-06 0.0007435292 0.00022895989 1.0656386e-05 2.0657121e-06 0.0022238651 0.0039705904 4.0783475e-06 0.0046106963 0.0001832156 0.0009156579 1.1253009e-06 0.0017168088 1.634384e-08 1.4808323e-05 2.0261665e-05 2.2715035e-06 1.6860087e-05 1.6273075e-06 0.005354886 0.0019258229 2.5346074e-07 0.013641137 1.2120943e-05 7.611861e-06 1.2259432e-06 0.0003302816 2.4032403e-07 0.00096855673 0.00026609833 6.175827e-05 1.22054125e-05 0.00056935445 0.017942147 1.6380192e-05 7.550634e-05 4.3239476e-07 1.4024603e-06 3.5668148e-08 3.521908e-07 0.0015589753 0.0008493775 0.000115069306 2.2192661e-07 3.2566735e-05 1.4127376e-06 3.6954996e-05 0.000106453495 4.3416952e-07 1.0519711e-06 2.0619285e-05 8.082236e-07 7.1244375e-07 2.9889234e-06 4.7437475e-06 4.385826e-08 0.0029582037 2.9293784e-07 2.007028e-08 9.656329e-09 1.845948e-08 8.775942e-06 9.474654e-07 1.4684613e-06
0.1957252 0.7802334 0.98809344 1.5716784e-16 0.52726465 0.01900143 0.24710311 0.90890944 0.008281385 0.80475825 6.133607e-05 0.69477415 6.189491e-06 0.5362383 0.012755404 0.14322343 0.6009997 0.13688962 0.12959468 0.4305075 5.5003875e-06 1.3371188e-05 1.1457617e-05 3.385785e-05 4.980487e-06 0.018684823 0.21189362 0.3373437 0.1336723 0.0034441464 0.000741124 0.24826266 0.00033377737 0.0042223963 0.0011414299 2.3190381e-07 0.04482628 2.5020663e-06 0.002850278 0.00032298468 8.870993e-06 1.6934285e-06 0.007072678 0.0073127165 5.0471454e-06 0.006229176 0.0006209596 0.0053492994 3.0181505e-05 0.00076958135 3.345138e-08 0.00015701944 0.00020028715 1.2859994e-06 9.2985785e-05 1.016344e-05 0.0024810275 0.00827523 1.9449928e-06 0.017966257 6.1116316e-06 6.585554e-05 9.375669e-06 0.00017345742 4.353925e-06 0.0031234429 0.00019002687 0.00039187307 7.738753e-06 0.0014393133 0.014321639 0.00012704282 0.00034716818 6.9460493e-06 2.3469536e-05 2.2260873e-07 7.3237743e-06 0.0019437838 0.0003857901 0.00010442268 2.5646995e-07 0.00020108139 1.099747e-06 1.3928215e-05 0.000113474016 2.727163e-07 1.1921758e-06 5.617848e-05 1.4949991e-07 2.0933876e-06 1.2043748e-06 1.526662e-05 1.0894739e-08 0.0027167124 1.2229397e-06 1.9491482e-08 4.1619476e-08 1.5292761e-07 4.812526e-06 2.439202e-06 2.3538364e-06
0.018474106 0.96820784 0.5691731 0.52726465 9.0497986e-17 0.36333528 0.39764476 0.84637165 0.93273824 0.234655 0.0040385737 0.1963586 0.0021435749 0.020919466 0.020690585 0.025269127 0.12711756 0.15170132 0.07968843 0.07687188 0.0006261287 0.54293275 0.00027826108 0.0001668684 8.3386825e-05 0.00033832996 0.036000587 0.52547795 0.04600287 0.002334146 0.85490966 0.010430773 2.078139e-06 0.00056074106 2.949759e-05 5.804746e-07 0.07620059 5.41964e-05 8.28035e-05 5.1649215e-05 5.7654725e-06 5.793229e-06 0.0023964592 0.11852453 5.866965e-06 0.102567405 0.0001260187 1.7438768e-05 1.6564995e-07 9.92637e-05 2.616753e-09 1.3337929e-06 2.4930569e-07 2.0748262e-06 4.495485e-06 1.6913222e-06 0.00056402123 0.0016636667 4.6230812e-07 0.00017281233 6.8493005e-06 5.700816e-07 1.26958585e-05 0.0001115239 2.431933e-07 1.0841554e-05 1.9602297e-05 7.429794e-07 6.3882817e-06 0.008165667 0.0011932377 6.196112e-06 3.8604517e-06 6.794446e-07 1.6106029e-05 6.5033385e-07 2.7897755e-07 0.00014723316 3.2875996e-06 4.1520234e-05 4.65335e-07 0.0006829042 1.197536e-06 1.31639e-05 2.216893e-05 3.7363357e-08 7.473513e-07 8.39249e-06 4.6121687e-07 1.9037169e-06 1.9844383e-06 4.7626745e-05 9.395818e-08 0.00037683672 2.699293e-05 3.284519e-08 1.4667545e-07 1.5943654e-07 5.4981274e-06 2.3384562e-06 3.9262404e-06
0.16494182 0.801824 0.047136996 0.01900143 0.36333528 6.114093e-15 0.9092376 0.004050052 0.96552527 0.060047433 0.8934053 0.07870989 0.9372805 0.0015683663 0.5690873 5.514861e-05 0.034268178 0.00028619083 0.43810746 0.0809346 0.1465512 0.05426244 0.09439241 0.044251926 0.031401172 0.00012810886 0.04655751 0.0025312535 0.21824394 0.20121391 0.003971647 0.009024314 5.1596436e-07 2.2726032e-05 1.4867287e-05 0.0020725608 0.00014667539 0.004796252 0.00014963793 0.015734278 0.0010475852 0.00012796586 9.640734e-05 0.00027173953 0.00041313536 0.0003959027 6.3486375e-05 0.00012633095 8.956215e-07 0.041771453 9.199064e-06 4.6241644e-06 3.1658658e-06 0.00039983803 1.6748108e-06 7.5316115e-07 0.024629986 2.127308e-05 2.5653735e-06 0.00050632627 0.0002144233 1.7466347e-05 3.0974873e-06 0.006740402 1.3163316e-06 0.00010034706 0.004450433 1.41377195e-05 9.074095e-05 0.00017180321 0.0031766414 3.349714e-05 5.4086424e-05 2.8239087e-06 1.4464515e-05 1.6958678e-07 1.6569917e-06 0.0003225494 0.0008456435 0.0012204878 1.286603e-06 1.4237471e-06 9.477465e-05 0.00022255219 0.00032061638 3.480795e-08 3.87192e-05 3.005584e-05 3.6514344e-08 6.7236897e-07 0.00012810605 5.893318e-07 4.7723155e-08 0.0026065332 4.8195096e-07 3.819655e-08 1.903744e-06 1.0272427e-06 0.00010804649 5.183917e-08 1.677689e-05
0.8375053 0.93066835 0.38548723 0.24710311 0.39764476 0.9092376 2.5667802e-14 0.059239786 0.5161472 0.42077732 0.70652324 0.4372847 0.25797525 0.009702079 0.92324996 0.00017913038 0.28545573 0.0031440984 0.956726 0.4334463 0.11369697 0.013852783 0.051209662 0.013772015 0.004930467 0.00038149886 0.2668978 0.033238363 0.5630236 0.30351734 0.0009443385 0.10764237 9.366215e-06 7.2107774e-05 6.4108295e-05 0.00050641655 0.0006928547 0.0011155428 0.0004934378 0.012926615 0.0008303295 3.624631e-05 0.0002523384 0.0014131843 0.00012497329 0.0013602384 0.00012618708 0.00046360889 2.3666755e-06 0.04068431 6.953283e-07 4.7503996e-05 1.8160985e-05 6.581718e-05 1.2220157e-05 1.529675e-06 0.0736309 0.00015091054 1.7457495e-06 0.008440043 0.00020931641 2.783849e-05 9.1028795e-07 0.009786686 1.5782471e-06 0.0008401039 0.010974795 8.559278e-05 0.00012935026 0.00021453702 0.031093452 5.281951e-05 0.0001426773 1.573297e-06 4.5250995e-06 1.1579901e-07 7.789311e-06 0.0031126684 0.0029729286 0.001626988 1.9123802e-06 3.4042932e-06 8.137039e-05 0.00034910033 0.00046581283 1.4051002e-06 0.0001305362 3.4324876e-05 1.1369987e-06 3.1457358e-07 0.00013072068 5.6089743e-06 1.9252104e-07 0.011301755 2.6616253e-06 6.49215e-08 3.070823e-07 6.8942194e-07 6.9174355e-05 4.897189e-07 1.7021272e-05
0.42201236 0.52340615 0.7099798 0.90890944 0.84637165 0.004050052 0.059239786 1.5613687e-18 0.0071661863 0.69311136 1.9139428e-05 0.6428342 1.3437234e-06 0.87293404 0.0041917516 0.937624 0.674246 0.96838284 0.046226136 0.39448473 4.348303e-06 9.759885e-05 1.2954437e-05 2.1350172e-05 3.2269277e-06 0.099937 0.18673334 0.8717616 0.05304182 0.000815964 0.009539978 0.24266827 0.0016818439 0.03652045 0.0063443556 1.0265066e-07 0.3646101 1.240012e-06 0.00565332 2.5271445e-05 3.1901848e-06 3.242137e-07 0.04099852 0.09697877 4.3629177e-07 0.07214727 0.0016530349 0.00598255 3.0035035e-05 4.9394883e-05 1.5737807e-09 0.00018593193 5.866862e-05 1.3689144e-06 0.00011364935 1.725542e-05 0.00075894204 0.077215075 3.176417e-06 0.012309819 1.2125344e-06 6.623515e-05 1.677777e-05 1.5270594e-05 3.4426619e-06 0.0016058277 6.1495964e-05 0.00020410388 7.714709e-06 0.01068326 0.003441738 5.859358e-05 0.00023896368 6.0345506e-06 6.2373047e-06 9.399043e-08 3.8975363e-06 0.0010333996 3.2654407e-05 4.217022e-05 3.746989e-07 0.00242353 1.336941e-06 2.1854703e-05 4.2062977e-05 1.1311286e-07 1.0716886e-06 3.0164869e-05 2.5888855e-07 5.107889e-07 1.0301818e-06 0.000111770176 1.890412e-08 0.0005879551 3.0542235e-06 5.7845668e-08 6.480521e-08 8.073819e-08 1.6455275e-06 4.094841e-06 1.5876278e-06
0.042383984 0.74147075 0.014782353 0.008281385 0.93273824 0.96552527 0.5161472 0.0071661863 6.020698e-13 0.029991044 0.32794347 0.03660513 0.69100976 0.00084089866 0.15854707 0.00031189603 0.008358109 0.00067301956 0.103154294 0.021116085 0.11108984 0.8964908 0.08485027 0.030629622 0.04697393 6.696902e-05 0.009063039 0.0021258653 0.035773776 0.049154874 0.08457425 0.0014623054 9.351462e-06 0.00013242313 4.1462204e-06 0.0072389897 0.0011536215 0.0706875 3.4383196e-05 0.00763926 0.004050008 0.0007612686 0.00048014324 0.0007180223 0.0026767193 0.00090435386 1.8880492e-05 2.1973483e-06 2.2214515e-07 0.016187282 9.060613e-05 1.6384527e-06 4.38618e-07 0.00088241143 4.3569713e-07 5.6995555e-07 0.012289105 9.2247305e-05 3.0332325e-07 0.00023939706 0.00024239067 3.1244366e-07 2.10649e-05 0.0046846443 2.830775e-07 7.274769e-06 0.0021552702 1.0667259e-06 0.00044205523 0.0004218637 0.0038039733 4.566546e-05 5.4097536e-06 3.5433368e-06 7.0368114e-05 4.3456535e-06 6.089149e-07 0.0003679385 0.00033497353 0.00042688823 9.514391e-06 1.3661542e-05 4.5130128e-05 0.0021997723 0.00033563303 2.211213e-07 0.0001342984 2.7016236e-05 1.8170435e-06 4.66233e-06 0.0001810436 8.044333e-07 6.208355e-06 0.0018857243 3.653251e-05 1.262833e-07 2.072774e-07 1.6636199e-06 0.00017570471 9.247414e-08 3.1572952e-05
0.66315085 0.5546189 0.7855494 0.80475825 0.234655 0.060047433 0.42077732 0.69311136 0.029991044 2.918674e-14 0.0011381558 0.97461 0.00010536751 0.69310457 0.017254861 0.2717662 0.89884156 0.26530412 0.18932763 0.6356931 0.00011316871 2.1108539e-05 7.850002e-05 0.00022491887 3.3670316e-05 0.05130896 0.26930475 0.26707104 0.15613757 0.0042470032 0.00023453016 0.5670104 0.0011096835 0.01131186 0.0017907046 3.6013366e-06 0.029890656 9.258516e-06 0.0021922705 0.00023130713 3.397082e-05 5.952222e-06 0.008820202 0.0030462127 6.7647534e-06 0.0031627787 0.0012473372 0.0066294973 2.103503e-05 0.0030151785 3.5940147e-08 0.00024093273 0.00018516327 1.0780277e-06 0.00014570588 1.9886622e-05 0.0070342375 0.0090199895 5.7888933e-06 0.04120573 1.9710187e-06 8.271139e-05 1.213429e-05 0.00031712747 4.5142806e-06 0.0064706965 0.00059798145 0.0006010231 1.3884543e-05 0.0014990867 0.021774113 0.00013030709 0.00047785963 5.2605683e-06 5.857986e-06 1.456794e-07 3.2655576e-06 0.009507376 0.00040531333 0.00020681902 1.0018234e-07 9.221704e-05 2.974105e-07 1.3311549e-06 7.6441356e-05 4.182766e-08 1.1468154e-07 0.00019389534 1.6998156e-07 1.8762537e-06 7.795076e-06 2.2375727e-05 1.3263698e-08 0.006791321 2.1242054e-06 6.551932e-09 4.1317886e-08 5.3097157e-08 1.3151439e-05 3.716701e-06 1.4130583e-06
0.16442963 0.063588545 0.00014548011 6.133607e-05 0.0040385737 0.8934053 0.70652324 1.9139428e-05 0.32794347 0.0011381558 5.9704693e-18 0.0023239877 0.993632 0.00012210855 0.8112762 1.7139834e-06 0.0009839444 7.040922e-06 0.35612386 0.012111528 0.60472643 0.0064153774 0.69986635 0.39226305 0.37583393 2.2808192e-05 0.009328793 1.1738468e-05 0.0721869 0.35795814 6.682624e-05 0.0012923077 8.188666e-07 2.2957186e-06 4.4331814e-06 0.10329857 8.780395e-06 0.18914373 0.00017531474 0.1458414 0.027040165 0.00032312947 1.9462703e-05 2.253327e-05 0.0041796467 1.1645441e-05 0.00015576452 4.447967e-05 1.6179192e-06 0.19803528 0.00037872588 3.1085194e-06 3.830866e-06 0.003054058 8.002131e-06 2.0475075e-06 0.08152559 8.748732e-06 5.230179e-06 0.0010337061 0.0012635487 1.4967611e-05 1.9604045e-06 0.11348119 4.8709194e-07 8.76086e-05 0.020090487 4.3271528e-05 0.0008157388 8.768926e-05 0.0047435258 2.7507422e-05 6.1266735e-05 5.421173e-06 2.235927e-06 9.1538624e-08 4.1153527e-07 0.00041381383 0.031811815 0.0085043 6.0089606e-06 9.0862875e-07 0.00095256587 0.0020028572 0.0059178825 3.1947653e-07 0.0007231872 1.7407016e-05 3.3999245e-07 6.007428e-07 0.000832138 5.1466767e-08 1.3000042e-07 0.0030048229 2.2606817e-07 1.6463508e-07 1.3657378e-08 6.212196e-07 0.00078474946 1.0951471e-08 0.0002821115
0.69000083 0.5136153 0.6494453 0.69477415 0.1963586 0.07870989 0.4372847 0.6428342 0.03660513 0.97461 0.0023239877 1.2884617e-14 0.0001875488 0.50441456 0.04298271 0.20229927 0.9482141 0.28394315 0.3317523 0.8290174 0.0002397185 1.3115518e-05 0.0001134382 0.00044048022 4.905084e-05 0.026045533 0.39847547 0.2594904 0.2846371 0.010674705 0.00026910694 0.7110307 0.00094169134 0.011008653 0.0016290032 3.2501117e-05 0.026996857 1.5592406e-05 0.0019752425 0.0003669325 6.4398446e-05 1.4516239e-05 0.008010478 0.0024565978 1.6264194e-05 0.0030348012 0.00091057416 0.006262287 1.8139866e-05 0.006532468 2.3844882e-07 0.0001383963 0.00016759723 7.0194747e-06 0.00014442536 1.203458e-05 0.0102736475 0.009155942 4.7885137e-06 0.08321966 1.0128432e-05 5.73288e-05 1.0527897e-05 0.00086404145 4.8702113e-06 0.0064818566 0.00095900387 0.0007367214 3.5996905e-05 0.0018707918 0.064212166 8.797523e-05 0.0004406599 1.0050518e-06 4.248915e-06 6.498183e-08 1.8842583e-06 0.01279868 0.0010607777 0.00036185418 5.38974e-07 6.6558154e-05 1.1070013e-06 9.341353e-06 0.00013850178 1.5130703e-07 8.916467e-07 0.00019322766 9.005077e-07 2.456852e-06 2.3732695e-05 3.5558056e-05 5.9621016e-08 0.009557612 7.3279625e-07 4.4081172e-08 3.351901e-08 2.5208124e-08 2.7329743e-05 3.843762e-06 2.9167018e-06
0.124121696 0.025163956 1.2231736e-05 6.189491e-06 0.0021435749 0.9372805 0.25797525 1.3437234e-06 0.69100976 0.00010536751 0.993632 0.0001875488 4.951284e-16 8.857915e-06 0.53079337 4.519137e-07 0.00030273304 2.7835543e-07 0.11997133 0.0035463541 0.3901346 0.030119032 0.43945608 0.5771535 0.43714187 1.2839406e-06 0.0022542288 2.3355165e-06 0.03246804 0.22419757 0.0005202215 0.00032414368 4.1416598e-08 1.5460365e-06 4.2067987e-07 0.19735558 2.2700247e-06 0.5861337 9.817833e-06 0.16080642 0.023139711 0.0019491224 4.286125e-06 4.9513146e-06 0.0053626997 6.0644203e-07 4.725104e-06 1.2212661e-06 1.6078793e-08 0.18886137 0.0011654771 1.2400322e-08 4.4227463e-08 0.0030034448 3.6296913e-07 2.6357756e-07 0.06292418 2.4678677e-06 2.436985e-07 8.131368e-05 0.00035038844 6.6089336e-07 5.306003e-07 0.12478992 7.862378e-09 4.900724e-06 0.031070191 3.6130345e-07 0.0004688631 4.9039612e-05 0.0022412215 9.6603235e-06 1.3138063e-05 7.371652e-07 2.0684692e-07 3.4705728e-08 1.3110871e-08 0.00020831115 0.026956372 0.01780989 2.5145397e-07 1.0375727e-06 0.001199573 0.002069155 0.00545085 2.6478008e-07 0.00035490454 1.1299115e-05 1.4207788e-07 8.6246325e-07 0.0031412093 1.8006702e-07 5.016343e-08 0.0027775785 1.04659094e-07 9.189439e-09 9.0279055e-09 1.8493147e-07 0.0010572969 4.9091553e-09 0.00037215656
0.9534372 0.032483216 0.38585982 0.5362383 0.020919466 0.0015683663 0.009702079 0.87293404 0.00084089866 0.69310457 0.00012210855 0.50441456 8.857915e-06 5.5828945e-15 0.00087936193 0.9656037 0.7714746 0.51847726 0.0109784845 0.14309442 1.1276422e-05 7.9923194e-07 3.3943004e-05 0.00021668164 1.70316e-05 0.9414241 0.055521153 0.3381347 0.013835533 0.0004741728 0.000110719026 0.37746614 0.08217357 0.20792602 0.036120594 1.5838516e-06 0.16827781 8.443874e-07 0.29336414 0.00011207694 1.22924275e-05 3.062294e-06 0.12706321 0.011625713 4.764944e-06 0.0049613547 0.016611809 0.21553844 0.0018001123 0.00038844827 1.4175284e-08 0.0019525458 0.00689169 7.111418e-07 0.0012853 0.0003079955 0.0012655864 0.07723763 0.00033627448 0.13958997 2.6858515e-06 0.0027014292 0.00119655 0.00023191387 0.00039598637 0.15450966 0.00026836368 0.018127676 1.3159632e-05 0.004678017 0.020351062 0.0012767015 0.018870845 0.00023525642 0.000118472395 6.6883013e-06 0.00016781139 0.030801129 0.0005169741 0.00028944702 7.900471e-07 0.0018440015 8.0643196e-07 9.2034425e-06 5.473776e-05 1.8849941e-07 1.3311942e-06 0.0024585195 2.438444e-06 2.7607999e-05 5.266868e-06 0.0001024691 5.5342116e-07 0.008681359 1.4681777e-05 3.9871279e-07 8.6712294e-07 8.14278e-06 7.10795e-06 5.3136264e-06 1.1291913e-06
0.80892605 0.21987927 0.023336053 0.012755404 0.020690585 0.5690873 0.92324996 0.0041917516 0.15854707 0.017254861 0.8112762 0.04298271 0.53079337 0.00087936193 1.5414022e-13 2.4223595e-05 0.015682617 0.0003135291 0.94350076 0.16469821 0.8305361 0.0031357785 0.6176158 0.4326924 0.296508 5.2949228e-05 0.12613791 0.0016481536 0.64978737 0.9098472 0.00030043616 0.0422301 6.362875e-07 2.4028028e-05 6.446237e-06 0.012258678 6.2677784e-05 0.007595242 0.00023116356 0.1661451 0.005830745 0.00036225314 6.456405e-05 5.805128e-05 0.0012758641 0.0002047365 2.0580268e-05 0.0003644798 2.2999865e-07 0.19370419 8.633792e-05 7.327226e-06 1.2482065e-05 0.00039952208 3.339012e-06 4.254269e-07 0.24433865 4.3705613e-06 6.949054e-07 0.010003906 0.0008605584 7.5394128e-06 2.94111e-07 0.06891334 1.3339811e-06 0.00088727876 0.059034333 9.2276954e-05 0.00029219696 3.7000635e-05 0.04494218 2.0503436e-05 0.00012619633 5.9726494e-07 2.2960263e-05 1.8981358e-07 1.534741e-06 0.0031316828 0.019186348 0.012356709 4.9249234e-06 7.445207e-07 0.00052603905 0.0007632153 0.0029553853 6.3657336e-07 0.00048183656 5.9032187e-05 1.2721486e-06 4.564665e-07 0.0009966748 1.7771094e-06 9.0160154e-07 0.021542659 8.143676e-07 2.8033455e-07 1.8579199e-07 3.3305903e-06 0.00060122827 6.804844e-08 0.00024386859
0.7058151 0.0036585487 0.043133184 0.14322343 0.025269127 5.514861e-05 0.00017913038 0.937624 0.00031189603 0.2717662 1.7139834e-06 0.20229927 4.519137e-07 0.9656037 2.4223595e-05 8.281112e-19 0.43078458 0.95249957 0.0011637477 0.06581521 2.3558675e-07 8.732666e-07 1.7411905e-06 1.6352378e-05 4.5022185e-07 0.8038185 0.01745817 0.615565 0.0024536534 3.270948e-05 0.0003945263 0.08247166 0.33115822 0.6210674 0.42990875 2.5630992e-08 0.38832903 3.5704068e-07 0.22188856 7.254469e-06 8.793404e-07 6.615296e-07 0.2737918 0.06816335 1.9256474e-07 0.0126634035 0.08492312 0.0779527 0.011784654 1.757425e-05 7.625447e-10 0.00939987 0.00858867 5.2545055e-08 0.0047525642 0.0014274868 6.842233e-05 0.18915151 0.0004733277 0.03464902 7.548614e-08 0.002368629 0.0032857414 8.222292e-05 0.00041631647 0.04112621 4.745448e-06 0.010775869 1.9082902e-06 0.018622488 0.0035985822 0.0008887256 0.0076578353 0.00010576528 0.0001361683 2.4372455e-05 0.000346896 0.003976824 4.0459014e-05 1.000441e-05 2.227593e-07 0.004214465 1.01005654e-07 3.826864e-06 3.4134107e-05 7.3545216e-08 2.1630733e-06 0.00031057873 1.9864424e-07 9.229838e-06 2.462203e-07 0.00015511406 1.3377284e-07 0.0007657469 1.72719e-05 1.17338004e-07 1.405028e-06 4.4564954e-06 5.086525e-07 1.1905472e-05 1.1169227e-06
0.95650387 0.33234048 0.57640994 0.6009997 0.12711756 0.034268178 0.28545573 0.674246 0.008358109 0.89884156 0.0009839444 0.9482141 0.00030273304 0.7714746 0.015682617 0.43078458 9.07404e-15 0.42853284 0.2058302 0.8712939 0.000101382466 6.650838e-06 0.00011400639 0.00041039265 7.557298e-05 0.12678514 0.46014717 0.28275818 0.25200674 0.0057289647 7.328662e-05 0.8589377 0.0064996933 0.027053203 0.004273699 1.197555e-05 0.0500742 2.4828212e-05 0.019858524 0.00033517613 7.1585666e-05 2.6850412e-05 0.017219659 0.001730575 1.4061895e-05 0.0022696147 0.0018162865 0.087825865 5.917152e-05 0.005195311 1.07130184e-07 0.00037888138 0.0006099242 2.8091863e-06 0.00038292588 2.8043509e-05 0.0067958045 0.022210402 4.5332737e-05 0.24899425 1.3839055e-05 0.00018319482 3.0714647e-05 0.0010475068 8.588961e-05 0.031156778 0.00053959404 0.0023166533 0.00010742705 0.002132073 0.071791664 0.00017385388 0.001667945 1.7251734e-05 2.0972853e-05 4.0681178e-07 3.33192e-05 0.022193529 0.00091896026 0.00038492662 5.898126e-07 0.00015257981 6.381215e-07 1.2934032e-05 0.00032705255 9.014374e-07 2.2330116e-06 0.00062322215 4.474966e-06 5.4431225e-06 8.558694e-06 7.191061e-05 3.6767946e-07 0.011855976 4.9744776e-06 8.448357e-08 7.1358545e-07 6.2983486e-07 1.6759011e-05 8.632223e-06 9.8190985e-06
0.09589307 0.02686559 0.06395451 0.13688962 0.15170132 0.00028619083 0.0031440984 0.96838284 0.00067301956 0.26530412 7.040922e-06 0.28394315 2.7835543e-07 0.51847726 0.0003135291 0.95249957 0.42853284 3.09821e-16 0.00331626 0.06400328 4.1454865e-07 4.397887e-05 1.0434761e-06 4.5643583e-06 7.64773e-07 0.076676786 0.021444751 0.9756158 0.005889395 1.841109e-05 0.03525148 0.0473267 0.010295029 0.29242894 0.042846035 2.8934021e-08 0.52935696 3.172011e-07 0.010286618 6.6489347e-06 2.3820644e-06 8.398555e-07 0.078718394 0.2624518 7.4102496e-07 0.06210609 0.008521901 0.0065158145 0.00042178226 1.3377068e-05 2.1626594e-09 0.00041452024 0.00026094978 7.514077e-07 0.00018434413 0.00010607842 2.91247e-05 0.052614465 3.2537773e-05 0.004164593 9.5348605e-07 0.00010400743 0.00019101218 3.3638607e-05 7.398955e-06 0.001919803 3.6743495e-06 0.00034476464 6.576033e-07 0.013442637 0.0011677912 9.8076e-05 0.0004161744 3.686886e-05 3.2854477e-05 8.268056e-07 1.134654e-05 0.0008813278 6.4877377e-06 7.1230074e-06 1.1836379e-07 0.003991801 8.655169e-07 1.8043162e-05 2.7504191e-05 1.5190322e-08 4.1560477e-07 3.003286e-05 2.8648521e-06 3.2814758e-06 4.155259e-07 0.00022494311 1.874997e-07 0.00084818155 2.0734515e-06 6.768096e-08 2.5819224e-07 6.6081265e-07 1.027227e-06 1.9187677e-05 4.8871215e-07
0.92665684 0.45246562 0.21576683 0.12959468 0.07968843 0.43810746 0.956726 0.046226136 0.103154294 0.18932763 0.35612386 0.3317523 0.11997133 0.0109784845 0.94350076 0.0011637477 0.2058302 0.00331626 1.6926903e-12 0.5793376 0.18916121 0.0011497849 0.057307474 0.025257995 0.010200612 0.00036985448 0.4944867 0.0056216 0.94270885 0.6406258 0.00022361573 0.27923307 3.0730032e-05 0.00010571283 8.039302e-05 0.0017453369 0.00029455664 0.0010669539 0.00077884295 0.03007219 0.000943182 7.8664816e-05 9.32193e-05 0.0007308289 0.0003258766 0.0006426099 4.7627975e-05 0.0018960447 1.6324882e-06 0.068243206 1.219586e-05 5.598508e-05 0.00014044359 0.0002292411 1.7270828e-05 3.4535776e-07 0.14353205 3.6004563e-05 7.55103e-07 0.030532677 0.00016751928 9.223129e-05 6.91357e-07 0.024710879 1.494015e-06 0.0028855985 0.0268507 0.00044883142 0.00013183492 0.0003982067 0.13757923 4.7682737e-05 0.0007123993 1.9134e-06 5.83949e-06 2.8891778e-08 4.0074297e-06 0.010437027 0.009518462 0.004426737 8.554631e-06 6.1389705e-06 0.000493857 0.00045546162 0.0012493553 8.4180726e-07 7.962375e-05 0.0001532622 1.7317395e-06 6.2458844e-07 0.00051844295 2.157452e-05 3.663096e-07 0.02434669 4.9770085e-07 1.607701e-07 1.9302162e-07 3.2872392e-06 0.0005738175 8.2769157e-07 7.015536e-05
0.77970487 0.34208053 0.42048585 0.4305075 0.07687188 0.0809346 0.4334463 0.39448473 0.021116085 0.6356931 0.012111528 0.8290174 0.0035463541 0.14309442 0.16469821 0.06581521 0.8712939 0.06400328 0.5793376 2.6006118e-13 0.0054984186 2.255152e-05 0.0015094588 0.0024795465 0.0008069101 0.010177936 0.97109276 0.03357833 0.7308251 0.02474389 7.298135e-05 0.83842367 0.0022734662 0.0057514915 0.0015587977 0.00058830314 0.0040331967 0.00020057827 0.003502941 0.0011642594 0.0009821238 3.8965758e-05 0.002825793 0.0006174225 0.00012185054 0.0007427127 0.0008345027 0.011119171 2.5318244e-05 0.009671238 2.076481e-06 0.00029221925 0.00027902587 3.794739e-05 0.00019663609 8.856396e-06 0.018502232 0.0021229135 1.29583905e-05 0.0851823 0.00014953494 0.000114307186 8.726076e-06 0.0020611924 9.8342225e-06 0.0068163965 0.0021143465 0.00087275286 2.7450056e-05 0.00203744 0.13601522 0.0001910754 0.0012408367 1.10562805e-05 5.1296443e-06 8.12379e-08 1.4040468e-05 0.01860311 0.0012449361 0.00069237227 9.009844e-07 2.52154e-05 2.2971576e-06 1.1518771e-05 0.00019219865 5.0079397e-08 1.4058066e-06 0.00060338114 1.0067458e-06 3.6650056e-06 0.00012907508 3.6424593e-05 1.4220136e-07 0.019230518 3.6741847e-06 4.6998423e-08 1.0259625e-07 8.186316e-07 5.9331374e-05 5.0941194e-06 6.590564e-06
0.7973775 0.0057929805 1.4913139e-05 5.5003875e-06 0.0006261287 0.1465512 0.11369697 4.348303e-06 0.11108984 0.00011316871 0.60472643 0.0002397185 0.3901346 1.1276422e-05 0.8305361 2.3558675e-07 0.000101382466 4.1454865e-07 0.18916121 0.0054984186 1.094261e-17 0.0010524488 0.9898454 0.58407545 0.55912083 6.022431e-06 0.0041401084 8.836459e-06 0.13088752 0.8863226 4.7851383e-05 0.0011073689 4.382634e-07 3.2060505e-06 6.9311307e-07 0.13018823 1.4461143e-06 0.011915133 6.6015826e-05 0.8421408 0.07342187 0.001279505 5.9604245e-06 1.044806e-05 0.013821507 9.074142e-06 6.0087373e-06 0.00014211536 6.8117394e-08 0.59791416 0.0023426225 6.0763057e-07 6.273776e-07 0.011392124 4.506153e-07 1.7877855e-07 0.39268473 6.4835685e-06 1.2869981e-06 0.006795626 0.011495087 9.901381e-07 1.1756045e-07 0.47224426 5.308723e-08 0.000584456 0.22399166 2.413079e-05 0.0015658704 7.206824e-05 0.023589868 2.6577408e-07 4.520831e-05 3.0566596e-08 1.4427062e-06 1.0695541e-07 9.605983e-08 0.0017799591 0.1300178 0.08086876 9.85657e-06 1.9071422e-06 0.0021602872 0.0062524355 0.07763555 1.5565017e-06 0.0016955667 6.837468e-06 1.4922181e-06 5.0576955e-07 0.020373104 1.279278e-06 3.1459547e-07 0.014960982 2.320787e-06 3.5162597e-07 1.1188854e-08 7.797281e-07 0.004408156 1.8304453e-07 0.0023682506
0.0019846458 0.02423703 3.963279e-05 1.3371188e-05 0.54293275 0.05426244 0.013852783 9.759885e-05 0.8964908 2.1108539e-05 0.0064153774 1.3115518e-05 0.030119032 7.9923194e-07 0.0031357785 8.732666e-07 6.650838e-06 4.397887e-05 0.0011497849 2.255152e-05 0.0010524488 5.383122e-17 0.00081172056 0.0010060396 0.00071123 1.8613427e-07 1.4110862e-05 0.00018586083 0.00016421195 8.651496e-05 0.9949044 1.274931e-06 4.428801e-07 5.159816e-07 5.0898993e-08 0.0009658997 0.000121961806 0.029484577 5.355325e-07 1.6303731e-05 3.1154716e-05 0.00012993444 1.560907e-05 9.8755e-06 3.5144363e-05 1.9657935e-05 1.5487162e-06 3.9688572e-09 6.1543135e-09 5.4444547e-05 2.2926217e-05 1.559671e-08 3.508671e-08 9.313236e-06 1.8552977e-07 7.518109e-08 4.9861046e-06 3.6304239e-06 2.4545486e-07 5.3813046e-06 5.022933e-05 9.596881e-08 1.8656506e-07 9.803627e-05 1.0268018e-08 2.39726e-08 6.7427675e-07 6.9287815e-08 0.00023101195 2.020135e-05 1.2220425e-05 1.7762302e-06 2.9371495e-07 1.6075721e-07 1.0699301e-06 6.177308e-08 2.3946642e-08 1.7887764e-05 5.1549712e-05 4.822107e-05 4.822238e-08 5.296566e-08 2.0705693e-05 0.00019833846 2.7452254e-05 2.359464e-08 4.916422e-05 9.720726e-06 2.636882e-07 2.938871e-08 1.3996035e-06 1.2146268e-06 2.9218145e-07 0.00040422706 2.374185e-08 2.2152336e-09 1.0840283e-09 7.088589e-08 5.40791e-05 1.856108e-09 8.702342e-06
0.40642372 0.0015338698 6.527487e-06 1.1457617e-05 0.00027826108 0.09439241 0.051209662 1.2954437e-05 0.08485027 7.850002e-05 0.69986635 0.0001134382 0.43945608 3.3943004e-05 0.6176158 1.7411905e-06 0.00011400639 1.0434761e-06 0.057307474 0.0015094588 0.9898454 0.00081172056 9.868647e-17 0.8941265 0.7411783 2.1845846e-05 0.0011059673 6.9393755e-06 0.02076229 0.76696223 5.5421828e-05 0.00061136583 3.8640513e-07 6.076865e-06 2.2942697e-06 0.356037 2.3792966e-06 0.054436084 4.1047504e-05 0.8088811 0.13436899 0.00361123 1.0970962e-05 3.0366424e-05 0.016409142 4.2116903e-06 1.8577375e-05 1.624251e-05 1.1045794e-07 0.43974963 0.002965959 6.614362e-07 4.3585175e-07 0.028395599 4.8460197e-07 5.1136163e-07 0.19314796 6.4291207e-06 4.6023663e-07 0.0008055204 0.014059122 1.0175994e-06 1.0392528e-07 0.3545911 5.297091e-08 5.679247e-05 0.12961955 1.3724093e-05 0.0021449951 0.00018494744 0.0051341834 2.68809e-07 3.9778686e-05 2.3970907e-08 1.4029592e-06 1.07882315e-07 6.130019e-08 0.0012670404 0.12625206 0.06631011 7.005941e-05 1.3450156e-06 0.0027448905 0.0070477184 0.060688008 1.0763086e-05 0.0014685204 8.183595e-06 1.516017e-05 5.789542e-07 0.015785048 5.699914e-07 2.4115573e-06 0.006405581 4.5291235e-06 1.51824e-06 6.435427e-08 5.6062015e-07 0.0048602526 1.952202e-07 0.0018397024
0.08873215 0.0009113429 2.4071536e-05 3.385785e-05 0.0001668684 0.044251926 0.013772015 2.1350172e-05 0.030629622 0.00022491887 0.39226305 0.00044048022 0.5771535 0.00021668164 0.4326924 1.6352378e-05 0.00041039265 4.5643583e-06 0.025257995 0.0024795465 0.58407545 0.0010060396 0.8941265 1.5323743e-16 0.9960083 0.00010391682 0.0019441111 4.041195e-06 0.020122487 0.4185907 1.8327091e-05 0.0013558435 1.5056422e-06 6.1305163e-06 1.8377883e-05 0.5910644 1.7721195e-05 0.41335815 0.0005029879 0.58636975 0.28550217 0.0030916191 3.31478e-05 1.6194097e-05 0.034623165 1.2659477e-07 0.000107894004 0.00036285393 3.073444e-06 0.27467045 0.0014629101 1.5246839e-06 1.01191345e-05 0.044504732 4.9464247e-06 7.5541556e-07 0.09571425 1.755755e-05 1.418748e-05 0.0010241951 0.015876833 4.1539955e-05 8.26171e-07 0.2649855 3.078704e-06 0.00022155477 0.052125957 0.00011565802 0.0010695645 3.2516553e-05 0.0022978424 1.4716403e-05 0.00015982879 2.2498763e-07 4.0114746e-06 9.4462926e-08 2.681466e-07 0.00072624016 0.051689092 0.046589646 8.449409e-05 2.9739845e-06 0.0034902862 0.008601355 0.02423246 7.10776e-06 0.00249563 7.8448466e-05 2.1300516e-06 2.9900167e-07 0.009131818 5.513727e-08 5.8274094e-07 0.0030295975 6.3239406e-07 3.5014543e-06 9.37802e-08 8.0685395e-06 0.0033368366 9.074691e-09 0.003326296
0.25702175 0.00023370696 4.0186433e-06 4.980487e-06 8.3386825e-05 0.031401172 0.004930467 3.2269277e-06 0.04697393 3.3670316e-05 0.37583393 4.905084e-05 0.43714187 1.70316e-05 0.296508 4.5022185e-07 7.557298e-05 7.64773e-07 0.010200612 0.0008069101 0.55912083 0.00071123 0.7411783 0.9960083 6.7041334e-17 4.4621897e-06 0.00076517207 2.6067319e-06 0.008065474 0.46558586 1.7313194e-05 0.00027554983 7.1420635e-07 1.6414805e-06 7.098419e-06 0.70300716 3.9722167e-05 0.35894215 1.58778e-05 0.681102 0.5759105 0.012684464 5.339152e-06 6.3041207e-06 0.10967889 3.3088736e-07 1.2402432e-05 5.090259e-06 5.218105e-07 0.341049 0.0056899134 2.2529315e-07 1.760327e-07 0.18703306 1.1131318e-06 6.956036e-07 0.12215219 1.0147734e-06 3.1902061e-06 0.0003472808 0.07764853 4.244628e-07 5.5377706e-07 0.39402425 1.7417757e-07 6.5389704e-06 0.112910695 5.0062404e-06 0.0032563028 5.480524e-05 0.0026998632 1.4565107e-05 1.7148262e-05 9.260087e-08 3.3847757e-06 1.02433766e-07 4.833703e-08 0.0002574987 0.14363857 0.08645572 9.236218e-05 8.494831e-07 0.01734739 0.04106711 0.079147354 4.752031e-05 0.0040460564 1.6074679e-05 1.404154e-05 3.9124757e-07 0.024202129 8.4099156e-08 3.6332394e-06 0.0053368714 5.1131724e-07 2.1729106e-06 6.9305752e-09 2.7305448e-06 0.01841087 1.7176747e-08 0.005361844
0.93042165 0.0007184812 0.004524239 0.018684823 0.00033832996 0.00012810886 0.00038149886 0.099937 6.696902e-05 0.05130896 2.2808192e-05 0.026045533 1.2839406e-06 0.9414241 5.2949228e-05 0.8038185 0.12678514 0.076676786 0.00036985448 0.010177936 6.022431e-06 1.8613427e-07 2.1845846e-05 0.00010391682 4.4621897e-06 2.6171694e-15 0.0049192463 0.029843153 0.00066543557 4.9351376e-05 4.828034e-05 0.033907097 0.88795006 0.44019103 0.3609245 2.646709e-06 0.081006125 1.4434584e-05 0.9613851 5.4391247e-05 3.3282724e-06 8.666253e-05 0.3182234 0.0042837923 6.816803e-06 5.6147517e-05 0.18278483 0.5045334 0.17334321 0.00023331524 2.0225447e-07 0.08161926 0.14531143 6.719552e-06 0.032970358 0.013232789 0.00069446524 0.20517427 0.032985423 0.08126989 1.6746886e-05 0.044823617 0.012726413 0.0007640564 0.02097265 0.27417606 0.0003056164 0.17125028 6.465431e-05 0.015175439 0.012884468 0.020604476 0.12716505 0.0049832193 0.00015524635 0.00022398923 0.0071544815 0.037770443 0.0004556773 0.0003342772 5.1686934e-06 0.0046377317 8.028939e-06 0.00017932437 0.0001656325 9.643101e-08 2.0755653e-05 0.023469782 0.00023863617 0.0002551948 1.3056526e-05 8.7566004e-05 7.0898204e-06 0.0055299336 0.00029438702 5.0607905e-06 0.00019006403 0.00018448007 2.2253722e-05 0.00010693885 2.6487809e-05
0.8374461 0.18992026 0.19634162 0.21189362 0.036000587 0.04655751 0.2668978 0.18673334 0.009063039 0.26930475 0.009328793 0.39847547 0.0022542288 0.055521153 0.12613791 0.01745817 0.46014717 0.021444751 0.4944867 0.97109276 0.0041401084 1.4110862e-05 0.0011059673 0.0019441111 0.00076517207 0.0049192463 1.1325613e-14 0.0117495125 0.9127211 0.054516494 2.6493948e-05 0.94172525 0.0008509379 0.0021902989 0.00061478 0.00029597472 0.0006944146 0.00011068114 0.0032247899 0.0018264157 0.00039482286 2.4215973e-05 0.0012877773 0.00017306351 4.1760046e-05 0.0002311391 0.00018370214 0.012570195 8.436667e-06 0.024009086 3.8151884e-06 0.00015373324 0.00023416943 4.7374066e-05 4.3311706e-05 1.4169798e-06 0.04137165 0.00043804492 2.1445805e-06 0.16881177 8.976225e-05 8.978159e-05 2.0475934e-06 0.0036207703 1.8596934e-06 0.011986223 0.0058563417 0.0011877932 6.5984605e-05 0.0015363712 0.30295616 9.678844e-05 0.0014369318 3.3730753e-06 6.0502157e-07 1.6726924e-08 5.24662e-06 0.03714408 0.0037653644 0.0017213895 1.1407686e-06 1.0947186e-05 9.315465e-06 4.615205e-05 0.00053604523 1.5060077e-07 5.4363313e-06 0.00064347393 6.4123213e-07 1.6023902e-06 0.00019520057 1.0808561e-05 9.1583146e-08 0.029453041 5.160229e-07 4.9572197e-08 3.0179557e-08 2.6653072e-07 0.00013824446 1.3907595e-06 1.2427129e-05
0.052916583 0.25852993 0.21402629 0.3373437 0.52547795 0.0025312535 0.033238363 0.8717616 0.0021258653 0.26707104 1.1738468e-05 0.2594904 2.3355165e-06 0.3381347 0.0016481536 0.615565 0.28275818 0.9756158 0.0056216 0.03357833 8.836459e-06 0.00018586083 6.9393755e-06 4.041195e-06 2.6067319e-06 0.029843153 0.0117495125 1.0275676e-16 0.0030566412 9.545438e-06 0.23592983 0.018034501 0.0057583735 0.19652987 0.013765901 1.8233646e-07 0.9862416 1.8578666e-07 0.0027401773 1.5062183e-06 1.5486108e-05 6.079963e-07 0.09108216 0.7200323 5.202545e-06 0.15283947 0.0033959926 0.0004172329 3.9737813e-05 1.8668057e-05 1.2030562e-09 3.3714898e-06 3.3469985e-06 1.1715458e-06 5.7044115e-05 2.0294581e-05 4.3676715e-05 0.038892847 4.8725665e-06 0.00057304534 6.3956355e-07 5.738391e-06 0.00073429657 7.944236e-06 4.7370318e-07 0.00013687606 3.3670362e-06 8.655965e-06 7.958597e-08 0.022005187 0.00024926706 8.192209e-06 1.4068119e-05 2.3652833e-06 5.2540578e-05 1.5969857e-07 2.285991e-07 0.0002105015 1.5260171e-05 2.4312828e-06 6.3387216e-07 0.0013242054 5.7435733e-07 2.2655768e-05 1.7864511e-05 5.4825392e-08 2.5720772e-07 2.3927185e-05 2.5405957e-06 1.8080686e-06 1.4184888e-06 0.00043098294 5.126837e-06 0.00066716655 3.239227e-06 1.2515467e-08 6.372339e-08 1.5210044e-07 9.36261e-07 3.8368507e-06 5.340422e-07
0.9761121 0.26065347 0.18001674 0.1336723 0.04600287 0.21824394 0.5630236 0.05304182 0.035773776 0.15613757 0.0721869 0.2846371 0.03246804 0.013835533 0.64978737 0.0024536534 0.25200674 0.005889395 0.94270885 0.7308251 0.13088752 0.00016421195 0.02076229 0.020122487 0.008065474 0.00066543557 0.9127211 0.0030566412 3.6850345e-14 0.7838638 0.00012002962 0.6364944 4.855966e-05 0.00014837463 0.0001042056 0.007098967 0.0005422895 0.0032681187 0.0011432371 0.046524696 0.00151174 0.0004056631 0.00021304865 0.00043569866 0.0004611327 0.00037142172 4.9463237e-05 0.004876684 1.5939207e-06 0.32600847 6.084082e-05 3.904294e-05 9.280559e-05 0.0010692882 3.364486e-05 5.964601e-07 0.4973861 8.40458e-05 6.97028e-07 0.20937255 0.0007183042 3.6628306e-05 3.7132716e-06 0.05447111 1.2013212e-06 0.0060031074 0.053142797 0.0011493684 0.0036101092 0.0013527547 0.7194328 0.00010404454 0.000730723 8.541115e-06 3.53649e-06 5.6230757e-08 2.3909108e-06 0.043753915 0.039493304 0.015708242 3.3113232e-05 1.334716e-05 0.00017760844 0.0011216489 0.004894139 1.3299284e-05 0.00023351425 0.00020243539 4.4979617e-05 6.355152e-06 0.0012141318 3.7877464e-05 5.4533944e-06 0.06501615 3.0979775e-06 9.3121554e-07 3.1615055e-08 9.0277683e-07 0.00089034124 2.2147638e-06 0.00028945366
0.94319993 0.03409869 0.0062218523 0.0034441464 0.002334146 0.20121391 0.30351734 0.000815964 0.049154874 0.0042470032 0.35795814 0.010674705 0.22419757 0.0004741728 0.9098472 3.270948e-05 0.0057289647 1.841109e-05 0.6406258 0.02474389 0.8863226 8.651496e-05 0.76696223 0.4185907 0.46558586 4.9351376e-05 0.054516494 9.545438e-06 0.7838638 2.73525e-13 1.604313e-05 0.018463302 1.8717892e-06 6.0256134e-06 5.9923186e-06 0.26794884 8.453636e-06 0.019981334 5.793525e-05 0.9509103 0.05952581 0.0014210674 1.1915058e-05 4.2182128e-05 0.0061090854 2.7648955e-06 1.4833835e-05 0.00020258836 6.2452114e-07 0.8430021 0.00054156675 1.2107692e-05 6.4372252e-06 0.018516477 6.700259e-06 3.4328966e-07 0.6168488 3.5134897e-06 1.0582772e-06 0.01321202 0.006054589 8.6378395e-06 9.73072e-07 0.3448393 2.1752078e-06 0.0012078272 0.28379068 0.00012830485 0.0055432497 0.00027133245 0.09000477 6.8912166e-05 0.00019304309 6.862795e-06 1.2454834e-05 2.2678898e-07 5.0760946e-06 0.007914624 0.17195374 0.088706434 1.8349721e-05 3.3207186e-07 0.0020787637 0.003055417 0.033800755 8.901374e-06 0.0006045945 0.00012999504 8.4610165e-06 3.758723e-06 0.02851535 1.4266259e-06 1.9283407e-06 0.053149235 2.069431e-06 9.285746e-07 2.0494578e-07 1.0758627e-06 0.0072994507 1.09965626e-07 0.0012257455
5.29594e-06 0.0061718943 0.0005066206 0.000741124 0.85490966 0.003971647 0.0009443385 0.009539978 0.08457425 0.00023453016 6.682624e-05 0.00026910694 0.0005202215 0.000110719026 0.00030043616 0.0003945263 7.328662e-05 0.03525148 0.00022361573 7.298135e-05 4.7851383e-05 0.9949044 5.5421828e-05 1.8327091e-05 1.7313194e-05 4.828034e-05 2.6493948e-05 0.23592983 0.00012002962 1.604313e-05 8.8990527e-20 2.543363e-05 1.0349347e-05 0.00040305415 2.6474096e-05 4.5012526e-05 0.08359956 0.0007071591 4.0872997e-06 2.1570354e-06 1.4983564e-05 1.534581e-05 0.0008310729 0.009817834 0.00015687215 0.41023865 0.00022833321 5.109531e-07 7.096337e-07 1.6516064e-05 6.484935e-08 2.0860806e-07 6.979676e-08 2.3819916e-06 3.7602504e-06 2.549185e-06 1.3675665e-06 0.0020678856 3.089068e-06 2.5363715e-06 6.4025417e-06 4.4873053e-07 0.0004303775 6.608032e-05 1.6544772e-07 8.720623e-07 4.5370475e-06 3.5413584e-07 1.1057694e-05 0.018654898 5.008506e-05 3.053995e-05 7.4613286e-07 8.966924e-07 4.055397e-05 1.0501658e-06 4.845941e-09 2.1904385e-05 0.00021004771 0.00040776303 5.7629222e-06 5.292691e-05 1.5870988e-05 9.020815e-05 0.00012224792 2.9084243e-08 2.4900928e-06 8.977445e-06 3.554773e-08 4.330156e-06 1.0205583e-05 0.0009809837 9.819799e-08 4.3534576e-05 1.2412673e-06 3.1561736e-08 1.0910446e-07 1.0075685e-07 3.5775953e-05 1.2924569e-06 6.328444e-06
