1.7164173e-19 0.9854032 0.85304505 0.91426927 0.9662893 0.98017526 0.85006493 0.97199833 0.8182156 0.95474297 0.97015756 0.91019 0.9771269 0.6304807 0.58659965 0.9085179 0.82785964 0.96114784 0.93380517 0.9084954 0.9953045 0.77638066 0.9641403 0.8694744 0.96054065 0.8468053 0.94924694 0.9200863 0.98848945 0.795174 0.9031186 0.9824124 0.7695113 0.8399371 0.97570103 0.9924541 0.9779401 0.9421347 0.7445801 0.9318079 0.9764633 0.9270107 0.5078187 0.8869345 0.9543474 0.98088336 0.8729919 0.88395596 0.51577324 0.7301023 0.96880084 0.999924 0.7026341 0.10171893 0.8687277 0.81539476 0.15461336 0.5551938 0.1842229 0.69265866 0.08386573 0.6641407 0.9751398 0.73168737 0.5006873 0.0070546945 0.8910312 0.33031544 0.013398633 0.3351372 0.13619989 0.08104034 0.09410907 0.15334614 0.92080504 0.12297885 0.99730265 0.6825575 0.97747505 0.006783919 0.13705294 0.012865963 0.0018298363 0.0017631657 0.050043873 0.058200527 0.0015686692 0.9523994 0.02598311 0.004115369 0.013169721 0.8916711 0.0082786605 0.058764037 0.21879612 0.0052330825 0.013301968 0.72875917 0.00089268485 0.9999744 0.0009197569
0.9854032 2.3693104e-14 0.32308868 0.4138417 0.9697534 0.21121985 0.09110801 0.45606756 0.8998022 0.84523076 0.0001868545 0.7191434 0.07608134 0.37499687 0.37177426 0.41627744 0.2260881 0.08309955 3.4336597e-05 0.0005010558 0.036064196 0.07531639 0.2533832 0.50526553 0.074933596 0.00037671096 0.40057075 0.0030643085 0.00046055586 0.20485885 0.032276616 0.15172695 0.028994756 0.16088921 0.081788085 0.031173322 6.883597e-05 0.000100296165 0.0076243146 0.00061181665 1.2607827e-05 0.0022111025 0.014069394 9.004536e-07 0.0006641023 0.049557637 1.2467134e-05 8.201848e-06 0.07310449 2.4687115e-05 0.017335782 0.13412091 0.008383511 0.0025887326 0.00030952963 1.9146191e-06 0.00047871398 0.00069685024 0.031698357 9.650062e-07 0.0019766605 3.2169305e-07 0.0016752766 8.3648345e-08 1.4520497e-06 6.703931e-05 0.00015114804 0.00046166667 0.00034945022 0.017801868 8.5363786e-07 0.016979089 0.011301222 0.054379415 6.8576235e-05 8.312678e-07 0.027934905 3.853685e-05 3.9111605e-06 0.00020195583 4.0760497e-06 0.00469387 9.925192e-06 4.4976994e-05 1.3842744e-06 4.0744735e-07 4.9681273e-07 1.7418673e-05 3.420992e-08 7.6702636e-05 2.4261733e-06 1.4303525e-07 1.0113612e-06 1.1978052e-05 5.9297797e-08 0.00019810082 5.0025295e-07 5.956319e-07 2.5061583e-05 0.016193056 4.1377414e-05
0.85304505 0.32308868 4.487452e-16 0.8950533 0.03327094 0.5738979 0.9826527 0.6392503 0.30692044 0.12566397 0.023021532 0.9027667 0.0011964169 0.0055544237 0.01372995 0.04004037 0.0011181656 0.000108107306 0.001444025 0.06549936 0.0005682202 0.00036060112 0.028017484 0.05547426 0.7201022 0.026566103 0.2225244 5.3382275e-05 4.3061867e-05 0.011742057 0.00037351588 0.0813112 0.6008065 0.037425924 0.060288955 0.03497364 1.668879e-05 0.001111932 0.00022867664 1.4138732e-05 5.020239e-06 6.3224215e-05 0.39744997 8.2532057e-07 0.0002685611 0.0031472968 1.4339035e-05 2.5142724e-06 0.0030876251 9.001054e-06 0.0018625219 0.06424312 0.000493343 0.1087069 1.4771593e-05 2.0768928e-06 0.038419906 8.963693e-05 0.0017780056 7.144806e-06 0.15851 9.1120336e-07 0.0003846498 1.7650589e-07 0.0006747589 0.0006512857 4.0691964e-05 6.2898136e-05 0.0102236 0.11465414 5.3311837e-06 0.0004139666 0.00027197233 0.02003585 5.9095782e-05 1.0355205e-06 0.010085906 7.2643134e-06 1.7353652e-06 2.0696847e-07 5.1210804e-06 0.0029025392 0.00038073087 0.0008214604 4.5266233e-06 7.084031e-07 1.5467459e-06 3.1137706e-06 7.005604e-08 1.5718582e-05 0.0005910156 6.0152706e-07 1.4519292e-06 1.0065025e-05 7.793582e-08 3.5938592e-05 5.91672e-08 9.287984e-06 6.5834847e-06 0.0058117146 0.00038375446
0.91426927 0.4138417 0.8950533 1.03887545e-16 0.028028505 0.9827515 0.8906034 0.86106616 0.06055944 0.16567086 0.6642153 0.23716587 0.00060147175 0.0020104344 0.0027888515 0.025644487 0.00072589156 9.6336014e-05 0.10608814 0.13185088 0.0004553092 0.00012684586 0.028853126 0.0051827435 0.64392453 0.08605776 0.34235626 1.4709907e-05 2.5493928e-05 0.00044881128 5.2718606e-05 0.22503121 0.115180686 0.0006928388 0.2576583 0.14195882 1.1117395e-05 0.0024517705 8.813988e-06 1.0046852e-05 5.107614e-06 1.3056177e-05 0.06542588 8.209774e-08 4.660207e-05 0.0110647995 8.037282e-06 3.741799e-06 0.00012355276 6.1804662e-06 0.0019188292 0.22338817 1.1793227e-05 0.010177175 1.3250802e-06 7.1883896e-08 0.017140048 3.2851674e-06 3.9873146e-05 9.798785e-07 0.0059186337 4.0972978e-08 7.7584365e-05 1.8614873e-08 0.00025257652 0.00022660599 1.0928414e-06 8.69575e-07 0.0002069534 0.002847322 2.4464927e-07 1.3545135e-05 2.1169504e-05 5.0043476e-05 1.6865892e-05 2.8333123e-08 0.010096917 3.2977673e-06 5.9509307e-07 7.9491883e-07 3.2843875e-06 4.4723995e-05 0.00011783586 3.6945275e-05 7.857776e-07 2.6168155e-07 5.99773e-07 1.0871725e-07 4.6844935e-08 3.8327294e-06 5.964306e-05 3.1751814e-08 1.9843656e-05 4.628982e-06 6.490043e-07 1.8025007e-06 1.2308163e-06 1.0864687e-05 1.1336671e-06 0.0066867964 2.7578473e-05
0.9662893 0.9697534 0.03327094 0.028028505 6.830502e-15 0.021597076 0.006460273 0.10370054 0.8285144 0.7924171 2.526754e-05 0.3691122 0.18319456 0.7398117 0.6766852 0.22039244 0.85177636 0.5562987 2.2020893e-06 2.8849614e-05 0.040540487 0.54176795 0.15411033 0.655869 0.014792916 1.1556987e-05 0.097501144 0.01505565 0.0034195413 0.41443756 0.29620856 0.04897985 0.009093991 0.2586111 0.026047882 0.009027568 0.00022442479 1.0087425e-05 0.048403356 0.0046356465 4.0519564e-05 0.016338328 0.0038091629 2.8485874e-06 0.0006066541 0.02039573 4.447908e-05 6.34391e-05 0.27620542 0.00017758187 0.0065035746 0.03444018 0.054076307 0.0010673656 0.0015216161 1.54241e-05 6.401342e-05 0.0028934022 0.09038432 6.271428e-06 0.0011814723 1.3966576e-05 0.0015819528 3.252105e-07 6.763543e-07 1.0229623e-05 0.00015220355 0.00688025 0.00018491603 0.011870723 4.687019e-06 0.102661066 0.10089332 0.110046424 9.192438e-05 9.639933e-07 0.013816585 5.37345e-05 1.43974785e-05 0.002214666 3.7986927e-05 0.0067536347 2.974566e-06 1.48279505e-05 4.636473e-05 7.8610066e-07 1.2390616e-06 2.0230811e-05 9.86444e-08 0.00038523623 7.197482e-07 2.4234342e-07 6.612196e-06 7.1698087e-06 4.778111e-07 0.0005001237 6.2560043e-06 4.796528e-07 2.4744793e-05 0.005543345 2.3725795e-05
0.98017526 0.21121985 0.5738979 0.9827515 0.021597076 3.1225827e-15 0.44545496 0.9631121 0.026606288 0.23771915 0.17303748 0.108616255 0.00046394233 0.00089464296 0.0014917031 0.0778174 0.00037435282 6.713662e-05 0.007907158 0.023417382 0.0010079353 7.1842194e-05 0.069341995 0.0029226453 0.23095445 0.010811458 0.75820804 2.9284402e-05 1.7502882e-05 0.00042423094 4.999053e-05 0.4258076 0.024619112 0.00067505304 0.48793402 0.3496531 1.9593383e-05 0.00054163905 1.9032657e-05 8.149997e-06 3.5302864e-06 1.1501165e-05 0.00987546 2.8743304e-07 0.0002527951 0.024594925 2.9592898e-06 7.096303e-07 0.00013576077 1.2458427e-06 0.003931366 0.48639584 4.023615e-05 0.0020883689 4.189581e-06 2.599908e-07 0.0019492545 1.5138614e-05 0.00013423554 1.8994388e-06 0.000995317 4.7494414e-08 0.00038173486 9.783531e-08 9.1779504e-05 0.0003764797 4.9863183e-06 1.5504215e-06 0.0002828148 0.0010541028 4.5169824e-07 7.2883275e-05 4.310345e-05 0.00015400077 5.2237312e-05 1.4223568e-07 0.029555108 8.636621e-06 7.807743e-07 2.6785372e-07 1.6564908e-06 0.00040262635 0.00011918133 5.552938e-05 6.4747917e-07 1.3326567e-07 4.5183916e-07 1.2923846e-07 2.541262e-08 6.351247e-07 4.5351717e-05 1.5311914e-08 8.0178324e-07 3.3408978e-06 9.136263e-08 8.006959e-07 8.264338e-08 3.277265e-07 1.3480287e-07 0.015315305 2.373195e-05
0.85006493 0.09110801 0.9826527 0.8906034 0.006460273 0.44545496 5.7128455e-16 0.4210685 0.08970507 0.04422204 0.21822079 0.56393546 2.2481154e-05 0.0016810686 0.00416303 0.019244052 0.00019008812 9.880861e-06 0.030208293 0.53449416 3.962595e-05 5.3460582e-05 0.012406023 0.020503785 0.9146093 0.29471987 0.12733853 1.8454994e-06 1.1827741e-06 0.0030209033 4.872165e-05 0.078332156 0.5852646 0.01119692 0.057817712 0.04406974 5.967947e-07 0.00893359 4.611544e-05 6.152119e-07 2.0000509e-07 2.5600705e-06 0.4253017 3.1858825e-08 7.5758103e-06 0.0008207278 2.1659382e-06 8.0129595e-08 0.00086467795 6.093599e-07 0.0006691664 0.049081307 0.00012453973 0.12422683 1.1669873e-06 4.0472e-08 0.22335766 1.375516e-05 0.00075278635 5.088057e-07 0.13620128 7.762187e-09 1.0280272e-05 8.039884e-09 0.0021368628 0.0056287213 1.877128e-07 6.8202025e-06 0.007223976 0.073860504 1.106948e-07 0.00016994728 4.2077143e-05 0.0024771865 1.0819911e-06 6.7059794e-08 0.0033027388 7.076795e-08 1.4696535e-08 2.551982e-08 3.9099393e-07 0.00052321673 0.00084486353 0.0006157176 8.9502896e-07 1.10908246e-07 1.4837794e-07 3.814442e-08 2.4386402e-09 1.4250145e-06 0.00086668815 1.4144172e-08 2.2456746e-07 5.8220434e-07 3.9037724e-09 3.8538207e-07 3.273961e-08 3.6122992e-06 9.611714e-07 0.0029170553 9.004596e-05
0.97199833 0.45606756 0.6392503 0.86106616 0.10370054 0.9631121 0.4210685 4.440763e-14 0.07687437 0.55560267 0.07648541 0.2168969 0.014633623 0.00518762 0.0073458413 0.40407604 0.0033922815 0.0007866696 0.0017422437 0.010086031 0.02380334 0.0005173282 0.266727 0.012217886 0.14390561 0.0055519827 0.94008106 0.0011538382 0.00041752346 0.002299924 0.00071483705 0.5955421 0.01984858 0.0017820008 0.38577664 0.30818808 0.00086027704 0.00033147278 0.00013053743 9.431823e-05 0.00013986444 0.00013339454 0.0091647385 1.0788386e-05 0.0028811328 0.07271272 7.2924435e-05 9.11795e-06 0.00036984 6.450407e-06 0.022738343 0.49943984 9.482555e-05 0.0021408321 8.505512e-06 6.3483105e-07 0.0023489457 5.374445e-05 0.00017239439 9.542725e-06 0.0021035844 7.718138e-08 0.0025549047 7.0349245e-07 3.1130035e-05 0.00014867209 0.00013177232 2.0128084e-05 0.00045554244 0.0076886206 8.9094465e-07 0.0003746159 4.4556815e-05 0.000421464 0.00038809888 8.47007e-07 0.11378495 7.936637e-05 3.872127e-05 1.3728052e-06 6.137753e-06 0.0012533136 0.000109422646 0.00018232038 3.0740978e-06 4.15874e-07 1.1397182e-06 2.6273221e-06 3.5040433e-08 1.1370171e-06 1.3886926e-05 1.1700557e-07 5.0063836e-06 5.822235e-06 8.663096e-07 3.97276e-06 1.5185202e-07 1.5343869e-06 8.574147e-07 0.022890795 0.00043137415
0.8182156 0.8998022 0.30692044 0.06055944 0.8285144 0.026606288 0.08970507 0.07687437 1.5681339e-15 0.08913465 0.0002539232 0.9695009 0.0014659883 0.73919517 0.83969927 0.02625641 0.18369368 0.0060523604 4.459018e-05 0.00024796897 0.0019187705 0.023377413 0.019427639 0.82689446 0.053702194 0.00019789879 0.029677102 0.00016348566 4.314869e-05 0.50581026 0.015446497 0.01813755 0.1033847 0.51570696 0.005237267 0.0028293754 5.2637397e-06 9.2747716e-05 0.001409682 2.6750196e-05 1.9776671e-06 0.00025541274 0.037260566 2.906205e-07 7.901873e-05 0.0013036084 1.2190976e-05 6.7051424e-06 0.2023654 4.0015348e-05 0.0013699528 0.008909223 0.006499436 0.008741474 3.0693416e-05 5.282016e-07 0.00039401284 0.00014713871 0.15421465 1.9634e-06 0.019168453 5.03474e-07 8.359305e-05 1.1921276e-07 8.4371294e-07 2.7158367e-05 8.645512e-06 0.00015506746 0.0024708337 0.186196 2.0713323e-06 0.102592774 0.020491984 0.22934377 2.8658549e-06 1.5206896e-07 0.0028080507 5.2878124e-07 7.2184486e-07 0.00045244955 1.4297913e-06 0.030838266 2.8103213e-05 0.00043878664 9.4250606e-07 4.908046e-07 1.3181462e-07 6.3000846e-07 2.6456865e-08 0.00093995966 5.282237e-07 3.6937504e-08 2.9110715e-06 4.0788284e-05 3.2548463e-08 0.00016761452 2.663521e-07 5.76768e-07 5.8264483e-05 0.0023885933 0.0005167801
0.95474297 0.84523076 0.12566397 0.16567086 0.7924171 0.23771915 0.04422204 0.55560267 0.08913465 4.011814e-16 0.00047850946 0.0496108 0.63236463 0.03010219 0.015776146 0.9702098 0.074775726 0.14944427 5.8431866e-05 0.0008266196 0.5979901 0.034926053 0.7226207 0.0183577 0.007262804 6.9463116e-05 0.60900104 0.062059786 0.08468701 0.006605125 0.01645804 0.26583672 0.0023767774 0.0025213864 0.05432448 0.03930664 0.04933866 1.9373028e-06 0.0038151816 0.009096203 0.011399438 0.006522529 0.00036984266 0.000976936 0.10756711 0.20430516 0.0012590849 0.0011908237 0.0014422963 0.0013278861 0.116473116 0.19164695 0.0007147362 2.3963563e-05 0.00012910266 1.3980756e-05 0.000493271 0.000115083916 0.00011708164 0.00017728133 3.3698492e-05 5.916057e-05 0.023560403 3.0778774e-05 7.1539157e-06 4.1338426e-06 0.03623203 0.000172603 3.0902305e-05 0.0007212923 4.087866e-07 0.0007422854 0.0007291115 0.0011933687 0.017261725 1.4666965e-06 0.13222499 0.0016440108 0.0011238954 4.7917645e-05 5.951028e-05 0.0004928088 1.382635e-05 1.4511035e-05 8.729872e-06 1.13798205e-05 2.2406965e-07 5.992631e-05 7.1685264e-07 0.00011669829 3.4251482e-06 1.9284162e-06 3.7621194e-06 4.4993876e-06 3.2363494e-06 6.985459e-05 1.439084e-06 3.3490414e-06 2.5563777e-05 0.025504826 1.9492387e-05
0.97015756 0.0001868545 0.023021532 0.6642153 2.526754e-05 0.17303748 0.21822079 0.07648541 0.0002539232 0.00047850946 6.659127e-15 0.0019051118 8.2206924e-07 1.7006329e-05 3.053127e-05 0.00090346724 4.1702397e-06 5.3706117e-07 0.9574656 0.9030554 1.3043103e-06 1.4995271e-07 0.0009992087 2.558007e-05 0.1748398 0.84756404 0.069060855 4.307819e-08 8.3905284e-08 3.7418026e-06 3.024114e-07 0.0822216 0.015881898 4.2522453e-05 0.9512824 0.6895831 1.09612984e-07 0.3427042 4.404069e-07 2.5812798e-07 1.5888956e-08 4.432621e-07 0.02080011 2.6820077e-09 2.987316e-06 0.00013912159 4.3317152e-07 3.0265507e-08 4.061057e-06 2.4574692e-07 5.924317e-05 0.17010684 1.1741776e-06 0.010543536 2.653253e-07 5.883182e-09 0.076520115 1.0656553e-06 8.004536e-06 6.048914e-08 0.0026318615 5.0297917e-09 3.5053033e-06 1.1917222e-08 0.07585942 0.0030165561 5.5353066e-08 3.0160467e-07 0.00030407967 0.00010797698 3.2083736e-07 7.260983e-06 6.315678e-07 2.0186946e-05 1.7401337e-07 4.7545985e-08 0.0004867997 8.3948514e-08 1.1503232e-08 9.71953e-08 4.8315025e-07 6.652744e-05 0.00027841027 3.659262e-05 1.986813e-06 8.2251466e-07 2.0429616e-07 1.9947926e-08 2.3245892e-07 1.0854895e-06 0.0044655064 2.1954188e-08 3.0397715e-07 4.6225213e-07 7.456957e-08 6.3928246e-07 1.0019419e-07 4.6283617e-07 3.0425034e-07 0.006226494 8.610863e-06
0.91019 0.7191434 0.9027667 0.23716587 0.3691122 0.108616255 0.56393546 0.2168969 0.9695009 0.0496108 0.0019051118 2.9859608e-15 3.363155e-05 0.27809837 0.6137311 0.018705664 0.013609345 8.750248e-05 0.0004599021 0.008593054 0.000317051 0.0011555417 0.015409407 0.8468879 0.46893692 0.0041164504 0.048377078 2.4789754e-06 2.5034005e-06 0.43584827 0.0004858037 0.024749337 0.8005236 0.5544309 0.007455678 0.0037849103 2.1886376e-06 0.00015135518 4.3924923e-05 1.182415e-07 1.614104e-07 1.672482e-06 0.5838811 3.3565843e-08 1.4510667e-06 0.00046773252 3.1413635e-06 8.462419e-08 0.07896526 2.2399895e-07 0.00036563515 0.014190092 0.0005145865 0.14644428 1.5196249e-06 4.8390344e-08 0.008676115 4.9392456e-06 0.08299744 1.2627953e-06 0.3495598 1.3355588e-09 1.7439274e-06 5.992039e-08 1.7539835e-06 0.00016575307 2.3087164e-06 5.6628405e-06 0.048084307 0.6552725 3.0027215e-07 0.017001215 0.00171909 0.3499691 5.261102e-07 3.607061e-07 0.0022122553 7.020505e-08 1.6694105e-07 4.1489793e-07 3.0413372e-07 0.11176758 0.00041686118 0.0034427969 2.6898414e-07 6.965752e-08 7.333133e-08 1.2295686e-07 2.4291191e-09 0.0008212105 6.673991e-06 9.630326e-08 2.8472854e-07 6.8918043e-06 2.5452302e-08 6.273387e-07 2.1853847e-07 1.1099825e-06 5.0088598e-05 0.002400159 0.0037514735
0.9771269 0.07608134 0.0011964169 0.00060147175 0.18319456 0.00046394233 2.2481154e-05 0.014633623 0.0014659883 0.63236463 8.2206924e-07 3.363155e-05 3.388379e-16 0.0031324073 0.0010474148 0.36047667 0.07270573 0.85817516 5.1081525e-07 1.4173589e-05 0.95959055 0.13476743 0.240219 0.0002750098 2.04633e-06 9.861333e-07 0.04592373 0.93712467 0.71936 0.0011199479 0.16170758 0.06643037 7.495165e-06 6.501776e-05 0.0073971567 0.003335163 0.0099729225 6.3607274e-07 0.14623721 0.5673493 0.0010722536 0.5797633 4.135258e-06 0.0002234292 0.018471174 0.19494778 0.00243484 0.08870348 0.0013086095 0.12789433 0.08288101 0.035387985 0.08026925 3.784603e-06 0.109117776 0.009793586 2.5317519e-05 0.16451012 0.00017270836 0.00014186498 5.1933634e-06 0.0005682476 0.011111412 1.8252977e-05 5.533639e-08 1.475863e-06 0.000503928 0.1901106 1.1003969e-05 0.00017996065 1.0470633e-05 0.00038492575 0.019139437 0.00013650583 0.00052446465 7.306125e-06 0.04286136 0.000102687154 1.0889822e-05 0.0025543843 0.0023465387 0.00020589623 1.3590985e-06 8.862689e-06 0.007053416 7.964637e-07 4.703302e-05 1.2440316e-05 2.9134434e-08 0.00010922456 1.4059943e-06 1.5802163e-07 0.0012292311 6.4350156e-06 2.4361161e-05 0.0020675494 0.00040026478 3.5360364e-07 3.530945e-05 0.026144886 3.2730983e-05
0.6304807 0.37499687 0.0055544237 0.0020104344 0.7398117 0.00089464296 0.0016810686 0.00518762 0.73919517 0.03010219 1.7006329e-05 0.27809837 0.0031324073 1.9027686e-16 0.9864917 0.007463176 0.8778301 0.111264385 1.7341757e-06 5.2852913e-05 0.0014336965 0.3023145 0.004145207 0.85611284 0.0005116112 1.2660165e-05 0.00495954 0.0004938547 0.00017235347 0.66940284 0.19009064 0.0017677512 0.002329275 0.28978285 0.000656212 0.00017171868 1.8914718e-05 1.5992491e-05 0.011693581 0.00014953392 2.9714415e-06 0.0011039351 0.0005367819 1.1445597e-06 4.9078542e-05 0.00035319314 1.6636744e-05 1.1138949e-05 0.23187894 2.7423628e-05 0.00033847147 0.0011828888 0.031849336 0.00030243178 0.00010172113 1.2102261e-06 1.4728815e-05 0.00032318494 0.11345664 2.8967484e-06 0.0007378451 2.4953977e-07 6.424049e-05 3.5738903e-08 1.1437206e-06 2.6632174e-06 8.900279e-06 0.0019358532 0.0005035269 0.009565522 2.513346e-07 0.1203359 0.055773694 0.08986367 1.4842883e-06 2.1141496e-07 0.001375739 2.9000322e-08 1.3736295e-07 0.0030688327 1.1826654e-05 0.009165845 6.996958e-06 2.9137978e-05 3.437608e-05 1.8042712e-07 3.4680664e-07 9.9308345e-08 2.3061206e-09 0.0019289588 3.2895582e-07 2.9666591e-08 6.4085766e-06 1.9385347e-05 7.9783106e-08 0.000746455 1.8217786e-06 3.7842854e-06 0.00013977189 0.001299202 3.4858298e-05
0.58659965 0.37177426 0.01372995 0.0027888515 0.6766852 0.0014917031 0.00416303 0.0073458413 0.83969927 0.015776146 3.053127e-05 0.6137311 0.0010474148 0.9864917 8.498909e-16 0.0050906865 0.7505691 0.020084295 7.5649446e-06 0.00012423417 0.0009623157 0.10322131 0.0033336412 0.9471627 0.0015883754 3.187206e-05 0.0045918515 0.00021068868 8.629817e-05 0.71557885 0.06572253 0.0018127692 0.005997428 0.3571104 0.000999989 0.00018092468 7.9276615e-06 4.1431627e-05 0.0049682907 3.1885254e-05 6.51153e-07 0.00023625398 0.001776708 2.9597962e-07 1.9606989e-05 0.00021773271 5.9261847e-06 3.0530007e-06 0.19455583 1.0063903e-05 0.00012328959 0.0011221946 0.011469325 0.00064895855 4.3473174e-05 4.141227e-07 5.0543782e-05 0.00018429334 0.113994606 1.7170182e-06 0.0019130999 4.4353246e-08 4.2738434e-06 2.073208e-08 1.2706971e-06 4.76733e-06 1.2941033e-06 0.00048887363 0.000982105 0.023039892 1.5044373e-07 0.08399889 0.030897748 0.08610765 3.315621e-07 1.4869612e-07 0.0011396453 7.1584085e-09 4.790144e-08 0.0013747776 6.077085e-06 0.012252314 1.578683e-05 7.7456316e-05 2.6805687e-05 9.4237265e-08 2.1416936e-07 2.3848235e-08 1.0841812e-09 0.0013900117 4.3211608e-07 8.129661e-09 3.6150047e-06 3.1318647e-05 2.744177e-08 0.0004580875 2.1523522e-06 2.1337257e-06 0.00013627704 0.000879757 9.601327e-05
0.9085179 0.41627744 0.04004037 0.025644487 0.22039244 0.0778174 0.019244052 0.40407604 0.02625641 0.9702098 0.00090346724 0.018705664 0.36047667 0.007463176 0.0050906865 3.7728194e-17 0.021114996 0.07299154 9.831518e-05 0.0005058489 0.5305138 0.009902999 0.98870414 0.005558093 0.004193701 6.377857e-05 0.6267139 0.026279857 0.06634001 0.0008472309 0.008229518 0.4098741 0.0012350901 0.00061728153 0.051214814 0.024698138 0.053930264 1.7633186e-06 0.0017244933 0.009339724 0.012893945 0.007866264 0.00055960874 0.00067211164 0.12595184 0.2878504 0.002579896 0.0033543336 0.00028249458 0.0017631287 0.21285653 0.21104927 0.00032626034 0.000107997665 0.00028372035 3.215523e-05 0.0013596984 0.00013870416 9.1869166e-05 0.00045190644 0.00011905001 0.00041106364 0.02655639 0.00011327593 4.084887e-06 1.7382322e-06 0.030794367 0.0001874862 0.00012518896 0.0011345112 5.676333e-07 0.0007316818 0.0015109868 0.0012557368 0.04426583 4.3817754e-06 0.15173528 0.0022586717 0.0020989324 0.00010435916 0.000108826855 0.0002750072 5.3477484e-06 3.329506e-05 5.7170193e-05 5.688942e-06 1.9850952e-06 2.9481984e-05 2.95203e-07 7.462801e-05 3.7063762e-06 1.9578895e-06 2.2938102e-06 2.1604365e-06 1.6483452e-06 4.4467797e-05 5.2886876e-06 1.2648333e-06 2.9876794e-05 0.029633109 2.6434462e-05
0.82785964 0.2260881 0.0011181656 0.00072589156 0.85177636 0.00037435282 0.00019008812 0.0033922815 0.18369368 0.074775726 4.1702397e-06 0.013609345 0.07270573 0.8778301 0.7505691 0.021114996 1.1485274e-16 0.89252657 5.698811e-07 1.8282419e-05 0.00970635 0.9776257 0.013977418 0.4247294 2.7903532e-05 4.00227e-06 0.0053113266 0.004975788 0.0013603151 0.47087264 0.90729874 0.003439092 0.00019394436 0.08530607 0.00056922284 0.00023619676 5.7303573e-06 8.93617e-06 0.2797279 0.004071582 1.8628762e-06 0.040484868 3.796451e-05 8.780366e-07 5.578889e-05 0.0008981603 7.33896e-06 1.0369195e-05 0.31778526 3.6464076e-05 0.0007798821 0.0021033175 0.38272208 3.8793347e-05 0.000591357 1.7209608e-06 2.364884e-06 0.0062932703 0.07989575 1.3584014e-06 7.579818e-05 2.048981e-07 4.610463e-05 3.285402e-08 1.4783669e-07 5.3381103e-07 7.6261026e-06 0.037046485 2.9171735e-05 0.0016573902 2.8099112e-07 0.19668227 0.2553427 0.036417607 2.5850925e-06 7.6146414e-08 0.003211181 4.4424795e-08 2.5991966e-07 0.025557552 4.679933e-05 0.0017693408 4.5318473e-07 3.5033183e-06 0.0007430418 5.7782042e-08 3.928118e-07 3.9089006e-08 1.2923685e-09 0.003310681 1.2010157e-07 1.2965715e-08 5.2460045e-06 1.7385382e-05 1.3560604e-07 0.0027200824 5.6340457e-05 2.2503892e-07 0.000393825 0.0016190507 5.785957e-06
0.96114784 0.08309955 0.000108107306 9.6336014e-05 0.5562987 6.713662e-05 9.880861e-06 0.0007866696 0.0060523604 0.14944427 5.3706117e-07 8.750248e-05 0.85817516 0.111264385 0.020084295 0.07299154 0.89252657 2.838297e-17 1.5569722e-08 1.6373281e-06 0.10607401 0.9628549 0.042939298 0.006237561 1.4256833e-06 4.3379745e-07 0.008518076 0.28323254 0.05333096 0.060696516 0.9442582 0.006064497 3.4627737e-06 0.005025645 0.0015613686 0.0002387616 0.00021097783 9.775254e-07 0.69392776 0.41496128 3.1900527e-05 0.7288166 5.2941755e-07 6.23555e-06 0.0012883854 0.013240312 6.548004e-05 0.00041013423 0.08585223 0.0031889954 0.0062122475 0.0015874289 0.6870062 1.506241e-06 0.07014702 5.206895e-05 6.197166e-07 0.2357758 0.02163472 8.784206e-06 2.7717758e-06 2.5101937e-05 0.0012820058 4.524605e-07 2.373352e-08 5.144618e-07 0.00039504148 0.41724923 7.770772e-07 5.7827885e-05 8.455378e-06 0.097780846 0.3643196 0.007223724 0.00011271837 1.2265499e-06 0.007612331 4.3829685e-05 6.839607e-06 0.042430807 0.0007988129 0.0003577884 3.496284e-07 9.4759565e-07 0.022372445 1.469756e-06 4.1736616e-06 2.9222885e-05 6.8494174e-08 0.0009250613 2.4285518e-07 9.336396e-07 0.00031941698 6.8181607e-06 3.3180282e-07 0.0075268117 0.00071406784 5.846118e-07 9.9524004e-05 0.005756652 1.1102741e-05
0.93380517 3.4336597e-05 0.001444025 0.10608814 2.2020893e-06 0.007907158 0.030208293 0.0017422437 4.459018e-05 5.8431866e-05 0.9574656 0.0004599021 5.1081525e-07 1.7341757e-06 7.5649446e-06 9.831518e-05 5.698811e-07 1.5569722e-08 3.2011583e-16 0.9669733 8.543835e-08 1.1862025e-08 3.928291e-05 1.0220612e-05 0.01807463 0.9396326 0.0026048832 5.2080367e-09 4.530814e-09 7.991724e-07 3.123636e-08 0.0058344086 0.0043446696 7.041395e-05 0.75172234 0.13104717 3.0901138e-08 0.88041234 6.037031e-08 4.0618606e-09 3.8855137e-09 1.9989136e-08 0.0141881555 5.8474137e-10 4.9694347e-07 1.2926545e-05 2.7157148e-07 1.2349614e-09 1.9637164e-06 2.5711133e-09 5.7888215e-06 0.0055851014 9.715707e-07 0.01346188 1.866607e-08 5.7640177e-11 0.28402287 2.0727126e-07 7.1341433e-06 7.222139e-09 0.0030159634 3.6289763e-10 2.4793842e-08 7.9655144e-10 0.22008468 0.014763039 2.1370244e-08 3.5633045e-07 0.0006509138 3.3676642e-05 1.4705283e-08 1.2759584e-05 3.577493e-07 2.0759611e-05 1.2515427e-07 3.725624e-09 0.00046904865 3.8276553e-08 5.8242975e-09 4.443638e-09 5.9288187e-08 3.2901513e-05 0.0002876054 4.3930624e-05 8.935629e-07 1.820778e-08 4.7404637e-08 3.5189769e-09 1.1544593e-09 2.6159873e-07 0.024666239 3.6609233e-09 1.7294973e-07 6.729325e-08 4.6182536e-10 2.2281284e-07 3.4687446e-09 7.42004e-08 4.0875328e-08 0.004342296 5.5803653e-06
0.9084954 0.0005010558 0.06549936 0.13185088 2.8849614e-05 0.023417382 0.53449416 0.010086031 0.00024796897 0.0008266196 0.9030554 0.008593054 1.4173589e-05 5.2852913e-05 0.00012423417 0.0005058489 1.8282419e-05 1.6373281e-06 0.9669733 6.1019507e-16 3.3364656e-06 1.1167427e-06 0.0002395759 0.00035322752 0.13891341 0.9757416 0.0053140223 1.7202264e-07 1.6571947e-07 5.4531483e-05 2.5321058e-06 0.0060991053 0.072922125 0.0024690707 0.44698748 0.06913903 3.4085116e-07 0.7384263 2.9551102e-06 1.40406e-07 7.680485e-08 9.746889e-07 0.21326305 2.01198e-08 8.894145e-06 0.00012855642 7.759449e-07 1.4013398e-08 0.00011296395 1.239341e-07 8.666236e-05 0.008899593 3.279957e-05 0.15864873 5.1199004e-07 1.0974765e-08 0.76006687 2.041724e-06 0.00012090922 3.939739e-08 0.059604783 8.5162695e-09 3.3423905e-05 3.9984447e-09 0.23046581 0.04705423 4.822562e-07 2.3803677e-06 0.0049641514 0.0026367477 2.39127e-07 3.0970426e-05 5.407195e-06 0.00046276208 2.0236475e-06 9.329061e-09 0.0014216923 2.038854e-06 2.2384667e-07 9.8161856e-08 1.3292772e-06 0.00014428922 0.004457431 0.0003899868 1.2281601e-05 1.6299898e-06 1.3255585e-07 1.8032685e-07 1.3540975e-07 2.3345278e-06 0.09115071 3.9189584e-07 3.4795025e-07 1.7547095e-06 1.4642004e-08 7.038676e-07 7.082278e-08 7.3138704e-06 5.4680648e-08 0.0038221062 1.322764e-05
0.9953045 0.036064196 0.0005682202 0.0004553092 0.040540487 0.0010079353 3.962595e-05 0.02380334 0.0019187705 0.5979901 1.3043103e-06 0.000317051 0.95959055 0.0014336965 0.0009623157 0.5305138 0.00970635 0.10607401 8.543835e-08 3.3364656e-06 9.717211e-16 0.010535128 0.3644013 0.00023875205 4.25361e-06 2.0766797e-07 0.10708021 0.4192223 0.69229406 0.00040575847 0.018147655 0.19566613 3.1948919e-06 0.00011609885 0.0058844346 0.004579986 0.25919136 8.8682475e-07 0.00918154 0.13827497 0.08201195 0.044499394 1.535574e-06 0.023295268 0.2849644 0.63087076 0.061669026 0.132791 0.0002204224 0.06026221 0.5128432 0.099326834 0.0027432563 3.6629547e-06 0.011061213 0.016721392 2.159325e-05 0.007185159 9.6968055e-05 0.019565443 8.046915e-06 0.041679345 0.07188634 0.0032099287 8.864142e-08 1.4989844e-06 0.024969678 0.0057145692 1.0157306e-05 0.0005144413 0.00063224154 0.0008999153 0.0026141668 0.00019219132 0.007565317 0.0001962814 0.44845107 0.001646556 0.0031498158 0.0005233492 0.0034812074 0.00026594638 8.778838e-06 4.1034687e-06 0.0014068173 4.625445e-05 6.0469858e-05 0.00017118892 1.1730785e-06 5.4352873e-05 2.4399185e-06 2.3951156e-05 0.00061372906 1.44887035e-05 6.654032e-05 0.00039357776 3.389455e-05 2.8813497e-06 5.082156e-05 0.11614439 8.014867e-07
0.77638066 0.07531639 0.00036060112 0.00012684586 0.54176795 7.1842194e-05 5.3460582e-05 0.0005173282 0.023377413 0.034926053 1.4995271e-07 0.0011555417 0.13476743 0.3023145 0.10322131 0.009902999 0.9776257 0.9628549 1.1862025e-08 1.1167427e-06 0.010535128 4.3996164e-16 0.008486464 0.03153759 1.1411919e-06 1.3206387e-07 0.0021387835 0.016096173 0.004204614 0.10602215 0.9566087 0.00094473886 8.051498e-06 0.008800171 0.00016362213 0.00013344265 3.111816e-05 2.1271142e-06 0.3723422 0.03268761 2.653968e-06 0.17257987 2.5528316e-06 1.071798e-06 0.000100150115 0.000810714 1.7385115e-05 5.0217255e-05 0.085910976 0.00023177659 0.0005475593 0.0004861469 0.3473627 3.7858629e-06 0.0030745375 7.658279e-06 6.3671183e-07 0.0082475105 0.014577337 4.9924374e-06 9.475427e-06 2.6952196e-06 0.00016373812 9.3949396e-08 4.1249148e-08 4.175957e-07 0.00010533244 0.04881993 3.566485e-06 0.00013793945 1.4121825e-06 0.05755681 0.19654378 0.008331159 8.358208e-06 2.5264694e-07 0.0031035074 1.0305081e-06 4.596436e-07 0.017441623 0.00014423816 0.0002630707 2.4735047e-07 5.5404587e-07 0.0026182625 2.6921688e-07 9.0098956e-07 8.139995e-07 1.0204681e-08 0.0006091923 1.1728509e-07 1.2480753e-07 6.121271e-05 5.1155353e-06 1.1097406e-07 0.0021289694 9.486246e-05 4.322748e-07 0.00012986135 0.0016228976 2.2722427e-06
0.9641403 0.2533832 0.028017484 0.028853126 0.15411033 0.069341995 0.012406023 0.266727 0.019427639 0.7226207 0.0009992087 0.015409407 0.240219 0.004145207 0.0033336412 0.98870414 0.013977418 0.042939298 3.928291e-05 0.0002395759 0.3644013 0.008486464 2.0925429e-16 0.0020262324 0.0039180336 0.00010298107 0.800695 0.028026441 0.036475793 0.00064619945 0.004074012 0.5542423 0.00039095702 0.0006055796 0.12058414 0.08406664 0.02571654 1.1418288e-06 0.0012868056 0.009950029 0.0055428087 0.006158812 0.00017134965 0.00056312664 0.055715233 0.45021904 0.0021883612 0.0010661077 0.00025589793 0.001011871 0.28825796 0.6831077 0.0007844285 0.0001391646 0.00033580945 5.5916145e-05 0.00045510387 0.000468152 0.00018656372 0.0003323366 0.00011122141 0.00025022004 0.021763204 5.0321098e-05 2.955085e-06 3.8102285e-06 0.012075434 0.00013530321 6.9880516e-05 0.0007094213 4.24593e-06 0.00078896445 0.0012248674 0.0024619559 0.015610575 1.3306959e-05 0.48459327 0.0018560897 0.0019166637 0.00028711237 6.677846e-05 0.002108273 8.293592e-06 6.3460226e-05 3.186045e-05 3.1129127e-06 6.717777e-06 1.9057305e-05 4.8421066e-07 4.221376e-05 2.1810976e-05 2.3396049e-06 1.6832757e-05 3.4372094e-06 6.424147e-07 0.000119153934 3.103682e-06 4.003279e-07 1.488678e-05 0.08025003 3.0727537e-05
0.8694744 0.50526553 0.05547426 0.0051827435 0.655869 0.0029226453 0.020503785 0.012217886 0.82689446 0.0183577 2.558007e-05 0.8468879 0.0002750098 0.85611284 0.9471627 0.005558093 0.4247294 0.006237561 1.0220612e-05 0.00035322752 0.00023875205 0.03153759 0.0020262324 4.6843522e-15 0.004416096 7.35001e-05 0.004870913 8.945665e-05 4.3793545e-05 0.9736254 0.020434948 0.0045238873 0.048038073 0.74991214 0.0013476086 0.0005003539 8.6563074e-07 2.1574087e-05 0.0020958118 3.0035822e-06 7.780883e-08 6.538125e-05 0.027034087 5.2079198e-08 8.930684e-06 0.0001885896 8.3462635e-07 2.500605e-07 0.3399093 1.7196139e-06 0.00017735761 0.0011151183 0.009615144 0.0035478696 1.3752772e-05 4.406327e-08 0.0002188577 9.037184e-05 0.21097387 1.9761389e-07 0.020077774 3.9644767e-09 2.468875e-06 3.7204972e-09 2.9508902e-07 7.898675e-06 5.51251e-07 0.0004461241 0.004263581 0.16050673 8.8007326e-08 0.14514242 0.035129223 0.26048255 1.3543635e-07 8.21192e-08 0.0013568769 1.1242956e-08 2.656047e-08 0.0002647363 2.818412e-06 0.04628786 6.989785e-05 0.0011588585 1.2691295e-05 1.620335e-07 1.6821332e-07 2.1586054e-08 4.875097e-09 0.005838822 5.3261324e-06 1.3439667e-08 2.5492118e-06 7.739547e-05 9.126766e-09 0.00019878593 2.2391855e-06 3.7847022e-07 0.00041418162 0.0013089129 0.0015778982
0.96054065 0.074933596 0.7201022 0.64392453 0.014792916 0.23095445 0.9146093 0.14390561 0.053702194 0.007262804 0.1748398 0.46893692 2.04633e-06 0.0005116112 0.0015883754 0.004193701 2.7903532e-05 1.4256833e-06 0.01807463 0.13891341 4.25361e-06 1.1411919e-06 0.0039180336 0.004416096 4.8755657e-15 0.07378044 0.026002474 3.125217e-07 4.800285e-07 0.0007384088 1.5428152e-06 0.03027926 0.98304266 0.011141733 0.102377996 0.035547696 2.5133688e-06 0.052366324 8.23674e-07 9.693328e-09 3.3829443e-07 1.0744655e-07 0.82159436 7.433965e-08 5.855126e-06 0.00015571625 3.2019727e-07 5.729234e-09 0.00034684385 5.063214e-08 0.00014285812 0.015959065 8.125689e-06 0.3386666 1.9313654e-07 4.5993733e-09 0.49301708 4.7578348e-07 0.00091382634 3.580659e-08 0.24579434 5.5182737e-11 2.347405e-06 2.437552e-09 0.0076966095 0.03781846 7.400839e-06 8.7210975e-07 0.035783745 0.08108554 2.9359915e-08 0.00030135617 5.4110847e-06 0.0059971563 2.4102522e-07 4.7129124e-08 0.0107801445 8.320138e-08 9.258176e-09 2.1916284e-08 1.7326001e-06 0.0035156235 0.012744139 0.0046520927 4.3429128e-07 9.2891923e-07 1.7747374e-07 1.9460828e-07 1.6669691e-08 7.062004e-06 0.019957276 5.5450077e-08 7.0754425e-07 1.2210861e-05 3.603503e-07 1.449184e-07 1.3455242e-07 3.3735142e-07 1.4305197e-06 0.0054433485 0.0017177791
0.8468053 0.00037671096 0.026566103 0.08605776 1.1556987e-05 0.010811458 0.29471987 0.0055519827 0.00019789879 6.9463116e-05 0.84756404 0.0041164504 9.861333e-07 1.2660165e-05 3.187206e-05 6.377857e-05 4.00227e-06 4.3379745e-07 0.9396326 0.9757416 2.0766797e-07 1.3206387e-07 0.00010298107 7.35001e-05 0.07378044 3.193363e-17 0.0027793157 1.607024e-08 3.4612455e-08 5.7525767e-06 3.147101e-07 0.002398207 0.03461738 0.00078182237 0.33954284 0.052678015 3.5486558e-08 0.9593465 6.490897e-07 3.928416e-08 1.03351185e-08 1.4928337e-07 0.09761747 3.1011118e-09 5.5958657e-07 4.899287e-05 1.7520281e-07 3.2908365e-10 2.4591855e-05 2.1607791e-09 4.9219652e-06 0.0052760886 2.7040296e-06 0.101254486 9.034767e-08 3.5854525e-10 0.68031657 7.4483603e-07 5.1296465e-05 4.84376e-09 0.018685723 9.42497e-11 3.6434213e-07 3.7974734e-10 0.27055526 0.0460519 2.1736772e-08 5.470983e-07 0.00216658 0.0005931571 9.620701e-09 4.8877205e-06 5.086709e-07 0.00012339155 2.1124627e-07 3.0883447e-09 0.00067389273 5.1189414e-08 1.6500579e-08 2.8121199e-09 5.538866e-08 2.8351573e-05 0.0018077067 0.00015057845 4.0198523e-07 4.4071253e-08 4.0700908e-08 1.542521e-08 2.0821629e-09 3.166806e-07 0.053502575 4.1576453e-09 5.823556e-08 9.409573e-08 1.1994156e-09 8.184462e-08 2.3631062e-09 1.0699031e-07 1.8137245e-08 0.0022691612 2.728176e-06
0.94924694 0.40057075 0.2225244 0.34235626 0.097501144 0.75820804 0.12733853 0.94008106 0.029677102 0.60900104 0.069060855 0.048377078 0.04592373 0.00495954 0.0045918515 0.6267139 0.0053113266 0.008518076 0.0026048832 0.0053140223 0.10708021 0.0021387835 0.800695 0.004870913 0.026002474 0.0027793157 1.6291534e-14 0.0058556707 0.0062106363 0.0007779626 0.000996192 0.9663508 0.0032559969 0.00044697203 0.46710846 0.35806346 0.004904306 7.926591e-05 0.00019055387 0.00043771145 0.0016472398 0.00032586264 0.002387213 0.00027071623 0.006835415 0.14611322 0.00026047093 0.0002213153 0.00020219074 0.00015274987 0.056908652 0.49970248 4.450093e-05 0.00040433696 3.2205775e-05 7.319571e-06 0.0018808409 9.143441e-05 0.00013702756 0.000107526575 0.0017061376 6.944811e-06 0.0029031343 2.3705508e-05 8.1616134e-05 0.0003093434 0.00045516092 8.236167e-05 0.0004746639 0.004882044 8.796676e-07 0.00016862266 0.00038691648 0.0016885044 0.0018875488 1.7732463e-06 0.05095447 0.0006435961 0.00045245732 4.3876153e-05 8.100184e-05 0.0012590885 0.0001692602 0.0003870377 5.3887226e-05 1.1127646e-06 1.6794668e-06 1.9638484e-05 2.4085404e-07 7.7627765e-06 4.3166103e-05 6.1365354e-06 4.0784803e-06 5.3997082e-06 1.1902758e-05 6.595032e-05 5.3446024e-06 7.5214302e-06 2.7727314e-05 0.014469773 0.0007061826
0.9200863 0.0030643085 5.3382275e-05 1.4709907e-05 0.01505565 2.9284402e-05 1.8454994e-06 0.0011538382 0.00016348566 0.062059786 4.307819e-08 2.4789754e-06 0.93712467 0.0004938547 0.00021068868 0.026279857 0.004975788 0.28323254 5.2080367e-09 1.7202264e-07 0.4192223 0.016096173 0.028026441 8.945665e-05 3.125217e-07 1.607024e-08 0.0058556707 2.6476635e-17 0.9779811 0.00011817404 0.03251028 0.0053441417 5.78636e-06 4.355638e-05 0.0006898805 0.0005917731 0.05774229 3.1293268e-07 0.024449667 0.89634806 0.025866758 0.49267307 4.7560252e-07 0.002933656 0.013072556 0.057516865 0.074334525 0.8578502 0.0001998039 0.75923103 0.028235884 0.0055329567 0.009329397 3.342993e-07 0.41455218 0.30876005 1.4526402e-07 0.27661732 4.3289652e-05 0.020147452 4.5904125e-07 0.1446511 0.012537069 0.00018508152 7.945342e-08 1.8104141e-07 0.0040745283 0.143766 3.3381156e-07 5.026361e-06 0.0012647441 1.8936193e-05 0.0028235938 3.5238315e-06 0.001536328 4.494908e-05 0.018377228 0.00021449427 5.0408133e-05 0.00037688884 0.1230016 8.552959e-06 2.4615492e-08 2.9811008e-06 0.020955427 5.951745e-06 0.00068482227 4.4095075e-05 4.7925863e-07 2.5261905e-05 1.3332034e-07 2.1926914e-07 0.021499958 1.5497277e-05 0.0029343655 0.0021161935 0.0012838098 4.1676697e-07 1.0646836e-05 0.013130405 5.3766053e-06
0.98848945 0.00046055586 4.3061867e-05 2.5493928e-05 0.0034195413 1.7502882e-05 1.1827741e-06 0.00041752346 4.314869e-05 0.08468701 8.3905284e-08 2.5034005e-06 0.71936 0.00017235347 8.629817e-05 0.06634001 0.0013603151 0.05333096 4.530814e-09 1.6571947e-07 0.69229406 0.004204614 0.036475793 4.3793545e-05 4.800285e-07 3.4612455e-08 0.0062106363 0.9779811 4.2315537e-16 5.8617166e-05 0.01470976 0.01236798 4.3289484e-07 1.3563567e-05 0.00086702703 0.00037847925 0.1897664 1.0968823e-06 0.012818792 0.62234545 0.09453045 0.23644446 6.278298e-08 0.025578735 0.12595192 0.19231078 0.17255272 0.8032536 7.464681e-05 0.67846215 0.15540971 0.0044703744 0.0031025682 8.0218136e-08 0.42508078 0.3727677 1.9216527e-06 0.16984574 3.3065142e-05 0.054144867 3.036984e-07 0.17097774 0.031364944 0.0017695256 4.5295028e-08 8.112112e-07 0.017678559 0.0605427 5.1788544e-07 3.8027943e-06 0.0038305132 9.387945e-06 0.00085041905 1.16832525e-05 0.00426988 0.00016028274 0.09086594 0.0018815667 0.00033688173 0.00030763913 0.16253981 3.606133e-05 2.1890143e-07 4.5436286e-06 0.010922591 1.9016747e-05 0.00037355063 0.0002454346 9.875646e-07 1.7298579e-06 4.097612e-07 1.31126035e-05 0.014674528 3.3654524e-05 0.008091573 0.00043315112 0.0005195395 1.5288059e-06 2.7996061e-06 0.049518835 6.4783026e-06
0.795174 0.20485885 0.011742057 0.00044881128 0.41443756 0.00042423094 0.0030209033 0.002299924 0.50581026 0.006605125 3.7418026e-06 0.43584827 0.0011199479 0.66940284 0.71557885 0.0008472309 0.47087264 0.060696516 7.991724e-07 5.4531483e-05 0.00040575847 0.10602215 0.00064619945 0.9736254 0.0007384088 5.7525767e-06 0.0007779626 0.00011817404 5.8617166e-05 2.838354e-15 0.12080981 0.0007429646 0.011952725 0.98649913 0.00020176024 0.00010106544 1.732126e-06 5.7080383e-06 0.012880929 2.2177219e-05 8.751268e-08 0.00061682664 0.0070799794 5.9449437e-08 5.906161e-06 7.42995e-05 6.0708436e-07 5.453574e-07 0.8194679 8.606117e-06 4.3804903e-05 0.00037560286 0.037612516 0.0014419073 1.599028e-05 9.259151e-08 2.3520513e-05 0.00032894002 0.27612945 3.7692978e-08 0.0048870593 5.7872898e-09 4.306973e-06 7.4142886e-10 9.930209e-08 6.115777e-06 2.0354055e-06 0.0023416218 0.0013361393 0.08573419 1.631546e-07 0.20897296 0.11693699 0.3102592 5.4172426e-07 5.526203e-08 0.0015050049 8.690108e-08 2.5835467e-08 0.002255917 6.5928466e-06 0.035447728 1.5693342e-05 0.00018129445 1.885282e-05 1.1856795e-07 3.78284e-07 2.2958826e-08 4.428805e-09 0.012621789 1.0851708e-06 2.953786e-08 6.516429e-06 9.307127e-06 5.0205355e-08 0.0017589964 7.1030304e-06 1.0186878e-06 0.0007033268 0.0006720879 0.0004972718
0.9031186 0.032276616 0.00037351588 5.2718606e-05 0.29620856 4.999053e-05 4.872165e-05 0.00071483705 0.015446497 0.01645804 3.024114e-07 0.0004858037 0.16170758 0.19009064 0.06572253 0.008229518 0.90729874 0.9442582 3.123636e-08 2.5321058e-06 0.018147655 0.9566087 0.004074012 0.020434948 1.5428152e-06 3.147101e-07 0.000996192 0.03251028 0.01470976 0.12080981 2.8209522e-16 0.0019545169 1.109731e-05 0.022110997 0.00015460247 0.00011138168 7.021654e-05 1.6681397e-06 0.9804966 0.17767929 7.455848e-06 0.7716625 7.1110417e-06 2.3691982e-06 0.00027488422 0.00084322144 4.7991045e-05 0.00014439231 0.20460902 0.0009395999 0.0010490724 0.000867185 0.81426984 4.3501063e-06 0.03910722 2.596781e-05 5.584009e-07 0.15639195 0.04668592 2.33919e-06 2.566858e-05 1.7581855e-06 0.00015454454 4.0554525e-08 6.6921633e-09 1.0357053e-06 3.828114e-05 0.39980146 4.0317022e-06 0.00019492934 2.2805027e-06 0.18106385 0.5257763 0.009885386 1.0329763e-05 1.3508924e-07 0.0041335435 1.4149393e-06 4.0389236e-07 0.083260946 0.0009784404 0.00078365416 3.2653782e-07 1.4084301e-06 0.047934137 1.868202e-07 1.1310872e-06 3.2605985e-07 1.0939153e-08 0.008134696 3.8887276e-07 1.08608845e-07 0.0008831741 9.248764e-06 2.91016e-07 0.07634798 0.0017817933 4.4825666e-07 0.0015088507 0.001367276 6.0063767e-06
