1.632331e-23 0.002614198 0.0077189966 4.8338712e-05 1.3820023e-05 0.0044563194 0.33247742 0.0016042618 0.25202766 0.10957091 0.6545692 0.005962665 0.084330656 0.56944513 0.2208615 0.0003824416 0.32203224 0.00013799564 0.6262983 0.40916538 0.72723424 0.27236667 0.7529748 0.008996442 0.71459854 0.737133 0.7732783 0.45562142 0.25727656 0.7798257 0.9753014 0.8747895 0.56324893 0.33511612 0.9503715 0.89752305 0.9122139 0.0029681604 0.9770977 0.9054038 0.93276453 0.93812704 0.0021065355 0.63917935 0.8263286 0.97571677 0.89680785 0.8405991 0.8568504 0.9117967 0.84947824 0.921264 0.6109538 0.9412087 0.92493874 0.97369164 0.90131193 0.9363408 0.9536181 0.646403 0.0009615801 0.00027695508 0.97024983 0.28056374 0.0026641751 0.8308347 0.8265186 0.24331978 1.2850737e-06 0.10485601 0.49428812 3.39215e-06 0.003359834 0.43304595 0.8770231 0.62579614 0.9786989 0.13484386 0.08046362 0.8191166 0.8974761 0.97264445 0.7540193 0.005526141 0.99539196 0.99672514 0.09589389 0.26243806 2.470949e-07 0.9980283 0.7645169 0.31623578 0.00046413307 0.7999085 0.8665494 0.039859407 0.0716659 0.99174774 0.99990076 0.9999834 0.98664093
0.002614198 1.6748283e-19 0.99796057 0.33911788 0.73218715 0.005975508 0.44781178 0.28318918 0.43489763 0.06139703 0.13899522 0.011199857 0.017058812 0.2457515 0.054636348 0.0010943831 0.01668879 3.9557155e-05 0.031747136 0.0016141281 0.0005245704 2.5589072e-05 0.058521304 2.751554e-06 0.00045128516 8.014645e-05 0.013351725 4.596313e-07 1.4565329e-07 1.0567836e-06 0.01028196 0.0021491835 1.1337292e-07 1.0525145e-07 0.012067147 0.00022314323 1.9395286e-06 2.6344176e-06 0.008530252 3.6244997e-05 3.5347844e-06 0.0008115878 9.6007795e-08 3.9129215e-08 0.0015925913 2.778396e-07 4.767435e-06 9.531106e-07 0.00011518569 0.0008923508 6.6335947e-06 1.406785e-07 6.4248877e-09 0.00015602216 7.944092e-06 8.918921e-08 1.0603123e-07 7.878513e-06 5.222829e-07 9.569509e-10 1.1657136e-06 1.4338214e-07 2.4166646e-09 8.4763116e-08 1.4769789e-07 3.4359326e-09 1.7368517e-08 4.426099e-07 1.9100935e-07 3.8290207e-08 6.50608e-09 1.3840156e-08 5.755658e-07 1.915389e-09 0.0031884375 5.8992957e-09 1.8762132e-07 1.129075e-08 1.15661654e-10 0.00023519158 9.750418e-10 7.152049e-05 1.7806693e-09 1.8358044e-08 0.0015349716 0.0028364337 1.75323e-09 2.647423e-08 3.0877867e-08 0.00020202769 3.7178957e-06 4.740724e-09 4.5058024e-10 2.9774392e-09 9.3105484e-07 1.1164312e-09 2.2813977e-09 1.8666838e-06 1.7990706e-05 4.9914353e-05 3.94406e-09
0.0077189966 0.99796057 1.7521105e-16 0.022563113 0.031733867 0.00027626002 0.91380185 0.097508 0.6662985 0.035668332 0.53046435 0.0101399785 0.0883517 0.72038704 0.38268822 0.0020713198 0.1325429 0.00015289066 0.25214273 0.03324655 0.010035286 0.00047978596 0.33279383 3.225234e-05 0.008096879 0.00094212743 0.06746005 3.7589634e-06 2.6520058e-07 3.3508644e-05 0.03844733 0.03941258 9.018002e-07 2.8407474e-06 0.03627638 0.0039825533 0.0001316781 6.737448e-06 0.017679807 0.0025203465 0.00016458808 0.008530074 8.059091e-07 6.189134e-07 0.008304642 6.240946e-06 9.9832374e-05 2.6434938e-05 0.00078175083 0.0029937278 0.000105918305 4.755256e-06 4.2300375e-08 8.693868e-05 4.968257e-06 1.6823377e-06 2.5729875e-07 2.3420436e-05 6.81895e-07 3.5099763e-08 2.1490776e-07 1.0177299e-07 1.8898902e-07 8.1522694e-07 5.093687e-08 3.3116184e-08 2.2932338e-07 1.0854967e-06 5.8894807e-07 5.984018e-07 3.3732087e-07 1.5542405e-07 1.9695738e-06 1.7648773e-07 0.004301619 3.0176448e-08 4.467827e-08 2.954824e-07 1.518975e-07 3.2711134e-05 1.84542e-08 1.20695095e-05 5.1124626e-08 1.9825409e-08 0.0013341892 0.0003710337 4.2121263e-07 2.0485474e-07 1.4564835e-06 4.526772e-05 1.332946e-06 1.0873466e-07 8.280132e-08 1.5210327e-08 4.0555358e-07 5.252795e-07 1.142163e-06 7.7438654e-07 8.163127e-06 2.8822691e-05 6.2088944e-08
4.8338712e-05 0.33911788 0.022563113 3.8858974e-21 0.9893756 0.97899926 0.011812384 0.0006917343 0.0002520707 0.49438864 0.0102870595 3.824859e-05 2.7014316e-06 0.00026575648 5.6325036e-05 3.6392146e-06 4.346959e-06 1.4050086e-07 9.4009365e-06 7.123011e-07 6.073319e-08 9.384369e-09 0.0003424616 3.7025178e-08 5.224812e-07 3.1160848e-08 2.2030967e-05 3.7081063e-09 1.5342896e-09 1.0705863e-08 0.0014055185 2.0030175e-05 1.9703872e-08 5.9443316e-08 0.00018192525 1.0300031e-06 8.639767e-08 3.750266e-08 0.00027031198 1.9984476e-07 5.791072e-07 2.093812e-05 2.3487146e-08 2.190763e-08 4.4880417e-05 1.6244607e-08 1.1285196e-06 1.438356e-07 6.690623e-06 4.253446e-05 7.846218e-08 3.2189515e-08 3.6029515e-08 6.33851e-07 1.26470425e-08 6.402699e-08 3.7279553e-09 1.4984904e-07 3.0061023e-09 5.5720854e-08 4.8289456e-07 3.6372818e-08 2.8232367e-07 8.11205e-07 9.7372315e-08 8.3032925e-10 8.455838e-06 3.5657129e-06 1.2499969e-07 9.995998e-08 2.44836e-07 1.6147021e-08 4.0615197e-07 1.6842006e-07 0.00031695847 8.195455e-09 1.3852771e-09 5.8238874e-07 7.337354e-09 8.5212343e-07 2.851773e-08 3.291273e-08 6.6482206e-09 4.944564e-09 9.618977e-05 8.937981e-05 2.0799918e-07 9.413445e-09 5.57486e-08 5.627808e-08 1.8941414e-07 3.5431689e-09 2.4960425e-09 5.263039e-09 4.562008e-08 2.3482892e-08 1.37764715e-08 1.39496095e-08 2.1751796e-07 7.516951e-07 1.2548854e-09
1.3820023e-05 0.73218715 0.031733867 0.9893756 4.7121277e-24 0.6645054 0.0017685624 0.247518 0.0010110044 0.003355842 0.0016909845 0.0014091779 9.337759e-05 6.0302333e-05 3.7935813e-05 0.00024470052 1.00125135e-05 3.4116667e-05 6.918244e-06 5.2926254e-07 1.2302888e-07 6.262938e-07 3.0110632e-05 1.1926756e-05 7.9042884e-08 5.940044e-09 1.2742079e-06 8.14411e-09 1.2648641e-07 9.47086e-09 4.4761717e-05 2.7525212e-07 2.5198978e-09 4.2688835e-09 1.9437291e-05 2.1790831e-07 1.756836e-08 9.401896e-06 5.06929e-05 1.2626482e-08 3.1381056e-08 2.6381497e-07 3.0424674e-06 3.7538994e-09 4.5141232e-07 8.054715e-08 3.434164e-07 1.1416544e-08 2.2163664e-07 2.2119553e-07 6.684258e-08 4.4772705e-08 8.694912e-09 1.09699585e-07 1.2942829e-07 2.3575698e-08 1.6989492e-08 6.4396374e-08 1.6382979e-08 4.4745768e-10 1.0834051e-05 5.0599556e-06 1.1900362e-09 2.2164659e-07 5.477817e-07 4.887312e-09 3.945409e-08 5.3556056e-07 6.07517e-07 1.6201154e-09 5.111317e-10 2.1647773e-08 1.17915604e-07 4.0065884e-10 8.051318e-05 1.434653e-09 1.2608722e-08 2.2207713e-09 4.7082865e-11 6.479814e-07 1.3846722e-09 1.1823389e-06 7.016445e-09 2.7381786e-09 0.00010268176 5.8714235e-05 2.6240024e-11 6.529514e-09 4.7471525e-07 1.0537342e-06 1.0049487e-07 4.69688e-10 3.218072e-09 1.6215839e-09 5.262437e-09 4.8267675e-11 5.7176996e-11 2.8507342e-08 8.351539e-08 5.250835e-06 6.0816183e-12
0.0044563194 0.005975508 0.00027626002 0.97899926 0.6645054 2.2871177e-17 0.0038411056 6.560881e-05 2.9428259e-06 0.9657332 0.016992524 1.46358825e-05 8.108206e-07 2.5246753e-05 7.8429224e-07 1.995278e-06 4.7999574e-08 2.4707865e-07 1.583898e-05 1.9368445e-08 9.8401935e-09 4.730878e-09 0.00012798612 2.1077366e-08 9.460136e-09 2.9466827e-09 7.304314e-06 2.2014884e-10 4.602289e-08 7.922407e-10 0.2449416 2.0580671e-06 4.0080885e-09 8.852936e-09 0.0013974237 1.2602411e-06 6.603521e-09 1.9373462e-07 0.008564414 2.5033192e-08 1.6533185e-08 3.8120845e-05 3.3079065e-08 1.2115557e-09 8.357455e-05 2.6353169e-08 4.1973355e-08 6.1605494e-09 1.5265308e-05 7.727076e-05 5.43297e-07 5.5017897e-09 1.2469284e-09 1.658598e-06 3.0542833e-07 9.876752e-08 1.7070732e-08 3.1890366e-07 8.925506e-08 1.300097e-09 2.0488083e-06 9.6871595e-08 1.2245968e-08 8.3927695e-08 6.215284e-07 3.130428e-09 8.483686e-08 2.1832361e-06 3.3367058e-07 3.9916404e-09 2.3921705e-09 6.861944e-08 1.1590702e-06 1.9026303e-09 0.012019 3.47371e-09 4.0326018e-10 8.97017e-08 2.5225622e-09 9.702605e-07 1.1410993e-08 4.691086e-07 5.1423954e-09 2.0613632e-08 0.0069053937 0.000496311 3.4386205e-09 1.01042254e-07 9.8288695e-08 3.7936348e-07 1.17824275e-08 7.58486e-10 3.6455032e-09 4.5222843e-09 1.3534732e-10 1.6675373e-09 9.486619e-10 7.580102e-10 1.3705139e-07 5.9468834e-06 1.0453983e-10
0.33247742 0.44781178 0.91380185 0.011812384 0.0017685624 0.0038411056 1.2175466e-16 0.006699994 0.3500373 0.28198996 0.9812684 0.014063479 0.004382578 0.8756838 0.35154006 0.00030522438 0.047813214 4.2004413e-05 0.39951354 0.004567997 0.0008159458 0.0001473173 0.83679646 1.1901975e-05 0.0013653351 0.0001918743 0.30761492 2.3981554e-05 4.771026e-05 4.15116e-05 0.062373858 0.17447129 4.652008e-06 2.9963112e-05 0.49753204 0.0435734 9.253418e-05 3.5033165e-05 0.37120053 0.026235646 0.00025081442 0.10083745 3.31607e-05 7.4082604e-06 0.16132884 3.1189809e-06 0.0004965633 0.00010344951 0.054896552 0.051219624 0.0037619062 1.7291182e-05 1.3406948e-06 0.013124634 0.0024538664 1.7754884e-06 1.2196372e-05 0.00068700744 3.2015305e-05 8.241447e-07 1.5663334e-05 4.5179713e-06 1.75375e-07 2.0872729e-05 1.2688427e-05 1.2673157e-06 5.7184155e-07 5.084752e-06 7.88858e-06 5.0463007e-07 4.7415715e-06 1.6151173e-05 3.210585e-06 1.7061017e-06 0.009245374 2.8900375e-08 1.1961356e-06 9.0618926e-07 1.26109825e-08 0.0004683737 1.03788395e-07 0.0005241389 7.817056e-07 2.5182572e-07 0.0048650545 0.001856929 4.9404395e-07 1.6831538e-07 5.6992158e-06 0.00026945642 3.0882666e-06 4.3142023e-07 1.9831167e-07 1.5081471e-06 1.3820959e-07 1.4604992e-06 2.823191e-07 4.107043e-06 1.2397004e-05 0.00012725223 2.0464139e-08
0.0016042618 0.28318918 0.097508 0.0006917343 0.247518 6.560881e-05 0.006699994 1.3823244e-12 0.4126515 0.00060083193 0.0011759719 0.9775817 0.33584762 0.0016332268 0.0060259076 0.93115926 0.032428123 0.62225986 0.00052654423 0.002796375 0.0075261956 0.036194354 0.00019730348 0.10928651 0.00037621768 0.00038468663 6.77574e-05 8.4629726e-05 0.0013048144 9.87226e-06 3.1683863e-05 5.445781e-06 1.8632102e-06 5.504643e-06 2.0157244e-05 6.415074e-05 8.332684e-06 0.0020970744 5.005016e-05 3.9363235e-07 1.2335473e-06 1.7996523e-05 0.0015656906 2.4998994e-07 2.1066217e-06 4.685095e-05 3.3601139e-06 2.357334e-06 8.780261e-06 1.1676875e-06 3.6213484e-07 1.4554214e-06 5.823926e-07 5.5763007e-06 3.057734e-07 3.5684377e-06 3.0765833e-07 1.2335336e-07 5.0920647e-08 7.864392e-08 0.0008495606 7.782839e-05 2.6214315e-07 2.3681048e-06 3.502505e-05 1.5977977e-07 4.1925688e-07 0.00021281978 6.427873e-05 2.9840032e-07 1.3315997e-07 6.9536914e-06 1.4704254e-05 3.5972246e-08 8.009014e-05 9.370512e-08 2.1561067e-07 1.6214943e-07 5.4958433e-09 7.6760006e-07 8.345341e-07 2.518514e-07 2.7423863e-07 6.7205997e-07 2.646931e-06 0.0007204144 1.8830349e-08 1.0467353e-06 4.27847e-05 6.179913e-06 8.1323907e-07 5.0061897e-09 2.5230696e-07 9.65797e-07 1.500861e-06 2.7152861e-08 2.4070639e-09 3.303071e-08 3.7783986e-05 1.924467e-05 6.837109e-08
0.25202766 0.43489763 0.6662985 0.0002520707 0.0010110044 2.9428259e-06 0.3500373 0.4126515 1.4879458e-14 0.00055472273 0.09440655 0.7107761 0.99058896 0.56576914 0.7227544 0.20044939 0.89224225 0.083159015 0.47685096 0.42390245 0.5628125 0.44916877 0.051024973 0.019509336 0.21536252 0.110491134 0.034525022 0.007699359 0.0011234742 0.0054663215 0.0008433228 0.025562141 0.0004197754 0.00013894775 0.005189141 0.03458593 0.0044963965 0.00078989245 0.0030654 0.003896548 0.0010775909 0.0057522673 8.168411e-05 1.945437e-05 0.00045437357 0.0001388892 0.0002562418 6.084215e-05 0.00072391337 7.169545e-05 6.638997e-05 2.6070365e-05 1.7484388e-06 9.2161026e-05 1.4004321e-05 7.022266e-06 3.3000229e-06 1.0442392e-05 2.3856082e-06 1.5509592e-07 5.7420068e-05 4.4905355e-06 1.12015435e-07 7.0708597e-06 4.6223518e-06 3.2501625e-08 8.3800325e-07 6.971331e-05 5.4537304e-07 3.2346181e-06 6.9137616e-07 2.4090252e-07 2.2528554e-06 7.774771e-08 0.0004213159 2.5288644e-08 4.1193246e-08 1.4519826e-07 1.4317171e-09 1.4204177e-06 3.7652025e-08 2.4777842e-06 9.0889515e-08 1.6862119e-06 0.00027464813 0.0010869907 1.9143754e-07 4.1477762e-07 5.093524e-07 0.00011730842 5.700164e-07 3.750044e-08 5.4511535e-08 8.112855e-07 6.2197984e-08 3.5182154e-07 2.3770386e-07 2.390686e-07 1.233275e-05 4.9471677e-05 4.87153e-08
0.10957091 0.06139703 0.035668332 0.49438864 0.003355842 0.9657332 0.28198996 0.00060083193 0.00055472273 2.4699767e-16 0.8612863 0.00049895514 4.7556765e-05 0.0038650956 0.00029113522 6.899884e-05 1.950587e-05 2.0407817e-06 0.0005937706 2.2281944e-05 1.2301192e-06 2.3366704e-06 0.011624116 1.0125202e-06 1.3148266e-05 1.6611086e-06 0.0008635683 1.1755064e-06 5.4574764e-07 9.959749e-07 0.97760314 0.0005981848 3.3374087e-07 1.97983e-06 0.11303317 0.000118440534 1.1567865e-06 1.1946901e-06 0.37938327 7.624936e-05 1.2127395e-05 0.0029658603 1.8673284e-06 9.3873666e-07 0.008095463 1.3767679e-07 1.0120688e-05 1.4001615e-06 0.0013032238 0.007283954 3.0657666e-05 2.3214423e-06 7.5252933e-07 0.00056035165 2.190871e-05 6.0148807e-07 2.7221168e-07 3.4808254e-06 1.7851345e-07 2.9842823e-07 1.1304429e-05 2.7305655e-06 1.05960865e-07 1.7693957e-05 7.1424492e-06 3.4444793e-07 3.8322723e-06 3.0502301e-06 5.593376e-06 6.3750474e-07 8.193599e-08 2.1672938e-06 1.245506e-05 1.2384626e-08 0.022161316 1.0897905e-07 5.87911e-09 2.6604238e-07 6.5219924e-10 1.8762579e-07 9.325277e-08 4.5188802e-08 1.3523979e-07 6.325572e-08 0.005793531 0.001250329 1.1738775e-08 2.1927458e-07 8.2550474e-07 7.5444865e-07 3.0412952e-08 3.3280232e-09 5.017376e-08 8.433234e-09 6.64861e-10 2.272447e-09 1.9841402e-09 7.633698e-10 9.535624e-09 1.6506372e-06 2.2236598e-11
0.6545692 0.13899522 0.53046435 0.0102870595 0.0016909845 0.016992524 0.9812684 0.0011759719 0.09440655 0.8612863 5.6391637e-16 0.0016213383 0.0007525829 0.1952409 0.022205627 0.0001089419 0.006618919 2.2523924e-05 0.050644893 0.00094094215 0.00010504032 4.4327055e-05 0.49422026 8.546851e-06 0.00051167357 6.000305e-05 0.12609316 1.277752e-05 2.7563485e-05 3.5401006e-06 0.62977576 0.11843667 7.1596315e-07 3.1896159e-06 0.8472937 0.03146369 1.8215746e-05 1.5419011e-05 0.8925851 0.024931353 6.0852366e-05 0.087883264 6.2338318e-06 5.0445976e-07 0.21138774 4.1043785e-07 0.00013797604 2.1388465e-05 0.07297659 0.10604503 0.011476613 5.9540275e-06 1.4152288e-07 0.038501643 0.0069110603 3.544509e-08 9.982842e-06 0.0009905382 0.00010094869 3.929585e-08 1.5732197e-05 3.3236163e-06 3.1134945e-08 3.4699078e-06 1.7633885e-05 1.2104938e-06 2.3397821e-07 1.3756865e-05 5.892265e-06 8.744661e-08 1.5156236e-07 5.283082e-06 2.8231992e-05 5.843518e-08 0.04139764 1.694994e-08 1.6123279e-06 1.744662e-07 8.437204e-10 0.0011263477 4.286084e-08 0.0014633294 1.6480473e-07 1.1322666e-08 0.02976787 0.008040944 1.0084581e-08 9.104289e-08 4.49458e-06 0.00063204585 6.1543697e-06 2.8542436e-08 1.4566891e-06 2.3496996e-07 8.359411e-08 1.7986421e-08 3.233252e-08 1.3784924e-06 2.6424479e-05 0.00024528205 5.7464375e-09
0.005962665 0.011199857 0.0101399785 3.824859e-05 0.0014091779 1.46358825e-05 0.014063479 0.9775817 0.7107761 0.00049895514 0.0016213383 3.603608e-17 0.8250896 0.04316022 0.0635305 0.90663195 0.11391131 0.588016 0.029541172 0.06821799 0.12139854 0.50135684 0.0029315487 0.29310763 0.024286307 0.018805029 0.0025181554 0.048556656 0.024536734 0.0025642219 0.00028335908 0.001319511 0.00018274983 0.00046107708 0.0002767312 0.0016096748 0.00094347924 0.0049554366 0.00020509431 0.000206653 0.00027994436 0.0001936117 0.0020623896 4.0063387e-05 1.5071457e-05 6.2592124e-05 8.581518e-05 7.655721e-05 1.7283022e-05 3.7632103e-06 4.342422e-06 1.2703149e-05 6.007465e-06 3.3747326e-06 2.4342662e-06 9.972252e-06 1.06905e-06 4.0411915e-06 4.3133053e-07 2.9151232e-07 0.00070881465 2.9803416e-06 3.3849642e-07 6.084038e-06 9.768502e-06 2.372474e-08 7.4297725e-07 7.077211e-05 3.6565534e-06 4.1622397e-07 2.3915036e-06 2.0917324e-07 1.3392532e-06 4.751256e-07 0.00017186844 1.0912777e-07 4.4697603e-07 1.0276311e-07 5.676468e-09 5.3060057e-06 1.5356868e-08 1.9324627e-06 7.735971e-08 3.7316784e-08 6.573801e-05 0.0032720936 9.3542425e-08 2.0039602e-06 3.4350907e-07 4.8423884e-05 1.1323251e-06 6.909725e-08 8.0065385e-09 1.773137e-07 1.1578835e-06 4.2809123e-08 3.982858e-08 6.8746346e-07 2.4869041e-05 5.5245833e-05 3.6213655e-07
0.084330656 0.017058812 0.0883517 2.7014316e-06 9.337759e-05 8.108206e-07 0.004382578 0.33584762 0.99058896 4.7556765e-05 0.0007525829 0.8250896 1.741669e-15 0.044394687 0.15150826 0.4812037 0.5328956 0.64820236 0.065714665 0.2579484 0.5441114 0.8198187 0.0044354927 0.32197672 0.13052319 0.09329993 0.00944207 0.17726204 0.056082264 0.031560116 5.6266737e-05 0.0067022145 0.0019343925 0.0010318254 0.0003844092 0.01920915 0.008629998 0.011833768 0.00033331645 0.0015697257 0.0029868835 0.00061166176 0.00057057344 0.0004023216 5.8173096e-05 0.0016443542 0.0007730116 0.00044016616 0.00017181599 2.2069595e-05 2.7002505e-05 0.00044944623 8.370114e-05 7.853268e-05 9.565267e-06 0.00010270811 4.533064e-06 2.0678006e-05 3.186463e-06 1.3730408e-06 0.00039407014 1.4820909e-05 1.1095073e-06 6.951819e-05 3.4463294e-05 5.909025e-07 2.4810686e-06 5.1097653e-05 3.5696291e-06 4.2181136e-06 4.1997526e-05 3.1155826e-06 3.8077876e-06 1.822419e-05 1.3656188e-05 8.9670394e-08 7.0889706e-07 1.2266266e-07 2.9266753e-09 9.419562e-07 1.5931904e-07 7.0591495e-06 1.5475683e-07 2.2079225e-06 5.787649e-05 0.00033106277 3.5521248e-07 2.1195026e-06 4.785597e-06 2.9798346e-05 1.3138183e-06 5.471497e-08 1.2758711e-08 9.0382355e-07 3.4740847e-07 1.1068684e-06 4.5750025e-07 9.826427e-07 7.834247e-06 1.5256562e-05 5.7505197e-08
0.56944513 0.2457515 0.72038704 0.00026575648 6.0302333e-05 2.5246753e-05 0.8756838 0.0016332268 0.56576914 0.0038650956 0.1952409 0.04316022 0.044394687 2.8390795e-15 0.95884854 0.000965239 0.52944815 0.00023709792 0.9582232 0.12550902 0.015496436 0.001283688 0.8763112 3.0623392e-05 0.074023806 0.006366721 0.40503854 6.3040636e-05 0.00019721582 0.00014267674 0.012215253 0.14845271 2.1078788e-05 4.8887625e-05 0.12289508 0.089669295 0.0004803922 3.4431003e-05 0.06031401 0.033640176 0.0003720251 0.14113405 2.9239443e-05 1.5963973e-06 0.074316554 2.9873265e-05 0.00031973058 7.309663e-05 0.055278398 0.018584598 0.005806831 3.564093e-05 6.513046e-07 0.00940757 0.0014361904 1.3658911e-05 1.6069362e-05 0.0002337016 1.6961996e-05 6.5641035e-07 8.984292e-05 7.830804e-06 6.295469e-08 6.0702536e-05 5.2753535e-06 1.2948496e-07 4.7019093e-06 3.4746583e-05 6.7005335e-06 1.2889365e-06 2.4672215e-07 6.218833e-06 7.844356e-06 1.6521624e-07 0.0049188193 5.2960914e-08 8.266116e-07 1.5412285e-06 1.8831425e-08 6.1581386e-06 1.3673545e-07 5.4493423e-05 1.3211837e-06 4.1764447e-06 0.0017442155 0.0013726762 2.5045935e-07 4.3056076e-07 2.3584954e-07 5.7142886e-05 8.416379e-07 9.97343e-08 1.6887723e-08 1.272279e-05 1.008149e-07 3.8701074e-07 2.8464817e-07 4.968553e-07 1.0267124e-05 0.00012391989 3.5030542e-08
0.2208615 0.054636348 0.38268822 5.6325036e-05 3.7935813e-05 7.8429224e-07 0.35154006 0.0060259076 0.7227544 0.00029113522 0.022205627 0.0635305 0.15150826 0.95884854 2.1948908e-16 0.00309761 0.9746005 0.0015756112 0.8288761 0.46199104 0.28372803 0.016013883 0.29828557 0.00027318657 0.14873175 0.03144979 0.24048421 0.00022977295 0.00089045503 0.00043734387 0.0018788403 0.10794136 3.1922922e-05 6.576153e-05 0.04435092 0.10248087 0.0011734128 4.817005e-05 0.009202057 0.033274904 0.00070025417 0.071697816 1.0916961e-05 3.0272088e-06 0.02013095 0.00011942299 0.00037696812 0.00010110631 0.020030744 0.0036704522 0.0019676478 3.895168e-05 1.1398421e-06 0.0027541968 0.00062527246 2.8105196e-05 3.991896e-05 0.000255319 1.2395113e-05 5.1477593e-07 6.172459e-05 1.6999827e-05 9.1379526e-08 6.528282e-05 1.740129e-05 2.3173534e-07 2.8161496e-06 4.922366e-05 6.082588e-06 1.7721879e-06 4.750223e-07 1.0558201e-05 1.8664248e-05 3.0528275e-07 0.0015507397 1.14372774e-07 6.3102766e-07 8.147024e-07 8.7994865e-09 2.1382122e-05 2.9448935e-07 5.5453176e-05 2.2231566e-06 1.14168015e-05 0.0005083244 0.0017148623 5.882582e-07 1.8019696e-06 1.5737442e-06 0.00020860122 2.5325862e-06 7.7505625e-08 1.2289989e-07 3.2192402e-06 9.994149e-08 5.171304e-07 3.7879988e-07 7.6244623e-07 3.199778e-05 0.00022184147 2.343479e-08
0.0003824416 0.0010943831 0.0020713198 3.6392146e-06 0.00024470052 1.995278e-06 0.00030522438 0.93115926 0.20044939 6.899884e-05 0.0001089419 0.90663195 0.4812037 0.000965239 0.00309761 1.3447592e-15 0.012163193 0.95495343 0.0006999571 0.0045027793 0.020586872 0.21704371 0.00014589596 0.45524976 0.0008145009 0.0010218746 0.00012711203 0.006720357 0.030094804 0.00016655805 1.8010978e-05 5.1654337e-05 2.9194414e-05 9.231374e-05 5.866394e-06 0.00015893944 0.00016051126 0.007502464 3.3099503e-05 1.2558277e-05 4.1867475e-05 4.7305533e-05 0.0028427353 9.12752e-06 9.285857e-06 0.00012185752 7.006984e-05 4.0805324e-05 3.938794e-05 1.2002864e-05 3.997189e-06 7.747711e-06 4.296803e-06 1.1966416e-05 2.0514985e-06 1.9805031e-05 1.6543911e-06 5.730264e-06 1.0531555e-06 8.1051223e-07 0.0009206542 4.189783e-05 6.380576e-07 3.6955917e-05 0.00016559161 1.1317459e-07 2.4366564e-06 0.00035869103 8.807085e-05 2.4368933e-06 7.6990204e-07 8.743003e-06 3.3388133e-05 4.3235144e-07 6.750959e-05 2.9217156e-06 2.7178767e-06 3.1779168e-06 3.1130241e-07 2.5050284e-05 1.4597402e-06 2.4975547e-05 9.853933e-07 3.964135e-06 4.0291307e-06 0.00097152725 1.0946715e-07 4.3484244e-05 3.055624e-05 0.00017470254 3.054196e-05 1.812171e-07 2.5246464e-07 7.3375077e-07 5.478434e-05 2.2084163e-07 9.395799e-08 2.7710423e-05 0.0003882816 0.00032457616 1.0720849e-05
0.32203224 0.01668879 0.1325429 4.346959e-06 1.00125135e-05 4.7999574e-08 0.047813214 0.032428123 0.89224225 1.950587e-05 0.006618919 0.11391131 0.5328956 0.52944815 0.9746005 0.012163193 1.2771904e-16 0.013064561 0.7760768 0.84941214 0.8533609 0.15389135 0.112857476 0.0037551015 0.38146815 0.22317314 0.1373953 0.004419728 0.003360975 0.0066921655 0.00039260156 0.08735866 0.00028165826 0.00022717594 0.020790134 0.1454355 0.009442538 0.0014231494 0.005513749 0.03235886 0.0048700026 0.04905467 8.146512e-05 0.00010373156 0.014969275 0.0014814642 0.0024684174 0.0010662714 0.011312988 0.0052053635 0.001891084 0.0004083421 1.0031046e-05 0.0030199313 0.0008291651 0.00054601213 0.00013516043 0.0015482261 4.810156e-05 1.4717798e-06 9.2926566e-05 3.2104796e-05 2.3464515e-06 6.031648e-05 2.2530066e-05 9.583222e-07 7.0553065e-06 0.00032759103 6.269359e-06 3.3949138e-06 5.301645e-06 1.4391369e-05 4.0930317e-05 3.8809867e-06 0.00048393954 2.1939759e-07 4.6971004e-06 7.051199e-07 4.3904123e-08 1.7538237e-05 5.020962e-06 4.3328557e-05 7.0575534e-06 9.322254e-06 0.00033133183 0.0024806203 1.8128686e-06 2.0162424e-06 8.2192855e-06 0.00013291316 8.387697e-06 3.4620294e-07 1.7838726e-08 7.4876207e-06 1.4327778e-06 2.0673995e-06 8.837997e-07 2.7703643e-06 7.0445654e-05 0.00016625256 2.7214367e-07
0.00013799564 3.9557155e-05 0.00015289066 1.4050086e-07 3.4116667e-05 2.4707865e-07 4.2004413e-05 0.62225986 0.083159015 2.0407817e-06 2.2523924e-05 0.588016 0.64820236 0.00023709792 0.0015756112 0.95495343 0.013064561 1.3228145e-16 0.00076045335 0.010194276 0.06664488 0.5905661 4.552631e-05 0.97557443 0.0028914106 0.005150001 9.92922e-05 0.08817907 0.22262323 0.0032134035 1.3550393e-05 3.5771725e-05 0.000615099 0.0011668316 2.6388368e-05 0.0003085529 0.0010515299 0.037342243 6.190929e-05 1.8620458e-05 0.00040214614 6.7884816e-05 0.020644454 9.627852e-05 6.845134e-06 0.00024103455 8.681159e-05 3.3302396e-05 3.152662e-05 8.313856e-06 5.9566573e-06 2.7642009e-05 1.6773323e-05 1.8583789e-05 1.9188362e-06 9.520523e-05 2.645041e-06 1.810931e-05 2.9883477e-06 3.6140775e-06 0.0005309321 7.1054325e-05 5.3388053e-06 4.1520194e-05 0.00012473145 7.382141e-07 4.0436338e-05 0.00029234245 3.6559486e-05 5.3686945e-06 6.1299897e-06 7.0113388e-06 9.172079e-05 6.1976716e-06 0.00019319302 6.640279e-06 7.173714e-06 1.0359739e-06 2.044667e-07 0.00028988658 1.4722566e-05 9.119337e-05 2.3144546e-06 1.6093599e-06 4.526403e-06 0.003230389 1.8193357e-06 2.1012132e-05 0.00019011096 0.000912092 0.00022314025 1.453801e-06 1.5786935e-07 1.3578483e-06 0.000114778115 2.1181022e-06 5.374137e-07 4.3074233e-05 0.0006908417 0.0003173526 3.6831643e-05
0.6262983 0.031747136 0.25214273 9.4009365e-06 6.918244e-06 1.583898e-05 0.39951354 0.00052654423 0.47685096 0.0005937706 0.050644893 0.029541172 0.065714665 0.9582232 0.8288761 0.0006999571 0.7760768 0.00076045335 1.1400995e-14 0.75951266 0.41008213 0.022890527 0.9186506 0.00043895867 0.62530524 0.17857853 0.8321916 0.0018774683 0.0029304319 0.0012822553 0.009174446 0.29500857 0.0001446804 0.00048511714 0.082811505 0.3216923 0.001810309 0.00017637947 0.036943402 0.068867564 0.00304681 0.19464423 0.00022898761 5.2111223e-05 0.063772336 9.6249605e-05 0.002071137 0.00075168017 0.10236118 0.02090235 0.016053127 0.00021255834 2.7318278e-05 0.015956922 0.0030655873 2.9908584e-05 8.544793e-05 0.0023570715 0.00011760638 8.127023e-06 0.0021532928 7.420172e-05 2.7542958e-07 0.0004790997 0.00036471695 4.152045e-06 4.2118995e-06 0.00035524942 8.416925e-05 3.245933e-05 6.361022e-06 7.577931e-05 0.00016296482 2.5908107e-06 0.0040331986 3.0664116e-06 8.014105e-06 1.6650214e-06 1.7570537e-08 0.00042092171 1.9844838e-06 0.00018741953 8.164022e-06 7.4551867e-06 0.0016929136 0.0014454855 3.2409018e-06 3.5672674e-06 7.4630865e-05 0.00016344152 5.668498e-06 1.2399482e-06 6.987041e-08 1.0816805e-06 4.6955283e-06 4.3222635e-06 8.815639e-07 3.4860145e-06 9.505368e-06 0.00021763865 4.0995118e-07
0.40916538 0.0016141281 0.03324655 7.123011e-07 5.2926254e-07 1.9368445e-08 0.004567997 0.002796375 0.42390245 2.2281944e-05 0.00094094215 0.06821799 0.2579484 0.12550902 0.46199104 0.0045027793 0.84941214 0.010194276 0.75951266 3.4469132e-17 0.9794672 0.2505998 0.06172031 0.024133036 0.8526113 0.72299904 0.15245743 0.052388303 0.041692253 0.121227376 0.00041489597 0.094260685 0.0010491459 0.0006774079 0.011965168 0.30948415 0.05890152 0.0028599864 0.0018756776 0.053853285 0.021161787 0.05108558 0.0003709069 6.5786866e-05 0.011982458 0.0014295323 0.0061758533 0.001772631 0.019933168 0.0039563384 0.009187571 0.0005778089 2.630169e-05 0.0036346698 0.001424452 0.00028418397 0.00032781978 0.0042729923 0.00012044564 3.1605864e-06 0.00027143827 3.577002e-05 4.196453e-07 4.1526095e-05 5.2390325e-05 1.141341e-06 3.517704e-06 3.9573868e-05 1.6164626e-05 7.45153e-07 1.6538468e-06 3.7715297e-05 7.973047e-06 4.064042e-07 0.0006211169 2.4443005e-07 1.1736134e-06 2.6163693e-07 2.2945856e-09 7.161318e-05 1.0199719e-06 4.7492536e-05 5.109426e-06 3.0234985e-06 0.00024370306 0.00057697744 2.3127656e-07 4.1995736e-06 1.9182555e-05 4.4704633e-05 6.32395e-06 7.327037e-08 8.47038e-08 1.9658421e-07 7.382078e-07 3.4505555e-07 1.12533456e-07 9.643584e-07 1.432907e-05 4.4622895e-05 4.554661e-08
0.72723424 0.0005245704 0.010035286 6.073319e-08 1.2302888e-07 9.8401935e-09 0.0008159458 0.0075261956 0.5628125 1.2301192e-06 0.00010504032 0.12139854 0.5441114 0.015496436 0.28372803 0.020586872 0.8533609 0.06664488 0.41008213 0.9794672 1.7540098e-16 0.5796412 0.012210198 0.110385306 0.82672733 0.7711486 0.036310475 0.34415933 0.1477131 0.36728597 1.4243496e-05 0.031474266 0.015812363 0.0065007997 0.00084865163 0.24359381 0.16380812 0.013232026 0.00025926152 0.04080625 0.038279038 0.018873755 0.0010393823 0.00052184035 0.0020896879 0.01709856 0.015073355 0.008923653 0.005790647 0.0017408975 0.005409478 0.004165681 9.6266216e-05 0.0014180607 0.0014667755 0.00086256076 0.00069884415 0.006011068 0.0002326409 7.852297e-06 0.0024264706 0.0002135904 3.5482974e-06 5.9598024e-05 0.0006149788 3.2711741e-06 7.793582e-06 0.0008682977 1.6717859e-05 4.0225696e-06 9.306257e-06 2.459143e-05 3.246069e-05 9.656575e-06 0.0001369898 7.4759583e-07 6.7699552e-06 5.6593336e-07 4.2440185e-08 1.9913421e-05 8.464051e-06 3.30427e-05 1.860317e-05 5.0117337e-06 0.00031237886 0.0023295053 8.889019e-07 2.0916814e-06 9.259223e-06 9.815788e-05 1.4582202e-05 3.6274665e-07 8.261722e-08 3.8804724e-06 4.8216684e-06 2.3631324e-06 7.7472924e-07 5.7097586e-06 6.726846e-05 6.657441e-05 8.1627877e-07
0.27236667 2.5589072e-05 0.00047978596 9.384369e-09 6.262938e-07 4.730878e-09 0.0001473173 0.036194354 0.44916877 2.3366704e-06 4.4327055e-05 0.50135684 0.8198187 0.001283688 0.016013883 0.21704371 0.15389135 0.5905661 0.022890527 0.2505998 0.5796412 5.196649e-15 0.00048181447 0.7466331 0.28028324 0.27848223 0.0047768536 0.9816753 0.6537441 0.41359824 5.141251e-06 0.006497122 0.09942645 0.1706053 5.338523e-05 0.042260557 0.11626068 0.12833814 5.5677116e-05 0.0046322504 0.037860144 0.0012031614 0.015115246 0.0040881983 4.0345505e-05 0.050470065 0.023131715 0.010971184 0.00033511792 4.9318962e-05 0.00016961664 0.004937195 0.0005822624 0.00010390879 3.212602e-05 0.0014306841 6.330699e-05 0.00050547783 3.98473e-05 2.2456705e-05 0.0065951045 0.00040244535 2.583042e-06 8.9459296e-05 0.000582233 6.480864e-07 6.174834e-06 0.00012373246 5.6257527e-06 2.2973634e-06 4.2779884e-05 3.8348758e-06 1.7695424e-05 1.7947144e-05 2.2508355e-05 3.377786e-07 2.1214844e-06 1.6041311e-07 5.116391e-09 3.9409038e-06 1.0505476e-06 7.2400308e-06 9.259748e-07 2.2279405e-06 0.00018495994 0.0014348339 3.8859883e-07 7.48267e-07 8.719538e-06 8.133028e-05 6.3448756e-06 2.395433e-07 3.2875338e-08 6.9692665e-06 8.206393e-06 1.918174e-06 1.1342358e-06 3.7626467e-06 3.084886e-05 6.1522136e-05 2.5295725e-07
0.7529748 0.058521304 0.33279383 0.0003424616 3.0110632e-05 0.00012798612 0.83679646 0.00019730348 0.051024973 0.011624116 0.49422026 0.0029315487 0.0044354927 0.8763112 0.29828557 0.00014589596 0.112857476 4.552631e-05 0.9186506 0.06172031 0.012210198 0.00048181447 5.6518947e-15 6.048857e-06 0.04662366 0.008487339 0.97977567 8.15787e-05 2.1153619e-05 0.00014786709 0.06715965 0.48562694 2.231346e-05 2.5935684e-05 0.6844362 0.14285548 0.0001904338 3.2756117e-05 0.2967907 0.077436954 0.00047847937 0.32352012 4.8158045e-06 4.0857053e-06 0.28614986 1.2005681e-05 0.0011848776 0.00022895989 0.22677284 0.09689194 0.020757208 4.5000936e-05 2.3238988e-06 0.05882983 0.009294346 2.0075947e-06 3.556138e-05 0.0013077705 0.0001880318 9.251547e-07 0.0008424976 0.000111391346 3.111626e-07 4.413294e-05 7.576927e-05 1.543796e-07 9.8520595e-06 0.00020451791 2.6262136e-05 3.2340783e-06 7.73627e-07 1.773494e-05 6.530692e-05 1.7679433e-07 0.013728329 1.9206605e-07 1.8115895e-06 9.499064e-07 5.1074505e-09 0.0003062887 4.986739e-07 0.00018738287 1.364686e-06 1.1752912e-06 0.007437806 0.009710391 7.004284e-07 2.985061e-06 2.2462668e-06 0.00033314677 2.2051952e-06 3.8137094e-07 5.349368e-07 4.0159665e-07 4.1226434e-07 2.3417033e-06 2.7432009e-06 1.6279625e-06 8.541432e-06 0.00017862306 5.9598135e-09
0.008996442 2.751554e-06 3.225234e-05 3.7025178e-08 1.1926756e-05 2.1077366e-08 1.1901975e-05 0.10928651 0.019509336 1.0125202e-06 8.546851e-06 0.29310763 0.32197672 3.0623392e-05 0.00027318657 0.45524976 0.0037551015 0.97557443 0.00043895867 0.024133036 0.110385306 0.7466331 6.048857e-06 2.1157857e-18 0.020572215 0.0414442 6.239438e-05 0.5932881 0.971766 0.11616033 1.0290728e-05 3.5905156e-05 0.071737744 0.12280653 4.8180923e-06 0.0008366435 0.02864323 0.66407794 2.6216967e-05 4.6484667e-05 0.0048323483 3.736477e-05 0.45696753 0.0036008167 3.1974737e-06 0.001647749 0.00065744785 0.00014423185 3.40665e-05 7.3864267e-06 6.7451056e-06 3.2103508e-05 0.0012075929 8.788522e-06 4.2039856e-06 0.00027775206 7.3031715e-06 1.1050948e-05 2.711831e-06 2.2812239e-05 0.015405968 0.0011615682 2.067287e-06 0.00014972514 0.0028105385 5.895882e-07 5.4107473e-05 0.0005267175 0.0002481987 2.9865698e-06 2.9453318e-05 8.993036e-05 0.00041263824 1.7651973e-05 0.00020629386 1.0183819e-06 2.5105755e-06 1.5558331e-07 2.5987491e-08 6.374124e-05 1.0788248e-06 1.7456256e-05 4.319175e-07 7.6643033e-07 1.5678337e-05 0.00294349 2.5126917e-07 6.2959016e-06 0.0012284277 0.00031053816 6.966821e-06 1.2704541e-07 1.419939e-07 7.1280156e-06 6.5199342e-06 8.488621e-07 2.5125491e-06 2.4376836e-06 0.00017445264 0.00036691516 1.313775e-05
0.71459854 0.00045128516 0.008096879 5.224812e-07 7.9042884e-08 9.460136e-09 0.0013653351 0.00037621768 0.21536252 1.3148266e-05 0.00051167357 0.024286307 0.13052319 0.074023806 0.14873175 0.0008145009 0.38146815 0.0028914106 0.62530524 0.8526113 0.82672733 0.28028324 0.04662366 0.020572215 6.204021e-18 0.9874403 0.21935853 0.17152865 0.10444459 0.56496596 0.00024765887 0.13738461 0.02210863 0.0053781318 0.00634855 0.57038677 0.4380952 0.002601115 0.0011575045 0.13359104 0.19844024 0.081446886 0.00034982088 0.00019478421 0.018467179 0.0060795466 0.038564935 0.0061336136 0.04180295 0.011272675 0.058442295 0.0012975135 6.776961e-05 0.019062396 0.025324639 6.543815e-05 0.0035830403 0.03338394 0.0024494873 2.8378013e-06 0.0011122412 9.4681156e-05 4.1937742e-08 1.8631328e-05 0.00015061507 3.6288523e-06 7.4376567e-07 3.7166497e-05 1.4982649e-05 4.0683736e-07 1.5484902e-06 2.7558779e-05 1.1792405e-05 4.8300274e-07 0.001972051 1.5349673e-07 1.0675909e-06 7.9251514e-08 1.6224533e-09 0.00094594114 2.0479025e-07 0.00031947548 1.2143256e-06 8.8922735e-07 0.0012221184 0.0012723574 1.4132637e-07 1.0566013e-06 1.2543364e-05 0.00016338714 6.216988e-06 2.7173739e-08 3.8145586e-08 5.0385704e-08 2.7871056e-07 1.5746082e-07 4.0406128e-08 1.6001576e-06 1.977887e-05 0.000120435194 1.4342023e-08
0.737133 8.014645e-05 0.00094212743 3.1160848e-08 5.940044e-09 2.9466827e-09 0.0001918743 0.00038468663 0.110491134 1.6611086e-06 6.000305e-05 0.018805029 0.09329993 0.006366721 0.03144979 0.0010218746 0.22317314 0.005150001 0.17857853 0.72299904 0.7711486 0.27848223 0.008487339 0.0414442 0.9874403 1.7476971e-17 0.054669943 0.2791637 0.22590932 0.73139334 2.919943e-05 0.07198986 0.116349146 0.033314098 0.0010257841 0.5878838 0.59432447 0.008171661 0.00031938078 0.098752804 0.26464853 0.059026327 0.00068057986 0.0011909441 0.0083046965 0.05553889 0.08818612 0.022328889 0.045481384 0.0066789417 0.08772987 0.0069885384 0.00036410286 0.011560119 0.020368423 0.0006757049 0.0105038285 0.06007314 0.0051187202 2.306101e-05 0.0028926823 0.00040139398 7.88271e-07 5.7836984e-05 0.0003648686 4.044158e-05 3.446607e-06 0.00018124416 1.621598e-05 2.0058208e-06 1.6165443e-05 8.626981e-06 1.736702e-05 9.052776e-06 0.00078702375 5.223502e-07 7.833367e-06 3.7398348e-07 1.3474651e-08 0.0009927875 3.6503966e-06 0.0004279966 9.376832e-06 1.7408237e-06 0.0009589965 0.0019502661 3.2218648e-07 1.8244334e-06 4.428782e-06 0.000295036 4.3224634e-05 1.4914944e-07 5.381432e-08 4.7816116e-07 2.662118e-06 4.8335573e-07 1.7235105e-07 1.4268851e-05 7.4239586e-05 0.0001250087 1.0310433e-07
0.7732783 0.013351725 0.06746005 2.2030967e-05 1.2742079e-06 7.304314e-06 0.30761492 6.77574e-05 0.034525022 0.0008635683 0.12609316 0.0025181554 0.00944207 0.40503854 0.24048421 0.00012711203 0.1373953 9.92922e-05 0.8321916 0.15245743 0.036310475 0.0047768536 0.97977567 6.239438e-05 0.21935853 0.054669943 3.2891443e-16 0.0008610173 0.00016790233 0.0010818038 0.010851149 0.9736099 0.00010872135 0.00019982924 0.27425507 0.47325927 0.0022544428 0.00013576644 0.079018645 0.2565581 0.009018231 0.38334107 6.7023425e-06 2.284764e-05 0.15945207 4.01886e-05 0.0032916248 0.0006398312 0.23947248 0.08048475 0.061559804 0.00011209842 1.9673558e-05 0.077889584 0.022209546 3.880835e-06 0.00026733632 0.011048431 0.00078100525 6.8394337e-07 0.0016802648 0.00021244689 9.901348e-08 3.1704993e-05 4.105287e-05 5.2700334e-06 1.044653e-06 7.2801515e-05 1.513398e-05 1.334672e-06 2.1541082e-06 7.0774704e-06 9.333366e-06 6.2473686e-07 0.011286262 2.1726461e-07 7.0424535e-06 2.714995e-07 4.7862962e-09 0.0040701926 7.2707144e-07 0.0014355975 3.976327e-06 3.5731646e-06 0.008713109 0.019360576 1.5152979e-06 6.1462487e-07 4.315377e-06 0.0017951039 2.2734464e-05 3.9454036e-07 1.7452793e-07 9.685106e-07 9.0703224e-07 1.0619472e-06 6.0070033e-07 1.0283507e-05 4.7666552e-05 0.0004296957 1.10018505e-07
0.45562142 4.596313e-07 3.7589634e-06 3.7081063e-09 8.14411e-09 2.2014884e-10 2.3981554e-05 8.4629726e-05 0.007699359 1.1755064e-06 1.277752e-05 0.048556656 0.17726204 6.3040636e-05 0.00022977295 0.006720357 0.004419728 0.08817907 0.0018774683 0.052388303 0.34415933 0.9816753 8.15787e-05 0.5932881 0.17152865 0.2791637 0.0008610173 1.4863673e-16 0.90232944 0.75337803 2.8518315e-07 0.0017243264 0.7134595 0.90315413 8.143983e-06 0.03947661 0.3521014 0.1839277 1.967882e-06 0.00428261 0.12139921 0.0006992215 0.030791705 0.117803656 8.215289e-06 0.33770517 0.11527747 0.05075337 0.00032665482 1.928237e-05 0.0007004832 0.024841145 0.008225994 7.013402e-05 0.00022963253 0.014744296 0.0010506562 0.003799099 0.00035409266 0.00019305672 0.01990407 0.0053028036 3.067197e-05 0.00027217704 0.011450883 3.3048827e-06 5.3013748e-05 0.00062997517 9.034271e-05 1.2461904e-05 3.054161e-05 2.9388533e-05 0.00030196604 1.6586337e-05 5.7034626e-06 6.9943314e-07 2.5301479e-06 5.743825e-07 1.4353682e-08 1.2718361e-05 2.933341e-06 6.634171e-06 3.211997e-06 2.7364154e-06 2.9818983e-05 0.0006150984 4.612266e-07 3.6837385e-08 6.7187125e-06 4.317812e-05 3.1911874e-05 2.891565e-08 6.9569315e-09 1.1140457e-05 8.893202e-06 6.678202e-07 7.31084e-07 4.9226646e-06 4.080198e-05 3.131829e-05 5.551238e-07
0.25727656 1.4565329e-07 2.6520058e-07 1.5342896e-09 1.2648641e-07 4.602289e-08 4.771026e-05 0.0013048144 0.0011234742 5.4574764e-07 2.7563485e-05 0.024536734 0.056082264 0.00019721582 0.00089045503 0.030094804 0.003360975 0.22262323 0.0029304319 0.041692253 0.1477131 0.6537441 2.1153619e-05 0.971766 0.10444459 0.22590932 0.00016790233 0.90232944 5.5888187e-15 0.66204333 2.7068305e-05 7.761574e-05 0.6776926 0.8232889 4.6568243e-06 0.0049362415 0.33403763 0.87960345 1.2247237e-05 0.00015989007 0.08856748 0.00016898745 0.6927774 0.47631603 5.5708733e-06 0.29745504 0.044221543 0.012344647 5.8423564e-05 1.697461e-06 6.57135e-05 0.007781637 0.41111496 7.1763757e-06 8.533608e-06 0.16671976 0.00012427113 0.00023032998 2.4277828e-05 0.012650198 0.26744312 0.05102983 8.638322e-05 0.04088137 0.18352115 4.2985243e-06 0.0020543837 0.13947344 0.007911522 0.0014480257 2.192313e-05 0.0025771195 0.031592276 6.365112e-06 0.00011388587 0.0003458774 6.276798e-07 2.9077215e-05 1.8584959e-07 9.121668e-05 4.311537e-05 3.354666e-05 1.2824049e-06 0.000395641 5.0578183e-06 0.0047566113 0.00013230763 0.00015381289 0.0009930641 0.00046526938 8.5598826e-05 6.792509e-07 2.7711852e-05 4.203106e-05 2.6583162e-05 3.229953e-05 9.271593e-06 3.4635204e-06 0.00038472225 0.00039209062 1.295571e-05
0.7798257 1.0567836e-06 3.3508644e-05 1.0705863e-08 9.47086e-09 7.922407e-10 4.15116e-05 9.87226e-06 0.0054663215 9.959749e-07 3.5401006e-06 0.0025642219 0.031560116 0.00014267674 0.00043734387 0.00016655805 0.0066921655 0.0032134035 0.0012822553 0.121227376 0.36728597 0.41359824 0.00014786709 0.11616033 0.56496596 0.73139334 0.0010818038 0.75337803 0.66204333 5.1470847e-17 1.8918477e-06 0.0023691733 0.971863 0.62301785 8.002281e-05 0.09922407 0.95136726 0.058539208 2.0507798e-05 0.0077947136 0.47578257 0.001852985 0.007249335 0.16480082 0.000105392224 0.58586776 0.30751467 0.15634835 0.00076652697 0.00019164332 0.007523529 0.06849295 0.018992275 0.000387954 0.0030022478 0.015066357 0.020793634 0.039536625 0.0071316203 0.000554274 0.018804805 0.0074674655 1.3222091e-05 0.0015926269 0.05120605 0.00043336456 4.7988116e-05 0.013409685 0.000188961 0.00011508117 9.495315e-05 7.291115e-05 0.0014649234 3.9475115e-05 0.00015239543 1.5682032e-05 8.058524e-05 3.5396854e-06 5.639552e-08 0.0009923257 1.5388398e-05 0.0004933451 3.6977774e-05 3.4345016e-05 0.00017348025 0.0012300595 1.5353545e-06 1.9295537e-07 1.134548e-05 0.00023830571 0.00020216819 1.6268335e-07 1.3279575e-07 2.284447e-06 2.5769734e-05 6.2130795e-07 3.882384e-07 1.8781127e-05 9.656174e-05 8.937709e-05 9.1698917e-07
