4.207876e-23 0.91886777 0.9196894 0.65935934 0.9570375 0.963314 0.9712652 0.86051446 0.82178617 0.8846751 0.8833591 0.93280053 0.34135205 0.4627739 0.88193965 0.8176587 0.49530762 0.9047817 0.66547304 0.9346987 0.8771304 0.9680289 0.93407273 0.8881378 0.4043966 0.9050134 0.70817614 0.64066887 0.24836019 0.05357922 0.8152839 0.08776966 0.03382428 0.9485747 0.93291044 0.9724174 0.14997949 0.87713444 0.9685767 0.8968504 0.85295665 0.913714 0.94003814 0.4625967 0.021940295 0.98564416 0.950453 0.3878855 0.03988662 0.047368437 0.09147229 0.8545235 0.65127516 0.24144973 0.6855102 0.17147163 0.99313396 0.6857392 0.9828245 0.6775755 0.0020283533 0.0019870528 0.98376966 0.64902145 0.0006344549 0.9715847 0.041912045 0.00077649276 0.005360941 0.0017373334 0.88912666 0.38747615 0.0006777029 0.93530035 0.0021071231 0.99991363 0.959911 0.0057322434 0.028927654 0.01437282 0.6913901 0.0145257395 0.00023025378 0.00945588 0.073746994 0.9985785 3.388537e-05 0.084105335 0.844649 0.97597617 0.003446836 0.0002694017 0.7420831 0.047171626 0.99892056 0.236892 0.99992824 0.14006615 0.11694735 0.99568003 0.00030836876
0.91886777 1.6737187e-17 0.8663596 0.96493083 0.60056 0.7055506 0.707393 0.67750746 0.77741253 0.064417966 0.008294513 0.0010335356 0.33414286 0.69052875 0.007840433 0.21761616 0.00022265878 0.0072128098 0.000103054546 0.00010718461 4.978293e-06 0.0001141315 0.049388606 3.9808783e-05 0.00015250315 0.12427736 0.2477051 1.1819303e-05 0.20761912 0.00023486008 0.0037551194 0.14053442 0.000105227016 0.02635496 1.0402563e-05 0.0070170653 1.3938008e-05 4.6015455e-05 0.00017038804 1.0506546e-06 3.7021422e-05 0.0029940845 0.0036512204 1.2313112e-05 0.06607515 0.00081406906 8.55794e-05 3.3926904e-06 0.44184503 7.639412e-07 0.00020848705 3.764321e-05 0.00023714564 1.3315732e-05 2.817527e-05 0.0024228022 0.014901896 1.28197025e-05 0.008136977 6.945732e-06 0.10185668 0.07426577 2.002074e-05 1.2071253e-06 0.048733175 3.334867e-05 4.37986e-07 0.088606365 0.17326257 4.761053e-05 0.0008269957 9.912171e-07 8.093165e-05 5.5712885e-06 0.0015119843 0.0035886227 0.00014884956 0.05313006 9.939338e-07 1.0466779e-05 3.671218e-06 4.556773e-06 3.4604927e-06 6.7456263e-06 1.4704555e-06 0.00026650188 5.941008e-05 8.818612e-06 6.8936056e-06 3.180825e-06 9.941428e-08 1.794651e-05 6.1609164e-08 5.0523518e-06 8.451391e-05 5.2781437e-05 0.00072970206 5.12638e-07 1.7079434e-07 5.233659e-07 8.1834405e-06
0.9196894 0.8663596 1.6072565e-16 0.75774896 0.9120362 0.96796113 0.52902824 0.38516334 0.7980733 0.49272227 0.0098012015 0.04405201 0.32792044 0.4681569 0.1504617 0.03317466 0.0006362051 0.09579676 0.00013934507 0.00017222973 0.00085013034 0.0054514585 0.26349798 0.0010660385 0.003149011 0.1655762 0.29431295 0.0002923037 0.14563113 0.001106405 0.0052773915 0.08843925 0.00024108721 0.06322729 3.4880013e-05 0.016973075 0.00013364031 0.0002018586 0.0005446062 3.5786637e-05 0.00062297727 0.02278433 0.027527131 6.0844297e-05 0.004885682 0.0019422525 0.0019680513 3.0944432e-06 0.14069843 7.2659213e-06 2.8829894e-05 5.366281e-05 7.5165e-05 2.257853e-05 1.831844e-05 0.0017882187 0.049792632 5.1833016e-05 0.021044591 1.2394144e-05 0.039471775 0.01569363 0.00012907323 1.6267086e-06 0.011067333 7.721728e-05 1.0846213e-06 0.025602937 0.09625875 9.131594e-06 0.0048337383 8.552689e-06 5.3699976e-05 0.00037872768 0.00064683176 0.0068245106 0.0025644896 0.02817563 3.58985e-06 1.8253795e-05 8.1450504e-05 5.166505e-06 1.6593749e-06 6.696624e-06 2.9394125e-06 0.0016979631 5.2923227e-05 8.630664e-05 9.464523e-05 4.505257e-06 9.178759e-08 1.603981e-05 1.659135e-07 7.7246517e-07 0.00039857996 1.4229348e-05 0.0015780523 5.6101055e-07 4.750803e-07 1.6137163e-05 4.552538e-06
0.65935934 0.96493083 0.75774896 7.8153844e-17 0.37588772 0.55248624 0.58085006 0.8738772 0.7960146 0.019988606 0.00667395 0.0009925041 0.49814865 0.92589444 0.005090184 0.16382143 0.00037095658 0.0047788788 0.00054202916 0.000327576 1.2863656e-05 0.00015204732 0.015932923 5.53776e-05 0.00018611485 0.061659053 0.15379511 1.1303048e-05 0.17979948 0.0003003892 0.003379127 0.07169644 0.00013549352 0.008411975 6.034346e-05 0.0046037803 1.2777081e-05 0.00020871047 0.00045640473 1.8536449e-06 3.0437806e-05 0.0022226195 0.0025249417 4.186436e-05 0.103221156 0.0011635413 9.767371e-05 6.0097345e-06 0.40063372 2.281931e-07 0.0008784889 0.00014662043 0.0001502812 3.3064323e-05 5.462522e-05 0.001160911 0.0055985725 1.1509593e-05 0.0037904351 2.6577434e-05 0.08686396 0.06748329 0.00017804769 7.3893016e-06 0.04871279 0.00018973007 8.121699e-08 0.07074124 0.10547293 6.4783366e-05 0.0002800947 3.831127e-07 0.00020130262 3.4726093e-06 0.007642838 0.0027182426 0.00015304558 0.045092545 7.17094e-07 4.3896553e-06 9.768926e-07 2.201008e-06 1.9241468e-06 2.393078e-06 1.7354287e-07 0.00019037278 0.0003932504 4.0806725e-07 1.51855e-06 6.545469e-05 5.734931e-07 5.4170387e-06 2.5573371e-08 2.5051656e-06 4.9609163e-05 2.3588129e-05 0.00067407655 6.1050955e-08 1.613043e-08 1.9679995e-07 6.636695e-06
0.9570375 0.60056 0.9120362 0.37588772 2.161465e-15 0.7462566 0.03053373 0.06110412 0.9605916 0.8693782 0.0001412805 0.16319628 0.5483349 0.404776 0.30606332 0.004208005 2.0765434e-05 0.76487976 4.9628306e-06 9.975733e-06 0.02148196 0.017199636 0.12966076 0.0030045907 0.04892872 0.024314765 0.71154547 0.001997519 0.53956884 0.023932334 0.00031919713 0.43253806 0.006113218 0.02534595 2.4127673e-06 0.0049380097 0.0017637856 4.732117e-06 0.00015430212 0.00012456634 0.0007882511 0.020502158 0.027549893 1.4984184e-06 0.0008811084 0.00054477557 0.0018591501 2.4113237e-07 0.16892208 0.00022602908 3.4825487e-06 1.0246243e-06 4.9502705e-06 2.4185706e-06 2.576129e-06 0.111680664 0.017651359 0.00010268509 0.006060117 4.876669e-07 0.10760878 0.036919862 6.7761307e-06 8.963077e-07 0.028649481 5.04119e-06 1.3731332e-05 0.08873832 0.42404225 6.3744787e-06 0.003528062 2.194453e-05 1.7659566e-05 0.00042282193 0.00014270397 0.0019567278 0.002262496 0.25392225 3.575237e-06 1.9901572e-05 0.00011586403 0.000113527705 7.796523e-05 8.122605e-06 1.2833281e-05 0.0019543567 0.000945868 6.558741e-05 0.0002874568 1.3196096e-06 7.093336e-08 0.0008091202 5.8262594e-07 1.0993077e-06 0.0008119942 2.9926398e-06 0.0004447717 1.08995e-06 7.8328463e-07 1.9461051e-05 1.2726691e-06
0.963314 0.7055506 0.96796113 0.55248624 0.7462566 7.0088533e-15 0.7598582 0.31568864 0.5300891 0.6119361 0.072057635 0.024919592 0.15289554 0.24372761 0.27868366 0.03653156 0.0017528916 0.030381814 0.00029435754 0.00035190632 0.00035321052 0.0069720526 0.92376995 0.0010086214 0.0016771372 0.72555673 0.091264285 0.00021239746 0.054711 0.00077543943 0.023934718 0.038829785 0.00027477674 0.3188967 6.59224e-05 0.08592868 7.8341254e-05 0.0008228588 0.0012041986 1.9799421e-05 0.0008531143 0.0906027 0.09081266 7.414937e-05 0.0050621373 0.0046101664 0.0029416448 9.650461e-06 0.039790522 5.748436e-06 0.0003013162 0.00025584767 0.0002846141 4.753853e-05 3.857237e-05 0.0005968133 0.20242749 3.095829e-05 0.09874205 2.6313854e-05 0.013291652 0.0052573434 0.00032124566 2.5523912e-06 0.005016872 0.00012696312 8.38507e-07 0.011140969 0.026322925 7.1696144e-05 0.012023247 1.6615577e-05 0.0002842498 0.0003633543 0.0016186964 0.019454572 0.0057058185 0.0028459253 2.2776187e-06 2.2054823e-05 7.688741e-05 8.148784e-06 9.561226e-06 2.0801803e-05 2.2976021e-06 0.0028827968 4.2412496e-05 0.00012107063 0.00015731501 3.6285186e-05 1.2740432e-07 3.8740936e-06 7.38022e-07 1.2981924e-06 0.00043206627 0.00027819583 0.0068533453 5.896816e-07 8.9658124e-07 8.681489e-05 2.5387417e-05
0.9712652 0.707393 0.52902824 0.58085006 0.03053373 0.7598582 6.52666e-17 0.9346727 0.027299318 0.014882437 0.9565425 0.0001119021 0.0064259064 0.039538387 0.012723428 0.6931469 0.2680259 0.00018503862 0.04052815 0.118655145 2.0115955e-07 8.0674276e-05 0.27368164 1.3820655e-05 3.0772702e-05 0.84291613 0.0015326021 3.2478434e-07 0.00421694 1.6187103e-05 0.41339207 0.00096243696 3.2700825e-06 0.24654433 0.002536254 0.3353535 9.183973e-07 0.0130015435 0.046158515 2.4452007e-07 0.00015246344 0.040709544 0.04987201 0.0011255096 0.0662695 0.16176611 0.00068697496 4.0869778e-05 0.059528925 1.3387704e-08 0.016598988 0.00441831 0.027683536 0.00022367353 0.00021188214 0.00013278215 0.16049384 3.5935454e-06 0.27415597 0.0003647837 0.0011414428 0.0022768958 0.005898433 3.6446345e-05 0.0015929786 0.0011574172 1.9144703e-07 0.0009422518 0.0018134636 0.0014867748 0.007635469 5.1105417e-08 0.0010397282 2.9046449e-05 0.0056597227 0.12196231 0.0025752045 0.0003956691 5.094921e-06 0.00011271956 2.3957391e-05 4.2484735e-06 4.5297843e-06 2.5780595e-05 1.8235429e-06 0.0011133958 3.9587234e-05 8.021478e-06 2.0368474e-05 0.00012937209 1.5352272e-06 1.1500289e-05 1.12491826e-07 6.139729e-07 0.00040163676 0.0020976986 0.029881017 1.911347e-07 3.6559862e-07 1.127167e-05 8.285322e-06
0.86051446 0.67750746 0.38516334 0.8738772 0.06110412 0.31568864 0.9346727 1.6052415e-15 0.054799043 0.004548429 0.24944201 7.153938e-05 0.04454506 0.25621253 0.0012979239 0.9796479 0.018125914 1.485116e-05 0.008907872 0.01607321 4.483988e-08 6.763515e-06 0.014035208 5.9654883e-07 3.0448808e-05 0.20890555 0.0016804914 2.3166795e-07 0.0090975 2.1495822e-05 0.054644607 0.0040111695 6.9643365e-06 0.013173842 0.00186777 0.032533877 2.2922828e-07 0.004657233 0.010820448 2.57916e-08 3.6528622e-06 0.002915898 0.0032646158 0.000949978 0.24416874 0.02081066 6.9726507e-06 3.602431e-05 0.13448317 4.035058e-09 0.027654795 0.003945348 0.0064657894 0.00025967378 0.00026220406 8.149829e-05 0.008582206 1.3096519e-07 0.012413592 0.00029072518 0.010047486 0.008789343 0.001843852 1.2377289e-05 0.004143402 0.0017740465 7.939778e-09 0.0037720206 0.009847611 0.0028345315 0.0002554349 6.429117e-09 0.0038048169 8.4098315e-07 0.037383582 0.0073843 6.866406e-05 0.00039213797 1.5367335e-07 2.1921321e-06 1.7829406e-06 1.1045794e-07 1.07112e-07 4.6277657e-07 3.4649904e-08 6.336413e-05 1.0827296e-05 2.9956624e-07 2.6497473e-06 0.00043602224 3.413972e-06 5.729434e-08 6.887274e-09 1.9054232e-07 1.9724923e-05 0.0017834518 0.0056823734 1.1702448e-08 1.0992137e-07 9.827205e-07 6.240139e-05
0.82178617 0.77741253 0.7980733 0.7960146 0.9605916 0.5300891 0.027299318 0.054799043 4.296746e-17 0.29517236 9.386463e-05 0.026341563 0.9503736 0.78118044 0.03180908 0.00400615 1.2021779e-05 0.22295578 1.2483755e-05 1.880059e-05 0.0010403799 0.0014476887 0.021863954 0.00034919268 0.0064965766 0.009105837 0.54547095 0.00013444206 0.53545684 0.0049707317 0.00019887391 0.20653649 0.0031511541 0.005920121 8.9732805e-07 0.00079963525 6.1439045e-05 3.1103311e-06 6.5448166e-06 6.4219817e-06 8.930092e-05 0.002832198 0.0030122297 9.2961665e-07 0.0028442254 7.0942e-05 0.0001554557 4.0326057e-08 0.19376008 2.4726075e-06 8.316925e-06 1.4562155e-06 4.8474226e-06 1.4752803e-06 2.0139669e-06 0.034426756 0.0023855926 2.883688e-05 0.0014062177 3.019915e-07 0.052392326 0.025274869 6.2047246e-07 4.054399e-07 0.015144211 6.2867906e-07 9.687728e-07 0.051064722 0.18431221 9.187333e-06 0.00074078265 1.497123e-06 7.863463e-06 1.4574389e-05 0.0005710462 0.00039435868 0.00022975409 0.15438676 8.4731073e-07 1.3035548e-05 2.3153809e-05 5.789357e-06 3.7904494e-05 1.4477879e-06 1.4954647e-06 0.0001295411 0.00040676023 7.360971e-06 1.743142e-05 2.425064e-07 4.058159e-09 0.0006177895 7.426085e-08 9.903157e-07 0.00015152633 3.313906e-06 0.00015457462 9.663797e-08 1.9480305e-07 1.3301421e-06 8.881116e-08
0.8846751 0.064417966 0.49272227 0.019988606 0.8693782 0.6119361 0.014882437 0.004548429 0.29517236 1.1497987e-16 0.0011883342 0.9451028 0.054416183 0.023361899 0.94544005 0.0015618386 8.82294e-05 0.7381735 4.0682382e-05 3.931053e-05 0.28946733 0.36386335 0.22592846 0.23566435 0.1219902 0.029717807 0.5083831 0.017344164 0.12232846 0.027825404 0.0019784614 0.117282785 0.0077155153 0.061781608 4.1310054e-06 0.008278017 0.014596854 8.7224864e-05 0.0003279358 0.01687961 0.02801376 0.079968244 0.07032733 2.790482e-06 4.4600136e-05 0.0010359123 0.062641606 1.4618968e-06 0.0009832835 0.0013537717 2.7726468e-05 1.1399002e-05 5.1143843e-06 4.096716e-06 1.9777672e-06 0.07611801 0.040915802 0.0025561524 0.011705295 4.5050383e-06 0.0024550215 0.00052191975 5.5868702e-05 4.470361e-07 0.00040363747 2.9380293e-05 0.00021836383 0.005724418 0.0753046 9.197725e-07 0.034070134 0.005747639 3.3962156e-06 0.012595683 0.00015902206 0.0038663263 0.022960091 0.038137883 5.3717802e-05 0.00022390553 0.0031160882 0.00016118515 0.00011201978 6.747026e-05 2.5986565e-05 0.019249892 0.00011648202 0.0032555293 0.0022520341 1.1142443e-05 2.4116963e-07 0.0004971893 2.3158667e-05 3.1756358e-06 0.011966326 6.850303e-07 0.0006007087 3.7433892e-05 3.1963165e-05 0.0027565616 1.4001188e-06
0.8833591 0.008294513 0.0098012015 0.00667395 0.0001412805 0.072057635 0.9565425 0.24944201 9.386463e-05 0.0011883342 3.6700282e-19 6.2556696e-06 0.00017456431 0.0018215746 0.0015887981 0.4542817 0.9478834 1.4388768e-06 0.42168894 0.4658886 7.3655806e-09 1.1520925e-05 0.07211974 6.9852257e-07 9.546143e-07 0.7473683 4.493348e-05 6.489773e-08 7.461635e-05 4.534932e-06 0.7536885 2.171938e-05 5.747154e-06 0.06402425 0.11145105 0.2418551 9.6963284e-08 0.2712131 0.25804147 1.05870974e-07 1.7497792e-05 0.011994696 0.007610773 0.031214146 0.012157209 0.32909596 8.703358e-05 0.0015654957 0.003884097 7.751416e-09 0.07860941 0.06747629 0.23083979 0.002373905 0.008139406 5.7092446e-05 0.033617217 8.455575e-07 0.07702644 0.003067001 9.19065e-05 0.00035616008 0.042552408 0.00035741617 0.00016380263 0.0038472996 2.7008905e-08 2.611984e-05 3.1866253e-05 0.0034884443 0.004619501 1.8767572e-07 0.0015818365 4.7813223e-06 0.0032956894 0.07619357 0.0011831349 6.314061e-06 1.2942896e-06 3.728763e-05 9.1233557e-07 1.6846753e-06 1.1285928e-06 1.7588538e-05 1.4502643e-06 0.00092872174 2.5677161e-06 5.8870944e-07 1.6377419e-06 0.00070327683 0.00010888551 1.1695971e-07 3.7538994e-09 3.2470723e-07 0.00020566171 0.0036812807 0.050636295 5.7271032e-09 3.4298907e-08 5.163907e-07 0.000109275716
0.93280053 0.0010335356 0.04405201 0.0009925041 0.16319628 0.024919592 0.0001119021 7.153938e-05 0.026341563 0.9451028 6.2556696e-06 3.7497069e-16 0.007402361 0.0009608444 0.76088786 2.2922193e-05 1.2907299e-06 0.78920186 7.4782326e-07 3.5580513e-07 0.89530855 0.74967664 0.017857777 0.826049 0.41753212 0.0012849245 0.47515568 0.31816646 0.03118752 0.12307115 3.6328085e-05 0.0430762 0.0746925 0.008386814 2.6392948e-07 0.0003049384 0.16448817 1.537029e-06 8.977266e-06 0.38185552 0.08307569 0.023805808 0.01671378 3.7724678e-07 3.4897283e-05 6.378301e-05 0.080725655 4.9634075e-08 2.0215171e-05 0.037988484 3.7005234e-06 2.2425094e-07 4.2530296e-06 6.8317286e-07 8.535264e-07 0.24504733 0.0047390675 0.045401406 0.0016350406 1.041815e-07 0.00038301136 0.00016403758 7.1380254e-07 1.6555425e-07 2.7213695e-05 5.921899e-07 0.010159298 0.0006163659 0.008482216 6.8688582e-06 0.0320325 0.08703111 7.4135546e-06 0.028977877 8.601248e-05 0.00077555625 0.024442136 0.011674816 0.0002931085 0.0018584348 0.007908897 0.0149539355 0.003710123 0.0005096596 0.0054624625 0.023074068 0.00034585776 0.038527418 0.0035057717 4.5605486e-07 1.7679903e-07 0.0011857921 9.6786694e-05 2.271797e-05 0.017764598 9.1807425e-07 0.000114481416 0.0001214518 7.4858464e-05 0.0027354215 8.75265e-07
0.34135205 0.33414286 0.32792044 0.49814865 0.5483349 0.15289554 0.0064259064 0.04454506 0.9503736 0.054416183 0.00017456431 0.007402361 1.00985915e-16 0.9806835 0.007722243 0.003156329 2.9547879e-05 0.09583812 5.270182e-05 3.857671e-05 0.00042044953 0.00033509269 0.0023057407 0.00015680425 0.005405665 0.00061389914 0.7343068 9.007749e-05 0.9379949 0.009132274 4.211472e-05 0.52397734 0.004876454 0.0007433349 5.5247174e-06 0.00026574786 8.5130145e-05 1.7926735e-05 4.8878182e-06 1.5500911e-05 3.311251e-05 0.0003132807 0.00024056656 3.5933776e-06 0.013654607 2.305793e-05 0.00011434742 1.4751103e-06 0.46892747 4.9306564e-06 1.4624024e-05 4.453441e-06 3.6512984e-06 7.903286e-06 1.3835649e-05 0.106499396 0.00037991078 3.443442e-05 0.00018705775 4.8938164e-06 0.27411374 0.109255195 6.032025e-06 2.7195154e-06 0.062193565 6.6325324e-06 4.6721043e-06 0.18961853 0.4775025 9.033268e-06 0.00010755949 1.3431621e-06 1.9639121e-05 6.6102098e-06 0.00058746245 4.7000198e-05 4.7778285e-05 0.26690444 4.8808542e-06 3.5735822e-05 9.413065e-06 7.4135794e-05 8.750731e-05 1.18794205e-05 2.4374593e-05 7.3054536e-05 0.005517741 1.737093e-05 1.5310769e-05 1.0208785e-05 1.5890441e-08 0.003098359 7.411098e-07 3.1042623e-06 4.2691852e-05 5.8130977e-06 0.00010997755 7.5397934e-06 2.4633177e-06 5.4158886e-07 3.4448865e-07
0.4627739 0.69052875 0.4681569 0.92589444 0.404776 0.24372761 0.039538387 0.25621253 0.78118044 0.023361899 0.0018215746 0.0009608444 0.9806835 3.282251e-16 0.0019626485 0.060696516 0.0001379046 0.008094478 0.00019360393 0.00012319755 1.3651148e-05 2.995034e-05 0.0025258327 1.2655942e-05 0.00043150666 0.0019912994 0.33844736 1.1112582e-05 0.7080197 0.0004316882 0.00019720248 0.3527362 0.00068957097 0.00078936305 4.6459718e-05 0.00037838344 5.2431237e-06 6.729367e-05 4.9927447e-05 2.5662288e-07 7.3765855e-06 0.00024382836 0.00024548214 1.6039612e-05 0.45259517 0.0001396585 7.4226095e-06 3.7776435e-06 0.8312229 1.5410058e-07 0.0002531968 4.8953636e-05 3.4792276e-05 2.1002537e-05 8.279829e-05 0.012441343 0.00073789916 2.0496288e-06 0.00042954265 2.9666553e-05 0.5965456 0.5565465 3.9017075e-05 1.0630126e-05 0.3999162 6.8927155e-05 2.6715344e-07 0.43535435 0.5780347 4.701535e-05 4.0809056e-05 9.667133e-08 0.00018418492 9.939945e-07 0.010568896 0.00029464683 2.9043544e-05 0.24796222 2.3402522e-06 9.683032e-06 9.591213e-07 3.2348667e-05 3.037633e-05 2.4883834e-06 8.804107e-06 3.2523934e-05 0.006254994 1.6855929e-06 1.4559322e-06 0.0001262026 7.9902044e-08 0.0015864859 1.2427331e-07 4.773167e-06 1.281689e-05 9.010703e-05 0.0005107945 1.8659149e-06 1.0533104e-06 3.8556405e-07 1.1550745e-06
0.88193965 0.007840433 0.1504617 0.005090184 0.30606332 0.27868366 0.012723428 0.0012979239 0.03180908 0.94544005 0.0015887981 0.76088786 0.007722243 0.0019626485 4.6141665e-18 0.0005107797 9.9058874e-05 0.353395 1.3928574e-05 1.4399648e-05 0.1359398 0.9710266 0.8544506 0.30093145 0.06360295 0.15827698 0.2806661 0.013341817 0.01838868 0.015281704 0.004198121 0.019745259 0.005658522 0.2954986 2.4152791e-06 0.013181049 0.010087186 6.8867885e-05 0.00031921297 0.025976617 0.19419031 0.33327287 0.1695728 1.5007623e-06 3.2529955e-05 0.0017152227 0.46855608 6.89614e-07 6.5992725e-05 0.0008570281 4.0110946e-05 1.330588e-05 2.13115e-05 9.004097e-07 1.722087e-06 0.030634677 0.07991574 0.002340307 0.018572789 1.5256875e-06 0.00021843484 4.4210832e-05 3.3023956e-05 9.173018e-08 2.259492e-05 4.2246138e-05 9.83435e-05 0.0008780157 0.0069933757 3.670525e-06 0.26460856 0.004657444 2.0509911e-05 0.055296496 0.00017165761 0.0075730155 0.10781697 0.0040537287 2.0211584e-05 0.00025924694 0.010488783 0.00015008483 9.722543e-06 0.00014742945 8.50327e-05 0.0747166 3.2492717e-05 0.0021185337 0.0037902924 2.085286e-06 3.314083e-08 0.00024351024 1.1017358e-05 7.037082e-06 0.017088888 5.959347e-07 0.0014228942 8.077516e-06 5.2006694e-06 0.0076265507 4.588931e-06
0.8176587 0.21761616 0.03317466 0.16382143 0.004208005 0.03653156 0.6931469 0.9796479 0.00400615 0.0015618386 0.4542817 2.2922193e-05 0.003156329 0.060696516 0.0005107797 2.0266703e-15 0.17330037 4.9899696e-05 0.14676628 0.23265526 1.8638082e-07 1.253283e-05 0.0044406983 4.2331776e-06 4.3613386e-06 0.09986736 0.002309953 3.4076354e-08 0.00158703 1.185368e-06 0.07948139 0.0011553726 4.270759e-06 0.0035656658 0.10174046 0.019111667 1.5109046e-07 0.015813518 0.021149395 7.484386e-08 2.7415314e-05 0.00068823964 0.0016791865 0.040960453 0.8752583 0.033159465 8.583864e-06 0.0009192579 0.11094412 1.0218803e-08 0.6729879 0.010728679 0.5323244 0.004789707 0.03647315 0.0009886513 0.0021781588 2.2173126e-06 0.0041728443 0.004093713 0.0058409525 0.015819225 0.009562061 0.0007805536 0.006495644 0.0058915718 1.6573702e-07 0.0007009239 0.0020921014 0.39029363 0.0003019623 4.476903e-08 0.31051266 1.498104e-06 0.5285936 0.0044940854 0.00015296736 0.00028442554 2.8535592e-07 1.4661538e-06 2.990834e-06 2.0866726e-06 8.1576593e-07 1.0727962e-06 4.297723e-05 0.000281132 7.313082e-06 3.1507484e-06 5.8213022e-06 0.0018650895 0.0004803894 5.164099e-07 2.7772236e-08 3.6252063e-06 0.00029157702 0.004522192 0.005321452 6.567685e-07 3.312947e-07 5.982475e-06 0.0022110774
0.49530762 0.00022265878 0.0006362051 0.00037095658 2.0765434e-05 0.0017528916 0.2680259 0.018125914 1.2021779e-05 8.82294e-05 0.9478834 1.2907299e-06 2.9547879e-05 0.0001379046 9.9058874e-05 0.17330037 1.0369739e-18 8.4057024e-07 0.9811851 0.92300665 4.024891e-08 4.3794003e-07 0.0038423697 1.5163756e-07 6.567422e-07 0.073874064 4.918713e-06 1.5803723e-08 1.3995029e-05 3.5290628e-07 0.4073228 1.6123525e-06 2.0808312e-07 0.0035005014 0.3879317 0.019033683 2.5677283e-08 0.42048544 0.13474466 3.9585924e-08 1.4159855e-06 0.00042175813 0.00035631974 0.07586394 0.0013545214 0.097537324 4.741486e-06 0.042611707 0.00014545086 4.258106e-10 0.083337665 0.13469015 0.3111517 0.023567162 0.023480246 9.881177e-07 0.001617047 3.912815e-07 0.0053950963 0.04610337 3.927371e-06 3.3188007e-05 0.043131933 0.0039783376 9.263267e-06 0.019545197 2.8367064e-09 4.9069395e-06 2.8182696e-06 0.005756375 0.00019112206 3.159275e-08 0.0027689685 2.6429794e-07 0.0015166895 0.010147629 0.00010915167 1.8524325e-06 4.0554372e-08 6.3483675e-08 1.5834438e-08 8.504485e-09 6.6228736e-08 4.9654716e-08 8.080244e-08 0.00011071586 7.675432e-08 7.965963e-08 6.0739183e-09 0.0015762799 0.001329841 2.267775e-09 8.541888e-10 4.0440597e-08 6.7829315e-06 0.0068377294 0.028732436 5.7157074e-10 2.2297005e-10 7.535836e-09 0.00031163558
0.9047817 0.0072128098 0.09579676 0.0047788788 0.76487976 0.030381814 0.00018503862 1.485116e-05 0.22295578 0.7381735 1.4388768e-06 0.78920186 0.09583812 0.008094478 0.353395 4.9899696e-05 8.4057024e-07 9.784307e-17 2.2054844e-07 3.596917e-07 0.51436746 0.10507057 0.017615397 0.105745524 0.98649734 0.002928035 0.72356933 0.32379243 0.12646055 0.44394368 8.57409e-05 0.06935151 0.2113689 0.0070233587 3.3873913e-08 0.0002943556 0.19814003 1.8910108e-06 7.709178e-06 0.014697427 0.011078336 0.023180211 0.014411002 6.76949e-08 2.7561355e-05 4.0052462e-05 0.021145344 1.6942312e-08 8.802256e-05 0.020339442 1.4895818e-06 1.7052216e-06 2.9333372e-05 2.8854262e-07 9.765126e-07 0.3528223 0.0030889167 0.0068323673 0.00051588815 4.2795713e-07 0.00090122595 0.00014284748 1.4057316e-06 9.6444616e-08 0.0001284765 1.7325902e-06 0.0013492977 0.0009840721 0.022283621 3.2553492e-06 0.01733679 0.0002644156 1.0251762e-05 0.008041323 0.00010911815 0.00037045614 0.008678677 0.045956124 2.2546425e-05 0.00029918583 0.0036562693 0.0140742995 0.0022922491 8.451544e-05 0.0045780954 0.0022898489 0.0003995241 0.00026600598 0.001503599 1.584664e-05 7.4450185e-08 0.0022674922 5.7756474e-06 5.1174334e-06 0.0020662425 2.5703512e-05 0.0002653014 5.300311e-06 6.5102795e-06 0.00052188116 1.4009437e-07
0.66547304 0.000103054546 0.00013934507 0.00054202916 4.9628306e-06 0.00029435754 0.04052815 0.008907872 1.2483755e-05 4.0682382e-05 0.42168894 7.4782326e-07 5.270182e-05 0.00019360393 1.3928574e-05 0.14676628 0.9811851 2.2054844e-07 1.9175231e-17 0.9398405 7.952721e-09 2.704717e-07 0.001667513 1.4595085e-07 1.5611845e-06 0.059137326 1.705481e-05 4.8427555e-08 1.1932592e-05 3.256669e-06 0.72057694 1.1185458e-05 5.4475418e-06 0.002646468 0.4104479 0.032101475 3.2472053e-07 0.8546611 0.27558812 9.4444374e-08 4.990467e-06 0.00040573083 0.00012828258 0.10906261 0.0005233557 0.15902746 6.765037e-06 0.052992728 0.00010634461 4.341612e-09 0.07663967 0.50376993 0.46365875 0.022179218 0.07538041 8.752334e-05 0.00091452553 1.1172755e-06 0.0030224621 0.07830861 2.9222342e-06 1.752914e-05 0.09877891 0.0041845925 1.7593065e-05 0.048381675 1.8589683e-08 2.1843566e-06 2.8834056e-06 0.0026675782 0.00032483065 1.9720783e-07 0.0014825285 4.8628897e-07 0.0010467154 0.008860303 2.9767725e-05 1.1063954e-06 5.051448e-07 9.3692515e-06 1.1134381e-07 7.669663e-07 1.080317e-05 7.1285262e-06 4.0034013e-07 3.3813514e-05 9.0994075e-07 3.5932933e-07 1.0343032e-07 0.004036912 0.0015277027 2.525134e-08 2.582734e-08 3.5330213e-06 2.0794645e-05 0.015510074 0.039036162 2.1452246e-08 1.9451521e-08 1.14420224e-07 0.0005802784
0.9346987 0.00010718461 0.00017222973 0.000327576 9.975733e-06 0.00035190632 0.118655145 0.01607321 1.880059e-05 3.931053e-05 0.4658886 3.5580513e-07 3.857671e-05 0.00012319755 1.4399648e-05 0.23265526 0.92300665 3.596917e-07 0.9398405 2.898542e-17 3.00283e-09 1.8886273e-07 0.0005324596 3.049603e-07 8.545595e-08 0.009998956 0.000108168984 1.5249716e-08 1.37586885e-05 2.1412973e-07 0.38919267 5.023522e-05 1.4505589e-06 0.0014934182 0.91127247 0.009237896 4.015735e-08 0.6786775 0.1785301 1.3560165e-07 9.1147626e-07 0.00022552373 0.00012480356 0.5299483 0.002071962 0.11768025 1.6366349e-06 0.46714616 0.00055631524 1.668756e-09 0.19750987 0.56528294 0.7878468 0.20603548 0.30972683 0.00031175715 0.0009377619 8.5570014e-07 0.0025551508 0.26619697 6.9549988e-06 0.000118043594 0.18004085 0.04241525 2.642085e-05 0.26207525 2.6133577e-08 2.6366935e-05 2.4237392e-05 0.008906232 6.222758e-05 5.1674906e-08 0.0031660937 2.6821425e-08 0.0017250369 0.010002384 5.9810654e-06 6.223406e-06 3.0075475e-07 5.08038e-06 4.621809e-08 4.778917e-07 3.8101489e-06 1.2008699e-06 9.1233727e-07 4.3313066e-05 1.9396098e-06 6.590225e-06 6.05636e-08 0.010179378 0.0055971765 6.434061e-07 1.0036571e-08 1.8866918e-07 2.143689e-06 0.03383248 0.0630684 3.2549188e-09 1.7626931e-08 1.1403812e-08 0.0011754466
0.8771304 4.978293e-06 0.00085013034 1.2863656e-05 0.02148196 0.00035321052 2.0115955e-07 4.483988e-08 0.0010403799 0.28946733 7.3655806e-09 0.89530855 0.00042044953 1.3651148e-05 0.1359398 1.8638082e-07 4.024891e-08 0.51436746 7.952721e-09 3.00283e-09 1.1345346e-19 0.14711379 0.006040444 0.6399308 0.6046412 5.3945118e-05 0.19953209 0.98458767 0.00799492 0.21112774 4.8533807e-06 0.009193013 0.07851421 0.000923214 2.4836901e-09 9.934614e-06 0.5033889 5.692138e-08 1.2529543e-07 0.29668128 0.10101608 0.009903087 0.004525635 2.0627426e-09 2.3594198e-07 1.7939896e-06 0.05177842 2.7287832e-09 6.715679e-07 0.22941898 4.699878e-08 1.39028336e-08 5.13589e-06 1.34130085e-08 5.9756715e-08 0.12971336 0.00046094207 0.120101 4.4496515e-05 2.9498336e-08 1.1069437e-05 8.591958e-07 3.0260598e-08 1.352757e-08 1.3504676e-06 2.3058446e-08 0.077191345 2.5144273e-05 0.0018858602 1.1382343e-06 0.019738048 0.027935585 8.3349687e-07 0.04673063 1.2499516e-05 3.676672e-05 0.0102930805 0.0037363633 0.0020704253 0.008215451 0.040828876 0.023713361 0.0016444868 0.0034206402 0.10382911 0.003598953 7.207126e-05 0.0016598142 0.010888038 6.244413e-07 1.7985694e-09 0.00056666526 1.5477513e-05 6.837549e-05 0.008344168 2.2107229e-06 3.117573e-05 4.0620467e-05 1.8676836e-05 0.0034640112 4.242683e-08
0.9680289 0.0001141315 0.0054514585 0.00015204732 0.017199636 0.0069720526 8.0674276e-05 6.763515e-06 0.0014476887 0.36386335 1.1520925e-05 0.74967664 0.00033509269 2.995034e-05 0.9710266 1.253283e-05 4.3794003e-07 0.10507057 2.704717e-07 1.8886273e-07 0.14711379 2.28717e-17 0.45578182 0.8357226 0.044942055 0.016966043 0.048568133 0.034648407 0.0011897165 0.010634686 0.0006526023 0.00071556994 0.004086405 0.10717713 1.1959855e-07 0.002867218 0.012385514 5.9215686e-06 6.177429e-05 0.11727989 0.5779623 0.5656174 0.2177257 7.778183e-08 3.7040243e-07 0.00040429705 0.7865222 2.5122364e-07 7.705337e-07 0.0014994814 7.432519e-06 5.953071e-07 8.372505e-06 1.12523374e-07 3.6976697e-08 0.007351612 0.06406584 0.0072305477 0.0077194935 2.3048939e-07 1.5022259e-06 6.0670754e-07 9.6822005e-06 5.727431e-09 1.0361598e-06 1.7393133e-06 0.00050337706 1.6343663e-05 6.38435e-05 4.2163705e-07 0.73349917 0.034166295 1.098065e-06 0.46850324 6.648951e-05 0.0027541872 0.43742618 0.0002252353 4.1095056e-05 0.0008365549 0.16907729 0.00030489653 1.7010512e-05 0.00043499886 0.00023588096 0.3542751 1.6104494e-05 0.025181886 0.029761387 1.9093486e-07 8.302711e-09 0.00016087462 9.174799e-05 3.2784387e-06 0.18373369 1.7016623e-06 0.0005657246 6.770643e-05 5.3099313e-05 0.030920582 1.013872e-06
0.93407273 0.049388606 0.26349798 0.015932923 0.12966076 0.92376995 0.27368164 0.014035208 0.021863954 0.22592846 0.07211974 0.017857777 0.0023057407 0.0025258327 0.8544506 0.0044406983 0.0038423697 0.017615397 0.001667513 0.0005324596 0.006040444 0.45578182 2.666458e-15 0.01601628 0.0010868409 0.86386275 0.010932263 0.00045508324 0.0014328463 0.00056570355 0.043867692 0.00025225396 6.696691e-05 0.92381597 0.0006449967 0.294129 0.00020606282 0.0038735198 0.0024600525 0.0018117435 0.101289846 0.53292084 0.49563685 1.9877238e-05 0.00032798585 0.009371366 0.23540759 3.6557045e-05 0.0012800114 1.7800585e-05 8.900563e-05 0.00044583195 0.0003792174 8.256198e-05 6.57471e-05 0.0003211158 0.4901319 0.0009852397 0.20888893 0.000101061196 0.0017780547 0.0011142435 0.0012212674 4.9232563e-06 0.0005999596 0.0010967256 1.0017892e-05 0.001877352 0.0048997663 0.00027028518 0.31010628 0.00046487022 0.00016145222 0.026537534 0.00037112678 0.05804528 0.07144114 0.00468223 9.626732e-05 0.00038940593 0.0075265286 0.00016495594 1.0008752e-05 7.419698e-05 8.404317e-05 0.035500433 1.5498237e-05 0.0021706347 0.002201553 0.00011216783 7.4755767e-06 0.00010087901 0.00016983176 1.1381275e-05 0.009832765 0.0001644911 0.012078009 6.547279e-05 1.7239694e-05 0.003042028 1.1224098e-05
0.8881378 3.9808783e-05 0.0010660385 5.53776e-05 0.0030045907 0.0010086214 1.3820655e-05 5.9654883e-07 0.00034919268 0.23566435 6.9852257e-07 0.826049 0.00015680425 1.2655942e-05 0.30093145 4.2331776e-06 1.5163756e-07 0.105745524 1.4595085e-07 3.049603e-07 0.6399308 0.8357226 0.01601628 4.5266515e-16 0.11410662 0.00040929925 0.028674347 0.5481308 0.0006302129 0.04042691 1.239483e-05 0.00020068693 0.015159397 0.0041666785 5.7627483e-07 0.00016357767 0.18198784 1.0336065e-06 4.061235e-06 0.9100604 0.9243008 0.025041303 0.015008893 1.5361228e-07 2.0536667e-05 5.1105453e-05 0.40658846 5.1828888e-08 6.8600764e-07 0.0858837 1.1251302e-06 2.006828e-07 5.918946e-07 3.5801415e-07 4.4356906e-07 0.013090808 0.0043640435 0.22271572 0.00090485637 2.0344439e-07 9.035112e-06 6.0982525e-06 5.762881e-07 6.476751e-08 4.6909227e-06 2.6525726e-07 0.066177085 6.0224633e-05 4.257886e-05 1.7513341e-06 0.08581701 0.5910326 1.1612465e-06 0.20561947 1.8139071e-05 0.00032462875 0.058105595 6.599744e-05 0.01215274 0.024520475 0.32135916 0.012062089 0.0010115512 0.008748592 0.05712987 0.06561679 1.3535385e-05 0.59460306 0.08163542 2.751852e-07 8.418691e-09 0.00020948217 0.002198797 0.0018039197 0.10662999 7.353136e-07 5.2845106e-05 0.0013525495 0.00037111653 0.021614531 2.0731921e-08
0.4043966 0.00015250315 0.003149011 0.00018611485 0.04892872 0.0016771372 3.0772702e-05 3.0448808e-05 0.0064965766 0.1219902 9.546143e-07 0.41753212 0.005405665 0.00043150666 0.06360295 4.3613386e-06 6.567422e-07 0.98649734 1.5611845e-06 8.545595e-08 0.6046412 0.044942055 0.0010868409 0.11410662 7.002115e-16 2.7135091e-05 0.7061226 0.4708266 0.041883174 0.90766233 3.8488756e-06 0.0421517 0.81087315 0.0005542796 1.3869044e-07 7.309387e-06 0.7101905 2.8654352e-07 2.9329703e-07 0.033383206 0.008136745 0.0013485973 0.0003958025 4.0815497e-08 6.1040887e-06 1.3076607e-06 0.007330578 2.4062938e-08 8.340285e-06 0.24445106 1.5970605e-07 4.5694538e-08 4.857828e-07 7.317009e-08 1.59779e-07 0.4849608 0.00012788668 0.023777327 1.1629749e-05 1.0178852e-07 0.00040432616 8.1424725e-05 1.5730653e-07 3.546646e-08 4.5617973e-05 1.0629562e-06 0.029992467 0.00036853287 0.0064755757 7.0050055e-07 0.0014252354 0.0010817419 3.817991e-06 0.0017671277 4.2402506e-05 1.3883629e-05 0.0006644023 0.017318381 0.00012500929 0.0012554573 0.0015680133 0.0670545 0.018264078 0.0005381669 0.09668781 0.00055705453 0.0010352151 0.00034711888 0.00037265677 1.649438e-06 5.968425e-09 0.0057214107 3.454655e-05 6.85358e-06 0.00049871724 4.3684884e-07 2.7636765e-05 2.6339716e-05 2.4762263e-05 0.00013175626 1.5589966e-07
0.9050134 0.12427736 0.1655762 0.061659053 0.024314765 0.72555673 0.84291613 0.20890555 0.009105837 0.029717807 0.7473683 0.0012849245 0.00061389914 0.0019912994 0.15827698 0.09986736 0.073874064 0.002928035 0.059137326 0.009998956 5.3945118e-05 0.016966043 0.86386275 0.00040929925 2.7135091e-05 6.265337e-17 0.00071985536 3.5264031e-06 0.0005659383 8.246566e-05 0.32356063 4.0474028e-05 9.821954e-06 0.7566873 0.0047368603 0.9626513 1.2467716e-05 0.027120931 0.022054369 5.226272e-05 0.0013249868 0.18557413 0.1742244 0.0005280163 0.00060577854 0.13666306 0.0072909244 0.0003116635 0.0021369923 3.883906e-07 0.000619113 0.0031328627 0.004842195 0.00035305612 0.00060136337 6.1865554e-05 0.44382825 2.82802e-05 0.5561388 0.0010090375 0.0014180146 0.0007574304 0.0020685168 0.00012504171 0.00021529106 0.003150762 9.516038e-07 0.0006359412 0.0029993989 0.00081354176 0.029746978 1.21179955e-05 0.0005414998 0.0007246372 0.00066608447 0.21419941 0.011990984 0.001843197 1.6077669e-05 7.075578e-05 6.329486e-05 0.00022282808 1.17598465e-05 1.794389e-05 4.5340003e-05 0.0044342917 7.97215e-06 0.00018993972 0.0002799254 0.0006464244 4.6092446e-05 4.3547203e-05 3.0219435e-05 2.12102e-05 0.00084875483 0.0003948801 0.030403234 5.95472e-06 3.5973463e-07 0.00016932719 2.8493743e-05
0.70817614 0.2477051 0.29431295 0.15379511 0.71154547 0.091264285 0.0015326021 0.0016804914 0.54547095 0.5083831 4.493348e-05 0.47515568 0.7343068 0.33844736 0.2806661 0.002309953 4.918713e-06 0.72356933 1.705481e-05 0.000108168984 0.19953209 0.048568133 0.010932263 0.028674347 0.7061226 0.00071985536 2.2347442e-15 0.14649962 0.95669293 0.6913089 0.00014132698 0.9165582 0.80202675 0.0039813 5.246745e-06 0.0004049891 0.16666442 0.0007002935 4.5508323e-06 0.0031268839 0.0021511202 0.0032012542 0.00071771734 7.63272e-07 0.0008851241 2.5791933e-05 0.0052729244 1.5597551e-07 0.033748742 0.02043558 0.0008720665 3.5663677e-05 7.696914e-05 2.957645e-06 4.394707e-06 0.9570386 0.0005258838 0.004267606 0.0001952661 0.00013649295 0.03129315 0.01358491 3.2442415e-06 1.8592466e-06 0.0030685414 4.7143265e-05 0.00061857625 0.025456136 0.2636631 6.9311677e-06 0.0021587447 0.00021472842 2.2701372e-06 0.0018106605 0.0006719575 0.000260806 0.0014576633 0.48613662 4.8367647e-06 0.0002016427 0.0008345898 0.024390524 0.0877297 2.885011e-05 0.012188636 0.00058471976 0.017153122 5.4203847e-05 0.00028697198 4.6672903e-06 2.6446914e-09 0.13501705 2.2475483e-06 8.799902e-06 0.00058172294 0.00030345394 0.00039406563 4.026131e-06 6.0191786e-07 2.6931602e-05 4.2060627e-08
0.64066887 1.1819303e-05 0.0002923037 1.1303048e-05 0.001997519 0.00021239746 3.2478434e-07 2.3166795e-07 0.00013444206 0.017344164 6.489773e-08 0.31816646 9.007749e-05 1.1112582e-05 0.013341817 3.4076354e-08 1.5803723e-08 0.32379243 4.8427555e-08 1.5249716e-08 0.98458767 0.034648407 0.00045508324 0.5481308 0.4708266 3.5264031e-06 0.14649962 2.3595858e-15 0.0020827097 0.35780835 1.179619e-06 0.0018517952 0.07118224 0.00020334423 1.2052664e-08 4.1436665e-06 0.88881344 3.1285572e-07 7.1573744e-08 0.6434147 0.0939557 0.0029247727 0.0010639682 3.6728693e-09 8.7622385e-07 3.755815e-07 0.02978366 2.55006e-08 1.1165047e-07 0.81683904 1.10764496e-07 3.9821142e-08 9.417204e-08 1.5166755e-08 4.860365e-08 0.05637869 0.00018753466 0.7601624 2.63494e-06 1.303566e-07 1.4349132e-05 1.348216e-06 1.3400242e-07 2.5072662e-08 7.0722314e-07 3.4314726e-07 0.55530363 1.618826e-05 0.00025140808 3.3682036e-07 0.010742834 0.19890158 5.417361e-07 0.039300945 4.2190995e-06 4.9708874e-06 0.006252307 0.00029625854 0.06481526 0.15206142 0.04515249 0.076097935 0.007412456 0.08126881 0.35856238 0.003507081 7.219936e-05 0.0180914 0.01707895 2.0031807e-06 3.7253592e-10 0.00016382668 0.0015836857 0.009539682 0.010498085 2.3224797e-07 6.1844644e-06 0.0012960808 0.0010357044 0.005576054 1.9117072e-08
0.24836019 0.20761912 0.14563113 0.17979948 0.53956884 0.054711 0.00421694 0.0090975 0.53545684 0.12232846 7.461635e-05 0.03118752 0.9379949 0.7080197 0.01838868 0.00158703 1.3995029e-05 0.12646055 1.1932592e-05 1.37586885e-05 0.00799492 0.0011897165 0.0014328463 0.0006302129 0.041883174 0.0005659383 0.95669293 0.0020827097 7.437657e-18 0.024505595 0.00016440955 0.98503745 0.12566832 0.0014769395 2.8933991e-06 0.00064272847 0.00052511424 1.8353203e-05 6.0448547e-06 6.9630056e-05 0.00021579038 0.00045898592 0.00033527552 1.1188386e-06 0.005552096 4.6619854e-05 0.00016390356 3.1163125e-07 0.13384663 7.479553e-05 4.7816825e-06 7.109889e-06 6.912882e-06 2.6472744e-06 2.7338476e-05 0.53775245 0.00036731304 0.0001438719 0.00023958755 1.0789406e-05 0.18397568 0.061970595 5.958322e-06 1.2476168e-06 0.025868053 7.2282483e-06 3.908789e-06 0.120361544 0.4487712 3.197658e-07 0.00036458878 6.318759e-06 1.0386727e-06 1.9272295e-05 0.00019473369 8.276332e-05 9.2816656e-05 0.35648158 8.4279765e-07 1.312405e-05 0.00012224245 0.00092685386 0.008677361 1.2066148e-05 8.126182e-05 9.992563e-05 0.03987795 1.5744281e-05 4.0645617e-05 4.0630134e-06 3.922858e-09 0.030012032 1.5233452e-06 2.101158e-06 6.555039e-05 6.0000708e-05 6.9205766e-05 1.2615272e-05 6.958693e-06 2.3231544e-06 7.317732e-07
0.05357922 0.00023486008 0.001106405 0.0003003892 0.023932334 0.00077543943 1.6187103e-05 2.1495822e-05 0.0049707317 0.027825404 4.534932e-06 0.12307115 0.009132274 0.0004316882 0.015281704 1.185368e-06 3.5290628e-07 0.44394368 3.256669e-06 2.1412973e-07 0.21112774 0.010634686 0.00056570355 0.04042691 0.90766233 8.246566e-05 0.6913089 0.35780835 0.024505595 2.7133078e-16 1.1481789e-05 0.033863243 0.99484247 0.00028303743 1.774591e-06 1.1395904e-05 0.6308548 5.358093e-07 6.711421e-07 0.016754394 0.0029240183 0.00029797878 3.9458024e-05 1.453214e-07 2.464415e-06 5.7433567e-06 0.00208126 8.739072e-09 5.544191e-07 0.15976289 7.732656e-07 1.7361901e-07 3.1299595e-07 1.11840805e-07 3.1515328e-06 0.3483973 0.00011415566 0.027672296 1.0627471e-05 1.5404915e-07 4.4605025e-05 1.6836298e-06 4.554855e-07 1.7408922e-07 6.9312664e-06 2.3865007e-06 0.021383699 7.144135e-05 0.0016327096 2.8163483e-06 0.00037577288 0.0014131042 3.020164e-06 0.0004050743 2.6186632e-05 5.1619867e-05 0.00017907795 0.0046222 5.8840407e-05 0.00074208056 0.0006276748 0.034614358 0.035608757 0.00030247302 0.044000626 0.0002815194 0.0004914918 0.0004057935 0.000105568964 2.2937663e-06 1.2847625e-08 0.0038947929 2.4120596e-05 4.902533e-06 0.00022943794 4.6982092e-07 6.8118025e-05 1.4077727e-05 1.2677819e-05 4.101444e-05 4.490758e-08
0.8152839 0.0037551194 0.0052773915 0.003379127 0.00031919713 0.023934718 0.41339207 0.054644607 0.00019887391 0.0019784614 0.7536885 3.6328085e-05 4.211472e-05 0.00019720248 0.004198121 0.07948139 0.4073228 8.57409e-05 0.72057694 0.38919267 4.8533807e-06 0.0006526023 0.043867692 1.239483e-05 3.8488756e-06 0.32356063 0.00014132698 1.179619e-06 0.00016440955 1.1481789e-05 1.1162952e-16 2.6589754e-05 1.1660627e-06 0.0326795 0.20650958 0.37325156 1.6975257e-06 0.5631332 0.97362244 9.4985023e-07 4.4517907e-05 0.0052540107 0.0072441106 0.060367286 0.00024961866 0.92555887 0.00043987957 0.064165205 0.00027647114 1.0669156e-07 0.01013282 0.07835171 0.14211617 0.017215274 0.05602424 2.6685959e-05 0.020107055 2.9904147e-06 0.05389312 0.02732435 5.5430228e-05 9.143118e-05 0.103042 0.008074463 2.0819169e-05 0.038844768 2.0774661e-07 4.0010505e-05 9.8506265e-05 0.00039074497 0.00531629 8.301793e-09 0.00015542012 2.2082333e-05 0.00012765541 0.14608534 0.003217212 4.1344283e-05 4.2407476e-07 7.325766e-06 1.8723265e-06 2.6184882e-05 2.2691718e-06 2.2678305e-06 1.0057224e-05 0.0012125794 6.20095e-07 1.6709491e-05 1.1923221e-05 0.00091621047 0.0022356114 1.3000061e-06 1.1326992e-07 3.3987203e-06 0.000117342664 0.0007792383 0.16003102 1.0196204e-07 1.02632264e-07 1.1338006e-07 0.00038359716
