2.893463e-23 0.91973555 0.92052555 0.82836604 0.885691 0.9467626 0.7620367 0.94531506 0.9519957 0.9397576 0.95478547 0.30758223 0.8787179 0.9427842 0.9560068 0.56656903 0.45390403 0.86766106 0.9192994 0.97094315 0.6646022 0.08835854 0.053469192 0.12438957 0.18851878 0.96127486 0.91580963 0.9472225 0.07338129 0.07511861 0.7227131 0.7236687 0.804748 0.89332217 0.88344795 0.2315257 0.94257385 0.17378269 0.9599397 0.8900379 0.849091 0.95434135 0.9202296 0.10194099 0.015537523 0.95010424 0.031617075 0.0099178795 0.96509755 0.8724073 0.0054777814 0.03368941 0.00073291897 0.0009577481 0.020248499 0.0013369786 0.0038316336 0.45768166 0.00057515077 0.00039676903 0.9943242 0.9691435 0.8999532 0.018854218 0.97162384 0.0023656234 0.9786358 0.8919444 0.99326247 0.44501668 0.9685583 0.65660244 2.9275856e-05 0.95872825 0.1329434 0.584121 0.030259725 0.05483696 0.94781035 0.0002887762 0.99912786 0.0037858635 0.10883102 0.24858633 0.27723503 0.59508646 0.16964044 0.49769402 0.110048555 0.05342291 0.9974039 0.9999165 0.9991264 0.00040689754 0.74024355 0.9985816 0.0017436265 0.98604447 0.005433933 0.00051753275 0.29790053
0.91973555 5.316334e-15 0.9003096 0.8035554 0.6897868 0.89463085 0.63791835 0.106630445 0.968572 0.10047994 0.0034615328 0.40925437 0.30906928 0.18982226 0.19668442 0.46308866 0.006802081 0.0006733206 0.0026147629 0.024948457 0.16302408 0.0023224754 0.0004844493 0.00035455488 0.14470136 2.6741394e-05 0.006705402 0.3687525 0.0972178 3.1805717e-05 0.022697438 0.00011816806 0.0016076213 0.00080743746 0.15329508 0.0036739402 3.2958917e-05 3.5793e-06 0.0043335254 4.0933668e-05 8.983431e-06 0.06725508 0.025183655 2.4110252e-05 1.8749666e-05 0.028995749 0.13953555 1.0983326e-05 0.015240488 0.0030606927 6.7419282e-06 5.0218e-06 1.4155043e-05 0.025997188 0.0059698345 0.013105716 0.1024321 8.0013495e-05 0.030448006 0.0096358815 0.05336855 0.0010047782 0.00019664453 1.3689e-06 0.0005604842 0.01812198 0.023131032 0.007405136 0.0019303161 3.5904985e-05 0.00046896774 1.1845634e-06 7.3528776e-05 0.0042526466 4.1749256e-05 5.575248e-06 7.012723e-06 1.0821784e-05 9.808489e-05 3.5269837e-05 0.0022741188 8.461363e-06 8.096716e-07 4.9179203e-06 1.904339e-05 4.7500238e-05 9.581948e-06 4.4473456e-08 2.9433411e-05 6.193628e-05 0.00032817296 0.0045076706 0.00052031624 3.5496644e-06 1.0043729e-05 2.4159941e-05 3.2365622e-06 6.0666305e-05 0.0007753517 2.772143e-06 4.258306e-06
0.92052555 0.9003096 2.0178298e-15 0.9465607 0.24975568 0.7510338 0.8943374 0.013438924 0.7663865 0.020315552 0.00019031431 0.2982767 0.76750994 0.038234215 0.57795274 0.6165873 0.0019037068 0.000109341076 0.0003387317 0.0026141547 0.13863008 0.0014281664 0.00040151764 0.000116288786 0.14276719 1.4443115e-06 0.040105633 0.18467814 0.09946565 1.6325466e-05 0.30347002 2.3585766e-05 0.003724994 6.0920185e-05 0.28193924 0.0074165924 9.4401104e-05 1.5199699e-06 0.0004061007 0.00012899472 7.3335527e-06 0.053197797 0.011423811 1.682098e-05 1.1828198e-05 0.008324167 0.36969557 1.9796515e-05 0.017972246 0.004824263 1.3407146e-05 9.068294e-06 3.555711e-05 0.029177831 0.07230736 0.026416948 0.10546377 2.3502509e-05 0.03760587 0.017442696 0.03782915 7.663807e-05 1.8077386e-05 1.0024871e-06 0.0006118949 0.02231046 0.036586553 0.0037701398 0.0019524305 9.234491e-05 0.0006242077 3.1204075e-07 0.00014857853 0.0008169451 3.5016346e-06 7.449401e-06 2.6328138e-05 5.3322186e-05 1.14710965e-05 0.00012298202 0.0009248981 9.925183e-06 1.1513396e-08 1.3254209e-05 0.00027866103 0.00032426981 8.6574966e-07 3.997412e-07 6.354628e-05 0.00020737716 0.00026416354 0.0048953965 0.00014732657 2.6287983e-06 4.0562052e-05 1.6365132e-06 3.571027e-05 7.607192e-05 0.0014924507 1.3792188e-05 1.7345505e-05
0.82836604 0.8035554 0.9465607 8.0646975e-18 0.11587285 0.78644854 0.9619159 0.0072584487 0.5576644 0.012013453 0.00013604733 0.28592286 0.6833277 0.01834886 0.30895993 0.65557146 0.00095845753 7.1530725e-05 0.0002994036 0.0022788323 0.10811277 0.00078125927 0.00024308215 4.4058423e-05 0.137161 1.1750121e-06 0.011297203 0.080596365 0.09531171 4.0085456e-06 0.1542588 1.8507313e-05 0.0015224398 2.260197e-05 0.1125462 0.0075502996 8.091584e-05 4.4819296e-07 0.00023922746 7.5543074e-05 1.6648293e-06 0.023251556 0.0062794685 2.5622098e-06 2.5131267e-06 0.005652287 0.3493664 2.0330563e-06 0.010286123 0.003520715 6.214736e-06 2.1096455e-06 1.2951237e-05 0.04481388 0.053285997 0.033698972 0.13727702 3.5315998e-06 0.060204122 0.025786016 0.014689764 2.7233946e-05 3.3725287e-06 9.301137e-08 0.0006050995 0.036109194 0.013011847 0.002186078 0.0016583072 5.2418512e-05 0.00078920374 6.799603e-08 0.00026688518 0.00069395144 1.9656285e-07 8.483223e-07 1.9180981e-05 2.0606489e-05 1.9760007e-06 7.191356e-05 0.00060199737 3.0101949e-06 4.5551865e-10 4.867982e-06 8.199076e-05 0.00019380679 8.8068276e-08 9.341245e-08 4.2729287e-05 6.4455766e-05 0.00042691815 0.0026343837 7.860085e-05 7.429015e-07 2.08262e-05 3.2444316e-07 2.6357657e-05 0.000119914985 0.0017056454 1.1942327e-05 1.36665985e-05
0.885691 0.6897868 0.24975568 0.11587285 2.2628692e-18 0.5981134 0.038440913 0.92506105 0.66107094 0.7960119 0.19466187 0.13253821 0.0073553785 0.9532666 0.0066846283 0.045845587 0.12573922 0.019265892 0.22165208 0.32493305 0.52244306 0.06584593 0.013171887 0.008455584 0.25733778 0.0014200772 0.0020143331 0.25807008 0.20543547 0.0015690365 0.0014434577 0.0016901905 0.00064326846 0.042356394 0.05217126 0.14615643 2.1677559e-05 0.00015290055 0.10341734 9.296056e-06 0.00079696 0.043753847 0.056029312 0.0002990352 9.013239e-05 0.049557764 0.001500703 6.7788875e-05 0.008141324 0.0026313907 2.8649272e-05 3.3365086e-05 6.922491e-05 0.0051806704 0.00010587124 0.00070435274 0.11357963 0.00069631316 0.012935619 0.0012058442 0.037723634 0.0157426 0.002256325 1.9114931e-07 0.00031630983 0.031359337 0.011272751 0.03682927 0.0009741844 3.0665826e-05 0.00039347925 8.85773e-06 0.000105077306 0.022233086 0.000153701 3.7660233e-05 8.041986e-07 6.485489e-07 0.0018742409 0.00044720608 0.017517144 2.256994e-07 8.9485314e-07 1.2554367e-06 6.188818e-08 3.28953e-05 2.7774266e-05 1.6848047e-07 9.036443e-07 5.246677e-07 0.0003290809 0.0022302398 0.0062073055 2.1009969e-07 2.4088702e-06 0.0015610426 2.6997023e-07 1.857633e-05 5.207883e-05 2.3694814e-07 2.7963043e-07
0.9467626 0.89463085 0.7510338 0.78644854 0.5981134 6.9312578e-18 0.79086864 0.10407881 0.58187634 0.27614713 0.010663594 0.9523919 0.063970596 0.07088023 0.011851748 0.8350649 0.020925572 0.00044227066 0.0008078973 0.008887638 0.65309304 0.012559249 0.002362948 5.172764e-05 0.6367901 6.929271e-06 7.3954885e-05 0.06212685 0.3362592 3.5761202e-06 0.004869991 1.750582e-05 0.00014902484 3.7593487e-05 0.018325273 0.14622407 1.9880981e-06 4.1400148e-07 0.0002976073 1.6957168e-06 1.5211125e-06 0.010165559 0.0055209813 2.4191252e-07 6.179574e-07 0.0051568625 0.31529287 2.099917e-07 0.0012332115 0.00026322855 3.3604858e-06 2.0062303e-06 1.5654583e-05 0.049949847 0.0073568723 0.031791832 0.27434108 3.1044872e-06 0.08638323 0.021186717 0.0046868157 7.143188e-05 1.8407825e-05 1.3386855e-07 6.1117134e-06 0.19145922 0.0022404075 0.002734664 6.339774e-05 3.778106e-07 5.153443e-05 1.2939176e-07 0.0005871511 0.0010310783 2.445876e-06 2.728587e-06 2.0001961e-07 1.1870383e-07 2.4824662e-05 0.0008208503 0.00034453406 8.610094e-07 1.2679359e-08 7.7388336e-08 2.2927823e-06 2.6924708e-06 5.187268e-07 1.8733374e-08 7.7495616e-07 1.9021306e-06 2.1307173e-05 0.00058547244 0.0003088918 7.125504e-07 3.5890178e-06 1.8247467e-06 1.755415e-07 3.2662956e-06 0.00024627493 7.8197594e-08 5.1727585e-07
0.7620367 0.63791835 0.8943374 0.9619159 0.038440913 0.79086864 5.657111e-16 0.004803205 0.3440433 0.008424841 0.00017284957 0.43536007 0.8747592 0.0072296066 0.28942132 0.8919262 0.00088345003 5.9150698e-05 0.00017173556 0.0012859044 0.08634705 0.00079839554 0.0002639714 4.714718e-05 0.1764886 1.0210056e-06 0.015498144 0.022628682 0.09321487 2.0936432e-06 0.24742109 2.3321478e-05 0.0021883664 7.645342e-06 0.06238842 0.007519856 0.00023476647 4.2209007e-07 6.762808e-05 0.00016826058 1.097145e-06 0.008285596 0.0034845674 3.4642803e-06 2.7734493e-06 0.0026659975 0.4352463 3.6007634e-06 0.006049056 0.003974443 7.592322e-06 6.2856843e-06 9.77333e-06 0.060803905 0.11455621 0.04342582 0.1328697 3.950752e-06 0.05992423 0.026745006 0.0063770763 7.317205e-06 3.2804435e-06 1.5029659e-07 0.00064537727 0.039489895 0.005833301 0.0009981171 0.0017312864 0.00013553865 0.0018686653 2.5041683e-07 0.0003604483 0.00067117007 3.5221365e-07 1.9892111e-06 0.00010508821 2.6331452e-05 2.0126442e-06 6.496297e-05 0.00073162356 2.0521932e-06 8.9630975e-10 2.7202042e-05 0.0001613537 0.00056113367 8.1683986e-08 6.88599e-08 0.0001292606 0.00012383435 0.00092461065 0.001645093 7.572506e-05 1.07572e-06 5.1938172e-05 5.508443e-07 0.0001166441 0.00058424263 0.007539722 4.918772e-05 2.5441539e-05
0.94531506 0.106630445 0.013438924 0.0072584487 0.92506105 0.10407881 0.004803205 2.0359523e-16 0.090826795 0.7779799 0.8577778 0.015857192 0.0005910455 0.7360341 0.00026101075 0.0039463034 0.30791557 0.28374055 0.88421637 0.57604235 0.4009004 0.1463849 0.06544805 0.0966888 0.05225423 0.07478589 4.0835377e-05 0.034120385 0.07791696 0.036164947 5.9229274e-05 0.034145903 2.2425116e-05 0.12527347 0.005584055 0.27956063 1.0323447e-06 0.011012143 0.14371493 4.095444e-07 0.020643188 0.016924456 0.02620254 0.0024904872 0.0016995944 0.023857076 0.00013500314 0.00076299947 0.001349155 9.788548e-05 0.0033676934 0.0018231214 0.003644383 0.0011081315 4.519831e-05 0.0006798073 0.027946291 0.0044554505 0.0016337228 5.584894e-05 0.014791421 0.060898658 0.0074832453 1.3839846e-05 3.2779713e-05 0.015689319 0.0040384694 0.046951998 0.00014167921 1.3867134e-06 2.1420532e-05 0.00010125781 0.0003486345 0.029641243 0.002016656 0.0005333114 9.505915e-07 1.199973e-07 0.0067244344 0.0013405388 0.038496137 4.3888827e-05 2.6979778e-05 2.377322e-07 1.686766e-07 4.7606973e-06 0.00010887752 1.4144401e-06 4.8984975e-07 2.0851508e-06 8.673959e-05 0.001022242 0.02335189 7.2357175e-06 4.040638e-07 0.0054914956 6.4003035e-07 4.961742e-06 4.88149e-05 1.6527345e-07 2.9886058e-07
0.9519957 0.968572 0.7663865 0.5576644 0.66107094 0.58187634 0.3440433 0.090826795 2.4936138e-14 0.032668583 0.0012885954 0.15943673 0.18268186 0.33642277 0.35254717 0.1837669 0.0036089455 0.00029381568 0.002655704 0.046962272 0.02688083 0.0014909031 0.00054552057 0.00015338867 0.038196612 1.3373752e-05 0.080598965 0.90636915 0.022625184 2.2273065e-05 0.03199151 3.738177e-05 0.0065915706 0.0010235995 0.7081598 0.0011887434 0.00014231323 2.377473e-06 0.010067772 0.00021559064 1.7893686e-05 0.25387144 0.10711358 1.2305506e-05 1.67262e-05 0.097441845 0.033609875 5.2493204e-05 0.08247751 0.017972983 6.065569e-06 1.0314998e-05 2.938273e-05 0.005776403 0.0051218625 0.0034191255 0.023310134 5.594985e-05 0.007344139 0.0032724729 0.20436913 0.0009006048 0.0003211568 4.3281725e-07 0.002794726 0.0023878198 0.10940992 0.027913623 0.007238327 0.00012670174 0.0020574727 1.7753257e-06 8.18698e-05 0.0114453975 7.391617e-05 6.6687035e-06 2.434293e-05 2.5140604e-05 0.0002936297 5.323269e-06 0.0077790404 5.6034246e-06 6.2295203e-07 9.6461e-06 7.74309e-05 0.000336906 8.078241e-06 6.776751e-08 8.1515864e-05 4.800537e-05 0.0008897403 0.01756126 0.0007372833 5.835841e-07 9.670145e-05 0.00014642885 4.509152e-06 0.0002979316 0.001311498 9.338235e-06 1.5158334e-05
0.9397576 0.10047994 0.020315552 0.012013453 0.7960119 0.27614713 0.008424841 0.7779799 0.032668583 2.0771762e-17 0.7050646 0.10411433 3.1372398e-05 0.26144266 7.502886e-05 0.013617142 0.97489977 0.28325897 0.075856 0.13281642 0.8890853 0.6105601 0.2662134 0.14041243 0.29616958 0.0029404135 6.033221e-06 0.025001893 0.16079444 0.012848522 0.0001234463 0.0027508917 2.4824898e-05 0.004003971 0.0041137077 0.5320315 9.256379e-08 0.0017787705 0.020845158 3.0615303e-07 0.00048147692 0.009200917 0.022045702 0.00015230358 0.00017911672 0.013158962 0.00022529392 0.00012463692 0.0004385597 0.00014643346 0.0026132572 0.0020288592 0.0026278598 0.0012824503 9.6446514e-05 0.0005594335 0.068434 5.63389e-05 0.0037609306 0.0004147765 0.0034098774 0.0052480362 0.000765098 1.0672835e-06 6.8330287e-06 0.0915046 0.0007762655 0.017326947 7.413947e-05 7.490127e-08 8.824888e-06 3.219412e-06 0.0006197945 0.008206974 0.00010308286 2.8387176e-05 1.4629504e-07 1.4237905e-08 0.00071466836 0.003048561 0.0012218726 4.9907358e-05 1.707389e-06 5.1821672e-08 3.19587e-08 2.8965633e-06 3.922385e-06 2.8043507e-07 7.4844115e-07 1.1324277e-06 6.459065e-05 0.0003037148 0.0011066225 1.7165326e-05 1.6715356e-05 0.00016116592 1.39938e-07 9.346905e-06 9.030773e-05 1.7875861e-07 3.9884856e-07
0.95478547 0.0034615328 0.00019031431 0.00013604733 0.19466187 0.010663594 0.00017284957 0.8577778 0.0012885954 0.7050646 2.0098975e-19 0.002832644 2.3097646e-06 0.08331879 1.3909532e-06 0.00014119498 0.6957635 0.96386445 0.62518907 0.17014207 0.27897462 0.47993588 0.17260039 0.5902519 0.020323198 0.11329761 1.1019091e-07 0.009222298 0.02311029 0.29072836 6.445272e-06 0.14434974 6.8650235e-07 0.089885116 0.00022859249 0.35414138 8.903314e-09 0.16767082 0.105028376 4.9061972e-09 0.025929058 0.002857586 0.015569658 0.011181559 0.006277942 0.0072458787 4.2476386e-06 0.0060902205 3.0482077e-05 3.5059684e-06 0.017970506 0.040255412 0.0055287103 0.00010221572 4.9994605e-06 8.354894e-06 0.0090087075 0.0005753606 0.00029697223 6.225277e-06 0.001139377 0.09164914 0.019450614 6.590518e-05 1.2078215e-07 0.0046105357 0.00013636076 0.044775583 1.8458162e-06 4.6147512e-09 6.2102356e-07 4.998076e-05 9.805907e-05 0.019925864 0.0005255792 0.00010794021 2.1667933e-08 1.7464381e-09 0.012200537 0.0009974098 0.0068466975 0.00031786383 1.0933288e-05 1.28188145e-08 6.6774405e-08 2.3845155e-07 6.12039e-05 1.9480938e-05 1.172034e-08 5.0805323e-07 1.4168729e-06 6.965742e-05 0.010953762 0.00012318967 2.3819482e-06 0.0042877668 7.1805206e-09 3.771263e-07 3.0059664e-06 5.565369e-09 1.0517098e-07
0.30758223 0.40925437 0.2982767 0.28592286 0.13253821 0.9523919 0.43536007 0.015857192 0.15943673 0.10411433 0.002832644 1.6488328e-17 0.033132855 0.0147824455 0.0035642686 0.9751209 0.01170533 0.0003040173 0.00022591098 0.0013428779 0.7267564 0.013134526 0.0042037875 0.00019960792 0.8622673 3.359616e-05 0.00048850453 0.0028538778 0.49463618 1.5358546e-05 0.0036745903 4.8139147e-05 0.0003215396 3.8766734e-06 0.00080990297 0.18488769 2.2284348e-05 5.26617e-06 7.115034e-05 4.6720866e-06 2.412643e-06 0.0007949815 0.0005620881 3.2667501e-06 1.732777e-06 0.00041475886 0.4669745 2.0794098e-06 0.00037823265 7.440509e-05 1.0256807e-05 1.4549406e-05 2.2548835e-05 0.25740784 0.029780975 0.106786124 0.4371356 1.3420053e-05 0.20463826 0.05646585 0.00040417849 5.8748033e-06 3.5231428e-06 1.7628251e-07 2.1228e-06 0.24861635 0.00028940925 0.00021168443 1.13438255e-05 8.273629e-06 0.00015594793 1.004909e-06 0.005461572 0.0001109503 1.35638e-05 1.3712305e-05 1.3984788e-06 8.545999e-07 2.171912e-06 0.004200662 0.0001370111 2.3249495e-06 1.9950181e-07 9.972123e-07 1.3557735e-05 7.5468797e-06 4.4389813e-06 5.8360435e-08 7.111598e-06 2.0293495e-05 3.7945076e-05 1.9168983e-05 3.566912e-05 2.8731695e-06 9.170753e-06 3.4822614e-07 1.5594748e-06 2.3750426e-05 0.00016426801 1.0852752e-06 5.6088725e-06
0.8787179 0.30906928 0.76750994 0.6833277 0.0073553785 0.063970596 0.8747592 0.0005910455 0.18268186 3.1372398e-05 2.3097646e-06 0.033132855 2.7949146e-15 0.0023953682 0.91643363 0.2564394 7.837756e-05 2.4985206e-06 3.7796256e-06 0.00022536442 0.00066192285 1.1853969e-05 6.033463e-06 5.067356e-07 0.0050691213 9.654064e-09 0.6202342 0.019329622 0.0019444328 1.3092428e-08 0.9859592 3.679757e-08 0.23237428 2.69528e-07 0.2566623 0.00050080166 0.055898514 5.3748845e-09 2.4640437e-06 0.022677897 2.2596818e-07 0.014935608 0.004364208 2.0843565e-07 1.6426229e-07 0.0029606677 0.16755657 2.7626777e-07 0.0390177 0.05392997 3.6390804e-07 3.5720996e-07 1.5420319e-07 0.0025613683 0.18591431 0.004064246 0.0040793456 5.5011714e-07 0.0008491297 0.0015360451 0.011539961 4.229334e-07 4.540201e-07 5.0443884e-08 0.028196463 0.00031758993 0.019131765 0.0010763142 0.032127295 0.003710348 0.020105582 4.608763e-08 1.3194694e-05 0.00022787377 6.1466415e-07 2.53933e-07 0.0042168917 0.000999936 2.1754953e-07 6.1218367e-07 0.00015879035 5.0590415e-07 6.9930777e-09 0.0001883723 0.0044977153 0.004682085 3.270472e-08 7.418225e-09 0.0005237978 0.00041699517 0.01790795 0.013395197 1.0295646e-05 7.371867e-08 0.00067114446 1.1206625e-06 0.0010732803 0.007289854 0.04603662 0.00020909078 0.00014871747
0.9427842 0.18982226 0.038234215 0.01834886 0.9532666 0.07088023 0.0072296066 0.7360341 0.33642277 0.26144266 0.08331879 0.0147824455 0.0023953682 1.1470257e-16 0.0046666875 0.0036207791 0.049911838 0.016719056 0.32909444 0.9187356 0.12672147 0.015984153 0.005444691 0.0068155844 0.018787133 0.00526489 0.0023404006 0.76722306 0.014888067 0.0016112006 0.0005579746 0.0029959555 0.0008315978 0.17058983 0.16484348 0.027918307 3.4121284e-05 0.00029162207 0.4370669 2.00551e-05 0.0016772213 0.18818213 0.32708386 0.00020274123 9.997014e-05 0.19698489 0.00013474924 8.446541e-05 0.015373738 0.004163127 0.000112697635 0.00012936677 8.5327905e-05 0.0006798903 2.0368629e-05 0.00012803484 0.006705709 0.0017497559 0.0010105514 8.519845e-05 0.12474322 0.054738306 0.005267851 3.4728853e-07 0.0012440934 0.0035497511 0.031336486 0.20506604 0.003077197 2.0529771e-05 0.0012193429 1.7464099e-05 9.257223e-05 0.07605752 0.00029816496 0.0001395709 2.2087524e-06 2.7733013e-06 0.005225358 0.00026232563 0.08302528 7.3333363e-06 9.919689e-07 1.9387296e-06 2.1943997e-06 0.00017078759 5.7013576e-06 1.13140594e-07 2.106296e-06 2.6605264e-06 0.0009739383 0.011132896 0.03188038 1.7183467e-06 1.649719e-05 0.010211523 1.9239054e-07 6.292285e-05 0.0003902463 4.3340378e-07 7.315457e-07
0.9560068 0.19668442 0.57795274 0.30895993 0.0066846283 0.011851748 0.28942132 0.00026101075 0.35254717 7.502886e-05 1.3909532e-06 0.0035642686 0.91643363 0.0046666875 9.092985e-17 0.022562807 3.914017e-05 8.3547775e-07 2.4014831e-05 0.00021955323 0.00030811684 1.41139035e-05 4.5536717e-06 6.0951415e-06 0.002232521 5.5368695e-08 0.96575373 0.10689539 0.0005321903 2.112225e-07 0.55586916 8.3922134e-07 0.5313679 2.4755322e-05 0.7374775 0.00046853253 0.058571335 1.222223e-07 0.00040521228 0.07131905 1.0626289e-06 0.10013179 0.020319594 4.8903168e-08 2.3078125e-07 0.01939242 0.04160507 4.047059e-07 0.25462824 0.3497641 5.3946023e-06 2.3913703e-05 1.3518537e-05 0.0009091701 0.031674094 0.0017756958 0.0012115733 2.1048675e-07 0.00048684236 0.00083539454 0.12673414 3.9296134e-05 2.3532719e-05 3.2031792e-07 0.09125758 0.00033521574 0.21800941 0.008998116 0.14699912 0.017391337 0.036512706 1.1350907e-08 3.1534557e-05 0.002334617 2.1331446e-07 4.266845e-07 0.004003992 0.00091528025 8.440448e-06 1.5755848e-05 0.000718448 9.0956935e-05 6.8069825e-09 8.110419e-05 0.02400812 0.003446103 6.701668e-07 3.778353e-08 0.00033621062 0.00057429494 0.016976256 0.15013473 0.00061365974 7.5776748e-06 0.0003779121 2.1956996e-06 0.00057027664 0.009005843 0.01718955 0.00010122228 0.0001944466
0.56656903 0.46308866 0.6165873 0.65557146 0.045845587 0.8350649 0.8919262 0.0039463034 0.1837669 0.013617142 0.00014119498 0.9751209 0.2564394 0.0036207791 0.022562807 1.8592087e-16 0.00233974 6.2938096e-05 1.7174054e-05 0.00047630884 0.34512496 0.0018461146 0.0014216151 2.8950932e-05 0.66149473 2.6821235e-07 0.0057228217 0.003161253 0.39776373 5.6068967e-07 0.09226503 3.0949773e-06 0.0015711561 1.4351244e-06 0.002808312 0.025493013 0.0001560482 1.9680708e-07 2.5200702e-06 3.3904766e-05 9.866853e-07 0.0009062299 0.0005939526 2.4191436e-07 1.0998614e-06 0.0002666572 0.84255344 3.9068755e-07 0.00084273785 0.00031473069 6.2938902e-06 7.7657905e-06 2.020858e-05 0.57649964 0.46813726 0.55344254 0.5866319 1.5801568e-06 0.45534787 0.32402432 0.00085643004 1.000578e-06 1.1149145e-06 5.4013608e-08 7.471006e-05 0.20290992 0.00069712347 0.00015000685 0.00026301877 3.8090428e-05 0.0003340044 1.2514084e-06 0.0045604515 0.00012523505 4.2766073e-06 2.7449085e-05 5.8775076e-05 1.2193825e-05 5.781123e-07 0.002044221 6.8526744e-05 1.0218628e-06 3.241081e-08 1.5520764e-05 0.00016818695 8.572398e-05 6.633497e-07 1.3512144e-07 4.344731e-05 0.00013180074 0.00036083278 0.0002790147 1.3762062e-05 2.409408e-06 0.00013209115 3.2264094e-07 2.5352167e-05 0.00019632746 0.004178903 3.3980254e-05 4.0462724e-05
0.45390403 0.006802081 0.0019037068 0.00095845753 0.12573922 0.020925572 0.00088345003 0.30791557 0.0036089455 0.97489977 0.6957635 0.01170533 7.837756e-05 0.049911838 3.914017e-05 0.00233974 1.7719523e-16 0.48584658 0.09879717 0.042406384 0.7689121 0.9215083 0.8456899 0.7696205 0.081084415 0.01047945 8.263007e-06 0.0016888957 0.064611 0.2746793 1.2587163e-05 0.016873905 1.082331e-05 0.0030828423 6.863898e-05 0.62157017 3.5236553e-07 0.0433436 0.008335415 3.6402335e-07 0.00139287 0.0012380618 0.0017107655 0.00074270566 0.00069249934 0.0007713713 0.00013747704 0.0007321994 1.3832918e-05 6.9103976e-06 0.049459856 0.03155783 0.037622605 0.001364634 7.998725e-05 0.00048963656 0.01996776 0.00025929292 0.00067258935 0.00018746225 0.0002813248 0.002543492 0.00090217195 2.296174e-06 3.7832805e-07 0.02814717 2.1235157e-05 0.0029597203 1.0827229e-06 2.4712787e-07 3.1180289e-06 2.5063353e-05 0.001389465 0.0011790949 0.00032918196 0.00012656226 8.398197e-08 3.2221273e-08 0.00062041066 0.010496182 0.00070735096 7.200332e-05 1.3789485e-06 1.4714907e-08 5.3641955e-08 6.400438e-07 3.5716945e-05 6.1744424e-07 6.1574745e-08 1.233037e-06 3.3142157e-06 9.52852e-06 0.001002988 0.00025329753 2.0057769e-06 0.00014828255 8.49802e-08 1.7422368e-06 4.526647e-05 3.7947114e-08 1.3858217e-07
0.86766106 0.0006733206 0.000109341076 7.1530725e-05 0.019265892 0.00044227066 5.9150698e-05 0.28374055 0.00029381568 0.28325897 0.96386445 0.0003040173 2.4985206e-06 0.016719056 8.3547775e-07 6.2938096e-05 0.48584658 1.3777467e-16 0.6274425 0.042119313 0.09592734 0.53420985 0.17598988 0.8954806 0.0048823985 0.50148284 2.788882e-07 0.00035162296 0.0039935275 0.78438616 2.9163905e-06 0.8029313 5.116152e-07 0.10641556 4.4631265e-06 0.16947612 1.8246405e-08 0.7256173 0.06308488 1.3077504e-08 0.15563983 0.00035735324 0.0034967347 0.13777664 0.13337612 0.001347259 3.895082e-07 0.070113644 4.613161e-06 4.0887397e-07 0.05481878 0.15758047 0.0071530794 7.3035306e-05 1.2803733e-05 2.7044991e-06 0.0011128257 0.005614123 3.0501938e-05 1.733205e-06 0.00024237728 0.08692862 0.04254653 0.0036257496 1.945909e-08 0.0009379238 2.893998e-06 0.01795114 9.589067e-08 2.3645818e-08 1.387949e-06 0.0010108487 0.00011142152 0.008895638 0.0042743064 0.0013682229 6.926218e-08 6.4828165e-09 0.018581366 0.0006785002 0.006566267 0.002570903 0.0001365923 1.5921627e-08 4.8896077e-08 1.61379e-07 0.0008191588 0.00017637409 2.9074146e-08 7.8835217e-07 9.510377e-07 2.4113665e-06 0.017779846 0.001415102 1.4991275e-06 0.007678421 5.9968635e-08 4.4037287e-07 1.3848348e-05 8.7014534e-08 6.2193955e-08
0.9192994 0.0026147629 0.0003387317 0.0002994036 0.22165208 0.0008078973 0.00017173556 0.88421637 0.002655704 0.075856 0.62518907 0.00022591098 3.7796256e-06 0.32909444 2.4014831e-05 1.7174054e-05 0.09879717 0.6274425 8.365008e-16 0.86391413 0.010807542 0.05484968 0.023276597 0.1688676 0.00065818493 0.89255327 2.4239298e-06 0.013480733 0.00035802883 0.11132072 1.1649463e-05 0.24323103 4.4380417e-06 0.9086379 0.00046095072 0.036524326 8.544426e-07 0.09591189 0.35769004 1.6998465e-07 0.3745264 0.005202828 0.015411354 0.018754184 0.015578377 0.01139296 2.377543e-06 0.0075449375 0.00022210968 1.4062297e-05 0.0071496326 0.022660974 0.0012825811 2.4269957e-05 2.8190505e-05 1.2812906e-05 0.00013140187 0.37153977 5.5507935e-05 5.394854e-06 0.006472211 0.2253645 0.20081797 0.00067684415 3.6219544e-06 9.074502e-05 0.0012755101 0.08906085 4.5574707e-05 5.5081694e-07 7.94182e-06 0.006023983 3.9754606e-05 0.056445062 0.055135872 0.006043694 1.1111009e-06 1.7813225e-08 0.06029864 0.00038173393 0.05662527 0.0007210701 0.0005227957 7.648732e-08 6.993721e-08 7.520407e-07 0.006157646 0.0001398551 1.2380593e-07 3.5795745e-07 1.971548e-05 0.00049344415 0.12635261 0.00023117899 8.538081e-07 0.026775733 5.7032906e-07 4.3903398e-07 7.669268e-05 1.519901e-07 1.3474992e-07
0.97094315 0.024948457 0.0026141547 0.0022788323 0.32493305 0.008887638 0.0012859044 0.57604235 0.046962272 0.13281642 0.17014207 0.0013428779 0.00022536442 0.9187356 0.00021955323 0.00047630884 0.042406384 0.042119313 0.86391413 1.1232365e-16 0.028591447 0.015240995 0.0061887302 0.014769699 0.0020286134 0.08171917 7.663764e-05 0.3518857 0.0017337245 0.003776972 0.00010387302 0.011596652 2.1249987e-05 0.65132374 0.038034886 0.018803334 1.4688843e-06 0.0015826507 0.7612074 7.057025e-07 0.014469891 0.10585411 0.37373868 0.00029578622 0.00032416225 0.12699938 1.3078503e-06 0.00038296182 0.006796893 0.0008267898 5.7260007e-05 0.00024550603 6.659136e-05 1.3608995e-05 7.682668e-06 1.7922829e-06 0.0008411521 0.009795347 0.00010112483 2.7953483e-06 0.07710527 0.51655024 0.10332204 1.0819828e-06 0.00027940905 0.00063364767 0.012055626 0.66407484 0.00085231656 1.5641218e-06 6.824709e-05 0.00064329535 2.5359177e-05 0.26614016 0.0019203395 0.0009603891 6.987331e-07 2.6308822e-08 0.02401219 0.00012669738 0.2869365 6.5164575e-05 7.3035267e-06 9.056125e-08 1.1795531e-07 5.0974486e-06 0.00025254543 2.0252719e-07 1.2858455e-07 2.2422591e-07 0.00030095378 0.0037468737 0.1793786 6.415927e-06 7.09807e-07 0.030419629 6.434137e-08 1.1306195e-05 1.880025e-05 4.852029e-08 4.4990568e-08
0.6646022 0.16302408 0.13863008 0.10811277 0.52244306 0.65309304 0.08634705 0.4009004 0.02688083 0.8890853 0.27897462 0.7267564 0.00066192285 0.12672147 0.00030811684 0.34512496 0.7689121 0.09592734 0.010807542 0.028591447 1.2192151e-16 0.6324571 0.7601873 0.07105689 0.950083 0.00080777175 4.586041e-05 0.004618353 0.9096252 0.0048402515 0.00047879113 0.00096715795 4.9698043e-05 0.0004419673 0.00066378544 0.9537802 1.6248464e-06 0.00044653998 0.0022768846 1.3969725e-06 0.0005459275 0.0028317468 0.0028546646 1.5962116e-06 1.1441052e-05 0.00051562575 0.0077592395 8.923992e-06 0.00015503302 7.224847e-05 0.005758184 0.00085009105 0.030591993 0.010727344 0.00014615986 0.004954586 0.28495228 1.3843318e-05 0.02067304 0.0010454081 0.00023144968 0.001245021 0.00019379883 9.8730794e-08 1.4894142e-06 0.45990697 0.00014986744 0.0019443614 5.5238693e-06 2.22422e-07 6.732076e-05 8.848783e-07 0.02001015 0.001040759 7.5951616e-06 1.6242355e-05 3.1243977e-07 3.5185362e-08 0.00018614627 0.107847124 0.00023983259 1.172459e-06 5.1476384e-08 1.48263e-08 3.8464077e-07 1.7367634e-05 5.1341956e-08 2.4858478e-08 4.2788656e-07 7.265225e-07 1.9400824e-05 5.5508466e-05 0.0008904126 5.1859547e-06 5.901722e-05 6.4241494e-06 2.3575026e-08 2.226884e-05 5.6195306e-05 1.1441744e-08 6.782385e-07
0.08835854 0.0023224754 0.0014281664 0.00078125927 0.06584593 0.012559249 0.00079839554 0.1463849 0.0014909031 0.6105601 0.47993588 0.013134526 1.1853969e-05 0.015984153 1.41139035e-05 0.0018461146 0.9215083 0.53420985 0.05484968 0.015240995 0.6324571 1.8211145e-16 0.99199235 0.7253288 0.028253594 0.00955687 4.1455246e-06 0.0010520495 0.03308307 0.18253867 1.30161825e-05 0.027411202 2.5473962e-06 0.0029433004 0.00012873825 0.5406658 8.925877e-07 0.03204407 0.0033467559 3.0269533e-07 0.004697697 0.00057983893 0.0004716546 0.00032285778 0.0003238591 0.000121183155 1.5111215e-06 0.0008625517 2.5980593e-05 2.77512e-05 0.034758847 0.019985326 0.06109044 0.00019730332 4.7098306e-06 1.4319071e-05 0.0048944796 0.00017250492 0.00012875887 2.8350654e-05 0.00019453044 0.0011703019 0.0005585105 1.6056989e-06 9.619683e-07 0.008613195 4.9658058e-05 0.0009703166 5.6975473e-06 5.818757e-07 1.7402642e-06 1.02187605e-05 0.0008784755 0.00033438462 0.00020336284 5.8666214e-05 6.0041117e-07 4.0151452e-08 0.00022469184 0.00700329 0.0002990201 5.4877368e-05 1.9306094e-06 3.8473793e-09 5.413893e-08 2.5026546e-07 3.1482375e-06 1.6691828e-07 2.7626697e-07 3.6693717e-07 2.7123448e-05 6.267288e-05 0.0005887631 0.00020959307 1.6748865e-07 0.00010661138 2.8349922e-07 5.698243e-06 2.1564749e-05 9.536847e-08 2.7104804e-07
0.053469192 0.0004844493 0.00040151764 0.00024308215 0.013171887 0.002362948 0.0002639714 0.06544805 0.00054552057 0.2662134 0.17260039 0.0042037875 6.033463e-06 0.005444691 4.5536717e-06 0.0014216151 0.8456899 0.17598988 0.023276597 0.0061887302 0.7601873 0.99199235 4.586094e-16 0.8414433 0.06440818 0.0018972557 8.096619e-06 4.49169e-05 0.07434781 0.35426202 7.1335955e-05 0.011469644 1.7533748e-06 0.00031843976 3.2077787e-06 0.855406 2.701062e-07 0.07836687 0.00059979537 5.3528737e-07 0.0010328937 0.00026940453 0.00014658507 0.0002597644 0.00060824165 0.00012666537 4.9091623e-06 0.0005326346 5.563924e-06 2.8731945e-06 0.37384224 0.13475692 0.38254777 0.000289907 2.8531158e-05 0.00013106647 0.007559104 6.14234e-05 0.0002697236 5.923351e-05 0.00015437527 0.00042041444 3.785695e-05 8.149953e-07 3.8173175e-06 0.014951562 2.5324305e-05 0.00025577642 1.0825107e-05 1.572691e-06 3.5182238e-06 3.4220742e-05 0.0015191206 0.00037577105 2.2897331e-05 3.0169673e-05 5.0785656e-07 2.5280843e-07 6.355671e-05 0.032308027 0.0008161683 2.2789494e-05 6.812078e-08 7.989834e-09 5.295291e-07 2.0352898e-07 7.370559e-08 2.5022642e-08 1.3391983e-06 4.0317295e-06 2.4919944e-05 2.1153639e-05 0.00026901867 0.00017279899 2.6613461e-06 2.357821e-05 2.6627563e-07 1.9179592e-05 2.2622757e-05 9.927218e-08 1.1118586e-06
0.12438957 0.00035455488 0.000116288786 4.4058423e-05 0.008455584 5.172764e-05 4.714718e-05 0.0966888 0.00015338867 0.14041243 0.5902519 0.00019960792 5.067356e-07 0.0068155844 6.0951415e-06 2.8950932e-05 0.7696205 0.8954806 0.1688676 0.014769699 0.07105689 0.7253288 0.8414433 7.487936e-17 0.00068072695 0.07169784 1.156963e-06 0.00029342846 0.0019072014 0.98219573 5.865267e-07 0.39417544 2.986369e-07 0.020538503 8.70279e-06 0.41312975 9.234812e-08 0.76378846 0.008617633 3.4534768e-08 0.03269306 0.00024204119 0.00041979062 0.008532718 0.011191279 5.397883e-05 2.1446397e-08 0.014568373 6.7603482e-06 3.77679e-06 0.28751856 0.38311002 0.09837378 1.744839e-06 6.824955e-07 2.4588124e-07 0.00020436056 0.0012273176 8.640411e-06 1.6951444e-06 0.000107338776 0.00485423 0.0037206716 0.00010639412 4.735722e-07 0.00034592507 1.77142e-05 0.0015680843 1.9600886e-06 4.541469e-07 3.405209e-06 0.00013963826 0.0003770645 0.0005903827 0.00025289058 0.00029775605 5.927077e-08 4.0316213e-08 0.001204159 0.0066729095 0.00073560444 0.00039683943 8.247725e-06 1.5133468e-08 3.1443665e-08 1.3278587e-07 5.853708e-06 9.762658e-07 3.4612106e-07 1.3057714e-06 1.8999569e-06 1.0381602e-05 0.0012504256 0.0012191139 6.9515863e-07 0.00023301327 1.7829483e-07 1.4573088e-06 1.4370181e-05 3.2526987e-08 1.1932252e-07
0.18851878 0.14470136 0.14276719 0.137161 0.25733778 0.6367901 0.1764886 0.05225423 0.038196612 0.29616958 0.020323198 0.8622673 0.0050691213 0.018787133 0.002232521 0.66149473 0.081084415 0.0048823985 0.00065818493 0.0020286134 0.950083 0.028253594 0.06440818 0.00068072695 8.818196e-18 4.44274e-05 0.00012784071 0.0010388595 0.98799163 3.7872047e-05 0.0007663701 7.372074e-05 2.4376384e-05 3.2117903e-05 0.0006096456 0.46523464 3.0923102e-06 2.054202e-06 6.931462e-05 1.0672958e-06 3.0669133e-05 0.00097329385 0.00058374665 4.3371304e-07 6.910558e-07 0.00021386659 0.13993344 1.0210358e-06 0.00030225646 7.7092045e-05 0.00017345494 4.967329e-06 0.0025514092 0.110094786 0.004157773 0.05174135 0.3866401 4.1832373e-06 0.09442156 0.01742258 0.0003525936 2.6607588e-05 2.1514155e-05 7.3180566e-08 7.096016e-06 0.28098655 0.00043596028 0.00045737642 1.8558056e-05 1.2068617e-06 1.8496285e-05 7.0557e-07 0.027001915 0.000112563146 1.845106e-05 1.2475994e-05 2.0571655e-07 1.762346e-07 1.9147681e-05 0.02137731 5.353027e-05 1.6034908e-06 9.662765e-08 4.7714504e-08 4.967321e-07 3.075388e-06 1.1745507e-06 5.5721493e-08 1.2710111e-06 3.2091004e-06 2.3134691e-05 6.6943605e-05 5.9472208e-05 2.1946265e-05 6.9183893e-06 8.5654267e-07 1.6327475e-07 5.9509334e-06 4.2746284e-05 1.880787e-07 2.0145894e-06
0.96127486 2.6741394e-05 1.4443115e-06 1.1750121e-06 0.0014200772 6.929271e-06 1.0210056e-06 0.07478589 1.3373752e-05 0.0029404135 0.11329761 3.359616e-05 9.654064e-09 0.00526489 5.5368695e-08 2.6821235e-07 0.01047945 0.50148284 0.89255327 0.08171917 0.00080777175 0.00955687 0.0018972557 0.07169784 4.44274e-05 2.820951e-17 3.140872e-08 0.0004917593 5.1503765e-05 0.14353383 1.0989943e-06 0.9150483 1.8817127e-07 0.7509313 7.8018e-06 0.0071543087 5.8347047e-09 0.32190403 0.2771808 2.1246e-08 0.93958324 0.00052003795 0.008961809 0.43803924 0.22858022 0.0017525023 1.9759203e-07 0.12941957 2.6027722e-06 4.168687e-07 0.008404806 0.04408615 0.00029886156 8.082058e-07 4.2038855e-06 1.8564197e-07 6.5984887e-06 0.23969588 3.3769732e-06 5.2171293e-07 0.00022025956 0.4583528 0.55743533 0.053636655 2.1855879e-08 1.1796747e-05 2.9061966e-05 0.11952865 5.8876725e-07 4.1598206e-08 1.2716882e-07 0.0032953045 7.5177722e-06 0.08788412 0.011304456 0.004177425 2.1992128e-07 7.724348e-09 0.34573078 3.5163204e-05 0.031173553 0.01218914 0.0003143956 1.3859881e-09 1.8008599e-08 4.9100002e-08 0.0025148245 0.061910924 2.768006e-08 1.3916576e-06 1.9256115e-06 3.3864984e-05 0.3228424 0.0028017792 1.4558954e-07 0.14030561 2.5358052e-08 2.125574e-07 1.3207459e-05 4.355241e-08 2.2796101e-07
0.91580963 0.006705402 0.040105633 0.011297203 0.0020143331 7.3954885e-05 0.015498144 4.0835377e-05 0.080598965 6.033221e-06 1.1019091e-07 0.00048850453 0.6202342 0.0023404006 0.96575373 0.0057228217 8.263007e-06 2.788882e-07 2.4239298e-06 7.663764e-05 4.586041e-05 4.1455246e-06 8.096619e-06 1.156963e-06 0.00012784071 3.140872e-08 4.033031e-18 0.060823444 0.00018147248 1.9558526e-07 0.5581975 2.5761142e-06 0.9484852 4.7597987e-06 0.75510776 0.00081019994 0.56139815 5.6521415e-08 0.00041558323 0.36610332 4.1895552e-07 0.07643339 0.0109408265 1.2471397e-06 8.6213845e-07 0.0068209227 0.01650946 3.4901957e-06 0.27590638 0.7128885 2.140287e-05 9.593299e-05 3.6984085e-05 0.00013882657 0.02882137 0.00079304667 0.00012922462 2.210221e-06 0.00010315121 0.0001281741 0.03791291 5.7970014e-05 9.1774064e-07 3.179058e-07 0.35244203 0.00011410995 0.084658116 0.011490203 0.3213097 0.17776519 0.2878331 5.6289135e-08 3.512339e-05 0.0051145116 7.4635415e-07 6.2215105e-07 0.018240526 0.0399097 2.1154949e-07 6.53544e-05 0.0018617726 1.0544817e-05 7.905777e-09 0.008688945 0.28358117 0.020008683 7.5392865e-07 1.2266148e-07 0.004352653 0.021869777 0.05672496 0.099800184 0.00013318063 2.1942793e-05 0.0038400653 1.7775119e-07 0.00081489165 0.03416289 0.014726745 0.000116271374 0.0013490642
0.9472225 0.3687525 0.18467814 0.080596365 0.25807008 0.06212685 0.022628682 0.034120385 0.90636915 0.025001893 0.009222298 0.0028538778 0.019329622 0.76722306 0.10689539 0.003161253 0.0016888957 0.00035162296 0.013480733 0.3518857 0.004618353 0.0010520495 4.49169e-05 0.00029342846 0.0010388595 0.0004917593 0.060823444 1.4443296e-15 8.851231e-05 5.326694e-05 0.0052824575 0.00053019286 0.0066487514 0.083845295 0.84545714 0.00033060714 0.0020454612 2.1428972e-05 0.31744522 0.00011327723 9.94537e-05 0.9304051 0.5945194 4.276936e-05 4.9531252e-05 0.42265123 0.0009425669 6.108497e-06 0.20258462 0.029945381 6.511469e-05 3.326383e-05 1.5521238e-05 0.00053219567 0.00012138718 0.00050779607 0.0035805465 0.0015162529 0.0005678473 0.00013305317 0.45911428 0.038790528 0.0053429496 6.20095e-07 0.0036865734 0.0011116345 0.14866197 0.30019167 0.01064701 0.00033868456 0.003977249 0.000113793925 9.202767e-06 0.05173798 0.0003042485 0.00029233852 5.8081405e-05 1.7154282e-05 0.0018561737 6.619947e-05 0.030683134 3.656081e-05 2.4970295e-06 8.8297915e-05 0.00018244213 0.0003579824 9.477334e-06 1.1042551e-05 9.215392e-05 4.658252e-05 0.0023668879 0.035120036 0.0075475676 5.1781567e-06 6.603535e-05 0.002722735 4.583313e-05 0.00057247013 0.0011715079 3.6939264e-06 3.6433416e-05
0.07338129 0.0972178 0.09946565 0.09531171 0.20543547 0.3362592 0.09321487 0.07791696 0.022625184 0.16079444 0.02311029 0.49463618 0.0019444328 0.014888067 0.0005321903 0.39776373 0.064611 0.0039935275 0.00035802883 0.0017337245 0.9096252 0.03308307 0.07434781 0.0019072014 0.98799163 5.1503765e-05 0.00018147248 8.851231e-05 9.655913e-15 0.00016462889 0.00067331776 0.00014996722 3.0812815e-05 6.072908e-06 1.4115477e-05 0.7857147 4.274516e-06 4.120549e-05 4.483584e-05 4.478292e-06 4.4604432e-05 0.00018659486 0.00014915934 7.870351e-06 1.3131262e-05 9.6396856e-05 0.36948442 1.1020142e-05 3.5051547e-05 6.060515e-06 0.00084271893 0.000103883416 0.02140844 0.5237937 0.01462012 0.26625073 0.69689 5.106065e-06 0.2870003 0.08260059 0.00012781852 4.1399795e-05 5.0642184e-06 2.9401173e-07 3.1049788e-06 0.63113075 0.00014920559 9.296849e-05 4.5709185e-06 1.1227051e-05 2.0649808e-05 1.0863982e-05 0.27632415 0.00019712087 3.390011e-05 1.6394162e-05 2.3778493e-06 6.3385284e-07 1.389428e-05 0.31069428 0.0002646361 2.192814e-06 5.0112965e-07 2.8305453e-07 2.8314862e-06 6.575757e-07 1.802695e-06 8.491118e-08 7.71713e-06 6.017637e-06 1.8171118e-05 1.1845832e-05 9.618179e-05 3.988296e-05 1.0331488e-05 2.2535687e-06 1.7992025e-07 1.5530031e-05 3.5216297e-05 3.1335136e-07 6.909026e-06
0.07511861 3.1805717e-05 1.6325466e-05 4.0085456e-06 0.0015690365 3.5761202e-06 2.0936432e-06 0.036164947 2.2273065e-05 0.012848522 0.29072836 1.5358546e-05 1.3092428e-08 0.0016112006 2.112225e-07 5.6068967e-07 0.2746793 0.78438616 0.11132072 0.003776972 0.0048402515 0.18253867 0.35426202 0.98219573 3.7872047e-05 0.14353383 1.9558526e-07 5.326694e-05 0.00016462889 6.9581507e-17 2.549974e-07 0.5598807 2.0019279e-08 0.018347079 8.6037903e-07 0.14812224 2.0641318e-09 0.96923506 0.00450757 3.5567855e-09 0.08087019 2.5101865e-05 0.00022430283 0.03816471 0.06783235 3.9252387e-05 6.81817e-09 0.10151419 1.2128685e-06 1.3300851e-06 0.35212418 0.6229943 0.08021945 4.0050014e-07 4.23056e-07 1.7872477e-08 1.7496022e-05 0.002532561 5.639588e-07 1.2721017e-07 3.3598048e-05 0.003021847 0.003704514 0.0009846245 1.14458096e-07 3.2282776e-05 4.433549e-06 0.00064391934 6.398711e-07 5.6850638e-08 9.025745e-07 0.00014999683 0.000114531 0.00045347898 0.00027182038 0.000644882 1.3558083e-07 5.0229083e-09 0.0009432102 0.0047545405 0.0006048702 0.002304013 1.0097117e-05 4.86113e-10 5.184577e-09 4.344099e-08 1.3247978e-05 7.58884e-06 2.6743063e-08 2.7924906e-07 1.256292e-06 4.3859727e-06 0.0012401677 0.0140019385 3.049074e-07 0.00030287105 4.6384653e-08 1.4229652e-06 2.7950205e-06 2.7040606e-08 2.5478043e-08
0.7227131 0.022697438 0.30347002 0.1542588 0.0014434577 0.004869991 0.24742109 5.9229274e-05 0.03199151 0.0001234463 6.445272e-06 0.0036745903 0.9859592 0.0005579746 0.55586916 0.09226503 1.2587163e-05 2.9163905e-06 1.1649463e-05 0.00010387302 0.00047879113 1.30161825e-05 7.1335955e-05 5.865267e-07 0.0007663701 1.0989943e-06 0.5581975 0.0052824575 0.00067331776 2.549974e-07 6.616843e-14 4.856501e-06 0.44801047 1.5723565e-06 0.13856478 0.0046879584 0.34137735 1.2786204e-06 1.6425369e-05 0.22368698 5.38084e-05 0.005647392 0.0017887569 5.6857416e-06 9.359375e-06 0.0020683156 0.16798931 6.8137088e-06 0.03272221 0.06467515 5.0793483e-06 0.00055035914 1.7517192e-05 0.006833668 0.8779679 0.018774897 0.0049248654 1.070319e-06 0.0011147814 0.006795594 0.003377363 7.5920184e-06 1.6004719e-06 2.5751206e-07 0.03694061 0.00046403016 0.009649758 0.0009660412 0.046178702 0.24846213 0.038020197 3.874555e-06 5.8085785e-05 0.000783557 1.677313e-05 5.3136446e-05 0.36508113 0.061756525 2.0232153e-06 4.477523e-06 0.00041068046 2.137103e-05 3.6254583e-08 0.0032453684 0.5782433 0.006794644 1.2830044e-06 4.6603225e-07 0.0079298355 0.038395 0.03860449 0.0064211856 0.00040793532 8.369367e-06 0.0042056763 2.4511064e-06 0.3541418 0.025806077 0.511703 0.093582675 0.004250938
