4.2433464e-27 6.5532455e-05 0.00059778395 5.8434765e-05 4.0409924e-07 0.5654507 2.0648271e-05 0.28354555 0.001508145 0.0057112244 5.2672225e-05 0.607079 0.32058305 0.66352224 0.1652056 0.86846876 0.04598451 0.21941954 0.65165764 0.038324565 0.17841321 0.0786797 0.8015131 0.50646704 0.51391786 0.88417304 0.0021160308 0.05616628 0.98435426 0.7588123 0.74942863 0.3083782 3.9017894e-05 0.9298592 0.92662126 0.9556779 0.88394254 0.97055274 0.08305719 0.9217576 0.87787676 0.90639776 0.19052362 0.014312882 0.8956408 0.24839942 0.002687867 0.0005814664 0.775399 0.9409954 0.25669813 0.8398504 7.431496e-05 0.8720032 0.028274108 0.66677415 0.8690539 0.66161245 0.9380518 0.27455148 0.9298172 0.94389737 0.76536524 0.9906698 0.97100705 0.7742911 0.07231881 0.9135809 0.14949472 0.9582084 4.7144367e-06 0.044279482 0.24801283 0.30754456 0.13790873 0.28557438 0.026358904 0.9995549 0.8295221 0.7630081 0.49623844 0.9990612 0.0016399042 0.91364187 0.8596877 0.91888237 0.0337891 0.97536683 0.99896 0.70532817 0.9590036 0.0024571402 0.009481083 0.078925446 4.744734e-06 2.4559324e-07 0.9972441 0.92254275 0.99992365 0.99883676 0.96870035
6.5532455e-05 2.8714006e-19 0.9993352 0.6837784 0.035772324 0.058938477 0.008591649 0.021109805 0.001328787 0.00040287682 4.3572895e-06 0.017359512 0.003119134 0.00040001865 1.8741961e-05 5.8275546e-05 4.936992e-07 5.704243e-07 0.0018779573 1.6167432e-07 0.035424102 2.1780028e-07 0.04292476 6.985102e-10 0.00035265632 1.6339477e-06 3.786081e-07 1.6274494e-09 4.4853223e-06 4.3627635e-05 1.2539607e-07 2.4328946e-08 4.7318028e-07 0.002710778 1.4104551e-05 2.6605582e-07 8.508705e-07 4.8828976e-08 5.723838e-09 1.2827694e-06 0.0035960912 0.00068148173 0.0017300328 1.2091178e-09 1.0356711e-07 0.00056319666 8.295029e-10 1.6004772e-09 1.2405732e-09 1.795512e-09 3.980667e-10 8.077266e-05 1.7015404e-08 1.990628e-07 6.2850364e-10 1.0005345e-07 9.804696e-08 7.2768116e-09 6.647489e-08 1.3797423e-09 2.9682892e-06 1.5516596e-08 3.8587945e-08 0.005028831 0.0010124367 7.243235e-08 2.3912856e-09 7.96048e-08 5.2466818e-09 4.322602e-06 3.6507796e-08 1.695006e-09 2.2576978e-09 1.0667497e-09 3.9308126e-09 2.6216738e-09 1.1408572e-09 9.5277974e-05 3.4953853e-08 3.4714336e-08 2.9621441e-10 1.2668565e-06 1.4829716e-09 4.53539e-08 1.0720479e-07 5.449826e-05 4.1351747e-10 1.1789746e-06 7.6549094e-07 4.990005e-08 1.4069634e-07 1.8700032e-08 3.7912173e-08 9.104129e-09 8.18847e-09 6.544551e-09 1.864624e-09 1.1761231e-08 6.8398838e-09 2.1802118e-09 9.148722e-10
0.00059778395 0.9993352 1.5541536e-19 0.26359218 0.002169126 0.5821706 0.012072509 0.33935136 0.025915015 0.009244466 2.577885e-05 0.15860133 0.05760873 0.008724342 0.0001521381 0.0012806994 9.555812e-06 1.4589963e-05 0.01846321 1.6293558e-06 0.07343679 2.2863311e-07 0.04966576 1.0654991e-09 0.005710285 1.2436698e-05 2.5379734e-06 2.0975932e-09 7.4516115e-06 0.0006750151 1.9620288e-07 1.1571692e-08 1.7139245e-06 0.0077159535 0.00017723891 1.0450132e-07 1.1135576e-06 8.574638e-09 1.6396045e-08 1.541693e-06 0.008467236 0.0010952895 0.003332146 6.5104955e-10 2.7665596e-08 0.001955284 5.621462e-10 8.77692e-10 9.743223e-10 1.0059813e-09 1.5166576e-09 0.00020046944 1.7629956e-08 1.328069e-07 9.096087e-10 5.8206027e-08 4.6418396e-07 2.6369191e-09 9.140547e-07 4.6866093e-09 1.9818926e-06 8.529763e-09 2.983161e-07 0.010433325 0.0038955286 3.9411823e-08 5.9757714e-09 2.7379343e-08 7.022122e-09 1.5656851e-05 4.0711075e-08 5.6740217e-09 3.2018657e-09 1.7046611e-09 3.1446305e-08 3.350666e-09 9.254467e-09 0.00051437307 2.4380135e-08 1.914663e-08 3.978346e-09 2.924357e-05 1.2149209e-08 1.6441298e-08 1.0637702e-07 9.174047e-05 4.9323283e-09 6.754564e-07 9.934686e-07 2.3247365e-08 8.520739e-09 5.443797e-08 5.3030252e-08 2.877041e-08 1.4479094e-08 6.546086e-09 1.8445112e-09 5.4047415e-08 5.570297e-09 9.342546e-08 2.90466e-08
5.8434765e-05 0.6837784 0.26359218 2.774395e-20 0.9527668 0.0021462494 0.0019930985 0.0013317192 0.000187559 3.973831e-05 6.1649047e-07 0.0005796097 8.01142e-05 1.820496e-05 1.3208963e-06 1.2576268e-05 2.6946245e-07 1.5991179e-07 5.6316763e-05 6.0364874e-07 0.00021205562 7.209246e-08 0.0008805406 1.7495687e-09 1.2259834e-05 7.965321e-07 5.6487437e-07 8.044332e-09 1.3483368e-06 7.259552e-07 8.034983e-08 3.9276518e-08 2.8142947e-06 3.9942646e-05 6.2818646e-07 5.319538e-08 5.011669e-07 2.1344375e-08 2.2896247e-08 1.0079895e-05 0.00085423706 1.0740456e-05 0.00054981717 1.1446213e-09 4.4773157e-07 0.0003048587 3.3796905e-09 2.0285251e-09 2.936809e-08 9.4387245e-09 3.6514185e-09 5.881469e-06 1.9153543e-07 9.0754105e-07 1.4921558e-09 1.7137339e-07 5.3925885e-07 1.9148345e-08 1.2850849e-06 6.312049e-08 9.240697e-08 8.3113505e-08 3.515636e-07 0.0010115815 0.00011264434 4.1059525e-07 4.7869378e-08 2.8411444e-07 2.3935058e-07 3.6179415e-05 7.6685104e-08 5.123483e-08 2.642696e-08 1.9988258e-08 4.6858432e-08 1.5251084e-08 2.9229891e-08 4.234363e-05 4.88735e-07 6.093567e-08 1.941411e-09 4.85414e-06 5.0946777e-08 3.343956e-07 2.363554e-06 1.8008574e-05 8.578448e-09 1.8910224e-07 7.156443e-07 2.8557356e-08 1.3269575e-07 5.2401937e-08 4.7624064e-07 5.689443e-07 9.344431e-09 1.1758944e-08 3.4065357e-09 1.6141662e-08 3.5141582e-07 1.7197236e-08 1.045525e-08
4.0409924e-07 0.035772324 0.002169126 0.9527668 1.5660216e-25 0.0006970078 0.06873448 0.001073572 0.00074497925 7.9658625e-05 4.076067e-05 1.8525785e-05 8.3406185e-06 4.214696e-06 1.3799583e-05 6.1606465e-06 1.0122614e-06 1.7783393e-07 2.322461e-06 9.0931786e-07 8.345042e-06 7.42147e-08 4.1209656e-05 6.257501e-10 7.445669e-07 1.5407743e-08 4.7079398e-06 1.9410622e-10 2.2147859e-07 1.1812755e-07 1.4078706e-09 4.7260046e-10 1.5061357e-05 5.6310937e-06 3.9154392e-07 1.7534038e-09 1.8025635e-07 1.5779468e-09 3.8145692e-10 1.5340292e-07 0.00012697741 3.3872053e-07 1.0731774e-05 1.2283502e-10 4.9132037e-08 7.0187175e-06 1.4496135e-09 2.436325e-09 2.6450683e-10 9.349471e-10 3.610334e-11 4.117461e-07 1.4360766e-07 4.241194e-08 3.7175707e-11 1.4631869e-08 3.6194407e-08 1.0174648e-09 1.2834178e-08 4.878899e-10 4.2036245e-08 3.3439365e-09 2.5553378e-08 0.0003610827 1.9914825e-05 8.700171e-09 8.613564e-10 2.2338996e-08 1.0076026e-08 3.8677513e-06 2.2407629e-07 2.4546545e-10 7.006358e-10 1.039222e-09 1.2230765e-09 2.3492364e-10 1.580721e-09 4.1051085e-06 2.4801077e-08 1.6632976e-08 2.7380467e-10 6.846083e-07 9.539572e-09 5.636724e-08 7.247547e-08 1.0347827e-05 1.322748e-10 3.6560404e-08 5.0661913e-07 2.2516469e-09 4.114417e-08 3.60245e-08 7.629907e-08 1.4110779e-07 4.009908e-09 3.4250647e-09 1.0429234e-09 9.611875e-10 4.1502972e-07 3.0537894e-10 6.0340577e-09
0.5654507 0.058938477 0.5821706 0.0021462494 0.0006970078 1.03283525e-13 0.03175633 0.9768799 0.24801205 0.33287534 0.004874696 0.8808532 0.86263025 0.8508448 0.15090485 0.67943054 0.0075880596 0.024083428 0.8083631 0.00029572248 0.43314883 0.00035158292 0.17240791 5.7159836e-05 0.39795122 0.014897525 8.880028e-05 6.640073e-07 0.015358357 0.11602141 9.601486e-06 4.022326e-07 2.5394704e-05 0.3644615 0.06424048 9.44715e-06 0.012281192 2.250331e-07 8.8389186e-08 0.00010330163 0.026301488 0.11331158 0.063547395 1.9059874e-08 0.002453022 0.017538121 8.529003e-06 5.2375884e-07 2.9699713e-08 1.6952819e-06 1.3934964e-07 0.0018162831 1.2524848e-05 6.109764e-07 4.3837667e-07 1.02504714e-07 4.608625e-07 3.7886654e-08 3.1553027e-05 3.357814e-08 0.00048876856 4.3280792e-08 3.9299243e-07 0.010444589 0.0043098354 2.9424734e-07 1.5763736e-07 1.0019572e-07 8.072799e-07 0.00010719494 1.846134e-05 2.4055518e-07 2.6956448e-07 1.9539081e-07 1.2280575e-06 1.45729e-07 1.9509775e-05 0.0011690923 4.6723602e-07 1.0393712e-06 3.426277e-07 7.871322e-05 5.4871447e-07 7.787739e-07 9.783732e-07 0.00022783356 3.1219878e-07 1.5984244e-05 3.981258e-05 1.6417553e-07 3.569905e-06 4.450997e-05 4.9961553e-05 8.048619e-06 2.0555046e-05 4.790498e-07 1.1903554e-05 6.045844e-07 9.0301155e-06 1.0721625e-05 8.1862214e-07
2.0648271e-05 0.008591649 0.012072509 0.0019930985 0.06873448 0.03175633 4.856537e-16 0.20366812 0.672598 0.21235307 0.9951368 0.002826843 0.0037116504 0.00655227 0.011851782 0.01333447 0.007402643 0.0017042145 0.0006771373 0.003037694 6.94457e-05 0.00032739958 0.00021372673 1.3336918e-05 0.0009922187 3.2331027e-05 0.006890271 7.6708375e-06 7.725794e-05 0.00018161772 1.5588696e-06 1.4316441e-06 0.00436902 0.00037640482 8.0370184e-05 2.8841125e-06 1.6318838e-05 5.641002e-07 1.6890348e-06 2.5045409e-05 0.0009919468 0.00020219479 0.00056097744 6.0475037e-07 2.4162937e-05 0.00031312063 2.8475338e-06 7.1917907e-06 6.6252085e-07 1.5272153e-05 4.3439937e-07 0.00012145735 4.8419777e-05 8.591021e-06 8.340588e-06 2.890903e-06 5.3334315e-06 1.1568328e-06 6.2399577e-06 9.738936e-07 5.6930745e-05 2.7608035e-06 1.2213429e-06 0.0018328289 0.0006913973 4.050177e-06 1.686434e-06 2.3122298e-05 1.8974699e-05 0.00022761442 0.0002689889 1.479726e-06 6.6188295e-07 8.4114595e-07 1.323865e-06 1.1340326e-06 2.0859384e-06 0.0003687139 1.4885943e-05 1.4897135e-05 1.1955198e-06 0.000114121045 1.077127e-05 6.530548e-05 5.73159e-05 0.00039461016 6.6517475e-07 1.2231456e-05 0.0001657877 0.00011527559 8.188913e-06 8.176158e-05 0.00012664423 7.808812e-06 4.176644e-06 9.079128e-06 2.072099e-06 2.6884001e-05 0.00013604538 1.0877554e-05 7.168961e-06
0.28354555 0.021109805 0.33935136 0.0013317192 0.001073572 0.9768799 0.20366812 1.3276261e-14 0.7171951 0.9743588 0.13612862 0.364555 0.50240487 0.7917754 0.64169806 0.84451807 0.17607595 0.14492032 0.41901225 0.006297145 0.06910421 0.0027647007 0.01858273 0.00041834527 0.2823093 0.031652074 0.0013106216 9.495718e-06 0.016561948 0.07593873 3.665507e-05 3.197751e-06 0.00036502784 0.06930151 0.03276359 6.251952e-05 0.006170655 2.996347e-06 5.138489e-07 0.00028905287 0.0034183497 0.015849354 0.00524642 5.045947e-08 0.0015518018 0.002152053 1.2251208e-05 9.717218e-07 8.7081105e-08 1.9133297e-05 6.666115e-08 0.0006545766 1.6846408e-05 2.2479664e-06 1.1454301e-06 9.463764e-07 4.860222e-06 5.7140237e-08 8.1571e-05 7.466606e-08 0.0004969075 1.2311479e-07 7.2886505e-06 0.0022822893 0.001888008 1.408524e-06 2.667639e-07 2.981095e-06 7.005426e-07 0.0003958104 6.6481616e-06 1.7561752e-07 2.1982316e-07 2.5532663e-07 3.200794e-07 3.8414274e-08 2.441639e-06 0.0015968877 7.974754e-07 2.7536933e-06 1.0927169e-07 5.4335826e-05 3.7778503e-07 2.6122964e-06 1.5589389e-05 0.000204741 6.351529e-08 7.05157e-05 2.6040647e-05 6.8721175e-07 8.735536e-06 5.261727e-06 5.925501e-06 5.2782725e-06 3.753654e-06 1.1184422e-07 2.1652775e-06 3.0558438e-06 6.6351067e-06 2.622497e-05 2.0646212e-06
0.001508145 0.001328787 0.025915015 0.000187559 0.00074497925 0.24801205 0.672598 0.7171951 1.0138928e-16 0.9962131 0.75160515 0.01320977 0.025214417 0.07089339 0.41137603 0.28071004 0.18308806 0.057698198 0.0062086647 0.06645026 0.00045375322 0.0035597077 0.00058003695 8.403972e-05 0.012764154 0.0025486527 0.024077548 8.701702e-06 0.0009700515 0.0010410335 6.193807e-06 2.1959866e-06 0.0038302303 0.00041039617 0.00053209387 1.5672238e-05 0.00010743145 1.5545376e-06 2.0682484e-07 4.9765677e-05 0.00024028656 0.00053333933 0.00034291734 5.008016e-08 1.6077776e-05 0.0002763343 2.3388543e-07 1.8363795e-07 1.5020517e-07 1.6065951e-06 3.7813738e-08 0.000112154245 1.4292413e-05 2.5007664e-06 3.0420856e-07 9.469857e-07 6.650571e-06 5.170589e-07 5.2476807e-06 6.158004e-08 0.00011168238 3.5115082e-07 2.323019e-06 0.0010996014 0.0010818585 1.122347e-06 5.637889e-07 5.4468765e-06 7.0009116e-07 9.985047e-05 5.3045205e-05 2.3043334e-07 4.9715015e-07 1.2597928e-06 1.4780399e-07 2.6983997e-07 8.119473e-07 0.0006674061 3.437826e-06 6.5696554e-06 7.630144e-07 6.1757646e-06 1.0971836e-06 3.536067e-05 6.330303e-06 0.00024901476 3.4851134e-08 2.409055e-05 2.5836098e-05 2.5122918e-05 6.972591e-06 0.00028614665 2.9732546e-05 1.1333567e-06 8.0914674e-07 1.1096542e-06 2.0325463e-06 6.728205e-05 1.2880633e-05 0.00016125571 3.7439462e-05
0.0057112244 0.00040287682 0.009244466 3.973831e-05 7.9658625e-05 0.33287534 0.21235307 0.9743588 0.9962131 2.8778966e-16 0.4953136 0.021290936 0.04088633 0.1399093 0.78837395 0.46415865 0.4574791 0.22578852 0.03332354 0.15848215 0.00047854215 0.019156806 0.0007054015 0.0015037281 0.045511622 0.028266847 0.020878136 5.897457e-05 0.006682427 0.006263954 0.00014613295 1.801378e-05 0.0021499123 0.0019494906 0.0026616598 9.4077746e-05 0.0010281292 8.794483e-06 7.04513e-07 0.00014460715 0.0003081418 0.0007300821 0.00080347725 2.3120423e-07 0.00014852299 0.0008887823 6.678409e-08 2.78005e-07 8.4487425e-08 5.1118145e-06 2.5601432e-08 0.00016686918 5.1099328e-06 3.4995314e-06 2.0679602e-07 2.9775972e-06 3.7810782e-06 2.923986e-07 1.8549421e-05 5.1163745e-08 0.00010948977 7.803046e-07 6.7264377e-06 0.0008678021 0.0012581187 2.9245311e-06 1.294078e-07 6.4678516e-06 8.4896e-07 0.00013583044 3.7358693e-06 1.0748283e-07 4.1977376e-07 7.9568485e-07 1.2273614e-07 8.573382e-08 4.778443e-07 0.0011161196 3.1921113e-06 1.528932e-05 2.929968e-07 2.146894e-05 2.8388123e-07 2.0314661e-05 2.533218e-05 9.846184e-05 3.8526686e-08 9.193758e-06 9.05794e-06 6.476301e-06 3.8236462e-06 3.9471728e-05 1.8518974e-06 1.6217148e-06 6.1416904e-07 1.4312968e-07 1.594173e-06 9.681111e-06 1.0919793e-05 1.4951304e-05 1.8727169e-05
5.2672225e-05 4.3572895e-06 2.577885e-05 6.1649047e-07 4.076067e-05 0.004874696 0.9951368 0.13612862 0.75160515 0.4953136 2.8993385e-17 0.00054965547 0.0002900782 0.0023850207 0.14195946 0.02143605 0.20594694 0.020378798 0.0005987601 0.2448947 1.7700883e-06 0.012981708 4.774005e-06 0.00070919836 0.0011155758 0.0011257888 0.39225727 0.00041317558 0.00041731642 4.1467523e-05 6.3040366e-06 4.950035e-06 0.089537024 3.607977e-05 5.8238234e-06 1.8639274e-05 5.166057e-06 3.0123485e-06 2.3411317e-06 1.11351455e-05 5.455936e-05 1.700482e-05 2.7879778e-05 7.6891365e-07 4.837932e-06 2.1210626e-05 1.1929845e-06 2.4826709e-06 8.9464834e-07 1.2018643e-06 6.702882e-07 1.7438519e-05 8.6984866e-05 7.3243264e-06 1.2962642e-05 8.979748e-06 5.4512675e-06 2.6829382e-06 1.2287271e-05 5.971716e-07 9.065752e-06 4.576471e-06 1.8687368e-05 0.000445654 0.00047523144 9.013321e-06 2.336996e-06 6.0709513e-06 1.01625965e-05 0.00026331516 0.00021051857 3.825134e-06 2.3210503e-06 1.4213078e-06 3.7389702e-06 1.0684527e-06 4.4748103e-07 0.00011090525 3.909915e-06 1.1507573e-05 4.9426526e-06 1.4817376e-05 5.8078326e-06 1.3648441e-05 9.262058e-06 3.1220417e-05 2.106733e-07 4.2624138e-06 4.4355726e-05 7.9706646e-05 9.888614e-07 3.8668684e-05 1.0731405e-05 6.3050525e-06 4.52305e-06 3.8367358e-05 4.127071e-06 6.9555e-05 3.9844977e-05 0.00019584219 0.00018264895
0.607079 0.017359512 0.15860133 0.0005796097 1.8525785e-05 0.8808532 0.002826843 0.364555 0.01320977 0.021290936 0.00054965547 1.0087965e-16 0.9611512 0.51628935 0.024057517 0.120715976 0.00046656618 0.004365201 0.7755334 0.00047952685 0.9418308 0.00025485604 0.09610337 4.3493077e-05 0.16871817 0.0013935051 3.7865546e-05 2.1428132e-05 0.0019240828 0.03190373 1.1620459e-05 4.0387217e-06 4.6115623e-05 0.34527096 0.019133892 4.9070936e-06 0.006352354 3.32996e-07 8.4573486e-07 0.00017959873 0.059666444 0.09071238 0.09531555 4.3372543e-07 0.0014026684 0.026500892 7.3100804e-05 2.3800148e-05 2.7115482e-07 7.954846e-07 1.8654504e-06 0.0030862486 3.832717e-05 1.8322824e-07 7.4636737e-06 2.636619e-08 2.0286491e-07 8.704521e-07 0.00011742068 1.3192584e-06 0.0008925142 1.5901364e-07 2.5026523e-07 0.022161359 0.013504295 1.5409691e-07 5.68652e-07 5.780409e-08 1.3760964e-06 0.00075072737 6.660584e-05 2.2887843e-06 1.3415739e-07 9.8391666e-08 1.2179557e-06 7.394102e-08 4.0857913e-06 0.0014167915 3.07029e-07 2.768596e-07 1.8824386e-08 0.00031522245 1.0794988e-06 8.717716e-08 1.8127173e-07 3.0000912e-05 8.6375756e-08 4.7911817e-06 3.9880826e-05 6.921213e-08 6.754023e-07 0.0002161098 3.459188e-05 1.2785669e-06 2.244676e-06 7.0849023e-07 7.9397176e-07 4.3401053e-07 1.9223027e-05 1.3573427e-07 2.9732755e-08
0.32058305 0.003119134 0.05760873 8.01142e-05 8.3406185e-06 0.86263025 0.0037116504 0.50240487 0.025214417 0.04088633 0.0002900782 0.9611512 1.919748e-17 0.9420989 0.09586948 0.5371235 0.0018010832 0.01759989 0.8767433 0.00095321477 0.35904294 0.00059490476 0.010608997 0.00012803446 0.47092113 0.009927025 0.00015286164 1.8744375e-05 0.018898688 0.10612134 0.00012704512 1.5757183e-05 2.6844085e-05 0.3015673 0.0674033 0.000119669254 0.025808508 6.6546945e-06 1.4924343e-06 0.0014055587 0.03285608 0.08221911 0.049288094 4.89675e-07 0.0033719824 0.0090193655 4.4080043e-06 6.2479785e-06 3.1488395e-07 2.337077e-05 1.5502427e-06 0.0033931243 1.21093435e-05 1.1771455e-06 1.1360746e-05 7.4520193e-07 2.00038e-06 5.731207e-07 0.0006595671 5.923176e-07 0.0011708528 9.0622376e-07 1.0629862e-05 0.004485357 0.00651716 7.0794584e-07 4.866536e-07 6.6582884e-06 3.9700712e-06 0.0041690194 3.0991552e-05 7.8617336e-07 1.5076912e-06 5.378136e-07 9.069553e-07 2.8970592e-07 1.3813593e-05 0.0011297354 5.57687e-06 1.039939e-05 1.6765087e-07 0.0007102797 1.2490882e-06 1.0089238e-06 3.9351394e-06 0.00068923674 4.70171e-07 9.973455e-05 0.00027618572 5.482819e-07 2.515533e-05 3.9191156e-05 2.9603583e-05 3.7365892e-06 1.4075814e-06 4.916328e-07 4.0330715e-06 8.916901e-07 4.488855e-05 1.5636938e-06 6.0621016e-07
0.66352224 0.00040001865 0.008724342 1.820496e-05 4.214696e-06 0.8508448 0.00655227 0.7917754 0.07089339 0.1399093 0.0023850207 0.51628935 0.9420989 9.124809e-18 0.40427592 0.9540184 0.027945464 0.108301066 0.83276415 0.007579681 0.074125096 0.0015239607 0.0033964103 0.00026624455 0.6437508 0.070234604 0.00083227456 3.6515234e-05 0.10723036 0.19707665 0.000299481 8.8779285e-05 7.713308e-05 0.2593368 0.1684969 0.0002516475 0.06750675 7.3388974e-06 1.5513386e-06 0.0019295835 0.017601477 0.08302707 0.036542974 3.3305443e-07 0.011323813 0.009370714 4.862637e-06 2.6672333e-06 5.3611245e-07 7.458548e-05 4.7349536e-07 0.007057343 1.911907e-05 1.743457e-06 6.7451913e-07 9.109419e-07 4.244954e-06 2.777744e-07 0.0008603566 3.4603886e-07 0.0031570652 4.773033e-07 1.2922147e-05 0.0046445653 0.007826258 6.9321027e-07 5.4653407e-07 4.783101e-06 2.1133344e-06 0.0026876517 5.792481e-05 6.412927e-07 7.4085676e-07 3.9681348e-07 9.585004e-07 2.4671957e-07 3.3303588e-06 0.001929369 1.0610002e-05 5.8575843e-06 1.6425524e-07 0.0008273535 6.374282e-07 2.9668827e-06 8.268762e-06 0.0007345245 8.8529575e-08 0.000114517345 0.00036406968 2.265887e-06 2.9212883e-05 1.9410229e-05 1.09260645e-05 7.4921354e-06 1.4633558e-06 4.0816914e-07 8.167706e-06 1.0226057e-06 2.7978382e-05 5.5565583e-06 9.035865e-07
0.1652056 1.8741961e-05 0.0001521381 1.3208963e-06 1.3799583e-05 0.15090485 0.011851782 0.64169806 0.41137603 0.78837395 0.14195946 0.024057517 0.09586948 0.40427592 8.817557e-18 0.8553084 0.9847546 0.90851253 0.17662132 0.20330684 0.0013542874 0.1319031 0.00047108324 0.090291254 0.22880809 0.42677268 0.037153397 0.0003799874 0.16810647 0.07084564 0.0007594909 7.470328e-05 0.00053110026 0.0052566617 0.068098 0.00037109526 0.01991035 1.4471579e-05 3.847965e-06 0.0009927506 0.0012560758 0.0027765206 0.0012568542 5.3320304e-07 0.0014308778 0.000585549 5.1638034e-07 1.9670217e-07 9.299947e-08 3.089566e-06 5.0959805e-08 0.0010524599 2.2873355e-06 1.0251317e-06 1.8298988e-07 1.8300184e-06 7.6398345e-07 2.2072602e-07 7.9727855e-05 7.873022e-08 0.00024274415 1.6624897e-07 1.0977515e-05 0.0018523391 0.0011351228 6.3123235e-07 1.3630894e-07 2.0744264e-06 9.119945e-07 0.0006253607 1.1616343e-06 4.042889e-07 2.7031027e-07 1.1667107e-07 8.150847e-07 1.10735556e-07 3.9539086e-07 0.001995238 6.385379e-07 1.2092223e-06 4.667468e-08 0.00030643595 1.1991114e-07 1.2403426e-07 1.4149644e-05 0.00039600677 1.894968e-08 1.8456041e-05 0.000117980126 2.3768415e-07 1.2275886e-05 4.006318e-06 2.3189398e-06 9.0105397e-07 2.2217397e-07 8.100041e-08 2.1373844e-05 8.725881e-07 0.000108158456 3.735212e-05 1.1724958e-06
0.86846876 5.8275546e-05 0.0012806994 1.2576268e-05 6.1606465e-06 0.67943054 0.01333447 0.84451807 0.28071004 0.46415865 0.02143605 0.120715976 0.5371235 0.9540184 0.8553084 5.2950923e-19 0.46129665 0.74528813 0.6978128 0.12672326 0.01332704 0.028799573 0.001123798 0.018158475 0.74654347 0.58743364 0.009721311 0.00014897923 0.5532105 0.2750556 0.0008474268 0.00020117291 0.00045377208 0.13225791 0.32668385 0.0004393161 0.15918064 2.2648943e-05 4.9499026e-06 0.0075346837 0.014779866 0.075588375 0.019716507 1.3598868e-06 0.027346611 0.0075383205 2.3537264e-06 3.828738e-07 5.4675047e-07 0.00023617967 1.8325919e-07 0.0152238775 2.6710248e-05 1.6117698e-06 1.4637655e-07 3.2195243e-07 6.1394676e-06 8.456852e-08 0.0021166182 1.949852e-07 0.007817284 6.760406e-08 3.900943e-06 0.007437665 0.006166311 2.6098772e-07 9.2501494e-08 6.0030754e-07 2.7336728e-07 0.003569725 1.4019915e-05 1.11498316e-07 6.279771e-08 1.5828346e-07 2.3416125e-07 5.236707e-08 9.298764e-07 0.00230722 1.9238598e-05 6.660752e-06 1.9424316e-07 0.0012503379 5.9446144e-08 2.395642e-06 8.639883e-06 0.0011828911 1.9820266e-08 9.310869e-05 0.00044813508 8.375991e-07 4.0016916e-05 1.21637195e-05 5.908414e-06 2.822347e-06 3.5178953e-06 4.030366e-07 3.7038444e-05 5.51113e-06 1.4598427e-05 3.1618452e-05 1.7240458e-06
0.04598451 4.936992e-07 9.555812e-06 2.6946245e-07 1.0122614e-06 0.0075880596 0.007402643 0.17607595 0.18308806 0.4574791 0.20594694 0.00046656618 0.0018010832 0.027945464 0.9847546 0.46129665 3.588012e-17 0.982312 0.009239372 0.5713421 8.1243146e-05 0.40563464 2.7474201e-05 0.16500796 0.03432851 0.30848387 0.08221644 0.009464145 0.045641225 0.01012263 0.002263969 0.0006164694 0.0017207477 0.0011646398 0.009805941 0.0009949368 0.0038209688 0.0002945707 2.200879e-05 0.0018228224 0.000258353 0.00045310482 0.00050955167 9.597925e-06 0.00038617034 0.00026822372 6.2081303e-06 9.707353e-07 6.474566e-06 4.718604e-05 2.1177102e-06 0.00039851345 1.3508473e-05 5.253116e-05 1.9049335e-06 5.586268e-05 3.296898e-05 2.4577446e-06 0.00019488025 1.5176682e-06 0.00017247481 6.509162e-06 8.658562e-05 0.0007769639 0.00068977196 1.379011e-05 8.5781386e-07 2.9060802e-05 5.9271283e-06 0.0005826132 1.47116325e-05 2.4390465e-06 1.6838064e-06 2.4535832e-06 2.6324988e-06 8.658776e-07 9.747763e-07 0.00086117955 4.88876e-06 1.7474176e-05 5.22694e-07 0.0003404628 3.9833654e-07 5.0034764e-06 4.205371e-05 0.00038071454 8.543167e-08 6.1265804e-05 0.00035147395 2.5213442e-06 2.094745e-05 1.4828728e-05 3.7712289e-06 7.4077025e-06 1.7101707e-06 3.0353914e-07 5.8119414e-05 4.380551e-06 0.00011498945 0.00013360985 5.6883177e-06
0.21941954 5.704243e-07 1.4589963e-05 1.5991179e-07 1.7783393e-07 0.024083428 0.0017042145 0.14492032 0.057698198 0.22578852 0.020378798 0.004365201 0.01759989 0.108301066 0.90851253 0.74528813 0.982312 4.8944376e-17 0.052645057 0.4273266 0.00032889043 0.4880422 0.00012942897 0.6492194 0.21164413 0.8790789 0.040329352 0.032330938 0.5140421 0.048742924 0.011423609 0.0005708521 0.0019427749 0.0062195477 0.07709605 0.0036999173 0.05453164 0.0006599521 6.2846506e-05 0.02092202 0.00059804105 0.005884114 0.0037487324 5.3953252e-05 0.011244459 0.0010382222 8.6540625e-05 3.206266e-05 1.4239001e-05 0.0005164786 6.9760763e-06 0.0029507242 0.00019788105 0.00013433569 8.698185e-06 0.00014567879 0.00030600198 2.7619544e-06 0.0026561965 3.8347875e-06 0.0010713893 1.24514845e-05 0.00038620754 0.0014361467 0.0010116429 5.1254607e-05 1.7096278e-06 3.735522e-05 7.0496358e-06 0.0033966873 2.6499607e-05 3.4826814e-06 1.7797367e-06 3.2745234e-06 3.599486e-06 7.015388e-07 3.0417998e-06 0.0025926388 1.7903109e-05 5.7844372e-05 1.5691959e-06 0.0013040231 1.4543364e-06 4.728115e-06 6.000305e-05 0.0009822306 1.2135273e-07 6.139436e-05 0.00024593767 3.894965e-06 6.3941174e-05 6.375047e-05 6.0026828e-06 6.2923777e-06 2.0450796e-06 2.5449292e-06 3.356359e-05 1.4918552e-06 5.4367647e-05 3.3299126e-05 5.77529e-06
0.65165764 0.0018779573 0.01846321 5.6316763e-05 2.322461e-06 0.8083631 0.0006771373 0.41901225 0.0062086647 0.03332354 0.0005987601 0.7755334 0.8767433 0.83276415 0.17662132 0.6978128 0.009239372 0.052645057 6.3683e-17 0.0012230139 0.5956182 0.0014061378 0.024062213 0.000252247 0.96921843 0.011340295 4.7635105e-05 2.1655489e-05 0.037810095 0.5666014 0.00011575326 1.9487701e-05 4.800111e-05 0.5679982 0.2434644 0.00020352601 0.071005136 6.5294676e-06 5.336067e-06 0.005512082 0.052902643 0.14526181 0.08397005 6.0143185e-07 0.020385733 0.027164292 1.6702832e-05 9.36667e-06 5.6960727e-07 0.00028491908 6.564047e-07 0.019708551 7.679036e-06 2.1460496e-06 1.6733292e-06 1.3678261e-06 4.2261026e-06 3.9968702e-07 0.0027072164 1.16757555e-07 0.008536323 6.2542654e-07 7.476247e-06 0.02091741 0.017198233 1.6227991e-06 3.8645342e-07 2.2668683e-06 1.7686659e-06 0.014112665 6.220825e-06 6.242687e-07 5.9905847e-07 1.075259e-07 3.3053257e-07 1.06230225e-07 1.5907226e-06 0.0058438526 2.0437275e-05 1.324388e-06 1.2822318e-07 0.0034520766 3.6500364e-07 2.241931e-06 4.6819305e-06 0.0015220399 1.0389377e-07 0.0003556165 0.0008155522 1.7622199e-07 5.9856688e-05 5.9225804e-06 8.321709e-06 1.2230138e-05 1.7805601e-06 1.0480328e-06 1.3080953e-05 3.4079522e-07 5.4240612e-05 7.7376126e-07 2.6289274e-07
0.038324565 1.6167432e-07 1.6293558e-06 6.0364874e-07 9.0931786e-07 0.00029572248 0.003037694 0.006297145 0.06645026 0.15848215 0.2448947 0.00047952685 0.00095321477 0.007579681 0.20330684 0.12672326 0.5713421 0.4273266 0.0012230139 1.4123688e-15 4.9120663e-06 0.968684 2.5624138e-05 0.6953527 0.0034731792 0.44158617 0.9172025 0.9120666 0.07697263 0.0006477895 0.06231918 0.037561875 0.69109726 0.00021967011 0.0003342998 0.006726599 0.0001754348 0.00710649 0.0025646314 0.0017161017 0.0002548434 0.00017589316 0.00028291973 0.0018279108 8.9278445e-05 0.00012482975 0.0024892099 0.0005860322 0.0007161768 1.0351005e-05 0.00012372999 0.00045880777 0.004438241 0.00043058544 0.00025492095 8.226559e-05 0.0001689607 0.00029285226 0.00025779603 3.5308876e-05 0.00025878748 0.00029806912 9.72291e-05 0.0023739738 0.0011195714 3.0869138e-05 4.305103e-05 0.00013931305 5.6413683e-05 0.0015509364 0.00097036845 4.1026724e-05 1.5359807e-05 1.4200622e-05 8.7545035e-05 1.7694243e-05 9.872563e-06 0.0036876001 2.2087175e-05 4.4498804e-05 2.0733416e-05 0.00078383024 1.2410927e-05 2.6186282e-05 0.00019888565 0.0009126123 7.3885997e-07 0.0002253006 0.00087307347 2.0525367e-05 2.9184395e-05 0.00018063675 0.00011081938 0.00013636948 1.0954976e-05 3.1111813e-05 0.00018862018 4.654988e-05 0.0009151555 0.0004986197 0.0002132072
0.17841321 0.035424102 0.07343679 0.00021205562 8.345042e-06 0.43314883 6.94457e-05 0.06910421 0.00045375322 0.00047854215 1.7700883e-06 0.9418308 0.35904294 0.074125096 0.0013542874 0.01332704 8.1243146e-05 0.00032889043 0.5956182 4.9120663e-06 9.543195e-16 9.772163e-06 0.98949814 6.894822e-06 0.06289442 0.00048848847 2.99919e-05 1.403957e-07 0.0012026464 0.06705058 4.565514e-05 2.3239986e-06 7.419598e-07 0.7076604 0.013763493 8.204762e-05 0.00448755 1.2275025e-06 4.9530877e-07 0.0003882031 0.6414717 0.12445615 0.4232495 2.0130518e-07 0.0010069419 0.17420182 3.4901993e-06 6.045717e-07 4.0046004e-07 5.7800453e-06 4.5471268e-08 0.0154904965 1.1870242e-06 7.2504815e-07 4.956584e-07 1.3015064e-07 1.1874815e-06 3.4706474e-07 5.5999073e-05 9.59699e-08 0.0024000444 4.600949e-07 1.20198e-06 0.14579475 0.03019641 1.15166735e-07 6.2583545e-08 3.735618e-07 2.1082104e-07 0.004044714 1.300579e-06 1.4331968e-07 2.7352817e-07 3.8962452e-07 7.3043765e-08 4.3662865e-08 1.2500738e-06 0.015719999 1.2544991e-05 8.48038e-06 3.386687e-08 0.006264055 1.3216227e-07 9.2151186e-07 1.3887278e-06 0.0010525301 1.9477024e-08 9.929164e-05 0.00063525717 6.711713e-08 2.3012237e-05 8.8961673e-07 5.9094765e-07 2.2878524e-08 1.9663786e-07 1.0969664e-07 2.3998289e-06 5.8442197e-08 1.0545239e-05 1.579704e-07 1.0549297e-08
0.0786797 2.1780028e-07 2.2863311e-07 7.209246e-08 7.42147e-08 0.00035158292 0.00032739958 0.0027647007 0.0035597077 0.019156806 0.012981708 0.00025485604 0.00059490476 0.0015239607 0.1319031 0.028799573 0.40563464 0.4880422 0.0014061378 0.968684 9.772163e-06 2.276166e-19 4.871951e-05 0.9398085 0.0059734024 0.5993973 0.1954859 0.95352256 0.17145497 0.0038810482 0.20606919 0.15030295 0.088226296 0.00031370646 0.007243192 0.0310141 0.005491074 0.039831504 0.009744233 0.023975434 0.00022372408 0.00029922804 0.0005087648 0.0034780998 0.0012561436 0.00021604363 0.0022910035 0.00041022655 0.0010735557 0.0016386958 0.00040654748 0.00076438696 0.0022177072 0.002132016 0.0005177001 0.00129774 0.0019361245 0.00019475562 0.0018041932 0.000115056595 0.00025624398 0.0009852162 0.0016464529 0.0013748439 0.00032102026 0.00037284664 3.734689e-05 0.0010184208 6.856545e-05 0.0032995937 0.00028542167 8.292239e-06 7.3717474e-06 3.3063407e-05 1.0044792e-05 1.8547289e-06 1.6647284e-05 0.001103242 5.77309e-05 0.00027965804 9.510863e-06 0.0011586735 6.254185e-06 2.8700164e-05 0.0001812172 0.0013617792 9.204092e-08 0.00048421047 0.00071946555 5.824543e-05 0.00015041369 6.920794e-05 5.0926187e-06 2.3072296e-05 3.1747638e-06 7.5850203e-06 0.00024536604 3.0869815e-05 0.00013194197 0.0007776337 9.098531e-05
0.8015131 0.04292476 0.04966576 0.0008805406 4.1209656e-05 0.17240791 0.00021372673 0.01858273 0.00058003695 0.0007054015 4.774005e-06 0.09610337 0.010608997 0.0033964103 0.00047108324 0.001123798 2.7474201e-05 0.00012942897 0.024062213 2.5624138e-05 0.98949814 4.871951e-05 1.0596287e-15 2.2944448e-06 0.0015139056 9.4387964e-05 4.4122546e-05 9.909354e-07 0.00013726534 0.0013130617 6.4672685e-07 4.7896486e-07 1.3798667e-06 0.12205493 0.000927196 3.699375e-07 0.0007960318 1.976613e-08 1.2030202e-06 2.3940856e-05 0.95824295 0.023755439 0.1186149 1.6939218e-07 0.00034792436 0.04977392 1.14872455e-05 1.0880485e-06 7.6319594e-08 1.2032159e-07 6.075095e-07 0.0021273114 3.8016194e-06 2.6822756e-08 7.749336e-06 3.15948e-08 1.2967026e-08 5.8014166e-08 3.805023e-05 3.273001e-07 0.00067374523 1.0114845e-08 3.8984318e-08 0.1999718 0.028039668 1.8495252e-08 3.590899e-07 2.6509953e-08 3.6035166e-07 0.00082349457 1.4178942e-05 1.12332735e-07 1.09653975e-07 2.8316645e-08 1.765889e-07 4.4375397e-09 6.896397e-07 0.003113302 8.5372585e-07 3.9740634e-08 3.736826e-09 0.0006933049 2.0316344e-07 2.5949351e-08 1.0493914e-07 4.699195e-05 9.515134e-08 6.96499e-07 2.8344031e-05 1.4901592e-09 1.5368349e-07 4.5612255e-06 7.934964e-07 6.9027166e-08 7.2983494e-07 4.2933803e-07 8.3648665e-08 7.659689e-10 7.857641e-07 3.6914083e-10 1.2891649e-10
0.50646704 6.985102e-10 1.0654991e-09 1.7495687e-09 6.257501e-10 5.7159836e-05 1.3336918e-05 0.00041834527 8.403972e-05 0.0015037281 0.00070919836 4.3493077e-05 0.00012803446 0.00026624455 0.090291254 0.018158475 0.16500796 0.6492194 0.000252247 0.6953527 6.894822e-06 0.9398085 2.2944448e-06 2.7349102e-17 0.0035181402 0.94585764 0.05545463 0.9573144 0.5106732 0.0030117917 0.82585835 0.64329976 0.010468093 6.928574e-05 0.009889313 0.5063862 0.014231663 0.51676005 0.044788174 0.16760437 0.00011724232 0.00024141507 0.00037459572 0.011407866 0.0040441756 7.259186e-05 0.0180363 0.008035815 0.0016625606 0.009192786 0.0016155958 0.00032687388 0.01161575 0.001088376 0.0003303068 0.00035057997 0.0044771414 8.214768e-05 0.013095902 5.986622e-05 0.0002833553 0.0003410993 0.0010973057 0.00040496135 7.050097e-05 9.467854e-05 3.062577e-06 7.2581475e-05 4.225744e-06 0.0073644677 0.0005510111 3.461077e-06 8.534076e-07 1.5431875e-06 3.2899582e-06 4.4948996e-07 6.5579375e-06 0.00016086557 0.00024854924 7.506171e-05 4.895396e-07 0.00060864934 3.144944e-07 2.0717327e-05 0.00012418168 0.0010181669 4.2982e-08 0.00017105232 0.0002790565 7.4389945e-06 8.321285e-05 3.144341e-05 3.0796082e-06 2.8564848e-06 2.8518673e-07 8.068193e-06 4.6901423e-05 4.5301426e-06 6.582157e-05 9.6660144e-05 5.9405456e-06
0.51391786 0.00035265632 0.005710285 1.2259834e-05 7.445669e-07 0.39795122 0.0009922187 0.2823093 0.012764154 0.045511622 0.0011155758 0.16871817 0.47092113 0.6437508 0.22880809 0.74654347 0.03432851 0.21164413 0.96921843 0.0034731792 0.06289442 0.0059734024 0.0015139056 0.0035181402 1.2917323e-17 0.07200865 0.0002713557 8.764938e-05 0.31187144 0.97726756 0.0006604177 0.00011738105 8.012788e-05 0.26335198 0.38433295 0.0006808363 0.16713168 3.0320558e-05 2.6385245e-05 0.0952132 0.032187577 0.077961706 0.04133928 1.2117008e-06 0.073533185 0.016157338 3.3944184e-06 2.4429105e-06 8.863243e-07 0.0043612374 2.3691335e-07 0.031873528 1.2173758e-05 7.829894e-06 1.4389748e-07 5.45171e-06 2.281387e-05 2.2848882e-07 0.010381905 2.0351463e-07 0.017224954 3.416312e-07 5.6169854e-05 0.013604408 0.013185292 3.187223e-06 7.022397e-07 7.700699e-06 2.5137067e-06 0.03897012 3.5179287e-06 3.1716193e-06 4.874465e-07 1.898956e-07 1.5069179e-06 3.3613816e-07 8.6748025e-07 0.010238729 0.00040321372 3.5978833e-06 4.0673382e-07 0.012686497 1.2980779e-07 2.027011e-05 1.0924064e-05 0.0033508965 4.0422623e-08 0.0008886193 0.0033331139 5.904451e-07 0.00035974613 1.4002818e-06 5.3170484e-06 4.076151e-06 3.2576224e-06 1.3355761e-06 6.7072884e-05 1.559643e-06 6.8614965e-05 2.2237386e-05 6.451861e-07
0.88417304 1.6339477e-06 1.2436698e-05 7.965321e-07 1.5407743e-08 0.014897525 3.2331027e-05 0.031652074 0.0025486527 0.028266847 0.0011257888 0.0013935051 0.009927025 0.070234604 0.42677268 0.58743364 0.30848387 0.8790789 0.011340295 0.44158617 0.00048848847 0.5993973 9.4387964e-05 0.94585764 0.07200865 5.0323646e-16 0.019386461 0.45287228 0.97761285 0.036815394 0.5048586 0.07175732 0.0052139764 0.0036653974 0.056514457 0.35089338 0.08322059 0.033200473 0.036318924 0.39285955 0.0019802575 0.006431347 0.005415706 0.009622607 0.060459625 0.0025997583 0.035235524 0.010246353 0.0025097749 0.03857378 0.0025298996 0.014058906 0.0033900416 0.0008383799 0.0002832494 0.0005330549 0.0058281743 0.00015342803 0.055116225 0.0003016457 0.024128722 9.0916794e-05 0.0029430182 0.0075949198 0.007709789 0.00013348427 0.00034896203 0.0007866096 7.609651e-05 0.04363401 9.6573065e-05 7.906819e-05 1.4440491e-05 1.1512074e-05 4.639786e-05 1.37921625e-05 0.00012755366 0.0071688825 0.0052975644 0.00031438243 8.73856e-06 0.019286016 6.866756e-06 0.0016512269 0.001172075 0.010145452 5.7069443e-08 0.004542735 0.0069027278 0.00014189219 0.0029413179 2.3422494e-05 1.193759e-05 1.3446571e-05 5.4099396e-06 2.2878188e-05 0.0007868602 0.00018934379 0.0005010695 0.0010830224 5.65422e-05
0.0021160308 3.786081e-07 2.5379734e-06 5.6487437e-07 4.7079398e-06 8.880028e-05 0.006890271 0.0013106216 0.024077548 0.020878136 0.39225727 3.7865546e-05 0.00015286164 0.00083227456 0.037153397 0.009721311 0.08221644 0.040329352 4.7635105e-05 0.9172025 2.99919e-05 0.1954859 4.4122546e-05 0.05545463 0.0002713557 0.019386461 3.215043e-19 0.11595635 0.0019959165 4.7034453e-05 0.0005838791 0.00026980977 0.9587173 0.0002676945 9.841171e-05 8.7186185e-05 1.995279e-05 5.2619504e-05 0.00053611706 6.9873386e-05 0.0020931503 0.00022364686 0.0008925754 0.0005564241 1.4984535e-05 0.00030306118 0.0016612386 0.0006512525 5.6444145e-07 4.474289e-07 1.3012001e-05 0.00025937034 0.002647147 8.5798765e-06 0.0001950424 2.1576896e-06 8.96409e-06 1.0546471e-06 5.9043952e-05 1.5989777e-07 0.00012634818 5.712493e-06 1.6135862e-06 0.0017119193 0.00052412186 2.823311e-06 3.6084032e-07 1.9343315e-05 2.0949425e-07 0.0003383185 0.00023847191 2.016598e-06 4.5223788e-07 2.0824429e-07 1.0821014e-06 3.9392788e-07 5.5642664e-07 0.0003854106 1.0695574e-05 1.2753841e-05 1.7260724e-08 3.7163023e-05 6.970792e-07 4.0090294e-05 2.8866045e-05 0.00017953708 4.9083213e-09 2.2484906e-05 2.8714376e-05 2.748121e-06 1.9595365e-05 8.483942e-07 2.801229e-07 4.6641998e-07 3.5291218e-06 5.144989e-06 5.0110357e-06 0.0001474798 8.845067e-06 0.00056845386 2.6111196e-05
0.05616628 1.6274494e-09 2.0975932e-09 8.044332e-09 1.9410622e-10 6.640073e-07 7.6708375e-06 9.495718e-06 8.701702e-06 5.897457e-05 0.00041317558 2.1428132e-05 1.8744375e-05 3.6515234e-05 0.0003799874 0.00014897923 0.009464145 0.032330938 2.1655489e-05 0.9120666 1.403957e-07 0.95352256 9.909354e-07 0.9573144 8.764938e-05 0.45287228 0.11595635 5.838953e-18 0.101553805 3.771792e-05 0.64183944 0.80123115 0.49996674 1.0737567e-05 3.180411e-05 0.34286386 5.3004704e-05 0.55560905 0.61168087 0.03570927 3.808605e-06 2.1709046e-05 2.7128493e-05 0.38968167 3.7266444e-05 1.00918605e-05 0.3430018 0.10832697 0.03707667 0.001523649 0.021526178 9.811441e-06 0.043671705 0.0049443077 0.024656888 0.0010602836 0.0028599373 0.0005653597 0.0020360083 0.00025938594 2.099783e-05 0.000944551 0.0007174077 5.432961e-05 6.720193e-06 0.00030216796 5.902763e-05 9.1863745e-05 2.6410422e-05 0.0010544235 0.0123273125 5.906108e-05 1.5964255e-05 2.85298e-05 4.2169777e-05 3.667981e-06 3.06672e-05 0.000110530826 1.081681e-05 9.487602e-05 8.33747e-06 0.00041332594 4.3857784e-05 1.7950055e-05 5.0013964e-06 0.0003157932 5.3858376e-08 0.000104177976 0.00035305458 2.227317e-05 7.242e-06 0.00014868016 6.646944e-06 1.0136859e-05 6.61417e-06 5.732443e-05 1.03787615e-05 7.139486e-06 7.9542544e-05 6.729117e-05 5.0378e-05
0.98435426 4.4853223e-06 7.4516115e-06 1.3483368e-06 2.2147859e-07 0.015358357 7.725794e-05 0.016561948 0.0009700515 0.006682427 0.00041731642 0.0019240828 0.018898688 0.10723036 0.16810647 0.5532105 0.045641225 0.5140421 0.037810095 0.07697263 0.0012026464 0.17145497 0.00013726534 0.5106732 0.31187144 0.97761285 0.0019959165 0.101553805 8.060772e-15 0.20667145 0.23539653 0.017614951 0.0010388962 0.007677278 0.2695996 0.350171 0.30438653 0.018998127 0.012584913 0.84086484 0.004753686 0.013398155 0.006547976 0.0023419268 0.22281745 0.0029221897 0.02000258 0.002673492 0.00064747885 0.2565444 0.0012447586 0.05023658 0.0020696446 0.0002089287 0.0002972666 0.00011503793 0.0037874086 1.8888524e-05 0.18136309 7.610297e-05 0.13765986 3.310269e-05 0.00087346317 0.025002817 0.025894143 4.6067707e-05 1.3072947e-05 0.00029400826 1.9282405e-05 0.24735554 0.00018976573 2.8222732e-05 5.650519e-06 1.7397696e-06 9.479305e-06 3.4568745e-06 0.00019209732 0.039260533 0.014855305 0.00015488951 1.3197947e-06 0.14845306 5.2216044e-05 0.0017498835 0.0012291466 0.05369855 8.956079e-07 0.020696618 0.038262445 4.3008105e-05 0.0065467427 0.00043622855 0.00045538778 2.1032904e-05 2.6267422e-05 0.00017847169 0.0020990744 5.5102133e-05 0.0013979749 0.0011464324 5.268074e-06
0.7588123 4.3627635e-05 0.0006750151 7.259552e-07 1.1812755e-07 0.11602141 0.00018161772 0.07593873 0.0010410335 0.006263954 4.1467523e-05 0.03190373 0.10612134 0.19707665 0.07084564 0.2750556 0.01012263 0.048742924 0.5666014 0.0006477895 0.06705058 0.0038810482 0.0013130617 0.0030117917 0.97726756 0.036815394 4.7034453e-05 3.771792e-05 0.20667145 1.632965e-17 0.00051319465 3.6130798e-05 1.0015312e-05 0.5589277 0.95931846 0.00081684423 0.4232452 2.5672645e-05 4.4130647e-06 0.12290254 0.04331749 0.19413348 0.11845177 1.5710481e-06 0.22776282 0.057113104 5.541419e-06 1.0880298e-06 5.637318e-07 0.0025567925 6.21334e-07 0.19638045 9.229239e-06 1.8371372e-06 1.3483394e-06 3.2416744e-06 6.207468e-06 1.3747055e-07 0.026021756 1.5023424e-07 0.093655586 1.4265885e-07 2.5001045e-05 0.04945926 0.09161148 1.349358e-06 1.3612075e-06 1.249839e-06 1.8237586e-06 0.1100791 9.043896e-06 3.8119418e-07 7.4346e-07 6.955569e-08 3.829191e-07 6.6616536e-08 8.841618e-06 0.046233848 0.00067417364 5.065006e-06 4.0298684e-08 0.04952163 4.2622528e-07 2.7931274e-05 2.6296144e-05 0.0064729615 3.1006303e-07 0.0022074827 0.0126975 2.1867336e-07 0.0006663376 3.0664334e-05 3.7740876e-05 9.489173e-06 1.0556238e-05 3.2131672e-06 0.0004316384 1.95622e-07 0.00021163073 3.212026e-05 1.8394925e-07
