1.4533127e-27 0.9491524 0.7720591 0.7086368 0.8733128 0.60651416 0.946413 0.91749 0.49101457 0.9461667 0.27244392 0.31245983 0.89739805 0.91220635 0.8407559 0.6798773 0.316146 0.93618965 0.9210474 0.9715892 0.8555951 0.89629024 0.9267546 0.77464974 0.28983006 0.9175715 0.12136564 0.94128656 0.5617797 0.43251473 0.9169716 0.5159665 0.3532314 0.97669786 0.85130036 0.83672667 0.893846 0.3431514 0.28089935 0.90444326 0.078152485 0.055567764 0.14847752 0.9735939 0.841539 0.036685668 0.6881336 0.08858573 0.92381585 0.87003046 0.13091302 0.16320512 0.62012476 0.99681824 0.8002869 0.40406698 0.96817803 0.9938613 0.9285063 0.9575846 0.28871593 0.9896669 0.9694441 0.95091856 0.07959578 0.024944156 0.037264716 0.73900557 0.31205487 0.005706942 0.087203085 0.0018113436 0.0015292186 0.06244925 0.51353 0.007016015 0.77992135 0.9978779 0.040060095 0.00036367445 0.00023339625 0.9993278 0.061089292 7.361258e-06 0.00033563402 0.00016506657 0.6695012 0.9995332 8.7085646e-05 0.99981046 0.14485936 0.016941732 1.2511722e-06 1.4914426e-06 0.95098615 0.08936384 8.04497e-05 5.9807895e-05 4.489196e-06 0.9982326 1.3857492e-07
0.9491524 4.816551e-18 0.97904164 0.81598216 0.70374644 0.2830221 0.21683328 0.43635464 0.70346117 0.28238228 0.009838169 0.017233662 0.09676986 0.015736215 0.029243523 0.00050560874 0.39769465 0.064258926 0.014910439 0.3034108 0.003136109 0.58362645 0.0011780395 0.002297748 0.17702593 0.0035254187 0.017787358 0.00026896325 8.147001e-05 7.955362e-05 2.147785e-05 0.00034187667 0.13556163 0.0009416666 5.1531722e-05 5.159823e-06 7.43877e-07 0.007987707 0.06183281 4.320001e-06 0.0546878 0.19104707 0.30383012 0.0618581 3.3694776e-06 0.0137035595 4.315797e-06 0.00095742295 7.1377945e-05 6.6002167e-07 5.2490773e-06 6.313022e-05 0.041630775 0.0030642909 5.4521415e-06 1.7892241e-06 4.975811e-06 0.01314096 0.024802875 0.014716215 3.1685707e-07 0.01833131 8.6540285e-07 1.184956e-07 0.2193346 0.18614572 0.14954576 1.0674978e-07 2.4269527e-08 0.00026978325 6.585102e-05 0.012763539 0.00595624 1.853667e-07 2.3029086e-08 0.050810006 4.8345512e-08 0.0066152303 3.615027e-07 0.002101453 2.3754028e-05 0.003621128 2.2833741e-07 6.5204295e-05 0.0006154309 8.391137e-06 0.00012212148 7.081241e-05 2.8655927e-06 0.00046510392 3.7889297e-06 9.444942e-08 8.732257e-05 0.00011233066 1.3020826e-05 2.8992812e-07 5.8557853e-06 3.603627e-05 4.5130147e-08 0.000110915185 9.302836e-09
0.7720591 0.97904164 6.8665136e-19 0.50078 0.2545645 0.29046032 0.01886608 0.5298529 0.95771277 0.017362105 0.02151247 0.01660267 0.018415788 0.0028535281 0.0278217 0.0020492482 0.58472925 0.009063462 0.014946979 0.123226315 0.00065151893 0.39900094 0.0002883975 0.0005642717 0.32048833 0.00067612773 0.047986936 4.4739052e-05 3.0274501e-05 3.019302e-05 2.821561e-06 0.0015193735 0.09336315 0.00016043996 9.415857e-06 1.9085285e-06 3.7204225e-07 0.0028746338 0.1453349 1.3248679e-06 0.13323127 0.30888453 0.427374 0.015228573 2.4417577e-06 0.004465308 3.4799357e-06 0.0005933924 2.1971668e-05 5.921487e-07 2.6048556e-06 4.659194e-05 0.014093371 0.00056925864 2.0579396e-06 2.1244605e-06 2.550892e-06 0.009437119 0.0069111884 0.0045210514 3.2600917e-07 0.00602184 1.2628495e-06 3.2531766e-08 0.3132631 0.13303256 0.08812616 8.8567745e-08 2.241484e-08 9.5647054e-05 1.1301798e-05 0.024296185 0.009637568 1.4460694e-07 9.816517e-09 0.08425194 3.4460612e-08 0.0038031063 6.049676e-08 0.0015208652 5.9418207e-06 0.0022999877 2.3224274e-08 3.080632e-05 0.0017731965 6.700016e-06 2.2841628e-05 2.9271698e-05 7.624746e-07 0.00022028497 9.506387e-07 7.034754e-08 2.5658617e-05 0.00022953466 2.5170027e-06 6.912677e-08 4.1733336e-05 7.2261387e-06 2.811931e-06 2.5333195e-05 6.219989e-08
0.7086368 0.81598216 0.50078 1.451995e-18 0.9891189 0.7229875 0.061838236 0.40813354 0.20453021 0.1718412 0.12790224 0.22289616 0.0056879357 0.0014123361 0.24552444 0.0060184523 0.09035975 0.113373786 0.0349573 0.8358492 0.0020409299 0.08391197 0.0004511606 0.0015989809 0.04828022 0.0026238917 0.009432013 0.00021289593 8.1926e-06 1.0873944e-05 3.883408e-06 0.00081817585 0.012845949 0.0007708881 3.3606608e-05 6.6948706e-07 4.3648566e-07 0.0009518385 0.010074193 2.3715106e-06 0.007340775 0.023642045 0.02737202 0.10622776 5.969763e-07 9.504039e-05 2.7391204e-06 9.682298e-05 9.103244e-05 3.2637158e-07 2.4980109e-06 7.6106708e-06 0.11617263 0.0075648483 2.1136166e-06 5.573866e-06 3.2493306e-05 0.05312825 0.037394874 0.039177775 2.2756244e-07 0.040757272 2.047353e-06 4.7049816e-08 0.0059685395 0.008292881 0.0031660139 5.93297e-08 3.3179283e-08 4.557777e-06 7.1203312e-06 0.0004092247 9.1356225e-05 6.9540164e-08 5.009829e-09 0.00080042303 4.0896463e-08 0.019922668 5.2336116e-08 0.00014003915 1.8462316e-06 0.010390975 2.8314645e-08 2.1212123e-05 8.931634e-05 1.4765945e-05 2.6768417e-05 0.000245239 2.011955e-06 0.0011691769 2.1748728e-07 7.09336e-07 3.3393937e-06 6.2332285e-05 8.558784e-06 1.46055745e-08 9.997705e-06 1.2904536e-05 5.073057e-07 0.00019880317 7.6394016e-08
0.8733128 0.70374644 0.2545645 0.9891189 1.3797649e-18 0.2512498 0.20816362 0.11519122 0.06561216 0.7699444 0.013152538 0.033080176 0.029995857 0.008625892 0.06927995 0.001223116 0.041640796 0.6400029 0.01656826 0.84160215 0.03134461 0.25698698 0.0064098146 0.022477286 0.012086247 0.036231272 0.0043302085 0.0023265234 9.248478e-05 4.435826e-05 6.0223083e-05 0.00024871549 0.038005006 0.00925985 0.00033826559 1.0224774e-05 3.4684092e-06 0.0065993676 0.0011434488 1.2483528e-05 0.0024643342 0.010908169 0.02230101 0.21958964 2.8614854e-06 0.0018691297 5.5037563e-06 0.0004106767 0.00077439327 8.7166814e-07 6.315355e-06 5.0055838e-05 0.14315052 0.030560968 1.1322771e-05 5.2637347e-06 5.0065435e-05 0.062878124 0.04835435 0.042428665 2.775745e-07 0.06683695 3.1342179e-06 1.1945322e-07 0.0006241372 0.016379474 0.021718103 1.9898232e-07 2.1394632e-08 1.1760016e-05 9.91654e-05 0.00013768565 8.291729e-05 1.2623262e-07 2.9848785e-08 0.000324431 1.1403841e-07 0.030643541 8.06997e-08 0.00014280471 6.318759e-06 0.023691565 1.9087267e-08 9.135109e-05 1.4141483e-05 1.9864294e-05 5.0199396e-05 0.0005451126 3.5053902e-06 0.0038432032 1.1305538e-07 3.428058e-07 2.3903807e-05 1.4750083e-05 2.027361e-05 6.727768e-09 5.882004e-07 2.762185e-05 1.3729989e-08 0.00047960939 1.0550102e-08
0.60651416 0.2830221 0.29046032 0.7229875 0.2512498 3.6666997e-18 0.00087244046 0.9592869 0.28170204 0.0048985775 0.890646 0.77026415 0.0011215461 0.00039387797 0.62405306 0.54064745 0.18602313 0.0041187378 0.32621393 0.47605312 0.00019670997 0.014335968 0.00014609464 0.00024106007 0.23719442 0.00042721035 0.21802855 3.3691034e-05 1.1547771e-06 1.8823993e-06 1.0705681e-06 0.07688192 0.0038443545 0.00012077161 5.787618e-06 2.4958618e-07 3.5643257e-08 2.8388424e-05 0.3062963 8.0599824e-07 0.14228521 0.13569055 0.043122448 0.015134025 9.701323e-08 2.6820595e-05 1.0701342e-06 8.437479e-06 3.022543e-05 6.574468e-08 5.0191662e-08 1.8748424e-06 0.1993058 0.00067071954 7.023608e-07 6.846743e-07 5.512423e-06 0.1501853 0.04987271 0.029912649 3.54071e-07 0.015013001 3.2376073e-07 1.4972457e-08 0.18641335 0.0019962299 3.9308245e-05 1.2959973e-07 1.5437314e-07 1.0280188e-06 1.8673602e-06 0.00078552787 6.995619e-05 4.712517e-08 1.6444864e-09 0.02084889 8.65119e-09 0.013013962 6.876277e-08 5.2180926e-06 3.1303282e-06 0.0047997204 1.376718e-07 2.5556135e-06 0.0002648532 2.7173624e-05 6.2994145e-06 8.73284e-05 3.543225e-06 0.00035615868 1.4062518e-06 1.4532361e-07 7.954508e-06 4.740272e-05 5.5890706e-07 3.0832904e-08 6.137984e-05 2.6702684e-05 2.733798e-05 1.6519214e-05 3.1368205e-07
0.946413 0.21683328 0.01886608 0.061838236 0.20816362 0.00087244046 4.281056e-17 0.00018597167 0.0025326915 0.9507113 0.0001556757 0.00036180622 0.7801065 0.90663797 0.00025200966 1.0349056e-06 0.002658859 0.34083253 0.00014984299 0.0072085494 0.5605476 0.18745875 0.6133138 0.36362275 0.00062874623 0.37008792 4.516177e-05 0.12746562 0.15051004 0.09265442 0.11007616 7.696039e-09 0.04597799 0.06317214 0.021779902 0.028624648 0.0263387 0.23425603 1.2565513e-05 0.0032006283 0.0008433743 0.0019760611 0.0062786574 0.117628865 0.0007244883 0.03415608 0.00032502433 0.06247405 0.018881774 0.000247129 0.009075299 0.017670577 0.0041554146 0.10039892 0.0004682306 0.0056160484 0.0021313247 0.002638097 0.0038933018 0.0060319505 0.0005113126 0.015863128 0.00031994501 2.3586643e-05 7.973006e-05 0.037046466 0.07139426 4.3248288e-06 3.1442887e-06 0.004423205 0.011108561 0.0002787676 0.00043099196 2.1284222e-05 1.21787625e-05 5.213205e-05 2.7094364e-05 0.006903076 3.254302e-05 0.00085924176 0.0015558726 0.003734313 1.4581138e-06 0.0006059666 6.660527e-05 0.00051251653 0.0012682789 0.0017855418 1.4217181e-05 0.009753298 2.6352001e-05 1.9583322e-06 4.1632524e-05 2.5460544e-05 0.00041424047 4.6063114e-08 9.052797e-07 0.0007431138 4.081415e-09 0.001510271 6.383004e-09
0.91749 0.43635464 0.5298529 0.40813354 0.11519122 0.9592869 0.00018597167 1.5034342e-17 0.6325805 0.0008969376 0.80491745 0.51560134 0.00024816793 3.8839542e-05 0.3625846 0.8085736 0.39923504 0.0010014229 0.21288581 0.13539241 1.2273474e-05 0.02456388 1.5407928e-05 1.4061278e-05 0.54479456 3.577998e-05 0.57971495 5.1573047e-06 1.5419937e-07 3.2783433e-07 3.28857e-07 0.29566514 0.009123974 4.5267418e-05 3.1027025e-06 1.4140565e-07 1.6811525e-08 3.5620713e-05 0.5450573 4.8944815e-07 0.3866481 0.42997777 0.22503622 0.007732775 2.719719e-07 3.242607e-05 3.451062e-07 4.4950175e-06 6.3700368e-06 2.6562685e-07 8.937312e-08 2.328158e-06 0.06137095 0.0005806798 1.6196691e-07 1.082884e-06 1.1203589e-06 0.0732455 0.027062712 0.009462416 3.8271244e-07 0.0036679655 1.5660106e-07 3.644052e-08 0.6262285 0.0075181248 0.00026579574 4.3368882e-08 8.215242e-08 4.871568e-06 6.2037393e-06 0.002616665 0.0010843908 5.844521e-08 3.1198e-09 0.08166011 2.7326962e-08 0.0069059837 3.7998902e-08 7.0212256e-05 9.133319e-06 0.005045202 4.993271e-08 1.5360054e-05 0.002580452 1.9539772e-05 3.5656585e-06 7.13191e-05 2.758856e-06 0.0008608494 7.95661e-06 7.18047e-08 5.3279993e-05 0.0002554493 2.5313018e-06 1.0586162e-08 0.00011241842 6.5811844e-05 4.356311e-05 1.9060702e-05 8.7103916e-07
0.49101457 0.70346117 0.95771277 0.20453021 0.06561216 0.28170204 0.0025326915 0.6325805 2.3273378e-18 0.0025677164 0.041498557 0.025448676 0.0044502886 0.00048765301 0.020739216 0.021862768 0.9487202 0.0011594843 0.0075456495 0.027334066 0.00010699272 0.14722224 0.00016353493 0.000117808 0.67652667 0.00010625074 0.16938566 4.9682053e-06 4.0784917e-06 2.8766572e-06 9.2886876e-07 0.002862527 0.03801064 3.5662382e-05 3.2298462e-06 5.6060577e-07 1.9269775e-07 0.00024636282 0.15520388 3.1974506e-07 0.21378778 0.33917633 0.38181365 0.0051092366 1.5293059e-06 0.00061441277 1.5608838e-06 6.2917155e-05 4.8435686e-06 2.427843e-07 1.6575203e-07 2.469026e-06 0.0040178634 0.00010830224 9.218731e-07 4.1109715e-07 5.0906544e-07 0.0059019527 0.0015836266 0.0008983942 6.700022e-08 0.0012542851 1.3360683e-07 2.5299789e-08 0.2891037 0.043762203 0.028150104 5.5489437e-08 5.0658384e-09 2.1619171e-05 7.4643174e-07 0.015133116 0.004569583 5.0815377e-08 1.1003962e-08 0.06549689 2.5425953e-08 0.0016296365 2.2497764e-08 0.00052971096 2.9523694e-06 0.0010701584 2.3683867e-08 7.1127783e-06 0.002997559 9.872604e-07 2.2634862e-05 1.9797686e-05 1.7477677e-07 0.00022224443 6.4655416e-07 3.1563903e-08 3.6431436e-05 0.00078171573 2.2202476e-06 2.0962904e-08 8.6405955e-05 1.09394205e-05 1.07120795e-05 2.1534128e-05 2.015505e-07
0.9461667 0.28238228 0.017362105 0.1718412 0.7699444 0.0048985775 0.9507113 0.0008969376 0.0025677164 2.1042525e-17 0.0010353297 0.0017633322 0.11517813 0.24914992 0.0041619684 8.631289e-05 0.001541253 0.9356187 0.002772409 0.23315042 0.49655926 0.12509038 0.21762653 0.40055528 0.00026313894 0.475336 9.634612e-05 0.1343793 0.006226464 0.0030300394 0.007157352 4.1105832e-07 0.018396415 0.10183614 0.018504756 0.00091186765 0.0005266509 0.019802218 1.5159447e-05 0.0014070084 0.00017071498 0.00051938544 0.0022975914 0.25748053 0.00013200917 0.0023329211 0.0001295642 0.0013303882 0.0165228 8.2781706e-05 0.00011063312 0.00044184405 0.025306635 0.13027966 0.00026676455 0.00010794268 0.0036315615 0.023201456 0.016662208 0.021137135 2.6170328e-05 0.047112845 0.00032091342 1.1231646e-05 9.794379e-06 0.008540363 0.024743887 1.7259343e-06 2.2289e-07 0.00020378646 0.00020725676 4.4390894e-05 3.959939e-05 8.370549e-06 4.337484e-06 2.4598961e-05 1.4982819e-05 0.014022531 5.4808816e-06 0.00084996014 0.00016869682 0.017091211 1.5722463e-07 0.0014957972 6.7937144e-05 8.21992e-06 0.00063333655 0.0027257735 9.2224514e-07 0.015439017 4.8697626e-07 2.094358e-06 1.0643831e-05 4.559012e-06 0.00030607785 6.5114335e-08 2.495507e-05 0.00083841186 8.641527e-09 0.0022417433 5.1147158e-08
0.27244392 0.009838169 0.02151247 0.12790224 0.013152538 0.890646 0.0001556757 0.80491745 0.041498557 0.0010353297 1.1863923e-16 0.95981646 0.00031644167 0.00016577837 0.55531216 0.9496131 0.028725697 0.0025624703 0.51411384 0.09821415 6.438345e-05 0.0008289729 2.5186104e-05 3.2818185e-05 0.07555854 0.00014188826 0.32665762 9.425021e-06 5.509415e-07 1.7732903e-06 3.3732437e-07 0.19339669 0.00038280978 3.4514276e-05 1.0077458e-06 1.0340289e-07 1.9040897e-07 3.476965e-05 0.14554065 1.19058804e-07 0.031070998 0.014600635 0.003387303 0.010238558 2.627908e-08 9.4890365e-06 1.7409903e-07 8.179788e-06 4.884803e-06 7.9427814e-08 2.947276e-07 8.946916e-06 0.08559597 0.0002985454 1.4786123e-07 3.7260702e-06 1.2990073e-06 0.19147895 0.028569864 0.020484999 5.710126e-07 0.006926087 1.0957662e-07 1.6606222e-08 0.05991337 0.00019304494 5.4076804e-06 5.793453e-07 2.5167614e-07 4.306788e-06 5.21757e-06 0.0002956565 4.8322786e-06 1.7629007e-07 1.5063853e-09 0.0026425691 6.294829e-09 0.0116108265 5.5755297e-08 5.9483123e-06 4.4092785e-06 0.004079692 1.4070426e-07 4.950143e-06 5.494607e-05 2.3357347e-06 9.8225255e-06 1.8046294e-05 4.4476448e-07 0.00016485371 6.573453e-08 8.591503e-08 9.1228947e-07 1.7659935e-05 2.1750232e-06 1.783223e-08 2.4965282e-05 6.2369354e-06 6.301671e-05 3.411367e-05 1.7528053e-07
0.31245983 0.017233662 0.01660267 0.22289616 0.033080176 0.77026415 0.00036180622 0.51560134 0.025448676 0.0017633322 0.95981646 2.2450222e-16 0.00034741216 0.00018959804 0.73400396 0.95425195 0.014072333 0.0031607477 0.76013184 0.18456414 0.00024948968 0.00037279134 7.599332e-05 0.00016697776 0.040231206 0.00021389392 0.189342 1.8747629e-05 1.8929288e-06 4.003087e-06 5.29263e-07 0.106463276 0.00041239732 1.7372851e-05 3.2841713e-06 1.7034374e-07 3.1278825e-07 4.6293153e-05 0.09315801 4.2868956e-07 0.014485105 0.007959699 0.0013903982 0.0140980845 1.5877625e-08 1.1674776e-05 1.01029336e-07 6.7554442e-06 2.4637666e-06 9.7603824e-08 9.1546883e-07 4.477079e-06 0.1734387 0.00029574448 7.496173e-08 2.0803977e-06 1.7148008e-06 0.35395873 0.042445477 0.026099099 1.0883473e-06 0.009557946 8.6738474e-08 1.559329e-08 0.033752568 2.6590058e-05 1.2338744e-06 7.346449e-07 2.2176943e-07 8.45935e-07 6.0972724e-07 0.00012536434 2.6666992e-06 1.3421499e-07 9.428374e-10 0.00040633875 1.1163488e-08 0.011785064 2.5191541e-08 8.033585e-07 1.9654215e-06 0.0033236213 4.3896925e-08 3.8813196e-06 1.03925395e-05 1.3355863e-06 5.4758816e-06 1.5727488e-05 4.1676452e-07 5.4123106e-05 2.8162328e-08 1.1372187e-08 1.7951962e-06 8.054001e-06 1.9726717e-06 3.1044676e-09 1.704169e-05 5.5735313e-06 1.5292017e-05 1.2004982e-05 2.3224509e-07
0.89739805 0.09676986 0.018415788 0.0056879357 0.029995857 0.0011215461 0.7801065 0.00024816793 0.0044502886 0.11517813 0.00031644167 0.00034741216 7.5487953e-17 0.9705082 0.0006867395 1.9982115e-05 0.0072632097 0.042760253 0.00015939755 0.0017776156 0.109700404 0.7718546 0.090971746 0.080841936 0.0011727856 0.059894647 0.00012777295 0.015085472 0.31613663 0.11917799 0.012262302 9.632812e-07 0.43383217 0.00878879 0.0086407075 0.005742555 0.016708106 0.9296297 0.000102068145 0.0013606367 0.0010409005 0.0030201299 0.019207526 0.017539794 0.00082955026 0.41592562 0.0006812998 0.3568839 0.00326329 0.0002583589 0.018916277 0.061321497 0.0010193804 0.015788179 0.0005006866 0.007899034 0.00090583984 0.0008854026 0.0022435067 0.0011411887 0.00023836164 0.0019980476 0.00017576372 7.138537e-05 0.00014892583 0.1100701 0.27066192 1.3542189e-05 9.487435e-06 0.06604878 0.027863242 0.00468712 0.0036111663 1.2264968e-05 1.9135505e-05 0.00036599464 4.721138e-05 0.0027497113 5.878525e-06 0.004662655 0.00539575 0.0013877117 2.6361015e-06 0.002211826 0.00016859629 0.0007120743 0.0019399828 0.0008359437 4.101628e-05 0.0026566335 5.053371e-05 2.0884822e-06 0.0001160351 1.1138248e-05 0.00036780574 7.351047e-07 9.798513e-07 0.002556869 2.941769e-09 0.00078465784 4.508857e-09
0.91220635 0.015736215 0.0028535281 0.0014123361 0.008625892 0.00039387797 0.90663797 3.8839542e-05 0.00048765301 0.24914992 0.00016577837 0.00018959804 0.9705082 1.2199124e-17 0.00027481135 2.9394907e-06 0.0006048442 0.04804693 4.3130174e-05 0.0006088705 0.30308434 0.17154725 0.72142035 0.3227619 0.00024658657 0.18088906 0.00014349549 0.11377728 0.75636303 0.5313343 0.13027687 3.0397948e-07 0.061967198 0.04070338 0.025325533 0.04672674 0.13522291 0.6995493 3.870938e-05 0.0044919886 0.00061577663 0.00084936374 0.0028947438 0.035744123 0.0017100422 0.171838 0.000860446 0.36054364 0.0125965895 0.0007881768 0.042967495 0.12847713 0.0013898964 0.04855128 0.0013590793 0.018221177 0.0016092174 0.00040826635 0.0020590038 0.0011487465 0.0008257182 0.0034592212 0.00032265743 0.00013534707 1.0957976e-05 0.015086854 0.102395475 6.220669e-05 9.0566406e-05 0.0382822 0.088642076 0.0004240192 0.00093504944 5.676258e-05 0.000119278775 2.9713437e-05 7.316539e-05 0.0028582874 2.4973426e-05 0.0011320293 0.005932637 0.0005778767 3.6800309e-06 0.0010290464 3.2235614e-05 0.0016186315 0.0037571592 0.0012049311 0.00019204785 0.0031790906 8.7442575e-05 7.768531e-06 2.5525092e-05 1.1780996e-05 0.00073176867 1.2796805e-06 1.5295087e-06 0.0022867054 1.4115408e-09 0.0012432602 9.474383e-09
0.8407559 0.029243523 0.0278217 0.24552444 0.06927995 0.62405306 0.00025200966 0.3625846 0.020739216 0.0041619684 0.55531216 0.73400396 0.0006867395 0.00027481135 2.8090664e-15 0.4645199 0.011571198 0.013127593 0.97562426 0.8240888 0.0003458802 0.0014058475 7.8270234e-05 0.00019002233 0.015993621 0.00033787775 0.08165314 2.4490933e-05 2.3520681e-06 1.7725547e-06 1.0619979e-06 0.044463795 0.00046736017 9.921062e-05 8.023919e-06 4.6095306e-07 1.2353938e-07 2.677403e-05 0.011183277 3.3689457e-07 0.0033819866 0.001530298 0.0005346247 0.032235563 4.6966636e-07 1.1433635e-05 2.1121787e-07 2.5436964e-06 3.219076e-05 9.964584e-07 6.857208e-08 3.0076035e-06 0.5850764 0.00038988268 1.8143913e-07 4.9965405e-07 1.302262e-06 0.5455207 0.2164799 0.13205779 7.973534e-08 0.0508646 9.241755e-08 9.349511e-09 0.004367926 3.1413085e-05 8.81487e-06 1.9271898e-08 2.4103361e-08 9.3429514e-07 1.4367349e-06 0.00015818924 1.9150091e-05 1.8795111e-08 1.1165447e-08 0.00074177945 1.5732354e-08 0.072023675 1.5035644e-08 2.8575992e-06 5.2805603e-07 0.04052151 6.471377e-09 7.15602e-07 2.8050248e-05 9.991942e-07 2.3603868e-06 1.6840546e-05 1.2301832e-07 0.00022277834 1.3478102e-07 1.6152481e-07 2.825921e-06 2.7810655e-05 2.0838179e-07 2.269216e-09 5.62064e-05 7.2005687e-06 2.7523794e-05 5.0075005e-06 1.6698912e-07
0.6798773 0.00050560874 0.0020492482 0.0060184523 0.001223116 0.54064745 1.0349056e-06 0.8085736 0.021862768 8.631289e-05 0.9496131 0.95425195 1.9982115e-05 2.9394907e-06 0.4645199 2.3328423e-16 0.02957964 0.00016624034 0.8652758 0.027194286 4.5631808e-07 0.00031843156 5.3844997e-07 5.998691e-07 0.089197986 2.6001399e-06 0.6353057 1.4272362e-07 5.3008108e-08 1.0057828e-07 7.767164e-09 0.8034261 0.00031400728 4.6563554e-07 1.0700194e-07 1.0622286e-08 1.19760335e-08 1.816451e-06 0.42505065 1.249915e-08 0.06733174 0.020908019 0.0017799141 0.0011361332 2.2040567e-09 4.7610424e-06 6.556633e-09 1.1844527e-06 2.2182444e-07 5.405216e-08 7.6549206e-08 3.698518e-07 0.037214283 2.9263825e-05 1.1122298e-08 2.3750287e-07 5.9292967e-07 0.47491786 0.019238435 0.0072834706 2.84728e-07 0.0018073776 3.0933926e-08 5.0290816e-09 0.2177151 6.7880114e-06 5.191752e-07 1.2330186e-07 1.8393056e-08 2.646488e-07 1.9051396e-07 0.00011593135 1.9459223e-06 2.896483e-08 8.717853e-11 0.0010195418 1.2656011e-09 0.007339053 7.783996e-09 7.125803e-07 1.0407639e-06 0.0035438912 1.1109127e-09 3.0746605e-06 4.188968e-05 1.1800431e-06 5.6528418e-08 4.0194823e-06 3.9732374e-08 4.1428706e-05 2.6338896e-08 2.7159426e-09 2.815513e-06 1.3496226e-05 7.343364e-08 1.9538066e-10 0.0005398918 1.6160911e-05 0.0003603338 3.6958238e-07 2.5734623e-06
0.316146 0.39769465 0.58472925 0.09035975 0.041640796 0.18602313 0.002658859 0.39923504 0.9487202 0.001541253 0.028725697 0.014072333 0.0072632097 0.0006048442 0.011571198 0.02957964 3.664838e-19 0.00051020645 0.0058541917 0.009311749 0.00010600298 0.34195292 0.00011396444 9.132209e-05 0.97369665 6.623541e-05 0.20487711 8.608031e-06 5.9635863e-06 4.195787e-06 1.7595876e-06 0.0061759925 0.19531648 5.219936e-05 1.8298999e-06 1.2561158e-06 1.1297907e-07 0.00022955086 0.25240344 3.106224e-07 0.452963 0.56742716 0.6388159 0.0015014746 4.5568427e-06 0.0007858159 2.2728948e-06 3.565412e-05 2.0227676e-06 1.2880738e-06 4.4353925e-08 1.6857812e-06 0.00095269084 5.7691497e-05 7.695431e-07 1.8002837e-07 3.550902e-07 0.0029646244 0.00060402084 0.0004836274 2.556732e-08 0.00067475927 1.4988966e-07 3.4358425e-08 0.5283332 0.121172 0.047194667 4.6277897e-08 1.2990146e-08 2.9193416e-05 4.936027e-07 0.038815204 0.0069592027 7.634376e-08 9.045625e-09 0.1874689 1.9305414e-08 0.0018815408 3.209884e-08 0.0008303492 1.7901357e-06 0.0020529549 5.285263e-08 1.1111841e-05 0.010890136 1.3451323e-06 2.3635483e-05 5.4053424e-05 1.294001e-06 0.00014930565 1.1701064e-06 2.0159982e-08 0.0001948 0.002367695 2.0502916e-06 1.268693e-08 0.00016317288 3.0673345e-05 1.7055509e-05 3.0544466e-05 4.0389773e-07
0.93618965 0.064258926 0.009063462 0.113373786 0.6400029 0.0041187378 0.34083253 0.0010014229 0.0011594843 0.9356187 0.0025624703 0.0031607477 0.042760253 0.04804693 0.013127593 0.00016624034 0.00051020645 1.8920474e-18 0.0060682767 0.86207384 0.49426657 0.028063558 0.028939316 0.29272565 0.00019092024 0.8372099 0.0002254102 0.03447445 0.0006757954 0.00081410946 0.0005431109 8.458527e-07 0.0026592482 0.15606023 0.0061516236 4.757527e-05 0.0001469679 0.0017662777 7.3906476e-06 0.0003472142 6.098628e-05 0.00017394594 0.00023323292 0.83145756 1.6566783e-05 9.3352304e-05 1.5456097e-05 0.00039892964 0.010978845 6.81742e-06 7.118947e-06 4.886441e-05 0.35173005 0.20341767 1.862877e-05 1.9445393e-05 0.0011380668 0.10838119 0.06750085 0.0811744 5.652755e-06 0.24045333 4.2200558e-05 1.5975578e-06 6.260952e-06 0.00064376794 0.0016551685 4.9613084e-07 1.2976854e-07 2.6579169e-06 6.029666e-06 4.9966384e-06 2.7138933e-06 4.4806472e-07 2.2786298e-07 6.198553e-06 9.073385e-07 0.05101586 2.3622837e-07 3.338326e-05 4.1048625e-06 0.071435705 1.3313399e-08 0.00014648317 1.9989423e-06 3.1005343e-06 0.00013731614 0.0016903348 5.6422186e-07 0.01887306 2.2715554e-08 3.7989713e-07 3.5234923e-06 4.217309e-06 8.262546e-05 1.1862771e-08 1.9052344e-05 0.00011323047 1.4114554e-08 0.0013496132 8.1830876e-08
0.9210474 0.014910439 0.014946979 0.0349573 0.01656826 0.32621393 0.00014984299 0.21288581 0.0075456495 0.002772409 0.51411384 0.76013184 0.00015939755 4.3130174e-05 0.97562426 0.8652758 0.0058541917 0.0060682767 2.6743034e-14 0.13047007 0.00014479428 0.0012012456 7.845688e-06 4.0520878e-05 0.0062047695 0.00023879418 0.11928737 3.5256703e-06 1.6048463e-06 2.066534e-06 3.821537e-07 0.13531873 0.0003968487 2.7807315e-05 2.588082e-06 8.530043e-08 1.545847e-07 1.7506103e-05 0.021426091 8.5151854e-08 0.0034272594 0.0013806567 0.0003089348 0.014281453 1.7388032e-09 2.5465824e-06 6.821084e-09 1.4630112e-06 3.5490962e-06 6.234717e-08 1.140502e-06 7.911566e-06 0.40860417 0.00020343208 1.09323945e-08 2.1737706e-06 1.7157683e-07 0.88828015 0.13431703 0.070865005 4.376373e-07 0.026989019 1.8304572e-09 3.690507e-10 0.012046477 4.8079455e-05 2.5388192e-05 1.1854822e-06 2.3053633e-06 1.2449223e-06 1.53667e-06 0.00024841324 3.6052046e-05 3.355959e-07 1.2565303e-10 0.0009627706 3.8248854e-10 0.064793736 3.9541916e-07 4.387956e-06 2.1255062e-06 0.028264282 1.7212463e-08 3.5104754e-06 1.16414e-05 2.426821e-06 4.6661594e-08 4.5393736e-07 1.1197651e-06 4.0904833e-05 1.03716566e-07 2.5025975e-07 9.0295254e-07 3.1144613e-05 1.190152e-09 1.2037058e-09 0.00013659883 1.12052085e-05 0.00013987592 1.3242792e-08 1.009819e-06
0.9715892 0.3034108 0.123226315 0.8358492 0.84160215 0.47605312 0.0072085494 0.13539241 0.027334066 0.23315042 0.09821415 0.18456414 0.0017776156 0.0006088705 0.8240888 0.027194286 0.009311749 0.86207384 0.13047007 5.4371935e-17 0.005159332 0.00869748 0.0010847755 0.0041088727 0.0044311425 0.047436222 0.0070430846 0.0007978068 1.8232082e-05 1.7780734e-05 4.937654e-06 0.0005449808 0.0007706988 0.0027504365 5.4887365e-05 3.0128772e-06 6.3952857e-06 0.00032068123 0.0005172713 6.194901e-06 0.001580876 0.0028992265 0.0015108391 0.50126475 2.2966517e-06 3.9205177e-05 1.9538215e-06 6.119508e-05 0.00015532736 1.7302358e-06 5.7618618e-06 8.049229e-05 0.77121866 0.010442617 6.670869e-07 4.7034588e-05 2.4541505e-05 0.29200286 0.28206232 0.3706517 1.3080879e-05 0.30554345 1.0172346e-06 4.3954902e-08 0.00083303126 0.0005549346 0.00020935494 3.240613e-07 9.3126795e-07 7.652891e-06 2.6877517e-05 7.778773e-05 3.059254e-05 6.101193e-07 2.3722704e-08 0.00018609797 9.283997e-08 0.10296752 6.446824e-07 4.6761365e-05 8.156447e-07 0.06803698 2.2670056e-07 2.2461501e-05 0.0001730008 6.452283e-06 6.128575e-06 0.00017948092 1.1462594e-06 0.0035740526 2.551707e-06 2.616081e-06 1.0076051e-05 1.8777242e-05 7.014418e-07 5.958225e-08 0.0006010179 1.3524779e-05 1.4096019e-06 2.1374517e-05 3.1447524e-07
0.8555951 0.003136109 0.00065151893 0.0020409299 0.03134461 0.00019670997 0.5605476 1.2273474e-05 0.00010699272 0.49655926 6.438345e-05 0.00024948968 0.109700404 0.30308434 0.0003458802 4.5631808e-07 0.00010600298 0.49426657 0.00014479428 0.005159332 7.020184e-19 0.02526747 0.5429222 0.9626975 3.153597e-05 0.92879194 2.3918903e-05 0.50911635 0.07437413 0.017426616 0.024233967 1.5072835e-07 0.003470019 0.7289137 0.15819103 0.0025532083 0.007273309 0.015075995 8.22297e-06 0.0061787227 5.0169197e-05 0.00015298298 0.00031251204 0.42687857 0.00039408912 0.00079704134 0.00022602238 0.003147043 0.08357323 0.00019234038 0.0007815853 0.0027107082 0.007992553 0.2897431 0.0002929081 0.001045748 0.0047621755 0.0073175863 0.005897105 0.0070442073 0.00019161828 0.032206926 0.00057666225 3.1802712e-05 3.9866927e-06 0.0005951771 0.008267137 2.6505219e-05 1.1518334e-05 0.00029551046 0.0018260578 1.5226155e-05 5.261996e-05 2.7050604e-05 3.392778e-06 1.547899e-05 2.1934717e-05 0.010322158 2.166714e-05 0.00030422615 0.00020252017 0.016938906 6.796215e-07 0.00049576955 6.6530833e-06 0.00044384945 0.0013469405 0.010828361 2.676525e-05 0.06652764 3.3457678e-07 1.0665587e-05 3.7552834e-06 1.3790755e-05 0.001394209 5.9184777e-07 1.4825935e-06 0.00063628936 2.3760242e-08 0.004746911 1.118837e-07
0.89629024 0.58362645 0.39900094 0.08391197 0.25698698 0.014335968 0.18745875 0.02456388 0.14722224 0.12509038 0.0008289729 0.00037279134 0.7718546 0.17154725 0.0014058475 0.00031843156 0.34195292 0.028063558 0.0012012456 0.00869748 0.02526747 1.2412664e-17 0.00991395 0.013048928 0.028804583 0.009626756 0.0010443134 0.0012859904 0.00426452 0.001667665 0.001268853 5.4695197e-06 0.99014556 0.00094778725 0.00024385905 0.00022090455 0.00010008556 0.4243101 0.0011765591 1.290579e-05 0.010691669 0.06601986 0.35983688 0.013707083 0.00010000599 0.2882293 1.3152644e-05 0.032956883 4.924902e-05 7.435015e-06 0.00024572128 0.0013293464 0.0057610045 0.0023516926 1.3527617e-05 7.799713e-05 1.0996992e-05 0.0086690355 0.0076632565 0.00612126 1.5808321e-06 0.0073705697 6.1506203e-06 6.413e-07 0.014149631 0.30098128 0.412834 6.80378e-08 4.7569753e-08 0.011631758 0.00063005864 0.01075092 0.020125868 2.1112183e-07 1.0288613e-06 0.014412796 7.5928835e-07 0.0095397 8.692193e-07 0.018668585 0.00019666365 0.0063760537 3.152567e-06 0.001643622 0.005848246 1.4464252e-05 0.001419547 0.00026247653 3.0008823e-06 0.000757425 7.9415695e-06 5.643749e-08 0.00058038 0.00032062404 0.0003839148 1.6389307e-06 1.329662e-05 0.0005859959 8.450431e-09 0.0017782387 1.0442655e-08
0.9267546 0.0011780395 0.0002883975 0.0004511606 0.0064098146 0.00014609464 0.6133138 1.5407928e-05 0.00016353493 0.21762653 2.5186104e-05 7.599332e-05 0.090971746 0.72142035 7.8270234e-05 5.3844997e-07 0.00011396444 0.028939316 7.845688e-06 0.0010847755 0.5429222 0.00991395 3.1266935e-16 0.5022921 2.4590658e-05 0.2553936 1.1056118e-06 0.9716758 0.46495986 0.40867573 0.84873194 4.0141423e-08 0.0042205546 0.29267368 0.5541095 0.43628564 0.26552254 0.082518674 2.788983e-05 0.17138356 8.978622e-05 0.00022455583 0.00034128968 0.07979458 0.07156722 0.0038664225 0.014173726 0.050582726 0.064296596 0.01892835 0.061120536 0.14808337 0.0010176146 0.1403173 0.011163472 0.07789124 0.029565845 0.00050901837 0.0020416316 0.0018521441 0.013405472 0.008672123 0.0076045985 0.0015380848 1.136629e-06 0.0006177403 0.0065444456 0.00074015063 0.0012735518 0.0007393714 0.07279196 1.11741765e-05 4.4279815e-05 0.00054074073 0.0004538584 5.278579e-06 0.00085810106 0.0029827533 0.0007281515 4.2729083e-05 0.0018712833 0.00420193 1.364425e-05 0.00035895142 2.6664055e-05 0.0010957511 0.00868022 0.016743205 0.00018928872 0.04121637 1.8710782e-05 0.0002471085 4.008102e-06 1.9250581e-05 0.007106466 1.7856139e-06 3.988005e-06 0.0003753925 1.6792072e-08 0.013599835 2.5675078e-08
0.77464974 0.002297748 0.0005642717 0.0015989809 0.022477286 0.00024106007 0.36362275 1.4061278e-05 0.000117808 0.40055528 3.2818185e-05 0.00016697776 0.080841936 0.3227619 0.00019002233 5.998691e-07 9.132209e-05 0.29272565 4.0520878e-05 0.0041088727 0.9626975 0.013048928 0.5022921 1.3024242e-18 2.2777935e-05 0.9344476 1.8421031e-05 0.6049916 0.048687316 0.02930514 0.05119273 1.5513334e-07 0.0020039806 0.8023699 0.29387057 0.0064477446 0.010751623 0.009758304 2.2083448e-05 0.020527357 5.858682e-05 0.000113268165 0.0002247195 0.43733594 0.0013179288 0.00068760326 0.00063425774 0.0022394953 0.16853763 0.00050157885 0.00090328377 0.0031346139 0.0072445283 0.35203218 0.0010490348 0.0010512321 0.012498682 0.0037988706 0.0047770697 0.004885328 0.00027982346 0.031613365 0.0008274821 0.00011989337 1.6324292e-06 0.0003875415 0.0029720156 7.156348e-05 2.8763654e-05 0.0002549737 0.0015030055 3.4941456e-06 1.4738946e-05 5.636206e-05 2.0246232e-05 1.0343417e-05 4.8408045e-05 0.008821733 8.924086e-06 0.00018519892 0.00048654602 0.008789758 1.3867437e-06 0.00048285731 5.7391294e-06 0.00069012464 0.0027260869 0.018981967 4.416102e-05 0.05657786 2.1170663e-06 1.1931126e-05 4.4453996e-06 8.690531e-06 0.0020422665 8.0541815e-07 2.1264755e-06 0.0013932041 1.2755311e-07 0.005890763 5.5413075e-08
0.28983006 0.17702593 0.32048833 0.04828022 0.012086247 0.23719442 0.00062874623 0.54479456 0.67652667 0.00026313894 0.07555854 0.040231206 0.0011727856 0.00024658657 0.015993621 0.089197986 0.97369665 0.00019092024 0.0062047695 0.0044311425 3.153597e-05 0.028804583 2.4590658e-05 2.2777935e-05 3.736224e-18 3.0835978e-05 0.6276044 2.2523527e-06 9.063535e-07 8.183615e-07 9.0947833e-07 0.08664467 0.03126976 3.8529115e-06 9.00554e-07 1.5456045e-06 5.288631e-08 7.8736724e-05 0.8264897 5.4871002e-08 0.82037294 0.7471191 0.57901376 0.00047626637 1.1988606e-06 0.00023979534 2.0186964e-07 1.2277501e-05 6.4107034e-08 2.5477303e-07 2.6016702e-08 1.6847187e-06 0.0007897561 1.2958725e-05 4.9622713e-08 7.512659e-07 5.0311854e-08 0.0028082635 0.00077816483 0.00048154988 6.534775e-08 0.00040970108 5.6186696e-08 1.6395326e-08 0.73290485 0.048833676 0.012647544 1.2747942e-07 1.0337174e-07 2.236365e-05 1.1943574e-06 0.024697224 0.00274479 2.7314039e-08 2.979445e-09 0.21394159 1.0559583e-08 0.0029682345 1.48379575e-08 0.00011892065 1.5238581e-06 0.002830601 1.018922e-08 2.080844e-06 0.004882184 2.839255e-06 1.2222633e-06 8.337168e-06 8.3730197e-07 0.0001929071 1.1383255e-06 3.501738e-08 0.00016691709 0.0007925043 7.414385e-07 9.184445e-09 0.0002056162 7.1889146e-05 4.8157377e-05 5.0791255e-06 5.7363195e-07
0.9175715 0.0035254187 0.00067612773 0.0026238917 0.036231272 0.00042721035 0.37008792 3.577998e-05 0.00010625074 0.475336 0.00014188826 0.00021389392 0.059894647 0.18088906 0.00033787775 2.6001399e-06 6.623541e-05 0.8372099 0.00023879418 0.047436222 0.92879194 0.009626756 0.2553936 0.9344476 3.0835978e-05 1.2163013e-18 5.9564107e-05 0.27547055 0.013617694 0.006095102 0.0059317886 6.550545e-07 0.0007067734 0.7925369 0.050902776 0.0013217125 0.0029954612 0.002189946 8.9169735e-06 0.002107721 7.921997e-05 0.00016944416 9.132165e-05 0.67186046 0.0001134765 0.0002615622 4.739318e-05 0.0010856419 0.033177707 5.0787745e-05 0.00031523206 0.0013065838 0.05438464 0.37464708 6.382701e-05 0.0006015403 0.0028514375 0.017006202 0.014961182 0.016475745 0.00014519597 0.068116724 0.0001151824 5.6216827e-06 2.0916657e-06 0.00033042085 0.0003417523 1.0456274e-05 1.5612493e-05 5.9083268e-05 0.0011310129 2.2274871e-05 2.4350129e-05 2.3752102e-05 1.1061856e-06 6.9599014e-06 2.5878771e-06 0.01733197 5.4692746e-06 2.9595425e-05 7.657005e-05 0.030856637 2.9247417e-07 0.00016892895 5.71148e-06 0.0002605847 0.0002881545 0.0029316326 3.7951155e-05 0.03517644 1.0306369e-06 9.334264e-06 4.4800045e-06 1.4929434e-05 0.00017234443 1.112589e-07 1.1408605e-05 0.00060089753 4.025382e-08 0.0015785281 2.2480732e-08
0.12136564 0.017787358 0.047986936 0.009432013 0.0043302085 0.21802855 4.516177e-05 0.57971495 0.16938566 9.634612e-05 0.32665762 0.189342 0.00012777295 0.00014349549 0.08165314 0.6353057 0.20487711 0.0002254102 0.11928737 0.0070430846 2.3918903e-05 0.0010443134 1.1056118e-06 1.8421031e-05 0.6276044 5.9564107e-05 3.7831692e-16 2.0663724e-06 5.636303e-07 8.588911e-07 2.6616416e-07 0.9942058 0.0006721767 6.912542e-07 8.6470993e-07 2.4777475e-07 3.9598614e-08 8.375707e-06 0.89559317 1.2472138e-07 0.2809618 0.05782825 0.014027608 0.00062814244 3.3268654e-07 4.464514e-06 2.7655588e-07 1.3516075e-07 2.7690422e-07 8.8238477e-07 2.8107954e-07 2.6168696e-06 0.00365617 0.00022745972 7.148288e-08 1.4285959e-06 2.475329e-07 0.017796656 0.0021190783 0.0009828875 8.5888536e-07 0.000312403 9.570613e-08 2.2503977e-07 0.38161054 0.00065826724 4.6221094e-06 7.1230517e-07 8.703118e-07 1.6174864e-07 3.2696005e-07 0.0005639922 4.8396832e-05 9.2944464e-07 1.6630906e-07 0.019074343 7.477677e-07 0.0017046119 6.102968e-07 1.0129225e-05 7.210041e-07 0.002512402 1.9008378e-06 6.172517e-07 0.000109174245 4.063015e-07 2.3688017e-05 1.687347e-05 3.6171926e-07 0.00032744175 3.7390754e-07 8.8206626e-08 6.413055e-07 5.699866e-05 8.286713e-06 3.3002956e-07 0.00022028813 1.3718734e-06 5.8380563e-05 2.5681926e-05 9.460344e-07
0.94128656 0.00026896325 4.4739052e-05 0.00021289593 0.0023265234 3.3691034e-05 0.12746562 5.1573047e-06 4.9682053e-06 0.1343793 9.425021e-06 1.8747629e-05 0.015085472 0.11377728 2.4490933e-05 1.4272362e-07 8.608031e-06 0.03447445 3.5256703e-06 0.0007978068 0.50911635 0.0012859904 0.9716758 0.6049916 2.2523527e-06 0.27547055 2.0663724e-06 1.6820981e-16 0.043893192 0.03413928 0.26595196 1.0320817e-08 0.0016459395 0.83580774 0.85338086 0.03580848 0.025406348 0.0035174342 7.0890082e-06 0.31148586 4.998826e-06 2.6602844e-05 2.3129156e-05 0.19338076 0.036025286 0.0002244997 0.009163402 0.001308101 0.4610103 0.007517268 0.002795151 0.005801224 0.0014145192 0.28878528 0.013642104 0.0044000563 0.065122426 0.0009381592 0.0028529076 0.0016344552 0.0019503088 0.021643853 0.007863741 0.0012274225 2.2369261e-07 4.0954055e-05 0.00018260558 0.000721975 0.00025633685 3.0388555e-05 0.005745187 5.1406846e-07 2.3657572e-06 0.00024073246 0.00054347306 2.830949e-06 0.0005322954 0.006576024 5.9856568e-05 5.112892e-06 5.9946142e-05 0.008398964 1.1214579e-06 1.9025236e-05 9.668299e-07 0.00015134508 0.008752806 0.05099361 2.7607364e-05 0.16914897 4.580405e-06 4.136899e-06 2.7125348e-06 6.3011394e-06 0.006219266 3.0908876e-07 2.164043e-06 0.00012079752 2.054818e-09 0.019027524 5.0584934e-08
0.5617797 8.147001e-05 3.0274501e-05 8.1926e-06 9.248478e-05 1.1547771e-06 0.15051004 1.5419937e-07 4.0784917e-06 0.006226464 5.509415e-07 1.8929288e-06 0.31613663 0.75636303 2.3520681e-06 5.3008108e-08 5.9635863e-06 0.0006757954 1.6048463e-06 1.8232082e-05 0.07437413 0.00426452 0.46495986 0.048687316 9.063535e-07 0.013617694 5.636303e-07 0.043893192 1.4203352e-19 0.9807731 0.35832506 3.4349823e-09 0.009872897 0.012335222 0.04343989 0.4328051 0.8750184 0.37653768 5.126702e-07 0.006216263 7.707062e-06 4.16628e-06 6.095453e-05 0.0017844572 0.0046664113 0.07306473 0.002063516 0.34964576 0.0050162026 0.0019781154 0.44931448 0.67340624 8.7300305e-06 0.007078852 0.0011376701 0.3523565 0.0018752869 5.0813127e-05 6.517427e-05 4.0664734e-05 0.01535865 0.00016140404 0.0012513114 0.00026793382 3.7208506e-06 0.00021337337 0.036205918 4.339617e-05 0.000118357646 0.025718827 0.53800106 8.708195e-06 2.8944607e-05 7.908828e-06 2.7457465e-05 6.6541993e-06 0.00015799564 0.0005857104 1.3857637e-05 5.6018995e-05 0.010285412 0.0005005343 4.6317377e-06 0.0005532112 1.0013478e-05 0.0091800215 0.003026385 0.003391801 0.0008538314 0.005442721 4.571769e-06 0.0006878767 1.1785569e-05 4.1654384e-06 0.00095383765 3.0465714e-07 1.8558222e-08 0.0010452515 1.0823217e-09 0.002717688 2.7334193e-09
0.43251473 7.955362e-05 3.019302e-05 1.0873944e-05 4.435826e-05 1.8823993e-06 0.09265442 3.2783433e-07 2.8766572e-06 0.0030300394 1.7732903e-06 4.003087e-06 0.11917799 0.5313343 1.7725547e-06 1.0057828e-07 4.195787e-06 0.00081410946 2.066534e-06 1.7780734e-05 0.017426616 0.001667665 0.40867573 0.02930514 8.183615e-07 0.006095102 8.588911e-07 0.03413928 0.9807731 6.8341856e-20 0.47083467 1.7065393e-08 0.0050263954 0.013472387 0.05519824 0.57273334 0.8981964 0.124142066 1.358001e-06 0.015253546 6.4021933e-06 4.7165727e-06 2.9122477e-05 0.00271834 0.015664306 0.017240666 0.0048620715 0.15283875 0.011734698 0.016433408 0.29048622 0.45579815 4.8710037e-05 0.0059681353 0.002458788 0.36844432 0.002166328 0.0001255911 0.00017994641 4.0435294e-05 0.0447826 0.00022466657 0.0014696278 0.0006645081 1.1501083e-06 9.61276e-05 0.011984845 0.0017769175 0.003539804 0.006539701 0.4135043 7.036894e-06 1.7540295e-05 0.00018195127 0.00039730594 7.204491e-06 0.00026193814 0.0005478941 6.6458124e-05 2.4288505e-05 0.005257384 0.00032541918 3.5009085e-05 0.00013143735 9.50544e-06 0.0058393124 0.0066044605 0.0021513437 0.0019158241 0.0031280664 3.274803e-05 0.0028641694 1.927244e-05 4.8155566e-06 0.0024072893 1.5914971e-05 5.5837667e-08 0.0004143266 7.2425133e-09 0.00431589 6.8570474e-09
0.9169716 2.147785e-05 2.821561e-06 3.883408e-06 6.0223083e-05 1.0705681e-06 0.11007616 3.28857e-07 9.2886876e-07 0.007157352 3.3732437e-07 5.29263e-07 0.012262302 0.13027687 1.0619979e-06 7.767164e-09 1.7595876e-06 0.0005431109 3.821537e-07 4.937654e-06 0.024233967 0.001268853 0.84873194 0.05119273 9.0947833e-07 0.0059317886 2.6616416e-07 0.26595196 0.35832506 0.47083467 1.7157514e-17 6.3145866e-09 0.0009541351 0.08602768 0.5097299 0.98037755 0.5815868 0.02024829 4.2716756e-06 0.36062974 4.402102e-06 1.5292295e-05 1.9520085e-05 0.022372771 0.545216 0.0015502104 0.17081386 0.018103119 0.09850348 0.53128546 0.12576254 0.15336482 9.775329e-05 0.09726827 0.0843535 0.28924942 0.0721069 5.3670945e-05 0.0003244211 0.00019509804 0.1474507 0.0016415879 0.04802153 0.032831915 2.2189253e-07 4.4318855e-05 0.0007858557 0.19552611 0.08080896 0.00029318535 0.22029096 6.090252e-07 2.4095389e-06 0.010129094 0.007823777 4.2504225e-06 0.002854843 0.0010423717 0.0013246677 1.257592e-05 0.00068553124 0.00059258036 0.00012524078 2.7597967e-05 1.6150333e-06 0.0012414498 0.018137507 0.03613884 0.0007932752 0.0243602 0.00030272812 0.023465125 1.3431863e-06 5.126661e-06 0.012070817 8.768591e-05 5.4971434e-07 3.3184395e-05 2.119467e-09 0.015473427 6.6204575e-09
