8.3021615e-23 0.4035033 0.15306939 0.4498792 0.031296942 0.021648265 0.57617474 0.7954293 0.108897306 0.572049 0.04987037 0.9574548 0.8910655 0.98203284 0.004455799 0.10239935 0.0003920314 0.042939145 0.9876265 0.021818414 0.010678366 0.96100545 0.8160173 0.9682998 0.3555535 0.3947716 0.28799045 0.0018599688 0.056524012 0.7329803 0.08376641 0.9830711 0.7883912 0.038460158 0.0042995564 0.87803656 0.34691912 0.9191158 0.0011268646 0.131087 0.91506356 0.8277081 0.5845732 0.93519276 0.65007406 0.024681374 0.534467 0.9180728 0.44513357 0.15790358 0.0005882872 0.8482597 0.00015560388 0.0058322246 0.036681026 0.9312889 0.8644105 0.00046188137 0.88545537 0.99460113 0.8305578 6.0167416e-08 0.0011396803 0.43858767 0.77505374 0.9284747 0.024237214 0.9991597 0.9225074 0.7618258 0.9145669 0.8851617 0.14116535 0.87863725 0.6954082 0.02201941 0.52960324 0.25027338 0.007214657 0.829369 0.5554015 6.9525086e-05 0.9978457 0.9890786 0.5791794 0.82754636 0.98854953 0.00037720928 0.9606743 0.95064616 0.99914783 0.98914754 0.085134074 0.9995459 1.480568e-05 5.2910094e-09 2.2260356e-06 0.99871165 0.999461 0.12888044 0.00088856585
0.4035033 1.9657778e-15 0.97524405 0.88182753 0.6214918 0.84663814 0.21891622 0.67160106 0.8014825 0.052980457 0.17475162 0.2732181 0.020547513 0.8623494 0.50377446 0.16528767 0.048733827 0.0035168 0.013689204 0.33588466 0.00035881484 0.13960668 0.0010257127 0.00081669976 8.004669e-05 0.13922986 4.3476823e-05 0.0006669699 1.5640451e-05 9.1680464e-05 1.5427364e-05 0.000574025 0.23372625 0.005821245 0.00044579894 0.15847898 2.1455403e-06 0.4506946 0.008400426 7.829132e-06 0.21488015 7.5584576e-05 0.008216794 0.0044618393 0.0015131541 0.00020887771 0.10103025 0.08629449 4.6351025e-07 1.8627214e-06 9.877954e-05 0.1174227 3.623402e-06 7.5227495e-06 2.7804925e-05 0.00027479377 2.0779815e-05 8.622136e-08 0.017315302 0.049329784 0.004525801 4.523751e-05 9.805912e-08 1.9232597e-07 2.7133756e-06 0.0019744013 3.3171076e-05 0.0006145223 1.1064889e-05 0.00041530532 0.00091498357 1.7459794e-06 1.0587178e-07 0.003970338 0.0020082796 1.7577266e-07 4.4198475e-07 1.6188899e-08 1.4696586e-07 1.6818669e-05 2.0673154e-07 9.002612e-07 1.3091335e-07 0.00015729596 1.3925857e-06 4.6261463e-05 2.2148346e-05 4.7357103e-06 2.4897448e-05 0.0018186958 0.0022908289 0.0025791468 6.4692364e-07 0.002944842 3.086004e-07 1.2936843e-07 6.070678e-08 0.0010502411 7.8343415e-05 1.13420285e-07 2.6200206e-08
0.15306939 0.97524405 1.04560255e-16 0.9757928 0.3304271 0.17543548 0.4686043 0.088100806 0.08372947 0.101024784 0.12286542 0.4674095 0.039192993 0.73915434 0.027298454 0.0033252318 0.00095396274 0.017999064 0.021700596 0.2247882 0.0026309602 0.009363826 0.00047712514 0.00037129156 3.8859107e-05 0.0044888384 2.058398e-05 9.429629e-05 6.458332e-05 3.0352063e-05 2.7413222e-05 0.00033860333 0.2429581 0.028503027 6.017279e-05 0.15288192 2.341662e-05 0.24952015 0.0027522603 0.000141211 0.14067326 5.689726e-05 0.0012233277 0.0005415391 0.00039011534 7.596208e-05 0.03362881 0.01326738 4.6197742e-06 6.640785e-06 1.761953e-05 0.041653275 2.1872124e-06 1.197909e-05 0.00010410717 0.0021735553 0.0005136238 8.514062e-07 0.0016262947 0.020506479 0.000766418 2.4729083e-05 8.550959e-08 5.392956e-06 5.6360686e-06 0.0003993773 0.000107968015 0.00012353745 3.3570792e-05 0.0018650717 0.00027205146 5.6879573e-05 1.1656036e-06 0.0022670187 0.003868569 1.5763849e-06 1.903468e-06 2.8321828e-08 2.282043e-06 0.00036742727 2.0670355e-07 4.2506395e-05 1.5481632e-07 0.0003279984 1.1900108e-06 0.00035846053 0.0001278139 9.081259e-06 6.495721e-05 0.0013534921 0.0012422652 0.0016546572 4.20417e-06 0.00068320514 1.2203556e-06 4.489741e-07 1.0432353e-06 0.0010764318 0.00016228907 2.2016252e-08 8.982121e-08
0.4498792 0.88182753 0.9757928 3.3457843e-18 0.49899378 0.3271649 0.86129844 0.038425423 0.05710503 0.38177013 0.37380368 0.8343631 0.23127215 0.8525697 0.018697899 0.0018226416 0.00026136922 0.09859074 0.10263963 0.4598797 0.009880706 0.0023348697 0.0022260232 0.0021275762 0.00013073265 0.003691807 9.096848e-05 1.1130953e-05 0.00026274924 3.583684e-05 2.6072852e-05 0.00093701016 0.50393057 0.080590084 2.3775876e-05 0.35224304 4.6306934e-05 0.4396239 0.0079628695 0.00054390886 0.29883483 1.7444141e-05 0.0010675096 0.00016635169 0.0002503446 2.9089337e-05 0.03485103 0.008496267 5.5581595e-06 7.301256e-06 1.8166545e-05 0.06135435 4.117341e-06 6.258534e-06 0.0001703333 0.006702982 0.002684076 5.085734e-07 0.0008682369 0.01926059 0.00039387308 3.2559004e-05 5.6367888e-08 2.4426068e-05 5.615357e-05 0.00023294373 0.0033520553 6.3425796e-05 0.00014110235 0.00490723 0.00015527301 0.0002087861 4.638096e-07 0.007850026 0.007768705 5.9854506e-07 3.577689e-06 2.318914e-07 1.3190296e-06 0.0008797544 4.8027164e-07 2.1619666e-05 1.4622238e-07 0.00072004687 1.4341668e-06 0.0009679002 0.00020223123 2.756631e-06 6.7679386e-05 0.0019431908 0.0023343898 0.003458276 9.01854e-06 0.0005456014 4.3110103e-07 4.0231757e-06 2.9614018e-06 0.0023639305 0.00024984946 2.519033e-09 5.6294613e-08
0.031296942 0.6214918 0.3304271 0.49899378 1.4957859e-17 0.99314827 0.69081527 0.005815679 0.0108201085 0.69120824 0.93813944 0.2036012 0.16105838 0.15985098 0.009542944 0.0003629759 5.93346e-05 0.07142146 0.030769276 0.48839062 0.007971988 0.00042698267 0.0027882399 0.0025730862 0.0004452685 0.00079615676 0.00048394874 9.5315645e-06 0.0004907342 0.00032903947 0.000119795535 0.00066460256 0.043843832 0.054826673 3.8027943e-06 0.02767592 3.344664e-05 0.023931026 0.018822208 0.0001233031 0.01855608 2.5256024e-05 0.00014559935 0.00011944064 6.8600704e-05 1.6355669e-05 0.0010782201 0.00022751784 1.1320546e-05 2.4310625e-06 1.043027e-05 0.0016054749 2.1790988e-06 3.6430916e-05 0.00026654406 0.00046486047 0.00015521349 4.508982e-07 0.0001717801 0.000650257 0.00010402837 0.00023625173 2.3748387e-07 1.0900358e-05 1.2938966e-05 0.00017262177 0.0012268525 4.9172337e-05 3.4935612e-05 0.0001685037 8.379714e-05 6.8017107e-06 3.5966173e-06 0.000110471185 0.000202883 6.9792327e-07 3.0731333e-06 9.233161e-07 7.635356e-07 3.3535052e-05 6.2858526e-06 1.2654927e-05 9.1899665e-07 5.326135e-05 1.0135873e-05 4.2769974e-05 4.314359e-05 9.1693494e-07 5.9559693e-06 0.00032404446 0.00041229744 0.00012478381 1.581114e-06 0.00014710714 1.50705e-06 1.4877803e-06 3.3030756e-07 8.573313e-05 2.9068036e-05 2.3377735e-08 1.9333797e-07
0.021648265 0.84663814 0.17543548 0.3271649 0.99314827 2.297631e-15 0.35392442 0.022710592 0.0994132 0.3622604 0.90144455 0.1068571 0.05181344 0.197535 0.10304279 0.0015666367 0.00024564934 0.011919867 0.010652617 0.6768006 0.0013739887 0.0008883477 0.00031759267 0.00042259274 5.6305224e-05 0.00025196542 2.479116e-05 1.8179959e-05 6.5156055e-05 6.12081e-05 1.2589192e-05 0.000102727594 0.03239907 0.016759679 6.7717956e-06 0.015297817 5.1631505e-06 0.018446762 0.074673146 1.1251779e-05 0.010594453 5.296344e-06 7.756143e-05 6.9677415e-05 1.1578996e-05 2.0106106e-06 0.0010140204 0.00026238617 1.267227e-05 6.211604e-07 4.959036e-06 0.0024758687 8.453318e-07 3.7779967e-06 5.6494984e-05 0.00018110852 1.3891139e-05 6.495209e-08 7.9131016e-05 0.0009439009 4.039016e-05 0.00065450696 1.5131599e-07 1.9248957e-06 6.8779923e-07 0.000118507545 9.425601e-05 1.4570151e-05 1.1485322e-06 2.6675654e-05 8.703906e-05 1.2730709e-06 7.084936e-07 0.00016371688 0.0001483223 3.0382876e-07 1.307398e-07 2.7857968e-08 1.286835e-06 1.308345e-05 5.0023385e-07 2.5218262e-05 2.2347831e-07 0.000107879285 2.5479974e-07 3.5178448e-06 5.0436383e-06 2.4311217e-07 2.4972522e-05 0.0005210872 0.00037863053 0.00028417556 4.9857164e-07 0.00036760655 6.263296e-07 1.6016613e-06 2.2085997e-07 0.0008147938 6.83268e-05 8.017175e-09 1.8676326e-08
0.57617474 0.21891622 0.4686043 0.86129844 0.69081527 0.35392442 1.9415042e-16 0.00029550513 0.0009845865 0.9682874 0.7052597 0.97551364 0.9490873 0.3938172 0.0006255029 1.5341479e-05 9.3960325e-06 0.49479005 0.6143133 0.4963769 0.14641745 0.00013603058 0.09591313 0.08534671 0.00750625 0.00023392928 0.0049245222 5.9758287e-07 0.033135194 0.0006288719 0.0060916324 0.01507979 0.28592193 0.300803 1.769469e-06 0.3097509 0.00011634436 0.08155483 0.008084383 0.0065256986 0.13501213 3.5242383e-06 0.00014054783 4.4298486e-05 9.518249e-06 1.2490347e-06 0.0062369867 0.0009125366 1.7770952e-05 2.6054158e-05 3.492155e-07 0.006403437 2.3169645e-07 8.038044e-07 0.00065291504 0.015277524 0.003597019 8.729227e-09 0.00027111723 0.0016451455 2.087424e-05 9.831508e-05 3.4719232e-08 2.769869e-05 0.00020635818 6.680929e-05 0.022951331 4.6576947e-06 0.00035777388 0.009027008 2.7932258e-05 0.00021608485 8.671891e-07 0.006870481 0.0070896246 2.516111e-07 4.24343e-05 2.2010374e-06 7.574672e-07 0.001023995 2.4279784e-06 3.8179433e-06 6.439635e-07 0.0011772715 4.3329364e-06 0.0011010764 0.00024139318 2.0213945e-06 0.00035400921 0.0020403294 0.00031500755 0.0021833966 2.9531946e-06 6.504319e-05 3.9586777e-07 1.22865085e-05 7.5588395e-07 0.0014955462 0.0003479662 1.0988568e-08 1.9465855e-07
0.7954293 0.67160106 0.088100806 0.038425423 0.005815679 0.022710592 0.00029550513 1.0309565e-15 0.92124796 1.6434127e-05 0.00024352345 0.010234926 0.00014889968 0.91267264 0.32710034 0.9778126 0.3630149 5.77314e-05 0.00045132454 0.003001326 2.5240013e-05 0.6158208 3.0564806e-05 3.5459954e-05 1.5774768e-06 0.7271899 1.0447336e-06 0.32682273 8.533701e-07 3.9001785e-07 1.0850943e-06 4.3527354e-05 0.059738044 0.00011640118 0.10928938 0.010842136 5.9474354e-09 0.424478 0.0004499122 2.491947e-07 0.044264037 0.02999965 0.20413944 0.17854226 0.052934032 0.016172763 0.31827924 0.553585 8.158601e-09 9.218392e-08 0.010027216 0.28000522 0.0025896227 0.0034275826 6.263445e-07 0.00068305596 3.157729e-05 0.00067752134 0.33087045 0.19906908 0.21311736 1.8784174e-05 7.837234e-05 7.921822e-09 1.081091e-07 0.05268505 0.00050621567 0.07166005 5.336952e-06 0.0009250009 0.022004673 2.926035e-06 2.7099725e-08 0.008752339 0.0029710806 8.607692e-08 1.3717275e-07 3.3167257e-08 1.6189981e-06 0.00010535113 6.9518245e-07 0.0007340172 1.7412684e-06 0.00040489162 4.5139323e-06 0.00010733037 5.2295178e-05 0.0013467055 2.2652895e-05 0.0044152266 0.05261719 0.009661223 3.8453803e-07 0.07577162 1.0726528e-06 9.5433066e-08 7.670935e-07 0.0025034891 0.00010659338 2.1006403e-05 2.9325176e-07
0.108897306 0.8014825 0.08372947 0.05710503 0.0108201085 0.0994132 0.0009845865 0.92124796 8.414738e-17 3.072962e-05 0.00062493526 0.019736197 0.00072175096 0.44769207 0.92689276 0.96460885 0.8307865 2.6061043e-05 0.0011770834 0.011424209 2.6289375e-05 0.15183967 9.533433e-05 9.905368e-05 8.100204e-06 0.59271073 4.3421405e-06 0.38258132 8.4049253e-07 2.8358534e-06 3.1089492e-06 2.692788e-05 0.018726997 0.00026789165 0.17901847 0.00066239614 3.16764e-07 0.09935958 0.008974428 2.431598e-06 0.005942748 0.0036654884 0.030165024 0.01924794 0.005983523 0.0067704823 0.028522233 0.05940095 7.73243e-08 6.036027e-07 0.004633404 0.02190469 0.0018008292 0.00054053403 5.8794726e-06 0.00033394387 4.742659e-05 0.0001499329 0.019451039 0.010087474 0.009493676 0.0004072343 4.741642e-05 1.9591587e-07 4.6589759e-07 0.003722913 0.00015643904 0.0023923307 2.043222e-06 0.00015838246 0.0013851796 2.8396585e-06 7.612362e-08 0.00035590152 0.00015047065 5.6858227e-08 3.750831e-06 4.2765866e-08 5.183885e-07 1.1799492e-05 8.8884667e-07 8.102255e-05 7.180774e-07 9.633271e-05 0.00018284589 7.065827e-05 5.5182772e-06 1.1733186e-05 1.0345667e-05 0.0005026788 0.0025329161 0.00071693613 1.3374204e-06 0.004312512 1.704884e-07 3.7031768e-07 2.4853915e-07 0.00040009324 1.7929302e-05 4.2808082e-07 5.3904515e-08
0.572049 0.052980457 0.101024784 0.38177013 0.69120824 0.3622604 0.9682874 1.6434127e-05 3.072962e-05 2.815554e-17 0.95842135 0.4405607 0.93549156 0.06706408 2.9641125e-05 5.3124054e-06 1.112249e-06 0.8947108 0.61265886 0.68673694 0.6700328 1.1776806e-05 0.43147868 0.32570368 0.17024352 1.3919399e-05 0.14212377 1.0453162e-07 0.45369712 0.04113441 0.3001799 0.055989414 0.06738455 0.6396909 5.693715e-07 0.09903937 0.0004497977 0.009690876 0.020728525 0.03962756 0.024286019 1.5586793e-06 3.8718907e-05 6.4307765e-06 1.8536343e-06 7.701414e-07 0.00067015627 7.235155e-05 1.1987628e-05 3.2022846e-05 2.407351e-07 0.00060370984 1.468717e-07 5.398881e-07 0.0047300956 0.0076963054 0.0016715846 1.4169114e-09 1.6827495e-05 0.000104041465 1.1345063e-06 0.00027370578 1.9401314e-08 1.5249216e-05 0.00015705882 1.6158121e-05 0.11120286 4.360488e-07 8.185731e-05 0.0026381614 5.0997096e-06 4.5052464e-05 7.674909e-07 0.0010396052 0.00097086874 4.4609496e-07 6.2738386e-06 7.136746e-07 7.0448177e-06 0.00017753615 5.2908234e-07 0.00017961038 1.4222972e-07 0.0001853122 8.1316e-07 0.00015048815 5.1217958e-05 1.3523346e-07 1.0812436e-05 0.00055320305 6.2033934e-05 0.00022225376 1.8249208e-06 3.7518526e-05 8.5510214e-07 4.9869057e-05 3.1815407e-06 0.00012911609 2.436244e-05 4.5710467e-09 6.577955e-08
0.04987037 0.17475162 0.12286542 0.37380368 0.93813944 0.90144455 0.7052597 0.00024352345 0.00062493526 0.95842135 1.7067901e-15 0.34059533 0.42750764 0.080354184 0.0008851397 0.000119018 1.8500785e-05 0.75192344 0.22348516 0.9265198 0.42106628 0.00016630568 0.05917738 0.042854667 0.013548883 0.00026698396 0.014047976 2.069809e-05 0.0663906 0.0010479774 0.012079892 0.0019956853 0.053938 0.6103919 1.3853117e-05 0.03706045 0.00024293823 0.008473719 0.05058539 0.0022467705 0.014151023 6.067753e-05 0.00024706018 0.0002206117 2.7045753e-05 1.077094e-05 0.00039903694 7.364899e-05 2.1489752e-05 5.103366e-05 4.5448403e-05 0.0007601343 2.6289097e-05 7.649791e-06 0.0020937473 0.00052852894 0.0001587752 2.527202e-07 8.647298e-05 0.0005895306 3.1779822e-05 0.0016394524 6.646503e-07 4.6420166e-05 4.7082383e-05 0.0002865027 0.035356864 3.044974e-05 8.376238e-05 0.00019099105 0.00010693386 2.180135e-05 5.844025e-06 0.00012257234 0.00036471 2.2091633e-06 1.4930613e-05 2.6056632e-06 3.2383454e-05 0.00014629848 4.0374775e-06 0.0002182537 9.005334e-07 0.00039072538 4.4536802e-05 2.7580998e-05 4.8539107e-05 2.1782812e-07 4.661674e-05 0.0005908468 0.0005535585 0.00022762376 2.6788539e-05 0.0002525392 6.1372966e-06 6.905585e-05 1.1480585e-05 0.00029387706 8.0564176e-05 2.7333948e-08 9.549128e-07
0.9574548 0.2732181 0.4674095 0.8343631 0.2036012 0.1068571 0.97551364 0.010234926 0.019736197 0.4405607 0.34059533 3.027146e-15 0.8410156 0.84445316 0.0017984667 0.0010857624 0.00012569057 0.25014865 0.7428559 0.14576572 0.07001841 0.0016446435 0.03916136 0.05334238 0.011850444 0.0010737804 0.006431893 4.0321123e-05 0.01605602 0.0025392612 0.0053099873 0.013201359 0.87958723 0.07899124 6.4455985e-06 0.7823366 0.00030517986 0.40332204 0.0033006512 0.0031686386 0.48236617 4.4419136e-05 0.0012666043 0.00028829084 0.000109541674 4.1228406e-05 0.05514748 0.010792401 5.2547897e-05 0.00019921408 1.2719575e-05 0.053085014 4.373096e-06 1.3015959e-05 0.00062013796 0.12236054 0.0071532708 1.2266938e-06 0.00220216 0.04656743 0.00065222365 2.5793557e-05 2.4620954e-07 3.7155016e-05 0.00013235092 0.00034615703 0.0075834766 9.847433e-05 0.0003987028 0.08801267 0.00018120752 0.0020139683 3.4384393e-06 0.06706004 0.07153739 1.731373e-06 1.490903e-05 1.1584508e-05 7.5972334e-06 0.014339536 4.84501e-06 4.4440116e-05 3.483864e-06 0.020253997 3.164142e-06 0.010771723 0.0021543794 1.1344019e-05 0.004215048 0.019033257 0.0050714347 0.01791034 6.907287e-06 0.00032388413 3.000988e-06 1.6365599e-06 2.054111e-07 0.011194667 0.0022106345 2.04554e-08 1.3294649e-06
0.8910655 0.020547513 0.039192993 0.23127215 0.16105838 0.05181344 0.9490873 0.00014889968 0.00072175096 0.93549156 0.42750764 0.8410156 6.046018e-16 0.093825124 0.00021663311 4.3373868e-05 1.8514127e-05 0.6779117 0.9578773 0.3556158 0.3771116 6.38323e-05 0.6269832 0.5261486 0.17796342 7.273343e-05 0.0987653 3.8252486e-07 0.21739708 0.047979105 0.19609147 0.18227094 0.13882923 0.54187477 1.6715859e-06 0.24608983 0.0021158915 0.045830067 0.003912228 0.056508258 0.082545646 5.6226154e-06 4.0572075e-05 1.2960628e-05 2.0010518e-06 3.6090419e-06 0.003192315 0.00014714895 0.0002560544 0.0016254612 1.302144e-06 0.0046554813 6.8114633e-07 3.5912092e-06 0.012112647 0.095521204 0.01650742 3.3576796e-08 4.659341e-05 0.00081365847 2.7397548e-06 6.394886e-05 1.6888697e-07 0.00015760753 0.000681011 1.5390173e-05 0.13084403 1.8486735e-06 0.0009037349 0.03370696 7.678508e-06 0.0023068117 1.4634068e-05 0.009937278 0.021458644 7.1252907e-06 0.000118729935 1.4861092e-05 8.27778e-06 0.0055609057 4.625937e-06 0.0005057529 1.1261113e-06 0.0056538023 4.1477665e-06 0.0069216425 0.00148029 3.0682397e-06 0.0025453055 0.0040537133 0.00034753108 0.0026889043 1.1402417e-05 4.3178286e-05 2.2932243e-06 4.865446e-05 1.7317487e-05 0.0021563373 0.0016255123 1.0653655e-08 4.947342e-07
0.98203284 0.8623494 0.73915434 0.8525697 0.15985098 0.197535 0.3938172 0.91267264 0.44769207 0.06706408 0.080354184 0.84445316 0.093825124 1.9512465e-15 0.089238115 0.17188556 0.020621402 0.03192747 0.061171107 0.0574195 0.004692751 0.47861332 0.0021714317 0.0029706343 0.0010554784 0.16348776 0.00071700657 0.0068592923 0.0010174094 0.0003039898 0.00034753606 0.0011715665 0.7528662 0.0011715079 0.0024589195 0.46910226 5.662408e-06 0.8298076 0.0005862938 0.00020961867 0.5505004 0.0042719673 0.046263278 0.06307133 0.0064813253 0.0024625277 0.33371323 0.27133337 3.1055292e-06 1.7293795e-06 0.0023850638 0.38461152 0.00041588835 0.00032500946 0.00017303233 0.012799467 0.0003428585 1.0657981e-05 0.11405071 0.42344987 0.02651111 1.2956735e-05 1.94698e-06 1.2282144e-06 1.4238985e-05 0.008233502 0.0015282572 0.008284474 6.451782e-05 0.03283064 0.0025064526 0.00012434427 2.3977655e-06 0.1035541 0.058881048 4.1757717e-06 4.426789e-06 9.542338e-07 0.00015525687 0.0017052128 2.739742e-06 0.00010932116 5.4803336e-06 0.003208178 1.375451e-06 0.002408859 0.00035719413 2.7280787e-05 0.000745832 0.029586896 0.055560257 0.0665416 5.327794e-06 0.010361856 1.1858639e-05 5.255077e-08 3.090958e-07 0.019070355 0.00070853956 9.001788e-07 1.1306677e-06
0.004455799 0.50377446 0.027298454 0.018697899 0.009542944 0.10304279 0.0006255029 0.32710034 0.92689276 2.9641125e-05 0.0008851397 0.0017984667 0.00021663311 0.089238115 9.0645165e-17 0.6403239 0.99575645 0.000108795095 0.00018086015 0.028163396 3.3627603e-05 0.02292459 1.989241e-05 3.805869e-05 1.2392194e-05 0.18342113 3.1835743e-06 0.038564496 1.444868e-06 8.834664e-06 2.522893e-06 8.214995e-05 0.003456649 0.00029417122 0.22710021 0.0003673437 1.670397e-06 0.016751831 0.22199208 1.8169482e-06 0.002360978 0.0023586575 0.0024041897 0.0028281698 0.0014377864 0.00550193 0.00486357 0.008794089 1.1997777e-06 7.4124904e-07 0.0006820233 0.0033185268 0.0005110092 0.0002126374 6.7121066e-05 0.00019060966 4.035305e-05 6.313058e-05 0.0012170277 0.0013377484 0.0014622086 0.010822317 2.2195309e-05 2.533527e-07 7.293809e-08 9.1107744e-05 0.00057189504 0.00053924083 6.644529e-06 6.4088366e-05 0.00021703156 2.5409387e-05 6.0059443e-07 4.3934055e-05 2.363404e-05 1.3368152e-07 9.160841e-06 4.0769143e-07 2.1377798e-07 8.453369e-06 7.903309e-06 0.0002184536 2.3325994e-05 0.0001084877 1.1913331e-05 0.00019904165 0.0002680335 4.858933e-06 3.9830124e-05 0.00030661136 0.001122391 0.0006276164 1.8439695e-07 0.00025748493 1.261529e-06 2.983457e-07 1.2144901e-06 0.00033855348 0.00010615068 2.5941334e-08 1.022807e-07
0.10239935 0.16528767 0.0033252318 0.0018226416 0.0003629759 0.0015666367 1.5341479e-05 0.9778126 0.96460885 5.3124054e-06 0.000119018 0.0010857624 4.3373868e-05 0.17188556 0.6403239 1.7134367e-16 0.9062471 9.614955e-06 0.00015152863 0.0056781396 1.0296284e-05 0.32479918 2.2974828e-05 1.4542441e-05 7.771398e-06 0.8428138 1.4676465e-06 0.8586214 9.1042506e-07 5.7186357e-06 1.1611635e-06 3.3720382e-05 0.00736129 0.00052871264 0.6465265 0.0016027167 5.448765e-07 0.03168588 6.0087234e-05 4.4584085e-06 0.0029798816 0.097527236 0.12449831 0.059753984 0.09791756 0.14990754 0.017547859 0.054917544 2.3840425e-07 1.6043919e-06 0.14110184 0.010857267 0.061955143 0.035847094 1.2572646e-05 0.00030540492 8.869174e-06 0.0075236293 0.037419457 0.007342395 0.021412024 8.1074955e-05 0.0022513638 8.0155087e-07 1.0925091e-06 0.029575959 0.0008148004 0.013654099 5.1226825e-06 0.00034594533 0.03261847 1.125069e-06 1.7876782e-07 0.00010275376 0.00055043865 4.829047e-07 4.390817e-07 5.192378e-08 5.565471e-05 3.2143824e-05 8.030957e-07 0.00010765545 5.5244277e-06 0.00014781972 1.6695109e-05 3.6145895e-05 1.353767e-05 0.0033652484 2.3650423e-06 0.0012790712 0.0017121146 0.00032438303 8.756821e-06 0.01818695 3.2500634e-06 1.3230345e-08 1.5965997e-08 0.0003311104 1.7279906e-05 0.00016817475 3.137102e-07
0.0003920314 0.048733827 0.00095396274 0.00026136922 5.93346e-05 0.00024564934 9.3960325e-06 0.3630149 0.8307865 1.112249e-06 1.8500785e-05 0.00012569057 1.8514127e-05 0.020621402 0.99575645 0.9062471 1.1480669e-17 3.9000984e-06 0.000101393685 0.00019316096 1.4831563e-06 0.03243123 6.672031e-06 1.254918e-05 1.3349719e-05 0.57697153 2.58071e-06 0.7216051 8.362581e-07 1.1613677e-05 2.5934582e-06 2.6172747e-05 0.0005787862 3.644831e-06 0.5964564 7.8079815e-05 2.4879122e-07 0.0054716594 0.0008703737 2.2691424e-07 0.00096363545 0.0031947899 0.011074802 0.0063951733 0.003485526 0.0068689347 0.0025647597 0.0054663243 8.871648e-07 2.0717897e-07 0.0005118727 0.0013040877 0.00030068582 0.00032226654 3.946519e-06 0.00021934665 5.980681e-05 7.7519646e-05 0.0020083224 0.000827118 0.001631168 2.0545462e-05 2.0038582e-05 4.214786e-07 3.6969855e-08 0.0015251471 4.371143e-05 0.00114221 2.0478137e-06 4.660185e-05 0.0007625761 4.325377e-06 3.057157e-07 2.6213369e-05 1.6997119e-05 1.1412805e-07 1.7070162e-06 9.487077e-09 1.2317538e-07 7.651184e-06 8.502004e-07 2.4835152e-05 2.3088417e-06 2.7067324e-05 8.0207616e-07 5.750254e-05 3.8905604e-05 8.120991e-05 8.854495e-06 0.0002748145 0.00050235074 0.00033613757 7.171244e-08 0.0010908387 1.8455724e-07 1.976398e-08 6.159296e-08 2.4952478e-05 3.7141483e-05 7.5794304e-08 1.30425795e-08
0.042939145 0.0035168 0.017999064 0.09859074 0.07142146 0.011919867 0.49479005 5.77314e-05 2.6061043e-05 0.8947108 0.75192344 0.25014865 0.6779117 0.03192747 0.000108795095 9.614955e-06 3.9000984e-06 9.800701e-18 0.5345805 0.42943996 0.990848 2.2638922e-05 0.377443 0.29890037 0.30377725 3.6386646e-05 0.422882 3.4603985e-07 0.65953237 0.050270356 0.32964218 0.037614107 0.023170272 0.8169703 8.08899e-07 0.02860379 0.0014214681 0.0033966468 0.0021450676 0.024760777 0.0048632985 1.8043927e-06 2.2425309e-05 1.0269219e-05 2.9702376e-06 1.880065e-06 0.00030343104 2.1153217e-05 7.867727e-05 0.00025654692 1.09933335e-05 0.00036087836 2.6118903e-06 1.1769333e-06 0.0052031158 0.0029255035 0.0010685079 2.2803495e-07 2.4077287e-06 0.00017634987 9.855127e-07 0.0009624704 1.2541976e-07 6.2287654e-05 1.4667952e-05 2.1229993e-05 0.08667992 1.3334673e-06 1.8300805e-05 0.0007361789 1.3490257e-05 7.174032e-05 1.4931347e-06 0.00016008476 0.0004898138 1.4043553e-06 1.801736e-06 1.7293004e-06 3.7407178e-06 0.00016629377 1.3916602e-06 8.501251e-05 2.497888e-07 0.0002168437 1.612298e-05 0.00026479363 0.00021893768 4.0933242e-07 1.6188398e-05 0.00082608964 0.00028311976 0.00027216173 5.770742e-06 3.545823e-05 2.3897003e-06 2.94074e-05 3.0723918e-06 0.00018508769 0.00021473988 3.5292478e-09 8.200885e-08
0.9876265 0.013689204 0.021700596 0.10263963 0.030769276 0.010652617 0.6143133 0.00045132454 0.0011770834 0.61265886 0.22348516 0.7428559 0.9578773 0.061171107 0.00018086015 0.00015152863 0.000101393685 0.5345805 1.049043e-15 0.11828999 0.3119472 0.0001193507 0.74593014 0.861498 0.37625182 0.00010868962 0.2641235 1.4424387e-05 0.2684029 0.24802443 0.2889826 0.6384653 0.41687092 0.3544182 1.7677967e-05 0.47093594 0.009496815 0.04938975 0.0002316113 0.1281627 0.10001912 8.920231e-06 0.00015505815 1.8591323e-05 8.588064e-06 7.002918e-06 0.0076307887 0.00033249607 0.0012280811 0.009245953 1.1506092e-05 0.005930861 1.1209869e-05 1.0291641e-05 0.022075066 0.657812 0.16515952 1.0804989e-06 0.00015372183 0.001621197 4.147096e-05 1.9609533e-05 1.4583675e-07 0.00055895647 0.002060653 1.8321096e-05 0.1202567 3.8521107e-06 0.0038430346 0.21871991 1.45843305e-05 0.050771825 0.00017410709 0.050653324 0.10004344 2.5219153e-05 0.00026284577 5.9315193e-05 6.212665e-05 0.06615024 2.0152534e-05 0.0021416552 5.5158285e-05 0.11074977 9.91768e-06 0.098950654 0.030062977 8.201292e-06 0.04742504 0.021361262 0.0027409615 0.012547474 0.00019691605 0.00018709825 3.1372932e-05 5.4932475e-06 4.6406735e-06 0.011642938 0.021640519 4.6353787e-08 6.709511e-06
0.021818414 0.33588466 0.2247882 0.4598797 0.48839062 0.6768006 0.4963769 0.003001326 0.011424209 0.68673694 0.9265198 0.14576572 0.3556158 0.0574195 0.028163396 0.0056781396 0.00019316096 0.42943996 0.11828999 8.716106e-15 0.2894437 0.0006081028 0.015051838 0.016101586 0.0052843117 7.477913e-05 0.0062193284 1.835625e-05 0.031445242 0.00059440685 0.009925368 0.0007954585 0.018523516 0.95800394 3.087535e-05 0.027386088 3.7866828e-06 0.009422308 0.93905807 0.0018898805 0.015509054 0.00053036684 0.0001323879 0.0002656536 2.1843367e-05 0.00026901765 0.00011337374 5.5085373e-05 7.3413304e-07 8.647372e-05 8.184049e-06 0.00025536306 2.1476035e-06 9.433141e-06 0.0019098341 4.756765e-05 1.673678e-05 2.6456502e-07 5.489307e-05 5.9178914e-05 6.5711715e-06 0.014679904 9.912653e-07 1.2346494e-07 1.1633592e-06 8.4709995e-05 0.0031863311 1.0378475e-05 5.0447393e-06 0.00012499318 0.00048416015 1.01859996e-07 1.765134e-06 0.00019168611 0.00013028173 2.2486577e-07 4.925019e-07 5.177521e-09 0.00017300788 2.1829012e-06 1.4922763e-08 6.1756444e-05 3.2422977e-07 0.00026675005 1.9216473e-06 1.4135509e-05 2.5395009e-06 1.5632525e-06 2.1651967e-06 0.00035823992 0.00045275578 0.0014295358 8.4485947e-07 0.0032746703 1.0380667e-06 2.2138727e-06 2.4102283e-06 0.000712261 9.373443e-06 5.2201127e-08 4.0615777e-07
0.010678366 0.00035881484 0.0026309602 0.009880706 0.007971988 0.0013739887 0.14641745 2.5240013e-05 2.6289375e-05 0.6700328 0.42106628 0.07001841 0.3771116 0.004692751 3.3627603e-05 1.0296284e-05 1.4831563e-06 0.990848 0.3119472 0.2894437 1.1670097e-17 1.5947744e-05 0.2560155 0.20471068 0.21457772 0.00011225537 0.3431676 1.759461e-07 0.76297855 0.0719672 0.64901274 0.047323316 0.0051203677 0.91140914 4.6734212e-07 0.008313841 0.019617302 0.0005060584 0.0014823638 0.28718567 0.002738635 6.6144696e-07 3.624973e-05 2.1660302e-05 5.5796518e-06 7.0420033e-06 0.00011976492 3.107464e-06 0.00086442684 0.0025654412 7.3355177e-06 0.00019964103 1.3458971e-06 1.1811319e-06 0.02812681 0.0024565978 0.0022611965 5.1895064e-08 2.8833672e-06 5.5957218e-05 1.3654716e-07 0.0005557147 1.0764245e-07 0.0007749315 0.00090686366 1.033679e-05 0.09960384 1.7836499e-06 0.0006518511 0.0001887411 6.6742195e-06 9.5558156e-05 4.0136656e-05 0.00016707747 0.0001895944 8.722125e-06 4.9592323e-05 2.0470046e-05 0.000119955235 8.354842e-05 2.945607e-05 0.00070972776 1.3690771e-05 0.00018243867 1.6982438e-05 0.00014115607 0.00017792055 1.3423713e-07 5.137945e-05 0.00039528043 0.00038871635 0.00040288988 8.130274e-05 4.1723026e-05 8.362593e-06 4.0086165e-05 0.000112930014 0.00044496945 0.00015194844 1.6883398e-09 1.526774e-07
0.96100545 0.13960668 0.009363826 0.0023348697 0.00042698267 0.0008883477 0.00013603058 0.6158208 0.15183967 1.1776806e-05 0.00016630568 0.0016446435 6.38323e-05 0.47861332 0.02292459 0.32479918 0.03243123 2.2638922e-05 0.0001193507 0.0006081028 1.5947744e-05 3.125085e-15 1.3576031e-05 1.1565951e-05 2.746465e-06 0.9877783 1.3449926e-06 0.20998456 5.495215e-07 2.2412896e-06 1.9799922e-06 1.6331913e-05 0.041865095 6.457799e-06 0.07392544 0.006775178 3.5516791e-06 0.2574455 0.00020960225 1.3352181e-06 0.019130768 0.1458207 0.5548403 0.3969284 0.3730653 0.026753344 0.2350994 0.5848394 5.7138743e-07 4.1596663e-06 0.004130722 0.11097018 0.0013091593 0.005893468 6.390487e-06 0.000666433 0.00025686127 0.0008452185 0.4861584 0.15551676 0.45140392 1.00481075e-05 4.171873e-05 7.87184e-07 6.9290354e-07 0.11427288 5.4753367e-05 0.24778274 3.139697e-05 0.0031579458 0.09465534 6.3414e-05 7.4827267e-07 0.013177825 0.008539425 1.8868855e-06 1.1870242e-06 6.732008e-08 2.2047957e-06 0.00042670526 8.845468e-07 0.00031980136 1.1348375e-06 0.0006195229 1.950624e-05 0.00018954145 0.00013589211 0.0012046489 9.856123e-05 0.0048841913 0.07463057 0.016438713 1.8831366e-05 0.10813022 2.0301113e-06 1.4996049e-06 2.086569e-06 0.0057850145 9.641414e-05 6.005208e-06 7.0410454e-07
0.8160173 0.0010257127 0.00047712514 0.0022260232 0.0027882399 0.00031759267 0.09591313 3.0564806e-05 9.533433e-05 0.43147868 0.05917738 0.03916136 0.6269832 0.0021714317 1.989241e-05 2.2974828e-05 6.672031e-06 0.377443 0.74593014 0.015051838 0.2560155 1.3576031e-05 4.5668914e-16 0.96662056 0.8417436 5.9597996e-06 0.64145887 2.8764666e-07 0.43286157 0.91686946 0.5190203 0.8342924 0.004348728 0.2453774 9.706632e-07 0.010735373 0.08141784 0.0007136665 4.2198783e-07 0.3816209 0.0019730623 1.5456606e-06 1.5198083e-05 2.0429081e-06 1.7581317e-06 3.4099014e-06 0.00016433164 1.19351325e-05 0.01618535 0.06285444 3.4578075e-06 0.00019711185 2.886132e-06 2.5061715e-06 0.08466383 0.13634768 0.1049206 1.311693e-07 8.14208e-06 1.4459645e-05 2.0316169e-07 4.268385e-06 9.660055e-08 0.006158947 0.0066627664 7.2704265e-06 0.2355154 1.1278874e-07 0.009831565 0.013447125 1.8216795e-06 0.013620207 0.0010996497 0.0018435355 0.0029416503 0.00029835667 0.00063585595 0.00013693649 0.0004702544 0.005698311 0.00015732972 0.0026689128 0.00056417665 0.0029039776 4.7237052e-05 0.014291439 0.0052668885 7.8482645e-07 0.00584402 0.0018276074 0.00014072609 0.0014534115 0.00022729447 4.4308863e-06 6.508663e-05 1.3295758e-05 0.00011954035 0.0015145192 0.007250922 5.545491e-09 1.8761426e-06
0.9682998 0.00081669976 0.00037129156 0.0021275762 0.0025730862 0.00042259274 0.08534671 3.5459954e-05 9.905368e-05 0.32570368 0.042854667 0.05334238 0.5261486 0.0029706343 3.805869e-05 1.4542441e-05 1.254918e-05 0.29890037 0.861498 0.016101586 0.20471068 1.1565951e-05 0.96662056 2.2035728e-17 0.50648475 8.288089e-06 0.40907353 7.6508013e-07 0.32353163 0.6280224 0.41997454 0.91447943 0.014123101 0.19669303 2.841132e-06 0.030841473 0.054168534 0.00092771434 8.3491136e-07 0.31119904 0.004835705 5.1442305e-07 1.407629e-05 1.4446377e-06 8.348142e-07 3.2233322e-06 0.00040113967 1.4442226e-05 0.00844839 0.04535245 3.4395441e-06 0.00027969512 3.5765395e-06 1.4018678e-06 0.07848363 0.43860313 0.26371667 9.74498e-08 1.5233417e-05 3.5371228e-05 1.4544736e-06 1.2162473e-06 4.9732247e-08 0.0045966576 0.008669098 1.9176032e-06 0.23635323 1.9809089e-07 0.01039532 0.04289126 1.5355668e-06 0.053180188 0.0010468462 0.0067429026 0.013821277 0.00021515563 0.00054091663 8.165436e-05 0.00034179076 0.023044353 8.4073385e-05 0.0019837166 0.00025781326 0.022734705 3.2280623e-05 0.051778298 0.016505618 8.272811e-07 0.02418952 0.003891325 0.00057385094 0.0035592753 0.00030885407 1.0390131e-05 5.0059894e-05 2.76098e-06 2.0762858e-05 0.0027279228 0.02136967 8.383038e-09 2.163789e-06
0.3555535 8.004669e-05 3.8859107e-05 0.00013073265 0.0004452685 5.6305224e-05 0.00750625 1.5774768e-06 8.100204e-06 0.17024352 0.013548883 0.011850444 0.17796342 0.0010554784 1.2392194e-05 7.771398e-06 1.3349719e-05 0.30377725 0.37625182 0.0052843117 0.21457772 2.746465e-06 0.8417436 0.50648475 9.800654e-20 7.1624486e-06 0.9826509 2.665566e-07 0.43674523 0.9389901 0.55282164 0.5938932 0.002654224 0.26965544 6.0892364e-07 0.003138257 0.43169063 0.00025751145 1.332306e-07 0.42966133 0.00056038925 3.0873613e-07 1.0912777e-05 1.660247e-06 4.86173e-07 1.3583159e-06 6.79597e-05 3.8443673e-06 0.022054544 0.054347865 2.548091e-06 7.6407974e-05 2.0710756e-06 2.6935163e-06 0.10802809 0.041414976 0.053569585 1.2947766e-07 8.218071e-06 4.7917665e-06 1.2922787e-07 1.1142891e-05 1.2973062e-08 0.0066980016 0.012321836 2.4814094e-06 0.28720492 3.9460807e-07 0.006025715 0.0033163677 3.1240563e-06 0.005389918 0.0005515053 0.00011999907 0.000807203 0.0001580511 0.000572435 7.521341e-05 0.0008626899 0.0017088748 6.8906054e-05 0.0049631363 5.786948e-05 0.00075657095 1.4722524e-05 0.0039240224 0.0014832724 3.6293798e-07 0.0006112425 0.0005533437 8.354388e-05 0.0001926804 0.00031956017 2.6047028e-05 4.2648433e-05 1.4104564e-05 0.0003569195 0.0003211492 0.0014704613 4.1439407e-09 1.5988182e-06
0.3947716 0.13922986 0.0044888384 0.003691807 0.00079615676 0.00025196542 0.00023392928 0.7271899 0.59271073 1.3919399e-05 0.00026698396 0.0010737804 7.273343e-05 0.16348776 0.18342113 0.8428138 0.57697153 3.6386646e-05 0.00010868962 7.477913e-05 0.00011225537 0.9877783 5.9597996e-06 8.288089e-06 7.1624486e-06 3.896257e-14 5.7919915e-06 0.6559298 4.520648e-06 6.7422498e-06 7.714311e-06 7.946441e-06 0.0068157627 3.2953325e-05 0.54777783 0.0018400032 3.2083326e-06 0.0331393 4.4679065e-05 2.5302395e-06 0.0025561024 0.62598807 0.52378935 0.27706963 0.6564926 0.4712157 0.034223236 0.16102389 2.9920363e-07 9.791553e-07 0.18416382 0.018870242 0.06809592 0.23348899 5.7068028e-06 0.00010322117 2.4520416e-06 0.030764699 0.23690945 0.021108769 0.22326428 4.6474497e-06 0.0016746009 7.58833e-07 1.913856e-06 0.092016555 2.3449717e-05 0.09392778 7.718432e-06 0.00018787477 0.07487604 7.1158715e-06 9.2070415e-08 0.00040338488 0.0010749648 2.2958226e-07 1.0666024e-07 1.7798792e-08 1.4063525e-06 3.7808997e-05 1.4216205e-07 1.2658149e-05 2.889518e-07 0.0003030765 1.4247774e-05 2.3291406e-05 6.796925e-06 0.0021321625 3.812986e-05 0.0010476686 0.01144407 0.001287021 1.46266875e-05 0.037535626 1.0705866e-06 1.5636155e-07 1.4810298e-07 0.001484084 1.7374641e-05 1.4520103e-05 3.479234e-07
0.28799045 4.3476823e-05 2.058398e-05 9.096848e-05 0.00048394874 2.479116e-05 0.0049245222 1.0447336e-06 4.3421405e-06 0.14212377 0.014047976 0.006431893 0.0987653 0.00071700657 3.1835743e-06 1.4676465e-06 2.58071e-06 0.422882 0.2641235 0.0062193284 0.3431676 1.3449926e-06 0.64145887 0.40907353 0.9826509 5.7919915e-06 4.2775933e-18 7.8421635e-08 0.74200684 0.904537 0.7897133 0.52589965 0.00048498114 0.24502717 5.641341e-07 0.0011190164 0.6255014 5.430935e-05 3.6557148e-07 0.5978529 0.00020547195 5.067767e-07 3.027483e-06 8.9934133e-07 1.1163509e-06 1.2502072e-06 2.696545e-05 1.8674848e-06 0.039508205 0.10299342 3.0206538e-06 4.180065e-05 2.2741958e-06 1.7353519e-06 0.14459534 0.021245826 0.029984243 5.9151173e-08 3.054815e-06 4.4392605e-06 2.6397437e-08 2.0671363e-05 6.5463894e-08 0.008425434 0.011203581 3.3975116e-06 0.2617018 2.0938819e-07 0.005583166 0.0010468097 2.0651587e-06 0.0025857373 0.001150058 8.406272e-05 0.00031913017 0.00022902018 0.000568895 0.00013281393 0.0014312853 0.0004442927 7.123948e-05 0.0077056102 0.00014157643 0.00047013917 1.5615786e-05 0.0014674892 0.0010799526 2.9414016e-07 0.00043722522 0.0002875445 7.670256e-05 0.00013501976 0.00027740185 2.1475596e-05 0.0001147907 4.933218e-05 0.00082580175 0.0003111637 0.0010765005 9.19242e-09 2.7254998e-06
0.0018599688 0.0006669699 9.429629e-05 1.1130953e-05 9.5315645e-06 1.8179959e-05 5.9758287e-07 0.32682273 0.38258132 1.0453162e-07 2.069809e-05 4.0321123e-05 3.8252486e-07 0.0068592923 0.038564496 0.8586214 0.7216051 3.4603985e-07 1.4424387e-05 1.835625e-05 1.759461e-07 0.20998456 2.8764666e-07 7.6508013e-07 2.665566e-07 0.6559298 7.8421635e-08 1.4664528e-16 4.4620787e-08 8.4240077e-07 9.2546834e-08 5.509364e-06 0.0004296459 1.8132956e-06 0.9988037 1.0045789e-05 5.908983e-08 0.0024670386 3.125433e-06 1.5969508e-07 7.503688e-05 0.11863329 0.07050816 0.008308225 0.061236937 0.0681419 0.0013193781 0.004782775 4.2729323e-07 1.4625655e-07 0.006850414 0.00085237384 0.008250279 0.014325158 1.9097022e-05 4.308915e-05 7.882827e-06 0.0022691481 0.0027851902 0.00031719072 0.001236295 2.087826e-07 0.0008667849 1.5612285e-07 3.6807517e-09 0.0028090028 6.5235545e-06 0.001121342 2.1398835e-08 3.5836956e-06 0.0037768441 1.5097567e-07 8.626018e-08 1.6411268e-06 1.6648339e-06 3.14135e-07 9.537102e-08 4.5186974e-09 1.2496982e-06 1.2010902e-07 1.239568e-07 5.7880356e-05 4.4615426e-08 8.2345247e-07 4.256002e-07 1.0616616e-06 1.5359981e-07 0.00087605725 3.9359855e-07 3.3828186e-05 0.00054047006 4.874884e-05 1.9280824e-07 0.0022668208 6.422891e-07 2.7305014e-09 3.5803858e-08 3.3565527e-06 4.2702482e-07 3.95551e-06 1.7095298e-08
0.056524012 1.5640451e-05 6.458332e-05 0.00026274924 0.0004907342 6.5156055e-05 0.033135194 8.533701e-07 8.4049253e-07 0.45369712 0.0663906 0.01605602 0.21739708 0.0010174094 1.444868e-06 9.1042506e-07 8.362581e-07 0.65953237 0.2684029 0.031445242 0.76297855 5.495215e-07 0.43286157 0.32353163 0.43674523 4.520648e-06 0.74200684 4.4620787e-08 2.714981e-19 0.21096653 0.9908991 0.15258706 0.0012497144 0.5512577 6.654606e-08 0.0027042069 0.21891929 0.00011109398 2.5954143e-05 0.69367296 0.0004232084 2.6582296e-07 3.3327287e-06 8.286298e-07 7.9125516e-07 3.6636686e-07 6.847625e-05 2.6567334e-06 0.0011661168 0.012037514 3.6173168e-07 0.00011284098 2.1557058e-07 5.11404e-07 0.048924007 0.0064752395 0.005926479 2.60894e-08 1.9221256e-06 3.6950838e-05 2.1565057e-07 0.00013029863 2.2049194e-08 0.00047342046 0.0017488851 8.888548e-06 0.1391715 5.8249145e-07 0.00068998476 0.00040714224 5.807545e-06 0.00023775772 1.4874589e-05 2.1308737e-05 0.00013434632 6.17285e-06 8.987086e-05 1.6982585e-05 0.00016721344 0.00011534971 1.0586856e-05 0.0012342341 3.3047222e-06 0.0001083971 4.486136e-06 0.0001814209 0.00013450079 4.78459e-07 2.6910115e-05 0.00024814968 0.00014427297 2.3982606e-05 2.581071e-05 3.8858958e-05 7.0342435e-06 3.6269546e-05 0.00015263191 9.476733e-05 8.490702e-05 4.4623487e-09 1.6851148e-07
0.7329803 9.1680464e-05 3.0352063e-05 3.583684e-05 0.00032903947 6.12081e-05 0.0006288719 3.9001785e-07 2.8358534e-06 0.04113441 0.0010479774 0.0025392612 0.047979105 0.0003039898 8.834664e-06 5.7186357e-06 1.1613677e-05 0.050270356 0.24802443 0.00059440685 0.0719672 2.2412896e-06 0.91686946 0.6280224 0.9389901 6.7422498e-06 0.904537 8.4240077e-07 0.21096653 5.9212727e-18 0.46457043 0.94108677 0.0008520252 0.046471797 2.6234661e-06 0.0012777934 0.7298269 0.00013263129 2.1934027e-07 0.4150891 0.00021183952 7.4659766e-07 9.612581e-06 2.4945423e-06 5.695589e-07 1.7315415e-06 5.6062818e-05 1.9606719e-06 0.22102252 0.26177782 1.3405592e-06 3.8110265e-05 3.4558393e-06 1.5441872e-06 0.13661969 0.09024974 0.16208424 2.6028178e-07 4.7334483e-06 1.6329321e-06 7.2470904e-08 1.8501286e-06 7.542238e-08 0.12799676 0.09136206 2.8486122e-06 0.20497027 5.047726e-07 0.031296305 0.0061355554 5.7955276e-06 0.022718942 0.006871529 0.00026226658 0.0013586374 0.0017412055 0.004228766 0.0022699262 0.0052108844 0.0046454025 0.00082540285 0.011926531 0.0015795996 0.0020406807 0.00023467447 0.013775995 0.0053886175 3.9857578e-06 0.003436397 0.0013040355 0.00013839232 0.00041968396 0.000944925 3.5815145e-05 0.0005006023 8.017554e-06 0.00049395213 0.00030967404 0.0046336087 5.0895665e-09 3.20146e-05
0.08376641 1.5427364e-05 2.7413222e-05 2.6072852e-05 0.000119795535 1.2589192e-05 0.0060916324 1.0850943e-06 3.1089492e-06 0.3001799 0.012079892 0.0053099873 0.19609147 0.00034753606 2.522893e-06 1.1611635e-06 2.5934582e-06 0.32964218 0.2889826 0.009925368 0.64901274 1.9799922e-06 0.5190203 0.41997454 0.55282164 7.714311e-06 0.7897133 9.2546834e-08 0.9908991 0.46457043 1.8244918e-18 0.33359766 0.00046737646 0.4914831 1.5406414e-07 0.00057667214 0.6624579 5.8569614e-05 3.8775643e-06 0.89227986 0.00016248233 4.9590096e-07 2.6265454e-06 2.0063949e-06 7.3934075e-07 1.4892837e-06 1.3484224e-05 8.7265624e-07 0.01856219 0.1755463 2.4176893e-06 3.905047e-05 3.132059e-07 7.4788744e-07 0.23669027 0.008668032 0.01712865 3.735887e-08 1.7556553e-06 4.004175e-06 3.3821166e-08 0.00010597063 6.485541e-08 0.005832336 0.010357094 5.796545e-06 0.21846622 3.7381344e-07 0.0030140341 0.00027831443 4.522925e-06 0.0003715523 0.00020552642 5.3093587e-05 6.5514956e-05 6.4453314e-05 0.00031994318 0.00016666131 0.0021070587 0.00025328159 0.00012128547 0.0047881785 2.6594118e-05 0.0002148628 4.067342e-05 0.00021025373 0.00010713403 1.2896217e-07 0.00012249006 0.00021494456 0.00028937528 0.00015541344 0.00014724863 6.228189e-05 6.005612e-05 0.00012268496 0.0010905978 6.550502e-05 0.0001206955 3.0658367e-09 1.0003317e-06
