4.464975e-26 0.8298431 0.8495413 0.8056728 0.9331167 0.9583152 0.38279167 0.697976 0.76094335 0.47343597 0.74007785 0.932815 0.08028726 0.10419975 0.08384667 0.053405043 0.22105311 0.9504802 0.16316456 0.7499299 0.9512188 0.9206333 0.043893836 0.4007385 0.038713668 0.012967732 0.33132207 0.88535124 0.9451716 0.4637641 0.010512152 0.39036337 0.0039582215 0.011899826 0.6069421 0.7286658 0.14749509 0.8564441 0.7583124 0.98125964 0.3594621 0.4587159 0.18771613 0.13383122 0.5373631 0.061627395 0.0045401556 0.054551467 0.0009260972 0.8867537 0.0024140312 0.59836864 0.48890087 0.82275474 0.32194784 0.004571429 0.9867145 0.98859435 0.43351874 0.99469084 0.00012715555 0.0013708891 0.9941889 0.7976763 2.9731835e-05 0.2770888 0.08075413 0.17623132 0.9953287 0.0013564611 0.01547852 0.99924624 0.99980825 1.6663811e-06 0.80035794 3.0580722e-07 1.3297395e-05 0.04002723 0.00015116319 8.5202686e-05 0.15199465 0.98313 0.005557542 0.99862176 2.4937917e-05 0.088084966 0.99958944 0.00042487917 0.6183347 0.015096604 0.99702877 3.204096e-05 0.18630572 2.5644686e-06 7.471022e-08 0.048929922 7.576276e-07 0.99994695 8.898306e-09 0.0025738932 7.5995667e-06
0.8298431 2.86152e-16 0.86585665 0.51063794 0.95362645 0.9137365 0.96582484 0.019336421 0.011517104 0.11570769 0.014084095 0.014843331 0.11024524 0.024089653 0.19480613 0.44936937 0.298656 0.044138756 0.005404361 0.48186353 0.4985112 0.38689557 0.0015237529 0.018021539 0.0006888483 0.10339954 0.052127708 0.066700175 0.056532416 0.0033856155 0.051038127 0.0017890777 0.026893958 0.11216137 0.002826459 0.0025265494 0.10164262 0.00027248167 0.009356525 0.18010013 0.0003026271 0.006627061 0.0018550395 0.00010689674 0.00019709342 0.00025552628 0.0102473935 0.0007683218 0.00090770813 0.0009911642 0.08394917 0.0025240183 7.34215e-05 0.00023532844 0.00043769833 0.0036838287 0.05794234 0.033978887 0.000105187384 0.009772612 0.02342822 9.596483e-05 0.018241493 0.00013870746 0.060342796 0.00012617961 0.00020732872 6.023867e-06 0.0046445923 0.00023240228 1.7431694e-06 0.031975877 0.017885908 0.010654664 0.0002041288 0.0055749267 4.43186e-05 1.2248393e-05 3.1553926e-05 5.5068535e-06 0.00013573177 7.797586e-05 0.00012900593 0.00039998413 2.9528044e-05 2.1868161e-06 0.0021940242 1.0897863e-05 0.00017197648 1.8005809e-05 8.754646e-05 0.0015371632 1.4265764e-05 2.394895e-06 0.00026511628 1.039576e-05 5.251243e-07 0.0009373833 0.0003543776 1.4656995e-06 2.429462e-05
0.8495413 0.86585665 5.727381e-15 0.9301382 0.4826149 0.9402731 0.58820623 0.4141 0.16710167 0.4019946 0.22696604 0.3631482 0.2468847 0.11407429 0.2760745 0.12121165 0.035203163 0.0034916776 0.058116015 0.5505446 0.6878368 0.24165073 0.011754798 0.002139129 0.0055141537 0.073663 0.014541299 0.24306117 0.030905336 0.0008090195 0.08486979 0.0008050185 0.061777055 0.060204837 0.001731629 0.00057596865 0.0054967958 2.4296543e-05 0.029890124 0.1885329 7.761899e-05 0.014222797 0.012740985 0.00034265924 0.0010194164 0.00052885443 0.00073128 9.439256e-05 8.5216096e-05 0.0034230356 0.01802391 0.0042209993 2.5389827e-06 0.0005475199 0.00080488797 0.00040603758 0.038193524 0.04915935 3.0753909e-06 0.015834585 0.002694955 0.0001251041 0.010492915 0.00029184436 0.029552719 5.4613156e-06 2.0508169e-05 2.7563723e-05 0.0015348408 0.00028261665 1.8834076e-05 0.05423126 0.020967165 0.007163958 3.9296134e-05 0.00057387556 2.6468742e-05 2.3199395e-06 0.00050045486 9.794276e-06 4.4119603e-05 7.674917e-05 5.0053834e-05 0.000124638 7.153281e-06 3.562795e-07 0.004135852 2.2754573e-05 1.4455014e-05 1.3169487e-05 3.7077725e-06 0.00222547 2.6345078e-06 4.2077507e-05 4.211512e-05 2.3016419e-06 1.6711841e-06 0.0013223321 0.00021447381 1.9928684e-06 5.7322515e-05
0.8056728 0.51063794 0.9301382 2.4379792e-17 0.10851305 0.2175652 0.8002335 0.4382008 0.60553104 0.9264678 0.25464767 0.19286367 0.7817804 0.57863086 0.681722 0.2228773 0.081765026 0.00027577067 0.20365879 0.1451918 0.21474896 0.1030546 0.016024776 0.0002639057 0.00588643 0.15849403 0.002266927 0.09872275 0.0033288824 4.2761734e-05 0.28189558 1.8989072e-05 0.2037636 0.14624539 3.5029727e-05 2.0461343e-05 0.024036039 4.118117e-07 0.021272872 0.053783085 5.138217e-06 0.009845358 0.11104773 0.00071427895 0.00036211466 0.000264345 0.00048804848 2.360192e-05 6.082753e-05 0.0016388317 0.069175124 0.0023550624 6.3999863e-07 0.00039585197 0.00047893453 0.0008847742 0.0040981015 0.013990987 2.743948e-07 0.007094166 0.018793551 0.00014739503 0.0014203378 0.00014946806 0.1151759 1.8698374e-06 4.7819376e-06 5.239694e-06 0.00019130607 0.00013246444 3.0442175e-06 0.0058252094 0.0034266645 0.031026207 4.904221e-06 0.0084093 2.6566233e-05 3.4612913e-06 0.0010253572 2.5648062e-06 8.394195e-06 9.136459e-05 5.934315e-05 2.80753e-05 6.83485e-07 1.6256571e-06 0.0016378795 6.5755094e-06 4.772719e-05 8.824476e-06 2.5736465e-06 0.008718603 4.30103e-06 8.650704e-05 0.00019342327 3.2905764e-06 4.388297e-07 0.00011546802 0.00035637716 1.1718755e-06 3.3019955e-05
0.9331167 0.95362645 0.4826149 0.10851305 1.1740787e-16 0.860692 0.43836945 0.010983705 0.0015224065 0.018652307 0.004395688 0.0053482563 0.017844124 0.0032468063 0.032593083 0.20912838 0.58202636 0.8727955 0.0005500713 0.49294326 0.32798684 0.5905461 0.00015515016 0.4749127 3.3245753e-05 0.033802167 0.38430828 0.04095774 0.56683326 0.17501128 0.005797151 0.08179468 0.0023631305 0.03805815 0.109263845 0.10417099 0.26561737 0.014183813 0.00843133 0.23387825 0.01890127 0.004110349 0.00029065806 1.455379e-05 8.455495e-05 6.988045e-05 0.117586486 0.021112945 0.007486494 0.0011068457 0.05275392 0.0025063653 0.0028324225 0.00018389094 0.00025633024 0.011868443 0.2494464 0.03816119 0.0021373173 0.008886155 0.011497768 8.779504e-05 0.14959776 0.000111216315 0.007356147 0.0015152299 0.0023645898 2.617013e-07 0.09871458 0.0006784912 2.533549e-07 0.09835722 0.02303518 0.00098162 0.0036395062 0.00060312485 0.00030084644 0.00021162347 1.1342385e-07 6.197858e-05 0.0015668003 2.7849137e-05 0.00045824153 0.02591619 0.0006868384 1.1201758e-05 0.004568753 2.2431746e-05 0.00586508 0.00017193236 0.014635311 0.00010450576 0.0002094608 5.959336e-07 0.00011600665 0.00015741812 9.220574e-06 0.032517143 4.6578523e-05 5.6892804e-07 1.4660861e-05
0.9583152 0.9137365 0.9402731 0.2175652 0.860692 3.791842e-14 0.3419694 0.027417434 0.008404393 0.048860885 0.015968986 0.03488292 0.033068087 0.016330685 0.055796385 0.10035271 0.061766636 0.09709044 0.0053930697 0.8591289 0.76310617 0.71857 0.0010533581 0.02111363 0.0005100403 0.028204529 0.04493189 0.15296595 0.33301726 0.008753954 0.009262067 0.0043001836 0.006487182 0.035792273 0.019912643 0.010938818 0.04430502 0.0007627721 0.016829973 0.29730308 0.00078317756 0.007783073 0.00051256956 4.7404254e-05 0.00021194501 0.0002622308 0.005521384 0.0010336218 0.0006539092 0.0024493132 0.018844722 0.0031181914 0.000115623625 0.00044440452 0.0004914875 0.0018445466 0.16081357 0.055117562 0.00019518902 0.010806269 0.0027486668 2.8290182e-05 0.048787296 9.838533e-05 0.011810233 0.00015047581 0.00026984038 2.806273e-06 0.02069569 0.0012739624 3.5696087e-06 0.103798024 0.03168895 0.004429087 0.0009841602 0.0013709808 9.171029e-05 5.6928362e-05 7.5742573e-06 6.818053e-05 0.00076509186 2.9555627e-05 0.00018479316 0.0015841691 3.4212782e-05 4.732852e-06 0.004830457 6.609224e-05 0.0002757733 0.0001692891 0.00029100198 0.00033745138 1.81242e-05 1.8994271e-05 0.00022730228 1.4910537e-05 1.0156308e-05 0.013118797 0.00047764482 1.1401096e-06 0.00012665534
0.38279167 0.96582484 0.58820623 0.8002335 0.43836945 0.3419694 8.050163e-17 0.022659548 0.020350099 0.39956582 0.011426795 0.0069042477 0.6076831 0.107217886 0.80247545 0.8806982 0.63181305 0.0051601017 0.0093370965 0.17752984 0.17277913 0.115691 0.0012178839 0.0027173369 0.00035961857 0.35335147 0.01384413 0.017740594 0.009146612 0.00083993486 0.16567023 0.0006875003 0.09301141 0.2690805 0.00045725735 0.00024179663 0.14759691 1.6103757e-05 0.001982823 0.03477862 0.00014919192 0.0006761152 0.0041953735 4.0824005e-05 5.4551296e-05 5.9202623e-05 0.002967211 0.0003319907 0.00032256235 0.00010039807 0.099380724 0.00023655136 9.548059e-06 3.846826e-05 0.00014100416 0.004581697 0.0035664446 0.0028971024 1.1527059e-05 0.0010467628 0.039859977 1.0815159e-05 0.0012701605 2.8867089e-05 0.1016943 5.902242e-06 1.05694435e-05 3.2848354e-06 0.00093738956 0.00052624877 4.2962682e-07 0.0030941158 0.0014581041 0.020668147 2.2597033e-05 0.010528841 0.00013507732 6.0309144e-06 1.9078361e-05 2.160321e-06 3.7114678e-05 5.254975e-05 0.00024024902 0.00022199492 3.2548494e-06 2.114312e-06 0.000744273 5.044321e-06 6.185677e-05 1.7759177e-05 5.8169877e-05 0.002894185 9.917046e-06 1.5789217e-06 0.0009716626 5.4332995e-06 2.2827321e-07 0.00022331503 0.001243192 1.8341181e-07 1.0618424e-05
0.697976 0.019336421 0.4141 0.4382008 0.010983705 0.027417434 0.022659548 7.984161e-18 0.95378065 0.55212903 0.9712652 0.7873463 0.20273703 0.37467068 0.093824975 0.0052355737 0.0015232153 0.0001125756 0.6254385 0.027002778 0.061945777 0.014172645 0.3761725 0.00012730612 0.33586264 0.009892148 0.0011054542 0.26598534 0.0008382185 2.347668e-05 0.05320941 8.047813e-06 0.018327115 0.004676897 2.7643946e-06 6.4977994e-06 0.0020609004 8.859038e-08 0.14904949 0.024465801 1.6118129e-06 0.12735695 0.37440422 0.059237856 0.017569661 0.008344785 0.0002734107 1.3395107e-05 4.0281877e-05 0.044941314 0.0012992123 0.042407464 1.13251026e-07 0.005684658 0.005086118 0.00015168783 0.0056707445 0.02929476 3.1780064e-07 0.05329615 0.00020256496 0.003838597 0.0013014079 0.001889392 0.012727717 2.0702691e-07 8.372553e-06 0.0004117988 3.619809e-05 0.00020121892 0.00018353826 0.013846455 0.010211158 0.004488389 4.4768205e-07 2.9350298e-05 2.569567e-05 1.8173292e-06 0.022531526 3.7231719e-06 9.908902e-07 0.004219341 7.2233e-06 3.6044912e-06 3.2043358e-06 3.0059735e-07 0.024676867 1.8570086e-06 1.1931955e-07 2.3983466e-06 1.9112105e-07 0.0049565234 5.7530976e-08 0.00070920447 7.20423e-06 3.4000283e-07 2.0163318e-07 0.0005554901 5.141499e-05 2.5835605e-05 6.256103e-05
0.76094335 0.011517104 0.16710167 0.60553104 0.0015224065 0.008404393 0.020350099 0.95378065 2.9697608e-16 0.8232195 0.7854895 0.6346386 0.2672298 0.6709609 0.07205615 0.0027925575 0.0012423623 6.21454e-06 0.89605963 0.012837646 0.034045577 0.006532629 0.6025562 5.902101e-06 0.58914536 0.012917096 8.90075e-05 0.14097993 0.00022002506 3.859733e-06 0.05848938 9.4848065e-07 0.021807965 0.005473053 1.9776428e-06 1.6574389e-06 0.0059513147 7.345059e-08 0.14892945 0.010959413 5.6508344e-07 0.1936475 0.4711726 0.073667005 0.016358135 0.020850327 8.922916e-05 3.9291226e-05 1.1662246e-05 0.042538043 0.0033521128 0.049214236 1.2823565e-07 0.00653491 0.005456467 0.00026951838 0.0012979753 0.021163747 6.618571e-07 0.035967954 0.0006399013 0.009319901 0.00038076154 0.0015447845 0.015589055 6.45065e-07 2.5755567e-06 0.0002825121 3.254969e-05 0.00033107697 0.0004549175 0.004278717 0.002596915 0.023827171 3.1635416e-06 5.452389e-05 2.204946e-05 2.9640237e-06 0.046180647 2.6733453e-06 2.4010722e-06 0.0036156324 2.482002e-05 7.748782e-06 4.677617e-07 9.621931e-07 0.01688729 2.607008e-06 8.6241025e-06 2.0690157e-05 7.588935e-06 0.01178048 2.5478091e-06 0.004259746 4.2206207e-06 7.201063e-06 1.383417e-07 9.788875e-05 1.6741376e-05 3.7012524e-05 0.00021397819
0.47343597 0.11570769 0.4019946 0.9264678 0.018652307 0.048860885 0.39956582 0.55212903 0.8232195 1.5127886e-17 0.34414494 0.2550903 0.812784 0.9534223 0.59129715 0.07064322 0.021224448 5.3294178e-05 0.64063203 0.04496774 0.065081865 0.022806825 0.1140335 2.8868055e-05 0.06713781 0.08292622 0.0006158104 0.07445972 0.00035487037 1.6071263e-05 0.22355005 2.4365795e-06 0.14181699 0.07300906 1.2520978e-05 4.176807e-06 0.013284707 1.08060654e-07 0.030356552 0.012209779 5.470049e-07 0.025951982 0.32082006 0.0020382914 0.0010232101 0.0007125114 0.0001844384 3.9762363e-06 2.9332701e-05 0.0040003755 0.036435395 0.004427957 1.5506545e-07 0.001055182 0.0015959302 0.00030412723 0.00048384696 0.0036548993 3.7310162e-08 0.003587475 0.0040068473 0.0006262738 0.00027337187 0.00037937402 0.06726362 5.035585e-07 8.7764306e-07 1.3333268e-05 6.50159e-05 0.000119434386 1.9557092e-05 0.0014572527 0.00076818303 0.027296606 1.2214082e-06 0.0021905378 1.3426543e-05 9.3224725e-07 0.0047188206 4.0162367e-06 3.1372142e-06 0.00025613428 7.1872387e-06 1.0993606e-05 3.6003323e-07 9.4962377e-07 0.0022399994 2.5142867e-06 1.0092467e-05 4.6893574e-06 4.5209865e-07 0.012149768 8.7479106e-07 0.0006413056 4.0972573e-05 4.90326e-07 2.3067521e-07 7.869566e-05 0.00017341656 1.8677806e-06 3.6151203e-05
0.74007785 0.014084095 0.22696604 0.25464767 0.004395688 0.015968986 0.011426795 0.9712652 0.7854895 0.34414494 6.840635e-18 0.9820051 0.10391615 0.28644156 0.039445456 0.0013557724 0.0006888211 2.3191642e-05 0.5627692 0.027600564 0.070236035 0.012561728 0.2986323 1.2341363e-05 0.29829663 0.0035792203 0.00028523337 0.49485368 0.00052170176 5.356303e-06 0.02319218 9.865207e-07 0.007942775 0.00067552546 3.089557e-06 2.7696672e-06 0.0003245201 1.3333247e-08 0.3641548 0.02751299 6.063755e-07 0.29852393 0.39713827 0.06921273 0.03438037 0.015427455 6.3172076e-05 2.2244758e-06 5.9717645e-06 0.10670077 0.00029980534 0.08218187 3.8861675e-08 0.0123342145 0.008497608 1.6742832e-05 0.007510421 0.071236014 1.3815449e-07 0.10870436 8.631355e-05 0.0030955472 0.0016545767 0.0022902794 0.0048610866 8.257768e-08 2.3164355e-06 0.0006369873 8.646316e-05 2.1180891e-05 0.00047252982 0.022209095 0.0190702 0.0023284133 1.796728e-07 1.6049604e-05 1.2742351e-05 4.758516e-07 0.016973123 4.6051937e-07 4.6872665e-07 0.0040157605 4.4297917e-06 1.9562117e-06 5.2126035e-07 6.1986235e-08 0.039609555 2.6214414e-07 1.14268325e-07 1.7260215e-06 4.1659348e-08 0.0035488694 3.493073e-08 0.00059774716 3.6364338e-07 2.7771176e-08 2.256859e-08 0.00023288908 2.7506763e-05 2.4559746e-05 8.60453e-05
0.932815 0.014843331 0.3631482 0.19286367 0.0053482563 0.03488292 0.0069042477 0.7873463 0.6346386 0.2550903 0.9820051 1.6405066e-18 0.060187012 0.16646129 0.019898772 0.0010201685 0.00028468634 1.8826731e-05 0.46322387 0.08357153 0.19761457 0.027283475 0.22027142 7.3943907e-06 0.20629123 0.0025682063 0.000168687 0.8175123 0.0015148154 7.871438e-06 0.014683229 5.911111e-07 0.0057600187 0.00037982585 5.396542e-06 3.3303904e-06 0.00095527055 7.1739903e-09 0.685744 0.072281435 2.5600735e-07 0.5060426 0.31549034 0.024853202 0.016802143 0.01060318 0.00010948789 7.832679e-06 8.4699295e-06 0.1256838 0.0003141846 0.120931596 8.580907e-08 0.01507772 0.0038418288 1.4804014e-05 0.01696677 0.19937553 1.6393005e-07 0.23392862 0.00010602764 0.0021688498 0.0036444853 0.00076332036 0.0035655876 1.7495253e-07 3.1023533e-06 0.00020738506 0.0010905964 9.8766075e-05 0.00015601235 0.03805834 0.03823133 0.002446492 3.8911168e-07 2.282053e-05 1.3668749e-05 6.7672954e-06 0.0047032842 3.0409008e-06 2.5331683e-06 0.0015658938 6.398628e-06 1.5019015e-05 5.9772337e-06 4.7460932e-07 0.039641175 1.4021393e-06 5.4020416e-06 1.0783614e-05 1.592541e-06 0.0019225173 8.713099e-07 0.00022678438 3.5271537e-06 6.4750384e-07 3.1393733e-07 0.000685715 2.0115955e-05 6.231828e-06 5.8299553e-05
0.08028726 0.11024524 0.2468847 0.7817804 0.017844124 0.033068087 0.6076831 0.20273703 0.2672298 0.812784 0.10391615 0.060187012 2.0024359e-19 0.8731383 0.98057646 0.24505387 0.053396158 0.000121494435 0.27691063 0.013933178 0.016383309 0.008328585 0.012664419 1.0995356e-05 0.004555123 0.22911812 0.0011241463 0.016086781 8.1043334e-05 3.7005273e-06 0.4274889 1.2953282e-06 0.2310308 0.15626937 3.5478404e-06 2.9345472e-06 0.009641562 5.3517788e-08 0.0038136225 0.004404009 2.0618202e-07 0.0019657328 0.06439817 0.00020995938 0.00028597887 0.0001550367 7.148421e-05 1.0980335e-06 1.3748838e-05 9.712364e-05 0.05535684 0.0002608575 5.341703e-08 9.891755e-05 0.0008008472 0.00023741332 0.00020510449 0.00047908392 1.5429594e-08 0.00055696076 0.0109214885 0.00011771815 0.000111378715 8.390277e-05 0.100747265 1.0231368e-07 8.146037e-07 2.0016817e-06 3.2930333e-05 2.5356108e-05 1.2291389e-06 0.0003479103 0.0001676751 0.02747131 9.087873e-07 0.00640086 1.664184e-05 3.4773697e-07 0.0004479178 1.5107728e-06 1.3360717e-06 2.8637472e-05 1.0351247e-06 3.127804e-06 1.0268689e-07 7.5533094e-08 0.00039480932 1.4383609e-06 8.844143e-07 3.320605e-07 3.3400073e-07 0.007580863 3.3187084e-07 4.285351e-05 9.465705e-05 1.15794045e-07 3.6372818e-08 5.234672e-05 0.00044329744 5.414825e-07 7.370496e-06
0.10419975 0.024089653 0.11407429 0.57863086 0.0032468063 0.016330685 0.107217886 0.37467068 0.6709609 0.9534223 0.28644156 0.16646129 0.8731383 7.026595e-17 0.58159584 0.02609938 0.0034017784 3.456705e-05 0.92777663 0.010207035 0.017173262 0.00515463 0.35237822 2.316208e-06 0.17315283 0.049819198 0.0003230047 0.039214358 0.00010158154 1.8145239e-06 0.24650693 2.980633e-07 0.099103294 0.02561396 2.1415722e-06 6.5154745e-07 0.0021632756 7.0366454e-08 0.023098083 0.0051626367 7.207968e-08 0.026575401 0.34618458 0.007118853 0.002222169 0.0023459191 6.306379e-05 7.33236e-07 1.5696598e-06 0.004229365 0.010215044 0.002866663 4.22715e-08 0.002058188 0.00369688 3.0451336e-05 0.0005310603 0.0017564057 7.94572e-08 0.0029513857 0.0013636837 0.005242229 3.6857786e-05 0.0009679432 0.053144015 1.9492498e-07 2.1561448e-06 3.1332e-05 7.815263e-06 3.7445785e-05 3.7560378e-05 0.0015160285 0.0006020976 0.025992235 8.971227e-07 0.001500701 2.2674778e-06 3.7208306e-07 0.022817843 6.2799177e-07 1.5856789e-06 0.00070451305 2.8653835e-07 2.7489284e-06 1.7576463e-07 5.4673972e-08 0.0015404945 5.6462017e-07 4.7632378e-07 6.1252473e-07 3.3063122e-07 0.017000306 4.4804423e-07 0.001618393 1.40824e-05 2.6246911e-07 2.4999363e-08 0.000103554135 8.513819e-05 3.914377e-06 2.8751914e-05
0.08384667 0.19480613 0.2760745 0.681722 0.032593083 0.055796385 0.80247545 0.093824975 0.07205615 0.59129715 0.039445456 0.019898772 0.98057646 0.58159584 2.1482522e-18 0.7166008 0.28029394 0.0007387304 0.034920406 0.021275869 0.023120264 0.012911707 0.0021018977 9.9425524e-05 0.0005229488 0.69595957 0.001790502 0.007627354 0.00018396584 1.68773e-05 0.6982736 8.953309e-06 0.52535015 0.5035034 1.0302384e-05 8.0902055e-06 0.036064398 2.0040777e-07 0.0010739366 0.005124872 9.858802e-07 0.0003025861 0.009367279 6.878472e-05 0.00018684861 8.8541776e-05 0.00014586994 5.273301e-06 3.1768155e-05 4.2244326e-05 0.13739446 2.2703289e-05 7.3346015e-08 2.4848085e-05 0.0004037859 0.0012420603 0.00024895967 0.00040036385 6.280489e-08 0.00038889784 0.033965636 5.167562e-05 0.00019565813 8.383999e-05 0.21669221 1.8978406e-07 1.9846805e-06 1.6802037e-06 4.2875585e-05 0.00014753116 4.4192575e-07 0.000448935 0.00022121887 0.049344864 3.7162263e-06 0.01835794 3.673896e-05 6.24495e-07 0.0002796498 1.6409389e-06 3.2366763e-06 2.1428727e-05 3.55955e-06 9.941344e-06 1.4462844e-07 1.9948885e-07 0.00027605405 2.0449509e-06 8.7461757e-07 1.1214472e-06 6.640466e-07 0.009179767 2.6038856e-07 7.756945e-06 0.00059265754 3.0230126e-07 5.7207522e-08 0.00016464679 0.0012347255 2.6266568e-07 1.67671e-05
0.053405043 0.44936937 0.12121165 0.2228773 0.20912838 0.10035271 0.8806982 0.0052355737 0.0027925575 0.07064322 0.0013557724 0.0010201685 0.24505387 0.02609938 0.7166008 3.4296097e-19 0.9928411 0.003880791 0.0003869272 0.030193172 0.014071783 0.017452164 0.00014606552 0.0010363362 3.450082e-05 0.7226261 0.0061003263 0.0014056184 0.0015161363 0.00063658954 0.23516013 0.00012102874 0.091471925 0.62332135 0.00034799727 0.00022736841 0.38125238 6.79465e-06 0.00018394635 0.0038335414 1.7255928e-05 0.000103974904 0.00024879424 9.226221e-06 7.208157e-05 7.617973e-05 0.00087270804 5.6093086e-05 0.00010535967 9.3286935e-06 0.24753271 1.824424e-05 5.9613512e-06 1.7872195e-05 0.00016980829 0.006153959 0.00038091297 0.00024926805 4.512473e-06 0.00016086496 0.07831253 1.9248122e-05 0.00037500943 2.075001e-05 0.107955076 3.0823965e-06 1.8964431e-06 1.1417769e-07 0.00052518386 9.477501e-05 3.149793e-08 0.00022894263 0.00013717308 0.018064056 2.6180538e-05 0.01309599 0.00019674319 6.830601e-07 2.9895423e-06 6.5063534e-07 1.766115e-05 1.9711588e-05 1.977144e-05 0.00016708208 3.0355739e-07 1.1538876e-06 0.00032192745 1.1018593e-06 8.678017e-06 1.6947985e-06 1.4012549e-05 0.0012549952 1.0394733e-06 1.320278e-06 0.0015619436 1.2000295e-06 1.00518065e-07 8.0762955e-05 0.0016979371 2.188528e-07 5.345398e-06
0.22105311 0.298656 0.035203163 0.081765026 0.58202636 0.061766636 0.63181305 0.0015232153 0.0012423623 0.021224448 0.0006888211 0.00028468634 0.053396158 0.0034017784 0.28029394 0.9928411 6.302314e-20 0.16794413 0.00033613786 0.024761826 0.011796534 0.06016549 0.00047897655 0.0966778 2.9822027e-05 0.68143356 0.3754354 0.00024795526 0.007292416 0.029175673 0.050931387 0.013765331 0.012419258 0.54996645 0.012441563 0.012173526 0.92620397 0.0001000912 6.702192e-05 0.0037571986 0.002109222 2.4719722e-05 0.00020249138 1.0664152e-05 4.2004533e-05 9.462744e-05 0.11364297 0.004368051 0.013581451 3.5690198e-06 0.30265385 1.2079182e-05 0.00011190339 6.6780335e-06 9.36037e-05 0.2276915 0.0044715963 0.00032463466 5.748395e-05 0.0001727016 0.08810561 2.1350292e-05 0.0028704272 1.3281071e-05 0.070499785 8.532506e-05 8.230985e-05 1.8908565e-07 0.0057590543 0.003150058 1.02723135e-07 0.00082688965 8.800217e-05 0.008595287 0.00029238817 0.012894541 0.004123533 1.8425353e-05 3.7102946e-08 8.012311e-06 0.0001001227 1.7182672e-05 0.0002251947 0.0019254879 0.000115456256 1.8926796e-06 0.00078446104 1.2818908e-05 0.000119871314 2.9149347e-05 0.00062343373 0.00018307377 1.2300143e-05 1.6336571e-07 0.0010116795 1.5680282e-05 1.6005248e-05 0.0005686331 0.00064574456 1.5797944e-07 2.0633372e-05
0.9504802 0.044138756 0.0034916776 0.00027577067 0.8727955 0.09709044 0.0051601017 0.0001125756 6.21454e-06 5.3294178e-05 2.3191642e-05 1.8826731e-05 0.000121494435 3.456705e-05 0.0007387304 0.003880791 0.16794413 4.169779e-17 3.4838493e-05 0.051716633 0.011131989 0.25718638 9.091554e-06 0.80447245 2.4281128e-06 0.0022868514 0.5327595 0.0014225347 0.6965503 0.93017954 1.7952945e-05 0.7821667 0.00012840485 0.0031827989 0.69014424 0.55939525 0.21884996 0.3476557 0.000463341 0.044925008 0.5643495 0.00063589355 3.7151898e-05 3.702278e-06 5.2675014e-06 1.2445894e-05 0.26024207 0.45640826 0.086964585 4.4648903e-05 0.005696415 0.00021345663 0.15376723 1.6039874e-05 3.1359352e-05 0.03045301 0.16119772 0.0024241137 0.055425927 0.00022379878 0.0031732307 3.7910186e-06 0.34340623 4.3608397e-06 3.6453093e-05 0.0063297665 0.077644415 2.073299e-06 0.3080727 0.026479512 1.0132813e-06 0.03520392 0.0014505321 1.2438952e-05 0.00689194 2.322236e-05 0.0076697073 0.0037045104 1.5910679e-07 0.0022421237 0.0007441286 2.0230452e-06 0.0010903374 0.02038875 0.0019247086 0.00044084192 0.0013279399 0.0004133015 0.002624604 0.00048428343 0.009841176 2.5206577e-05 0.00025388764 8.2026327e-07 0.0003850638 0.00019220597 9.8332064e-05 0.049593758 2.9840176e-05 8.857429e-07 8.073978e-05
0.16316456 0.005404361 0.058116015 0.20365879 0.0005500713 0.0053930697 0.0093370965 0.6254385 0.89605963 0.64063203 0.5627692 0.46322387 0.27691063 0.92777663 0.034920406 0.0003869272 0.00033613786 3.4838493e-05 7.778918e-17 0.0063155154 0.01325105 0.0013576308 0.9504899 1.8506952e-06 0.9041458 0.0013696505 4.763011e-05 0.077727504 3.633938e-05 2.5612326e-06 0.038242076 7.8788315e-07 0.0099900905 0.0008631656 1.2904751e-06 7.2677403e-07 0.0011427324 8.0050775e-08 0.12280966 0.0031056143 1.0313895e-07 0.2035814 0.84791845 0.32708928 0.0451607 0.07545605 2.0374593e-05 1.5665357e-06 1.7952988e-06 0.059741236 0.0023087307 0.041832935 1.2210441e-07 0.012736709 0.013563044 5.934773e-05 0.0010393709 0.0044792425 7.680133e-08 0.015539167 0.00027887107 0.060821958 0.00018815306 0.004092608 0.009969386 5.330261e-07 9.13365e-06 0.00041731363 5.1427687e-05 0.0001183686 0.00033459582 0.002051626 0.0014219194 0.017377766 1.9964618e-06 9.482058e-05 3.4595193e-06 3.6091296e-07 0.11209782 2.9191617e-06 7.648434e-06 0.0028932507 2.043408e-07 1.964621e-06 1.1751041e-06 9.503526e-08 0.009819641 1.6261394e-06 3.9677792e-07 1.4294559e-06 7.9387786e-07 0.017385026 2.4372451e-07 0.004858668 2.9394544e-06 1.5439346e-07 7.4894274e-08 0.00046543422 3.4306846e-05 4.9854985e-05 0.00016659808
0.7499299 0.48186353 0.5505446 0.1451918 0.49294326 0.8591289 0.17752984 0.027002778 0.012837646 0.04496774 0.027600564 0.08357153 0.013933178 0.010207035 0.021275869 0.030193172 0.024761826 0.051716633 0.0063155154 7.2811757e-19 0.94588214 0.9400061 0.001009088 0.008974321 0.0002785367 0.0031622162 0.014532426 0.3320071 0.22797056 0.008237936 0.0017711929 0.0025085176 0.00071287947 0.0035543754 0.0074486528 0.009320896 0.0066808914 0.00082067424 0.012533494 0.77546996 0.0005500136 0.0048999838 0.00023689608 1.9998051e-05 0.00032263403 0.000115024006 0.002589567 5.234298e-05 0.00014357119 0.0015619636 0.0015746969 0.0008693143 0.00014959197 0.00034542792 0.00081377453 0.0004786873 0.18070832 0.05796807 5.043179e-05 0.010079435 0.00022168031 1.964359e-06 0.034968972 0.0005023874 0.0012837632 0.0001348675 4.1013227e-05 4.768187e-07 0.0094578685 0.00014569657 2.4677064e-07 0.13108957 0.04210891 0.00012840643 0.00033456038 0.000108639986 1.4360865e-05 4.602838e-06 1.5180858e-05 1.0254196e-05 0.00017734307 9.2628915e-07 8.117944e-06 0.0007371167 7.707084e-06 4.1515125e-07 0.009468478 2.6452176e-06 1.847816e-05 1.3811525e-05 1.9711833e-05 0.00032257987 7.101746e-07 6.7976575e-06 3.519102e-05 2.5074516e-07 4.2460002e-07 0.009812953 0.0001361713 2.7994182e-07 1.12266225e-05
0.9512188 0.4985112 0.6878368 0.21474896 0.32798684 0.76310617 0.17277913 0.061945777 0.034045577 0.065081865 0.070236035 0.19761457 0.016383309 0.017173262 0.023120264 0.014071783 0.011796534 0.011131989 0.01325105 0.94588214 3.2998739e-18 0.5742763 0.001988906 0.00093680236 0.0012040023 0.0024930194 0.001551531 0.8159956 0.08191857 0.0012172355 0.0016599566 0.00019814035 0.0010586639 0.0017860006 0.0025397069 0.0016435656 0.0011192644 3.626574e-05 0.097750805 0.8184298 7.4786185e-05 0.011628219 0.0010505156 4.3089804e-05 0.001618576 0.00029680517 0.00047373975 5.7741807e-05 7.5890115e-05 0.0031638874 0.0005463497 0.002884022 1.7852472e-05 0.000803501 0.0014577489 0.00025467528 0.15279992 0.19042015 9.122603e-06 0.015091544 0.00020696956 8.938353e-06 0.016802624 0.0013228687 0.0016212395 2.9617648e-05 3.303848e-05 2.08854e-06 0.002906161 0.00017531907 6.7690735e-07 0.27096286 0.08427522 6.469242e-05 0.00019216254 0.000106299194 2.7344708e-05 7.702205e-06 8.927967e-06 1.614372e-05 3.074445e-05 5.5988763e-05 2.9653285e-05 0.0001526226 1.5363856e-06 2.9808218e-06 0.013960265 1.1397774e-05 7.12061e-06 5.9814967e-05 2.2672118e-06 0.00033679517 2.8182546e-07 9.16764e-06 1.8458295e-05 7.135576e-07 1.90481e-06 0.007294311 8.8625246e-05 1.0699669e-06 6.825881e-05
0.9206333 0.38689557 0.24165073 0.1030546 0.5905461 0.71857 0.115691 0.014172645 0.006532629 0.022806825 0.012561728 0.027283475 0.008328585 0.00515463 0.012911707 0.017452164 0.06016549 0.25718638 0.0013576308 0.9400061 0.5742763 5.032091e-18 0.00018163695 0.053290486 0.00012026302 0.0026466423 0.052082453 0.13254726 0.9142401 0.024683043 0.00082565483 0.010281254 0.00029273413 0.0027027202 0.033043634 0.03639589 0.035429563 0.007511442 0.008186539 0.85029495 0.004467293 0.0040071397 0.00017832246 1.1956378e-05 0.000102271304 5.4773842e-05 0.007541513 0.0012393253 0.0005609534 0.000847289 0.0025446054 0.00082899584 0.0020761017 0.0002572437 0.0003271084 0.001121833 0.5645423 0.056071006 0.00039067995 0.013089247 0.0002514009 3.2476994e-06 0.2545195 0.00018736966 0.0016593782 0.000904859 0.00056808046 8.8635844e-08 0.06143204 0.00055715203 2.376574e-07 0.19180791 0.05317026 8.088151e-05 0.0018272197 0.00010375798 0.00012314199 4.9985614e-05 9.535069e-07 6.0638075e-05 0.0005693968 2.5043235e-07 6.879686e-05 0.0063625877 5.9535258e-05 1.9073268e-05 0.010042724 2.5241387e-05 0.0009932568 0.00043490346 0.0028075434 6.45545e-05 8.1423015e-05 2.4408753e-06 4.3336404e-05 1.6912665e-05 2.8012957e-05 0.06557704 0.00013146417 3.6969413e-07 1.4860029e-05
0.043893836 0.0015237529 0.011754798 0.016024776 0.00015515016 0.0010533581 0.0012178839 0.3761725 0.6025562 0.1140335 0.2986323 0.22027142 0.012664419 0.35237822 0.0021018977 0.00014606552 0.00047897655 9.091554e-06 0.9504899 0.001009088 0.001988906 0.00018163695 3.087494e-18 3.3886713e-06 0.9878186 0.00042997874 6.5287735e-05 0.029376555 7.3506935e-06 9.425129e-06 0.0029710592 4.879197e-06 0.001642494 0.00015085256 5.295698e-06 4.0897166e-06 0.000288099 4.4287248e-07 0.05936442 0.0011308742 8.3950556e-07 0.1523101 0.65269244 0.53900456 0.1144746 0.19425367 4.456004e-05 2.5638952e-05 7.4377876e-06 0.04807233 0.00020697847 0.0449199 8.3394855e-07 0.022250084 0.024138315 1.0770222e-05 0.0008518017 0.002703977 1.8914156e-07 0.010385485 6.8126334e-05 0.108595304 0.00033475572 0.00500499 0.0003628392 1.08979e-06 1.4701927e-05 0.001842378 0.00023042315 6.515214e-05 0.0022742131 0.0011210421 0.00036145255 0.0015585471 3.3458941e-06 5.6738627e-06 2.8988902e-06 1.0091364e-06 0.075444415 5.2242367e-06 4.2995043e-06 0.0065508676 1.9707704e-06 1.0661224e-05 4.5014974e-07 7.809821e-07 0.009180551 1.281196e-06 7.453768e-07 1.5304572e-06 6.1030613e-07 0.0048781186 8.536452e-07 0.0062053967 7.120756e-07 1.3955871e-07 4.6183455e-08 0.00010545507 1.3649366e-05 0.00014351643 0.0009171287
0.4007385 0.018021539 0.002139129 0.0002639057 0.4749127 0.02111363 0.0027173369 0.00012730612 5.902101e-06 2.8868055e-05 1.2341363e-05 7.3943907e-06 1.0995356e-05 2.316208e-06 9.9425524e-05 0.0010363362 0.0966778 0.80447245 1.8506952e-06 0.008974321 0.00093680236 0.053290486 3.3886713e-06 6.7275675e-19 3.7795334e-07 0.0011684891 0.9905668 0.00046174394 0.12889895 0.3550618 6.473331e-06 0.9389561 9.744608e-06 0.0012820505 0.1615373 0.12390303 0.36983645 0.08199877 9.122616e-05 0.008022821 0.20871373 0.00012211275 2.8496092e-06 1.7921222e-06 4.6117398e-06 5.5635846e-06 0.26569417 0.5020965 0.13551429 4.508524e-06 0.008093483 6.593661e-05 0.014704242 1.629477e-06 1.0988659e-05 0.03052533 0.018312111 0.0005479814 0.0146688195 0.00020725459 0.0030195897 8.4820573e-07 0.05319978 1.8994949e-06 7.498046e-06 0.005605095 0.04844505 1.912982e-06 0.10007622 0.06975201 4.989203e-07 0.0033042051 0.0004002508 8.697601e-07 0.003418035 1.6564957e-06 0.008874522 0.0008270059 1.3319351e-07 0.0022389432 0.0012420112 3.0087826e-06 0.0012397999 0.008975096 0.0018342409 0.000114735325 0.0013103598 0.00010148277 0.002648215 0.00018025609 0.0029944587 1.6503096e-06 0.0001552539 1.704962e-07 0.00031020842 0.00024127973 0.00014337894 0.00253284 1.4355044e-05 2.0557768e-07 3.4325676e-06
0.038713668 0.0006888483 0.0055141537 0.00588643 3.3245753e-05 0.0005100403 0.00035961857 0.33586264 0.58914536 0.06713781 0.29829663 0.20629123 0.004555123 0.17315283 0.0005229488 3.450082e-05 2.9822027e-05 2.4281128e-06 0.9041458 0.0002785367 0.0012040023 0.00012026302 0.9878186 3.7795334e-07 9.21766e-18 0.00017414993 9.460421e-06 0.03787379 6.107705e-06 2.6266982e-06 0.00075619336 1.6863406e-06 0.00018158309 1.0647883e-05 1.7609306e-06 1.9592364e-06 8.306894e-05 3.7480703e-08 0.10422175 0.00038520573 1.8691321e-07 0.23330815 0.8461377 0.8146461 0.16681364 0.26824003 8.587802e-06 1.7976735e-06 2.29266e-06 0.10870989 2.6985514e-05 0.082346365 1.949878e-07 0.055228706 0.05356856 1.0412976e-05 0.00043258182 0.0020923358 1.2505143e-07 0.008863911 1.3035089e-05 0.1275065 0.0001600437 0.012716937 7.470663e-05 4.1746628e-07 8.061086e-06 0.0038510954 4.469628e-05 0.00011388425 0.0023438504 0.006963557 0.00078776 0.0004111944 1.960098e-06 2.1823141e-06 3.4975494e-06 1.6322191e-06 0.08010328 2.2520326e-06 9.212176e-07 0.012780994 3.9940886e-07 3.4960124e-06 4.2503448e-08 8.777933e-08 0.010257289 1.227396e-06 9.8624454e-08 8.1963697e-07 3.633546e-07 0.003570721 7.905163e-08 0.0059511242 1.1394312e-06 4.422341e-08 2.2231841e-08 0.0011353903 1.1918252e-05 0.000111673435 0.0019941386
0.012967732 0.10339954 0.073663 0.15849403 0.033802167 0.028204529 0.35335147 0.009892148 0.012917096 0.08292622 0.0035792203 0.0025682063 0.22911812 0.049819198 0.69595957 0.7226261 0.68143356 0.0022868514 0.0013696505 0.0031622162 0.0024930194 0.0026466423 0.00042997874 0.0011684891 0.00017414993 1.5733796e-19 0.004157523 0.0009786831 0.0004334371 0.0002948447 0.5632556 0.0001267878 0.5677589 0.98082286 0.00021126693 8.6445434e-05 0.3376833 1.9077543e-05 0.00018843841 0.0010574667 1.1799593e-05 0.00013816643 0.0011580356 7.258307e-05 0.00018379661 0.00013095676 0.00010291037 2.698454e-05 2.7254237e-05 1.1487212e-05 0.33075052 9.729347e-05 7.083535e-06 3.0052799e-05 0.0004413778 0.002923883 0.00012416701 0.00026116215 4.0782234e-06 0.00044528337 0.09593113 2.0471569e-05 0.00032948126 5.698637e-05 0.14098126 1.2222256e-05 4.3675946e-06 3.1227307e-06 0.00028766657 9.5467076e-05 2.718083e-07 0.0001358947 6.769462e-05 0.037470415 5.542526e-05 0.013564534 0.00015475617 1.8729962e-06 4.5782735e-06 3.2616356e-06 5.8299895e-05 2.1055963e-05 2.8673217e-05 5.102003e-05 3.1400592e-07 1.66965e-06 0.00030891094 9.463209e-06 6.957366e-06 4.1468925e-06 3.8366643e-06 0.0022297762 3.2216142e-06 1.6959852e-06 0.00068078114 5.2516634e-07 2.6449212e-07 9.0430374e-05 0.0008091549 3.799495e-06 7.683317e-05
0.33132207 0.052127708 0.014541299 0.002266927 0.38430828 0.04493189 0.01384413 0.0011054542 8.90075e-05 0.0006158104 0.00028523337 0.000168687 0.0011241463 0.0003230047 0.001790502 0.0061003263 0.3754354 0.5327595 4.763011e-05 0.014532426 0.001551531 0.052082453 6.5287735e-05 0.9905668 9.460421e-06 0.004157523 1.2535677e-16 0.00049113634 0.0780063 0.22600487 0.00018076359 0.72165555 0.00035937855 0.012409474 0.062325723 0.03712698 0.6442565 0.016584542 0.00023246901 0.008101769 0.1383298 0.00010759222 1.4701127e-05 1.6839904e-05 3.9513267e-05 4.506725e-05 0.8032152 0.8669147 0.53711486 3.6073885e-05 0.040048007 5.2963464e-05 0.0077625066 5.5545506e-06 0.00013863645 0.15965255 0.013032306 0.00091434596 0.008514416 0.00038558026 0.017092865 2.0769414e-05 0.017988965 5.3024367e-05 0.00013327757 0.0046919836 0.06315299 7.2486873e-06 0.03436225 0.1670259 1.6427819e-06 0.006342202 0.0016860215 1.1147535e-05 0.0025407898 7.607424e-05 0.027882515 0.00088976364 4.3712777e-08 0.003220349 0.0009350213 9.003763e-05 0.0016473082 0.0062414524 0.004378933 0.00016367958 0.0018977822 0.0002613216 0.00079193426 0.00016782388 0.0013866058 5.108686e-06 0.00014036859 4.329062e-08 0.00071643916 5.5636672e-05 0.00049945567 0.006385243 3.863514e-05 1.7862918e-06 1.9854087e-05
0.88535124 0.066700175 0.24306117 0.09872275 0.04095774 0.15296595 0.017740594 0.26598534 0.14097993 0.07445972 0.49485368 0.8175123 0.016086781 0.039214358 0.007627354 0.0014056184 0.00024795526 0.0014225347 0.077727504 0.3320071 0.8159956 0.13254726 0.029376555 0.00046174394 0.03787379 0.0009786831 0.00049113634 3.7750492e-18 0.042177677 0.0003182351 0.0019819806 3.3028366e-05 0.0007799762 0.00023330544 0.00082842365 0.0012790126 0.00035491824 4.285163e-05 0.95864284 0.65733093 1.7558721e-05 0.47474453 0.011164756 0.0041174693 0.02635632 0.0047559985 0.00018787675 0.0001543161 1.775994e-05 0.14087585 0.0001068141 0.01753941 1.5292017e-05 0.011455443 0.0075537893 0.0002469139 0.13525222 0.79239094 1.1258246e-06 0.5254646 3.8588816e-05 0.00011955243 0.03036972 0.005417832 0.0011724215 7.5676435e-06 1.0062607e-05 0.00016481584 0.00261078 0.00040864613 4.68771e-05 0.24774705 0.21088208 0.0004394864 0.00018470715 0.0001423936 1.6827093e-05 4.8302836e-06 0.00020366523 1.3877215e-06 3.7911363e-05 0.0013714163 4.083999e-06 0.00017799812 2.9038443e-07 1.5977879e-06 0.033968113 6.06926e-06 1.3201415e-05 1.4410885e-05 1.7307184e-05 0.00020694725 1.5526382e-06 6.968506e-05 2.2305014e-05 4.935914e-07 8.593269e-07 0.027841453 4.2136773e-05 1.0738254e-05 0.0001617179
0.9451716 0.056532416 0.030905336 0.0033288824 0.56683326 0.33301726 0.009146612 0.0008382185 0.00022002506 0.00035487037 0.00052170176 0.0015148154 8.1043334e-05 0.00010158154 0.00018396584 0.0015161363 0.007292416 0.6965503 3.633938e-05 0.22797056 0.08191857 0.9142401 7.3506935e-06 0.12889895 6.107705e-06 0.0004334371 0.0780063 0.042177677 1.03967866e-19 0.16022338 3.209644e-05 0.043534275 1.6152482e-05 0.00016909078 0.32387266 0.53665626 0.018948361 0.39716876 0.0039806943 0.56430703 0.025840845 0.0008848907 5.8276955e-06 2.6316565e-07 6.728748e-06 5.1813197e-07 0.037739422 0.013295943 0.0025839831 4.9031056e-05 0.00012748971 5.5438315e-05 0.054963242 8.499034e-06 1.2731892e-05 0.0011303221 0.79091024 0.023156442 0.006905934 0.0043043783 3.986965e-05 1.9250663e-08 0.90320426 5.5772157e-06 1.9355068e-05 0.011362855 0.0046465793 2.5068154e-09 0.69061214 0.0016182328 3.6259615e-09 0.2989125 0.033824563 4.838601e-06 0.074911326 1.0992159e-05 0.00016012079 0.00045457165 4.062397e-08 0.00014381648 0.013492367 5.598654e-08 0.0011378638 0.11251655 0.00044860117 0.00041073724 0.003912788 3.955957e-05 0.010141211 0.0036940149 0.026338663 4.6337254e-06 0.0013464101 5.243681e-07 5.4965883e-05 0.00010956017 3.4580105e-05 0.32479686 7.548924e-06 8.088663e-08 2.6551859e-06
0.4637641 0.0033856155 0.0008090195 4.2761734e-05 0.17501128 0.008753954 0.00083993486 2.347668e-05 3.859733e-06 1.6071263e-05 5.356303e-06 7.871438e-06 3.7005273e-06 1.8145239e-06 1.68773e-05 0.00063658954 0.029175673 0.93017954 2.5612326e-06 0.008237936 0.0012172355 0.024683043 9.425129e-06 0.3550618 2.6266982e-06 0.0002948447 0.22600487 0.0003182351 0.16022338 9.313156e-19 5.5751475e-06 0.9102772 2.9799182e-06 0.00018817408 0.77018356 0.5792769 0.10499106 0.43049014 0.00017806687 0.0033146413 0.96181625 0.00016194877 1.1073361e-06 1.1518844e-06 5.6178555e-06 6.7846105e-07 0.18420641 0.57686526 0.07058386 7.976827e-06 0.00093395903 1.6849623e-05 0.27925494 1.5603034e-06 4.6505397e-06 0.0045190905 0.01237579 0.0005325348 0.14507765 0.00019684584 0.00030502622 1.4002392e-06 0.05405898 1.2601005e-06 1.6722675e-05 0.04693926 0.34897116 2.3689891e-07 0.16442245 0.06957613 1.6661768e-07 0.002182872 0.00015466662 3.796098e-06 0.014903459 5.8294245e-06 0.0030687288 0.05481317 8.2750006e-08 0.023156675 0.007070823 1.2901442e-06 0.0089964 0.027569888 0.01152524 0.0023093165 0.00035301218 0.005986482 0.013032269 0.0018265446 0.016168151 7.249503e-06 0.0028703066 4.1501303e-07 2.8621664e-05 0.0014835715 0.00056069426 0.0038762188 1.272694e-05 9.4971614e-07 1.5152278e-05
0.010512152 0.051038127 0.08486979 0.28189558 0.005797151 0.009262067 0.16567023 0.05320941 0.05848938 0.22355005 0.02319218 0.014683229 0.4274889 0.24650693 0.6982736 0.23516013 0.050931387 1.7952945e-05 0.038242076 0.0017711929 0.0016599566 0.00082565483 0.0029710592 6.473331e-06 0.00075619336 0.5632556 0.00018076359 0.0019819806 3.209644e-05 5.5751475e-06 3.3256644e-19 1.3714573e-06 0.984464 0.48590907 6.0611105e-06 5.813704e-07 0.0049535492 3.4292023e-07 0.0005122871 0.0007484012 1.2348366e-07 0.00024392443 0.017871942 0.00023266998 0.0001909734 0.00045508324 3.473689e-06 1.6688302e-06 3.5760995e-06 3.667598e-05 0.041062582 0.00016809811 5.626861e-07 5.8026984e-05 0.00038302815 4.5852936e-05 0.000104206396 0.0003091942 1.0249187e-06 0.00045926461 0.0073014484 0.00023762764 5.6051376e-05 2.5800544e-05 0.071496375 6.444107e-07 1.5399913e-06 6.6451757e-06 2.2479095e-05 1.7520902e-05 3.8601274e-06 0.00023571723 0.0001775546 0.044821963 1.7944234e-05 0.0052249418 1.2920458e-05 5.9411377e-07 0.00026977167 5.6910284e-07 7.368324e-06 8.402906e-05 1.1351882e-06 1.8820098e-06 8.688994e-09 2.7000678e-07 0.00026756382 1.2958594e-06 1.8211533e-06 1.1167822e-06 2.85473e-07 0.010060996 3.961563e-07 8.9840614e-05 8.931123e-05 1.4096214e-07 3.5721301e-09 4.2029413e-05 0.00022363813 2.1072806e-06 1.9119088e-05
