1.1049924e-22 0.0018122906 0.011506077 0.0005612579 0.0052681924 0.7836571 0.0059076175 0.003263976 0.0017125579 0.053498954 0.7968095 0.05148964 1.4096779e-05 0.9293506 0.9525637 0.50471824 0.019325472 0.406658 0.00020173985 0.9281642 0.9705543 0.92727214 0.86728114 0.9197109 0.5089883 0.12431784 0.906794 0.34393203 0.040461075 0.71213543 0.8733584 0.8786098 0.015147014 0.9005614 0.9558579 0.43116936 0.9580636 0.84630626 0.0003065827 0.8649184 0.8066411 0.92151207 0.89641964 0.44452804 0.7589993 0.82425135 0.5961661 0.122805126 0.0004055434 0.7812931 0.009681418 0.85282224 0.85555285 0.9079371 0.5723417 0.58040553 0.010827777 0.24323528 0.86635464 0.9413151 0.8102119 0.00024197725 0.9766595 0.03372208 0.78711945 5.3828235e-06 0.0033779237 0.28678802 0.48632675 0.46709806 0.81430507 0.51611 0.16801807 0.94888157 0.9837414 0.826753 0.03674527 0.04978168 0.94544756 0.028123869 0.24549219 0.7032077 0.07014071 0.99596894 0.27509436 0.9568723 0.8947915 0.9602134 0.9867148 0.9829511 0.97083837 0.99996185 0.9990216 0.9871992 0.9996914 0.91611063 0.009479338 0.8141551 0.99890345 2.9713976e-07 0.22192432
0.0018122906 1.3331953e-15 0.8897155 0.98939556 0.48797435 0.88931566 0.19378412 0.7090533 0.0075900974 0.0074953157 0.041555442 0.016078077 8.6334956e-05 0.0017291975 0.1593032 0.00020862847 1.48550125e-05 4.788183e-05 7.561789e-05 0.05749583 0.004234878 0.0010051846 0.050273232 0.014027232 1.4833113e-05 5.56151e-06 9.242897e-05 1.3793517e-05 0.00023865279 8.887641e-06 0.0017813968 0.0009678947 1.4882174e-06 0.00035733622 0.0056837033 6.8167305e-06 0.00044403473 0.0004313573 3.3411605e-05 0.00010982232 1.9265532e-05 4.1206982e-05 4.0702503e-06 7.731601e-05 5.509609e-05 6.0108323e-05 9.634382e-05 4.823087e-05 7.742334e-06 0.000107462496 3.3391618e-06 7.184484e-06 1.3054758e-05 6.713163e-05 2.3125518e-05 1.8120717e-06 2.3781906e-05 5.8400133e-06 0.0030186654 8.556508e-06 0.00014096072 4.22493e-06 0.00022054942 2.1995852e-06 3.241925e-06 1.8442237e-06 2.7670504e-08 4.3378773e-06 3.019041e-06 1.18439675e-05 0.00015042287 7.971847e-06 1.3267696e-06 1.2940434e-05 7.5444217e-07 1.8800787e-05 4.0624727e-07 2.1882536e-06 3.0188672e-05 0.00017579405 2.4325269e-05 3.7476666e-06 2.5736071e-08 0.00021641029 7.910514e-07 2.367128e-05 0.00063136965 1.531921e-05 2.4694133e-05 9.80711e-06 7.931015e-05 0.0010949792 2.0325288e-06 0.00015319831 0.00011743154 3.6213296e-06 8.372671e-08 1.0819285e-07 0.0002499138 8.5307754e-08 4.3409955e-07
0.011506077 0.8897155 2.7879891e-14 0.921538 0.9500991 0.9330209 0.9033984 0.37874502 0.008363361 0.0026210758 0.04148056 0.059079025 4.1059444e-05 0.0009621584 0.45190424 0.00057444227 2.0707885e-05 0.0011736886 3.1043997e-05 0.10498809 0.009722637 0.010962111 0.37286603 0.110264346 3.2822038e-05 2.4828189e-05 0.00041224944 1.506907e-05 0.0013896241 1.6148879e-05 0.017472304 0.0013771967 1.2523463e-05 0.000939667 0.009299081 7.705919e-05 0.0008699603 0.0073960144 0.00017138885 0.0016917007 6.900292e-05 0.00012906414 2.3058701e-05 0.00053797965 5.362546e-05 0.0012154462 0.00041698365 0.0002059096 0.00015898491 0.000828569 0.0002760838 8.177393e-06 3.7921884e-05 7.629358e-05 0.00015428815 8.713121e-06 0.0006664317 2.5870493e-05 0.0078340955 1.4166292e-05 0.00019361335 0.00047005646 0.00049818936 2.2690356e-06 1.0341681e-05 1.3266556e-06 1.01563174e-07 3.424144e-05 8.749109e-06 3.9755516e-05 0.00097487547 4.8154023e-05 3.861854e-06 2.1388241e-05 3.7690431e-06 0.00014036713 4.927448e-07 4.943944e-06 3.0347634e-05 0.0023696662 0.0002603013 2.7152486e-05 2.0499964e-08 0.00021435441 2.2565107e-06 3.083007e-05 0.00025445627 2.7635604e-05 2.534472e-05 1.6243608e-05 0.00025333642 0.0017716532 9.044008e-06 0.00013209607 0.00015440768 3.285708e-05 2.316252e-06 8.92595e-06 0.00024662467 1.1604427e-08 1.3455603e-05
0.0005612579 0.98939556 0.921538 2.7625915e-14 0.7453962 0.8352071 0.60884345 0.77442706 0.00703774 0.0018028792 0.012690497 0.04152359 4.621649e-05 0.00039613782 0.07627238 5.3227886e-05 2.8174552e-06 0.00027063774 5.6471654e-05 0.014913141 0.0013800281 0.0013990985 0.0378996 0.004941192 3.0063331e-06 2.0076081e-06 5.360915e-05 1.85071e-05 0.00049218576 1.4855125e-05 0.0015242144 0.00041679796 1.3402371e-06 0.00010396936 0.002362648 2.7122373e-06 0.00012412888 0.00040375759 5.371621e-05 0.00013589482 3.251085e-05 2.796371e-05 3.4371408e-06 3.0191119e-05 5.217463e-05 5.816012e-05 0.0001037649 5.7768517e-05 4.1849155e-05 0.00015159961 2.1016924e-05 1.5153565e-05 2.750215e-05 4.0039475e-05 0.00013499285 6.7326564e-06 4.3309803e-05 3.1735617e-06 0.0013121156 2.5616686e-05 0.00012369802 5.997199e-05 8.2440885e-05 3.0061356e-06 4.468441e-06 3.3367073e-06 1.0023318e-07 4.2526644e-06 2.6715306e-06 1.686427e-05 0.00016465057 2.0680965e-05 1.9082374e-06 2.4722007e-05 1.0230231e-06 2.3867951e-05 7.21597e-07 3.9864344e-06 4.6562847e-05 0.00020667016 3.8632377e-05 2.3997352e-06 1.5432626e-08 0.00023498597 1.701297e-06 3.429677e-05 0.0003479269 1.750016e-05 3.6461748e-05 7.754319e-06 0.000106864325 0.001127451 5.5951314e-06 0.00014149005 0.00029544818 9.98869e-06 8.1695205e-08 1.5120166e-08 0.00019650052 1.0385235e-07 1.1755344e-06
0.0052681924 0.48797435 0.9500991 0.7453962 7.812706e-16 0.6290999 0.99413335 0.043743838 0.0010641873 0.0002067636 0.005946461 0.21812041 3.1867821e-06 0.00019924143 0.11857295 5.7760088e-05 3.450927e-07 0.001957018 2.2483073e-06 0.017241133 0.0012791791 0.01334515 0.18729785 0.025835177 5.5453515e-06 1.854858e-06 1.6506301e-05 2.2163644e-05 0.0024010278 1.2567468e-05 0.013178655 0.00038338042 1.7047337e-06 0.00012798587 0.002136871 4.5932e-06 9.412783e-05 0.008213484 0.0001894762 0.0015335599 1.366106e-05 1.4412232e-05 7.713484e-07 7.243702e-05 1.0973255e-05 0.00066261314 0.00012507035 3.3369764e-05 5.1765343e-05 0.0008231657 6.902437e-05 1.9435076e-06 1.0556369e-05 3.3458415e-05 2.259213e-06 3.2570945e-06 3.0743748e-05 1.2079861e-05 0.005522988 2.0035993e-06 0.00025881166 0.00014465791 0.00022142022 7.9300844e-07 1.391679e-06 5.2480257e-08 2.448003e-07 6.5715443e-07 2.6073649e-05 4.8050257e-05 0.001343314 4.0552037e-05 6.4875115e-07 5.6962246e-05 1.2858732e-06 5.281981e-05 1.1785152e-07 2.0223779e-06 2.4895979e-05 0.00017677907 1.9427487e-05 4.0517766e-06 1.586237e-08 0.0002011349 3.8118244e-06 2.8059947e-06 0.00017536405 2.2116916e-05 5.9943827e-06 2.2156046e-06 0.0002630278 0.0014779217 6.147659e-06 0.00011638375 0.00018675777 5.0870247e-05 2.0748931e-08 1.1853731e-07 3.8486316e-05 1.5598636e-09 9.778597e-06
0.7836571 0.88931566 0.9330209 0.8352071 0.6290999 4.1293085e-15 0.7853313 0.8446942 0.25662357 0.037001528 0.38412812 0.04873178 0.001439984 0.063632354 0.9154796 0.008051575 0.0011876052 0.0025077127 0.0014191112 0.7320437 0.28226623 0.009843682 0.46765104 0.417239 0.0003530125 0.00019562957 0.00083040906 3.2857584e-05 0.0013929936 3.332683e-05 0.025565546 0.061207347 8.1211845e-05 0.039164998 0.17047812 4.544138e-05 0.025351284 0.0052702627 3.3795648e-05 0.0007582204 3.80637e-05 0.0014626249 6.032787e-05 0.003370717 0.00017486674 0.0004904591 0.0010970483 4.8907445e-05 0.0001019516 0.0027318303 1.7180746e-06 1.2903624e-05 2.7804686e-05 0.0006597507 4.116146e-05 7.3309798e-06 0.002312275 1.2189208e-05 0.06152792 6.926014e-06 0.0011736739 0.00029168243 0.014673235 7.832899e-07 1.4904636e-05 9.158002e-06 1.1940932e-08 1.8703646e-05 2.4238292e-05 0.0003215209 0.0061916346 4.9013153e-05 6.647346e-07 0.00025396972 5.091844e-05 0.0007194065 2.619315e-07 1.651607e-06 4.272978e-05 0.009462272 0.00028243236 8.573448e-06 2.5642275e-09 0.0017784932 3.8892846e-05 9.302122e-06 0.00069068983 0.00025663085 7.3080104e-05 1.982663e-05 0.0024389327 0.008148855 7.825959e-06 0.0012658223 0.0014893305 2.2285005e-05 2.5471873e-06 4.5031265e-06 0.000749145 1.6388322e-08 1.1616502e-05
0.0059076175 0.19378412 0.9033984 0.60884345 0.99413335 0.7853313 2.3998352e-16 0.02136866 0.0003917126 4.333488e-05 0.0025081802 0.5321446 1.3583897e-06 5.1304636e-05 0.08789784 9.402873e-06 2.6190913e-08 0.004136604 1.9034718e-06 0.0065391986 0.00040119112 0.03243734 0.30839264 0.023018396 1.3594043e-06 5.229468e-07 3.2176595e-06 3.4914376e-06 0.006573231 1.8555833e-06 0.022215888 0.000104625025 9.78781e-07 4.685381e-05 0.0006165529 7.341995e-07 2.0864707e-05 0.022859188 0.0007204955 0.004685471 1.0246e-06 2.512796e-06 3.9085373e-07 1.3703768e-05 8.887498e-06 0.002041028 5.282555e-05 1.1175903e-05 0.00031424544 0.0014311897 0.00012718466 3.1109553e-07 8.778708e-07 4.6677665e-06 1.4265089e-06 3.5915224e-07 8.570783e-06 1.3450342e-05 0.0053136093 3.6542195e-07 0.00064321473 0.0014443913 9.5729374e-05 1.7134104e-07 2.7710817e-07 4.1132453e-09 7.987122e-09 1.1304675e-07 1.7056404e-05 0.00017659555 0.0026972604 2.9300185e-05 3.5186027e-08 9.804402e-05 1.8777904e-07 0.00018603518 1.7125716e-08 2.2645658e-07 1.1990132e-05 0.000106087726 5.742341e-05 5.1914003e-07 1.5489502e-09 0.00017322353 9.913594e-06 4.0851265e-07 1.20034265e-05 1.4965355e-05 1.0165558e-06 1.7427844e-07 0.00031575677 0.0019793946 1.097318e-05 0.00010806031 0.00042949087 4.6729623e-05 5.2153033e-09 4.0605457e-08 3.399829e-06 2.1818425e-09 1.8829784e-05
0.003263976 0.7090533 0.37874502 0.77442706 0.043743838 0.8446942 0.02136866 5.134578e-15 0.9949313 0.5454478 0.44492745 0.0005386002 0.5963599 0.03031424 0.16778515 0.009147681 0.046689358 5.654716e-05 0.15495326 0.101429954 0.016906636 0.00020198857 0.01350859 0.012219301 6.6230736e-05 7.2053845e-06 0.000106846805 4.8990187e-06 4.0258336e-05 7.606244e-06 0.0005511183 0.0024077173 2.1215665e-05 0.0011984312 0.005546008 1.2383215e-05 0.0008136295 1.0557727e-05 1.19812275e-05 1.029443e-05 2.3846942e-06 1.8280187e-05 1.0690541e-06 5.3239568e-05 9.935487e-06 2.6556301e-05 0.00012775589 4.7718953e-05 6.9423277e-06 1.6631684e-05 3.9587079e-07 3.47055e-06 9.771792e-06 4.559814e-05 5.755606e-06 1.1742729e-06 3.438267e-05 4.6077287e-07 0.00050474465 2.2347585e-06 4.335929e-06 1.4429733e-06 0.00011895503 2.6820007e-07 1.2502752e-06 0.00012763837 9.0641784e-08 8.06242e-07 1.0536006e-06 5.380883e-06 2.2765124e-05 2.938325e-06 6.51504e-07 6.3559164e-06 1.4672301e-07 1.8965843e-06 2.5874574e-08 1.1592803e-06 3.282152e-06 0.00014376931 7.349722e-07 4.4331242e-07 2.5496842e-09 0.000289199 1.2992481e-07 2.224812e-05 0.00014077278 7.069929e-06 4.172233e-06 1.8854329e-05 9.599559e-05 0.0026170705 2.0777347e-06 2.0749912e-05 0.00011859006 3.7505379e-06 6.414005e-08 6.1186616e-09 6.0489238e-05 5.048746e-07 7.5012184e-07
0.0017125579 0.0075900974 0.008363361 0.00703774 0.0010641873 0.25662357 0.0003917126 0.9949313 8.2074356e-17 0.8916424 0.7142692 0.00032042287 0.8440966 0.12083873 0.07897105 0.16452444 0.18279783 1.5408987e-05 0.15047188 0.08409934 0.02469756 0.00011114835 0.0014238016 0.005240769 0.00030506376 6.8321e-05 0.00018857431 3.7218637e-05 1.181119e-05 2.0973814e-05 0.00049526134 0.0019105474 7.42112e-05 0.0012489723 0.0053219846 3.5401597e-05 0.0012030405 1.0229573e-05 3.0887497e-06 5.0729195e-06 8.750336e-06 3.3955308e-05 3.1596642e-06 0.00013055399 3.9578325e-05 9.276024e-06 0.00012732872 2.3155553e-05 1.031942e-06 3.4735199e-06 1.0204609e-07 6.9443013e-06 9.167868e-06 5.0078805e-05 1.1482387e-06 1.0700201e-06 1.4285448e-05 1.4602072e-07 0.0003704279 1.7876688e-06 4.1829976e-06 1.9661964e-07 0.0001240988 1.3111277e-07 3.4461043e-06 0.00022920195 3.2304904e-08 1.0409385e-06 4.7863314e-06 3.7157972e-06 1.3128457e-05 2.8880704e-06 5.43941e-07 1.0344807e-05 2.8120022e-07 5.060622e-06 1.73422e-08 2.7505123e-06 1.201752e-06 5.963527e-05 8.174816e-07 6.990901e-06 6.4488774e-09 0.00019855212 4.0059678e-07 8.762227e-06 7.396673e-05 5.7411385e-06 1.0737998e-05 9.225509e-06 0.0001347838 0.00078486477 3.7616385e-06 2.8873093e-05 0.0002108702 1.1552965e-05 2.521702e-08 6.7967235e-08 6.172471e-05 7.1383386e-07 2.7715719e-06
0.053498954 0.0074953157 0.0026210758 0.0018028792 0.0002067636 0.037001528 4.333488e-05 0.5454478 0.8916424 1.649727e-16 0.9269706 0.00013511353 0.83591217 0.6756879 0.10029741 0.96512157 0.95822567 8.462375e-07 0.63270366 0.29153952 0.26539913 1.878668e-05 0.002206946 0.011670057 0.042116363 0.011933949 0.024516834 0.0030039616 4.6779937e-06 0.0004164259 0.00018784683 0.032934144 0.0078275865 0.024758592 0.02568358 0.0009328903 0.05026797 5.3173855e-05 1.5668555e-06 1.0077319e-05 0.00012939492 0.015479236 0.00022420145 0.0047917124 0.0019969 1.5129321e-05 0.0025130322 0.00061029603 1.6286918e-05 2.3777395e-05 4.1495807e-07 0.00032849703 0.00023581166 0.0013606601 3.5328445e-05 3.8748236e-05 0.01668423 1.5614793e-06 0.00049396296 5.266529e-05 1.3111779e-05 1.10791425e-05 0.00080780254 3.0417245e-06 1.994263e-05 0.0020161686 2.3984037e-06 4.0299707e-05 1.4469157e-06 8.022132e-05 3.4186327e-05 4.8372494e-06 4.4632707e-06 3.6172873e-06 4.808794e-05 4.32247e-06 1.760918e-07 1.316061e-05 1.6551849e-06 0.0036684852 4.0361978e-05 1.9148521e-05 7.601519e-09 0.00020923719 1.3002621e-05 2.0256894e-05 0.0005204795 1.6798176e-06 8.288882e-05 4.7406287e-05 0.0001138254 0.0008398443 1.341079e-05 3.2407952e-05 0.000101826634 3.421689e-05 6.20901e-07 2.5742725e-06 0.00010828478 1.696816e-05 2.6233123e-05
0.7968095 0.041555442 0.04148056 0.012690497 0.005946461 0.38412812 0.0025081802 0.44492745 0.7142692 0.9269706 7.8899734e-13 0.00063788 0.14275862 0.96797156 0.31448418 0.83736914 0.5597282 2.3284232e-05 0.10227094 0.68667686 0.78567976 0.00012862902 0.013754734 0.064173825 0.052724984 0.0136251375 0.013548055 0.0018611121 9.1413574e-05 0.0003270017 0.0015836231 0.33192277 0.0042094807 0.34876484 0.25780207 0.0034403517 0.40308994 0.00022391407 1.0382023e-06 7.0105205e-05 7.867015e-05 0.011276057 0.00013997707 0.02174992 0.0005001323 3.16139e-05 0.010857676 0.001119944 6.688238e-06 0.000138412 7.779621e-08 0.0002000102 0.000590873 0.008028875 0.00014891161 1.4732903e-05 0.0019260508 2.7760757e-07 0.007956591 2.6511361e-05 0.00024514383 3.5750802e-06 0.01972597 1.5133678e-05 3.7203752e-06 0.0004493361 9.971847e-07 6.6031093e-06 2.9869432e-06 5.6302593e-05 0.0011696229 1.1862811e-05 2.1116662e-06 4.50498e-05 1.5576777e-06 0.0003322365 1.0967933e-06 6.7820616e-07 2.2552176e-06 9.908807e-05 8.482592e-05 8.449771e-07 7.687871e-08 0.0042774747 1.2809094e-05 6.317148e-05 0.0012959604 1.261384e-05 0.00091629033 0.0008016885 0.0009725076 0.010592892 3.5584399e-06 0.00019295972 0.0012754468 3.4490848e-05 7.6961754e-08 2.295144e-07 0.0019776013 6.628571e-07 4.6890536e-06
0.05148964 0.016078077 0.059079025 0.04152359 0.21812041 0.04873178 0.5321446 0.0005386002 0.00032042287 0.00013511353 0.00063788 3.3841843e-14 2.999117e-06 0.00011532804 0.030679638 1.5172797e-05 5.216543e-07 0.99833757 1.5840632e-06 0.0037677656 0.0004933554 0.67556405 0.38600475 0.014176483 1.2286572e-06 1.7280284e-07 1.67601e-05 2.6203782e-06 0.50839865 4.0888312e-06 0.052901506 0.0007382445 2.5011052e-06 0.00045464578 0.0014998089 3.278848e-06 0.00028649153 0.15376365 0.030882215 0.043506913 2.3979028e-06 4.734766e-06 1.7208066e-06 4.852513e-05 3.604068e-06 0.04649343 0.00013209216 1.2823163e-05 0.0034985407 0.014701215 0.0019581195 4.575873e-06 9.686741e-05 1.2404231e-05 2.1378983e-05 6.2727344e-07 5.6145136e-06 0.0015827373 0.005802862 1.8031077e-06 0.00839504 0.008110589 0.0008132807 8.991946e-07 8.204245e-07 2.9998964e-07 5.855444e-08 4.4464656e-07 0.00035447546 0.0033018952 0.007600709 0.0012138806 2.8506625e-07 0.0021815598 1.1855324e-05 0.0020374227 3.8164274e-07 2.911645e-07 0.00094680575 0.00036789113 0.0007008083 3.3357462e-06 2.8304875e-08 0.00015916165 0.00027050823 4.527713e-05 3.857962e-05 0.0014695907 7.3258425e-06 4.64145e-05 0.0022056552 0.0012473088 0.00051639584 0.0012203981 0.0010728883 0.00058221555 4.4085695e-09 2.4172328e-08 0.00023313842 6.808855e-08 0.0006580457
1.4096779e-05 8.6334956e-05 4.1059444e-05 4.621649e-05 3.1867821e-06 0.001439984 1.3583897e-06 0.5963599 0.8440966 0.83591217 0.14275862 2.999117e-06 3.2376628e-20 0.012077921 0.0015298161 0.2201262 0.7682883 1.8726737e-07 0.99828386 0.0033267117 0.0015014524 1.0469934e-05 1.933636e-05 0.00014505343 0.00011539901 3.4624256e-05 6.0467144e-05 8.567898e-06 2.648725e-07 3.2075795e-06 3.677266e-06 0.00012593318 0.00067430123 8.3461055e-05 0.0001471818 9.436362e-06 0.00015966715 8.05386e-07 1.7320178e-07 1.5602885e-06 1.8582629e-06 1.1868074e-05 1.0059176e-06 1.5227868e-05 9.200651e-06 7.1318514e-06 2.2378605e-05 5.0846406e-06 2.5346834e-08 5.716422e-06 1.1286055e-08 3.1300087e-06 2.617134e-06 1.465232e-05 3.8340363e-07 1.8347043e-07 8.373802e-05 4.2341377e-08 3.23076e-05 6.036343e-07 2.4215801e-06 1.1003857e-08 1.5294263e-05 2.9382758e-07 1.3533126e-07 0.00071614987 7.540407e-09 9.462901e-08 3.6984545e-07 3.110404e-07 3.0917927e-05 6.4911563e-07 3.3184745e-07 6.4074643e-06 2.3933994e-08 3.3595597e-06 8.322577e-09 1.8307455e-07 1.933104e-06 6.653373e-05 2.2224518e-07 8.647417e-08 1.6711514e-09 4.2904623e-05 2.1476115e-08 3.2080325e-06 2.2714159e-05 4.525026e-06 1.1759729e-06 1.9107558e-06 4.6668873e-05 0.00026227685 1.4854977e-06 2.5988198e-05 0.00021471184 2.4016676e-06 5.7742677e-09 7.705292e-09 2.5260963e-05 1.4681122e-05 1.0551335e-07
0.9293506 0.0017291975 0.0009621584 0.00039613782 0.00019924143 0.063632354 5.1304636e-05 0.03031424 0.12083873 0.6756879 0.96797156 0.00011532804 0.012077921 1.3079777e-15 0.073520355 0.9666598 0.3943589 4.0397076e-06 0.02992709 0.5906418 0.8661662 3.187773e-06 0.00210443 0.020871738 0.22734912 0.030556347 0.08974644 0.0069143064 5.5708504e-05 0.001408171 0.000120198136 0.53071356 0.015520151 0.59829557 0.3328681 0.02176343 0.7609119 6.315467e-05 2.3483676e-06 8.189163e-06 0.0004898084 0.052362543 0.00074620085 0.07393107 0.0039101187 8.726168e-06 0.041403845 0.008966071 8.220908e-06 3.3710574e-05 6.6019375e-08 0.00018690368 0.0013899493 0.04344457 0.00023795576 6.507564e-05 0.020314097 6.8543834e-08 0.0054141106 9.96143e-05 6.93291e-05 7.592952e-06 0.017136605 5.729792e-05 1.0619417e-05 0.00032590367 3.981727e-06 3.702428e-05 3.1711627e-06 1.4160201e-05 0.0010186598 1.9335357e-06 1.2695665e-05 6.562066e-06 9.433474e-06 0.0001528475 3.031944e-06 3.940968e-06 8.5657646e-08 0.0002790565 2.2439961e-05 1.6600317e-06 1.02331e-06 0.017504176 5.836339e-06 0.00026177507 0.006140563 1.2833623e-05 0.001389752 0.0011715961 0.000363149 0.01904867 9.510912e-07 6.444341e-05 0.00016092618 6.8921263e-06 3.9973008e-07 4.102046e-07 0.004082374 7.886707e-06 1.8668082e-06
0.9525637 0.1593032 0.45190424 0.07627238 0.11857295 0.9154796 0.08789784 0.16778515 0.07897105 0.10029741 0.31448418 0.030679638 0.0015298161 0.073520355 1.3015515e-12 0.034318425 0.0066881203 0.00012902722 0.0013222218 0.9407996 0.6439895 0.008937552 0.42208013 0.7299199 0.0007895072 0.0012536716 0.0006036169 0.00023906032 0.0019791645 2.6085983e-05 0.07374277 0.22565874 0.00017111676 0.18561634 0.6693798 2.4793784e-05 0.06560742 0.008466881 2.9333707e-05 0.002032246 1.7701823e-05 0.0002569632 7.152673e-06 0.0018636857 2.8249067e-05 0.0006165605 0.00075901224 7.9801335e-05 1.0196788e-05 0.0036545405 1.9196644e-07 1.8361318e-06 4.0234e-05 0.0007921846 1.9093924e-05 1.5563056e-06 4.1769603e-05 1.0801451e-05 0.11268437 1.3365789e-06 0.0015328842 5.502171e-06 0.08305952 7.466581e-07 5.612862e-07 1.7464115e-05 7.117731e-08 3.2706223e-06 7.963876e-06 0.00023768723 0.013160116 9.124739e-05 5.772044e-07 0.0002442128 2.3105477e-07 0.0015074727 2.2980699e-07 6.7976057e-06 2.528451e-05 4.6646313e-05 0.00026216157 3.0841213e-07 2.4948394e-08 0.004528083 1.2925647e-05 7.4940785e-06 0.00022469804 0.00022991236 0.000117105206 7.1339426e-05 0.0067799576 0.038642753 1.5513913e-05 0.0025270483 0.00790323 1.8552322e-05 3.3881264e-07 4.543373e-08 0.00081179634 1.2109662e-06 3.2904009e-06
0.50471824 0.00020862847 0.00057444227 5.3227886e-05 5.7760088e-05 0.008051575 9.402873e-06 0.009147681 0.16452444 0.96512157 0.83736914 1.5172797e-05 0.2201262 0.9666598 0.034318425 7.7099956e-17 0.97325706 2.85809e-08 0.3729436 0.22940826 0.38324976 9.413429e-07 0.00032728128 0.013456868 0.7441138 0.44195405 0.79393214 0.12035436 8.537747e-07 0.027123682 7.74479e-05 0.25947428 0.104053356 0.3277317 0.03680649 0.066884615 0.5739672 1.8085904e-05 3.926972e-07 1.3976255e-06 0.002232617 0.23330292 0.007100088 0.12164191 0.045906957 1.1977086e-06 0.053639658 0.01162497 2.0638831e-06 7.0330434e-06 1.2328633e-07 0.0033196362 0.0073501547 0.041403115 0.0005122192 0.00038174016 0.041938983 1.7285937e-07 0.0013165502 0.00093611114 2.3145218e-05 5.189418e-06 0.0042873644 0.00015617015 0.0002370613 0.002694576 4.7968597e-06 0.00016742648 1.4762755e-06 2.6370455e-05 0.00018703849 1.1011355e-06 2.569371e-05 6.587642e-06 8.346623e-05 1.11366435e-05 9.586659e-07 3.082528e-05 2.5385455e-07 0.0011102651 1.4773114e-05 2.4239795e-05 5.3412748e-08 0.0048271646 7.924804e-06 0.00018886318 0.008612572 4.05403e-06 0.0018932575 0.0017445573 0.00028234537 0.005169904 6.0151183e-06 9.22465e-05 0.00015591194 2.1388852e-05 1.9348441e-07 2.6517216e-06 0.0022147621 5.1253824e-05 2.1042445e-06
0.019325472 1.48550125e-05 2.0707885e-05 2.8174552e-06 3.450927e-07 0.0011876052 2.6190913e-08 0.046689358 0.18279783 0.95822567 0.5597282 5.216543e-07 0.7682883 0.3943589 0.0066881203 0.97325706 5.6431797e-19 4.0779526e-09 0.9458417 0.06057051 0.05936856 8.0905255e-07 3.040808e-06 0.00036029756 0.4481591 0.12248006 0.115536995 0.043619156 1.695407e-07 0.0020076006 9.086981e-07 0.013680865 0.15731807 0.012998928 0.0033882675 0.022757918 0.05810106 5.1757934e-07 1.144451e-07 9.283949e-07 0.0010517346 0.024721324 0.0017379853 0.004623715 0.0031882366 8.079477e-07 0.0014942111 0.004887038 1.7185704e-07 6.524012e-07 2.2692907e-08 9.589319e-05 0.00018544706 0.0013931305 0.00012136438 9.722632e-05 0.10645252 3.9717523e-08 8.478601e-06 7.792338e-05 2.2023569e-07 2.113272e-06 0.0001647283 8.190186e-06 1.2927077e-05 0.0147208115 3.488204e-07 1.0186292e-05 4.043699e-07 3.1480936e-06 2.8384861e-06 6.5243603e-07 1.8195802e-06 1.3847311e-06 6.173115e-06 8.7079405e-07 5.638947e-09 3.914366e-06 3.8282818e-07 0.010449012 2.5322386e-06 5.6773756e-06 7.5616907e-10 0.00013228555 1.8717946e-06 5.859103e-06 0.00033668775 3.64957e-07 1.5005914e-05 2.1329413e-05 2.0630045e-05 0.0005196954 5.103385e-07 3.9304437e-06 9.714118e-06 1.2309602e-05 6.567835e-07 8.084409e-07 0.000121543555 0.00018813944 4.179236e-07
0.406658 4.788183e-05 0.0011736886 0.00027063774 0.001957018 0.0025077127 0.004136604 5.654716e-05 1.5408987e-05 8.462375e-07 2.3284232e-05 0.99833757 1.8726737e-07 4.0397076e-06 0.00012902722 2.85809e-08 4.0779526e-09 7.874217e-17 2.1237443e-07 1.6383598e-05 1.2381568e-06 0.7836195 0.095633656 0.00022769172 1.9171441e-08 3.6731304e-08 4.989142e-07 3.3273443e-07 0.42137453 3.7284642e-07 0.040428445 4.24904e-06 1.2474173e-07 2.488647e-06 8.563185e-06 1.8950338e-07 1.2297827e-06 0.23304035 0.026340246 0.08830662 1.4502464e-06 6.174596e-07 2.2568646e-07 2.0461391e-06 8.7496466e-07 0.11020733 7.406241e-06 1.1501067e-05 0.0030033719 0.031118905 0.0015164523 9.0446804e-08 3.048017e-06 1.1520932e-06 1.3270758e-06 7.0772e-08 2.9755122e-07 0.009307646 0.0037704618 5.9092054e-07 0.019092146 0.0038948725 9.308355e-05 2.0188541e-07 6.84128e-07 2.9193064e-08 9.78424e-08 3.6417123e-07 0.0009723944 0.008827161 0.041902453 0.0038511008 6.3478595e-08 0.008091962 3.3543445e-06 0.006933892 1.187635e-07 1.8161355e-06 0.0011311866 7.322856e-05 0.008818146 9.435908e-07 7.706086e-09 0.00017694655 0.0014404282 3.260095e-05 2.2209306e-05 0.0023799334 3.0614062e-06 9.020235e-06 0.0028977047 0.0043758564 0.0056154802 0.0016196345 0.001000775 0.0013340556 1.029949e-10 1.6573054e-09 2.1774775e-05 2.2565871e-09 0.00024370258
0.00020173985 7.561789e-05 3.1043997e-05 5.6471654e-05 2.2483073e-06 0.0014191112 1.9034718e-06 0.15495326 0.15047188 0.63270366 0.10227094 1.5840632e-06 0.99828386 0.02992709 0.0013222218 0.3729436 0.9458417 2.1237443e-07 2.132746e-18 0.005337612 0.00669583 7.195314e-05 4.038606e-06 6.956892e-05 0.01603413 0.0041424325 0.0016000768 0.0014149767 9.478613e-07 0.000103288134 1.4709113e-06 0.0007054596 0.19181162 0.0005669374 0.00034870283 0.0023401172 0.0018273653 4.8748257e-06 8.597647e-07 1.1105928e-05 0.0001531123 0.00019680079 4.3122403e-05 0.0001508796 0.00014943357 2.5071527e-05 8.4505205e-05 0.0017674856 4.2678028e-08 1.169807e-05 1.06150004e-07 1.0363382e-05 9.71046e-06 6.2957486e-05 2.4941437e-05 1.0778443e-05 0.056199573 1.8744508e-06 7.71105e-05 6.715612e-06 2.822818e-06 8.6749054e-08 3.0426574e-05 5.8972822e-05 3.8819157e-06 0.14606479 5.695727e-06 5.9496683e-06 1.2534294e-06 1.1566641e-06 3.5297668e-05 2.74472e-07 2.29035e-06 8.931433e-06 1.3371858e-06 2.3370271e-06 2.3361946e-07 1.1150693e-05 3.302268e-06 0.00084409246 2.195484e-06 3.0787303e-06 3.8313024e-07 0.00012814967 2.4060093e-08 4.285625e-05 0.00022894023 9.086266e-06 1.6854443e-05 2.5649273e-05 0.00032370345 0.0015180062 7.782027e-06 0.00011048519 0.00013948466 9.476186e-06 9.762891e-07 7.7646604e-07 0.00013323005 0.0038667487 2.0477152e-07
0.9281642 0.05749583 0.10498809 0.014913141 0.017241133 0.7320437 0.0065391986 0.101429954 0.08409934 0.29153952 0.68667686 0.0037677656 0.0033267117 0.5906418 0.9407996 0.22940826 0.06057051 1.6383598e-05 0.005337612 5.9889325e-15 0.93779397 0.0011520224 0.062888995 0.48634768 0.017704964 0.0038500873 0.005389247 0.0016864012 0.0004992378 0.00046666877 0.0137701295 0.34121105 0.00074063824 0.2853521 0.6860663 0.00086054736 0.17159542 0.0019765624 4.3285004e-06 0.0006026663 0.00022192422 0.0007300988 0.00022944821 0.0054622595 9.4442985e-05 0.00016318253 0.0029926244 0.00018790526 8.387137e-06 0.00088548154 1.064716e-07 9.460944e-06 9.108949e-05 0.0029371218 4.867516e-05 2.66652e-05 0.0013271575 1.5824565e-06 0.03363601 2.0473679e-05 0.0006731691 4.109073e-06 0.05530445 8.08429e-06 5.2105484e-06 8.170156e-05 3.4562132e-07 1.980759e-06 5.7121333e-06 0.00018752017 0.003752037 1.1330267e-05 2.905026e-06 3.6178655e-05 4.249156e-07 0.0006520853 6.155951e-07 3.1455543e-06 4.467823e-06 0.00010452799 3.9405e-05 6.742195e-07 7.1688234e-08 0.009426146 4.2088595e-06 3.0760817e-05 0.0012227317 0.00014979742 0.0005084338 0.00027983973 0.0016598594 0.033220958 7.4913737e-07 0.00065969944 0.0023099917 1.3023677e-06 2.0428455e-08 7.483102e-08 0.0024851796 2.0171387e-06 5.512205e-07
0.9705543 0.004234878 0.009722637 0.0013800281 0.0012791791 0.28226623 0.00040119112 0.016906636 0.02469756 0.26539913 0.78567976 0.0004933554 0.0015014524 0.8661662 0.6439895 0.38324976 0.05936856 1.2381568e-06 0.00669583 0.93779397 8.010704e-14 0.000104208884 0.013804776 0.40029752 0.039594166 0.0072442032 0.008295632 0.0015102666 0.0001352983 0.0005304536 0.003911176 0.83684075 0.0030491587 0.7300453 0.8954068 0.0017492361 0.67920005 0.0004562946 1.2925794e-05 7.5215125e-05 0.00016208243 0.0040932307 0.00035204695 0.021275192 0.00016105131 5.2109433e-05 0.007461599 0.0008370641 3.6482063e-05 0.00039138697 2.458974e-07 1.3142939e-05 0.00014372353 0.013054652 9.462248e-05 9.74703e-05 0.0027693778 8.8111926e-07 0.03028061 3.0370944e-05 0.0003154886 2.8569495e-05 0.092996925 9.996361e-06 6.5928084e-06 0.00012556094 6.998696e-07 1.016598e-05 2.7140875e-06 4.6163714e-05 0.0027013016 5.384025e-06 5.572803e-06 7.061297e-06 9.4632674e-07 0.00041279927 1.2890754e-06 8.469961e-06 2.745225e-07 0.00035301773 4.0370138e-05 3.8666357e-07 2.8544614e-08 0.018958276 3.3696415e-06 3.400742e-05 0.0011593543 6.553264e-05 0.0003135345 0.00015158602 0.0007878667 0.067706905 2.2455507e-07 0.00039225747 0.0009790584 8.8572097e-07 1.6724987e-07 1.2104078e-07 0.0019432196 3.5308592e-06 2.6340206e-06
0.92727214 0.0010051846 0.010962111 0.0013990985 0.01334515 0.009843682 0.03243734 0.00020198857 0.00011114835 1.878668e-05 0.00012862902 0.67556405 1.0469934e-05 3.187773e-06 0.008937552 9.413429e-07 8.0905255e-07 0.7836195 7.195314e-05 0.0011520224 0.000104208884 1.4454265e-15 0.66856664 0.021102715 5.7915554e-06 3.0255696e-06 2.6281154e-05 1.1538217e-06 0.9469945 4.991062e-06 0.41919598 0.00035987774 3.1793204e-06 6.595667e-05 0.0030229464 5.3836043e-06 0.00017012826 0.8791065 0.17374794 0.81803566 2.0231757e-05 9.719173e-05 3.9426072e-06 2.6357053e-05 7.3191595e-06 0.6387897 2.4250916e-05 0.00014477508 0.008199229 0.4399256 0.01180797 2.2620037e-07 1.2667515e-06 1.0429504e-05 0.00051287713 1.3105821e-06 0.0008760944 0.063569985 0.07825174 2.2527308e-06 0.32007363 0.0003525983 0.0034332655 0.00022319237 3.219954e-07 5.79179e-05 8.986948e-07 4.268326e-07 0.0069825165 0.06078054 0.20270456 0.03026119 8.831417e-07 0.07855442 9.58022e-06 0.08523489 1.7558278e-06 9.805384e-07 0.020530818 0.025637079 0.01489715 1.442277e-06 1.0123367e-06 0.00090694753 0.0018182623 1.26177865e-05 0.00019782953 0.08923406 1.2647435e-05 1.2422136e-06 0.06847479 0.007686447 0.009929666 0.19802742 0.007208797 0.0029710876 5.4044915e-07 1.4263435e-07 0.00016848827 4.9187673e-07 0.00017262473
0.86728114 0.050273232 0.37286603 0.0378996 0.18729785 0.46765104 0.30839264 0.01350859 0.0014238016 0.002206946 0.013754734 0.38600475 1.933636e-05 0.00210443 0.42208013 0.00032728128 3.040808e-06 0.095633656 4.038606e-06 0.062888995 0.013804776 0.66856664 4.5856246e-15 0.9687664 1.9280198e-05 6.900209e-06 4.6843734e-06 5.9633244e-06 0.053466223 2.799716e-06 0.94509625 0.008692841 2.084805e-06 0.0048020645 0.18303168 3.4631503e-06 0.0013515349 0.42687175 0.0008468495 0.07290009 8.910551e-07 6.3280036e-06 5.6146416e-08 0.00012349892 7.726058e-07 0.018161966 6.7574445e-05 5.3710605e-06 5.2196476e-05 0.07996906 1.2852093e-05 2.1337345e-07 7.1335653e-06 6.0084767e-05 5.999687e-07 2.4234478e-07 1.0980986e-06 0.0004525365 0.42955446 6.681823e-08 0.018031828 7.12646e-06 0.070062205 5.1526683e-08 1.7271304e-07 7.1911217e-07 1.6708995e-09 1.0016877e-07 0.00017750279 0.0029267748 0.08218467 0.00045169893 2.2466757e-08 0.0032381555 8.015298e-08 0.0134567255 1.932032e-09 6.434775e-08 0.00082073256 2.239114e-05 0.0005597115 6.566059e-08 1.1944661e-09 0.0035499393 0.00013477648 5.350118e-07 0.00016337281 0.009722094 5.026843e-05 3.6901415e-06 0.0522734 0.030333605 0.0006158046 0.023255646 0.035485286 0.0001300568 9.8287325e-09 6.3159242e-09 0.0003818255 1.1043203e-07 5.956379e-06
0.9197109 0.014027232 0.110264346 0.004941192 0.025835177 0.417239 0.023018396 0.012219301 0.005240769 0.011670057 0.064173825 0.014176483 0.00014505343 0.020871738 0.7299199 0.013456868 0.00036029756 0.00022769172 6.956892e-05 0.48634768 0.40029752 0.021102715 0.9687664 5.1128372e-14 0.0007662473 0.0001374389 0.00016370049 4.3545828e-05 0.0021701502 9.228597e-06 0.67851925 0.16008686 4.6975376e-05 0.091096714 0.9035976 3.680738e-05 0.023129776 0.060048386 2.2500393e-05 0.0042302217 7.0020646e-06 0.00018607739 4.82159e-06 0.0021413078 2.5788147e-05 0.000919215 0.0008936759 3.6480702e-05 1.7489716e-05 0.021257874 5.3095996e-06 1.789325e-06 7.82262e-05 0.0012345148 8.847695e-07 2.9599726e-06 1.3001159e-05 4.739164e-05 0.56867164 1.5229574e-06 0.005771995 1.0447263e-05 0.22909844 1.8399461e-06 1.7452518e-06 5.698906e-06 2.3101938e-08 1.3397477e-06 7.2102885e-05 0.00096437184 0.07637306 0.0003657535 9.372643e-07 0.00070406066 7.4570886e-07 0.0037056003 6.409261e-08 4.92914e-07 0.00024111022 2.1215745e-05 0.0002815433 8.059172e-08 3.868454e-09 0.015362898 2.4309917e-05 3.1549265e-05 0.000728815 0.0022253934 0.00024042826 0.00011695052 0.019814828 0.09976167 0.00020211401 0.007461209 0.015129278 8.341768e-05 5.722244e-09 1.1241664e-09 0.0013711789 2.6940722e-07 6.6059933e-06
0.5089883 1.4833113e-05 3.2822038e-05 3.0063331e-06 5.5453515e-06 0.0003530125 1.3594043e-06 6.6230736e-05 0.00030506376 0.042116363 0.052724984 1.2286572e-06 0.00011539901 0.22734912 0.0007895072 0.7441138 0.4481591 1.9171441e-08 0.01603413 0.017704964 0.039594166 5.7915554e-06 1.9280198e-05 0.0007662473 1.7825676e-18 0.99453264 0.7717844 0.5252413 7.374204e-07 0.2403722 3.178137e-05 0.055371407 0.21919715 0.11298637 0.0034991747 0.093030185 0.53480947 1.1173101e-05 2.2584634e-06 1.5668324e-05 0.046494287 0.6898624 0.09561227 0.25722414 0.29689163 4.1292087e-06 0.24658495 0.033106774 7.996807e-06 3.4918023e-05 1.9538578e-07 0.117416725 0.14328593 0.24239811 0.011696369 0.0058043697 0.11178362 2.0710498e-08 0.0009334376 0.003139384 2.90251e-05 1.036818e-06 0.0055900794 0.005088126 0.00061284646 0.0012069643 0.00017096427 0.0010186958 2.7511394e-06 3.6690568e-07 0.00011113563 7.2827544e-07 4.366826e-05 4.8949016e-07 0.00012652291 1.3572301e-05 6.0318343e-06 8.587757e-05 7.480776e-08 0.0105144465 2.0197913e-06 7.807226e-06 1.5924514e-06 0.014171732 2.8632735e-06 0.0017227681 0.026540417 5.1727588e-05 0.00944163 0.008790412 0.000120624616 0.007426933 1.8989099e-06 0.000104293686 0.00067246816 2.3793489e-06 5.071683e-07 7.697736e-07 0.008796426 4.0786763e-05 1.2947496e-07
0.12431784 5.56151e-06 2.4828189e-05 2.0076081e-06 1.854858e-06 0.00019562957 5.229468e-07 7.2053845e-06 6.8321e-05 0.011933949 0.0136251375 1.7280284e-07 3.4624256e-05 0.030556347 0.0012536716 0.44195405 0.12248006 3.6731304e-08 0.0041424325 0.0038500873 0.0072442032 3.0255696e-06 6.900209e-06 0.0001374389 0.99453264 7.43453e-20 0.7762265 0.90134203 1.0750529e-05 0.402044 9.223424e-06 0.009588617 0.37369236 0.020879503 0.0028355117 0.3256043 0.21370523 1.2733113e-06 4.666411e-07 1.1450073e-06 0.3954053 0.50930476 0.25735703 0.09609535 0.2514788 1.9961687e-06 0.08582299 0.15503296 2.824815e-07 1.0536956e-05 2.8312041e-07 0.087798536 0.073324785 0.06994287 0.08510908 0.08468412 0.13374 9.405692e-09 0.00021664116 0.019529188 2.5270854e-06 1.336796e-07 0.0012782968 0.0221972 0.0038897705 0.005852051 0.0011116934 0.007899613 2.5986958e-07 2.3554621e-06 5.3292548e-05 6.0748687e-07 0.00059997675 1.9386484e-06 0.0006088923 7.928228e-06 8.952467e-05 0.0009684025 7.427686e-08 0.012019498 9.120545e-07 5.551667e-05 2.7212302e-06 0.0024466484 6.7573765e-08 0.010257132 0.016115218 1.4790269e-05 0.0073641906 0.013153316 4.0299477e-05 0.0023585004 1.035326e-06 7.939181e-05 0.00032381987 1.7603647e-06 9.5052263e-07 2.316303e-06 0.0037176283 8.705748e-05 7.6278695e-08
0.906794 9.242897e-05 0.00041224944 5.360915e-05 1.6506301e-05 0.00083040906 3.2176595e-06 0.000106846805 0.00018857431 0.024516834 0.013548055 1.67601e-05 6.0467144e-05 0.08974644 0.0006036169 0.79393214 0.115536995 4.989142e-07 0.0016000768 0.005389247 0.008295632 2.6281154e-05 4.6843734e-06 0.00016370049 0.7717844 0.7762265 3.2646442e-16 0.8408648 1.0426215e-06 0.8533264 1.6958342e-05 0.014245602 0.105785795 0.07042943 0.00046027245 0.49262008 0.35565805 5.484325e-05 1.1776755e-06 3.4012494e-06 0.3609823 0.8672789 0.85801166 0.4043066 0.9035998 3.657659e-06 0.36929417 0.32139102 2.6325415e-06 8.552184e-06 6.073131e-07 0.400653 0.41952607 0.4913464 0.13945037 0.104458414 0.1051621 1.3015946e-07 0.00015277478 0.14156921 9.395057e-06 1.7713153e-05 0.0053577083 0.037435092 0.008440474 0.00050149683 0.0038762393 0.0041147396 1.5676894e-06 7.3188035e-06 0.000102779246 4.3164576e-07 0.008445449 4.4739336e-06 0.00067494425 2.6894337e-05 0.0017623965 0.0007572445 1.4350348e-07 0.04864195 1.0657463e-05 0.00036912982 0.00017507296 0.06866675 1.2038719e-06 0.013805179 0.27279615 4.1147896e-06 0.12889077 0.05661371 0.00032714708 0.012870529 2.142896e-06 0.00011321675 0.00035695286 4.9917758e-06 2.9254674e-05 0.00016880495 0.06615631 2.2455655e-05 3.9792423e-07
0.34393203 1.3793517e-05 1.506907e-05 1.85071e-05 2.2163644e-05 3.2857584e-05 3.4914376e-06 4.8990187e-06 3.7218637e-05 0.0030039616 0.0018611121 2.6203782e-06 8.567898e-06 0.0069143064 0.00023906032 0.12035436 0.043619156 3.3273443e-07 0.0014149767 0.0016864012 0.0015102666 1.1538217e-06 5.9633244e-06 4.3545828e-05 0.5252413 0.90134203 0.8408648 2.1014338e-20 6.892366e-07 0.9889646 8.574589e-07 0.0023635 0.14786053 0.0071498407 0.00027443576 0.44800356 0.107065804 1.7617369e-06 7.5133323e-07 4.1141564e-07 0.60028076 0.51285625 0.54012805 0.099834315 0.46627316 1.7599904e-06 0.08963442 0.25625807 6.4436495e-06 1.0108172e-06 2.1169701e-07 0.1739477 0.12252212 0.09456297 0.080640994 0.1944145 0.12837519 7.646763e-08 3.1825683e-05 0.017987395 6.393441e-07 6.506561e-06 0.00077447045 0.017104328 0.0016456719 0.0005730054 0.0019462054 0.007993556 7.059839e-07 7.707003e-08 5.200649e-06 2.2709186e-08 0.00051106204 6.277891e-08 0.0008503339 5.9700704e-07 0.0007525419 0.0011732582 1.5310833e-08 0.013404538 1.5588957e-07 0.00022885401 1.46299935e-05 0.002064528 5.4860955e-08 0.012087659 0.03845669 3.4368916e-06 0.01997019 0.014592157 1.4177158e-05 0.0014190476 8.4523987e-07 1.4904864e-05 5.32219e-05 7.8839577e-07 1.9418048e-06 3.896327e-05 0.004605658 3.2781933e-05 9.934373e-07
0.040461075 0.00023865279 0.0013896241 0.00049218576 0.0024010278 0.0013929936 0.006573231 4.0258336e-05 1.181119e-05 4.6779937e-06 9.1413574e-05 0.50839865 2.648725e-07 5.5708504e-05 0.0019791645 8.537747e-07 1.695407e-07 0.42137453 9.478613e-07 0.0004992378 0.0001352983 0.9469945 0.053466223 0.0021701502 7.374204e-07 1.0750529e-05 1.0426215e-06 6.892366e-07 1.7124493e-17 3.5079752e-06 0.032001846 0.00018152612 2.7220233e-07 8.287666e-05 0.0009639581 9.535929e-06 4.4733213e-05 0.17349121 0.9944919 0.30503222 8.2800733e-07 7.5353655e-06 4.889238e-07 1.7670785e-05 5.8696623e-06 0.6172326 5.4937587e-05 4.7617843e-05 0.049590446 0.05625526 0.26042405 1.1830214e-06 2.8991073e-05 2.5696723e-05 5.4262105e-06 8.3850736e-08 1.9376715e-05 0.23199967 0.003687586 5.786738e-07 0.04528154 0.00752015 0.0003159981 9.984266e-07 7.6549975e-07 5.7465176e-08 1.202957e-06 8.680947e-08 0.009540533 0.05873571 0.005366831 0.01924662 2.7243514e-06 0.016836701 3.3853234e-05 0.009492409 5.2286026e-08 8.104878e-08 0.010094186 0.0004231408 0.01539468 3.517432e-06 1.361303e-07 6.542948e-05 0.0034115086 7.0069774e-07 2.2048222e-05 0.0074081523 1.9014269e-06 6.471557e-07 0.0018329538 0.0010659415 0.0014222728 0.004403942 0.000360925 0.0011973843 5.3399916e-08 1.5388476e-08 2.231231e-05 3.2969294e-07 0.00040551517
0.71213543 8.887641e-06 1.6148879e-05 1.4855125e-05 1.2567468e-05 3.332683e-05 1.8555833e-06 7.606244e-06 2.0973814e-05 0.0004164259 0.0003270017 4.0888312e-06 3.2075795e-06 0.001408171 2.6085983e-05 0.027123682 0.0020076006 3.7284642e-07 0.000103288134 0.00046666877 0.0005304536 4.991062e-06 2.799716e-06 9.228597e-06 0.2403722 0.402044 0.8533264 0.9889646 3.5079752e-06 8.1527257e-19 7.313595e-07 0.0019598 0.0717588 0.0041139782 0.0001220258 0.34573853 0.08289138 9.827656e-07 3.987347e-06 2.0242234e-07 0.8669408 0.49954247 0.7799121 0.09176235 0.527629 2.6064671e-07 0.10395006 0.28619477 3.3959468e-06 2.787442e-06 2.7246827e-07 0.38551897 0.25814694 0.10497735 0.18642844 0.53643024 0.13324136 1.6805496e-08 2.6444672e-05 0.117222525 4.4735643e-07 3.3508081e-06 0.0005484046 0.055504434 0.007382202 0.00022558482 0.004860959 0.04041885 9.245814e-07 2.6039675e-07 1.1294697e-05 1.8601387e-08 0.003707987 2.3369356e-08 0.0059374287 9.3211924e-07 0.0012793335 0.0038154286 2.7142542e-09 0.036072098 3.072402e-07 0.0014407834 0.0006348038 0.0059252046 5.799381e-08 0.026058424 0.12610897 5.242423e-06 0.08356264 0.056743585 1.7178085e-05 0.0022936738 9.356078e-07 2.131213e-05 7.76439e-06 4.9853173e-07 0.00023640592 0.00026555656 0.010991369 3.239828e-05 7.18781e-07
