4.7971458e-20 0.80366075 0.9950538 0.97501576 0.8303267 0.7934657 0.7082172 0.91588897 0.90579665 0.72406036 0.8623388 0.9440929 0.90167874 0.921966 0.94532293 0.9059597 0.9226491 0.9266991 0.9091201 0.91426563 0.98488796 0.9452913 0.9034355 0.9098079 0.8481414 0.8843227 0.9705347 0.9269064 0.93664336 0.97365314 0.9798477 0.9238947 0.8568639 0.97972584 0.918021 0.834259 0.18453994 0.96007025 0.8260357 0.73101765 0.82313365 0.93628985 0.48446336 0.8245993 0.12258395 0.046974044 0.96748376 0.9759125 0.9911399 0.9464763 0.15736607 0.03842083 0.44524452 0.37871054 0.99696976 0.8169291 0.99175715 0.19367617 0.9325753 0.48703283 0.76406145 0.6861467 0.76897556 0.9245964 0.84774894 0.122669876 0.99955505 0.93274355 0.92652464 0.94070697 0.10460711 0.12699541 0.021090467 0.99999523 0.6193275 0.029605567 0.14791578 0.041721173 0.95832586 0.19600478 0.0031424707 0.08306523 0.901998 0.03825831 0.8732951 0.4943966 0.0042487714 0.049483668 0.007172713 0.0003324818 0.8631685 0.0007175849 0.13312937 0.23464757 0.44171393 7.6877805e-05 0.001765848 0.00039036636 0.00021378341 0.3812729 0.76290506
0.80366075 1.7201465e-12 0.9799078 0.3253184 0.31335598 0.9766708 0.63892055 0.004798954 0.000885425 0.45395947 0.13191317 0.00036723528 0.00030993135 0.002673984 0.0012832797 0.000117369294 0.015793849 0.00019403554 0.00028433412 0.00053734734 0.0006426604 0.00021579962 3.5653065e-05 3.2165077e-05 0.00055555126 2.2148906e-06 1.604092e-06 1.7888073e-05 0.58149135 5.7854168e-06 5.1986312e-06 8.175507e-06 6.693591e-06 3.7539106e-05 2.8801094e-05 1.38929e-05 0.24903905 7.1514387e-06 0.0005802893 9.891864e-06 2.3764462e-06 2.3532202e-05 0.06377294 3.793738e-06 0.033303272 0.029428577 3.96429e-06 3.091561e-06 7.913159e-06 2.455841e-07 0.3504326 0.0059303488 0.00010972674 2.0233938e-05 0.00012711856 1.6322019e-06 0.028890405 0.019247884 1.1310212e-06 0.001477241 1.70655e-05 1.657424e-07 9.215364e-07 7.8051676e-07 1.8574025e-07 9.785598e-07 3.605462e-07 1.6701819e-06 1.6993204e-06 1.5726371e-06 2.0500981e-06 7.4172676e-06 8.998922e-05 0.102066256 1.6231832e-06 2.3737608e-05 4.4437103e-05 9.900344e-05 9.2814344e-07 1.0957218e-06 7.469039e-05 6.339997e-05 1.0796739e-06 0.025961986 1.3529027e-06 6.7089576e-07 0.00016198198 2.9591047e-07 1.9661796e-07 4.085368e-05 1.9481774e-07 1.1894718e-06 3.6859825e-07 3.5526855e-06 4.136901e-07 2.2686306e-06 9.8826094e-05 1.7019997e-06 8.135227e-06 1.1506463e-07 2.3045378e-07
0.9950538 0.9799078 3.173269e-15 0.92206097 0.19787367 0.3481586 0.23524955 0.09360907 0.038034774 0.15413903 0.089695245 0.015022439 0.0056342045 0.119311556 0.010410777 0.0016054487 0.025297707 0.0106457565 0.0046741324 0.0064542685 0.016437443 0.00054241624 7.774108e-05 9.4025636e-05 0.00048088425 1.2846554e-05 9.166232e-06 2.1676959e-05 0.22320333 3.0873525e-05 1.4514094e-05 2.7391673e-06 2.76339e-06 0.0007659091 3.269797e-05 2.5328412e-05 0.013437119 1.962902e-06 0.00012903028 2.8145307e-06 3.026532e-07 0.00021100779 0.007938587 5.643833e-07 0.0015665703 0.002174703 2.420048e-05 1.389255e-06 2.1374485e-06 4.7162843e-08 0.027847424 0.00078782544 3.0981487e-06 8.0065394e-07 0.0019714418 2.2170608e-08 0.38722667 0.0007647705 1.1137524e-07 0.00022470343 7.6202505e-06 1.3955278e-08 4.1786517e-08 1.3560502e-07 6.313169e-08 2.8636446e-08 3.1634437e-07 1.9709069e-07 1.7783834e-07 6.1717105e-07 5.0311064e-07 2.3577904e-06 1.1872456e-05 0.27716947 3.9672565e-07 4.4173572e-07 2.907505e-07 4.0468283e-05 5.954093e-07 2.201556e-06 2.5128966e-06 7.509654e-08 1.800664e-08 0.033746034 6.297532e-07 3.669176e-07 7.674902e-05 6.795013e-08 9.977992e-07 2.6480988e-05 4.776286e-08 1.4012556e-06 6.629269e-08 3.428993e-07 5.1833236e-08 1.1672555e-06 1.7145752e-06 1.710515e-06 4.6917972e-07 4.8552757e-09 1.9043115e-07
0.97501576 0.3253184 0.92206097 9.755913e-16 0.9162825 0.6516866 0.6856157 0.6498344 0.65902007 0.5770749 0.5342668 0.027353128 0.010553913 0.8440747 0.06373531 0.0037120255 0.13399705 0.17344183 0.15907328 0.109328724 0.22589584 0.00393374 0.00019633476 0.0001026613 0.0028767812 0.00025106114 6.989165e-05 4.4766708e-05 0.14658077 0.004342549 3.9012684e-05 1.7456388e-05 8.377186e-06 0.009909961 0.00036006962 8.244203e-06 0.003511721 2.3313427e-05 0.00038256307 1.2957725e-05 1.0734962e-06 0.0043957722 0.011245355 1.4688114e-06 0.00053708354 0.00034665276 0.00029883164 2.3293017e-06 1.7913662e-05 3.5789107e-08 0.0015276312 0.00027039243 1.5544465e-05 5.4034836e-06 0.010916926 3.5432132e-07 0.26207918 0.00527378 2.2415364e-07 0.0011961905 1.6411894e-06 1.9059328e-08 2.4325047e-08 1.5382366e-05 6.613533e-06 1.744409e-07 1.6574746e-05 4.6819528e-06 6.4583783e-06 5.436278e-05 1.6680044e-06 3.1070213e-05 8.692169e-05 0.06813121 2.6539615e-07 1.0938884e-06 9.677465e-08 0.00056571705 2.9327077e-05 6.4790993e-06 6.616858e-06 9.463728e-07 3.3258672e-08 0.012172383 9.91489e-06 7.101984e-07 0.0009785556 6.1168237e-07 1.2565843e-06 2.9603214e-05 9.837553e-08 6.691156e-05 1.4394999e-06 1.3471252e-07 9.672939e-07 1.0807983e-05 1.2018729e-05 8.038838e-06 2.5778788e-06 1.9105954e-08 1.7867638e-08
0.8303267 0.31335598 0.19787367 0.9162825 4.1610595e-15 0.6926082 0.894371 0.9639949 0.61267656 0.78621405 0.79485387 0.023399487 0.010261339 0.13672747 0.44118994 0.0027140256 0.6556789 0.017264819 0.017137915 0.017099263 0.029317476 0.03682229 2.4062861e-05 1.515754e-05 0.06409607 3.0259707e-06 1.4483667e-06 7.445815e-06 0.5442971 2.5149333e-05 2.9504413e-06 2.0135408e-06 1.947868e-06 0.003000021 0.00033108896 2.897865e-06 0.017126828 2.5128058e-06 0.01061957 5.874515e-05 1.361229e-07 0.00063336524 0.3550289 4.119507e-07 0.01651078 0.0017212277 0.00011651946 8.478801e-08 1.2030431e-06 7.682254e-09 0.0006705382 0.0006150087 0.0001849663 2.910357e-05 0.005550593 4.427202e-08 0.031598598 0.065036125 7.560819e-08 0.035657074 1.4193893e-05 4.3767905e-09 1.0817814e-08 2.6847988e-06 1.9573051e-06 1.7333478e-07 5.7018797e-06 3.5516318e-06 6.1315365e-07 1.0839786e-05 1.4437509e-06 8.4825115e-05 0.0001591823 0.022260856 5.5197454e-08 5.351317e-07 1.4219634e-07 0.0017669244 2.2799177e-06 9.649472e-07 4.188467e-06 6.5791573e-07 1.9562536e-07 0.0017895034 6.919927e-06 1.94948e-07 0.00034769686 4.373073e-07 3.6020666e-07 8.296653e-06 1.9065583e-08 5.855945e-05 8.508611e-08 8.5795655e-08 2.2639999e-07 1.0969895e-05 3.6746456e-05 2.1302843e-05 4.922951e-06 9.5706305e-08 2.7160631e-08
0.7934657 0.9766708 0.3481586 0.6516866 0.6926082 3.0829898e-16 0.95412153 0.07209751 0.015271426 0.9193877 0.55450606 0.00025898154 4.8795864e-05 0.011173204 0.004442658 1.0305805e-05 0.09217886 0.00015227353 0.0004861752 0.0009932526 0.002229366 4.7750178e-05 1.8807494e-07 2.0840045e-07 0.0012073608 1.4427413e-07 2.0343343e-08 2.2390624e-07 0.8425943 6.074313e-07 8.7670564e-08 7.1945074e-08 7.1049534e-08 5.6444303e-05 4.091788e-06 4.1727722e-07 0.06670613 4.3019316e-08 0.00013939185 1.443828e-06 1.1156015e-08 1.1057979e-05 0.39486867 1.8704382e-08 0.056019217 0.013762509 2.5910506e-06 7.472386e-09 5.925687e-08 5.267184e-10 0.021113956 0.003255646 2.3210427e-05 4.7449507e-06 0.0003590108 1.0282462e-08 0.012624606 0.03333074 5.163645e-09 0.006561247 2.3909338e-06 7.126771e-10 1.6073298e-09 3.6496377e-08 2.5320404e-08 2.4181887e-07 4.979193e-07 6.9196915e-07 6.510019e-08 2.5157368e-07 3.2140804e-06 2.58692e-06 7.071679e-05 0.025744777 6.335723e-09 1.0059186e-06 3.018065e-08 9.550768e-05 1.2857755e-07 6.0836484e-08 5.213235e-07 1.09961434e-07 5.081186e-09 0.0008177246 7.1113163e-07 4.983192e-09 6.714885e-05 2.2864649e-08 1.8545846e-07 1.7734188e-06 2.809182e-09 8.555806e-06 1.552094e-09 2.1003634e-09 1.5143818e-10 9.606446e-07 4.41693e-06 1.6594223e-06 2.919043e-07 1.9711463e-08 7.291489e-11
0.7082172 0.63892055 0.23524955 0.6856157 0.894371 0.95412153 1.3415979e-15 0.4098402 0.07461577 0.98028195 0.84466356 0.0019216705 0.00058515125 0.024105283 0.053543627 0.00014488932 0.45931384 0.0014726534 0.0014668029 0.0046635065 0.005955238 0.0010660498 1.3060337e-05 1.0358184e-05 0.008875317 7.942222e-06 9.100527e-07 1.0000785e-05 0.5854212 6.1321357e-06 2.0709338e-06 4.7754756e-06 2.7732804e-06 0.00058466033 4.3905326e-05 1.0487982e-05 0.041342612 2.5786683e-06 0.0009637723 4.459873e-05 4.5827713e-07 9.972467e-05 0.30962312 8.0894074e-07 0.02968499 0.008495806 8.686149e-06 1.6640617e-07 1.3507074e-06 1.754763e-08 0.0039739204 0.0017913774 5.8243702e-05 1.8869134e-05 0.0015586899 1.05529054e-07 0.019479431 0.059209473 4.065645e-08 0.0160602 1.2741623e-05 9.32908e-09 1.6780065e-08 6.167104e-07 6.5563955e-07 5.683825e-07 6.026482e-06 1.7679282e-05 3.02124e-07 5.2188584e-06 6.342062e-06 1.4415613e-05 7.119222e-05 0.017317193 1.0695644e-07 3.120129e-06 8.307563e-08 0.00025313816 5.436513e-08 5.8329255e-07 2.2098438e-06 4.0567545e-07 3.1242738e-08 0.0016493069 7.955399e-07 2.6932103e-08 0.00038357408 1.2054142e-07 4.882265e-08 1.4624239e-06 2.0891854e-08 1.8274559e-05 1.9088326e-08 8.830877e-09 5.3540248e-08 2.5291467e-06 4.0968975e-05 6.8452123e-06 6.6153116e-06 1.700554e-08 7.475861e-10
0.91588897 0.004798954 0.09360907 0.6498344 0.9639949 0.07209751 0.4098402 4.149348e-14 0.9211906 0.41847304 0.69963324 0.510402 0.3487447 0.14143845 0.9209481 0.2285441 0.78951913 0.10814264 0.06290045 0.031523667 0.036286943 0.37180024 0.00049889396 0.00022899527 0.36063614 2.5696108e-05 5.787536e-06 4.7511203e-05 0.13208604 0.00015835195 6.338096e-06 1.6145583e-05 8.640533e-06 0.005688945 0.011501315 9.441358e-06 0.003645843 2.4501986e-05 0.06573075 0.0005675451 5.3384514e-07 0.0009808232 0.21324733 2.5368745e-06 0.0030019057 0.0002750329 0.00018526448 1.8148465e-07 2.47704e-06 1.575061e-08 7.366578e-05 0.00014768881 0.005322457 0.00049419055 0.008056891 1.6799017e-07 0.030444123 0.11686729 2.6904468e-07 0.1398306 0.00012133117 1.2777341e-08 6.101906e-08 4.6349724e-06 1.2380795e-05 3.6104566e-06 1.838898e-05 2.0527657e-05 1.0335297e-06 6.8234426e-06 4.3701508e-05 0.0015987415 0.001685024 0.023850696 1.308144e-07 2.4027534e-06 4.3631545e-07 0.011789989 3.044946e-06 3.3030426e-06 2.4883075e-06 3.556443e-07 1.6997878e-07 0.0011468293 1.4493733e-05 3.1257716e-07 0.0013266728 3.7074983e-07 2.5788354e-06 2.7245582e-05 2.2602409e-08 9.621281e-05 7.412402e-08 7.5084216e-08 2.66069e-07 6.043066e-05 2.359823e-05 0.000121870406 1.6136385e-06 1.9079687e-07 2.6159912e-08
0.90579665 0.000885425 0.038034774 0.65902007 0.61267656 0.015271426 0.07461577 0.9211906 3.028461e-16 0.06528208 0.092924625 0.6583546 0.4538912 0.95327014 0.29070696 0.27366546 0.09438389 0.827525 0.7390756 0.46763858 0.33833858 0.047594946 0.009299449 0.007051799 0.018380828 0.012091839 0.0023238612 0.0018501262 0.006761452 0.05035952 0.0026028308 0.0012076062 0.0007721673 0.10223147 0.004771522 0.00016131431 0.00010113785 0.00068282057 0.0030852598 0.00036908 6.912015e-05 0.021732807 0.0027893116 9.5019015e-05 0.00023693111 4.43186e-05 0.0027175327 0.00014529807 0.00076717563 4.4063822e-06 1.9469015e-05 2.7093174e-05 0.00017752277 0.00012434913 0.034752674 2.8095388e-05 0.0563106 0.0035673375 7.842303e-05 0.0039018716 3.9472365e-05 1.4431341e-06 2.8021145e-06 0.00015799911 0.00019097356 3.0461167e-06 0.0006270935 7.0217204e-05 6.2457366e-05 0.0005714068 5.111032e-05 0.0006557396 0.00033653897 0.02548315 2.7510764e-06 1.9893232e-06 1.8294487e-07 0.002812886 3.806871e-05 5.302631e-06 8.7081535e-06 1.7048102e-06 6.0666594e-07 0.0013085927 1.261076e-05 2.6026157e-06 0.0028609466 8.1815705e-07 2.8347638e-06 3.0198777e-05 3.4243328e-07 7.932029e-05 2.4295662e-07 5.5934943e-06 6.329639e-06 6.512406e-05 5.3885656e-06 2.8523813e-05 1.0826753e-06 1.1664703e-07 4.953477e-08
0.72406036 0.45395947 0.15413903 0.5770749 0.78621405 0.9193877 0.98028195 0.41847304 0.06528208 4.622996e-17 0.97185975 0.0012767916 0.0007141366 0.022215243 0.07689248 0.00020248155 0.5251394 0.0013052095 0.001845943 0.0049849544 0.007853455 0.0014919129 2.6655118e-06 4.031533e-06 0.019897912 9.864135e-07 4.0302973e-07 3.9056927e-06 0.6558361 2.1492776e-06 8.4827855e-07 1.386851e-06 1.3211585e-06 0.0006037734 3.239124e-05 8.589161e-06 0.05758429 9.292381e-07 0.0020085592 2.675772e-05 1.241346e-07 2.0373544e-05 0.44910416 1.7573394e-07 0.044576846 0.015412793 9.196556e-06 9.009693e-08 2.3748545e-07 7.066406e-09 0.004836062 0.002983302 5.8765378e-05 1.3526185e-05 0.0010050585 2.1455929e-08 0.014229351 0.10380767 1.644346e-08 0.03363561 9.763958e-06 5.829632e-09 1.2215013e-08 3.3913847e-07 1.1452961e-07 8.906949e-07 4.0213076e-06 4.186929e-06 6.312386e-08 1.1394866e-06 4.3969076e-06 2.382154e-05 0.0001153484 0.010375951 7.259874e-08 1.8440426e-06 4.624975e-08 0.00077377685 2.088273e-08 7.379111e-08 9.1138327e-07 1.3599652e-07 7.743718e-09 0.0023954094 3.4596098e-07 1.9717707e-08 0.0004295734 1.8004854e-08 7.7288036e-08 1.1787104e-06 6.4552523e-09 1.0137913e-05 1.316472e-08 6.193503e-09 7.414901e-09 1.6124986e-06 6.825643e-06 5.2804853e-07 4.957241e-07 3.6891366e-09 5.5705707e-10
0.8623388 0.13191317 0.089695245 0.5342668 0.79485387 0.55450606 0.84466356 0.69963324 0.092924625 0.97185975 1.33213145e-17 0.008893819 0.0024571356 0.027676627 0.52601796 0.0006007578 0.9729176 0.002683216 0.0024645645 0.004124196 0.0068588117 0.025064968 4.124486e-06 3.1062107e-06 0.21607877 7.2975763e-07 2.5730978e-07 9.81826e-07 0.7133631 2.0026134e-06 3.3419315e-07 5.335591e-07 2.832779e-07 0.00051333563 0.00011949521 2.8393713e-06 0.078155085 4.350677e-07 0.018451001 3.7585567e-05 5.391809e-08 2.325037e-05 0.697737 4.2874657e-08 0.07478969 0.012242502 4.935554e-06 6.07252e-08 1.0827131e-07 2.8208977e-09 0.0020982407 0.004937294 0.00044757646 4.2456162e-05 0.0008749038 2.0425729e-08 0.01249491 0.30214128 1.1129492e-08 0.22861081 7.2135454e-06 3.1269967e-09 4.6552406e-09 1.1993276e-07 6.00876e-08 1.0695313e-06 1.9511142e-06 5.639671e-06 3.359127e-08 7.6347146e-07 1.3831785e-05 0.0002291331 0.0013655181 0.009898206 3.4463177e-08 3.994106e-06 7.637824e-09 0.00719598 9.6467055e-08 3.82497e-08 3.602941e-06 1.2207775e-07 2.303984e-09 0.0036473677 8.7240414e-07 1.0207037e-08 0.0012928181 1.1482867e-08 7.4775056e-07 7.1216837e-06 3.2365632e-09 5.6108336e-05 1.1205619e-08 6.1156977e-09 7.108231e-09 1.1305722e-05 7.999224e-06 1.101336e-06 1.8527082e-06 6.6771317e-09 3.2830563e-10
0.9440929 0.00036723528 0.015022439 0.027353128 0.023399487 0.00025898154 0.0019216705 0.510402 0.6583546 0.0012767916 0.008893819 1.8314748e-15 0.9720645 0.045460958 0.70719415 0.9700553 0.07628422 0.5794299 0.1451066 0.03512823 0.025836065 0.6915355 0.3242908 0.13731743 0.21676563 0.0026666839 0.00023982185 0.0025335525 0.000726658 0.009824274 7.365061e-05 0.0024225423 0.00020947777 0.03969462 0.30063203 0.000119581404 2.7456128e-05 0.018985992 0.1583414 0.04151223 1.6959102e-05 0.0028705476 0.0069809216 4.522306e-05 0.00052414264 2.3381652e-05 0.00024905824 2.6212554e-06 1.4200013e-05 8.434348e-08 5.935596e-06 0.00014580027 0.05683417 0.03369597 0.013987305 2.6676785e-06 0.035795204 0.018483067 6.863596e-07 0.07294451 0.0013534153 1.2966773e-07 5.360526e-07 1.3711885e-05 1.8446117e-05 0.0006388696 7.036683e-05 0.00013363508 7.226146e-06 4.6237958e-05 0.0048815366 0.018326016 0.0045569083 0.03357814 2.9880825e-06 2.5969344e-05 4.7964845e-06 0.007141921 2.3442751e-06 9.508681e-05 1.1063633e-05 8.710678e-06 5.630664e-08 1.7391269e-05 3.9925676e-06 1.6920337e-06 0.00011912019 3.6945926e-06 0.00038322655 8.185723e-07 1.0705134e-07 0.00019297832 2.568697e-07 2.3738625e-07 1.1791308e-06 2.3615294e-05 8.089493e-05 0.0002935964 1.6774971e-05 5.11859e-08 1.0594545e-08
0.90167874 0.00030993135 0.0056342045 0.010553913 0.010261339 4.8795864e-05 0.00058515125 0.3487447 0.4538912 0.0007141366 0.0024571356 0.9720645 2.468535e-16 0.025696442 0.6728381 0.98043716 0.060257133 0.38395742 0.09414727 0.022555364 0.016916886 0.7316845 0.2900156 0.13971883 0.227179 0.0017435759 0.00023533158 0.0021016842 0.00060878205 0.0078034527 9.6162716e-05 0.0025523584 0.00020104265 0.023551349 0.3569512 7.0578404e-05 2.0524467e-05 0.021833057 0.15531778 0.056431632 6.075347e-06 0.002551036 0.008898311 3.0489784e-05 0.00034102678 3.8981093e-06 0.00049453636 1.2692898e-06 5.623082e-06 1.3071146e-08 6.7805803e-07 4.3343105e-05 0.0744901 0.04893705 0.010077464 1.55777e-06 0.018611105 0.01629259 2.3769162e-07 0.08134355 0.0034917477 3.2599598e-08 1.8564675e-07 9.100071e-06 1.193463e-05 0.0017104881 3.9556176e-05 6.7828e-05 6.0380503e-06 2.4306348e-05 0.010249837 0.035189085 0.008988437 0.016587216 1.0481907e-06 2.2454176e-05 4.3107457e-06 0.011791489 8.0009295e-07 1.3243985e-05 5.7864263e-06 8.6103813e-07 6.8477934e-09 3.2582968e-06 1.2676253e-06 5.249805e-07 0.00012394022 3.3543938e-07 0.0006519652 2.0513897e-07 1.2727916e-08 0.00012055596 1.05981485e-07 1.3941098e-08 6.825603e-08 1.1745804e-05 7.740005e-05 0.00027475445 5.9421664e-06 1.175345e-08 4.581405e-10
0.921966 0.002673984 0.119311556 0.8440747 0.13672747 0.011173204 0.024105283 0.14143845 0.95327014 0.022215243 0.027676627 0.045460958 0.025696442 2.6793625e-18 0.0372181 0.015281544 0.015736055 0.3386332 0.6397321 0.97485334 0.8205018 0.0046193223 0.0014784242 0.0019314319 0.0016467435 0.0007531439 0.0007651477 0.0007755602 0.009320656 0.03956092 0.0017313631 0.00016503759 0.0002519986 0.15917031 0.00036737384 0.00017493278 0.0005161529 6.485638e-05 0.0003887325 1.2892629e-05 7.871761e-06 0.02914987 0.0024587365 2.7392637e-06 0.0002902271 0.00030543463 0.0021049348 0.0003539213 0.0010264975 3.5690161e-06 0.0005402016 6.951991e-05 6.325035e-06 6.289966e-06 0.057833627 3.357278e-05 0.2996724 0.0017219762 3.9777817e-05 0.0012101113 2.5274336e-05 1.3984336e-06 1.1367524e-06 0.0003081524 8.047472e-05 3.9536562e-07 0.00018541647 0.00010720301 7.3115305e-05 0.00048245635 2.315351e-06 5.1078358e-05 4.3924545e-05 0.05623746 2.2151316e-06 1.2051653e-06 1.2013194e-07 0.00046687576 4.182964e-05 7.5422245e-06 9.741254e-06 1.1796853e-06 2.42791e-07 0.0014028897 2.427035e-05 5.261637e-06 0.0004993226 6.479607e-06 6.8739114e-06 4.092924e-06 9.643543e-08 7.056932e-05 2.8229462e-07 2.8991211e-05 1.1320881e-05 9.337229e-06 2.1056545e-05 1.3574775e-05 2.2738227e-06 3.4367275e-08 7.034673e-08
0.94532293 0.0012832797 0.010410777 0.06373531 0.44118994 0.004442658 0.053543627 0.9209481 0.29070696 0.07689248 0.52601796 0.70719415 0.6728381 0.0372181 1.5317716e-17 0.7018407 0.9491744 0.03049755 0.018379856 0.010129723 0.0096304845 0.9225206 0.0016965274 0.0006414496 0.89243114 2.1226713e-05 4.0983887e-06 3.039954e-05 0.056080554 0.000107589556 5.176112e-06 2.3615046e-05 5.0647545e-06 0.0017134034 0.1964956 6.14532e-06 0.0008479276 0.0001503579 0.3289531 0.00815446 5.4996974e-07 0.0004920076 0.16903013 1.4887028e-06 0.0028270143 0.00020952831 9.12426e-05 1.3538728e-07 2.7430099e-06 1.0205226e-08 2.7081242e-05 0.00013684356 0.05115236 0.006990769 0.002455422 2.1208136e-07 0.008148058 0.283257 1.13234705e-07 0.49987 0.00015354161 7.736838e-09 5.0007905e-08 5.836653e-07 6.6070174e-07 1.8682198e-05 3.4947955e-06 4.079344e-06 8.8956966e-08 1.6317458e-06 0.0026326233 0.049882215 0.026134823 0.009088286 4.5178805e-08 7.0886636e-06 5.9716876e-07 0.08304613 5.973111e-07 1.0930207e-06 4.9941473e-06 5.3743724e-07 3.2670724e-09 0.00055071065 2.9081941e-06 1.13621105e-07 0.0037276382 1.0622718e-07 0.00019199861 2.296933e-05 7.8365225e-09 0.000294528 3.2421937e-08 6.9825217e-09 8.847989e-09 0.00028111698 2.5642132e-05 0.00034146302 3.9539673e-06 2.5385976e-08 3.7209422e-10
0.9059597 0.000117369294 0.0016054487 0.0037120255 0.0027140256 1.0305805e-05 0.00014488932 0.2285441 0.27366546 0.00020248155 0.0006007578 0.9700553 0.98043716 0.015281544 0.7018407 6.317464e-17 0.07017738 0.2935013 0.054379333 0.010150877 0.013171988 0.8468031 0.43128031 0.31125322 0.2984253 0.0016794483 0.00056125096 0.005316739 0.00042882294 0.0063326345 0.00023946099 0.008925793 0.00041648862 0.014889777 0.45737752 0.00018681066 8.142228e-06 0.07094934 0.21516027 0.123468496 2.328059e-05 0.0017994 0.0034650718 0.00010454145 0.00032758887 6.299475e-06 0.00064583693 3.9414795e-06 6.6985276e-06 1.05330564e-07 2.5953423e-07 1.2170832e-05 0.10570532 0.07026103 0.0046981764 1.4504456e-06 0.009704462 0.0135238 8.198144e-07 0.07250472 0.008649079 2.2173896e-07 3.6291652e-07 1.0397842e-05 5.1010034e-06 0.0030425242 4.43047e-05 4.2449683e-05 3.0279857e-06 2.2500995e-05 0.012208766 0.04329432 0.007884335 0.009344953 2.2013207e-06 0.00012412 2.5713342e-05 0.013208783 1.659242e-06 9.251279e-06 1.9406747e-05 9.729328e-07 6.814231e-09 3.3276601e-06 9.646013e-07 4.8797074e-07 0.00014077293 1.5421732e-07 0.0007723937 1.7976708e-07 1.5387656e-08 6.421586e-05 5.7039077e-08 1.8735374e-08 6.4805334e-08 1.1732817e-05 9.602003e-05 0.00014226385 5.6009135e-06 6.9194273e-09 2.2583599e-10
0.9226491 0.015793849 0.025297707 0.13399705 0.6556789 0.09217886 0.45931384 0.78951913 0.09438389 0.5251394 0.9729176 0.07628422 0.060257133 0.015736055 0.9491744 0.07017738 2.5089865e-17 0.006207504 0.0036592921 0.0032117798 0.003678824 0.46190894 2.6445252e-05 1.720914e-05 0.8693923 5.8440276e-07 2.3007432e-07 2.792154e-06 0.40829334 1.0147527e-05 4.0129538e-07 1.2423628e-06 7.0592665e-07 0.0005595655 0.0050781183 2.6291468e-06 0.015875507 9.241063e-07 0.1643943 0.00031925895 1.705297e-07 6.231493e-05 0.6890135 1.3450573e-07 0.039788302 0.0031337664 3.030512e-05 1.13079544e-07 2.6024185e-07 3.751895e-09 0.00034262298 0.0016288627 0.0059713516 0.00030841524 0.00077997585 1.2632944e-07 0.0068684886 0.48639172 5.0154725e-08 0.5614707 3.1101874e-05 1.5407743e-08 3.6333365e-08 3.3278138e-07 1.3943459e-07 5.8022524e-06 4.215062e-06 2.7871283e-06 6.9153145e-08 1.4551354e-06 0.00012751961 0.0084208725 0.01189417 0.0053325747 3.372763e-08 6.3625625e-06 1.6122503e-07 0.04291983 2.0942852e-07 1.6941237e-07 3.4238615e-06 2.678228e-07 3.5320624e-09 0.00097374927 4.02028e-06 1.6624422e-07 0.0023229185 6.0551244e-08 5.83637e-05 3.4132252e-05 6.716319e-09 0.00018324809 2.431081e-08 2.4140304e-08 2.4868246e-08 9.439877e-05 1.8196994e-05 4.5722678e-05 2.3392302e-06 3.5411034e-08 5.555758e-10
0.9266991 0.00019403554 0.0106457565 0.17344183 0.017264819 0.00015227353 0.0014726534 0.10814264 0.827525 0.0013052095 0.002683216 0.5794299 0.38395742 0.3386332 0.03049755 0.2935013 0.006207504 9.008089e-17 0.9894997 0.36582324 0.15964256 0.03438832 0.3267556 0.3391865 0.0063286684 0.47766882 0.40261182 0.22563487 8.040882e-05 0.80570775 0.4704336 0.0664524 0.077546805 0.55235416 0.017213171 0.054013565 6.337005e-07 0.025746742 0.0019900748 0.0037047279 0.011033604 0.2556502 3.4299617e-05 0.006526368 5.9577987e-06 4.347699e-07 0.06508844 0.016240994 0.057144225 0.0063967803 6.144874e-08 3.4702734e-07 0.00014434123 0.00062008057 0.15996763 0.001148964 0.077113025 1.2796969e-05 0.00086730294 0.00037507058 0.0011966081 0.00027387758 0.00011996302 0.016620366 0.02413988 4.192425e-05 0.023582904 0.009111192 0.0053545516 0.034584798 0.00013043341 0.0014049603 9.942354e-05 0.04348474 4.9469178e-05 3.931289e-05 5.122495e-05 0.0015073463 0.0012496321 0.00022873073 8.332109e-05 8.599669e-06 3.877123e-05 0.00010889953 9.6524534e-05 4.6781523e-05 9.639649e-05 3.7117617e-05 0.00058337295 9.7661726e-08 2.2029117e-05 3.806824e-05 5.1450083e-06 0.00052976 0.0007893182 6.855103e-06 5.021764e-05 3.0182451e-05 9.0450785e-06 4.05398e-06 1.314099e-06
0.9091201 0.00028433412 0.0046741324 0.15907328 0.017137915 0.0004861752 0.0014668029 0.06290045 0.7390756 0.001845943 0.0024645645 0.1451066 0.09414727 0.6397321 0.018379856 0.054379333 0.0036592921 0.9894997 1.16032885e-17 0.7405541 0.49710608 0.009085102 0.014537493 0.0149430595 0.0018929291 0.024456576 0.035984524 0.0055532954 0.000463053 0.49617127 0.08395953 0.0022908875 0.0031625363 0.7057732 0.0026522288 0.003928999 9.963858e-06 0.0011934381 0.00074601657 0.00027545472 0.00033231982 0.2583598 0.00063906243 0.0001952637 3.033655e-05 1.9398244e-06 0.027590582 0.0022658939 0.011474604 0.00022463957 5.9530765e-07 1.1583508e-06 2.0426269e-05 4.3255273e-05 0.19734056 0.00045215947 0.23445304 9.3175215e-05 0.0011640751 0.0012279481 0.00013274468 2.417716e-05 5.3226745e-06 0.0055598635 0.008797918 8.495419e-06 0.00512837 0.0020320397 0.0017626421 0.011251593 3.4720215e-05 0.00046089067 6.842507e-05 0.05106252 7.123426e-05 8.868726e-06 1.0329846e-06 0.0006051053 0.00034934844 3.609347e-05 9.976874e-06 9.474759e-06 1.2531789e-05 4.162486e-05 7.030331e-05 2.9606108e-06 6.884345e-05 6.9740004e-06 8.580654e-06 4.4320964e-07 8.781232e-06 1.49833495e-05 1.0187257e-06 0.00021900825 0.0005087248 4.403387e-06 4.6457217e-06 9.422505e-06 1.5397769e-06 1.5334799e-06 3.7392502e-07
0.91426563 0.00053734734 0.0064542685 0.109328724 0.017099263 0.0009932526 0.0046635065 0.031523667 0.46763858 0.0049849544 0.004124196 0.03512823 0.022555364 0.97485334 0.010129723 0.010150877 0.0032117798 0.36582324 0.7405541 2.0168285e-16 0.9807027 0.0022178332 0.0021959082 0.002495486 0.00080398284 0.0028952437 0.004074482 0.0011345379 0.002721746 0.08876105 0.009113682 0.00047046592 0.0005389028 0.35073507 0.0010069691 0.0005709564 0.00010710256 0.00033396366 0.0002728114 6.1274564e-05 5.131775e-05 0.12202219 0.0011525537 2.2567981e-05 0.00012290699 3.1764488e-05 0.011110055 0.001038004 0.0057241586 4.892512e-05 8.109494e-06 4.0168135e-05 4.7202266e-06 1.0513529e-05 0.15276225 0.00021421196 0.48364162 0.0005441371 0.00044535784 0.0010036817 1.4786928e-05 1.289933e-05 5.0154053e-06 0.002603316 0.0012626941 1.529096e-06 0.0015733278 0.0007135324 0.0006541765 0.00306373 2.4005844e-06 0.00013766557 3.2856675e-05 0.08354886 1.9074996e-05 3.0572576e-06 1.7799853e-07 0.0005202091 0.0002674628 5.0786963e-05 5.7729717e-06 5.768888e-06 3.6565077e-06 0.00038385476 8.470757e-05 4.3321843e-06 0.00032992646 1.153029e-05 1.0659984e-05 1.1638037e-05 4.5088012e-07 8.201429e-05 1.1792714e-06 4.975282e-05 7.3118594e-05 2.0541112e-05 1.3186454e-05 3.229657e-05 4.4696176e-06 1.3139892e-07 2.1101674e-07
0.98488796 0.0006426604 0.016437443 0.22589584 0.029317476 0.002229366 0.005955238 0.036286943 0.33833858 0.007853455 0.0068588117 0.025836065 0.016916886 0.8205018 0.0096304845 0.013171988 0.003678824 0.15964256 0.49710608 0.9807027 3.3933318e-17 0.002388379 0.0012930894 0.0010642416 0.0009821946 0.0017909385 0.0010059264 0.00060399686 0.0011311062 0.017650979 0.0020505374 0.0003712836 0.00024680584 0.33634156 0.0001648317 0.00025504958 0.00016833488 0.00025773825 0.000248531 3.9201514e-05 4.6732337e-05 0.04321653 0.0012796513 6.248882e-05 0.00019520297 9.9385994e-05 0.0030665756 0.00042669568 0.0013724243 7.1846407e-06 5.652492e-06 0.00022847152 3.2147353e-05 5.872442e-05 0.22947071 0.00036370338 0.8529613 0.0044627944 0.00012409218 0.00501373 3.3414217e-05 8.569901e-06 1.4018297e-05 0.00043991816 0.00039298253 3.4426765e-05 0.00031685663 0.00056232006 0.00016151044 0.000867537 1.4008035e-05 0.00011042493 8.4814514e-05 0.4001561 3.001028e-06 1.9586658e-05 2.8017243e-06 0.00073323015 5.7892114e-05 5.0029637e-05 1.1625425e-05 6.0532434e-06 9.1448976e-07 0.00049761526 2.0197615e-05 8.9238006e-07 0.00055757037 9.4198085e-06 2.4744522e-06 3.584699e-05 1.7360131e-07 1.2670445e-05 3.1650703e-07 2.758218e-05 1.4310198e-05 1.6858705e-05 3.7783444e-05 8.3311155e-05 3.5916748e-06 1.6171933e-07 1.5232972e-08
0.9452913 0.00021579962 0.00054241624 0.00393374 0.03682229 4.7750178e-05 0.0010660498 0.37180024 0.047594946 0.0014919129 0.025064968 0.6915355 0.7316845 0.0046193223 0.9225206 0.8468031 0.46190894 0.03438832 0.009085102 0.0022178332 0.002388379 3.3692757e-17 0.13108806 0.06680937 0.9733688 0.00013582745 4.7657373e-05 0.00039205083 0.0006492854 0.00040361998 3.0259433e-05 0.00047334866 1.0183766e-05 0.0016573481 0.81275433 1.7337714e-05 1.670667e-05 0.009224674 0.64250934 0.20388062 1.8939272e-06 0.00079719 0.03103478 3.836836e-06 0.000841396 1.6525755e-05 0.00021018757 3.4931077e-07 6.491575e-06 2.7253884e-08 1.0119679e-06 8.96259e-05 0.15103786 0.06560025 0.0012626189 1.9635337e-07 0.0031206561 0.10529098 7.722717e-08 0.3551079 0.0012843462 2.8602932e-08 1.15225305e-07 3.078228e-06 1.7139146e-06 0.0011168686 1.2602633e-05 6.682436e-06 4.8868606e-07 4.0964424e-06 0.024007117 0.1429344 0.041875124 0.0054600174 2.940138e-08 8.791367e-05 1.0349149e-05 0.061255362 1.14139e-06 3.9902075e-06 2.644369e-05 5.88233e-07 3.2159369e-09 0.00014646152 5.979298e-06 1.06846336e-07 0.0013493086 1.2038448e-07 0.0014828701 1.9082481e-06 2.681962e-09 0.00019105757 1.3111596e-08 1.0005951e-08 1.900477e-08 5.6133227e-05 0.00020451851 0.00049713644 8.792957e-06 2.1224373e-08 9.412969e-11
0.9034355 3.5653065e-05 7.774108e-05 0.00019633476 2.4062861e-05 1.8807494e-07 1.3060337e-05 0.00049889396 0.009299449 2.6655118e-06 4.124486e-06 0.3242908 0.2900156 0.0014784242 0.0016965274 0.43128031 2.6445252e-05 0.3267556 0.014537493 0.0021959082 0.0012930894 0.13108806 6.263832e-17 0.99055856 0.003506009 0.082358524 0.015786313 0.718594 2.3133316e-06 0.020357965 0.0038890734 0.81272507 0.15370348 0.012542904 0.549582 0.008545752 8.087972e-07 0.9129133 0.021670135 0.31398502 0.005122097 0.0024213598 0.00015833293 0.08591248 5.047384e-05 2.0743838e-07 0.00073860714 2.6201458e-06 1.6833352e-05 1.2876131e-06 5.1033044e-08 5.235014e-06 0.081242025 0.2344702 0.0043095313 1.4761588e-06 0.0042238063 1.50463975e-05 7.0859903e-07 0.0032778075 0.24722703 7.815826e-07 4.506353e-06 6.995336e-06 1.0233886e-05 0.084127046 4.5754783e-05 3.366778e-05 3.4301427e-06 2.4755956e-05 0.10143873 0.026798023 0.0020756605 0.007822848 2.0975062e-06 0.028060412 0.0069572576 0.0011076493 2.7342346e-06 0.00022613516 0.0017444217 2.411709e-06 7.444447e-09 2.6803744e-07 1.420564e-06 4.188818e-06 2.541518e-05 2.9293155e-06 0.0016995727 2.5320837e-08 1.748632e-08 1.3136735e-05 1.8727775e-07 5.7439173e-09 5.1247053e-08 5.212971e-07 0.0010676343 0.0001649723 0.00015460467 5.8713443e-09 3.5844885e-10
0.9098079 3.2165077e-05 9.4025636e-05 0.0001026613 1.515754e-05 2.0840045e-07 1.0358184e-05 0.00022899527 0.007051799 4.031533e-06 3.1062107e-06 0.13731743 0.13971883 0.0019314319 0.0006414496 0.31125322 1.720914e-05 0.3391865 0.0149430595 0.002495486 0.0010642416 0.06680937 0.99055856 1.9642616e-17 0.0013454172 0.14221302 0.030148065 0.7432663 3.3305776e-06 0.031113826 0.0058882264 0.8355807 0.24365793 0.021537734 0.44886294 0.020680567 1.1417841e-06 0.8972122 0.014958628 0.27888283 0.015023536 0.0061113066 9.6762145e-05 0.14453183 5.1138355e-05 2.5268986e-07 0.001215183 1.2182713e-05 0.00010015507 5.872966e-06 5.6505886e-08 8.249543e-06 0.070061244 0.21671036 0.006443005 1.0239899e-05 0.0055531682 9.640251e-06 2.3717434e-06 0.0019247353 0.26461467 3.4006882e-06 2.519737e-05 3.5887115e-05 6.628526e-05 0.100143395 0.00017085343 0.0003661339 1.6109347e-05 8.539637e-05 0.0979545 0.019652806 0.0010272397 0.009238434 6.5501554e-06 0.032667685 0.014806981 0.00029356082 2.4084086e-06 0.00078822294 0.002024612 1.1235138e-05 2.3177986e-08 1.4642485e-07 2.6769653e-06 3.3719753e-06 2.6499785e-05 7.528585e-06 0.0013847207 8.8673175e-09 8.9288605e-08 6.3323864e-06 3.4646914e-07 2.7598242e-08 4.232215e-07 2.8591407e-07 0.0008740295 0.00012710014 0.00018041933 2.5779796e-08 1.7869808e-09
0.8481414 0.00055555126 0.00048088425 0.0028767812 0.06409607 0.0012073608 0.008875317 0.36063614 0.018380828 0.019897912 0.21607877 0.21676563 0.227179 0.0016467435 0.89243114 0.2984253 0.8693923 0.0063286684 0.0018929291 0.00080398284 0.0009821946 0.9733688 0.003506009 0.0013454172 1.5358739e-16 9.491889e-06 5.9092654e-06 5.169913e-05 0.009712374 4.4884528e-05 7.36505e-06 6.982629e-05 5.2209293e-06 0.00037877282 0.60182893 1.11606405e-05 0.0005929111 0.00041440205 0.9726301 0.048646256 1.6259442e-06 0.00016736596 0.33349597 1.3540064e-06 0.010723636 0.00025502645 7.5166296e-05 3.8199045e-07 2.335719e-06 1.7210986e-08 2.9503866e-05 0.0010529915 0.14355963 0.019855343 0.00022972081 1.981472e-07 0.0026375789 0.10994188 1.4125658e-07 0.5720291 0.00019498289 7.825817e-08 7.345802e-08 1.849058e-06 9.1221716e-07 0.00018200942 9.373837e-06 2.4715373e-06 1.4440511e-06 1.89463e-06 0.006633051 0.050948244 0.039221633 0.004661319 1.3151727e-07 8.8004934e-05 2.5644367e-06 0.07255589 3.985421e-07 7.78866e-07 1.493664e-05 1.5520488e-06 7.704543e-09 0.00013115825 5.0818967e-06 2.0056972e-07 0.0052459273 1.5097854e-07 0.0011750498 5.807066e-05 2.37269e-09 0.0008115564 1.14171534e-08 4.8637407e-08 6.6805995e-08 0.00028532234 0.00016881447 0.0010026719 4.4161047e-06 6.982458e-08 1.1214059e-09
0.8843227 2.2148906e-06 1.2846554e-05 0.00025106114 3.0259707e-06 1.4427413e-07 7.942222e-06 2.5696108e-05 0.012091839 9.864135e-07 7.2975763e-07 0.0026666839 0.0017435759 0.0007531439 2.1226713e-05 0.0016794483 5.8440276e-07 0.47766882 0.024456576 0.0028952437 0.0017909385 0.00013582745 0.082358524 0.14221302 9.491889e-06 2.6153418e-16 0.9853151 0.769677 3.6747892e-07 0.2199941 0.7696736 0.31175235 0.77254903 0.07992027 0.00041881713 0.96426463 1.1048028e-07 0.04287709 3.702047e-05 0.00064527604 0.30659896 0.052312456 3.6101622e-07 0.17381363 5.324962e-07 1.2735596e-07 0.030464271 0.04971759 0.043755434 0.22603972 1.18453464e-07 3.4286843e-06 1.0868615e-05 0.00015511569 0.0356334 0.01094343 0.022678642 5.826445e-08 0.0037372187 8.2541e-06 0.006532816 0.015940122 0.017697452 0.0007511011 0.000709721 0.000348523 0.0020317782 0.0016168628 0.00036312823 0.0014869067 1.5607939e-05 4.2555028e-05 1.4829498e-06 0.022160709 0.0018844848 0.00031194778 0.009089309 2.4966856e-05 0.00019096611 0.012811472 6.16139e-05 0.000593603 4.1416956e-06 2.5302131e-06 0.0001152646 0.0036203854 1.5580121e-06 0.0010186987 7.461635e-05 2.1319404e-07 0.00016004706 2.1712316e-05 0.0001092156 6.841782e-05 9.48887e-05 2.267292e-06 1.365848e-05 1.8318879e-05 1.6416458e-05 2.3555576e-07 5.66233e-07
0.9705347 1.604092e-06 9.166232e-06 6.989165e-05 1.4483667e-06 2.0343343e-08 9.100527e-07 5.787536e-06 0.0023238612 4.0302973e-07 2.5730978e-07 0.00023982185 0.00023533158 0.0007651477 4.0983887e-06 0.00056125096 2.3007432e-07 0.40261182 0.035984524 0.004074482 0.0010059264 4.7657373e-05 0.015786313 0.030148065 5.9092654e-06 0.9853151 3.539114e-14 0.34188935 2.780177e-07 0.4220767 0.9250417 0.0962058 0.5232738 0.2046755 0.00010620505 0.721689 2.112878e-07 0.011137127 1.954799e-05 0.0003199145 0.25707456 0.21939301 4.106113e-07 0.075161375 7.472665e-07 3.5970942e-08 0.115676895 0.15775527 0.23759584 0.25285503 1.2750879e-08 2.3878617e-06 8.386497e-06 0.00022670542 0.103611946 0.052996546 0.027195899 2.1299998e-07 0.010838769 1.0362878e-05 0.0036127937 0.020223957 0.020284472 0.00838484 0.023003617 0.00016945852 0.0150474375 0.018610762 0.0040890872 0.014098978 3.6271704e-06 2.5575018e-05 5.7749153e-06 0.04799505 0.0036834846 0.0005501747 0.011360477 2.9731242e-05 0.0012150179 0.028561434 0.00021564514 0.0030349095 4.0983436e-05 1.4990602e-06 0.0008808463 0.004071248 1.3308006e-06 0.005755804 2.2492692e-05 1.8762402e-07 0.00041164426 3.4379502e-06 0.00019490463 0.00014512385 0.002698481 2.7773244e-06 4.7380483e-05 1.5419939e-05 0.00015994329 7.2922726e-06 9.78754e-07
0.9269064 1.7888073e-05 2.1676959e-05 4.4766708e-05 7.445815e-06 2.2390624e-07 1.0000785e-05 4.7511203e-05 0.0018501262 3.9056927e-06 9.81826e-07 0.0025335525 0.0021016842 0.0007755602 3.039954e-05 0.005316739 2.792154e-06 0.22563487 0.0055532954 0.0011345379 0.00060399686 0.00039205083 0.718594 0.7432663 5.169913e-05 0.769677 0.34188935 2.174051e-15 1.76347e-06 0.042085785 0.06626516 0.9599536 0.9324874 0.015038192 0.025940899 0.6447785 2.1247878e-07 0.772623 0.00089996937 0.040821604 0.63276947 0.011088368 5.6672e-06 0.7268373 1.6861566e-05 1.5359205e-07 0.003395944 0.00027803614 0.00052115653 0.026872251 9.347515e-09 2.7444285e-06 0.0032833873 0.05991116 0.0072134635 0.00036962205 0.0056034173 1.6763128e-06 5.5833974e-05 4.6435e-05 0.39330098 0.002261344 0.018256914 0.00024361709 0.0005486332 0.113968976 0.00045058742 0.00064249896 0.00025789143 0.0005897314 0.034467883 0.00055357115 4.2006694e-05 0.010936506 0.00021341712 0.068359576 0.13250852 6.874308e-05 1.8705518e-05 0.062655166 0.004210719 0.00011890069 1.1301587e-06 4.266948e-08 2.255393e-05 0.0039547314 1.3841933e-05 0.00222256 0.00032528918 3.6552247e-08 3.7631094e-06 2.9098949e-06 3.397693e-06 2.9238897e-06 1.0100517e-05 3.528338e-06 0.0008114059 2.7911143e-05 0.0005013355 1.3754214e-07 1.4531466e-08
0.93664336 0.58149135 0.22320333 0.14658077 0.5442971 0.8425943 0.5854212 0.13208604 0.006761452 0.6558361 0.7133631 0.000726658 0.00060878205 0.009320656 0.056080554 0.00042882294 0.40829334 8.040882e-05 0.000463053 0.002721746 0.0011311062 0.0006492854 2.3133316e-06 3.3305776e-06 0.009712374 3.6747892e-07 2.780177e-07 1.76347e-06 3.4810918e-13 1.531973e-06 9.617894e-07 6.650796e-07 7.679518e-08 0.00017037035 1.187189e-05 3.336989e-07 0.99859875 5.891695e-07 0.001031246 3.3528765e-06 7.011388e-09 0.00025600215 0.60443175 1.6581819e-08 0.2303447 0.10774378 1.59263e-05 1.0000479e-07 1.1366278e-06 1.8680495e-08 0.060033858 0.022141326 2.1219063e-05 9.2804873e-07 0.0028451842 2.0934532e-08 0.02187098 0.059013788 1.6606833e-07 0.01567056 1.0031481e-06 9.821841e-08 4.044237e-08 1.776015e-06 1.8939344e-06 1.0821865e-07 3.3368746e-05 1.805974e-05 1.4883948e-06 1.968614e-06 8.435669e-06 2.2245487e-05 0.0003344127 0.114018336 1.0403105e-06 3.239604e-06 4.695747e-08 0.0010391909 1.2234816e-05 1.810352e-07 1.9349707e-06 6.855018e-06 5.013686e-07 0.010256741 4.7664693e-05 2.016378e-07 0.00040623953 1.7692874e-07 1.5668867e-08 0.00011120762 5.039993e-08 1.8374307e-05 6.496477e-07 9.864096e-07 2.725079e-06 7.1461754e-06 1.2525379e-06 6.518843e-05 3.4241208e-07 7.397145e-07 1.4234003e-07
0.97365314 5.7854168e-06 3.0873525e-05 0.004342549 2.5149333e-05 6.074313e-07 6.1321357e-06 0.00015835195 0.05035952 2.1492776e-06 2.0026134e-06 0.009824274 0.0078034527 0.03956092 0.000107589556 0.0063326345 1.0147527e-05 0.80570775 0.49617127 0.08876105 0.017650979 0.00040361998 0.020357965 0.031113826 4.4884528e-05 0.2199941 0.4220767 0.042085785 1.531973e-06 2.5340735e-16 0.94571954 0.01626515 0.031457618 0.8828798 0.00048197876 0.05651824 2.0243682e-07 0.004106107 3.9099283e-05 0.0002827032 0.013813896 0.8740725 5.479568e-07 0.0057592955 2.6343582e-07 2.1333264e-08 0.26217693 0.43514046 0.72910774 0.047359582 2.128364e-08 3.1864764e-07 2.5299923e-05 0.00013774846 0.2101558 0.032654677 0.025907025 1.507068e-05 0.058473222 0.00011226072 0.0011116924 0.0031704872 0.0011809146 0.16913052 0.27684173 6.4843385e-05 0.02497299 0.06100166 0.035818588 0.04429215 0.00010235228 0.0002576697 8.735997e-05 0.03413897 0.0022244218 0.0008082772 0.0014416556 0.0006816598 0.002077948 0.0030231283 0.00084948365 0.0005544234 0.00048344454 7.3000588e-06 0.0005533595 0.0010690816 6.7763474e-05 0.0013543554 1.9161327e-05 3.7142968e-07 0.00040721198 1.9199246e-05 3.049083e-05 0.0010452386 0.014126784 3.2770224e-06 0.00028944458 1.6686163e-05 0.00015324114 1.9127057e-05 1.9857994e-06
0.9798477 5.1986312e-06 1.4514094e-05 3.9012684e-05 2.9504413e-06 8.7670564e-08 2.0709338e-06 6.338096e-06 0.0026028308 8.4827855e-07 3.3419315e-07 7.365061e-05 9.6162716e-05 0.0017313631 5.176112e-06 0.00023946099 4.0129538e-07 0.4704336 0.08395953 0.009113682 0.0020505374 3.0259433e-05 0.0038890734 0.0058882264 7.36505e-06 0.7696736 0.9250417 0.06626516 9.617894e-07 0.94571954 2.1596954e-13 0.018420726 0.122528255 0.33730245 2.5369676e-05 0.43082848 5.846848e-07 0.004041288 2.2140637e-05 7.609063e-05 0.0621599 0.5631713 5.25889e-07 0.022049623 7.823843e-07 1.4369891e-07 0.24730597 0.47142792 0.56335586 0.18462636 6.852423e-08 8.698931e-06 6.1847823e-06 7.799743e-05 0.24850331 0.09681244 0.043796174 3.002113e-06 0.03990143 3.5057394e-05 0.0007160072 0.028134577 0.017036565 0.043749616 0.07032625 7.622842e-05 0.064270936 0.057378512 0.012394523 0.06402872 7.8982985e-06 1.621813e-05 3.5578157e-06 0.087761246 0.008053841 0.00021396695 0.0029942202 0.0003104896 0.0043785325 0.012975706 9.494853e-05 0.004958767 0.00023617357 7.002241e-05 0.002356069 0.0037220502 2.410204e-05 0.0040581287 8.175039e-06 1.0004109e-06 0.0014439591 5.72281e-06 0.00047137737 0.0003014513 0.010029751 5.1267543e-06 5.474747e-05 1.1091079e-05 6.618918e-05 2.2999733e-05 2.7475078e-06
