2.1142825e-28 0.9862857 0.92604685 0.5911905 0.85749924 0.42386857 0.62500864 0.93384 0.12417986 0.6572007 0.931545 0.1350991 0.6606841 0.021914177 0.08482538 0.33847263 0.65005183 0.02831875 0.59695023 0.92633855 0.8325285 0.02725504 0.26196134 0.4338723 0.76973933 0.81497014 0.7569878 0.6362398 0.013955606 0.5729239 0.7005036 0.0024471045 0.03881023 0.9056027 0.9381385 0.830459 0.042821247 0.83734286 0.00043232515 0.89936256 0.9366506 0.007659482 0.5555603 0.57667196 3.6193596e-05 0.79566795 0.1716492 0.49558654 0.71923697 0.20891984 0.00018422041 0.18204337 0.90429044 0.20014434 0.0042450903 0.9017785 5.76644e-06 0.8323008 0.9347636 3.178255e-05 0.7803088 0.23411371 4.2274914e-05 0.077322036 0.78530616 0.37854066 0.04442448 0.5609565 0.0076071736 0.10210573 0.00025825665 0.033886474 1.6372367e-05 7.0412175e-06 0.0012846824 0.00014969375 0.6581579 0.0015030333 0.9547544 0.9497081 0.941613 0.9986258 0.96383166 0.88757837 0.99442255 0.7955014 3.9158164e-07 0.9986687 0.9995685 0.4894752 0.90825254 0.013289225 0.90044844 6.693559e-06 0.9852273 0.00013142319 0.599768 0.80561185 0.97725093 0.999921 5.5741903e-06
0.9862857 2.5637794e-15 0.6203138 0.5812016 0.78353196 0.9129089 0.5047627 0.10350982 0.7899491 0.41421863 0.8456296 0.115240164 0.11110655 0.19650942 0.36666113 0.10240849 0.42471322 0.46178544 0.015815027 0.34768665 0.36619276 0.3666266 0.09592639 0.1515645 0.0026723219 0.016909048 0.36646104 0.0011590387 0.50749046 0.010012973 0.012336815 0.04092576 0.0009660913 0.3168697 0.00051389256 0.00015109846 0.09346333 0.00020335063 0.0041976566 0.008245634 0.232931 0.017048143 0.0003585296 0.00047842984 0.0031780838 0.020950962 0.0026154974 3.7938487e-05 0.09280343 1.550883e-06 0.0005796899 0.00384141 0.1917342 0.00015458876 0.08843988 0.0012115057 0.0001222091 0.026656182 0.1560453 9.873108e-06 0.00092027284 0.004385467 1.6053524e-05 0.02357391 0.0044636456 2.6968833e-06 0.00092772016 1.9779116e-05 0.008822537 0.000112504655 0.011002124 0.00053806655 0.0021458934 0.0007045496 0.00011115767 0.0003043405 1.5919102e-05 0.0005806942 0.019297507 0.009911501 0.056122523 0.17325273 0.03545124 0.00039121512 0.036034502 5.8027366e-05 1.9808572e-06 0.06446171 0.06070403 5.5172827e-06 0.0034919758 0.0004985427 4.7030735e-05 0.0011039224 0.0007430659 0.0001341416 0.0030579884 4.60779e-05 0.0013809925 0.0025257112 2.3929e-06
0.92604685 0.6203138 4.409897e-17 0.9648183 0.0012285531 0.5400456 0.0011269774 0.9386225 0.008053319 0.00043325522 0.8923681 0.6802178 0.00022809747 0.001296315 0.00072173786 0.00033325 0.0016012538 0.0379147 1.47494775e-05 0.38095114 0.0023098409 0.221281 0.00011722902 2.6120062e-05 0.0637336 0.28717268 0.005329382 0.009280069 0.009807003 0.11122206 0.20352158 0.00014033714 0.00013933137 0.00755182 0.005056097 0.001209328 0.32482198 0.007330735 4.1031188e-05 9.851236e-05 0.13278739 0.108982466 0.0036033865 3.0219303e-06 0.00014557199 0.0006084024 0.00802468 0.0002121104 0.0021317517 4.9498765e-05 2.3271068e-05 0.00066210213 0.00844222 0.00022438541 0.0005908215 0.0067189247 4.8560937e-06 0.037506342 0.039318245 1.321582e-06 0.004427792 0.00039168517 8.996801e-07 0.1319572 6.8829344e-05 4.3048152e-05 0.00112178 0.00030220544 0.0063150665 0.00018563253 0.023265613 0.00026870097 0.008945056 0.00014382554 0.0005814306 2.9503458e-06 6.5156804e-05 0.059771854 0.0008231927 0.016728204 0.02196753 0.008959942 0.019094482 0.0016882283 0.0014721318 5.48624e-05 1.1158803e-08 0.013083811 0.0014226106 1.43166135e-05 0.0107298605 3.2839478e-05 6.3248362e-06 0.0037797557 0.0056165224 0.0004796023 0.0051471116 2.8105302e-05 0.00258448 0.001677962 2.910239e-06
0.5911905 0.5812016 0.9648183 4.2235346e-18 0.0016482676 0.82200813 0.00073039305 0.7669535 0.022175502 0.00030970178 0.60898346 0.9769222 0.00019128398 0.0035120726 0.0012562962 0.0002482413 0.0007312117 0.2625659 1.5863361e-05 0.10479228 0.0020159022 0.5257085 9.627522e-05 9.663272e-06 0.0125189135 0.08003689 0.0053411815 0.0030495222 0.14577243 0.025035476 0.21074201 0.00015409611 4.8947153e-05 0.005323736 0.0009137362 0.00041344285 0.5219171 0.0016662922 1.8580811e-05 0.00012022874 0.026267566 0.14204262 0.00051795517 2.4079332e-06 9.4029856e-05 0.00048436335 0.005426258 6.931759e-05 0.00072250294 1.0430319e-05 3.150971e-06 0.00045835038 0.0028943892 6.748879e-05 0.005620739 0.001100446 1.2984847e-06 0.006478084 0.009021651 1.5107145e-07 0.0014104081 0.00035772272 3.1073944e-07 0.16120991 3.507719e-05 1.11727695e-05 0.00053472235 0.00022155837 0.00471066 2.7574055e-05 0.060565278 5.9350394e-05 0.027329575 0.0011715788 0.00012710728 6.8019466e-07 3.2245545e-05 0.0638652 0.00039540185 0.0031386565 0.004397191 0.002469981 0.0047194464 0.00035785767 0.0011737619 5.424129e-05 1.2115794e-08 0.0036056964 0.0008542876 4.075618e-06 0.0026701046 1.5344609e-05 6.6626326e-06 0.010692954 0.0014820775 0.00011969254 0.0015392419 2.624496e-05 0.0005045043 0.00039906037 3.3638491e-06
0.85749924 0.78353196 0.0012285531 0.0016482676 1.0800978e-18 0.09297464 0.80151147 4.0841333e-05 0.79527676 0.9556961 0.024804708 0.00033062196 0.66696537 0.47021794 0.83423376 0.59529513 0.44145533 0.06924231 0.18820657 0.0010748634 0.39982435 0.0006997618 0.86005527 0.76589286 5.207667e-06 2.927982e-05 0.26576674 1.7694992e-06 0.23901232 1.5048263e-05 7.3394824e-07 0.47109193 0.011738794 0.055496123 1.3012894e-07 4.5819363e-07 2.2111857e-05 1.4674806e-07 0.23961543 0.17056291 0.002443103 3.4976765e-06 3.809818e-08 0.0032038381 0.059518013 0.08258971 1.7220795e-07 1.0138685e-07 0.028950911 4.871595e-08 0.0027692746 0.016130963 0.016439041 6.163174e-08 0.047465373 6.257848e-06 0.01317883 0.0001462081 0.0049077445 0.00018065174 5.984604e-06 0.010636562 6.63989e-05 1.8739163e-06 0.021856492 1.6469617e-07 4.6858545e-07 7.2138437e-07 9.72873e-06 1.4992253e-07 1.3769019e-05 9.851697e-07 3.889431e-06 0.00015872857 2.4614752e-07 0.00021147156 8.680351e-08 6.00786e-06 0.007825986 9.5344876e-05 0.0012997267 0.0021541852 0.0002659309 2.4482868e-06 0.01215018 9.104147e-07 1.2973377e-05 0.0006642233 0.0039756903 3.633823e-07 2.2571294e-05 2.913799e-06 2.2391234e-06 0.00018689477 2.2967708e-05 6.56889e-08 5.8179092e-05 4.212936e-06 2.3894028e-05 1.4551611e-05 1.4861126e-08
0.42386857 0.9129089 0.5400456 0.82200813 0.09297464 2.3830745e-18 0.004343079 0.5428271 0.7564964 0.0012916491 0.28609404 0.66184074 0.00061002537 0.19927593 0.09408888 0.0010475068 0.00622512 0.9582395 7.261415e-05 0.027862007 0.014576989 0.95494825 0.0013476447 0.000100872865 0.0027463504 0.01634089 0.023801599 0.0010063668 0.7400252 0.0062976494 0.006028644 0.0049050846 1.589361e-06 0.008128903 0.0015976982 0.00020044422 0.12330549 6.0141694e-05 0.00020968904 5.2764026e-05 0.018203184 0.022603042 5.0924613e-05 2.1128305e-06 0.0026673733 0.00014245717 0.00015457167 2.5117874e-06 0.00020939848 1.5462052e-07 5.563579e-08 6.156821e-05 0.00024873205 1.0021947e-06 0.150415 6.355643e-06 3.3642084e-06 0.0004070266 0.0028932397 1.0178925e-08 9.423161e-06 7.434501e-05 1.9272449e-08 0.002024433 3.9690134e-05 9.958014e-08 2.2034674e-06 1.6592086e-06 4.2812415e-05 2.2595482e-07 0.0156993 6.531545e-07 0.0035017587 0.004692735 4.118258e-07 4.76776e-07 4.0458474e-07 0.00028678757 3.0894993e-05 8.404317e-05 0.00067197153 0.00074194925 0.00019060349 1.1081992e-06 0.00029078257 2.2393392e-06 6.344554e-08 0.0006751168 0.00014180058 1.4526972e-07 1.4795532e-05 3.0833652e-07 1.5059969e-06 0.0038507998 1.223296e-05 3.760127e-09 0.00022131107 4.2504635e-06 4.991407e-05 8.076665e-05 3.1130195e-08
0.62500864 0.5047627 0.0011269774 0.00073039305 0.80151147 0.004343079 3.350727e-18 6.0646e-05 0.20837075 0.7133046 0.09792053 8.51166e-05 0.9589995 0.02533307 0.18446487 0.50338906 0.969984 0.0048722723 0.21918252 0.005996367 0.49023324 8.319698e-05 0.32090804 0.40648204 1.7754995e-05 6.365242e-05 0.33326113 2.2905431e-05 0.004265214 0.00014676816 1.7168904e-06 0.03037771 0.29162842 0.10119509 2.1933765e-06 7.046672e-06 5.4888147e-05 1.0180528e-06 0.012026303 0.48036072 0.019279089 3.2648472e-06 4.1309949e-07 0.0019265854 0.001489852 0.19585691 6.749876e-07 5.278375e-07 0.081786506 9.111812e-08 0.009657694 0.04818999 0.037254374 3.9635834e-06 0.00095828116 2.7090879e-05 0.001131248 0.00037379135 0.017306551 0.00037425003 6.5657223e-06 0.035312764 0.00055389147 1.16002e-06 0.06544822 2.2945989e-07 3.0945935e-06 3.4358495e-06 3.7911508e-05 1.3181581e-06 6.316915e-06 2.3585867e-06 2.5145398e-05 2.187806e-05 5.43935e-06 0.00043690257 1.6931039e-06 4.040394e-06 0.025126595 0.0004917972 0.0033315169 0.015885467 0.0013733762 1.9147983e-06 0.01569478 1.9708739e-06 1.1497492e-05 0.0048198593 0.01593882 1.709072e-06 0.00016295332 8.409438e-07 9.0227684e-07 0.00022321516 3.5956695e-05 3.0951588e-07 6.266648e-05 8.687275e-06 1.0046162e-05 7.363951e-05 6.790102e-08
0.93384 0.10350982 0.9386225 0.7669535 4.0841333e-05 0.5428271 6.0646e-05 6.578474e-18 0.00074717926 9.484487e-06 0.45099866 0.88782114 4.2824604e-06 0.00049393735 0.00018815503 1.4595169e-05 7.943239e-05 0.044278566 2.810399e-07 0.17839329 0.00014393326 0.42070022 2.7809738e-06 1.7838515e-07 0.4731902 0.5576287 0.00065333926 0.13097379 0.011469686 0.33444038 0.8966361 7.7140685e-06 2.2306597e-06 0.0003416915 0.084015585 0.024648102 0.74041635 0.05383798 6.799836e-06 5.99824e-07 0.035129406 0.36722606 0.1185187 1.410373e-07 5.0760962e-05 3.619184e-05 0.17124702 0.0009859197 0.00013579377 0.0002615525 1.669073e-07 4.520219e-05 0.00053188636 0.0011962755 0.0005158694 0.014915289 9.775954e-07 0.035047308 0.008183862 2.0064586e-07 0.0111674545 6.609224e-05 8.5659615e-08 0.67526627 4.8280987e-07 0.00019161956 0.024799645 0.0012201468 0.05578476 0.0006208155 0.07887772 0.0012717338 0.024735523 7.5647826e-05 0.0074657854 6.7659624e-07 0.00036311144 0.25828618 9.869203e-06 0.007916737 0.008886023 0.0013277647 0.007848139 0.00234851 0.00019780143 0.0005973926 1.231983e-09 0.005172367 6.501156e-05 8.563818e-05 0.0071348455 0.000885392 8.391742e-05 0.011141839 0.0048642866 0.0020868012 0.007437072 0.00015981385 0.003780253 0.0010918181 0.00045433734
0.12417986 0.7899491 0.008053319 0.022175502 0.79527676 0.7564964 0.20837075 0.00074717926 4.93096e-18 0.15305972 0.05826107 0.0015711223 0.07014252 0.9745098 0.9364445 0.029694777 0.09178441 0.5317904 0.009533629 0.001330729 0.08310954 0.070601776 0.22657421 0.048409276 0.00019484253 0.0005155945 0.1014842 0.00024968607 0.5347424 0.00065738044 1.5337995e-05 0.27776128 0.00035823922 0.031029737 5.5619425e-05 3.6514637e-05 5.4450313e-05 2.5065003e-05 0.06607749 0.0071516344 0.0021243026 1.9755927e-05 1.8214746e-06 0.0002610516 0.06516007 0.005689821 2.7062974e-06 9.164598e-06 0.0033456485 2.681443e-07 5.3314358e-05 0.002775868 0.0015791589 6.197226e-07 0.085272335 5.185193e-06 0.0011687527 8.8280314e-05 0.002407304 6.664622e-06 3.8979047e-06 0.0014872795 3.9381275e-06 5.3777794e-06 0.00044053802 4.6711398e-07 3.648441e-06 1.8651133e-05 7.837731e-06 3.0475564e-07 2.0627998e-05 1.567694e-06 4.3073902e-05 0.0006362767 2.3106636e-06 2.9787436e-05 1.3747087e-06 9.165638e-06 0.0005783045 2.4431029e-05 0.00042038874 0.0010130838 4.656089e-05 1.0465546e-06 0.0013537451 1.5981766e-06 5.2580654e-06 0.0008387838 0.0021363993 2.1900438e-07 1.1802868e-05 1.4069104e-06 6.452107e-07 0.00019922509 3.461105e-05 1.2394054e-08 0.00022419183 1.0485612e-05 1.9539717e-05 7.3660165e-05 6.115934e-08
0.6572007 0.41421863 0.00043325522 0.00030970178 0.9556961 0.0012916491 0.7133046 9.484487e-06 0.15305972 2.5392673e-18 0.004178469 7.317328e-05 0.8210696 0.033094376 0.3794062 0.9312139 0.3651882 0.0036716475 0.5823542 0.000254685 0.27542102 0.00010098076 0.8094932 0.89226717 1.7123349e-06 4.747884e-06 0.15805915 1.6494539e-06 0.012086869 1.329865e-05 3.9594855e-07 0.14689948 0.15998344 0.035538595 1.3313554e-06 1.6456719e-06 1.0236044e-05 2.4107993e-07 0.092185766 0.37682807 0.0018048258 1.1895536e-06 1.1850294e-07 0.022137647 0.01112631 0.15630183 3.5686742e-07 1.7586204e-07 0.02363598 1.7289169e-07 0.021792445 0.040014505 0.014025487 8.1722203e-07 0.0038455606 3.2372136e-06 0.0074953483 2.4368597e-05 0.0028769856 0.0011297489 1.5130465e-06 0.02372445 0.00064777624 1.2216038e-06 0.04935117 1.1913217e-07 2.319526e-06 1.0251756e-06 1.2590415e-05 2.9528383e-07 1.2886604e-05 5.926569e-06 1.28724305e-05 1.4261096e-05 9.552863e-07 0.00050926115 4.4930906e-07 2.542877e-06 0.015252134 5.8916215e-05 0.0012170938 0.0014845609 0.00029360814 3.280745e-07 0.014162592 3.0024265e-07 2.7560382e-05 0.00084302085 0.005365913 2.268926e-07 9.728971e-06 1.2650553e-06 7.296742e-07 7.6075914e-05 1.1728878e-05 1.5392447e-07 7.5035327e-06 6.043042e-07 3.827426e-06 1.9944076e-05 1.8652262e-08
0.931545 0.8456296 0.8923681 0.60898346 0.024804708 0.28609404 0.09792053 0.45099866 0.05826107 0.004178469 2.4577364e-18 0.11494228 0.0072319857 0.004233602 0.0013223812 0.0024964404 0.18764335 0.034088876 0.00032722694 0.9782896 0.24905117 0.03191335 0.0003422709 0.00012616986 0.030666912 0.5873291 0.20331019 0.0099866185 0.0035957552 0.31028846 0.0249901 0.00032443283 0.0013070306 0.26377445 0.004690044 0.0022705488 0.03252701 0.011886856 0.00017800898 0.0051526395 0.564969 0.0109026525 0.0016927457 0.00010743432 1.7592882e-05 0.007784948 0.0012559728 0.0001903018 0.016657593 5.0608993e-05 5.0051447e-05 0.0035010257 0.063114576 0.000115408904 3.146186e-05 0.03268029 1.7398701e-05 0.14332697 0.12309327 3.5845844e-06 0.010752566 0.004444749 1.998723e-06 0.010404326 0.0006821271 1.5473455e-05 0.00041936513 0.00030812479 0.0005505156 6.533816e-06 0.0060129194 6.182067e-05 0.0031031065 7.6977725e-05 6.521816e-05 3.5828845e-05 0.00015334741 0.0023785175 0.017288042 0.044419914 0.07361773 0.13305901 0.04761141 0.003946898 0.010088561 0.00014202445 2.705625e-07 0.12294818 0.029890636 3.961127e-06 0.041875467 1.1443387e-05 4.4101846e-05 0.0007375664 0.013596503 0.00026730623 0.00791679 2.515984e-05 0.006306719 0.022073634 5.400063e-06
0.1350991 0.115240164 0.6802178 0.9769222 0.00033062196 0.66184074 8.51166e-05 0.88782114 0.0015711223 7.317328e-05 0.11494228 8.8325e-19 1.763577e-05 0.000655064 0.00017715424 3.1430343e-05 2.4703908e-05 0.22939877 4.2569945e-06 0.022837393 5.4184104e-05 0.729609 3.820355e-06 1.2729184e-07 0.018940488 0.045176435 0.0001566642 0.0067022596 0.081991956 0.017599445 0.54609275 5.8909495e-06 7.1075664e-07 8.6117536e-05 0.0041190702 0.0012092438 0.8916428 0.0013123106 3.9183174e-06 3.6210429e-06 0.00494967 0.44865882 0.0027393806 5.9608027e-07 1.706506e-05 3.679548e-05 0.012412267 0.0001890861 2.283725e-05 2.1811811e-05 1.9268103e-07 3.4014425e-05 0.00011927036 0.00013391972 0.0044241347 0.00031790024 4.0483062e-07 0.0014912784 0.0013414647 5.3197713e-08 0.00021581734 4.2898e-05 4.5421167e-08 0.23270148 2.1729747e-06 3.5918925e-05 0.000954107 0.00033071847 0.0073799673 1.8484612e-05 0.10625772 4.18872e-05 0.06303943 0.0029661588 0.000239061 8.859376e-08 3.074624e-05 0.11038385 3.2627897e-06 0.0005293098 0.00051981333 0.00015763911 0.0005290841 6.4962354e-05 0.0001244241 0.00017848886 1.8143325e-09 0.00049450406 2.640274e-05 6.0927537e-06 0.0004916631 1.1402916e-05 2.195596e-05 0.019268652 0.00011738765 0.00050758454 0.00038509793 0.00012512176 0.00013905579 0.0001236407 1.6847453e-05
0.6606841 0.11110655 0.00022809747 0.00019128398 0.66696537 0.00061002537 0.9589995 4.2824604e-06 0.07014252 0.8210696 0.0072319857 1.763577e-05 1.3832807e-17 0.0076128314 0.13820632 0.87057835 0.71675295 0.001537362 0.77606946 0.00035799606 0.26863322 4.916338e-05 0.47374704 0.76593417 3.792201e-06 8.2894e-06 0.14015664 4.3099894e-06 0.0010778226 2.025469e-05 6.5943965e-07 0.02721115 0.7456611 0.032510567 2.1954547e-06 2.1199717e-06 1.2329492e-05 1.2393582e-06 0.0069064507 0.59529126 0.0036734655 8.410024e-07 1.807023e-07 0.076149546 0.00092806475 0.25316653 1.0431359e-06 8.834706e-08 0.040692396 4.4001624e-08 0.023339197 0.072398156 0.016122928 1.3583276e-06 0.00023622088 1.3074474e-06 0.0011358163 3.6213554e-05 0.0055374755 0.0014084368 2.2104423e-06 0.0350468 0.0025665876 5.3556107e-07 0.11109176 9.6415555e-08 1.9917018e-06 1.8224466e-07 1.6469476e-05 1.6572992e-07 5.362303e-06 1.1864911e-06 1.8392926e-05 8.613572e-06 1.0936151e-06 0.00044318204 1.7667801e-07 7.895662e-06 0.02918703 6.549915e-05 0.0016483917 0.005068913 0.0006049022 2.1101091e-07 0.027064841 1.7902131e-07 1.6056616e-05 0.0015933266 0.012161505 3.4772654e-08 8.210276e-06 1.1368707e-06 4.0483503e-08 0.00020112073 5.596135e-06 6.809842e-08 2.8532531e-06 9.532064e-08 1.150094e-06 5.6490782e-05 1.7278348e-08
0.021914177 0.19650942 0.001296315 0.0035120726 0.47021794 0.19927593 0.02533307 0.00049393735 0.9745098 0.033094376 0.004233602 0.000655064 0.0076128314 4.452526e-18 0.97998 0.003342565 0.01462595 0.41802654 0.00084463524 0.00017393698 0.010386623 0.022113424 0.20546964 0.007606764 8.649425e-05 0.000115392504 0.0068359654 0.0001215088 0.48945022 0.00012752837 1.2349464e-05 0.41729963 5.5858047e-05 0.0009814778 8.8628876e-05 6.155441e-05 2.159776e-05 5.8979763e-06 0.14386274 0.00089560624 0.00017489307 1.1679287e-05 2.949907e-06 6.689051e-05 0.24232039 0.00018542372 3.2940052e-06 1.466614e-06 0.00017299305 3.3817116e-07 4.5867368e-05 0.00020709533 0.00011608756 2.222493e-06 0.14068396 6.4366384e-07 0.0030172681 3.2864677e-06 0.00022761292 1.01883215e-05 3.0004e-07 0.00033747905 4.9809337e-06 1.9936156e-06 9.861868e-05 3.6194112e-07 5.9128847e-06 1.3866696e-06 1.129543e-05 1.7017132e-07 5.5456057e-06 1.61471e-06 5.83201e-06 0.00025889784 1.4410905e-06 4.3408777e-06 4.336301e-08 6.065638e-06 0.00040109686 1.5470476e-05 0.00020614539 0.00035536042 6.411245e-05 3.1589278e-07 0.0007951611 1.033027e-06 4.0603636e-06 0.0010099824 0.00078043906 6.771104e-08 2.8768041e-05 4.675467e-07 5.1862266e-06 1.9429637e-05 0.00012431131 2.6047735e-08 7.050151e-05 1.3092747e-05 9.7709206e-05 0.00020435709 5.5883027e-09
0.08482538 0.36666113 0.00072173786 0.0012562962 0.83423376 0.09408888 0.18446487 0.00018815503 0.9364445 0.3794062 0.0013223812 0.00017715424 0.13820632 0.97998 1.7676916e-17 0.10707025 0.07126445 0.12443476 0.034740612 5.9530566e-06 0.048555348 0.001817263 0.65589523 0.14150955 1.1185244e-05 6.7839733e-06 0.023158865 1.557077e-05 0.18753831 3.9516544e-05 5.490977e-07 0.70031375 0.0014158229 0.0023763205 9.804426e-06 5.8044775e-06 7.324913e-06 2.3791604e-06 0.35359794 0.005327883 4.521327e-05 2.6693074e-06 6.012351e-07 0.0006738503 0.22666503 0.0014449632 5.446864e-07 1.9337374e-07 0.00092065596 7.533929e-08 0.0009049302 0.0007316867 0.00026134678 1.1235646e-06 0.06298825 3.5848405e-08 0.0100906165 2.568277e-06 0.00019389516 0.000952223 5.6433646e-07 0.0007023194 3.4108594e-05 2.4291631e-07 0.00091264845 6.454344e-08 3.047369e-06 5.0006025e-07 6.402938e-06 1.0638776e-07 3.5960772e-07 1.2043519e-06 6.124243e-07 0.00015396478 1.1430849e-06 7.725315e-05 2.5521766e-08 1.9032049e-06 0.0006281161 6.04779e-06 0.00024932105 0.00046229453 2.6702912e-05 8.314146e-07 0.0020024313 8.0081925e-08 2.6386077e-05 0.00045230918 0.0015945223 4.088638e-09 5.333584e-06 4.5680048e-07 4.975068e-07 1.5917401e-05 3.2615408e-05 6.1231566e-09 3.172595e-05 1.0691988e-06 4.151061e-05 8.512398e-05 1.2752769e-09
0.33847263 0.10240849 0.00033325 0.0002482413 0.59529513 0.0010475068 0.50338906 1.4595169e-05 0.029694777 0.9312139 0.0024964404 3.1430343e-05 0.87057835 0.003342565 0.10707025 1.6819753e-17 0.23640999 0.0011940711 0.9615226 0.000116670584 0.10665523 0.0001168289 0.54860735 0.897157 6.8153786e-06 3.898793e-06 0.05029161 4.5542315e-06 0.0007981139 1.6952648e-05 7.288473e-07 0.041021056 0.52725184 0.010252985 7.6539645e-06 5.867603e-06 9.001724e-06 1.2062692e-06 0.025109176 0.37521732 0.00084148586 2.0070472e-06 7.1531406e-07 0.041004296 0.0009960257 0.151574 2.9419814e-06 4.1255933e-07 0.012565186 3.8832133e-07 0.050697353 0.05988805 0.0047183638 8.673964e-06 0.00050101924 1.3427446e-06 0.0024507374 1.1575242e-05 0.0016668263 0.0037127123 3.6295824e-06 0.024522547 0.0069755507 2.3264668e-06 0.07481481 2.0700183e-07 1.3963941e-05 2.5634415e-06 2.9045232e-05 3.3999473e-07 1.5036125e-05 5.4620923e-06 2.6456024e-05 1.7873577e-05 4.105622e-06 0.0012581169 1.1553544e-06 1.599623e-05 0.014521593 5.2373187e-05 0.001375951 0.0012213879 0.00022880406 6.384795e-07 0.013175626 8.1191865e-07 6.47036e-05 0.0006440336 0.0037294389 2.0701724e-07 6.43023e-06 1.4742114e-06 8.1922354e-07 0.00011936208 3.8484864e-06 1.8609947e-07 4.2528554e-06 2.060673e-06 1.7554241e-06 6.378131e-05 1.8242611e-08
0.65005183 0.42471322 0.0016012538 0.0007312117 0.44145533 0.00622512 0.969984 7.943239e-05 0.09178441 0.3651882 0.18764335 2.4703908e-05 0.71675295 0.01462595 0.07126445 0.23640999 1.7464109e-17 0.0055353395 0.08930935 0.008570649 0.98234004 2.8659195e-05 0.09904271 0.12212267 5.9902677e-06 1.8939429e-05 0.5247916 4.801684e-06 0.001143054 9.102081e-05 3.7155226e-07 0.0074873646 0.29991388 0.21330655 6.526065e-07 3.717311e-06 9.52892e-06 4.065325e-07 0.0015123469 0.65105397 0.04408867 1.863148e-06 2.886629e-07 0.003980909 0.00017617621 0.29136583 4.2399714e-07 3.0279958e-07 0.2124298 2.6370916e-08 0.0032859263 0.07442538 0.08795106 1.2629783e-06 0.00014434551 2.2164659e-05 0.00020178757 0.00058134634 0.039247863 0.00016485134 7.935883e-06 0.05578307 0.0003944621 3.395414e-07 0.05665115 1.7591697e-08 1.5173916e-06 3.8979843e-07 2.8996437e-05 3.2274986e-07 6.0541956e-06 8.0995505e-07 3.26954e-06 1.6920441e-05 1.0459419e-06 0.00034974146 2.9000006e-07 5.8353144e-06 0.0691431 0.000725283 0.0046797884 0.042521324 0.0023467883 2.6408695e-06 0.03702502 4.9459646e-07 6.597318e-06 0.015045134 0.037466127 1.645784e-07 0.00023825391 6.1451937e-07 1.9099551e-07 8.5669875e-05 5.315611e-05 4.796382e-07 9.883976e-05 8.031869e-07 2.898422e-05 0.00020602116 6.263065e-10
0.02831875 0.46178544 0.0379147 0.2625659 0.06924231 0.9582395 0.0048722723 0.044278566 0.5317904 0.0036716475 0.034088876 0.22939877 0.001537362 0.41802654 0.12443476 0.0011940711 0.0055353395 8.672763e-21 0.00029158065 0.0024022507 0.005713267 0.951451 0.0073511708 0.0006701368 0.0019002815 0.001273275 0.0051514627 0.0013222022 0.96478057 0.0011427138 0.0016370541 0.026814781 6.8235013e-06 0.0010322994 0.002694111 0.00025391477 0.020902092 0.00012887041 0.008576765 0.00028075636 0.0019184257 0.009609708 0.0002261386 5.668571e-05 0.039411884 8.1122904e-05 0.0001594041 1.0287805e-05 0.0002952409 7.3729348e-06 5.2624396e-06 0.00018466207 0.00013158322 1.3259392e-05 0.35281286 4.1696753e-06 0.00019386705 6.116976e-05 0.0004926523 4.4325516e-06 5.9386143e-06 0.0004626191 9.2067825e-07 0.00036545628 8.36381e-05 2.5673169e-06 2.0443515e-05 2.5945455e-05 4.442126e-05 1.7690462e-07 0.0043636877 1.4023091e-06 0.00074209116 0.013118002 5.030061e-07 6.6587827e-06 4.2332504e-06 0.0010358373 0.00013525946 0.00012635833 0.00070015603 0.000966254 0.0004170067 2.0076495e-05 0.0011892157 2.708665e-06 3.2110138e-06 0.0023073398 0.0005884597 2.8062558e-07 9.991886e-05 1.2750678e-07 5.9756153e-06 0.0028455632 0.00016402586 8.2577944e-09 0.0002529465 7.374303e-05 0.00017502089 0.000345112 4.9522868e-08
0.59695023 0.015815027 1.47494775e-05 1.5863361e-05 0.18820657 7.261415e-05 0.21918252 2.810399e-07 0.009533629 0.5823542 0.00032722694 4.2569945e-06 0.77606946 0.00084463524 0.034740612 0.9615226 0.08930935 0.00029158065 7.037996e-17 1.7404633e-06 0.033619497 2.2150944e-05 0.46431893 0.9217549 3.173427e-07 2.673767e-07 0.012554896 3.867794e-07 0.00034482183 4.5939774e-07 2.2775393e-07 0.015871799 0.9508884 0.0025786858 8.8405164e-07 7.880643e-07 5.586042e-06 1.208658e-07 0.011145958 0.42750725 7.495212e-05 1.2008103e-06 1.6426527e-07 0.18543495 0.00070381124 0.18254131 1.4934893e-06 2.147378e-08 0.010794691 7.257147e-08 0.18691975 0.10122772 0.0036130091 3.0474285e-07 9.751948e-05 1.0733287e-07 0.0015135288 1.6866367e-06 0.00036183937 0.0063885106 3.659313e-08 0.04520407 0.04185803 1.9829401e-06 0.12980978 3.492553e-08 3.0379442e-06 7.421257e-08 1.6871603e-05 3.700857e-07 5.58258e-06 3.7890122e-06 1.3497809e-05 1.46364555e-05 7.2040375e-06 0.0030978345 3.601055e-08 1.7635415e-05 0.027142024 2.8212546e-06 0.000121988094 0.00044061305 2.6413796e-05 2.4666969e-07 0.047156446 1.846625e-07 8.086199e-05 0.00022926579 0.0037226642 1.0376241e-08 5.644533e-07 5.9236872e-06 2.1291477e-08 0.00027012127 4.0052342e-07 4.041715e-08 2.2098679e-07 1.6688714e-08 1.1428151e-07 4.6305828e-05 1.546326e-09
0.92633855 0.34768665 0.38095114 0.10479228 0.0010748634 0.027862007 0.005996367 0.17839329 0.001330729 0.000254685 0.9782896 0.022837393 0.00035799606 0.00017393698 5.9530566e-06 0.000116670584 0.008570649 0.0024022507 1.7404633e-06 4.506145e-18 0.01636422 0.001666042 4.648165e-05 3.4826517e-06 0.031602744 0.7216946 0.04445281 0.009730489 1.2846455e-05 0.53729045 0.013250292 2.819771e-05 4.629757e-05 0.12046852 0.0032177581 0.0013488886 0.0045605274 0.028404633 8.051898e-06 0.00039188127 0.9018982 0.00239061 0.0015116542 9.673662e-08 5.2137843e-06 0.0014772622 0.0012476204 0.0008308534 0.012563741 2.74714e-05 3.862729e-07 0.00041369232 0.056754358 0.0001538123 1.4193581e-07 0.13798678 1.6906217e-05 0.5741445 0.24614392 6.2511795e-06 0.03436914 0.00026616713 7.866598e-08 0.0054408475 3.267699e-05 1.6415933e-06 0.00035246467 0.0005304308 0.0008496523 3.5141697e-06 0.00064398535 1.3828566e-05 0.00068944844 1.4094157e-05 5.056827e-05 5.4023326e-07 0.00016376513 0.0024807586 0.0023620434 0.11342131 0.1369981 0.11677094 0.080374524 0.008375249 0.0021865035 0.000104056446 7.676307e-09 0.17318419 0.009473518 6.9058865e-07 0.06860349 7.166195e-07 2.1592055e-05 0.00023021559 0.02392332 7.5886956e-06 0.017303027 3.5773242e-06 0.010195982 0.044944305 1.4074465e-07
0.8325285 0.36619276 0.0023098409 0.0020159022 0.39982435 0.014576989 0.49023324 0.00014393326 0.08310954 0.27542102 0.24905117 5.4184104e-05 0.26863322 0.010386623 0.048555348 0.10665523 0.98234004 0.005713267 0.033619497 0.01636422 8.2691803e-19 3.2225747e-05 0.042980473 0.088879466 4.6632767e-06 4.717677e-05 0.97254616 1.4124595e-05 0.0014154011 0.00013026211 8.4371123e-07 0.0014090636 0.025196426 0.61893505 3.055612e-07 1.5166279e-06 6.350309e-05 4.8980445e-07 0.0004960652 0.44518358 0.14763875 1.8588884e-06 3.2684315e-07 0.000856805 2.636153e-05 0.24511479 5.631768e-07 2.2454327e-07 0.52666163 5.442541e-08 0.00085345935 0.043465637 0.33003294 7.580041e-07 9.6211435e-05 0.00026282645 5.2751697e-05 0.005483298 0.13478218 2.1168675e-05 2.0944331e-05 0.05587102 5.7755355e-05 5.6936797e-06 0.018404614 1.7620847e-08 5.537031e-07 5.713018e-07 3.4066074e-05 1.4776051e-08 7.763176e-06 3.084483e-07 1.5500571e-05 7.922829e-05 3.1317825e-06 4.8216654e-05 6.205511e-07 3.756231e-05 0.17363773 0.0027577488 0.02195494 0.16722532 0.008739873 6.4099704e-06 0.08742656 3.8249644e-07 1.5508253e-06 0.07822831 0.2194761 4.8923507e-08 0.00088807155 3.3896546e-07 1.6285378e-07 0.00015057299 0.00074204477 6.027685e-07 0.0006161382 1.2239155e-07 0.0003533689 0.0023577602 5.2529496e-09
0.02725504 0.3666266 0.221281 0.5257085 0.0006997618 0.95494825 8.319698e-05 0.42070022 0.070601776 0.00010098076 0.03191335 0.729609 4.916338e-05 0.022113424 0.001817263 0.0001168289 2.8659195e-05 0.951451 2.2150944e-05 0.001666042 3.2225747e-05 3.6652014e-19 6.0440627e-05 1.0901798e-06 0.007371969 0.004928208 0.00013990633 0.0021734643 0.9100553 0.0010746783 0.03867694 0.00025200052 3.441004e-08 0.00010952737 0.0031203376 0.00047243817 0.6516787 5.5625478e-05 3.6981088e-05 8.514017e-06 0.00041971 0.42565763 0.00061489845 2.8816878e-06 0.0024105066 1.7586424e-05 0.0016083114 3.825415e-06 1.8129084e-06 6.8313607e-06 2.4328111e-08 9.010716e-06 1.6653397e-05 3.377938e-05 0.4665146 2.061656e-06 2.8635518e-06 2.9513783e-06 0.00011489179 4.4134932e-08 2.7908962e-07 6.428584e-05 1.4622439e-08 0.056833208 1.1923464e-06 4.5050297e-06 1.5231819e-05 3.0532672e-05 0.000310948 3.9122983e-06 0.3042474 6.1715905e-06 0.087239936 0.15125015 1.5748636e-05 2.4942673e-07 1.8691707e-06 0.037076157 6.1946994e-06 1.575598e-05 8.745091e-05 0.00016523177 3.0420915e-05 8.2921156e-07 2.3338655e-05 1.852052e-05 1.3083691e-08 0.00027518062 3.2131167e-05 4.1278818e-06 1.3099343e-05 1.6738766e-06 1.7416347e-05 0.047597032 2.4773328e-06 2.4123485e-06 1.3112429e-05 2.396578e-05 2.081221e-06 1.8211906e-05 4.668274e-06
0.26196134 0.09592639 0.00011722902 9.627522e-05 0.86005527 0.0013476447 0.32090804 2.7809738e-06 0.22657421 0.8094932 0.0003422709 3.820355e-06 0.47374704 0.20546964 0.65589523 0.54860735 0.09904271 0.0073511708 0.46431893 4.648165e-05 0.042980473 6.0440627e-05 5.40861e-15 0.97306806 3.495889e-06 3.1013326e-06 0.009478157 3.3465099e-06 0.020097824 8.9098085e-06 5.2986373e-08 0.9468476 0.048760198 0.0019908682 2.7896002e-07 8.0974417e-07 4.481641e-06 2.2143509e-07 0.63833445 0.06508089 3.9387833e-05 8.329903e-08 2.4448635e-08 0.019968795 0.24304982 0.011203532 1.841016e-07 1.7013035e-08 0.0005199864 3.634792e-08 0.30065998 0.0036336004 0.0006708299 1.3819323e-07 0.0050387154 9.06694e-07 0.2472097 7.776688e-07 0.00014440168 0.04787567 6.2113605e-07 0.0025138506 0.028747553 3.9989675e-07 0.002537268 2.4635172e-08 5.8037165e-07 1.4485835e-06 1.5671478e-05 2.3396872e-08 8.611183e-06 3.926991e-07 1.5383621e-06 3.99567e-05 1.0382677e-06 0.009373663 9.451411e-08 1.190097e-06 0.0009688778 6.7609417e-06 0.00016978885 0.00010186714 0.000116096424 1.3771172e-07 0.0014257677 7.935479e-07 0.001385843 7.170393e-05 0.0019191385 4.680698e-08 1.0285627e-05 9.240755e-07 1.8091638e-06 0.000119173266 8.812727e-06 9.71965e-10 1.6042846e-06 1.229771e-06 7.676951e-07 6.9280413e-06 1.0223847e-09
0.4338723 0.1515645 2.6120062e-05 9.663272e-06 0.76589286 0.000100872865 0.40648204 1.7838515e-07 0.048409276 0.89226717 0.00012616986 1.2729184e-07 0.76593417 0.007606764 0.14150955 0.897157 0.12212267 0.0006701368 0.9217549 3.4826517e-06 0.088879466 1.0901798e-06 0.97306806 5.4950797e-16 2.0975514e-07 2.2050932e-07 0.02416048 2.1522241e-07 0.00026221108 6.7395143e-07 2.417279e-08 0.39401934 0.42818347 0.004399851 8.196052e-08 1.3345415e-07 2.3669023e-07 8.125941e-09 0.18140446 0.38980216 1.8883824e-05 9.6512105e-09 1.2678124e-08 0.19055034 0.008523466 0.10973711 1.601898e-08 8.102385e-09 0.0026473252 8.897914e-09 0.49778998 0.049924713 0.00065906625 8.849901e-08 8.1669314e-05 1.2329843e-07 0.022493642 1.5081225e-06 0.000113010065 0.052456535 9.527338e-08 0.023472797 0.085249625 4.9138418e-08 0.028698152 2.3509735e-08 3.8005552e-07 2.2363288e-07 5.524707e-06 6.017052e-08 1.2242116e-06 1.6576967e-06 1.0712074e-06 8.645389e-06 3.871724e-07 0.0106622055 1.3141841e-08 9.733143e-07 0.0027084057 2.5591107e-06 0.00023445502 6.026852e-05 1.7957536e-05 1.08150154e-07 0.008892742 2.1575094e-07 0.0010513032 6.473359e-05 0.001363633 2.5740881e-08 2.2497873e-06 1.3379243e-06 2.1676586e-07 2.396105e-05 8.365018e-06 5.0501736e-08 2.7752592e-06 2.4068e-07 3.626401e-07 1.0545502e-05 1.6555612e-09
0.76973933 0.0026723219 0.0637336 0.0125189135 5.207667e-06 0.0027463504 1.7754995e-05 0.4731902 0.00019484253 1.7123349e-06 0.030666912 0.018940488 3.792201e-06 8.649425e-05 1.1185244e-05 6.8153786e-06 5.9902677e-06 0.0019002815 3.173427e-07 0.031602744 4.6632767e-06 0.007371969 3.495889e-06 2.0975514e-07 3.1594597e-17 0.62777114 4.0440576e-05 0.9668018 0.0010949472 0.5366012 0.53394413 2.8173988e-06 8.569201e-07 1.6681564e-05 0.8652675 0.8274114 0.058175046 0.56949127 3.1366485e-06 1.1170378e-06 0.008375904 0.031893615 0.40156707 6.519301e-08 1.5061127e-05 5.3588114e-06 0.24004245 0.130589 1.8099587e-05 0.057856202 4.9328406e-07 9.48483e-06 9.247279e-05 0.06527731 7.167416e-06 0.019187683 3.7947952e-06 0.018890372 0.0022108422 6.1311096e-07 0.044948786 1.001111e-05 2.703448e-07 0.34312764 1.3356876e-07 0.016960979 0.12483754 0.008635811 0.08119771 0.014825852 0.0051329504 0.03313125 0.0014827852 8.218485e-06 0.02720036 3.3075407e-06 0.0007663628 0.073041685 2.254935e-05 0.0065094265 0.0028923538 0.000810433 0.0027076788 0.018701108 3.1367097e-05 0.0011956298 3.077098e-08 0.0050298236 8.70018e-05 0.0003641138 0.010591427 0.039941903 0.0016224126 0.00048634168 0.011219753 0.0018864484 0.013396999 0.0001919197 0.010022618 0.0076152715 0.00043731884
0.81497014 0.016909048 0.28717268 0.08003689 2.927982e-05 0.01634089 6.365242e-05 0.5576287 0.0005155945 4.747884e-06 0.5873291 0.045176435 8.2894e-06 0.000115392504 6.7839733e-06 3.898793e-06 1.8939429e-05 0.001273275 2.673767e-07 0.7216946 4.717677e-05 0.004928208 3.1013326e-06 2.2050932e-07 0.62777114 3.4895273e-17 0.000703471 0.5029955 0.0002118175 0.9875113 0.41984513 1.0781552e-06 1.5566945e-06 0.0006988742 0.34938556 0.39341864 0.031472187 0.8719802 3.6988408e-06 6.030411e-07 0.27529255 0.013629712 0.15973334 2.088277e-08 4.971229e-06 1.1844127e-05 0.094814844 0.04635284 0.00021073049 0.009505446 1.0968248e-06 6.4987294e-06 0.0019570554 0.009449299 3.2494728e-07 0.1800677 3.2143046e-06 0.40957388 0.021940745 9.926555e-08 0.26231644 8.893813e-06 1.11430076e-07 0.08717454 1.3978988e-08 0.0033584035 0.020873526 0.002926641 0.012679645 0.0011707741 0.0008701969 0.0023734136 0.00056882773 8.316648e-06 0.0030433147 1.1281952e-05 0.00047960895 0.012790754 3.994009e-05 0.042777993 0.023319066 0.010276485 0.020166086 0.031336863 7.192631e-05 0.00057961006 3.520214e-08 0.05041819 0.0011396568 0.0001607357 0.045615714 0.00029757663 0.00069678447 0.0001379484 0.038083937 0.00086774386 0.028491776 0.00014311516 0.017908497 0.037504666 2.3406013e-05
0.7569878 0.36646104 0.005329382 0.0053411815 0.26576674 0.023801599 0.33326113 0.00065333926 0.1014842 0.15805915 0.20331019 0.0001566642 0.14015664 0.0068359654 0.023158865 0.05029161 0.5247916 0.0051514627 0.012554896 0.04445281 0.97254616 0.00013990633 0.009478157 0.02416048 4.0440576e-05 0.000703471 1.9075187e-19 5.4354176e-05 0.0006676951 0.0005636599 1.729213e-06 0.001250861 0.008014806 0.9825923 1.2826348e-06 3.4939126e-06 5.5220546e-05 4.6285363e-06 0.0005425955 0.12852846 0.3427039 2.1340186e-06 6.8749165e-07 0.0010051343 8.623848e-06 0.19733264 7.655596e-07 3.0221884e-07 0.66500616 2.0103306e-08 5.143142e-05 0.022781406 0.43551698 2.2373612e-07 5.023292e-05 0.0009194228 2.1708463e-05 0.018400727 0.2920084 2.3126167e-06 0.00032912198 0.027120972 3.3146156e-05 4.566949e-06 0.008484604 3.0924943e-09 7.232774e-07 5.20213e-07 7.041765e-05 3.120615e-09 1.4469426e-05 7.146939e-08 1.5785716e-05 0.0001715591 1.3757929e-05 1.40269385e-05 8.8799266e-07 6.320823e-05 0.13671432 0.0064355806 0.046056885 0.29678696 0.023113597 2.1019468e-05 0.0745786 6.127602e-07 1.5852692e-06 0.14080942 0.2913288 3.2159369e-09 0.0021160117 1.1702968e-07 1.5396294e-07 0.00041852746 0.0010530428 1.712138e-07 0.0017401639 2.0347622e-07 0.00088202016 0.0065040803 4.431957e-09
0.6362398 0.0011590387 0.009280069 0.0030495222 1.7694992e-06 0.0010063668 2.2905431e-05 0.13097379 0.00024968607 1.6494539e-06 0.0099866185 0.0067022596 4.3099894e-06 0.0001215088 1.557077e-05 4.5542315e-06 4.801684e-06 0.0013222022 3.867794e-07 0.009730489 1.4124595e-05 0.0021734643 3.3465099e-06 2.1522241e-07 0.9668018 0.5029955 5.4354176e-05 4.0826128e-17 0.00017237582 0.5366384 0.30590147 2.1577944e-06 6.393752e-07 7.683555e-06 0.8490152 0.93773675 0.014399497 0.6664147 2.0969223e-06 6.572334e-07 0.0053425366 0.0074468027 0.3714868 1.2046257e-07 2.8205674e-05 1.4608231e-05 0.1909634 0.4622458 2.2696793e-05 0.13644099 2.6694866e-07 5.339289e-06 6.9698355e-05 0.113646924 2.4130986e-06 0.026452206 4.7002236e-06 0.021547807 0.0015875272 3.349874e-07 0.09360996 5.0279914e-06 2.0424456e-07 0.1402724 1.0063047e-07 0.056993973 0.122607425 0.033538703 0.052866332 0.047206976 0.0010101433 0.04911907 0.00021663393 1.1075763e-05 0.018786035 2.078254e-06 0.0050743134 0.022375124 5.4923203e-06 0.0060389605 0.0025862341 0.00075120677 0.0025763689 0.025287474 4.3052467e-05 0.0039255703 3.353212e-08 0.0026369386 4.2656975e-05 0.003046175 0.013146349 0.08037201 0.0016262047 0.00030986694 0.0099637825 0.0013505775 0.020956486 0.00061700493 0.0102107385 0.003974932 0.0003034027
0.013955606 0.50749046 0.009807003 0.14577243 0.23901232 0.7400252 0.004265214 0.011469686 0.5347424 0.012086869 0.0035957552 0.081991956 0.0010778226 0.48945022 0.18753831 0.0007981139 0.001143054 0.96478057 0.00034482183 1.2846455e-05 0.0014154011 0.9100553 0.020097824 0.00026221108 0.0010949472 0.0002118175 0.0006676951 0.00017237582 7.9165936e-17 6.363009e-05 0.00033267593 0.31860572 2.2658546e-06 0.0009926262 0.003119719 0.00010542228 0.0068853083 2.3277526e-05 0.15484828 0.00030016323 0.00024050415 0.002866604 0.0001173177 3.7280304e-05 0.47382072 0.00010669895 6.8590045e-05 4.3356936e-06 0.0005784289 9.406927e-06 2.2989754e-05 0.00014841922 0.0005966707 1.3156495e-05 0.94701105 7.4712148e-06 0.0034678755 3.831215e-05 0.0001483636 1.477906e-05 2.5121766e-05 0.00037432075 1.3650425e-06 0.00019356648 0.00036066264 3.159384e-06 5.363157e-06 1.1184347e-05 7.3176554e-05 4.056126e-06 0.003745307 7.5331163e-06 0.0005043239 0.2839726 4.9837226e-06 1.204535e-05 2.2850113e-06 7.921725e-05 0.0004652911 7.024192e-05 0.00076221477 0.0008867483 0.00032426583 8.1620365e-06 0.0014271132 6.765105e-05 4.441132e-06 0.0020225411 0.002019177 2.7074666e-06 0.00042770564 4.9173345e-06 0.00015709642 0.006269326 0.00031995878 7.8707394e-08 0.00075895106 0.0004364976 0.0001636696 0.00040383654 3.8879914e-08
0.5729239 0.010012973 0.11122206 0.025035476 1.5048263e-05 0.0062976494 0.00014676816 0.33444038 0.00065738044 1.329865e-05 0.31028846 0.017599445 2.025469e-05 0.00012752837 3.9516544e-05 1.6952648e-05 9.102081e-05 0.0011427138 4.5939774e-07 0.53729045 0.00013026211 0.0010746783 8.9098085e-06 6.7395143e-07 0.5366012 0.9875113 0.0005636599 0.5366384 6.363009e-05 1.0187274e-16 0.23936121 6.189745e-06 1.2714657e-06 0.00043760316 0.39235353 0.49769747 0.01273558 0.9595831 1.2904794e-05 1.9169213e-06 0.16717528 0.004754867 0.16962892 7.739159e-08 2.816017e-05 5.4078897e-05 0.062479764 0.32382393 0.00030230373 0.025286779 7.783699e-07 1.2303333e-05 0.0010988597 0.018571008 2.2960853e-07 0.32621104 3.5983535e-06 0.44405383 0.021317143 1.2000449e-07 0.5122592 7.844184e-06 9.8965906e-08 0.048782848 5.1502415e-08 0.005240559 0.023276057 0.022546388 0.015698854 0.0030709596 0.0001247599 0.004929594 9.63058e-05 1.18787975e-05 0.0041141487 3.284405e-05 0.00455913 0.0025394636 3.2361626e-05 0.061633315 0.024837058 0.008115433 0.021001067 0.06345191 9.504991e-05 0.0016509342 9.791427e-08 0.03742429 0.00058842293 0.0009801878 0.084523104 0.00042293422 0.0010361396 0.00047908849 0.05151769 0.0012424329 0.058753043 0.0010262856 0.02510586 0.027309362 1.3867036e-05
0.7005036 0.012336815 0.20352158 0.21074201 7.3394824e-07 0.006028644 1.7168904e-06 0.8966361 1.5337995e-05 3.9594855e-07 0.0249901 0.54609275 6.5943965e-07 1.2349464e-05 5.490977e-07 7.288473e-07 3.7155226e-07 0.0016370541 2.2775393e-07 0.013250292 8.4371123e-07 0.03867694 5.2986373e-08 2.417279e-08 0.53394413 0.41984513 1.729213e-06 0.30590147 0.00033267593 0.23936121 1.2976194e-17 1.1244971e-08 7.098371e-08 1.1591796e-06 0.7748579 0.18188445 0.75524205 0.0813573 2.839474e-08 1.480758e-06 0.0030222577 0.40406698 0.9545023 6.946539e-08 8.547711e-07 9.224773e-07 0.9194209 0.011142706 3.0005558e-06 0.010554603 1.796969e-08 6.167807e-06 6.7518818e-06 0.08641946 1.6227892e-05 0.0016509333 3.232939e-07 0.0030221897 0.00041325972 3.143545e-08 0.0025744531 9.788412e-06 5.4604772e-08 0.67892665 1.5841734e-06 0.00151769 0.4336042 0.002905379 0.39809713 0.0042094863 0.06257226 0.04903323 0.015426978 3.7101374e-05 0.10956883 5.106586e-08 0.00030446443 0.25078905 1.3764613e-06 0.0009984372 0.000670233 1.661637e-05 0.000560144 0.001070798 0.000320444 0.00020883669 1.0100554e-09 0.00036382256 1.3590292e-05 0.00015018864 0.0010074994 0.016230363 0.00012113566 0.0051848055 0.0008038417 0.008236278 0.001597356 0.00015784535 0.000697956 0.00047018894 0.0019117459
