2.9385783e-24 0.9042352 0.9010515 0.95963436 0.785663 0.9098827 0.5132627 0.90283465 0.87374675 0.9034127 0.883634 0.9343944 0.25033084 0.5818241 0.67660743 0.59002566 0.46029925 0.11087247 0.8121614 0.3965885 0.8398045 0.9768681 0.9069102 0.9290451 0.707038 0.9165873 0.12368785 0.94202346 0.028389899 0.2140769 0.033937074 0.8211629 0.45072764 0.90536135 0.90111977 0.7707139 0.54585195 0.062440943 0.89863896 0.15662102 0.069534406 0.8707782 0.95681566 0.14677383 0.7862643 0.49521458 0.9223537 0.22510783 0.89872193 0.085157745 0.5863577 0.0048997104 0.9029068 0.0028324777 0.9002688 0.8724042 0.065040976 0.02891285 0.030804222 0.9598203 0.88507944 0.010681273 0.24152403 0.048671328 0.9748814 0.39277935 0.06446243 0.509148 0.0038025933 0.8921332 0.8941541 0.9951099 0.99875414 0.20420791 0.0060124695 0.13983352 0.9855615 0.8829779 0.99898994 0.0051078214 0.92497504 0.13453439 1.8499373e-05 8.081492e-06 0.015496185 0.982006 1.7659617e-05 0.003574257 0.1732998 2.4709421e-05 0.86423725 0.99608177 0.034420006 6.850485e-07 6.5781967e-07 0.9999388 0.00055264885 0.99935114 0.10822397 0.9997743 0.0004909401
0.9042352 8.3392045e-15 0.939551 0.8287794 0.93116766 0.8100697 0.55038995 0.41021737 0.27975538 0.049012642 0.20903535 0.008948498 0.3609053 0.50836277 0.0050169323 0.0031297703 0.13663779 0.31681448 0.00067859417 0.03155455 0.016535189 0.020648131 0.034111176 0.009279635 0.0011589437 0.0008327108 0.009689065 0.00033921635 0.21406111 0.024277072 0.36139378 0.00073914335 0.0012153852 0.00027982506 0.0004063254 5.9704464e-05 0.00019590944 0.23215549 7.121612e-05 0.006316708 0.00051470456 0.022230158 7.2771945e-05 0.00034658218 0.00020574784 2.3384237e-05 8.0208e-05 0.025944563 0.011413247 0.057048637 2.522585e-06 0.041668225 0.0010428459 0.06312502 1.897412e-05 0.00025407752 0.000757865 0.0027663212 0.000971372 0.0057034353 1.7530847e-05 0.00024131632 2.745923e-06 7.798397e-05 0.0031656637 8.6372097e-07 2.0671401e-05 7.5717658e-06 0.11060248 1.0988401e-06 0.0017125733 0.0027885176 0.0064056506 5.982771e-06 1.960798e-05 0.0001457523 0.0052111205 8.632948e-06 0.0017407881 0.002786763 7.276021e-05 4.636292e-07 0.0003435753 3.3194745e-05 7.504327e-06 8.815042e-05 3.9861665e-05 3.6376132e-05 4.9819405e-06 0.0005467325 2.4184088e-08 0.0010355039 3.0379485e-07 9.228878e-06 3.096133e-05 0.0022585134 9.414407e-07 1.5331055e-06 3.9737342e-06 0.00075031177 1.4622552e-06
0.9010515 0.939551 4.010485e-15 0.596102 0.9424467 0.87076455 0.3610142 0.33381262 0.2750539 0.013681166 0.45400187 0.0010046609 0.21439327 0.69820845 0.038471237 0.023101063 0.043173496 0.23019123 0.00015202396 0.0028843947 0.0062351017 0.050272804 0.0937573 0.0033255615 0.00027637673 0.00028482018 0.0019037996 0.00092426897 0.16488953 0.004669826 0.35939178 0.00022730726 0.00036385536 0.00087371067 7.014365e-05 2.3361079e-05 3.1753618e-05 0.08128917 1.3158653e-05 0.0021818148 0.00023221842 0.016916635 1.7530596e-05 0.00014743312 0.000476104 0.00012711275 0.00020322691 0.06408191 0.0074777384 0.009932512 1.0003047e-05 0.06031601 0.0040087523 0.07104646 2.58491e-06 0.00064855476 0.00021708437 0.00065240805 0.0030548198 0.0041351225 9.1714486e-05 0.00041006523 1.6905216e-05 2.2192069e-05 0.0044603413 3.20576e-06 5.7400603e-06 4.0104333e-05 0.07666031 6.576936e-07 0.0006938356 0.0018996763 0.006560459 2.222157e-05 8.68863e-05 0.00025809737 0.004110172 3.4095036e-05 0.0018461113 0.006236853 0.00021643672 5.37126e-06 2.9320563e-05 3.3271794e-05 1.1809849e-05 0.00023121605 3.7680295e-06 5.6433222e-05 1.6950103e-06 0.0006121181 2.7261825e-07 0.00033636924 6.030512e-06 6.3871e-06 1.4703384e-05 0.0014169196 1.8371485e-07 7.825847e-06 7.6524175e-06 0.0010553465 1.974262e-06
0.95963436 0.8287794 0.596102 3.1064587e-16 0.5671988 0.48220912 0.96541196 0.53284425 0.2361196 0.5138176 0.0074709808 0.08493521 0.58186466 0.049709626 6.4150925e-05 3.0237363e-05 0.6999426 0.32269332 0.013447566 0.51365924 0.056840397 0.0009644201 0.00062681036 0.028420018 0.007855837 0.0060140123 0.16723208 2.1017964e-05 0.18698502 0.18069962 0.058005493 0.0027797543 0.017034713 1.2099992e-05 0.0014394327 0.00036297954 0.0006939041 0.53149873 0.000112323476 0.08680241 0.004819462 0.024385024 0.00024059454 0.0009307114 3.9564757e-06 7.787583e-07 2.2947927e-06 0.0005756032 0.007043623 0.3022279 1.4463342e-07 0.005114994 6.15442e-05 0.0043200636 3.69892e-05 1.45836475e-05 0.025872594 0.03006035 1.8023693e-05 0.0030348185 1.4301827e-06 6.1412948e-06 5.6217253e-08 3.633661e-05 0.00048316154 3.0545323e-08 9.797112e-05 1.0026737e-06 0.1386412 4.528143e-06 0.004256236 0.0032818 0.0012394027 1.149684e-06 2.6760438e-06 1.7364187e-05 0.0031073948 6.87895e-07 0.00017178667 5.905392e-05 1.3935415e-05 6.13597e-07 0.0007803512 2.7356402e-06 3.0728136e-06 1.0871279e-05 0.00017656056 1.2162037e-05 2.1080423e-06 5.9113034e-05 1.16718635e-08 0.0013633384 5.8480996e-08 9.043603e-06 4.0788982e-05 0.0008059069 8.339112e-07 1.3553469e-07 1.3817486e-06 0.00011447072 9.064075e-06
0.785663 0.93116766 0.9424467 0.5671988 6.0292276e-16 0.48406348 0.7089793 0.11653906 0.09116798 0.008099521 0.10544371 0.0009919037 0.4615773 0.9139858 0.015074282 0.009175015 0.03359907 0.74604475 0.00011177391 0.0015177313 0.0024274033 0.0079079615 0.038027916 0.0016006484 4.6310106e-05 0.00030191249 0.0016546509 0.0010279532 0.40784547 0.0041105626 0.811396 0.00032284055 8.335423e-05 0.00039684944 0.000117138836 1.4499291e-05 2.1882242e-06 0.26561046 2.8323871e-05 0.0008555382 9.6692325e-05 0.005166047 8.818586e-06 2.2629683e-05 0.00020544943 0.000111610294 0.00015468255 0.077561334 0.002675045 0.026407445 2.3678847e-05 0.20604055 0.0014334546 0.21254003 8.344378e-07 0.00022941387 7.404168e-05 0.0004417033 0.002220451 0.0008814912 8.708913e-05 0.00024443603 7.990265e-06 3.227942e-07 0.0013974183 1.8837228e-06 2.1061414e-06 2.40275e-05 0.18629815 4.7420625e-07 0.00013085178 0.001427689 0.0014931826 9.200187e-06 4.220905e-05 0.0001537573 0.0012040155 5.13064e-05 0.00085624703 0.014338341 0.00012982445 8.621984e-07 0.0007273215 0.0002757207 5.773803e-06 0.00032952527 7.5544835e-06 1.6310263e-05 2.2467555e-06 0.0059999935 4.5451563e-07 0.00018995836 7.5010746e-07 8.188678e-06 5.724898e-05 0.00033503867 2.1770628e-08 1.2864232e-05 4.5282936e-06 0.00036235817 5.268093e-08
0.9098827 0.8100697 0.87076455 0.48220912 0.48406348 4.0239188e-14 0.11111865 0.83854586 0.9734831 0.05829435 0.509958 0.03619148 0.059864994 0.10300954 0.038784932 0.025076656 0.03010493 0.036228072 0.0028600122 0.008700932 0.070854135 0.13997611 0.014667182 0.0414471 0.002299924 0.0032262297 0.003885783 0.0012444333 0.021015763 0.003057644 0.032254606 0.0018163748 0.0016546343 0.0038483965 0.00037525326 9.6385644e-05 0.0003635347 0.012414143 6.4683736e-05 0.0017495214 0.00062975625 0.07305463 0.00021398674 0.0002986929 0.002743781 0.00071510946 0.0012930284 0.007227508 0.027244188 0.002177006 2.5266289e-05 0.004315281 0.021858005 0.004870851 6.872567e-06 0.0008637198 6.758373e-05 0.0001688787 0.0008490495 0.027987309 0.00075830467 0.00019154284 1.367665e-05 3.5735546e-05 0.021308158 7.123993e-06 7.629562e-05 0.00014541422 0.0027228477 8.767203e-07 0.0025296027 0.01516856 0.03887562 4.4467582e-05 0.00041352483 0.00071827474 0.02320349 0.00014834775 0.007987314 0.00037478813 0.0015233366 5.8051945e-05 0.000115243936 4.8012927e-05 0.00012516997 0.002080515 1.2403308e-05 0.00020189691 5.7264074e-06 0.00036553052 3.3874574e-07 0.0028418151 3.3122713e-05 5.5085213e-05 7.253401e-05 0.0072052754 3.95511e-06 0.00020528078 1.7543807e-05 0.0031876152 4.373655e-06
0.5132627 0.55038995 0.3610142 0.96541196 0.7089793 0.11111865 4.778055e-15 0.13461614 0.035408273 0.23009047 0.0039166682 0.02539679 0.9547211 0.048281077 0.00033130246 0.00032847072 0.8317579 0.7512242 0.0044159866 0.66651607 0.013712659 0.00089435116 0.0007625885 0.0057644364 0.004088902 0.0023469965 0.24885337 7.6945726e-05 0.2542118 0.32613012 0.13793914 0.0009305978 0.014804602 4.912195e-05 0.00041145136 0.00034479488 0.0005570362 0.5272414 0.00015301217 0.055742107 0.0066897916 0.0048031406 0.00037229946 0.001276226 1.0098263e-05 5.178502e-06 3.3941433e-06 0.0003119234 0.0013455757 0.23314978 9.31228e-07 0.010342525 3.1294167e-05 0.005039006 4.0268205e-05 2.3493565e-05 0.0073541193 0.021477493 1.6446733e-05 0.0004994259 2.1505446e-06 4.066533e-06 2.9888963e-07 1.1291951e-05 0.00024315054 1.6657654e-07 1.7827766e-05 1.1085542e-06 0.14435399 9.245687e-06 0.0004929439 0.0015799504 0.00035166962 7.428154e-08 1.7473503e-06 1.0945599e-05 0.00069019047 3.1245777e-06 9.350226e-05 3.5874677e-06 4.5273528e-06 1.5651058e-07 0.003283282 1.2097494e-06 6.591353e-07 2.679531e-05 0.00039971777 8.067494e-06 3.8548264e-06 0.00020350426 4.941568e-08 0.00046478288 1.0523177e-07 0.00028110892 0.00038367065 0.00024285392 1.6894916e-07 2.1420163e-07 1.6771186e-06 2.0271e-05 5.3851954e-06
0.90283465 0.41021737 0.33381262 0.53284425 0.11653906 0.83854586 0.13461614 2.283186e-17 0.98301643 0.40672925 0.08877788 0.45360336 0.086093135 0.014684035 0.00034053295 8.853266e-05 0.22466733 0.0254732 0.05128757 0.08546708 0.45793483 0.015183343 0.0011170156 0.5699771 0.0136341 0.0524029 0.026699383 3.1897816e-05 0.0036441535 0.014421176 0.0018298231 0.043190017 0.008555219 2.083522e-05 0.022361733 0.0032842031 0.0024292967 0.007417746 0.0018514218 0.0038580704 0.000474896 0.48321003 0.00318686 0.00041415673 4.9563103e-05 3.1684192e-07 4.643934e-05 0.00018332098 0.15220723 0.0062099253 4.6501487e-08 0.00039006048 0.0048712124 0.0001720106 0.0001924815 1.4126035e-05 0.00016474292 0.0002495149 1.0605894e-05 0.18263312 1.657048e-05 4.38763e-06 3.639454e-08 0.00015482437 0.01937801 8.219191e-08 6.200602e-05 1.1173521e-06 0.00033154016 3.476385e-05 0.04650998 0.1554625 0.06336869 4.272077e-07 7.7998686e-07 7.235058e-05 0.08866067 1.3474806e-06 0.0034666848 4.897047e-06 0.00027474243 5.5048794e-08 0.00016773379 5.214535e-06 8.6921597e-07 0.00014097405 9.886281e-06 7.228937e-06 2.5505929e-06 0.00010557974 3.242636e-10 0.033800643 1.774212e-08 1.0283076e-05 1.9734875e-05 0.03581057 2.1303838e-05 9.082086e-07 1.6976749e-06 0.0014426671 4.2633774e-06
0.87374675 0.27975538 0.2750539 0.2361196 0.09116798 0.9734831 0.035408273 0.98301643 3.9452156e-18 0.07815749 0.34911746 0.060883198 0.016090171 0.015591314 0.0059383316 0.0019777475 0.019418437 0.0063403123 0.0019992895 0.004908271 0.13654259 0.24807207 0.0023383382 0.12723507 0.0011157679 0.0043952125 0.0016014224 0.00015506939 0.0014155429 0.0006449752 0.0023771105 0.0051415586 0.00057536474 0.0010355138 0.0021879282 0.00015816269 0.00020868676 0.0005751483 0.00017513911 0.00032047273 0.00012611476 0.4394602 0.00032988685 0.00010690847 0.002186168 0.000108949906 0.00082354964 0.00078907434 0.10031413 0.00061661284 5.922213e-06 0.0006487769 0.04308144 0.00047961558 2.5407666e-05 0.0001912083 1.5174808e-05 3.0997377e-05 0.00020017028 0.14168936 0.00057968573 1.835315e-05 1.4726012e-06 1.7773817e-05 0.04948021 1.5960121e-06 6.9060816e-06 5.246182e-05 1.4436635e-05 4.100554e-06 0.011566763 0.05699462 0.080393896 1.7593543e-06 3.208603e-05 0.00015475234 0.065500155 4.3314427e-05 0.011558626 3.0134233e-06 0.0021986847 3.3508436e-06 1.588666e-05 6.924699e-06 2.8382262e-06 0.0020840168 6.967143e-07 3.0771702e-05 1.023027e-06 0.00012184763 7.244355e-08 0.008091893 1.676017e-06 5.724316e-06 6.7351543e-06 0.019998519 2.1157584e-06 0.00019812444 3.6074623e-06 0.005124574 1.4324035e-06
0.9034127 0.049012642 0.013681166 0.5138176 0.008099521 0.05829435 0.23009047 0.40672925 0.07815749 9.922736e-18 0.0013593042 0.95957613 0.10985737 0.0015800222 1.7585584e-05 1.5223338e-05 0.6695618 0.014142779 0.9163227 0.65044403 0.40100527 0.00061674014 4.199516e-05 0.17396717 0.67509604 0.577576 0.47978997 3.3325127e-06 0.0038166572 0.3553683 0.0010903971 0.23529683 0.5432279 5.717322e-06 0.15057987 0.15086994 0.294482 0.03509337 0.093373396 0.4146322 0.2150569 0.019561168 0.096130885 0.110687695 1.7569115e-06 7.669839e-07 3.9538313e-06 1.1103545e-05 0.007894613 0.082365215 6.1692894e-08 0.00010801301 4.311903e-05 5.551419e-05 0.0004329128 2.6839798e-06 0.112967 0.049257293 6.9988425e-07 0.010517131 1.7544887e-06 1.960829e-06 1.1908867e-07 0.006282994 0.00066224043 8.477734e-08 0.002803041 5.6163265e-07 0.0011679783 0.000111831694 0.012016042 0.06533513 0.002255031 7.027404e-08 2.0693888e-05 4.902844e-07 0.007534414 3.0998365e-06 0.0002328582 3.2057127e-07 1.2248101e-05 1.747725e-08 9.0672605e-05 4.957676e-07 8.431217e-07 4.5836714e-05 0.0023560578 7.5491184e-06 3.3107804e-05 3.066662e-05 3.5347398e-08 0.00845448 2.3164285e-08 9.791517e-05 0.00023279715 0.003736887 0.00028767946 1.8360923e-07 1.5281062e-06 7.533085e-05 0.00019263098
0.883634 0.20903535 0.45400187 0.0074709808 0.10544371 0.509958 0.0039166682 0.08877788 0.34911746 0.0013593042 1.7025626e-16 0.0003986752 0.0018147369 0.30006906 0.8577388 0.8394671 0.00070475694 0.0028304944 2.7545879e-05 4.1621603e-05 0.002727405 0.9808743 0.1796212 0.0012102341 2.8812276e-05 0.0005615098 5.791332e-05 0.068793826 0.001026919 9.130876e-05 0.013030647 0.0006174508 1.3500127e-05 0.32975572 0.00021236422 3.3872155e-05 2.072866e-06 0.00010290065 1.2684046e-05 1.2243149e-05 8.8763245e-06 0.09523986 3.6628167e-05 1.1418315e-05 0.06368695 0.009442165 0.01929305 0.039526418 0.07724124 3.664522e-05 0.00021990086 0.0025679453 0.19605434 0.014926679 1.9238312e-06 0.0015802068 5.430303e-07 5.951348e-06 0.009290602 0.031407334 0.0045320727 0.0022373265 0.00015004048 1.0811793e-06 0.106249355 5.6617308e-05 1.4431596e-07 0.0010595841 3.867595e-05 2.5489953e-06 0.0014663336 0.008042735 0.101865225 4.569106e-06 0.00019998728 0.0007397974 0.021628106 0.0010706596 0.040223416 0.008458068 0.008229149 9.910495e-06 7.2983257e-06 1.1604509e-05 2.378499e-05 0.014378982 2.1069352e-06 4.1291598e-05 3.3108026e-05 8.304882e-05 2.0583439e-06 0.0015373979 7.284509e-06 7.965739e-07 1.1786614e-05 0.006775178 1.1097124e-08 0.005012183 5.3114836e-06 0.01334711 5.9335022e-08
0.9343944 0.008948498 0.0010046609 0.08493521 0.0009919037 0.03619148 0.02539679 0.45360336 0.060883198 0.95957613 0.0003986752 5.308104e-16 0.014428111 0.00026633852 1.1099263e-06 1.0316055e-06 0.24132688 0.0011647448 0.8567839 0.29041463 0.841548 3.1883097e-05 2.062197e-06 0.44315866 0.40394658 0.89653087 0.15772928 2.4942625e-07 0.00031364334 0.08250679 0.00011018026 0.5325038 0.3375468 5.292267e-07 0.38363662 0.34924626 0.2451197 0.0029410766 0.25111303 0.18033133 0.107907906 0.04754986 0.265233 0.057975642 5.014571e-07 3.545145e-08 1.2135441e-06 5.298825e-06 0.02009123 0.017585177 8.197487e-09 2.2916718e-06 2.342312e-05 7.3584715e-06 0.0015017876 2.1042983e-06 0.05224271 0.011199329 5.7858387e-07 0.03489425 8.0732684e-07 3.1353102e-07 3.5479655e-08 0.007953439 0.00050700206 3.2542065e-08 0.001773363 1.5725102e-07 7.354427e-05 9.340182e-05 0.03521525 0.31252927 0.0028471863 2.8960908e-08 1.7697627e-06 3.426759e-06 0.015757501 5.8616155e-07 0.00015815787 5.9726443e-07 5.317794e-06 1.772444e-07 8.697504e-06 7.3164824e-07 3.9368828e-07 2.8229822e-06 0.00016516939 3.1266914e-06 3.138631e-05 2.028147e-06 3.831021e-09 0.03059414 7.82347e-09 1.26155e-05 2.688977e-05 0.007133089 8.7781555e-05 2.9028211e-08 6.3030774e-07 6.340814e-05 7.730179e-05
0.25033084 0.3609053 0.21439327 0.58186466 0.4615773 0.059864994 0.9547211 0.086093135 0.016090171 0.10985737 0.0018147369 0.014428111 2.5493627e-17 0.024071537 0.00023249962 0.0001872157 0.73587984 0.97268146 0.0025931087 0.55419725 0.010691852 0.00014621772 0.00025617532 0.0026582214 0.0035361345 0.0022401158 0.23291643 4.2903273e-05 0.48665676 0.44743654 0.13587838 0.00047917827 0.007945438 1.1655942e-05 0.00017012111 0.0002120366 0.00026455635 0.72824806 8.353472e-05 0.03935137 0.0025767225 0.0011528302 0.00052952836 0.00056396663 2.7716592e-06 1.8626309e-06 1.3206104e-06 3.1198306e-05 0.00025666022 0.52350426 2.2119133e-07 0.0031320099 5.4120137e-06 0.0008718857 3.3710672e-05 3.8170406e-06 0.008837345 0.08590997 1.9265942e-06 0.000112050664 5.424211e-07 3.830115e-07 1.3649145e-07 1.0571248e-05 4.7269048e-05 3.231698e-08 3.1032973e-06 2.9467026e-07 0.25322887 1.7760787e-05 0.0002579293 0.0008598365 9.787017e-05 1.9276161e-08 3.2733476e-07 8.7583953e-07 0.00018380099 6.652559e-07 3.5396635e-05 3.151554e-06 2.234324e-06 5.8653253e-08 0.007183963 1.6721693e-06 1.1707164e-07 9.967184e-06 0.0009388388 6.547204e-07 3.109732e-06 0.00025908306 9.896171e-07 0.00024325211 1.4315676e-08 0.0007139762 0.0012854612 0.00026174635 5.8602595e-08 6.3463125e-07 2.1384975e-07 1.8907143e-05 7.052864e-06
0.5818241 0.50836277 0.69820845 0.049709626 0.9139858 0.10300954 0.048281077 0.014684035 0.015591314 0.0015800222 0.30006906 0.00026633852 0.024071537 2.4563787e-17 0.4640611 0.33996886 0.00085680373 0.21883278 1.3607593e-05 3.2793127e-05 0.00094018964 0.018241946 0.9541741 0.00034524038 8.785144e-06 0.00032556197 0.00018073653 0.061741464 0.18695323 0.00067019335 0.95856255 0.00076933403 4.3513473e-06 0.011123833 0.00012403728 2.6077254e-05 2.553052e-07 0.01540798 1.0408974e-05 9.4998984e-05 8.745096e-06 0.002656897 1.6734879e-05 3.454083e-06 0.0026669449 0.0015778462 0.0022485391 0.8411058 0.002657475 0.0010364593 0.0006920857 0.4991371 0.004981219 0.60236454 3.2278203e-06 0.0014883139 7.33199e-07 1.0565644e-05 0.30168018 0.0004503486 0.00084789767 0.069943145 0.00030104074 1.845861e-07 0.002723414 6.725537e-05 2.1702328e-06 0.00039661885 0.048942324 6.2664653e-06 0.000104930186 0.0002940994 0.0013076657 0.00012954493 0.0019893253 0.00042118292 0.00088147906 0.00052764505 0.001732037 0.19497849 0.00096014584 2.446381e-05 7.608127e-05 0.0034757752 0.00018959676 0.000984796 3.22596e-07 0.00018384376 6.027959e-06 0.033090014 5.822652e-06 0.0001611521 1.7197559e-05 2.4275525e-06 7.955047e-06 0.00045090594 7.1483625e-10 0.00049737684 8.784717e-06 0.0010204337 2.0348261e-07
0.67660743 0.0050169323 0.038471237 6.4150925e-05 0.015074282 0.038784932 0.00033130246 0.00034053295 0.0059383316 1.7585584e-05 0.8577388 1.1099263e-06 0.00023249962 0.4640611 1.8589e-20 0.9845488 2.0025629e-05 0.000683168 1.4780315e-07 2.3481057e-06 4.232437e-05 0.3941912 0.7528416 2.7044332e-05 6.454926e-07 2.6291646e-06 9.503604e-07 0.75899994 0.00048100692 2.4559006e-06 0.00744839 5.648299e-06 9.740255e-07 0.6403269 1.7179862e-06 8.585753e-08 1.5109883e-07 1.676675e-05 2.740364e-08 5.250126e-07 3.8349648e-07 0.00674665 2.0694004e-07 1.3446437e-06 0.073005244 0.027254406 0.014427719 0.22904983 0.010185885 4.1651503e-05 0.00055309443 0.0012943769 0.06512226 0.029364435 1.776674e-08 0.011370882 5.500731e-07 1.2268946e-05 0.10271213 0.0024528685 0.0033043977 0.020532848 0.00019359897 3.6581804e-07 0.025325002 2.2903314e-05 2.857888e-08 0.00080626784 2.7287917e-05 4.9652066e-08 0.00014527215 0.0003112159 0.013398391 0.0009462759 0.0034804638 0.0013658215 0.0020508845 0.00075907516 0.017573541 0.036722053 0.0046111713 5.146969e-05 1.5955502e-05 0.00024822782 0.0003534499 0.0060050627 4.6449082e-07 0.00045456726 2.698719e-07 0.00041962593 6.401387e-06 3.9099992e-05 5.1242464e-06 3.0260296e-07 1.1428326e-05 0.0012164823 8.9407386e-08 0.005651021 1.09198245e-05 0.010859189 4.71436e-08
0.59002566 0.0031297703 0.023101063 3.0237363e-05 0.009175015 0.025076656 0.00032847072 8.853266e-05 0.0019777475 1.5223338e-05 0.8394671 1.0316055e-06 0.0001872157 0.33996886 0.9845488 5.3642723e-21 1.1434039e-05 0.00030644677 1.7527165e-07 2.4421931e-06 3.857877e-05 0.40182957 0.64443606 1.1547326e-05 6.77424e-07 3.395924e-06 3.036053e-06 0.7667231 0.00013029043 3.0142626e-06 0.0034117948 6.4994542e-06 7.439898e-07 0.77817583 9.900957e-07 1.14303205e-07 1.8740656e-07 2.0177158e-06 1.597416e-08 8.7664426e-07 6.155118e-07 0.0072679594 3.8646155e-07 1.0815877e-06 0.16111939 0.08001752 0.034492142 0.15492415 0.010447638 2.2884604e-05 0.0012478638 0.00065376895 0.093945526 0.020894468 2.9824598e-08 0.022070123 1.6203288e-07 7.697256e-06 0.08456324 0.0024702954 0.006683883 0.017945528 0.0005419465 3.573292e-07 0.029428748 7.74702e-05 3.23493e-08 0.0016777563 8.602006e-06 2.1615688e-07 0.00028134388 0.00038762725 0.0136597715 0.0013496324 0.004794123 0.0015147092 0.0023268298 0.00095443055 0.016163556 0.032123853 0.0059735933 8.023035e-05 5.24735e-06 0.000295036 0.0006344661 0.00756646 1.0695322e-06 0.0008169544 1.4875157e-07 0.0004989408 3.47332e-05 6.0926057e-05 1.9921607e-05 1.5772054e-07 9.947954e-06 0.00081620226 9.977787e-08 0.00587903 7.770958e-05 0.010488529 4.7910028e-08
0.46029925 0.13663779 0.043173496 0.6999426 0.03359907 0.03010493 0.8317579 0.22466733 0.019418437 0.6695618 0.00070475694 0.24132688 0.73587984 0.00085680373 2.0025629e-05 1.1434039e-05 3.0662745e-17 0.04774957 0.078454114 0.98934275 0.14204071 2.2734184e-05 8.175444e-06 0.01650539 0.12502623 0.09582762 0.64419484 2.5400145e-06 0.005052629 0.64284265 0.00039061904 0.02283447 0.1877316 1.939118e-06 0.0034856838 0.009304669 0.021753585 0.12905115 0.003697494 0.25518346 0.024538377 0.0044628386 0.0077450452 0.008027225 4.6987378e-07 2.570596e-07 1.984693e-07 8.978742e-07 0.0005508438 0.2877578 3.671463e-08 2.4193283e-05 5.5718997e-06 1.2792419e-05 0.00019745201 3.7744674e-06 0.09422005 0.089220546 5.1481766e-07 0.0004002953 6.4498374e-07 4.669171e-07 5.608851e-08 0.00012168703 3.6800222e-05 5.0737412e-08 3.5456436e-05 1.11386086e-07 0.016734904 2.0781004e-05 0.0012433053 0.003228381 6.106654e-05 1.2293788e-07 3.7280465e-06 1.6858662e-06 0.00045475544 5.7927014e-07 3.2807424e-05 2.2062284e-06 1.427224e-05 2.5107872e-07 0.000610673 3.779694e-06 2.9987766e-06 5.1142233e-06 0.0022247583 9.74972e-06 1.3664636e-06 3.4174333e-05 4.3326034e-07 0.00056327484 2.8964982e-07 0.00021769035 0.00022785812 0.00041766916 6.869616e-05 2.3078358e-06 2.8013514e-07 8.916502e-05 0.00015942568
0.11087247 0.31681448 0.23019123 0.32269332 0.74604475 0.036228072 0.7512242 0.0254732 0.0063403123 0.014142779 0.0028304944 0.0011647448 0.97268146 0.21883278 0.000683168 0.00030644677 0.04774957 2.7971607e-18 0.00016951801 0.00950042 0.0006412132 0.00014374257 0.0016703916 7.765261e-05 0.00027126697 0.00025422996 0.0025641825 0.00013692136 0.9627105 0.012091763 0.56646454 8.075572e-05 0.00016422603 2.8043241e-05 6.6165645e-05 3.0723786e-05 1.3217817e-05 0.6885823 2.094767e-05 0.0005141286 6.644482e-05 0.00014169447 5.1099258e-05 4.4803102e-05 1.9444883e-06 2.6334956e-06 2.0325347e-06 0.00034589946 2.8484776e-05 0.31757438 2.954937e-07 0.040271387 1.5447005e-05 0.0058340966 6.3928583e-06 2.7819142e-05 0.00038251345 0.0071573993 7.8674195e-05 2.426806e-05 4.9301016e-06 1.3279626e-05 7.425792e-07 3.8036787e-06 2.0537997e-05 2.493007e-07 2.334728e-06 6.497065e-07 0.26080003 8.2678e-06 8.27151e-05 0.00038087263 8.056887e-05 3.6106857e-07 2.0264824e-06 1.1942362e-05 0.00012425726 2.4488563e-06 3.5791923e-05 0.00067193573 1.6970134e-05 1.4429813e-06 0.0059009762 3.757374e-05 5.9709614e-06 1.9028392e-05 0.00014094757 4.9453447e-06 2.132148e-05 0.0006816195 4.315299e-06 7.6717704e-05 3.1504163e-07 0.0001859456 0.000457273 0.0001332552 9.240587e-09 2.5234153e-06 4.0891723e-07 3.1345447e-05 2.5498462e-06
0.8121614 0.00067859417 0.00015202396 0.013447566 0.00011177391 0.0028600122 0.0044159866 0.05128757 0.0019992895 0.9163227 2.7545879e-05 0.8567839 0.0025931087 1.3607593e-05 1.4780315e-07 1.7527165e-07 0.078454114 0.00016951801 9.893945e-16 0.15889296 0.32203993 6.2805765e-07 3.086069e-07 0.10468394 0.97124135 0.84805375 0.12705813 2.0691084e-07 0.0001299182 0.033743072 1.62488e-05 0.45219305 0.4552515 7.011097e-08 0.2606045 0.41658568 0.47268188 0.0012192209 0.23485334 0.17609909 0.1622339 0.009778849 0.61760324 0.11533979 3.7852057e-08 9.83539e-09 9.763007e-08 1.80932e-07 0.002840559 0.013947237 1.9032547e-09 3.8774257e-07 3.4286236e-07 1.3955858e-05 0.013628659 1.7690453e-06 0.0686877 0.011733713 8.460809e-07 0.0033021108 6.3529825e-08 4.4904905e-07 1.8376575e-08 0.04975383 2.0848913e-05 1.0770769e-08 0.013152727 6.1282273e-09 7.8104094e-05 0.0044349893 0.037861377 0.10713802 0.000917894 1.7902184e-07 1.5064682e-06 3.285697e-06 0.0038806393 2.1966335e-08 1.2378977e-05 3.7672766e-07 3.1889542e-07 3.9038028e-07 3.146096e-05 1.581936e-06 9.0375806e-07 3.1745867e-07 0.0019285459 3.4866694e-06 0.00018618442 2.878864e-06 3.2755771e-09 0.02466318 2.8316698e-08 0.00010462134 0.00021282304 0.0020653757 0.003223194 6.2866196e-10 1.9398153e-06 1.2649438e-05 0.0014524333
0.3965885 0.03155455 0.0028843947 0.51365924 0.0015177313 0.008700932 0.66651607 0.08546708 0.004908271 0.65044403 4.1621603e-05 0.29041463 0.55419725 3.2793127e-05 2.3481057e-06 2.4421931e-06 0.98934275 0.00950042 0.15889296 2.2689816e-17 0.087209985 2.1052017e-06 4.9282136e-07 0.017604565 0.30947727 0.14645416 0.83074343 4.115604e-07 0.0013863657 0.7650058 0.0001091065 0.018068993 0.5508395 2.7957577e-07 0.010147532 0.024979504 0.073442146 0.030974602 0.007304875 0.43543634 0.16841403 0.0017343005 0.033571918 0.051805176 1.0786214e-07 2.7677736e-08 9.497963e-08 5.313099e-08 0.0002250148 0.18284377 4.074586e-09 1.4120425e-06 1.4715125e-07 1.7006433e-06 0.0013410989 2.0236375e-06 0.14681374 0.11183355 3.284301e-07 0.00026116887 1.2140482e-07 8.782919e-07 2.676249e-09 0.0008595877 8.62115e-06 3.837815e-09 0.00011686323 3.5953587e-08 0.004643445 0.00018415858 0.002969977 0.0017582492 5.1449424e-05 5.3399408e-08 2.5283966e-06 5.5538857e-07 0.00035708022 1.1888283e-07 5.193953e-06 9.530574e-08 1.6692711e-06 3.984575e-08 0.0002639724 2.8807892e-06 2.5887016e-06 1.2400806e-06 0.0021089285 9.822713e-06 1.0459674e-05 1.3906978e-05 8.983109e-09 0.0011572898 4.4512998e-08 0.00024638863 0.00021055431 0.00017097601 0.0003362485 1.1108651e-07 1.6852819e-07 1.5530313e-05 0.0006173033
0.8398045 0.016535189 0.0062351017 0.056840397 0.0024274033 0.070854135 0.013712659 0.45793483 0.13654259 0.40100527 0.002727405 0.841548 0.010691852 0.00094018964 4.232437e-05 3.857877e-05 0.14204071 0.0006412132 0.32203993 0.087209985 6.0817797e-16 0.0039027235 4.287117e-05 0.9905055 0.08827273 0.5554806 0.038029287 3.7886548e-06 5.7517896e-05 0.008849544 0.00016824534 0.531144 0.08350193 1.1146887e-05 0.50987315 0.15587705 0.03930567 0.00026661094 0.19167301 0.017157327 0.018081654 0.25734314 0.03385438 0.010523486 4.368005e-05 8.276607e-07 2.801146e-05 2.7565085e-05 0.10219051 0.0019118771 2.0520022e-07 5.6562985e-06 0.0015029339 4.437984e-05 0.0008188702 1.2789064e-05 0.0015351753 0.00027811597 3.3451822e-06 0.11574029 1.8371013e-05 9.4309775e-07 2.1209553e-07 0.00069792964 0.0060443366 4.170703e-07 0.00045044243 5.8869123e-06 3.4865316e-05 0.00013909374 0.060285144 0.5155538 0.022644535 2.433912e-07 2.2554113e-06 1.6693858e-06 0.05548755 1.5549922e-05 0.0017083656 0.00010843215 0.00015159065 5.6819417e-08 1.1417019e-05 1.4542948e-06 1.5550595e-06 0.0002422384 0.00019605989 7.5642306e-06 1.830915e-05 1.889768e-05 3.6565337e-09 0.0513639 5.469233e-08 4.6190402e-05 2.714327e-05 0.027016994 4.7861536e-06 5.1694033e-06 1.3331965e-06 0.0010321469 1.1255461e-05
0.9768681 0.020648131 0.050272804 0.0009644201 0.0079079615 0.13997611 0.00089435116 0.015183343 0.24807207 0.00061674014 0.9808743 3.1883097e-05 0.00014621772 0.018241946 0.3941912 0.40182957 2.2734184e-05 0.00014374257 6.2805765e-07 2.1052017e-06 0.0039027235 1.2581935e-19 0.04100863 0.0024577226 1.3256958e-06 0.000112052796 1.4815709e-05 0.033157047 2.8627017e-05 3.7037596e-05 0.00019112881 0.00016433666 3.0350964e-07 0.44231695 4.497528e-05 3.5958906e-06 2.0578247e-07 1.1833012e-06 1.4515526e-06 4.2077436e-06 3.1886332e-06 0.20180947 2.4138099e-06 1.3214734e-06 0.25896883 0.028716205 0.21795249 0.0072581964 0.33211145 1.1837114e-05 0.0005326649 7.014328e-06 0.7465685 0.0004928224 1.0022808e-06 0.006662789 2.151437e-06 1.1496861e-06 0.003343003 0.14919695 0.03124666 0.0011737574 0.00024680537 9.374904e-07 0.55322194 3.406604e-05 2.1981254e-08 0.002629488 9.0885317e-07 4.34903e-07 0.006413784 0.013735046 0.61410576 4.2917122e-06 0.00051990553 0.00095164153 0.12860419 0.0015812734 0.3040458 4.587148e-05 0.027570508 3.5187172e-06 2.9722736e-05 1.4793909e-07 1.3107215e-05 0.050138593 1.0307745e-06 0.00029026056 1.1183616e-06 3.1296313e-05 1.402935e-06 0.0023412558 2.3956811e-06 9.660554e-06 1.9469719e-05 0.055818446 3.887569e-08 0.014816459 1.3182053e-05 0.060252696 6.907791e-07
0.9069102 0.034111176 0.0937573 0.00062681036 0.038027916 0.014667182 0.0007625885 0.0011170156 0.0023383382 4.199516e-05 0.1796212 2.062197e-06 0.00025617532 0.9541741 0.7528416 0.64443606 8.175444e-06 0.0016703916 3.086069e-07 4.9282136e-07 4.287117e-05 0.04100863 9.563963e-17 6.865892e-06 1.7256669e-07 1.9745868e-05 3.7488178e-06 0.81141615 0.003141602 5.2730375e-05 0.09047594 3.5855952e-05 5.253902e-07 0.17458321 3.062884e-06 3.7022571e-06 1.1854929e-07 0.000417166 6.037766e-07 1.00744655e-05 3.252882e-06 0.0018832956 3.0091069e-06 3.9677734e-06 0.03737741 0.050366677 0.019589707 0.9589926 0.0021083532 0.0001841512 0.006756031 0.04745613 0.040657397 0.34803897 1.3470458e-05 0.050563056 8.448019e-06 1.2920815e-05 0.6021675 0.00032728407 0.008380311 0.30176622 0.0031576478 1.0533158e-07 0.012645874 0.001070289 6.7417454e-07 0.0030394774 0.0017351559 9.595555e-06 0.0005122707 5.34719e-05 0.0012955222 0.030134337 0.0859909 0.0070247687 0.0010297301 0.0038641666 0.0070513445 0.21937567 0.005512477 0.00049577834 1.0406106e-05 0.0023127086 0.0032008528 0.0071961246 1.3976415e-06 0.0071268408 6.637771e-06 0.011704648 0.0002679149 0.00013556398 0.0003094904 5.7602927e-07 3.0889735e-06 0.0002910725 1.2451413e-09 0.005174822 0.0001465265 0.005805541 6.619085e-08
0.9290451 0.009279635 0.0033255615 0.028420018 0.0016006484 0.0414471 0.0057644364 0.5699771 0.12723507 0.17396717 0.0012102341 0.44315866 0.0026582214 0.00034524038 2.7044332e-05 1.1547326e-05 0.01650539 7.765261e-05 0.10468394 0.017604565 0.9905055 0.0024577226 6.865892e-06 3.846131e-17 0.020519303 0.26698565 0.0033929187 1.5176914e-06 2.143592e-05 0.00063497305 6.5326626e-06 0.28583834 0.0093313195 3.4019633e-06 0.46027085 0.06560025 0.009293593 5.704556e-06 0.100927524 0.0015577506 0.0008604345 0.560522 0.011174087 0.0010163416 1.1946234e-05 2.1663917e-07 1.053971e-05 3.1308987e-06 0.17992498 0.00012567306 5.0821388e-08 1.928839e-06 0.0036826453 1.6505129e-06 0.00046113532 1.3392998e-05 7.757577e-05 8.927184e-06 1.0333896e-06 0.31607422 9.213313e-06 3.530009e-07 5.1598374e-08 0.00014636044 0.010532431 1.5581628e-07 5.7603585e-05 1.4474788e-06 1.1576495e-06 0.00016270454 0.21843086 0.78474694 0.050787188 1.5051964e-07 7.9001177e-07 3.5897845e-06 0.16336526 1.9301217e-06 0.0019717484 1.290864e-06 0.00025962724 1.065171e-07 2.5032095e-06 4.0656897e-07 4.833106e-07 9.782127e-05 1.7982512e-06 3.1247448e-06 7.2902003e-06 1.593774e-05 2.9306524e-09 0.10373774 2.818517e-08 1.3271322e-05 5.232354e-06 0.07850304 3.1752467e-07 2.838126e-06 6.439881e-07 0.0010619842 7.680185e-06
0.707038 0.0011589437 0.00027637673 0.007855837 4.6310106e-05 0.002299924 0.004088902 0.0136341 0.0011157679 0.67509604 2.8812276e-05 0.40394658 0.0035361345 8.785144e-06 6.454926e-07 6.77424e-07 0.12502623 0.00027126697 0.97124135 0.30947727 0.08827273 1.3256958e-06 1.7256669e-07 0.020519303 1.080965e-15 0.5029896 0.2661727 9.086703e-07 0.00018454783 0.08365678 2.5650766e-05 0.23883925 0.88228106 8.4917536e-07 0.08439522 0.24270692 0.960166 0.0011095841 0.1262252 0.32067803 0.4026275 0.001796874 0.35436672 0.3385549 1.0244002e-07 1.6717588e-07 2.37705e-07 3.3228477e-07 0.0006314338 0.018755786 1.8018493e-08 4.5333428e-07 2.7236229e-07 7.650221e-06 0.017349698 2.478822e-06 0.1196999 0.023969531 2.7983504e-07 0.0004178238 3.8517155e-07 1.9542584e-07 9.9248886e-08 0.18596372 1.0212602e-05 1.1652179e-08 0.05525978 3.540455e-08 0.00010299933 0.0044092764 0.020873915 0.021829134 0.00012876195 2.1547191e-07 2.8302336e-06 1.1419137e-06 0.000851399 1.9218204e-07 7.576742e-06 4.0474143e-07 1.0436183e-06 3.111199e-07 4.1817435e-05 6.826218e-07 3.7016477e-07 1.0681999e-06 0.0037406667 3.0817175e-06 0.0001897261 4.699206e-06 4.7431676e-08 0.009618144 1.0782369e-07 0.00023694559 0.00030138 0.00060137536 0.020203145 3.0887626e-09 7.145354e-07 1.4376293e-05 0.010843598
0.9165873 0.0008327108 0.00028482018 0.0060140123 0.00030191249 0.0032262297 0.0023469965 0.0524029 0.0043952125 0.577576 0.0005615098 0.89653087 0.0022401158 0.00032556197 2.6291646e-06 3.395924e-06 0.09582762 0.00025422996 0.84805375 0.14645416 0.5554806 0.000112052796 1.9745868e-05 0.26698565 0.5029896 2.4142856e-14 0.10438223 5.9288695e-06 0.00022058937 0.013359985 0.00018696769 0.89966536 0.44254124 6.444049e-06 0.66642755 0.9245838 0.49882123 0.00036448866 0.6505374 0.12168089 0.15545414 0.016320566 0.6275184 0.1370628 2.2281743e-06 1.11899915e-07 5.828207e-06 1.878027e-05 0.009379753 0.0039406135 2.9383108e-08 9.824778e-07 7.538143e-05 2.9060999e-05 0.010872354 2.2082417e-05 0.033721074 0.003153546 1.6553271e-06 0.0154107725 7.2337916e-06 2.8789268e-06 4.507586e-08 0.045333486 0.00095568097 5.116462e-08 0.014090456 3.5417875e-07 3.84095e-05 0.0020231593 0.07032152 0.5067273 0.005140163 3.535e-06 2.400171e-05 1.7678338e-05 0.012827872 2.2535537e-06 0.00048977736 1.2285852e-05 2.1242551e-05 4.2547197e-07 9.174918e-06 1.7671114e-06 5.531766e-06 4.875632e-05 0.0012633374 1.32217765e-05 0.0011741695 6.160306e-06 2.8225122e-09 0.03491958 5.6546533e-08 9.341482e-05 9.932062e-05 0.009938794 0.00095763436 1.8714305e-08 2.9803832e-05 0.0003416542 0.00035237795
0.12368785 0.009689065 0.0019037996 0.16723208 0.0016546509 0.003885783 0.24885337 0.026699383 0.0016014224 0.47978997 5.791332e-05 0.15772928 0.23291643 0.00018073653 9.503604e-07 3.036053e-06 0.64419484 0.0025641825 0.12705813 0.83074343 0.038029287 1.4815709e-05 3.7488178e-06 0.0033929187 0.2661727 0.10438223 7.230641e-17 4.8939564e-06 0.0005898478 0.99039483 3.7119775e-05 0.012279955 0.7203959 4.6277155e-06 0.0024335063 0.017491234 0.11917006 0.04153721 0.0032710435 0.7830637 0.4475423 0.0003281282 0.044540416 0.1453899 2.0076646e-07 9.18114e-08 3.4232883e-07 9.6600004e-08 0.00010625165 0.31047848 9.704187e-09 1.4882174e-06 6.758669e-07 8.605522e-07 0.002911158 4.649653e-06 0.42976865 0.2804882 1.2387438e-06 9.4696145e-05 4.7815064e-07 1.0812236e-06 8.24651e-09 0.006104296 1.6072978e-05 4.9716128e-08 0.00035564756 9.209342e-08 0.0017995862 0.00050968875 0.0015384494 0.0008886544 0.000181612 5.7851516e-08 1.0499746e-06 1.3036935e-06 0.00027014886 3.9789043e-07 2.3633453e-05 2.1436104e-07 5.274277e-06 2.2664435e-07 0.0006519612 1.997191e-06 1.8229431e-06 3.8870908e-06 0.0062818257 5.0310227e-06 6.930847e-05 3.672549e-06 8.5131234e-08 0.0004026974 9.3664724e-08 0.0005345696 0.0005224745 0.00027476813 0.010116328 2.45039e-07 9.1508116e-07 2.1098116e-05 0.007814442
0.94202346 0.00033921635 0.00092426897 2.1017964e-05 0.0010279532 0.0012444333 7.6945726e-05 3.1897816e-05 0.00015506939 3.3325127e-06 0.068793826 2.4942625e-07 4.2903273e-05 0.061741464 0.75899994 0.7667231 2.5400145e-06 0.00013692136 2.0691084e-07 4.115604e-07 3.7886548e-06 0.033157047 0.81141615 1.5176914e-06 9.086703e-07 5.9288695e-06 4.8939564e-06 1.05066534e-14 0.00021156516 5.0416882e-05 0.000902872 9.740696e-06 1.2362748e-06 0.9299475 1.2263546e-06 5.015365e-07 3.383667e-07 1.4026989e-05 5.2067676e-08 2.9456605e-05 8.287732e-06 0.00034274865 1.7874129e-06 1.1764004e-06 0.37089914 0.66606736 0.24639928 0.49918872 0.0012488186 1.8867695e-05 0.45333916 0.00012224453 0.08708017 0.029922994 2.549569e-06 0.892797 2.3020307e-06 1.1665923e-06 0.39401847 0.00021421422 0.10798007 0.28270593 0.22087906 5.826676e-07 0.027127579 0.07844849 6.112101e-07 0.04186313 0.0007492482 4.3408027e-06 0.00013239826 0.00012400463 0.005264875 0.4258341 0.1402667 0.3180083 0.000601705 0.060335416 0.02600025 0.12677775 0.044375658 0.039019268 8.613359e-06 0.00039563287 0.06271148 0.058782507 1.49392745e-05 0.05551813 2.4820803e-05 0.0006685002 0.006775078 6.2032275e-05 0.003537501 1.1247724e-05 4.610489e-05 0.0005579105 1.9319152e-08 0.051171478 0.0027402847 0.02997268 1.5485373e-08
0.028389899 0.21406111 0.16488953 0.18698502 0.40784547 0.021015763 0.2542118 0.0036441535 0.0014155429 0.0038166572 0.001026919 0.00031364334 0.48665676 0.18695323 0.00048100692 0.00013029043 0.005052629 0.9627105 0.0001299182 0.0013863657 5.7517896e-05 2.8627017e-05 0.003141602 2.143592e-05 0.00018454783 0.00022058937 0.0005898478 0.00021156516 8.9232655e-18 0.0076997043 0.93280905 0.000101781 0.0001200689 7.014178e-05 3.0918694e-05 1.8369454e-05 2.0336545e-05 0.9346208 1.1979868e-05 0.00018559003 5.772579e-05 4.580824e-06 2.3392533e-05 3.3383196e-05 2.6307896e-06 9.096219e-06 8.146923e-07 0.0009874206 2.5505224e-06 0.7097552 5.418291e-07 0.33318806 1.3511815e-06 0.009575321 4.1658795e-06 8.312243e-05 0.00034716935 0.016210184 8.286472e-05 1.5999158e-05 3.6673373e-06 9.884649e-06 3.5930557e-06 2.5755567e-06 6.9100543e-06 4.708481e-07 6.1167807e-06 6.0370286e-07 0.8815954 1.8196299e-05 1.729214e-05 0.00044146477 5.5374276e-05 5.7976087e-07 1.7354356e-05 2.1397278e-05 0.00015142435 4.312275e-06 1.7002874e-05 0.00076228013 4.693379e-06 1.3911215e-06 0.013502671 0.00014203771 8.105953e-06 2.2164468e-05 0.00021583814 1.88824e-05 0.0001239681 0.0052471557 7.702564e-06 1.4119087e-05 1.2382926e-06 0.0005473705 0.00085322326 6.060593e-05 3.002385e-08 3.5222124e-06 9.300179e-06 9.067032e-06 3.2110413e-06
0.2140769 0.024277072 0.004669826 0.18069962 0.0041105626 0.003057644 0.32613012 0.014421176 0.0006449752 0.3553683 9.130876e-05 0.08250679 0.44743654 0.00067019335 2.4559006e-06 3.0142626e-06 0.64284265 0.012091763 0.033743072 0.7650058 0.008849544 3.7037596e-05 5.2730375e-05 0.00063497305 0.08365678 0.013359985 0.99039483 5.0416882e-05 0.0076997043 2.269961e-16 0.0001215737 0.001097279 0.37891912 2.183e-05 0.0007637384 0.001126048 0.015912121 0.45449927 0.00074884994 0.79852575 0.19125299 0.0002149952 0.0012955859 0.01775183 2.9130156e-06 4.9210337e-07 1.2723269e-06 3.0367712e-06 3.318481e-05 0.7595572 4.2069374e-08 3.8869006e-05 3.8352523e-06 1.2799166e-05 5.7555982e-05 2.5694786e-05 0.49525735 0.62234473 9.983827e-07 8.3595514e-05 2.6341916e-06 1.4792306e-06 1.9949791e-06 0.00086776755 1.7350383e-05 1.8562586e-07 9.52947e-05 5.608025e-07 0.031439506 9.467226e-06 0.0003479989 0.00086861034 0.00017207394 3.8636352e-07 5.4893094e-06 3.4398133e-06 0.00018461225 1.1184662e-06 3.7238875e-05 2.884737e-06 2.7158625e-05 4.7192023e-07 0.0036500928 3.5995545e-06 2.4804535e-06 8.060487e-06 0.029282812 7.1772656e-06 1.0833771e-05 2.4696228e-05 4.9063215e-06 0.00014559392 4.0448558e-07 0.0009874541 0.0013970953 0.000187801 0.003036573 1.6183405e-06 1.2580605e-06 7.094863e-05 0.0040508998
0.033937074 0.36139378 0.35939178 0.058005493 0.811396 0.032254606 0.13793914 0.0018298231 0.0023771105 0.0010903971 0.013030647 0.00011018026 0.13587838 0.95856255 0.00744839 0.0034117948 0.00039061904 0.56646454 1.62488e-05 0.0001091065 0.00016824534 0.00019112881 0.09047594 6.5326626e-06 2.5650766e-05 0.00018696769 3.7119775e-05 0.000902872 0.93280905 0.0001215737 2.6130044e-19 0.00017996461 8.703711e-06 0.0002858592 2.7050575e-05 2.0316753e-05 2.2076467e-06 0.19881089 1.0707463e-05 5.589985e-06 7.632258e-06 2.4017398e-05 2.703764e-06 7.535682e-06 5.918055e-05 7.368904e-05 1.9734065e-05 0.09591685 2.1866222e-06 0.013511373 5.9642966e-06 0.98106766 2.58095e-05 0.40928358 2.547123e-05 0.0001345421 6.073426e-07 1.2937091e-05 0.002498951 6.568406e-05 2.575811e-05 0.00016112337 2.1381653e-05 2.3843495e-07 1.5832318e-05 1.4853135e-06 1.4061029e-06 6.4119026e-06 0.5352232 0.00021280274 3.8548427e-05 0.00052967557 0.00015728637 1.6611988e-06 2.9594721e-05 0.00012280482 0.00058674463 4.7332496e-06 3.992067e-05 0.0030162684 4.704612e-05 1.7489449e-05 0.00091854844 0.0002488863 3.29004e-06 1.3122473e-05 5.136172e-07 1.516367e-05 2.7609736e-05 0.017872045 2.0360085e-05 7.0082096e-06 1.6966544e-05 1.3165645e-05 4.8098125e-05 0.00034181523 2.3925834e-11 5.0251325e-05 3.6996628e-06 4.4341174e-05 6.4556744e-08
