5.5983083e-32 0.98032403 0.97632974 0.6510551 0.7854445 0.97251475 0.9796149 0.038951598 0.9899388 0.94519234 0.03810659 0.6744104 0.8695243 0.84997815 0.8386302 0.93859786 0.49043125 0.84514755 0.97513825 0.72492254 0.08945608 0.99629694 0.9905654 0.56777084 0.6102626 0.6730939 0.48688018 0.98277116 0.16912484 0.039875075 0.03689172 0.9967272 0.94004774 0.07290163 0.15832278 0.22403961 0.9596217 0.012087906 0.06914292 0.63179654 0.7602991 0.88427025 0.004250016 0.0028570134 0.039528582 0.033267386 0.036427334 0.8907469 0.28537825 0.9902809 0.027306387 0.84506255 0.0033520954 0.6318471 0.4218151 0.017524796 0.9690365 0.00022587672 0.0035160256 0.027463792 0.61881775 0.9949886 0.00022002336 0.04418819 0.07431466 0.044729516 0.009547368 0.0053429315 0.682879 0.00066111336 0.19054385 0.032128308 0.34573114 0.18668638 0.28391498 0.070101075 0.00075536524 0.12099495 0.010443149 0.057342228 0.020108951 0.808546 0.11635469 0.0015945922 0.0019700436 0.055569984 5.522508e-05 0.0010208748 2.0320784e-05 0.07194735 0.013319956 0.010109693 9.1051974e-05 0.009649184 0.025042096 0.00019886007 0.9359379 0.47386077 0.00093013945 0.9998684 0.00023529051
0.98032403 1.6305341e-21 0.18145335 0.63204587 0.870179 0.107474424 0.1632622 0.00045288276 0.5295618 0.05306246 1.5674152e-05 0.13879569 0.040132254 0.072211884 0.0029440948 0.0011501561 0.08697441 0.07707431 0.00049107923 0.03717989 0.0002765046 0.44560462 0.0013286715 0.042882938 0.04296186 0.0055809407 0.0015222634 1.9436222e-06 0.009274508 0.008901965 0.010141153 0.00018084032 0.0006137844 0.002062312 0.000689689 0.0001843429 0.060455333 0.0035355682 0.0005443346 0.00017638484 0.0002627277 4.4992207e-06 0.0012890195 0.0008865683 0.00013983989 0.0001233745 0.0007779785 1.0316384e-05 0.051166546 5.3509035e-07 0.00018909982 1.9515839e-07 0.0002368667 2.2353427e-06 1.1405668e-05 2.9165616e-05 3.8682693e-09 7.701768e-05 0.00013091568 1.5205483e-06 4.744018e-08 0.00012782328 0.00014958215 3.9048642e-05 3.0285603e-06 2.9356012e-05 8.964526e-06 3.843456e-05 1.0784913e-08 0.00020779549 4.940364e-07 6.02296e-06 5.457413e-09 2.216156e-08 5.772495e-09 3.5394454e-10 0.0001590486 2.4543563e-09 2.0970504e-06 9.547235e-09 1.5610088e-06 1.3741561e-09 1.933303e-10 1.1236365e-06 1.1906851e-06 1.5718279e-09 0.0003160644 2.5732343e-06 0.00012657142 1.421562e-09 5.9243984e-08 2.652593e-07 2.5020412e-05 8.735156e-07 8.920753e-09 1.0487652e-05 9.2317204e-10 1.813696e-09 5.991116e-07 0.00059559784 3.5488522e-06
0.97632974 0.18145335 2.8613576e-15 0.6951084 0.030979471 0.011415916 0.013701508 0.011764722 0.01991882 0.0075959954 0.017079908 0.0329222 0.016132388 0.010087561 0.0014772819 0.00081977155 0.01510225 0.00853186 0.0002532188 0.0025962684 0.00707514 0.063534595 0.00071454776 0.0030718485 0.0038860736 0.001875837 0.0010077446 4.026431e-06 0.0005920609 0.0039840066 0.0045643677 0.00017678614 0.001189603 0.0003351598 0.00045273142 0.00016749593 0.19326344 0.0124913305 0.00019519666 0.00021677878 0.00024141945 8.868451e-05 0.0073088016 0.006018731 4.9341208e-05 9.861087e-05 0.00028026119 5.9294718e-05 0.52745324 3.2785556e-07 0.00015035919 2.6524893e-07 6.164911e-05 3.3731042e-06 1.7186867e-05 3.213101e-05 1.2441804e-08 0.0031509334 3.539988e-05 1.788159e-05 3.4406443e-07 0.0020250655 0.00028467466 8.0857135e-05 2.1944508e-05 4.2312222e-05 1.9478039e-05 4.7748083e-05 1.4058562e-06 0.00028787323 4.514935e-06 1.7293969e-05 1.3842802e-07 1.5581406e-07 3.4175113e-07 8.724154e-08 0.00016823121 2.3804436e-07 1.296937e-05 7.1528945e-07 1.3462725e-05 8.479562e-08 3.0762177e-08 9.859226e-05 0.00019831161 3.0483804e-08 8.883671e-05 0.00017955214 3.8683145e-05 2.9562221e-07 6.868684e-07 1.3122631e-06 1.5126045e-05 1.7664272e-06 1.6926074e-07 4.1692718e-05 9.650465e-07 1.1203032e-08 4.063645e-06 0.008593726 3.236766e-06
0.6510551 0.63204587 0.6951084 2.7879915e-16 0.3116814 0.094049454 0.06619784 0.092805415 0.12659582 0.03585946 0.045813754 0.45692146 0.087073945 0.06676708 0.0060038916 0.002440253 0.33383152 0.07800966 0.0004908051 0.009546986 0.3844478 0.045125976 5.1871397e-05 0.17548865 0.104675494 0.010851719 0.0027526068 2.0804461e-07 0.043249127 0.6100613 0.4808162 8.281317e-06 0.0001445411 0.016252767 0.0013430764 0.0002465212 0.08790935 0.5637779 0.005106937 3.856075e-05 0.00011178435 1.2660909e-06 0.45258555 0.41855976 0.0007710921 0.0005409963 0.045471873 1.393141e-06 0.18314573 2.5958412e-08 0.0031165504 3.489783e-08 0.019842649 5.9932535e-07 9.587683e-07 0.001422106 1.7313084e-08 0.21486285 0.022793142 0.00034984286 8.93533e-09 1.1191038e-05 0.047726847 0.00014104921 2.5273492e-05 0.00019850157 0.0007504313 0.0016570147 5.7787634e-07 0.020166123 1.6936611e-06 8.008571e-05 2.335238e-06 5.4937764e-06 1.0192451e-07 8.918254e-07 0.004068469 1.886351e-06 0.00016020388 1.3947981e-05 0.00043399216 6.027685e-07 5.1986535e-07 0.00056050764 0.00016870002 1.8353151e-07 0.0131395 0.00024319992 0.0081099365 2.79299e-06 5.327476e-05 8.1023936e-05 0.001728955 8.587683e-05 6.136681e-06 0.00079482107 1.269147e-06 2.2847826e-06 4.2352716e-05 8.018055e-05 0.00016978612
0.7854445 0.870179 0.030979471 0.3116814 6.909851e-17 0.6891671 0.11309953 9.015586e-05 0.14402488 0.2788422 2.8495537e-05 0.8670363 0.2836597 0.41369376 0.006059201 0.0027471492 0.5816024 0.12419507 0.0016470238 0.05748936 0.00021441205 0.03363743 0.0023977896 0.08557127 0.09079 0.01251365 0.0035832676 1.2909816e-05 0.028347978 0.016558625 0.030101506 0.0008169343 0.00141853 0.014666057 0.00250924 0.0011052351 0.009066402 0.012075948 0.0048972066 0.001248397 0.0009818607 3.0351137e-05 0.0038264336 0.0030435168 0.0020368407 0.0013769965 0.015845476 4.6443813e-05 0.015807984 5.7983693e-06 0.003505942 1.7930197e-06 0.00572685 1.9224603e-05 0.000117873504 0.0008020426 3.940496e-07 0.0014597055 0.0058995774 0.00035960824 9.3689255e-07 9.640385e-05 0.0027826375 0.00056339306 7.8667515e-05 0.0004611923 0.00036754765 0.0013698549 2.2422805e-07 0.00400298 9.4659445e-06 0.00018604298 4.9868294e-07 4.1735025e-06 6.4905134e-07 6.398058e-07 0.0021081301 8.074647e-07 0.00017506377 3.4366392e-06 6.737053e-05 2.9492767e-06 1.5057685e-06 0.00015735642 0.00010767054 1.5652037e-06 0.001661828 0.00019439988 0.00083010533 1.2419506e-06 1.0703053e-05 2.7395294e-05 0.0002716387 8.493529e-05 5.3813505e-06 0.00020161406 2.898838e-06 1.6381276e-06 8.5566426e-05 0.00050135696 0.000108678236
0.97251475 0.107474424 0.011415916 0.094049454 0.6891671 4.5028458e-18 0.5505259 0.00015025283 0.6190107 0.8122092 2.6253383e-06 0.08352526 0.48249874 0.30553785 0.08791159 0.07057127 0.10698107 0.23847522 0.023815976 0.12733078 2.8555385e-05 0.17357177 0.07165177 0.0540014 0.07650085 0.09030661 0.044139564 0.00034526884 0.03038956 0.0026007316 0.0068293544 0.0052241 0.07011793 0.023747165 0.01578255 0.008219921 0.013813125 0.0006111574 0.012466861 0.010231399 0.029086584 0.0011035367 6.630518e-05 5.32926e-05 0.0059188255 0.005197613 0.0064092223 0.0019961726 0.010591962 0.00034699411 0.0052547576 6.451647e-05 0.003246877 0.0002742699 0.0014373092 0.0011659451 7.035462e-05 8.347487e-06 0.003292589 0.00048377452 7.3047945e-06 0.00708809 0.00033448605 0.0014161388 0.00023118209 0.0020131366 0.00042408876 0.0020292946 1.6422995e-06 0.00035648205 3.0408504e-05 0.00031041677 9.1753066e-07 5.248226e-06 2.9884146e-05 4.4844137e-07 0.0005844313 1.203042e-06 8.04033e-05 2.5400507e-06 5.18709e-05 2.0762958e-05 6.620528e-07 0.00011857671 6.7324094e-05 3.665806e-06 0.00036641755 9.663405e-05 0.00027306698 1.4996593e-06 1.6330988e-06 5.6378e-06 0.00019836608 9.9829185e-06 2.164431e-06 5.2908184e-05 7.090875e-06 6.0961736e-07 1.6822793e-05 0.0054303603 1.864859e-05
0.9796149 0.1632622 0.013701508 0.06619784 0.11309953 0.5505259 7.979472e-18 0.0007789652 0.66757345 0.53987473 2.841624e-05 0.09813662 0.31181508 0.2384532 0.32644153 0.46658897 0.10852217 0.3095163 0.19106802 0.18679999 0.00023147771 0.4230666 0.32287836 0.033058096 0.057212986 0.15541238 0.08630675 0.04623824 0.016759412 0.0009098202 0.0027595959 0.057898052 0.3322649 0.013271006 0.018073818 0.018528663 0.07303562 0.00031432757 0.008087318 0.038524494 0.1343071 0.032004774 8.020777e-05 8.120418e-05 0.0080098165 0.007832505 0.0044397563 0.026474504 0.03253297 0.0067367717 0.003916534 0.002724235 0.0015610075 0.005441242 0.016147241 0.0013395165 0.001850704 2.8819475e-05 0.0019692094 0.0017963704 0.00074734 0.12935576 0.00010903879 0.0045092385 0.0017034143 0.0066448273 0.0009919672 0.0016949642 0.00036198882 0.00034038295 0.001185212 0.0013748648 7.402939e-05 0.00025011002 0.0005143713 1.2541163e-05 0.0009359398 2.1715628e-05 0.0013463183 4.9777784e-05 0.0005517536 0.0006824579 1.2141607e-05 0.0014178328 0.0007152694 0.00012149118 0.0014913674 0.0008815244 0.0015436609 1.1290541e-05 1.761827e-05 4.4089567e-05 0.0007791866 0.00016322285 1.8433086e-05 0.00048231587 0.00087199674 1.2980964e-05 0.0003045469 0.12564316 0.0011526274
0.038951598 0.00045288276 0.011764722 0.092805415 9.015586e-05 0.00015025283 0.0007789652 6.1770287e-18 0.00028362323 0.00012259232 0.23493677 0.0004957901 0.00045554133 0.00026172513 6.829039e-05 8.963065e-06 0.0018252499 0.00025679855 2.4230918e-05 3.798512e-05 0.0390373 0.0008380685 4.2337848e-07 0.0006481554 0.0015066903 5.9581944e-05 2.7355777e-06 3.3101236e-07 0.00032602646 0.008787047 0.0050352328 1.6447901e-06 5.3765925e-05 9.560492e-05 5.4233446e-06 5.951004e-07 0.027617842 0.007881497 3.3870892e-05 4.7044637e-07 8.678936e-06 2.7311255e-06 0.0071430625 0.0074139545 2.2551512e-06 2.5348622e-06 0.00045810672 7.3357205e-06 0.38209215 9.072355e-09 9.6438234e-05 1.4230576e-06 0.00014005731 1.5939177e-06 1.5905482e-06 3.6558613e-05 5.5383134e-09 0.004903314 0.00010516983 1.3680694e-05 9.996933e-08 1.7792571e-07 0.00027043137 5.887434e-06 3.5810858e-06 8.54558e-06 8.7394765e-06 3.7333928e-05 2.563646e-07 0.00010976567 4.984495e-07 1.1126724e-06 4.2606697e-08 1.0967363e-07 1.866059e-08 1.410899e-07 0.00011812693 3.9726157e-08 3.0442175e-06 5.4700365e-08 6.5360433e-07 5.4528457e-09 7.571754e-09 8.9291296e-07 2.9664582e-06 6.216723e-09 0.00017281297 2.6034324e-06 8.908189e-05 2.5026125e-08 1.939901e-07 1.7219105e-07 3.9216953e-05 7.452488e-07 6.60922e-08 6.4685178e-06 4.0806682e-09 2.0302215e-08 3.716536e-07 3.144443e-07 3.6108437e-07
0.9899388 0.5295618 0.01991882 0.12659582 0.14402488 0.6190107 0.66757345 0.00028362323 2.0498119e-20 0.2856197 4.984645e-06 0.057126913 0.16380426 0.07138425 0.114840925 0.16069917 0.029655421 0.074244976 0.062190857 0.030343657 6.207039e-05 0.5118947 0.2351652 0.0030539008 0.004236481 0.010597691 0.00545045 0.005152976 0.0011860982 0.0010757042 0.0012105701 0.019371824 0.023338169 0.00079754734 0.0014188339 0.0017094624 0.07941084 0.0018741445 0.00059637486 0.0022702867 0.008057018 0.0031559635 0.0008351392 0.00070740836 0.0010904352 0.0010088518 0.0010551433 0.0013402486 0.030991998 0.0015426571 0.00024921098 0.00040615626 0.0009588904 0.00059204653 0.00069675123 0.00014572394 0.0006261932 5.7962112e-05 0.0010068357 0.00012495159 0.0001788501 0.13292253 0.0005393859 0.0011451521 0.0006989651 0.0010419044 0.00010128138 0.0005058091 1.9573306e-05 0.00070997566 0.00018459129 0.0005826774 2.192012e-05 4.742867e-05 0.0001570422 3.454241e-06 0.0017246502 1.9407766e-05 0.00063932705 6.574955e-05 0.00021209646 8.991433e-05 9.837023e-07 0.0011976481 0.00096124446 2.177687e-05 0.0009836517 0.0014428309 0.00067861646 3.0956385e-06 1.09620105e-05 2.7385156e-05 0.00028395694 6.889935e-05 9.700723e-06 0.0003864262 0.0001721831 3.0569047e-06 8.4703446e-05 0.119993605 0.00017554814
0.94519234 0.05306246 0.0075959954 0.03585946 0.2788422 0.8122092 0.53987473 0.00012259232 0.2856197 1.277073e-17 3.886464e-06 0.07779842 0.82960576 0.6503399 0.31198835 0.09642718 0.07967747 0.56494385 0.0543142 0.3056548 2.2710174e-05 0.052835494 0.07314088 0.059968766 0.1026418 0.13849525 0.08018836 0.0011271434 0.04294496 0.002120364 0.0061657405 0.008996773 0.09996737 0.039813872 0.028084422 0.020988896 0.0076464647 0.0003014947 0.030376215 0.038756933 0.043729782 0.0015165658 6.117892e-05 4.7427042e-05 0.017277855 0.014127384 0.02072622 0.0030911283 0.006971394 0.0007779393 0.017651964 6.16654e-05 0.007371987 0.00039548706 0.005119167 0.007884557 0.0002903932 9.230797e-06 0.0064459955 0.004625095 7.0099745e-06 0.004261105 0.00043435383 0.0055363663 0.000694447 0.0070205797 0.003775726 0.007856349 1.3263609e-06 0.000674361 1.9785924e-05 0.0005609678 3.861116e-07 2.8557522e-06 5.7481597e-05 6.5541764e-07 0.003086842 3.3775223e-07 0.00029529634 1.3602448e-06 4.645595e-05 0.00012261653 1.0650995e-06 0.0016977154 0.0004688226 7.68143e-06 0.0022737298 0.00088163547 0.0016368222 1.1569376e-06 3.6351425e-06 8.440723e-06 0.00075797417 1.4434227e-05 1.6229077e-06 0.0004913432 3.4473913e-05 2.925943e-06 9.533115e-05 0.006232584 0.00026962507
0.03810659 1.5674152e-05 0.017079908 0.045813754 2.8495537e-05 2.6253383e-06 2.841624e-05 0.23493677 4.984645e-06 3.886464e-06 1.4310608e-18 7.3059826e-05 4.885108e-05 3.404876e-05 1.5285414e-05 6.1089946e-07 0.00043149886 1.4955297e-05 1.6316447e-06 2.3738367e-06 0.05050237 5.053414e-05 4.1971013e-09 9.9020435e-05 0.0004129619 1.0689323e-05 2.5089432e-06 5.9822836e-09 3.29039e-05 0.0018882671 0.0014877549 3.876004e-08 1.2481565e-05 1.33087615e-05 1.0364716e-05 2.9898729e-06 0.009118085 0.0027663698 7.772102e-06 3.6360302e-06 6.4252526e-06 3.2392194e-07 0.0018092184 0.0020887994 8.1983835e-06 1.0269052e-05 0.00060406537 2.3034315e-06 0.36707276 9.872048e-11 5.0359216e-05 2.6225754e-08 0.00024835923 6.492154e-07 4.8493184e-06 3.561575e-05 2.3009645e-11 0.006736405 0.00021859113 2.2334005e-05 4.8092113e-09 2.9946738e-09 0.00045862887 4.1455423e-05 1.708975e-05 2.6036947e-05 3.8400925e-05 0.00011694728 1.2375541e-07 0.00010779558 6.2877683e-07 2.8457175e-06 1.38352725e-08 1.9177953e-08 1.1818675e-10 6.008722e-09 0.0002544058 3.0302456e-09 3.4961988e-06 1.960624e-09 4.6295006e-07 3.1102874e-13 5.293033e-11 3.9699484e-05 3.3457614e-05 2.6895187e-12 0.00032435177 1.6432326e-05 8.673504e-05 4.0738996e-10 1.1785236e-08 3.4715328e-08 6.0287985e-06 1.2398364e-07 1.3175993e-09 4.266497e-06 1.2598905e-13 5.1609e-12 4.184117e-07 6.942288e-08 2.9057503e-07
0.6744104 0.13879569 0.0329222 0.45692146 0.8670363 0.08352526 0.09813662 0.0004957901 0.057126913 0.07779842 7.3059826e-05 2.0681302e-18 0.0779316 0.1941693 0.005757368 0.0029496483 0.93167377 0.09300561 0.0017673762 0.061632425 0.0010642421 0.009456214 0.00025574252 0.12105021 0.1373006 0.004600366 0.0008209611 4.460292e-06 0.03330795 0.03150791 0.04820924 3.3959906e-05 0.00016845309 0.013289124 0.0010454764 0.00016674494 0.012728682 0.021127589 0.0033512337 7.03816e-05 0.000101108824 4.7379144e-06 0.007994356 0.006309919 0.00034917105 0.00043622105 0.026460573 1.1449828e-05 0.027590727 2.2396647e-07 0.0054579065 1.3304985e-06 0.010775309 2.7176511e-06 6.3786197e-06 0.0010908819 1.5757078e-07 0.0010267388 0.011786099 0.00025264517 2.1123861e-07 7.7933e-06 0.0035952514 0.00012979028 2.5208814e-05 0.000101224214 0.0001708355 0.0015812997 7.791323e-08 0.0050959764 7.498936e-07 2.7352922e-05 1.426321e-08 1.5061498e-07 4.5876382e-07 5.497943e-08 0.0021347953 1.5068402e-08 2.5590318e-05 2.0378499e-07 1.9638335e-05 1.444693e-06 2.6601278e-08 5.837589e-05 0.0001268294 7.0243225e-08 0.0013677825 9.9872654e-05 0.00097392715 6.177673e-08 3.0487322e-06 6.1529727e-06 0.0001465894 1.2220531e-05 4.477529e-07 4.2051386e-05 3.8502466e-07 1.8771941e-07 1.7382963e-05 2.4321092e-05 2.1562939e-05
0.8695243 0.040132254 0.016132388 0.087073945 0.2836597 0.48249874 0.31181508 0.00045554133 0.16380426 0.82960576 4.885108e-05 0.0779316 2.5876416e-18 0.8103663 0.12449952 0.07744832 0.13202457 0.6716969 0.05267503 0.39941943 5.547724e-05 0.018290678 0.027346201 0.08700834 0.12701784 0.0975923 0.040173925 0.0010602801 0.067399174 0.0039565763 0.008069548 0.0029654417 0.014616538 0.07972562 0.028363064 0.01134031 0.005007341 0.0013520156 0.04321912 0.012883079 0.012089152 0.00022499418 0.00034717433 0.00024452416 0.012552077 0.013267931 0.03629613 0.00045757208 0.006775491 0.000501268 0.023407856 2.3269225e-05 0.016187498 0.000102925194 0.0015703613 0.013026249 0.00034232315 3.075366e-05 0.015835747 0.0071740495 2.8244958e-06 0.0008807728 0.0007580971 0.0063479114 0.00096925994 0.007034228 0.0046966304 0.009454293 4.0985032e-07 0.0014841773 2.321067e-05 0.0015890731 6.1254815e-07 3.663667e-06 7.515511e-05 7.9063506e-07 0.0040751584 6.674344e-07 0.0012833477 3.0652714e-06 0.0002333524 0.00014995293 2.5767927e-06 0.0023582045 0.0013034021 2.4650979e-05 0.0024911952 0.0018219976 0.0016590419 1.3094253e-06 1.6731226e-05 4.3929573e-05 0.00065579155 8.6822925e-05 3.3362714e-06 0.0010429309 6.6036984e-05 2.0781916e-05 0.00027826958 0.00076199416 0.00045083137
0.84997815 0.072211884 0.010087561 0.06676708 0.41369376 0.30553785 0.2384532 0.00026172513 0.07138425 0.6503399 3.404876e-05 0.1941693 0.8103663 1.8667899e-18 0.07600795 0.03638908 0.30772772 0.73644423 0.022338627 0.5199266 5.551434e-05 0.01158135 0.006294422 0.17186294 0.26254836 0.12343398 0.04958945 8.126438e-05 0.112545714 0.0045625875 0.012996536 0.0011500218 0.01365007 0.12779078 0.029449824 0.013224342 0.0039022753 0.0015739837 0.07462109 0.008665857 0.0040758983 3.212008e-05 0.00016166299 0.00012231753 0.018626446 0.012730321 0.07219393 6.1887986e-05 0.0050773043 5.793127e-05 0.048811026 1.9735448e-06 0.025126286 1.0984824e-05 0.00044913022 0.021628568 1.50495825e-05 2.154923e-05 0.026735712 0.00959486 3.40067e-07 0.00028507863 0.0010345193 0.0024687834 0.0005071357 0.0038194973 0.005576355 0.018380558 2.1068574e-07 0.0026709167 9.100453e-06 0.0003952563 2.4625274e-07 1.2057435e-06 2.0844052e-06 1.2457647e-07 0.005835477 1.00812024e-07 0.0002946401 3.7394247e-07 6.5069245e-05 8.946087e-06 2.2554747e-07 0.00093660725 0.0007136161 5.57974e-07 0.0020362523 0.00061331975 0.001287458 2.022942e-07 2.8183208e-06 7.2610305e-06 0.00062902697 2.6453956e-05 3.0209347e-07 0.00055376894 1.7567012e-05 3.3425692e-07 0.00011815329 0.00024647443 0.00021717009
0.8386302 0.0029440948 0.0014772819 0.0060038916 0.006059201 0.08791159 0.32644153 6.829039e-05 0.114840925 0.31198835 1.5285414e-05 0.005757368 0.12449952 0.07600795 1.3243937e-18 0.88306946 0.026802635 0.18264665 0.64978445 0.16765764 1.0644643e-05 0.03472727 0.16686004 0.018838357 0.04092863 0.21051793 0.33964103 0.012065062 0.021286752 0.00043273205 0.001984326 0.037689745 0.27196452 0.024612252 0.13060954 0.15508719 0.005550339 3.1766067e-05 0.032352973 0.18236178 0.15648963 0.031450015 4.7059198e-06 5.7122156e-06 0.04145106 0.05148144 0.0036504774 0.058893047 0.0009858855 0.0040066885 0.0053584157 0.002092734 0.0009884245 0.02039073 0.04377961 0.0028473004 0.00118733 1.323393e-06 0.00076805736 0.0052806796 0.0003070529 0.029799398 6.478245e-05 0.022429047 0.011811534 0.02573556 0.003574003 0.0036653276 0.0015394136 0.00030303458 0.0018021374 0.0044880724 0.00017503057 0.0004685292 0.0001700126 2.1295715e-05 0.0011300324 3.330484e-05 0.0021116906 4.054546e-05 0.0013690445 0.0009616011 1.7302713e-05 0.0012571388 0.0015823797 8.799604e-05 0.0010385624 0.0013414641 0.00065031217 1.9336055e-06 1.6655447e-05 9.115432e-05 0.00053023634 0.0001409422 1.975083e-06 0.00052822306 0.0012418962 2.0802996e-05 0.00056413317 0.007072732 0.00082304043
0.93859786 0.0011501561 0.00081977155 0.002440253 0.0027471492 0.07057127 0.46658897 8.963065e-06 0.16069917 0.09642718 6.1089946e-07 0.0029496483 0.07744832 0.03638908 0.88306946 3.5175213e-20 0.024912503 0.102373175 0.7697187 0.07748002 7.380822e-06 0.044968 0.32157922 0.0073067807 0.02194926 0.11438634 0.12848 0.021453992 0.011024129 0.00029674204 0.00086172257 0.044720728 0.24301177 0.0130607 0.042099133 0.046378963 0.004423787 2.7749511e-05 0.016235976 0.10501876 0.16184287 0.051523644 3.0783808e-06 4.2542147e-06 0.011569097 0.015383842 0.0026025702 0.090206504 0.0003204333 0.004304494 0.0022024445 0.002765923 0.0011592583 0.032731812 0.05081749 0.0012168989 0.0014165787 1.0579946e-06 0.0010148998 0.0021246583 0.00049764186 0.05009393 2.9592713e-05 0.01888175 0.011270735 0.019840928 0.0013545433 0.0018632388 0.001132619 0.00014630098 0.0031565293 0.0041689062 0.0001103122 0.00047005602 0.0001186214 2.9395122e-05 0.00074506487 2.1464928e-05 0.0033559015 3.7084745e-05 0.0015326957 0.00053987483 7.903219e-06 0.00080184947 0.0014972229 4.444117e-05 0.00018885489 0.0014485449 0.00012813378 1.1755446e-06 1.335173e-05 6.840902e-05 0.0007022953 0.00029319152 3.0563303e-06 0.00051155384 0.00084871607 3.1486159e-06 0.00041522455 0.011124432 0.00049840345
0.49043125 0.08697441 0.01510225 0.33383152 0.5816024 0.10698107 0.10852217 0.0018252499 0.029655421 0.07967747 0.00043149886 0.93167377 0.13202457 0.30772772 0.026802635 0.024912503 1.9186774e-19 0.16910069 0.014312498 0.157692 0.0010826754 0.0065642763 0.00085612584 0.55204415 0.54764384 0.031583127 0.009096385 2.4736584e-05 0.22368698 0.081799105 0.1073005 0.0001464181 0.0029443211 0.12185114 0.015859015 0.004035594 0.0049271225 0.050854318 0.039913137 0.0019746963 0.0018601938 3.7589012e-05 0.01904382 0.014561643 0.009404232 0.008203902 0.15631264 7.5617754e-05 0.01532546 2.8167194e-06 0.050878607 1.4056921e-05 0.06686021 2.1734963e-05 9.047377e-05 0.018292267 3.0212157e-06 0.0022401533 0.05563874 0.0041797045 1.1870173e-06 8.016251e-05 0.01342926 0.002102333 0.000409423 0.0022178404 0.0033023846 0.01426386 1.6239387e-06 0.03055252 1.1447873e-05 0.00027789804 1.1088155e-06 4.0043774e-06 8.690938e-06 7.499086e-07 0.015246775 5.9335224e-07 0.00037998724 2.432389e-06 5.762249e-05 2.7929596e-05 1.3484898e-06 0.000377303 0.0006874 2.339808e-06 0.00577471 0.00059751427 0.002395447 1.8026161e-06 1.6027516e-05 3.3959357e-05 0.00078710605 0.000114413524 5.02885e-06 0.00048000476 1.3010251e-05 1.5564088e-05 0.00017248286 2.9765199e-05 0.00012551472
0.84514755 0.07707431 0.00853186 0.07800966 0.12419507 0.23847522 0.3095163 0.00025679855 0.074244976 0.56494385 1.4955297e-05 0.09300561 0.6716969 0.73644423 0.18264665 0.102373175 0.16910069 1.561047e-18 0.08136931 0.8097405 2.275937e-05 0.011159593 0.01573313 0.20268127 0.3195169 0.27385187 0.15394217 0.0015037438 0.148906 0.004346665 0.0102167 0.0030332748 0.03754182 0.17419519 0.0768268 0.050334252 0.0032473372 0.0007077454 0.14071071 0.04840373 0.020908087 0.00017787966 8.080664e-05 5.0162213e-05 0.052589986 0.040998217 0.06585756 0.00037434034 0.0046159956 0.00041113442 0.06728087 2.8712893e-05 0.029467434 5.2994386e-05 0.0018789378 0.040847007 0.00023423399 1.0969383e-05 0.034931842 0.026161846 2.510116e-06 0.00083487446 0.00061194185 0.010290817 0.0024646749 0.015025777 0.023273861 0.037941523 1.1259202e-06 0.0019032542 5.8704096e-05 0.0013321436 1.5083442e-06 6.4424207e-06 3.604971e-05 6.6797696e-07 0.00941814 5.038044e-07 0.0011719214 1.6046994e-06 0.00016573601 8.857759e-05 8.325586e-07 0.004756171 0.0027478542 8.476984e-06 0.0026548847 0.0025538886 0.0015746187 9.909393e-07 1.1038992e-05 2.1978689e-05 0.0018246642 3.7997943e-05 1.0395567e-06 0.0019555918 5.6317516e-05 5.7166517e-06 0.00019365123 0.000381331 0.00037363434
0.97513825 0.00049107923 0.0002532188 0.0004908051 0.0016470238 0.023815976 0.19106802 2.4230918e-05 0.062190857 0.0543142 1.6316447e-06 0.0017673762 0.05267503 0.022338627 0.64978445 0.7697187 0.014312498 0.08136931 3.9970647e-20 0.054434687 4.5154516e-06 0.023355523 0.50352967 0.0020148768 0.009468419 0.07334661 0.09810761 0.18940596 0.0050687413 4.973441e-05 0.00028063988 0.14492299 0.43515983 0.007704163 0.029311385 0.03264556 0.0016605054 9.043508e-06 0.009093318 0.11439521 0.24157257 0.21569984 2.5463614e-06 1.8188031e-06 0.0046353396 0.008530598 0.00037189596 0.25783077 4.7318164e-05 0.019071952 0.0008596357 0.023365008 0.000252082 0.08902623 0.08078708 0.00028944344 0.008895502 1.0673965e-06 0.00016990288 0.00044088982 0.0028778305 0.09218779 7.686017e-06 0.030892467 0.018432576 0.023459539 0.0004389032 0.0003616979 0.0121310875 5.892813e-05 0.008132287 0.010513785 0.0015377351 0.0025982205 0.0019444041 0.00043069405 0.00030215585 0.0004325311 0.004491093 0.0004258678 0.007475264 0.0044037006 0.00012678659 0.0006770792 0.0013437984 0.0006646206 0.0004979991 0.0016588031 0.00035267734 3.6007652e-05 0.00028649453 0.00058299897 0.00050181855 0.00095564406 2.362951e-05 0.0003526602 0.0052574063 0.0005123081 0.00086504983 0.012777979 0.00066872366
0.72492254 0.03717989 0.0025962684 0.009546986 0.05748936 0.12733078 0.18679999 3.798512e-05 0.030343657 0.3056548 2.3738367e-06 0.061632425 0.39941943 0.5199266 0.16765764 0.07748002 0.157692 0.8097405 0.054434687 1.0724688e-19 5.4630036e-06 0.00554046 0.007092302 0.3374428 0.4464839 0.59876335 0.40249127 0.0008845616 0.25432247 0.0048381216 0.012646423 0.0014419744 0.04429298 0.29509193 0.2177956 0.14060226 0.0018943466 0.0006711528 0.2781403 0.12687622 0.025998278 0.000101784506 6.443026e-05 3.7001446e-05 0.1314547 0.11218111 0.08774118 0.00023440471 0.0021012034 0.00031796846 0.11845244 8.654661e-06 0.04179181 2.2631799e-05 0.0014786752 0.08363133 4.21662e-05 2.9684645e-06 0.044789154 0.059150506 7.444497e-07 0.00039814782 0.0007751939 0.015283511 0.0041101486 0.028589524 0.04689534 0.06706928 7.075024e-07 0.003134738 3.9102266e-05 0.0021133225 5.443732e-07 1.8227812e-06 2.8526435e-06 1.228523e-07 0.016437123 1.8057277e-07 0.0016734945 8.089792e-07 0.00018691119 1.564427e-05 1.2305564e-07 0.015140681 0.011419034 3.3803917e-06 0.0046940423 0.008716878 0.0026795848 3.603176e-07 7.252422e-06 1.8094202e-05 0.0037095693 3.946333e-05 2.8261945e-07 0.0054122647 4.890495e-06 1.9967854e-06 0.00062490074 0.00019359878 0.0011579677
0.08945608 0.0002765046 0.00707514 0.3844478 0.00021441205 2.8555385e-05 0.00023147771 0.0390373 6.207039e-05 2.2710174e-05 0.05050237 0.0010642421 5.547724e-05 5.551434e-05 1.0644643e-05 7.380822e-06 0.0010826754 2.275937e-05 4.5154516e-06 5.4630036e-06 1.9275758e-19 0.0009422964 4.6784646e-07 0.00042639772 0.00044469492 1.7247372e-07 1.4448362e-08 1.6800041e-07 9.739052e-06 0.118133456 0.09674057 1.576412e-06 3.7491552e-07 1.3226183e-06 1.1067805e-08 5.563247e-09 0.035286967 0.28097144 1.9289836e-07 5.9404064e-09 1.3332986e-07 4.911342e-07 0.2215995 0.23371556 3.4539845e-08 1.7359476e-08 0.00055432075 3.529827e-07 0.2613313 5.4541354e-09 2.621478e-06 5.1221184e-07 0.00018588352 5.809112e-08 1.3785015e-08 4.6125297e-07 1.3527562e-09 0.3958259 0.00020045797 2.9669067e-07 1.0447654e-08 7.863552e-08 0.0018034088 3.167655e-07 5.57887e-08 2.3078171e-07 3.0516776e-07 1.7477919e-06 8.131817e-09 0.00017210314 1.6319419e-08 2.4406995e-07 2.5602884e-09 8.473011e-09 6.4523135e-08 1.7288567e-08 6.2085564e-06 4.0918446e-09 6.482397e-07 2.078791e-08 9.27651e-08 1.8452255e-09 7.994617e-10 1.2425139e-07 3.058822e-07 2.8171285e-09 1.1206897e-05 1.0045553e-06 7.1936843e-06 1.3274098e-08 5.656606e-08 1.0715043e-07 1.448212e-06 4.1843163e-07 3.5038827e-08 5.726798e-07 3.9108006e-09 1.5041294e-08 2.0707151e-07 1.8444947e-08 6.570122e-07
0.99629694 0.44560462 0.063534595 0.045125976 0.03363743 0.17357177 0.4230666 0.0008380685 0.5118947 0.052835494 5.053414e-05 0.009456214 0.018290678 0.01158135 0.03472727 0.044968 0.0065642763 0.011159593 0.023355523 0.00554046 0.0009422964 1.1255054e-16 0.09275252 0.0027568152 0.004643434 0.003774698 0.0026983498 0.006384932 0.0018833379 0.019966064 0.01901766 0.034151886 0.006786715 0.002790235 0.0013350464 0.001499688 0.1372423 0.03630431 0.0025085725 0.00352052 0.0046073906 0.0025379176 0.016232213 0.009228065 0.0015920248 0.0019503748 0.013959645 0.0021343639 0.030066691 0.0030366178 0.0032858932 0.00032014772 0.005380817 0.0016091975 0.0018308305 0.0017860433 0.0009636602 0.0017540866 0.0060314983 0.0019646608 0.00018261115 0.095987275 0.0053165313 0.0050432417 0.0038248207 0.005118127 0.0009593496 0.00271404 0.00018868386 0.007273184 0.0011921055 0.0032140794 0.0012734068 0.0015871542 2.7509318e-06 0.00011771849 0.0061978293 0.00043847895 0.0010422086 0.00070366426 0.0012821177 0.0003223511 1.3114636e-06 0.0024882092 0.001754852 2.3149192e-07 0.0009157911 0.0008391659 0.00035423078 1.6986845e-05 0.00013725212 0.00015350603 0.00032836047 0.0002489779 3.6212172e-05 0.0008133366 0.00027837418 1.4425369e-06 0.000115316056 0.16445705 0.00015859512
0.9905654 0.0013286715 0.00071454776 5.1871397e-05 0.0023977896 0.07165177 0.32287836 4.2337848e-07 0.2351652 0.07314088 4.1971013e-09 0.00025574252 0.027346201 0.006294422 0.16686004 0.32157922 0.00085612584 0.01573313 0.50352967 0.007092302 4.6784646e-07 0.09275252 3.9572959e-22 0.0001518036 0.00036406136 0.0035007251 0.0065821637 0.62820804 8.6072054e-05 1.74328e-05 1.8702414e-05 0.5465439 0.23421878 0.00016468855 0.001046437 0.0020451257 0.04660008 5.220997e-05 0.00028352262 0.006127498 0.079954065 0.22482699 2.0030842e-05 1.6412012e-05 0.0005435754 0.0006740849 0.00011897215 0.12953593 4.9652474e-05 0.07023359 3.868373e-05 0.12785128 7.1418595e-05 0.03782241 0.014811395 5.2844498e-05 0.028612455 1.4708609e-06 7.817273e-05 0.00018065795 0.026877563 0.22978996 6.7032147e-07 0.0054285275 0.005090706 0.0038201804 7.087424e-05 0.00013555777 0.013575884 9.812507e-06 0.0031292792 0.0051157023 0.002846855 0.0024725075 0.017136673 0.0039489465 0.00025105756 0.0024401853 0.0032091648 0.0015165275 0.0031526617 0.0029881543 0.0013619863 0.0022010554 0.0030480826 0.0045146123 9.428243e-05 0.004683139 0.00011226276 0.0006041452 0.0012976794 0.0019244425 0.0002920142 0.002775345 0.00087381684 0.0011596872 0.0038234151 0.0027326918 0.0014109476 0.33103245 0.0023846738
0.56777084 0.042882938 0.0030718485 0.17548865 0.08557127 0.0540014 0.033058096 0.0006481554 0.0030539008 0.059968766 9.9020435e-05 0.12105021 0.08700834 0.17186294 0.018838357 0.0073067807 0.55204415 0.20268127 0.0020148768 0.3374428 0.00042639772 0.0027568152 0.0001518036 1.3683227e-18 0.8579122 0.06391969 0.01533432 3.2149972e-06 0.7472496 0.074791506 0.104969844 2.1357686e-05 0.0007154539 0.5088404 0.020895105 0.002222504 0.0045047854 0.026920581 0.24207762 0.0005034921 0.0005122649 1.7270079e-06 0.0066669397 0.0039159777 0.013534302 0.011461081 0.4121377 6.9401367e-06 0.009665388 3.9274664e-07 0.26707482 3.5662856e-07 0.13892862 1.5823525e-06 2.48027e-05 0.070225686 5.4280974e-07 0.00019860135 0.12224947 0.013196909 3.104765e-08 5.0333958e-05 0.0063927583 0.00091726606 0.000140446 0.0008500667 0.0120414635 0.05047394 1.0176134e-07 0.016302615 3.7727327e-06 0.000118104406 2.6309712e-07 6.4576545e-07 2.0688124e-07 1.4874988e-07 0.019976553 2.1765453e-07 0.00024959867 8.315604e-07 3.0064122e-05 1.1722734e-06 1.732824e-07 0.00083423295 0.0026110215 2.9841485e-07 0.0043181665 0.0021129607 0.001667735 4.237954e-07 1.2842389e-05 2.5295703e-05 0.0010468407 3.0155035e-05 1.2861086e-06 0.0007046134 8.5864866e-07 5.630608e-07 0.00025537497 1.4338584e-05 0.00028407993
0.6102626 0.04296186 0.0038860736 0.104675494 0.09079 0.07650085 0.057212986 0.0015066903 0.004236481 0.1026418 0.0004129619 0.1373006 0.12701784 0.26254836 0.04092863 0.02194926 0.54764384 0.3195169 0.009468419 0.4464839 0.00044469492 0.004643434 0.00036406136 0.8579122 7.985471e-18 0.09768958 0.030770868 2.5394464e-05 0.7284651 0.015713658 0.02992031 0.00018344042 0.0050510513 0.5475725 0.04199771 0.010392059 0.0071967486 0.0061898045 0.35843405 0.0021029143 0.004513263 2.4142071e-05 0.0021057944 0.0014285464 0.034334194 0.024895718 0.34251657 0.00010550062 0.020499455 1.0212685e-06 0.3112365 9.080856e-07 0.11984968 1.2561356e-05 0.00014709606 0.09647329 5.500838e-06 7.166394e-05 0.10500804 0.035107695 5.106404e-07 0.00014831155 0.0035405674 0.0018351437 0.00035936417 0.0022982182 0.024295615 0.066387616 9.3035896e-07 0.0074255522 4.7421327e-06 0.00029457267 6.801895e-07 9.92213e-07 9.620252e-07 3.4146052e-07 0.022782564 5.2553804e-07 0.0005351289 1.2795977e-06 7.0050126e-05 3.176558e-05 1.4967523e-07 0.0049843197 0.0078065265 5.5167436e-07 0.006541597 0.006732985 0.0040414766 1.1265614e-06 2.1089865e-05 4.826119e-05 0.005482177 4.182298e-05 4.4074536e-06 0.0035425632 1.4551278e-05 1.263388e-06 0.001005184 7.915125e-05 0.0006370711
0.6730939 0.0055809407 0.001875837 0.010851719 0.01251365 0.09030661 0.15541238 5.9581944e-05 0.010597691 0.13849525 1.0689323e-05 0.004600366 0.0975923 0.12343398 0.21051793 0.11438634 0.031583127 0.27385187 0.07334661 0.59876335 1.7247372e-07 0.003774698 0.0035007251 0.06391969 0.09768958 7.1862406e-22 0.7646754 0.002307046 0.0628928 0.0002654039 0.0012313665 0.0010584409 0.028806344 0.13819905 0.3406169 0.33118904 0.005657395 8.126244e-05 0.23412377 0.24442858 0.037557065 0.00041067772 1.2167142e-05 8.441149e-06 0.15815933 0.14695954 0.027535629 0.00047375218 0.0034240165 0.00010824638 0.07224121 1.1915627e-05 0.014227477 5.901097e-05 0.0027010557 0.06014206 2.1270545e-05 2.9382844e-07 0.013378581 0.097531945 9.460967e-07 0.00062791334 3.360026e-05 0.01356899 0.002591272 0.038772754 0.04000401 0.030879203 1.2512301e-07 0.0001911731 6.5363083e-06 0.0010995656 5.975627e-08 2.2335662e-07 2.9902835e-06 5.050906e-08 0.008031893 2.5664797e-08 0.002088154 8.031244e-08 3.8220875e-05 2.4227615e-05 1.5258597e-07 0.016977923 0.01873976 8.932485e-07 0.0015717278 0.014233218 0.001009303 4.483184e-08 2.9321218e-06 1.0500413e-05 0.0015727511 4.3671345e-05 1.9536323e-07 0.006930316 1.0295194e-05 8.860471e-07 0.002085311 0.00022313662 0.0026007588
0.48688018 0.0015222634 0.0010077446 0.0027526068 0.0035832676 0.044139564 0.08630675 2.7355777e-06 0.00545045 0.08018836 2.5089432e-06 0.0008209611 0.040173925 0.04958945 0.33964103 0.12848 0.009096385 0.15394217 0.09810761 0.40249127 1.4448362e-08 0.0026983498 0.0065821637 0.01533432 0.030770868 0.7646754 2.4839995e-23 0.010878421 0.02731574 2.1586024e-05 0.0003147526 0.002110555 0.046808604 0.051552806 0.4776352 0.5353781 0.002528574 1.6083006e-05 0.17077185 0.4628906 0.065273 0.00092634716 4.5986917e-06 3.4507414e-06 0.18867202 0.18830238 0.008432906 0.00078330265 0.00070613006 0.00041898096 0.034785826 4.4213564e-05 0.0052306484 0.00014958857 0.008172257 0.0536453 0.0001940215 2.3118042e-07 0.005230439 0.12498343 2.9791881e-06 0.0010688828 1.0818295e-05 0.020909123 0.0047676787 0.0520885 0.055541262 0.027155591 6.753682e-07 2.7483635e-05 3.5116187e-05 0.0024867705 1.08923146e-07 5.488862e-07 4.4784665e-06 1.7200148e-07 0.0039422372 4.5731852e-08 0.0061737513 1.10388655e-07 0.00015684089 8.063182e-05 2.0820121e-07 0.02145806 0.018769154 1.3711762e-06 0.00071536424 0.0146539835 0.00042092515 9.663981e-08 5.919339e-06 1.79233e-05 0.0013935349 0.00014034746 2.034758e-07 0.00972451 2.7982145e-05 2.4171752e-06 0.0035857596 0.00031523415 0.0032288353
0.98277116 1.9436222e-06 4.026431e-06 2.0804461e-07 1.2909816e-05 0.00034526884 0.04623824 3.3101236e-07 0.005152976 0.0011271434 5.9822836e-09 4.460292e-06 0.0010602801 8.126438e-05 0.012065062 0.021453992 2.4736584e-05 0.0015037438 0.18940596 0.0008845616 1.6800041e-07 0.006384932 0.62820804 3.2149972e-06 2.5394464e-05 0.002307046 0.010878421 2.521688e-19 9.215061e-06 5.2576763e-07 2.9996204e-06 0.7048101 0.23836999 1.7966202e-05 0.002752662 0.004139765 0.00061752205 5.0454105e-07 7.4414245e-05 0.03688688 0.14939654 0.7616633 3.560546e-07 4.4086792e-07 0.00044705597 0.0011208096 1.276842e-05 0.435184 3.7971372e-06 0.27223614 8.537173e-06 0.6915171 1.3771514e-05 0.32399583 0.1397112 9.898724e-06 0.07659809 1.5899059e-07 1.150528e-05 9.8669014e-05 0.11621875 0.11935517 1.0903394e-05 0.022866286 0.053154793 0.011241115 3.212173e-05 1.39686945e-05 0.15232396 2.3253699e-05 0.105980955 0.027446838 0.09993884 0.10341029 0.0051167216 0.0069306656 2.906776e-05 0.025649678 0.012855146 0.03114371 0.037573405 0.009000901 0.0007919872 3.746032e-05 0.000875924 0.00035238703 3.4697674e-05 0.00039802238 2.4767647e-05 0.0014958691 0.013151146 0.015547818 4.9738584e-05 0.013086838 0.0039758002 4.1723863e-05 0.0042078407 0.00019176856 0.0014422687 0.021333199 0.0001230834
0.16912484 0.009274508 0.0005920609 0.043249127 0.028347978 0.03038956 0.016759412 0.00032602646 0.0011860982 0.04294496 3.29039e-05 0.03330795 0.067399174 0.112545714 0.021286752 0.011024129 0.22368698 0.148906 0.0050687413 0.25432247 9.739052e-06 0.0018833379 8.6072054e-05 0.7472496 0.7284651 0.0628928 0.02731574 9.215061e-06 6.615662e-20 0.0075325677 0.022672554 3.1366202e-05 0.0024642518 0.71186966 0.058381252 0.015427617 0.004163078 0.0017248131 0.42660066 0.0028655464 0.0022274128 1.8931716e-05 0.0004954916 0.00038044757 0.047456298 0.04172557 0.37192252 5.356459e-05 0.001689963 6.842089e-07 0.4016319 1.0584004e-06 0.16097893 1.1057578e-05 5.0243845e-05 0.14997393 5.643456e-07 7.5303087e-06 0.1207228 0.061963547 1.8307297e-07 4.4638688e-05 0.0007311625 0.0012769207 0.00035821824 0.00199704 0.042595737 0.08685885 6.1280053e-07 0.0038747664 4.3521027e-06 0.00020391728 3.8288002e-07 4.9603625e-07 1.2215572e-06 3.0911644e-07 0.02178279 1.1006299e-07 0.00040247722 2.0839529e-07 1.6926995e-05 6.6592503e-07 1.1875065e-06 0.0050809477 0.008196461 2.0572223e-07 0.00414646 0.0063880906 0.001846393 3.901841e-07 1.3848125e-05 4.2403837e-05 0.0024071883 2.8166696e-05 6.5146736e-07 0.0028201542 8.691936e-07 5.4497e-07 0.0006829052 1.0528328e-05 0.00041080915
0.039875075 0.008901965 0.0039840066 0.6100613 0.016558625 0.0026007316 0.0009098202 0.008787047 0.0010757042 0.002120364 0.0018882671 0.03150791 0.0039565763 0.0045625875 0.00043273205 0.00029674204 0.081799105 0.004346665 4.973441e-05 0.0048381216 0.118133456 0.019966064 1.74328e-05 0.074791506 0.015713658 0.0002654039 2.1586024e-05 5.2576763e-07 0.0075325677 3.3939012e-17 0.66074234 6.9650278e-06 2.3579558e-05 0.0015532314 2.5929328e-05 3.126229e-06 0.021133482 0.4892596 0.00026398123 6.0295315e-07 1.3289497e-05 6.3819397e-07 0.36439702 0.3231445 8.098474e-06 1.630807e-05 0.036209155 1.1211158e-06 0.038853433 6.714799e-08 0.0012756663 8.466358e-08 0.02428945 2.1101876e-07 4.1273367e-07 0.0006088914 3.1355103e-07 0.15481268 0.030614812 0.00014502104 1.703609e-08 1.5580417e-06 0.119127735 2.906593e-05 6.7830747e-06 2.1807173e-05 0.00039931692 0.0024913056 1.0868532e-07 0.081273876 1.8926588e-07 1.1416911e-05 7.6099084e-08 1.093334e-07 6.02275e-07 4.338203e-08 0.009998789 2.7120045e-08 0.00011521085 7.6623124e-08 2.9263085e-06 1.6881901e-07 8.0480966e-08 3.290795e-05 0.00018646091 8.68098e-08 0.0058596963 0.00024325073 0.0040160385 3.199116e-07 2.4458338e-06 6.844814e-06 0.001386182 2.75417e-05 6.966917e-07 0.00022444877 1.6284184e-07 9.789629e-07 3.911055e-05 2.0648733e-06 0.000106673615
0.03689172 0.010141153 0.0045643677 0.4808162 0.030101506 0.0068293544 0.0027595959 0.0050352328 0.0012105701 0.0061657405 0.0014877549 0.04820924 0.008069548 0.012996536 0.001984326 0.00086172257 0.1073005 0.0102167 0.00028063988 0.012646423 0.09674057 0.01901766 1.8702414e-05 0.104969844 0.02992031 0.0012313665 0.0003147526 2.9996204e-06 0.022672554 0.66074234 7.6975567e-19 2.3295848e-05 9.497053e-05 0.005034707 0.00022748118 4.6297835e-05 0.012429798 0.44777513 0.0009328774 1.1064371e-05 0.00016091375 6.5430945e-06 0.34244907 0.30371907 7.560563e-05 0.000109113156 0.08193696 3.9778268e-05 0.026419468 1.1145813e-07 0.003586572 1.7982102e-06 0.057597086 1.2491258e-05 6.07069e-06 0.0015248257 8.571555e-07 0.13288797 0.07139578 0.00068064703 2.6524233e-07 2.826161e-06 0.17710523 0.00018553129 5.67981e-05 0.00013035159 0.00029705718 0.003629581 4.0174473e-06 0.13789065 4.7175577e-06 8.6665255e-05 3.4608129e-06 3.009219e-06 5.277404e-07 7.100717e-07 0.016805403 1.082728e-06 0.0003231831 2.4627752e-06 4.4949807e-05 1.623787e-06 4.784855e-07 5.7908845e-05 0.00038329235 5.948809e-07 0.0073735896 0.00032643214 0.004159635 2.3529858e-06 2.2381168e-05 3.9867555e-05 0.0010937622 0.0001389157 7.76097e-06 0.00024816222 4.4875492e-07 3.2638293e-06 3.1071013e-05 1.1705887e-06 7.104531e-05
