5.554893e-31 0.90529555 0.9898803 0.98674655 0.9895174 0.5347683 0.98629504 0.9918188 0.9017981 0.9460832 0.96679735 0.9333372 0.84340936 0.9876042 0.9934186 0.91261905 0.66348386 0.8518838 0.17662068 0.8016068 0.991311 0.99594206 0.7267205 0.6321054 0.66102463 0.97085583 0.047261752 0.24179226 0.99888873 0.9988917 0.8888925 0.44901088 0.854671 0.3121697 0.25304633 0.18623576 0.74544215 0.924073 0.19763944 0.10092002 0.059556883 0.16641393 0.17198348 0.9452778 0.9958356 0.7623633 0.65816516 0.8705858 0.04176085 0.043438774 0.9839386 0.026273444 0.027605368 0.7661469 0.035914294 0.007418796 0.22913747 0.0059300493 0.003888788 0.10969829 0.09792998 0.41451052 0.006050487 0.073977284 0.597941 0.41324437 0.008967379 0.7698897 0.3744854 0.42594087 0.005421556 0.9899165 0.99950796 0.16035996 0.47870737 0.051133677 0.035673253 0.27732882 0.0006220604 0.0006805828 0.0685411 0.0005159631 0.03520621 0.020611772 0.9916349 0.004087748 0.02593749 0.0019925607 0.015881838 0.8835996 0.0019024792 0.000266338 0.09458002 0.015813697 0.022273777 0.14834543 0.0015229053 0.0036862148 1.3396422e-05 0.0001785316 0.0010905006
0.90529555 5.9410116e-15 0.009101475 0.12588274 0.010032089 0.7505457 0.0051691546 0.61525816 0.0014670709 0.019505693 0.00032105486 0.01848148 0.1420401 0.00014152 0.076423086 0.0225816 0.068573855 0.011660201 0.019645194 0.0038094933 1.7837484e-06 0.0003506577 0.0014423934 0.017822787 0.019039107 0.00062930863 0.005927638 0.0045783506 5.9336526e-05 0.07681035 4.8385227e-06 0.00025758517 7.98295e-05 0.000663982 0.0211544 0.0013026695 0.000104205305 6.142543e-06 0.00037602166 0.0002470458 0.00020479235 0.027114013 0.02904941 2.653306e-07 4.5867864e-08 8.424859e-07 3.0504307e-06 1.09277316e-07 0.0016956165 0.00019157297 4.883063e-09 0.014102408 2.6255175e-05 1.1391167e-07 8.709316e-06 0.008377752 6.048418e-06 0.0008650787 0.0055557247 1.6288424e-05 1.2200466e-05 1.2302637e-06 0.00069131027 3.5914488e-06 7.306954e-08 1.213511e-07 1.3586211e-05 5.7059758e-08 1.7231112e-07 3.969206e-07 5.101444e-05 0.12132794 2.808103e-05 4.5344845e-07 1.0241813e-07 1.52131925e-05 2.2679831e-05 6.8280514e-08 0.0011734961 0.003264938 1.10653424e-07 0.00097055815 3.3893177e-06 1.9971683e-06 3.7608507e-09 0.00011294908 6.1913124e-07 3.152791e-05 4.9277182e-06 2.5234184e-09 5.7044606e-05 0.0008087322 0.16337466 9.694503e-07 8.127727e-08 8.5011166e-08 3.404905e-05 1.2852926e-05 0.00035518405 6.6536195e-05 1.2956859e-05
0.9898803 0.009101475 6.7213115e-18 0.80539125 0.45025137 0.029660981 0.70711774 0.015928177 0.0745241 0.45117563 0.037420154 0.25211495 0.09301593 0.018940216 0.57230943 0.21872075 0.10187869 0.13073964 0.00032951584 0.08717336 0.000512366 0.0724454 0.051342633 0.06456015 0.053606242 0.053128354 2.1568265e-07 0.03467244 0.007301313 0.22602725 0.0010081669 0.011643044 0.02484534 0.017140301 8.548217e-05 0.025549565 0.008615356 0.0018579733 0.013463338 0.007867082 0.006552896 0.011728958 0.0052171424 5.7501944e-05 0.00053889153 0.0003915143 0.001995632 1.2778056e-05 0.0072921207 0.0061682723 0.00029955813 0.00066883554 0.0015459548 2.9506803e-06 0.0010787405 0.000100108286 0.0004993078 0.005132495 7.3064846e-05 0.0016373976 0.002470919 7.415425e-05 0.004559523 0.0003945517 1.4479979e-06 4.2760894e-06 0.00045700232 7.680171e-06 4.4607855e-06 5.912636e-06 0.0010765299 0.02690279 0.004848533 1.3353003e-05 1.9627785e-06 0.0001160424 0.00029054083 2.3989228e-06 0.00028567112 7.897109e-06 2.0038476e-06 0.00012691216 2.1275415e-05 1.5065695e-05 2.901699e-05 0.000116989 3.2805528e-06 0.00020488905 1.9441184e-05 9.402415e-08 0.00023408014 0.00046405962 0.014260351 3.0245653e-06 1.8689852e-06 1.5223118e-07 6.383309e-05 2.1484568e-05 0.00024401702 5.3271157e-05 1.4601796e-05
0.98674655 0.12588274 0.80539125 5.221614e-20 0.18191794 0.23342492 0.32114196 0.083170794 0.009698152 0.24201009 0.0018881069 0.3451526 0.8269832 0.0013812869 0.38694626 0.12945278 0.47189683 0.066228606 0.00020745688 0.008477574 8.755227e-06 0.0017889806 0.0024459704 0.0692513 0.062683076 0.00055097986 2.3786931e-06 0.016717175 0.00055965304 0.06325766 3.0721662e-06 0.00052255625 0.00022327458 0.0014583599 0.0005249781 0.008787951 0.0003119005 6.0308457e-06 0.002517206 0.00094179506 0.000580998 0.04097017 0.025923945 1.899677e-07 1.947077e-06 2.6558998e-06 1.4189968e-05 1.0373931e-07 0.012412171 0.0016627562 3.6600963e-07 0.009311091 0.00024211046 2.3225294e-08 7.748712e-05 0.0024366311 3.170171e-06 0.005046535 0.0013369869 2.7292575e-05 3.4828427e-05 7.323799e-07 0.0045011695 7.0658843e-06 9.022673e-09 7.732652e-08 5.545445e-05 5.4173533e-08 3.367152e-08 1.0637235e-07 0.00039310099 0.035255354 1.583182e-05 4.3142472e-07 6.5658807e-09 4.046085e-06 3.620016e-05 7.631664e-09 0.00149741 0.00044221184 3.1472226e-08 0.0009981866 4.9539403e-06 3.2267217e-06 2.393572e-07 3.614086e-05 3.6568724e-07 3.335058e-05 1.4099225e-05 2.6166833e-09 3.7182024e-05 0.0008119842 0.011537612 2.4636818e-06 1.1526574e-07 7.3516144e-09 4.6086996e-05 1.7793694e-05 0.0004945559 2.6892923e-05 1.2720945e-05
0.9895174 0.010032089 0.45025137 0.18191794 4.131447e-17 0.024720244 0.5636879 0.009530356 0.32049897 0.30173236 0.30330864 0.19437684 0.08127782 0.17338306 0.59816116 0.27021295 0.073872834 0.16834685 0.000521553 0.1510237 0.037721574 0.26520014 0.101221524 0.041352525 0.02948261 0.29160485 6.685588e-07 0.01662421 0.035946205 0.2658297 0.029033596 0.024838181 0.1229065 0.019809566 0.00022731096 0.014361454 0.03891125 0.03601774 0.010354008 0.008523784 0.0085218 0.0047839615 0.0014177792 0.0021828283 0.0029695919 0.008214746 0.02168604 0.00047733402 0.0041021253 0.0050494694 0.0005998864 0.00035086196 0.0025051287 0.00028530302 0.0027418074 6.4920176e-05 0.0025555089 0.0020367252 4.6068766e-05 0.005100264 0.00773303 0.0013042146 0.0021313168 0.001747278 0.00011472678 0.00015621215 0.0013001265 0.00024247738 8.03793e-05 0.00014314614 0.0014637621 0.053262863 0.06497909 0.00018957019 1.802084e-05 0.00077436597 0.0036492536 8.887222e-05 0.00019219791 1.1517904e-05 5.172495e-06 0.0002445659 0.00014157507 0.0001501159 0.00069632777 0.0008655611 1.8874895e-05 0.0016775235 0.000271711 5.640454e-07 0.0012092531 0.0011840067 0.015344888 1.573418e-05 4.471016e-06 6.3677504e-07 0.0009028265 0.00031530723 0.0008953377 0.0013377351 0.0005813713
0.5347683 0.7505457 0.029660981 0.23342492 0.024720244 4.680507e-17 0.011477391 0.39224875 0.004338372 0.028549684 0.0016340321 0.024030108 0.23958717 0.00041451846 0.079534166 0.030565757 0.20745108 0.01106317 0.11311113 0.011085951 4.8868e-07 0.00015672171 0.0027453983 0.07496392 0.10353438 0.00010416685 0.061459072 0.039734736 6.6304196e-06 0.014461957 7.4007227e-07 0.0010093632 3.883758e-05 0.002842947 0.30460647 0.01616923 0.0001466445 1.1674526e-06 0.0050630816 0.0024023938 0.0017965819 0.35808763 0.4719013 4.023816e-08 4.547196e-08 1.2182694e-06 2.582643e-06 1.9542929e-08 0.041389402 0.002369997 2.4743198e-08 0.3302622 0.00052843796 1.092021e-07 0.00015730945 0.23982388 3.9633698e-05 0.017819082 0.18312149 0.00017664359 9.280293e-05 2.354245e-06 0.012578602 8.12481e-05 1.9866688e-06 1.522783e-06 0.00016532413 7.534445e-08 6.1496667e-07 3.6209185e-06 0.00027821172 0.051155068 2.7404124e-07 1.0933434e-05 3.1175668e-07 0.00068496435 0.00023930872 6.708973e-08 0.012732447 0.0703124 2.1405747e-05 0.006811432 0.00029057992 0.00025479333 2.7737615e-08 0.00031733775 0.00018708593 0.00043284078 0.00045353884 1.0354974e-07 0.0004905744 0.0067145466 0.058404796 0.00016882525 8.999536e-06 2.701031e-07 0.00047440638 6.437308e-05 0.0038933852 0.00046393857 0.00016093308
0.98629504 0.0051691546 0.70711774 0.32114196 0.5636879 0.011477391 1.4579449e-18 0.008051832 0.23537095 0.7830273 0.07670985 0.59280825 0.0944457 0.063651234 0.32441327 0.52970284 0.06495341 0.29051283 0.000100369834 0.12793423 0.0012605417 0.0771652 0.08121203 0.0756883 0.043959994 0.07641444 1.8043247e-07 0.034803305 0.010486898 0.04621196 0.0007243457 0.025549347 0.033157777 0.0325857 2.001992e-05 0.04126739 0.029325945 0.0024523153 0.03563982 0.019437218 0.013488597 0.010222748 0.004439155 3.8433827e-05 0.0011957109 0.0003195672 0.0051248968 5.6755025e-06 0.02099617 0.017453501 0.0007471938 0.00029529975 0.009282582 4.6626786e-07 0.006392633 3.9372135e-05 0.0013262605 0.007971057 2.6424983e-05 0.0054477607 0.005409925 1.5081666e-05 0.007120061 0.0011842456 1.3664693e-07 4.4430408e-07 0.0034838892 1.9296553e-05 1.8650955e-07 7.0012925e-07 0.0059189866 0.013111854 0.0019928478 1.5046518e-06 3.3680558e-07 2.3774968e-05 0.00091768784 6.171243e-06 0.00028218763 1.4672925e-06 3.7856694e-07 0.00018407816 1.697075e-05 9.87699e-06 0.00014744648 0.0007074633 2.0178024e-06 0.0018216771 1.39704935e-05 4.4461265e-07 0.001421628 0.0020072437 0.0051822076 6.5345257e-06 3.3926128e-06 3.1417304e-07 0.00045740238 9.055759e-05 0.00039777815 0.00038600832 0.00024190781
0.9918188 0.61525816 0.015928177 0.083170794 0.009530356 0.39224875 0.008051832 2.3332492e-18 0.0014388335 0.013807548 0.00044766418 0.00852628 0.050646335 7.061435e-05 0.028522026 0.008370885 0.01646405 0.0037844644 0.014711773 0.0013762797 7.673628e-07 0.00021793648 0.0006349615 0.0029501347 0.0030665288 0.0010513564 0.0074415705 0.0006208415 2.6680436e-05 0.065324284 1.0306875e-05 0.00014250066 0.0001866602 0.00030901702 0.01907021 0.00036582362 0.00011094141 2.053034e-05 0.00021505982 5.5820343e-05 7.502743e-05 0.009378237 0.011104871 6.2887246e-08 2.697755e-08 2.9640573e-06 6.906187e-06 3.5223497e-08 0.00012151297 7.065315e-05 5.2854493e-10 0.011705787 2.1348482e-05 2.6645216e-07 8.494423e-06 0.0051925792 1.760359e-05 6.2073705e-05 0.0037501394 3.5619218e-05 1.9987106e-05 1.3097937e-06 3.2934946e-05 6.3992634e-06 1.2821657e-07 1.228884e-07 1.649719e-05 2.4523175e-08 1.358468e-07 4.503786e-07 1.573565e-05 0.17902528 0.00022692693 2.0432597e-07 4.2326683e-08 6.8099857e-06 5.7251546e-05 1.1003601e-09 0.00016096701 0.0031597265 8.739142e-08 4.7633377e-05 1.3831619e-06 7.9762526e-07 4.6692197e-09 2.8754328e-05 1.5781366e-07 1.1924437e-05 3.7616869e-07 2.0164422e-10 1.1456131e-05 6.413658e-06 0.25733626 3.159643e-08 1.902126e-09 3.5457628e-10 8.602109e-07 1.2507129e-06 3.998222e-06 1.8866856e-06 3.6598937e-07
0.9017981 0.0014670709 0.0745241 0.009698152 0.32049897 0.004338372 0.23537095 0.0014388335 6.252009e-19 0.124286674 0.8523734 0.046965513 0.00915231 0.6081529 0.14529578 0.14823659 0.021578971 0.15495293 6.823434e-05 0.22347587 0.012259572 0.16797505 0.3680462 0.033040676 0.016825087 0.2903518 1.8149218e-06 0.02057356 0.030072605 0.023400012 0.021874512 0.16648322 0.1717568 0.13382962 4.730474e-06 0.024587275 0.2092832 0.05493201 0.033624716 0.03583597 0.04269943 0.0034331346 0.0004419922 0.0016452922 0.0043167253 0.01939581 0.04245505 0.00016122342 0.0040372084 0.006281104 0.0012957841 2.3489869e-05 0.003584445 0.0005696195 0.0080550965 1.7001454e-06 0.01693486 0.0011312756 1.2661947e-06 0.026505379 0.027170738 0.0028287875 0.0013786706 0.008389706 6.607207e-05 0.00016227808 0.003882203 0.00020549724 6.362523e-05 5.014796e-05 0.002951684 0.004709694 0.014870159 4.8751765e-05 5.176056e-05 0.0014801044 0.0060425154 0.00011152613 7.0989976e-05 3.4093793e-07 1.8641576e-06 8.9657195e-05 0.00013718812 0.00016853487 0.00097034674 0.0024796613 5.430378e-06 0.0014482121 0.00020648201 4.629194e-06 0.0018052071 0.0009850198 0.0007164939 6.949893e-06 7.636287e-07 2.2413346e-06 0.0016844337 0.0008313682 0.00022592045 0.00041505665 0.0010735777
0.9460832 0.019505693 0.45117563 0.24201009 0.30173236 0.028549684 0.7830273 0.013807548 0.124286674 2.3745444e-18 0.056957006 0.762005 0.08126817 0.059817985 0.15097865 0.63465786 0.13006385 0.35646057 0.00029343346 0.09373405 0.0014604755 0.023764025 0.039276954 0.11255921 0.077156246 0.009985691 2.7833482e-06 0.059373453 0.0031511905 0.007695648 0.00017641277 0.011978772 0.010428465 0.02874586 6.6524706e-05 0.07447457 0.0094975345 0.00041765385 0.041611757 0.014865707 0.011958192 0.01441996 0.008912902 1.538291e-05 0.00095523865 0.0001026751 0.0019822982 4.5752754e-06 0.048821326 0.0228908 0.0011321978 0.0017042446 0.01280887 1.2591195e-07 0.009810234 0.00050976843 0.000988267 0.019639784 0.0002396369 0.0056750188 0.00644602 1.7321765e-05 0.01845515 0.0016415706 1.9007497e-07 9.63339e-07 0.0041421875 5.9251248e-05 9.82327e-07 1.3071831e-06 0.0070723062 0.0039024428 0.00040484514 4.911668e-06 1.1463785e-06 0.00031024098 0.0017116574 1.4372071e-05 0.00075218786 2.2592078e-05 4.182822e-06 0.0005284281 0.0001433497 0.00014853859 7.906803e-05 0.00104266 1.1261066e-05 0.0021663539 0.00015012278 6.037302e-06 0.0016407075 0.0029091153 0.002307879 2.1930346e-05 7.0103356e-06 2.801719e-06 0.0008073962 0.00019480074 0.0005169268 0.00045812555 0.00046092298
0.96679735 0.00032105486 0.037420154 0.0018881069 0.30330864 0.0016340321 0.07670985 0.00044766418 0.8523734 0.056957006 2.7378185e-20 0.0193308 0.0036769214 0.74021417 0.1379921 0.06234904 0.014679511 0.06074243 5.6250283e-06 0.10924972 0.014204342 0.22382918 0.17036054 0.01564354 0.006150219 0.21860573 2.1224253e-08 0.00924054 0.02577502 0.025393756 0.026594805 0.047575705 0.13006064 0.0414974 1.5076681e-06 0.009655654 0.08905276 0.057547268 0.012629718 0.009197775 0.012143431 0.0016023071 0.00028617994 0.0011815839 0.003024929 0.021127397 0.03183922 0.00014703814 0.0010797199 0.002129271 0.0012772641 2.0455545e-05 0.0014648394 0.00032294862 0.0025397905 1.7867484e-06 0.01096393 0.0005629835 1.5763968e-06 0.019876698 0.017383518 0.0026476749 0.00061804405 0.006544287 4.9645747e-05 0.00012611272 0.0014424105 7.4265714e-05 4.7742527e-05 4.6507463e-05 0.001290994 0.0031420952 0.017932003 3.71259e-05 2.7152124e-05 0.0015023492 0.0077800574 3.4308578e-05 2.7916414e-05 7.111953e-07 9.236384e-07 4.2976866e-05 0.00010691214 0.00014495273 0.00061401445 0.0015249093 3.84856e-06 0.0010597954 0.00037801356 4.8598116e-07 0.0014226019 0.00033635463 0.00022257789 5.25101e-06 3.249185e-07 2.5632372e-07 0.0014243992 0.0006271111 9.7313045e-05 0.0002472478 0.00058833964
0.9333372 0.01848148 0.25211495 0.3451526 0.19437684 0.024030108 0.59280825 0.00852628 0.046965513 0.762005 0.0193308 1.1123875e-18 0.16692166 0.01735267 0.05916896 0.6368145 0.2596552 0.4499055 0.00016237219 0.109476045 0.00014192262 0.008013212 0.04663012 0.19989774 0.1441709 0.008901714 2.0051093e-06 0.08783381 0.0016296738 0.005609641 1.6677046e-05 0.011668983 0.0034160747 0.027289 5.0932576e-05 0.11876454 0.004992621 5.496882e-05 0.0799262 0.021110037 0.011058075 0.034373313 0.014815979 1.5849382e-06 0.0002274404 1.3779724e-05 0.0007280911 5.842222e-07 0.10706131 0.04801264 8.6005915e-05 0.0031523986 0.028914338 5.250679e-08 0.012156108 0.00026533357 0.00070467393 0.031697057 0.00011962863 0.0023687633 0.003395965 9.977189e-06 0.03137929 0.0004312002 1.0878964e-07 4.4745795e-07 0.0052190754 9.964414e-07 1.86325e-07 4.5109903e-07 0.01281557 0.002918171 0.00013351216 1.4086384e-06 1.6284913e-07 8.076442e-05 0.0010240618 5.3920945e-07 0.001197071 1.5384861e-05 3.3022692e-07 0.0011565804 4.2405252e-05 3.257385e-05 1.9621395e-05 0.0006176357 1.6865786e-06 0.0006233942 3.6323923e-05 1.4660621e-07 0.0007317649 0.0034671659 0.0024034937 5.756962e-06 1.1991601e-06 2.0701998e-07 0.0005210904 0.00013857576 0.0011708656 0.0005300341 0.00020548292
0.84340936 0.1420401 0.09301593 0.8269832 0.08127782 0.23958717 0.0944457 0.050646335 0.00915231 0.08126817 0.0036769214 0.16692166 5.5744595e-18 0.0031872492 0.06051616 0.120333716 0.8967009 0.08988779 0.0013452171 0.007447165 2.6710937e-05 0.00034856304 0.001996425 0.1589137 0.14390449 0.00035539718 7.908335e-05 0.04063229 0.0001225666 0.008276825 8.568274e-06 0.0008180327 0.00024443277 0.002685944 0.0038441785 0.022441853 0.00025540177 2.7466318e-05 0.0076057413 0.0013969407 0.0013140496 0.11348798 0.08729406 1.6770164e-06 9.928813e-07 9.613984e-06 2.108669e-05 4.2885029e-07 0.046885215 0.00833598 2.7927529e-06 0.03549412 0.0016911152 2.1144885e-07 0.00040337117 0.010147572 4.1103405e-05 0.0180878 0.006381015 0.00012479821 0.00013344546 2.2195786e-06 0.01790305 4.1219835e-05 3.7453976e-08 2.3479254e-07 0.00023716441 4.2427868e-07 3.316462e-07 1.6240695e-07 0.0014960376 0.0145797 4.907936e-06 4.864722e-07 4.2059987e-08 4.827072e-05 7.259325e-05 5.077246e-08 0.0038308846 0.0012408763 3.122122e-07 0.0032256187 4.2494805e-05 3.7175076e-05 3.467678e-06 0.00010497714 4.7494505e-06 7.1836315e-05 4.973877e-05 5.5809032e-08 9.930878e-05 0.001924582 0.011658066 1.3262375e-05 3.2500154e-07 1.2985001e-07 6.352211e-05 3.8515467e-05 0.0016304604 7.9515696e-05 2.3465354e-05
0.9876042 0.00014152 0.018940216 0.0013812869 0.17338306 0.00041451846 0.063651234 7.061435e-05 0.6081529 0.059817985 0.74021417 0.01735267 0.0031872492 1.2135478e-19 0.08118034 0.083784804 0.012480559 0.057549655 2.6334392e-05 0.10751292 0.17526609 0.46351573 0.15264758 0.008725224 0.0024189386 0.4878935 8.6103206e-08 0.0064403666 0.12583593 0.019384466 0.20569016 0.051516693 0.28709736 0.034127355 4.3179602e-07 0.0077577597 0.17315573 0.2785237 0.009989344 0.0076756864 0.01157553 0.00045913237 4.661563e-05 0.018714152 0.020164745 0.09045158 0.07649357 0.001000757 0.00020395074 0.0016415785 0.0074278577 3.461638e-06 0.0005276589 0.007173144 0.0014424828 7.516206e-07 0.02627489 0.00017917209 5.8015587e-07 0.04080555 0.029952923 0.0099694375 0.0001768509 0.01986081 0.0021970528 0.0025865252 0.0007507366 0.0017943071 0.0015907902 0.0010491214 0.00021480994 0.0011536021 0.049324114 0.0007951657 0.00038214008 0.0087004965 0.012682989 0.0009294293 1.2193162e-05 4.6224906e-07 3.0524927e-05 1.1601945e-05 0.0016779428 0.0016448835 0.0072788605 0.002579982 0.000110789486 0.0012303418 0.0017305338 7.9790225e-05 0.0030247734 0.00036942403 5.8034067e-05 3.4996436e-05 4.416719e-06 4.1348953e-06 0.002243254 0.0021750059 0.0001103424 0.0001674279 0.0019274089
0.9934186 0.076423086 0.57230943 0.38694626 0.59816116 0.079534166 0.32441327 0.028522026 0.14529578 0.15097865 0.1379921 0.05916896 0.06051616 0.08118034 8.344307e-20 0.06050133 0.023714792 0.02777693 0.0007412035 0.010321026 0.00988024 0.26807484 0.0064545237 0.0034959926 0.0026692743 0.028290503 6.142416e-07 0.001544146 0.02853776 0.37997496 0.0036489284 0.0017155918 0.009656929 0.0012784377 9.530033e-05 0.00082472066 0.0019310858 0.0026129258 0.00054790353 0.0012003632 0.0009984247 0.0031095082 0.0031249 0.00071168016 0.0037880484 0.0007608842 0.0007357146 0.00021731282 0.0009686408 0.0005163109 0.001725719 0.0027931847 0.00025047307 4.4287885e-05 0.00021151591 0.001296063 0.00059993815 0.0012280571 0.0009987047 0.0007851466 0.00056634756 0.00029401135 0.0012183167 0.0003863424 6.7761204e-05 5.0413993e-05 0.00015967568 0.0004678554 1.6794562e-05 5.841192e-05 0.00034661972 0.07793533 0.14234853 7.385916e-05 7.2332055e-06 0.0002647767 0.0017644946 1.8022163e-05 0.00041719404 5.5477667e-05 6.676378e-06 0.00029292685 0.00015008097 9.3631745e-05 0.0002903741 0.0014360165 3.4571793e-05 0.0010513599 6.1247454e-05 2.315977e-07 0.0012940997 0.0008627895 0.014211211 8.218259e-06 1.2162797e-06 2.3351456e-07 0.0002173319 0.00023250227 0.00038588964 0.00026338574 0.00011616875
0.91261905 0.0225816 0.21872075 0.12945278 0.27021295 0.030565757 0.52970284 0.008370885 0.14823659 0.63465786 0.06234904 0.6368145 0.120333716 0.083784804 0.06050133 5.5165363e-19 0.1610426 0.7814121 8.735239e-05 0.2840561 0.0013135484 0.016102014 0.16663702 0.26273972 0.18961924 0.023772987 4.641007e-07 0.13853697 0.002886222 0.005696453 0.00010724146 0.060449395 0.015560729 0.09041836 1.3280323e-05 0.19588 0.03886002 0.000295065 0.16041444 0.065620326 0.041451514 0.027053798 0.010355583 9.285522e-06 0.0007435409 4.4247907e-05 0.0022837198 2.1670498e-06 0.10806256 0.07540699 0.00067944016 0.0007795482 0.053374656 1.3347503e-07 0.03659179 6.962235e-05 0.0027896522 0.041359194 3.5912864e-05 0.009840721 0.01481781 4.049982e-05 0.041100685 0.0017883074 3.7421543e-07 1.0145993e-06 0.02090865 8.083288e-06 3.3727582e-07 1.4151296e-06 0.028514698 0.0019486402 0.0004081992 2.7252584e-06 2.787337e-07 0.00021231787 0.002520028 3.3723197e-06 0.0005151443 3.3826911e-06 9.30304e-07 0.0007807852 7.993128e-05 5.781647e-05 9.168904e-05 0.0026838905 4.163925e-06 0.003578268 4.3508637e-05 1.2907975e-06 0.0027453476 0.0055917744 0.0020998763 9.136446e-06 1.822166e-06 4.166485e-07 0.0006952352 0.00021439815 0.0014010031 0.0014775305 0.00036859792
0.66348386 0.068573855 0.10187869 0.47189683 0.073872834 0.20745108 0.06495341 0.01646405 0.021578971 0.13006385 0.014679511 0.2596552 0.8967009 0.012480559 0.023714792 0.1610426 5.2190475e-19 0.1487514 0.0030352671 0.034678202 4.484542e-05 0.0014044567 0.00990972 0.46589205 0.49929878 0.002854704 0.0002687089 0.19867863 0.00027281506 0.0042391103 3.9653394e-05 0.0064463234 0.0022731833 0.020921616 0.0018760042 0.11704722 0.0023400146 0.000109964436 0.04624627 0.014630065 0.009257536 0.17772192 0.14513019 1.4349295e-05 1.690944e-05 3.527798e-05 0.00020266564 2.2962618e-06 0.16336368 0.045298673 1.5040544e-05 0.052820813 0.016277611 1.081666e-06 0.003901821 0.018446585 0.00032147797 0.07213202 0.010370288 0.0014554152 0.0019478068 1.2388213e-05 0.06273185 0.00024671524 1.0629899e-06 2.7981116e-06 0.0033741326 8.615701e-06 1.2028665e-06 2.4175902e-06 0.01067443 0.0040455144 1.6015829e-05 2.723032e-06 5.8435154e-07 0.00015237289 0.0007755432 6.0679724e-07 0.008181661 0.0014408982 3.6146944e-06 0.009078013 0.00011583409 6.747843e-05 2.1822401e-05 0.0005578743 6.9824055e-06 0.00019071295 0.00021028642 4.3398054e-06 0.00054192456 0.007346296 0.0045999684 1.8878602e-05 6.5647696e-06 6.8917353e-07 0.00028873354 0.00012633036 0.0035112305 0.00014623725 0.0001307662
0.8518838 0.011660201 0.13073964 0.066228606 0.16834685 0.01106317 0.29051283 0.0037844644 0.15495293 0.35646057 0.06074243 0.4499055 0.08988779 0.057549655 0.02777693 0.7814121 0.1487514 1.3495771e-19 2.0627782e-05 0.5469459 0.0017723707 0.006980835 0.40517235 0.3731901 0.29316077 0.035093997 7.2457645e-08 0.24631757 0.0020584234 0.0042950194 0.000101446974 0.15171398 0.02068547 0.25627035 9.045941e-06 0.3232585 0.10844493 0.00028713458 0.31171966 0.15664881 0.112817295 0.024212448 0.01121917 1.5098835e-05 0.00048129694 2.2140448e-05 0.0017440233 2.4148253e-06 0.13174853 0.11503665 0.0006568753 0.0006239595 0.10733318 8.587342e-08 0.076849796 5.7067948e-05 0.0055006794 0.056800324 3.1654115e-05 0.01817242 0.034004577 2.8742925e-05 0.052206974 0.0031398588 2.501681e-07 4.3590666e-07 0.046945777 1.925641e-06 2.3609395e-07 6.304899e-07 0.059039373 0.0011162498 0.00021778088 7.512486e-07 1.12364226e-07 0.00031185558 0.0042046737 7.5503596e-07 0.000741818 2.1354927e-06 3.5099143e-07 0.0016780243 6.3739535e-05 4.5192966e-05 6.0117894e-05 0.014927127 1.4165798e-06 0.0145060625 8.819103e-05 6.2991296e-07 0.011232445 0.010751474 0.0010032543 1.1219751e-05 1.1841444e-06 8.906256e-08 0.002776105 0.00050023006 0.0033430206 0.0039392514 0.0007858081
0.17662068 0.019645194 0.00032951584 0.00020745688 0.000521553 0.11311113 0.000100369834 0.014711773 6.823434e-05 0.00029343346 5.6250283e-06 0.00016237219 0.0013452171 2.6334392e-05 0.0007412035 8.735239e-05 0.0030352671 2.0627782e-05 7.781585e-18 3.0214822e-05 7.5601884e-07 7.153509e-07 1.3382089e-06 0.0015058297 0.0010096107 2.0013218e-05 0.37036335 0.0002986496 1.1710666e-06 0.001806192 2.6297887e-06 5.3747516e-07 3.4221705e-06 2.4594024e-06 0.072260804 0.00011763499 2.198567e-07 5.6870103e-06 4.621988e-05 2.7500535e-06 1.4375437e-06 0.0090040555 0.014498954 1.7621888e-06 7.195839e-08 1.1526943e-06 1.3860298e-06 8.3374374e-08 0.00039046037 5.96723e-05 3.0529814e-09 0.0051123197 1.773609e-05 1.16981695e-07 4.8724783e-06 0.0037734543 6.1287506e-06 0.00018480954 0.0030624226 4.7175536e-06 6.0416273e-06 5.458871e-07 0.00015948391 1.2443929e-06 2.4868626e-08 8.9454986e-08 4.020073e-06 4.7295988e-08 2.2596288e-08 5.2559994e-08 1.3501608e-05 0.044088997 1.05127e-06 5.2778084e-08 8.090772e-09 1.0551089e-06 6.4659707e-06 1.1706616e-09 0.00018275733 0.004103526 3.015418e-08 3.266665e-05 1.4376346e-07 5.6440506e-08 7.6304235e-10 3.0083163e-07 1.0329147e-08 1.8681128e-07 5.4391654e-07 1.7132827e-09 3.2550713e-07 3.2978412e-05 0.23506236 2.7902534e-08 2.773162e-09 4.1232115e-10 2.3807978e-07 2.0125394e-07 1.585666e-05 6.3986374e-07 1.0161122e-07
0.8016068 0.0038094933 0.08717336 0.008477574 0.1510237 0.011085951 0.12793423 0.0013762797 0.22347587 0.09373405 0.10924972 0.109476045 0.007447165 0.10751292 0.010321026 0.2840561 0.034678202 0.5469459 3.0214822e-05 1.9399225e-21 0.0038156873 0.0036478112 0.7998898 0.09794628 0.06501914 0.035104573 3.532046e-07 0.07702187 0.0014627287 0.004431493 0.000774432 0.3284071 0.0435602 0.39126134 6.219268e-07 0.15054956 0.2605894 0.0011669167 0.28204924 0.16891566 0.13506335 0.0029059958 0.0010194799 2.5086956e-05 0.00025722137 0.00020389221 0.008541254 5.2761434e-06 0.04074416 0.068492845 0.0003463245 0.00012251799 0.067923985 1.7419019e-07 0.099490605 8.33999e-06 0.00405363 0.02273216 3.7612515e-06 0.02481351 0.046968937 2.5226827e-05 0.018997362 0.002915819 5.7359504e-08 1.3409894e-07 0.037148792 6.025889e-06 1.3613575e-07 1.06026775e-07 0.029446336 0.0039976067 0.0002503513 1.2748818e-07 7.32761e-08 0.00013235041 0.007479957 4.32608e-07 3.6700545e-05 1.0413838e-07 1.0068212e-07 0.00012029858 3.1573014e-05 2.2073173e-05 4.1856256e-05 0.025052365 6.626725e-07 0.015867079 0.00013801143 1.4370069e-07 0.015119636 0.006531203 0.0014639037 9.50196e-06 3.5763773e-07 1.6886104e-07 0.0057537076 0.0023708357 0.0012945941 0.005193768 0.0016400879
0.991311 1.7837484e-06 0.000512366 8.755227e-06 0.037721574 4.8868e-07 0.0012605417 7.673628e-07 0.012259572 0.0014604755 0.014204342 0.00014192262 2.6710937e-05 0.17526609 0.00988024 0.0013135484 4.484542e-05 0.0017723707 7.5601884e-07 0.0038156873 4.9890634e-19 0.5342221 0.01519131 6.347826e-05 1.252756e-05 0.20551413 5.6267824e-10 2.7798085e-05 0.6002673 0.008154503 0.71926594 0.00753959 0.14233845 0.0047197184 6.248086e-08 9.130423e-05 0.03639833 0.3621239 0.00029530143 0.0012544047 0.0018012817 1.5838388e-05 9.4328027e-07 0.5724163 0.18596628 0.26704547 0.13359791 0.082979456 2.4886505e-05 2.2013175e-05 0.077108555 5.333841e-07 2.8218265e-05 0.12074024 0.00019558816 2.3591117e-07 0.06206444 2.4874404e-05 1.917381e-07 0.027391 0.01097043 0.1119421 3.877463e-05 0.03692425 0.11661881 0.07830396 6.750611e-05 0.0056546703 0.010408082 0.028023593 3.758793e-05 0.00068065454 0.05958033 0.03144602 0.0022247052 0.0375792 0.03237062 0.0013316448 1.0616521e-05 8.398278e-08 0.0014477978 1.3310018e-05 0.029376417 0.028701885 0.017376043 0.0007649802 0.0049225525 6.267431e-05 0.019934552 0.00023642913 0.00036654266 5.61238e-05 8.690922e-06 0.0028997546 0.00020417124 5.6710363e-05 0.0010730822 0.0050304956 1.5223701e-05 0.00014118379 0.0017155231
0.99594206 0.0003506577 0.0724454 0.0017889806 0.26520014 0.00015672171 0.0771652 0.00021793648 0.16797505 0.023764025 0.22382918 0.008013212 0.00034856304 0.46351573 0.26807484 0.016102014 0.0014044567 0.006980835 7.153509e-07 0.0036478112 0.5342221 2.9818886e-21 0.009141118 0.00042862972 0.00022132859 0.17911837 3.5944014e-10 0.00024097 0.4222506 0.101726964 0.16032584 0.0025643148 0.07240937 0.0012069918 3.193708e-07 0.00029189728 0.004983305 0.11514008 0.00032422593 0.0008356037 0.0010588169 0.0001228287 3.055344e-05 0.1358256 0.07419403 0.03854285 0.012054596 0.03493872 8.722211e-05 6.846985e-05 0.03228876 6.150559e-05 9.350476e-05 0.009484021 0.0003021746 2.2040253e-05 0.0043574832 0.000106565225 2.6641534e-05 0.0032329764 0.0017571906 0.0032982994 0.00010928979 0.0039451933 0.002777804 0.0014486389 0.00010640183 0.020339383 0.003967931 0.0022350799 0.00012639158 0.05378211 0.32488897 0.00077580183 0.00389098 0.0030520766 0.0087639745 0.0053048064 6.5911524e-07 1.5974757e-06 0.0004193543 3.7594868e-06 0.0022607942 0.0022840074 0.006213841 0.0062099937 0.000750309 0.0032542525 0.002011233 0.001216922 0.005330866 0.00050777674 8.350015e-05 0.0014083851 6.37599e-05 0.0001411574 0.0028330935 0.004342501 9.8060096e-05 0.00057570584 0.00231802
0.7267205 0.0014423934 0.051342633 0.0024459704 0.101221524 0.0027453983 0.08121203 0.0006349615 0.3680462 0.039276954 0.17036054 0.04663012 0.001996425 0.15264758 0.0064545237 0.16663702 0.00990972 0.40517235 1.3382089e-06 0.7998898 0.01519131 0.009141118 6.860086e-23 0.02996124 0.018072827 0.05640542 1.2891816e-07 0.031780984 0.002560112 0.0031107808 0.0023712553 0.5847592 0.068523794 0.52465755 4.539111e-08 0.06831283 0.48802042 0.0019781815 0.2017574 0.20446691 0.18819325 0.0009192004 0.00017068455 7.421014e-05 0.0008536877 0.0010176708 0.026055409 1.4850295e-05 0.015071911 0.042262886 0.0016282903 3.0070487e-05 0.063514695 6.8844366e-07 0.15251976 2.7725212e-06 0.007357511 0.010131365 1.3947548e-06 0.035410095 0.073325165 0.00022889549 0.008695254 0.0050146556 1.2080795e-07 4.0874608e-07 0.055020865 2.8791372e-05 4.0700385e-07 1.5126925e-07 0.026100785 0.0018831483 0.00047284563 2.1025923e-07 1.4004347e-07 0.00045191892 0.017684737 5.531273e-07 1.4970652e-05 1.1279239e-07 1.6695283e-07 2.4234318e-05 6.098331e-05 4.7632337e-05 0.00023664454 0.030627405 9.871587e-07 0.023605676 0.00032678663 5.8143144e-07 0.018244496 0.0042672744 0.00046610745 1.804571e-05 3.525336e-07 2.2352691e-07 0.0077828183 0.0045135277 0.00069211837 0.0058287852 0.0043935613
0.6321054 0.017822787 0.06456015 0.0692513 0.041352525 0.07496392 0.0756883 0.0029501347 0.033040676 0.11255921 0.01564354 0.19989774 0.1589137 0.008725224 0.0034959926 0.26273972 0.46589205 0.3731901 0.0015058297 0.09794628 6.347826e-05 0.00042862972 0.02996124 2.0130753e-18 0.803209 0.0040470907 3.2589604e-05 0.7118411 0.00030408805 0.005275387 4.6678135e-05 0.011644277 0.004354289 0.04502385 0.0021129004 0.5631301 0.0029914847 0.00017543665 0.3686954 0.03875237 0.022162702 0.06252018 0.03937039 1.6144174e-06 7.6629485e-06 2.4505864e-05 0.00023958275 1.1580448e-06 0.339433 0.2128317 1.9789737e-05 0.009030741 0.10617486 8.795988e-07 0.0319827 0.0013018256 0.00042564282 0.14540593 0.0008506166 0.0017536925 0.0022956226 8.103719e-06 0.10836489 0.00024800704 5.237958e-07 6.3620377e-07 0.018213002 1.2046332e-06 2.8619356e-06 1.0573077e-06 0.04189589 0.0054530883 4.0995863e-05 1.0472345e-06 4.976539e-07 0.00013395828 0.0012007102 2.1424106e-07 0.0028018274 3.9363877e-05 1.3117863e-06 0.004348508 6.4394815e-05 6.910783e-05 0.00017465172 0.0072236927 1.0253708e-05 0.0036151358 0.00011212837 6.8711023e-07 0.00549602 0.016768798 0.0065200943 4.3112042e-05 2.1554354e-06 2.2045424e-07 0.0014320964 0.0009094255 0.007601695 0.003032605 0.00043594738
0.66102463 0.019039107 0.053606242 0.062683076 0.02948261 0.10353438 0.043959994 0.0030665288 0.016825087 0.077156246 0.006150219 0.1441709 0.14390449 0.0024189386 0.0026692743 0.18961924 0.49929878 0.29316077 0.0010096107 0.06501914 1.252756e-05 0.00022132859 0.018072827 0.803209 7.528973e-19 0.0010141461 1.7184278e-05 0.7439475 9.364593e-05 0.004036179 4.700896e-06 0.0034707685 0.00065312366 0.0230212 0.0009583561 0.5558118 0.00083801016 1.2137427e-05 0.27030793 0.017074797 0.011878957 0.19994488 0.15710561 7.33895e-07 2.913713e-06 3.107725e-06 5.066163e-05 1.63793e-07 0.3814238 0.18892136 1.1335693e-05 0.03188387 0.05808036 6.316493e-08 0.00996203 0.006069047 0.000111101304 0.16070287 0.0031439066 0.0005161766 0.00039564606 4.548693e-06 0.12500668 6.077848e-05 1.5575715e-07 2.7313718e-07 0.0074939686 7.2542025e-07 6.751325e-07 4.6775054e-07 0.030509483 0.0042462517 2.6267346e-05 7.4968125e-07 7.4180306e-08 3.4730612e-05 0.0004942523 1.5402094e-07 0.0037583075 8.332299e-05 5.264867e-07 0.0057053613 4.142934e-05 2.3796334e-05 1.0773592e-05 0.0009045281 1.9742338e-06 0.00035283278 6.824332e-05 2.4600251e-07 0.0010773458 0.011334364 0.0034042173 2.1647995e-05 1.5736646e-06 3.868373e-07 0.00048443794 0.0003227565 0.003383059 0.0006986086 0.00026140313
0.97085583 0.00062930863 0.053128354 0.00055097986 0.29160485 0.00010416685 0.07641444 0.0010513564 0.2903518 0.009985691 0.21860573 0.008901714 0.00035539718 0.4878935 0.028290503 0.023772987 0.002854704 0.035093997 2.0013218e-05 0.035104573 0.20551413 0.17911837 0.05640542 0.0040470907 0.0010141461 1.1675428e-19 4.423938e-07 0.0029677574 0.066277415 0.006485978 0.1663881 0.062608816 0.79619527 0.037201494 1.5487568e-07 0.006608197 0.29276124 0.24967217 0.015594207 0.017205482 0.018298328 0.00045080663 5.856464e-05 0.0057263724 0.014716005 0.09661387 0.41740164 0.0020741406 0.0025733435 0.0064824997 0.009706942 2.784003e-05 0.009721571 0.00045057156 0.022083698 7.633306e-06 0.13196534 0.002472181 4.3906057e-06 0.14829242 0.116059296 0.046354588 0.0020221737 0.060894966 0.00014610538 0.00055701094 0.0076793283 0.0003818026 2.5515914e-05 4.0915093e-05 0.002642636 0.0034995468 0.001897044 0.00014299835 3.353441e-05 0.022493267 0.054036472 0.000104280065 7.811386e-05 1.0270898e-06 2.9292501e-05 7.791744e-05 0.0014891999 0.0016230851 0.0011285599 0.020092638 0.00011193498 0.007258713 0.006099873 0.00010184383 0.010734985 0.0010157612 0.00060959015 0.00026214257 1.4142345e-05 3.8634957e-05 0.009167064 0.012935462 0.000116260846 0.0019393048 0.00689621
0.047261752 0.005927638 2.1568265e-07 2.3786931e-06 6.685588e-07 0.061459072 1.8043247e-07 0.0074415705 1.8149218e-06 2.7833482e-06 2.1224253e-08 2.0051093e-06 7.908335e-05 8.6103206e-08 6.142416e-07 4.641007e-07 0.0002687089 7.2457645e-08 0.37036335 3.532046e-07 5.6267824e-10 3.5944014e-10 1.2891816e-07 3.2589604e-05 1.7184278e-05 4.423938e-07 1.1088361e-20 5.713125e-06 3.768347e-09 9.948305e-06 5.826868e-08 1.3860635e-07 2.8899782e-07 3.7206215e-07 0.045517214 1.9269987e-06 8.4523855e-08 2.1217704e-07 1.0788042e-06 6.3229146e-07 3.2957598e-07 0.0010846147 0.0019097795 2.6108453e-09 9.6612345e-12 6.271152e-08 1.7566843e-07 5.1861865e-10 0.00022098482 2.4051229e-05 2.7873363e-13 0.0011956902 7.0188853e-06 1.1862523e-08 2.6972818e-06 0.0006222057 2.3557327e-07 9.133959e-05 0.0004491352 1.0571918e-06 1.3802668e-06 4.618892e-08 8.7997134e-05 1.2559967e-07 2.03412e-09 2.8568292e-09 2.831419e-06 6.3148783e-12 1.7554709e-10 1.3781064e-09 1.2413545e-05 0.004194837 4.923303e-10 3.0871533e-10 2.981299e-12 2.209632e-07 1.1416806e-06 8.107822e-14 0.000117469295 0.0017525608 5.1011653e-11 7.35342e-06 7.561074e-09 5.1905236e-09 1.7719196e-15 1.3875468e-06 9.284107e-11 2.8317538e-06 5.1828298e-08 2.397829e-14 6.3018996e-07 2.587481e-05 0.10473587 2.5304253e-10 3.7666884e-12 2.6496378e-14 1.532241e-07 1.0067271e-07 4.648926e-06 1.1461201e-07 8.4519016e-08
0.24179226 0.0045783506 0.03467244 0.016717175 0.01662421 0.039734736 0.034803305 0.0006208415 0.02057356 0.059373453 0.00924054 0.08783381 0.04063229 0.0064403666 0.001544146 0.13853697 0.19867863 0.24631757 0.0002986496 0.07702187 2.7798085e-05 0.00024097 0.031780984 0.7118411 0.7439475 0.0029677574 5.713125e-06 4.7182715e-20 0.000104460625 0.003106512 4.1387004e-05 0.022629632 0.0033903667 0.085939474 0.000121740195 0.7503376 0.0040219887 0.000108563036 0.506641 0.056447864 0.04003596 0.05070899 0.025379322 4.254856e-06 5.2699734e-06 3.4740886e-05 0.00012864411 1.2830483e-06 0.41654685 0.3676582 8.212108e-06 0.0031525113 0.15918761 9.694752e-07 0.067121826 0.0005851314 0.0002696019 0.19865936 0.00035251945 0.00091553526 0.0018671413 8.91899e-06 0.15982334 0.000100536236 4.934083e-07 6.2875824e-07 0.0405544 2.9934365e-06 2.4777912e-06 5.481502e-07 0.085725866 0.0021039082 1.3659392e-05 2.210848e-07 6.670087e-07 2.6447802e-05 0.00095182256 2.5345878e-07 0.0011830761 7.3167585e-06 6.50425e-07 0.003403732 2.5366e-05 2.266197e-05 4.0152454e-06 0.0066356896 7.610231e-07 0.0033803938 0.00010076796 4.710282e-07 0.0052953167 0.022483466 0.00064876233 2.0774525e-05 1.6213575e-06 3.9801492e-07 0.0013646248 0.0015188028 0.0055706142 0.0023762502 0.00080075173
0.99888873 5.9336526e-05 0.007301313 0.00055965304 0.035946205 6.6304196e-06 0.010486898 2.6680436e-05 0.030072605 0.0031511905 0.02577502 0.0016296738 0.0001225666 0.12583593 0.02853776 0.002886222 0.00027281506 0.0020584234 1.1710666e-06 0.0014627287 0.6002673 0.4222506 0.002560112 0.00030408805 9.364593e-05 0.066277415 3.768347e-09 0.000104460625 3.4960525e-19 0.03487917 0.121958956 0.0010569162 0.03302945 0.00084018405 3.537851e-07 0.00023019384 0.0025450932 0.0811548 0.00030751503 0.00044374258 0.0006597784 0.00020410777 2.2792536e-05 0.24329995 0.22273904 0.04845607 0.0122039355 0.08476384 5.7531997e-05 9.761905e-05 0.09369092 3.27915e-05 0.00012829836 0.03396587 0.00022919168 4.5196866e-06 0.0029431502 7.868035e-05 4.8974393e-06 0.002461343 0.0016030844 0.0040869582 6.608341e-05 0.0033336892 0.010458743 0.0054906164 0.00015840179 0.046518844 0.009867028 0.004400157 0.00015523065 0.0116530415 0.24458405 0.0032145053 0.014108522 0.004096603 0.007771958 0.016343148 1.633429e-06 4.7183474e-07 0.0015271062 4.4172207e-06 0.0064916033 0.005584313 0.051831596 0.0021288292 0.0028430389 0.000512029 0.0039518396 0.008505785 0.0012559423 5.9607177e-05 6.467146e-05 0.003622219 0.000523067 0.0017550219 0.0017015472 0.0051128953 9.2651935e-06 0.0001269877 0.0023720602
0.9988917 0.07681035 0.22602725 0.06325766 0.2658297 0.014461957 0.04621196 0.065324284 0.023400012 0.007695648 0.025393756 0.005609641 0.008276825 0.019384466 0.37997496 0.005696453 0.0042391103 0.0042950194 0.001806192 0.004431493 0.008154503 0.101726964 0.0031107808 0.005275387 0.004036179 0.006485978 9.948305e-06 0.003106512 0.03487917 9.635124e-15 0.0013273936 0.0020109867 0.0035044227 0.0016529247 0.00028111832 0.0029652254 0.0032013762 0.0015363323 0.003021994 0.0017511599 0.0014126183 0.028715527 0.023263304 0.0005718209 0.00820821 0.00084310083 0.00042187233 0.00026448266 0.008867124 0.003522453 0.0006239045 0.020686185 0.0023913023 6.1593164e-05 0.001254602 0.0064768083 0.0028115748 0.0032257298 0.0035547414 0.0019680334 0.0016557178 0.00043577515 0.0032392165 0.00084986247 0.0011897011 0.0008531774 0.0010961258 8.577419e-05 1.770898e-05 0.0005144231 0.0016220575 0.110635825 0.11728752 0.000589595 3.024606e-06 0.0005363201 0.0019721151 2.129555e-07 0.0013762161 0.00030299617 3.330646e-05 0.001353862 0.00033500098 0.00019497804 0.0006177848 0.0007105249 9.050924e-05 0.0005896054 9.7388256e-05 5.721017e-07 0.00013150682 0.0010160059 0.0056885816 2.1957361e-05 1.2970872e-06 4.932227e-08 6.507681e-05 6.23217e-05 0.0002951314 0.00022437684 1.4361658e-05
0.8888925 4.8385227e-06 0.0010081669 3.0721662e-06 0.029033596 7.4007227e-07 0.0007243457 1.0306875e-05 0.021874512 0.00017641277 0.026594805 1.6677046e-05 8.568274e-06 0.20569016 0.0036489284 0.00010724146 3.9653394e-05 0.000101446974 2.6297887e-06 0.000774432 0.71926594 0.16032584 0.0023712553 4.6678135e-05 4.700896e-06 0.1663881 5.826868e-08 4.1387004e-05 0.121958956 0.0013273936 4.2188626e-19 0.0048878095 0.1327154 0.004318729 9.884781e-08 0.00011837255 0.019485492 0.80572903 0.0005344852 0.0022441815 0.0028309128 4.4391316e-05 2.9099588e-06 0.11349177 0.053734567 0.5575294 0.21793477 0.027196521 0.00044834177 5.5208704e-05 0.0397299 2.851931e-06 5.5304667e-05 0.05118531 0.00038861553 6.610282e-07 0.09631823 0.000435026 4.5484782e-07 0.054162074 0.018673556 0.15284424 0.00051457545 0.07364422 0.047874458 0.054041382 0.000115836636 0.001474642 0.0024588655 0.014684839 0.0001078401 0.0004302433 0.0024622013 0.02343586 0.0004150659 0.06464546 0.052099578 0.0006755818 5.7877154e-05 1.1356002e-07 0.00079674384 6.399724e-05 0.040294226 0.036627576 0.006887111 0.0010041867 0.0072043603 0.00027643554 0.030322568 0.00033254077 0.00077177153 9.227827e-05 7.2512914e-05 0.0058223326 0.00017990592 7.8512974e-05 0.001833787 0.01113328 7.412763e-06 6.5014035e-05 0.003177325
