1.7062526e-27 0.13640247 0.025615798 0.11939752 0.015999656 0.008046103 0.29194003 0.08619645 0.044124234 0.01489673 0.003536322 0.117082834 0.40361726 0.011118328 0.028138788 0.0012283095 0.062088564 0.40147325 0.00030559546 0.0003409554 0.06474737 0.021964721 0.01307483 0.0035772084 0.2230322 0.20420587 0.16715191 0.01309765 0.44826168 0.020998143 0.04311032 0.32090518 0.02360373 0.28745928 0.092906274 0.6603963 0.031318836 0.4557365 0.6521 0.8201564 0.19345628 0.25564995 0.56251585 0.11845029 0.1506159 0.33460596 0.43140262 0.8815853 0.0142787285 0.043349933 0.7839273 0.04789825 0.001200444 0.00843954 0.6464552 0.030919412 0.11432525 0.42808825 0.0011884057 0.9717209 0.004191184 0.963177 0.66778463 0.74245626 0.14316119 1.7544285e-06 0.6057693 0.03913204 0.1885416 0.8301139 0.963296 0.98584753 6.64625e-07 5.531717e-07 0.98473716 0.20050396 0.9834505 0.9888904 0.18940547 0.00083643844 0.6130597 0.98580027 0.99706656 0.9011782 0.95935196 0.9534512 0.9990173 0.99994993 0.9983484 0.004781339 0.13381769 0.95447415 0.6379247 0.69114316 0.99967355 0.9475012 0.9146308 0.90133274 0.98650473 0.864986 0.52721006
0.13640247 3.2811676e-20 0.81480646 0.94517106 0.55388534 0.39238918 0.8013006 0.7356584 0.49128082 0.24000274 0.28651598 0.41709092 0.77531755 0.1777063 0.15093124 0.04136945 0.03990777 0.041594554 0.054839913 0.018828945 0.0841358 0.025196798 0.007829054 0.012647068 0.18379551 0.0070891785 0.013689343 0.0022935623 0.5742127 0.00077790767 0.001991835 0.018015463 0.00024661666 0.031577136 0.00017359247 0.22650652 5.594934e-06 0.040728956 0.057568297 0.044116385 0.00016871304 0.0011479493 0.008638009 1.1092195e-06 9.544432e-05 0.00075781666 0.00072660117 0.0070338156 7.3516225e-05 2.270802e-06 0.00084189844 4.827246e-07 2.6987058e-07 5.275819e-07 4.662864e-06 2.9892512e-06 2.2057695e-06 0.00016894104 0.0046394547 0.022023475 1.5891864e-08 0.0027369026 0.031074362 1.7982684e-06 4.3416167e-05 0.0032982961 3.8527956e-05 3.252823e-08 5.027322e-07 0.013672858 0.029582737 0.00080576516 3.5657897e-05 2.1790665e-05 4.2925926e-06 1.8409008e-06 0.00747944 0.0022253299 9.665087e-08 1.1080865e-07 3.0983883e-06 0.020986412 0.008648737 2.0295083e-05 1.2763222e-05 9.72649e-07 9.556746e-05 0.0018195494 2.7501439e-05 1.0068538e-07 5.9235204e-05 0.0011442668 9.8244316e-05 0.00035038812 1.614753e-06 0.0012527716 0.002435935 2.959221e-05 9.824901e-05 0.00016658076 7.048543e-07
0.025615798 0.81480646 7.828941e-22 0.8784254 0.95306635 0.7476208 0.38409838 0.42755535 0.1952114 0.56277734 0.37804812 0.5534426 0.37219387 0.11892855 0.04792535 0.098497234 0.047933348 0.03308218 0.04888265 0.07304558 0.0114413425 0.043319166 0.0016158771 0.0034059237 0.020065011 0.0009572937 0.0016510916 0.00025163474 0.15368849 7.253283e-05 0.0064734556 0.0030152071 1.6538146e-05 0.003602045 2.6067035e-05 0.08022261 3.0070214e-06 0.008756472 0.014355128 0.03442279 0.0004683288 0.0005600751 0.0027532198 8.6379504e-07 2.7177044e-05 0.0009608023 0.0012539054 0.0067116236 0.0003311518 3.0318475e-07 0.00059471733 1.5761675e-07 6.438868e-07 8.5646214e-08 1.1049103e-05 4.433816e-06 1.5322651e-06 0.00012334932 0.01218717 0.015646905 2.0757165e-08 0.00026619885 0.022572884 3.6313727e-06 4.1094394e-05 0.0072240615 7.43353e-05 2.9293687e-08 5.8770727e-08 0.011568627 0.014446194 0.00021164768 0.00036689398 4.245333e-05 2.5785996e-06 8.385378e-06 0.003726899 0.0013030722 1.801735e-07 1.2813332e-07 3.6746246e-07 0.0040722466 0.001520964 1.6813248e-05 7.955844e-06 1.1625219e-06 1.2922466e-05 0.0032795097 2.4731698e-05 1.6706167e-08 0.00014596514 0.00015768873 5.186195e-05 0.00058799464 1.7879287e-07 0.0007856324 0.0006219797 1.7269527e-05 2.6480864e-05 0.00033497988 5.5258636e-07
0.11939752 0.94517106 0.8784254 1.7866582e-19 0.7553193 0.35334945 0.5972589 0.4102288 0.098241314 0.41536924 0.13628726 0.882634 0.8640825 0.02376908 0.01113416 0.061244804 0.18229099 0.16815805 0.013779155 0.03660645 0.012727403 0.13475823 0.00068149564 0.0009888724 0.018755853 0.0004353759 0.002240496 0.00042068138 0.3552494 0.00012779245 0.012242928 0.0017927353 6.0121965e-05 0.0024849828 3.107777e-05 0.39066917 2.455416e-06 0.010205899 0.029571187 0.22264928 0.00079865026 0.00029389307 0.0029214844 4.6787008e-07 1.1468526e-05 0.0003997418 0.00038439897 0.052672 0.0005283425 2.0115033e-07 0.00021494826 7.639737e-08 2.868041e-07 1.5114897e-07 1.7242661e-06 3.4020993e-06 1.6079478e-07 0.0003587218 0.010425751 0.10815427 2.6230706e-08 0.0009483695 0.06842706 1.1007869e-06 3.977338e-05 0.007640335 0.000109213834 9.999502e-09 5.501457e-08 0.025332302 0.032052983 0.0035306942 0.000535872 0.00014014643 1.591866e-05 3.3249921e-06 0.010889045 0.0026453668 6.5368816e-08 8.239061e-08 2.095464e-07 0.0067575676 0.0029148946 4.128394e-06 1.5709746e-06 8.0829597e-07 1.0721871e-05 0.0026347733 3.9872804e-05 1.8408578e-07 0.00037512532 0.0017815513 0.0003532304 0.0010942135 3.9298754e-07 0.00089103734 0.0020909437 0.00011228695 0.0013020461 0.00034288218 2.380327e-06
0.015999656 0.55388534 0.95306635 0.7553193 2.3984013e-21 0.928586 0.11451834 0.14136453 0.056276657 0.8415854 0.25045142 0.60201913 0.24249281 0.04281525 0.021930479 0.23905464 0.048844855 0.038902473 0.017628597 0.24986921 0.003938849 0.039784838 0.0007075989 0.001547497 0.0059627336 0.00016880124 0.0005526678 0.00012065155 0.040622856 1.5801019e-05 0.006152378 0.0007697458 7.843518e-06 0.001384244 1.2454727e-05 0.067064464 1.3169833e-06 0.0046496 0.01026383 0.041343894 0.0006951616 0.00010265914 0.0021271235 1.4574152e-07 7.0047154e-06 0.0002885937 0.0004534554 0.008468407 0.0008130965 3.3951792e-08 0.00012773895 3.6206835e-08 6.0559415e-07 3.330133e-08 9.77793e-07 4.57207e-06 1.3500564e-07 4.648888e-05 0.014910482 0.023012439 1.9325308e-08 5.248469e-05 0.023195172 8.3779474e-07 5.023014e-05 0.008565501 3.4365195e-05 1.1285841e-08 1.9674992e-08 0.012287588 0.010694319 0.00053641706 0.0005256494 0.00029887754 2.1436235e-06 1.4280205e-05 0.004738837 0.00090810296 2.1315854e-08 2.2937151e-07 1.3884741e-07 0.0016794797 0.00072345376 6.3722296e-06 6.710523e-06 2.001281e-06 4.8990087e-06 0.0044784304 3.2429936e-05 3.6480927e-08 0.00013918689 0.00016706536 2.5573092e-05 0.00044902018 6.494974e-08 0.0004892151 0.00047176954 2.0991383e-05 5.947411e-06 0.00050995516 2.4710573e-07
0.008046103 0.39238918 0.7476208 0.35334945 0.928586 1.715775e-20 0.09010288 0.12833796 0.079798184 0.9314092 0.8074528 0.165325 0.076415524 0.17191198 0.02703781 0.4644988 0.013486463 0.010302852 0.16453664 0.595306 0.00217386 0.011284792 0.001984887 0.0046331454 0.0049474277 0.00050020294 0.0005422427 0.00013435299 0.04278088 0.000110777655 0.0032834967 0.0009973512 9.245563e-06 0.0016512546 1.3626631e-05 0.01305169 2.7255028e-06 0.0069026747 0.008443915 0.008634711 0.0002971629 0.00016468306 0.0013929172 4.5553458e-07 1.5315954e-05 0.00039906093 0.0005931534 0.0023429075 0.00079610926 7.362409e-08 0.00022143417 1.5049152e-07 1.2811386e-06 1.2289097e-07 3.098276e-06 8.786284e-06 1.3255845e-06 5.4706707e-05 0.033507176 0.0025725192 8.687822e-08 3.720331e-05 0.0057166684 4.4537805e-06 5.0296243e-05 0.011762753 1.2595544e-05 9.392466e-08 1.3617783e-07 0.003585669 0.00618701 0.00011080364 0.0007729107 0.0002977586 1.4390689e-06 8.645505e-06 0.0018283421 0.00040105896 1.14481026e-07 3.6096148e-07 1.2006001e-07 0.0016254 0.0010149608 1.1556436e-05 5.924523e-06 2.1493495e-06 2.1399217e-05 0.028498443 8.3128456e-05 2.749201e-08 0.000129941 5.7660694e-05 4.475939e-06 5.9429236e-05 5.911519e-08 0.0004968656 0.0004923806 1.0521613e-05 1.2471992e-06 0.00038146717 3.1077096e-08
0.29194003 0.8013006 0.38409838 0.5972589 0.11451834 0.09010288 7.4029496e-19 0.9070273 0.53945524 0.11973188 0.13197848 0.29241085 0.86358607 0.1325727 0.16610965 0.023938302 0.06843559 0.12743843 0.01773277 0.013169521 0.44149816 0.02083145 0.019392965 0.0100538265 0.56331974 0.22939228 0.19463462 0.012781086 0.73667115 0.0063489196 0.0019305139 0.25521904 0.0018345251 0.33278695 0.005473361 0.44745383 8.414117e-05 0.20412554 0.2603255 0.21013542 0.00048280664 0.020216174 0.038559858 6.373741e-05 0.0015533358 0.012253313 0.010570307 0.047919083 0.0003917522 7.088749e-05 0.007792506 1.6096341e-05 1.3896895e-06 2.505691e-06 0.00022166828 9.907947e-05 1.3626266e-05 0.0005235329 0.014854199 0.15276718 2.2927723e-07 0.067215815 0.08665376 7.034093e-05 0.00026555988 0.016945077 0.000105523475 5.0531975e-07 4.995157e-06 0.054286867 0.15456444 0.0077867294 0.00068180385 0.00027332493 0.00014853886 1.1200497e-05 0.028895594 0.028909242 1.7656694e-06 1.3696966e-06 1.5220246e-05 0.08123761 0.05191809 0.00047230299 0.00088463124 6.0195922e-05 0.0011515336 0.0057906364 0.0002736606 1.0190415e-06 0.00016960032 0.007217606 0.0027215786 0.0050993017 3.9988874e-05 0.003101766 0.0058483854 0.0008209591 0.0008505204 0.00043313255 1.4785983e-05
0.08619645 0.7356584 0.42755535 0.4102288 0.14136453 0.12833796 0.9070273 2.9782635e-20 0.8666236 0.054827794 0.28392366 0.08818661 0.5126564 0.58094126 0.7530032 0.012655779 0.013483576 0.02290666 0.10682721 0.0093148835 0.7242906 0.0060015414 0.34288833 0.18290654 0.62963307 0.57057625 0.47046763 0.21753536 0.63593334 0.17151947 0.0007603605 0.38863546 0.025622986 0.34583795 0.028649556 0.10706198 0.0008509732 0.18105423 0.11981488 0.03431952 0.00010043591 0.03428792 0.0195883 0.00023000491 0.004124976 0.021418294 0.017225094 0.007490775 5.2710362e-05 0.000319841 0.009584878 4.4661978e-05 9.588529e-06 1.5644642e-05 0.0005374084 1.0256456e-05 6.409148e-05 0.00017318917 0.009217691 0.011033936 1.9293745e-06 0.026926931 0.024865724 0.0003465278 3.986041e-05 0.009500868 1.86127e-05 3.51079e-06 6.720369e-05 0.008617973 0.031344824 0.0013892648 0.00022826265 0.00010862797 2.6569222e-05 2.0748912e-06 0.0074104453 0.009701491 6.369976e-06 7.072373e-07 0.0002562139 0.06466605 0.035270598 0.0010644172 0.00080727227 0.0002452554 0.0024264834 0.0043341476 0.0001270541 9.2749346e-08 0.00016642736 0.0011018699 0.00024407545 0.0005102578 1.6607926e-05 0.001524737 0.002059794 5.0897077e-05 7.40669e-05 0.00096338004 2.3381083e-06
0.044124234 0.49128082 0.1952114 0.098241314 0.056276657 0.079798184 0.53945524 0.8666236 1.5873963e-19 0.01621739 0.34958848 0.023177471 0.15226258 0.80942374 0.9556861 0.004082247 0.0027147764 0.0034952674 0.20575052 0.0051946295 0.42806512 0.0017400908 0.61532146 0.52176046 0.324683 0.63299614 0.18290326 0.27642295 0.19962607 0.30901504 0.0001104083 0.13303618 0.020184899 0.06898802 0.007576104 0.015814038 0.0003655295 0.040301986 0.02471555 0.005789137 9.8747005e-06 0.011806094 0.005279861 0.000116653006 0.0016008683 0.0070628934 0.0059614 0.00055771257 2.7904143e-05 0.00015279182 0.002815379 4.4718323e-05 3.1727145e-06 3.455421e-06 0.00016829684 3.0444235e-06 9.095764e-05 2.2445676e-05 0.004150731 0.0011468364 5.645141e-07 0.0023396832 0.0046498305 9.495976e-05 1.331182e-05 0.0042421212 4.0593263e-06 9.1425517e-07 1.7917933e-05 0.0018780521 0.0060130684 6.609224e-05 7.794204e-05 1.6060567e-05 2.4919648e-06 1.5272641e-06 0.0014431644 0.0017153996 3.0072064e-07 1.1114733e-07 1.6402686e-05 0.0240038 0.014519515 0.00043180678 0.00017713009 2.4219946e-05 0.0009898734 0.0043346253 9.992029e-05 3.6858818e-08 0.000112129106 0.0005911013 7.625324e-06 0.00017108447 6.1650317e-06 0.000904247 0.0007160386 1.4819581e-05 1.1926654e-05 0.00023431733 9.946621e-07
0.01489673 0.24000274 0.56277734 0.41536924 0.8415854 0.9314092 0.11973188 0.054827794 0.01621739 1.2738153e-21 0.25355154 0.5967416 0.20574072 0.01657459 0.005768352 0.9487709 0.10853366 0.10732012 0.021518009 0.9083698 0.00046718706 0.10653083 6.89772e-05 0.0003693823 0.001778461 8.48762e-06 5.8257094e-05 6.0485513e-06 0.047415778 2.6088683e-06 0.036870394 0.00014003381 4.455671e-06 0.00015519839 3.3684787e-06 0.06861885 3.7806544e-07 0.00092077843 0.0049593626 0.06149932 0.0022868637 1.3769099e-05 0.00027369897 4.597201e-08 1.2235755e-06 4.6820267e-05 7.500432e-05 0.017147504 0.025916422 1.8470363e-08 2.124239e-05 1.5214475e-08 1.04082396e-07 9.7981285e-09 1.3588853e-07 3.4679444e-05 9.736428e-09 0.00020194273 0.081117466 0.031373505 8.080855e-09 1.2607322e-05 0.025338378 8.695994e-08 3.6239053e-05 0.015024517 4.5204863e-05 3.9664036e-10 1.2077694e-09 0.011171327 0.005750822 0.0011137872 0.00069185207 0.0004219599 6.3407197e-06 5.4577076e-06 0.0026874929 0.0003276401 8.526119e-09 3.4450414e-07 7.501336e-08 0.0010075307 0.00019430275 1.0970235e-06 8.7795036e-07 4.581552e-07 1.5039288e-06 0.011276955 2.4257186e-05 2.5750998e-08 0.000420642 0.00043899173 4.722606e-05 0.00057165424 1.6311763e-08 0.00064696505 0.0004726184 2.4773057e-05 5.1078845e-05 0.0005497076 2.8630643e-07
0.003536322 0.28651598 0.37804812 0.13628726 0.25045142 0.8074528 0.13197848 0.28392366 0.34958848 0.25355154 2.3625611e-20 0.04616645 0.02044218 0.72286755 0.27335414 0.045555416 0.009088048 0.007611426 0.9792576 0.11367362 0.013456419 0.008049172 0.043665428 0.16256636 0.018205283 0.004362111 0.0043884525 0.004823554 0.04127361 0.0059429943 0.00067575707 0.005139068 0.00020356367 0.0035644504 0.00034239414 0.0037265467 1.07395035e-05 0.0036636326 0.0061909114 0.0024057722 5.192688e-05 0.00031637045 0.00048069167 1.23190675e-05 9.3953466e-05 0.0004167938 0.00034296382 0.0003363274 0.00035026117 2.5675056e-06 7.6708486e-05 1.0152119e-06 4.2764222e-07 1.7415956e-06 3.5326236e-06 2.0930042e-06 5.341838e-07 2.899583e-05 0.03757391 4.7275993e-05 1.1557251e-07 4.255129e-05 0.0014648401 2.4120102e-06 3.212486e-05 0.015617998 2.2671343e-06 2.6501107e-08 6.701914e-08 0.0007767383 0.0006527133 4.3898394e-06 0.00048040866 0.00026106305 1.1671542e-06 9.3420783e-07 0.00044821654 0.00021020361 8.5030294e-08 5.7805113e-07 5.34179e-06 0.0023116588 0.0012146246 5.2795738e-05 2.1370563e-05 4.4625872e-07 0.00027848303 0.027642993 4.05537e-05 4.663401e-08 0.00013237452 9.287721e-05 5.027167e-06 9.8915574e-05 3.9425674e-07 0.0007869007 0.0012629766 3.7789043e-06 3.8957005e-06 0.00032836862 6.5937866e-07
0.117082834 0.41709092 0.5534426 0.882634 0.60201913 0.165325 0.29241085 0.08818661 0.023177471 0.5967416 0.04616645 8.717072e-22 0.83080864 0.0028341166 0.001843474 0.16355458 0.92099833 0.8945151 0.0035423283 0.08717841 0.00066351326 0.8776147 1.8155046e-05 3.3140717e-05 0.0021415264 7.19175e-06 7.128291e-05 1.2773195e-05 0.098990396 1.7700291e-06 0.4517247 0.00013306015 3.987725e-07 0.0003266542 5.406017e-07 0.33616862 3.6665785e-08 0.0015701824 0.006459435 0.41525364 0.021076478 1.4239353e-05 0.0008004001 7.938173e-09 5.05962e-07 4.952611e-05 0.00010261226 0.29532906 0.005206965 5.0073927e-09 7.072967e-05 4.0408037e-09 1.6060865e-08 1.8511123e-09 1.2123585e-06 0.00014097914 1.062259e-08 0.004687185 0.008655585 0.3502956 5.148252e-10 0.0003724525 0.14424486 6.393791e-08 0.00021955342 0.0048284098 0.0019562584 2.7418368e-09 7.78325e-10 0.0817057 0.037863065 0.025768338 0.00035735595 0.00030071795 0.00076033623 7.7223536e-05 0.016506813 0.0045107543 1.0673953e-08 1.2862097e-07 3.8517353e-08 0.004918786 0.0018554862 4.0585343e-07 8.936596e-08 1.72718e-07 1.3880405e-06 0.009213859 4.910804e-05 1.7485254e-08 0.0008653411 0.0032712414 0.0018453543 0.0043964074 3.064124e-07 0.00080470927 0.0020285526 0.0011231529 0.00046184153 0.0025690699 7.3203605e-06
0.40361726 0.77531755 0.37219387 0.8640825 0.24249281 0.076415524 0.86358607 0.5126564 0.15226258 0.20574072 0.02044218 0.83080864 8.729298e-19 0.005176483 0.0064578615 0.04874186 0.41774336 0.6812097 0.0013979481 0.03153958 0.07955486 0.15080006 0.0012801958 0.0010057648 0.33425084 0.00082159985 0.024973316 0.0004221235 0.7233769 0.00030371276 0.03146862 0.032141067 7.955006e-05 0.10772254 0.00014000069 0.89411354 3.9695483e-06 0.10512708 0.13365616 0.5742119 0.004108577 0.0034104954 0.02703689 2.8614104e-05 0.00043305074 0.0025728308 0.0023986602 0.3037741 0.00030175186 4.18751e-05 0.0016557259 1.0267467e-05 2.9174864e-06 1.4309426e-06 0.00011017144 0.00039751575 9.577863e-06 0.0012216495 0.0047254204 0.40996337 1.8570023e-07 0.03659427 0.20258476 7.571376e-06 0.00025867397 0.0038880017 0.0013169771 5.618147e-07 2.8229447e-06 0.1366968 0.14281452 0.033384614 0.00076975743 0.00035136638 0.0013912384 0.00024876292 0.046082344 0.040603217 1.6410313e-06 1.5140729e-06 8.159578e-06 0.06403675 0.024831722 0.00032658599 0.00034406598 2.6452768e-05 0.0004254091 0.010157505 0.0007191661 2.5911863e-06 0.00035762633 0.0065940577 0.004797924 0.0050666924 1.1177086e-05 0.0010675509 0.0024031007 0.0029106988 0.003970543 0.0007432222 5.72153e-05
0.011118328 0.1777063 0.11892855 0.02376908 0.04281525 0.17191198 0.1325727 0.58094126 0.80942374 0.01657459 0.72286755 0.0028341166 0.005176483 2.0502508e-19 0.8406592 0.0038333216 0.00048889907 0.0007592507 0.85515124 0.008332328 0.10507979 0.00038051506 0.67598224 0.87242043 0.032999244 0.14334062 0.0155130625 0.15390947 0.027488193 0.23853739 3.4075598e-05 0.013943127 0.0040848134 0.005066161 0.0027935042 0.0012390269 0.00019431332 0.0066882316 0.004274445 0.0008854432 5.4766188e-06 0.0017880696 0.00036732038 3.343529e-05 0.00025424623 0.00089926634 0.0007418308 0.00013815181 2.3597802e-05 5.9963722e-06 0.00022596054 4.4950393e-06 1.8458302e-06 3.9794696e-07 9.945487e-06 1.4502595e-07 1.6876246e-06 1.2486928e-06 0.025276018 3.7197846e-05 5.7883526e-08 6.040922e-05 0.00031555 6.3737675e-06 3.628406e-06 0.023972554 8.744107e-07 7.140467e-08 4.1021636e-07 0.00025465048 0.0005479247 8.248607e-06 0.001088401 0.00022007436 7.5341546e-07 1.0316478e-06 0.00022350487 0.00025666488 1.4788041e-07 1.7846884e-07 2.4695037e-06 0.0028153872 0.0025818194 8.783649e-05 0.00015585947 4.294714e-06 0.00032109435 0.06937665 0.00018667354 7.5628954e-08 8.552901e-06 2.6562837e-05 7.460851e-07 4.346986e-05 1.3596507e-06 0.00026034427 0.00034891994 1.6484347e-06 9.391271e-07 0.00011921566 1.6162112e-07
0.028138788 0.15093124 0.04792535 0.01113416 0.021930479 0.02703781 0.16610965 0.7530032 0.9556861 0.005768352 0.27335414 0.001843474 0.0064578615 0.8406592 1.3569332e-19 0.00087069994 0.0004406828 0.0004179746 0.19279054 0.0010830587 0.28235066 0.0002861368 0.8038479 0.7267022 0.15727311 0.67228574 0.099255666 0.5396016 0.040589813 0.5686862 4.1082596e-05 0.047367252 0.060089387 0.023064058 0.015550123 0.0021447148 0.0028010271 0.012742942 0.0050386507 0.00054139807 2.0955729e-06 0.005735891 0.0010509097 0.0003244579 0.001340934 0.0024458189 0.0018308776 8.718578e-05 1.0338751e-05 9.3855415e-05 0.00073222665 3.3231106e-05 6.527799e-06 5.080293e-06 6.381708e-05 4.8780873e-07 4.5137276e-05 2.1990336e-06 0.0058364146 5.5263485e-05 5.048265e-07 0.00038007073 0.0005227895 9.470887e-05 2.8681764e-06 0.0055866414 1.941616e-06 1.6476442e-06 1.6991657e-05 0.00040004784 0.0013965325 5.076307e-06 0.000111467874 2.5727102e-05 4.2681836e-07 2.0305565e-06 0.00033081783 0.00047592443 2.4527103e-06 1.1369905e-07 1.0135302e-05 0.00694712 0.004197512 0.00038560745 0.0002387566 5.8321137e-05 0.0007136594 0.0045603146 7.0027556e-05 1.23968915e-08 8.299376e-06 0.00012756219 6.0186876e-06 0.00018592183 1.2325954e-05 0.000376026 0.00044315305 4.439587e-06 2.2480715e-06 0.00022588814 8.6009277e-07
0.0012283095 0.04136945 0.098497234 0.061244804 0.23905464 0.4644988 0.023938302 0.012655779 0.004082247 0.9487709 0.045555416 0.16355458 0.04874186 0.0038333216 0.00087069994 7.172141e-21 0.033532575 0.040955268 0.0036638964 0.9588287 2.3929308e-05 0.035537425 2.9927698e-05 0.00020324302 0.00019404295 1.1671219e-06 8.404592e-06 6.008273e-06 0.009947457 2.5296413e-06 0.02375241 1.129249e-05 6.4055093e-06 2.0556987e-05 6.0892153e-06 0.008448749 1.6265861e-06 0.00020647453 0.0012906414 0.015372411 0.0043465155 6.17699e-06 0.0002055727 7.4115076e-07 6.578131e-06 2.0322896e-05 2.8886256e-05 0.008846996 0.052218985 8.00007e-08 4.516027e-05 5.115652e-08 3.8897738e-07 1.2284633e-07 2.1071783e-06 0.0003485684 8.4449574e-08 0.00018388216 0.020422433 0.009663438 8.646328e-08 2.581696e-05 0.002913488 8.2435145e-07 0.00016166977 0.009869914 4.0398638e-05 3.2028797e-09 1.2283842e-08 0.0013750832 0.0011079282 0.0025837224 0.0003503699 0.00032223488 1.7097296e-05 1.0704767e-05 0.0016777635 0.00036762073 1.3200382e-07 6.0355603e-07 4.0903194e-07 0.00015882139 7.5129385e-05 8.625903e-06 3.028358e-06 1.7639552e-07 2.860783e-05 0.011605845 5.9447037e-05 2.9866794e-07 0.000119314835 0.00015307975 3.096756e-05 0.00023478999 4.48698e-09 0.00030677926 0.00027199567 1.9489282e-05 1.40210395e-05 0.000220654 6.374938e-07
0.062088564 0.03990777 0.047933348 0.18229099 0.048844855 0.013486463 0.06843559 0.013483576 0.0027147764 0.10853366 0.009088048 0.92099833 0.41774336 0.00048889907 0.0004406828 0.033532575 2.5839274e-22 0.932625 0.00043616595 0.013709808 0.00036156373 0.93867385 2.1858246e-05 1.7472994e-05 0.0003305138 6.575829e-06 2.9611743e-05 3.239192e-05 0.01019015 3.6159768e-06 0.7052371 2.9086119e-05 3.844935e-06 6.663183e-05 2.0901498e-06 0.23402388 2.7299367e-07 0.00048576616 0.0011061075 0.42876753 0.27163574 1.5746009e-05 0.00021987404 4.566134e-08 5.369526e-07 1.3809549e-05 2.7701732e-05 0.528846 0.02332451 1.9805869e-08 1.571392e-05 7.67641e-09 1.3022849e-07 9.270793e-09 1.2968188e-06 0.007829987 2.5477702e-08 0.09270102 0.0136777405 0.34466863 1.8425665e-09 0.00017555866 0.03579745 2.437443e-07 0.001629711 0.004841101 0.03931663 1.2514102e-09 2.33245e-09 0.023768729 0.009557033 0.11649679 0.0007081637 0.00084829837 0.011929687 0.0022780336 0.007846454 0.0018785527 1.4526341e-08 3.1608608e-06 4.1209827e-08 0.0014792148 0.00047675625 4.3057025e-07 2.0703835e-07 1.524835e-06 7.525021e-07 0.014041394 0.00026060734 3.970156e-07 0.0010710701 0.004694828 0.004907138 0.008670974 8.075728e-08 0.0013249874 0.0010181164 0.0033876083 0.0012311352 0.0037504628 0.00012912716
0.40147325 0.041594554 0.03308218 0.16815805 0.038902473 0.010302852 0.12743843 0.02290666 0.0034952674 0.10732012 0.007611426 0.8945151 0.6812097 0.0007592507 0.0004179746 0.040955268 0.932625 3.134661e-22 0.0003621198 0.016281266 0.0009933403 0.8234794 4.454301e-05 4.7810052e-05 0.0013271235 8.446022e-06 7.4530726e-05 4.0629726e-05 0.04923012 3.8483136e-06 0.60152924 0.00010000037 7.989283e-06 0.00038841672 1.4168866e-06 0.58883804 5.065404e-07 0.0014715169 0.0040267287 0.7891871 0.27239674 4.749634e-05 0.0007732074 3.4530093e-08 1.6694382e-06 6.2671745e-05 5.5332886e-05 0.8531902 0.011479717 2.9131378e-08 2.2054677e-05 9.969659e-09 1.8332405e-07 3.4956788e-08 1.1817787e-06 0.008125268 3.8158323e-08 0.13712737 0.012324821 0.6626237 1.36543585e-08 0.00083652145 0.092643686 1.5998792e-07 0.0031643747 0.0036072256 0.06782198 3.4549839e-09 4.090651e-09 0.066466615 0.04171464 0.2262602 0.00044385414 0.0002285299 0.040460132 0.005251894 0.016690118 0.004865755 5.9079348e-08 1.7113503e-06 6.435463e-08 0.0024925817 0.00053450867 4.025292e-07 2.50612e-07 2.1921908e-06 2.3843484e-06 0.020684374 0.00082216575 1.02125334e-07 0.0040877773 0.010362992 0.012925112 0.016213236 1.7632665e-06 0.0012816592 0.0028765406 0.0051338314 0.0047049103 0.0064096376 0.00053612323
0.00030559546 0.054839913 0.04888265 0.013779155 0.017628597 0.16453664 0.01773277 0.10682721 0.20575052 0.021518009 0.9792576 0.0035423283 0.0013979481 0.85515124 0.19279054 0.0036638964 0.00043616595 0.0003621198 6.4230317e-22 0.022758916 0.005960803 0.0001730424 0.11530385 0.6903449 0.0025876786 0.007873076 0.001645807 0.01155949 0.0049196635 0.018491574 4.81936e-06 0.0008332065 0.00030687492 0.00042029837 0.0001933576 0.00012856255 4.6456662e-05 0.0004484055 0.00026642336 5.1787563e-05 1.2883962e-05 7.93333e-05 6.363817e-05 2.40062e-05 5.4452386e-05 8.029825e-05 0.000109041175 2.7365082e-05 0.00014584087 1.9386594e-06 3.9315026e-05 1.3102223e-06 1.6179947e-06 2.036784e-06 5.0923322e-06 2.8507727e-06 4.4395574e-06 2.7218998e-06 0.0069998284 6.00609e-06 9.598615e-07 1.4433648e-05 0.00015286324 2.2110917e-06 9.2744585e-06 0.026031591 1.3773949e-06 4.445961e-07 7.977523e-07 0.00017149057 0.00018284189 1.5778619e-06 0.00076627074 0.0003018863 6.910169e-07 1.4458769e-06 0.00015405379 0.0001262298 1.4469273e-07 8.5235214e-08 2.4547815e-06 0.00042330628 0.0002856834 2.7596863e-05 1.24671815e-05 4.5851163e-08 9.277285e-05 0.12921737 0.0001825974 5.1907807e-09 2.2109956e-05 8.418787e-07 1.1497865e-07 1.6687045e-06 4.2678576e-09 7.6945726e-05 0.00013810571 1.6746845e-06 3.143947e-08 1.7238888e-05 2.1229027e-08
0.0003409554 0.018828945 0.07304558 0.03660645 0.24986921 0.595306 0.013169521 0.0093148835 0.0051946295 0.9083698 0.11367362 0.08717841 0.03153958 0.008332328 0.0010830587 0.9588287 0.013709808 0.016281266 0.022758916 7.5413165e-23 2.680267e-05 0.015076254 8.544793e-05 0.0005788781 0.00016950717 4.9295113e-07 3.409323e-06 5.008384e-06 0.006258016 1.9762608e-06 0.0077120615 7.839465e-06 3.7248874e-06 8.833881e-06 2.3707078e-06 0.003499929 1.1523524e-06 0.00010251376 0.0005696125 0.0031386656 0.0027710225 5.3410613e-06 0.00011528043 3.661751e-07 5.0513445e-06 1.0359864e-05 2.1100106e-05 0.00334388 0.068620965 7.730439e-08 2.3983612e-05 2.9829888e-08 1.2254042e-06 2.0706362e-07 8.328803e-07 0.0003694707 2.6567778e-07 0.00010215773 0.04248538 0.0029639984 2.3721924e-07 1.7537e-05 0.0022630936 8.8613666e-07 0.00016515002 0.049227767 2.0144771e-05 3.9430844e-08 3.9937213e-08 0.00074440223 0.0010739852 0.00050528004 0.001182211 0.0015958153 1.0797907e-05 6.7286255e-06 0.00095753657 0.0002915117 3.1139578e-08 1.2009695e-06 4.0202357e-07 5.527071e-05 0.00010632828 4.3260575e-06 3.0052914e-07 7.2260656e-07 2.1485122e-05 0.044239227 0.00078178395 1.11242976e-07 3.9068906e-05 3.971366e-06 8.064304e-07 9.138651e-06 7.246627e-10 3.523437e-05 0.00024091138 1.0053451e-06 1.2067225e-06 5.6674195e-05 1.3492853e-07
0.06474737 0.0841358 0.0114413425 0.012727403 0.003938849 0.00217386 0.44149816 0.7242906 0.42806512 0.00046718706 0.013456419 0.00066351326 0.07955486 0.10507979 0.28235066 2.3929308e-05 0.00036156373 0.0009933403 0.005960803 2.680267e-05 6.689022e-21 8.9128036e-05 0.14448898 0.03982036 0.824722 0.67855114 0.9575561 0.19707729 0.6349272 0.16018268 9.967878e-06 0.5805573 0.094107434 0.40069094 0.23768282 0.027261721 0.03849509 0.22388642 0.05478082 0.005867525 3.5863683e-05 0.16163573 0.025089623 0.013654783 0.050342392 0.02816189 0.02191901 0.0010544476 4.272576e-06 0.012739169 0.017529694 0.0029629765 0.00010852111 0.00026395504 0.0066298735 1.0206589e-06 0.0013806389 9.89327e-06 0.00022867207 0.0009299422 3.3775545e-05 0.024766136 0.0066893734 0.0022914722 8.064462e-06 0.00066959695 6.4322485e-06 1.320843e-05 0.0005566045 0.0068492484 0.015582232 0.000106752894 3.3909791e-06 9.1031575e-07 3.4833522e-06 7.54991e-06 0.0033925385 0.006691954 5.4084052e-05 5.0102307e-07 0.00037161075 0.059298854 0.03889713 0.0007139735 0.0010716582 0.0002771855 0.005535136 0.0056453 0.00010869326 2.226736e-08 1.5600333e-05 0.0006293543 9.932602e-05 0.00038879848 4.6387464e-05 0.0007223482 0.0012690368 3.884851e-05 1.6239898e-06 0.0006508644 2.7682555e-07
0.021964721 0.025196798 0.043319166 0.13475823 0.039784838 0.011284792 0.02083145 0.0060015414 0.0017400908 0.10653083 0.008049172 0.8776147 0.15080006 0.00038051506 0.0002861368 0.035537425 0.93867385 0.8234794 0.0001730424 0.015076254 8.9128036e-05 1.3097512e-21 1.3256548e-05 1.9299145e-05 0.00010955651 6.68415e-06 3.020782e-05 2.1548982e-05 0.0021568052 5.915755e-06 0.9385825 1.2279609e-05 3.1768564e-06 2.5797912e-05 5.8825512e-06 0.060856454 2.741892e-07 0.0003272822 0.0003601718 0.18306397 0.30980134 1.0324426e-05 8.934369e-05 5.6031194e-08 1.2697934e-06 1.1285599e-05 2.2069238e-05 0.27920556 0.031118417 1.4359349e-08 7.580689e-06 5.297735e-09 9.36817e-08 2.0744025e-08 1.3164897e-06 0.013559333 2.5191207e-08 0.053954516 0.009790603 0.12707898 1.598049e-09 2.552906e-05 0.011441358 2.3776532e-07 0.0015796913 0.0029605953 0.022937296 2.9355083e-09 6.2806658e-09 0.00769085 0.0032516741 0.07336273 0.00053106906 0.00066556 0.00619973 0.0014450244 0.0032960228 0.0009818401 2.1679426e-08 1.794378e-06 7.989214e-08 0.0008017745 0.0003161325 2.1164929e-06 7.421084e-07 3.1865816e-06 2.704143e-06 0.0113094 0.00033044227 6.025962e-07 0.0004412846 0.0021186993 0.0022481168 0.0064363442 7.2865234e-08 0.00064576115 0.0007130243 0.0024980314 0.00038613885 0.0037755386 2.9065763e-05
0.01307483 0.007829054 0.0016158771 0.00068149564 0.0007075989 0.001984887 0.019392965 0.34288833 0.61532146 6.89772e-05 0.043665428 1.8155046e-05 0.0012801958 0.67598224 0.8038479 2.9927698e-05 2.1858246e-05 4.454301e-05 0.11530385 8.544793e-05 0.14448898 1.3256548e-05 8.7807594e-20 0.9622194 0.03114091 0.69680107 0.056062866 0.7323276 0.029873315 0.8649801 3.43582e-06 0.028974583 0.12530647 0.0051132017 0.031177083 0.00067188794 0.03380263 0.009045885 0.0033235166 0.0001761443 3.162338e-06 0.01032613 0.00088449917 0.001400418 0.0024170151 0.003700863 0.0015930037 7.195897e-05 5.9525287e-06 0.00058592577 0.000447089 0.00028977296 0.00014043716 3.7290338e-05 0.00016161967 1.3925666e-07 5.699882e-05 1.7116572e-06 0.0031425247 7.968737e-06 6.065898e-06 8.026348e-05 8.882713e-05 9.330548e-05 2.7468295e-06 0.0009688585 1.4099929e-06 2.0843831e-06 4.225307e-05 0.00018022498 0.00037150513 2.8120355e-06 8.367971e-06 2.2853123e-06 4.6245978e-07 1.7192825e-06 0.00019829154 0.00023167492 2.1054225e-06 1.1546114e-07 7.0594115e-06 0.0047793575 0.004047197 0.00018371847 0.00024755407 5.159378e-05 0.00071749045 0.025588201 0.00012518131 9.877483e-09 2.5745744e-06 1.45035365e-05 6.7466976e-07 1.8712939e-05 2.4075945e-05 0.0003989325 0.00030153323 3.0664964e-06 2.2135127e-07 0.00016826266 3.9044e-08
0.0035772084 0.012647068 0.0034059237 0.0009888724 0.001547497 0.0046331454 0.0100538265 0.18290654 0.52176046 0.0003693823 0.16256636 3.3140717e-05 0.0010057648 0.87242043 0.7267022 0.00020324302 1.7472994e-05 4.7810052e-05 0.6903449 0.0005788781 0.03982036 1.9299145e-05 0.9622194 8.712784e-22 0.0072706905 0.33375543 0.01597613 0.35771278 0.011154177 0.5467642 6.3970965e-06 0.007483556 0.036758207 0.0016549758 0.008796308 0.000309635 0.0076051424 0.0029302335 0.0009361625 8.429054e-05 8.078233e-06 0.0024814107 0.00029911567 0.00050585205 0.00066057325 0.0006355868 0.00053913443 4.165492e-05 5.837313e-06 5.734952e-05 0.00022627105 3.676486e-05 4.6917034e-05 1.3420731e-05 3.8995204e-05 2.740909e-07 4.6904956e-05 1.5068389e-06 0.0030409533 3.890217e-06 4.432382e-06 3.6628968e-05 6.172323e-05 5.684476e-05 2.1182316e-06 0.0036042957 1.2004278e-06 1.6872641e-06 2.4276856e-05 0.000107914166 0.0002210668 4.3920545e-06 2.8658593e-05 8.715373e-06 7.5735664e-07 1.6110014e-06 0.00011768773 0.00016863215 1.3162048e-06 7.164162e-08 1.6583735e-06 0.0013677304 0.0022020852 5.3022344e-05 0.00019872792 3.3800789e-06 0.00041053514 0.13384755 0.00069876085 4.8553965e-09 3.819615e-06 1.921988e-06 2.7336776e-07 3.292799e-06 5.739805e-07 0.00016074565 8.070821e-05 1.3371525e-06 2.9618759e-08 3.580504e-05 5.38107e-09
0.2230322 0.18379551 0.020065011 0.018755853 0.0059627336 0.0049474277 0.56331974 0.62963307 0.324683 0.001778461 0.018205283 0.0021415264 0.33425084 0.032999244 0.15727311 0.00019404295 0.0003305138 0.0013271235 0.0025876786 0.00016950717 0.824722 0.00010955651 0.03114091 0.0072706905 8.8809096e-20 0.46242052 0.7990616 0.058219418 0.9344203 0.032394916 9.9096815e-06 0.69813704 0.017355565 0.581596 0.08458022 0.14312442 0.002028778 0.40944165 0.33094123 0.011762008 8.03558e-06 0.17380789 0.07071584 0.0014217629 0.02799416 0.0654046 0.05486765 0.0018158916 1.0673726e-05 0.0027513166 0.044228956 0.00024946278 4.296979e-06 8.441608e-06 0.0149104595 1.3384386e-06 0.0002511967 6.9099688e-06 0.0029152909 0.010675672 7.7643784e-07 0.097851746 0.039319765 0.0016853262 9.06214e-06 0.00083759316 3.3551892e-06 5.6085782e-06 0.00014102017 0.020301832 0.09046392 0.0016204913 1.631475e-06 2.3568666e-06 1.0705891e-05 5.9382995e-07 0.01098094 0.027895853 5.0996096e-05 1.0004959e-06 0.00023258233 0.10218859 0.088942215 0.00082216493 0.0009870045 0.00035551123 0.003569085 0.004603365 0.00012721533 1.9811338e-07 0.00022300961 0.0035712656 0.0009662739 0.0023726318 8.503351e-05 0.0022309548 0.0025784238 0.00021138908 5.1306688e-05 0.0003578416 3.6698777e-06
0.20420587 0.0070891785 0.0009572937 0.0004353759 0.00016880124 0.00050020294 0.22939228 0.57057625 0.63299614 8.48762e-06 0.004362111 7.19175e-06 0.00082159985 0.14334062 0.67228574 1.1671219e-06 6.575829e-06 8.446022e-06 0.007873076 4.9295113e-07 0.67855114 6.68415e-06 0.69680107 0.33375543 0.46242052 5.5383626e-18 0.57286435 0.81000036 0.27955267 0.7542057 4.139758e-07 0.48874703 0.6568987 0.19578351 0.6832665 0.00090756797 0.42255265 0.10616212 0.021652535 0.0002632903 2.0216885e-07 0.17924209 0.005690724 0.105442956 0.065404855 0.08437977 0.012956681 5.0303966e-05 1.5034498e-06 0.02969057 0.00408011 0.012112417 0.0015160149 0.00024364125 0.012869019 3.5162348e-08 0.0016819938 3.3982874e-07 0.009102007 7.652436e-05 8.839113e-06 0.0053860922 0.00060604094 0.0049773557 3.1761158e-07 0.00095200376 1.0082563e-06 5.5012402e-05 0.0005366739 0.00041898832 0.0048585813 6.196897e-06 5.450382e-07 1.2138695e-06 2.852471e-07 1.7498706e-07 0.00029322674 0.001029788 0.00013226991 9.563094e-08 0.0008810639 0.037422117 0.05351629 0.0008802228 0.0008348482 0.00011232733 0.0074349097 0.0013778299 2.6180936e-05 2.9780997e-08 9.548943e-06 0.00022752612 4.9810353e-07 0.00010000981 0.0003327397 0.0009796207 0.0003564071 2.5598724e-06 3.8721987e-06 1.8188284e-05 1.9035362e-07
0.16715191 0.013689343 0.0016510916 0.002240496 0.0005526678 0.0005422427 0.19463462 0.47046763 0.18290326 5.8257094e-05 0.0043884525 7.128291e-05 0.024973316 0.0155130625 0.099255666 8.404592e-06 2.9611743e-05 7.4530726e-05 0.001645807 3.409323e-06 0.9575561 3.020782e-05 0.056062866 0.01597613 0.7990616 0.57286435 8.270875e-21 0.08930917 0.68911177 0.0771816 5.2707423e-06 0.6272459 0.06827518 0.40429056 0.18707564 0.012117258 0.037793953 0.28894815 0.07759258 0.0015248082 2.811467e-06 0.26774713 0.031447593 0.020413155 0.06834613 0.07752179 0.033237316 0.00020078458 3.3449685e-06 0.012880291 0.020705 0.002697008 0.00014767346 0.00010900416 0.02351811 3.201556e-08 0.0019420495 6.0189547e-07 0.00044741147 0.00036382655 2.2593176e-05 0.044120174 0.0054319142 0.0074048005 1.0844631e-06 0.00011849816 1.4994362e-06 2.6626549e-05 0.00038732996 0.0054665715 0.023503846 3.8668757e-05 1.5039237e-07 8.8012015e-08 4.7071026e-07 1.0962831e-06 0.0022461193 0.008105672 0.00048542788 2.3134096e-07 0.00050515425 0.1026291 0.09810452 0.000582706 0.00075252255 0.00022204954 0.007679897 0.0028740976 1.2982216e-05 3.1011133e-08 2.1755613e-05 0.0011768033 0.00012710814 0.00034714254 0.00015013192 0.0014969145 0.0012272743 2.0748132e-05 5.9814483e-06 0.000110611065 1.7892584e-06
0.01309765 0.0022935623 0.00025163474 0.00042068138 0.00012065155 0.00013435299 0.012781086 0.21753536 0.27642295 6.0485513e-06 0.004823554 1.2773195e-05 0.0004221235 0.15390947 0.5396016 6.008273e-06 3.239192e-05 4.0629726e-05 0.01155949 5.008384e-06 0.19707729 2.1548982e-05 0.7323276 0.35771278 0.058219418 0.81000036 0.08930917 1.7001384e-20 0.010716045 0.98189145 3.4379605e-06 0.064412266 0.48646536 0.009879963 0.16236927 0.00024060006 0.14805494 0.005931684 0.0020826012 0.00011351049 3.4210445e-06 0.022880606 0.00069401565 0.0163871 0.0067301663 0.0033831818 0.0013709632 6.69099e-05 1.18991375e-05 0.0027501835 0.00022524064 0.0017043088 0.0028672875 0.0002611176 0.00045243124 2.2447196e-07 0.0005596984 2.1451901e-06 0.0012628755 6.740951e-06 0.000110893816 7.725771e-05 0.0001413859 0.00039155013 3.1743336e-06 0.00025028276 5.9726585e-06 6.183689e-05 0.00019367338 0.00021147034 0.00026443327 9.847536e-07 2.6300006e-07 2.6644963e-07 8.605432e-07 2.7561393e-06 0.00017733627 6.807081e-05 7.020328e-05 1.4001303e-07 0.00010961954 0.009100858 0.006609208 0.00042134765 0.00022180297 0.000107621774 0.0015244281 0.0030295413 1.8580191e-05 1.8072669e-08 6.0773464e-06 8.50761e-05 3.6647539e-06 2.717106e-05 0.00023826097 0.0009851538 0.00072940084 7.2622424e-06 1.1607986e-07 9.971039e-05 1.5509474e-07
0.44826168 0.5742127 0.15368849 0.3552494 0.040622856 0.04278088 0.73667115 0.63593334 0.19962607 0.047415778 0.04127361 0.098990396 0.7233769 0.027488193 0.040589813 0.009947457 0.01019015 0.04923012 0.0049196635 0.006258016 0.6349272 0.0021568052 0.029873315 0.011154177 0.9344203 0.27955267 0.68911177 0.010716045 2.0753773e-18 0.014056774 6.0036768e-05 0.80182683 0.004066491 0.81379926 0.013074613 0.6243745 0.0003598573 0.6785056 0.6611213 0.12852058 7.536038e-05 0.1503165 0.2668346 0.00025533017 0.008592452 0.085271396 0.091997094 0.008523909 2.2702552e-05 0.0009715532 0.1208006 0.00027035273 3.8835524e-06 2.9733974e-06 0.0076969224 1.7192393e-05 5.5483484e-05 6.532716e-05 0.008634443 0.11405001 1.3296786e-07 0.20354961 0.118807465 0.00090211164 3.9660314e-05 0.0024348793 4.784554e-05 1.5975594e-06 1.7531314e-05 0.077269666 0.21229048 0.006156833 0.00017857194 8.010222e-05 9.530597e-05 1.0067349e-05 0.05815535 0.08392827 1.7027247e-05 6.138634e-07 3.0869876e-05 0.19800682 0.1276543 0.0005727443 0.00055815896 6.261708e-05 0.0027503564 0.014535711 0.00048532724 9.960945e-07 0.00010484047 0.0041002845 0.0021024593 0.0033544553 0.0002528527 0.0012948842 0.0013930773 0.0011812784 0.0005090774 0.0014953616 1.7614708e-05
0.020998143 0.00077790767 7.253283e-05 0.00012779245 1.5801019e-05 0.000110777655 0.0063489196 0.17151947 0.30901504 2.6088683e-06 0.0059429943 1.7700291e-06 0.00030371276 0.23853739 0.5686862 2.5296413e-06 3.6159768e-06 3.8483136e-06 0.018491574 1.9762608e-06 0.16018268 5.915755e-06 0.8649801 0.5467642 0.032394916 0.7542057 0.0771816 0.98189145 0.014056774 1.7562632e-19 3.790713e-07 0.035837024 0.45063454 0.004194203 0.14372647 0.00018002039 0.21082579 0.0047823167 0.0018834518 0.00012631879 3.2723395e-07 0.023091152 0.00033639345 0.01688275 0.004411449 0.005429206 0.0013222855 3.1668485e-05 2.5969853e-06 0.0020003433 0.000249828 0.0012493654 0.0028390307 0.0001564037 0.0004727933 1.8049107e-08 0.00032548743 9.195437e-07 0.0018062884 8.532233e-06 2.8654082e-05 6.1746956e-05 0.000102452475 0.0003515184 6.7017385e-07 0.0004732047 1.564189e-06 1.522492e-05 0.0001092703 0.0003289014 0.0005276368 1.2136553e-06 7.688147e-07 3.0302635e-07 4.940925e-07 1.1197982e-06 0.00030147773 0.000100711375 1.0876443e-05 2.8386836e-08 3.099622e-05 0.007685897 0.010630381 0.00028216772 0.00024669053 4.221106e-05 0.0015930281 0.03402544 7.709697e-05 4.3528723e-09 1.1460954e-06 5.951624e-05 2.9233101e-06 2.6151143e-05 0.0004632226 0.0009929118 0.0011560196 1.0702563e-05 8.3435296e-08 8.295074e-05 1.9731523e-07
0.04311032 0.001991835 0.0064734556 0.012242928 0.006152378 0.0032834967 0.0019305139 0.0007603605 0.0001104083 0.036870394 0.00067575707 0.4517247 0.03146862 3.4075598e-05 4.1082596e-05 0.02375241 0.7052371 0.60152924 4.81936e-06 0.0077120615 9.967878e-06 0.9385825 3.43582e-06 6.3970965e-06 9.9096815e-06 4.139758e-07 5.2707423e-06 3.4379605e-06 6.0036768e-05 3.790713e-07 2.3866826e-21 9.315264e-07 6.4741425e-07 1.0216474e-06 3.1751256e-07 0.012199048 3.34884e-08 9.140822e-06 2.2229602e-05 0.12696297 0.859784 4.1151173e-07 2.4788333e-06 2.5790652e-09 7.146448e-08 7.5691554e-07 5.4590845e-07 0.476021 0.28835997 1.3777068e-09 2.6670057e-07 7.018556e-10 1.324509e-08 3.4234708e-09 1.4991895e-07 0.29306784 1.2034165e-09 0.3090112 0.028817287 0.059126295 3.1368874e-10 1.5991446e-06 0.00065606466 6.7258052e-09 0.07489264 0.0054534967 0.121274 8.272436e-10 9.735025e-11 0.000778781 0.0001562783 0.13802731 0.0013043128 0.0013816616 0.021786405 0.01974388 0.0002824935 3.7139358e-05 5.5870906e-08 1.0129427e-05 8.616657e-09 7.037042e-06 5.7234097e-06 1.3974717e-07 4.9074348e-08 1.2846479e-07 1.9439439e-07 0.0027703673 0.0002795018 1.7023407e-06 0.0001916205 0.0022570575 0.0015541152 0.005877724 1.2127903e-09 2.839985e-05 0.00041295125 0.00432116 0.00058778614 0.005129202 4.0661358e-05
