3.0748777e-36 0.027837066 0.010721529 0.012105171 0.18789738 0.056017146 0.0030534393 0.044187948 0.04964537 0.34687996 0.02186279 0.0012232197 0.0042898348 0.006255835 0.44712424 0.66650647 0.00938488 0.23025227 0.0041079014 0.4648143 0.5230668 0.113036945 0.0023748875 1.9655763e-05 0.47335562 0.5154656 0.66892964 0.45320132 0.61860603 0.011993506 0.066077456 0.33307227 2.0204182e-07 0.14128289 0.00077558914 0.8526044 2.0248857e-05 0.068809 0.26075745 0.0015364538 0.8066975 0.86918247 9.744539e-05 2.3182665e-07 0.2093587 0.88472325 0.5303046 0.8117957 0.64131886 0.8495374 6.857976e-07 0.5485735 0.52450746 0.8941976 0.6225006 0.024441587 0.91346025 0.8093377 0.69075084 0.0069167106 0.94949895 0.9245455 0.95831966 0.90830463 0.7009834 0.84528893 0.059457198 0.5037539 6.4243523e-06 0.4002346 0.0003870661 0.9792057 0.4331578 0.9496416 0.008633406 0.9828687 0.9771438 0.9223193 2.8924273e-05 3.5723604e-06 0.9285985 0.95691895 0.004600734 0.994379 0.6424134 0.974135 0.012501286 0.9899929 0.10287877 0.95056945 0.49030572 0.9977545 0.9899004 0.97045016 0.9979746 0.027479544 0.9826864 0.8923308 0.010004034 0.009059975 0.9965308
0.027837066 7.1004673e-20 0.69453657 0.49256486 0.557177 0.37312853 0.3728715 0.69613874 0.21297513 0.23339967 0.2761485 0.68441117 0.21749899 0.18231565 0.1666296 0.12941855 0.06393294 0.17594671 0.034673154 0.14530882 0.08702444 0.03699499 0.08006678 0.014974229 0.08548558 0.090301976 0.14303946 0.059771623 0.055254113 0.020280497 0.0076560136 0.021303091 0.0036651073 0.01400049 0.010910969 0.05993993 0.0037782022 0.0028531486 0.004542633 0.001978754 0.033045232 0.04675284 0.00035921222 0.0023039316 0.0010065045 0.049630545 0.0032191346 0.012687864 0.0070274887 0.013765685 0.0032195505 0.0014470234 0.030002724 0.013234285 0.0015609346 0.00071630324 0.020674197 0.002095573 0.0012601354 6.004885e-05 0.01116531 0.02535541 0.016474472 0.0064587696 0.020640647 2.200094e-05 0.0026871492 0.008401488 1.674516e-05 0.0061112824 5.273588e-06 0.005393739 0.005593177 0.003043824 4.8156595e-05 0.010610591 0.009367078 0.0008379698 4.3779955e-06 0.0006463286 0.0005636642 0.00019169268 1.461471e-05 0.0027853616 0.00044945657 0.005865729 0.00016280264 0.00025481664 8.208139e-06 0.0046669417 0.0002785279 0.0023421803 0.0017566403 0.004358352 0.004911029 0.00011772578 9.71687e-06 8.673653e-05 2.8405495e-06 1.2876212e-05 0.0012068118
0.010721529 0.69453657 1.7386982e-19 0.7321274 0.34948584 0.41650602 0.46130577 0.2504329 0.3820457 0.14395738 0.4992452 0.08939941 0.01431475 0.66053015 0.041891094 0.047992695 0.0045196917 0.009387735 0.2410475 0.13433142 0.010121225 0.11879541 0.0058443733 0.032011505 0.12608762 0.016494634 0.0725391 0.08866636 0.15652485 0.00078272953 0.02437194 0.00031890988 0.0020480377 0.0011114406 0.23394726 0.0038251001 4.395547e-05 0.019306557 0.0083163865 0.057175 0.0922146 0.045044187 0.03687644 0.0019142661 0.005061595 0.01071296 0.006854166 0.02830253 0.01642414 0.03078451 3.206037e-05 0.004039159 0.0035074889 8.666985e-06 0.004344471 5.050851e-07 0.008218213 0.007198005 0.003470284 0.0028016737 0.00814351 0.0027837853 0.0075571435 0.0063369186 0.00146256 0.00010638611 0.00011782968 0.000485327 0.0004257707 0.00042230065 0.00019754824 0.00520151 0.00058259733 0.0026882286 0.0014440573 0.0030830484 0.002760121 0.0009265795 5.9662914e-05 0.00061958167 0.0014045538 0.00078588485 0.0013698536 0.003830022 0.0016395156 0.00090128096 7.8449506e-07 0.0010588387 8.7760796e-05 0.0018624543 0.0011304946 0.0060634003 0.0005111108 0.0007933198 0.006624375 1.8936508e-06 0.0006162437 0.00081048906 2.7907337e-05 0.0004291459 0.004099288
0.012105171 0.49256486 0.7321274 1.570142e-19 0.29919502 0.74614525 0.10069575 0.04043071 0.7095883 0.2070137 0.6451214 0.0117843 0.0007228048 0.39738014 0.03047854 0.07308993 0.0013033934 0.0037952657 0.12391664 0.18645354 0.005548235 0.1548412 0.00040975306 0.00478489 0.16210374 0.01621448 0.22846122 0.16047542 0.13310419 0.00033810208 0.018623231 0.00044849335 0.0009914379 0.0012055546 0.030696502 0.0050926213 3.500932e-05 0.008019627 0.006805725 0.008606098 0.12010175 0.10454796 0.0018092572 0.000621821 0.0037022927 0.029267637 0.0066526174 0.06690391 0.024722558 0.10514252 2.6688886e-05 0.007916055 0.0044965036 0.00016547336 0.0061079203 4.3239354e-05 0.015204536 0.01394368 0.006085559 0.0005713474 0.012918961 0.0038272326 0.014694135 0.012094549 0.002272338 0.0014618174 0.0003671996 0.0005815693 0.00017198453 0.0005064888 5.4785072e-05 0.015150437 0.0007796639 0.006366867 0.0012671696 0.0053522596 0.006263882 0.0028667476 7.195671e-05 0.0009030034 0.002819857 0.0019038668 0.0007967955 0.013030113 0.0013783978 0.0019940445 1.940783e-06 0.0032644852 0.0006209259 0.005267745 0.0009204759 0.0116512645 0.003260585 0.0016036608 0.0063901343 5.4016546e-06 0.0016631988 0.00053634006 0.0002945429 0.00049141794 0.008762503
0.18789738 0.557177 0.34948584 0.29919502 1.0396792e-18 0.64957047 0.040101215 0.6467952 0.23991299 0.7758859 0.10814057 0.038839202 0.057368957 0.03813099 0.5422862 0.6011283 0.056422062 0.18790263 0.008160571 0.33490956 0.15715945 0.018011693 0.01904168 0.00088736374 0.16915122 0.17294693 0.45410615 0.17166393 0.07116801 0.012805321 0.0014352307 0.026894517 0.0016449094 0.016837414 0.0020621696 0.12530011 0.0018849064 0.00074755517 0.0008493629 0.00045672283 0.080433965 0.19420409 8.5358755e-05 0.0008746799 0.00027204936 0.24551998 0.0011580968 0.025907353 0.0059483866 0.07110229 0.0004347287 0.00025601021 0.091026366 0.023932487 0.00069548097 0.0016545553 0.08160349 0.001426235 0.0009716297 5.7181154e-05 0.016508972 0.09241263 0.029976275 0.00909038 0.035447117 8.9951845e-06 0.014795188 0.022916857 2.6782742e-05 0.020781102 8.027072e-06 0.011503976 0.01357196 0.0045815785 0.00012685807 0.036285285 0.036004692 0.0011005456 1.568607e-05 0.00028746063 0.00090359995 0.00023952038 9.923711e-05 0.00930782 0.00026586014 0.04637676 4.1431947e-05 0.000841986 2.5942783e-05 0.03439029 0.0003019951 0.00858942 0.029071165 0.025121512 0.033017583 2.2523966e-05 0.0010614315 0.00017055486 3.3191661e-06 7.256296e-06 0.015231718
0.056017146 0.37312853 0.41650602 0.74614525 0.64957047 1.0193678e-18 0.07528525 0.18804221 0.7055378 0.6161033 0.37624416 0.007931988 0.0051585985 0.07971877 0.17335024 0.3198505 0.004881227 0.01865807 0.014096753 0.5727064 0.019005628 0.048493456 0.0021447628 0.0033521608 0.34924096 0.047249123 0.43103868 0.2963401 0.16841152 0.0015335692 0.002289111 0.0037263283 0.0011272993 0.0035463779 0.0022807326 0.02264956 0.00018378715 0.0008412299 0.0017891503 0.0005970546 0.20601942 0.25751284 0.00013554524 0.00075809384 0.0002331135 0.16170506 0.0024972453 0.07177929 0.015295119 0.18244883 3.656632e-05 0.0007157512 0.03010677 0.0017219912 0.0016344364 0.00011185207 0.09385815 0.0061111776 0.0029312256 9.673834e-05 0.050620064 0.042361718 0.06791764 0.02784039 0.010080512 8.494249e-05 0.0026949681 0.0031886671 2.9507299e-05 0.0036157705 1.0570593e-05 0.032952514 0.0039643734 0.012050528 0.00017659826 0.039837945 0.03861991 0.0054260325 4.3927732e-05 8.1948456e-05 0.003331401 0.0009408309 0.00033520197 0.022886364 0.0005776001 0.026348969 4.829598e-06 0.0034851555 1.7752063e-05 0.019638875 0.0006064979 0.0167307 0.0127790505 0.0038764777 0.023565497 2.9759933e-06 0.0015626856 0.00025451358 2.2288768e-05 3.373688e-05 0.0207101
0.0030534393 0.3728715 0.46130577 0.10069575 0.040101215 0.07528525 2.4406438e-22 0.066144355 0.016558649 0.00914002 0.01448581 0.4193045 0.0027824012 0.014505529 0.001752574 0.0030792137 0.00010411818 0.00080457993 0.0004968116 0.0074273334 0.00040909395 0.00020171655 0.00025799277 0.34912416 0.0027126996 0.0008180483 0.0037549543 0.0012665691 0.00052357814 1.00127045e-05 2.0342268e-05 7.3161864e-06 0.13282956 3.7204782e-06 0.00027176074 0.00018124122 4.228459e-05 3.4337827e-06 1.8606072e-06 2.8844304e-05 0.0002638926 0.0024186478 0.0006691935 0.01375592 7.9454134e-07 0.0014080004 4.5116357e-07 4.8713657e-05 6.79959e-06 0.00031676446 4.5957036e-05 2.1406603e-07 0.00074382423 1.1163914e-06 6.543428e-07 1.0063623e-07 0.0015444839 9.714888e-06 2.1873855e-06 1.09452124e-07 0.0030031614 0.0015109911 0.0062346314 0.00068570196 0.000319866 4.0271637e-08 3.555709e-06 4.8265287e-05 3.4615723e-06 8.0069214e-05 6.093276e-08 0.0025488741 2.3905699e-05 0.0005070073 2.045134e-08 0.003120668 0.001858605 0.00016851768 1.2115568e-07 0.0019540165 6.324453e-05 2.0913824e-06 6.561878e-08 0.0021701439 1.3681913e-06 0.002324339 4.7871188e-05 0.00010887429 3.2485325e-08 0.0012607839 3.9087536e-07 0.0033454015 0.0018954453 9.1336275e-05 0.008827325 0.00010951546 3.176098e-07 7.183346e-08 7.0456943e-09 9.96495e-08 0.0072849537
0.044187948 0.69613874 0.2504329 0.04043071 0.6467952 0.18804221 0.066144355 7.53034e-22 0.032106917 0.31988007 0.016817572 0.18651111 0.7183449 0.021902885 0.31836855 0.245722 0.4385291 0.60113764 0.0019160142 0.03957004 0.21646911 0.0019585078 0.3421935 3.136037e-05 0.027085625 0.13073856 0.061053034 0.030317241 0.0035299116 0.23328175 0.00031963 0.12106184 0.0004448479 0.14301246 0.0003454846 0.09326284 0.05848726 2.9907756e-05 7.0388436e-05 1.3442788e-05 0.0018123968 0.014225904 1.7760956e-05 6.166158e-05 1.4900233e-05 0.014602382 1.35255e-05 0.0014477625 0.00024775596 0.0026039109 0.017448843 1.2174025e-05 0.03716991 0.10672351 3.123936e-05 0.03171732 0.0031649661 0.00039150738 0.00017887073 1.2558247e-06 0.0006345297 0.0053730635 0.0007506214 0.00042101144 0.010041594 1.3300963e-06 0.008268865 0.009553033 1.5870215e-07 0.010469161 6.4603154e-07 0.00040490902 0.005092942 0.00041604837 4.4621748e-07 0.0017968715 0.0015568604 0.000106853826 2.84979e-07 8.558507e-06 0.00021667195 0.00012558285 5.0309552e-08 0.00030108957 2.5205014e-05 0.0033256775 0.0012809541 0.000115125076 1.0858934e-06 0.003164441 3.7242142e-05 3.0034893e-05 0.0014183081 0.01119762 0.0016614208 0.0009453012 1.7958142e-06 6.8715117e-06 2.6734944e-07 2.9987262e-07 0.00012887178
0.04964537 0.21297513 0.3820457 0.7095883 0.23991299 0.7055378 0.016558649 0.032106917 4.6896504e-20 0.2591251 0.7111239 0.002764702 0.00023366192 0.16514315 0.038153697 0.09867754 0.0009674826 0.0017894437 0.08056188 0.4473458 0.0054720226 0.43309692 0.00029462128 0.0014106536 0.39093336 0.014626556 0.31306994 0.3795533 0.48148605 0.00030294876 0.03899449 0.0005596707 0.00028692902 0.0010428266 0.014572166 0.0049298927 4.7858408e-05 0.0065966863 0.015400401 0.0068266885 0.32310298 0.18826716 0.00055109727 0.00020209204 0.003402116 0.033087686 0.023715809 0.22985071 0.065043524 0.23287861 3.1283274e-05 0.0099223545 0.014842716 0.00018092053 0.013796532 1.3943633e-05 0.035405714 0.03242855 0.014916219 0.0009533448 0.043891873 0.009873551 0.03570412 0.052589722 0.0044222027 0.0018508144 0.0011269553 0.0021212287 7.285818e-05 0.0017843561 1.9766068e-05 0.042053167 0.0025429304 0.028177701 0.00081376213 0.011441724 0.0133291315 0.013524979 6.092739e-05 5.9441478e-05 0.010690333 0.0032112238 0.00044297392 0.02525136 0.003409526 0.006007128 3.9071974e-06 0.007865612 0.00013114237 0.009226103 0.0025795675 0.01971284 0.003494594 0.0006696452 0.007721106 8.8329625e-06 0.0028591235 0.00092304416 0.00012458963 0.00017946039 0.009782412
0.34687996 0.23339967 0.14395738 0.2070137 0.7758859 0.6161033 0.00914002 0.31988007 0.2591251 2.627054e-21 0.09651868 0.0060976134 0.007951476 0.01697657 0.5735243 0.7500049 0.0096203685 0.04205401 0.0046091485 0.36709756 0.07262697 0.020390643 0.002501228 0.00029107972 0.20477611 0.15261756 0.5320684 0.22198835 0.07806269 0.0024055107 0.0009957821 0.007184166 0.0007040455 0.003920329 0.00056535547 0.049110163 0.00017387462 0.00016168536 0.00034294938 0.00011979747 0.09350969 0.2669718 5.630506e-05 0.00070414454 3.7526006e-05 0.35840976 0.0006328046 0.033020817 0.0051475586 0.15697645 3.9767343e-05 0.000106787316 0.097100444 0.006441758 0.00039153761 0.0001498806 0.18938453 0.0018277799 0.0009416621 3.3876808e-05 0.047525812 0.16570866 0.08348651 0.02340329 0.043689203 7.345416e-06 0.012901098 0.023973903 1.3677315e-05 0.01962145 2.530708e-06 0.026734086 0.0145046795 0.014346307 5.883514e-05 0.09289417 0.088791 0.0049272235 8.254453e-06 2.461358e-05 0.003980972 0.00050102646 1.38519545e-05 0.022438461 0.0005813367 0.09696643 1.8633444e-05 0.0030986322 3.9100273e-06 0.055090394 0.00027935125 0.015534249 0.05522472 0.02313078 0.059132505 6.336265e-06 0.00057016517 2.5727742e-05 8.8128394e-07 2.5944528e-06 0.019085407
0.02186279 0.2761485 0.4992452 0.6451214 0.10814057 0.37624416 0.01448581 0.016817572 0.7111239 0.09651868 1.4947348e-19 0.0022582149 0.0001984079 0.37834603 0.013016047 0.0320763 0.0009615277 0.0009932233 0.44011196 0.21636482 0.0019889849 0.7205532 0.00040800963 0.000836387 0.25879875 0.0036928828 0.1104754 0.25405666 0.6041661 6.180452e-05 0.43807483 0.00024006877 0.00026392256 0.00030916792 0.046693645 0.0008698596 1.7715654e-05 0.079167075 0.12866539 0.030299785 0.33601698 0.0817932 0.0052330405 0.00014020017 0.028814483 0.012582261 0.09815751 0.24593484 0.15685351 0.16451533 4.098011e-05 0.046185452 0.003329962 8.476378e-06 0.03776126 1.4816874e-06 0.012109415 0.113679394 0.03460989 0.0045487606 0.01966782 0.0024060546 0.015383116 0.044417575 0.0010931924 0.01166079 0.0003351457 0.00084871764 0.0004165925 0.00054788 0.00014823166 0.028077558 0.0006951324 0.0294012 0.0037213583 0.0039313063 0.004965044 0.024330255 0.0001599558 0.00018189073 0.013839022 0.008307152 0.0022525173 0.021588488 0.0057198037 0.002165756 7.916687e-07 0.013958374 0.0020522962 0.0035360996 0.004597846 0.020720707 0.0016796199 0.0006473764 0.00574716 1.3292912e-06 0.009410539 0.002652282 0.00039470656 0.00068526913 0.016560953
0.0012232197 0.68441117 0.08939941 0.0117843 0.038839202 0.007931988 0.4193045 0.18651111 0.002764702 0.0060976134 0.0022582149 6.243432e-18 0.08227445 0.0036698321 0.0029095092 0.004263178 0.0051626465 0.010213023 0.0007396098 0.0012864177 0.0021850537 0.000982415 0.03198857 0.0835572 0.0009885498 0.0022536775 0.0027871684 0.0012484452 0.0003643215 0.0005465255 6.977843e-05 9.483224e-05 0.106995046 9.5476455e-05 0.0012336486 0.0020644038 0.006811341 8.469993e-06 1.7270648e-05 5.1399107e-05 0.0001059957 0.0011668061 0.00016460424 0.011127786 5.909352e-07 0.0024909219 2.0500415e-06 6.5175824e-05 8.328903e-06 5.1500672e-05 0.010738629 1.5101087e-06 0.00201539 1.7653385e-05 2.0280659e-06 9.689332e-06 0.00105077 8.270879e-07 1.3682827e-06 1.136105e-07 0.00031744855 0.0021642384 0.0005539532 2.3064793e-05 0.0026515143 2.7049891e-08 7.1850554e-05 0.0009659205 0.00022184738 0.0019210033 1.4214375e-05 5.0851864e-05 0.0009999174 2.9944602e-05 1.992208e-07 0.0022574216 0.0017356938 1.4407119e-05 0.00010485358 0.00148532 6.8218164e-06 1.4865138e-06 4.3731066e-07 4.3640037e-05 5.1284997e-06 0.0080878 4.9326998e-05 1.9967206e-06 2.3264876e-07 0.00870084 1.6847075e-06 1.2772695e-05 0.008083685 0.006433206 0.0068133683 3.687804e-05 2.4420194e-07 1.5502508e-07 1.4947605e-06 6.0780767e-06 0.0002836289
0.0042898348 0.21749899 0.01431475 0.0007228048 0.057368957 0.0051585985 0.0027824012 0.7183449 0.00023366192 0.007951476 0.0001984079 0.08227445 9.0128824e-21 0.0007511964 0.018319666 0.01152063 0.4556232 0.30823162 4.085816e-05 0.0003525287 0.05853937 1.3322412e-05 0.6822858 6.179187e-06 0.0003402374 0.021290215 0.0015066923 0.00032557777 7.2035604e-05 0.27200136 7.956602e-06 0.049830135 2.9975286e-05 0.091648825 6.8064733e-06 0.021079376 0.058673214 6.2371264e-06 6.850685e-06 1.1930664e-06 0.00012278305 0.0009308747 3.0824435e-06 4.6719883e-06 3.7621444e-06 0.0004009844 1.2343958e-06 4.0797153e-05 5.7914885e-06 3.6891724e-05 0.011824596 4.3342216e-06 0.003060214 0.036644276 4.7416756e-06 0.025102086 4.554338e-05 1.9531388e-05 1.6573831e-05 1.14139695e-07 2.7437256e-05 8.892308e-05 4.0159746e-05 2.0023777e-05 0.0009303076 2.1690565e-07 0.001024865 0.00044600584 8.027427e-09 0.00071580266 1.0820786e-08 7.3091846e-06 0.00026143377 1.2568583e-05 1.00150245e-07 7.062493e-05 5.0763872e-05 8.475472e-06 1.6733146e-08 1.0611945e-05 1.3612538e-05 4.140507e-06 9.008732e-08 7.0460737e-06 1.3518647e-06 0.000120134064 0.0005744686 3.2913672e-06 1.813542e-07 0.00021828302 1.1561733e-06 1.8350692e-06 0.000175726 0.0013313231 7.07547e-05 0.0009429314 1.4498494e-06 4.3001623e-07 2.7232434e-07 5.6214486e-07 6.5467834e-06
0.006255835 0.18231565 0.66053015 0.39738014 0.03813099 0.07971877 0.014505529 0.021902885 0.16514315 0.01697657 0.37834603 0.0036698321 0.0007511964 9.321828e-19 0.010556868 0.014253281 0.00086009776 0.0012403196 0.63628507 0.029433722 0.004316015 0.15175328 0.00024836586 0.0008983351 0.047744818 0.014043054 0.021191062 0.044580836 0.16350968 9.413047e-06 0.09815557 4.190942e-05 0.00014016246 4.7316134e-05 0.6456969 0.001002919 2.4771096e-05 0.07106993 0.036233198 0.28064084 0.07161008 0.0123853 0.21690792 0.00015182229 0.040822793 0.0023321437 0.0338002 0.047730807 0.047640003 0.020894194 3.7576442e-06 0.031624496 0.0035855218 8.0490366e-07 0.02160806 3.3123374e-07 0.0021616607 0.03183035 0.015461148 0.008439943 0.0055144113 0.00024460882 0.0038800915 0.009397701 0.001491747 0.008416075 2.4040519e-05 0.0007148725 0.005531369 0.00046259502 0.0018994407 0.007030811 0.0010122065 0.009045065 0.006793546 0.001081989 0.001032772 0.0049028466 0.00063981774 0.00021439632 0.005479477 0.00665793 0.005197501 0.0027787313 0.0036199675 0.00034922783 9.3959386e-07 0.0062977993 0.0059525236 0.0004071291 0.0032024556 0.0028290346 0.00020169886 0.00025954723 0.00030884024 8.88284e-07 0.004101669 0.001520787 0.0010195714 0.0015473958 0.0019628946
0.44712424 0.1666296 0.041891094 0.03047854 0.5422862 0.17335024 0.001752574 0.31836855 0.038153697 0.5735243 0.013016047 0.0029095092 0.018319666 0.010556868 8.9109085e-20 0.68676746 0.051070288 0.2347655 0.0020895463 0.10618326 0.50945795 0.0026784542 0.0063413247 2.3200622e-05 0.041715957 0.56616175 0.28478274 0.044921648 0.007430018 0.017444475 0.0001604343 0.07248125 0.00014630015 0.066913866 0.000490114 0.41530335 0.0006978821 6.5312706e-05 6.924254e-05 0.00012880187 0.0059878468 0.08603548 1.3298256e-05 1.9904364e-05 1.2693666e-05 0.29221576 3.343293e-05 0.0020072628 0.0003969776 0.019391963 8.021726e-05 5.5357455e-06 0.2949274 0.055593092 2.3134959e-05 0.0028257729 0.081049666 8.823781e-05 5.868826e-05 1.3547977e-05 0.011580134 0.17210065 0.018745942 0.005521468 0.1494923 8.1634886e-07 0.06174663 0.12213393 1.9957508e-05 0.106384814 7.807011e-06 0.007705934 0.078867115 0.0019527645 1.0145824e-05 0.07070329 0.06928939 0.0004696265 8.642982e-06 3.7848667e-06 0.00044305949 8.337124e-05 1.8725356e-06 0.005682668 2.8289589e-05 0.14817555 0.0002668111 0.00039629222 1.7821416e-06 0.11578351 1.4823696e-05 0.005069713 0.13171263 0.103237994 0.07849138 4.454832e-05 3.4442368e-05 2.3784528e-06 3.5362456e-07 6.7704167e-07 0.008553563
0.66650647 0.12941855 0.047992695 0.07308993 0.6011283 0.3198505 0.0030792137 0.245722 0.09867754 0.7500049 0.0320763 0.004263178 0.01152063 0.014253281 0.68676746 4.9331565e-20 0.024912901 0.09232462 0.0036111558 0.23654792 0.28120583 0.007836157 0.0032357061 0.0001274254 0.06956926 0.3157928 0.48952377 0.09529614 0.03593744 0.006087614 0.00039958704 0.025727786 0.00034874905 0.016862355 0.0005580028 0.2984284 0.00033576877 0.00016235797 8.7058324e-05 0.00020891058 0.03809092 0.25508335 4.0902727e-05 0.00043422854 2.3250637e-05 0.4765107 8.057371e-05 0.008454 0.0013233831 0.10898993 4.257496e-05 2.4126784e-05 0.1935813 0.016741913 6.661658e-05 0.00025836038 0.25087142 0.00030723718 0.00012878404 5.4845503e-05 0.034773942 0.3001788 0.09763107 0.018737853 0.11058295 1.7118906e-06 0.023099856 0.07988606 4.913085e-05 0.057222895 9.554272e-06 0.02488776 0.045966733 0.010174452 6.214253e-05 0.18466364 0.1725749 0.0026061416 2.356798e-05 2.4550169e-05 0.0019664285 0.00020854888 3.0809962e-05 0.02479667 0.00012327218 0.23888259 5.4270673e-05 0.0013257983 2.230662e-06 0.16856958 2.7855755e-05 0.017511431 0.18807258 0.060878675 0.24356455 1.1057167e-05 7.723178e-05 4.1278504e-06 3.9764823e-06 8.169241e-06 0.038819607
0.00938488 0.06393294 0.0045196917 0.0013033934 0.056422062 0.004881227 0.00010411818 0.4385291 0.0009674826 0.0096203685 0.0009615277 0.0051626465 0.4556232 0.00086009776 0.051070288 0.024912901 8.049318e-21 0.744431 0.0001581538 0.0013465629 0.23944384 0.0003298224 0.46970144 2.3263476e-07 0.0012241885 0.08137046 0.0047013494 0.0016373337 0.00037716952 0.73205847 9.954611e-05 0.27589333 5.492613e-06 0.3824784 1.7321978e-05 0.12411495 0.020590078 1.1864011e-05 4.3880707e-05 5.314326e-06 0.0005016303 0.0018639071 5.2640786e-07 1.4148712e-07 6.7758847e-06 0.0015497832 9.793706e-06 0.00013569486 4.592155e-05 0.00047189865 0.0038207069 1.0626325e-05 0.010413225 0.18220967 2.4699668e-05 0.083591186 0.00040069965 0.00011579964 0.00010803702 8.0363276e-07 0.00053656974 0.000474522 0.00031607313 0.0003774493 0.0040829186 7.3164694e-07 0.0029115065 0.0027943426 3.134899e-08 0.0034897735 3.12175e-07 0.00012778367 0.0022743219 0.00024401446 1.494394e-06 0.0003259988 0.00035398192 0.00010898908 1.0921314e-07 3.4743695e-07 0.00020124736 1.13411315e-05 1.255584e-06 7.560866e-05 6.843019e-06 0.0004802186 0.0018235525 3.237663e-05 4.520663e-07 0.0012423167 1.8086187e-06 1.7198918e-05 0.0009827882 0.0057343375 0.00034733742 0.0024421061 2.7494395e-06 3.6396432e-07 2.17687e-06 3.73338e-06 2.1316318e-05
0.23025227 0.17594671 0.009387735 0.0037952657 0.18790263 0.01865807 0.00080457993 0.60113764 0.0017894437 0.04205401 0.0009932233 0.010213023 0.30823162 0.0012403196 0.2347655 0.09232462 0.744431 7.0034294e-22 0.00011986364 0.0034075433 0.6137413 0.00032710654 0.2755613 5.456144e-07 0.0014594326 0.30324814 0.011561552 0.0023367875 0.00019582314 0.6570603 9.4900824e-05 0.638295 6.433242e-06 0.6703648 4.818664e-05 0.4467481 0.010298166 8.927576e-06 1.6861308e-05 1.4871441e-05 0.00015617565 0.002115126 1.7543365e-06 1.05381616e-07 2.0208356e-06 0.0080117155 6.426963e-06 6.9957336e-05 2.1240807e-05 0.00025634517 0.0028603042 7.320353e-06 0.040226 0.3245208 6.5378545e-06 0.07015691 0.00081688317 1.2950509e-05 1.24851595e-05 2.518608e-07 0.0001240652 0.0031557137 0.00024589896 2.8577098e-05 0.017098662 9.498453e-08 0.019363923 0.023095516 9.120319e-07 0.023690995 8.354498e-07 4.1327843e-05 0.0123602385 1.6271719e-05 1.9758018e-07 0.0013767155 0.0012522455 3.847466e-06 7.3136573e-07 4.385216e-06 9.567739e-06 4.6439027e-07 3.1139624e-07 2.7344602e-05 9.696805e-07 0.005584231 0.0024171248 2.052021e-06 3.1548254e-08 0.0056597255 4.4706894e-07 6.762444e-06 0.004367964 0.043224983 0.00085024146 0.004737159 2.8685824e-07 5.978249e-08 1.277077e-07 5.074828e-07 2.1335232e-05
0.0041079014 0.034673154 0.2410475 0.12391664 0.008160571 0.014096753 0.0004968116 0.0019160142 0.08056188 0.0046091485 0.44011196 0.0007396098 4.085816e-05 0.63628507 0.0020895463 0.0036111558 0.0001581538 0.00011986364 3.0611141e-21 0.01382715 0.0007139244 0.39652744 1.118518e-05 9.658397e-06 0.028786626 0.002417856 0.012601 0.03478686 0.17604202 4.1581034e-06 0.45178106 1.5551374e-05 3.248731e-06 1.2890145e-05 0.5145731 0.00026514687 8.778034e-06 0.46781343 0.15133314 0.45701605 0.07461343 0.009907442 0.016251007 5.949904e-07 0.19674703 0.00056451117 0.07006091 0.0633917 0.08053184 0.023635782 7.3452134e-06 0.06855161 0.00047246946 1.2039075e-06 0.04685548 6.4394015e-07 0.00053172844 0.06762156 0.03997178 0.060471073 0.0039471053 3.3005064e-05 0.0020349943 0.0050746617 0.00015216217 0.042555053 1.6792017e-05 9.121233e-05 0.007659183 7.529702e-05 0.0041276463 0.00578141 0.00010605525 0.005360956 0.023973942 0.0003436959 0.00025595503 0.0034470481 0.0009881926 1.4021548e-05 0.004439026 0.010947918 0.017125733 0.0027937922 0.0068976604 5.0416013e-05 1.2413336e-06 0.00607619 0.011239539 0.0001233305 0.0047423025 0.0035546904 5.078382e-05 0.00015107066 9.505743e-05 8.7364555e-07 0.005037041 0.0014846402 0.0038790887 0.0048034615 0.0009464491
0.4648143 0.14530882 0.13433142 0.18645354 0.33490956 0.5727064 0.0074273334 0.03957004 0.4473458 0.36709756 0.21636482 0.0012864177 0.0003525287 0.029433722 0.10618326 0.23654792 0.0013465629 0.0034075433 0.01382715 1.724818e-20 0.0049127014 0.060752198 0.00038417632 0.00029681818 0.81955326 0.016562242 0.8191815 0.765986 0.20119736 0.00088168716 0.003876513 0.00059155445 0.00031280098 0.0010913787 0.0013916319 0.010177359 3.008985e-05 0.0010972277 0.0021392668 0.00047265828 0.35528952 0.6228313 7.9173595e-05 0.0004639492 0.000513689 0.2826802 0.004864173 0.24228875 0.02499594 0.44763258 1.6844995e-05 0.0014438344 0.04137977 0.00043837697 0.0032874825 4.138223e-05 0.2346768 0.029703874 0.008070383 0.00018748638 0.1430443 0.06381837 0.16032568 0.11806771 0.020512808 0.00024399377 0.0049924217 0.0051035318 3.055784e-05 0.006431718 1.11827585e-05 0.13351332 0.0063466555 0.054620918 0.00014472635 0.09323934 0.090434596 0.017047437 2.4401155e-05 2.450014e-05 0.011999668 0.0030540274 0.00013381247 0.15750965 0.0030167978 0.054615304 2.3609134e-06 0.015147194 6.342903e-06 0.036648043 0.0020892753 0.07436152 0.026642649 0.0040090047 0.04466636 3.5623511e-06 0.0010688269 0.00010914468 1.7422577e-05 2.238313e-05 0.07794663
0.5230668 0.08702444 0.010121225 0.005548235 0.15715945 0.019005628 0.00040909395 0.21646911 0.0054720226 0.07262697 0.0019889849 0.0021850537 0.05853937 0.004316015 0.50945795 0.28120583 0.23944384 0.6137413 0.0007139244 0.0049127014 6.52944e-20 0.00030405674 0.026575705 8.104847e-06 0.0032848546 0.8690718 0.018799422 0.0032476096 0.00035883265 0.112830855 0.0001051607 0.50197965 1.9880326e-05 0.30011904 5.4525502e-05 0.79894465 0.0019049293 5.058366e-05 2.8747227e-05 1.6302643e-05 0.00016747869 0.0060348012 3.3296726e-06 4.7368098e-07 1.4113956e-05 0.039255444 3.820216e-06 5.7706573e-05 1.6338894e-05 0.0009611908 0.00044338114 4.2093175e-06 0.10995753 0.09040909 8.050254e-06 0.013535917 0.0057503693 1.9391024e-05 1.6523154e-05 2.3146401e-06 0.0012809859 0.021556161 0.0021902227 0.00027560792 0.036554363 3.254612e-07 0.039567582 0.04218234 5.7731586e-06 0.049539972 6.885425e-06 0.0006159082 0.02465761 9.4364026e-05 6.189394e-07 0.008467249 0.010724409 1.0642999e-05 7.773948e-06 2.0197874e-06 1.2424381e-05 2.3984928e-06 9.1624185e-07 0.00039909707 3.804561e-06 0.02441306 0.0015555898 1.652733e-05 2.4594056e-07 0.03367007 2.5592353e-06 0.00022088304 0.031788163 0.086641714 0.013063159 0.001852264 1.9755078e-07 1.995333e-08 2.3406993e-07 7.6641794e-07 0.00014572422
0.113036945 0.03699499 0.11879541 0.1548412 0.018011693 0.048493456 0.00020171655 0.0019585078 0.43309692 0.020390643 0.7205532 0.000982415 1.3322412e-05 0.15175328 0.0026784542 0.007836157 0.0003298224 0.00032710654 0.39652744 0.060752198 0.00030405674 7.3046245e-20 3.4067307e-05 1.990273e-05 0.15773527 0.00079457473 0.026803039 0.19843963 0.74854666 2.5200112e-05 0.7881786 6.423394e-05 2.9905188e-05 5.6582925e-05 0.027740661 0.00017583011 1.5389276e-05 0.31740502 0.57398766 0.025616767 0.3903811 0.03501128 0.0014833941 1.780774e-06 0.29735774 0.0061708144 0.35698724 0.30571428 0.40331507 0.13703282 1.2833403e-05 0.24490863 0.002141891 3.4695474e-06 0.15843408 1.6136232e-06 0.008401415 0.22541328 0.11529402 0.0047198916 0.015030715 0.0011297504 0.009177701 0.050933063 0.0006772429 0.077160984 0.00013716484 0.00036078892 0.00031008743 0.0002691993 0.00012471147 0.02894236 0.00026952478 0.053277183 0.0033332568 0.0039520618 0.0048786444 0.063897446 9.048982e-05 7.3205206e-06 0.047391612 0.045677975 0.0010769904 0.021989606 0.02525389 0.0015391362 3.466446e-07 0.04478418 0.0035316139 0.002323703 0.014956647 0.022103671 0.0007372524 0.00016898551 0.0009031653 4.0451684e-07 0.02199484 0.0039631166 0.0012585357 0.00096503424 0.007907999
0.0023748875 0.08006678 0.0058443733 0.00040975306 0.01904168 0.0021447628 0.00025799277 0.3421935 0.00029462128 0.002501228 0.00040800963 0.03198857 0.6822858 0.00024836586 0.0063413247 0.0032357061 0.46970144 0.2755613 1.118518e-05 0.00038417632 0.026575705 3.4067307e-05 3.1387583e-19 2.6527914e-06 0.00024590507 0.00751692 0.0007397315 0.00029601424 7.929578e-05 0.53663325 1.475823e-05 0.045673613 4.0287756e-05 0.10078255 2.4107708e-06 0.010756869 0.19666713 9.139583e-06 8.402877e-06 7.431445e-07 5.4202297e-05 0.00027244582 1.031512e-06 2.5086035e-06 3.1721552e-06 3.2266063e-05 8.9058017e-07 1.5896028e-05 2.6716707e-06 1.7258859e-05 0.041338865 4.6635396e-06 0.00086182816 0.071752 3.6943602e-06 0.1030824 2.6134812e-05 8.811928e-06 8.0381105e-06 4.2811757e-07 1.6272215e-05 1.8129454e-05 3.4001358e-05 6.7491005e-06 0.00026697046 1.7437303e-07 0.0003469607 0.000114197464 1.17977365e-07 0.00020334208 7.70133e-08 7.8149205e-06 9.5172996e-05 6.2282575e-06 1.987251e-06 3.500955e-05 3.7755133e-05 1.0763835e-05 3.0110462e-07 3.5407204e-05 1.149349e-05 3.0525055e-06 5.94903e-07 8.255201e-06 5.2174823e-07 4.932648e-05 0.004228266 5.7521484e-06 2.2556598e-07 0.0001245762 5.124825e-07 2.7503181e-06 0.00017117015 0.0016983413 0.00017306763 0.011705089 1.0891291e-06 3.992059e-07 5.87326e-07 2.0863185e-06 1.8681896e-05
1.9655763e-05 0.014974229 0.032011505 0.00478489 0.00088736374 0.0033521608 0.34912416 3.136037e-05 0.0014106536 0.00029107972 0.000836387 0.0835572 6.179187e-06 0.0008983351 2.3200622e-05 0.0001274254 2.3263476e-07 5.456144e-07 9.658397e-06 0.00029681818 8.104847e-06 1.990273e-05 2.6527914e-06 7.5982095e-29 0.00042235243 4.4571647e-05 0.0002579539 0.0004498187 2.5642645e-05 5.9314086e-08 3.1779866e-06 2.075096e-07 0.15663879 9.44759e-08 5.032009e-05 4.2814922e-06 3.516714e-06 1.0406725e-06 7.484325e-07 2.0361103e-06 0.00025301118 0.0012495483 0.00014354942 0.019981744 1.4006898e-07 0.00012786705 4.4940595e-07 0.00017983971 6.0761054e-06 0.0005750646 3.5612509e-06 1.174731e-06 2.075766e-06 9.3066956e-07 2.1674527e-06 1.7139644e-07 0.0017133642 2.0749498e-05 1.8120909e-06 5.9243277e-09 0.0039076526 2.2640928e-05 0.0031981785 0.0016670107 1.1814174e-05 1.5724074e-08 3.9535124e-07 5.112521e-06 7.408473e-06 1.7237152e-06 1.1000108e-07 0.0013812268 4.2574125e-06 0.0006765151 4.8993427e-09 0.0006800067 0.00061458716 0.00014637523 8.1048745e-07 0.0013585661 3.683807e-05 8.7206894e-07 3.818189e-09 0.0019142559 2.5002117e-07 0.0003548812 2.9403162e-07 0.00010917259 1.2528789e-09 0.0001305403 1.4905959e-07 0.0018066589 2.610654e-05 4.114735e-06 0.00029427107 1.8442115e-06 4.0025998e-07 1.5423451e-07 2.8843254e-09 2.926385e-09 0.0010849229
0.47335562 0.08548558 0.12608762 0.16210374 0.16915122 0.34924096 0.0027126996 0.027085625 0.39093336 0.20477611 0.25879875 0.0009885498 0.0003402374 0.047744818 0.041715957 0.06956926 0.0012241885 0.0014594326 0.028786626 0.81955326 0.0032848546 0.15773527 0.00024590507 0.00042235243 1.9511819e-20 0.008325295 0.51690876 0.8644982 0.37857553 0.0005720243 0.019411761 0.00014669079 0.00028820947 0.00053462747 0.003730026 0.004903099 5.2468724e-05 0.004177371 0.010070658 0.0016300477 0.46827677 0.44569224 0.00021898779 0.00088272535 0.0025691257 0.1399598 0.027350558 0.39783138 0.12035159 0.5194263 2.7845741e-05 0.0105295945 0.022955487 0.00013559384 0.021444077 2.4308783e-05 0.2004659 0.09571892 0.026693018 0.0005315122 0.16452134 0.03310719 0.14400704 0.18497668 0.008576835 0.0018615533 0.0032132135 0.0025397239 5.3630472e-05 0.0024817314 2.1548365e-05 0.19220108 0.003700383 0.107970394 0.00031464908 0.056124236 0.054158513 0.05671513 2.0565161e-05 9.212211e-05 0.032380193 0.0065018265 0.00030271543 0.22601058 0.006724883 0.036032982 2.4553174e-06 0.036444075 8.5160034e-05 0.02713464 0.004643959 0.1351889 0.014965579 0.0010271188 0.031825475 6.387112e-06 0.0043127732 0.00094385055 4.330286e-05 3.909358e-05 0.09402078
0.5154656 0.090301976 0.016494634 0.01621448 0.17294693 0.047249123 0.0008180483 0.13073856 0.014626556 0.15261756 0.0036928828 0.0022536775 0.021290215 0.014043054 0.56616175 0.3157928 0.08137046 0.30324814 0.002417856 0.016562242 0.8690718 0.00079457473 0.00751692 4.4571647e-05 0.008325295 1.06137826e-19 0.11592821 0.009961294 0.0022256367 0.034464046 0.00015801193 0.18145928 3.6876525e-05 0.11433364 0.00045695697 0.85060465 0.000537382 0.000120559635 3.31564e-05 0.00016641182 0.001056427 0.026031163 0.00010545124 1.8458002e-06 4.7168043e-05 0.15662149 1.392949e-05 0.00014689083 5.3125037e-05 0.003578 0.00017675362 3.2114625e-05 0.29580438 0.048971303 2.4411534e-05 0.005453887 0.02678945 5.146468e-05 3.333633e-05 1.4910351e-05 0.0041282782 0.070684515 0.006790107 0.001369544 0.064795755 2.8438105e-06 0.04876614 0.065978855 0.00015393498 0.07044083 8.463844e-05 0.0018942958 0.045831457 0.00066942046 9.8335e-06 0.030677458 0.04617815 0.00011621794 4.8570084e-05 1.7661074e-06 0.00016116285 2.3870136e-05 1.3747947e-05 0.0024484808 2.2637605e-05 0.07361086 0.00065160624 0.00021425284 3.2586327e-06 0.12104153 1.3053376e-05 0.0011391081 0.106608905 0.10043759 0.057939325 0.00051409425 9.334313e-07 1.3824649e-07 2.0563994e-06 2.8199527e-06 0.0018862173
0.66892964 0.14303946 0.0725391 0.22846122 0.45410615 0.43103868 0.0037549543 0.061053034 0.31306994 0.5320684 0.1104754 0.0027871684 0.0015066923 0.021191062 0.28478274 0.48952377 0.0047013494 0.011561552 0.012601 0.8191815 0.018799422 0.026803039 0.0007397315 0.0002579539 0.51690876 0.11592821 4.472696e-19 0.5609629 0.102114454 0.0019678841 0.0034981288 0.0026887401 0.00060174655 0.0035528385 0.0012992688 0.046328627 0.00018235552 0.0010252887 0.0015764264 0.00053119677 0.29228333 0.8255302 5.3872736e-05 0.001170081 0.00029137687 0.5807458 0.0022458965 0.21585897 0.01864832 0.5143564 8.922388e-05 0.00095773983 0.164179 0.0008455378 0.0022271283 7.589598e-05 0.4996872 0.016249334 0.0040600835 0.0002037641 0.26851696 0.24841411 0.31126362 0.10167823 0.07710506 6.176693e-05 0.018965201 0.037633352 6.706374e-05 0.030605549 2.3839151e-05 0.19019943 0.03353097 0.05017549 0.00022336998 0.25960663 0.28749478 0.02104369 3.192527e-05 4.268697e-05 0.01621087 0.0026709626 9.8148805e-05 0.18442485 0.00244957 0.175766 3.077842e-05 0.015432459 5.48313e-06 0.16730644 0.00091961655 0.1623115 0.12202423 0.017710544 0.28290355 2.0728652e-05 0.0006061096 2.482582e-05 1.6001111e-05 2.5466761e-05 0.15583147
0.45320132 0.059771623 0.08866636 0.16047542 0.17166393 0.2963401 0.0012665691 0.030317241 0.3795533 0.22198835 0.25405666 0.0012484452 0.00032557777 0.044580836 0.044921648 0.09529614 0.0016373337 0.0023367875 0.03478686 0.765986 0.0032476096 0.19843963 0.00029601424 0.0004498187 0.8644982 0.009961294 0.5609629 9.63752e-21 0.3803938 0.0008653428 0.024095891 0.00026883706 0.00013718788 0.00069972104 0.004123224 0.0065143476 0.00014625385 0.004996301 0.012813208 0.0012739807 0.52563554 0.5036963 0.00020702681 0.00036009317 0.003328303 0.118740566 0.039371856 0.48581424 0.2021072 0.6025985 6.744864e-05 0.016228978 0.02768376 0.00020876998 0.027261691 1.9148285e-05 0.2239047 0.12794541 0.029226609 0.00079199125 0.20116828 0.027924953 0.17904057 0.2150795 0.009753056 0.0025738874 0.0036394182 0.0034506696 6.4060936e-05 0.0032387779 2.5711235e-05 0.22719647 0.0056896913 0.14185563 0.000577482 0.05342877 0.05520421 0.06539006 2.3851067e-05 4.8873215e-05 0.04615319 0.009311398 0.00025430566 0.23822162 0.0091860555 0.038277723 1.19979895e-05 0.05264349 0.00022320688 0.028777216 0.005746954 0.17419326 0.013707312 0.0007066535 0.030116796 2.7243348e-05 0.0067610033 0.0015899183 5.0763963e-05 3.99758e-05 0.097721204
0.61860603 0.055254113 0.15652485 0.13310419 0.07116801 0.16841152 0.00052357814 0.0035299116 0.48148605 0.07806269 0.6041661 0.0003643215 7.2035604e-05 0.16350968 0.007430018 0.03593744 0.00037716952 0.00019582314 0.17604202 0.20119736 0.00035883265 0.74854666 7.929578e-05 2.5642645e-05 0.37857553 0.0022256367 0.102114454 0.3803938 2.6969488e-18 2.0851281e-05 0.5712836 2.7155802e-05 8.8920795e-05 3.1668787e-05 0.01711535 0.0002842197 3.1651365e-05 0.20400588 0.58495307 0.012655001 0.5764714 0.10331856 0.0007117016 1.4304482e-05 0.2971451 0.008612145 0.5142112 0.40294242 0.48418492 0.21959546 3.0502113e-05 0.33192244 0.0042319326 4.833205e-06 0.21185088 4.6052664e-06 0.017569989 0.366855 0.13348924 0.0052399146 0.031494893 0.0048858006 0.021498334 0.11888597 0.0034206193 0.07071747 0.00057624694 0.0027914231 0.00012271467 0.0013980243 5.662039e-05 0.0822806 0.0013753029 0.12105717 0.00263088 0.008785782 0.00939702 0.19125515 5.037646e-05 4.406136e-05 0.11107691 0.11842931 0.00070108636 0.0812788 0.038885504 0.0041022385 5.8222013e-06 0.13110483 0.0036150669 0.004414069 0.015201679 0.07169522 0.001718991 0.00027412348 0.0038093426 6.3234493e-06 0.050245132 0.009455475 0.00036718222 0.00023388957 0.042046577
0.011993506 0.020280497 0.00078272953 0.00033810208 0.012805321 0.0015335692 1.00127045e-05 0.23328175 0.00030294876 0.0024055107 6.180452e-05 0.0005465255 0.27200136 9.413047e-06 0.017444475 0.006087614 0.73205847 0.6570603 4.1581034e-06 0.00088168716 0.112830855 2.5200112e-05 0.53663325 5.9314086e-08 0.0005720243 0.034464046 0.0019678841 0.0008653428 2.0851281e-05 5.824595e-21 6.533516e-06 0.3359443 9.076302e-07 0.56209564 5.85186e-08 0.049951654 0.030284403 1.3015517e-06 2.9441255e-06 8.741309e-08 2.0346672e-05 0.00047861904 7.445044e-09 2.070027e-08 3.8695498e-07 0.0003684584 2.0754443e-07 6.544473e-06 1.0118436e-06 3.698095e-05 0.0051870905 3.4657654e-07 0.004227967 0.50939894 5.1201545e-07 0.3891624 9.740126e-05 2.1478597e-06 2.358852e-06 6.808904e-07 7.0679904e-05 0.00016955924 5.6469613e-05 2.0306912e-05 0.0019967437 8.017026e-08 0.002354207 0.0012393502 1.0505644e-08 0.0020614183 8.388017e-08 1.684525e-05 0.0012365268 1.0019946e-05 8.700214e-07 0.00022284167 0.00025834364 7.1704644e-06 4.8137284e-08 2.3316473e-07 3.4965158e-06 5.9812857e-07 3.64887e-07 6.1063647e-06 5.6399267e-07 0.00023158744 0.01579889 1.9009791e-06 4.2867622e-08 0.0008960945 2.8843942e-07 1.1123105e-06 0.00054658996 0.00680259 7.952814e-05 0.06422681 2.46849e-07 1.7216962e-08 1.924135e-07 4.8941365e-07 5.951578e-07
0.066077456 0.0076560136 0.02437194 0.018623231 0.0014352307 0.002289111 2.0342268e-05 0.00031963 0.03899449 0.0009957821 0.43807483 6.977843e-05 7.956602e-06 0.09815557 0.0001604343 0.00039958704 9.954611e-05 9.4900824e-05 0.45178106 0.003876513 0.0001051607 0.7881786 1.475823e-05 3.1779866e-06 0.019411761 0.00015801193 0.0034981288 0.024095891 0.5712836 6.533516e-06 2.1903185e-21 2.1637097e-05 3.4743648e-06 7.253978e-06 0.03641232 6.5076136e-05 4.119007e-06 0.6492169 0.73471266 0.051716913 0.20287162 0.008124524 0.00056031585 1.0863517e-07 0.64064837 0.00091548625 0.35344264 0.15212207 0.24397808 0.03580266 3.6465447e-06 0.36923277 0.0005735442 9.335399e-07 0.17294046 6.4890395e-07 0.0033481717 0.1867244 0.13106589 0.015158957 0.0066977325 0.00026921422 0.004850942 0.01635571 0.00019271992 0.22734435 2.6636275e-05 0.000113459304 0.00070156093 6.332848e-05 0.00043698217 0.011318096 5.109629e-05 0.01715916 0.008265865 0.0020242962 0.0020645072 0.032278046 0.00012804118 1.2745905e-06 0.03076787 0.060416527 0.0030293954 0.0064354 0.039863694 0.00040948825 1.10853684e-07 0.029577715 0.00653011 0.00071288215 0.023579594 0.009055522 0.00040027412 6.1321094e-05 0.00022825481 8.037052e-08 0.017579667 0.005699931 0.0016933092 0.00195929 0.0024033037
