2.2329485e-28 0.9999201 0.99014986 0.99104035 0.43114078 0.9849913 0.9904035 0.68351144 0.895996 0.98184067 0.9948072 0.9745149 0.97466415 0.62257296 0.002135441 0.6701297 0.9688221 0.32694143 0.87007487 0.8360567 0.9987061 0.6087951 0.8725308 0.22433296 0.7159848 0.95706344 0.6838544 0.69832945 0.6883323 0.6439204 0.8777153 0.47363305 0.014763342 0.33094186 0.51469094 0.3113753 0.91191393 0.3058372 0.038182054 0.06230238 0.35001063 0.39063716 0.039450366 0.025428917 0.5283157 0.36859515 0.13956323 0.12889484 0.19338675 0.30595344 0.111251436 0.16380413 0.1397728 0.05656328 0.056391623 0.109390885 0.040173955 0.9718529 0.102620654 0.10128141 0.43349534 0.057100173 0.025492787 0.014038942 0.102883965 0.0934151 0.015712602 0.011909062 0.0369153 0.053833783 0.15979081 0.0064983023 0.0005995741 0.01087948 0.4892973 0.034060523 0.025471482 0.028075932 0.15520741 0.014047836 0.00025271965 0.0044295327 0.94525784 0.01672195 0.011384646 0.0015456406 0.011299563 0.005552419 0.0029233797 0.00043939927 0.0006670163 0.96547234 0.97679794 0.99579924 0.64289176 0.76854986 7.848789e-07 0.768698 0.2611517 1.260553e-07 2.1336226e-07
0.9999201 4.291384e-12 0.13672645 0.55719316 0.01883844 0.6697926 0.6335156 0.018288018 0.21339779 0.33403945 0.1879413 0.19275233 0.2768281 0.11101581 5.1646603e-05 0.0069944994 0.09564633 0.0015500765 0.076094106 0.07654801 0.0074128583 0.040231053 0.008679273 0.002369762 0.011153656 0.009821285 0.0017021224 0.004992864 0.015402538 0.0007392075 0.0018708097 0.0025098682 0.0001513881 0.0023436313 0.007273909 0.002542677 0.04008877 0.0111287935 0.0070070783 0.010488798 0.004598806 0.009217041 0.002652464 0.011931075 0.01152524 0.005982621 0.006726936 0.0016432436 0.0033571965 0.003774144 0.0005926793 5.9047557e-05 0.0033699744 0.0009420375 0.006337927 0.0031493623 0.0016376139 0.38493586 0.0018566448 0.0025728773 0.16799906 0.0044556097 0.0045224014 0.007629584 0.0012995711 0.0012930345 0.016033687 0.009543327 0.00014141125 0.0032169279 0.001202162 0.04904824 0.007243727 0.00037244256 0.094993144 0.008616039 0.024615057 0.030174844 0.00015811247 0.0051881364 0.075794406 0.00020897773 6.237316e-06 0.062078618 0.106989585 0.0134646725 0.056718953 0.04287021 0.13381267 0.26588458 0.21318646 0.12230951 0.14364047 0.033876464 0.098761365 0.11876452 0.049230453 0.07586626 0.0041967696 0.079245694 0.05826953
0.99014986 0.13672645 3.580777e-18 0.7790827 0.8401115 0.0018776983 0.0010588411 0.85356003 0.00053715956 0.0007377957 0.00028303906 0.00031297584 0.027060559 0.00021816962 0.00047145158 0.5624429 1.9128263e-05 0.20824382 0.14049198 0.021062607 1.160644e-06 0.00168489 1.8750497e-06 0.14371054 3.4643843e-05 7.416899e-08 1.5426561e-08 3.5543206e-07 9.6826116e-05 3.4560202e-08 8.141132e-08 1.1008174e-06 5.0591476e-05 4.4886409e-07 4.9717575e-05 1.2542389e-06 0.008282088 0.03312073 0.058555137 0.010240869 8.0346235e-06 0.0018967915 0.013693383 0.0068889265 0.00012842762 4.477416e-06 0.0014001731 1.0281017e-07 5.1744587e-06 0.0003797387 4.557885e-08 1.2287779e-08 7.7462e-07 2.3916243e-08 4.677129e-06 1.3340542e-05 1.0513803e-08 0.10835564 4.797354e-06 1.248635e-05 0.026521593 1.2540535e-06 1.7468539e-06 3.5340895e-06 6.874805e-09 3.024665e-07 0.0030662934 5.5995674e-06 8.600419e-09 4.2097545e-06 4.4416677e-07 2.0732416e-06 1.7548811e-05 3.713967e-09 0.049397547 8.1790347e-07 2.1917142e-06 1.9528107e-07 8.115989e-07 8.638635e-07 1.4258745e-05 1.4109083e-09 4.341297e-09 7.8464535e-07 1.1001457e-06 2.93697e-07 1.1840348e-06 1.1799475e-06 1.4013132e-06 9.083004e-07 0.0012300496 0.023853488 0.015213884 0.0016229372 0.0042832247 0.021273905 1.312673e-05 0.02045999 0.005822397 6.590568e-05 1.1322446e-05
0.99104035 0.55719316 0.7790827 2.9489733e-19 0.25017506 0.050880317 0.023038387 0.6706212 0.031716306 0.013057286 0.0009197946 0.0168343 0.7150707 0.027681662 2.1523329e-05 0.2588589 0.0014096329 0.021260884 0.70254993 0.29512167 6.2989795e-07 0.06908327 0.000100045676 0.18313308 0.0017798089 1.0399943e-07 1.6751486e-07 4.7828453e-06 0.0050047897 1.3165958e-07 1.1745926e-07 0.0001314445 7.390711e-06 0.00011439859 0.0028252474 0.0001012133 0.0037196993 0.24226774 0.008038103 0.11914745 0.00096131547 0.033669163 0.13586575 0.09062683 0.009026049 0.0010111047 0.037302315 4.83238e-06 0.0015967719 0.007977962 4.6480986e-07 9.576452e-09 0.00012261723 4.4422274e-07 0.00023232275 0.0052914624 6.6196e-07 0.15023467 0.000990535 0.0007237246 0.052136667 0.000291203 0.00031570048 0.00046860313 9.831569e-08 1.3295054e-06 0.004828857 0.0010105002 1.2769844e-07 6.272944e-05 2.0704607e-05 0.00024943522 0.0014378994 6.048834e-08 0.061279844 8.714667e-06 4.101661e-06 1.8400742e-06 3.381183e-07 1.5179129e-06 0.0005791393 2.9564744e-08 2.9311946e-09 3.9328393e-06 1.4673267e-05 3.8700003e-07 9.693695e-06 1.0597472e-05 9.98606e-06 5.152708e-06 0.008818478 0.02719149 0.01465845 0.0021177814 0.006140025 0.017886946 0.0009642969 0.010832378 0.0065301033 0.0006964945 0.00031599056
0.43114078 0.01883844 0.8401115 0.25017506 1.070536e-18 0.0012046489 9.42188e-05 0.87989306 0.00062133523 1.1072299e-05 3.5125427e-07 6.887629e-05 0.004609896 0.0002483673 0.3932408 0.6241733 2.8931786e-06 0.89654183 0.03264916 0.0039271936 2.556653e-09 0.0010503692 3.1088052e-07 0.21629004 7.230137e-06 7.523399e-09 1.8139172e-09 1.6661467e-07 1.2294619e-05 4.851962e-09 3.6396117e-09 2.6287694e-07 0.01496859 1.289927e-07 2.5329316e-06 1.6673373e-07 0.03502876 0.005788104 0.30320704 0.0028709103 1.4817567e-06 0.00020372601 0.01014792 0.0024713888 2.3899429e-05 7.2338713e-07 0.00014529155 1.6273827e-07 1.7761623e-06 1.7938295e-05 6.0899272e-09 1.2918633e-09 3.4713973e-06 9.1427435e-09 5.4701304e-06 4.6841683e-06 5.2494045e-09 0.118403934 3.2066314e-06 5.370417e-07 0.06150778 6.605931e-06 4.848722e-06 7.572596e-06 9.829201e-09 3.5823e-07 0.0049604084 1.2060995e-05 1.3164789e-09 1.1895955e-06 1.2373896e-06 7.416482e-06 1.08672575e-05 4.447827e-09 0.077171825 2.551953e-06 2.6599835e-06 2.3019173e-07 5.5574566e-07 1.2843117e-06 1.2937251e-05 7.688054e-10 8.0945967e-10 1.5563147e-06 1.0260501e-06 2.635019e-07 3.1606137e-06 1.5732955e-06 2.249826e-06 9.730294e-07 0.0022324338 0.030977108 0.0067911465 0.00025693697 0.0057045366 0.03693581 0.0001609159 0.08090734 0.006987182 0.00039460795 9.626044e-05
0.9849913 0.6697926 0.0018776983 0.050880317 0.0012046489 3.4707953e-17 0.7723135 0.0031432684 0.64152884 0.20636731 0.052586503 0.6595469 0.47061348 0.56984043 6.9503767e-06 0.00072733534 0.37884867 4.5171982e-05 0.032978505 0.11087418 0.00023588972 0.14897406 0.048203193 0.0011721203 0.10108455 0.00017276453 0.0012189158 0.005540232 0.14079532 0.00021411863 6.33923e-05 0.012687296 6.798471e-07 0.009409795 0.06304242 0.004582649 0.00037155513 0.013164089 8.860002e-06 0.005307023 0.028735306 0.05395344 0.00017770367 0.0033420227 0.08686334 0.016055813 0.01962513 0.00074906676 0.008234589 0.0410293 0.00018068585 2.2682556e-05 0.002066961 0.000104591316 0.0045433915 0.01091255 7.7676676e-05 0.026551759 0.013550652 0.009094732 0.012049758 0.005291541 0.005451474 0.005668744 1.12775515e-05 0.00019675105 2.3727398e-05 0.0022429277 1.120358e-06 0.0024333717 0.00035542395 0.0026523338 0.0017173451 6.3583047e-06 0.025525775 0.0008407964 0.00013667843 3.804675e-05 8.180455e-05 0.00015636372 0.0018590048 7.559013e-07 3.8752373e-07 0.00015285626 0.00023445836 4.617624e-06 0.00028782024 0.0006850878 0.00017609088 0.00025955247 0.0022569941 0.009419931 0.014501 0.009892001 0.0219346 0.018894862 0.0040072063 0.017222967 0.007153428 0.0010483917 0.0026077377
0.9904035 0.6335156 0.0010588411 0.023038387 9.42188e-05 0.7723135 5.7093106e-18 0.0009918319 0.3282753 0.43276054 0.22548224 0.53136504 0.24149959 0.2818818 2.1491452e-07 0.00021548415 0.5712257 7.632913e-06 0.029566066 0.08501049 0.0004397898 0.1436708 0.13318433 0.0003870078 0.14311929 0.00068649434 0.0044896025 0.02272214 0.16561978 0.0005756589 0.0002595151 0.023595374 9.433851e-08 0.012055746 0.095392294 0.012764452 0.00018983794 0.0035187763 2.1357878e-06 0.0010873701 0.07112833 0.0451941 1.24282915e-05 0.00069470494 0.13350774 0.054300122 0.0053020827 0.0032382065 0.024867142 0.049868595 0.00095212454 0.00026288914 0.008780223 0.0005043701 0.007813454 0.0021511796 0.00018286785 0.036791503 0.005532147 0.018830894 0.015254534 0.0017832469 0.001366656 0.0011172243 0.000104622726 0.00047491316 7.35656e-07 0.00029016592 9.196169e-06 0.0047531077 0.0020433068 0.00065058295 0.00028358103 8.102707e-06 0.023680383 0.0009993841 8.518903e-05 4.2771317e-05 0.00019365473 5.5396667e-05 0.00029515135 4.20844e-07 3.242721e-05 8.1608276e-05 0.00033789012 1.3189706e-06 0.0001925217 0.0002975236 0.00018728554 8.362502e-05 3.187878e-05 0.0113274595 0.02659355 0.031057023 0.008842939 0.012728047 0.00015140139 0.0076649776 0.0023033011 0.00014780802 0.00011043746
0.68351144 0.018288018 0.85356003 0.6706212 0.87989306 0.0031432684 0.0009918319 3.8210785e-18 0.0010355538 0.0005276564 4.2433938e-05 0.00054906344 0.01965583 0.0006509426 0.0036662382 0.88953775 3.5578157e-06 0.4920132 0.15327287 0.01952012 7.881063e-07 0.0028097664 1.1852436e-06 0.4040736 1.1147875e-05 7.454081e-07 7.720008e-08 6.4193273e-07 1.75878e-05 4.3593698e-07 1.2252849e-06 9.402356e-07 0.00032752732 1.0817289e-06 5.642646e-06 6.607597e-07 0.0051544383 0.04597802 0.119563006 0.026196152 2.790812e-06 0.0012763101 0.05803386 0.018820688 3.8205282e-05 3.0813533e-06 0.0017763675 7.502105e-07 3.5553562e-06 0.00011556596 3.8259255e-08 6.1307205e-08 2.5185852e-06 1.2425257e-07 4.0418427e-06 0.00010423503 4.780679e-08 0.023706911 5.061015e-05 6.054126e-06 0.013866859 4.1324336e-05 1.8715205e-05 1.7326029e-05 1.293529e-07 6.0657476e-06 0.0066474266 3.317272e-05 1.1092702e-08 6.373032e-06 2.2277623e-06 1.3260441e-05 4.9306353e-05 8.2542876e-08 0.033214618 2.4472386e-06 5.325269e-06 3.648961e-07 3.1244524e-06 3.7836935e-06 1.2092853e-05 1.1366028e-08 7.743452e-07 1.7705155e-06 1.334513e-06 9.1144194e-08 2.0067987e-06 1.0208577e-06 1.4446297e-06 1.6714472e-06 0.0017695889 0.007820092 0.0031304718 0.0003998394 0.0033424117 0.011989366 0.00024779473 0.017353175 0.0040518427 0.0003942175 0.00010361015
0.895996 0.21339779 0.00053715956 0.031716306 0.00062133523 0.64152884 0.3282753 0.0010355538 9.123139e-18 0.099243365 0.053344876 0.8131816 0.4157641 0.9071177 2.5768811e-06 0.0003314096 0.15260465 2.306763e-05 0.022107743 0.1543737 0.00014656897 0.36659253 0.022027332 0.0006623753 0.08004107 0.00010009205 0.0001942944 0.0014436188 0.10362236 6.143888e-05 2.5041516e-05 0.004705054 2.3315873e-07 0.0031655792 0.03021142 0.0023109822 0.0001097169 0.052277535 6.824803e-06 0.018395573 0.015623011 0.13721271 0.00031599146 0.008248395 0.08650163 0.014284728 0.0962648 0.0004203032 0.015495121 0.06837265 5.1346487e-05 1.0586967e-05 0.0043736226 6.030636e-05 0.00586856 0.026843565 3.6270998e-05 0.008735052 0.024748612 0.011281452 0.0044579003 0.0082962895 0.0142247565 0.011715867 5.468826e-06 0.00019716429 7.3908523e-06 0.008943649 2.9589836e-07 0.0018403059 0.0003049506 0.003376682 0.0008778319 2.3739567e-06 0.017109498 0.0004731431 0.0002647166 7.6187425e-05 8.734494e-06 9.461661e-05 0.0006828954 2.0419934e-07 9.082502e-07 0.00017399971 0.00014727209 1.3839233e-06 0.0001632174 0.00034704604 9.157901e-05 8.0078076e-05 0.0013104853 0.0038731336 0.0057601556 0.0033364003 0.0058536837 0.006763873 0.00046601854 0.008196023 0.004202936 5.457867e-05 7.178954e-05
0.98184067 0.33403945 0.0007377957 0.013057286 1.1072299e-05 0.20636731 0.43276054 0.0005276564 0.099243365 1.2089859e-21 0.8275416 0.30519977 0.057252288 0.09721005 9.4284593e-07 0.00011545448 0.77333945 6.3455773e-06 0.0072595086 0.044808917 0.00921374 0.08528828 0.48764578 0.000110046574 0.425735 0.003972482 0.259283 0.2863454 0.38095468 0.011295732 0.00079848006 0.23259172 1.9914967e-06 0.16023342 0.35655156 0.28194785 4.6429774e-05 0.0016202935 3.0117915e-06 0.00089599885 0.2719769 0.033899702 3.74383e-06 0.00051319983 0.21510908 0.19779287 0.003294387 0.15934947 0.08084536 0.07966975 0.022712456 0.009412608 0.09358222 0.04131763 0.058859784 0.0022648394 0.02557543 0.06276133 0.016343547 0.0733255 0.010700482 0.007727824 0.0029473465 0.0014015525 0.019003766 0.020218117 2.5706122e-06 0.0004165117 0.00012458951 0.02372118 0.02818663 0.0014180505 0.000108625274 0.0011992842 0.0034567923 0.0063096695 0.009442858 0.0041010613 0.0007123898 0.007427521 4.539261e-05 4.565514e-05 2.9739067e-05 0.006717361 0.0022177687 9.714892e-05 0.003419414 0.0011733533 0.0011147169 0.00037601846 0.000100966114 0.007855508 0.043932408 0.04591779 0.0040526777 0.014974065 0.0014449666 0.0015295562 7.712888e-05 0.00027698628 0.00045032622
0.9948072 0.1879413 0.00028303906 0.0009197946 3.5125427e-07 0.052586503 0.22548224 4.2433938e-05 0.053344876 0.8275416 4.892729e-21 0.17386112 0.019993747 0.028466389 5.1503963e-07 2.2976777e-05 0.68741274 5.6883828e-06 0.0044815713 0.012205401 0.020560516 0.031626824 0.46077693 0.00011225644 0.2666132 0.024136253 0.5933239 0.5058658 0.1942907 0.037873555 0.009688414 0.19650714 4.0581576e-06 0.1966 0.24704368 0.34232494 2.207092e-05 0.0005817692 2.3935445e-05 0.0004105309 0.21921192 0.017420793 7.924555e-06 0.00032417735 0.14395803 0.22224864 0.0017316645 0.191676 0.07342303 0.0576036 0.072691865 0.046795003 0.11173249 0.07387674 0.041701917 0.0014644079 0.056483082 0.041944508 0.009961939 0.04786001 0.0052218786 0.003985783 0.0016757015 0.0011325903 0.109429255 0.07588724 6.870424e-06 0.00040108844 0.0025686764 0.018048974 0.06488867 0.0015925085 0.00013628899 0.009034651 0.0017015002 0.0058659557 0.03403153 0.028788326 0.002391668 0.010255097 0.00016653756 0.00079422555 0.00039419625 0.016777843 0.0026585762 0.0005537449 0.0048964503 0.0012903927 0.0019626587 0.0003172978 0.00014901205 0.01134454 0.042650465 0.05794221 0.0020731234 0.011446592 0.00029971643 0.00028566184 5.0549952e-05 0.00049310183 0.00049959123
0.9745149 0.19275233 0.00031297584 0.0168343 6.887629e-05 0.6595469 0.53136504 0.00054906344 0.8131816 0.30519977 0.17386112 1.6799227e-18 0.27187148 0.77163786 1.5580945e-07 0.00018315951 0.47772992 1.8805415e-05 0.030252475 0.117553726 0.00058497547 0.19806382 0.13035731 0.0004612121 0.13534012 0.0013821551 0.0014378494 0.012218002 0.23702009 0.00049592444 0.00049834617 0.02606363 1.5179634e-08 0.01313908 0.1066047 0.010562815 2.8458275e-05 0.026798552 5.7019124e-06 0.006543865 0.09569617 0.12795867 7.997634e-05 0.002865646 0.2365331 0.0751618 0.04380108 0.002465432 0.07044447 0.17126279 0.0005045117 0.0002681222 0.025090097 0.0005892069 0.016400881 0.03310851 0.0002266743 0.006084239 0.045108587 0.039786298 0.0037744497 0.016490987 0.018900648 0.012565223 5.9647038e-05 0.0010431593 1.1451154e-06 0.0058046826 7.760371e-06 0.009840096 0.004208902 0.005918563 0.00094668014 2.1879707e-05 0.009791844 0.0022887213 0.00028008857 8.491204e-05 0.00015482113 0.00019067913 0.0010296011 1.1782439e-06 3.329084e-05 0.00041661185 0.00077252265 3.9395627e-06 0.0004865261 0.0006631255 0.00023503079 0.00014873591 0.00035308237 0.0026190877 0.0049746176 0.004002751 0.0031341924 0.004284317 0.00046209813 0.0026352368 0.0014078332 1.5006158e-05 1.5389087e-05
0.97466415 0.2768281 0.027060559 0.7150707 0.004609896 0.47061348 0.24149959 0.01965583 0.4157641 0.057252288 0.019993747 0.27187148 8.568761e-18 0.4821846 4.018271e-06 0.011453909 0.034897037 0.00044408868 0.7463028 0.7943548 6.9799855e-05 0.7368513 0.0016568726 0.0456395 0.018537007 9.00345e-06 2.6333248e-06 9.571257e-05 0.034206737 3.2484488e-06 2.3245782e-05 0.0004188301 2.5126305e-06 0.00036693912 0.012094503 0.00022241917 0.0005640777 0.55900365 0.00053982774 0.27850074 0.005047481 0.3757204 0.038404208 0.11862194 0.083615884 0.0018996565 0.35782847 0.00010403432 0.005501639 0.12037945 1.7404484e-06 2.022643e-07 0.0002973965 1.7666202e-05 0.00073274603 0.124775164 4.670933e-06 0.044419203 0.035477903 0.0066309636 0.022821713 0.005774118 0.016825682 0.022090387 7.47166e-07 1.0634598e-05 0.001603644 0.022088237 8.951335e-08 0.0010446422 0.00010332498 0.0030977342 0.006895671 2.771169e-07 0.02999266 9.742411e-05 1.0618707e-05 2.2191361e-06 4.1799312e-06 5.729478e-06 0.0038559115 9.471334e-08 8.0403987e-07 1.0004123e-05 3.7827867e-05 4.0164954e-07 1.5184089e-05 6.066075e-05 6.6123343e-06 7.2294542e-06 0.0022049567 0.008959588 0.008009377 0.0020483786 0.0059582763 0.0062833116 0.00044656487 0.003933269 0.0065402933 0.00084822933 0.00016463941
0.62257296 0.11101581 0.00021816962 0.027681662 0.0002483673 0.56984043 0.2818818 0.0006509426 0.9071177 0.09721005 0.028466389 0.77163786 0.4821846 3.6110216e-19 5.6596605e-06 0.00014011076 0.18087451 6.9862353e-06 0.022141559 0.23518342 0.00013322203 0.619663 0.032817647 0.0007913782 0.13250265 0.00012557518 0.00011414934 0.0012463724 0.15974921 7.901512e-05 3.81135e-05 0.006223179 3.825902e-07 0.0025869645 0.032930758 0.0020459061 2.5228364e-05 0.07319755 5.9029508e-06 0.026084282 0.016319312 0.19871624 0.00034424587 0.010500904 0.111193836 0.0061100703 0.16277409 0.0007457544 0.022925382 0.08490634 1.5144448e-05 3.7359548e-06 0.0036789714 0.00017703956 0.005134764 0.07342168 4.0507202e-05 0.0047150305 0.04356072 0.02118452 0.0023291165 0.01566391 0.027005896 0.023118844 1.7040828e-05 0.00043565422 1.276125e-05 0.01678591 1.512238e-07 0.0040635467 0.0008234161 0.005445364 0.0018426119 3.5002859e-06 0.007707205 0.00073150493 0.00018075499 3.583404e-05 1.5932786e-05 0.00016157051 0.0024813728 5.833443e-07 3.2162943e-06 0.00012913751 0.00029229812 8.9007165e-07 0.0001603604 0.00090275676 0.000102598744 0.00015761776 0.0011907016 0.0014963986 0.002133341 0.001144298 0.0018315315 0.002703661 0.00030081515 0.0028354141 0.0027108802 0.00010857184 0.00010765986
0.002135441 5.1646603e-05 0.00047145158 2.1523329e-05 0.3932408 6.9503767e-06 2.1491452e-07 0.0036662382 2.5768811e-06 9.4284593e-07 5.1503963e-07 1.5580945e-07 4.018271e-06 5.6596605e-06 2.0008584e-16 0.0055406103 6.154642e-07 0.4805766 4.624369e-05 4.161244e-05 6.538241e-08 2.0497413e-05 1.6536624e-06 0.0027172305 1.0196529e-06 4.3535717e-08 1.1546664e-07 5.0435733e-07 1.7125014e-06 3.452285e-08 7.236262e-08 2.0477778e-07 0.8400051 1.5005098e-07 3.3035576e-07 1.5456966e-07 0.0037379174 3.869102e-06 0.01547984 6.010055e-06 1.9007224e-07 1.7002849e-06 2.2153523e-05 4.1203702e-06 7.1244716e-07 5.939036e-07 2.755938e-07 1.3570055e-06 1.0408155e-06 1.6250264e-06 7.455929e-07 1.03261584e-07 5.637791e-07 8.6652975e-08 5.5583365e-07 1.2740601e-07 4.6476046e-08 0.0007455898 1.0990377e-07 4.8534014e-07 0.0041557313 1.1967397e-07 1.2053542e-07 1.4765408e-07 8.279457e-07 3.0563464e-07 0.00059391244 2.4480238e-07 1.6893578e-07 1.0562753e-07 5.1600935e-08 6.0843604e-07 3.929606e-07 1.12429625e-07 0.013668627 1.9057956e-07 7.467144e-07 5.4382554e-08 9.678775e-08 1.5453605e-07 1.0848934e-06 1.45891486e-08 4.663141e-09 6.063434e-08 8.957672e-08 4.3725368e-08 3.1151419e-07 3.786691e-07 1.12217954e-07 6.6565484e-08 0.00028041276 0.0027070632 0.00020141555 1.302028e-05 0.0005296539 0.009336046 3.2968367e-06 0.03685316 0.00018801245 0.00030104964 1.1592642e-05
0.6701297 0.0069944994 0.5624429 0.2588589 0.6241733 0.00072733534 0.00021548415 0.88953775 0.0003314096 0.00011545448 2.2976777e-05 0.00018315951 0.011453909 0.00014011076 0.0055406103 7.695912e-19 9.100115e-06 0.79794335 0.22965638 0.028679168 2.5200723e-06 0.00078598264 7.9206063e-07 0.9032744 4.7498406e-06 2.2515537e-06 6.745697e-08 2.0303541e-07 2.4457486e-05 7.999884e-07 1.9975912e-06 7.9327543e-07 0.00021833363 7.7515574e-07 1.0874774e-05 1.8945832e-06 0.0013422337 0.13763878 0.47334728 0.09197477 2.924283e-06 0.001738452 0.29266912 0.052999172 5.5312466e-05 2.742403e-06 0.005617095 2.2484683e-06 8.707979e-06 0.00033999345 5.9400925e-08 2.1109551e-08 1.8078669e-06 1.3902178e-07 1.2926497e-05 0.00050455646 5.9828e-08 0.005136944 0.00018359374 5.7437926e-05 0.00875683 0.00016931267 0.0001644475 0.00010605658 1.4808391e-07 1.7495014e-06 0.03441426 0.00028966687 1.5313141e-08 1.5910891e-05 1.5769383e-06 0.00020130628 0.00026575977 2.2613966e-08 0.0371067 2.535394e-06 8.597307e-06 4.1499288e-07 6.074342e-07 4.429775e-06 0.00014494403 3.2340641e-09 1.4330114e-06 1.0662927e-06 1.4294449e-06 2.747504e-07 3.4533125e-06 1.6609716e-05 3.8061573e-06 3.149643e-06 0.014246139 0.008374522 0.0008542374 2.335981e-05 0.0019633851 0.010364207 0.00018384412 0.008872313 0.0023835131 0.0007187461 0.00027060445
0.9688221 0.09564633 1.9128263e-05 0.0014096329 2.8931786e-06 0.37884867 0.5712257 3.5578157e-06 0.15260465 0.77333945 0.68741274 0.47772992 0.034897037 0.18087451 6.154642e-07 9.100115e-06 1.6634898e-17 4.2141496e-06 0.0017068879 0.01818578 0.011298518 0.104753286 0.84379697 0.00012568336 0.619584 0.0026284312 0.04201275 0.303204 0.40037224 0.0012955284 0.002275131 0.42868176 5.3455654e-08 0.22712143 0.35358843 0.1537799 1.7846392e-05 0.00087626575 3.876001e-06 0.00022110055 0.21519011 0.03659007 3.9712863e-06 3.0337622e-05 0.23358567 0.15878102 0.00043491236 0.045388494 0.10473069 0.084586814 0.0041344366 0.00078740367 0.060118634 0.009065472 0.030938208 0.0008169868 0.004164398 0.0099993795 0.004151495 0.036262494 0.0043909517 0.00082516915 0.00015283075 6.325883e-05 0.0026964347 0.003831109 2.0816024e-06 1.8131253e-05 0.00023885818 0.0030381167 0.0072689853 8.3387305e-05 1.9619e-05 0.0002962396 0.004308798 0.00060984713 0.0004041579 0.000188554 0.0003358493 0.00013079689 1.860931e-05 2.8369937e-05 0.00045201136 8.5652304e-05 0.00010727144 1.3811761e-05 0.00013078666 6.1167484e-05 8.0997444e-05 2.1982441e-05 8.3449275e-05 0.0033419828 0.009662098 0.008298042 0.0022126783 0.002440503 3.1139032e-05 0.00077335746 0.0021350419 7.717741e-06 3.4787445e-06
0.32694143 0.0015500765 0.20824382 0.021260884 0.89654183 4.5171982e-05 7.632913e-06 0.4920132 2.306763e-05 6.3455773e-06 5.6883828e-06 1.8805415e-05 0.00044408868 6.9862353e-06 0.4805766 0.79794335 4.2141496e-06 7.434026e-18 0.018649807 0.0012966743 1.9284703e-07 0.00031702014 1.0009206e-06 0.63173085 3.3948909e-06 4.394709e-07 2.2453149e-07 4.3959622e-07 1.289799e-05 2.512598e-07 9.947043e-08 7.012244e-07 0.030349273 6.599555e-07 2.9057796e-06 1.1812649e-06 0.0014912201 0.0071642385 0.8712902 0.0034051833 4.239779e-06 0.0013093203 0.060440905 0.0019953125 9.428082e-05 3.537283e-06 0.001186127 4.3908776e-06 1.3477101e-05 0.0004928217 9.726906e-09 9.884663e-09 7.2598677e-06 9.803424e-08 3.855549e-05 0.0003509707 2.7119166e-08 0.003050143 0.00024338858 5.7619192e-05 0.020845367 0.0002193243 0.00012314809 9.786522e-05 1.2631872e-07 4.382114e-06 0.045171503 0.00013795354 2.6035119e-08 6.9594804e-05 2.5078307e-06 0.00042404144 0.00021345213 3.8836706e-08 0.07375677 1.7907052e-05 1.8301485e-05 9.222371e-07 2.098857e-06 1.5888556e-05 0.00023392079 1.4046473e-08 2.2456843e-06 3.3028473e-06 1.961404e-05 2.5023613e-07 1.901459e-05 6.66837e-05 1.3532985e-05 1.1310876e-05 0.03242024 0.011620936 0.0007303795 3.6578425e-05 0.00087654276 0.03208068 0.00095851836 0.022554273 0.0024641168 0.001877264 0.0013210735
0.87007487 0.076094106 0.14049198 0.70254993 0.03264916 0.032978505 0.029566066 0.15327287 0.022107743 0.0072595086 0.0044815713 0.030252475 0.7463028 0.022141559 4.624369e-05 0.22965638 0.0017068879 0.018649807 1.4968533e-17 0.8281617 2.4839179e-05 0.29371405 3.9483322e-05 0.65563065 0.00043186874 4.402732e-06 3.1392e-07 3.4538823e-06 0.0017643305 5.4406235e-07 5.8730225e-06 4.1371415e-05 4.4254384e-06 3.8823102e-05 0.0008864457 5.9060792e-05 0.001536747 0.8090578 0.02127143 0.5240497 0.00025613428 0.27102882 0.4414706 0.32943597 0.006123957 0.00036526026 0.35627005 2.316032e-05 0.0006560796 0.040363543 1.2633859e-07 1.536935e-08 0.00011891622 2.565753e-06 0.0004032712 0.0780616 7.370893e-07 0.021023575 0.011979554 0.0029589273 0.01400049 0.0036565503 0.007033202 0.009662674 5.8159947e-07 4.095337e-06 0.009068174 0.013388729 3.7188887e-08 0.00031184516 1.7864748e-05 0.0020365708 0.0064854426 1.3041193e-07 0.037690174 7.1931805e-05 6.491423e-05 1.0969895e-05 1.3600851e-06 2.9614794e-05 0.0020835348 2.2267699e-08 1.4610716e-06 3.1581716e-05 4.954784e-05 1.3994235e-06 5.3594427e-05 9.4253046e-05 2.8564782e-05 1.1644575e-05 0.006613795 0.007680556 0.0030046224 0.00037784455 0.0034059207 0.003259705 0.0002787506 0.002655452 0.0043237237 0.0003045251 0.00016578485
0.8360567 0.07654801 0.021062607 0.29512167 0.0039271936 0.11087418 0.08501049 0.01952012 0.1543737 0.044808917 0.012205401 0.117553726 0.7943548 0.23518342 4.161244e-05 0.028679168 0.01818578 0.0012966743 0.8281617 1.0413423e-18 0.00013486198 0.85773605 0.00048129415 0.13755004 0.0070012766 2.8293474e-05 2.197147e-06 2.753233e-05 0.01625889 6.656281e-06 5.4042495e-05 0.00028688056 1.0174641e-05 0.00017079445 0.0053790137 0.0002947598 0.0012940904 0.73805386 0.00089178246 0.40856776 0.0027496628 0.54068756 0.08048967 0.19818617 0.0893419 0.0010881622 0.39992124 0.00021408862 0.0050001307 0.17172983 4.6967392e-07 8.8908614e-08 0.000994434 1.08121485e-05 0.00425998 0.21493538 3.0027745e-06 0.015514713 0.06284833 0.024517115 0.011270435 0.017021054 0.036881022 0.032280415 3.4687992e-06 3.919299e-05 0.00042245555 0.03625423 8.759151e-08 0.0042744633 0.00016186803 0.0060813213 0.010321813 3.1139535e-07 0.028714037 0.0005964045 4.7345344e-05 4.9260602e-06 5.6135227e-06 5.937264e-05 0.0024681222 5.743318e-08 1.4830199e-05 6.7462344e-05 0.00031762355 5.9123846e-07 0.00014372764 0.0007517042 9.44048e-05 2.6327862e-05 0.0028475218 0.006384375 0.0048529506 0.00064509735 0.0054989695 0.004003804 0.00090177875 0.0015143496 0.0042622313 0.0019100864 0.00089345395
0.9987061 0.0074128583 1.160644e-06 6.2989795e-07 2.556653e-09 0.00023588972 0.0004397898 7.881063e-07 0.00014656897 0.00921374 0.020560516 0.00058497547 6.9799855e-05 0.00013322203 6.538241e-08 2.5200723e-06 0.011298518 1.9284703e-07 2.4839179e-05 0.00013486198 3.648561e-18 0.0003940256 0.011082251 6.976588e-06 0.0045830207 0.7836092 0.66324824 0.089704104 0.0035087753 0.8893146 0.39816904 0.007121973 5.956382e-07 0.008578582 0.0064735543 0.013873016 3.3048418e-06 4.322396e-06 1.623986e-05 1.3673957e-06 0.010624422 0.0008138685 4.40696e-07 3.2702662e-06 0.005115209 0.0139456475 2.419738e-06 0.05945635 0.005242921 0.0027709764 0.26654562 0.6451938 0.010929859 0.07394704 0.007931591 8.3210425e-06 0.09100897 0.027262583 0.00019703497 0.0028285922 0.0061459974 9.496438e-05 1.907503e-05 1.9898687e-05 0.0921253 0.022543993 1.8750061e-05 1.7612599e-06 0.058791593 0.001540031 0.009650913 4.9275706e-05 1.0959261e-05 0.06716046 0.0006278062 0.001439091 0.009788609 0.023267107 0.012715427 0.002863032 3.454003e-05 0.031200314 0.0028059934 0.002471865 0.00068988575 0.0036001783 0.0010354194 0.0002543151 0.0006454613 0.00024446496 2.388831e-05 0.0062551997 0.03293939 0.08962867 0.004748912 0.008278703 0.00014938085 0.00019686705 1.9588095e-05 3.2287562e-06 2.2054858e-06
0.6087951 0.040231053 0.00168489 0.06908327 0.0010503692 0.14897406 0.1436708 0.0028097664 0.36659253 0.08528828 0.031626824 0.19806382 0.7368513 0.619663 2.0497413e-05 0.00078598264 0.104753286 0.00031702014 0.29371405 0.85773605 0.0003940256 9.332792e-18 0.01640836 0.0049589584 0.15504646 0.00047298902 3.5457113e-05 0.00065380643 0.3191649 1.6599091e-05 0.00050019764 0.005184976 1.3547524e-05 0.0038008802 0.09131527 0.0044406164 0.0006759704 0.5241289 0.0002476891 0.21187295 0.054154173 0.8877321 0.0072511537 0.06712632 0.5562941 0.008129625 0.3664299 0.00044644438 0.09085206 0.40064767 1.1790505e-05 2.3826776e-06 0.0073782923 7.1347255e-05 0.022375433 0.40551925 2.6760732e-05 0.007658255 0.3526306 0.14168726 0.004507873 0.07406319 0.09658926 0.08535265 1.8704606e-05 0.00020333006 8.920245e-05 0.05119907 3.1782216e-07 0.0103824595 0.00045276663 0.01420575 0.008781635 5.992722e-07 0.012090708 0.0019539066 0.00016921709 1.7205513e-05 9.68899e-06 0.00012727686 0.0050119585 1.2766569e-07 1.4874888e-05 0.00010284209 0.0006912368 2.4732867e-06 0.00045265068 0.0017694843 0.00031895156 7.019156e-05 0.0014560734 0.0030110178 0.00308697 0.00055699446 0.0046933508 0.0023103089 0.0007809695 0.0008867483 0.0044985213 0.0014389015 0.0010842254
0.8725308 0.008679273 1.8750497e-06 0.000100045676 3.1088052e-07 0.048203193 0.13318433 1.1852436e-06 0.022027332 0.48764578 0.46077693 0.13035731 0.0016568726 0.032817647 1.6536624e-06 7.9206063e-07 0.84379697 1.0009206e-06 3.9483322e-05 0.00048129415 0.011082251 0.01640836 1.5995718e-19 1.0757555e-05 0.8625197 0.0017314119 0.024521897 0.26185465 0.47179 0.0010989194 0.0020139106 0.7990489 4.6716477e-07 0.48237565 0.41860214 0.43679255 0.0001124654 2.0929596e-05 2.2555168e-06 2.0967575e-05 0.20382415 0.002494061 6.197651e-07 8.488277e-06 0.10039766 0.081624255 8.217863e-05 0.051192403 0.036881007 0.010664133 0.0005385897 0.0001102775 0.022906752 0.005155633 0.02100581 0.00035395607 0.0015388941 0.0085712215 0.0017952597 0.010355237 0.0048602987 0.0009348612 0.00032899898 0.00013363571 0.0011486791 0.0022353171 7.3945637e-07 2.8413557e-05 4.4319702e-05 0.003103916 0.00504015 0.00036540488 5.4618657e-05 0.00011039166 0.00562508 0.0006747589 0.0006760942 0.00051161187 0.0009665398 0.00023534909 2.9073222e-05 2.9915742e-05 0.00020031484 0.00026812247 0.00022249277 2.6914786e-05 0.00041772934 6.771915e-05 0.00026908104 3.7106784e-05 2.8688317e-05 0.0031219332 0.0059986264 0.0033052408 0.0066666664 0.0025779014 1.7769884e-05 0.0016279091 0.0023596645 2.7032237e-07 3.2440326e-07
0.22433296 0.002369762 0.14371054 0.18313308 0.21629004 0.0011721203 0.0003870078 0.4040736 0.0006623753 0.000110046574 0.00011225644 0.0004612121 0.0456395 0.0007913782 0.0027172305 0.9032744 0.00012568336 0.63173085 0.65563065 0.13755004 6.976588e-06 0.0049589584 1.0757555e-05 6.9327116e-18 6.30772e-05 2.0749526e-06 6.4958505e-07 2.9276819e-06 9.918516e-05 8.597163e-07 3.4021512e-06 1.3590564e-05 0.00011159689 1.272632e-05 5.0203707e-05 2.5881573e-05 0.0011753609 0.38948745 0.75403565 0.33596924 1.3392461e-05 0.0057790317 0.88640714 0.3770978 4.616054e-05 2.5915522e-06 0.034568932 4.161932e-06 4.7749018e-06 0.0004837743 8.952475e-07 1.4724434e-07 4.128933e-06 1.2328951e-07 3.4966877e-05 0.0018150683 1.6100684e-07 0.004462884 0.0003886485 5.2382726e-05 0.0063183256 0.00024186696 0.0007267574 0.0006599219 5.0792707e-08 2.6352353e-07 0.15048847 0.0019872366 4.7223157e-08 8.839957e-06 4.275378e-07 0.0006514084 0.005481847 1.840941e-08 0.032275055 3.3972813e-06 3.8237226e-06 5.3271428e-08 1.0106996e-06 6.1001433e-06 0.0035648546 1.8155579e-09 3.9736562e-07 1.0990362e-06 3.753175e-06 8.8660244e-07 1.4552944e-05 4.829125e-05 1.5303514e-05 1.574859e-05 0.03804482 0.011335698 0.00028169315 6.660403e-06 0.006144491 0.005933562 0.00037926246 0.004561741 0.005731314 0.0029943201 0.0019217364
0.7159848 0.011153656 3.4643843e-05 0.0017798089 7.230137e-06 0.10108455 0.14311929 1.1147875e-05 0.08004107 0.425735 0.2666132 0.13534012 0.018537007 0.13250265 1.0196529e-06 4.7498406e-06 0.619584 3.3948909e-06 0.00043186874 0.0070012766 0.0045830207 0.15504646 0.8625197 6.30772e-05 1.3373541e-19 0.0012207846 0.0062285727 0.05987816 0.8842788 0.0005870623 0.0012566155 0.66913134 4.5432023e-07 0.39352944 0.6244098 0.33075723 0.00016784084 0.0007358728 8.566575e-06 0.00027024344 0.30506757 0.029794611 4.3807972e-06 8.121293e-05 0.27732727 0.101649165 0.0009215176 0.028774744 0.06746225 0.04363147 0.00028569592 8.094601e-05 0.034565806 0.0023211914 0.02915388 0.0043328856 0.0004947791 0.0069852434 0.012461049 0.022297129 0.006413447 0.0032808958 0.0025223964 0.001804996 0.00059230096 0.002317682 1.3107109e-06 0.00025110404 1.5368994e-05 0.006273025 0.0056523844 0.0013350955 0.0001778371 5.9951064e-05 0.010761162 0.0016046438 0.0013189121 0.00026534646 0.0010754581 0.00065214647 0.00011263444 1.1547656e-05 0.00019635593 0.00047747194 0.00034774328 1.2822954e-05 0.0010503457 0.00028374823 0.0003329006 4.5693036e-05 7.901745e-05 0.00307157 0.0037201783 0.0017165598 0.005728139 0.0026448409 3.4449167e-05 0.0013858204 0.00082911993 1.8076116e-06 2.4831113e-06
0.95706344 0.009821285 7.416899e-08 1.0399943e-07 7.523399e-09 0.00017276453 0.00068649434 7.454081e-07 0.00010009205 0.003972482 0.024136253 0.0013821551 9.00345e-06 0.00012557518 4.3535717e-08 2.2515537e-06 0.0026284312 4.394709e-07 4.402732e-06 2.8293474e-05 0.7836092 0.00047298902 0.0017314119 2.0749526e-06 0.0012207846 8.617275e-18 0.21248424 0.01126533 0.0003976625 0.80392826 0.9052699 0.00081337575 1.2032497e-06 0.0006671455 0.00064585265 0.0015508328 1.0287014e-06 1.5416907e-07 4.0805982e-05 1.1260882e-07 0.0006648352 0.00032684335 6.936477e-08 3.2499037e-07 0.0004767017 0.00080074416 6.108368e-08 0.008636522 0.00070399814 0.001006301 0.11520546 0.5560701 0.0009859588 0.013212286 0.001104212 1.3881106e-06 0.01783821 0.09724819 1.0208922e-05 0.0005489943 0.0074025877 8.401876e-06 6.230319e-06 4.3869395e-06 0.012079511 0.0022549287 1.3486325e-06 6.1742134e-07 0.040969603 0.00019193067 0.0007423364 5.9276817e-06 9.135823e-07 0.016664386 0.00064373267 0.0002861565 0.0007496556 0.0013032138 0.017333664 0.00027061117 2.2649633e-07 0.014497888 0.0016951455 0.00016107481 6.535159e-05 0.0004109333 0.00013284663 1.212158e-05 5.7833015e-05 1.17537365e-05 1.4400032e-05 0.012163071 0.14306363 0.14821711 0.0013442566 0.0131287975 1.5158319e-05 0.00023715332 6.374236e-06 3.8821003e-08 1.720032e-08
0.6838544 0.0017021224 1.5426561e-08 1.6751486e-07 1.8139172e-09 0.0012189158 0.0044896025 7.720008e-08 0.0001942944 0.259283 0.5933239 0.0014378494 2.6333248e-06 0.00011414934 1.1546664e-07 6.745697e-08 0.04201275 2.2453149e-07 3.1392e-07 2.197147e-06 0.66324824 3.5457113e-05 0.024521897 6.4958505e-07 0.0062285727 0.21248424 1.9079262e-19 0.93523294 0.0026559266 0.32401675 0.14127012 0.07406913 3.879118e-08 0.109342024 0.008140733 0.19080903 3.8857534e-06 1.1550464e-07 3.9262193e-07 1.4202355e-07 0.006784029 1.8097084e-05 1.8295088e-08 1.7901996e-07 0.000856283 0.009272146 8.432852e-08 0.5329288 0.0017348507 0.00012865073 0.67344743 0.21799284 0.0060144705 0.3650398 0.0030590293 1.3733302e-06 0.3154494 0.002543864 2.9053751e-06 0.00037725907 6.359412e-05 7.7653385e-06 2.3384248e-06 1.2148619e-06 0.11102355 0.029146861 1.8240341e-07 4.113587e-07 0.00435682 0.00016581442 0.005311752 1.45551085e-05 9.673962e-07 0.00780936 0.00023637344 0.00019932639 0.0027449143 0.0038152216 0.0010864699 0.00040829845 9.618536e-07 0.0016106252 0.00030563277 0.00033630524 8.752789e-06 0.0008457366 0.00013199495 3.8124315e-06 7.0894785e-05 2.2310066e-06 8.178836e-06 0.0002476837 0.0048292894 0.0037725894 0.00054259785 1.5884085e-05 1.0486667e-06 4.0589543e-06 8.752718e-05 1.9270242e-08 2.170602e-09
0.69832945 0.004992864 3.5543206e-07 4.7828453e-06 1.6661467e-07 0.005540232 0.02272214 6.4193273e-07 0.0014436188 0.2863454 0.5058658 0.012218002 9.571257e-05 0.0012463724 5.0435733e-07 2.0303541e-07 0.303204 4.3959622e-07 3.4538823e-06 2.753233e-05 0.089704104 0.00065380643 0.26185465 2.9276819e-06 0.05987816 0.01126533 0.93523294 5.0251413e-20 0.02133185 0.012415155 0.01307677 0.5292781 6.430285e-08 0.5878066 0.05701682 0.48866737 1.9672529e-05 1.1839851e-06 5.2456016e-07 1.4572742e-06 0.033875786 0.00014793834 2.5044093e-07 9.628108e-07 0.0074127107 0.041544903 1.0047518e-06 0.6735691 0.009961213 0.00036470545 0.10506083 0.004769846 0.019488372 0.29929343 0.007398423 2.000319e-06 0.16474183 0.005842877 1.1167997e-05 0.0006671929 0.0009155518 1.1734517e-05 4.685611e-06 1.712085e-06 0.06271955 0.050186243 2.5409628e-07 3.3196739e-07 0.00038009035 0.0001650277 0.012668543 7.1864984e-06 2.0811258e-06 0.0016180814 0.0015503677 7.4694806e-05 0.003353147 0.0041554584 0.0011240063 0.00057831366 1.0894449e-06 0.00032641378 0.000325996 0.00048549593 1.0312106e-05 0.00028114725 0.00021354071 3.4337756e-06 6.161061e-05 4.6331734e-06 3.3554995e-06 0.0017890545 0.003472805 0.0028955238 0.0044034985 0.0005959399 2.9835637e-06 0.0003335651 0.0009708456 9.2230714e-08 2.1444967e-08
0.6883323 0.015402538 9.6826116e-05 0.0050047897 1.2294619e-05 0.14079532 0.16561978 1.75878e-05 0.10362236 0.38095468 0.1942907 0.23702009 0.034206737 0.15974921 1.7125014e-06 2.4457486e-05 0.40037224 1.289799e-05 0.0017643305 0.01625889 0.0035087753 0.3191649 0.47179 9.918516e-05 0.8842788 0.0003976625 0.0026559266 0.02133185 3.7777553e-19 0.00026089925 0.00035116222 0.44343117 4.03305e-07 0.25345898 0.908782 0.3808505 5.572094e-05 0.0030198027 3.231105e-05 0.0015853177 0.5669532 0.15757379 2.1350863e-05 0.0006001315 0.69091517 0.3292511 0.005056871 0.0126594305 0.3378281 0.30675045 0.00020756178 4.2562537e-05 0.12414162 0.000876295 0.06308978 0.031635035 0.00022207665 0.0030829466 0.092540346 0.16082633 0.002155194 0.027534429 0.016523747 0.0113266865 0.00090909516 0.003996318 2.0489333e-06 0.0048501748 1.1359316e-05 0.02531164 0.026843885 0.009746361 0.0012889205 4.049295e-05 0.0064653577 0.0057540145 0.0030105754 0.0007631796 0.0003913224 0.0019480335 0.00053365505 1.7501422e-06 0.00031644743 0.0017083404 0.0032353883 2.2161023e-05 0.0032781963 0.0033742355 0.0010492153 0.00029166546 4.585626e-05 0.0018181338 0.0033073262 0.0014696181 0.0019823965 0.0016079049 0.00026652933 0.0009304971 0.001093853 1.6236198e-06 1.8010041e-06
0.6439204 0.0007392075 3.4560202e-08 1.3165958e-07 4.851962e-09 0.00021411863 0.0005756589 4.3593698e-07 6.143888e-05 0.011295732 0.037873555 0.00049592444 3.2484488e-06 7.901512e-05 3.452285e-08 7.999884e-07 0.0012955284 2.512598e-07 5.4406235e-07 6.656281e-06 0.8893146 1.6599091e-05 0.0010989194 8.597163e-07 0.0005870623 0.80392826 0.32401675 0.012415155 0.00026089925 3.306248e-19 0.92742634 0.0006259582 9.38747e-08 0.00071945105 0.00034335928 0.0016294383 8.204796e-08 6.1999835e-08 3.9060506e-06 2.8346633e-08 0.0003867379 1.2862343e-05 1.0320561e-08 2.4734751e-08 4.6316512e-05 0.0004294382 3.9238405e-08 0.009167021 0.00023071253 2.4515797e-05 0.13381559 0.8567235 0.0007551153 0.009942042 0.00048807965 5.5983156e-07 0.01960576 0.0065313117 3.417311e-06 0.00044310046 0.00043307492 1.6809649e-06 2.9324616e-07 1.2032525e-07 0.014717108 0.0055857627 2.4612254e-08 7.200067e-08 0.15925318 4.5969533e-05 0.0011768263 4.0313043e-07 1.1773851e-07 0.024854839 1.4007187e-06 2.7337694e-05 0.00062254287 0.0019530234 0.03714751 0.00016801285 1.6159571e-07 0.022970734 0.001145376 4.5642515e-05 2.223108e-06 0.0012537421 8.608801e-06 1.9901734e-06 3.0421943e-06 2.626946e-06 1.6055491e-06 0.000649613 0.005200682 0.011130864 0.00036873482 0.00011192111 1.0119988e-06 1.5823359e-06 6.9583685e-08 1.3850699e-07 3.0284617e-08
0.8777153 0.0018708097 8.141132e-08 1.1745926e-07 3.6396117e-09 6.33923e-05 0.0002595151 1.2252849e-06 2.5041516e-05 0.00079848006 0.009688414 0.00049834617 2.3245782e-05 3.81135e-05 7.236262e-08 1.9975912e-06 0.002275131 9.947043e-08 5.8730225e-06 5.4042495e-05 0.39816904 0.00050019764 0.0020139106 3.4021512e-06 0.0012566155 0.9052699 0.14127012 0.01307677 0.00035116222 0.92742634 7.4750285e-19 0.0006151087 1.5174932e-06 0.0004523324 0.00066172844 0.0008541185 3.478771e-08 3.2513884e-07 6.113649e-06 3.1618873e-07 0.0006963802 0.00041288312 1.6275332e-07 8.53026e-07 0.0006546724 0.0007066787 3.8349722e-07 0.007503115 0.00078592345 0.0008491783 0.1916852 0.76862323 0.0008079824 0.012705998 0.001030573 3.734872e-06 0.024033245 0.0246138 1.5111452e-05 0.00077642576 0.0013774025 4.4417993e-05 1.5081263e-05 1.1681436e-05 0.009915921 0.0014996122 1.4289516e-06 1.837111e-06 0.17334291 0.00044661385 0.00093625754 1.5997373e-05 4.162746e-06 0.029405888 3.953909e-05 0.0008160652 0.00058415544 0.00056215085 0.051726937 0.0006121476 3.318561e-06 0.03397546 0.0051597203 0.0004769347 0.00012586713 0.00033941696 0.0004673934 6.0205275e-05 8.992281e-05 2.8915527e-05 5.5615787e-06 0.0025761747 0.042582978 0.05536162 0.00031490604 0.0029141563 5.445838e-06 5.4537566e-05 5.2019857e-07 7.593105e-08 4.8148024e-08
