0.0 0.0044290954 0.002817125 0.0046173297 0.0053524044 0.016411379 0.008624663 0.012770187 0.007778283 0.013180816 0.0032651713 0.0051870826 0.0032184639 0.0033318028 0.08790159 0.008688796 0.0043583126 0.0015494684 0.02430472 0.0032587228 0.095692456 0.12296334 0.0010937992 0.0021488974 0.13992575 0.14391567 0.24078394 0.26955938 0.0035041354 0.057054505 0.12571353 0.022379505 0.0003937606 0.18280938 0.0008552314 0.29932162 0.08135794 0.34087834 0.55338794 0.0004192963 0.0005607031 0.07690201 0.17145173 0.2138906 0.3039829 0.0015566072 0.6043144 0.20964724 0.17061622 6.7154583e-06 0.7726104 0.8006748 0.0031604208 0.0077058203 0.6079511 0.010270346 0.1952221 0.011990778 0.28574955 0.033831697 0.33922052 0.8795198 0.7832842 0.10451606 0.90947276 0.17564186 0.0026766874 0.015765227 0.50939125 0.00038116012 0.85382706 0.19724202 0.018194636 0.72803575 0.30092266 0.7883449 0.021033613 0.67142004 0.03094582 0.7129446 0.707476 0.9432391 3.0583508e-06 0.0014205858 0.19220878 5.112297e-06 5.315869e-07 0.9451455 0.5341389 0.96981186 0.5633696 0.020234855 0.77557886 1.2391644e-06 0.7927212 0.9652791 0.007695223 0.9433028 8.403762e-07 7.52407e-06 0.9664886
0.0044290954 3.5600176e-27 0.4168378 0.43918195 0.5216707 0.6089565 0.5568619 0.6058025 0.4409708 0.17534807 0.22404575 0.02253014 0.13280752 0.12175945 0.18585528 0.01592817 0.003497163 0.012531163 0.027712256 0.058010627 0.08637355 0.08806252 0.0418695 0.04067422 0.08167156 0.093980946 0.06544007 0.057942726 0.016134288 0.009076442 0.03178156 0.0017446937 0.010721289 0.036862377 0.002572757 0.025303178 0.0015367536 0.019602466 0.02876094 0.006403473 0.0073267897 0.0026452772 0.0036450813 0.0038275812 0.0065813917 0.0018737809 0.008986749 0.0048565296 0.001676141 0.000103648985 0.003729194 0.0039216243 0.00051730726 0.00019508575 0.0005528365 0.0003957342 0.00067019626 0.000526988 0.00020246589 8.776632e-05 0.0001594964 0.0053917198 0.003548538 0.00025737498 0.0060400353 0.0028245954 0.0006932344 0.00022277856 0.0019343214 0.00017634449 0.004387496 3.9950948e-05 0.00018465186 0.0041840933 0.0014342339 0.0035051147 7.349267e-05 0.00012832064 0.00015419033 0.0001114499 0.0015747577 0.0021028542 0.00064321014 0.00017941264 0.0005549164 5.5738263e-05 0.0005311038 0.0041276366 0.0003522834 0.0025861147 0.00070991874 6.371134e-05 0.0004625682 5.284271e-06 3.4079283e-06 0.001344974 0.0001509212 0.003572957 8.313951e-06 5.578346e-05 0.0048643933
0.002817125 0.4168378 9.3061716e-24 0.36799973 0.1966242 0.42703697 0.15196826 0.30948815 0.20321198 0.042806946 0.18812914 0.0075683766 0.05330222 0.15806988 0.059436508 0.0033206732 0.0021121863 0.008273972 0.0074399104 0.047750812 0.048926096 0.08578213 0.02195712 0.075187914 0.041784815 0.06713639 0.05679287 0.02818817 0.040793333 0.017134883 0.028637372 0.0018314319 0.013791289 0.014514967 0.0046402537 0.013334356 0.00067881704 0.012724125 0.0133251585 0.0055710925 0.011840841 0.0010035649 0.0062433784 0.005177527 0.0034175117 0.0072053024 0.0058270185 0.0058494336 0.000896448 0.00014197515 0.0026994 0.0030370408 0.0025017445 0.0005651349 0.00027924124 0.0014148626 0.0009842706 0.0008520634 0.00021934205 0.00020480757 0.00015121048 0.0039516794 0.0018363247 0.00020086521 0.004395401 0.0021634365 0.0016170039 0.0004776865 0.0018425944 0.0005159728 0.0037622524 2.9567158e-05 0.0004552534 0.003037397 0.0013842743 0.0028409467 0.00025470197 9.370051e-05 0.0005078024 0.00017198485 0.002103784 0.0014813611 0.0008776825 0.00030771218 0.00024677807 8.8419925e-05 0.0019359103 0.00609138 0.00039534637 0.0032283717 0.00052383955 0.000253678 0.00032906988 9.462153e-06 1.073767e-05 0.0016809562 7.4471965e-05 0.0023723363 1.5868749e-05 0.0001417438 0.00933443
0.0046173297 0.43918195 0.36799973 1.108037e-20 0.14972219 0.70015764 0.12624751 0.3738371 0.088438675 0.037611324 0.1396805 0.003664546 0.02835766 0.19031268 0.06034481 0.0018663483 0.0012357758 0.00523912 0.006568591 0.021675328 0.06487256 0.13782705 0.013004378 0.18884756 0.049145196 0.11206638 0.122057 0.0336709 0.21523328 0.0541529 0.06660371 0.0018288173 0.006303343 0.022820584 0.0028224455 0.018911002 0.0007004101 0.024216667 0.025041614 0.0025091672 0.018206595 0.0010064872 0.016805932 0.012842586 0.007414789 0.027148152 0.013074937 0.012982878 0.00080462825 9.42507e-05 0.0068096197 0.00881593 0.012734766 0.0021417593 0.0006276634 0.0046054907 0.0041398276 0.00046133721 0.000525111 0.0014430408 0.00039474078 0.009608952 0.004583023 0.00028897953 0.010157703 0.0054916455 0.0006588158 0.00031810254 0.0061526564 0.0018305144 0.009648502 5.3969874e-05 0.0014486375 0.0056511094 0.0032467104 0.0051024733 0.0011627122 0.00020620534 0.0016346134 0.0006454259 0.0050431434 0.002987516 0.00031698082 0.0002252153 0.00066434906 7.3911624e-06 0.00074709725 0.013401368 0.0006922659 0.010912144 0.001159382 0.00042225112 0.000921995 1.3277556e-06 3.9676244e-05 0.004354484 0.00014698724 0.0072653326 2.871729e-06 7.9923426e-05 0.011400911
0.0053524044 0.5216707 0.1966242 0.14972219 4.208558e-27 0.35202488 0.7865353 0.5873369 0.56812096 0.50810623 0.20299156 0.14566782 0.18082277 0.073272526 0.4469199 0.08166007 0.021664526 0.047413144 0.12767985 0.07875357 0.12692298 0.119882524 0.05348721 0.018067613 0.13328257 0.12491244 0.06409574 0.14567834 0.0061422884 0.008580377 0.025663087 0.0054939347 0.003808596 0.08784098 0.012873456 0.08518778 0.007475784 0.049397316 0.09603896 0.012655502 0.0021891878 0.007447865 0.0048707994 0.0068119904 0.026340986 0.00025920023 0.02240824 0.0060076267 0.010524946 3.8046644e-05 0.010481574 0.008820177 9.989171e-05 0.00016893767 0.005500383 0.00016323033 0.0007359781 0.00037153636 0.0013258286 5.207009e-05 0.0011906121 0.0108627 0.0102481665 0.00019371125 0.011533514 0.0011529264 3.1794953e-05 0.00032212335 0.0015968375 3.7553174e-05 0.0056514195 6.202908e-05 4.0497736e-05 0.0086031025 0.00023644422 0.00834128 1.6887861e-05 0.0019354664 5.3930875e-05 0.0010120143 0.00046197255 0.0058263736 1.31385905e-05 2.6377196e-05 0.00043301898 2.591777e-06 2.1697194e-06 0.002301664 0.002548581 0.0032016907 0.002293946 1.3875899e-05 0.0022680038 1.2696106e-06 8.354084e-05 0.003166325 2.4061508e-05 0.0053819153 6.7121186e-07 1.2976941e-05 0.0033264149
0.016411379 0.6089565 0.42703697 0.70015764 0.35202488 5.9713e-22 0.35242695 0.7629229 0.19710279 0.0758392 0.20253941 0.0075297668 0.038797207 0.1496878 0.15654325 0.0035841458 0.0011688714 0.0054524043 0.016241884 0.021264544 0.15589097 0.28874204 0.0174869 0.10715198 0.12496696 0.24004287 0.23947744 0.07796572 0.11960026 0.0659087 0.12355782 0.0012721032 0.0054014497 0.06209103 0.004418352 0.061833534 0.0027262857 0.09891612 0.078678355 0.0037262805 0.009794539 0.0038463527 0.022718612 0.023362638 0.018741772 0.013193681 0.054852128 0.024055991 0.004757169 0.00014969717 0.024815131 0.0333464 0.008099984 0.00263719 0.003008222 0.0078233965 0.005089667 0.00043248737 0.0008443879 0.0018325982 0.0006631077 0.035743434 0.018479573 0.000213171 0.044105448 0.007753581 9.617217e-05 0.000310646 0.0073849866 0.0006983155 0.038496193 5.4220232e-05 0.0021239563 0.024724215 0.0043528187 0.02130937 0.0009275857 0.0010652032 0.0011783643 0.0011835733 0.005538769 0.009852295 2.8555196e-05 5.8285936e-05 0.0002785699 3.088878e-07 2.8376107e-05 0.028742906 0.0026032093 0.030935474 0.0028426973 0.00066270225 0.0024759513 3.296648e-06 0.00014039739 0.008502727 7.079533e-05 0.009108768 1.1635434e-06 7.995011e-05 0.022869345
0.008624663 0.5568619 0.15196826 0.12624751 0.7865353 0.35242695 3.468794e-26 0.72598153 0.567809 0.59667504 0.16898617 0.1644238 0.146031 0.04182051 0.6180664 0.117523395 0.032433897 0.051050153 0.16369222 0.05272 0.11761019 0.11430481 0.043429837 0.018374449 0.13291653 0.13666987 0.08267452 0.12390656 0.006133818 0.010384921 0.030131498 0.008994397 0.005003427 0.0998585 0.012171616 0.10626077 0.014409176 0.06749992 0.1271076 0.0055732173 0.0010422926 0.013545193 0.006804527 0.0057378197 0.08452939 0.00022097322 0.031133644 0.0077765295 0.024281982 0.00012323256 0.012614021 0.012437832 0.00021541388 0.00039599242 0.018525733 0.0007425045 0.0006252945 0.000573979 0.0025826136 8.439415e-05 0.002265455 0.013185153 0.021355202 0.00056875235 0.013420764 0.002727189 3.0082565e-05 0.00038741142 0.0033741212 9.582299e-05 0.011370904 0.000116491465 4.724629e-05 0.016632196 0.0005573742 0.016893743 2.886698e-05 0.0029231496 7.717229e-05 0.0038280997 0.0006360519 0.011734854 1.9751246e-06 3.9967603e-05 0.0008466368 2.3207947e-07 8.873531e-08 0.004237043 0.008387566 0.0028454517 0.008031709 6.490334e-05 0.004001993 1.4105976e-05 0.0006565425 0.0030211024 0.0001369305 0.0072080786 3.0718381e-06 4.9270253e-05 0.0022258298
0.012770187 0.6058025 0.30948815 0.3738371 0.5873369 0.7629229 0.72598153 4.5551604e-25 0.36692333 0.24808091 0.2099428 0.03836291 0.11107559 0.073602505 0.26060632 0.02126065 0.008098369 0.023554191 0.041563734 0.038788863 0.27573967 0.2551557 0.028331209 0.05114883 0.2717588 0.27004284 0.21452485 0.21829215 0.03443237 0.0376138 0.099849164 0.005750018 0.0061805323 0.15867925 0.0063372743 0.13115576 0.017494164 0.18436405 0.2140029 0.0031701094 0.0031802019 0.019185575 0.021946773 0.02148864 0.07831345 0.0024290686 0.10294808 0.027754454 0.02800329 7.155147e-05 0.046558466 0.048211496 0.0026313933 0.0036599585 0.018253509 0.003128699 0.0053393533 0.00085475855 0.003952846 0.0018581928 0.0033445207 0.053603582 0.045126908 0.0011638409 0.052350633 0.015385764 0.00011244652 0.0005900751 0.011856565 0.00056598906 0.03924079 0.00030939918 0.0013149696 0.045040462 0.004826773 0.041101262 0.00048528067 0.005447413 0.0008971343 0.0038879756 0.0053261686 0.023247618 3.5029204e-06 7.6800425e-05 0.00095138745 4.3333245e-08 6.1679515e-07 0.017507408 0.012160925 0.014575495 0.011957901 0.00027333276 0.009279622 5.7535863e-06 0.00096607435 0.009714105 0.0001725625 0.0154789165 3.1466466e-06 3.703025e-05 0.011936624
0.007778283 0.4409708 0.20321198 0.088438675 0.56812096 0.19710279 0.567809 0.36692333 8.516395e-25 0.5635384 0.49403054 0.4081216 0.60075307 0.110326655 0.5078699 0.2003388 0.11535822 0.4155918 0.204864 0.26528153 0.035299916 0.027883798 0.2762526 0.033822432 0.04421736 0.03454259 0.015388802 0.03731587 0.013715778 0.003407802 0.005509061 0.024244923 0.023477543 0.018934753 0.10930898 0.030226003 0.00853798 0.0032357185 0.011982034 0.056157257 0.0075782863 0.008138293 0.0035504943 0.0040805656 0.0057037515 0.0010411779 0.0022813396 0.0042395373 0.0038701538 0.004111654 0.00073289446 0.00094670185 0.00034676533 0.0003080663 0.00085180014 0.00039316775 0.0003352042 0.0040423186 0.00046962925 0.0002861565 0.00039393263 0.0009009007 0.0010432204 0.0007660019 0.00059934455 0.00068225525 0.0062680203 0.0018783029 0.00090268435 0.00016966583 0.00070155325 0.00035189404 0.00047873426 0.0009294293 0.00035927916 0.0008837719 0.00026601207 0.00019768847 0.00039494337 0.0003572187 0.0001792625 0.0005851769 0.00010563423 0.0047117937 0.00081288413 5.6720266e-05 7.945551e-05 0.0005043566 0.00057143514 0.00030738662 0.00062079384 0.00019268463 0.00026396484 3.189435e-05 1.3285162e-05 0.00035799402 0.0019732278 0.00070032355 3.1751046e-05 0.00020866787 0.0013969853
0.013180816 0.17534807 0.042806946 0.037611324 0.50810623 0.0758392 0.59667504 0.24808091 0.5635384 3.1970035e-27 0.09801239 0.57466364 0.27122676 0.051859464 0.70328593 0.57684934 0.46783373 0.3284872 0.56290114 0.06731029 0.05939299 0.04546085 0.15429683 0.0052170577 0.07953851 0.062422797 0.020290576 0.09646786 0.00058022834 0.0009636736 0.0050850143 0.17120646 0.0049264384 0.08374832 0.13754486 0.26441038 0.02624239 0.011700057 0.07164567 0.05254627 0.0033358836 0.028530797 0.00086183223 0.0012641539 0.079728924 0.00010557682 0.006398632 0.0012865221 0.030758465 0.0013615057 0.0028202378 0.0023439366 1.6399825e-05 3.997976e-05 0.01139877 2.0660602e-05 0.0002692404 0.0026358664 0.0032250483 5.1932275e-05 0.0025953995 0.0032037813 0.0071723224 0.0010044161 0.0026773165 0.0003638151 0.0003256899 0.0014961723 0.00042027232 1.6423739e-05 0.0011087067 0.00042315532 4.172374e-05 0.0059362594 9.6632306e-05 0.006483977 1.6145123e-05 0.0022885075 3.0503277e-05 0.0019048101 5.4971806e-05 0.006599216 8.700981e-06 0.0004351333 0.0011657855 4.0891497e-05 1.7210708e-06 0.0004985934 0.0038725983 0.00063813373 0.004180388 9.945639e-06 0.003636389 2.4462199e-05 0.0004736589 0.0019340788 0.00068999233 0.0042124563 1.15608e-05 0.00016192778 0.0008904775
0.0032651713 0.22404575 0.18812914 0.1396805 0.20299156 0.20253941 0.16898617 0.2099428 0.49403054 0.09801239 5.7669925e-24 0.019461833 0.17652568 0.41946697 0.0959616 0.005262405 0.0043922793 0.015244231 0.011020013 0.30756646 0.01231972 0.014022525 0.029104358 0.03386641 0.013637727 0.018147092 0.011438244 0.010239061 0.01192769 0.0027717375 0.0022571126 0.0014302892 0.15753542 0.0037497513 0.008613582 0.004266552 0.0016172121 0.0029866255 0.004788975 0.0059601157 0.0070551923 0.0016652596 0.0027069675 0.0041588 0.0014878958 0.0012496 0.0023589963 0.0041238354 0.0008978644 0.00093408284 0.00063004246 0.00073687214 0.00016860175 0.00024463123 9.698221e-05 0.00019648929 0.00033997497 0.0007852631 9.6989694e-05 5.602979e-05 7.2809424e-05 0.00033131798 0.00017618814 0.00017320583 0.0003032332 0.0006195846 0.0047256006 0.00022269784 0.0010348103 3.358421e-05 0.0002878609 1.5765421e-05 0.00015556753 4.767769e-05 0.00068708835 4.5948804e-05 7.255345e-05 1.1259616e-05 0.00013925871 3.437523e-05 0.0007316131 2.6929934e-05 0.00017667846 0.0019915015 4.536833e-05 6.029963e-05 0.00019353362 0.0010450961 3.1371826e-05 0.0005634239 3.8237173e-05 7.1555696e-05 1.3631584e-05 2.4182914e-06 6.374342e-07 0.0003169491 0.0005632171 0.00027401812 5.875347e-06 1.2616029e-05 0.00079058425
0.0051870826 0.02253014 0.0075683766 0.003664546 0.14566782 0.0075297668 0.1644238 0.03836291 0.4081216 0.57466364 0.019461833 7.974019e-27 0.19938621 0.018134058 0.41713086 0.5117022 0.49846447 0.40210792 0.42437193 0.032359123 0.022148259 0.012180517 0.1397442 0.0013030099 0.032243 0.018509226 0.0054979073 0.05550294 0.00012729653 0.0004204776 0.0013859705 0.2688246 0.0015206159 0.047992054 0.21649821 0.19970487 0.040162172 0.0057631754 0.040845826 0.04341466 0.00089088484 0.036972295 0.0009611523 0.0013605822 0.06014389 1.97502e-05 0.003670597 0.001431047 0.03955001 0.0005965265 0.0017200315 0.0013109541 1.9625559e-06 1.2925203e-05 0.00945354 1.611962e-06 0.00013843113 0.002622427 0.0048304824 2.2975726e-05 0.003831054 0.0020147972 0.005340764 0.0020103904 0.0013098931 0.00024297506 0.0009088186 0.0015683281 0.0004187968 1.095212e-06 0.0008586921 0.0011089483 9.31161e-06 0.004260935 9.056424e-05 0.0049177124 8.1691705e-06 0.0030242642 9.521698e-06 0.003661844 6.290192e-05 0.005164951 3.5719959e-06 0.00086418947 0.0015880656 8.996695e-06 1.536574e-07 0.0005561452 0.003229841 0.0005515797 0.0044792937 4.963649e-06 0.004309897 1.2039252e-05 0.0010300135 0.0026040971 0.000898183 0.0040000034 1.9638608e-06 4.11992e-05 0.00092488935
0.0032184639 0.13280752 0.05330222 0.02835766 0.18082277 0.038797207 0.146031 0.11107559 0.60075307 0.27122676 0.17652568 0.19938621 4.7118923e-25 0.04784756 0.20670728 0.08506463 0.06268382 0.28411517 0.095424235 0.29932377 0.013111579 0.011646386 0.36427796 0.018593865 0.014765186 0.013970927 0.0084238155 0.017762499 0.00713609 0.0034405289 0.005053646 0.02562058 0.019326352 0.010656904 0.1035669 0.035802044 0.01146593 0.00429445 0.012012788 0.070290074 0.0043251403 0.014622512 0.005561359 0.0075083943 0.008917158 0.0005437527 0.0023867476 0.00848081 0.010286152 0.009586198 0.00068163086 0.0011719287 8.2535684e-05 0.0003874107 0.0017447387 0.00013241517 0.0013407562 0.006411184 0.0013673013 0.00027082185 0.0013065458 0.00042216716 0.000567595 0.0025649727 0.00024728975 0.0029142192 0.009821032 0.0046714186 0.0021033837 2.5519104e-05 0.000399177 0.0010179338 0.000110803434 0.00013352412 0.001271795 0.00015867212 0.00014454125 0.0003839765 0.000118806165 0.0014164199 0.0007458942 0.00031444302 0.00026691827 0.009428447 0.0023014215 0.0010648904 4.1124345e-05 0.0008342995 0.000982551 0.00016366756 0.0006164679 0.00027149444 0.0003228584 0.00019565923 3.452863e-05 0.0003012056 0.004438103 0.00027366428 0.000106482534 0.0002482453 0.00040824024
0.0033318028 0.12175945 0.15806988 0.19031268 0.073272526 0.1496878 0.04182051 0.073602505 0.110326655 0.051859464 0.41946697 0.018134058 0.04784756 8.985654e-22 0.027496284 0.0035688702 0.004178316 0.010680698 0.007848872 0.0748057 0.015871383 0.025418466 0.012874942 0.31597617 0.015787728 0.027473753 0.02504719 0.0071048876 0.18657315 0.020520356 0.0143617205 0.001594028 0.14166665 0.0042279614 0.0068361224 0.0013755015 0.00089261675 0.012262829 0.007982292 0.005650285 0.07809958 0.0018917369 0.0099774655 0.009306742 0.0025081788 0.027600268 0.006516302 0.008880127 0.00079188927 0.00013293255 0.0029390117 0.003388883 0.002868539 0.0014119099 0.0003719527 0.0018992242 0.004402768 0.00037067686 0.00014433145 0.00055497856 9.016412e-05 0.0023281667 0.00015305418 2.8886423e-05 0.0021998088 0.004104653 0.0012568763 0.00011518954 0.0054157423 0.000552254 0.002214387 1.6325102e-06 0.0006820252 7.3658266e-05 0.0026730292 4.7272475e-05 0.0003620209 3.445041e-05 0.000515119 1.5511456e-05 0.0028704042 6.526072e-05 0.0004349012 0.00054381473 1.6034457e-05 1.7346925e-05 0.011731565 0.0037337241 4.886702e-05 0.0027442204 8.110264e-05 0.00022595601 2.3196244e-05 2.8822936e-07 1.9896068e-07 0.00062817684 0.00013114398 0.0003769036 1.0752821e-06 4.0152454e-06 0.001824118
0.08790159 0.18585528 0.059436508 0.06034481 0.4469199 0.15654325 0.6180664 0.26060632 0.5078699 0.70328593 0.0959616 0.41713086 0.20670728 0.027496284 8.170041e-25 0.54544723 0.28609937 0.23620354 0.6852967 0.047211546 0.15491651 0.093865335 0.0847015 0.007644646 0.22852814 0.13683434 0.056437984 0.3054626 0.0016951059 0.0043851826 0.015873555 0.12621744 0.0014838411 0.24178168 0.07660265 0.5152313 0.059862014 0.09260967 0.2706871 0.0256439 0.0011041715 0.052200314 0.0034253625 0.0054609207 0.26827946 0.00012001212 0.033671338 0.005817695 0.07423457 0.00016301019 0.016457137 0.014294643 2.6215292e-05 0.00015922905 0.084074534 0.00018818035 0.000633474 0.0028656595 0.013987059 6.641333e-05 0.011694311 0.0184878 0.049463816 0.003096287 0.021956021 0.0013204098 0.0005118598 0.0017718408 0.0015823812 3.5511122e-05 0.010180315 0.0013998032 6.89714e-05 0.051350873 0.0003004989 0.053065915 1.1371185e-05 0.010674853 3.3737913e-05 0.009371165 0.00041129286 0.05385987 3.9991983e-06 0.00074711756 0.002340548 3.2657724e-06 1.3664642e-07 0.0025849643 0.017994028 0.0085304845 0.02332258 2.1590387e-05 0.024122797 9.644017e-05 0.00567181 0.02306987 0.0012932059 0.038089186 8.851118e-06 8.789816e-05 0.0018621233
0.008688796 0.01592817 0.0033206732 0.0018663483 0.08166007 0.0035841458 0.117523395 0.02126065 0.2003388 0.57684934 0.005262405 0.5117022 0.08506463 0.0035688702 0.54544723 4.4893812e-26 0.6369286 0.34661728 0.707832 0.012288747 0.024732975 0.011822432 0.07226005 0.00072683266 0.036217626 0.02073725 0.0063295104 0.060029127 0.00025761442 0.0003821268 0.001711118 0.4790014 0.0005156437 0.053299453 0.25306296 0.28055727 0.08106142 0.007995583 0.041958455 0.03089628 0.0002685967 0.07111823 0.00063592265 0.001266899 0.09005396 2.6274336e-05 0.0058461386 0.0014603202 0.066149294 7.513626e-05 0.0037091486 0.002683541 3.3009233e-06 4.435124e-05 0.028124759 9.509665e-06 0.0001499485 0.0029502686 0.016048098 4.60645e-05 0.013967897 0.004340944 0.011333607 0.002603428 0.0035706218 0.00026644877 0.001054889 0.0018560375 0.0005091701 3.8364487e-06 0.0015314632 0.001180556 2.2478194e-05 0.010031707 0.00011955016 0.010502992 7.1048726e-06 0.009481032 1.3610202e-05 0.0100538265 5.432634e-05 0.01431159 8.196256e-08 0.0010734107 0.0022938685 5.5106176e-07 2.4533828e-09 0.0006589173 0.01042571 0.0008049714 0.010378258 4.2814636e-06 0.010442039 2.2844592e-05 0.0039820173 0.0046000234 0.0017942934 0.0074802027 1.2094512e-05 0.00024740817 0.0004908149
0.0043583126 0.003497163 0.0021121863 0.0012357758 0.021664526 0.0011688714 0.032433897 0.008098369 0.11535822 0.46783373 0.0043922793 0.49846447 0.06268382 0.004178316 0.28609937 0.6369286 3.2169318e-27 0.42074585 0.49702686 0.013894829 0.010575495 0.004402997 0.08340612 0.0008605547 0.013921524 0.008514465 0.002829732 0.037992164 0.00018111318 0.0006449241 0.0013680605 0.5760542 0.0012241137 0.028657556 0.41879973 0.24114904 0.087348886 0.0042074895 0.027625447 0.04527667 0.00046692384 0.07961847 0.0009455971 0.0018565252 0.060720302 2.3155397e-05 0.0026900894 0.0021632942 0.0682961 0.0002635669 0.0009528988 0.0012216128 2.8292782e-06 1.3759778e-05 0.015812524 3.2676355e-06 0.00014981728 0.0064746346 0.016454846 1.4538185e-05 0.014407478 0.0016921775 0.0053952457 0.00457763 0.0009038029 0.00021209018 0.0017703408 0.0037851268 0.00036928314 1.2859491e-06 0.0006857336 0.0021598535 4.0791565e-06 0.0033796283 5.4054613e-05 0.004132915 7.1153763e-06 0.010289615 7.2865378e-06 0.010908258 4.718946e-05 0.006534897 1.4335248e-07 0.0023749296 0.0028722906 1.4600033e-06 7.562834e-09 0.0003266542 0.008545076 0.00047257918 0.008333305 3.8293642e-06 0.008612818 4.3409003e-05 0.003030242 0.002219908 0.0024431476 0.0057346057 1.4018151e-05 0.0005176964 0.0014052304
0.0015494684 0.012531163 0.008273972 0.00523912 0.047413144 0.0054524043 0.051050153 0.023554191 0.4155918 0.3284872 0.015244231 0.40210792 0.28411517 0.010680698 0.23620354 0.34661728 0.42074585 2.4056168e-25 0.30305153 0.041975603 0.007242953 0.0038860533 0.31286296 0.0035287687 0.00776538 0.005750353 0.0028290409 0.010608446 0.0012655598 0.00062401727 0.0008817741 0.21000357 0.0035066744 0.0069005885 0.510111 0.03849096 0.014256782 0.0017651846 0.0066573774 0.11694117 0.0022505277 0.015452966 0.0011451205 0.0019443021 0.0057970514 0.00021702744 0.0011343469 0.002805658 0.009120437 0.003952071 0.00042023163 0.00048206473 4.0205192e-05 3.8672813e-05 0.002292273 3.7394217e-05 0.00025398424 0.0030332576 0.0010311541 5.4576274e-05 0.0009626324 0.0009100528 0.0017404377 0.0012749354 0.00048989087 0.0007128451 0.0023695033 0.0015886094 0.00051544287 1.1702767e-05 0.0003511774 0.00087471196 3.5555277e-05 0.0015474046 0.00020288746 0.0013861766 5.179359e-05 0.0010535149 7.254895e-05 0.001966973 0.0001079611 0.0013521864 1.9161243e-06 0.0021302307 0.0014920636 9.626461e-06 1.1605878e-06 0.0002359903 0.0023878166 0.0001629561 0.001935818 3.0969662e-05 0.0011164682 6.22462e-05 0.00023318178 0.00037695267 0.002506926 0.0010664143 0.00014195444 0.0013571538 0.00071380334
0.02430472 0.027712256 0.0074399104 0.006568591 0.12767985 0.016241884 0.16369222 0.041563734 0.204864 0.56290114 0.011020013 0.42437193 0.095424235 0.007848872 0.6852967 0.707832 0.49702686 0.30305153 4.8772706e-25 0.019849613 0.037540592 0.022887627 0.07658099 0.0017617691 0.062276233 0.038317543 0.014183171 0.12542625 0.00048699052 0.0008948597 0.004719849 0.43805593 0.00046874015 0.10223645 0.20781672 0.469424 0.1574372 0.025773395 0.113702945 0.032193236 0.00047637924 0.13468045 0.0013525883 0.0018365916 0.18574202 7.11595e-05 0.012028218 0.0020883153 0.13065559 0.000114461 0.006754108 0.0048687328 8.677802e-06 6.16774e-05 0.08418462 2.4663841e-05 0.0002943441 0.006862619 0.040429156 6.5778215e-05 0.03412516 0.008074143 0.0292408 0.005940909 0.009625774 0.00064852415 0.0017754226 0.0044807335 0.0007030676 1.116983e-05 0.0035083203 0.0037975395 6.123064e-05 0.028758781 0.0002559709 0.030693693 1.5014446e-05 0.026729496 2.9790588e-05 0.021533975 0.00022437792 0.03660541 1.5872743e-07 0.0020930124 0.00635126 7.5735375e-07 1.0162048e-08 0.0015431824 0.032932498 0.0022693744 0.029881107 8.547381e-06 0.03573411 8.9126246e-05 0.014747608 0.012658562 0.0030561846 0.024361704 2.4392708e-05 0.0003982247 0.0008082375
0.0032587228 0.058010627 0.047750812 0.021675328 0.07875357 0.021264544 0.05272 0.038788863 0.26528153 0.06731029 0.30756646 0.032359123 0.29932377 0.0748057 0.047211546 0.012288747 0.013894829 0.041975603 0.019849613 5.370655e-23 0.010450631 0.0057961973 0.10014702 0.022988666 0.017118216 0.011113834 0.0049537304 0.016664838 0.013550601 0.0010670364 0.0022854116 0.0037581625 0.109860964 0.010623251 0.025653519 0.0112120835 0.0021666097 0.0045985566 0.014666078 0.030885352 0.004788263 0.0027014718 0.0008542272 0.0023356592 0.0051400308 0.002124875 0.0038064755 0.003619769 0.001881006 0.010393278 0.0029003327 0.0011607439 0.00014952253 7.851155e-05 0.0015911134 0.00011939749 0.00053186686 0.0018356285 0.00026751764 3.1889424e-05 0.00017139621 0.0055756764 0.003501812 0.00019245323 0.0042789476 0.0004401332 0.0035625235 0.00080606603 0.0018676997 7.283109e-05 0.000829843 1.1956116e-05 2.2486856e-05 0.0054915193 0.00033399835 0.0052947863 2.6655182e-05 4.013199e-05 2.3482544e-05 4.0051124e-05 0.0003487361 0.006241571 0.0011579086 0.0016297756 7.008508e-05 0.0025838416 0.00049483974 0.00076414057 4.775578e-05 0.007947734 0.00030518917 0.00019936326 9.217131e-05 4.4942222e-05 9.933311e-07 0.021076191 0.00033850037 0.027587393 1.2093937e-05 1.0442182e-05 0.000839938
0.095692456 0.08637355 0.048926096 0.06487256 0.12692298 0.15589097 0.11761019 0.27573967 0.035299916 0.05939299 0.01231972 0.022148259 0.013111579 0.015871383 0.15491651 0.024732975 0.010575495 0.007242953 0.037540592 0.010450631 5.4181075e-23 0.45483786 0.007725161 0.019823918 0.61874276 0.5207933 0.3328404 0.40330562 0.010302655 0.032045417 0.17244369 0.010596857 0.0026635083 0.3155322 0.002871473 0.26666963 0.024331912 0.33537328 0.40306914 0.00075144327 0.0006830211 0.03447327 0.028639764 0.047485072 0.20992325 0.0004334908 0.26019493 0.052613534 0.045589577 9.063124e-06 0.18118252 0.1739847 7.813799e-05 0.0023069866 0.06549758 0.00023222197 0.009244299 0.0025551994 0.007990191 0.0038227262 0.0065925703 0.20650116 0.18391429 0.00205583 0.23193993 0.013194971 0.00037283986 0.001298432 0.021773936 5.041457e-05 0.1763896 0.0007582598 0.0019598599 0.20633726 0.005255469 0.1819636 0.0003294932 0.0070923604 0.00033478922 0.0041776937 0.00905576 0.093725614 1.7110876e-06 0.00036393848 0.001346292 6.515717e-09 1.16830286e-07 0.06649388 0.014273058 0.15636237 0.022697054 1.0181096e-05 0.026990384 8.079269e-09 0.002419378 0.111656435 0.00013656051 0.08379923 3.0320876e-07 9.190287e-06 0.044596866
0.12296334 0.08806252 0.08578213 0.13782705 0.119882524 0.28874204 0.11430481 0.2551557 0.027883798 0.04546085 0.014022525 0.012180517 0.011646386 0.025418466 0.093865335 0.011822432 0.004402997 0.0038860533 0.022887627 0.0057961973 0.45483786 5.6690407e-22 0.005546661 0.05382221 0.37866437 0.530045 0.55245084 0.2468991 0.052510425 0.13588431 0.44234243 0.00511565 0.0029675297 0.2099514 0.0019199153 0.17576678 0.018024221 0.4241191 0.2946963 0.00040639882 0.0023107266 0.019659966 0.13388936 0.20981582 0.14562476 0.009777586 0.35859394 0.21974899 0.02669825 5.3566196e-06 0.28150788 0.31921038 0.0021099867 0.014020714 0.03870349 0.0025914214 0.06316217 0.0008258481 0.0058388696 0.014895594 0.004577185 0.31694597 0.17238013 0.00083990203 0.33831933 0.08085355 0.0005324028 0.0003649704 0.113666765 0.00022334675 0.36540318 0.00027055232 0.008561132 0.20308733 0.031857073 0.16797172 0.0028905491 0.0049127084 0.003542038 0.0026388632 0.056885626 0.068954356 1.989496e-06 5.9908136e-05 0.00062657346 4.0441113e-09 2.755657e-07 0.305662 0.00865803 0.30726993 0.009972571 9.66972e-05 0.01423615 5.080363e-09 0.0012188087 0.15148735 7.6256125e-05 0.05597976 3.805484e-07 1.1166836e-05 0.11628621
0.0010937992 0.0418695 0.02195712 0.013004378 0.05348721 0.0174869 0.043429837 0.028331209 0.2762526 0.15429683 0.029104358 0.1397442 0.36427796 0.012874942 0.0847015 0.07226005 0.08340612 0.31286296 0.07658099 0.10014702 0.007725161 0.005546661 6.6159007e-24 0.0061150547 0.010350913 0.008505217 0.0056795147 0.012959597 0.003945214 0.0031109261 0.0049510174 0.05190136 0.008627636 0.008317569 0.22720139 0.037750952 0.01390745 0.004361435 0.012744759 0.12728126 0.003033051 0.014930522 0.0046138987 0.0076832264 0.009959308 0.0006910997 0.0036773123 0.008457761 0.014412315 0.0135618355 0.00094559067 0.0011901868 4.1610452e-05 0.00029570554 0.0053516133 4.0415285e-05 0.0010581407 0.0071485075 0.002666576 0.00024233498 0.0024882213 0.00053642417 0.0016509806 0.003221902 0.0005207747 0.0017993135 0.0067455075 0.0040450688 0.0021567394 3.4822165e-06 0.0003228532 0.0022999614 8.879927e-05 0.0003857778 0.00046610454 0.00048581508 0.00014626124 0.0019651628 8.990567e-05 0.0049583907 0.00031391956 0.0012879665 2.5909332e-05 0.0048265154 0.004566137 0.0007976554 1.9666438e-06 0.0003998182 0.0036658817 0.00024379602 0.0021714368 4.9152644e-05 0.001525262 0.0010698736 0.00046605297 0.00034684173 0.006930841 0.00075744634 0.0002611903 0.0007749219 0.00016723434
0.0021488974 0.04067422 0.075187914 0.18884756 0.018067613 0.10715198 0.018374449 0.05114883 0.033822432 0.0052170577 0.03386641 0.0013030099 0.018593865 0.31597617 0.007644646 0.00072683266 0.0008605547 0.0035287687 0.0017617691 0.022988666 0.019823918 0.05382221 0.0061150547 8.080774e-25 0.012436242 0.037935037 0.05558306 0.0052710217 0.5367898 0.07983206 0.053856928 0.00059317634 0.014454179 0.0036652838 0.0014209416 0.0018700121 0.0012339922 0.009212945 0.010370036 0.0026302703 0.25168788 0.002025419 0.027952949 0.015454388 0.0026365074 0.2552717 0.005909607 0.020268934 0.0014118636 0.00016947405 0.0030510407 0.004327366 0.06419945 0.010866881 0.00058345275 0.026856277 0.010435589 2.593989e-05 0.0007848718 0.0031322876 0.0005907184 0.0018181875 0.00031301106 8.157567e-05 0.0013520466 0.009024946 0.00013817777 2.9327915e-05 0.00548842 0.025222866 0.0037869017 2.9309674e-06 0.0027915563 6.217982e-05 0.004960389 5.7051133e-05 0.0014196615 8.5292515e-05 0.0019232855 0.00014027921 0.0036345795 0.00010595042 6.0656876e-05 4.8597096e-05 8.7234264e-05 3.0169113e-06 0.004387641 0.005204808 7.638809e-05 0.0010764031 0.00015457047 0.00034953153 5.6182656e-05 2.255993e-09 1.6303226e-06 0.00011042736 3.245221e-05 4.5286244e-05 1.35151135e-08 1.154717e-07 0.0008233674
0.13992575 0.08167156 0.041784815 0.049145196 0.13328257 0.12496696 0.13291653 0.2717588 0.04421736 0.07953851 0.013637727 0.032243 0.014765186 0.015787728 0.22852814 0.036217626 0.013921524 0.00776538 0.062276233 0.017118216 0.61874276 0.37866437 0.010350913 0.012436242 2.4418344e-23 0.50159305 0.2768275 0.5113595 0.006850104 0.024020245 0.11553152 0.015468161 0.0041212053 0.43132082 0.0051524034 0.2974309 0.03491937 0.33923092 0.4911333 0.0017679357 0.0007656655 0.042638965 0.017620966 0.027659269 0.2700682 0.00031158386 0.28030914 0.03132999 0.058583573 5.117309e-05 0.19202651 0.16887753 8.487253e-05 0.0015459141 0.11160602 0.00026975956 0.005524067 0.0054309587 0.009549727 0.0017917175 0.0075553525 0.21006282 0.23830251 0.00259079 0.24304716 0.0076386477 0.00069946493 0.0023364623 0.013614428 5.4576067e-05 0.1540275 0.0011119733 0.0009544382 0.26251608 0.0030881108 0.24496394 9.5941316e-05 0.010874998 0.00011009003 0.005177478 0.004765951 0.16563755 2.1967826e-06 0.00041376156 0.0014252375 1.3073687e-08 5.974943e-08 0.04598984 0.02053163 0.17468384 0.03555231 2.2243803e-06 0.03906325 5.03809e-08 0.0037951518 0.14795105 0.00027017872 0.12913959 1.3908137e-06 2.268024e-05 0.032608118
0.14391567 0.093980946 0.06713639 0.11206638 0.12491244 0.24004287 0.13666987 0.27004284 0.03454259 0.062422797 0.018147092 0.018509226 0.013970927 0.027473753 0.13683434 0.02073725 0.008514465 0.005750353 0.038317543 0.011113834 0.5207933 0.530045 0.008505217 0.037935037 0.50159305 1.5313936e-22 0.4588314 0.30121782 0.027513504 0.07982464 0.28847402 0.008525535 0.0050566997 0.25211963 0.003293961 0.25679758 0.028424801 0.46603116 0.34732234 0.0013143453 0.0020476775 0.034717917 0.068978235 0.12835898 0.23281908 0.004092097 0.40747046 0.1512555 0.04101215 1.7228222e-05 0.31832838 0.33400178 0.00061842403 0.004928123 0.066769004 0.0008150316 0.027093817 0.0030697854 0.0067793205 0.005055921 0.005330831 0.31976384 0.24745378 0.001588823 0.33828545 0.03324655 0.00059143506 0.0012280507 0.06594666 0.00017234967 0.3233901 0.000580672 0.0029866926 0.2659581 0.012692299 0.21938853 0.0007457021 0.007153684 0.0008498382 0.0028365715 0.025565425 0.1302456 3.5474752e-06 0.000119465934 0.0008437818 5.081574e-09 1.5828527e-07 0.18791348 0.012634771 0.30348623 0.015922375 1.6324379e-05 0.025416557 7.830382e-09 0.0019480188 0.15899329 0.00012604611 0.084789306 1.3672717e-06 3.0588017e-05 0.08821244
0.24078394 0.06544007 0.05679287 0.122057 0.06409574 0.23947744 0.08267452 0.21452485 0.015388802 0.020290576 0.011438244 0.0054979073 0.0084238155 0.02504719 0.056437984 0.0063295104 0.002829732 0.0028290409 0.014183171 0.0049537304 0.3328404 0.55245084 0.0056795147 0.05558306 0.2768275 0.4588314 8.705683e-20 0.15213828 0.07857319 0.23048036 0.5148357 0.0040833685 0.003959607 0.1384507 0.0030737182 0.104374975 0.010874848 0.36443084 0.18383248 0.0007520369 0.0048140823 0.011289411 0.21405058 0.30580154 0.0776951 0.024980746 0.30412278 0.3306776 0.009616474 1.9708166e-05 0.24565898 0.32578775 0.011124565 0.01951094 0.020371877 0.0103738895 0.10397541 0.000916963 0.0025251184 0.019855076 0.0019543397 0.2926042 0.12906212 0.00032526898 0.30767104 0.11262334 0.00058400334 0.00034889427 0.17163362 0.0011954964 0.3764451 7.6564356e-05 0.012452644 0.15928786 0.05445748 0.123849235 0.0061673457 0.002874054 0.006742913 0.001064769 0.098585926 0.047990557 8.78217e-06 6.192352e-05 0.00026291018 2.202591e-08 1.8319619e-06 0.41855857 0.0039924365 0.3532616 0.004526729 0.00045693605 0.007551081 1.942102e-07 0.0003832119 0.09120605 2.4543988e-05 0.026255555 1.462099e-06 1.4446056e-05 0.16750945
0.26955938 0.057942726 0.02818817 0.0336709 0.14567834 0.07796572 0.12390656 0.21829215 0.03731587 0.09646786 0.010239061 0.05550294 0.017762499 0.0071048876 0.3054626 0.060029127 0.037992164 0.010608446 0.12542625 0.016664838 0.40330562 0.2468991 0.012959597 0.0052710217 0.5113595 0.30121782 0.15213828 2.6900785e-23 0.0023829483 0.017336732 0.07151204 0.03191164 0.0013488268 0.51491237 0.008427713 0.4237039 0.058061376 0.27263907 0.5312843 0.0019775673 0.00025856643 0.06854329 0.0147824455 0.017567936 0.30403692 0.0001979405 0.20450452 0.016602267 0.09353968 7.883162e-05 0.16614628 0.13934486 5.1270694e-05 0.0008226461 0.20832004 0.00028512676 0.006016697 0.00957386 0.024068354 0.000631193 0.01982815 0.1716709 0.24585392 0.00558327 0.24753785 0.007013145 0.0014311746 0.0047705052 0.007949523 2.7211201e-05 0.118251525 0.0029123563 0.0004242372 0.25132886 0.0032821288 0.25250596 4.7861922e-05 0.026647788 5.7991743e-05 0.013829959 0.0044522835 0.32787955 1.9717925e-05 0.0015691421 0.0037616894 2.0766174e-06 4.882151e-07 0.028229471 0.03952531 0.15147467 0.060892776 1.6523287e-06 0.071492895 3.3072945e-06 0.018508919 0.18511915 0.0008519245 0.16062455 5.3004064e-06 1.3357284e-05 0.023160992
0.0035041354 0.016134288 0.040793333 0.21523328 0.0061422884 0.11960026 0.006133818 0.03443237 0.013715778 0.00058022834 0.01192769 0.00012729653 0.00713609 0.18657315 0.0016951059 0.00025761442 0.00018111318 0.0012655598 0.00048699052 0.013550601 0.010302655 0.052510425 0.003945214 0.5367898 0.006850104 0.027513504 0.07857319 0.0023829483 7.535555e-26 0.14542773 0.05743323 0.000235993 0.009191099 0.0017277345 0.0005604737 0.000965483 0.00044866384 0.0049347 0.004821397 0.0022762835 0.15833516 0.0010737798 0.03917052 0.018814672 0.000731461 0.4795856 0.0033325353 0.021519698 0.0006156193 8.082221e-05 0.0011832172 0.0021082477 0.4291446 0.03627349 8.9335925e-05 0.33420894 0.01496799 1.3797162e-05 9.176925e-05 0.01195602 8.042554e-05 0.0006634649 0.00014719107 1.8408351e-05 0.00040984628 0.012689498 3.262185e-05 1.2564279e-05 0.008031862 0.180447 0.0018157298 7.4310697e-07 0.010307226 1.5666397e-05 0.0070587564 1.5307296e-05 0.004787443 1.7037108e-05 0.0066795372 2.492351e-05 0.007340998 1.38362575e-05 4.4255526e-06 1.221467e-05 1.8020704e-05 4.9300166e-08 0.00025820223 0.0075281975 8.943878e-06 0.00050017424 1.1022844e-05 0.0025438664 7.4694626e-06 1.3871385e-09 1.9929224e-07 1.4689173e-05 7.813386e-06 5.6702975e-06 6.0174044e-09 8.9819835e-08 0.0005013682
0.057054505 0.009076442 0.017134883 0.0541529 0.008580377 0.0659087 0.010384921 0.0376138 0.003407802 0.0009636736 0.0027717375 0.0004204776 0.0034405289 0.020520356 0.0043851826 0.0003821268 0.0006449241 0.00062401727 0.0008948597 0.0010670364 0.032045417 0.13588431 0.0031109261 0.07983206 0.024020245 0.07982464 0.23048036 0.017336732 0.14542773 5.0914823e-19 0.31263548 0.0004703802 0.00072715536 0.011841208 0.0001788697 0.0060012215 0.0012877258 0.05278903 0.022116134 6.6291395e-05 0.012824773 0.0014406523 0.3818741 0.19941282 0.008835465 0.07535508 0.036290154 0.19964059 0.0021976137 8.8985263e-07 0.022056116 0.06411149 0.058014315 0.07667398 0.0011967582 0.06619049 0.13882843 0.00015607751 0.00044645206 0.062760465 0.0003155178 0.033196427 0.00714819 0.00016587484 0.04723903 0.08994145 0.0001859149 6.722459e-05 0.1270056 0.011302069 0.11494462 1.6180975e-05 0.037674516 0.008413884 0.065975234 0.0055078864 0.022690939 0.00013013632 0.027303144 0.00010927831 0.08677319 0.0020172321 1.4051778e-06 5.425934e-05 5.34246e-05 6.514946e-09 7.872864e-06 0.2504116 0.00032034557 0.07137569 0.00046612878 0.006505091 0.0004955545 1.4188709e-07 6.5928716e-06 0.0035733606 7.0928465e-05 0.0020725608 2.2781389e-07 1.7357573e-06 0.08828246
0.12571353 0.03178156 0.028637372 0.06660371 0.025663087 0.12355782 0.030131498 0.099849164 0.005509061 0.0050850143 0.0022571126 0.0013859705 0.005053646 0.0143617205 0.015873555 0.001711118 0.0013680605 0.0008817741 0.004719849 0.0022854116 0.17244369 0.44234243 0.0049510174 0.053856928 0.11553152 0.28847402 0.5148357 0.07151204 0.05743323 0.31263548 1.6422902e-19 0.0016082454 0.0012983615 0.06727187 0.00097599224 0.035667304 0.0053701005 0.21457246 0.08412611 0.00029984108 0.0043022796 0.006916793 0.41884872 0.3911356 0.035529647 0.024845771 0.15577757 0.4166408 0.006981847 2.9667808e-06 0.120572135 0.200855 0.008503956 0.03098023 0.009459722 0.0065982626 0.11154801 0.0008507545 0.0016905073 0.033866044 0.0013366626 0.19636329 0.054519992 0.0007921397 0.19401799 0.104399525 0.00086207845 0.0004594274 0.17429811 0.0009324772 0.3162129 0.00020818903 0.019981539 0.069031 0.06055445 0.048273854 0.00948941 0.0013146054 0.010634189 0.00097006763 0.07863646 0.017855579 9.0158784e-07 0.00031371127 0.00050342776 4.135745e-09 5.531669e-07 0.40430197 0.0017706447 0.24456757 0.001970517 0.0014024256 0.0032795505 6.491072e-08 0.00015196612 0.028400488 0.00012127899 0.008697336 7.49514e-07 1.8905537e-05 0.14095627
0.022379505 0.0017446937 0.0018314319 0.0018288173 0.0054939347 0.0012721032 0.008994397 0.005750018 0.024244923 0.17120646 0.0014302892 0.2688246 0.02562058 0.001594028 0.12621744 0.4790014 0.5760542 0.21000357 0.43805593 0.0037581625 0.010596857 0.00511565 0.05190136 0.00059317634 0.015468161 0.008525535 0.0040833685 0.03191164 0.000235993 0.0004703802 0.0016082454 1.4688837e-22 0.0003812248 0.025149215 0.38735133 0.37458113 0.30803534 0.0044191675 0.022451403 0.06777771 0.00026655223 0.31197238 0.000838805 0.0021910416 0.1002483 2.2146973e-05 0.002616463 0.003485433 0.23354849 0.00020119535 0.0012563682 0.0015289655 4.6518885e-06 2.4214703e-05 0.050452717 1.2973081e-05 0.00014051942 0.10032238 0.10560438 1.8693283e-05 0.098804705 0.0012426977 0.0071105203 0.049722005 0.0008077752 0.0004150812 0.04220716 0.05878474 0.0007711396 1.9341753e-06 0.0008243279 0.040758613 7.610011e-06 0.005309843 9.985951e-05 0.00596679 1.9515192e-05 0.09043119 1.2886211e-05 0.07801115 5.0110335e-05 0.012723986 4.2833773e-07 0.03209945 0.043873563 8.439757e-06 1.564292e-08 0.00040187215 0.04801633 0.00062284275 0.027027171 9.330198e-06 0.04981047 0.0012271082 0.034817338 0.0037850726 0.022540208 0.0088424375 0.00053986016 0.005050042 0.0020100183
