9.389348e-27 0.00027614302 0.018888379 0.09283868 0.2645895 0.011010096 0.06996887 8.390685e-07 0.15599954 0.28388494 1.3676924e-05 0.35287723 0.71409225 0.22371532 0.83853334 0.78783363 0.52645755 0.027346905 0.93930304 0.8055604 0.8089498 0.79295284 0.9330801 0.8863809 0.8591688 0.67771125 0.52283007 0.96739674 0.035656728 0.056037597 0.95120597 0.0041904245 0.94665813 0.6578671 0.9559995 0.031781334 0.6404111 0.9243146 0.18705173 0.86619425 0.9895595 0.00053249794 0.061175294 0.97874963 0.9361586 0.9719357 0.058798306 0.0028310546 0.000117191914 0.6681092 0.7977712 0.93023235 0.9984802 0.89910096 8.423566e-05 0.68162227 0.7642539 0.99243987 0.94752586 0.13885066 0.96570784 0.92829436 0.99595296 0.001034147 0.9724575 0.1288116 0.037589584 0.78662705 0.86612135 0.9673427 0.9965705 0.9281162 0.95327365 0.99805284 0.5264071 0.9920777 0.00034243023 0.00012359189 0.99548256 0.9426326 0.038775567 0.1445278 0.4248729 0.0038857143 0.016489225 0.3673368 0.88907194 0.51084846 0.10007343 0.9953747 0.9992816 0.060054068 0.75332767 0.73679596 0.12461436 0.99735683 0.9996504 0.008955025 0.06022247 0.93654513 0.50429374
0.00027614302 1.0965743e-20 0.04742504 0.06801874 0.07388027 0.016309215 0.0073438585 0.024687216 0.0026571997 0.00048589453 0.0019426062 0.00010752689 0.0007575377 1.9663841e-05 0.0013986203 1.2540613e-05 1.564339e-05 2.0434003e-05 0.00016157638 6.9890046e-07 0.055365976 0.0051245815 0.00064774754 1.3718353e-06 3.146135e-07 2.0337609e-07 8.602129e-08 5.543686e-06 2.5926596e-08 7.423933e-08 2.5600028e-07 1.3557676e-06 0.0007379963 1.4781413e-07 0.015931707 1.3390462e-08 1.8980643e-08 0.0038071289 7.212368e-08 2.0220759e-07 0.016714346 0.001515303 5.4988554e-08 3.0695378e-07 1.8094958e-07 6.559775e-08 1.9435278e-08 1.6451617e-08 2.7957936e-08 5.564003e-08 4.777054e-07 3.612564e-08 0.0168416 5.715561e-08 1.8754681e-08 7.793211e-08 4.855297e-08 1.2074098e-06 3.745119e-08 0.00094724866 8.5445194e-08 6.427919e-08 5.2527625e-06 2.0103688e-08 1.4727522e-07 6.616943e-07 8.552019e-08 4.0877197e-08 2.4656748e-08 5.5876985e-08 1.2683181e-06 3.652486e-08 3.2882234e-08 0.0018560959 2.3261647e-08 1.8902893e-08 5.548888e-05 3.372178e-08 0.00013195795 3.171078e-08 2.3386375e-09 7.970838e-09 2.9742681e-08 4.0349985e-08 1.3456929e-08 5.3802074e-09 7.097081e-09 3.6901784e-09 6.728513e-09 0.01456081 3.0103829e-05 2.4543751e-09 1.4288389e-09 9.625266e-10 1.4597492e-09 9.609148e-09 9.472672e-06 9.009912e-09 2.1455142e-09 1.3658205e-09 3.6423528e-10
0.018888379 0.04742504 1.1631513e-18 0.4663536 0.19484061 0.8298983 0.42583564 0.0060580047 0.054445133 0.01691646 0.025230154 0.018317757 0.025143705 0.014328286 0.03667139 0.008352221 0.0063558435 0.0153898 0.0073756995 0.0025981993 0.107761696 0.0085401675 0.0076853433 0.0028375068 0.0005810438 0.00080788607 0.0007450755 0.0013049156 0.00023653782 0.0001853023 0.0002289931 0.00094359485 0.0025368808 0.00010740933 0.010513409 0.00019482843 8.9688656e-05 0.003142997 0.000101329584 5.79237e-05 0.0037375607 0.012673837 0.00021907386 8.629528e-05 1.8757966e-05 6.2064732e-06 0.00031876485 7.39032e-05 3.3269476e-05 1.5278258e-05 3.301668e-05 9.784437e-06 0.0025246586 1.052073e-05 9.50224e-06 1.5634545e-05 1.3389487e-05 2.2290127e-05 2.9575856e-06 0.0097516235 3.8669073e-06 1.2062859e-05 9.1227295e-05 1.7841763e-05 7.284759e-06 0.0001042223 0.00010229071 1.3674356e-05 6.0734355e-06 2.4054796e-06 4.1707233e-05 1.374889e-05 5.476655e-06 0.00059554906 5.5511614e-06 5.0336257e-07 0.008387954 1.0597594e-05 0.0002611796 2.2528468e-06 6.973209e-06 5.5754076e-06 3.4249962e-05 7.19185e-05 4.0016726e-05 8.473176e-06 1.4448349e-06 5.9698623e-06 4.771925e-06 0.02277306 7.361044e-05 5.925772e-06 4.0604317e-07 2.890728e-07 2.2902277e-06 1.528907e-07 8.313618e-06 3.0420265e-06 2.851534e-06 8.854544e-08 2.631541e-07
0.09283868 0.06801874 0.4663536 3.1627814e-21 0.6503668 0.24264175 0.53243625 0.004850292 0.36482823 0.08670235 0.005172609 0.021924263 0.1360173 0.026666429 0.1687119 0.016834622 0.017441273 0.00860439 0.034521673 0.0052485717 0.20925842 0.059271917 0.031466477 0.01399401 0.003482866 0.0022914645 0.0014286116 0.010307977 7.3246796e-05 0.00015489187 0.0021896292 0.00030433672 0.007718728 0.00058660115 0.03607067 1.0742084e-05 0.00024416996 0.010675988 0.000117381394 0.0003597055 0.013810848 0.010848045 5.1248106e-05 0.00030823261 6.900574e-05 4.161414e-05 7.101635e-06 9.874282e-07 1.7106373e-06 8.624496e-06 1.7985985e-05 9.530248e-06 0.005106947 5.6113604e-06 2.4045607e-07 3.2590333e-06 3.4930329e-06 1.5675558e-05 2.751711e-06 0.04309805 2.1153328e-06 5.123064e-06 5.0917515e-05 2.2278161e-07 3.0209737e-06 2.374688e-06 9.3497965e-07 2.08563e-06 1.7286573e-06 2.3844007e-06 1.939202e-05 3.8933795e-06 4.0939194e-06 0.00060405995 5.173785e-07 1.9199976e-07 0.0013636337 1.3316048e-07 0.0001915907 1.5813537e-06 6.269107e-08 2.1745119e-07 5.8281735e-06 1.567348e-07 9.700843e-08 8.415921e-07 6.425145e-07 9.879358e-07 4.455609e-07 0.040538065 4.622918e-05 2.3046827e-07 2.0459233e-07 1.4540389e-07 2.773059e-07 6.1248535e-08 1.0841115e-06 2.8264898e-08 2.212276e-07 5.3288197e-08 8.709938e-08
0.2645895 0.07388027 0.19484061 0.6503668 1.1010353e-18 0.040621772 0.1901914 0.009420493 0.19858252 0.036717236 0.00034125353 0.011411364 0.06405037 0.009044704 0.08892686 0.007202235 0.009796622 0.001538291 0.014576106 0.0010341351 0.21996637 0.032243304 0.014530527 0.0030649325 0.00043912427 0.00022975825 0.00013315522 0.0031121238 2.2689846e-05 6.23789e-05 0.00023892197 8.690971e-06 0.0018320723 9.130876e-05 0.022734545 6.2472695e-06 1.4491342e-05 0.0035711054 1.8505532e-05 3.5512003e-05 0.009120033 0.02226919 1.0650441e-05 6.483863e-05 5.5805835e-06 4.6118057e-06 1.2337968e-06 1.1689671e-07 2.8517962e-07 2.0284303e-07 2.174148e-06 5.322509e-07 0.006295191 3.9984067e-07 5.5138216e-08 2.4888593e-07 4.327714e-07 1.5281965e-06 1.8892953e-07 0.101834856 4.5914766e-07 7.363923e-07 1.1732056e-05 5.6564442e-08 6.7503265e-07 2.2646825e-07 1.9293881e-07 1.09326514e-07 6.573377e-08 2.7997623e-07 1.0718007e-05 1.4236839e-07 1.5808766e-07 0.00083772617 5.436285e-08 8.699876e-08 0.0005037516 9.558076e-09 0.00030235594 4.6000597e-08 2.461798e-08 4.5341185e-08 2.1919786e-07 5.197679e-08 3.9054505e-08 3.05712e-08 1.1681485e-08 3.2579393e-08 8.343928e-08 0.07376155 5.858531e-05 4.5260222e-08 2.9223577e-09 2.2371691e-09 1.6750104e-08 2.183871e-08 3.3800857e-06 1.9111313e-08 3.9870233e-08 2.726224e-09 2.7517806e-09
0.011010096 0.016309215 0.8298983 0.24264175 0.040621772 6.263338e-22 0.62063783 0.0006073166 0.08103264 0.057692997 0.04916907 0.16854872 0.05041054 0.14826968 0.027919346 0.044552695 0.03134145 0.37551627 0.020955088 0.017274693 0.02473536 0.002331482 0.008607473 0.015326966 0.0052026515 0.007709841 0.0070348145 0.005690942 0.0049311747 0.004262349 0.0019481664 0.043180224 0.0024897808 0.000611418 0.005948452 0.001457794 0.00040021937 0.002188352 0.00250521 0.00051901006 0.0023134574 0.002866388 0.0027659016 0.0006546399 0.00020462365 0.00018322887 0.00084082887 0.00014550315 7.0586415e-05 0.00015731335 0.00018675758 6.1572195e-05 0.0013501112 7.442979e-05 5.1331626e-06 0.00012416996 5.8176203e-05 0.00024407357 2.448367e-05 0.0055499976 4.1679203e-05 9.75512e-05 0.00048677484 4.182912e-05 9.99793e-05 0.0010625115 0.00083748566 4.2172433e-05 1.4690182e-05 1.549546e-05 0.00029627208 4.141808e-05 1.3822513e-05 0.00096445094 7.019297e-05 1.0281786e-06 0.08024478 1.620774e-05 0.0008351213 2.7689935e-06 0.00014342366 5.4674267e-05 7.7789286e-05 0.0002361114 0.00045887104 2.0062293e-05 2.9476907e-06 5.143635e-06 2.143304e-05 0.0069073737 0.00014753918 2.8577073e-05 1.2622954e-06 1.0151751e-06 7.5017947e-06 1.9475633e-06 3.9276692e-05 2.839476e-05 7.348542e-06 5.323667e-07 7.888598e-07
0.06996887 0.0073438585 0.42583564 0.53243625 0.1901914 0.62063783 2.9305484e-19 0.00014180384 0.28630498 0.1910878 0.0032455197 0.23484296 0.12879701 0.15574494 0.09717015 0.06424036 0.044051033 0.08013622 0.05039215 0.027142476 0.20566049 0.02346469 0.03941553 0.027392741 0.015874917 0.018292833 0.014269669 0.023903081 0.0025508874 0.0033236213 0.012328687 0.002171704 0.009523765 0.0036006023 0.02263456 0.0012497526 0.0020935216 0.006238935 0.003091211 0.0037495869 0.0070995977 0.0022387789 0.0011587039 0.0023012932 0.0006064617 0.00042324673 0.00072638533 0.0001093757 4.9333677e-05 0.00024570982 0.00039781572 0.00024661573 0.0044951723 7.779478e-05 5.0943336e-06 0.0001063853 9.590262e-05 0.0005228922 5.1097013e-05 0.0318807 2.4109306e-05 6.702863e-05 0.00072957855 4.974883e-05 4.3172928e-05 0.0011838927 0.0006881166 9.500115e-05 6.189836e-05 4.1317442e-05 0.00050016807 0.000100924146 4.4828616e-05 0.0010051947 2.4481242e-05 2.9624211e-06 0.0005392887 7.911143e-06 0.0006000314 3.820881e-05 1.4525962e-05 1.6618336e-05 0.000109701316 0.00041969577 0.00012811509 4.434342e-05 1.947347e-05 2.2076561e-05 1.3121385e-05 0.018519854 0.00016780259 1.4865783e-05 8.567457e-06 6.7375186e-06 6.972059e-06 2.2615693e-06 1.8523488e-05 1.1227972e-05 6.4587102e-06 2.2364984e-06 3.7263155e-06
8.390685e-07 0.024687216 0.0060580047 0.004850292 0.009420493 0.0006073166 0.00014180384 4.433969e-24 0.00011826987 4.390451e-06 0.00026259298 6.7531283e-07 3.9714894e-05 1.3167566e-07 0.0007432049 6.1825034e-07 2.13486e-07 3.6290146e-08 3.540727e-05 4.83373e-08 0.010379446 0.004610749 0.00028608605 4.210114e-07 2.5552148e-07 4.0743995e-09 2.9639313e-09 1.7075713e-06 1.1697555e-09 3.184107e-09 1.0837192e-07 2.827142e-08 0.0006863336 5.6913962e-09 0.006126116 2.6132801e-10 1.076056e-09 0.002765767 4.6192428e-09 2.665964e-08 0.0047050607 0.0010636927 1.72204e-09 2.018676e-08 4.4017156e-08 2.2177248e-08 4.2621204e-10 3.4194834e-09 3.2395914e-08 1.2353949e-09 1.1990547e-08 5.2052362e-09 0.0011662319 1.46525085e-08 4.605925e-08 8.659225e-10 1.8894233e-09 1.0080369e-08 2.1554866e-08 0.00029110635 1.2526174e-07 6.167372e-08 4.3452093e-08 5.220568e-09 6.480644e-08 3.3035037e-09 2.6913138e-09 1.2043487e-09 3.4824734e-09 1.3820839e-07 1.7788508e-08 4.7535536e-09 1.922395e-08 2.305891e-06 1.4708249e-09 1.494518e-08 2.984787e-08 1.2338296e-08 1.05870576e-07 3.9429413e-08 6.5379224e-10 5.6548094e-10 3.0891795e-10 5.315032e-09 3.0363148e-09 2.439951e-10 3.6760368e-09 2.7709773e-10 2.0978361e-10 0.0009848503 1.4484958e-07 4.1078418e-10 4.325063e-10 3.6512982e-10 6.7288654e-11 2.6998317e-10 1.8429894e-08 5.6904628e-09 1.4538716e-10 8.248393e-10 1.2747169e-10
0.15599954 0.0026571997 0.054445133 0.36482823 0.19858252 0.08103264 0.28630498 0.00011826987 2.08396e-19 0.43620166 2.9280798e-05 0.21663572 0.44502902 0.1536572 0.40453413 0.17910068 0.10207923 0.018143052 0.20284611 0.028618706 0.30357528 0.099399105 0.15347213 0.0688984 0.025359223 0.014188928 0.010172614 0.07559602 0.0022897017 0.0028649888 0.038921114 0.00040360226 0.036506392 0.005395153 0.055577267 0.0006768322 0.0029920752 0.036978845 0.0018071053 0.009415553 0.031743854 0.0017970189 0.0018394778 0.009771396 0.0016663884 0.0017698844 0.0013111498 2.9734103e-05 2.7501334e-05 0.00049647264 0.0006523502 0.00030932928 0.018971661 0.00014395412 3.4263373e-06 0.00014834365 0.00013361087 0.00075605087 0.000115981 0.030221473 5.3734704e-05 0.00012755563 0.0017695434 1.3507042e-05 8.9018875e-05 0.001978172 0.0010115353 9.303235e-05 8.8842724e-05 8.5381216e-05 0.0012399401 8.303258e-05 4.255949e-05 0.0054945373 5.7435624e-05 2.9482151e-05 0.00011686011 4.193815e-06 0.0036192168 3.0938663e-05 2.3502687e-05 4.300224e-05 7.609659e-05 0.00010899761 4.584738e-05 2.3532719e-05 1.213759e-05 1.21135945e-05 1.9946796e-05 0.01733584 0.00036444 1.840635e-05 4.1525122e-06 3.379789e-06 6.4216692e-06 5.218316e-06 3.5213474e-05 7.6129645e-06 5.667773e-06 2.1632607e-06 2.1228302e-06
0.28388494 0.00048589453 0.01691646 0.08670235 0.036717236 0.057692997 0.1910878 4.390451e-06 0.43620166 1.1274638e-18 4.846914e-06 0.2467134 0.41111144 0.28740275 0.2831235 0.25549114 0.24032308 0.041505855 0.23482585 0.06152597 0.23500852 0.056053404 0.13222952 0.12894858 0.04316199 0.035534114 0.027751869 0.11292548 0.005837444 0.0066818814 0.07166617 0.0004504364 0.038265076 0.014637518 0.03930669 0.001486482 0.0074747438 0.029331218 0.008126 0.020186251 0.026593084 0.0012553621 0.0060153715 0.02718567 0.006775491 0.006831003 0.002171612 3.1840525e-05 3.9281935e-05 0.0020130638 0.0029437323 0.0013796472 0.020500066 0.0005716619 7.411031e-06 0.0002721228 0.00021723866 0.0044408026 0.00043493605 0.04123018 0.00033865037 0.00061572087 0.007028149 5.3794498e-05 0.00044416494 0.0022034696 0.0008875102 0.00018713967 0.00012838576 0.00039755803 0.004029043 0.00020099185 0.00021631476 0.009490133 4.3000353e-05 9.8980025e-05 8.625093e-05 1.3682991e-05 0.0066871024 0.000100722995 5.2383726e-05 5.100724e-05 0.000105241765 0.00025292 7.3846764e-05 4.6753692e-05 5.147249e-05 4.697546e-05 3.604971e-05 0.011521982 0.0007437154 3.857259e-05 1.6773338e-05 1.30649205e-05 1.3959985e-05 2.3704015e-05 0.00016136556 9.814885e-06 1.1849481e-05 1.0067819e-05 4.6608584e-06
1.3676924e-05 0.0019426062 0.025230154 0.005172609 0.00034125353 0.04916907 0.0032455197 0.00026259298 2.9280798e-05 4.846914e-06 5.491259e-26 1.7158029e-05 2.2786235e-05 5.870121e-06 0.00034624155 8.627401e-06 4.7868702e-06 1.6899736e-05 0.00013877057 4.201687e-07 0.0022297828 0.004738159 0.0005711404 1.3204593e-06 4.852934e-07 1.1144318e-08 9.096508e-09 4.8445694e-05 2.9468064e-09 3.5893408e-09 1.0095586e-05 3.148766e-06 0.0019329891 7.721609e-09 0.004262296 2.6561362e-09 9.530237e-10 0.0044420036 5.2761853e-09 9.7172126e-08 0.0010510588 2.873629e-07 7.010131e-09 2.9513856e-07 9.008954e-08 1.1068086e-07 3.5671601e-09 6.9869976e-09 5.8194782e-09 6.7574377e-09 1.0326493e-07 1.6862576e-07 0.0020462729 4.7274884e-08 8.148679e-09 1.5638166e-09 9.206773e-09 6.62055e-08 2.8987602e-08 7.506278e-05 8.741443e-08 1.7881478e-08 4.651535e-07 9.003865e-09 8.717031e-09 6.457633e-08 2.9401663e-08 5.9428653e-09 2.1533744e-08 2.944201e-08 5.2444733e-08 5.9168186e-09 9.939129e-09 1.1644254e-05 1.6507284e-08 6.436813e-08 0.00043061256 4.170936e-08 6.0713705e-07 3.814748e-08 3.504482e-09 1.0208083e-09 4.374293e-10 2.7353366e-07 2.8652183e-08 2.0883029e-10 9.90232e-10 2.845614e-10 6.60857e-10 4.1392077e-06 2.4678073e-07 5.2344945e-10 4.681988e-10 3.8072281e-10 3.0464478e-10 1.8714363e-09 2.2069385e-07 1.0141218e-07 6.53326e-10 7.306974e-10 6.40934e-10
0.35287723 0.00010752689 0.018317757 0.021924263 0.011411364 0.16854872 0.23484296 6.7531283e-07 0.21663572 0.2467134 1.7158029e-05 9.263161e-19 0.16129516 0.7469773 0.063878745 0.25149515 0.43136376 0.29745358 0.09868589 0.11164214 0.053856444 0.014048788 0.044589743 0.11144056 0.048128817 0.07610921 0.08914534 0.06287088 0.057444666 0.059024535 0.064438164 0.01519436 0.01365628 0.019900536 0.012171089 0.02637731 0.012522108 0.0073064812 0.04403836 0.01492478 0.0051861256 0.0010957454 0.04140424 0.00957845 0.0031470729 0.0032185866 0.015499258 0.00082957116 0.00011458496 0.0036999611 0.004134847 0.0021655357 0.008986817 0.0004075094 2.4919254e-05 0.0010689129 0.00075190776 0.007493719 0.00036089765 0.030942397 0.00023549885 0.00038540066 0.008434282 0.00036482897 0.00031623655 0.003909649 0.0024378619 0.0003538268 0.000309109 0.00036927205 0.0045440886 0.00026212656 0.00020309284 0.004909781 0.00013814944 7.529314e-05 0.0006986322 6.737337e-05 0.003593145 9.095712e-05 0.00021543444 7.569105e-05 0.00032795488 0.0020124523 0.0009157867 8.666493e-05 4.120757e-05 0.00010659552 9.900617e-05 0.008160653 0.0016403915 0.0001302775 1.735755e-05 1.3426057e-05 3.5957313e-05 3.06727e-05 0.00035156883 0.0002132739 0.00011801479 6.18713e-06 6.7660308e-06
0.71409225 0.0007575377 0.025143705 0.1360173 0.06405037 0.05041054 0.12879701 3.9714894e-05 0.44502902 0.41111144 2.2786235e-05 0.16129516 2.5736908e-19 0.081689395 0.68719745 0.2797442 0.2035609 0.011266125 0.59183705 0.02623507 0.52695876 0.35129824 0.47920194 0.19624044 0.032474905 0.020389134 0.011652125 0.31840527 0.0028602304 0.0018260726 0.14699227 5.641573e-05 0.15710297 0.009015007 0.23404211 0.00013156238 0.0027918853 0.18236831 0.0007847484 0.009711169 0.21862622 0.0019514688 0.0010149826 0.030351734 0.001743048 0.004061894 0.00045073443 7.0910305e-06 1.7154134e-05 0.00018112874 0.00031769142 0.00015194916 0.1769531 8.338882e-05 1.0097738e-06 2.8049555e-05 2.6844546e-05 0.0097948145 6.698729e-05 0.034362283 0.00014712341 9.4651725e-05 0.017446829 1.1777592e-05 0.00018578056 0.00010358594 8.773084e-05 1.5929048e-05 1.03343355e-05 9.20163e-05 0.009943545 1.0123478e-05 1.7902134e-05 0.043787275 1.6109632e-06 0.0002073402 0.00034435946 4.798397e-06 0.036845937 7.767486e-06 8.360337e-06 4.956086e-06 1.5025691e-05 2.9813156e-05 1.0300832e-05 2.6809075e-06 1.8253471e-06 1.4648931e-06 4.126056e-06 0.030849041 0.0038028487 2.0685056e-06 7.532761e-07 6.1933264e-07 1.346584e-06 4.161095e-06 0.00036832964 1.2076037e-05 1.6357703e-06 5.1378714e-07 1.2213422e-07
0.22371532 1.9663841e-05 0.014328286 0.026666429 0.009044704 0.14826968 0.15574494 1.3167566e-07 0.1536572 0.28740275 5.870121e-06 0.7469773 0.081689395 1.056765e-18 0.028514711 0.41056404 0.68536836 0.50950134 0.0707719 0.42571822 0.013558053 0.010678864 0.023945026 0.2921285 0.23097149 0.38459885 0.41795954 0.074391186 0.29708952 0.2931686 0.1162272 0.11409787 0.010458753 0.08375508 0.004012183 0.12520711 0.052745905 0.0075815427 0.18925239 0.068720534 0.0032798979 0.0001619806 0.23764105 0.02405812 0.018793097 0.014852295 0.07508355 0.008774332 0.00055985217 0.011028234 0.012784858 0.008372078 0.007306917 0.0036728138 0.00010296986 0.0048410827 0.0030929784 0.012073252 0.002910936 0.014842453 0.0025806117 0.004081255 0.011524487 0.0014670758 0.0028032078 0.010657194 0.0065362183 0.0014465716 0.0010429907 0.002469311 0.0070688203 0.0015516761 0.0011881188 0.005388101 0.0001655275 0.0006415071 0.00083805935 0.00016327313 0.0049517425 0.00023882104 0.0003417906 9.543776e-05 0.0009487839 0.0023750358 0.001055583 0.00032264757 0.00028270722 0.00037333745 0.00014426389 0.0017847976 0.0022220653 0.00010632484 0.00014906323 0.00011620764 6.648393e-05 0.00019750532 0.0012858383 0.0001756687 6.211681e-05 4.7362188e-05 4.0022183e-05
0.83853334 0.0013986203 0.03667139 0.1687119 0.08892686 0.027919346 0.09717015 0.0007432049 0.40453413 0.2831235 0.00034624155 0.063878745 0.68719745 0.028514711 4.621598e-19 0.09471189 0.061337505 0.003255033 0.66965824 0.010983475 0.64337444 0.57199824 0.65987253 0.07742107 0.008314428 0.007943089 0.00314267 0.32168972 0.00045294064 0.00023589803 0.083781175 3.658728e-05 0.23465292 0.0024192017 0.37204853 6.7177425e-05 0.0007379186 0.281765 0.00017276338 0.0014612097 0.39685467 0.0021966645 0.00017112901 0.013389131 0.00055164256 0.0015336745 9.618812e-05 3.6971585e-06 3.8715602e-06 3.3285916e-05 3.600961e-05 4.329312e-05 0.2549397 2.8766206e-05 3.9588437e-07 3.13649e-06 3.7232926e-06 0.0033850798 3.4444172e-05 0.026475266 6.55799e-05 3.4317378e-05 0.010705285 1.1143097e-06 5.230835e-05 2.137415e-05 1.3629334e-05 3.1531804e-06 2.8840382e-06 1.7900495e-05 0.0065651685 2.858357e-06 6.334174e-06 0.080077946 1.0808875e-06 7.1659844e-05 6.032413e-05 5.451109e-07 0.05980445 1.93777e-06 9.595211e-07 7.1741204e-07 1.4124048e-06 2.754996e-06 1.6577536e-06 2.2237067e-07 3.6804957e-07 1.5578344e-07 4.221243e-07 0.08818575 0.0075407047 2.1794698e-07 9.017757e-08 7.157893e-08 8.825055e-08 7.108834e-07 0.00038858864 7.072258e-07 6.7194236e-08 9.608511e-08 1.701323e-08
0.78783363 1.2540613e-05 0.008352221 0.016834622 0.007202235 0.044552695 0.06424036 6.1825034e-07 0.17910068 0.25549114 8.627401e-06 0.25149515 0.2797442 0.41056404 0.09471189 2.9157078e-18 0.699682 0.1302989 0.21500234 0.3639996 0.03124629 0.033184163 0.08064356 0.48725614 0.27394232 0.19315664 0.14918548 0.15365349 0.08455885 0.059836023 0.17118381 0.0054881456 0.022452498 0.04649374 0.016146032 0.018426988 0.026866877 0.012117582 0.034403633 0.048141595 0.008704566 0.00037580135 0.034785774 0.03344449 0.008133762 0.008919007 0.013761125 0.00045470064 0.00021152156 0.0035262122 0.00421973 0.002248538 0.017438363 0.00063059496 3.5960533e-05 0.000577764 0.0004636301 0.014677216 0.00046222593 0.035756014 0.0006567356 0.000571403 0.017187959 0.0001821049 0.00058019295 0.0005865091 0.00033752056 0.00010717991 7.708948e-05 0.0004214829 0.010914679 8.940539e-05 8.7941175e-05 0.0102492515 4.283396e-06 0.00045183982 0.00065976457 5.574294e-05 0.012062957 2.995574e-05 2.8152703e-05 5.2568566e-06 5.4952518e-05 0.00036457504 0.00020383096 9.802425e-06 1.1084048e-05 8.299977e-06 5.1048432e-06 0.0036825377 0.0017937194 5.275454e-06 2.0016494e-06 1.4178368e-06 1.2215048e-06 3.5297933e-05 0.0007251706 6.4714215e-05 5.59991e-06 2.4131652e-06 2.4372616e-07
0.52645755 1.564339e-05 0.0063558435 0.017441273 0.009796622 0.03134145 0.044051033 2.13486e-07 0.10207923 0.24032308 4.7868702e-06 0.43136376 0.2035609 0.68536836 0.061337505 0.699682 8.401704e-20 0.20998064 0.17376024 0.6950456 0.01622959 0.022949837 0.05405211 0.6641696 0.54382676 0.4218575 0.2879219 0.1697279 0.1428315 0.12651333 0.28856343 0.019274296 0.018260919 0.1417468 0.0083388705 0.04363048 0.09049922 0.011543241 0.0634421 0.23293297 0.0063053295 9.99181e-05 0.10947991 0.08491395 0.047575105 0.040559527 0.0400799 0.001749892 0.00015087111 0.011010789 0.012881918 0.009544796 0.0149515765 0.005022938 2.659706e-05 0.003418056 0.0021288812 0.024104599 0.0037275369 0.015000143 0.0053575244 0.006411725 0.0222994 0.00048729623 0.00539558 0.0042402227 0.0023100488 0.001055261 0.00068322534 0.0029256726 0.016797777 0.0009868732 0.00075190316 0.011412828 7.815081e-05 0.0034740453 9.659149e-05 5.650317e-05 0.010957926 0.00018034432 8.409143e-05 5.4850734e-05 0.0004768881 0.0009863891 0.00038398016 0.00017680522 0.0001769739 0.00011906136 7.7431134e-05 0.0016886962 0.0047199233 3.0329811e-05 7.134827e-05 5.4171913e-05 2.1025224e-05 0.00037593883 0.0023696704 4.0871102e-05 2.0275465e-05 5.4037344e-05 7.653629e-06
0.027346905 2.0434003e-05 0.0153898 0.00860439 0.001538291 0.37551627 0.08013622 3.6290146e-08 0.018143052 0.041505855 1.6899736e-05 0.29745358 0.011266125 0.50950134 0.003255033 0.1302989 0.20998064 1.2821041e-19 0.007173656 0.22629713 0.0005444997 0.00018051724 0.0015086125 0.074350476 0.076209635 0.1956671 0.32979557 0.005514514 0.6067788 0.4992961 0.008732947 0.7156475 8.710208e-05 0.023804557 2.5515406e-05 0.61198634 0.01913839 0.00037407485 0.25373212 0.007955806 5.722163e-05 9.786257e-06 0.2801757 0.001707789 0.0014292616 0.0007694291 0.13366537 0.018238796 0.0027735832 0.0019253152 0.0011590256 0.0005466348 0.00025071113 0.00021058042 0.00060995034 0.00035614992 0.00024661317 0.0007238236 0.00018167385 0.0059284433 0.00010431747 0.0002793931 0.0008865678 0.0005457836 0.00033195267 0.0023060022 0.002637135 0.00018626187 0.00013699423 0.00017162946 0.00042465315 0.00016912867 0.00013612403 0.0007911533 3.7660087e-05 1.917063e-05 0.009067106 0.00014481305 0.0006613177 5.753123e-05 0.00012981305 2.4552837e-05 4.134243e-05 0.0009869211 0.0005608194 2.8405268e-05 2.9737193e-05 3.6858983e-05 1.9428358e-05 0.0001930604 0.00039531777 2.66981e-05 1.1007507e-05 6.998726e-06 2.4060955e-05 1.5850688e-05 0.00015352813 0.00026480775 3.2914348e-05 4.532675e-06 1.0675396e-05
0.93930304 0.00016157638 0.0073756995 0.034521673 0.014576106 0.020955088 0.05039215 3.540727e-05 0.20284611 0.23482585 0.00013877057 0.09868589 0.59183705 0.0707719 0.66965824 0.21500234 0.17376024 0.007173656 6.6626234e-18 0.036275394 0.25467655 0.3724161 0.68320906 0.23062807 0.06263217 0.022945924 0.014313318 0.6301143 0.0018979441 0.0012450339 0.43133372 0.00029269283 0.31083205 0.014767072 0.18050024 0.0005188184 0.005235654 0.21055074 0.0009904986 0.021685274 0.1960453 0.0004646814 0.0013876184 0.1081489 0.0068721715 0.017353596 0.0005267476 6.351501e-05 6.668624e-05 0.00018050417 0.0003613681 0.0003599071 0.27878478 0.00027355884 8.66358e-06 3.0006404e-05 4.0132836e-05 0.0483398 0.00026385914 0.017880416 0.0011242003 0.00039391572 0.08394717 2.7818533e-05 0.0008241244 0.00013822415 0.00014704795 2.329014e-05 1.8840057e-05 0.00023367933 0.05002709 1.563954e-05 5.0590414e-05 0.191732 3.706468e-06 0.00072858745 0.00046700911 1.0568215e-05 0.14903556 1.7233284e-05 9.481773e-06 8.073365e-06 1.2855526e-05 4.7180238e-05 2.5385796e-05 5.5206356e-06 4.98697e-06 1.699998e-06 5.5362048e-06 0.03785541 0.031043418 2.582212e-06 1.5482881e-06 1.176084e-06 9.3414377e-07 2.239071e-05 0.0024082558 7.3600863e-06 1.1389261e-06 2.4918413e-06 2.678675e-07
0.8055604 6.9890046e-07 0.0025981993 0.0052485717 0.0010341351 0.017274693 0.027142476 4.83373e-08 0.028618706 0.06152597 4.201687e-07 0.11164214 0.02623507 0.42571822 0.010983475 0.3639996 0.6950456 0.22629713 0.036275394 7.328579e-18 0.0005848096 0.0031676434 0.0099219605 0.5759706 0.60136443 0.529254 0.4898183 0.07499086 0.29908684 0.29836005 0.16360348 0.04902732 0.0048717842 0.38367456 0.00025187797 0.12622571 0.3502995 0.0023908324 0.25120458 0.24682385 0.00019950837 9.806484e-06 0.15361622 0.062048182 0.061841555 0.047667176 0.08928915 0.010466631 0.0017297458 0.032447953 0.04386945 0.026683908 0.0048466553 0.007766461 0.0001792471 0.0051506595 0.0034746071 0.03655121 0.0057035503 0.016891206 0.008436582 0.0071242787 0.0277187 0.0022734585 0.0068151355 0.009500035 0.005486581 0.0012530985 0.00081772386 0.0035609403 0.01738603 0.0012914694 0.0014053897 0.008355735 0.00012277788 0.0085321395 0.00037752127 0.00021513016 0.011320957 0.00027516225 0.00012912434 3.5480047e-05 0.0005729388 0.0014504312 0.001069555 0.00017833438 0.0002364988 0.000164405 2.9668587e-05 0.00042886936 0.0032315752 1.7391287e-05 0.0001049387 8.269192e-05 8.157796e-06 0.0005040717 0.0027344488 8.773653e-05 1.4542691e-05 7.903131e-05 6.865217e-06
0.8089498 0.055365976 0.107761696 0.20925842 0.21996637 0.02473536 0.20566049 0.010379446 0.30357528 0.23500852 0.0022297828 0.053856444 0.52695876 0.013558053 0.64337444 0.03124629 0.01622959 0.0005444997 0.25467655 0.0005848096 3.759584e-19 0.18417437 0.2927317 0.009802215 0.0003411767 0.00010994828 1.539214e-05 0.020353215 1.3829449e-05 2.3614302e-05 0.00047111762 1.1485711e-05 0.012820211 1.2471225e-05 0.17535757 1.3854747e-06 3.6523207e-07 0.017673392 1.471688e-05 5.3599565e-06 0.14621657 0.023439106 3.549712e-06 0.00027892212 2.0653224e-06 2.918435e-06 2.2932613e-06 2.808064e-06 5.0103336e-06 1.5368588e-08 2.3898107e-07 3.5834123e-08 0.08999437 1.7409977e-08 6.1445024e-07 3.177712e-09 4.5704973e-09 4.244723e-06 1.9850988e-08 0.09267993 9.4288816e-07 1.2044775e-07 1.97721e-05 8.495115e-07 4.9857164e-07 2.636188e-07 1.0342301e-07 1.1206447e-09 8.7278895e-10 2.4859757e-08 3.1673183e-06 2.0519668e-09 5.2047793e-09 0.0057497686 1.8376356e-09 1.3785639e-07 2.0329855e-05 1.0771269e-07 0.000769033 6.406859e-10 2.8660474e-09 6.4509775e-10 8.3417717e-10 7.728166e-09 6.7386843e-09 1.0235373e-10 8.372003e-11 1.0655474e-10 1.6473738e-10 0.17419244 3.9672836e-05 3.6996396e-11 2.2263249e-11 1.5411365e-11 4.1000432e-11 2.8603921e-11 3.959559e-08 3.0619665e-10 2.6039051e-11 1.4891406e-11 3.1998829e-12
0.79295284 0.0051245815 0.0085401675 0.059271917 0.032243304 0.002331482 0.02346469 0.004610749 0.099399105 0.056053404 0.004738159 0.014048788 0.35129824 0.010678864 0.57199824 0.033184163 0.022949837 0.00018051724 0.3724161 0.0031676434 0.18417437 2.4728575e-19 0.52023715 0.03189496 0.0028020544 0.001326332 0.00046892726 0.13888034 1.2799717e-05 3.778074e-05 0.02200314 9.166539e-06 0.3321628 0.0005332939 0.6122662 8.731554e-06 0.00013571196 0.77530015 0.00017339589 0.00038935064 0.43784803 0.00026234938 5.4552966e-05 0.008500887 6.9790134e-05 0.00061527593 3.1774667e-05 4.0322716e-06 5.0529584e-06 2.9836903e-05 0.00010156139 3.883621e-05 0.2468804 1.3714671e-05 1.33595e-07 4.350712e-06 3.6738031e-06 0.0007880783 1.306299e-05 0.0016729903 2.7901377e-05 1.1579482e-05 0.0019997575 7.20323e-07 2.7926455e-05 4.2448795e-05 1.4817264e-05 3.16605e-06 3.64367e-06 4.5616603e-06 0.0013765501 2.0484194e-06 1.7737063e-06 0.045931928 1.8171769e-06 1.9536586e-05 2.9292022e-07 1.0011949e-07 0.025764083 4.6250477e-07 2.6804997e-07 3.7680923e-07 2.4955023e-07 6.014267e-07 4.4462365e-07 5.1346262e-08 1.5346657e-07 1.1968517e-07 1.0722831e-07 0.050531074 0.0023823585 5.6934407e-08 6.0275504e-08 5.124246e-08 3.7179948e-08 1.8329878e-08 3.682943e-05 7.238733e-08 1.6952525e-08 1.0025512e-08 1.2355817e-08
0.9330801 0.00064774754 0.0076853433 0.031466477 0.014530527 0.008607473 0.03941553 0.00028608605 0.15347213 0.13222952 0.0005711404 0.044589743 0.47920194 0.023945026 0.65987253 0.08064356 0.05405211 0.0015086125 0.68320906 0.0099219605 0.2927317 0.52023715 1.3432455e-17 0.079061195 0.0096654715 0.009291324 0.003928392 0.53222233 0.00027035555 0.00022602583 0.1761337 6.126089e-05 0.6137101 0.002343845 0.29983616 6.282517e-05 0.00069597556 0.3843417 0.00027468638 0.003100687 0.21158558 0.0002493555 0.00020661282 0.038571473 0.0017443625 0.0042308513 9.430114e-05 1.1856908e-05 6.8444488e-06 4.0897732e-05 0.0001013379 8.5371044e-05 0.31876042 7.829509e-05 6.527547e-07 6.5245317e-06 9.496297e-06 0.026363127 7.979859e-05 0.008386466 0.00033336793 0.000107105625 0.060572583 2.5323254e-06 0.00024660633 3.1452113e-05 1.5851641e-05 8.865234e-06 5.3395997e-06 0.00010312238 0.029382398 5.6116555e-06 2.9197869e-05 0.2733086 1.7467038e-06 0.00040977926 6.606035e-05 4.5050749e-07 0.12584992 8.398495e-06 2.1907927e-06 1.8179221e-06 2.4854523e-06 2.2636623e-06 2.5668273e-06 7.4874816e-07 1.2175657e-06 4.3043966e-07 7.404542e-07 0.07811137 0.032651626 3.4436746e-07 3.5995666e-07 2.880774e-07 2.5354123e-07 9.97055e-06 0.0021665252 4.240594e-07 1.1526618e-07 5.5896146e-07 4.468475e-08
0.8863809 1.3718353e-06 0.0028375068 0.01399401 0.0030649325 0.015326966 0.027392741 4.210114e-07 0.0688984 0.12894858 1.3204593e-06 0.11144056 0.19624044 0.2921285 0.07742107 0.48725614 0.6641696 0.074350476 0.23062807 0.5759706 0.009802215 0.03189496 0.079061195 1.9904952e-18 0.7324566 0.29836866 0.1970261 0.29445297 0.119518705 0.08936099 0.44485947 0.009342253 0.019513395 0.20729437 0.015717098 0.019307438 0.15849508 0.0142803565 0.045631956 0.39252707 0.013460692 4.5588575e-05 0.04316166 0.18681735 0.08894031 0.07497763 0.016139235 0.0012491436 0.0005014332 0.01435981 0.023962766 0.012393424 0.026356747 0.0061737834 0.00010022587 0.0023969063 0.0017928054 0.068548754 0.0037793845 0.026358217 0.0072244545 0.0071366318 0.058951303 0.0007736662 0.007949447 0.001483839 0.00096548855 0.0005033574 0.00037945888 0.003375914 0.036116697 0.0005470861 0.0007823743 0.028839413 3.8648846e-05 0.007128533 0.0005289068 0.00010713975 0.03223132 0.00018448624 4.585499e-05 4.5999353e-05 0.00037467858 0.00057579204 0.00021522105 0.00012057229 0.000104387334 3.6414593e-05 3.904551e-05 0.0018247286 0.009361054 2.6829652e-05 4.588452e-05 3.25564e-05 8.141739e-06 0.0008645331 0.0047322214 7.442986e-05 2.0793988e-05 6.806009e-05 2.14428e-06
0.8591688 3.146135e-07 0.0005810438 0.003482866 0.00043912427 0.0052026515 0.015874917 2.5552148e-07 0.025359223 0.04316199 4.852934e-07 0.048128817 0.032474905 0.23097149 0.008314428 0.27394232 0.54382676 0.076209635 0.06263217 0.60136443 0.0003411767 0.0028020544 0.0096654715 0.7324566 7.32883e-18 0.4826665 0.39402083 0.14270747 0.26764423 0.24814874 0.34900254 0.015864383 0.003762735 0.4952815 0.0003247724 0.07568879 0.46637243 0.0021134354 0.22356926 0.5180359 0.00031769686 4.9114196e-06 0.14598393 0.14761688 0.13206701 0.0895822 0.047320813 0.004896849 0.0016862806 0.06463191 0.095686935 0.05688175 0.005332911 0.010548807 0.00019868037 0.006743083 0.0043077418 0.064511225 0.008539385 0.015750611 0.014028744 0.010951986 0.043345477 0.001062202 0.01421969 0.0064590527 0.0027566825 0.001647258 0.0010105706 0.0069638286 0.026661713 0.0016316823 0.0024293163 0.01274095 0.00019818645 0.01825256 0.00057708943 0.0001653888 0.019082002 0.00034741958 0.00015156304 0.00010175004 0.00076289213 0.00079979363 0.00055741746 0.00027139505 0.0002060467 0.0001261594 8.225437e-05 0.00048699466 0.006594605 4.3003307e-05 8.612124e-05 6.872971e-05 2.003713e-05 0.00088948023 0.005133315 8.9288915e-05 4.7910373e-05 8.7315995e-05 6.8965514e-06
0.67771125 2.0337609e-07 0.00080788607 0.0022914645 0.00022975825 0.007709841 0.018292833 4.0743995e-09 0.014188928 0.035534114 1.1144318e-08 0.07610921 0.020389134 0.38459885 0.007943089 0.19315664 0.4218575 0.1956671 0.022945924 0.529254 0.00010994828 0.001326332 0.009291324 0.29836866 0.4826665 6.441079e-18 0.6812761 0.05360503 0.26552567 0.2689532 0.13665237 0.03844619 0.0030244116 0.4968566 4.216254e-05 0.15094078 0.5353467 0.001848166 0.36359888 0.31603244 3.5295783e-05 7.4165946e-06 0.1999544 0.05506283 0.10634341 0.07096804 0.10909369 0.00996468 0.0007212056 0.13074324 0.103424415 0.112212755 0.0023233749 0.026268532 0.00015675162 0.009956734 0.006686672 0.048542663 0.02327037 0.010757413 0.040399835 0.021688426 0.032667425 0.0018949176 0.017474048 0.011195517 0.008020243 0.002681644 0.0029465891 0.008393215 0.022174444 0.0027861956 0.0033990447 0.0072677443 0.000593012 0.017511906 0.00010874739 9.319788e-05 0.011868471 0.0010418221 0.00017153277 0.00013294231 0.0011551831 0.0022932603 0.0006637642 0.0004949766 0.0006408504 0.0004967786 0.00012558237 0.00029304027 0.0045611407 5.3686563e-05 0.00029885702 0.00023681275 6.241336e-05 0.0009851763 0.005681671 8.082676e-05 4.5971286e-05 0.00022322219 5.673184e-05
0.52283007 8.602129e-08 0.0007450755 0.0014286116 0.00013315522 0.0070348145 0.014269669 2.9639313e-09 0.010172614 0.027751869 9.096508e-09 0.08914534 0.011652125 0.41795954 0.00314267 0.14918548 0.2879219 0.32979557 0.014313318 0.4898183 1.539214e-05 0.00046892726 0.003928392 0.1970261 0.39402083 0.6812761 1.7764726e-17 0.035771456 0.4744461 0.47203228 0.09804146 0.095113374 0.002240433 0.42166838 2.9008776e-05 0.35317096 0.50840765 0.0026568994 0.5904878 0.26746634 5.6418154e-05 6.874619e-06 0.34518662 0.030067982 0.12589464 0.05988939 0.29704607 0.027562093 0.003701505 0.19455667 0.11289971 0.14472337 0.0023818566 0.037614204 0.00088287104 0.011804671 0.008020361 0.026681507 0.027619425 0.004875751 0.026015753 0.020273918 0.017153213 0.004240206 0.008754526 0.017423667 0.015465659 0.0035765488 0.004070483 0.0057502952 0.010235561 0.0041211564 0.0033761763 0.0049247476 0.000985336 0.008389786 0.00026914003 0.00036204336 0.005998795 0.001167347 0.00040620178 0.00013069202 0.0014759018 0.004226369 0.0012837927 0.0007629581 0.0010522451 0.0008168415 9.903611e-05 0.00010804217 0.0021543032 5.6514164e-05 0.00047398428 0.00040170015 9.930783e-05 0.00061516796 0.0041524195 0.0002504062 5.3697924e-05 0.0002676539 0.0001338057
0.96739674 5.543686e-06 0.0013049156 0.010307977 0.0031121238 0.005690942 0.023903081 1.7075713e-06 0.07559602 0.11292548 4.8445694e-05 0.06287088 0.31840527 0.074391186 0.32168972 0.15365349 0.1697279 0.005514514 0.6301143 0.07499086 0.020353215 0.13888034 0.53222233 0.29445297 0.14270747 0.05360503 0.035771456 2.310233e-16 0.0019558575 0.0010377233 0.7366602 0.0016556736 0.30407053 0.031594604 0.086047865 0.00074430247 0.018147811 0.1275578 0.001194328 0.101829365 0.07923561 5.3176238e-05 0.0012950368 0.44787332 0.042809207 0.15309563 0.00089209387 0.0004632458 0.00029667924 0.00061728037 0.0013671669 0.0011105321 0.18758844 0.0009993888 4.970961e-05 0.00012913124 0.0001406476 0.17062055 0.0010125401 0.00964886 0.006263575 0.0015084823 0.22261049 6.322192e-05 0.003408026 0.0004513848 0.00036866523 4.5507255e-05 3.338746e-05 0.0013351897 0.12937275 2.7606655e-05 0.00016545679 0.30770203 6.3689004e-06 0.0047566677 0.0010834228 2.5163607e-05 0.26154515 2.9675606e-05 2.9293953e-05 2.3366225e-05 1.9753496e-05 6.701643e-05 5.1376468e-05 1.253258e-05 1.4170535e-05 2.6358878e-06 1.077463e-05 0.014344824 0.095759735 1.1505927e-05 4.7415806e-06 3.4782436e-06 3.5126754e-06 0.00016078552 0.020235159 1.1806875e-05 5.7145744e-06 8.260998e-06 8.5846114e-07
0.035656728 2.5926596e-08 0.00023653782 7.3246796e-05 2.2689846e-05 0.0049311747 0.0025508874 1.1697555e-09 0.0022897017 0.005837444 2.9468064e-09 0.057444666 0.0028602304 0.29708952 0.00045294064 0.08455885 0.1428315 0.6067788 0.0018979441 0.29908684 1.3829449e-05 1.2799717e-05 0.00027035555 0.119518705 0.26764423 0.26552567 0.4744461 0.0019558575 4.4708007e-20 0.7925368 0.007772882 0.35551825 3.9462728e-05 0.051749934 1.779039e-06 0.7069886 0.08802634 0.00022532766 0.6217435 0.08019633 4.376835e-06 3.0519207e-06 0.5035648 0.0025087723 0.020441381 0.0058518415 0.3178352 0.031952776 0.0036363301 0.038550593 0.02110853 0.024483085 1.2347247e-05 0.0038917817 0.0012473194 0.0054822913 0.003420254 0.0009910238 0.0016308296 0.0012629584 0.00095680496 0.0021976356 0.00064366666 0.001751599 0.0008507634 0.002725742 0.0036196348 0.0013863129 0.0012013442 0.00088915287 0.00043560436 0.0010164749 0.0006870369 0.00030640673 0.00016086236 0.00023517049 0.00044820388 0.000319378 0.0004194205 0.00030834405 0.00015913114 5.5378925e-05 0.00036442126 0.0013572808 0.00033245675 0.0002302788 0.00022232755 0.000230799 4.222189e-05 3.2626704e-05 0.00016577617 3.317655e-05 8.201648e-05 6.788993e-05 4.803578e-05 3.2246346e-05 0.00022038814 7.935404e-05 1.9541916e-05 3.498909e-05 6.962541e-05
0.056037597 7.423933e-08 0.0001853023 0.00015489187 6.23789e-05 0.004262349 0.0033236213 3.184107e-09 0.0028649888 0.0066818814 3.5893408e-09 0.059024535 0.0018260726 0.2931686 0.00023589803 0.059836023 0.12651333 0.4992961 0.0012450339 0.29836005 2.3614302e-05 3.778074e-05 0.00022602583 0.08936099 0.24814874 0.2689532 0.47203228 0.0010377233 0.7925368 3.0849714e-20 0.0032826674 0.17954895 5.758178e-05 0.060169365 2.0491912e-06 0.5360571 0.10852454 0.00020012123 0.6465803 0.075911544 5.6591043e-06 2.225732e-06 0.49240568 0.0015175613 0.01640723 0.0037493433 0.2872938 0.023229135 0.0027045612 0.033367936 0.019360702 0.02000494 1.0975745e-05 0.0034455757 0.0008696929 0.004572441 0.0030051295 0.0006481263 0.0021438089 0.003464044 0.0008791314 0.0018437044 0.00061135297 0.0030887956 0.00072222354 0.004908224 0.0052104094 0.0017304216 0.0013391466 0.0007984565 0.0005267283 0.0012826484 0.00073988846 0.00022066472 0.00022520412 0.000230137 0.0011275343 0.00044905982 0.00032677696 0.00040402202 0.00020151277 6.697227e-05 0.0004217191 0.002341422 0.0003891366 0.00019807834 0.00025018564 0.00029563 4.871956e-05 4.1822303e-05 5.501623e-05 3.907658e-05 6.567635e-05 5.6292392e-05 5.501298e-05 3.8488037e-05 0.000105145264 7.22517e-05 2.5590485e-05 4.1711173e-05 4.9439608e-05
0.95120597 2.5600028e-07 0.0002289931 0.0021896292 0.00023892197 0.0019481664 0.012328687 1.0837192e-07 0.038921114 0.07166617 1.0095586e-05 0.064438164 0.14699227 0.1162272 0.083781175 0.17118381 0.28856343 0.008732947 0.43133372 0.16360348 0.00047111762 0.02200314 0.1761337 0.44485947 0.34900254 0.13665237 0.09804146 0.7366602 0.007772882 0.0032826674 6.138014e-18 0.0057622488 0.09098895 0.11385695 0.010918051 0.00263818 0.07859881 0.027709717 0.0036827277 0.30402157 0.010075437 4.2335573e-06 0.0031411618 0.5098934 0.20460409 0.30965516 0.0016873494 0.0014199255 0.0022119302 0.008331835 0.020183824 0.018598614 0.059222743 0.008574152 0.00044418123 0.0009077804 0.00071111775 0.251273 0.0068744523 0.006420797 0.027992442 0.016450351 0.24613215 0.0001532027 0.029080614 0.0005045562 0.00025284814 0.00018366329 0.00015920021 0.0076821083 0.17169683 0.00014213148 0.0006092144 0.19084105 8.563536e-06 0.02461288 0.0013171597 4.3850676e-05 0.20477998 6.1837236e-05 2.9622164e-05 2.1126905e-05 4.9712315e-05 8.9460744e-05 5.1921383e-05 1.9283048e-05 3.075876e-05 3.0832434e-06 8.849218e-06 0.0028645173 0.098018885 1.1591448e-05 1.2724671e-05 8.420228e-06 1.2815688e-06 0.00029402843 0.030737123 1.0208134e-05 7.149584e-06 1.0390824e-05 1.1548487e-06
