3.83823e-40 0.41634765 0.82347816 0.7258859 0.052640215 0.119684085 0.39112574 0.08478347 0.008135992 0.031165825 0.012729606 0.024452813 0.0053270324 0.008253258 0.47074285 0.6346307 0.0037250102 0.2855449 0.5272374 0.100902766 0.17112519 0.3385501 0.0070577567 0.0208735 0.300047 0.0010924472 0.72698563 0.76455134 0.003274224 0.0028269873 0.043030612 0.5468593 0.0053888718 0.32035083 0.84466094 0.00026159539 0.00011453668 0.011647698 0.102043115 0.65380144 0.00035541953 0.0016669391 0.0055946545 0.05937021 0.029871045 0.00093661615 0.8224375 0.8310824 0.8229648 0.9687565 0.18812639 0.91281945 0.71166956 0.05845575 0.6036699 0.9733512 0.04909986 0.7859046 0.16568212 0.965906 0.97400635 0.22362763 0.11696609 0.009824851 0.967872 0.81144804 0.003115451 0.22665893 0.4544185 0.0019648387 2.0089574e-07 0.02566105 0.98754656 0.008628307 0.00018455187 0.002254702 3.1815667e-05 0.98522955 0.54222983 0.18756016 0.99853224 7.805379e-08 6.937354e-05 0.99795496 1.6134762e-05 1.9761494e-08 0.045905773 0.01976349 4.548814e-06 0.20189308 0.0013907609 0.035270017 3.052705e-05 0.00017459027 0.94131154 5.7126073e-08 5.7743176e-07 0.00017769757 0.99715304 4.1352816e-08 0.6216569
0.41634765 8.052923e-18 0.7403062 0.31577724 0.5551303 0.13538912 0.10827369 0.27124903 0.109319314 0.063896246 0.20494854 0.20851013 0.15922505 0.04264856 0.1916581 0.008441267 0.06846907 0.005964246 0.17134388 0.0048708087 0.0022905248 0.006009202 0.016295565 0.012270374 0.0049291574 0.07898418 0.14917196 0.002469596 0.003872982 0.01363555 0.033852987 0.0019322694 0.0037981262 0.047807097 0.077821516 0.012269508 0.014133206 0.003880295 0.0043046186 0.00071390637 0.015278156 0.0021647306 0.002436028 0.0020237141 0.002119447 0.0028402884 0.00061568414 0.16065417 0.116039485 0.015570489 0.001104607 0.10035123 0.19213723 0.00024016584 2.2693439e-05 0.00014787231 0.0002080237 1.9342466e-05 1.745847e-05 0.0013189523 0.00046774163 3.0223728e-05 0.12315953 0.0006109129 4.6164332e-05 0.14864416 0.0006578286 6.7233336e-06 9.131778e-06 0.00056461885 0.000539924 1.3773209e-05 0.027820414 9.6203905e-05 0.0015523459 0.00032263956 1.7601565e-06 0.0141264135 1.2261489e-06 4.670425e-06 0.16747108 0.0027342883 0.00064828614 0.001084611 0.0006428992 4.6869072e-06 4.490484e-06 1.8952851e-05 0.00012681137 3.2764896e-07 2.4851735e-05 5.578264e-06 0.00027730738 4.2173964e-05 3.5274144e-05 2.4422781e-05 0.008366344 9.854365e-05 0.001669894 1.2894639e-06 8.4782205e-06
0.82347816 0.7403062 3.2516385e-19 0.77881026 0.24651752 0.36145335 0.51291114 0.11437318 0.08211187 0.07854715 0.038633104 0.036006127 0.0752546 0.06152098 0.22460344 0.036791075 0.07957441 0.021115992 0.5359562 0.02954104 0.016075594 0.021063015 0.032109614 0.043036584 0.019099394 0.01407434 0.3931531 0.014395055 0.00731324 0.021356814 0.021826854 0.01064756 0.011157785 0.06219345 0.28375253 0.0023315065 0.004699043 0.009449561 0.011181176 0.0078907665 0.01185437 0.0067422665 0.0062358384 0.004464108 0.0046110502 0.006333224 0.0047736545 0.5232544 0.5010191 0.067795865 0.0034128525 0.6119259 0.3652442 0.0009745106 0.00034482297 0.0021373 0.0009022403 0.00020688906 0.00037626037 0.009582263 0.0052259187 0.0001952827 0.07078906 0.0013843846 0.0018130789 0.13594666 0.002019223 4.6913992e-05 0.00013233905 0.0027572822 7.788252e-05 0.00011903855 0.3161556 0.00020133007 0.0028860937 0.0005592863 1.840476e-06 0.15751657 2.817556e-05 6.851336e-05 0.19918816 0.00061859214 0.0010766356 0.012048959 0.00072662474 1.6221873e-05 2.4630514e-05 8.407924e-05 0.00029208104 6.1944097e-06 9.4656956e-05 2.9064988e-05 0.00036568168 0.00015311054 0.00024194496 4.47446e-05 0.0014699277 0.00035015342 0.0042949617 2.2814556e-06 5.7930778e-05
0.7258859 0.31577724 0.77881026 2.8180872e-19 0.046334613 0.41325808 0.59163547 0.0192354 0.048184507 0.106444344 0.007956231 0.0076414677 0.051017735 0.11256431 0.042473447 0.16082788 0.076045915 0.08370919 0.43251562 0.08923959 0.05920013 0.06939588 0.11562275 0.17274453 0.058981266 0.0059341677 0.25542864 0.08807067 0.05264732 0.07654121 0.0042598317 0.089854166 0.080477186 0.01604343 0.2833367 0.0012465745 0.0040754788 0.08705688 0.09375046 0.043047782 0.024515683 0.04442554 0.043894928 0.043589965 0.045240015 0.036344685 0.0425406 0.16773182 0.22394773 0.3675825 0.0148318615 0.48935908 0.13901642 0.005211836 0.0017167432 0.01864623 0.004379495 0.0015836185 0.0015740214 0.11042929 0.038606793 0.0015586059 0.039316755 0.006195291 0.0059861448 0.034192413 0.0066331495 0.00029176674 0.00045506304 0.0063068965 6.926651e-05 0.00045110038 0.24929272 0.0010574879 0.008059003 0.0023707387 0.0003718022 0.16481857 7.576248e-05 0.00015985226 0.12863173 0.0006414955 0.0029646244 0.030190572 0.0020819837 0.00014766713 0.00013402257 0.00032838614 0.001562368 2.0832596e-05 0.00040204334 0.00014465417 0.0011985669 0.00053966197 0.00023269106 0.0005611096 0.0008009477 0.00065186544 0.0054633636 0.00023453598 0.000112501
0.052640215 0.5551303 0.24651752 0.046334613 7.568667e-23 0.017832894 0.013074587 0.51972157 0.053124215 0.02036251 0.48760515 0.5805937 0.18241337 0.013052966 0.20979175 0.0011468669 0.039975744 0.00065251545 0.021687048 0.0006666418 0.00022018186 0.0006255277 0.0030530242 0.0017388518 0.0002475989 0.25098193 0.011788605 4.3965825e-05 0.00040672778 0.0028453418 0.07893418 9.429457e-05 0.00033803258 0.068546824 0.0042752274 0.052326526 0.020863928 0.0002636235 0.00026320873 3.1831692e-05 0.0039892127 0.00016850788 0.00018347612 0.0002063212 0.00014121302 0.0006637896 2.260768e-05 0.029939683 0.01358077 0.0013543463 5.158124e-05 0.0069257733 0.10130665 2.7922806e-05 4.7681488e-06 6.354643e-06 2.6718757e-05 3.7339744e-06 4.301469e-06 4.3922115e-05 1.7973589e-05 9.393247e-06 0.17085892 8.783623e-05 6.2641475e-06 0.0829235 0.00011496369 1.0285689e-06 1.3696157e-06 0.00014632849 0.00093102787 1.3448116e-06 0.0034915511 5.0242816e-06 0.0004648888 1.1846307e-05 1.2350722e-07 0.0009431424 7.407695e-08 6.1951397e-07 0.042025916 0.003021909 0.00030441422 9.0628775e-05 0.00034626617 2.8889312e-07 2.613459e-07 5.5144136e-07 4.977764e-05 5.692743e-09 1.1157816e-06 1.5693283e-07 2.0308365e-05 1.6739772e-06 1.8777249e-06 2.1747535e-06 0.010426392 3.251449e-06 4.8905065e-05 6.277016e-08 1.1011774e-06
0.119684085 0.13538912 0.36145335 0.41325808 0.017832894 5.793016e-22 0.7331264 0.0074675684 0.35013518 0.5758472 0.0054420307 0.0043023205 0.1241597 0.30452785 0.008398051 0.07473828 0.12888005 0.06336757 0.078551084 0.0800192 0.056372225 0.03684181 0.38454753 0.4150627 0.03175266 0.004986243 0.022030085 0.03499673 0.2309134 0.18686138 0.001169692 0.054530937 0.17844418 0.0027919118 0.025225218 0.0006358972 0.0024511453 0.11036543 0.1186602 0.03101765 0.03107088 0.08668845 0.08561525 0.057738695 0.05716554 0.12202615 0.0110481875 0.015931504 0.015109026 0.042458057 0.014882332 0.026470922 0.016367966 0.0029781 0.00083375693 0.0033078673 0.0022765046 0.00033626932 0.00075322407 0.012137145 0.006137434 0.0008692932 0.028229492 0.004901283 0.0012643859 0.021738421 0.006359891 0.00013953735 0.00018238196 0.0038799285 8.558883e-06 9.492029e-05 0.005982162 0.00018685005 0.018041065 0.0010878053 0.0036528176 0.007391233 3.578254e-05 0.000104861865 0.010693882 0.00013137971 0.0031413175 0.002974735 0.0025647576 0.00020616838 6.001782e-05 0.00016861124 0.0019102241 7.6164138e-06 0.000112028756 7.1840965e-05 0.0017035872 0.00026360812 0.00017515915 0.00037843472 8.303449e-05 0.00041707233 0.0015092263 0.0002560134 0.00010294836
0.39112574 0.10827369 0.51291114 0.59163547 0.013074587 0.7331264 1.961854e-21 0.0057241856 0.09115706 0.2778553 0.003071812 0.0021688766 0.05311997 0.15519774 0.013707508 0.20902726 0.07787234 0.15995105 0.20857929 0.17007978 0.1210556 0.082879625 0.2731921 0.46752194 0.07083002 0.0024195996 0.076526724 0.10746208 0.19019544 0.13325873 0.00068506267 0.14606322 0.21443191 0.0025816457 0.12184959 0.00033872333 0.0011010154 0.1628303 0.16458027 0.07738524 0.025384532 0.08929335 0.10685777 0.08811198 0.084553935 0.08133977 0.049280163 0.044565666 0.053406265 0.24208191 0.021065244 0.15834469 0.030750312 0.0058911303 0.0014352992 0.019708512 0.0046785166 0.0009969427 0.0012988357 0.07577151 0.039637517 0.0015434828 0.021741832 0.0075765373 0.005368997 0.016736237 0.0075508403 0.00020916657 0.00033714355 0.0048239683 7.2019902e-06 0.00021652426 0.030003337 0.00042283 0.014966913 0.0019227997 0.0058343858 0.035727315 7.16444e-05 0.00015894035 0.029922038 0.00010771193 0.0019701028 0.012807576 0.0014053328 0.00015122736 0.00012059748 0.00020008763 0.0011367673 1.9561325e-05 0.00017744084 0.00011550944 0.0009288528 0.00030050665 0.0002587369 0.00029815215 7.29042e-05 0.00022716988 0.0043316106 0.00036448467 7.7564386e-05
0.08478347 0.27124903 0.11437318 0.0192354 0.51972157 0.0074675684 0.0057241856 2.9323232e-21 0.0067262617 0.0029891431 0.24492857 0.6544895 0.027335238 0.0024530266 0.6501014 0.00015288962 0.011387796 9.817445e-05 0.017285686 6.535171e-05 1.0985956e-05 0.00011706546 0.0009895313 0.00026900685 5.172513e-05 0.05853192 0.015683275 5.965941e-06 0.00014374203 0.0013443873 0.17471519 5.0867648e-06 0.0001415698 0.22440532 0.0039681676 0.008848611 0.00386598 0.0001353711 1.7471946e-05 1.9389386e-06 0.0019191578 0.00026392232 9.351608e-05 2.1603179e-05 2.4713874e-05 0.00024036679 6.8631225e-06 0.10848051 0.034680888 0.00031977572 3.905022e-06 0.00989704 0.25002268 4.376167e-06 3.1856288e-07 1.6421866e-06 3.4603706e-06 6.3369504e-07 2.3799264e-07 1.036347e-05 3.7983757e-06 4.0744385e-07 0.20367965 7.44278e-05 1.7664594e-06 0.09366883 0.00010959005 6.3610095e-08 6.307295e-08 6.241574e-05 0.0015172523 1.1970457e-07 0.005083084 1.876683e-06 0.000446478 4.214017e-06 1.6216466e-08 0.0010131805 1.3643762e-08 5.310931e-08 0.08818985 0.0033647383 7.5891345e-05 8.73573e-05 7.479838e-05 3.7072525e-08 2.7756823e-08 8.170347e-08 1.7522356e-05 2.6799318e-09 1.5415577e-06 2.8952405e-08 8.779759e-06 3.166998e-06 3.000506e-07 4.5290867e-07 0.006452299 2.4553035e-06 0.00042135947 2.3359095e-09 6.124196e-07
0.008135992 0.109319314 0.08211187 0.048184507 0.053124215 0.35013518 0.09115706 0.0067262617 6.904556e-24 0.7007461 0.058879457 0.015438052 0.49330184 0.45810333 0.001600137 0.0012993821 0.30918604 0.0016273062 0.0051862593 0.0015673324 0.0004898479 0.0009278528 0.09754951 0.012306487 0.0008463247 0.055342328 0.0013775792 0.0001832285 0.033042468 0.09698106 0.002747423 0.00053414743 0.0039139558 0.0010354106 0.00087919587 0.0038092572 0.019560026 0.002051624 0.00036801904 0.00022774491 0.047814514 0.004929632 0.001348234 0.00023497992 0.00020337892 0.06661223 1.4854276e-05 0.0014091094 0.0006179822 0.0006739245 0.00018720231 0.0011586255 0.0039135977 0.0001596093 7.769646e-05 8.205501e-06 0.00013147735 1.8122213e-05 6.939869e-05 3.0387428e-05 2.5716605e-05 8.0953425e-05 0.02692274 0.00036805414 1.0948189e-05 0.01337941 0.00067291176 5.3147924e-06 5.2696864e-06 0.0008439544 3.809141e-05 9.063609e-06 0.00034844785 1.8682591e-05 0.002675582 0.00011121472 0.00014433559 0.00020657695 8.5534344e-07 2.5451986e-06 0.0022934254 9.260154e-05 0.0037158579 0.000100735866 0.0032121257 4.993157e-06 1.2807072e-06 3.2584987e-06 0.00087419356 8.638234e-08 3.0660256e-06 8.642261e-07 0.0005187644 4.144623e-06 7.990868e-06 9.86541e-06 0.00079960324 9.350418e-06 1.2284915e-05 1.1322409e-06 1.88419e-06
0.031165825 0.063896246 0.07854715 0.106444344 0.02036251 0.5758472 0.2778553 0.0029891431 0.7007461 9.790961e-23 0.016821174 0.004754613 0.42585042 0.56045 0.001402734 0.011871732 0.30910513 0.009969691 0.009592824 0.012101304 0.0065337885 0.0060804947 0.38667113 0.123027146 0.0046991864 0.013690353 0.0022012466 0.0021823954 0.16893677 0.23951022 0.0012372793 0.0056588515 0.026852828 0.00082204735 0.0015776394 0.00042032203 0.008066409 0.03188431 0.013127675 0.0017837122 0.037936017 0.035660192 0.01923713 0.004260392 0.0054489737 0.21072206 0.0002645006 0.0023609926 0.001406551 0.0018460698 0.0011599847 0.0020195218 0.0024714218 0.0006581997 0.0002497368 4.4675653e-05 0.00053547585 7.3941126e-05 0.00031999504 0.00029691018 0.00012615218 0.00040363267 0.021659639 0.0023085757 3.160308e-05 0.008123579 0.0038194973 6.0398448e-05 3.813346e-05 0.0030570973 1.6654558e-05 4.7698202e-05 0.0009114238 8.7099594e-05 0.010020701 0.00056511635 0.0019572915 0.00041323862 6.669059e-06 2.0096379e-05 0.0022048003 0.00013797011 0.0040939315 0.00023336062 0.0035289945 0.00010772826 4.8382412e-06 1.22577285e-05 0.0010586467 7.323694e-07 1.9083513e-05 3.6373342e-06 0.001466723 3.156756e-05 2.800011e-05 0.00010912002 0.00018423815 5.4585387e-05 5.9863534e-05 1.787281e-05 1.6047261e-05
0.012729606 0.20494854 0.038633104 0.007956231 0.48760515 0.0054420307 0.003071812 0.24492857 0.058879457 0.016821174 1.460267e-24 0.636177 0.24721633 0.012919129 0.049042247 8.307932e-05 0.05402421 0.00013571352 0.0010566381 0.00014515527 2.5877254e-05 0.00010589779 0.0007725238 0.0003978317 5.1112518e-05 0.55632627 0.0007486657 5.396959e-06 0.0001755488 0.0031931738 0.08132798 6.4228e-05 0.00014972701 0.029835535 9.38138e-05 0.29145685 0.06930027 0.00013541848 0.00017390613 1.734481e-05 0.007849452 0.00014707165 0.00015592846 8.4510684e-05 9.869668e-05 0.0012195366 3.5849332e-06 0.0031628134 0.00064601836 0.00010257899 2.1013937e-05 0.0003801777 0.1072087 1.1800448e-05 2.1840315e-06 3.4514275e-07 1.09998355e-05 1.543289e-06 1.0838705e-06 1.2500343e-06 1.1435615e-06 3.454442e-06 0.3555031 5.2585292e-05 8.6984704e-07 0.18030824 0.00010468391 3.1855137e-07 5.1741796e-07 8.5197884e-05 0.01634612 5.544709e-07 0.00071847404 8.573787e-07 0.0001854782 6.259495e-06 2.8925484e-07 2.6088172e-05 3.7039236e-08 5.0646656e-07 0.10568969 0.012032699 0.00011684763 2.8013503e-06 0.000118394 1.3095103e-06 7.525742e-08 2.284971e-07 1.5428057e-05 4.3681085e-09 7.2168376e-07 7.719919e-08 2.0063575e-05 1.4541504e-06 8.080193e-07 8.586909e-06 0.03857252 2.0338648e-06 7.847821e-06 3.247267e-07 7.50031e-07
0.024452813 0.20851013 0.036006127 0.0076414677 0.5805937 0.0043023205 0.0021688766 0.6544895 0.015438052 0.004754613 0.636177 5.979751e-24 0.08244278 0.004677602 0.26744357 2.8760445e-05 0.021894159 2.5345493e-05 0.003446435 2.476108e-05 9.583062e-06 2.4781893e-05 0.00063332054 0.00016538281 5.1522898e-06 0.28158557 0.0023111806 1.5753285e-06 8.884662e-05 0.0019364366 0.45344383 6.6086973e-06 9.5763426e-05 0.15778269 0.0008870765 0.12264513 0.025069326 7.684644e-05 2.9560504e-05 2.0526963e-06 0.0024549293 7.8625744e-05 6.848337e-05 1.39132e-05 1.646346e-05 0.0004523061 2.9540392e-06 0.010895122 0.0030523515 0.00017748264 4.8074803e-06 0.0016479578 0.16214482 2.3590949e-06 3.8234876e-07 4.668601e-07 2.0363743e-06 4.3817064e-07 1.6260888e-07 3.5534988e-06 1.7742798e-06 5.495749e-07 0.43480945 1.532222e-05 8.6134537e-07 0.19788519 2.2195585e-05 7.025032e-08 1.13821855e-07 1.6750848e-05 0.006946875 8.1395335e-08 0.0023693722 2.2758022e-07 3.428068e-05 8.1322594e-07 2.4208827e-08 0.0002446835 1.7351004e-08 5.9032715e-08 0.20201705 0.010997949 1.466198e-05 1.4378377e-05 1.6009582e-05 6.167242e-08 1.7160016e-08 2.7651353e-08 9.049957e-07 1.1918625e-09 1.6210289e-07 1.5340005e-08 5.584619e-06 4.2664783e-07 1.4477203e-06 6.082736e-07 0.074165344 4.8986516e-07 0.00010155499 4.8898667e-09 4.1344637e-07
0.0053270324 0.15922505 0.0752546 0.051017735 0.18241337 0.1241597 0.05311997 0.027335238 0.49330184 0.42585042 0.24721633 0.08244278 2.2967992e-22 0.38392544 0.010559305 0.0017517452 0.5129216 0.0024790275 0.0066429237 0.0021053324 0.0010131877 0.0013844671 0.08174477 0.009896238 0.0010011073 0.2568021 0.0019640024 0.00027104406 0.030622598 0.15274821 0.01315708 0.0013509002 0.0041074157 0.004845588 0.00085951557 0.036632 0.078340024 0.0033449961 0.0015295453 0.0006917416 0.114347145 0.003718552 0.0014701661 0.00085427245 0.00077284174 0.090805255 9.584256e-05 0.0024568262 0.0012046909 0.0011837657 0.0008169584 0.001418524 0.023506068 0.00030799845 0.00025751666 1.6596052e-05 0.00026789293 0.00013585246 0.00032684958 4.8716072e-05 3.1150437e-05 0.00046657704 0.10565734 0.0015700326 2.1516475e-05 0.037714228 0.0034790752 5.6110748e-05 3.1850275e-05 0.004283741 0.0031031657 1.719326e-05 0.0014821581 1.3773235e-05 0.0031759723 0.000190167 0.00011464793 0.00019842037 4.3460554e-06 1.7384935e-05 0.0051526935 0.0017910477 0.0086464165 0.00020819556 0.0066941436 5.8530302e-05 3.8703643e-06 4.850063e-06 0.0018521659 2.9116282e-07 2.4717306e-06 2.8490224e-06 0.0014967103 4.549409e-06 2.6787415e-05 8.339637e-05 0.0122630205 9.791156e-06 7.42597e-05 9.598731e-06 7.904281e-06
0.008253258 0.04264856 0.06152098 0.11256431 0.013052966 0.30452785 0.15519774 0.0024530266 0.45810333 0.56045 0.012919129 0.004677602 0.38392544 9.366937e-23 0.0013584798 0.016254596 0.4688051 0.01733407 0.0066065583 0.020477064 0.013088574 0.008594237 0.3860001 0.082708746 0.006526816 0.014494909 0.0013879241 0.0031838797 0.20377766 0.44766542 0.0025599888 0.010089456 0.044772416 0.0012151217 0.0014230569 0.001423431 0.022595285 0.02455607 0.018931814 0.0047612563 0.10392915 0.063782156 0.018438296 0.006236264 0.0067016906 0.37245837 0.0007583477 0.0022821424 0.0013482334 0.0020955 0.0041578123 0.0013897532 0.002279405 0.0021177188 0.0011645443 0.0001045214 0.0016172414 0.0006437247 0.0008102035 0.00043023736 0.0001846966 0.0010734122 0.02272977 0.0092415 8.3750245e-05 0.008833616 0.013734575 0.00016233149 9.3340735e-05 0.011170581 2.108677e-05 9.6262265e-05 0.0006160419 0.00012428394 0.013125398 0.0015775242 0.0026924813 0.00017722219 2.376171e-05 0.00010072741 0.00045785078 3.9306702e-05 0.010680397 9.7634875e-05 0.0047641173 0.00023042227 1.1073703e-05 2.8910426e-05 0.0009021675 2.2124248e-06 3.9228587e-05 1.4212925e-05 0.002603577 5.2065472e-05 8.220521e-05 0.0002378024 0.0001314539 8.873891e-05 1.2452731e-05 4.5642344e-05 2.2754659e-05
0.47074285 0.1916581 0.22460344 0.042473447 0.20979175 0.008398051 0.013707508 0.6501014 0.001600137 0.001402734 0.049042247 0.26744357 0.010559305 0.0013584798 1.2415825e-19 0.00022263305 0.0065030353 0.00012742431 0.059665326 0.0001606966 3.3018063e-05 0.00012026704 0.00088303565 0.00037965216 6.9400274e-05 0.009084764 0.06286493 2.7591232e-05 0.0001286008 0.0015452083 0.19875307 2.8138104e-05 0.0002322255 0.7300188 0.0184566 0.0033621066 0.006385538 0.00016368675 4.050882e-05 2.2064522e-05 0.0062044556 0.00036557586 0.00013637141 3.4631026e-05 3.3320568e-05 0.00013391588 5.2882613e-05 0.6814588 0.3318182 0.0015853615 6.4568935e-06 0.043389656 0.5609522 4.049439e-06 3.3852515e-07 6.7833266e-06 3.7258858e-06 5.4435714e-07 3.6119872e-07 0.000117844625 2.2044416e-05 4.2974398e-07 0.1267973 5.202046e-05 1.4052838e-06 0.071782455 0.00010543384 5.919293e-08 4.6804033e-08 4.5458328e-05 0.010830152 1.1544671e-07 0.03604694 7.4795946e-07 0.0002955615 1.868497e-06 1.9718034e-09 0.006694527 4.7277475e-09 2.170893e-08 0.26432875 0.005184133 7.6285294e-05 0.00092676637 3.502261e-05 8.055971e-09 8.190672e-09 2.2936286e-08 3.4811042e-06 5.3022514e-10 3.659489e-07 5.8652776e-09 7.3731458e-06 1.6731792e-06 6.326199e-08 1.780921e-07 0.0043330067 1.3061301e-06 0.004329872 5.902274e-10 1.5554642e-08
0.6346307 0.008441267 0.036791075 0.16082788 0.0011468669 0.07473828 0.20902726 0.00015288962 0.0012993821 0.011871732 8.307932e-05 2.8760445e-05 0.0017517452 0.016254596 0.00022263305 3.112977e-20 0.008954722 0.7811424 0.060480434 0.2191608 0.2660131 0.71789396 0.045313682 0.27833042 0.5046043 4.8212933e-05 0.012659768 0.515578 0.035729885 0.022876913 8.793555e-05 0.19295397 0.08992376 3.8156923e-05 0.023138737 4.5243934e-05 0.0001395552 0.09603355 0.13876656 0.10242716 0.0020980067 0.039980385 0.062418174 0.07650318 0.07655731 0.025024546 0.101285 0.008229997 0.008211749 0.4204664 0.03013397 0.040843666 6.343626e-05 0.00735595 0.0019757275 0.041446395 0.0065564364 0.002244629 0.0038732945 0.11692999 0.08175527 0.0019030198 0.00039493357 0.012601625 0.02027804 0.00040423826 0.012107342 0.00048594712 0.0007134936 0.008752448 1.2659858e-06 0.0005334121 0.017479414 0.0010902085 0.011601259 0.0022644238 0.002321064 0.042009495 0.00018538783 0.00022334485 0.005086038 8.441648e-06 0.0011343621 0.034859493 0.00089333934 0.00011588006 0.000106252766 0.00017328383 0.0006898887 3.6841375e-05 0.00010719278 0.00011714576 0.00036365102 0.00013869464 0.00069554895 0.00016293187 6.192178e-06 0.000114125825 0.009462791 0.00015461587 0.00029525836
0.0037250102 0.06846907 0.07957441 0.076045915 0.039975744 0.12888005 0.07787234 0.011387796 0.30918604 0.30910513 0.05402421 0.021894159 0.5129216 0.4688051 0.0065030353 0.008954722 1.959938e-22 0.011926685 0.007601209 0.010018657 0.0060829367 0.00787019 0.20919691 0.030452529 0.0076466766 0.08867279 0.0033939595 0.0015817793 0.06646376 0.3024141 0.008896173 0.0070752846 0.015695155 0.0068964106 0.0029478862 0.011879557 0.054229457 0.007771566 0.0049649775 0.0032959438 0.20480512 0.022882827 0.0066902726 0.002896833 0.0030275933 0.23008719 0.0011298166 0.0048980913 0.002466649 0.0021216385 0.003692643 0.0013349255 0.012238229 0.0009581934 0.0014926037 5.7189554e-05 0.000732839 0.0009362843 0.0011584354 4.5212582e-05 3.416534e-05 0.0011978464 0.06330236 0.0075320248 8.823335e-05 0.028094547 0.0086394055 0.00019511124 0.00030542474 0.008397679 0.00037808894 0.00010697854 0.0016868563 0.00015461618 0.0054986835 0.0011742753 0.0004199374 0.000117097276 7.885824e-05 0.00021096374 0.0014602612 0.0002982571 0.0049313647 6.584599e-05 0.0027462102 6.308857e-05 3.490041e-05 3.855005e-05 0.0007295918 8.548033e-06 1.9816935e-05 2.5448284e-05 0.0020353212 4.8502454e-05 0.00029990257 0.00017433887 0.00074909994 7.2386334e-05 3.3324923e-05 1.3849273e-05 0.000101104386
0.2855449 0.005964246 0.021115992 0.08370919 0.00065251545 0.06336757 0.15995105 9.817445e-05 0.0016273062 0.009969691 0.00013571352 2.5345493e-05 0.0024790275 0.01733407 0.00012742431 0.7811424 0.011926685 9.082947e-21 0.023228131 0.54569626 0.6651178 0.512901 0.052415878 0.46854454 0.47918075 0.00011476268 0.004788987 0.31560922 0.0454509 0.022321144 3.734247e-05 0.5473968 0.106410064 1.5854559e-05 0.00781471 7.9171936e-05 0.00020867106 0.16029415 0.17999333 0.111134 0.0017268023 0.05093152 0.09250026 0.1098524 0.1052717 0.022534896 0.15252662 0.0051937825 0.0044222707 0.3040124 0.0509039 0.01652322 2.0088357e-06 0.014104829 0.0039397473 0.043603685 0.012372062 0.004207213 0.007049217 0.108867474 0.076111704 0.003597364 0.00022977822 0.022459373 0.025635703 0.00022450484 0.01933457 0.0008790143 0.00096355093 0.013520279 1.9579426e-07 0.0017816074 0.0076760454 0.0027991394 0.022113156 0.0052681775 0.004533754 0.016503777 0.00029904235 0.0004701773 0.0014322519 1.1453562e-05 0.0023022075 0.017153678 0.0016019052 4.0298324e-05 0.00029203037 0.00044131867 0.0016932614 5.7506873e-05 0.00046263033 0.00023802613 0.0010382024 0.00044336444 0.0007476711 2.26508e-05 1.8146812e-06 0.000410015 0.0044449503 0.00023458095 0.00045919608
0.5272374 0.17134388 0.5359562 0.43251562 0.021687048 0.078551084 0.20857929 0.017285686 0.0051862593 0.009592824 0.0010566381 0.003446435 0.0066429237 0.0066065583 0.059665326 0.060480434 0.007601209 0.023228131 6.345641e-20 0.017242827 0.013717407 0.028921805 0.0030708571 0.012634621 0.019732453 0.0006481795 0.85347456 0.020325428 0.0007202482 0.0033301571 0.012114519 0.02347834 0.0034773753 0.026081638 0.7954983 0.0004914398 0.000197598 0.0034260014 0.011782677 0.01430455 0.0035666998 0.000925503 0.0020351661 0.00449974 0.004373708 0.0009049427 0.0108525995 0.13145325 0.24850376 0.07792974 0.0061700842 0.41695607 0.017314186 0.0012384237 0.00016568528 0.0019782227 0.0011308079 0.0005686756 0.00033650608 0.011762018 0.0047428585 0.00012429175 0.002952319 0.0033781554 0.0020949396 0.005252663 0.0021221028 3.8796563e-05 7.8755125e-05 0.0010195442 5.597296e-05 0.00012414627 0.08314444 0.0002518684 0.000579089 0.0004323416 8.8712005e-07 0.08843906 2.4498013e-05 2.760742e-05 0.06566458 0.00016549924 0.00025938073 0.018606123 0.00022545643 6.8689837e-06 1.4050608e-05 1.3697627e-05 0.00017555984 2.6224982e-06 1.3588764e-05 9.13629e-06 7.02582e-05 3.049909e-05 0.00010855093 0.00012106728 7.2106464e-05 1.4119112e-05 0.008592021 5.8756245e-07 1.5034089e-05
0.100902766 0.0048708087 0.02954104 0.08923959 0.0006666418 0.0800192 0.17007978 6.535171e-05 0.0015673324 0.012101304 0.00014515527 2.476108e-05 0.0021053324 0.020477064 0.0001606966 0.2191608 0.010018657 0.54569626 0.017242827 4.88549e-22 0.7789269 0.12395041 0.067355156 0.55155504 0.115660794 0.00014660812 0.0039287764 0.09776703 0.062229257 0.027932283 1.9667312e-05 0.38681528 0.13649915 1.6822873e-05 0.006055282 3.3002707e-05 0.00016040677 0.17344819 0.17003177 0.13333046 0.0010031582 0.06699678 0.09725788 0.09947683 0.09699331 0.027481234 0.12254535 0.004576993 0.003411844 0.13398042 0.044230413 0.009628275 5.34601e-06 0.012569549 0.006502055 0.0418945 0.010746425 0.006002406 0.0075274766 0.07368451 0.054554865 0.0041869376 0.00020137694 0.015784828 0.027498197 0.00026109192 0.014849242 0.00081939553 0.0008545226 0.01116112 1.6564884e-07 0.0016923598 0.0031144393 0.0014382856 0.023755103 0.0029073 0.0044754273 0.0063401703 0.0003002597 0.00041008202 0.0008157618 2.5883733e-06 0.0016064704 0.009604839 0.0011584193 4.8286143e-05 0.00025040956 0.00030759422 0.0013324416 3.696124e-05 0.00021599358 0.00020649678 0.0005725624 0.0002493805 0.0007427974 4.06348e-05 6.365303e-07 0.00024113688 0.0032073534 0.00019994781 0.00028477053
0.17112519 0.0022905248 0.016075594 0.05920013 0.00022018186 0.056372225 0.1210556 1.0985956e-05 0.0004898479 0.0065337885 2.5877254e-05 9.583062e-06 0.0010131877 0.013088574 3.3018063e-05 0.2660131 0.0060829367 0.6651178 0.013717407 0.7789269 6.2933196e-23 0.20722236 0.041582182 0.47291154 0.19613712 4.033612e-05 0.00266538 0.16303112 0.051479243 0.018541556 6.062249e-06 0.5151033 0.124902576 5.46513e-06 0.0057541355 1.1424828e-05 4.0273004e-05 0.15631302 0.1613594 0.13892442 0.0005531097 0.05199973 0.08307337 0.10006108 0.08781807 0.019078277 0.14952841 0.0038494682 0.002726643 0.15660347 0.03809952 0.013022596 6.4710352e-06 0.011804417 0.006915144 0.052593224 0.009913302 0.006069261 0.007976745 0.095067345 0.0742128 0.0035522438 5.4947068e-05 0.013722949 0.03768388 7.6403594e-05 0.011655419 0.00063477573 0.0006953632 0.008613118 3.0305435e-07 0.0011638687 0.0033635895 0.0015978566 0.025877671 0.002810447 0.004298486 0.007955438 0.00014261933 0.00019042761 0.0009928255 2.797874e-06 0.0015167198 0.011656499 0.0014731133 1.4944902e-05 8.830196e-05 0.0001391764 0.0016858841 1.3251656e-05 0.00013515026 6.951527e-05 0.00040546813 0.00012898525 0.0003777871 1.8572327e-05 2.9717123e-07 0.00010116775 0.0040820623 0.00015669332 6.138236e-05
0.3385501 0.006009202 0.021063015 0.06939588 0.0006255277 0.03684181 0.082879625 0.00011706546 0.0009278528 0.0060804947 0.00010589779 2.4781893e-05 0.0013844671 0.008594237 0.00012026704 0.71789396 0.00787019 0.512901 0.028921805 0.12395041 0.20722236 1.0196428e-20 0.02501609 0.13885029 0.80546224 7.914612e-05 0.0053937435 0.75426173 0.016493328 0.011713442 5.9600075e-05 0.18911596 0.04628136 1.0914702e-05 0.011096476 4.7057696e-05 9.907918e-05 0.0641383 0.08089162 0.07401087 0.0019007236 0.020246958 0.043962628 0.0630206 0.065837055 0.013654854 0.11269866 0.0051292316 0.0030046753 0.43695024 0.046697408 0.022894423 1.6767668e-06 0.0135127185 0.003965703 0.04148387 0.012107433 0.004721179 0.0066999434 0.1095541 0.071983516 0.003164488 8.557858e-05 0.018736789 0.024671042 0.00018753896 0.015150084 0.00079260813 0.0008133959 0.009993898 1.4287247e-07 0.0012974046 0.016298573 0.0027303991 0.013093192 0.00435465 0.0010461266 0.04085818 0.00026113502 0.00039576422 0.0024195071 1.5067663e-05 0.0028058824 0.046943437 0.0027029843 2.2845528e-05 0.00013595329 0.00023712868 0.0025064766 2.8386905e-05 0.00041236347 0.00012259923 0.0010321891 0.0004719635 0.00070354214 3.5762278e-05 2.8092613e-06 0.00027208595 0.014682865 9.863664e-05 0.00035004408
0.0070577567 0.016295565 0.032109614 0.11562275 0.0030530242 0.38454753 0.2731921 0.0009895313 0.09754951 0.38667113 0.0007725238 0.00063332054 0.08174477 0.3860001 0.00088303565 0.045313682 0.20919691 0.052415878 0.0030708571 0.067355156 0.041582182 0.02501609 4.9499235e-24 0.3335294 0.021636087 0.0030978862 0.00042586838 0.014160222 0.6716543 0.54784733 0.00035347167 0.04669916 0.30020928 0.00024293775 0.0006770378 0.00023603713 0.00486437 0.21049725 0.08114201 0.029737871 0.051040623 0.33993345 0.21590124 0.05662185 0.07335243 0.5154189 0.0035632015 0.0015646203 0.0009791746 0.006408852 0.011929232 0.0010942923 1.2663789e-05 0.002981003 0.0034952625 0.00036331755 0.0025172431 0.0012033267 0.0024711355 0.0012349505 0.00082793593 0.0030108483 0.0052414867 0.012248114 0.00026694752 0.0022998233 0.017667495 0.00038281176 0.000283683 0.011826057 6.9900875e-06 0.00013805329 0.0003924432 0.00015696582 0.092331626 0.0017274906 0.105801545 0.00027302845 0.000109915265 0.00023564375 9.413303e-05 7.120964e-06 0.0074981973 0.0003620176 0.0057656486 0.0064412015 9.271262e-05 0.00015989007 0.0043327487 3.1085652e-05 0.00010444817 8.0297556e-05 0.0026961414 0.00012923559 0.00022033497 0.00470402 8.9225915e-07 0.00018945921 7.744339e-05 0.0065395106 0.0002534065
0.0208735 0.012270374 0.043036584 0.17274453 0.0017388518 0.4150627 0.46752194 0.00026900685 0.012306487 0.123027146 0.0003978317 0.00016538281 0.009896238 0.082708746 0.00037965216 0.27833042 0.030452529 0.46854454 0.012634621 0.55155504 0.47291154 0.13885029 0.3335294 3.0108707e-24 0.14259285 0.0008599227 0.0020758177 0.10639076 0.38549834 0.1463673 0.00023766523 0.4990901 0.7145917 7.31864e-05 0.0042661126 9.9538425e-05 0.00032224195 0.6841588 0.49538204 0.30470622 0.0046225796 0.3804421 0.5166921 0.4446537 0.45578018 0.17757893 0.13716778 0.004719673 0.0027724407 0.07719279 0.111504585 0.004417623 1.126749e-05 0.016279923 0.00611709 0.017246881 0.013137445 0.004377705 0.009928473 0.033695247 0.020904804 0.005325168 0.0016221373 0.024824392 0.009441647 0.0030316755 0.029004138 0.0010290336 0.0008066643 0.02145892 5.487315e-06 0.0016716068 0.00093611964 0.0012636748 0.06402872 0.004482774 0.030721249 0.002147868 0.00016444577 0.00058095757 0.0005347175 1.0393629e-05 0.004059417 0.0058689523 0.0045297975 0.00040785616 0.0003443445 0.00037971372 0.003898922 2.4878153e-05 0.00026006834 0.00023974982 0.0014825921 0.00028325076 0.0009864738 0.00014852443 8.784754e-07 0.00022226438 0.0047301026 0.0013947429 0.00047153837
0.300047 0.0049291574 0.019099394 0.058981266 0.0002475989 0.03175266 0.07083002 5.172513e-05 0.0008463247 0.0046991864 5.1112518e-05 5.1522898e-06 0.0010011073 0.006526816 6.9400274e-05 0.5046043 0.0076466766 0.47918075 0.019732453 0.115660794 0.19613712 0.80546224 0.021636087 0.14259285 3.9176767e-20 5.3417563e-05 0.0042879106 0.7417296 0.01556461 0.008989016 1.550171e-05 0.21606418 0.04775364 2.5872555e-06 0.0068080775 2.8819502e-05 4.1156793e-05 0.06879419 0.08961999 0.09543234 0.001205754 0.020054417 0.049326833 0.07399963 0.07281899 0.0083203735 0.15618017 0.004371771 0.0020335256 0.4551757 0.06685826 0.017314516 3.3156443e-08 0.025923265 0.0067311805 0.06303159 0.022601536 0.008078635 0.013930682 0.13924643 0.10007675 0.006531414 1.8813182e-05 0.02936351 0.041156597 6.0685226e-05 0.022038082 0.0015446019 0.0016338817 0.015406517 4.3404377e-08 0.0026537697 0.012012394 0.004737554 0.01464174 0.0070781196 0.00096614065 0.03629956 0.00039367104 0.0006396454 0.0010088807 8.3011555e-06 0.0028665562 0.05612622 0.0022061474 1.0643557e-05 0.00028577767 0.0004902075 0.0030378127 4.2580443e-05 0.0004844343 0.00021988724 0.0009958786 0.000488092 0.0010470959 1.2198813e-05 6.4753226e-07 0.00030959927 0.017852327 8.850641e-05 0.0005605432
0.0010924472 0.07898418 0.01407434 0.0059341677 0.25098193 0.004986243 0.0024195996 0.05853192 0.055342328 0.013690353 0.55632627 0.28158557 0.2568021 0.014494909 0.009084764 4.8212933e-05 0.08867279 0.00011476268 0.0006481795 0.00014660812 4.033612e-05 7.914612e-05 0.0030978862 0.0008599227 5.3417563e-05 5.3376493e-23 0.0003407805 6.618448e-06 0.0011284593 0.009367279 0.024153639 5.8202226e-05 0.0006036644 0.021550052 7.047308e-05 0.293027 0.10835509 0.00053077744 0.00023018461 2.3046237e-05 0.029573701 0.000590412 0.00027828233 0.000113801085 0.00012465107 0.003334409 8.50329e-06 0.0032595962 0.0010801976 6.1836596e-05 2.7422791e-05 0.00028526143 0.16440764 9.445159e-06 2.209298e-06 5.701338e-07 8.7340695e-06 1.7879826e-06 1.483295e-06 2.3152847e-06 1.9151653e-06 1.3568916e-06 0.45977306 2.1849493e-05 1.324249e-06 0.15201642 2.4799367e-05 2.959308e-07 4.7417228e-07 1.4058931e-05 0.021666683 4.9305316e-07 0.0022773321 1.2584144e-06 3.4818695e-05 1.647641e-06 2.1847836e-06 1.2971893e-05 4.054364e-07 1.2499914e-06 0.056271326 0.0075658043 9.830454e-06 4.844673e-06 9.541187e-06 3.251263e-06 2.4195774e-07 6.408671e-07 2.9083358e-06 1.1346799e-07 5.9162943e-07 3.2355697e-07 3.2065368e-06 3.472501e-07 3.078958e-05 6.5818963e-06 0.011302506 7.793177e-07 1.8216457e-05 5.772182e-07 1.2177091e-05
0.72698563 0.14917196 0.3931531 0.25542864 0.011788605 0.022030085 0.076526724 0.015683275 0.0013775792 0.0022012466 0.0007486657 0.0023111806 0.0019640024 0.0013879241 0.06286493 0.012659768 0.0033939595 0.004788987 0.85347456 0.0039287764 0.00266538 0.0053937435 0.00042586838 0.0020758177 0.0042879106 0.0003407805 3.348502e-19 0.004921128 0.00013564662 0.0005778745 0.008273416 0.006872584 0.00081458705 0.021564381 0.84135306 0.00062211254 0.000145379 0.0012156478 0.0040795617 0.0061882846 0.0024525223 0.00019887125 0.0009004287 0.0020867055 0.0023012636 0.00017510018 0.0047222218 0.20104983 0.46822515 0.027983721 0.0030809552 0.5411797 0.019712934 0.0008070852 9.640348e-05 0.0005655881 0.0007173447 0.0002392827 0.00022627754 0.0031821297 0.0016813291 0.00010238206 0.0026895402 0.0017830564 0.00072046905 0.00676041 0.0013995896 2.0027865e-05 7.035683e-05 0.0006272942 0.00033644366 5.7323658e-05 0.09697872 0.000107188804 0.0004634411 0.00014102191 7.362539e-07 0.078875616 8.855406e-06 1.3254916e-05 0.106749594 0.00030348374 0.00025090078 0.019756801 0.00018860938 2.4161818e-06 3.6732952e-06 4.875067e-06 0.00010857194 6.6808525e-07 2.7520657e-06 2.178868e-06 4.417307e-05 8.072657e-06 3.3025055e-05 9.3832234e-05 7.525423e-05 4.980663e-06 0.01571127 9.9445195e-08 6.957559e-06
0.76455134 0.002469596 0.014395055 0.08807067 4.3965825e-05 0.03499673 0.10746208 5.965941e-06 0.0001832285 0.0021823954 5.396959e-06 1.5753285e-06 0.00027104406 0.0031838797 2.7591232e-05 0.515578 0.0015817793 0.31560922 0.020325428 0.09776703 0.16303112 0.75426173 0.014160222 0.10639076 0.7417296 6.618448e-06 0.004921128 1.7840361e-19 0.014754038 0.009442152 3.6953377e-05 0.19584107 0.034993492 7.39596e-07 0.010168564 8.786803e-06 1.0898767e-05 0.06755354 0.1133298 0.12615222 0.00019216565 0.022077907 0.042358756 0.091807105 0.08246083 0.010118253 0.17476764 0.0020662316 0.0014088554 0.6379246 0.058205646 0.019643193 7.4426725e-07 0.0138550745 0.0041023307 0.071932435 0.011649565 0.0053687436 0.0068903035 0.17905726 0.13473256 0.0026942715 1.533213e-05 0.012815053 0.030791549 3.674804e-05 0.00943779 0.00063069985 0.0008056306 0.006631382 2.718749e-07 0.00061073154 0.017038254 0.0015746828 0.008917923 0.002841227 0.0007005978 0.059951153 8.218576e-05 0.00012503254 0.0041646822 5.2118457e-06 0.0012120598 0.098642305 0.0012055367 1.3921375e-05 2.3717063e-05 8.3153514e-05 0.0012974208 1.0074446e-05 9.492617e-05 2.4465418e-05 0.0002546138 9.224607e-05 0.00032821175 3.4410783e-05 1.2243539e-06 9.8056466e-05 0.03982349 9.5908654e-05 0.00016313305
0.003274224 0.003872982 0.00731324 0.05264732 0.00040672778 0.2309134 0.19019544 0.00014374203 0.033042468 0.16893677 0.0001755488 8.884662e-05 0.030622598 0.20377766 0.0001286008 0.035729885 0.06646376 0.0454509 0.0007202482 0.062229257 0.051479243 0.016493328 0.6716543 0.38549834 0.01556461 0.0011284593 0.00013564662 0.014754038 5.625779e-23 0.44425 0.00014166097 0.045174893 0.3652115 2.9135728e-05 0.0001421224 0.00011229671 0.0008227155 0.24859443 0.084577784 0.029653769 0.008329174 0.38242298 0.22183771 0.06325427 0.06968907 0.46989864 0.003246837 0.0011494006 0.00067488855 0.006434623 0.01327907 0.0005239692 4.4024483e-07 0.0044234092 0.0024208091 0.00036828098 0.0038086562 0.00071284233 0.0021584432 0.0014263539 0.00079410325 0.0018212368 0.00066696736 0.011847597 0.00038505642 0.0006313904 0.0133552905 0.00019143893 0.00013604603 0.010380866 6.063044e-07 0.00013478586 0.0003352362 0.000125463 0.07547753 0.00061580306 0.12304161 0.00010509022 0.00010742612 0.00024778905 2.7499105e-05 3.8006476e-06 0.00515277 0.0005203723 0.0046886713 0.0058207815 0.00016754723 0.00024094149 0.005092881 3.2464006e-05 0.00010842625 0.00014909847 0.0011481057 7.6889686e-05 0.00033233376 0.002093968 1.2255485e-07 9.7339966e-05 0.00015521512 0.0072313547 0.00027051647
0.0028269873 0.01363555 0.021356814 0.07654121 0.0028453418 0.18686138 0.13325873 0.0013443873 0.09698106 0.23951022 0.0031931738 0.0019364366 0.15274821 0.44766542 0.0015452083 0.022876913 0.3024141 0.022321144 0.0033301571 0.027932283 0.018541556 0.011713442 0.54784733 0.1463673 0.008989016 0.009367279 0.0005778745 0.009442152 0.44425 1.3239168e-21 0.001754585 0.019275628 0.17278716 0.00039289298 0.0007086552 0.00063248095 0.015173551 0.112483695 0.030131262 0.0107124075 0.15143695 0.23449367 0.115086086 0.026323276 0.030400755 0.5888097 0.0013433056 0.0024049752 0.0013794486 0.003630005 0.0079208985 0.0009283299 0.0001348585 0.0033663125 0.0023751538 0.0004051406 0.0027239972 0.0012087936 0.0021360754 0.0008549452 0.000602265 0.003214317 0.013978129 0.01233558 0.00059797603 0.0055069434 0.018138383 0.0005381943 0.00037516217 0.014289988 6.2596446e-06 0.00027028518 0.0008126341 0.00053496234 0.059978943 0.0036959813 0.030867426 0.0004307828 0.00028492478 0.00050205935 9.913798e-05 1.1389038e-05 0.010148303 0.00031596495 0.0053184023 0.0071678474 0.00029694926 0.00051077874 0.0028313473 5.8738147e-05 0.00026560496 0.0002507233 0.0049566487 0.000378035 0.0007463553 0.005378593 9.794982e-07 0.0004282538 3.751516e-05 0.0033554968 0.00066285586
0.043030612 0.033852987 0.021826854 0.0042598317 0.07893418 0.001169692 0.00068506267 0.17471519 0.002747423 0.0012372793 0.08132798 0.45344383 0.01315708 0.0025599888 0.19875307 8.793555e-05 0.008896173 3.734247e-05 0.012114519 1.9667312e-05 6.062249e-06 5.9600075e-05 0.00035347167 0.00023766523 1.550171e-05 0.024153639 0.008273416 3.6953377e-05 0.00014166097 0.001754585 2.744474e-24 3.395419e-06 0.0001933729 0.22678734 0.005184521 0.015981173 0.009001768 0.0001946518 5.5691988e-05 2.7959695e-06 0.004641074 0.00016486015 0.00018231082 2.6852713e-05 5.9878665e-05 0.00016208582 1.7125667e-06 0.019006077 0.006741524 0.00010646608 7.829371e-06 0.0029984023 0.250843 3.134316e-06 7.010573e-07 6.8346804e-07 2.5905786e-06 1.2290569e-06 4.2320005e-07 2.3789337e-06 1.8253018e-06 5.094671e-07 0.80398107 5.9982805e-05 2.749092e-07 0.39474776 0.00012624907 5.0732574e-08 7.493357e-08 3.593911e-05 0.011501595 1.4931994e-07 0.0035926104 7.059401e-07 0.0002331373 5.079227e-06 8.437973e-07 0.0004153029 3.0646806e-08 1.6531796e-08 0.14370687 0.046702106 4.050658e-05 1.1558486e-05 3.0816573e-05 1.3868033e-06 3.1268654e-09 3.144065e-09 8.930276e-06 7.9746654e-10 4.3873806e-07 1.8548056e-09 8.308814e-06 1.0887242e-06 6.6231514e-08 4.4658805e-06 0.18294942 8.3666174e-07 8.630598e-05 2.7377725e-08 2.1787483e-09
