8.843292e-33 0.2888195 0.48100778 0.89057297 0.9110624 0.9501477 0.7224896 0.24303077 0.8525147 0.874634 0.9366163 0.07521142 0.2557907 0.9318088 0.006061183 0.95862675 0.50642616 0.084269434 0.011993323 0.011682886 0.78495383 0.28442702 0.9866056 0.90617573 0.0024274718 0.1625422 0.693296 0.9703671 0.0027857227 0.5672284 0.011440584 0.1888313 0.34554255 0.5598528 0.27556866 0.9854578 0.09489948 0.5416545 0.16134872 0.8280807 0.83393586 0.48149878 0.730062 0.87545043 0.05316615 0.93605804 0.9819743 0.0015691854 0.9457705 0.7035023 0.96806866 0.9449167 0.9412941 0.9574735 0.37339383 0.5393663 0.992492 0.78875554 0.32780355 1.4782867e-05 0.9311198 0.007853383 0.00011014601 0.92642057 0.00044043345 0.99892265 3.143487e-05 0.9042081 0.9852829 0.946705 0.056625523 0.98071665 0.833158 2.8468132e-05 0.9860473 0.18336056 0.0007844236 0.12196845 0.77654225 0.027873792 0.6657192 0.9835491 0.023969565 0.097975925 0.99974173 0.65689635 0.002131767 1.0337002e-06 0.0009068931 0.0018959444 0.9952189 0.10945065 0.9994811 0.9961046 0.08373596 0.99271095 0.3726806 0.019955406 0.97257876 8.594803e-05 0.00016369081
0.2888195 4.2605036e-21 0.9807685 0.23846853 0.031089533 0.8569387 0.008531335 0.7543886 0.12690644 0.0042446083 0.17192931 0.0017536975 0.00015056007 8.631211e-06 0.00042105382 0.022376087 1.2085013e-05 0.00039228812 0.054490782 1.2034017e-05 1.4935927e-07 1.2216201e-06 8.326826e-07 0.035796843 0.0002782221 8.940313e-08 3.645496e-09 0.017250665 1.5296451e-05 9.207265e-09 6.6276664e-07 4.2263222e-05 0.0013860702 0.016801277 0.0015099893 6.767631e-08 4.0585167e-08 3.5945202e-09 6.6150934e-09 0.0089131445 2.1979748e-08 3.4410876e-09 1.8097298e-08 0.01263294 4.5465715e-08 0.013283599 0.006332864 9.583414e-07 1.0442082e-07 0.0032324183 0.005175453 0.0058062165 0.002657661 0.0036350526 0.0012073045 3.078617e-09 0.0029278258 0.005575055 2.716962e-10 6.8428255e-07 0.00093723985 1.1719643e-07 0.0047695115 7.198746e-05 1.7942197e-07 0.002806628 8.386273e-08 0.004815077 0.003125459 0.0002468993 1.7045938e-08 0.004824355 2.1417e-05 5.1297516e-08 0.00076507067 1.4607498e-08 1.3388261e-07 2.7064944e-09 0.0044616708 3.776881e-09 5.2878413e-09 0.0032466638 1.1682733e-08 7.840349e-09 0.0011275514 0.0033820048 1.0731035e-07 2.5095306e-07 1.6872718e-08 2.47514e-07 0.0003121543 1.9503745e-09 0.0048223995 2.9184882e-06 1.0776215e-08 0.0031634064 9.425928e-10 8.082305e-09 0.005690874 6.2116776e-08 2.5783288e-08
0.48100778 0.9807685 8.987833e-18 0.64053714 0.11021238 0.713057 0.0372249 0.8130234 0.33157516 0.012654778 0.33778077 0.005860087 0.002103829 0.00017279849 0.00366692 0.10131521 0.00045643715 0.00014103563 0.44761118 0.00011086887 5.5058504e-06 5.4401153e-05 0.00029706256 0.055836733 0.00047801255 6.261454e-06 1.0525306e-07 0.012662522 0.00032363832 2.6725e-07 1.6468266e-05 2.2288641e-05 0.0014707635 0.013653377 0.002199658 1.1766713e-05 2.3363252e-06 6.1743975e-08 1.891495e-07 0.019230634 6.781434e-07 7.345003e-08 2.3846962e-06 0.022332814 2.3561968e-06 0.026588889 0.012198355 2.8267528e-05 2.9259738e-06 0.003353235 0.012428175 0.01468288 0.0073220544 0.009517972 0.0012188419 8.564099e-08 0.006629985 0.0035772512 4.301981e-08 3.0039047e-05 0.0017471139 2.3039304e-06 0.01120123 0.00044521244 1.0209385e-06 0.005600893 3.582097e-06 0.010615362 0.007745547 0.0010792549 1.1681468e-07 0.01147751 0.00012113809 4.699222e-07 0.0019364938 4.1848827e-07 5.6153726e-07 2.8122338e-08 0.0089397775 6.886029e-08 1.5964483e-07 0.010148487 6.512611e-07 1.0028672e-07 0.0034485573 0.0047892197 1.1903945e-06 9.49187e-06 3.1008904e-07 1.9032684e-06 0.0021504473 2.284887e-08 0.003647686 0.00011466892 2.7103393e-08 0.0047397455 5.1839272e-08 3.914138e-08 0.009500193 9.615859e-07 5.555056e-07
0.89057297 0.23846853 0.64053714 8.964676e-20 0.9502847 0.41136545 0.80077875 0.006201288 0.5067877 0.58074445 0.300399 0.4410567 0.6179318 0.18860896 0.22458829 0.4750835 0.05108354 4.5864046e-05 0.15173277 0.08611067 0.010300597 0.03612286 0.04699612 0.19974814 0.0005798102 0.010928198 0.001886542 0.0008187316 0.02345358 0.004282185 0.05646515 1.5087643e-06 0.0001767504 0.00331837 0.00012951231 0.0015257291 0.0031926502 0.00020517608 0.0022609117 0.0029290505 0.0002667114 7.962079e-05 0.0009930017 0.0010233774 0.0011704218 0.008974073 0.06884717 0.038892336 0.0005860051 0.00079644634 0.021024622 0.005128143 0.009999713 0.0076609324 0.000532417 3.1094576e-05 0.09138985 1.8945444e-05 4.9705723e-05 0.0023204929 0.033404008 0.0029906514 0.0008716188 0.007325078 0.0017347935 0.011937125 0.0005592566 0.0026609884 0.0066061234 0.01113528 7.2905136e-06 0.0062955897 0.007682234 0.00038741974 0.04436524 2.2247696e-05 0.00029834217 2.1401634e-06 0.0011547288 4.6172763e-06 1.8632279e-06 0.0028461548 4.9401002e-05 4.7533385e-06 0.05902995 0.00029112885 0.00019155434 5.546238e-05 3.2001444e-05 0.00022968861 0.015855165 2.9099294e-07 0.0024943568 0.0024579384 1.4885651e-06 0.0012310015 2.5475883e-06 8.058181e-06 0.00047250933 1.5769767e-05 1.1480082e-05
0.9110624 0.031089533 0.11021238 0.9502847 4.566483e-19 0.56454104 0.21733083 0.0055660796 0.8680883 0.16260485 0.634026 0.019983664 0.030387286 0.006180836 0.007822505 0.6588661 0.0070463666 0.00013222362 0.008489375 0.0008912231 0.0006753567 0.00082362694 0.008272387 0.45952037 0.00018068896 0.00033738266 0.00016324916 0.0008069136 0.00051506615 0.0001353583 0.00085224386 3.2026921e-06 0.00020235375 0.0090482365 0.00021604363 0.00058667554 7.096663e-05 1.5437034e-05 2.4999066e-05 0.012973318 8.0738464e-05 9.2073315e-06 0.00023788815 0.0057624 2.356151e-05 0.035515435 0.15561585 0.00052296877 0.00014794426 0.0010872566 0.09075578 0.021412957 0.044588733 0.032552972 0.00049764663 1.0160271e-05 0.15518965 5.84356e-05 2.51816e-06 2.8132736e-05 0.047021274 8.8186745e-05 0.00018362614 0.0032254895 5.9515896e-05 0.057261705 1.5535275e-05 0.0065899305 0.027330058 0.010166335 2.6822065e-06 0.018158102 0.0041957013 6.9750986e-06 0.06180304 1.5596375e-05 4.199121e-06 5.637119e-07 0.0021450953 1.0063965e-06 7.7661264e-07 0.006180877 4.5111133e-06 1.6227638e-06 0.1338978 0.0006772028 4.490677e-06 4.4004042e-05 2.106907e-06 1.0141848e-05 0.010192735 8.0141824e-08 0.00979296 0.0011332494 2.435742e-07 0.002654667 9.954005e-07 1.9584881e-07 0.0010474738 1.0000341e-06 1.8814552e-06
0.9501477 0.8569387 0.713057 0.41136545 0.56454104 8.2797305e-17 0.03959085 0.83222777 0.7751532 0.024026738 0.8489369 0.029759193 0.0008812727 6.946371e-05 0.008388554 0.08178752 0.00024790748 0.58002156 0.26296455 0.00059218606 3.3458415e-05 0.00024862582 7.437827e-05 0.2382063 0.049226277 0.00013985323 4.9253363e-06 0.5705552 0.0008342076 4.07637e-05 0.0004823264 0.014521191 0.3187195 0.26865917 0.32208267 1.948551e-05 0.00012273189 2.0643672e-06 4.007076e-05 0.11224476 3.6314002e-06 1.7618647e-06 1.2563136e-06 0.14436947 6.978082e-05 0.21069069 0.037272085 0.0020604455 1.263697e-05 0.1954391 0.10913849 0.12102582 0.09967837 0.12527159 0.16195703 1.2328269e-07 0.012173747 0.03587373 3.6202623e-06 0.00046192654 0.0017755665 0.0005321018 0.022132328 0.00022685422 0.000880357 0.0803771 0.000106785876 0.15711059 0.19441287 0.0013926834 6.8026384e-06 0.23849693 0.00019357404 0.002050287 0.0049199783 1.9338765e-06 0.00046263784 2.9212033e-06 0.10088954 7.3394162e-06 3.3827106e-08 0.17453995 1.19690185e-05 5.3266913e-06 0.02232779 0.052339226 0.00019514789 0.000113916074 0.00025211397 0.0009122407 0.0010901196 4.1477722e-07 0.08297619 6.433352e-06 3.8247254e-06 0.08483778 1.0805653e-07 1.6197588e-05 0.09323623 7.7226556e-05 0.00017822607
0.7224896 0.008531335 0.0372249 0.80077875 0.21733083 0.03959085 2.1994975e-19 0.0001043703 0.07652161 0.9838948 0.045690406 0.06932012 0.388729 0.34606078 0.0135920625 0.5371139 0.06471581 5.8711066e-06 0.0008325548 0.02226036 0.010550518 0.013387923 0.19189993 0.10357307 5.703057e-05 0.006673011 0.0027625419 8.296657e-05 0.0021368058 0.0032781214 0.036028616 5.591142e-08 1.6525328e-05 0.0012368234 1.9906927e-05 0.0052019074 0.002404261 0.00040372834 0.0017900898 0.0015975718 0.0002875023 0.0002579234 0.00170038 0.00052813895 0.00060877006 0.003833832 0.07452461 0.019050533 0.00036319473 0.0003578568 0.010895849 0.0026683898 0.0039379383 0.0035981825 0.00026678186 0.00015807373 0.10106847 8.3841576e-07 0.0001755498 0.00034171273 0.05024737 0.001245275 0.0003202692 0.027440477 0.0016456988 0.0074771573 0.0006011701 0.0007717138 0.0023748684 0.020983014 6.393222e-05 0.0015726844 0.022547238 0.00016479116 0.050625034 0.0001740231 8.9645306e-05 2.1688247e-05 0.00062927057 5.713771e-05 1.6696764e-05 0.0009972176 7.2249226e-05 1.7861666e-05 0.055330418 0.00016026072 0.0002925137 7.86175e-05 8.004151e-05 0.00030758046 0.0259248 1.9694715e-05 0.002267023 0.0069619794 1.6114142e-05 0.0010311757 2.4266e-05 1.0222522e-05 0.0002627638 2.5983292e-05 4.3239725e-05
0.24303077 0.7543886 0.8130234 0.006201288 0.0055660796 0.83222777 0.0001043703 3.0835642e-17 0.020804038 0.00012449568 0.099557854 0.0044200104 4.2938926e-05 2.6693007e-07 0.00247892 0.00039256882 1.918485e-06 0.5380062 0.4418841 0.00023265133 4.4639172e-08 3.171211e-06 1.3008282e-06 0.005735557 0.8909557 3.199229e-07 6.2909407e-09 0.35314903 0.0005178119 1.9854254e-07 5.6824163e-05 0.18927255 0.011871425 0.010615899 0.012997708 3.231179e-07 1.0067037e-06 1.5055761e-08 1.2758109e-07 0.00726286 1.548147e-07 3.7112287e-08 4.2949875e-08 0.0058931904 6.0996426e-06 0.006847952 0.00027468088 0.0010915563 4.911846e-08 0.024887985 0.0023520673 0.004620382 0.0021409832 0.0041853646 0.008780483 2.2160491e-09 0.00016072587 0.07435069 1.3828862e-06 6.109578e-05 5.346326e-06 0.0002374326 0.15950178 3.929866e-06 1.5932284e-05 0.0023476703 3.411014e-06 0.0046895235 0.0046192547 0.00015816525 1.7884634e-06 0.0064686877 1.9062655e-06 1.6806804e-05 1.8695531e-05 2.3042618e-08 0.000226822 8.648947e-07 0.008133804 7.089985e-07 6.545827e-08 0.0064375047 0.00015991188 8.2823703e-07 0.00013186209 0.02552608 0.00021257982 3.0365538e-06 1.535553e-05 0.0005015473 0.00037471022 6.91919e-07 0.0043529375 1.8307603e-06 3.509896e-06 0.009866295 2.2372426e-08 5.0292594e-05 0.021038262 6.8051427e-06 2.1656871e-05
0.8525147 0.12690644 0.33157516 0.5067877 0.8680883 0.7751532 0.07652161 0.020804038 1.6999472e-16 0.047118213 0.9305666 0.013790486 0.014566087 0.0020766612 0.0055500926 0.5429634 0.0025542346 0.0006945456 0.015775206 0.0005405002 0.00025819388 0.00071344286 0.0069838115 0.5962918 0.0006502989 0.00017703787 3.361196e-05 0.0043676016 0.00018093036 4.08441e-05 0.0007226174 1.5451204e-05 0.002884788 0.071426064 0.0020404998 0.00027730872 3.9403574e-05 5.158805e-06 8.706326e-06 0.03637852 2.2234757e-05 2.6049524e-06 7.274904e-05 0.012030783 2.2399936e-05 0.064791575 0.15889826 0.00029637752 7.457231e-05 0.0016498755 0.10573105 0.03311741 0.05622699 0.05113429 0.0011385303 5.529135e-06 0.0849974 0.00021944416 3.6406484e-06 0.00012515685 0.028177515 7.066986e-05 0.00039824768 0.0013636824 0.000107553446 0.05080085 9.2096365e-05 0.014041126 0.04148136 0.0045623067 3.9445704e-06 0.02978303 0.002030825 3.1293122e-05 0.023269348 5.7894736e-06 5.8694327e-06 2.4765072e-07 0.0046697594 1.922714e-06 2.8648918e-07 0.010202679 5.488011e-06 6.864074e-07 0.062539116 0.00090387923 8.311597e-06 0.00012826532 1.9096829e-06 1.26165705e-05 0.0043107155 2.4857245e-08 0.016628318 0.0007692493 1.450727e-07 0.004440919 2.1065202e-07 6.94814e-07 0.0019951076 4.1301028e-06 4.4609005e-06
0.874634 0.0042446083 0.012654778 0.58074445 0.16260485 0.024026738 0.9838948 0.00012449568 0.047118213 5.5454234e-18 0.022292139 0.019088244 0.096901484 0.18040891 0.0029855035 0.83442265 0.03687793 2.0705306e-06 0.0008014653 0.0047557084 0.006660057 0.009518176 0.2521959 0.2533033 5.4261618e-05 0.0043189186 0.0024225956 3.5871784e-05 0.0010829805 0.0020586315 0.007508842 8.987809e-08 1.0482771e-05 0.00096262916 8.0725185e-06 0.0040968587 0.00154746 0.00020839061 0.00084611744 0.0013891815 0.00027731663 0.00018578218 0.0018880673 0.00028941035 0.0006514668 0.0018959956 0.16123623 0.009136286 0.0008353651 0.00018708344 0.016303686 0.0020650201 0.0067525585 0.0027133245 1.737249e-05 0.00014576329 0.20203444 4.2316174e-07 8.6426066e-05 0.00057931495 0.13184635 0.0021704244 9.528043e-05 0.02652139 0.0019797448 0.008523747 0.00091856567 0.0005630608 0.001527219 0.029966552 4.4598564e-05 0.0010028961 0.027537508 0.0001489663 0.10402369 0.0002182179 0.00022995839 1.5400392e-05 0.000302731 2.1385855e-05 1.8272396e-05 0.00059587316 0.00020441457 1.6009537e-05 0.11119875 2.6933274e-05 0.00035413416 0.00024224048 8.1976366e-05 0.0006442107 0.02816316 7.4150184e-06 0.0006954766 0.0074524935 9.432889e-06 0.00019407127 1.9557465e-05 5.565691e-06 0.00012870533 5.5399527e-05 2.5799558e-05
0.9366163 0.17192931 0.33778077 0.300399 0.634026 0.8489369 0.045690406 0.099557854 0.9305666 0.022292139 1.0165341e-16 0.009326465 0.004679677 0.0012163743 0.00301002 0.33215678 0.0015602991 0.035410084 0.021308266 0.0004193687 0.00013153051 0.00030429638 0.00485054 0.6497288 0.0025808888 7.825045e-05 1.5489475e-05 0.100229084 0.00017245607 3.4279732e-05 0.00039898118 0.0002620396 0.06683441 0.3765529 0.057462707 0.0001368224 1.8795588e-05 2.1889005e-06 7.741034e-06 0.18766674 2.164017e-05 1.858176e-06 7.642503e-05 0.0779487 1.4102535e-05 0.28517425 0.24003913 0.00024320018 0.0001015547 0.025915135 0.33740845 0.1408855 0.23945497 0.21053903 0.01565074 4.1054063e-06 0.07229566 0.00254879 4.2124298e-06 0.0001281856 0.012461275 0.00013249867 0.0012455875 0.0013630849 7.520264e-05 0.1962732 3.48099e-05 0.07966352 0.17757474 0.004118624 1.1969315e-05 0.14307894 0.0010603175 3.9574963e-05 0.016866673 4.532675e-06 4.717358e-05 2.0282653e-06 0.036935538 7.136205e-06 3.2336482e-07 0.0614112 4.8419548e-05 4.1427775e-06 0.058757268 0.005935492 4.8721693e-05 0.00012114849 1.9808507e-05 5.7307316e-05 0.0050570783 1.2515892e-07 0.05833436 0.00086428877 4.105498e-07 0.03325807 3.843705e-07 2.8973009e-06 0.019592239 1.0526913e-05 2.4827857e-05
0.07521142 0.0017536975 0.005860087 0.4410567 0.019983664 0.029759193 0.06932012 0.0044200104 0.013790486 0.019088244 0.009326465 9.699123e-19 0.7045314 0.012374881 0.98506093 0.009890266 0.038291533 2.267719e-05 0.7198857 0.5802726 0.002388812 0.006841154 0.007100806 0.0032006938 6.820642e-05 0.0026311574 0.001693688 0.004468405 0.59987986 0.0013288052 0.24449275 1.2758998e-05 6.0954066e-05 0.00016445266 0.00020553995 0.0005020589 0.00045051528 0.00016648928 0.0004430432 0.00032965947 0.0003729841 0.00021220572 0.0004354567 0.00019531249 0.0004534035 0.0006476191 0.001852015 0.05168201 0.00011534673 0.0003510268 0.0007707646 0.00034634824 0.00053086784 0.00035163053 0.00019816055 5.467661e-05 0.0011957211 0.00019476916 1.876906e-05 0.0019279281 0.000669536 0.00072311226 9.202719e-05 0.00016475565 0.0005718724 0.0011364567 0.0004052192 0.0005173936 0.0012132383 0.0006816149 2.1465032e-05 0.0016484028 0.0002805278 9.6234915e-05 2.0575835e-05 2.6366331e-05 9.0567264e-05 3.1682036e-06 0.0005090092 1.39214035e-05 4.4759518e-06 0.001074829 1.7895936e-05 1.3610163e-05 0.0003611254 0.001340526 2.5066078e-05 0.0002539196 1.0831292e-05 1.5977186e-05 0.0007106537 3.2260325e-06 0.00056068064 0.00025475325 2.422163e-05 0.000423713 8.2013116e-07 1.0352762e-05 0.00061463844 3.988939e-05 5.7029456e-06
0.2557907 0.00015056007 0.002103829 0.6179318 0.030387286 0.0008812727 0.388729 4.2938926e-05 0.014566087 0.096901484 0.004679677 0.7045314 5.600454e-21 0.49363974 0.33201727 0.07723404 0.7373051 9.754459e-07 0.022247454 0.942879 0.25871697 0.62437224 0.050593544 0.005761312 4.919844e-06 0.3405168 0.030507112 0.00021387883 0.40750325 0.079885766 0.7905284 3.594661e-07 7.3946194e-07 1.0286892e-05 8.6573306e-07 0.0009356854 0.1450707 0.00054563367 0.037077297 2.5532468e-05 0.0004325594 0.0004887886 0.0005440603 1.0326563e-05 0.037859485 9.094862e-05 0.0052270605 0.43892387 0.00019833507 1.3789125e-05 0.0002862897 3.7956983e-05 6.8347006e-05 6.709668e-05 2.3393137e-05 7.1942063e-06 0.0067244824 2.406684e-06 0.00024210881 0.012311669 0.0016216716 0.0854724 1.0715405e-06 0.00034640223 0.06264846 0.0002608734 0.008383012 0.00010799901 0.00015164255 0.0006882121 2.8362796e-05 0.00017663701 0.00020240257 0.008561957 0.00082643196 3.1566283e-06 0.0026247313 2.034113e-06 0.0005946291 1.9078361e-05 8.4391485e-07 0.0001181861 0.0001657101 2.539392e-06 0.0012917903 5.728011e-05 7.962444e-05 0.00083651074 2.0744294e-05 0.00024555778 0.0009672865 8.2492784e-07 5.534107e-05 8.082221e-05 6.870274e-06 0.00010823306 3.691731e-07 2.0481177e-05 0.00013129316 0.00024033355 1.777202e-05
0.9318088 8.631211e-06 0.00017279849 0.18860896 0.006180836 6.946371e-05 0.34606078 2.6693007e-07 0.0020766612 0.18040891 0.0012163743 0.012374881 0.49363974 3.1900689e-21 0.0005871774 0.23700275 0.9824772 2.1795557e-08 1.9393261e-05 0.019762304 0.43348148 0.51917124 0.7795406 0.044931598 2.9408031e-06 0.25317273 0.1265298 4.423035e-07 0.00034299423 0.13104405 0.057945047 3.0017894e-08 5.1992558e-08 9.000918e-06 4.524158e-08 0.026998494 0.082490325 0.004828138 0.041888606 6.588139e-06 0.0050010034 0.0026008494 0.004182484 1.3098512e-06 0.03884564 4.412545e-05 0.050694775 0.018150045 0.00198251 5.510292e-07 0.0015538573 2.2097436e-05 0.00033347541 8.927512e-05 4.1389805e-07 0.00010066114 0.10224037 2.8104482e-08 0.0039811996 9.29817e-05 0.0564636 0.022054292 1.7182107e-06 0.018577572 0.008801581 0.0006409042 0.00074109924 9.825317e-06 9.0602254e-05 0.035478868 0.00017708464 4.7816164e-05 0.0016859283 0.0016552814 0.04731105 1.6439488e-05 0.0038239525 3.3064778e-06 4.5727847e-06 0.00016521901 7.222288e-06 2.7101729e-05 0.0034580587 2.9155226e-06 0.06060496 1.3961322e-06 0.0009230076 1.2791297e-05 0.00038225125 0.00079247326 0.020035388 1.7847455e-06 7.8152756e-05 0.0037475456 3.251998e-06 1.656716e-05 3.0794292e-06 9.003042e-05 5.651004e-06 0.00038242206 0.00015133513
0.006061183 0.00042105382 0.00366692 0.22458829 0.007822505 0.008388554 0.0135920625 0.00247892 0.0055500926 0.0029855035 0.00301002 0.98506093 0.33201727 0.0005871774 2.5738663e-20 0.005141556 0.0043902127 7.3229256e-07 0.67534864 0.33705425 0.00011008857 0.0009153514 0.00040831306 0.0007851092 8.372808e-06 0.00044455504 0.000120125704 0.0002560007 0.5447556 0.00020413112 0.094215065 3.0472367e-07 5.030485e-06 2.511439e-05 1.3875622e-05 1.8132603e-05 8.5716376e-05 7.909402e-06 6.642049e-05 5.172261e-05 3.094076e-05 1.13947735e-05 2.2419064e-05 6.773362e-05 8.095899e-05 0.000108156506 0.0022614496 0.019574268 5.1529637e-06 2.874621e-05 0.00028175817 8.027634e-05 0.00018046628 0.000107669 2.6832926e-05 9.721218e-06 0.00082427607 1.0996761e-05 4.9762857e-06 0.0014288597 0.00042717473 4.6559293e-05 2.1723003e-05 0.00011755267 0.000111769215 0.0003757349 0.00013699607 0.00018117746 0.0003612253 0.00053036836 2.526348e-06 0.00034521404 2.6408758e-05 1.3187246e-05 0.00010330566 1.37297875e-05 3.7886912e-06 4.5924182e-07 0.0002374867 1.2701701e-06 5.4376875e-07 0.00024040027 1.0828513e-05 1.6956504e-06 0.00081218046 0.0001297712 6.4804035e-06 0.00021856966 2.659144e-06 1.8655875e-06 0.00047482847 5.2517026e-07 0.00021587848 1.247471e-05 1.4386585e-06 0.00016825159 7.772073e-08 1.0648395e-06 8.7079905e-05 6.8640256e-06 1.1708945e-06
0.95862675 0.022376087 0.10131521 0.4750835 0.6588661 0.08178752 0.5371139 0.00039256882 0.5429634 0.83442265 0.33215678 0.009890266 0.07723404 0.23700275 0.005141556 1.2983523e-17 0.031351905 4.3427426e-05 0.0004301937 0.002226073 0.0051703947 0.0049586534 0.19687991 0.8595164 2.187351e-05 0.0028692586 0.0011681509 0.0004772325 0.0006337356 0.0008448716 0.0027414819 1.0966374e-06 0.00013622064 0.009423997 5.3119624e-05 0.011246132 0.0003074749 0.00024048808 0.00017642303 0.005791918 0.0002916457 0.00013393836 0.0045053395 0.00014702242 0.00019216292 0.008760594 0.68067175 0.008347125 0.00084446516 0.0001298601 0.14995192 0.0030175848 0.036026377 0.009770125 3.2862066e-05 3.566058e-05 0.54549116 2.3862408e-06 1.1234805e-05 0.00043727085 0.62396544 0.0010609487 2.1941181e-05 0.033961732 0.0018748059 0.05653478 0.0009800611 0.0008971386 0.006783822 0.05604954 3.3466902e-05 0.0034835157 0.044735923 0.0006883719 0.38266733 7.9277515e-06 8.259978e-05 5.559341e-06 0.00021310554 3.2418215e-05 4.287268e-05 0.0018747629 1.8896091e-05 9.414538e-06 0.47097263 1.4434763e-05 0.00028729372 0.0018326995 0.00014343612 0.00027336588 0.060979713 2.8457175e-06 0.00234416 0.01195019 5.453691e-06 0.0010514903 2.2207652e-05 3.8993265e-05 8.275337e-05 5.9638965e-05 5.753128e-05
0.50642616 1.2085013e-05 0.00045643715 0.05108354 0.0070463666 0.00024790748 0.06471581 1.918485e-06 0.0025542346 0.03687793 0.0015602991 0.038291533 0.7373051 0.9824772 0.0043902127 0.031351905 3.3394725e-18 1.5819715e-07 0.00054402504 0.06187102 0.6018502 0.7770252 0.24537274 0.006738632 6.161117e-06 0.40209696 0.12337248 9.87721e-07 0.003086281 0.17987725 0.16487941 1.3877924e-07 3.4951455e-08 2.2652916e-05 2.6425901e-08 0.012265355 0.18643919 0.004539305 0.09932693 6.465594e-06 0.0013425493 0.0032831288 0.0020047224 3.3501788e-06 0.09634497 1.0793747e-05 0.0035000106 0.08423663 0.0009797394 6.737998e-07 0.00023018595 1.0640137e-05 4.943098e-05 2.2721439e-05 1.417227e-06 4.7138907e-05 0.009490061 1.0158933e-07 0.0071873595 0.0018734833 0.012715538 0.06681694 1.4819066e-06 0.008972862 0.021585945 8.827214e-05 0.0051187007 5.3712192e-06 1.9911522e-05 0.010903187 0.0004549934 1.0219666e-05 0.00089799927 0.0048524323 0.009843452 1.6178492e-05 0.008763535 1.0755175e-05 8.522198e-06 0.00040119857 4.611551e-06 4.9500727e-06 0.006005974 9.045414e-06 0.0031540738 3.449761e-06 0.003920194 0.00016344746 0.0015993096 0.0040388987 0.006237671 3.3947715e-06 8.580818e-06 0.0011854966 5.947728e-06 4.497796e-06 6.114115e-06 0.00023099166 9.309088e-06 0.0013078972 0.0006087115
0.084269434 0.00039228812 0.00014103563 4.5864046e-05 0.00013222362 0.58002156 5.8711066e-06 0.5380062 0.0006945456 2.0705306e-06 0.035410084 2.267719e-05 9.754459e-07 2.1795557e-08 7.3229256e-07 4.3427426e-05 1.5819715e-07 1.0356614e-18 0.00029709176 2.5953461e-06 4.5191474e-08 1.0594132e-06 1.4011181e-06 0.0010567353 3.0035924e-05 2.3152505e-07 1.5444963e-08 0.8204607 1.0763675e-06 8.013418e-08 7.894047e-07 0.99298805 0.016526874 0.0038670402 0.038477838 1.1630059e-07 3.8988168e-07 2.9822097e-08 7.974872e-08 0.0065681585 2.0044047e-07 3.2260075e-08 7.837259e-08 0.032735266 8.9720055e-07 0.0053860205 0.00071943674 8.950653e-06 2.3316494e-07 0.0952791 0.00086264714 0.00768019 0.0024001508 0.004940697 0.085468054 6.000799e-08 0.00015878279 0.04953096 8.825543e-08 2.0248133e-06 7.545577e-06 1.0627186e-05 0.00031170333 1.0859493e-06 6.988248e-06 0.0035780976 1.7759438e-06 0.025446596 0.0104259495 3.0532974e-06 4.8644387e-07 0.016060408 1.2743919e-05 3.4138584e-06 3.6363577e-05 1.6534865e-07 1.3824835e-05 3.143833e-08 0.06438073 1.6371148e-07 5.321182e-08 0.013664729 5.302462e-07 7.550097e-08 0.000113619666 0.07386181 3.8497346e-06 1.1926495e-07 9.844362e-07 1.395462e-05 8.309956e-06 6.2871734e-09 0.01431013 6.9494655e-07 1.394562e-08 0.031471364 2.4783866e-08 3.208372e-08 0.17135556 5.200141e-07 8.533108e-07
0.011993323 0.054490782 0.44761118 0.15173277 0.008489375 0.26296455 0.0008325548 0.4418841 0.015775206 0.0008014653 0.021308266 0.7198857 0.022247454 1.9393261e-05 0.67534864 0.0004301937 0.00054402504 0.00029709176 7.279017e-17 0.07162227 5.7210502e-05 0.0009215454 8.867209e-05 0.001963994 0.030823441 0.00030503407 5.8125265e-06 0.06905694 0.7471676 0.00026380934 0.005491695 1.9217088e-05 0.003445572 0.0037795159 0.004739345 5.3755334e-06 0.0005210037 8.440038e-06 0.00024169404 0.0025564437 2.055232e-05 1.3712017e-05 2.8748596e-05 0.011572903 0.00062698434 0.0072215856 0.0024626288 0.013723962 8.472174e-06 0.005512203 0.0027090658 0.0088940775 0.0028293661 0.009991544 0.0047642286 1.7967512e-06 0.0006568102 0.010110961 4.5293848e-05 0.0745869 9.551142e-05 0.00079875387 0.4267537 0.00024193781 0.00031098447 0.007044892 0.0013141591 0.011782704 0.020128604 0.0013675196 5.3189015e-05 0.038360577 0.00010658992 0.00044169027 0.00014341286 8.797478e-06 0.00014283822 9.814352e-06 0.015259074 3.4560588e-05 2.081097e-07 0.010737277 0.000196801 5.500277e-06 0.0012529156 0.0075927614 0.00017696596 0.013260094 6.27948e-05 0.00013776749 0.004684119 6.483504e-07 0.031324137 8.1475686e-05 8.544504e-06 0.0055363504 1.02570816e-07 0.00050775614 0.004192797 0.00044065673 0.0001242209
0.011682886 1.2034017e-05 0.00011086887 0.08611067 0.0008912231 0.00059218606 0.02226036 0.00023265133 0.0005405002 0.0047557084 0.0004193687 0.5802726 0.942879 0.019762304 0.33705425 0.002226073 0.06187102 2.5953461e-06 0.07162227 6.3540194e-21 0.0075104074 0.07330667 0.0031753832 0.00017075146 1.0199445e-05 0.020294147 0.0031979631 6.86331e-05 0.9330725 0.0070843124 0.94070077 7.2506e-07 3.2485357e-06 3.5038795e-06 6.479915e-06 6.441472e-05 0.015487402 5.064144e-05 0.0056208144 2.8540069e-06 3.0352816e-05 8.877852e-05 2.770942e-05 3.4932627e-06 0.015020941 3.7933871e-06 0.00061324466 0.6189239 3.1005934e-06 1.6409962e-05 1.3113804e-05 1.455622e-05 9.918484e-06 2.0298297e-05 2.2608694e-05 2.7231279e-06 0.00044446878 5.087017e-06 3.2678177e-05 0.11113195 0.00013115036 0.040085666 6.978068e-07 1.9723453e-05 0.067435995 0.00011660484 0.036787722 7.924637e-06 5.981828e-05 0.00019758161 9.043742e-06 6.301329e-05 3.5149526e-05 0.0159703 1.9743497e-05 1.7828522e-06 0.0038610538 9.2832937e-07 4.175292e-05 1.1293825e-05 1.2462188e-07 5.268639e-05 2.8426322e-05 2.1606302e-06 0.00058029755 3.8068454e-05 5.3042575e-05 0.0054997583 2.1866545e-05 4.607742e-05 0.00010194391 6.784798e-07 1.8956162e-05 8.193678e-06 9.49676e-06 2.512929e-05 1.3065181e-07 1.7873184e-05 1.8544512e-06 0.0006922349 2.8177094e-05
0.78495383 1.4935927e-07 5.5058504e-06 0.010300597 0.0006753567 3.3458415e-05 0.010550518 4.4639172e-08 0.00025819388 0.006660057 0.00013153051 0.002388812 0.25871697 0.43348148 0.00011008857 0.0051703947 0.6018502 4.5191474e-08 5.7210502e-05 0.0075104074 2.4988472e-21 0.7485419 0.6870909 0.0010409849 2.154557e-05 0.77791953 0.92585987 6.3139004e-07 0.00028668993 0.88284165 0.053546242 1.2437652e-08 1.796914e-08 1.531675e-06 2.835572e-08 0.052363053 0.46466962 0.112701364 0.4826792 5.203748e-07 0.040333237 0.11361664 0.02218335 4.3320338e-07 0.30376783 2.7053914e-06 0.0011282178 0.025367303 0.0057738284 4.2042723e-07 3.1523374e-05 1.1905091e-06 5.6325116e-06 2.355514e-06 3.8142314e-06 0.00080949225 0.0028393324 1.4545415e-08 0.2590063 4.9207287e-05 0.025377458 0.10778666 8.514747e-08 0.0186955 0.00715469 1.4196559e-05 0.00027824836 1.19034e-06 7.871934e-06 0.015566072 0.004245054 5.373186e-06 0.0032573822 0.0019424662 0.009865628 0.00010350941 0.008817115 0.00013973497 9.151065e-07 0.002608259 2.0374224e-05 4.7645394e-06 0.055918176 3.4820958e-05 0.0016848498 2.5307804e-06 0.0077011366 1.1996239e-05 0.003607356 0.007862035 0.009908505 1.597752e-05 2.3524428e-06 0.003905263 2.5521296e-05 2.0399937e-06 4.5281366e-05 0.0013537717 1.7551247e-06 0.0017922651 0.0018932314
0.28442702 1.2216201e-06 5.4401153e-05 0.03612286 0.00082362694 0.00024862582 0.013387923 3.171211e-06 0.00071344286 0.009518176 0.00030429638 0.006841154 0.62437224 0.51917124 0.0009153514 0.0049586534 0.7770252 1.0594132e-06 0.0009215454 0.07330667 0.7485419 2.6094965e-20 0.16026111 0.00074143533 1.6860005e-05 0.9605428 0.41385454 3.1242336e-05 0.0034463103 0.75023586 0.1741047 5.1164232e-08 8.44096e-07 1.630552e-05 1.5407524e-06 0.008196414 0.62847704 0.009838117 0.53308195 1.6643808e-05 0.003431704 0.013524451 0.002011442 5.287162e-05 0.31421342 1.9857247e-05 0.0010988183 0.107965544 0.0008707635 3.1281812e-05 0.00013304543 2.3106953e-05 1.7783412e-05 2.6230196e-05 3.3515742e-05 0.000315383 0.0017331243 5.816765e-07 0.035538595 0.0005879296 0.0034381181 0.11599629 4.203258e-07 0.0014920537 0.03822449 8.2390354e-05 0.0035917147 2.6919612e-05 4.8289505e-05 0.0022894875 0.0015644635 3.5851608e-05 0.00065887236 0.0060154228 0.002148877 0.00015073003 0.015180302 2.5888508e-05 5.398223e-05 0.0014491287 2.160495e-05 3.5712106e-05 0.010011412 1.4164861e-05 0.0005150664 1.3270321e-05 0.011095253 8.480384e-05 0.0059062825 0.010466726 0.0024828806 2.4272134e-05 2.003134e-05 0.00018425274 1.4929318e-05 3.3929347e-05 3.1178937e-05 0.00070280547 1.31987335e-05 0.0024689485 0.0017192181
0.9866056 8.326826e-07 0.00029706256 0.04699612 0.008272387 7.437827e-05 0.19189993 1.3008282e-06 0.0069838115 0.2521959 0.00485054 0.007100806 0.050593544 0.7795406 0.00040831306 0.19687991 0.24537274 1.4011181e-06 8.867209e-05 0.0031753832 0.6870909 0.16026111 7.745687e-19 0.098402 4.037468e-05 0.2192036 0.7241122 1.814709e-06 0.00010462004 0.43606022 0.019783366 1.2398548e-06 2.2326686e-08 3.3914177e-05 1.6327295e-08 0.92002434 0.20562938 0.54180557 0.23176378 3.069239e-05 0.55530775 0.3610974 0.3299476 8.4924744e-07 0.13451633 5.9458205e-05 0.05670703 0.004656998 0.19140024 1.7849216e-07 0.002151156 1.7760989e-05 0.00029089823 3.3380395e-05 1.3714423e-07 0.114567906 0.14023088 3.7797154e-08 0.34596145 2.1326037e-05 0.5041457 0.07366261 5.696572e-07 0.61111856 0.0040068966 0.00045207623 0.00012828111 2.3254993e-06 5.268307e-05 0.29529205 0.043356393 2.8685525e-05 0.05058285 0.00097148883 0.28905165 0.012914595 0.007567493 0.01904492 1.5409213e-06 0.02528 0.0028133702 5.805928e-06 0.11301931 0.0064638685 0.097193345 9.646133e-07 0.015147092 5.359747e-06 0.00541902 0.009250552 0.3257516 0.0036286155 3.5268038e-06 0.07481784 0.0030585118 7.740458e-06 0.0016629061 0.01980159 6.3701424e-07 0.0010476701 0.0025683972
0.90617573 0.035796843 0.055836733 0.19974814 0.45952037 0.2382063 0.10357307 0.005735557 0.5962918 0.2533033 0.6497288 0.0032006938 0.005761312 0.044931598 0.0007851092 0.8595164 0.006738632 0.0010567353 0.001963994 0.00017075146 0.0010409849 0.00074143533 0.098402 1.8189466e-18 7.456755e-05 0.00037621663 0.00027863286 0.0018455557 0.00031921265 0.00022170208 0.00051952986 2.1875712e-06 0.0043277605 0.10117449 0.0011888477 0.0042568347 5.1721625e-05 4.983136e-05 4.6959023e-05 0.03260808 0.00012721801 2.262116e-05 0.0010500212 0.0015695281 4.1615254e-05 0.060310416 0.81317705 0.0019279298 0.0007608117 0.00033320265 0.5183061 0.017430024 0.18822086 0.05578279 5.0397266e-05 1.6617194e-05 0.64890856 5.9603562e-06 4.4592416e-06 0.0009224299 0.40158504 7.633922e-05 0.0002813557 0.014085861 0.00029973386 0.22515805 0.00055867183 0.002372523 0.042816933 0.03471232 8.425819e-06 0.018422801 0.009035492 0.00016405228 0.34819067 3.040347e-06 6.5939246e-05 6.3287885e-06 0.00033493197 7.94685e-06 2.1227565e-05 0.005778406 1.2338009e-05 6.949972e-06 0.5678557 3.997507e-05 7.968331e-05 0.00090633234 0.00010725732 0.0004025187 0.04021825 3.2571205e-07 0.0201249 0.005465597 2.576967e-06 0.0033236293 7.802195e-06 6.032419e-05 0.00018383359 2.3514232e-05 0.00014916618
0.0024274718 0.0002782221 0.00047801255 0.0005798102 0.00018068896 0.049226277 5.703057e-05 0.8909557 0.0006502989 5.4261618e-05 0.0025808888 6.820642e-05 4.919844e-06 2.9408031e-06 8.372808e-06 2.187351e-05 6.161117e-06 3.0035924e-05 0.030823441 1.0199445e-05 2.154557e-05 1.6860005e-05 4.037468e-05 7.456755e-05 1.9447173e-20 4.626502e-06 1.5820749e-06 0.0035187693 9.760275e-05 7.4009945e-06 5.474459e-07 0.08926379 0.0023670269 0.00042135993 0.00198056 7.5279963e-06 3.503036e-05 1.0198514e-06 5.5694345e-06 0.00020839044 2.773099e-05 1.0016969e-06 0.00010004748 0.0011838832 3.949888e-05 0.0001528717 0.0001097078 1.43735515e-05 3.2516054e-05 0.0021672486 0.00011345551 0.00063168525 0.0004405731 0.0006209993 0.0027926587 1.5112564e-05 4.7999376e-05 0.009402627 3.647277e-07 1.1694689e-05 6.654409e-06 1.4970794e-05 0.8468908 1.2193743e-05 5.620299e-06 0.0009913822 6.3854977e-06 0.0030803562 0.00084895 0.00012507869 4.3671453e-06 0.0011833932 4.7258905e-05 1.2434599e-05 5.904612e-06 0.0002465527 1.841418e-05 6.6339777e-07 0.0069802785 7.514407e-07 4.873336e-07 0.0018626159 0.000104048006 2.591955e-06 4.4125743e-05 0.0061254264 7.124214e-05 5.4199427e-06 4.190894e-05 0.00013334368 0.00030910457 1.0862818e-06 0.003472818 3.7822276e-05 4.6883397e-07 0.0034289872 9.8879106e-08 1.2564286e-06 0.013523891 1.6864878e-05 1.5105835e-05
0.1625422 8.940313e-08 6.261454e-06 0.010928198 0.00033738266 0.00013985323 0.006673011 3.199229e-07 0.00017703787 0.0043189186 7.825045e-05 0.0026311574 0.3405168 0.25317273 0.00044455504 0.0028692586 0.40209696 2.3152505e-07 0.00030503407 0.020294147 0.77791953 0.9605428 0.2192036 0.00037621663 4.626502e-06 6.759927e-20 0.5515906 4.5458914e-06 0.00087025826 0.9033918 0.08585952 1.36341365e-08 9.436119e-08 2.3368866e-06 5.5401024e-08 0.0150555475 0.7481866 0.029188015 0.74197394 1.6437567e-06 0.01601952 0.03807951 0.0060804654 1.85844e-06 0.5335692 4.545792e-06 0.00070725783 0.044777073 0.00190519 1.225382e-06 6.701144e-05 3.3228428e-06 1.4056277e-05 6.8951704e-06 2.8049055e-06 0.0005549267 0.0016429083 8.172996e-08 0.15077172 0.00037010602 0.004160649 0.11788277 4.4974268e-08 0.003528626 0.01940403 7.0614085e-05 0.002066484 7.697637e-06 2.9876082e-05 0.0031370514 0.0028933417 1.995119e-05 0.0018937188 0.0054449476 0.0023917824 0.00017099183 0.018986512 0.000110243636 7.743338e-06 0.0029284207 8.538024e-05 2.5706624e-05 0.041876804 2.3343995e-05 0.00048185635 7.2025946e-06 0.020489821 6.783214e-05 0.009836161 0.022032406 0.0027127445 4.49936e-05 8.179922e-06 0.0010191757 2.1164618e-05 1.2590368e-05 7.955423e-05 0.0012277947 3.6303682e-06 0.004731549 0.0037333572
0.693296 3.645496e-09 1.0525306e-07 0.001886542 0.00016324916 4.9253363e-06 0.0027625419 6.2909407e-09 3.361196e-05 0.0024225956 1.5489475e-05 0.001693688 0.030507112 0.1265298 0.000120125704 0.0011681509 0.12337248 1.5444963e-08 5.8125265e-06 0.0031979631 0.92585987 0.41385454 0.7241122 0.00027863286 1.5820749e-06 0.5515906 9.1039345e-21 3.9838937e-07 0.00018695701 0.88110626 0.01143223 4.8958677e-09 2.4995344e-09 8.3689194e-08 2.5569211e-09 0.20480867 0.38752794 0.6402037 0.49308723 8.2324014e-08 0.42151886 0.64956635 0.13892534 3.1747938e-08 0.2406216 3.451049e-07 0.00032239783 0.0023252391 0.029480433 2.6206553e-08 7.8003195e-06 1.5970589e-07 7.0068825e-07 2.94851e-07 2.542941e-07 0.031268686 0.001828424 2.2363287e-09 0.5659561 1.1424055e-05 0.02654398 0.05391341 1.3498471e-08 0.04626007 0.0038472735 1.1280935e-06 0.0001260883 1.7981903e-07 1.5260295e-06 0.023580484 0.09455498 9.5266535e-07 0.012454593 0.002372694 0.0076841605 0.00204243 0.008831414 0.009816562 1.1071443e-07 0.035775807 0.00027776186 7.872658e-07 0.14625727 0.0011237571 0.00046806587 1.7991594e-07 0.027184669 3.6125853e-06 0.011718828 0.0159281 0.014371703 9.1159716e-05 1.6995966e-07 0.012464924 0.00013363113 4.1025388e-07 0.00018181563 0.025828537 7.938465e-08 0.0026338147 0.0065665524
0.9703671 0.017250665 0.012662522 0.0008187316 0.0008069136 0.5705552 8.296657e-05 0.35314903 0.0043676016 3.5871784e-05 0.100229084 0.004468405 0.00021387883 4.423035e-07 0.0002560007 0.0004772325 9.87721e-07 0.8204607 0.06905694 6.86331e-05 6.3139004e-07 3.1242336e-05 1.814709e-06 0.0018455557 0.0035187693 4.5458914e-06 3.9838937e-07 3.2289462e-14 3.464553e-05 4.349157e-06 2.1695652e-05 0.69255537 0.57645273 0.07188067 0.7460804 2.0593038e-08 6.443988e-06 3.2573135e-07 1.2539674e-06 0.020247841 1.115389e-06 2.0262148e-07 1.7691862e-07 0.19813088 4.7215685e-06 0.031521317 0.00039205453 0.00067730877 2.2663721e-07 0.8670891 0.0045818845 0.036591932 0.006728934 0.022329044 0.7759341 1.5567399e-07 0.00039055682 0.86502016 5.799199e-06 0.0010093441 1.0139546e-05 0.0004848685 0.004045169 2.0868995e-06 0.0012468734 0.006509932 3.8107137e-05 0.2494518 0.054278933 1.7050972e-05 4.7098958e-05 0.16328238 8.557707e-06 0.00048711614 4.4110217e-05 4.6432785e-07 0.00013834311 1.0102376e-07 0.464819 1.964876e-06 2.0651763e-08 0.21237779 2.6641967e-05 2.1717598e-07 0.00036734215 0.3447055 0.00064897304 2.8731893e-06 0.00011435376 0.00047808915 3.8697275e-05 6.526815e-08 0.059942707 2.0180371e-08 3.6383643e-08 0.3205003 5.4708575e-09 1.2307999e-06 0.59976155 6.4281826e-06 4.236051e-05
0.0027857227 1.5296451e-05 0.00032363832 0.02345358 0.00051506615 0.0008342076 0.0021368058 0.0005178119 0.00018093036 0.0010829805 0.00017245607 0.59987986 0.40750325 0.00034299423 0.5447556 0.0006337356 0.003086281 1.0763675e-06 0.7471676 0.9330725 0.00028668993 0.0034463103 0.00010462004 0.00031921265 9.760275e-05 0.00087025826 0.00018695701 3.464553e-05 4.4633756e-18 0.00071490934 0.89199746 1.9912639e-07 1.9101071e-06 2.0118669e-06 2.4548729e-06 3.3172132e-06 0.0012735252 1.5048218e-05 0.00054399105 4.5774445e-06 1.0201175e-05 1.4536243e-05 4.5328957e-06 1.8353772e-06 0.0009458347 1.5184392e-05 0.0007533713 0.83666736 1.0957657e-06 1.4507963e-05 9.5398085e-05 9.588153e-06 5.024389e-05 4.1142663e-05 4.3102464e-05 7.85275e-07 0.0005205299 1.9342613e-05 1.8849925e-05 0.8205626 5.2791256e-05 0.007586939 6.836138e-06 2.5032705e-05 0.024694093 9.959882e-05 0.15090115 1.3329784e-05 4.5497276e-05 0.0002148624 4.8549823e-06 2.60637e-05 8.484068e-06 0.009977913 4.1655676e-05 3.311568e-06 0.0004957599 8.155194e-07 4.8712405e-05 5.380365e-06 1.9345922e-08 1.2993871e-05 2.3235387e-05 2.1270312e-06 0.0007701903 4.9534654e-05 4.3558623e-05 0.047145303 4.756107e-05 4.2153977e-05 6.510866e-05 3.4057203e-07 1.1709543e-05 1.1328635e-05 2.723611e-06 3.391807e-06 7.860703e-08 2.5373767e-05 1.4667817e-06 0.0005214583 5.8992344e-05
0.5672284 9.207265e-09 2.6725e-07 0.004282185 0.0001353583 4.07637e-05 0.0032781214 1.9854254e-07 4.08441e-05 0.0020586315 3.4279732e-05 0.0013288052 0.079885766 0.13104405 0.00020413112 0.0008448716 0.17987725 8.013418e-08 0.00026380934 0.0070843124 0.88284165 0.75023586 0.43606022 0.00022170208 7.4009945e-06 0.9033918 0.88110626 4.349157e-06 0.00071490934 6.437342e-19 0.03271943 2.3507448e-08 2.1347592e-08 7.312514e-07 1.663764e-08 0.093461476 0.8120704 0.24315584 0.8777071 6.180098e-07 0.16250448 0.3343674 0.034437962 2.971463e-07 0.5938401 8.051348e-07 0.00031313795 0.01171818 0.01414883 2.2902287e-07 1.0952124e-05 8.845181e-07 2.1466085e-06 1.5000284e-06 4.1451253e-06 0.005155817 0.0011872246 3.4305188e-08 0.6403996 4.8676826e-05 0.00868682 0.15290059 1.9628551e-08 0.015463529 0.009372202 5.7777575e-06 0.00082536077 1.50602e-06 5.298936e-06 0.007480399 0.050859883 4.6063337e-06 0.0043279026 0.004292802 0.003579432 0.00030323493 0.026316036 0.0013175474 3.2908933e-06 0.028664771 0.00025827365 4.0608597e-06 0.20909564 0.00021371101 0.0002775585 2.5095126e-06 0.06265754 1.1212787e-05 0.029537829 0.0437608 0.004367418 9.011941e-05 9.603092e-07 0.003709435 8.0838625e-05 3.030967e-06 0.00026193264 0.020845035 6.50154e-07 0.0068482915 0.015357164
0.011440584 6.6276664e-07 1.6468266e-05 0.05646515 0.00085224386 0.0004823264 0.036028616 5.6824163e-05 0.0007226174 0.007508842 0.00039898118 0.24449275 0.7905284 0.057945047 0.094215065 0.0027414819 0.16487941 7.894047e-07 0.005491695 0.94070077 0.053546242 0.1741047 0.019783366 0.00051952986 5.474459e-07 0.08585952 0.01143223 2.1695652e-05 0.89199746 0.03271943 2.788062e-19 3.052306e-07 2.4339877e-06 4.3423142e-06 1.8712573e-06 0.00039235174 0.14478402 0.00076723675 0.033428334 4.010851e-06 0.00020661716 0.00081413897 7.6316144e-05 7.985622e-07 0.138663 1.0239372e-05 0.0014180134 0.8777983 2.5231686e-05 5.5455024e-05 7.0709444e-05 1.2478648e-05 1.2717537e-05 2.3740506e-05 0.00015364091 1.0511423e-05 0.0011785817 9.464522e-07 0.00010560069 0.3528881 0.00036617252 0.3746682 1.2826061e-07 8.764161e-05 0.38939402 6.9151676e-05 0.2441398 1.4932166e-05 6.467294e-05 0.00061847037 3.246439e-06 5.9668146e-05 0.00012388904 0.105481386 0.00018655554 8.470187e-06 0.034468986 1.1517922e-06 8.965231e-05 4.27379e-06 8.8706247e-07 8.001044e-05 9.696066e-05 2.591908e-06 0.003107657 5.3722662e-05 0.00012472778 0.013454891 6.943782e-05 0.0003444307 0.00032817107 2.143303e-06 1.3321702e-05 8.393627e-06 8.143501e-06 5.50378e-05 1.628746e-07 8.394579e-06 2.3519783e-06 0.0028451749 4.4757533e-05
