2.7245306e-23 0.015160924 0.007182028 0.13677645 0.71450025 0.3634776 0.00011212591 0.59434646 0.074937455 0.21003538 0.0002761075 0.07005897 0.42288062 0.73757935 0.3307674 0.00012374982 0.49751422 0.23706655 0.0016062681 0.6522134 0.54481035 0.5008953 0.6477715 0.56207526 0.39912942 0.18987726 0.7741566 0.90440404 0.74083215 0.9069755 0.83442307 0.64979887 0.604323 0.8721216 0.8713772 0.9647457 0.8867251 0.9420273 0.859519 0.88872194 0.54442954 0.025175802 0.36737704 0.14546666 0.9178787 0.9492026 0.8677342 0.7613481 0.22972722 0.4678219 0.3106025 0.9285918 0.0003910859 0.9232322 0.04857061 0.75150514 0.9256274 0.9156389 0.8948755 0.9159632 0.99267274 0.951992 0.4806659 0.94921404 0.0014214924 0.9355303 0.046683304 0.6370939 0.11708617 0.9173669 0.96929103 0.97775733 0.98357433 0.97444373 0.8353921 0.99856925 0.94213426 0.7856646 0.908511 0.97780645 0.9201266 0.99140126 0.83870715 0.9222563 0.97220504 1.556233e-06 0.9189568 0.5531096 0.9912752 0.9911117 0.8499793 0.98820674 0.98970944 0.9775457 0.92729825 0.9751149 0.9991545 0.8275124 0.9963121 0.9996796 0.99991554
0.015160924 3.598112e-18 0.3852016 0.40943116 0.14195812 0.03487078 0.0032771337 0.4511601 0.006800894 0.0057918346 0.06077297 0.001561385 0.007374979 0.005121357 0.004841844 0.8461865 0.00058819714 0.0025393474 6.290749e-05 0.0009286438 2.0147212e-05 0.0003392537 1.9388395e-05 1.3798531e-05 0.00039791781 1.0923148e-05 7.064854e-06 5.3384338e-06 1.9491836e-06 6.5060005e-05 1.2701119e-06 2.6940981e-05 0.0003973111 1.0280223e-05 1.4384212e-06 8.799629e-07 5.578886e-06 6.9157104e-06 4.944916e-06 4.6340792e-06 1.8433876e-07 1.5086484e-07 9.921932e-05 8.5043896e-05 3.3161427e-07 5.303382e-07 4.5391658e-07 1.2162096e-07 1.2453087e-07 7.334476e-08 6.283733e-09 5.7380106e-07 4.4350355e-07 8.7204893e-07 2.043282e-08 5.4199705e-07 1.6174903e-06 6.981304e-05 0.00015944515 2.057751e-06 5.450891e-07 2.69225e-06 2.6457979e-08 9.687794e-05 4.645954e-09 7.3069964e-06 8.1091844e-10 3.9624982e-08 1.8470143e-09 1.8020504e-06 4.3772583e-05 4.6922403e-05 8.924477e-06 2.1984035e-05 5.0507712e-08 1.8087765e-05 5.3593735e-06 2.7794849e-09 2.7416472e-06 1.8740631e-06 5.639456e-06 0.00032840716 2.3736906e-07 2.7139617e-07 6.295508e-07 0.039548084 0.0023303027 7.9336726e-10 0.010450952 0.0014195619 1.3324223e-08 5.769204e-07 1.1855207e-06 2.3787395e-07 6.2681713e-09 1.5761466e-07 1.806514e-06 1.1667028e-09 2.6016007e-08 3.370757e-06 0.0007613902
0.007182028 0.3852016 2.2200087e-17 0.0039301235 0.057741016 0.0010919634 0.8801504 9.1826776e-05 0.014985908 0.027776841 2.332408e-07 0.08541206 0.011013472 0.01907155 0.0003060808 0.39375117 0.005348282 0.0011474113 0.1282791 0.0031761357 0.0028439164 0.0003885694 3.645747e-05 5.1209927e-06 1.0908229e-05 1.925194e-05 0.0038650623 0.00033289805 4.475702e-05 0.0056065656 3.6817386e-05 0.0002404826 0.00039096898 0.00068783213 0.001666812 8.9676513e-07 0.0030868344 0.0036288337 0.0035774966 0.001737118 9.049781e-06 3.0245626e-06 8.56359e-05 1.6165968e-05 0.0029308037 8.4793726e-05 0.00019017862 1.4587613e-05 1.9018813e-05 8.785073e-07 2.1606023e-07 0.0006495718 1.4363665e-06 0.00063369784 8.1675535e-07 2.3927163e-05 0.00022728604 0.009154667 5.702763e-05 0.0002853463 1.49574225e-05 5.1796498e-05 1.7742003e-06 0.0007796077 5.570332e-08 0.008595267 3.9205787e-08 8.6549534e-07 3.7865703e-08 0.00029174364 0.0013725833 0.0041072867 0.004715512 0.0018041573 6.3899233e-07 3.47798e-05 0.00012607797 1.6793906e-07 0.00017553239 0.0037091114 7.187544e-05 5.5555865e-05 5.6887134e-06 1.0746173e-05 0.0023694162 9.623597e-06 0.0007454725 1.2725654e-07 0.00086794747 0.00029188252 2.021296e-06 0.002387376 0.0036034344 0.00013859494 1.2111716e-06 0.00019277616 0.006105734 1.5265556e-07 5.322527e-06 0.0038986576 0.00026375827
0.13677645 0.40943116 0.0039301235 2.1062521e-17 0.29716644 0.96935 0.0014085565 0.62991637 0.011522493 0.008706534 0.006131695 0.0015919664 0.009963079 0.028744707 0.4006369 0.0017523926 0.022197034 0.12752213 0.000102724465 0.07721749 0.011683711 0.04629945 0.052572463 0.050356396 0.02126816 0.0075634234 0.0013170185 0.020985609 0.01881591 0.0067814067 0.015482764 0.000634441 0.0763718 0.004935145 0.00031241906 0.029855382 0.0019340826 0.00077055953 0.0019325126 0.0032618337 3.608648e-05 1.1445014e-05 0.008655855 0.0028423464 0.0015661296 0.0046048583 2.3129003e-05 3.8625726e-06 4.5464294e-06 1.11870895e-05 6.799353e-07 1.4590436e-05 1.1473854e-07 4.5147302e-05 1.1486182e-07 1.0349288e-05 2.242272e-05 0.0013147477 0.009214843 6.85274e-05 0.000116427276 2.9043154e-05 1.0608843e-06 0.0039020462 3.4399785e-09 0.00072101 5.2964215e-09 2.8826385e-06 1.785745e-08 0.00010020657 0.0016646911 0.0014142657 0.0014138037 0.0020076686 1.8173935e-06 0.009001805 8.114357e-05 1.3367255e-06 0.00022374543 0.0005364674 8.2246996e-05 0.004847624 9.810692e-06 2.048811e-05 0.0008146659 0.010588169 0.002574565 5.4678768e-08 0.0043699117 0.003728758 4.0006857e-06 0.0005218513 0.0010719281 0.00013851552 3.8071887e-06 0.0005792473 0.0010958808 2.7255874e-07 9.298086e-06 0.0021093609 0.0021487705
0.71450025 0.14195812 0.057741016 0.29716644 7.972729e-15 0.13097227 0.010206412 0.007685223 0.6745685 0.30650765 1.4926086e-05 0.15591115 0.37938514 0.8907752 0.039328832 0.0011931252 0.7859093 0.106755964 0.0002969065 0.3247889 0.37822792 0.026340857 0.0040648007 0.0018848903 0.0028619468 0.0015591277 0.28870142 0.04292315 0.0044824174 0.3042599 0.0058761206 0.00596659 0.004075426 0.022378858 0.054917827 0.0007338345 0.040228665 0.16823629 0.053990424 0.015434357 0.00079275365 4.9356527e-06 0.0038608215 0.005485453 0.020598203 0.0050588995 0.004318607 0.0008953987 0.00039334942 0.00018554862 9.638408e-05 0.00915561 3.655366e-07 0.0063470853 3.0960917e-05 0.00039729482 0.0011493131 0.0032171719 0.0011063577 0.0007875422 0.00028985034 0.00045712045 9.629211e-05 0.0009674107 2.8377144e-08 0.0041445033 1.8615017e-06 4.0318006e-05 5.8114124e-06 0.00053919456 0.0012462535 0.0044516255 0.005665085 0.0019601223 0.00012257234 0.00063824997 0.00074088475 3.949452e-06 0.00060252205 0.0034657295 0.00033938428 0.0006545716 0.00011843928 0.0003322856 0.0017854556 0.0004139652 0.0003516879 1.1553587e-06 0.0010989468 0.0010193683 1.1790155e-05 0.0015661782 0.0017352272 0.00020127672 1.5406033e-05 0.00030846935 0.0023771874 5.27982e-07 1.7757702e-05 0.0016449392 0.00070973457
0.3634776 0.03487078 0.0010919634 0.96935 0.13097227 6.7500966e-16 0.0001397787 0.48172155 0.001851781 0.00091746903 0.0004993776 0.00018793697 0.007955404 0.013310692 0.4386776 5.327568e-05 0.0068779215 0.18078275 4.784668e-05 0.14047039 0.005552729 0.09708334 0.1474778 0.11640352 0.042780057 0.012957675 0.0012876969 0.061666843 0.039575204 0.010968171 0.033023424 0.0018300248 0.029884778 0.016010264 0.00051127654 0.07813394 0.00603888 0.0020627782 0.0048504733 0.009852534 5.5295277e-05 4.306772e-06 0.0023146172 0.002714815 0.004798263 0.01407457 0.00013124834 1.5118272e-05 4.940096e-05 0.000109854474 4.0841e-06 0.000102356484 8.801878e-07 0.00019113118 4.121545e-06 0.00011828656 0.00010844993 0.0033144993 0.013752261 0.00046647096 0.00028482755 0.00021753054 2.20404e-05 0.0068381494 2.4132664e-08 0.0011481255 3.6881943e-07 4.0147188e-05 1.8635353e-06 0.00018793752 0.0030007982 0.0029429987 0.0028731332 0.003278098 6.7826506e-05 0.013695826 0.00025550093 3.331599e-05 0.0003123899 0.0010267154 0.0002491568 0.010994101 5.3572712e-05 0.0001480014 0.0006587024 0.0006789828 0.0059100995 5.952148e-06 0.013237541 0.008829242 1.9339275e-05 0.00033188972 0.00082530995 0.00014046543 2.63125e-05 0.00028164347 0.0015767836 7.4272552e-06 2.2870467e-05 0.0027711769 0.004654263
0.00011212591 0.0032771337 0.8801504 0.0014085565 0.010206412 0.0001397787 1.2172408e-15 1.9368585e-05 0.003394074 0.011319711 1.2901754e-07 0.05678576 0.0048142225 0.0048025777 0.00015736962 0.38686657 0.0006187102 0.0002514376 0.6613141 0.0002373916 0.00067906734 3.987984e-05 5.0292765e-06 7.0640215e-07 1.3319014e-06 1.3109459e-06 0.0008577137 1.1435762e-05 7.2628936e-06 0.0012685305 1.125486e-05 0.0007618507 0.00017275597 6.913056e-05 0.0008136546 5.994671e-07 0.00025126018 0.0016038297 0.00028186728 0.0001030744 2.5007008e-05 5.9963268e-06 0.000109812056 2.784352e-06 0.00017904464 2.6964266e-05 6.6509994e-05 2.6066884e-05 5.3132742e-05 9.730762e-06 6.535205e-06 0.00028666097 1.0137728e-05 0.00019585321 4.3346e-05 5.923735e-05 0.00026137196 0.00087553734 4.362389e-05 0.00022293691 5.054667e-07 0.000101414174 2.388543e-06 9.366505e-05 4.2038696e-06 0.0013284263 5.3317226e-06 1.1909867e-05 9.659954e-06 0.00045894433 0.00018860812 0.00026025219 0.00051215105 0.00026576332 1.5725118e-05 8.03319e-06 0.00045474616 1.4321153e-06 0.0004371539 0.0006780184 0.00032904383 3.2413143e-05 4.3504817e-05 7.381762e-05 0.0012314441 1.1716452e-06 6.277187e-05 2.1941612e-06 0.00022692846 0.00014896416 2.5546035e-05 0.0004938652 0.0008213973 0.0004090714 1.8589126e-05 0.00034213287 0.0008916485 2.487233e-06 2.1492335e-05 0.001132464 0.00014487715
0.59434646 0.4511601 9.1826776e-05 0.62991637 0.007685223 0.48172155 1.9368585e-05 2.1534326e-15 5.689384e-05 8.541872e-06 0.5805573 4.823712e-07 0.0004480539 0.00010333494 0.101433896 0.0005207064 3.373434e-05 0.017668782 5.254013e-07 0.002779716 3.1712716e-06 0.014430243 0.019003484 0.12130422 0.48494056 0.13711226 5.39237e-06 0.0032343378 0.008700696 0.00013893557 0.013594376 0.000107905114 0.74782455 0.00067194854 2.0755444e-06 0.036129646 0.00014691688 7.8038165e-06 5.249976e-05 0.0006777258 2.1934225e-06 0.15241824 0.27397653 0.439015 2.6717686e-05 0.0006217781 5.5229555e-07 2.0142042e-07 1.2957186e-06 6.915377e-07 4.4505975e-07 2.529541e-07 4.5523576e-09 8.7492293e-07 1.133258e-07 7.6023025e-07 9.948599e-08 0.00013944597 0.10525398 2.93961e-07 0.036800973 6.9653294e-07 3.8177632e-07 0.0010187356 1.0078044e-08 1.3970013e-05 1.0297653e-08 1.1017936e-07 2.8173288e-08 5.8632196e-07 0.00039722509 0.00019104972 8.65606e-05 0.00030019187 1.051038e-07 0.13459955 1.2598535e-07 7.606059e-09 3.9428153e-07 1.0050973e-05 8.687026e-08 0.004141789 1.6867594e-07 4.9715368e-08 4.628329e-06 0.015500367 0.005278132 1.6132329e-09 0.02576622 0.0067835893 2.0287266e-07 3.8375024e-06 9.906564e-06 7.5109966e-07 2.3310027e-07 6.7951946e-06 3.8333525e-05 4.2101544e-09 2.5582895e-07 8.86211e-05 0.0026778374
0.074937455 0.006800894 0.014985908 0.011522493 0.6745685 0.001851781 0.003394074 5.689384e-05 6.7907417e-18 0.9622542 9.21337e-07 0.5496292 0.79858315 0.60594743 0.0012842942 0.0006454284 0.036702078 0.0033585604 0.004116912 0.019269507 0.030493813 0.0010377243 0.00011393238 6.1647115e-05 0.000109587854 0.000102172744 0.06230246 0.0009073079 0.00027324024 0.016842507 0.00037083155 0.019970251 0.00020313973 0.0009722191 0.014977656 7.922008e-06 0.0023073035 0.02652883 0.0040849536 0.0011186866 0.0006042011 6.189996e-07 0.00034665674 0.000104294086 0.0015163207 9.1593334e-05 0.0012077219 0.0016456376 0.00020841746 0.00013509137 5.8723526e-05 0.0016755217 1.8622687e-06 0.0009936743 9.9696415e-05 0.00014545473 0.00064390025 0.0008606606 9.096081e-06 0.0007554884 7.052121e-05 0.00054632884 3.0591313e-05 7.942968e-05 1.8165954e-07 0.0014876953 4.737655e-05 3.2612643e-05 7.837054e-05 0.0002572545 9.5836236e-05 0.00020362112 0.00027167756 0.00016912963 3.8834576e-05 8.539307e-06 0.0006467331 1.4370605e-05 0.0006050291 0.00043347612 0.00058831694 1.4872972e-05 9.800934e-05 0.00025586545 0.0009132034 9.709043e-06 4.1652023e-05 4.2719e-06 0.00011329257 2.6364696e-05 2.7233684e-05 0.00048036492 0.00084488007 0.0003065596 3.600233e-05 0.00046913727 0.0006981177 1.3577913e-06 6.3417334e-05 0.0009154427 2.6310643e-05
0.21003538 0.0057918346 0.027776841 0.008706534 0.30650765 0.00091746903 0.011319711 8.541872e-06 0.9622542 1.5167995e-16 4.072673e-06 0.89077425 0.74944633 0.39392465 0.0007828494 0.001228798 0.071777165 0.0019420662 0.033288 0.0069109416 0.06580324 0.00042354432 8.229188e-05 0.00012689292 3.4890294e-05 0.00016176864 0.2099395 0.0002659048 0.0003900798 0.013173547 0.0003471644 0.11930681 3.3958902e-05 0.0004146966 0.04212519 1.8191206e-06 0.0013806488 0.043864466 0.0034184519 0.0007004017 0.0025730208 9.328814e-07 0.00021524611 5.0621835e-05 0.00131267 3.8618786e-05 0.0019441918 0.003996871 0.00030500558 0.00015487416 0.00012303458 0.0019184934 6.1671984e-05 0.0006958853 0.00026261524 0.00024952012 0.0012557314 0.00017464373 8.573787e-07 0.0010400307 1.0186059e-05 0.0006548947 4.4976736e-05 3.630429e-05 2.3379667e-05 0.0006600412 6.230495e-05 6.8950685e-05 0.00012302872 0.0004257492 7.186961e-05 8.915124e-05 0.00010363357 0.00012668953 6.978801e-05 7.22942e-06 0.0005846977 1.3764227e-05 0.00055373565 0.0002565709 0.00046606877 9.164939e-06 3.9994295e-05 0.00020928826 0.00074973004 6.642804e-05 1.975169e-05 7.3086408e-06 5.7960784e-05 1.7561602e-05 2.8838887e-05 0.00036739203 0.0007871412 0.00020259549 4.2753294e-05 0.00031804308 0.00047612967 3.3144277e-06 6.7766894e-05 0.00050872547 2.9560586e-05
0.0002761075 0.06077297 2.332408e-07 0.006131695 1.4926086e-05 0.0004993776 1.2901754e-07 0.5805573 9.21337e-07 4.072673e-06 3.4595428e-19 1.2356678e-06 0.00014074233 1.5057033e-05 2.9444387e-05 0.00012086011 4.2180673e-07 4.5582033e-06 1.5538757e-07 1.0845769e-06 2.1583585e-06 2.601993e-06 1.4071923e-06 4.811916e-06 0.00012463467 5.3050035e-06 1.0293629e-06 1.393638e-06 3.2165335e-06 2.1102894e-06 3.2376704e-06 3.7163572e-06 1.6997328e-05 3.1744669e-06 5.586409e-06 2.6313754e-07 2.2811641e-06 1.6357151e-05 3.8911376e-06 1.4452297e-05 1.5301418e-06 0.8005663 1.2985911e-06 2.2823686e-05 1.7826056e-06 1.9280208e-06 3.900738e-06 4.9819882e-06 5.9875293e-07 1.0257087e-06 2.635361e-07 4.611184e-05 1.7760175e-07 2.5959835e-05 5.7597074e-08 1.0697813e-06 1.3718687e-05 6.4759065e-06 4.3608708e-07 7.690751e-05 7.9750583e-07 1.150597e-05 2.3438245e-07 5.415874e-05 2.7049873e-09 8.607406e-06 4.664642e-10 4.5436965e-07 1.6903086e-09 2.1686199e-05 5.7770667e-05 9.337568e-06 6.206864e-06 2.555366e-05 1.0241955e-06 3.335245e-05 8.209196e-06 2.1243935e-08 7.2540547e-06 8.734673e-07 9.294708e-06 1.11570225e-05 2.0280058e-06 2.3626435e-06 3.6471207e-05 0.13868748 4.7271893e-05 1.1096214e-08 0.0002840737 7.1399256e-05 3.244986e-07 1.2256842e-05 2.1408912e-05 7.3480965e-07 4.4413204e-07 3.0525464e-06 2.1628114e-06 1.1060118e-09 1.1213001e-07 5.632093e-06 1.958518e-05
0.07005897 0.001561385 0.08541206 0.0015919664 0.15591115 0.00018793697 0.05678576 4.823712e-07 0.5496292 0.89077425 1.2356678e-06 3.7804116e-17 0.47730148 0.2269058 0.0001503189 0.0022879082 0.013670216 0.0002526187 0.8727208 0.0007065797 0.019076062 7.020281e-05 1.208711e-05 3.053787e-06 9.5218394e-07 8.143913e-06 0.070929185 1.7540897e-05 4.029909e-05 0.0020128726 4.854351e-05 0.21019962 7.186892e-07 1.4836182e-05 0.023732726 6.089372e-08 0.000110389876 0.014191187 0.0013050863 2.7234488e-05 0.0042657913 7.5159835e-07 2.1909671e-05 1.1731283e-05 6.429044e-05 1.9549025e-06 0.0013167007 0.0035570422 0.0007358433 3.209172e-05 4.5450135e-05 0.000568449 0.00065031525 0.00019079518 0.0002631417 0.00014939581 0.00058944855 5.1401898e-05 1.7187219e-06 0.00064045814 3.6596143e-07 0.00039558532 1.2683332e-05 3.1255852e-06 0.00026479462 0.00026117585 3.5793088e-05 1.6289481e-05 3.8624123e-05 0.0001151443 8.949304e-06 5.744247e-05 0.00011720196 2.0417076e-05 2.4725026e-05 2.080701e-06 0.0004974582 2.6761816e-06 8.204207e-05 0.0007743777 0.00011838339 1.4152619e-06 1.0557063e-05 4.4295743e-05 0.0011028774 9.760899e-05 6.5634367e-06 2.7326666e-07 1.7319619e-05 1.1190066e-05 3.7203963e-06 0.000388075 0.0007107526 0.00015864972 3.3702518e-06 0.00023352806 0.0024792817 3.6871495e-07 9.110075e-06 0.0011369229 2.5593e-05
0.42288062 0.007374979 0.011013472 0.009963079 0.37938514 0.007955404 0.0048142225 0.0004480539 0.79858315 0.74944633 0.00014074233 0.47730148 2.3225787e-15 0.9354043 0.015956972 0.0006431681 0.080721386 0.022591233 0.021145228 0.059191123 0.11361452 0.011924648 0.002971507 0.00599064 0.0005410103 0.0010016655 0.39773667 0.01235573 0.0031095424 0.056337968 0.0054885745 0.4086168 0.0020347058 0.007795665 0.13481782 0.0001480446 0.015361433 0.11818151 0.03488133 0.008874281 0.045205545 4.7675912e-05 0.00035962643 0.00013350017 0.011243758 0.001438084 0.037120502 0.051692706 0.004964705 0.0071465955 0.0020927223 0.02176336 0.004181024 0.017779369 0.0026499876 0.008648374 0.016757889 0.0013246861 7.555828e-05 0.014446154 2.6708847e-05 0.011129297 0.0011767668 0.0007842392 0.002395679 0.0052264947 0.001051384 0.0009210915 0.002641987 0.011638171 0.00058792904 0.0009607971 0.0014457178 0.00092377904 0.0017855724 4.843936e-05 0.011101572 0.0002746793 0.007416992 0.002924314 0.0060523604 0.000112874885 0.0015299232 0.0029779866 0.0080623785 0.00020004738 0.00016155849 0.00034069698 0.0003372908 0.00024465035 0.00061718264 0.0019233471 0.0031039221 0.0028057059 0.00041521504 0.0033062242 0.0007190509 0.00020167309 0.0012304181 0.0002525026 3.9873263e-05
0.73757935 0.005121357 0.01907155 0.028744707 0.8907752 0.013310692 0.0048025777 0.00010333494 0.60594743 0.39392465 1.5057033e-05 0.2269058 0.9354043 2.9173908e-16 0.01246698 0.00034571826 0.32821307 0.026388377 0.00649012 0.119408675 0.4203051 0.005364851 0.0010148626 0.00035188114 0.000100830155 0.00020653423 0.6686273 0.0040262006 0.0012627501 0.13642798 0.002057044 0.11342885 0.0014415353 0.0037100348 0.22725429 5.4435666e-05 0.02180728 0.23028904 0.06167899 0.0064616995 0.022381485 9.857294e-06 0.00084948324 0.00032060995 0.01794984 0.001119542 0.045443162 0.031128109 0.004427026 0.0019039147 0.0011011587 0.021958789 0.0005934946 0.013165835 0.00028180145 0.0035799423 0.010715821 0.001317161 0.00023380303 0.006075107 0.00013384795 0.0036426575 0.00063711515 0.00050728297 4.133305e-05 0.0066050272 5.7977864e-05 0.00047729965 0.00025604563 0.0035311203 0.00039160767 0.00078709057 0.0012447248 0.0006477126 0.0009545597 6.436074e-05 0.0032260218 0.0001601932 0.0017571062 0.0031968271 0.0013262111 0.0003000808 0.0007999934 0.00122382 0.004630254 9.291425e-05 0.0002249588 0.00016844056 0.00036862993 0.00041929432 0.00021509777 0.0025244264 0.0028732223 0.0025640714 0.0001431449 0.002111285 0.0017724298 6.0406222e-05 0.0002681071 0.0012056615 0.0003456805
0.3307674 0.004841844 0.0003060808 0.4006369 0.039328832 0.4386776 0.00015736962 0.101433896 0.0012842942 0.0007828494 2.9444387e-05 0.0001503189 0.015956972 0.01246698 1.9341711e-16 0.00021217596 0.0052190954 0.92484576 3.9149727e-05 0.6178213 0.0041909805 0.74396116 0.80199695 0.5414631 0.045829535 0.02920058 0.00054926926 0.3787599 0.268386 0.014788163 0.1932914 0.0024032313 0.049272187 0.060725268 0.0004163141 0.41904354 0.011294116 0.0017597515 0.0038749734 0.03872036 2.594798e-05 1.2473656e-06 0.0023513013 0.0028916216 0.0039421 0.043919988 2.7549977e-05 1.01593405e-05 2.4782863e-05 1.572026e-05 3.3951892e-06 1.7685808e-05 7.656425e-08 4.461779e-05 1.9287177e-06 6.7311735e-06 2.8812523e-05 0.005388803 0.03914048 7.1179595e-05 0.00013013683 3.2921755e-05 4.8012353e-06 0.020335205 2.0089306e-09 0.000680762 1.3206375e-07 5.8736828e-06 1.6383174e-07 0.00013224973 0.006643624 0.005416649 0.0039572455 0.005578001 8.686613e-06 0.017386021 4.842375e-05 6.2467785e-07 0.00011332985 0.0007379883 4.3679385e-05 0.024079414 7.4564377e-06 1.612484e-05 0.0005381877 4.1573643e-05 0.026533047 5.7436797e-08 0.04119193 0.01652154 2.9898442e-06 0.00035681215 0.00079931767 8.462949e-05 1.9348822e-06 8.103538e-05 0.0015899546 1.8955616e-07 1.4687722e-06 0.0033630766 0.012586479
0.00012374982 0.8461865 0.39375117 0.0017523926 0.0011931252 5.327568e-05 0.38686657 0.0005207064 0.0006454284 0.001228798 0.00012086011 0.0022879082 0.0006431681 0.00034571826 0.00021217596 5.1714443e-19 0.0003171544 0.00030026774 0.023152148 0.00042939113 0.00047271937 3.8136404e-05 7.300094e-06 1.5040449e-06 9.662954e-07 9.612337e-07 0.00029120382 2.1141941e-05 4.532394e-06 0.0076609585 5.8775045e-06 0.00021568399 7.958967e-05 6.484833e-05 0.00040598182 6.4583965e-06 0.0004235486 0.0028189 0.0011244437 5.3906915e-05 1.1383239e-05 2.624527e-06 3.0657346e-05 2.560014e-06 0.00023308728 0.00010555548 9.285619e-06 2.8185354e-06 8.298061e-06 1.8779167e-06 1.306327e-06 0.00016340226 6.211468e-05 0.00033477868 5.4243997e-06 1.2100298e-06 1.4003841e-05 0.0025355732 4.490298e-05 3.6702697e-06 2.2491813e-07 1.0406672e-05 4.820617e-07 0.0005615912 3.487915e-05 0.004682114 1.9425663e-06 1.4236847e-06 3.3649756e-06 7.165697e-05 0.0006035647 0.0010752268 0.0015057264 0.00056548376 1.1130799e-06 3.493138e-05 2.2506187e-05 2.2702963e-07 2.2323058e-05 0.0018659204 1.48203435e-05 0.00050273945 3.712712e-06 1.8497107e-06 0.0007915525 0.041895226 9.342885e-06 4.4335065e-06 8.120402e-05 3.2378943e-05 7.826627e-07 0.0011769109 0.0012522634 5.847479e-05 4.834484e-07 1.4838857e-05 0.0039794664 6.7247794e-07 8.7335235e-07 0.0023731205 0.0005136762
0.49751422 0.00058819714 0.005348282 0.022197034 0.7859093 0.0068779215 0.0006187102 3.373434e-05 0.036702078 0.071777165 4.2180673e-07 0.013670216 0.080721386 0.32821307 0.0052190954 0.0003171544 1.6100786e-17 0.025141666 2.0569241e-05 0.18994641 0.9138692 0.007862732 0.0027652385 0.00068165717 0.0006398867 0.0013578297 0.28828233 0.020945987 0.006162584 0.55104125 0.009022326 0.0024192221 0.0005077765 0.0265786 0.13019721 0.0014233231 0.06265451 0.2662521 0.09922666 0.03252649 0.00089589885 3.9126526e-08 0.0020591982 0.00050358044 0.050560385 0.015440459 0.014576231 0.003815598 0.00019626906 0.00026952222 0.00012065246 0.023664517 5.8278624e-06 0.019093348 9.600016e-05 0.00080200814 0.008082414 0.015584328 0.0021585491 0.0061689843 5.1371073e-05 0.002529135 8.6494496e-05 0.0052858717 5.6199024e-08 0.026369357 6.617634e-06 4.6082518e-05 3.104403e-05 0.00614462 0.0035340362 0.0066750506 0.012685099 0.004940134 8.0815276e-05 0.001385981 0.0024965892 2.0789428e-05 0.0035828333 0.012223965 0.0010934853 0.006594394 0.00014835142 0.00036089367 0.011073039 1.2626098e-06 0.0027610145 4.128827e-06 0.0025245226 0.0049152155 1.1012274e-05 0.008593591 0.009916116 0.0032865028 1.5258818e-05 0.0015066909 0.012974808 1.2176213e-06 3.1597985e-05 0.009056166 0.0029796145
0.23706655 0.0025393474 0.0011474113 0.12752213 0.106755964 0.18078275 0.0002514376 0.017668782 0.0033585604 0.0019420662 4.5582033e-06 0.0002526187 0.022591233 0.026388377 0.92484576 0.00030026774 0.025141666 3.7231512e-17 0.00031217336 0.9197637 0.032024797 0.8096063 0.62386775 0.14350246 0.005972053 0.0055457987 0.0022931686 0.4808279 0.19526705 0.09164136 0.17373754 0.00051391707 0.023067454 0.095628254 0.0016658576 0.23305747 0.03624945 0.009381944 0.019108819 0.05979563 5.599325e-05 2.731619e-07 0.0026292296 0.0004193383 0.012892303 0.07099733 0.00034194856 3.4760902e-05 2.566055e-05 1.3437303e-05 7.741418e-06 0.00040381998 2.2185573e-07 0.0017074869 5.0911617e-06 2.1545384e-05 9.9559315e-05 0.017354414 0.015208045 0.00023036361 7.6709875e-05 5.58719e-05 1.5711028e-05 0.023744857 9.528733e-09 0.005060574 1.4360506e-07 2.5324618e-05 4.0960145e-07 0.00054362335 0.011077454 0.009039047 0.007539233 0.010548898 4.306795e-05 0.007662145 9.058765e-05 5.038273e-06 0.00039656815 0.0027737988 8.213672e-05 0.018122049 5.3510466e-05 3.4970544e-05 0.0028410973 3.0648853e-06 0.011509693 5.419268e-07 0.017136108 0.010916786 3.457641e-05 0.0016096188 0.0029729255 0.0004463073 1.559565e-05 0.0003244084 0.0041708453 1.4607414e-06 1.3166122e-05 0.0072387885 0.009547218
0.0016062681 6.290749e-05 0.1282791 0.000102724465 0.0002969065 4.784668e-05 0.6613141 5.254013e-07 0.004116912 0.033288 1.5538757e-07 0.8727208 0.021145228 0.00649012 3.9149727e-05 0.023152148 2.0569241e-05 0.00031217336 5.3398826e-18 0.0003635014 0.0003309822 0.00019068348 2.1636508e-06 7.72155e-07 1.3453138e-07 4.45008e-07 0.0038263004 0.00021385335 7.9616275e-06 0.00017194531 3.9239698e-05 0.066261016 1.6584834e-05 8.079092e-05 0.00054084026 3.2883804e-08 0.00023310372 0.00057019043 0.00023817009 0.00016013285 0.00021812551 7.801833e-07 1.7370783e-05 2.868949e-07 6.191147e-05 1.8251132e-05 5.8077196e-05 0.000110471185 0.00023258167 1.1915661e-05 2.004034e-05 0.00057353626 0.017376581 0.00041450348 0.00048753907 6.892781e-05 0.0014924955 0.00012834951 1.1524948e-05 0.0017722556 4.506277e-09 0.00040384446 2.9040727e-06 1.31386905e-05 0.08902414 0.00057400885 0.00010329267 3.60776e-05 2.6699068e-05 0.0011513365 1.958847e-05 3.7140457e-05 7.190746e-05 3.696332e-05 2.9197508e-05 2.4952024e-07 0.0013726718 5.476545e-06 0.0011273638 9.730192e-05 0.0006519771 1.928337e-06 0.00014021555 0.00020652024 0.001142641 1.9140204e-08 1.8671021e-06 4.8653527e-07 2.5630236e-06 9.05249e-06 3.6421363e-05 0.00020426861 0.00050321216 0.0003400778 2.3673563e-05 0.00027530474 0.00036010228 9.211384e-07 1.8370978e-05 0.000115818075 7.5077924e-06
0.6522134 0.0009286438 0.0031761357 0.07721749 0.3247889 0.14047039 0.0002373916 0.002779716 0.019269507 0.0069109416 1.0845769e-06 0.0007065797 0.059191123 0.119408675 0.6178213 0.00042939113 0.18994641 0.9197637 0.0003635014 8.494983e-17 0.19260453 0.77537364 0.59879977 0.09655427 0.0031740451 0.0032190548 0.018209763 0.7343813 0.27404156 0.55009353 0.34007278 0.0020338565 0.005222583 0.35431898 0.00950944 0.44342718 0.2884796 0.08179411 0.1485101 0.24296746 9.8436205e-05 2.7686925e-08 0.00073484756 6.612944e-05 0.106133305 0.23773146 0.0024897556 0.00024066177 4.1701504e-05 4.2254156e-05 2.3879269e-05 0.0026205757 9.91219e-07 0.012600838 1.86012e-05 3.955048e-05 0.0005276886 0.07669703 0.012988377 0.00065287086 2.3485769e-05 8.663832e-05 2.0026126e-05 0.06342724 3.2792794e-08 0.03440611 1.4164732e-06 2.8325303e-05 2.455383e-06 0.001808211 0.048978288 0.053471398 0.04557356 0.039097123 4.4873017e-05 0.006347869 0.00015767204 6.494386e-06 0.0005750721 0.019799622 0.00011772803 0.047723893 3.165351e-05 5.501287e-05 0.006412909 7.939131e-06 0.018356228 6.449032e-07 0.041037254 0.022978803 1.1031583e-05 0.0054641613 0.0075316452 0.0013794879 4.27346e-06 0.00052060216 0.021240551 1.3172922e-06 6.8282075e-06 0.017933654 0.024585543
0.54481035 2.0147212e-05 0.0028439164 0.011683711 0.37822792 0.005552729 0.00067906734 3.1712716e-06 0.030493813 0.06580324 2.1583585e-06 0.019076062 0.11361452 0.4203051 0.0041909805 0.00047271937 0.9138692 0.032024797 0.0003309822 0.19260453 5.133532e-18 0.0092924 0.003681068 0.0005367018 0.00046678892 0.0010572958 0.5858643 0.017301444 0.007352334 0.52980316 0.008927649 0.012098015 0.00014371585 0.031551104 0.41463554 0.0007323286 0.08560249 0.47306514 0.16214816 0.043700848 0.008045354 1.0248458e-07 0.0011366481 0.00029355104 0.06891909 0.014161317 0.060210507 0.027535196 0.0008396557 0.0016670536 0.0004451112 0.070665866 6.861673e-05 0.06026258 0.00022728235 0.0025138506 0.028909864 0.01942716 0.0016338795 0.026649537 5.5042365e-05 0.006862668 0.00066212105 0.008124683 4.263936e-07 0.05283901 5.9540078e-05 0.00059954094 0.00026084253 0.027881244 0.0062546153 0.008294767 0.014490467 0.0076761763 0.00079457473 0.00030290513 0.00891102 0.00028091518 0.008892594 0.021707848 0.00441248 0.0041253734 0.0013114418 0.0021806934 0.028821891 1.2612018e-06 0.0012098696 4.6738e-05 0.0010100262 0.003295097 0.00014594145 0.014482901 0.016312785 0.012528129 0.00019761985 0.0102059785 0.01766302 1.505043e-05 0.0007316051 0.010782978 0.00142985
0.5008953 0.0003392537 0.0003885694 0.04629945 0.026340857 0.09708334 3.987984e-05 0.014430243 0.0010377243 0.00042354432 2.601993e-06 7.020281e-05 0.011924648 0.005364851 0.74396116 3.8136404e-05 0.007862732 0.8096063 0.00019068348 0.77537364 0.0092924 7.3918993e-16 0.8799635 0.29051065 0.009616928 0.00792057 0.00085283 0.76790607 0.5097849 0.044743136 0.44660896 0.00023295238 0.028087104 0.2032865 0.0006768071 0.46708938 0.028484067 0.0027941384 0.00822343 0.09274763 1.0792409e-05 5.127338e-07 0.0022713717 0.0012774693 0.007514705 0.10089998 5.4563057e-05 5.9881713e-06 4.223701e-06 4.9341847e-06 1.1666323e-06 7.6891956e-05 5.780067e-08 0.00031926503 1.4330703e-06 3.107965e-06 0.0001138064 0.020598004 0.035452552 9.200867e-05 0.0002320059 2.6818036e-05 1.6450693e-06 0.044479232 1.6872325e-09 0.003860518 5.9389137e-08 1.470771e-06 2.4104088e-07 0.0005455876 0.021464491 0.020138722 0.010321405 0.016228305 1.5951493e-06 0.015694901 4.2612857e-05 2.5655095e-07 0.00020754455 0.0030252407 2.7563457e-05 0.04327713 2.7969002e-06 5.837313e-06 0.0018789817 1.4334365e-06 0.029088521 4.3356227e-08 0.041688778 0.026436234 1.3039496e-06 0.0011798926 0.0020327976 0.0003793362 1.5203626e-06 0.00017975073 0.0037073204 6.3031464e-08 3.1806912e-06 0.0055236514 0.0146941915
0.6477715 1.9388395e-05 3.645747e-05 0.052572463 0.0040648007 0.1474778 5.0292765e-06 0.019003484 0.00011393238 8.229188e-05 1.4071923e-06 1.208711e-05 0.002971507 0.0010148626 0.80199695 7.300094e-06 0.0027652385 0.62386775 2.1636508e-06 0.59879977 0.003681068 0.8799635 9.917632e-17 0.7007551 0.020631306 0.041891053 5.5599223e-05 0.6423432 0.7421903 0.007846642 0.54911655 0.00026877888 0.06605387 0.09844706 4.0167066e-05 0.7715784 0.010178713 0.00016848328 0.0018815164 0.0445361 7.561151e-06 1.745589e-05 0.002355367 0.0025253412 0.0014853646 0.042916406 1.2014609e-06 7.680789e-07 5.706882e-07 8.343303e-07 1.5470623e-07 3.9097886e-06 2.0547331e-08 7.107936e-06 5.797012e-07 3.8075967e-07 5.916003e-06 0.010500283 0.07857573 5.090987e-06 0.0004349771 1.6370859e-06 6.8602034e-08 0.031368297 2.9817757e-09 0.0006572084 1.3795036e-08 1.3040075e-07 4.2184993e-08 2.4968354e-05 0.010946467 0.009059798 0.005690743 0.0088847615 4.2446985e-08 0.033077944 3.1001678e-06 1.1398267e-08 1.5583844e-05 0.0006371422 3.1419925e-06 0.036174588 1.4402572e-07 4.407031e-07 0.00019302395 3.1568524e-07 0.045452934 3.0167455e-09 0.05983698 0.035373595 4.0986027e-08 0.00023319732 0.0004958568 3.997019e-05 6.405778e-08 5.4584136e-05 0.0011723668 2.8020808e-09 5.9533033e-07 0.0027055829 0.021965625
0.56207526 1.3798531e-05 5.1209927e-06 0.050356396 0.0018848903 0.11640352 7.0640215e-07 0.12130422 6.1647115e-05 0.00012689292 4.811916e-06 3.053787e-06 0.00599064 0.00035188114 0.5414631 1.5040449e-06 0.00068165717 0.14350246 7.72155e-07 0.09655427 0.0005367018 0.29051065 0.7007551 3.3568187e-17 0.42688733 0.839192 6.123251e-05 0.07912794 0.37452623 0.0021516904 0.14322054 0.0009094693 0.63619155 0.015275797 3.8349986e-05 0.78720343 0.0013966557 5.351628e-05 0.00069565466 0.005126564 9.465159e-06 0.00015037983 0.030385878 0.01741376 0.0003542222 0.015637835 3.7602829e-06 8.92066e-07 1.9730742e-06 1.9791842e-06 1.3607774e-07 8.561935e-06 7.7831913e-10 1.2390551e-05 7.323129e-07 5.099444e-07 4.6314635e-06 0.0047081267 0.48687586 4.2103734e-06 0.001500517 2.7544522e-06 5.9371587e-08 0.014454263 1.9774368e-10 0.00067991036 1.6034663e-08 4.29894e-07 3.7891137e-08 6.6520966e-05 0.0045902575 0.0030750833 0.0017459346 0.0035486629 1.3598161e-07 0.14592078 5.2462847e-06 3.3255628e-08 2.426327e-05 0.00025143448 4.3459227e-06 0.028820014 1.1544991e-07 5.366782e-07 8.4295854e-05 2.200754e-06 0.0991821 1.5563923e-09 0.12369612 0.04375429 2.9541464e-08 7.948665e-05 0.00019051117 8.5924385e-06 7.6418495e-08 9.975039e-06 0.0006286572 1.1093886e-08 1.3749695e-06 0.0013915781 0.013595512
0.39912942 0.00039791781 1.0908229e-05 0.02126816 0.0028619468 0.042780057 1.3319014e-06 0.48494056 0.000109587854 3.4890294e-05 0.00012463467 9.5218394e-07 0.0005410103 0.000100830155 0.045829535 9.662954e-07 0.0006398867 0.005972053 1.3453138e-07 0.0031740451 0.00046678892 0.009616928 0.020631306 0.42688733 2.2669323e-16 0.95890385 4.035557e-06 0.0033014289 0.018484741 0.00073197356 0.011455318 0.00016058446 0.6064151 0.0022602628 4.2839306e-06 0.12295439 0.00094430556 1.9513272e-05 0.0005099987 0.0024968798 3.0225817e-06 0.0009194569 0.046808507 0.051097102 0.00029076647 0.007187187 3.6594398e-07 2.1408482e-07 2.4959031e-06 1.5745984e-06 3.6414e-07 3.6579797e-06 2.8524283e-10 3.194415e-05 2.8774983e-07 3.340039e-07 1.6476615e-06 0.0042572343 0.48964536 2.920075e-06 0.004123448 1.2149245e-06 4.9760715e-08 0.00905651 8.246139e-11 0.00085436815 1.09097735e-08 4.2923446e-07 4.767885e-08 7.333962e-05 0.0029160606 0.0010957235 0.0009558793 0.0031993513 8.2372075e-08 0.22484972 1.3890522e-06 3.932434e-08 1.446795e-05 6.763841e-05 1.7721102e-06 0.010945371 6.391499e-08 1.7064473e-07 0.00017467371 4.413538e-05 0.025316006 4.419447e-09 0.041660804 0.015981415 1.994241e-08 3.925594e-05 0.00019341607 7.1151667e-06 4.073912e-08 5.256536e-06 0.00035524587 1.2808941e-08 4.6591246e-08 0.0014408645 0.007615743
0.18987726 1.0923148e-05 1.925194e-05 0.0075634234 0.0015591277 0.012957675 1.3109459e-06 0.13711226 0.000102172744 0.00016176864 5.3050035e-06 8.143913e-06 0.0010016655 0.00020653423 0.02920058 9.612337e-07 0.0013578297 0.0055457987 4.45008e-07 0.0032190548 0.0010572958 0.00792057 0.041891053 0.839192 0.95890385 1.7971182e-17 0.00013714444 0.003515997 0.030535165 0.0022555783 0.013987238 0.00046864315 0.62526983 0.0030136406 7.515189e-05 0.2636232 0.002310459 0.00021110986 0.0018488747 0.0035109865 1.1136963e-05 6.188544e-05 0.023732541 0.021639407 0.0012897148 0.0092965085 5.0974336e-06 2.7062795e-06 2.2182053e-06 4.820243e-06 5.3412015e-07 2.8439854e-05 3.618976e-09 6.426574e-05 6.5609424e-07 1.6248171e-06 1.9941508e-05 0.004769193 0.5220172 2.1840118e-05 0.0019782814 1.2751103e-05 2.862996e-07 0.008976239 1.6354457e-10 0.0012544167 6.301559e-08 7.054415e-07 1.4101416e-07 0.00025765054 0.0030457394 0.0014677069 0.0011181245 0.0026915378 3.872902e-07 0.15980054 1.3897989e-05 2.1238598e-07 0.000116588046 0.0002893546 3.420208e-05 0.00763992 7.692856e-07 1.3242868e-06 0.00029684452 1.3344684e-06 0.022968927 3.624242e-08 0.024888886 0.017088113 1.754257e-07 0.00031284484 0.0006646726 8.2342274e-05 8.4327286e-07 9.212826e-05 0.00063318555 9.6551005e-08 1.1632826e-06 0.0021807405 0.0058321445
0.7741566 7.064854e-06 0.0038650623 0.0013170185 0.28870142 0.0012876969 0.0008577137 5.39237e-06 0.06230246 0.2099395 1.0293629e-06 0.070929185 0.39773667 0.6686273 0.00054926926 0.00029120382 0.28828233 0.0022931686 0.0038263004 0.018209763 0.5858643 0.00085283 5.5599223e-05 6.123251e-05 4.035557e-06 0.00013714444 9.63839e-16 0.0007157614 0.0001897241 0.17157467 0.00023732662 0.5906456 2.9315622e-06 0.0014050367 0.8475632 1.5434149e-05 0.016007263 0.5452483 0.087616615 0.0032329825 0.648949 4.9337956e-07 6.263583e-05 4.956887e-05 0.026484672 0.00047409255 0.2967447 0.5155937 0.048260402 0.13372408 0.014233815 0.123283125 0.00012247103 0.07500166 0.0033165098 0.07161928 0.13004775 0.0018747766 0.00011456922 0.08146953 7.203236e-07 0.115235925 0.009872187 0.0002980845 1.397527e-06 0.01937389 0.00053999067 0.004027963 0.0015275548 0.039790682 0.00013946246 0.00040731937 0.0017678288 0.00044675847 0.005681368 3.21619e-06 0.0852926 0.000790677 0.014339092 0.012051045 0.013700999 0.00021335181 0.0072640716 0.012332628 0.023583705 2.7421063e-05 3.2912874e-05 0.0004026477 6.580494e-05 0.00022019299 0.0012481334 0.011680513 0.011924962 0.027258484 0.00050201244 0.018224444 0.0069333697 0.00011184545 0.002072876 0.0034777632 0.000454278
0.90440404 5.3384338e-06 0.00033289805 0.020985609 0.04292315 0.061666843 1.1435762e-05 0.0032343378 0.0009073079 0.0002659048 1.393638e-06 1.7540897e-05 0.01235573 0.0040262006 0.3787599 2.1141941e-05 0.020945987 0.4808279 0.00021385335 0.7343813 0.017301444 0.76790607 0.6423432 0.07912794 0.0033014289 0.003515997 0.0007157614 4.0199644e-16 0.654036 0.08604313 0.6562833 0.0003514034 0.006741826 0.64401853 0.0005505308 0.55585545 0.16585645 0.0025428939 0.023408271 0.38439757 6.799817e-06 5.709614e-07 0.0006974319 0.0004172074 0.031073194 0.35461113 7.8081684e-05 4.8695006e-06 2.7108229e-06 1.870144e-06 5.1819427e-07 0.0001185929 9.021709e-09 0.00031556774 6.472019e-07 8.498843e-07 7.757134e-05 0.0856474 0.031233292 6.810159e-05 0.00012722712 4.3683694e-06 6.9885846e-07 0.12263413 2.6868514e-09 0.015941124 2.1082272e-08 4.9247e-07 7.59703e-08 0.00035429667 0.1069222 0.10615585 0.064103775 0.060009614 3.2163942e-07 0.022960799 2.4521458e-05 5.4838047e-08 9.572827e-05 0.012416274 1.289484e-05 0.12399886 5.263833e-07 3.2105388e-06 0.0023913467 1.3477184e-06 0.05208133 2.6917771e-08 0.113594174 0.06695116 1.8004965e-07 0.004351661 0.005009192 0.00032182338 2.5291743e-07 0.00013560496 0.015890079 3.7183707e-08 3.4710595e-06 0.0120688025 0.048941206
0.74083215 1.9491836e-06 4.475702e-05 0.01881591 0.0044824174 0.039575204 7.2628936e-06 0.008700696 0.00027324024 0.0003900798 3.2165335e-06 4.029909e-05 0.0031095424 0.0012627501 0.268386 4.532394e-06 0.006162584 0.19526705 7.9616275e-06 0.27404156 0.007352334 0.5097849 0.7421903 0.37452623 0.018484741 0.030535165 0.0001897241 0.654036 3.5750468e-17 0.012374681 0.9134447 0.00040709143 0.10057775 0.338153 0.00021570292 0.847977 0.045253642 0.0005282724 0.004864168 0.16197875 2.7496695e-05 6.557959e-05 0.0031305184 0.001638124 0.0052969814 0.18198091 7.1943155e-06 2.0081425e-06 3.230216e-06 2.9753378e-06 8.390485e-07 7.2121834e-06 4.831481e-08 2.7638716e-05 4.2095944e-06 3.7101898e-07 1.2782443e-05 0.044221558 0.088786624 5.399754e-06 0.00047344077 1.43911e-06 6.7913724e-08 0.14403306 6.6445316e-09 0.002168396 7.9590535e-08 1.5898922e-07 4.5716573e-07 4.5517285e-05 0.03169375 0.025786765 0.0124525195 0.026318295 4.4471246e-08 0.051974755 2.6893808e-06 3.5100634e-08 1.130942e-05 0.0013825065 1.7781182e-06 0.10426064 1.22225e-07 2.6429493e-07 0.00020828831 1.2196661e-07 0.10157518 8.205293e-09 0.10337269 0.11097381 4.82405e-08 0.00077208073 0.0012691931 5.2637424e-05 6.409029e-08 1.6332086e-05 0.004704352 3.9522687e-09 4.2332158e-07 0.007008829 0.064508475
0.9069755 6.5060005e-05 0.0056065656 0.0067814067 0.3042599 0.010968171 0.0012685305 0.00013893557 0.016842507 0.013173547 2.1102894e-06 0.0020128726 0.056337968 0.13642798 0.014788163 0.0076609585 0.55104125 0.09164136 0.00017194531 0.55009353 0.52980316 0.044743136 0.007846642 0.0021516904 0.00073197356 0.0022555783 0.17157467 0.08604313 0.012374681 2.205771e-14 0.01717617 0.004934173 0.0012990804 0.15644346 0.12306992 0.004584575 0.65367573 0.63719106 0.89168984 0.18080722 0.001169159 1.5153659e-06 0.00056096487 0.00026434954 0.6159524 0.06875523 0.048114758 0.003949884 0.0002990988 0.00037626093 0.00015601383 0.063534774 1.07795515e-07 0.13066581 4.4744003e-05 0.00061710615 0.0128211705 0.08159394 0.006469129 0.0062483046 1.1672828e-05 0.0010960422 8.3485174e-05 0.01827339 2.3716867e-08 0.16587518 2.311578e-06 4.088931e-05 2.795254e-05 0.021720195 0.03675082 0.06465063 0.07928455 0.032188408 3.393627e-05 0.0013463716 0.0030529222 2.3185614e-06 0.004644734 0.076577336 0.0014052705 0.027578823 0.0001478131 0.0004981613 0.045282546 7.0391457e-07 0.006214579 3.5372525e-06 0.010235386 0.014542214 8.643072e-06 0.053320188 0.043616828 0.011453215 1.607816e-05 0.0036924214 0.093085766 2.231011e-06 0.00010561448 0.047870167 0.01921746
0.83442307 1.2701119e-06 3.6817386e-05 0.015482764 0.0058761206 0.033023424 1.125486e-05 0.013594376 0.00037083155 0.0003471644 3.2376704e-06 4.854351e-05 0.0054885745 0.002057044 0.1932914 5.8775045e-06 0.009022326 0.17373754 3.9239698e-05 0.34007278 0.008927649 0.44660896 0.54911655 0.14322054 0.011455318 0.013987238 0.00023732662 0.6562833 0.9134447 0.01717617 1.4147352e-16 0.00047997656 0.032141972 0.37684023 0.0002441774 0.7564181 0.06506345 0.0010383533 0.008344657 0.20425323 1.773675e-05 2.1729818e-05 0.0014469406 0.0010206479 0.010627503 0.27713174 3.3309225e-05 5.5523424e-06 6.8618533e-06 6.051269e-06 1.7525639e-06 3.0483616e-05 9.414995e-08 0.00012838072 5.0097888e-06 8.621204e-07 3.64957e-05 0.099715024 0.064926095 3.6311907e-05 0.00050303084 6.1284823e-06 4.226314e-07 0.20427485 7.6911535e-09 0.006171247 1.2793589e-07 5.080091e-07 3.093769e-07 0.00016347427 0.080402754 0.06801579 0.037036445 0.052553147 2.566946e-07 0.052522507 9.475815e-06 9.610508e-08 5.203658e-05 0.004937948 8.981915e-06 0.16040355 8.624895e-07 1.4573172e-06 0.0008225375 4.2312382e-07 0.12239242 1.0017007e-08 0.14616053 0.118497215 2.493604e-07 0.0021360682 0.0029440974 0.00014382567 2.6725587e-07 5.3170203e-05 0.010324403 1.7345542e-08 1.1193273e-06 0.011887735 0.07857807
