2.5681616e-25 0.03410434 0.041791875 0.14801669 0.057205275 0.17516324 0.0846295 0.014382973 0.0008825982 0.01877967 0.2709107 0.02916736 0.008429043 0.12564172 0.056377646 0.009912144 0.0006906915 0.053446837 0.7583673 0.60763764 0.19991437 0.38337186 0.20080121 0.0038199818 0.60829085 0.10223089 0.15271164 0.3356862 0.019695701 0.32234457 0.06240002 0.07769752 0.00019363828 0.18236922 0.0013556359 0.40043986 0.50644374 0.7338449 0.29982916 0.6572457 0.022997323 0.0041805557 0.6237008 0.6652189 0.025857251 0.96381915 0.028210819 0.49700767 0.79243225 0.5940608 0.78319186 0.021028828 0.09805644 0.49903435 0.03130296 0.56264764 0.9152863 0.17394759 0.29827064 0.12505727 0.9909899 1.7990901e-06 0.98037386 0.7668493 0.09589667 0.87068737 2.0086489e-07 2.7534952e-07 0.0022097807 0.95921516 0.003409463 0.23544455 0.862434 0.013085896 0.01639949 0.9870495 0.9906236 0.30042204 0.086737946 0.9859674 0.9977183 0.7483382 0.005777373 0.39795756 0.9996697 0.9992614 0.9268344 0.9990523 0.98143566 0.9700649 0.5593663 0.9523675 0.412517 0.5723277 0.94506055 0.893078 0.9996991 0.8477898 0.98847395 0.75485617 0.38467205
0.03410434 1.8143638e-20 0.929754 0.84673023 0.8401984 0.66801465 0.111090705 0.0950238 0.03920407 0.046445932 0.18259662 0.035108607 0.04120219 0.02721035 0.013362998 0.015223142 0.014615131 0.026559478 0.19943422 0.09575207 0.011046055 0.043991935 0.0011374071 0.0016540821 0.02845901 0.00028231792 0.0034374357 0.00072705897 4.2715925e-05 2.9373821e-05 3.314973e-05 2.1774835e-05 8.358954e-05 3.7703694e-06 0.006732995 4.8808774e-06 1.7525548e-05 0.0005761458 3.1552256e-06 0.014203793 8.144775e-06 9.463597e-06 0.00017929821 0.00012466118 1.2794536e-06 0.07624533 1.9627588e-07 1.7361482e-06 1.5212453e-05 3.0884785e-06 3.5184003e-05 1.8480345e-07 1.5158219e-07 1.1786254e-07 1.0535865e-08 0.0075800167 4.9400493e-05 8.789266e-10 0.0014227726 2.5617393e-09 0.04348185 0.0032520278 0.0044408175 4.0630985e-06 2.5722108e-10 0.00344482 0.0016502768 0.0037592005 0.00013058077 0.001536612 1.7285071e-08 3.300904e-08 3.07128e-07 2.2383513e-09 5.270792e-10 0.001696478 0.00038961042 8.542723e-09 2.6841382e-08 0.000375128 7.934457e-05 4.5278944e-07 1.7436656e-05 4.3672195e-08 0.0054242266 0.00066212326 1.1147594e-06 1.4844908e-06 1.4701169e-07 9.587519e-07 1.7372285e-07 0.001614831 0.00057916966 0.0036665194 0.0014697034 7.515855e-05 1.9159316e-07 0.0041495156 0.00025373948 0.0013150619 0.06438216
0.041791875 0.929754 3.985963e-21 0.8936379 0.7819344 0.4504518 0.130779 0.08720297 0.030322397 0.04949643 0.29346237 0.048811454 0.018527297 0.04456436 0.023476033 0.0269077 0.014372504 0.0137181515 0.2560102 0.1555169 0.026464758 0.041138627 0.002615087 0.0035588932 0.07317579 0.00062097685 0.0025031476 0.0025054358 0.00024066707 7.676711e-05 3.690193e-05 0.00011558536 0.00020078266 7.241419e-06 0.0038064246 8.669242e-06 6.516289e-05 0.0011832075 2.5664062e-06 0.019052029 6.812916e-06 1.4809338e-05 0.0002496763 0.00040418695 3.2742798e-06 0.13647997 4.796739e-07 3.3369683e-06 3.4964974e-05 5.8387377e-06 7.240698e-05 3.203488e-07 2.5637948e-07 1.6345642e-07 3.6568913e-08 0.019985437 0.0002368509 4.847531e-09 0.0015279765 1.3940353e-08 0.053985115 0.0033903536 0.0048979 6.2425056e-06 1.5350563e-09 0.009884962 0.002005471 0.0034031593 8.275976e-05 0.006411056 4.3679858e-08 2.7468843e-08 9.540181e-07 2.3507616e-09 2.2223687e-09 0.00425986 0.0008981834 1.1293162e-08 2.3496602e-08 0.00081214414 0.00020464121 1.0029299e-06 9.969978e-06 1.2212806e-07 0.006533327 0.0009059301 4.5587813e-06 7.067215e-07 5.9628667e-07 3.5768023e-06 1.3307262e-07 0.0028910674 0.0015669303 0.006792776 0.001888387 0.00041525997 1.0191387e-06 0.004728035 0.0004640335 0.0024960274 0.09501388
0.14801669 0.84673023 0.8936379 1.3584922e-19 0.8252003 0.5619532 0.22994916 0.117198154 0.045599896 0.088919185 0.65175176 0.08471829 0.016679704 0.06722171 0.026655158 0.037055954 0.022778425 0.015927242 0.5666762 0.4270293 0.048782945 0.10558682 0.005369396 0.0035857048 0.25394866 0.0008357508 0.005744559 0.012503464 0.00037238805 0.0002516583 1.9778927e-05 0.00014596456 0.00016121466 9.811198e-06 0.0030038 1.26064915e-05 0.00012610346 0.002215028 2.508948e-06 0.032852266 5.0176013e-06 1.3183587e-05 0.00041447382 0.0008176041 2.072192e-06 0.3480564 1.5093376e-07 4.1034923e-06 2.3629893e-05 1.1717789e-05 2.8453693e-05 5.556111e-07 1.3521516e-07 3.8759174e-07 4.7491245e-08 0.040165134 0.0005573492 8.359487e-09 0.003475752 2.3783278e-08 0.12250888 0.005375124 0.010342347 1.7603228e-06 3.747997e-09 0.02258531 0.006092208 0.00594721 5.230221e-05 0.0117679825 2.1951049e-08 3.0223394e-08 1.0348473e-06 5.4433893e-09 3.1283507e-09 0.0070466795 0.0014399325 1.01740145e-08 1.7498566e-08 0.0010992056 0.00019027694 5.6595877e-07 2.4547262e-05 8.085994e-08 0.009048651 0.0013295277 7.104179e-07 2.3049708e-07 6.497443e-07 4.2755437e-06 3.1085298e-07 0.00456713 0.00428085 0.011701206 0.0018171043 0.00020505185 1.5712908e-06 0.0055759368 0.0003765427 0.0025929343 0.23263356
0.057205275 0.8401984 0.7819344 0.8252003 2.4528811e-21 0.18445976 0.80342174 0.5040407 0.14111465 0.56100583 0.75018996 0.58257604 0.006930213 0.44217792 0.32370257 0.21051705 0.04946976 0.0009054524 0.19328651 0.18429805 0.28202978 0.002885725 0.062149096 0.020882137 0.15497042 0.009074585 0.00047762456 0.034813512 0.0019158943 0.001105089 0.0013005084 0.0010162693 0.0017027596 3.684155e-05 0.0043715015 8.883917e-05 0.0002883167 0.009793619 1.819524e-05 0.0017418658 2.9664769e-05 2.8684895e-05 0.0015544762 0.0024017205 1.3793759e-06 0.1213955 5.628235e-07 8.051851e-06 0.00011997618 2.904551e-05 0.00046678178 1.2619688e-07 6.513397e-08 4.0080087e-07 7.0274813e-09 0.045008 0.0011413868 2.8288236e-09 0.00018993627 6.770093e-09 0.011537271 0.0042380258 0.00058994873 8.237451e-06 7.282528e-10 0.019860152 0.0006659832 0.0008398436 1.8601912e-05 0.022148248 1.4344951e-08 8.678398e-08 1.1572886e-06 1.1199973e-09 4.9601845e-10 0.008063086 0.0017154308 9.027665e-09 5.565298e-08 0.0030863078 0.0007994081 7.4297014e-07 1.0581076e-06 2.2658783e-08 0.0049906406 0.00013870138 5.4243123e-06 2.1069009e-06 1.1518338e-06 4.538923e-07 2.8230727e-07 0.00089542824 0.0003686619 0.0019944513 0.0014405829 9.738102e-05 5.085947e-07 0.00153157 0.0001078076 0.00023786299 0.063409686
0.17516324 0.66801465 0.4504518 0.5619532 0.18445976 1.620771e-16 0.0004737797 0.00240524 0.0056777745 0.0012570249 0.008745514 0.00076155795 0.15623964 0.00047350576 0.00022794094 0.00029284248 0.003352079 0.752285 0.56972325 0.2199681 0.0002788147 0.872158 8.655392e-05 8.145665e-05 0.00750329 9.6411795e-06 0.46470866 4.9981856e-05 2.9038807e-05 6.150526e-06 3.548321e-06 3.992969e-05 3.4582346e-05 1.5597142e-06 0.014309325 1.809861e-06 2.499455e-06 6.584154e-05 2.451512e-07 0.298125 7.110757e-06 1.3954207e-05 2.6562913e-05 3.1157895e-05 3.5859111e-06 0.046128824 6.1495325e-07 1.2071207e-06 5.691926e-06 1.5715651e-06 1.2365633e-05 2.3057183e-07 1.0474117e-07 5.7794164e-08 1.3640691e-08 0.0015113392 9.932289e-05 2.1987578e-09 0.12080238 2.8940587e-08 0.13647911 0.00054232654 0.09981109 5.499721e-06 2.6555234e-09 0.0008124505 0.0012118188 0.0015804841 0.010751996 0.0006478943 1.9845622e-07 3.662411e-07 6.8517727e-07 1.18346115e-08 2.2381976e-09 0.0012351619 0.00027997908 7.1695624e-08 7.258974e-08 7.806106e-05 4.827601e-05 1.5167046e-06 0.0046387026 8.775556e-08 0.002452437 0.011629411 9.838416e-06 6.5100057e-06 4.994166e-06 2.980994e-07 0.000640101 0.0032989725 0.0018141451 0.013675146 0.0008016117 2.548214e-05 9.104564e-07 0.006123339 0.0017992583 0.009462407 0.18898664
0.0846295 0.111090705 0.130779 0.22994916 0.80342174 0.0004737797 1.3677317e-20 0.31675333 0.06758866 0.695672 0.7886673 0.82941175 0.000121548306 0.78900385 0.76133436 0.3853718 0.038308404 1.2911369e-05 0.04606848 0.14345677 0.5038701 8.5288775e-05 0.24327171 0.045264404 0.20017438 0.014071219 6.0825387e-05 0.11105052 0.010508006 0.0034683268 0.0021242958 0.0046281195 0.011184344 0.00028476698 0.00018643246 0.00039537658 0.00061013363 0.031093601 6.445743e-05 6.788015e-05 7.306652e-05 0.00014512372 0.0048902617 0.0060183695 1.4522595e-05 0.049642652 1.606543e-06 3.912517e-05 0.00047882195 0.00016147624 0.00061905273 4.512995e-07 3.5320994e-07 6.017055e-07 1.2770009e-08 0.026613122 0.002251308 6.700811e-09 3.9915626e-06 2.4862508e-08 0.0016410956 0.0021237396 4.0811606e-06 3.6417837e-06 4.3184705e-09 0.013736486 0.00018759728 5.4051307e-05 2.9076145e-06 0.02290721 8.281723e-09 2.032173e-07 2.5405666e-06 1.7147213e-09 1.8397257e-09 0.00595897 0.0012370062 1.076886e-08 1.5445433e-08 0.0031888129 0.00070313 4.1352203e-07 2.0935313e-06 3.1068015e-09 0.0015972594 3.4255318e-05 2.9233183e-06 4.1398866e-06 1.1864843e-06 1.0023017e-06 2.3491683e-07 0.00046739253 7.1977855e-05 0.0012060719 0.00074874 7.6310025e-05 7.333535e-07 0.0004577395 8.671626e-05 0.00019281954 0.07403519
0.014382973 0.0950238 0.08720297 0.117198154 0.5040407 0.00240524 0.31675333 3.4552675e-20 0.88655806 0.7708693 0.19357069 0.5155346 0.010498085 0.11082046 0.241737 0.83576363 0.8577264 0.00011315846 0.015120724 0.022051742 0.054065812 3.399571e-05 0.009938937 0.14984511 0.020789554 0.003830941 4.469223e-05 0.021946635 0.0040721684 0.00030397007 0.0009880447 0.00018745654 0.008078322 3.2734693e-05 0.01169715 4.2105243e-05 3.7728532e-05 0.0060564918 8.28217e-06 1.9260111e-05 2.5644918e-05 9.5550145e-05 0.0006643887 0.0007947927 2.1609555e-06 0.011797833 1.7522882e-06 6.2250806e-06 5.5537803e-05 2.9750981e-05 8.209332e-05 4.9755334e-07 3.9411387e-07 6.6666905e-07 9.356795e-08 0.00825051 3.726339e-05 7.155951e-09 4.790108e-06 1.7897685e-08 0.00042803906 0.0033981989 1.3945141e-06 4.7457132e-07 3.7029466e-09 0.0038206722 0.0006588007 0.0006086125 1.524713e-06 0.0042615826 1.4518031e-08 5.1198008e-08 7.13983e-07 9.518628e-10 2.5458162e-09 0.0016018251 0.00017353651 2.9621907e-09 1.8360554e-09 0.00083237584 0.00015137583 1.8737421e-07 2.4474915e-07 2.7195866e-09 0.004320185 8.363683e-05 4.134359e-06 8.7258474e-07 9.786148e-07 1.0275483e-06 1.9289512e-08 6.809067e-05 2.4122864e-06 4.686865e-05 0.00025274593 3.989768e-05 6.1052006e-08 0.00023814874 2.7646203e-05 5.7570523e-05 0.020951435
0.0008825982 0.03920407 0.030322397 0.045599896 0.14111465 0.0056777745 0.06758866 0.88655806 7.9823866e-20 0.17628627 0.048198868 0.06966523 0.034316394 0.02312198 0.037056934 0.3816672 0.9437087 0.0013250721 0.005774437 0.0062346016 0.014654935 0.00016501792 0.0028450135 0.016436707 0.004202619 0.0007820614 0.00013134025 0.008870711 0.00067219464 8.769863e-05 0.00013117863 3.3616256e-05 0.0010955035 1.0508096e-05 0.014061287 1.9090865e-05 2.5952138e-05 0.0024438163 6.902302e-06 7.091764e-05 2.6307458e-05 9.120363e-05 0.0002965132 0.00054622645 3.7419381e-06 0.0038505462 1.5558664e-06 4.4890157e-06 4.4922595e-05 1.0282135e-05 0.00014875334 1.7563117e-06 3.3453132e-06 4.1636513e-06 5.888813e-07 0.0009079289 1.9999234e-05 9.421965e-08 2.7980303e-05 4.2909986e-07 0.001039879 0.0014311958 2.1763999e-05 3.4210216e-06 6.336089e-08 0.00040413265 0.00023315464 0.00042881593 1.1700926e-05 0.0006396722 1.2479468e-07 1.9356758e-06 2.1708622e-06 6.3616035e-08 8.605706e-08 0.0007256224 0.00015196655 1.2972114e-07 4.178341e-08 0.00014575702 3.8926053e-05 5.159171e-07 2.5684753e-06 2.7499246e-08 0.0057145916 0.00019225143 1.0583413e-05 9.633276e-06 5.476232e-06 7.489388e-07 2.7863694e-09 1.4096361e-05 1.2642859e-06 3.946676e-05 0.00027212486 5.29093e-05 3.0670897e-08 0.00025460875 5.1048068e-05 3.6331065e-05 0.016320223
0.01877967 0.046445932 0.04949643 0.088919185 0.56100583 0.0012570249 0.695672 0.7708693 0.17628627 3.2962724e-20 0.36903602 0.9306207 0.00093833404 0.4551914 0.6827332 0.8911364 0.17356038 4.052714e-05 0.009306116 0.025392838 0.14772387 6.414132e-05 0.07994602 0.2292612 0.036293276 0.025702681 0.000111471796 0.03665379 0.021458754 0.004269128 0.011039746 0.00285762 0.010850778 0.0004091199 0.0036402806 0.0008158827 0.0015178059 0.013544258 0.00020475678 4.6623147e-05 0.00032629893 0.0005681655 0.003914439 0.0044119773 1.8774377e-05 0.010143595 5.4193993e-06 5.9818165e-05 0.00061514246 0.00020871004 0.0012549976 1.5209312e-06 4.79498e-06 4.323686e-06 4.426487e-07 0.010725084 0.000444162 2.2494973e-08 2.5550786e-05 1.1046089e-07 0.00032626532 0.0026156507 3.8686926e-06 6.7171172e-06 3.2069217e-08 0.005189141 0.00051210856 0.00026165677 6.1759174e-06 0.008534171 2.0916825e-07 2.6757937e-06 4.098943e-06 9.734088e-09 2.0522577e-08 0.0026373677 0.0005084219 4.5837695e-08 1.3867762e-07 0.0012035035 0.00045223752 1.923644e-06 6.7915045e-07 2.630807e-08 0.003522261 0.00015129802 1.2485993e-05 9.408559e-06 8.2927445e-06 1.3502668e-06 1.5415797e-08 5.2088664e-05 1.2153411e-05 0.00027008005 0.0005550122 0.00016695372 4.796574e-07 0.00045299056 2.294728e-05 5.9850463e-05 0.0114365425
0.2709107 0.18259662 0.29346237 0.65175176 0.75018996 0.008745514 0.7886673 0.19357069 0.048198868 0.36903602 5.720142e-19 0.54033285 0.00011273612 0.74036455 0.45132515 0.17062439 0.034058746 0.00052783126 0.3093956 0.6026745 0.7863861 0.0011635841 0.4905106 0.015869748 0.80776465 0.06703577 0.00064287253 0.64786166 0.007835489 0.17710619 0.004064785 0.05119377 0.0031201653 0.010491114 8.8347944e-05 0.012254178 0.06241581 0.15561414 0.0004473093 0.0011311795 0.0009528521 0.000809014 0.054176014 0.06615573 0.00027818946 0.29498875 0.00014083699 0.0018669374 0.0040959385 0.0027754365 0.0063753733 1.2666711e-05 1.8502215e-05 0.00014509604 5.651357e-07 0.09467877 0.060550824 7.3523483e-06 0.00029512323 7.3333913e-06 0.027584484 0.0026875495 0.0006231624 0.0002878683 6.220633e-07 0.041445557 0.00051619083 0.00069693825 0.00011902242 0.0655592 1.2946853e-07 1.3485695e-06 1.416436e-05 2.0771787e-07 5.5183666e-08 0.032676917 0.023852123 5.5747086e-07 4.1784705e-07 0.023067875 0.011509709 2.4500654e-05 5.1222187e-06 6.048502e-07 0.0119898245 0.0011713024 0.000251557 0.00049550936 0.00019700114 2.1833007e-06 3.7231505e-06 0.0031847404 0.0015732874 0.0051772012 0.0020491434 0.00040532165 0.0001314119 0.003859123 0.00079130946 0.0008762081 0.21994647
0.02916736 0.035108607 0.048811454 0.08471829 0.58257604 0.00076155795 0.82941175 0.5155346 0.06966523 0.9306207 0.54033285 1.873937e-20 0.00020407235 0.68571377 0.8724417 0.72666186 0.055053513 3.312587e-05 0.009724743 0.03138706 0.3088383 0.00010300945 0.2578481 0.24066317 0.056200285 0.09527622 0.00014873619 0.07401662 0.046388254 0.0104087265 0.028587671 0.009361807 0.02446396 0.0017984831 0.0011300867 0.0026799159 0.0040659443 0.021509591 0.001220429 9.371383e-05 0.0013602066 0.0015899297 0.0073597357 0.0055144276 0.00011426196 0.010766799 6.82579e-05 0.00030368927 0.0015447786 0.00076978764 0.0023519013 7.488578e-06 2.3585877e-05 1.9611798e-05 1.5734591e-06 0.014606867 0.0008220775 1.696434e-07 1.5192982e-05 1.0392286e-06 0.00028966935 0.0022798942 4.171612e-06 3.42451e-05 1.7149519e-07 0.006690701 0.00031501087 0.00010407372 2.9627067e-06 0.013049145 5.489573e-07 8.2865945e-06 8.983723e-06 7.141379e-08 8.025915e-08 0.0031696225 0.00071981485 1.4815186e-07 4.6844158e-07 0.002416641 0.0009413452 2.7714768e-06 8.7204893e-07 7.506073e-08 0.0019589749 9.416059e-05 4.442058e-05 1.9531872e-05 2.1216614e-05 2.3845757e-06 1.5347702e-08 6.856107e-05 1.8210534e-05 0.00058326585 0.00076436286 0.00027735686 2.2724332e-06 0.00043731235 4.4165652e-05 0.00013595563 0.010830447
0.008429043 0.04120219 0.018527297 0.016679704 0.006930213 0.15623964 0.000121548306 0.010498085 0.034316394 0.00093833404 0.00011273612 0.00020407235 7.429183e-17 5.303251e-05 3.413925e-05 0.0004605025 0.04195518 0.8937436 0.0070820833 0.00078012096 7.2379706e-05 0.015447168 1.4610432e-05 5.957774e-05 4.8476562e-05 6.6685384e-06 0.028419271 1.3330369e-05 6.125525e-06 3.166901e-06 2.3480766e-06 1.265328e-06 0.0001275162 4.894281e-07 0.858981 3.053491e-07 2.2889533e-07 3.2292457e-06 2.4858656e-07 0.001302728 1.7988431e-06 2.7750896e-06 5.7892936e-07 6.2047894e-07 1.4044948e-06 0.0005403348 3.585181e-07 4.7036536e-08 1.7147393e-07 8.560277e-08 7.7200554e-07 1.796079e-07 1.9277385e-07 4.6439627e-08 1.2663938e-08 1.3711912e-05 2.638814e-07 1.6448786e-09 0.0033668824 9.41447e-09 0.0019075342 0.00032059287 0.0007169398 1.5589782e-06 5.0494753e-10 5.6785993e-06 0.0002062722 0.00083247974 0.0023099466 1.1379163e-06 2.0055202e-08 1.11332925e-08 6.740308e-08 5.101385e-09 3.0101643e-09 1.08425465e-05 2.3586325e-07 4.3149053e-09 1.689871e-08 5.436444e-07 1.8236256e-07 6.105608e-08 0.0072115576 3.4048173e-07 0.0028116177 0.00033856285 8.5944663e-07 2.514245e-07 3.7815883e-07 8.2537804e-07 5.5830483e-06 5.4931006e-06 6.88234e-06 0.0016719066 3.871525e-05 3.367531e-08 8.3706353e-10 0.00025227273 0.00085110875 0.00093010045 0.06971659
0.12564172 0.02721035 0.04456436 0.06722171 0.44217792 0.00047350576 0.78900385 0.11082046 0.02312198 0.4551914 0.74036455 0.68571377 5.303251e-05 5.4952574e-20 0.89826715 0.2932984 0.019300327 2.2900387e-05 0.0133927 0.08492788 0.6809218 0.00011449594 0.6044856 0.100251704 0.18582334 0.24633218 0.00010365235 0.39902413 0.07944728 0.070493385 0.04876564 0.045717593 0.023564965 0.0118251555 0.00035534566 0.01847588 0.03160167 0.11055551 0.0071219215 7.396884e-05 0.0054480727 0.0058478024 0.043074656 0.02268142 0.0013113893 0.029228566 0.00047681943 0.0011690024 0.0033097798 0.0021556802 0.006352486 0.00013446811 0.00015212983 0.00018844541 5.020737e-06 0.035970554 0.009487468 2.9930654e-06 5.5763808e-06 5.658376e-06 0.00067890284 0.0010991783 3.8928265e-06 0.00014054154 7.254839e-07 0.015178811 3.207358e-05 2.5152929e-05 7.169658e-06 0.036804814 7.083632e-07 2.3892024e-05 1.3338595e-05 4.636022e-07 9.935438e-08 0.008935767 0.0028847868 6.372227e-07 7.106929e-07 0.015034901 0.006582431 2.3989058e-05 2.6911564e-06 1.1636039e-07 0.0011755789 9.01305e-05 0.00015200539 0.00044437 4.97718e-05 2.5915745e-06 8.4984697e-07 0.00050372427 8.9506575e-05 0.0013454282 0.0026019423 0.00057708775 4.1375286e-05 0.00051846274 9.126766e-05 0.00038415747 0.018060448
0.056377646 0.013362998 0.023476033 0.026655158 0.32370257 0.00022794094 0.76133436 0.241737 0.037056934 0.6827332 0.45132515 0.8724417 3.413925e-05 0.89826715 5.3044495e-20 0.6013174 0.024970833 3.682364e-05 0.005519736 0.023129871 0.583052 9.634612e-05 0.62532824 0.3635918 0.04548634 0.4598565 0.0001422983 0.14997299 0.28131723 0.042752996 0.21829559 0.04155463 0.08315553 0.013192946 0.00012873886 0.018639838 0.01685836 0.037426267 0.014689126 0.00010020189 0.01581075 0.014970703 0.019069226 0.008416227 0.002140771 0.0041620797 0.0021186408 0.0017109703 0.0035530077 0.001894511 0.0031800605 0.00012479286 0.00017349745 0.00015439058 7.689816e-06 0.010965388 0.0029426957 2.1556616e-06 2.4863519e-05 1.00105e-05 0.00029045966 0.002036196 9.168235e-06 0.00013903658 1.1835166e-06 0.0043075923 2.8787226e-05 1.0411644e-05 3.9008905e-06 0.012908912 3.679197e-07 4.9069415e-05 7.9742684e-05 3.4043077e-07 2.4529103e-07 0.003262028 0.0011485525 2.277017e-06 2.7874366e-06 0.0055046147 0.0023864154 2.0892663e-05 9.567643e-07 2.9289566e-07 0.0017891357 0.00018789108 0.00022884308 0.00019886195 9.046928e-05 7.677373e-06 2.4905463e-08 0.00013306408 7.672117e-06 0.00021236221 0.001442848 0.00026065853 1.6614627e-05 0.00021759715 3.103719e-05 2.0787606e-05 0.003537585
0.009912144 0.015223142 0.0269077 0.037055954 0.21051705 0.00029284248 0.3853718 0.83576363 0.3816672 0.8911364 0.17062439 0.72666186 0.0004605025 0.2932984 0.6013174 1.244926e-19 0.5111012 5.9649596e-05 0.002882646 0.007451559 0.121035956 3.734304e-05 0.089691006 0.7271285 0.008247735 0.059227217 0.00012557577 0.04032676 0.1306629 0.0056249113 0.022313876 0.0025357367 0.21707693 0.00075894815 0.006745299 0.0023772668 0.0026728765 0.018128315 0.0006735618 2.6854763e-05 0.0013302317 0.0025544467 0.0056574675 0.0037002366 4.8747956e-05 0.002044808 5.0456416e-05 0.0002793041 0.00091057585 0.00043108384 0.0009258503 2.5154166e-06 1.2798788e-05 2.2095033e-05 7.4950407e-07 0.0035926225 0.00013509601 1.7240893e-07 2.5040537e-05 9.4801766e-07 0.00010367836 0.0039834385 1.9862143e-06 1.7529912e-05 2.0517832e-07 0.0016939712 0.00045403806 0.00037743253 2.485426e-06 0.004015393 4.423369e-07 1.6417585e-05 1.18813805e-05 1.3169613e-07 1.4173928e-07 0.00093012844 0.00015829367 3.0855185e-07 9.606143e-07 0.0013391224 0.0006637845 1.6078367e-06 3.8486974e-07 6.385735e-08 0.018796602 0.00047592606 2.1578759e-05 4.861842e-05 1.8165541e-05 7.585491e-06 5.53731e-09 8.419385e-06 7.951766e-07 7.197026e-06 0.00043917535 0.00011658516 8.418875e-07 0.00014130583 3.5168453e-06 4.598907e-06 0.0012984066
0.0006906915 0.014615131 0.014372504 0.022778425 0.04946976 0.003352079 0.038308404 0.8577264 0.9437087 0.17356038 0.034058746 0.055053513 0.04195518 0.019300327 0.024970833 0.5111012 1.05238296e-20 0.0015940387 0.0024926958 0.0027768875 0.012558597 0.00016339369 0.002755175 0.079012655 0.0030806926 0.0021356263 6.520859e-05 0.005998767 0.003663902 6.678368e-05 0.00049823284 3.6083453e-05 0.010477872 3.808899e-06 0.040965833 1.26392115e-05 2.1970516e-05 0.0019193608 7.3148603e-06 2.7125132e-05 9.648654e-05 0.00035382074 0.00021295848 0.00024270968 3.7872715e-06 0.002267635 1.5812091e-06 7.107279e-06 7.073203e-05 1.8973884e-05 5.8202175e-05 8.425485e-07 1.2195062e-06 2.655753e-06 2.320664e-07 0.0012269432 1.8743873e-05 7.2736235e-08 2.8775232e-05 7.2576036e-08 0.00027391023 0.0051087206 1.6748627e-05 5.454216e-06 3.0020928e-08 0.00044509018 0.00070948893 0.0014466874 7.709421e-06 0.0008125001 8.173027e-08 4.983578e-07 2.3174828e-06 4.427667e-08 2.930296e-08 0.00047944358 0.00014679643 9.887459e-08 1.2973216e-07 7.753598e-05 7.238599e-05 6.1970957e-07 1.1012132e-06 5.3741292e-08 0.02550271 0.0012688584 8.350408e-06 1.6367372e-05 1.4624184e-06 2.1141366e-06 2.2047124e-09 2.0355394e-06 4.101741e-07 3.412221e-06 0.00026140412 3.6774716e-05 9.718752e-08 7.3935975e-05 7.3872293e-06 5.0516724e-06 0.010936026
0.053446837 0.026559478 0.0137181515 0.015927242 0.0009054524 0.752285 1.2911369e-05 0.00011315846 0.0013250721 4.052714e-05 0.00052783126 3.312587e-05 0.8937436 2.2900387e-05 3.682364e-05 5.9649596e-05 0.0015940387 1.8379416e-15 0.021945596 0.0021524325 2.820492e-05 0.36203 6.6702423e-06 2.1458378e-05 0.0001819034 4.8459156e-06 0.8835304 1.9093652e-05 7.5416847e-06 1.158617e-06 2.6023702e-06 3.0692229e-06 1.52812e-05 1.7487329e-07 0.03714314 4.2399347e-07 3.9773943e-07 2.1815098e-05 3.4028503e-07 0.04204245 1.6289673e-06 5.8244786e-06 2.2397705e-06 6.875688e-06 5.257291e-07 0.00021987192 1.489388e-07 8.3348134e-08 5.807398e-07 2.117045e-07 2.6422576e-06 7.407964e-08 1.4344793e-07 4.8481805e-08 7.2444197e-09 3.3982406e-06 1.2921425e-06 2.7508624e-09 0.22719279 1.6091096e-08 0.0038556338 0.0003544448 0.02810735 1.4570073e-06 2.491847e-09 3.7921723e-06 0.00025834955 0.00080305367 0.018546393 1.5673187e-06 1.1023715e-07 3.938717e-08 1.6571646e-07 7.010305e-09 1.2479373e-09 4.2186e-06 1.3275871e-06 1.954129e-08 1.0822876e-07 7.945025e-06 1.2229472e-05 3.6860617e-06 0.046571497 5.388105e-07 0.0011178233 0.0022910067 7.5972475e-06 3.3244883e-06 6.968914e-06 1.1629965e-06 5.670977e-05 0.00013874505 0.0018323335 0.039730493 2.2778673e-05 2.4149853e-07 9.918715e-07 0.009129727 0.0013546692 0.03805369 0.08974604
0.7583673 0.19943422 0.2560102 0.5666762 0.19328651 0.56972325 0.04606848 0.015120724 0.005774437 0.009306116 0.3093956 0.009724743 0.0070820833 0.0133927 0.005519736 0.002882646 0.0024926958 0.021945596 5.1672666e-18 0.86032575 0.022245646 0.2240281 0.0052705263 0.00064002554 0.32946938 0.0010457427 0.028342385 0.0047797565 0.00040252425 0.0010753443 0.00030960963 0.0011323495 0.00013876025 0.00027304667 0.0017888219 0.00010484017 0.00032686547 0.00064924016 5.410211e-05 0.20008688 0.000115417715 0.00011446853 0.00085282803 0.0005386262 0.00016869456 0.6826275 6.36239e-05 7.325434e-05 8.757719e-05 9.53306e-05 5.4835982e-05 6.324267e-05 1.8299932e-05 1.0579005e-05 1.2404337e-05 0.037310872 0.0008925695 7.960446e-07 0.031203423 1.424755e-06 0.6759772 0.00062483246 0.06748577 1.3144279e-05 1.3985048e-07 0.015085414 0.0005965671 0.001959699 0.00089679303 0.014698108 3.550694e-06 4.5316872e-07 1.121903e-06 5.984338e-07 5.9060454e-07 0.024104036 0.016307684 4.6945562e-08 1.7241616e-07 0.006834711 0.0037466218 1.9915326e-06 0.00026528345 6.0471007e-07 0.092918515 0.035746623 1.0486012e-05 6.28285e-06 1.0486551e-05 3.5213907e-07 0.000433515 0.009715833 0.012584289 0.02581751 0.002395166 0.00089120644 7.465785e-05 0.017818665 0.0031232121 0.011208207 0.15429275
0.60763764 0.09575207 0.1555169 0.4270293 0.18429805 0.2199681 0.14345677 0.022051742 0.0062346016 0.025392838 0.6026745 0.03138706 0.00078012096 0.08492788 0.023129871 0.007451559 0.0027768875 0.0021524325 0.86032575 7.7975046e-20 0.1678175 0.02971311 0.032143585 0.0021104384 0.8710816 0.00510224 0.0018609223 0.087558985 0.00078135537 0.009292577 0.0007905439 0.005539884 0.00025220728 0.0012407461 0.0007325685 0.0006520927 0.00317606 0.01822394 0.00035120628 0.022199094 0.00014569782 0.00012890188 0.00471566 0.0186092 0.00010055149 0.73004514 0.0001110153 0.00012700103 0.00050257647 0.0001553687 0.0022477983 3.4513618e-05 2.2638837e-05 2.8931525e-05 4.77015e-06 0.20230027 0.016126005 7.8532963e-07 0.0046923663 2.8908755e-06 0.29814097 0.0015370658 0.01083723 6.5199136e-05 1.7638659e-07 0.07675428 0.0008634287 0.0029792918 0.000900719 0.06333062 1.5049703e-06 1.1613827e-06 2.7895242e-06 7.1490757e-07 5.936012e-07 0.06274906 0.05493851 5.9533747e-08 3.8133422e-07 0.027664294 0.008506032 1.4760496e-05 0.00018582912 6.576867e-07 0.07684406 0.010158968 9.145788e-05 5.0887662e-05 3.626277e-05 8.441676e-07 0.00030791532 0.007480057 0.008734566 0.013739153 0.0026419125 0.0008092409 0.00014543044 0.012707165 0.0024122694 0.0042846114 0.080191016
0.19991437 0.011046055 0.026464758 0.048782945 0.28202978 0.0002788147 0.5038701 0.054065812 0.014654935 0.14772387 0.7863861 0.3088383 7.2379706e-05 0.6809218 0.583052 0.121035956 0.012558597 2.820492e-05 0.022245646 0.1678175 2.9431632e-19 4.543705e-05 0.85535735 0.059641074 0.39727157 0.5527477 0.00010274044 0.66211545 0.1120974 0.4345417 0.19832166 0.3599247 0.016105417 0.16685756 0.00037100507 0.20215167 0.25054556 0.16991048 0.091595136 4.0154082e-05 0.020730857 0.009277798 0.12112138 0.060223285 0.008418688 0.038697638 0.0056847497 0.009909734 0.018752843 0.011619606 0.01842969 0.0009401483 0.00079174805 0.0009377897 4.0624072e-05 0.041009746 0.06756936 1.2585986e-05 1.1745243e-05 2.2184684e-05 0.002084633 0.0029243655 1.22919355e-05 0.00074519485 1.4422069e-06 0.021549094 7.7699944e-05 0.0001494645 1.3372374e-05 0.06298809 5.78836e-07 1.3710918e-05 0.00015685735 4.957019e-07 1.4585734e-07 0.012431269 0.009772529 4.7210683e-06 8.85064e-07 0.031825054 0.020130308 2.8326573e-05 8.584559e-06 7.5195686e-07 0.0022248481 0.00025385612 0.00045138135 0.0012247652 0.00045686789 5.561744e-06 2.9243138e-06 0.0031094756 0.0004772405 0.0024182363 0.0036709895 0.00065501186 0.00012625243 0.0011241704 0.0002467809 0.0002781295 0.07999765
0.38337186 0.043991935 0.041138627 0.10558682 0.002885725 0.872158 8.5288775e-05 3.399571e-05 0.00016501792 6.414132e-05 0.0011635841 0.00010300945 0.015447168 0.00011449594 9.634612e-05 3.734304e-05 0.00016339369 0.36203 0.2240281 0.02971311 4.543705e-05 1.1811214e-18 3.0110721e-05 3.4817935e-05 0.0007881888 4.7300996e-06 0.85220075 2.660127e-05 2.0582122e-06 3.1452396e-06 1.2066764e-06 9.23099e-06 1.1676224e-05 3.330017e-07 0.001420619 7.3070345e-07 1.3489631e-06 1.1397633e-05 5.244296e-07 0.8458838 5.3137733e-06 6.428378e-06 9.367393e-06 5.2248793e-06 4.088695e-06 0.010973647 6.4263895e-07 6.9955786e-07 1.0810236e-06 7.470712e-07 9.433901e-07 9.981724e-07 1.6101819e-07 1.4453192e-07 4.6829573e-08 9.814487e-05 5.550727e-06 1.576296e-08 0.44641152 7.411129e-08 0.23415355 2.5161567e-05 0.452844 6.264413e-07 9.522901e-09 0.00012468259 7.59857e-05 0.00041312556 0.006816325 7.535247e-05 6.918468e-08 1.0608565e-07 6.7328294e-08 1.7746554e-08 4.076063e-09 0.00029352022 0.00013198916 2.9740525e-08 2.1810154e-08 0.00011800421 2.1349255e-05 4.2788412e-07 0.0008018816 2.509758e-07 0.0062966854 0.033047818 3.8175467e-06 5.703318e-07 1.1959576e-06 2.760047e-07 0.0001744162 0.0015248192 0.0010893418 0.008030736 0.0007431953 5.752519e-05 2.2105478e-06 0.010449425 0.0011130779 0.018259123 0.038623475
0.20080121 0.0011374071 0.002615087 0.005369396 0.062149096 8.655392e-05 0.24327171 0.009938937 0.0028450135 0.07994602 0.4905106 0.2578481 1.4610432e-05 0.6044856 0.62532824 0.089691006 0.002755175 6.6702423e-06 0.0052705263 0.032143585 0.85535735 3.0110721e-05 1.5462642e-20 0.13105601 0.07492906 0.85271347 2.0041027e-05 0.5667886 0.50204545 0.5247776 0.73750657 0.6441204 0.05333662 0.4023071 0.00013334329 0.30501288 0.24944682 0.1297045 0.4928768 1.5511989e-05 0.1596513 0.09340523 0.12867266 0.037345894 0.08883229 0.0049951407 0.0510798 0.024224956 0.030494764 0.028428197 0.022380188 0.010331582 0.0079102395 0.003918972 0.00021923374 0.021042155 0.0424014 0.00026665517 2.7040655e-06 0.00018770699 0.000406049 0.00047993698 1.1084077e-05 0.0013504112 1.0994088e-05 0.008050605 2.8735972e-06 7.653308e-06 1.5280857e-06 0.031931743 4.174143e-06 0.00014874598 0.00043571112 1.4551541e-05 4.018118e-06 0.006636298 0.0051871324 2.675772e-05 1.5937347e-05 0.054240387 0.033287056 0.00028508925 8.289879e-07 2.6485043e-06 0.0012926683 0.00018428965 0.000735644 0.0032254236 0.00063022843 6.3324164e-06 4.6805283e-08 0.00055730453 3.402218e-05 0.0003542649 0.0021008467 0.0008044993 0.000309285 0.0004576947 3.0805528e-05 8.942816e-05 0.0015321228
0.0038199818 0.0016540821 0.0035588932 0.0035857048 0.020882137 8.145665e-05 0.045264404 0.14984511 0.016436707 0.2292612 0.015869748 0.24066317 5.957774e-05 0.100251704 0.3635918 0.7271285 0.079012655 2.1458378e-05 0.00064002554 0.0021104384 0.059641074 3.4817935e-05 0.13105601 1.4316551e-19 0.0022121477 0.20748986 0.00012358317 0.024882888 0.6398371 0.00973656 0.16987172 0.0084965825 0.95020276 0.0028155202 0.0016060331 0.0043355864 0.003728591 0.009534262 0.0058153574 2.9348046e-06 0.01753258 0.08994094 0.004376349 0.0015223607 0.0016567644 3.7264952e-05 0.0020422966 0.0008134071 0.0007086791 0.00042239268 0.00028601053 0.00011011387 0.00016489177 0.00021295378 1.5864465e-05 0.00031609484 3.5402176e-05 8.419458e-06 1.924457e-06 2.4016643e-05 3.7098876e-06 0.0026413093 1.0679881e-06 7.5792714e-06 3.906035e-06 0.00012732325 0.0003436233 0.00012765419 2.297199e-06 0.0003122749 2.3735366e-07 4.757443e-06 3.813955e-06 1.9725176e-06 3.3734273e-07 9.5339245e-05 3.2145206e-05 4.642136e-07 4.921601e-07 0.0010713148 0.00038762653 1.4952208e-06 1.0523976e-06 2.9557583e-08 0.0059388815 0.00034362052 2.4981811e-05 0.0001446924 1.9014824e-05 9.899115e-07 5.5950964e-09 2.0524525e-05 1.2648345e-06 2.7956376e-05 0.0006027097 5.687936e-05 6.1549213e-06 0.00031651475 1.3064235e-05 5.3428725e-05 0.00050776603
0.60829085 0.02845901 0.07317579 0.25394866 0.15497042 0.00750329 0.20017438 0.020789554 0.004202619 0.036293276 0.80776465 0.056200285 4.8476562e-05 0.18582334 0.04548634 0.008247735 0.0030806926 0.0001819034 0.32946938 0.8710816 0.39727157 0.0007881888 0.07492906 0.0022121477 4.9296947e-20 0.008929109 0.0002486334 0.5723348 0.0013816558 0.059315782 0.0014584684 0.017051145 0.00012480927 0.005270677 8.102935e-05 0.005367763 0.036754068 0.34586814 0.00045931982 0.0014905796 0.00026659877 0.00014624296 0.07492783 0.3840583 0.00012749287 0.71832323 0.00016058798 0.0016511325 0.011502264 0.0034583865 0.06693836 3.7821585e-05 0.00010826228 0.00011927014 6.63121e-06 0.47952035 0.17312634 5.249067e-06 0.00062902184 1.3359654e-05 0.07562789 0.00079304667 0.0009942002 0.00055868336 1.2720709e-06 0.18638292 0.0002446788 0.0006305985 0.00016120636 0.1386805 1.5472813e-06 4.9415594e-06 1.1746777e-05 7.730053e-07 1.2296595e-06 0.1045808 0.10616534 2.8895263e-07 2.1679458e-07 0.0663626 0.03417582 8.642537e-06 1.824847e-05 1.0367479e-06 0.06083766 0.0035461665 0.0001504207 0.00038364393 0.0001649303 6.8877006e-07 4.823114e-05 0.0053378413 0.0034974748 0.008328316 0.0014362118 0.0008992183 0.00036930636 0.010011994 0.0015505673 0.0028755812 0.09527558
0.10223089 0.00028231792 0.00062097685 0.0008357508 0.009074585 9.6411795e-06 0.014071219 0.003830941 0.0007820614 0.025702681 0.06703577 0.09527622 6.6685384e-06 0.24633218 0.4598565 0.059227217 0.0021356263 4.8459156e-06 0.0010457427 0.00510224 0.5527477 4.7300996e-06 0.85271347 0.20748986 0.008929109 7.3273694e-20 2.0561612e-05 0.17245756 0.76674014 0.20025213 0.90510327 0.37181428 0.13801594 0.16533658 0.00010151558 0.1399416 0.086101614 0.040465236 0.5280039 1.2304485e-05 0.51596826 0.41172922 0.061339676 0.008432861 0.13032651 0.001191026 0.13750666 0.013839716 0.010487448 0.010101659 0.0057614716 0.007511005 0.003607043 0.0021682594 0.00017575869 0.0047507286 0.005875952 0.00017024479 5.9175436e-06 0.00035559887 9.6784104e-05 0.0004761444 1.7663683e-06 0.0007003994 3.093707e-05 0.0013218562 7.759164e-06 8.621578e-06 1.2469078e-06 0.009393511 3.5821959e-06 0.00079749 0.0002705299 6.10112e-06 6.681311e-07 0.0017859776 0.001609129 1.6512962e-05 1.414472e-05 0.020679813 0.011871998 8.333841e-05 7.724872e-07 4.4216776e-07 0.00094726816 0.00013168741 0.0004996527 0.0013802671 0.00013707617 1.29387e-06 2.2402735e-07 0.00018070654 3.1334046e-06 0.000113323804 0.001635199 0.00055193726 0.00018300935 0.00019206287 2.4401854e-05 6.1221705e-05 0.0007427135
0.15271164 0.0034374357 0.0025031476 0.005744559 0.00047762456 0.46470866 6.0825387e-05 4.469223e-05 0.00013134025 0.000111471796 0.00064287253 0.00014873619 0.028419271 0.00010365235 0.0001422983 0.00012557577 6.520859e-05 0.8835304 0.028342385 0.0018609223 0.00010274044 0.85220075 2.0041027e-05 0.00012358317 0.0002486334 2.0561612e-05 1.5999526e-16 4.9910832e-05 2.7379881e-05 1.44296155e-05 7.727816e-06 8.253907e-05 1.7607199e-05 4.4410685e-06 0.008992741 1.673069e-06 2.1542683e-06 1.3697065e-05 6.213429e-07 0.5572152 9.415237e-06 1.2587415e-05 7.774867e-06 6.571629e-06 2.7447868e-06 0.00048404475 1.6132755e-06 5.316305e-07 1.0853383e-06 4.840357e-07 1.6459561e-06 9.354007e-07 6.2835664e-07 3.9877364e-07 3.997547e-08 1.4871201e-05 3.7647715e-06 1.3908828e-08 0.8568692 4.1749868e-08 0.023183394 0.00020915 0.18697284 2.0988489e-06 6.7539583e-09 4.3992295e-05 0.0005812247 0.0014574868 0.67573553 2.1054095e-05 4.4685258e-08 1.5966119e-08 5.1628626e-07 6.44047e-09 2.2844544e-09 5.3924236e-05 9.987118e-06 9.595741e-09 4.8485596e-08 4.349501e-06 3.9103492e-07 7.1354737e-07 0.016456116 6.963948e-07 0.0008619901 0.098357126 6.919731e-07 2.4880097e-07 1.42061e-06 6.5663608e-06 2.2196748e-05 0.0013424271 0.006857726 0.04791415 0.0007448304 2.3180784e-05 7.0811298e-06 0.020831063 0.0011021799 0.10874622 0.036418233
0.3356862 0.00072705897 0.0025054358 0.012503464 0.034813512 4.9981856e-05 0.11105052 0.021946635 0.008870711 0.03665379 0.64786166 0.07401662 1.3330369e-05 0.39902413 0.14997299 0.04032676 0.005998767 1.9093652e-05 0.0047797565 0.087558985 0.66211545 2.660127e-05 0.5667886 0.024882888 0.5723348 0.17245756 4.9910832e-05 2.8226595e-19 0.031235078 0.80034655 0.049284577 0.49748442 0.0057510054 0.52764946 6.550108e-05 0.6962977 0.72262305 0.57700926 0.22563878 4.3868702e-05 0.02677456 0.009118103 0.4570431 0.3800129 0.016431997 0.03611598 0.015047402 0.07878006 0.14990395 0.07948094 0.16118304 0.002733432 0.003541955 0.007668366 0.0003801101 0.09719914 0.2475321 0.00028175817 2.3837107e-05 0.00022848873 0.0035432337 0.00056995807 2.3386066e-05 0.0151069015 4.0970033e-05 0.035285495 4.80825e-06 2.03889e-05 2.529218e-05 0.118503764 6.3329962e-06 8.7887005e-05 0.00080598996 2.874192e-06 8.9382286e-07 0.029031873 0.049695954 8.427202e-06 4.8520615e-06 0.071676575 0.05400632 0.000106415326 3.0412632e-06 2.42143e-06 0.01212546 0.00046365394 0.0007738939 0.0030417829 0.00045732842 3.1154166e-06 2.5750066e-06 0.0040264884 0.0007589272 0.005614372 0.0017633978 0.00057071866 0.0009462334 0.0036817896 0.00026377913 0.00056714885 0.039640144
0.019695701 4.2715925e-05 0.00024066707 0.00037238805 0.0019158943 2.9038807e-05 0.010508006 0.0040721684 0.00067219464 0.021458754 0.007835489 0.046388254 6.125525e-06 0.07944728 0.28131723 0.1306629 0.003663902 7.5416847e-06 0.00040252425 0.00078135537 0.1120974 2.0582122e-06 0.50204545 0.6398371 0.0013816558 0.76674014 2.7379881e-05 0.031235078 4.2784886e-19 0.025503121 0.8182563 0.081096426 0.81059515 0.016169878 0.00034161922 0.009843081 0.006801283 0.017152475 0.09571781 3.9864876e-06 0.52963185 0.854363 0.010448634 0.0031554818 0.05856308 5.909736e-05 0.08984069 0.0029415577 0.0037496565 0.0040802755 0.001530744 0.0017878726 0.0015064904 0.0007583856 0.00014056405 0.00021327146 0.00025684317 2.8449702e-05 4.77015e-06 0.00013199646 1.2840368e-05 0.003883225 1.5914645e-06 6.04638e-05 1.37766765e-05 0.00012836224 6.999991e-05 1.9699224e-05 1.8301981e-06 0.0007641165 1.9080755e-06 7.292388e-05 2.0099234e-05 2.2236356e-06 6.0148915e-07 8.827721e-05 6.764415e-05 3.3201568e-06 2.9270984e-06 0.0035300546 0.0023229693 3.80435e-06 3.8054696e-07 9.026395e-08 0.010618942 0.0009173968 0.00011399541 0.00022334058 7.498723e-05 3.4531777e-06 2.3182539e-08 1.9982745e-05 9.994163e-07 3.787654e-06 0.0006321933 9.7820994e-05 1.8999668e-05 0.00026185997 6.0230627e-06 7.849331e-06 6.675152e-05
0.32234457 2.9373821e-05 7.676711e-05 0.0002516583 0.001105089 6.150526e-06 0.0034683268 0.00030397007 8.769863e-05 0.004269128 0.17710619 0.0104087265 3.166901e-06 0.070493385 0.042752996 0.0056249113 6.678368e-05 1.158617e-06 0.0010753443 0.009292577 0.4345417 3.1452396e-06 0.5247776 0.00973656 0.059315782 0.20025213 1.44296155e-05 0.80034655 0.025503121 8.1895954e-20 0.11718935 0.7073886 0.0024688423 0.67297804 3.8520797e-05 0.6250282 0.4162744 0.33027607 0.34928483 4.4905487e-06 0.03398753 0.0069408524 0.23314059 0.12385429 0.041851364 0.0041221054 0.0273628 0.09399716 0.14529084 0.09666316 0.08892903 0.013375577 0.021257827 0.029360866 0.0013016611 0.034220632 0.15529259 0.0022933194 1.1115353e-06 0.0015080839 0.0008532664 2.2063849e-05 1.5777626e-06 0.027641987 0.00020583146 0.012240033 6.1280545e-08 8.1235083e-07 1.027936e-05 0.07070179 1.0814241e-05 0.0009388107 0.0022297997 1.1718011e-05 1.5122735e-06 0.006332381 0.013782303 7.36641e-05 2.1135795e-05 0.073225915 0.068155974 0.00047013338 1.92844e-06 6.2505774e-06 0.0035870934 0.00016297663 0.001362059 0.003801567 0.0009399744 2.0134074e-05 2.5192037e-07 0.0029084317 0.00029862768 0.0016091928 0.0046234233 0.0019123905 0.00056238787 0.0012651392 7.925783e-05 0.00031299406 0.005396077
0.06240002 3.314973e-05 3.690193e-05 1.9778927e-05 0.0013005084 3.548321e-06 0.0021242958 0.0009880447 0.00013117863 0.011039746 0.004064785 0.028587671 2.3480766e-06 0.04876564 0.21829559 0.022313876 0.00049823284 2.6023702e-06 0.00030960963 0.0007905439 0.19832166 1.2066764e-06 0.73750657 0.16987172 0.0014584684 0.90510327 7.727816e-06 0.049284577 0.8182563 0.11718935 1.9296137e-19 0.2784165 0.16852646 0.123585634 2.6753487e-05 0.07714403 0.03633126 0.0145548 0.6499124 6.1175565e-06 0.7567952 0.67392325 0.026734194 0.0038387731 0.437071 0.00011614536 0.46254027 0.01421742 0.0056599067 0.006384993 0.0020140768 0.031123566 0.00890396 0.0031530918 0.001113452 0.00070371124 0.0014032483 0.0003320768 4.698852e-06 0.0010013359 7.649462e-06 0.00045261806 5.4428034e-07 0.00060578575 5.792608e-05 0.00039652278 7.919002e-06 5.8201526e-06 5.616385e-07 0.0020850028 1.5591173e-05 0.0005108013 0.00034727648 6.453698e-06 1.5467133e-06 0.0005293325 0.00033883366 1.7970007e-05 1.4854474e-05 0.006482221 0.0050730747 6.998556e-05 2.4823925e-07 1.4180221e-06 0.0012058564 0.0001338449 0.0007450958 0.0010931381 0.00021227554 1.7435948e-06 6.2706706e-09 4.9825892e-05 7.481707e-07 3.206205e-05 0.0012464834 0.00022611942 0.00031735498 7.9641526e-05 8.496619e-06 8.056168e-06 9.602571e-05
