1.3730613e-31 0.91319215 0.9262572 0.9505653 0.8206855 0.9386137 0.9822093 0.8149518 0.99023384 0.75045395 0.97524667 0.98768944 0.5497164 0.98239195 0.78056973 0.8170992 0.8783746 0.82260704 0.75992996 0.7142009 0.99671936 0.54143786 0.9408989 0.2037205 0.94025034 0.8401024 0.9529563 0.30834445 0.75879556 0.5739883 0.5044583 0.4800658 0.51651114 0.9718554 0.59958136 0.8038071 0.9682027 0.26413938 0.28614998 0.13874102 0.23995155 0.1563764 0.5227719 0.09753367 0.41525912 0.19597965 0.33282033 0.42530954 0.15198475 0.2680845 0.1330038 0.98426104 0.039912082 0.02524598 0.032572433 0.9280962 0.026360638 0.080158666 0.027774546 0.04860673 0.10355568 0.9522613 0.0053524226 0.006671697 0.07318543 0.9925196 0.37096572 0.0068636597 0.004192114 0.0197837 0.020989414 0.84144473 0.014185254 0.023794778 0.004802314 0.0047764275 0.0036179675 0.99134564 0.004090608 0.005386781 0.0021439388 0.006745592 0.0011732286 0.0017265986 0.007929023 0.0013990893 0.0010790832 0.004780554 0.0104022175 0.9991037 0.61988735 0.00050403085 0.0002366811 0.99912703 0.99347717 0.000488804 0.83659863 0.0002465673 0.00015536438 0.00023074729 0.00021236323
0.91319215 4.672151e-20 0.03733489 0.8653863 0.8982027 0.001773194 0.12509005 0.061368022 0.28392836 0.0072741136 0.043550737 0.121709645 0.0013151064 0.00024097136 0.03305289 0.023967033 0.004541587 0.04491625 0.00023058582 0.036214143 0.055150576 0.0040449607 0.049023665 0.0022837971 0.009614809 0.15608516 0.0016852645 0.007926524 0.03191326 0.09614104 0.11921405 0.04335013 0.01896203 0.046861652 1.935505e-05 0.0035228475 0.0008969358 0.06781081 0.025002556 0.04827907 0.00765559 2.263601e-05 0.00024349212 0.045478985 7.924854e-05 0.005404979 0.0010378693 3.9829533e-06 0.0020999964 0.000108385626 0.0042265803 0.0002503396 0.006123914 0.020654334 0.016658269 0.00019395673 0.01030272 0.0001674081 0.014067617 0.004275411 1.1261237e-05 9.839894e-05 2.3522218e-05 0.005149913 2.861223e-06 0.0082061 7.501265e-08 0.0028089895 0.003762046 0.0028285934 8.552322e-06 1.9576386e-05 0.00044284132 2.2017493e-06 0.0035804831 0.00088527135 0.009207096 0.0055408007 0.0011362567 6.701629e-05 0.002366205 2.4698747e-07 0.0015998106 0.00060308835 4.748982e-07 0.00057327107 5.599688e-05 2.223413e-06 5.542716e-05 0.011413911 0.0046907486 0.00041552694 0.0008443077 0.008421458 0.00029772028 0.00013721286 1.822458e-06 0.00030536528 0.0004978227 0.00030359463 0.0014929142
0.9262572 0.03733489 2.5065337e-20 0.007699092 0.054517 0.5091644 0.7490208 0.8788543 0.09229118 0.6943186 0.0004930386 0.007713139 0.0039867177 0.001580019 0.30484572 0.18357046 6.8713125e-05 0.1814387 1.5810056e-06 0.0662604 0.24039076 0.09057133 0.0014376136 0.022085022 0.00023389001 0.009715454 7.673457e-06 0.063941754 0.0021131826 0.03346559 0.015383072 0.002998804 0.001072606 0.0024271465 5.934679e-08 2.287798e-06 1.0033892e-06 0.0012838985 0.0013507301 0.003321682 0.023026636 6.7676723e-07 6.7777484e-07 0.0057790643 9.365183e-07 0.026692526 5.805931e-07 2.765791e-07 1.899504e-06 3.16523e-07 7.130005e-05 1.2977868e-07 0.014674458 0.0019487862 0.002624997 1.6816391e-07 0.012727051 9.733523e-07 0.008673703 0.00017417833 6.9654953e-07 9.287628e-08 6.855407e-05 0.000312886 1.4375437e-06 0.009798515 2.6977652e-08 5.9147205e-05 0.0002490967 6.7673376e-05 1.172809e-06 1.6009308e-07 1.8313865e-05 1.6755744e-06 0.0052865217 4.3619028e-05 0.0020418458 0.0001283773 0.0101726875 9.615112e-06 0.0019901497 6.293896e-08 4.0992116e-05 0.0014774516 2.1512493e-07 3.6357196e-05 0.00068522536 9.998034e-07 5.4835364e-05 0.0048976946 0.009562982 0.0014818473 0.00013001153 0.0016187374 1.6319389e-06 2.3894827e-05 2.2822388e-08 0.00082884444 0.00038233053 3.9271894e-05 0.00011252397
0.9505653 0.8653863 0.007699092 2.959407e-20 0.8443733 0.0002748111 0.03957223 0.018078258 0.3969922 0.00252903 0.59378994 0.19299148 0.0008483482 0.00013845807 0.011688886 0.008018614 0.0072096367 0.019310968 0.0010634974 0.01668229 0.030037932 0.0013503565 0.08241333 0.0010227194 0.02258056 0.30584133 0.0027519374 0.004110619 0.063831 0.047757786 0.09000457 0.123246185 0.038512193 0.060335428 9.079652e-05 0.009585833 0.0028933818 0.1185909 0.043336887 0.04946852 0.0029396745 0.0001740895 0.0009978551 0.034170866 0.0010171735 0.0023122332 0.0027356641 7.1410905e-05 0.004870356 0.00045995213 0.014968184 0.0010552484 0.0022917485 0.016221024 0.009253751 0.00093715085 0.0029252106 0.00053038605 0.005262729 0.011529494 4.6228564e-05 0.0005475141 2.3093096e-05 0.01118764 3.3619654e-05 0.004817387 2.5094387e-06 0.00895561 0.009395936 0.014240623 5.1872037e-05 0.00019092186 0.00146558 8.20083e-06 0.0014584956 0.002608555 0.006733653 0.017285323 0.00056778686 0.00018539048 0.0012773372 4.129813e-07 0.0040219943 0.00029336408 1.5138131e-06 0.0016010279 3.8317594e-05 5.3500544e-06 5.9856455e-05 0.012101627 0.0012003845 0.00027020398 0.0006241473 0.013913222 0.0028979713 0.00029514547 0.00022191912 0.00011575271 0.00030593167 0.0007786522 0.0033065365
0.8206855 0.8982027 0.054517 0.8443733 6.0940296e-20 0.006480222 0.11871021 0.13664679 0.22609288 0.017992653 0.04199425 0.103158996 0.0037230977 0.001558423 0.1059302 0.09105481 0.0052397526 0.13607731 0.00037858033 0.0950033 0.046476625 0.013573171 0.10196926 0.0054096254 0.019277213 0.25394195 0.003093418 0.022030339 0.064370446 0.17180221 0.22100401 0.08381811 0.034516264 0.022613019 2.7503143e-05 0.0054693073 0.0011172526 0.11899361 0.041058995 0.097545885 0.020731993 1.7014763e-05 0.00023680169 0.098152414 5.4745433e-05 0.013498834 0.0012050918 9.146804e-06 0.0023224554 0.00014290253 0.006462654 0.00026880068 0.015360782 0.051178187 0.043066587 0.00012424495 0.024820598 0.00017090117 0.034549724 0.008564534 6.9058447e-06 5.104909e-05 0.00014487136 0.010238144 2.1481812e-06 0.006938413 3.1730156e-07 0.0072622434 0.008356001 0.004521183 3.3999454e-06 2.2204518e-05 0.0005161502 1.5305491e-06 0.009808958 0.0011739437 0.02679196 0.0038221865 0.0022525883 1.9674007e-05 0.005356623 2.6797275e-07 0.0019959526 0.0008834428 1.1871368e-07 0.0005538574 3.181694e-05 7.8548095e-07 2.6439327e-05 0.0073131286 0.0025607175 0.00044738632 0.0011063797 0.004515887 0.0002441497 6.618458e-05 4.3812847e-07 0.0002592217 0.00054824614 0.00022895637 0.0035053587
0.9386137 0.001773194 0.5091644 0.0002748111 0.006480222 9.858614e-22 0.839962 0.05530251 0.01679056 0.8752536 1.5877726e-05 0.0013843642 0.43296313 0.17681623 0.03608804 0.05385276 7.770772e-07 0.0317243 5.657973e-09 0.015637074 0.70709276 0.2827595 4.431556e-05 0.52497876 2.1943347e-06 0.0008839485 5.0399524e-07 0.09021553 0.00011263391 0.00954587 0.0020038649 0.00021603171 2.3503539e-05 0.0006448989 1.5809744e-09 4.9265645e-07 4.1646375e-09 5.290425e-05 1.8051096e-05 0.00022864151 0.014867331 3.2479313e-08 9.756416e-08 0.00065680174 6.420064e-08 0.01956055 1.3915019e-07 5.814774e-09 5.7563335e-07 7.076768e-08 1.9105864e-06 7.306166e-10 0.0052657784 9.9489174e-05 0.0001861443 1.3061693e-09 0.0023859977 3.2108406e-07 0.0012152323 1.5459937e-06 5.8367444e-08 9.178994e-10 0.00019628853 1.4634383e-06 5.999815e-08 0.104127206 3.9524473e-10 6.0286175e-07 1.1914245e-06 6.738226e-06 1.3698136e-07 1.8466242e-08 2.7777667e-06 1.771609e-07 0.0006737552 3.425233e-06 2.406394e-05 8.358743e-06 0.002120173 8.035722e-07 0.00010321487 4.928974e-06 1.211137e-06 0.004129822 1.4984197e-08 3.340442e-06 0.0034493203 1.245785e-07 0.0003713624 0.00713325 0.05810266 0.000564389 7.4271056e-06 0.0011070652 8.312472e-09 6.169731e-06 5.715236e-11 0.000162976 1.862298e-05 3.977818e-06 7.868662e-06
0.9822093 0.12509005 0.7490208 0.03957223 0.11871021 0.839962 3.0420598e-20 0.16060828 0.30262578 0.13255753 0.011241194 0.05952476 0.117221735 0.0077119768 0.14441533 0.084927656 0.0043896767 0.07815194 0.00016468055 0.027799072 0.69128203 0.10543506 0.018077206 0.111353815 0.0045115827 0.036815044 0.0008743557 0.045303788 0.010900229 0.030731767 0.020260483 0.009943336 0.0020266864 0.15732954 2.2934264e-05 0.00014284626 0.00055052974 0.0016847999 0.0011979274 0.0031294497 0.0052892147 1.2222337e-05 3.4957706e-05 0.0027427082 2.6411077e-05 0.006872643 3.485112e-05 2.1241121e-06 5.7235608e-05 2.7809887e-05 0.0006047557 0.0014565836 0.001996576 0.001568979 0.001133029 0.00013909744 0.0016884971 3.4647546e-05 0.001904782 0.00048804635 1.2877255e-05 7.0500566e-05 0.00011216099 0.00042606462 3.649777e-06 0.056177184 2.4957151e-08 0.0001434766 0.0005108062 0.0002026504 5.180883e-06 1.0881932e-05 1.9418372e-05 1.0043977e-05 0.0010706172 0.000111840345 0.0005923535 0.027798366 0.0018961658 9.993597e-06 0.00064665754 5.037497e-07 0.00040188138 0.002051808 1.4090246e-07 5.1860265e-05 0.00053633907 1.1269333e-06 0.00012973434 0.13854218 0.017841928 0.00072349474 0.00013880155 0.06675974 0.000101797414 7.795144e-06 1.1456174e-09 0.00039871133 0.00014752595 0.00011346374 0.0017270872
0.8149518 0.061368022 0.8788543 0.018078258 0.13664679 0.05530251 0.16060828 6.8092593e-19 0.0810675 0.34395188 0.0047974093 0.024886038 0.0069567673 0.0057186857 0.81198 0.58624107 0.00038420525 0.58400524 2.415453e-05 0.30709395 0.063030496 0.13720939 0.0024980195 0.016889047 0.00062277 0.027266819 1.986257e-05 0.13437068 0.004492695 0.10095568 0.062211808 0.007491243 0.0018296356 0.0015387018 1.2181648e-06 3.896158e-06 1.178204e-05 0.010834403 0.0042407117 0.027705735 0.057599418 7.111893e-07 1.5227643e-06 0.034579784 1.0377411e-06 0.0632897 4.4657063e-06 5.1898483e-06 1.8026616e-05 1.2997596e-06 0.00091266714 3.934764e-06 0.044945028 0.0218481 0.02408167 7.0059314e-06 0.05683933 3.6443998e-06 0.0501039 0.0019417022 8.158262e-06 8.804863e-06 0.0003945605 0.004249422 3.1218617e-06 0.0098196 1.3206054e-06 0.00096649455 0.0037362135 0.00123665 4.9149244e-06 7.751214e-06 0.0001190616 7.682742e-06 0.02349554 0.000433904 0.010745512 0.00083220674 0.027696395 5.0140257e-05 0.008254931 2.6174287e-06 0.00042674819 0.002157951 2.759561e-06 0.00015102657 0.00032950734 8.610156e-06 6.283578e-05 0.0052794684 0.009604504 0.005164451 0.0012336721 0.0037098404 0.00012465868 6.3957705e-05 1.6802478e-05 0.0030523576 0.0023095238 0.00014467792 0.00060593686
0.99023384 0.28392836 0.09229118 0.3969922 0.22609288 0.01679056 0.30262578 0.0810675 1.0559459e-20 0.008341033 0.51056707 0.73016876 0.0054213936 0.00083574036 0.02645658 0.007838291 0.093138605 0.0150877945 0.023123506 0.0070788283 0.10969314 0.001072092 0.22226478 7.024701e-05 0.19998907 0.13706458 0.08219871 0.0017262818 0.107616596 0.011088318 0.018828617 0.02994164 0.06120805 0.4575014 0.007861012 0.024546454 0.018326135 0.0069028228 0.009276096 0.0029520965 0.0004005615 0.003747955 0.005994755 0.0015879013 0.0040017604 0.00056417775 0.006143539 0.0010476721 0.0048227794 0.0031755953 0.0025425518 0.016078146 0.00030273074 0.0010653129 0.0005135325 0.0028871605 0.00023947468 0.0019610797 0.00061707135 0.0013552649 0.0010639864 0.0011292507 5.633052e-05 0.0013820754 0.00025607419 0.06623189 9.828138e-06 0.0017803768 0.0014786074 0.0015712467 0.0001595603 0.0003180931 0.00081408 0.00021156839 0.0002342188 0.0008837285 0.0014985764 0.13801658 6.437412e-05 0.0002806739 0.0003266511 4.0510173e-07 0.0027610646 0.00019940035 6.866907e-06 0.0012875685 4.5567667e-05 1.7678994e-05 5.9849204e-05 0.2938814 0.0053898613 0.00010515479 0.0006132084 0.21942407 0.0151195135 0.00031545703 3.8569224e-06 0.00014146628 0.0001837875 0.00051036116 0.0023744255
0.75045395 0.0072741136 0.6943186 0.00252903 0.017992653 0.8752536 0.13255753 0.34395188 0.008341033 1.3957856e-16 7.3964686e-05 0.00083906896 0.055541582 0.024929063 0.49280205 0.4665836 1.4579226e-05 0.2702725 2.902942e-07 0.13474983 0.07596896 0.8510483 0.00013983097 0.3521922 2.6822207e-05 0.001670895 3.7357022e-06 0.5696978 0.00044593058 0.035138316 0.017143236 0.00076370966 0.0001260205 5.1218303e-05 6.3745483e-07 1.5371917e-06 3.2053796e-07 0.0016596472 0.00035220425 0.00574124 0.08275127 2.1460055e-07 2.4147191e-06 0.009848161 9.1589055e-07 0.112191804 4.5254965e-06 1.4049649e-06 2.2702594e-05 4.7700682e-06 0.00017778877 1.5309001e-07 0.058155403 0.0039039485 0.0056886435 7.384627e-07 0.044010963 2.8367123e-05 0.021842806 0.000446655 9.126248e-06 1.5555133e-06 0.001760219 0.00062001287 1.4708173e-06 0.013679933 6.4589597e-07 0.00032908746 0.00037636393 0.0006974702 5.7432884e-05 4.0361383e-06 0.00039083735 4.1391704e-05 0.014243014 0.0007798434 0.0030867641 2.0812102e-05 0.044057876 0.0004303215 0.0048257397 6.915041e-05 0.00032077724 0.016638832 1.1642077e-05 0.00039882676 0.013838349 1.826921e-05 0.0006127314 0.0008086515 0.022010455 0.010335712 0.0010374695 0.0004292812 9.942846e-07 0.0004330105 3.9593406e-06 0.0060930066 0.0020766642 0.00038342265 0.00035860346
0.97524667 0.043550737 0.0004930386 0.59378994 0.04199425 1.5877726e-05 0.011241194 0.0047974093 0.51056707 7.3964686e-05 2.6466812e-19 0.5768011 7.988132e-06 2.0516503e-05 0.002126723 0.0009487427 0.07735913 0.0042658704 0.0040630116 0.0020818694 0.005557235 1.2639056e-05 0.82860726 1.0780235e-06 0.6589742 0.22539017 0.20272085 5.810994e-05 0.39751366 0.011833791 0.037358228 0.11151968 0.33040625 0.1194296 0.0033552248 0.18126015 0.0041213254 0.043880995 0.15583806 0.02981763 7.139898e-05 0.0017928977 0.02389765 0.008428758 0.008536258 1.9006864e-05 0.0864467 0.00010530241 0.08914649 0.034382105 0.12904969 0.0018924912 2.0059022e-05 0.0040239724 0.0021883778 0.0005912397 6.274955e-05 0.031458616 0.00073180883 0.075955085 0.005782653 0.00011898497 2.7338929e-06 0.020727878 0.00021672835 0.002867185 1.29119335e-05 0.03968602 0.011295571 0.074706495 0.0052003996 5.6953286e-05 0.05179489 0.00086196663 5.011741e-05 0.03263595 0.0061816373 0.010830643 2.620603e-06 0.007055559 0.00011356854 3.2089655e-08 0.010203682 3.7660825e-06 4.5437205e-06 0.013277109 4.8107614e-07 5.3374815e-06 1.8794019e-06 0.009907585 0.00029912594 3.038457e-06 0.00021120551 0.014519086 0.00095529645 0.0052463547 4.6395427e-05 3.0228266e-06 2.4066027e-05 0.0033511522 0.008876296
0.98768944 0.121709645 0.007713139 0.19299148 0.103158996 0.0013843642 0.05952476 0.024886038 0.73016876 0.00083906896 0.5768011 1.7506896e-21 0.0004355468 0.0005650135 0.0027887663 0.00077417656 0.37246174 0.0031009307 0.11964666 0.0013399726 0.033053033 2.7301532e-05 0.23456557 2.6509958e-06 0.40397814 0.088836946 0.27482486 0.00013224053 0.08001511 0.0019099151 0.005878228 0.021982232 0.069055736 0.5794387 0.04986894 0.07279813 0.07691286 0.003200584 0.011345145 0.001118477 6.556546e-05 0.014717108 0.016382052 0.00068266393 0.018564569 5.0751285e-05 0.017282132 0.002982911 0.013370851 0.008278703 0.0073259547 0.08843018 4.646902e-05 0.0003136936 0.00029258485 0.025691899 2.801221e-05 0.0040967106 8.395344e-05 0.0015215384 0.0033435244 0.008169545 1.7831015e-05 0.00048049685 0.00056804443 0.037273653 0.000112452195 0.0012453079 0.0005867472 0.00255193 0.0006867952 0.0040020184 0.0020631168 0.0005304926 3.718167e-05 0.0019135816 0.00078889006 0.28544655 1.3386601e-05 0.00077293057 4.8907958e-05 4.043859e-08 0.0010722358 9.662931e-06 9.318246e-06 0.001830825 1.0094387e-06 2.1222888e-05 3.4616696e-05 0.3483437 0.00069083506 1.5416483e-05 9.6600605e-05 0.35176262 0.06527987 0.00084883743 0.0005616803 1.3043147e-05 2.2621054e-05 0.00059088034 0.0029674445
0.5497164 0.0013151064 0.0039867177 0.0008483482 0.0037230977 0.43296313 0.117221735 0.0069567673 0.0054213936 0.055541582 7.988132e-06 0.0004355468 3.4846376e-14 0.7414592 0.009838079 0.012534659 2.4331243e-06 0.009702802 6.995736e-08 0.004552115 0.0878935 0.1025643 2.7801825e-05 0.94345963 4.4869744e-06 0.00041986228 8.8815784e-07 0.030709876 7.4735064e-05 0.00265246 0.0011630887 5.501492e-05 2.5649175e-05 0.00031314424 1.1451772e-07 7.107899e-07 2.3809228e-07 0.00013523741 1.6092565e-05 0.00048303485 0.010645639 8.47463e-08 1.498507e-06 0.00058310316 1.2195192e-06 0.012875343 4.7149464e-07 2.2195691e-07 1.6288602e-06 6.7613894e-07 4.7193853e-06 3.6627324e-07 0.0023069018 0.00027159028 0.00033598227 4.616565e-07 0.0008775666 1.40194e-06 0.00043124953 1.0874441e-05 5.2778396e-06 9.095373e-07 0.0883338 4.35411e-05 5.7857227e-07 0.30846542 4.488558e-06 5.929469e-06 4.3859163e-05 4.0404037e-05 7.807103e-07 2.7912859e-06 1.8081886e-05 6.670411e-07 0.0006182699 2.5147845e-05 0.00012262705 4.289607e-05 0.0008403996 2.0076561e-06 0.00029397488 0.026806226 8.138005e-06 0.015487018 9.259011e-06 5.8514954e-05 0.018754855 1.0977388e-05 0.026872851 0.0054575573 0.23662819 0.0007139061 6.6861685e-05 0.0015607388 7.30909e-07 1.1718335e-05 2.694208e-07 0.000290314 4.6346384e-05 2.3700852e-05 2.9615752e-05
0.98239195 0.00024097136 0.001580019 0.00013845807 0.001558423 0.17681623 0.0077119768 0.0057186857 0.00083574036 0.024929063 2.0516503e-05 0.0005650135 0.7414592 2.1895964e-13 0.0055706324 0.0062791696 1.5670289e-06 0.0060650427 7.12061e-08 0.0019315131 0.036601044 0.035800636 4.4751087e-05 0.46476868 1.4325737e-05 0.000232838 1.6482494e-06 0.01657824 1.6615133e-05 0.0006478103 0.00018556222 2.2454542e-05 5.8998835e-06 0.00020507377 1.0771407e-08 3.67289e-07 9.047096e-08 9.468689e-06 2.9374928e-06 2.8311935e-05 0.0020478414 3.965169e-07 1.1972591e-07 9.901344e-05 1.4464224e-07 0.0037721163 4.6127823e-08 4.5626845e-07 1.7060421e-07 7.3262406e-08 1.0590204e-06 2.8624748e-07 0.0005527722 2.1785492e-05 2.6668684e-05 1.1636104e-07 0.00023252357 2.8231668e-07 8.0641585e-05 4.778208e-06 3.8422135e-07 1.43335726e-08 0.02361663 1.3008315e-05 4.2915613e-06 0.40250278 6.6434427e-07 3.8099345e-06 7.75125e-06 4.7819603e-06 5.1303556e-07 4.3756302e-07 7.254622e-06 1.1376928e-06 6.214958e-05 2.4336896e-05 1.7166229e-05 0.00018491903 0.00020396843 1.7535535e-06 2.2893446e-05 0.009066998 1.0117968e-05 0.006302321 3.9490664e-07 8.914491e-06 0.0046821986 1.3296043e-06 0.005390414 0.014177619 0.6362107 0.00017039066 8.07392e-06 0.003466809 1.1057363e-06 2.916863e-06 3.3938437e-09 2.2699931e-05 1.90482e-05 8.768922e-06 5.0327046e-05
0.78056973 0.03305289 0.30484572 0.011688886 0.1059302 0.03608804 0.14441533 0.81198 0.02645658 0.49280205 0.002126723 0.0027887663 0.009838079 0.0055706324 1.4690749e-21 0.8543344 3.6488564e-05 0.7966976 5.5001938e-06 0.5450778 0.035867054 0.18162644 0.00013856968 0.04406723 3.9290102e-05 0.003675971 3.991161e-07 0.22181122 0.00026565816 0.11461237 0.054341618 0.0011534526 4.1814088e-05 1.1555556e-05 5.215604e-08 2.8641361e-08 1.5457526e-07 0.0026426222 0.00037178604 0.017214919 0.09539546 3.6935816e-08 3.2632503e-08 0.03181941 9.5321916e-08 0.12514101 1.00387005e-07 1.1610112e-07 6.057039e-07 3.6538797e-08 7.57234e-05 1.44647965e-08 0.07299649 0.019870592 0.017761914 1.0406254e-07 0.08420605 2.0002454e-07 0.05625563 0.0008472911 3.562234e-07 2.9908037e-07 0.00041451846 0.0029998107 7.8696405e-07 0.0065975417 6.2025144e-08 0.0005898795 0.002125538 0.00018678751 5.2905614e-07 2.0337368e-06 1.4332733e-05 1.4715442e-06 0.024555197 7.5295364e-05 0.013963268 0.000103342514 0.039567817 1.378656e-05 0.011013761 3.7968944e-06 0.00031103846 0.004255822 8.4444383e-07 2.9614283e-05 0.0016237793 5.1192005e-06 3.9421728e-05 0.0010401126 0.010047989 0.0071362066 0.0019960974 0.0011423555 8.487107e-05 1.9054887e-05 2.6202371e-05 0.004009431 0.0028715157 0.00032358774 0.00037005998
0.8170992 0.023967033 0.18357046 0.008018614 0.09105481 0.05385276 0.084927656 0.58624107 0.007838291 0.4665836 0.0009487427 0.00077417656 0.012534659 0.0062791696 0.8543344 1.9127872e-19 5.718298e-06 0.8107556 3.4756724e-07 0.61809134 0.015042036 0.33866775 4.7942827e-05 0.024391746 1.2091585e-05 0.0019792512 2.9956166e-07 0.36184275 0.00013832834 0.16923757 0.07892612 0.00040918315 3.7188267e-05 2.5902352e-06 2.4211595e-08 5.184629e-08 3.4757136e-08 0.0028943545 0.00026814267 0.020846589 0.17341372 2.6501008e-08 1.4396447e-07 0.04361164 1.0398853e-07 0.22683305 2.0069793e-07 2.5449337e-08 1.2189412e-06 1.0449055e-07 0.00011980789 2.393509e-08 0.15919414 0.028382314 0.027972324 4.1978158e-08 0.15702935 6.508284e-07 0.114068285 0.000574634 4.9446584e-07 1.7760038e-07 0.0002360074 0.0016345526 3.654693e-07 0.0055630067 1.08016085e-08 0.0003780251 0.001210718 0.00036234056 9.924136e-07 9.0952165e-07 3.160121e-05 1.6180194e-06 0.05469105 0.00018928114 0.019643053 1.6316253e-05 0.07103201 1.3094484e-05 0.019451693 1.9879578e-06 0.0003615408 0.008628179 5.4975055e-07 5.0194853e-05 0.0033198309 2.8953095e-06 4.9037695e-05 0.0006564448 0.009992415 0.0096633285 0.00218292 0.0008899439 2.1591593e-06 3.960774e-05 2.0395112e-06 0.0066423765 0.003765641 0.0005363687 0.0008076173
0.8783746 0.004541587 6.8713125e-05 0.0072096367 0.0052397526 7.770772e-07 0.0043896767 0.00038420525 0.093138605 1.4579226e-05 0.07735913 0.37246174 2.4331243e-06 1.5670289e-06 3.6488564e-05 5.718298e-06 4.3194164e-21 0.000120575736 0.6186918 2.9046008e-05 0.005725477 2.8225191e-08 0.06761312 2.722702e-08 0.106881894 0.008340946 0.2349661 8.959804e-07 0.015729733 2.6455597e-05 0.000300128 0.0030094485 0.018431978 0.3416 0.15790163 0.07411804 0.17122813 0.00018293294 0.0023650592 3.1334544e-05 1.9590597e-07 0.031556956 0.047401384 9.199512e-06 0.070871055 4.8464494e-07 0.016045427 0.010157791 0.007753159 0.016313298 0.0026518644 0.12874532 5.6520526e-07 2.9754142e-06 1.2644546e-06 0.029024933 3.9002265e-07 0.004537937 1.4566917e-06 0.00015627264 0.010066966 0.0067852684 2.8859958e-07 1.7193293e-05 0.002983002 0.002014771 0.0006223689 4.512475e-05 7.173242e-06 0.0005639803 0.0012353051 0.005282014 0.0012039345 0.0027166863 8.169283e-07 0.0006471995 9.049047e-06 0.17681181 7.669754e-08 0.00091726787 1.3354257e-06 6.7872086e-10 1.9475478e-05 1.7658874e-07 6.0158898e-05 5.2467873e-05 2.7216636e-08 7.903502e-05 1.1449908e-06 0.11766847 5.7553177e-07 1.4200337e-07 5.308118e-07 0.168502 0.028361324 0.00018884985 0.0013145296 6.62583e-08 1.6574222e-07 2.9240642e-05 1.0463406e-05
0.82260704 0.04491625 0.1814387 0.019310968 0.13607731 0.0317243 0.07815194 0.58400524 0.0150877945 0.2702725 0.0042658704 0.0031009307 0.009702802 0.0060650427 0.7966976 0.8107556 0.000120575736 1.1313975e-18 7.227772e-06 0.8862869 0.013308845 0.21294987 0.00037923295 0.025101893 0.00012502956 0.008526247 2.1392004e-06 0.2938716 0.0005907958 0.29977766 0.17051306 0.0012796532 0.0001378712 3.4113607e-05 2.3597823e-07 5.2284156e-07 4.9528563e-07 0.0089966785 0.0004401026 0.040868048 0.2554105 3.7148175e-07 6.646142e-07 0.08914354 6.46225e-07 0.2620538 1.7792953e-06 4.2138856e-07 1.139183e-05 4.9305174e-07 0.00030941484 4.5198004e-07 0.19748428 0.05726774 0.053192068 4.9322296e-07 0.22248562 3.7398654e-06 0.19040684 0.0011325822 2.3844893e-06 1.2891097e-06 0.0002684323 0.0026967418 2.0179486e-06 0.0066205445 1.1283716e-07 0.0005747987 0.0020265377 0.0011964596 3.6557408e-06 4.9539076e-06 0.00014371406 1.0202381e-05 0.08085157 0.00033664203 0.032410853 0.00018399268 0.07064895 3.53147e-05 0.025697177 3.1135123e-06 0.00048502666 0.004710215 2.8683078e-06 0.00015718739 0.0009968088 7.718874e-06 1.9438867e-05 0.001051557 0.008268612 0.011272724 0.0052574743 0.001534581 3.4193992e-05 8.104767e-05 1.1835105e-05 0.0066647273 0.005472816 0.0004090522 0.0022359695
0.75992996 0.00023058582 1.5810056e-06 0.0010634974 0.00037858033 5.657973e-09 0.00016468055 2.415453e-05 0.023123506 2.902942e-07 0.0040630116 0.11964666 6.995736e-08 7.12061e-08 5.5001938e-06 3.4756724e-07 0.6186918 7.227772e-06 3.7299936e-22 4.659374e-06 0.0014455288 8.402251e-08 0.0026519997 4.7422855e-10 0.028669024 0.0002939365 0.17541455 2.3775954e-06 0.0007342013 1.120725e-05 4.192301e-05 8.574279e-05 0.0024344532 0.2427612 0.63221127 0.02827744 0.46790373 3.7260757e-05 0.00011854936 3.0110981e-05 5.1193445e-07 0.16647084 0.041135956 1.3439021e-05 0.10679776 9.359718e-07 0.0037112236 0.028743597 0.002029428 0.005664283 0.0001851221 0.21540298 1.136875e-06 1.5748246e-05 1.3908e-05 0.054745596 1.3076643e-06 0.0015340542 4.3267382e-06 4.286074e-05 0.0065307044 0.02823895 4.8903945e-07 4.698214e-05 0.005818647 0.00010736661 0.0015234943 3.5854653e-05 3.9674578e-05 9.560939e-05 0.0005820892 0.012543766 0.00073709287 0.0028485511 1.5647364e-06 0.0005014959 1.8390892e-05 0.13958685 5.199209e-07 0.0010920055 3.030265e-06 1.0726829e-09 7.291824e-05 9.931455e-07 0.0001502216 1.9056832e-05 9.953742e-08 0.00014028336 3.419438e-07 0.03732932 1.9539955e-07 1.3018001e-06 4.578405e-06 0.07007811 0.0413386 0.00035367042 0.004494353 1.7231695e-06 2.0445239e-06 0.00018538554 4.2028936e-05
0.7142009 0.036214143 0.0662604 0.01668229 0.0950033 0.015637074 0.027799072 0.30709395 0.0070788283 0.13474983 0.0020818694 0.0013399726 0.004552115 0.0019315131 0.5450778 0.61809134 2.9046008e-05 0.8862869 4.659374e-06 3.1114585e-19 0.0067509688 0.15880401 0.0006551027 0.008357687 7.894077e-05 0.018830907 8.535329e-07 0.32256943 0.000844096 0.66568184 0.48827097 0.0026568375 0.00014782861 1.468245e-05 2.7722539e-08 2.1227723e-07 4.6075525e-07 0.03731008 0.0004959384 0.14348465 0.50818753 1.750869e-07 1.0899007e-07 0.30883476 1.2077821e-07 0.40431756 6.113448e-07 1.3434907e-07 2.4186672e-06 1.7085968e-07 0.00022204318 2.9430967e-07 0.36393508 0.16341351 0.14812247 1.09452124e-07 0.38875696 8.491859e-07 0.33813098 0.00090277696 7.6236483e-07 2.496778e-07 0.00027648246 0.003697247 3.876934e-07 0.004928327 1.0822484e-07 0.00079381175 0.00400812 0.00059375726 1.1808706e-06 4.7606903e-07 6.8681155e-05 4.609335e-06 0.10824081 0.0002010233 0.04783683 7.031209e-05 0.08364862 2.6549415e-05 0.039648414 7.13318e-07 0.00074757694 0.0065388805 1.467641e-06 0.00016211999 0.0012663493 4.5998936e-06 1.1558937e-05 0.00042257764 0.006874935 0.013914038 0.009952017 0.0006833902 8.399961e-06 0.000120613 9.662498e-06 0.007658178 0.007957696 0.00056222134 0.004987636
0.99671936 0.055150576 0.24039076 0.030037932 0.046476625 0.70709276 0.69128203 0.063030496 0.10969314 0.07596896 0.005557235 0.033053033 0.0878935 0.036601044 0.035867054 0.015042036 0.005725477 0.013308845 0.0014455288 0.0067509688 4.6822414e-16 0.030806726 0.0063544707 0.02357658 0.0031301598 0.008320139 0.0016648278 0.007833853 0.0025116822 0.0035827942 0.0037201038 0.0025868744 0.0021676878 0.051648553 0.00014419512 0.0007657827 0.0024939466 0.0014200663 0.0008418856 0.0010640746 0.0056235516 0.0001485162 0.0002055778 0.0010531973 0.00028495575 0.0072049866 0.00039303818 1.7113594e-05 0.00041210165 0.00043928047 0.0015910581 0.0039923093 0.006616401 0.0014435974 0.0015873971 0.0019136628 0.0094867265 0.00038345356 0.0070870793 0.0010571808 0.00045339894 0.0008684956 0.00072701287 0.00074669847 3.6342328e-05 0.1668027 4.0862233e-08 0.00092055445 0.00082974444 0.0011046797 0.00013388306 0.00067801966 0.001481008 8.9948284e-05 0.019581303 0.001506234 0.004438958 0.06653417 0.04982984 0.0001862036 0.007655009 0.00016658488 0.00082508766 0.00841577 6.6128047e-07 0.0008080487 0.0065306704 2.5985237e-06 0.006375218 0.26575404 0.033883534 0.012840854 0.000707871 0.15817076 0.0010569858 6.669349e-05 1.2300904e-07 0.005744149 0.0006960665 4.9400252e-05 0.00013167359
0.54143786 0.0040449607 0.09057133 0.0013503565 0.013573171 0.2827595 0.10543506 0.13720939 0.001072092 0.8510483 1.2639056e-05 2.7301532e-05 0.1025643 0.035800636 0.18162644 0.33866775 2.8225191e-08 0.21294987 8.402251e-08 0.15880401 0.030806726 2.6062461e-18 3.3020035e-06 0.5756191 1.5248816e-06 0.00014655443 7.6203364e-08 0.90362346 9.000377e-06 0.0070260614 0.00240696 1.6313936e-05 4.214696e-06 8.5332056e-07 6.0954006e-09 4.6959446e-08 2.476076e-08 7.757608e-05 4.519139e-06 0.00044957892 0.18329772 5.4838463e-08 6.316578e-08 0.0019794127 1.3484737e-07 0.28593487 4.5782645e-08 4.981712e-08 1.42506e-07 3.064657e-08 3.3037263e-06 1.4129186e-07 0.06887133 0.00092831044 0.0011735575 2.3586372e-07 0.028689727 1.6420685e-07 0.0108927265 2.5263133e-05 5.723729e-07 4.4657506e-07 0.0031353927 7.52251e-05 5.063086e-07 0.05588916 4.7483798e-07 1.2335349e-05 5.814958e-05 8.811075e-05 1.2662526e-06 4.7231447e-06 4.585604e-05 3.4450889e-06 0.0073890584 3.112567e-05 0.0009403828 8.230168e-05 0.038626917 1.1762292e-05 0.0013886853 6.5137734e-05 2.6428712e-05 0.026994959 2.1387739e-06 3.0769057e-05 0.02094954 2.0912325e-06 0.007952234 0.00052608893 0.056152932 0.0057698484 6.875174e-05 0.0005732481 1.8281537e-06 2.6366808e-05 5.267237e-05 0.0029065157 0.00033617235 0.00015480253 0.000281766
0.9408989 0.049023665 0.0014376136 0.08241333 0.10196926 4.431556e-05 0.018077206 0.0024980195 0.22226478 0.00013983097 0.82860726 0.23456557 2.7801825e-05 4.4751087e-05 0.00013856968 4.7942827e-05 0.06761312 0.00037923295 0.0026519997 0.0006551027 0.0063544707 3.3020035e-06 5.972872e-22 6.133338e-07 0.15757555 0.33748817 0.029103754 1.8679311e-05 0.83630735 0.0022110846 0.0072631855 0.18854332 0.69350827 0.013134488 0.000119553006 0.119632736 0.0013812585 0.030841216 0.30962947 0.015564566 6.885186e-05 4.0037605e-05 0.0029052007 0.008016071 0.00026860132 3.7872982e-05 0.08639222 5.495883e-06 0.08183251 0.014323799 0.24435732 0.000358387 6.0156548e-05 0.005681054 0.0034219602 0.0004125157 9.12594e-05 0.018309796 0.0012126396 0.10619882 0.0011813331 0.00021568092 2.9478872e-06 0.03623399 1.7216118e-05 0.006665811 1.4530137e-06 0.057201806 0.017338946 0.09383804 0.0025464636 7.317837e-05 0.053482547 8.234495e-05 0.00010720823 0.033553135 0.015827557 0.0026174486 8.918394e-06 0.0054539386 0.0004462873 2.8306724e-07 0.021255415 9.176947e-06 3.779503e-06 0.017864615 1.1027444e-06 6.789488e-06 3.2418617e-07 0.004842486 0.0063826586 2.707001e-05 0.00056989637 0.0071339877 0.00077029614 0.00692911 0.0002198954 1.7573564e-05 3.703251e-05 0.0072001535 0.0042576143
0.2037205 0.0022837971 0.022085022 0.0010227194 0.0054096254 0.52497876 0.111353815 0.016889047 7.024701e-05 0.3521922 1.0780235e-06 2.6509958e-06 0.94345963 0.46476868 0.04406723 0.024391746 2.722702e-08 0.025101893 4.7422855e-10 0.008357687 0.02357658 0.5756191 6.133338e-07 7.9884787e-20 1.7290984e-07 2.3345243e-05 1.0532248e-08 0.32511327 5.8763385e-06 0.005230731 0.0015144991 3.448958e-06 1.1036839e-06 1.3550405e-07 1.9081773e-08 1.3947746e-08 2.4807417e-08 3.6450572e-06 3.2885887e-07 0.00017113636 0.028563198 1.7230825e-08 4.2297253e-07 0.000526655 9.177586e-08 0.19039693 1.1976782e-07 5.0157304e-08 1.3365349e-07 2.9061275e-07 1.832287e-06 1.4767484e-08 0.016627802 0.00021941969 0.00066694163 2.5372e-07 0.0031358025 3.5372608e-07 0.0010260522 6.87376e-06 1.710771e-06 1.4731498e-07 0.62771803 2.7125604e-06 1.5513542e-07 0.09345203 2.2560017e-07 6.222644e-07 1.1537263e-05 3.4787445e-06 4.9406914e-08 2.59044e-06 2.24607e-06 1.371768e-07 0.00076506956 7.420486e-06 8.5403946e-05 7.797742e-07 0.0058565955 8.749279e-07 0.00025916265 0.13254814 6.0134553e-06 0.15790403 3.9044951e-07 7.934824e-06 0.15108496 7.501232e-07 0.59329057 0.00014977757 0.04441035 0.0017730749 1.7654733e-05 3.3932873e-05 1.3796516e-07 1.9320516e-06 4.074083e-08 0.00076482777 4.6399367e-05 1.6756214e-05 3.7644328e-05
0.94025034 0.009614809 0.00023389001 0.02258056 0.019277213 2.1943347e-06 0.0045115827 0.00062277 0.19998907 2.6822207e-05 0.6589742 0.40397814 4.4869744e-06 1.4325737e-05 3.9290102e-05 1.2091585e-05 0.106881894 0.00012502956 0.028669024 7.894077e-05 0.0031301598 1.5248816e-06 0.15757555 1.7290984e-07 1.3862602e-17 0.012666163 0.7934067 1.791595e-05 0.06384238 0.0002250545 0.00096555986 0.006880142 0.16204737 0.092513874 0.012771952 0.75276387 0.01668668 0.0029082901 0.024208432 0.0015743703 1.0441187e-05 0.011673825 0.3509697 0.00079592783 0.10313403 6.3759867e-06 0.31117585 0.0011440568 0.22016227 0.184513 0.080643184 0.0064107105 3.6487385e-05 0.00037803536 0.00031384022 0.006410839 4.1710697e-05 0.09421702 0.000113647184 0.013699307 0.06301561 0.0018798324 1.4809536e-05 0.004203034 0.0017257617 0.0013723465 0.00014425538 0.010694146 0.0013087937 0.05433469 0.03290996 0.00080448826 0.085422546 0.011947609 6.0141232e-05 0.044954743 0.00070361025 0.010859323 7.5486505e-06 0.027620556 8.768583e-05 4.8614197e-07 0.0018292299 7.821176e-06 0.00010939761 0.008688924 1.7597486e-06 0.00014812608 1.1847222e-05 0.0039980984 0.00012852404 1.0458637e-05 6.453702e-05 0.012116767 0.0024596604 0.008076789 0.0009333437 5.4583998e-06 8.037359e-06 0.004005789 0.00033052234
0.8401024 0.15608516 0.009715454 0.30584133 0.25394195 0.0008839485 0.036815044 0.027266819 0.13706458 0.001670895 0.22539017 0.088836946 0.00041986228 0.000232838 0.003675971 0.0019792512 0.008340946 0.008526247 0.0002939365 0.018830907 0.008320139 0.00014655443 0.33748817 2.3345243e-05 0.012666163 1.3274365e-21 0.0011061844 0.0005919531 0.4083181 0.04054225 0.09620659 0.9072767 0.15572074 0.0009771583 5.554323e-06 0.0010885488 0.00018900156 0.45008972 0.46920967 0.15509005 0.0016769813 7.759764e-06 1.541341e-05 0.08767891 1.2230429e-05 0.0009843124 0.0008295953 1.1460703e-06 0.0021560113 3.4946806e-05 0.13192634 1.1638558e-05 0.0014882324 0.059020158 0.026961826 7.433615e-05 0.0022598845 0.00037500405 0.012374593 0.21749252 1.5287818e-05 2.4195082e-05 1.1996811e-05 0.14021342 4.648141e-06 0.011189924 1.2916625e-07 0.110645786 0.08004127 0.06904102 5.4216824e-05 2.6518646e-05 0.0075551257 2.1502044e-06 0.003411276 0.013024839 0.043378662 0.0008371594 0.0003172382 0.00030036856 0.007324627 6.0716945e-07 0.04018014 4.2287695e-05 2.2497702e-06 0.016718779 3.169249e-06 8.759211e-06 6.252926e-08 0.002628781 0.014067603 0.00023763081 0.004848299 0.0030845185 0.00019263886 0.001090848 2.7786797e-05 0.00020331223 0.0010802184 0.0045756493 0.014209368
0.9529563 0.0016852645 7.673457e-06 0.0027519374 0.003093418 5.0399524e-07 0.0008743557 1.986257e-05 0.08219871 3.7357022e-06 0.20272085 0.27482486 8.8815784e-07 1.6482494e-06 3.991161e-07 2.9956166e-07 0.2349661 2.1392004e-06 0.17541455 8.535329e-07 0.0016648278 7.6203364e-08 0.029103754 1.0532248e-08 0.7934067 0.0011061844 2.3636624e-19 8.0937514e-07 0.006565685 1.1854528e-06 9.112603e-06 0.00056388567 0.022724746 0.07994979 0.20075807 0.6750104 0.05125266 7.862604e-05 0.004549787 4.083713e-05 2.6985154e-07 0.104437694 0.5651555 2.1552003e-05 0.47856995 3.7880713e-07 0.20739393 0.0075659333 0.11256535 0.23636775 0.021981392 0.028744517 1.092308e-06 1.9833535e-05 2.3153389e-05 0.01939412 1.4991559e-06 0.08070191 6.1403107e-06 0.0019101813 0.1725963 0.0049642175 2.0328564e-06 0.0004070534 0.02249852 0.0002945763 0.0008718125 0.0010839731 8.373635e-05 0.018819863 0.051092915 0.0032133085 0.035638716 0.059164837 4.4755247e-06 0.01620805 9.308081e-05 0.021647032 9.952153e-07 0.043447204 9.26211e-06 7.7543774e-08 0.0003169391 1.2385796e-06 0.00070800935 0.0028045208 2.6861036e-07 0.000719481 1.0010284e-06 0.0034919926 2.9463488e-05 2.5061427e-06 6.8169256e-06 0.010832512 0.0053081317 0.005772887 0.0055184965 2.584264e-06 2.2550544e-06 0.0014081253 7.415899e-05
0.30834445 0.007926524 0.063941754 0.004110619 0.022030339 0.09021553 0.045303788 0.13437068 0.0017262818 0.5696978 5.810994e-05 0.00013224053 0.030709876 0.01657824 0.22181122 0.36184275 8.959804e-07 0.2938716 2.3775954e-06 0.32256943 0.007833853 0.90362346 1.8679311e-05 0.32511327 1.791595e-05 0.0005919531 8.0937514e-07 6.937708e-19 7.92734e-05 0.03484482 0.012281589 0.00020736175 2.0468837e-05 5.9600097e-06 2.1312536e-07 4.1288996e-07 5.0186713e-07 0.000287629 4.4685963e-05 0.0033359996 0.4523952 3.1439905e-07 1.6367768e-06 0.01060935 1.659682e-06 0.52742064 1.0841353e-06 5.0376696e-07 1.8386377e-06 5.3970956e-07 1.8202809e-05 8.726247e-07 0.23752414 0.004174096 0.0047347154 2.1228504e-06 0.119729854 2.1571548e-06 0.039199345 7.6978606e-05 4.3457776e-06 2.9201778e-06 0.0043750824 0.00043781247 5.451762e-06 0.015498335 8.05734e-07 5.662849e-05 0.00031293553 0.0002455107 4.6154933e-06 2.6214695e-05 0.00010768059 2.338212e-05 0.015131867 0.00019337512 0.0023165185 0.00012158309 0.058945857 4.256688e-05 0.004601184 6.6657565e-05 7.1750175e-05 0.05885104 2.0357102e-06 5.089509e-05 0.022520786 2.7870087e-06 0.003767669 0.00040418893 0.02702763 0.009676152 0.00032699766 0.00034146855 4.4539692e-07 6.1168415e-05 4.0600385e-06 0.004459629 0.001069488 0.00030252206 0.0008668687
0.75879556 0.03191326 0.0021131826 0.063831 0.064370446 0.00011263391 0.010900229 0.004492695 0.107616596 0.00044593058 0.39751366 0.08001511 7.4735064e-05 1.6615133e-05 0.00026565816 0.00013832834 0.015729733 0.0005907958 0.0007342013 0.000844096 0.0025116822 9.000377e-06 0.83630735 5.8763385e-06 0.06384238 0.4083181 0.006565685 7.92734e-05 7.506998e-21 0.0021567072 0.00967976 0.3938724 0.87166816 0.0016668993 5.4686938e-05 0.050705448 0.0006737272 0.044095512 0.61055166 0.022368612 0.00019853526 0.00011039356 0.0011585332 0.013935292 0.0001757493 0.00014885496 0.048900567 3.3186643e-05 0.07142584 0.004634493 0.29003677 0.00013136379 0.0002514045 0.010677372 0.0044139787 0.0004258611 0.00038980498 0.02093295 0.0016585728 0.15426119 0.00043525596 0.00025770848 1.2509736e-05 0.107683465 6.0440507e-05 0.0025833207 3.5696492e-06 0.13417351 0.03811975 0.13380793 0.0019217876 5.4827466e-05 0.073572926 5.6653986e-05 0.0005050403 0.053766984 0.019463763 0.0010094167 4.5200122e-05 0.0057661743 0.0014611665 1.6042328e-06 0.047691997 1.8384439e-05 1.1810401e-05 0.029315673 2.617451e-06 2.2653867e-05 6.5028115e-07 0.0022058086 0.0020384195 0.00010505736 0.002175573 0.0030606356 0.00025343598 0.007760079 9.468915e-06 6.403277e-05 0.00010393346 0.010623125 0.0063898354
0.5739883 0.09614104 0.03346559 0.047757786 0.17180221 0.00954587 0.030731767 0.10095568 0.011088318 0.035138316 0.011833791 0.0019099151 0.00265246 0.0006478103 0.11461237 0.16923757 2.6455597e-05 0.29977766 1.120725e-05 0.66568184 0.0035827942 0.0070260614 0.0022110846 0.005230731 0.0002250545 0.04054225 1.1854528e-06 0.03484482 0.0021567072 1.8331408e-20 0.9112873 0.021777263 0.0007967287 1.3648469e-05 5.23434e-08 5.0969936e-07 6.623812e-07 0.23181023 0.0038809294 0.44654328 0.23053893 3.0083194e-07 1.2877403e-07 0.57464576 5.506998e-07 0.09610852 1.8020985e-06 6.258167e-07 4.232996e-06 3.3257328e-07 0.0008130054 2.8184778e-07 0.10660966 0.27392346 0.2665643 5.949904e-07 0.17168966 1.6717692e-06 0.24580164 0.007315974 1.5515546e-06 2.0330174e-06 0.00019730613 0.018447032 1.0430084e-06 0.013062905 6.423883e-07 0.004639001 0.013873432 0.0015695522 1.9176673e-06 1.2729015e-05 0.00021714212 4.970456e-06 0.031833317 0.00040893405 0.042705428 0.00049985904 0.02342447 3.43458e-05 0.024100408 1.5859692e-06 0.003536035 0.0011650509 4.902215e-06 0.000433323 0.00010199331 1.188104e-05 2.12331e-06 0.0012129195 0.017078932 0.0042852103 0.008647579 0.0016122888 3.560988e-05 0.00016330817 0.000106029365 0.0022082157 0.0056157266 0.00094427494 0.009014409
0.5044583 0.11921405 0.015383072 0.09000457 0.22100401 0.0020038649 0.020260483 0.062211808 0.018828617 0.017143236 0.037358228 0.005878228 0.0011630887 0.00018556222 0.054341618 0.07892612 0.000300128 0.17051306 4.192301e-05 0.48827097 0.0037201038 0.00240696 0.0072631855 0.0015144991 0.00096555986 0.09620659 9.112603e-06 0.012281589 0.00967976 0.9112873 2.6738437e-22 0.06631113 0.0035159285 0.0001234324 6.04346e-08 1.1079751e-06 3.2973242e-06 0.62089914 0.02730408 0.72660077 0.08641551 6.0418034e-07 3.0726747e-07 0.6919478 1.1138858e-06 0.048122313 4.5197726e-06 9.3655757e-07 1.3567927e-05 6.775991e-07 0.003809697 1.4385049e-06 0.0593103 0.35680294 0.32152975 3.2820863e-06 0.11523447 3.534157e-06 0.22659016 0.04204733 2.2753868e-06 4.093076e-06 2.3888426e-05 0.04690607 2.5550944e-06 0.007670041 1.645223e-06 0.022265218 0.04097527 0.0056682983 4.803699e-06 2.2087283e-05 0.0003497426 6.9730427e-06 0.028766453 0.0009917998 0.06590259 0.0009944664 0.011634348 4.3074804e-05 0.023899397 8.701565e-07 0.019031674 0.00018635213 5.6795416e-06 0.0022826255 1.2912464e-05 1.41439505e-05 4.0663724e-07 0.0012820596 0.008924704 0.0024701555 0.008841804 0.001973802 0.000110061475 0.00036701752 7.8571175e-05 0.0010661037 0.004324243 0.0019405832 0.012637971
