3e-45 0.0010233072 0.0051602568 0.0035715941 0.0019088984 0.0034071112 0.0029382913 0.0008993071 0.021031637 0.022451006 0.037577704 0.034669008 0.026414882 0.0030526982 0.018676108 0.0010794156 0.039313767 0.026873115 0.04156662 0.3123145 0.0025608835 0.09023064 0.17456341 0.35956165 0.051361565 0.3196159 0.00010967244 0.008277232 0.008438461 0.47787774 0.007843668 0.5117501 0.50230926 0.0005079736 0.732319 0.6806105 0.57311267 0.0071345186 1.5036829e-05 0.27824256 0.73625743 0.4146637 0.5475043 0.210848 0.75948197 8.565108e-07 0.6186213 0.0012068423 0.91843987 0.013275164 0.4129364 0.87402445 0.0063462076 0.0015023634 0.21355349 0.0041874885 0.52484226 0.43603113 0.7774516 0.07693605 0.75163037 2.7075507e-07 0.0060847667 0.04487659 0.8814453 0.8988496 0.8914194 0.033037383 0.7292414 0.96685266 0.0068190815 0.84854937 0.0109497085 8.959005e-06 0.9596589 0.32746863 0.93616664 0.27713567 0.9692594 0.30070752 3.0774444e-08 0.9394167 0.9657434 0.020807806 0.96676695 0.98184156 0.96949273 0.9745302 0.97460335 0.9879081 0.00014841907 1.4921496e-06 0.97290766 0.9834625 0.8789274 2.3517393e-07 0.6146283 0.06513168 0.98960596 0.16879925 0.0063288854
0.0010233072 3.335132e-25 0.4731362 0.49550572 0.32908615 0.46988514 0.41837606 0.1704556 0.24731062 0.094627164 0.07706632 0.13364673 0.068108216 0.31769544 0.07922125 0.100701995 0.07769954 0.046710934 0.032684647 0.08193085 0.04790061 0.048264243 0.034841172 0.04560056 0.014868656 0.011588862 0.0046913303 0.040075045 0.009255035 0.036867052 0.0007535646 0.036946617 0.004170761 0.007798866 0.016330818 0.005037526 0.0052265422 0.00024901974 0.00010680493 0.0007722092 0.0054727034 0.0015983992 0.0011626766 0.0012321149 0.015669797 0.000716567 0.0008471371 0.00017313268 0.0024815444 0.00025562328 0.0009761007 0.003756799 0.00029784892 0.00018563145 0.00027443658 7.679324e-05 0.0007710907 0.0010135883 0.0006071212 0.00063648995 0.0009095608 0.00026974312 2.1009748e-05 0.00010582067 0.0008566461 0.00079610996 0.0003190322 0.0001248394 0.000575895 0.001534387 0.00010825762 0.0004155523 0.0005084156 6.908595e-05 0.00077051873 0.00059740094 0.0002932553 0.00035959485 0.0017149228 0.00083250477 0.00012858659 0.00023898076 0.001505142 2.3627572e-05 0.0028899675 0.0016048396 0.0011497893 0.001159062 0.0013913889 0.0013657504 2.2079804e-07 6.125867e-07 0.0012361817 0.0006803255 3.616989e-05 3.8302725e-05 1.1116757e-05 5.945939e-05 0.0012111216 2.3414184e-05 5.420375e-05
0.0051602568 0.4731362 2.2254294e-22 0.6142583 0.3318367 0.17665131 0.110953465 0.35092047 0.58645725 0.60843015 0.60498947 0.16616888 0.44621003 0.1496879 0.5590331 0.0680638 0.2322976 0.27850324 0.47462204 0.051728915 0.06512996 0.16504851 0.38817593 0.21592015 0.048470315 0.04063669 0.001176387 0.012394617 0.0016565738 0.05656413 0.00020634243 0.036559172 0.04090158 0.00079365575 0.06698244 0.030949354 0.045010705 0.002255632 4.2381278e-05 0.00055673585 0.025929993 0.014269247 0.01252451 0.0015028901 0.029054938 3.498292e-05 0.0065743504 0.00051582814 0.010696835 0.0019030327 0.0014299877 0.015343608 0.00037006332 0.00012697656 0.0004699771 0.00017657013 0.0075296513 0.0020710137 0.0053796163 0.0036270223 0.0008219901 0.00014383637 3.5267228e-06 1.1585236e-05 0.002009955 0.0016667508 0.0026445999 1.1231537e-05 0.00024363521 0.005648879 0.00062799896 0.0010978845 6.250974e-05 3.568356e-06 0.001526702 0.0017537167 0.0019193856 0.0010138861 0.0022171312 0.0017613366 2.5062205e-05 0.0019116882 0.0055175754 0.0006667998 0.0044340356 0.005541638 0.0045045856 0.0041775145 0.0039325682 0.0015416328 1.991059e-07 3.3771002e-09 0.0037665102 0.0025707276 5.534518e-05 2.1967311e-07 2.8037102e-06 0.00053040654 0.00212017 0.0001760046 0.00017146161
0.0035715941 0.49550572 0.6142583 2.838785e-24 0.15086807 0.73368114 0.33704412 0.07528106 0.55845773 0.2170397 0.110908784 0.48142305 0.069450654 0.17330018 0.08604832 0.031140164 0.32554728 0.0326749 0.056576334 0.21052185 0.027152948 0.16677801 0.07771645 0.04887553 0.011153401 0.010857579 0.0017061107 0.039523795 0.0085800085 0.06903249 0.0022810262 0.059047468 0.008565436 0.004901379 0.033208128 0.008156094 0.009502703 0.0002842197 1.988847e-06 0.0015347537 0.0077264057 0.003086627 0.0022648114 0.0030601658 0.03163845 0.00023000578 0.0014427908 8.4679945e-05 0.0047321734 0.0005712194 0.0020945051 0.009117063 0.00038817216 0.000114438626 0.00075072487 0.00016242795 0.0017318347 0.0034392688 0.0015842703 0.0018223096 0.0016581981 2.249739e-05 5.8530248e-05 0.0002007166 0.0038341482 0.0035044195 0.00088260206 0.00016564294 0.00082871644 0.0044107507 0.00026216105 0.0022900454 0.00023109656 0.00037264667 0.00318648 0.0008688597 0.0011635801 0.00038496646 0.0049882997 0.0008702902 4.8956836e-06 0.0012576327 0.0040737498 5.1608884e-05 0.006217697 0.003042176 0.003498055 0.0030142916 0.0015942446 0.0029467018 1.2995772e-06 5.243956e-07 0.0037270642 0.0016134478 0.0003457466 4.465242e-06 0.00014052987 7.343565e-05 0.002089886 4.305493e-05 6.631562e-05
0.0019088984 0.32908615 0.3318367 0.15086807 1.2711485e-24 0.10554417 0.3028646 0.43586984 0.109531246 0.06755028 0.08023022 0.046748202 0.130068 0.45203176 0.12648281 0.4985464 0.044551197 0.15505639 0.04030508 0.052660137 0.35259324 0.03870336 0.033360556 0.07594365 0.061585136 0.046165198 0.027183568 0.03072869 0.007404772 0.022910869 0.0008538277 0.023459556 0.015861593 0.010351258 0.013808358 0.009477768 0.011005346 0.02145368 0.018680057 0.002657157 0.010931956 0.016398543 0.012924397 0.0041114953 0.012124893 0.003737896 0.011581561 0.008369823 0.007285378 0.0148840705 0.0036041632 0.0053165825 0.00083385 0.00018170972 0.001865061 0.0003514175 0.010762497 0.0036414003 0.003979104 0.0058164857 0.0036078326 0.0081015015 2.9684239e-05 0.0001194558 0.0013873848 0.0012937759 0.0025806476 0.0002609543 0.0016350601 0.0024083767 0.0025090883 0.0025198432 0.0013950416 6.276906e-05 0.0013181965 0.003248454 0.0018744394 0.0027100376 0.0011851365 0.004802044 0.0038157764 0.0034891565 0.0025291808 0.00077747455 0.0011719537 0.006711669 0.0019487918 0.0021898102 0.0037587432 0.0019739647 9.67263e-08 1.1304736e-06 0.0006469385 0.00075932324 4.3750002e-05 4.5398498e-05 1.3712017e-05 0.0004500594 0.0015590028 0.00040955184 0.00033638658
0.0034071112 0.46988514 0.17665131 0.73368114 0.10554417 2.5331063e-24 0.6332134 0.032582708 0.36097968 0.08378898 0.018704632 0.44306672 0.00890422 0.19011874 0.013268526 0.013521776 0.19996819 0.003708984 0.014134608 0.50379705 0.011648047 0.10431071 0.03023728 0.012696034 0.0015075288 0.0025382468 0.0002828747 0.21624675 0.17934221 0.061106637 0.0801019 0.05325912 0.0022615362 0.0060687372 0.012016788 0.0021150727 0.002716671 0.00012689873 3.8972703e-07 0.009169303 0.0029804942 0.0014847443 0.0012339216 0.009340855 0.014348695 0.00010470877 0.0015823677 4.0328847e-05 0.00090177666 0.00017568277 0.004874408 0.002482928 0.008245603 0.0003117307 0.0019131803 0.00040283703 0.0022632168 0.0049770973 0.00050100853 0.00042675898 0.0040201535 1.0642079e-06 0.00018015574 0.0006177421 0.0030273707 0.002836131 0.00026372934 0.00072972017 0.0015650159 0.00180409 2.0392341e-05 0.002491207 0.00057449535 0.0006895832 0.0037396003 8.2595216e-05 0.0001687166 8.5338404e-05 0.0033086138 0.00034002052 9.1097485e-07 0.00023806425 0.0018827982 1.4058918e-05 0.004860053 0.00087373564 0.0010362928 0.0008561046 0.00025672215 0.0031783006 1.316572e-05 2.2810443e-06 0.0029480716 0.00055888237 0.0008538599 3.3936758e-05 0.00015240777 3.066387e-05 0.0015571832 2.2854136e-05 9.067828e-06
0.0029382913 0.41837606 0.110953465 0.33704412 0.3028646 0.6332134 2.9926752e-24 0.08922229 0.17941988 0.06937596 0.04308113 0.15956262 0.043946154 0.433073 0.050097413 0.06835934 0.07897175 0.03621028 0.024687245 0.23706222 0.027713325 0.06509622 0.02271253 0.025960458 0.011638177 0.012798814 0.0076240744 0.3051681 0.12933531 0.03572243 0.047225405 0.043258272 0.002251467 0.013788745 0.007155543 0.0011734255 0.0018042552 0.00096949795 1.6038359e-05 0.01566917 0.0019899239 0.0035465825 0.002033833 0.010257757 0.012516043 0.0032269973 0.003020454 0.00020903873 0.00087068626 0.0007936096 0.0067231515 0.0011480553 0.010181703 0.0043337406 0.003189648 0.0019400087 0.0051724166 0.0041957432 0.0004479193 0.0016354508 0.0028944348 9.314852e-06 0.00046203975 0.0026707705 0.0012998102 0.0012114097 0.00031331778 0.0023442518 0.003510313 0.0008157154 6.434e-05 0.00330741 0.0012252746 0.002403793 0.0013609851 0.00022376656 0.00018980553 0.00028025772 0.0011612682 0.0009122529 3.5219366e-06 0.00025987666 0.0005521487 1.247119e-05 0.0017312196 0.0005138394 0.0003244601 0.00031639947 0.0002218584 0.0016479227 5.5218047e-06 4.0678155e-05 0.000667847 0.00033589112 0.001101344 0.00035449947 0.00025406518 2.2368067e-05 0.00065360975 2.6880849e-05 9.096488e-06
0.0008993071 0.1704556 0.35092047 0.07528106 0.43586984 0.032582708 0.08922229 1.7442286e-23 0.07369416 0.06643569 0.10867544 0.024366282 0.23333815 0.17939217 0.2518694 0.37020433 0.029585142 0.2796323 0.050730996 0.020848619 0.36158738 0.028057368 0.036363833 0.10788241 0.12156945 0.04780055 0.005415352 0.009001128 0.000825717 0.010998101 0.00017382074 0.0068190075 0.019362146 0.003169745 0.010936413 0.009185052 0.013794553 0.03862401 0.008628939 0.0009682262 0.009476643 0.01844844 0.01612076 0.0017679181 0.0045763818 0.00052509573 0.011289169 0.009884358 0.006615515 0.018096188 0.0011402401 0.003738279 0.00029597897 5.736216e-05 0.0008222269 0.00010802755 0.009241377 0.0018424826 0.006220414 0.004115565 0.0008623655 0.009242192 4.907819e-06 1.545732e-05 0.00052452344 0.00041072312 0.0038408327 4.935806e-05 0.0006188196 0.0019128846 0.0040708054 0.00031880045 0.0009487676 5.953999e-06 0.0005484995 0.0027516764 0.0026143715 0.0017458331 0.00076970283 0.0026175524 0.0039740754 0.0037581301 0.0034669477 0.0053659845 0.0013152757 0.006505938 0.0024579747 0.0026132225 0.004584645 0.0009407748 3.4532068e-08 4.07686e-07 0.0009116824 0.00096583716 2.158205e-05 1.2282419e-05 3.853856e-06 0.00074511144 0.00088014506 0.00065323577 0.00087694253
0.021031637 0.24731062 0.58645725 0.55845773 0.109531246 0.36097968 0.17941988 0.07369416 4.3934433e-24 0.6414313 0.30863956 0.6402566 0.1178699 0.09664649 0.15118198 0.033215635 0.5481834 0.036047943 0.24127991 0.42385277 0.0332375 0.3574866 0.32312518 0.12468585 0.013246551 0.022175122 0.00043754766 0.030747557 0.006480055 0.2492517 0.0013452959 0.22794455 0.07071488 0.0007831204 0.19905876 0.08071007 0.09977524 0.0009314959 4.8498828e-06 0.0033554311 0.07744319 0.020529198 0.024476394 0.009317589 0.17117858 1.6977645e-05 0.011536914 0.00011538997 0.033938624 0.0009890737 0.00790553 0.080585554 0.0006515159 4.450772e-05 0.0031283633 0.000119187585 0.0092369355 0.009294381 0.012100249 0.0039927415 0.006329815 3.965621e-06 9.717844e-06 3.991157e-05 0.01895318 0.017310651 0.007223549 3.5925328e-05 0.002135064 0.021084111 0.00031200878 0.0074829776 5.695866e-05 3.808968e-06 0.01157817 0.0015265885 0.0053516133 0.0010990761 0.01669659 0.002316884 1.1744924e-06 0.0040036957 0.01363187 8.2551036e-05 0.017632911 0.007468174 0.011030365 0.010610211 0.0055701174 0.014337431 9.951924e-07 4.3059605e-09 0.011469999 0.009129884 0.0021433306 2.6987019e-08 0.00053333124 0.0001682126 0.0108757345 0.0001027133 8.561948e-05
0.022451006 0.094627164 0.60843015 0.2170397 0.06755028 0.08378898 0.06937596 0.06643569 0.6414313 8.706453e-26 0.55019 0.20359053 0.14280364 0.042541534 0.19234021 0.020401739 0.48633525 0.079775155 0.65395284 0.117379576 0.03638074 0.37770292 0.6642991 0.17793532 0.03046821 0.035642006 0.00019248498 0.0136223445 0.002188688 0.118707135 0.00044518904 0.11899443 0.08243227 0.00013867572 0.15017577 0.06258251 0.104817815 0.0014318574 1.2039694e-06 0.0015087161 0.075595945 0.026797773 0.03424586 0.006613899 0.100230314 4.1399812e-06 0.012675795 6.161044e-05 0.0331067 0.0011487695 0.0043282597 0.06338479 0.00034713856 4.3685548e-05 0.0010817333 0.00011102239 0.011937255 0.0058882353 0.015537752 0.003476239 0.0024010015 1.2434748e-06 1.7363021e-06 1.0086828e-05 0.011382248 0.010112459 0.010565585 1.0483513e-05 0.00042510408 0.022302467 0.0006805753 0.0051885275 3.5757264e-05 5.9166945e-07 0.0072832103 0.0012826185 0.008587147 0.00081855635 0.011162366 0.0013130411 3.988126e-08 0.006834811 0.017895471 0.00029728506 0.013110728 0.010408707 0.0126776565 0.012113434 0.0070304386 0.0057231486 2.6859885e-07 2.361181e-10 0.009143307 0.008687666 0.0003825419 4.3933318e-10 4.2801803e-05 0.00019125626 0.0068253796 0.0001347595 0.00014636575
0.037577704 0.07706632 0.60498947 0.110908784 0.08023022 0.018704632 0.04308113 0.10867544 0.30863956 0.55019 3.1946676e-24 0.07714062 0.3472086 0.039751567 0.49552265 0.03675172 0.14918463 0.22667685 0.7298203 0.034107428 0.07226453 0.13558815 0.46584937 0.36687115 0.08705694 0.101512216 0.00015904968 0.0062157083 0.00044950328 0.08855523 0.00011539713 0.06521497 0.15702417 7.543789e-05 0.16157892 0.11465217 0.18255188 0.00385257 1.2899909e-05 0.00044286053 0.114534914 0.0485399 0.068529174 0.0023393622 0.06697846 3.4742354e-06 0.023211027 0.0003500069 0.061251547 0.0033166807 0.001432388 0.077772625 0.00010416715 2.3204715e-05 0.00030033616 5.037377e-05 0.016296878 0.0025266265 0.024588514 0.008610515 0.0009498513 3.8030754e-05 4.3663803e-07 1.8049778e-06 0.0064655086 0.005250539 0.015414176 3.2123003e-06 9.128151e-05 0.023515165 0.0018534524 0.0015442955 1.4344083e-05 2.1342413e-07 0.0032179973 0.0029920863 0.0115532465 0.002023881 0.0075856647 0.0028067096 6.590002e-07 0.012231888 0.027297555 0.002105511 0.009812784 0.016218845 0.019856475 0.019671518 0.015890634 0.003316162 9.747452e-08 4.0818782e-11 0.008962463 0.012535496 0.000108141954 8.5461893e-10 3.3702684e-06 0.00079218653 0.0057047983 0.0003991485 0.00045555655
0.034669008 0.13364673 0.16616888 0.48142305 0.046748202 0.44306672 0.15956262 0.024366282 0.6402566 0.20359053 0.07714062 3.152911e-24 0.028174276 0.06778717 0.045772552 0.010750064 0.6349746 0.012780921 0.057628967 0.6571212 0.014376713 0.35793236 0.11999727 0.048551217 0.005211851 0.009754623 9.730896e-05 0.059247088 0.020087436 0.2190635 0.0057446854 0.23736991 0.0320519 0.00050393643 0.12668827 0.032254368 0.0426209 0.00037674207 4.1230132e-07 0.0067077107 0.02641087 0.010078108 0.010133574 0.017859275 0.15672828 7.0992787e-06 0.0056045153 6.4242755e-05 0.015555173 0.0003332764 0.0100161005 0.03815427 0.0009535398 8.930764e-05 0.0027920941 0.00013939025 0.004846998 0.019930672 0.0065790825 0.0010197265 0.016713684 5.43956e-07 5.1204042e-05 0.00031740707 0.029624408 0.02835803 0.0041885967 0.00019163128 0.0024305258 0.020334627 7.3109666e-05 0.014563302 9.207766e-05 1.0890259e-05 0.02047489 0.00031025548 0.0028781611 0.000334779 0.020406906 0.0007472768 3.309628e-07 0.0027936094 0.0105984695 3.0015479e-05 0.020121291 0.0055783307 0.00847626 0.0075935405 0.004730427 0.020485999 2.8518714e-06 8.903992e-09 0.013660853 0.008358719 0.0075024744 1.2121625e-07 0.0016390552 3.1881093e-05 0.015689706 1.01494725e-05 2.1500002e-05
0.026414882 0.068108216 0.44621003 0.069450654 0.130068 0.00890422 0.043946154 0.23333815 0.1178699 0.14280364 0.3472086 0.028174276 1.5512962e-22 0.07102652 0.7171418 0.10098607 0.0644703 0.55570865 0.2527256 0.02741914 0.17646378 0.06050401 0.14781925 0.44445658 0.38093403 0.35847726 0.0014765396 0.009268981 0.00067895465 0.07991251 9.6189506e-05 0.05016436 0.16897869 0.0013760638 0.10841156 0.104563154 0.18314488 0.0236499 0.00032566662 0.0005106745 0.09340016 0.09294367 0.11150873 0.0021718685 0.042551484 6.835216e-05 0.05552822 0.0063256184 0.048122156 0.021459056 0.0019601972 0.032724433 0.00018940322 5.983602e-05 0.000775824 6.855034e-05 0.033699162 0.0033225724 0.046741918 0.0152303735 0.0021947944 0.003135747 4.2202946e-06 5.6043223e-06 0.005793793 0.004906558 0.028862454 7.329539e-06 0.00040952762 0.013168585 0.0064562047 0.0020789052 4.6626436e-05 7.656724e-06 0.0030630198 0.009292538 0.020528717 0.0043785297 0.0064008418 0.006666288 0.00065352995 0.027460517 0.02033055 0.011020817 0.008617189 0.018973226 0.017329773 0.017390864 0.020101853 0.002976124 3.216164e-07 2.793139e-08 0.0069815638 0.0077475193 0.00026298742 1.1551433e-07 9.334532e-06 0.0028923538 0.0031167422 0.0017636905 0.0024639652
0.0030526982 0.31769544 0.1496879 0.17330018 0.45203176 0.19011874 0.433073 0.17939217 0.09664649 0.042541534 0.039751567 0.06778717 0.07102652 1.2515337e-21 0.053476963 0.17554949 0.035633463 0.05178243 0.018756231 0.064990185 0.08401945 0.025738057 0.020382175 0.039981775 0.022191264 0.028615396 0.14449444 0.16289222 0.02843831 0.013221997 0.004627248 0.01416688 0.004097392 0.061797272 0.012221539 0.004139076 0.003540219 0.00438396 0.0030322033 0.0028327007 0.005385094 0.007305576 0.006834104 0.00328668 0.006302594 0.015010074 0.0049605616 0.0008662242 0.0027877095 0.0027856152 0.0021906602 0.002537625 0.001578821 0.0011236377 0.0010513419 0.00020454836 0.0061434656 0.0024341783 0.0006922184 0.0018275038 0.0013246381 5.696448e-05 0.00016225735 0.0008612321 0.0016708927 0.0015775076 0.0006059192 0.0006503333 0.0011433178 0.0005139872 0.0003175336 0.0018225051 0.0011819293 0.001989313 0.0006045092 0.0006641698 0.00026665672 0.0008893373 0.00062056305 0.0020059731 9.368108e-06 0.0004417777 0.00014680764 0.00013870587 0.0010838666 0.00092132617 0.00036262683 0.00039476375 0.0010688996 0.001636085 3.8250374e-07 9.218771e-06 0.0020423697 0.001114955 6.875911e-06 0.00017112265 9.67585e-06 0.00048593577 0.004129056 0.00010853374 0.00018058404
0.018676108 0.07922125 0.5590331 0.08604832 0.12648281 0.013268526 0.050097413 0.2518694 0.15118198 0.19234021 0.49552265 0.045772552 0.7171418 0.053476963 1.2683591e-23 0.07370555 0.06600099 0.5985863 0.43696743 0.030028295 0.14204524 0.060696486 0.19175574 0.576887 0.42795554 0.43777812 0.0011341635 0.007449537 0.0009069661 0.08212413 0.00018782193 0.06115194 0.1766324 0.0014396358 0.07459133 0.08942077 0.20207907 0.023938337 0.00015090161 0.0008657786 0.116171464 0.10196394 0.1100974 0.0034816773 0.041468784 9.518589e-05 0.04937566 0.0026771172 0.04498406 0.018669978 0.002860929 0.033872224 0.0002822646 5.2897747e-05 0.0013348649 6.3001455e-05 0.026920928 0.0036751016 0.037923373 0.01050748 0.0020515397 0.0024514033 4.6899477e-06 7.801273e-06 0.0072525432 0.0061275996 0.023970827 1.31321885e-05 0.00088103657 0.015187645 0.0045241634 0.0027255148 0.00016377919 1.5959293e-05 0.0038673943 0.004960848 0.01801335 0.00252578 0.008498621 0.004262455 0.00023415516 0.02195433 0.019653557 0.008480372 0.009918777 0.020274566 0.018377008 0.018164894 0.01833071 0.0033518907 6.836147e-07 2.4730882e-08 0.007677121 0.0067298263 0.0002095991 3.2524014e-08 1.0712815e-05 0.0024314753 0.0032864574 0.0015411611 0.0017554101
0.0010794156 0.100701995 0.0680638 0.031140164 0.4985464 0.013521776 0.06835934 0.37020433 0.033215635 0.020401739 0.03675172 0.010750064 0.10098607 0.17554949 0.07370555 1.6334414e-21 0.00913598 0.17618805 0.020655321 0.0058245235 0.51192373 0.011437285 0.0078089354 0.06864599 0.07126387 0.04496307 0.008544048 0.005633079 0.00049526535 0.007550113 0.0001737349 0.007186389 0.010821192 0.0011391026 0.009028015 0.008993427 0.009542849 0.056974433 0.03271713 0.0016195249 0.010470794 0.016266808 0.011209143 0.003737698 0.006033803 0.0007293842 0.009661107 0.0196648 0.0074817077 0.019703327 0.0017848768 0.004379405 6.721036e-05 3.837923e-06 0.00052770146 7.937315e-06 0.00870722 0.00281101 0.0061211283 0.0059792246 0.0020552105 0.029388107 6.540536e-06 9.686575e-05 0.0021418799 0.0022944952 0.0048568333 5.5110595e-05 9.742922e-05 0.0010992738 0.0045394436 0.0014214944 0.00026347893 6.2927083e-06 0.0006961893 0.003428405 0.0033544009 0.0038248992 0.0006555139 0.005126984 0.018137343 0.0030301553 0.0013184034 0.0041563204 0.00032766166 0.004197354 0.0016627618 0.0017196436 0.004846078 0.0012470131 1.5206488e-09 2.278191e-07 0.0001700384 0.0008032884 2.9060704e-06 1.2474686e-05 3.7493592e-07 0.0014556671 0.0004779164 0.00070708524 0.0013841139
0.039313767 0.07769954 0.2322976 0.32554728 0.044551197 0.19996819 0.07897175 0.029585142 0.5481834 0.48633525 0.14918463 0.6349746 0.0644703 0.035633463 0.06600099 0.00913598 2.4434332e-26 0.028916104 0.174469 0.43777272 0.02133606 0.77081835 0.46171287 0.096213 0.012893945 0.016175646 6.213767e-05 0.03594337 0.00813785 0.20664492 0.0023591649 0.20884432 0.035727713 0.00027133088 0.16555934 0.04003673 0.046898462 0.0005739614 1.16909426e-07 0.0043753185 0.048135046 0.013172642 0.0196582 0.009268942 0.14651583 3.1947545e-06 0.00614479 5.7103665e-05 0.02477146 0.00043101312 0.0070408187 0.06341406 0.00060143985 5.9041085e-05 0.001595912 0.00016103456 0.005158035 0.011515495 0.0079199355 0.0010574395 0.006443582 3.15084e-07 1.980813e-05 0.000118587464 0.022379873 0.020183777 0.0063902196 6.22176e-05 0.0011867419 0.031342555 0.00017131337 0.013489587 7.374951e-05 2.1152337e-06 0.013363999 0.0003188445 0.0053467415 0.00028443072 0.023289125 0.0005551387 2.555991e-08 0.0033398562 0.018738564 3.6956655e-05 0.027340088 0.0073168534 0.014547145 0.012188745 0.0058222804 0.018758632 9.956663e-07 4.1495704e-10 0.020550063 0.012421368 0.0037765505 1.1757748e-09 0.00046737955 3.2583575e-05 0.019639326 1.4986022e-05 3.0639956e-05
0.026873115 0.046710934 0.27850324 0.0326749 0.15505639 0.003708984 0.03621028 0.2796323 0.036047943 0.079775155 0.22667685 0.012780921 0.55570865 0.05178243 0.5985863 0.17618805 0.028916104 1.1718883e-20 0.15491997 0.0189632 0.4384283 0.039714463 0.09455551 0.44651634 0.5684989 0.5190179 0.0012472712 0.010238129 0.00045096423 0.03676526 0.00016917645 0.01713646 0.18095091 0.00090422103 0.05921663 0.0767733 0.1678737 0.12651561 0.00017027046 0.0007849029 0.051596813 0.18485297 0.1532063 0.0021491405 0.019058537 1.5580441e-05 0.1275638 0.028748913 0.03786656 0.12722321 0.0025993506 0.017055405 0.00014723823 5.5400476e-05 0.00077566423 0.00013034523 0.09997141 0.0023276685 0.06656525 0.049532868 0.0017197165 0.0055810446 1.9132797e-06 5.4185366e-06 0.0031121355 0.002610811 0.03286549 7.827534e-06 0.000461953 0.010083439 0.019383656 0.0013021795 7.478976e-05 5.1429874e-06 0.0021519174 0.02310705 0.024209162 0.013482887 0.003878351 0.015114114 0.0011317794 0.03529501 0.019205235 0.028534304 0.0060091647 0.028030757 0.017657487 0.018066976 0.03271851 0.0023014082 1.3348802e-07 6.2304224e-09 0.0054656286 0.008877811 7.757533e-05 8.712846e-08 1.7933771e-06 0.010154731 0.004418999 0.005129522 0.0064806635
0.04156662 0.032684647 0.47462204 0.056576334 0.04030508 0.014134608 0.024687245 0.050730996 0.24127991 0.65395284 0.7298203 0.057628967 0.2527256 0.018756231 0.43696743 0.020655321 0.174469 0.15491997 3.0065535e-25 0.03423853 0.039695706 0.21722358 0.7093109 0.4964433 0.07852646 0.11454048 3.2136562e-05 0.0039804494 0.0003603247 0.05643173 0.000137824 0.050657842 0.076322116 4.4373457e-05 0.11134582 0.07068646 0.09767411 0.0031469935 3.3686052e-07 0.00043469178 0.078568146 0.029016696 0.044160437 0.002420397 0.044076245 5.6710417e-07 0.013329506 7.871615e-05 0.042775646 0.0021947715 0.001429458 0.054394685 8.540476e-05 7.165564e-06 0.00021625432 1.8558676e-05 0.009720982 0.0021702743 0.018182026 0.0049362485 0.00075677806 2.0546254e-06 3.0405076e-07 7.948908e-07 0.0069533275 0.005658379 0.01383261 1.8440549e-06 7.836972e-05 0.025111383 0.0009803935 0.0022772853 1.8140629e-05 1.6652237e-07 0.0032889831 0.0014173088 0.011017764 0.00091016 0.006614559 0.00149852 4.341548e-08 0.011245157 0.030219853 0.0010515138 0.00936781 0.015981905 0.021522935 0.022140007 0.015780238 0.002904199 5.8191926e-08 1.8442735e-11 0.008275049 0.013361711 4.210733e-05 2.7623584e-11 1.7796264e-06 0.00019769621 0.0065291193 0.000108470726 0.00016118745
0.3123145 0.08193085 0.051728915 0.21052185 0.052660137 0.50379705 0.23706222 0.020848619 0.42385277 0.117379576 0.034107428 0.6571212 0.02741914 0.064990185 0.030028295 0.0058245235 0.43777272 0.0189632 0.03423853 4.588373e-22 0.015881633 0.33499628 0.0945657 0.08780229 0.0046079713 0.018170869 0.00016499306 0.16869406 0.09452612 0.5841734 0.07075658 0.57413936 0.06846313 0.0021123523 0.3538079 0.07200121 0.0886182 0.0005035175 1.4856761e-06 0.19755933 0.051783543 0.01327712 0.017047103 0.16788845 0.46804532 8.323524e-05 0.005109568 9.652887e-05 0.02282234 0.00022709061 0.18572614 0.08866149 0.011393265 0.0010103051 0.03669331 0.0009397786 0.0035688162 0.223305 0.006658219 0.00017439027 0.23701456 5.19123e-06 0.0050631687 0.013592303 0.17732254 0.18483447 0.005244151 0.010329706 0.04023525 0.05543504 4.038943e-05 0.24356653 0.0029417234 0.000119531804 0.24577177 0.00014014188 0.005835146 0.0001984851 0.16328964 0.0005322406 7.746761e-07 0.006513975 0.017172746 1.2963756e-05 0.0865432 0.007463379 0.012266647 0.0107702445 0.010829084 0.18424359 0.00016726814 8.2113297e-07 0.05158649 0.018980877 0.19644584 1.6515924e-05 0.05884773 1.089936e-05 0.12290682 5.469708e-06 8.070402e-06
0.0025608835 0.04790061 0.06512996 0.027152948 0.35259324 0.011648047 0.027713325 0.36158738 0.0332375 0.03638074 0.07226453 0.014376713 0.17646378 0.08401945 0.14204524 0.51192373 0.02133606 0.4384283 0.039695706 0.015881633 8.7420195e-21 0.026973259 0.02329096 0.181269 0.37631828 0.19179592 0.0024874725 0.008785518 0.00014607681 0.012122886 2.5285019e-05 0.010293866 0.040364742 0.0011391211 0.016021827 0.014699383 0.029019777 0.4309835 0.01900319 0.0007094084 0.017498812 0.06312481 0.040769666 0.0037185056 0.012169609 4.4434433e-05 0.043475464 0.2141794 0.013428786 0.21269262 0.0027998562 0.006704807 3.9110248e-05 5.5597548e-06 0.0004804256 9.574019e-06 0.052878067 0.0044619306 0.016403925 0.02934428 0.0016826186 0.030660806 1.7108689e-06 8.614e-06 0.0012804997 0.0012912329 0.011343918 2.2569144e-05 0.00016691742 0.0030257646 0.058822136 0.001953247 0.00013877549 3.139001e-06 0.0010588381 0.016822528 0.008756805 0.008429075 0.00070483657 0.009271911 0.026023936 0.011031753 0.0040449025 0.03392441 0.0002487015 0.01178801 0.0034411158 0.003996831 0.008869269 0.0004549422 1.7961523e-09 8.472832e-09 0.00023467312 0.0015804109 5.4927286e-06 3.1880268e-07 4.911305e-07 0.0069532613 0.0008518302 0.0044145384 0.0072449534
0.09023064 0.048264243 0.16504851 0.16677801 0.03870336 0.10431071 0.06509622 0.028057368 0.3574866 0.37770292 0.13558815 0.35793236 0.06050401 0.025738057 0.060696486 0.011437285 0.77081835 0.039714463 0.21722358 0.33499628 0.026973259 2.4548489e-27 0.6369837 0.10537535 0.019729843 0.018702343 5.5645316e-05 0.023067247 0.00512376 0.29127663 0.0014032783 0.29924536 0.061069906 0.0003489896 0.2767568 0.08341276 0.099055886 0.0013577404 3.2578353e-07 0.0064917426 0.12595165 0.020299528 0.029444901 0.012381557 0.24352494 1.8991798e-06 0.011097862 7.253504e-05 0.055233393 0.0010909833 0.009817394 0.13808277 0.00036381045 2.9474337e-05 0.0022990732 6.823179e-05 0.008492836 0.0138565 0.0120386565 0.0013525767 0.006766564 7.314773e-07 1.247484e-05 0.00011849136 0.038316406 0.03347219 0.01055934 7.2818104e-05 0.0016552665 0.082933396 0.00036609045 0.018973507 0.00011313958 1.4148342e-06 0.018826231 0.00053756114 0.008609455 0.00042146 0.04263589 0.00079043 4.4942027e-08 0.0064527364 0.049869034 5.632021e-05 0.073026724 0.010269758 0.04455083 0.041709486 0.01065413 0.0342867 1.1080691e-06 2.2625461e-10 0.06935711 0.04135246 0.0084157465 1.5791782e-09 0.00072592346 2.2631322e-05 0.05990473 1.2976595e-05 3.884988e-05
0.17456341 0.034841172 0.38817593 0.07771645 0.033360556 0.03023728 0.02271253 0.036363833 0.32312518 0.6642991 0.46584937 0.11999727 0.14781925 0.020382175 0.19175574 0.0078089354 0.46171287 0.09455551 0.7093109 0.0945657 0.02329096 0.6369837 1.5084835e-25 0.26442456 0.04420297 0.04368313 3.837951e-05 0.0039621154 0.00037839732 0.15176925 0.00011949521 0.10843017 0.107001945 4.0316503e-05 0.3276652 0.15916502 0.15612005 0.0020003135 1.0928768e-06 0.00092757674 0.15907551 0.021464784 0.03787019 0.004406578 0.10230055 5.97978e-07 0.012440181 3.6777943e-05 0.09498403 0.0013170833 0.0030364643 0.14907783 6.156287e-05 1.031004e-05 0.00033484545 1.4067729e-05 0.00839508 0.00410119 0.019614534 0.0024093655 0.0018939095 9.56352e-07 2.9526214e-07 8.577336e-07 0.016603358 0.015313179 0.017189335 1.4564002e-06 0.00015275452 0.07147775 0.00056274276 0.0033182073 7.3912256e-06 1.9152372e-07 0.007904105 0.00079837843 0.014065189 0.0008068359 0.022088842 0.0010723937 3.6057493e-08 0.012347162 0.06625921 0.00018355138 0.031522065 0.020817365 0.065102406 0.059659563 0.02520424 0.014070052 2.1210016e-07 3.4953398e-11 0.036893398 0.05209343 0.00085252547 2.8038918e-10 1.1779073e-05 7.336144e-05 0.03345984 2.729609e-05 9.23805e-05
0.35956165 0.04560056 0.21592015 0.04887553 0.07594365 0.012696034 0.025960458 0.10788241 0.12468585 0.17793532 0.36687115 0.048551217 0.44445658 0.039981775 0.576887 0.06864599 0.096213 0.44651634 0.4964433 0.08780229 0.181269 0.10537535 0.26442456 7.094754e-20 0.44232488 0.6595242 0.0007178966 0.018935962 0.001090496 0.21195833 0.00034704604 0.12472335 0.5149264 0.0017445232 0.31480438 0.3476177 0.51020104 0.043522358 4.6333702e-05 0.0025467733 0.35374355 0.3442094 0.3876402 0.0067068925 0.15265137 8.664604e-06 0.2502909 0.008329574 0.2711067 0.04694169 0.005914794 0.18067212 0.00027906502 5.367125e-05 0.0013978443 0.00010169902 0.10527195 0.005497994 0.22062445 0.026102066 0.0039736168 0.00092489016 4.6740292e-06 2.5887077e-05 0.025967706 0.02203964 0.17349294 4.6500274e-05 0.0012600286 0.07765332 0.015272344 0.006228822 0.00022232627 4.0255803e-05 0.007384649 0.017348094 0.15878898 0.0120766545 0.023089135 0.013856766 5.794017e-05 0.1752327 0.17132114 0.011617229 0.020998914 0.17417115 0.2148046 0.23196656 0.22275537 0.0114340065 5.9739914e-06 1.8864283e-08 0.0321372 0.101894744 0.00080001476 1.2158107e-07 0.000114430884 0.002245918 0.03845047 0.0028547856 0.0027569453
0.051361565 0.014868656 0.048470315 0.011153401 0.061585136 0.0015075288 0.011638177 0.12156945 0.013246551 0.03046821 0.08705694 0.005211851 0.38093403 0.022191264 0.42795554 0.07126387 0.012893945 0.5684989 0.07852646 0.0046079713 0.37631828 0.019729843 0.04420297 0.44232488 2.0381094e-19 0.68177676 0.0003526908 0.0035361282 0.0002652106 0.018196795 8.285003e-05 0.008550166 0.1486908 0.00024851845 0.030283999 0.042266585 0.11366214 0.2647658 3.2875512e-05 0.00053668366 0.034979902 0.1962528 0.15704198 0.0015965527 0.011128719 1.1589761e-06 0.18073596 0.047741678 0.032294903 0.34658337 0.0013730272 0.013409781 9.579028e-05 1.968266e-05 0.00038930212 6.34756e-05 0.18385293 0.0013615999 0.0986135 0.09780505 0.00079577335 0.004210705 9.587097e-07 5.4472353e-06 0.0023050623 0.0019354278 0.060178358 7.0673404e-06 0.00021763223 0.008333535 0.07495504 0.0007586287 0.000109359324 8.87123e-06 0.0013032039 0.048615493 0.041085355 0.029867142 0.0023689386 0.03333168 0.0015701883 0.07102963 0.015981242 0.068806216 0.0034036653 0.0376661 0.014803544 0.014358695 0.04900195 0.0015909154 2.8867282e-07 5.5364446e-09 0.0029910652 0.0072508142 9.504514e-06 2.5474057e-08 4.7827155e-07 0.021360315 0.0024091415 0.013888915 0.014009432
0.3196159 0.011588862 0.04063669 0.010857579 0.046165198 0.0025382468 0.012798814 0.04780055 0.022175122 0.035642006 0.101512216 0.009754623 0.35847726 0.028615396 0.43777812 0.04496307 0.016175646 0.5190179 0.11454048 0.018170869 0.19179592 0.018702343 0.04368313 0.6595242 0.68177676 2.8208848e-18 0.00057954347 0.009353959 0.00079472753 0.056452908 0.00013645182 0.014036185 0.3308135 0.00044575558 0.07711871 0.12702373 0.31337863 0.09764116 0.00010304856 0.0005117558 0.1013796 0.34529796 0.2820303 0.0015598647 0.030103458 6.222481e-06 0.35080242 0.01847703 0.09290269 0.13322195 0.0014489358 0.029017964 0.00026654688 4.4103737e-05 0.00027088076 7.33886e-05 0.27994567 0.00117388 0.23292086 0.08313015 0.0008717842 0.0047139134 1.1627315e-06 3.2860853e-06 0.0047402815 0.004111325 0.16438675 5.433108e-06 8.359265e-05 0.016514594 0.035016786 0.0010884316 6.1032362e-05 5.2808933e-05 0.0018740533 0.053221904 0.15181698 0.039109662 0.005793995 0.041275255 0.0007216421 0.24159294 0.04775774 0.02425321 0.0042427527 0.13278607 0.053491045 0.05656868 0.177948 0.0019544694 1.0692912e-05 6.9811136e-08 0.0035089261 0.022537617 1.8527498e-05 1.4413303e-07 2.0435357e-06 0.00705118 0.004492993 0.007048696 0.004505842
0.00010967244 0.0046913303 0.001176387 0.0017061107 0.027183568 0.0002828747 0.0076240744 0.005415352 0.00043754766 0.00019248498 0.00015904968 9.730896e-05 0.0014765396 0.14449444 0.0011341635 0.008544048 6.213767e-05 0.0012472712 3.2136562e-05 0.00016499306 0.0024874725 5.5645316e-05 3.837951e-05 0.0007178966 0.0003526908 0.00057954347 6.538278e-23 0.0045618303 2.1615893e-05 0.00029911078 7.735908e-07 9.5163196e-05 0.000130258 0.026282087 0.0007062752 0.00013164159 0.00015419329 2.2338307e-05 0.0034631705 1.3637629e-05 0.0003508825 0.00027509194 0.00019809064 1.5980584e-05 0.00016219314 0.013877298 5.645319e-05 3.6759076e-05 0.0001498833 4.800029e-05 9.861995e-06 0.0002953096 4.612664e-06 8.58772e-06 6.6590496e-06 5.241514e-06 4.9632446e-05 2.011559e-05 5.7483296e-05 8.747273e-06 6.8372074e-06 1.36365115e-05 6.4875303e-07 1.0627279e-05 7.059261e-05 5.2269752e-05 3.8236445e-05 4.7709464e-06 5.5792077e-07 0.0010998007 1.58264e-05 2.7407482e-06 6.7199558e-06 3.037624e-05 1.3548273e-05 8.184548e-06 0.00018939852 9.512984e-06 0.00087185495 1.10137025e-05 3.0691674e-06 0.00010146748 0.004179021 1.3072474e-05 0.0010288733 0.00082688796 0.009097678 0.009219959 0.0032413441 0.0034118763 3.964295e-09 4.0349386e-07 0.0021271103 0.018601375 4.5729203e-06 0.00021692768 1.3054907e-07 2.3845565e-05 0.014814016 2.0693435e-05 6.498091e-06
0.008277232 0.040075045 0.012394617 0.039523795 0.03072869 0.21624675 0.3051681 0.009001128 0.030747557 0.0136223445 0.0062157083 0.059247088 0.009268981 0.16289222 0.007449537 0.005633079 0.03594337 0.010238129 0.0039804494 0.16869406 0.008785518 0.023067247 0.0039621154 0.018935962 0.0035361282 0.009353959 0.0045618303 2.3549747e-21 0.5444156 0.025833417 0.32333097 0.03831458 0.0009068217 0.028210074 0.0029762022 0.00053555163 0.002307771 7.683932e-05 1.3533971e-06 0.07769635 0.0011880226 0.0018909398 0.0015347807 0.030174505 0.014810639 0.00881171 0.0013162262 1.42871795e-05 0.0006837598 0.0002845498 0.018759757 0.000794978 0.18132451 0.36554942 0.019601295 0.2108967 0.0015625296 0.010888261 0.00052990805 6.708536e-05 0.011358045 2.467245e-07 0.02620577 0.03061333 0.0014168636 0.0015978323 0.00033102898 0.020920424 0.011002198 0.00043686884 1.9810224e-05 0.0130301565 0.01178308 0.008882884 0.008667184 3.8957474e-05 0.0006189513 0.00010672541 0.0033484083 0.00022626373 1.620725e-08 0.00084431097 6.921059e-05 3.1390425e-06 0.0043574893 0.0013551086 0.00012957286 0.000154178 0.0014643841 0.014955483 0.0035880068 0.0007274842 0.0012271696 0.00063769537 0.0133551005 0.001373574 0.008445458 3.5516423e-06 0.004420862 2.0771345e-06 1.0721128e-06
0.008438461 0.009255035 0.0016565738 0.0085800085 0.007404772 0.17934221 0.12933531 0.000825717 0.006480055 0.002188688 0.00044950328 0.020087436 0.00067895465 0.02843831 0.0009069661 0.00049526535 0.00813785 0.00045096423 0.0003603247 0.09452612 0.00014607681 0.00512376 0.00037839732 0.001090496 0.0002652106 0.00079472753 2.1615893e-05 0.5444156 2.0877004e-26 0.0029082804 0.6677247 0.003603199 1.4701856e-05 0.00883518 0.00012261466 3.1108844e-05 2.1430586e-05 5.9102877e-07 3.9059547e-09 0.017389696 2.9905701e-05 6.183488e-05 4.8395585e-05 0.0060151187 0.0009074801 2.5229785e-05 0.00015313858 3.1404348e-08 5.6762736e-05 7.654242e-06 0.005497 2.8863731e-05 0.43671325 0.27047226 0.006257732 0.3353849 0.0002544888 0.0016581427 5.709463e-05 1.19680135e-05 0.0023977864 2.2433102e-08 0.0138031505 0.009744288 7.251609e-05 7.286965e-05 3.2942233e-05 0.010374764 0.005224748 4.7662463e-05 1.0755929e-06 0.002338628 0.013628827 0.008802589 0.00042727168 7.769871e-06 3.7277783e-05 9.070258e-06 8.348391e-05 1.6751517e-05 1.7465445e-09 5.4204516e-05 7.5522794e-06 5.6453456e-07 7.975888e-05 3.993049e-05 6.7712854e-06 8.353929e-06 6.5940825e-05 0.00044964647 0.0018650148 1.9087906e-06 1.4311699e-05 1.2259319e-05 0.0020768591 4.998035e-06 0.0009267253 2.0654484e-06 0.0001254294 9.4728296e-07 2.7335005e-07
0.47787774 0.036867052 0.05656413 0.06903249 0.022910869 0.061106637 0.03572243 0.010998101 0.2492517 0.118707135 0.08855523 0.2190635 0.07991251 0.013221997 0.08212413 0.007550113 0.20664492 0.03676526 0.05643173 0.5841734 0.012122886 0.29127663 0.15176925 0.21195833 0.018196795 0.056452908 0.00029911078 0.025833417 0.0029082804 2.8765503e-21 0.0013998947 0.8032056 0.1658949 0.00082841254 0.5426915 0.19416317 0.20974468 0.0025525214 5.2438436e-06 0.094495066 0.25775206 0.05571346 0.062251292 0.123320825 0.62729853 0.00014369695 0.027540665 0.00019892569 0.1906192 0.0021171796 0.15504475 0.40655345 0.00042116386 4.9355942e-05 0.034771126 0.0001526785 0.021817984 0.2091617 0.04139829 0.006910763 0.16057147 0.00014159884 0.004764638 0.024372073 0.29097486 0.290971 0.04150918 0.01951281 0.07069342 0.30293182 0.0002827768 0.2608577 0.0036969543 2.3875238e-05 0.26653343 0.002662264 0.03183855 0.0037019239 0.30988804 0.0030645395 1.9827585e-06 0.023876807 0.15117086 6.6491535e-05 0.37622997 0.03379041 0.20076513 0.17848751 0.05551981 0.27003482 1.0593052e-06 1.3334322e-07 0.34966573 0.30621356 0.31705832 1.25217075e-05 0.068656065 1.3771606e-05 0.42812657 5.69648e-05 2.8902514e-05
0.007843668 0.0007535646 0.00020634243 0.0022810262 0.0008538277 0.0801019 0.047225405 0.00017382074 0.0013452959 0.00044518904 0.00011539713 0.0057446854 9.6189506e-05 0.004627248 0.00018782193 0.0001737349 0.0023591649 0.00016917645 0.000137824 0.07075658 2.5285019e-05 0.0014032783 0.00011949521 0.00034704604 8.285003e-05 0.00013645182 7.735908e-07 0.32333097 0.6677247 0.0013998947 1.1210263e-26 0.0031911358 1.6858075e-05 0.00091684284 6.072071e-05 1.1828966e-05 1.954784e-05 9.1304753e-07 5.516301e-09 0.026293997 2.253413e-05 2.8866045e-05 1.5421407e-05 0.008469178 0.00063412706 4.5028497e-07 1.7844708e-05 5.1059067e-07 2.9943887e-05 7.885444e-06 0.008139892 3.340393e-05 0.64316577 0.14084668 0.014500578 0.4254731 3.2437234e-05 0.004340429 1.42177505e-05 7.5518074e-07 0.005425919 3.1121765e-08 0.06678998 0.040394165 0.00014729342 0.0001622247 8.501815e-06 0.037333835 0.0121581135 4.2790005e-05 3.7926025e-06 0.004235643 0.038348176 0.005512721 0.00097649964 6.4744023e-07 7.770783e-06 1.8274234e-06 0.00030319157 8.92115e-06 1.3972955e-09 1.0398973e-05 7.588855e-06 4.410155e-07 0.0002286786 2.538357e-05 5.844917e-06 5.5630276e-06 2.3041686e-05 0.0009938221 0.012269596 3.4811405e-06 3.4220513e-05 1.7864579e-05 0.0021187793 1.0926528e-06 0.0032554022 1.0088642e-06 0.00023624317 8.2838916e-08 1.6226376e-07
0.5117501 0.036946617 0.036559172 0.059047468 0.023459556 0.05325912 0.043258272 0.0068190075 0.22794455 0.11899443 0.06521497 0.23736991 0.05016436 0.01416688 0.06115194 0.007186389 0.20884432 0.01713646 0.050657842 0.57413936 0.010293866 0.29924536 0.10843017 0.12472335 0.008550166 0.014036185 9.5163196e-05 0.03831458 0.003603199 0.8032056 0.0031911358 3.2954014e-22 0.118710466 0.0012298813 0.47448266 0.13196327 0.15158033 0.0016483022 5.42583e-07 0.1361705 0.20903817 0.041286774 0.04668544 0.2535703 0.7559342 7.82712e-05 0.012576352 0.00016343858 0.14047752 0.00080402463 0.27502942 0.45348257 0.00040936095 7.3306896e-05 0.06583764 0.00023825915 0.010143537 0.37001923 0.026172528 0.0029575857 0.2568754 0.00017156026 0.007087955 0.040180724 0.37146482 0.3748976 0.028424375 0.030112762 0.0667004 0.35520178 0.00012871859 0.41893825 0.005654794 4.710219e-05 0.3711073 0.0010355769 0.021593548 0.0019523085 0.35872242 0.0017866071 1.949626e-06 0.017544104 0.11921556 1.5768368e-05 0.45001754 0.02495526 0.12409482 0.098309234 0.043521468 0.34178317 2.3249584e-06 8.448291e-08 0.40410623 0.22711217 0.34729263 2.1582955e-05 0.07165895 2.5764436e-06 0.45243853 1.8066268e-05 1.4544911e-05
