2.3014108e-31 0.9629917 0.96797574 0.97720146 0.9912432 0.9900338 0.98516965 0.8747311 0.96707004 0.9877153 0.99437326 0.8112705 0.9496918 0.9601279 0.3803261 0.99913967 0.99146175 0.9982162 0.96708107 0.6448211 0.87193936 0.9433931 0.94401205 0.9007282 0.95303273 0.99584347 0.94542456 0.89301556 0.8787647 0.9151083 0.9231683 0.82652575 0.89280075 0.67700154 0.7622665 0.73826027 0.7586571 0.96391195 0.94854784 0.7424365 0.69827545 0.57761645 0.9964593 0.5168397 0.40911508 0.98547316 0.9576547 0.99986523 0.22047953 0.25876254 0.83424824 0.1252182 0.16828912 0.89837813 0.7896052 0.99794847 0.069693305 0.12768741 0.05431592 0.058858644 0.085974514 0.82254964 0.3704812 0.03777203 0.08164487 0.024938062 0.024362227 0.044618346 0.014333323 0.026172671 0.05022188 0.98631376 0.010354042 0.9991706 0.005825473 0.033650756 0.0128694 0.009608265 0.08354791 0.09115155 0.05955681 0.004770164 0.010611829 0.005469615 0.01779451 0.009756023 0.0019695768 0.1427597 0.0006412924 0.0005729994 0.0010752053 0.00034895417 0.0028504997 0.05355314 9.188989e-06 0.00025825124 0.00014195133 0.002288372 0.0931297 0.06301495 0.0004098926
0.9629917 4.5840714e-21 0.63250786 0.6336428 0.12601724 0.5141172 0.0037434376 0.003564795 0.5997839 0.69188344 0.49324918 0.00084391056 0.37104863 0.07586678 0.0014500895 0.5484209 0.08841173 0.068689495 0.39317667 0.0026809447 0.0050630355 0.046817884 0.23829496 0.0762673 0.17355669 0.10891597 0.039197356 0.008104064 0.05811176 0.0017956732 0.008346297 0.008816636 0.0006638405 0.012501365 0.003338097 0.0007147757 0.00077438774 0.0013130824 0.008055228 0.047231887 0.044795968 0.040859103 0.027457047 0.031419266 0.009383179 0.010326307 0.0008840303 0.08231652 0.008228741 0.00079863274 0.0012709165 0.0057333396 0.0012004983 0.0007502836 0.000121761674 0.0024007645 0.0015845868 0.00039464032 0.0010091414 0.0016403015 0.0011661963 8.332283e-05 0.0021687227 0.0006651967 0.0001695408 0.00107188 0.0008580745 0.00018112166 0.0007378313 0.00017776605 0.0006515245 2.1249622e-05 0.0005675403 6.598731e-05 0.00025150878 9.1364236e-05 0.0006420803 8.7386965e-05 0.000114946575 2.6572152e-06 1.3273018e-05 1.6792417e-05 0.0001546274 1.5432795e-05 1.3560981e-05 3.943365e-05 0.000102438025 3.4775556e-07 1.7793609e-05 2.6114409e-05 0.0005215212 8.656489e-05 3.6687788e-06 1.9309462e-08 3.7744353e-06 9.683508e-05 0.00052728015 9.813949e-06 1.7996442e-08 8.110608e-06 1.6834692e-06
0.96797574 0.63250786 2.772725e-19 0.6971418 0.6959489 0.44940636 0.091981456 0.06912288 0.74061745 0.073557235 0.077565596 0.014862482 0.72691345 0.6188692 0.021127777 0.3630377 0.001097293 0.15139562 0.123072155 0.038430505 0.08813375 0.0009028239 0.15975012 0.1356376 0.07387712 0.0066703996 0.0018281016 0.041209325 0.0052758646 0.020030254 8.510426e-05 0.00024940618 0.012420128 0.00046492522 0.025083119 0.009900726 0.008717581 2.2078668e-05 0.00030020677 0.02489858 0.012766582 0.011254399 0.0030441843 0.013916255 0.0007843166 0.0008543368 3.541063e-06 0.0796279 0.008972037 0.005251343 3.1827563e-05 0.0070505207 0.0043017706 9.396392e-06 2.606237e-06 0.0001673658 0.00097366254 0.0011543225 0.0012225724 0.0005092532 9.5373805e-05 2.38328e-06 6.6938366e-05 0.00062609796 0.0005249218 0.00020869332 7.803828e-05 0.00032474735 0.00023580357 0.00069306884 3.664808e-05 9.1514147e-07 7.6198325e-05 1.09904195e-05 7.4073396e-05 1.1675355e-05 6.9568065e-05 5.5595774e-05 1.0350146e-05 6.3000783e-07 8.4959095e-07 1.0141694e-05 0.00012887103 4.4429773e-05 1.0519431e-06 1.6020556e-06 7.808302e-05 2.6189977e-07 1.2100834e-05 9.828954e-06 1.7097755e-05 0.00010748228 5.9183253e-07 2.2347896e-07 1.9496012e-05 5.507279e-06 2.5791614e-05 1.3656949e-06 1.6851774e-07 1.9547458e-06 4.0638636e-07
0.97720146 0.6336428 0.6971418 9.24674e-20 0.29557547 0.60691214 0.008054298 0.012038151 0.49073544 0.13489437 0.13111252 0.0025882463 0.24408476 0.0791196 0.0022328605 0.54996395 0.010335372 0.07405934 0.12879221 0.0062159714 0.008987747 0.0059009925 0.17635408 0.080492765 0.09809615 0.026067898 0.010141719 0.015857782 0.017615413 0.0059479102 0.0019628936 0.002186931 0.0033743063 0.0033691388 0.010972502 0.0034569043 0.003078202 0.0010306577 0.003588313 0.027183162 0.020822845 0.020319313 0.011006342 0.020229857 0.004904109 0.0027995533 0.0011540633 0.15321341 0.008054725 0.0019182912 0.0011891176 0.006830768 0.0025416152 0.0009858727 0.0004837014 0.001992005 0.0016014478 0.00086739345 0.0015221197 0.0014230149 0.000887247 0.0004765276 0.0015583942 0.000827585 0.00044996926 0.000759952 0.00051361375 0.0006903633 0.0005888285 0.00057724246 0.0003404842 0.00010930897 0.0003259282 7.341226e-05 0.0004562807 3.693562e-05 0.00047509008 0.00025998254 2.7546299e-05 1.666436e-05 2.7510596e-05 0.00019323853 0.0004985779 0.0005773225 1.28900465e-05 2.6764714e-05 0.00065589475 1.3000191e-07 0.00011681442 8.006983e-05 0.0002340953 0.00077290845 3.1102954e-06 1.0933099e-09 0.00026463883 0.00026892478 0.00018109953 2.930513e-05 2.4061205e-07 1.0724775e-05 2.9574587e-06
0.9912432 0.12601724 0.6959489 0.29557547 1.861055e-22 0.09896611 0.7393675 0.58446586 0.1855884 0.0068093208 0.0031897333 0.18368001 0.16906959 0.45395246 0.051592298 0.16575323 0.00032231573 0.23532104 0.0097523015 0.06618039 0.07487224 0.0004202539 0.055985738 0.08348127 0.011172062 0.0009553302 0.00045768401 0.06495799 0.000811057 0.03778402 3.0044976e-05 7.6943674e-05 0.034658663 0.00019842832 0.03656465 0.027679538 0.024866922 6.4966225e-06 3.2194876e-05 0.0042036474 0.0017547114 0.0019134458 0.00041943465 0.002722787 0.0004368068 4.9125418e-05 7.850133e-06 0.23339526 0.0028405904 0.008064598 1.777456e-05 0.0029222579 0.0054657273 3.0667625e-06 3.8232392e-07 7.971762e-06 0.0005583685 0.0039178026 0.0014228582 0.0004441006 7.8600926e-05 3.9009558e-07 8.889497e-06 0.0005696358 0.0019413376 0.00019431647 4.8970818e-05 0.0009849443 0.00014708372 0.0016462842 1.2465232e-05 3.0195217e-08 6.241675e-05 2.1427661e-07 7.165233e-05 1.1766697e-06 1.1279939e-05 3.105715e-05 9.935301e-07 2.0739802e-07 6.209862e-07 3.5264424e-05 0.0007583545 0.00046065843 3.4234253e-07 7.921573e-07 0.00065594545 1.1420394e-09 0.000102255886 5.770096e-05 1.8409703e-05 0.001440497 1.8158361e-06 2.5865815e-10 6.999811e-05 4.891656e-06 1.9825251e-05 2.1614462e-06 1.5503364e-09 3.4485913e-07 2.3839584e-07
0.9900338 0.5141172 0.44940636 0.60691214 0.09896611 1.4265416e-19 0.003387736 0.0034196472 0.36189753 0.28439417 0.286737 0.0009970831 0.16699576 0.03632782 0.0009030942 0.64389944 0.042011827 0.036914937 0.20456144 0.0034912678 0.0063791466 0.018657317 0.17296988 0.074326836 0.13921024 0.05645057 0.025992997 0.0091478815 0.033978265 0.0034553667 0.009751401 0.0074660275 0.0023468959 0.00974107 0.006657914 0.002556823 0.0024477008 0.0026760097 0.016344436 0.024508132 0.020166278 0.01856035 0.014625741 0.015664434 0.0076611848 0.0055008964 0.0026530852 0.19394557 0.0045840787 0.00093426363 0.0024612972 0.0031686476 0.0014442949 0.0014416404 0.00050641055 0.003828085 0.0008405707 0.0005313903 0.00080788916 0.0008283826 0.00080849614 0.000350995 0.0020511574 0.0003984808 7.7844576e-05 0.0005166924 0.00033704148 0.00027990967 0.00035299367 0.00012630192 0.00026338146 0.00026138366 0.00022795897 0.00012689788 0.00033135366 9.62541e-05 0.00028102048 0.00021417908 0.0001395488 1.7899863e-05 1.6153854e-05 7.5196265e-05 0.00010007164 0.00019953237 1.329865e-05 2.8672343e-05 0.00011009381 1.50474e-07 2.0811587e-05 1.3726265e-05 4.951156e-05 7.61859e-05 7.283391e-06 4.6570237e-10 2.2441674e-05 9.603954e-05 0.00011674226 3.823285e-06 5.9345656e-08 5.7110933e-06 9.850324e-07
0.98516965 0.0037434376 0.091981456 0.008054298 0.7393675 0.003387736 2.2065471e-20 0.8302693 0.013244586 0.0006314687 0.0006299166 0.785838 0.025969971 0.09552579 0.25259867 0.021726882 4.1244625e-06 0.6358234 0.001480456 0.05431807 0.027477374 1.3540149e-05 0.0070593343 0.014042786 0.0013415351 0.00024360546 7.996562e-06 0.014479415 4.9962124e-05 0.011738174 4.1756178e-07 1.8043324e-06 0.014524529 7.779228e-06 0.012262636 0.0112037035 0.010842243 1.3870064e-07 2.1926824e-06 0.0001945694 9.005747e-05 9.587354e-05 8.53327e-05 0.00019534193 5.2439507e-05 6.384895e-06 1.0973368e-07 0.4533886 0.00021925193 0.0023425869 2.6401797e-06 0.0002824892 0.0011065787 4.348625e-08 6.788963e-08 3.0597164e-06 6.443715e-05 0.0014748023 0.00020380745 4.1948206e-05 8.203122e-06 1.19193135e-08 6.8306537e-07 0.00012522789 0.0020836622 1.659105e-05 4.4984267e-06 0.0003844717 1.4588253e-05 0.0007641475 1.2841623e-06 5.4178257e-09 6.2439344e-06 4.945238e-07 9.163523e-06 1.109666e-06 6.970742e-06 9.9883755e-06 7.5753223e-07 1.7015671e-07 1.0121706e-06 8.649463e-06 0.00096048974 0.00027746693 1.7289935e-06 2.2045729e-06 0.0003665317 1.0679467e-09 9.986204e-06 6.0042175e-06 3.33588e-06 0.0013043894 1.3890376e-06 7.951204e-09 6.248649e-05 1.7519824e-06 1.6452224e-05 2.0679427e-05 1.8855604e-09 2.5589142e-07 3.399234e-07
0.8747311 0.003564795 0.06912288 0.012038151 0.58446586 0.0034196472 0.8302693 1.2100794e-21 0.0070051607 0.00023990055 0.0005102366 0.8523535 0.016167087 0.1690898 0.63358724 0.02664766 7.928565e-07 0.34828657 0.0005364664 0.1493262 0.054942995 2.7521078e-06 0.0040302686 0.011568114 0.00073685666 0.00027348605 5.5006603e-06 0.010901097 4.0355935e-05 0.007410205 3.1057326e-07 1.978984e-06 0.010065953 7.814399e-06 0.012004315 0.011463635 0.0104792705 5.5570137e-08 2.5339825e-06 0.00023130888 9.90893e-05 0.000113737064 0.00010916312 0.00019108343 2.8439474e-05 1.0087743e-05 4.9127543e-08 0.21738362 0.00020111496 0.0029477975 2.6521868e-06 0.00029163988 0.0010721534 4.1100247e-08 1.1298856e-07 1.0248009e-07 0.00010499435 0.0014156015 0.00015483663 8.155964e-05 5.754124e-06 7.2432873e-09 1.0473514e-06 0.00013892431 0.0012013293 5.2765434e-05 7.2506928e-06 0.00042911974 5.2916916e-05 0.001052226 1.6432159e-06 8.721329e-11 2.8572493e-05 7.4802195e-08 1.41088285e-05 3.2087546e-06 1.0828432e-05 5.2440362e-05 1.8405833e-06 2.3026904e-07 9.3861144e-07 1.2120643e-05 0.00113025 0.00027158327 1.3272403e-06 2.6810405e-06 0.00044009165 1.6146767e-09 4.3846365e-05 1.9353463e-05 1.0008476e-05 0.0015045112 7.970831e-07 1.5050162e-08 9.393914e-05 1.133346e-06 1.0631526e-05 9.918432e-05 1.3519291e-08 7.19519e-07 3.8470603e-07
0.96707004 0.5997839 0.74061745 0.49073544 0.1855884 0.36189753 0.013244586 0.0070051607 2.1091044e-19 0.4470176 0.20082328 0.002825699 0.7405775 0.19405158 0.0058942237 0.30617425 0.013305133 0.06409633 0.33063722 0.008655983 0.018048292 0.008754463 0.3022274 0.13269609 0.13653629 0.022816973 0.012521596 0.017160509 0.025550447 0.005906288 0.0010574829 0.0023112686 0.0028952006 0.002992238 0.010832812 0.0023962993 0.0022738262 9.846174e-05 0.0010811024 0.034503043 0.03265325 0.025408464 0.005817465 0.023645433 0.0033112194 0.0024627214 3.4164557e-05 0.025448754 0.014478912 0.0016066373 0.0004444747 0.015098496 0.0030116367 6.34016e-05 2.6453225e-05 0.00035150864 0.0031728072 0.00059805927 0.002659711 0.002470915 0.0013506393 1.7240385e-05 0.00033127403 0.0014415743 6.975827e-05 0.0018390532 0.0013386352 0.00027187273 0.0012510166 0.0001983481 0.0005278388 2.085646e-06 0.0007356395 1.681453e-05 0.00049498916 5.1793933e-05 0.00028766575 0.00042213252 4.868867e-05 6.6673397e-07 1.4789177e-06 8.214729e-05 4.5275745e-05 7.256764e-05 3.6233816e-06 1.7117496e-05 2.7343744e-05 5.904063e-07 2.3457545e-05 3.763474e-05 5.4660606e-05 3.1335287e-05 9.873282e-07 2.8544437e-07 4.621519e-06 1.1743428e-05 0.0010529679 3.1243098e-06 6.177956e-08 2.3508169e-06 4.475463e-07
0.9877153 0.69188344 0.073557235 0.13489437 0.0068093208 0.28439417 0.0006314687 0.00023990055 0.4470176 4.183427e-20 0.7688946 0.00019273626 0.1746697 0.0036229482 0.000235524 0.42456168 0.5626462 0.014710639 0.7062833 0.00016023246 0.00020566996 0.5060275 0.33158046 0.08455433 0.3443287 0.28050134 0.1575937 0.0007759972 0.15350547 0.0003474681 0.108334124 0.064208634 0.00017131565 0.05439059 0.00067291525 0.00021272665 0.0002236249 0.0051183146 0.03136504 0.038915917 0.059025746 0.047327366 0.06676116 0.03475312 0.039049745 0.022569899 0.0019479139 0.032636743 0.012645284 0.00030014035 0.0066850143 0.007006252 0.0006770902 0.0011214416 0.0008591267 0.0064200745 0.0021304542 0.00018540285 0.0008267335 0.0037939614 0.018793076 0.00031890717 0.023021944 0.00070971536 0.00012325279 0.0030049132 0.006869747 0.0001435371 0.001132545 5.516544e-05 0.0076740286 0.00016659443 0.0011246165 0.00046086434 0.00027078285 0.0017336633 0.0053278604 0.00024314683 0.0019279273 2.6566207e-05 6.3074614e-05 2.8346652e-05 7.778183e-06 7.9836e-06 0.00024152512 0.0006862184 2.0310001e-06 1.2054353e-06 3.627053e-06 5.9538233e-06 0.0019469581 4.360923e-06 5.46715e-05 2.1516308e-07 2.7815997e-06 0.0040624174 0.003580881 4.7428723e-05 5.966558e-09 2.3386692e-05 2.8637376e-06
0.99437326 0.49324918 0.077565596 0.13111252 0.0031897333 0.286737 0.0006299166 0.0005102366 0.20082328 0.7688946 7.229389e-20 0.00020837416 0.0861975 0.0032982442 0.00015126601 0.4517612 0.6579624 0.011079223 0.40233678 0.00026860464 0.00073211704 0.23644696 0.16678415 0.0525238 0.27405742 0.5071104 0.22527787 0.0014841518 0.17178878 0.0005879282 0.21008313 0.11183257 0.00025191187 0.09576146 0.0011462941 0.00033436454 0.0002787631 0.09119085 0.17427157 0.042391643 0.05954954 0.04532992 0.14965793 0.028728897 0.041702334 0.08018457 0.057583522 0.13079312 0.0061012697 0.00047347913 0.05640553 0.0033154266 0.0008476539 0.021074401 0.014044219 0.05154318 0.0016724303 0.000113191374 0.0005887393 0.0026242184 0.01127808 0.0045558414 0.058222942 0.0003378922 4.0074778e-05 0.0017277997 0.003105432 3.8772003e-05 0.0005887213 2.259811e-05 0.004638532 0.0075890226 0.0004028549 0.005200987 0.00019875805 0.0044278665 0.0049437936 5.089742e-05 0.008495712 0.00034261693 0.0009682552 3.0655272e-05 4.8799728e-05 5.749799e-05 0.00088212785 0.0012309967 4.8512033e-05 2.4298097e-05 1.04102055e-05 1.8561806e-05 0.002001194 2.2496102e-05 0.00017610264 5.3335174e-08 3.9845e-06 0.002597793 0.00088746194 5.4246146e-05 1.8152134e-07 1.0567176e-05 1.9879142e-06
0.8112705 0.00084391056 0.014862482 0.0025882463 0.18368001 0.0009970831 0.785838 0.8523535 0.002825699 0.00019273626 0.00020837416 1.1702443e-20 0.0058162976 0.058579758 0.89763474 0.007929062 1.6027457e-07 0.7950894 0.0002887583 0.18454097 0.032584976 2.162974e-06 0.0021982004 0.005030589 0.00058644847 8.415929e-05 6.9767616e-06 0.0044544903 2.6883386e-05 0.0032943683 4.6537542e-07 5.7580432e-06 0.0049797823 1.22667925e-05 0.00441922 0.0044849915 0.0040172255 1.8721193e-08 9.446262e-07 9.26693e-05 5.98685e-05 6.2082756e-05 2.695041e-05 0.000100917976 2.3047181e-05 7.649932e-07 5.022978e-08 0.58359796 0.000118534546 0.0016557486 1.4597764e-06 0.00016571452 0.0006840136 3.34471e-08 8.2565236e-08 1.7823387e-08 9.321193e-05 0.0012464995 0.00018558596 4.523466e-05 1.760044e-06 4.1806185e-09 2.4374397e-06 0.00020768908 0.004720369 1.58707e-05 8.8183464e-07 0.0005048369 4.5820543e-05 0.0018012312 5.760633e-07 6.290598e-11 1.1816e-05 1.3841192e-07 1.8093908e-05 3.5138182e-06 1.6593125e-05 4.9444512e-05 2.4162441e-06 7.547452e-07 3.2574799e-06 1.116788e-05 0.00131416 0.00035485413 1.3940646e-06 1.4345812e-06 0.00029835355 3.6994013e-10 5.68259e-05 3.323713e-05 1.6875965e-05 0.0012069406 1.360318e-07 1.6899676e-08 2.2732102e-05 1.3018174e-06 3.3206159e-06 5.1706822e-05 1.114831e-09 1.9327584e-07 2.6142601e-08
0.9496918 0.37104863 0.72691345 0.24408476 0.16906959 0.16699576 0.025969971 0.016167087 0.7405775 0.1746697 0.0861975 0.0058162976 2.6131933e-19 0.4926316 0.014375567 0.12077994 0.0035261381 0.059519082 0.37206003 0.03827686 0.11274053 0.0025385881 0.4566441 0.57691294 0.21565866 0.006200631 0.0112638 0.08894243 0.04219901 0.04228618 0.00021608485 0.0007016402 0.024953319 0.0012168483 0.055039827 0.014993721 0.013982216 3.964568e-05 0.0005153418 0.0972279 0.07799668 0.055221315 0.002228827 0.056440897 0.002197294 0.0010568285 4.7192857e-06 0.022520725 0.046543006 0.010709313 5.0656552e-05 0.03423957 0.017257363 5.188794e-06 2.328411e-06 0.00019390792 0.009458197 0.002900518 0.011931314 0.006664464 0.0014919982 2.2276538e-06 0.00027637702 0.0045302985 0.00020105415 0.0017928183 0.0009103267 0.00054349384 0.001831211 0.00029871002 0.00022867358 3.0816677e-06 0.0003621599 1.3264907e-05 0.00022428423 3.2179374e-05 0.00012633676 0.00035662876 2.4061437e-05 3.574676e-07 7.6990494e-07 3.3454904e-05 2.5813588e-05 3.851569e-05 1.9274232e-06 5.959538e-06 1.3597695e-05 7.3751465e-07 1.3264856e-05 1.2613828e-05 1.0382394e-05 2.4874047e-05 1.0043676e-06 7.7312626e-07 1.3417378e-05 5.071836e-06 0.00014102017 3.4505604e-06 1.5129031e-07 1.4181735e-06 4.3640327e-07
0.9601279 0.07586678 0.6188692 0.0791196 0.45395246 0.03632782 0.09552579 0.1690898 0.19405158 0.0036229482 0.0032982442 0.058579758 0.4926316 1.386069e-18 0.14663422 0.058717404 1.7548242e-05 0.08738409 0.008552845 0.4427357 0.81140786 2.1076476e-05 0.0614082 0.22915001 0.0049207546 0.000286317 5.025146e-05 0.13800982 0.00015245329 0.083254434 2.8126576e-06 1.3584941e-05 0.0867741 6.571043e-05 0.079568155 0.06340494 0.057260055 6.8137825e-07 2.9514673e-05 0.0020257505 0.00087259605 0.00093598437 0.00016219886 0.0011981828 0.00021418602 3.5451565e-05 2.8343354e-07 0.04270534 0.0020563407 0.018245243 1.3647829e-05 0.0026406671 0.01223418 3.9039625e-07 3.8667574e-07 1.9365177e-06 0.00038536504 0.008975469 0.0020931712 0.0001321587 2.7235114e-05 7.37807e-08 5.4913826e-06 0.00063207484 0.00084353803 0.00010032869 3.3382494e-05 0.0026458474 0.00014503681 0.0022829531 2.7586757e-05 2.5941878e-08 8.821425e-05 1.8482363e-06 6.8728e-05 6.200253e-05 7.974344e-05 5.680964e-05 8.775046e-06 4.6496416e-07 5.569857e-07 4.2470416e-05 0.0003757193 0.00022177231 2.7434285e-06 6.6373027e-06 9.645589e-05 7.803682e-08 5.2790605e-05 3.7075377e-05 3.4375867e-06 0.00028301016 2.5856125e-06 4.3892007e-07 2.9326213e-05 3.7768184e-06 5.9857225e-06 4.3652503e-06 8.6203436e-08 2.0423024e-06 8.0260645e-07
0.3803261 0.0014500895 0.021127777 0.0022328605 0.051592298 0.0009030942 0.25259867 0.63358724 0.0058942237 0.000235524 0.00015126601 0.89763474 0.014375567 0.14663422 2.345884e-20 0.0060038343 5.4577316e-07 0.33786166 0.00010481108 0.8144723 0.16841924 1.8485289e-06 0.00331133 0.008822461 0.00019719457 4.4031076e-05 1.4706301e-05 0.027358757 6.237718e-05 0.019756626 4.161811e-07 9.9077715e-06 0.025648573 2.2243072e-05 0.023604918 0.022971045 0.019477976 6.863986e-08 9.313968e-07 0.00022740159 0.00020130146 0.00022404564 1.0950495e-05 0.00022993956 1.29645705e-05 3.1901695e-06 2.2509708e-07 0.31826565 0.00054758595 0.0077469097 1.3135163e-06 0.00058815366 0.0019814337 5.9095015e-08 1.2477054e-07 1.1616097e-08 0.00013348783 0.0036538572 0.00035188193 2.8077442e-05 1.9436354e-06 1.8851479e-08 4.4824405e-06 0.0003292281 0.016049415 1.32631985e-05 1.9538718e-06 0.0010033328 7.676689e-05 0.005637338 1.0440624e-06 8.94545e-11 2.2204986e-05 2.255492e-07 4.6756995e-05 7.4849368e-06 2.5983141e-05 4.9416274e-05 1.7862842e-05 1.8679732e-06 7.252989e-06 1.4863062e-05 0.0017844241 0.00031454078 2.3735604e-06 1.3153652e-06 0.00020234969 1.7891251e-10 9.012414e-05 7.0524104e-05 1.3211175e-05 0.000842488 1.0683309e-07 7.798604e-09 3.7575012e-06 1.5133331e-07 1.6995577e-07 7.3297974e-06 3.814528e-09 3.162609e-08 2.4298463e-09
0.99913967 0.5484209 0.3630377 0.54996395 0.16575323 0.64389944 0.021726882 0.02664766 0.30617425 0.42456168 0.4517612 0.007929062 0.12077994 0.058717404 0.0060038343 4.4072904e-17 0.117865 0.08155987 0.16767031 0.009708591 0.013159732 0.039905436 0.11270968 0.037986424 0.07874052 0.24946763 0.017516041 0.0107404515 0.016454397 0.0049147517 0.019065965 0.011783261 0.0042426516 0.012608887 0.008382441 0.004992474 0.004727906 0.0075625037 0.032194786 0.010856077 0.009435194 0.009489839 0.098713435 0.008974445 0.0073508383 0.050617963 0.019187808 0.22835736 0.0044653616 0.002406551 0.009437461 0.0032680358 0.0021580316 0.005081967 0.00294963 0.027266014 0.0008031823 0.0015707037 0.0009993259 0.00087778416 0.0015818856 0.0019091631 0.004003238 0.0004679703 0.0018961857 0.00080177037 0.0009469917 0.0009178851 0.00045383177 0.0015144406 0.000643381 0.0023301973 0.00047995028 0.0018423543 0.000615481 0.0013590747 0.0013646353 0.00017614682 0.0017643424 0.00091120956 0.00095456466 9.365549e-05 0.009728981 0.00058727816 0.00046767856 0.00042780154 0.0013057342 2.7957152e-05 0.00011073719 5.0899213e-05 0.0009623469 0.0006755583 0.00027523888 4.6113918e-08 3.6420253e-05 0.00018671431 4.740222e-05 0.00027263377 7.504857e-06 0.00016264713 5.646423e-05
0.99146175 0.08841173 0.001097293 0.010335372 0.00032231573 0.042011827 4.1244625e-06 7.928565e-07 0.013305133 0.5626462 0.6579624 1.6027457e-07 0.0035261381 1.7548242e-05 5.4577316e-07 0.117865 7.768108e-21 0.0012612998 0.23134613 1.9912962e-07 2.142418e-06 0.8255367 0.02609862 0.0053596757 0.10888113 0.5683438 0.13693614 4.191875e-06 0.049345717 1.00859e-06 0.27791557 0.083352014 2.7946166e-07 0.05862789 1.8654592e-06 2.9228624e-07 2.0387284e-07 0.068750724 0.1948892 0.005345067 0.012916172 0.0074164965 0.21213967 0.0036276013 0.01885267 0.12655906 0.01798248 0.006905648 0.0002852331 3.7508826e-07 0.028364165 0.000102980484 2.6105306e-06 0.006744045 0.0030767405 0.04741389 3.4409633e-05 6.7751057e-07 1.043075e-06 0.0002548835 0.0077362675 0.0012903545 0.07722286 1.4395232e-06 1.2099277e-07 0.00074424816 0.0018849253 6.213737e-07 0.00013481812 7.110516e-07 0.0035798212 0.00426584 6.216695e-05 0.0027208037 1.20506475e-05 0.0048340815 0.0072185383 5.53394e-06 0.008786046 8.2420214e-05 0.00043524764 3.1986265e-06 3.835232e-07 7.1090716e-07 0.0009489182 0.0013063252 1.9404766e-07 5.6692e-06 1.12325026e-07 1.175284e-07 0.00015495584 1.020603e-07 8.0803715e-05 3.5388887e-06 6.036536e-08 0.0077074887 0.0013886191 9.46882e-05 2.9281324e-09 1.0879966e-06 9.625988e-07
0.9982162 0.068689495 0.15139562 0.07405934 0.23532104 0.036914937 0.6358234 0.34828657 0.06409633 0.014710639 0.011079223 0.7950894 0.059519082 0.08738409 0.33786166 0.08155987 0.0012612998 4.3453248e-16 0.017017094 0.083230205 0.032181304 0.00076191383 0.037177164 0.043762747 0.011221529 0.0035710102 0.0012162641 0.021970334 0.0018434142 0.017137302 0.00011513078 0.00043121786 0.017702067 0.0005590244 0.015912341 0.014966725 0.013569494 2.190919e-05 6.660337e-05 0.0037547932 0.0022514293 0.0020840694 0.0005921106 0.0024297403 0.00047812267 0.00012473384 5.3087664e-05 0.7480882 0.0023017519 0.004580377 4.4502416e-05 0.0021570858 0.0030512658 2.0659263e-05 1.1743127e-05 1.0688476e-05 0.00047525094 0.0023759264 0.0009372483 0.00034249361 0.00028599415 3.2831974e-06 0.00030604258 0.0003065751 0.00734678 0.00013231393 8.31084e-05 0.00076942577 8.505232e-05 0.0015441859 2.6708032e-05 6.458988e-08 1.7099514e-05 1.5139336e-05 2.2607639e-05 5.4234974e-05 8.223774e-05 9.6517455e-05 6.907475e-05 1.6412027e-05 3.3168642e-05 3.1868367e-06 0.011728643 0.0006196585 3.0442217e-05 5.4974844e-05 0.0014396744 4.1859725e-09 1.607829e-06 9.3378037e-07 9.438604e-06 0.0025913927 1.5349351e-05 1.2141913e-08 5.5161936e-06 2.1193266e-06 5.214587e-07 1.0315253e-05 1.281848e-07 3.8876192e-07 8.15246e-08
0.96708107 0.39317667 0.123072155 0.12879221 0.0097523015 0.20456144 0.001480456 0.0005364664 0.33063722 0.7062833 0.40233678 0.0002887583 0.37206003 0.008552845 0.00010481108 0.16767031 0.23134613 0.017017094 8.323174e-18 8.456866e-05 0.00042447014 0.4538058 0.70691615 0.24487478 0.783104 0.13284636 0.40071326 0.0010013207 0.47245196 0.00022332887 0.121108025 0.094113 8.0433136e-05 0.085452996 0.00025042103 7.857133e-05 8.864553e-05 0.0019616135 0.017513229 0.129269 0.16420509 0.1344398 0.0197878 0.08612009 0.08392617 0.008579923 0.00040435256 0.011206812 0.033525918 0.00031764325 0.0024749467 0.018084455 0.0010404632 0.00026685742 0.00017503258 0.0030777794 0.010878863 0.00020585264 0.0029783119 0.014027186 0.04166333 5.8510155e-05 0.03508076 0.0014952823 1.8320905e-05 0.013016482 0.021830596 4.492418e-05 0.0067424015 3.811688e-05 0.021294482 7.2389856e-05 0.005130804 0.00014177505 0.0015055224 0.0039046 0.011016672 0.00035531633 0.0018418115 7.143784e-06 2.738325e-05 0.00018625689 6.678167e-06 6.401674e-06 7.835066e-05 0.0006312327 1.6234912e-06 2.3099276e-06 5.1853417e-06 1.185337e-05 0.0013521722 8.394927e-07 1.659246e-05 2.9797818e-06 1.6258263e-06 0.0035512564 0.00538524 1.6923428e-05 1.2706201e-07 5.430766e-06 8.464668e-07
0.6448211 0.0026809447 0.038430505 0.0062159714 0.06618039 0.0034912678 0.05431807 0.1493262 0.008655983 0.00016023246 0.00026860464 0.18454097 0.03827686 0.4427357 0.8144723 0.009708591 1.9912962e-07 0.083230205 8.456866e-05 2.1139454e-19 0.8428804 1.0756431e-06 0.0030626094 0.06722356 0.00013366695 2.4913339e-05 2.7669926e-06 0.16896172 1.9043897e-05 0.12841846 6.978078e-08 2.2606441e-06 0.18429217 1.23634145e-05 0.15242831 0.16286443 0.13889845 7.340913e-08 7.874993e-07 0.00021541635 0.00010163134 0.00016412819 3.665897e-06 0.00024615563 3.0100156e-05 2.0035955e-06 3.7475004e-07 0.13232061 0.0008181681 0.035351872 2.5554355e-06 0.0012800174 0.011612705 1.293514e-07 2.9672347e-07 3.8300506e-08 0.00026278934 0.015501239 0.0012401511 8.030582e-05 3.958374e-06 6.140036e-08 3.7932443e-07 0.0005684536 0.031917766 1.4722243e-05 1.5659501e-06 0.004174597 5.1333907e-05 0.016277982 9.050915e-07 1.0613315e-08 1.3395119e-05 8.509126e-07 1.5410102e-05 2.8697798e-06 2.821416e-06 0.00011285153 1.2163273e-06 5.99757e-07 3.0754333e-07 3.1463722e-05 0.0021949587 0.0005702541 4.25248e-07 2.6326305e-07 0.00028593227 2.9679155e-08 4.699311e-05 3.772695e-05 1.0968624e-06 0.0012048965 1.392856e-07 5.581097e-07 3.4919838e-06 1.0880852e-07 1.584502e-07 5.304872e-06 1.3217481e-08 3.4364209e-07 2.0880062e-08
0.87193936 0.0050630355 0.08813375 0.008987747 0.07487224 0.0063791466 0.027477374 0.054942995 0.018048292 0.00020566996 0.00073211704 0.032584976 0.11274053 0.81140786 0.16841924 0.013159732 2.142418e-06 0.032181304 0.00042447014 0.8428804 9.586454e-19 4.1197845e-06 0.017956415 0.2960383 0.00058252685 0.00022038184 5.808226e-06 0.55773693 6.968506e-05 0.49544027 5.3332707e-07 1.0785681e-05 0.5689883 3.7874932e-05 0.4880579 0.51839536 0.5109643 1.3463432e-07 5.2234345e-06 0.001086487 0.00057072664 0.0005824901 8.1727434e-05 0.0007036763 0.00012657866 5.1217718e-05 7.061293e-07 0.026244128 0.0019749561 0.16419895 1.3110492e-05 0.002658082 0.076135315 1.0412428e-07 2.6537845e-07 2.0714106e-07 0.00047599844 0.07157864 0.005955093 0.0003072943 5.3590233e-05 3.3209357e-08 4.8871e-06 0.001971944 0.015780773 0.0002658348 8.127515e-05 0.015589047 0.00031627304 0.02754774 2.6015725e-05 3.241761e-08 0.00023609093 6.843985e-06 0.00017824274 5.0349703e-05 9.916464e-05 0.00018375122 1.2739581e-05 1.2146303e-06 4.9752106e-07 8.6092245e-05 0.001563413 0.0005511467 5.1628604e-06 6.1950423e-06 0.0006028762 3.6562378e-07 6.196972e-05 6.219144e-05 2.0317604e-05 0.0012936901 1.6322814e-06 7.852397e-07 6.128152e-05 1.2919742e-05 2.9038334e-05 4.09325e-05 1.1948832e-07 5.6684653e-06 1.2414058e-06
0.9433931 0.046817884 0.0009028239 0.0059009925 0.0004202539 0.018657317 1.3540149e-05 2.7521078e-06 0.008754463 0.5060275 0.23644696 2.162974e-06 0.0025385881 2.1076476e-05 1.8485289e-06 0.039905436 0.8255367 0.00076191383 0.4538058 1.0756431e-06 4.1197845e-06 1.02840516e-19 0.04415088 0.0020608574 0.1641163 0.18361098 0.65254116 6.1388528e-06 0.1853446 2.888792e-06 0.6999683 0.4707492 8.738423e-07 0.39285728 5.356032e-06 1.2091278e-06 1.1255767e-06 0.009032071 0.048660204 0.006709393 0.02218671 0.014550529 0.044032417 0.004720495 0.1096249 0.031111304 0.002884612 0.004055065 0.0010351065 5.721216e-06 0.0059851035 0.00046853253 4.112234e-05 0.00070245535 0.00048142063 0.007852425 0.0004831286 3.2779415e-06 0.00010643725 0.0011533233 0.02667534 5.9684993e-05 0.06339762 5.083169e-05 2.0818425e-06 0.0042307563 0.016999593 4.5629704e-06 0.0006839966 2.2747066e-05 0.020680247 0.00056190754 0.0008486553 0.00057146675 0.0001565716 0.009981644 0.02862914 2.1152106e-05 0.006601762 1.4559468e-05 0.00010066269 5.0085113e-05 7.965113e-06 8.9811265e-06 0.0010768856 0.0029596442 3.953703e-06 1.9844856e-06 1.0813035e-05 1.7476063e-05 0.0034313425 2.29252e-06 0.00016022236 5.2662554e-06 4.6033956e-06 0.0059851087 0.0028059052 0.00023182078 2.5986648e-08 2.5248405e-06 1.6650023e-06
0.94401205 0.23829496 0.15975012 0.17635408 0.055985738 0.17296988 0.0070593343 0.0040302686 0.3022274 0.33158046 0.16678415 0.0021982004 0.4566441 0.0614082 0.00331133 0.11270968 0.02609862 0.037177164 0.70691615 0.0030626094 0.017956415 0.04415088 1.3014047e-20 0.67316276 0.7510108 0.013286259 0.17261706 0.04721763 0.477337 0.006218207 0.006939654 0.02271642 0.0015988078 0.029076649 0.018911097 0.00205024 0.0016565794 4.8275735e-05 0.0005276116 0.35378158 0.30518198 0.28281987 0.002845574 0.26197594 0.06290811 0.0008338659 1.1995015e-05 0.006260427 0.11662974 0.0011788785 0.00021067083 0.07196499 0.0030636084 2.5960231e-05 1.7597884e-05 0.00025027443 0.019712253 0.00021567 0.009718109 0.01813914 0.024694989 4.285557e-06 0.0033506332 0.004345096 2.747373e-05 0.013095203 0.011694009 7.9291545e-05 0.008945496 6.716275e-05 0.0067973053 4.6482564e-06 0.0056141443 2.5628195e-05 0.00271452 0.0006311454 0.0027622601 0.0008880398 0.00021720614 8.421557e-07 2.4370072e-06 0.00013755074 1.6651777e-05 7.69785e-06 1.8570554e-05 4.108373e-05 1.2874873e-05 1.6366911e-06 2.1629357e-05 3.4428376e-05 0.00014101775 4.5635875e-06 2.5389147e-06 1.2321212e-06 9.2820017e-07 4.3401717e-05 0.00021343931 1.4562121e-05 3.328374e-08 1.1767718e-06 3.7413758e-07
0.9007282 0.0762673 0.1356376 0.080492765 0.08348127 0.074326836 0.014042786 0.011568114 0.13269609 0.08455433 0.0525238 0.005030589 0.57691294 0.22915001 0.008822461 0.037986424 0.0053596757 0.043762747 0.24487478 0.06722356 0.2960383 0.0020608574 0.67316276 1.4232653e-17 0.33022317 0.002560091 0.014432384 0.62940323 0.16733609 0.44578826 0.00019282599 0.00091892004 0.37475425 0.0017577538 0.5045425 0.33375487 0.3270993 1.2375919e-05 0.0003410422 0.3886203 0.26560864 0.24084985 0.00067220296 0.27375093 0.0074328855 0.0005724961 6.0168973e-06 0.015643504 0.29720217 0.21508512 5.9820388e-05 0.1971072 0.13058843 4.099241e-06 5.191311e-07 3.3399116e-05 0.053015485 0.041469973 0.060212903 0.040568925 0.011685766 4.713544e-07 0.0035813404 0.035356887 0.0028815272 0.016988419 0.009168153 0.010903686 0.017539 0.0054394025 0.0037409842 1.2764737e-06 0.010761887 4.2796084e-05 0.006294554 0.0010243875 0.0023118441 0.005584055 0.00062093866 2.5628747e-06 1.2631765e-05 0.0006981417 0.00014362748 0.00064290815 2.3242499e-05 7.1400005e-05 0.00010512801 1.2169504e-06 0.00026926352 0.0003001681 0.00017763757 6.327826e-05 4.951428e-06 2.190423e-06 7.3183954e-05 2.2303224e-05 0.00032477677 1.8091372e-05 1.7216378e-07 7.418014e-07 1.3128138e-06
0.95303273 0.17355669 0.07387712 0.09809615 0.011172062 0.13921024 0.0013415351 0.00073685666 0.13653629 0.3443287 0.27405742 0.00058644847 0.21565866 0.0049207546 0.00019719457 0.07874052 0.10888113 0.011221529 0.783104 0.00013366695 0.00058252685 0.1641163 0.7510108 0.33022317 6.436185e-20 0.041329402 0.49542826 0.0020475183 0.71130943 0.00037458088 0.07155182 0.087229036 0.00011568109 0.11021577 0.00061915844 0.00010564622 0.00011111624 0.0007007652 0.0057015456 0.3626979 0.4247901 0.37431008 0.0075535737 0.29672 0.19189285 0.0036687024 0.00016975502 0.0048428765 0.09002425 0.00047315104 0.0012772726 0.045877453 0.0016566783 0.00020462836 0.00011859775 0.0021519102 0.020282475 0.00015742336 0.0062176115 0.025656834 0.074114226 5.0067967e-05 0.027125895 0.0028439052 2.6510452e-05 0.020294728 0.03206469 5.837383e-05 0.011125637 2.9624509e-05 0.035804436 6.529938e-05 0.011260116 6.553839e-05 0.004581511 0.0035276148 0.011962675 0.0009127663 0.0014190807 7.0080896e-06 1.6417633e-05 0.00031136908 4.6729106e-06 7.2218054e-06 6.282991e-05 0.00028355507 1.6776002e-06 3.08542e-06 6.059579e-06 8.989748e-06 0.0015085184 1.3347853e-06 1.3147301e-05 2.95311e-06 1.4461568e-06 0.0006328985 0.0010697251 1.330049e-05 8.2631715e-08 1.8646981e-06 5.268961e-07
0.99584347 0.10891597 0.0066703996 0.026067898 0.0009553302 0.05645057 0.00024360546 0.00027348605 0.022816973 0.28050134 0.5071104 8.415929e-05 0.006200631 0.000286317 4.4031076e-05 0.24946763 0.5683438 0.0035710102 0.13284636 2.4913339e-05 0.00022038184 0.18361098 0.013286259 0.002560091 0.041329402 4.1400386e-20 0.031762205 0.00018572902 0.012051907 6.220236e-05 0.10655815 0.03475802 3.5343008e-05 0.02652186 0.00014442783 5.3516946e-05 4.8260223e-05 0.5560148 0.46187305 0.0023148255 0.0051575582 0.0044016032 0.5035462 0.0023882093 0.009185131 0.38136798 0.2858099 0.09019575 0.00046685123 7.796955e-05 0.14080472 0.00037201747 0.00022013253 0.10278508 0.08573503 0.09084909 0.00016634708 0.00010195908 0.0001313668 0.00029808306 0.0013895193 0.052044664 0.042036958 0.00010536128 0.000113030444 0.00034196762 0.000526424 4.330794e-05 0.00012512892 3.9424136e-05 0.0007242286 0.027313408 0.00015201034 0.032428786 0.0001993783 0.0031311184 0.0024101387 3.5074052e-05 0.008714813 0.0049116076 0.0042996933 1.0801779e-05 0.0004111203 5.13483e-05 0.0024090025 0.0014784489 0.0001464442 0.0007998278 6.922851e-06 6.6849534e-06 0.0035310176 1.990662e-05 0.0012636537 5.32787e-06 4.5158933e-07 0.0016437373 8.700463e-05 0.0009728183 0.00013126999 0.00068967824 0.00021210172
0.94542456 0.039197356 0.0018281016 0.010141719 0.00045768401 0.025992997 7.996562e-06 5.5006603e-06 0.012521596 0.1575937 0.22527787 6.9767616e-06 0.0112638 5.025146e-05 1.4706301e-05 0.017516041 0.13693614 0.0012162641 0.40071326 2.7669926e-06 5.808226e-06 0.65254116 0.17261706 0.014432384 0.49542826 0.031762205 9.401205e-21 3.4790403e-06 0.79611176 1.2982023e-06 0.5149816 0.75304896 3.5258634e-07 0.79052114 2.357478e-06 2.7610497e-07 2.6728517e-07 0.0016286484 0.013289687 0.103222884 0.23005484 0.20771514 0.0077032265 0.119040795 0.7761162 0.0048664417 0.0003849648 0.0011429641 0.00803905 9.100887e-06 0.0014018946 0.0030331013 7.336837e-05 0.00018263937 0.00033089955 0.0011639365 0.0027077047 9.886234e-06 0.00052447617 0.006971733 0.11304093 3.8184735e-05 0.16437013 0.00034925717 2.4317303e-06 0.015037883 0.03096591 1.4114347e-05 0.0043889065 4.0214645e-06 0.07583439 5.4578566e-05 0.0072668227 0.00018607297 0.0021808152 0.010466895 0.050612833 0.00056447997 0.0068202103 3.0602372e-05 6.723883e-05 0.00068479776 3.4355348e-06 1.8723167e-05 0.00070049055 0.0017368927 1.5999959e-06 3.3162502e-07 2.550256e-05 2.1592754e-05 0.04214986 6.776288e-07 9.5871896e-05 1.0804876e-06 2.2567616e-07 0.0024754 0.0023232333 3.1429095e-06 5.586683e-09 4.286965e-07 7.403444e-08
0.89301556 0.008104064 0.041209325 0.015857782 0.06495799 0.0091478815 0.014479415 0.010901097 0.017160509 0.0007759972 0.0014841518 0.0044544903 0.08894243 0.13800982 0.027358757 0.0107404515 4.191875e-06 0.021970334 0.0010013207 0.16896172 0.55773693 6.1388528e-06 0.04721763 0.62940323 0.0020475183 0.00018572902 3.4790403e-06 4.0873773e-19 3.4900146e-05 0.7714052 2.431991e-07 3.1501177e-06 0.6922365 7.9901365e-06 0.7598026 0.63164264 0.6202307 9.061084e-08 1.3035382e-06 0.012671273 0.0016669868 0.0018527746 3.3764984e-05 0.0064369305 7.9021826e-05 1.5509304e-06 5.3039052e-08 0.0040961616 0.034138806 0.40619236 2.5191666e-06 0.03172309 0.16554368 6.81595e-08 1.0107463e-07 3.9199003e-07 0.0025509899 0.07264284 0.00966044 0.0014466709 0.00015503922 1.5754095e-08 6.511916e-05 0.0059913485 0.0040412187 0.0009453679 0.00027873652 0.010269279 0.0016416584 0.0070648612 0.00014699229 2.418645e-07 0.0005578137 3.719054e-05 0.0006721421 3.341731e-05 0.0001958267 0.0019872992 2.004371e-06 6.08081e-07 1.6222506e-07 0.00019849894 0.0007886813 0.0013789396 4.3085524e-07 3.436079e-06 0.00021074053 7.627531e-07 0.0002572491 0.00022891164 0.00040426018 0.00013252687 5.168922e-07 1.4860956e-06 4.7187145e-06 5.758911e-06 2.1252072e-05 1.962868e-06 4.6704333e-08 8.24688e-07 1.6360036e-07
0.8787647 0.05811176 0.0052758646 0.017615413 0.000811057 0.033978265 4.9962124e-05 4.0355935e-05 0.025550447 0.15350547 0.17178878 2.6883386e-05 0.04219901 0.00015245329 6.237718e-05 0.016454397 0.049345717 0.0018434142 0.47245196 1.9043897e-05 6.968506e-05 0.1853446 0.477337 0.16733609 0.71130943 0.012051907 0.79611176 3.4900146e-05 1.1411042e-22 5.791599e-06 0.16353726 0.3334704 1.1288672e-06 0.42624974 6.390987e-06 6.163236e-07 6.4525625e-07 0.0005253124 0.0029888751 0.5508378 0.68341625 0.6213179 0.0029126673 0.5360221 0.81963766 0.0020451413 0.00012356667 0.00082150847 0.086451344 2.7058755e-05 0.0012815131 0.026205484 0.00015156144 0.00011563509 0.0001204847 0.00034021612 0.012576292 2.3173821e-05 0.0021135663 0.030175276 0.23539954 1.2913128e-05 0.07033538 0.0013745555 7.71312e-06 0.03673918 0.07005536 3.9155144e-05 0.013362038 1.2474127e-05 0.09414583 6.145408e-06 0.018336581 8.3047555e-05 0.0074628484 0.006018723 0.03675689 0.0016641475 0.0020740218 1.0278174e-05 6.3432117e-06 0.0018974853 6.3439375e-06 3.1041574e-05 4.8221857e-05 0.0003721761 3.2344885e-06 1.6146615e-07 2.7253845e-05 3.5380435e-05 0.039722018 1.0755568e-06 2.8281092e-05 4.045531e-07 9.562895e-08 0.0012113076 0.0015872851 1.176682e-06 6.3586527e-09 1.059288e-06 1.8471077e-07
0.9151083 0.0017956732 0.020030254 0.0059479102 0.03778402 0.0034553667 0.011738174 0.007410205 0.005906288 0.0003474681 0.0005879282 0.0032943683 0.04228618 0.083254434 0.019756626 0.0049147517 1.00859e-06 0.017137302 0.00022332887 0.12841846 0.49544027 2.888792e-06 0.006218207 0.44578826 0.00037458088 6.220236e-05 1.2982023e-06 0.7714052 5.791599e-06 7.563603e-19 1.6225664e-07 1.1643915e-06 0.80303544 2.233674e-06 0.7643056 0.73098254 0.74372095 5.9541126e-08 6.648843e-07 0.0037183573 0.00039389732 0.00040955536 3.2894266e-05 0.0018502971 2.2759954e-05 2.5004158e-06 6.096915e-08 0.0042862976 0.015314882 0.4823784 1.1300855e-06 0.012639665 0.2657647 1.5897504e-08 2.3457867e-08 1.1448321e-07 0.0017517036 0.17279753 0.009528635 0.0006830941 0.000118657146 1.3110995e-08 1.9185336e-05 0.005596064 0.017289089 0.00056201604 0.00014703225 0.04091823 0.00081709115 0.024193188 0.000113398506 7.788411e-08 0.00048119848 2.432548e-05 0.00066634273 2.5989266e-05 0.00015169116 0.0031447974 1.3780111e-06 6.9769834e-07 2.2333023e-07 0.00032817203 0.0025412068 0.0039020055 6.1919206e-07 3.8338335e-06 0.00075332785 1.2475172e-07 0.00028298696 0.0002507422 0.00027189247 0.00029964297 1.1679904e-06 5.296983e-07 1.39710255e-05 2.4084256e-05 9.7790675e-05 3.9947437e-07 1.583779e-08 8.762415e-07 7.288928e-08
0.9231683 0.008346297 8.510426e-05 0.0019628936 3.0044976e-05 0.009751401 4.1756178e-07 3.1057326e-07 0.0010574829 0.108334124 0.21008313 4.6537542e-07 0.00021608485 2.8126576e-06 4.161811e-07 0.019065965 0.27791557 0.00011513078 0.121108025 6.978078e-08 5.3332707e-07 0.6999683 0.006939654 0.00019282599 0.07155182 0.10655815 0.5149816 2.431991e-07 0.16353726 1.6225664e-07 9.9716384e-20 0.852779 6.3298444e-08 0.72166914 2.8679014e-07 2.7998066e-08 3.8326817e-08 0.027514093 0.270345 0.0022294722 0.013267596 0.007891655 0.03369603 0.0022776623 0.35409987 0.025686488 0.003888341 0.00054810656 0.00016793676 8.2947184e-07 0.023631034 6.898219e-05 8.173004e-06 0.0020630097 0.0019848028 0.006636247 0.0001568759 1.9475058e-06 2.9673569e-05 0.00075703586 0.042081915 0.000460032 0.30076227 1.8797184e-05 5.466884e-07 0.0036106738 0.014398778 1.4950327e-06 0.00071766495 3.728829e-06 0.024630535 0.00050435757 0.0010171973 0.000521906 0.00028828287 0.026234426 0.050567918 3.407556e-05 0.03234599 0.0001021818 0.0013835973 9.7890705e-05 2.404523e-06 3.7984844e-06 0.0038081692 0.006626081 3.7808348e-07 8.665956e-07 1.804459e-05 2.8938342e-05 0.015910909 2.119069e-07 0.0012414067 5.4977336e-06 1.2406851e-08 0.0018182241 0.000613797 0.0002552966 1.0185722e-08 3.025754e-06 3.3392777e-07
