0.0 0.10045379 0.023386609 0.016966196 0.5180002 0.020158736 0.017691309 0.063008785 0.4912207 0.18677296 0.06487102 0.5880295 0.021487147 0.31438538 0.4404211 0.006897203 0.22795503 0.1168772 0.393779 0.0046343515 0.039338868 0.053676687 0.56813335 0.50440586 0.65796494 0.6774507 0.38165352 0.045961045 0.016126096 0.0030741987 0.006721097 0.008247774 0.105401814 0.009346857 0.011617999 0.00065252976 0.0004441192 0.004126385 0.013126005 0.00038192765 0.0012458464 0.0007606147 0.0043204688 0.12165171 0.8032096 0.07320557 0.0010247843 0.00170721 0.848048 0.011992168 0.0005877816 0.7634597 0.85317373 0.12155362 0.0029793798 0.86914045 0.014001812 0.030173175 0.0040228884 0.0040435507 0.9780802 0.8398734 0.0023844475 0.8506438 0.003045398 0.17995265 0.08885039 0.0017184878 0.014395852 0.0023284112 1.5521933e-05 0.06175854 5.520905e-06 4.6263012e-05 4.891645e-05 0.99242955 0.0013213035 1.1988673e-06 5.611018e-06 2.75197e-05 0.9653575 3.5371093e-05 0.0005574927 0.00032695496 0.0018094857 8.395476e-06 0.99260026 0.22472093 1.0526846e-06 0.0035207532 1.1096903e-06 0.00022482775 0.031846493 0.96569514 0.03018008 0.98458296 0.00087337237 1.1447809e-05 0.5222614 0.4925345 0.98609906
0.10045379 7.474667e-24 0.4655613 0.47458053 0.62931097 0.62659127 0.3342495 0.1317001 0.16490169 0.345154 0.07817167 0.18575422 0.10107379 0.12381424 0.10066766 0.23553345 0.14035973 0.015702777 0.012515834 0.21315067 0.11585625 0.31938908 0.0030768153 0.080650866 0.25242132 0.008752878 0.000932454 0.0006253434 0.016129125 0.08789224 0.21756996 0.22901635 0.021042181 0.058292866 0.061852586 0.18895209 0.108361766 0.061576843 0.00016131661 0.11266781 0.034306113 0.057680402 0.016044179 8.219206e-06 0.12586792 2.6077278e-05 0.13850941 0.029007034 0.01068107 7.200154e-05 0.071826585 0.032741483 0.042218905 0.0012392242 0.16324838 0.057509955 0.0035081012 0.001731957 0.00028767315 0.00019505597 0.1519649 0.005650861 2.1814598e-05 0.0012110961 0.009213423 5.8856713e-06 0.001345434 0.0061741695 1.1290579e-06 1.094644e-06 0.021792706 1.6573686e-07 0.0037929644 0.0015595687 0.0020367512 0.0033118085 0.009065528 0.0076814895 0.00065369165 5.278376e-05 0.0004999499 2.5330271e-05 0.002273629 0.0013346074 7.933322e-07 5.862829e-05 0.007155304 0.00019766699 0.00014671778 0.00034532137 0.00015747247 0.0005311549 1.9888631e-07 0.00029726973 4.5512294e-05 0.016798962 0.00014313917 0.0001998159 0.008517851 3.349856e-06 0.00026356062
0.023386609 0.4655613 2.2325565e-28 0.7167331 0.14595252 0.44828567 0.5059204 0.09435985 0.11836913 0.03410081 0.06860637 0.03185938 0.07127109 0.16906424 0.10611961 0.3070746 0.022220403 0.028547274 0.029042812 0.26425081 0.004775319 0.020113435 0.013810071 0.10230856 0.038156006 0.02658451 0.00080468855 0.0015106591 0.01687677 0.09491432 0.046628527 0.048926897 0.00096711644 0.0044933357 0.007246833 0.084612995 0.094852306 0.00564036 0.00048029484 0.06043746 0.03573295 0.055557676 0.023789736 1.7178609e-05 0.025004653 4.6986304e-05 0.060505208 0.028753249 0.021973029 0.00026413027 0.06508412 0.0035007354 0.05046559 8.705737e-06 0.06004751 0.0068869763 0.00023086395 5.0249593e-05 0.0006938912 0.00044295195 0.023174807 0.012683315 3.5073015e-05 0.0040499265 0.018091738 2.5358404e-05 6.037921e-05 0.005748382 6.656155e-06 3.2260261e-06 0.0031672462 6.87853e-07 0.005485228 0.0010302615 0.0012851364 0.0026859145 0.00026548366 0.0028450869 0.0027139871 3.594483e-05 0.002130498 2.264715e-05 4.592278e-05 1.4298139e-05 4.1218968e-07 9.904027e-05 0.0033417041 2.4418427e-05 0.00012751111 4.776188e-05 5.9429967e-05 2.8507318e-06 3.0221594e-07 0.00064504414 9.23081e-07 0.0052961805 5.1439974e-06 1.3198878e-06 0.0019598624 4.7414314e-06 0.00016174844
0.016966196 0.47458053 0.7167331 3.58118e-29 0.15219156 0.45173314 0.5040267 0.09681515 0.11942381 0.03776492 0.07449518 0.03196601 0.080747336 0.16124038 0.113944255 0.31701243 0.025071938 0.03003156 0.02917034 0.27916095 0.005796327 0.02378294 0.012137538 0.074173674 0.048323046 0.024706053 0.00073528534 0.0014615931 0.016304411 0.09691036 0.054739304 0.05697728 0.0014115378 0.0041327965 0.008033497 0.07915654 0.09248191 0.0059810975 0.00048323596 0.06161096 0.038934764 0.05886684 0.024122516 1.1041614e-05 0.029068628 3.6873327e-05 0.060461994 0.028603606 0.017406793 0.00017577075 0.06531513 0.0045516226 0.039703917 1.0123141e-05 0.0609664 0.0079416195 0.0002588203 6.928535e-05 0.0006457137 0.0004036677 0.017924882 0.010334721 2.0041678e-05 0.0038556058 0.01645413 2.5053507e-05 6.990238e-05 0.0049933996 6.2313648e-06 3.815563e-06 0.0049691275 4.5162116e-07 0.0063681146 0.0010122055 0.0013501802 0.0017287615 0.0003058316 0.0034074052 0.00396258 2.3835742e-05 0.001624783 2.3140277e-05 4.786612e-05 1.1604001e-05 4.0141023e-07 7.395368e-05 0.002926624 2.894991e-05 0.0002092869 5.4242006e-05 9.642646e-05 3.6415754e-06 2.6328888e-07 0.00046501675 1.4773065e-06 0.0035699818 6.9685425e-06 2.117672e-06 0.002641647 5.344307e-06 0.00013511945
0.5180002 0.62931097 0.14595252 0.15219156 2.2037267e-22 0.16326463 0.100767106 0.103288494 0.12351358 0.4780022 0.06944613 0.5577165 0.08262236 0.2058843 0.1335752 0.07350775 0.2901695 0.018421449 0.0072024097 0.047779538 0.12715225 0.25832573 0.01046414 0.25535402 0.44201848 0.04882908 0.00049559516 0.0008289622 0.011075573 0.01584924 0.12963544 0.14451452 0.0462113 0.04476741 0.08297198 0.073261455 0.03071876 0.06309705 0.00049130927 0.061483704 0.016684398 0.027969567 0.014233632 2.1414222e-05 0.36580336 6.292027e-05 0.09229724 0.019286495 0.07567617 0.0003292306 0.030753002 0.13751367 0.2081544 0.008280457 0.12860376 0.20438127 0.0050729825 0.0064532002 0.0011979778 0.00087786914 0.5445136 0.038906712 0.00020302393 0.00665402 0.009055785 0.00022906536 0.0032235277 0.005280773 0.00011428878 0.00014065979 0.020930355 1.5031652e-05 0.0074379444 0.0015463639 0.0022966121 0.05774992 0.0108054085 0.012393253 0.0031462417 0.0005303362 0.0045482405 0.00045647984 0.0022385288 0.00096268515 4.7548278e-05 0.0003660386 0.070281915 0.0019495807 0.00042505772 0.0010067177 0.000166852 0.00073160644 5.9616464e-06 0.0050503984 0.00095358246 0.09517117 0.00046899923 0.0005586516 0.026185619 9.1400405e-05 0.0034792377
0.020158736 0.62659127 0.44828567 0.45173314 0.16326463 6.540963e-26 0.53727907 0.118444435 0.09637814 0.08183576 0.08709041 0.041786805 0.10484595 0.067257605 0.039738953 0.43318155 0.03297234 0.023276009 0.009024456 0.37767664 0.01934392 0.07194078 0.0017679831 0.023858095 0.041365653 0.0043656505 0.0019191869 0.0017203358 0.010792215 0.12487353 0.13694265 0.15314999 0.0060550505 0.012061404 0.023599735 0.15715005 0.13925107 0.017155968 0.0007635593 0.14992397 0.04334389 0.08065244 0.017208634 5.2632906e-05 0.019900165 0.0001565353 0.1388056 0.037993565 0.005918013 0.0004031097 0.10661441 0.005290842 0.017116614 0.0005097626 0.12534438 0.009789557 0.0015681367 0.0008341208 0.0006368287 0.0004525158 0.017926883 0.0038185704 9.874234e-05 0.0010030951 0.016110623 2.4044417e-05 0.00059572974 0.0040635816 2.2310535e-06 2.3317732e-06 0.014262806 2.8059102e-07 0.00892616 0.0018410591 0.0031997098 0.0011558003 0.0029950698 0.008943859 0.0014093263 5.50787e-05 0.00030201674 2.172346e-05 0.00031109928 6.2390805e-05 5.2079776e-07 7.429093e-05 0.0030771908 7.21732e-05 0.00027746003 8.2551895e-05 0.00045238502 2.8890445e-05 9.458516e-08 0.00024538874 1.4237533e-05 0.0057085236 2.13427e-05 7.578288e-06 0.0045224163 1.2527471e-06 5.6474513e-05
0.017691309 0.3342495 0.5059204 0.5040267 0.100767106 0.53727907 5.6135646e-29 0.24147949 0.20079476 0.04002363 0.18219057 0.021397209 0.25522515 0.08747452 0.11350665 0.6380207 0.016086336 0.0752984 0.045120806 0.55549085 0.0080076745 0.048229933 0.012217129 0.01904982 0.023338912 0.0184848 0.0058583496 0.0068097236 0.047783524 0.31067714 0.0928317 0.109793745 0.0022394068 0.0048532216 0.015680231 0.15065764 0.23328546 0.008957652 0.0038471494 0.18493593 0.12512994 0.16916572 0.06061937 0.0003459219 0.011397628 0.0010739028 0.092831396 0.10067743 0.011909788 0.0015858114 0.1934008 0.0015010831 0.02398922 0.00011605702 0.06985306 0.0027012308 0.0014145684 0.0003457341 0.0024860948 0.0016916797 0.009401295 0.0093472665 0.00035239846 0.0045807157 0.036675848 0.00021771173 0.00049427134 0.010686041 2.0142736e-05 1.6615957e-05 0.0041956212 2.9013243e-06 0.009147891 0.0034402139 0.007621581 0.0009182774 0.00088309584 0.009055603 0.0061477064 0.00024672088 0.00103723 0.00016176571 0.00013971352 2.2237407e-05 6.0721263e-06 0.00028633827 0.0017300288 2.5340152e-05 0.00094170566 9.7345175e-05 0.0016593899 8.81492e-06 1.7044703e-06 0.00028000178 7.731266e-06 0.0028760128 2.1142425e-05 2.3106284e-06 0.0029834772 2.1629214e-05 3.744057e-05
0.063008785 0.1317001 0.09435985 0.09681515 0.103288494 0.118444435 0.24147949 1.1813508e-26 0.48545787 0.016474243 0.49833933 0.019023014 0.41010636 0.16311762 0.4276474 0.21237391 0.015595256 0.26994506 0.2923039 0.15006246 0.0011775431 0.008536116 0.18295363 0.06394058 0.036677446 0.19974789 0.055768058 0.05135542 0.16697219 0.27126825 0.03433724 0.04060989 0.0009340462 0.001929601 0.003646914 0.042785674 0.07678132 0.0033593439 0.02157904 0.05550164 0.122420244 0.10457634 0.15200274 0.0042548357 0.027495686 0.0057050944 0.03387013 0.115215115 0.13525157 0.009572522 0.08613169 0.0020291242 0.111957274 3.331234e-05 0.021046454 0.0041506994 0.0005607226 0.00012078199 0.014003795 0.010298678 0.014545398 0.11379062 0.001734174 0.07613377 0.10144028 0.00431885 0.00017920967 0.028584816 0.0041513485 0.00067019876 0.0010193561 0.0012585514 0.005333697 0.00504764 0.0077661057 0.0032353483 0.00039012328 0.002059529 0.01723101 0.00043152642 0.026326139 0.00029339403 3.931368e-05 9.077476e-06 7.9918005e-05 0.00035232317 0.002694292 2.0054954e-06 0.0022927334 1.9461513e-05 0.00087495055 2.68834e-06 0.0011274315 0.0034198952 3.3441154e-07 0.006922145 5.2803166e-06 1.3491059e-06 0.005341301 0.004149168 0.0004802609
0.4912207 0.16490169 0.11836913 0.11942381 0.12351358 0.09637814 0.20079476 0.48545787 2.2043803e-24 0.018920211 0.47017768 0.019691745 0.42138913 0.21631369 0.55793065 0.14495964 0.016274894 0.38019314 0.5412446 0.08914265 0.000814033 0.007624296 0.34562075 0.14736925 0.043491542 0.26298866 0.08209246 0.06832829 0.2164721 0.1989537 0.023094885 0.027799059 0.0005231631 0.00046406823 0.0018087216 0.022073556 0.040981144 0.0008424636 0.023297533 0.03207454 0.087374754 0.06685959 0.13933305 0.0038099745 0.042598177 0.0059960466 0.021488428 0.08798351 0.2765309 0.012865571 0.042900365 0.00555777 0.22439368 3.828899e-05 0.010169311 0.00863534 8.132973e-05 4.4506873e-05 0.019615436 0.014798088 0.041761607 0.25523645 0.0022111004 0.15275463 0.07587724 0.006945759 0.00010081649 0.023720989 0.0024755264 0.0005035252 0.000410663 0.002265574 0.0022271855 0.003109606 0.0045322673 0.022011336 8.1141945e-05 0.0007693098 0.0069609242 0.00034078033 0.09446513 0.0003790339 1.1521157e-05 4.4615645e-06 3.9413797e-05 0.00023210773 0.008346715 8.330817e-06 0.0012711142 8.307674e-06 0.00042935836 1.2644728e-06 0.0028242266 0.01790509 8.5816725e-07 0.014270288 2.0733287e-06 2.2152624e-06 0.0057547227 0.010840259 0.0033356177
0.18677296 0.345154 0.03410081 0.03776492 0.4780022 0.08183576 0.04002363 0.016474243 0.018920211 2.5512716e-23 0.010207083 0.51156723 0.017120646 0.08024527 0.044740383 0.029799014 0.5597846 0.0028985476 0.0011827123 0.021435222 0.4514544 0.5671104 0.002147318 0.055362124 0.31736997 0.007933058 6.617612e-05 8.9029825e-05 0.0022018156 0.005727705 0.18185076 0.20416786 0.1330454 0.14027587 0.17163742 0.05535288 0.013244607 0.123124115 8.798463e-05 0.037490826 0.0073442752 0.013734614 0.005048626 4.521463e-06 0.18536867 1.9110284e-05 0.08922482 0.008822394 0.014344756 5.3288688e-05 0.017548606 0.15987812 0.040389974 0.030119851 0.18438424 0.19348957 0.03733061 0.022008615 0.00020817711 0.0001465747 0.28273 0.007279676 4.4822504e-05 0.001774709 0.005584506 4.677778e-05 0.010245414 0.004223218 1.0708014e-05 5.9368585e-06 0.024343768 4.192449e-07 0.0043692556 0.0013850178 0.001616428 0.00954425 0.02787071 0.0101897465 0.0009989766 0.00019159124 0.00067910523 9.152758e-05 0.006218275 0.0030653751 5.190606e-06 0.00018202295 0.028121615 0.0071813874 0.00032791265 0.0015057278 0.0004171006 0.0015946978 7.7006723e-07 0.00037222332 0.0023362595 0.09906578 0.00076188886 0.0011387622 0.03426586 1.6595053e-05 0.00036903456
0.06487102 0.07817167 0.06860637 0.07449518 0.06944613 0.08709041 0.18219057 0.49833933 0.47017768 0.010207083 6.2647554e-27 0.010606463 0.4166276 0.1399695 0.3936461 0.15956813 0.010487653 0.34182274 0.3429119 0.10284223 0.000640983 0.0047286525 0.19552256 0.05096484 0.024357222 0.19377741 0.08660282 0.073424794 0.19381009 0.22858319 0.02258224 0.027659561 0.00041720996 0.00094933686 0.0025229906 0.026518159 0.05498748 0.0020981357 0.030302335 0.03525788 0.10890904 0.095345326 0.16002871 0.0062494455 0.016140899 0.007618547 0.024787268 0.10630092 0.14041367 0.0144546 0.07019475 0.0011939583 0.095367484 1.6611633e-05 0.017393004 0.0020740684 0.00035236523 6.8122434e-05 0.01849298 0.013716531 0.008518574 0.12856239 0.0024624607 0.0887658 0.101845145 0.005293252 0.000108337365 0.037413947 0.0067278817 0.0010475427 0.0006792399 0.0017972888 0.0049028588 0.004848207 0.0077948803 0.0030927574 0.00033517613 0.0011207518 0.017564336 0.00058820134 0.032239113 0.00033038176 2.9908837e-05 5.7818806e-06 0.0001389063 0.00047291417 0.0019853236 1.6761242e-06 0.0024852839 1.3495235e-05 0.00095517846 1.8091915e-06 0.0018544717 0.0038520943 2.955182e-07 0.005552663 3.6005058e-06 8.8480994e-07 0.0047723576 0.005767486 0.0007193006
0.5880295 0.18575422 0.03185938 0.03196601 0.5577165 0.041786805 0.021397209 0.019023014 0.019691745 0.51156723 0.010606463 9.7782426e-21 0.012235727 0.05607361 0.0175808 0.0140523845 0.69462717 0.0026456139 0.0010157728 0.00865441 0.28098905 0.23071438 0.0021054558 0.047200248 0.5831456 0.006788148 3.119887e-05 3.268974e-05 0.0018771853 0.0030436474 0.0879418 0.09585959 0.17266402 0.09370144 0.098711684 0.026648423 0.007781237 0.08709587 2.767852e-05 0.016173596 0.0037858922 0.0067740637 0.0037378832 2.782621e-06 0.2205277 5.6683357e-06 0.047877334 0.0051997895 0.015945839 2.1080918e-05 0.0065419157 0.31456894 0.060729682 0.037825044 0.12130101 0.28953972 0.02825768 0.021401096 0.00016479335 0.000115872 0.4393864 0.009126528 2.0537389e-05 0.0015676297 0.004203002 2.314416e-05 0.011888183 0.0026596563 5.9765443e-06 1.0625028e-05 0.015418454 8.706629e-07 0.0017049516 0.0007558916 0.0009817005 0.030244181 0.03626328 0.004859207 0.00069347874 0.0001797521 0.0018724082 0.00010325967 0.011589603 0.0046414104 4.6559894e-06 0.000109090055 0.07461148 0.008718965 6.840132e-05 0.0026689945 2.5442607e-05 0.0036102848 1.5592816e-06 0.0017138845 0.0039068963 0.16650073 0.0014491209 0.003469501 0.046595257 1.700096e-05 0.0016990005
0.021487147 0.10107379 0.07127109 0.080747336 0.08262236 0.10484595 0.25522515 0.41010636 0.42138913 0.017120646 0.4166276 0.012235727 6.442306e-26 0.120965585 0.35889694 0.2362751 0.010406911 0.3192532 0.34447652 0.16110599 0.00079994 0.0109551195 0.13667649 0.028323578 0.022715256 0.13174756 0.06993254 0.0641103 0.25680146 0.288442 0.03246166 0.04040878 0.00065051194 0.00068004755 0.0025220187 0.042104222 0.0797361 0.0017293212 0.028668469 0.059512045 0.17596471 0.14782399 0.22473907 0.0076658726 0.013698503 0.010021997 0.041134488 0.1580036 0.07932406 0.01683 0.10700972 0.0010345909 0.057117436 4.2850483e-05 0.018099573 0.001896514 0.0006180394 0.00018395146 0.019666282 0.015755517 0.0072504207 0.07065375 0.004301945 0.045843955 0.115944564 0.0055105663 0.00017485222 0.041464847 0.00796049 0.0013651951 0.00057725015 0.0022604363 0.0075904885 0.009591466 0.01777642 0.002431058 0.000119170756 0.0030843937 0.02157192 0.0004355873 0.015312486 0.00039819037 2.3423652e-05 4.0902078e-06 0.00023252047 0.0003540827 0.001895271 2.1614462e-06 0.0040571513 3.2244145e-06 0.0016843799 1.2710728e-06 0.0010799458 0.002514412 2.3514637e-07 0.0052509503 2.125575e-06 3.533495e-07 0.004751198 0.0042915083 0.0007223224
0.31438538 0.12381424 0.16906424 0.16124038 0.2058843 0.067257605 0.08747452 0.16311762 0.21631369 0.08024527 0.1399695 0.05607361 0.120965585 2.1287055e-19 0.3174154 0.044332482 0.042806946 0.082378924 0.08525601 0.0131100165 0.011884039 0.028276684 0.049363323 0.8569398 0.069658495 0.1014312 0.004650476 0.0058871144 0.026688676 0.012429377 0.018150607 0.021452345 0.010601401 0.003691541 0.0077142864 0.014261677 0.010283421 0.004289974 0.0019426878 0.020519126 0.011411397 0.0133910775 0.018334636 0.00079581817 0.053623598 0.00092874747 0.018699748 0.013351 0.15628372 0.0010592638 0.017011635 0.007213581 0.43214852 0.00018672786 0.01094513 0.013137038 0.0004306688 0.00031238425 0.0011237833 0.00091634894 0.045547035 0.07420093 0.00014826968 0.020455033 0.007895327 0.00092707714 0.0003059763 0.00469144 0.0002840653 0.0002128064 0.000947166 7.827448e-05 0.0018579361 0.0024189327 0.0037395093 0.056744616 0.0003925778 0.00056105695 0.0010681197 0.00023138721 0.010984296 0.00017095268 9.3078415e-05 2.3530632e-05 1.6927963e-05 0.00041381127 0.032473303 8.110055e-05 0.00021009358 5.9812974e-05 8.2207865e-05 1.2034041e-05 1.915517e-05 0.01325392 1.6585624e-05 0.010262616 1.2641478e-05 8.053041e-06 0.0024597414 3.3505738e-05 0.008497697
0.4404211 0.10066766 0.10611961 0.113944255 0.1335752 0.039738953 0.11350665 0.4276474 0.55793065 0.044740383 0.3936461 0.0175808 0.35889694 0.3174154 1.0505375e-21 0.057569586 0.011688603 0.30532125 0.46090415 0.012308664 0.0003897496 0.0075955857 0.4242838 0.17351681 0.04188747 0.552876 0.033113725 0.038528815 0.15077999 0.039575722 0.01089986 0.014593013 0.00049702765 0.00011992105 0.00062877504 0.005981132 0.010661367 0.0003261378 0.0126449885 0.010834093 0.0315823 0.022350434 0.07509621 0.0035671603 0.046822123 0.0035312602 0.008781426 0.034950994 0.56545234 0.0031545237 0.0147639895 0.0021183176 0.33675432 8.230102e-06 0.0043153632 0.005010862 3.0083309e-05 7.3441424e-06 0.006976299 0.004993419 0.0252112 0.41227072 0.0008199353 0.16930081 0.030164003 0.007680369 3.9359107e-05 0.015019524 0.002490264 0.0013610611 0.00024700176 0.0020989084 0.0016103166 0.0027373056 0.004210968 0.027757715 0.00010717745 0.00042994905 0.005055398 0.00029974416 0.09680909 0.00026938654 1.21547555e-05 3.1978334e-06 0.00023730558 0.0002645402 0.013384215 1.6319435e-06 0.0006055134 6.924818e-06 0.00017619622 1.0227187e-06 0.0010896388 0.045597468 2.6009496e-07 0.003892795 2.0041916e-06 1.2143373e-06 0.0017976427 0.002387483 0.011255252
0.006897203 0.23553345 0.3070746 0.31701243 0.07350775 0.43318155 0.6380207 0.21237391 0.14495964 0.029799014 0.15956813 0.0140523845 0.2362751 0.044332482 0.057569586 1.1570024e-29 0.010386366 0.06910817 0.042582415 0.6722112 0.0076107546 0.048671864 0.0062248227 0.007033051 0.012357959 0.009987529 0.007866812 0.006076982 0.040786214 0.397449 0.092685774 0.11238617 0.0024713557 0.004612689 0.010960276 0.22061494 0.32461527 0.0073847864 0.0033514702 0.2310405 0.16825238 0.26095524 0.07611913 0.00077645347 0.0044077775 0.0021063485 0.105200745 0.15187001 0.006761174 0.0015806815 0.2570184 0.0007480659 0.013079369 0.000121654775 0.06833126 0.0011413193 0.0012509027 0.00045635508 0.0022023583 0.0013953496 0.00444519 0.0056904806 0.00031694034 0.0040072943 0.043878227 0.00024617117 0.00069573865 0.0076526115 7.296207e-05 3.7515412e-05 0.0060210624 8.060195e-06 0.0121509265 0.0017644669 0.004967464 0.00021589495 0.0012458435 0.010269675 0.008754777 0.00013608833 0.00056061597 0.000103687154 0.00017498099 3.1013788e-05 3.7437534e-05 0.00024334402 0.00075441855 6.3504536e-05 0.0014483343 4.5309742e-05 0.003380587 7.95083e-06 5.149819e-06 0.00012853116 1.34060465e-05 0.0021270292 1.7583607e-05 3.0675756e-06 0.0044279885 6.45236e-05 6.566461e-06
0.22795503 0.14035973 0.022220403 0.025071938 0.2901695 0.03297234 0.016086336 0.015595256 0.016274894 0.5597846 0.010487653 0.69462717 0.010406911 0.042806946 0.011688603 0.010386366 2.7514176e-21 0.004179513 0.0012955638 0.00561321 0.4909958 0.37110883 0.0014234981 0.02436804 0.47005796 0.004416627 0.00012015136 0.0001234682 0.0021528748 0.0068221977 0.09829186 0.099575676 0.35584038 0.21219091 0.14579988 0.020399803 0.008812567 0.1702863 9.341482e-05 0.012239186 0.007902092 0.009338704 0.004899958 9.9290355e-06 0.18071087 3.476269e-05 0.040776957 0.0067366944 0.0074789436 0.00010861005 0.009645536 0.33129764 0.019423734 0.041553248 0.09596036 0.3141836 0.06532531 0.04010066 0.00048255784 0.00037448423 0.21696451 0.00388595 0.00019904049 0.0010085145 0.008186871 2.7677883e-05 0.015260484 0.0056256675 3.1864827e-05 2.5146312e-05 0.013648319 3.0117828e-06 0.0039211945 0.0017691341 0.0030059663 0.008802484 0.043501183 0.0043796366 0.0027672672 0.00019622507 0.00038620626 0.00018330525 0.017087128 0.009754749 2.9252997e-05 0.00017012388 0.024545422 0.011368063 0.0002820862 0.0038139792 8.7881555e-05 0.008595557 1.3969592e-06 0.00045653357 0.0061726035 0.10885989 0.0029242302 0.0072449115 0.04836298 2.2749842e-05 0.00044319936
0.1168772 0.015702777 0.028547274 0.03003156 0.018421449 0.023276009 0.0752984 0.26994506 0.38019314 0.0028985476 0.34182274 0.0026456139 0.3192532 0.082378924 0.30532125 0.06910817 0.004179513 1.1246206e-25 0.53366816 0.038581368 0.00014906436 0.001056411 0.22458196 0.025722645 0.010851714 0.15493597 0.29731667 0.1565994 0.29255992 0.1522212 0.00930719 0.0124453185 9.4437586e-05 0.00029412238 0.001226887 0.010116714 0.026324568 0.0009221471 0.07888107 0.012265361 0.08419455 0.065971464 0.17325814 0.042641643 0.00751012 0.050852474 0.011308203 0.08349795 0.118339665 0.066856526 0.040060803 0.0010761506 0.06843993 7.3714305e-06 0.012756864 0.001563134 0.00010287722 1.8688044e-05 0.055833567 0.048969436 0.0032727332 0.17066485 0.012710578 0.16978845 0.11349581 0.011618736 3.7935522e-05 0.07522572 0.01724625 0.0037239233 0.00045906164 0.0052179284 0.0034281793 0.010868192 0.017514179 0.0041388646 0.00030441943 0.0005824032 0.018957594 0.0010982546 0.067571215 0.0007109095 1.7207829e-05 2.9203422e-06 0.00057026686 0.0012749981 0.001451921 2.045741e-06 0.005720663 1.702819e-05 0.0010949275 7.2593446e-07 0.004520961 0.0073340773 6.6826937e-07 0.005835035 3.0512717e-06 1.0084899e-06 0.005320363 0.013843662 0.00149007
0.393779 0.012515834 0.029042812 0.02917034 0.0072024097 0.009024456 0.045120806 0.2923039 0.5412446 0.0011827123 0.3429119 0.0010157728 0.34447652 0.08525601 0.46090415 0.042582415 0.0012955638 0.53366816 2.0487601e-24 0.017198084 1.0666715e-05 0.00016342221 0.4779254 0.034262873 0.0055965916 0.2807004 0.46692038 0.3351887 0.34231827 0.15569136 0.0048158644 0.00668394 1.0246943e-05 1.4994628e-05 0.00016505962 0.0036037234 0.014309415 6.724396e-05 0.14258714 0.0049298014 0.08392955 0.043245103 0.20825256 0.0945292 0.0031731247 0.078111105 0.0055911397 0.08662936 0.20279591 0.09318351 0.01715803 0.0003845403 0.11843947 1.5246329e-06 0.003255196 0.0005579286 7.599531e-06 2.1716241e-06 0.09187597 0.077812575 0.0020563917 0.32559186 0.02080253 0.35889062 0.110693045 0.02147787 1.4862211e-05 0.07391888 0.016293388 0.005027498 0.00016746623 0.009205252 0.0008061541 0.008719963 0.013647934 0.0044998494 0.00015906832 0.00027373945 0.010845569 0.0017665563 0.20311984 0.0014881082 9.533847e-06 3.0501137e-06 0.0009964567 0.0013535535 0.0013003242 1.2425761e-06 0.0031356649 1.8086575e-05 0.00040237053 7.299728e-07 0.008465723 0.020160215 4.3256222e-07 0.0039630653 5.2939454e-06 2.0700627e-06 0.002851651 0.035945956 0.0023220603
0.0046343515 0.21315067 0.26425081 0.27916095 0.047779538 0.37767664 0.55549085 0.15006246 0.08914265 0.021435222 0.10284223 0.00865441 0.16110599 0.0131100165 0.012308664 0.6722112 0.00561321 0.038581368 0.017198084 4.5209963e-29 0.009135462 0.036645036 0.001215554 0.0018658697 0.004854548 0.001784813 0.0040946226 0.003431622 0.02164424 0.45427427 0.11244001 0.112933114 0.002013875 0.0043439674 0.010914772 0.40149426 0.5428635 0.0066093975 0.002183402 0.38283494 0.22387025 0.3727736 0.056165345 0.0005000896 0.0015048076 0.0015312587 0.14150466 0.19843292 0.0017502616 0.0013093572 0.31518376 0.00047192612 0.0026354895 0.0001388969 0.07331681 0.0007761574 0.00089105475 0.00065703323 0.0007919818 0.000506446 0.0009906271 0.0016510576 0.00014115135 0.0010779348 0.041457765 8.563974e-05 0.0008505099 0.004758923 5.914427e-05 1.9407802e-05 0.009685254 1.0388466e-05 0.015138983 0.0028543188 0.0072440305 4.478328e-05 0.0034365773 0.011584338 0.01061561 0.00013445424 0.00031175505 7.056279e-05 0.00039703606 8.092448e-05 5.0543975e-05 0.00016484883 0.0002739766 7.448283e-05 0.0016045342 3.41541e-05 0.0040762383 2.3166662e-05 7.492493e-06 5.831724e-05 2.4712153e-05 0.001953749 1.5661572e-05 1.0712836e-05 0.003712771 8.532595e-05 2.0123484e-06
0.039338868 0.11585625 0.004775319 0.005796327 0.12715225 0.01934392 0.0080076745 0.0011775431 0.000814033 0.4514544 0.000640983 0.28098905 0.00079994 0.011884039 0.0003897496 0.0076107546 0.4909958 0.00014906436 1.0666715e-05 0.009135462 2.373033e-25 0.57983965 2.6644331e-05 0.0032704696 0.13475686 0.00019525699 9.999755e-06 2.225037e-05 0.00045621805 0.001375158 0.15631315 0.1366814 0.37566876 0.6010242 0.35491002 0.02876732 0.0088580465 0.4255557 2.0111831e-05 0.011715052 0.0027353526 0.0056974203 0.0013992714 1.0237737e-06 0.056029003 4.453895e-06 0.05353855 0.003065022 0.0009415436 1.2121729e-05 0.006605405 0.06937674 0.004602968 0.05440749 0.16482487 0.08219649 0.13687077 0.05168844 4.6477267e-05 3.0410853e-05 0.066129915 0.00043806792 5.5197247e-06 8.277958e-05 0.005161633 1.0575751e-06 0.02227912 0.003040679 7.9142336e-07 3.4257653e-06 0.013944664 1.9170052e-08 0.0017860433 0.0017349747 0.0020849959 0.0008614662 0.08859031 0.0020981429 0.0012351295 5.112753e-05 3.7309725e-05 2.4174926e-05 0.10403748 0.095023185 3.1029153e-06 9.151101e-05 0.004473857 0.002867315 0.0003538278 0.0043641245 0.00024848123 0.07349287 9.3874334e-08 3.1668365e-05 0.002235766 0.043560375 0.0055103265 0.013097102 0.02038779 1.0718292e-05 1.5995465e-05
0.053676687 0.31938908 0.020113435 0.02378294 0.25832573 0.07194078 0.048229933 0.008536116 0.007624296 0.5671104 0.0047286525 0.23071438 0.0109551195 0.028276684 0.0075955857 0.048671864 0.37110883 0.001056411 0.00016342221 0.036645036 0.57983965 1.0126712e-24 0.00014821553 0.0095496215 0.24496621 0.00079329335 8.8678506e-05 0.00013255657 0.0037338967 0.009485509 0.40087005 0.39949813 0.1822662 0.50010055 0.53551054 0.09577951 0.034797054 0.4543239 0.00019431202 0.06441778 0.013733364 0.034291778 0.009983201 9.29736e-06 0.06785376 4.3623226e-05 0.16740076 0.025580302 0.0020002373 9.4136085e-05 0.042538173 0.0908579 0.008523641 0.027637143 0.31656075 0.076972075 0.091396324 0.03576894 0.00044343996 0.0003331744 0.051687516 0.0006860908 9.0311616e-05 0.00029100338 0.032074172 1.7450497e-05 0.016541405 0.017910462 3.0598083e-05 2.5967041e-05 0.048073795 3.9209885e-07 0.021264397 0.0056078057 0.008639444 0.0005192265 0.06654017 0.012784225 0.0062107546 0.00030035197 6.656291e-05 0.00017874369 0.046659857 0.035528455 6.82197e-05 0.0004159016 0.0033538106 0.0050376365 0.0013227715 0.0071923337 0.0017594703 0.024700541 1.7832756e-06 2.168436e-05 0.0023623824 0.036417972 0.0045393743 0.011509177 0.01990651 0.00016722572 5.2375963e-06
0.56813335 0.0030768153 0.013810071 0.012137538 0.01046414 0.0017679831 0.012217129 0.18295363 0.34562075 0.002147318 0.19552256 0.0021054558 0.13667649 0.049363323 0.4242838 0.0062248227 0.0014234981 0.22458196 0.4779254 0.001215554 2.6644331e-05 0.00014821553 2.3066093e-20 0.020098897 0.004084375 0.636448 0.10865711 0.10612081 0.12341622 0.018428333 0.002737264 0.0044401246 4.6162266e-05 1.5386695e-05 0.00012039661 0.0009335057 0.001252519 5.454334e-05 0.039428454 0.0012535646 0.013548728 0.007901867 0.052652765 0.024638565 0.003980019 0.015550539 0.0023879702 0.018021315 0.2957034 0.016641397 0.00400972 0.0005534622 0.09955183 2.5525858e-06 0.0024628448 0.0011295329 4.9900955e-06 2.589383e-06 0.020650977 0.016637763 0.0019653821 0.5418041 0.005375775 0.6725225 0.027034868 0.018168928 1.15338535e-05 0.024913704 0.006337713 0.0038382914 0.00011310549 0.006174446 0.0011002722 0.006362548 0.009476341 0.009044319 6.93834e-05 0.0004830408 0.004443065 0.0009851223 0.24605569 0.00067421794 1.4681694e-05 3.30229e-06 0.0010588018 0.0010015036 0.004348989 1.685666e-07 0.002060692 5.0797353e-06 0.00021713322 1.3357927e-06 0.0039993627 0.043199237 5.6134855e-08 0.0027119804 2.2094223e-06 3.4847283e-06 0.00053205685 0.009151926 0.011832916
0.50440586 0.080650866 0.10230856 0.074173674 0.25535402 0.023858095 0.01904982 0.06394058 0.14736925 0.055362124 0.05096484 0.047200248 0.028323578 0.8569398 0.17351681 0.007033051 0.02436804 0.025722645 0.034262873 0.0018658697 0.0032704696 0.0095496215 0.020098897 3.7477974e-20 0.06116618 0.055583432 0.0014936068 0.000897706 0.00355917 0.0010789987 0.004598313 0.005761592 0.003708956 0.00077819487 0.0013996898 0.0026488644 0.0010868311 0.0008308899 0.0001671798 0.004410595 0.0010570826 0.002158508 0.0025132385 6.337295e-05 0.07554329 4.3565273e-05 0.0064081405 0.0018637774 0.18203808 6.104563e-05 0.0039160224 0.0043027555 0.71460193 7.082755e-05 0.006057017 0.012613762 0.000103419625 7.5798394e-05 5.2895426e-05 3.4853845e-05 0.09414908 0.05502711 4.996267e-06 0.009205936 0.0014679532 3.2228632e-05 5.8712776e-05 0.0009294807 6.579888e-06 3.5609755e-06 0.00012604179 4.8509237e-06 0.00025687597 0.0004369211 0.00065244106 0.15192491 6.0284732e-05 0.00034541922 8.857336e-05 1.9168547e-05 0.004278238 7.0907463e-06 5.7209213e-06 2.2868708e-06 6.8490414e-07 5.2743955e-05 0.050925694 2.7694148e-05 3.3151657e-05 1.9674824e-06 2.0453206e-05 1.4926222e-06 2.403153e-07 0.009306986 1.8781209e-06 0.025538474 1.6358929e-07 1.2009958e-06 0.0012552436 1.9714595e-07 0.0067018922
0.65796494 0.25242132 0.038156006 0.048323046 0.44201848 0.041365653 0.023338912 0.036677446 0.043491542 0.31736997 0.024357222 0.5831456 0.022715256 0.069658495 0.04188747 0.012357959 0.47005796 0.010851714 0.0055965916 0.004854548 0.13475686 0.24496621 0.004084375 0.06116618 1.8197862e-18 0.011480997 0.00063058524 0.00055957487 0.007546207 0.006813053 0.05618691 0.0568262 0.24710597 0.06471384 0.06671303 0.014204009 0.00595306 0.06889849 0.00043224107 0.013577889 0.008629635 0.010911354 0.007300606 0.00010282375 0.6724997 0.00028760705 0.03238391 0.008891576 0.017283278 0.00033132965 0.011710941 0.69997865 0.0516387 0.06334854 0.056840863 0.6636868 0.04127615 0.061098013 0.0011311423 0.00086002756 0.5482183 0.008045209 0.0002906151 0.0014849892 0.010930892 7.9991056e-05 0.01773275 0.0039981916 0.00013164296 0.00014914597 0.009835391 5.596418e-06 0.0043400745 0.0028923224 0.0052170106 0.029673656 0.021487767 0.0033397146 0.0023732327 0.000403472 0.0012909663 0.0005743664 0.009700418 0.003566584 0.00013354767 0.00038877397 0.13190788 0.00792651 0.0001129046 0.00477895 8.221234e-05 0.0032363003 2.4145256e-06 0.0042070947 0.0034671843 0.15873611 0.0027376777 0.0013767149 0.040829755 1.7287324e-05 0.008091082
0.6774507 0.008752878 0.02658451 0.024706053 0.04882908 0.0043656505 0.0184848 0.19974789 0.26298866 0.007933058 0.19377741 0.006788148 0.13174756 0.1014312 0.552876 0.009987529 0.004416627 0.15493597 0.2807004 0.001784813 0.00019525699 0.00079329335 0.636448 0.055583432 0.011480997 2.3477989e-21 0.035932325 0.0368047 0.056440853 0.009491192 0.0052023763 0.006923719 0.00019611395 7.1010836e-05 0.0006452265 0.0016384231 0.001872151 0.00024198602 0.010115103 0.002222556 0.007618801 0.007041745 0.023459855 0.007099848 0.014860533 0.0043456643 0.0033180728 0.010909693 0.6670548 0.003723655 0.004702013 0.0011492866 0.22011799 2.608535e-06 0.004566995 0.001585335 1.3361144e-05 2.3205102e-06 0.0041758837 0.0032252315 0.00739898 0.61493856 0.0010467788 0.39071256 0.013778479 0.006507009 1.5806203e-05 0.012865136 0.004029721 0.001969931 0.00028941725 0.0030358606 0.0011268216 0.0049096453 0.0058541335 0.019986056 0.00012154762 0.0003598793 0.003023875 0.00058766897 0.13064584 0.00064096315 9.867122e-06 6.9143857e-06 0.00085185055 0.0011121029 0.012403575 1.433883e-07 0.0014105837 1.672002e-06 0.00045750878 2.8995066e-06 0.0016314886 0.043989625 6.1389116e-08 0.0023265155 8.2359935e-07 4.4218273e-06 0.0006981783 0.003047048 0.016781043
0.38165352 0.000932454 0.00080468855 0.00073528534 0.00049559516 0.0019191869 0.0058583496 0.055768058 0.08209246 6.617612e-05 0.08660282 3.119887e-05 0.06993254 0.004650476 0.033113725 0.007866812 0.00012015136 0.29731667 0.46692038 0.0040946226 9.999755e-06 8.8678506e-05 0.10865711 0.0014936068 0.00063058524 0.035932325 1.06182555e-23 0.65320164 0.32408443 0.032708675 0.0039974144 0.0052280524 4.7429057e-06 4.3409706e-05 0.00020034178 0.0021516916 0.0049738353 0.00013789894 0.48538813 0.0025141973 0.025261028 0.013291652 0.13279812 0.5184732 9.653752e-05 0.5085022 0.005566363 0.031619586 0.016198624 0.43951926 0.007753399 4.5624845e-05 0.0126921795 1.7287785e-07 0.004730761 1.5537646e-05 7.8424255e-06 1.1901345e-06 0.17859863 0.17978543 0.000103916216 0.042565364 0.09925117 0.24611726 0.09280498 0.027420929 5.2118608e-06 0.12778652 0.026857026 0.020365708 0.0001779287 0.015871868 0.00029506328 0.019395435 0.023435632 0.0005405399 0.00048069537 0.00011232872 0.0074943937 0.0027934085 0.06339137 0.0026589388 9.563784e-05 1.6934971e-05 0.0031166603 0.0019883742 0.00024121463 3.160181e-07 0.0022001518 6.0275765e-05 0.00023645503 5.5944915e-06 0.00834584 0.001830119 1.2207495e-07 0.002024577 1.9514073e-05 4.9048713e-06 0.0014785194 0.022806356 0.00025347804
0.045961045 0.0006253434 0.0015106591 0.0014615931 0.0008289622 0.0017203358 0.0068097236 0.05135542 0.06832829 8.9029825e-05 0.073424794 3.268974e-05 0.0641103 0.0058871144 0.038528815 0.006076982 0.0001234682 0.1565994 0.3351887 0.003431622 2.225037e-05 0.00013255657 0.10612081 0.000897706 0.00055957487 0.0368047 0.65320164 4.4274575e-26 0.22337706 0.027617091 0.0035764172 0.0047493083 7.122349e-06 7.273371e-05 0.0005886466 0.0019291742 0.0055099064 0.0002092713 0.42798764 0.0026619518 0.023108542 0.013639628 0.1084355 0.39945439 8.614456e-05 0.39093152 0.005357133 0.021329258 0.012265659 0.3259423 0.0073288064 2.2874872e-05 0.008578078 3.1083664e-07 0.0059681293 8.909077e-06 4.8483773e-05 1.4336349e-06 0.12294692 0.121035084 8.304074e-05 0.034491953 0.064956956 0.16176148 0.05086964 0.020947505 6.6773136e-06 0.08273068 0.02655548 0.015604339 0.0003421944 0.0105495965 0.00109351 0.015583035 0.015765497 0.00036955756 0.00029050428 0.00042777357 0.005366399 0.002797857 0.038438503 0.0021846683 8.1209066e-05 8.417041e-06 0.0017102811 0.0020552126 0.00016818647 2.7334696e-07 0.0015626304 7.268829e-05 0.00038761043 2.4794317e-06 0.0055800574 0.001896079 1.3017038e-07 0.0014232816 3.2703836e-05 1.1748732e-06 0.0011803561 0.015124892 0.00015468609
0.016126096 0.016129125 0.01687677 0.016304411 0.011075573 0.010792215 0.047783524 0.16697219 0.2164721 0.0022018156 0.19381009 0.0018771853 0.25680146 0.026688676 0.15077999 0.040786214 0.0021528748 0.29255992 0.34231827 0.02164424 0.00045621805 0.0037338967 0.12341622 0.00355917 0.007546207 0.056440853 0.32408443 0.22337706 1.1929867e-23 0.27713647 0.013160662 0.01821322 0.0005067318 0.0004347631 0.0026406443 0.0067646024 0.022556573 0.0008670986 0.1772436 0.015580643 0.17238335 0.11461759 0.45951313 0.10120287 0.0019423902 0.12710509 0.0151230665 0.16762842 0.018909764 0.21981496 0.06292901 0.0010061278 0.019095259 5.2598032e-05 0.016831893 0.0008354619 0.00093774847 0.00020010785 0.17782293 0.15413605 0.00063484535 0.03596483 0.05785702 0.06328874 0.24805781 0.013022596 0.0002440098 0.19126023 0.028424278 0.016665084 0.0006532327 0.006143231 0.010910916 0.054340612 0.06157341 0.001738021 0.0026787021 0.0028348817 0.030399676 0.003904535 0.01942988 0.0038724463 0.00019542578 1.3376022e-05 0.0033494125 0.0045336075 0.00049768266 4.499192e-05 0.011036709 2.3370147e-05 0.0030856836 1.2108345e-06 0.005262819 0.0045278044 1.740197e-05 0.0027992676 1.0103899e-05 2.5734892e-06 0.0063843024 0.011723528 0.00059107423
0.0030741987 0.08789224 0.09491432 0.09691036 0.01584924 0.12487353 0.31067714 0.27126825 0.1989537 0.005727705 0.22858319 0.0030436474 0.288442 0.012429377 0.039575722 0.397449 0.0068221977 0.1522212 0.15569136 0.45427427 0.001375158 0.009485509 0.018428333 0.0010789987 0.006813053 0.009491192 0.032708675 0.027617091 0.27713647 2.7396763e-29 0.08333752 0.099046595 0.001418726 0.0014887803 0.006655153 0.21151738 0.5073419 0.0024637373 0.0074443957 0.2978986 0.6604087 0.55481005 0.56113404 0.0027267106 0.002395479 0.0025182154 0.1147236 0.5255073 0.0035722125 0.0033738012 0.43169978 0.001151315 0.0027669265 0.00011201475 0.04647294 0.0010990908 0.000978085 0.0008885137 0.00297767 0.0018677788 0.00017549875 0.0031241088 0.00018751482 0.003085541 0.28528094 0.0012718842 0.0004108187 0.03315789 0.0023475797 6.426721e-05 0.004451636 0.00015418328 0.02684506 0.007338643 0.01780158 0.00011103436 0.0011501436 0.010830122 0.035610273 9.4207484e-05 0.0017296732 3.959977e-05 0.00013250715 1.153293e-05 0.00027873652 0.00011817934 0.00029584012 7.837242e-05 0.0076736594 8.61175e-06 0.016236525 1.904899e-06 0.00059527165 0.00041491 1.8026272e-05 0.0019970264 1.4677655e-06 2.4837982e-06 0.0070544723 0.0026175536 1.9048382e-05
0.006721097 0.21756996 0.046628527 0.054739304 0.12963544 0.13694265 0.0928317 0.03433724 0.023094885 0.18185076 0.02258224 0.0879418 0.03246166 0.018150607 0.01089986 0.092685774 0.09829186 0.00930719 0.0048158644 0.11244001 0.15631315 0.40087005 0.002737264 0.004598313 0.05618691 0.0052023763 0.0039974144 0.0035764172 0.013160662 0.08333752 1.7243293e-22 0.59334195 0.041318044 0.24236067 0.33137625 0.4076776 0.1891508 0.25852448 0.0027225963 0.28763467 0.062366016 0.16661702 0.020744503 0.0010452027 0.019379377 0.0025713714 0.43449572 0.086984605 0.0047158627 0.0016414978 0.16830455 0.025186863 0.006254403 0.009056045 0.5056702 0.02473145 0.04253911 0.024033565 0.0015816187 0.0013492953 0.015997062 0.0026571592 0.0006804297 0.002234986 0.047739103 0.0007449618 0.014837111 0.01527136 0.0020244613 0.00011990823 0.2471524 6.92154e-05 0.019720182 0.007696889 0.01477902 0.0011524867 0.04695125 0.026118143 0.010257005 0.00028014625 0.00081646687 0.0003640459 0.025312953 0.011252434 0.0007229396 0.0004184578 0.003927654 0.0066312803 0.0025874618 0.0023984006 0.007200099 0.0071293595 0.00013573888 5.598038e-05 0.0042914753 0.020282427 0.0012368257 0.012758027 0.015054975 0.0012374959 3.3891138e-06
0.008247774 0.22901635 0.048926897 0.05697728 0.14451452 0.15314999 0.109793745 0.04060989 0.027799059 0.20416786 0.027659561 0.09585959 0.04040878 0.021452345 0.014593013 0.11238617 0.099575676 0.0124453185 0.00668394 0.112933114 0.1366814 0.39949813 0.0044401246 0.005761592 0.0568262 0.006923719 0.0052280524 0.0047493083 0.01821322 0.099046595 0.59334195 1.607638e-22 0.042273235 0.18042636 0.32967153 0.43728107 0.22231598 0.24021783 0.0035723164 0.34965345 0.08501068 0.23867711 0.031323735 0.0012144607 0.019538507 0.0026799287 0.4955881 0.1284791 0.005520613 0.0017864921 0.24165301 0.028744502 0.007343631 0.010442369 0.55413234 0.02697176 0.045603696 0.023336379 0.0023394034 0.002023716 0.016522486 0.0037630561 0.0007808236 0.0032162394 0.05780745 0.0009879787 0.016344497 0.020283889 0.0018720153 0.00017322863 0.2797297 6.620333e-05 0.024270134 0.009190704 0.01740442 0.0017088926 0.052499294 0.03189477 0.011691429 0.00031307136 0.00090492156 0.0005118879 0.017667374 0.0087498855 0.00069995335 0.00047418612 0.0049537285 0.007105053 0.0025996887 0.0027593721 0.008340222 0.005523867 0.00014928172 6.391685e-05 0.0054291617 0.024111295 0.0012725587 0.008661467 0.016549561 0.0009579773 3.3934668e-06
