0.0 0.21435529 0.0880196 0.039352395 0.17156842 0.6557927 0.08325632 0.035593305 0.070447005 0.031187803 0.67227846 0.25586325 0.007823407 0.6488692 0.5100075 0.68803114 0.11299208 0.0037503093 0.028847672 0.63833934 0.0020148298 0.6679931 0.13458893 0.35811487 0.0034837998 0.2736865 0.009589037 0.020872276 0.0029268768 0.0037310026 0.053420085 0.008800952 0.036680568 0.90931666 0.06718565 0.0035042956 0.04897148 0.007595474 0.005986134 0.21420132 0.33811572 0.0025576265 0.8724954 0.016650422 0.8032958 0.017522775 0.016388567 0.00849662 0.015460993 0.009877165 0.019842748 0.8639687 0.14208883 0.0040200064 0.0027598774 0.0008177519 0.8523876 0.0020915528 0.0008119451 0.011433363 0.002025928 0.056499895 0.022040982 0.88147336 0.58721006 0.9742384 0.26536113 0.00014249928 0.0011565682 0.0013594441 0.0784879 0.00040660737 0.947961 0.9309196 0.00019368187 0.95768344 0.86560833 0.00043002103 0.053536072 0.00011938052 0.0046051485 0.9691975 0.29179606 0.0012250047 3.6005113e-05 6.558125e-06 8.119787e-06 0.0011778334 8.222802e-07 0.0010350073 1.7702345e-05 7.5232156e-06 0.91971165 0.0011894794 0.9770405 0.257451 0.00087051565 4.9852747e-07 0.00033661118 4.3264577e-06 0.004208607
0.21435529 1.1162013e-24 0.64555585 0.5008992 0.4174727 0.6393321 0.24530296 0.16212876 0.13929491 0.42527017 0.25725904 0.10317416 0.18025236 0.24658912 0.10471827 0.16211052 0.055629432 0.08987993 0.07908086 0.3699224 0.11348715 0.04307631 0.009595756 0.0060001337 0.06837185 0.033535305 0.16909435 0.049077105 0.085110985 0.11583463 0.003406957 0.08170613 0.0148736825 0.06976895 0.011819146 0.11094828 0.0026474237 0.08908404 0.08385609 0.0007684237 0.00025351017 0.12768482 0.085210465 0.0047709625 0.18774416 0.004371823 0.012882275 0.0072148736 0.0049456917 0.044100437 0.00064354576 0.027453547 0.0012581379 0.010426257 0.0425761 0.0055324733 0.05208805 0.007679351 0.045133047 7.996219e-06 0.020390093 4.558553e-05 0.00051359565 0.03454212 0.003052216 0.04560268 0.00027974154 0.032625224 0.0006881573 0.00054081314 0.0003616382 0.015231514 0.009868163 0.004720743 0.00070919195 0.01071442 0.0059848865 0.0049665263 8.539556e-05 0.0024964951 1.881579e-06 0.014360105 0.00023729926 0.0023965884 0.0010288398 0.00012617913 0.00019248057 0.0009615882 0.0005434015 0.0018995077 0.00015963014 0.00015550523 0.0047605727 5.4885657e-08 0.0043180124 0.00039325136 2.2825036e-07 0.00020419227 0.001157181 0.0004250265 1.5655016e-07
0.0880196 0.64555585 1.2563576e-25 0.52315724 0.23190467 0.33983672 0.25196433 0.2136492 0.15750974 0.6708634 0.19811812 0.14846934 0.41978168 0.15263091 0.1596137 0.095458776 0.032725513 0.23378326 0.22191162 0.17996629 0.30439886 0.020391012 0.021482583 0.012207038 0.17803541 0.021073332 0.24899083 0.13351245 0.26218134 0.23349908 0.009175771 0.20568806 0.016539939 0.049581267 0.010210248 0.22537464 0.008006949 0.10398972 0.08989579 0.0026041183 0.0009013846 0.16535117 0.041100804 0.01385481 0.06188313 0.013256421 0.013516715 0.00829826 0.005483371 0.08264334 0.0029638838 0.011362904 0.0022972955 0.016515836 0.04591524 0.010749516 0.014509113 0.019730711 0.07308969 3.6294354e-05 0.047135584 4.996293e-05 0.0024642074 0.008985308 0.0035798792 0.010479076 0.0005006897 0.05320289 0.0012769712 0.0009352171 0.00059221056 0.018575428 0.0018934994 0.0017027183 0.0019936566 0.0040550437 0.0014688584 0.012984172 3.4991328e-05 0.011820183 6.8502404e-06 0.0038923423 0.0005511149 0.004915476 0.0016882733 0.0012686641 0.00039401793 0.0031893742 0.0020619167 0.005610462 0.00030798817 0.0003063518 0.0017304652 2.0588887e-07 0.0020917347 0.0001433054 3.5783495e-07 0.0010413413 0.0022273373 0.0009285132 4.2198943e-07
0.039352395 0.5008992 0.52315724 6.799668e-23 0.3378613 0.34362212 0.08984886 0.1009539 0.07206048 0.38481444 0.101084895 0.055443503 0.20232756 0.2255471 0.046315648 0.06224743 0.06312136 0.08043598 0.034525324 0.06896799 0.11620856 0.05579304 0.003793985 0.0024998188 0.07008502 0.041550875 0.2237502 0.034146234 0.115350224 0.14820576 0.0008830028 0.08449599 0.03691072 0.013301169 0.027208837 0.11737989 0.0011057643 0.14245777 0.132372 0.00046744532 9.4497766e-05 0.16032861 0.021930521 0.0019215073 0.059636343 0.0018319419 0.021222476 0.01368236 0.008900237 0.025600992 0.00028772475 0.026547942 0.004110154 0.0037714648 0.06360331 0.002696252 0.013797498 0.0043590646 0.05115588 1.7239092e-06 0.01900045 7.2236026e-06 0.0015670013 0.021062236 0.0008779311 0.012014296 0.00041682957 0.028915903 0.00014687375 0.00016349704 0.0006291919 0.02268128 0.0018298049 0.0043501095 0.0003173547 0.0031473103 0.006414215 0.0031667612 3.6506406e-06 0.0011919929 1.0464668e-06 0.0070554046 0.00027750555 0.0022371714 0.00035221333 5.781818e-05 8.5187814e-05 0.00081439246 0.0007339399 0.0014203365 4.4879605e-05 8.279892e-05 0.0012841036 2.9235858e-08 0.0029312563 1.9438217e-05 1.256882e-07 0.0001813313 0.00076623494 0.00016939633 9.120367e-08
0.17156842 0.4174727 0.23190467 0.3378613 2.5653677e-20 0.60839677 0.08321248 0.07368334 0.058363065 0.17013481 0.10255042 0.053467497 0.08023257 0.5329679 0.051782236 0.10022665 0.19553286 0.024021002 0.025509357 0.12385024 0.053514577 0.17073976 0.0054609594 0.0046301084 0.021008324 0.1478768 0.14638306 0.012956088 0.03706306 0.09240773 0.0010816966 0.03638029 0.09846889 0.026544936 0.08864749 0.06515134 0.0007015181 0.20608744 0.19529939 0.00050732243 0.0001619721 0.1641123 0.05666411 0.0016827191 0.17418638 0.0014557963 0.065535165 0.051270023 0.043418158 0.014212879 0.0003472119 0.2066044 0.021267667 0.0037842856 0.09485199 0.004446884 0.084308885 0.0052342834 0.022467025 9.18375e-06 0.0071111238 3.3350963e-05 0.0036817794 0.19232322 0.0019071852 0.072376214 0.0027053158 0.023967719 0.0007338485 0.00045801062 0.004469507 0.029893992 0.012672941 0.029481633 0.0008969944 0.0077341874 0.038998116 0.003432632 1.9962876e-05 0.00091518083 6.9261923e-06 0.05190783 0.0017385251 0.00621454 0.0007489399 0.00011575613 0.00026634664 0.004314116 0.0015851273 0.005200129 0.00013506469 0.00017073534 0.003605743 2.0951082e-07 0.009354445 2.6775435e-05 1.5718333e-06 0.00033756724 0.0036589277 0.0003601706 4.4847303e-07
0.6557927 0.6393321 0.33983672 0.34362212 0.60839677 8.8436505e-21 0.10016519 0.098255314 0.075511746 0.17029676 0.18895513 0.0898333 0.08007413 0.58031785 0.08384461 0.1480445 0.13017395 0.026260318 0.036663808 0.45432523 0.03976805 0.13838571 0.0028352477 0.0024713133 0.021913415 0.080378905 0.104549885 0.012737444 0.032291047 0.07103157 0.0007300452 0.036814038 0.036121927 0.07004058 0.037485063 0.057382382 0.00035230588 0.10546795 0.10069962 0.00015743852 0.000140685 0.122758344 0.13331194 0.0008682786 0.30888227 0.0006279873 0.029906126 0.015015085 0.010439729 0.017632995 0.000108429565 0.13874751 0.009440201 0.0033510786 0.05412162 0.0027665414 0.17693374 0.0030342627 0.021430776 2.6798134e-06 0.007055206 2.2422486e-05 0.00093761884 0.1578958 0.0021823964 0.2075907 0.0010882327 0.017332995 0.0002712367 0.0001170034 0.0012475121 0.02218089 0.04870294 0.017731797 0.00020159234 0.02036853 0.024759568 0.0019329245 9.082995e-05 0.00085756276 1.3980081e-06 0.052058008 0.00080544094 0.0016886856 0.00045203962 7.7538796e-05 6.0316706e-05 0.0014789411 0.0007218948 0.0031455725 9.500278e-05 3.9742325e-05 0.009077619 1.5120166e-08 0.020955356 0.00017732312 7.991697e-08 0.00028073412 0.0015629015 0.0001580698 4.6573035e-08
0.08325632 0.24530296 0.25196433 0.08984886 0.08321248 0.10016519 3.7657298e-25 0.4280125 0.5517493 0.19319041 0.5806058 0.257574 0.06840717 0.049989354 0.13512182 0.21689546 0.012225188 0.070769556 0.12396895 0.25282142 0.04780886 0.0037450176 0.03521771 0.025393207 0.0669208 0.0058154515 0.0389705 0.1000412 0.062346056 0.04093989 0.011595977 0.08617865 0.0030894233 0.11886726 0.0018593214 0.06526865 0.007213429 0.02322199 0.022271091 0.0033200607 0.0015855747 0.035689462 0.13701569 0.008439041 0.08617485 0.0073741553 0.003025199 0.0013455969 0.0004619459 0.06289575 0.002423625 0.0024361406 0.00018496717 0.024371563 0.008163513 0.010325032 0.063831665 0.014692545 0.026766054 0.00014448792 0.020623073 0.00039652316 6.7000256e-05 0.006110251 0.0024166836 0.021676306 9.400739e-06 0.010159186 0.0012198112 0.00081257214 2.1900458e-05 0.0028038253 0.009955073 0.00021174499 0.00069133367 0.024602067 0.00041040656 0.00957696 0.00031110612 0.0035182245 2.0190084e-05 0.002283429 1.3791333e-05 5.1786577e-05 0.0020840375 0.00015428064 7.447495e-05 4.8886413e-05 9.920353e-05 0.00014626821 0.00023386325 7.6644574e-05 0.0046210787 1.7036342e-07 0.0010760905 0.00047927495 8.6624766e-07 3.6800815e-05 7.603587e-05 0.0004480684 4.954736e-07
0.035593305 0.16212876 0.2136492 0.1009539 0.07368334 0.098255314 0.4280125 1.3808921e-25 0.3659602 0.18160543 0.32757184 0.2879289 0.06940902 0.057497915 0.22469635 0.19733644 0.009204264 0.06455121 0.17548265 0.14266062 0.04683417 0.004767665 0.07288458 0.05443344 0.08828582 0.0063301623 0.05219932 0.14650638 0.084204145 0.0622532 0.022459405 0.10102182 0.00256419 0.16721418 0.0013933509 0.07755353 0.01279056 0.020185078 0.01962395 0.01065154 0.005236225 0.037988808 0.15425478 0.013695108 0.07100016 0.012072221 0.002557918 0.00098666 0.00051623705 0.077558346 0.004592627 0.0040439386 0.00022630647 0.035691462 0.0056611206 0.009340695 0.045761257 0.016826026 0.019480782 0.0003832512 0.018514508 0.0012111828 0.00015458715 0.0041314764 0.004720004 0.017801274 2.0260275e-05 0.0061538033 0.0013721763 0.0012206107 3.673612e-05 0.00064855354 0.006577085 0.00025214622 0.00090381026 0.018785773 0.00052560226 0.007061173 0.0012534875 0.0014409703 7.060816e-05 0.0026544733 2.4754634e-05 4.7699978e-05 0.0013166425 0.000110560446 4.394248e-05 2.4128238e-05 2.9160663e-05 4.268823e-05 9.7071956e-05 6.176616e-05 0.005020273 5.951527e-07 0.00137441 0.0016980238 1.5456708e-06 1.5526508e-05 3.5446872e-05 0.00023876685 1.1219788e-06
0.070447005 0.13929491 0.15750974 0.07206048 0.058363065 0.075511746 0.5517493 0.3659602 5.2501425e-25 0.13351713 0.46867064 0.30513555 0.05747468 0.040125415 0.1696436 0.1925447 0.008064728 0.06999905 0.13939522 0.12726675 0.03950651 0.0022685002 0.058587246 0.04131044 0.07544955 0.0038550547 0.032062393 0.120294005 0.06060351 0.035214018 0.018464422 0.0876599 0.0023697102 0.1579564 0.0011712817 0.053139918 0.011268301 0.019477837 0.018851783 0.0062234844 0.0033699102 0.030833973 0.16722867 0.01285826 0.06603166 0.011113278 0.0026746471 0.00083207415 0.00031279708 0.07773842 0.0037873348 0.0017240789 0.00011411832 0.036711898 0.0063662627 0.011648037 0.06377452 0.019034991 0.020371666 0.0002623644 0.02051076 0.0007497657 4.6533947e-05 0.0038310613 0.0032023091 0.018217763 8.645661e-06 0.0054257093 0.0014231785 0.0011780973 1.2242578e-05 0.0014695212 0.011923789 0.0001288682 0.00078940974 0.029420013 0.00027923964 0.011059493 0.0007438055 0.0019467187 4.759315e-05 0.0019164297 8.831437e-06 4.970411e-05 0.002721298 7.782794e-05 7.345147e-05 3.016556e-05 4.7653597e-05 8.094833e-05 0.00017829031 8.6124026e-05 0.0053527006 2.675731e-07 0.0007734338 0.0015033797 1.2117528e-06 2.3604869e-05 4.0473682e-05 0.00054219 1.2814294e-06
0.031187803 0.42527017 0.6708634 0.38481444 0.17013481 0.17029676 0.19319041 0.18160543 0.13351713 1.7662256e-28 0.14243972 0.1284597 0.60384434 0.09226572 0.12214494 0.07097914 0.021202035 0.4706413 0.18494187 0.06824827 0.5464407 0.0138171585 0.018631618 0.011204766 0.29432783 0.017716018 0.41506806 0.16578533 0.48550552 0.3832109 0.007872213 0.3201493 0.0122489715 0.028979117 0.006386056 0.34209645 0.0046737446 0.08517095 0.07571604 0.0020436011 0.0009233527 0.16765228 0.02548849 0.006999117 0.025951242 0.0067691454 0.008683801 0.0047764326 0.0025295669 0.08439581 0.0010374008 0.0057030492 0.00098444 0.016065562 0.039552283 0.0054364256 0.005414978 0.013068543 0.09400733 4.3892032e-06 0.078116514 1.685639e-05 0.0015394909 0.0036983348 0.0028754957 0.0038144118 0.00020318179 0.06856931 0.00035599162 0.00019436095 0.00022416448 0.01978694 0.00076168723 0.0010021948 0.0004344431 0.0029860989 0.0010533903 0.015902981 5.19703e-06 0.028755242 2.035454e-06 0.0016589186 0.00041689997 0.0050519523 0.0018033528 0.0028538778 0.00013312552 0.0019941365 0.003187518 0.0033934994 0.00044818383 0.000484587 0.0011354217 1.3422125e-07 0.0016455755 2.3621513e-05 2.2054635e-07 0.0017834586 0.0019417375 0.00097494 4.531558e-07
0.67227846 0.25725904 0.19811812 0.101084895 0.10255042 0.18895513 0.5806058 0.32757184 0.46867064 0.14243972 3.9222934e-22 0.3797237 0.059334468 0.06091125 0.3872329 0.54939395 0.012861639 0.05508133 0.1452249 0.44420508 0.026759796 0.006142174 0.041694887 0.049190387 0.055490904 0.0068635554 0.023057653 0.08145237 0.041366868 0.027981061 0.015367375 0.06558975 0.0017871363 0.274093 0.0009780005 0.05538006 0.008449099 0.022292813 0.02046173 0.0042801355 0.0041829245 0.026748909 0.30294228 0.010231399 0.19013934 0.007865083 0.0013641227 0.00036078924 0.00021681227 0.055260055 0.002015071 0.006972398 0.00017171082 0.023940232 0.0075696474 0.009410328 0.2464554 0.01364936 0.010572197 0.00012059058 0.012598213 0.0007551249 3.8602142e-05 0.014873294 0.0064939037 0.13838921 2.1583304e-05 0.0016396409 0.0015328244 0.00084904145 2.7309705e-05 0.0012655731 0.06667815 0.0012671588 0.00071608915 0.091799594 0.0023780232 0.0052272994 0.0014515201 0.0017144558 2.6212469e-05 0.008740457 2.9055564e-05 3.5939072e-05 0.0010120892 0.000112923764 9.953444e-05 5.2378084e-05 4.7243855e-05 0.00019198541 0.00023825391 8.075926e-05 0.01642317 1.2186511e-07 0.00864426 0.0028184243 6.145581e-07 9.974958e-05 0.00011832876 0.00041816337 6.207695e-07
0.25586325 0.10317416 0.14846934 0.055443503 0.053467497 0.0898333 0.257574 0.2879289 0.30513555 0.1284597 0.3797237 4.7566126e-23 0.053299107 0.040719617 0.6250801 0.24224794 0.0055773756 0.079685025 0.4189396 0.08762528 0.029232351 0.0023326809 0.28851908 0.26031825 0.1115626 0.0052425363 0.021968666 0.25880948 0.06693096 0.025972227 0.090035535 0.12331576 0.0019890333 0.47616437 0.0006574422 0.052336752 0.061467625 0.023986457 0.022293814 0.055168826 0.04180695 0.03435551 0.37381604 0.05704385 0.101895474 0.048012402 0.0022760336 0.0008268119 0.00033052926 0.1466372 0.023489898 0.0030777939 0.00017881786 0.11074059 0.010082895 0.04233255 0.15005785 0.06411201 0.01610011 0.0028013971 0.036504913 0.0072321687 8.592131e-05 0.005411044 0.023067428 0.038944263 5.3611555e-05 0.0017813288 0.0076008867 0.006232631 4.686203e-05 0.00094988476 0.03942959 0.0002678991 0.004021126 0.13097571 0.0005465433 0.021510614 0.008311562 0.0022912154 0.001372584 0.0027781178 3.7189082e-05 0.00013469579 0.005461642 0.00018311567 0.0001695885 6.682287e-05 7.023355e-05 7.678958e-05 0.000823755 0.00047764188 0.017906174 1.7362583e-05 0.002417919 0.028653484 3.1754164e-05 5.8671416e-05 5.9841102e-05 0.0021410354 0.0001109081
0.007823407 0.18025236 0.41978168 0.20232756 0.08023257 0.08007413 0.06840717 0.06940902 0.05747468 0.60384434 0.059334468 0.053299107 8.645766e-31 0.051375672 0.06476795 0.022430908 0.0107825 0.5254715 0.04269663 0.013802526 0.6677438 0.009218465 0.0059875012 0.002535008 0.25974697 0.01241815 0.48385656 0.09194929 0.5209613 0.39009705 0.0013898798 0.28476733 0.005874112 0.007081154 0.0030266347 0.23665798 0.00057210366 0.034005046 0.039670143 0.00035945326 0.00014246233 0.091680996 0.0073048966 0.0010411154 0.008434009 0.0010361485 0.002319838 0.0017578653 0.0009696667 0.038967203 0.000110116074 0.0027318462 0.00033725752 0.00389908 0.009341902 0.00062342366 0.0030314152 0.0019617747 0.07542117 4.9434743e-07 0.055004902 2.57622e-06 0.00030367132 0.0020318138 0.0005867626 0.0011791455 5.2045816e-05 0.060872555 3.7907026e-05 2.2709393e-05 0.00010955609 0.009537771 0.00021336769 0.00042207798 3.5571557e-05 0.001560113 0.000272542 0.011201374 7.364372e-07 0.018068157 5.305552e-07 0.00067246234 0.00019427552 0.00033707233 0.00084251806 0.00079743785 2.0394811e-05 0.00016009697 0.0011406571 0.0006091717 0.0001232254 1.2613757e-05 0.0004211677 3.4269483e-08 0.0007434243 9.3990394e-07 8.1609706e-08 0.0009609763 0.00039139722 0.0002855314 2.544724e-07
0.6488692 0.24658912 0.15263091 0.2255471 0.5329679 0.58031785 0.049989354 0.057497915 0.040125415 0.09226572 0.06091125 0.040719617 0.051375672 2.9407276e-19 0.04694996 0.07451813 0.38908318 0.01441919 0.023979316 0.10987034 0.02090271 0.5543335 0.001652054 0.0016129025 0.017561018 0.3716859 0.058832847 0.00805895 0.025423123 0.030456964 0.00047647467 0.022621952 0.12780285 0.026780711 0.16049762 0.01869152 0.00033548792 0.18090324 0.179886 0.0002711586 0.00011028613 0.11211323 0.06447536 0.0013807786 0.20717968 0.00096182356 0.08963791 0.074334525 0.06628604 0.017083446 0.00023619948 0.49744782 0.057372946 0.010179198 0.089166895 0.0053323996 0.12168712 0.014296974 0.017412677 1.7672337e-05 0.011652014 5.4446205e-05 0.010786545 0.49704462 0.0013567754 0.16271478 0.008156929 0.0142132845 0.0010228506 0.0010139595 0.008432625 0.029886993 0.03251731 0.15149355 0.001635928 0.009205915 0.204857 0.008383939 4.6329944e-05 0.001054319 5.2078136e-05 0.13329072 0.004176234 0.014527194 0.0015850228 8.756391e-05 0.00035332257 0.016329464 0.0009750581 0.016674431 0.00018470048 9.1745016e-05 0.0067511643 1.0538017e-06 0.029866403 7.713249e-05 1.3620941e-05 0.00020681467 0.008337487 0.00055619533 1.7497916e-06
0.5100075 0.10471827 0.1596137 0.046315648 0.051782236 0.08384461 0.13512182 0.22469635 0.1696436 0.12214494 0.3872329 0.6250801 0.06476795 0.04694996 4.5024757e-22 0.21662167 0.004084741 0.10366679 0.37996066 0.052999932 0.01480602 0.0013077599 0.34685245 0.3449175 0.09896153 0.0020957899 0.009603992 0.27812088 0.057321783 0.010474134 0.113897786 0.11081504 0.0005423888 0.6470381 0.000134872 0.025753109 0.0625066 0.031556927 0.033886697 0.07261979 0.07091744 0.03556688 0.41872054 0.07815735 0.07462491 0.06000136 0.00036602796 9.442974e-05 3.7397993e-05 0.15849032 0.026267555 0.0018487091 8.560176e-05 0.14185949 0.0072177574 0.03919758 0.20098957 0.07724546 0.017906377 0.005216466 0.04200087 0.0070096413 2.84112e-05 0.006155846 0.036357444 0.04272512 1.976833e-05 0.0031221223 0.010529886 0.0101050995 2.0925725e-05 0.0011108143 0.076248236 0.00017511786 0.007192982 0.2899579 0.0003579109 0.0259175 0.007474498 0.0014973423 0.002802807 0.0021836925 2.287572e-05 0.000119087264 0.0061980067 5.6340403e-05 0.00042244588 7.634366e-05 5.8111495e-05 0.00012791755 0.00044959973 0.0003801342 0.03516804 7.2223665e-05 0.0033613609 0.046044104 0.00010004711 3.671448e-05 0.00017537743 0.0032746594 0.00043881743
0.68803114 0.16211052 0.095458776 0.06224743 0.10022665 0.1480445 0.21689546 0.19733644 0.1925447 0.07097914 0.54939395 0.24224794 0.022430908 0.07451813 0.21662167 1.0160169e-19 0.019813878 0.016572945 0.087123945 0.65644103 0.008600095 0.0076488466 0.04989519 0.04220412 0.019176835 0.0079300925 0.006360121 0.035104092 0.010163504 0.0063043498 0.020137792 0.01768495 0.004386034 0.353642 0.002819895 0.01185687 0.00874767 0.020282079 0.021052632 0.0064918417 0.0084062 0.016719505 0.48309395 0.005805253 0.17299083 0.0043498767 0.002045957 0.0008894968 0.00035602303 0.018944325 0.0025302253 0.0072355033 0.00028160933 0.0151176825 0.0076951534 0.008088825 0.2653453 0.009964786 0.0038509995 0.00081590994 0.008175285 0.0015178949 3.768617e-05 0.018666351 0.005705655 0.13018484 3.005558e-05 0.00052108144 0.0025490138 0.0015224405 7.855806e-05 0.0010458227 0.10547653 0.0016167478 0.0018602877 0.11406738 0.0036883513 0.0034500095 0.00084257114 0.00076492183 0.00037020858 0.0066797505 3.4317218e-05 5.9537582e-05 0.0008075938 8.843291e-05 0.0001919585 8.018231e-05 5.590249e-05 0.00017362027 0.00019068019 0.00028357076 0.03712016 2.5116651e-06 0.01437208 0.0012238463 1.401211e-05 4.2373234e-05 0.00015979694 0.00041312867 6.317042e-06
0.11299208 0.055629432 0.032725513 0.06312136 0.19553286 0.13017395 0.012225188 0.009204264 0.008064728 0.021202035 0.012861639 0.0055773756 0.0107825 0.38908318 0.004084741 0.019813878 9.215576e-20 0.0011041746 0.0021871072 0.026897646 0.0058718743 0.42635107 0.00023092933 0.00018463022 0.001624925 0.4726101 0.04245889 0.001038754 0.0053112963 0.015991965 0.000110210305 0.0035859388 0.24457316 0.0047037373 0.37166774 0.00946353 0.00011723852 0.13750044 0.13468584 6.5837325e-05 2.5499425e-05 0.087332055 0.009374557 0.0005137203 0.062037516 0.0004783525 0.12958294 0.101287596 0.12421968 0.0048737475 0.000112081645 0.27272603 0.090241335 0.0022566249 0.06881387 0.0025275375 0.020156523 0.0038252096 0.008560446 5.2660093e-06 0.0066204336 4.2659717e-06 0.01817611 0.17049907 0.0007879156 0.02906001 0.01516866 0.0066033774 0.00061784015 0.0003274517 0.017457206 0.02988316 0.004438787 0.09535687 0.00091344776 0.0020127757 0.07106495 0.0041788137 2.2238182e-06 0.00057943765 3.5073565e-06 0.07246674 0.011178526 0.020778652 0.0006986529 8.2949955e-05 0.00020968364 0.017396081 0.0007528477 0.013318952 0.0001140946 0.00016562793 0.0011279893 2.4704119e-07 0.009532189 2.8436547e-05 1.8051759e-06 0.00026208255 0.008189947 0.00021003609 5.4618397e-07
0.0037503093 0.08987993 0.23378326 0.08043598 0.024021002 0.026260318 0.070769556 0.06455121 0.06999905 0.4706413 0.05508133 0.079685025 0.5254715 0.01441919 0.10366679 0.016572945 0.0011041746 1.3303497e-31 0.115784645 0.0026521834 0.5870868 0.00035915413 0.02805925 0.022012161 0.6830443 0.002568489 0.2138341 0.3992468 0.6277275 0.22481458 0.008367046 0.50342065 0.00067071285 0.012109905 0.00021926341 0.22176316 0.004992226 0.0071834223 0.007058685 0.0030216796 0.0049552307 0.02434938 0.005074427 0.006226503 0.00088145933 0.0053599365 0.00037037206 0.00014469295 0.000113211245 0.18499698 0.00058949157 9.126645e-05 2.1591872e-05 0.051819213 0.0012929606 0.009983182 0.0016643459 0.017582 0.05630736 1.968784e-05 0.119776666 5.1254807e-05 3.124633e-05 7.693164e-05 0.0032599927 0.00018458374 6.9790035e-06 0.029399721 0.00014458936 5.3452117e-05 1.453404e-05 0.0004767433 0.00014693048 1.6422282e-05 5.44243e-05 0.0013169036 1.0394391e-05 0.03647 2.3718125e-05 0.02743318 7.2031444e-06 9.759606e-05 4.945913e-05 9.77633e-06 0.0044379933 0.0007421679 2.5454161e-05 5.3796316e-06 7.3835785e-05 2.8655093e-05 0.0007085099 4.2159845e-05 0.0002498976 1.7953442e-07 0.00016081327 0.00018172861 2.3093978e-07 0.00013259449 2.4159252e-05 0.0010020745 2.48444e-06
0.028847672 0.07908086 0.22191162 0.034525324 0.025509357 0.036663808 0.12396895 0.17548265 0.13939522 0.18494187 0.1452249 0.4189396 0.04269663 0.023979316 0.37996066 0.087123945 0.0021871072 0.115784645 2.077582e-23 0.015002531 0.029280696 0.00102401 0.404579 0.35431242 0.16858326 0.0030793443 0.026849048 0.48136395 0.10378874 0.042413592 0.22582197 0.21120027 0.0012314605 0.16115503 0.0003895101 0.10137089 0.24063233 0.014186945 0.012665403 0.2004303 0.12957016 0.03261176 0.070539735 0.21610193 0.009387399 0.19063376 0.0014296087 0.00043413622 0.00022895378 0.3220869 0.105312444 0.000394185 0.00023539488 0.3427923 0.0041225557 0.14984566 0.013271114 0.19657587 0.03349196 0.01279558 0.10605009 0.023399414 0.00020797768 0.0005538022 0.024161505 0.0037573348 1.6536096e-05 0.007225612 0.015586051 0.020473983 3.8125898e-05 0.0008626451 0.0029314314 5.056017e-05 0.010154183 0.018904824 0.00020553761 0.06998009 0.009574851 0.0073185596 0.004313863 0.00097583956 1.6622123e-05 0.0002695356 0.020825299 0.00021026676 0.0007973261 6.313106e-05 7.1941206e-05 0.00020721585 0.001775707 0.0020488298 0.0059913313 0.00014733136 0.0011339716 0.020572329 0.00014395715 5.901322e-05 0.00017894221 0.0072900485 0.0005244424
0.63833934 0.3699224 0.17996629 0.06896799 0.12385024 0.45432523 0.25282142 0.14266062 0.12726675 0.06824827 0.44420508 0.08762528 0.013802526 0.10987034 0.052999932 0.65644103 0.026897646 0.0026521834 0.015002531 4.2251645e-17 0.0042320536 0.016164143 0.0026936897 0.0033393179 0.0034759743 0.011890842 0.005004298 0.004629232 0.0039260886 0.0042677913 0.0012812437 0.004920208 0.005529694 0.04831148 0.0057173227 0.006667356 0.0005011837 0.01217521 0.011986153 0.00054513675 0.00063963165 0.011164526 0.15958561 0.0004913882 0.71998984 0.0003964657 0.0031372334 0.00166405 0.0013605057 0.0041036825 0.0004081838 0.010730188 0.0011530649 0.0035713883 0.004397011 0.0022302228 0.17501363 0.0032193207 0.0032275096 1.7056453e-05 0.0053067314 6.142973e-05 0.00016836186 0.027181765 0.00031139702 0.15370408 0.00014052317 0.0011321141 0.0004534061 0.00021269724 0.00020935395 0.0010509635 0.06166258 0.0021621701 0.00034634807 0.02747697 0.007783645 0.0018441122 1.9390614e-05 0.0005288307 1.8516246e-05 0.013166725 0.000113969545 9.806946e-05 0.000303771 0.0002807036 0.000114303926 0.00029546794 0.000112264046 0.00047692453 6.805712e-05 0.0002308941 0.0122905765 3.050214e-07 0.028027097 5.8499804e-06 2.011696e-06 0.00049789296 0.00041153433 7.0746806e-05 4.1285847e-07
0.0020148298 0.11348715 0.30439886 0.11620856 0.053514577 0.03976805 0.04780886 0.04683417 0.03950651 0.5464407 0.026759796 0.029232351 0.6677438 0.02090271 0.01480602 0.008600095 0.0058718743 0.5870868 0.029280696 0.0042320536 1.5714746e-31 0.0040182355 0.0031470775 0.0024655613 0.25702828 0.009821196 0.49513608 0.08314554 0.6055212 0.47636062 0.0010475687 0.27896723 0.00419722 0.0013948107 0.0013263554 0.33924532 0.00089015404 0.028750945 0.039455816 0.00048966083 0.0002316124 0.10396178 0.0011297995 0.0006640751 0.0015425609 0.0006791318 0.001336375 0.0007072177 0.000419761 0.04036023 0.00011320542 0.00086875155 0.0002795037 0.0044215196 0.0061588353 0.0010114711 0.0007137151 0.0028367273 0.13317877 7.123198e-06 0.089201495 2.8574346e-05 0.000130967 0.0003965368 0.000264317 0.00017913808 5.005684e-05 0.07885091 2.1343678e-05 1.0072592e-05 7.7620105e-05 0.0130025055 5.7655252e-05 6.1423234e-05 9.212725e-06 0.00020991072 3.2308308e-05 0.019671962 3.0460412e-06 0.03737766 3.8774574e-06 0.0003062434 0.00042703177 0.0001237045 0.0021639762 0.001790724 1.7654953e-05 0.0001828011 0.0020456545 0.00038112156 0.00037045227 4.5326447e-06 7.655494e-05 9.42957e-08 0.00025284282 3.5765192e-06 1.696905e-07 0.00090420555 0.00032338934 0.00032357848 1.1924385e-06
0.6679931 0.04307631 0.020391012 0.05579304 0.17073976 0.13838571 0.0037450176 0.004767665 0.0022685002 0.0138171585 0.006142174 0.0023326809 0.009218465 0.5543335 0.0013077599 0.0076488466 0.42635107 0.00035915413 0.00102401 0.016164143 0.0040182355 8.115084e-20 1.5663663e-05 4.1419105e-05 0.00080375583 0.67114234 0.019337557 0.00060145906 0.0015723965 0.0064018886 1.02067515e-05 0.0014039719 0.14105844 0.0021334793 0.34632084 0.0030981817 1.5904761e-05 0.0987949 0.10086953 9.001132e-06 6.692002e-06 0.06023272 0.0042221267 0.00010920466 0.07090913 8.798857e-05 0.12936315 0.09620159 0.13149554 0.0043211184 2.5320393e-05 0.69375646 0.25825262 0.002386158 0.073074974 0.0025070142 0.020771174 0.002887645 0.00425459 3.7604886e-07 0.0052140136 1.8679642e-06 0.037514634 0.4349056 3.127522e-05 0.047415067 0.032382105 0.0018077146 0.00021043808 4.81996e-05 0.03593036 0.02750873 0.005062688 0.2481548 0.00017119382 0.0017507907 0.21474823 0.0018482261 5.208956e-07 0.0001318822 1.0675767e-06 0.1645688 0.011055623 0.049341638 0.00022821716 4.1732437e-06 7.506429e-05 0.042574793 0.00023174276 0.028927037 2.622467e-05 4.43611e-05 0.0010757756 3.337649e-08 0.025717366 5.071105e-06 1.1274159e-06 2.2629318e-05 0.016406653 8.129872e-05 9.6969394e-08
0.13458893 0.009595756 0.021482583 0.003793985 0.0054609594 0.0028352477 0.03521771 0.07288458 0.058587246 0.018631618 0.041694887 0.28851908 0.0059875012 0.001652054 0.34685245 0.04989519 0.00023092933 0.02805925 0.404579 0.0026936897 0.0031470775 1.5663663e-05 1.1676366e-26 0.6712677 0.0449067 0.00011760056 0.008562811 0.2291535 0.013215807 0.0074070115 0.46419415 0.048569813 0.00036052818 0.27294204 3.640386e-05 0.013129798 0.26332933 0.012619406 0.010216705 0.35328633 0.36495894 0.013156333 0.14206049 0.21468884 0.004242633 0.20601247 0.0006088775 0.00015045458 6.118849e-05 0.13837908 0.16763788 1.7913764e-05 6.047923e-06 0.25110415 0.00503628 0.098323114 0.029244361 0.11873382 0.003570293 0.020778032 0.024928521 0.014728381 5.4991547e-06 2.496095e-05 0.05256058 0.0030629016 9.1734864e-07 0.00062766694 0.024803452 0.029508118 1.8439317e-06 0.0016541514 0.0068003302 3.9823003e-06 0.014070368 0.10722603 7.26144e-06 0.027036002 0.012918562 0.0008202822 0.0050127287 0.00016269431 2.4394185e-06 7.9285346e-05 0.008243928 8.523287e-06 0.0003885512 4.943145e-05 2.3956318e-05 8.6744054e-05 0.00030397327 0.00079574605 0.009316141 0.00021426652 0.00030151426 0.027496213 0.00025320938 1.410745e-06 0.0001132971 0.003109796 0.0017972932
0.35811487 0.0060001337 0.012207038 0.0024998188 0.0046301084 0.0024713133 0.025393207 0.05443344 0.04131044 0.011204766 0.049190387 0.26031825 0.002535008 0.0016129025 0.3449175 0.04220412 0.00018463022 0.022012161 0.35431242 0.0033393179 0.0024655613 4.1419105e-05 0.6712677 6.708075e-24 0.037187066 0.00018694896 0.0056716288 0.19560991 0.00907266 0.004243985 0.41158283 0.041656278 0.00025427458 0.2491799 2.8674176e-05 0.00884957 0.2775464 0.012138122 0.010607195 0.38021135 0.3840007 0.0130445175 0.10687438 0.20873347 0.006998039 0.20968817 0.00050233497 0.00019147272 8.3277315e-05 0.14700834 0.15975581 4.6490077e-05 1.535074e-05 0.20624287 0.0036971625 0.08917608 0.04158258 0.12768242 0.0012185577 0.012550568 0.023299888 0.014509535 1.2015096e-05 0.00010907216 0.050043408 0.0043680556 6.4727413e-07 0.00021918544 0.018646343 0.026725717 3.2056898e-06 0.000478301 0.009459709 4.933267e-06 0.010324364 0.11292141 1.6179958e-05 0.01807426 0.0144944815 0.00050337944 0.002368716 0.0004346868 2.6341563e-06 0.00019574733 0.004686702 1.962875e-05 0.00039477352 7.413806e-05 8.072672e-06 0.0001875261 0.00040862296 0.0012947158 0.012220614 9.724041e-05 0.0008618799 0.038595006 8.790646e-05 7.1973072e-06 0.00014823546 0.003204932 0.00082856196
0.0034837998 0.06837185 0.17803541 0.07008502 0.021008324 0.021913415 0.0669208 0.08828582 0.07544955 0.29432783 0.055490904 0.1115626 0.25974697 0.017561018 0.09896153 0.019176835 0.001624925 0.6830443 0.16858326 0.0034759743 0.25702828 0.00080375583 0.0449067 0.037187066 2.4566038e-32 0.0042676893 0.13816334 0.38929036 0.40715095 0.1684571 0.01824279 0.42245042 0.0011456481 0.013609826 0.00063907256 0.21089976 0.015474092 0.016706944 0.015532922 0.00890602 0.0053458977 0.045572907 0.0059873955 0.01782933 0.00064189325 0.015852723 0.0012543036 0.0005083412 0.0005357312 0.2779032 0.003112722 0.00026139963 0.00012128385 0.09477543 0.005229125 0.023162622 0.0015916614 0.04359119 0.09197374 8.250908e-05 0.18036075 0.0004892897 0.000246912 0.00017914166 0.0051966486 0.00011012616 2.293759e-05 0.030469554 0.00074546324 0.00023671158 5.3735068e-05 0.0038965612 0.00013421084 2.6437689e-05 0.00023101634 0.0008878717 1.5635009e-05 0.07388168 0.00010838428 0.043772675 7.607155e-05 8.7526256e-05 0.00015151592 0.00012015046 0.013442771 0.0031215327 0.00018532401 5.3642394e-05 0.0012555345 0.0002548789 0.004272566 0.0005143311 0.00012636905 2.4764165e-06 0.00017946707 0.00067774433 5.925235e-06 0.00045160615 0.000249191 0.003589035 3.1155992e-05
0.2736865 0.033535305 0.021073332 0.041550875 0.1478768 0.080378905 0.0058154515 0.0063301623 0.0038550547 0.017716018 0.0068635554 0.0052425363 0.01241815 0.3716859 0.0020957899 0.0079300925 0.4726101 0.002568489 0.0030793443 0.011890842 0.009821196 0.67114234 0.00011760056 0.00018694896 0.0042676893 3.5322874e-19 0.023584273 0.0027426833 0.0075729107 0.0113762515 9.9939156e-05 0.006389275 0.25614688 0.0028666193 0.48401758 0.009136121 0.00018780153 0.13915472 0.15018111 8.305951e-05 3.6090983e-05 0.06604388 0.0034914447 0.0015589077 0.030581348 0.0011885393 0.17935868 0.19710422 0.2551955 0.015004571 0.0003921832 0.60621893 0.3483092 0.006579578 0.09019956 0.0067252843 0.008440277 0.011002487 0.012859204 1.0151999e-05 0.015758516 1.1783883e-05 0.052813433 0.36127645 6.615353e-05 0.018526364 0.04582412 0.005053426 0.0010965744 0.0014092745 0.052892793 0.027814314 0.0026088795 0.25815898 0.0021679287 0.0008214345 0.21140894 0.006021737 8.979555e-07 0.0015610039 9.975714e-06 0.09034923 0.016987996 0.069096304 0.0018844318 4.545703e-05 0.0005474003 0.058220975 0.0005761889 0.039298456 0.00015680664 0.00045491205 0.00063639163 1.3977709e-06 0.014283298 6.4974024e-06 1.9509494e-05 5.9679245e-05 0.023280261 0.000320261 3.2730122e-06
0.009589037 0.16909435 0.24899083 0.2237502 0.14638306 0.104549885 0.0389705 0.05219932 0.032062393 0.41506806 0.023057653 0.021968666 0.48385656 0.058832847 0.009603992 0.006360121 0.04245889 0.2138341 0.026849048 0.005004298 0.49513608 0.019337557 0.008562811 0.0056716288 0.13816334 0.023584273 2.360178e-24 0.07255793 0.3112509 0.56325525 0.0029289944 0.21164492 0.039711226 0.0028585494 0.023535062 0.31732115 0.0032942835 0.20121618 0.21175298 0.0022030852 0.0006005856 0.45958707 0.0023821928 0.002851299 0.0036621548 0.0028185935 0.019153532 0.0148980385 0.00953432 0.062376335 0.001076287 0.0038430642 0.008205005 0.00561016 0.06850471 0.003335575 0.0017054551 0.00729985 0.2031283 3.202645e-05 0.1042534 0.00025353025 0.0016669368 0.0023849444 0.00075757713 0.00095658185 0.00097609876 0.22775707 0.00064858916 0.0005205654 0.0010126901 0.09884087 0.00033478028 0.0004200992 0.00058421615 0.000961878 0.000577702 0.0115156155 2.2416842e-05 0.027135747 5.2109233e-05 0.0015747908 0.0011536077 0.006167775 0.0013332341 0.0013169049 0.0007166233 0.0041220426 0.034436245 0.0038719147 0.00022821694 0.00029667836 0.00014808188 3.9217684e-06 0.0014223156 1.6814467e-05 1.4156028e-05 0.0057255914 0.0026253462 0.0016489271 2.4484698e-05
0.020872276 0.049077105 0.13351245 0.034146234 0.012956088 0.012737444 0.1000412 0.14650638 0.120294005 0.16578533 0.08145237 0.25880948 0.09194929 0.00805895 0.27812088 0.035104092 0.001038754 0.3992468 0.48136395 0.004629232 0.08314554 0.00060145906 0.2291535 0.19560991 0.38929036 0.0027426833 0.07255793 1.6811401e-26 0.28273177 0.08790757 0.12068533 0.3743717 0.0015110308 0.06489762 0.0005179833 0.20488979 0.12555158 0.039064605 0.038491 0.12407738 0.07121638 0.056690905 0.020931061 0.18828788 0.0032443472 0.15975639 0.0021752205 0.00029878094 0.00022069796 0.49626926 0.05788991 0.00016141574 0.0003625936 0.4845577 0.013322064 0.20661226 0.0050735776 0.3010733 0.13070072 0.005023798 0.29566687 0.011515423 0.0001534646 0.000102823265 0.014959178 0.0009096762 1.3865554e-05 0.04015954 0.010668101 0.0069240495 2.6704036e-05 0.0063956217 0.001187275 8.9571595e-06 0.0045879055 0.0073886956 1.5942318e-05 0.18492103 0.0049354816 0.047491323 0.0018715073 0.00039839983 6.548478e-05 0.0009822296 0.045738406 0.0034460488 0.00088494894 6.485798e-05 0.0033919758 0.0003927173 0.009041913 0.0029341555 0.0020696376 0.00017436665 0.00057696534 0.010823142 0.0002027159 0.0009827258 0.00039113252 0.022729611 0.0008221084
0.0029268768 0.085110985 0.26218134 0.115350224 0.03706306 0.032291047 0.062346056 0.084204145 0.06060351 0.48550552 0.041366868 0.06693096 0.5209613 0.025423123 0.057321783 0.010163504 0.0053112963 0.6277275 0.10378874 0.0039260886 0.6055212 0.0015723965 0.013215807 0.00907266 0.40715095 0.0075729107 0.3112509 0.28273177 9.739211e-32 0.38174278 0.006780126 0.4847903 0.0026535229 0.0043376833 0.0016999592 0.48634496 0.0053543164 0.02378254 0.024103291 0.003852276 0.0014658889 0.07218353 0.0022131552 0.004587218 0.00090754975 0.003922318 0.0024592231 0.00061863963 0.00059442664 0.17216477 0.001137943 0.00035223618 0.00087676186 0.019265683 0.007051513 0.007754032 0.0008725074 0.02239994 0.18233429 4.549116e-05 0.20500156 0.00015333397 0.00084208715 0.0003723211 0.0020848785 0.0001355755 0.00012004005 0.058522146 0.0003237964 0.00015291764 0.00016938937 0.0059137675 7.171084e-05 3.4887333e-05 0.00012148295 0.000713837 1.7737459e-05 0.038407963 1.8147826e-05 0.06853503 0.00010140983 0.00012593184 0.0006710423 0.0020380688 0.0073457607 0.0063848714 9.396271e-05 0.00044646778 0.0038813476 0.0008710745 0.0034617325 0.00018548794 5.994626e-05 2.9955609e-06 0.00011864358 6.594007e-05 7.165024e-06 0.0025612365 0.0007103379 0.0019847348 1.3633805e-05
0.0037310026 0.11583463 0.23349908 0.14820576 0.09240773 0.07103157 0.04093989 0.0622532 0.035214018 0.3832109 0.027981061 0.025972227 0.39009705 0.030456964 0.010474134 0.0063043498 0.015991965 0.22481458 0.042413592 0.0042677913 0.47636062 0.0064018886 0.0074070115 0.004243985 0.1684571 0.0113762515 0.56325525 0.08790757 0.38174278 8.466858e-27 0.0024330725 0.25776497 0.019549314 0.0020203923 0.009435346 0.408032 0.0035362055 0.09055071 0.07187475 0.0024068854 0.00057429273 0.35621002 0.0014228087 0.0018323124 0.0025732296 0.001866739 0.0077797375 0.0023678725 0.0026043616 0.08205672 0.00087683456 0.0020756049 0.003649113 0.0047780587 0.032864396 0.0029337988 0.0014753974 0.009452314 0.28994173 4.7018802e-05 0.18826099 0.00028312058 0.001336468 0.0015968216 0.00082941575 0.000741212 0.00036062344 0.22122234 0.00033767556 0.00029272828 0.0004966801 0.0535561 0.00031460196 0.00020322381 0.00022416063 0.001985422 0.00025328182 0.02102737 1.7204202e-05 0.062716946 8.489746e-05 0.001200092 0.0006919108 0.0043764263 0.0034317547 0.008042444 0.0005570245 0.0016685528 0.02973257 0.002180284 0.0015791483 0.00027287434 9.6213174e-05 1.7550325e-06 0.00095592806 1.4006966e-05 8.317886e-06 0.009946295 0.001689537 0.0019441806 8.105164e-06
0.053420085 0.003406957 0.009175771 0.0008830028 0.0010816966 0.0007300452 0.011595977 0.022459405 0.018464422 0.007872213 0.015367375 0.090035535 0.0013898798 0.00047647467 0.113897786 0.020137792 0.000110210305 0.008367046 0.22582197 0.0012812437 0.0010475687 1.02067515e-05 0.46419415 0.41158283 0.01824279 9.9939156e-05 0.0029289944 0.12068533 0.006780126 0.0024330725 4.2972816e-27 0.024557548 0.00025755542 0.128723 2.632126e-05 0.0056116637 0.36629593 0.0051724734 0.0045281583 0.50781465 0.41026488 0.0073032104 0.040935256 0.22295108 0.0018320645 0.23503885 0.00042024872 8.8397835e-05 3.969244e-05 0.07560698 0.22479062 1.4159161e-05 4.0986893e-06 0.16908641 0.002561477 0.07474525 0.011976292 0.08973587 0.0023161515 0.026975228 0.0142138265 0.019424958 3.827185e-06 9.923308e-06 0.06540103 0.001290418 7.7828093e-07 0.0006865342 0.022064006 0.031129029 1.4739838e-06 0.00067748094 0.0026768725 2.9754485e-06 0.0115878675 0.03923628 3.9717256e-06 0.014308288 0.014526468 0.0003185512 0.0063127 0.00012857151 2.0001876e-06 0.00010168534 0.0037581339 7.1399086e-06 0.0008772741 3.782732e-05 1.5546155e-05 0.0001208639 0.0001133892 0.0017321402 0.0047362344 0.0005160601 0.00016381309 0.031752516 0.0005601622 1.656731e-06 0.00010566919 0.0014963993 0.002203413
0.008800952 0.08170613 0.20568806 0.08449599 0.03638029 0.036814038 0.08617865 0.10102182 0.0876599 0.3201493 0.06558975 0.12331576 0.28476733 0.022621952 0.11081504 0.01768495 0.0035859388 0.50342065 0.21120027 0.004920208 0.27896723 0.0014039719 0.048569813 0.041656278 0.42245042 0.006389275 0.21164492 0.3743717 0.4847903 0.25776497 0.024557548 1.5394124e-29 0.004020144 0.0130877355 0.0021500178 0.3629518 0.025509061 0.030759396 0.023982255 0.012477782 0.006419924 0.07774264 0.006472538 0.02209077 0.0012975599 0.019272374 0.0026386117 0.001281493 0.00095048425 0.3048423 0.0041395314 0.00044384165 0.0006977962 0.060537774 0.010511048 0.028776854 0.002200049 0.07125423 0.15455247 0.00020198549 0.26447597 0.0010367593 0.00084563496 0.00053390884 0.0065496312 0.00038530474 0.00013890365 0.03819428 0.0012919522 0.00044855176 0.0003305608 0.007340684 0.00027428637 8.581935e-05 0.00046440915 0.0023435543 8.084387e-05 0.08239101 0.00022193414 0.05372251 0.00022040032 0.00042716044 0.000955 0.0019018124 0.014958836 0.0073725698 0.00030967165 0.0003287211 0.0037824765 0.0011575851 0.0058565345 0.00058426795 0.0003002016 1.9497424e-05 0.0007188795 0.0010542998 4.6822766e-05 0.0026004477 0.00082568516 0.0036635627 0.000100956866
