1.2203508e-23 0.9739718 0.9486777 0.78717643 0.98848736 0.96319306 0.98245203 0.97647464 0.8944505 0.654069 0.92497134 0.9525593 0.91518843 0.97517943 0.9760617 0.9832232 0.96188223 0.99085736 0.6700562 0.98856765 0.9614169 0.98688376 0.9459988 0.70204854 0.94821066 0.92927784 0.82159317 0.6123898 0.9804478 0.9292717 0.9569846 0.9810163 0.98878324 0.9417845 0.95459515 0.9883429 0.8994896 0.9661889 0.9955147 0.97019327 0.9067578 0.96332633 0.99782264 0.9635516 0.97265756 0.7140615 0.96643955 0.67750025 0.6690573 0.9846592 0.6627313 0.6006044 0.9962115 0.9858911 0.32604402 0.58949924 0.95845294 0.9979619 0.98704326 0.042971242 0.4435789 0.010887768 0.008538763 0.7327285 0.06861577 0.29844528 0.9914916 0.86527324 0.09333785 0.95913213 0.008183819 0.119855456 0.058887675 0.34005335 0.9998897 0.28503546 0.01946244 0.01002996 0.34225813 0.92070556 0.0015005013 0.9273307 0.91620845 0.9814966 0.00026521238 0.9466731 0.9264065 5.6464116e-05 0.9944365 0.002146537 0.9980956 9.3680137e-07 0.7523133 0.9987056 3.1463283e-06 0.039291944 0.011212933 0.95462215 5.6146096e-06 0.046943188 0.9225816
0.9739718 1.6109387e-17 0.8793504 0.8681568 0.8560323 0.61928844 0.56856924 0.5737672 0.5220339 0.6198892 0.50316757 0.83607435 0.69376934 0.33830756 0.12835097 0.47568342 0.052581474 0.5514749 0.14560306 0.2754239 0.16197704 0.029598065 0.0085087055 0.11650797 0.0010837405 0.00086806127 0.04802973 0.04007342 0.0018219473 0.0005752311 0.115852885 0.12440881 0.01423733 0.059350822 0.014473305 0.0054074437 0.0020661203 9.493006e-05 0.00036859792 0.17432228 0.011099587 0.00018194295 0.01033855 0.00040456527 0.004981295 0.0006936379 3.9018152e-05 0.0008935447 0.0023301383 0.00019226005 0.05013265 0.005185834 1.9147372e-05 0.042076744 0.036486335 0.00010193322 5.486164e-06 0.025733773 0.04003301 0.016931098 0.0004117161 0.0041976683 0.0054838182 0.0010938697 0.004193209 8.184938e-06 2.0920914e-05 3.8985832e-05 1.1006132e-05 7.891018e-06 0.00020539554 0.0001845802 0.0006632258 4.8405927e-05 0.019951006 2.2434006e-06 4.8653183e-06 2.3867653e-07 4.1950807e-05 6.603991e-06 2.0175361e-05 2.9918037e-06 6.810811e-06 6.327856e-05 1.49433e-06 3.061466e-05 3.519679e-05 0.00021380643 1.0834779e-06 5.661517e-08 0.00052080373 1.6503388e-07 1.1002841e-06 9.826104e-06 4.851832e-07 3.073567e-08 1.4438762e-06 5.631212e-06 2.7675928e-09 0.00011897998 5.169238e-05
0.9486777 0.8793504 5.4751366e-17 0.87890023 0.46270537 0.9221057 0.8574124 0.7101867 0.87002623 0.12398431 0.061800383 0.75780463 0.21772599 0.61074364 0.37205958 0.13014996 0.25529942 0.3446528 0.41812 0.04599898 0.16802917 0.11903566 0.04224838 0.20650278 0.006211116 0.009005562 0.0918135 0.073956035 0.012017057 0.003697547 0.017905824 0.2569652 0.0013696798 0.017037222 0.001474081 0.030763542 0.00026788324 0.0012384846 0.003450289 0.11541591 0.08938819 0.0007204075 0.0006715091 7.92976e-05 0.0008070968 7.84632e-05 0.000562489 8.537618e-05 0.0004806346 0.0006241342 0.06688615 0.015122036 0.0005372262 0.030059453 0.10173677 7.7867364e-05 7.812444e-05 0.012710821 0.015047617 0.0048213997 5.7145775e-05 0.017834365 0.003544628 0.008682195 0.00085337507 2.978813e-06 0.00010396112 0.00031994563 9.596062e-07 4.295912e-05 0.000108740845 1.4840003e-05 0.0046011144 0.00014691422 0.008652932 5.61728e-07 6.450465e-07 2.87197e-08 9.453166e-05 7.165116e-07 3.1142192e-06 1.4551597e-07 7.315593e-06 0.00019484774 4.788772e-07 0.0002546748 6.943292e-05 0.0006696877 1.04909326e-07 3.7462957e-09 0.00054723484 2.2243631e-08 6.456709e-08 1.029514e-06 1.3919265e-07 1.0378933e-08 6.8898095e-07 1.2229041e-05 6.8610734e-10 0.00014931035 5.4055045e-06
0.78717643 0.8681568 0.87890023 1.1763461e-18 0.73376334 0.8558616 0.7204535 0.919759 0.8544957 0.14330879 0.0722467 0.43657875 0.17551942 0.28676313 0.3198962 0.102498375 0.16517583 0.1971242 0.45838493 0.02538791 0.1538407 0.03949836 0.02283485 0.16078137 0.0053373217 0.006919089 0.03709613 0.036514767 0.005823268 0.00235544 0.04249467 0.13477206 0.00416049 0.039759804 0.002754006 0.011361901 0.00038712725 0.00016639387 0.002080217 0.06288245 0.021089816 0.00047433382 0.0012852063 0.00031364424 0.0010509364 0.00021890926 0.00024873798 0.00018322696 0.0020808014 0.00024363869 0.043753568 0.013251226 0.00014369433 0.01894113 0.05275891 0.000105071886 0.00010677214 0.009359563 0.007056488 0.0057897717 0.00014177262 0.012262092 0.00279935 0.0013330776 0.0011320272 3.242831e-06 2.563096e-05 8.621969e-05 5.803578e-07 2.165297e-05 4.7802212e-05 2.7395294e-05 0.0014627852 6.198662e-05 0.0068349647 6.146589e-07 1.1460671e-06 7.531424e-09 5.3813015e-05 5.956422e-07 3.76475e-06 1.8929168e-07 8.7042845e-06 0.00016850804 4.787845e-07 6.0015354e-05 1.8259158e-05 0.00011787722 5.1142763e-08 2.73146e-09 0.00020967286 2.004284e-09 9.87679e-08 4.057203e-07 5.1182482e-08 3.9622923e-09 6.0475736e-07 1.8366729e-06 1.2111923e-10 2.274353e-05 9.328556e-07
0.98848736 0.8560323 0.46270537 0.73376334 5.7655865e-16 0.5068952 0.53711665 0.7915778 0.24640475 0.13865806 0.45127848 0.18766397 0.18415588 0.04780005 0.26550615 0.4769413 0.085401244 0.23628628 0.32123992 0.15865561 0.8963485 0.060099985 0.002729428 0.5393003 0.0001899859 0.0012929427 0.48205832 0.36071774 0.0012776345 0.00031709636 0.563013 0.06179641 0.1338634 0.5418045 0.054634564 0.0051833172 0.011237458 6.894161e-05 0.005800198 0.04311516 0.093912296 0.00029953098 0.051921748 0.0015201882 0.010766752 0.002810411 8.2883735e-06 0.0011395873 0.051869955 7.15323e-05 0.71607757 0.0087272385 6.214081e-05 0.021032138 0.62198174 0.0118730785 1.9299754e-05 0.0136098005 0.051040437 0.38219863 0.0041883355 0.07841348 0.16332148 0.0010829238 0.20970066 3.2859243e-05 1.6684682e-05 1.9380337e-05 3.238529e-06 8.373279e-06 0.028527291 0.0063209105 0.0026646669 5.127431e-05 0.014582377 1.0363782e-06 6.1196047e-06 5.841136e-07 3.1509364e-05 9.613076e-06 0.00010290439 1.3435337e-06 1.3854562e-06 0.00027091175 0.00012014334 5.5558463e-05 5.974447e-06 0.006629399 1.5875839e-06 1.5420761e-07 0.00083816686 9.965478e-07 1.4294463e-06 1.8735314e-05 0.0005120182 2.2079026e-07 6.1347855e-06 9.0853433e-07 2.0309768e-08 0.0003089422 0.0003397421
0.96319306 0.61928844 0.9221057 0.8558616 0.5068952 2.3816512e-15 0.913951 0.7013301 0.9283919 0.04171713 0.01782097 0.5026166 0.087666065 0.45493087 0.5925688 0.111123696 0.37104306 0.20366405 0.54062015 0.01895363 0.31810182 0.18439096 0.042495497 0.34107485 0.011815557 0.026745757 0.19621456 0.15299761 0.028502937 0.010993948 0.020425417 0.18805951 0.0010252648 0.027736409 0.00028637977 0.025994672 0.00041932013 0.0018331909 0.015529398 0.062122136 0.3668464 0.0012699291 0.00016719734 1.9450381e-05 8.9415116e-05 8.556365e-05 0.0007128284 1.826339e-05 0.000851939 0.0008161368 0.17560184 0.046701167 0.0054992866 0.026442116 0.45526063 0.0001255802 0.0002715478 0.011628802 0.013157614 0.01787691 6.259582e-05 0.08505943 0.017942756 0.036938604 0.005279058 6.100227e-07 0.00053018297 0.0015464274 2.537708e-07 0.00023407096 0.0003696131 1.9226529e-05 0.038529165 0.00048548458 0.00722861 6.6620224e-08 1.819628e-07 7.22302e-09 0.00022458173 1.9118065e-07 1.2172278e-06 2.1144047e-08 6.601434e-06 0.0008752159 2.5095306e-07 0.00070598326 0.00019451394 0.0040708114 3.6499144e-09 2.7297764e-10 0.0009901689 4.8684323e-10 4.5591264e-09 9.3404395e-09 6.010147e-08 3.6331663e-10 7.818521e-08 3.1553085e-05 1.0547953e-11 0.0004659188 4.493485e-07
0.98245203 0.56856924 0.8574124 0.7204535 0.53711665 0.913951 2.336114e-13 0.8011435 0.89392614 0.030169994 0.013933704 0.48701483 0.08166519 0.49402228 0.6706955 0.15222985 0.5396451 0.25906867 0.55762917 0.017920395 0.33652493 0.280706 0.067083545 0.37313434 0.016269276 0.05526706 0.26742747 0.15210699 0.049385868 0.018522209 0.011888312 0.27504054 0.00059992494 0.028862454 0.00014723753 0.032467145 0.0004201431 0.0018109195 0.02508293 0.092394054 0.47473904 0.0028584362 0.00018558807 1.7847175e-05 0.00017027598 7.6206394e-05 0.0009768461 3.0253748e-05 0.0008003865 0.00077662093 0.14933826 0.08928964 0.0075899707 0.034146897 0.5636639 0.00037494328 0.0003963387 0.01581916 0.02237554 0.015668489 0.00014932033 0.095705174 0.015791258 0.08747191 0.011085058 9.582353e-07 0.0004862487 0.0024027012 9.4838754e-07 0.00041960913 0.001804262 5.1250747e-05 0.046680786 0.0010418386 0.010016154 5.6767963e-08 4.7147128e-07 5.862026e-08 0.0005847019 1.2928612e-06 3.0641897e-06 7.697996e-08 1.6331665e-05 0.0010452067 3.5228134e-06 0.0011707451 0.00031831677 0.006177147 3.416304e-08 1.6919577e-08 0.0019678033 6.396377e-08 5.5446904e-08 1.4119544e-07 2.5403415e-06 3.2159935e-08 1.236967e-06 5.787252e-05 1.4768943e-09 0.0013440924 1.035928e-05
0.97647464 0.5737672 0.7101867 0.919759 0.7915778 0.7013301 0.8011435 3.639517e-15 0.8068732 0.021468872 0.020487227 0.26219875 0.049418632 0.1399477 0.45458612 0.117021956 0.29230297 0.14957698 0.6987958 0.01174128 0.5749441 0.08294224 0.010844669 0.6422408 0.0027362017 0.014946985 0.3935715 0.38022718 0.007941343 0.0033620538 0.030647952 0.07462318 0.002077199 0.054951858 0.000707713 0.0074599776 0.00083525636 0.0005167715 0.0071623875 0.032321516 0.37508285 0.000458789 0.00012406603 3.377168e-05 2.3061779e-05 0.00018595994 0.0003011881 3.454935e-05 0.0026118308 0.00036454725 0.493477 0.044527426 0.0010984977 0.0121536385 0.7517303 0.0006051304 9.300166e-05 0.0073895766 0.009100827 0.080904305 0.00053668744 0.2583092 0.072722845 0.017370658 0.035487607 1.6607395e-06 0.00015918184 0.00061898254 1.1094214e-06 0.00011830643 0.006933892 0.0001903546 0.03807575 0.00025736075 0.0049526324 1.0822072e-07 8.458413e-07 5.0325486e-08 0.00029385157 1.1028275e-06 5.0733793e-06 4.283836e-08 8.154436e-06 0.0004239824 3.3087965e-06 0.00021078195 8.345509e-05 0.0112056 5.002737e-08 2.2648582e-08 0.00087813585 5.7670144e-09 3.568169e-08 3.9309345e-08 2.3411606e-06 1.4290687e-08 7.217533e-07 8.81487e-06 1.01807e-10 0.00011928617 2.2533045e-06
0.8944505 0.5220339 0.87002623 0.8544957 0.24640475 0.9283919 0.89392614 0.8068732 2.0639136e-18 0.06971632 0.012361247 0.46160448 0.102013946 0.6640524 0.6165015 0.048557986 0.4679339 0.15278603 0.7040953 0.006258547 0.06810096 0.1876862 0.14427546 0.12798621 0.10206645 0.038406443 0.016642842 0.02472936 0.058378913 0.018893652 0.0060516014 0.21532916 0.00016585838 0.0060503203 0.00020225612 0.04503457 1.554184e-05 0.0052521895 0.019747546 0.05103486 0.039037846 0.0030478707 4.5959674e-05 7.0627448e-06 5.0002065e-05 6.060024e-06 0.003195119 6.5566487e-06 0.00012259513 0.0012180941 0.010181161 0.030206643 0.0011263236 0.021510813 0.03262084 9.004901e-06 0.0020001961 0.009950426 0.005778001 0.00036249144 1.4282663e-06 0.00790625 9.689835e-05 0.004519459 1.4233528e-05 6.918455e-08 0.00017470703 0.0004420868 1.4850727e-08 0.0002736849 2.6293374e-06 1.3534824e-06 0.002576058 0.00019704456 0.0069505335 4.6373504e-08 3.531391e-08 2.7392377e-10 0.00013516855 7.675238e-09 7.863162e-08 2.2706015e-09 1.4082187e-05 0.0008917273 5.9441696e-09 0.0006502958 0.00020289423 3.3205386e-05 5.6927074e-10 1.0025215e-10 0.001444337 1.3924183e-10 1.970732e-09 2.8965633e-10 3.7556895e-09 1.5303986e-10 7.051801e-08 2.6969334e-05 1.6123722e-12 1.7349672e-05 3.608343e-08
0.654069 0.6198892 0.12398431 0.14330879 0.13865806 0.04171713 0.030169994 0.021468872 0.06971632 5.412334e-19 0.9654002 0.25824937 0.9269756 0.10662702 0.017351296 0.54564863 0.012470666 0.15883778 0.029846406 0.5662338 0.03820338 0.0060515087 0.006032511 0.030747268 0.00044319764 0.0008993916 0.010242118 0.010893028 0.0010833576 0.00059469434 0.33939335 0.029093271 0.1245589 0.102685735 0.09203357 0.011176379 0.02927206 0.0006606593 0.00035250283 0.14562823 0.0004232635 0.0002592321 0.018108143 0.00804168 0.016509082 0.012667745 0.00012280565 0.016080936 0.013754262 0.0005309336 0.0104807895 0.000702946 7.954497e-05 0.024363143 0.005164412 0.00053283834 0.00032160708 0.024291744 0.04971025 0.008862868 0.0037512372 0.000108153 0.0005970159 0.00028707652 0.0049310895 0.00313375 0.00013021228 0.00038058255 0.00019783936 1.7873237e-05 0.00012409266 0.0007517906 0.00016071192 0.00029988 0.026499521 0.000110313464 0.00012178875 2.0016664e-06 1.3494321e-05 0.00013787199 6.552914e-05 5.8046517e-05 3.926744e-05 0.00024121047 5.8528485e-06 6.586257e-05 2.0080517e-05 2.4146859e-05 8.2809065e-06 4.980675e-07 0.00018773832 1.6012727e-07 2.3266763e-05 1.7186787e-05 3.9260417e-06 1.1368219e-06 2.7799704e-05 7.91211e-06 8.295746e-09 2.430732e-05 7.982083e-05
0.92497134 0.50316757 0.061800383 0.0722467 0.45127848 0.01782097 0.013933704 0.020487227 0.012361247 0.9654002 8.584465e-18 0.11183082 0.56462735 0.04438586 0.0059378445 0.54438424 0.0036932507 0.09557182 0.013125855 0.89001733 0.07275093 0.002488398 0.0036249736 0.02662561 0.00014264819 0.0004663718 0.025275674 0.016221365 0.00042652988 0.0003589105 0.6738855 0.022062158 0.5568908 0.30145475 0.54952383 0.0071080253 0.19754066 0.00015011504 0.0003710873 0.14241885 0.00041695143 5.7417656e-05 0.29252076 0.0490077 0.28058523 0.07433307 2.750839e-05 0.055117052 0.093506075 0.0003808205 0.045181166 0.00033426826 1.2728251e-05 0.042101458 0.009602984 0.0102304965 3.914887e-05 0.056338865 0.26196116 0.11863176 0.025446642 6.3540036e-05 0.0066231526 4.374871e-05 0.13196644 0.02236396 6.473415e-05 0.000103885395 0.0018423147 1.3033398e-05 0.005631954 0.036600944 6.0064485e-05 5.4212793e-05 0.07239861 0.0009335142 0.0006448854 5.1360395e-05 6.051465e-06 0.001515199 0.0009919874 0.0013421832 1.0612917e-05 0.00017211938 0.00031711024 2.3196862e-05 3.6331654e-05 1.6940236e-05 0.00015001501 3.622915e-06 0.00024786516 4.7359044e-06 0.000197175 0.00030036597 0.00038875174 5.113731e-06 7.95427e-05 2.226889e-06 3.730305e-08 6.716637e-06 0.002822887
0.9525593 0.83607435 0.75780463 0.43657875 0.18766397 0.5026166 0.48701483 0.26219875 0.46160448 0.25824937 0.11183082 3.4690533e-14 0.43593705 0.9220719 0.1801466 0.1683516 0.108937606 0.9509847 0.10599771 0.10298169 0.049964115 0.20060389 0.116304435 0.04831438 0.004164424 0.011201391 0.021352464 0.021251548 0.016632663 0.0059717596 0.059645467 0.341603 0.0112131145 0.050617043 0.005492216 0.08376902 0.0013847774 0.008309291 0.010642153 0.23205726 0.03864067 0.0017053444 0.004996508 0.00027579936 0.004285435 0.00088928005 0.001224927 0.00043723735 0.0018825934 0.002109712 0.035685744 0.01209644 0.0022673365 0.085379854 0.04297827 0.00010134351 0.0010028441 0.0484173 0.059325952 0.006938443 0.00062230625 0.0035521842 0.0006842341 0.0067001316 0.0012021482 7.192364e-05 0.00070489274 0.0030119724 2.199947e-05 0.0005233884 5.791558e-05 4.5330144e-05 0.0009872944 0.0018447295 0.041448392 4.0880514e-06 1.4293993e-05 5.5976267e-07 0.00086067006 1.3483008e-06 1.0478135e-05 2.7576382e-06 0.00019190651 0.0020109396 2.7521548e-06 0.0015032521 0.0013218555 0.0003652009 2.1834132e-06 1.3643262e-07 0.003601413 2.2114975e-07 1.2171615e-06 8.248035e-07 2.6634686e-06 5.7142966e-08 3.9108343e-07 0.00039739578 3.8669214e-08 0.0011366036 4.8853788e-05
0.91518843 0.69376934 0.21772599 0.17551942 0.18415588 0.087666065 0.08166519 0.049418632 0.102013946 0.9269756 0.56462735 0.43593705 2.6908959e-18 0.16231076 0.044058703 0.94812465 0.024834039 0.53632087 0.043924846 0.60177827 0.07052163 0.028993573 0.018518442 0.027509607 0.00045337496 0.00098831 0.015801238 0.015404477 0.002279621 0.000254541 0.24775961 0.13564654 0.1329179 0.070832826 0.04052752 0.027229115 0.022055333 0.0012797655 0.0016624455 0.4521791 0.0010923018 0.00013886126 0.021365419 0.008620013 0.019379338 0.013677056 0.00029100754 0.007951688 0.0076116403 0.00060816 0.022811001 0.0012425917 0.0002776419 0.086490765 0.008678184 0.00031345375 0.0005551003 0.07575664 0.17569315 0.011538117 0.0016430697 0.00015664431 0.00032626625 0.0006077051 0.0033099202 0.0007678222 0.00023399465 0.0008932098 6.413605e-05 4.309609e-05 8.440969e-05 0.00010126322 0.00013938082 0.0005773853 0.07095212 1.5288124e-05 2.8039283e-05 5.756761e-07 1.7609433e-05 2.8971228e-05 1.0332946e-05 3.4711804e-05 1.1507605e-05 0.0006969978 1.62843e-06 0.00029230007 0.00021547328 5.844415e-06 2.5002655e-06 2.5057698e-08 0.00044795367 3.0627096e-09 3.9626043e-06 8.799994e-06 4.7518427e-08 4.988121e-08 1.567513e-06 9.239623e-06 1.5027924e-09 8.5863976e-05 3.6496152e-05
0.97517943 0.33830756 0.61074364 0.28676313 0.04780005 0.45493087 0.49402228 0.1399477 0.6640524 0.10662702 0.04438586 0.9220719 0.16231076 5.0874743e-15 0.353555 0.08469156 0.2813168 0.5858095 0.1906112 0.03555351 0.014750787 0.7961703 0.7976184 0.031373963 0.061146352 0.05060141 0.007564888 0.011336499 0.38361973 0.03625977 0.012023878 0.62951833 0.0013251973 0.018382257 0.0010812185 0.4126907 9.5616044e-05 0.11917669 0.14698061 0.29132107 0.023620766 0.034983758 0.0014519658 1.2642141e-05 0.0016104417 6.320004e-05 0.026235953 7.572708e-05 0.0001407489 0.020613143 0.002905306 0.022363424 0.006734269 0.21160547 0.00961752 1.8174966e-05 0.015426015 0.08406285 0.051295713 0.000284644 2.5173857e-05 0.00064108113 3.6292106e-05 0.009795436 0.00012389103 5.6100175e-06 0.002548502 0.004855571 2.27109e-06 0.0018569308 1.7385084e-05 4.9152527e-06 0.0021659147 0.004256668 0.062222727 1.4854119e-07 1.4312825e-06 9.82394e-08 0.002707582 1.3517209e-07 1.298003e-06 8.9685955e-08 0.00034449383 0.004510929 2.0051387e-07 0.0053641982 0.0035338087 4.9420327e-05 6.057505e-08 2.172471e-08 0.009850622 9.166529e-08 1.7511996e-07 1.0506587e-08 2.912056e-07 2.7594544e-09 1.1418695e-07 0.0006555902 7.793578e-09 0.0018363097 9.573178e-06
0.9760617 0.12835097 0.37205958 0.3198962 0.26550615 0.5925688 0.6706955 0.45458612 0.6165015 0.017351296 0.0059378445 0.1801466 0.044058703 0.353555 2.0488936e-16 0.06481352 0.9721422 0.13909517 0.9692813 0.0031767627 0.1727207 0.34380403 0.13849935 0.3806605 0.38563827 0.39623433 0.08860357 0.07309882 0.13582553 0.26213345 0.005456545 0.27659497 0.00010078526 0.010681314 9.410665e-05 0.03938316 2.881395e-05 0.007838714 0.11180254 0.036994062 0.55520254 0.01671967 9.430564e-05 5.2420187e-06 5.7937956e-05 8.052827e-06 0.0046101045 5.672126e-06 0.00025857828 0.0022424508 0.13203853 0.19470838 0.02187681 0.019592993 0.4998294 1.1000224e-05 0.0009837244 0.007610214 0.010133549 0.009009549 2.708656e-05 0.1342392 0.009980549 0.14779896 0.0017112502 1.4092463e-07 0.0012640436 0.0042552883 6.097171e-08 0.000757989 0.00019059313 4.122921e-06 0.09808672 0.0009076099 0.0059049 9.672532e-09 5.8626526e-08 3.1866099e-09 0.0005720884 6.350596e-08 2.867543e-07 1.6122648e-08 2.5538848e-05 0.002837535 6.028019e-07 0.0018619945 0.00050399144 0.013536561 6.854654e-09 7.9609125e-10 0.0020699138 7.404481e-10 1.5111739e-09 1.1929305e-07 3.934625e-08 2.5790798e-09 4.0391793e-08 7.582688e-05 7.058491e-11 0.00069262116 1.1917047e-05
0.9832232 0.47568342 0.13014996 0.102498375 0.4769413 0.111123696 0.15222985 0.117021956 0.048557986 0.54564863 0.54438424 0.1683516 0.94812465 0.08469156 0.06481352 3.4159204e-15 0.025041468 0.55403227 0.030050904 0.9162067 0.15038747 0.020170152 0.0050257193 0.048883885 0.00016329213 0.0010732085 0.0869535 0.0440407 0.0040681376 0.00040196627 0.28829688 0.09339459 0.35110426 0.20017086 0.03994613 0.01219928 0.08999532 0.0003490472 0.0016021077 0.4379784 0.008842998 0.0002580826 0.04310854 0.022213861 0.01980729 0.039239574 7.781622e-05 0.010562105 0.061470527 5.942662e-05 0.17200439 0.002560063 0.00038441984 0.07861274 0.041671365 0.027800467 0.00028903852 0.09778313 0.4260595 0.036096197 0.009481696 0.00017842726 0.0018662638 0.0010558645 0.043810226 0.0029802881 0.00035202227 0.00059221825 0.0006000901 2.0977875e-05 0.0009780781 0.0023091636 0.00072082394 0.0007709476 0.16176733 7.938121e-05 0.00013059347 7.615931e-05 0.0001350665 0.0005150053 0.00011176356 0.0005794401 1.9486502e-06 0.00020528569 7.2029725e-06 0.0001294507 8.839143e-05 0.000110420195 3.789437e-05 4.922148e-06 0.00039210016 6.011462e-07 0.00022000198 4.3324922e-05 8.8322795e-06 1.8439248e-06 2.8652661e-05 9.957617e-06 3.318213e-08 0.0004650121 0.00025072545
0.96188223 0.052581474 0.25529942 0.16517583 0.085401244 0.37104306 0.5396451 0.29230297 0.4679339 0.012470666 0.0036932507 0.108937606 0.024834039 0.2813168 0.9721422 0.025041468 2.0611779e-16 0.09285814 0.97083646 0.0016131516 0.07950404 0.2963782 0.16049677 0.19952409 0.6958541 0.67836607 0.03384982 0.035764024 0.24156749 0.47062254 0.0019626485 0.17977335 3.199107e-05 0.0037612803 1.6167633e-05 0.050400805 4.049721e-06 0.02515571 0.13371286 0.02898288 0.5079767 0.043010794 4.9615146e-06 5.1024654e-07 1.897774e-05 1.3446449e-06 0.032910615 8.2557085e-07 3.345302e-05 0.005248374 0.04871797 0.23993933 0.043033894 0.016057184 0.30714372 3.006468e-06 0.00838989 0.006361426 0.005801761 0.004068227 7.359398e-06 0.06819064 0.0024203218 0.18033402 0.000605307 6.3967676e-08 0.0037412175 0.012629495 1.611776e-08 0.0018357825 2.233198e-05 1.6622788e-07 0.10015308 0.0035786398 0.005696507 3.921923e-09 1.5455985e-08 8.836618e-10 0.0014585603 4.602006e-09 5.6793517e-08 1.0453549e-09 8.8092434e-05 0.0070309923 1.5479462e-07 0.0041185003 0.0011533932 0.011650186 1.6720815e-10 1.5770073e-10 0.0046571377 1.2948821e-10 5.479303e-10 3.4530996e-09 4.0085166e-09 4.7842774e-10 1.04186615e-08 0.00023309172 9.621145e-12 0.0021244052 1.7481004e-06
0.99085736 0.5514749 0.3446528 0.1971242 0.23628628 0.20366405 0.25906867 0.14957698 0.15278603 0.15883778 0.09557182 0.9509847 0.53632087 0.5858095 0.13909517 0.55403227 0.09285814 4.2427084e-15 0.06406086 0.27931118 0.060418475 0.26574135 0.07454552 0.035737034 0.0018550458 0.011478068 0.036237136 0.023706362 0.015390856 0.005013632 0.079380795 0.6681655 0.097367294 0.052303076 0.010740703 0.17929542 0.010613879 0.013359444 0.02167197 0.8405796 0.021841727 0.0042271772 0.009990705 0.0007448855 0.0052750423 0.004683034 0.0017017588 0.0015514313 0.003055353 0.0012375212 0.038685728 0.0059865937 0.0021411832 0.38124955 0.031199444 0.00069589494 0.0014223942 0.26166132 0.24472095 0.0032863868 0.001238262 0.0010233574 0.0004295742 0.0055602775 0.0023461685 0.00014380223 0.0011581293 0.001279561 1.2583226e-05 0.0006059195 0.0001829216 3.0372856e-05 0.000769901 0.0007283911 0.17755695 9.995761e-06 2.3466115e-05 5.9540275e-06 0.0006868866 1.3132114e-05 9.099048e-06 1.4255644e-05 5.495598e-05 0.0014709752 3.554405e-07 0.0020522785 0.0009983147 5.358283e-05 4.125816e-06 5.646497e-07 0.0033184462 4.5429076e-07 1.2288905e-06 6.621343e-07 1.812089e-06 2.3045025e-07 1.0305591e-06 0.00010002125 5.472674e-09 0.0008370286 8.537479e-05
0.6700562 0.14560306 0.41812 0.45838493 0.32123992 0.54062015 0.55762917 0.6987958 0.7040953 0.029846406 0.013125855 0.10599771 0.043924846 0.1906112 0.9692813 0.030050904 0.97083646 0.06406086 4.549218e-19 0.0009991553 0.24902989 0.10170667 0.06862811 0.74104524 0.29688624 0.6527181 0.0853116 0.17081396 0.044870023 0.30509198 0.017552638 0.06311539 0.00039577475 0.028093962 0.00025743706 0.008518554 2.6872467e-05 0.000952386 0.011985354 0.009854263 0.38159695 0.0028708666 7.1246286e-05 4.2104555e-05 2.7359809e-05 1.2610545e-05 0.0032856427 7.004542e-06 0.00035543836 0.0009838314 0.037017517 0.27756923 0.0036388957 0.0035645384 0.16776322 1.9169167e-05 0.0028976477 0.0024823244 0.0025758392 0.004130982 1.5127213e-05 0.082253344 0.0033378121 0.021830158 0.00039063842 9.105227e-08 0.00010481188 0.0006200504 4.2545388e-08 0.00076109474 1.6653714e-05 3.5298456e-06 0.012233906 0.00046489658 0.0022389977 3.1442408e-08 8.191068e-08 1.8062323e-09 0.00032551694 1.8372685e-08 1.1894021e-07 7.753487e-09 3.0378096e-05 0.0009565636 2.1209189e-07 0.00065933843 0.00030322422 0.0021247647 8.091493e-10 1.7718744e-09 0.0010057125 8.043925e-11 2.2443878e-09 1.6440161e-09 5.7669514e-08 7.5363205e-10 1.8256674e-08 5.9066482e-05 5.4284507e-12 9.626144e-05 5.6969196e-07
0.98856765 0.2754239 0.04599898 0.02538791 0.15865561 0.01895363 0.017920395 0.01174128 0.006258547 0.5662338 0.89001733 0.10298169 0.60177827 0.03555351 0.0031767627 0.9162067 0.0016131516 0.27931118 0.0009991553 3.0273854e-17 0.048657913 0.0024839381 0.0010473216 0.0027610145 2.2192113e-05 1.3989317e-05 0.0071142404 0.0024684565 0.00020977184 8.50668e-06 0.43012813 0.04257486 0.63968605 0.15748201 0.24526045 0.006964922 0.3057955 4.807244e-05 0.0001683068 0.37832376 1.8299146e-05 3.3524593e-05 0.31233498 0.12778454 0.25879663 0.2415311 7.866771e-06 0.060304925 0.05110052 3.004065e-05 0.020293886 2.4442425e-05 2.7870874e-05 0.04863481 0.0023740781 0.007399111 5.7126344e-06 0.11790029 0.80070305 0.008414186 0.01893463 2.1236624e-06 0.00010110275 0.00011605247 0.02420735 0.024781372 2.4843584e-05 2.806162e-05 0.0010021838 1.3622323e-06 0.00012066178 0.0011129107 2.5725387e-05 3.500992e-05 0.42697826 0.0020178845 0.00046924484 8.8013156e-05 1.3940233e-06 0.0013263958 0.00054767577 0.0026490854 2.9014764e-06 1.7329334e-05 1.1574926e-06 6.348549e-06 1.3895193e-05 2.713135e-06 0.00028683268 9.130218e-06 4.658981e-05 4.0696386e-07 0.00063089957 0.00010526877 1.5722314e-07 2.9764929e-06 4.2138377e-05 1.3546703e-06 5.2777587e-08 4.195217e-05 0.0003460778
0.9614169 0.16197704 0.16802917 0.1538407 0.8963485 0.31810182 0.33652493 0.5749441 0.06810096 0.03820338 0.07275093 0.049964115 0.07052163 0.014750787 0.1727207 0.15038747 0.07950404 0.060418475 0.24902989 0.048657913 2.906193e-17 0.024483183 0.0025704908 0.93758255 0.0006683424 0.0014258303 0.9166277 0.83797956 0.0009016614 0.000621244 0.15042375 0.027066875 0.015696622 0.33318654 0.012528356 0.0011914377 0.001518238 7.039824e-05 0.0012412242 0.016413713 0.12415147 0.0001499412 0.006967855 0.0020008553 0.0037565161 0.00058746524 3.8010192e-05 0.00044848846 0.01129841 0.00013608119 0.76918566 0.007941548 2.586329e-05 0.0052077696 0.601578 0.0032743204 3.3730095e-05 0.003908275 0.0072271973 0.23990571 0.0053218626 0.09042317 0.18911858 0.00096946 0.07866517 1.6854234e-05 1.7936929e-05 1.4633832e-05 2.227966e-06 1.3365515e-05 0.013262876 0.00085692434 0.0050986037 1.4343906e-05 0.0058533596 2.4660784e-07 8.0520084e-07 6.7282336e-08 4.9553814e-06 4.052576e-06 0.00024157927 4.451564e-06 1.6177496e-06 0.00027778462 6.7732744e-06 0.0001477036 4.429211e-05 0.013384101 7.959034e-07 1.9817584e-08 0.0005122456 6.010032e-08 4.2727734e-07 1.48386725e-05 1.199259e-05 2.1188144e-07 3.096527e-06 4.9193654e-06 5.7461824e-10 1.1915241e-05 0.000511055
0.98688376 0.029598065 0.11903566 0.03949836 0.060099985 0.18439096 0.280706 0.08294224 0.1876862 0.0060515087 0.002488398 0.20060389 0.028993573 0.7961703 0.34380403 0.020170152 0.2963782 0.26574135 0.10170667 0.0024839381 0.024483183 4.6704706e-15 0.95353085 0.040804677 0.15115322 0.13343436 0.013779641 0.01193606 0.542231 0.13559096 0.0031103257 0.65346533 0.00020797747 0.008706663 3.4935347e-05 0.6140678 1.34373795e-05 0.21321124 0.51418036 0.09500311 0.2090398 0.1455642 7.655327e-05 1.6721615e-06 0.00017846232 2.430222e-05 0.06817708 1.0929858e-05 4.9674116e-05 0.041536447 0.015545304 0.10223439 0.19830391 0.1501034 0.034338336 6.9860757e-06 0.041577138 0.05946315 0.034432065 0.0007051496 1.2220296e-05 0.008732075 0.00010607002 0.111163326 0.0006010832 4.4362326e-07 0.011722065 0.062127482 1.06731044e-07 0.008275764 3.0974563e-05 4.2106303e-06 0.032502264 0.013916167 0.05925369 1.0340008e-08 2.5382937e-07 3.1355448e-08 0.009365296 2.5108315e-08 4.2097207e-07 9.944799e-09 0.0029201268 0.009003206 4.1955323e-07 0.00769388 0.0050254366 7.422189e-05 1.35638185e-08 7.301771e-08 0.011249184 7.6315224e-08 1.36714e-08 4.767764e-09 8.022276e-07 2.6906417e-09 3.6213326e-08 0.002182717 3.7730943e-09 0.008662891 1.3684119e-06
0.9459988 0.0085087055 0.04224838 0.02283485 0.002729428 0.042495497 0.067083545 0.010844669 0.14427546 0.006032511 0.0036249736 0.116304435 0.018518442 0.7976184 0.13849935 0.0050257193 0.16049677 0.07454552 0.06862811 0.0010473216 0.0025704908 0.95353085 3.1361797e-15 0.007597621 0.36996126 0.06656663 0.00072553655 0.0012686236 0.9364256 0.08624926 0.0034611167 0.30644137 0.0003005806 0.0057708276 0.00029797593 0.44578567 5.925736e-05 0.523296 0.40273362 0.045137268 0.041424356 0.3303098 6.368995e-05 1.56924e-05 0.0002563909 4.307596e-05 0.36477605 8.008201e-06 4.0620544e-05 0.21442014 0.00314955 0.04944691 0.104177244 0.07225518 0.0073282216 1.7077906e-05 0.14176716 0.035388 0.018983072 0.000331598 8.3434825e-06 0.001429338 2.4484057e-06 0.04160904 0.00028044035 2.8484653e-06 0.028791672 0.02587197 5.768016e-07 0.0071505015 1.0896824e-05 0.00010817908 0.015090399 0.009859136 0.027377266 6.437117e-09 1.2697225e-07 4.1110493e-09 0.0063681817 4.0656992e-08 1.7164746e-06 4.704082e-09 0.0034326976 0.018992221 2.3666214e-06 0.01041319 0.006398339 1.4872306e-05 1.5388652e-08 3.806279e-09 0.02697749 2.9199227e-09 2.527426e-09 3.1251364e-09 1.4170548e-07 2.8165523e-10 2.7859882e-08 0.0024299975 4.839851e-10 0.005635666 1.3435732e-06
0.70204854 0.11650797 0.20650278 0.16078137 0.5393003 0.34107485 0.37313434 0.6422408 0.12798621 0.030747268 0.02662561 0.04831438 0.027509607 0.031373963 0.3806605 0.048883885 0.19952409 0.035737034 0.74104524 0.0027610145 0.93758255 0.040804677 0.007597621 5.139685e-18 0.029077621 0.035006754 0.8244745 0.9672918 0.011724468 0.014759133 0.021105492 0.032710865 0.0007527803 0.04511051 0.0012030151 0.0037655872 3.952808e-05 0.00061659934 0.0029809559 0.008661709 0.396725 0.0007402382 6.883571e-05 0.00010704313 0.0002508168 1.27321355e-05 0.0010590776 2.3446182e-05 0.0011572053 0.0004059921 0.34399903 0.07506415 0.0005802217 0.0029344815 0.61668926 0.00013193102 0.0009429288 0.0026724224 0.0031039738 0.03989581 0.00036367774 0.17036058 0.038417358 0.007688229 0.014934611 3.1798953e-07 0.00015918138 0.00013526167 1.1614109e-07 0.00011841433 0.0008534528 9.075441e-06 0.013444201 0.000109163426 0.0021073543 1.5560904e-08 4.8198658e-08 1.584869e-09 2.4894647e-05 4.2246754e-08 1.0819672e-06 3.4178225e-08 4.660796e-06 0.00078527693 9.595783e-08 0.0003364172 0.000105326515 0.014915715 7.0673627e-09 8.852386e-11 0.0008372733 6.4125805e-10 4.2854036e-09 6.9029134e-08 2.5189909e-08 2.061197e-09 5.0880065e-08 1.9708694e-05 2.6104592e-11 3.1496686e-05 8.221762e-06
0.94821066 0.0010837405 0.006211116 0.0053373217 0.0001899859 0.011815557 0.016269276 0.0027362017 0.10206645 0.00044319764 0.00014264819 0.004164424 0.00045337496 0.061146352 0.38563827 0.00016329213 0.6958541 0.0018550458 0.29688624 2.2192113e-05 0.0006683424 0.15115322 0.36996126 0.029077621 3.771199e-14 0.752386 0.00053421035 0.0018642022 0.9437219 0.89574546 8.372461e-05 0.028851585 5.270654e-07 0.0011074453 1.4994642e-05 0.022880219 9.0873965e-07 0.050379936 0.20684662 0.0047607403 0.20544611 0.14128417 1.0479049e-06 5.5228446e-07 1.4176225e-05 1.1529438e-06 0.25748363 5.4850153e-07 1.1027165e-05 0.019821089 0.0009852467 0.29333064 0.5716723 0.011716967 0.009135393 5.209155e-07 0.33315408 0.006345448 0.0009942463 3.864159e-05 5.122944e-05 0.0025888884 1.36797935e-05 0.31105325 1.0323687e-05 1.5598168e-08 0.040092506 0.18806216 1.3907023e-08 0.03992213 5.3539943e-06 1.5419583e-07 0.05939394 0.06848813 0.0014369481 1.4055088e-10 1.01055315e-08 1.3122348e-09 0.04257671 7.721749e-11 2.9518836e-07 1.005562e-11 0.0137301935 0.018405126 6.336174e-08 0.017925104 0.014575565 2.4128167e-05 2.1703847e-11 7.3067277e-09 0.034778774 7.413256e-10 5.548176e-10 5.808882e-11 4.116707e-09 1.1761803e-10 2.2992086e-08 0.010512933 1.0931474e-09 0.025008202 1.5061232e-06
0.92927784 0.00086806127 0.009005562 0.006919089 0.0012929427 0.026745757 0.05526706 0.014946985 0.038406443 0.0008993916 0.0004663718 0.011201391 0.00098831 0.05060141 0.39623433 0.0010732085 0.67836607 0.011478068 0.6527181 1.3989317e-05 0.0014258303 0.13343436 0.06656663 0.035006754 0.752386 3.5145642e-16 0.0012867743 0.0037386017 0.19493908 0.9770268 0.00066087605 0.034357008 6.93444e-06 0.0027077936 4.6958397e-05 0.0113129765 2.8667844e-06 0.007189957 0.09035367 0.003972732 0.66721445 0.050911766 2.845031e-06 9.395634e-07 7.110079e-06 1.6365569e-06 0.036593154 5.503695e-07 4.0890634e-05 0.0029596838 0.019326758 0.59198946 0.3002954 0.0044683586 0.14973888 6.707502e-06 0.021072453 0.004288436 0.0027918038 0.0010564507 2.5245863e-05 0.058635928 0.00031720827 0.49201298 0.00041467522 7.1072584e-08 0.0047532413 0.06376912 3.8111097e-09 0.0027838463 2.425663e-05 4.2573713e-08 0.28307688 0.010202154 0.0027103424 7.1162437e-10 4.17849e-09 1.4597233e-10 0.0038066604 1.29359226e-08 7.265553e-08 1.9898705e-09 0.0003661514 0.012968438 1.8705961e-07 0.0045031058 0.0019662268 0.0072881887 5.6989213e-10 6.9513804e-11 0.006878646 1.9147157e-10 1.2480158e-09 1.1358551e-08 3.5197625e-09 2.7693445e-10 4.4272614e-08 0.0008310559 1.9807125e-11 0.009292608 8.330487e-07
0.82159317 0.04802973 0.0918135 0.03709613 0.48205832 0.19621456 0.26742747 0.3935715 0.016642842 0.010242118 0.025275674 0.021352464 0.015801238 0.007564888 0.08860357 0.0869535 0.03384982 0.036237136 0.0853116 0.0071142404 0.9166277 0.013779641 0.00072553655 0.8244745 0.00053421035 0.0012867743 4.5985323e-16 0.96663004 0.00068206975 0.00027933338 0.05353694 0.009198253 0.0044213366 0.1569349 0.0051567415 0.0010831825 0.00022984527 5.0284976e-05 0.00085937534 0.0038569723 0.11236176 3.9661074e-05 0.0018038742 0.0022154814 0.00026737506 0.00013911656 1.24946055e-05 0.0001358934 0.0041009434 0.000107085 0.84398013 0.009255472 0.00010758576 0.0016897989 0.75438493 0.0027541271 3.0379457e-05 0.0011432633 0.0023110702 0.24134187 0.0038814219 0.1587096 0.27243477 0.001207942 0.07971205 6.3354673e-06 2.772089e-05 3.1821553e-05 7.5002316e-07 1.3955511e-05 0.018760737 0.0019017899 0.0032130864 2.4829751e-05 0.0026381512 1.6183581e-07 5.377003e-07 1.2997556e-08 8.0852005e-06 5.0715266e-06 4.8639846e-05 1.1255187e-06 1.666955e-06 0.0003551939 9.461504e-06 5.2236464e-05 1.5380283e-05 0.02690193 7.6523185e-07 6.4142838e-09 0.00020203501 7.2121034e-09 8.356945e-07 6.735996e-06 2.2262448e-05 1.8227804e-07 6.4889628e-06 7.386497e-06 1.5256952e-09 1.817989e-05 0.00012286843
0.6123898 0.04007342 0.073956035 0.036514767 0.36071774 0.15299761 0.15210699 0.38022718 0.02472936 0.010893028 0.016221365 0.021251548 0.015404477 0.011336499 0.07309882 0.0440407 0.035764024 0.023706362 0.17081396 0.0024684565 0.83797956 0.01193606 0.0012686236 0.9672918 0.0018642022 0.0037386017 0.96663004 3.8937123e-16 0.001912301 0.0012733861 0.021503486 0.012981026 0.0014167974 0.07198789 0.0011829531 0.0017402776 0.00010606557 0.00012704209 0.0016333138 0.004615639 0.1523471 0.00011565648 0.00021940836 0.00068926724 0.00016083213 3.9784496e-05 7.267055e-05 6.4747364e-05 0.0014111527 0.00017424463 0.6576577 0.019979224 0.00038758994 0.0013224696 0.67991996 0.00034835885 0.00017009694 0.0017735347 0.002200747 0.11113799 0.0011322495 0.20955761 0.14581348 0.0025001226 0.0272785 1.7054898e-06 5.0392362e-05 8.543001e-05 2.0799143e-07 4.4145614e-05 0.0039259316 0.00010736457 0.007985684 6.249829e-05 0.0025463835 5.469348e-08 2.1318776e-07 1.6288156e-09 2.694396e-05 2.305371e-07 3.5744972e-06 8.478317e-08 3.6735225e-06 0.0003952461 2.1271417e-07 0.0001529153 4.4546192e-05 0.027191788 3.2085186e-08 2.1805184e-10 0.00036865572 1.1869443e-09 3.0928675e-08 2.7267e-07 5.9811373e-07 8.241745e-09 6.29477e-07 1.18997505e-05 7.877005e-11 1.0721359e-05 1.2352678e-05
0.9804478 0.0018219473 0.012017057 0.005823268 0.0012776345 0.028502937 0.049385868 0.007941343 0.058378913 0.0010833576 0.00042652988 0.016632663 0.002279621 0.38361973 0.13582553 0.0040681376 0.24156749 0.015390856 0.044870023 0.00020977184 0.0009016614 0.542231 0.9364256 0.011724468 0.9437219 0.19493908 0.00068206975 0.001912301 6.0068763e-13 0.26171517 0.00080562447 0.06203407 8.76957e-05 0.0024252953 8.5306754e-05 0.10701267 9.146939e-05 0.31927952 0.44638342 0.011224585 0.14659981 0.5695394 2.2652463e-05 6.926152e-06 4.650019e-05 6.755886e-05 0.6699505 2.2365653e-05 5.771417e-05 0.17817895 0.0031792116 0.15732642 0.477237 0.034802474 0.007845127 1.67859e-05 0.41177127 0.021280749 0.006970198 0.000551992 4.3532837e-05 0.003485187 2.836588e-05 0.20886303 0.001295227 3.04339e-06 0.10399851 0.16196805 2.864714e-07 0.054224648 5.6334007e-05 1.6500493e-05 0.06610423 0.04719086 0.00619059 1.4819544e-08 3.9429096e-07 7.79443e-08 0.03843891 9.885209e-09 1.2451966e-06 2.747962e-09 0.027635673 0.08691842 7.189583e-06 0.050208215 0.025573088 0.00014699901 1.4928732e-09 1.04096625e-08 0.07670232 4.9551376e-09 2.27755e-09 1.5314944e-09 1.5241677e-06 4.1650405e-10 3.559685e-08 0.016607389 4.4803156e-10 0.025123246 5.198178e-07
0.9292717 0.0005752311 0.003697547 0.00235544 0.00031709636 0.010993948 0.018522209 0.0033620538 0.018893652 0.00059469434 0.0003589105 0.0059717596 0.000254541 0.03625977 0.26213345 0.00040196627 0.47062254 0.005013632 0.30509198 8.50668e-06 0.000621244 0.13559096 0.08624926 0.014759133 0.89574546 0.9770268 0.00027933338 0.0012733861 0.26171517 1.1303804e-16 0.00018347001 0.022295976 7.696796e-07 0.00092139334 9.936111e-06 0.017295374 1.6757789e-06 0.01834589 0.12625982 0.0027479536 0.54986405 0.07482835 3.7455638e-07 3.9995317e-07 3.7396978e-06 4.2359014e-07 0.08890147 3.369373e-07 1.9619485e-05 0.00841001 0.0051233815 0.67504 0.60351205 0.0030249236 0.049126804 7.5404696e-06 0.080374554 0.004233085 0.0018876704 0.0001404006 5.477768e-06 0.021079518 1.8918632e-05 0.535697 1.1809196e-05 3.1872744e-08 0.020110898 0.19834265 4.7608575e-09 0.008366507 4.0143914e-06 9.067965e-08 0.22651841 0.044969358 0.0039246776 6.0917243e-10 2.2707356e-09 2.6096988e-10 0.0169796 2.8331486e-09 4.7443166e-08 8.6105734e-10 0.0039545256 0.02858602 9.012547e-08 0.008919309 0.004949997 0.0020331668 2.588467e-10 3.7180745e-11 0.016274001 1.6582624e-10 9.966536e-10 3.8691628e-09 1.1418041e-09 2.3323498e-11 3.788933e-08 0.0035868369 3.5406657e-11 0.020118743 2.1533879e-07
0.9569846 0.115852885 0.017905824 0.04249467 0.563013 0.020425417 0.011888312 0.030647952 0.0060516014 0.33939335 0.6738855 0.059645467 0.24775961 0.012023878 0.005456545 0.28829688 0.0019626485 0.079380795 0.017552638 0.43012813 0.15042375 0.0031103257 0.0034611167 0.021105492 8.372461e-05 0.00066087605 0.05353694 0.021503486 0.00080562447 0.00018347001 1.4029548e-16 0.03143629 0.81723917 0.9512641 0.083014406 0.0010400029 0.6381663 4.4492226e-05 0.0008653754 0.05508384 0.0009579225 0.00021834279 0.19062087 0.08081626 0.06511174 0.15450385 1.8785984e-05 0.057008937 0.8471433 9.264023e-05 0.20922017 0.0011240348 9.397189e-06 0.012290201 0.02223488 0.31526342 4.044567e-05 0.018092124 0.20889209 0.21288683 0.5697565 0.0014635822 0.026260005 5.451297e-05 0.1894665 0.033318233 2.6172088e-06 1.0735438e-05 0.0054574925 1.2361405e-06 0.055471122 0.1283563 6.415037e-05 3.311298e-05 0.05906876 0.0003246687 0.0021705579 0.00091484614 2.546143e-06 0.00029201253 0.036713004 0.00025753162 1.77106e-07 0.00040420314 0.0043924847 0.00014093977 1.7872298e-05 0.00020193965 1.1796353e-05 0.00012316278 0.0008021876 0.00077424676 0.00012757059 9.082908e-05 0.010597029 2.486084e-05 0.00010603625 1.7012679e-06 7.097546e-06 2.6479245e-05 0.0059090173
0.9810163 0.12440881 0.2569652 0.13477206 0.06179641 0.18805951 0.27504054 0.07462318 0.21532916 0.029093271 0.022062158 0.341603 0.13564654 0.62951833 0.27659497 0.09339459 0.17977335 0.6681655 0.06311539 0.04257486 0.027066875 0.65346533 0.30644137 0.032710865 0.028851585 0.034357008 0.009198253 0.012981026 0.06203407 0.022295976 0.03143629 7.2823564e-15 0.010115541 0.018926628 0.0039536413 0.93077475 0.0008808874 0.18839817 0.23191644 0.82259345 0.06506193 0.036523063 0.0016630774 0.00027690732 0.002551789 0.0013592297 0.021442782 0.000664108 0.00061541324 0.024330603 0.008486905 0.020098437 0.03566813 0.7436918 0.013232518 0.00010594032 0.014786753 0.30457833 0.11327275 0.001130769 0.0003313464 0.0013296318 2.805801e-05 0.014608225 0.00061643176 7.178651e-05 0.009814047 0.014851827 3.2836579e-06 0.0020299857 4.1322168e-05 6.325913e-05 0.0024315554 0.0025470806 0.16807237 1.8639779e-06 2.048234e-06 1.4649609e-07 0.0015505002 2.720439e-06 2.9446774e-05 1.6615412e-06 0.00062516064 0.0077276626 3.9719757e-06 0.007832901 0.0050945794 3.9063987e-05 4.6409523e-06 1.1319682e-07 0.012285437 1.4798988e-07 3.395242e-07 9.802972e-07 1.2592187e-06 1.0654468e-08 3.7284929e-07 0.0006588435 4.0696926e-09 0.0016455834 4.042099e-05
