6.1554625e-17 0.9572224 0.94448894 0.9818714 0.9869476 0.9469941 0.9485248 0.9788064 0.865053 0.9463191 0.9601721 0.98677737 0.97036654 0.97152245 0.9794892 0.9560521 0.8229547 0.97784424 0.97664225 0.98691714 0.9781261 0.9268332 0.9680364 0.9923105 0.9388658 0.96601397 0.9743577 0.95778686 0.9409801 0.96888924 0.6724644 0.9347912 0.9385256 0.87943953 0.9552492 0.9930454 0.9631363 0.9825735 0.9921329 0.6652633 0.9909236 0.07753707 0.97574645 0.92421377 0.92376167 0.9255648 0.982326 0.96674556 0.9184721 0.903805 0.9993982 0.9647841 0.9529897 0.9702885 0.9823083 0.9684871 0.988799 0.99469525 0.9850191 0.9764927 0.9024187 0.9745118 0.9866802 0.9965528 0.99054575 0.027884647 0.9671332 0.960805 0.9991163 0.9649094 0.89206773 0.7986873 0.96853113 0.96914417 0.9959867 0.840345 0.9574544 0.99996257 0.19806585 0.99222714 0.8879838 0.012576503 0.84694767 0.8980077 0.9811354 0.9586975 0.00022063106 0.69924694 0.890297 0.45346707 5.3253652e-06 1.44428195e-05 0.9110051 0.9148361 0.6358697 0.18625988 0.10605438 0.31655905 0.01770905 0.08632846 0.14666818
0.9572224 6.6874504e-18 0.93554765 0.9612667 0.6588197 0.6586181 0.4702479 0.47687384 0.11753957 0.04013719 0.12056828 0.3471406 0.09410768 0.02175487 0.8590505 0.020035962 0.029621704 0.027673518 0.56403077 0.08571318 0.027350754 0.79766965 0.37462592 0.42575872 0.024528293 5.517744e-05 0.00016650262 0.11813607 0.00025985413 0.03906931 0.46149057 0.00011540935 0.09222007 0.15354586 1.6565115e-06 0.00022937644 1.8196731e-07 2.0274374e-06 0.04491951 0.033426594 0.006196378 0.07090568 0.00028315 0.006520958 0.00019786916 0.00024655787 6.205304e-05 0.0010327877 3.4445765e-08 1.1612215e-07 0.08894972 3.581427e-06 1.9075731e-08 8.0263245e-09 4.0833704e-05 0.00071879994 0.011157646 1.323256e-07 1.0954124e-08 7.2767143e-09 7.260276e-08 5.42635e-08 3.781682e-07 1.4921113e-06 0.006787122 9.183767e-08 7.530236e-08 2.5887275e-05 0.002263111 3.3085943e-08 5.7360783e-09 3.2597338e-09 1.6652768e-10 2.0596939e-07 0.004841528 1.0069661e-09 0.0075175543 0.0006197004 1.8329851e-07 1.3048198e-07 4.7011426e-08 5.576141e-10 3.451883e-08 1.8360399e-07 0.00013192334 0.0002395375 1.9739718e-12 2.1106787e-05 0.00021569038 1.31188e-06 1.0735522e-14 2.4559773e-16 1.01265135e-10 2.6947095e-07 7.018236e-06 7.019086e-08 6.297673e-06 5.0362696e-06 3.634975e-10 4.0741462e-11 3.09596e-08
0.94448894 0.93554765 7.9667585e-18 0.7354049 0.89060414 0.9426566 0.90974 0.037629683 0.0060480875 0.0015475198 0.0049204403 0.058933936 0.24366005 0.00019772541 0.48635748 0.00013374 0.11987326 0.0007104114 0.45825192 0.015055425 0.0024760717 0.5479211 0.41478547 0.737562 0.0008134871 4.960086e-06 8.449694e-06 0.46310058 4.1873624e-05 0.020266645 0.21880354 1.1196621e-05 0.0051180124 0.2337954 3.6808925e-07 3.318889e-05 1.12557395e-07 4.5824564e-07 0.041473225 0.0051500257 0.0013719655 0.02077481 6.0900315e-05 0.0005385992 2.4278315e-05 7.2017433e-06 9.422226e-06 0.00010509915 6.1971576e-08 8.94108e-08 0.20439467 1.4617351e-06 7.611868e-08 4.4088576e-08 3.5255189e-06 0.00015446923 0.0132981 1.8733579e-07 1.0471056e-08 2.313328e-09 1.0673893e-08 1.445347e-07 1.4841743e-07 1.5238392e-06 0.013772362 3.3871828e-07 1.2720198e-08 8.689496e-06 0.003549941 1.8121062e-08 8.130525e-10 3.2329894e-10 3.5420725e-10 3.7370558e-08 0.0104922 2.3583635e-10 0.019673944 0.0008598189 2.0204453e-07 1.076673e-07 3.5463685e-08 1.8466398e-10 1.3390546e-07 1.6615046e-06 0.000120457706 0.00014254483 1.7583419e-11 3.172447e-05 0.00086173404 3.3450867e-06 2.1037031e-13 3.0828574e-14 1.8981617e-12 2.514028e-08 3.7343948e-06 1.2469957e-08 5.5895107e-06 3.3206572e-06 3.150476e-09 4.197049e-11 1.654529e-09
0.9818714 0.9612667 0.7354049 4.4160605e-16 0.5365151 0.53974545 0.20831136 0.55080885 0.19229338 0.06040859 0.2789573 0.6491498 0.017481614 0.04471624 0.7199656 0.038126454 0.0122222155 0.07258181 0.7810841 0.28806806 0.12368623 0.3999372 0.5933521 0.60259855 0.021652462 0.00019675032 0.00023945436 0.056535237 0.0016202208 0.16342829 0.23764066 0.0012345248 0.058685 0.016779052 3.0413532e-06 0.00028948902 1.9559525e-06 3.7523212e-05 0.10136884 0.019672997 0.014587419 0.019036656 0.00037361545 0.01602256 0.0015820983 0.0018529231 9.1856375e-05 0.0070524444 2.9783555e-08 1.3233002e-07 0.123882286 3.6205834e-06 4.339006e-08 1.7553589e-08 0.00029835184 0.0026300373 0.024194336 2.0706165e-07 1.5841326e-08 4.1020187e-09 3.3821442e-07 3.8196042e-08 7.230709e-06 4.616035e-06 0.012087071 3.2866734e-07 4.2806207e-07 3.5846482e-05 0.0034936743 2.7784473e-08 1.4969915e-08 1.542579e-07 1.1197917e-10 1.8022266e-07 0.01089466 1.5804951e-09 0.019394856 0.001631396 3.9169447e-07 6.167698e-07 8.293899e-08 8.822274e-09 6.7596034e-07 1.7417923e-07 7.526585e-05 0.00023668699 3.1533604e-10 1.6783564e-05 0.0005641409 1.1121489e-05 2.42967e-13 7.853047e-15 4.9730182e-11 4.55394e-08 5.722766e-06 6.402638e-08 1.0570768e-06 1.3590726e-06 1.0349341e-08 1.3963918e-10 1.2682019e-08
0.9869476 0.6588197 0.89060414 0.5365151 5.5436792e-14 0.69017977 0.8130319 0.036972735 0.0013677819 0.0017480412 0.0021102552 0.039509665 0.90295553 0.00023421724 0.73528796 4.1534608e-05 0.7043652 0.0006886621 0.20156331 0.022764934 0.0006017526 0.89250636 0.17052594 0.607927 0.00047815093 1.7935516e-06 2.5436334e-06 0.37468922 2.3577017e-05 0.0019710632 0.7893602 8.385785e-06 0.011552416 0.8464201 2.1924971e-07 1.7239825e-05 5.430419e-08 5.3537053e-07 0.008572876 0.0075456356 0.0018310102 0.0838736 3.223368e-05 0.001889694 5.8741287e-05 0.00011703622 9.790279e-06 0.0002552873 9.015447e-09 4.92419e-08 0.38649726 1.1183894e-06 1.1009064e-08 5.4053357e-09 1.6076887e-05 0.0006234905 0.012076384 1.0008054e-07 1.3407585e-08 3.6890662e-09 1.7287514e-08 1.3276423e-07 1.8144096e-06 1.1679236e-06 0.009984995 8.7781004e-08 2.1573469e-07 2.4770918e-06 0.0024063322 1.5286906e-08 3.1568763e-09 1.1543807e-08 6.1904765e-10 1.4532334e-07 0.017887358 2.0230386e-09 0.04476029 0.002207105 1.670315e-07 4.952667e-07 9.325081e-08 1.7432632e-09 1.5591915e-07 2.087615e-07 0.00047901127 0.0009116147 1.282639e-09 5.8777827e-05 0.009958881 0.0005960795 8.104502e-13 5.0501483e-14 2.797695e-10 9.0990225e-06 0.00020854332 3.3345455e-07 3.4742505e-05 2.1253412e-05 5.9843375e-09 6.696578e-10 2.6790595e-08
0.9469941 0.6586181 0.9426566 0.53974545 0.69017977 1.1784389e-18 0.95897853 0.03674272 0.0071064015 0.0011378569 0.010331474 0.10006764 0.17358392 0.00021477389 0.10312242 0.00037226392 0.07470549 0.0009952894 0.6785593 0.02703267 0.008143075 0.07266328 0.6734183 0.90484864 0.00074472703 8.484012e-06 7.5469725e-06 0.63737917 4.698003e-05 0.09338559 0.05477479 1.4961587e-05 0.0034228314 0.033699423 4.3897577e-07 3.1639927e-05 2.524555e-07 1.0257781e-06 0.14925954 0.0002853131 0.0028458168 0.0011612655 0.00021183447 0.00022100104 1.7685757e-05 1.5368465e-05 3.8164493e-05 7.447843e-05 9.0213526e-08 2.0600277e-07 0.29473254 7.866301e-07 7.211695e-08 2.0794523e-07 1.5951e-07 1.7614959e-05 0.038374085 1.437246e-06 6.5618497e-09 3.7117665e-08 2.4270812e-09 9.933672e-07 3.556255e-06 1.7125152e-05 0.028175786 1.0015057e-08 3.2457194e-07 1.0813922e-07 0.011425205 3.1798482e-08 3.756557e-09 6.712656e-09 2.7624705e-10 5.076745e-07 0.017809143 2.6096703e-09 0.033249974 0.0019443587 1.1187468e-08 1.5088692e-06 1.0300998e-07 2.4606582e-11 3.1590146e-09 1.5334316e-06 0.00029849214 0.0004888562 8.927834e-13 0.00011229681 0.0014749583 8.1739745e-05 1.5104297e-14 1.1429729e-15 4.5214665e-12 2.842494e-07 0.00017777283 9.543339e-09 1.7506572e-05 1.716305e-05 8.332977e-10 9.192989e-11 3.6782904e-08
0.9485248 0.4702479 0.90974 0.20831136 0.8130319 0.95897853 4.7716432e-15 0.0017225577 0.0016161543 0.00010993895 0.0011090668 0.006620257 0.5550662 3.3805194e-05 0.0867691 3.549795e-05 0.15845428 0.00010076113 0.25283495 0.0012783834 0.0012000194 0.13492997 0.33055216 0.78069293 0.00010314098 2.792287e-06 4.403807e-06 0.95410794 3.0505109e-05 0.014876543 0.089444526 1.0145863e-05 0.00031065487 0.06443492 3.7913563e-07 6.867234e-06 8.615675e-08 2.8103884e-07 0.024672354 0.00024348818 0.00027812074 0.0031607477 4.439832e-06 0.000119669356 1.1542546e-05 2.431146e-06 1.982713e-06 4.8339683e-05 1.470295e-07 7.445885e-08 0.42025852 2.355799e-06 4.7030888e-08 5.5268115e-09 1.5289312e-06 2.513375e-05 0.004913264 3.7840366e-08 2.0176946e-08 9.738174e-09 1.4706285e-09 1.9874923e-07 2.460675e-07 1.1919838e-06 0.016722437 2.5191963e-07 9.138999e-08 1.1979468e-05 0.005379475 1.9476924e-07 5.359036e-10 1.1575506e-09 4.077219e-10 1.6397156e-06 0.022164725 2.0103372e-09 0.040902752 0.0004655967 1.3663528e-08 1.5729633e-07 3.4075038e-07 2.7661703e-11 9.872002e-09 6.4176593e-06 0.0003091936 0.00023643745 2.278598e-12 6.9708054e-05 0.0049585397 4.2540058e-05 2.863452e-13 6.5493634e-15 3.4665237e-12 5.212253e-08 7.327352e-06 5.515221e-08 1.2691028e-05 8.983877e-06 5.074823e-09 6.8200917e-10 4.366426e-09
0.9788064 0.47687384 0.037629683 0.55080885 0.036972735 0.03674272 0.0017225577 1.5487107e-13 0.9243306 0.8395279 0.8840037 0.8556921 0.0015488737 0.71192205 0.6478477 0.60380167 0.0005997219 0.48356357 0.31910324 0.6316508 0.3144692 0.13284956 0.10211742 0.052173834 0.31379873 0.027075622 0.025698943 0.0015237529 0.091891915 0.1151492 0.15154953 0.05905017 0.19938242 0.0039863647 0.0017698312 0.0078275865 0.00070031255 0.00569465 0.05911356 0.10687132 0.030165285 0.022929963 0.0037204886 0.10306188 0.016141653 0.033991113 0.0011841151 0.12134477 3.8570235e-07 1.7656323e-06 0.022784129 0.0004460409 1.8138829e-07 7.4449765e-08 0.009151786 0.022539428 0.020070544 9.945568e-07 4.4625705e-07 6.4981705e-08 9.2165865e-05 2.3995278e-07 1.3907098e-05 2.1074826e-05 0.008065809 1.2181307e-05 3.0694544e-06 0.00014841044 0.0026256703 1.3972438e-07 4.768251e-07 7.7256607e-07 1.4060538e-09 5.2220173e-07 0.004339297 3.04346e-08 0.010489098 0.0012122383 9.306501e-07 9.570709e-07 2.8290287e-07 1.8389795e-08 2.64709e-06 1.6571133e-06 3.016956e-05 0.00015948345 4.5040752e-10 4.2347606e-06 0.00070880924 8.1024547e-07 6.75571e-13 9.311682e-15 2.1745015e-09 8.846598e-07 1.719776e-06 1.6886925e-07 8.470708e-07 4.9945015e-07 2.5286897e-09 6.254014e-11 2.6003494e-07
0.865053 0.11753957 0.0060480875 0.19229338 0.0013677819 0.0071064015 0.0016161543 0.9243306 6.3635613e-18 0.9511183 0.8271606 0.527874 0.00048461498 0.8968622 0.16075519 0.9044899 9.1426395e-05 0.63476443 0.118973844 0.4835254 0.28674486 0.017157897 0.03212703 0.015366803 0.20507737 0.27307975 0.3762567 0.0017217514 0.08863835 0.07536908 0.0067995875 0.03526558 0.06230679 0.0011785598 0.01790399 0.0733242 0.0029808392 0.0035477765 0.03553745 0.012078175 0.055681977 0.0026942263 0.014560845 0.0143086845 0.00454687 0.0030467096 0.004611842 0.0015788653 7.691766e-06 6.2545754e-05 0.008013447 0.00031402885 4.102788e-06 1.8202052e-06 0.00013636646 0.0011730652 0.012257625 1.9051326e-05 3.8971402e-07 8.71135e-08 1.8457633e-06 1.79803e-06 1.422201e-05 6.151928e-06 0.0059510306 2.649348e-06 2.1575877e-07 7.281675e-06 0.0020689063 3.5862683e-07 5.6338116e-08 4.6878725e-08 2.2774065e-09 2.9872976e-07 0.0016290873 2.1170994e-09 0.004683253 0.0005264142 3.0886955e-07 1.4452723e-07 1.3076301e-07 9.716665e-10 1.06913205e-07 7.2978344e-07 1.2200012e-05 9.6628755e-06 5.0774416e-11 3.9413812e-06 7.8741e-05 4.746435e-08 1.8625702e-12 1.1902329e-14 4.2927333e-09 1.4676393e-08 1.8649915e-06 3.9919467e-08 5.5906085e-08 3.7845794e-07 3.0492553e-10 1.2711163e-10 3.883804e-08
0.9463191 0.04013719 0.0015475198 0.06040859 0.0017480412 0.0011378569 0.00010993895 0.8395279 0.9511183 2.1059792e-13 0.67109054 0.4395245 8.518489e-05 0.91066176 0.2525395 0.91214865 2.0438485e-05 0.5605825 0.08125851 0.52029073 0.17604424 0.040887162 0.0315031 0.01619731 0.57578427 0.34466013 0.37476894 0.00044589295 0.34460807 0.039697222 0.054809928 0.25430027 0.34952348 0.00019718328 0.053706385 0.13117805 0.027093874 0.1107658 0.021480499 0.09232451 0.07900655 0.010815053 0.029796043 0.18722087 0.0461872 0.110326 0.01601363 0.21474266 3.0478093e-05 8.228631e-05 0.0047608675 0.0022176777 1.7602717e-05 5.6393324e-06 0.049332462 0.08978672 0.020061709 5.361447e-05 0.00012752824 1.4308034e-06 0.0019847215 2.989964e-06 0.000150455 4.2599655e-05 0.0044471086 8.085497e-05 3.5520218e-06 0.000759573 0.0014036277 1.4061083e-06 1.6995975e-06 3.849907e-06 1.0145354e-08 2.0167422e-06 0.0016535314 9.467758e-08 0.005296148 0.0024556012 4.353219e-06 1.234091e-06 1.4513851e-06 7.132558e-08 6.9192436e-05 1.2221433e-06 1.315465e-05 9.2556416e-05 5.8436926e-09 7.923308e-06 0.00024843408 2.924064e-07 1.945022e-12 1.7427898e-14 8.850488e-09 4.586728e-07 6.2111267e-06 8.947371e-07 4.6187716e-07 4.9015114e-07 6.9522352e-09 4.763326e-10 1.0526214e-06
0.9601721 0.12056828 0.0049204403 0.2789573 0.0021102552 0.010331474 0.0011090668 0.8840037 0.8271606 0.67109054 2.3826598e-15 0.92595494 0.00026473252 0.4428831 0.12638661 0.79774374 4.7408685e-05 0.92613196 0.29368994 0.8016374 0.7884813 0.018731296 0.117739715 0.025769737 0.15093787 0.10391286 0.2938963 0.0011461667 0.10099908 0.34858066 0.020632628 0.032612264 0.042833615 0.000629728 0.010363224 0.104673445 0.003707589 0.0048136306 0.12994912 0.012416558 0.1434084 0.0027498426 0.017902391 0.05101787 0.01247198 0.007886989 0.004685357 0.014503317 5.772322e-06 1.8829875e-05 0.008675726 0.00033113695 3.418993e-06 1.1053409e-06 0.0017354323 0.0036721884 0.026514392 4.320751e-06 9.941273e-07 2.8197817e-07 2.5603156e-05 1.844514e-06 1.8699558e-05 2.9059418e-05 0.0077935723 6.734577e-06 1.4699802e-06 4.215478e-05 0.0040891455 4.2660145e-07 3.2532498e-07 4.0296203e-07 4.6475906e-10 1.4227495e-06 0.0039887107 5.339072e-09 0.006506295 0.0006842671 5.5432815e-07 9.671343e-07 6.850459e-07 1.7405751e-09 1.4613393e-06 7.812947e-06 2.3735096e-05 9.721111e-05 8.297446e-11 5.437006e-06 4.049044e-05 1.417713e-07 4.1097478e-13 6.4901676e-16 8.557253e-09 6.195267e-08 6.230895e-06 9.208442e-09 2.130196e-06 6.6093554e-07 9.4823455e-11 5.509647e-12 9.412373e-08
0.98677737 0.3471406 0.058933936 0.6491498 0.039509665 0.10006764 0.006620257 0.8556921 0.527874 0.4395245 0.92595494 1.2134711e-12 0.00261137 0.320433 0.3330478 0.4795641 0.00093357026 0.70124 0.62461996 0.86516494 0.79372436 0.073456384 0.4067977 0.13013098 0.07430665 0.025609583 0.035386927 0.0034259504 0.042195167 0.56937945 0.072188504 0.025780028 0.0587071 0.004059764 0.0020088484 0.019787082 0.0013387656 0.0031820403 0.35097042 0.027260775 0.116128735 0.008903108 0.006040819 0.038506463 0.00963801 0.011142349 0.0015818774 0.03712346 5.633237e-06 1.6988464e-05 0.03557148 0.0004687909 1.9319466e-06 6.9658273e-07 0.0028690395 0.003952985 0.044331826 2.572989e-06 9.856038e-07 1.7562338e-07 3.0300638e-05 1.4307678e-06 3.577746e-05 0.00012069446 0.01694701 7.297755e-06 2.5219946e-05 5.86312e-05 0.008202795 2.9875855e-07 9.4086175e-07 2.258905e-06 2.256759e-09 5.87207e-06 0.012292294 5.8076054e-08 0.018575994 0.0011535494 3.687983e-07 2.7540427e-06 8.7089705e-07 2.405624e-08 3.1350785e-06 2.0036785e-05 6.916908e-05 0.00029147137 6.947645e-10 1.0255126e-05 0.0004908669 3.16528e-06 1.5778578e-11 5.7616563e-14 8.781412e-09 5.954893e-07 8.770653e-06 9.969417e-08 2.9817375e-06 1.1600953e-06 4.2581654e-09 9.4296265e-11 2.5203235e-07
0.97036654 0.09410768 0.24366005 0.017481614 0.90295553 0.17358392 0.5550662 0.0015488737 0.00048461498 8.518489e-05 0.00026473252 0.00261137 7.67628e-16 2.1510215e-05 0.055056795 2.2831828e-05 0.98996055 0.00012240154 0.014339775 0.0007829053 0.00029299388 0.15624222 0.014752336 0.11524224 0.00040057846 7.53419e-07 3.013294e-06 0.8267098 2.235055e-06 0.0003192851 0.16573003 1.8049685e-05 0.0026134083 0.37835222 5.2531556e-07 4.2189954e-06 2.8974446e-08 2.3646506e-07 0.0021576467 0.001148884 0.00032989692 0.014553958 6.5662725e-06 0.000106921005 1.2738889e-05 2.3472874e-05 1.6239558e-06 7.1063e-05 1.2112935e-07 9.512521e-08 0.5046156 5.0535755e-06 1.5592992e-08 5.1564015e-09 1.0225706e-06 1.30557655e-05 0.0013933737 9.302449e-08 9.830799e-08 4.3756156e-08 2.2510253e-08 6.483735e-08 1.4856442e-07 1.4048544e-07 0.016979106 1.6139501e-09 1.869668e-08 5.143431e-07 0.0009755669 1.00873955e-07 1.1108094e-08 1.8177904e-08 7.2540196e-08 9.581225e-08 0.038399752 7.2476816e-09 0.06764688 0.0013384095 4.6643976e-08 1.4759917e-07 5.972709e-08 2.3974134e-10 1.6408411e-07 1.3792385e-07 0.0009761114 0.0011729388 1.7592443e-11 0.0001833864 0.06963611 0.0006703739 1.02098926e-13 5.297328e-14 4.7342484e-11 7.017118e-08 0.0002453672 4.4986132e-07 1.254001e-06 5.956561e-06 6.0945954e-10 4.6312468e-10 1.685998e-08
0.97152245 0.02175487 0.00019772541 0.04471624 0.00023421724 0.00021477389 3.3805194e-05 0.71192205 0.8968622 0.91066176 0.4428831 0.320433 2.1510215e-05 1.399375e-14 0.3093838 0.86996454 2.923664e-06 0.44998682 0.04728306 0.470907 0.08608823 0.027810825 0.016725963 0.009952542 0.8759945 0.5992604 0.36825228 0.00020462561 0.6582128 0.017571565 0.033692546 0.61762625 0.6797254 7.9285805e-05 0.106216654 0.16564186 0.083064556 0.28489536 0.014476481 0.19018002 0.09030422 0.018435763 0.03539642 0.38993868 0.12082024 0.2430373 0.022969332 0.37405443 1.0590855e-05 3.4778408e-05 0.006395152 0.003906425 9.916677e-06 3.935361e-06 0.15131506 0.284413 0.021759218 7.5924494e-05 6.735621e-05 6.129385e-07 0.0032658817 9.704244e-07 0.00017311616 2.5658594e-05 0.0037427149 0.00017895621 2.1567762e-06 0.0005808246 0.0007727846 4.3586965e-07 2.9338391e-06 2.1437074e-06 1.1485102e-08 1.7684972e-06 0.00135224 6.0079e-08 0.0070969476 0.002858413 8.215986e-06 8.5366963e-07 4.3211608e-07 8.397318e-08 3.138431e-05 1.0092058e-06 1.1302962e-05 8.4430045e-05 2.7729044e-08 1.6648798e-06 0.0004886311 1.0204897e-06 6.200606e-13 3.8444135e-14 1.8637824e-08 5.783618e-06 6.5947614e-07 1.1970966e-06 4.078163e-07 9.605997e-07 2.2364535e-08 4.022431e-10 6.6206576e-06
0.9794892 0.8590505 0.48635748 0.7199656 0.73528796 0.10312242 0.0867691 0.6478477 0.16075519 0.2525395 0.12638661 0.3330478 0.055056795 0.3093838 2.9754986e-16 0.013915949 0.0647712 0.062286116 0.31524184 0.3072422 0.018081307 0.9672657 0.114100516 0.2749635 0.3983585 0.002532892 0.0019182895 0.05553232 0.010013407 0.008505715 0.70649487 0.022952078 0.8479552 0.4087824 0.00041766305 0.012114336 0.00012659846 0.00074926467 0.015201665 0.65978986 0.024471428 0.5941214 0.013962143 0.04673524 0.0030656047 0.024151307 0.0030133356 0.066269584 5.2757387e-05 4.340925e-05 0.14672954 0.0006606492 2.6256512e-06 2.1072424e-06 0.0004609621 0.03800891 0.01735209 2.931584e-05 8.740814e-05 6.8005235e-08 3.5954617e-06 4.500072e-07 0.00026157667 5.076399e-06 0.010161823 0.0001728021 2.3508939e-07 6.6486627e-06 0.0031892285 1.020383e-07 4.3050243e-09 1.2345404e-08 9.273392e-09 5.550444e-07 0.019449953 3.040087e-09 0.05207022 0.029253552 2.9709431e-06 1.9929948e-07 1.6857617e-06 9.6939985e-08 4.895385e-06 6.790181e-06 0.0019406821 0.0026135938 1.9470144e-07 0.0003730641 0.053118724 0.0039404873 9.2198427e-10 2.522801e-10 1.910904e-09 0.0011317352 0.0010415564 0.0002525305 2.7878608e-05 4.8417976e-05 9.119766e-06 5.0022194e-05 2.35387e-06
0.9560521 0.020035962 0.00013374 0.038126454 4.1534608e-05 0.00037226392 3.549795e-05 0.60380167 0.9044899 0.91214865 0.79774374 0.4795641 2.2831828e-05 0.86996454 0.013915949 1.9715831e-15 4.9870127e-06 0.78181934 0.058380723 0.630227 0.38341272 0.0022437174 0.02749151 0.01284982 0.29907146 0.6878717 0.8234693 0.0003589725 0.29432225 0.07870458 0.0019189691 0.17120062 0.055233266 5.3250682e-05 0.1112338 0.5050291 0.04627144 0.050544497 0.0341457 0.0048954575 0.29866573 0.00033876195 0.103878856 0.07500333 0.014705133 0.02199569 0.036669347 0.01842655 0.00023120017 0.0003537541 0.00629698 0.00073635794 7.2923256e-05 1.6319864e-05 0.0008251554 0.0048758374 0.033034902 0.00013861978 1.985509e-05 1.3347626e-06 9.050812e-05 6.7763567e-06 0.00039778842 8.2695544e-05 0.00638106 1.5541544e-05 6.6448083e-06 6.9791604e-05 0.0032624837 8.283485e-07 6.1230463e-07 2.8940298e-07 6.011439e-09 1.3734716e-06 0.005016365 1.3225627e-08 0.008985558 0.0021442547 8.467263e-08 2.2347715e-06 5.1843944e-07 9.467008e-10 4.719259e-06 2.1037306e-06 0.00019772825 0.00039154376 3.4831626e-10 2.9867651e-05 0.0005173894 4.267404e-06 1.831338e-12 5.672219e-15 1.482454e-09 1.0179255e-06 6.3035346e-05 1.743436e-07 5.403546e-06 4.761673e-06 9.829632e-09 3.2443187e-10 4.2657908e-07
0.8229547 0.029621704 0.11987326 0.0122222155 0.7043652 0.07470549 0.15845428 0.0005997219 9.1426395e-05 2.0438485e-05 4.7408685e-05 0.00093357026 0.98996055 2.923664e-06 0.0647712 4.9870127e-06 2.5686852e-14 2.9980976e-05 0.0051495717 0.0003194371 6.468903e-05 0.2991889 0.0046585794 0.035096146 0.00011067427 5.3864926e-07 9.5877e-07 0.12157325 4.6469445e-06 0.00017443368 0.42005423 2.1042824e-06 0.0033043816 0.98224646 1.3476277e-07 1.9596887e-06 1.1922156e-08 4.805866e-08 0.0009982634 0.001550946 5.2104915e-05 0.07612372 2.1575342e-07 4.258434e-05 2.04514e-06 9.567064e-06 2.822141e-07 6.0200513e-05 1.9079442e-08 4.4597474e-08 0.15790951 2.247842e-06 7.1424107e-09 2.9106868e-09 1.7136098e-07 3.5336165e-05 0.00018168458 1.2161945e-07 1.3913238e-07 1.121107e-08 1.5655536e-09 1.0958372e-07 3.5443943e-08 1.4640468e-08 0.0015119751 1.0938543e-09 2.1765636e-09 7.659138e-07 0.00014618662 2.3055541e-08 5.240961e-09 2.073108e-09 1.1001192e-08 1.0060567e-08 0.0022745288 1.5913999e-09 0.0064713066 0.00019912992 6.1043934e-09 1.4749047e-08 7.2595245e-09 9.771301e-11 1.23283685e-08 1.5301842e-08 9.141074e-06 9.1674614e-05 7.566256e-12 6.0561155e-07 0.0020975336 4.5331356e-07 3.8599827e-14 3.6980534e-14 6.0536375e-11 3.3211431e-09 4.3695154e-06 3.0277357e-07 4.9759766e-08 5.9693505e-08 1.999351e-09 1.4360191e-09 1.5177202e-08
0.97784424 0.027673518 0.0007104114 0.07258181 0.0006886621 0.0009952894 0.00010076113 0.48356357 0.63476443 0.5605825 0.92613196 0.70124 0.00012240154 0.44998682 0.062286116 0.78181934 2.9980976e-05 2.1610704e-14 0.122500494 0.82462114 0.86012286 0.016013898 0.057792757 0.014699026 0.1812356 0.29792032 0.5912288 0.00028167543 0.25683436 0.40596768 0.015484027 0.098090574 0.061651643 0.00047649237 0.09322451 0.3494566 0.037518475 0.032315716 0.14276657 0.009890417 0.5016904 0.0016431669 0.10509635 0.11390717 0.03041277 0.031705815 0.02245216 0.05003877 0.00037377336 0.00061169296 0.0065710153 0.0025498513 5.6224893e-05 1.3970173e-05 0.0076090787 0.010933822 0.051661234 4.5578792e-05 8.9196226e-05 3.563629e-06 0.0004264197 2.1046668e-05 0.00029631815 0.00041528867 0.009431415 4.014447e-05 4.867474e-05 0.00025456355 0.005968528 1.7766012e-06 9.013939e-06 1.2466836e-05 2.3128527e-08 5.7777743e-06 0.0063801142 1.2782822e-07 0.011784508 0.0018476205 2.4203355e-06 1.1644221e-05 2.263032e-06 1.0315031e-08 5.5926812e-05 1.642197e-05 0.0001232603 0.00031374206 2.8489173e-09 1.842495e-05 0.00011717101 3.840464e-06 4.0783115e-12 2.5730152e-14 2.1349017e-08 9.889643e-07 9.6928845e-05 1.5061714e-07 1.3106278e-05 1.2843632e-06 3.007863e-09 2.8483618e-10 4.175258e-06
0.97664225 0.56403077 0.45825192 0.7810841 0.20156331 0.6785593 0.25283495 0.31910324 0.118973844 0.08125851 0.29368994 0.62461996 0.014339775 0.04728306 0.31524184 0.058380723 0.0051495717 0.122500494 3.8799145e-13 0.36541712 0.42899084 0.13194542 0.9671427 0.74707735 0.032363188 0.0056932764 0.0029689192 0.059444245 0.016019266 0.8582738 0.109071344 0.005624801 0.036844786 0.013655239 0.0004491615 0.0027163276 0.00018818879 0.0008432693 0.7082512 0.009898814 0.07642886 0.008775767 0.0031306227 0.014398446 0.0026489538 0.002402222 0.00040092168 0.00818873 3.4917373e-06 1.7988146e-05 0.26313156 4.1379706e-05 3.6893819e-06 3.4243053e-06 0.00017136254 0.0015800077 0.1979379 6.761799e-06 1.3309649e-07 2.001631e-07 7.4291e-07 2.4821643e-06 2.4404062e-05 0.000336778 0.061843604 1.0433488e-06 1.9627458e-05 2.2033717e-05 0.029862614 1.48005e-07 2.2327742e-07 7.3449365e-07 1.586351e-09 3.284923e-06 0.030748308 1.5111718e-08 0.046506938 0.0011566002 1.435846e-06 7.786673e-06 9.978907e-07 9.810976e-09 4.7509658e-07 2.6331138e-06 0.00012628436 0.00046701467 7.888346e-10 1.7670904e-05 0.00012684004 4.605178e-06 4.5690063e-13 4.2504033e-15 4.420389e-10 1.8930035e-07 1.10104465e-05 1.8929557e-08 3.904728e-06 7.263735e-07 7.380427e-10 3.212292e-11 8.4648406e-08
0.98691714 0.08571318 0.015055425 0.28806806 0.022764934 0.02703267 0.0012783834 0.6316508 0.4835254 0.52029073 0.8016374 0.86516494 0.0007829053 0.470907 0.3072422 0.630227 0.0003194371 0.82462114 0.36541712 2.0874294e-11 0.94336057 0.08019296 0.23921278 0.06300738 0.2472764 0.19046111 0.27719945 0.001019672 0.21741731 0.62814116 0.078189924 0.11461979 0.18519025 0.0020353775 0.06525282 0.2253253 0.05899271 0.094628155 0.3967661 0.058759756 0.5215529 0.010748183 0.078291476 0.16332793 0.058453217 0.07138047 0.02067338 0.18507463 0.00049435743 0.0006088856 0.016487872 0.010004592 8.226787e-05 2.4457255e-05 0.07236541 0.066534206 0.109127894 7.052827e-05 0.0015625028 2.3482298e-05 0.0026893364 2.9084287e-05 0.00074951194 0.0008479482 0.019058798 0.00019375836 0.00017967855 0.0011395302 0.011394052 7.854012e-06 4.7303365e-05 0.00010806937 1.17024435e-07 2.9294486e-05 0.015498358 1.4193195e-06 0.025202127 0.004640364 2.5811076e-05 4.1991996e-05 1.5128368e-05 2.914573e-07 0.00065417035 5.3170912e-05 0.00012339944 0.00053112913 5.278091e-08 2.4271532e-05 0.0006086023 1.4343781e-05 2.6175304e-10 2.6727097e-12 1.3996109e-07 2.4153503e-06 4.913385e-05 1.9597735e-07 7.7196255e-06 8.81057e-07 1.3764521e-08 5.5785454e-10 1.528617e-05
0.9781261 0.027350754 0.0024760717 0.12368623 0.0006017526 0.008143075 0.0012000194 0.3144692 0.28674486 0.17604424 0.7884813 0.79372436 0.00029299388 0.08608823 0.018081307 0.38341272 6.468903e-05 0.86012286 0.42899084 0.94336057 7.1860674e-17 0.0033498693 0.28900337 0.059998196 0.024185799 0.057597704 0.39009067 0.0013542966 0.028275808 0.8895666 0.0016214643 0.007690513 0.0075431103 0.00062926003 0.0072166147 0.35080284 0.0021266877 0.00086369587 0.5620721 0.00039068927 0.81822914 0.000106907864 0.18637383 0.005220086 0.0020488885 0.0006781752 0.032032914 0.0005630308 0.00035392333 0.0002365385 0.019350596 8.8717425e-05 6.698716e-05 2.2730432e-05 2.4941437e-05 0.00041203032 0.15748736 0.0001585664 3.1891868e-06 1.3661809e-06 2.425412e-06 1.6108055e-05 0.00042407378 0.0011646216 0.02512867 3.0744875e-06 3.8823102e-05 1.07815e-06 0.0181611 1.2030753e-06 5.6341366e-07 7.5775984e-07 2.5467197e-09 6.5845015e-06 0.020291794 6.7247026e-09 0.033451837 0.003734039 6.5507834e-07 7.69923e-06 4.600201e-06 9.87388e-10 7.3546164e-07 2.1723748e-05 0.00024885926 0.00074274745 6.526074e-10 2.8910676e-05 0.00036940395 4.3226693e-05 5.886383e-12 2.2016602e-14 9.982846e-09 1.7576447e-07 4.5502093e-05 1.2637878e-08 9.396652e-06 3.7433733e-06 1.1907741e-09 3.8683637e-10 5.583871e-07
0.9268332 0.79766965 0.5479211 0.3999372 0.89250636 0.07266328 0.13492997 0.13284956 0.017157897 0.040887162 0.018731296 0.073456384 0.15624222 0.027810825 0.9672657 0.0022437174 0.2991889 0.016013898 0.13194542 0.08019296 0.0033498693 3.130893e-17 0.045605503 0.16900478 0.04833474 0.00020952772 0.00021971136 0.04709817 0.0012223976 0.0031319142 0.93572825 0.0010434448 0.6417698 0.90998834 2.360631e-05 0.0016033098 1.7822521e-06 1.0898757e-05 0.004603069 0.20073298 0.0067415047 0.640526 0.0010916296 0.0054078638 0.00026146145 0.0025960582 0.0002061949 0.008256454 5.0193216e-07 3.43571e-07 0.0639665 2.0607587e-05 5.364676e-08 2.7273748e-08 3.1231197e-05 0.0108538 0.0048908098 9.6133e-07 3.5498894e-07 2.6000604e-10 7.3894206e-08 6.44882e-08 2.1318237e-06 4.412166e-07 0.0020940849 1.1477783e-05 1.5632121e-08 4.4613108e-07 0.0009943692 1.1654084e-09 4.3217643e-10 1.8194545e-09 1.9369773e-08 4.6816825e-07 0.0067923833 2.1958533e-09 0.010862291 0.0077636023 1.9350175e-07 4.7072461e-07 4.040312e-08 2.1717863e-09 3.8054026e-08 3.49586e-07 0.00065781537 0.0010175796 9.658695e-11 0.0001022165 0.0067448486 1.7644112e-05 1.1915385e-11 3.598466e-12 1.5795149e-10 0.00012564537 0.0001204816 9.13778e-06 1.8345365e-05 1.489864e-05 1.3533487e-07 1.3064091e-08 2.1098798e-07
0.9680364 0.37462592 0.41478547 0.5933521 0.17052594 0.6734183 0.33055216 0.10211742 0.03212703 0.0315031 0.117739715 0.4067977 0.014752336 0.016725963 0.114100516 0.02749151 0.0046585794 0.057792757 0.9671427 0.23921278 0.28900337 0.045605503 1.8002428e-14 0.91906637 0.011038368 0.002450888 0.0011419285 0.2224375 0.008425402 0.87344164 0.052605834 0.0024466307 0.0073025734 0.009281865 0.00020682396 0.001918624 0.00014914342 0.00024074924 0.83801293 0.0010462358 0.043965835 0.0022598577 0.0025023208 0.0039719553 0.001029332 0.00048242116 0.00029243753 0.0009704147 3.3275697e-05 3.357944e-05 0.4607855 3.687113e-06 1.3301147e-05 6.329989e-06 2.5091189e-05 0.00040115844 0.3048833 1.01344895e-05 3.3385025e-08 3.8171913e-07 1.09465276e-07 4.104858e-06 3.346483e-05 0.00035328328 0.09573758 2.0001845e-07 2.1680306e-05 1.8632829e-06 0.039355546 4.151936e-07 5.8388157e-08 1.1107507e-07 8.061242e-09 5.91294e-06 0.042366933 3.0921715e-08 0.079318024 0.00096151954 3.4649887e-07 1.8630211e-05 4.31084e-06 4.722446e-10 1.5266488e-07 2.2205535e-05 0.00016330273 0.00049756095 5.555554e-11 2.6759633e-05 0.00029629242 8.640517e-06 3.5978466e-13 1.3940197e-15 6.247829e-10 4.4914604e-08 1.486034e-05 1.9067727e-08 3.8606318e-06 8.8604196e-07 1.567726e-09 1.682777e-10 3.4663056e-08
0.9923105 0.42575872 0.737562 0.60259855 0.607927 0.90484864 0.78069293 0.052173834 0.015366803 0.01619731 0.025769737 0.13013098 0.11524224 0.009952542 0.2749635 0.01284982 0.035096146 0.014699026 0.74707735 0.06300738 0.059998196 0.16900478 0.91906637 7.0492413e-13 0.004530973 0.0010018197 0.00025572398 0.7812222 0.0038540822 0.25381938 0.14699651 0.0010432164 0.0086177485 0.035808828 6.618395e-05 0.00019573819 1.9395924e-05 4.742804e-05 0.46778497 0.00074143184 0.005855152 0.0026043467 0.00021060572 0.001951936 0.00021493247 9.68758e-05 3.632493e-05 0.00047679283 2.0699147e-06 4.9202613e-06 0.79586893 2.7794044e-06 2.9274445e-06 4.466513e-07 4.834782e-06 0.00015331204 0.21623272 4.6845227e-07 1.09506555e-08 6.896939e-08 4.3275676e-08 4.8544194e-07 1.458849e-05 9.5935924e-05 0.126763 4.1261484e-07 5.915095e-06 2.1983794e-06 0.06237824 9.84476e-08 1.674004e-08 8.1788436e-08 1.3755563e-09 7.969649e-06 0.08953847 1.4857214e-08 0.13109286 0.0005734685 4.762929e-07 5.832388e-06 6.18064e-07 3.2460408e-09 2.3103911e-07 1.1786469e-05 0.00037541214 0.0007004739 3.9848147e-10 3.4259894e-05 0.0012798215 4.1237843e-05 9.344915e-12 6.395125e-14 2.6884408e-09 2.6282729e-07 3.0961863e-05 1.7610978e-07 9.718048e-06 3.7705458e-06 1.2636288e-08 4.963431e-10 9.56273e-08
0.9388658 0.024528293 0.0008134871 0.021652462 0.00047815093 0.00074472703 0.00010314098 0.31379873 0.20507737 0.57578427 0.15093787 0.07430665 0.00040057846 0.8759945 0.3983585 0.29907146 0.00011067427 0.1812356 0.032363188 0.2472764 0.024185799 0.04833474 0.011038368 0.004530973 7.252792e-18 0.45612642 0.1592318 0.00081345445 0.9078218 0.009677919 0.0302785 0.9755851 0.86365056 0.0019466231 0.16432989 0.09523736 0.2409131 0.7024809 0.010346836 0.28322935 0.09675636 0.035758264 0.035818547 0.32424018 0.15104748 0.17525777 0.01782165 0.15935607 0.00028295512 0.0005196951 0.008691755 0.012856991 3.201283e-05 4.270242e-06 0.054668717 0.10796337 0.014261609 1.0279752e-05 1.805664e-05 1.260928e-07 0.0013695526 5.9759145e-07 2.8436465e-05 3.819331e-06 0.0050449492 0.00026084628 9.050151e-08 0.0004351443 0.0007705202 1.5173707e-07 2.7761126e-07 5.6974255e-07 4.5954187e-09 6.3042044e-08 0.0014045885 4.6967483e-09 0.0046710577 0.0013571642 3.9131734e-07 1.277491e-07 6.1649246e-08 2.8504827e-09 1.47923e-07 1.2540863e-07 3.738284e-05 7.1512244e-05 8.0496125e-09 6.3575317e-07 0.00059169915 9.922352e-08 5.016005e-13 2.81989e-14 2.8644176e-10 2.8864085e-07 7.465001e-07 9.014417e-07 2.6091788e-08 1.10402965e-07 1.5630183e-08 1.0674498e-09 5.25501e-07
0.96601397 5.517744e-05 4.960086e-06 0.00019675032 1.7935516e-06 8.484012e-06 2.792287e-06 0.027075622 0.27307975 0.34466013 0.10391286 0.025609583 7.53419e-07 0.5992604 0.002532892 0.6878717 5.3864926e-07 0.29792032 0.0056932764 0.19046111 0.057597704 0.00020952772 0.002450888 0.0010018197 0.45612642 8.707652e-14 0.9395546 6.600625e-05 0.85807854 0.0067711924 1.0874888e-05 0.57156205 0.06243177 7.0032393e-06 0.9286187 0.70100397 0.74187106 0.53309864 0.008060119 0.005369319 0.29677966 9.478487e-05 0.25121388 0.24113499 0.14041649 0.10314231 0.14865077 0.109762385 0.035675075 0.022000367 0.00094609085 0.017575728 0.001942357 0.0007145133 0.032375604 0.03448332 0.02911236 0.0015428743 0.00075686944 3.6360354e-05 0.0063414364 5.754132e-05 0.0022894451 0.0004080585 0.0056374776 0.00026575904 4.106258e-05 0.0008450324 0.002355021 8.638639e-06 3.9988416e-05 1.3202712e-05 1.3141671e-07 6.880614e-06 0.0030657772 2.5178488e-07 0.007201861 0.0032668395 1.9094334e-06 3.912724e-06 1.8713413e-06 7.309836e-09 2.9352652e-05 1.4024262e-05 0.000286629 0.0006269506 1.3241731e-08 2.6947584e-05 0.00064737885 1.111802e-05 2.3779193e-12 3.31461e-14 1.5821094e-08 2.2297666e-06 5.340483e-05 8.9275545e-07 8.322154e-06 2.5087782e-06 4.5833236e-08 3.892774e-10 4.246084e-06
0.9743577 0.00016650262 8.449694e-06 0.00023945436 2.5436334e-06 7.5469725e-06 4.403807e-06 0.025698943 0.3762567 0.37476894 0.2938963 0.035386927 3.013294e-06 0.36825228 0.0019182895 0.8234693 9.5877e-07 0.5912288 0.0029689192 0.27719945 0.39009067 0.00021971136 0.0011419285 0.00025572398 0.1592318 0.9395546 3.1148217e-14 3.8779657e-05 0.6557076 0.03935454 9.802126e-06 0.27459678 0.0119101405 1.1654786e-05 0.8317924 0.93165743 0.5243519 0.120658785 0.010652063 0.0007269394 0.56065464 4.927157e-05 0.50061107 0.14949535 0.0921276 0.041434392 0.24782127 0.03267498 0.1147695 0.06309294 0.0007519136 0.007912714 0.003754836 0.0010512085 0.008020767 0.006909735 0.027964266 0.001213986 0.0003022181 8.471169e-05 0.0039922465 0.000113522285 0.00092364167 0.0010167216 0.006364411 4.5465524e-05 9.690112e-05 0.00046137575 0.004089838 2.4020579e-05 6.3415944e-05 2.8135555e-05 1.4930798e-07 2.3262013e-05 0.0027791315 4.1639348e-07 0.0055473517 0.0020729937 1.6891235e-06 6.5810427e-06 4.351787e-06 1.1281492e-08 1.2108951e-05 2.8129221e-05 0.0002509496 0.0004305904 3.6889766e-08 3.773354e-05 0.00018512177 1.2699201e-05 4.357417e-12 2.8458308e-14 5.4774596e-08 1.1173298e-06 4.435704e-05 3.8598492e-07 1.4141618e-05 3.2059345e-06 2.0004126e-08 5.9213423e-10 8.943008e-06
0.95778686 0.11813607 0.46310058 0.056535237 0.37468922 0.63737917 0.95410794 0.0015237529 0.0017217514 0.00044589295 0.0011461667 0.0034259504 0.8267098 0.00020462561 0.05553232 0.0003589725 0.12157325 0.00028167543 0.059444245 0.001019672 0.0013542966 0.04709817 0.2224375 0.7812222 0.00081345445 6.600625e-05 3.8779657e-05 3.8417547e-13 0.00025941065 0.025259743 0.03883113 9.5373616e-05 0.00046859847 0.02881181 2.0510555e-05 2.1059437e-05 4.22319e-06 1.7121625e-05 0.016884048 5.3065138e-05 0.0004467621 0.0001823122 3.784468e-05 0.0003363638 8.574376e-05 1.836103e-05 9.813097e-06 7.156095e-05 3.218602e-06 5.0347235e-06 0.96912605 6.5231065e-06 7.208783e-07 1.8997964e-07 4.3396378e-07 1.7840981e-05 0.006981504 9.639879e-07 2.978283e-07 2.2354418e-07 5.020047e-08 1.9285171e-06 1.9435577e-06 3.3457905e-05 0.035970304 4.2706688e-08 1.5794532e-06 1.795613e-05 0.008755875 4.917597e-06 5.10495e-08 9.735202e-09 6.691963e-08 5.945366e-05 0.062900886 5.400354e-07 0.1272324 0.00015998373 2.8896397e-07 1.1506602e-06 1.6808015e-06 2.1400663e-09 2.5967265e-07 7.5706175e-06 0.000106604864 2.4968927e-05 7.61711e-12 3.119771e-05 0.00221105 4.7256312e-06 8.799044e-14 7.840195e-14 8.762367e-10 1.3876049e-08 1.3462488e-06 2.49194e-07 1.6783988e-06 4.1606504e-06 2.5104232e-09 5.683391e-09 1.6834852e-08
0.9409801 0.00025985413 4.1873624e-05 0.0016202208 2.3577017e-05 4.698003e-05 3.0505109e-05 0.091891915 0.08863835 0.34460807 0.10099908 0.042195167 2.235055e-06 0.6582128 0.010013407 0.29432225 4.6469445e-06 0.25683436 0.016019266 0.21741731 0.028275808 0.0012223976 0.008425402 0.0038540822 0.9078218 0.85807854 0.6557076 0.00025941065 5.4435234e-17 0.008713945 0.00084499974 0.9335798 0.32525456 0.00015967492 0.83062696 0.6158727 0.9105715 0.87532717 0.007336205 0.026032986 0.26397672 0.0008301533 0.3023199 0.18907961 0.15983103 0.083329774 0.18460043 0.03951268 0.029214652 0.014363057 0.00091921975 0.062166367 0.0026851194 0.0015068016 0.011842071 0.029165952 0.018257862 0.0021404976 0.0011825399 5.3432243e-05 0.0032161765 5.0140166e-05 0.0018849971 6.687571e-05 0.0034131294 0.0011908353 2.786727e-06 0.0004519467 0.0009909341 5.735584e-06 3.7025957e-06 6.587667e-06 9.341584e-08 1.608826e-06 0.0028046158 3.6107043e-08 0.004961338 0.0025097942 7.495397e-07 7.6768856e-07 4.1008454e-07 2.9990637e-09 1.9733556e-05 7.554008e-06 0.00020640838 0.0004284836 1.2568863e-08 2.2464865e-05 0.0008898811 1.0839859e-05 1.771325e-11 6.051446e-14 7.5114076e-10 1.8452705e-06 5.483891e-05 4.546351e-06 1.216897e-06 1.683193e-06 5.354433e-08 5.7559926e-09 1.9727845e-06
0.96888924 0.03906931 0.020266645 0.16342829 0.0019710632 0.09338559 0.014876543 0.1151492 0.07536908 0.039697222 0.34858066 0.56937945 0.0003192851 0.017571565 0.008505715 0.07870458 0.00017443368 0.40596768 0.8582738 0.62814116 0.8895666 0.0031319142 0.87344164 0.25381938 0.009677919 0.0067711924 0.03935454 0.025259743 0.008713945 7.618435e-15 0.0011927657 0.0028251114 0.002379493 0.0005432751 0.0011634814 0.11915378 0.00076088385 0.0004427682 0.9585707 5.3208347e-05 0.8251102 9.884192e-05 0.4411473 0.001797858 0.00047488892 0.00015519706 0.06901669 0.0001639378 0.0011794829 0.00088599685 0.15289778 1.6628037e-05 0.00027364364 0.00016261783 4.1591384e-06 6.4791464e-05 0.5567023 0.0009803217 1.4223126e-06 5.2459545e-06 3.2292627e-07 0.00016483407 0.0021230604 0.014260276 0.16647509 2.9525367e-07 0.0016879129 2.9116018e-06 0.069409534 1.6163116e-05 3.413661e-07 1.404263e-06 9.006239e-08 0.00013731366 0.07129043 2.6205544e-07 0.09858411 0.008364285 3.511143e-07 0.00013520454 5.1334886e-05 1.4731918e-09 9.97274e-07 5.8515623e-05 0.0015264261 0.0020885672 1.7052694e-09 0.00011242367 0.0005879823 7.028414e-05 1.7170817e-12 5.9508245e-14 7.978884e-09 8.911341e-07 3.3219323e-05 2.6847834e-08 1.1906232e-05 3.928716e-06 3.226832e-08 1.1137767e-09 1.8559728e-06
0.6724644 0.46149057 0.21880354 0.23764066 0.7893602 0.05477479 0.089444526 0.15154953 0.0067995875 0.054809928 0.020632628 0.072188504 0.16573003 0.033692546 0.70649487 0.0019189691 0.42005423 0.015484027 0.109071344 0.078189924 0.0016214643 0.93572825 0.052605834 0.14699651 0.0302785 1.0874888e-05 9.802126e-06 0.03883113 0.00084499974 0.0011927657 4.2345434e-15 0.0007894872 0.41474155 0.93277 5.416408e-06 0.00023262114 5.8650994e-07 2.4767708e-06 0.0028855335 0.06469179 0.0033488693 0.9763964 5.9770147e-05 0.004496165 0.00025191065 0.0034893109 5.601558e-05 0.009646717 2.0060405e-08 2.4734352e-06 0.066212796 6.714665e-06 1.2688425e-07 1.0764074e-08 2.4209992e-05 0.009381341 0.0014888109 5.445919e-07 2.737051e-07 6.6501166e-11 4.283164e-09 2.8180544e-08 6.542741e-07 2.2887364e-06 0.0028843067 3.066417e-06 1.1179217e-07 1.1658042e-07 0.001256953 7.6103357e-10 1.9558208e-09 1.6559971e-09 7.073257e-07 1.6798727e-07 0.006301479 3.429217e-08 0.008600953 0.0020818962 5.351628e-07 2.3684852e-07 8.020085e-08 1.4663682e-09 9.0880505e-08 1.8070197e-07 3.144875e-05 2.9631714e-05 4.1131337e-10 6.2032393e-07 0.00077945227 2.1396298e-07 3.6467773e-12 1.6556187e-12 1.4410176e-10 1.2187744e-05 2.9886241e-06 5.4234715e-05 7.491528e-08 1.976955e-09 3.703625e-09 1.1209402e-08 2.3983532e-08
