8.8277636e-16 0.96014553 0.9865692 0.9496183 0.93678355 0.9566172 0.9560261 0.9957058 0.99351877 0.99919826 0.7357558 0.99363405 0.99609625 0.99795634 0.22672561 0.9904392 0.41638595 0.9531883 0.9947772 0.9964003 0.96237075 0.9584066 0.77060896 0.53091604 0.8763033 0.97832423 0.9187122 0.9801211 0.0809827 0.0027530596 0.9429869 0.87672377 0.9574663 0.8916841 0.9825208 0.46134597 0.006152571 0.7438613 0.86314017 0.84786046 0.9863254 0.94701767 0.98097175 0.9807654 0.9496783 0.8787934 0.9998914 0.99091405 0.9369321 0.9328378 0.9652369 0.9221768 0.052432105 0.99666095 0.957899 0.94089323 0.987205 0.8554397 0.98949754 0.98410785 0.97434723 0.96697474 0.9869076 0.792512 0.9892765 0.896673 0.9595748 0.9832523 0.9454634 0.95443827 0.93029845 0.96798384 0.9657898 0.90397066 0.9582682 0.9525025 0.9359376 0.95656615 0.7110513 0.57868487 0.6096044 0.6623042 0.85328484 0.2964965 0.9916906 0.9565956 0.9397577 0.99612254 0.083307885 0.8900231 0.98970985 0.05247212 0.7780757 0.8525162 0.90405023 0.80662835 0.8916733 0.342033 0.06271456 0.87298536 0.14045325
0.96014553 7.4947566e-12 0.8930251 0.97752917 0.9321323 0.017079951 0.8380095 0.07820452 0.002951318 0.0311413 0.22010662 0.31549856 0.9288486 0.9213194 0.06614728 0.004930471 0.004324981 0.22169513 0.00018101615 0.021922879 0.547824 0.0022673085 0.044038393 0.0007521247 0.005803509 0.008253829 0.003806568 0.010113357 0.0003607552 0.00010222303 0.018687898 0.00035890882 0.082846306 0.21126208 0.0006406683 2.34826e-06 7.992228e-09 1.4015278e-05 0.03659507 0.00083016 0.124673225 0.43614802 0.6581318 0.14395858 0.0080012325 0.0039582765 0.10993904 0.046142515 0.31591618 0.22917296 0.029315742 0.29793537 2.1876161e-07 0.012573918 0.17132553 0.18189918 0.00035464083 2.8521528e-05 0.2007478 0.08846874 1.1420901e-06 0.056895733 0.020294689 1.08113785e-08 0.001712081 0.03616143 0.0011668126 0.00046520928 0.027528364 0.024343288 0.10401471 9.551274e-06 0.008559238 0.21634698 0.0039709327 0.00010187034 1.6181863e-06 0.012702309 3.639171e-07 2.7159012e-05 0.09837181 0.0013574879 9.335333e-06 1.9695372e-05 8.6476844e-05 0.014957802 0.0044340314 0.0011136916 0.0035012744 0.004177248 0.0033130138 3.6425076e-09 0.006750383 0.00069528463 4.034312e-05 9.0548775e-07 0.0019478803 8.703902e-06 3.183975e-08 0.00016604229 2.1876098e-05
0.9865692 0.8930251 1.4028521e-10 0.69791335 0.5296652 0.0056332024 0.26444757 0.5131985 0.19765602 0.30993 0.020951295 0.8732143 0.034939 0.957011 0.0055906707 0.12552904 0.00302826 0.08046014 0.01078868 0.0041234796 0.120186165 0.05259604 0.006538719 0.00013440501 0.06736974 0.29349685 0.06693927 0.09910076 0.0022203717 1.956071e-05 0.31393453 0.01753263 0.6168051 0.019929009 0.010168099 2.4558117e-06 1.9486863e-09 1.1025231e-05 0.029226432 0.016690446 0.6411993 0.08845555 0.64026 0.5866274 0.105102845 0.00242782 0.3160835 0.02901577 0.07040087 0.47429702 0.27415532 0.44243497 9.5730776e-08 0.006724469 0.279352 0.09767558 0.0038626464 0.00035408387 0.22785366 0.5133623 0.0002848422 0.3756185 0.25206786 8.097145e-06 0.0010888531 0.22336218 0.0027225506 0.0023126665 0.015207175 0.13688971 0.46307072 0.002082079 0.08928479 0.30176386 0.079772316 0.0075541716 0.0012027123 0.16612226 4.2759675e-06 0.0012122807 0.11566083 0.024628805 0.010550346 6.1937603e-06 0.0006981693 0.35549086 0.08870121 0.0061807823 0.00023926857 0.081696056 0.0069921287 8.851307e-07 0.12349435 0.045022402 0.0030900408 0.0003592891 0.0041181077 0.0019823133 1.4165832e-07 0.0015287069 0.0074669104
0.9496183 0.97752917 0.69791335 9.490954e-12 0.95283806 0.00017532226 0.5872191 0.0041116658 0.0003236038 0.022287462 0.00034597586 0.22010343 0.8763342 0.64473593 0.00018568012 0.00024802148 1.9063868e-05 0.055632867 7.7574705e-06 0.0051838937 0.8630614 0.00022263774 0.0010989639 5.3356493e-06 0.0019629959 0.0005037118 0.00023045282 0.002817649 2.6705742e-05 1.573904e-07 0.00015061277 2.7551552e-05 0.0049860906 0.5580995 0.00018743597 2.0542197e-08 8.394145e-12 2.5434856e-06 0.007383043 2.242749e-05 0.07115347 0.74204326 0.86182487 0.15299211 0.00030318636 0.0020376295 0.020200387 0.009225931 0.6845652 0.36175114 0.010445704 0.45372224 1.0057243e-09 0.0035511209 0.48817363 0.5590795 8.4319494e-05 1.8846499e-06 0.72254544 0.12474204 4.627055e-09 0.103808366 0.0033553317 2.7716656e-09 0.0007823049 0.114484616 2.4314417e-05 1.0652097e-05 0.12819102 0.01704669 0.5578986 2.5454901e-06 0.0024831377 0.5175246 8.330368e-05 3.9447737e-06 1.8143336e-06 0.000424163 8.034017e-08 8.723089e-06 0.3372415 0.0037989777 2.5337022e-06 2.8791013e-05 3.1427735e-05 0.0028116414 0.00062283117 0.0008069121 0.011555053 0.00067437004 0.00096927653 9.4228945e-09 0.007635153 4.999906e-05 1.7843635e-05 1.4271293e-06 0.0009569236 8.795497e-06 1.5627523e-09 0.00020488122 3.337059e-05
0.93678355 0.9321323 0.5296652 0.95283806 2.5327934e-12 0.0015274907 0.9195354 0.0012562596 4.5683628e-05 0.016131325 0.028471038 0.05172646 0.91304976 0.6185936 0.0055931183 6.390796e-05 0.00051814836 0.14006189 1.6688333e-06 0.031377655 0.87208414 4.0320963e-05 0.06343996 0.000996835 0.0013188713 0.0002727214 7.713227e-05 0.0011304317 0.00013818119 3.4091037e-05 0.00011222165 1.6233482e-05 0.0022854193 0.8331345 2.2444307e-05 2.1815856e-06 9.854801e-10 1.8824505e-05 0.012519547 1.8203711e-05 0.028454892 0.7703712 0.67319936 0.08283552 0.0003828698 0.0026772898 0.020359043 0.01910108 0.6907651 0.151608 0.008594344 0.25955313 4.0466517e-08 0.0063400404 0.27342513 0.4861984 1.0555393e-05 2.2479716e-07 0.57894456 0.08563707 2.130356e-10 0.054760348 0.00326387 5.0649956e-10 0.00088220945 0.04198314 1.23944155e-05 1.8756077e-06 0.21208313 0.006537318 0.34247828 7.358759e-08 0.002085697 0.3754148 7.136883e-05 2.6653033e-06 2.6649562e-07 0.0003829542 1.5374072e-08 1.6808848e-06 0.30594397 0.0019178449 3.9797203e-07 0.0004280874 1.6930288e-05 0.0015118943 0.00088879175 0.00014768304 0.018602343 0.00069057953 0.0012088846 5.8438127e-10 0.0013290973 1.6222044e-05 4.0430305e-06 1.9255612e-07 0.0011942858 1.3958446e-06 1.8963399e-10 7.218958e-05 2.3217988e-06
0.9566172 0.017079951 0.0056332024 0.00017532226 0.0015274907 2.2011988e-10 0.009373811 8.9699526e-05 6.8569694e-05 0.0014575354 0.94871056 1.1961715e-05 0.0864784 0.011416415 0.9300413 4.0822542e-06 0.60966724 0.94637495 4.305863e-05 0.9627695 0.003105466 9.528942e-07 0.88878375 0.9631363 0.00071103225 9.579731e-05 3.3572856e-06 0.00060051546 0.013716642 0.12618573 1.515837e-06 1.1174449e-06 7.0102054e-05 0.00713093 9.627012e-06 0.0006270765 0.00082420453 0.01075868 0.24882084 1.7894562e-06 5.704863e-05 0.0051613934 0.0013330878 6.746331e-05 8.657154e-06 0.56906146 0.019545583 0.13408673 0.0072083194 0.00029734033 1.3327889e-05 0.0012075301 0.006864334 0.088618346 0.00036914507 0.0077485614 5.3012078e-05 1.2088205e-07 0.0003594173 8.240339e-05 1.3079742e-09 0.00024889532 8.434656e-06 1.9222578e-06 0.015898349 0.0003111064 6.4086807e-06 1.1934237e-06 0.0469495 0.000100774116 0.00040164115 4.9532105e-07 2.6066884e-05 0.0011913258 1.507909e-05 1.771904e-06 1.7546826e-08 0.00029259376 1.0046038e-05 5.3553936e-06 0.0017437397 0.00026846124 2.878585e-07 0.51974154 2.1133767e-06 0.00020681665 0.00033238734 5.0242263e-05 0.0042024185 0.00019465775 0.00030551036 4.4936264e-09 7.6091506e-05 5.5508704e-06 2.115145e-06 9.047701e-06 0.00075180054 1.0091413e-06 1.1153559e-06 4.4669177e-05 8.311763e-06
0.9560261 0.8380095 0.26444757 0.5872191 0.9195354 0.009373811 1.3216415e-13 0.00024620965 1.1713452e-05 0.0053187935 0.66839063 0.008307207 0.85766333 0.31538326 0.15948509 5.085722e-06 0.0061404672 0.3728749 1.501201e-07 0.067496315 0.895033 5.8624178e-06 0.76233906 0.023586474 0.00032497008 2.2638622e-05 1.7918872e-05 0.00034160406 0.00046809844 0.00054838293 2.7527047e-05 2.3488112e-06 0.00093009963 0.9579676 3.114375e-07 1.9886006e-06 4.4663956e-08 6.567453e-05 0.028161025 4.778441e-06 0.009982101 0.6643126 0.3969016 0.025500221 2.7962004e-05 0.0071098865 0.018812627 0.030663636 0.7210998 0.06298761 0.0024363962 0.124819264 1.2216883e-07 0.009262216 0.2351451 0.52155566 2.0511445e-06 6.675734e-08 0.23095141 0.016328879 6.2290374e-11 0.01515306 0.00019891695 8.5657856e-11 0.0019091631 0.016500693 8.885823e-07 1.8620422e-07 0.4497762 0.0028482277 0.04092467 7.44678e-08 0.00012009328 0.18198405 2.0116559e-06 4.1546034e-08 1.2304861e-07 2.9031884e-05 1.2515367e-09 5.947731e-07 0.30995873 0.0017106963 2.820076e-08 0.0054704417 9.08741e-06 0.000497301 5.2746018e-05 5.8767062e-05 0.028309075 0.00019183058 0.0010287069 7.278928e-11 0.00067536667 2.6457424e-06 7.2528984e-08 3.032531e-08 0.0011070543 1.4897118e-07 1.2745856e-10 1.1130422e-05 1.7257342e-07
0.9957058 0.07820452 0.5131985 0.0041116658 0.0012562596 8.9699526e-05 0.00024620965 2.3047857e-11 0.83981264 0.9225594 1.0698639e-06 0.11830505 0.00437767 0.027351556 6.5675033e-07 0.61394125 9.5719966e-05 0.001501401 0.07654166 0.0002795919 0.002146545 0.7876811 1.0053773e-05 4.6841834e-07 0.13624775 0.4731243 0.45205995 0.0889533 4.700795e-05 2.690783e-07 0.7792903 0.44061 0.6432588 0.00052767096 0.009958106 6.847614e-08 3.233193e-10 3.0918042e-07 0.002191984 0.27060932 0.31958652 0.0049526794 0.035123367 0.08153856 0.52810574 0.0012482231 0.08642513 0.0035890625 0.0009962585 0.048477665 0.34057692 0.041110475 2.8852899e-08 0.00086567213 0.035873637 0.0023631507 0.0027729075 0.0011516379 0.053907473 0.44648236 0.0022492511 0.28336114 0.6299098 0.0016929393 6.779631e-05 0.089673355 0.00045235935 0.0006391344 0.00020994457 0.2583394 0.14015605 0.0010363506 0.39428657 0.021633923 0.6062275 0.32102364 0.033254478 0.72297823 0.00032718014 0.0007501032 0.0090350825 0.016745578 0.3821368 2.6509905e-08 0.0004468005 0.49336535 0.51357955 0.0024179907 5.436487e-06 0.29927906 0.0029251578 3.4923152e-05 0.1409335 0.3548817 0.524728 0.349118 0.0010993361 0.08614125 2.257192e-05 0.0006704346 0.032653738
0.99351877 0.002951318 0.19765602 0.0003236038 4.5683628e-05 6.8569694e-05 1.1713452e-05 0.83981264 1.7430802e-09 0.951105 1.8969459e-08 0.027272042 0.007050336 0.050592262 1.0629259e-08 0.049557284 8.744916e-07 0.00064174295 0.0066121146 0.0006108865 0.00019349209 0.034154918 6.292503e-08 2.6506635e-07 0.012393513 0.015368893 0.022354666 0.013739788 2.022804e-06 2.6981049e-08 0.7983032 0.13960738 0.771729 0.00011228621 0.00048944494 2.0350132e-08 1.4908501e-09 6.632924e-08 0.0024486042 0.22841501 0.3521139 0.0014403596 0.024771573 0.086474314 0.5958847 0.0019166437 0.03422091 0.002737448 0.0005695913 0.07572472 0.41578543 0.040809013 7.971112e-09 0.001107625 0.02103297 0.0016906579 0.00013189002 1.1697042e-05 0.018923365 0.5535545 1.8794908e-05 0.39506462 0.8158181 0.0001259352 1.836644e-05 0.12647943 0.00028803304 1.4913979e-05 3.3678603e-05 0.47343212 0.11011518 2.344853e-05 0.57539105 0.018139195 0.5265935 0.21908799 0.01789072 0.7548039 0.0002772368 9.204158e-05 0.0025461954 0.04031701 0.479572 6.1746896e-09 6.0366165e-06 0.7368493 0.7176571 6.542723e-05 1.863834e-06 0.55966586 0.00021264004 3.480004e-05 0.4873373 0.5293403 0.69640994 0.36790124 0.00016531596 0.2820286 2.1931453e-05 4.301229e-05 0.15607163
0.99919826 0.0311413 0.30993 0.022287462 0.016131325 0.0014575354 0.0053187935 0.9225594 0.951105 6.0782496e-10 6.0929333e-06 0.45115992 0.004798178 0.041760333 1.223222e-06 0.19289774 0.0001905119 0.0022189291 0.019623863 0.0011580433 0.02399471 0.27226362 5.905753e-05 6.488533e-05 0.029255247 0.04147736 0.08164258 0.08690404 9.0331e-05 1.5295926e-07 0.47481704 0.10743482 0.579832 0.0010576008 0.0036510183 1.9083554e-08 1.0785983e-08 5.456274e-07 0.005708469 0.09955047 0.45585886 0.007941029 0.048742555 0.1587033 0.34024662 0.0013695864 0.38638008 0.009738088 0.0039852965 0.08259329 0.43972254 0.04298416 6.281097e-09 0.0010663731 0.04053697 0.005730322 0.0032977522 0.0004949322 0.07810686 0.5306996 0.00041071454 0.38107497 0.4490096 0.00075726036 1.7821425e-05 0.1674249 0.00033093867 0.0006081112 0.00025519263 0.3119359 0.18521076 0.00057505805 0.33842698 0.05242621 0.14056788 0.025741838 0.0012656859 0.35849476 0.0027102327 0.0005512879 0.0054935785 0.15629426 0.085516505 2.9702319e-08 5.7056848e-05 0.78965354 0.5765705 0.0028852776 2.928253e-05 0.51283795 0.0022658396 4.9667747e-06 0.45602357 0.2620146 0.3522155 0.034663487 0.0004683704 0.085632905 8.403827e-05 0.00043623082 0.06372766
0.7357558 0.22010662 0.020951295 0.00034597586 0.028471038 0.94871056 0.66839063 1.0698639e-06 1.8969459e-08 6.0929333e-06 1.331296e-13 1.9586273e-06 0.5530732 0.013662162 0.98092633 3.8064567e-07 0.36419225 0.77690303 1.8193338e-08 0.88078606 0.08144461 1.708046e-07 0.9702772 0.91034573 0.00019236113 3.2563446e-05 3.038905e-07 5.884732e-05 0.00037080768 0.038631156 5.7408208e-08 9.520199e-08 1.7739991e-06 0.3371974 5.6422186e-07 5.2967885e-06 1.0496357e-05 0.0027749669 0.052483704 1.9111303e-07 3.5210032e-06 0.15837045 0.004473439 1.2089451e-05 6.59874e-08 0.12911643 0.009367113 0.02985669 0.29386652 0.00013535404 2.529581e-06 0.0036982996 3.9653296e-06 0.012783937 0.0030624769 0.3675432 6.055399e-07 1.7655902e-08 0.02818893 1.49863645e-05 6.3260597e-10 0.0003086783 7.317697e-07 5.3406047e-11 0.0019599467 0.0004376791 4.2798735e-07 9.052274e-08 0.8081364 2.2616781e-05 0.0019950108 6.726977e-08 1.5039647e-06 0.036427945 5.4238956e-07 2.6388514e-09 6.321588e-09 8.429247e-07 7.856847e-09 3.2544985e-08 0.1712858 0.00012540896 6.7017275e-10 0.70040286 3.0435629e-05 5.9247694e-05 2.6227708e-06 1.7226364e-05 0.11863787 1.0761762e-05 5.2990043e-05 1.4794e-10 1.5176183e-05 9.722274e-08 1.800938e-09 2.4591735e-09 0.0001150636 9.759185e-09 1.7524407e-09 3.269228e-06 2.110286e-07
0.99363405 0.31549856 0.8732143 0.22010343 0.05172646 1.1961715e-05 0.008307207 0.11830505 0.027272042 0.45115992 1.9586273e-06 4.6894854e-14 0.021560047 0.44112676 8.854777e-07 0.0010661153 2.5723903e-06 0.0016236989 6.140115e-05 0.00015722381 0.10981474 0.03868759 9.907348e-06 9.539776e-08 0.002549398 0.0009355333 0.0013087088 0.0014250446 5.0171857e-06 2.92886e-08 0.15383588 0.016051771 0.7034661 0.012264834 3.977364e-05 3.8442934e-08 1.6732036e-11 2.47077e-07 0.0037575213 0.0031539958 0.8929721 0.03959039 0.8932148 0.852675 0.108406 0.0007216232 0.028799064 0.007038489 0.024560772 0.82400316 0.37873736 0.76870066 2.4426017e-09 0.0011573561 0.5060037 0.022608746 1.190604e-05 1.1468619e-06 0.21295063 0.6897109 9.768199e-09 0.6287047 0.2120888 4.5846264e-08 5.329529e-05 0.30293435 0.00010488807 1.7801789e-05 0.00032556007 0.33072528 0.50549835 3.7420364e-07 0.10744107 0.14511523 0.018668758 0.00096065155 0.00015816842 0.08364571 1.3697952e-07 4.330425e-06 0.033373307 0.023056608 0.005421626 9.239868e-08 6.7858955e-06 0.0792722 0.0387103 5.1664094e-05 3.522145e-06 0.021948228 0.00035113507 1.0397068e-07 0.06275798 0.016979203 0.0028894884 7.748203e-05 0.00037125705 0.0018248609 2.2673987e-09 1.5792266e-05 0.00075892097
0.99609625 0.9288486 0.034939 0.8763342 0.91304976 0.0864784 0.85766333 0.00437767 0.007050336 0.004798178 0.5530732 0.021560047 2.1487662e-07 0.3129534 0.018285967 0.00015779569 0.006007566 0.12640351 0.00042257516 0.021595908 0.6044265 8.604891e-05 0.31149063 0.1222476 0.0016754034 0.00039268617 3.6389494e-05 0.009286633 0.003409476 2.318368e-05 0.00014654844 5.743773e-06 0.0013975229 0.29966602 0.00035901167 0.00013174268 7.0007413e-06 0.0002223723 0.048659045 2.2309332e-05 0.008848649 0.58105654 0.08687123 0.00939495 0.000573625 0.0077142245 0.74594915 0.040585835 0.51730067 0.006910845 0.00198369 0.009699771 0.00015160497 0.01293336 0.03545407 0.3759901 0.0006630012 2.6592481e-06 0.32786173 0.0056829145 9.3284837e-07 0.014155556 0.000763496 7.543361e-06 0.0025857114 0.017102338 3.392304e-05 0.0002226849 0.3272953 0.004145685 0.051216897 0.00012031889 0.0015757403 0.5255884 0.00035814734 1.0194688e-05 2.3819189e-06 0.0006167005 0.000117607626 8.61421e-05 0.5209556 0.01657292 0.00011295339 0.0011230892 2.3676634e-05 0.0017887519 0.0010276204 0.0023828505 0.076813415 0.0003862641 0.0034128753 7.547735e-08 0.002548739 0.0001657371 2.5521369e-05 2.8073024e-05 0.0030476702 2.24031e-05 1.8481483e-06 0.00029505117 1.4868151e-05
0.99795634 0.9213194 0.957011 0.64473593 0.6185936 0.011416415 0.31538326 0.027351556 0.050592262 0.041760333 0.013662162 0.44112676 0.3129534 5.7283865e-11 0.0013954858 0.0024881335 0.0020035622 0.07926063 0.0008165288 0.014583852 0.34153694 0.0018317157 0.0073566376 0.0008661973 0.017651914 0.013988912 0.0026654105 0.10443195 0.0010019076 1.8096454e-06 0.022972673 0.00023584225 0.0646272 0.04906439 0.004087773 5.4799966e-07 2.785478e-08 9.487327e-06 0.022447744 0.000827282 0.2337754 0.19719483 0.5032302 0.21999261 0.022540439 0.0028632435 0.83392936 0.021600865 0.15605439 0.11178569 0.073499024 0.13532567 1.3556209e-07 0.0074366825 0.24079376 0.18922016 0.008905531 2.1848075e-05 0.57492226 0.19844672 5.248224e-05 0.33664647 0.021847023 4.7039657e-07 0.0005800607 0.11153125 0.0005177991 0.003603414 0.11317471 0.05836181 0.45937774 0.0027606566 0.01959765 0.41013718 0.0018689256 0.00019549082 4.7750796e-06 0.007764339 1.5761301e-05 0.0003605722 0.1548434 0.058899496 0.0004102064 4.396568e-06 0.00020243366 0.037424386 0.020008005 0.019334022 0.008733454 0.010148269 0.011233977 1.10946324e-07 0.032027595 0.0013382243 0.0008582623 0.0002473945 0.0045613586 0.00013960204 5.1769508e-08 0.0026414352 0.00010079478
0.22672561 0.06614728 0.0055906707 0.00018568012 0.0055931183 0.9300413 0.15948509 6.5675033e-07 1.0629259e-08 1.223222e-06 0.98092633 8.854777e-07 0.018285967 0.0013954858 4.346172e-15 1.0733436e-06 0.8368863 0.6144246 6.5235635e-09 0.3825259 0.008067289 3.96706e-07 0.8845596 0.91502714 8.820205e-05 3.533296e-05 2.6040098e-07 6.41352e-05 0.0017549256 0.9802752 6.187882e-09 9.2928914e-08 5.050658e-07 0.038299274 4.1565293e-08 2.418604e-05 0.00020210978 0.0010282199 0.01444997 1.492726e-08 6.418204e-08 0.0039920253 0.00014509424 7.2633816e-07 1.3906308e-08 0.061701026 0.0011989411 0.0063703167 0.00811808 5.448851e-06 1.1609369e-07 0.00041774567 0.0057330583 0.0022453794 1.08025315e-05 0.0054156133 3.4112819e-07 2.930021e-09 7.5399126e-05 8.929354e-08 6.625037e-11 3.1597483e-06 1.3880259e-08 7.710534e-11 0.00023481123 2.6576797e-07 3.878955e-08 1.056988e-08 0.077495635 1.840756e-07 1.2691621e-05 8.9615115e-09 2.1360789e-08 0.0004382041 1.6898163e-08 8.642852e-11 9.651464e-10 3.9376635e-09 3.176547e-10 7.0312756e-09 0.0004545996 1.0932505e-07 4.4253722e-11 0.18045492 1.3686247e-06 7.469342e-08 1.1677944e-08 5.608287e-07 0.0019489274 5.3013434e-09 2.2755354e-05 1.7357916e-12 8.964183e-08 4.5932453e-09 3.1975478e-11 9.226782e-12 2.4638523e-05 7.56997e-11 3.32031e-11 7.4375535e-08 1.4941239e-09
0.9904392 0.004930471 0.12552904 0.00024802148 6.390796e-05 4.0822542e-06 5.085722e-06 0.61394125 0.049557284 0.19289774 3.8064567e-07 0.0010661153 0.00015779569 0.0024881335 1.0733436e-06 1.02838e-11 3.157533e-05 0.00018167368 0.5305838 1.13924925e-05 7.7635355e-05 0.96798295 5.6408356e-07 6.97375e-09 0.2516987 0.8337208 0.9539956 0.05555107 1.5353993e-05 4.088601e-08 0.4530967 0.64646935 0.14454652 6.626175e-05 0.03362691 2.1897648e-08 1.6440049e-11 3.666332e-07 0.0016533764 0.29888207 0.05385244 0.0003698564 0.0037498013 0.012668549 0.24131303 0.0005877768 0.042802703 0.0016428339 9.6785676e-05 0.009318336 0.102617264 0.00648604 1.942589e-09 0.0007672356 0.0031045333 0.00048723532 0.0041962597 0.052801166 0.0024950719 0.17404656 0.096098445 0.051050626 0.33994177 0.030557593 3.7050246e-05 0.009036578 0.0029549552 0.0011131113 1.0577218e-05 0.055794302 0.008400895 0.007846623 0.17929208 0.00082383206 0.57471293 0.57531697 0.37473202 0.52933747 0.001974439 0.013727936 0.0004077292 0.00076676894 0.3714591 5.2779874e-09 0.0024263978 0.10326642 0.24611339 0.0012747147 1.5922835e-07 0.053235315 0.0014225555 0.0015463801 0.006265229 0.14775151 0.38103214 0.5253228 0.00094203127 0.029331842 3.2232845e-05 0.0016770372 0.007701004
0.41638595 0.004324981 0.00302826 1.9063868e-05 0.00051814836 0.60966724 0.0061404672 9.5719966e-05 8.744916e-07 0.0001905119 0.36419225 2.5723903e-06 0.006007566 0.0020035622 0.8368863 3.157533e-05 7.904163e-13 0.9824576 5.3539998e-06 0.18653738 8.212253e-05 4.04292e-07 0.03719736 0.071075104 0.0006261508 1.7343385e-05 3.9864017e-07 0.0007919218 0.9903235 0.85748553 3.803719e-08 8.4400575e-09 3.509402e-07 0.00073273137 3.8346197e-06 0.7660772 0.64207786 0.061445355 0.5161497 2.8793579e-08 4.4933867e-07 6.539354e-05 6.9842805e-05 3.78524e-07 9.731736e-08 0.41283107 0.006430504 0.102677025 0.00036064425 9.019981e-07 1.2725907e-07 6.3201966e-05 0.07893959 0.05044983 4.7696085e-06 0.0006499656 4.135668e-06 5.5512266e-09 3.7654213e-06 9.803144e-08 2.8270486e-09 1.9918755e-07 8.866391e-08 1.5822875e-08 0.03835979 3.0386724e-09 1.0956444e-08 5.480833e-07 0.004622736 2.1681451e-08 4.6180823e-08 3.404303e-08 7.564638e-09 5.198435e-07 2.6908943e-08 2.9417566e-10 2.1799207e-09 1.5690432e-08 4.3254613e-09 1.6346873e-07 1.6965602e-07 1.0971872e-09 1.0320453e-10 0.005833418 1.0788694e-05 8.8357126e-07 1.4968438e-07 0.00010004444 5.032954e-07 1.0143676e-07 0.0008023995 1.2697508e-12 1.3709785e-08 3.6558994e-09 2.4572874e-10 6.372763e-12 0.0011294284 5.440104e-11 1.2393521e-10 1.5688762e-05 2.625875e-11
0.9531883 0.22169513 0.08046014 0.055632867 0.14006189 0.94637495 0.3728749 0.001501401 0.00064174295 0.0022189291 0.77690303 0.0016236989 0.12640351 0.07926063 0.6144246 0.00018167368 0.9824576 6.869886e-10 0.00012218252 0.9131068 0.02505272 6.773439e-05 0.3290251 0.17250098 0.005276496 0.0039724875 0.00025511137 0.023982575 0.83964777 0.0056763934 0.0006802279 2.3222272e-05 0.003561477 0.023349842 0.0025905294 0.0032498713 6.0980405e-05 0.14119044 0.88448405 5.0838913e-05 0.004915811 0.0271818 0.02824144 0.0028448915 0.00036185246 0.37562442 0.4156693 0.7878126 0.060429454 0.0046994803 0.0020887034 0.015097237 0.0013846268 0.11162088 0.010831821 0.06020455 0.0049056388 2.7610735e-05 0.016484343 0.0049691554 3.5146556e-06 0.0053389864 0.00020298327 1.1858157e-08 0.06602219 0.003546065 0.0007409968 0.00395428 0.10597868 0.0015775076 0.0022214942 0.00033094402 0.00036743935 0.011131198 8.224178e-06 1.6930732e-06 1.5102211e-06 0.0007219151 4.24182e-07 6.7055356e-05 0.01980467 6.577132e-05 4.298176e-06 0.002933747 0.0011806607 0.0027828882 0.0030595763 0.0115600135 0.0008907077 0.0013399471 0.015198114 3.0651992e-09 0.00044979382 8.1771635e-05 2.3971266e-05 7.4553463e-07 0.032041524 2.2571628e-06 1.2108055e-08 0.0019109427 3.451485e-06
0.9947772 0.00018101615 0.01078868 7.7574705e-06 1.6688333e-06 4.305863e-05 1.501201e-07 0.07654166 0.0066121146 0.019623863 1.8193338e-08 6.140115e-05 0.00042257516 0.0008165288 6.5235635e-09 0.5305838 5.3539998e-06 0.00012218252 8.0258106e-11 7.373234e-05 3.4176044e-06 0.85868883 1.4403183e-08 4.72692e-08 0.4337097 0.8028833 0.97440153 0.07860539 6.8790264e-06 8.570766e-08 0.08192223 0.5953286 0.010031985 7.9382716e-07 0.045117762 2.2366368e-08 1.0872211e-09 3.566699e-08 0.0013348708 0.34399483 0.002042093 2.9429144e-05 0.00021929982 0.00028569892 0.05584251 0.00092613953 0.064742066 0.0014679659 1.0327222e-05 0.0007938094 0.008827186 0.00045791626 1.9048608e-08 0.000684101 6.243157e-05 1.5970729e-05 0.0049331733 0.17839468 0.0001769592 0.0069238087 0.036800433 0.0036629897 0.1214419 0.16554499 2.6488287e-05 0.000741225 0.002736203 0.0017240533 7.0332912e-06 0.010294955 0.002051134 0.0021793526 0.08535343 0.00080668164 0.53592104 0.7124831 0.52446365 0.5057737 0.008377873 0.009885598 4.4347773e-05 0.00071655156 0.45219144 1.3577737e-09 0.0028960595 0.029647343 0.15713578 0.0015628301 2.7636892e-07 0.027361505 0.00078966527 0.0111684725 0.0030319372 0.12536336 0.4377562 0.64515907 0.00031556655 0.022028515 0.001178584 0.0026907793 0.0047170296
0.9964003 0.021922879 0.0041234796 0.0051838937 0.031377655 0.9627695 0.067496315 0.0002795919 0.0006108865 0.0011580433 0.88078606 0.00015722381 0.021595908 0.014583852 0.3825259 1.13924925e-05 0.18653738 0.9131068 7.373234e-05 4.91326e-08 0.010569254 1.4982913e-06 0.6545667 0.6784503 0.0004748038 4.1450126e-05 1.4370542e-06 0.0010976788 0.050421804 0.00073940953 1.7812266e-05 2.0982596e-07 0.0001744528 0.0129526965 1.5331898e-05 0.00011443895 1.47578085e-05 0.00423445 0.743817 3.4350894e-06 0.0006807574 0.011666981 0.005799377 0.0003819719 5.3361713e-05 0.42122924 0.381888 0.71833277 0.025985003 0.0005854557 0.00041180427 0.0013571604 0.0014610062 0.15987542 0.0022505536 0.04998978 0.0003559548 7.283658e-07 0.00389692 0.0010960574 2.7599926e-08 0.0011289723 0.0001049222 1.6768861e-05 0.03058935 0.0012312016 6.5292184e-06 2.5000043e-05 0.48066702 0.0013151291 0.000678809 1.6660595e-05 0.00040244614 0.0072862394 9.786932e-05 3.3149902e-06 7.4726864e-07 0.0004891638 2.8221035e-05 2.6844893e-06 0.0022821182 0.0010083728 7.5097187e-06 0.0066246055 3.714412e-06 0.00047723955 0.00076185726 0.002398778 0.0099162245 0.00025702495 0.0050179344 1.0632705e-08 0.00019094262 3.0016337e-05 1.7930079e-06 3.495649e-06 0.009912347 4.1494144e-07 2.4703588e-06 0.0003312674 1.7292673e-06
0.96237075 0.547824 0.120186165 0.8630614 0.87208414 0.003105466 0.895033 0.002146545 0.00019349209 0.02399471 0.08144461 0.10981474 0.6044265 0.34153694 0.008067289 7.7635355e-05 8.212253e-05 0.02505272 3.4176044e-06 0.010569254 1.08885835e-13 2.8836683e-05 0.1979742 0.0013155906 0.00013206685 9.9014715e-06 1.3340747e-05 0.00010250711 1.6847467e-05 5.0538742e-06 4.171686e-05 6.3369903e-06 0.0016885278 0.95967495 9.588524e-07 2.2736654e-07 9.3794555e-11 8.136068e-07 0.018382605 1.0802861e-05 0.028040437 0.8748693 0.77393216 0.06627072 7.812317e-05 0.0021078417 0.031863622 0.024452914 0.7062405 0.12177022 0.0020135706 0.25933203 1.8122549e-08 0.005560673 0.6170149 0.62125534 1.247004e-06 8.547743e-09 0.27917102 0.0026240684 1.1341936e-10 0.011593565 3.3590582e-05 1.5330864e-10 0.0004692527 0.025946725 7.0482474e-07 2.1221389e-07 0.101616964 0.0033960154 0.06449723 1.4445819e-09 0.00016811141 0.22961712 2.3723069e-06 6.150467e-08 4.2426745e-08 4.789178e-05 1.3259322e-08 7.254472e-07 0.14824668 0.008074675 7.7453016e-08 0.00076787936 4.231547e-06 0.00030912342 1.3260733e-05 1.9718433e-05 0.0013183977 0.00011064862 0.0005686873 1.0617136e-09 0.00059210527 5.909564e-06 3.753327e-07 1.3238069e-08 0.0010027871 5.9771173e-07 7.639947e-10 3.186559e-05 9.721259e-07
0.9584066 0.0022673085 0.05259604 0.00022263774 4.0320963e-05 9.528942e-07 5.8624178e-06 0.7876811 0.034154918 0.27226362 1.708046e-07 0.03868759 8.604891e-05 0.0018317157 3.96706e-07 0.96798295 4.04292e-07 6.773439e-05 0.85868883 1.4982913e-06 2.8836683e-05 2.7993135e-13 2.7818572e-08 2.0155972e-09 0.026519747 0.09920275 0.90295863 0.0086626345 1.949961e-06 1.0100481e-08 0.9084919 0.9620809 0.54864997 2.2625562e-05 0.0024102123 6.8726544e-09 4.4220522e-13 2.0420508e-08 0.00044214394 0.7322694 0.05637474 2.8496244e-05 0.0021090722 0.012761786 0.3647649 5.530166e-05 0.007980781 0.00078138406 3.037675e-06 0.015277406 0.067904815 0.007759287 2.7171898e-10 0.00010683152 0.0008051894 2.5906293e-05 0.000335998 0.036120463 0.00017823406 0.08895903 0.01042086 0.012016496 0.26506373 0.02756812 8.015099e-06 0.0004958256 0.00093062833 0.00020285186 9.728262e-07 0.037856992 0.0016581062 0.00017582407 0.078988925 0.00018135032 0.43253088 0.48795837 0.3563466 0.41678745 0.00020827937 0.0013602371 6.2168574e-06 4.161065e-05 0.13250312 3.749949e-09 0.0008580267 0.015105452 0.0556363 7.44239e-05 2.3618987e-09 0.0086916555 0.00018789934 0.00089287304 0.00056277175 0.024774173 0.080992125 0.25066796 0.0001832336 0.0049328487 3.953087e-05 0.00014703182 0.00052705465
0.77060896 0.044038393 0.006538719 0.0010989639 0.06343996 0.88878375 0.76233906 1.0053773e-05 6.292503e-08 5.905753e-05 0.9702772 9.907348e-06 0.31149063 0.0073566376 0.8845596 5.6408356e-07 0.03719736 0.3290251 1.4403183e-08 0.6545667 0.1979742 2.7818572e-08 4.434567e-14 0.9769667 8.790851e-06 3.647023e-07 5.57255e-09 1.3199526e-05 2.2295188e-05 0.034299772 1.6442919e-09 6.56781e-09 2.448351e-07 0.74179405 5.000523e-08 6.6642116e-07 4.435765e-06 0.0004622597 0.02570507 2.817134e-09 8.870388e-07 0.15948649 0.012694854 1.2315431e-06 6.0855956e-09 0.043575197 0.0049531143 0.01533407 0.4412389 5.2294832e-05 1.8301904e-07 0.0036090198 7.123075e-06 0.008050907 0.0043271454 0.7012048 1.1861358e-06 3.0492162e-09 0.028414419 4.468991e-06 2.1156088e-10 0.0001450613 5.2785033e-08 3.499991e-10 0.00079495873 0.00088987435 5.986372e-08 4.323263e-07 0.9337481 6.0420653e-06 0.0036412387 2.0207485e-08 6.088211e-08 0.22279273 4.8430575e-09 7.177761e-11 2.744835e-09 1.0226778e-08 9.320347e-09 6.015422e-08 0.4926983 0.0010428649 5.1787166e-09 0.836775 1.7079192e-05 3.517932e-06 1.2678972e-08 1.4291861e-06 0.3643614 2.942833e-07 1.3716855e-05 1.0903065e-10 3.7682326e-05 1.0612571e-07 3.0507754e-09 6.445013e-10 1.7536917e-05 1.9792586e-07 2.0273637e-10 5.780232e-08 1.8417165e-07
0.53091604 0.0007521247 0.00013440501 5.3356493e-06 0.000996835 0.9631363 0.023586474 4.6841834e-07 2.6506635e-07 6.488533e-05 0.91034573 9.539776e-08 0.1222476 0.0008661973 0.91502714 6.97375e-09 0.071075104 0.17250098 4.72692e-08 0.6784503 0.0013155906 2.0155972e-09 0.9769667 2.8920514e-11 4.1994813e-08 7.3903295e-10 2.5883978e-10 1.0515748e-08 4.692898e-05 0.32691532 4.1412207e-10 2.8808507e-09 4.4829616e-08 0.025398953 4.8517185e-10 7.302598e-05 0.00027177762 0.00084578985 0.010636861 1.1651884e-09 1.2582913e-07 0.0055717356 0.00015159932 5.515318e-07 4.2327146e-09 0.28262317 0.0012663482 0.0039594066 0.026371166 7.234178e-06 1.0370569e-07 0.00040714498 0.0004251463 0.0037335372 2.2981929e-05 0.12040569 5.4217775e-08 8.85256e-10 0.00021321554 1.5756989e-07 2.1355452e-12 1.1150188e-06 2.3985864e-08 1.8355932e-09 0.00022750918 6.270397e-05 1.0223755e-08 5.9655565e-09 0.7886676 3.5947382e-06 0.00013662578 3.0032654e-09 6.250184e-08 0.0051921434 1.333775e-08 1.6051385e-10 1.0819461e-09 2.3030886e-08 4.7969188e-08 2.1797012e-08 0.046872552 4.5639386e-05 1.4843413e-09 0.9795722 1.547021e-07 3.7686743e-07 3.1228023e-08 3.2639955e-09 0.12983783 1.1722939e-07 4.6155262e-07 5.2543372e-11 6.9562057e-06 2.517939e-08 3.1241873e-10 7.7256707e-10 1.2065084e-06 1.7696832e-08 3.0965077e-09 3.7220869e-09 5.764521e-08
0.8763033 0.005803509 0.06736974 0.0019629959 0.0013188713 0.00071103225 0.00032497008 0.13624775 0.012393513 0.029255247 0.00019236113 0.002549398 0.0016754034 0.017651914 8.820205e-05 0.2516987 0.0006261508 0.005276496 0.4337097 0.0004748038 0.00013206685 0.026519747 8.790851e-06 4.1994813e-08 2.6322997e-14 0.9708391 0.19497389 0.9931672 0.0018631791 2.574281e-07 0.004919122 0.0049333284 0.005409935 1.2453296e-06 0.9474599 2.2310127e-08 3.7931043e-12 1.9111676e-06 0.012093862 0.0014795689 0.00070631225 0.00013439835 1.4639514e-05 0.00073872023 0.0015662641 0.00070580654 0.3484585 0.016514264 1.5616074e-06 0.0004528536 0.0008134529 0.0007627077 3.7113734e-10 0.0018016701 2.9644477e-06 1.9161062e-06 0.1290319 0.010910001 8.5382206e-05 0.0008905591 0.09420465 0.00022067271 0.0009434275 0.00195818 0.0011629222 1.0109011e-06 0.03871411 0.010442692 1.734288e-06 8.115571e-05 9.434315e-05 0.23093174 0.00034193177 2.6577534e-05 0.0020082651 0.0012152722 0.00054571906 0.001367347 0.0003812637 0.034840167 2.1301585e-05 4.6925603e-08 0.000290997 6.5857814e-10 0.037748046 0.00026378944 0.00067524554 0.033220943 4.346202e-09 0.00010488537 0.014444928 6.3961456e-06 2.8802822e-07 9.6198586e-05 0.00052162446 0.00040151973 0.008167103 1.5873396e-05 2.3203553e-08 0.026973799 8.476356e-07
0.97832423 0.008253829 0.29349685 0.0005037118 0.0002727214 9.579731e-05 2.2638622e-05 0.4731243 0.015368893 0.04147736 3.2563446e-05 0.0009355333 0.00039268617 0.013988912 3.533296e-05 0.8337208 1.7343385e-05 0.0039724875 0.8028833 4.1450126e-05 9.9014715e-06 0.09920275 3.647023e-07 7.3903295e-10 0.9708391 5.977954e-11 0.90056837 0.6534022 0.0005613293 2.8487764e-07 0.014747215 0.013527064 0.007993651 8.094381e-06 0.9560409 1.5189482e-08 4.4520724e-12 6.7194134e-07 0.013459325 0.0038387855 0.00056089053 3.6461435e-05 7.057275e-05 0.00023050953 0.002627207 0.00078984303 0.18901579 0.022152746 6.5005736e-07 0.00072549947 0.001052735 0.0004818453 9.474884e-10 0.0029890134 9.4509835e-07 2.4995502e-06 0.22290523 0.27764183 1.33696585e-05 0.0009902488 0.82821524 4.488132e-05 0.0018754014 0.019907966 0.0009939879 5.2599507e-06 0.09063009 0.023242386 1.2800809e-06 0.00017596531 5.192059e-05 0.68561256 0.00068009296 1.5944004e-05 0.0068663247 0.009250079 0.003744834 0.003686009 0.0030686192 0.31691194 1.3496059e-05 4.781682e-08 0.0007888923 6.3238734e-11 0.14798556 0.0003724882 0.00251844 0.012621679 3.010084e-09 0.00033946714 0.008895969 0.00015325488 1.4275541e-06 0.00030441943 0.0019432612 0.005936542 0.0025023723 0.00027177323 9.194389e-06 0.01972886 7.623696e-06
0.9187122 0.003806568 0.06693927 0.00023045282 7.713227e-05 3.3572856e-06 1.7918872e-05 0.45205995 0.022354666 0.08164258 3.038905e-07 0.0013087088 3.6389494e-05 0.0026654105 2.6040098e-07 0.9539956 3.9864017e-07 0.00025511137 0.97440153 1.4370542e-06 1.3340747e-05 0.90295863 5.57255e-09 2.5883978e-10 0.19497389 0.90056837 5.800799e-15 0.06808091 1.4297266e-05 3.534871e-10 0.409308 0.9212688 0.087884456 1.3532022e-06 0.10574774 1.3098317e-09 1.3961606e-13 6.735206e-08 0.0018512205 0.3792856 0.0064601097 1.245689e-05 8.103646e-05 0.0012575093 0.06866783 0.00019197755 0.007906234 0.0021121488 1.9832775e-07 0.0017207124 0.012895457 0.0011204756 9.329301e-11 0.0010274185 2.0201223e-06 1.6164124e-06 0.0069528534 0.9066918 2.4454223e-05 0.0053786854 0.8283897 0.00039225968 0.054425612 0.38328752 7.11597e-05 7.794021e-06 0.009128086 0.0044635353 5.3493494e-08 0.0022059856 4.213444e-05 0.15119988 0.010140645 1.1441495e-06 0.26249388 0.32713008 0.6912872 0.10408584 0.030807242 0.20955773 3.5712785e-07 8.0776694e-08 0.04004518 7.908468e-11 0.008731264 0.0014480624 0.01153555 0.0006914962 1.2681522e-10 0.0010077027 0.00092730083 0.057524245 3.703615e-05 0.0054384065 0.038748674 0.17790273 0.0005693249 0.0004991631 0.0029924633 0.0010590493 1.224795e-05
0.9801211 0.010113357 0.09910076 0.002817649 0.0011304317 0.00060051546 0.00034160406 0.0889533 0.013739788 0.08690404 5.884732e-05 0.0014250446 0.009286633 0.10443195 6.41352e-05 0.05555107 0.0007919218 0.023982575 0.07860539 0.0010976788 0.00010250711 0.0086626345 1.3199526e-05 1.0515748e-08 0.9931672 0.6534022 0.06808091 9.799263e-14 0.004497792 3.5507005e-06 0.00035930178 0.0003747735 0.0004518825 3.0297417e-06 0.824916 8.486924e-08 1.9496287e-11 5.667684e-05 0.088835575 0.0004003797 8.216163e-05 3.1485844e-05 1.4498993e-06 7.005534e-05 0.000567158 0.004249714 0.9359733 0.29482654 2.3025002e-06 0.00018473023 0.00021593242 0.0001521281 3.1004482e-10 0.022146335 2.0066625e-06 1.712356e-06 0.28652057 0.0017128462 5.4075746e-05 9.4436866e-05 0.0116239665 6.867801e-05 3.640688e-05 7.66577e-06 0.0106059415 1.3944449e-06 0.018821903 0.020809675 1.7300425e-06 1.6782731e-05 5.8374277e-05 0.04558748 2.9581572e-05 2.8441102e-05 0.00015447424 7.835731e-05 6.038341e-07 0.00020226113 2.4467543e-05 0.018927764 1.9362296e-06 1.0107772e-07 4.1070572e-05 2.7319327e-10 0.02214119 2.3633545e-05 0.00012200601 0.14994296 8.818724e-09 7.654841e-06 0.16194697 5.982275e-08 2.4908087e-07 3.4545395e-05 3.8167953e-05 2.585615e-06 0.11175918 1.2399765e-06 1.40404195e-08 0.0986665 6.566435e-08
0.0809827 0.0003607552 0.0022203717 2.6705742e-05 0.00013818119 0.013716642 0.00046809844 4.700795e-05 2.022804e-06 9.0331e-05 0.00037080768 5.0171857e-06 0.003409476 0.0010019076 0.0017549256 1.5353993e-05 0.9903235 0.83964777 6.8790264e-06 0.050421804 1.6847467e-05 1.949961e-06 2.2295188e-05 4.692898e-05 0.0018631791 0.0005613293 1.4297266e-05 0.004497792 1.3900731e-09 0.00013825712 1.7635355e-06 1.7868258e-07 1.7753437e-05 3.9577266e-05 0.00016712816 0.9442748 0.033489134 0.987845 0.6013764 5.3777075e-08 2.9263922e-06 2.2439961e-05 2.0759573e-05 1.7799741e-06 1.1995151e-07 0.40151507 0.0053597884 0.106106386 5.8995327e-05 2.4332821e-06 2.1408523e-07 1.4435024e-05 0.00045656037 0.08086528 5.695958e-07 1.4898328e-05 0.0005390293 1.0476415e-07 3.4700768e-06 9.187727e-08 7.237919e-08 2.1629555e-06 2.2214365e-07 1.0577524e-08 0.06263578 6.7568062e-09 3.4482707e-06 1.5479389e-05 0.00019332627 1.379082e-07 4.411953e-08 1.8014232e-06 5.954294e-08 1.0069422e-07 3.9109125e-07 5.461805e-10 4.7156096e-08 8.3165e-07 1.1119053e-08 1.6816783e-06 6.59767e-08 8.3319285e-10 1.0224315e-09 1.8171362e-05 1.221099e-05 6.5838077e-07 1.7284124e-07 0.0018268477 3.9966834e-09 1.9223217e-08 0.0034409093 4.9741444e-12 6.745075e-09 1.7599618e-08 2.7465161e-09 1.3006544e-10 0.0069493037 1.3138594e-10 3.2532647e-11 0.0001748579 1.581772e-11
0.0027530596 0.00010222303 1.956071e-05 1.573904e-07 3.4091037e-05 0.12618573 0.00054838293 2.690783e-07 2.6981049e-08 1.5295926e-07 0.038631156 2.92886e-08 2.318368e-05 1.8096454e-06 0.9802752 4.088601e-08 0.85748553 0.0056763934 8.570766e-08 0.00073940953 5.0538742e-06 1.0100481e-08 0.034299772 0.32691532 2.574281e-07 2.8487764e-07 3.534871e-10 3.5507005e-06 0.00013825712 4.6148357e-18 4.1964668e-10 1.0255355e-08 3.007566e-08 0.00019197204 4.5006772e-07 3.3450103e-06 0.00055938656 3.2214717e-05 0.00014124978 1.2948254e-10 1.05725476e-07 7.798721e-06 3.1784217e-07 3.221611e-08 4.4333435e-09 0.00094106514 1.9970988e-05 5.6243345e-05 1.550968e-05 5.2045017e-09 1.00437525e-08 1.13610604e-07 0.99995965 3.727526e-05 9.119562e-09 5.63111e-06 1.2238445e-07 1.2710273e-09 1.0629948e-08 3.4797466e-08 3.4652132e-09 5.3868444e-08 2.0367336e-08 5.5279532e-08 7.537378e-06 1.8038815e-08 1.1309883e-09 2.2804418e-08 0.002031218 2.6420546e-09 9.261479e-09 5.323202e-08 4.5727644e-09 8.916216e-08 5.4082216e-10 2.2460997e-10 7.942424e-10 6.784969e-10 2.2184303e-09 2.6103175e-09 2.3888115e-08 5.1707037e-12 5.0143484e-10 0.2558849 7.0226514e-07 3.8563135e-09 5.914976e-10 8.561681e-08 5.3866313e-07 1.5329489e-10 7.2568387e-09 1.01513666e-13 1.1852701e-09 1.250556e-09 6.7749334e-10 3.278499e-11 1.3622133e-07 5.726664e-10 5.1831727e-13 1.160057e-09 1.6835693e-11
0.9429869 0.018687898 0.31393453 0.00015061277 0.00011222165 1.515837e-06 2.7527047e-05 0.7792903 0.7983032 0.47481704 5.7408208e-08 0.15383588 0.00014654844 0.022972673 6.187882e-09 0.4530967 3.803719e-08 0.0006802279 0.08192223 1.7812266e-05 4.171686e-05 0.9084919 1.6442919e-09 4.1412207e-10 0.004919122 0.014747215 0.409308 0.00035930178 1.7635355e-06 4.1964668e-10 1.2913326e-18 0.8440832 0.98326707 1.8793562e-05 0.00017994539 5.578194e-10 1.1801689e-14 2.5042457e-08 0.00063583656 0.9506575 0.2122337 7.734681e-06 0.00019215264 0.004237336 0.9417843 4.2922307e-05 0.019389952 0.0033677798 6.1433013e-07 0.008799185 0.22613749 0.003156603 1.0836886e-10 0.00025649334 8.450335e-05 6.397695e-08 5.849311e-06 0.00012448523 2.0084517e-05 0.03054126 1.4952152e-06 0.006058845 0.2269476 9.869131e-05 0.0003479858 0.0005972514 5.916559e-05 1.5149156e-07 7.7744744e-08 0.030047286 0.0005197893 1.3030659e-06 0.03583557 0.00012754674 0.08616807 0.06253536 0.0345672 0.10977196 2.725422e-06 3.1881635e-05 3.327208e-07 9.2121925e-05 0.025744261 4.77272e-10 1.5822145e-05 0.0016210623 0.009573988 5.794879e-05 4.165545e-08 0.0017207435 0.00026175185 0.00016396782 0.0006660105 0.0082037095 0.012033537 0.008421855 0.00016796334 0.0002038236 9.127414e-08 4.619727e-05 4.858111e-05
