2.316315e-22 0.7131834 0.15559742 0.18359932 0.00094010396 0.18248536 0.8427705 0.11815041 0.9649724 0.7518212 0.5317461 0.9822584 0.6986168 0.012958355 0.9823213 0.00970225 0.97662055 0.40609935 0.00011063017 0.6889423 0.0012600387 0.3409815 0.20492199 0.9570246 0.9752985 0.98398954 0.08824096 0.95910245 0.7521682 0.45758656 1.435581e-07 1.4920984e-06 0.90216166 0.0019349146 0.98437876 0.9856869 1.8139977e-08 0.98415595 0.98211604 0.84293604 2.332418e-06 0.993174 0.9390417 0.9822161 0.6117695 0.99040604 0.0013590566 0.0037018268 0.038230725 0.99647015 0.02160019 0.883332 0.61421317 0.99441445 0.0009391845 0.78628445 4.9271195e-05 0.98243964 0.019336957 0.9938553 0.007073814 0.75016785 0.46627095 0.9972128 0.8770507 0.16985217 0.9857586 0.6253154 0.002500262 0.98465246 0.99217355 0.9199352 0.9949109 0.98997426 0.07521392 0.9973926 0.8775744 0.9968598 0.95767605 0.97961503 0.9875483 0.98175657 0.97286874 0.9954996 0.99903715 0.98799 0.9600645 0.99956584 0.98516893 0.995862 0.99093616 0.99350286 0.98736703 0.9955652 0.6469436 0.69873405 0.9545439 0.11204625 0.99259967 0.9991407 0.032059766
0.7131834 6.5502026e-18 0.8580137 0.66756815 0.48277935 0.11385917 0.040898576 0.40240738 0.88041025 0.75062156 0.43486995 0.52574176 0.52717197 0.058247596 0.94879097 0.004831058 0.56801057 0.26284343 0.56156015 0.41250578 0.0020953314 0.0016778139 0.8734098 0.21926774 0.61053973 0.6125132 0.0002389133 0.49120626 0.6239436 0.039682303 0.00054039276 0.0003985984 0.024066614 4.2057003e-05 0.13116772 0.46272907 1.4765143e-05 0.23783614 0.25977722 0.309635 6.7057977e-07 0.28326103 0.059037074 0.32400972 0.27083758 0.29698145 0.00012696881 1.7085513e-05 0.0017371943 0.14324403 0.07862808 0.08463958 0.1252746 0.13425545 3.47125e-07 0.021344714 3.1387628e-07 0.05646413 4.2363983e-05 0.100413576 0.05776428 0.03716498 0.0011949529 0.0028005892 0.018328696 0.00047364875 0.003890223 0.017503008 5.603286e-06 0.030800844 0.0013041376 0.0020864937 0.07254609 0.015191049 2.2202761e-05 0.032780573 0.0010388695 0.0059352973 0.0018947033 0.0011230077 0.0012554453 0.0014468122 0.0013541513 0.008855719 0.053856112 0.004757618 0.00050619466 0.0335727 0.0024808347 0.006687884 0.00022740984 0.0030779098 0.0017888474 0.0045142765 0.00012219639 8.7453496e-05 0.00020589997 5.884476e-06 0.0020108158 0.0010448699 0.018045014
0.15559742 0.8580137 3.0422022e-18 0.96770966 0.62729394 0.26519808 0.10220783 0.6573416 0.37713313 0.7942418 0.4942096 0.8199269 0.3947048 0.085247554 0.23040257 0.003583669 0.12506069 0.4000947 0.16056748 0.30609483 0.00030927054 0.002593372 0.08943395 0.6799677 0.010330248 0.025751285 0.00013206986 0.55248266 0.03696371 0.016356442 5.805865e-05 1.3179852e-05 0.0035631096 3.3291294e-06 0.6080781 0.011360612 3.7748939e-07 0.018713031 0.014644785 0.008018514 1.6319326e-08 0.4310056 0.21294218 0.005037447 0.010814284 0.026401667 1.2726722e-05 1.1290923e-06 0.0010278592 0.0004679663 0.007415726 3.978548e-05 0.0005627081 0.00037139643 6.434076e-08 0.016641533 1.5879609e-10 6.0661852e-05 2.650633e-07 0.002104702 0.0025301964 1.7047103e-05 0.0007710068 0.0032462226 0.016521659 3.592375e-07 1.5616335e-07 7.391979e-06 1.3100221e-08 0.0048283357 7.908734e-07 8.3863966e-07 0.013329467 2.6520416e-05 2.8708797e-08 0.00881498 2.218477e-07 1.9263804e-05 5.451445e-06 6.458335e-08 1.6835737e-06 2.5349711e-06 3.393721e-07 0.00019679572 0.0030807264 1.2243336e-05 1.0516862e-06 0.0019485455 6.45525e-06 3.9130802e-05 8.088906e-07 8.774938e-06 8.103086e-06 2.3714665e-05 1.1956686e-07 3.799767e-08 6.2836494e-07 1.09025606e-07 2.0906066e-06 8.567519e-05 8.170566e-06
0.18359932 0.66756815 0.96770966 1.912911e-19 0.8893211 0.5037802 0.30512568 0.78128654 0.15261249 0.5791548 0.46225852 0.75058943 0.20422678 0.2923375 0.08672643 0.018761134 0.048061606 0.33383748 0.42195654 0.14940031 0.01064572 0.011792614 0.6189818 0.5278647 0.025544971 0.017442204 0.0037256586 0.38888845 0.039913896 0.029064858 0.0010190286 0.00038563285 0.0056786947 0.00057272654 0.17314622 0.011086463 0.00011459457 0.015292551 0.019166619 0.0567464 4.15974e-05 0.20376673 0.10635462 0.00897347 0.082269445 0.033172898 6.122434e-05 4.6713227e-05 0.0012254849 0.0022998506 0.06885917 0.0001672152 0.0009086119 0.0015848619 2.9732203e-07 0.02592443 4.1920867e-08 2.2527467e-05 6.1916403e-06 0.0020517297 0.034685593 3.169692e-05 0.001016425 0.004381801 0.022636922 0.0001334508 1.7896586e-05 1.5190288e-05 3.5409414e-08 0.016243944 1.14527e-05 1.6878337e-06 0.029476307 3.6783833e-05 9.118019e-06 0.02440784 3.6561156e-07 3.103077e-05 8.929296e-06 6.060015e-07 1.0011607e-05 9.894279e-06 2.4418787e-06 0.00053981796 0.017598018 3.469331e-05 1.7475819e-06 0.0064880876 5.3845283e-06 0.0001724995 1.1179539e-05 4.9039663e-05 1.7106968e-05 6.3884734e-05 6.9664154e-08 1.1030741e-07 7.1670155e-07 7.417936e-07 2.562926e-06 0.0005356137 4.0184383e-05
0.00094010396 0.48277935 0.62729394 0.8893211 3.5895417e-19 0.93698233 0.567108 0.8803461 0.031882826 0.22255766 0.42828897 0.32176545 0.03276866 0.7955424 0.013799552 0.09583904 0.0095387725 0.5425554 0.5630765 0.030058032 0.034025937 0.050970092 0.10650362 0.06633147 0.0009905798 0.0018590128 0.010431827 0.015229119 0.0018453666 0.015832651 0.0025193817 0.0020174696 0.004845034 0.015121966 0.0053787804 0.00025062409 0.00012579645 0.000142226 0.00043016844 0.0009148379 0.0002706032 0.007495555 0.018941939 3.9301605e-05 0.0028846425 0.00074020284 7.776681e-05 4.2148727e-06 0.0012228022 5.6809827e-06 0.00091053464 1.0001619e-06 2.179555e-05 7.0197952e-06 1.3506076e-07 0.0030678844 1.8715097e-07 1.4064677e-06 4.2697712e-07 7.5504686e-05 0.001256043 9.806955e-07 4.491266e-05 0.0016830472 0.0006134175 8.144274e-07 1.0690326e-06 2.2675276e-06 8.470687e-08 0.00020355183 9.072987e-07 1.539161e-07 0.0014121208 4.573829e-07 1.0119907e-05 0.0005852696 2.3785184e-08 1.1009959e-06 1.0484251e-07 5.2145893e-08 1.9507839e-07 6.425942e-07 1.0478873e-07 6.8555146e-06 0.00083473837 1.0393832e-06 4.0676458e-08 0.00049346057 9.215796e-07 4.3860814e-06 5.9472717e-07 6.3907437e-06 1.01028e-05 7.3645904e-05 1.8676648e-08 2.1347013e-09 4.133239e-08 9.565371e-07 2.7367754e-08 5.16502e-05 4.4266876e-06
0.18248536 0.11385917 0.26519808 0.5037802 0.93698233 8.91062e-16 0.9610522 0.8478872 0.0054907654 0.051148653 0.36126256 0.6881359 0.007856684 0.8886114 0.0040747053 0.3575024 0.0010079516 0.52920634 0.5941245 0.005891321 0.24821813 0.40575197 0.17635612 0.08404129 0.0009849556 0.0007515898 0.0855959 0.007114393 0.0028525705 0.22263175 0.031150261 0.11411458 0.043916848 0.39195964 0.015462328 0.00035446495 0.015247052 0.0010345001 0.0008770303 0.001420436 0.04996614 0.022991976 0.060029086 0.00057341956 0.015846996 0.0008873413 0.0012008356 0.00041553745 0.0029228195 0.00010386588 0.010112373 6.819036e-05 0.0009533602 7.3189185e-05 7.079797e-05 0.024967821 0.00042029217 1.3909963e-05 0.00014298828 5.421855e-06 0.0025081143 1.5686386e-05 0.0062457547 0.011036983 0.00915317 0.0019929816 1.8105964e-06 4.9245564e-06 5.376941e-05 0.0018547263 4.4651333e-07 7.592703e-07 0.0007056009 1.2045103e-06 5.9228256e-05 0.010037621 1.5359308e-07 8.8124614e-07 1.2430377e-07 1.3481053e-08 1.3500924e-07 1.10373705e-07 2.6530747e-06 4.0966493e-06 0.00016933332 2.0292916e-07 1.8694672e-07 0.0013259917 3.146873e-07 3.2223577e-06 0.00013918077 3.008761e-07 7.3449644e-07 4.8677084e-06 3.5829376e-06 2.1238789e-08 1.1045562e-07 0.00014456274 2.9875656e-07 0.00046919993 0.00016330864
0.8427705 0.040898576 0.10220783 0.30512568 0.567108 0.9610522 1.0219001e-15 0.9479914 0.004427896 0.09538443 0.5506203 0.8560686 0.008288121 0.5289024 0.0017771248 0.18316829 0.0012714087 0.60756993 0.5925793 0.0046849013 0.14073507 0.40278676 0.20001338 0.12351776 0.00066032325 0.00016652564 0.07096544 0.0074650617 0.0017721195 0.18744957 0.018581638 0.023922453 0.021227917 0.04689628 0.036923688 0.00010052339 0.0069536953 0.0007420158 0.0009313379 0.00093744905 0.011621329 0.025374338 0.08770867 0.00030649616 0.011509989 0.00089862896 0.0004703064 0.00023743576 0.0032968982 7.0500035e-05 0.0038360208 5.6772864e-05 0.00050164154 2.788685e-05 5.4648353e-05 0.017439552 0.00011943449 5.3252033e-06 9.002176e-05 1.9579467e-05 0.00084692263 1.3491183e-05 0.007700979 0.041048374 0.022271717 0.001630884 1.1636808e-06 5.145715e-06 5.0484912e-05 0.0037272559 4.6930523e-08 4.6828497e-08 0.003554831 8.5185175e-06 8.225853e-05 0.028772874 1.8337781e-08 1.001631e-06 3.5136318e-07 3.821196e-10 9.449969e-08 1.0562027e-07 7.933371e-06 1.5013815e-05 0.00076479535 4.794059e-07 2.2207894e-08 0.0044767507 1.1401861e-07 1.962741e-06 0.00022288927 8.1633054e-08 2.9150456e-07 1.8498852e-06 1.5371032e-07 7.0188007e-09 3.0190726e-08 0.00011278171 1.3381431e-07 0.0005700798 9.846644e-05
0.11815041 0.40240738 0.6573416 0.78128654 0.8803461 0.8478872 0.9479914 7.782713e-18 0.03423435 0.4222566 0.84149235 0.65448743 0.051111825 0.7070091 0.017856328 0.10751292 0.01580157 0.89744544 0.10340681 0.03593805 0.023533428 0.26244769 0.15495141 0.3190027 0.0023085724 0.001783422 0.08065913 0.05376695 0.006387697 0.23361339 0.00033114798 0.0013296121 0.060542613 0.054757856 0.017554035 0.00017280705 0.00012692183 0.0016518515 0.0021830208 0.005672703 0.00068921305 0.0589446 0.1301684 0.00027421577 0.013738393 0.0013437662 0.0040928205 0.00038818308 0.013093978 7.521053e-05 0.008252616 2.6853764e-05 0.00030960076 3.9184877e-05 3.7426755e-05 0.052678227 4.4448657e-06 7.178929e-06 1.46516495e-05 0.00031066436 0.0038239802 2.9165433e-06 0.008057009 0.0063308957 0.03288439 0.00020407741 2.0780083e-06 8.7910064e-07 1.3727573e-07 0.00604321 2.674452e-06 1.5264509e-07 0.004587763 1.3089615e-05 1.3097293e-05 0.014403784 9.273285e-09 5.302925e-06 2.2348993e-06 1.7127324e-07 3.02617e-06 2.0334285e-06 2.9776243e-07 7.5941294e-05 0.0029134077 1.0459529e-06 4.3410532e-07 0.002634719 3.4869734e-07 4.276265e-06 8.087225e-05 6.2926956e-06 2.809406e-06 1.577929e-05 6.41255e-08 1.9412862e-08 9.882255e-08 4.6145165e-06 1.1312764e-07 0.0009142622 3.7625462e-06
0.9649724 0.88041025 0.37713313 0.15261249 0.031882826 0.0054907654 0.004427896 0.03423435 5.74893e-19 0.5192143 0.06452332 0.2275072 0.55177826 0.0040520146 0.616188 9.782902e-05 0.96355766 0.022264337 0.009465615 0.6062733 1.3540676e-07 0.0003556791 0.16228022 0.25976244 0.17099953 0.11865508 3.2604214e-05 0.6623366 0.09916761 0.0068489187 5.3403276e-08 4.9902405e-07 0.0072836545 6.083544e-08 0.1635736 0.15536834 3.1880691e-09 0.16946253 0.31856135 0.06269704 3.0925987e-10 0.34953967 0.06514855 0.17044313 0.039910413 0.3538052 2.42846e-06 1.509771e-07 0.0008467854 0.087557666 0.04692968 0.025444193 0.029161166 0.047126338 2.2090703e-08 0.01599333 6.7763226e-12 0.0060226554 9.123659e-07 0.20908134 0.04445955 0.00742124 0.002209177 0.0025372666 0.06463118 2.1103167e-05 0.00077229465 0.0020395357 8.3171386e-08 0.034673687 0.00014252037 0.00051100866 0.15158491 0.008883096 1.5609612e-06 0.06635472 0.00018226144 0.001701496 0.0017404851 9.4809555e-05 0.00038115663 0.00028546798 0.0002636584 0.012133765 0.12414147 0.002988845 0.0001320336 0.033918068 0.00090461574 0.008869353 0.00013900608 0.00055178016 0.00043070473 0.0012471725 2.6966993e-05 4.5210683e-05 6.6580695e-05 2.7159038e-07 0.00014223765 0.002650991 0.0009006499
0.7518212 0.75062156 0.7942418 0.5791548 0.22255766 0.051148653 0.09538443 0.4222566 0.5192143 1.8967165e-17 0.7849231 0.8387997 0.92723095 0.039578885 0.21732835 0.00093256874 0.21473666 0.43377927 0.027830828 0.8844055 1.3693329e-05 0.004564583 0.14744678 0.81752706 0.024363039 0.020788549 0.0020904772 0.75545424 0.023474561 0.035731036 7.4487934e-07 4.489418e-06 0.0316897 2.0173773e-06 0.386898 0.016413547 9.120205e-09 0.04487568 0.097929135 0.0066560917 3.1383987e-08 0.3331532 0.24595247 0.027200436 0.014425523 0.051952902 5.1641233e-05 6.7591104e-06 0.005148953 0.005018147 0.010901306 0.00029946986 0.0008196804 0.0016373609 1.1379179e-07 0.048595008 8.850697e-11 0.00030069612 5.9605327e-06 0.015251356 0.012652659 4.2591608e-05 0.009630186 0.010605607 0.060657576 0.00030812417 3.3711665e-05 3.6468948e-05 1.1579228e-07 0.026891705 2.9045981e-05 1.35441005e-05 0.026865076 0.0004455552 1.2529484e-05 0.044877544 8.059698e-07 0.00010687116 2.2352733e-05 1.097077e-06 9.83821e-06 1.9024164e-05 4.4370595e-06 0.0014049202 0.016046567 4.3469943e-05 7.096594e-07 0.012626249 4.6003785e-05 0.00031565322 0.00012734742 1.7271454e-05 3.4691355e-05 0.00013338844 5.664364e-06 2.2873104e-07 7.3961576e-07 1.1068693e-06 8.261763e-06 0.0019062103 5.7385085e-05
0.5317461 0.43486995 0.4942096 0.46225852 0.42828897 0.36126256 0.5506203 0.84149235 0.06452332 0.7849231 2.4188867e-17 0.86144984 0.13697118 0.32785878 0.027883677 0.021610187 0.026699428 0.9716124 0.024998551 0.09517809 0.0011784998 0.15460166 0.122992456 0.778778 0.003608013 0.001993762 0.06122511 0.1365092 0.0053619253 0.4647707 5.0502444e-05 0.00024222684 0.17972378 0.009889658 0.08650277 0.0005097262 2.3669272e-05 0.0055259774 0.010272737 0.0052064066 0.00016211782 0.18556829 0.43320647 0.0010514561 0.015436404 0.0022731868 0.0047409167 0.00095534977 0.015816972 4.990284e-05 0.008875796 7.764698e-05 0.00026343373 4.4767006e-05 9.054817e-05 0.115080155 2.4321246e-06 5.245419e-06 3.9184655e-05 0.0010972476 0.0037689034 3.494449e-06 0.020934075 0.04002009 0.1869876 0.0011606492 7.919783e-07 2.098467e-06 4.333292e-06 0.037605405 8.0222844e-07 1.0203597e-07 0.014118144 4.9777216e-05 5.3207637e-05 0.09429046 9.939262e-09 1.1093406e-05 4.198645e-06 9.1785836e-08 2.1712638e-06 5.5969326e-07 9.866486e-07 0.00011215329 0.0059888777 3.9165056e-06 1.9999138e-07 0.015618117 3.3713562e-07 2.8894285e-06 0.00044868863 1.6841067e-06 4.4017222e-07 1.8972463e-06 5.5085344e-08 6.017132e-08 4.7786642e-08 6.9290663e-06 2.3831309e-07 0.0043552853 7.826232e-05
0.9822584 0.52574176 0.8199269 0.75058943 0.32176545 0.6881359 0.8560686 0.65448743 0.2275072 0.8387997 0.86144984 3.398175e-14 0.27253097 0.596375 0.054816842 0.116930746 0.08609718 0.69077635 0.43021157 0.20568912 0.023110306 0.2616698 0.76827246 0.89151144 0.07276587 0.0154623855 0.088019826 0.2754454 0.04753417 0.22901691 0.0026700736 0.003888035 0.21844213 0.015581675 0.6413399 0.003636592 0.0005507508 0.013151691 0.016025325 0.035506755 0.0015595991 0.48907676 0.68799174 0.0056329602 0.28668895 0.009140783 0.0012692172 0.00026158663 0.009659264 0.0003387878 0.13084796 0.0016478369 0.0018283178 0.00031723033 7.180582e-05 0.15882102 5.4813452e-05 0.00011366974 2.2983222e-05 0.0020389562 0.037160248 5.4604236e-05 0.008650961 0.13118832 0.19315186 0.0007432814 2.1134854e-06 4.1141698e-06 1.5113299e-05 0.035084102 9.2706694e-07 3.0474692e-07 0.029334424 3.5480858e-05 0.00013012529 0.27068654 9.408154e-08 1.4352403e-05 6.7402443e-06 1.3988136e-08 2.8535114e-06 9.0398385e-07 1.6438116e-06 9.094159e-05 0.0036676459 3.9894503e-06 7.46003e-08 0.026108433 1.6999995e-06 1.5197829e-06 0.0008640094 6.018794e-07 8.1504044e-07 7.0301496e-07 9.447523e-07 1.5168138e-07 1.2433745e-07 0.000121081495 1.2242717e-07 0.0028768054 0.0010944566
0.6986168 0.52717197 0.3947048 0.20422678 0.03276866 0.007856684 0.008288121 0.051111825 0.55177826 0.92723095 0.13697118 0.27253097 8.164716e-17 0.005086133 0.17991856 0.0001848619 0.22146977 0.038108572 0.0037215499 0.9723949 4.3739036e-07 0.00048554174 0.10443576 0.4440321 0.038706698 0.029158039 0.00035042237 0.7897082 0.02343793 0.007076412 5.5691423e-08 1.682893e-06 0.008252951 7.100026e-07 0.3041577 0.03697755 4.8518323e-09 0.0457798 0.06659983 0.016167164 7.649444e-09 0.2957017 0.10551536 0.041542526 0.022553362 0.09260254 3.3786437e-05 2.5285894e-06 0.0027677503 0.016152037 0.022514282 0.003580847 0.0053690197 0.006305056 8.442042e-08 0.018101195 2.1489196e-11 0.000677956 1.8309456e-06 0.07637469 0.01853341 0.0012796501 0.0028797742 0.0035733997 0.03700737 4.3788616e-05 0.0002650665 0.00037757278 3.3167705e-08 0.016307972 6.411484e-05 7.940294e-05 0.042037297 0.0019899164 2.9270482e-06 0.027536439 3.1104955e-05 0.00035572166 0.00046128992 1.4471358e-05 0.00016001836 0.00026929437 6.895437e-05 0.0035521304 0.025677407 0.0012867319 1.5162902e-05 0.012378565 0.00026834145 0.0020187737 9.405115e-06 0.0003450403 0.0003683451 0.0010723686 9.0423355e-06 1.208224e-06 1.3312621e-05 2.3287828e-07 7.343508e-05 0.00046561315 0.00055210077
0.012958355 0.058247596 0.085247554 0.2923375 0.7955424 0.8886114 0.5289024 0.7070091 0.0040520146 0.039578885 0.32785878 0.596375 0.005086133 8.4043726e-18 0.0007753735 0.86738855 0.0011820939 0.58763987 0.085173935 0.0041681747 0.6450215 0.8969332 0.0067828875 0.13301797 3.886038e-06 3.7222628e-06 0.62299883 0.012130856 1.7603992e-05 0.38585058 0.0024813053 0.03293711 0.1387515 0.9341456 0.007161254 8.1396774e-07 0.00092474907 1.36291e-05 6.249093e-06 1.5041783e-06 0.050712097 0.017200429 0.123786084 1.182914e-06 0.00011475228 7.2738317e-06 0.048191708 0.00912072 0.025918266 5.5173643e-07 3.0808828e-06 2.546104e-08 6.3978895e-08 7.106231e-07 0.0007220886 0.046088587 0.0034992865 3.0646515e-08 6.685218e-05 3.4481427e-06 4.7232706e-06 4.8614104e-09 0.010593837 0.043462373 0.008965459 0.0020619307 7.605972e-09 2.8857892e-09 1.5763392e-07 0.0010681716 6.349031e-07 7.872822e-09 0.0034062797 7.675546e-07 7.598273e-05 0.0031229784 2.3436778e-10 2.919358e-07 7.441867e-08 1.0165325e-08 2.358806e-07 1.1929338e-07 5.791422e-08 1.1579615e-05 0.0016679902 5.9166825e-07 9.484332e-08 0.0002951044 1.2109979e-07 9.270457e-07 0.00012500498 2.0151122e-06 4.0581088e-07 2.3330588e-06 9.858134e-09 1.83286e-10 3.760291e-09 0.00010158851 3.401369e-08 0.0006364669 1.0960938e-08
0.9823213 0.94879097 0.23040257 0.08672643 0.013799552 0.0040747053 0.0017771248 0.017856328 0.616188 0.21732835 0.027883677 0.054816842 0.17991856 0.0007753735 3.5977278e-18 4.7756417e-05 0.87855417 0.007873196 0.0133927455 0.16346875 7.4929955e-07 2.47313e-05 0.12624907 0.02133914 0.5441033 0.7080325 1.706458e-06 0.2071533 0.4119369 0.00038890025 8.197551e-07 6.0839334e-06 0.00046168716 1.618908e-07 0.03865062 0.7805277 2.7814286e-07 0.68593174 0.70369846 0.25352395 6.280441e-08 0.099647745 0.015146263 0.8003808 0.105602786 0.4426798 2.7834785e-06 4.172022e-06 8.94233e-05 0.37636963 0.06828492 0.20580402 0.12646978 0.33922154 3.648192e-07 0.009630884 4.9283805e-08 0.16446254 1.2095326e-06 0.1489431 0.06626679 0.092047796 0.00025537668 0.0010733565 0.031151412 1.684379e-05 0.012425669 0.022051599 2.4676945e-07 0.020850826 0.0035820785 0.006491504 0.16955045 0.035170484 6.5428844e-07 0.04764148 0.0039445614 0.0175076 0.01424667 0.0019523577 0.004839965 0.0047027664 0.004501556 0.039961603 0.16334145 0.012090477 0.0026966122 0.027865307 0.01069613 0.02228776 0.00022830207 0.0032423737 0.004519101 0.008826854 0.0032166261 0.0029366876 0.0017318652 2.5554831e-07 0.0033687372 0.0012590615 0.016128734
0.00970225 0.004831058 0.003583669 0.018761134 0.09583904 0.3575024 0.18316829 0.10751292 9.782902e-05 0.00093256874 0.021610187 0.116930746 0.0001848619 0.86738855 4.7756417e-05 1.7363737e-17 4.649569e-06 0.053908963 0.09124454 0.00016654216 0.9400044 0.261833 0.011539153 0.010464205 4.308982e-06 1.3235546e-06 0.12846662 0.00022742045 2.273053e-06 0.06123292 0.02103927 0.06855855 0.02649881 0.50983596 0.0002406728 6.4302114e-08 0.007875727 1.0822428e-06 6.5865964e-07 3.3600436e-06 0.051823746 0.0011266244 0.021604685 1.9126674e-07 0.00033979735 7.1579996e-07 0.0032349224 0.00044577708 0.00096549315 2.2919055e-08 5.38354e-05 3.027796e-09 4.886858e-08 9.5258486e-08 0.00012176945 0.009818616 0.0009534266 1.2506083e-09 3.245433e-06 4.6723045e-08 1.0163129e-05 4.5623625e-09 0.0005555558 0.005511699 0.0009735793 0.00020319573 8.878876e-09 6.6056374e-09 2.9373848e-07 0.00010183916 5.246562e-09 1.0191994e-09 3.985315e-05 4.1783625e-09 1.7394636e-05 0.0013029701 1.126873e-10 1.5174049e-08 1.6537992e-10 8.4405476e-11 1.4203777e-09 4.23478e-10 1.9536705e-08 3.2921772e-08 1.6044127e-05 8.4964064e-10 2.2173432e-09 0.00013938334 1.2344974e-09 2.60871e-09 7.827728e-06 1.18674786e-08 4.7270348e-09 1.1955106e-08 6.916921e-09 6.094371e-11 6.5159e-10 3.859014e-05 6.5506045e-10 6.00402e-05 4.0632106e-08
0.97662055 0.56801057 0.12506069 0.048061606 0.0095387725 0.0010079516 0.0012714087 0.01580157 0.96355766 0.21473666 0.026699428 0.08609718 0.22146977 0.0011820939 0.87855417 4.649569e-06 8.5043447e-19 0.008231594 0.0007489496 0.30615768 3.959242e-08 1.652944e-05 0.050705 0.078502595 0.18189527 0.13541868 1.155188e-06 0.43807763 0.08905914 0.00091316295 2.852446e-09 3.1760354e-08 0.0008220179 7.818084e-09 0.08264529 0.21929377 1.0722104e-09 0.4124973 0.6095333 0.054982513 4.6169384e-11 0.25452444 0.022791833 0.3122312 0.024006138 0.6051421 2.4799365e-07 5.3019228e-08 6.78258e-05 0.17940825 0.032129362 0.025031 0.025551677 0.09595936 1.3144567e-09 0.0029905587 1.1920978e-11 0.022848988 6.206775e-08 0.36968946 0.029066648 0.012773835 0.0002371063 0.00096083793 0.033701595 7.450307e-07 0.0011107735 0.005210924 2.0961663e-08 0.024888134 0.0002465748 0.00056388 0.3450394 0.022806853 2.5512753e-07 0.08624903 0.00024755285 0.0027316948 0.0056965644 0.0001210135 0.00083322165 0.0008081971 0.00036210514 0.048810303 0.25635937 0.006635664 0.00017986285 0.056587547 0.0014833318 0.021019226 4.1645844e-06 0.00048969727 0.0005878172 0.0016060522 2.468036e-05 0.00020962846 0.00017143397 7.748154e-08 0.0002739907 0.0005095959 0.0013859455
0.40609935 0.26284343 0.4000947 0.33383748 0.5425554 0.52920634 0.60756993 0.89744544 0.022264337 0.43377927 0.9716124 0.69077635 0.038108572 0.58763987 0.007873196 0.053908963 0.008231594 1.3318578e-16 0.008925606 0.036823597 0.0054852124 0.5485761 0.050984673 0.6070816 0.00077484647 0.00040848367 0.30860564 0.037159476 0.0018899482 0.7278011 4.0621246e-05 0.00033438558 0.3540284 0.07993658 0.021790612 2.451533e-05 7.88937e-06 0.00088594103 0.0020857805 0.0014966248 0.00041924234 0.060321856 0.3129104 0.00014467364 0.0029492276 0.0001840929 0.04293498 0.008897738 0.080963105 2.91521e-05 0.00027589852 1.1784512e-05 7.318661e-05 1.4148525e-05 0.0011637149 0.14671606 0.00017614632 3.5614682e-06 0.0005647511 0.0001702883 0.00038758034 1.7233914e-06 0.043816473 0.075325064 0.15008852 0.005090235 5.663761e-07 2.2671264e-07 3.2111566e-05 0.027089477 5.221539e-07 4.9437737e-08 0.00540367 6.941997e-06 0.000317126 0.077979036 4.4524104e-09 2.2005315e-06 1.6240378e-06 3.4294004e-08 9.805318e-07 3.225108e-07 1.9793606e-07 1.5470046e-05 0.0022742688 7.1937075e-07 1.17903014e-07 0.009034841 3.9606014e-08 7.8085543e-07 0.001123073 6.434411e-07 3.213178e-07 8.4154556e-07 2.9525241e-08 2.6136815e-08 1.9158902e-08 4.1649e-05 3.689293e-08 0.0069565945 2.9677628e-06
0.00011063017 0.56156015 0.16056748 0.42195654 0.5630765 0.5941245 0.5925793 0.10340681 0.009465615 0.027830828 0.024998551 0.43021157 0.0037215499 0.085173935 0.0133927455 0.09124454 0.0007489496 0.008925606 3.0983371e-18 0.0005677095 0.33990502 0.006594042 0.9671702 0.015693696 0.014340329 0.0042778114 0.0022940664 0.00074587925 0.13148148 0.0035228543 0.7415306 0.31501547 0.00035941968 0.008588884 0.022997852 0.00062949833 0.08438702 1.0450711e-05 2.0661528e-05 0.018888423 0.03089365 0.0011603631 0.0046757977 1.3926534e-06 0.22765072 0.0003493328 1.9392242e-05 8.869606e-06 0.000202211 8.502175e-07 0.021067165 8.855238e-06 0.00018645522 1.1015157e-06 4.989165e-07 0.0001107184 0.00012989627 2.9943197e-07 1.2963342e-06 1.2449235e-06 0.0053024823 2.181251e-06 2.0668217e-06 0.00026588122 2.3355888e-05 3.878728e-05 1.07323e-06 2.7711558e-05 4.1870844e-06 2.6182437e-05 1.7237728e-06 2.0354648e-07 0.00068234466 6.1070957e-09 3.639078e-05 0.00041107036 2.196339e-09 1.3313992e-07 5.191286e-09 6.6203443e-09 1.322608e-08 2.01413e-08 1.1409759e-07 1.0872394e-06 0.00018591684 2.6107856e-09 2.2174869e-09 0.0010436146 2.5188179e-08 8.273565e-08 4.450952e-06 2.2795992e-07 8.805249e-08 1.4391341e-05 8.956549e-07 2.873607e-09 9.604543e-10 4.96341e-05 1.2424582e-07 0.0010408543 0.0016276236
0.6889423 0.41250578 0.30609483 0.14940031 0.030058032 0.005891321 0.0046849013 0.03593805 0.6062733 0.8844055 0.09517809 0.20568912 0.9723949 0.0041681747 0.16346875 0.00016654216 0.30615768 0.036823597 0.0005677095 4.0973568e-17 8.522819e-07 0.0007082434 0.045214266 0.51101047 0.020900976 0.025101684 0.0004987591 0.8947791 0.014897937 0.0055472907 4.6721198e-07 2.1214823e-06 0.006415784 2.7401811e-06 0.41590372 0.02248048 6.6042546e-08 0.05774536 0.0773991 0.006749144 1.2077816e-08 0.41506538 0.11573089 0.045653515 0.010912374 0.10756645 0.00018862773 4.481453e-06 0.0020206633 0.009977056 0.01212827 0.0016147986 0.0031367477 0.0040358785 2.4618885e-07 0.020877862 1.0971998e-09 0.0011956579 8.481099e-06 0.06993078 0.011009802 0.00038709326 0.0047596646 0.006194177 0.050356142 3.8607148e-05 9.860815e-05 0.00024520396 1.1082678e-06 0.013617765 8.4461055e-05 3.8434635e-05 0.058772184 0.001761801 5.586244e-06 0.0282915 1.9082292e-05 0.0002186101 0.0005697939 2.3107098e-06 8.125802e-05 6.744305e-05 3.3645087e-05 0.0048290887 0.017074559 0.0011720756 7.945494e-06 0.011705207 0.000118968186 0.00070500566 4.5868685e-05 7.417971e-05 0.000100472986 0.00023912918 1.634265e-05 7.754271e-07 4.0655095e-06 1.3370378e-06 1.5472673e-05 0.00084185664 0.0006055004
0.0012600387 0.0020953314 0.00030927054 0.01064572 0.034025937 0.24821813 0.14073507 0.023533428 1.3540676e-07 1.3693329e-05 0.0011784998 0.023110306 4.3739036e-07 0.6450215 7.4929955e-07 0.9400044 3.959242e-08 0.0054852124 0.33990502 8.522819e-07 1.829113e-17 0.13842577 0.0059227697 0.0007936078 3.5674066e-08 1.6326858e-08 0.039143246 1.0938827e-05 1.267914e-08 0.0061874916 0.06995899 0.48335555 0.0017377668 0.678157 1.2377265e-05 2.564022e-09 0.03105872 3.996632e-08 3.940197e-08 5.990176e-08 0.16154167 0.00012261372 0.0026116464 1.2580688e-08 1.4013139e-05 4.531145e-08 0.0005742494 1.5540316e-05 9.453313e-06 6.091576e-09 6.6200264e-06 1.2218354e-10 3.9013535e-09 3.3759427e-08 1.1058559e-05 0.0005582748 0.0011535203 1.2319964e-10 1.8635973e-08 2.8587044e-07 1.6728856e-06 4.209892e-11 3.430012e-06 0.00079865137 1.1291628e-05 2.6084676e-06 1.9804651e-09 1.5808417e-09 4.3339457e-11 9.764083e-07 2.1351492e-09 5.4452143e-10 1.1219356e-05 2.6358231e-09 1.4101686e-05 3.340109e-05 4.8785708e-11 2.4086528e-09 3.0054917e-11 8.696014e-11 5.857114e-10 2.9815808e-10 1.136637e-09 3.686269e-08 3.3866694e-05 3.3206024e-10 1.7020416e-10 1.0395563e-05 8.6232455e-10 4.4698023e-09 1.9209226e-07 4.994411e-09 2.0359248e-09 1.210858e-07 3.453179e-09 5.265915e-11 1.4069519e-10 1.41727105e-05 7.399197e-11 2.3419634e-05 1.17482e-09
0.3409815 0.0016778139 0.002593372 0.011792614 0.050970092 0.40575197 0.40278676 0.26244769 0.0003556791 0.004564583 0.15460166 0.2616698 0.00048554174 0.8969332 2.47313e-05 0.261833 1.652944e-05 0.5485761 0.006594042 0.0007082434 0.13842577 1.6322442e-15 0.005080293 0.081799924 1.3261631e-05 1.0988747e-06 0.99287486 0.0017795111 2.6319929e-05 0.6998929 0.00586411 0.020432645 0.44239464 0.66430134 0.0027745261 9.1769596e-07 0.0023107794 2.604616e-05 4.7155947e-05 1.7393573e-05 0.025655745 0.013013303 0.1896023 5.889108e-06 0.0003464941 3.001024e-05 0.101301484 0.030175872 0.091206156 5.289961e-07 4.607307e-05 1.02988956e-07 2.0238056e-06 1.4332835e-06 0.0121150855 0.13708135 0.009584014 2.2669328e-08 0.001346629 6.837575e-07 1.5865677e-05 9.2198164e-08 0.031103797 0.13176697 0.031465683 0.012789182 2.5925406e-08 6.701198e-08 5.0689512e-05 0.009649658 1.4759487e-08 5.9824887e-09 0.00036249057 1.8928908e-08 0.0012152694 0.0395762 1.1781117e-09 2.6279583e-08 6.9351735e-10 7.912078e-10 1.935588e-09 7.6864565e-10 4.3031463e-08 4.3512966e-08 3.970448e-05 2.062239e-09 4.3464818e-10 0.0028098389 3.0540295e-09 4.970302e-09 0.0009951139 4.414249e-09 4.728009e-09 5.7191706e-08 7.1945174e-09 5.144708e-10 1.3752783e-09 0.00051362504 1.6177601e-08 0.0034084795 2.8621008e-07
0.20492199 0.8734098 0.08943395 0.6189818 0.10650362 0.17635612 0.20001338 0.15495141 0.16228022 0.14744678 0.122992456 0.76827246 0.10443576 0.0067828875 0.12624907 0.011539153 0.050705 0.050984673 0.9671702 0.045214266 0.0059227697 0.005080293 1.3377739e-17 0.25148362 0.3180328 0.1109254 0.0038159585 0.21588193 0.77071387 0.01633447 0.0069506355 0.00010355958 0.0051184297 3.188301e-05 0.49216107 0.020344466 0.0001399884 0.008805221 0.00391558 0.6612915 7.519744e-06 0.15368049 0.048372556 0.004140983 0.89264876 0.02091029 4.4351477e-06 1.9300571e-06 5.2550848e-05 0.0012395452 0.5390058 0.013139048 0.031003194 0.0019005695 4.1930048e-07 0.014868698 2.1927094e-06 0.0024568967 1.4901217e-06 0.00046510523 0.2010166 0.0030745962 0.0017225291 0.0057786317 0.015092572 0.0003404636 0.0010279905 0.0037014612 4.2699853e-06 0.005479856 0.00035692888 4.218663e-05 0.0039886823 7.205381e-05 5.8166443e-05 0.02446583 2.3118639e-05 0.0008379414 1.1230756e-05 5.283064e-05 1.815444e-05 2.7046397e-05 0.00010635151 0.00093537266 0.012843566 0.00016559556 2.0779478e-05 0.012942503 0.00013224443 0.00070129934 0.0017025127 0.0002311067 0.00028158948 0.0011074565 4.6846795e-05 1.2064452e-06 7.908203e-06 0.00018327641 0.00046633885 0.01013527 0.041485187
0.9570246 0.21926774 0.6799677 0.5278647 0.06633147 0.08404129 0.12351776 0.3190027 0.25976244 0.81752706 0.778778 0.89151144 0.4440321 0.13301797 0.02133914 0.010464205 0.078502595 0.6070816 0.015693696 0.51101047 0.0007936078 0.081799924 0.25148362 7.976019e-14 0.009807517 0.0037866828 0.04444661 0.66567874 0.009240289 0.22656499 2.395913e-05 0.00014351397 0.29881728 0.0037740176 0.622508 0.0005474948 8.916344e-06 0.005775654 0.010123165 0.0068119485 5.2348118e-05 0.71251136 0.855693 0.00094560604 0.09220551 0.0059211627 0.010041154 0.0029195587 0.04314055 0.00018537616 0.01842694 9.8170516e-05 0.00068065454 0.00010698966 0.00010211566 0.3508586 1.6859733e-05 2.6683058e-05 0.00033198216 0.00089490827 0.0067895437 1.5599591e-05 0.060106765 0.13791269 0.4267124 0.000952784 3.8504136e-06 1.3566919e-05 6.1093975e-05 0.11132149 1.2959101e-06 5.2178507e-07 0.054698113 5.51877e-05 9.45193e-05 0.1642537 1.14970746e-07 1.4801882e-05 2.3909358e-06 2.9232638e-07 4.817692e-06 1.2346936e-06 7.4959684e-07 0.00016953029 0.013952545 1.2355754e-05 1.9185497e-07 0.08246444 7.385958e-07 1.851146e-05 0.0014450776 1.1463086e-06 3.1363658e-07 7.120973e-07 5.452654e-07 2.6337602e-07 2.1694474e-07 8.207211e-05 5.4674103e-07 0.0115410015 0.0034452586
0.9752985 0.61053973 0.010330248 0.025544971 0.0009905798 0.0009849556 0.00066032325 0.0023085724 0.17099953 0.024363039 0.003608013 0.07276587 0.038706698 3.886038e-06 0.5441033 4.308982e-06 0.18189527 0.00077484647 0.014340329 0.020900976 3.5674066e-08 1.3261631e-05 0.3180328 0.009807517 5.648074e-17 0.90165275 1.0152149e-06 0.09476549 0.89839435 0.000352011 1.3420065e-07 3.3326066e-07 0.00014659861 1.1371315e-07 0.013668998 0.41563198 3.5194017e-08 0.14806658 0.067113146 0.80466825 2.4995263e-08 0.034225877 0.0021287533 0.17076442 0.5986395 0.4730344 4.4524276e-07 4.6769927e-07 3.9137276e-06 0.07639401 0.39460844 0.44610387 0.74339014 0.06688253 1.1255821e-06 0.0016550445 6.472019e-09 0.16217025 9.536661e-07 0.043056946 0.40579677 0.0908109 7.011128e-05 0.00079325214 0.003994413 6.2158256e-06 0.014654056 0.054335866 1.1632794e-06 0.002277584 0.0046514785 0.0036362626 0.03664499 0.010166843 1.5023577e-06 0.01084788 0.0017457806 0.023298755 0.0027779138 0.0011178447 0.0011944248 0.00096426473 0.0033794895 0.019671155 0.08140188 0.003176478 0.0011098074 0.008989582 0.0063301865 0.027582334 0.00062441133 0.0014102218 0.001467452 0.0049997517 0.004525104 0.0007931837 0.0006332469 3.0800252e-06 0.004711965 0.0011919799 0.13666692
0.98398954 0.6125132 0.025751285 0.017442204 0.0018590128 0.0007515898 0.00016652564 0.001783422 0.11865508 0.020788549 0.001993762 0.0154623855 0.029158039 3.7222628e-06 0.7080325 1.3235546e-06 0.13541868 0.00040848367 0.0042778114 0.025101684 1.6326858e-08 1.0988747e-06 0.1109254 0.0037866828 0.90165275 9.181689e-18 7.486157e-08 0.08084488 0.6895379 0.00012712608 1.4191794e-07 4.3594278e-07 1.9544936e-05 3.348719e-08 0.0060954504 0.94565415 3.4241715e-08 0.1726333 0.113612115 0.6632698 5.614628e-09 0.02442817 0.0011786463 0.37876007 0.27744272 0.42009065 5.9025433e-07 7.187965e-08 6.470196e-06 0.22181529 0.2074117 0.6479752 0.72299236 0.22686695 1.7625183e-08 0.00044517888 2.1935875e-10 0.5469879 7.670281e-08 0.05813981 0.3486056 0.4964665 5.2704934e-05 0.00024353717 0.0027814978 4.7127282e-06 0.11891783 0.14629747 5.4802076e-08 0.0044171703 0.025972413 0.0177787 0.06876571 0.0278195 8.665909e-08 0.009799963 0.011453259 0.06526196 0.008505099 0.008967045 0.0045551397 0.0051451293 0.024998592 0.030106207 0.12370628 0.0062173447 0.0039835293 0.015707007 0.034921285 0.051002476 5.3027805e-05 0.008217025 0.012192727 0.034242135 0.010769694 0.004327659 0.0019268354 3.7477935e-07 0.018149506 0.00069401995 0.079344355
0.08824096 0.0002389133 0.00013206986 0.0037256586 0.010431827 0.0855959 0.07096544 0.08065913 3.2604214e-05 0.0020904772 0.06122511 0.088019826 0.00035042237 0.62299883 1.706458e-06 0.12846662 1.155188e-06 0.30860564 0.0022940664 0.0004987591 0.039143246 0.99287486 0.0038159585 0.04444661 1.0152149e-06 7.486157e-08 5.6349926e-16 0.0007567196 4.3818318e-07 0.7148833 0.0005413945 0.0080519095 0.47385472 0.8897 0.0012329335 3.680171e-08 0.00035557634 2.661303e-06 1.4941313e-05 1.369818e-06 0.014017984 0.009377325 0.15183507 5.8270206e-07 1.1500946e-05 4.2058159e-07 0.4993708 0.2422985 0.5299138 2.4385216e-07 9.268906e-06 1.6335893e-08 6.279831e-08 4.174384e-07 0.16059315 0.15836509 0.051869456 1.6279026e-09 0.04272274 8.097002e-07 6.7224136e-07 3.5386574e-09 0.076692894 0.1709326 0.034410097 0.11418384 2.5462544e-08 1.5804234e-08 0.00089606206 0.016189065 1.6867217e-08 8.289545e-09 9.172927e-05 2.3890883e-07 0.0063286647 0.03422426 1.2381313e-09 2.0513303e-08 4.7781876e-09 3.2884726e-09 9.100656e-09 2.4460565e-09 8.394195e-08 3.1450565e-08 3.5484754e-05 1.4587228e-08 3.0496872e-09 0.0017199281 1.4544408e-09 1.3030296e-08 0.007079443 2.4732865e-08 6.387644e-09 7.285745e-08 3.0794742e-09 3.580423e-10 5.4867494e-10 0.0021224963 7.574051e-09 0.007960615 2.2786495e-09
0.95910245 0.49120626 0.55248266 0.38888845 0.015229119 0.007114393 0.0074650617 0.05376695 0.6623366 0.75545424 0.1365092 0.2754454 0.7897082 0.012130856 0.2071533 0.00022742045 0.43807763 0.037159476 0.00074587925 0.8947791 1.0938827e-05 0.0017795111 0.21588193 0.66567874 0.09476549 0.08084488 0.0007567196 2.5759134e-13 0.033289276 0.006269829 3.0384845e-07 7.4270347e-06 0.011344817 3.175677e-05 0.9477207 0.085239895 1.3546916e-07 0.105761 0.15284568 0.04103648 9.538735e-07 0.7435633 0.27077362 0.08337278 0.040293563 0.11656091 8.926627e-05 2.9252804e-05 0.00064369704 0.023207307 0.02934333 0.005309519 0.0033007616 0.018901875 1.0833322e-06 0.05371444 6.425513e-09 0.0016349034 3.454767e-05 0.113814116 0.033525433 0.0013117869 0.0038027419 0.007409311 0.09470306 0.00028342908 0.00076166 0.00031680102 1.9990641e-06 0.02843935 0.00014245282 5.4958127e-05 0.16887718 0.004753042 4.5908487e-06 0.05305075 2.2451544e-05 0.00029343038 0.0010978855 2.5953228e-05 0.00036311196 0.00014575591 0.00014892383 0.00672378 0.058289472 0.0019555797 4.676377e-05 0.038483467 8.199435e-05 0.0016471997 6.394984e-05 0.00020788585 0.000113982365 7.613964e-05 3.3667107e-05 8.632951e-05 4.4845638e-05 1.2262809e-06 3.2389693e-05 0.0011886975 0.0032469935
0.7521682 0.6239436 0.03696371 0.039913896 0.0018453666 0.0028525705 0.0017721195 0.006387697 0.09916761 0.023474561 0.0053619253 0.04753417 0.02343793 1.7603992e-05 0.4119369 2.273053e-06 0.08905914 0.0018899482 0.13148148 0.014897937 1.267914e-08 2.6319929e-05 0.77071387 0.009240289 0.89839435 0.6895379 4.3818318e-07 0.033289276 1.4103415e-19 0.0010355696 2.3519658e-07 1.1289161e-07 0.00044694726 1.023064e-08 0.021088108 0.28276235 2.9292886e-09 0.046562582 0.025413763 0.8851562 6.8899375e-10 0.05711039 0.0048825797 0.08053901 0.8763989 0.14144394 8.065088e-09 1.6645958e-08 5.5928376e-06 0.02791378 0.6238047 0.4416196 0.78297025 0.036948655 5.333586e-09 0.0027254964 1.3094206e-11 0.06506952 1.4819e-07 0.010588498 0.45084903 0.104717575 6.447052e-05 0.00088337885 0.0041975523 2.431779e-06 0.008209459 0.039202124 5.338464e-08 0.0026767154 0.0015595418 0.0027269928 0.004862262 0.0021706624 1.4185463e-07 0.005985183 0.0014439637 0.006102098 0.0005293017 0.00072145497 0.0001454123 0.00031811133 0.0012979342 0.0022203082 0.02472913 0.00092201954 0.00013255997 0.0047405567 0.002082485 0.0041468833 0.00050112756 0.0010643842 0.0010786467 0.0021210366 0.0014398823 0.00013125259 0.00011189923 7.659824e-07 0.0018383439 0.0009850392 0.21942037
0.45758656 0.039682303 0.016356442 0.029064858 0.015832651 0.22263175 0.18744957 0.23361339 0.0068489187 0.035731036 0.4647707 0.22901691 0.007076412 0.38585058 0.00038890025 0.06123292 0.00091316295 0.7278011 0.0035228543 0.0055472907 0.0061874916 0.6998929 0.01633447 0.22656499 0.000352011 0.00012712608 0.7148833 0.006269829 0.0010355696 3.5383125e-13 2.7035385e-05 0.00074048643 0.99370545 0.23312709 0.006427714 2.3911558e-05 5.136654e-06 0.00060380076 0.001030898 0.0006620586 0.0009813228 0.01534527 0.1449815 0.00013063582 0.004019063 0.00023141855 0.220282 0.11380348 0.70520586 6.948962e-05 0.00022580932 4.6801e-06 4.2012707e-05 0.00014565141 0.032810163 0.23117048 0.003631586 2.8294482e-06 0.059490778 0.00028988792 0.00015306688 1.859955e-07 0.14552343 0.31823558 0.08029246 0.041677065 9.2161383e-07 2.1033234e-06 0.00102242 0.025371445 2.9874159e-06 1.3198551e-06 0.0044516195 7.454835e-05 0.0037079176 0.07918428 2.1386198e-07 6.77363e-06 5.787199e-06 9.3487097e-07 8.22639e-06 8.7893545e-07 4.187498e-07 3.28515e-05 0.0017123946 1.0833214e-05 7.117537e-07 0.007616836 1.4960631e-07 4.00061e-06 0.005340606 5.08676e-06 6.619556e-07 5.718516e-06 2.824753e-07 4.2951427e-08 3.311832e-07 0.0008770922 7.3403356e-07 0.012492235 6.207293e-05
1.435581e-07 0.00054039276 5.805865e-05 0.0010190286 0.0025193817 0.031150261 0.018581638 0.00033114798 5.3403276e-08 7.4487934e-07 5.0502444e-05 0.0026700736 5.5691423e-08 0.0024813053 8.197551e-07 0.02103927 2.852446e-09 4.0621246e-05 0.7415306 4.6721198e-07 0.06995899 0.00586411 0.0069506355 2.395913e-05 1.3420065e-07 1.4191794e-07 0.0005413945 3.0384845e-07 2.3519658e-07 2.7035385e-05 7.7870157e-19 0.54017174 8.818359e-06 0.03017426 8.2351386e-07 4.635573e-08 0.667553 2.893485e-08 4.0728008e-08 1.3188603e-07 0.13538358 1.8322905e-06 1.3864722e-05 7.125891e-09 2.2286322e-05 2.1057248e-07 2.7387335e-08 8.93914e-11 3.5362466e-10 8.942645e-09 6.8589055e-05 2.6076028e-11 5.5103994e-10 1.17314345e-08 4.529816e-11 2.1198936e-07 9.85283e-06 1.3454741e-09 3.0363302e-14 1.8719872e-08 5.8214166e-05 6.075129e-11 2.1883793e-11 5.180628e-07 8.7533925e-11 2.5063525e-12 2.5992781e-09 6.4124004e-09 2.5580937e-15 4.391124e-12 2.5338734e-10 1.2545528e-09 3.945697e-07 7.586065e-09 2.6800112e-07 6.7813364e-09 1.1608157e-10 1.0292804e-08 1.0191781e-09 7.100825e-11 1.7536086e-08 9.876408e-09 1.2885429e-10 1.0641592e-08 6.87798e-07 1.3462365e-09 6.277321e-10 1.2996706e-09 2.1339808e-09 2.6232494e-09 4.3005204e-12 6.847647e-10 1.4930804e-10 1.5384837e-08 8.002336e-10 2.6284539e-12 4.072515e-11 9.30681e-09 2.3238562e-10 1.02981e-09 1.1228383e-08
