6.2068927e-23 0.05538705 0.010244887 0.79395306 0.81836855 0.19194435 0.9579547 0.84321904 0.8574874 0.00021745112 0.9829443 0.87878615 0.95500463 0.8827989 0.82401013 0.018288324 0.97351533 3.85043e-07 0.9699704 0.11905383 0.9914486 0.21512139 8.273371e-09 0.0010292515 1.6322704e-06 0.0018742757 0.9774284 0.0155295 0.09139475 0.3511939 0.005931851 5.514634e-07 0.9932331 0.91180253 0.98098534 0.11158307 0.857234 0.973619 0.9086421 0.9332135 0.2212931 0.8788953 0.3256183 0.9962897 0.9523469 0.00012258274 0.96986085 0.16457447 0.9369782 0.9788719 0.8613616 0.95228195 0.953586 0.9229446 0.037134677 0.9907985 0.9884946 0.9006497 0.97681695 0.9770542 0.46885017 0.99030477 0.8374628 6.1300198e-06 8.647545e-05 0.00013642605 0.99162674 0.0312086 0.98140156 4.7993424e-05 0.9911641 0.98093504 0.9966432 0.02764865 0.8305 0.9444189 0.9882816 0.97256553 0.9792194 0.98812324 0.99070734 0.98359054 0.96084553 0.9813949 0.077264816 0.9703721 0.9915266 0.98530763 0.9478156 0.97489196 0.9718142 0.99324346 0.9797848 0.9993973 0.28821227 0.9873395 0.98770845 0.9945467 0.99985033 0.9991188 0.99948466
0.05538705 1.2778039e-17 0.9841766 0.8793174 0.6896086 0.8618949 0.56341463 0.47605446 0.11498398 0.052311074 0.27531648 0.04869051 0.124811135 0.03283519 0.11292933 0.045858767 0.06624827 0.00043464324 0.0806613 0.038882516 0.0067594526 0.0043899114 8.3402017e-07 0.0014477812 1.7889608e-05 0.00017561542 0.03674182 0.000316299 0.0043189265 0.011749429 0.00035469167 7.176413e-09 0.007874904 0.061394893 0.046425 0.008909385 0.004994705 0.0105919475 0.017108668 1.5702235e-05 0.00013328165 0.022171004 0.005664186 0.0057442854 0.029068235 1.4478908e-07 0.012323222 0.0025700438 0.019080756 0.0038182936 5.8268317e-05 0.0007659474 0.001260002 0.0001435048 4.174354e-06 0.037962966 0.00010902641 0.0067203213 0.017586727 3.067153e-05 4.3030548e-05 0.028127287 3.7979902e-05 3.938435e-10 1.0484741e-09 1.8795128e-10 0.012807661 0.0003122654 1.6733333e-05 3.169007e-10 0.0026919008 0.0013791085 0.0005690153 7.041986e-07 1.0112729e-05 1.1140499e-05 0.0001237064 3.8317353e-06 0.0004164503 4.2366693e-05 9.2737155e-06 0.0012946719 0.00011577887 4.899114e-05 2.0437196e-07 4.917808e-06 3.3570217e-05 3.0107993e-05 0.000244561 2.0793402e-06 1.6832566e-05 8.225359e-05 0.00019105045 7.4187854e-05 0.00019587076 0.00035445025 4.462562e-05 0.00036885586 0.0039539244 0.0016709858 0.0029587734
0.010244887 0.9841766 3.0466782e-15 0.9077107 0.5799928 0.62880206 0.49818635 0.77632093 0.16015969 0.030994555 0.3351832 0.11694276 0.049762376 0.24076375 0.07175205 0.8220457 0.06585245 0.0006248456 0.04696063 0.008623296 0.035622407 0.0014162267 1.023912e-05 0.00088623137 2.6837763e-05 0.00016616142 0.048342567 0.00012154947 0.037417002 0.0029886644 9.5076655e-05 4.171769e-07 0.0071845395 0.018685345 0.013528108 0.0015307778 0.0014394348 0.0075139888 0.0056574587 0.00025299695 7.3810435e-05 0.006430936 0.0018639019 0.002268987 0.0050424477 1.3639775e-05 0.0071576624 0.0012808515 0.007324355 0.001204966 0.0012162983 0.0027357738 0.006453582 0.00029006574 4.3077334e-06 0.015942158 0.0007449064 0.002878912 0.0019657852 0.00026170968 4.6614117e-05 0.002032535 1.1803183e-05 2.9451055e-08 3.432898e-10 4.3684042e-11 0.0008308154 0.008630858 9.314439e-05 1.4801366e-10 0.00074571534 0.00026925583 0.0011623846 2.2582544e-08 2.7909493e-05 0.000113886534 0.00025877886 3.044376e-05 0.00013152524 0.00021664321 1.8011735e-05 0.00041479012 0.0007382575 7.374802e-05 1.5386942e-07 3.0103341e-05 0.00021777736 6.947365e-05 0.00023277628 2.1026224e-05 0.00048928836 0.00019266219 0.0004080908 1.1445811e-05 0.0012209668 5.5837118e-05 0.00015462887 3.681816e-05 0.0006887364 0.0017748876 0.0033916861
0.79395306 0.8793174 0.9077107 2.6345888e-15 0.92222726 0.7016857 0.8479893 0.7963209 0.26896682 0.02334563 0.69975936 0.15627131 0.19428894 0.175798 0.15405907 0.17030276 0.20794608 4.9891437e-06 0.22198088 0.015839864 0.076662175 0.004892333 8.516758e-09 0.0009023659 2.4638615e-07 5.7065313e-06 0.28687724 4.4590608e-05 0.046159703 0.0013904851 3.811441e-05 5.6421723e-10 0.055946045 0.067951046 0.060231954 0.008219949 0.00026418347 0.03262925 0.024036005 0.0016353236 3.8025384e-05 0.045806315 0.011480303 0.03821096 0.00105856 1.3120382e-07 0.036407292 0.008172292 0.048345517 0.012426289 0.0016650199 0.016107459 0.0059776735 0.0043771104 6.095389e-07 0.31025803 0.00950032 0.0074272305 0.038899053 0.0013056315 3.783349e-05 0.0017007019 5.7055055e-05 1.2384732e-10 6.03765e-09 3.919685e-10 0.017750908 0.0047725574 0.00058639195 6.309467e-10 0.006752536 0.00097639725 0.030022286 6.638952e-07 0.00024515833 0.00036441063 0.0064593735 0.00028158815 0.0047684354 0.0006474153 0.00025087543 0.0029953883 0.0011325352 0.00069708953 6.157913e-07 0.0001857099 0.0003461389 0.00041963317 0.0014515243 5.5091943e-05 0.0010672343 0.0011489682 0.002455114 1.8479184e-05 0.0022374885 0.0017516 0.0023426772 0.003953157 0.0075559225 0.020020625 0.02375438
0.81836855 0.6896086 0.5799928 0.92222726 2.383411e-18 0.83198166 0.94437605 0.8136303 0.48957103 0.030163068 0.7272645 0.19002685 0.45411673 0.09038622 0.12797622 0.08387824 0.32744175 3.2266846e-06 0.52972955 0.0066276323 0.03172756 0.006297523 3.2055196e-09 0.0017406917 7.15061e-07 9.886276e-07 0.15774503 1.4281131e-05 0.0115642315 0.0022976978 6.333501e-05 5.483953e-11 0.08228112 0.092899814 0.0717173 0.0060015474 0.0012875666 0.06827827 0.008507054 0.00037189334 0.00019698894 0.025377646 0.0067790975 0.0487045 0.0037162232 7.1520255e-08 0.056543514 0.004781943 0.018743873 0.02531469 0.00060550444 0.0031405955 0.0014314059 0.0018320442 2.2830346e-07 0.12559743 0.0029464865 0.00495858 0.021291949 0.0005477876 0.000117182295 0.005196485 0.00020703471 7.390787e-12 1.6958759e-09 5.4048464e-11 0.015648212 0.0014095354 0.000181478 3.7738837e-10 0.0105853835 0.0023617719 0.009448484 2.9362982e-07 4.695781e-05 3.5739093e-05 0.0025049075 8.294908e-05 0.0037029742 0.00011508303 0.00025642218 0.002341049 0.00071623764 0.00025652492 3.0164767e-08 7.492568e-05 0.00028127816 0.00047085196 0.0005211237 6.753019e-05 0.00020062033 0.0007143821 0.00069436093 0.00031657357 0.0009156059 0.0008720706 0.00031774442 0.0023543271 0.003256509 0.0074288603 0.012515942
0.19194435 0.8618949 0.62880206 0.7016857 0.83198166 3.063492e-17 0.46544766 0.11421244 0.028795594 0.976322 0.15804774 0.0037088974 0.78220457 0.0029659169 0.8281398 0.0063998797 0.032248184 0.030166905 0.28118357 0.51930124 0.0010417257 0.11037219 0.00020965004 0.28965667 0.000522617 0.06565878 0.0027592971 0.025687555 0.00044699843 0.09645733 0.019127538 1.45513895e-05 0.0014794277 0.17765059 0.039536357 0.201412 0.072664335 0.0063693174 0.13049887 3.4283312e-06 0.005174666 0.14942354 0.06061899 0.0021402615 0.28436303 0.0004954708 0.0089879185 0.011746084 0.041550014 0.004091847 1.8646482e-06 4.071211e-05 0.00035670158 1.0248332e-05 0.0046880185 0.01240131 5.4898515e-05 0.10862573 0.2086335 5.1772627e-06 0.0053280913 0.09431539 0.0019332131 1.6353321e-06 1.1341384e-06 2.0753454e-07 0.08369955 8.568274e-06 2.4214196e-05 1.3662884e-07 0.0007732343 0.022749845 0.0011659317 0.00022460743 1.1893778e-06 3.2442247e-07 0.0001457594 5.1734673e-06 0.00035772493 2.827575e-05 4.9139826e-06 0.017774649 6.487642e-05 4.1070216e-05 0.00013381809 1.8914635e-06 4.785846e-05 4.280621e-05 9.742498e-06 7.5679424e-07 7.7700606e-05 6.72183e-05 0.00015071593 0.00041410796 0.0002795042 0.006033098 3.5635796e-05 7.334872e-05 0.022362245 0.0008470329 0.0050749495
0.9579547 0.56341463 0.49818635 0.8479893 0.94437605 0.46544766 2.2192149e-15 0.58940685 0.3796652 0.0040449607 0.93636334 0.1190842 0.39172772 0.06311221 0.102036916 0.09130753 0.47537717 2.170593e-06 0.5565927 0.0019699158 0.028925791 0.0024732917 3.6934527e-09 0.00039453 2.6057699e-06 6.905808e-07 0.2503441 7.387638e-06 0.04115699 0.0007671584 2.225128e-05 1.1945823e-09 0.09828147 0.0812509 0.09969322 0.0029523133 0.0002710368 0.12207811 0.01174212 0.00057239673 5.0314382e-05 0.021344118 0.0040745228 0.10728993 0.002165388 5.4225194e-07 0.10513808 0.002964281 0.021989554 0.040114887 0.0016199304 0.005525785 0.0026802917 0.0024919019 2.9105982e-07 0.27945602 0.004555333 0.0017602079 0.03413652 0.0009846123 9.5719144e-05 0.0029185968 0.0001580579 3.2740702e-10 2.561584e-08 2.3254492e-09 0.008391326 0.008075873 0.00036238687 2.435894e-08 0.03994577 0.0013180784 0.027639441 2.369101e-06 0.00083758595 0.00039929352 0.0056807287 0.0006646105 0.012413675 0.0011539388 0.00023238391 0.0034195508 0.0006299944 0.0008450126 8.4949045e-07 0.00020425946 0.0005113753 0.0004822291 0.0028884632 0.00057042704 0.0010168186 0.0014185092 0.0010287863 0.000118321885 0.0017377958 0.0032486443 0.0017778198 0.00564812 0.0056169536 0.028702818 0.05307033
0.84321904 0.47605446 0.77632093 0.7963209 0.8136303 0.11421244 0.58940685 7.1340086e-17 0.9600848 0.00014867747 0.68148166 0.87807 0.044690754 0.7090969 0.0061869067 0.418465 0.34235346 7.236934e-09 0.10068335 3.4778903e-05 0.2778731 1.1717072e-05 2.8221004e-11 4.1522648e-07 2.9292123e-08 1.732914e-08 0.48509455 3.66114e-07 0.09983722 0.00015253558 2.8700163e-07 7.2789136e-11 0.10979888 0.008162291 0.007892124 7.61214e-05 3.5466313e-05 0.029224979 0.00015701659 0.005653225 5.4201187e-06 0.0013611558 0.00012734474 0.03861282 0.00022346755 3.2496585e-09 0.01479434 0.00010177867 0.0017196182 0.0077256947 0.0036000286 0.042633004 0.013615806 0.01371368 2.5313257e-08 0.07811956 0.033513974 0.00041260698 0.0011786121 0.0043167397 2.2143308e-06 0.00020221638 2.767589e-06 2.1478744e-11 1.2545874e-11 4.2791977e-12 0.0007257432 0.008048455 0.0019767396 3.2462418e-11 0.006179707 5.5830886e-05 0.06663579 6.782242e-09 0.0010524981 0.0012541421 0.017548285 0.00037449299 0.00848504 0.0010644518 0.0012953394 0.00020617309 0.001920422 0.0012037066 1.28037865e-08 0.0010215696 0.0015066098 0.002210527 0.001466442 0.0002940377 0.002225899 0.0061493656 0.0047095097 1.344548e-05 0.0020584096 1.045372e-05 0.001806447 0.0023112556 0.0008571839 0.016510349 0.010639402
0.8574874 0.11498398 0.16015969 0.26896682 0.48957103 0.028795594 0.3796652 0.9600848 3.7244436e-17 4.165691e-05 0.640335 0.9350856 0.031327542 0.6160723 0.004438065 0.11796107 0.48509985 3.1054506e-09 0.15543972 5.3674474e-05 0.39974347 2.2218563e-05 2.1410113e-11 1.1979382e-06 2.8282043e-08 3.2872687e-09 0.7321965 3.4296502e-07 0.092109665 7.026752e-05 4.227682e-08 4.6267146e-11 0.29159418 0.010981877 0.011452641 4.6287238e-05 2.8727412e-05 0.075165406 0.00023191918 0.016640175 4.234619e-06 0.0023775583 4.220872e-05 0.11818329 0.00021279037 3.1970937e-09 0.02640934 5.0566152e-05 0.0026235653 0.015221692 0.01212857 0.06608618 0.015398058 0.03407767 1.5243987e-08 0.08996453 0.07737471 0.000216497 0.0015003617 0.019093804 1.5762752e-06 0.00057021464 4.7031876e-06 2.0499102e-12 4.7707425e-11 5.485313e-11 0.0009670556 0.013092961 0.0073620696 1.7097856e-10 0.030810656 7.263936e-05 0.112184934 6.0085874e-08 0.003724584 0.0053324373 0.034495145 0.0018395252 0.021171942 0.0057400307 0.008588597 0.00028892857 0.0033001257 0.0069834488 2.8697357e-08 0.005727462 0.00701461 0.010534988 0.0075777834 0.002899822 0.005593763 0.015683655 0.00823004 2.2937327e-05 0.0024443665 0.00027435177 0.006859482 0.00959663 0.0010688263 0.031375483 0.024175543
0.00021745112 0.052311074 0.030994555 0.02334563 0.030163068 0.976322 0.0040449607 0.00014867747 4.165691e-05 2.4937372e-18 0.001323075 8.831573e-06 0.12553848 1.5810545e-05 0.42985165 0.00011045031 0.00014566281 0.88567203 0.0058868905 0.30950525 2.2409039e-07 0.04151109 0.12702435 0.28273177 0.2893847 0.5126378 1.5835994e-06 0.18464555 3.4439964e-07 0.41419092 0.07733619 0.021224013 4.2653923e-07 0.0016925867 0.00020278146 0.022140497 0.4478972 4.1498458e-07 0.007537739 2.6755342e-09 0.010931846 0.005846922 0.004132735 6.4088607e-07 0.21540746 0.006723895 1.0927154e-06 0.00074119854 0.0024360954 5.141293e-07 3.6046952e-09 9.375195e-08 2.3121173e-07 6.895256e-08 0.0011961557 0.00016538927 8.976345e-07 0.006154863 0.0017812015 7.556898e-08 0.00040202265 0.037377026 0.0006758657 1.9239204e-05 2.1611628e-07 5.5560392e-08 0.0038573658 4.1381202e-07 6.0593273e-09 3.105729e-09 2.8464208e-06 0.0025277159 9.1994895e-07 2.9619198e-07 2.1295934e-09 5.0721205e-10 2.9616797e-07 4.745717e-09 9.969545e-09 2.7137327e-08 6.752177e-10 0.0011749697 1.8278607e-06 2.779147e-08 1.6623281e-07 1.6258019e-09 2.5970954e-07 4.7542724e-08 9.537516e-09 3.4639247e-09 5.943832e-08 4.887834e-07 1.0622734e-06 5.4122593e-05 2.614103e-06 7.15986e-06 1.6379971e-07 8.741839e-09 0.00069934916 6.2762024e-06 0.0012972773
0.9829443 0.27531648 0.3351832 0.69975936 0.7272645 0.15804774 0.93636334 0.68148166 0.640335 0.001323075 1.8902313e-16 0.32990518 0.42224535 0.124541886 0.11663346 0.08165723 0.9400396 2.2172323e-06 0.75613177 0.003496006 0.107406445 0.008764827 3.748133e-09 0.0008815548 1.6133907e-06 1.9439773e-07 0.47699505 2.1185326e-06 0.08082485 0.00069129776 3.502094e-05 3.60547e-10 0.23931555 0.09715185 0.11811228 0.0017205819 9.361477e-05 0.3108308 0.013613494 0.0050121597 2.5935882e-05 0.023682954 0.003738493 0.19197561 0.00096878916 1.7816292e-07 0.1737853 0.001979554 0.042261746 0.078391194 0.0070495256 0.014825187 0.009631967 0.010391732 2.3178463e-07 0.24441975 0.020913381 0.0012954291 0.02748463 0.0044807424 5.3311654e-05 0.0004691686 2.6675654e-05 1.8795092e-10 1.0829479e-08 2.879016e-09 0.002633648 0.015573764 0.0015793322 2.919767e-09 0.058177553 0.00024241056 0.06594249 5.954502e-07 0.0034750775 0.0020070868 0.013056129 0.0022882074 0.03072185 0.00483418 0.0013511913 0.0014416616 0.0015976982 0.003228335 4.5803725e-07 0.001596109 0.0018715546 0.0023648888 0.009536444 0.0009637907 0.0031074288 0.004878761 0.005048853 3.3874483e-05 0.001789652 0.003314129 0.0054361946 0.008173254 0.011643405 0.060499407 0.07363304
0.87878615 0.04869051 0.11694276 0.15627131 0.19002685 0.0037088974 0.1190842 0.87807 0.9350856 8.831573e-06 0.32990518 2.7236156e-16 0.01264857 0.9323572 0.0022970142 0.2298816 0.2870039 6.955627e-10 0.07088115 4.966386e-06 0.860441 2.1852318e-06 1.3557848e-11 3.409295e-07 6.858725e-08 7.389371e-10 0.77717334 1.5998546e-07 0.29138133 2.4424182e-05 1.2904577e-08 3.8455635e-11 0.29081511 0.0032249067 0.006926787 9.053652e-07 6.965121e-06 0.054738216 6.0226093e-06 0.07049592 2.2472611e-06 0.00018269703 2.7849842e-06 0.12219931 2.4132401e-05 9.0310365e-10 0.026002066 2.0662264e-06 0.0002006856 0.010352053 0.052936472 0.19453786 0.07007676 0.08498715 9.119945e-09 0.046574596 0.22185571 2.272393e-05 0.0003681737 0.041995034 2.644828e-07 0.00014080408 1.3250663e-06 2.3392052e-12 3.0623563e-11 3.3735365e-11 0.00027790017 0.041023426 0.015743336 1.7264593e-10 0.022273501 1.3384482e-05 0.26526168 2.7039984e-08 0.0073080496 0.010207171 0.06743733 0.0042314017 0.047864806 0.012425454 0.022108257 6.661181e-05 0.012298668 0.010744539 1.0407722e-07 0.01002355 0.007156475 0.013310094 0.01623774 0.003406486 0.010728566 0.022954177 0.029865168 6.1897626e-06 0.010273114 0.00019989804 0.020161908 0.013585616 0.000566131 0.059709966 0.031566385
0.95500463 0.124811135 0.049762376 0.19428894 0.45411673 0.78220457 0.39172772 0.044690754 0.031327542 0.12553848 0.42224535 0.01264857 2.0455957e-18 0.0014438095 0.95916927 0.00020576236 0.28554553 0.00039770966 0.89074415 0.30070528 0.00049304875 0.33527914 5.1556003e-07 0.18907674 0.00019085978 0.00061336363 0.06569798 0.0015371362 0.000420207 0.008729736 0.023844458 3.633787e-08 0.0837039 0.6028699 0.37051326 0.1502151 0.005052593 0.12826876 0.20039666 3.29803e-07 0.0012820383 0.30816823 0.10674191 0.09686407 0.0315574 1.8592353e-05 0.14559925 0.05068953 0.2734047 0.12770352 1.2855188e-06 0.00030198361 2.2047738e-05 9.637277e-05 0.0001154568 0.24206918 0.00012102642 0.13799015 0.3086032 1.4112383e-05 0.003282401 0.033819094 0.0014814431 2.004483e-09 9.83299e-07 5.0404253e-08 0.17291152 2.0758207e-05 1.4999712e-06 2.7661006e-08 0.039516773 0.02343397 0.004510976 3.5970825e-05 4.2145894e-05 1.6885807e-06 0.0015967265 4.6513538e-05 0.009625149 0.0002848069 3.2753243e-05 0.017535195 1.8973524e-05 0.0002445657 1.5368868e-06 5.545394e-06 0.00014906193 0.00015196641 0.00040322967 1.3453087e-05 1.3245211e-05 0.00025065898 0.00016251426 0.00022947381 3.8201855e-05 0.012218161 0.000107971 0.0026299157 0.066499375 0.019267784 0.058884382
0.8827989 0.03283519 0.24076375 0.175798 0.09038622 0.0029659169 0.06311221 0.7090969 0.6160723 1.5810545e-05 0.124541886 0.9323572 0.0014438095 4.1797786e-14 0.0008336274 0.6703742 0.06284528 5.503606e-09 0.0070626815 1.4485711e-06 0.95473397 2.3459925e-06 3.631746e-10 1.9094524e-07 1.0963264e-07 1.2489642e-08 0.3724899 2.518985e-07 0.8292149 4.182067e-05 3.3085882e-08 3.7144396e-10 0.076805085 0.00092531275 0.000542229 1.6448873e-06 2.0137108e-05 0.009777493 9.19424e-06 0.32319856 1.3026086e-06 0.0001863555 1.2490584e-06 0.028959844 4.9127875e-06 3.977527e-09 0.005020857 4.9594664e-06 0.00011817956 0.0012072348 0.3866768 0.252005 0.5576801 0.12491369 6.25672e-08 0.0113321375 0.15198931 1.2036358e-05 0.00024349512 0.04467645 7.0722854e-07 8.638911e-06 3.84519e-07 2.3341978e-10 4.859839e-11 2.431686e-10 3.3420623e-05 0.1526992 0.032371014 3.3066094e-10 0.0027219718 2.0054554e-06 0.13426752 6.9007906e-09 0.004308264 0.013437778 0.08447474 0.0029985264 0.011785401 0.0044831717 0.026712444 2.1484588e-05 0.027950255 0.0057626227 2.5500649e-08 0.011138642 0.0068377233 0.015966631 0.002615587 0.0021689574 0.017396046 0.033835378 0.04456002 7.939748e-07 0.032676093 3.4311586e-05 0.022142403 0.005084541 0.00032555015 0.019686332 0.006942004
0.82401013 0.11292933 0.07175205 0.15405907 0.12797622 0.8281398 0.102036916 0.0061869067 0.004438065 0.42985165 0.11663346 0.0022970142 0.95916927 0.0008336274 6.032923e-19 0.000114847644 0.08541216 0.002015464 0.48934713 0.88908273 0.0001556956 0.77622384 2.3139857e-05 0.40159956 0.0006737137 0.044169914 0.013838178 0.026298806 0.00044829902 0.11201869 0.21736857 1.1976812e-06 0.044245943 0.4791817 0.18768568 0.63793933 0.0339675 0.057745058 0.59882647 1.1728094e-07 0.028295467 0.50715554 0.4756032 0.088688046 0.41686973 0.0013126524 0.10579832 0.48312157 0.40834343 0.0849228 1.4509948e-06 0.00025246528 1.8533648e-05 4.8005462e-05 0.0068927645 0.17868827 0.00021068608 0.43742445 0.62701887 7.6727214e-05 0.030889543 0.1023707 0.019034827 5.9408006e-10 1.6768356e-06 3.735294e-07 0.25695547 6.938813e-06 1.000452e-06 1.6077077e-08 0.061238963 0.112345286 0.00071807025 0.00018644918 1.9154402e-05 2.1725387e-07 0.0005092995 3.3879427e-05 0.0034069133 0.00022429341 5.914153e-06 0.09098651 3.6040271e-06 0.00065699156 8.461105e-06 4.828529e-06 0.0004490714 0.00018621888 0.00059009285 7.162653e-06 1.4730423e-06 0.00034556698 8.656853e-05 0.00086828147 2.4931496e-05 0.021706268 2.4522134e-05 0.0049791983 0.3462296 0.016934892 0.0635088
0.018288324 0.045858767 0.8220457 0.17030276 0.08387824 0.0063998797 0.09130753 0.418465 0.11796107 0.00011045031 0.08165723 0.2298816 0.00020576236 0.6703742 0.000114847644 2.9878084e-14 0.015942242 1.5355096e-06 0.0017615784 1.4384563e-05 0.19321896 7.108584e-07 2.6065168e-09 4.1138364e-06 7.585103e-07 8.8896236e-08 0.08677421 9.1335755e-07 0.9868322 0.00030630184 3.1680372e-06 1.1211407e-09 0.0065801525 0.00026029808 0.00031286423 2.1730526e-05 0.00022250593 0.00074855937 0.00015166352 0.049015313 2.4297783e-06 0.00046161495 0.00013704704 0.0016799186 7.944399e-05 6.594235e-08 0.0004144673 3.2066207e-05 0.00045870346 0.00011986432 0.090881996 0.040833414 0.4973206 0.020866679 3.3317738e-07 0.005461332 0.008456274 0.00048390095 0.00041682782 0.0037653702 1.6261836e-05 0.0004232221 8.710628e-06 4.169438e-09 4.4083796e-11 1.5694238e-11 0.00036735384 0.52555645 0.0064466773 6.8390055e-10 0.0009402035 8.2481616e-05 0.008728191 4.77217e-08 0.0003055864 0.006289586 0.0021138345 0.00021480625 0.000644122 0.0003876197 0.00038147482 0.0005560853 0.038187545 0.0003776066 1.1370751e-07 0.0006356865 0.00049129775 0.00061184267 0.00028778403 6.540976e-05 0.0036362817 0.00053473556 0.00359309 1.7663137e-05 0.085343555 2.7412176e-05 0.001371534 0.0003024171 0.0006951172 0.017324766 0.011913947
0.97351533 0.06624827 0.06585245 0.20794608 0.32744175 0.032248184 0.47537717 0.34235346 0.48509985 0.00014566281 0.9400396 0.2870039 0.28554553 0.06284528 0.08541216 0.015942242 8.745702e-18 3.7041974e-07 0.8582979 0.0026623388 0.09960687 0.0029457826 2.9721796e-09 5.6267327e-05 2.864755e-07 4.033434e-09 0.8727535 1.0824838e-07 0.057839345 5.8124577e-05 4.0542676e-07 1.3200512e-10 0.81552285 0.11524078 0.13138846 0.00014062882 1.5216472e-05 0.8173258 0.010827293 0.010012023 1.3300902e-06 0.024668071 0.0006861729 0.62182015 0.00022646255 6.07823e-09 0.37383732 0.00017046965 0.030395247 0.16213699 0.010520657 0.020940969 0.009294555 0.014498551 1.311047e-08 0.20601602 0.034042027 0.0007634657 0.02819939 0.0084690135 1.8066148e-05 0.0009621808 1.4925418e-05 5.9498684e-11 2.2636393e-09 3.9143058e-10 0.0041950606 0.0061400835 0.0028091932 2.9530067e-09 0.13435201 0.0004395246 0.1356732 2.0102914e-07 0.008388975 0.0023675493 0.022150075 0.0052419966 0.1138599 0.01934891 0.0033605213 0.00042887032 0.0013774025 0.010436056 3.727218e-08 0.0027567614 0.0033846614 0.0070752143 0.034880884 0.002178245 0.003198169 0.010591285 0.0045623155 1.3840678e-05 0.0015952265 0.0007592377 0.0076982616 0.01731953 0.009168021 0.112793036 0.09856903
3.85043e-07 0.00043464324 0.0006248456 4.9891437e-06 3.2266846e-06 0.030166905 2.170593e-06 7.236934e-09 3.1054506e-09 0.88567203 2.2172323e-06 6.955627e-10 0.00039770966 5.503606e-09 0.002015464 1.5355096e-06 3.7041974e-07 1.9116528e-15 3.4791476e-05 0.0032497381 5.136083e-09 0.0006270956 0.83751696 0.007900573 0.85809386 0.23491576 1.3122979e-08 0.042890873 7.737155e-07 0.045085523 0.003938729 0.12498832 2.8468927e-08 1.0720863e-06 3.083624e-07 0.0013366936 0.03282589 6.601229e-09 2.8967777e-05 4.4746646e-09 0.010294817 6.5939907e-06 5.115684e-05 9.620757e-09 0.004766481 0.052379597 9.988198e-09 1.9997746e-05 2.1317403e-06 4.815893e-09 4.2792045e-09 1.867906e-09 6.309025e-07 1.2364639e-11 0.0036182404 5.790152e-08 3.8173664e-09 3.9738687e-05 9.056761e-07 1.1815902e-10 4.4562465e-05 5.3333424e-05 4.328391e-05 5.1897146e-06 2.8410724e-08 1.7467079e-09 6.61347e-06 9.066085e-07 3.7656096e-09 1.5945256e-10 3.0100097e-07 1.2507684e-05 2.765415e-08 7.2614453e-10 5.525091e-10 2.3371483e-09 1.3897743e-08 1.4765703e-09 3.115348e-08 1.3487379e-08 1.7949758e-11 3.5137207e-06 4.7297905e-07 4.464673e-09 4.364748e-11 1.01775546e-10 5.472682e-10 1.2301092e-09 3.815808e-09 2.4630448e-10 6.0087366e-08 2.4107683e-08 1.1776861e-07 4.9705227e-06 1.0094042e-06 3.1742878e-10 9.582851e-08 2.8113275e-08 3.7177554e-07 1.6964804e-06 2.5151646e-06
0.9699704 0.0806613 0.04696063 0.22198088 0.52972955 0.28118357 0.5565927 0.10068335 0.15543972 0.0058868905 0.75613177 0.07088115 0.89074415 0.0070626815 0.48934713 0.0017615784 0.8582979 3.4791476e-05 2.879268e-17 0.045989294 0.008183237 0.13114944 4.2517478e-08 0.008951871 2.7408463e-05 5.0617896e-06 0.24957788 6.172742e-05 0.0052090534 0.0019743214 0.0014136459 3.4161214e-08 0.30033663 0.782061 0.82095313 0.017663822 0.0012301388 0.8716895 0.15181759 0.00043862074 0.00016754307 0.285582 0.020743128 0.31420276 0.0061467476 1.2080028e-06 0.81465745 0.013566 0.25274563 0.70494723 0.00028714197 0.0030193725 0.0005895076 0.0016664257 9.447546e-06 0.34960687 0.0035971273 0.01798466 0.13867426 0.00053031376 0.0011873821 0.0075770286 0.0009377414 3.0785756e-09 2.0230664e-06 5.8750413e-07 0.046447694 0.00071393774 0.00021232231 9.749776e-08 0.130059 0.005896141 0.016762113 5.8165664e-05 0.0012025419 0.00014525982 0.0043839784 0.00087802997 0.055777103 0.0056614745 0.00046588923 0.015509454 0.00024711457 0.0031269004 1.3660317e-05 0.0006509973 0.00091363513 0.0014043642 0.013054435 0.0008737748 0.00029259681 0.0025594393 0.0013785838 9.918252e-05 0.000964033 0.016241528 0.0017521863 0.010829233 0.104666315 0.04844648 0.11911507
0.11905383 0.038882516 0.008623296 0.015839864 0.0066276323 0.51930124 0.0019699158 3.4778903e-05 5.3674474e-05 0.30950525 0.003496006 4.966386e-06 0.30070528 1.4485711e-06 0.88908273 1.4384563e-05 0.0026623388 0.0032497381 0.045989294 1.6704712e-18 4.579075e-07 0.9738841 4.166156e-05 0.9122704 0.0005123345 0.08466114 2.4624569e-05 0.031009126 3.8027072e-06 0.67428064 0.38967654 1.22698575e-05 0.0005119835 0.121710114 0.022025423 0.8125717 0.39750597 0.0030803354 0.42059544 4.1458243e-08 0.06849638 0.2451667 0.46971062 0.0010186064 0.52791613 0.00058981567 0.0060741478 0.4222506 0.20532794 0.0078033744 6.009481e-08 9.780653e-07 3.4303391e-06 2.348931e-07 0.022499468 0.010606528 2.5513862e-06 0.3138862 0.33032402 4.4995875e-07 0.037248187 0.09205932 0.01076631 6.695496e-09 1.5475396e-06 4.5956864e-07 0.09978812 7.685043e-08 6.880056e-08 2.449516e-09 0.0049791886 0.05301753 2.6635805e-06 1.2663004e-05 9.483116e-07 1.1722257e-07 4.156966e-06 1.5423901e-06 8.753202e-05 1.0951571e-05 2.744134e-07 0.025063809 2.1260283e-07 9.573553e-06 5.0700345e-07 1.7420251e-07 8.596815e-06 2.1692376e-06 2.8871798e-05 3.5592728e-07 4.377258e-07 5.744014e-06 1.1869013e-05 0.0010064105 1.9629029e-07 0.003934081 8.101451e-07 0.000115011615 0.07508223 0.00072923355 0.005156781
0.9914486 0.0067594526 0.035622407 0.076662175 0.03172756 0.0010417257 0.028925791 0.2778731 0.39974347 2.2409039e-07 0.107406445 0.860441 0.00049304875 0.95473397 0.0001556956 0.19321896 0.09960687 5.136083e-09 0.008183237 4.579075e-07 7.471134e-16 5.1696396e-08 6.2273897e-10 1.1361699e-07 2.3118878e-07 5.179803e-09 0.75226235 3.9305746e-08 0.52402794 5.889096e-06 1.3404568e-08 1.5296114e-09 0.19519147 0.00035917654 0.00031439023 1.0823512e-06 2.9985363e-06 0.0181421 1.1148748e-05 0.58414066 3.1944907e-07 5.631736e-05 8.7187516e-07 0.07492827 1.5026055e-06 4.9662083e-09 0.008116606 3.0265853e-06 8.473383e-05 0.0023348618 0.4029721 0.69677764 0.47020662 0.47561282 7.1309934e-08 0.013987784 0.5834556 7.4725335e-06 8.912217e-05 0.2573433 7.460745e-07 8.643278e-06 3.2342587e-07 3.9191392e-10 1.04833954e-10 6.405075e-10 3.0169962e-05 0.12171266 0.10795598 8.265911e-09 0.012848503 1.6851382e-06 0.50984055 4.1878035e-08 0.018088449 0.029989965 0.27870917 0.017843917 0.06628852 0.026950888 0.11959932 1.6069407e-05 0.048895158 0.0319782 1.2579464e-08 0.04077587 0.021233788 0.07940582 0.024869436 0.0072073815 0.023352033 0.14300098 0.10168667 6.20344e-07 0.03666212 0.00029204733 0.05216427 0.029376142 0.00015578947 0.110216185 0.017279051
0.21512139 0.0043899114 0.0014162267 0.004892333 0.006297523 0.11037219 0.0024732917 1.1717072e-05 2.2218563e-05 0.04151109 0.008764827 2.1852318e-06 0.33527914 2.3459925e-06 0.77622384 7.108584e-07 0.0029457826 0.0006270956 0.13114944 0.9738841 5.1696396e-08 5.957319e-18 8.3485014e-07 0.5088932 0.00011040788 0.010470758 0.00014148938 0.010468557 2.2545844e-07 0.27811095 0.1667985 6.9350754e-08 0.00013779667 0.32272905 0.064805746 0.8741502 0.17411518 0.002485732 0.7262837 6.6622476e-09 0.06188844 0.48721498 0.6549258 0.0008994893 0.77768326 7.849381e-05 0.010436503 0.6180053 0.34828764 0.017467108 2.4576727e-09 1.0616576e-06 2.2126653e-06 1.6621505e-07 0.0234241 0.038615603 6.350048e-07 0.66229445 0.57502323 2.7123343e-07 0.09439437 0.29990038 0.025137376 2.1678288e-10 1.7807503e-06 5.7373803e-09 0.25668114 1.35644385e-08 1.9833946e-07 5.8892113e-09 0.007356406 0.16003674 6.832022e-05 2.7634971e-05 5.1761486e-07 1.748909e-08 3.9450686e-05 6.885481e-07 0.0002008221 1.1724338e-05 4.1910977e-07 0.07071555 1.3097e-06 9.552267e-06 1.506632e-06 1.1582883e-07 4.1190106e-06 2.009654e-06 4.56188e-05 7.0085605e-07 1.5203679e-07 7.1277573e-06 4.6092473e-06 0.002014873 1.9426884e-06 0.004420451 4.6132334e-07 0.00031411598 0.031588927 0.0012482929 0.010519226
8.273371e-09 8.3402017e-07 1.023912e-05 8.516758e-09 3.2055196e-09 0.00020965004 3.6934527e-09 2.8221004e-11 2.1410113e-11 0.12702435 3.748133e-09 1.3557848e-11 5.1556003e-07 3.631746e-10 2.3139857e-05 2.6065168e-09 2.9721796e-09 0.83751696 4.2517478e-08 4.166156e-05 6.2273897e-10 8.3485014e-07 1.2697402e-21 2.4122322e-05 0.3550089 0.016651057 7.1503126e-10 0.0033157333 6.744214e-09 0.0039296965 0.00026444107 0.17823082 1.1010073e-08 3.4653056e-09 6.7538e-10 1.5094601e-05 0.002957676 1.3079736e-10 1.9366736e-07 5.043447e-11 0.0005058752 5.753383e-08 5.260786e-07 3.4880177e-09 0.00017894938 0.015371011 4.348345e-11 2.3570811e-07 1.4343501e-08 6.1978214e-11 2.717874e-10 4.2904697e-11 2.0686526e-09 8.9131115e-14 7.2465424e-05 6.651198e-10 4.2349957e-11 6.055977e-07 1.2570684e-08 3.8395224e-12 6.3608303e-07 2.1413844e-06 1.2805449e-06 1.7761091e-05 3.795062e-10 7.2513766e-12 1.5590875e-07 2.413575e-08 2.1144429e-10 1.6837266e-11 3.2443757e-09 6.193964e-07 1.2568953e-09 4.158686e-12 1.1850044e-11 4.234382e-11 5.2659177e-10 6.3841786e-11 1.9240523e-09 9.527893e-10 6.756224e-13 4.50274e-08 3.9005577e-09 2.0267489e-10 1.2590929e-13 5.8613097e-12 4.4662954e-11 3.2163567e-11 2.9400118e-10 4.080337e-11 1.3832422e-08 1.0035704e-09 9.548801e-09 4.941858e-07 2.5809708e-08 7.6654395e-12 1.0020542e-08 2.0850959e-09 5.7928995e-09 1.788523e-08 4.8589723e-09
0.0010292515 0.0014477812 0.00088623137 0.0009023659 0.0017406917 0.28965667 0.00039453 4.1522648e-07 1.1979382e-06 0.28273177 0.0008815548 3.409295e-07 0.18907674 1.9094524e-07 0.40159956 4.1138364e-06 5.6267327e-05 0.007900573 0.008951871 0.9122704 1.1361699e-07 0.5088932 2.4122322e-05 1.5136068e-19 0.0035728954 0.12479989 2.2313088e-06 0.13379756 3.5644157e-07 0.9736435 0.8445407 4.27936e-05 4.09545e-06 0.030582182 0.0043231603 0.8317143 0.6184747 3.9721257e-05 0.11354834 4.097077e-09 0.14267372 0.048852786 0.18647245 8.674749e-06 0.18678316 0.036335737 0.00021247425 0.31638652 0.037811846 0.00042421295 9.662164e-10 1.4436e-07 5.3667105e-07 1.27872894e-08 0.046706636 0.0008139367 7.5053543e-07 0.058735915 0.02120159 2.545769e-08 0.01730463 0.019370107 0.0052855415 9.024721e-09 7.048204e-06 1.7061544e-07 0.006498643 1.9163079e-07 3.018508e-08 2.2415887e-10 0.00047937 0.008562087 3.4473976e-07 2.0127873e-05 2.5489125e-08 1.4374035e-08 1.8351777e-06 5.4968607e-09 4.055488e-06 1.7902303e-07 2.4490078e-08 0.0018756385 4.102627e-06 1.9303084e-07 4.2314415e-08 4.080351e-08 2.3879338e-07 4.3461029e-07 4.904878e-07 2.6563606e-08 1.8779524e-08 4.67177e-06 3.4265136e-06 0.00068131887 2.2349589e-06 7.684306e-05 4.1807244e-08 1.2907022e-05 0.0010049335 0.000111021436 0.0014939795
1.6322704e-06 1.7889608e-05 2.6837763e-05 2.4638615e-07 7.15061e-07 0.000522617 2.6057699e-06 2.9292123e-08 2.8282043e-08 0.2893847 1.6133907e-06 6.858725e-08 0.00019085978 1.0963264e-07 0.0006737137 7.585103e-07 2.864755e-07 0.85809386 2.7408463e-05 0.0005123345 2.3118878e-07 0.00011040788 0.3550089 0.0035728954 4.418656e-16 0.6553049 4.0312042e-07 0.09635364 3.4149767e-07 0.038070492 0.06646575 0.984681 4.0072862e-07 8.7601375e-06 2.2186366e-06 0.0015397932 0.025331033 3.8019927e-08 8.0024176e-05 1.1967859e-08 0.015751056 1.8476028e-05 6.241365e-05 9.3630206e-07 0.0051234476 0.7440502 1.6387817e-07 8.8467496e-05 1.4801995e-05 5.5618177e-08 8.976447e-09 2.8212798e-07 1.1512742e-07 9.772001e-09 0.016553864 4.088523e-06 3.77619e-07 9.5091804e-05 4.842691e-06 3.177447e-08 0.00031425114 0.0002709187 8.715892e-05 0.0048878095 1.2093533e-05 7.73467e-07 3.8991224e-05 6.302939e-07 7.617736e-08 4.0058418e-07 5.234016e-06 7.1700175e-05 3.6122873e-07 1.7563696e-07 8.0687386e-08 3.5258028e-09 2.9288364e-07 4.2508884e-08 1.1124511e-07 4.9736116e-07 1.8192914e-09 9.624644e-06 2.8714564e-07 5.570362e-07 1.035678e-09 1.4088546e-08 1.6213474e-07 2.2764697e-08 5.2236015e-07 1.5123396e-08 1.0103243e-07 4.2321946e-07 7.4607095e-07 5.5507197e-05 6.290833e-07 2.4615115e-08 4.429855e-08 2.5852611e-07 4.695994e-06 5.219979e-06 6.449396e-05
0.0018742757 0.00017561542 0.00016616142 5.7065313e-06 9.886276e-07 0.06565878 6.905808e-07 1.732914e-08 3.2872687e-09 0.5126378 1.9439773e-07 7.389371e-10 0.00061336363 1.2489642e-08 0.044169914 8.8896236e-08 4.033434e-09 0.23491576 5.0617896e-06 0.08466114 5.179803e-09 0.010470758 0.016651057 0.12479989 0.6553049 5.1970405e-17 1.00798125e-08 0.9782093 1.6035825e-08 0.2380362 0.65973616 0.119774014 5.10337e-09 2.4359456e-06 1.872997e-07 0.02455741 0.123086356 7.896523e-09 0.0001934812 4.1440812e-10 0.16352494 5.6958823e-05 0.0023165692 1.16929435e-08 0.038957626 0.6506371 4.596815e-08 0.007767054 9.126907e-05 2.408213e-08 5.7848365e-10 3.2095147e-09 1.6112059e-06 4.371463e-11 0.09860214 2.1428837e-06 3.4848724e-09 0.004905131 0.0001223998 9.405916e-11 0.0147379 0.0049981526 0.005939742 0.002649362 0.002177301 0.0001229356 0.0010016024 8.767453e-09 1.2180991e-09 2.6498394e-05 9.931806e-07 0.0026548873 2.2294003e-08 7.89686e-06 3.4519257e-10 5.3576354e-10 5.096969e-09 1.8339616e-10 1.1782337e-08 9.2747676e-10 6.2311736e-12 0.0006777433 2.8246507e-07 3.2189484e-10 4.2888507e-07 3.683754e-11 5.1242305e-10 1.7732596e-10 3.5901745e-10 3.2600977e-11 1.0473153e-08 1.3397539e-08 4.1964605e-09 0.0018475351 5.209669e-08 6.0218543e-05 2.0388236e-09 1.550089e-08 0.00050963234 3.3357176e-06 7.0217204e-05
0.9774284 0.03674182 0.048342567 0.28687724 0.15774503 0.0027592971 0.2503441 0.48509455 0.7321965 1.5835994e-06 0.47699505 0.77717334 0.06569798 0.3724899 0.013838178 0.08677421 0.8727535 1.3122979e-08 0.24957788 2.4624569e-05 0.75226235 0.00014148938 7.1503126e-10 2.2313088e-06 4.0312042e-07 1.00798125e-08 3.056382e-14 2.1540275e-08 0.26310748 7.274276e-06 9.769672e-07 8.438878e-10 0.9616703 0.012091175 0.030880358 3.3255994e-05 5.037163e-06 0.25306422 0.0002682314 0.112817675 7.333871e-07 0.0010657168 1.7881657e-05 0.42589936 9.745343e-06 1.8705274e-08 0.08134412 3.8604165e-05 0.0029860204 0.040005207 0.063987225 0.2873548 0.09241461 0.10331736 1.6552717e-08 0.11522633 0.38460004 2.8013092e-05 0.000943401 0.06830749 1.135212e-06 2.0786336e-05 2.9259132e-07 1.026697e-10 1.4290591e-10 2.3067835e-10 0.0002075305 0.036647018 0.015691038 6.38561e-09 0.06824868 1.0093285e-05 0.4659846 1.715105e-08 0.016790736 0.018678041 0.09855164 0.016744748 0.14834005 0.042220645 0.02600801 6.76346e-05 0.01758848 0.031120013 1.586685e-08 0.0152835185 0.013330097 0.034851633 0.047140617 0.005933905 0.009975853 0.053834416 0.029806843 1.168494e-06 0.005373541 0.00033012792 0.026880452 0.032385882 0.0021269177 0.14626817 0.0706927
0.0155295 0.000316299 0.00012154947 4.4590608e-05 1.4281131e-05 0.025687555 7.387638e-06 3.66114e-07 3.4296502e-07 0.18464555 2.1185326e-06 1.5998546e-07 0.0015371362 2.518985e-07 0.026298806 9.1335755e-07 1.0824838e-07 0.042890873 6.172742e-05 0.031009126 3.9305746e-08 0.010468557 0.0033157333 0.13379756 0.09635364 0.9782093 2.1540275e-08 1.9484051e-15 1.7295764e-07 0.48474863 0.94935644 0.026172977 3.0327683e-08 0.0001858176 5.2139235e-06 0.15259142 0.32181486 2.7825138e-07 0.0028824643 1.0073663e-08 0.5362265 0.00056120596 0.026769938 2.2164267e-08 0.24733235 0.5866075 1.8513871e-06 0.087700315 0.00064564537 8.997308e-07 3.4339016e-09 8.158227e-09 1.5251536e-06 4.941196e-10 0.3295973 4.3084565e-06 1.19697985e-08 0.05256811 0.0023721182 6.625899e-10 0.15874812 0.0126116695 0.046039782 0.0011167051 0.0016483492 0.0010347181 0.012159278 2.0341362e-08 9.1414005e-09 0.00017116687 7.1362217e-07 0.02539081 5.9603242e-09 0.00061921455 5.4448326e-09 9.744714e-09 1.93145e-09 1.958348e-09 9.880647e-09 2.6999363e-09 3.8905452e-11 0.010777467 7.2307466e-07 3.9349585e-10 2.8268363e-05 3.408906e-10 1.94527e-09 7.4828654e-10 5.295743e-10 3.3543404e-10 6.341482e-08 5.047764e-09 5.598438e-09 0.014888698 3.7650352e-07 0.0009278356 3.964386e-09 1.1484987e-09 0.0024898355 4.628715e-07 0.00021533482
0.09139475 0.0043189265 0.037417002 0.046159703 0.0115642315 0.00044699843 0.04115699 0.09983722 0.092109665 3.4439964e-07 0.08082485 0.29138133 0.000420207 0.8292149 0.00044829902 0.9868322 0.057839345 7.737155e-07 0.0052090534 3.8027072e-06 0.52402794 2.2545844e-07 6.744214e-09 3.5644157e-07 3.4149767e-07 1.6035825e-08 0.26310748 1.7295764e-07 1.6429406e-13 2.8800985e-05 3.8143093e-09 3.6799377e-09 0.050462425 0.0005210504 0.001606416 6.7393665e-07 6.0483755e-05 0.00829737 0.00012239363 0.22598512 6.391194e-08 0.00014238438 5.6958766e-07 0.021261893 4.0795107e-06 8.6520274e-10 0.0047760066 4.8202907e-07 0.0005350555 0.0017371379 0.5317559 0.33170423 0.80594367 0.22252136 3.169359e-09 0.0059293453 0.14964308 1.51652175e-05 0.00011036576 0.08569052 1.6651126e-07 4.7374746e-05 5.92866e-08 1.9369135e-09 6.9159145e-10 3.3029662e-10 0.0001341333 0.5360559 0.11199295 7.7516535e-09 0.0055175307 1.7400781e-06 0.10120795 3.895955e-09 0.008917179 0.06064387 0.070691176 0.005325635 0.012104039 0.004931306 0.04707837 1.7033663e-05 0.40726954 0.0058955564 4.747304e-08 0.01599986 0.007838299 0.01444988 0.006379253 0.0033314088 0.03344773 0.023091288 0.042866196 1.6028633e-07 0.06919939 1.2688407e-06 0.030090649 0.008231178 0.00022262777 0.076189324 0.035065472
0.3511939 0.011749429 0.0029886644 0.0013904851 0.0022976978 0.09645733 0.0007671584 0.00015253558 7.026752e-05 0.41419092 0.00069129776 2.4424182e-05 0.008729736 4.182067e-05 0.11201869 0.00030630184 5.8124577e-05 0.045085523 0.0019743214 0.67428064 5.889096e-06 0.27811095 0.0039296965 0.9736435 0.038070492 0.2380362 7.274276e-06 0.48474863 2.8800985e-05 6.1180123e-15 0.70340145 0.01669382 9.646533e-06 0.006118184 0.0005794381 0.91273564 0.76084346 0.00045224442 0.065821186 3.7678697e-07 0.6953537 0.018259158 0.30207282 2.0804086e-05 0.6195827 0.06283754 0.00038223976 0.5297008 0.013020063 0.0009906795 2.9250936e-07 4.7654777e-07 3.4317283e-05 2.2236081e-08 0.2311109 0.0009682894 4.0519968e-08 0.32136735 0.028439594 2.0297481e-09 0.2811259 0.06818017 0.09681018 0.0010886983 0.00200421 0.0005152062 0.084303364 1.42078825e-05 1.5749896e-07 0.00012159562 7.290677e-05 0.12288052 7.9459363e-07 0.0015879384 1.7182352e-08 1.0129348e-07 3.9168714e-08 3.9630024e-09 1.5327147e-05 1.3875202e-08 4.4625e-10 0.028370574 5.6939352e-06 1.2502394e-08 0.00023030669 3.0222862e-09 5.1435047e-09 3.546502e-09 6.035143e-08 6.7559514e-10 1.16981695e-07 3.1271473e-08 1.4972363e-07 0.025704447 1.520278e-05 0.0044552656 1.4008876e-07 6.276319e-07 0.022659391 3.914002e-05 0.0017983749
0.005931851 0.00035469167 9.5076655e-05 3.811441e-05 6.333501e-05 0.019127538 2.225128e-05 2.8700163e-07 4.227682e-08 0.07733619 3.502094e-05 1.2904577e-08 0.023844458 3.3085882e-08 0.21736857 3.1680372e-06 4.0542676e-07 0.003938729 0.0014136459 0.38967654 1.3404568e-08 0.1667985 0.00026444107 0.8445407 0.06646575 0.65973616 9.769672e-07 0.94935644 3.8143093e-09 0.70340145 7.488333e-18 0.016268577 1.5770179e-06 0.0059577227 0.0004548524 0.62279755 0.47151667 4.955802e-06 0.03597984 2.0995303e-09 0.79804516 0.011699392 0.14857198 3.6723493e-06 0.34678957 0.90872484 7.221396e-05 0.4254472 0.00752767 2.7681606e-05 1.6730033e-10 4.7042725e-08 2.54773e-09 2.0723965e-09 0.6541471 8.213938e-05 2.1140994e-07 0.06952569 0.013004037 2.9306541e-08 0.15132327 0.042668413 0.03776198 0.0034315733 0.0352569 0.009787727 0.009035776 6.066454e-08 1.0333606e-07 0.00069888576 4.156948e-05 0.026785916 2.3381304e-08 0.0010344808 7.691303e-08 1.0008011e-08 2.0675776e-07 5.5586572e-08 8.581575e-07 4.6198946e-07 4.6410205e-09 0.004301073 1.8034112e-07 2.76792e-07 1.1332817e-05 1.7649706e-08 3.0487453e-07 4.7702496e-08 4.6280795e-07 1.4145352e-09 1.2413951e-08 3.7981238e-07 2.5858913e-06 0.11960391 4.2174943e-08 0.00060622004 2.4424399e-08 2.0086777e-07 0.0021670398 3.587928e-05 0.0011988971
