3.0777497e-23 0.9637779 0.3824954 0.95850945 0.884202 0.977816 0.9372565 0.9421598 0.8620932 0.9764726 0.94502664 0.93901455 0.6354416 0.9919198 0.9207766 0.94882447 0.9062701 0.5850766 0.87900925 0.9253591 0.9819138 0.972163 0.9395949 0.9511058 0.52978575 0.9941204 0.9751563 0.6627228 0.88047045 0.9263246 0.99102485 0.15363495 0.8123508 0.95414394 0.96443546 0.9318268 0.95237774 0.9422281 0.9838822 0.9541386 0.16294876 0.77407175 0.99700993 0.97774017 0.97029537 0.98703945 0.98923844 0.99842966 0.7525418 0.98634076 0.9786694 0.7295888 0.9381629 0.6214534 0.06667603 0.9275624 0.23518308 0.89516497 0.79010576 0.990807 0.92983454 0.18821199 0.100874074 0.6272575 0.7437196 0.7593851 0.9741329 0.700323 0.9984299 0.95462257 0.9808749 0.63953406 0.9735946 0.9966457 0.9960104 0.0325402 0.7686223 0.9996279 0.00576635 0.97016615 0.9808686 0.45618525 0.24636935 0.69755995 0.9733841 0.0019132367 0.019065423 0.5540016 0.030227192 0.99981266 3.7515968e-06 0.0018444904 0.00032048955 6.3418236e-07 0.99979216 0.11265726 0.057955176 0.9224357 0.15830724 0.009311381 1.3599524e-05
0.9637779 3.6253106e-17 0.9849526 0.5179261 0.4970641 0.4694785 0.18863077 0.51585174 0.34405035 0.59382886 0.45376948 0.3545129 0.3750058 0.22751181 0.08574365 0.15584677 0.009812724 0.0772454 0.04501121 0.48745295 0.20287806 0.2133753 0.31231773 0.11063864 0.11896257 0.008166496 0.3400151 0.0041323216 0.00044935456 0.012483874 0.08442362 0.19694309 0.04704178 0.0075337174 0.01812021 0.0039926134 0.0039556175 0.001642302 0.018034201 0.0014113352 0.14144334 0.025922326 0.16398858 0.00040638796 3.108811e-05 0.149289 0.0014124581 0.037529223 0.00017189991 0.00087511784 1.5411725e-06 0.12061055 0.00011913008 8.897322e-05 0.00062575884 3.013452e-06 0.002899807 2.4586732e-06 0.00011519283 0.013214636 2.5750214e-06 0.0016421765 0.22690749 5.977924e-06 0.0007167573 1.3090906e-06 1.5253747e-06 3.8935577e-06 0.026193222 0.000504028 0.00092089036 0.00011109335 0.00075388124 5.3167514e-05 0.00030642512 4.488068e-05 1.0726907e-06 0.003162622 0.0019591523 0.0017453295 0.0011984188 7.146505e-07 6.701348e-07 3.3561125e-07 6.652147e-07 0.0008492001 1.7799403e-08 5.597907e-08 5.7595676e-05 0.011738117 1.4073015e-09 3.716848e-07 0.0018987318 0.00016812376 0.0003659126 9.001448e-08 2.5434636e-08 2.5537825e-09 1.3786183e-10 2.6516934e-08 1.1956439e-10
0.3824954 0.9849526 8.4749985e-20 0.7143801 0.62652797 0.5439153 0.3255746 0.3403867 0.44641048 0.34227234 0.2866723 0.22541244 0.7453575 0.20341158 0.07239012 0.1743955 0.02599119 0.12014042 0.043223023 0.44201565 0.038733684 0.08715316 0.09600066 0.031724516 0.13757044 0.0041896775 0.11605477 0.015814558 0.0031932457 0.013207952 0.02608942 0.229031 0.046372816 0.0032153486 0.0018490952 0.00071530347 0.0064453157 0.00091728533 0.0035938886 0.013643895 0.08657213 0.012953153 0.0209122 0.007560268 5.6759116e-05 0.018208027 0.00080404914 0.0067999503 8.576945e-05 0.00026320343 0.00031432157 0.007288933 0.00030633807 1.49416965e-05 0.00017138215 9.343323e-06 0.0020936134 2.5987345e-06 0.0009502037 0.0018525353 0.00022457425 0.00016407121 0.01341928 5.110196e-06 0.00012493729 1.2470095e-05 2.0495128e-05 3.6564556e-06 0.004938799 0.00015715037 0.00039268864 7.275508e-05 0.00019730952 0.00012324467 0.0003296381 6.3899756e-06 7.526312e-07 0.002014749 0.0005000913 0.00064127403 0.00036454652 1.1017553e-06 9.258167e-07 2.9535e-07 1.9006656e-06 1.4650699e-05 4.1597733e-08 6.7510896e-08 4.2936736e-06 0.0026759903 1.4525002e-09 7.3030773e-09 6.0532864e-05 1.6513623e-05 0.00016276569 1.8085264e-07 1.188622e-07 8.169052e-08 8.1467125e-11 3.4326313e-09 1.4145229e-11
0.95850945 0.5179261 0.7143801 3.2367307e-16 0.07313104 0.032549918 0.97910565 0.04755306 0.01397186 0.07808666 0.77936256 0.022791702 0.14787816 0.0037258274 0.0015491034 0.021943137 0.0002380368 0.023085052 0.0067766737 0.742604 0.20194939 0.03303432 0.13778628 0.012247798 0.6031337 0.3474559 0.16228555 0.0006634421 0.00013501564 0.0020319824 0.009249057 0.27367982 0.44428983 0.021358829 0.04060017 9.394935e-05 0.014525366 0.05269675 0.013676111 0.0018447341 0.19916311 0.01952522 0.1497339 0.0004902554 4.7082945e-06 0.030632209 0.002104054 0.016390499 0.0059830914 0.0020548166 3.0798785e-06 0.48122096 0.0013502155 0.0013120867 0.00043617177 0.00016497528 0.0008540851 7.645185e-07 6.634718e-05 0.0020740398 4.372375e-06 0.00016103763 0.28914696 1.5827811e-06 0.013465579 2.2922359e-06 1.3984348e-06 2.1985083e-07 0.008784889 0.0021341543 0.00506684 0.0005214724 0.0024141127 1.132735e-05 8.23744e-05 2.5383544e-05 1.6901662e-06 0.0026427822 0.0067919497 0.0035635768 0.00037625944 1.4957777e-07 1.9274701e-05 1.7391425e-08 3.4326415e-05 0.00047763504 2.493907e-08 9.504138e-09 0.0028975913 0.019146487 4.881347e-10 5.5087337e-08 0.0040145274 0.00028890514 0.00019874689 2.4062938e-08 2.3066232e-08 8.512032e-09 1.6875147e-10 8.296205e-09 1.4538327e-10
0.884202 0.4970641 0.62652797 0.07313104 3.7382207e-18 0.81588125 0.021540908 0.9103411 0.77900654 0.8891951 0.15618962 0.77480286 0.16645674 0.16616285 0.3108949 0.060566954 0.073285356 0.023759915 0.009498917 0.07463055 0.09213828 0.7301869 0.34940973 0.4071868 0.01992673 0.0010039406 0.303417 0.014821193 0.001376279 0.04117391 0.114868976 0.031968873 0.0059090373 0.005832506 0.0061351927 0.003394364 0.0030538163 0.00034252708 0.012584522 0.0014134963 0.012947646 0.0036712396 0.08123874 0.00090206135 0.00070481235 0.18235573 0.0033238386 0.07987718 5.4898355e-05 0.00024252594 3.0711984e-05 0.005117722 0.00016739039 4.0181944e-06 3.6038448e-06 4.6143623e-06 0.00010744539 6.928973e-06 0.00015779387 0.015038766 6.603213e-05 3.3301316e-05 0.00861534 9.926802e-06 8.19852e-05 5.2400537e-06 1.4485788e-05 1.010149e-05 0.029027319 0.00035387624 0.000834986 4.5917044e-05 0.0005738665 6.205257e-05 0.00018806767 9.172774e-06 9.61079e-07 0.0053300224 0.00017170658 0.0016518349 0.0008043685 4.5133074e-06 1.2419731e-06 1.6413874e-07 2.2949985e-06 6.142572e-06 1.167364e-07 3.3768053e-08 4.0695595e-06 0.0058263126 1.0116268e-09 3.97301e-08 0.000289721 5.3052768e-06 0.0011035941 2.418521e-07 1.4413467e-07 1.4182153e-08 1.8931705e-10 4.334746e-08 1.581028e-10
0.977816 0.4694785 0.5439153 0.032549918 0.81588125 6.2733764e-16 0.0033276826 0.745534 0.8909639 0.7605349 0.0036298684 0.6235056 0.616884 0.58258396 0.31374213 0.5451064 0.15403478 0.4633806 0.4566075 0.6054404 0.0034787315 0.08551174 0.0172822 0.19354415 0.03636755 0.00037722237 0.0972784 0.0058642803 0.00056648557 0.017954566 0.0951783 0.48016796 0.0073869764 0.00013637467 0.000571346 0.0073247114 1.846125e-05 6.948855e-05 0.00041402818 0.008672504 0.4849074 0.43613744 0.008810638 0.0025671064 0.00024678983 0.0338515 0.00023252136 0.0074847587 1.3353144e-05 1.5192431e-05 7.9844656e-05 0.08998959 6.294058e-06 2.2379854e-06 0.04546719 2.407243e-07 0.016218472 8.765155e-05 0.0013681505 0.009818392 3.45395e-05 0.0020938152 0.61430603 2.5914078e-05 3.3558183e-05 6.913505e-05 7.756678e-06 1.2672162e-05 0.013535167 2.9216139e-05 5.3945532e-05 1.0061561e-05 3.3338783e-05 7.0172086e-05 0.00016581934 0.0002410203 1.4914405e-05 0.0035460226 7.943278e-05 9.938666e-05 0.0011703052 6.4179158e-06 3.6605533e-07 1.1100216e-06 2.1694538e-07 0.012593455 1.2319231e-07 1.9995838e-07 1.0080145e-05 0.0013358896 5.811955e-10 8.295319e-07 0.0005568821 9.574836e-05 0.00061384466 6.4716494e-07 5.7603224e-08 7.8629485e-09 1.7300829e-09 3.175704e-07 2.505828e-11
0.9372565 0.18863077 0.3255746 0.97910565 0.021540908 0.0033276826 6.6251206e-16 0.010403776 0.002604748 0.015034099 0.88208246 0.005012461 0.042750534 0.00067379116 0.00044011834 0.006142909 0.000113025795 0.0035805365 0.0019870587 0.5529869 0.2172043 0.021262106 0.11953677 0.004858181 0.62507457 0.6162412 0.09870871 0.00043221176 4.841442e-05 0.0006188193 0.0031831206 0.058669418 0.4762404 0.06552866 0.06210252 5.845499e-05 0.078619786 0.19975117 0.029508576 0.00030499685 0.052309226 0.0014036531 0.1507951 1.4498572e-05 3.3049428e-06 0.01897092 0.007015784 0.01705647 0.027470663 0.009420952 2.0077698e-07 0.37790045 0.005103753 0.010777647 1.6705602e-05 0.003384497 0.00019152292 1.2801803e-07 1.3714253e-05 0.0007319289 8.59863e-07 3.6311318e-05 0.063307054 4.6367646e-07 0.030703528 1.010983e-06 2.4378707e-07 1.6492957e-07 0.010380564 0.0038931365 0.014640589 0.0026662569 0.004928102 2.4812082e-06 2.126225e-05 6.3649477e-06 8.0842324e-07 0.003731563 0.008980665 0.00874591 0.00018167438 2.6595077e-07 0.00021717424 3.6773713e-08 0.00022191025 5.0836057e-05 1.3414057e-08 1.5213054e-08 0.0057341815 0.034692455 5.1186895e-11 2.1770795e-08 0.0036262283 0.00012820846 0.0002269553 4.2122284e-08 2.2406164e-08 2.4594701e-08 7.9429054e-11 1.0684872e-08 4.523349e-11
0.9421598 0.51585174 0.3403867 0.04755306 0.9103411 0.745534 0.010403776 2.1874265e-16 0.8195087 0.89286745 0.044812452 0.8785942 0.28416875 0.41335043 0.31479532 0.25951925 0.21970832 0.11824485 0.12229895 0.4158428 0.024548573 0.43120483 0.11704555 0.46232378 0.030630494 0.0013291107 0.21368867 0.0150341205 0.0016486717 0.05166466 0.16669688 0.21576948 0.015697453 0.0010313498 0.0017552285 0.004358527 0.00021975976 0.00021579427 0.002619144 0.004593187 0.11464271 0.08941957 0.022948625 0.0020554112 0.00050336 0.11845259 0.00070181856 0.025247307 2.2588394e-05 0.00023955943 8.55271e-05 0.052228026 5.0374536e-05 5.7469947e-06 0.002033449 3.0389975e-07 0.0028814746 0.00011560465 0.0008150626 0.03022257 0.00012065615 0.0008648878 0.21644364 8.191721e-05 0.00013826937 2.9981918e-05 2.255664e-05 3.2842076e-05 0.023156565 0.0001885833 0.00022288735 1.8442423e-05 0.00036996155 7.639712e-05 0.0003258701 7.124587e-05 2.0180325e-05 0.0046026963 0.00023530822 0.00023420117 0.0016131878 6.005042e-06 3.8086208e-07 3.872943e-07 3.188614e-07 0.000556145 4.6541223e-07 1.2943087e-07 2.3958262e-05 0.0025005804 6.659067e-10 2.5956977e-06 0.0015480665 0.00015957793 0.0009386316 3.2068868e-07 1.2145195e-07 1.3227039e-08 5.368253e-10 4.145629e-07 3.7887268e-10
0.8620932 0.34405035 0.44641048 0.01397186 0.77900654 0.8909639 0.002604748 0.8195087 6.8736654e-20 0.6959038 0.006535729 0.8608757 0.30753085 0.6261023 0.7925143 0.2981887 0.54668707 0.070183404 0.051898442 0.04419215 0.0034313735 0.32435924 0.046225827 0.4641672 0.005338055 5.9123347e-05 0.092057385 0.066155225 0.013562548 0.17565858 0.24410439 0.08000709 0.00062433875 0.00012404214 0.0006501479 0.017501423 3.005068e-05 4.4370743e-05 0.00024479293 0.0210547 0.017508125 0.028790092 0.0070190593 0.014207125 0.0018720981 0.089808114 9.806656e-05 0.022481157 5.0502267e-06 2.2033707e-06 0.0015123716 0.0005178132 5.437991e-06 2.3206529e-07 0.0001391711 4.1034664e-07 0.0018184045 0.0001908465 0.001870105 0.028247595 0.0004524422 0.00025651365 0.006212333 0.00019902682 1.4009838e-05 3.4893823e-05 0.00016799601 0.000119425495 0.02041896 9.619652e-06 4.911635e-06 4.430582e-06 5.1436913e-05 0.0018760829 0.0032920393 4.343356e-05 9.203161e-06 0.006539931 2.2469365e-05 8.3515915e-05 0.0032692486 7.5548296e-06 7.73699e-08 1.4966347e-06 1.8888983e-08 2.782201e-05 5.120917e-07 1.5952398e-07 2.3298082e-06 0.001178888 6.3903736e-09 1.1316066e-07 0.00070888904 5.452807e-06 0.0012043348 2.4760584e-07 2.8404236e-07 6.330629e-08 7.7211487e-10 1.1138757e-07 8.9527726e-11
0.9764726 0.59382886 0.34227234 0.07808666 0.8891951 0.7605349 0.015034099 0.89286745 0.6959038 1.1837398e-14 0.039105672 0.859681 0.36371273 0.46475455 0.3328119 0.30052358 0.2113564 0.18757096 0.23546317 0.600037 0.02236815 0.45204908 0.078098945 0.45504928 0.06287898 0.0006579393 0.20528488 0.006857741 0.00053846615 0.013755298 0.11423474 0.29385847 0.021648446 0.0005009084 0.0010345094 0.0013245225 5.483358e-05 0.0001598521 0.0016474779 0.0021791086 0.19732857 0.09435866 0.011924454 0.00051341054 0.000121999496 0.086121656 0.00041128165 0.015031476 2.0099253e-05 3.3894452e-05 6.8954205e-06 0.124847956 1.12267835e-05 1.6065874e-06 0.0010684319 2.0831244e-07 0.0015999258 1.1986198e-05 0.00019432686 0.018993607 5.6009617e-06 0.00042096188 0.3214265 9.57853e-06 5.7026442e-05 7.283376e-06 3.4014765e-06 6.191552e-06 0.019974858 6.57345e-05 6.3610794e-05 2.1818072e-05 0.00015988977 8.083689e-06 0.00015171358 2.158987e-05 4.309558e-06 0.003743074 6.4590706e-05 3.0536543e-05 0.0011647587 6.7845e-07 4.375906e-07 2.1918385e-07 5.2499604e-07 0.00017326993 2.2996606e-08 1.1892467e-07 1.1351919e-05 0.0023877097 3.6272424e-12 6.100128e-07 0.00057034683 1.5378171e-05 0.0005264855 3.032449e-07 3.7272677e-08 3.6183343e-09 3.4190006e-09 3.488753e-07 9.12811e-12
0.94502664 0.45376948 0.2866723 0.77936256 0.15618962 0.0036298684 0.88208246 0.044812452 0.006535729 0.039105672 5.018373e-15 0.017429376 0.048133563 0.00040962218 0.0009587034 0.0018778184 0.00021372468 0.0031938425 0.0010988928 0.29299304 0.9469225 0.055069894 0.4048244 0.0062785344 0.31304222 0.64325756 0.12065926 0.0004340207 6.618445e-05 0.00027478774 0.0020423296 0.008235124 0.34098014 0.25982186 0.13708451 3.5278987e-05 0.31039226 0.24906804 0.13803923 0.00013333606 0.01797101 0.00028175308 0.3093515 1.7986013e-06 4.4544518e-06 0.028151706 0.03159091 0.03484014 0.079354025 0.04101557 9.1448236e-08 0.15387353 0.032198686 0.05696278 2.281374e-05 0.014490467 0.00011658693 6.438471e-08 5.756632e-06 0.0019825373 1.8749748e-06 3.8739294e-05 0.007475282 5.205068e-07 0.06979687 1.2148776e-07 2.1372172e-07 5.6056212e-08 0.03030915 0.011191647 0.014943785 0.017444642 0.011839554 1.0120158e-05 9.637277e-05 2.4389892e-05 7.828687e-07 0.005374327 0.0067659705 0.019623991 0.00011297213 5.771133e-08 0.00042543243 7.767167e-08 0.0009853324 3.7378566e-05 1.8650342e-08 3.0541305e-08 0.0032034346 0.04373228 1.260378e-10 8.995339e-08 0.0016227583 2.7977699e-06 9.748006e-05 1.2499432e-07 3.3570248e-07 1.2915116e-08 4.268043e-10 1.5247156e-08 9.094991e-11
0.93901455 0.3545129 0.22541244 0.022791702 0.77480286 0.6235056 0.005012461 0.8785942 0.8608757 0.859681 0.017429376 5.0892353e-17 0.21094048 0.44786447 0.73335564 0.19852851 0.49020788 0.05595524 0.04780509 0.118752114 0.016728546 0.6320689 0.11617512 0.77366865 0.010304473 0.00022681206 0.15552132 0.06462693 0.015258615 0.19966914 0.3004938 0.05246015 0.0026920305 0.0006181923 0.0012332833 0.016201474 6.3114625e-05 0.00011831014 0.003314401 0.0075604166 0.016783733 0.02379298 0.009025931 0.006007723 0.0029391197 0.15199125 0.0005110104 0.028459342 1.6773081e-05 6.267742e-05 0.0005680515 0.008440088 9.971548e-06 1.4656588e-06 0.0001456906 3.4624583e-07 0.0014525164 0.00030652128 0.0010784421 0.052301634 0.00060542364 0.0006184069 0.020072285 0.00027774065 7.742744e-05 9.01679e-05 5.8704998e-05 0.00013501175 0.042944144 4.193061e-05 3.790428e-05 2.0373642e-05 0.00012059793 0.00073552795 0.0018092658 0.00013756753 4.8715654e-05 0.010213583 9.6345946e-05 0.00011513946 0.003340646 4.1627874e-05 2.886095e-07 4.097392e-06 5.0575096e-08 6.3328065e-05 9.22436e-07 1.1489967e-06 5.0949046e-05 0.0017538079 9.87563e-10 1.366712e-05 0.0010119115 2.391863e-05 0.0016574953 2.320214e-06 2.5929342e-06 2.1009747e-07 7.972206e-09 3.299995e-06 1.4547349e-09
0.6354416 0.3750058 0.7453575 0.14787816 0.16645674 0.616884 0.042750534 0.28416875 0.30753085 0.36371273 0.048133563 0.21094048 5.1012832e-18 0.56358385 0.10224964 0.9068934 0.050854433 0.9653843 0.8403686 0.57036793 0.012413598 0.028168835 0.027312672 0.0314356 0.08087768 0.0007977125 0.04649541 0.014220335 0.005770572 0.0208458 0.03543801 0.6823996 0.016637938 0.0012260729 0.00070584565 0.008342724 0.0014297103 0.00013474152 0.0010455282 0.028280364 0.35720855 0.24780308 0.007594109 0.006245614 0.00023207294 0.0149354795 0.00037640647 0.0032799758 1.3787954e-05 4.823652e-05 0.00032598976 0.03412767 5.045026e-05 1.875538e-06 0.020561516 1.5605088e-06 0.031128919 6.900437e-05 0.004231277 0.0023517702 0.00045042974 0.0042761555 0.18818627 4.157789e-05 0.00027419406 0.00033872543 0.0001050254 2.9830133e-05 0.002986814 0.00014370462 0.00018677897 1.6874515e-05 0.00035843556 0.0004797011 0.001005923 0.0009895714 2.1144624e-05 0.0006906141 0.0009806671 0.00038144735 0.00046135724 7.973169e-06 6.016102e-07 4.0665424e-07 1.4290089e-06 0.012205961 2.704485e-07 8.849716e-08 8.412242e-06 0.0019636923 7.206407e-10 7.211141e-07 0.00050665974 0.0006516949 9.282241e-05 3.0569322e-07 1.1262868e-07 3.6377674e-08 8.104823e-10 1.0598108e-07 8.4954027e-10
0.9919198 0.22751181 0.20341158 0.0037258274 0.16616285 0.58258396 0.00067379116 0.41335043 0.6261023 0.46475455 0.00040962218 0.44786447 0.56358385 1.7339056e-16 0.644518 0.92528903 0.7320782 0.4796092 0.70211893 0.079461955 0.00093374256 0.03955302 0.006052181 0.21995375 0.0035207516 5.1137773e-05 0.1035288 0.20233585 0.32571977 0.3279797 0.36431524 0.47406843 0.00038661124 7.013913e-06 0.00077489344 0.40432408 6.3690895e-06 1.2281881e-05 0.00011667626 0.56102586 0.14404985 0.773603 0.018258793 0.6079513 0.07106054 0.08590934 3.546946e-05 0.015753279 2.9312803e-06 2.8232946e-06 0.15686372 0.0018604326 2.7772076e-06 3.1814542e-07 0.14773239 2.395153e-08 0.5208911 0.013824071 0.08912283 0.16060142 0.029554283 0.24258852 0.1598238 0.004077168 3.5494566e-05 0.016330423 0.0027775588 0.002245147 0.13024254 2.7467078e-05 6.962428e-05 1.5222342e-06 3.392634e-05 0.065816574 0.09282666 0.04502247 0.0010827158 0.052737672 3.4608278e-05 0.00013266533 0.0418285 0.00228635 1.4949284e-08 0.00044024945 1.6440106e-08 0.0154214315 0.00047824078 7.134929e-05 8.202586e-07 0.0015010294 0.00016058338 0.00011900825 0.0005780043 6.528257e-05 0.0072906394 1.2815533e-05 1.665424e-05 3.309442e-05 1.8661318e-06 1.771018e-05 1.2644606e-06
0.9207766 0.08574365 0.07239012 0.0015491034 0.3108949 0.31374213 0.00044011834 0.31479532 0.7925143 0.3328119 0.0009587034 0.73335564 0.10224964 0.644518 4.6564427e-19 0.18008222 0.9837564 0.023959618 0.027526041 0.009438757 0.0015280729 0.23921473 0.028823653 0.73215014 0.0014666148 2.879736e-05 0.054866016 0.16381384 0.0642301 0.4559592 0.46430734 0.024010425 0.00017620981 2.8262324e-05 0.00027241776 0.07782853 8.222735e-06 3.0425153e-05 0.0005094484 0.025932934 0.0049728556 0.03502557 0.004902393 0.03508219 0.020062061 0.12466 7.595882e-05 0.02357398 1.1919417e-06 7.318636e-06 0.0040741516 0.00014253354 1.0371681e-06 1.576766e-07 8.062529e-05 6.486221e-08 0.004589831 0.0007636241 0.0033773133 0.15165368 0.0010376669 0.0013175436 0.0020690535 0.0010974443 3.5582532e-06 6.3263535e-05 0.0002978106 0.0008337593 0.089902334 8.545742e-06 1.6176162e-05 3.2314579e-06 2.4775987e-05 0.007017296 0.011540319 2.485733e-05 5.8315127e-05 0.024568034 8.152189e-06 2.8695376e-05 0.011613107 1.817105e-05 2.2060597e-08 1.6144382e-05 1.4428093e-08 1.7295848e-05 1.4494216e-07 1.7143675e-06 1.8105292e-06 0.0014587065 7.9460455e-10 2.2715144e-06 0.00031702555 6.2146523e-06 0.004900696 1.8509157e-06 6.5778084e-07 6.127737e-07 3.676142e-09 2.466316e-07 2.2618687e-10
0.94882447 0.15584677 0.1743955 0.021943137 0.060566954 0.5451064 0.006142909 0.25951925 0.2981887 0.30052358 0.0018778184 0.19852851 0.9068934 0.92528903 0.18008222 1.8929083e-16 0.12509394 0.821169 0.91141146 0.2051617 0.0008840426 0.013232707 0.0045715426 0.060387753 0.012915427 4.680433e-05 0.044836145 0.03430634 0.053049393 0.10701117 0.09854038 0.6262793 0.0025735854 3.3343804e-05 0.00025421445 0.13698946 2.1889267e-05 1.9320692e-05 6.641821e-05 0.4292056 0.18439133 0.69979167 0.0025998934 0.29689977 0.0064640595 0.013846877 3.3083976e-05 0.000817925 2.9889748e-06 2.1850274e-06 0.040190626 0.01161735 2.6693074e-06 2.8473886e-07 0.12963375 5.020706e-07 0.35090742 0.005141411 0.057531156 0.0127602285 0.01119067 0.123384476 0.18237627 0.0025207552 7.442361e-05 0.014026202 0.0018649063 0.001243425 0.012567708 4.4573517e-05 1.9407153e-05 7.6234705e-06 4.3896533e-05 0.015826968 0.020025149 0.016747054 0.0016837133 0.0031018935 0.00011878396 0.00021423669 0.0026516498 0.0011825144 4.4386616e-07 9.282082e-05 1.1675087e-07 0.029700058 2.8295632e-05 2.5588315e-05 5.4794424e-07 0.0013941677 4.593036e-05 0.00012143756 0.00036825603 0.00031542874 0.00081788446 6.216632e-06 1.1631035e-05 1.9312698e-05 3.3371478e-07 1.4558218e-05 2.755407e-07
0.9062701 0.009812724 0.02599119 0.0002380368 0.073285356 0.15403478 0.000113025795 0.21970832 0.54668707 0.2113564 0.00021372468 0.49020788 0.050854433 0.7320782 0.9837564 0.12509394 1.3681333e-20 0.00969671 0.009362723 0.00044993387 0.0006028307 0.11429427 0.012687646 0.5534033 0.00025620856 7.06942e-07 0.029847287 0.5245196 0.26047495 0.7003771 0.4143495 0.0031231304 3.6773523e-05 7.523503e-06 0.00016918498 0.18630792 1.6356939e-06 1.0926096e-05 2.6744072e-05 0.030496297 0.00087987864 0.00777432 0.000548585 0.06359398 0.053918615 0.10138789 4.4975495e-05 0.008192784 4.497421e-07 6.112981e-07 0.013088979 2.3613202e-05 4.30792e-07 1.5941563e-08 7.1538266e-06 6.993561e-08 0.0023203988 0.0010896223 0.0048870333 0.18501095 0.0038622026 0.0013495565 7.772321e-05 0.0013003764 8.0783445e-07 9.3145725e-05 0.00046251016 0.0010056995 0.12156021 3.1597547e-06 1.9353915e-06 1.3594122e-06 1.9917036e-06 0.021569785 0.026262857 4.9302642e-05 0.00010631693 0.031209802 2.594391e-06 1.006277e-05 0.023487866 0.00010755406 1.2337096e-08 3.7342077e-05 5.685982e-09 5.9103304e-06 5.315828e-07 5.1786747e-06 7.637663e-07 0.00061734073 5.0222113e-08 7.0907126e-06 0.00015590288 1.6867202e-06 0.006011864 5.9834792e-06 3.2940268e-06 3.0666602e-06 4.7024876e-08 7.2141256e-07 6.224911e-09
0.5850766 0.0772454 0.12014042 0.023085052 0.023759915 0.4633806 0.0035805365 0.11824485 0.070183404 0.18757096 0.0031938425 0.05595524 0.9653843 0.4796092 0.023959618 0.821169 0.00969671 6.170367e-17 0.965149 0.2107968 0.00066093344 0.0034466144 0.0022973986 0.010133221 0.016483635 0.00019934367 0.012707494 0.0025729937 0.0016523264 0.0075704083 0.016798401 0.7338855 0.0024601333 1.8881554e-05 6.411031e-05 0.0111459 9.842231e-05 3.706933e-05 0.000106441104 0.05619366 0.3648167 0.5659565 0.0027944676 0.008163945 4.531826e-05 0.004148426 3.8238228e-05 0.0015198757 3.540239e-06 2.0285464e-05 0.00051931315 0.023765301 4.685062e-06 6.1741895e-07 0.12054735 4.5189475e-07 0.10171731 4.183327e-05 0.0051369388 0.0011147344 0.00093467755 0.0075777834 0.25995535 5.3191554e-05 0.00013187705 0.00080108934 0.000102502025 2.5736847e-05 0.0020689361 3.277121e-05 7.1188624e-05 2.942907e-06 7.137019e-05 0.0014468728 0.001132235 0.002365955 3.8248225e-05 0.00090362487 0.00054552185 0.0001433888 0.000307655 1.694801e-05 4.7470576e-07 6.3135394e-07 9.1731454e-07 0.04448063 1.0789812e-06 1.479175e-07 2.9184266e-06 0.001225565 3.4221603e-08 1.420698e-06 0.00035839865 0.0011400302 0.0001246027 4.9647025e-07 8.071448e-08 1.2145485e-07 1.0098802e-09 2.980488e-07 2.476996e-09
0.87900925 0.04501121 0.043223023 0.0067766737 0.009498917 0.4566075 0.0019870587 0.12229895 0.051898442 0.23546317 0.0010988928 0.04780509 0.8403686 0.70211893 0.027526041 0.91141146 0.009362723 0.965149 2.2274915e-16 0.09403142 0.00027416242 0.0016265544 0.0008886921 0.007039946 0.004941451 3.939655e-05 0.012480834 0.0032293326 0.006503063 0.011364205 0.018473363 0.71666074 0.0007080559 7.1632203e-06 4.524053e-05 0.044557486 1.5830778e-05 1.3742113e-05 2.444042e-05 0.22119959 0.2589154 0.82090694 0.0012656823 0.053983133 7.526708e-05 0.0012332775 3.6390466e-05 0.0004596844 8.363881e-07 5.6917634e-06 0.0018637676 0.01302997 1.7995706e-06 7.946205e-08 0.23282775 1.2176335e-07 0.28270295 0.000117861266 0.013167285 0.0007456218 0.002337123 0.050102502 0.40628952 7.5254735e-05 5.215627e-05 0.0063821315 0.0005308663 6.907443e-05 0.002578591 2.2264974e-05 2.6594242e-05 3.1567215e-06 5.1966705e-05 0.0060762833 0.003145859 0.014497549 0.00012709589 0.00046031023 6.997168e-05 2.749921e-05 0.00027087558 0.00024196388 5.247293e-07 3.825875e-06 1.189114e-07 0.102706425 1.3526895e-05 1.9755353e-06 8.451447e-07 0.0009530261 2.4936264e-06 1.106387e-06 0.00016069936 0.00016239806 0.0001050203 1.4047854e-06 5.1903214e-07 1.1496664e-06 7.6422424e-08 3.6859633e-06 1.2850761e-08
0.9253591 0.48745295 0.44201565 0.742604 0.07463055 0.6054404 0.5529869 0.4158428 0.04419215 0.600037 0.29299304 0.118752114 0.57036793 0.079461955 0.009438757 0.2051617 0.00044993387 0.2107968 0.09403142 1.9745457e-18 0.068724014 0.017459929 0.09075766 0.019236758 0.9709987 0.057135973 0.24476321 0.00013677088 8.422224e-05 0.0006467319 0.008976478 0.7424309 0.5208983 0.002395479 0.0076454887 0.00021914636 0.0020657675 0.0023842736 0.0010471094 0.0014338898 0.7750243 0.032125242 0.058543816 0.00012592957 7.8112134e-07 0.027385678 0.00047003452 0.0027821693 0.00017261683 0.00049511495 2.6949664e-07 0.4912668 0.00026248654 2.60222e-05 0.0013609469 2.0550115e-06 0.0011478364 6.4504555e-08 5.2565792e-05 0.00035024897 2.6186644e-06 0.00014276849 0.53626466 2.4205144e-07 0.00051225343 1.7918616e-07 1.2326218e-06 8.701204e-08 0.002468807 0.00044224283 0.0007497314 6.0248643e-05 0.0005356589 5.259322e-05 0.00017031073 4.810716e-05 2.1676708e-07 0.0009908088 0.009475307 0.0018065865 0.00019872053 2.7956324e-07 9.242596e-07 1.33491e-08 1.5442254e-06 0.013591894 2.840043e-08 5.4319287e-09 0.00033498756 0.0061171777 2.784016e-09 1.3704687e-08 0.011374555 0.0034246158 4.401059e-05 2.3231939e-08 2.1499845e-08 1.4084166e-08 3.3060377e-09 6.2405077e-09 1.912566e-10
0.9819138 0.20287806 0.038733684 0.20194939 0.09213828 0.0034787315 0.2172043 0.024548573 0.0034313735 0.02236815 0.9469225 0.016728546 0.012413598 0.00093374256 0.0015280729 0.0008840426 0.0006028307 0.00066093344 0.00027416242 0.068724014 1.3578298e-14 0.17105797 0.89457697 0.013527514 0.1004798 0.46664518 0.3606 0.0011042763 0.00022451898 0.0014019916 0.011769334 0.0033136392 0.14361382 0.7004835 0.52529645 0.00033833366 0.32898217 0.1327914 0.5276654 0.00020805247 0.003433277 0.00015012936 0.60266954 1.731037e-05 4.8896385e-05 0.071939394 0.24817707 0.14071406 0.03596014 0.13186789 1.6431308e-05 0.13196689 0.021282367 0.029696934 6.4159576e-06 0.015694952 0.00028987633 5.4352226e-06 1.542229e-05 0.012223613 4.913336e-06 0.0011174737 0.0038822568 3.3853295e-05 0.035332996 2.4017305e-07 2.0157001e-06 1.0614313e-05 0.13056658 0.018061567 0.048513867 0.0106214285 0.028106164 2.9981176e-05 0.00016202849 4.986012e-05 2.9451408e-05 0.030299446 0.0026815175 0.03952259 0.0014052793 9.521362e-08 0.00092591566 1.5814128e-06 0.0016966552 0.00017683236 2.2829322e-07 2.9209107e-06 0.0021111541 0.1381015 3.050934e-08 3.144755e-07 0.001306828 2.9192577e-05 0.0011529605 4.0605866e-07 3.9716252e-07 8.5783874e-08 7.932614e-10 9.2867424e-08 3.6310968e-09
0.972163 0.2133753 0.08715316 0.03303432 0.7301869 0.08551174 0.021262106 0.43120483 0.32435924 0.45204908 0.055069894 0.6320689 0.028168835 0.03955302 0.23921473 0.013232707 0.11429427 0.0034466144 0.0016265544 0.017459929 0.17105797 1.4419404e-15 0.67112976 0.9496866 0.009123387 0.006217395 0.8472051 0.06565336 0.02309075 0.08635272 0.3032589 0.0038392048 0.007991851 0.016037595 0.021197205 0.008140637 0.010501861 0.0027153587 0.14797005 0.008426122 0.0022593522 0.0015364656 0.15381761 0.006887061 0.002181845 0.61552644 0.011412088 0.27990523 0.00079021713 0.0017573372 0.00084622507 0.0021493996 0.00091410574 0.0003112533 9.11475e-06 7.437111e-05 0.0010483338 0.00029896706 0.0006535913 0.14020541 0.0005392131 0.00030833698 0.0003917543 0.00056815223 0.0010592478 6.74583e-05 6.526489e-05 0.00021588033 0.23859131 0.0016398596 0.0021299268 0.00080849195 0.0021656048 0.0012333987 0.0034073745 3.864822e-05 0.00012892217 0.07444493 0.00023482538 0.0041047996 0.01149552 1.7276676e-05 5.8439e-05 4.780604e-05 4.0086357e-05 0.0001584855 1.9240551e-06 2.5638146e-05 0.00011094734 0.019334957 5.032114e-09 1.380727e-05 0.00044653635 5.5464337e-05 0.01811202 4.9029586e-06 1.327817e-05 1.8075203e-06 1.2030684e-08 1.3329014e-06 1.9533315e-08
0.9395949 0.31231773 0.09600066 0.13778628 0.34940973 0.0172822 0.11953677 0.11704555 0.046225827 0.078098945 0.4048244 0.11617512 0.027312672 0.006052181 0.028823653 0.0045715426 0.012687646 0.0022973986 0.0008886921 0.09075766 0.89457697 0.67112976 1.00220674e-16 0.10543062 0.05052038 0.17680322 0.95562553 0.012839763 0.002421213 0.028687937 0.07354751 0.0054750186 0.052088637 0.32169372 0.26126686 0.002551357 0.15322655 0.0347788 0.67663264 0.001063215 0.0029444809 0.003084167 0.6342062 0.00037294195 0.000534534 0.30897805 0.18262123 0.42157066 0.0050500543 0.027262667 8.3102066e-05 0.021042908 0.0041261804 0.0038929363 1.6900323e-06 0.002575439 0.00041565142 1.1561617e-05 3.1060226e-05 0.0876416 2.6357382e-05 0.0001664396 0.002197511 2.233362e-05 0.003792849 9.478518e-06 1.2585902e-05 5.6342788e-06 0.21718404 0.0036823445 0.010491329 0.0048106886 0.006053604 0.00028480307 0.0007094087 3.7435857e-05 4.83244e-06 0.0728115 0.0014248876 0.01692272 0.007319139 3.2837627e-07 0.0001427301 2.1556205e-06 0.0007120495 9.8764285e-05 7.471938e-07 1.4838497e-06 0.000235524 0.049839776 2.2825521e-08 7.000304e-07 0.0009352987 6.2659194e-05 0.010556883 2.0225522e-07 1.2769011e-06 1.554507e-07 9.947089e-10 5.544225e-08 1.6542734e-09
0.9511058 0.11063864 0.031724516 0.012247798 0.4071868 0.19354415 0.004858181 0.46232378 0.4641672 0.45504928 0.0062785344 0.77366865 0.0314356 0.21995375 0.73215014 0.060387753 0.5534033 0.010133221 0.007039946 0.019236758 0.013527514 0.9496866 0.10543062 4.3293103e-15 0.0042154235 0.00078838534 0.20081648 0.1794468 0.054626063 0.26347074 0.8891153 0.010061111 0.0036570944 0.0014751139 0.003160608 0.030293994 0.0003774484 0.0006635281 0.014865486 0.020670462 0.004918735 0.010379673 0.032099534 0.02794208 0.00804201 0.35594594 0.001195821 0.0897642 0.00014886845 0.0003502672 0.008490164 0.001090065 4.4479715e-05 8.634186e-05 9.629193e-05 1.7570195e-05 0.0020799118 0.0025850963 0.0035649873 0.27539748 0.00091200107 0.0012442126 0.003495884 0.0026831087 0.000677385 0.00030941633 0.00026479413 0.0012436154 0.15265563 0.0003375798 0.0006092329 0.00011251828 0.0006044562 0.0035005633 0.011145054 5.352956e-05 0.00051099237 0.059818126 6.64165e-05 0.0015933563 0.025561137 5.0644045e-05 1.6489112e-06 0.0002569235 6.3517045e-06 0.00031157938 1.210797e-05 9.197743e-05 2.886428e-05 0.006128877 1.6674557e-08 5.8884874e-05 0.0006181926 0.000116805066 0.02527047 1.7841066e-05 1.0592744e-05 6.9114976e-06 1.0954757e-07 1.1208362e-05 7.419658e-08
0.52978575 0.11896257 0.13757044 0.6031337 0.01992673 0.03636755 0.62507457 0.030630494 0.005338055 0.06287898 0.31304222 0.010304473 0.08087768 0.0035207516 0.0014666148 0.012915427 0.00025620856 0.016483635 0.004941451 0.9709987 0.1004798 0.009123387 0.05052038 0.0042154235 1.4376924e-18 0.39432427 0.047257606 0.00029488973 0.00019786463 0.00053135713 0.0016294873 0.30670252 0.93901217 0.016256535 0.012064229 0.00013876715 0.02969428 0.14140685 0.001935196 0.0024919936 0.39058346 0.0069356384 0.03177875 0.00027911772 9.987566e-06 0.006893725 0.0013404596 0.0020157716 0.0225585 0.002638116 3.491356e-07 0.6395907 0.0028672232 0.0027667102 8.24085e-05 0.00049652805 0.00024363937 2.3179533e-08 6.052749e-05 0.0001858688 5.7146017e-06 7.6126744e-06 0.15582396 3.017773e-07 0.022557933 1.9480017e-06 2.0842858e-06 6.265162e-08 0.0019659838 0.001706384 0.00306707 0.0009090358 0.0016527646 0.00013083966 0.00029656722 6.9602333e-06 4.8695074e-07 0.0009697661 0.04475395 0.003197928 0.00019250113 3.5678505e-07 0.00013101473 2.701823e-08 0.00017034223 0.0015531402 3.087127e-08 2.7760423e-08 0.0028310043 0.014481127 1.0275576e-09 8.482631e-09 0.01151528 0.0012225928 4.0949562e-05 1.9165592e-08 4.143698e-08 2.2545617e-08 6.909753e-11 7.176905e-09 2.3191891e-10
0.9941204 0.008166496 0.0041896775 0.3474559 0.0010039406 0.00037722237 0.6162412 0.0013291107 5.9123347e-05 0.0006579393 0.64325756 0.00022681206 0.0007977125 5.1137773e-05 2.879736e-05 4.680433e-05 7.06942e-07 0.00019934367 3.939655e-05 0.057135973 0.46664518 0.006217395 0.17680322 0.00078838534 0.39432427 5.4982277e-15 0.109926015 1.9075214e-05 4.9228056e-06 2.0867334e-05 0.00029291536 0.00047839954 0.7331232 0.3499634 0.34160343 4.6571486e-06 0.5131923 0.95029646 0.030372573 1.5166576e-05 0.007880873 0.0004238262 0.3764321 4.0303854e-07 4.5142139e-07 0.017245278 0.02180051 0.010145226 0.56740534 0.14186506 8.801333e-09 0.47913638 0.19243814 0.2520186 1.2973391e-05 0.17209156 4.874502e-05 8.485787e-09 9.891216e-07 0.00018123552 1.5530195e-07 0.00010162563 0.03610513 6.3997575e-08 0.4204377 6.180702e-08 3.987548e-08 3.4722344e-08 0.008595914 0.039543204 0.14169279 0.018905522 0.07713378 1.2803958e-06 1.3874179e-05 0.00010829233 7.211845e-08 0.001820689 0.05706862 0.048555236 0.0003255576 2.0850504e-07 0.00608874 1.7628032e-09 0.0054793563 0.00030790447 6.3741865e-08 9.780723e-10 0.05277515 0.15475541 1.4488929e-08 2.576172e-07 0.008002087 8.9218e-05 0.00010815237 1.1053086e-07 5.5111826e-08 1.9505466e-08 3.1075775e-09 2.7103096e-07 1.1470719e-08
0.9751563 0.3400151 0.11605477 0.16228555 0.303417 0.0972784 0.09870871 0.21368867 0.092057385 0.20528488 0.12065926 0.15552132 0.04649541 0.1035288 0.054866016 0.044836145 0.029847287 0.012707494 0.012480834 0.24476321 0.3606 0.8472051 0.95562553 0.20081648 0.047257606 0.109926015 1.5555337e-14 0.01412927 0.0016461123 0.02649786 0.19098441 0.019288793 0.04905059 0.027938582 0.081719905 0.002404974 0.01382668 0.022863287 0.2727909 0.0033590973 0.01685828 0.013394571 0.58725893 0.001637264 0.00034832678 0.72990215 0.03247623 0.59227026 0.005214665 0.0048866207 0.00015057917 0.06469018 0.0024188797 0.0028680288 2.0500287e-05 0.0003148355 0.000815822 1.251877e-05 0.00013584689 0.17981827 2.2737891e-05 0.0004583541 0.010024543 7.758095e-05 0.00537577 1.1383868e-05 1.1763381e-05 2.690406e-05 0.21975969 0.0029099202 0.003780163 0.0014054093 0.0033201256 0.00027314096 0.0005070342 1.6190668e-05 4.627934e-05 0.0578615 0.00096417824 0.0076340353 0.007879836 1.6814474e-06 1.7487599e-05 3.7490609e-06 0.00018308408 0.00016050562 3.8527406e-07 2.0715418e-06 8.130197e-05 0.039488595 2.8375089e-08 1.1991715e-06 0.0014192329 5.3095053e-05 0.013619434 3.6428693e-07 2.924042e-07 6.0496734e-07 6.134639e-08 6.472106e-07 7.4221314e-09
0.6627228 0.0041323216 0.015814558 0.0006634421 0.014821193 0.0058642803 0.00043221176 0.0150341205 0.066155225 0.006857741 0.0004340207 0.06462693 0.014220335 0.20233585 0.16381384 0.03430634 0.5245196 0.0025729937 0.0032293326 0.00013677088 0.0011042763 0.06565336 0.012839763 0.1794468 0.00029488973 1.9075214e-05 0.01412927 1.4881537e-17 0.9685579 0.9305488 0.25745013 0.0007646203 0.00028789137 3.8312075e-05 0.00031769538 0.6232667 4.499231e-05 0.000458384 0.00060497667 0.057541728 0.00028776098 0.0068483474 0.0006664349 0.23895338 0.50129634 0.07486935 0.00017038838 0.016880061 1.8015444e-05 2.8795217e-05 0.23611064 0.00024173161 6.8938484e-06 4.2817314e-07 1.0847802e-05 1.0555604e-05 0.0054607512 0.058318388 0.030246416 0.44821998 0.06611147 0.01237936 0.00014100873 0.026856301 1.5844085e-05 0.0031843109 0.010419041 0.018841904 0.2503402 1.3212195e-05 5.1678922e-05 2.6913684e-05 7.290816e-05 0.08554281 0.12603463 0.00044844655 0.005203381 0.13227993 2.7069495e-05 0.00013177573 0.14447252 0.0020464554 1.4526154e-07 0.004631773 5.6049987e-07 0.0003205186 0.00017253042 0.0014651511 2.6911564e-06 0.00055352994 2.5423262e-06 0.00038013674 0.0004516341 0.00012370874 0.036759894 0.0003073324 0.00014691954 0.0005331416 6.8156226e-07 2.0404463e-05 5.7426057e-08
0.88047045 0.00044935456 0.0031932457 0.00013501564 0.001376279 0.00056648557 4.841442e-05 0.0016486717 0.013562548 0.00053846615 6.618445e-05 0.015258615 0.005770572 0.32571977 0.0642301 0.053049393 0.26047495 0.0016523264 0.006503063 8.422224e-05 0.00022451898 0.02309075 0.002421213 0.054626063 0.00019786463 4.9228056e-06 0.0016461123 0.9685579 1.10216265e-16 0.6483564 0.078298494 0.0017579643 7.527138e-05 2.5286379e-06 1.4619477e-05 0.6693933 7.2563716e-06 0.00019141099 5.675246e-05 0.15097298 0.0004020171 0.009124318 0.00015374513 0.7250907 0.7460147 0.0216452 6.129333e-05 0.0071586454 1.2193196e-05 4.2865463e-06 0.6565922 0.00011697383 2.597389e-06 3.692632e-07 0.00044084757 2.1777596e-07 0.045501728 0.18320523 0.08473869 0.25819704 0.28103614 0.085575916 4.5491986e-05 0.079457924 9.872186e-06 0.02736971 0.05343961 0.049793016 0.16516834 5.9094787e-06 4.7060544e-06 5.744803e-06 7.714084e-06 0.17197347 0.20633453 0.004317592 0.018528866 0.082669534 2.4293195e-06 3.1024083e-05 0.11553882 0.015502955 4.994566e-08 0.028819134 1.4028541e-07 9.2501454e-05 0.0022969835 0.0076707797 4.8506985e-07 3.5103934e-05 0.00011718073 0.0009774313 0.00014807582 1.8418026e-05 0.023225354 0.0018583906 0.0003798019 0.002114134 2.975227e-06 4.6078076e-05 2.143818e-06
0.9263246 0.012483874 0.013207952 0.0020319824 0.04117391 0.017954566 0.0006188193 0.05166466 0.17565858 0.013755298 0.00027478774 0.19966914 0.0208458 0.3279797 0.4559592 0.10701117 0.7003771 0.0075704083 0.011364205 0.0006467319 0.0014019916 0.08635272 0.028687937 0.26347074 0.00053135713 2.0867334e-05 0.02649786 0.9305488 0.6483564 3.6477122e-18 0.6331202 0.0031056588 0.00023853766 0.00016812039 0.0003574061 0.92959684 7.50456e-05 0.00015814716 0.0012410805 0.040610913 0.0007600292 0.019167699 0.0020403112 0.20615505 0.5276463 0.18602988 0.00019916391 0.027931618 2.135506e-05 5.5902703e-05 0.17326325 0.00020812986 7.062294e-06 3.3270983e-06 4.049824e-05 9.549816e-06 0.012479626 0.035121366 0.020347469 0.64446104 0.014861277 0.009735223 0.0009943459 0.022129117 6.339018e-05 0.005238421 0.007400254 0.01376663 0.2059327 5.7659152e-05 9.512799e-05 1.974314e-05 5.3929798e-05 0.04211201 0.050543413 0.00052919064 0.0026466346 0.13044958 4.0187257e-05 0.00018869611 0.18574035 0.001857743 9.533155e-08 0.0016663845 5.316589e-07 0.0013504017 5.2553405e-05 0.0005295807 1.45123495e-05 0.00068176707 5.3686886e-08 0.00018396004 0.0015255456 2.608546e-05 0.045358885 6.211918e-05 8.6955595e-05 2.6132246e-05 2.459957e-07 5.1504185e-06 7.7555164e-08
0.99102485 0.08442362 0.02608942 0.009249057 0.114868976 0.0951783 0.0031831206 0.16669688 0.24410439 0.11423474 0.0020423296 0.3004938 0.03543801 0.36431524 0.46430734 0.09854038 0.4143495 0.016798401 0.018473363 0.008976478 0.011769334 0.3032589 0.07354751 0.8891153 0.0016294873 0.00029291536 0.19098441 0.25745013 0.078298494 0.6331202 1.3974965e-15 0.0059091984 0.0012044277 0.0009962576 0.0032611585 0.19832177 0.00056875293 0.0002604056 0.017578736 0.03520087 0.0025849694 0.017574336 0.041570865 0.03473877 0.121379256 0.6910727 0.0008153103 0.18954355 0.00010374768 0.00023050357 0.05131249 0.00023153557 5.0039467e-05 2.377388e-05 5.9514765e-05 6.7765186e-06 0.0022709377 0.009855523 0.0060606548 0.85394096 0.0027399056 0.0023234945 0.0018963258 0.0062368945 0.00012455945 0.0013739978 0.0012405829 0.002160798 0.5020524 0.00016037891 0.00023882104 4.7291775e-05 0.00017090638 0.00614581 0.01475216 4.889965e-05 0.0014046328 0.3164744 4.3130134e-05 0.00067367806 0.07883913 1.16114625e-05 3.965663e-06 0.00037892442 2.5494182e-06 0.00051275344 6.4950364e-06 0.00010983918 2.981061e-06 0.0036999963 9.815768e-09 3.4250454e-05 0.00028838348 2.7748558e-05 0.086907566 1.696117e-05 2.4845078e-05 6.730994e-06 2.7488707e-06 2.4107178e-06 1.6014795e-08
