3.0821663e-16 0.97248816 0.9864059 0.9870578 0.9757384 0.9778146 0.9775862 0.95981604 0.9410291 0.85999954 0.9923796 0.9705912 0.96442527 0.9840784 0.9649611 0.97669977 0.95432943 0.9670533 0.9522851 0.99057406 0.95670086 0.933687 0.9505629 0.97520983 0.961149 0.950565 0.9329915 0.9916344 0.99242306 0.92998993 0.9831153 0.9479815 0.9820649 0.9829966 0.900878 0.9203109 0.95362794 0.94231737 0.97858864 0.9546568 0.9658957 0.9715459 0.9229498 0.9343707 0.82149327 0.9183512 0.93211174 0.99457693 0.9736597 0.9992844 0.60387266 0.6287369 0.9653976 0.8875974 0.98978287 0.9866648 0.06888314 0.97568125 0.9785166 0.96478283 0.98780364 0.99572974 0.9696668 0.9003871 0.9638234 0.9598323 0.99032193 0.9661943 0.9991662 0.034438033 0.8902295 0.97342974 0.76609015 0.9652949 0.8941856 0.99551135 0.9559218 0.994477 0.999956 0.8968236 0.9246865 0.26778495 0.015914286 0.8521591 0.96910214 0.91834575 0.8396422 0.5662242 0.87605864 0.00044073892 0.6481544 0.41322914 0.8677227 0.3160936 1.5446578e-05 4.3319753e-05 0.69637346 0.00849796 0.17468147 0.04321917 0.009152615
0.97248816 4.9226607e-15 0.85112906 0.9280803 0.8373713 0.9046812 0.43082404 0.851648 0.7729795 0.8516303 0.17941768 0.52128965 0.15649013 0.42460486 0.35431606 0.3300609 0.18022381 0.14793947 0.026850201 0.26876432 0.023519129 0.139083 0.011087843 0.044844914 0.008154242 0.005883624 0.18513735 0.04545376 0.141695 0.046731234 0.012708954 0.0012255978 0.008796203 0.00081859267 0.0001109539 5.6295987e-05 0.0009452206 0.04465545 0.06921549 9.451042e-06 0.00015927189 2.6350958e-06 0.0113835335 0.012486727 1.9680389e-05 0.058020197 0.00900857 1.2671568e-05 0.00037158543 0.013455526 0.011115111 0.009227268 0.015901865 0.0005354993 0.044648793 5.5174037e-06 0.0012157521 5.715596e-07 3.2042808e-06 0.00075995014 0.00012865257 9.226481e-05 0.0035630977 4.1265423e-05 6.8334457e-06 4.937656e-07 0.010194563 6.9216265e-05 0.005628517 6.268719e-06 1.5871676e-06 4.3465005e-09 4.9027176e-07 1.7341029e-06 5.4809153e-09 0.0070866775 0.010517131 2.0305663e-06 0.0017692996 1.8273605e-06 2.8848717e-06 3.0683378e-07 2.4701126e-09 5.1958555e-06 0.000118359574 0.00048542302 1.5460023e-08 3.821392e-05 1.9088016e-06 4.6870363e-10 7.6503376e-08 3.820346e-05 0.00021177086 5.962901e-05 1.6015007e-12 2.5942478e-15 2.4126557e-05 4.5471373e-11 3.037441e-11 6.2152714e-07 3.7388773e-10
0.9864059 0.85112906 1.2813589e-11 0.87618744 0.9447143 0.6561909 0.3570007 0.68347645 0.56373876 0.53567713 0.23086087 0.5272501 0.23266669 0.4237084 0.6330918 0.3432243 0.110569336 0.22709766 0.076334864 0.5672398 0.040109985 0.24492127 0.024284685 0.09870365 0.06506769 0.019548738 0.29550332 0.06484912 0.4092735 0.13665001 0.029814292 0.0011481971 0.10560983 0.013713372 0.0007118957 0.0005944944 0.0010188319 0.22421364 0.2160734 8.3878695e-05 0.00067094347 2.7033064e-05 0.06796568 0.06574727 0.00019526295 0.18174736 0.08368876 7.8128156e-05 0.015200128 0.017487725 0.056591835 0.05791853 0.2167483 0.0020851272 0.123631276 0.0026450993 0.007618009 3.0500976e-05 2.6405713e-05 0.056063067 0.00068238436 0.0006917363 0.06708496 0.0035539141 0.0001277292 9.347288e-06 0.019751953 0.0012895046 0.013958927 0.00018625581 6.061432e-05 4.3904276e-07 8.754103e-05 1.368833e-05 6.9784943e-07 0.015573296 0.026615348 1.4144532e-05 0.0050089294 9.281909e-06 2.7232412e-05 2.2285536e-05 3.1688364e-07 0.00042468368 0.00012911916 0.0006338489 3.3515195e-07 2.4492241e-05 7.615855e-06 2.1229587e-07 4.1763627e-07 2.2151979e-05 0.00048312676 8.1325314e-05 5.0165766e-10 5.783683e-12 1.2651489e-05 1.4554093e-09 3.1410923e-09 4.2692136e-05 4.7049253e-09
0.9870578 0.9280803 0.87618744 1.0791806e-12 0.8179951 0.8770728 0.07705072 0.5486054 0.482822 0.5802187 0.042895813 0.36012903 0.040249195 0.76434726 0.5469609 0.6351779 0.42962393 0.43197924 0.004124341 0.18427777 0.13264696 0.06940495 0.110001154 0.011947683 0.0023326029 0.07923262 0.11007619 0.16849245 0.39492238 0.040054135 0.003462606 0.0075252983 0.0070668417 0.033538915 3.0987005e-05 9.493066e-06 0.004568997 0.07687675 0.24623798 3.3696865e-06 0.0024449327 9.300201e-07 0.013176592 0.059712525 0.000728585 0.05460723 0.015153356 4.2038173e-06 0.0007966967 0.048995372 0.06155634 0.029816449 0.054556794 0.004422007 0.0683688 4.6984355e-06 0.007247002 2.033063e-07 1.4160665e-06 0.0031692507 9.638343e-05 0.00017435434 0.005639919 3.5910947e-05 4.22808e-05 4.987852e-07 0.018539466 7.416458e-05 0.011019114 8.175959e-06 1.2687294e-06 5.777716e-09 2.0318564e-06 2.2735064e-06 1.69416e-08 0.016227787 0.026579522 1.2585945e-06 0.0016500134 8.590516e-07 3.047616e-06 3.466691e-07 3.1495045e-08 1.5280901e-06 9.304105e-05 0.00048377778 7.818547e-09 1.51100985e-05 1.1992698e-06 2.9414213e-09 6.286146e-08 4.2475617e-06 0.00059234304 2.8589964e-05 6.850765e-11 1.7937488e-13 1.0843716e-05 8.718273e-10 6.2507616e-10 1.202308e-06 1.8260111e-09
0.9757384 0.8373713 0.9447143 0.8179951 1.396787e-16 0.38273466 0.5338711 0.49014738 0.2292595 0.41139668 0.40710977 0.13025792 0.08507828 0.17729959 0.8987143 0.41142243 0.051463228 0.2854219 0.012890976 0.85003865 0.004215404 0.046947755 0.007741961 0.24566838 0.003081267 0.0023876412 0.03229148 0.0623085 0.5906812 0.010688967 0.04772967 0.0016670894 0.0012222873 0.00033830415 0.00041895357 0.00077101385 0.0019411264 0.008167419 0.015002602 0.00011041378 0.0002583537 3.5711324e-05 0.0028549845 0.0030672934 4.972986e-05 0.0073237335 0.0009504027 0.00017463458 0.00011305059 0.020923346 0.0014713462 0.00051124487 0.0008775318 0.00082639843 0.18989009 7.3814695e-06 0.00010817609 2.2552779e-06 1.580105e-05 3.3176297e-05 0.0004530087 0.0012298648 0.00049015495 5.4146935e-06 3.3805547e-05 2.3287153e-06 0.026908603 1.947012e-06 0.02107922 4.139362e-06 9.5121817e-07 1.5269217e-08 9.3645747e-07 7.381328e-06 9.497977e-09 0.021648627 0.037897084 5.8205524e-06 0.004189496 7.3230485e-06 1.2224342e-05 6.479004e-07 2.2823203e-09 8.29093e-07 0.00036200986 0.0009142012 4.2160124e-09 5.0310824e-05 9.782743e-07 2.2193232e-09 2.6405434e-07 2.7960165e-05 0.0003459831 0.00028345638 2.7758212e-11 8.194527e-14 5.4122287e-05 8.187357e-10 2.3216025e-09 2.7646342e-06 6.969837e-10
0.9778146 0.9046812 0.6561909 0.8770728 0.38273466 5.322691e-13 0.04741941 0.625515 0.84043926 0.92709553 0.015624858 0.73091114 0.0409704 0.68775225 0.14466304 0.3732101 0.44534206 0.14305182 0.0034287742 0.052794635 0.19933216 0.12799853 0.042533085 0.00654296 0.0014030904 0.045873266 0.35565618 0.07686134 0.08818468 0.08069202 0.0021993758 0.002799669 0.0090568 0.035155665 4.4278704e-06 9.284436e-07 0.0019566568 0.2391155 0.55987424 2.460093e-07 0.001676771 1.08427955e-07 0.018614197 0.10284955 0.0004788457 0.11481447 0.04046393 1.5847008e-06 0.0006943821 0.03331743 0.12166821 0.11125674 0.14617288 0.0033627942 0.027424663 1.7349166e-06 0.017261896 8.269036e-08 2.5984627e-07 0.008730082 4.121496e-05 2.5191002e-05 0.025483223 0.000118548334 6.372327e-06 1.3630451e-07 0.010660153 0.00022439397 0.003992362 1.2202003e-05 7.954785e-07 1.6543397e-09 7.989103e-07 3.6245893e-07 5.466102e-09 0.006256694 0.014419053 1.1782294e-06 0.0015705096 7.562323e-07 9.908409e-07 8.317278e-07 2.1559389e-08 4.3289756e-06 5.923329e-05 0.0002954727 3.938993e-09 1.1028132e-05 4.3160128e-07 1.9742683e-09 8.2417806e-08 1.7749245e-06 0.0009331257 1.5824515e-05 3.3094775e-12 2.567069e-14 4.446837e-06 4.8928406e-10 8.858353e-10 9.0176064e-07 2.8667405e-10
0.9775862 0.43082404 0.3570007 0.07705072 0.5338711 0.04741941 3.222474e-14 0.833704 0.44397295 0.46388212 0.9289216 0.42880264 0.9451992 0.0007953682 0.062213704 0.004921909 0.00038449868 0.0017808481 0.8405528 0.6080824 2.0035734e-05 0.71454096 5.392946e-06 0.5457943 0.5502518 6.0561238e-06 0.165687 0.0005167565 0.013804685 0.29050013 0.29379472 7.944191e-06 0.12604375 1.9207312e-06 0.06669723 0.1449904 5.7146535e-05 0.013374977 0.002447345 0.0041644853 2.9056355e-06 0.0012109252 0.094536684 0.00020015423 1.5140037e-06 0.15897398 0.043329712 0.0016273597 0.008563231 0.0011262163 1.7051345e-05 0.001020826 0.04037824 1.1980061e-05 0.03513037 0.00059199036 6.6600376e-05 0.00012345183 0.0001418179 0.008807821 0.0016015851 0.0013102611 0.008230283 0.0046809553 9.755427e-05 4.6457993e-05 0.008097281 0.00070283224 0.0060287444 6.086153e-05 0.00012519374 8.51165e-07 3.0654628e-05 2.8899125e-05 4.8596354e-07 0.0041157478 0.007333326 9.3258295e-06 0.0028968826 8.975434e-06 1.7044209e-05 2.1085432e-06 2.835956e-08 1.9393832e-05 0.00036509853 0.00060772104 4.472839e-07 8.5872736e-05 1.3332683e-05 1.3771593e-07 6.9444695e-07 0.00012475967 0.0003172122 0.00021099916 2.9967105e-11 1.8037874e-13 5.912583e-05 7.057368e-09 1.383239e-09 8.963501e-06 3.3566163e-08
0.95981604 0.851648 0.68347645 0.5486054 0.49014738 0.625515 0.833704 3.3230718e-15 0.9216924 0.91608584 0.53172404 0.8537563 0.6780809 0.056344766 0.0924033 0.077150315 0.017017996 0.03097845 0.11379863 0.3417953 0.0017646007 0.31682354 0.00037833976 0.1154137 0.04861932 0.00015039231 0.2961376 0.01880603 0.048976608 0.16381092 0.046365608 6.13149e-05 0.05225246 2.1324877e-05 0.0005350034 0.00039101613 0.00045352764 0.055667453 0.01634718 9.509262e-05 3.666385e-05 1.9740879e-05 0.015694572 0.0015482558 3.8589087e-06 0.07895827 0.022922786 0.00014756127 0.0008976422 0.008712669 0.0018121133 0.0050936756 0.023274217 9.169953e-05 0.04159979 4.0427316e-05 0.00033542648 1.8203891e-06 6.121636e-06 0.0010546226 0.00046553367 8.8419336e-05 0.005904483 0.00013232291 9.875332e-06 1.4298895e-06 0.0072277654 7.424087e-05 0.004643773 2.6572845e-05 1.7902671e-06 1.8787548e-08 4.024904e-07 1.6432786e-06 9.299447e-09 0.0063377335 0.011843545 2.330217e-06 0.0026010678 2.1994133e-06 2.2760119e-06 8.81118e-08 1.4547766e-09 8.258666e-06 0.00030303112 0.0006928362 1.5054145e-09 8.46785e-05 1.3801504e-05 1.3683654e-09 4.7966427e-07 0.00019252759 0.00085687323 0.000119795426 7.005509e-12 1.477795e-14 7.767431e-05 2.110242e-09 2.2352071e-09 2.7622812e-06 1.2931083e-09
0.9410291 0.7729795 0.56373876 0.482822 0.2292595 0.84043926 0.44397295 0.9216924 2.2176134e-13 0.95145583 0.1608754 0.91401714 0.35605145 0.1193253 0.045680396 0.1027806 0.03983672 0.038536027 0.058234923 0.10353014 0.008774072 0.35409975 0.0011054216 0.036536895 0.030707648 0.0013444071 0.5883394 0.021914465 0.030084066 0.2458698 0.023604078 0.00014234228 0.11628638 0.0011060289 0.00012217926 5.122905e-05 0.000549262 0.38920185 0.21594812 2.1479262e-05 4.5030385e-05 6.249409e-06 0.052277345 0.028246855 1.0235907e-05 0.19806036 0.11561084 6.4697735e-05 0.0029980391 0.0060100984 0.03750801 0.08623826 0.23909396 0.00023454895 0.02371436 0.0003098146 0.009298092 1.8898533e-06 3.7423988e-06 0.048023243 0.0001921398 5.9113758e-05 0.09884293 0.002318565 4.506839e-06 1.5919641e-06 0.0052262805 0.0010446243 0.0019495157 0.00010976033 3.5024095e-06 1.5712923e-08 4.634203e-06 1.1825385e-06 3.8006878e-08 0.0021454787 0.0068138787 1.4512259e-06 0.0026082192 3.3974725e-06 2.021674e-06 5.546451e-06 5.1798946e-08 6.331828e-05 2.1731768e-05 0.00015726266 1.7834267e-08 1.6694312e-05 9.1409817e-07 1.8060401e-08 2.1990388e-07 1.1921036e-05 0.0002545944 6.401919e-06 5.6825477e-12 3.6869955e-14 1.6775793e-06 5.4360094e-10 2.4544358e-09 2.6368884e-06 1.9919324e-09
0.85999954 0.8516303 0.53567713 0.5802187 0.41139668 0.92709553 0.46388212 0.91608584 0.95145583 1.9451655e-17 0.099292815 0.90619475 0.3037403 0.20780152 0.086523205 0.14150316 0.087516256 0.036837112 0.021022677 0.07467067 0.020631654 0.094332315 0.006600503 0.016333349 0.0034426195 0.005628922 0.21157125 0.018907018 0.047569595 0.032057684 0.006251117 0.0023521122 0.0041925134 0.00075429835 9.2187314e-05 1.5220537e-05 0.002079275 0.067304775 0.15016729 7.1013706e-06 0.00054378645 2.3793941e-06 0.0056352685 0.01095722 6.94979e-05 0.016556326 0.0039888206 2.5078227e-05 0.00034175295 0.0095216865 0.004914358 0.01267936 0.0023622685 0.0013303051 0.01405471 9.257946e-07 0.0022256568 1.5626048e-07 1.826237e-06 0.0001289743 2.665653e-05 6.9093753e-06 0.0010925682 4.073574e-06 2.8325329e-07 5.3506534e-07 0.006476283 8.2914485e-06 0.0025633636 4.5222e-06 1.09092795e-07 5.3767817e-09 7.2288266e-08 2.052022e-07 2.711734e-09 0.0020614164 0.005495163 1.129822e-07 0.00058781524 5.4410697e-07 3.3868844e-06 4.4564547e-07 1.910015e-09 2.775705e-07 2.8672452e-05 1.7658422e-05 1.5029415e-09 1.660251e-05 3.237096e-08 2.8434657e-10 9.059356e-08 2.515081e-06 9.069017e-05 2.6608436e-06 6.6951032e-12 3.0376858e-14 1.3477468e-06 6.8077183e-10 7.311864e-11 1.5037774e-07 2.390214e-09
0.9923796 0.17941768 0.23086087 0.042895813 0.40710977 0.015624858 0.9289216 0.53172404 0.1608754 0.099292815 6.0442395e-13 0.1859061 0.69809866 0.00067613646 0.120685264 0.003223259 0.00037607097 0.0020828068 0.7844837 0.82267386 2.981085e-05 0.626041 1.8429764e-05 0.81620234 0.53169376 1.8174136e-05 0.10401444 0.0003123997 0.038632296 0.30845627 0.6366122 4.9577025e-06 0.29896313 9.650066e-06 0.19458242 0.29081392 2.3285365e-05 0.030188363 0.008921572 0.038110666 3.441618e-06 0.013806692 0.37142903 0.00097355986 1.1877239e-06 0.4238624 0.20739627 0.006395869 0.07643469 0.001162665 0.00014600021 0.0026576295 0.27607107 2.2461201e-05 0.056312557 0.031413622 0.00013501871 0.0031792677 0.00044434733 0.19262248 0.008632237 0.0076091117 0.13639645 0.058373816 0.00033541722 0.00023387463 0.012434713 0.011299417 0.010002799 0.0010882674 0.0038532445 5.8773392e-05 0.0011575182 3.2373664e-05 3.1989788e-05 0.0076866853 0.009322896 2.0775358e-05 0.010165094 1.7092652e-05 3.1027215e-05 0.00021854279 4.7300596e-06 0.0006676435 0.00031714293 0.00079938705 4.231918e-06 4.371243e-05 1.0566138e-05 8.4521935e-06 2.559094e-06 5.4314685e-05 0.00035711308 0.000132585 3.0280833e-10 3.625811e-12 1.0940005e-05 2.3839308e-09 1.2848599e-09 7.833609e-05 6.444479e-08
0.9705912 0.52128965 0.5272501 0.36012903 0.13025792 0.73091114 0.42880264 0.8537563 0.91401714 0.90619475 0.1859061 2.6500068e-14 0.5948501 0.07069854 0.023771841 0.054363277 0.018694127 0.02037311 0.12525538 0.109017424 0.0056630997 0.66220796 0.00017611693 0.044050615 0.08720173 0.00022339214 0.868708 0.012029648 0.01890494 0.60837865 0.032104615 4.2313153e-05 0.27687737 0.00011102176 7.652136e-05 2.9470655e-05 0.00027308887 0.7304661 0.27180257 1.282655e-05 1.2697566e-05 4.2281868e-06 0.14320388 0.023292027 1.6986222e-06 0.41991293 0.27798876 0.000101091566 0.0057922187 0.0077949404 0.02966018 0.2015677 0.4348922 9.276364e-05 0.026822656 0.00018463531 0.016191699 9.837463e-07 1.2287219e-06 0.15325509 0.0002588924 3.6537385e-05 0.33190525 0.004034441 2.217095e-06 5.768566e-07 0.0047324444 0.0008322389 0.0013609923 0.00026352846 4.1260755e-06 1.4794917e-08 3.3117353e-06 1.3604082e-06 2.5766475e-08 0.0017980526 0.009372166 9.088367e-07 0.003811034 2.1678331e-06 2.226184e-06 1.0985139e-05 1.0328227e-07 3.596146e-05 2.9931354e-05 0.0001718055 1.9064855e-08 1.1779142e-05 2.2143965e-06 9.849512e-08 5.3774335e-07 3.3130466e-06 0.00043579194 1.9092467e-05 1.9917052e-12 7.548274e-14 4.4123994e-06 1.3958864e-09 2.1662014e-09 1.792465e-05 1.4397324e-09
0.96442527 0.15649013 0.23266669 0.040249195 0.08507828 0.0409704 0.9451992 0.6780809 0.35605145 0.3037403 0.69809866 0.5948501 1.5858879e-13 0.00059009285 0.007898048 0.0071291216 8.392903e-05 0.002618326 0.9327696 0.30648512 9.074376e-06 0.8665725 5.2253977e-06 0.2639065 0.750039 3.2758633e-06 0.44749284 0.0013620389 0.010018485 0.55739367 0.17424025 4.3385553e-06 0.5055883 1.0357478e-06 0.02195028 0.040534616 8.125361e-05 0.06071724 0.003053394 0.0019704541 4.5796648e-07 0.0007963336 0.15013276 0.000118124684 3.2449236e-07 0.25146812 0.10379304 0.0017241554 0.016881324 0.0011932469 1.2539657e-05 0.0060754516 0.122471236 5.4905763e-06 0.031750772 0.0010703298 0.00011552585 5.7451016e-05 5.4175733e-05 0.031517684 0.0028087404 0.00049312704 0.035435878 0.0067193476 3.680703e-05 1.0518965e-05 0.0062385066 0.0011318502 0.0030464118 0.00029317642 7.862297e-05 3.9917697e-07 1.5046254e-05 1.1421135e-05 1.161061e-07 0.0035187611 0.007957696 4.740138e-06 0.0033070364 4.8745515e-06 7.06947e-06 1.5835616e-06 1.027956e-08 4.251872e-05 0.00037098755 0.0009643153 3.155668e-08 8.229729e-05 1.1777232e-05 6.792201e-08 7.405262e-07 0.00018278976 0.0007728539 0.00025630972 1.28043045e-11 1.3433891e-13 4.6751193e-05 4.0105435e-09 3.621004e-10 5.878261e-06 1.1812895e-08
0.9840784 0.42460486 0.4237084 0.76434726 0.17729959 0.68775225 0.0007953682 0.056344766 0.1193253 0.20780152 0.00067613646 0.07069854 0.00059009285 3.0673204e-14 0.16523188 0.8005891 0.94527143 0.65187246 1.1270217e-05 0.027537849 0.83763844 0.0029384722 0.5425363 0.0006609936 9.8270975e-06 0.6640845 0.03282524 0.69298536 0.1359024 0.0017041179 0.00021952431 0.15002958 0.00011642416 0.56440055 1.4754092e-07 1.2026422e-07 0.04438719 0.06682075 0.6148804 1.8503394e-07 0.012918094 6.444393e-08 0.0009026611 0.29326534 0.010047643 0.015279074 0.0027375224 9.101551e-07 1.10199635e-05 0.10797997 0.2526206 0.027946511 0.00982635 0.016826268 0.033747695 7.958066e-08 0.019405136 1.9431459e-08 3.270031e-07 0.00024728623 3.431326e-05 4.7260397e-05 0.0032721777 6.759178e-07 2.7112596e-06 5.4750465e-08 0.01227906 4.1578165e-05 0.0054878965 7.018801e-07 6.9491634e-08 2.7928382e-10 1.965636e-07 8.504186e-07 4.015547e-10 0.010649462 0.020406477 3.6710435e-06 0.002010606 6.9216713e-07 5.020835e-07 3.1576084e-07 6.1591394e-09 8.132869e-06 0.00019133909 0.0003854652 2.1997214e-10 8.365678e-05 2.2471968e-06 1.3832883e-10 9.081553e-08 1.4433965e-05 0.0014492787 0.00026720428 1.6967685e-13 2.0493638e-15 1.39867425e-05 4.3515333e-10 3.1544447e-09 9.117688e-08 2.2392246e-11
0.9649611 0.35431606 0.6330918 0.5469609 0.8987143 0.14466304 0.062213704 0.0924033 0.045680396 0.086523205 0.120685264 0.023771841 0.007898048 0.16523188 3.3311311e-15 0.85200673 0.039407 0.8616394 0.0014442172 0.8329186 0.008359951 0.009904136 0.08460559 0.4075003 0.00091484614 0.017626733 0.010588049 0.23842682 0.9497062 0.0030802796 0.066657335 0.01456624 0.0004738057 0.0015006744 0.001037147 0.0013978523 0.023661286 0.0023844726 0.0063643805 0.000287837 0.0002600041 0.00016455355 0.00053799833 0.0014345902 0.00014436932 0.0018916134 0.00018496893 0.000932447 2.8555196e-05 0.12055894 0.00073955127 4.963027e-05 0.00018179604 0.00036081008 0.5562325 2.7700924e-06 6.378909e-05 7.532944e-06 0.00017472204 3.2183746e-06 0.0025561377 0.0132154925 6.30413e-05 4.0318696e-07 0.0014627343 3.3219607e-05 0.14712624 3.225657e-06 0.06979432 3.7478506e-07 1.1786474e-06 4.7074394e-07 1.0406418e-06 0.00010741803 2.5618345e-07 0.061506797 0.09606475 0.00011304715 0.008227728 4.9753293e-05 7.339644e-05 3.5492226e-07 1.7420664e-09 8.2802467e-07 0.0011585962 0.0023090425 4.8630797e-09 0.00013205904 1.9267102e-06 3.7403414e-09 1.09173e-06 1.9450828e-05 0.00054645026 0.00036351787 2.8109143e-12 7.6569414e-14 6.7723224e-05 9.928514e-10 6.043915e-10 2.1591059e-06 1.4818585e-08
0.97669977 0.3300609 0.3432243 0.6351779 0.41142243 0.3732101 0.004921909 0.077150315 0.1027806 0.14150316 0.003223259 0.054363277 0.0071291216 0.8005891 0.85200673 4.5282474e-13 0.6467387 0.9650668 0.0005546301 0.081148244 0.31679705 0.018796977 0.6703267 0.0030160658 0.00023639799 0.5139851 0.035345063 0.73653203 0.6911249 0.0065713576 0.0004024312 0.23184556 0.001072134 0.16215228 2.3227854e-05 5.573898e-06 0.050584495 0.03672223 0.1676625 4.8475013e-06 0.01499563 3.4352563e-06 0.0027344462 0.09916952 0.003943091 0.014289552 0.0021591648 6.138233e-06 6.858991e-05 0.23117012 0.082742214 0.007958581 0.008971896 0.013334629 0.19724354 3.7243595e-07 0.004701845 2.1642047e-07 2.9359048e-06 0.00012903965 2.4572231e-05 0.000283617 0.001304739 1.2829322e-06 3.5219888e-05 2.4308224e-07 0.056248322 2.0401132e-05 0.032137547 1.2273375e-06 4.436169e-07 8.681804e-09 6.039136e-07 2.105818e-06 5.8233427e-09 0.030318435 0.04893619 3.591171e-06 0.0012111735 1.3507305e-06 2.5312315e-06 1.2895842e-06 1.5946032e-08 2.7093947e-07 0.00012270344 0.00045403457 1.3442044e-09 2.4570616e-05 8.068319e-07 2.705163e-09 9.068622e-08 3.204629e-06 0.00010991128 2.6796359e-05 1.629472e-12 1.15151165e-14 1.0150759e-05 4.682798e-11 1.2328238e-10 1.5838381e-06 1.11373376e-10
0.95432943 0.18022381 0.110569336 0.42962393 0.051463228 0.44534206 0.00038449868 0.017017996 0.03983672 0.087516256 0.00037607097 0.018694127 8.392903e-05 0.94527143 0.039407 0.6467387 8.913948e-17 0.41714084 2.5585716e-06 0.0076888083 0.9747764 0.0003020896 0.59057623 0.00048375054 4.0939133e-07 0.85677505 0.017298432 0.5201982 0.042951997 0.00013353075 0.000106257234 0.3758939 2.57842e-06 0.46650574 5.2905665e-07 1.557539e-07 0.075853735 0.056366637 0.6167971 3.05804e-07 0.035338063 1.2699526e-07 0.00026813627 0.35061184 0.009261956 0.004331249 0.0002246055 1.5245777e-06 6.976116e-06 0.065840505 0.19269091 0.021449098 0.0010058343 0.0461566 0.013890054 4.4623253e-08 0.019432649 2.1549317e-08 2.306068e-07 1.1749827e-05 2.565019e-06 1.6805114e-06 0.0005563593 1.2417985e-07 1.4985064e-07 9.5213984e-08 0.007753761 1.6780203e-05 0.0027074064 2.4346156e-07 6.857074e-09 1.0947477e-09 3.2086962e-08 2.5864597e-07 9.400917e-10 0.0057148365 0.010781948 2.8388772e-07 0.0027468833 2.2532603e-07 7.6440466e-07 2.0077812e-07 3.1203653e-09 2.831674e-07 0.00014281616 0.00046191242 2.4399976e-10 4.0150022e-05 7.452265e-08 1.6517566e-10 1.7365876e-07 2.8189592e-05 0.00027463422 6.168634e-05 1.6431724e-13 1.461472e-15 2.1074795e-06 2.2591612e-10 5.59519e-10 3.4973926e-08 1.2982652e-10
0.9670533 0.14793947 0.22709766 0.43197924 0.2854219 0.14305182 0.0017808481 0.03097845 0.038536027 0.036837112 0.0020828068 0.02037311 0.002618326 0.65187246 0.8616394 0.9650668 0.41714084 1.4837119e-14 0.00018608733 0.043473046 0.20219344 0.0077638063 0.6496874 0.00222594 0.00013270733 0.4494939 0.011918861 0.913416 0.8280125 0.0024450168 0.0002631919 0.2772239 0.00025838378 0.12266478 2.907153e-05 2.9029088e-05 0.18228821 0.006359803 0.067962326 1.1253657e-05 0.012965754 5.1630036e-06 0.00094042235 0.036238305 0.0034579562 0.0037115 0.00034931078 7.964482e-06 5.338276e-06 0.42697862 0.037232388 0.0007611176 0.0009988648 0.008779211 0.29887247 7.696734e-08 0.0009605974 3.602905e-07 3.958929e-06 1.1818614e-05 2.3120048e-05 0.00028533814 0.00026124387 1.2016264e-07 2.8802577e-05 8.2955165e-07 0.08789304 1.3530628e-06 0.041562412 2.0231406e-07 7.550731e-08 1.5968098e-08 9.792193e-08 3.2330577e-06 2.9666365e-08 0.04014839 0.07870511 8.354949e-06 0.0008452548 3.0074573e-06 1.4117686e-05 2.09103e-07 8.567079e-10 6.170737e-08 0.00014694253 0.00046587613 8.8741653e-10 3.0923442e-05 1.840798e-07 8.766258e-11 3.8964547e-08 7.221385e-06 0.0002808849 4.4907647e-05 8.8237875e-13 2.2750161e-15 1.4189346e-05 2.8042663e-10 1.0606713e-09 2.2022583e-07 1.1662312e-09
0.9522851 0.026850201 0.076334864 0.004124341 0.012890976 0.0034287742 0.8405528 0.11379863 0.058234923 0.021022677 0.7844837 0.12525538 0.9327696 1.1270217e-05 0.0014442172 0.0005546301 2.5585716e-06 0.00018608733 1.8650245e-18 0.2853123 4.790252e-07 0.8330539 3.14292e-07 0.47640523 0.97152 2.5361112e-07 0.1516781 8.490815e-05 0.0022929136 0.410899 0.3509124 4.2324933e-07 0.62323356 5.421488e-08 0.08632435 0.22264743 2.0884574e-05 0.024072168 0.00034170618 0.015765002 4.370338e-07 0.004956202 0.21937574 2.1599677e-05 7.024858e-08 0.17219639 0.07284016 0.0057628485 0.08406104 0.00030054877 6.2703334e-06 0.0014298118 0.03893857 6.0581806e-06 0.020934358 0.0038851753 1.8541692e-05 0.00020537712 9.635715e-05 0.023197472 0.0039200857 0.00045805477 0.026054595 0.011790077 5.628855e-06 1.7005552e-05 0.0051185833 0.0007939454 0.0018601806 0.0009697375 3.4238634e-05 2.2023066e-07 2.6289124e-05 7.6285204e-07 5.75256e-08 0.0029657232 0.0066226567 5.725465e-07 0.0042864364 1.4147923e-06 1.5880079e-06 5.878648e-06 1.7856461e-08 1.1931728e-05 0.00037460894 0.0009874131 2.2388553e-09 5.299843e-05 8.7038563e-07 9.1153106e-07 8.6321774e-07 0.00022628315 0.0007461229 0.00019735712 2.0410977e-11 3.1103942e-13 2.3577715e-05 4.3761643e-09 8.271126e-10 7.341621e-06 4.2943054e-09
0.99057406 0.26876432 0.5672398 0.18427777 0.85003865 0.052794635 0.6080824 0.3417953 0.10353014 0.07467067 0.82267386 0.109017424 0.30648512 0.027537849 0.8329186 0.081148244 0.0076888083 0.043473046 0.2853123 6.712972e-14 0.0016561048 0.27758378 0.002688303 0.9230064 0.13026771 0.0018971353 0.10635302 0.0059743254 0.73138595 0.08780966 0.69345456 0.00021771464 0.06256318 0.0011299828 0.0794201 0.10130831 0.0005781741 0.026470456 0.016484115 0.033132214 0.00026710695 0.023714649 0.047419306 0.0034016974 3.134949e-05 0.07409364 0.028645601 0.016706647 0.011010102 0.029687122 0.002150826 0.0032698286 0.05286115 0.000562231 0.8020598 0.006506295 0.00046865654 0.007500976 0.001600705 0.0095946165 0.012086143 0.060412426 0.01294699 0.0062370463 0.005225007 0.0013690185 0.11346085 0.001981806 0.076155595 7.12204e-05 0.0016962966 0.0003391083 0.0010617767 0.000512399 0.00012042347 0.036081716 0.056264676 0.00020962585 0.009873896 0.00013215856 0.00030604578 0.00017037311 2.848173e-07 6.940418e-05 0.0009518094 0.0020082002 6.6941305e-07 0.00017035996 9.072984e-06 1.3693526e-07 2.1164706e-06 0.0001287316 0.00032228223 0.0004644344 1.1792645e-10 9.356414e-13 0.00011541121 5.7671574e-09 2.028556e-09 8.2210456e-05 3.8138747e-08
0.95670086 0.023519129 0.040109985 0.13264696 0.004215404 0.19933216 2.0035734e-05 0.0017646007 0.008774072 0.020631654 2.981085e-05 0.0056630997 9.074376e-06 0.83763844 0.008359951 0.31679705 0.9747764 0.20219344 4.790252e-07 0.0016561048 8.6129495e-15 5.782965e-05 0.392998 1.3809366e-05 8.282028e-08 0.83423406 0.0056130365 0.37134373 0.017742123 2.8879565e-05 1.1523311e-05 0.32196218 8.3740974e-07 0.8535567 3.7834806e-08 1.766466e-08 0.059646234 0.08278969 0.8857311 1.8972319e-08 0.10855712 5.4440745e-09 8.917293e-05 0.8282335 0.048172887 0.0030887383 0.00019348248 7.487685e-08 2.3802863e-06 0.08977621 0.5944089 0.047560755 0.0011024412 0.28107148 0.010064345 7.657735e-09 0.1063084 3.7699004e-09 6.420836e-08 2.2318396e-05 1.8253166e-07 2.9173594e-07 0.0017330656 2.59532e-07 3.0869327e-08 3.180533e-08 0.0069170934 1.312708e-05 0.0018867966 1.3156526e-06 1.3935408e-08 1.0140158e-10 1.2194202e-08 8.959107e-08 1.7288647e-10 0.0042408453 0.011069824 1.004508e-07 0.0010400616 2.2059039e-08 7.148574e-08 2.5067868e-07 1.4588084e-09 3.1610234e-08 2.5341338e-05 0.00013902278 1.727912e-10 1.8569492e-05 3.8922045e-07 5.775542e-10 4.9831474e-08 1.1397583e-06 0.0002989488 6.68737e-06 7.1163014e-13 1.6370404e-14 9.932388e-06 3.016911e-10 1.505141e-10 4.0401483e-07 1.9261515e-10
0.933687 0.139083 0.24492127 0.06940495 0.046947755 0.12799853 0.71454096 0.31682354 0.35409975 0.094332315 0.626041 0.66220796 0.8665725 0.0029384722 0.009904136 0.018796977 0.0003020896 0.0077638063 0.8330539 0.27758378 5.782965e-05 7.300401e-17 2.9753168e-05 0.2999893 0.9175511 2.2692855e-05 0.9089984 0.0046043117 0.007674486 0.9377654 0.20499636 3.8551334e-05 0.8785916 7.869435e-06 0.01438032 0.033843495 0.00026400338 0.27651188 0.012059017 0.0028528017 1.5695804e-06 0.001546459 0.15932193 0.000618683 2.9492148e-06 0.20102066 0.08809801 0.0023239986 0.05565745 0.0010816342 0.0006298728 0.024860574 0.043979842 0.00012065097 0.018966775 0.0013916809 0.0005175476 7.305105e-05 5.132524e-05 0.0106907915 0.001803573 6.428903e-05 0.0297545 0.0030607658 1.5784474e-06 6.807902e-06 0.00340106 0.00042017217 0.0011896178 0.0012777818 7.684698e-06 1.3998205e-07 6.546964e-06 1.3317554e-06 3.0479093e-08 0.0024982863 0.004897344 6.52255e-07 0.0025276605 1.2989924e-06 7.6602955e-06 8.7634004e-07 5.26323e-09 2.567967e-05 0.00025619683 0.00047354194 6.956716e-10 5.671604e-05 3.986438e-06 5.7004822e-08 7.2675434e-06 0.00017689748 0.0010181537 8.0820515e-05 4.0378027e-11 1.2237741e-13 6.4196665e-06 9.039002e-09 3.185103e-09 2.3974728e-06 1.6277887e-08
0.9505629 0.011087843 0.024284685 0.110001154 0.007741961 0.042533085 5.392946e-06 0.00037833976 0.0011054216 0.006600503 1.8429764e-05 0.00017611693 5.2253977e-06 0.5425363 0.08460559 0.6703267 0.59057623 0.6496874 3.14292e-07 0.002688303 0.392998 2.9753168e-05 3.7584386e-18 0.00010864092 1.4761748e-07 0.95314807 0.0006453121 0.9074925 0.14471042 9.529775e-06 1.6842281e-05 0.95539063 7.426755e-07 0.6680656 1.5013558e-07 7.822415e-08 0.5843236 0.0029553808 0.0714798 6.6820526e-08 0.15801878 1.2440232e-07 1.7246897e-05 0.042597935 0.059307665 0.00019154722 1.06019515e-05 7.8664436e-07 6.9934845e-07 0.2346237 0.037883006 0.00022727042 7.665869e-05 0.03406007 0.03545332 1.1881634e-08 0.0004902758 2.9569708e-08 5.39566e-07 6.398427e-08 2.8075526e-06 8.30765e-06 1.656716e-05 3.4245549e-09 3.1756946e-07 6.5714346e-08 0.025379412 1.6752796e-07 0.012052511 1.1527283e-08 7.559546e-09 1.5325259e-09 5.4868456e-09 4.0716728e-07 2.244713e-09 0.016815135 0.03031276 1.2161439e-06 0.0017609836 3.4388407e-07 1.6026958e-06 1.08547695e-08 6.580518e-11 6.1328924e-09 0.0002872836 0.0004635684 3.419472e-12 0.00013060815 2.44034e-06 2.9816176e-12 7.0798464e-08 0.00012865159 0.0013476568 0.00033798875 3.5057972e-14 1.2826889e-15 0.00012305171 2.3296923e-10 3.9709225e-10 8.438854e-08 3.0968192e-10
0.97520983 0.044844914 0.09870365 0.011947683 0.24566838 0.00654296 0.5457943 0.1154137 0.036536895 0.016333349 0.81620234 0.044050615 0.2639065 0.0006609936 0.4075003 0.0030160658 0.00048375054 0.00222594 0.47640523 0.9230064 1.3809366e-05 0.2999893 0.00010864092 1.9058944e-14 0.30914867 3.6535366e-05 0.03831472 0.0002558196 0.18019918 0.10315282 0.9757693 3.245934e-06 0.14003837 7.214295e-06 0.7089518 0.71940845 5.1276165e-05 0.013283346 0.00735561 0.39431405 4.2806514e-06 0.3166462 0.28993317 0.0005203051 1.58836e-07 0.22284058 0.08080881 0.25520214 0.20309858 0.0024449641 3.6956164e-05 0.0027487087 0.11671299 4.908811e-06 0.43056452 0.059480015 2.6000642e-05 0.052668363 0.01941102 0.094558395 0.03132761 0.07916647 0.038899675 0.11695994 0.009909295 0.003744814 0.102817416 0.016403126 0.050761238 0.0010338492 0.0101860305 0.0010187267 0.0045846817 0.0012847044 0.00072078273 0.016199512 0.018041933 0.00013589015 0.0067612 0.00033851538 0.00037122978 0.0031010844 9.555884e-06 0.00013778983 0.00017500753 0.00064580084 5.4832763e-06 4.473449e-05 5.9064223e-07 6.749275e-06 1.8396232e-06 1.1585602e-05 3.471075e-05 0.00017830513 2.5602384e-10 1.1980304e-12 2.071231e-05 4.0492477e-11 5.6815642e-11 7.161298e-05 7.7661666e-10
0.961149 0.008154242 0.06506769 0.0023326029 0.003081267 0.0014030904 0.5502518 0.04861932 0.030707648 0.0034426195 0.53169376 0.08720173 0.750039 9.8270975e-06 0.00091484614 0.00023639799 4.0939133e-07 0.00013270733 0.97152 0.13026771 8.282028e-08 0.9175511 1.4761748e-07 0.30914867 3.766063e-16 5.974874e-08 0.22680324 3.397186e-05 0.001424224 0.6114965 0.30107912 1.0648744e-07 0.88465077 1.21433255e-08 0.05036556 0.12426628 3.7591285e-06 0.06003229 9.0933005e-05 0.012514712 1.29714035e-08 0.004993505 0.66398275 1.3727882e-06 5.680714e-09 0.55519724 0.3623129 0.004226877 0.35591674 0.000100870835 4.6993065e-07 0.003983043 0.2980274 1.8195759e-07 0.013700953 0.015764747 4.2811516e-05 0.00043794865 0.00016912789 0.28483984 0.0028316053 0.00018529981 0.2156082 0.054571167 6.672597e-06 2.6288697e-05 0.0023124758 0.0037109866 0.00092649384 0.013783333 0.00010332705 4.617873e-07 5.632842e-05 4.5524685e-06 2.9246328e-07 0.0009978326 0.0028944747 7.0207693e-07 0.0033146397 1.5022201e-06 1.9609784e-06 0.00011011849 6.596273e-08 7.488074e-05 9.535225e-05 0.00047730148 1.2921622e-08 2.4165267e-05 4.564608e-07 5.071241e-06 6.9221204e-07 1.4338338e-05 0.0005825629 3.369601e-05 1.6768906e-11 1.1677719e-12 1.1216478e-05 2.933499e-09 9.349538e-11 4.2576423e-05 2.2138738e-09
0.950565 0.005883624 0.019548738 0.07923262 0.0023876412 0.045873266 6.0561238e-06 0.00015039231 0.0013444071 0.005628922 1.8174136e-05 0.00022339214 3.2758633e-06 0.6640845 0.017626733 0.5139851 0.85677505 0.4494939 2.5361112e-07 0.0018971353 0.83423406 2.2692855e-05 0.95314807 3.6535366e-05 5.974874e-08 2.8360905e-16 0.00043767202 0.7833991 0.046872023 7.655607e-06 7.884865e-06 0.89691293 3.031373e-07 0.91681314 7.652877e-08 3.972358e-08 0.39252254 0.005080945 0.35573596 7.1306395e-08 0.20130247 3.340222e-08 2.111162e-05 0.34225968 0.10132622 0.0005644138 1.8648074e-05 1.2785075e-07 3.0480435e-06 0.18716407 0.18892755 0.0047440417 0.00014231527 0.22562324 0.016794942 1.9920966e-08 0.015602798 5.721087e-09 2.6752744e-07 2.1050992e-06 1.9725465e-07 1.276923e-06 0.0001702706 1.099748e-08 8.016873e-08 2.519726e-08 0.015270297 6.4707024e-06 0.006051962 3.8679264e-07 2.6252418e-09 3.6832287e-10 9.103326e-10 1.1570264e-07 6.283008e-11 0.013478021 0.023496926 3.210807e-07 0.00094373757 2.5723912e-07 8.067627e-07 6.153354e-08 1.2561253e-10 5.5302838e-08 0.00019263336 0.00020623996 4.845878e-12 0.00011027497 1.7643035e-07 1.0702009e-11 1.3901641e-08 5.0174485e-06 0.0016364562 9.301629e-05 1.6358675e-13 8.921169e-15 5.0370312e-05 2.008799e-10 5.338812e-11 2.9752762e-09 4.914521e-10
0.9329915 0.18513735 0.29550332 0.11007619 0.03229148 0.35565618 0.165687 0.2961376 0.5883394 0.21157125 0.10401444 0.868708 0.44749284 0.03282524 0.010588049 0.035345063 0.017298432 0.011918861 0.1516781 0.10635302 0.0056130365 0.9089984 0.0006453121 0.03831472 0.22680324 0.00043767202 3.6816403e-18 0.0059057893 0.011575089 0.9763731 0.02302224 9.839302e-05 0.6778605 0.00014205763 0.00057791313 0.00034582397 0.0008846249 0.8762109 0.44080338 2.6120286e-05 0.000255225 4.84012e-06 0.14520602 0.028661937 4.822075e-05 0.33792588 0.19275062 1.1570762e-05 0.010377942 0.010309836 0.025536971 0.2918335 0.17424677 0.0021444808 0.015707936 1.4952958e-05 0.03369445 1.5511027e-07 9.666493e-07 0.056061275 4.1733576e-05 5.019971e-06 0.117082745 0.0015125814 1.02168194e-07 2.4386497e-07 0.0053313216 0.000421292 0.0010489493 0.00021686149 7.3956284e-07 1.117917e-08 4.0572766e-07 2.7500663e-08 2.6913396e-09 0.0017205998 0.0057899784 6.383859e-08 0.0015883677 2.3117931e-07 5.242716e-07 5.609442e-07 4.889531e-09 2.4695638e-07 4.1022264e-05 9.642334e-05 2.669055e-10 3.396611e-06 1.1483925e-07 3.116406e-08 3.5716567e-07 1.1037577e-06 0.0008096045 1.9213137e-06 1.1997684e-12 3.7883505e-14 1.8369066e-07 4.6534563e-09 3.731349e-09 1.3525288e-06 9.1356084e-10
0.9916344 0.04545376 0.06484912 0.16849245 0.0623085 0.07686134 0.0005167565 0.01880603 0.021914465 0.018907018 0.0003123997 0.012029648 0.0013620389 0.69298536 0.23842682 0.73653203 0.5201982 0.913416 8.490815e-05 0.0059743254 0.37134373 0.0046043117 0.9074925 0.0002558196 3.397186e-05 0.7833991 0.0059057893 1.1944938e-12 0.45513463 0.0012237838 3.931604e-05 0.76162744 0.00010167429 0.5439979 6.4058513e-06 3.4759028e-06 0.75945324 0.007935029 0.1538659 3.6502365e-06 0.10551506 6.3076897e-07 0.00029974504 0.120109886 0.02557066 0.002184385 0.00011844912 6.092576e-07 6.686025e-06 0.7873239 0.10603396 0.0006118896 0.00095805497 0.03343027 0.22099137 3.6431487e-08 0.0013879611 1.2004271e-07 6.4594894e-07 3.0652213e-06 1.5171669e-05 9.061313e-05 9.647108e-05 4.985752e-08 9.541978e-06 3.0201684e-07 0.12246592 2.292811e-06 0.07010129 4.4668667e-07 4.031844e-08 2.5311455e-09 7.138315e-08 3.7871268e-06 1.397019e-08 0.08878781 0.1323925 1.580939e-06 0.000646982 9.686e-07 1.1084141e-05 4.5962474e-07 6.886275e-09 9.677335e-08 0.00048120995 0.0007130413 4.517559e-09 5.3688713e-05 6.6311566e-07 1.0384156e-09 2.678864e-07 1.0857385e-05 0.0012241481 0.00013123082 2.58549e-11 1.3507244e-13 4.1774267e-05 1.415772e-08 8.5980725e-09 6.326426e-07 1.6949034e-08
0.99242306 0.141695 0.4092735 0.39492238 0.5906812 0.08818468 0.013804685 0.048976608 0.030084066 0.047569595 0.038632296 0.01890494 0.010018485 0.1359024 0.9497062 0.6911249 0.042951997 0.8280125 0.0022929136 0.73138595 0.017742123 0.007674486 0.14471042 0.18019918 0.001424224 0.046872023 0.011575089 0.45513463 6.134503e-14 0.0034631754 0.024264654 0.020467293 0.0006510957 0.0069469544 0.0009434901 0.001784071 0.0155951455 0.0029787035 0.011385058 0.0004405269 0.001956586 0.00036670547 0.0010099029 0.0034020722 0.0008404525 0.0031630713 0.0005101802 0.001112908 6.2186926e-05 0.27614862 0.0018858999 8.4196545e-05 0.00078515714 0.00081027346 0.80942327 3.113162e-06 0.00029249943 2.7333494e-05 0.00014064625 1.1211698e-05 0.0047315056 0.0278032 0.00015499014 9.076873e-07 0.0030740728 5.6838522e-05 0.44456333 1.7366558e-05 0.13149545 1.1857852e-06 3.5741973e-06 8.980956e-06 2.8221184e-06 0.0009185892 1.9105444e-06 0.13974918 0.22988462 0.00010524789 0.009070406 9.861671e-05 0.00014380332 6.2219465e-06 5.0833695e-08 5.104916e-06 0.0022523734 0.003892639 2.53166e-07 0.00036781008 7.810443e-06 9.1846735e-09 1.7954503e-07 9.1058486e-05 0.0010996523 0.000685012 1.2895159e-11 2.5858019e-14 0.00011614913 8.1360065e-09 7.3604403e-09 1.0086505e-06 3.824556e-07
0.92998993 0.046731234 0.13665001 0.040054135 0.010688967 0.08069202 0.29050013 0.16381092 0.2458698 0.032057684 0.30845627 0.60837865 0.55739367 0.0017041179 0.0030802796 0.0065713576 0.00013353075 0.0024450168 0.410899 0.08780966 2.8879565e-05 0.9377654 9.529775e-06 0.10315282 0.6114965 7.655607e-06 0.9763731 0.0012237838 0.0034631754 2.784994e-16 0.06265705 1.0886209e-05 0.8901591 2.0796913e-06 0.0028762873 0.0041625933 9.385523e-05 0.69365084 0.023586512 0.00043812176 7.694091e-06 0.00018524699 0.35474762 0.00041618984 8.313884e-07 0.5205141 0.3448578 0.0005010537 0.068301246 0.00080593885 0.00050615676 0.10476887 0.34849682 3.4175086e-05 0.008952993 0.0012440087 0.002419326 1.2068749e-05 1.9573343e-05 0.15635677 0.00027299122 1.4430812e-05 0.27341014 0.011319235 4.6538693e-07 2.9990026e-06 0.0017295314 0.0013857683 0.0005543142 0.0034297442 1.4407862e-05 1.0797083e-07 4.2450592e-06 3.2021347e-07 3.1368966e-08 0.00085446803 0.0017642076 2.1451869e-07 0.0022963888 3.1361594e-07 1.7151868e-06 1.2257309e-05 4.3641137e-08 1.0011415e-05 2.547315e-05 0.00019282545 5.56983e-09 3.1834254e-06 1.6973824e-07 4.043591e-07 1.6438006e-06 1.4470716e-06 0.00032257865 1.9470267e-06 5.1414268e-12 6.4182695e-14 1.4829789e-07 1.8158315e-09 7.736627e-10 5.791754e-06 1.9637827e-09
0.9831153 0.012708954 0.029814292 0.003462606 0.04772967 0.0021993758 0.29379472 0.046365608 0.023604078 0.006251117 0.6366122 0.032104615 0.17424025 0.00021952431 0.066657335 0.0004024312 0.000106257234 0.0002631919 0.3509124 0.69345456 1.1523311e-05 0.20499636 1.6842281e-05 0.9757693 0.30107912 7.884865e-06 0.02302224 3.931604e-05 0.024264654 0.06265705 2.9231866e-14 1.7976905e-06 0.136452 1.5738914e-06 0.81519276 0.8288509 1.0367583e-05 0.005570232 0.0019079008 0.7575214 7.8488563e-07 0.67570055 0.24889618 9.870544e-05 1.5122092e-07 0.17472436 0.07906318 0.57498974 0.38485727 0.0008110307 3.2267693e-05 0.000427343 0.11058445 2.4589685e-06 0.45311168 0.26681554 8.880885e-05 0.1701202 0.06877497 0.1607331 0.08741659 0.17140304 0.021402393 0.25408354 0.017597683 0.026900714 0.07338675 0.11046671 0.052091554 0.0021879948 0.052394103 0.0074884286 0.020545552 0.0046955803 0.005510629 0.017233565 0.022411976 0.0009518534 0.01490012 0.0013985262 0.0009706618 0.009747615 0.00012276419 0.004573644 0.00069569447 0.0023932562 0.00015750507 0.00010531577 2.3212928e-05 0.00021520753 6.762808e-05 0.00018832773 0.00035568624 0.00051991915 8.299691e-08 1.8062045e-09 0.000114753595 4.7903907e-08 7.927702e-09 0.00063555647 1.3505122e-07
