7.379336e-23 0.05092175 0.8246908 0.017529102 0.6162873 0.18608636 0.9535841 0.77498037 0.8748338 0.00021398962 0.983613 0.9480356 0.8368659 0.8235224 0.88294303 0.97335875 0.96497124 0.10589142 0.15626554 1.1369731e-07 0.0005988677 0.9907761 8.706014e-09 0.009108586 0.0013782419 0.9764092 1.9054478e-06 0.010604612 0.3292428 0.004066303 0.90585244 0.98287594 0.9935946 0.09042575 0.8086767 3.9691983e-07 0.97257835 0.90094423 0.012084523 0.8756535 0.30991265 0.9962947 0.93905973 0.18186533 0.9714518 0.9219143 0.15321128 0.9782345 8.395937e-05 0.94917935 0.94990265 0.98989975 0.034802224 0.92432714 0.87357074 0.8861142 0.97425985 0.9884166 0.9619734 0.45124507 0.98779786 0.97345483 0.8281478 0.00010953624 3.330365e-06 0.9904595 0.0001488189 0.98843306 0.9755483 6.5309345e-05 0.9964907 0.01762401 0.9812382 0.31769577 0.8064631 0.9783958 0.98513436 0.98680425 0.963334 0.98527783 0.9493323 0.07428894 0.9801434 0.99052036 0.9646727 0.95423865 0.99126434 0.9854214 0.9994597 0.970103 0.9931567 0.9151147 0.9882155 0.97974485 0.9721369 0.99985474 0.9822119 0.973116 0.9992855 0.9977586 0.9951086
0.05092175 1.2934842e-15 0.81294096 0.9930237 0.5130206 0.69773656 0.43413907 0.45520213 0.10108917 0.028722279 0.23426205 0.074052505 0.032126397 0.087355405 0.034374937 0.063287124 0.061514895 0.038074687 0.004680134 0.00031363347 0.0011804518 0.007908882 2.4748958e-06 0.0333396 0.001491733 0.027195677 0.00015127394 0.0009326288 0.010806892 0.0042336667 0.042782575 0.039691687 0.0069067967 0.01251094 0.0041509997 1.4410472e-07 0.0073693823 0.021267006 0.0011784727 0.024177555 0.0061315605 0.0054249465 0.040845856 0.00040250408 0.00631954 0.018817144 0.0030682401 0.002050295 4.8708178e-05 0.00010950627 0.000669378 0.024726767 0.00012213535 0.00022559364 0.00023023644 0.006974849 0.016431887 0.0003071803 0.0036034896 0.00023458811 0.011423794 0.00020419128 3.7882808e-05 3.166817e-08 1.1379066e-08 0.003539232 8.864459e-09 0.0009754944 0.0007791781 9.238013e-09 0.00048142293 5.437503e-06 9.667544e-05 0.0010335258 2.8693788e-05 0.00022113725 0.0036506304 0.00020316764 4.7326494e-06 5.185537e-05 1.6433814e-05 5.2944984e-07 5.914828e-05 1.5682002e-05 1.8488949e-05 0.0002664419 2.6653071e-05 6.514065e-05 9.311321e-05 6.621662e-06 0.00012955815 0.00015113335 0.0012258467 0.00039007512 1.2111237e-05 0.0074970894 9.0978196e-05 0.0012853295 0.004049392 0.0013730848 0.0018194339
0.8246908 0.81294096 1.5804811e-15 0.8834633 0.9473405 0.86088884 0.85779357 0.83392495 0.3139417 0.026325755 0.7062336 0.26301932 0.15957944 0.17810118 0.15085955 0.20376989 0.28362983 0.016210832 0.0060723554 1.4086222e-06 0.0005563943 0.06300242 9.25528e-09 0.2017752 1.12176e-05 0.1822037 4.1443917e-07 3.559392e-05 0.0018592308 1.9862988e-05 0.05626068 0.054463487 0.052109927 0.004742427 0.0004215816 4.5838175e-10 0.035689317 0.0098957755 0.0213544 0.025934378 0.0053592515 0.034043133 0.0018822424 0.00010972151 0.036015254 0.027042363 0.0041524293 0.011656103 2.6448606e-07 0.0014087943 0.0074144634 0.25898024 2.0413365e-06 0.0025152056 0.0010396668 0.003908415 0.022864204 0.0039059462 0.004919115 3.948208e-05 0.0025841054 0.00074772816 7.107831e-05 1.08540865e-08 2.1855316e-10 0.016315345 2.2303395e-09 0.0049438956 0.0014211299 5.630693e-09 0.011479941 2.7825962e-07 0.000121667064 0.007471686 8.473698e-05 0.0010065103 0.0027994826 0.0018077843 6.4112326e-05 0.00018904248 0.00015330822 1.04995e-07 0.0001426973 3.8818398e-05 3.307388e-05 0.0004187808 5.8639755e-05 7.6679884e-05 4.5262714e-05 1.10485025e-05 0.0004165216 0.00057312846 0.00076552643 0.0007169638 0.00013222313 0.0077272058 0.00053321634 0.0017227031 0.017476428 0.0071607856 0.01744603
0.017529102 0.9930237 0.8834633 3.57954e-15 0.47362298 0.42043757 0.44673875 0.6617495 0.14980313 0.007195318 0.3566709 0.042553715 0.105521224 0.076132834 0.22280104 0.09061395 0.045926835 0.006635003 0.0005291969 5.927855e-05 9.21678e-05 0.05242354 4.8289087e-07 0.5632564 4.799887e-05 0.090683304 1.2815815e-05 3.7856516e-05 0.0017019804 1.1059286e-05 0.018217823 0.019977167 0.014787844 0.00029930996 0.00051671587 2.9617686e-08 0.011553203 0.004427492 0.011475502 0.0065197307 0.0004952632 0.006175262 0.004490281 2.6293414e-05 0.009138137 0.004721776 0.0004432148 0.0024472936 9.934429e-07 0.00040888632 0.0036844977 0.024884976 4.477113e-06 0.0008862271 0.0012188611 0.0013335551 0.0011004071 0.0006912615 0.007128513 8.402925e-06 0.0019279732 0.00023855586 5.886165e-06 4.3739928e-10 1.9045874e-09 0.00071264425 1.07391014e-11 0.00041032536 0.00024479014 2.4705057e-11 0.0007522302 2.873767e-08 3.6360216e-05 0.0047425013 5.4686727e-05 0.00015052519 0.00028669048 0.00022056857 2.106046e-05 9.436367e-05 6.5827975e-05 1.2670704e-08 3.1408348e-05 8.901789e-06 1.0866977e-05 0.0003524025 0.000189312 3.700021e-05 1.5162816e-05 1.8395538e-05 0.000108740845 0.00042746586 0.00013022062 0.00025425837 4.1423253e-05 0.0016174442 0.00018778576 0.00067558215 0.0033634629 0.0021913268 0.00080821017
0.6162873 0.5130206 0.9473405 0.47362298 2.2368389e-18 0.8557396 0.937378 0.78486854 0.4515444 0.03594282 0.78453916 0.44445446 0.14729148 0.15127584 0.0755627 0.38384473 0.61340606 0.007901362 0.008381254 1.1918814e-06 0.00096727925 0.03298499 1.140292e-08 0.07117862 5.290672e-07 0.17143336 6.655688e-07 1.9554984e-05 0.0024282115 8.863986e-05 0.14829826 0.09576901 0.08285498 0.0034319316 0.0012003931 9.145122e-11 0.08410279 0.011678502 0.0072755115 0.034049757 0.0066538043 0.059491415 0.004104651 0.00018711253 0.06843928 0.023393208 0.0032214825 0.041707795 2.8082248e-08 0.0006044345 0.004196267 0.13022095 1.6776106e-07 0.0012717047 0.0005755272 0.004615976 0.02949267 0.0020332949 0.0027753096 9.3435854e-05 0.0051231226 0.00026768888 0.00017148761 6.2035994e-09 9.465535e-12 0.0138689345 2.670119e-10 0.011848589 0.0015303448 1.3956443e-09 0.00881945 6.93961e-07 8.60434e-05 0.002736739 2.154664e-05 0.0025081155 0.0022422231 0.0014975535 2.5586338e-05 5.3200434e-05 2.5730367e-05 5.8680445e-08 0.00015785966 0.00021067061 3.8079095e-05 0.00062313204 0.00019694837 0.00035563824 0.0003574439 2.485437e-05 0.00071002333 0.0004323814 0.00050472736 0.00052325486 0.00010558236 0.003320065 0.00029694277 0.0024731655 0.012609259 0.0034234454 0.011429265
0.18608636 0.69773656 0.86088884 0.42043757 0.8557396 4.1826993e-17 0.48075482 0.22173691 0.05628747 0.9834217 0.18712951 0.8040358 0.0060568294 0.81999594 0.009121147 0.037010714 0.28463203 0.47475025 0.10766944 0.011625175 0.14398079 0.0021528627 0.00024418766 0.015463558 0.06765154 0.003447441 0.00083231786 0.031944215 0.15005381 0.032747157 0.16270429 0.04779323 0.0014476195 0.22630091 0.14183192 1.0255195e-05 0.0070447573 0.114977814 0.00021289349 0.14452863 0.07282747 0.0023038865 0.32077834 0.007918202 0.0087474445 0.048965316 0.0123074725 0.0031609272 0.00041471754 8.071964e-06 9.200674e-05 0.013817302 0.007933614 1.0045147e-05 1.4816246e-05 0.11440464 0.20930901 7.587665e-05 0.0003679148 0.005597756 0.12667467 3.178308e-06 0.0020843875 1.6205815e-06 2.3950756e-06 0.10626317 2.4833798e-07 0.0003345476 0.021918776 1.489459e-07 0.0008695834 0.00028847205 1.8443478e-05 0.00042284792 1.2084868e-06 8.851189e-05 0.019797064 0.00011061244 1.2208119e-06 7.9969595e-06 5.62758e-07 8.306997e-05 1.7237227e-05 4.1030107e-06 8.8630145e-07 8.230745e-06 1.1740439e-05 2.4404157e-05 0.00085945235 2.3877854e-07 5.4817003e-05 0.00012820431 0.00507584 0.0001848492 1.2229904e-05 0.03184722 2.0704489e-05 9.1164235e-05 0.003802169 0.0004309624 0.0010892253
0.9535841 0.43413907 0.85779357 0.44673875 0.937378 0.48075482 2.2753036e-14 0.57563543 0.32535398 0.0055610333 0.9434289 0.40986967 0.10461376 0.121347845 0.07103389 0.45684642 0.5497378 0.0030930124 0.0036519659 2.4611033e-06 0.00037191194 0.036207806 1.4114796e-08 0.095407374 1.7668907e-06 0.25884447 1.0000662e-05 6.4254737e-06 0.00059573393 4.642521e-05 0.099930614 0.107023194 0.09458179 0.0034291127 0.00027803614 1.3094095e-09 0.12602292 0.016958036 0.027785905 0.03134211 0.0051055937 0.102698855 0.0027282361 6.6341236e-05 0.1146461 0.029651703 0.0039268117 0.04336792 2.0810603e-06 0.00096984435 0.0063379 0.33056515 8.9179815e-07 0.0022777154 0.0013768389 0.0018486137 0.044803496 0.0038200035 0.0034075985 7.820286e-05 0.0025766613 0.0009463196 0.00012291074 1.53251e-07 5.339864e-10 0.008277887 4.6180464e-08 0.040939074 0.001169309 7.4042663e-07 0.023322264 2.7891251e-06 0.00029006187 0.007333379 0.00073418906 0.010002885 0.0031660395 0.0047056195 0.00066238665 0.0010874292 0.00036348146 8.22998e-07 0.00095328793 0.00024264069 0.0002062673 0.0033667926 0.00052533165 0.0005988646 0.00010898066 0.00053223956 0.0011231244 0.0006803777 0.0033675309 0.001065246 0.00047171398 0.012745627 0.0019581476 0.004540887 0.056923438 0.01985394 0.042450134
0.77498037 0.45520213 0.83392495 0.6617495 0.78486854 0.22173691 0.57563543 7.98453e-17 0.9565682 0.0002788761 0.70273924 0.059147194 0.8755655 0.008390498 0.7727256 0.33772147 0.11741754 5.6862165e-05 1.90484e-05 1.9994884e-09 9.2443423e-07 0.29805726 6.367069e-11 0.58435184 4.044885e-08 0.47499052 3.082426e-08 5.3603827e-07 0.00022580716 2.7001656e-07 0.008468238 0.008595529 0.11611535 9.753158e-05 6.26623e-05 8.7643684e-11 0.03355651 0.00012636844 0.0663619 0.0013894425 0.00015567825 0.042914767 0.00017271428 6.528248e-06 0.016177312 0.0013039957 0.00011791759 0.007771525 5.83169e-09 0.009953915 0.039274354 0.06783685 4.4086974e-08 0.01302251 0.003476055 0.00052365026 0.0009443601 0.027144425 0.022448083 2.6729042e-06 0.0001958534 0.0042392397 2.5473598e-06 6.849237e-11 3.4013313e-11 0.00047695087 5.238097e-11 0.0052488972 6.0266055e-05 3.95523e-10 0.05377316 1.9798883e-08 0.0014525503 0.012601397 0.001089524 0.0051966114 0.00018258662 0.014445175 0.0002570333 0.0008868401 0.0009609695 2.8922212e-08 0.001016188 0.001119826 0.0007677604 0.0012708851 0.0012499671 0.0021740715 1.7805305e-05 0.0002750607 0.004702264 0.0012873026 1.078491e-05 0.0034132723 0.00095083367 0.0010931841 0.0011265841 0.0036508844 0.009415117 0.0070556733 0.016574724
0.8748338 0.10108917 0.3139417 0.14980313 0.4515444 0.05628747 0.32535398 0.9565682 7.3653775e-18 0.000108306784 0.6275618 0.029092036 0.93101174 0.0039781462 0.6256799 0.4595748 0.15805392 6.37866e-05 1.40656775e-05 2.2390162e-10 4.0436373e-07 0.41203773 6.3731767e-12 0.13357629 1.3167526e-09 0.71612763 5.2946136e-09 1.3680459e-07 6.5927925e-05 2.2367775e-08 0.009522644 0.010537113 0.2922081 3.0522948e-05 4.1125597e-05 1.483966e-11 0.07145674 0.00012837583 0.06497856 0.0022511214 3.2303506e-05 0.11557435 0.00017980988 4.077628e-06 0.023238407 0.0028182832 5.2108942e-05 0.01600045 5.1395105e-10 0.022313766 0.07182085 0.09718825 1.4218149e-08 0.03382818 0.010696851 0.00017764335 0.0011624222 0.071661144 0.016288526 7.159521e-07 0.0005606237 0.01811152 3.3860188e-06 2.8617674e-11 6.639488e-13 0.00078013056 6.2769706e-11 0.029608505 6.967051e-05 2.2694528e-10 0.109002605 4.2486676e-08 0.0060959826 0.013578084 0.0031684544 0.016138304 0.0002902661 0.0355088 0.001340682 0.005475149 0.0035342434 9.750106e-09 0.00769381 0.009301862 0.0048169876 0.007749075 0.0066116196 0.010632414 3.632902e-05 0.002132553 0.016026517 0.0019903283 0.00027261008 0.008469154 0.0010936991 0.0019366592 0.006781545 0.010795257 0.022922939 0.02016317 0.056260608
0.00021398962 0.028722279 0.026325755 0.007195318 0.03594282 0.9834217 0.0055610333 0.0002788761 0.000108306784 1.5922124e-18 0.0014084678 0.14225 7.2238445e-06 0.51602876 8.5702e-05 0.00025896967 0.008408125 0.41664755 0.06258893 0.6820292 0.25167304 1.4344457e-06 0.17302653 0.00014839628 0.6130651 2.0723658e-06 0.7154476 0.26517698 0.49873385 0.19911946 0.0030219392 0.00035949252 6.8259254e-07 0.056587223 0.47437096 0.01711162 7.0261746e-07 0.014610524 1.9842803e-07 0.011054036 0.008595119 1.0936421e-06 0.27704862 0.018398685 1.0283463e-06 0.00469735 0.0016324418 9.593417e-07 0.020763243 1.9757989e-08 4.0528565e-07 0.00016682924 0.0039054488 1.3177828e-07 8.923511e-09 0.01426943 0.0062480923 2.8290974e-06 5.138543e-07 0.0012178259 0.054618064 2.436339e-07 0.0010048529 7.230464e-07 2.7139957e-05 0.005194746 2.983952e-07 3.3962285e-06 0.0045824484 1.9207969e-08 7.996589e-07 8.2535286e-07 6.49832e-08 2.2649483e-05 2.763726e-09 1.1816838e-08 0.002382053 4.5768485e-07 3.399525e-09 1.6685819e-08 2.2770634e-09 5.060607e-08 1.646854e-08 9.382699e-10 1.5249301e-09 9.63701e-09 1.5383584e-07 7.032821e-08 9.2550865e-05 2.6374725e-09 7.3351436e-07 2.419515e-07 9.7252605e-06 1.0197522e-06 5.6818333e-08 0.0024184817 2.2351496e-07 5.1777313e-08 0.00067524845 7.2534667e-06 7.2555446e-07
0.983613 0.23426205 0.7062336 0.3566709 0.78453916 0.18712951 0.9434289 0.70273924 0.6275618 0.0014084678 1.523015e-16 0.42546114 0.32982838 0.125419 0.14133857 0.94486415 0.7670687 0.00402984 0.0072533875 9.4009573e-07 0.0006992034 0.108217955 3.2850935e-09 0.084834196 1.671982e-07 0.4830283 1.266592e-06 1.4658798e-06 0.0006033291 0.00010798376 0.106203474 0.1257159 0.25955433 0.0020663904 0.00013857207 1.0399492e-10 0.34081143 0.015594794 0.050177995 0.026254075 0.004508989 0.22462757 0.0009076718 4.9852933e-05 0.17721245 0.049288683 0.0023628487 0.085524395 1.881108e-07 0.0058111907 0.014916931 0.2732877 4.2209484e-07 0.009956976 0.0075914687 0.0012481743 0.027535567 0.022587588 0.011406522 4.6966816e-05 0.00058083405 0.0041692043 3.6916674e-05 1.2537616e-08 6.615894e-11 0.0030344613 4.9643134e-09 0.059750266 0.00023221553 4.513641e-09 0.05922362 1.0923309e-06 0.0013672152 0.01091535 0.0030034347 0.025206959 0.0013519943 0.013729664 0.0019638964 0.0053616418 0.0016314933 3.323418e-07 0.0035258827 0.0015440945 0.001666637 0.00953859 0.0017732676 0.0021527992 3.6174137e-05 0.000826931 0.0048146453 0.0015765022 0.0024565943 0.0053725108 0.000935958 0.01854394 0.0066435225 0.009659817 0.07575355 0.036433734 0.0699311
0.9480356 0.074052505 0.26301932 0.042553715 0.44445446 0.8040358 0.40986967 0.059147194 0.029092036 0.14225 0.42546114 3.3812482e-18 0.010389651 0.9610917 0.0025747945 0.27210096 0.8899066 0.33760032 0.33374164 0.00014890268 0.14188446 0.0006888099 7.409889e-07 0.0003647538 0.0009457386 0.06459047 0.0003850779 0.0017026486 0.0101000555 0.04195541 0.5855407 0.36172312 0.078796655 0.17788231 0.0051670354 1.9055694e-08 0.123419106 0.24061722 0.00038108957 0.32370603 0.14814016 0.09343127 0.0359998 0.0018669982 0.14171608 0.3001416 0.07022952 0.124482445 3.3373806e-05 2.1628152e-06 0.00039060824 0.24836141 0.00028149254 9.853482e-05 3.6583497e-06 0.17515865 0.33300233 9.657123e-05 7.008782e-05 0.0037388336 0.038848493 1.8541516e-05 0.0021434347 1.7196631e-06 2.1367625e-09 0.21239151 1.17914475e-07 0.045006774 0.029721392 3.029519e-08 0.0030856393 7.511964e-05 1.7062398e-06 2.7825512e-05 3.9972823e-05 0.0069718496 0.01796732 0.0013055885 4.2855594e-05 0.000211725 2.3844734e-06 1.8010538e-06 0.00024675523 2.211717e-05 5.5529727e-06 0.0005118747 0.00013144074 0.00017975758 0.00037619885 7.826728e-06 0.0002427083 2.921561e-05 0.012372568 0.0002008765 1.4745463e-06 0.09465013 0.00012923754 0.0023614059 0.06350944 0.011507727 0.018946167
0.8368659 0.032126397 0.15957944 0.105521224 0.14729148 0.0060568294 0.10461376 0.8755655 0.93101174 7.2238445e-06 0.32982838 0.010389651 3.6079825e-17 0.0017570775 0.9301842 0.27984282 0.08017477 2.8957681e-06 7.769949e-07 7.228043e-11 1.3969505e-07 0.86149037 5.9715245e-12 0.25125498 2.7548988e-10 0.76680547 1.6693203e-08 5.6516775e-08 1.2925375e-05 7.579094e-09 0.002252107 0.0048290635 0.2805785 4.05725e-07 4.9055075e-06 2.036882e-11 0.047340117 4.3484974e-06 0.20547836 0.00015783677 1.0925519e-06 0.11308031 1.5960344e-05 2.2203385e-06 0.02248387 0.00012069528 1.5750416e-06 0.009578755 2.370617e-10 0.07881738 0.18478198 0.041819155 4.572747e-09 0.07754325 0.043137874 1.0088859e-05 0.00018110163 0.18966424 0.075181484 1.0188525e-07 0.00011840225 0.03305992 5.2855285e-07 3.9338012e-11 1.3991309e-12 0.00017327176 3.6847025e-11 0.021802818 8.862825e-06 6.8755357e-10 0.24244097 8.0624885e-09 0.010765853 0.044448115 0.006251156 0.035701036 2.0078678e-05 0.060526025 0.0033048405 0.011832221 0.0068395426 4.0373003e-08 0.010269617 0.020444507 0.008670441 0.013503057 0.0060528796 0.012005431 5.885324e-06 0.003178542 0.020610603 0.0060148374 6.798206e-05 0.026351107 0.0041500917 0.00031631047 0.015403133 0.013483485 0.019343926 0.03579905 0.06664931
0.8235224 0.087355405 0.17810118 0.076132834 0.15127584 0.81999594 0.121347845 0.008390498 0.0039781462 0.51602876 0.125419 0.9610917 0.0017570775 2.476322e-19 0.0017460962 0.08849523 0.50701433 0.8972701 0.7598197 0.0017224839 0.35132012 0.0001762404 6.804303e-05 0.0001735342 0.048788372 0.0093407435 0.001665895 0.032788303 0.11480851 0.2910627 0.46499276 0.20977305 0.040903598 0.64510524 0.034557097 7.5268724e-07 0.05818922 0.6182672 0.00012123621 0.48517638 0.4828879 0.072288744 0.4124588 0.033235375 0.11193382 0.42741236 0.49240053 0.08861579 0.0012272486 4.7400226e-07 0.00021705042 0.17981702 0.016545814 2.4518113e-05 4.523046e-06 0.46682122 0.6134641 0.00013508556 0.0001254605 0.034321632 0.10517729 4.2940275e-05 0.018651497 5.362917e-06 9.391435e-10 0.29436037 4.7342763e-07 0.06982062 0.117414 4.2378062e-08 0.00039320675 0.0002804561 7.804988e-07 1.2961863e-05 8.975245e-06 0.002295352 0.099181674 0.00026730698 1.444731e-05 0.00015682519 1.5098877e-07 4.8017528e-06 0.00037990444 2.5203078e-06 1.9529384e-06 0.0004040877 0.0003095438 0.00014994162 0.0016447942 3.386458e-06 0.0002901067 7.1921e-06 0.020664036 6.587112e-05 8.553422e-08 0.3769684 1.9233223e-05 0.005113392 0.05691512 0.0071121855 0.013348861
0.88294303 0.034374937 0.15085955 0.22280104 0.0755627 0.009121147 0.07103389 0.7727256 0.6256799 8.5702e-05 0.14133857 0.0025747945 0.9301842 0.0017460962 3.3321493e-14 0.064144656 0.008591087 6.4626292e-06 5.3475646e-06 3.406029e-09 4.6577102e-07 0.95672345 9.66141e-10 0.7083434 7.2235857e-09 0.37045926 1.06543716e-07 2.1741906e-07 2.7574368e-05 4.6383587e-08 0.00065433286 0.0005558234 0.080974996 1.8942615e-06 1.23831915e-05 9.052852e-10 0.009148924 8.546427e-06 0.78137773 0.00021662959 9.615693e-07 0.029903516 1.7499167e-06 1.412153e-06 0.005051114 0.00016290996 4.6073837e-06 0.0013721142 4.2209765e-09 0.43676856 0.28383118 0.010037979 6.1150715e-08 0.14476448 0.3301618 1.0073331e-05 0.00013640954 0.16078348 0.646693 4.2594087e-07 5.863788e-06 0.045189917 2.481325e-07 4.9449667e-10 5.746249e-10 3.583937e-05 2.8956197e-09 0.0022952745 1.7283934e-06 8.060705e-09 0.13395238 9.801681e-09 0.028144471 0.23868608 0.004185782 0.0077794963 1.9965808e-05 0.08553973 0.002560593 0.0037449175 0.013604187 3.0806156e-08 0.00458372 0.022622019 0.0099901 0.0020945582 0.005326224 0.015192498 7.467764e-07 0.0021990633 0.033197165 0.023602486 4.975277e-05 0.04070744 0.011069639 0.00051319815 0.01907176 0.0054313214 0.0065032803 0.0075967778 0.037380815
0.97335875 0.063287124 0.20376989 0.09061395 0.38384473 0.037010714 0.45684642 0.33772147 0.4595748 0.00025896967 0.94486415 0.27210096 0.27984282 0.08849523 0.064144656 1.0635597e-17 0.85116583 0.0032805938 0.0028372384 2.2208097e-07 5.2398667e-05 0.10114852 6.449714e-09 0.02455359 4.3076613e-09 0.86535555 3.0706738e-07 9.392359e-08 7.253442e-05 5.454391e-07 0.12294679 0.14169534 0.8011828 0.00020002945 2.6676265e-05 2.5258587e-10 0.81333774 0.01446717 0.03736644 0.028884815 0.0008835225 0.61862314 0.00022147069 1.3536423e-06 0.37617654 0.039494447 0.0002058236 0.18445884 5.151457e-09 0.011432078 0.02176844 0.23870674 2.0628182e-08 0.014687395 0.010646944 0.0007456022 0.029280467 0.033473823 0.009947708 1.3504568e-05 0.0011054716 0.008441211 1.4475872e-05 4.777641e-09 3.254177e-11 0.0038636338 1.6898412e-09 0.15129793 0.0005019559 7.5482784e-09 0.13144074 2.208705e-07 0.002605395 0.005302538 0.008533549 0.10715281 0.0005148508 0.024429364 0.0053916555 0.02311642 0.0025443775 1.8458882e-08 0.013145975 0.0036452552 0.0030606007 0.042443648 0.0038820843 0.007618696 1.4817235e-05 0.002254302 0.010459435 0.0015884511 0.0007981922 0.0055833897 0.0009591273 0.013307767 0.007623692 0.02800134 0.10200461 0.10720671 0.11600972
0.96497124 0.061514895 0.28362983 0.045926835 0.61340606 0.28463203 0.5497378 0.11741754 0.15805392 0.008408125 0.7670687 0.8899066 0.08017477 0.50701433 0.008591087 0.85116583 5.2814605e-17 0.059216373 0.12894107 1.5276335e-05 0.008640375 0.010535918 7.1609655e-08 0.003849722 6.9398916e-06 0.24752666 4.8130423e-05 6.731857e-05 0.0024101627 0.0023716409 0.78374344 0.84630466 0.32203054 0.02010467 0.0017709031 2.097426e-08 0.8755594 0.1679088 0.0033779608 0.30571786 0.02633585 0.33935946 0.007166658 0.00030120413 0.8222042 0.30675417 0.014969931 0.72515756 9.688366e-07 0.00082219904 0.003541842 0.3878638 2.0241483e-05 0.0016774387 0.00061115215 0.018805694 0.15306817 0.003657159 0.0007064315 0.0011717174 0.0075855856 0.0006160524 0.0013422146 2.3404998e-06 2.3364841e-09 0.04577996 1.6738112e-06 0.16559838 0.006817089 1.9718487e-07 0.016694704 0.00014530969 0.00023440359 0.0010663761 0.0013700222 0.06301852 0.013066081 0.0048590126 0.0009212641 0.007467868 0.00020638772 9.902406e-06 0.004224392 0.000686673 0.0006692424 0.01644842 0.0011454613 0.0019060568 0.00012024308 0.00089918706 0.002596995 0.0008340015 0.017149188 0.0014238681 0.0001746339 0.13171986 0.0022820183 0.01358463 0.12962492 0.057831887 0.04107722
0.10589142 0.038074687 0.016210832 0.006635003 0.007901362 0.47475025 0.0030930124 5.6862165e-05 6.37866e-05 0.41664755 0.00402984 0.33760032 2.8957681e-06 0.8972701 6.4626292e-06 0.0032805938 0.059216373 8.901366e-19 0.9750141 0.0018087053 0.8809751 8.407971e-07 6.304725e-05 3.5185092e-06 0.103228845 1.2406041e-05 0.0010813582 0.03703971 0.70392555 0.44424787 0.1430632 0.027486948 0.0004144396 0.8155418 0.43938643 1.0261221e-05 0.0037003916 0.47794524 1.6449768e-06 0.25467378 0.5017716 0.001140988 0.50760823 0.08218472 0.008030839 0.23427972 0.45422918 0.012414847 0.00061120896 3.7157918e-07 1.535678e-06 0.013770267 0.037379853 1.5077927e-07 2.8540111e-07 0.3416686 0.3784212 2.0181913e-06 1.9985096e-06 0.046786904 0.094725795 2.9002192e-07 0.013173068 9.487183e-06 7.066204e-09 0.11107113 8.787662e-07 0.0070546307 0.05988998 7.0413275e-09 2.3524474e-06 1.704694e-05 6.5736785e-08 4.3878927e-08 6.9087855e-07 5.430531e-05 0.032310374 2.8674324e-06 8.9624524e-07 4.501272e-06 9.8196864e-08 2.6111542e-07 5.634424e-06 1.8610622e-07 1.14123594e-07 4.005827e-05 6.1176906e-06 1.967473e-06 0.0013284537 1.6908471e-07 4.0268224e-06 1.0986479e-07 0.0047164024 1.1566204e-05 1.6278453e-07 0.11336615 7.9487785e-07 0.00020094875 0.0054378626 0.00043611685 0.00038132537
0.15626554 0.004680134 0.0060723554 0.0005291969 0.008381254 0.10766944 0.0036519659 1.90484e-05 1.40656775e-05 0.06258893 0.0072533875 0.33374164 7.769949e-07 0.7598197 5.3475646e-06 0.0028372384 0.12894107 0.9750141 4.6799513e-18 0.00028647375 0.42818397 7.7376384e-08 1.1181313e-06 1.2241445e-07 0.011023135 9.411786e-05 0.00022688646 0.010126603 0.2751943 0.19619502 0.29320055 0.061230496 0.00012653002 0.84891546 0.18719123 3.3139564e-08 0.002026384 0.72237366 1.133233e-07 0.46077898 0.65320116 0.00078022026 0.74637 0.062362615 0.00916379 0.34552574 0.58992916 0.0179617 7.245174e-05 4.3359286e-08 1.3658813e-06 0.031097583 0.03401317 7.7694644e-08 1.5769306e-08 0.6793027 0.5591995 8.434281e-07 9.877785e-07 0.1133214 0.30622095 4.0075764e-07 0.026781958 3.2791484e-06 2.1031125e-10 0.26451892 1.0063331e-08 0.005019646 0.17320392 1.620317e-08 2.988184e-05 3.0334788e-05 1.1018083e-07 7.9473125e-08 5.506762e-07 0.00011426283 0.080667935 2.3964683e-05 3.513813e-07 8.465375e-06 1.6635864e-08 1.0151646e-06 6.2190816e-06 5.8486944e-07 7.936194e-08 3.4496737e-05 2.2265388e-06 1.5079486e-06 0.0023201962 3.7862222e-07 3.94981e-06 6.238497e-07 0.0047122883 3.1890256e-06 1.0713687e-08 0.03330127 3.8447828e-07 0.00048067333 0.009231063 0.00077854487 0.0007077794
1.1369731e-07 0.00031363347 1.4086222e-06 5.927855e-05 1.1918814e-06 0.011625175 2.4611033e-06 1.9994884e-09 2.2390162e-10 0.6820292 9.4009573e-07 0.00014890268 7.228043e-11 0.0017224839 3.406029e-09 2.2208097e-07 1.5276335e-05 0.0018087053 0.00028647375 1.2747179e-16 0.0024865062 2.1845326e-09 0.5681947 3.8484512e-07 0.09616367 2.7600437e-09 0.7093981 0.015136335 0.023804743 0.0020291563 5.7181205e-07 1.860924e-07 1.3512872e-08 0.00041180328 0.017197518 0.007230972 1.8875286e-09 8.02515e-06 1.937565e-08 2.5871075e-06 1.3833208e-05 5.3192206e-09 0.0019934236 0.004269401 2.364229e-09 7.698845e-07 4.9445903e-06 1.3404406e-09 0.015397287 2.6081128e-09 6.306856e-10 1.387097e-08 0.001459675 1.7998568e-12 1.790833e-09 1.2971213e-05 2.908398e-07 1.2041972e-09 1.2229717e-07 1.775137e-05 3.0480942e-05 3.322901e-11 1.6912489e-05 2.2950724e-08 1.9750773e-06 2.4442645e-06 1.13569e-09 6.571509e-08 6.595853e-06 1.6183696e-10 8.798681e-09 3.045942e-10 6.457367e-10 3.797787e-07 1.7786521e-10 6.138955e-09 1.2397081e-06 6.6584493e-09 5.1410104e-10 1.7767722e-08 5.102141e-10 5.316494e-12 4.1825245e-09 1.0379195e-11 2.431731e-11 1.5824286e-09 1.7925304e-10 2.4541727e-10 3.278282e-06 9.707991e-11 4.987195e-09 1.3474298e-07 1.711515e-10 3.2099695e-08 1.1267257e-08 3.974107e-07 4.2389864e-08 8.570239e-09 4.2897338e-07 3.2218754e-08 3.6238546e-08
0.0005988677 0.0011804518 0.0005563943 9.21678e-05 0.00096727925 0.14398079 0.00037191194 9.2443423e-07 4.0436373e-07 0.25167304 0.0006992034 0.14188446 1.3969505e-07 0.35132012 4.6577102e-07 5.2398667e-05 0.008640375 0.8809751 0.42818397 0.0024865062 2.7332794e-20 1.8976453e-07 2.0018353e-05 5.2665484e-07 0.09453658 8.2124495e-07 0.00322384 0.10275517 0.9608614 0.7747757 0.019954279 0.0029107002 2.6254336e-06 0.7426086 0.555422 1.2236379e-05 2.9525765e-05 0.08245029 3.0718965e-08 0.033840444 0.14869183 9.847503e-06 0.14432615 0.11340093 0.00012054194 0.032718718 0.22272918 0.0003053624 0.022250598 3.2363303e-08 1.745727e-07 0.00068121497 0.03999501 1.0539201e-08 8.157168e-09 0.050385017 0.014655236 6.9874244e-07 6.818021e-07 0.016348956 0.016954686 2.7240734e-08 0.005212358 9.920233e-06 3.556141e-09 0.0050355997 1.9472691e-07 0.00030769868 0.007700428 2.1625757e-10 2.5584313e-07 8.439362e-06 4.531162e-08 4.0694638e-07 1.5553189e-08 1.2418511e-06 0.0019398755 1.1967416e-06 3.4507228e-09 7.2164696e-08 6.966173e-09 4.527039e-09 8.5895856e-08 2.9719489e-08 2.7503917e-08 1.7154034e-07 1.09523754e-07 3.188048e-07 0.00063850905 1.2483116e-08 3.1620216e-06 5.398336e-07 5.3483884e-05 3.403719e-06 4.150166e-09 0.0012400979 5.7325163e-08 8.916999e-06 0.0009075957 4.332943e-05 5.9349655e-05
0.9907761 0.007908882 0.06300242 0.05242354 0.03298499 0.0021528627 0.036207806 0.29805726 0.41203773 1.4344457e-06 0.108217955 0.0006888099 0.86149037 0.0001762404 0.95672345 0.10114852 0.010535918 8.407971e-07 7.7376384e-08 2.1845326e-09 1.8976453e-07 6.6950125e-16 7.732497e-10 0.18024857 5.4042846e-09 0.78466547 2.3392064e-07 3.417399e-08 4.6396067e-06 1.9582556e-08 0.00031831922 0.0002761225 0.22172531 1.6367597e-06 3.6624165e-06 1.1127153e-09 0.020056598 8.349143e-06 0.44240186 7.02365e-05 5.0151306e-07 0.082159266 6.156908e-07 2.4730804e-07 0.008217253 9.819506e-05 3.6212778e-06 0.0029517333 3.5484915e-09 0.6035115 0.70049196 0.013775995 9.5351005e-08 0.5113598 0.31900796 7.4110444e-06 6.7518406e-05 0.60499406 0.34012446 4.7349675e-07 8.553946e-06 0.27960443 2.5137797e-07 2.2232115e-10 5.929129e-10 2.4723047e-05 1.6323738e-09 0.0144433705 2.0351047e-06 3.762417e-08 0.51865727 6.437207e-08 0.109864525 0.18409416 0.020888286 0.056330714 1.5314625e-05 0.29806396 0.020152647 0.029820232 0.03484948 2.444388e-08 0.03612247 0.1269857 0.04493526 0.027802503 0.024697244 0.0962562 7.907097e-07 0.008918539 0.15484124 0.041577753 0.0002785824 0.11420682 0.013215531 0.00021727738 0.060912393 0.036596585 0.014944249 0.07092649 0.20868388
8.706014e-09 2.4748958e-06 9.25528e-09 4.8289087e-07 1.140292e-08 0.00024418766 1.4114796e-08 6.367069e-11 6.3731767e-12 0.17302653 3.2850935e-09 7.409889e-07 5.9715245e-12 6.804303e-05 9.66141e-10 6.449714e-09 7.1609655e-08 6.304725e-05 1.1181313e-06 0.5681947 2.0018353e-05 7.732497e-10 8.016464e-22 3.4906733e-09 0.01618963 4.4587986e-10 0.61472845 0.0033214176 0.0046486603 0.00031648972 4.1547756e-09 9.844e-10 1.9147432e-08 1.4103207e-05 0.0033956445 0.061393194 2.6624755e-10 2.4443077e-07 1.2795187e-09 5.3535036e-08 5.1091996e-07 4.542245e-09 0.00024647772 0.0005174578 4.726958e-11 1.8190702e-08 2.1589275e-07 9.836919e-11 0.012425738 1.6791957e-10 4.9624437e-11 1.1797803e-09 9.950805e-05 7.628923e-14 8.6622814e-10 7.628288e-07 1.13735314e-08 5.664965e-11 2.0795762e-08 8.9840177e-07 3.3146237e-06 4.1021375e-12 1.4926777e-06 1.4313185e-09 2.4304747e-05 1.9674626e-07 1.8305427e-11 3.79875e-09 8.45289e-07 6.427688e-11 1.8661148e-09 6.142483e-12 1.631716e-10 3.2410702e-07 1.76185e-11 1.893341e-09 6.149705e-08 6.819233e-10 5.2007256e-11 2.7483085e-09 3.9374115e-11 6.113956e-14 6.8084977e-10 1.3477503e-12 7.956426e-12 3.3121708e-10 1.2186098e-10 4.811463e-11 6.1102355e-07 8.2488454e-11 1.1612059e-09 6.6193975e-09 1.7604158e-11 8.63683e-09 3.1159462e-09 4.1261345e-08 1.3969765e-08 2.0203699e-09 5.531779e-09 7.4317494e-09 2.0757867e-09
0.009108586 0.0333396 0.2017752 0.5632564 0.07117862 0.015463558 0.095407374 0.58435184 0.13357629 0.00014839628 0.084834196 0.0003647538 0.25125498 0.0001735342 0.7083434 0.02455359 0.003849722 3.5185092e-06 1.2241445e-07 3.8484512e-07 5.2665484e-07 0.18024857 3.4906733e-09 4.0739845e-14 1.599581e-08 0.08528773 4.504035e-07 1.00727256e-07 0.00019752678 2.670974e-07 0.00016625795 0.0005094723 0.01025631 6.4219385e-06 0.0002621543 1.4443581e-10 0.0010320081 3.3842225e-05 0.9712946 0.00019060457 4.2016032e-05 0.0026544656 2.8897333e-05 1.7899719e-06 0.00040086682 0.00049624144 1.1199631e-05 0.00021056597 5.1574838e-09 0.06564644 0.031291846 0.008019772 1.7258972e-07 0.021495996 0.097154185 0.0002523182 0.00029237478 0.008108057 0.47907314 6.6271896e-06 0.00016824454 0.0044671823 7.457853e-06 1.278835e-10 4.1245745e-09 0.00013089046 4.774575e-11 0.0024026092 3.5735073e-05 6.693743e-10 0.009684063 2.4549381e-08 0.005626268 0.8469222 0.00059476664 0.0014995171 0.00016645419 0.0018338719 0.00021260192 0.0003989007 0.0070039746 4.111434e-09 0.0004850077 0.00078237464 0.00084951404 0.00070131174 0.0003673593 0.00046666205 4.490082e-06 0.0001341255 0.0006095285 0.050828245 1.7151337e-05 0.0055434164 0.0026004426 0.0010800828 0.0018556394 0.0014443272 0.015770309 0.014368975 0.008481157
0.0013782419 0.001491733 1.12176e-05 4.799887e-05 5.290672e-07 0.06765154 1.7668907e-06 4.044885e-08 1.3167526e-09 0.6130651 1.671982e-07 0.0009457386 2.7548988e-10 0.048788372 7.2235857e-09 4.3076613e-09 6.9398916e-06 0.103228845 0.011023135 0.09616367 0.09453658 5.4042846e-09 0.01618963 1.599581e-08 3.305999e-17 8.842928e-09 0.83863556 0.9874955 0.25189197 0.7058574 1.60004e-06 1.664506e-07 6.10302e-09 0.021708652 0.11202384 0.06644033 8.104272e-09 0.00022357501 5.744561e-10 7.178124e-05 0.002834248 1.0890771e-08 0.030433167 0.1547232 2.9342782e-08 0.000114747134 0.007459081 2.5268681e-08 0.70113856 2.2961926e-09 3.9854404e-09 1.6412145e-06 0.105301015 2.2193209e-11 7.633072e-10 0.005522198 0.00015699114 3.5962964e-09 8.580057e-08 0.015377764 0.0058355243 7.868716e-11 0.005778486 0.0013000075 0.0016948859 0.0010861809 0.000111142406 9.5769e-07 0.003194764 4.4837936e-05 1.6237545e-08 1.7050337e-05 5.342798e-10 7.302496e-08 5.7988e-10 4.4744173e-09 0.00075966725 4.8725126e-09 1.207329e-10 8.9513436e-10 6.295822e-10 2.075488e-07 3.2245648e-10 1.0184386e-11 6.2756536e-11 8.4345614e-11 4.487157e-10 2.1552708e-10 0.002580255 5.1806767e-11 1.64796e-08 9.065872e-08 5.0732262e-05 4.21303e-09 1.8322247e-09 0.0007235538 2.7994524e-09 4.105823e-09 3.8472594e-05 2.1553356e-07 5.88513e-07
0.9764092 0.027195677 0.1822037 0.090683304 0.17143336 0.003447441 0.25884447 0.47499052 0.71612763 2.0723658e-06 0.4830283 0.06459047 0.76680547 0.0093407435 0.37045926 0.86535555 0.24752666 1.2406041e-05 9.411786e-05 2.7600437e-09 8.2124495e-07 0.78466547 4.4587986e-10 0.08528773 8.842928e-09 1.9475962e-14 3.2837312e-07 1.2800637e-08 7.1418153e-06 3.7628993e-07 0.009342762 0.02919517 0.9641303 1.4349459e-05 4.376471e-06 3.5314277e-10 0.26045954 0.00012230121 0.1758433 0.0007469267 9.870914e-06 0.4245674 7.3027536e-06 7.6811915e-07 0.075695574 0.002860124 1.6746311e-05 0.042182945 1.1325042e-08 0.12901784 0.3033156 0.10948813 2.0737538e-08 0.10338073 0.04914525 1.745346e-05 0.000675625 0.39512458 0.083966345 6.4845244e-07 1.9665868e-05 0.06452758 2.0926421e-07 2.0629304e-10 6.6550904e-11 0.0001345579 3.1683844e-10 0.06921478 7.3771976e-06 8.237848e-09 0.45473197 1.2859908e-08 0.013675139 0.04524077 0.017514646 0.13743383 5.854817e-05 0.09315106 0.014197584 0.040965382 0.019257933 1.3039073e-08 0.029873544 0.024647895 0.013550498 0.04849051 0.012142754 0.03573273 1.1811735e-06 0.0059233936 0.053831153 0.014761538 0.00015222924 0.031225048 0.0065178587 0.0023849057 0.02590473 0.03455826 0.066091925 0.11378807 0.180094
1.9054478e-06 0.00015127394 4.1443917e-07 1.2815815e-05 6.655688e-07 0.00083231786 1.0000662e-05 3.082426e-08 5.2946136e-09 0.7154476 1.266592e-06 0.0003850779 1.6693203e-08 0.001665895 1.06543716e-07 3.0706738e-07 4.8130423e-05 0.0010813582 0.00022688646 0.7093981 0.00322384 2.3392064e-07 0.61472845 4.504035e-07 0.83863556 3.2837312e-07 9.293793e-16 0.20191714 0.07274537 0.1841809 1.6963193e-05 3.97616e-06 4.3920815e-07 0.002137826 0.037286077 0.9692659 2.4060506e-08 0.00020975484 2.3229148e-08 4.037118e-05 0.00010299903 1.4667244e-06 0.0069233696 0.023879178 1.557894e-07 2.4165425e-05 0.000143109 4.522657e-08 0.85879683 1.4831053e-08 3.243321e-07 4.890126e-06 0.02784164 9.031212e-09 1.41833185e-08 0.00014246178 8.020093e-06 6.671175e-07 5.888967e-08 0.00041854483 0.00028662186 2.6434927e-08 8.347642e-05 3.887686e-05 0.0041375603 4.2395914e-05 1.2547126e-06 5.106966e-06 8.730808e-05 1.5431817e-06 2.7520827e-07 2.5890583e-07 3.643955e-08 1.8126568e-05 3.5667945e-08 1.7001834e-07 1.1126495e-05 3.3491645e-07 3.8057944e-08 8.4736973e-07 1.4733434e-09 1.6343863e-09 1.1682299e-06 3.4874654e-09 9.483621e-09 6.1651815e-07 2.4981694e-07 4.2006352e-08 5.685674e-05 1.3355136e-08 4.385013e-07 6.0776847e-07 8.695016e-08 5.5838177e-07 1.33401405e-08 1.7456689e-05 6.120276e-08 1.927982e-06 3.7434464e-05 3.9135784e-06 8.5593024e-07
0.010604612 0.0009326288 3.559392e-05 3.7856516e-05 1.9554984e-05 0.031944215 6.4254737e-06 5.3603827e-07 1.3680459e-07 0.26517698 1.4658798e-06 0.0017026486 5.6516775e-08 0.032788303 2.1741906e-07 9.392359e-08 6.731857e-05 0.03703971 0.010126603 0.015136335 0.10275517 3.417399e-08 0.0033214176 1.00727256e-07 0.9874955 1.2800637e-08 0.20191714 2.1055395e-15 0.47089264 0.9431819 0.00015515163 5.2868168e-06 2.8133552e-08 0.12822993 0.342067 0.016810076 1.9410135e-07 0.0029784266 9.62674e-09 0.000677911 0.026400823 1.5427975e-08 0.18108603 0.50580686 1.011693e-06 0.00078644196 0.07246847 8.908036e-07 0.63123095 4.212815e-08 7.463769e-09 3.6573033e-06 0.34938526 3.568832e-10 7.896705e-09 0.04566515 0.0025514262 1.0156447e-08 1.5162006e-07 0.14247617 0.011788893 6.2730005e-10 0.041738532 0.0019257149 0.0010631385 0.010424155 0.0009951275 5.602829e-07 0.022599649 0.00032503303 4.6433577e-09 0.00081609166 4.8737303e-09 5.443441e-09 5.5442753e-09 4.8057354e-09 0.010627249 2.2655053e-09 1.2362529e-09 1.8258788e-09 1.1850808e-08 1.9027088e-05 2.360191e-10 3.8809546e-11 4.1867448e-10 2.440384e-10 1.5940064e-09 6.3747396e-10 0.015101153 2.366375e-10 3.3004302e-09 2.6794186e-07 0.00069337036 3.3514138e-09 7.2224964e-09 0.002995767 4.1307864e-09 3.7706336e-09 0.00012237308 4.6796603e-07 1.5923725e-08
0.3292428 0.010806892 0.0018592308 0.0017019804 0.0024282115 0.15005381 0.00059573393 0.00022580716 6.5927925e-05 0.49873385 0.0006033291 0.0101000555 1.2925375e-05 0.11480851 2.7574368e-05 7.253442e-05 0.0024101627 0.70392555 0.2751943 0.023804743 0.9608614 4.6396067e-06 0.0046486603 0.00019752678 0.25189197 7.1418153e-06 0.07274537 0.47089264 4.5190974e-15 0.71700126 0.005216075 0.0005674929 1.0974416e-05 0.9228341 0.8022468 0.014610907 0.000352236 0.06794277 4.8170446e-06 0.020253757 0.31810206 2.6367765e-05 0.5815709 0.69313914 0.000314946 0.013953683 0.5145948 0.0010293844 0.07237421 7.260016e-07 7.1790623e-07 0.00083311036 0.26534024 2.652933e-08 8.730259e-07 0.33095995 0.030419068 1.1254538e-07 6.2424933e-06 0.30227366 0.07155804 5.0380686e-09 0.10428801 0.0026312214 0.0009900565 0.09117454 0.0007733475 4.2552394e-05 0.13853636 0.00018493524 1.1465721e-06 0.001859449 1.1438706e-07 1.7750033e-05 3.0174085e-08 3.3153854e-06 0.02934957 5.391881e-08 4.3368775e-09 1.0451602e-08 1.474402e-07 0.00015603348 1.3907528e-08 8.5422786e-10 7.466973e-09 4.06366e-08 3.5847911e-09 5.4725064e-09 0.032207955 7.9746654e-10 4.442275e-08 3.9639576e-06 0.00439812 1.8545121e-07 1.03283e-08 0.029701041 1.8637512e-07 1.3589106e-06 0.0013937044 3.6485577e-05 1.0502766e-05
0.004066303 0.0042336667 1.9862988e-05 1.1059286e-05 8.863986e-05 0.032747157 4.642521e-05 2.7001656e-07 2.2367775e-08 0.19911946 0.00010798376 0.04195541 7.579094e-09 0.2910627 4.6383587e-08 5.454391e-07 0.0023716409 0.44424787 0.19619502 0.0020291563 0.7747757 1.9582556e-08 0.00031648972 2.670974e-07 0.7058574 3.7628993e-07 0.1841809 0.9431819 0.71700126 6.1206878e-18 0.00799237 0.0006843528 1.0686351e-06 0.6048313 0.47489154 0.010825738 7.030877e-06 0.043748207 1.7705195e-09 0.013005698 0.16760111 2.888164e-06 0.30765328 0.7993136 6.5479784e-05 0.008502565 0.40183204 3.3155928e-05 0.92155623 9.643519e-09 7.796481e-08 5.6238838e-05 0.6654049 1.7040728e-09 7.7820034e-10 0.071573794 0.013077556 1.7699236e-07 2.8125382e-09 0.16541623 0.04051612 5.9386537e-08 0.03802914 0.032496616 0.003590487 0.008537744 0.008267769 3.4330704e-05 0.03027234 0.0020444004 1.6517616e-08 0.0016499888 2.316888e-08 1.3148208e-08 9.978682e-08 4.1294118e-07 0.0053286124 2.492743e-07 5.395667e-08 3.824169e-07 9.9031565e-09 1.1732571e-05 1.7680681e-07 3.998582e-09 2.188124e-08 1.787482e-07 3.4264565e-07 4.728607e-08 0.09697378 1.2946284e-09 2.8761482e-07 3.9409284e-07 0.00043385435 2.1106919e-06 2.5871896e-09 0.0023880475 2.5140759e-08 4.8070694e-07 0.0008007659 1.4944333e-05 2.1746728e-06
0.90585244 0.042782575 0.05626068 0.018217823 0.14829826 0.16270429 0.099930614 0.008468238 0.009522644 0.0030219392 0.106203474 0.5855407 0.002252107 0.46499276 0.00065433286 0.12294679 0.78374344 0.1430632 0.29320055 5.7181205e-07 0.019954279 0.00031831922 4.1547756e-09 0.00016625795 1.60004e-06 0.009342762 1.6963193e-05 0.00015515163 0.005216075 0.00799237 2.0967995e-18 0.97883016 0.07634737 0.039494913 0.003384518 8.0050233e-10 0.12359317 0.32957372 0.00016934366 0.58004063 0.055504307 0.11229617 0.04002138 0.0022807599 0.14456576 0.76139057 0.042073786 0.25594777 3.6315942e-06 1.7933988e-05 0.000101226244 0.23662433 0.00020044422 2.0974274e-05 8.0461095e-06 0.11632393 0.5384093 0.00012812401 6.0451002e-05 0.008396601 0.028911147 2.9606774e-05 0.007759638 4.7844287e-06 8.684358e-12 0.1114052 1.27312e-07 0.22971164 0.025736835 1.1906498e-08 0.0010800842 0.00017908461 5.9197737e-06 3.151754e-05 5.3184503e-05 0.011414281 0.03234698 0.00036962013 3.3850614e-05 0.0010060011 3.5719686e-06 1.4195098e-05 0.00046773697 1.5818629e-05 2.7447073e-05 0.0035569356 0.00016797359 0.00010443951 0.0009946513 4.318739e-05 0.00026982802 4.3357944e-05 0.021409772 0.0001353614 4.5270244e-06 0.15102516 0.000110355984 0.0075823087 0.11572214 0.017600795 0.0139565915
