2.304184e-33 0.31021893 0.256693 0.06751841 0.57611555 0.6349012 0.5295358 0.062322438 0.0859027 0.604456 0.73528785 0.2616514 0.016984595 0.017639522 0.42190832 0.0018668058 0.71432334 0.32795125 0.32072955 0.889483 0.8238744 0.70801556 0.7303328 0.08279097 0.4622704 0.937121 0.787568 0.1484514 0.015058213 0.74275523 0.54735357 0.0020133038 0.33294824 0.00069341453 0.96409315 0.9380583 0.00027064086 0.5270277 0.9454252 0.90910864 0.0002127993 0.00011874725 0.20949791 0.96005046 0.0030919744 0.98080945 9.4898285e-05 0.048022274 0.018019099 0.525661 7.197318e-05 0.931693 0.0016077402 0.08213554 1.2140287e-05 0.9719531 0.09792189 0.0008052005 0.96365994 0.22804797 1.2001736e-06 0.0029700054 0.9841087 0.02683394 0.01174837 1.1910088e-06 0.9897295 0.00080613594 0.010254213 0.0045341845 0.009389839 0.007615754 0.99558777 0.0010408245 0.00041490016 0.011327896 0.0027862221 0.9284673 0.0018576215 0.00057166873 0.0031626353 0.1130522 0.002640209 0.99062717 0.053020045 1.4016761e-05 0.00026672918 0.060571805 0.99928945 0.00819055 0.9979716 0.007842693 0.003836277 0.0006388672 5.2580145e-08 0.0016386348 6.730331e-05 5.8960785e-07 0.2973889 7.446968e-07 0.0002868379
0.31021893 5.861778e-20 0.26105526 0.47593495 0.326376 0.20195346 0.11005251 0.37782842 0.2570286 0.1720356 0.2548415 0.37940812 0.2593791 0.23066454 0.34278333 0.12102963 0.01999552 0.091981605 0.11696853 0.13010971 0.19438632 0.006329329 0.12043856 0.10057081 0.017377278 0.28246728 0.036730975 0.020387905 0.07911173 0.004936955 0.003046858 0.12260718 0.0008266413 0.073914304 0.03370425 0.17364277 0.047759056 0.009645811 0.15921566 0.09233139 0.03980739 0.014741443 0.00392264 0.02158387 0.016044294 0.0036936963 0.008121163 0.017848156 0.008140369 0.00018923242 0.055704128 0.020591663 0.004909442 0.003965926 0.076133765 0.076395884 0.00020311533 0.005082857 0.05976027 0.003974477 0.032962646 0.029115345 0.0011699582 0.000119612996 0.004168753 0.0015351372 0.12672174 0.02298767 0.00068310054 0.0020832787 4.5260596e-05 5.366956e-05 0.00072740193 0.00036120755 0.0048184893 0.00010686738 0.0013941764 0.0002764081 0.00013352948 0.00013996905 3.123278e-05 0.0015746437 4.897507e-05 0.00943307 0.00046284412 0.00029682016 0.00051539316 0.00038613225 0.004437016 3.7798294e-05 0.04959334 1.5408295e-05 1.562228e-05 0.00030049088 0.0011839803 1.0014482e-05 9.5754025e-05 4.575631e-05 0.0003704097 1.9550778e-06 7.354498e-05
0.256693 0.26105526 8.556671e-19 0.2564951 0.23100792 0.23354506 0.48140994 0.15249388 0.41494626 0.21513794 0.20254928 0.1193573 0.19245447 0.1342529 0.02791048 0.022953613 0.09457738 0.45239577 0.008642307 0.18763487 0.026433809 0.05356247 0.009537931 0.0042374656 0.00067958306 0.10837582 0.0016880141 0.00052556494 0.007108486 0.023994178 0.014377831 0.17236584 0.016117616 0.057101965 0.07259796 0.025199523 0.017746523 0.000707433 0.16380748 0.0065619224 0.021984845 0.0016614684 0.000120709665 0.07176732 0.0011924194 0.019021954 0.0006591285 0.24157083 0.00016858343 0.0024001473 0.14456724 0.0007578918 7.508505e-05 4.8493435e-05 0.075037 0.15381114 0.0028500305 0.00021444824 0.11533996 2.9012868e-05 0.013477848 0.18701439 0.010919462 0.0038514165 0.08452784 0.00022077565 0.021273298 0.062256258 0.010507381 2.901118e-05 0.0011266894 0.0020395922 0.0040977653 8.495557e-06 0.033391748 0.001481292 0.015528272 0.0045879446 2.5208537e-06 2.1510205e-06 0.0013031162 2.8064835e-05 0.00013091406 0.012354995 6.583617e-06 3.1047995e-05 0.010650149 3.2247867e-06 0.012483607 0.00025103625 0.005134943 0.0002525411 0.0002789833 0.003567856 0.00035346206 0.00042161276 0.002804883 1.40169e-06 2.9200348e-05 0.00023990558 0.0019556887
0.06751841 0.47593495 0.2564951 2.0105322e-21 0.23000026 0.13351618 0.09169847 0.53067756 0.6185706 0.097415894 0.15102158 0.2606906 0.5549581 0.42791277 0.19497044 0.0198498 0.010552494 0.07621861 0.061188426 0.03651418 0.08843157 0.007478091 0.047916185 0.048239026 0.0070377747 0.13032012 0.017323583 0.011646298 0.06730069 0.0035957794 0.0020552822 0.2634053 0.0013804698 0.17008649 0.012672089 0.065914564 0.08973896 0.004960479 0.049972825 0.027925575 0.10217786 0.029559735 0.0023518912 0.012745684 0.016334992 0.0019121699 0.017792828 0.05804383 0.004676322 0.00013515593 0.098710574 0.005092374 0.0019629144 0.0016430563 0.10125364 0.024966 0.00011936606 0.007130525 0.01838593 0.0014464412 0.047463823 0.08824907 0.00090367964 0.0001533682 0.013916022 0.004449455 0.018516477 0.078698 0.002398524 0.0021538103 5.3730146e-05 0.00013827122 0.00020866707 0.0013165734 0.025620032 0.00011915985 0.002975355 0.00012487631 0.00037833746 0.0003833004 4.113972e-05 0.00091152464 7.725035e-05 0.002459188 0.00023116512 0.00047632452 0.002227518 0.00013543683 0.0008029978 7.549785e-05 0.0126836235 6.1824267e-07 1.9353094e-05 0.000531438 0.0034199455 3.3300905e-05 0.00033635992 4.3642864e-05 0.00012836016 2.362259e-07 0.0001991398
0.57611555 0.326376 0.23100792 0.23000026 1.777747e-17 0.3747193 0.20137712 0.20087847 0.20910417 0.3908684 0.5685136 0.16136049 0.14515826 0.114293635 0.12587579 0.023959627 0.10816922 0.12542702 0.04860643 0.26222566 0.09997167 0.014469352 0.048703346 0.04521269 0.0053736735 0.26413214 0.014976265 0.008536633 0.021607356 0.01775156 0.011828521 0.08030258 0.0036590428 0.03945645 0.09818052 0.11904157 0.018287895 0.0033266498 0.25474286 0.054432556 0.015882581 0.0044090054 0.0012475287 0.080842234 0.003542036 0.018259281 0.0018735504 0.040478136 0.001158741 0.0011101244 0.048095413 0.004407942 0.00054697366 0.0004052391 0.05227117 0.18584684 0.0015576563 0.00080688397 0.11000089 0.0004172285 0.01431125 0.03937153 0.0056106304 0.0007947919 0.009880749 0.00041700076 0.094863035 0.022071999 0.0012725872 9.8588585e-05 0.0004110542 0.00039463033 0.0032865638 3.590896e-05 0.009412106 0.0001946325 0.0025252597 0.001845789 4.675066e-05 5.3481388e-05 0.00021355599 0.00031412856 7.4653784e-05 0.018962765 0.00010710665 4.047712e-05 0.0016690874 7.245132e-05 0.016826443 9.9903235e-05 0.022586197 0.000101931866 7.186557e-05 0.0005314141 0.0006736064 4.3552434e-05 0.00029135242 5.909721e-06 6.5050015e-05 1.4737653e-05 0.00020672339
0.6349012 0.20195346 0.23354506 0.13351618 0.3747193 1.1816582e-17 0.3970639 0.10089137 0.18865144 0.5026467 0.4141874 0.10146558 0.08328841 0.074435204 0.045417346 0.014084203 0.31445247 0.22868557 0.013281021 0.3387747 0.028811995 0.055880964 0.013061739 0.01680155 0.00089226186 0.12256749 0.0027288138 0.0018117022 0.006599153 0.05263063 0.028764507 0.05887008 0.018020878 0.025710465 0.15515319 0.028223686 0.007860416 0.0010982133 0.26224205 0.0072284928 0.014101109 0.0021167868 0.00018524803 0.113975905 0.002112977 0.03984709 0.0011661953 0.12654048 0.00053110276 0.004670287 0.05477535 0.001846753 0.00018271395 0.00013015073 0.023458049 0.2488421 0.0063513117 0.00088347355 0.14016597 5.3257638e-05 0.005004236 0.055907138 0.02003649 0.0064847628 0.043405697 0.00022196358 0.036204122 0.01879137 0.006588982 8.252773e-05 0.0048295567 0.0039406433 0.008191604 2.7154454e-05 0.011031911 0.0012580545 0.009470568 0.006112781 2.7674349e-05 2.312415e-05 0.0012000736 6.99568e-05 0.00049273804 0.01594164 1.9562574e-05 5.4576845e-05 0.0026934212 1.0499801e-05 0.020769032 0.0010711299 0.011049409 0.0005045168 0.00039534303 0.002597399 0.00060387305 0.00032286672 0.000629471 3.8786293e-06 2.431525e-05 7.9669255e-05 0.0011620033
0.5295358 0.11005251 0.48140994 0.09169847 0.20137712 0.3970639 3.2624371e-18 0.05738899 0.20051368 0.37919673 0.2534996 0.06925247 0.053313684 0.03213501 0.016500864 0.016904589 0.5242078 0.50033295 0.0067561017 0.3756706 0.009434231 0.2704985 0.0041998364 0.006235217 0.0003406591 0.08101162 0.00081965857 0.000461962 0.0040220483 0.108457826 0.061058316 0.04339839 0.14326334 0.015387979 0.22006215 0.0076624043 0.005856065 0.00027344123 0.30819857 0.0020229423 0.0049619363 0.0012387185 9.1631344e-05 0.1904255 0.0014314675 0.08421012 0.0006159743 0.28718966 0.00021070155 0.011282969 0.045330677 0.0004356968 0.00019777275 3.9342296e-05 0.019524472 0.36108392 0.01370313 0.00039828094 0.2809491 7.0343176e-06 0.0025078873 0.100359626 0.05303302 0.016267648 0.12574404 0.000105732295 0.014468551 0.021905456 0.0367657 4.003543e-05 0.007444094 0.012231923 0.019702457 2.8324519e-05 0.012970175 0.005891046 0.045160543 0.014316921 1.1998848e-05 9.0894555e-06 0.0047544544 1.6577133e-05 0.00079872645 0.0123300515 4.190085e-06 2.6999442e-05 0.004167781 2.158031e-06 0.02373945 0.0018929254 0.0034362825 0.0017497182 0.001783928 0.010267448 0.00027208126 0.0026641677 0.001502683 1.7788763e-06 1.7446253e-05 0.000100076984 0.0024853977
0.062322438 0.37782842 0.15249388 0.53067756 0.20087847 0.10089137 0.05738899 5.032069e-19 0.3257593 0.0757057 0.15208489 0.41175476 0.40056327 0.44422695 0.25816303 0.04313769 0.0055552134 0.039457444 0.17131081 0.018779023 0.14263427 0.0030528759 0.1099903 0.23015407 0.036572278 0.13411885 0.063180074 0.05060575 0.27680144 0.0019028629 0.0010098076 0.28911954 0.00066817156 0.30158308 0.005744727 0.10851034 0.24728711 0.02361442 0.045042183 0.091952965 0.20559648 0.13069695 0.015272352 0.009277282 0.106187746 0.00090427883 0.08660336 0.062406745 0.04004278 5.296155e-05 0.02799039 0.016930548 0.0068687513 0.015177805 0.055984512 0.020698627 5.087243e-05 0.041206006 0.018379668 0.007654425 0.04939472 0.068726666 0.00091237953 0.000102011116 0.012961612 0.020825084 0.053036887 0.036411114 0.003185573 0.010117655 3.7156078e-05 7.3714764e-05 0.0006614915 0.004635249 0.010109605 7.331046e-05 0.0028136105 0.00010483716 0.0012636416 0.0011472368 2.985455e-05 0.0039931983 8.19906e-05 0.003993977 0.0011815139 0.002840814 0.0017519324 0.00084326044 0.0017429085 9.6481934e-05 0.02141204 1.7554744e-06 2.1064317e-05 0.0006008497 0.012215398 2.9324392e-05 0.0004372319 0.00021530503 0.0007398239 4.1729825e-07 0.00022523098
0.0859027 0.2570286 0.41494626 0.6185706 0.20910417 0.18865144 0.20051368 0.3257593 8.58347e-21 0.112780616 0.15004972 0.20995645 0.566303 0.4398181 0.065519676 0.0130233485 0.019657422 0.29097906 0.028517 0.03364656 0.03318708 0.026976377 0.011544496 0.016875232 0.0026884156 0.06295602 0.004966825 0.003353489 0.028003158 0.0070962706 0.0031837462 0.34660718 0.006346298 0.1705054 0.01337177 0.021604527 0.05720587 0.0013400845 0.051674124 0.006151439 0.09066606 0.012268589 0.00041892997 0.0138776 0.0044743987 0.0022876498 0.006707647 0.18567574 0.0010180018 0.0003118562 0.19120172 0.0011431379 0.00065274665 0.00011786541 0.18049031 0.033347026 0.000321493 0.0013953836 0.021356592 0.00014740613 0.045730926 0.22605225 0.0016244221 0.00039674997 0.055468533 0.002649741 0.0076717488 0.17538393 0.0038679955 0.0001821393 0.00015773249 0.00038672262 0.00043397333 9.920446e-05 0.065586984 0.00053779903 0.009270617 0.0004108215 6.0440394e-05 5.1949217e-05 0.0003379235 0.00016521286 6.9555324e-05 0.004742239 3.6052836e-05 0.00023270125 0.011173794 1.7327615e-05 0.0014716783 0.00016576589 0.00837856 1.8618798e-06 0.00010510296 0.0016515601 0.0025167486 0.00019315415 0.00210955 2.7048021e-05 3.0002657e-05 8.857155e-06 0.000606253
0.604456 0.1720356 0.21513794 0.097415894 0.3908684 0.5026467 0.37919673 0.0757057 0.112780616 1.7698633e-18 0.48055094 0.077155925 0.06351486 0.043687757 0.03605204 0.014449563 0.43005398 0.22537021 0.014516241 0.4574688 0.027204433 0.07264589 0.0127231665 0.01840177 0.0009216073 0.13873106 0.0022426487 0.0018851175 0.0057957303 0.09024821 0.043017793 0.025429176 0.027699593 0.01394483 0.22851741 0.028365875 0.006783939 0.0011010704 0.31457454 0.00854473 0.007286792 0.0020974043 0.00016687046 0.16784489 0.0023378367 0.07270945 0.0012589949 0.08691455 0.00063353166 0.0066031 0.03696156 0.001568216 0.0003092461 0.00016380246 0.01368213 0.2585695 0.0078660995 0.00088063255 0.15155041 5.021654e-05 0.0028134428 0.028670548 0.028223107 0.00652001 0.025222303 0.0001969929 0.027363427 0.008666976 0.0074447077 0.00017446028 0.0035274448 0.0038353275 0.014047701 8.142884e-05 0.0047772704 0.0018476815 0.0072910874 0.0075404635 7.106713e-05 7.835686e-05 0.0019503925 0.0001420006 0.0005349024 0.013892855 3.9192655e-05 6.790631e-05 0.0007944627 2.2317246e-05 0.022103155 0.00070642476 0.007004195 0.00061874965 0.0006439018 0.0019670145 0.00048000703 0.000479972 0.00013504924 1.5312171e-05 5.1745796e-05 1.0387792e-05 0.00065936014
0.73528785 0.2548415 0.20254928 0.15102158 0.5685136 0.4141874 0.2534996 0.15208489 0.15004972 0.48055094 1.6509465e-18 0.13129072 0.09297166 0.08130919 0.09675943 0.019762775 0.24796124 0.15989578 0.035413478 0.44683394 0.0791718 0.030730173 0.03510271 0.030922001 0.002576628 0.23894598 0.0075962385 0.005203932 0.012567379 0.04583298 0.022281427 0.03946454 0.008762812 0.022775233 0.20490243 0.10159101 0.0104395 0.0025246574 0.3120815 0.035880286 0.01068328 0.0029060305 0.0005186616 0.13280265 0.0034545742 0.044450276 0.0014959227 0.053798527 0.0009240112 0.0026563737 0.046686105 0.0028394205 0.00052294414 0.00025716837 0.027818423 0.23794007 0.0036532737 0.0011778491 0.15387374 0.0001898488 0.0058252094 0.027786687 0.012074904 0.0026197487 0.0149631305 0.0003454174 0.07666212 0.011930233 0.0023028837 0.00013881743 0.0013400123 0.001407397 0.006630256 7.494976e-05 0.006905763 0.00056462234 0.004650476 0.0044312757 7.221451e-05 8.379043e-05 0.0005095359 0.0001851631 0.00023765891 0.022780048 7.808354e-05 6.422849e-05 0.0010626909 4.5068668e-05 0.021864405 0.0004301319 0.016365867 0.00014728626 0.00018295247 0.0014245377 0.0004078484 0.00013973832 0.00015641026 1.6404892e-05 5.802914e-05 4.5493175e-06 0.00046040327
0.2616514 0.37940812 0.1193573 0.2606906 0.16136049 0.10146558 0.06925247 0.41175476 0.20995645 0.077155925 0.13129072 2.144633e-18 0.19163987 0.2536845 0.31573245 0.10644938 0.010940357 0.03259669 0.21278821 0.037633084 0.19324031 0.0032350442 0.12572399 0.24543796 0.051434476 0.17454824 0.07360878 0.04866283 0.21635629 0.0037329246 0.0020651934 0.184152 0.0013014048 0.17907286 0.012031598 0.1637226 0.119156174 0.027235882 0.06520116 0.10036539 0.11801854 0.060469616 0.016137142 0.014246621 0.071080305 0.0019214716 0.039874595 0.02268612 0.0332047 0.0001459192 0.035004817 0.042178713 0.011483926 0.014380526 0.042490896 0.06034135 0.00014271104 0.028338708 0.03730944 0.010191559 0.025453493 0.026953079 0.0019196591 0.00016324587 0.004934493 0.007926093 0.13135062 0.01849844 0.0011245843 0.010807423 7.703598e-05 0.00011046727 0.0013421174 0.0038671528 0.0034814596 0.00015032534 0.0013690752 0.00041572953 0.0012113283 0.0009815124 3.416407e-05 0.004077895 5.9530204e-05 0.010491274 0.0016926802 0.00359327 0.00046616234 0.0012505358 0.0032005368 0.000105210966 0.07908878 1.5080213e-05 1.41862865e-05 0.00023385476 0.0032889454 1.3926568e-05 0.00019213451 0.00022478036 0.0012007589 1.9623349e-06 6.0743474e-05
0.016984595 0.2593791 0.19245447 0.5549581 0.14515826 0.08328841 0.053313684 0.40056327 0.566303 0.06351486 0.09297166 0.19163987 3.7682956e-21 0.5241553 0.093082614 0.00918867 0.0068229786 0.06174023 0.047997985 0.012490121 0.043067828 0.0056227287 0.023735015 0.028116854 0.0057353466 0.05419677 0.010298692 0.010414496 0.062097393 0.0019233149 0.0013619474 0.3197722 0.001697636 0.2522385 0.004829347 0.02444165 0.13492408 0.0028307172 0.018505039 0.011800517 0.16472253 0.03785719 0.0018472419 0.006530611 0.017552279 0.000883071 0.024970006 0.05900802 0.005217476 8.772322e-05 0.10471193 0.00178082 0.00080046616 0.00094486144 0.13034779 0.008136383 7.5442425e-05 0.0081535615 0.0059996815 0.0007960861 0.06446152 0.12019768 0.0006945834 0.00014981671 0.017880287 0.010870747 0.009605535 0.09331871 0.0029216255 0.0011003908 5.8122023e-05 0.00016312263 0.00022383443 0.00067296304 0.025101742 0.00020142514 0.0029918153 0.000106268875 0.00023636554 0.00017644625 0.00013323729 0.00078818947 6.653708e-05 0.0020557144 0.00023266619 0.00024772336 0.0024933545 0.00022913574 0.00094146054 0.000111886104 0.007648931 3.305644e-07 5.135873e-05 0.0006248417 0.010555539 7.0476635e-05 0.00034290215 1.3653492e-05 0.00024642414 2.3292559e-07 0.0002609732
0.017639522 0.23066454 0.1342529 0.42791277 0.114293635 0.074435204 0.03213501 0.44422695 0.4398181 0.043687757 0.08130919 0.2536845 0.5241553 7.472035e-19 0.0901844 0.012298139 0.0049441005 0.0449955 0.07089834 0.006304343 0.05329156 0.003359467 0.022652913 0.04878373 0.009617121 0.04762994 0.013567457 0.01779428 0.14215226 0.0012027216 0.0009092772 0.3749247 0.0007095982 0.36705112 0.0028359632 0.027447524 0.22410811 0.0032765917 0.014754143 0.012988358 0.24237075 0.06335778 0.003078036 0.0038218985 0.02953675 0.000489655 0.038171396 0.073799625 0.00871956 4.6904734e-05 0.059453174 0.0018911157 0.0008820429 0.0015654889 0.10636771 0.0049512084 3.8705282e-05 0.012326465 0.0037470362 0.0011510878 0.07940495 0.12525378 0.00056143856 0.000103489074 0.014427215 0.018570751 0.015439208 0.07766313 0.0029076051 0.0010128466 4.4864457e-05 0.000104338156 0.0003980856 0.00048477514 0.011764997 0.000103368046 0.002324563 0.00010728729 0.00017603513 0.000117300486 6.676343e-05 0.0007230843 6.909794e-05 0.0031760614 0.00023503281 0.00072877336 0.0017292898 0.00015892686 0.0019050427 6.9786685e-05 0.016526198 9.0813495e-07 1.9266432e-05 0.00042166904 0.013989659 3.624434e-05 0.0003155593 1.1168584e-05 0.00012854453 1.2918863e-06 0.00014969987
0.42190832 0.34278333 0.02791048 0.19497044 0.12587579 0.045417346 0.016500864 0.25816303 0.065519676 0.03605204 0.09675943 0.31573245 0.093082614 0.0901844 7.211379e-19 0.20826003 0.0057144035 0.0065792864 0.48542294 0.0244184 0.46183357 0.0012019968 0.4900623 0.39698473 0.37648487 0.24878606 0.36850297 0.25997606 0.073660314 0.0015912523 0.001128933 0.035773203 0.00025865526 0.030995429 0.0070715207 0.31330892 0.026437968 0.12810126 0.088909164 0.30996767 0.022215784 0.014092211 0.14985166 0.0065875365 0.03762461 0.0010054708 0.010079199 0.0068844873 0.07448955 5.982005e-05 0.006557653 0.11957015 0.03173837 0.07066167 0.013612623 0.030914906 6.1901555e-05 0.014194394 0.030703358 0.055320535 0.008931857 0.011021658 0.0004421933 3.786764e-05 0.0021174268 0.0011063428 0.1982163 0.007119534 0.0010781778 0.014287528 2.6685933e-05 3.944369e-05 0.0005936602 0.005738172 0.0011765367 0.00016766725 0.0021099153 6.242128e-05 0.0053533567 0.0034174612 3.6404555e-05 0.009996882 7.564097e-05 0.009436732 0.005263753 0.0012800182 0.00024128638 0.0033867343 0.002618505 3.351283e-05 0.10590894 1.592469e-05 2.3049466e-05 0.0004607415 0.0009655046 1.7965313e-05 8.8082685e-05 0.00033114324 0.0030818563 5.395574e-08 0.00019996519
0.0018668058 0.12102963 0.022953613 0.0198498 0.023959627 0.014084203 0.016904589 0.04313769 0.0130233485 0.014449563 0.019762775 0.10644938 0.00918867 0.012298139 0.20826003 5.1463415e-31 0.008782514 0.020370273 0.16365731 0.008025197 0.0693028 0.0016936588 0.112452075 0.04934625 0.13493021 0.04327643 0.12877123 0.1054263 0.030230815 0.0065636 0.0052942745 0.0017740312 0.00045220475 0.001052745 0.0053515905 0.04039035 0.0013946758 0.035802197 0.0076387255 0.04357816 0.00014440539 0.00046948483 0.021045787 0.0025322568 0.004542583 0.0014609332 0.00017983456 0.0014228052 0.0066243336 0.00015567275 3.498865e-07 0.025442403 9.34073e-06 0.0047145 1.3510724e-09 0.00234467 3.1734453e-05 0.00027028183 0.0027137436 0.0031845951 8.5362195e-10 0.00028501012 0.0002239589 9.38603e-06 9.7237345e-05 1.4684557e-06 0.007837177 1.142789e-05 9.700371e-06 7.81336e-05 6.4135077e-07 1.2108945e-06 0.00010382528 2.8235223e-05 1.478176e-06 1.4358378e-06 2.8610993e-05 1.399076e-05 9.484853e-05 8.55006e-05 3.567204e-07 0.0010941958 4.8315552e-08 0.0012866497 0.00017375463 2.2223362e-06 1.324619e-06 8.919062e-05 0.00036143546 1.7911593e-07 0.010255469 3.0398898e-13 7.5413715e-07 1.0498323e-06 1.05961675e-07 2.0737389e-07 6.3593596e-08 3.646693e-07 0.00018737307 1.952558e-14 5.40874e-07
0.71432334 0.01999552 0.09457738 0.010552494 0.10816922 0.31445247 0.5242078 0.0055552134 0.019657422 0.43005398 0.24796124 0.010940357 0.0068229786 0.0049441005 0.0057144035 0.008782514 5.5386587e-18 0.22701862 0.0058280295 0.44475022 0.0030658885 0.37623012 0.0017359703 0.005048689 0.0004054102 0.021294456 0.0009771624 0.0011947956 0.002449813 0.46904773 0.34680536 0.0032976938 0.22029503 0.0013916584 0.30515254 0.0022798332 0.0019253567 0.00032935027 0.26390925 0.0015911346 0.0011450981 0.0011587713 0.00012330958 0.26174682 0.0023343477 0.26735842 0.00073752634 0.071303286 0.0009839952 0.06259533 0.007296187 0.00034413836 8.544957e-05 0.00012438626 0.0010276808 0.2192454 0.039053246 0.0006195002 0.13777721 3.2395128e-05 5.438559e-05 0.011396492 0.1716383 0.030538004 0.0388716 8.410658e-05 0.0037642964 0.003677072 0.023675539 7.370576e-05 0.01403652 0.018907446 0.028461788 4.7874797e-05 0.0023823474 0.00767752 0.015302406 0.033133816 4.02808e-05 2.2881242e-05 0.006996304 4.0886345e-05 0.0038051016 0.007557208 1.1856026e-05 4.0733703e-05 0.00056298886 1.305726e-05 0.030161183 0.008226634 0.0015707441 0.009293637 0.0051019844 0.005505292 9.094445e-05 0.0046160524 0.00012262727 2.0964706e-06 2.1026644e-05 3.0438805e-06 0.00093682745
0.32795125 0.091981605 0.45239577 0.07621861 0.12542702 0.22868557 0.50033295 0.039457444 0.29097906 0.22537021 0.15989578 0.03259669 0.06174023 0.0449955 0.0065792864 0.020370273 0.22701862 7.532449e-19 0.0028064915 0.18789768 0.005667039 0.2741659 0.0023133063 0.0013220031 0.00018074152 0.031135939 0.0004261782 0.00019265799 0.0058834497 0.05080705 0.028465085 0.16021268 0.16150506 0.039531205 0.09620538 0.0039432053 0.010351109 0.00015027933 0.11645118 0.001562339 0.015818918 0.0019178313 4.3064334e-05 0.06574331 0.001863205 0.031001983 0.00070820283 0.41578484 0.00031589414 0.0044384506 0.10111924 5.5121265e-05 0.00020364503 2.659092e-05 0.045644686 0.14911811 0.0055278693 0.00025308118 0.08739855 3.795012e-06 0.0059404164 0.26539063 0.023673354 0.009956003 0.2310729 0.00018613791 0.0043239505 0.053360466 0.088409185 4.59467e-05 0.0024416882 0.007429966 0.007902356 8.838229e-06 0.036405794 0.01018791 0.08943508 0.010257944 1.4083428e-06 1.3336619e-06 0.0060553714 6.9714406e-06 0.00042743224 0.011087145 2.1567269e-06 1.1056555e-05 0.012072642 2.0113912e-06 0.016405221 0.00054622546 0.002463976 0.0011384093 0.0017657648 0.021877717 0.0002852671 0.0030065286 0.0074781417 4.4934424e-07 1.3435381e-05 0.00030069068 0.008671463
0.32072955 0.11696853 0.008642307 0.061188426 0.04860643 0.013281021 0.0067561017 0.17131081 0.028517 0.014516241 0.035413478 0.21278821 0.047997985 0.07089834 0.48542294 0.16365731 0.0058280295 0.0028064915 6.400514e-19 0.007909715 0.21159965 0.000533739 0.35051757 0.46894398 0.48688537 0.13055018 0.3561792 0.44633505 0.113615684 0.0012646543 0.0010192642 0.054900773 8.561229e-05 0.06590755 0.003539198 0.169869 0.046383534 0.1957938 0.030672183 0.23531824 0.04596098 0.030494183 0.24602948 0.005503266 0.09049456 0.0006089606 0.021615872 0.0060439017 0.16720769 4.1320654e-06 0.0014226675 0.14795826 0.06737413 0.1895183 0.003963842 0.015575063 4.6647892e-06 0.04892649 0.018657079 0.11809735 0.010534656 0.009677655 0.0006649699 2.7217936e-06 0.0014974679 0.0029974703 0.13215461 0.006713509 0.00029325302 0.061346155 2.2550628e-06 2.0472671e-06 0.00048344067 0.027292447 0.001402663 1.2417462e-05 0.00053313596 8.365589e-05 0.017771496 0.013042577 2.6576633e-06 0.020362396 9.125318e-06 0.0060589896 0.010119314 0.0043635024 0.00040478006 0.007192694 0.0018501931 1.0592885e-05 0.11135409 4.559742e-06 2.901659e-06 0.0001227011 0.0012067629 4.2205484e-06 8.328994e-05 0.0012387487 0.0056247986 2.9857194e-09 5.0213428e-05
0.889483 0.13010971 0.18763487 0.03651418 0.26222566 0.3387747 0.3756706 0.018779023 0.03364656 0.4574688 0.44683394 0.037633084 0.012490121 0.006304343 0.0244184 0.008025197 0.44475022 0.18789768 0.007909715 7.8053057e-19 0.020715896 0.1157581 0.0059416257 0.0063735317 0.00032843064 0.15269558 0.0007880554 0.00053981954 0.0009315328 0.15037248 0.055616673 0.006962183 0.026398223 0.0023156018 0.57273245 0.023296926 0.0010494256 0.0003082879 0.47885758 0.003918865 0.0011752947 0.00024694757 4.7728052e-05 0.3625863 0.00036206908 0.24463312 0.0001535391 0.023781434 0.00016816416 0.009192116 0.013342713 0.0005951749 0.00025300926 6.740704e-05 0.0020430116 0.30602086 0.008992171 7.5152246e-05 0.17547703 8.541856e-06 0.00040225696 0.005760771 0.0746982 0.0069283065 0.0063326466 6.919508e-05 0.023946168 0.0015499523 0.0026515913 1.6230137e-05 0.0043551154 0.0034703317 0.024205297 1.2950028e-05 0.0006981616 0.0010530613 0.002726508 0.014137391 2.9648167e-05 2.3083696e-05 0.0010855828 1.44688465e-05 0.000833691 0.015699415 9.41689e-06 1.7669556e-05 0.00030000153 7.1473473e-06 0.042951412 0.0016502485 0.004791111 0.0026943344 0.0006542177 0.0018174577 6.513115e-05 0.0005826843 0.0001897925 2.221402e-06 1.7945551e-05 4.2870083e-06 0.0023666623
0.8238744 0.19438632 0.026433809 0.08843157 0.09997167 0.028811995 0.009434231 0.14263427 0.03318708 0.027204433 0.0791718 0.19324031 0.043067828 0.05329156 0.46183357 0.0693028 0.0030658885 0.005667039 0.21159965 0.020715896 3.3415258e-17 0.0004293688 0.5456768 0.15658198 0.12041711 0.39886913 0.3344987 0.091604576 0.060678188 0.0010098905 0.0007518501 0.019345608 9.347756e-05 0.018691957 0.0065601487 0.5323619 0.013974032 0.1301514 0.0901722 0.53498363 0.009553157 0.008638825 0.06516189 0.004824525 0.023460606 0.0010507634 0.007040371 0.003297126 0.028094955 1.1896722e-05 0.0028140277 0.20596138 0.022249237 0.030988859 0.0020701233 0.016819015 1.1707757e-05 0.011935173 0.030645614 0.041482203 0.0030808747 0.0029913832 0.0005403982 5.2506844e-06 0.00068153784 0.0005630842 0.21771163 0.0026338876 0.0001230651 0.0051519126 6.9162847e-06 2.6288458e-06 0.00051790185 0.003038179 0.00061007426 1.1580742e-05 0.00077156955 0.00016568291 0.0044376166 0.0027737392 5.2228816e-06 0.007934235 3.2020034e-05 0.022257328 0.006492538 0.0015613812 0.0006204787 0.0046948795 0.0078645395 1.9394072e-05 0.15238601 5.802272e-05 4.9048945e-06 0.00041489338 0.00048926915 8.189671e-06 0.00019588367 0.00011225173 0.004854995 2.5723787e-07 0.00021265323
0.70801556 0.006329329 0.05356247 0.007478091 0.014469352 0.055880964 0.2704985 0.0030528759 0.026976377 0.07264589 0.030730173 0.0032350442 0.0056227287 0.003359467 0.0012019968 0.0016936588 0.37623012 0.2741659 0.000533739 0.1157581 0.0004293688 1.2827015e-18 0.00015816571 0.00043007638 1.5152567e-05 0.00407982 2.5991743e-05 5.6395125e-05 0.0016654225 0.17040981 0.16611132 0.017436558 0.64651746 0.0038737745 0.10872929 0.0004696563 0.0027952353 6.102779e-06 0.08974071 9.647191e-05 0.0019611565 0.0010371915 1.5622456e-05 0.095139444 0.0013678288 0.09901282 0.0004596958 0.13205297 0.00024765747 0.07871937 0.027030515 2.5014197e-06 2.2738779e-05 2.1270343e-05 0.0047620735 0.096703574 0.06511415 0.00041142662 0.05064573 3.2615706e-06 0.00046159362 0.048926383 0.12943038 0.063017316 0.08893361 6.941914e-05 0.0006343627 0.005535901 0.117345296 7.666983e-06 0.029772393 0.043716792 0.0095588295 3.5724283e-06 0.005397456 0.05345438 0.06935125 0.025974989 5.6159856e-06 2.1751746e-06 0.034621563 6.089889e-06 0.01764323 0.0033793428 1.1832909e-06 4.7697404e-06 0.0018381511 6.433951e-07 0.01863547 0.018767456 0.00024373838 0.0022648284 0.023694444 0.033711486 7.2761526e-05 0.026923578 0.0013513576 1.6969486e-07 4.9129443e-07 2.574497e-05 0.006713695
0.7303328 0.12043856 0.009537931 0.047916185 0.048703346 0.013061739 0.0041998364 0.1099903 0.011544496 0.0127231665 0.03510271 0.12572399 0.023735015 0.022652913 0.4900623 0.112452075 0.0017359703 0.0023133063 0.35051757 0.0059416257 0.5456768 0.00015816571 2.4127216e-17 0.27215979 0.34421545 0.19716914 0.65925694 0.20709924 0.04949517 0.00079368 0.000539915 0.008353607 5.7439185e-05 0.012970868 0.002740946 0.3569935 0.010053965 0.33068785 0.034878224 0.5316916 0.0069033 0.0079771895 0.15096653 0.001701385 0.031435423 0.0005179189 0.00548316 0.0041325837 0.063193835 4.76126e-06 0.00069755135 0.3148162 0.043066576 0.07424544 0.0008520285 0.0058313655 8.182402e-06 0.01549877 0.011591306 0.091246985 0.0013839807 0.0051537035 0.00019759253 3.8158873e-06 0.001035492 0.0007199707 0.19690268 0.0041002263 0.00012613917 0.017821845 4.521864e-06 3.886683e-06 0.0002217535 0.008114977 0.00057515927 1.4074814e-05 0.00086501683 4.990645e-05 0.01064062 0.007926271 5.629891e-06 0.014182014 2.4646843e-05 0.010675769 0.009353544 0.0012315961 0.00017804412 0.0050745746 0.004118956 1.3935629e-05 0.20284949 1.6420308e-05 4.3231007e-06 0.00032640382 0.00030707632 5.2108016e-06 5.877457e-05 0.0002102834 0.0041721915 2.8164786e-09 0.00016596535
0.08279097 0.10057081 0.0042374656 0.048239026 0.04521269 0.01680155 0.006235217 0.23015407 0.016875232 0.01840177 0.030922001 0.24543796 0.028116854 0.04878373 0.39698473 0.04934625 0.005048689 0.0013220031 0.46894398 0.0063735317 0.15658198 0.00043007638 0.27215979 3.6902156e-19 0.38634813 0.10384307 0.2431469 0.53646624 0.22557043 0.0018527879 0.00074530754 0.054283608 0.00017207525 0.08987749 0.001541081 0.10294842 0.06604073 0.15679121 0.018632192 0.19141056 0.042483028 0.042601977 0.25964022 0.0037824404 0.20332223 0.0003821645 0.032967515 0.018785313 0.2987784 1.3539413e-05 0.00095174956 0.10294401 0.06974059 0.25501877 0.0015575271 0.013909169 1.45608565e-05 0.075410046 0.010883491 0.079748355 0.003857975 0.019378547 0.00018286926 1.7237047e-05 0.006317193 0.003990137 0.12872465 0.0059038443 0.0018803844 0.0728899 3.413637e-06 1.1325254e-05 0.00017556702 0.03568422 0.002098433 4.4700628e-05 0.0023518305 5.9702415e-05 0.020394003 0.016851738 5.8429823e-06 0.024434613 3.111834e-05 0.0034617921 0.008291101 0.0053001037 0.00051386235 0.0057425327 0.00083951483 4.217171e-05 0.09998589 2.0356238e-07 3.2885591e-06 0.00028970744 0.0021053215 5.3029753e-06 0.00012235953 0.0025265724 0.0038952776 4.6862497e-10 9.681734e-05
0.4622704 0.017377278 0.00067958306 0.0070377747 0.0053736735 0.00089226186 0.0003406591 0.036572278 0.0026884156 0.0009216073 0.002576628 0.051434476 0.0057353466 0.009617121 0.37648487 0.13493021 0.0004054102 0.00018074152 0.48688537 0.00032843064 0.12041711 1.5152567e-05 0.34421545 0.38634813 5.7235253e-19 0.023260785 0.4729361 0.5497166 0.079397544 5.6618064e-05 4.0437415e-05 0.010289429 3.0489475e-06 0.015412338 0.00016838756 0.09065785 0.01116591 0.5119868 0.0035745334 0.20583367 0.0077150483 0.012257754 0.48013014 0.00026239667 0.084383756 1.785133e-05 0.008913594 0.0010327174 0.21370322 8.057512e-08 0.000322479 0.33695224 0.24529503 0.34799117 0.00015627577 0.001377926 9.250925e-08 0.04560477 0.0027765287 0.34956133 0.00081285613 0.004226524 2.415932e-05 3.180612e-08 0.00015002517 0.00029679868 0.06336358 0.0022075756 3.09805e-05 0.07926345 5.117594e-08 3.2661085e-08 2.8557102e-05 0.035378188 0.00030181374 1.5687978e-06 3.6018057e-05 4.186558e-06 0.028502673 0.018220065 3.732413e-07 0.0287653 5.7171724e-07 0.0012964641 0.011489913 0.0028319051 0.000101256555 0.0071358313 0.00069471163 6.977556e-07 0.10587695 1.2506365e-06 4.2807838e-07 7.925379e-06 8.108934e-05 4.041039e-07 2.2745307e-05 0.0008196117 0.0038354413 2.7546503e-11 9.207666e-06
0.937121 0.28246728 0.10837582 0.13032012 0.26413214 0.12256749 0.08101162 0.13411885 0.06295602 0.13873106 0.23894598 0.17454824 0.05419677 0.04762994 0.24878606 0.04327643 0.021294456 0.031135939 0.13055018 0.15269558 0.39886913 0.00407982 0.19716914 0.10384307 0.023260785 6.9233036e-18 0.05952576 0.0246717 0.020448552 0.0043660877 0.003014297 0.015286259 0.0006662738 0.011663854 0.057730112 0.6230338 0.0070084976 0.018656975 0.2733757 0.2758987 0.0055265515 0.0025386026 0.007008899 0.044423264 0.0043482133 0.006630968 0.001516819 0.0048742592 0.0053065903 0.00042532897 0.006024824 0.04767821 0.0046734326 0.004807515 0.004020978 0.122636355 0.00035573693 0.0015419343 0.10662278 0.0052697198 0.003288169 0.0027570375 0.0028196808 0.00013473174 0.0008724442 0.00017393747 0.2732357 0.0032519952 0.00016335132 0.00025858593 0.00017141108 3.2523225e-05 0.0026242447 0.00014598406 0.0018086215 6.7258705e-05 0.0008773235 0.0010976605 0.00032911004 0.00016714298 2.0388881e-05 0.0012013728 2.8446662e-05 0.04325703 0.0010543537 0.00015200466 0.0044479887 0.00071084173 0.030392293 0.00019413348 0.09720199 0.00048066644 8.582791e-06 0.0002949229 0.00015454306 9.071901e-06 0.004116276 2.2694108e-05 0.0008255753 1.6440286e-05 0.0023557972
0.787568 0.036730975 0.0016880141 0.017323583 0.014976265 0.0027288138 0.00081965857 0.063180074 0.004966825 0.0022426487 0.0075962385 0.07360878 0.010298692 0.013567457 0.36850297 0.12877123 0.0009771624 0.0004261782 0.3561792 0.0007880554 0.3344987 2.5991743e-05 0.65925694 0.2431469 0.4729361 0.05952576 1.103504e-17 0.24634354 0.053539623 0.00014787794 7.393274e-05 0.0071912743 1.3695484e-05 0.010786783 0.0004471888 0.18752027 0.007842295 0.6265626 0.007521829 0.5246399 0.0066747013 0.008177948 0.23452982 0.00046328089 0.053116053 7.288543e-05 0.006541513 0.001390367 0.107890956 2.964918e-07 0.00030305423 0.5301697 0.09857647 0.1377973 0.0002072455 0.0025941513 3.8892617e-07 0.029171813 0.0047568697 0.13579412 0.0009009467 0.0024964977 1.970114e-05 1.4339254e-07 0.0002109243 0.00044883438 0.13859093 0.0025823587 2.913456e-05 0.039605126 1.5177935e-07 1.4171576e-07 4.9197522e-05 0.019798027 0.0005003093 1.8607171e-06 0.00013497636 4.324482e-06 0.019544173 0.013261214 1.1885409e-06 0.026439605 1.8911513e-06 0.0044552716 0.012279909 0.0013379742 0.00020764078 0.005756413 0.0016346977 2.3812943e-06 0.16647284 8.563977e-06 9.2518206e-07 6.189908e-05 0.0003688314 1.5210037e-06 6.869196e-05 0.00048969587 0.004663767 2.7067565e-10 5.236754e-05
0.1484514 0.020387905 0.00052556494 0.011646298 0.008536633 0.0018117022 0.000461962 0.05060575 0.003353489 0.0018851175 0.005203932 0.04866283 0.010414496 0.01779428 0.25997606 0.1054263 0.0011947956 0.00019265799 0.44633505 0.00053981954 0.091604576 5.6395125e-05 0.20709924 0.53646624 0.5497166 0.0246717 0.24634354 5.0395394e-20 0.110061 0.00046394233 0.00028126527 0.021700418 1.1718737e-05 0.036412694 0.00030883792 0.062008105 0.026274148 0.19055372 0.0049258326 0.11695349 0.019883845 0.024665454 0.51468855 0.00065055536 0.13981281 6.1466184e-05 0.018863467 0.0019827257 0.37044552 3.9605203e-07 0.0005725644 0.1274624 0.24066585 0.5007557 0.0001496856 0.0023905153 5.7150294e-07 0.08600894 0.0022279483 0.28075123 0.0013183625 0.0071546044 5.8521877e-05 2.9691486e-07 0.00063148345 0.0013680969 0.055269644 0.0031135483 7.56712e-05 0.1297679 2.9229795e-07 1.9140195e-07 4.335443e-05 0.057154007 0.00074227335 3.1227669e-06 0.0001974957 4.6198134e-06 0.040259786 0.026313027 4.721435e-07 0.033118602 1.0835988e-06 0.0009537162 0.012012897 0.0053344187 0.00019742602 0.0090378355 0.0004400973 3.2739363e-06 0.08180515 5.229448e-07 5.3837346e-07 2.9898429e-05 0.00017134703 7.464026e-07 2.2029975e-05 0.0018721777 0.0041106506 7.2701554e-12 1.2308194e-05
0.015058213 0.07911173 0.007108486 0.06730069 0.021607356 0.006599153 0.0040220483 0.27680144 0.028003158 0.0057957303 0.012567379 0.21635629 0.062097393 0.14215226 0.073660314 0.030230815 0.002449813 0.0058834497 0.113615684 0.0009315328 0.060678188 0.0016654225 0.04949517 0.22557043 0.079397544 0.020448552 0.053539623 0.110061 1.862934e-18 0.0012384197 0.00078850077 0.19974686 0.0006189114 0.2768913 0.0005558976 0.02834375 0.2339279 0.034481455 0.0029671828 0.0295428 0.12299588 0.17548625 0.06414776 0.00073497754 0.35840768 0.00014795004 0.16440709 0.03828786 0.21009311 7.9828664e-05 0.0069285217 0.021333681 0.02210624 0.082598254 0.020536153 0.001228125 5.5480315e-05 0.2155412 0.0013369416 0.030148573 0.022699945 0.03547172 4.9138256e-05 0.00010860891 0.009546412 0.023222951 0.024973935 0.009985657 0.0014694519 0.045217197 3.99978e-05 0.0001227306 8.657926e-05 0.019956179 0.003890889 0.00021894957 0.005120546 4.7488054e-05 0.009084521 0.0076409504 0.0001062549 0.008953826 0.00011444463 0.0014444122 0.0041765687 0.01883847 0.0010150014 0.0032804168 0.0005157337 0.00023042227 0.030000342 9.7490506e-08 4.8218866e-05 0.0010799756 0.00817288 6.3889485e-05 0.00022424849 0.003465594 0.001884697 3.9799193e-08 0.00030344262
0.74275523 0.004936955 0.023994178 0.0035957794 0.01775156 0.05263063 0.108457826 0.0019028629 0.0070962706 0.09024821 0.04583298 0.0037329246 0.0019233149 0.0012027216 0.0015912523 0.0065636 0.46904773 0.05080705 0.0012646543 0.15037248 0.0010098905 0.17040981 0.00079368 0.0018527879 5.6618064e-05 0.0043660877 0.00014787794 0.00046394233 0.0012384197 1.6706306e-18 0.8176212 0.0016110839 0.13687037 0.0011501666 0.15032007 0.00070355553 0.0013416453 4.8724993e-05 0.08285766 0.0004897134 0.0012266922 0.00062593137 4.0791707e-05 0.15798584 0.0007089844 0.29479042 0.00044658766 0.015555463 0.0003045739 0.13022737 0.0034052872 6.354125e-05 5.8677793e-05 2.8764229e-05 0.0002683668 0.062150385 0.07255385 0.0001786808 0.039343342 3.0460496e-06 2.0378402e-05 0.004884785 0.22904973 0.06478052 0.011468943 7.226142e-05 0.001860876 0.0024314034 0.018507795 3.2099866e-05 0.035286024 0.038921762 0.02442038 2.0019539e-05 0.0012195053 0.011793717 0.012240209 0.03511507 1.7196164e-05 1.258924e-05 0.00722951 9.231651e-06 0.011444813 0.004400348 6.988821e-06 2.900432e-05 0.00042356373 8.174868e-06 0.030463267 0.019880144 0.00039572042 0.008520918 0.0063208444 0.0066117705 0.00013323054 0.006027189 0.00030835875 4.335813e-06 2.6517773e-06 5.5971145e-07 0.0013124596
0.54735357 0.003046858 0.014377831 0.0020552822 0.011828521 0.028764507 0.061058316 0.0010098076 0.0031837462 0.043017793 0.022281427 0.0020651934 0.0013619474 0.0009092772 0.001128933 0.0052942745 0.34680536 0.028465085 0.0010192642 0.055616673 0.0007518501 0.16611132 0.000539915 0.00074530754 4.0437415e-05 0.003014297 7.393274e-05 0.00028126527 0.00078850077 0.8176212 5.589895e-19 0.0021557359 0.18438998 0.0009944875 0.063863195 0.00046381805 0.0012716992 2.7535241e-05 0.03700879 0.00026335736 0.0013114242 0.00059350877 2.4791963e-05 0.06166191 0.0010885581 0.1517867 0.0004370643 0.009152104 0.00043669454 0.4229098 0.0045801676 4.357121e-05 0.00014058093 1.2474175e-05 0.00018494177 0.029292176 0.19682433 0.00024261294 0.022407198 9.60411e-07 2.7447099e-05 0.007552971 0.18917604 0.12502524 0.0064624357 0.000113158996 0.0015674662 0.003309832 0.014743488 8.286796e-05 0.06620117 0.057461612 0.01648277 2.9217477e-05 0.0015558926 0.015692357 0.008600281 0.035665676 3.8453774e-05 2.7889408e-05 0.008866093 5.0704406e-05 0.01765066 0.0034588121 3.3702538e-05 2.2498376e-05 0.0005054773 2.841486e-05 0.022361537 0.04849614 0.00038223047 0.005180424 0.0077527706 0.0058596656 0.00011674382 0.005833587 0.0002839258 1.2212667e-05 1.03448365e-05 2.4708666e-07 0.0009931626
0.0020133038 0.12260718 0.17236584 0.2634053 0.08030258 0.05887008 0.04339839 0.28911954 0.34660718 0.025429176 0.03946454 0.184152 0.3197722 0.3749247 0.035773203 0.0017740312 0.0032976938 0.16021268 0.054900773 0.006962183 0.019345608 0.017436558 0.008353607 0.054283608 0.010289429 0.015286259 0.0071912743 0.021700418 0.19974686 0.0016110839 0.0021557359 2.8678743e-20 0.0038449245 0.4587086 0.0022112976 0.01046421 0.29269075 0.0023911777 0.006967868 0.00390414 0.39245752 0.13637528 0.0048293034 0.0026394383 0.057454955 0.0005882221 0.12359193 0.23113619 0.016636858 0.0002870957 0.12692402 0.002067008 0.0013259298 0.001976308 0.2735904 0.004302191 0.00024310163 0.022228869 0.006815353 0.0011538498 0.19670872 0.28559965 0.002141648 0.00048570687 0.07690682 0.065445855 0.0061488613 0.27189523 0.011452286 0.0028100358 0.0002721324 0.0010162563 0.0007957919 0.0009273048 0.10295345 0.00096336805 0.018149247 0.0005722486 0.0003299435 0.00034428673 0.000785056 0.000754648 0.0006985636 0.005122449 0.00069800654 0.0052105463 0.011757988 0.000605361 0.00047135263 0.0006967622 0.010534311 1.0372566e-07 0.00045370215 0.005091356 0.15201315 0.0008670705 0.003908382 0.00029454118 0.0009895064 2.8345516e-05 0.0013037465
