2.3489568e-34 0.09439869 0.25123 0.41219515 0.17443459 0.7402114 0.763459 0.037521675 0.020465156 0.8804553 0.4899312 0.30516252 0.95658845 0.33259574 0.03086987 0.9726431 0.015980562 0.78670967 0.00026838493 0.632051 0.9579405 0.33324593 0.9017172 0.0003858843 0.26159358 0.6771479 0.01025018 0.006133824 0.002361533 0.1603851 0.00092097913 0.010041235 0.7292864 3.3649998e-05 0.01694549 0.98366666 0.0017398619 0.010204163 0.0013725905 0.013955133 0.0041564405 0.0051151994 0.5209898 0.94476676 0.9956123 9.494065e-05 0.98281807 0.71842563 0.026845802 0.09577411 0.01029177 0.61782396 0.8796236 4.957979e-07 0.0004427604 0.00022010418 0.5049289 0.0004658672 0.0015106475 0.070282415 0.9956448 2.702505e-05 0.99495184 0.0004175991 0.96825635 0.98846626 8.685631e-05 9.068611e-05 0.9842294 3.9796103e-07 3.4691682e-05 1.5977765e-05 0.97909683 0.007401941 3.576627e-05 0.31603014 0.0039458596 1.6032025e-07 8.812714e-07 7.64936e-08 0.00080174167 0.27640584 4.296078e-06 5.144142e-09 1.5442821e-07 1.7561192e-08 9.033294e-06 0.30846396 0.0222474 8.214066e-08 0.00023823528 9.645978e-10 2.2897657e-05 7.7213735e-07 0.028244624 2.2167345e-05 5.6911966e-05 0.0025204967 8.58595e-08 2.462533e-06 1.9566353e-06
0.09439869 1.5378383e-23 0.42692792 0.39340797 0.29941335 0.33924928 0.38840574 0.202703 0.30480197 0.2995424 0.22562169 0.20521244 0.35638395 0.22008266 0.16991645 0.40732083 0.23037769 0.15330508 0.025659498 0.114456944 0.2979024 0.1791758 0.18443425 0.026425784 0.07672177 0.17207712 0.10592836 0.1358396 0.17845488 0.10790716 0.07333398 0.100861475 0.12749222 0.0045961714 0.15889017 0.32495058 0.09633759 0.09446773 0.10275963 0.15671894 0.2204988 0.147903 0.047001354 0.16303453 0.22967122 0.04236609 0.17862874 0.06273114 0.08413036 0.048398905 0.11798123 0.040124953 0.06871595 0.0004166384 0.17666508 0.00022868428 0.029284514 0.059436917 0.15079634 0.035233498 0.08858763 0.027507417 0.10921186 0.056894943 0.02211901 0.044435073 0.063266225 0.035471592 0.029292712 0.014902953 0.029119903 0.025688088 0.07292135 0.006725861 5.7402735e-06 0.02307145 0.0045694634 0.007920559 0.015930364 0.004667636 0.0021879596 0.004661481 0.004203435 7.531514e-08 0.008990147 0.0008743916 0.009248077 0.0041147037 0.001032683 0.0058743586 0.018277025 2.1822803e-08 0.002236443 0.0008700583 0.0051155314 1.06014646e-07 0.004643735 0.003825897 0.00054594234 0.0017570566 0.0015254337
0.25123 0.42692792 5.0896326e-21 0.49031588 0.6088981 0.2568088 0.11371373 0.43714827 0.5406847 0.39235717 0.033043876 0.062025126 0.35488707 0.01740846 0.1530986 0.19788039 0.30815354 0.023684133 0.3788959 0.013454045 0.3425642 0.012709263 0.05341397 0.06692729 0.00047120568 0.003769536 0.04305677 0.018669143 0.081960134 0.009675708 0.14178504 0.061045635 0.0026766656 0.20619984 0.0051394356 0.02358182 0.10511767 0.017189836 0.06537674 0.0027689054 0.016763547 0.030484019 0.00053938467 0.056134313 0.14163636 0.073927656 0.08331001 0.0006006973 0.005584638 0.0032082608 0.008277615 0.00039442448 0.001883442 0.04049548 0.01645053 0.00048125818 0.00033769928 0.023850752 0.010065742 5.0952884e-05 0.017837945 0.028691642 0.011077337 0.010029646 0.0011525103 0.00083198765 0.003875465 0.012064539 0.00016188825 0.031508688 0.008485788 0.011382464 0.006196685 2.146894e-05 5.5837012e-05 4.7625475e-05 2.2846943e-05 0.0067325416 0.004953584 0.010799737 4.099698e-06 0.0003596026 9.857279e-05 0.00029668576 0.0036776664 0.006540973 0.00035930745 0.00063297665 0.00028229313 0.004591223 0.00095230155 6.167593e-05 6.3745515e-06 0.00026187595 2.8603134e-05 1.3480249e-05 0.00018706561 0.0001858885 0.00031439023 4.2530606e-05 7.27768e-05
0.41219515 0.39340797 0.49031588 1.1241227e-18 0.5170809 0.6226662 0.049128313 0.24606903 0.46298027 0.4321332 0.010514989 0.3098967 0.2912723 0.00491707 0.06732204 0.09793398 0.41056684 0.14869174 0.26560417 0.10596817 0.45689464 0.14775786 0.19936286 0.17253633 0.000113788396 0.00085133116 0.02531492 0.008762816 0.040729273 0.101600245 0.09727747 0.15567224 0.00053214363 0.34978196 0.0029187875 0.0068570776 0.13206707 0.06754928 0.036977876 0.0014461087 0.010286697 0.09066981 0.00016296947 0.1746274 0.22887143 0.056272376 0.21714024 0.00014543031 0.03433552 0.03249459 0.047418587 0.00011627049 0.028897405 0.013059 0.01165722 0.0015078416 9.195016e-05 0.055407602 0.0068819667 1.0542032e-05 0.093764596 0.03090852 0.027503923 0.029018018 0.0063488893 0.00025367682 0.002828762 0.026688378 8.603848e-05 0.018153816 0.018553989 0.017486507 0.0037326096 8.303167e-06 0.0021264097 1.5926908e-05 6.4565734e-06 0.006926513 0.008892478 0.008734603 2.2645584e-06 0.005455653 9.3713126e-05 5.9384984e-05 0.006697311 0.004091115 0.0014670393 0.008262815 0.002960679 0.0067633223 0.0041202116 0.0010640001 4.133661e-06 0.00017551064 3.5424124e-05 0.00028871288 0.0012169707 0.0027562305 0.0018572726 3.520112e-05 0.0006772913
0.17443459 0.29941335 0.6088981 0.5170809 5.779117e-20 0.34746042 0.061234657 0.43218914 0.5992645 0.28177193 0.01944254 0.13312794 0.24780262 0.010965143 0.14553759 0.11490523 0.46894935 0.05883411 0.4351849 0.03612404 0.31290588 0.043838095 0.09658297 0.09025759 0.00043633505 0.0015448708 0.049249984 0.01821454 0.08624681 0.03966383 0.22949664 0.18232135 0.0012966922 0.28645733 0.004158993 0.005979401 0.21521223 0.053107444 0.0926297 0.002457173 0.016513065 0.076230876 0.00040715293 0.08311354 0.16507706 0.11708005 0.099390715 0.000320836 0.019390048 0.011570465 0.0210171 0.00021470814 0.0068257214 0.034245353 0.016120791 0.00026000285 0.00017787356 0.062342763 0.010542285 1.5613314e-05 0.028027114 0.052226044 0.011815618 0.024419708 0.0032072358 0.0003266202 0.0050885845 0.042360302 0.00012158472 0.03453025 0.03072834 0.03080064 0.0027400104 1.1873554e-05 0.0002465379 2.0090476e-05 8.439603e-06 0.016480232 0.018081276 0.016925553 2.9785997e-06 0.0011674038 0.000112799025 0.0002785505 0.012579206 0.010460234 0.0012817014 0.002625077 0.0012469952 0.012139605 0.003292705 0.0012156791 4.745806e-06 0.00034325582 2.1467671e-05 3.8505772e-05 0.0009759294 0.0012866 0.0028623154 3.7061163e-05 0.00048557925
0.7402114 0.33924928 0.2568088 0.6226662 0.34746042 6.8950193e-19 0.026291704 0.086330354 0.28411517 0.43143964 0.0050674505 0.5064416 0.36122844 0.002308011 0.032153618 0.061008018 0.34057143 0.45812917 0.1442472 0.39813817 0.48577148 0.42235276 0.51267594 0.28396365 6.25599e-05 0.00064732786 0.012975822 0.004046388 0.020383006 0.2916563 0.03932629 0.15955193 0.00032806187 0.29499486 0.001210116 0.005806291 0.091913015 0.12425777 0.015408921 0.000724856 0.0057902606 0.14416221 0.00013522194 0.38909742 0.27034706 0.023635535 0.42217097 9.2294285e-05 0.09623852 0.094873644 0.11851175 6.7268775e-05 0.15533428 0.006649173 0.0064282017 0.0014538559 6.885974e-05 0.061614763 0.00401146 1.0823744e-05 0.26116028 0.020029193 0.062110968 0.052089542 0.04383354 0.0002147786 0.0022605055 0.022924192 5.864736e-05 0.009208751 0.016687684 0.015447339 0.0031983338 9.9096715e-06 0.008323215 1.5751939e-05 6.974958e-06 0.006559827 0.008894994 0.006315052 2.9381847e-06 0.041213047 0.00013117262 1.5263358e-05 0.0073730694 0.0020930455 0.0033735372 0.03953389 0.023734579 0.007434938 0.013139681 0.0023056176 4.332502e-06 0.00010940878 6.0718517e-05 0.0011105182 0.005314012 0.014021302 0.0033340561 6.4622625e-05 0.0019292267
0.763459 0.38840574 0.11371373 0.049128313 0.061234657 0.026291704 3.716154e-18 0.06424451 0.0627861 0.1668826 0.39175165 0.013868591 0.4114655 0.28782085 0.13411629 0.5878148 0.02486508 0.003890468 0.022872524 0.0028013478 0.08686115 0.004203066 0.007750826 0.0068409187 0.07841447 0.13321504 0.14710383 0.13449089 0.15114838 0.0036318644 0.030001286 0.014735413 0.07487486 0.023022985 0.11330584 0.3618107 0.013268716 0.004659441 0.049183365 0.07004003 0.17081551 0.008398917 0.014006299 0.0087324325 0.02843057 0.020326875 0.009389763 0.018715203 0.0014094036 0.00062458374 0.00466996 0.010786809 0.00011642294 0.03053226 0.10351754 0.031963818 0.008227898 0.0038862035 0.09869989 0.010722522 0.004038239 0.014531207 0.014446092 0.0018673587 2.070046e-05 0.029807933 0.033622686 0.0031674544 0.013599376 0.014755184 0.002479731 0.0054360447 0.11832486 0.00998759 5.8551545e-06 0.0073892525 0.0065669874 0.003907683 0.0021836224 0.0033317474 0.0020895663 3.0723582e-05 0.0035592294 0.0043256045 0.0023541262 0.0017667284 0.00055259163 3.5607263e-05 7.477592e-05 0.0022710273 0.000653219 1.2733817e-06 0.00075105065 0.0049537257 0.006094297 4.688892e-06 0.00012455079 0.000117609074 0.00039487594 0.0018620539 0.00010689246
0.037521675 0.202703 0.43714827 0.24606903 0.43218914 0.086330354 0.06424451 5.8388076e-22 0.4504525 0.15373634 0.04272672 0.028587282 0.17154022 0.028945288 0.21732612 0.11327999 0.2163046 0.017506557 0.3398128 0.008719626 0.16288698 0.0077969325 0.024509313 0.023879668 0.0016624953 0.0065829386 0.08094589 0.039130285 0.12147376 0.0055368682 0.23644619 0.086122334 0.004554912 0.13829975 0.008714277 0.013867751 0.12974364 0.018804576 0.14398393 0.006018961 0.028944325 0.031870425 0.0007863516 0.02208012 0.05226258 0.15034267 0.026343951 0.0009812181 0.003091697 0.0015681592 0.005176209 0.00051932846 0.0016582453 0.073086925 0.020538686 0.0001421811 0.0004316347 0.031277817 0.0124399485 9.5585594e-05 0.012987447 0.04916814 0.006813894 0.014915928 0.0010590416 0.0006045086 0.0066086315 0.021568216 0.00018243048 0.05451605 0.017371537 0.023373466 0.004576334 2.805948e-05 2.4550905e-06 9.028862e-05 2.7497557e-05 0.012462992 0.011877552 0.017544338 1.8613357e-05 0.0002490418 0.00020341191 0.0028254224 0.007866853 0.019375304 0.0009457282 0.0007298336 0.00018525723 0.008742521 0.0005844365 6.820012e-05 1.8003166e-05 0.0022110846 3.1611908e-05 8.4455087e-07 0.00011811421 0.00013628392 0.0013989405 7.144033e-05 0.00014555242
0.020465156 0.30480197 0.5406847 0.46298027 0.5992645 0.28411517 0.0627861 0.4504525 2.489797e-22 0.24165975 0.023945339 0.123282425 0.1838565 0.012477115 0.18888849 0.06343665 0.4849743 0.059069257 0.5521363 0.036555696 0.23695849 0.028798914 0.08775928 0.10637639 0.00088559685 0.0025653958 0.06680384 0.030608468 0.112219624 0.026491731 0.33187398 0.20002024 0.002039772 0.29910383 0.004430646 0.0052704588 0.25534293 0.06143283 0.14776883 0.003007168 0.022315819 0.095185764 0.00037470486 0.05050039 0.06618551 0.20229983 0.04640159 0.00030285836 0.015977181 0.011947917 0.01792349 0.0001927802 0.0067577544 0.07839802 0.015027433 0.00011436684 0.00019659426 0.089695 0.009869909 3.301602e-05 0.026413662 0.07370346 0.012398602 0.035743944 0.003376231 0.00032210923 0.008507192 0.05491736 9.826363e-05 0.06230076 0.047878634 0.046926223 0.0027170193 7.841237e-06 2.8731136e-05 1.896484e-05 6.4537967e-06 0.027063932 0.026505752 0.030415162 6.812e-06 0.0012660173 0.00019609767 0.00017954735 0.018309483 0.025039773 0.0023433554 0.0020032984 0.0012027887 0.018558739 0.0013616402 0.001627532 1.1263944e-05 0.0007601241 8.429557e-06 4.0173745e-06 0.00034166645 0.0006710245 0.0041193743 6.274471e-05 0.0004397904
0.8804553 0.2995424 0.39235717 0.4321332 0.28177193 0.43143964 0.1668826 0.15373634 0.24165975 2.8176737e-15 0.04285385 0.27352998 0.60281724 0.025110776 0.092723325 0.24377787 0.15224975 0.21953037 0.05835817 0.1662807 0.72576123 0.10651055 0.26360962 0.028706327 0.001973482 0.0025581801 0.042063877 0.021024927 0.04953042 0.0757537 0.055204593 0.07040246 0.0011014874 0.08091206 0.007699172 0.020642256 0.058191996 0.03589655 0.033362888 0.0038900822 0.016778613 0.045982428 0.0008938839 0.16560882 0.28024843 0.041523237 0.16977777 0.00072615745 0.01704608 0.016560338 0.025261687 0.0006961063 0.018063946 0.008925912 0.010702911 0.0072386474 0.0007322804 0.020548422 0.009856665 0.0006261132 0.082822606 0.027875882 0.14574437 0.0072242273 0.006882816 0.0015309018 0.0042256536 0.010195929 0.00047752843 0.018984057 0.00771822 0.016220413 0.01081708 0.00063842227 0.0010897833 0.00054951786 0.0002977836 0.007746341 0.0076901973 0.010462324 8.21241e-05 0.003406957 0.0005010288 5.1360938e-05 0.0067081363 0.0059646955 0.0016669162 0.0033689656 0.005332305 0.0072520734 0.0025544015 0.00020609976 7.1470924e-05 0.00084702123 0.00068994134 0.00016324916 0.0006238676 0.0050531616 0.0017321426 0.00049744756 0.0002962944
0.4899312 0.22562169 0.033043876 0.010514989 0.01944254 0.0050674505 0.39175165 0.04272672 0.023945339 0.04285385 5.4152905e-18 0.0029132313 0.21121204 0.45039195 0.09676096 0.35198995 0.009559969 0.0010007765 0.018843448 0.0006481254 0.0206857 0.00080176577 0.002410663 0.0023108907 0.22861436 0.16141105 0.10808801 0.1394041 0.10607823 0.0005342791 0.017658362 0.0077662724 0.101651445 0.013860189 0.19074659 0.27151468 0.00685462 0.0009530561 0.04797962 0.1416793 0.21006763 0.0037246498 0.035050638 0.002751856 0.009905619 0.013973125 0.003906548 0.038663756 0.00023674838 6.6768145e-05 0.0009435863 0.021755064 9.5943964e-05 0.030565405 0.13672814 0.027316496 0.018035842 0.0035735704 0.13112183 0.025818879 0.0016837624 0.009217765 0.0064539458 0.0012802458 1.16583315e-05 0.04869587 0.05074733 0.0023342005 0.019677266 0.013972653 0.0014763466 0.003527043 0.113980144 0.016376771 2.5820443e-06 0.017123293 0.0142247835 0.0019719966 0.0010703972 0.004327242 0.0064662355 6.935453e-06 0.0067272144 0.007191812 0.0008172089 0.0038749033 0.00025485264 7.969238e-06 3.6683294e-05 0.0009108081 0.0004275548 5.685017e-07 0.001516443 0.008088201 0.012874506 1.0175597e-06 9.003351e-05 6.5202556e-05 0.00017782726 0.0027020257 9.222627e-05
0.30516252 0.20521244 0.062025126 0.3098967 0.13312794 0.5064416 0.013868591 0.028587282 0.123282425 0.27352998 0.0029132313 1.20651256e-20 0.2113933 0.0010539208 0.007239631 0.025800453 0.2605148 0.32808518 0.11353522 0.2646924 0.24605532 0.3209268 0.3598425 0.29644918 1.6545293e-05 0.000121173434 0.005340382 0.0015163134 0.009334559 0.24759924 0.02085611 0.1219319 7.4244475e-05 0.19244055 0.0003247012 0.0018189464 0.05676448 0.1049865 0.0064295284 0.00017875936 0.001968087 0.11423718 2.5545622e-05 0.21818633 0.13365112 0.016916635 0.26114884 1.9610112e-05 0.089085065 0.085284024 0.09535773 1.4365138e-05 0.14848503 0.0011994073 0.0028579987 4.7239082e-05 1.3784996e-05 0.042167675 0.0012180978 5.333434e-07 0.1407488 0.015574136 0.016536271 0.051750023 0.04412709 4.720877e-05 0.00095526234 0.023137206 8.440287e-06 0.005412337 0.013905395 0.011046892 0.0009905284 1.4785002e-06 0.0020154938 4.6323607e-06 1.5077962e-06 0.0031277786 0.0058955587 0.0023867406 2.1754174e-06 0.030441785 2.8896313e-05 1.0245433e-06 0.004122776 0.00093285734 0.0030059235 0.037246943 0.022025764 0.004079943 0.017246231 0.0030849688 2.145039e-06 2.9736626e-05 7.224271e-06 0.00017339324 0.0065700286 0.015701547 0.0021899522 1.1596446e-05 0.002555386
0.95658845 0.35638395 0.35488707 0.2912723 0.24780262 0.36122844 0.4114655 0.17154022 0.1838565 0.60281724 0.21121204 0.2113933 1.4093057e-16 0.13220507 0.11663743 0.5413116 0.08693152 0.061076794 0.032712333 0.041882902 0.39609453 0.028077664 0.115895316 0.014043363 0.0069273286 0.016466605 0.06518252 0.044932775 0.06614136 0.021411516 0.029270813 0.024203705 0.007986069 0.035514668 0.020413918 0.13029899 0.02588126 0.010871322 0.03606209 0.011305799 0.038151212 0.013466816 0.002237481 0.067405485 0.19620375 0.026359476 0.080512166 0.0023478316 0.0058495207 0.0057390016 0.0077415374 0.0019857448 0.004316419 0.011229081 0.019283878 0.013454334 0.0020252112 0.0065085418 0.015879929 0.0024896027 0.035412688 0.017442105 0.16602765 0.0026851194 0.0015166005 0.008324484 0.0058647697 0.0036026838 0.0028089827 0.017026542 0.0029271657 0.0079337135 0.054779477 0.0027748584 0.0002649262 0.0016613638 0.0018308635 0.004520765 0.0034179306 0.00478026 0.0003596837 0.0004552349 0.0010475097 0.00044631856 0.003229793 0.00553606 0.0009098298 0.00039335393 0.0005223836 0.0030718867 0.00057469186 1.5509046e-05 0.00020046523 0.0015389257 0.0018743848 8.640447e-05 0.00015077992 0.00070599903 0.0007155075 0.00074736093 0.000117484975
0.33259574 0.22008266 0.01740846 0.00491707 0.010965143 0.002308011 0.28782085 0.028945288 0.012477115 0.025110776 0.45039195 0.0010539208 0.13220507 8.296954e-19 0.085858025 0.28272182 0.004988457 0.00029222507 0.019841816 0.00015643219 0.009985276 0.00011548223 0.001028831 0.0018749052 0.3533554 0.14274238 0.12657513 0.25382188 0.13263099 4.4311248e-05 0.014338107 0.0033021737 0.094762936 0.016451895 0.34745908 0.25606364 0.0040451707 0.00031390638 0.041593485 0.34387264 0.36386606 0.002129341 0.03783391 0.001269437 0.0042836615 0.011449927 0.0020026986 0.04211877 0.00010777152 2.3553712e-05 0.00051969563 0.024432467 1.7844097e-05 0.053624045 0.26817396 0.027699718 0.018565949 0.0017607537 0.26504767 0.023313824 0.0012286702 0.00722047 0.0034854945 0.00089624664 2.1580436e-06 0.032146487 0.09356553 0.0014596616 0.027534423 0.010738087 0.0011509577 0.002062136 0.07809492 0.018962977 9.825397e-07 0.01760694 0.019011222 0.0014159101 0.00096693565 0.0020549353 0.009903942 4.6159116e-06 0.01036105 0.014909784 0.0006471542 0.002775712 0.0001377206 2.9029986e-06 1.9871191e-05 0.00059435784 0.00013183909 3.1538676e-07 0.0036676752 0.010109774 0.01574957 3.2459886e-07 3.34292e-05 2.2524204e-05 0.00012706306 0.0042120847 2.9095107e-05
0.03086987 0.16991645 0.1530986 0.06732204 0.14553759 0.032153618 0.13411629 0.21732612 0.18888849 0.092723325 0.09676096 0.007239631 0.11663743 0.085858025 6.169605e-20 0.13278796 0.12015826 0.005858403 0.15091264 0.0042490554 0.06068797 0.002985552 0.00976562 0.008953621 0.006583743 0.016192816 0.14801033 0.07040978 0.18623364 0.0024724945 0.22692002 0.070197575 0.009135415 0.049394403 0.021798603 0.023472482 0.11810797 0.01208438 0.18062417 0.013435203 0.057636663 0.023400594 0.0021492336 0.008632105 0.020930003 0.15262055 0.009793606 0.0025400375 0.0027230517 0.0014910373 0.005235963 0.0013332639 0.0018138649 0.10292683 0.04606779 0.00069313595 0.0013325736 0.028600283 0.027505554 0.0012646271 0.008173383 0.06408724 0.0056804633 0.010890582 0.0006057635 0.0012396597 0.016511656 0.023972591 0.0006448356 0.056292914 0.021283424 0.031899463 0.010748034 0.00053263287 5.4687425e-06 0.00073406164 0.0004946081 0.01675661 0.015358204 0.019168068 0.000508684 0.001817099 0.0009853642 0.0073089064 0.0105059175 0.025368778 0.0014538864 0.0014890679 0.0005857162 0.0090447115 0.0008758083 0.00016911578 0.0006045221 0.009976048 0.00050220516 6.889823e-07 0.00022625616 0.00023997469 0.0035671315 0.00051421125 0.0003337713
0.9726431 0.40732083 0.19788039 0.09793398 0.11490523 0.061008018 0.5878148 0.11327999 0.06343665 0.24377787 0.35198995 0.025800453 0.5413116 0.28272182 0.13278796 2.4480974e-19 0.015371654 0.005965754 0.014595254 0.0035772617 0.12091363 0.0025755668 0.012336574 0.005786866 0.0410383 0.08995323 0.10341377 0.085243896 0.07410901 0.0021083201 0.014706955 0.00870035 0.04627687 0.01279768 0.071123235 0.3875582 0.006167475 0.003053713 0.027756399 0.047403276 0.07416605 0.004331596 0.0071587986 0.009629557 0.04405935 0.011661397 0.010951567 0.008257769 0.00076185283 0.0003130606 0.0015072385 0.00525791 0.00026876634 0.014623307 0.03619463 0.019389795 0.0053054723 0.0027128558 0.039540045 0.007100478 0.004991336 0.008210578 0.039550602 0.0011335656 2.9756486e-05 0.027185405 0.012253996 0.0012367219 0.0106343 0.011265857 0.0009759685 0.003240559 0.117307045 0.0073425774 2.3869205e-05 0.005418982 0.0055488436 0.0029322016 0.0015097929 0.0029223708 0.0011330943 9.01707e-06 0.0018266178 0.002066281 0.0016020511 0.0040540034 0.00031773627 4.161388e-06 1.3320216e-05 0.0016468181 0.00017574291 9.1652055e-07 0.00042907675 0.0029259417 0.005614913 1.2498729e-05 3.9870978e-05 3.1130807e-05 0.00030145503 0.0013341611 4.740353e-05
0.015980562 0.23037769 0.30815354 0.41056684 0.46894935 0.34057143 0.02486508 0.2163046 0.4849743 0.15224975 0.009559969 0.2605148 0.08693152 0.004988457 0.12015826 0.015371654 4.4496476e-22 0.14819963 0.49869335 0.1592573 0.108063206 0.18253276 0.17208645 0.37006262 0.001392947 0.0015027246 0.049018227 0.020346107 0.07589471 0.19200565 0.21606703 0.32365066 0.0010777055 0.4101001 0.005178226 0.00312923 0.27594993 0.18057734 0.0745431 0.0035278639 0.015060287 0.23788908 0.0002778315 0.07263132 0.033563994 0.08684567 0.059084047 0.00016313959 0.07071525 0.064285345 0.07622548 0.00015562956 0.037397582 0.019476859 0.012721565 4.5418157e-05 0.00020557034 0.15496294 0.008762236 6.573545e-05 0.03341877 0.06622534 0.010568629 0.0882966 0.013456136 0.00018134412 0.0093190605 0.06722307 9.18252e-05 0.02961089 0.056432568 0.05323391 0.0010269842 2.5018076e-05 0.0005844276 4.7252463e-05 2.3648154e-05 0.02978351 0.02876952 0.02200463 3.1591353e-05 0.014974331 0.00035015497 1.0873207e-05 0.019730711 0.0114948675 0.009285229 0.010237752 0.009817526 0.017015673 0.006456096 0.007482956 5.1036724e-05 0.00033053115 1.5665515e-05 4.7979876e-05 0.00210847 0.0066885347 0.007286396 0.00013605537 0.002870019
0.78670967 0.15330508 0.023684133 0.14869174 0.05883411 0.45812917 0.003890468 0.017506557 0.059069257 0.21953037 0.0010007765 0.32808518 0.061076794 0.00029222507 0.005858403 0.005965754 0.14819963 6.3047435e-20 0.061528005 0.7018914 0.19429788 0.46087208 0.6189344 0.29674396 1.3925851e-05 7.070681e-05 0.0043083504 0.001069846 0.005706474 0.34496266 0.0075781015 0.103012875 2.0845195e-05 0.15867901 0.00013462591 0.00043757792 0.03640699 0.13038261 0.0017042861 6.391216e-05 0.001368521 0.14300981 6.4297087e-06 0.4162055 0.072743796 0.0039801 0.36224344 6.093178e-06 0.17759642 0.22182351 0.18551137 3.8021378e-06 0.54734546 0.00093078415 0.0018717982 0.00024742543 5.0260833e-06 0.05932253 0.00071764924 1.4490567e-07 0.31002825 0.0070644296 0.025371287 0.096599266 0.2789942 7.351815e-06 0.00075490866 0.01993492 1.558275e-06 0.0036640046 0.014014062 0.009907806 0.00021216666 1.1127433e-06 0.037416328 1.0606577e-06 7.7584133e-07 0.002971606 0.005511704 0.002092081 3.8915326e-07 0.18872732 5.8480084e-05 7.681375e-07 0.004513554 0.00041544117 0.00696962 0.11457236 0.10036139 0.0048040384 0.037731577 0.003776034 6.554583e-07 1.617556e-05 3.8208977e-06 0.0045612627 0.015216039 0.05578568 0.0030073659 2.5150053e-05 0.0061928425
0.00026838493 0.025659498 0.3788959 0.26560417 0.4351849 0.1442472 0.022872524 0.3398128 0.5521363 0.05835817 0.018843448 0.11353522 0.032712333 0.019841816 0.15091264 0.014595254 0.49869335 0.061528005 4.981127e-29 0.057407383 0.032338478 0.097057514 0.035889693 0.01035618 0.0011321676 0.0024211265 0.048219386 0.025152182 0.13200945 0.06291017 0.3415196 0.22978082 0.0011772044 0.011548586 0.013427852 0.0014090267 0.32437408 0.1191635 0.17554955 0.013675146 0.03862723 0.18213241 0.00074486807 0.007609409 0.0056620715 0.16536233 0.0068051727 0.00032131092 0.03722012 0.0281678 0.03861024 0.00022412898 0.009160929 8.961897e-05 0.025500307 1.2218392e-08 0.00026721295 0.13734742 0.013997313 0.00013411258 0.0018313979 0.089119665 0.00026691955 0.045130014 0.0035178151 7.604812e-05 0.0036349657 0.0462649 3.920192e-05 0.021115543 0.029781913 0.051991608 0.00015762889 3.481061e-06 1.3253245e-09 8.566857e-05 4.354876e-06 0.011944948 0.007155103 0.009182333 5.6444273e-06 0.0011429602 4.0383733e-05 6.6840855e-10 0.0030915646 0.0032349578 0.0011871664 0.00037530836 0.0008706941 0.0024728493 0.00080199627 3.2417734e-08 6.5877366e-06 1.4915159e-05 2.1038632e-06 4.9753618e-11 0.00017770402 0.00066308473 0.00015962437 1.7611952e-05 0.0001674616
0.632051 0.114456944 0.013454045 0.10596817 0.03612404 0.39813817 0.0028013478 0.008719626 0.036555696 0.1662807 0.0006481254 0.2646924 0.041882902 0.00015643219 0.0042490554 0.0035772617 0.1592573 0.7018914 0.057407383 9.748904e-19 0.12180808 0.46232563 0.65404874 0.35281143 8.508012e-06 2.5035115e-05 0.0026369551 0.0010569122 0.004953719 0.3854422 0.005953211 0.10795044 7.436178e-06 0.13414578 0.0001105168 0.00010727379 0.030403228 0.1361135 0.0014142037 6.1082086e-05 0.001480905 0.17199552 1.8167592e-06 0.39963686 0.04347762 0.0031848152 0.279757 1.1138019e-06 0.25164115 0.29116046 0.24138324 1.046385e-06 0.60342985 0.00040940114 0.0020168202 8.596902e-05 1.7910475e-06 0.06474683 0.00075584516 6.5346875e-08 0.31588733 0.0059143314 0.023121038 0.08416266 0.3745663 1.0444946e-06 0.00063329574 0.018347014 2.7182386e-07 0.0021872753 0.012276209 0.008623803 3.0773346e-05 7.125789e-07 0.0514215 3.697749e-07 5.783571e-07 0.002281125 0.0037018936 0.0011294651 5.5399516e-07 0.20353635 3.3675937e-05 5.761674e-08 0.0025952065 0.00044220468 0.0074535524 0.12022054 0.11099199 0.0029700422 0.048794705 0.0056006764 8.435656e-07 9.610445e-06 7.474589e-07 0.0068844766 0.022606174 0.072923064 0.002489306 1.3529759e-05 0.0074424082
0.9579405 0.2979024 0.3425642 0.45689464 0.31290588 0.48577148 0.08686115 0.16288698 0.23695849 0.72576123 0.0206857 0.24605532 0.39609453 0.009985276 0.06068797 0.12091363 0.108063206 0.19429788 0.032338478 0.12180808 1.6722772e-16 0.08054713 0.31610864 0.027292611 0.00060674467 0.0006452721 0.015449178 0.008051606 0.017599897 0.051383257 0.02170894 0.051192854 0.00032615333 0.049135596 0.002862407 0.0063442467 0.03212309 0.02575573 0.010908195 0.0013196581 0.005972904 0.0274195 0.0002236311 0.20702751 0.34937352 0.014332686 0.2778419 0.00023876844 0.011137339 0.011258989 0.016102092 0.0001711752 0.01579019 0.0032461637 0.0030575243 0.0026847324 0.00018099422 0.011755493 0.0030628212 0.00014285988 0.08769286 0.013416631 0.16983968 0.0048764097 0.0042257505 0.000556467 0.0012811655 0.0059001124 0.00018313261 0.0095424075 0.004347374 0.009171887 0.006080866 0.00011455655 0.0012467094 9.99957e-05 6.999971e-05 0.004582409 0.0040011425 0.0051537408 9.217057e-06 0.004758959 0.00030347475 1.5866237e-05 0.003911911 0.008556084 0.0008892411 0.0032084258 0.00286948 0.0036141172 0.0017744135 4.7500194e-05 9.82722e-06 0.0018369078 0.00022889003 0.00029344409 0.0005411728 0.0029535159 0.0014299795 0.00038609264 0.00016974319
0.33324593 0.1791758 0.012709263 0.14775786 0.043838095 0.42235276 0.004203066 0.0077969325 0.028798914 0.10651055 0.00080176577 0.3209268 0.028077664 0.00011548223 0.002985552 0.0025755668 0.18253276 0.46087208 0.097057514 0.46232563 0.08054713 3.688875e-21 0.41866904 0.5444658 2.1938515e-06 1.3120009e-05 0.002387878 0.00083217374 0.0035790445 0.49559233 0.006890796 0.13128099 4.1804856e-06 0.18374237 0.00010533014 9.6736774e-05 0.030601611 0.17830987 0.0016689736 6.179898e-05 0.00098468 0.17128417 5.383714e-07 0.23225309 0.02336283 0.0072540827 0.1851025 4.797278e-07 0.2260973 0.29721427 0.19106841 3.8187645e-07 0.4786915 0.0002652139 0.0011888426 1.4197913e-05 5.4336084e-07 0.076938435 0.00041184848 3.1135304e-08 0.16717216 0.011255016 0.008409984 0.116245575 0.3101343 1.7715458e-06 0.0004292159 0.038710363 6.845848e-07 0.0045969407 0.023753818 0.012658381 8.6832944e-05 1.7707409e-07 0.01641833 1.0296579e-07 1.5947471e-07 0.0029500772 0.006428379 0.0025243098 7.666058e-07 0.13794012 2.6001537e-05 3.6653356e-07 0.0043294467 0.0007539168 0.010789339 0.08285509 0.077343404 0.0045559327 0.040742725 0.0056049353 2.8604131e-06 1.5481366e-05 6.1285255e-07 0.0029179247 0.01720166 0.053326998 0.0028747693 1.3240235e-05 0.008100197
0.9017172 0.18443425 0.05341397 0.19936286 0.09658297 0.51267594 0.007750826 0.024509313 0.08775928 0.26360962 0.002410663 0.3598425 0.115895316 0.001028831 0.00976562 0.012336574 0.17208645 0.6189344 0.035889693 0.65404874 0.31610864 0.41866904 2.4236804e-17 0.20733501 5.4819462e-05 0.00014567864 0.0062073586 0.0030064639 0.007055747 0.30143178 0.008716092 0.102716096 8.572504e-05 0.11254145 0.0010317669 0.0011843157 0.03477534 0.11503202 0.0036967008 0.00045269213 0.0060716434 0.119348444 4.5857178e-05 0.6429135 0.12626675 0.005923549 0.49514467 3.3649358e-05 0.15309434 0.20663615 0.15518641 2.5390467e-05 0.6093644 0.0002806956 0.00671382 0.0006953039 3.41455e-05 0.037550252 0.0046239416 6.5582e-06 0.4605472 0.007402898 0.061795272 0.045640912 0.27892032 4.5160137e-05 0.0020638625 0.014799471 1.0821948e-05 0.0033136678 0.0114597315 0.011255848 0.0006236642 2.4512314e-05 0.03350828 2.0293728e-05 1.659306e-05 0.0037936645 0.0059597003 0.0017297203 3.5213995e-06 0.17438489 0.00012565844 1.13518546e-07 0.005341446 0.00052265346 0.005619279 0.11114383 0.110404536 0.004470873 0.02909748 0.0017311296 5.1863058e-06 8.6317494e-05 5.470926e-05 0.0057629608 0.013277862 0.05232958 0.0028999234 0.00010444678 0.004823789
0.0003858843 0.026425784 0.06692729 0.17253633 0.09025759 0.28396365 0.0068409187 0.023879668 0.10637639 0.028706327 0.0023108907 0.29644918 0.014043363 0.0018749052 0.008953621 0.005786866 0.37006262 0.29674396 0.01035618 0.35281143 0.027292611 0.5444658 0.20733501 5.523204e-29 0.0001498493 0.00012921166 0.00397255 0.0026292084 0.008270912 0.4187435 0.021110041 0.20808661 3.5772136e-05 0.0015491167 0.00077106454 0.00012223859 0.081993066 0.2840811 0.0059178495 0.00078736426 0.0027060448 0.2480657 8.3045095e-05 0.049442746 0.014556847 0.004620836 0.03095427 1.264852e-05 0.21289831 0.17907143 0.18632555 1.9370562e-05 0.08041853 1.2257027e-07 0.0005050333 4.0586987e-10 3.4426437e-05 0.09801499 0.00032238275 1.1763796e-05 0.022717144 0.0047219335 0.004628382 0.07703307 0.0359399 1.8781075e-05 2.9704599e-05 0.019836202 1.8397628e-05 0.00057716866 0.01070602 0.008773703 5.657025e-05 2.289068e-06 1.329387e-07 5.0588533e-05 1.0604979e-06 0.0007225622 0.000914009 0.00044487818 1.0139735e-06 0.01253842 4.055749e-07 1.3536318e-12 0.0002608214 2.3201175e-05 0.0008396949 0.004796643 0.0118394075 0.00032500824 0.010928146 1.5258249e-07 8.623259e-07 5.4173846e-08 2.1888297e-06 1.6967916e-09 0.004355805 0.009543327 2.1310403e-05 5.2711067e-07 0.0003195733
0.26159358 0.07672177 0.00047120568 0.000113788396 0.00043633505 6.25599e-05 0.07841447 0.0016624953 0.00088559685 0.001973482 0.22861436 1.6545293e-05 0.0069273286 0.3533554 0.006583743 0.0410383 0.001392947 1.3925851e-05 0.0011321676 8.508012e-06 0.00060674467 2.1938515e-06 5.4819462e-05 0.0001498493 1.02322035e-19 0.40071142 0.020856831 0.029506365 0.017288933 3.3145254e-06 0.0015509498 0.0012239835 0.3353958 0.0010483228 0.11663338 0.18944572 0.0017812582 0.00015662027 0.0057795886 0.14939426 0.06876288 0.0010693519 0.399256 5.7946574e-05 0.00016313787 0.0034581474 3.5336165e-05 0.273811 2.513936e-05 2.2636473e-06 0.0003099825 0.2139419 6.857466e-07 0.005448566 0.061753903 0.073468015 0.21370368 0.0012890502 0.096768245 0.1633723 3.949624e-05 0.00290891 6.748854e-05 0.00078047026 1.4198861e-07 0.032873202 0.044308506 0.00097121834 0.0217151 0.0049352082 0.0007222966 0.0018277477 0.024255954 0.11295017 4.6076053e-07 0.08730793 0.10605203 0.0011853654 0.0006324891 0.00075541274 0.04159883 4.2945047e-08 0.008785823 0.0016589557 0.0003581798 0.00047059808 5.0137533e-05 8.411808e-08 1.5154748e-07 0.00038905733 1.1891753e-05 1.1572906e-08 0.0104944315 0.0028361361 0.060740177 1.0200756e-07 5.9857275e-06 7.686446e-07 3.2288688e-05 0.005702799 3.5193882e-06
0.6771479 0.17207712 0.003769536 0.00085133116 0.0015448708 0.00064732786 0.13321504 0.0065829386 0.0025653958 0.0025581801 0.16141105 0.000121173434 0.016466605 0.14274238 0.016192816 0.08995323 0.0015027246 7.070681e-05 0.0024211265 2.5035115e-05 0.0006452721 1.3120009e-05 0.00014567864 0.00012921166 0.40071142 4.912687e-20 0.020855546 0.030782234 0.011415681 1.7266564e-05 0.0016244942 0.0010486738 0.70292044 0.0015030162 0.07611666 0.2376884 0.0013865185 0.000331281 0.0068339547 0.08092715 0.046941396 0.0006635158 0.41024205 0.00014210613 0.00016798785 0.0025073024 7.53131e-05 0.31893137 2.975535e-05 2.6578764e-06 0.00032720043 0.1542652 8.4689634e-07 0.007724847 0.03211778 0.026446393 0.13468336 0.0018893192 0.059627093 0.10598535 5.0343268e-05 0.0032391779 0.00019572736 0.00053907017 8.3207254e-08 0.02721865 0.02525819 0.0022007795 0.025486128 0.00392508 0.0013997358 0.002920461 0.02027948 0.037920885 2.5116221e-06 0.023458008 0.03375669 0.001631704 0.0010809711 0.00094616035 0.013611501 2.04398e-08 0.0076250015 0.0021721243 0.0006663513 0.0005739218 9.608223e-05 1.5818138e-08 5.4836136e-07 0.0006222253 6.292405e-05 1.8989624e-08 0.004085836 0.0030105626 0.028585095 4.8024646e-07 2.0873624e-05 3.5270089e-06 4.058105e-05 0.0073908665 1.6074511e-05
0.01025018 0.10592836 0.04305677 0.02531492 0.049249984 0.012975822 0.14710383 0.08094589 0.06680384 0.042063877 0.10808801 0.005340382 0.06518252 0.12657513 0.14801033 0.10341377 0.049018227 0.0043083504 0.048219386 0.0026369551 0.015449178 0.002387878 0.0062073586 0.00397255 0.020856831 0.020855546 6.2890574e-20 0.19493331 0.27477357 0.0016314947 0.117726244 0.034738492 0.010328538 0.0140154855 0.053144824 0.024016362 0.062012248 0.008552119 0.17828162 0.04016137 0.16702217 0.017476996 0.0033747873 0.004082372 0.00934511 0.0809342 0.004287918 0.0032976354 0.0022565702 0.0006479925 0.0032734228 0.0023349756 0.00088558 0.11020559 0.105756894 0.0006583595 0.0024108847 0.01747453 0.06414542 0.0035430193 0.0049968464 0.040379718 0.0036621112 0.0073738997 0.00023864572 0.002442713 0.030128187 0.012990525 0.00092703913 0.042331472 0.010020529 0.018929493 0.011816836 0.0013149552 2.1006299e-07 0.002584474 0.0009777534 0.008405743 0.005283886 0.014587906 0.0014084181 0.0012154068 0.0034215688 0.011745042 0.0031477695 0.014899125 0.0011633205 0.0004925539 0.00017127204 0.003085576 0.00026243523 2.124867e-05 0.0012773257 0.016752103 0.0017621412 3.1138214e-08 5.529348e-05 0.00011136171 0.00066708156 0.0011179725 0.00010710318
0.006133824 0.1358396 0.018669143 0.008762816 0.01821454 0.004046388 0.13449089 0.039130285 0.030608468 0.021024927 0.1394041 0.0015163134 0.044932775 0.25382188 0.07040978 0.085243896 0.020346107 0.001069846 0.025152182 0.0010569122 0.008051606 0.00083217374 0.0030064639 0.0026292084 0.029506365 0.030782234 0.19493331 9.865578e-21 0.22794953 0.0006407526 0.060841635 0.01436405 0.015351812 0.012428819 0.13028625 0.02902896 0.02783495 0.003986688 0.08412805 0.084359154 0.2482962 0.008848641 0.005251576 0.0023838007 0.0038051126 0.040039796 0.001848306 0.0047925008 0.00080459256 0.00023687734 0.0016726321 0.0031472172 0.00033861646 0.09013474 0.15891516 0.00093203137 0.0028405143 0.012139089 0.11033469 0.005821955 0.0020212492 0.02121731 0.0014161977 0.0042652483 0.00015445732 0.003048573 0.04957143 0.009604825 0.0010782782 0.025537804 0.0069914884 0.011849087 0.0111912945 0.0024641403 6.142238e-08 0.003875513 0.0020898741 0.0059667663 0.0037080222 0.011626595 0.0025310158 0.00041741336 0.005841206 0.0109694265 0.0018940414 0.008041765 0.0004947222 0.00015492483 0.00011428888 0.0017482088 0.00018027467 1.0123498e-05 0.0019123574 0.011772433 0.0026510237 3.3932674e-09 2.685735e-05 6.4746004e-05 0.0005542022 0.0021789952 4.4132896e-05
0.002361533 0.17845488 0.081960134 0.040729273 0.08624681 0.020383006 0.15114838 0.12147376 0.112219624 0.04953042 0.10607823 0.009334559 0.06614136 0.13263099 0.18623364 0.07410901 0.07589471 0.005706474 0.13200945 0.004953719 0.017599897 0.0035790445 0.007055747 0.008270912 0.017288933 0.011415681 0.27477357 0.22794953 4.4509584e-20 0.002755798 0.26651976 0.048139554 0.005905393 0.03220674 0.075739235 0.016702013 0.12878032 0.010932388 0.28707078 0.04447058 0.24161471 0.017375274 0.0026100257 0.004097294 0.010436091 0.22925922 0.004856108 0.0027298862 0.0019202359 0.0008807102 0.0023632476 0.0018483361 0.0009937085 0.20625857 0.18440323 0.00059048407 0.0016260752 0.03589689 0.06707108 0.0030826672 0.004509094 0.09333186 0.00707375 0.0059848325 0.00044157295 0.0019388833 0.03931299 0.016646095 0.00080814265 0.11005299 0.012960203 0.03854186 0.011023702 0.000752846 1.7739676e-07 0.0018174977 0.0006804384 0.0248168 0.011356334 0.031480733 0.0013831316 0.0008408156 0.0037690073 0.011630171 0.008124722 0.040970247 0.00086999853 0.00020675335 0.00023933976 0.00753404 0.00013850139 2.04303e-05 0.0014744387 0.028333839 0.0008142414 6.8633152e-09 3.75429e-05 9.0832815e-05 0.00080815115 0.0019591553 8.3098814e-05
0.1603851 0.10790716 0.009675708 0.101600245 0.03966383 0.2916563 0.0036318644 0.0055368682 0.026491731 0.0757537 0.0005342791 0.24759924 0.021411516 4.4311248e-05 0.0024724945 0.0021083201 0.19200565 0.34496266 0.06291017 0.3854422 0.051383257 0.49559233 0.30143178 0.4187435 3.3145254e-06 1.7266564e-05 0.0016314947 0.0006407526 0.002755798 1.4738917e-20 0.0059766388 0.13294616 3.6051338e-06 0.12609224 8.257418e-05 4.174261e-05 0.025263153 0.18142241 0.0012086523 5.162917e-05 0.00071408413 0.18769608 1.0940009e-06 0.15581936 0.01685979 0.0047174348 0.091436654 1.0729455e-06 0.2897904 0.37030107 0.22923033 9.013815e-07 0.39666992 0.00013071159 0.0012075878 2.9205955e-06 1.585523e-06 0.07581181 0.00034352945 8.645949e-08 0.092505135 0.0072190757 0.0049225525 0.106521145 0.23744664 1.1796359e-06 0.00032290767 0.03707302 3.7841534e-07 0.0033359423 0.024352208 0.0111642135 1.7090939e-05 4.2208762e-07 0.013997919 3.6921037e-07 4.4716703e-07 0.0019108764 0.004789343 0.0015008684 1.9334598e-06 0.11983239 1.5918584e-05 1.547077e-07 0.0027991289 0.00084673247 0.012535384 0.061252095 0.08229012 0.0027510924 0.056275286 0.0059412685 3.2258909e-06 1.1477629e-05 6.5910325e-07 0.0012708033 0.022344999 0.06290418 0.0022836695 6.160206e-06 0.009230371
0.00092097913 0.07333398 0.14178504 0.09727747 0.22949664 0.03932629 0.030001286 0.23644619 0.33187398 0.055204593 0.017658362 0.02085611 0.029270813 0.014338107 0.22692002 0.014706955 0.21606703 0.0075781015 0.3415196 0.005953211 0.02170894 0.006890796 0.008716092 0.021110041 0.0015509498 0.0016244942 0.117726244 0.060841635 0.26651976 0.0059766388 2.885726e-22 0.16116068 0.00096593745 0.1491813 0.008760468 0.0013717111 0.3157362 0.023331665 0.33485124 0.0056279264 0.048274558 0.057026133 0.00026655095 0.003623496 0.005423813 0.40280437 0.0038660038 0.00034382028 0.0034335847 0.0017182657 0.004137832 0.00024045781 0.00061877357 0.20031933 0.030137721 7.881414e-06 0.00029727627 0.18943834 0.014536383 0.0003895818 0.0028452687 0.25552917 0.001607432 0.022516979 0.00042015972 0.00016025644 0.009843335 0.09501981 6.8761045e-05 0.16175462 0.07019944 0.18001215 0.0011077876 7.151811e-05 7.916876e-07 0.00014105621 0.00011382301 0.07856562 0.05143791 0.08093047 0.00033339878 0.0003398881 0.001474952 0.0009050523 0.038105562 0.064166725 0.00439699 0.00030801017 0.0008702471 0.03412821 0.00036260104 0.00035763113 0.0003140016 0.00579439 1.9131472e-05 1.2217855e-08 0.00012927465 0.00044969367 0.0066248174 0.001105643 0.00037438233
0.010041235 0.100861475 0.061045635 0.15567224 0.18232135 0.15955193 0.014735413 0.086122334 0.20002024 0.07040246 0.0077662724 0.1219319 0.024203705 0.0033021737 0.070197575 0.00870035 0.32365066 0.103012875 0.22978082 0.10795044 0.051192854 0.13128099 0.102716096 0.20808661 0.0012239835 0.0010486738 0.034738492 0.01436405 0.048139554 0.13294616 0.16116068 5.5700106e-20 0.00062148256 0.27391887 0.005579116 0.0012552885 0.2520082 0.2193663 0.06974572 0.004315758 0.015863378 0.31053966 0.00040732927 0.049306933 0.022500932 0.10665628 0.042350248 0.00031295017 0.07937137 0.07119758 0.0807817 0.000322459 0.038616348 0.01001516 0.013701306 2.2108712e-05 0.0005580161 0.24354108 0.009827427 0.00021721254 0.030102232 0.110112466 0.009523584 0.18855825 0.020465203 0.00015191396 0.009753205 0.1626325 9.9264274e-05 0.031831708 0.12412082 0.11275062 0.00089671044 5.524915e-05 0.0013481408 0.00018756345 8.0815276e-05 0.031878687 0.042808246 0.027158258 0.00015048242 0.025889365 0.0008598652 2.1657534e-05 0.024490394 0.017018588 0.019862443 0.011684428 0.027070759 0.020771902 0.015051716 0.01486726 0.0001237889 0.0010037554 7.398522e-05 9.4997806e-05 0.0061784075 0.020113613 0.012271497 0.00039665517 0.0071579935
