2.974568e-31 0.016525533 0.0058754734 0.004932343 0.13273694 0.0068770424 0.024987133 0.095627 0.16068399 0.115831256 0.18592733 0.06684522 0.00010019262 0.20787351 0.23501587 0.041445855 0.21917091 0.3951932 0.0001805503 0.08860648 0.26421744 0.0065053958 0.5346435 0.61241055 0.0969807 0.8833512 0.15596482 0.0048147277 0.00081847 0.007695957 0.026880518 9.003449e-10 0.015119305 0.00087229366 0.9329922 1.6606484e-07 0.75695944 0.36270213 0.91937363 0.9242177 0.0018362021 0.561937 0.66894317 0.5188276 0.0002759122 0.90901595 0.9466402 0.04072299 0.09959539 0.9808862 0.7479085 0.8457586 0.0064345864 0.6381929 0.004367874 0.99096537 0.15617742 1.4029257e-08 4.8063313e-09 0.85880375 0.8333299 0.0037287208 0.9701862 0.99026734 0.9963662 0.9910786 0.8695882 0.890743 0.00404744 0.09980566 0.30124322 8.502933e-06 4.6538293e-09 0.9983467 0.13157679 0.31777534 0.02176794 9.196608e-06 9.852232e-09 0.99830276 0.0005467956 0.727423 0.29565558 0.99709666 0.012254575 0.012797045 0.04495468 0.7511578 0.44685006 0.7704148 0.42196003 0.36829466 9.331835e-06 0.0027647533 0.99920964 0.00493631 0.9980018 1.2552734e-05 0.022262245 0.21371564 0.0027337929
0.016525533 6.7644855e-22 0.7780934 0.5356944 0.42085785 0.55656326 0.43036154 0.23782535 0.06710421 0.03175992 0.07165508 0.028666945 0.1944206 0.03210056 0.029367732 0.021593058 0.03692895 0.03309478 0.21139489 0.012770041 0.023352738 0.036849145 0.04000017 0.016924826 0.004943824 0.06798951 0.005295577 0.0040650098 0.00017325227 0.0022141822 0.00021776406 0.023081953 0.0051147337 1.6200926e-05 0.012205292 0.016533472 0.004969255 0.0014362165 0.015090666 0.016909862 0.0017437589 0.0012013109 0.0012394801 0.0008229917 0.00060606026 0.0017162963 0.0057873786 1.7424462e-08 0.0051301117 0.0073522404 0.00031062614 0.019480405 0.0011590322 7.796129e-05 0.0005293189 0.00049894844 0.00409697 0.00010593326 0.0013932507 0.008294311 0.016325258 5.817201e-06 8.3932304e-05 0.0012114843 0.00034634248 0.0011138875 0.009072383 1.7230948e-05 0.00019111605 1.8875415e-05 0.0033067951 3.426736e-06 5.6054823e-06 0.00010870031 7.2583754e-07 1.1901141e-06 4.735584e-06 1.6978569e-05 5.8401415e-06 5.0760234e-05 2.564279e-05 8.453911e-06 1.986006e-06 0.00014796203 1.667918e-05 1.1931312e-06 1.910847e-08 0.030308347 2.0148125e-06 7.937813e-06 5.5989267e-06 9.960228e-06 1.3218469e-11 3.4726372e-07 8.598635e-06 1.5352989e-06 1.8497122e-06 2.8685563e-06 9.863946e-09 2.0670512e-07 4.6597822e-08
0.0058754734 0.7780934 3.5386762e-21 0.7408055 0.24617308 0.21665418 0.11178708 0.056964878 0.05905248 0.04160065 0.104223825 0.042179417 0.1288688 0.014859172 0.030293088 0.0046400875 0.013918205 0.016867928 0.34532103 0.024926143 0.0091418335 0.074648455 0.030753653 0.026092932 0.01439697 0.022166964 0.012360274 0.01499162 0.0004441484 0.0074384585 6.96282e-05 0.017858347 0.014539122 5.0311883e-05 0.0066488683 0.010731335 0.0066429144 0.004638212 0.0053079445 0.0124090295 0.0068921535 0.003821975 0.0040668435 0.0020466007 0.0045919106 0.0027392055 0.0051469347 1.7359048e-08 0.0025666 0.0055745738 0.0015399908 0.0054985993 0.0039322902 0.0006743401 0.0021079048 0.0009267298 0.0019762074 0.0014239639 0.0047295294 0.0019933153 0.003218613 1.6716649e-05 0.00049227796 0.0007210354 0.00034113688 0.00061904686 0.0023004145 7.988433e-05 0.00098464 0.00011576407 0.0019461283 1.1581061e-05 7.254362e-05 9.057823e-05 1.2847705e-05 4.189725e-06 1.7474878e-05 7.037776e-05 5.6258577e-05 4.6858233e-05 0.00015415373 4.4661683e-05 2.0255598e-05 0.00013675966 6.941378e-05 5.7362295e-06 5.00065e-07 0.017203301 8.922341e-06 1.733649e-05 1.2718361e-05 1.698176e-05 3.1909437e-11 2.0556877e-06 6.732663e-06 1.3574722e-05 2.1064468e-06 1.562727e-05 1.5950101e-07 1.0702373e-06 3.8717425e-07
0.004932343 0.5356944 0.7408055 2.519599e-21 0.1665574 0.05937628 0.016441144 0.0155680245 0.040733904 0.04339215 0.13366963 0.04083917 0.11756673 0.005393263 0.025105685 0.0010887134 0.0037541988 0.0065870807 0.5130609 0.03373029 0.0021794783 0.15823862 0.027217934 0.03648067 0.01882795 0.015820608 0.016660968 0.024379646 0.00093447615 0.012522157 1.7430239e-05 0.016999034 0.020633662 8.213734e-05 0.0058822013 0.0068551623 0.0057310793 0.007292461 0.0018758522 0.0152764 0.0134074995 0.0071025635 0.0045722076 0.0028639743 0.012099521 0.0039265985 0.0057097916 5.280112e-09 0.0006220556 0.00489064 0.0031543146 0.0011322728 0.0043069655 0.0013446418 0.0012981609 0.0011362189 0.00055230246 0.004523549 0.011582549 0.0012184723 0.0018837095 1.3590279e-05 0.0009434932 0.00064394384 0.00020025848 0.0006266783 0.0015183038 0.00041179563 0.0006121341 0.00011636611 0.0008496854 1.3651317e-05 0.00021318055 0.00010837621 1.5081047e-05 8.28138e-06 2.5358404e-05 4.2641193e-05 8.6335116e-05 3.0490217e-05 0.00010698966 0.00011070806 1.4677158e-05 9.578134e-05 5.912233e-05 9.049729e-06 7.639033e-07 0.007938068 1.9449102e-05 5.1152256e-05 4.2912892e-05 6.200921e-05 2.2580098e-11 3.5871392e-06 1.1963279e-05 8.6259115e-06 4.1457656e-06 6.970948e-06 3.7648306e-07 5.959413e-06 1.3428265e-06
0.13273694 0.42085785 0.24617308 0.1665574 3.3512367e-19 0.04235185 0.14763339 0.31711614 0.44908917 0.21110757 0.27875748 0.1614017 0.007469175 0.07005389 0.20029444 0.0037285606 0.055234544 0.08554265 0.0176563 0.07987749 0.03544661 0.06919556 0.21816126 0.1966188 0.030780802 0.13556474 0.051252183 0.017722439 0.0026046247 0.010135356 0.0033303762 2.6207454e-06 0.0144485785 0.0008683863 0.07454669 0.00030830468 0.06947145 0.022606406 0.03622665 0.16075756 0.0101010725 0.012444808 0.022275923 0.0062196217 0.0012267015 0.05552483 0.08731934 5.491257e-06 0.003891162 0.06897765 0.0040911487 0.026846835 0.004455064 0.0024851016 0.002155549 0.008996425 0.0043389737 6.404358e-05 0.0001236763 0.014186939 0.015791235 0.00030222736 0.0036337806 0.026258288 0.009611748 0.028741473 0.023115532 0.0006304019 0.0010217645 0.00048341663 0.009099114 1.0120862e-05 1.7162758e-05 0.005324152 1.8593717e-05 2.3871593e-05 0.000109495086 3.319772e-05 1.4561163e-05 0.0010728177 0.00015699936 0.000164392 2.7506108e-05 0.0040662135 0.00030875925 5.0241597e-05 2.8973618e-06 0.012599636 3.890349e-05 8.464595e-05 3.0160469e-05 5.2753207e-05 3.4383059e-09 2.0811667e-05 0.0006053544 4.5508303e-05 0.00026008495 8.459607e-07 4.1905858e-07 7.932721e-06 6.8585194e-07
0.0068770424 0.55656326 0.21665418 0.05937628 0.04235185 4.3178557e-19 0.6311505 0.23235089 0.011926508 0.0038389154 0.002182075 0.003130245 0.068372 0.016239949 0.0050879125 0.5189483 0.022502568 0.013294955 0.015519212 0.0018195737 0.016475948 0.0014278367 0.00806876 0.002697516 0.0009136686 0.0113927005 0.0009510024 0.0004710035 1.14436925e-05 0.00063430244 0.00032929468 0.008572038 0.0006675293 2.124272e-06 0.0024823812 0.07861051 0.0014871683 0.00030718383 0.005063156 0.0028733644 0.00029278692 0.0001244539 0.00024258818 9.3593975e-05 0.00013410771 0.00037542701 0.0013657341 2.290861e-08 0.046184555 0.0013141053 0.00017271776 0.011935638 0.00015674625 2.4157593e-05 4.9950304e-05 0.00012762437 0.016435578 1.12051985e-05 5.8346894e-05 0.006072133 0.008805659 9.892977e-06 7.7871526e-05 0.00030930684 0.00018289193 0.00038549976 0.006712994 1.4860552e-05 2.3263745e-05 1.0017671e-05 0.0064657615 1.6082177e-07 7.916555e-06 5.681831e-05 7.223654e-07 2.4209958e-06 2.8671725e-06 7.44081e-06 1.08837685e-05 2.4939774e-05 1.4450981e-06 2.6580956e-05 5.298653e-06 0.000113411596 1.5399634e-06 1.0707375e-06 3.8163364e-07 0.08574619 9.848245e-06 1.3703114e-05 1.4018927e-05 2.2558705e-05 7.473088e-12 3.9454375e-07 6.2148124e-06 6.6351225e-07 3.0398714e-06 7.299474e-08 4.0137976e-08 9.649191e-08 6.125511e-07
0.024987133 0.43036154 0.11178708 0.016441144 0.14763339 0.6311505 4.983982e-20 0.7247703 0.056177657 0.0063864486 0.005807734 0.004694416 0.028090239 0.14263862 0.015437015 0.26666096 0.22092058 0.07305041 0.003647272 0.0020156004 0.16246004 0.0021567228 0.031226419 0.0067528393 0.0005879829 0.05682857 0.0010480238 0.00047894233 1.9229516e-05 0.00029160484 0.0014908669 0.00016370659 0.0012905792 2.523752e-06 0.018418724 0.0057485052 0.0053588348 0.0004846598 0.025734866 0.019087076 0.00030445922 0.00028464154 0.0005944202 0.00020849977 8.712261e-05 0.0005228658 0.005345011 1.4944703e-07 0.069926575 0.010744243 0.0003367224 0.06816629 0.00023724334 3.376389e-05 9.8913406e-05 0.00030716244 0.032887697 5.929231e-06 7.868677e-06 0.03102404 0.04456561 5.104668e-06 0.00014089084 0.0026365074 0.0009724176 0.0036029036 0.030565923 1.6361504e-05 2.364495e-05 2.4068255e-05 0.023712756 8.623452e-08 1.9422056e-07 0.00023600964 2.7054327e-06 3.7701718e-06 7.956489e-06 1.830893e-06 3.5761934e-07 0.00011800117 3.7444727e-06 7.172305e-06 5.512628e-06 0.0003682555 6.082994e-06 1.6424983e-06 8.720606e-07 0.024057189 5.658225e-06 7.729725e-06 4.796741e-06 8.752521e-06 9.391122e-12 2.52666e-07 3.0624677e-05 1.2084914e-06 2.9709881e-06 5.392364e-08 9.803144e-08 9.354489e-07 4.0797516e-08
0.095627 0.23782535 0.056964878 0.0155680245 0.31711614 0.23235089 0.7247703 1.3399745e-18 0.22217926 0.01147148 0.012112943 0.011635252 0.0060306215 0.44965222 0.036729276 0.063438065 0.46411717 0.29680613 0.0024401192 0.006562095 0.3604904 0.005663575 0.105498955 0.013921171 0.0036391127 0.114643134 0.0045382422 0.002236872 4.9351045e-05 0.0015221777 0.0038155254 5.4975476e-07 0.005010611 1.6232923e-05 0.04511746 0.00072502537 0.011978092 0.002750295 0.047009956 0.03905089 0.001554907 0.0013989157 0.0024504007 0.00124212 0.00018708309 0.003402411 0.013175882 9.845583e-07 0.027576245 0.021222252 0.0015667869 0.061974496 0.0022177834 0.00055349304 0.0010238299 0.0021579892 0.024967821 1.277172e-05 2.234751e-05 0.036459778 0.052991375 1.0587785e-05 0.0011736377 0.008690209 0.0029604065 0.014705413 0.05600904 0.00028685076 0.0004854031 0.00018303239 0.025162976 3.6773662e-07 1.0389838e-06 0.0010358713 3.865692e-05 1.9401956e-05 7.572723e-05 1.1995553e-05 2.9973955e-06 0.00030926673 4.2421234e-05 7.050023e-05 5.4055017e-05 0.0013091912 0.00011188418 2.6479776e-05 1.265524e-05 0.026162919 6.211888e-05 3.8782026e-05 1.765507e-05 4.1383493e-05 1.4406795e-10 9.448122e-06 0.00014722209 2.5761425e-05 1.9275914e-05 1.0747049e-06 2.7758415e-06 8.59375e-06 5.4597825e-07
0.16068399 0.06710421 0.05905248 0.040733904 0.44908917 0.011926508 0.056177657 0.22217926 2.1348704e-18 0.4731498 0.4288347 0.48970795 0.0019410875 0.34559286 0.7584186 0.0053312886 0.14662063 0.5292468 0.004709447 0.3383063 0.097460315 0.06265676 0.66499054 0.6126415 0.14281993 0.32307023 0.13019486 0.021562535 0.016544977 0.022476478 0.1416542 9.389225e-08 0.024537494 0.0041906247 0.19273807 6.0898168e-05 0.35009316 0.031064544 0.11490659 0.3521635 0.011545548 0.05654649 0.13105488 0.035558112 0.0025802315 0.18609682 0.292522 0.00012100253 0.008673278 0.2236941 0.031707324 0.08321409 0.018955927 0.0075105177 0.01075432 0.08630206 0.010204542 0.0002787304 8.184748e-05 0.061495803 0.041706026 0.0012948379 0.024320267 0.28820935 0.09313856 0.276707 0.054560993 0.004220887 0.0043246453 0.002219091 0.022089437 2.170357e-06 0.00014660561 0.03829293 0.0005021904 0.0013646797 0.0012468799 0.0004187145 0.00013315852 0.024889197 0.00095901475 0.0023902303 0.0005433534 0.06030826 0.0020321424 0.00079925486 0.00019139895 0.021522243 0.0014058294 0.0015925016 0.0018265191 0.0019282969 1.6231682e-09 0.00011006976 0.006372191 0.0003889987 0.002139069 7.640597e-06 8.3740735e-05 0.0003001744 3.5562774e-05
0.115831256 0.03175992 0.04160065 0.04339215 0.21110757 0.0038389154 0.0063864486 0.01147148 0.4731498 1.0248932e-17 0.6478372 0.72476965 0.0010319686 0.017405722 0.39651376 0.0007945767 0.006465203 0.06499959 0.003563125 0.59639865 0.0063348664 0.14120041 0.28851074 0.4691761 0.262908 0.085418165 0.2330974 0.08252003 0.03467497 0.06871535 0.011773915 3.9104426e-09 0.07527205 0.007198942 0.07607882 7.308076e-06 0.20477194 0.08708142 0.018391665 0.20971198 0.026551317 0.14654359 0.1897999 0.058910478 0.0044655213 0.18244757 0.2061448 5.898598e-05 0.0010410007 0.13123101 0.037105694 0.014715303 0.0624827 0.011670992 0.032924052 0.0626 0.0011871788 0.00010976264 4.7352925e-05 0.0127507895 0.008511639 0.0023681014 0.029570166 0.13523754 0.058401886 0.09567245 0.011019856 0.0038818088 0.0109660635 0.002332465 0.0031838324 2.3803803e-05 0.00023647827 0.03007982 0.00039444424 0.00106588 0.0005524694 0.0006653464 0.00024654143 0.011192821 0.001224273 0.0021620628 0.000867861 0.013731136 0.0016453535 0.00029704274 0.00021909138 0.0072173513 0.0012850837 0.0016557218 0.0013963553 0.0019239985 1.2041933e-08 6.748139e-05 0.004655124 0.00021911647 0.0022458634 2.6039355e-05 4.682808e-05 0.00021545499 1.6207121e-05
0.18592733 0.07165508 0.104223825 0.13366963 0.27875748 0.002182075 0.005807734 0.012112943 0.4288347 0.6478372 1.4954036e-17 0.6274183 0.0013443116 0.015248578 0.36960763 0.00025551775 0.0053000054 0.050169334 0.006799069 0.6422794 0.0042284047 0.5202495 0.20020431 0.43144184 0.56998914 0.10357558 0.45105 0.40290865 0.21844424 0.39137417 0.0038964797 1.06213605e-07 0.37700775 0.062975086 0.07054656 1.555624e-05 0.117467575 0.20832984 0.010975233 0.14113623 0.14993612 0.16127764 0.14821522 0.045189597 0.037659418 0.14914577 0.16148046 0.00012789754 0.00019929388 0.08087519 0.018060112 0.0049003763 0.23846103 0.010260234 0.14671911 0.018826786 0.00038246202 0.00041177066 0.00026250156 0.0041893516 0.002911819 0.0059801224 0.013177869 0.06317784 0.023273572 0.041163184 0.0028289426 0.0029582204 0.049833138 0.009993359 0.0015117356 0.0010233892 0.00040296288 0.012637338 0.00020030011 0.00047705186 0.0010527893 0.0013980835 0.0005134316 0.008277173 0.00276314 0.00070952915 0.0005112429 0.013672798 0.005662055 0.0006273818 0.00010043868 0.006294578 0.00041168847 0.00050060375 0.0003256812 0.00043795054 1.4110718e-06 0.00013229615 0.003589066 0.00060138537 0.0031510885 2.3094595e-05 1.222144e-05 0.00011534069 3.0449854e-05
0.06684522 0.028666945 0.042179417 0.04083917 0.1614017 0.003130245 0.004694416 0.011635252 0.48970795 0.72476965 0.6274183 9.806793e-19 0.0006421431 0.018991143 0.4309156 0.00071976957 0.005661092 0.06938205 0.0017544865 0.69956636 0.0047029234 0.10371157 0.37383294 0.55791485 0.33920074 0.094778724 0.30418852 0.07697681 0.033458386 0.07480383 0.00965618 1.2419605e-09 0.08801933 0.0072393483 0.10942183 6.0804646e-06 0.2977455 0.1400216 0.020203099 0.27441344 0.025086228 0.3072678 0.32868344 0.1390712 0.004834794 0.3218243 0.26631966 4.08561e-05 0.0008722891 0.17717892 0.08089578 0.012913794 0.06088012 0.025370197 0.03214242 0.0967988 0.0010394199 6.186302e-05 2.6742824e-05 0.012258467 0.008377418 0.0026089055 0.060767498 0.17480671 0.077771954 0.12503639 0.010295417 0.006542913 0.015296409 0.0034363347 0.003030262 9.472392e-06 0.00014834451 0.03530394 0.0006531978 0.0028931638 0.0007936505 0.0010679679 0.00019938493 0.012047821 0.0015644293 0.004128196 0.0015532114 0.015283841 0.0026086755 0.00040654806 0.00034824022 0.008036042 0.0023070043 0.0030192544 0.0027350094 0.0029967641 1.20795205e-08 9.6432625e-05 0.0036801768 0.00032712152 0.0019613751 8.310071e-05 0.000101076424 0.0005898793 2.0047566e-05
0.00010019262 0.1944206 0.1288688 0.11756673 0.007469175 0.068372 0.028090239 0.0060306215 0.0019410875 0.0010319686 0.0013443116 0.0006421431 1.5817626e-19 0.0015615644 0.0005768025 0.0040744175 0.001311168 0.001104123 0.33960235 0.00042584664 0.0009179977 0.0039185346 0.0012444061 0.00015234108 0.0007793468 0.0008236745 0.00093335175 0.00017388772 6.3488583e-06 0.0002789482 8.152686e-06 0.062342063 0.000888124 2.7444332e-06 0.000104878374 0.17963307 9.882081e-05 0.00015151173 0.00012856194 0.00021425611 0.0001931792 7.3350006e-06 2.019382e-05 4.8495685e-06 0.0020457595 1.6094222e-05 5.9051723e-05 1.2801101e-08 0.0033155058 0.00011956133 3.924859e-06 0.0012565071 0.00021357044 9.507158e-07 8.151532e-05 1.832945e-05 0.0028670388 0.00053388136 0.0023153136 0.0010382578 0.0021734228 4.415119e-06 8.904957e-06 4.9206274e-06 7.58879e-06 1.0086348e-05 0.0017515315 2.578725e-06 4.4372395e-05 6.7758197e-06 0.0033590794 6.655786e-08 5.7018282e-05 1.2508549e-06 3.5116554e-07 1.462774e-06 7.738166e-07 1.0078915e-05 5.540153e-05 1.4636225e-06 1.6967471e-06 2.1129083e-05 2.0751188e-06 6.895512e-06 1.6142158e-06 4.9574686e-07 5.136164e-08 0.031486057 5.641032e-06 9.120577e-06 5.958771e-06 1.3239705e-05 1.1469088e-10 5.394615e-07 7.600393e-08 3.5343035e-07 1.3067238e-07 2.305481e-07 7.703971e-09 1.1121392e-07 3.2891077e-08
0.20787351 0.03210056 0.014859172 0.005393263 0.07005389 0.016239949 0.14263862 0.44965222 0.34559286 0.017405722 0.015248578 0.018991143 0.0015615644 9.407169e-19 0.10312833 0.011305271 0.7346661 0.68932045 0.0012568301 0.010673703 0.64098555 0.006052181 0.34957504 0.028491518 0.0060259276 0.27176118 0.005686249 0.002857726 0.00023528018 0.0030846407 0.16680023 1.5299719e-07 0.007115716 4.2494765e-05 0.122422546 9.480032e-05 0.03542018 0.0028335366 0.17457901 0.09564437 0.0026142767 0.0019897455 0.004109994 0.0012805389 0.00040900134 0.0068718046 0.038933612 9.176116e-06 0.022059692 0.0679884 0.0016944731 0.11721364 0.0069495556 0.00070707547 0.003400097 0.0039324216 0.0285446 3.3712924e-05 3.5052348e-05 0.08118528 0.07732279 2.0637739e-05 0.0017258119 0.030385837 0.007346143 0.048745025 0.08983349 0.00044090246 0.002032123 0.0006075301 0.037523396 7.422291e-08 1.6678718e-05 0.0028080815 0.00010994609 0.00010316508 0.000459561 9.0943926e-05 1.26208315e-05 0.0017821657 0.00032302566 0.0002926183 8.851644e-05 0.00643427 0.0007653819 0.00015482173 4.0423613e-05 0.036613822 0.00022986675 0.00020554035 0.00014334764 0.00027107663 2.7372896e-10 5.2867985e-05 0.0007362533 0.00019730406 0.00010105936 8.361677e-06 1.5316115e-05 2.7520513e-05 6.843619e-06
0.23501587 0.029367732 0.030293088 0.025105685 0.20029444 0.0050879125 0.015437015 0.036729276 0.7584186 0.39651376 0.36960763 0.4309156 0.0005768025 0.10312833 1.8315561e-18 0.002829702 0.036810976 0.26966283 0.003016989 0.3608517 0.023242485 0.045315783 0.6436948 0.65310806 0.17179574 0.25608104 0.15204112 0.021908348 0.025585558 0.02281185 0.118370585 1.3498112e-08 0.02912069 0.0067487443 0.21279278 1.4547075e-05 0.40306985 0.032052033 0.0900716 0.40650335 0.0119810505 0.16781868 0.26450214 0.056625832 0.002806874 0.342362 0.38022882 0.00087708625 0.0042960104 0.28317562 0.056957256 0.046775237 0.024428409 0.011576507 0.012721499 0.20805879 0.005452631 0.00014687261 6.859907e-05 0.039955918 0.028601803 0.0018130564 0.061216854 0.39922813 0.21202528 0.35012755 0.04398038 0.004773596 0.004287499 0.0028469365 0.016038917 2.6205932e-06 0.00016479414 0.07922538 0.00045626916 0.0021079723 0.0011030342 0.0007069086 0.00026757532 0.04594092 0.0009915254 0.0042363526 0.0010184863 0.07744605 0.0024568683 0.00072797236 0.00027529662 0.016626215 0.0026084678 0.0032410875 0.0028874676 0.0035319438 2.322794e-09 0.00014205545 0.008279004 0.00044093147 0.0033185696 4.5988607e-05 9.7341086e-05 0.0007786681 5.228596e-05
0.041445855 0.021593058 0.0046400875 0.0010887134 0.0037285606 0.5189483 0.26666096 0.063438065 0.0053312886 0.0007945767 0.00025551775 0.00071976957 0.0040744175 0.011305271 0.002829702 2.875994e-19 0.027008304 0.010264921 9.464234e-05 0.00028015775 0.030619882 0.00018003481 0.004959013 0.00076909555 9.883438e-05 0.0065196743 0.00015128448 7.241202e-05 1.7695222e-05 0.0001605765 0.0016390247 8.56245e-06 0.00015664566 5.348299e-06 0.0020244592 0.020890106 0.0011674655 6.326052e-05 0.0062014353 0.0022195913 5.95482e-05 4.2953874e-05 9.237222e-05 4.8163853e-05 1.5537527e-05 0.00016802135 0.0007456915 6.19839e-07 0.60881495 0.0017672043 9.6261996e-05 0.034757107 2.0297464e-05 3.8380425e-05 5.953545e-06 0.0001237399 0.39305624 8.5916304e-07 1.8396057e-06 0.01981352 0.03808585 6.8894983e-06 9.534042e-05 0.0004807765 0.00031863357 0.00095624855 0.06620379 1.629607e-05 4.4833337e-06 3.4565908e-06 0.3188175 8.717189e-07 3.2740627e-07 5.3936947e-05 3.512305e-07 1.4622998e-06 8.439607e-07 1.3899361e-08 5.170564e-07 5.4427932e-05 5.6284627e-08 1.0042273e-05 8.6376866e-07 0.0002469874 5.0054666e-08 6.821972e-08 2.70974e-08 0.43874255 2.344483e-06 8.898004e-06 1.4129316e-06 2.8746363e-06 1.3496977e-12 8.410104e-09 1.6861468e-05 3.5942942e-09 1.7144442e-06 3.010272e-10 2.6439437e-10 4.013225e-11 2.4518518e-10
0.21917091 0.03692895 0.013918205 0.0037541988 0.055234544 0.022502568 0.22092058 0.46411717 0.14662063 0.006465203 0.0053000054 0.005661092 0.001311168 0.7346661 0.036810976 0.027008304 1.6949455e-19 0.5177125 0.0004705678 0.0029745437 0.84314233 0.0020894336 0.14859314 0.008069717 0.001484762 0.21407144 0.0013155085 0.0011232471 5.0794857e-05 0.0010338111 0.15490822 8.4705256e-08 0.0032073506 7.6036335e-06 0.071146175 6.297412e-05 0.010008886 0.0010818224 0.20715377 0.039643753 0.0011202459 0.0003324907 0.0008072861 0.00023221332 0.0001066488 0.0015762296 0.011178776 3.1666327e-06 0.04727649 0.029835265 0.00026529105 0.20443468 0.0018678851 9.853482e-05 0.0007062422 0.0010152551 0.05154721 1.6022772e-06 4.6464393e-06 0.13362497 0.18024725 5.1653865e-06 0.00034920985 0.014888252 0.0036349087 0.03067355 0.17382471 2.9008994e-05 0.00025271653 7.408322e-05 0.057194468 3.395237e-08 9.173697e-07 0.00094255793 5.6212475e-06 5.2402743e-06 3.8518334e-05 5.977154e-06 5.857855e-07 0.0009383774 3.723635e-05 2.8200537e-05 1.4432354e-05 0.004205524 0.00011644393 1.1841879e-05 4.369728e-06 0.05613397 2.1875221e-05 1.8643326e-05 1.1451215e-05 2.8019505e-05 7.066479e-11 8.139277e-06 0.0003579875 1.3950283e-05 3.7361246e-05 4.334087e-07 2.338251e-06 3.5430728e-06 1.2288225e-06
0.3951932 0.03309478 0.016867928 0.0065870807 0.08554265 0.013294955 0.07305041 0.29680613 0.5292468 0.06499959 0.050169334 0.06938205 0.001104123 0.68932045 0.26966283 0.010264921 0.5177125 4.0556466e-19 0.0013403828 0.0394 0.51465446 0.008350656 0.5870585 0.14286013 0.013990612 0.4405132 0.01137578 0.004349383 0.00031030813 0.0044481796 0.34959468 3.083543e-08 0.0065058456 7.182898e-05 0.24807473 3.2156793e-05 0.11151141 0.002569392 0.27850297 0.24095224 0.0032674999 0.005257143 0.012776332 0.0040868614 0.00055351335 0.026592406 0.12470712 2.6469526e-05 0.025564572 0.18977463 0.0044465656 0.16047314 0.009915057 0.00084137754 0.0054256213 0.014089152 0.032678045 2.407165e-05 2.0223384e-05 0.13697714 0.119666494 2.6130603e-05 0.0047613923 0.10177621 0.019212719 0.1730883 0.12668414 0.0005404373 0.0023913374 0.00057828054 0.05190614 4.099778e-07 2.4687586e-05 0.010820876 0.0002022081 0.00015730166 0.0004473842 0.00029455076 3.2891036e-05 0.0062067844 0.0010954832 0.00059072283 7.388164e-05 0.017527755 0.00062267855 0.00035236133 2.8863731e-05 0.043014694 0.00039442675 0.00051463506 0.00047244443 0.0005726629 1.5226885e-10 4.840893e-05 0.0016208909 0.000118241005 0.00026716324 5.4406446e-05 1.1577439e-05 7.562078e-05 7.866928e-06
0.0001805503 0.21139489 0.34532103 0.5130609 0.0176563 0.015519212 0.003647272 0.0024401192 0.004709447 0.003563125 0.006799069 0.0017544865 0.33960235 0.0012568301 0.003016989 9.464234e-05 0.0004705678 0.0013403828 5.8623846e-19 0.0009835528 0.00019031885 0.106616326 0.004034539 0.0015873957 0.0013044348 0.0015023735 0.0023751538 0.0055709356 9.265649e-05 0.00091039605 3.9196666e-06 0.029019851 0.0011287538 3.1686006e-05 6.895759e-05 0.03681386 0.00016098835 0.0006636063 3.7876707e-05 0.00025500898 0.006831723 2.7609209e-05 3.98549e-05 1.6461594e-05 0.02192936 3.455683e-05 6.1945255e-05 8.2182146e-09 0.00032981735 4.9596387e-05 2.3714483e-05 0.00023279249 0.000544726 6.5317845e-06 0.00020233581 4.451693e-05 0.000276732 0.03765407 0.09640089 6.596938e-05 7.3751966e-05 1.0129573e-05 4.0083487e-05 3.764944e-06 5.4196375e-06 6.5463705e-06 7.0105125e-05 9.834917e-06 0.00027018672 4.2037795e-05 0.0005536657 1.4690337e-05 0.008137155 7.2360104e-05 4.2179428e-07 3.8763665e-06 5.494337e-06 3.0386469e-05 0.003685308 0.00055047957 3.345733e-05 0.0070324233 1.6240036e-06 0.00026003658 6.3786116e-05 3.3551507e-06 4.5755062e-08 0.00296357 3.494071e-05 0.0066653406 0.0007402494 0.002623988 4.2177556e-10 1.7970615e-06 0.00035199773 3.551324e-06 8.866649e-05 1.3407561e-06 1.3156964e-08 9.232589e-05 7.599349e-08
0.08860648 0.012770041 0.024926143 0.03373029 0.07987749 0.0018195737 0.0020156004 0.006562095 0.3383063 0.59639865 0.6422794 0.69956636 0.00042584664 0.010673703 0.3608517 0.00028015775 0.0029745437 0.0394 0.0009835528 7.558498e-19 0.0028685555 0.108747736 0.25551745 0.5230612 0.6073 0.042647943 0.5563315 0.16334824 0.12108936 0.19648296 0.0041815704 8.330451e-10 0.19987758 0.036981173 0.07506338 2.8984011e-06 0.28696868 0.255377 0.009551448 0.25432622 0.043941084 0.47479212 0.41093105 0.27467346 0.0069239666 0.40977722 0.29609728 0.00018880608 0.00021860302 0.18155394 0.1657563 0.003871073 0.14298007 0.069261774 0.1081888 0.1246406 0.00022447274 3.7720474e-05 1.7796901e-05 0.0050005815 0.003928031 0.0072799637 0.08835609 0.16371016 0.09591644 0.08891708 0.004273318 0.01506548 0.059223507 0.013084653 0.0006492931 0.00040224218 0.00013975297 0.04049778 0.0017760473 0.004571442 0.0018542303 0.0022766665 0.00031182493 0.01274936 0.0056495066 0.0047117085 0.0033283886 0.0111043295 0.006447126 0.00090081955 0.00070575875 0.003974121 0.0030782297 0.0036721395 0.003197707 0.004102491 2.8853682e-07 0.00027112162 0.0044970266 0.00078452757 0.0034459094 0.00048317263 0.00016288587 0.0011543407 4.008628e-05
0.26421744 0.023352738 0.0091418335 0.0021794783 0.03544661 0.016475948 0.16246004 0.3604904 0.097460315 0.0063348664 0.0042284047 0.0047029234 0.0009179977 0.64098555 0.023242485 0.030619882 0.84314233 0.51465446 0.00019031885 0.0028685555 4.079947e-19 0.0012403285 0.123190485 0.0072813593 0.0011939288 0.2465817 0.001317898 0.0008690379 1.466679e-05 0.00096682506 0.27879375 2.861193e-08 0.0022996303 3.447097e-06 0.09157033 5.1549316e-05 0.010429853 0.00073390204 0.33547306 0.046015583 0.000798875 0.00018942669 0.0006221084 0.00012484142 4.9298924e-05 0.0013790218 0.012373943 4.2554075e-06 0.09598257 0.042580508 0.00015386072 0.39983588 0.0011460633 4.7031448e-05 0.00041203998 0.0010583834 0.10869537 1.1338185e-06 2.5353822e-06 0.30395034 0.35255003 1.1731211e-06 0.0002572805 0.016813563 0.0029166783 0.047431856 0.3795169 2.0787782e-05 0.00018737896 5.858369e-05 0.1337963 2.5283482e-08 1.3323499e-06 0.0008857704 4.770814e-06 2.9584658e-06 3.6714548e-05 4.6825025e-06 4.1265966e-07 0.0009777218 3.750468e-05 1.6210863e-05 1.0838547e-05 0.004304095 8.42543e-05 1.1770517e-05 4.2478696e-06 0.117994875 1.5439493e-05 1.37002135e-05 9.329628e-06 1.7402368e-05 3.996458e-11 7.0666933e-06 0.0002583042 1.1155809e-05 3.1099386e-05 2.0978753e-07 2.259741e-06 3.2902124e-06 8.031501e-07
0.0065053958 0.036849145 0.074648455 0.15823862 0.06919556 0.0014278367 0.0021567228 0.005663575 0.06265676 0.14120041 0.5202495 0.10371157 0.0039185346 0.006052181 0.045315783 0.00018003481 0.0020894336 0.008350656 0.106616326 0.108747736 0.0012403285 4.7144617e-18 0.037964128 0.08103417 0.11761574 0.034421824 0.11349023 0.5960362 0.0084084775 0.37693024 1.729519e-05 6.622975e-06 0.26214987 0.0021748594 0.01778026 2.1174448e-05 0.0129625825 0.059410494 0.005044836 0.026078908 0.5305734 0.036727156 0.015501468 0.014723873 0.39299616 0.017720943 0.020826112 4.983727e-08 0.00031071503 0.0107644675 0.00671658 0.002176644 0.13332544 0.0040691 0.08624174 0.0024146468 0.0001949245 0.011366004 0.010572318 0.0015993171 0.0022169151 0.00027148955 0.002016461 0.0019187826 0.0014841737 0.0019400339 0.0019805108 0.0005915575 0.017377194 0.0015650254 0.00046997462 0.0021431814 0.011063301 0.00034194023 8.3490355e-05 9.107013e-05 0.00014872385 0.0021004863 0.0048816972 0.00019153206 0.0012073771 0.00028028202 0.00014577135 0.0005469015 0.0011319133 6.08829e-05 2.427843e-05 0.004101861 7.120573e-05 0.00013896538 0.00012713784 0.000118849115 1.05113775e-08 3.1604857e-05 0.00016235875 9.4613e-05 6.629185e-05 5.3578227e-05 5.9209765e-06 0.00018935789 4.3228288e-06
0.5346435 0.04000017 0.030753653 0.027217934 0.21816126 0.00806876 0.031226419 0.105498955 0.66499054 0.28851074 0.20020431 0.37383294 0.0012444061 0.34957504 0.6436948 0.004959013 0.14859314 0.5870585 0.004034539 0.25551745 0.123190485 0.037964128 2.1835902e-17 0.5554234 0.092122816 0.5331271 0.08796371 0.020464757 0.0134169115 0.016669178 0.30107534 1.3831189e-07 0.021119798 0.003765553 0.3785801 2.5207755e-05 0.4191279 0.013464659 0.25046214 0.47176534 0.011718292 0.053334463 0.120695375 0.020420056 0.0022909106 0.22821088 0.41997522 0.002182588 0.006978019 0.36010313 0.02676694 0.100991525 0.022207478 0.007692321 0.008428066 0.1633069 0.010084112 0.00011730495 6.220983e-05 0.08538958 0.06751268 0.00086758996 0.03132652 0.43530893 0.19866635 0.42175624 0.08320488 0.0027966856 0.0062529 0.0020820065 0.023036214 1.3499201e-05 0.00039585438 0.07242473 0.0004899371 0.0004979136 0.0008256012 0.0027340772 0.0013956996 0.03589481 0.0019735722 0.0016381451 0.00030487208 0.094141826 0.0033158679 0.0009329877 6.272054e-05 0.021089904 0.0010225107 0.0013120228 0.0010310567 0.0010219194 8.8549235e-10 0.00016258868 0.008278428 0.0003257722 0.002479038 8.19401e-05 3.504172e-05 0.00016035215 5.8167712e-05
0.61241055 0.016924826 0.026092932 0.03648067 0.1966188 0.002697516 0.0067528393 0.013921171 0.6126415 0.4691761 0.43144184 0.55791485 0.00015234108 0.028491518 0.65310806 0.00076909555 0.008069717 0.14286013 0.0015873957 0.5230612 0.0072813593 0.08103417 0.5554234 6.108023e-18 0.29054114 0.24668331 0.28904855 0.08385287 0.08920034 0.08788565 0.044868313 1.5401953e-08 0.088282816 0.03850956 0.25402093 2.5167628e-06 0.4353977 0.12028704 0.029385895 0.44271076 0.026782392 0.31286833 0.32528576 0.12642369 0.0030303835 0.43478566 0.46398863 0.022830501 0.0005323588 0.35970676 0.09899351 0.013850747 0.058124866 0.03967551 0.030547332 0.2909473 0.00061791233 2.5048179e-05 1.4681331e-05 0.011761901 0.012213169 0.006339907 0.098837346 0.36997825 0.2759517 0.32670626 0.01564043 0.008414598 0.013769663 0.0053161182 0.0024293705 7.074438e-05 8.43178e-05 0.14314179 0.00074432266 0.0026330438 0.0007313874 0.00056188606 0.0003534459 0.036064763 0.00096098916 0.005100855 0.0013960955 0.050278768 0.003738534 0.00084141485 0.00012817056 0.005530058 0.0020390097 0.003163925 0.0024441096 0.0027578368 3.8393395e-08 0.0001791796 0.01366843 0.00036855784 0.005250281 4.2370168e-05 5.3212916e-05 0.00041375146 5.288972e-05
0.0969807 0.004943824 0.01439697 0.01882795 0.030780802 0.0009136686 0.0005879829 0.0036391127 0.14281993 0.262908 0.56998914 0.33920074 0.0007793468 0.0060259276 0.17179574 9.883438e-05 0.001484762 0.013990612 0.0013044348 0.6073 0.0011939288 0.11761574 0.092122816 0.29054114 5.6212863e-19 0.013890545 0.67355764 0.23045707 0.22891128 0.2826343 0.00014976742 4.604506e-10 0.31267032 0.104396075 0.019684358 1.4307324e-06 0.08008337 0.37987724 0.002674591 0.084547915 0.05240782 0.40375227 0.27965516 0.27001634 0.00819412 0.2922971 0.13526824 5.7525685e-05 9.180243e-05 0.061447058 0.20087844 0.0013094242 0.21642521 0.14834999 0.20111938 0.047813207 0.000103756 3.695109e-05 2.279095e-05 0.002047405 0.0014137471 0.009320908 0.08779224 0.06444753 0.047498405 0.028854948 0.0012365993 0.024249941 0.16365573 0.027895713 0.0001925305 0.0023207131 0.00013207427 0.026441688 0.0032338107 0.0047400505 0.0069181584 0.004870797 0.00065213995 0.008706946 0.01467017 0.0033298095 0.0035662113 0.0068415445 0.017972272 0.002820937 0.0013821117 0.0021947871 0.0037624675 0.0030055537 0.0029566765 0.0038604576 4.1056296e-06 0.00076875725 0.004677265 0.0018321814 0.0047208685 0.00048974843 0.00024287128 0.0008260313 0.00016541546
0.8833512 0.06798951 0.022166964 0.015820608 0.13556474 0.0113927005 0.05682857 0.114643134 0.32307023 0.085418165 0.10357558 0.094778724 0.0008236745 0.27176118 0.25608104 0.0065196743 0.21407144 0.4405132 0.0015023735 0.042647943 0.2465817 0.034421824 0.5331271 0.24668331 0.013890545 5.4421916e-18 0.012553908 0.021507567 0.0038350625 0.013150332 0.63514924 5.9867864e-07 0.013309683 0.0018361049 0.5287459 2.0850504e-05 0.2900739 0.0029568907 0.4626968 0.4550222 0.010457132 0.007271083 0.012643842 0.0046603456 0.001190478 0.036280803 0.33077633 0.0022260526 0.010953102 0.42178228 0.003340957 0.19041055 0.028393447 0.0012976961 0.0118712615 0.026600592 0.013229023 6.138628e-05 4.326666e-05 0.16871797 0.14780729 0.00032903257 0.0026686357 0.33444682 0.087374754 0.38340744 0.14895162 0.00050486793 0.005461624 0.00040967902 0.038470767 6.0114573e-05 0.00010562033 0.019600777 3.148101e-05 4.2855878e-05 7.9833764e-05 0.0013765994 0.00034084436 0.010840652 0.0023058287 0.00023567476 4.7664915e-05 0.052071314 0.0010781568 6.679355e-05 1.1099278e-05 0.028786762 9.9235695e-05 0.00015340126 7.387353e-05 0.0001385907 1.651352e-08 4.8164315e-05 0.0027070579 3.606374e-05 0.0003578121 7.855858e-05 5.494154e-06 4.4434328e-06 3.9749807e-06
0.15596482 0.005295577 0.012360274 0.016660968 0.051252183 0.0009510024 0.0010480238 0.0045382422 0.13019486 0.2330974 0.45105 0.30418852 0.00093335175 0.005686249 0.15204112 0.00015128448 0.0013155085 0.01137578 0.0023751538 0.5563315 0.001317898 0.11349023 0.08796371 0.28904855 0.67355764 0.012553908 2.2976792e-19 0.19528112 0.17667633 0.21820547 0.0007760793 3.2725406e-10 0.23638274 0.09596829 0.018373666 1.2032554e-06 0.080085106 0.41746232 0.0027102663 0.088615194 0.047570135 0.45165068 0.2946048 0.2907221 0.0064040557 0.28493863 0.13966376 9.3455186e-05 0.00013261865 0.06808771 0.21467593 0.0015809822 0.22705956 0.1957408 0.20975395 0.062415548 0.00013300875 3.9822946e-05 3.6331443e-05 0.002121864 0.0019596121 0.0125269685 0.11707245 0.0766269 0.055827286 0.032288067 0.0019453415 0.04520474 0.18590486 0.04250169 0.00028068273 0.001951853 0.00015669977 0.033881262 0.0034365805 0.0057001053 0.0060227937 0.0031731143 0.0005152347 0.00892275 0.020613423 0.00512905 0.004472662 0.0075534005 0.022473905 0.003339283 0.001065853 0.0031686404 0.004614158 0.003824004 0.004545307 0.0052575343 1.5742824e-05 0.0008160189 0.0050177025 0.002152219 0.0037315951 0.000925086 0.00024356575 0.0010874309 0.00015396009
0.0048147277 0.0040650098 0.01499162 0.024379646 0.017722439 0.0004710035 0.00047894233 0.002236872 0.021562535 0.08252003 0.40290865 0.07697681 0.00017388772 0.002857726 0.021908348 7.241202e-05 0.0011232471 0.004349383 0.0055709356 0.16334824 0.0008690379 0.5960362 0.020464757 0.08385287 0.23045707 0.021507567 0.19528112 1.156726e-19 0.015661392 0.670548 9.349347e-06 3.7926494e-08 0.5195514 0.0019470297 0.0116841495 1.5119072e-06 0.011312938 0.08171047 0.00162149 0.018665843 0.5636281 0.06814157 0.020333523 0.0182793 0.17717324 0.018012559 0.019402225 2.7300915e-08 9.665285e-05 0.009098558 0.0048078042 0.0018502222 0.27190667 0.00366168 0.22120678 0.0008193358 6.8995345e-05 0.0011565964 0.0010572852 0.0021091388 0.003135149 0.00035080925 0.000523116 0.0021879114 0.0011647282 0.0013211635 0.004727868 0.00027874767 0.07873493 0.0031756102 0.00019992475 0.021748725 0.0038047063 0.00023209066 0.00021796934 7.336844e-05 0.00041454597 0.009846236 0.0022799897 0.00021765921 0.005347782 0.00032629707 0.000513275 0.0008209298 0.0024037703 0.00015528515 8.441073e-05 0.00063225994 0.00017879809 0.00021652239 0.00013747835 0.00015778033 4.199818e-08 7.0980364e-05 0.00018474681 0.00033062353 9.621207e-05 0.00019933663 2.5705644e-05 0.000223133 4.2867e-05
0.00081847 0.00017325227 0.0004441484 0.00093447615 0.0026046247 1.14436925e-05 1.9229516e-05 4.9351045e-05 0.016544977 0.03467497 0.21844424 0.033458386 6.3488583e-06 0.00023528018 0.025585558 1.7695222e-05 5.0794857e-05 0.00031030813 9.265649e-05 0.12108936 1.466679e-05 0.0084084775 0.0134169115 0.08920034 0.22891128 0.0038350625 0.17667633 0.015661392 7.119564e-27 0.0396506 2.139335e-06 1.1841285e-10 0.07551366 0.0018581256 0.0069017303 2.5580835e-08 0.027014596 0.20117721 0.0014005891 0.013267216 0.0049828133 0.20086472 0.120872505 0.16463898 0.0011464875 0.09510414 0.02860417 4.9609277e-08 7.747068e-06 0.011710114 0.116346754 3.2605054e-05 0.023531437 0.118709795 0.020367472 0.02677274 1.6670114e-05 1.4269566e-06 2.5862425e-07 9.0794965e-05 0.00012692898 0.002556957 0.062590614 0.015548626 0.016747199 0.0054644686 0.0002759456 0.04857662 0.009533266 0.025449162 2.9739946e-05 6.598215e-07 1.1205171e-06 0.009970342 0.011984988 0.013954422 0.004068444 0.00044464384 2.7935108e-05 0.0049214656 0.0018283073 0.008512025 0.007873188 0.0031391191 0.004631038 0.00078387174 0.004598278 0.00012337462 0.008521707 0.007483192 0.006077544 0.0074217007 3.3792926e-08 0.00022753543 0.0029215626 0.000344325 0.004903637 0.00011920668 0.0012133875 0.004443774 0.00018371723
0.007695957 0.0022141822 0.0074384585 0.012522157 0.010135356 0.00063430244 0.00029160484 0.0015221777 0.022476478 0.06871535 0.39137417 0.07480383 0.0002789482 0.0030846407 0.02281185 0.0001605765 0.0010338111 0.0044481796 0.00091039605 0.19648296 0.00096682506 0.37693024 0.016669178 0.08788565 0.2826343 0.013150332 0.21820547 0.670548 0.0396506 5.7460114e-20 8.684235e-06 3.1543725e-09 0.63986856 0.0075335554 0.007510299 2.618542e-06 0.009715273 0.10047428 0.0016167387 0.01576501 0.26551262 0.093654096 0.036711607 0.035580788 0.042785604 0.027718263 0.019666407 6.5324066e-08 0.000105168736 0.008665832 0.008778412 0.0013881942 0.3078805 0.0068311365 0.25780654 0.0018351586 9.9086086e-05 0.00012524855 9.597233e-05 0.001199926 0.00096463395 0.0010372548 0.001586511 0.0031034173 0.0013246589 0.0013809148 0.0008096246 0.0006559745 0.11460907 0.0057294043 0.00014797163 0.0062381173 0.00079789426 0.00057821244 0.0005936197 0.00017093263 0.0008968422 0.0060352017 0.0006414894 0.0005093899 0.0076202876 0.00039764732 0.00068941514 0.0007564379 0.0039823595 0.00039949294 0.00021647468 0.00028631426 0.00023609248 0.00028846742 0.00017439674 0.00024969107 3.9367887e-07 0.00017257863 0.00045868687 0.00057759817 0.0003100289 0.00035654238 5.753951e-05 0.000172179 6.824468e-05
0.026880518 0.00021776406 6.96282e-05 1.7430239e-05 0.0033303762 0.00032929468 0.0014908669 0.0038155254 0.1416542 0.011773915 0.0038964797 0.00965618 8.152686e-06 0.16680023 0.118370585 0.0016390247 0.15490822 0.34959468 3.9196666e-06 0.0041815704 0.27879375 1.729519e-05 0.30107534 0.044868313 0.00014976742 0.63514924 0.0007760793 9.349347e-06 2.139335e-06 8.684235e-06 1.1902937e-26 5.157345e-13 9.450538e-06 1.1402709e-07 0.542786 1.3213045e-08 0.112788446 0.00082923425 0.75443006 0.22018766 4.037882e-06 0.004195859 0.0073680263 0.0046200673 2.2445099e-07 0.020092461 0.100827016 1.4709863e-07 0.0042801416 0.24533278 0.0029562858 0.23807746 8.768162e-06 0.0007476204 7.0918354e-06 0.014659045 0.006933717 1.00274676e-07 2.3863251e-08 0.2285807 0.1325359 1.3389129e-07 0.005911002 0.13155459 0.056480486 0.1549677 0.10844151 0.0013972712 2.2074142e-05 2.0308133e-05 0.015304653 4.510278e-12 9.466796e-09 0.01712392 1.070927e-05 0.0002515971 1.2053043e-06 9.7807316e-08 1.9134875e-08 0.0171692 1.346503e-06 0.0013181174 0.00010296388 0.04410241 1.0918711e-05 8.1275994e-07 1.882203e-05 0.0061103944 0.00057641754 0.0013706656 0.00076685264 0.00065183995 1.1569722e-13 1.5939138e-07 0.006337347 1.0518407e-06 0.0019478386 5.312427e-09 2.3376824e-06 1.4375115e-05 2.1766684e-08
