1.6244736e-30 0.00054180744 0.19609253 0.18949784 0.0053593535 0.014720118 0.09540375 0.0016800346 0.69630307 0.2459069 0.0059345043 0.0034793937 0.9117722 0.003815587 0.8002025 0.009752167 0.9370494 0.8133247 0.0001173186 0.8604557 0.0034133182 0.0036314577 0.0044932435 0.0023342317 0.0002477751 0.9133193 0.0009071763 0.56134963 7.141158e-07 0.16449125 0.00029408452 0.0002988827 0.027130507 0.7775482 0.17989305 0.021836821 0.00014385805 5.5671062e-05 0.96001893 0.016313937 0.1672545 0.0012122453 3.0966738e-05 0.0019578384 0.5958417 0.023619713 0.989746 0.00011618336 0.40873873 0.79427564 0.0006818272 2.9304051e-06 3.180432e-05 0.10295549 3.1290463e-05 0.27398297 7.9071805e-07 0.15267578 0.006330594 0.004468401 3.4687215e-05 1.921443e-07 0.9534643 0.009320513 0.99167657 0.00011921066 8.719246e-08 6.7417295e-06 0.010483858 0.00012168297 0.988698 8.919066e-06 0.7938249 0.77174485 8.310439e-10 6.556734e-07 0.65377843 0.95164263 0.97312194 5.3203576e-07 5.3325135e-07 0.9721566 2.4893732e-08 2.1664917e-08 3.3290277e-08 4.1952444e-07 0.88365537 0.7541091 0.0020376986 0.02548662 1.0290041e-07 0.91049373 6.7963246e-11 8.707708e-07 0.00075231737 0.97303563 6.026122e-09 4.6034506e-07 0.6671328 1.4172812e-06 1.2199226e-06
0.00054180744 1.5483306e-27 0.22895922 0.17341465 0.10834814 0.081161335 0.16209269 0.062426023 0.20551622 0.10399555 0.0009462276 0.060251236 0.23590565 0.05396949 0.21333218 0.04222376 0.12483271 0.08133975 0.026209552 0.12551595 0.044655766 0.03867664 0.0235368 0.10844182 0.055388115 0.096578576 0.048504397 0.082716 0.00010250593 0.024656195 0.094291754 0.0012917514 0.021251868 0.057797372 0.04033113 0.024720365 0.014607307 0.07749134 0.055480067 0.03724235 0.024214359 0.10668962 1.4903371e-05 0.02772606 0.009340297 0.01593613 0.08918284 0.019130385 0.017627649 0.008501649 0.025675457 0.010334957 0.008875073 0.012847021 0.054644164 0.011924142 0.007125832 0.00080837973 0.008181131 0.010985412 0.0060381405 3.382759e-06 0.025878564 0.0031230438 0.05213822 0.009676262 0.0017057114 0.0034786935 0.005097762 0.004599105 0.009863215 0.019553322 0.03581607 0.0038030972 1.7286598e-07 0.0009685212 0.00032639978 0.0014227327 0.0018733529 0.00040669 0.003062385 0.00134711 0.00010364513 0.00013112847 0.00017896765 0.0030518235 0.015941162 0.00067345164 0.00059722917 0.0004633755 0.00070717465 0.00053187547 1.4460834e-14 2.4300448e-06 0.000117677846 0.005486342 0.00011852245 0.0002466411 0.002573427 9.215281e-06 7.2064395e-05
0.19609253 0.22895922 2.8214016e-18 0.29493338 0.30828872 0.19719361 0.19127356 0.14352773 0.32327086 0.12810574 0.055887893 0.14369136 0.4965032 0.099711135 0.23503087 0.05844136 0.3838412 0.21521698 0.08135751 0.09062032 0.086521745 0.06554937 0.03305902 0.13405165 0.16583659 0.13485016 0.05843875 0.022396462 0.049482215 0.007132073 0.12506083 0.050244495 0.0052820873 0.049797975 0.012985851 0.0059459987 0.029017905 0.13055389 0.21522583 0.028606538 0.007792372 0.076071836 0.011002376 0.00721732 0.005864283 0.0069651078 0.3163245 0.008797776 0.012488215 0.0037901604 0.0061955717 0.032134127 0.0060216766 0.004086857 0.13036264 0.011112694 0.02038296 0.017251955 0.00437263 0.008334474 0.008891343 0.0011760236 0.16431892 0.00046953003 0.23185259 0.0062161796 0.011932754 0.0032406116 0.003307612 0.0023841336 0.04112338 0.009247592 0.022360986 0.05511975 0.00026548264 0.02947178 0.00069938385 0.0017166705 0.0024937172 0.02001057 0.016548064 0.013482051 0.0021222848 0.0026517254 0.005297729 0.0048374226 0.014890815 0.0004484799 0.00024049726 0.0005403209 0.002362791 0.00024455824 5.9128386e-08 8.368613e-05 0.0003945496 0.02018313 0.0007598599 0.00032887884 0.0062636253 4.3346576e-05 3.4586203e-05
0.18949784 0.17341465 0.29493338 9.127033e-19 0.3644797 0.35029873 0.29275203 0.29651457 0.15853362 0.24632235 0.08510218 0.30654728 0.31589884 0.27223694 0.047559258 0.17319207 0.5864024 0.6327733 0.14360848 0.0121226795 0.1326417 0.1292714 0.09024897 0.04087645 0.16181903 0.27114576 0.08986108 0.0035152598 0.043027975 0.015275548 0.06864007 0.028445384 0.016234698 0.08896792 0.00278427 0.018365303 0.053600416 0.10069212 0.5830299 0.008870863 0.0011933949 0.0158118 0.030434333 0.019128915 0.0076633175 0.0009702555 0.41389602 0.01571378 0.0020337943 0.0047478415 0.015305719 0.047864255 0.013954623 0.006191307 0.07666535 0.0012952092 0.041512825 0.025241235 0.0005140521 0.0021950267 0.010124609 0.0026823105 0.23185617 0.0014565878 0.10901628 0.0023482481 0.021068214 0.007770866 0.00035283176 0.0017273753 0.059567805 0.003483361 0.0047094068 0.038276013 0.00084681244 0.01976212 0.00067117804 0.0020414914 0.0043721837 0.013209898 0.009982872 0.019040557 0.0046979026 0.004876477 0.011892226 0.0019972455 0.0041653095 0.00070085906 0.001065972 0.0014913481 0.0014627706 0.0004044197 1.0279913e-08 0.0002030758 0.001337184 0.009709386 0.0006647379 0.00034033702 0.0013379621 0.0002535994 2.8926534e-05
0.0053593535 0.10834814 0.30828872 0.3644797 1.7869102e-19 0.15264337 0.09566011 0.2600266 0.12993129 0.117522076 0.02061767 0.2100015 0.24300982 0.12860854 0.072898276 0.04875763 0.2945966 0.22248846 0.20685418 0.013404475 0.088480085 0.06918414 0.04107079 0.06325709 0.20276785 0.124796085 0.06855656 0.003842615 0.01761324 0.0048485515 0.06319632 0.009772138 0.0054162876 0.05403821 0.0038989123 0.005118654 0.047682676 0.07747496 0.18264507 0.009048508 0.0036803733 0.019483974 0.010061769 0.009732178 0.0033662035 0.002140964 0.11533099 0.023611447 0.0016763841 0.0026369828 0.010292869 0.05460895 0.024724092 0.002520515 0.09612945 0.0019604159 0.054848213 0.0134815425 0.00059167284 0.002159351 0.03044011 0.0024911251 0.07564784 0.0023933153 0.07393038 0.002602945 0.023902813 0.021081498 0.0003315313 0.0008140718 0.020557446 0.0032901405 0.0024859894 0.007656999 0.0011726608 0.06312032 0.00024451438 0.0016391437 0.004259582 0.032800153 0.014131082 0.012291824 0.00395701 0.0043213633 0.024406247 0.0037587234 0.002527917 0.0002181715 0.002323405 0.0019681891 0.0018147803 0.00012766027 4.4789108e-08 0.00031738254 0.00058957585 0.0060015647 0.0006294404 0.00015348055 0.0007952609 0.00019816773 7.4238624e-06
0.014720118 0.081161335 0.19719361 0.35029873 0.15264337 1.1667452e-20 0.15611535 0.2255522 0.03564798 0.2697893 0.08441148 0.29563478 0.11944573 0.29401165 0.015432972 0.24712743 0.30064505 0.38964495 0.12303996 0.0032679143 0.2139263 0.20432413 0.19127686 0.011886776 0.09655993 0.26266393 0.1558346 0.00057857315 0.011223584 0.06468565 0.01520236 0.009734392 0.05151541 0.15289108 0.0005205339 0.050266095 0.08278417 0.01780566 0.2907265 0.0030196994 0.0004865541 0.0045217653 0.06523711 0.054711685 0.028767368 0.00024709952 0.10895909 0.057802346 0.00036010813 0.017430289 0.05713943 0.0419843 0.04598346 0.033045594 0.019108044 0.00028209455 0.037456386 0.03876427 2.7824797e-05 0.00031753117 0.04201798 0.012534928 0.10654895 0.02266104 0.024529787 0.0007855136 0.015950926 0.02255334 2.2619004e-05 0.00019225785 0.056647193 0.00041870112 0.0020036576 0.008649975 0.005829364 0.010916579 0.0035275945 0.008063363 0.015724551 0.0032138017 0.00083425763 0.016704114 0.0048561846 0.0050701797 0.00752085 0.00020702563 0.0013791341 0.0047339727 0.012495107 0.014601379 0.00017523115 0.0039452026 3.9240557e-09 0.0015646465 0.0042140735 0.0023695305 8.147087e-05 2.3113234e-05 0.00019760459 0.0007296443 8.701433e-07
0.09540375 0.16209269 0.19127356 0.29275203 0.09566011 0.15611535 1.0115564e-22 0.049730837 0.12179729 0.29067686 0.1691405 0.062490493 0.26223168 0.12056984 0.094355285 0.2027572 0.37903848 0.3817854 0.023226455 0.069379635 0.09388763 0.1331993 0.18325396 0.039163195 0.049257852 0.384145 0.07266873 0.028742667 0.003110299 0.2323601 0.028385758 0.009808789 0.18278791 0.23983313 0.012971189 0.16547205 0.030090727 0.01826834 0.38579357 0.010025046 0.00518462 0.018970666 0.03458602 0.09570977 0.08880026 0.0041758176 0.32573396 0.058428317 0.0097408965 0.10735926 0.10565918 0.0054575475 0.022327717 0.08526087 0.009847978 0.004575629 0.0031112125 0.07236931 0.0019314495 0.0031105522 0.014477171 0.00087364274 0.3253961 0.045437396 0.17175944 0.0034721822 0.0015879899 0.01061887 0.001164968 0.0026597858 0.17451476 0.002038308 0.031375106 0.1830664 1.42122735e-05 0.0008496429 0.023665406 0.059025746 0.08094334 0.0001509386 0.0003138561 0.09253752 0.0015920597 0.0017737387 0.00013802458 0.00034131846 0.024074398 0.023882577 0.028270133 0.013798696 0.00026848607 0.019552702 2.3780996e-13 0.0006428253 0.0069543887 0.015513091 0.00010661523 0.0002447941 0.0043557403 0.0008200745 2.3249439e-05
0.0016800346 0.062426023 0.14352773 0.29651457 0.2600266 0.2255522 0.049730837 1.6439173e-22 0.041034497 0.14211299 0.0145075 0.31953987 0.076212816 0.28294542 0.012522783 0.0904887 0.12662418 0.20573996 0.33950675 0.004075764 0.16936187 0.13350847 0.08263914 0.045195654 0.2600545 0.11936471 0.17721589 0.0016294633 0.0052789296 0.007211675 0.056921415 0.004506822 0.009283774 0.06626185 0.0017769656 0.008712781 0.13625796 0.07433488 0.11943248 0.003338253 0.0010702906 0.013429963 0.010920582 0.012307871 0.0040131668 0.00045295423 0.044792175 0.05172132 0.0005818741 0.0034677708 0.014978156 0.11130708 0.07140688 0.0027802896 0.08012075 0.0003345824 0.113532536 0.0042103054 0.00010606972 0.00045531723 0.0681899 0.0022325777 0.039933383 0.001956824 0.009195415 0.0008069255 0.06290472 0.052183367 0.00012299247 0.000283018 0.013610949 0.0017733081 0.00051235384 0.001698978 0.004242633 0.049264014 0.00037005698 0.002337559 0.0045130625 0.012865405 0.004093666 0.010605187 0.009263993 0.009939127 0.025997913 0.00081640575 0.00073731324 0.00042122373 0.002547631 0.0020101035 0.00063747866 0.00026460557 7.9912177e-10 0.00056519726 0.00070875447 0.0021028963 0.00030386224 0.00017803293 7.98075e-05 0.00025999764 6.8900363e-06
0.69630307 0.20551622 0.32327086 0.15853362 0.12993129 0.03564798 0.12179729 0.041034497 2.7088784e-18 0.040781185 0.03436869 0.032290038 0.49530008 0.020612955 0.54911757 0.011875162 0.18798743 0.073621556 0.021956759 0.39320165 0.020184854 0.01740676 0.0056074345 0.12314914 0.060230665 0.02930783 0.011035093 0.10734917 0.040934417 0.0011692409 0.096716784 0.06949453 0.0013354431 0.008887558 0.055513963 0.0019637502 0.0038835173 0.096026935 0.087276235 0.08715434 0.028698813 0.11144271 0.003996465 0.0035325685 0.0011888233 0.022779392 0.27555797 0.005209337 0.036493797 0.00073283684 0.0021499349 0.007380931 0.0042579407 0.00050403445 0.07189798 0.028417014 0.005037824 0.007422066 0.016884716 0.01709223 0.004780641 0.0005130393 0.03154716 8.3233965e-05 0.08545754 0.016949281 0.0030482095 0.0023459245 0.010882608 0.0075720083 0.010547208 0.017059887 0.054371223 0.05778084 0.0001322959 0.007865256 3.8297643e-05 0.00029466875 0.0005711595 0.007187187 0.01052844 0.003388014 0.0012961321 0.0014424903 0.0007709745 0.008867069 0.04001646 2.967405e-05 0.00017751988 7.575294e-05 0.004995891 8.99118e-06 1.1437004e-07 0.00010382855 0.0002480735 0.046095673 0.0025023865 0.0015797283 0.021257292 6.34042e-05 0.0005423061
0.2459069 0.10399555 0.12810574 0.24632235 0.117522076 0.2697893 0.29067686 0.14211299 0.040781185 9.714675e-19 0.2395296 0.21826883 0.22443385 0.27742943 0.012663257 0.28114823 0.41130853 0.51012456 0.07644522 0.0021208797 0.20463149 0.20996723 0.22591056 0.007810086 0.076453656 0.56669533 0.124047995 0.0004419028 0.026346872 0.15012912 0.010642802 0.014266915 0.11199559 0.37859303 0.00044129934 0.10224262 0.06027537 0.017042918 0.4633304 0.0027591456 0.00026291245 0.002747355 0.1040635 0.095957614 0.075621255 0.0001681534 0.37857473 0.060464308 0.00045278884 0.056826968 0.091332935 0.031847324 0.052449606 0.061126176 0.014719886 0.00043756538 0.03216477 0.09329594 5.6931294e-05 0.0005496945 0.044920288 0.012064689 0.27989665 0.042525396 0.05753691 0.0010603367 0.015050109 0.028227137 2.9809773e-05 0.0005689618 0.31123248 0.00036911134 0.0010981378 0.057907607 0.006994016 0.005916585 0.01107852 0.031042714 0.083014734 0.0015080514 0.00048162547 0.08353687 0.004441393 0.004196225 0.0035582162 0.00018132145 0.0021118668 0.013592438 0.018311944 0.027178343 0.00013509986 0.013801624 9.079621e-10 0.0020871134 0.0068830526 0.004244005 7.2800125e-05 7.017457e-05 0.00020990153 0.00095921656 1.6392888e-06
0.0059345043 0.0009462276 0.055887893 0.08510218 0.02061767 0.08441148 0.1691405 0.0145075 0.03436869 0.2395296 8.3183786e-26 0.044272326 0.044992078 0.07937755 0.020510418 0.13380788 0.06616868 0.10860592 0.0020264739 0.011328674 0.04971961 0.0603014 0.0840665 0.0043593 0.0021538218 0.19753101 0.028431104 0.0069866558 1.8459437e-05 0.23902602 0.0016219091 1.1149842e-05 0.12004378 0.2879501 0.0023054294 0.10097277 0.006605589 0.00055634836 0.10862231 0.0014689019 0.0004824833 0.0021739781 0.0063755377 0.038944114 0.11997016 0.00018118194 0.073911384 0.026230574 0.0010043648 0.11696216 0.03535017 0.00049300503 0.010390577 0.08065993 0.00080150046 0.00056589674 0.0003310896 0.06809932 1.989089e-05 8.303552e-05 0.002532985 0.00018490246 0.06400918 0.043492083 0.03099457 7.2552895e-05 7.896833e-05 0.0010412866 2.7408281e-05 2.2981096e-05 0.09788132 4.5492594e-05 0.003602115 0.012601643 7.097975e-07 2.2837707e-05 0.03084395 0.060592365 0.07651039 3.8274547e-06 5.0124027e-06 0.039083015 3.7139427e-05 5.1332387e-05 1.2928137e-05 3.4246907e-06 0.002114871 0.03932657 0.016222928 0.017078387 7.3292385e-06 0.030719057 7.2228707e-16 0.00015034986 0.00591498 0.0027555774 7.0097576e-07 1.823782e-05 0.00017341458 0.0005210052 3.83249e-07
0.0034793937 0.060251236 0.14369136 0.30654728 0.2100015 0.29563478 0.062490493 0.31953987 0.032290038 0.21826883 0.044272326 2.4124762e-22 0.0731911 0.36686847 0.013121987 0.17544676 0.14589153 0.24419501 0.24289228 0.005070264 0.25358686 0.2292095 0.17885427 0.029452318 0.19615161 0.18924345 0.23539174 0.0030661633 0.007936381 0.019676812 0.037487082 0.007552003 0.021649748 0.13055432 0.0027533036 0.020398254 0.14804178 0.052153178 0.13650614 0.0047737914 0.0017923437 0.009037591 0.036018346 0.039386682 0.013871421 0.0010341543 0.054751653 0.08784658 0.0007876365 0.012512391 0.04316849 0.09550014 0.10359208 0.013472361 0.052535243 0.00065915356 0.09398044 0.023331497 0.00014945382 0.0008779755 0.095280945 0.008506183 0.05999469 0.01423273 0.01517973 0.0012406775 0.047249313 0.07171799 0.00017761285 0.0005210139 0.03203473 0.0011064342 0.0008449325 0.00407192 0.009227565 0.033534437 0.0025730699 0.0066859387 0.011471803 0.011147675 0.0034320133 0.019806765 0.011724658 0.012268887 0.017295133 0.0005247941 0.0011067771 0.0025106955 0.008629508 0.01019119 0.0010894533 0.0015115936 4.197029e-09 0.002201997 0.003337153 0.003079299 0.0004065977 0.00023382758 0.00016251286 0.0011569764 1.1468351e-05
0.9117722 0.23590565 0.4965032 0.31589884 0.24300982 0.11944573 0.26223168 0.076212816 0.49530008 0.22443385 0.044992078 0.0731911 1.7856556e-20 0.042635456 0.4243166 0.026288517 0.46580774 0.18767942 0.031047542 0.23147658 0.02857509 0.021792082 0.009542403 0.101595715 0.063565075 0.10838972 0.019239277 0.032599363 0.032034792 0.003617343 0.0677728 0.050141975 0.0019149663 0.07713391 0.020750038 0.0023783904 0.007392707 0.068587534 0.18808971 0.039415013 0.011725603 0.058976114 0.004188525 0.0029326587 0.003150564 0.009417635 0.37938341 0.0045684176 0.013720803 0.0022762532 0.0014348933 0.010007521 0.0034784032 0.0005159361 0.04471579 0.010421123 0.005446231 0.02046796 0.0076893205 0.007971364 0.0038961673 0.0009894246 0.08247949 6.773072e-05 0.18076822 0.0052796295 0.0030216149 0.0022121994 0.0048929537 0.0024974109 0.029414948 0.0055331467 0.04071064 0.15296356 0.00032118193 0.006454241 3.703403e-05 0.00065045763 0.0013415331 0.004592438 0.007526658 0.006974377 0.00082415337 0.0009754209 0.0013372235 0.0034773585 0.025612878 2.7540153e-05 9.9758516e-05 0.00013204153 0.0018511057 3.2642733e-05 6.056984e-08 0.000105316976 0.00021011182 0.038464356 0.0011225762 0.0007784038 0.011110992 3.819588e-05 0.00010179625
0.003815587 0.05396949 0.099711135 0.27223694 0.12860854 0.29401165 0.12056984 0.28294542 0.020612955 0.27742943 0.07937755 0.36686847 0.042635456 3.6974087e-23 0.007713787 0.38766497 0.12046865 0.1864859 0.18131758 0.0026861937 0.3405783 0.35929954 0.38331726 0.020639258 0.12314861 0.2535637 0.2975327 0.0015400774 0.0046526366 0.12751181 0.024007272 0.0027356732 0.114715934 0.20293865 0.0015508189 0.10945331 0.17610201 0.028111203 0.103185385 0.00326619 0.0005225358 0.0079075955 0.110907294 0.13979895 0.0634168 0.00023558688 0.05010036 0.17630494 0.00035158478 0.046651594 0.1096426 0.070512004 0.15145773 0.061778013 0.032478493 0.00017404517 0.07343905 0.03981636 1.9975654e-05 0.00016598514 0.09577376 0.013268216 0.05617866 0.039065108 0.0077852374 0.00040560044 0.036086377 0.07415295 2.1473898e-05 0.00014405877 0.046664607 0.00046605655 0.00048782045 0.004178234 0.015788948 0.012457502 0.007875787 0.018210215 0.027334921 0.0051604584 0.00077273155 0.021749739 0.009156523 0.009755572 0.008065539 9.041917e-05 0.0007489367 0.008060933 0.016228475 0.018949836 0.00020090946 0.004980461 7.102291e-10 0.0023183252 0.0049769096 0.0013729761 0.00015304542 6.518744e-05 2.3299513e-05 0.0015518937 2.7604558e-06
0.8002025 0.21333218 0.23503087 0.047559258 0.072898276 0.015432972 0.094355285 0.012522783 0.54911757 0.012663257 0.020510418 0.013121987 0.4243166 0.007713787 8.438799e-21 0.0033789047 0.08979668 0.013042109 0.007913665 0.6750697 0.007623369 0.0046116044 0.00038402484 0.11529066 0.027282838 0.0055392818 0.00435013 0.3831186 0.033959683 8.6499866e-05 0.08300692 0.08120654 8.169775e-05 0.0022050422 0.15213741 0.00011885954 0.0021895522 0.06732966 0.018224409 0.17194594 0.08144489 0.16037028 0.0013436042 0.00056982547 0.00010335119 0.061012987 0.1284882 0.00200827 0.09437772 8.076088e-05 0.00017758305 0.003660519 0.0022001865 3.4339973e-05 0.04550727 0.07080803 0.0022537892 0.0028187751 0.042140465 0.044782054 0.0018376025 0.00013254405 0.01104567 3.0809595e-06 0.04348667 0.029813817 0.001434162 0.0010724153 0.038631145 0.01981513 0.0027659573 0.024248734 0.10309511 0.052725025 9.097863e-05 0.0030319632 2.0715438e-06 8.3375686e-05 0.00012367927 0.0027836128 0.009351296 0.0005005491 0.0003258263 0.00039098892 0.00037808242 0.011965191 0.060075864 2.367863e-06 1.3608099e-05 1.8491171e-05 0.0062827365 1.9773163e-06 2.2096361e-07 3.9615257e-05 4.9462997e-05 0.060752664 0.0027577186 0.0042500803 0.044718787 1.5104048e-05 0.0020209805
0.009752167 0.04222376 0.05844136 0.17319207 0.04875763 0.24712743 0.2027572 0.0904887 0.011875162 0.28114823 0.13380788 0.17544676 0.026288517 0.38766497 0.0033789047 1.1966558e-23 0.08703727 0.18831582 0.04129106 0.0006247196 0.34121713 0.44499502 0.5908819 0.0077885566 0.036141545 0.32032576 0.20232306 7.365321e-05 0.0028702917 0.36916387 0.0072033303 0.0011821027 0.3249377 0.37652063 9.68747e-05 0.29023388 0.06612319 0.0068299673 0.111606136 0.00052909757 2.7191747e-05 0.001973178 0.28313762 0.23946601 0.15240896 8.257004e-06 0.03890942 0.20115249 1.974071e-05 0.11898209 0.18004292 0.02089246 0.13430627 0.14388716 0.0075447825 9.072015e-06 0.021314694 0.068940714 9.563656e-07 1.4296748e-05 0.079493165 0.023960307 0.043958038 0.112879686 0.0033899269 0.00010569943 0.008888337 0.04598645 7.4443057e-07 2.3912926e-05 0.08026728 4.9298036e-05 8.241597e-05 0.006138005 0.015902633 0.0025663208 0.048448257 0.062146638 0.08284075 0.0007434232 0.00011990584 0.016945425 0.0040914044 0.0043408675 0.0012824264 1.3609423e-05 0.00013043726 0.045766003 0.040685363 0.044564128 1.661043e-05 0.02254281 4.2506224e-11 0.0022799626 0.01014989 0.0005409347 1.5372305e-05 7.887151e-06 5.6927242e-06 0.0030181648 1.8032668e-07
0.9370494 0.12483271 0.3838412 0.5864024 0.2945966 0.30064505 0.37903848 0.12662418 0.18798743 0.41130853 0.06616868 0.14589153 0.46580774 0.12046865 0.08979668 0.08703727 1.4593188e-19 0.56919116 0.03951623 0.024280628 0.080329984 0.056236442 0.028901173 0.031085841 0.06097781 0.2616436 0.039226353 0.0036041322 0.024260893 0.01109975 0.021099288 0.027204445 0.007463489 0.18301229 0.0033342377 0.0068838736 0.016711885 0.028039407 0.4473532 0.0057021305 0.0019634722 0.009810772 0.009149674 0.0050175064 0.007581561 0.0013650884 0.37138203 0.0070606545 0.0021558427 0.00547989 0.0027801096 0.017024651 0.004607272 0.0029391814 0.026552305 0.0016395063 0.011544017 0.032325678 0.0010371644 0.0013338858 0.0054424587 0.003076698 0.18914475 0.0013104997 0.10947889 0.0012595052 0.0050602406 0.0026508784 0.00052816566 0.00051175436 0.04179185 0.0013566252 0.006283671 0.11789598 0.0007677026 0.006166417 0.00030485902 0.0013074769 0.0022241492 0.003609266 0.00423997 0.01584636 0.0018353486 0.0019481496 0.0037427489 0.0014589825 0.006195008 0.0002112335 0.0011302887 0.001567932 0.00065723003 0.00021731903 5.2775977e-08 0.00018742542 0.0011927594 0.014941712 0.000731655 0.00038890232 0.0019688865 0.00025410173 2.2569895e-05
0.8133247 0.08133975 0.21521698 0.6327733 0.22248846 0.38964495 0.3817854 0.20573996 0.073621556 0.51012456 0.10860592 0.24419501 0.18767942 0.1864859 0.013042109 0.18831582 0.56919116 1.05996763e-16 0.07130956 0.0039580497 0.13646783 0.12305537 0.098029844 0.012481155 0.062008414 0.5848886 0.073370665 0.001032015 0.017466724 0.048399583 0.0134612 0.016543124 0.022540353 0.24544424 0.0012279657 0.019688824 0.028906908 0.020510832 0.7440977 0.0032059774 0.0005356224 0.0061225323 0.020011045 0.020349154 0.027687656 0.0003154585 0.29724362 0.018385215 0.0005348771 0.017169783 0.009357828 0.02294249 0.013584624 0.010416235 0.019857548 0.00033242407 0.022905512 0.058532473 0.0001759346 0.0006546606 0.011044148 0.008771428 0.30795184 0.005077578 0.05265486 0.0017466065 0.012063273 0.0058490685 0.00010174354 0.00062324706 0.12104323 0.0011786008 0.0016883255 0.11367037 0.0037643933 0.008828365 0.0014267063 0.003427913 0.0058132447 0.00416048 0.0030670173 0.052811205 0.0044725896 0.0043581026 0.006846257 0.0017059195 0.0015702827 0.0013465963 0.0032924379 0.0037928543 0.0009905567 0.001311755 5.461745e-09 0.0007026192 0.0025374105 0.0057106446 0.00081564777 0.0005817171 0.00028059736 0.00095575623 1.4784924e-05
0.0001173186 0.026209552 0.08135751 0.14360848 0.20685418 0.12303996 0.023226455 0.33950675 0.021956759 0.07644522 0.0020264739 0.24289228 0.031047542 0.18131758 0.007913665 0.04129106 0.03951623 0.07130956 9.250995e-23 0.002848752 0.11307659 0.07532324 0.027057674 0.039823283 0.3209178 0.033885892 0.14883891 0.0009540028 0.0023884268 0.003999569 0.04792424 0.00087806047 0.00299172 0.018720694 0.0014515457 0.003034237 0.13410623 0.07745682 0.04721539 0.0018990957 0.0008372357 0.010415222 0.0014665189 0.0040073707 0.002464922 0.00038601368 0.022324465 0.034932688 0.0004907667 0.0013201699 0.002521277 0.13213584 0.05936404 0.0008070694 0.09082314 0.00030273997 0.16304263 0.00045271998 0.00011393432 0.00024112561 0.048362605 0.00025637302 0.021899307 0.00024577658 0.006565575 0.00044159844 0.08961927 0.04199698 0.00010609562 0.00017500136 0.006552039 0.0014450611 0.00023445523 0.00015346592 0.0021667392 0.06383536 0.00035251342 0.0010341109 0.0016602622 0.012084881 0.0052123684 0.006428452 0.009046191 0.010317459 0.044686843 0.0009235042 0.0007298225 0.00035293135 0.00039082696 0.0004926725 0.0005064103 0.00044097475 1.5992313e-10 0.00017902466 0.00024497393 0.0011258521 0.00069369836 0.00048759603 1.815366e-05 7.7368386e-05 2.6937896e-05
0.8604557 0.12551595 0.09062032 0.0121226795 0.013404475 0.0032679143 0.069379635 0.004075764 0.39320165 0.0021208797 0.011328674 0.005070264 0.23147658 0.0026861937 0.6750697 0.0006247196 0.024280628 0.0039580497 0.002848752 1.426073e-20 0.0022871133 0.0012745458 0.00014712103 0.037020236 0.00760963 0.0022014838 0.0018847401 0.5730718 0.02346969 1.9774929e-05 0.027110232 0.075656965 3.7444068e-05 0.00041338586 0.2505778 6.480865e-05 0.00086072675 0.022321614 0.0068429545 0.1289596 0.14947134 0.046884365 0.0011814474 0.00037725997 3.741462e-05 0.10047814 0.045965176 0.0014747219 0.21054587 1.8814239e-05 0.00016698573 0.0012620869 0.0014220809 1.6251837e-05 0.0122233005 0.15576951 0.0010188551 0.001776226 0.06715595 0.053584617 0.00086765614 7.5393014e-05 0.0042261956 2.837904e-06 0.014393958 0.026458247 0.00058708945 0.0005898818 0.06106153 0.023505256 0.00073901407 0.014577289 0.15344092 0.04456471 2.7346716e-05 0.0011374229 8.0290346e-07 2.8318173e-05 4.8265152e-05 0.0014290839 0.0062623736 0.00010778581 0.00015718244 0.0001689267 0.0001114262 0.009256989 0.07909215 1.0156991e-06 2.658704e-05 1.8038345e-05 0.006181018 5.4027237e-07 5.8942455e-09 3.409032e-05 4.577123e-05 0.05255094 0.003109891 0.0052971756 0.06151394 2.5451416e-05 0.0026512314
0.0034133182 0.044655766 0.086521745 0.1326417 0.088480085 0.2139263 0.09388763 0.16936187 0.020184854 0.20463149 0.04971961 0.25358686 0.02857509 0.3405783 0.007623369 0.34121713 0.080329984 0.13646783 0.11307659 0.0022871133 2.602318e-21 0.3730278 0.3985719 0.022672055 0.09330979 0.21015085 0.29283863 0.0010573261 0.0028248029 0.16493079 0.016184116 0.0012308558 0.13970684 0.20908442 0.0022337234 0.12851608 0.16587909 0.020997277 0.07813331 0.0026821953 0.0009607275 0.005781107 0.119833775 0.18574141 0.07325403 0.00040549136 0.034335896 0.24520017 0.0004711484 0.059529584 0.14954956 0.0728257 0.17019023 0.08559496 0.030408239 0.0001816735 0.06933296 0.032019556 3.983267e-05 0.00021246614 0.15483926 0.016411709 0.05725615 0.06944445 0.0067669447 0.00069241086 0.033225052 0.09786094 5.0590945e-05 0.00024655386 0.0654884 0.0007926044 0.00024342177 0.0031615305 0.037135243 0.015053804 0.019333288 0.023900304 0.040721726 0.006189073 0.0009619932 0.03492478 0.009576956 0.009332436 0.0063792323 0.00022367736 0.0004962769 0.023098193 0.033797048 0.035666324 0.0003950952 0.014386032 2.7236344e-10 0.004035738 0.012160965 0.0011311088 0.00028362052 0.00010224448 2.3734847e-05 0.0032023946 1.3651163e-05
0.0036314577 0.03867664 0.06554937 0.1292714 0.06918414 0.20432413 0.1331993 0.13350847 0.01740676 0.20996723 0.0603014 0.2292095 0.021792082 0.35929954 0.0046116044 0.44499502 0.056236442 0.12305537 0.07532324 0.0012745458 0.3730278 4.6146505e-22 0.5109017 0.01685491 0.05896476 0.22172578 0.2771927 0.00035410546 0.0012741884 0.25254408 0.011096322 0.0006210462 0.2239683 0.25316098 0.0014136453 0.2117888 0.11696417 0.011248207 0.06897618 0.0019777946 0.0003883929 0.0043643457 0.17858884 0.2559024 0.10539872 0.00016622434 0.024908643 0.2806533 0.00018956116 0.094977565 0.21906371 0.050804775 0.189692 0.124550946 0.014674899 6.601098e-05 0.04666355 0.04602961 1.3467786e-05 7.502199e-05 0.13840362 0.023967838 0.04938086 0.11550335 0.00414645 0.00045710237 0.023529463 0.080352485 1.6881067e-05 0.00015216334 0.06795107 0.0003416811 8.046628e-05 0.0025599436 0.03460128 0.008411878 0.035854604 0.040655278 0.054555126 0.0020475348 0.0003836169 0.029552855 0.00731996 0.0071126805 0.0032346891 9.353097e-05 0.0002636896 0.037599865 0.048765257 0.043885246 0.00015896399 0.019275963 3.806108e-11 0.003698439 0.014497169 0.0006226987 0.00013565645 3.3233297e-05 4.8242896e-06 0.004219887 4.805619e-06
0.0044932435 0.0235368 0.03305902 0.09024897 0.04107079 0.19127686 0.18325396 0.08263914 0.0056074345 0.22591056 0.0840665 0.17885427 0.009542403 0.38331726 0.00038402484 0.5908819 0.028901173 0.098029844 0.027057674 0.00014712103 0.3985719 0.5109017 1.9479144e-23 0.004513243 0.022183629 0.2400357 0.21312037 3.0472396e-05 0.0005483251 0.37041637 0.0037310116 0.00021091425 0.37670425 0.36587375 0.00010905302 0.36448115 0.06254691 0.003384397 0.05141502 0.00045974206 1.425313e-05 0.0011225388 0.30996063 0.34576982 0.1865988 6.10753e-06 0.014260936 0.27285728 8.78274e-06 0.1600808 0.30659315 0.02325863 0.1726549 0.18267085 0.0035079103 3.3515817e-06 0.026244145 0.05889297 6.542548e-07 6.7683673e-06 0.117669806 0.030196814 0.033539962 0.16217683 0.0010490963 0.00010556273 0.012170422 0.05738035 7.5497627e-07 1.8441666e-05 0.05651212 5.13132e-05 4.395189e-06 0.0011198422 0.029598616 0.0013837748 0.071088396 0.07328024 0.06786461 0.00019622658 5.1968942e-05 0.012326842 0.004152659 0.0043314844 0.00052008603 1.1919297e-05 2.7887518e-05 0.061083667 0.06505133 0.05486072 1.2528969e-05 0.030413443 1.4160663e-12 0.005068449 0.018370034 0.00011977748 1.1638913e-05 4.637532e-06 4.997923e-07 0.0060398397 3.7746565e-07
0.0023342317 0.10844182 0.13405165 0.04087645 0.06325709 0.011886776 0.039163195 0.045195654 0.12314914 0.007810086 0.0043593 0.029452318 0.101595715 0.020639258 0.11529066 0.0077885566 0.031085841 0.012481155 0.039823283 0.037020236 0.022672055 0.01685491 0.004513243 7.188273e-21 0.08736757 0.005851222 0.02023707 0.015736673 0.020586563 0.0011408911 0.14876558 0.01579001 0.0015651613 0.003733398 0.0153216 0.0016809579 0.015807757 0.10926812 0.012193303 0.0570783 0.008711999 0.14037155 0.000711557 0.006567244 0.00084539916 0.00947729 0.023016434 0.01621077 0.005907739 0.0007091639 0.0037388743 0.018839465 0.014653118 0.0007021992 0.10726454 0.005369079 0.013560504 0.0009863426 0.0054496704 0.011699086 0.026378166 0.00020157734 0.0090946285 0.00027970446 0.009781321 0.015603945 0.007654411 0.012151976 0.0039509805 0.004913625 0.0016223923 0.020817557 0.0061815074 0.0025813847 0.00027277053 0.013182066 0.00016196561 0.0003975224 0.00059767556 0.014656179 0.012344118 0.0017314086 0.0019851485 0.00204067 0.005722139 0.0082060145 0.006374246 0.00013248743 0.00070190855 0.00062049256 0.004762934 5.174792e-05 2.5201011e-08 0.00030080916 0.0002946828 0.009943881 0.0027243365 0.0030714355 0.00405685 0.00014887328 0.0006002414
0.0002477751 0.055388115 0.16583659 0.16181903 0.20276785 0.09655993 0.049257852 0.2600545 0.060230665 0.076453656 0.0021538218 0.19615161 0.063565075 0.12314861 0.027282838 0.036141545 0.06097781 0.062008414 0.3209178 0.00760963 0.09330979 0.05896476 0.022183629 0.08736757 2.295608e-22 0.03544084 0.12535179 0.0012768275 0.006323154 0.0024253856 0.113286614 0.0016159071 0.002137559 0.018816542 0.0018894695 0.0022185787 0.121710494 0.1545773 0.044392206 0.0073343394 0.0008049963 0.037190426 0.0005937607 0.0023184146 0.002106426 0.00077212235 0.037340853 0.019435244 0.00049544795 0.0011496533 0.0011759524 0.12813161 0.04272766 0.0006765618 0.18825522 0.00031812073 0.13424017 0.00037461575 0.00026387902 0.0008031536 0.032773923 5.6478286e-05 0.017822728 0.0002148454 0.007544869 0.0010821499 0.06963403 0.025505925 0.00011221448 0.00039623567 0.0046710507 0.0047393725 0.00065787375 0.00068158534 0.0005314095 0.10557674 0.0005291722 0.0011142987 0.0017121315 0.025456844 0.008532522 0.006276577 0.0038316755 0.0047368333 0.06418849 0.0022352107 0.0009962476 0.00054226496 0.00055703725 0.0006296244 0.00067481684 0.0003780233 7.634776e-10 0.00018462895 0.00043308712 0.0017889463 0.00055208575 0.00048761928 6.9729394e-05 0.00010338008 5.785833e-05
0.9133193 0.096578576 0.13485016 0.27114576 0.124796085 0.26266393 0.384145 0.11936471 0.02930783 0.56669533 0.19753101 0.18924345 0.10838972 0.2535637 0.0055392818 0.32032576 0.2616436 0.5848886 0.033885892 0.0022014838 0.21015085 0.22172578 0.2400357 0.005851222 0.03544084 3.681825e-17 0.11294855 0.00046633705 0.014159183 0.23417303 0.006531271 0.012512022 0.100671165 0.59727126 0.00039650258 0.093408816 0.037318487 0.00805143 0.45494422 0.0022486122 0.00020252961 0.003759487 0.06718127 0.08389166 0.20507677 0.00010513003 0.29548803 0.04403803 0.00023366728 0.17398666 0.05401911 0.01886301 0.028677508 0.08171108 0.007740921 0.00022778164 0.01701156 0.19202298 4.5059383e-05 0.00023557837 0.020014867 0.01832575 0.36630023 0.036109477 0.023447998 0.0013174708 0.008857232 0.012632795 2.2547392e-05 0.00025707204 0.38241428 0.0004576105 0.0007573622 0.15301892 0.0042940523 0.0034346492 0.018522969 0.036518842 0.09301774 0.0007425513 0.00053541246 0.17072445 0.0034371016 0.0032826248 0.0018208174 0.0003226451 0.00069373805 0.014991341 0.012896078 0.021982137 0.00022285101 0.011766591 1.3082604e-10 0.0013392924 0.004933453 0.0028991515 0.00016620435 0.00012754588 9.275232e-05 0.0011909283 1.9777935e-06
0.0009071763 0.048504397 0.05843875 0.08986108 0.06855656 0.1558346 0.07266873 0.17721589 0.011035093 0.124047995 0.028431104 0.23539174 0.019239277 0.2975327 0.00435013 0.20232306 0.039226353 0.073370665 0.14883891 0.0018847401 0.29283863 0.2771927 0.21312037 0.02023707 0.12535179 0.11294855 6.692643e-22 0.0017774428 0.00656278 0.057664726 0.018751413 0.0013179232 0.057673387 0.106820166 0.0021143598 0.053451266 0.21971305 0.025705786 0.040523965 0.001855811 0.0014055875 0.0044377777 0.057597987 0.07713772 0.024194393 0.00067573873 0.022468532 0.16678895 0.0008264328 0.019376583 0.06928289 0.09106684 0.17685029 0.029171292 0.033510547 0.00041407795 0.091116264 0.014811698 9.664227e-05 0.00019503776 0.16631709 0.0095429355 0.041289695 0.026596155 0.005432663 0.00066946703 0.04643256 0.10876153 8.13264e-05 0.00027348893 0.035870317 0.00090714823 0.00013578418 0.0011521542 0.04658269 0.013679841 0.0049596205 0.008159879 0.014344761 0.0072185695 0.0012299211 0.022429552 0.011803967 0.011211308 0.008263035 0.00039688015 0.000552937 0.0057958546 0.013619486 0.016114911 0.00035859217 0.00451206 2.7842004e-10 0.002656032 0.005208348 0.0010667117 0.0002909121 0.00023474991 1.3554865e-05 0.0009939098 2.5429217e-05
0.56134963 0.082716 0.022396462 0.0035152598 0.003842615 0.00057857315 0.028742667 0.0016294633 0.10734917 0.0004419028 0.0069866558 0.0030661633 0.032599363 0.0015400774 0.3831186 7.365321e-05 0.0036041322 0.001032015 0.0009540028 0.5730718 0.0010573261 0.00035410546 3.0472396e-05 0.015736673 0.0012768275 0.00046633705 0.0017774428 1.5779943e-21 0.031462733 7.866099e-07 0.012273475 0.07111868 1.2689254e-06 8.948293e-05 0.55300707 2.1761166e-06 0.0008113885 0.009455123 0.0010596159 0.1378191 0.4250164 0.02981246 0.0006285052 0.00016406308 2.5257384e-06 0.21762589 0.0072188484 0.0012951948 0.5444053 8.2763313e-07 0.00011269978 0.0009019655 0.0014856048 3.0250746e-07 0.00604519 0.41460568 0.00079426076 0.0013111628 0.14306305 0.12510055 0.0008978516 2.0990783e-05 0.0004934919 1.587615e-07 0.0023051428 0.049126536 0.0004084747 0.00048270193 0.17728537 0.07206531 5.4021573e-05 0.012401771 0.1102911 0.020126069 2.9859335e-05 0.0009374597 1.0144391e-07 2.1995245e-06 4.0186624e-06 0.00072026736 0.0027875113 2.9547382e-06 4.8222042e-05 4.5972512e-05 4.437794e-05 0.006488125 0.0332532 1.02527395e-07 4.194647e-06 1.1077775e-06 0.0052630403 4.432551e-08 1.0570884e-09 5.8308756e-06 1.644816e-05 0.018701099 0.002150059 0.0077385916 0.03161113 2.5777155e-05 0.0048626284
7.141158e-07 0.00010250593 0.049482215 0.043027975 0.01761324 0.011223584 0.003110299 0.0052789296 0.040934417 0.026346872 1.8459437e-05 0.007936381 0.032034792 0.0046526366 0.033959683 0.0028702917 0.024260893 0.017466724 0.0023884268 0.02346969 0.0028248029 0.0012741884 0.0005483251 0.020586563 0.006323154 0.014159183 0.00656278 0.031462733 2.6407063e-30 0.003972446 0.010985501 1.1398752e-05 0.0011986942 0.0106586125 0.0170014 0.0011432649 0.004345826 0.008302578 0.009626536 0.0052546044 0.012875262 0.023201738 5.183247e-07 0.0005588165 0.0020766968 0.009390767 0.010834502 0.0011196062 0.011955952 0.0013259317 0.00049331074 0.003639576 0.0004157105 0.0020265812 0.008959364 0.00849519 0.0014894173 6.6010057e-06 0.0064121513 0.008173278 0.0003280331 4.6700237e-08 0.0020176554 0.00018082447 0.0018735057 0.0023660236 0.00042491325 5.0149058e-05 0.006592482 0.0030316813 8.711671e-05 0.0033330834 0.0028926162 4.391402e-06 3.688419e-09 0.00044755527 4.7748308e-05 6.390887e-05 2.6635591e-05 0.00029963354 0.0002399026 9.2865885e-05 9.822676e-06 1.6358696e-05 0.00016194583 0.00014216511 0.0007804115 7.140103e-05 6.108448e-05 0.00010092107 0.00021916015 5.118715e-05 2.7887692e-15 2.941368e-07 4.716386e-05 0.0015119425 2.8772789e-05 0.00025978524 0.00021292901 5.1439906e-07 8.576241e-05
0.16449125 0.024656195 0.007132073 0.015275548 0.0048485515 0.06468565 0.2323601 0.007211675 0.0011692409 0.15012912 0.23902602 0.019676812 0.003617343 0.12751181 8.6499866e-05 0.36916387 0.01109975 0.048399583 0.003999569 1.9774929e-05 0.16493079 0.25254408 0.37041637 0.0011408911 0.0024253856 0.23417303 0.057664726 7.866099e-07 0.003972446 5.704574e-22 0.001059218 0.00080419175 0.6058994 0.52981794 2.5146514e-06 0.5580743 0.007627438 0.00074398384 0.04221632 4.490675e-05 4.0420755e-07 0.00032664297 0.42683557 0.31382245 0.38723144 2.4677607e-07 0.0124945585 0.14085075 2.433188e-07 0.41950473 0.3303608 0.0043451437 0.067348346 0.5232492 0.0012488639 2.5832844e-07 0.004689295 0.16227682 3.7495504e-08 1.74292e-06 0.05349157 0.09387812 0.026703883 0.2958001 0.00031130287 3.2464253e-05 0.002533717 0.02292772 3.398944e-08 3.6423464e-06 0.18529505 6.823853e-06 1.2108691e-06 0.013058394 0.019250032 0.001268565 0.16262299 0.30991167 0.35040492 0.00017264808 1.650605e-05 0.0066809994 0.0023046336 0.0024503842 0.00047191672 7.212252e-06 3.109379e-06 0.1406927 0.08738436 0.11404255 6.7853452e-06 0.120683745 1.0666546e-12 0.0081327725 0.02652 5.3465374e-05 5.2427736e-06 9.234504e-06 4.6610916e-07 0.0106106205 1.0457709e-07
0.00029408452 0.094291754 0.12506083 0.06864007 0.06319632 0.01520236 0.028385758 0.056921415 0.096716784 0.010642802 0.0016219091 0.037487082 0.0677728 0.024007272 0.08300692 0.0072033303 0.021099288 0.0134612 0.04792424 0.027110232 0.016184116 0.011096322 0.0037310116 0.14876558 0.113286614 0.006531271 0.018751413 0.012273475 0.010985501 0.001059218 5.4933262e-21 0.008609542 0.0011947807 0.003832019 0.014747826 0.0014022711 0.02239571 0.13116063 0.011968313 0.03913232 0.00628273 0.107427776 0.00022202604 0.00284835 0.001622336 0.008268597 0.019195013 0.011968198 0.004513125 0.00093205215 0.002029343 0.02570969 0.011783058 0.00088742975 0.122628674 0.0032490923 0.020566234 0.0005015234 0.0040826714 0.0067138323 0.017122844 3.2306925e-05 0.0074262703 0.0003663889 0.0075711273 0.00928403 0.011916116 0.0096526155 0.0021868572 0.0022123987 0.0012763265 0.019627562 0.0037913006 0.0006243515 7.702539e-05 0.026494613 0.00034206468 0.00047784002 0.0006857232 0.017530313 0.016043654 0.0014003707 0.0018771138 0.00198425 0.007707639 0.007536707 0.004346379 0.0004229338 0.0006845425 0.00041094352 0.0046546864 9.492101e-05 3.6915506e-09 0.0002538409 0.00037229608 0.0054801567 0.0027775178 0.0028705408 0.0016422989 0.00015761911 0.00061779685
0.0002988827 0.0012917514 0.050244495 0.028445384 0.009772138 0.009734392 0.009808789 0.004506822 0.06949453 0.014266915 1.1149842e-05 0.007552003 0.050141975 0.0027356732 0.08120654 0.0011821027 0.027204445 0.016543124 0.00087806047 0.075656965 0.0012308558 0.0006210462 0.00021091425 0.01579001 0.0016159071 0.012512022 0.0013179232 0.07111868 1.1398752e-05 0.00080419175 0.008609542 2.3906104e-28 0.00044635092 0.004271022 0.06300834 0.0006778134 0.0007053479 0.0046166712 0.012421504 0.1317141 0.05559373 0.02116354 2.502299e-07 0.00037354173 0.00050201605 0.04280596 0.027456615 0.00030600754 0.024198735 0.00021562519 0.00032564887 0.0005472565 0.00013841345 0.00052124745 0.0047991415 0.022656986 0.0003007828 7.789162e-06 0.033879604 0.043638017 8.101552e-05 5.4408724e-07 0.0008767522 9.884881e-05 0.005674107 0.011358765 0.00014229682 2.1601882e-05 0.026514618 0.015062594 5.4607357e-05 0.0076413546 0.024956536 0.00011579631 1.699536e-08 0.00040232105 1.722377e-05 5.3234027e-05 2.1231532e-05 0.00017012258 0.00057866477 9.4307925e-06 1.0760038e-05 1.3975076e-05 1.8675304e-05 0.0010370249 0.0129233245 4.984086e-05 0.00015735041 0.00026290794 0.00040657463 4.5751553e-05 9.171761e-15 4.5085216e-07 6.993853e-05 0.0069588968 0.00011975727 0.0010555674 0.003954863 3.0017866e-06 0.0003517971
