1.2160114e-29 0.89494205 0.9054681 0.74609804 0.5667911 0.95665497 0.96056104 0.9400586 0.7583447 0.9683078 0.8075541 0.34308156 0.87032545 0.36812398 0.26202336 0.18910885 0.29193714 0.90234447 0.9920702 0.92043024 0.9649516 0.9921892 0.84781694 0.10435711 0.72406197 0.032558784 0.8539336 0.03840646 0.98470205 0.03326991 0.30694538 0.35692903 0.25724635 0.06603852 0.98152 0.4323064 0.118871935 0.9848177 0.21285868 0.0012107439 0.9979479 0.067839906 0.013171304 0.019088896 0.96684444 0.028400658 0.032509767 0.90959644 0.0040735495 0.00273007 0.0012885204 1.8131954e-06 0.01689686 0.008582738 0.074427254 0.0003657549 0.9912417 0.5305571 0.046557177 0.9665715 0.00025876233 0.014986186 0.7516288 0.99888587 0.014159459 0.7791321 0.999547 0.008721606 0.0006007672 0.00078747194 0.90261483 0.0039404705 0.00082765607 0.020409742 0.00013808002 0.025565995 0.019756608 0.19602253 0.035689678 0.000632256 0.05156886 0.9990836 2.4089817e-05 0.85069823 7.983794e-07 0.00011197694 2.764769e-06 0.31814572 0.9980308 9.798018e-07 0.018887188 0.00013995517 0.36704475 3.5497207e-05 9.369498e-05 5.3567703e-07 2.9620556e-05 1.7671973e-06 4.062988e-07 1.3708551e-07 3.9593615e-05
0.89494205 1.6625241e-19 0.41719335 0.3875285 0.29126033 0.3144006 0.27630654 0.23204869 0.09039064 0.32239914 0.03846288 0.13548249 0.13753083 0.079892114 0.13597405 0.13200554 0.119115494 0.0911461 0.24834396 0.01943717 0.08368261 0.26590255 0.00910743 0.10475845 0.01774159 0.08470358 0.0007068317 0.077200204 0.0077567426 0.097868524 0.0103491945 0.0025940016 0.002924855 0.02876989 0.17352137 0.000105576626 0.03658347 0.0015953511 0.00197884 0.0034838796 0.18540655 0.00636027 0.0064220983 0.048540745 0.0004260502 0.006185373 0.0019249159 0.00018489186 0.011131129 0.0066010132 0.0056342315 1.1170415e-05 0.0011936214 0.0021067907 0.00067371206 0.0031526121 0.10952832 0.015192577 0.00013157881 0.00017667408 0.0032269051 0.0013049605 0.00015683027 0.096722275 0.00049416866 0.00040758884 0.029038163 3.7151578e-05 0.00040236211 4.4196917e-05 0.00023778087 0.00043085802 0.00041578343 5.0867675e-05 0.0029432653 4.2848846e-05 8.540264e-05 4.3906577e-05 1.15336115e-05 3.7391754e-05 0.0055460185 0.0033724788 0.00019145846 0.024399739 0.00021650588 0.0003559239 0.00011648902 5.5896385e-06 0.025126277 0.00030503847 0.01486979 2.3616083e-05 8.157197e-06 0.0013094209 0.0002652435 2.3893323e-05 3.643088e-05 9.1698304e-05 2.7929169e-05 0.00017900161 0.00010877549
0.9054681 0.41719335 1.1211676e-18 0.19037718 0.24849437 0.20064396 0.1645691 0.47951847 0.2144501 0.3488288 0.16943187 0.04129328 0.014879386 0.12968057 0.07079082 0.02804575 0.068577714 0.3669935 0.26334876 0.0014485891 0.009523947 0.12157893 0.0004376593 0.067915 0.00073578756 0.026234902 0.00012451064 0.014893136 0.0006098762 0.062173255 0.0005377306 0.01437493 0.00022351935 0.0043765972 0.26296246 2.6141044e-05 0.041847978 0.00034046313 0.008441424 0.0022317057 0.15870933 0.016977219 0.0036299413 0.04467389 0.0001042733 0.0013096489 0.0004961896 6.227281e-05 0.005017236 0.0025496092 0.003768186 7.6606506e-05 0.00059468613 0.0009555056 0.003087419 0.0014116663 0.17230745 0.04194465 0.0011177476 6.6476765e-05 0.0015370988 0.00073829264 7.583505e-05 0.12413688 0.0018107322 0.00024592172 0.013937565 2.0305752e-05 0.00045816918 2.9434701e-05 0.00014789023 0.0003113228 0.00034530193 2.2148852e-05 0.0029025099 2.3182796e-05 3.8203674e-05 6.102619e-05 8.997622e-06 0.00041271857 0.01006868 0.0012118788 0.0002082645 0.038609132 0.00016296806 0.00064333255 0.00012415704 3.21673e-06 0.03575227 0.00031189603 0.022129282 7.550742e-05 2.9089708e-06 0.0015955587 0.0005992251 2.863488e-05 3.434082e-05 7.890277e-05 2.7942839e-05 0.00015411507 0.00024944567
0.74609804 0.3875285 0.19037718 2.8432373e-18 0.28296396 0.3537345 0.3427992 0.026017483 0.034171022 0.20043486 0.008944744 0.26009908 0.3042914 0.055451516 0.21013072 0.26787797 0.18862456 0.014328505 0.14518455 0.09440533 0.1743655 0.29392084 0.05759787 0.12706286 0.1025258 0.19476008 0.0040993113 0.20843868 0.0397304 0.14398779 0.06524669 0.0005739535 0.01830626 0.120777525 0.031064184 0.0013061857 0.022636138 0.015686767 0.00040071184 0.007545675 0.09692937 0.0032985068 0.023125311 0.052432228 0.0027606264 0.025674894 0.009228857 0.00071073737 0.031050488 0.019492341 0.020865709 2.5286727e-07 0.003288301 0.0053714705 8.143979e-05 0.0076490077 0.033272162 0.007946947 2.3403849e-05 0.0012544136 0.006293933 0.001499625 0.000331439 0.031233443 0.00010097873 0.0005950114 0.041544273 2.027833e-05 0.0005256163 7.943316e-05 0.0005919895 0.00028688603 0.00022913376 4.5099023e-05 0.0029982964 4.0978666e-05 6.202199e-05 5.3896783e-05 1.26259365e-05 2.949389e-06 0.00272618 0.010153394 0.00013527302 0.00481423 0.00015064093 0.00016642784 8.346695e-05 2.448986e-05 0.019709734 0.00015180056 0.006606035 5.5304686e-06 2.2304437e-05 0.0013769702 0.0001373908 2.1013337e-05 2.4724153e-05 4.4989007e-05 1.7695611e-05 0.00010043696 4.8958078e-05
0.5667911 0.29126033 0.24849437 0.28296396 2.0404276e-19 0.1984877 0.18950835 0.072644934 0.12222252 0.15503879 0.03991623 0.3254243 0.14815582 0.20834775 0.33352938 0.27307558 0.27653474 0.03911357 0.12222545 0.027941009 0.09452053 0.21468472 0.012857623 0.23486824 0.032611877 0.22065409 0.0012582813 0.18021846 0.014435824 0.23757266 0.01636959 0.002784561 0.0031175106 0.06728391 0.09335816 0.00031263754 0.09372926 0.003699771 0.00197229 0.004398842 0.09745886 0.019145131 0.019750673 0.12566936 0.0016138087 0.015665187 0.004678655 0.00073485804 0.037206247 0.02117786 0.029935973 1.3031988e-06 0.0021208192 0.0025140857 0.00061567884 0.00948209 0.064802654 0.017206747 0.00016732958 0.0007045903 0.006764393 0.0015989847 0.00032644835 0.0404615 0.0005029083 0.00046757175 0.016206257 2.1888347e-05 0.0006205982 3.5833695e-05 0.00035040817 0.0006013989 0.00035244317 2.9621062e-05 0.003556018 1.9057596e-05 2.5288513e-05 3.849701e-06 1.089541e-05 2.532561e-05 0.005135847 0.0036817952 0.00022089022 0.015433113 0.00010018966 0.00029103583 8.864612e-05 4.0159534e-06 0.011264208 0.000121375146 0.012869448 1.9463761e-05 6.5298223e-06 0.0014332569 0.00018579012 2.4195891e-05 3.773879e-05 6.33149e-05 1.5214963e-05 8.897644e-05 6.203163e-05
0.95665497 0.3144006 0.20064396 0.3537345 0.1984877 1.0897319e-19 0.46550187 0.06142195 0.041921135 0.3117562 0.013853871 0.20378645 0.24321458 0.042554446 0.14309795 0.18648693 0.14374009 0.017139645 0.26729727 0.10356647 0.19592051 0.4202812 0.054009657 0.06362493 0.09485014 0.08906463 0.002856187 0.08408869 0.03350788 0.073748596 0.050608482 0.0010975155 0.009948045 0.053399082 0.054006644 0.0005166912 0.022449452 0.009740209 0.0008622252 0.008924631 0.13786568 0.0025994112 0.016053516 0.028801775 0.0015514683 0.012763867 0.005647026 0.00036826284 0.010157748 0.007513004 0.008209933 7.601552e-06 0.0030235287 0.0028688058 0.00017853414 0.0044736248 0.048235185 0.008676558 2.6785217e-05 0.0006268645 0.004069925 0.0013521549 0.00017190009 0.05308578 0.000112523005 0.00042378047 0.04316798 4.8301572e-05 0.00043934755 9.4074516e-05 0.0003154248 0.00044862408 0.0002907382 4.1914096e-05 0.0042394707 3.0428371e-05 6.735325e-05 0.00032621616 4.665506e-06 4.973206e-06 0.0050930516 0.0048606996 0.00013648474 0.010007913 0.00013225086 0.00048549782 9.6161886e-05 1.2230756e-05 0.032219566 0.00017158577 0.010971838 3.5004125e-06 1.0692299e-05 0.0019919376 0.00013329486 2.1035632e-05 1.4735629e-05 3.870067e-05 1.4050689e-05 8.6493674e-05 4.0975072e-05
0.96056104 0.27630654 0.1645691 0.3427992 0.18950835 0.46550187 2.5104391e-19 0.03662465 0.030251551 0.30171317 0.0067652958 0.14837144 0.2106649 0.03275463 0.106619395 0.14942937 0.10781813 0.012088656 0.2672066 0.08487382 0.21320437 0.44741672 0.04939407 0.05212418 0.07873157 0.05673983 0.0033611304 0.072245546 0.058774013 0.043546647 0.04325942 0.0009708817 0.008726469 0.04945254 0.04546064 0.0006132286 0.010122788 0.01963421 0.0005876387 0.008638101 0.17159688 0.0013922651 0.011297359 0.014864637 0.0033588982 0.009313365 0.0047212155 0.0008174856 0.011069602 0.008134747 0.0055082776 3.3592103e-06 0.002197229 0.002058032 0.00018497863 0.0040424517 0.04766602 0.008226127 2.7343744e-05 0.0011737619 0.0041921074 0.001591156 0.00023988933 0.050288398 0.00022291053 0.00040658668 0.061398495 6.640415e-05 0.00054502185 7.8682155e-05 0.0004823241 0.0005781818 0.00047695063 0.000118354714 0.0037618813 7.940225e-05 0.00013368773 0.0006485957 1.8716224e-05 8.775155e-06 0.005174321 0.007562691 0.00025520677 0.008268072 0.00020263433 0.00048826003 0.00011692889 3.6165202e-05 0.04287738 0.00029325695 0.008782506 8.039712e-06 3.257966e-05 0.0025191472 0.00022073543 3.696635e-05 4.1664498e-05 0.000108498556 3.367295e-05 0.00017288321 7.4146046e-05
0.9400586 0.23204869 0.47951847 0.026017483 0.072644934 0.06142195 0.03662465 2.1313726e-17 0.25475392 0.30311996 0.22827007 0.0053760908 0.0028422012 0.078838445 0.01978948 0.0037913118 0.026128182 0.68002254 0.18122046 0.00070709776 0.0015159658 0.018403605 0.000309501 0.039635636 0.0002369815 0.005552059 4.2058047e-05 0.0028416608 0.0003652568 0.024626745 0.00015909245 0.046224415 0.00013701254 0.0010817085 0.42069986 2.2442444e-05 0.03876773 0.00022808487 0.025088465 0.0009908117 0.07827578 0.01774505 0.0012770845 0.022354791 4.5787652e-05 0.00035890503 0.00014387658 2.4784946e-05 0.0017637518 0.000616244 0.0023168146 0.00038186976 0.00024889864 0.0005475784 0.010644102 0.00093882094 0.25776282 0.112061545 0.005305611 3.9081013e-05 0.00081627344 0.0005123452 2.0936403e-05 0.15426256 0.006386595 5.7235273e-05 0.008052912 3.2350425e-05 0.00044214434 1.9722645e-05 2.857151e-05 0.0002748061 0.0002448366 1.8881914e-05 0.0019869297 2.3790504e-05 6.7102505e-05 0.00014474196 8.973636e-06 0.0027411955 0.023150107 0.0009613632 0.0001517428 0.057205133 0.00010531457 0.00080443214 0.00011620198 9.267469e-07 0.08508939 0.000120796256 0.04064287 0.000467965 7.5622717e-07 0.0015604382 0.0024803518 3.0059076e-05 5.2541982e-05 9.474004e-05 2.4552368e-05 8.562561e-05 0.0014940067
0.7583447 0.09039064 0.2144501 0.034171022 0.12222252 0.041921135 0.030251551 0.25475392 1.0353623e-16 0.08966153 0.37464577 0.02075656 0.003163812 0.24893087 0.045837823 0.0139348665 0.039276116 0.2180696 0.10992607 0.0004236637 0.0017452977 0.042429633 0.0002196902 0.10116002 0.0002600202 0.024516348 5.0653514e-05 0.01202803 0.0003097916 0.0654553 0.00025096038 0.043343484 0.000101447935 0.0024068737 0.23995484 1.1241407e-05 0.11492728 0.00037764697 0.030093271 0.0005558748 0.09535733 0.064306706 0.002208902 0.0687362 0.00016364196 0.0008906516 0.00020132046 8.708414e-05 0.006706374 0.0027177061 0.0070246044 9.9400495e-05 0.00036682715 0.00079807115 0.012481625 0.0020097222 0.15520073 0.07931008 0.0062248586 0.00010632961 0.0022454201 0.00086172787 5.944091e-05 0.10663134 0.009558004 0.00016712256 0.006509206 2.2860153e-05 0.00051862886 8.431792e-06 6.667314e-05 0.00040267187 0.00027515358 1.3395004e-05 0.0046534836 1.7074322e-05 2.8515002e-05 3.956e-06 1.3803097e-05 0.0039354227 0.017838227 0.000999345 0.00018049916 0.040216275 0.000109631656 0.002571727 0.00017583044 1.339404e-06 0.04017335 0.0002300751 0.035510305 0.0009204255 2.1828198e-06 0.0031774295 0.0027387051 3.078121e-05 3.667119e-05 6.469064e-05 2.4338684e-05 0.00020185244 0.0013004055
0.9683078 0.32239914 0.3488288 0.20043486 0.15503879 0.3117562 0.30171317 0.30311996 0.08966153 2.7092774e-21 0.05232533 0.03910816 0.027746623 0.056498885 0.05048529 0.022731496 0.049609724 0.18917848 0.48056585 0.004769486 0.027562637 0.23294689 0.0008727829 0.028058179 0.0040457016 0.008058075 0.00015673951 0.0058954656 0.0011269735 0.012221576 0.00093941524 0.0073436275 0.00039175016 0.001930306 0.24792746 3.435432e-05 0.011135008 0.00039365303 0.004600478 0.0013960798 0.17911977 0.002954609 0.00087688473 0.007369327 9.256216e-05 0.00085153413 0.0003528573 4.920128e-05 0.0006247481 0.0005732194 0.0005257409 5.7331647e-05 0.00033924708 0.0002877991 0.00085653906 0.0001423165 0.14648029 0.027805349 0.00020529941 3.8563725e-05 0.000145542 0.0002066593 3.6951795e-05 0.11202243 0.00040560972 9.785524e-05 0.019095032 1.14989725e-05 6.3888816e-05 1.4007955e-05 7.084315e-05 8.023333e-05 6.0293823e-05 1.1444054e-05 0.0009509493 8.1153285e-06 1.3756458e-05 0.00040583685 1.8997757e-06 1.41233695e-05 0.0072276043 0.001388886 2.4900228e-05 0.027167538 7.486143e-06 0.00023772508 1.0331636e-05 4.5346856e-06 0.06959472 1.9439478e-05 0.0110906875 9.9448425e-06 3.4278144e-06 0.00074591197 0.0002772495 2.784878e-06 5.2662103e-06 1.1387018e-05 2.1550245e-06 1.2552507e-05 6.228837e-05
0.8075541 0.03846288 0.16943187 0.008944744 0.03991623 0.013853871 0.0067652958 0.22827007 0.37464577 0.05232533 2.6696816e-17 0.006912003 0.0008360975 0.24774694 0.022271717 0.0048101614 0.024777744 0.24773574 0.052264195 0.00026032788 0.0005035951 0.0069305333 0.00014377233 0.046339504 0.00017208853 0.008078419 1.6856437e-05 0.0030135354 0.0001134567 0.029526077 0.00013750969 0.11277418 6.0283008e-05 0.0006966346 0.27041218 7.545642e-06 0.11823782 9.390779e-05 0.05268079 0.0007322706 0.03223863 0.06911531 0.0012381764 0.04728861 2.8056189e-05 0.00046626216 0.00015830816 1.3328703e-05 0.0029792364 0.0009308223 0.0026972909 0.00029330756 0.00026472646 0.0005274217 0.017376484 0.00090024585 0.14607117 0.113608725 0.00828724 1.6338412e-05 0.0008229941 0.0004837291 1.1124723e-05 0.07611481 0.01300965 3.5247544e-05 0.0030091458 1.8164743e-05 0.00047648035 9.582331e-06 1.19698625e-05 0.00033239461 0.0003362733 4.900654e-06 0.002872036 3.7190625e-06 1.1293717e-05 5.013235e-06 2.427687e-06 0.0046933284 0.02916168 0.0007109703 0.00015658248 0.04474468 9.227246e-05 0.0018025534 0.000104431536 4.952922e-07 0.024530014 0.00013631188 0.06391153 0.0012038128 6.813796e-07 0.0022095502 0.0033209727 1.7100281e-05 2.0777894e-05 3.866201e-05 9.322388e-06 9.12386e-05 0.0019956566
0.34308156 0.13548249 0.04129328 0.26009908 0.3254243 0.20378645 0.14837144 0.0053760908 0.02075656 0.03910816 0.006912003 3.673789e-23 0.28497353 0.064632215 0.53095096 0.68631357 0.51136535 0.0046748547 0.053656902 0.07578242 0.10550729 0.18903172 0.022087427 0.19220118 0.071440406 0.32204026 0.0016429662 0.23836161 0.022195403 0.25518587 0.02018614 0.00039897533 0.0041258675 0.0600104 0.016189676 0.0003702548 0.026029544 0.007123301 0.00033538108 0.012767307 0.009277804 0.006480865 0.040824555 0.13485005 0.0030911413 0.016636383 0.0065359944 0.0015036585 0.07714668 0.049542587 0.09214887 2.1405216e-07 0.004284007 0.0061185663 0.00010779085 0.031626627 0.011892877 0.007134345 4.9068945e-05 0.0013656229 0.030921528 0.0027041282 0.00010535404 0.0046831993 6.136421e-05 0.00025990195 0.004407889 0.00010256715 0.0022921364 0.00036404055 0.00019978923 0.0016413147 0.00078934873 2.1759392e-05 0.008133118 1.259176e-05 4.7762158e-05 1.6739692e-06 4.2398196e-06 1.7849771e-06 0.0025405523 0.0038316536 0.0004498204 0.0049708216 0.00044074727 8.1332764e-05 0.0002666834 3.2060475e-06 0.003219635 0.00040900896 0.0041409414 2.3204661e-06 3.3633232e-06 0.0019481031 4.887075e-05 3.7593596e-05 3.937052e-05 7.118448e-05 1.557775e-05 0.00018234421 1.3457694e-05
0.87032545 0.13753083 0.014879386 0.3042914 0.14815582 0.24321458 0.2106649 0.0028422012 0.003163812 0.027746623 0.0008360975 0.28497353 1.3404493e-19 0.0054642214 0.12044207 0.36785513 0.13834514 0.0025640288 0.035766155 0.5727242 0.3674271 0.31129557 0.37067303 0.04693727 0.4902963 0.28372842 0.04388685 0.33153358 0.22502765 0.11029928 0.34933177 8.095775e-05 0.15839064 0.33203837 0.008553425 0.023913248 0.0080712335 0.09642951 8.601306e-05 0.049662337 0.048341658 0.0010751821 0.077843174 0.036868338 0.030173713 0.15251504 0.10162014 0.019449262 0.06614677 0.051313743 0.04410751 8.40171e-07 0.04502311 0.035672057 5.6443285e-05 0.021872591 0.011586752 0.005857811 2.102835e-05 0.009381399 0.023177367 0.020845605 0.0029525666 0.012341458 8.398355e-05 0.004960652 0.053738162 0.00209859 0.0039748787 0.011549711 0.0052878303 0.0066576693 0.0036467384 0.0013906601 0.0038294853 0.0014386278 0.0017517545 0.00090894516 0.00031714808 2.0055988e-06 0.0036769581 0.029678628 0.0011916856 0.005001144 0.00032248514 0.00025260568 0.00040908367 0.0009881195 0.0138138775 0.00046209153 0.0068053124 5.972351e-06 0.00074538647 0.001614075 0.00016354787 7.4172574e-05 0.0003592129 0.0005153747 5.1371273e-05 0.00023457446 3.563417e-05
0.36812398 0.079892114 0.12968057 0.055451516 0.20834775 0.042554446 0.03275463 0.078838445 0.24893087 0.056498885 0.24774694 0.064632215 0.0054642214 2.5917205e-19 0.23947749 0.048041243 0.19007003 0.0570296 0.061402902 0.00049621915 0.0021810378 0.04362737 0.0002868565 0.31776303 0.0005455544 0.06553007 5.1235595e-05 0.03340296 0.00019720625 0.15546454 0.000318999 0.025378402 0.00013374843 0.0036286379 0.09850087 1.0691546e-05 0.24165373 0.00024178119 0.016359437 0.0005192634 0.022371063 0.13389277 0.0031990262 0.1329519 0.00024311645 0.0009379314 0.00026210683 0.00014435514 0.016116165 0.008708154 0.011988155 1.4438205e-05 0.0003331064 0.00052743783 0.008060369 0.0029638528 0.050602134 0.04356801 0.0036150892 0.00014181182 0.0019662897 0.0008590243 7.933557e-05 0.03950519 0.0064391936 0.00024342038 0.003646076 8.781023e-06 0.00032941496 1.47210085e-05 6.250068e-05 0.00042167248 0.00023853514 7.967096e-06 0.0036711383 8.955409e-06 1.0266291e-05 2.6598528e-07 5.774332e-06 0.0011972068 0.013081343 0.0015436675 0.00016808737 0.022040198 0.000108020846 0.001521305 6.732416e-05 3.2606624e-06 0.010948039 0.00016711379 0.01913098 0.00039721106 5.5719415e-06 0.0022991574 0.0013059851 1.6205946e-05 2.6773061e-05 3.356564e-05 1.3252326e-05 0.00012116072 0.0009205865
0.26202336 0.13597405 0.07079082 0.21013072 0.33352938 0.14309795 0.106619395 0.01978948 0.045837823 0.05048529 0.022271717 0.53095096 0.12044207 0.23947749 7.200675e-22 0.5125929 0.6111728 0.01482564 0.05416099 0.02630547 0.043910094 0.13242555 0.0075291633 0.2805474 0.021364493 0.29088235 0.00089014083 0.1596653 0.0065171225 0.2661913 0.0076533156 0.0034121545 0.0010052114 0.037857857 0.0265803 0.000118795164 0.06746551 0.0025767544 0.0018431918 0.008524199 0.009607564 0.021595081 0.025882917 0.17261623 0.0014271567 0.009079126 0.0031345796 0.00068706705 0.05430023 0.034378067 0.07293448 1.3116575e-06 0.001969281 0.0028603096 0.00067395694 0.024417626 0.015950514 0.010600668 0.00041557648 0.00096451124 0.021878542 0.0019917465 7.355886e-05 0.008430523 0.0005449314 0.0002283502 0.0032255696 3.5111265e-05 0.0015091046 0.00015102657 9.293091e-05 0.0011587293 0.00041779765 8.649381e-06 0.011491886 6.0434027e-06 1.3978556e-05 5.080048e-07 4.281864e-06 2.206785e-05 0.0031916122 0.0031709967 0.000298532 0.006878637 0.0004654489 0.0004491581 0.0002740704 2.6110163e-06 0.005554448 0.00036273507 0.006133652 1.5511427e-05 2.9181037e-06 0.0042717084 0.00020536578 4.8302303e-05 4.9658913e-05 5.0826115e-05 2.3529015e-05 0.0002462362 8.0479556e-05
0.18910885 0.13200554 0.02804575 0.26787797 0.27307558 0.18648693 0.14942937 0.0037913118 0.0139348665 0.022731496 0.0048101614 0.68631357 0.36785513 0.048041243 0.5125929 7.03921e-23 0.5275019 0.0026859222 0.033918638 0.11376015 0.12254966 0.15685818 0.045805104 0.20608182 0.14566608 0.44180363 0.003213051 0.38750446 0.032020763 0.32951915 0.047005672 0.00033215157 0.012910353 0.1370019 0.010657469 0.0008024236 0.02490891 0.011650491 0.0002453801 0.0152322715 0.0066442606 0.005428432 0.05991513 0.14282838 0.0047228383 0.043797635 0.01404231 0.0025278267 0.15743 0.0999814 0.12736337 4.2489024e-08 0.008715407 0.013384272 8.394552e-05 0.044743802 0.007360795 0.0048436522 3.495284e-05 0.0022692608 0.041464075 0.004473426 0.00021448263 0.003222492 3.9101076e-05 0.0004161216 0.005169285 0.00012024835 0.0036056263 0.00039273416 0.00019788294 0.0014450664 0.0008910922 3.3058142e-05 0.008336484 2.5554222e-05 5.3091768e-05 1.0174451e-06 4.066735e-06 5.4708687e-07 0.0013995264 0.004010213 0.00041275716 0.0028570327 0.00056413363 6.58416e-05 0.00025881117 9.9063545e-06 0.0040580956 0.00045925562 0.0034138034 9.847065e-07 9.706618e-06 0.0012278464 3.3399498e-05 2.6947146e-05 5.7000016e-05 5.1927418e-05 9.576704e-06 0.00015494786 6.539133e-06
0.29193714 0.119115494 0.068577714 0.18862456 0.27653474 0.14374009 0.10781813 0.026128182 0.039276116 0.049609724 0.024777744 0.51136535 0.13834514 0.19007003 0.6111728 0.5275019 7.8148615e-21 0.01894156 0.06392682 0.038474392 0.053347424 0.149543 0.011340618 0.30301574 0.03032875 0.33315322 0.0015856586 0.18441917 0.010793451 0.313486 0.0118102105 0.0040844665 0.0022506062 0.054268584 0.023506591 0.00026268561 0.06519326 0.0042877854 0.0025720776 0.008929705 0.009239853 0.025402289 0.029417515 0.20189342 0.002696458 0.012936858 0.005432202 0.0010546407 0.07980947 0.039152935 0.112652756 9.368809e-07 0.0033456676 0.003929447 0.0013284675 0.03466479 0.015399292 0.010813763 0.00076721655 0.0013815127 0.032763813 0.002643547 0.00011022492 0.009157518 0.0010346535 0.00034835067 0.004357369 4.5986766e-05 0.0016866022 0.00027656817 0.00013872187 0.001080684 0.00053021335 7.930739e-06 0.016128326 6.8354666e-06 1.5172972e-05 1.4227835e-06 3.9933825e-06 2.8157536e-05 0.0035626576 0.004029721 0.000375118 0.007132923 0.001143561 0.0009326897 0.00045413792 1.7862611e-06 0.006104689 0.0008597595 0.008556402 1.9710329e-05 2.121539e-06 0.00673362 0.0002743089 7.018909e-05 5.124024e-05 6.3607156e-05 2.3510242e-05 0.0004324847 0.000119044795
0.90234447 0.0911461 0.3669935 0.014328505 0.03911357 0.017139645 0.012088656 0.68002254 0.2180696 0.18917848 0.24773574 0.0046748547 0.0025640288 0.0570296 0.01482564 0.0026859222 0.01894156 2.7205704e-18 0.07855296 0.00026832405 0.0005075419 0.0059575527 5.1290597e-05 0.020310784 0.000489276 0.0018128852 2.8605987e-06 0.0019781992 2.8588898e-05 0.006583705 0.00023056295 0.17903516 3.4803095e-05 0.0016507136 0.6055712 2.0792986e-06 0.023640083 1.2907489e-05 0.090949014 0.00016477874 0.019957207 0.01894674 0.001078019 0.008403904 1.2405881e-06 0.00033826428 7.7018194e-05 3.6426084e-07 0.0006817616 0.00038163952 0.00043143428 0.00086432457 9.728289e-05 0.00017121079 0.028997961 0.00022279898 0.2149001 0.38157332 0.01588299 5.010986e-07 0.00022339106 0.0001270095 2.2033632e-07 0.06464587 0.0100979805 7.673497e-07 0.001586747 4.273191e-06 0.00017145246 1.6219166e-05 5.79074e-07 4.6961355e-05 3.335761e-05 2.1763199e-06 0.0008615487 1.4130163e-06 4.8274565e-06 7.5081254e-05 7.396433e-07 0.0024578585 0.03306986 0.00010168894 2.3805505e-05 0.05495116 1.1670301e-05 0.00032772197 1.6795684e-05 7.196937e-08 0.08835357 1.1248893e-05 0.031995915 0.0006789932 6.39017e-08 0.00082310406 0.002092372 3.2936973e-06 1.730456e-05 1.2641996e-05 1.8173275e-06 4.744946e-06 0.0011598272
0.9920702 0.24834396 0.26334876 0.14518455 0.12222545 0.26729727 0.2672066 0.18122046 0.10992607 0.48056585 0.052264195 0.053656902 0.035766155 0.061402902 0.05416099 0.033918638 0.06392682 0.07855296 3.4403231e-22 0.009202873 0.028744632 0.30865264 0.0020974926 0.02847401 0.008368614 0.011556123 0.0003362188 0.007535898 0.002126425 0.016126364 0.0028149616 0.009181706 0.0010757981 0.0048223925 0.20649871 0.00012088835 0.0126337465 0.0006057552 0.0043621734 0.000993723 0.18943518 0.003278245 0.0021876495 0.0089949025 0.00012889512 0.002279103 0.0012230435 4.7391735e-05 0.0009585617 0.0007919836 0.0010502656 1.433097e-05 0.0006750411 0.000611658 0.001029144 0.00020845326 0.09521743 0.022522861 0.00024476566 3.6755184e-05 0.00017718652 0.00058264344 4.4438966e-05 0.106123544 0.00042554236 7.744066e-05 0.013971213 2.610196e-05 5.8326306e-05 3.561049e-05 4.5198354e-05 0.0001787604 7.19646e-05 8.832583e-06 0.0009776565 6.879781e-06 1.016754e-05 0.0006681636 1.568162e-06 5.0803144e-05 0.006229051 0.0006856826 2.1225804e-05 0.015116924 8.999321e-06 0.00017880867 7.914072e-06 4.656513e-06 0.14332591 1.073118e-05 0.00905323 3.320032e-05 3.530303e-06 0.0008602323 0.00051098596 1.9972501e-06 8.553065e-06 9.768577e-06 2.7012102e-06 1.2162617e-05 0.00013349942
0.92043024 0.01943717 0.0014485891 0.09440533 0.027941009 0.10356647 0.08487382 0.00070709776 0.0004236637 0.004769486 0.00026032788 0.07578242 0.5727242 0.00049621915 0.02630547 0.11376015 0.038474392 0.00026832405 0.009202873 7.679602e-20 0.4264319 0.2050455 0.59494257 0.009875747 0.57067513 0.07999536 0.3258295 0.16469428 0.32173872 0.023875821 0.40016145 7.62982e-06 0.30580774 0.2594047 0.0028317838 0.1845794 0.0023486724 0.20449588 1.1848611e-05 0.036500636 0.01935754 0.00032511083 0.06293521 0.010039842 0.09264434 0.15542872 0.23403943 0.05572041 0.02704872 0.03529639 0.013338623 1.5144953e-07 0.07637509 0.04868606 9.542843e-06 0.012262647 0.0036445672 0.0022424958 2.4519245e-06 0.035251103 0.014138268 0.05531001 0.00967712 0.0055562356 2.1841577e-05 0.014130531 0.06701156 0.014080784 0.0043456126 0.028165746 0.015537596 0.017266812 0.006807 0.0058453274 0.0017425894 0.004353647 0.0068005472 0.0033393388 0.0016216893 4.6429417e-07 0.0023149834 0.06678846 0.0017487524 0.0018308373 0.00013176001 0.00010957646 0.00025763086 0.005027819 0.007877604 0.0002595824 0.004274973 2.543522e-06 0.0030709933 0.0008250475 5.0760576e-05 4.9477152e-05 0.001140076 0.0005183221 5.4039145e-05 0.0001654699 1.0018149e-05
0.9649516 0.08368261 0.009523947 0.1743655 0.09452053 0.19592051 0.21320437 0.0015159658 0.0017452977 0.027562637 0.0005035951 0.10550729 0.3674271 0.0021810378 0.043910094 0.12254966 0.053347424 0.0005075419 0.028744632 0.4264319 6.722957e-17 0.38480988 0.3078377 0.012352402 0.29787695 0.047614116 0.16096668 0.114683226 0.5039733 0.016596053 0.21243677 2.0573538e-05 0.1371541 0.14974324 0.004539989 0.050093427 0.0021220897 0.30746874 2.3827128e-05 0.014204938 0.078235924 0.00032577998 0.026239475 0.0048264535 0.111535616 0.07787841 0.080051534 0.057474848 0.013255885 0.015783655 0.00304082 1.6710781e-07 0.031441927 0.01786436 7.3429937e-06 0.0037278335 0.0083947405 0.0024923417 1.3935793e-06 0.024578802 0.005169975 0.021489367 0.008788409 0.019842077 3.1795586e-05 0.009911737 0.19361328 0.00375076 0.0019312662 0.0039143106 0.010184059 0.0062880744 0.0023632485 0.0035086414 0.0018245076 0.002636916 0.0040937304 0.007219902 0.0013640623 4.6857917e-07 0.0015042 0.09502511 0.00076710974 0.0014626898 8.826524e-05 0.00021801029 0.00018117917 0.0048497766 0.04119241 0.0002530582 0.0031388106 1.7769536e-06 0.0031151895 0.0016523335 6.0008035e-05 3.74774e-05 0.00024012462 0.00012625087 3.539144e-05 0.00011722119 1.2168047e-05
0.9921892 0.26590255 0.12157893 0.29392084 0.21468472 0.4202812 0.44741672 0.018403605 0.042429633 0.23294689 0.0069305333 0.18903172 0.31129557 0.04362737 0.13242555 0.15685818 0.149543 0.0059575527 0.30865264 0.2050455 0.38480988 1.7891946e-20 0.13138136 0.04908635 0.1878737 0.046965532 0.009411621 0.058767125 0.13064402 0.0408879 0.10338189 0.0013936061 0.0307667 0.05177252 0.03740606 0.0047699567 0.0090504885 0.03364943 0.0006816237 0.0051632524 0.20200595 0.00149137 0.014945874 0.014913654 0.006601939 0.01398215 0.011085855 0.0017775511 0.0071497927 0.0055391733 0.0040117605 8.4445105e-07 0.0056790765 0.0029746655 0.00011696157 0.0016848225 0.037189495 0.0050562155 1.3062753e-05 0.0013935192 0.001515986 0.0029633327 0.0004817757 0.082169764 8.538139e-05 0.000528389 0.11114279 0.0003115384 0.00029681422 0.00020141284 0.0005075542 0.000744737 0.00035738322 0.00028696787 0.0017859035 0.00020667429 0.000324765 0.0019548198 2.1626987e-05 4.6027417e-06 0.0021692552 0.011174109 9.6148964e-05 0.0035861938 3.285686e-05 0.0006513463 2.0759078e-05 7.532955e-05 0.12522195 3.713061e-05 0.00527123 1.6147992e-06 6.948088e-05 0.004797473 0.000122527 4.4883263e-06 2.3674602e-05 2.0605761e-05 4.7989097e-06 3.2670636e-05 2.2353948e-05
0.84781694 0.00910743 0.0004376593 0.05759787 0.012857623 0.054009657 0.04939407 0.000309501 0.0002196902 0.0008727829 0.00014377233 0.022087427 0.37067303 0.0002868565 0.0075291633 0.045805104 0.011340618 5.1290597e-05 0.0020974926 0.59494257 0.3078377 0.13138136 1.1841433e-19 0.005046301 0.563023 0.03076553 0.6803561 0.09998173 0.34962153 0.008298671 0.49929318 2.4066453e-06 0.48384783 0.24819995 0.00089932804 0.4627593 0.0013678347 0.28393036 2.7090423e-06 0.026505012 0.010497865 0.00019470975 0.03375342 0.0065342425 0.21312714 0.21953055 0.40579686 0.13368599 0.015670469 0.026345816 0.006192993 1.5978701e-08 0.12405865 0.046805583 4.311214e-06 0.0054601454 0.0007261845 0.0010717752 1.7543347e-06 0.09066813 0.00709422 0.12018075 0.027087577 0.0014275215 1.928636e-05 0.035877667 0.057155084 0.033027373 0.0041407873 0.08141039 0.03313066 0.02835968 0.007903838 0.015489543 0.0014145912 0.010196881 0.017875088 0.004497243 0.0042042467 3.096068e-07 0.00097616395 0.090070665 0.0013825803 0.00027442168 8.13828e-05 0.00011125228 0.0002288335 0.009307829 0.0065078777 0.0001626127 0.0049229865 1.6002552e-06 0.005846448 0.00064628886 2.2617494e-05 4.613775e-05 0.0018470418 0.000459625 4.3705175e-05 0.00014223778 4.3052733e-06
0.10435711 0.10475845 0.067915 0.12706286 0.23486824 0.06362493 0.05212418 0.039635636 0.10116002 0.028058179 0.046339504 0.19220118 0.04693727 0.31776303 0.2805474 0.20608182 0.30301574 0.020310784 0.02847401 0.009875747 0.012352402 0.04908635 0.005046301 1.9281275e-19 0.010835437 0.35986006 0.000686713 0.16702934 0.00263708 0.51110387 0.004893523 0.02006254 0.001861468 0.03815639 0.040332478 0.00019523074 0.40767497 0.0017435633 0.012571088 0.0051655546 0.006872788 0.23053893 0.024531137 0.37507817 0.0017202619 0.011855954 0.006118056 0.0013383016 0.10381232 0.06912194 0.095455885 5.1306324e-06 0.003373761 0.0041372012 0.0063506453 0.027627023 0.029464122 0.022656202 0.003465308 0.001371829 0.02238985 0.005342797 0.0005541741 0.017001344 0.005277782 0.0010325346 0.0029647036 8.748294e-05 0.0023496503 0.0001717138 0.0006673017 0.0016191371 0.0010502941 3.439405e-05 0.025072286 2.0633526e-05 3.442017e-05 1.8042937e-07 1.0446975e-05 0.0013385586 0.0058240267 0.00280397 0.00061545696 0.0077776946 0.00078953576 0.0041176267 0.00056750106 1.963049e-05 0.006900141 0.0006654039 0.01686364 0.000102008205 2.770157e-05 0.011527658 0.0012845832 0.00012596247 0.00011579256 0.00019261315 6.678897e-05 0.00036785414 0.0010437892
0.72406197 0.01774159 0.00073578756 0.1025258 0.032611877 0.09485014 0.07873157 0.0002369815 0.0002600202 0.0040457016 0.00017208853 0.071440406 0.4902963 0.0005455544 0.021364493 0.14566608 0.03032875 0.000489276 0.008368614 0.57067513 0.29787695 0.1878737 0.563023 0.010835437 2.8243692e-21 0.15645081 0.31281793 0.288803 0.29601187 0.045142066 0.61738527 1.3429924e-05 0.53964275 0.44231048 0.0031022958 0.42946884 0.0032676856 0.1466591 1.698053e-05 0.06741044 0.009812391 0.00040627073 0.09745245 0.021259936 0.084158786 0.3199694 0.42424512 0.062787205 0.06454098 0.079271354 0.033747457 5.799912e-08 0.14979123 0.08685085 1.0473918e-05 0.029060509 0.002421534 0.004301506 6.3869834e-06 0.042343184 0.03297194 0.09468808 0.012507047 0.0015908153 2.1052267e-05 0.01833332 0.025140874 0.025234377 0.012473033 0.091240376 0.01814787 0.023830978 0.013046887 0.0069472925 0.0024556573 0.0062568197 0.0105059175 0.0017860227 0.0017031479 1.4677263e-06 0.0049351193 0.039270625 0.0050952453 0.0018096619 0.00034314045 8.34519e-05 0.0007480805 0.004558021 0.0028069452 0.0006369193 0.010475039 1.4922265e-06 0.0029065888 0.00056161016 2.1090871e-05 0.00022063336 0.0021262649 0.0014666232 0.000200239 0.0004933618 4.019291e-06
0.032558784 0.08470358 0.026234902 0.19476008 0.22065409 0.08906463 0.05673983 0.005552059 0.024516348 0.008058075 0.008078419 0.32204026 0.28372842 0.06553007 0.29088235 0.44180363 0.33315322 0.0018128852 0.011556123 0.07999536 0.047614116 0.046965532 0.03076553 0.35986006 0.15645081 4.6591943e-20 0.003467449 0.58581376 0.010622061 0.54157835 0.07948899 0.0045378506 0.022022383 0.31325504 0.01050177 0.0029253196 0.11723427 0.0031769795 0.002252066 0.01935462 0.002733024 0.023140106 0.16624251 0.29950836 0.0028999287 0.16310386 0.050840773 0.0029698496 0.44373584 0.3772215 0.2961752 2.241608e-08 0.027316788 0.035705052 0.00090340787 0.16526549 0.007878378 0.020136809 0.00048407083 0.001897441 0.13505879 0.02396894 0.0015692192 0.0033898219 0.0004843414 0.0014830241 0.0019249215 0.0002759306 0.016896844 0.0032378065 0.0006398422 0.0070272284 0.006086932 5.6321867e-05 0.028125495 4.749118e-05 6.390448e-05 1.4713709e-07 3.6487803e-05 8.026639e-05 0.003939828 0.0030332967 0.0073352074 0.0041478933 0.00515555 0.00088001625 0.004421486 3.4901408e-05 0.0018151557 0.0044486 0.010288969 2.3304849e-05 5.67922e-05 0.007602485 0.0002361425 0.0007910537 0.00066765666 0.0015320914 0.00043680158 0.0031214303 6.986565e-05
0.8539336 0.0007068317 0.00012451064 0.0040993113 0.0012582813 0.002856187 0.0033611304 4.2058047e-05 5.0653514e-05 0.00015673951 1.6856437e-05 0.0016429662 0.04388685 5.1235595e-05 0.00089014083 0.003213051 0.0015856586 2.8605987e-06 0.0003362188 0.3258295 0.16096668 0.009411621 0.6803561 0.000686713 0.31281793 0.003467449 6.631562e-18 0.015424889 0.35585797 0.001425986 0.36072952 3.4547833e-07 0.39514062 0.11882093 7.622297e-05 0.6400753 0.0003215111 0.42555967 2.7351018e-07 0.014050047 0.003492537 3.951259e-05 0.0073948815 0.0024780335 0.5257692 0.10275289 0.36366963 0.39377376 0.0053747115 0.008255698 0.0013758499 6.871239e-09 0.1012558 0.03698534 7.4534194e-07 0.0018325213 0.00011151891 9.353329e-05 1.1629449e-07 0.42788526 0.0021274432 0.1398797 0.08101616 0.00035203234 2.817517e-06 0.10619524 0.055632003 0.0832943 0.001643941 0.24905057 0.11124016 0.048895996 0.012109529 0.06670986 0.0003725921 0.046348788 0.06458902 0.015544273 0.02423729 5.927179e-08 5.0478364e-05 0.14424302 0.0007905413 6.2336594e-06 1.8174014e-05 1.8033494e-05 7.391525e-05 0.029318914 0.008184436 3.6934358e-05 0.0010962168 5.2458967e-07 0.021210477 0.00013382804 4.863435e-06 9.790616e-06 0.005549137 0.0003358285 7.949989e-06 2.5161376e-05 1.1947527e-06
0.03840646 0.077200204 0.014893136 0.20843868 0.18021846 0.08408869 0.072245546 0.0028416608 0.01202803 0.0058954656 0.0030135354 0.23836161 0.33153358 0.03340296 0.1596653 0.38750446 0.18441917 0.0019781992 0.007535898 0.16469428 0.114683226 0.058767125 0.09998173 0.16702934 0.288803 0.58581376 0.015424889 6.055743e-21 0.033248216 0.3612214 0.19637188 0.0007711462 0.06462368 0.48733008 0.00956962 0.01778327 0.050632335 0.011836562 0.0003804987 0.037585966 0.0033136804 0.008865082 0.31526268 0.18113172 0.0073011694 0.3614821 0.1708604 0.007696786 0.39797896 0.40770632 0.1471708 5.9437726e-09 0.1355007 0.1377609 0.00020769423 0.11708146 0.004016369 0.016867712 0.00016139557 0.00411973 0.094586216 0.075431064 0.0037173503 0.0025561475 0.00028026762 0.0035129623 0.002977654 0.0018408132 0.04418279 0.017728271 0.002995647 0.024070006 0.027088095 0.00061618077 0.011235499 0.00048231563 0.0010124025 1.1664398e-06 0.000175082 3.772627e-05 0.0065846597 0.0062380037 0.018923515 0.0049420376 0.0025280775 0.00030776384 0.0068684365 0.00024597847 0.00090438797 0.0042439266 0.014738961 1.3863096e-05 0.00022298007 0.00238446 0.00024763742 0.0018168826 0.0015780209 0.0057342937 0.0013046823 0.0024900467 6.1723644e-05
0.98470205 0.0077567426 0.0006098762 0.0397304 0.014435824 0.03350788 0.058774013 0.0003652568 0.0003097916 0.0011269735 0.0001134567 0.022195403 0.22502765 0.00019720625 0.0065171225 0.032020763 0.010793451 2.8588898e-05 0.002126425 0.32173872 0.5039733 0.13064402 0.34962153 0.00263708 0.29601187 0.010622061 0.35585797 0.033248216 2.3604388e-17 0.0036379225 0.2265621 8.004085e-06 0.14820026 0.06639233 0.0018785043 0.14434852 0.0009373059 0.59905386 6.374716e-06 0.01081465 0.019143485 0.00010096506 0.009608723 0.0008719435 0.31705305 0.04982238 0.08809121 0.15815121 0.0030952848 0.0049816463 0.001438433 9.860001e-08 0.029058479 0.011709606 2.4831684e-06 0.0018755866 0.005324256 0.0009028324 1.8555417e-07 0.09050228 0.002425698 0.023894938 0.031323027 0.010529228 7.136722e-06 0.048450258 0.11285306 0.011434749 0.0007228744 0.0068522436 0.034214113 0.0073983874 0.0019639835 0.010820758 0.0031941547 0.010007436 0.012011322 0.035398483 0.0051423307 1.1364787e-07 0.000643652 0.11176281 0.0003115054 0.0012488005 4.3940843e-05 0.00078053126 7.538474e-05 0.020396054 0.061658982 9.441264e-05 0.0012190687 7.8468577e-07 0.015776582 0.009301923 5.6347875e-05 1.4570804e-05 0.00040205198 8.9261666e-05 1.1306444e-05 6.885744e-05 7.716718e-06
0.03326991 0.097868524 0.062173255 0.14398779 0.23757266 0.073748596 0.043546647 0.024626745 0.0654553 0.012221576 0.029526077 0.25518587 0.11029928 0.15546454 0.2661913 0.32951915 0.313486 0.006583705 0.016126364 0.023875821 0.016596053 0.0408879 0.008298671 0.51110387 0.045142066 0.54157835 0.001425986 0.3612214 0.0036379225 8.5073904e-20 0.016956346 0.013552306 0.005234957 0.14279741 0.01865194 0.0009358885 0.34395704 0.0020239747 0.0075000715 0.0051607 0.0023035733 0.12067183 0.058558904 0.43156153 0.00233648 0.03986856 0.017446706 0.0030184612 0.33834833 0.23199984 0.23784363 2.1641657e-07 0.00658519 0.0056368164 0.0033818705 0.09783864 0.01864765 0.026710557 0.0022395528 0.0023821916 0.09055745 0.0056528943 0.0011992243 0.005597459 0.0037411393 0.0017727382 0.0016868312 6.134958e-05 0.0046181995 0.00018878089 0.00079824665 0.0013855706 0.0011406284 1.6046544e-05 0.07117575 9.528838e-06 1.3472808e-05 5.5204826e-08 1.0027909e-05 0.00062997156 0.0036723285 0.0016737219 0.0012613521 0.0048358752 0.004203084 0.005260895 0.0013228202 2.248422e-05 0.005962111 0.002004749 0.010275985 8.082961e-05 4.095862e-05 0.024837995 0.0011892434 0.00014906407 0.00019409366 0.00023034801 5.5763678e-05 0.001346647 0.0005093005
0.30694538 0.0103491945 0.0005377306 0.06524669 0.01636959 0.050608482 0.04325942 0.00015909245 0.00025096038 0.00093941524 0.00013750969 0.02018614 0.34933177 0.000318999 0.0076533156 0.047005672 0.0118102105 0.00023056295 0.0028149616 0.40016145 0.21243677 0.10338189 0.49929318 0.004893523 0.61738527 0.07948899 0.36072952 0.19637188 0.2265621 0.016956346 1.6032111e-21 7.075791e-06 0.581614 0.42295322 0.002645426 0.5168028 0.0017069333 0.13608421 1.0230549e-05 0.033812813 0.005953446 0.00034209143 0.08551958 0.012658954 0.10946298 0.3582649 0.50960314 0.09195466 0.054747485 0.08844123 0.017787017 9.758807e-10 0.20547396 0.09622626 5.8739693e-06 0.01755135 0.0017969795 0.0035999913 4.1297994e-06 0.056172095 0.018046666 0.19564487 0.02431225 0.0012538007 6.9596954e-06 0.027428975 0.018789671 0.05943054 0.0149598485 0.11672242 0.028675072 0.04183813 0.021088194 0.011986503 0.0022983563 0.009588686 0.017361524 0.0005547458 0.0025715698 1.1414139e-06 0.003290156 0.033088908 0.0068321303 0.00065825466 0.0002650005 9.830796e-05 0.000660504 0.00831777 0.00090779306 0.0006202811 0.009403806 1.4155238e-06 0.0060640657 0.00060822576 1.9531593e-05 0.0001701268 0.0031633112 0.001647796 9.5688294e-05 0.00035207043 3.0459946e-06
