8.2634535e-31 0.00017787321 0.0023842282 0.008820126 0.0045657493 3.1340696e-05 0.0003251189 0.017513888 0.008355049 0.0074280663 0.005637838 2.900071e-06 0.053599864 1.4465549e-05 0.04016111 0.096177936 6.481621e-06 0.0006775837 0.062620915 7.5952875e-07 1.3438461e-08 1.991903e-08 0.1245796 0.3702179 0.31175926 0.31057262 0.5320956 1.1557676e-06 0.0097452365 0.00075120287 3.121209e-10 1.0390778e-08 0.009282582 0.70751816 0.73666096 4.000398e-05 0.0036528886 8.862914e-05 0.54706174 2.4679309e-10 0.8642252 0.80568385 1.5865351e-06 0.08770418 0.011022803 0.89270395 0.0006631752 0.12987517 0.015114142 4.7588468e-11 0.012423694 0.9380212 0.1877854 0.9679152 0.62904525 4.0077177e-07 9.0612186e-05 0.8093848 0.8665939 0.18489529 0.21463443 6.377032e-08 0.3840756 1.376105e-07 0.008997322 6.8935066e-08 0.34607163 8.179811e-08 0.83626556 5.5491764e-08 2.4227486e-12 0.14186609 4.3392148e-11 0.9741443 0.086314075 0.0041242368 0.45579734 0.9807234 1.9080993e-13 5.1354926e-10 0.0025057346 0.99162215 0.52368814 0.69585484 0.87192374 0.005648356 0.95856583 0.9608667 0.5820307 0.90099406 1.13540505e-11 5.084201e-07 0.9851082 0.9482291 4.8190693e-14 0.24708928 2.4782154e-05 3.196956e-11 0.992571 0.865892 0.0038387582
0.00017787321 1.8305614e-21 0.22712968 0.2084894 0.34592226 0.3757568 0.09561022 0.23000562 0.04437783 0.48460168 0.026254054 0.3344758 0.061441567 0.10898849 0.13822661 0.025227038 0.015550879 0.008430908 0.009866154 0.063933395 1.5080342e-05 0.048517175 0.004126184 0.07054177 0.11598746 0.008874374 0.08079675 0.0004226335 0.042285535 0.00023811309 0.0147390105 0.0011005162 2.7016066e-08 0.030454453 0.033136062 0.00029027887 1.5977917e-05 0.00025946012 0.045467827 0.009618643 0.032852598 0.029966773 0.017177537 0.00046813503 4.452523e-06 0.009843115 1.8206125e-05 0.00025693234 9.1373484e-05 0.00025713674 7.3842966e-05 0.008891003 0.0002950093 0.0038796717 0.0002771847 0.002374694 3.2947275e-06 0.028757567 0.00076047686 3.9386764e-06 0.0018422104 8.354547e-05 0.010122827 0.00012136184 0.0015921359 0.0021635292 0.009120377 6.868485e-06 0.00019928285 0.00067698845 1.0945589e-05 4.6194364e-05 0.0011429728 0.017870894 2.0376478e-05 3.8800395e-06 1.5450261e-05 0.0007497986 0.00058454217 2.7816888e-05 2.493115e-06 0.0014444486 1.0886291e-05 2.406621e-05 2.9514475e-05 7.413929e-08 0.0001077067 0.000109852066 7.885789e-06 2.3952778e-05 3.20365e-05 0.002975863 0.0237303 0.013106754 0.000478194 4.4063546e-07 1.695382e-08 1.0630825e-05 6.22214e-05 0.002756426 2.25255e-08
0.0023842282 0.22712968 4.347753e-20 0.6446532 0.39906695 0.16495465 0.4399934 0.49907535 0.38278157 0.101282984 0.3061911 0.1039192 0.39794686 0.18047895 0.10543246 0.24233674 0.1947105 0.23953906 0.17688997 0.0030823043 0.001403298 0.0053799115 0.14645682 0.22136365 0.053657554 0.15845694 0.14483446 0.045609836 0.006620832 0.007128962 0.00052395073 0.018296182 6.5248205e-05 0.18430325 0.16474186 0.021387925 0.0101564685 0.008119555 0.031550117 0.0008712664 0.25669527 0.03403862 0.00096265494 0.0039996146 0.0025833033 0.13568315 0.0008173741 0.0035161278 0.0016464004 0.00088448566 0.0013780632 0.12959416 0.0035166277 0.05426086 0.0055404915 0.00024137476 0.00031568512 0.012805817 0.008224399 0.00015980532 0.016543258 0.0030359332 0.004359973 0.003250721 0.00026988928 0.0003201367 0.0047918037 0.00035964185 0.0032358496 0.000113657814 0.00042178144 0.00128215 5.6560155e-05 0.11141245 0.0020278476 0.00030715013 0.00090099394 0.018524425 0.00022992374 0.00037253601 0.00018273816 0.03825278 0.0005306889 0.00061733276 0.00063678867 4.9757375e-05 0.0014977469 0.0015347691 0.0005956087 0.00067210745 0.00034756507 4.6778623e-05 0.029029721 0.060868796 9.654093e-05 0.00015887426 9.77759e-06 0.00018668654 0.0074522407 0.026150664 2.8232045e-05
0.008820126 0.2084894 0.6446532 4.947746e-19 0.37936687 0.16415803 0.48420697 0.4837512 0.42277542 0.12858647 0.3086583 0.09657713 0.3978417 0.2003239 0.12947531 0.29228324 0.21773793 0.27685463 0.18224777 0.002536875 0.0014402497 0.0058306037 0.13233805 0.25735253 0.06507412 0.16308056 0.16748954 0.04661058 0.0071593244 0.008906262 0.00084589503 0.015179761 0.00016459073 0.2037249 0.18778954 0.022947935 0.01055788 0.011308531 0.03614596 0.0014660072 0.29283684 0.039939072 0.0007177197 0.005600519 0.0028145763 0.15205781 0.0012821641 0.0052914955 0.002246863 0.0008604321 0.001955479 0.15429436 0.004702811 0.06843099 0.0069736717 0.00019597373 0.00050375913 0.015929377 0.010948514 0.00030623085 0.01920811 0.0032099287 0.005876174 0.004183124 0.0008577472 0.00029633706 0.0062372843 0.00087508524 0.005028466 0.00012798428 0.00050579896 0.0018585094 0.00027914112 0.12762943 0.0033580675 0.0003639499 0.0023422742 0.024535464 0.00070464506 0.00055232825 0.00013422043 0.043632664 0.0014608211 0.0015542783 0.0014229803 2.2319675e-05 0.0035219037 0.003140435 0.0008867077 0.0011453902 0.00087774446 0.00013296539 0.042105123 0.08854801 0.00022477459 0.0001768128 7.0126225e-06 0.00049737754 0.0072038285 0.03463867 2.4543378e-05
0.0045657493 0.34592226 0.39906695 0.37936687 9.529425e-20 0.14834848 0.17281082 0.5189613 0.127243 0.44692326 0.0998921 0.09991106 0.16060841 0.07384819 0.3271272 0.07324368 0.04838507 0.027978258 0.035319682 0.02895963 5.907488e-05 0.01373102 0.013543056 0.177043 0.1905428 0.031349085 0.17759569 0.004059735 0.030480457 0.0013754878 0.0035916767 0.0013833215 1.9992045e-05 0.09150541 0.09498857 0.0015015269 0.00060389924 0.0012461679 0.0799528 0.0007033355 0.1067748 0.060052723 0.011092174 0.0007360556 0.0002628247 0.037847325 0.000107868895 0.00075105997 0.00014713997 9.364254e-05 0.0001175686 0.040153366 0.0007395889 0.015491766 0.0010818694 0.0018075532 2.3370794e-05 0.0662469 0.0023716013 0.00040906627 0.015336709 0.0003539753 0.018620456 0.0005593807 0.005149871 0.0012735992 0.018185163 8.6563654e-05 0.0009191931 0.00079384615 3.264066e-06 0.00013418896 0.00031181303 0.07805252 0.0003045228 1.6644315e-05 4.572961e-05 0.0063238144 0.00017176635 6.6804576e-05 4.6831947e-06 0.013461194 4.64821e-05 6.922709e-05 0.0001049393 3.3638284e-07 0.00036971917 0.00039152303 1.7715636e-05 5.2680407e-05 4.270639e-05 0.002781694 0.18237096 0.11919578 4.1879495e-05 2.4564677e-06 1.221319e-07 2.8946513e-05 0.001968787 0.025607519 1.9920674e-07
3.1340696e-05 0.3757568 0.16495465 0.16415803 0.14834848 2.0417572e-21 0.12367143 0.14842258 0.037263934 0.27908838 0.022129009 0.5153123 0.06088295 0.25278783 0.06595773 0.025868628 0.036076326 0.016271183 0.011659556 0.033009637 0.00022821128 0.037965264 0.0054117204 0.051313132 0.054306753 0.013132403 0.044239815 0.00074463687 0.013857038 0.0006194487 0.015845552 0.0062060826 2.6982063e-09 0.024687855 0.0253814 0.00035219017 5.63111e-06 0.00032885312 0.015066796 0.03272254 0.02811627 0.010739263 0.005013584 0.0008534365 1.1521832e-06 0.009787368 2.1523923e-05 0.0007996273 0.0001141512 0.005028445 8.726905e-05 0.008172596 0.00062122144 0.0038962807 0.00047346516 0.00018290238 2.5414054e-06 0.0079366835 0.0017565817 2.2038509e-07 0.00022745103 0.00014087446 0.0028595512 0.00017852479 0.0002653009 0.00036332762 0.0027354972 5.411921e-06 0.00059563003 6.7297646e-05 0.00051614625 9.574443e-05 0.0017208124 0.014600886 1.2797032e-05 4.9965574e-06 4.9307764e-05 0.00092865 0.003765939 5.7367688e-05 5.8935348e-06 0.0012175959 4.3667016e-05 7.764565e-05 7.2565286e-05 5.246612e-07 0.00020111591 0.00018753934 1.2231958e-05 2.6886028e-05 0.00020994517 0.00027966793 0.005521571 0.00795923 0.0023720989 1.8595711e-06 9.358794e-08 1.4397533e-05 5.8404283e-05 0.0021092421 2.5948674e-07
0.0003251189 0.09561022 0.4399934 0.48420697 0.17281082 0.12367143 3.657881e-20 0.3255508 0.45128858 0.040754795 0.33935457 0.06748055 0.30135438 0.368375 0.07129022 0.28746405 0.4913883 0.45078573 0.23396498 0.0001025207 0.013182601 0.00092310534 0.17528148 0.21102382 0.057100374 0.19885102 0.121814154 0.09646041 0.0007770183 0.01864857 0.00010217001 0.06449969 1.0476836e-05 0.2048596 0.15636401 0.048542123 0.002967671 0.013613201 0.026332587 0.00051794504 0.3140657 0.03002399 0.0004420548 0.011498573 0.00016872432 0.13371722 0.0018638163 0.012233491 0.0059344196 0.0016481733 0.004978305 0.173425 0.009590025 0.047752064 0.0047433022 0.00013642346 0.00044506215 0.0021525198 0.008416552 1.1031499e-05 0.00033349672 0.005014942 0.00075587176 0.0037773626 7.008795e-05 0.00011641506 0.0005176426 0.00050649943 0.004081124 4.3209755e-05 0.0017898908 0.0021723658 1.943136e-05 0.06703571 5.7690784e-05 0.00048055785 0.0009890893 0.016845472 4.135126e-05 0.00075202185 0.00032380008 0.014800514 0.0005010437 0.0006774483 0.00053139584 0.00016087048 0.0015412581 0.0014180696 0.00036821514 0.00027130113 0.0006502995 5.3643544e-06 0.0034526032 0.0069551975 4.3373807e-06 0.0003170247 2.2230814e-05 0.00012822852 0.0014736585 0.0069894553 0.00022445967
0.017513888 0.23000562 0.49907535 0.4837512 0.5189613 0.14842258 0.3255508 2.289149e-19 0.30730054 0.26051524 0.22993314 0.08134317 0.34209025 0.0981823 0.334198 0.23266482 0.076907255 0.09903267 0.09417547 0.012177121 0.00025369544 0.0063451095 0.041179672 0.25673124 0.16575661 0.068242945 0.2108957 0.013571183 0.020094607 0.004262971 0.00094605295 0.002569991 0.00011368685 0.13584813 0.14004956 0.00826382 0.0024410116 0.004848306 0.06958107 0.00043288106 0.19636585 0.06381592 0.0030197324 0.0024332395 0.0015905075 0.07964555 0.0005011259 0.0017909693 0.00053633854 0.0001566185 0.00041389433 0.08022859 0.001548819 0.030984044 0.0021189065 0.00092827243 0.00010844445 0.04523484 0.0049097743 0.0009811328 0.0405602 0.0008756004 0.015184689 0.0012484423 0.007875949 0.0007334448 0.01468472 0.00028683682 0.0019718565 0.0004599273 5.41506e-06 0.00035019117 0.0002711066 0.14782244 0.0016899938 3.0723055e-05 0.00026286655 0.013031051 0.00038284427 0.00013133236 7.615238e-06 0.025068555 0.00018286664 0.00026264982 0.00026969888 7.6013464e-07 0.0011112965 0.0010310734 4.793396e-05 0.000103831924 0.00027648246 0.0018741088 0.18693645 0.19417988 8.96259e-05 7.2820844e-06 9.590573e-07 0.00015554215 0.0023861534 0.048255086 1.1514956e-06
0.008355049 0.04437783 0.38278157 0.42277542 0.127243 0.037263934 0.45128858 0.30730054 4.42889e-20 0.03695142 0.87380433 0.012550622 0.5533481 0.09337341 0.05014123 0.51911473 0.22543818 0.21430095 0.5602749 0.00023642687 0.0083409175 0.0008991304 0.30916518 0.26082358 0.03851649 0.2810009 0.1703261 0.028962806 0.001792214 0.011008998 0.0001064738 0.009263724 0.0011377733 0.2267285 0.19660352 0.029434389 0.01398249 0.014484891 0.018084317 0.00021326433 0.36436075 0.025371095 0.0005655733 0.008072034 0.0049399175 0.27491844 0.0015730002 0.009070882 0.0032367925 0.00047941413 0.0029409407 0.27254328 0.012496882 0.19059351 0.019619329 0.00015134725 0.00043157602 0.0050784866 0.02461443 0.0016650906 0.017745161 0.0020217004 0.0012388969 0.0022817203 9.275056e-05 0.00011755951 0.0011448415 0.00045464686 0.009577595 5.8290716e-05 0.0002533671 0.0023231986 1.6439646e-05 0.15340379 0.005227918 0.00022633301 0.0014276773 0.05685405 9.485314e-05 0.0003583783 8.797296e-05 0.09882641 0.000985416 0.0012121494 0.0018015471 2.0734959e-05 0.004296105 0.0032553712 0.00088704645 0.0013128459 0.00021514556 5.899563e-06 0.023633169 0.04839881 1.2280534e-05 0.00012804363 3.1956322e-06 0.000101229234 0.014328328 0.04750324 2.2586906e-05
0.0074280663 0.48460168 0.101282984 0.12858647 0.44692326 0.27908838 0.040754795 0.26051524 0.03695142 2.6649058e-20 0.03251934 0.28840134 0.038988 0.046651646 0.5708462 0.019228483 0.0035042858 0.0053341696 0.009250848 0.4181154 1.9933294e-05 0.14490023 0.002088821 0.08811782 0.5037742 0.0043757455 0.17666335 0.00032550047 0.3348255 0.000258583 0.050925206 0.00039806086 7.718172e-05 0.016844112 0.027313065 0.0003155569 0.0005092187 0.00021366375 0.31458178 0.0019377668 0.016346438 0.18579116 0.21956351 0.0001248582 0.00019722598 0.009561145 4.8275968e-05 0.000102858765 3.9155817e-05 4.7922804e-05 3.9003495e-05 0.005968548 0.00014432913 0.0020750586 6.866013e-05 0.042310014 1.4546173e-05 0.57095605 0.00036472353 0.0020054402 0.029021421 0.00013060754 0.22430852 0.00012404415 0.03290037 0.025132703 0.17541066 1.1155841e-05 3.960808e-05 0.010116573 1.1133022e-07 2.2987802e-05 0.009732809 0.023923662 0.00025355152 1.1115438e-06 3.9768124e-06 0.00022398967 0.00090678496 9.187083e-05 4.149284e-07 0.0016196292 2.1893952e-06 3.0407095e-06 2.7523229e-06 2.0358286e-08 7.274123e-06 7.1923396e-06 1.6029221e-06 2.9506466e-06 3.8462134e-05 0.012959048 0.20509286 0.06073159 0.0007347782 8.786962e-08 6.839756e-08 3.1552047e-06 0.00019386223 0.0037861306 4.609203e-08
0.005637838 0.026254054 0.3061911 0.3086583 0.0998921 0.022129009 0.33935457 0.22993314 0.87380433 0.03251934 3.1778865e-21 0.008193901 0.5456616 0.047829963 0.052707706 0.4464525 0.15343803 0.22096202 0.5568368 0.0002677088 0.002562843 0.0009347864 0.41061875 0.2518962 0.033715732 0.28159288 0.14552826 0.033607595 0.0019861737 0.02312091 0.00017196518 0.010505722 0.000737366 0.17250682 0.16791484 0.039195124 0.032168377 0.019708235 0.015196331 0.00020980006 0.27652362 0.020448172 0.0005050201 0.02132669 0.014225361 0.21333632 0.003949464 0.024606267 0.010077464 0.00047027774 0.008890224 0.21982832 0.02419118 0.21456142 0.029063208 0.00022366286 0.0013333834 0.0056974366 0.04452077 0.000721596 0.024261907 0.0032773241 0.0014337744 0.0035673133 9.645865e-05 0.00017962014 0.0012402671 0.0009189844 0.018048704 0.00010272054 0.00018885615 0.005648254 2.485437e-05 0.1267701 0.012863351 0.0008786079 0.003617145 0.07126454 0.00011814745 0.0006125488 0.0004897526 0.103971764 0.002338579 0.002578168 0.0033886777 9.39386e-05 0.0062614544 0.0050427727 0.0025409085 0.002699316 0.00032825337 6.732098e-06 0.017384248 0.042076085 2.2247566e-05 0.0008240292 1.9838093e-05 0.00014253573 0.017033517 0.048952077 0.00019057313
2.900071e-06 0.3344758 0.1039192 0.09657713 0.09991106 0.5153123 0.06748055 0.08134317 0.012550622 0.28840134 0.008193901 2.3831083e-20 0.030135363 0.38422745 0.048585203 0.009912673 0.03754031 0.004975351 0.0037553576 0.22403197 0.00022555965 0.33517516 0.002678945 0.02235878 0.028671373 0.006097666 0.020832196 0.0013405919 0.02499333 0.0005606018 0.19708583 0.016171683 5.649411e-09 0.008006002 0.009145797 0.00026598162 2.9938988e-06 0.0005281996 0.008256068 0.3194278 0.008557365 0.0055703856 0.050824523 0.0005075177 1.1137349e-06 0.0030916103 8.39721e-05 0.0003866555 0.00016263024 0.056182686 0.0001415378 0.0025130764 0.00036267834 0.0016124219 0.0007228361 0.0065297983 1.4816458e-05 0.0053936616 0.0014845163 1.550616e-07 0.00016315826 0.0024596348 0.0028489383 0.0024113192 0.0011603389 0.006359579 0.0030724667 0.000105712024 0.0007867052 0.0016076452 0.0072016953 0.00015919018 0.0289213 0.0074651055 3.0914507e-05 6.2311624e-06 0.00019249637 0.00064684625 0.064313225 0.00039653035 1.0274675e-05 0.00059458544 0.00029425567 0.00042709833 0.0003685596 1.6612465e-06 0.00075814116 0.00092617667 0.000113314716 0.00017987505 0.0020535912 0.002570408 0.0033662645 0.0056131883 0.06311838 8.310639e-06 2.8727068e-06 0.00017578751 0.00014326825 0.0018656178 1.3815785e-06
0.053599864 0.061441567 0.39794686 0.3978417 0.16060841 0.06088295 0.30135438 0.34209025 0.5533481 0.038988 0.5456616 0.030135363 5.5081254e-19 0.0759854 0.12416406 0.5500508 0.15789053 0.23462786 0.4814799 0.00040402936 0.0019380808 0.0016868749 0.36983132 0.40184596 0.07164275 0.3448229 0.28573328 0.039479006 0.004814188 0.011451893 0.00036697133 0.010030936 0.0016717392 0.30154517 0.2927984 0.024504568 0.040539984 0.0119621735 0.03642393 0.00044905336 0.4020155 0.050471522 0.000194092 0.013659114 0.017613795 0.29207808 0.0017721375 0.010581916 0.0022492104 0.00039726048 0.0017398386 0.33848357 0.006925605 0.2635515 0.012279294 0.00012035046 0.00078081794 0.015763033 0.01544465 0.0016161898 0.07357367 0.0016742224 0.0048681293 0.00167487 0.000858804 0.0001225236 0.005337436 0.00084224576 0.0073049315 7.5933334e-05 7.479675e-05 0.00091208686 5.87938e-05 0.32575497 0.017167948 0.00010069984 0.0011656765 0.10767148 0.00020665223 0.00032884465 2.4352821e-05 0.1521694 0.00071969925 0.0009063047 0.00120219 1.9834638e-06 0.00495793 0.0040531782 0.00068967626 0.0009328983 0.00023074288 8.704753e-05 0.075091995 0.31095776 4.4247317e-05 6.3038235e-05 1.179584e-06 0.00019138069 0.010358111 0.18013668 5.452864e-06
1.4465549e-05 0.10898849 0.18047895 0.2003239 0.07384819 0.25278783 0.368375 0.0981823 0.09337341 0.046651646 0.047829963 0.38422745 0.0759854 1.1839356e-19 0.026581852 0.057577547 0.42212567 0.06455158 0.027466862 0.004459533 0.028925866 0.017507115 0.013116489 0.03406053 0.017050574 0.03594156 0.019436723 0.029541694 0.001772619 0.0015995916 0.0047784713 0.07197137 3.2394063e-08 0.027305027 0.022406396 0.0100949565 9.5192605e-05 0.0034463299 0.006256145 0.06224764 0.042834066 0.00638152 0.0009814722 0.0018685728 1.0001043e-05 0.017497476 0.00013328431 0.002024246 0.00043704928 0.06564776 0.00035357114 0.019451218 0.0018970809 0.008937041 0.0011867476 0.00033320618 1.907707e-05 0.0019355135 0.0025181626 2.720897e-07 0.0003769773 0.0038368497 0.000717433 0.003028058 1.4299325e-05 0.00057966035 0.0005954335 8.430654e-05 0.0013038671 8.865364e-05 0.029686188 0.00042589012 0.00034106645 0.017770376 0.00010034304 0.00015346022 0.00038386905 0.0019163649 0.0059958925 0.00041003607 0.00015439693 0.0024409662 0.00032763256 0.00061109796 0.00047333355 2.3005041e-05 0.00074961554 0.0006314976 0.00010459599 0.00016982142 0.0021147812 3.3032586e-05 0.00401381 0.009054317 0.0007887696 1.5958834e-05 3.6926515e-06 0.0002157052 0.00033760816 0.03096615 1.7922881e-06
0.04016111 0.13822661 0.10543246 0.12947531 0.3271272 0.06595773 0.07129022 0.334198 0.05014123 0.5708462 0.052707706 0.048585203 0.12416406 0.026581852 4.253087e-19 0.042334545 0.022532336 0.027225882 0.020652812 0.012379556 0.00019301768 0.007679475 0.009156767 0.30207327 0.6839365 0.020067021 0.38937575 0.007860453 0.046966407 0.001551068 0.0027953044 0.0017998582 0.0015257036 0.08076913 0.11337764 0.0034654983 0.0021032835 0.0019475478 0.31182972 0.0010656192 0.088755466 0.17788427 0.01025929 0.0006613262 0.008866613 0.04190152 0.00028926684 0.00044244513 0.00015516317 0.00016962539 0.00012924866 0.044637486 0.00055028277 0.017180372 0.00088379596 0.0048822775 6.982976e-05 0.30073088 0.0028282346 0.023938395 0.13542709 0.00063436845 0.0593773 0.00061384786 0.00742392 0.002022252 0.05036985 0.00015819015 0.000864583 0.0023795045 6.823791e-07 0.00010657112 0.0007596517 0.21695086 0.0048119347 8.843794e-06 4.831678e-05 0.013703142 0.00019053007 0.00029275398 3.0265996e-06 0.025710618 3.7447568e-05 6.1407474e-05 9.840148e-05 1.9672432e-07 0.0004225027 0.00035852476 3.344578e-05 0.00010530834 5.5951936e-05 0.0068309247 0.40513074 0.360523 0.0001424254 2.615223e-06 1.2524286e-07 3.550987e-05 0.0025881438 0.14051615 3.0400437e-07
0.096177936 0.025227038 0.24233674 0.29228324 0.07324368 0.025868628 0.28746405 0.23266482 0.51911473 0.019228483 0.4464525 0.009912673 0.5500508 0.057577547 0.042334545 3.3965915e-19 0.15677309 0.17667077 0.8079879 7.4135445e-05 0.006480132 0.0003957061 0.4074524 0.3527059 0.03181714 0.41040906 0.23586956 0.025578504 0.00280706 0.008056676 9.794552e-05 0.010245596 0.010750489 0.33466202 0.30370605 0.017509453 0.035071805 0.008845933 0.019224184 0.00064898975 0.5115562 0.029045 0.00013890801 0.0062046773 0.017485624 0.43458003 0.0013569546 0.0065770247 0.0015712715 0.001098911 0.0013120541 0.4491927 0.007231496 0.3213551 0.020288648 7.81482e-05 0.00040446382 0.0048807566 0.031093929 0.0033296398 0.049174182 0.0022386923 0.0013517829 0.0021585203 7.802935e-05 5.5857996e-05 0.0014240576 0.00038071454 0.0122399395 4.9895178e-05 0.00046999168 0.0014611277 1.4485981e-05 0.32046252 0.019422024 0.00018877674 0.0012475824 0.14448988 0.00021120328 0.0006807324 8.630113e-05 0.24282715 0.00078811287 0.0010138305 0.0021065956 5.015626e-06 0.006646659 0.005825529 0.00083066005 0.0014793332 0.00038654802 1.21622925e-05 0.05051651 0.16205736 2.3464836e-05 5.021898e-05 1.1383842e-06 0.00015081227 0.020908358 0.14114955 3.5552516e-06
6.481621e-06 0.015550879 0.1947105 0.21773793 0.04838507 0.036076326 0.4913883 0.076907255 0.22543818 0.0035042858 0.15343803 0.03754031 0.15789053 0.42212567 0.022532336 0.15677309 2.0635846e-24 0.38949335 0.14382787 1.5121862e-05 0.11343059 0.00011462999 0.085698806 0.0327879 0.01842008 0.11959254 0.020152109 0.28248772 0.0005902434 0.011519498 0.00032493818 0.40961748 5.962474e-09 0.036068607 0.028586369 0.089507155 9.9569945e-05 0.01072224 0.004608039 0.000560069 0.055320773 0.0050552175 2.3041357e-05 0.009748718 4.6656705e-06 0.029396076 0.00090005435 0.010788779 0.0022515163 0.00257042 0.0020952504 0.035875767 0.008942506 0.017129075 0.0058882968 6.7924964e-05 0.00026276705 0.0018061508 0.006302312 1.9478103e-08 1.7416314e-05 0.007299457 0.000749016 0.0044688717 1.5257945e-05 0.0001387535 0.00074059446 0.00024833553 0.0032828988 9.049456e-05 0.008792521 0.0018040831 3.1192147e-05 0.01833446 1.4270933e-05 0.0003647865 0.0015363784 0.007312644 0.00010708867 0.0011431352 0.0004040733 0.006719876 0.001053329 0.0013549256 0.0011616792 7.6149e-05 0.0017653902 0.0015536522 0.0009782612 0.0010335273 0.005701127 3.929857e-05 0.0012651664 0.006388282 1.6432841e-05 0.0003569321 5.6830337e-05 0.00067021704 0.00062968954 0.044144318 4.422854e-05
0.0006775837 0.008430908 0.23953906 0.27685463 0.027978258 0.016271183 0.45078573 0.09903267 0.21430095 0.0053341696 0.22096202 0.004975351 0.23462786 0.06455158 0.027225882 0.17667077 0.38949335 5.0948582e-21 0.16859823 1.3689518e-05 0.0027360828 0.00025452353 0.29860112 0.08167183 0.02722919 0.2189923 0.054072656 0.26038012 0.000906896 0.25022802 6.19813e-05 0.14824808 2.499275e-05 0.081261046 0.0661803 0.30920386 0.07924545 0.19019572 0.014404064 0.00042294996 0.10025194 0.0072377366 7.610065e-05 0.14192937 0.0087338 0.080226906 0.060578506 0.15167743 0.07072914 0.00032156473 0.06407181 0.099646166 0.072568 0.07811122 0.09233014 5.9609225e-05 0.035915025 0.0030293737 0.08609518 1.7914585e-05 0.0019113813 0.033058777 0.0021102803 0.037663516 0.00031029302 9.271032e-05 0.0013772146 0.02060672 0.049207162 3.0400008e-05 0.0008696668 0.022298383 6.343061e-06 0.043868467 0.004729403 0.019501781 0.017088408 0.06895234 0.00026359054 0.004702522 0.012955087 0.04139294 0.009745153 0.009542944 0.0067879832 0.006730308 0.017161293 0.015656473 0.004528819 0.0029191854 0.006185285 2.148336e-05 0.0037717437 0.01432147 2.7503236e-06 0.0053101215 0.00077704136 0.004686995 0.008584565 0.012667861 0.0037940803
0.062620915 0.009866154 0.17688997 0.18224777 0.035319682 0.011659556 0.23396498 0.09417547 0.5602749 0.009250848 0.5568368 0.0037553576 0.4814799 0.027466862 0.020652812 0.8079879 0.14382787 0.16859823 1.3561829e-19 3.8801412e-05 0.007924877 0.0001444036 0.61294764 0.25791177 0.018172828 0.7377694 0.11059736 0.033540018 0.0012072158 0.017730705 6.6332315e-05 0.008225151 0.03950904 0.26938072 0.23485966 0.0270816 0.072415195 0.010468093 0.009736862 0.0004593194 0.5235652 0.013874995 0.00013799997 0.018672096 0.061994728 0.5179897 0.0039195605 0.020214796 0.0065383194 0.0009242245 0.0054160883 0.49689355 0.018761532 0.40003842 0.023817182 9.885672e-05 0.0013102266 0.003623971 0.07821032 0.0035090111 0.064316496 0.0031046872 0.0007650225 0.002665845 1.3501261e-05 7.195506e-05 0.00074918714 0.000545111 0.025464062 2.2198717e-05 0.00035064467 0.0034591588 1.2231117e-05 0.33641842 0.05472469 0.00090152083 0.0025473346 0.22578686 0.000252947 0.0009683637 0.000391974 0.3116065 0.002004173 0.0021950572 0.0033946636 3.780428e-05 0.01232049 0.009160348 0.0021382428 0.0030153538 0.00044541818 2.4696121e-06 0.021297205 0.10312694 1.6186084e-05 0.00023386146 6.3383436e-06 0.0001315506 0.028550392 0.13400008 2.532177e-05
7.5952875e-07 0.063933395 0.0030823043 0.002536875 0.02895963 0.033009637 0.0001025207 0.012177121 0.00023642687 0.4181154 0.0002677088 0.22403197 0.00040402936 0.004459533 0.012379556 7.4135445e-05 1.5121862e-05 1.3689518e-05 3.8801412e-05 1.8702991e-23 5.326581e-09 0.34554577 2.998362e-06 0.0023617402 0.013175298 2.2721828e-05 0.004735833 2.7233202e-06 0.30183905 2.5793972e-07 0.27727896 1.9272256e-05 5.721456e-10 0.0004355977 0.00087684963 3.037989e-07 6.7806645e-09 4.7335902e-07 0.0053031147 0.011526157 0.00023014225 0.0030777645 0.33436736 8.6440076e-07 1.8220078e-08 0.00017440274 3.362563e-08 8.0653655e-07 2.957745e-07 0.00010195374 2.648839e-07 3.175604e-05 1.2043988e-06 1.531531e-05 1.4650245e-06 0.059894092 1.4730633e-08 0.014853533 1.02926515e-05 1.301437e-07 0.00029760163 3.3756638e-07 0.015811408 4.0366976e-07 0.06419822 0.124906 0.018159566 9.300617e-09 1.1056118e-06 0.020372478 1.5363514e-05 4.0213092e-07 0.19919182 0.00027758657 1.8322766e-06 7.927415e-09 1.9917975e-07 2.2936879e-06 0.0027516447 1.5011781e-07 2.4990541e-08 4.8548986e-06 1.4102318e-07 2.8306292e-07 3.7239934e-07 3.8081884e-09 6.667136e-07 9.4374735e-07 1.5464471e-07 5.346333e-07 6.8424544e-07 0.021519678 0.0019553883 0.0014603718 0.026422052 7.2522726e-09 7.903441e-09 1.3714702e-08 4.886524e-07 2.39153e-05 3.0793452e-09
1.3438461e-08 1.5080342e-05 0.001403298 0.0014402497 5.907488e-05 0.00022821128 0.013182601 0.00025369544 0.0083409175 1.9933294e-05 0.002562843 0.00022555965 0.0019380808 0.028925866 0.00019301768 0.006480132 0.11343059 0.0027360828 0.007924877 5.326581e-09 8.113089e-31 2.4539036e-08 0.00544086 0.0005112302 0.0001915695 0.017091233 0.00073042756 0.009419343 3.826303e-09 4.151473e-05 3.8901558e-09 0.048084334 1.060874e-12 0.0013100655 0.00083876535 0.0011763073 3.406709e-10 0.00035379454 2.8279068e-05 2.8806338e-07 0.0024693485 5.510413e-05 8.444051e-09 2.1578862e-05 1.3321667e-10 0.0015253252 1.7423033e-06 2.5150988e-05 1.60431e-05 1.686216e-05 1.0249171e-05 0.0013672602 1.9272626e-05 0.00048035072 4.1945805e-05 2.534787e-10 3.946852e-07 1.5685285e-06 2.622302e-05 2.4607193e-11 2.347004e-08 2.304463e-05 4.041638e-08 3.6150755e-05 1.8776014e-08 2.4763994e-10 3.1688646e-08 3.3047095e-06 3.2449236e-05 2.1536926e-10 1.9160287e-05 4.5193206e-06 4.8272506e-09 0.00018561535 1.0368066e-09 8.8520615e-08 2.939875e-06 3.1200652e-05 6.830744e-09 9.777572e-06 2.4986777e-08 1.3144944e-05 5.231044e-07 1.0200664e-06 1.6938469e-06 7.1067156e-08 3.6189163e-06 3.9947763e-06 1.8134018e-07 1.3218679e-06 3.745375e-05 2.1064133e-09 1.0487796e-06 2.421811e-06 4.4738064e-11 5.3586323e-08 1.2106063e-09 1.9762267e-06 4.0957528e-07 6.137112e-05 2.056351e-09
1.991903e-08 0.048517175 0.0053799115 0.0058306037 0.01373102 0.037965264 0.00092310534 0.0063451095 0.0008991304 0.14490023 0.0009347864 0.33517516 0.0016868749 0.017507115 0.007679475 0.0003957061 0.00011462999 0.00025452353 0.0001444036 0.34554577 2.4539036e-08 6.504892e-23 4.6137528e-05 0.003833364 0.010145365 6.508818e-05 0.004541022 1.0190294e-05 0.043927886 6.997431e-06 0.46462452 9.52837e-05 6.8163373e-09 0.0015857486 0.0022780532 7.8797375e-06 5.5057193e-08 9.024899e-06 0.0027122055 0.036996335 0.000783482 0.0014484767 0.18957156 2.1679596e-06 3.182287e-08 0.00041893378 2.713201e-07 4.5716774e-06 1.1713134e-06 0.0054729227 6.990398e-07 6.430277e-05 5.262234e-06 3.417052e-05 1.7505134e-05 0.030682893 1.5110738e-08 0.0036534704 8.379899e-05 1.5218009e-07 0.00020368774 1.9074105e-05 0.003072814 1.8099483e-05 0.007520685 0.043008614 0.0036404594 1.3816188e-07 9.294355e-06 0.017933004 0.0006541207 3.896176e-06 0.15480463 0.001061598 1.0321561e-05 2.721835e-08 2.436108e-06 1.0993952e-05 0.012011969 4.1210574e-06 1.3361131e-07 6.4317304e-05 3.8374587e-06 7.1032678e-06 8.884472e-06 2.9737237e-08 1.0939275e-05 9.931195e-06 7.468052e-06 1.406765e-05 2.9813637e-05 0.014120555 0.0011412523 0.0021113404 0.04228765 7.5771176e-08 4.1085276e-08 2.4012883e-07 1.3445687e-05 4.8224472e-05 8.109238e-08
0.1245796 0.004126184 0.14645682 0.13233805 0.013543056 0.0054117204 0.17528148 0.041179672 0.30916518 0.002088821 0.41061875 0.002678945 0.36983132 0.013116489 0.009156767 0.4074524 0.085698806 0.29860112 0.61294764 2.998362e-06 0.00544086 4.6137528e-05 8.455559e-20 0.08762345 0.00589613 0.6793606 0.034920182 0.07172102 6.980386e-05 0.10847037 1.928077e-05 0.012728883 0.026103212 0.13948312 0.13063477 0.08100629 0.20695525 0.050178193 0.0050656297 0.00012999988 0.26207942 0.006524492 1.9007372e-05 0.25893742 0.21243845 0.35350433 0.018103749 0.16529918 0.04830093 3.5052584e-05 0.03853192 0.47893754 0.11063403 0.55420566 0.114144534 3.1471285e-05 0.008517636 0.002145441 0.28998366 0.0006897476 0.049167834 0.0055619376 0.00046849836 0.005063137 1.4555116e-06 3.880104e-05 0.00043094758 0.0022774753 0.1566073 3.7793552e-06 2.9133866e-05 0.017971613 1.0674755e-05 0.28611147 0.15913628 0.0040812665 0.014975579 0.55326605 8.0057995e-05 0.0021176056 0.003166002 0.4882946 0.01138861 0.011934302 0.019018449 0.0005660857 0.06610892 0.05424971 0.008229726 0.016656505 0.0014798779 9.621546e-07 0.0028200198 0.02320426 9.591776e-06 0.0027792149 0.00016052427 0.0001868971 0.16256298 0.101226665 0.00074924494
0.3702179 0.07054177 0.22136365 0.25735253 0.177043 0.051313132 0.21102382 0.25673124 0.26082358 0.08811782 0.2518962 0.02235878 0.40184596 0.03406053 0.30207327 0.3527059 0.0327879 0.08167183 0.25791177 0.0023617402 0.0005112302 0.003833364 0.08762345 6.952787e-18 0.38658965 0.26727992 0.753416 0.011823768 0.020205112 0.0046997936 0.0016827687 0.0012660185 0.023925617 0.5500286 0.6197009 0.004456413 0.009619186 0.005152853 0.24748963 0.0026469694 0.50059116 0.306693 0.0022206574 0.0076912832 0.016083375 0.3409063 0.0012151188 0.006498413 0.0013067969 0.0006510945 0.0011278419 0.33984947 0.003186559 0.29799277 0.0034134483 0.0018871349 0.00078945863 0.11870272 0.0058811833 0.09098105 0.3698981 0.0007956967 0.028036889 0.0009554646 0.0037180788 0.0008096083 0.026188293 0.0002256569 0.002437146 0.00074914 0.0001449999 0.0006993105 0.0002788325 0.6076957 0.0070628705 6.220485e-05 0.00062501576 0.11399744 0.00039219012 0.0007503215 2.8107608e-05 0.38680747 0.0004804687 0.0005548518 0.0006275577 3.998813e-06 0.0025606502 0.0023033505 0.00041220407 0.0012392048 0.00014173894 0.00056335115 0.5024646 0.66078544 7.938113e-05 5.2574615e-05 6.4501482e-06 5.011942e-05 0.01999318 0.42455176 3.930335e-06
0.31175926 0.11598746 0.053657554 0.06507412 0.1905428 0.054306753 0.057100374 0.16575661 0.03851649 0.5037742 0.033715732 0.028671373 0.07164275 0.017050574 0.6839365 0.03181714 0.01842008 0.02722919 0.018172828 0.013175298 0.0001915695 0.010145365 0.00589613 0.38658965 1.2884933e-18 0.028501982 0.584347 0.012646394 0.08609209 0.0042382153 0.0036147167 0.0025769107 0.008871173 0.07563468 0.13184804 0.0062340815 0.0012662685 0.003847296 0.81566364 0.0034433138 0.062588 0.6166087 0.011876193 0.00084009545 0.01050499 0.026683748 0.00071916403 0.0006553726 0.00022219148 0.00048703718 0.00018290292 0.024358097 0.00037793408 0.008715465 0.00035892436 0.0052815233 0.0005359083 0.7872896 0.00072941126 0.15217091 0.29531446 0.0029836467 0.16069072 0.0026525653 0.016524889 0.002646858 0.11178071 0.0004187796 0.00034191075 0.0027556047 3.6734e-06 7.648226e-05 0.0023479257 0.15701587 0.0040379036 2.0005702e-05 4.703885e-05 0.0044195256 0.000803023 0.002241729 4.818606e-06 0.016126603 3.15127e-05 5.3864926e-05 7.7984856e-05 3.365632e-07 0.00032886252 0.00034530065 1.9883284e-05 6.721946e-05 0.000115830335 0.0065924255 0.44671306 0.33405155 0.001183255 6.3263324e-06 1.6340148e-06 0.000110496985 0.0019603926 0.07265742 5.527034e-07
0.31057262 0.008874374 0.15845694 0.16308056 0.031349085 0.013132403 0.19885102 0.068242945 0.2810009 0.0043757455 0.28159288 0.006097666 0.3448229 0.03594156 0.020067021 0.41040906 0.11959254 0.2189923 0.7377694 2.2721828e-05 0.017091233 6.508818e-05 0.6793606 0.26727992 0.028501982 5.6298703e-19 0.1465856 0.048414107 0.00044143823 0.02603673 5.8677626e-05 0.013248182 0.21544525 0.30929977 0.29420713 0.037098657 0.079118416 0.017288743 0.012088299 0.0001454779 0.56250465 0.015188862 4.6008303e-05 0.041711103 0.09757089 0.59876 0.0071074422 0.038303055 0.0108182 0.00063339784 0.009256711 0.6589559 0.021850772 0.63686186 0.034624133 8.297678e-05 0.0029493684 0.0038687205 0.1775536 0.005559416 0.07541614 0.0044466974 0.000625242 0.0036916486 6.635582e-06 8.6532295e-05 0.0006981064 0.0012749634 0.058293268 2.0218447e-05 0.00051666657 0.0056409095 2.9886172e-05 0.48544753 0.10535555 0.0014438357 0.006958306 0.5501243 0.0001532521 0.0011728774 0.00063623383 0.5848645 0.0052665197 0.005177273 0.0075419378 6.727975e-05 0.028731683 0.02034496 0.006652964 0.010684223 0.0009981858 4.9082028e-06 0.02003066 0.14114894 3.5518002e-05 0.00061880454 3.4987224e-05 0.0004266001 0.083039224 0.2115335 0.00010721068
0.5320956 0.08079675 0.14483446 0.16748954 0.17759569 0.044239815 0.121814154 0.2108957 0.1703261 0.17666335 0.14552826 0.020832196 0.28573328 0.019436723 0.38937575 0.23586956 0.020152109 0.054072656 0.11059736 0.004735833 0.00073042756 0.004541022 0.034920182 0.753416 0.584347 0.1465856 6.575589e-18 0.011654798 0.03648969 0.0056414525 0.002965818 0.001289614 0.020596059 0.39120045 0.4975889 0.008054071 0.004002324 0.005894817 0.5304972 0.002325991 0.3608385 0.6281413 0.0044333525 0.005261642 0.01338017 0.21073678 0.0012932725 0.004025045 0.0009732159 0.0005404461 0.0008556259 0.20892721 0.0016977574 0.13548519 0.001726723 0.0035725243 0.0007471222 0.22385596 0.0027543935 0.21614513 0.4781989 0.0017068398 0.0490484 0.0020681084 0.0063312845 0.0012849692 0.043302964 0.00024813195 0.0009173387 0.0019104572 5.2312887e-05 0.00032330456 0.00061813043 0.58310044 0.006163642 6.467071e-05 0.00025944356 0.04478701 0.00060077175 0.0010553908 1.2585734e-05 0.24005838 0.00021034939 0.00022215184 0.00024761565 9.0937334e-07 0.001159475 0.0011184093 0.0001674929 0.00045631616 9.792302e-05 0.002554734 0.6498431 0.69834083 0.00022237908 2.29105e-05 1.7062528e-06 4.0958505e-05 0.012554861 0.37998253 1.8510357e-06
1.1557676e-06 0.0004226335 0.045609836 0.04661058 0.004059735 0.00074463687 0.09646041 0.013571183 0.028962806 0.00032550047 0.033607595 0.0013405919 0.039479006 0.029541694 0.007860453 0.025578504 0.28248772 0.26038012 0.033540018 2.7233202e-06 0.009419343 1.0190294e-05 0.07172102 0.011823768 0.012646394 0.048414107 0.011654798 8.327433e-25 0.000284313 0.03659029 2.182392e-05 0.40493953 6.500399e-09 0.010259455 0.0100312615 0.223079 0.0008918484 0.061797 0.005345811 3.468394e-05 0.013459235 0.0040380326 2.8233649e-06 0.036203317 2.6387586e-05 0.014807143 0.0073367427 0.037346758 0.010424204 0.00022230655 0.009873991 0.018274847 0.020022308 0.015385962 0.017747758 1.0787225e-05 0.0028817002 0.002527075 0.017102387 1.3106295e-08 4.0237264e-05 0.04408745 0.0005042405 0.041360684 5.473705e-06 7.216256e-06 0.0003527295 0.005561871 0.0072150086 7.1258137e-06 0.0019026351 0.00529064 8.576698e-07 0.011100756 6.9958e-05 0.0021073783 0.0034511152 0.009697708 1.8021028e-05 0.012405716 0.0016644625 0.009736393 0.0015646613 0.002011804 0.0019796127 0.00101233 0.0025394333 0.0020601135 0.0013213311 0.0015399393 0.022881966 1.5876658e-06 0.0005301865 0.004057386 5.148108e-07 0.00085048075 0.0002751234 0.006073728 0.0009659385 0.04726796 0.00062679604
0.0097452365 0.042285535 0.006620832 0.0071593244 0.030480457 0.013857038 0.0007770183 0.020094607 0.001792214 0.3348255 0.0019861737 0.02499333 0.004814188 0.001772619 0.046966407 0.00280706 0.0005902434 0.000906896 0.0012072158 0.30183905 3.826303e-09 0.043927886 6.980386e-05 0.020205112 0.08609209 0.00044143823 0.03648969 0.000284313 1.3141115e-19 5.180406e-05 0.016960809 0.000129845 4.760724e-06 0.004637316 0.0060054753 0.00014254292 2.3083961e-05 6.7127854e-05 0.06344064 7.937599e-05 0.002754751 0.028122699 0.3511594 1.5795378e-06 1.6787693e-05 0.0012889943 3.970709e-07 1.129369e-06 8.104627e-07 1.209212e-06 6.377133e-07 0.0010823219 1.4112079e-06 0.00047550935 6.025468e-07 0.14572866 3.7033796e-08 0.4262679 4.230449e-06 0.00048384056 0.0045483597 1.8523098e-05 0.40419057 1.6614309e-05 0.44447854 0.050583072 0.409667 1.6492689e-07 2.748872e-07 0.04602547 2.533459e-09 9.912818e-08 0.010781682 0.0023305782 9.80637e-06 2.0874724e-08 2.4573131e-08 1.0931922e-05 3.5970243e-05 2.060806e-05 1.6298701e-08 9.560374e-05 1.35041365e-08 2.1063624e-08 2.9433703e-08 1.6521702e-09 7.306954e-08 1.0559308e-07 4.025789e-08 2.664903e-07 3.5010337e-06 0.07075185 0.12510006 0.019131456 7.391483e-05 4.874707e-09 3.6764927e-09 9.895454e-07 5.6665785e-06 0.00024494404 1.6638997e-09
0.00075120287 0.00023811309 0.007128962 0.008906262 0.0013754878 0.0006194487 0.01864857 0.004262971 0.011008998 0.000258583 0.02312091 0.0005606018 0.011451893 0.0015995916 0.001551068 0.008056676 0.011519498 0.25022802 0.017730705 2.5793972e-07 4.151473e-05 6.997431e-06 0.10847037 0.0046997936 0.0042382153 0.02603673 0.0056414525 0.03659029 5.180406e-05 6.665105e-21 1.6269707e-06 0.007185519 1.530601e-05 0.007130219 0.00645445 0.16805807 0.18820772 0.18154922 0.0009792517 7.09096e-05 0.009604761 0.00039048327 6.534956e-06 0.16249919 0.026652368 0.012181592 0.345314 0.13241841 0.17572257 1.3113266e-05 0.18558262 0.01727728 0.109028086 0.022425395 0.11777941 2.0972261e-06 0.23074108 0.00028029006 0.07755666 3.078265e-05 0.0010016778 0.022489421 0.00016567658 0.03132247 2.9805321e-06 1.8552524e-06 0.00011022798 0.052086525 0.06972563 4.6484402e-07 1.589981e-06 0.059325214 1.6378738e-07 0.010675734 0.025138557 0.049065713 0.043620914 0.038472272 4.875656e-05 0.0018723187 0.031749655 0.02109268 0.024856888 0.02484203 0.026977845 0.029347174 0.04660599 0.048539855 0.016024554 0.01774088 0.0010021876 6.9307774e-08 3.0125055e-05 0.0005841805 1.444016e-07 0.019425733 0.009111957 0.0021403157 0.016818013 0.004057169 0.016927885
3.121209e-10 0.0147390105 0.00052395073 0.00084589503 0.0035916767 0.015845552 0.00010217001 0.00094605295 0.0001064738 0.050925206 0.00017196518 0.19708583 0.00036697133 0.0047784713 0.0027953044 9.794552e-05 0.00032493818 6.19813e-05 6.6332315e-05 0.27727896 3.8901558e-09 0.46462452 1.928077e-05 0.0016827687 0.0036147167 5.8677626e-05 0.002965818 2.182392e-05 0.016960809 1.6269707e-06 1.5781448e-21 4.6776615e-05 2.4323168e-10 0.000738567 0.0011240545 6.714408e-06 1.4266611e-08 6.00613e-06 0.0014209346 0.018416347 0.00020955231 0.00077002734 0.11998389 9.517308e-07 5.2996048e-09 0.00010689124 1.1266833e-07 2.3197006e-06 1.568512e-06 0.0026132646 8.87313e-07 1.0241883e-05 8.464285e-06 7.0492597e-06 1.2620626e-05 0.019970449 1.3737322e-08 0.0017789807 3.055912e-05 1.5297843e-08 1.5050444e-05 1.43912175e-05 0.0014063014 1.4612048e-05 0.003455657 0.04015376 0.0017415675 9.2631254e-08 7.628248e-06 0.016267352 0.0005439301 4.6372893e-06 0.36480403 0.00015072874 9.693496e-07 5.8058667e-08 3.649008e-06 3.833369e-06 0.010398186 3.2150062e-06 8.067446e-08 1.666061e-05 3.3087397e-06 4.1057583e-06 3.9251995e-06 2.707157e-08 3.6509086e-06 2.696014e-06 3.4279126e-06 5.3974063e-06 1.3488454e-05 0.012074979 0.0007426688 0.00029639446 0.075469255 7.368478e-08 3.9307224e-09 1.2047367e-06 3.3316262e-06 6.8353356e-06 6.2190724e-09
