8.458338e-34 0.91989636 0.008840341 0.87401175 0.95528877 0.9525202 0.49770242 0.82883686 0.32255837 0.33492538 0.8707388 0.96091425 0.9871836 0.64405304 0.72725236 0.28346267 0.99262613 0.08900726 0.39006832 0.78695965 0.20672859 0.9951847 0.002134495 0.19870508 0.056969598 0.96216655 0.8101878 0.4543909 0.9971136 0.11045623 0.8602701 0.018187974 0.9118251 0.42340207 0.00837774 0.04958896 0.28553954 0.007870302 0.9041446 0.088775426 0.090717725 0.1325112 0.081566505 0.03373946 0.01003309 0.9501539 0.0010537314 0.03818102 0.0034399105 0.061636217 0.03621304 0.4130017 0.0014834952 0.004637548 0.025699366 0.9932957 0.8242643 0.028206859 0.00056122174 0.011244711 0.009413354 0.0040725414 0.0063216407 0.00038967506 0.99891526 0.006587986 0.6742972 0.016163502 0.0024231372 0.0054350803 0.9993572 0.9992458 3.1772277e-05 0.024145823 0.7827317 2.5013292e-06 5.7539596e-06 5.421591e-06 0.0005825785 0.0021644444 0.0022392026 0.29870513 0.998901 0.0009518217 0.0003263982 0.052868195 1.84206e-06 0.0004922566 0.8661938 0.00047503525 9.0662754e-05 0.00025328423 2.2148672e-06 0.99984086 0.9076423 0.20723423 8.136394e-07 0.20353733 4.5244025e-05 9.286393e-05 6.4400587e-07
0.91989636 4.745822e-18 0.082251735 0.6625322 0.2250028 0.64349335 0.39803523 0.09945945 0.27084792 0.24634318 0.12752655 0.023127586 0.48326308 0.06022284 0.023378648 0.18399504 0.22925599 0.15746856 0.09089148 0.021316223 0.16598985 0.07113064 0.0009071054 0.0009512096 0.29098508 0.0023651347 0.00076132594 0.00059021526 0.24872328 0.15201648 0.00056220125 0.19103982 0.007873163 0.00080463325 0.1563414 0.03912633 0.0005487083 0.07164671 0.00085435883 0.0022294999 0.0015924834 8.251868e-05 0.0006397427 0.0033436585 0.14072514 0.00080152537 0.058962017 0.00022739334 0.022930512 6.0020993e-06 0.00079961744 4.967004e-05 0.01917578 0.012256 0.00015024595 0.009245374 0.0028837167 0.01237791 0.056504093 0.00013758801 0.0005038439 0.060967963 6.6524386e-05 0.05720151 0.055013236 4.1186082e-05 1.6673994e-05 1.019323e-05 0.002675785 0.034193326 0.034482032 0.0136391325 0.006161828 5.170769e-06 0.0024340716 0.0070217717 0.009676415 0.0040177656 6.429209e-05 0.002041254 0.00019021815 0.0025620416 0.020071002 7.550159e-05 0.00011196925 5.120162e-06 0.0069842683 4.8360565e-05 0.0009802991 0.0023843828 0.0055876984 7.591378e-05 0.00072120223 0.02608529 0.00047681425 7.411812e-05 0.00010564854 6.1991614e-06 4.7416984e-06 9.704235e-07 0.0017012032
0.008840341 0.082251735 9.973845e-35 0.030046167 0.29697782 0.014579784 0.0013558286 0.3496014 0.0009052918 0.0015696165 0.0009787871 0.24672268 0.09471008 0.023855045 0.025017517 0.0006407386 0.14515811 8.2853185e-05 0.00035785988 0.00018760926 0.0011104505 0.14406686 4.3357375e-16 0.0018022534 4.988863e-06 0.00042551823 4.2360673e-05 6.903599e-06 0.014107431 0.00025117252 0.00010084871 2.5330185e-06 0.0068392158 0.0002968895 1.4063631e-06 6.554895e-05 0.00018598532 4.0688533e-06 4.4946126e-05 0.000147941 3.112018e-07 1.3283515e-07 2.6624184e-07 1.9541949e-07 6.367425e-06 1.9030535e-05 1.0441302e-06 0.00013051528 1.1002002e-06 9.74457e-08 4.4246194e-06 6.7612705e-06 5.9962093e-07 1.8396547e-06 1.2308216e-05 0.0056547862 0.0035787271 0.00035378343 6.208974e-07 1.8303064e-06 4.050559e-08 2.7113621e-05 3.7023415e-08 2.3257878e-06 0.005288032 3.1983125e-06 6.0575335e-06 5.1230437e-08 4.631625e-07 5.1855317e-05 0.022015873 0.005662012 2.5684986e-07 1.1486357e-07 0.0006250682 3.8118095e-08 7.76265e-08 8.572368e-08 3.333692e-08 8.301077e-06 3.4541918e-06 5.6816305e-05 0.0012119084 1.2547198e-06 4.1589956e-08 1.2278361e-08 3.363525e-08 5.977836e-07 3.597777e-06 2.9683204e-06 9.450533e-07 8.570583e-07 4.3685355e-12 0.0036079306 8.771678e-07 1.0235422e-08 1.3467454e-12 3.2181106e-08 2.8915041e-08 5.284487e-08 2.8975718e-08
0.87401175 0.6625322 0.030046167 2.3809378e-19 0.22897823 0.32337096 0.5989696 0.11536521 0.3544266 0.5305722 0.05564101 0.026012942 0.38702118 0.1258905 0.03738086 0.15833615 0.22477512 0.15042222 0.07099865 0.006490269 0.26984817 0.074509114 8.088752e-05 0.002058461 0.34223473 0.0011744455 0.00016659078 0.0001401022 0.16946146 0.23511389 0.00033718694 0.2461954 0.0090628145 0.0014769183 0.1738669 0.0363125 0.0009461134 0.06477826 0.00059171324 0.006058369 0.00041132112 1.6837703e-05 0.00012307437 0.0006812354 0.1884833 0.0007311524 0.057615593 0.00039379552 0.024988908 1.8533092e-06 0.0012005727 3.393624e-05 0.019488038 0.009314231 0.00029247798 0.011470721 0.0037537876 0.03158523 0.05846271 0.00033609202 0.00016417123 0.10912196 2.5485202e-05 0.071936406 0.03692159 8.572079e-05 1.315278e-05 2.7014084e-06 0.0024667135 0.07236679 0.023664 0.015272008 0.006330883 2.843683e-06 0.0041407775 0.01039357 0.01294499 0.004943565 5.573901e-05 0.0032929843 0.00026636315 0.003451196 0.010744258 0.00010333129 8.0464284e-05 3.604024e-06 0.010384787 6.45718e-05 0.00040171988 0.004584931 0.013321169 0.00013063582 0.0024845125 0.01693977 0.00037592073 4.748411e-05 0.00013118851 3.6749977e-06 6.25783e-06 8.934257e-07 0.0042485814
0.95528877 0.2250028 0.29697782 0.22897823 9.855588e-18 0.16473845 0.09879547 0.39425194 0.061570045 0.08475754 0.045798343 0.3349746 0.49191034 0.14504693 0.09419685 0.05532242 0.54594254 0.03689175 0.022196643 0.0039644246 0.13119695 0.40068683 0.001161744 0.0036246257 0.090130575 0.00020591213 4.473355e-05 3.0913565e-05 0.115523115 0.1040841 4.4070144e-05 0.062715955 0.040185105 0.004401257 0.01727938 0.0051675574 0.0018745081 0.005850578 3.152015e-05 0.014636443 0.00011581311 3.2718358e-06 3.9535884e-05 0.00022416403 0.047097366 1.2689044e-05 0.0028388733 0.00036767335 0.00089008355 6.736135e-07 0.001387025 6.7826345e-06 0.0007095319 0.00061509054 0.00041439236 0.036280025 0.008463744 0.025556076 0.004931054 0.00019808309 1.9826744e-05 0.036799096 5.11142e-06 0.010447193 0.033781275 9.3460716e-05 8.455381e-07 2.3466216e-06 0.00012388064 0.031462193 0.07336904 0.054257352 0.00034680666 1.3693126e-06 0.006289274 0.00055279385 0.00046764576 0.00049738376 5.7408865e-06 0.001531865 0.00013261751 0.0028968814 0.009285089 5.423265e-05 1.2144294e-05 3.3829502e-07 0.00033576574 2.9593815e-05 6.510363e-05 0.0015465305 0.0021610137 7.4751886e-05 0.0004529575 0.019326597 2.166931e-05 5.322966e-07 3.246637e-06 2.0656402e-07 1.3929774e-06 2.1048812e-07 0.00030982614
0.9525202 0.64349335 0.014579784 0.32337096 0.16473845 1.0286662e-15 0.28591266 0.011774145 0.37500167 0.15850814 0.44900864 0.006040888 0.6193577 0.024802083 0.0032792252 0.3130334 0.19549507 0.21897465 0.22175226 0.18864828 0.055065863 0.028525433 0.03606269 0.00014333506 0.22102822 0.038743615 0.017975511 0.013618862 0.6503695 0.06132647 0.012639447 0.1266997 0.0039183646 0.00036408534 0.10668661 0.063387945 9.3313225e-05 0.0658601 0.008684836 0.0005265269 0.013991401 0.0017559853 0.006467482 0.013963534 0.03650584 0.0042234394 0.043352157 8.277583e-06 0.018031742 0.00017427953 0.00012257104 0.0009211948 0.014549463 0.011362156 2.6007565e-05 0.0032371953 0.0014388007 0.0013787613 0.028836813 1.6418038e-05 0.00094876986 0.011052571 0.00015173457 0.014134359 0.18827716 4.0951104e-06 0.00018188152 4.634886e-05 0.0031951051 0.0052178837 0.0806596 0.008622253 0.00365606 2.0245112e-05 0.00033462068 0.0041756444 0.005243164 0.0029324114 0.00012014495 0.0002353886 4.393276e-05 0.0001736996 0.10912241 1.26295245e-05 0.00017638737 1.5520409e-05 0.0021372787 5.075837e-06 0.0037007958 0.0002789559 0.00054180255 1.571747e-05 6.7278976e-05 0.13160731 0.0011649908 4.3210373e-05 0.00018540851 1.4050059e-05 9.267721e-06 2.016802e-06 0.00033088945
0.49770242 0.39803523 0.0013558286 0.5989696 0.09879547 0.28591266 1.2702391e-21 0.032337364 0.7805513 0.8122425 0.06421556 0.006232453 0.22627105 0.048536677 0.012997546 0.106192805 0.09561462 0.12492593 0.040211253 0.014155692 0.07453332 0.025755422 8.896368e-06 0.00047711944 0.2555887 0.002045627 0.00080713833 0.00046232186 0.102029055 0.07877979 0.0011006248 0.15322138 0.0023338255 0.0008235928 0.14848156 0.028305158 0.0003585732 0.053850934 0.0008383635 0.0020822478 0.0011393933 5.1831736e-05 0.00026351892 0.0012367106 0.079189494 0.0006685151 0.040066984 6.1853054e-05 0.02288094 4.035761e-06 0.0005294236 0.000114289316 0.020153781 0.010721892 3.005991e-05 0.004157561 0.001463615 0.011645654 0.047344144 7.984595e-05 0.00022840398 0.060849108 2.8485429e-05 0.041522194 0.020012422 1.8955383e-05 1.494342e-05 5.0771205e-06 0.0027547707 0.0417306 0.009135122 0.0037305686 0.0074118297 1.6438131e-06 0.0011893241 0.007791971 0.009704059 0.0037269595 4.4680557e-05 0.0006377924 5.0588482e-05 0.0005048231 0.0057122405 1.443636e-05 6.144063e-05 1.723178e-06 0.00683356 7.0164488e-06 0.0005365332 0.0009090765 0.005255258 2.7092272e-05 0.0004689058 0.008076512 0.00023049898 2.3729437e-05 9.241548e-05 6.7302466e-07 2.460202e-06 7.8374194e-07 0.0034280028
0.82883686 0.09945945 0.3496014 0.11536521 0.39425194 0.011774145 0.032337364 5.3502786e-19 0.01024268 0.028914206 0.0020750884 0.69539875 0.08426414 0.4123925 0.43363798 0.005352576 0.13768788 0.0057619335 0.0024309573 0.00017701813 0.110795416 0.4182117 0.00013835685 0.04560073 0.021034697 0.00023090953 2.7878847e-05 1.1613145e-05 0.02670719 0.08366025 0.00013394449 0.020293275 0.27602854 0.05875316 0.0031971657 0.0015950545 0.025381152 0.0014517838 4.474968e-05 0.10503693 7.310485e-05 4.101892e-06 5.3844844e-05 0.0002609473 0.020745907 1.4595488e-05 0.00049900415 0.003196213 0.00035738395 1.2603527e-06 0.02056205 3.96481e-05 0.00028036546 0.0003396203 0.0017080546 0.13928631 0.058762204 0.08949666 0.0015565687 0.0055450266 3.864807e-05 0.032501653 2.1324857e-05 0.007782302 0.009321237 0.00094575575 5.828201e-06 6.172844e-06 0.0001458975 0.053321566 0.045435753 0.11752323 0.0003555804 3.943092e-06 0.02568892 0.00012896484 0.00013919073 0.00018447533 2.0235424e-05 0.0077360612 0.001593003 0.015592236 0.002067507 0.00093819806 3.8077058e-05 4.25188e-07 0.00015850955 0.0004619415 5.8557827e-05 0.007461205 0.0025591953 0.00099907 0.0003451061 0.008256643 1.2246349e-05 3.6619605e-07 1.8460414e-06 1.4159214e-07 3.1771988e-06 2.7223112e-07 5.999602e-05
0.32255837 0.27084792 0.0009052918 0.3544266 0.061570045 0.37500167 0.7805513 0.01024268 2.2750885e-20 0.6302415 0.17211124 0.002339352 0.12890194 0.019273508 0.004683257 0.31942064 0.05101533 0.47757018 0.1498867 0.05139726 0.14007032 0.009319011 3.0368941e-05 0.00012335651 0.37251514 0.008233427 0.0034955507 0.0022899406 0.11454501 0.112496994 0.0038647153 0.21491168 0.0016888063 0.00018740486 0.21017376 0.106544994 0.00012721887 0.1987425 0.0025391534 0.00031933142 0.005531274 0.00028733182 0.0016667062 0.008725387 0.123891816 0.0013526636 0.073927775 1.0825118e-05 0.079802945 2.5124284e-05 0.0001285785 0.00068558194 0.06357081 0.046090774 7.428169e-06 0.0015625743 0.0005161935 0.0058696014 0.06910401 1.7261871e-05 0.001328244 0.05866431 0.00012150833 0.06553499 0.015872063 2.0063067e-06 6.746382e-05 2.7438016e-05 0.014051426 0.023516515 0.005291942 0.0013952944 0.022538332 7.4701748e-06 0.00048378605 0.012330381 0.014074252 0.012676682 0.00013614065 0.00025976764 2.512263e-05 0.00023134904 0.0064004078 7.420904e-06 0.00030420875 1.0079809e-05 0.011539339 3.6823371e-06 0.0028105385 0.00041817717 0.002380316 1.3840942e-05 3.0258538e-05 0.009101005 0.0004144052 4.5217454e-05 0.0003485122 3.5064734e-06 4.651254e-06 1.5254881e-06 0.005340876
0.33492538 0.24634318 0.0015696165 0.5305722 0.08475754 0.15850814 0.8122425 0.028914206 0.6302415 1.5470135e-20 0.043097872 0.0064489706 0.18243982 0.07034173 0.017046819 0.0913944 0.0842525 0.12028076 0.03400649 0.006122781 0.16543725 0.02202537 2.2548716e-06 0.0010382232 0.2572475 0.0013511102 0.00022385216 0.00017904567 0.06633871 0.13475704 0.00051404623 0.20856085 0.0028131986 0.0012608982 0.16181205 0.029374434 0.00065686594 0.062035065 0.00040672682 0.0040567648 0.0003875814 2.3821925e-05 0.00012253938 0.00063189556 0.13428433 0.00042563633 0.045024414 0.00019538979 0.025128448 2.3558373e-06 0.0010094033 6.791946e-05 0.020765342 0.009956132 9.375612e-05 0.003884642 0.0018263016 0.02737339 0.05836877 0.00018183557 0.00014848773 0.10412398 1.777529e-05 0.06490091 0.010906989 4.7115445e-05 1.0222883e-05 3.088352e-06 0.002728771 0.08265747 0.005035502 0.002961324 0.008606388 2.6321597e-06 0.0018726161 0.009565746 0.012127519 0.00514443 5.6135686e-05 0.001689665 0.0001289116 0.0013335901 0.0039281035 5.2711817e-05 9.049992e-05 1.8663847e-06 0.010351426 3.2521486e-05 0.00024164242 0.002887962 0.013574303 7.444228e-05 0.0020183446 0.006286674 0.00018090138 1.221382e-05 9.8367505e-05 7.5128014e-07 3.1444447e-06 8.630359e-07 0.0068130987
0.8707388 0.12752655 0.0009787871 0.05564101 0.045798343 0.44900864 0.06421556 0.0020750884 0.17211124 0.043097872 1.02943745e-19 0.0019336417 0.11351212 0.0021739253 0.0002618662 0.5983619 0.031634547 0.33653152 0.5852588 0.46536937 0.007794301 0.0069322158 0.0033825254 0.00015592042 0.13305819 0.16838092 0.1421017 0.1892089 0.25561637 0.018478692 0.102627344 0.05876974 0.0035620548 2.2750211e-05 0.10912581 0.25741294 4.682464e-05 0.1430378 0.05291009 1.1109773e-05 0.18058006 0.052849643 0.09880463 0.12905301 0.025547903 0.036725514 0.07340087 6.175641e-06 0.07708049 0.010973716 5.2058327e-05 0.016659318 0.058355115 0.07929207 1.6539881e-05 0.0032117749 0.0013739271 0.0011435201 0.031813525 3.664686e-05 0.025111066 0.008691581 0.01044418 0.008912473 0.10003755 1.4401556e-05 0.004048428 0.0042170864 0.0509941 0.007919455 0.010706168 0.0019477688 0.016058063 0.0014183399 0.00096848694 0.010487278 0.009778673 0.011554371 0.0046570576 0.0010019344 0.00015527138 0.00051286124 0.059724476 6.0609167e-05 0.005598148 0.0009167593 0.0028842834 4.1782438e-05 0.03006953 0.0010601688 0.0021846788 8.257993e-05 2.4746148e-06 0.027076775 0.016032036 0.0071703293 0.0049128956 0.0012638351 0.0010095871 0.0001606183 0.0007738894
0.96091425 0.023127586 0.24672268 0.026012942 0.3349746 0.006040888 0.006232453 0.69539875 0.002339352 0.0064489706 0.0019336417 9.204901e-19 0.05530207 0.19355452 0.2278433 0.0016449009 0.12991369 0.0010526447 0.000691012 0.000113686314 0.024141526 0.60550827 0.00044823787 0.033761993 0.0041557355 3.5769066e-05 2.7846336e-06 5.50242e-07 0.012043174 0.016078454 3.336071e-06 0.0038432416 0.58817536 0.037853885 0.00077692204 0.00046498945 0.014725706 0.00042237295 2.5266204e-06 0.04108974 8.199102e-06 1.3220438e-07 3.757143e-06 2.9503417e-05 0.0038981724 1.1102715e-06 0.00032563804 0.0020745134 0.00018937685 3.885738e-08 0.008653644 4.080637e-07 0.00012225327 0.00018833547 0.0010254544 0.1467587 0.041275233 0.035959166 0.0008828503 0.0022938708 2.5254496e-06 0.009010048 3.2856767e-07 0.0024641932 0.007013867 0.00054603216 1.7317684e-07 1.7307727e-07 6.36908e-05 0.014387253 0.02771696 0.09432429 7.19876e-05 4.268904e-07 0.022403756 4.5819543e-05 7.536304e-05 4.9874438e-05 1.7641463e-06 0.0058860057 0.0021120252 0.012123141 0.002455401 0.00096641795 4.546403e-06 4.1143068e-08 7.555575e-05 0.0004937223 1.1194239e-05 0.003448878 0.0007044182 0.0007206628 6.895601e-05 0.013442566 1.1961881e-06 5.0103758e-08 4.6745936e-07 1.5109125e-08 1.1055348e-06 4.878972e-07 1.1414786e-05
0.9871836 0.48326308 0.09471008 0.38702118 0.49191034 0.6193577 0.22627105 0.08426414 0.12890194 0.18243982 0.11351212 0.05530207 5.5097247e-18 0.061904114 0.029817052 0.08450817 0.6829982 0.058977764 0.04340272 0.026217064 0.105997615 0.12426028 0.0349013 0.002689195 0.087122746 0.0028060926 0.0008339188 0.00091163116 0.17606884 0.0754265 0.00040825465 0.0589596 0.0070745563 0.0018151661 0.028899023 0.008515618 0.00070023246 0.008475788 0.000320795 0.0036981127 0.00049465126 2.9478668e-05 0.00014105703 0.00040827724 0.032188192 0.00031431706 0.00527859 0.00016756878 0.0021490206 2.6527512e-06 0.00075534184 1.2383947e-05 0.0019272176 0.000978584 0.00034216893 0.0053383578 0.002957209 0.004635136 0.008738257 0.000108773624 1.6177704e-05 0.013475347 7.474358e-06 0.009748048 0.040989242 4.0582716e-05 2.7674519e-06 6.0575335e-06 0.00018724517 0.010023033 0.06247336 0.01430438 0.00059296587 3.442921e-06 0.0015173109 0.0014326106 0.0022927094 0.0005211677 7.360599e-06 0.0013453871 0.0003398484 0.00077593385 0.02062507 0.00011517505 1.2260816e-05 3.372726e-07 0.0023464046 8.4455256e-05 0.00020168426 0.0013639021 0.0039463225 0.0001462809 0.00096280687 0.06449729 2.0805375e-05 2.0314387e-07 4.7155836e-06 6.0048066e-08 2.9277292e-06 1.7196187e-06 0.0016679473
0.64405304 0.06022284 0.023855045 0.1258905 0.14504693 0.024802083 0.048536677 0.4123925 0.019273508 0.07034173 0.0021739253 0.19355452 0.061904114 1.0413706e-17 0.62067723 0.006652122 0.07262897 0.010467849 0.0014881869 0.0002902041 0.32626107 0.26088274 1.9957242e-05 0.10048779 0.075716004 0.000344737 2.8466255e-05 8.57946e-06 0.027723044 0.2631691 0.0002185878 0.08602309 0.18063423 0.27512228 0.01718123 0.002449786 0.19453013 0.005823374 0.00021750628 0.28971946 7.01256e-05 3.7508958e-06 4.7233178e-05 0.0003203386 0.12113754 0.00018496947 0.0035654854 0.019798776 0.0024333787 6.9267827e-07 0.18993479 4.5738554e-05 0.0017646991 0.0016326739 0.007326168 0.10822146 0.07854157 0.24487612 0.011598172 0.038894832 0.00011532211 0.1519285 1.3494129e-05 0.036288492 0.0040955986 0.007111324 3.7749282e-06 2.2155307e-06 0.0005008332 0.1902053 0.021376211 0.05761469 0.0010893936 2.2171562e-06 0.04870277 0.001218326 0.0018959019 0.00070147566 2.1156384e-05 0.052609727 0.0129195545 0.038650274 0.001724781 0.0060330234 4.04223e-05 6.7989635e-07 0.0014113123 0.0027081359 0.0001410745 0.033676792 0.030086312 0.0053177434 0.007819145 0.0036608316 7.162117e-05 4.3151917e-06 1.9933912e-06 8.897271e-07 3.1800057e-06 3.7982974e-07 0.0016626525
0.72725236 0.023378648 0.025017517 0.03738086 0.09419685 0.0032792252 0.012997546 0.43363798 0.004683257 0.017046819 0.0002618662 0.2278433 0.029817052 0.62067723 1.0589002e-17 0.0011221888 0.04544713 0.002588366 0.0004899345 5.434318e-05 0.11331314 0.23435186 2.3940467e-05 0.20490465 0.012000811 0.00018572618 9.697346e-06 2.9132377e-06 0.00688627 0.098950565 7.88656e-05 0.022428283 0.4027502 0.39083633 0.0054341764 0.0025876318 0.2618981 0.0028740154 8.022269e-05 0.36619592 9.420855e-05 4.294808e-06 4.8201025e-05 0.00042127114 0.03036375 4.794749e-05 0.0019950916 0.019297244 0.0028156505 7.9527143e-07 0.20084445 4.194217e-05 0.0022409693 0.0024877384 0.010745493 0.19540304 0.12395409 0.20130408 0.0067031863 0.060957383 6.4350614e-05 0.057958987 2.0181595e-05 0.015687268 0.0017913867 0.012483809 5.107463e-06 5.4022576e-06 0.0007312932 0.12163947 0.01402102 0.066550985 0.0015263832 1.0758478e-05 0.04462673 0.0010350833 0.0014080891 0.00090352324 2.3068818e-05 0.044049356 0.015648846 0.043275427 0.0008596557 0.010736104 7.800725e-05 1.3754233e-06 0.001417084 0.0061806417 0.00016360388 0.02760538 0.016250908 0.007854832 0.0015766752 0.0023457175 5.0976843e-05 8.875766e-06 4.8359207e-06 1.495817e-06 7.508329e-06 1.0276856e-06 0.00063294615
0.28346267 0.18399504 0.0006407386 0.15833615 0.05532242 0.3130334 0.106192805 0.005352576 0.31942064 0.0913944 0.5983619 0.0016449009 0.08450817 0.006652122 0.0011221888 1.6348949e-20 0.027695479 0.6602851 0.60803473 0.2421361 0.079470366 0.005956624 0.00014755831 0.00038553245 0.2891365 0.04846709 0.02376196 0.029364213 0.11651009 0.09074072 0.034653183 0.18305452 0.0033284014 9.09285e-05 0.17382653 0.4616965 7.225191e-05 0.3842193 0.02160741 2.8289076e-05 0.06350941 0.0061879843 0.018982986 0.100770466 0.07589014 0.01230691 0.11892962 5.760738e-05 0.17636596 0.0014457757 5.891009e-05 0.00687796 0.11254985 0.14029525 1.5870562e-05 0.0032835423 0.0019086462 0.0041549862 0.074043825 1.8048395e-05 0.009466712 0.034552276 0.0018836043 0.03618405 0.028407715 1.882192e-05 0.001652544 0.0006096808 0.06914378 0.018043904 0.005441003 0.002105488 0.036272723 0.00020247865 0.001989384 0.012868953 0.015362701 0.022460563 0.00214871 0.00065512425 7.982798e-05 0.0011195741 0.020866336 2.9756628e-05 0.0033382177 0.0003171647 0.007238285 1.3433459e-05 0.015172979 0.0007665134 0.0018816959 5.765657e-05 4.017555e-06 0.014262589 0.004592719 0.0010938488 0.009434127 0.00027646375 0.00025865252 2.784975e-05 0.0022308142
0.99262613 0.22925599 0.14515811 0.22477512 0.54594254 0.19549507 0.09561462 0.13768788 0.05101533 0.0842525 0.031634547 0.12991369 0.6829982 0.07262897 0.04544713 0.027695479 2.7387197e-18 0.015567757 0.008547069 0.0034688478 0.07306096 0.20918408 0.019563455 0.0027415238 0.025297077 0.00059107004 0.00011047518 3.7626167e-05 0.048230562 0.042764287 0.0001208071 0.016761787 0.011214885 0.0017233308 0.0054504294 0.0016031507 0.00055483327 0.0014154518 5.5495024e-05 0.003910344 5.8386355e-05 2.7080685e-06 2.321368e-05 5.8326197e-05 0.012638874 4.510349e-05 0.0012107209 0.00044179117 0.0001426596 8.473706e-07 0.0005495525 6.132218e-06 0.00013055188 8.873087e-05 0.00032244026 0.0038915162 0.0037544547 0.0032469702 0.0024620204 6.2639294e-05 4.4018293e-06 0.0055040084 2.1783758e-06 0.003568176 0.018266397 2.1166052e-05 5.2551957e-07 1.8775423e-06 5.826599e-05 0.005755104 0.041288923 0.01293576 8.718053e-05 1.0627151e-06 0.0024290523 0.0004260705 0.0006262386 8.007494e-05 5.2898727e-06 0.00073386 0.00014626766 0.0013794755 0.008495384 3.7248785e-05 7.893335e-06 1.1264416e-07 0.0006257801 2.797617e-05 4.1595456e-05 0.0009928151 0.0018656428 8.043268e-05 0.0006575886 0.0357209 4.210815e-06 4.884854e-08 1.8316213e-06 1.5850846e-08 2.5881586e-06 1.6834241e-06 0.00086152286
0.08900726 0.15746856 8.2853185e-05 0.15042222 0.03689175 0.21897465 0.12492593 0.0057619335 0.47757018 0.12028076 0.33653152 0.0010526447 0.058977764 0.010467849 0.002588366 0.6602851 0.015567757 1.1726664e-20 0.41593304 0.090421975 0.21171023 0.003091818 3.1325726e-05 0.00036546937 0.551351 0.026738714 0.012416025 0.009800777 0.06050815 0.20858864 0.016086405 0.3393396 0.0024757518 0.00024135176 0.30214646 0.41141748 0.00012857064 0.56342936 0.010075726 0.00022273372 0.02215896 0.0018354466 0.0069976617 0.045162246 0.17989047 0.004015046 0.21619378 7.729302e-05 0.268772 0.00027739786 8.889027e-05 0.003565324 0.20018783 0.16731381 2.0250152e-05 0.0013171473 0.001532223 0.008512618 0.15226969 1.5947106e-05 0.004581736 0.08757245 0.00067777885 0.08919088 0.008806691 2.3991986e-05 0.0007426324 0.00018244718 0.08087521 0.033168774 0.004058607 0.0010363436 0.075731315 7.174272e-05 0.0011313952 0.023433972 0.026954705 0.038398247 0.0009868996 0.0008184544 0.0001200531 0.0006220339 0.008347873 2.7150856e-05 0.0015702946 0.00014230834 0.013098949 1.0797392e-05 0.005760499 0.0007472723 0.002590553 4.7525158e-05 5.3778025e-05 0.009389146 0.0018010705 0.00046775726 0.006353032 8.349696e-05 5.766108e-05 1.0297659e-05 0.007699139
0.39006832 0.09089148 0.00035785988 0.07099865 0.022196643 0.22175226 0.040211253 0.0024309573 0.1498867 0.03400649 0.5852588 0.000691012 0.04340272 0.0014881869 0.0004899345 0.60803473 0.008547069 0.41593304 4.943501e-19 0.41447413 0.0138770845 0.002030582 0.0010452506 0.00017665791 0.083321445 0.15779728 0.1366574 0.25204173 0.09541215 0.020792624 0.12997507 0.031273887 0.0022743912 1.8014689e-05 0.05487109 0.43202808 2.6011854e-05 0.18808821 0.058177594 7.078699e-06 0.270817 0.06285591 0.1365267 0.31063926 0.021228604 0.037456233 0.057800084 3.0656145e-05 0.122366145 0.03634397 4.4419518e-05 0.039440066 0.0826811 0.12762444 8.777984e-06 0.001097895 0.0012171883 0.0031484016 0.024901321 1.228468e-05 0.055427942 0.016913531 0.02896702 0.008998056 0.032038227 1.881589e-05 0.0092847515 0.009196442 0.084022954 0.014945034 0.0043862644 0.0009350597 0.03023517 0.0024604842 0.0014165922 0.008045354 0.00950496 0.01737606 0.011308716 0.00067549455 6.1451356e-05 0.0010411914 0.027866092 2.0249805e-05 0.010631511 0.0019752386 0.0013955432 9.413416e-06 0.03528537 0.00057063217 0.0015117594 3.5399033e-05 7.290798e-06 0.015624731 0.011780008 0.007244798 0.014614224 0.0036178005 0.0020447269 0.00034140245 0.0011200312
0.78695965 0.021316223 0.00018760926 0.006490269 0.0039644246 0.18864828 0.014155692 0.00017701813 0.05139726 0.006122781 0.46536937 0.000113686314 0.026217064 0.0002902041 5.434318e-05 0.2421361 0.0034688478 0.090421975 0.41447413 1.586446e-19 0.00036236388 0.0005419871 0.0151299415 2.1997428e-06 0.007901362 0.50554276 0.4731054 0.5449886 0.114521675 0.0011586011 0.36259168 0.0050593046 0.0006455142 1.4432553e-06 0.00864508 0.13521291 8.416992e-06 0.027816454 0.14672627 2.5746985e-07 0.321253 0.21378121 0.27478418 0.19044597 0.0019244277 0.100366786 0.009827507 2.44207e-06 0.032596104 0.108834825 6.8742447e-06 0.09280649 0.022425022 0.03818208 9.255426e-06 0.00054219307 0.00035385447 0.0002995041 0.0033198434 1.155357e-05 0.057133004 0.0030895309 0.060807757 0.0012661301 0.0473737 7.4248396e-06 0.025717618 0.027661473 0.028933149 0.0026775985 0.0023561118 0.00042188787 0.007440616 0.0078373905 0.00031861683 0.0017131256 0.0019262152 0.0042090104 0.011529198 0.00021381909 2.6490488e-05 0.00023246571 0.07460289 1.16508745e-05 0.0077101714 0.0049589397 8.147514e-05 4.7647213e-06 0.04865017 0.00015510769 0.00043953274 1.1030899e-05 3.437455e-08 0.019457249 0.02587724 0.015599316 0.001260686 0.0071294853 0.001967021 0.0007254694 0.00016190879
0.20672859 0.16598985 0.0011104505 0.26984817 0.13119695 0.055065863 0.07453332 0.110795416 0.14007032 0.16543725 0.007794301 0.024141526 0.105997615 0.32626107 0.11331314 0.079470366 0.07306096 0.21171023 0.0138770845 0.00036236388 9.735594e-20 0.031038696 3.9058527e-06 0.008008017 0.39560625 0.00048419824 3.945603e-05 1.6579124e-05 0.027210375 0.61124396 0.00042608898 0.36135995 0.01714729 0.03043525 0.19972079 0.04848326 0.012517463 0.20645957 0.00027902535 0.11315118 0.00040030794 9.590944e-06 0.00016390794 0.0017441672 0.34225702 0.00049737975 0.06803966 0.0035414365 0.031944245 9.155566e-06 0.01899223 0.00011578263 0.027526075 0.013126236 0.0010444046 0.01128342 0.013498712 0.19256063 0.08530381 0.0058106617 0.0003640674 0.33568752 4.6867797e-05 0.20226395 0.0045903362 0.0017420568 4.5392007e-05 1.676432e-05 0.0048685265 0.29199514 0.00822627 0.0052252584 0.013651833 1.6843662e-05 0.014659255 0.014231541 0.019845432 0.007954316 0.00022697475 0.028112799 0.0042862236 0.009540123 0.0029370517 0.0021560187 0.00030751212 9.901671e-06 0.015565404 0.0011487568 0.00075618504 0.0275777 0.049162127 0.0023344534 0.01837065 0.002174418 0.000535732 0.00011384352 0.0004880226 1.8378496e-05 1.6277865e-05 4.899817e-06 0.019495884
0.9951847 0.07113064 0.14406686 0.074509114 0.40068683 0.028525433 0.025755422 0.4182117 0.009319011 0.02202537 0.0069322158 0.60550827 0.12426028 0.26088274 0.23435186 0.005956624 0.20918408 0.003091818 0.002030582 0.0005419871 0.031038696 1.7445305e-20 0.0046342434 0.017059188 0.006997018 0.00023099301 5.0009363e-05 1.286784e-05 0.0070711398 0.017467424 5.578379e-05 0.0040863873 0.071438745 0.015780577 0.0014390923 0.0006653927 0.0039327494 0.00035319015 1.3455436e-05 0.016888274 2.3691335e-05 8.51961e-07 7.5896733e-06 1.4880578e-05 0.0047861836 6.468746e-06 0.00028311976 0.001453415 9.411893e-05 3.1220358e-07 0.0025697078 2.3923362e-06 5.950148e-05 6.896858e-05 0.00028796907 0.01624097 0.010174884 0.008532209 0.0006137054 0.00043462298 1.0072894e-06 0.0027909626 5.759447e-07 0.0015966936 0.0052496535 6.618647e-05 1.9107291e-07 5.9668713e-07 2.3435654e-05 0.0052143745 0.030211773 0.030998051 4.8567814e-05 4.924451e-07 0.006082301 3.7360103e-05 6.8451955e-05 1.8848596e-05 1.4558851e-06 0.0036893731 0.0012156003 0.003732191 0.0019134859 0.00034208523 2.285177e-06 4.0888253e-09 0.00011448906 0.00015881579 1.4840669e-05 0.0030726513 0.002232671 0.0005317804 0.00050632335 0.018792963 6.5664136e-07 7.499501e-09 9.3926644e-08 2.2971518e-09 5.172374e-07 4.852749e-07 0.00015476989
0.002134495 0.0009071054 4.3357375e-16 8.088752e-05 0.001161744 0.03606269 8.896368e-06 0.00013835685 3.0368941e-05 2.2548716e-06 0.0033825254 0.00044823787 0.0349013 1.9957242e-05 2.3940467e-05 0.00014755831 0.019563455 3.1325726e-05 0.0010452506 0.0151299415 3.9058527e-06 0.0046342434 1.0317502e-32 2.4468277e-06 1.6362611e-07 0.17351957 0.040436387 0.0014629764 0.073078 6.6234145e-07 0.11408106 2.1898483e-08 7.391525e-05 1.0521111e-07 1.6937335e-08 0.00034408784 3.253605e-08 4.4718664e-07 0.13098732 1.0093973e-08 3.231783e-05 8.101474e-05 4.832304e-05 4.015923e-06 1.5390414e-08 0.11536959 6.7156143e-09 1.03133836e-07 1.0566375e-06 9.9990735e-05 1.1032835e-09 0.01993387 9.6880825e-08 6.0403654e-06 1.3933381e-09 3.748934e-05 9.008238e-05 6.9248673e-09 1.2819394e-09 4.6324722e-11 9.310185e-07 3.5784447e-09 1.2949082e-06 5.4921206e-10 0.053324442 7.833193e-12 0.011232423 8.973901e-06 1.1833959e-06 3.5484577e-09 0.004397284 7.96479e-05 3.80999e-09 3.516445e-05 2.464368e-06 4.8953094e-12 7.958157e-12 2.3907554e-10 7.427857e-08 9.007601e-11 3.6586508e-11 2.9889463e-08 0.13057578 1.0271509e-11 7.854334e-08 0.000248499 4.379982e-12 2.991501e-12 0.0085420525 2.2136475e-11 1.7595092e-11 9.316902e-12 9.394909e-18 0.042350814 0.0013037644 0.00036764494 2.1081645e-14 0.000442327 1.5344101e-08 8.2913054e-08 6.8256116e-13
0.19870508 0.0009512096 0.0018022534 0.002058461 0.0036246257 0.00014333506 0.00047711944 0.04560073 0.00012335651 0.0010382232 0.00015592042 0.033761993 0.002689195 0.10048779 0.20490465 0.00038553245 0.0027415238 0.00036546937 0.00017665791 2.1997428e-06 0.008008017 0.017059188 2.4468277e-06 2.4781919e-20 0.0005836275 7.409063e-07 1.8951964e-07 6.8066385e-07 0.00069035834 0.006429213 4.6469376e-07 0.0009899938 0.8404199 0.20191172 6.661956e-05 0.0008844224 0.23640524 0.00029705465 3.318876e-07 0.09426806 2.2151704e-05 1.4167954e-07 6.457029e-06 8.272623e-05 0.001214872 2.9871183e-07 0.00012428903 0.053130794 0.0006047464 3.3093958e-08 0.08328151 1.0117262e-07 0.00038964165 0.00030926496 0.047949873 0.23414741 0.62264633 0.0412767 0.0006633358 0.054457113 1.2211933e-05 0.005405482 1.4025393e-06 0.0009991749 0.00045625135 0.036563605 3.9360362e-08 3.510316e-07 3.295298e-05 0.010024864 0.004035823 0.031178659 0.000120528486 5.0469504e-07 0.11436344 7.2587776e-05 0.00015891639 4.5764253e-05 2.0291648e-06 0.017933004 0.019528912 0.18847005 2.4093699e-05 0.015112363 3.531775e-06 1.2592673e-07 9.846559e-05 0.013020181 1.4027491e-06 0.010624482 0.0021608416 0.014257978 4.079116e-05 0.00082900806 2.6345114e-07 9.349213e-08 3.3534423e-08 1.8903542e-08 1.3763295e-07 9.307064e-08 0.000106033614
0.056969598 0.29098508 4.988863e-06 0.34223473 0.090130575 0.22102822 0.2555887 0.021034697 0.37251514 0.2572475 0.13305819 0.0041557355 0.087122746 0.075716004 0.012000811 0.2891365 0.025297077 0.551351 0.083321445 0.007901362 0.39560625 0.006997018 1.6362611e-07 0.0005836275 5.250969e-23 0.0040049828 0.00063511747 0.00040677746 0.022894423 0.35548645 0.0022822882 0.6934888 0.0022006526 0.0015433247 0.47731668 0.1056411 0.0007518651 0.35080436 0.0017443192 0.0026738197 0.0020544718 0.000112016256 0.0006264835 0.0025699309 0.26105452 0.0012778806 0.1705456 0.00020823111 0.075224996 1.7921404e-05 0.00034487908 0.0005190618 0.064695954 0.035161834 5.155586e-05 0.0020281968 0.00097201474 0.01755993 0.16515468 4.8837297e-05 0.0006310046 0.15746108 3.688708e-05 0.16469559 0.0058386247 5.3805263e-05 0.00020135465 8.694411e-06 0.010209872 0.07766899 0.0038039114 0.0010586907 0.02556545 7.2234175e-06 0.002602328 0.02319354 0.028170878 0.016768718 0.0002689453 0.001161616 0.00026844 0.0006413838 0.0028657105 6.3364976e-05 0.00036519376 8.099995e-06 0.022682147 1.8340344e-05 0.0014706085 0.0011180227 0.009011714 7.985455e-05 0.0007482503 0.006061076 0.0009168524 0.0001937737 0.0010543803 1.06452935e-05 1.8983805e-05 2.2677634e-06 0.018498253
0.96216655 0.0023651347 0.00042551823 0.0011744455 0.00020591213 0.038743615 0.002045627 0.00023090953 0.008233427 0.0013511102 0.16838092 3.5769066e-05 0.0028060926 0.000344737 0.00018572618 0.04846709 0.00059107004 0.026738714 0.15779728 0.50554276 0.00048419824 0.00023099301 0.17351957 7.409063e-07 0.0040049828 9.411743e-16 0.5869937 0.49498048 0.03503099 0.0015960824 0.7006761 0.0023376558 0.00027580932 1.0923173e-06 0.0024239854 0.09388588 4.679047e-06 0.009930575 0.36593243 7.861629e-07 0.3078886 0.43756983 0.3741552 0.15813375 0.003017133 0.40172833 0.0044697374 2.926914e-06 0.014432892 0.33635762 7.791792e-06 0.24087963 0.008403223 0.036376502 3.077282e-05 0.00014426539 0.00018727552 0.000764769 0.0024923002 1.11192185e-05 0.13857451 0.0045837834 0.1548236 0.002482928 0.02518048 1.5922047e-05 0.069884785 0.08235145 0.03718611 0.0074566733 0.0027837614 0.00031741886 0.0032281962 0.021884115 0.00012685468 0.0016783333 0.0021152776 0.0016427977 0.02780679 0.00045193292 6.264449e-05 4.374721e-05 0.06633891 1.8593202e-05 0.017940762 0.011587918 0.0002831022 1.3219935e-05 0.049410973 0.0006890047 0.0012443556 3.0528565e-05 9.087704e-08 0.021959053 0.02501432 0.009415423 0.0007707289 0.0065545365 0.006082006 0.0037487878 0.00016301594
0.8101878 0.00076132594 4.2360673e-05 0.00016659078 4.473355e-05 0.017975511 0.00080713833 2.7878847e-05 0.0034955507 0.00022385216 0.1421017 2.7846336e-06 0.0008339188 2.8466255e-05 9.697346e-06 0.02376196 0.00011047518 0.012416025 0.1366574 0.4731054 3.945603e-05 5.0009363e-05 0.040436387 1.8951964e-07 0.00063511747 0.5869937 1.5324603e-18 0.61505914 0.02066151 0.00012449913 0.6952465 0.0006606542 2.5228126e-05 8.22998e-07 0.0007748373 0.08384108 3.1919346e-06 0.0061954767 0.30663967 3.943611e-08 0.42043915 0.53602004 0.47888413 0.22579156 0.0004416039 0.28663647 0.0010398359 5.0821075e-07 0.014265282 0.44747972 1.5692675e-06 0.3525444 0.0074880645 0.033166982 5.065175e-06 5.435692e-05 1.4798665e-05 5.791503e-05 0.00046513963 2.4911947e-06 0.14305936 0.0014439176 0.18654767 0.0003654617 0.013613241 1.9663194e-06 0.08165844 0.120107844 0.042683076 0.0027871989 0.00076846295 8.384199e-05 0.002271637 0.026643652 1.9882546e-05 0.00015389256 0.00026232863 0.0006401446 0.033478502 8.215113e-05 1.0626772e-05 1.0287009e-05 0.04195456 3.4446816e-06 0.018468007 0.017787917 1.8777637e-05 1.5723459e-06 0.06319018 6.982176e-05 0.00016689465 4.0523987e-06 8.558445e-09 0.011898668 0.030911636 0.021169456 0.0008334592 0.011343848 0.007925753 0.0051332414 2.1077502e-05
0.4543909 0.00059021526 6.903599e-06 0.0001401022 3.0913565e-05 0.013618862 0.00046232186 1.1613145e-05 0.0022899406 0.00017904567 0.1892089 5.50242e-07 0.00091163116 8.57946e-06 2.9132377e-06 0.029364213 3.7626167e-05 0.009800777 0.25204173 0.5449886 1.6579124e-05 1.286784e-05 0.0014629764 6.8066385e-07 0.00040677746 0.49498048 0.61505914 6.0756194e-21 0.008056599 9.884579e-05 0.508478 0.00035721474 2.8778688e-05 5.703068e-07 0.0015059862 0.13975465 3.5790133e-06 0.010741312 0.13073088 1.07242634e-07 0.5773292 0.6166648 0.6190698 0.39581108 0.0006579393 0.0737882 0.0052692452 5.9019294e-07 0.022716235 0.4580186 1.6892169e-06 0.18641706 0.016920945 0.047384303 1.9952645e-06 3.1272713e-05 1.4622364e-05 5.3621676e-05 0.0012501656 2.7000715e-06 0.22526547 0.0015661162 0.23876743 0.00056741666 0.005251829 2.4454046e-06 0.025235219 0.09344423 0.05609229 0.0021717101 0.00029761723 4.4175093e-05 0.0053686486 0.023190366 2.091509e-05 0.00019533634 0.00048086865 0.0019560086 0.039672606 9.962399e-05 8.091263e-06 6.5107574e-06 0.012275155 2.6188416e-06 0.019859437 0.00828899 5.3506486e-05 1.1445424e-06 0.036498334 7.9307654e-05 0.00035208958 3.879436e-06 3.026672e-08 0.0042771567 0.013258191 0.008959104 0.002135336 0.005023443 0.011836776 0.0065724915 9.938382e-05
0.9971136 0.24872328 0.014107431 0.16946146 0.115523115 0.6503695 0.102029055 0.02670719 0.11454501 0.06633871 0.25561637 0.012043174 0.17606884 0.027723044 0.00688627 0.11651009 0.048230562 0.06050815 0.09541215 0.114521675 0.027210375 0.0070711398 0.073078 0.00069035834 0.022894423 0.03503099 0.02066151 0.008056599 1.896818e-17 0.021144284 0.009250385 0.012907453 0.0016873133 0.00027848914 0.008366738 0.019786125 0.00014153024 0.0085858535 0.004437134 0.00041229327 0.0041763275 0.0017380558 0.0024893272 0.0025648982 0.0058024134 0.0048619146 0.0026445356 1.5912317e-05 0.0041174553 0.0001716437 9.341153e-05 0.0015154858 0.0021290202 0.0032582288 1.10632e-05 0.0006229208 0.00083722937 0.0017742342 0.0034543797 2.2424345e-05 0.00022437812 0.0035351536 8.313274e-05 0.0033654876 0.052962024 5.2019857e-07 0.00043524662 4.385711e-05 0.00094260456 0.0042952793 0.07482946 0.0029039583 0.000748644 1.5803971e-05 0.00023561856 0.0033649052 0.005954528 0.0004960337 0.00010338106 0.00040043218 7.825695e-05 3.654202e-05 0.057775326 6.2394397e-06 0.00013651482 1.0852892e-05 0.017918346 1.7910425e-06 0.0023839688 0.0007355406 0.0061433134 5.9178938e-06 0.0011532343 0.14225566 0.00033305082 3.5474397e-05 2.0931811e-05 8.914371e-06 2.586795e-05 3.0587435e-05 0.02056791
0.11045623 0.15201648 0.00025117252 0.23511389 0.1040841 0.06132647 0.07877979 0.08366025 0.112496994 0.13475704 0.018478692 0.016078454 0.0754265 0.2631691 0.098950565 0.09074072 0.042764287 0.20858864 0.020792624 0.0011586011 0.61124396 0.017467424 6.6234145e-07 0.006429213 0.35548645 0.0015960824 0.00012449913 9.884579e-05 0.021144284 6.983801e-20 0.0014609527 0.4089768 0.008012074 0.024540782 0.29087612 0.074299425 0.0102517735 0.23478465 0.0008156163 0.09122306 0.0007439175 3.279469e-05 0.00047373114 0.0014690252 0.45572492 0.00083442836 0.09895208 0.0029301932 0.0417121 1.1680111e-05 0.010256971 0.0002736601 0.030889682 0.013023833 0.0007088339 0.0080081895 0.010498245 0.19762741 0.14216377 0.0019603476 0.00042797127 0.4024428 8.562161e-05 0.3028331 0.0068793874 0.0008758233 6.772206e-05 2.4247933e-05 0.0052568996 0.31626198 0.009960985 0.005443975 0.015473317 1.0598998e-05 0.012899234 0.018328797 0.024473624 0.0091646295 0.00021819977 0.017584229 0.0035855013 0.007528549 0.004457029 0.001173669 0.000370288 9.91436e-06 0.024136143 0.00046831858 0.00058231124 0.024201725 0.06111139 0.001724096 0.018436488 0.0045237425 0.00035800837 3.8658654e-05 0.0006326366 1.2444623e-05 2.1745305e-05 3.0275464e-06 0.032301
0.8602701 0.00056220125 0.00010084871 0.00033718694 4.4070144e-05 0.012639447 0.0011006248 0.00013394449 0.0038647153 0.00051404623 0.102627344 3.336071e-06 0.00040825465 0.0002185878 7.88656e-05 0.034653183 0.0001208071 0.016086405 0.12997507 0.36259168 0.00042608898 5.578379e-05 0.11408106 4.6469376e-07 0.0022822882 0.7006761 0.6952465 0.508478 0.009250385 0.0014609527 8.2027444e-16 0.0017804651 9.981086e-05 1.6262402e-06 0.0013300584 0.10446445 9.329182e-06 0.007164546 0.56859124 5.243466e-07 0.34811154 0.5450533 0.46466956 0.21278298 0.0028976356 0.63416994 0.0030388862 1.9969493e-06 0.016619962 0.4895947 1.2446854e-05 0.54200083 0.007462382 0.044753414 1.3968321e-05 4.686753e-05 3.0873874e-05 0.00035701177 0.00359681 9.0647145e-06 0.1833701 0.0052750898 0.24117637 0.0036786415 0.008242702 9.22396e-06 0.18435372 0.17020813 0.04694549 0.0068036644 0.00037672985 3.5751807e-05 0.0036261438 0.03378058 1.6147816e-05 0.0015887003 0.0022419174 0.0016453628 0.040801056 0.00040962375 4.679857e-05 2.8237446e-06 0.03590146 1.2278109e-05 0.026819453 0.0276419 0.00035407813 5.5354394e-06 0.07423869 0.00046194723 0.0010415862 9.689896e-06 3.6551184e-09 0.009090271 0.023429783 0.0106504075 0.00064137985 0.008448354 0.010241069 0.0073229405 8.706604e-05
