3.0584157e-30 0.0055623217 7.765527e-05 0.0014004376 6.791201e-05 8.6165266e-05 0.008323071 0.0051495396 0.013828588 5.7930743e-06 0.009049345 2.1476353e-05 0.00016590615 4.6826362e-06 2.2073824e-07 5.261098e-07 0.0040568593 1.2758311e-06 0.12248494 0.12589386 0.0019979486 5.4278512e-08 1.5253681e-07 0.04324738 6.361052e-06 0.099861115 3.4782996e-08 1.539517e-06 0.042045876 0.13614704 0.55882335 0.24466056 0.09549956 0.0072794883 0.06570485 0.06747393 0.72829896 0.0044180444 0.010135211 0.00057615567 0.8068993 0.03198447 0.08831359 3.7750716e-10 1.04190185e-08 0.00065500557 6.597044e-07 0.1526654 1.4538994e-10 0.88034886 0.89402485 0.40200296 0.920651 0.5362915 0.06870606 0.0005820162 0.7606398 0.020430088 2.1591097e-06 4.73373e-05 0.3593911 0.96374404 0.025988698 0.08734298 0.8545508 0.0028108049 2.0519836e-08 0.81644017 0.0010873245 2.9525476e-11 0.0020344956 7.358843e-12 0.08150901 0.97232085 0.6413696 0.96329397 1.0224228e-05 0.017333671 0.9859267 0.97525316 0.96503305 0.40160617 0.9854142 0.78252923 2.303573e-07 0.97376776 0.9711136 2.4201955e-11 0.90427864 0.7437096 0.010664667 0.94083726 3.428129e-13 0.9384662 2.611762e-07 3.464017e-09 0.98358107 0.01991404 0.9885469 3.7745835e-13 0.30606076
0.0055623217 4.2078985e-20 0.34200495 0.40191332 0.33829284 0.29090878 0.3937172 0.3904306 0.33311397 0.18630306 0.2767138 0.129803 0.06750748 0.15627524 0.00046519045 0.089465134 0.038141336 0.049366582 0.31252876 0.31248412 0.040067717 0.03456401 0.033350255 0.044458948 0.0032332106 0.09265657 0.012710481 0.0034228822 0.048969537 0.04314918 0.13157639 0.0906153 0.018960157 0.0041937493 0.017211488 0.0073265247 0.1892941 0.0026516598 0.0034418595 0.0013766144 0.12843591 0.0007956148 0.0016568339 0.0009140072 0.001118924 9.436394e-05 0.0003561728 0.0043431763 0.00018604474 0.1038526 0.052676044 0.0055546993 0.17567253 0.011834491 0.0003322374 0.00041742073 0.01785408 0.0006129991 0.00032935434 0.000118342075 0.0009027162 0.08484957 0.00011164053 0.00023257193 0.0024835581 0.00030299817 0.00016882025 0.008722108 1.9614135e-05 1.27342e-05 9.753274e-06 0.0017190484 5.0401544e-05 0.014303486 0.00051979127 0.07492401 4.03939e-05 5.1226216e-05 0.031530637 0.076973476 0.074029684 0.00012257992 0.0819278 0.00015451065 0.0003262333 0.034242045 0.06387565 5.6418154e-05 0.00017721795 0.0029015883 7.975983e-06 0.00012203534 0.00015737263 0.052851208 3.607375e-05 0.00023078799 0.0054780194 1.2903662e-05 0.012956521 1.2735827e-05 0.0008802299
7.765527e-05 0.34200495 5.799378e-24 0.41419896 0.4277955 0.14876427 0.087679304 0.13245241 0.15508737 0.27114135 0.15675126 0.1101936 0.0066220984 0.24045114 3.0590323e-05 0.16718772 0.03667093 0.097937055 0.108971946 0.10214267 0.0048876884 0.07495904 0.07593292 0.040924735 0.007472035 0.063538425 0.027925832 0.0005635811 0.0020275267 0.030124724 0.036953125 0.034776464 0.0024200622 0.0026335008 0.0008094154 0.0056289304 0.03832105 0.00016399253 9.105979e-05 0.000103854996 0.026990857 3.046259e-06 0.0016396298 0.00014477868 0.0012537683 2.4349742e-08 3.9876264e-05 0.0003532774 0.00044890997 0.015187623 0.006588447 0.0005836445 0.025567342 0.0021069252 0.000116137286 0.00016512828 0.004980656 1.9907951e-05 7.9195874e-05 5.428175e-05 0.00051175046 0.018454697 0.00014295202 9.856076e-05 0.0010052593 3.808661e-05 3.5205216e-05 0.0016194073 1.5593045e-05 3.2701308e-07 5.85755e-06 0.0005772768 8.093459e-05 0.0035480217 0.00023840052 0.018553043 7.3450947e-06 1.2555739e-07 0.005553137 0.010436445 0.01735843 4.964812e-05 0.013093049 0.00011315091 3.234811e-05 0.006494099 0.015019466 0.0001970002 5.867309e-05 5.6569275e-05 2.4642208e-09 5.4131007e-05 3.2630902e-05 0.0117625855 2.6730138e-06 3.0480363e-05 0.00095900975 3.9626157e-06 0.0018409318 4.1770043e-05 5.8754566e-05
0.0014004376 0.40191332 0.41419896 7.384638e-21 0.3819609 0.097747244 0.08283366 0.19910891 0.29739988 0.20151713 0.35480312 0.05678906 0.0027942332 0.2898947 2.4165715e-06 0.11101551 0.13536304 0.11157037 0.23393223 0.217679 0.0032789328 0.058639143 0.07798048 0.1529778 0.033434127 0.14454696 0.014195093 9.565618e-05 0.015896969 0.07438647 0.061184704 0.13057767 0.0031029189 0.024605773 0.002453258 0.041887656 0.07323983 0.00064386835 0.00054622727 0.00018487107 0.034634423 8.744166e-05 0.011293148 5.809526e-05 0.0037234756 1.94545e-05 7.80825e-05 0.0006627983 0.00077064335 0.040673327 0.009609158 0.0018500149 0.029008176 0.0032286304 0.0018155677 0.0020187206 0.028016789 6.7547386e-05 0.0031279041 4.9721224e-05 0.0029183934 0.03210998 0.001124461 0.00096982863 0.0059739663 9.016532e-05 9.5368334e-05 0.0022639518 0.00038767254 1.3860787e-06 0.00016371798 0.0005433655 0.0007258071 0.015277281 0.0012955532 0.02916237 0.00028881177 1.4269315e-05 0.016723402 0.016707405 0.02462235 0.00029931054 0.0170807 0.0005054812 0.0005937196 0.012413912 0.019266075 0.000347833 0.0002440824 0.0009314702 1.5410323e-07 0.00023185485 5.6714744e-05 0.016246902 5.4517594e-05 0.00032056714 0.004791417 0.00019134674 0.005945293 7.765679e-06 0.00024935123
6.791201e-05 0.33829284 0.4277955 0.3819609 4.584259e-23 0.16870107 0.08567135 0.14993817 0.15348709 0.3106731 0.15782383 0.13448542 0.015870113 0.2537212 0.000118502336 0.1953388 0.0315785 0.098990135 0.11831229 0.11338681 0.0059286556 0.087494455 0.07265168 0.042347398 0.005704061 0.068665214 0.027895013 0.0010392907 0.0050665424 0.03105647 0.041816335 0.029019909 0.0029599841 0.0024331326 0.0010790573 0.0038288333 0.03936146 0.00024361964 0.00018084429 0.0001933449 0.028199606 1.0384028e-05 0.001585388 0.00034049235 0.000990671 7.362943e-08 5.6093086e-05 0.0004509634 0.0007248761 0.018215375 0.0075491727 0.00058866513 0.02568851 0.0021341755 0.00013880499 0.00043479397 0.0051936884 4.031293e-05 0.00012183544 6.91927e-05 0.0006457692 0.022053393 0.0002516607 0.0001458819 0.0009093917 6.751081e-05 2.6045711e-05 0.0017090352 3.065106e-05 6.987358e-07 1.1147482e-05 0.0010585781 0.00012767245 0.0036412422 0.0002625732 0.019215422 1.1959138e-05 3.6033788e-07 0.005588104 0.010781647 0.0175675 0.000106067804 0.0125240255 0.0001638995 4.0805673e-05 0.006093646 0.014523892 0.00015980806 6.832967e-05 9.013188e-05 7.762454e-09 4.003108e-05 4.5355482e-05 0.0103388475 4.008458e-06 1.7553482e-05 0.0006859387 6.9663565e-06 0.001515871 5.012056e-05 6.2811036e-05
8.6165266e-05 0.29090878 0.14876427 0.097747244 0.16870107 4.8329214e-22 0.26592985 0.13802353 0.08559271 0.1382661 0.062443107 0.45678306 0.17820881 0.048192654 0.12952939 0.08567969 0.0069659716 0.021493303 0.08466114 0.09143669 0.07708826 0.053663872 0.03243223 0.014456835 0.0013559365 0.032084946 0.040390495 0.08967471 0.006443315 0.016183686 0.056408096 0.019959513 0.03064012 0.000989771 0.020234976 0.004446125 0.06493996 0.008588916 0.009173217 0.007306025 0.03766932 0.00021347392 0.00093395356 0.017687209 0.0003822039 5.1021075e-08 0.0031576115 0.014237303 0.00018572884 0.01421961 0.031803105 0.011440764 0.046876032 0.01456083 9.5831674e-05 0.00013409722 0.0034582035 0.00228126 2.282166e-05 0.0011401792 0.00053306605 0.025134267 7.708094e-05 5.557351e-05 0.0012126928 0.0016111761 0.0007061462 0.011159354 1.0188643e-05 4.907618e-06 3.2387175e-06 0.007847757 2.5077316e-05 0.002181531 0.00032134523 0.026955668 5.4074994e-06 1.9903023e-06 0.0042688516 0.028342819 0.029087946 3.755819e-05 0.028379593 0.00015497729 3.3089716e-05 0.007648577 0.027102062 0.0002032872 6.0398852e-05 0.0008373711 1.0132422e-07 5.5974513e-05 0.0015202839 0.013024851 4.217257e-06 2.1861415e-05 0.00043480765 1.9985496e-06 0.0007413286 0.0006128375 0.002533333
0.008323071 0.3937172 0.087679304 0.08283366 0.08567135 0.26592985 3.6479327e-19 0.40721506 0.13856435 0.04373397 0.04282503 0.14492951 0.30904555 0.029073136 0.09413858 0.02090706 0.0031856976 0.008067093 0.1660103 0.20101355 0.246032 0.008203815 0.00624582 0.00677252 0.00030622885 0.032663863 0.0053200307 0.03383733 0.1372864 0.017739477 0.13418746 0.025416285 0.08191739 0.00036931888 0.07947319 0.0018044186 0.16248146 0.045049153 0.059073146 0.052590776 0.124706276 0.016825369 0.00020613772 0.00084734155 0.00045183857 3.4897814e-05 0.007873515 0.041899394 8.957596e-06 0.047891755 0.15431738 0.044909257 0.17912215 0.05735368 2.5247547e-05 5.113611e-05 0.0043698573 0.021547318 1.583949e-05 0.004153216 0.0002454749 0.07684989 8.12817e-06 2.5616002e-05 0.00034554093 0.011362231 0.0009988357 0.05396701 1.8791545e-06 2.9326056e-06 5.34846e-07 0.0016356792 1.1262563e-06 0.0039223423 0.00017735151 0.07877766 7.3694982e-06 0.00013738072 0.011276154 0.15953699 0.080897674 6.425933e-06 0.14496015 7.853222e-05 0.00014675331 0.023400348 0.07451906 3.287189e-06 1.0717106e-05 0.017356344 8.789263e-05 8.2549495e-06 0.00045543554 0.04394138 8.366254e-06 2.2159713e-05 0.0012380434 6.5468174e-07 0.008963339 5.335398e-07 0.017706584
0.0051495396 0.3904306 0.13245241 0.19910891 0.14993817 0.13802353 0.40721506 1.4605049e-19 0.482596 0.09702676 0.3259605 0.06816701 0.06446907 0.07627063 0.0008207278 0.047266822 0.033122715 0.025969842 0.38117123 0.39883456 0.037427854 0.016411027 0.015210126 0.09409585 0.0031023875 0.23131496 0.008267094 0.0035637652 0.25515148 0.12461203 0.22368914 0.11822492 0.052589398 0.0033826288 0.03351921 0.01044843 0.21127298 0.007030965 0.011030428 0.006504673 0.19747923 0.026668094 0.0016040339 0.0005633414 0.0009427148 0.00025819681 0.0008705317 0.013902087 0.00020706256 0.15833724 0.09446522 0.013483929 0.20825456 0.030347493 0.00020913924 0.0005031438 0.036924917 0.0029467705 0.000400094 0.00037945906 0.0009044336 0.15165395 8.841731e-05 0.00016879884 0.0050606993 0.0019626447 0.00022986018 0.022703446 2.4872128e-05 7.369624e-06 1.2435655e-05 0.0022900882 3.4338103e-05 0.026686808 0.00086962275 0.16901863 2.762617e-05 0.0008043279 0.061633922 0.1761125 0.1637828 0.000114907016 0.17784475 0.00047976244 0.00022216265 0.092740774 0.155343 2.071073e-05 0.00017059146 0.033611294 4.290299e-05 0.000118756434 0.00028331156 0.15805975 9.586746e-06 9.354534e-05 0.009187272 5.958538e-06 0.03966516 1.5488137e-06 0.0021102813
0.013828588 0.33311397 0.15508737 0.29739988 0.15348709 0.08559271 0.13856435 0.482596 5.993011e-19 0.10301787 0.47261637 0.041995816 0.019842833 0.10222064 0.00016391937 0.07418255 0.056942623 0.03986505 0.3603323 0.34855494 0.01301632 0.027780868 0.031934544 0.16327113 0.010460408 0.24848993 0.010062042 0.00064014614 0.17749202 0.14794448 0.1630668 0.14756736 0.008211151 0.007041124 0.00438093 0.023264559 0.1693679 0.0021830178 0.002401007 0.001379144 0.17596714 0.0058543924 0.0036860937 0.00037545586 0.002315689 0.0005919726 0.00036024227 0.0028033468 0.0011836404 0.19703273 0.039455112 0.0030320412 0.15101758 0.009606694 0.0011045543 0.0014540617 0.075969234 0.000629995 0.0018889408 0.00010173413 0.0033046373 0.19719964 0.00069129316 0.0009270975 0.014142407 0.00037569797 0.00023463104 0.007052081 0.00019546378 9.574694e-06 8.449924e-05 0.0011948093 0.00030326642 0.059008002 0.0026992739 0.14924641 0.00013254846 0.0012184996 0.10311049 0.11234961 0.1365763 0.0006325732 0.1129265 0.0015094617 0.0009281833 0.1014885 0.12321103 0.00017075341 0.00085478096 0.016929144 1.4673156e-05 0.00081781583 0.00015801162 0.12416254 0.000117999814 0.00057156297 0.020155584 4.7205078e-05 0.044520352 3.2735792e-05 0.0003601677
5.7930743e-06 0.18630306 0.27114135 0.20151713 0.3106731 0.1382661 0.04373397 0.09702676 0.10301787 2.3209053e-22 0.106285565 0.20707351 0.007187938 0.3027323 0.00010131886 0.45270038 0.01807182 0.15959194 0.0695972 0.065584294 0.0022651763 0.23192659 0.19552502 0.012516711 0.0045561134 0.03344749 0.12712224 0.0033033642 9.350092e-05 0.012360787 0.023521652 0.020095991 0.0018249349 0.0008582898 0.0007367973 0.00085471984 0.025903713 0.00016336488 8.643349e-05 0.00012380222 0.0134224845 1.8007587e-06 0.0007130947 0.0030377505 0.0020869235 1.4726082e-08 6.7335655e-05 0.00029821333 0.0021600078 0.00919297 0.0056711314 0.00036947583 0.013196512 0.0016237175 6.756904e-05 0.00013890775 0.0029657672 1.917864e-05 1.6706239e-05 5.9868216e-05 0.00042569885 0.01776055 2.6615786e-05 3.9809427e-05 0.0006930656 1.9213643e-05 5.7880134e-05 0.0010406349 6.2923423e-06 4.262936e-05 2.8012782e-06 0.0015554935 2.612554e-05 0.0020022478 0.00022275902 0.01962672 3.3935805e-06 1.2302948e-07 0.0022362277 0.007991128 0.02016238 1.8405877e-05 0.009197065 9.6184915e-05 2.6038908e-05 0.0048396518 0.01484515 0.0009013919 3.9743045e-05 7.5437754e-05 8.2462537e-10 5.090043e-05 7.387896e-05 0.010645649 2.6165449e-06 1.9462072e-05 0.0002955595 4.631996e-07 0.0010588311 0.0008949428 1.5788397e-05
0.009049345 0.2767138 0.15675126 0.35480312 0.15782383 0.062443107 0.04282503 0.3259605 0.47261637 0.106285565 2.9205708e-19 0.024285154 0.007852349 0.15194546 6.624975e-05 0.087035775 0.16901374 0.077182345 0.3307719 0.31370792 0.001896514 0.037321903 0.054878797 0.36437997 0.030573824 0.27762455 0.01102037 0.00032823993 0.17334819 0.17445487 0.082883775 0.20143963 0.0015096415 0.024032716 0.00084780995 0.0731282 0.08079141 0.0006264805 0.0005920118 0.00028636833 0.07496948 0.009561213 0.021068629 0.00018921273 0.0043841605 0.00412852 0.00024632967 0.00027820034 0.002191865 0.15590255 0.009895724 0.000361406 0.08003873 0.0029893387 0.0055377656 0.005355933 0.14031696 7.127639e-05 0.0070420713 1.3542914e-05 0.008110075 0.14640483 0.0026848812 0.0025577396 0.037653223 2.1316338e-05 0.00013707814 0.0022858833 0.0009292152 1.7972476e-05 0.00037555522 0.0009088269 0.0011691607 0.08587588 0.0049957437 0.110392466 0.0011370503 0.0029024796 0.11578034 0.04205042 0.09327101 0.0014463679 0.053150486 0.0032786715 0.0031284527 0.09211333 0.07557263 0.00018528162 0.0025134685 0.016366381 5.2430332e-06 0.0029915785 5.6124285e-05 0.079395026 0.00037083705 0.0013700705 0.03952681 0.00022920108 0.045864835 1.2323391e-05 6.842053e-06
2.1476353e-05 0.129803 0.1101936 0.05678906 0.13448542 0.45678306 0.14492951 0.06816701 0.041995816 0.20707351 0.024285154 6.2948626e-21 0.32290924 0.055117022 0.2500176 0.14006042 0.0026465629 0.027917163 0.03764921 0.04136602 0.077272095 0.08493513 0.035907984 0.0037236835 0.0011215286 0.0067563527 0.11448833 0.19927786 0.00053600234 0.003437018 0.01704096 0.0038241681 0.008961536 0.000498572 0.009814319 0.0012621698 0.021799233 0.0038157583 0.003246594 0.006474072 0.009665608 2.359112e-05 0.00024706818 0.2919876 0.0010180984 1.1141258e-08 0.0035839134 0.0027220831 0.00092418655 0.0031229309 0.0065994803 0.003242615 0.01411132 0.003739987 2.071794e-05 6.385946e-05 0.0006723511 0.0005838981 2.9299148e-05 0.001131787 0.00038343034 0.004989932 1.0781979e-05 1.2695386e-05 0.00021358592 0.000764897 0.00089038495 0.0026788414 2.4960034e-06 2.1805654e-05 6.4316805e-07 0.03658242 2.1927576e-06 0.00034057285 0.00021017794 0.005390663 1.9126137e-06 8.991115e-07 0.00052168505 0.0069686496 0.0060035395 6.2216027e-06 0.0073236325 8.7965076e-05 2.181699e-05 0.0016771716 0.005610111 0.0002512499 7.316319e-06 0.00025350176 7.509038e-08 2.310344e-06 0.005394399 0.0025624386 2.7255808e-06 1.5249754e-05 3.485717e-05 1.725908e-06 0.000288392 0.0011222834 0.0008250771
0.00016590615 0.06750748 0.0066220984 0.0027942332 0.015870113 0.17820881 0.30904555 0.06446907 0.019842833 0.007187938 0.007852349 0.32290924 2.96837e-22 0.0007388857 0.49339852 0.014084625 0.00027231232 0.0017442289 0.023535926 0.028904682 0.3452307 0.016427414 0.0043534376 0.0012169232 3.6482026e-05 0.00596904 0.010366873 0.42131123 0.0069497945 0.0028595678 0.0318636 0.0043511814 0.09581796 1.0448608e-05 0.09877605 4.2044412e-05 0.044811953 0.10462912 0.11059433 0.16026013 0.024739845 0.00072636385 1.89671e-05 0.04007518 3.2519467e-05 1.8660092e-08 0.092492945 0.08527215 1.960398e-05 0.0069012726 0.060036313 0.0736533 0.03321805 0.058659226 2.886113e-06 1.2643653e-06 0.00048724093 0.044527665 1.5659024e-06 0.05256638 2.9785104e-05 0.010965912 5.0004024e-07 1.4901815e-06 4.195573e-05 0.03230693 0.017799703 0.038281508 2.6810326e-08 4.0223486e-07 1.0623258e-08 0.027433937 7.5766835e-08 0.00034994548 1.8007355e-05 0.0083477385 1.747296e-07 2.9215735e-06 0.0010540108 0.027636383 0.0085340645 1.2806609e-06 0.022635838 6.443699e-06 1.236341e-06 0.0017119944 0.0076187835 2.203084e-05 1.90493e-06 0.0018023832 1.2035206e-06 5.8841255e-07 0.010673565 0.0028405671 3.6238217e-07 4.6745885e-07 1.1857271e-05 3.134821e-08 0.00011575911 0.0001462346 0.016143383
4.6826362e-06 0.15627524 0.24045114 0.2898947 0.2537212 0.048192654 0.029073136 0.07627063 0.10222064 0.3027323 0.15194546 0.055117022 0.0007388857 1.9147605e-24 9.395132e-07 0.2906278 0.08392811 0.43366954 0.05619347 0.050219804 0.00035364635 0.1782008 0.3367046 0.05664498 0.046603214 0.06386207 0.059849188 9.080579e-05 6.753321e-05 0.027951576 0.0127679035 0.043673433 0.00042312368 0.009036005 8.6875356e-05 0.009489853 0.013993283 4.176929e-05 2.3586754e-05 2.6940825e-05 0.0075402795 1.2852038e-06 0.0033548118 0.0003038811 0.013987931 9.298565e-08 8.745204e-06 4.8557486e-05 0.008225242 0.008417917 0.0016007737 7.726619e-05 0.008837741 0.000450422 0.00017082703 0.00057906995 0.009839041 6.3205125e-06 0.00027992623 2.2034748e-05 0.0006149694 0.010445665 0.00030437473 0.00012159678 0.003253084 1.9510202e-05 2.1631937e-05 0.0002359003 5.2705887e-05 5.188497e-06 2.2649028e-05 0.00097333937 0.0002764413 0.003940523 0.0002670853 0.010683413 3.6461504e-05 2.7552102e-07 0.0048136236 0.00474558 0.010186064 9.575064e-05 0.0058350256 0.00018652227 7.6960336e-05 0.004427592 0.0069232075 0.0029359567 8.842128e-05 2.5382626e-05 2.4706387e-10 8.066235e-05 5.4489163e-05 0.007303841 8.789376e-06 8.783691e-05 0.00071469386 1.4901809e-05 0.00143748 0.0014041465 1.1868685e-05
2.2073824e-07 0.00046519045 3.0590323e-05 2.4165715e-06 0.000118502336 0.12952939 0.09413858 0.0008207278 0.00016391937 0.00010131886 6.624975e-05 0.2500176 0.49339852 9.395132e-07 3.285485e-30 0.00013311778 7.160003e-06 1.3409007e-06 0.0016912239 0.0022811936 0.22315122 4.115428e-05 3.4976765e-06 9.546885e-06 2.4385809e-08 4.911722e-05 0.00015123168 0.21347496 4.3207328e-07 1.374311e-05 0.00300032 9.021146e-06 0.026768168 5.9448304e-08 0.0492903 5.3550256e-08 0.0048548253 0.014051942 0.02242615 0.042541612 0.0016896441 1.13097e-07 4.3315225e-08 0.0019479379 1.9283452e-07 3.226947e-13 0.012084765 0.06724959 5.261805e-07 0.00017508482 0.018898964 0.08155623 0.0031291333 0.04452753 1.8727336e-08 7.650752e-10 3.3410424e-07 0.009439918 3.7225178e-10 0.008941142 5.5279006e-08 0.0010056678 1.0296469e-09 9.052114e-09 9.231642e-08 0.007960094 0.0013369507 0.013747764 7.782548e-11 6.0483285e-11 7.3013706e-11 0.0006494476 3.2573162e-09 1.2718574e-06 1.3392884e-07 0.00077797635 1.787071e-11 1.4414271e-10 5.846628e-06 0.0017174359 0.0006219266 3.122778e-08 0.0020504121 7.924803e-08 9.445755e-11 3.0212e-05 0.00038412592 5.1266238e-11 2.7257016e-07 9.706405e-06 4.18435e-10 2.5097446e-08 4.121492e-05 0.000117855416 5.5166746e-11 1.4513919e-10 8.936482e-07 5.637418e-10 6.426632e-06 1.0185858e-08 0.005878556
5.261098e-07 0.089465134 0.16718772 0.11101551 0.1953388 0.08567969 0.02090706 0.047266822 0.07418255 0.45270038 0.087035775 0.14006042 0.014084625 0.2906278 0.00013311778 2.7980544e-20 0.014866437 0.19688465 0.0424125 0.037015125 0.0018955909 0.46302024 0.3719976 0.011288017 0.004470136 0.02156794 0.3420496 0.0048545776 5.521718e-05 0.011439303 0.016030125 0.017861208 0.0013503495 0.0015574477 0.00062179344 0.0009969836 0.01704156 0.00021493761 0.00020676105 0.00045901022 0.008456753 3.4332847e-06 0.0016340297 0.007206621 0.0027394157 3.0847605e-08 0.00017904294 0.00040049807 0.014161627 0.0061751204 0.0021990445 0.00046587657 0.006051685 0.0012102707 0.00017816931 0.00032624355 0.0018732145 5.3038828e-05 7.507016e-05 0.00011119955 0.0007067647 0.0074155494 0.00010732003 0.00011167802 0.00051174674 6.518782e-05 0.00015601367 0.00077713066 2.8736182e-05 0.00029013352 1.4381766e-05 0.0042704637 0.00011439455 0.00075221475 0.00027993743 0.008958985 1.4620077e-05 4.987828e-07 0.0015274265 0.0045795236 0.010762805 6.385001e-05 0.006668739 0.00015913813 8.564504e-05 0.004332699 0.014146577 0.0039157495 7.857462e-05 0.00012507188 1.4513981e-09 6.1035214e-05 0.00022778033 0.015323458 1.4636442e-05 6.815128e-05 0.0001635421 1.8180904e-06 0.0012195448 0.008034202 2.164888e-05
0.0040568593 0.038141336 0.03667093 0.13536304 0.0315785 0.0069659716 0.0031856976 0.033122715 0.056942623 0.01807182 0.16901374 0.0026465629 0.00027231232 0.08392811 7.160003e-06 0.014866437 1.6261883e-18 0.100540005 0.032447133 0.024339857 0.00021351852 0.009100333 0.032630764 0.38232487 0.18837957 0.106262766 0.0013651365 0.00011095317 0.067419164 0.08654872 0.01661863 0.11861331 0.0011627531 0.35356838 0.00029522149 0.17771068 0.015018021 0.00015151534 7.778691e-05 0.00013431198 0.015692977 0.0020279093 0.109152764 0.00016025675 0.013620383 0.04064185 4.8834314e-05 0.00012824954 0.0013590682 0.04530724 0.0035448205 0.00022726327 0.007883794 0.0017047704 0.043757886 0.05526356 0.12288016 1.1673785e-05 0.059157543 1.9201316e-05 0.045533646 0.040125296 0.028711954 0.016817613 0.12026605 1.0685561e-05 2.7689499e-05 0.0012009552 0.012258976 3.1132336e-06 0.008499347 0.0015094372 0.01857649 0.09901836 0.0337802 0.033954274 0.0128424205 0.006430363 0.07817423 0.0040770997 0.027254019 0.010864658 0.008729806 0.022461714 0.009821481 0.043650385 0.02229974 0.00072051026 0.018114768 0.0068058674 1.7092186e-06 0.03484794 2.3737472e-05 0.029503305 0.0025605492 0.0052380883 0.071513616 0.011880436 0.04708532 1.59417e-06 9.119115e-06
1.2758311e-06 0.049366582 0.097937055 0.11157037 0.098990135 0.021493303 0.008067093 0.025969842 0.03986505 0.15959194 0.077182345 0.027917163 0.0017442289 0.43366954 1.3409007e-06 0.19688465 0.100540005 1.7459535e-22 0.022279454 0.019126317 0.000983261 0.1996209 0.47522935 0.043060765 0.09734344 0.027054187 0.06685877 0.00040585233 0.00017139819 0.015529494 0.008073574 0.02367742 0.0017299834 0.020262884 0.00018516486 0.010100104 0.0075514195 0.0001644522 7.5209464e-05 7.896405e-05 0.0057249307 1.2159601e-05 0.007765573 0.001123897 0.08868422 2.19059e-06 3.3592987e-05 0.00013418627 0.034833446 0.005589457 0.0017410568 0.00020287855 0.0044709225 0.00091073476 0.0010189182 0.004628879 0.010132883 2.4498504e-05 0.0034525886 8.154658e-05 0.0022860458 0.0051873773 0.0017487741 0.0008348924 0.005094657 2.1315484e-05 0.00010732188 0.00026955464 0.00047229262 2.5550275e-05 0.00019242846 0.005735732 0.0016469335 0.0041377437 0.0011375198 0.0041962075 0.00074282894 2.595262e-06 0.004033595 0.0028019343 0.0040574535 0.00080151536 0.004760162 0.0008516783 0.0013013099 0.0039119795 0.0034320003 0.038536515 0.00053873734 0.00014185187 1.1407418e-09 0.00039412483 0.00034936276 0.0050824084 0.00017053403 0.0019112473 0.0014960625 0.00042965735 0.0030217576 0.0031768084 1.8537925e-05
0.12248494 0.31252876 0.108971946 0.23393223 0.11831229 0.08466114 0.1660103 0.38117123 0.3603323 0.0695972 0.3307719 0.03764921 0.023535926 0.05619347 0.0016912239 0.0424125 0.032447133 0.022279454 3.6896526e-19 0.6413693 0.006403458 0.019606506 0.018778669 0.16725333 0.006367046 0.4779524 0.011369651 0.00059680926 0.45156002 0.30288404 0.34074926 0.32067174 0.004474512 0.0049386784 0.0023379368 0.017255742 0.3909396 0.0008375699 0.0013988964 0.0007048948 0.39231768 0.04670463 0.0028378218 0.00074088975 0.0010618784 0.0008769069 0.00041798558 0.00319832 0.0014743957 0.42759755 0.07160523 0.0029904263 0.36914304 0.010457636 0.0007287761 0.00057177123 0.14486752 0.0007235634 0.0019429091 0.000100219186 0.0032951348 0.46960038 0.00020208569 0.0002513314 0.017540447 0.00032019807 0.0002947379 0.010474173 9.2972485e-05 1.4700875e-05 4.6100275e-05 0.0011467166 0.000104440405 0.11118515 0.0050211824 0.39018583 7.2997216e-05 0.0026712632 0.2839311 0.2968439 0.3685684 0.00019127778 0.3132849 0.0031628164 0.00036943654 0.29526994 0.3321601 8.2162805e-05 0.0011159051 0.0554257 0.00013149253 0.0019226824 6.4268985e-05 0.34144157 3.273198e-05 0.00041520927 0.029800849 1.3125741e-05 0.080095105 0.0012123853 0.000402425
0.12589386 0.31248412 0.10214267 0.217679 0.11338681 0.09143669 0.20101355 0.39883456 0.34855494 0.065584294 0.31370792 0.04136602 0.028904682 0.050219804 0.0022811936 0.037015125 0.024339857 0.019126317 0.6413693 4.7278227e-19 0.009953112 0.018861067 0.016127896 0.15345494 0.0053731436 0.5092405 0.010745242 0.000794173 0.47452807 0.33507383 0.39073467 0.37747806 0.0075223343 0.0037002682 0.0038654066 0.016023079 0.45959255 0.0013454373 0.0022676727 0.0012924675 0.46432933 0.055986878 0.0031971077 0.00083003606 0.0009217748 0.00061449746 0.0005043977 0.0051685856 0.0011310036 0.46860346 0.13321541 0.004921041 0.43533325 0.0140622975 0.00067949644 0.0004651669 0.15794905 0.0013505581 0.0017709547 0.00021293509 0.004710938 0.5067988 0.00013618244 0.00016379621 0.022525478 0.0005819818 0.00032026158 0.014685806 5.3373773e-05 1.2700666e-05 2.9939889e-05 0.0014083879 6.514089e-05 0.11446033 0.0066667483 0.44440725 4.669091e-05 0.0023853537 0.30053377 0.37781212 0.42810825 0.00014479193 0.38654044 0.004099675 0.00031986844 0.35510227 0.3895803 7.6987715e-05 0.0013033138 0.06164529 0.00016054772 0.002112977 8.253159e-05 0.41113678 2.4745854e-05 0.00028291545 0.03600775 1.0835601e-05 0.093434505 0.0010124675 0.00085007166
0.0019979486 0.040067717 0.0048876884 0.0032789328 0.0059286556 0.07708826 0.246032 0.037427854 0.01301632 0.0022651763 0.001896514 0.077272095 0.3452307 0.00035364635 0.22315122 0.0018955909 0.00021351852 0.000983261 0.006403458 0.009953112 5.111578e-22 0.0014248516 0.0014149833 0.0006254942 2.5047822e-05 0.0010379268 0.0011734496 0.18930432 0.008714621 0.0007362161 0.014768122 0.0011083817 0.2913395 0.00014119093 0.3386336 0.00015474953 0.01953607 0.37611488 0.3874489 0.4402264 0.011890076 0.003807303 6.48343e-05 0.0021771216 0.00019113226 2.2846615e-07 0.1257796 0.30399418 3.8798617e-06 0.0016931347 0.10249652 0.28062 0.017923072 0.1737471 1.1981388e-05 1.2056522e-05 0.000104760016 0.12967563 6.6640246e-06 0.047354624 2.0945348e-05 0.0026801624 2.4203055e-06 4.1503863e-06 1.6766206e-05 0.054404944 0.018196294 0.19704218 3.1175992e-07 1.0082067e-07 4.96407e-08 0.0034986176 1.1502965e-07 0.000116265954 6.4314136e-06 0.0024084593 1.9450483e-06 1.5257348e-05 0.0003799501 0.024633069 0.0030808556 4.287885e-07 0.016574051 2.9160842e-06 8.268501e-06 0.0007898619 0.003791281 6.557121e-07 6.3399244e-07 0.0052123554 0.0001385434 1.9709668e-07 0.002319057 0.0029645723 1.8179863e-06 5.8933523e-07 1.3235122e-05 7.3214906e-08 0.00016282733 1.6597191e-07 0.050285134
5.4278512e-08 0.03456401 0.07495904 0.058639143 0.087494455 0.053663872 0.008203815 0.016411027 0.027780868 0.23192659 0.037321903 0.08493513 0.016427414 0.1782008 4.115428e-05 0.46302024 0.009100333 0.1996209 0.019606506 0.018861067 0.0014248516 1.203139e-20 0.49937204 0.010307825 0.008436103 0.01652381 0.43309417 0.00543668 9.126462e-05 0.0107688885 0.0067876885 0.01331739 0.0011896013 0.002364245 0.00030375595 0.0021025215 0.009606896 0.00024368656 0.00011940295 0.00057995005 0.0066564763 3.2324565e-06 0.0024156293 0.024847347 0.010707169 4.235762e-08 0.00036877266 0.00032908027 0.06514236 0.005497637 0.0015981683 0.00037136857 0.0046238047 0.0009381381 0.00021972499 0.0006117863 0.0018466157 3.238327e-05 0.00027949913 0.0001557161 0.00097520003 0.008448869 0.00012214723 8.492824e-05 0.000527474 6.7395915e-05 0.0002040414 0.0005392147 3.531194e-05 0.0006800557 1.5834054e-05 0.007534756 8.6771855e-05 0.0010349051 0.0003640051 0.019599594 2.919528e-05 1.3727594e-06 0.0044069793 0.006879089 0.024229517 4.6827456e-05 0.008776679 0.00019268868 0.00011172754 0.0170613 0.035898812 0.01413793 6.124641e-05 0.00012534246 5.6958926e-09 5.4453685e-05 0.00036081934 0.07140772 1.4602548e-05 0.00015928419 0.000102858765 1.9895983e-06 0.011726693 0.026803505 3.3811608e-05
1.5253681e-07 0.033350255 0.07593292 0.07798048 0.07265168 0.03243223 0.00624582 0.015210126 0.031934544 0.19552502 0.054878797 0.035907984 0.0043534376 0.3367046 3.4976765e-06 0.3719976 0.032630764 0.47522935 0.018778669 0.016127896 0.0014149833 0.49937204 3.477494e-21 0.016837578 0.024943402 0.020076338 0.27155784 0.0011882312 0.0002669404 0.012360545 0.007136529 0.014838788 0.0018136502 0.005693069 0.00031029008 0.0038858387 0.0060376655 0.00026022684 7.52091e-05 0.00019817396 0.0061170934 1.08454005e-05 0.0041074995 0.0062699756 0.05866353 5.746619e-07 8.99851e-05 0.00026664554 0.15147904 0.00851433 0.001661672 0.0003450156 0.0030546128 0.0010204216 0.00038337862 0.0016950873 0.0076859663 2.0793355e-05 0.0009932341 7.5294214e-05 0.0011632495 0.008646602 0.00040196878 0.00036796063 0.0026451396 1.9943258e-05 0.000184882 0.00036830906 0.00019184138 0.00029130772 8.862051e-05 0.009505659 0.00047625342 0.005567826 0.0005663127 0.018543554 0.00028930494 1.9673585e-06 0.013230423 0.005392363 0.021585286 0.00022438668 0.008832391 0.00036543762 0.0004040806 0.024164801 0.028727725 0.061607063 0.00019024646 0.00028627136 5.4918927e-09 0.00015893822 0.0003859101 0.080470264 0.00010234877 0.0011981885 0.0007914797 0.00015580746 0.052241996 0.015713278 1.2728786e-05
0.04324738 0.044458948 0.040924735 0.1529778 0.042347398 0.014456835 0.00677252 0.09409585 0.16327113 0.012516711 0.36437997 0.0037236835 0.0012169232 0.05664498 9.546885e-06 0.011288017 0.38232487 0.043060765 0.16725333 0.15345494 0.0006254942 0.010307825 0.016837578 2.1450306e-21 0.060295638 0.5142061 0.0022541871 7.296109e-05 0.26461232 0.4474764 0.08828275 0.40875474 0.00047908048 0.20307122 0.00033441334 0.44466352 0.055894434 0.00019524769 0.00019434092 0.00030639622 0.07127932 0.01341562 0.20566584 0.00010151492 0.0031697373 0.09743239 7.220473e-05 0.00020105744 0.00026658806 0.20569648 0.006738432 0.00020148105 0.043956526 0.0015570698 0.064880915 0.036841203 0.47145945 5.960692e-06 0.012103076 1.1774784e-05 0.10410807 0.17859587 0.0343001 0.023916218 0.3685419 9.502023e-06 3.6021393e-05 0.0018306994 0.01056741 2.0841318e-07 0.0064562014 0.0006036373 0.015703771 0.39728874 0.08769534 0.18887162 0.0065345266 0.037665147 0.41580757 0.033252463 0.17490906 0.01209471 0.06503654 0.06585169 0.005039792 0.2704504 0.1473449 0.00017668535 0.023806205 0.017214485 2.0575276e-06 0.060045257 4.90679e-06 0.21161087 0.001370199 0.0007230933 0.2901231 0.007366691 0.2663927 1.8969876e-06 3.476808e-06
6.361052e-06 0.0032332106 0.007472035 0.033434127 0.005704061 0.0013559365 0.00030622885 0.0031023875 0.010460408 0.0045561134 0.030573824 0.0011215286 3.6482026e-05 0.046603214 2.4385809e-08 0.004470136 0.18837957 0.09734344 0.006367046 0.0053731436 2.5047822e-05 0.008436103 0.024943402 0.060295638 4.369063e-22 0.015815003 0.00059106015 3.3159986e-06 0.00016196391 0.011535648 0.002631412 0.021764034 0.0002377269 0.09669436 3.3487082e-05 0.04357552 0.0026534444 9.749088e-06 5.4487627e-06 2.3078646e-06 0.0015642741 9.741523e-06 0.03458861 4.398579e-05 0.030300759 0.00012828026 7.196659e-07 7.852672e-06 0.00046380612 0.0020683967 0.00081659656 3.517196e-05 0.0006840449 0.00025361707 0.016056862 0.03003284 0.012116489 9.257054e-07 0.105116405 1.8179517e-06 0.018593617 0.0030542486 0.012324134 0.008522036 0.018584283 1.5191786e-06 2.9911433e-07 0.00010008528 0.0060650925 1.3856221e-07 0.0048788935 0.00035505334 0.014603134 0.0053334064 0.0119225215 0.0023687396 0.006881448 6.408952e-05 0.0026761233 0.00068893045 0.001687982 0.006550681 0.0012568181 0.007053665 0.0101514775 0.001527812 0.0014959762 0.013654796 0.007898619 9.819251e-05 4.68008e-09 0.0055028303 1.2854379e-06 0.002027486 0.0028918616 0.019808423 0.005127412 0.015186058 0.0014710076 1.8378574e-06 1.2226575e-06
0.099861115 0.09265657 0.063538425 0.14454696 0.068665214 0.032084946 0.032663863 0.23131496 0.24848993 0.03344749 0.27762455 0.0067563527 0.00596904 0.06386207 4.911722e-05 0.02156794 0.106262766 0.027054187 0.4779524 0.5092405 0.0010379268 0.01652381 0.020076338 0.5142061 0.015815003 2.505788e-20 0.0060907817 0.00018275698 0.45666677 0.599083 0.3340675 0.52088106 0.0012620923 0.030885033 0.00060357683 0.14133656 0.26666772 0.00018035257 0.00028528806 0.00018535512 0.323013 0.041068565 0.023476738 0.00018729374 0.002135564 0.007176263 0.00014026275 0.00071891584 0.0022812404 0.4672244 0.024203116 0.00094684225 0.25596383 0.0042229486 0.006728742 0.0039636516 0.49408612 4.7159727e-05 0.003376004 1.14916265e-05 0.0150751155 0.40315995 0.00393251 0.0025530267 0.20981832 2.718446e-05 5.242076e-05 0.005172826 0.0008160929 1.9252575e-06 0.0004297883 0.0005819435 0.0013190832 0.33213454 0.021578304 0.3668398 0.0007105046 0.019088969 0.44614783 0.18662213 0.34521925 0.0012916356 0.2429829 0.016120568 0.0007662755 0.41573676 0.3140472 0.00021601419 0.0053493557 0.04270043 2.2716345e-05 0.008040756 1.7895085e-05 0.37883753 9.7351935e-05 0.00023105116 0.13757885 0.00017080162 0.20773287 0.0003611302 1.759518e-05
3.4782996e-08 0.012710481 0.027925832 0.014195093 0.027895013 0.040390495 0.0053200307 0.008267094 0.010062042 0.12712224 0.01102037 0.11448833 0.010366873 0.059849188 0.00015123168 0.3420496 0.0013651365 0.06685877 0.011369651 0.010745242 0.0011734496 0.43309417 0.27155784 0.0022541871 0.00059106015 0.0060907817 2.7175814e-19 0.006262508 5.969552e-05 0.0021260062 0.006832 0.0014093808 0.00041327355 0.0002162172 0.0001232207 0.00013453301 0.0096341865 5.8908805e-05 2.7703843e-05 0.00020351398 0.008122425 1.4772247e-06 5.1920342e-05 0.09570199 0.0022485722 7.182222e-08 6.420062e-05 4.8114227e-05 0.032868408 0.005667406 0.0015581794 0.0001368365 0.007120278 0.0013355837 1.7648192e-06 4.0278308e-05 2.703987e-05 7.1022514e-06 8.934202e-06 7.950349e-05 9.603592e-06 0.012103791 2.1510677e-06 9.945103e-07 2.200903e-06 1.8208051e-05 9.151371e-05 0.0006140241 7.2038335e-07 0.005440095 2.316706e-07 0.0047934763 3.9897637e-07 4.6542555e-05 3.5861815e-06 0.039056364 1.46052e-06 5.9463923e-07 0.0014365172 0.014725109 0.056888614 4.6637638e-07 0.02368507 1.8889705e-06 1.3421321e-05 0.024946412 0.08532224 0.009741496 2.0945158e-06 0.0001532923 1.0044749e-08 1.2985167e-06 0.00017058967 0.10156622 3.391477e-06 1.629815e-05 2.1145268e-05 9.5998274e-08 0.009001841 0.13162822 3.1230513e-05
1.539517e-06 0.0034228822 0.0005635811 9.565618e-05 0.0010392907 0.08967471 0.03383733 0.0035637652 0.00064014614 0.0033033642 0.00032823993 0.19927786 0.42131123 9.080579e-05 0.21347496 0.0048545776 0.00011095317 0.00040585233 0.00059680926 0.000794173 0.18930432 0.00543668 0.0011882312 7.296109e-05 3.3159986e-06 0.00018275698 0.006262508 9.483365e-21 0.000101028825 6.0845166e-05 0.0029068734 7.94346e-05 0.014230212 5.254416e-06 0.023432387 5.881037e-06 0.0023398919 0.069690615 0.069499664 0.28712866 0.0016386668 7.8907666e-05 2.5424404e-06 0.2592855 0.0001458068 3.891009e-09 0.32858694 0.020888012 3.23076e-05 0.00018713913 0.00414228 0.015695058 0.0020975557 0.006479289 3.7350372e-07 2.6315612e-07 5.194552e-06 0.0537651 7.545447e-08 0.1308283 3.7959821e-06 0.00034429214 1.0041247e-07 2.0721494e-07 7.416917e-07 0.054640364 0.3123177 0.0050766175 2.507271e-08 1.3429328e-06 1.3093253e-08 0.08406712 4.9054417e-08 2.0659113e-06 9.914327e-07 0.0002583658 1.5109825e-07 7.7197905e-07 5.7598722e-06 0.0031204924 0.00025360595 3.7182303e-07 0.0023110395 5.067637e-07 8.7350395e-07 6.517097e-05 0.0003319863 2.3654143e-06 1.9134883e-07 0.0009585933 3.8358758e-07 4.5261086e-08 0.05719152 0.0002657674 3.2813367e-07 2.6154484e-07 4.543423e-07 1.0124231e-07 3.678864e-05 0.00059563137 0.03348338
0.042045876 0.048969537 0.0020275267 0.015896969 0.0050665424 0.006443315 0.1372864 0.25515148 0.17749202 9.350092e-05 0.17334819 0.00053600234 0.0069497945 6.753321e-05 4.3207328e-07 5.521718e-05 0.067419164 0.00017139819 0.45156002 0.47452807 0.008714621 9.126462e-05 0.0002669404 0.26461232 0.00016196391 0.45666677 5.969552e-05 0.000101028825 7.4973334e-26 0.35260886 0.7650763 0.24515633 0.07215732 0.028235259 0.039780304 0.049423434 0.57939297 0.0035850415 0.0064623277 0.0024737173 0.5394391 0.16200769 0.01447635 6.614549e-06 1.3557735e-05 1.8826075e-06 0.00011813617 0.043683868 1.204446e-06 0.40722874 0.2832021 0.057598818 0.45915022 0.12680101 0.0017969133 0.0015789166 0.13649143 0.0022336668 0.00010408275 0.00021096313 0.0061610406 0.33277842 0.0011080216 0.0009486124 0.026681615 0.00082860026 1.7825554e-05 0.10715726 0.00014691269 1.3108014e-09 5.894921e-05 6.182592e-05 0.0008672057 0.1276039 0.0062416727 0.2825495 3.7400532e-05 0.00015026802 0.23761666 0.37496245 0.27245802 0.0014295024 0.34590566 0.0044660494 9.443533e-05 0.2396832 0.25262994 8.6138146e-09 0.0032822054 0.120460875 6.2248023e-06 0.0076687937 2.645591e-06 0.19628306 1.0590098e-05 2.699801e-06 0.05346492 5.666225e-05 0.13528425 1.5741794e-10 0.00020831275
0.13614704 0.04314918 0.030124724 0.07438647 0.03105647 0.016183686 0.017739477 0.12461203 0.14794448 0.012360787 0.17445487 0.003437018 0.0028595678 0.027951576 1.374311e-05 0.011439303 0.08654872 0.015529494 0.30288404 0.33507383 0.0007362161 0.0107688885 0.012360545 0.4474764 0.011535648 0.599083 0.0021260062 6.0845166e-05 0.35260886 1.7477077e-20 0.19031829 0.57538056 0.00087189104 0.041521445 0.0004041278 0.16147372 0.17559655 0.0001929494 0.0002349145 0.00021545621 0.23226443 0.026698548 0.027702738 6.414046e-05 0.0019584976 0.005919941 7.034684e-05 0.00054346165 0.0009948686 0.37969834 0.018305773 0.0007737326 0.17276308 0.0033663576 0.011345351 0.006433911 0.56082356 3.2272863e-05 0.0052991463 1.0898039e-05 0.029210467 0.29151404 0.0061705904 0.0038281728 0.30075946 2.550594e-05 2.8502793e-05 0.0039933296 0.0013233331 2.4551667e-07 0.0006686343 0.00040000625 0.0023245574 0.4196632 0.032183282 0.2897972 0.0021590875 0.026041357 0.46200153 0.17695281 0.26718926 0.0016590626 0.19382949 0.02476116 0.001801006 0.3660828 0.2586114 0.0001757007 0.007059173 0.033515476 2.1325486e-05 0.013299876 1.6001233e-05 0.34173948 0.00043392924 0.00029144777 0.18040888 0.00030597806 0.17115238 4.682107e-05 1.6623693e-05
0.55882335 0.13157639 0.036953125 0.061184704 0.041816335 0.056408096 0.13418746 0.22368914 0.1630668 0.023521652 0.082883775 0.01704096 0.0318636 0.0127679035 0.00300032 0.016030125 0.01661863 0.008073574 0.34074926 0.39073467 0.014768122 0.0067876885 0.007136529 0.08828275 0.002631412 0.3340675 0.006832 0.0029068734 0.7650763 0.19031829 2.2229386e-19 0.20301086 0.01545685 0.0036919937 0.012406463 0.011073609 0.58437777 0.005865505 0.0091621345 0.0052739303 0.5938377 0.20497708 0.003367064 0.0005131237 0.0011322517 0.0005534651 0.0029951571 0.011414043 0.0014772473 0.47464988 0.11981434 0.008454121 0.59313166 0.016524889 0.0008247545 0.0012398442 0.110656165 0.0051439293 0.0021576076 0.0011683677 0.002008538 0.4911451 0.0004197474 0.0004928748 0.01289322 0.0029956126 0.00047280276 0.022655442 0.000101269114 2.4159976e-06 4.377713e-05 0.0006583994 0.00014267716 0.12552972 0.0027989126 0.4780094 0.0003226768 0.002755384 0.33391315 0.5660276 0.46107635 0.0002537545 0.53772986 0.0015953557 0.0012442673 0.36700276 0.45696217 8.343678e-05 0.0011181763 0.17314255 0.0017940548 0.0019582203 0.00024261525 0.45438677 0.00015457254 0.00029630063 0.026151307 2.5738856e-05 0.15839173 0.00071981 0.0011168005
