5.966465e-32 0.0016096449 1.1752594e-05 0.009624879 0.0067424113 0.000123425 0.001075375 6.340675e-05 0.017764598 0.020906057 0.0053357976 0.016661119 9.752157e-06 0.0024641214 0.008297907 0.004661408 9.142229e-05 0.00069346686 0.00014162896 0.017261444 0.029278755 5.4501033e-06 0.018784573 2.9632065e-06 1.3483407e-06 5.348817e-07 4.0338888e-05 0.026497062 0.05043523 0.018678222 0.083518535 0.021480247 0.036298085 9.49713e-08 1.7922265e-06 0.029094597 0.32515407 1.255578e-08 0.35314044 0.017577028 0.62252295 0.6901145 0.40574977 6.294493e-09 0.039271843 1.6499518e-05 0.0003934798 1.1505264e-06 2.4456519e-08 3.1428e-09 5.9033587e-09 2.2550918e-07 2.6183444e-10 0.87401885 0.0005781884 1.9192505e-09 0.042576335 0.42813057 0.07537602 6.910372e-11 0.8221276 0.08179548 0.39682734 0.027788566 0.37087455 0.1447703 5.917318e-06 2.7833314e-05 0.0013662253 0.73724335 0.8781231 1.2187388e-08 3.1841142e-12 0.00014474774 0.92459875 0.16870792 0.9254011 0.16866796 0.7844221 3.5816356e-08 0.8490508 0.92700076 1.1456379e-11 8.496641e-12 0.8276117 7.6587056e-11 0.3256546 3.7363325e-06 0.11306477 3.5111858e-13 0.9824422 0.8367207 0.6396578 0.96272373 0.5035872 1.5089656e-06 6.30502e-07 0.43236154 0.1655192 0.98377687 0.000833883
0.0016096449 7.6160664e-19 0.25623128 0.2906184 0.11794324 0.08139337 0.44028646 0.048993815 0.2731715 0.3453002 0.020623043 0.21930963 0.20727749 0.1328384 0.19577664 0.08750603 0.08557155 0.0052239955 0.0039195702 0.16065927 0.14547439 0.014379879 0.067335755 0.009074429 0.067064814 0.024992144 0.0023410425 0.07795709 0.15848717 0.020423971 0.12687305 0.01401721 0.09731585 0.025302092 0.01782247 0.046755157 0.2252954 0.0015390393 0.20253958 0.01937053 0.24645434 0.2062618 0.09847664 0.015017584 0.019731574 0.0020732202 0.00032452628 0.0026553771 0.003929117 0.00076725095 0.003844391 0.0015927491 0.0010857289 0.31775084 0.013272436 0.008397078 0.011973643 0.030634847 0.010739064 0.00063323084 0.08728648 0.004854353 0.026120188 0.0044105616 0.018174639 0.008061782 0.0005861792 0.0007566874 0.0018729152 0.015302896 0.15364836 0.0007697186 0.0004620851 0.0007524608 0.04662014 0.0029250851 0.082997225 0.020729953 0.03353643 2.2559243e-05 0.011687493 0.0207297 0.00017291667 0.0025374806 0.0076939897 2.2539328e-09 0.046705198 6.5584594e-05 0.0020028907 9.4415875e-05 0.051241975 0.0041637267 0.18314388 0.009800197 0.00043960655 1.120944e-05 2.0009098e-05 0.00049961195 0.0001168639 0.012673292 5.880036e-05
1.1752594e-05 0.25623128 6.2376854e-21 0.11505561 0.039902013 7.2701355e-06 0.08015339 0.062093027 0.11745114 0.15182833 0.004746388 0.059360575 0.1428202 0.017738553 0.034163322 0.015268063 0.008113104 0.0008311792 0.00084955216 0.031435397 0.031159528 0.015315831 0.034554213 0.00904749 0.019260261 0.07811083 0.0004261646 0.025603646 0.05803572 0.012176632 0.047016297 0.008272619 0.014215054 0.10109504 0.0018892022 0.005879664 0.04264106 0.003556028 0.041838035 1.3330927e-05 0.032219335 0.021075552 0.024368405 0.0094913505 0.0010799041 3.8243154e-05 1.8094987e-06 4.706097e-05 4.5351462e-05 0.0015152502 0.0002971935 8.7291344e-05 0.0050778347 0.032651734 5.4938057e-05 0.035099704 0.00039959257 0.0027215045 0.0019972036 0.000623585 0.011338769 0.00064260775 0.012143426 0.00012068502 0.0011366768 0.0010082838 3.043554e-05 3.0380963e-05 7.596064e-05 0.0056223045 0.017605463 0.00040297766 0.00084609195 1.1680428e-06 0.007762873 0.00067377667 0.0019304901 1.0290924e-05 0.0008479114 6.895659e-07 0.0026182001 0.005395269 5.440546e-05 0.0055442285 0.0011079911 1.6307981e-10 0.0001343772 1.420329e-05 2.0114747e-05 0.00087549305 0.002835871 0.00062163366 0.012319022 0.0026788977 4.82547e-05 2.3162023e-07 1.9992998e-05 7.877984e-05 5.1803614e-05 7.1501876e-05 8.3447085e-06
0.009624879 0.2906184 0.11505561 8.1630215e-20 0.34563267 0.028185872 0.040468663 0.09870978 0.5373246 0.36756828 0.13837883 0.22758074 0.017640235 0.012880554 0.039549302 0.0077191107 0.0050463546 0.07374707 0.045411732 0.09085196 0.014352396 0.050558913 0.49549812 0.03820881 0.0061440254 0.036305767 0.03815218 0.40422595 0.24931507 0.18773097 0.3864154 0.13966192 0.023893053 0.017108815 0.0027081657 0.0034133296 0.27467793 0.003971963 0.44346985 0.052922238 0.2682767 0.07333288 0.39457002 0.0021486792 0.0014653543 0.00018325997 0.011196835 0.0003013366 0.00026694447 0.002059428 0.00058904896 0.0049519334 0.001384372 0.22647919 0.051363617 0.0012367148 0.00056010025 0.0045310487 0.04794167 0.0011603831 0.3594975 0.021576816 0.1410364 7.5382304e-05 0.0033791156 0.02280465 1.4632687e-05 1.0520449e-05 9.81452e-06 0.08771184 0.35072708 0.0015750483 3.2027063e-05 0.0061723357 0.29168457 0.008461004 0.008947935 0.019631863 0.0031099634 0.00018535035 0.046830084 0.1654701 0.0004388446 8.966198e-05 0.024064764 5.383444e-08 0.06729763 1.3213626e-06 4.2002728e-05 9.09801e-05 0.2469333 0.017429268 0.25519705 0.074389614 0.005832378 0.00027881944 7.033073e-07 0.009699249 0.0037970613 0.0009541388 0.0011778895
0.0067424113 0.11794324 0.039902013 0.34563267 4.8226132e-20 0.002021783 0.01568617 0.20571236 0.20641516 0.12661646 0.36458203 0.059048265 0.0075894417 0.004178726 0.009070579 0.0033983479 0.0013968215 0.17430902 0.18896583 0.019910311 0.0073268595 0.10266487 0.28784922 0.07195074 0.001651168 0.05262336 0.13161616 0.18769836 0.061933983 0.2519277 0.26403263 0.20459856 0.0081405705 0.02243374 0.00065432314 0.0018427637 0.06597931 0.0132825915 0.15697184 0.002946307 0.06312481 0.02549226 0.17120007 0.0019138035 0.0014624575 7.3458476e-05 0.056125935 0.0001682086 7.475702e-05 0.0034365463 6.4416316e-05 0.027493652 0.0009230362 0.043990266 0.024366148 0.00032279128 0.0010832383 0.003374359 0.04792666 0.0010121847 0.15816346 0.04021418 0.12319396 0.00042608983 0.0012616607 0.050615005 2.9533678e-05 3.823429e-05 5.9336526e-05 0.1284508 0.11074222 0.0042587486 0.00018824013 0.004936849 0.12831345 0.034767196 0.004139052 0.0037889318 0.0016807335 0.00051488227 0.08577987 0.07859083 0.0003008674 8.036106e-05 0.06565973 2.0136195e-06 0.019615863 9.55112e-06 6.424055e-05 3.9857674e-05 0.09138818 0.042267397 0.10590679 0.053562444 0.011854772 0.002153458 6.906167e-06 0.012117593 0.01614283 0.00085337675 0.0043706265
0.000123425 0.08139337 7.2701355e-06 0.028185872 0.002021783 1.4738749e-35 0.018760405 4.264371e-07 0.036941808 0.09397824 0.00014055091 0.06622927 0.0001210008 0.025286544 0.095264114 0.03584966 0.00046451192 1.7354413e-06 7.068216e-08 0.042811733 0.07367463 1.27314115e-08 0.013006921 5.757628e-09 4.1865118e-05 5.1349296e-08 2.6609298e-08 0.008290232 0.042525254 0.0031710875 0.01738419 0.0018819678 0.046950255 3.600231e-08 1.4277673e-05 0.022353865 0.014222681 5.2472493e-10 0.010006864 8.9015e-08 0.014925804 0.06856657 0.012278574 3.261802e-07 0.012794604 7.179765e-06 4.1773283e-08 3.3154106e-06 4.932719e-07 4.442943e-09 6.518048e-07 1.8806219e-09 4.4361945e-09 0.031698104 3.316441e-08 7.33846e-07 0.006817209 0.036480185 0.0016596061 1.1631588e-09 0.009845701 0.0015374639 0.0024116335 0.0017052039 0.0311203 0.0011669467 5.4016905e-06 6.2959734e-06 7.0963644e-05 0.0024896928 0.0052500935 3.8782946e-09 1.615372e-10 7.3546794e-11 0.006975581 0.001274195 0.015484735 1.03619095e-05 0.010019402 5.3687343e-10 0.0021420645 0.0025519242 4.5082934e-11 2.0328465e-10 0.0011394412 3.4679666e-15 2.3525268e-05 1.0688487e-05 0.000963669 4.173197e-11 0.0006751187 0.00073428394 0.0024468782 0.0009213582 0.00037709574 4.8280725e-08 8.7834223e-07 7.776006e-05 9.070804e-06 0.00066938245 4.0831753e-07
0.001075375 0.44028646 0.08015339 0.040468663 0.01568617 0.018760405 5.269581e-19 0.007825341 0.07200388 0.14044641 0.004202864 0.18634751 0.21825293 0.34500515 0.2861653 0.29310855 0.28057367 0.0016155841 0.0011203553 0.18383357 0.20421275 0.0024300173 0.010658531 0.0020262757 0.16077521 0.006320866 0.0009543112 0.013165457 0.09842427 0.003203879 0.022076188 0.002267103 0.12691478 0.0050568273 0.056504734 0.1252415 0.10709673 0.00066032226 0.03282572 0.0042184424 0.1111444 0.18315592 0.0117424335 0.027482886 0.05583171 0.010707531 0.00018279029 0.012568709 0.0139256595 0.0008553766 0.011505818 0.0005501072 0.0003361212 0.15635629 0.001726356 0.000765024 0.0371785 0.06863552 0.005546209 0.00033584549 0.0119425105 0.0026854943 0.009411602 0.01558042 0.03599256 0.0043972647 0.004217362 0.005787616 0.009555521 0.010654562 0.026513696 0.0007732287 0.0006754398 1.6591857e-05 0.006262726 0.0011692282 0.13466299 0.0115974415 0.06815442 2.2702896e-05 0.0069717267 0.0042692223 0.00019514344 0.0008345803 0.0035321761 2.1018454e-10 0.021181814 0.0009601853 0.012453024 1.8616765e-05 0.009013902 0.0012539204 0.017343313 0.0024148356 0.00036807155 7.387723e-06 0.00031890895 0.00025147572 0.00019466944 0.025819512 7.35595e-05
6.340675e-05 0.048993815 0.062093027 0.09870978 0.20571236 4.264371e-07 0.007825341 1.7839245e-22 0.05434758 0.03782286 0.17273387 0.015712438 0.002227693 0.0019613125 0.0028581608 0.0015586045 0.00082670944 0.120557405 0.21621034 0.005711116 0.003180602 0.25967887 0.08715732 0.23300782 0.000995239 0.14021008 0.20438859 0.05602724 0.0097139245 0.094813 0.078091145 0.10836484 0.0015407428 0.060584027 0.00030227576 0.00040528434 0.008365685 0.09439975 0.030805504 7.852184e-06 0.0063454653 0.0023639216 0.038354706 0.00021486261 0.0001211129 8.008224e-06 0.03859229 1.2521086e-05 4.9610653e-06 0.026132042 1.6356058e-05 0.06798446 0.0068000476 0.005315895 0.0033600691 0.0008361733 7.705573e-05 0.00026723003 0.022756627 0.00998319 0.019780556 0.0146921165 0.034158356 1.3967374e-05 0.00027386218 0.016245415 8.1338106e-07 1.0580592e-06 3.8518424e-06 0.03560541 0.019215798 0.03366852 5.7956637e-05 0.00020839502 0.01870993 0.009187882 0.00017734406 1.0689609e-05 8.8755e-05 0.0011607854 0.020738747 0.01910445 0.0037143454 0.0003517484 0.013892219 2.831369e-05 0.0004026114 3.2211088e-07 1.0186384e-06 0.0006136304 0.017742556 0.008412841 0.02414167 0.017603204 0.0029691586 0.00025632413 5.4124814e-07 0.004246177 0.00366061 8.5472175e-06 0.0014030986
0.017764598 0.2731715 0.11745114 0.5373246 0.20641516 0.036941808 0.07200388 0.05434758 4.7437357e-20 0.43551713 0.06773235 0.23642069 0.032684788 0.023523072 0.070032686 0.015880687 0.012287078 0.024137685 0.014198485 0.12598224 0.034747582 0.024044145 0.31130674 0.015031941 0.012488829 0.019337658 0.010571028 0.27094322 0.28911325 0.108307846 0.268047 0.07044353 0.061414964 0.013501455 0.0056733764 0.0076254746 0.31231505 0.0020104076 0.42795584 0.06593486 0.35050803 0.15047397 0.32692888 0.0029608496 0.002428274 0.00038379768 0.002340702 0.0004100261 0.0003274464 0.0012591593 0.00085574994 0.0018559224 0.0009977889 0.3040952 0.030888231 0.0023059011 0.00073853316 0.0073767547 0.027956346 0.0009444105 0.3147065 0.010836831 0.08236243 5.9337428e-05 0.0056319055 0.01514939 6.072103e-06 3.8420835e-06 4.5026713e-06 0.049037177 0.31794748 0.0008011135 0.00011351038 0.0020739764 0.21834081 0.0042922636 0.017385187 0.010116641 0.0058523184 8.090225e-05 0.03297891 0.13311899 0.0003357132 0.00032271064 0.014976386 2.938696e-09 0.058770623 7.504553e-07 2.37473e-05 0.00029411147 0.21792012 0.007780462 0.28653184 0.043591823 0.0021607045 6.879424e-05 6.981543e-07 0.0039399425 0.0012327095 0.0022213205 0.00069648586
0.020906057 0.3453002 0.15182833 0.36756828 0.12661646 0.09397824 0.14044641 0.03782286 0.43551713 1.4237256e-19 0.038705103 0.3072545 0.07710008 0.052331094 0.18330868 0.04046914 0.03302248 0.0117517365 0.00939207 0.23269817 0.10872487 0.013524406 0.1681142 0.0077803046 0.020528998 0.012025851 0.0062928824 0.16748123 0.29770076 0.0368057 0.17746149 0.023473155 0.15250018 0.011866287 0.011079492 0.03990634 0.33040416 0.001230769 0.3202934 0.041712638 0.35698932 0.26055124 0.23201144 0.0059230127 0.01532866 0.0024097469 0.0009425129 0.0026925006 0.0019260407 0.0013841074 0.0014788606 0.00095839455 0.0013779516 0.361192 0.013072793 0.005547497 0.0059348666 0.037987158 0.011544227 0.0018577914 0.20544285 0.004830584 0.05546644 0.0010301078 0.018473329 0.007679907 0.00017650852 0.0001377302 0.00023093175 0.02445373 0.26462248 0.0006008947 0.00047726076 0.0006539548 0.1335441 0.002732681 0.06600137 0.016683944 0.019556422 6.0852246e-05 0.015664179 0.0672212 0.0008349513 0.0015260776 0.007389083 1.9231423e-09 0.046678104 5.2040505e-05 0.0012784298 0.001160133 0.09863954 0.005127478 0.2318271 0.019072961 0.0009855193 6.819719e-05 1.169857e-05 0.0019096021 0.00048270676 0.010618896 0.00073234783
0.0053357976 0.020623043 0.004746388 0.13837883 0.36458203 0.00014055091 0.004202864 0.17273387 0.06773235 0.038705103 2.2646113e-20 0.016328149 0.0014702334 0.0020523823 0.0036393309 0.0015253572 0.00059943483 0.45181897 0.31969595 0.007785862 0.0034046364 0.09446966 0.17968963 0.067979485 0.0009376836 0.019424437 0.21249054 0.116881534 0.019172505 0.30242047 0.18264264 0.30749482 0.0026809191 0.00675625 0.00037649547 0.0005027768 0.021561254 0.007873339 0.072904296 0.0005082704 0.01916692 0.0088981325 0.10251856 0.0005005651 0.00019820272 2.7772594e-05 0.16254827 4.6230594e-05 1.0900222e-05 0.0016439558 5.6006947e-06 0.048094258 0.0001342984 0.013429881 0.022493435 2.6595639e-05 4.4151755e-05 0.0005431513 0.08496776 0.00037763795 0.10954106 0.07386291 0.13564466 3.2005914e-06 0.00024929608 0.07114842 8.3144226e-07 6.9036355e-07 7.357353e-07 0.19274968 0.06179936 0.004161787 2.1257953e-05 0.0075309766 0.12144063 0.06901816 0.0007299182 0.0007543969 0.00014831747 0.002984785 0.14624064 0.13024957 0.0002471806 1.2702543e-05 0.1297946 1.4618083e-05 0.009933464 4.6781653e-07 6.741591e-07 1.0862429e-05 0.09598814 0.09188149 0.053170204 0.13747713 0.041901223 0.006168731 4.4215048e-07 0.04306087 0.029814841 0.00010020753 0.012048644
0.016661119 0.21930963 0.059360575 0.22758074 0.059048265 0.06622927 0.18634751 0.015712438 0.23642069 0.3072545 0.016328149 1.4974629e-19 0.06461392 0.13260749 0.32187888 0.11985045 0.051813573 0.0053615673 0.00430292 0.36442864 0.19237453 0.008130043 0.10508232 0.0046326746 0.032973327 0.0074700695 0.0030809112 0.11092378 0.23405455 0.025991304 0.08209164 0.014611465 0.2293131 0.005245695 0.02030506 0.093189314 0.29243466 0.00047531663 0.21685506 0.03391757 0.33207875 0.3471279 0.11050776 0.009012476 0.035569075 0.008333924 0.00027583248 0.009114564 0.0050525083 0.0006269368 0.002944234 0.0006463366 0.00075500115 0.31973305 0.0071536223 0.0014397958 0.01721726 0.10715759 0.010783928 0.00068966014 0.11325415 0.0041310648 0.020809058 0.0069375033 0.034568492 0.0043631196 0.0013601333 0.0013714783 0.0023230868 0.011323539 0.14716126 0.00037384214 0.0004231093 0.000111172 0.05721872 0.0014056464 0.13319728 0.029290654 0.043068897 6.7249406e-05 0.0067919497 0.027020188 0.00031552743 0.00053510163 0.0033219133 3.1622022e-10 0.051157344 0.0006178982 0.0057092286 4.9194146e-05 0.04703807 0.0018453508 0.17752409 0.009982244 0.0005431515 4.1862007e-05 0.00026672235 0.0009519506 0.00058322994 0.015822243 0.000569989
9.752157e-06 0.20727749 0.1428202 0.017640235 0.0075894417 0.0001210008 0.21825293 0.002227693 0.032684788 0.07710008 0.0014702334 0.06461392 4.6065797e-21 0.07391434 0.081476614 0.07177137 0.12457868 0.00031368225 0.00019829154 0.06672132 0.09908727 0.0005843945 0.008277126 0.00044590482 0.3713009 0.0023090271 0.000117906566 0.010285465 0.04382247 0.0032242592 0.015337631 0.002637624 0.065334424 0.0044636354 0.06620432 0.0609111 0.041937053 0.00021502985 0.016853062 0.00014625286 0.0344287 0.07624998 0.008313135 0.15157722 0.027107183 0.0041325423 5.203373e-06 0.0056583146 0.009560289 0.00024542082 0.020313099 0.00012212952 9.752971e-05 0.04049488 5.6955512e-05 0.0027407224 0.018023599 0.027617574 0.008934186 6.481476e-05 0.0057150354 0.0070362375 0.0109925065 0.007488825 0.013875934 0.007830293 0.0024620828 0.0028081392 0.0048281546 0.0076384083 0.0029769118 0.0004793028 0.009816434 2.3661643e-07 0.0030814637 0.003426202 0.021953989 0.0013036159 0.013347766 8.422296e-07 0.00389794 0.0047677015 4.686409e-05 0.0015027855 0.0014563357 2.1941806e-11 0.0030205431 0.00073426997 0.0055957753 2.8385686e-05 0.0012747603 0.0013343038 0.0034953891 0.00226967 0.00059854885 3.1286046e-07 0.0004041253 0.00031949102 7.836621e-05 0.0018438855 7.4771738e-06
0.0024641214 0.1328384 0.017738553 0.012880554 0.004178726 0.025286544 0.34500515 0.0019613125 0.023523072 0.052331094 0.0020523823 0.13260749 0.07391434 6.359502e-20 0.33319047 0.41700697 0.23830824 0.0009779269 0.0006003036 0.2011829 0.17526777 0.0005858207 0.0051669814 0.0005204212 0.08773139 0.003196341 0.000494727 0.007842446 0.0627632 0.0019327642 0.007006574 0.0016426574 0.1452267 0.0020169897 0.054077324 0.19959287 0.061222266 0.00020971784 0.014358646 0.0072465423 0.061600734 0.13284181 0.006278484 0.0147117255 0.103417456 0.017913168 0.00025881562 0.016209472 0.013326753 0.00056369154 0.008722492 0.00014610871 0.000271246 0.0902488 0.0008033041 0.0004804891 0.052308876 0.12707916 0.0034414097 0.00071140844 0.0071851183 0.0006568365 0.0027206612 0.023245063 0.06139851 0.0014180228 0.0053443355 0.008446259 0.014156772 0.0020308318 0.015527835 0.0003009262 0.00021568092 7.0346055e-06 0.004344077 0.00022720845 0.181446 0.014523399 0.08972759 2.898242e-05 0.0017025592 0.0032650563 0.00021060875 0.0001704248 0.0007029566 1.4735733e-10 0.015156876 0.0052252486 0.02663868 9.8437e-06 0.0048600323 0.0002767787 0.014931314 0.00103495 9.9319666e-05 1.04989e-05 0.002443026 0.00013521923 0.000114609764 0.0479778 0.00012317358
0.008297907 0.19577664 0.034163322 0.039549302 0.009070579 0.095264114 0.2861653 0.0028581608 0.070032686 0.18330868 0.0036393309 0.32187888 0.081476614 0.33319047 4.4198603e-20 0.3377237 0.15342353 0.00089427567 0.00055868947 0.39030096 0.31595796 0.0006017391 0.009266932 0.0005833254 0.06773439 0.0031244871 0.0004379524 0.014766607 0.15211716 0.003717873 0.016310865 0.0022770965 0.25888136 0.0024753893 0.03811334 0.23195724 0.206436 6.604303e-05 0.054255288 0.023214834 0.24551098 0.3003493 0.013823788 0.011320882 0.10823284 0.012785541 0.00010268313 0.014576759 0.011941423 0.0002838589 0.006927157 5.940396e-05 9.5885065e-05 0.29103115 0.0013642475 0.00042841843 0.04455243 0.22328417 0.0030627542 0.00028163567 0.020892212 0.0006824947 0.0035164163 0.021370301 0.107308 0.0011643922 0.00668214 0.009129127 0.012426461 0.002248016 0.053646777 0.0001720326 0.00015897052 4.4427206e-06 0.010260938 0.00019577384 0.29106393 0.035472725 0.12499488 5.832711e-06 0.0014898783 0.00708953 6.864835e-05 0.00019247434 0.00060390675 3.5820128e-11 0.041631892 0.0038220824 0.021889782 7.7256084e-07 0.01144312 0.00026230537 0.042590093 0.0025342922 5.0865638e-05 2.81532e-06 0.0018913122 6.6422836e-05 2.6891847e-05 0.049866077 8.247682e-05
0.004661408 0.08750603 0.015268063 0.0077191107 0.0033983479 0.03584966 0.29310855 0.0015586045 0.015880687 0.04046914 0.0015253572 0.11985045 0.07177137 0.41700697 0.3377237 2.3823277e-19 0.21312709 0.00045879075 0.00044754377 0.19640607 0.1944553 0.0004087294 0.0028398088 0.00034409025 0.08115335 0.0026890195 0.00034628928 0.0050920728 0.04570379 0.0014108204 0.005447831 0.00088729477 0.14142121 0.001854012 0.059481323 0.2172596 0.041880917 0.00011317086 0.013538144 0.0075367605 0.052550677 0.14706866 0.005422712 0.01657417 0.11376941 0.020657532 0.00014757842 0.016554117 0.015359543 0.00025694995 0.009985905 8.537211e-05 0.00010639199 0.08047528 0.0007175483 0.0003382719 0.056218196 0.1619466 0.002297209 0.0003239218 0.0071109473 0.00033667314 0.0032623827 0.022687469 0.08186046 0.0007092985 0.0054310053 0.008287259 0.014170421 0.0013093828 0.013755908 0.00020037752 0.0003013639 2.2559503e-05 0.004072611 8.78359e-05 0.22087696 0.018388 0.124374345 3.2840166e-05 0.0007155706 0.0035891517 0.00012327112 9.8966804e-05 0.00026663765 3.1465772e-10 0.024237324 0.0049599516 0.030656539 2.8743923e-06 0.0037310098 0.00010084881 0.011264353 0.0009857576 2.8754903e-05 7.168352e-06 0.0031298583 4.8174556e-05 3.2405853e-05 0.060321342 5.9928992e-05
9.142229e-05 0.08557155 0.008113104 0.0050463546 0.0013968215 0.00046451192 0.28057367 0.00082670944 0.012287078 0.03302248 0.00059943483 0.051813573 0.12457868 0.23830824 0.15342353 0.21312709 8.987578e-21 5.9641807e-05 8.8535446e-05 0.07509647 0.108028404 0.000245473 0.0031369897 0.00015871237 0.29171228 0.0014590041 6.7142515e-05 0.004266436 0.022016292 0.0014595664 0.0051506967 0.0010910421 0.06782896 0.0005278597 0.20850861 0.13114296 0.020089416 6.0471524e-05 0.008256013 0.00014584727 0.01745903 0.052228745 0.003216227 0.02037218 0.07357113 0.028382517 6.6550183e-06 0.04644847 0.052207544 0.00020380259 0.053739235 2.3057382e-05 2.8115945e-05 0.019688547 8.694354e-06 4.4389537e-05 0.05418077 0.086030595 0.005184993 7.2596085e-05 0.0021835926 0.0013696067 0.002175348 0.030094713 0.05441885 0.0019284796 0.013250646 0.015069146 0.02058965 0.0019091795 0.0036023504 0.00013004537 0.00036889824 1.8033819e-07 0.00093047577 0.00036205488 0.06715861 0.0015338238 0.057524268 8.516409e-07 0.0008527845 0.0011021462 4.847194e-05 1.2166074e-05 0.00033460185 1.0151687e-11 0.0035309028 0.005986222 0.023811791 9.4539945e-07 0.0008075553 0.00022049875 0.0023558005 0.0006963895 4.9023438e-05 7.758228e-07 0.0054447195 5.8616213e-05 0.00020799095 0.013786443 1.1585314e-05
0.00069346686 0.0052239955 0.0008311792 0.07374707 0.17430902 1.7354413e-06 0.0016155841 0.120557405 0.024137685 0.0117517365 0.45181897 0.0053615673 0.00031368225 0.0009779269 0.00089427567 0.00045879075 5.9641807e-05 1.1166624e-22 0.44649455 0.001146558 0.0002606963 0.0830337 0.14495532 0.06984148 0.0003270588 0.011465739 0.31156045 0.095305316 0.0039693313 0.23488109 0.10423317 0.28350806 0.00034692892 0.0028097732 6.389107e-05 6.188031e-05 0.0033410299 0.008889549 0.017697519 0.00017476652 0.0024533002 0.0008487819 0.042076662 7.1147755e-05 8.651988e-06 4.12776e-06 0.39559248 2.708763e-06 1.769739e-06 0.0017858499 3.639985e-06 0.070270084 0.00010985982 0.0012682107 0.026346201 1.6159554e-05 2.6003681e-06 5.549237e-05 0.08773457 0.00022630968 0.033534784 0.07268449 0.10444843 1.2166666e-07 2.4121586e-05 0.061414085 8.3391704e-08 4.276285e-08 3.4672976e-08 0.11813658 0.014133967 0.010821068 4.7142257e-06 0.013165068 0.052004483 0.081191294 1.0103485e-05 0.00013464248 2.6517496e-06 0.0116979815 0.11820791 0.06672661 6.360916e-05 3.27373e-06 0.120876774 0.00022781726 0.0028731192 3.916453e-08 1.8826649e-08 3.998958e-06 0.04968113 0.08176486 0.015947336 0.09248395 0.04663311 0.007971452 5.900863e-08 0.043324754 0.022992766 3.644911e-06 0.008547606
0.00014162896 0.0039195702 0.00084955216 0.045411732 0.18896583 7.068216e-08 0.0011203553 0.21621034 0.014198485 0.00939207 0.31969595 0.00430292 0.00019829154 0.0006003036 0.00055868947 0.00044754377 8.8535446e-05 0.44649455 1.6540376e-23 0.0013934128 0.0004700865 0.19302028 0.09493994 0.17236412 0.00034731635 0.045151334 0.5025975 0.0626501 0.0027397305 0.1993986 0.111647815 0.23589896 0.00037759542 0.0064129303 0.000136971 7.369368e-05 0.003592986 0.043708015 0.016883653 1.506992e-05 0.002970681 0.0010170348 0.04287797 8.458777e-05 3.937161e-05 3.8157305e-06 0.40254706 3.4968325e-06 1.820891e-06 0.009485423 5.142428e-06 0.15821809 0.0007330724 0.0021978754 0.009153907 3.1971642e-05 4.226276e-06 0.00014751806 0.08403522 0.00189659 0.024927972 0.11508908 0.080853 4.216531e-07 0.00020898771 0.07575072 2.076446e-07 9.985897e-08 1.2386828e-07 0.10351424 0.008335138 0.044600777 2.4240859e-05 0.0020534503 0.03531347 0.09867867 2.9380994e-05 3.064884e-05 1.6399244e-05 0.019328864 0.07594778 0.03366575 0.0007959821 9.950284e-05 0.06458026 0.0016655145 0.0014509452 1.248291e-07 2.4022137e-07 0.00010525884 0.022600193 0.042269368 0.012163204 0.04236013 0.029752523 0.014511701 3.2330624e-07 0.025483524 0.027578698 3.9122538e-06 0.01059894
0.017261444 0.16065927 0.031435397 0.09085196 0.019910311 0.042811733 0.18383357 0.005711116 0.12598224 0.23269817 0.007785862 0.36442864 0.06672132 0.2011829 0.39030096 0.19640607 0.07509647 0.001146558 0.0013934128 1.1362062e-19 0.24836046 0.003411016 0.025889989 0.0026914198 0.043178033 0.0050922185 0.0013612363 0.03757335 0.20291588 0.010272355 0.026641862 0.0058986754 0.2700781 0.002585561 0.028675279 0.16141321 0.26424265 0.00031267153 0.11684309 0.028879551 0.30823427 0.37448728 0.027918095 0.009664539 0.05649534 0.01257025 4.0835963e-05 0.012458091 0.0060870503 0.000432138 0.004013992 0.0003215353 0.00018190268 0.30847558 0.0013250809 0.00026794965 0.02640482 0.27155414 0.007149455 0.0003646114 0.039749634 0.0019187944 0.004849615 0.014083067 0.08790358 0.0021207542 0.0029830376 0.0033299 0.0050753294 0.0025957113 0.08367756 0.00020203501 0.00023537176 3.192003e-05 0.01632975 0.0003283091 0.24994381 0.039368182 0.084811956 5.4640903e-05 0.0022353886 0.009237395 0.000152628 7.844554e-05 0.0007987489 2.1301409e-10 0.050177135 0.002007324 0.009865392 1.3356627e-06 0.01606063 0.000448302 0.07808489 0.0032144457 0.00025247922 2.0050473e-05 0.0010704473 0.0003479473 0.00032610606 0.023632713 0.0004473731
0.029278755 0.14547439 0.031159528 0.014352396 0.0073268595 0.07367463 0.20421275 0.003180602 0.034747582 0.10872487 0.0034046364 0.19237453 0.09908727 0.17526777 0.31595796 0.1944553 0.108028404 0.0002606963 0.0004700865 0.24836046 3.2461974e-19 0.0011766658 0.004389714 0.0008370278 0.05602835 0.0023633286 0.00029749266 0.0068243253 0.072073475 0.0023094004 0.00877816 0.0014758062 0.19431446 0.0017578996 0.036457647 0.18216859 0.103491746 6.310157e-05 0.031172745 0.016018754 0.14644556 0.27337277 0.00655478 0.018110164 0.07430444 0.019595303 1.495283e-05 0.0186442 0.011949733 9.9273464e-05 0.009230521 5.902504e-05 2.3324235e-05 0.24693479 0.00048425968 0.0001312173 0.044760153 0.25702405 0.0019986862 8.065558e-05 0.012774584 0.00045780998 0.0028178396 0.02080331 0.11529039 0.00052138494 0.0070720366 0.008657535 0.0115774125 0.000778523 0.042074326 0.00013754878 0.0009392132 2.4170451e-05 0.007898842 9.0247646e-05 0.33185083 0.029954145 0.1662322 2.3060922e-05 0.0006357141 0.004352547 7.590821e-05 9.239187e-05 0.00022758057 1.8561921e-10 0.034162294 0.0037784907 0.022068629 5.8783144e-07 0.007018444 0.000108241016 0.031605676 0.0013856076 2.9041272e-05 3.6598328e-06 0.0024628153 4.4979057e-05 3.6537942e-05 0.050246257 5.1382933e-05
5.4501033e-06 0.014379879 0.015315831 0.050558913 0.10266487 1.27314115e-08 0.0024300173 0.25967887 0.024044145 0.013524406 0.09446966 0.008130043 0.0005843945 0.0005858207 0.0006017391 0.0004087294 0.000245473 0.0830337 0.19302028 0.003411016 0.0011766658 3.737911e-23 0.056955297 0.42036825 0.000643147 0.25390366 0.28099155 0.040631816 0.0040934472 0.06672445 0.051523764 0.075676665 0.0012881986 0.09214145 0.00020796379 0.00030543725 0.0029922135 0.28457025 0.017600117 7.556497e-07 0.0020640574 0.0009376877 0.025864447 0.00012321894 0.00016917063 1.100152e-06 0.06482766 1.4636838e-06 2.246085e-06 0.11330646 1.0373754e-05 0.14440334 0.025791513 0.0013855363 0.0012202939 0.00079361413 1.4228915e-05 0.00033440028 0.015389044 0.041887462 0.01230702 0.008234416 0.0267548 7.788965e-07 0.00034152198 0.010079969 8.9904326e-08 7.647974e-08 1.6834153e-07 0.026455926 0.0052908217 0.13225242 0.00014706716 6.0559658e-05 0.0132956775 0.005389052 0.0001081335 1.0775045e-06 2.5367017e-05 0.0051356503 0.020156154 0.01895032 0.01775486 0.002725711 0.012436675 0.00037626846 0.00036201157 9.123342e-08 1.326168e-07 0.004737904 0.010282901 0.006707493 0.006760391 0.015514247 0.0024976395 0.0010745508 6.5743684e-08 0.0051049776 0.0028093888 1.5965587e-06 0.0021198574
0.018784573 0.067335755 0.034554213 0.49549812 0.28784922 0.013006921 0.010658531 0.08715732 0.31130674 0.1681142 0.17968963 0.10508232 0.008277126 0.0051669814 0.009266932 0.0028398088 0.0031369897 0.14495532 0.09493994 0.025889989 0.004389714 0.056955297 5.919167e-20 0.041058473 0.005460187 0.029411968 0.07126753 0.5532936 0.16005427 0.33040527 0.4968568 0.3187728 0.007824423 0.010190669 0.003514879 0.0008878183 0.19592421 0.0048630945 0.4295286 0.06618129 0.1911591 0.04014991 0.47753856 0.0043408736 0.0003188956 0.00011788689 0.050118297 0.00024097778 0.0004896172 0.0030234137 0.0006683468 0.011221599 0.00087028486 0.15280546 0.10266137 0.00068568136 0.00018943573 0.0016584299 0.14469157 0.0017802945 0.45444542 0.06256296 0.34782448 1.599205e-05 0.001358412 0.074903786 8.609327e-06 4.260065e-06 3.7838054e-06 0.26955196 0.3967317 0.0018495228 5.085487e-05 0.045476224 0.46644482 0.037496198 0.0045674047 0.02703865 0.0015012936 0.00041180445 0.18371387 0.37246427 0.0009357519 9.527871e-05 0.114688426 1.4794227e-06 0.1045268 1.3751322e-06 1.00690095e-05 0.00010106891 0.47118232 0.086432286 0.30146715 0.2646231 0.028005995 0.0016254936 1.2907261e-06 0.032308325 0.0144344475 0.00036533747 0.003873651
2.9632065e-06 0.009074429 0.00904749 0.03820881 0.07195074 5.757628e-09 0.0020262757 0.23300782 0.015031941 0.0077803046 0.067979485 0.0046326746 0.00044590482 0.0005204212 0.0005833254 0.00034409025 0.00015871237 0.06984148 0.17236412 0.0026914198 0.0008370278 0.42036825 0.041058473 9.284121e-23 0.00043324716 0.25266683 0.27530378 0.027163453 0.002882551 0.05186319 0.033650707 0.05724243 0.000794676 0.097857185 0.000117644406 0.0002543306 0.0016926335 0.31078935 0.0103491265 5.3157373e-07 0.0014839593 0.0005428282 0.017771868 6.635142e-05 0.00018498128 4.8762087e-07 0.06763097 5.3198244e-07 8.312734e-07 0.13098083 4.4474014e-06 0.16488853 0.030640675 0.00080475485 0.0007087778 0.00090345135 9.027834e-06 0.00038678423 0.0110045485 0.045943912 0.0082462 0.0058284937 0.017839316 4.8699025e-07 0.00029364903 0.0074448287 3.9641613e-08 2.681989e-08 1.0197371e-07 0.019412018 0.003958789 0.17155632 0.00015681951 4.702122e-05 0.009131311 0.004104641 6.149538e-05 1.4196459e-06 1.6835647e-05 0.0069960905 0.014692144 0.014237814 0.022230227 0.0018937305 0.009603754 0.00018267264 0.00042147364 7.230177e-08 6.0436676e-08 0.004933093 0.0072311927 0.005149842 0.004355975 0.012419015 0.0018874353 0.000960788 3.080269e-08 0.0041862787 0.0020127557 8.0225436e-07 0.001666866
1.3483407e-06 0.067064814 0.019260261 0.0061440254 0.001651168 4.1865118e-05 0.16077521 0.000995239 0.012488829 0.020528998 0.0009376836 0.032973327 0.3713009 0.08773139 0.06773439 0.08115335 0.29171228 0.0003270588 0.00034731635 0.043178033 0.05602835 0.000643147 0.005460187 0.00043324716 1.0475836e-22 0.0019498019 0.00028768275 0.0074372925 0.014915473 0.0021647243 0.0064610215 0.0018600102 0.037695378 0.0008490536 0.38117164 0.06899105 0.011274531 0.0003760774 0.004739669 0.000106693355 0.0103421165 0.030011116 0.0032208466 0.18036027 0.037791323 0.018437106 6.681843e-06 0.04831824 0.10933532 0.00053176546 0.22230223 6.0575887e-05 9.345037e-05 0.012632055 5.6356653e-06 0.00049681205 0.029270798 0.037811637 0.004196926 0.00019439303 0.0024691685 0.0015088788 0.0037237706 0.012535479 0.021688148 0.0016995394 0.0076132016 0.0080813775 0.009675639 0.0040204125 0.000964467 0.0002301394 0.0070897327 5.6218425e-08 0.0012491818 0.00048642352 0.019217337 0.0009190918 0.020119896 4.385034e-07 0.0020614222 0.0012959233 0.00014150461 0.00010397312 0.0005617827 7.591727e-12 0.0011376848 0.002354086 0.014638356 3.4258883e-05 0.0008566395 0.0003232944 0.0007797549 0.000727264 5.9865073e-05 1.12383304e-07 0.002649583 6.67206e-05 2.863589e-05 0.005098886 2.698491e-06
5.348817e-07 0.024992144 0.07811083 0.036305767 0.05262336 5.1349296e-08 0.006320866 0.14021008 0.019337658 0.012025851 0.019424437 0.0074700695 0.0023090271 0.003196341 0.0031244871 0.0026890195 0.0014590041 0.011465739 0.045151334 0.0050922185 0.0023633286 0.25390366 0.029411968 0.25266683 0.0019498019 1.1523815e-22 0.08826861 0.019603513 0.0031634816 0.01888558 0.021466149 0.02066624 0.0015500713 0.3816301 0.00055865216 0.0012676108 0.0018734519 0.33459154 0.010055269 1.070024e-06 0.002113371 0.0008999218 0.012727153 0.0002966317 0.00029287793 9.817272e-06 0.0036195153 1.4818394e-05 1.7740338e-05 0.2394338 6.4967615e-05 0.059219 0.18703206 0.0010461345 5.959973e-05 0.021143794 4.5301404e-05 0.00030256907 0.003381998 0.14873372 0.003633133 0.0012158363 0.008482516 2.449966e-06 0.00038982838 0.0010232882 6.9147507e-07 4.2915056e-07 7.880666e-07 0.0056367037 0.0024718298 0.1034141 0.00080270716 6.1856736e-06 0.0032278681 0.00043090543 6.344987e-05 1.4537193e-06 2.5572968e-05 0.0010087758 0.0044184113 0.005812629 0.06697375 0.007205013 0.0024094607 6.284375e-05 0.00018655429 5.471949e-07 3.4240162e-07 0.03164968 0.003013761 0.0015444405 0.006624186 0.005328376 0.0006214896 7.7594275e-05 6.9688707e-07 0.0009501009 0.00014704416 8.713557e-07 0.00010058995
4.0338888e-05 0.0023410425 0.0004261646 0.03815218 0.13161616 2.6609298e-08 0.0009543112 0.20438859 0.010571028 0.0062928824 0.21249054 0.0030809112 0.000117906566 0.000494727 0.0004379524 0.00034628928 6.7142515e-05 0.31156045 0.5025975 0.0013612363 0.00029749266 0.28099155 0.07126753 0.27530378 0.00028768275 0.08826861 8.2538504e-22 0.042720802 0.0024123257 0.15417957 0.078116566 0.17259522 0.0004109508 0.019852063 0.00012415386 0.00012091428 0.0025271038 0.09997129 0.010126231 3.351946e-06 0.0017043544 0.00076063717 0.023877855 8.332816e-05 7.815171e-05 1.1743177e-06 0.36619267 1.7194612e-06 1.2844686e-06 0.022245958 3.5696225e-06 0.31137642 0.0024302895 0.0016693032 0.0038893016 4.739865e-05 2.6192938e-06 0.00020633577 0.0637304 0.0055347374 0.015401804 0.09047218 0.05264747 2.7638768e-07 0.00022827461 0.052121557 8.91421e-08 3.5999904e-08 3.1198077e-08 0.07299405 0.005366148 0.1320917 5.0821414e-05 0.00083599234 0.024492875 0.07991635 3.9738647e-05 2.3878925e-05 1.17382115e-05 0.046557777 0.05290129 0.025420997 0.0013127349 0.00028876495 0.04421035 0.003424649 0.0017206196 8.101122e-08 4.5256087e-08 0.00014570463 0.015425601 0.026031062 0.008872423 0.026422037 0.018153904 0.01788391 1.4825547e-07 0.015551288 0.021416321 1.8252723e-06 0.010739838
0.026497062 0.07795709 0.025603646 0.40422595 0.18769836 0.008290232 0.013165457 0.05602724 0.27094322 0.16748123 0.116881534 0.11092378 0.010285465 0.007842446 0.014766607 0.0050920728 0.004266436 0.095305316 0.0626501 0.03757335 0.0068243253 0.040631816 0.5532936 0.027163453 0.0074372925 0.019603513 0.042720802 1.8998928e-20 0.1846589 0.25595632 0.50643903 0.25219488 0.010601528 0.005438246 0.004766267 0.0015207704 0.22237289 0.0034912433 0.3982616 0.07126139 0.2293919 0.03905268 0.47989717 0.002711091 0.00044340416 0.0004044652 0.029984055 0.000644605 0.00074933324 0.0016166253 0.0009360339 0.007971622 0.0003025769 0.14539598 0.0798601 0.00037410177 0.0002759538 0.0017813602 0.13139614 0.00076572323 0.4400847 0.052036572 0.312813 1.9495863e-05 0.0015898059 0.06935022 7.714952e-06 3.0763265e-06 2.4303831e-06 0.26114613 0.34503993 0.0015734202 4.4273613e-05 0.037226263 0.43004572 0.031891547 0.0048885625 0.026786683 0.0020026697 0.00030337693 0.19923322 0.39791226 0.0005313619 4.845054e-05 0.13149747 7.7967377e-07 0.098305814 2.0281298e-06 9.706821e-06 5.2675237e-05 0.43369225 0.10177217 0.31019133 0.2917417 0.03186965 0.0015016466 1.8771253e-06 0.034453418 0.012379391 0.00039266393 0.004510191
0.05043523 0.15848717 0.05803572 0.24931507 0.061933983 0.042525254 0.09842427 0.0097139245 0.28911325 0.29770076 0.019172505 0.23405455 0.04382247 0.0627632 0.15211716 0.04570379 0.022016292 0.0039693313 0.0027397305 0.20291588 0.072073475 0.0040934472 0.16005427 0.002882551 0.014915473 0.0031634816 0.0024123257 0.1846589 1.9931374e-20 0.025045326 0.12815519 0.015379918 0.13730182 0.0029861943 0.005849328 0.022955455 0.37054536 0.00015065847 0.35877573 0.20501283 0.40048423 0.34852415 0.22043201 0.0023768633 0.00640972 0.0011994381 0.00023459636 0.0011829357 0.00044807824 0.00021401451 0.0003637728 0.00039733137 0.0006625806 0.40006882 0.016372534 0.0031807823 0.003235237 0.04269232 0.008419889 0.00022976485 0.20596154 0.002557652 0.020784257 0.0005957314 0.01569208 0.0033766676 9.999093e-05 7.636267e-05 0.00014762487 0.009733274 0.29608345 6.8920446e-05 0.00018245346 0.00037246867 0.121573076 0.0005948409 0.10354282 0.03607197 0.026742373 1.6604079e-05 0.0051630232 0.046050865 8.537243e-05 0.0017902306 0.0017699762 1.0615537e-09 0.09599086 2.4668547e-05 0.00053878955 0.00016052474 0.114083506 0.0010054439 0.20001212 0.011664149 0.0003970895 9.909691e-06 7.870568e-06 0.0006157323 0.00023290842 0.013174238 0.00020033184
0.018678222 0.020423971 0.012176632 0.18773097 0.2519277 0.0031710875 0.003203879 0.094813 0.108307846 0.0368057 0.30242047 0.025991304 0.0032242592 0.0019327642 0.003717873 0.0014108204 0.0014595664 0.23488109 0.1993986 0.010272355 0.0023094004 0.06672445 0.33040527 0.05186319 0.0021647243 0.01888558 0.15417957 0.25595632 0.025045326 2.397872e-20 0.28268218 0.5768902 0.0041652876 0.00822009 0.0016024591 0.00039295593 0.04707855 0.007489553 0.16690151 0.010064527 0.056731887 0.018047448 0.25138935 0.002261701 0.0003161835 3.60924e-05 0.14681366 7.132725e-05 0.00014947105 0.0033952345 0.00013183933 0.040455807 0.00048542419 0.0316767 0.12639439 0.00014041587 4.951652e-05 0.0015843874 0.21923915 0.002050339 0.27917138 0.15559837 0.3374021 3.459493e-06 0.0007896254 0.16051586 3.4803109e-06 1.6201118e-06 1.3319357e-06 0.31014994 0.17628448 0.003923596 1.65419e-05 0.04058999 0.3128339 0.16698202 0.0014957592 0.00716152 0.0004426967 0.003936309 0.26313552 0.30669722 0.0023109845 2.241917e-05 0.25943258 5.185888e-05 0.047606077 7.0648565e-07 3.3240315e-06 5.606111e-05 0.2706921 0.21127611 0.160013 0.29359284 0.094070785 0.009271961 4.5058522e-07 0.098397605 0.05662546 0.0001143628 0.011681737
0.083518535 0.12687305 0.047016297 0.3864154 0.26403263 0.01738419 0.022076188 0.078091145 0.268047 0.17746149 0.18264264 0.08209164 0.015337631 0.007006574 0.016310865 0.005447831 0.0051506967 0.10423317 0.111647815 0.026641862 0.00877816 0.051523764 0.4968568 0.033650707 0.0064610215 0.021466149 0.078116566 0.50643903 0.12815519 0.28268218 6.4950086e-20 0.2812806 0.007902755 0.009723383 0.0048582526 0.0022731312 0.18589382 0.006107731 0.40482083 0.08344773 0.22004117 0.049765702 0.4819017 0.0027961058 0.0007514748 0.0007059651 0.04303996 0.0007167406 0.00097449205 0.0033052 0.0008896792 0.014740486 0.00079186057 0.18855818 0.060264423 0.0006198237 0.0006489473 0.003105931 0.09898974 0.002748735 0.4591693 0.048069797 0.27084744 4.5514334e-05 0.0019701105 0.058181405 1.2263775e-05 4.465723e-06 4.8017073e-06 0.28529364 0.4051908 0.0024572858 0.00018768765 0.03230879 0.4621355 0.037214525 0.005523454 0.032236103 0.0023775266 0.00076133205 0.1901686 0.37030694 0.0015719444 0.00032110812 0.12788999 2.1961332e-06 0.09197992 2.1805622e-06 2.5055419e-05 0.00022118047 0.37830636 0.09597679 0.32290125 0.26946726 0.039744657 0.0037167226 2.8542113e-06 0.037387025 0.019971749 0.0007762451 0.009021315
0.021480247 0.01401721 0.008272619 0.13966192 0.20459856 0.0018819678 0.002267103 0.10836484 0.07044353 0.023473155 0.30749482 0.014611465 0.002637624 0.0016426574 0.0022770965 0.00088729477 0.0010910421 0.28350806 0.23589896 0.0058986754 0.0014758062 0.075676665 0.3187728 0.05724243 0.0018600102 0.02066624 0.17259522 0.25219488 0.015379918 0.5768902 0.2812806 9.107552e-20 0.0027950928 0.00907748 0.0009822511 0.00019187156 0.032813143 0.008534805 0.13810118 0.006646786 0.03694055 0.012804308 0.20574073 0.0013724492 0.00014251302 1.3826667e-05 0.18906923 3.0157908e-05 5.8026486e-05 0.0032025976 9.019379e-05 0.05522261 0.0004067367 0.024762869 0.18510395 0.00011740098 1.6672959e-05 0.0009838933 0.29189834 0.0023082565 0.26125976 0.23164362 0.35702625 6.148259e-07 0.00043220556 0.20872498 6.4424603e-07 4.300556e-07 3.23474e-07 0.37165263 0.17681399 0.005473763 9.241914e-06 0.057929285 0.32985333 0.19648054 0.00092917494 0.0044921082 0.00027569494 0.005916546 0.3320713 0.34353986 0.00156196 1.5012499e-05 0.32382786 0.00013073714 0.045575894 2.1093042e-07 6.414309e-07 1.6825232e-05 0.29411373 0.2621454 0.1382388 0.3449944 0.12442513 0.013360634 1.9743267e-07 0.122192636 0.07195032 8.925171e-05 0.015890215
