4.159471e-31 0.041080944 0.5629562 0.31951672 0.21166942 0.019095533 0.106610864 0.8888357 0.94829994 0.24316615 0.86615306 0.5250821 0.1465075 0.5484339 0.3609005 0.039756436 0.011553093 0.19727135 0.012157198 0.0071282885 0.09679363 0.9869516 0.039376248 0.095532164 0.004773775 0.99095595 0.019497681 0.034105144 0.07549967 0.2255295 0.007730448 0.3585748 0.9834331 0.8658239 0.8992499 0.0016570812 0.99490607 0.96594083 0.4569144 0.0017590577 0.9934411 0.001525945 9.512658e-06 0.4199104 1.0967594e-05 0.026740193 0.5649909 0.771571 0.00996671 0.0038891938 0.4319881 0.010942804 5.9172475e-05 0.9985885 5.700422e-06 4.1857156e-06 0.9495452 0.0031331405 8.241557e-07 2.121615e-05 1.5079183e-06 2.8218974e-06 0.0019612564 0.9622465 0.004589347 8.1652945e-07 0.00071512413 0.106758095 4.6622563e-07 0.9983617 0.98359823 1.1762219e-06 0.9715465 0.7221391 4.1932486e-05 1.9494115e-05 0.99555457 0.26411584 8.629663e-10 0.000347005 1.449828e-07 9.605437e-07 0.99815077 8.4280174e-07 0.86754006 0.009710645 5.1092286e-07 0.00032708186 7.976606e-08 0.9234471 0.15949965 0.0024102929 3.251334e-08 0.0072871917 0.9947608 0.0012211765 2.2749688e-07 0.004574591 0.7968603 0.9890455 0.018534308
0.041080944 3.580788e-27 0.14839463 0.15423784 0.096823454 7.811318e-05 0.06220479 0.14184794 0.1324822 0.06383588 0.08618923 0.06216796 0.040561438 0.038926896 0.032384474 0.023070356 0.005804644 0.029549247 0.0025269047 0.0018716947 0.010907463 0.09706123 0.02185087 0.01175032 0.010823994 0.0924959 0.0051467707 0.014579082 0.0143857645 0.006562539 0.0135115655 0.010012267 0.038927358 0.025792189 0.030709386 0.0018930717 0.09433459 0.082906984 0.03609476 0.0007521096 0.020325564 7.8261115e-07 3.948906e-06 0.029040791 1.7561786e-07 0.0023949938 0.01190456 0.013721822 0.0045564435 0.0028295727 0.0013911184 0.0038861723 0.0005672359 0.041086607 0.0007522936 0.00061237765 0.011320542 0.0010337293 8.8134366e-05 1.3633416e-05 9.10018e-05 6.524992e-06 0.0006772635 0.031652004 0.00095000304 1.4403699e-05 0.00024927067 0.00036020688 2.1486227e-05 0.011845365 0.03961305 1.2043553e-06 0.0071290876 0.022274904 9.532042e-05 9.7760276e-05 0.006691064 0.0074971896 7.140192e-16 2.938756e-10 2.4994847e-07 4.8843816e-07 0.044499766 4.777254e-07 0.023275176 4.0172617e-05 2.5421674e-09 0.00018644244 9.805589e-07 0.0015794443 0.00018335017 2.4209645e-05 3.913651e-09 1.4828261e-05 0.040277846 0.00023903226 2.6582386e-10 0.0005982399 0.009778616 0.010603363 8.956801e-06
0.5629562 0.14839463 5.6617477e-18 0.46783775 0.47540507 0.11003845 0.58363944 0.31645432 0.3482572 0.5626852 0.30721116 0.32762074 0.12521586 0.14075719 0.19552675 0.33771616 0.37697706 0.28376144 0.18419074 0.16424614 0.0944893 0.2760172 0.22791593 0.1082834 0.20931408 0.28027204 0.04072988 0.14980137 0.04924971 0.010398235 0.17967398 0.0030098218 0.004310931 0.0006920807 0.00035086228 0.13593951 0.32632628 0.21074408 0.00941964 0.089100234 0.0039781653 0.0011175233 0.17873645 0.006421939 0.083291344 0.017705537 0.000113033784 0.00016184548 0.008110725 0.023299972 4.1421437e-05 0.0034480095 0.013853391 0.14297363 0.014251948 0.022379499 0.0026989582 0.0012344354 0.013082389 0.015646778 0.016715214 0.012279633 0.0058780713 0.01471491 0.000460319 0.013804574 0.001025495 3.350439e-05 0.010945283 0.002007795 0.01751696 0.006953424 0.0023521255 0.011081221 0.0028135153 0.002575514 0.0017437463 0.0085269185 0.000119443386 0.0002570029 0.0032698973 0.0011026593 0.023294669 0.0008925291 0.019498624 1.6313405e-05 5.6305325e-05 0.00066219684 0.0030724155 0.0006047228 2.5300356e-05 1.4846401e-05 0.00014173922 6.6748376e-06 0.05226092 0.00045245257 3.187516e-07 0.0006123952 0.011994387 0.015718613 2.8311922e-06
0.31951672 0.15423784 0.46783775 1.9599025e-20 0.6140849 0.23869275 0.33480835 0.3777001 0.40238556 0.17155136 0.079906724 0.063742794 0.051072247 0.019989973 0.3081513 0.12536053 0.33346257 0.04009197 0.332705 0.28005528 0.17707227 0.295964 0.043812256 0.0087671 0.07200879 0.28391626 0.114559576 0.02232176 0.004412314 0.053252496 0.035952024 0.014494833 0.021852352 0.0045556133 0.0017739187 0.096381105 0.2242913 0.0732882 0.0010597883 0.11797812 0.015886223 0.011210592 0.124918304 0.00054393476 0.08016714 0.04319621 0.0007986152 0.0009314164 0.023778038 0.04128234 0.0002594067 0.007355925 0.047839306 0.044013135 0.038953315 0.04232738 0.003676737 0.00010152797 0.027410846 0.0009642661 0.020821942 0.0020974413 0.012085203 0.0025023266 0.0011370904 0.013574931 0.00017499953 0.00021386844 0.01418909 0.005195747 0.0027810854 0.00058927067 0.0036815004 0.0009734689 0.007845662 0.007469481 0.002100988 0.0004401802 0.00032030925 7.2532584e-06 0.00043208667 4.4411685e-05 0.0042271814 2.6981399e-05 0.0027229402 8.1135055e-05 0.00019396246 0.0019484322 0.0011767556 0.0015744822 7.281255e-05 1.7033632e-05 0.0012904062 1.8635166e-05 0.009213191 4.876344e-05 8.4623997e-07 4.1860407e-05 0.0010208951 0.015909571 9.555483e-06
0.21166942 0.096823454 0.47540507 0.6140849 6.13775e-20 0.16251054 0.39270857 0.2734595 0.29833645 0.19388102 0.08777154 0.07572383 0.061634555 0.0236048 0.27167448 0.17080884 0.3814277 0.05295588 0.2753749 0.24834539 0.16550148 0.22677869 0.05842623 0.01625914 0.11820311 0.21470784 0.081918605 0.029893287 0.007382403 0.03815973 0.060907573 0.012787352 0.010918598 0.0029000617 0.0020746046 0.13174513 0.19566531 0.07352636 0.0020029 0.13965406 0.007353495 0.0067176786 0.15685466 0.0012298098 0.08754571 0.029536253 0.00086770416 0.0008866156 0.01745903 0.039827198 0.0002188717 0.0070011695 0.053530965 0.047678743 0.055525187 0.054749537 0.0025023113 0.00022731702 0.036008373 0.0036459854 0.029290298 0.005998692 0.016368255 0.003530297 0.0010132365 0.0204045 0.0003667345 0.00019888075 0.020601891 0.0039509726 0.003964691 0.0031319945 0.0031328404 0.0013720462 0.009035522 0.007912854 0.0027672872 0.00069124636 0.0005762279 1.0111889e-05 0.001979676 0.00023622853 0.0047289636 0.0001286927 0.004779577 5.8318852e-05 0.00019887999 0.0016162321 0.0036629478 0.0012992471 3.963521e-05 1.4390188e-05 0.0011316587 1.5423937e-05 0.016215216 8.199928e-05 4.1400264e-07 4.877167e-05 0.0021442638 0.014248632 7.0429164e-06
0.019095533 7.811318e-05 0.11003845 0.23869275 0.16251054 1.210796e-27 0.08124051 0.17643121 0.1463085 0.05363691 0.06266707 0.034085628 0.0025000917 0.011676186 0.15619913 0.03641673 0.021196242 0.012716289 0.020165762 0.010590826 0.08577279 0.10429079 0.018484913 0.0023117338 0.022175988 0.09728954 0.07002091 0.009189065 0.002128534 0.14230978 0.020399481 0.13003235 0.18781756 0.1752972 0.19153017 0.0049872817 0.06475871 0.03707633 0.0042555337 0.0031294033 0.1363861 5.267584e-05 2.0800028e-06 0.0027738754 2.3202239e-07 0.056064963 0.11341625 0.071135364 0.059479065 0.02177373 0.024923695 0.0636481 0.0036405043 0.027243597 0.0028624749 0.0016632932 0.039048914 8.527405e-05 0.0003513781 6.897512e-06 0.00017345561 9.980881e-06 0.010057221 0.010902023 0.01727335 1.981629e-05 2.6307182e-05 0.007243806 1.4498805e-05 0.045603223 0.01287439 1.3844169e-06 0.023932682 0.003760527 0.0007974698 0.0006179206 0.032871746 0.0003786058 1.40979384e-14 2.7831796e-11 2.908309e-07 2.3783923e-07 0.0048504868 1.8687152e-07 0.0046183513 0.0014043676 8.3458225e-08 0.001835002 6.942973e-07 0.0070646754 0.0015535218 0.0011688168 1.4475553e-07 0.0007130827 0.0066330926 2.7534663e-05 1.3991978e-08 8.568679e-05 0.00058146 0.008070091 0.00028196166
0.106610864 0.06220479 0.58363944 0.33480835 0.39270857 0.08124051 5.9144303e-19 0.24771117 0.23141515 0.46956623 0.20696756 0.23116527 0.117416434 0.1150261 0.24066287 0.40623996 0.48828864 0.20030008 0.22875682 0.20072733 0.1364265 0.16950606 0.2543505 0.07320089 0.29455134 0.1603633 0.049023513 0.14143911 0.047228355 0.023466254 0.17561536 0.009797285 0.005109434 0.0014265261 0.00055894954 0.14289705 0.1745799 0.12409293 0.013745418 0.0763525 0.00355042 0.0025512269 0.22410053 0.009834614 0.07787289 0.03268895 0.0012750849 0.00046537854 0.012164033 0.028914724 0.00019769015 0.008529029 0.026054882 0.049535394 0.02201821 0.025723513 0.002545307 0.0037268384 0.020578902 0.016106091 0.020727715 0.018118689 0.010646676 0.014631314 0.002330295 0.021985648 0.0032837582 0.0001228627 0.017720908 0.0014720313 0.015008641 0.008223791 0.0020802391 0.010630473 0.006875475 0.0064652497 0.0020003566 0.0074813906 8.981867e-05 6.308213e-05 0.007304795 0.001089671 0.012273253 0.0008784998 0.018024255 8.3445535e-05 3.723365e-05 0.002268736 0.008895638 0.0005645042 2.1163163e-05 6.890644e-05 0.00054359407 2.8397195e-05 0.02558686 0.0010052916 4.782788e-07 0.00072290894 0.008021168 0.011426654 1.9131983e-05
0.8888357 0.14184794 0.31645432 0.3777001 0.2734595 0.17643121 0.24771117 9.8535574e-18 0.70372105 0.24806647 0.12062215 0.08049061 0.03543029 0.014049491 0.34291494 0.072361246 0.14290285 0.040116336 0.16926555 0.11892809 0.20897518 0.5200117 0.033668704 0.0062531144 0.037118938 0.44985858 0.114062816 0.017289551 0.0018429175 0.093320206 0.01984918 0.026590016 0.08524395 0.020632107 0.005185428 0.047560975 0.21341595 0.07141609 0.0006985679 0.07775484 0.07248416 0.012746412 0.036805436 0.00042458027 0.038679786 0.07267218 0.0016825033 0.0025630519 0.047753736 0.050591692 0.00068057247 0.012535412 0.02328524 0.12391918 0.015224761 0.015343747 0.0051406072 0.0002340069 0.0093410425 0.00091020035 0.0083170375 0.0012496328 0.01090599 0.001259068 0.0026900184 0.0066622393 0.00024926185 0.0010605031 0.005884114 0.019848693 0.0013231502 0.0010503092 0.003439351 0.0009060321 0.0065538487 0.0061363773 0.004654012 0.001531047 0.00021164668 0.00017142695 0.00054044893 6.776463e-05 0.0037063623 4.1926367e-05 0.0018490211 0.0005735029 0.001083603 0.003811732 0.0008159492 0.0020592138 0.0005260985 0.00012698045 0.002142739 0.0003370418 0.010140288 0.00013320132 7.6145516e-05 0.00019786558 0.0006126808 0.05249181 0.00010425968
0.94829994 0.1324822 0.3482572 0.40238556 0.29833645 0.1463085 0.23141515 0.70372105 1.3137068e-17 0.25532037 0.1525151 0.11639201 0.05362144 0.023660343 0.31178764 0.086696915 0.14148639 0.04900992 0.16115421 0.12622482 0.16343266 0.5701355 0.045759927 0.010893802 0.046006158 0.51989716 0.086502455 0.024887268 0.0037346033 0.046647888 0.02824878 0.015092113 0.061956637 0.014263894 0.0036107064 0.057721615 0.27173063 0.11511523 0.001679884 0.06841358 0.052887823 0.006984465 0.0317268 0.0011062373 0.039297566 0.040595505 0.0012587487 0.002032914 0.03109653 0.031202331 0.0004784584 0.008757106 0.01586166 0.19128647 0.012742608 0.0150035685 0.003458756 0.00048320118 0.009608298 0.0016195999 0.008538452 0.0018060602 0.007964244 0.0017331492 0.0022201282 0.0064901174 0.00060358894 0.0006701589 0.0067682033 0.015237938 0.002002227 0.0013445278 0.0022426574 0.0012896269 0.0046132803 0.0042323587 0.004007642 0.002542666 0.00019226794 0.00033428706 0.0007602604 8.765155e-05 0.0053281146 4.9254893e-05 0.0022322573 0.00037042363 0.0010502146 0.0019117793 0.0012549885 0.0012565772 0.00033784696 9.6517644e-05 0.0019865148 0.00016803337 0.017670618 0.00021480604 4.3105996e-05 0.00036180188 0.0012636489 0.0556725 6.880512e-05
0.24316615 0.06383588 0.5626852 0.17155136 0.19388102 0.05363691 0.46956623 0.24806647 0.25532037 8.3530373e-19 0.3526984 0.5200257 0.16922347 0.3931839 0.12703982 0.3081364 0.30055785 0.41050872 0.089805506 0.06411909 0.06809323 0.2068407 0.30591407 0.22504775 0.16285148 0.18952689 0.020098882 0.26814914 0.17457898 0.012160855 0.1409328 0.00614542 0.0039325245 0.0032225118 0.0011309934 0.059631415 0.2497146 0.23913825 0.045588534 0.027097847 0.0032516248 0.00076541735 0.12142436 0.037378408 0.046875067 0.017611457 0.0006860319 0.0002695346 0.0081828125 0.015417697 7.52958e-05 0.00553355 0.008014638 0.080445185 0.006812832 0.011821529 0.0022950764 0.009039146 0.008130035 0.012247675 0.00939232 0.009101873 0.0048451424 0.07233014 0.00274904 0.008826324 0.0067379056 3.215983e-05 0.008014791 0.0014862056 0.08179167 0.0050127474 0.000983919 0.03681809 0.0040166625 0.0041409433 0.0015264567 0.023460623 3.3390627e-06 0.00018238125 0.004688242 0.0018827316 0.052908216 0.0016937364 0.052260894 0.00010962706 1.1103249e-05 0.0020889605 0.005145735 0.00020768096 1.5931906e-05 0.00018563091 0.00012789387 4.4652992e-05 0.047125515 0.0028874746 5.9920706e-07 0.0022399588 0.025943002 0.016007753 2.1428727e-05
0.86615306 0.08618923 0.30721116 0.079906724 0.08777154 0.06266707 0.20696756 0.12062215 0.1525151 0.3526984 1.315482e-17 0.40041116 0.59414 0.31600338 0.021230675 0.10780072 0.09252855 0.1795257 0.029715652 0.027576406 0.013164177 0.1781835 0.11636854 0.1268519 0.06742097 0.1733386 0.00691862 0.096389 0.1031164 0.00073439145 0.06513652 0.00024922928 0.0011008882 0.00028253286 8.666972e-05 0.03630631 0.31190625 0.35281688 0.045443974 0.011530116 0.0011827309 0.00025838503 0.04887411 0.030480444 0.027805302 0.0040914766 3.133783e-05 9.273967e-05 0.0021174967 0.005815077 1.5098201e-05 0.0011096601 0.0019203248 0.23892389 0.0009624925 0.001968086 0.0008561316 0.007283679 0.001336282 0.004756366 0.0014193311 0.0029808849 0.000881785 0.079488054 0.0012591684 0.0028889412 0.0065045212 2.1896134e-05 0.0013405196 0.0009052461 0.076040156 0.0024418382 0.00026142455 0.03675179 0.0013408168 0.0013949617 0.00058196485 0.030917414 1.6745535e-06 0.0011889243 0.0011279006 0.000587781 0.10157784 0.00045816856 0.054851905 2.7800024e-05 1.2984567e-05 0.0009569058 0.00095436355 4.8368594e-05 5.277437e-06 3.62405e-05 2.7929274e-05 1.1184987e-05 0.08089555 0.0032639664 2.8346637e-06 0.0037573457 0.037143804 0.014434364 3.9019733e-06
0.5250821 0.06216796 0.32762074 0.063742794 0.07572383 0.034085628 0.23116527 0.08049061 0.11639201 0.5200257 0.40041116 8.384451e-19 0.38213918 0.5798375 0.024826007 0.13959232 0.12932381 0.46932957 0.027278716 0.02386377 0.014564836 0.112099 0.29511213 0.39720023 0.07104586 0.10367305 0.00441461 0.32340938 0.34642395 0.0012677468 0.092411496 0.0003600269 0.0005229504 0.00015117227 4.807345e-05 0.031582985 0.22948985 0.31452274 0.13922435 0.00970423 0.000544749 9.704392e-05 0.078999415 0.104266204 0.02841263 0.0049012504 4.9351424e-05 5.1614796e-05 0.002023473 0.0059031793 1.6829548e-05 0.0009033893 0.0018013566 0.06722076 0.0018749444 0.00327175 0.0009790746 0.015588907 0.0020947428 0.008586655 0.00192633 0.003884288 0.0012297384 0.19703798 0.0007211169 0.0031745129 0.012083551 1.12315165e-05 0.0018202114 0.00023257037 0.20027553 0.0026084005 0.0001702357 0.08567109 0.0026954038 0.0027593207 0.00027792642 0.04938457 2.584508e-08 0.0005229528 0.0017408511 0.0014819864 0.10577027 0.001450566 0.10083586 4.1820986e-05 4.3423597e-06 0.0013455148 0.0015109155 3.5776502e-05 3.4116547e-06 6.8596644e-05 1.1363185e-05 1.7666001e-05 0.058647186 0.0059283357 6.495653e-07 0.006973256 0.05411936 0.005484666 6.9326948e-06
0.1465075 0.040561438 0.12521586 0.051072247 0.061634555 0.0025000917 0.117416434 0.03543029 0.05362144 0.16922347 0.59414 0.38213918 7.7886926e-23 0.48793977 0.015648099 0.09957868 0.037865855 0.1882595 0.0066511487 0.0058600064 0.007821972 0.0787255 0.15051168 0.13063505 0.057412487 0.08643881 0.005445475 0.09790684 0.17504005 0.0027974234 0.04950079 0.002454036 0.0020293305 0.00075924606 0.00044291897 0.0054569645 0.2915825 0.5122318 0.17745672 0.001062001 0.00282061 5.038472e-07 0.008967016 0.15374741 0.000119151664 0.0033815885 0.000767356 0.0002323387 0.0046556904 0.002692471 4.121626e-05 0.0039348 0.0008964754 0.19141945 0.00029516124 0.00033032507 0.0006153786 0.02696223 0.00019575201 0.00079107255 0.0003176757 0.00016130017 0.0020326262 0.3917936 0.0030040105 0.00016078813 0.008332892 3.705049e-05 0.000146373 0.0014750126 0.4483579 9.8107994e-05 0.0002273916 0.08730655 0.00037653698 0.0002925307 0.00026628468 0.03637449 7.882907e-16 1.6182334e-05 1.0100324e-05 0.00010434741 0.33781108 9.967778e-05 0.07853392 2.1080818e-05 1.3483898e-09 0.0013830148 2.3117025e-05 2.9356292e-05 8.064908e-06 0.00013383187 4.8934403e-09 6.5942736e-06 0.13575391 0.0029820958 5.480931e-11 0.008476099 0.053443573 0.0083747255 3.1355598e-06
0.5484339 0.038926896 0.14075719 0.019989973 0.0236048 0.011676186 0.1150261 0.014049491 0.023660343 0.3931839 0.31600338 0.5798375 0.48793977 8.8747465e-20 0.004795001 0.093503736 0.055010546 0.5536421 0.0072297095 0.00554047 0.002985014 0.031678155 0.3749628 0.5708523 0.051788483 0.033942554 0.00081672706 0.4516121 0.59579587 8.2426894e-05 0.12687491 2.0245576e-05 0.00011144608 2.909136e-05 9.605553e-06 0.016750697 0.12701806 0.33077085 0.2809666 0.0037082182 0.00015497505 1.0644126e-05 0.06040587 0.2249572 0.011991322 0.00056270143 1.0019707e-05 1.2212165e-05 0.00024326002 0.0013306414 1.4691014e-06 9.2969916e-05 0.00045312796 0.03155691 0.00028213218 0.00083368376 5.703612e-05 0.032370698 0.00059583737 0.009018446 0.0006896279 0.002631554 0.0001433557 0.3752421 4.513211e-05 0.0012739764 0.026274456 9.711797e-07 0.0008685528 1.819958e-05 0.37121597 0.002028568 2.9156395e-06 0.22875024 0.0008584813 0.0009096454 9.937249e-06 0.10777009 4.1894366e-10 0.0019025763 0.0011538449 0.0052554514 0.19568561 0.0063620443 0.2266661 3.3835045e-06 2.584422e-06 0.00016764631 0.0010630005 1.6103149e-06 2.0386953e-07 6.8164445e-06 7.497585e-07 1.5379366e-06 0.056499686 0.01763968 1.0370806e-07 0.014913489 0.10980309 0.0014890643 4.596046e-07
0.3609005 0.032384474 0.19552675 0.3081513 0.27167448 0.15619913 0.24066287 0.34291494 0.31178764 0.12703982 0.021230675 0.024826007 0.015648099 0.004795001 4.5568975e-18 0.09745746 0.29476508 0.029103149 0.272853 0.17578432 0.48813647 0.25591657 0.027159981 0.008600928 0.034599043 0.24621537 0.2976159 0.014858982 0.0020039433 0.31995192 0.02063997 0.19796407 0.2246458 0.10413414 0.057114776 0.092795126 0.05130742 0.017377475 0.00059664284 0.17637151 0.14064105 0.07608045 0.035702415 0.0001812158 0.022438675 0.23574436 0.031176535 0.012822626 0.14097849 0.17723 0.0073618945 0.072327964 0.09029786 0.022809517 0.06535843 0.044132683 0.017419804 0.00015454572 0.022692574 0.0019403779 0.01911725 0.0024478224 0.104336 0.0012550899 0.016320301 0.010806151 0.00025131795 0.0051669315 0.012122812 0.024908679 0.0010804799 0.0010888365 0.016313959 0.0006260308 0.050921578 0.047176447 0.015225902 0.00020099954 0.00083049777 1.838841e-06 0.0011676303 4.680281e-05 0.0019310092 4.0475923e-05 0.0012334292 0.004830169 0.008323579 0.01572542 0.0025039893 0.011336628 0.0029577 0.0025456795 0.014055542 0.0018478313 0.013694656 4.3129232e-05 0.00024538732 4.4015876e-05 0.00053789164 0.02802489 0.0012593498
0.039756436 0.023070356 0.33771616 0.12536053 0.17080884 0.03641673 0.40623996 0.072361246 0.086696915 0.3081364 0.10780072 0.13959232 0.09957868 0.093503736 0.09745746 9.178737e-20 0.46806946 0.2975459 0.14921437 0.13598849 0.062346708 0.053465113 0.3851838 0.11432573 0.52860606 0.04428624 0.032198902 0.32502416 0.06895186 0.008397219 0.48337832 0.0035905242 0.0031151227 0.00095745764 0.0007244843 0.29573512 0.065722406 0.050317667 0.020211484 0.13083641 0.0021467868 0.00067525427 0.33201122 0.014368023 0.09684153 0.03504485 0.00091291225 0.0002924961 0.015337098 0.040821224 0.00022847849 0.0053965836 0.030714886 0.02100047 0.03162383 0.033867758 0.0022372387 0.0042775157 0.025349498 0.025577808 0.02845073 0.024357498 0.009941999 0.016548607 0.0015924774 0.02363172 0.0027883449 0.000114587594 0.021048356 0.00023492526 0.014866755 0.011443034 0.0006998072 0.019527357 0.01133545 0.012368185 0.0008020349 0.011087954 1.209656e-06 5.103872e-05 0.00805545 0.0071268063 0.01032231 0.0060573556 0.022096181 8.071298e-05 3.7281836e-05 0.003694121 0.010185559 0.00032093056 2.3340524e-05 0.0001648023 0.00012842065 8.404436e-05 0.016488265 0.0005771673 3.3533547e-07 0.0007369045 0.009829029 0.006834499 1.671212e-05
0.011553093 0.005804644 0.37697706 0.33346257 0.3814277 0.021196242 0.48828864 0.14290285 0.14148639 0.30055785 0.09252855 0.12932381 0.037865855 0.055010546 0.29476508 0.46806946 1.2481344e-21 0.15450595 0.46396068 0.44329306 0.2500781 0.08330864 0.21014869 0.0493702 0.3739307 0.07513414 0.1362173 0.13456789 0.027335819 0.032757964 0.27013966 0.009838765 0.00441521 0.0026433505 0.0015023521 0.3338265 0.057380755 0.03349421 0.010954174 0.307515 0.0027802596 0.00063175365 0.32771698 0.007541804 0.09588627 0.06543349 0.0027363503 0.00070089253 0.025253952 0.12348817 0.00074409985 0.013217485 0.13472529 0.0152025055 0.08727512 0.08720591 0.0026432772 0.0011731576 0.08221026 0.025362553 0.07588357 0.03678394 0.019225912 0.008011972 0.0021157686 0.07507383 0.0011170901 0.00083126675 0.05501339 0.000776835 0.0073265457 0.01683308 0.0016081006 0.008253958 0.02218209 0.021665702 0.0017335641 0.00271625 2.9528015e-05 5.064173e-07 0.013361674 0.0014605493 0.0051122606 0.0007756324 0.011887168 0.00024797508 5.5995282e-05 0.002244995 0.018760128 0.0010122601 3.83768e-05 0.00018278278 0.0011848855 8.89353e-05 0.007911688 0.00041159653 4.1800604e-07 0.00020059585 0.005321939 0.0074358843 5.2704887e-05
0.19727135 0.029549247 0.28376144 0.04009197 0.05295588 0.012716289 0.20030008 0.040116336 0.04900992 0.41050872 0.1795257 0.46932957 0.1882595 0.5536421 0.029103149 0.2975459 0.15450595 4.4738202e-20 0.022954686 0.015973782 0.013718989 0.0428251 0.5444166 0.6084674 0.14482257 0.0382588 0.0031966262 0.5986237 0.54079175 0.0014263826 0.26021838 0.0003440476 0.0002951401 0.00027002778 3.395055e-05 0.04077341 0.12016939 0.19221307 0.16792066 0.009078922 0.00048733546 2.553617e-05 0.10705685 0.12760067 0.015725773 0.0046482924 7.5895616e-05 5.404074e-05 0.0022843939 0.0059535936 1.189637e-05 0.0007037116 0.0013040231 0.030722214 0.0016401709 0.002543036 0.00042916552 0.017093305 0.0015481884 0.008800486 0.0015675066 0.0036616623 0.0016578723 0.1897647 0.00037506202 0.002831369 0.013437856 4.2521783e-06 0.0016556255 3.3131084e-05 0.1606195 0.0022881518 4.380378e-05 0.089392066 0.0027144165 0.002499529 0.000111674504 0.045172703 4.1683942e-10 0.0002491209 0.0012966694 0.0059312033 0.07064511 0.00642814 0.09045111 8.164886e-06 1.0743574e-06 0.0005418374 0.0012224892 1.0382127e-05 9.943055e-07 1.4751602e-05 8.0833996e-07 3.6948531e-06 0.043533776 0.0071268776 2.5122928e-08 0.005024059 0.047540735 0.0015711598 1.3860141e-06
0.012157198 0.0025269047 0.18419074 0.332705 0.2753749 0.020165762 0.22875682 0.16926555 0.16115421 0.089805506 0.029715652 0.027278716 0.0066511487 0.0072297095 0.272853 0.14921437 0.46396068 0.022954686 1.1254075e-22 0.5033745 0.2158845 0.10014041 0.024400616 0.005102543 0.072046906 0.085110046 0.17329267 0.015544163 0.0018706259 0.069093876 0.035743877 0.018759876 0.015331079 0.0063613043 0.002972475 0.17554678 0.026093239 0.013277893 0.0010240896 0.31549233 0.007718879 0.0049505737 0.12064575 0.00039357174 0.04018252 0.089007065 0.0025728699 0.0016129224 0.043681923 0.12519374 0.00086914067 0.016610757 0.15636101 0.0062824073 0.124117434 0.11547293 0.0030050725 6.7285524e-05 0.076203294 0.0034811974 0.05976843 0.010999785 0.039107613 0.0034969514 0.0011919976 0.03144167 0.00013579922 0.0012326273 0.03494532 0.0017057243 0.0029703074 0.0045897104 0.0023007488 0.0018043342 0.031768873 0.031251896 0.0015618281 7.876158e-05 0.00015102269 3.347121e-09 0.0035871686 0.0002697552 0.0013427006 0.00016757805 0.0033643167 0.00042526773 0.00018827603 0.0022753316 0.0061161835 0.0018891093 8.153414e-05 4.786854e-05 0.006602656 0.00020848447 0.0025031515 4.2464664e-05 1.0108404e-06 1.0130943e-05 0.0006435663 0.006782201 8.258828e-05
0.0071282885 0.0018716947 0.16424614 0.28005528 0.24834539 0.010590826 0.20072733 0.11892809 0.12622482 0.06411909 0.027576406 0.02386377 0.0058600064 0.00554047 0.17578432 0.13598849 0.44329306 0.015973782 0.5033745 2.4217506e-23 0.15475494 0.08150718 0.01908917 0.0038022613 0.08000203 0.06574177 0.1275227 0.00996833 0.0014684908 0.030761708 0.03950552 0.009127393 0.008050339 0.0044288863 0.0019864123 0.1576394 0.025101835 0.010504039 0.0012936086 0.27100542 0.0045148646 0.0017009412 0.14880708 0.00076343364 0.04490793 0.043657966 0.0016310101 0.00092968193 0.025346033 0.088884026 0.0006564363 0.009751634 0.12677012 0.006305751 0.11131711 0.10421946 0.002198887 8.973264e-05 0.07006584 0.00299871 0.056389403 0.008896682 0.024705963 0.0028672563 0.00064239604 0.033990018 0.000121105506 0.0008066278 0.034458272 0.001195736 0.0028932423 0.0035445604 0.0015916713 0.0016549397 0.024023596 0.022997309 0.0011739511 0.000155766 8.8956156e-05 3.2819498e-09 0.0024289852 0.0001978886 0.0011398117 0.00010182605 0.0030880314 0.00021295746 6.350441e-05 0.0015093393 0.0046160133 0.00088031386 4.017829e-05 3.19067e-05 0.0029102156 7.074843e-05 0.0017520837 3.6867208e-05 5.031371e-07 1.1076259e-05 0.0008844954 0.004336345 4.3632794e-05
0.09679363 0.010907463 0.0944893 0.17707227 0.16550148 0.08577279 0.1364265 0.20897518 0.16343266 0.06809323 0.013164177 0.014564836 0.007821972 0.002985014 0.48813647 0.062346708 0.2500781 0.013718989 0.2158845 0.15475494 2.8471445e-18 0.123302534 0.014921883 0.0042597647 0.029383233 0.10827703 0.29353005 0.008013809 0.0012250643 0.24863791 0.014379483 0.1363276 0.08477539 0.0616186 0.029683568 0.08098048 0.015378026 0.0072738673 0.00037846682 0.18863149 0.060150802 0.09273243 0.026978062 0.00013383136 0.012552365 0.20625715 0.028492715 0.011307993 0.12949495 0.17013398 0.007337838 0.07472 0.110553764 0.0064245607 0.075254366 0.050227825 0.009729171 8.392014e-05 0.028432962 0.0013226229 0.019775603 0.002885791 0.107132785 0.0013028863 0.019601744 0.012444078 0.00018930156 0.0060338806 0.012638121 0.013174224 0.0011267447 0.0012480376 0.009590547 0.0005814572 0.063272394 0.061110657 0.008509931 6.9675094e-05 0.0007146956 9.74788e-08 0.001678872 9.0161186e-05 0.0008482524 6.993318e-05 0.0013429713 0.0057702507 0.0073937816 0.020400295 0.0035622432 0.008667464 0.002086807 0.003595332 0.017053364 0.0024720395 0.0044681644 5.3742755e-05 0.00021088005 3.2066546e-05 0.00013420175 0.0134239895 0.0014694869
0.9869516 0.09706123 0.2760172 0.295964 0.22677869 0.10429079 0.16950606 0.5200117 0.5701355 0.2068407 0.1781835 0.112099 0.0787255 0.031678155 0.25591657 0.053465113 0.08330864 0.0428251 0.10014041 0.08150718 0.123302534 9.719207e-17 0.037184928 0.010386312 0.02085224 0.69298387 0.062437687 0.021810196 0.0032271831 0.06040594 0.015390284 0.025747618 0.047098007 0.021085963 0.0037527708 0.026847962 0.2401614 0.1071158 0.001963986 0.031524975 0.042968903 0.00515821 0.010447354 0.0013634828 0.015791176 0.03128121 0.001353838 0.0018610811 0.02236553 0.022366757 0.00052254525 0.005872286 0.007930842 0.17130287 0.0054821633 0.005901159 0.002522607 0.0002656437 0.0037524735 0.0007342934 0.0031855395 0.0008407006 0.005228563 0.0020906646 0.0025239931 0.0027779005 0.0003856722 0.00085047464 0.0026730967 0.019834273 0.0016801549 0.0006963805 0.0017271405 0.0017890461 0.0032323613 0.0028897761 0.0039661755 0.0020107988 5.531152e-05 0.0004970025 0.00051738427 5.0724622e-05 0.0040287334 3.9730843e-05 0.0037806174 0.0006760675 0.0004984006 0.0017304388 0.00078679004 0.00092984684 0.00035165818 0.0002683839 0.0017119015 0.00041222194 0.01692841 0.0003069399 5.2946194e-05 0.00025028686 0.0011266518 0.06325732 0.00015447749
0.039376248 0.02185087 0.22791593 0.043812256 0.05842623 0.018484913 0.2543505 0.033668704 0.045759927 0.30591407 0.11636854 0.29511213 0.15051168 0.3749628 0.027159981 0.3851838 0.21014869 0.5444166 0.024400616 0.01908917 0.014921883 0.037184928 3.3417373e-20 0.39459386 0.24556711 0.033539347 0.005624107 0.63387275 0.3899757 0.0038021072 0.3179751 0.0019293665 0.00091229205 0.0015834894 0.00037698433 0.0435056 0.0692645 0.08040653 0.0951728 0.010775776 0.0008378879 0.00011927799 0.16388644 0.084767684 0.015566971 0.011850731 0.0015578837 0.00018462949 0.0058373585 0.009688275 0.00011996188 0.004060827 0.004031328 0.016018633 0.0044601946 0.0069112843 0.0010927707 0.022341425 0.0043633324 0.011385966 0.0043245503 0.0046415483 0.0050009484 0.05793396 0.002655918 0.0047677127 0.018146954 6.2813975e-05 0.0033492623 2.5557707e-05 0.05885028 0.002196769 0.0001252065 0.05631791 0.0045580165 0.003731223 0.00012442151 0.031415727 4.5971613e-10 5.3279895e-05 0.001360051 0.0061767106 0.026997322 0.0064128875 0.054835074 7.965391e-05 4.7155763e-07 0.0018530821 0.0017049413 4.8996888e-05 6.162345e-06 0.00011015231 3.4968625e-06 1.832272e-05 0.026924824 0.0047817947 7.8766975e-09 0.004139445 0.030505437 0.0021724591 8.7587505e-06
0.095532164 0.01175032 0.1082834 0.0087671 0.01625914 0.0023117338 0.07320089 0.0062531144 0.010893802 0.22504775 0.1268519 0.39720023 0.13063505 0.5708523 0.008600928 0.11432573 0.0493702 0.6084674 0.005102543 0.0038022613 0.0042597647 0.010386312 0.39459386 4.956374e-21 0.044905223 0.011268935 0.0013195361 0.5337832 0.7797144 0.00031289735 0.13478051 9.125017e-05 4.2453285e-05 7.0523165e-05 2.1602726e-05 0.013173413 0.03757626 0.116207555 0.3258449 0.0022371674 4.1811218e-05 1.9568266e-05 0.033056792 0.2851355 0.0013316057 0.0018576012 5.737119e-05 1.1918662e-05 0.0010306316 0.0020798363 2.3361647e-06 0.0005390072 0.00046984784 0.009517587 0.00060085225 0.0011907199 4.206675e-05 0.06356787 0.0007491496 0.007568666 0.0008748834 0.0019321302 0.00043375755 0.23718385 0.00033729407 0.0011983331 0.04814371 6.3190214e-07 0.00071452453 2.6835319e-06 0.24081895 0.0015075173 3.2821865e-06 0.14026219 0.0012849782 0.0010303329 1.0015159e-05 0.056336664 2.3398668e-11 0.00031904373 0.0006983055 0.0064924234 0.06775277 0.0077048056 0.11571483 2.1576855e-06 2.4128857e-07 0.0002460099 0.0008960073 9.035288e-07 9.3744255e-08 6.959729e-06 4.948871e-07 4.7079646e-07 0.017406916 0.013345239 2.543813e-08 0.0095083695 0.06348468 0.0002051301 1.9555131e-07
0.004773775 0.010823994 0.20931408 0.07200879 0.11820311 0.022175988 0.29455134 0.037118938 0.046006158 0.16285148 0.06742097 0.07104586 0.057412487 0.051788483 0.034599043 0.52860606 0.3739307 0.14482257 0.072046906 0.08000203 0.029383233 0.02085224 0.24556711 0.044905223 5.28637e-20 0.01794949 0.01776848 0.17399989 0.032064445 0.005316881 0.4882329 0.002330566 0.0011993306 0.0010745657 0.0011530368 0.23178019 0.029003548 0.019821057 0.013246015 0.0788545 0.00070825784 0.0006763135 0.3542591 0.009204027 0.09880665 0.011458841 0.0010113057 0.0003748364 0.006396427 0.024450202 0.0007312539 0.0033390617 0.020179605 0.0059294244 0.023426617 0.027998798 0.0015384281 0.0028017634 0.021244384 0.02258063 0.020271853 0.019651813 0.008699521 0.008500429 0.0012588839 0.018056015 0.0014621486 0.00039115228 0.013749573 4.741104e-05 0.008369488 0.0077976687 0.00051566534 0.013891472 0.009893312 0.009106423 0.00027729417 0.0041470216 3.3405075e-07 4.043666e-06 0.0036486255 0.004217185 0.003693703 0.0036816653 0.011777924 0.00025368892 1.7479579e-05 0.0020610588 0.0046995585 0.00030147514 2.1537006e-05 0.0004875928 7.655414e-05 0.00012835625 0.009290885 0.00020747745 1.4674232e-07 0.00025480572 0.0061422447 0.0029015027 2.9894125e-05
0.99095595 0.0924959 0.28027204 0.28391626 0.21470784 0.09728954 0.1603633 0.44985858 0.51989716 0.18952689 0.1733386 0.10367305 0.08643881 0.033942554 0.24621537 0.04428624 0.07513414 0.0382588 0.085110046 0.06574177 0.10827703 0.69298387 0.033539347 0.011268935 0.01794949 2.7173356e-17 0.05055265 0.02095983 0.003523879 0.039235935 0.014657863 0.016897077 0.035992984 0.014397733 0.0029222632 0.021681251 0.25157833 0.11267638 0.002289885 0.019302052 0.034829102 0.0040562195 0.008181314 0.0013987931 0.011546957 0.020610249 0.00087713817 0.00124516 0.015083119 0.014209436 0.00036826852 0.0045963665 0.0056392765 0.16767398 0.0033027169 0.0038727755 0.002303065 0.00030065945 0.0025305233 0.0007053365 0.0022383635 0.0008061913 0.0036860988 0.002083986 0.002121592 0.0019137806 0.0004202068 0.00060221215 0.0020261453 0.015961729 0.0016721926 0.00067088206 0.0014525712 0.0019960117 0.002332218 0.0021126051 0.003315128 0.002302918 2.9382198e-05 0.0005881049 0.00055750844 6.695599e-05 0.0040868632 6.23393e-05 0.0036934656 0.00042766082 0.00037435174 0.0014324083 0.0008209701 0.0007289596 0.0002562418 0.00017277294 0.0012141074 0.000248757 0.018804703 0.00033613335 3.8875267e-05 0.00033984822 0.0013600095 0.050166365 0.00010061662
0.019497681 0.0051467707 0.04072988 0.114559576 0.081918605 0.07002091 0.049023513 0.114062816 0.086502455 0.020098882 0.00691862 0.00441461 0.005445475 0.00081672706 0.2976159 0.032198902 0.1362173 0.0031966262 0.17329267 0.1275227 0.29353005 0.062437687 0.005624107 0.0013195361 0.01776848 0.05055265 1.5302165e-19 0.0025409157 0.00027957725 0.16710551 0.008518058 0.10054325 0.059428766 0.045649562 0.019573385 0.067003466 0.007375531 0.0033859382 0.00016828529 0.16288577 0.036451843 0.098657444 0.020143457 7.098659e-05 0.006545276 0.16462971 0.018515043 0.009062654 0.113787 0.15062669 0.005357075 0.07751284 0.11378634 0.003928806 0.07593506 0.05543109 0.008387558 3.4012315e-05 0.032381397 0.000443297 0.01679994 0.0015565336 0.10119692 0.0011143828 0.02051019 0.011444421 7.715044e-05 0.0045500235 0.010196999 0.0086016385 0.0011514643 0.00046917997 0.0072993813 0.0006323612 0.06452953 0.06092693 0.0072665107 2.1411955e-05 0.00036194216 8.781781e-09 0.0008084125 4.07529e-05 0.0004185941 3.316595e-05 0.001379682 0.0032834513 0.0034033407 0.023753526 0.0018941966 0.0058777407 0.0012605014 0.0026425992 0.018747667 0.0016539401 0.0017369185 1.000007e-05 0.00012400298 4.029189e-06 2.8966808e-05 0.010434246 0.0009004777
0.034105144 0.014579082 0.14980137 0.02232176 0.029893287 0.009189065 0.14143911 0.017289551 0.024887268 0.26814914 0.096389 0.32340938 0.09790684 0.4516121 0.014858982 0.32502416 0.13456789 0.5986237 0.015544163 0.00996833 0.008013809 0.021810196 0.63387275 0.5337832 0.17399989 0.02095983 0.0025409157 1.778416e-20 0.5164576 0.00066415645 0.3847506 0.00031233625 0.00020377693 0.00030580914 0.0001060588 0.03453747 0.037359152 0.06926504 0.17978477 0.0054917186 0.00014991588 6.8620924e-05 0.08857678 0.13637751 0.008472248 0.002297252 0.00017554863 9.2424816e-05 0.0013587177 0.0041110893 2.6602513e-05 0.0004008475 0.0010071733 0.009330264 0.0010693966 0.0019179838 0.00019522161 0.047629103 0.0015147721 0.017956818 0.0018731527 0.0041258894 0.000669468 0.08539485 0.00033731462 0.002025196 0.0431063 1.1858436e-05 0.0014753848 4.245229e-06 0.0830116 0.0027343482 2.0295798e-05 0.07599541 0.0015691674 0.0012271221 1.6905571e-05 0.03439014 2.5440772e-10 0.00016249846 0.0010919337 0.013417008 0.03605703 0.014481052 0.06576222 7.1800314e-06 3.881995e-07 0.00018552704 0.0011210378 9.510645e-06 9.665221e-07 8.755753e-06 1.2195469e-06 1.8908629e-06 0.016254302 0.008779194 1.1977405e-08 0.006392167 0.04073802 0.00070499687 7.192158e-07
0.07549967 0.0143857645 0.04924971 0.004412314 0.007382403 0.002128534 0.047228355 0.0018429175 0.0037346033 0.17457898 0.1031164 0.34642395 0.17504005 0.59579587 0.0020039433 0.06895186 0.027335819 0.54079175 0.0018706259 0.0014684908 0.0012250643 0.0032271831 0.3899757 0.7797144 0.032064445 0.003523879 0.00027957725 0.5164576 6.074301e-20 9.83661e-05 0.06734824 3.2365482e-05 5.483078e-06 1.7400907e-05 3.6967072e-06 0.006343654 0.02518986 0.12590478 0.4869192 0.0010708317 5.449636e-06 1.4445959e-05 0.02106871 0.47619802 0.0009740907 0.0005385776 1.3785797e-05 2.7540689e-06 0.0002952578 0.0009866342 5.794171e-07 0.00035040532 0.0003559005 0.004964457 0.00017220428 0.000347831 5.8953506e-06 0.19788632 0.0003690161 0.008192537 0.00040945032 0.0010340059 0.00019419476 0.37335825 0.00012272989 0.00045587425 0.14371376 1.7531197e-07 0.0003199203 9.207652e-07 0.40528488 0.0010529152 7.300584e-07 0.28912276 0.00040939116 0.00037541467 2.2127308e-06 0.14047143 3.72162e-12 0.0018272824 0.00028120546 0.008841392 0.080602944 0.010641747 0.23265035 4.5693864e-07 8.143944e-08 9.18853e-05 0.00035563466 1.16055055e-07 1.7268562e-08 2.6426685e-06 2.2144249e-07 8.468523e-08 0.014322049 0.03545442 1.6802963e-08 0.0312099 0.09735782 7.961427e-05 3.541137e-08
0.2255295 0.006562539 0.010398235 0.053252496 0.03815973 0.14230978 0.023466254 0.093320206 0.046647888 0.012160855 0.00073439145 0.0012677468 0.0027974234 8.2426894e-05 0.31995192 0.008397219 0.032757964 0.0014263826 0.069093876 0.030761708 0.24863791 0.06040594 0.0038021072 0.00031289735 0.005316881 0.039235935 0.16710551 0.00066415645 9.83661e-05 3.4092369e-18 0.002051715 0.50383866 0.23584998 0.27346262 0.23125823 0.012194494 0.0029578425 0.0017436434 3.0546595e-05 0.04222682 0.19320314 0.29425743 0.0073892106 1.5711403e-05 0.0022810926 0.27835307 0.28850675 0.055078592 0.16472378 0.11822191 0.035439715 0.17055497 0.03751972 0.0027958006 0.016447423 0.008370062 0.056245428 2.895946e-05 0.002904407 0.00014750428 0.0017296254 0.00042394662 0.1040774 0.00019250554 0.08604694 0.0009449975 5.2119478e-05 0.02680684 0.0007198516 0.03972626 0.00013765493 0.00031228352 0.049194474 9.551916e-05 0.049172048 0.044033878 0.052558888 2.2119724e-05 1.9713394e-05 2.8678002e-07 0.0003537644 1.2434895e-05 0.00017823641 8.020101e-06 0.00027121033 0.022549843 0.017649246 0.050351437 0.0004036446 0.027543748 0.01402322 0.016963696 0.0162539 0.012729417 0.0020929957 1.2838067e-05 0.0038294506 9.001252e-06 2.8331585e-06 0.026766324 0.0058047906
0.007730448 0.0135115655 0.17967398 0.035952024 0.060907573 0.020399481 0.17561536 0.01984918 0.02824878 0.1409328 0.06513652 0.092411496 0.04950079 0.12687491 0.02063997 0.48337832 0.27013966 0.26021838 0.035743877 0.03950552 0.014379483 0.015390284 0.3179751 0.13478051 0.4882329 0.014657863 0.008518058 0.3847506 0.06734824 0.002051715 1.2743269e-19 0.0012479833 0.0005278567 0.0003243533 0.00035332993 0.25063035 0.028483918 0.024810303 0.039025664 0.03925503 0.0002791595 0.00047619938 0.25028178 0.027224435 0.056247342 0.0044037993 0.00042720998 0.00016710935 0.0030926527 0.01533214 0.00017975963 0.0013545742 0.0051083425 0.0056853 0.008750165 0.013415248 0.00038763706 0.01002128 0.010441681 0.04710991 0.010768996 0.020127634 0.0059923143 0.016518326 0.00051292754 0.0074342964 0.0056739985 9.7441574e-05 0.006392993 1.9562929e-05 0.014280389 0.012528398 0.00010785388 0.020515898 0.0054115993 0.0045229346 7.6038334e-05 0.007905036 9.013062e-08 2.3956341e-05 0.0027495094 0.014143055 0.0073768008 0.013653089 0.015754074 7.053695e-05 1.39964695e-05 0.0008428834 0.0024110882 4.272338e-05 4.1293824e-06 0.00011987176 4.2251013e-05 3.651436e-05 0.012847076 0.0014354477 3.1516393e-07 0.0017459046 0.008295756 0.0015227703 6.6966877e-06
0.3585748 0.010012267 0.0030098218 0.014494833 0.012787352 0.13003235 0.009797285 0.026590016 0.015092113 0.00614542 0.00024922928 0.0003600269 0.002454036 2.0245576e-05 0.19796407 0.0035905242 0.009838765 0.0003440476 0.018759876 0.009127393 0.1363276 0.025747618 0.0019293665 9.125017e-05 0.002330566 0.016897077 0.10054325 0.00031233625 3.2365482e-05 0.50383866 0.0012479833 3.931064e-18 0.26046324 0.34167343 0.33633366 0.0063943495 0.0015190446 0.00087323907 1.3683866e-05 0.015479612 0.2119673 0.34805825 0.006176416 9.560434e-06 0.002712715 0.24364156 0.38605043 0.09343044 0.15115985 0.074771844 0.057052232 0.1693482 0.018113947 0.0014943933 0.0076509626 0.0039652204 0.09679072 1.6911199e-05 0.0015391825 0.00012326724 0.0012379804 0.00026623998 0.1040472 5.1871397e-05 0.10082149 0.00080401613 3.2245665e-05 0.04220238 0.00063191215 0.04385298 4.5806955e-05 0.00033967683 0.07797948 4.0624032e-05 0.041315287 0.036473628 0.086836696 1.1007812e-05 1.2251068e-05 1.1253437e-06 0.0003461724 1.8526085e-05 7.774049e-05 1.1015279e-05 0.00011267817 0.031084685 0.021489402 0.059025314 0.0003775465 0.046540283 0.023192357 0.022088107 0.015524525 0.02054343 0.0008030012 5.50667e-06 0.0051385975 4.8386837e-06 1.1287349e-06 0.016855644 0.011595489
