1.4683028e-27 0.0006116843 0.0010873401 0.003874122 0.00021973043 0.0052463925 0.0005858713 0.022391358 0.008060607 0.03079315 0.06830334 0.0638972 9.289103e-05 0.01779877 0.21838745 0.09015681 0.2943308 0.29735944 0.3536342 0.42515975 0.004635001 0.38247073 0.05458474 0.0001371001 0.18839745 0.5830368 0.24918549 0.21685737 0.0071209846 0.20487502 0.7451534 3.8098074e-06 0.22042865 0.9087913 0.8840396 0.50166625 0.12379132 0.96068513 0.9608195 3.3869084e-05 0.90609825 0.9736144 0.95512426 0.99147874 0.03144364 9.811917e-08 0.9863871 2.7849392e-06 2.3079876e-08 0.027618693 0.9499446 0.0002846939 0.9932457 0.892388 0.0014761763 7.2558323e-06 0.78849834 0.9964756 0.00038923122 0.14208771 0.27501574 0.126915 9.675295e-10 0.0106665585 8.727666e-06 0.9965908 0.9258539 0.5385241 2.2931802e-06 6.634312e-09 0.16728796 2.2204072e-09 0.52552265 0.00015076324 0.0032012144 0.09519585 0.9973611 0.13320845 0.08607813 7.8075725e-05 4.128e-08 0.8256027 0.9696352 1.00262385e-08 0.9944745 0.99094224 6.196229e-10 2.1316759e-11 9.955232e-10 0.70505255 3.2045873e-11 1.8831756e-11 5.9131124e-11 0.9256708 0.71686184 0.997971 1.4002537e-10 5.3261658e-05 0.0001166134 0.99740833 0.9907069
0.0006116843 8.06487e-21 0.13018459 0.29845226 0.2576488 0.09290091 0.34009376 0.078572735 0.2283224 0.10989963 0.07883989 0.03226959 0.13498555 0.07022903 0.02349365 0.07955171 0.06194912 0.086819984 0.02000318 0.05221856 3.0559648e-05 0.045664966 0.009524016 0.017083535 0.011734758 0.026718028 0.07147391 0.05482237 0.030553661 0.040851936 0.059757985 0.043016735 0.013152042 0.008527995 0.032832105 0.020791126 0.0029789878 0.013594624 0.018546164 0.0015894284 0.006753644 0.0023265302 0.0056978227 0.016844546 9.418435e-06 0.0013895008 0.008108289 0.002477293 0.0014420659 0.0009846776 0.0013683644 0.00018615746 0.01713355 0.003444143 0.00091259065 0.000935263 0.0002951013 0.008230365 0.001388159 0.0010532829 0.00049661665 0.0009642238 0.00015288468 5.0237137e-05 5.0139497e-05 0.005701608 0.0016908611 0.0020067461 3.5073383e-05 5.654312e-05 0.00011312997 3.9329316e-05 0.0016540932 1.3315389e-05 6.376412e-06 4.3440145e-05 0.0052393796 1.6469774e-05 0.00021088871 2.4698018e-05 2.1759079e-05 0.00051409303 0.0006056665 3.4240395e-05 0.003934809 0.004504113 5.158261e-05 3.1606094e-05 7.836179e-09 0.00064988004 1.6090047e-05 8.51537e-05 7.307279e-05 0.000101783146 4.3519303e-05 0.0017305007 0.0001782186 0.0008253289 1.5946018e-06 0.0020244247 0.000173715
0.0010873401 0.13018459 3.274928e-20 0.16041973 0.37785044 0.3053864 0.049607333 0.1958428 0.043975163 0.035739925 0.029169329 0.21696278 0.046906244 0.014257712 0.11254891 0.023776496 0.029251711 0.021290075 0.07728372 0.06352108 2.0044929e-05 0.04105226 0.046923842 0.0023764735 0.04062824 0.06255752 0.017900983 0.0084638335 0.007875921 0.0075173103 0.014403316 0.021903198 0.0044179386 0.03273068 0.010599212 0.0039824015 0.0013613214 0.010876144 0.004301182 0.012032326 0.0018040538 0.009378505 0.0016885148 0.011657894 1.5000363e-05 0.0009326586 0.0027633153 0.000640122 0.00040127037 0.0006848501 0.00041690073 0.00016193319 0.007545833 0.013417571 0.0051464248 0.0005937077 0.0004539744 0.011476925 0.007771829 0.0003835042 9.635568e-05 0.00033537435 5.5587876e-05 8.896116e-05 0.000103048165 0.007079456 0.009612702 0.0006862809 8.147902e-05 0.000112458314 0.0010885576 0.0022384468 0.007473746 1.9345987e-05 1.0010863e-05 2.6026295e-05 0.0052781347 9.15595e-06 0.0016412882 4.776375e-05 6.104633e-05 0.00018064192 0.00031600986 6.7411085e-05 0.0032414522 0.0045069787 0.00016520909 2.4483834e-05 8.136647e-06 0.000419945 6.204997e-05 7.2974944e-05 0.0017954377 1.5661362e-05 8.289187e-06 0.0047755945 0.0006323814 0.01300741 1.4721364e-06 0.0021192806 0.00018037113
0.003874122 0.29845226 0.16041973 3.068553e-19 0.15315774 0.19948131 0.2217551 0.20700787 0.5048604 0.39350337 0.28048775 0.10067917 0.06378846 0.2251932 0.073996834 0.2736287 0.15708937 0.18875886 0.06012425 0.13280481 0.0014522914 0.14318143 0.013597671 0.030281667 0.018744918 0.08667793 0.15142134 0.1123136 0.09494841 0.11435475 0.12206922 0.026969878 0.060475525 0.022131462 0.08392197 0.066037476 0.01545727 0.036352303 0.037858732 0.002614971 0.022424012 0.0060570426 0.018303799 0.03923425 0.00012800933 0.0051693297 0.018421318 0.011391537 0.00048499636 0.0023727687 0.0044480227 0.0010276929 0.04547282 0.007591332 0.001330356 0.0057916855 0.0019946664 0.02126523 0.0017258801 0.0020733485 0.000843051 0.0022989647 0.00035225498 0.00021395045 0.00025265047 0.014983972 0.0045141065 0.0034939058 0.00018461666 0.00023421679 0.0009510468 6.801928e-05 0.003942077 9.64478e-05 6.429442e-05 0.0001366843 0.019630754 7.732361e-05 0.0005012654 0.00014255488 0.00019551915 0.0013876163 0.0018997431 0.00023242134 0.0139851505 0.016635716 0.00033674508 0.0001248799 4.0733138e-08 0.0032714335 7.730754e-05 0.00017167022 0.00042132472 0.00043647387 0.00032568898 0.009551225 0.00033860482 0.00084906013 1.0558623e-05 0.009630107 0.00059752143
0.00021973043 0.2576488 0.37785044 0.15315774 1.3975784e-20 0.17015392 0.10012254 0.1094576 0.051123757 0.035556808 0.027546354 0.09269888 0.13538721 0.01612502 0.056033764 0.021189617 0.032394852 0.02739862 0.044010535 0.049254812 6.0410457e-06 0.034293067 0.027808199 0.002267796 0.022875138 0.039074156 0.022562554 0.011557143 0.004164674 0.008128581 0.01771284 0.05665716 0.0033440662 0.014462992 0.009708114 0.003826463 0.00096072204 0.008097752 0.003835315 0.008477619 0.001700445 0.003977613 0.0013840876 0.008364736 5.6161466e-06 0.0006547648 0.0017540313 0.0003788523 0.002348219 0.00039151075 0.00033466378 8.9003006e-05 0.004319279 0.009798234 0.003631513 0.0003331347 0.000477291 0.0054619596 0.0061427336 0.00044722587 0.00015607574 0.00044678195 0.0001453725 1.5312009e-05 2.1121286e-05 0.0039619356 0.0064034057 0.0011960479 1.8407825e-05 5.316442e-05 0.00038984718 0.0014861318 0.0038695005 2.218366e-06 5.353716e-07 1.66268e-05 0.0021214178 4.8568254e-06 0.0007940075 4.2005713e-06 1.8571602e-05 0.00019283831 0.00013587577 2.4641036e-05 0.0013013055 0.0026790802 6.393411e-05 2.2933084e-05 6.251966e-06 0.00045396772 2.451297e-05 9.246308e-05 0.0014826382 1.10774e-05 6.0807724e-06 0.0018277025 0.0015795452 0.009057154 6.7569863e-07 0.0010111369 6.521629e-05
0.0052463925 0.09290091 0.3053864 0.19948131 0.17015392 2.7934163e-19 0.03057168 0.43140075 0.047662184 0.056374323 0.03826429 0.42089185 0.02595792 0.010523195 0.26202595 0.027337184 0.0358857 0.022951137 0.13814053 0.10529841 0.00010558206 0.069804125 0.07365945 0.0017289278 0.07782235 0.1069535 0.01760136 0.008704965 0.007124826 0.0060723443 0.01505521 0.013298829 0.004671846 0.063973695 0.016018396 0.003458535 0.0011414457 0.01893208 0.0039343326 0.017937614 0.001396703 0.02022138 0.0014631063 0.01765599 3.720689e-05 0.00057879253 0.0021032544 0.00028866692 0.00015138766 0.00044185604 0.00042561017 0.0001292394 0.01040644 0.022531934 0.006657228 0.00027209191 0.00062613765 0.026822228 0.009488259 0.00014692431 2.4147505e-05 0.00013502491 5.201346e-05 5.3031497e-05 6.272029e-05 0.015456209 0.017195443 0.0002156081 4.454305e-05 4.0373216e-05 0.003057262 0.0025616114 0.010714717 3.5442205e-05 1.7580689e-05 1.0932204e-05 0.010739689 4.5935676e-06 0.0028681478 6.364799e-05 2.8165272e-05 6.9603164e-05 0.00027666416 5.1000574e-05 0.005629848 0.007659522 0.000114808216 2.2337857e-05 1.7595114e-05 0.0005074456 2.0238956e-05 6.198981e-05 0.002236458 1.4265354e-05 6.5519043e-06 0.01062162 0.00040865436 0.013176153 9.654774e-07 0.0034607917 7.034549e-05
0.0005858713 0.34009376 0.049607333 0.2217551 0.10012254 0.03057168 8.418125e-21 0.033091 0.28052527 0.12800288 0.10975681 0.011506296 0.21639179 0.21056302 0.010065995 0.10420276 0.06696157 0.16930245 0.008350943 0.029146967 9.9473895e-05 0.03386079 0.0035517104 0.08677762 0.0020649286 0.010295068 0.1307375 0.10699818 0.07680633 0.105522454 0.1545362 0.07940499 0.02830093 0.0021243324 0.045995016 0.039054535 0.009986343 0.0127011025 0.071825884 0.00084342336 0.018551214 0.00066187856 0.014358736 0.020274483 1.0383098e-05 0.007920562 0.017872 0.0085271 0.0018193376 0.0031773646 0.0038944364 0.0006021929 0.032601412 0.000836584 0.00021529703 0.0025046917 0.0004268123 0.004043935 0.00035010756 0.0024972132 0.00208638 0.0023236552 0.0029318351 0.00020663626 0.00010781891 0.003121134 0.0003151314 0.0035601035 9.514477e-05 0.00017124656 7.774797e-05 2.0621949e-06 0.0006424242 3.2806733e-05 2.2527813e-05 0.00028603288 0.002631722 0.00010252735 0.00012122084 3.821446e-05 4.517405e-05 0.0011649003 0.0018597353 8.065005e-05 0.0023667943 0.0018031525 7.984526e-05 0.00052189257 3.2054878e-10 0.0012104386 7.038663e-05 0.00020974864 3.4733926e-05 0.00043621208 0.00031313286 0.00073882553 0.0002365791 0.0001577555 3.3687822e-05 0.0013818627 0.0007622122
0.022391358 0.078572735 0.1958428 0.20700787 0.1094576 0.43140075 0.033091 2.8792445e-18 0.07220227 0.10325103 0.07004553 0.47596392 0.020446852 0.018190011 0.33913696 0.058432925 0.07122185 0.048559092 0.22959115 0.20898475 0.0003946516 0.1361954 0.0653108 0.0034617472 0.08413032 0.21055649 0.025959097 0.014476508 0.016616816 0.0152488835 0.028179849 0.011376902 0.007825247 0.104212224 0.030366685 0.009221784 0.0029277825 0.03524754 0.0070909904 0.014719935 0.0026739778 0.0225618 0.0023676758 0.025183218 5.2670715e-05 0.0004194871 0.0033247927 0.00045215304 0.00013542261 0.0006133616 0.0005749643 0.00010562074 0.015178487 0.027438255 0.005787177 0.0004803079 0.0012362832 0.03162252 0.007859493 0.00021834238 4.0691655e-05 0.000166969 5.431391e-05 6.223802e-05 8.370593e-05 0.01975444 0.02162568 0.00016899116 9.3695606e-05 5.0936364e-05 0.0044927206 0.0017996831 0.013796642 9.396961e-05 2.257052e-05 1.4325572e-05 0.017972365 1.0648643e-05 0.002903612 8.210922e-05 3.0345956e-05 9.404554e-05 0.00035104482 4.9215454e-05 0.009207271 0.0098930625 0.000108135566 1.6197064e-05 9.325286e-06 0.00072964956 1.3506527e-05 3.7788992e-05 0.0009129587 2.9574912e-05 2.009013e-05 0.01351752 0.0003340675 0.0082734 2.1850046e-06 0.0038533695 6.4843014e-05
0.008060607 0.2283224 0.043975163 0.5048604 0.051123757 0.047662184 0.28052527 0.07220227 1.8836555e-20 0.56115794 0.42241517 0.028746804 0.06597268 0.5392751 0.021572959 0.4324153 0.19840094 0.31104192 0.016527101 0.082208 0.013716085 0.14108123 0.0032023124 0.095005855 0.0040878593 0.033637 0.3253511 0.27253714 0.22686128 0.23920065 0.25531217 0.043030336 0.17930807 0.008314468 0.13442907 0.12429025 0.07465764 0.05365409 0.13486257 0.0012753172 0.053714413 0.0027150363 0.04092221 0.06377272 0.0005858545 0.011546368 0.04835098 0.020102542 0.00055594905 0.009103783 0.009583982 0.003552464 0.110262915 0.0030614838 0.0005628238 0.011112418 0.009376292 0.020095173 0.0007704207 0.008643728 0.0034751822 0.0063949777 0.0029408217 0.0012602388 0.00059210806 0.019502634 0.002660083 0.005611219 0.00043726672 0.0007918712 0.001302944 2.185214e-05 0.0021787623 0.00042298486 0.0004256952 0.0008988994 0.035678197 0.00075260183 0.0003283464 0.000605382 0.0003803603 0.0022883755 0.004028952 0.00042678378 0.025160039 0.026166769 0.00043835497 0.00046995023 9.817842e-10 0.0073275305 0.00017547078 0.00036983806 0.00038974476 0.0012849293 0.0007795349 0.010560594 0.000555729 0.0002015287 0.0002626017 0.022194523 0.0017677732
0.03079315 0.10989963 0.035739925 0.39350337 0.035556808 0.056374323 0.12800288 0.10325103 0.56115794 7.150563e-20 0.57347846 0.05517615 0.034944486 0.3698195 0.04527064 0.53182817 0.32796362 0.3681666 0.048894078 0.20572206 0.022859883 0.32133785 0.005038196 0.037745524 0.009656548 0.10323935 0.36892545 0.25676864 0.116502166 0.22459838 0.32546052 0.019695172 0.17253277 0.0305198 0.26608005 0.18344992 0.052687854 0.12776071 0.13209848 0.0012647201 0.051935486 0.008127476 0.042784195 0.13783723 0.0012687731 0.0037025241 0.048510686 0.006686921 0.00019381067 0.0049543283 0.005909097 0.0012454456 0.15815476 0.006773666 0.0006921332 0.00417975 0.022499109 0.0418915 0.0008080518 0.0042303447 0.0011568733 0.0035567896 0.00084751484 0.0005167279 0.00029552545 0.04020894 0.0060840794 0.004345699 0.00015459288 0.0001827732 0.0017977619 0.000101000114 0.0028286958 0.00033836917 0.00020279131 0.00026512463 0.07687321 0.00021000364 0.00033104062 0.00031364095 0.000102652004 0.0018169258 0.0038418567 0.00016501006 0.05182681 0.07446696 0.00024227859 0.0001761915 6.4562125e-09 0.013411245 5.2904452e-05 0.0001503374 0.00049399765 0.0007410172 0.000467776 0.015468529 0.0007074202 0.00045465745 0.00020887016 0.041297708 0.0019067078
0.06830334 0.07883989 0.029169329 0.28048775 0.027546354 0.03826429 0.10975681 0.07004553 0.42241517 0.57347846 3.212787e-19 0.03431384 0.031555362 0.2883449 0.03144512 0.47816285 0.29633048 0.38710886 0.03630103 0.16437554 0.020529456 0.27473518 0.004389436 0.03837664 0.006976686 0.088097505 0.3393292 0.22530779 0.12522034 0.22853546 0.35124075 0.015592162 0.16342483 0.028607422 0.27889925 0.16919127 0.046701893 0.14368005 0.17009988 0.0008809626 0.056792136 0.007770851 0.0517065 0.17952554 0.0010808819 0.003960604 0.06084172 0.0056923665 0.00026448368 0.005302149 0.008281393 0.001355367 0.17364581 0.0048430953 0.00027672516 0.0048162295 0.021147091 0.05194911 0.0004572848 0.0045462474 0.0016106529 0.0035183788 0.00067710335 0.0008391014 0.0006566514 0.047802225 0.0053720754 0.0045624766 0.00040462724 0.00021425814 0.0018517493 0.00012523601 0.0023051954 0.0005258389 0.00028011663 0.0005009882 0.09507237 0.00042061837 0.0003256697 0.00040735723 0.0003710431 0.0023054932 0.004733205 0.0004053145 0.062249847 0.08804863 0.00069095765 0.0002684958 1.4170554e-08 0.010221811 0.00014677727 0.00014048592 0.0010901212 0.0010459027 0.0006909695 0.012028626 0.00048600248 0.00035241796 0.0003779658 0.04026746 0.0029058433
0.0638972 0.03226959 0.21696278 0.10067917 0.09269888 0.42089185 0.011506296 0.47596392 0.028746804 0.05517615 0.03431384 6.198692e-20 0.00897662 0.004494814 0.68586147 0.049079984 0.06730224 0.035189148 0.48776773 0.24468704 0.00046145913 0.15796474 0.38308394 0.0011155885 0.47980663 0.33618543 0.025852276 0.010697111 0.0025141218 0.004996077 0.024957106 0.0068101166 0.0024781874 0.32492846 0.03514389 0.005023321 0.00093277195 0.05152767 0.008676003 0.08797784 0.0014234688 0.1450358 0.001153375 0.033326607 0.00012617071 0.00012757581 0.0011878741 0.00010355958 7.852361e-05 0.0002670346 0.00012225688 6.538768e-05 0.014217616 0.12582718 0.04722823 6.73399e-05 0.001989163 0.05411431 0.03505853 8.3031475e-05 1.5526522e-05 9.40607e-05 4.2442316e-05 2.410087e-05 2.6867188e-05 0.035512336 0.10245582 6.274045e-05 1.8273198e-05 2.3692397e-05 0.04307379 0.004434801 0.06671899 2.6480131e-05 9.160387e-06 1.0499321e-05 0.02369157 3.1998684e-06 0.018736098 4.69842e-05 6.0605907e-06 1.7074093e-05 0.00015672755 2.4082947e-05 0.012557069 0.011186455 5.080145e-05 9.423062e-06 0.00011375833 0.00033378566 3.2129587e-06 2.587713e-05 0.0012142777 6.983551e-06 4.15317e-06 0.042671584 0.0007269609 0.03265827 6.630689e-07 0.0058219857 9.932265e-06
9.289103e-05 0.13498555 0.046906244 0.06378846 0.13538721 0.02595792 0.21639179 0.020446852 0.06597268 0.034944486 0.031555362 0.00897662 3.200529e-20 0.039536756 0.006995137 0.034670636 0.025928402 0.04080805 0.0077846623 0.018607134 1.876411e-06 0.013533302 0.0032836518 0.024044309 0.0024210662 0.010846779 0.031346932 0.031055856 0.01136622 0.03323678 0.01793911 0.20684424 0.014650937 0.004562111 0.009708479 0.009395585 0.0071609775 0.0065747234 0.007120794 0.0011705492 0.003198363 0.0011723484 0.002204506 0.0055159526 8.2389954e-07 0.010412217 0.0043580546 0.00195168 0.01708522 0.0005455029 0.0011553346 2.2443386e-05 0.0044731186 0.0027063494 0.00073816 0.0004208573 1.0761628e-05 0.0015194808 0.0017740059 0.0016303678 0.0009938334 0.0016886455 0.004262371 3.0407342e-05 5.1485226e-06 0.0012766966 0.0017213 0.00165045 4.844553e-06 9.2774884e-05 1.4118022e-05 1.9308995e-05 0.0010646527 1.1373891e-06 1.3818645e-06 5.5653807e-05 0.0014893404 1.6738997e-05 0.00022439954 2.1170963e-06 4.8329516e-06 0.00047190476 0.00073897664 1.6638682e-05 0.0012222618 0.001790071 4.5284472e-05 0.00073183776 1.1525948e-07 4.860688e-05 0.00012317124 0.0016631774 0.0009272098 5.2639127e-05 4.335303e-05 0.00015184705 0.0028365406 0.0026311048 1.0297285e-07 0.000976795 0.000108658234
0.01779877 0.07022903 0.014257712 0.2251932 0.01612502 0.010523195 0.21056302 0.018190011 0.5392751 0.3698195 0.2883449 0.004494814 0.039536756 4.840639e-20 0.003947295 0.41148612 0.12337242 0.31805295 0.0028394542 0.023147075 0.026286948 0.07246551 0.0004854658 0.20541272 0.00045709452 0.009511901 0.34084734 0.35519728 0.5511053 0.42404673 0.2753429 0.022937154 0.38988373 0.002067851 0.09865717 0.17772938 0.23630431 0.029545886 0.17806418 0.0003630104 0.09253635 0.0006309119 0.07689021 0.050094403 0.0019467956 0.015344259 0.08986855 0.035913482 9.6926815e-05 0.045002624 0.033148214 0.013648241 0.114953645 0.00088328484 5.334879e-05 0.019366454 0.014614231 0.01473738 0.00013372509 0.025268288 0.015429354 0.022562442 0.0022865387 0.0056458926 0.0025284367 0.015301553 0.0010262304 0.0077962703 0.0021001257 0.00151286 0.0002981505 1.1307723e-06 0.0005912202 0.0012639067 0.0017700556 0.0059713093 0.031880315 0.0056927684 5.8227266e-05 0.0015402347 0.0011264965 0.0040716035 0.008493605 0.00124913 0.027230915 0.03259499 0.00028413112 0.00021319173 2.3582095e-11 0.015602478 0.0001083477 0.00010148152 2.5165695e-05 0.004061336 0.0040507508 0.004966777 6.013676e-05 2.46268e-05 0.00077120215 0.026092412 0.01103541
0.21838745 0.02349365 0.11254891 0.073996834 0.056033764 0.26202595 0.010065995 0.33913696 0.021572959 0.04527064 0.03144512 0.68586147 0.006995137 0.003947295 8.188909e-20 0.049224727 0.08085594 0.039416272 0.5918781 0.2815004 0.0010050365 0.16513486 0.36117727 0.001036226 0.54476595 0.42315435 0.025369866 0.011749714 0.0019552663 0.005216869 0.025463019 0.0047796974 0.0016628412 0.47121805 0.041800484 0.004426122 0.000752908 0.07485421 0.01156678 0.07652064 0.0021179186 0.269972 0.0019368327 0.0465713 0.00013177219 6.6370914e-05 0.0011769083 9.756107e-05 6.3832726e-05 0.00025400848 0.0001287018 4.7159545e-05 0.018192716 0.1874322 0.0556158 9.784301e-05 0.0034181052 0.08085421 0.035946187 6.967024e-05 1.2919829e-05 9.027003e-05 1.9155754e-05 2.367205e-05 3.4652832e-05 0.055401932 0.1508231 5.767329e-05 2.6303393e-05 2.4831455e-05 0.07667642 0.003485689 0.10942631 3.1217438e-05 8.838953e-06 6.1947644e-06 0.03292225 1.8925317e-06 0.026273191 3.3882654e-05 7.977238e-06 2.151278e-05 0.00013254683 1.860617e-05 0.0134654185 0.011136554 3.3969172e-05 4.265407e-06 6.1598395e-05 0.00026294976 3.9486954e-06 1.52089715e-05 0.00071122014 6.402321e-06 2.4609883e-06 0.07274955 0.0005449065 0.035460513 7.5097864e-07 0.004555331 5.328637e-06
0.09015681 0.07955171 0.023776496 0.2736287 0.021189617 0.027337184 0.10420276 0.058432925 0.4324153 0.53182817 0.47816285 0.049079984 0.034670636 0.41148612 0.049224727 9.339407e-20 0.40213093 0.5861357 0.049194492 0.22073619 0.11306477 0.37992075 0.00463694 0.044563107 0.010538494 0.11169791 0.6503391 0.54307204 0.21185228 0.48565125 0.5941914 0.019967292 0.43796703 0.037659846 0.45209485 0.46027538 0.16248733 0.2977855 0.3453936 0.000968385 0.2066276 0.007640499 0.17486487 0.30202338 0.015214638 0.00660276 0.19259231 0.009282375 0.0003208556 0.018226938 0.025643015 0.0035428705 0.29466915 0.0047626933 0.0003293402 0.009057686 0.084037006 0.0842999 0.0006048021 0.018689506 0.009244987 0.016012814 0.0017282956 0.005917313 0.0015226417 0.102669604 0.0055796877 0.016429154 0.00102161 0.0011108122 0.0019565572 6.383589e-05 0.0016126103 0.002195031 0.0014845361 0.0039848457 0.16545263 0.0037702154 0.0002377133 0.0011959407 0.00078610185 0.0070932866 0.016442297 0.000777028 0.11525117 0.17167237 0.0011209581 0.0005390722 5.3874344e-10 0.035764776 0.0005822663 0.00032063414 0.0011974528 0.0045901965 0.0028597421 0.01617807 0.000691071 0.00027402415 0.001920508 0.099099845 0.01810317
0.2943308 0.06194912 0.029251711 0.15708937 0.032394852 0.0358857 0.06696157 0.07122185 0.19840094 0.32796362 0.29633048 0.06730224 0.025928402 0.12337242 0.08085594 0.40213093 5.29568e-18 0.39367318 0.07889377 0.26512563 0.014399292 0.39053223 0.009345605 0.022654196 0.016949175 0.17223904 0.3775445 0.25723615 0.061963137 0.2089026 0.34906915 0.007910635 0.13853891 0.08004195 0.3531565 0.18017748 0.030667923 0.2965252 0.15456995 0.0036863557 0.057764806 0.027861785 0.045977287 0.2826195 0.004824603 0.0008274122 0.03821759 0.0013556347 0.00021647302 0.004225023 0.0075433436 0.00042229987 0.22439903 0.009693307 0.0012124731 0.001155182 0.0627341 0.15781686 0.0011625973 0.0044126273 0.0011526525 0.004012715 0.00035423282 0.000997482 0.0007159563 0.16161379 0.010775401 0.0038156614 0.0004889637 0.00010122991 0.005535986 4.8150305e-05 0.0048921136 0.0009435486 0.00041972176 0.0004244232 0.19670291 0.00029187053 0.0011215308 0.00056466326 0.00019372713 0.002902802 0.0062240125 0.00018676704 0.120128155 0.20851754 0.00019476694 0.00017802833 2.9503357e-07 0.019180365 7.495319e-05 0.00025313403 0.00067049894 0.0011212517 0.00044826782 0.030290943 0.0007505835 0.0011098661 0.00047223768 0.072694935 0.0020921994
0.29735944 0.086819984 0.021290075 0.18875886 0.02739862 0.022951137 0.16930245 0.048559092 0.31104192 0.3681666 0.38710886 0.035189148 0.04080805 0.31805295 0.039416272 0.5861357 0.39367318 7.799022e-20 0.038116448 0.17010444 0.17223473 0.32977295 0.0037477456 0.08320957 0.008178107 0.09819675 0.6193275 0.51157564 0.22665712 0.48031485 0.62169147 0.02305807 0.40707344 0.03743014 0.4657898 0.43118623 0.14410672 0.3396609 0.45517033 0.0007882222 0.258793 0.00605633 0.20008777 0.38262558 0.027599564 0.0057664597 0.26606336 0.006620494 0.00034649493 0.022202197 0.03204158 0.003738245 0.3855204 0.0019577863 0.00011997412 0.00937092 0.11701664 0.06635089 0.00020626179 0.016081473 0.008677642 0.015430531 0.0013263711 0.006918347 0.0024579442 0.084009975 0.002535594 0.015285407 0.0020942437 0.0004194595 0.0034106907 3.2943964e-05 0.0007732682 0.0024370041 0.0024748773 0.0061861374 0.19837397 0.0059437314 0.0001768165 0.0019120913 0.0011068615 0.008370361 0.018924516 0.0008190717 0.1443837 0.19601855 0.0009887993 0.0010990896 1.3701238e-08 0.03240236 0.00028694625 0.00029135912 0.001295796 0.0063491436 0.003906494 0.014574271 0.00048733057 0.00014618858 0.004628826 0.09841237 0.026365329
0.3536342 0.02000318 0.07728372 0.06012425 0.044010535 0.13814053 0.008350943 0.22959115 0.016527101 0.048894078 0.03630103 0.48776773 0.0077846623 0.0028394542 0.5918781 0.049194492 0.07889377 0.038116448 4.1703316e-19 0.31343713 0.0011384814 0.16817956 0.19500627 0.00093756657 0.40226492 0.4406114 0.02032197 0.010553073 0.0013163217 0.0059189806 0.016696153 0.0017177659 0.0013416477 0.5487103 0.045839258 0.004673954 0.00039079713 0.11100568 0.0056611584 0.058880046 0.0017893676 0.4149443 0.0013566092 0.062139243 0.000199985 2.999113e-05 0.0010731292 5.9414608e-05 2.1545839e-05 0.00011922726 0.00019307349 2.2658274e-05 0.023292847 0.19103336 0.042276647 9.4833784e-05 0.012234344 0.12254589 0.03321043 5.4964417e-05 1.6462865e-05 5.0537423e-05 1.0016659e-05 2.4547171e-05 4.4359196e-05 0.08851504 0.17612407 0.00012067466 3.627958e-05 1.9613144e-05 0.07180641 0.0022167873 0.078244016 5.1905143e-05 9.370431e-06 4.9663904e-06 0.048017725 2.065785e-06 0.024744352 3.9829745e-05 6.2077875e-06 5.6833807e-05 0.00026245124 1.9804937e-05 0.018107262 0.020413615 2.4141149e-05 1.942681e-06 2.3360099e-05 0.0007354361 5.2295504e-06 7.70009e-06 0.00013788803 1.6834589e-05 5.018142e-06 0.10139374 0.00016980343 0.027363036 1.0443362e-06 0.005804132 6.287633e-06
0.42515975 0.05221856 0.06352108 0.13280481 0.049254812 0.10529841 0.029146967 0.20898475 0.082208 0.20572206 0.16437554 0.24468704 0.018607134 0.023147075 0.2815004 0.22073619 0.26512563 0.17010444 0.31343713 1.9640285e-18 0.0044023464 0.4010578 0.0296036 0.0047579473 0.07042974 0.45144168 0.14025594 0.06803831 0.013342897 0.04559095 0.112930596 0.003833046 0.018457208 0.38412574 0.2476283 0.031439655 0.00503928 0.3077128 0.03551673 0.023655837 0.014297661 0.16596058 0.012542235 0.2598674 0.0012713512 4.8166745e-05 0.008910624 0.00017252499 5.0247872e-05 0.0011935798 0.0022418073 5.851334e-05 0.1090909 0.044555746 0.010280175 0.00019498549 0.04348471 0.2916569 0.009356979 0.0008409796 0.00028707297 0.00062394736 3.8162347e-05 0.00014819362 0.00014568254 0.25536257 0.053072143 0.0011295873 0.0001022675 2.3803485e-05 0.021635404 0.00014944054 0.023043271 0.00021368453 3.5192763e-05 5.5210334e-05 0.2108271 2.3920773e-05 0.0054815365 0.00013401054 1.5764987e-05 0.00065842044 0.0019317257 2.7297496e-05 0.09247632 0.13663752 2.6091408e-05 1.1818852e-05 3.1836169e-06 0.006311493 7.986137e-06 3.4762954e-05 0.00014166354 0.00029857416 0.00011269043 0.09064093 0.00046471195 0.0047120075 1.2999212e-05 0.03711269 0.000149246
0.004635001 3.0559648e-05 2.0044929e-05 0.0014522914 6.0410457e-06 0.00010558206 9.9473895e-05 0.0003946516 0.013716085 0.022859883 0.020529456 0.00046145913 1.876411e-06 0.026286948 0.0010050365 0.11306477 0.014399292 0.17223473 0.0011384814 0.0044023464 2.2482551e-29 0.005537293 7.164495e-05 2.0783264e-05 0.00018316388 0.0034774148 0.2094405 0.28407612 0.0036071376 0.27547356 0.2536451 1.6354342e-07 0.22475399 0.0025784115 0.024481263 0.12177173 0.046264 0.012364637 0.09220588 3.815994e-07 0.072658755 0.0013909519 0.06971282 0.01688978 4.686708e-07 1.1670579e-07 0.12616587 1.0104962e-06 3.12735e-08 0.000561484 0.15567121 2.960063e-06 0.03260701 0.00024694123 1.0757138e-06 2.4446167e-06 7.0092094e-05 0.007231309 1.4184021e-06 0.01873901 0.03925391 0.012345354 1.8938803e-08 0.000226665 1.4949649e-07 0.00494234 3.79995e-05 0.04278746 6.651814e-08 6.9019e-08 4.5894163e-10 4.776919e-10 2.1606227e-05 1.9785803e-06 1.2717271e-05 0.0020863265 0.005843329 0.0020093936 5.479602e-06 3.7914756e-07 1.2204167e-07 0.026071033 0.038818717 2.1720558e-07 0.005285763 0.0033579615 3.1493002e-08 1.099175e-09 7.866176e-16 0.00018468339 2.9086669e-09 8.667372e-10 1.7941057e-08 0.010489483 0.0075887837 0.0001404377 1.6031022e-08 5.0394934e-08 9.059974e-07 0.0031266946 0.0182007
0.38247073 0.045664966 0.04105226 0.14318143 0.034293067 0.069804125 0.03386079 0.1361954 0.14108123 0.32133785 0.27473518 0.15796474 0.013533302 0.07246551 0.16513486 0.37992075 0.39053223 0.32977295 0.16817956 0.4010578 0.005537293 2.657751e-18 0.020822082 0.008330862 0.040532827 0.35028908 0.34218106 0.24737212 0.026932498 0.17339307 0.28806055 0.0022947798 0.096683316 0.20394729 0.388068 0.14226635 0.02103253 0.4069081 0.121437505 0.008615147 0.05386293 0.08399878 0.04904148 0.31243762 0.0025746925 0.0001835036 0.03136785 0.00051994174 6.409215e-05 0.0032499118 0.008852342 0.00010590305 0.21553567 0.020914044 0.0037435286 0.0005149412 0.08148187 0.29060742 0.0034116665 0.006260367 0.0020300464 0.0050474014 0.0001681924 0.0006465441 0.0003706666 0.3066581 0.023847478 0.0037070673 0.00025973172 5.5099663e-05 0.015265857 3.0907406e-05 0.012077622 0.0006623235 0.00017532744 0.00069391436 0.30858713 0.0004301026 0.0025046212 0.0004260205 7.9019876e-05 0.0027849243 0.006110939 7.399403e-05 0.13969341 0.2500694 8.7414235e-05 5.5356057e-05 4.8548225e-07 0.018675782 3.8455786e-05 9.332399e-05 0.00015029525 0.0014500936 0.00054716336 0.05486306 0.00040527873 0.001729129 4.9529506e-05 0.07850216 0.0008991129
0.05458474 0.009524016 0.046923842 0.013597671 0.027808199 0.07365945 0.0035517104 0.0653108 0.0032023124 0.005038196 0.004389436 0.38308394 0.0032836518 0.0004854658 0.36117727 0.00463694 0.009345605 0.0037477456 0.19500627 0.0296036 7.164495e-05 0.020822082 4.1807764e-21 0.00022018542 0.55219334 0.07074443 0.0017773757 0.0008962454 0.00042845253 0.00030768634 0.0020500554 0.0015639438 2.4236813e-05 0.153756 0.004495224 0.0002726085 1.8471535e-05 0.010640579 0.00086612423 0.18687163 8.010068e-05 0.10531141 5.089441e-05 0.004105248 6.8040663e-06 4.223522e-05 1.7645005e-05 1.6307478e-05 9.425691e-05 5.5413475e-05 2.2849197e-06 5.1025554e-06 0.0011359139 0.3439715 0.16927642 6.8943223e-06 0.00021456691 0.00973228 0.16147947 1.6317164e-06 2.919951e-07 2.5749528e-06 6.3489615e-06 5.465424e-07 1.9639317e-06 0.006238593 0.16983457 2.9460411e-06 2.3275895e-06 8.139875e-06 0.058755394 0.006078932 0.23546112 1.0040641e-06 1.5749536e-07 2.832476e-07 0.0017715892 5.167953e-08 0.095425665 1.6979483e-06 1.2786082e-06 5.973111e-07 2.1059707e-06 6.644605e-06 0.00040000206 0.0007343739 9.215976e-06 5.260505e-07 0.00013998253 0.00015275205 6.833559e-07 6.8925474e-06 0.0022009725 1.3658897e-07 3.761226e-08 0.026483119 0.0005488653 0.15080409 1.028641e-07 0.00023559679 2.9571385e-07
0.0001371001 0.017083535 0.0023764735 0.030281667 0.002267796 0.0017289278 0.08677762 0.0034617472 0.095005855 0.037745524 0.03837664 0.0011155885 0.024044309 0.20541272 0.001036226 0.044563107 0.022654196 0.08320957 0.00093756657 0.0047579473 2.0783264e-05 0.008330862 0.00022018542 5.583818e-20 0.0001344181 0.0017632901 0.06421482 0.069343984 0.2029274 0.11465966 0.09011726 0.020177945 0.067625836 0.00027428244 0.019133067 0.037706975 0.036191903 0.0040460983 0.048338372 2.4378429e-05 0.020508593 6.678482e-05 0.01653832 0.004291142 2.838264e-06 0.05292058 0.027728304 0.0944973 0.00023198666 0.008966647 0.010568583 0.004940871 0.008462824 0.00025354233 3.9078686e-06 0.033365853 0.00011493398 0.00040545812 5.295089e-05 0.004540123 0.0054884464 0.0054061906 0.0048214686 0.0006756598 0.00046943311 0.00034119168 0.00015499472 0.0069842306 0.0005518786 0.0038376802 3.2506275e-06 7.285481e-08 6.5216416e-05 7.536045e-05 7.7239594e-05 0.0013167561 0.000539208 0.00051257643 1.0879121e-05 7.6581084e-05 0.00097320066 0.002130814 0.0043383306 0.0015283125 0.000400119 0.000850454 0.00090999156 0.0001650069 9.619305e-13 0.00038476716 0.00068785285 4.304089e-05 6.2803097e-06 0.0007139341 0.0005487692 0.00010339634 2.3745306e-05 0.00025378523 1.043818e-05 0.00096684665 0.00072455505
0.18839745 0.011734758 0.04062824 0.018744918 0.022875138 0.07782235 0.0020649286 0.08413032 0.0040878593 0.009656548 0.006976686 0.47980663 0.0024210662 0.00045709452 0.54476595 0.010538494 0.016949175 0.008178107 0.40226492 0.07042974 0.00018316388 0.040532827 0.55219334 0.0001344181 9.147623e-21 0.23878467 0.004208352 0.0018453948 0.00040777583 0.0005169349 0.0037332522 0.0013666247 6.596623e-05 0.43916517 0.005909632 0.000323697 0.00011228535 0.015408208 0.0009776667 0.1094643 0.00017631185 0.26490295 9.52481e-05 0.0050557624 1.9561214e-05 3.4776185e-05 2.6775948e-05 5.7082372e-05 3.0075707e-05 0.00010316016 5.971064e-06 8.797342e-06 0.0022863697 0.2769053 0.1064347 3.559918e-05 0.0006974529 0.014268336 0.08454249 3.4219029e-06 8.0080815e-07 7.0933565e-06 3.9779047e-06 4.413603e-06 1.0821555e-05 0.011613115 0.19514859 5.1617676e-06 9.34048e-06 1.08264485e-05 0.116053365 0.002328088 0.1675383 1.088544e-05 1.1311918e-06 4.397329e-07 0.0039378316 8.078794e-08 0.043116022 9.069946e-06 3.3387569e-06 2.1828448e-06 5.2576743e-06 6.6559455e-06 0.00077334535 0.0009706891 1.2733375e-05 2.9449274e-07 0.00013307689 8.408116e-05 7.3896075e-07 4.894419e-06 0.0004200107 7.4388834e-07 7.079712e-08 0.052619334 0.00013780495 0.068175994 9.630051e-08 0.0003199261 3.3508067e-07
0.5830368 0.026718028 0.06255752 0.08667793 0.039074156 0.1069535 0.010295068 0.21055649 0.033637 0.10323935 0.088097505 0.33618543 0.010846779 0.009511901 0.42315435 0.11169791 0.17223904 0.09819675 0.4406114 0.45144168 0.0034774148 0.35028908 0.07074443 0.0017632901 0.23878467 1.9852856e-18 0.059853565 0.032625508 0.006084897 0.0306393 0.046256088 0.0016028886 0.010622462 0.5858948 0.17988198 0.02107186 0.0032258679 0.30278715 0.01441479 0.039498575 0.00706115 0.49417183 0.0054003163 0.24623981 0.0011317552 5.4579083e-05 0.004121658 0.0002101058 3.9814593e-05 0.0012437322 0.0013623676 4.9050323e-05 0.07090642 0.1090006 0.023611652 0.00022701308 0.04082748 0.36108872 0.020391244 0.0008896584 0.00034129454 0.00068969664 2.6880027e-05 0.00016194137 0.00012256847 0.29631442 0.12847033 0.0009361263 0.00010905833 4.170946e-05 0.055350874 0.0005375132 0.044884298 0.00032570574 2.8202392e-05 8.654071e-05 0.16933928 3.8914288e-05 0.011591714 0.00022880033 2.493554e-05 0.0006369175 0.0016053469 5.4063374e-05 0.05917325 0.071375914 6.31056e-05 6.334011e-06 1.7150142e-05 0.005507377 2.110234e-05 1.6025302e-05 0.00011446177 0.00031342296 0.00011204457 0.14109796 0.00019219021 0.014564546 5.018559e-06 0.022045922 0.00018202729
0.24918549 0.07147391 0.017900983 0.15142134 0.022562554 0.01760136 0.1307375 0.025959097 0.3253511 0.36892545 0.3393292 0.025852276 0.031346932 0.34084734 0.025369866 0.6503391 0.3775445 0.6193275 0.02032197 0.14025594 0.2094405 0.34218106 0.0017773757 0.06421482 0.004208352 0.059853565 2.4180052e-21 0.64955395 0.22241065 0.5861886 0.70735705 0.015192564 0.5638543 0.009307824 0.44498855 0.57185155 0.27393892 0.33033532 0.46359164 0.00023462567 0.30170566 0.0020047033 0.21491773 0.3107263 0.1005824 0.0043517686 0.20008661 0.010514307 7.2851864e-05 0.042115744 0.08449581 0.00953433 0.3140674 0.00097475556 2.9694573e-05 0.013389615 0.19912376 0.041895263 5.522887e-05 0.05529523 0.036846343 0.050046474 0.00047250642 0.016718157 0.0038603672 0.058959644 0.0009880405 0.04850878 0.0034997638 0.00023758049 0.0005042265 2.7146618e-06 0.00032422497 0.004928603 0.0057514687 0.018953431 0.121296115 0.016196422 8.888476e-05 0.0026402113 0.0026002245 0.024560861 0.041734017 0.00078956515 0.09113002 0.116475366 0.0009922571 0.00015830394 1.0563576e-11 0.053859256 0.00026741714 5.224862e-05 6.203973e-05 0.016032549 0.013865861 0.004044037 3.6663776e-05 1.5579133e-05 0.004739131 0.08637093 0.05030328
0.21685737 0.05482237 0.0084638335 0.1123136 0.011557143 0.008704965 0.10699818 0.014476508 0.27253714 0.25676864 0.22530779 0.010697111 0.031055856 0.35519728 0.011749714 0.54307204 0.25723615 0.51157564 0.010553073 0.06803831 0.28407612 0.24737212 0.0008962454 0.069343984 0.0018453948 0.032625508 0.64955395 1.3627319e-20 0.26681185 0.5605023 0.60204184 0.013629765 0.54052716 0.0060301847 0.3428576 0.50853974 0.288084 0.21073195 0.41873688 0.00013961202 0.27837253 0.0012133297 0.19862105 0.24073632 0.11532022 0.0063182474 0.20736119 0.0134299835 8.8197005e-05 0.053243037 0.1116308 0.015475235 0.27521428 0.0006767235 1.5464797e-05 0.016027113 0.14740033 0.02724848 3.236888e-05 0.06858005 0.045651697 0.058150094 0.00065934414 0.024259657 0.005222573 0.03435823 0.00058865565 0.07409985 0.004613278 0.0005564097 0.00032779446 1.6951687e-06 0.00016632282 0.006333997 0.008004067 0.023236437 0.09852514 0.020195233 5.5351255e-05 0.0027992688 0.0036608593 0.05119775 0.06459623 0.0010446779 0.08460848 0.10273498 0.0010117225 0.00013775265 2.0666695e-12 0.06470137 0.00030167415 3.1049447e-05 4.5581357e-05 0.02756607 0.020042086 0.0026338222 3.3006825e-05 9.8635e-06 0.0064380304 0.07643815 0.06659635
0.0071209846 0.030553661 0.007875921 0.09494841 0.004164674 0.007124826 0.07680633 0.016616816 0.22686128 0.116502166 0.12522034 0.0025141218 0.01136622 0.5511053 0.0019552663 0.21185228 0.061963137 0.22665712 0.0013163217 0.013342897 0.0036071376 0.026932498 0.00042845253 0.2029274 0.00040777583 0.006084897 0.22241065 0.26681185 3.0203906e-20 0.3866139 0.21527815 0.008920291 0.39385068 0.0007764639 0.045307167 0.181485 0.33351803 0.012030639 0.1440745 0.00045548595 0.10432148 0.000116494346 0.0787767 0.016970322 0.001925746 0.020679094 0.09949146 0.06752952 5.739056e-05 0.20930035 0.07678106 0.08812011 0.048972964 0.00010110083 3.486362e-05 0.05040656 0.0063970666 0.00364581 0.0001490928 0.0633881 0.06916805 0.06603964 0.0012336663 0.07409569 0.01857154 0.0035229314 0.00013949319 0.033048887 0.015859399 0.003645902 9.056886e-06 1.1248452e-07 0.00017289064 0.010736883 0.01808689 0.05048427 0.005577551 0.0493971 3.4929846e-05 0.009061587 0.0058252905 0.020081783 0.029203568 0.004721731 0.004326557 0.0055524805 0.0017956038 0.00013815325 1.2107291e-12 0.00926534 0.00029947326 4.3681506e-05 6.3866855e-06 0.015672674 0.020833164 0.0023675857 3.6550424e-05 1.9206205e-05 0.0015657651 0.006216615 0.022151347
0.20487502 0.040851936 0.0075173103 0.11435475 0.008128581 0.0060723443 0.105522454 0.0152488835 0.23920065 0.22459838 0.22853546 0.004996077 0.03323678 0.42404673 0.005216869 0.48565125 0.2089026 0.48031485 0.0059189806 0.04559095 0.27547356 0.17339307 0.00030768634 0.11465966 0.0005169349 0.0306393 0.5861886 0.5605023 0.3866139 6.569668e-19 0.57596105 0.016250683 0.6523105 0.0068317293 0.29534385 0.5444385 0.39292735 0.1403875 0.47287038 0.000109092245 0.34914637 0.001104854 0.28424573 0.18831594 0.106800616 0.010891829 0.32639915 0.02156349 8.2719365e-05 0.097919405 0.20798206 0.032797024 0.3023443 0.00035165335 3.3673575e-06 0.02793958 0.109462425 0.033775903 1.519872e-05 0.11808122 0.10539078 0.11592771 0.0015381803 0.041610852 0.012029509 0.03347854 0.00038202308 0.122888595 0.010414909 0.003639699 0.00044769127 6.1652313e-06 4.6765155e-05 0.009626894 0.015241396 0.047625057 0.11806222 0.049263176 1.853499e-05 0.005734272 0.005594593 0.09527824 0.11402366 0.0034610047 0.1041326 0.17691863 0.0022439484 0.00030116196 2.553949e-12 0.07902281 0.0005986539 5.2604206e-05 8.599132e-05 0.05228686 0.03847024 0.0048392913 6.0811173e-05 8.989928e-06 0.012370776 0.119205356 0.10622135
0.7451534 0.059757985 0.014403316 0.12206922 0.01771284 0.01505521 0.1545362 0.028179849 0.25531217 0.32546052 0.35124075 0.024957106 0.01793911 0.2753429 0.025463019 0.5941914 0.34906915 0.62169147 0.016696153 0.112930596 0.2536451 0.28806055 0.0020500554 0.09011726 0.0037332522 0.046256088 0.70735705 0.60204184 0.21527815 0.57596105 1.5951183e-18 0.008713603 0.5616657 0.005302976 0.46681747 0.57172155 0.26756653 0.34291276 0.55575746 0.0002166017 0.35091984 0.0015092134 0.255616 0.34459016 0.14052188 0.0014591085 0.25267833 0.0057269377 2.5960258e-05 0.042453308 0.1344716 0.006357647 0.42727736 0.0004916831 3.2469266e-05 0.008178237 0.30145448 0.047542196 4.5934434e-05 0.050488554 0.040947117 0.05921308 0.00013574185 0.017009445 0.0026166574 0.07718198 0.0005172086 0.030844226 0.0021017224 0.00010612173 0.004096931 4.8017896e-06 0.00040738212 0.0035356984 0.006503274 0.026907383 0.19880852 0.029231906 0.00015830348 0.0022952228 0.0012633669 0.024035621 0.036485214 0.0005624455 0.12813437 0.20519169 0.00029498313 0.000216907 1.3591832e-09 0.0858047 5.0553277e-05 8.550614e-05 5.7661575e-05 0.017035378 0.014751723 0.008727992 8.3693e-05 2.8746925e-05 0.0072696963 0.14458643 0.04959423
3.8098074e-06 0.043016735 0.021903198 0.026969878 0.05665716 0.013298829 0.07940499 0.011376902 0.043030336 0.019695172 0.015592162 0.0068101166 0.20684424 0.022937154 0.0047796974 0.019967292 0.007910635 0.02305807 0.0017177659 0.003833046 1.6354342e-07 0.0022947798 0.0015639438 0.020177945 0.0013666247 0.0016028886 0.015192564 0.013629765 0.008920291 0.016250683 0.008713603 5.654764e-22 0.007148613 0.0007518332 0.0045413338 0.003927167 0.003885005 0.002514833 0.0027666022 0.0012498086 0.0012514127 0.00018731982 0.00068719126 0.0018825548 1.29699e-07 0.09273684 0.001995492 0.0092653055 0.14989309 0.0001570723 0.0005935883 4.524534e-06 0.0017906883 0.00089639623 0.00015371024 0.0010330774 1.5922176e-06 0.0004948372 0.0009102208 0.00028234566 0.000111260546 0.0003478804 0.13390557 1.8618968e-05 6.899045e-06 0.0011204628 0.0010240863 0.0005370236 1.5958258e-05 0.0014186702 8.452121e-06 0.0001284051 0.0005867511 2.5585155e-06 1.40504e-06 3.817867e-06 0.0018737568 1.1221211e-06 0.00012191331 1.0519898e-05 1.6089034e-05 7.2290306e-05 0.0004766476 6.550352e-05 0.00453797 0.0046681366 0.00058635196 0.055928215 4.0219057e-08 5.128842e-06 0.009740754 0.02818317 0.01549659 1.6215949e-05 1.5943052e-06 0.0003286631 0.023502246 0.004655284 1.6241951e-07 0.0142973615 5.549206e-05
