4.0078431e-28 0.20370822 0.6726801 0.8541005 0.14845099 0.26020068 0.24961506 0.029235378 0.55329174 0.009996191 0.011907664 0.48656672 0.003587983 0.4574653 0.95193946 0.6316341 0.81191564 0.5042246 0.62082046 0.00014476058 0.0015468543 0.91582924 8.401106e-06 0.94493663 0.0037265043 0.41856274 0.95586437 0.0013886424 0.9812437 0.96564215 7.897714e-07 0.93921405 0.961466 0.09299662 0.9541104 0.9393047 0.8965339 0.0012836771 0.007002539 9.61143e-07 0.8803076 0.00020318972 0.011297704 0.91504717 0.00735169 0.53799266 4.9459082e-05 0.9915745 0.6387055 5.7712323e-06 0.006035124 0.039094783 0.14256874 0.9816615 0.5097372 4.852202e-07 0.9969088 0.025471458 0.026083674 0.0022037388 0.32640192 0.98882025 0.0006422257 0.7226454 0.09612376 0.89050967 1.9563592e-08 0.6197145 0.99358255 0.000107417836 0.99942994 1.19001136e-07 0.8784556 0.99026203 1.8652521e-05 0.9456807 8.654917e-06 0.00013155749 1.0637509e-09 0.0004461258 0.7530839 2.860278e-07 4.702616e-05 0.9956366 4.5437824e-05 0.0047830027 0.98520404 1.7042622e-08 0.99893206 0.9788433 7.3341505e-07 0.61465245 0.99816674 4.9029486e-10 0.008956421 2.163759e-05 0.9993501 0.5978579 0.9351406 0.7224142 0.0015102564
0.20370822 1.8497872e-22 0.27859697 0.24587236 0.78860456 0.062475745 0.03196839 0.033393953 0.09785534 0.046343315 0.3472182 0.024101809 0.055257734 0.0018302455 0.015069317 0.0006497605 0.020553391 0.037946027 0.11181084 0.0033246863 0.0018656757 0.0009186024 0.022380859 0.0018506795 0.0002805088 2.590874e-05 0.001652481 0.05397307 0.0021549475 0.13183422 0.065448284 0.0015709307 0.0015897651 7.239421e-05 0.00024438894 0.100068256 0.038660124 0.000567579 0.0003374166 0.0012127217 8.08957e-05 0.0006564573 0.0002946603 1.5496124e-05 0.00040187925 3.1921356e-06 0.00027203353 0.026153186 5.3288534e-07 9.459911e-05 0.00011747602 2.5020197e-05 1.2563962e-06 5.6913486e-05 1.3732325e-07 2.179738e-05 0.00074810226 1.0349633e-05 6.492023e-07 0.0002079614 0.13640946 2.0014479e-05 0.1144666 1.475049e-07 5.6629403e-07 1.9539361e-07 3.9754188e-05 9.244592e-08 0.00013951301 1.5176197e-07 0.0028638183 1.9848349e-05 4.8710003e-08 1.0215705e-06 7.7197765e-05 6.8711906e-06 5.054368e-05 1.546599e-05 6.8218883e-06 8.2898905e-06 3.189397e-08 9.501407e-06 3.17904e-05 9.488983e-06 5.073374e-06 2.020981e-05 0.15790468 3.756367e-05 0.00031946087 1.9250892e-07 8.3284185e-06 2.8905023e-07 0.00025322288 0.0006794013 9.21446e-07 4.0986856e-06 0.001579268 2.0137653e-08 3.8613737e-07 1.719353e-06 4.0396844e-06
0.6726801 0.27859697 1.5042268e-16 0.719326 0.2949766 0.66791344 0.58504814 0.37656748 0.2089371 0.20241508 0.092409894 0.08467025 0.12254333 0.08747132 0.45659322 0.08919576 0.12135504 0.046722297 0.061422873 0.018573757 0.024955563 0.06410222 0.006853907 0.09024266 0.013381222 0.0039609666 0.07583139 0.0151232835 0.09019222 0.2994928 0.008167655 0.05148037 0.06921876 0.0046325843 0.024404356 0.120209835 0.090338156 0.00403346 0.003966126 0.00088109745 0.007773979 0.0023515031 0.0027810812 0.0044706305 0.0018980979 0.0002631166 0.0011377737 0.17142709 8.903467e-05 0.0007659241 0.0005143662 0.00029855792 7.5595904e-05 0.0082594855 1.6707612e-05 0.00046568888 0.054956008 0.0001642779 0.00019217683 0.0018977559 0.03164366 0.0044898875 0.020406857 1.3235275e-05 3.3715878e-05 9.331598e-05 9.591771e-05 8.05172e-06 0.008649595 1.4487708e-05 0.10502458 0.0001718904 2.3475604e-05 0.00050155283 0.0006477707 0.00034829305 0.00046827277 0.00031923517 2.7505139e-05 8.037363e-05 6.515609e-06 0.00016705102 0.00026755387 0.0019740842 8.1218976e-05 0.0004451844 0.103834175 0.00030991065 0.01692924 5.833604e-05 0.00013452247 3.0223555e-05 0.01991364 7.200064e-05 3.8755552e-05 4.102035e-05 0.052816078 8.558801e-06 2.9611856e-05 0.00012056366 7.481572e-05
0.8541005 0.24587236 0.719326 2.5960483e-16 0.20091046 0.48562205 0.43475643 0.24457802 0.32494628 0.09657897 0.060693167 0.15015802 0.06330319 0.028876966 0.40856108 0.036701273 0.2002852 0.080750205 0.09301983 0.0075082476 0.014485886 0.027391685 0.0065979133 0.05603392 0.00428388 0.0013392406 0.050350994 0.016781885 0.07314461 0.40535742 0.00897279 0.026838636 0.038513295 0.0011613904 0.009005379 0.18001965 0.16572799 0.0021152915 0.002046548 0.0006734706 0.0027500365 0.0015057874 0.002008953 0.0016031278 0.0016056816 0.00014363117 0.00074664573 0.25245962 3.6689555e-05 0.00043957512 0.00043981578 0.0004471536 6.76617e-05 0.00422042 4.5754937e-06 0.00030535948 0.047700915 0.00022409156 0.00056992326 0.0014897212 0.046444613 0.002124857 0.025392542 3.7425875e-06 1.8599445e-05 4.6655212e-05 4.1828003e-05 5.0165727e-06 0.0050043743 5.636566e-05 0.1588711 9.527844e-05 1.5692849e-05 0.00024645985 0.00049282995 0.0026265008 0.000279537 0.00025523378 1.9909052e-05 9.242138e-05 3.892325e-06 5.0812643e-05 0.00023810353 0.0014394554 7.686146e-05 0.00030468113 0.15186867 9.542511e-05 0.01786735 3.903557e-05 5.529196e-05 2.307489e-05 0.023040736 8.1593564e-05 4.079591e-05 2.4960736e-05 0.08337918 5.8452565e-06 4.6066783e-05 0.0004869684 8.012399e-05
0.14845099 0.78860456 0.2949766 0.20091046 7.4112465e-22 0.23632191 0.08560038 0.044035874 0.06220359 0.18298647 0.6137125 0.019066704 0.23804976 0.005509528 0.029067442 0.0036150736 0.018968258 0.023727138 0.05411707 0.009421859 0.0058710766 0.0019932345 0.01708013 0.0038883036 0.0011082251 0.00011251775 0.0035813663 0.03329191 0.004278752 0.10165595 0.032245327 0.0031174256 0.0032891806 0.000269569 0.0008241943 0.053874556 0.021450581 0.00088125805 0.00089444756 0.007989066 0.00033958827 0.0009268499 0.00074808585 8.7447e-05 0.0008269117 1.1977366e-05 0.00035744955 0.021669015 3.9980314e-06 0.00013576775 0.0001991115 5.5327928e-05 3.4358593e-06 0.00025073477 1.3588561e-06 5.3026037e-05 0.0008266826 2.1438458e-05 8.773351e-07 0.00036636984 0.1272927 9.0092944e-05 0.06717507 1.4685188e-06 1.7625233e-06 2.9900896e-06 6.627597e-05 7.7144983e-07 0.0004956147 4.1160654e-08 0.006094367 4.2205866e-05 6.675795e-07 5.5855776e-06 0.00015755164 7.500149e-06 0.00012298906 2.9920251e-05 1.26662535e-05 9.9256185e-06 2.6247187e-07 2.056987e-05 5.3929896e-05 4.3662723e-05 9.710618e-06 2.0347175e-05 0.14012238 7.4301985e-05 0.0003438918 7.900804e-07 3.7724432e-05 1.4420748e-06 0.0003847384 0.0010407099 1.4165137e-06 8.072926e-06 0.0023200791 7.903987e-08 9.308125e-07 1.0750492e-06 6.9730363e-06
0.26020068 0.062475745 0.66791344 0.48562205 0.23632191 1.9891107e-21 0.68884933 0.4572591 0.06346484 0.45535213 0.10154409 0.012146593 0.2755735 0.22138758 0.46762663 0.14687835 0.033411905 0.0089399 0.012210065 0.03703504 0.079424836 0.06822701 0.0037659141 0.14403485 0.03993639 0.007801309 0.122988895 0.0042780438 0.09402997 0.1788997 0.0019573614 0.061872996 0.08008429 0.01623054 0.044528507 0.046188746 0.039490048 0.013707953 0.013795938 0.0006804456 0.014620456 0.0128474925 0.0070247417 0.009762399 0.0038097678 0.00026710494 0.0037413286 0.053911187 0.00010671716 0.002464782 0.00065033423 0.0004140896 7.9771205e-05 0.0091254795 1.465299e-05 0.0010347256 0.04192009 0.00014348989 3.4743152e-06 0.001089135 0.0100229755 0.0031809346 0.00916304 9.761044e-06 7.1304094e-06 1.8206072e-05 0.00035860925 3.8271996e-06 0.0075523597 6.9946286e-06 0.028214693 0.00033576222 4.2920683e-06 0.0013557704 0.00028316592 2.5257336e-06 0.00019645426 0.00012521738 0.0002653166 3.0811963e-05 1.4645329e-06 8.681962e-05 0.00010459491 0.0022891557 2.9274377e-05 0.00011010452 0.04440148 0.00014867364 0.012479862 3.449279e-05 4.597488e-05 8.038386e-06 0.012335052 2.7690214e-05 1.2681518e-05 1.811449e-05 0.017979454 1.9514919e-06 2.3531644e-05 2.2995619e-06 3.6218356e-05
0.24961506 0.03196839 0.58504814 0.43475643 0.08560038 0.68884933 3.5852527e-22 0.46645236 0.06431851 0.40281126 0.05298658 0.018013736 0.23022334 0.5114157 0.5547568 0.46493492 0.040110253 0.009477801 0.011062421 0.049958993 0.20201191 0.3266213 0.001773769 0.30411428 0.18985409 0.10983194 0.26463136 0.0033315155 0.22886686 0.15945609 0.00099725 0.24033284 0.23916829 0.12452929 0.2798501 0.0424879 0.044636596 0.060560845 0.08583189 0.0004149348 0.14205952 0.04720255 0.074135356 0.08442978 0.03257139 0.006955672 0.019238805 0.055001795 0.00154334 0.011577071 0.005392836 0.0037208314 0.0009523115 0.064057834 6.405977e-05 0.002975402 0.090357095 0.0014043226 4.8371435e-06 0.0041264435 0.0063144015 0.02278734 0.0044605774 5.99625e-05 4.3906955e-05 0.000104933795 0.0010888675 3.969736e-05 0.04153608 9.592343e-06 0.044856727 0.00090156076 3.924022e-05 0.0038537977 0.0009454568 4.0748837e-06 0.00065723096 0.00040990216 0.00090464455 0.00010902142 1.3437828e-05 0.0003444953 0.000314605 0.012718035 8.01885e-05 0.00041941347 0.038441584 0.00038185503 0.031393025 0.0006164038 0.00014317836 6.745546e-05 0.029718913 2.2935752e-05 3.337772e-05 6.315407e-05 0.029316053 2.0716103e-05 0.0002823187 3.420167e-06 0.00011641829
0.029235378 0.033393953 0.37656748 0.24457802 0.044035874 0.4572591 0.46645236 1.0336804e-25 0.032563463 0.09820201 0.011412263 0.01733384 0.04750422 0.3172644 0.20191287 0.44096133 0.02350928 0.0096367225 0.013064754 0.004309959 0.015161813 0.10317407 0.00048731294 0.12567496 0.009471783 0.063027784 0.13034692 0.0014143938 0.10241113 0.020689864 8.170632e-05 0.06812624 0.09198031 0.023496801 0.09806926 0.009830581 0.004545537 0.00363993 0.005473204 1.3462294e-08 0.0905517 0.0039818487 0.004807861 0.043051958 0.0041675707 0.028415978 0.0006506122 0.0041899174 0.02344699 0.00029654743 0.0016548946 0.0034770535 0.009775306 0.0285783 0.010717578 2.3771543e-05 0.0559435 0.0022247983 1.1390552e-08 0.0009640366 0.0007857091 0.011929493 0.00089892594 0.016234698 0.0019926177 0.01224057 5.797811e-06 0.012252797 0.015378899 2.604088e-08 0.029977312 3.3891781e-06 0.010305805 0.0045284065 5.0804065e-05 6.9466855e-06 2.6317146e-05 9.8584635e-05 1.3081645e-08 4.091322e-05 0.01119548 4.5960897e-07 2.6539263e-05 0.0032779558 1.2267892e-05 0.00049605407 0.0025982661 3.5130722e-07 0.009381583 0.0030549057 6.561737e-07 0.0067303306 0.003788137 5.542089e-08 0.00020511111 7.4350787e-06 0.005252663 0.0041763755 0.0026684892 1.4774635e-07 9.696093e-05
0.55329174 0.09785534 0.2089371 0.32494628 0.06220359 0.06346484 0.06431851 0.032563463 9.550719e-19 0.01578325 0.042107664 0.67915 0.015837478 0.004522613 0.17419814 0.0065750363 0.570114 0.22142978 0.2663731 0.0009063704 0.0018670845 0.005280339 0.008889571 0.011777167 0.00044305885 0.0003928881 0.009586025 0.01910966 0.016460998 0.44669658 0.010581871 0.0055031693 0.007012971 0.0002912427 0.001601182 0.20494834 0.1697552 0.00048178717 0.0004154885 0.00027980638 0.00058111775 0.00026968188 0.000531024 0.00022595795 0.000420932 6.0150523e-05 8.410923e-05 0.11403851 8.459354e-06 6.988258e-05 0.00017353156 0.00033046622 1.534919e-05 0.0007399548 2.6112465e-07 6.30196e-05 0.0047794897 6.158347e-05 7.687358e-06 0.00018843409 0.04014254 0.00017905592 0.043955848 2.4631004e-07 2.0853047e-07 2.8669622e-06 1.605118e-05 7.394059e-08 0.0010729446 9.530555e-08 0.059163228 1.5016407e-05 2.7019996e-07 7.199133e-06 2.5441783e-05 0.0009126745 1.7029033e-05 4.750719e-06 4.6859574e-07 1.803997e-06 4.6504066e-08 3.566723e-06 1.4283229e-05 5.3662556e-05 1.4419963e-06 8.049203e-06 0.07947446 2.556946e-05 0.0030072338 8.03419e-07 5.9547033e-06 1.5850024e-07 0.004577851 0.0018280859 1.7054563e-07 5.6061316e-07 0.028960217 2.8895801e-08 5.1905096e-07 6.3160755e-05 2.1980586e-06
0.009996191 0.046343315 0.20241508 0.09657897 0.18298647 0.45535213 0.40281126 0.09820201 0.01578325 1.1912701e-19 0.2152453 0.0034561346 0.58626443 0.2034917 0.11905374 0.16338232 0.0066594696 0.0024759395 0.0026700357 0.25986183 0.19790553 0.01151124 0.0026710492 0.013671872 0.123215035 0.025649557 0.012772592 0.0045175347 0.0085978815 0.016798018 0.002738469 0.007835572 0.011312803 0.036763366 0.017367933 0.0048411842 0.0029985397 0.03783259 0.03947759 0.010482809 0.010618653 0.037364498 0.025098234 0.0052497583 0.0156141035 0.0022185936 0.016153563 0.0052586026 0.0011007277 0.0069101206 0.005030109 0.0023476155 0.0007224843 0.002252732 0.0003395416 0.0023719587 0.0055876453 0.0013396557 5.7352094e-07 0.0069154645 0.00570368 0.0013675737 0.007359879 0.00037938054 0.00036810542 0.00083813246 0.0011405931 0.0002074646 0.002110656 1.1774993e-06 0.004255012 0.00054149784 0.00023718704 0.00030681316 0.0021844474 3.3830895e-07 0.0014178032 0.0011746235 0.003239374 0.00014329952 0.000113999 0.00083590735 0.00083696115 0.0004189264 0.00014474263 0.00048351486 0.008246295 0.00041117053 0.0021919622 8.213758e-05 0.0009954479 0.00025882796 0.0019995298 5.256654e-05 5.884776e-05 0.00014404338 0.006248608 4.3890588e-05 0.00019897938 2.9093385e-07 0.00019146869
0.011907664 0.3472182 0.092409894 0.060693167 0.6137125 0.10154409 0.05298658 0.011412263 0.042107664 0.2152453 1.174433e-23 0.012863069 0.442545 0.005265206 0.013636304 0.0030537928 0.012652202 0.015638022 0.031529415 0.06765205 0.016552916 0.0002978245 0.04331864 0.0005662838 0.0040243464 0.00028817318 0.00059229054 0.05214506 0.0009536521 0.03821981 0.048261076 0.00067420385 0.00085145904 0.0006193093 0.0003834724 0.050067205 0.021592297 0.0024726395 0.002767882 0.1049099 0.00020038761 0.0021632477 0.0020904164 4.6895297e-05 0.0012489156 2.1633752e-05 0.00016059059 0.018042047 2.4641354e-06 6.982696e-05 0.00022767631 5.657915e-05 4.1700728e-06 5.8896945e-05 4.7020148e-07 3.253318e-05 0.00056368054 9.895987e-06 4.5257357e-07 0.0003060989 0.27923256 3.0597643e-05 0.06848855 7.178042e-07 2.1544245e-06 2.283175e-06 3.5693516e-05 3.6024133e-07 0.0001356012 3.33905e-08 0.005844867 1.4451222e-05 3.9487836e-07 4.635175e-06 6.46949e-05 3.596676e-06 4.164654e-05 1.8023778e-05 0.0010175321 3.7094628e-06 2.3307582e-07 8.3120885e-06 3.4075172e-05 1.5683947e-05 4.1984927e-06 1.2934166e-05 0.38327438 3.7624657e-05 0.0004980765 2.4394288e-07 1.3773931e-05 1.0858996e-06 0.00017733172 0.009093991 2.7454428e-07 3.3276378e-06 0.0019852316 4.0125194e-08 9.513416e-07 8.4789923e-07 3.2266291e-06
0.48656672 0.024101809 0.08467025 0.15015802 0.019066704 0.012146593 0.018013736 0.01733384 0.67915 0.0034561346 0.012863069 6.6925767e-19 0.004440055 0.0016604055 0.046620112 0.0023143522 0.6202441 0.57983106 0.6198698 0.0007177879 0.00056838634 0.0016553415 0.008937105 0.003897576 0.00019323853 0.00011157496 0.0032229682 0.034100126 0.00547927 0.4138694 0.012842328 0.0023113636 0.0028767851 9.4108254e-05 0.0006227596 0.26608613 0.2187078 0.0004590413 0.0003769886 8.725856e-05 0.00031559603 0.00042983628 0.00054773974 6.765731e-05 0.00066769705 1.6285721e-05 0.0003648634 0.10625881 4.4452217e-06 0.00026770652 0.00027545367 0.0003217436 1.3948261e-05 0.00013206911 1.5129044e-07 9.282993e-05 0.0014826946 4.4487137e-05 3.1529398e-06 0.00031911678 0.05296875 6.849427e-05 0.05821553 5.9053548e-08 2.1093324e-07 7.885778e-07 5.1527346e-05 1.651585e-08 0.00036397198 3.1621873e-08 0.025343321 2.6827605e-05 6.125344e-08 6.856675e-07 2.8753835e-05 0.0009736184 2.193089e-05 3.123136e-06 8.984978e-07 7.1530036e-07 1.731348e-08 4.3617383e-06 5.0934977e-06 1.7186378e-05 4.7667552e-07 3.9179963e-06 0.086986214 3.3298522e-05 0.000788061 8.71607e-08 3.964793e-06 7.50646e-08 0.0012232419 0.005646765 2.0213568e-07 3.495874e-07 0.013607619 1.4620654e-08 1.3202963e-07 3.4260156e-05 6.900087e-07
0.003587983 0.055257734 0.12254333 0.06330319 0.23804976 0.2755735 0.23022334 0.04750422 0.015837478 0.58626443 0.442545 0.004440055 5.549566e-20 0.07852077 0.071979575 0.05565915 0.005991237 0.0031560597 0.003208314 0.4031529 0.17948022 0.003959569 0.0030572575 0.008102936 0.070683874 0.0072246264 0.008350687 0.0058296137 0.00529256 0.008907833 0.0032267265 0.00415629 0.0067361253 0.013020405 0.0057885824 0.0029044512 0.0017654195 0.039508082 0.032267235 0.06972565 0.0038352343 0.0418822 0.024577167 0.0015699482 0.019368341 0.001174567 0.019727297 0.0035423671 0.0013427178 0.006841258 0.010150848 0.0044552484 0.0012550461 0.00071632955 0.00034637895 0.0015493132 0.0028181016 0.002070978 2.025349e-07 0.012644385 0.008884087 0.00044940208 0.009043522 0.00040285048 0.0003414775 0.0007310042 0.0007610783 0.00020296505 0.0014021836 3.833221e-07 0.013245035 0.0004229901 0.00014616556 8.06239e-05 0.0019709286 3.7283573e-07 0.0016269786 0.0013660396 0.019656317 0.00041277407 7.773003e-05 0.00057692075 0.002104402 0.00021697403 0.00036266417 0.0005945724 0.014091712 0.00051301013 0.0026637192 2.8397224e-05 0.0011785536 8.873476e-05 0.004081453 0.000628892 4.3216103e-05 0.0006505113 0.05155886 7.111008e-06 8.47913e-05 1.13607136e-07 0.00032373372
0.4574653 0.0018302455 0.08747132 0.028876966 0.005509528 0.22138758 0.5114157 0.3172644 0.004522613 0.2034917 0.005265206 0.0016604055 0.07852077 2.5771405e-18 0.21074265 0.6790841 0.0034855974 0.00069504493 0.00043108859 0.038485587 0.24007939 0.20370433 9.082112e-05 0.140241 0.2818407 0.4223251 0.12213382 0.0003355743 0.061031915 0.02095648 0.00015687065 0.14041883 0.12226279 0.30120036 0.37548316 0.0041424483 0.0033264072 0.10006969 0.14508538 0.00017179355 0.21203722 0.07529032 0.19772904 0.10258409 0.0980846 0.04276374 0.036006402 0.011483839 0.015596699 0.01547047 0.033987947 0.036120664 0.010078603 0.07969307 0.0016040584 0.005385553 0.13382597 0.0066735167 0.00034069063 0.0180718 0.0014110445 0.03749007 0.0006490656 0.00077404844 0.0008207145 0.0019215046 0.0015338837 0.00069524185 0.048542455 0.00068922027 0.0128007615 0.0017549114 0.00093742355 0.006006274 0.0039573875 6.804037e-05 0.0028430119 0.0012684222 0.0002020745 0.0002628673 0.0005686965 0.00075124553 0.0011733097 0.010707933 0.00021689832 0.00049665687 0.008971108 0.00066252187 0.048840433 0.0004863338 0.00038539 0.0012731105 0.04201318 6.044403e-07 0.0002356995 8.243987e-05 0.014531241 0.00028119795 0.00056183996 5.1845975e-05 0.00040251983
0.95193946 0.015069317 0.45659322 0.40856108 0.029067442 0.46762663 0.5547568 0.20191287 0.17419814 0.11905374 0.013636304 0.046620112 0.071979575 0.21074265 1.1913083e-16 0.2643669 0.2001784 0.024457647 0.016381271 0.00761045 0.034508757 0.24582328 0.00036425758 0.3407155 0.014319216 0.03222309 0.3121256 0.0038892275 0.29578364 0.2222786 0.00027267303 0.20788908 0.30124673 0.012366365 0.1401548 0.059279833 0.069214575 0.005780018 0.006065063 0.00068779965 0.056781128 0.0032145453 0.0073755803 0.035847295 0.0052825734 0.010421824 0.00025854033 0.15951489 0.0021417928 0.00017279321 0.0013142144 0.003684335 0.0020351852 0.034006253 0.00021312303 0.00018090828 0.1800241 0.0010109687 0.0043896916 0.001549376 0.01910128 0.016109087 0.004706966 8.426884e-05 0.00024255093 0.0004454983 1.5970805e-05 4.8163252e-05 0.03462195 0.00022262587 0.2453968 1.3283376e-05 0.0001796897 0.0018430036 0.00013167824 0.031074127 8.251349e-05 0.00017977937 1.7709488e-05 7.688287e-05 3.162856e-05 6.5295176e-06 0.00017320138 0.0058255517 4.9138675e-05 0.0003821441 0.06640957 1.1811235e-05 0.11083726 0.00012155551 1.470445e-05 6.436431e-05 0.122967556 2.1589203e-06 7.0081e-05 1.0441685e-05 0.25177807 1.3708761e-05 0.000134572 0.0074965707 6.396454e-05
0.6316341 0.0006497605 0.08919576 0.036701273 0.0036150736 0.14687835 0.46493492 0.44096133 0.0065750363 0.16338232 0.0030537928 0.0023143522 0.05565915 0.6790841 0.2643669 1.9841499e-18 0.00445428 0.0009977171 0.0005424441 0.015461384 0.14639354 0.3478547 6.550108e-05 0.22031215 0.22428437 0.5741023 0.18685594 0.00047508802 0.11225785 0.037361905 0.00020349844 0.25292996 0.22361827 0.32104692 0.4918474 0.0068279644 0.005795531 0.07128433 0.12439621 8.587355e-05 0.38249284 0.043758336 0.22114901 0.24085398 0.11687234 0.069466434 0.03328869 0.018674174 0.029208079 0.012945064 0.053197544 0.048842736 0.02514532 0.16981205 0.004882259 0.0035238622 0.21347821 0.016314287 0.0039448244 0.026112346 0.0017641345 0.10740139 0.0013340511 0.0034873583 0.0048340214 0.007867334 0.0008231072 0.0035940907 0.14047368 0.004507308 0.017846785 0.0012330181 0.0042801476 0.023397708 0.0043953424 0.00059521344 0.002840088 0.002850112 7.087369e-05 0.0019437431 0.00285464 0.00057578133 0.0016139272 0.03875556 0.0008705862 0.003776781 0.013766355 0.00035325516 0.1021478 0.002276495 0.00025092997 0.004105906 0.08000423 3.9556662e-07 0.0021145726 0.00031540918 0.020830283 0.001835367 0.0033772923 0.00036146754 0.0021837403
0.81191564 0.020553391 0.12135504 0.2002852 0.018968258 0.033411905 0.040110253 0.02350928 0.570114 0.0066594696 0.012652202 0.6202441 0.005991237 0.0034855974 0.2001784 0.00445428 1.4694407e-19 0.19523188 0.19791998 0.00037455797 0.00018177523 0.00316054 0.0039701755 0.010114109 3.963294e-05 4.1802123e-05 0.00922803 0.010649655 0.017975733 0.5101005 0.005158038 0.0031894704 0.006763854 2.3293249e-05 0.00045572777 0.17664145 0.17292286 0.00016682383 7.03251e-05 0.00017756254 0.0001826216 0.0001119368 0.00013337802 3.247828e-05 0.00015630557 6.6050934e-06 5.7695455e-05 0.14554268 4.671826e-07 3.410866e-05 6.278666e-05 3.8462647e-05 9.027226e-07 0.00016963817 2.392911e-08 2.6971029e-05 0.003324076 6.438373e-06 4.456083e-06 6.915497e-05 0.021434093 7.023991e-05 0.02338444 1.9694928e-08 7.786019e-08 1.2797958e-07 4.217358e-06 7.3979494e-09 0.00081029587 2.05335e-08 0.079261675 3.8617845e-06 1.3670958e-08 8.7157173e-07 4.9687924e-06 0.0053524175 2.2527931e-06 1.4507291e-06 3.1603e-08 6.3262144e-07 4.9282374e-09 4.775723e-07 1.1473115e-06 1.30637745e-05 2.978232e-07 3.985503e-06 0.0795548 3.387482e-06 0.0017309125 4.5675193e-08 3.6595588e-07 4.2258037e-08 0.0021577815 0.0047597825 1.1842545e-07 8.4914255e-08 0.030547854 7.751136e-09 7.903655e-08 7.166353e-05 6.734554e-07
0.5042246 0.037946027 0.046722297 0.080750205 0.023727138 0.0089399 0.009477801 0.0096367225 0.22142978 0.0024759395 0.015638022 0.57983106 0.0031560597 0.00069504493 0.024457647 0.0009977171 0.19523188 1.7770266e-19 0.8720703 0.0006402804 0.0002819555 0.0010059095 0.021605441 0.003479868 9.586961e-05 3.8987208e-05 0.002859903 0.08774325 0.0031904678 0.24530232 0.02252521 0.0010075154 0.0023044809 3.394006e-05 0.00029757552 0.30367878 0.20852306 0.00018725482 0.00012461518 2.506584e-05 9.373832e-05 0.00019189424 0.00013038566 2.453809e-05 0.0002053088 1.1532243e-06 0.00018869052 0.078597225 3.1208478e-07 0.00015007239 6.208098e-05 2.2657863e-05 9.703659e-07 0.00011571881 2.4652046e-08 0.000116594274 0.00082781556 4.398099e-06 1.3294712e-06 6.635585e-05 0.081511036 2.2338476e-05 0.12306839 9.146633e-09 3.2660026e-08 1.4154745e-07 3.0975065e-05 4.937382e-09 0.00020087515 1.92627e-09 0.021952482 1.9670875e-05 8.622559e-09 9.441483e-08 4.1442636e-06 0.0014212308 2.5704333e-06 1.0532169e-06 4.408925e-08 4.5432324e-07 1.4360849e-09 7.810834e-07 7.53202e-07 5.468519e-06 2.6172876e-07 9.441885e-07 0.13327318 6.7882706e-06 0.00049875956 6.18865e-09 1.9456188e-07 4.685483e-09 0.00051430316 0.012572401 6.2574365e-08 5.2827136e-08 0.010418126 1.0783324e-09 1.640615e-08 2.1880584e-05 1.718862e-07
0.62082046 0.11181084 0.061422873 0.09301983 0.05411707 0.012210065 0.011062421 0.013064754 0.2663731 0.0026700357 0.031529415 0.6198698 0.003208314 0.00043108859 0.016381271 0.0005424441 0.19791998 0.8720703 3.1111843e-20 0.00051109423 0.00042483787 0.0003376286 0.052930173 0.002361488 7.493626e-05 2.0471998e-05 0.001814601 0.26053423 0.0020332155 0.22690195 0.04834507 0.00035143556 0.0010852629 1.8125307e-05 0.00015277289 0.4309557 0.26610133 9.00914e-05 6.238545e-05 0.0001268381 2.2027289e-05 9.451065e-05 2.9450115e-05 6.5653585e-06 3.5272093e-05 2.4301642e-07 1.604085e-05 0.09907204 7.204326e-08 1.5762744e-05 7.279981e-06 5.216082e-06 1.5127587e-07 2.6583113e-05 4.100853e-09 1.0235087e-05 0.0003435432 3.7324773e-07 1.768111e-06 8.174462e-06 0.17670177 1.791765e-06 0.24518175 2.394928e-09 5.469762e-09 1.21872725e-08 4.6969035e-06 1.3172876e-09 3.4014036e-05 1.3847653e-08 0.021083659 4.4363085e-07 1.3889309e-09 1.9280831e-08 1.2188639e-07 0.0012359266 7.786019e-08 5.5127593e-08 6.893099e-08 2.4384088e-08 5.7259647e-10 3.143605e-08 4.655048e-08 1.8523815e-06 1.5027645e-08 1.0561241e-07 0.20113154 2.2288063e-07 0.0002302147 2.0198345e-09 2.1003006e-08 1.1082969e-09 0.00026596236 0.012874444 6.916472e-09 5.073342e-09 0.011600439 2.3557115e-10 3.984034e-09 3.2469143e-05 2.9586236e-08
0.00014476058 0.0033246863 0.018573757 0.0075082476 0.009421859 0.03703504 0.049958993 0.004309959 0.0009063704 0.25986183 0.06765205 0.0007177879 0.4031529 0.038485587 0.00761045 0.015461384 0.00037455797 0.0006402804 0.00051109423 2.8074843e-20 0.17435005 0.0024441748 0.00026672613 0.002648527 0.055834446 0.005222626 0.0024820662 0.0008511128 0.0012281947 0.0015478637 0.00045306789 0.0020563896 0.00205903 0.012571994 0.0032687779 0.00025534382 0.00018174906 0.024733081 0.022968506 0.039594695 0.0018087422 0.032689314 0.015563928 0.00056548027 0.014032329 0.0010631912 0.0052174684 0.00047659033 0.00057215116 0.0022469356 0.005859822 0.0027589165 0.0012900082 0.00040797796 0.00021768452 0.0010319302 0.005004973 0.0017073071 4.9732987e-09 0.005107878 0.00069259905 0.00023397924 0.0016117631 0.00039232406 0.0006032862 0.00040177294 0.0022301325 0.00018619758 0.0012887706 1.0069422e-07 0.020628132 0.00011387719 0.00022773081 4.920447e-05 0.0002659697 3.8346705e-08 0.00018301215 0.00042300622 0.13348375 0.0002478472 0.00018745886 4.7026966e-05 0.00037426362 0.00019125007 0.00013046862 0.0005857819 0.0011308035 0.00018336716 0.015858319 1.5495267e-05 0.00010672611 0.00020594514 0.018246599 0.000447681 7.714853e-05 0.000101798876 0.044910118 3.46411e-05 5.2497453e-05 1.8996325e-08 0.00017378145
0.0015468543 0.0018656757 0.024955563 0.014485886 0.0058710766 0.079424836 0.20201191 0.015161813 0.0018670845 0.19790553 0.016552916 0.00056838634 0.17948022 0.24007939 0.034508757 0.14639354 0.00018177523 0.0002819555 0.00042483787 0.17435005 3.5543328e-19 0.012809915 0.00027317405 0.00788582 0.4647919 0.081075445 0.0069198874 0.00198017 0.0019257294 0.0013052176 0.00029774185 0.0073001855 0.005256158 0.12612271 0.050357405 0.00045856787 0.00019389423 0.24185503 0.23464248 0.00038683697 0.026581017 0.2852026 0.15504844 0.008902861 0.08764403 0.008177641 0.1414599 0.00041876262 0.002783071 0.084268734 0.01828351 0.0063166237 0.0029796741 0.0029931553 0.0006505519 0.022190684 0.0077917622 0.0014019248 4.3223685e-07 0.015338077 0.001758224 0.0012029825 0.0041801427 0.0007336106 0.0003995893 0.0008687503 0.019029083 0.00024482518 0.001932495 3.544119e-05 0.001473492 0.0026094795 0.00049139804 0.00053580914 0.0037818053 4.906237e-08 0.003595176 0.0009002265 0.0039773285 0.00013801985 0.00022376548 0.0012637603 0.001496801 0.00070675253 0.0002072204 0.00018493843 0.0015159601 0.0017333482 0.0021805656 0.00016450066 0.00078268215 0.00036262625 0.002249766 2.831894e-06 9.105345e-05 0.0003174216 0.005516215 0.000100333564 0.0003035975 2.1925409e-07 0.00027903388
0.91582924 0.0009186024 0.06410222 0.027391685 0.0019932345 0.06822701 0.3266213 0.10317407 0.005280339 0.01151124 0.0002978245 0.0016553415 0.003959569 0.20370433 0.24582328 0.3478547 0.00316054 0.0010059095 0.0003376286 0.0024441748 0.012809915 3.0874162e-15 1.6676027e-05 0.33763272 0.014240122 0.124669515 0.29539582 0.00017928933 0.19965078 0.007864552 2.0888001e-05 0.74482566 0.4444216 0.03593686 0.4329251 0.0022383295 0.0015867924 0.006294266 0.011755032 0.0002063261 0.18552731 0.0033120061 0.014323307 0.19041471 0.007818447 0.04384218 0.0014273853 0.0060852775 0.023009755 0.00068834925 0.003780206 0.010401096 0.010494187 0.12050192 0.0064861854 0.00050888245 0.28186572 0.0060686213 0.022418555 0.0027174808 0.0009989691 0.05322655 0.00012308727 0.0034960078 0.005083077 0.0031218408 0.00021978284 0.0032638174 0.083193295 0.0016693191 0.047320247 0.000107769985 0.0019395322 0.011116988 0.00056773465 0.10554157 0.000459792 0.0003591334 0.00015195597 0.00012877176 0.0023983696 4.475092e-05 0.00051768776 0.018189099 6.2388484e-05 0.0007127537 0.0040453193 4.870785e-05 0.10912196 0.0021887736 4.5381446e-05 0.0020192193 0.10588288 1.6603111e-07 0.00024484968 1.2506121e-05 0.05295355 0.00046687308 0.0018049143 0.029678807 0.00030294963
8.401106e-06 0.022380859 0.006853907 0.0065979133 0.01708013 0.0037659141 0.001773769 0.00048731294 0.008889571 0.0026710492 0.04331864 0.008937105 0.0030572575 9.082112e-05 0.00036425758 6.550108e-05 0.0039701755 0.021605441 0.052930173 0.00026672613 0.00027317405 1.6676027e-05 1.7312217e-24 7.642335e-05 2.8189754e-05 8.090028e-06 7.648999e-05 0.06283818 6.3828404e-05 0.040553376 0.2916089 3.036483e-05 5.1497675e-05 1.4899749e-05 1.0699695e-05 0.17302978 0.11209307 1.951802e-05 2.2721091e-05 0.00037424613 7.819439e-06 1.0565343e-05 1.5126001e-05 3.064111e-06 4.5849197e-06 4.1698104e-06 2.7902786e-07 0.15481302 9.0713684e-07 1.2556697e-07 5.542732e-07 6.4776295e-06 5.0408826e-06 4.1573803e-05 2.6169255e-07 1.2505608e-07 7.588526e-05 3.1023043e-07 1.9961569e-10 1.1338016e-07 0.56485015 1.3551142e-05 0.19165774 1.9661496e-07 4.9959855e-08 7.230505e-07 6.131586e-08 1.3492268e-08 3.5977722e-05 3.6400036e-11 0.0023844487 1.4367861e-09 1.6831939e-07 1.850823e-07 9.1400354e-10 2.0265875e-07 4.1677506e-10 1.9380666e-09 3.8415046e-06 2.683502e-09 4.164235e-08 1.0679014e-10 9.742963e-10 1.0477125e-05 7.494392e-10 2.3482892e-08 0.73119295 3.5469216e-09 1.8636589e-05 1.4919547e-06 8.443107e-11 2.2474595e-07 4.892267e-06 0.0055593844 2.2699085e-09 1.1372311e-09 6.974942e-05 2.0687787e-09 3.8708717e-07 9.2315794e-10 2.2998699e-09
0.94493663 0.0018506795 0.09024266 0.05603392 0.0038883036 0.14403485 0.30411428 0.12567496 0.011777167 0.013671872 0.0005662838 0.003897576 0.008102936 0.140241 0.3407155 0.22031215 0.010114109 0.003479868 0.002361488 0.002648527 0.00788582 0.33763272 7.642335e-05 3.2672619e-15 0.004928485 0.04537486 0.598195 0.0004331154 0.49688536 0.0243815 9.856546e-05 0.4533951 0.6210386 0.012502718 0.15030116 0.00636243 0.0064111236 0.0035621158 0.004728984 0.00021300436 0.080688484 0.0017974166 0.004058564 0.060959697 0.0027150572 0.015483893 0.0004776227 0.0153850885 0.0053990753 0.0002585588 0.0016749066 0.0028877072 0.0035873516 0.035638392 0.0009542079 0.00027386163 0.14676018 0.00093461527 0.00879019 0.0012926178 0.0031240238 0.014719303 0.00096546457 0.00044485825 0.00034798664 0.00078809966 0.00012133001 0.0003383927 0.027538888 0.00055922463 0.073548555 3.6346762e-05 0.00048286468 0.004161742 0.00018727069 0.08246313 0.00015358305 0.000112046066 0.0005946666 4.9538343e-05 0.00031797148 1.0935102e-05 0.00016341178 0.0072853295 2.8481898e-05 0.000322823 0.011777632 9.883533e-05 0.05322126 0.0011241989 2.3844268e-05 0.00060618104 0.055367544 1.580016e-05 0.00013229072 1.2762515e-05 0.080739416 0.0001502044 0.0007741356 0.020408584 0.00025689654
0.0037265043 0.0002805088 0.013381222 0.00428388 0.0011082251 0.03993639 0.18985409 0.009471783 0.00044305885 0.123215035 0.0040243464 0.00019323853 0.070683874 0.2818407 0.014319216 0.22428437 3.963294e-05 9.586961e-05 7.493626e-05 0.055834446 0.4647919 0.014240122 2.8189754e-05 0.004928485 2.3728476e-21 0.27376428 0.0041488 0.00050247443 0.00086830265 0.00027166435 2.6686721e-05 0.005832041 0.003844074 0.33709225 0.07207663 9.52481e-05 5.087505e-05 0.40069035 0.45473412 1.0151167e-05 0.05304182 0.31359294 0.37494248 0.018263478 0.24376376 0.018722393 0.20721418 0.0002613221 0.0077364515 0.07101618 0.07125123 0.020752706 0.008445296 0.0057682856 0.001604369 0.011318339 0.008613697 0.0065107737 1.3731377e-06 0.045394003 0.0005233482 0.0025640838 0.002009824 0.0014454558 0.00094529585 0.0013169288 0.009219963 0.0014133313 0.0024586779 0.00020917514 0.00039149393 0.003648655 0.0010886365 0.0016674598 0.011694591 3.6411066e-08 0.010974355 0.0022502735 0.00037395462 0.00046307882 0.0010007097 0.0031157315 0.0037863434 0.001238855 0.00036061465 0.00037139072 0.0002691203 0.0021890835 0.0019009132 0.00026851575 0.0027328285 0.0012781031 0.0020404714 2.2410835e-07 0.0003489595 0.00031283704 0.00079046213 0.0004854825 0.0007529633 8.201167e-08 0.00043650003
0.41856274 2.590874e-05 0.0039609666 0.0013392406 0.00011251775 0.007801309 0.10983194 0.063027784 0.0003928881 0.025649557 0.00028817318 0.00011157496 0.0072246264 0.4223251 0.03222309 0.5741023 4.1802123e-05 3.8987208e-05 2.0471998e-05 0.005222626 0.081075445 0.124669515 8.090028e-06 0.04537486 0.27376428 6.393755e-19 0.03990917 8.878826e-05 0.0073131174 0.002234502 1.8280118e-05 0.067734495 0.035653867 0.6609766 0.44300348 0.00055102055 0.00019637596 0.096095204 0.25573888 2.4235196e-05 0.4718282 0.04747514 0.4659375 0.26559177 0.22784227 0.41124704 0.056398112 0.0013474905 0.36428893 0.017595684 0.22270745 0.33694836 0.39882883 0.14020754 0.07152811 0.005285766 0.09607735 0.18526445 0.0046578064 0.09527968 0.00010456708 0.07753194 0.0007306888 0.035490025 0.0532366 0.031338096 0.00080961303 0.03347178 0.055349994 0.018214192 0.0016153909 0.002418559 0.02956671 0.041063946 0.014804186 5.992865e-05 0.010254203 0.0143497 1.6703247e-05 0.014408812 0.025265465 0.0028427271 0.008965147 0.037271176 0.006416213 0.012564928 0.00139915 0.00043411093 0.03226405 0.009445984 0.0016878515 0.021003451 0.026545899 1.3405624e-07 0.010024692 0.0012707706 0.0034201837 0.017145984 0.01802795 0.00017183549 0.006391481
0.95586437 0.001652481 0.07583139 0.050350994 0.0035813663 0.122988895 0.26463136 0.13034692 0.009586025 0.012772592 0.00059229054 0.0032229682 0.008350687 0.12213382 0.3121256 0.18685594 0.00922803 0.002859903 0.001814601 0.0024820662 0.0069198874 0.29539582 7.648999e-05 0.598195 0.0041488 0.03990917 1.4569519e-15 0.00044657 0.5547356 0.023453532 7.5125376e-05 0.4079097 0.64209616 0.011616465 0.13359842 0.0063581504 0.006257646 0.0028828532 0.004042047 0.00015801855 0.07046962 0.0014720173 0.0031603896 0.052936763 0.0023178896 0.013075704 0.00035845608 0.0150681315 0.0044045593 0.00016580352 0.0013100855 0.001971175 0.0026734103 0.030110704 0.00047650214 0.00019862315 0.16059794 0.00072195294 0.007336568 0.0011379995 0.002828507 0.012940177 0.0007863351 0.00020092748 0.00017895979 0.00048059953 7.678973e-05 0.00017046477 0.027401187 0.00043256106 0.08072719 3.067431e-05 0.00024763742 0.003163166 0.00011862366 0.113212734 8.7158674e-05 6.671601e-05 0.0011117543 4.663048e-05 0.00017072118 7.4442246e-06 8.805438e-05 0.006657784 2.1849723e-05 0.00029300872 0.011554916 7.218215e-05 0.053120866 0.0008584179 1.6947963e-05 0.00039624664 0.057248827 1.5442409e-05 0.00010081506 8.322281e-06 0.095207 9.944905e-05 0.0006459927 0.020554656 0.00016868828
0.0013886424 0.05397307 0.0151232835 0.016781885 0.03329191 0.0042780438 0.0033315155 0.0014143938 0.01910966 0.0045175347 0.05214506 0.034100126 0.0058296137 0.0003355743 0.0038892275 0.00047508802 0.010649655 0.08774325 0.26053423 0.0008511128 0.00198017 0.00017928933 0.06283818 0.0004331154 0.00050247443 8.878826e-05 0.00044657 3.085753e-17 0.001056358 0.041093044 0.1683105 0.00010466116 0.00039420437 0.00015893731 0.00014802496 0.18590648 0.14026137 0.00038984607 0.00047358577 0.00010274867 0.0001960743 0.00028676703 0.00037920492 2.4774736e-05 0.0002451967 1.3100755e-05 0.00014932573 0.084092796 1.3589502e-05 9.634787e-05 0.00024449968 0.00013063967 3.6496465e-05 4.264282e-05 2.5333302e-06 7.417582e-05 0.00023996118 3.019826e-05 2.4100706e-07 0.00014058777 0.6159865 1.8069026e-05 0.84878117 2.2498066e-06 6.3035554e-06 1.5449103e-06 1.5334997e-05 3.313146e-07 6.293174e-05 4.5505777e-09 0.006173801 5.948948e-06 1.6121396e-07 2.3756393e-06 6.4238616e-06 3.6674654e-05 4.3372233e-06 7.3026977e-06 8.305487e-06 9.948011e-06 6.828924e-08 1.53888e-06 4.016302e-06 7.1720583e-06 2.9372297e-06 2.2206e-05 0.6632223 3.1218617e-06 6.639877e-05 9.953002e-08 1.1596219e-06 1.0757794e-08 2.8309747e-05 0.0015643383 4.392685e-07 5.298205e-07 0.0019822859 4.0419343e-10 9.848343e-09 7.9939423e-07 2.4061092e-07
0.9812437 0.0021549475 0.09019222 0.07314461 0.004278752 0.09402997 0.22886686 0.10241113 0.016460998 0.0085978815 0.0009536521 0.00547927 0.00529256 0.061031915 0.29578364 0.11225785 0.017975733 0.0031904678 0.0020332155 0.0012281947 0.0019257294 0.19965078 6.3828404e-05 0.49688536 0.00086830265 0.0073131174 0.5547356 0.001056358 2.739966e-16 0.033510175 0.00012457845 0.2838469 0.5526253 0.0018240474 0.07708862 0.0067175822 0.0065440806 0.0010222757 0.0012085087 7.143379e-05 0.03134005 0.0005999476 0.0012551382 0.02464705 0.0011646837 0.0024887172 0.00018601991 0.02026177 0.0007750583 0.00014175747 0.0008441605 0.00095994456 0.0007221058 0.020480555 0.000112471396 0.000105902545 0.1513941 0.00065196987 0.0036824236 0.0007660611 0.0032621354 0.0084398985 0.0014413462 6.0862112e-05 0.00015450933 0.00021243494 4.787151e-05 5.2555966e-05 0.019782837 0.0001923914 0.13551371 3.9574814e-05 0.0001368566 0.0016264411 9.2641116e-05 0.2014805 6.194703e-05 6.5562526e-05 0.00016617171 4.7946167e-05 5.6410725e-05 1.2836084e-05 5.810944e-05 0.0045249253 2.4473004e-05 0.00022352405 0.015827851 4.3445198e-05 0.0475259 0.00042757374 1.0490943e-05 0.00011405859 0.050072 2.4804535e-06 8.3056504e-05 5.564211e-06 0.15873995 4.556054e-05 0.00023238944 0.017906465 0.000111449786
0.96564215 0.13183422 0.2994928 0.40535742 0.10165595 0.1788997 0.15945609 0.020689864 0.44669658 0.016798018 0.03821981 0.4138694 0.008907833 0.02095648 0.2222786 0.037361905 0.5101005 0.24530232 0.22690195 0.0015478637 0.0013052176 0.007864552 0.040553376 0.0243815 0.00027166435 0.002234502 0.023453532 0.041093044 0.033510175 9.465299e-20 0.020731242 0.0076705418 0.01454326 0.00057241856 0.0044243904 0.092507936 0.13034791 0.00026345256 0.0003319334 0.00014469295 0.0044874386 0.00023274965 0.00028280137 0.0012524013 0.0002320537 0.00015505638 3.868709e-05 0.076049216 6.583083e-06 4.6768724e-05 3.1230007e-05 3.9216466e-05 6.516361e-06 0.0008448152 2.6375105e-07 6.43721e-05 0.002679167 3.0356737e-06 9.135831e-05 2.9762956e-05 0.024620192 0.00021878509 0.08765677 4.4400647e-08 2.4794423e-07 1.7335546e-07 6.9411167e-06 1.631079e-09 0.00055999827 1.2368385e-08 0.12876122 2.9642952e-06 3.5418448e-09 1.710343e-05 5.408116e-07 0.14676502 3.3713115e-07 6.428701e-07 2.3373558e-07 1.7323498e-07 6.429371e-10 1.8731453e-07 2.1075128e-07 6.0015696e-05 2.5486878e-07 3.9400604e-07 0.094936475 7.7189e-07 0.0016507743 1.314816e-08 4.5638092e-08 3.335615e-10 0.0017730537 0.056702703 4.3013493e-08 6.3541705e-08 0.067252845 9.1367885e-11 4.2576214e-09 0.0015257234 4.767839e-08
7.897714e-07 0.065448284 0.008167655 0.00897279 0.032245327 0.0019573614 0.00099725 8.170632e-05 0.010581871 0.002738469 0.048261076 0.012842328 0.0032267265 0.00015687065 0.00027267303 0.00020349844 0.005158038 0.02252521 0.04834507 0.00045306789 0.00029774185 2.0888001e-05 0.2916089 9.856546e-05 2.6686721e-05 1.8280118e-05 7.5125376e-05 0.1683105 0.00012457845 0.020731242 1.5995302e-25 2.133623e-05 5.171102e-05 2.8056722e-05 3.7221263e-05 0.08952325 0.058383048 1.6601038e-05 2.022674e-05 2.3942752e-05 4.285155e-05 1.2246536e-05 8.38461e-06 7.4008317e-06 3.2109801e-06 4.6890086e-06 4.43936e-07 0.07546836 3.376007e-06 2.1393093e-07 1.6770771e-06 2.8038198e-06 1.8582292e-06 1.3464743e-05 3.6407783e-07 5.240604e-08 2.5729825e-05 5.780081e-07 4.8452797e-11 2.1162012e-07 0.5297007 6.8346644e-06 0.53508484 1.4745069e-06 7.351997e-08 6.7564297e-06 1.3920798e-08 1.673373e-07 8.20112e-06 1.3533924e-11 0.00078927196 7.9486073e-10 8.1686284e-07 6.9916706e-07 1.9903297e-09 1.16553345e-08 9.83955e-10 9.033762e-09 5.5323335e-07 3.2772473e-08 2.8258228e-07 6.7011105e-11 2.5454132e-09 1.788368e-06 7.4209425e-09 4.6503885e-08 0.6678647 1.2760238e-09 2.496002e-07 1.1599327e-06 9.986721e-11 6.451394e-07 6.989667e-08 0.010592231 3.953009e-08 3.8296837e-09 1.4810595e-05 6.825899e-09 8.3434195e-08 6.1402693e-12 1.3685227e-08
