4.225567e-32 0.007085089 0.012752771 0.0075878142 0.00058134546 0.010389819 0.012084852 0.015320038 0.0012399418 1.2053658e-05 0.00089775224 0.006159396 0.0052488726 1.9121331e-05 0.349026 0.011635596 1.1901431e-05 0.0023881865 0.00023239387 0.0030343889 6.4192445e-06 2.7322615e-06 0.02663973 0.46560004 0.503314 0.16686743 3.3958833e-07 6.626934e-05 0.80265707 5.504131e-07 2.4959687e-07 0.85535705 7.79963e-09 2.9490517e-08 0.62590754 0.08374538 7.956564e-08 0.7528974 9.986979e-09 1.114672e-08 0.25708157 0.36126807 0.008871096 0.9493286 0.0044052564 0.31119266 0.0071700625 4.278337e-06 0.8515599 0.059404474 0.9780952 0.08813535 0.97099525 0.00020426587 5.6842416e-11 0.5267618 0.9855138 0.00029535496 9.81774e-06 1.4863374e-05 0.8919479 0.34283963 2.1132837e-12 0.98956317 7.234892e-07 0.007718897 3.7580254e-09 0.9312175 0.58329415 0.004844341 0.4892866 0.67610365 0.00279327 0.008941414 0.97600573 0.0006650372 0.8472543 0.9399079 0.98136383 0.40959615 2.2992277e-05 4.3198445e-10 0.9880096 7.362001e-12 2.4661783e-06 0.0005573505 0.72514546 0.01928421 0.2144815 6.332535e-05 1.1312749e-06 0.07016116 0.23312907 0.946135 0.97493845 0.0004981316 2.3402643e-05 2.4189382e-09 1.1423288e-13 1.4880746e-09 0.9623652
0.007085089 1.7670704e-18 0.42444244 0.36063218 0.39483997 0.52705944 0.46179312 0.29578713 0.26749668 0.1903441 0.06642501 0.082137555 0.171883 0.04503506 0.3322252 0.15741976 0.18751556 0.018563762 0.17628078 0.01696499 0.12889864 0.13787284 0.114496775 0.25692227 0.2291972 0.100840725 0.040793385 0.1641743 0.20243038 0.06200114 0.029493213 0.30057123 0.004742617 0.012206583 0.11116715 0.041621163 0.022762254 0.07458615 0.003338509 0.010113203 0.031360313 0.045729037 0.014773327 0.16469397 0.005895143 0.0077405735 0.007092495 0.0029346368 0.042887162 0.0023199948 0.11075047 0.0021628155 0.09173466 0.0045772376 0.0014057517 0.013999102 0.14532468 0.0033636042 0.0024676644 0.00473241 0.0050446633 0.0014491184 0.0003060811 0.07316884 0.0028363082 0.0017167579 0.00029596596 0.005372359 0.011178819 0.001617641 0.0115743 0.0014011669 0.0009213973 0.00030687143 0.0074986625 0.0006866583 0.0014208134 0.19132414 0.08383469 0.0012387569 0.00022132987 0.00035341422 0.039911404 9.006082e-05 0.0021499482 8.8121844e-05 0.00017691888 0.005396921 0.006540007 4.6947112e-05 0.00024461836 6.916301e-05 0.0072650593 0.0034424304 0.08308044 1.8005243e-05 6.1414057e-06 0.0015192352 0.00031378787 0.0012347767 0.0013822257
0.012752771 0.42444244 1.2647912e-19 0.56372374 0.36274493 0.247425 0.1570855 0.0996074 0.2656319 0.08413033 0.08021798 0.32129648 0.051044967 0.007734003 0.14898823 0.044547297 0.02846279 0.05732117 0.03369499 0.05780013 0.018791562 0.019305289 0.03148017 0.4221742 0.2394619 0.04646431 0.01717413 0.018501956 0.14399163 0.0076534143 0.0038930753 0.26543266 0.0030790449 0.005415678 0.06986398 0.014246445 0.0058347117 0.040438134 0.0036106706 0.0024627424 0.12700622 0.13610263 0.0057174014 0.16234842 0.00065711746 0.0046691718 0.0027816808 0.00010395368 0.16071674 0.0011278547 0.06197776 0.0010197752 0.15359786 0.0013785653 0.0004984598 0.080690384 0.10697648 0.008338218 0.00092587416 0.0016018013 0.0031017072 0.00049139734 0.00021040837 0.045548677 0.00070135493 0.00096303417 5.8706956e-07 0.0035270478 0.0617663 0.0009786285 0.004140872 0.00046585457 0.0005482237 0.00020235144 0.0050348104 0.00032578807 0.000490082 0.11532649 0.15963887 0.001382612 9.754282e-05 0.0006273286 0.14033306 4.6480654e-06 0.0032993879 6.6300185e-05 3.7902435e-05 0.011210089 0.003402552 6.1936776e-06 0.0012783079 1.8720508e-05 0.010697089 0.0013852867 0.051097877 4.470905e-06 1.373993e-06 0.0005461882 7.6426484e-05 0.0003009133 0.00062785763
0.0075878142 0.36063218 0.56372374 2.73058e-20 0.476866 0.14914908 0.10104793 0.064437 0.22636247 0.094402514 0.044998128 0.45085979 0.036026668 0.004025408 0.102460064 0.03048812 0.015991371 0.08716367 0.020061841 0.084247015 0.01265992 0.012082155 0.019316278 0.48346427 0.2394801 0.02179282 0.015313179 0.009026586 0.07968347 0.0029057423 0.0018547405 0.23403282 0.0049517276 0.0042449464 0.029580457 0.0051713213 0.0036245584 0.018656606 0.007597223 0.001329853 0.17466341 0.1510622 0.002034002 0.08635659 0.00037627597 0.0017429491 0.0007438058 2.5579677e-05 0.19148415 0.00035979025 0.026178708 0.00032692566 0.10058281 0.00057909894 0.00022010607 0.11453161 0.04594793 0.010367441 0.0005952927 0.0008812521 0.0015287965 0.000121893434 9.9300254e-05 0.017809518 0.000351047 0.00037068888 2.5013756e-07 0.0013511514 0.06554237 0.00035018 0.0009399062 0.00014508732 0.00020219441 7.145157e-05 0.0017488458 0.00017380483 0.000110302215 0.055851474 0.11117197 0.00032736396 3.8501992e-05 0.0006394533 0.10757715 1.2471611e-06 0.004149241 2.2929387e-05 9.941022e-06 0.010702211 0.002342903 3.7074897e-06 0.0014708708 2.8285444e-06 0.011733757 0.00038844213 0.02523286 8.199989e-07 4.1212283e-07 0.00039244827 1.0731681e-05 0.00027778622 0.00020559016
0.00058134546 0.39483997 0.36274493 0.476866 1.6323513e-21 0.11760028 0.07736532 0.051823262 0.073393874 0.30284536 0.0032551587 0.33787185 0.02504028 0.0003299004 0.06946445 0.022270147 0.012161216 0.09043929 0.012950164 0.09454291 0.009021492 0.0071141557 0.01262958 0.32811815 0.11697472 0.008623408 0.02509364 0.004973268 0.03829901 0.0021287003 0.001087937 0.16206273 0.036261406 0.015431134 0.011020091 0.0029036275 0.0052468125 0.006640634 0.029154293 0.0015738795 0.13590372 0.09177397 0.0011498914 0.037014566 1.5967438e-05 0.00044808205 0.0003776001 3.978785e-06 0.09912757 0.00021251658 0.009970608 0.00017895708 0.033444874 0.0003823628 0.00021256402 0.053617887 0.02722953 0.012195232 0.00028564822 0.00030343194 0.00037440215 3.774984e-05 0.0001661031 0.0062126797 0.00013205652 0.00021138607 9.32437e-08 0.00043688074 0.03141003 0.00024975894 5.6812405e-05 4.1066654e-05 0.00013212745 4.882109e-05 0.00063889584 0.00010299 2.8214847e-05 0.02588421 0.03198855 4.7768467e-06 2.9468405e-05 0.0013614012 0.048027217 2.0836917e-06 0.0036425134 1.9883e-05 2.1703902e-06 0.0064169522 0.00041391587 2.9357734e-06 0.0008657469 9.4357097e-07 0.007614541 0.000118169075 0.008133893 5.722638e-07 6.7783276e-08 0.0001493159 2.0343683e-05 0.000109690016 6.606161e-05
0.010389819 0.52705944 0.247425 0.14914908 0.11760028 2.3581952e-19 0.5085024 0.31192574 0.2064409 0.041082542 0.047927555 0.041469455 0.20330103 0.03294805 0.2986 0.18159918 0.11496277 0.0061711934 0.14453062 0.0057667843 0.09208171 0.07563106 0.14675602 0.16082256 0.28375688 0.22493911 0.0137349935 0.10504335 0.30212715 0.040147338 0.025598526 0.2855388 0.0014627073 0.004793632 0.22392438 0.0748679 0.014112445 0.18193339 0.0008718877 0.007212786 0.026562639 0.051454406 0.020648293 0.2664784 0.0070574 0.025572084 0.0087079005 0.00081223086 0.031496845 0.00487804 0.18432337 0.0052699083 0.17125535 0.003535531 0.0012539263 0.011530154 0.19052215 0.0024127169 0.0023818486 0.0045478456 0.015442374 0.0047290223 0.00011462092 0.13763386 0.0019428191 0.0022754825 4.4036493e-05 0.014960718 0.009192448 0.0016018768 0.009470012 0.0023624352 0.0009991524 0.0004022654 0.015085363 0.0009934361 0.0023892084 0.220335 0.12518142 0.0009125832 0.000325643 0.00017897089 0.042275764 0.00011904627 0.001456929 0.000121902725 0.0003297538 0.003891288 0.004941955 3.192612e-05 0.00027970018 9.51857e-05 0.0022706008 0.0041384995 0.09214173 1.8324276e-05 1.2601522e-06 0.001289737 6.021871e-05 0.0010148325 0.0017244192
0.012084852 0.46179312 0.1570855 0.10104793 0.07736532 0.5085024 1.7096867e-19 0.41984636 0.17567295 0.033377793 0.06005021 0.02401733 0.25194547 0.04961326 0.34411383 0.24179925 0.15462126 0.0026531157 0.20308797 0.002551637 0.1212729 0.09409581 0.19015346 0.13386133 0.23772795 0.24416001 0.013074252 0.16331786 0.30349576 0.071555145 0.047153454 0.282721 0.0009533474 0.0039010511 0.2702328 0.1004715 0.01715362 0.22052503 0.0005363526 0.009144585 0.015591389 0.03707709 0.023855997 0.2436055 0.008585362 0.03165115 0.0092443125 0.0016485271 0.022409981 0.0056797396 0.20335849 0.0063825916 0.12432827 0.0034188593 0.0013148831 0.005413708 0.18199985 0.0017475595 0.0023103254 0.0058471947 0.014480886 0.005873112 8.9416826e-05 0.130197 0.0025671397 0.0019562584 0.00019402483 0.013850793 0.004567967 0.0015863877 0.00818243 0.002327826 0.001095572 0.00040328252 0.016886044 0.0008688398 0.002301743 0.19225869 0.090125434 0.0008065778 0.00032885058 0.00016938825 0.026774546 0.00056160375 0.00051831343 0.00013599583 0.0005632252 0.0019434242 0.0063724006 3.7233796e-05 0.00010120655 9.38011e-05 0.0015347844 0.004809737 0.05612959 2.6601192e-05 2.66274e-06 0.0011874301 0.000104634004 0.0010368533 0.0024633072
0.015320038 0.29578713 0.0996074 0.064437 0.051823262 0.31192574 0.41984636 2.1214317e-21 0.15421689 0.021635003 0.087906785 0.011088525 0.49267676 0.0786422 0.44987667 0.45472923 0.22751486 0.0008959241 0.30031276 0.000749355 0.16735741 0.11695475 0.24525012 0.08807888 0.18328784 0.2658754 0.012973855 0.20743096 0.28950965 0.13020554 0.08561715 0.28626984 0.00048594206 0.003401185 0.2793161 0.11884708 0.022096395 0.22765744 0.00041948026 0.012220567 0.008136275 0.022303987 0.033523012 0.17296495 0.011737193 0.035692602 0.014658171 0.0038226529 0.013888477 0.0062092235 0.22132787 0.0073497025 0.08196537 0.0045927386 0.0009786322 0.0030524696 0.16476932 0.0011136942 0.0043388437 0.010471992 0.020615246 0.0073052337 2.8677894e-05 0.121883385 0.006166555 0.002654029 0.0006782276 0.021475645 0.0031872399 0.0023865337 0.005586418 0.0028273067 0.001483907 0.00054228096 0.021346025 0.0011990144 0.004291641 0.18590657 0.041922394 0.00047277482 0.0004687958 0.00014995736 0.013064306 0.000768128 0.0003736454 0.00012379656 0.0009197516 0.0007769042 0.0064260256 1.009679e-05 2.693502e-05 4.9679424e-05 0.0005398911 0.0042663733 0.02157869 7.0746432e-06 2.1720394e-05 0.0013445527 8.8902314e-05 0.001081714 0.0027370304
0.0012399418 0.26749668 0.2656319 0.22636247 0.073393874 0.2064409 0.17567295 0.15421689 1.5350695e-26 0.003043035 0.0033048894 0.11473582 0.16886693 1.0434696e-05 0.5389441 0.13096224 0.017660704 0.012881102 0.031686295 0.011963747 0.01895185 0.005775709 0.06928457 0.44377843 0.42757645 0.1577347 0.00018995366 0.020997476 0.3827355 0.0009494391 0.0009006529 0.39980787 2.0660602e-05 3.26812e-05 0.15641737 0.042980947 0.00011429313 0.12212441 2.5614587e-05 4.2973254e-05 0.11915441 0.15968503 0.013327522 0.18952243 6.154091e-05 0.02424922 0.0082769245 8.571024e-09 0.13671128 0.0077213747 0.11112589 0.006827951 0.22313862 0.0032383795 9.82847e-07 0.071643196 0.1511457 0.009337796 0.0015819791 0.0006552895 0.016199753 0.004636104 1.6232898e-08 0.06975934 0.00025447618 0.005693854 2.1287447e-09 0.012711403 0.06912306 0.0036024756 0.00044244048 0.0069728475 0.0022652627 0.0026052583 0.011891533 0.0014261436 0.0064693973 0.09411347 0.1926947 0.00030513998 0.00048599186 4.3866885e-06 0.1788127 2.1037634e-09 0.003230614 0.00040994986 0.0037706723 0.009563165 0.00024755357 1.472977e-05 0.0004438408 0.00017262406 0.00717379 0.0037631209 0.04568656 2.4368457e-05 4.5908717e-09 2.1705173e-05 2.0835693e-09 1.5274934e-05 0.0021201104
1.2053658e-05 0.1903441 0.08413033 0.094402514 0.30284536 0.041082542 0.033377793 0.021635003 0.003043035 4.1302207e-23 3.1581236e-05 0.10094803 0.009929283 1.7855808e-05 0.032473285 0.01057956 0.007825281 0.034752347 0.007110469 0.031618245 0.004201315 0.0076442887 0.0044287615 0.1012436 0.027942313 0.0029141428 0.12408323 0.0063623446 0.00942882 0.00434697 0.0018650638 0.050328944 0.16019416 0.09200297 0.0038647803 0.0013598979 0.0268301 0.0031709818 0.021786243 0.009692498 0.021974249 0.01826739 0.0004579862 0.0075626737 1.8246823e-06 0.0003416863 0.00014966319 4.063523e-07 0.015958656 0.00018188362 0.00392476 0.00015654127 0.0102556795 0.00026894375 0.0009397387 0.0070147538 0.006710526 0.002571593 0.00042550542 0.00047061197 0.00029116633 4.589117e-05 0.0039196857 0.0025589294 0.00043420037 9.588881e-05 4.437863e-08 0.00030780464 0.005525453 8.812831e-05 9.876588e-07 4.1263174e-05 4.04023e-05 3.1435888e-05 0.00035642477 2.1727106e-05 4.5585315e-05 0.0056268214 0.003982813 1.5634656e-08 6.476258e-06 0.0009826414 0.008652793 1.4433234e-05 0.0006063684 4.152635e-06 1.7457212e-06 0.001703623 2.7882621e-05 1.0275552e-06 0.00022541192 1.2213434e-07 0.0023409042 4.5151955e-05 0.004346023 1.2650499e-07 1.3287956e-08 3.1764885e-05 0.00046465214 2.3158622e-05 3.3513596e-05
0.00089775224 0.06642501 0.08021798 0.044998128 0.0032551587 0.047927555 0.06005021 0.087906785 0.0033048894 3.1581236e-05 6.215641e-29 0.011448869 0.0661066 2.3790322e-07 0.5321992 0.071277894 0.0020467236 0.0007797642 0.005638518 0.0010342372 0.0025734797 0.0001342047 0.039466657 0.2577333 0.2956115 0.13597399 1.0642375e-06 0.0068461923 0.4060448 6.220241e-05 3.4626108e-05 0.3034096 3.8432395e-07 1.2949656e-07 0.24233124 0.025319919 4.1423473e-06 0.18483093 1.7324696e-06 2.7358176e-06 0.07072147 0.10829822 0.0046092696 0.16330399 1.6348955e-06 0.03377534 0.0036761884 1.3560992e-09 0.09770762 0.008629541 0.100254886 0.008591833 0.1689217 0.0010126308 1.626863e-07 0.04617683 0.11825575 0.0005850106 0.000492385 0.0001380679 0.029781621 0.012984352 2.5988753e-10 0.06034954 4.2440213e-05 0.0029975777 1.7643731e-10 0.022240346 0.034531794 0.0012806482 3.343819e-05 0.026221452 0.0006228935 0.0012178821 0.011702288 0.00026941043 0.024576956 0.03594665 0.08339883 3.579348e-06 4.630247e-05 2.9124448e-07 0.065364726 6.362231e-09 0.00031117376 9.006803e-05 0.011121096 0.0041866815 0.00010679525 2.7579827e-06 0.0003269057 0.00081229984 0.0029862842 0.0040666326 0.007828125 2.0961297e-05 1.3995921e-09 7.9291317e-07 1.3204189e-10 7.1581076e-07 0.0017436874
0.006159396 0.082137555 0.32129648 0.45085979 0.33787185 0.041469455 0.02401733 0.011088525 0.11473582 0.10094803 0.011448869 1.2200588e-21 0.0045095626 0.00016991989 0.014098602 0.0033880735 0.0030666485 0.5237231 0.0033939853 0.53732365 0.00414358 0.0032250006 0.003664125 0.53410274 0.12901768 0.0024150892 0.0120716635 0.0043404847 0.007584316 0.00094014424 0.0005182917 0.09859242 0.01403302 0.00449523 0.001399208 0.0007991058 0.0007217692 0.0008541095 0.04127816 0.00029715325 0.48351616 0.32674497 0.0007645801 0.017349342 8.537593e-05 6.4207845e-05 0.0002796071 3.705844e-07 0.45490754 1.2994131e-05 0.0018223972 8.952207e-06 0.069404416 0.00027853774 4.3197848e-05 0.4713647 0.006652909 0.05438671 0.00033966597 0.00039740792 7.220776e-05 1.2220046e-06 4.2200558e-05 0.0018457775 0.00022569756 2.4294897e-05 1.4242876e-08 5.7708334e-05 0.4228073 1.8864654e-05 0.000113429545 1.481525e-06 1.0417853e-05 2.502897e-06 8.074401e-05 1.1636627e-05 9.350064e-07 0.004188361 0.09473664 4.2490145e-05 6.2169293e-06 0.0049608243 0.29736346 3.1176114e-07 0.020413885 7.1848973e-07 8.73591e-08 0.03270859 0.0001606468 2.6101907e-07 0.007655798 3.7042344e-08 0.0347877 5.5783808e-06 0.0036883953 4.6855213e-08 5.3626916e-08 0.00014362583 1.8346316e-06 0.00010150619 8.405266e-06
0.0052488726 0.171883 0.051044967 0.036026668 0.02504028 0.20330103 0.25194547 0.49267676 0.16886693 0.009929283 0.0661066 0.0045095626 1.1251715e-22 0.06698011 0.22905985 0.49545863 0.12808488 0.00042806927 0.23364413 0.00035326966 0.15219377 0.05514589 0.23446827 0.04189211 0.12108221 0.27885112 0.0070194784 0.16951238 0.21710315 0.067726195 0.06644784 0.120320916 0.00016502911 0.0015358094 0.25785056 0.15605955 0.012010653 0.21543849 0.00012930992 0.008164494 0.0050347955 0.012627508 0.048401892 0.13083875 0.02647149 0.09258359 0.02542611 0.007218594 0.0061759213 0.013451312 0.12105817 0.0146833835 0.043412 0.009386352 0.00030824266 0.0022451514 0.082288705 0.00046193137 0.00946859 0.015680883 0.038120903 0.013024379 6.7618444e-06 0.09542546 0.011153475 0.004888933 0.001648611 0.025626924 0.0018746592 0.0043183356 0.0059957183 0.0044892514 0.00272611 0.0012104512 0.025940957 0.0022520444 0.0055127367 0.10636009 0.019377742 0.00011746918 0.0008580852 9.319539e-05 0.0051740026 9.512391e-05 0.00010173656 0.0003071774 0.0019462258 0.0002458284 0.011841992 1.2363816e-05 8.1240005e-06 0.00016737347 6.990698e-05 0.0057893028 0.010906115 1.4495835e-05 4.5724162e-05 0.0012867872 1.888766e-05 0.0010715422 0.0034947458
1.9121331e-05 0.04503506 0.007734003 0.004025408 0.0003299004 0.03294805 0.04961326 0.0786422 1.0434696e-05 1.7855808e-05 2.3790322e-07 0.00016991989 0.06698011 1.8260525e-32 0.107550986 0.11408305 0.005126427 6.0167936e-06 0.029400904 8.25188e-06 0.0070983856 0.0005539535 0.0906914 0.025546841 0.049614113 0.124487296 7.7544337e-07 0.023742415 0.10336565 0.000116106276 6.36837e-05 0.056169394 4.306907e-08 5.7446215e-08 0.11587163 0.07166034 6.8214654e-06 0.10845036 2.7425758e-08 3.2732432e-06 0.003371752 0.002999097 0.019665193 0.03656043 1.5643687e-05 0.045723293 0.018393792 1.7704959e-09 0.0027607316 0.033176742 0.051793005 0.03427351 0.012950319 0.0066865925 2.9568241e-08 0.00073359656 0.042304125 2.2641243e-06 0.001921578 0.0010382984 0.05623082 0.03224561 1.2330754e-10 0.027404943 0.00030378083 0.016315507 1.0074022e-09 0.04684676 0.00015823872 0.01001805 4.4862936e-06 0.044255495 0.0050660106 0.011536313 0.028717548 0.0021557142 0.048810944 0.022088787 0.0023458162 1.01603476e-07 0.00040033043 1.1064276e-09 0.0008493808 1.2493906e-08 1.7605166e-07 0.0011663749 0.028955268 6.8722824e-05 1.8248416e-05 4.157194e-05 1.5491129e-07 0.0042800372 6.546293e-05 0.006786103 0.00023485447 0.00022989043 2.51406e-09 2.4968986e-06 4.6289042e-11 2.128959e-06 0.0040477235
0.349026 0.3322252 0.14898823 0.102460064 0.06946445 0.2986 0.34411383 0.44987667 0.5389441 0.032473285 0.5321992 0.014098602 0.22905985 0.107550986 7.949719e-20 0.26090166 0.12037911 0.000992372 0.18449067 0.0009921378 0.07813851 0.07631937 0.2160345 0.23968089 0.4664905 0.38956398 0.01180828 0.122041665 0.7675009 0.07570707 0.04007154 0.5995019 0.0004563301 0.0043084775 0.55714846 0.096883155 0.012662086 0.4583433 0.00021012103 0.004752011 0.03265705 0.06422791 0.025196508 0.5246381 0.02107294 0.020020843 0.011203452 0.0044363854 0.063494116 0.0030831273 0.54903907 0.003029261 0.4155797 0.003762179 8.014011e-05 0.02550834 0.49138066 0.001123523 0.003094954 0.007229551 0.044251066 0.001620815 7.5523294e-06 0.4556962 0.0034181897 0.0012593558 0.0005075598 0.041133426 0.018200258 0.0014679994 0.05034216 0.0020748598 0.0011227052 0.00011532452 0.030781683 0.0010669783 0.0035315095 0.43823087 0.37533215 0.010458428 0.00043560975 0.0007655535 0.14992267 3.2605724e-06 0.0007679881 0.00010145286 0.0006088941 0.001375076 0.014691044 2.4165183e-06 0.00014122717 1.9277e-05 0.0009320384 0.009401335 0.1282458 9.3335836e-07 9.514532e-05 0.0009893124 1.501393e-05 0.00088112056 0.006434838
0.011635596 0.15741976 0.044547297 0.03048812 0.022270147 0.18159918 0.24179925 0.45472923 0.13096224 0.01057956 0.071277894 0.0033880735 0.49545863 0.11408305 0.26090166 2.284653e-22 0.17092294 0.00019106884 0.30857775 0.00016927745 0.17574194 0.07655988 0.3316878 0.03188944 0.094582275 0.29798737 0.007921507 0.2232511 0.18313822 0.10849611 0.09515962 0.12514645 0.00011364176 0.0015236286 0.27058965 0.18893343 0.015065466 0.21417364 0.00015573317 0.010128332 0.004194833 0.009242898 0.07782639 0.11639817 0.05651448 0.11849152 0.037078127 0.03143724 0.004978785 0.01522344 0.1764103 0.016644206 0.04314715 0.014727068 0.00032180065 0.0017485606 0.10895065 0.00038090895 0.01709844 0.032866735 0.059085056 0.016431324 6.0121706e-06 0.13537991 0.02835737 0.0069180992 0.010583182 0.05050254 0.0014484787 0.007241714 0.013732898 0.006667429 0.005327375 0.0022993241 0.05414737 0.0047143223 0.0073475125 0.15465647 0.014378778 0.00049148145 0.0023050944 5.9466598e-05 0.0045307437 0.00015780606 0.00011568384 0.0010056668 0.004604555 0.00016890174 0.017301006 1.8082921e-05 6.084758e-06 0.00026790088 0.00012036355 0.008716442 0.014364981 1.7327482e-05 0.00030503786 0.0024378805 2.9900255e-05 0.001762015 0.0063753612
1.1901431e-05 0.18751556 0.02846279 0.015991371 0.012161216 0.11496277 0.15462126 0.22751486 0.017660704 0.007825281 0.0020467236 0.0030666485 0.12808488 0.005126427 0.12037911 0.17092294 4.9181147e-24 0.00032712243 0.33312732 0.00033663237 0.3966583 0.22696432 0.085946694 0.011714867 0.01806503 0.051583026 0.006700828 0.3048577 0.032386452 0.22567013 0.16416588 0.025195733 9.705474e-05 0.0010420869 0.03844835 0.040058326 0.009293186 0.025279842 3.1334122e-05 0.004138474 0.0014911732 0.0032759323 0.018858312 0.008048478 0.0036002968 0.003634292 0.0081130415 0.0006768845 0.0009460327 0.0034856044 0.018628374 0.0036479472 0.003819537 0.004298648 9.424172e-05 0.00033161097 0.00975921 0.00036907944 0.0027287256 0.0071521658 0.0014370879 0.00085208693 7.3388e-06 0.0050283517 0.0038604208 0.001964449 0.00035499595 0.0013145447 0.00020751623 0.0018442828 3.3781068e-06 0.0004473046 0.0010454503 0.0006545893 0.0015277099 0.00069676584 0.0005041056 0.011966715 0.0007566886 6.041316e-08 0.00019226996 4.3334694e-06 0.00047226067 0.000510909 0.00015782262 0.00024661171 8.157793e-05 0.00013481158 0.00052495854 8.092795e-05 1.43133775e-05 4.17618e-05 0.00016741977 0.00054134964 0.0006175539 2.753553e-05 1.0620647e-06 0.00019370367 2.0691323e-05 0.00017800405 0.00045439825
0.0023881865 0.018563762 0.05732117 0.08716367 0.09043929 0.0061711934 0.0026531157 0.0008959241 0.012881102 0.034752347 0.0007797642 0.5237231 0.00042806927 6.0167936e-06 0.000992372 0.00019106884 0.00032712243 3.9824044e-22 0.00029105888 0.5777412 0.0004998038 0.00021432231 0.00035187375 0.19575112 0.028676571 0.00016057865 0.00058562856 0.000611857 0.0015882526 4.0872623e-05 6.0678743e-05 0.038983464 0.010275187 0.00070353376 0.00026343827 4.225786e-05 2.91854e-05 0.00016277996 0.08307285 3.0986677e-05 0.32997796 0.15436742 0.00016519065 0.003427282 1.1426757e-05 7.279411e-06 6.0872684e-05 1.7460893e-08 0.27909186 3.842934e-06 0.00041034594 3.0790798e-06 0.012846947 4.6257497e-05 5.6835565e-06 0.3285064 0.0014755275 0.09642351 4.5509212e-05 3.204307e-05 1.1522991e-05 2.4404667e-07 4.5586075e-06 0.00034656117 1.5362692e-05 8.759828e-06 1.9255133e-09 9.471578e-06 0.37546912 4.0064665e-06 1.9468644e-05 3.334342e-07 1.6963928e-06 1.1066033e-06 7.833724e-06 1.183765e-06 2.4702845e-07 0.0002559482 0.024851786 3.741378e-06 2.4077733e-07 0.018416975 0.14478314 2.1462714e-09 0.02111438 1.8678367e-07 2.4825924e-08 0.082506865 3.3438413e-05 3.325201e-08 0.010640996 6.2933765e-09 0.06414244 1.2414687e-06 0.0008090033 8.294876e-09 6.7137833e-09 9.202232e-06 9.671375e-08 4.5937304e-06 2.0618863e-06
0.00023239387 0.17628078 0.03369499 0.020061841 0.012950164 0.14453062 0.20308797 0.30031276 0.031686295 0.007110469 0.005638518 0.0033939853 0.23364413 0.029400904 0.18449067 0.30857775 0.33312732 0.00029105888 9.2488085e-23 0.00025255725 0.41349 0.10518258 0.22429648 0.021862915 0.041810732 0.21185285 0.0058192383 0.471809 0.090074316 0.17439361 0.13970841 0.05368857 0.00017623822 0.00097234803 0.17974596 0.1799948 0.0114746215 0.14690399 0.00016170632 0.0066079036 0.005584183 0.0074739954 0.110577114 0.027923966 0.030858139 0.063338704 0.057338566 0.010166761 0.0024815598 0.02215981 0.068361804 0.019935297 0.011836822 0.021366993 0.0003021965 0.0014001103 0.030988658 0.0003203963 0.01897346 0.046616275 0.023765499 0.0077959658 1.0284341e-05 0.041816883 0.037095167 0.0077098855 0.007487411 0.02185082 0.00096407987 0.0062523005 0.0005082418 0.0051395483 0.0044341227 0.0031482663 0.022597656 0.004187798 0.005104449 0.040063325 0.0036871943 3.5331327e-06 0.0019834111 1.6549948e-05 0.0015350295 0.0010231223 0.00013091169 0.00084042 0.0013402761 0.00034451796 0.0033599702 0.00025376174 5.2537293e-06 0.00065139163 0.00038004396 0.0037380776 0.0033940077 0.0001909288 1.6486447e-05 0.0035935116 4.5675046e-05 0.0031887323 0.002407518
0.0030343889 0.01696499 0.05780013 0.084247015 0.09454291 0.0057667843 0.002551637 0.000749355 0.011963747 0.031618245 0.0010342372 0.53732365 0.00035326966 8.25188e-06 0.0009921378 0.00016927745 0.00033663237 0.5777412 0.00025255725 1.1397911e-21 0.00053641293 0.0002685286 0.0002946412 0.19379035 0.029308494 0.00012928157 0.00046608166 0.00054446363 0.0015447154 4.4410583e-05 6.99626e-05 0.035392642 0.0093523 0.0006546093 0.00025034318 3.0731873e-05 3.1071548e-05 0.00021502865 0.09974899 3.695324e-05 0.34321243 0.15697125 0.00014276044 0.0042458107 1.1558132e-05 7.742932e-06 6.628488e-05 1.4754309e-08 0.278996 5.660389e-06 0.0005401459 4.2782112e-06 0.0145413745 4.5220604e-05 6.9220714e-06 0.36903152 0.0017783126 0.1332251 5.7306774e-05 3.302345e-05 1.4356045e-05 2.8783822e-07 4.5886245e-06 0.00052010687 1.6401405e-05 8.324201e-06 2.32201e-09 1.3620953e-05 0.4414112 4.95309e-06 1.9498168e-05 3.169943e-07 1.8501304e-06 1.2481892e-06 1.2978947e-05 1.287159e-06 2.6711928e-07 0.0004356305 0.027339764 4.7267445e-06 3.5604137e-07 0.030946964 0.15663609 2.405127e-09 0.032113917 2.1179414e-07 3.369638e-08 0.14166383 6.051353e-05 2.968595e-08 0.01955487 8.774949e-09 0.11257757 1.5771548e-06 0.0010271408 7.510709e-09 1.3963e-08 8.569157e-06 9.6850535e-08 4.439464e-06 2.7441793e-06
6.4192445e-06 0.12889864 0.018791562 0.01265992 0.009021492 0.09208171 0.1212729 0.16735741 0.01895185 0.004201315 0.0025734797 0.00414358 0.15219377 0.0070983856 0.07813851 0.17574194 0.3966583 0.0004998038 0.41349 0.00053641293 1.5115594e-25 0.12582673 0.10269568 0.008557239 0.014293082 0.08029781 0.0034214482 0.38354307 0.03234843 0.16421936 0.14390612 0.016854066 7.494047e-05 0.00046274887 0.05553774 0.061982863 0.0042926134 0.039497513 4.3365722e-05 0.0028997515 0.0024800575 0.0039748866 0.04609946 0.01093294 0.010389705 0.018126614 0.023088071 0.0020393315 0.0009452967 0.00911606 0.020458832 0.008775972 0.0051582786 0.010463926 8.019317e-05 0.0005799285 0.010233776 0.00031703679 0.008688257 0.016580438 0.0067027295 0.002693574 6.814612e-06 0.010549552 0.0140224965 0.003773989 0.001557187 0.0047409795 0.00030312824 0.0034511434 1.0667295e-05 0.0015285276 0.0022542418 0.0015679423 0.0035497528 0.0018400577 0.0016688487 0.011651742 0.0007243916 1.7555605e-07 0.00068583235 3.0810652e-06 0.00045305036 0.00046066873 0.00012422007 0.00059938914 0.00029848985 0.00012938134 0.0005177369 0.00021717836 9.548251e-06 0.00014591975 0.00015202396 0.0008822419 0.00047235953 8.239954e-05 3.297912e-06 0.001221145 3.501219e-05 0.0010775309 0.00075045857
2.7322615e-06 0.13787284 0.019305289 0.012082155 0.0071141557 0.07563106 0.09409581 0.11695475 0.005775709 0.0076442887 0.0001342047 0.0032250006 0.05514589 0.0005539535 0.07631937 0.07655988 0.22696432 0.00021432231 0.10518258 0.0002685286 0.12582673 9.460549e-24 0.04540086 0.009217356 0.014537402 0.027504407 0.01764595 0.10455716 0.023000503 0.23843777 0.1515424 0.024176689 0.0002543403 0.0030392613 0.023526965 0.020295555 0.016150214 0.014092956 9.695487e-06 0.0058457702 0.0010550079 0.0020368116 0.0033101304 0.00791087 0.0007163155 0.0020894147 0.0011257561 2.4477229e-05 0.0008532571 0.0012247022 0.008448414 0.0013894956 0.0040462683 0.0009730372 0.00010094484 0.0004132032 0.0055656866 8.0830534e-05 0.0007596278 0.0010984484 0.0005969777 0.0004510545 1.4403562e-05 0.0022273853 0.0006001358 0.00074646564 1.1749445e-05 0.0005235239 0.00025460802 0.0005035381 1.0277291e-07 0.00036035717 0.0002424369 0.00023614427 0.00060483586 0.000108481894 0.00037175787 0.0066450974 0.0009154117 1.7369006e-09 2.802522e-05 7.5647097e-07 0.00076232024 0.00013332702 6.926949e-05 7.457985e-05 6.6788394e-05 8.158617e-05 0.00012339027 2.844189e-05 7.446269e-06 1.8323453e-05 8.8058245e-05 0.00025573495 0.0015003089 7.8539815e-06 4.957806e-08 5.1789833e-05 2.0245092e-05 5.115997e-05 0.00016250992
0.02663973 0.114496775 0.03148017 0.019316278 0.01262958 0.14675602 0.19015346 0.24525012 0.06928457 0.0044287615 0.039466657 0.003664125 0.23446827 0.0906914 0.2160345 0.3316878 0.085946694 0.00035187375 0.22429648 0.0002946412 0.10269568 0.04540086 1.4874314e-19 0.02344045 0.062641494 0.30050713 0.00460792 0.22521979 0.15555768 0.042924345 0.04382213 0.09553876 0.00012563795 0.001031759 0.24365917 0.26137042 0.009179435 0.24359569 7.257739e-05 0.0066730967 0.0046982616 0.0067097326 0.16279933 0.109284505 0.14867313 0.20160732 0.08946668 0.05812796 0.0041570337 0.054519642 0.19860286 0.05980136 0.028141918 0.042775247 0.00015296256 0.0012463433 0.13408324 0.0002258343 0.037118386 0.056869067 0.15288205 0.06290204 2.1864522e-05 0.19969298 0.044458706 0.01828574 0.031679325 0.12675087 0.0010735854 0.018386172 0.033326514 0.028899271 0.016251449 0.009806905 0.1368781 0.018145837 0.031723253 0.20930752 0.009817193 0.0012037548 0.0102787 0.00010363722 0.0036251482 3.40336e-05 0.00011862468 0.0061486415 0.017284935 0.00025031023 0.040914934 0.0014012717 8.962031e-06 0.00747797 0.00028543748 0.026948499 0.019829785 0.0009837789 0.00269591 0.0060156384 5.2184234e-05 0.005281536 0.018300964
0.46560004 0.25692227 0.4221742 0.48346427 0.32811815 0.16082256 0.13386133 0.08807888 0.44377843 0.1012436 0.2577333 0.53410274 0.04189211 0.025546841 0.23968089 0.03188944 0.011714867 0.19575112 0.021862915 0.19379035 0.008557239 0.009217356 0.02344045 1.0836889e-17 0.6824702 0.04833104 0.01398415 0.008936661 0.20808613 0.0032010695 0.0013416215 0.5659184 0.005230783 0.0057576047 0.043650493 0.0074749473 0.0025893361 0.021649597 0.005076632 0.00072597567 0.4892829 0.48382908 0.0034992748 0.2775339 0.00089531165 0.00072025263 0.0008836009 0.0002881968 0.6056013 7.676265e-05 0.050801646 7.1633054e-05 0.36458057 0.0010299644 9.688672e-05 0.38906637 0.11278599 0.023885675 0.001832074 0.004377046 0.0012098466 1.6103495e-05 0.00014035174 0.02718589 0.0026290743 9.537461e-05 1.735544e-06 0.0014833722 0.2857694 0.00012100333 0.016139597 2.9877025e-05 9.006013e-05 1.1739218e-05 0.0016087003 0.00012548923 3.651318e-05 0.12408532 0.50389266 0.030035792 9.707243e-05 0.0028228613 0.5363882 9.922271e-07 0.01350638 5.4693214e-06 4.2889055e-06 0.033803675 0.00087044504 8.577394e-07 0.006097901 8.9961577e-07 0.02942632 0.00030323636 0.14355119 4.6316512e-07 6.825148e-06 0.0009971687 6.5358444e-07 0.0007341733 0.00020026212
0.503314 0.2291972 0.2394619 0.2394801 0.11697472 0.28375688 0.23772795 0.18328784 0.42757645 0.027942313 0.2956115 0.12901768 0.12108221 0.049614113 0.4664905 0.094582275 0.01806503 0.028676571 0.041810732 0.029308494 0.014293082 0.014537402 0.062641494 0.6824702 1.8245773e-16 0.17097701 0.0073599187 0.01825505 0.46848443 0.0059728897 0.002786763 0.7605099 0.0022424243 0.0033098238 0.29574084 0.024316255 0.0040524667 0.23302971 0.00288669 0.0012886403 0.17267095 0.22035281 0.006934411 0.5340686 0.004072481 0.005828366 0.00327192 0.0022643579 0.2556808 0.0007174901 0.36909717 0.00073829654 0.5327824 0.0041886447 0.0004064339 0.119007856 0.41715473 0.0072637256 0.004439839 0.008954944 0.007522772 0.00063022395 0.00016770835 0.34484684 0.0046172678 0.0011390109 6.827811e-06 0.0063403663 0.106809095 0.0010135974 0.05905428 0.0005491415 0.0007145297 0.00018632511 0.0055658775 0.0012937764 0.00077479443 0.45171884 0.6050911 0.059163865 0.00050923496 0.0015936517 0.44164574 3.0398787e-05 0.0061366293 9.5550335e-05 0.00016961439 0.009164691 0.0052011954 2.2723867e-05 0.0023481755 1.5961012e-05 0.006066764 0.002746548 0.4237028 5.4122306e-06 8.7581866e-05 0.002222185 7.647107e-06 0.0016724096 0.0019413014
0.16686743 0.100840725 0.04646431 0.02179282 0.008623408 0.22493911 0.24416001 0.2658754 0.1577347 0.0029141428 0.13597399 0.0024150892 0.27885112 0.124487296 0.38956398 0.29798737 0.051583026 0.00016057865 0.21185285 0.00012928157 0.08029781 0.027504407 0.30050713 0.04833104 0.17097701 2.2606766e-19 0.0035113362 0.20304352 0.29877597 0.024376355 0.024662115 0.22370404 6.131565e-05 0.0003799818 0.41843116 0.3317028 0.0054660896 0.43113416 1.6098566e-05 0.0024419327 0.0035550026 0.00903454 0.18147004 0.31827343 0.21683468 0.35984445 0.09775024 0.09295923 0.0053370493 0.05242214 0.3998171 0.053072266 0.117005825 0.050927967 1.906872e-05 0.0011538015 0.27241307 0.00031577065 0.04206594 0.05173703 0.3656809 0.061554853 4.066564e-06 0.44541854 0.039769314 0.016407622 0.022652296 0.32946843 0.0009839215 0.018795712 0.12230006 0.041094963 0.015846556 0.0067839646 0.3343059 0.015168169 0.06061392 0.40352207 0.03232362 0.014636086 0.009350316 1.5022853e-05 0.0077603236 1.3129553e-06 0.00010741291 0.004306407 0.03185211 0.0002156365 0.08561547 0.0003001449 3.374158e-05 0.0043977615 0.00024437078 0.041643597 0.0688195 0.00028261018 0.0073765367 0.004245369 1.2240457e-06 0.004090794 0.030948663
3.3958833e-07 0.040793385 0.01717413 0.015313179 0.02509364 0.0137349935 0.013074252 0.012973855 0.00018995366 0.12408323 1.0642375e-06 0.0120716635 0.0070194784 7.7544337e-07 0.01180828 0.007921507 0.006700828 0.00058562856 0.0058192383 0.00046608166 0.0034214482 0.01764595 0.00460792 0.01398415 0.0073599187 0.0035113362 1.735601e-22 0.004853101 0.0039555347 0.02297086 0.007804208 0.0105197225 0.050920717 0.2924526 0.0028063066 0.0019729494 0.20271829 0.0021847226 0.00050340465 0.15082198 0.0037648762 0.006602238 0.0009570441 0.0025722494 3.11042e-06 0.00052245386 0.0003955642 4.6286223e-07 0.0025542858 0.0002678955 0.0007703039 0.0002940192 0.002856455 0.000501035 0.0150027545 0.0015960085 0.0013437093 0.00025127435 0.0010529252 0.0010470438 0.0003700197 9.941965e-05 0.031004274 0.00061455957 0.0008669577 0.00012981478 1.13220885e-07 0.000300564 0.0018917522 7.8463796e-05 1.1051309e-08 9.547327e-05 4.31412e-05 5.9310336e-05 0.00028203643 4.5079283e-05 9.367389e-05 0.0016420193 0.003790983 7.0212704e-11 1.9740917e-05 0.0001014253 0.007453677 0.00048005854 8.841883e-05 8.218878e-06 4.8275388e-06 0.00048700353 0.00011147276 2.6527662e-06 3.5198264e-05 1.2689176e-07 0.0005765498 2.6555823e-05 0.009020781 3.097326e-07 1.1868611e-08 7.579507e-05 0.009250177 7.827411e-05 2.9296609e-05
6.626934e-05 0.1641743 0.018501956 0.009026586 0.004973268 0.10504335 0.16331786 0.20743096 0.020997476 0.0063623446 0.0068461923 0.0043404847 0.16951238 0.023742415 0.122041665 0.2232511 0.3048577 0.000611857 0.471809 0.00054446363 0.38354307 0.10455716 0.22521979 0.008936661 0.01825505 0.20304352 0.004853101 1.01193405e-23 0.0410562 0.14991143 0.10596507 0.013174583 0.00015392134 0.0006502961 0.1306033 0.2023356 0.004211677 0.1172297 8.760108e-05 0.002282815 0.002377565 0.004264142 0.21728222 0.010033204 0.08006491 0.09525686 0.15002695 0.050453342 0.00062451436 0.044707347 0.04695427 0.040734854 0.0038605954 0.07387136 7.424936e-05 0.0006971949 0.020729028 0.00024354737 0.073599644 0.14047422 0.032602753 0.015851725 4.3086125e-06 0.039595667 0.13818476 0.021010822 0.07095325 0.025200145 0.00032885157 0.015362225 0.0005639185 0.0065534115 0.01016789 0.009294102 0.019726738 0.010958839 0.0061761774 0.029728465 0.00046036244 9.570331e-06 0.0072631375 2.7549488e-06 0.0002092717 0.0005060933 4.8979557e-05 0.00449475 0.0021305548 0.00016810035 0.0022768273 0.0022279671 1.49716e-06 0.0029132909 0.00019677958 0.0037726073 0.0005118918 0.0011043831 5.522724e-05 0.013814471 0.00010132089 0.0127634 0.0023774006
0.80265707 0.20243038 0.14399163 0.07968347 0.03829901 0.30212715 0.30349576 0.28950965 0.3827355 0.00942882 0.4060448 0.007584316 0.21710315 0.10336565 0.7675009 0.18313822 0.032386452 0.0015882526 0.090074316 0.0015447154 0.03234843 0.023000503 0.15555768 0.20808613 0.46848443 0.29877597 0.0039555347 0.0410562 1.772276e-17 0.019858638 0.015446602 0.55888116 0.0002804291 0.0009561031 0.6029729 0.085034125 0.0035851032 0.4127564 0.00021295378 0.0015910087 0.016119745 0.037228234 0.018796131 0.64509225 0.024848668 0.011399465 0.0091959555 0.010157143 0.02773511 0.0019786472 0.60009795 0.0016098466 0.42924544 0.0032475279 5.605068e-05 0.008880297 0.5161363 0.0012907417 0.0033902924 0.0053337067 0.02611032 0.0007037237 1.4871995e-05 0.52870566 0.003519753 0.00104927 0.00048842095 0.02415391 0.007949648 0.0010183033 0.16642459 0.0013708638 0.00084427797 0.00020314283 0.023147214 0.0008932886 0.0014442963 0.5253171 0.33301994 0.10833288 0.0005776332 0.00023078051 0.05436869 3.1238586e-05 0.00070756685 0.00013041537 0.00036417873 0.0006590181 0.026814627 3.2764788e-06 0.00043435962 2.5935513e-05 0.00039048307 0.0046992945 0.16903596 2.1321614e-06 0.0009570026 0.00077161845 3.1235723e-07 0.0006135014 0.004031897
5.504131e-07 0.06200114 0.0076534143 0.0029057423 0.0021287003 0.040147338 0.071555145 0.13020554 0.0009494391 0.00434697 6.220241e-05 0.00094014424 0.067726195 0.000116106276 0.07570707 0.10849611 0.22567013 4.0872623e-05 0.17439361 4.4410583e-05 0.16421936 0.23843777 0.042924345 0.0032010695 0.0059728897 0.024376355 0.02297086 0.14991143 0.019858638 1.7168516e-24 0.4984629 0.010210735 0.00023924002 0.0033439898 0.021798098 0.015041878 0.068812676 0.012132313 1.5099561e-06 0.03666912 0.0011414146 0.0023977235 0.0022852307 0.004225988 0.0004162762 0.000532199 0.0005795437 7.621642e-05 0.0010106429 0.0005035828 0.009509403 0.00059589074 0.0020709476 0.00061207195 0.00042098836 0.0011805578 0.0036147945 3.571633e-05 0.00039751726 0.0009425295 0.00021433436 0.00010907966 0.00012477298 0.0017226638 0.0005807845 0.00029641367 3.1899763e-05 0.0001427617 0.00070489134 0.00025653958 1.9910447e-08 8.924558e-05 0.00014579624 0.00024815727 0.00011242969 9.400043e-05 0.00011955061 0.0151640605 0.0014236273 3.5752365e-10 3.1090338e-05 2.450717e-07 0.0034846966 0.0030210258 1.4570693e-05 6.240509e-05 3.5176956e-05 3.0496238e-05 3.0423847e-05 5.2323066e-05 4.0563928e-06 7.571625e-05 3.1630065e-05 0.00015424461 0.061276793 2.2725168e-05 1.3983116e-07 9.3165974e-05 0.00014330924 9.577548e-05 0.000110136345
2.4959687e-07 0.029493213 0.0038930753 0.0018547405 0.001087937 0.025598526 0.047153454 0.08561715 0.0009006529 0.0018650638 3.4626108e-05 0.0005182917 0.06644784 6.36837e-05 0.04007154 0.09515962 0.16416588 6.0678743e-05 0.13970841 6.99626e-05 0.14390612 0.1515424 0.04382213 0.0013416215 0.002786763 0.024662115 0.007804208 0.10596507 0.015446602 0.4984629 5.4260446e-25 0.003698672 0.00011188557 0.0010655334 0.022197269 0.017303292 0.028029094 0.011727039 1.6073722e-06 0.016794821 0.0009902549 0.0013976316 0.0026101638 0.0030190814 0.000812471 0.0011883772 0.0010388833 3.0188987e-05 0.0005554604 0.0008240512 0.005946064 0.00090375333 0.0012920164 0.0008366331 0.00016089703 0.0008231903 0.0017560022 2.6459784e-05 0.0004560762 0.00088630023 0.0004704334 0.00021512256 6.711467e-05 0.0016107765 0.00057471433 0.0006979972 1.1073206e-05 0.00031418313 0.00048748328 0.00051767024 3.3068783e-08 0.00012512009 0.00026947443 0.00041958134 0.00019999318 0.00018749676 0.00013689812 0.008884053 0.0007118475 4.679328e-10 6.601891e-05 2.9603846e-08 0.0011710689 0.0013262775 1.0655532e-05 0.00017770637 4.7750447e-05 4.195989e-05 2.0945728e-05 4.1744122e-05 2.18922e-06 0.00011839322 1.859847e-05 9.770744e-05 0.039490722 2.7158883e-05 2.4508105e-07 0.00011617251 3.0987354e-05 0.00010752524 9.367201e-05
0.85535705 0.30057123 0.26543266 0.23403282 0.16206273 0.2855388 0.282721 0.28626984 0.39980787 0.050328944 0.3034096 0.09859242 0.120320916 0.056169394 0.5995019 0.12514645 0.025195733 0.038983464 0.05368857 0.035392642 0.016854066 0.024176689 0.09553876 0.5659184 0.7605099 0.22370404 0.0105197225 0.013174583 0.55888116 0.010210735 0.003698672 1.3979916e-16 0.0016140859 0.0033640629 0.2784533 0.03403071 0.00430029 0.20091379 0.0015410632 0.0010886858 0.20600586 0.29142752 0.008089774 0.65574247 0.0069696964 0.0026552975 0.0029335315 0.0015896742 0.33397353 0.0005782173 0.33653036 0.0005230194 0.6451238 0.00232434 0.0001341287 0.15253758 0.44296038 0.0058250707 0.0025580034 0.004944218 0.0025583827 0.00018726337 8.753795e-05 0.2723306 0.00225563 0.0004204748 2.1576598e-05 0.002502724 0.120294005 0.0005112032 0.09045743 0.00028119635 0.00040805963 5.0286653e-05 0.002805207 0.0005876824 0.00031008685 0.43271196 0.6165572 0.14565803 0.00044031878 0.0012242817 0.41891193 7.0584254e-05 0.0054172687 3.078893e-05 8.5073174e-05 0.007966462 0.0067101587 9.3437984e-07 0.0014930138 6.573711e-06 0.0077549964 0.0018020386 0.34489888 6.6100364e-07 0.0004802186 0.00090231467 6.2550794e-06 0.00084354443 0.001129192
