9.8281114e-32 0.8601396 0.59378105 0.92652625 0.78420615 0.7675968 0.94938856 0.48749244 0.017545467 0.76256114 0.8342972 0.17932229 0.08470183 0.16516687 0.24333806 0.060566578 0.48859566 0.022245733 0.048070267 0.08125199 0.9661913 0.02057174 0.14774172 0.77567506 0.9792297 0.8182991 0.007449903 0.618218 0.022538641 0.941482 0.34074846 0.88785845 0.008045538 0.7962649 0.107628606 0.0018472136 0.03967482 0.5849218 0.04383794 0.00045412467 0.4299745 0.02168331 0.9322625 0.69673634 0.055414982 0.0005718195 0.0011639369 0.0013158071 0.7978656 0.99613595 0.19140303 0.0010392698 0.16324978 0.01540546 0.002275475 0.0003178802 0.000423925 0.9978201 0.9669555 0.002062025 0.00010051842 0.9780067 0.8909582 0.9993969 0.04230578 4.3072097e-05 0.000678956 0.04250018 0.91442055 8.4916246e-05 0.03721348 0.11049831 0.033338737 0.8063851 0.026148148 9.434725e-06 0.32189462 0.025338504 0.9991015 0.95790607 0.00019130771 0.99871695 0.00025241807 0.96631926 0.99634457 0.9551202 0.0052583744 0.56529105 0.0005823029 0.034668412 3.6835616e-05 0.001738423 0.0034036413 1.04143655e-05 2.0890471e-05 0.0009826738 5.8147325e-06 0.0036308686 1.5548036e-07 4.4912405e-05 0.05332173
0.8601396 1.2509491e-17 0.55411834 0.5230613 0.2859884 0.41612536 0.34580576 0.35379314 0.011285853 0.22652051 0.09182015 0.2896687 0.2168567 0.16379903 0.10087739 0.1337322 0.1471423 0.09181067 0.08972403 0.07169261 0.005467888 0.111212455 0.052049156 0.08035607 0.15873659 0.06674683 0.07959163 0.032786954 0.09147153 0.08858034 0.00096831896 0.005454662 0.030083498 0.0039741932 0.00036325154 0.040180083 0.0037960932 0.0014096785 0.014783728 0.031039834 0.00075835193 0.00026976218 0.005856872 0.00046963574 0.0003209526 4.792989e-05 0.045427024 0.014350283 0.002869238 0.023008652 0.0015146687 0.018007949 0.003595786 0.0002867419 0.010660265 0.03175033 0.019521115 0.03787234 0.004396332 0.016871179 0.0070291413 0.012665227 0.0031205565 0.029466014 0.0005698678 0.0065278495 0.018028794 0.00038476387 0.0020831018 0.008876943 0.00038317777 0.00019243304 0.00039924058 0.0015408875 0.0003213066 0.0011398715 6.415282e-05 0.002988191 0.2575295 0.0003205635 0.002181016 0.050217815 0.00028793202 0.0019706516 0.005110591 0.0017339997 8.018551e-05 0.00022567561 0.00018447761 5.7600784e-05 9.913193e-05 9.306039e-05 0.00013662396 0.0006903968 0.0002774484 5.9966667e-05 0.0012135089 6.2775016e-06 0.00023283268 0.0001244641 3.6538364e-05
0.59378105 0.55411834 3.548726e-18 0.3773335 0.3598676 0.3544052 0.25289896 0.53550184 0.0016829509 0.15612006 0.09845393 0.4730993 0.36725074 0.2350431 0.15182757 0.22267558 0.11952076 0.15888226 0.117854975 0.08916415 0.005235556 0.17524306 0.08412857 0.03837222 0.1111748 0.041804533 0.14168456 0.015949253 0.14974734 0.057473898 0.0005226659 0.0015806091 0.042106587 0.0018402709 0.00024062161 0.07449001 0.0031324967 0.0005906457 0.023030676 0.060235765 0.00029044194 0.00027023078 0.005408122 0.00027847136 0.00021128166 1.5723948e-05 0.08486192 0.023896784 0.0019588142 0.013244182 0.001056513 0.03399271 0.0026195487 0.00021670313 0.014784736 0.06354944 0.0387964 0.014731647 0.004310604 0.017638512 0.0075656204 0.0069190296 0.0021187034 0.011608115 0.00031831587 0.011834981 0.036549475 0.00018039178 0.0014367447 0.020155448 0.00017294883 8.532311e-05 0.00014966547 0.00063327735 0.000121904355 0.0017326286 6.0400296e-05 0.0025853415 0.18262397 0.00023731827 0.003493205 0.033935912 0.00048752187 0.0013204633 0.0031670998 0.00080769893 6.868049e-05 9.206282e-05 0.00014694351 2.1215705e-05 0.00018775459 5.381389e-05 0.00011528779 0.001067643 0.00045697918 5.4624907e-05 0.0047625345 3.3023182e-06 0.0006662741 6.253502e-05 1.1196087e-05
0.92652625 0.5230613 0.3773335 1.1757422e-15 0.2503809 0.42260534 0.6063077 0.3528978 0.06679285 0.24373385 0.09163849 0.28110674 0.22044685 0.14721094 0.08653496 0.13452438 0.13322361 0.082442015 0.06261435 0.0442689 0.0064055435 0.07656683 0.03349428 0.13878973 0.21281864 0.09646237 0.050684165 0.042700317 0.048231736 0.12022221 0.0022532262 0.01483818 0.011496408 0.0076838704 0.0009341068 0.018988136 0.0036531012 0.0020083245 0.008464568 0.015672727 0.0014332508 0.00066534034 0.005811945 0.0009246027 0.00046328048 0.00017005802 0.02112573 0.005201719 0.0046247267 0.023638152 0.0021053958 0.0066529666 0.0029834858 0.0004715244 0.0040870206 0.015921403 0.006934328 0.061779317 0.003854303 0.016346866 0.008252349 0.016844152 0.0043574004 0.05972547 0.00066431204 0.0026515725 0.0058182282 0.00038494996 0.002358247 0.0026850412 0.0004546982 0.0004958537 0.00076107983 0.0020484712 0.00050623645 0.00088389206 9.221571e-05 0.0021250162 0.22836332 0.00053791574 0.00097260263 0.062476225 0.00017547315 0.0020682071 0.0062523517 0.0021711066 0.00012648357 0.0006349761 0.0005329392 0.00018744741 9.383438e-05 0.000311783 0.00020612315 0.00028676842 0.00022096775 5.955393e-05 0.00027268342 3.0217447e-05 0.0001491639 0.0002861835 0.0001531123
0.78420615 0.2859884 0.3598676 0.2503809 9.705378e-19 0.19326422 0.17311785 0.52409464 0.011180163 0.084455684 0.45969537 0.22185996 0.2517213 0.15276827 0.3279548 0.14382274 0.04037128 0.09646539 0.0761442 0.03858593 0.056058012 0.10720801 0.40295988 0.007956974 0.033503473 0.0041733915 0.07341396 0.0037814216 0.20136283 0.008869835 0.024083406 0.00028165558 0.013794631 0.00034480114 0.005129314 0.036117442 0.034011807 0.00021110904 0.12453604 0.026379587 0.00020117672 0.0036073234 0.029942006 7.180049e-05 0.0019008153 0.0008811227 0.06175826 0.0068360376 0.00038520686 0.087693036 0.0085473815 0.010090207 0.00096086954 0.0028197644 0.0051426687 0.02444246 0.011051586 0.0030907255 0.02200855 0.010058694 0.0035445045 0.0019498653 0.000373629 0.0035975063 8.149053e-05 0.0030943016 0.028065871 5.085526e-05 0.00038734675 0.011393232 3.7265912e-05 2.9944173e-05 0.0018676434 0.00031938622 2.877441e-05 0.0007470261 0.00063435116 0.000933947 0.21498545 0.0029368391 0.0076379348 0.08693241 0.0010642253 0.00042882373 0.000380119 0.00031988157 3.4885936e-05 3.0320209e-05 0.00020462544 1.4366235e-05 0.00034622801 0.00079124945 4.9206017e-05 0.0016667078 0.0008815442 0.00018782874 0.0011208236 6.4986205e-05 0.00010276641 3.774404e-05 3.8711505e-06
0.7675968 0.41612536 0.3544052 0.42260534 0.19326422 2.1776426e-17 0.39456788 0.31307513 0.004979763 0.5670757 0.027493004 0.3224083 0.25432462 0.35110623 0.06690599 0.12163412 0.37155896 0.08923951 0.24319427 0.22291557 0.0017709363 0.20189062 0.008200394 0.24526279 0.2821608 0.170194 0.10263495 0.17883825 0.048723523 0.17962106 0.000106667416 0.033403285 0.08712092 0.023764338 9.7436365e-05 0.060604144 0.00073878426 0.0077740042 0.0030032943 0.037789956 0.0053401454 4.080038e-05 0.0038162328 0.0025585294 7.177796e-05 2.1027397e-06 0.03146148 0.036368147 0.013218668 0.010224801 0.0003970895 0.04312628 0.012824759 5.413648e-05 0.03332857 0.026023487 0.036552053 0.11016556 0.0030645204 0.085775025 0.027678026 0.037837505 0.01415532 0.09099389 0.0026029276 0.011151136 0.006201737 0.0016380966 0.00970661 0.0021471675 0.0014387093 0.0010912631 4.368159e-05 0.007853414 0.0010162776 0.004562409 2.3395369e-05 0.011340456 0.195686 9.927033e-05 0.00086310843 0.022610325 0.00016109801 0.013274607 0.02372713 0.00804481 0.00042756845 0.0016008309 0.0018637977 0.00037176977 8.128329e-05 1.957437e-05 0.00059441366 0.00023523218 0.0002039245 2.8915832e-05 0.00037812462 1.2123261e-06 4.858695e-05 0.0011266415 0.00031804186
0.94938856 0.34580576 0.25289896 0.6063077 0.17311785 0.39456788 1.7261586e-15 0.23497014 0.043362677 0.3160163 0.03395283 0.2262086 0.16384405 0.14487587 0.046024095 0.07462351 0.21632636 0.049254876 0.072197884 0.06750733 0.00208449 0.06698937 0.00800404 0.1985475 0.32053417 0.16278721 0.034623723 0.123668455 0.022647966 0.21391602 0.0003025714 0.031784713 0.018461557 0.016006676 0.00018589523 0.013934003 0.00078822294 0.0037399123 0.0023337277 0.010838418 0.0019973277 0.00017220166 0.00365133 0.0015781834 0.00012392082 2.8992512e-05 0.009932427 0.0076344097 0.008580315 0.019610751 0.0008342135 0.009204676 0.0051983315 0.00013495784 0.007855912 0.008599636 0.009134557 0.1986463 0.0026817375 0.022235792 0.004975726 0.044012148 0.007541049 0.18687005 0.0019234397 0.0026557837 0.002412916 0.0009582482 0.0044270894 0.00073042966 0.0010556777 0.000994953 0.00023162366 0.0036071842 0.0007886817 0.00067140535 2.736816e-05 0.0036316032 0.25538602 0.00016993433 0.00041056806 0.055407874 0.00014398212 0.0037216137 0.016886808 0.0043751514 0.0001845295 0.0012950485 0.0005226178 0.0003161247 3.604548e-05 8.6581735e-05 0.00029904576 0.00010410736 0.00010352787 2.5469215e-05 0.000101013895 7.893426e-06 3.6120462e-05 0.0003258692 0.00017865251
0.48749244 0.35379314 0.53550184 0.3528978 0.52409464 0.31307513 0.23497014 2.6145383e-20 0.00013958714 0.12738225 0.21596888 0.57664204 0.5275471 0.24503756 0.36767626 0.40820694 0.061466105 0.21629345 0.11030577 0.08463311 0.005061187 0.15920582 0.20436743 0.012042267 0.03104096 0.004843987 0.1843502 0.0036024023 0.23638749 0.012541601 0.0007906879 0.000105108775 0.032147102 0.000179394 0.00029670444 0.07757732 0.005485906 5.2285453e-05 0.047209732 0.070285335 3.528666e-05 0.00034279734 0.006371079 3.7462105e-05 0.00024100169 1.063542e-05 0.13803677 0.025334658 0.00033860287 0.010348815 0.0007201135 0.03413399 0.00036223693 0.00024861374 0.0184595 0.115497746 0.052736614 0.0020214834 0.0035978272 0.010477256 0.010470899 0.0018649356 0.0005071512 0.0014274358 9.520314e-05 0.023566678 0.048439793 4.798601e-05 0.00038121117 0.028763065 6.197386e-05 2.059244e-05 0.00016948844 0.00011700586 5.1943967e-05 0.0049501723 5.432738e-05 0.001305296 0.10697997 0.00035080407 0.004657686 0.021480765 0.00047554472 0.00050505163 0.000754656 0.00039269857 0.00012118765 2.5114365e-05 9.258247e-05 1.07574315e-05 0.00026577016 0.00016269383 0.00015404717 0.0012026613 0.00048918644 0.00011633948 0.010649397 1.0891526e-05 0.0020900955 2.6161619e-05 4.836502e-06
0.017545467 0.011285853 0.0016829509 0.06679285 0.011180163 0.004979763 0.043362677 0.00013958714 1.9271995e-28 0.0009840411 0.0077725993 9.6665535e-06 2.0287257e-06 1.3799768e-05 0.0003397131 1.6665637e-06 0.0005347922 1.214782e-06 8.004062e-06 1.0756878e-05 0.038469713 3.0464885e-06 0.00080901786 0.00095480186 0.014470545 0.006318621 7.2344295e-07 0.00014622971 5.1809075e-06 0.019829767 0.0034100872 0.00017668301 4.095768e-07 0.00026622272 0.00020374624 1.4612857e-07 1.239834e-05 3.853292e-05 1.771643e-05 5.6991123e-08 2.0902608e-05 1.0164652e-05 0.018797714 4.810773e-06 4.839914e-05 1.0698984e-12 1.5878957e-08 1.225074e-07 0.00082481623 0.051290292 0.003262543 6.668455e-08 1.003863e-06 3.8571316e-06 1.4930556e-07 2.3475682e-08 3.3968245e-08 0.011453706 0.011765474 9.040192e-09 7.215979e-14 0.017103096 0.0016276538 0.0046758135 7.123843e-08 8.292819e-09 6.0199723e-10 4.9573714e-08 0.0020295288 2.641136e-10 9.2078665e-08 1.6712646e-07 0.00029209777 0.00027490468 2.8503917e-08 2.6058158e-09 0.00024835425 2.2572004e-07 0.10204528 0.002023332 9.844074e-10 0.043502357 3.8665156e-08 0.0005910207 0.0016059481 0.00053992245 9.72533e-09 8.24278e-06 1.1871982e-12 9.092281e-08 8.922081e-09 3.073815e-05 9.078915e-09 1.972394e-09 5.400225e-09 3.3631566e-06 2.1326817e-10 3.563167e-06 6.011622e-13 2.4124225e-13 4.8732957e-08
0.76256114 0.22652051 0.15612006 0.24373385 0.084455684 0.5670757 0.3160163 0.12738225 0.0009840411 4.136101e-16 0.008038429 0.19774358 0.13881491 0.32217947 0.023683844 0.059758212 0.5023433 0.041974053 0.25460386 0.3011771 0.0003543864 0.17567745 0.0029545103 0.3200476 0.28346804 0.2400154 0.068211615 0.34486002 0.02131601 0.25913087 1.9670988e-05 0.0902549 0.1225985 0.07586882 3.1827018e-05 0.049923558 0.0002620608 0.023201643 0.0015826145 0.031111913 0.0214227 1.5307047e-05 0.0022984222 0.021056438 3.3600165e-05 8.5286935e-08 0.01576888 0.050743848 0.04512654 0.0056043128 0.00011894845 0.05258749 0.05088857 2.6418456e-05 0.048032075 0.009418432 0.042083215 0.18639733 0.0014284817 0.12629676 0.019635761 0.087321505 0.041816924 0.13786753 0.018895779 0.015930075 0.005079523 0.018025715 0.026347652 0.0026225848 0.013698411 0.0046943915 6.2358235e-06 0.02106178 0.0046468764 0.0068917596 1.0984866e-05 0.044881824 0.1303643 3.0408068e-05 0.000677912 0.013146763 0.0001278501 0.035488196 0.070633814 0.021696879 0.0027502687 0.0071870815 0.008322242 0.0015270661 4.5487384e-05 1.0888722e-05 0.0037360892 0.00011277718 0.00015121928 1.8052628e-05 0.00025227657 8.1987224e-07 9.830735e-06 0.0044980277 0.0011459584
0.8342972 0.09182015 0.09845393 0.09163849 0.45969537 0.027493004 0.03395283 0.21596888 0.0077725993 0.008038429 5.114943e-18 0.06053461 0.085177906 0.02836869 0.477964 0.052685577 0.003846573 0.04448934 0.013439401 0.0067791753 0.107162654 0.020304566 0.57253927 0.001537049 0.0040159617 0.0007869108 0.026702406 0.00038259005 0.22689086 0.0015486536 0.050221857 0.00011773947 0.0048217513 0.00015166902 0.015423086 0.017154299 0.10624172 8.5170104e-05 0.26389703 0.012547009 5.0853025e-05 0.015104544 0.073676735 2.3615159e-05 0.011656049 0.0039025096 0.053975552 0.0019611667 0.00019534638 0.133698 0.021537328 0.004445012 0.00017632364 0.011598459 0.0018194121 0.011154731 0.004263262 0.0007416596 0.044507045 0.0042938334 0.0011457223 0.00043672224 0.0002057498 0.0007936126 3.339644e-05 0.0013450612 0.025528139 2.1642978e-05 0.00016642468 0.011171387 1.4191118e-05 6.865997e-06 0.0052370043 0.00020269079 6.4164656e-06 0.0005077612 0.002955853 0.00033768688 0.16455807 0.008109646 0.01499059 0.08163442 0.0057491935 0.00040236555 0.0002754873 0.0003110465 1.9680689e-05 1.2676765e-05 2.203979e-05 5.4550333e-06 0.0016374859 0.0017427563 2.9634597e-05 0.0034450137 0.002388574 0.0009868685 0.0015266292 0.00030878632 0.0001609443 7.847708e-06 1.7386485e-06
0.17932229 0.2896687 0.4730993 0.28110674 0.22185996 0.3224083 0.2262086 0.57664204 9.6665535e-06 0.19774358 0.06053461 1.3638694e-22 0.6800685 0.45049486 0.13055824 0.50259274 0.10954506 0.31809053 0.16663651 0.1425752 0.0012733351 0.2470504 0.028696256 0.033748847 0.08319401 0.03024956 0.22849688 0.013550439 0.14160253 0.033894505 0.00019690387 0.0023312964 0.053380433 0.0032106389 0.00010629118 0.09606996 0.0011084735 0.0011468899 0.008644863 0.07990495 0.00037160222 8.1736944e-05 0.0023799494 0.00037792415 8.232878e-05 2.7928394e-07 0.082244515 0.043651238 0.002370663 0.0043226904 8.467365e-05 0.05478496 0.0019493195 6.767409e-05 0.03265986 0.0912908 0.069267645 0.004353039 0.0012186919 0.023615658 0.010514889 0.005065767 0.0029887315 0.0025891203 0.00031147926 0.028530298 0.026787017 6.560318e-05 0.0023405468 0.0142738335 9.457069e-05 0.000116807074 3.339313e-05 0.0008412973 9.846419e-05 0.013293407 5.867547e-06 0.0032760992 0.04645448 8.0268845e-05 0.0014004909 0.008009129 0.00011835743 0.0019226319 0.0032176278 0.0016154194 0.00021734828 0.00013165023 0.0001736173 3.180074e-05 5.0781055e-05 3.726332e-05 0.0002926529 0.00025379565 6.614558e-05 5.4380096e-05 0.0023452088 2.9514715e-06 0.0019176201 4.9159346e-05 8.7211765e-06
0.08470183 0.2168567 0.36725074 0.22044685 0.2517213 0.25432462 0.16384405 0.5275471 2.0287257e-06 0.13881491 0.085177906 0.6800685 4.343602e-23 0.40082657 0.17280509 0.63330585 0.066359326 0.46893206 0.14433828 0.1125268 0.0016749923 0.26160154 0.055437136 0.019275466 0.03865135 0.019906841 0.23690264 0.0074477857 0.17316279 0.016379217 0.00048689323 0.0021355313 0.042951588 0.0029098717 0.00020601017 0.104275696 0.0018116961 0.0007323946 0.009795846 0.08150769 0.00028884367 0.00021162204 0.0022429503 0.00021308828 0.00019424698 4.7248108e-08 0.09140149 0.03611729 0.0012872806 0.003813441 0.00011652992 0.047312915 0.00093321473 0.00016148147 0.023536325 0.08368231 0.05375033 0.0020568774 0.001534829 0.009388354 0.0030067032 0.0030938191 0.0016683728 0.00084593985 0.00010004721 0.019280743 0.028024442 2.0339958e-05 0.0016828643 0.015052742 2.8085879e-05 6.478281e-05 6.3622625e-05 0.0005331972 4.3422373e-05 0.010784936 2.2985216e-05 0.0015265129 0.037669495 0.00011807805 0.0012585315 0.006134584 0.00019058677 0.0009127698 0.0014884403 0.0012172128 8.1037855e-05 4.9568065e-05 5.9549475e-06 2.278265e-05 4.586037e-05 0.00011495403 0.000109585766 0.00023777725 7.0163456e-05 3.6602847e-05 0.0021987224 5.515794e-06 0.0016720124 1.3630704e-06 6.686579e-06
0.16516687 0.16379903 0.2350431 0.14721094 0.15276827 0.35110623 0.14487587 0.24503756 1.3799768e-05 0.32217947 0.02836869 0.45049486 0.40082657 2.8107956e-20 0.093287684 0.22969705 0.33970663 0.15446761 0.43576214 0.43501297 0.0007056716 0.41815773 0.010753366 0.12028483 0.07106234 0.049395017 0.25342605 0.0957701 0.14914295 0.04107411 0.00011356603 0.011465542 0.17305559 0.00859723 8.2664876e-05 0.20805469 0.00078435516 0.0025750988 0.0071806004 0.1693137 0.0019777825 7.948317e-05 0.0009245185 0.0035454496 8.514282e-05 6.122214e-08 0.08609252 0.1587361 0.0032552003 0.0017742893 0.00011961106 0.1693043 0.012913857 4.4349083e-05 0.11554314 0.09608638 0.21195024 0.008687155 0.00055233296 0.12637162 0.028862277 0.007420278 0.0039921794 0.0036760746 0.0031776596 0.07560767 0.025876127 0.0019735843 0.0027280762 0.0127691515 0.0021357464 0.0009298761 2.6601649e-05 0.0012620579 0.0012461429 0.043423377 4.80468e-06 0.018795397 0.045392152 3.5344252e-05 0.0014766164 0.0060641607 0.00039083796 0.0020612287 0.0050171306 0.0015524162 0.0020945612 0.00050941954 0.0015698365 0.00034407026 0.00017799828 6.289507e-05 0.002349821 0.0003195197 0.00017315529 0.00012794694 0.0027192798 3.413796e-06 0.0006393685 0.0010179732 0.000121265926
0.24333806 0.10087739 0.15182757 0.08653496 0.3279548 0.06690599 0.046024095 0.36767626 0.0003397131 0.023683844 0.477964 0.13055824 0.17280509 0.093287684 3.3897719e-18 0.17353599 0.0069423453 0.13070306 0.048172608 0.018390208 0.011768858 0.10082872 0.6096448 0.0027729007 0.0036524308 0.0012079495 0.12681112 0.0006288338 0.39612132 0.0022948182 0.005287788 0.00021049289 0.013989594 0.0006091383 0.0029075996 0.0698884 0.022368798 0.00012338097 0.23749992 0.05455151 4.454649e-05 0.002813742 0.007913801 3.394268e-05 0.0015409074 5.5024993e-05 0.15809079 0.006297031 0.00047730308 0.021253241 0.0050212517 0.016261596 0.00015221501 0.002081527 0.0043739243 0.077595636 0.02334109 0.0009452851 0.0046563074 0.0023328664 0.0012490222 0.00065010384 0.0005426959 0.0006595947 5.0370694e-05 0.009680236 0.06800161 2.9409728e-05 0.0004750862 0.033195533 2.2051354e-05 7.5863154e-06 0.00073630456 7.966697e-05 3.8038186e-05 0.002019805 0.00045316463 0.0010676333 0.09413598 0.0020369668 0.015120031 0.030279584 0.0009792395 0.00016508279 0.0003203077 0.0001577501 4.040681e-05 6.291814e-06 6.7680576e-06 2.1828791e-05 0.00022939284 0.00046604365 7.604305e-05 0.0054085525 0.0010359666 0.00015491138 0.007776811 6.1631064e-05 0.0008209232 1.3606794e-06 2.210143e-06
0.060566578 0.1337322 0.22267558 0.13452438 0.14382274 0.12163412 0.07462351 0.40820694 1.6665637e-06 0.059758212 0.052685577 0.50259274 0.63330585 0.22969705 0.17353599 6.473112e-22 0.024497533 0.684916 0.0701204 0.049404897 0.0013438759 0.15851377 0.07068216 0.007869525 0.01633906 0.0070713693 0.23267779 0.0024938658 0.21869841 0.009233404 0.00081235555 0.0011044517 0.02517587 0.0025132287 0.000253093 0.080454215 0.0024235232 0.00020552466 0.013738164 0.07418784 0.00012409301 0.00028076652 0.0017354753 0.00011273633 0.0002868264 6.719526e-08 0.11354579 0.020798573 0.00090420514 0.003266171 0.00018014423 0.031509288 0.00049375126 0.00022157187 0.010839106 0.11693624 0.032535035 0.0017191368 0.0010356421 0.0030177298 0.001950162 0.0019022905 0.001101943 0.00056726864 4.882095e-05 0.014974609 0.033331003 1.2338349e-05 0.0010422862 0.017576884 1.5355632e-05 6.5506705e-05 0.00012532168 0.0003332322 2.868123e-05 0.006439248 3.0491261e-05 0.00097214134 0.02960137 0.00013569486 0.0013947024 0.0056408416 0.00015179216 0.00046870552 0.00087503984 0.0008000152 5.2406212e-05 1.2032687e-05 1.4242062e-06 1.0703726e-05 6.3158644e-05 9.688893e-05 6.0250364e-05 0.00033443724 9.886087e-05 4.3502747e-05 0.0044535385 8.291583e-06 0.0032205118 4.1948923e-07 3.3486172e-06
0.48859566 0.1471423 0.11952076 0.13322361 0.04037128 0.37155896 0.21632636 0.061466105 0.0005347922 0.5023433 0.003846573 0.10954506 0.066359326 0.33970663 0.0069423453 0.024497533 2.4578972e-17 0.024576377 0.3604044 0.47345734 0.000324765 0.23334357 0.0006612297 0.37053987 0.15513077 0.18867587 0.069197506 0.53369033 0.009474539 0.16314274 4.783733e-05 0.12024288 0.21833704 0.1083759 2.8892015e-05 0.060292747 0.0002862446 0.036640484 0.0012793365 0.03294031 0.04191966 2.4749088e-05 0.0005963083 0.078686684 1.9727178e-05 3.233036e-08 0.007810537 0.10423742 0.049190845 0.0024271233 0.000102191734 0.08841777 0.1352795 4.0643175e-05 0.091397695 0.008132183 0.0597107 0.12117113 0.00040257705 0.2737451 0.029727548 0.076972105 0.042253528 0.06308655 0.051906914 0.022782609 0.002451005 0.037901208 0.028058372 0.00092479365 0.026065078 0.010511906 2.5438665e-06 0.028072156 0.009039809 0.00977706 2.555075e-06 0.066118486 0.06499076 8.432628e-06 0.00043016003 0.009262504 7.9824094e-05 0.04326063 0.064479 0.021132546 0.00977409 0.017337227 0.027498418 0.002858949 2.082199e-05 3.049083e-05 0.010471218 6.441232e-05 8.761085e-05 6.1809383e-06 0.00017681735 1.3546859e-06 5.625361e-06 0.012960476 0.0014818818
0.022245733 0.09181067 0.15888226 0.082442015 0.09646539 0.08923951 0.049254876 0.21629345 1.214782e-06 0.041974053 0.04448934 0.31809053 0.46893206 0.15446761 0.13070306 0.684916 0.024576377 3.0681401e-21 0.07332284 0.049455255 0.0008073069 0.14292575 0.07102678 0.007471978 0.0061539183 0.0045409068 0.27041084 0.002843793 0.20266727 0.0042866757 0.00072253915 0.0009220143 0.022161057 0.0017415592 0.0002990991 0.08977761 0.002449625 0.00044822827 0.011059361 0.07416465 0.00022923824 0.0003737008 0.0011567596 0.00021784486 0.00042371723 1.1397289e-08 0.11620686 0.015825193 0.0006676165 0.0023132337 8.428918e-05 0.023325562 0.00065722596 0.0002716475 0.008286793 0.10983182 0.027822202 0.000981651 0.00045259824 0.004808464 0.001059074 0.0016589169 0.0009768079 0.00037257382 0.00010590962 0.011770984 0.028507724 3.193221e-05 0.0011305911 0.014855029 2.721154e-05 0.00012602987 0.00017807366 0.00035001506 6.148161e-05 0.005060646 3.7369045e-05 0.0011728477 0.026511066 0.00012785474 0.0009318633 0.0039924537 0.00032784542 0.0003923577 0.00049757684 0.00046502586 5.8712947e-05 2.7018015e-05 6.613171e-07 3.6919984e-05 0.00010097893 0.00014648863 7.11724e-05 0.00027896205 0.00011350118 7.042832e-05 0.0035176603 9.868702e-06 0.002673009 1.4337203e-07 1.0274254e-05
0.048070267 0.08972403 0.117854975 0.06261435 0.0761442 0.24319427 0.072197884 0.11030577 8.004062e-06 0.25460386 0.013439401 0.16663651 0.14433828 0.43576214 0.048172608 0.0701204 0.3604044 0.07332284 5.610425e-19 0.55115354 0.00021959699 0.43602484 0.005416587 0.105333254 0.027738586 0.026123956 0.27795362 0.13846222 0.14137857 0.020144196 8.720473e-05 0.015546163 0.32260445 0.014614823 6.965457e-05 0.3181708 0.00032641285 0.0039173635 0.0054495847 0.24659611 0.0035448715 9.1216585e-05 0.00028556897 0.008203459 5.6852783e-05 3.737011e-09 0.06374879 0.33350837 0.0038854438 0.00089686917 9.697277e-05 0.30640435 0.030051636 5.0126924e-05 0.265543 0.068947025 0.30215633 0.0081671225 0.00020465879 0.25113213 0.041876487 0.006016215 0.0038120518 0.0032716251 0.008155965 0.13595204 0.020462316 0.005257933 0.0026545937 0.0076198545 0.0056771454 0.002366062 6.06475e-05 0.0013044261 0.0029548046 0.07929487 5.826868e-06 0.061394997 0.0650009 1.5668487e-05 0.0018474135 0.0055438792 0.0005115716 0.002082936 0.0045392704 0.0015202351 0.004788213 0.0005620728 0.0033006794 0.0008836535 0.00013326002 0.00014542116 0.006201696 0.00019356389 0.00012953665 5.367985e-05 0.0018306951 4.951357e-06 0.0002820843 0.0012499344 0.00025215535
0.08125199 0.07169261 0.08916415 0.0442689 0.03858593 0.22291557 0.06750733 0.08463311 1.0756878e-05 0.3011771 0.0067791753 0.1425752 0.1125268 0.43501297 0.018390208 0.049404897 0.47345734 0.049455255 0.55115354 3.603345e-18 0.00011287963 0.3628127 0.0020951054 0.20418525 0.03651984 0.05162435 0.20565808 0.35194898 0.06782519 0.037151467 3.6127796e-05 0.04813477 0.40356365 0.04654614 3.0513575e-05 0.26712695 0.00041099958 0.015383709 0.0042449604 0.17156172 0.022374408 6.668224e-05 8.922125e-05 0.055638753 2.3890427e-05 9.671383e-10 0.036711078 0.34710515 0.011245467 0.0006188597 7.6311335e-05 0.29988453 0.11796456 5.0109764e-05 0.3143457 0.038069982 0.26171184 0.014826057 8.549782e-05 0.37743214 0.041186076 0.0113388775 0.010844927 0.009011774 0.03716829 0.09905891 0.011913855 0.041063346 0.0063216765 0.0055643143 0.032182552 0.016099129 2.672992e-05 0.0039088344 0.014857415 0.053987306 3.280706e-06 0.1544888 0.07109719 8.131411e-06 0.0024496205 0.0049951095 0.0004395361 0.0077159535 0.010084694 0.0033018477 0.011990796 0.0037116555 0.012235937 0.0063927947 0.0002344682 7.993288e-05 0.016854044 0.00035818148 0.00035271113 3.193072e-05 0.0017073477 4.0575574e-06 1.9987394e-05 0.005269247 0.0018468101
0.9661913 0.005467888 0.005235556 0.0064055435 0.056058012 0.0017709363 0.00208449 0.005061187 0.038469713 0.0003543864 0.107162654 0.0012733351 0.0016749923 0.0007056716 0.011768858 0.0013438759 0.000324765 0.0008073069 0.00021959699 0.00011287963 1.4601553e-17 0.0004388444 0.034745693 7.485504e-05 0.0002086245 2.8058706e-05 0.0006328312 2.1881751e-05 0.0053534713 0.0001255874 0.58734244 3.4710265e-06 0.00023099432 1.671063e-06 0.31027243 0.0011249308 0.088534266 6.4312914e-08 0.050372295 0.0006123785 5.13117e-08 0.12526888 0.61372125 5.7386313e-08 0.18105236 0.15881452 0.0019740907 0.00012419387 4.926471e-07 0.5927898 0.2883128 0.00028552214 3.9051134e-05 0.085369624 0.000115658804 0.00043222163 0.0004299923 5.6214012e-05 0.4316869 4.3388474e-05 1.5977041e-06 5.844429e-05 2.103177e-06 5.700887e-05 1.2639314e-06 0.00019667226 0.0016634493 1.2532669e-06 4.3233126e-07 0.0008480978 7.164228e-07 1.2064423e-07 0.03642884 1.4641174e-07 3.8897514e-07 2.281459e-05 0.024736544 5.1425875e-05 0.15217736 0.032945726 0.0032501318 0.13665345 0.016629728 1.9616415e-07 6.3497396e-07 1.0573214e-07 6.7622085e-07 1.6783738e-09 1.627053e-08 1.0584615e-07 0.0047090985 0.0056325314 1.4327409e-06 0.0009569209 0.0026714492 0.01356538 6.343735e-05 0.005166092 3.331321e-06 7.937718e-09 3.111191e-08
0.02057174 0.111212455 0.17524306 0.07656683 0.10720801 0.20189062 0.06698937 0.15920582 3.0464885e-06 0.17567745 0.020304566 0.2470504 0.26160154 0.41815773 0.10082872 0.15851377 0.23334357 0.14292575 0.43602484 0.3628127 0.0004388444 3.570244e-20 0.016833618 0.041118827 0.016627453 0.013703926 0.46021655 0.04494315 0.18441774 0.010514357 0.00024368866 0.0053916224 0.26022172 0.0048252335 0.00019686516 0.350354 0.0005993711 0.0020653147 0.006997665 0.27296367 0.0017704818 0.00023443601 0.0007144268 0.0025265398 0.00016933268 2.3622815e-09 0.10162258 0.23712872 0.0014892915 0.0013135027 0.00019548058 0.24969111 0.00948498 0.00018107674 0.161234 0.12999818 0.25775605 0.0032455893 0.00049350125 0.111219905 0.031130787 0.0028820054 0.0015352836 0.0015369507 0.0014317507 0.11479295 0.029217467 0.0008927726 0.0016413031 0.013064523 0.0010453876 0.00067634764 0.0002239098 0.00078747724 0.0007078652 0.06739304 2.409184e-05 0.01682188 0.057168093 5.389432e-05 0.0020925854 0.005749657 0.00051300356 0.0011843117 0.0023462558 0.0012479001 0.0011599172 0.00030623176 0.00030748834 0.00043572567 0.00012428725 0.00025868535 0.0013335601 0.0003628186 0.00011428736 7.4088086e-05 0.0021704691 1.1306875e-05 0.0031976032 0.000117397394 0.00021215309
0.14774172 0.052049156 0.08412857 0.03349428 0.40295988 0.008200394 0.00800404 0.20436743 0.00080901786 0.0029545103 0.57253927 0.028696256 0.055437136 0.010753366 0.6096448 0.07068216 0.0006612297 0.07102678 0.005416587 0.0020951054 0.034745693 0.016833618 1.5110042e-20 0.00067620416 0.00040510733 0.00042817378 0.033679906 0.00015020226 0.46752152 0.000467069 0.034822077 0.00019113555 0.004400986 0.00045480818 0.01739721 0.016921107 0.23151553 8.87726e-05 0.5384754 0.014947235 4.8427763e-05 0.042779017 0.024866011 1.1024274e-05 0.01435521 0.0010213202 0.071373396 0.0031530603 0.0003548922 0.03487488 0.014372737 0.004029402 0.00019386261 0.036179427 0.002121527 0.013918835 0.0056335353 0.00014308323 0.0122788735 0.0021669064 0.000102939135 0.00022170888 0.00021606713 0.00021638325 2.7249505e-05 0.0018462696 0.038073026 1.5419086e-05 0.00032110474 0.025348308 9.112291e-06 2.4257452e-06 0.002554437 7.1718845e-05 7.732173e-06 0.00031681554 0.0018037142 0.00078302406 0.046087682 0.0054291203 0.034965172 0.024341343 0.010641777 3.70324e-05 5.687838e-05 3.5271554e-05 2.268976e-05 2.3482266e-06 7.402257e-08 3.3568278e-06 0.0031519942 0.0025660652 3.5017467e-05 0.011270295 0.0068794335 0.0016997444 0.0053862287 0.0003667705 0.0001742232 1.8286471e-08 6.9695415e-07
0.77567506 0.08035607 0.03837222 0.13878973 0.007956974 0.24526279 0.1985475 0.012042267 0.00095480186 0.3200476 0.001537049 0.033748847 0.019275466 0.12028483 0.0027729007 0.007869525 0.37053987 0.007471978 0.105333254 0.20418525 7.485504e-05 0.041118827 0.00067620416 3.7316704e-16 0.26549244 0.35229743 0.013299411 0.47659343 0.0034284114 0.30215064 1.4838306e-05 0.28806072 0.061705396 0.19420357 2.4502477e-05 0.014984837 0.00011070035 0.10008835 0.0008332534 0.008727026 0.11667435 1.9014153e-05 0.0008298053 0.25422996 3.7272664e-05 7.0590545e-08 0.0020820948 0.021962145 0.107451744 0.0024700377 6.7101355e-05 0.024324654 0.14581749 4.64782e-05 0.025341522 0.0013183091 0.014577441 0.22759493 0.0005083918 0.12052727 0.0066321213 0.14956798 0.094520815 0.15955612 0.063567325 0.0036548402 0.0013957369 0.06360645 0.06578232 0.000557401 0.049172267 0.03283544 3.2248267e-06 0.06761492 0.02073228 0.0015683313 9.199608e-06 0.056697175 0.061371595 8.786929e-06 0.0003900662 0.007888133 4.7060523e-05 0.10178684 0.14767502 0.071632974 0.014620854 0.038414482 0.015587174 0.006629801 1.726174e-05 1.729143e-05 0.014852266 9.112886e-05 6.0007802e-05 1.3797529e-05 0.00031138543 6.863865e-07 6.06766e-07 0.0105632935 0.0050367885
0.9792297 0.15873659 0.1111748 0.21281864 0.033503473 0.2821608 0.32053417 0.03104096 0.014470545 0.28346804 0.0040159617 0.08319401 0.03865135 0.07106234 0.0036524308 0.01633906 0.15513077 0.0061539183 0.027738586 0.03651984 0.0002086245 0.016627453 0.00040510733 0.26549244 2.258775e-16 0.4174812 0.006065248 0.124241576 0.0016693723 0.686136 2.8662747e-05 0.13863412 0.0070967954 0.09208588 2.6295016e-05 0.0031080688 6.650486e-05 0.030189903 0.00039985523 0.001955671 0.020780236 2.3483777e-05 0.0015602038 0.009820583 2.6370908e-05 1.2265635e-05 0.0007639693 0.002715929 0.052302666 0.0030981314 6.469705e-05 0.0032988072 0.008498066 3.6697114e-05 0.0025804716 0.00082700356 0.0021092743 0.30726767 0.0007613999 0.020232843 0.002253468 0.17559889 0.041543614 0.19250889 0.004559108 0.00042461668 0.00035659666 0.0036729418 0.02133504 7.532689e-05 0.0025654472 0.004659159 3.6599813e-05 0.02160004 0.0021672673 9.922878e-05 2.6955062e-05 0.003862249 0.06636809 8.347977e-05 5.2097115e-05 0.014396449 1.543839e-05 0.021971185 0.04992859 0.02341005 0.0003412602 0.017566336 0.0018930417 0.0012349299 4.820804e-06 6.5824115e-06 0.00042828772 0.00012526086 1.0120505e-05 3.506577e-06 0.00029301623 2.3895568e-06 4.9853106e-06 0.0012551143 0.0022511566
0.8182991 0.06674683 0.041804533 0.09646237 0.0041733915 0.170194 0.16278721 0.004843987 0.006318621 0.2400154 0.0007869108 0.03024956 0.019906841 0.049395017 0.0012079495 0.0070713693 0.18867587 0.0045409068 0.026123956 0.05162435 2.8058706e-05 0.013703926 0.00042817378 0.35229743 0.4174812 3.6552235e-16 0.005441167 0.2383561 0.001886362 0.5065405 7.1398335e-06 0.2657563 0.016837856 0.26512194 1.678923e-05 0.0038514498 4.6495352e-05 0.1134155 0.0005428173 0.0025395483 0.07819345 3.1272295e-05 0.00049357256 0.027010037 2.5046389e-05 2.9804454e-07 0.0010541504 0.0042038676 0.12148146 0.0012083256 1.4066361e-05 0.004840448 0.020924363 4.9588634e-05 0.005543388 0.001156656 0.0023010187 0.24442112 0.00030402138 0.06116647 0.0021703397 0.23768656 0.08298146 0.11575584 0.010671692 0.00057915365 0.00052525423 0.009827816 0.04577908 0.00012917051 0.009318154 0.007536602 1.5966067e-05 0.041414067 0.0075125527 0.0002940663 8.717251e-06 0.0115556875 0.029816037 1.080418e-05 0.00012881782 0.0057645743 1.820708e-05 0.054264937 0.08689984 0.04721639 0.001129876 0.02666962 0.0035600152 0.0026041516 1.0029391e-05 2.5895893e-05 0.0010365666 0.00012046839 1.693481e-05 7.435675e-06 0.00011879336 2.6515497e-06 1.5493617e-06 0.002225816 0.0036561615
0.007449903 0.07959163 0.14168456 0.050684165 0.07341396 0.10263495 0.034623723 0.1843502 7.2344295e-07 0.068211615 0.026702406 0.22849688 0.23690264 0.25342605 0.12681112 0.23267779 0.069197506 0.27041084 0.27795362 0.20565808 0.0006328312 0.46021655 0.033679906 0.013299411 0.006065248 0.005441167 2.1139521e-20 0.009351947 0.28686237 0.004602593 0.0006982715 0.0019399374 0.13705134 0.0031480035 0.00033138017 0.34809154 0.00070250256 0.0011845691 0.0092566805 0.29063407 0.0010459506 0.00023308794 0.0007292767 0.0009357835 0.00043447645 1.6032973e-09 0.2048784 0.12976676 0.0010276578 0.0018017172 0.00011075917 0.17193262 0.002626821 0.0002522614 0.0682118 0.22648658 0.16664122 0.0016437483 0.00033242727 0.02970833 0.018229911 0.002647469 0.0011212714 0.00093825656 0.00031665424 0.09067874 0.046404403 0.00016659108 0.0017522239 0.022030333 0.00014525608 0.000181868 0.0002667175 0.0005934218 0.00022810923 0.04829546 4.2728876e-05 0.0030464628 0.03788124 6.0591316e-05 0.0017413717 0.0045341174 0.00025352833 0.0009191597 0.0012045437 0.0009042926 0.00020851905 8.887899e-05 2.5204006e-05 6.1221064e-05 8.609709e-05 0.00010972204 0.00026002518 0.00042291425 0.00010500398 6.730599e-05 0.004932225 1.1161587e-05 0.008861333 7.560992e-06 7.022397e-05
0.618218 0.032786954 0.015949253 0.042700317 0.0037814216 0.17883825 0.123668455 0.0036024023 0.00014622971 0.34486002 0.00038259005 0.013550439 0.0074477857 0.0957701 0.0006288338 0.0024938658 0.53369033 0.002843793 0.13846222 0.35194898 2.1881751e-05 0.04494315 0.00015020226 0.47659343 0.124241576 0.2383561 0.009351947 6.044513e-18 0.0015133151 0.18854406 4.894442e-06 0.36634287 0.13279831 0.25323576 1.0846559e-05 0.01701884 4.8035457e-05 0.15487537 0.00037585656 0.008557565 0.179015 9.800742e-06 7.4794676e-05 0.5776784 1.0226413e-05 1.0434431e-08 0.0018480207 0.04401157 0.12264999 0.0007895799 2.3795179e-05 0.04203161 0.4211336 1.207962e-05 0.05126466 0.0010911394 0.024122993 0.14828475 0.00010755559 0.24698451 0.0098983 0.13628106 0.12232417 0.084316045 0.24234362 0.0056313067 0.0014267219 0.199892 0.08110652 0.00059861597 0.13503136 0.15414436 7.0557735e-07 0.085031986 0.07633376 0.0022106785 6.6648727e-07 0.17609167 0.052228697 1.1997995e-06 0.00022374735 0.0044058785 2.449348e-05 0.12172482 0.15754355 0.08153525 0.043704696 0.049835365 0.03729459 0.019628633 8.004146e-06 9.155592e-06 0.04267586 4.902077e-05 2.9709954e-05 3.2703695e-06 0.00034355218 2.5044812e-07 3.3986794e-07 0.024838015 0.012277033
0.022538641 0.09147153 0.14974734 0.048231736 0.20136283 0.048723523 0.022647966 0.23638749 5.1809075e-06 0.02131601 0.22689086 0.14160253 0.17316279 0.14914295 0.39612132 0.21869841 0.009474539 0.20266727 0.14137857 0.06782519 0.0053534713 0.18441774 0.46752152 0.0034284114 0.0016693723 0.001886362 0.28686237 0.0015133151 1.2189675e-18 0.0013185065 0.0043790103 0.0010898655 0.029836083 0.0035361282 0.0026643379 0.1850421 0.010496709 0.001337154 0.23935153 0.18251242 0.001217445 0.0012669188 0.00358297 0.00026429156 0.0015667225 9.019516e-07 0.41829348 0.025848893 0.0025125064 0.0059743305 0.002066476 0.04089379 0.0019759922 0.0012199751 0.0137600815 0.25248283 0.046958916 0.00073074806 0.0018170642 0.011775306 0.0010474359 0.0011395878 0.0016442382 0.00082912116 0.00027396405 0.02703515 0.21651156 0.00015141278 0.0016382254 0.14727998 0.00010610119 0.00018611734 0.00074159063 0.0005790907 0.00011836014 0.009607629 0.00033180998 0.0035447176 0.043744057 0.001220787 0.016575696 0.012086718 0.00048769693 0.0011843856 0.000523085 0.0005295688 0.0002894904 4.2944208e-05 1.152879e-06 5.1082887e-05 0.00020617702 0.00045289678 0.00037599978 0.008441275 0.00072438334 0.00016072372 0.040635 4.5550114e-05 0.014193617 4.0704728e-07 2.85329e-05
0.941482 0.08858034 0.057473898 0.12022221 0.008869835 0.17962106 0.21391602 0.012541601 0.019829767 0.25913087 0.0015486536 0.033894505 0.016379217 0.04107411 0.0022948182 0.009233404 0.16314274 0.0042866757 0.020144196 0.037151467 0.0001255874 0.010514357 0.000467069 0.30215064 0.686136 0.5065405 0.004602593 0.18854406 0.0013185065 3.0363169e-15 1.2362259e-05 0.23967284 0.011591045 0.23690987 1.1502241e-05 0.0032221307 8.888569e-05 0.105897956 0.00043460476 0.0017989238 0.06801331 1.0315145e-05 0.00056086114 0.037671648 1.01553205e-05 5.8752626e-06 0.0011285547 0.0041546435 0.16927561 0.0016984547 1.7112745e-05 0.003957567 0.017171208 2.0427806e-05 0.0046918965 0.0012742517 0.00248727 0.3710005 0.00054419186 0.03519966 0.0017369326 0.40772834 0.13011381 0.17144749 0.017228412 0.00080357457 0.0010930022 0.017780319 0.08552809 0.00036070804 0.01405607 0.010490644 2.4480147e-05 0.054051146 0.0076956116 0.00015407686 1.6981468e-05 0.009228557 0.060397014 6.461474e-05 0.0007417041 0.008715377 8.4793086e-05 0.046216525 0.12049546 0.04686328 0.0015408016 0.031176254 0.0021098065 0.0029797833 3.3894485e-05 1.549852e-05 0.0010435404 0.00051174336 7.043431e-05 1.2299229e-05 0.0013337026 2.3156624e-06 5.130696e-06 0.0016467081 0.0039587556
0.34074846 0.00096831896 0.0005226659 0.0022532262 0.024083406 0.000106667416 0.0003025714 0.0007906879 0.0034100872 1.9670988e-05 0.050221857 0.00019690387 0.00048689323 0.00011356603 0.005287788 0.00081235555 4.783733e-05 0.00072253915 8.720473e-05 3.6127796e-05 0.58734244 0.00024368866 0.034822077 1.4838306e-05 2.8662747e-05 7.1398335e-06 0.0006982715 4.894442e-06 0.0043790103 1.2362259e-05 6.6354592e-18 8.0987013e-07 0.00015393338 1.1788723e-06 0.44082302 0.0007534834 0.21203452 2.8985764e-07 0.075271375 0.0004798411 1.6039749e-07 0.2065715 0.6231108 4.8508166e-08 0.30402988 0.21548139 0.0017291488 8.3728446e-05 1.1505164e-06 0.17665452 0.32207862 0.0002089341 2.3116852e-05 0.15655635 6.916934e-05 0.00045549136 0.00024124637 8.056798e-06 0.42421553 4.280778e-06 7.058234e-08 3.191787e-05 3.5324927e-06 1.9160505e-05 6.805515e-07 0.00014146695 0.0007555439 9.84408e-07 1.9524728e-06 0.000307202 2.1031688e-06 6.767485e-07 0.062249713 8.265643e-07 7.390248e-07 1.444749e-05 0.043390248 2.3254517e-05 0.033664484 0.041222394 0.0028231037 0.03226241 0.03187481 1.1261286e-06 4.4426804e-07 6.0904443e-07 7.1506986e-07 1.326777e-08 4.3828616e-10 2.0893418e-07 0.00646792 0.009413771 1.1581487e-06 0.0007239703 0.0033357148 0.025509229 4.37816e-05 0.0065222806 2.583606e-06 3.491297e-10 7.475955e-08
