1.2308613e-15 0.24582332 0.29643252 0.1531532 0.052200288 0.08185223 0.9545431 0.027397312 0.08850232 0.7067685 0.019530114 0.04854968 0.7760436 0.97281784 0.3937365 0.9299531 0.3705826 0.109864 0.9008128 0.9268601 0.009701722 0.96774304 0.97096545 0.7554819 0.9716116 0.06324813 0.032175135 0.89428973 0.8701461 0.9819931 0.9580623 0.9885973 0.9900333 0.913484 0.9762393 0.1865649 0.9795839 0.929228 0.9537478 0.98759514 0.9595366 0.9884612 0.0037228952 0.865387 0.9492268 0.9878938 0.99785954 0.4562401 0.00061064295 0.99023944 0.9701355 0.94339234 0.999064 0.85061723 0.9973479 0.75766796 0.04850235 0.9876523 0.9775249 0.99255025 0.9195392 0.9479552 0.03535683 0.8875026 0.14984548 0.9700218 0.32504308 0.94403523 0.9311053 0.968363 0.00021840964 0.98434037 0.7966091 0.9966473 0.9683818 0.61049324 0.9994229 0.98849547 0.9598508 0.9709894 0.9453752 0.99988204 0.9938139 0.99964976 0.999622 0.94496584 0.9958119 0.35822368 0.00016896972 0.5535484 0.30073452 0.9999435 0.9299042 0.9903082 0.3878004 0.8786668 0.9997522 0.99999875 0.0018765293 0.49343017 0.9999966
0.24582332 3.0947242e-13 0.9957111 0.6183793 0.9025571 0.40714455 0.71354073 0.5971594 0.05987978 0.11879184 0.017055154 0.007669237 0.50562775 0.4870204 0.008016251 0.00087036286 0.040032137 0.006549328 0.09409721 0.0075391475 2.502373e-05 0.075201504 0.26691684 0.031590004 0.2177305 0.0055062505 0.0006076188 0.0027004748 8.50834e-05 0.025690716 0.003105435 0.0047737523 0.12089778 0.00062202115 0.00082936866 0.0019217429 2.0781063e-05 0.00013914534 5.53303e-05 0.13155054 0.000305333 0.01025677 0.00048319635 6.7931825e-07 0.0038279244 0.010173832 0.02122884 1.5973043e-05 0.00042524116 0.00020513461 0.004567984 0.00047376077 0.012552795 2.9440466e-06 0.0012311892 0.0005830854 3.280004e-05 0.0005387767 5.8069665e-05 3.3874496e-08 3.994066e-07 1.3407734e-05 5.6200235e-05 3.4606778e-06 7.354125e-09 6.653698e-06 4.854702e-05 9.593682e-07 3.3408912e-06 8.03634e-06 5.965247e-06 5.432745e-06 8.124705e-08 8.264509e-05 2.1018225e-07 5.2889515e-09 0.0006985706 3.8664457e-06 3.824999e-08 0.010102411 6.507647e-08 0.00011592217 5.471641e-07 0.004330043 2.9507974e-05 4.23283e-08 9.223366e-05 2.1145238e-06 4.46583e-06 1.3224787e-09 4.6730756e-06 5.1596405e-08 2.6059562e-08 4.639547e-05 4.3059836e-06 1.413519e-06 0.00013246013 0.001905308 5.4052007e-06 1.9601146e-06 0.0018124693
0.29643252 0.9957111 1.4590009e-12 0.89454293 0.16779391 0.80466646 0.7236698 0.033648573 0.1991377 0.09245926 0.13126187 0.031456478 0.2969639 0.38695914 0.07053726 0.023732783 0.013912114 0.0020238433 0.055637684 0.06203447 0.0010543964 0.04743968 0.34107187 0.009575435 0.327727 0.0021016274 0.0022401176 0.04201764 0.00012565903 0.0098509835 0.018075896 0.03628551 0.21290109 0.0034912678 0.0030296352 0.0025045206 1.7576884e-05 0.00081152166 4.5718494e-05 0.121696815 0.00063623354 0.029001962 0.0008083211 3.950912e-07 0.0016584209 0.007313456 0.024677213 1.170923e-05 0.0002982568 0.0007110004 0.005564606 0.0005147956 0.019742774 1.2405249e-05 0.004001291 0.000108727996 2.8289724e-05 0.00027090608 1.9954006e-05 2.4041146e-08 2.9527143e-07 6.4497663e-06 1.4226716e-05 1.2130206e-05 2.3897366e-08 1.854974e-05 9.27132e-06 2.7263034e-06 1.4326645e-06 3.3325527e-05 7.238644e-06 1.6035841e-06 1.9742723e-07 7.7569195e-05 1.1043371e-07 8.716865e-09 0.00037346085 2.8836723e-06 1.458871e-07 0.007065481 1.4491589e-07 0.000102192134 2.7064316e-06 0.0042063864 8.889815e-05 1.3216304e-07 0.00030837112 2.4718718e-06 2.4443461e-06 1.8812782e-09 7.0123087e-06 5.644274e-07 2.0757005e-08 4.9277536e-05 2.453562e-06 2.1063886e-06 0.0001531799 0.002689327 2.2174754e-06 3.7731106e-06 0.0013062404
0.1531532 0.6183793 0.89454293 7.7506056e-16 0.010495933 0.9877486 0.6661896 0.003119478 0.092116915 0.015518538 0.70365936 0.29439387 0.01874629 0.14696549 0.54212415 0.22977501 0.00017417036 6.592837e-05 0.0073238206 0.3495857 0.01886536 0.0067997524 0.2531706 0.00014031386 0.31764317 4.77278e-06 0.012852137 0.15263702 0.00038999182 0.00096465147 0.100402825 0.16797192 0.33964834 0.024352157 0.030497907 0.0005515903 6.0607897e-05 0.00018925116 2.1308819e-05 0.03328374 0.0011721046 0.122089885 0.00014606191 7.023666e-06 5.702154e-07 1.9411784e-05 0.017117415 1.8543982e-06 5.470882e-06 0.0006217673 3.3572967e-05 0.00015270266 0.0648051 3.9760633e-07 0.032844696 6.068251e-07 6.494092e-07 3.252795e-06 3.5233865e-07 1.6137246e-06 3.729275e-07 1.7035707e-07 1.4195017e-07 2.3830116e-06 2.3156687e-08 7.4181517e-06 4.254425e-08 1.9004226e-06 7.841973e-07 1.9517367e-05 1.5372885e-06 2.9734116e-08 2.5060554e-09 1.2709994e-07 4.9270814e-09 3.0847374e-08 3.3008873e-05 1.2869017e-07 2.9390058e-08 0.0034732951 1.60868e-08 3.1082375e-06 4.0263612e-06 0.0011298744 4.6675726e-05 2.4977487e-08 0.0005989834 1.1135564e-08 1.4744434e-08 1.6587443e-09 9.470445e-09 9.382028e-08 1.4975647e-07 1.368675e-05 6.324076e-08 7.530505e-09 1.4721245e-05 0.0055972296 6.740089e-08 3.5860288e-09 0.00013619661
0.052200288 0.9025571 0.16779391 0.010495933 3.552942e-16 0.0054615303 0.06990065 0.9982949 0.0040440853 0.067701176 0.0003969443 8.087356e-05 0.7649919 0.3942048 0.00021105127 7.622373e-06 0.25590724 0.015324189 0.10127661 0.00013842835 1.9379697e-06 0.039053198 0.07058899 0.06138394 0.049175926 0.016422998 1.1845742e-05 5.6946385e-05 0.00018276903 0.02760044 0.00014171192 0.00037231325 0.041362103 2.0020398e-05 1.1157682e-05 3.3604203e-05 3.8471455e-05 2.093279e-05 0.0006708418 0.057849195 3.054875e-05 0.0011570145 3.1078063e-05 9.968433e-07 0.0026527056 0.013600328 0.0071232226 2.0920057e-05 3.4828427e-05 2.708682e-05 0.004026771 0.00070310244 0.0019571432 3.1710838e-06 0.00012699231 0.00058626896 8.577226e-06 0.0013067838 0.00017130372 4.111183e-09 4.5029597e-06 7.8839585e-05 1.9045023e-05 7.872373e-07 4.8495563e-09 1.3413008e-06 6.375406e-05 4.242398e-07 1.0884121e-05 8.895239e-06 6.1884737e-07 9.848489e-06 1.1052011e-07 5.4951e-05 4.5054958e-07 1.40004675e-08 0.0006981769 9.6504245e-06 1.4807141e-08 0.009113321 4.750746e-08 0.00020061154 8.406768e-07 0.0018466597 4.1418315e-07 2.7074565e-08 1.5845806e-05 1.0070311e-06 4.196679e-08 6.6804273e-10 5.937173e-07 2.7592046e-07 1.7936618e-07 3.667567e-05 2.0529528e-06 8.077516e-08 7.355677e-05 0.00051009236 8.870769e-07 9.282475e-08 0.0013692704
0.08185223 0.40714455 0.80466646 0.9877486 0.0054615303 2.7922266e-13 0.6029051 0.0015628018 0.0956685 0.00707627 0.9600354 0.54445577 0.016838212 0.14246719 0.6523672 0.2663252 0.0003127279 0.00014481222 0.009040171 0.21785587 0.14571466 0.007047906 0.19121914 0.0006845059 0.26093408 0.00014461101 0.10562545 0.13000448 0.000104526 0.00096034963 0.048703235 0.07799818 0.17387743 0.027002499 0.011425924 0.0056722374 1.1568422e-05 0.0035126472 8.078186e-06 0.027033802 0.0016032502 0.04670266 0.0013699848 1.1610786e-07 0.00034809284 0.00094445376 0.011415273 5.4340282e-05 0.0003021383 0.00072059577 0.00068177195 0.0003031563 0.020839792 1.3996378e-05 0.008095339 2.2122571e-05 0.00029821557 6.588149e-05 3.920751e-06 2.7727404e-08 2.32304e-07 3.5474416e-06 1.6507136e-05 2.6728212e-05 1.92478e-08 5.194238e-05 1.948288e-06 9.166154e-06 8.08869e-07 4.957043e-05 9.866425e-06 6.455432e-07 3.5316418e-07 2.2630786e-05 1.2859252e-07 2.814788e-08 0.00022508368 6.352665e-07 6.9121336e-07 0.0007160485 5.486648e-07 3.7506325e-05 1.9456495e-06 0.00037293218 4.9863396e-05 3.7089993e-08 0.00020763463 2.3105688e-06 3.6887411e-06 1.6837605e-09 2.3460216e-06 4.0010121e-07 1.3677295e-08 8.191052e-06 3.1766157e-07 4.3093993e-07 9.839377e-05 0.0026692604 7.07064e-07 5.8117195e-07 0.00052117516
0.9545431 0.71354073 0.7236698 0.6661896 0.06990065 0.6029051 2.999169e-15 0.004612194 0.9130832 0.964365 0.27386498 0.13614716 0.1327924 0.62575155 0.1722196 0.14640151 0.0022607308 0.00024112193 0.08906109 0.28723294 0.013513479 0.07974903 0.7092694 0.0009809444 0.75362605 0.0002119806 0.021781227 0.27554643 0.018033564 0.0059117735 0.153134 0.3564878 0.60300905 0.038300913 0.020508341 0.0029550863 0.00053317944 0.0030548866 0.00020731053 0.21238334 0.0017612063 0.15547635 0.001000505 3.2680047e-05 0.0002540327 0.011723762 0.13862099 2.6934968e-05 4.6040343e-05 0.011981885 0.003919241 0.0012386069 0.24833265 7.942653e-06 0.103771105 5.586902e-05 1.9050998e-05 0.0009748406 5.9281574e-06 8.128735e-06 4.0585674e-06 7.737189e-06 2.483412e-06 0.00015717345 2.0802278e-07 4.446767e-05 8.944698e-06 1.9259138e-05 1.3748122e-06 0.0015537449 7.887176e-07 7.583772e-07 4.406218e-08 0.0003662116 1.4173718e-06 4.9049245e-09 0.0010151651 7.3966344e-06 1.6637206e-07 0.033053868 5.840319e-08 0.00078934344 6.9463844e-05 0.038746513 0.0074173952 4.4220695e-07 0.0033652969 1.8191005e-07 4.505446e-08 2.6554135e-08 6.0821037e-07 1.733381e-05 1.2633208e-07 9.697698e-06 3.244639e-07 2.958161e-08 0.00019197442 0.043735683 3.9750356e-07 2.0449595e-07 0.013586872
0.027397312 0.5971594 0.033648573 0.003119478 0.9982949 0.0015628018 0.004612194 5.17919e-13 0.00024133633 0.00555073 9.1893526e-05 1.6475318e-05 0.5828269 0.11874314 0.00018949716 5.0117724e-06 0.41614783 0.69271195 0.04535431 0.00010728114 1.3034293e-05 0.018860739 0.014843678 0.07032498 0.0058303475 0.62985486 2.5322133e-05 2.5435038e-05 3.7902035e-05 0.036982298 9.813111e-05 0.00012384793 0.0050972034 9.8852615e-06 3.1476597e-05 1.6449885e-05 1.0838454e-05 1.5679863e-05 0.00053832936 0.032335036 6.351277e-05 0.00028615454 1.8286692e-05 2.149132e-06 0.0030737005 0.010663645 0.002832174 0.000119553006 0.00015907211 1.3250051e-05 0.0063045956 0.0009216662 0.0011967918 9.131133e-06 4.6318368e-05 0.0030555192 0.00020042415 0.002093794 0.00016840923 3.413399e-08 2.1905973e-05 5.9463364e-05 1.5308067e-05 7.683695e-06 2.236847e-07 1.7934071e-05 0.00042361623 1.6224604e-06 1.8380442e-05 2.5424535e-05 2.7330198e-06 3.230917e-05 1.0215647e-06 0.00010070504 6.4974897e-06 2.536589e-06 0.0023357004 6.427928e-05 1.295272e-07 0.006111432 2.3654219e-07 0.00033435368 4.7870003e-07 0.002499808 2.9227415e-06 1.1664764e-08 3.4676268e-05 5.702225e-07 8.536029e-07 1.6843001e-09 5.2339783e-07 2.3022862e-07 4.53816e-06 6.442879e-05 1.529519e-06 3.0482816e-08 5.5261484e-05 0.0006441159 3.5947843e-07 9.911457e-08 0.0015493502
0.08850232 0.05987978 0.1991377 0.092116915 0.0040440853 0.0956685 0.9130832 0.00024133633 9.366563e-19 0.8293188 0.015043722 0.026675625 0.0023513932 0.077742465 0.07803951 0.79404646 0.000103194405 5.9751023e-06 0.023833489 0.9747587 0.004413812 0.021292597 0.20548584 0.00036907927 0.36986205 6.610654e-07 0.0009858569 0.85114294 0.08767757 0.0014875362 0.5010283 0.5581533 0.09968058 0.45193872 0.25906292 0.00028386677 0.0042596287 0.047530536 0.00014872498 0.0083817085 0.064932905 0.09599365 2.3228919e-05 0.00011342825 1.0928696e-06 5.5908407e-05 0.010255166 0.0005401684 7.4578816e-06 0.047023047 1.2249433e-05 0.011789448 0.026904296 0.0008656408 0.027520739 4.0493196e-06 1.2116471e-05 2.9438224e-06 3.6729816e-07 0.0003530349 2.681245e-06 1.792406e-06 1.2534426e-06 0.0016417124 5.6651575e-06 0.0011619572 4.957345e-07 0.00076345954 1.1245392e-06 0.0036631345 3.293072e-06 5.7301985e-08 2.9108065e-07 1.9684424e-07 2.2416165e-08 1.6550483e-07 1.2911188e-06 2.5114398e-08 1.661198e-05 0.0011336883 8.006177e-06 7.6841667e-07 0.0002970912 0.0007351216 0.001920528 1.5064402e-05 0.0017223886 1.3095294e-07 3.0458928e-08 2.799701e-07 1.8209491e-07 4.741104e-05 2.5645175e-08 5.799436e-06 3.6845555e-07 3.2176945e-07 2.6984446e-06 0.0039906795 2.5900164e-07 2.7955002e-08 9.3895345e-05
0.7067685 0.11879184 0.09245926 0.015518538 0.067701176 0.00707627 0.964365 0.00555073 0.8293188 2.8485718e-15 0.00064048776 0.0013359545 0.12015003 0.7382057 0.0007923936 0.0066448348 0.0077617406 0.0010400902 0.12627015 0.26272878 0.00016532178 0.14398198 0.9017692 0.0033282428 0.91294104 1.3344602e-05 6.565888e-05 0.10665783 0.22287339 0.008575203 0.07923427 0.28950912 0.680954 0.0088369325 0.014434745 1.2746501e-06 0.013163341 0.00013879056 0.0016678383 0.06550982 0.0015220689 0.34078023 1.7990385e-06 0.00043094775 8.031115e-06 0.002338675 0.08053008 7.1429287e-07 2.3126618e-07 0.0029787805 0.000660589 0.0008693264 0.33222845 1.3471209e-06 0.14542274 1.00924e-05 2.3137804e-07 0.0002788559 2.0202904e-06 0.00017734763 1.0585725e-05 2.7591046e-05 2.1609772e-07 2.0824828e-05 6.988771e-07 5.198083e-05 1.8290344e-06 1.2236928e-05 1.841896e-05 0.00047870807 2.5063557e-06 8.4304526e-07 2.7417231e-08 8.1064245e-06 3.5739788e-08 2.3418136e-07 0.00018201896 4.916253e-07 2.204697e-06 0.018818561 9.624042e-07 1.1385216e-05 2.013611e-05 0.009053903 0.0011059778 5.225116e-07 0.0018938362 8.022991e-08 2.94149e-08 5.822968e-08 7.0178004e-08 2.08138e-06 3.274528e-07 1.49893085e-05 9.318961e-07 1.2657715e-07 6.6636367e-06 0.05704608 1.318385e-07 9.029473e-09 0.0010084661
0.019530114 0.017055154 0.13126187 0.70365936 0.0003969443 0.9600354 0.27386498 9.1893526e-05 0.015043722 0.00064048776 4.9732813e-12 0.98436534 0.0016602067 0.01680901 0.8182744 0.25264695 6.306962e-05 1.2452055e-05 0.0015658794 0.11915047 0.6937512 0.0016315243 0.03361366 0.00011706524 0.064989455 2.5490353e-05 0.7412651 0.057523046 1.5172479e-05 0.00012424495 0.027606796 0.046790104 0.05264304 0.011563946 0.007230783 0.029495386 1.6563439e-06 0.0047054626 1.2164746e-06 0.005598268 0.00094877125 0.016957639 0.0034440958 1.8164654e-07 3.2959077e-05 0.000103943275 0.0030677428 1.2218444e-05 0.00074906246 0.0003187998 7.655552e-05 0.00020266738 0.0042326553 7.077241e-06 0.0027997948 1.2233334e-05 6.719549e-05 1.1891748e-06 1.0189735e-06 7.945246e-09 1.8510364e-07 1.0112782e-06 1.4831068e-06 5.36999e-06 5.0294872e-08 8.425538e-06 1.2537688e-06 2.663794e-06 2.8165138e-07 2.6652615e-05 7.6610966e-05 8.046796e-07 6.430469e-08 3.4301852e-06 2.605186e-08 1.1501631e-08 5.9706283e-05 3.4315906e-07 7.691377e-08 0.00029060873 2.0245264e-07 1.1842172e-05 4.1945646e-07 0.00026306615 1.9196717e-05 3.910892e-08 0.00010693998 1.84806e-06 4.5529265e-07 1.6203471e-09 1.9750378e-06 5.7638946e-08 4.484142e-08 5.0864305e-06 6.146562e-08 9.546037e-08 3.2597032e-05 0.0014977498 3.0097812e-08 3.7504788e-07 0.00013556941
0.04854968 0.007669237 0.031456478 0.29439387 8.087356e-05 0.54445577 0.13614716 1.6475318e-05 0.026675625 0.0013359545 0.98436534 2.2734168e-14 0.00092467846 0.009830525 0.9527869 0.44304484 0.00015444538 1.4741533e-05 0.0011677812 0.16417974 0.84666055 0.0011759871 0.02856655 0.00032985353 0.06525035 2.0819707e-05 0.8224696 0.11267618 4.165385e-05 0.00015393923 0.075622514 0.078000285 0.056920435 0.049291667 0.023108397 0.11333478 1.0873192e-06 0.042379748 1.4069267e-06 0.0031580785 0.0070254924 0.028080966 0.0037178714 6.446102e-08 4.761085e-05 5.195734e-05 0.0015330064 0.00014507417 0.0011546302 0.0011818339 1.6491307e-05 0.0010277116 0.007762056 0.00010010628 0.0066329977 8.0655545e-06 0.00019271972 4.8344657e-07 7.763627e-08 1.4920941e-08 2.8486037e-08 2.8619453e-07 6.4170044e-06 4.7762613e-05 1.4105753e-08 7.9671525e-05 1.2246383e-07 6.612019e-06 1.1794339e-07 0.000160473 7.0246744e-05 1.1811611e-08 2.6145457e-07 6.190917e-07 7.3793323e-09 1.0392701e-08 4.4189375e-05 4.9561613e-08 4.1464594e-07 0.00033099958 2.909591e-07 3.8693306e-06 6.372452e-07 0.00019727489 4.0458555e-05 3.4886714e-08 0.00039395894 5.348559e-06 1.031392e-06 2.6079787e-09 6.744565e-06 6.6652285e-07 9.936267e-09 9.379023e-06 1.0724862e-06 1.2512331e-06 1.846502e-05 0.0015826869 9.820585e-08 3.0793467e-06 6.38851e-05
0.7760436 0.50562775 0.2969639 0.01874629 0.7649919 0.016838212 0.1327924 0.5828269 0.0023513932 0.12015003 0.0016602067 0.00092467846 1.474567e-12 0.97676826 0.00021829821 1.2437932e-05 0.933838 0.57858753 0.899665 3.7328016e-05 2.0554504e-08 0.7318743 0.21739171 0.798144 0.102903396 0.21706186 1.750193e-05 5.4738488e-05 0.0016490725 0.560776 5.9691592e-05 0.0003312835 0.08715027 3.5448948e-06 5.8048154e-06 1.5288488e-05 0.00070307567 1.9309677e-05 0.009796188 0.32304597 2.535554e-06 0.00572637 3.9623723e-05 0.00035139167 0.0031549234 0.060539506 0.045538932 5.056972e-07 2.2544165e-05 5.4355725e-05 0.010007227 0.00010400584 0.013079751 2.4925365e-07 0.004525676 0.00061277463 1.0622389e-06 0.0034740686 0.000107967804 8.147358e-07 6.639164e-06 0.00016110184 3.4303244e-07 2.2573252e-07 5.922407e-09 2.6358006e-07 0.00012357114 3.1157935e-08 1.0962093e-05 4.9391256e-05 3.1672926e-07 0.00010857059 8.561759e-09 0.00050596014 4.792146e-06 1.5116843e-09 0.0027871283 0.00012733975 7.0328046e-09 0.066878 2.0452269e-09 0.000953302 4.1560477e-07 0.031225413 0.00031711053 1.7224155e-08 0.00022877393 5.1969252e-08 1.2347931e-07 1.8074177e-09 1.0661507e-07 3.6813802e-07 2.2256248e-07 1.661016e-05 2.3812636e-05 1.1237017e-08 0.00026416456 0.0051863627 9.433118e-07 3.700802e-08 0.013585867
0.97281784 0.4870204 0.38695914 0.14696549 0.3942048 0.14246719 0.62575155 0.11874314 0.077742465 0.7382057 0.01680901 0.009830525 0.97676826 1.794748e-13 0.0014429745 0.00010904617 0.29971784 0.023559172 0.9017493 0.0019008252 6.689845e-06 0.86461765 0.77769697 0.16169617 0.45196012 0.003432917 0.00036809928 0.001373684 0.03213026 0.1134506 0.0008621183 0.004181981 0.45978433 7.851357e-05 7.3490846e-05 9.260975e-05 0.009422981 7.0712136e-05 0.009484564 0.5869861 1.4700664e-05 0.057817332 9.598368e-05 0.0017123995 0.0004135284 0.038785044 0.22712688 1.6953352e-06 1.8249253e-05 0.00072963187 0.009402072 0.00022248153 0.12885492 3.8794045e-07 0.03865873 8.5636624e-05 1.8151659e-06 0.0021983932 2.02246e-05 2.7871616e-05 5.711611e-06 0.00013979735 1.8393557e-07 7.834012e-07 6.46412e-10 1.2111e-06 4.558731e-05 3.580623e-07 1.4817618e-05 0.00015710692 2.4700302e-07 1.241751e-05 1.1583176e-08 0.0004195317 4.553411e-06 3.859431e-10 0.0028699292 6.6559616e-05 1.9122432e-08 0.1539018 3.6616425e-09 0.0013857345 2.9792732e-06 0.14376523 0.00481566 1.742467e-07 0.0031526724 4.5616424e-08 4.8984386e-08 2.000194e-09 6.439478e-08 1.930221e-06 2.6991962e-08 7.4142044e-06 2.11869e-06 3.470983e-08 0.00015048643 0.06795332 5.2456716e-07 1.900513e-08 0.038975406
0.3937365 0.008016251 0.07053726 0.54212415 0.00021105127 0.6523672 0.1722196 0.00018949716 0.07803951 0.0007923936 0.8182744 0.9527869 0.00021829821 0.0014429745 1.4154074e-12 0.9759526 2.4509183e-05 1.2912771e-05 0.00043417036 0.24525735 0.9294247 5.4900767e-05 0.018812101 9.37939e-06 0.04131388 1.8718723e-05 0.7340738 0.2163436 1.5160243e-05 0.0003237924 0.17071454 0.17127737 0.02274779 0.2446475 0.07393537 0.62139535 1.1621405e-06 0.42359942 6.5288356e-07 0.0014160816 0.070321724 0.028858786 0.03545365 3.9179344e-07 0.00010938227 0.00022218024 0.0016937703 0.0006010265 0.0035514852 0.0037927222 0.00035275792 0.0025641767 0.009483094 0.00038960166 0.016320137 1.176907e-05 0.001922454 8.182203e-05 1.595154e-06 1.4873845e-06 9.4316384e-08 4.92785e-06 7.911299e-05 0.0006103891 6.289291e-07 0.0002470769 1.2377028e-07 0.000104353385 1.227197e-06 0.0007762599 0.00022034801 4.7093786e-07 2.0454445e-06 3.0138386e-05 2.0935254e-08 1.7919538e-07 0.0004552408 3.117751e-07 6.882215e-06 0.00028750146 8.417836e-06 2.9418594e-05 0.00040249145 0.00037971084 0.0009977631 6.946e-05 0.0008291951 4.382964e-07 4.08329e-06 2.5009652e-07 2.2898346e-06 7.916265e-05 2.2012639e-08 6.0029666e-05 0.00012256767 3.8023023e-07 1.2069336e-05 0.0019405851 9.700325e-06 1.1436531e-06 0.0001979239
0.9299531 0.00087036286 0.023732783 0.22977501 7.622373e-06 0.2663252 0.14640151 5.0117724e-06 0.79404646 0.0066448348 0.25264695 0.44304484 1.2437932e-05 0.00010904617 0.9759526 7.7135e-16 7.5851614e-07 2.4795673e-07 2.5213547e-05 0.813528 0.40260175 1.9892617e-05 0.026856763 2.8048856e-07 0.07744847 6.3392173e-07 0.17621776 0.8695178 5.4600794e-05 9.231735e-07 0.80535746 0.74881274 0.04229157 0.84749055 0.60659605 0.30510363 5.2116246e-07 0.7369825 1.00868185e-07 0.0020037543 0.20655362 0.05150072 0.017433126 2.1766892e-08 1.8246186e-07 1.316425e-05 0.0016981906 0.0008432371 0.00084576523 0.028881919 8.662254e-07 0.014688502 0.03814906 0.0004047019 0.073286295 1.1342315e-06 0.0005212112 7.0052295e-08 6.425942e-09 1.1955373e-07 2.4658335e-09 5.083806e-08 1.0209633e-05 0.00046918984 3.839589e-08 0.00048917567 4.6232728e-08 0.00010446202 1.2747839e-08 0.0020255495 7.434033e-05 7.460424e-09 5.6851917e-07 2.5562483e-07 6.67097e-09 8.705467e-09 1.0435388e-06 1.0026053e-07 1.1396056e-05 0.0011013394 4.0421355e-06 3.0119566e-07 8.679727e-05 0.00025262107 0.0021940032 1.0729297e-05 0.0029101728 1.8689059e-07 5.0031186e-08 3.5569705e-08 9.321062e-08 5.7797974e-06 4.3723328e-10 4.606775e-07 9.202908e-06 3.6353327e-08 1.0598549e-06 0.0066276793 8.3938863e-07 5.2889344e-08 0.00046259948
0.3705826 0.040032137 0.013912114 0.00017417036 0.25590724 0.0003127279 0.0022607308 0.41614783 0.000103194405 0.0077617406 6.306962e-05 0.00015444538 0.933838 0.29971784 2.4509183e-05 7.5851614e-07 1.9720937e-12 0.6641289 0.44381422 8.979088e-06 2.7305914e-08 0.35886917 0.028419515 0.9873971 0.010001183 0.38153076 1.7662682e-05 8.151628e-06 0.0009445497 0.77300936 1.633397e-05 4.1795985e-05 0.010535938 5.7048464e-07 1.964488e-06 1.346193e-05 0.00076643995 3.1985926e-06 0.090336405 0.109000556 9.998301e-07 0.0009839927 1.5029446e-05 0.0028902835 0.018945273 0.07362846 0.022201095 1.0134678e-06 7.6006356e-05 6.4704614e-06 0.023980893 6.145376e-05 0.0033848358 2.312911e-07 0.0010702414 0.0031349368 9.346517e-07 0.008873812 0.00039270136 6.93406e-07 8.063781e-05 0.0009835692 2.1139482e-07 1.7878725e-07 2.4680086e-08 8.3965965e-08 0.00053386146 1.5925302e-08 0.00020171868 7.5985877e-06 6.0695584e-07 0.00028161635 8.97263e-09 0.00082640786 3.239343e-05 6.319611e-09 0.005410219 0.0002448254 3.9318246e-09 0.030353433 1.76533e-09 0.0015924963 8.13632e-08 0.013811651 0.000116107156 3.2909824e-09 8.866227e-05 1.0455813e-07 5.715168e-08 7.5913587e-10 2.2541288e-07 1.8497661e-07 1.7595793e-06 0.00010142337 3.4754817e-06 1.2879005e-08 0.00048984017 0.00285423 3.1157e-07 3.1940598e-08 0.011699041
0.109864 0.006549328 0.0020238433 6.592837e-05 0.015324189 0.00014481222 0.00024112193 0.69271195 5.9751023e-06 0.0010400902 1.2452055e-05 1.4741533e-05 0.57858753 0.023559172 1.2912771e-05 2.4795673e-07 0.6641289 2.5235373e-14 0.04883589 4.1780463e-06 1.6873581e-07 0.0213224 0.006633077 0.3495168 0.003088012 0.99881047 6.1774554e-06 5.1515335e-06 6.700747e-05 0.22683054 1.3683669e-05 2.3261216e-05 0.003410131 1.899879e-06 1.0608397e-06 9.027153e-06 0.00010473484 1.0617365e-06 0.03484516 0.039287582 1.9469003e-06 0.00044029503 1.1528619e-05 5.4039356e-05 0.038830806 0.041340888 0.009501141 8.6006685e-06 4.128439e-05 1.6427584e-06 0.029815922 0.00016806797 0.001034107 3.0136848e-06 0.0001257053 0.00523652 6.0552e-06 0.012351684 0.0027627435 1.1973357e-07 0.00023231655 0.0008564484 3.5238484e-06 5.8728847e-07 2.3674113e-08 6.7719407e-07 0.0021944596 3.0092232e-07 0.00013759876 1.8035823e-06 8.220081e-07 0.0005393412 3.156673e-08 0.0017466948 2.1840224e-05 4.2827034e-07 0.0069836318 0.00017306351 1.3889501e-08 0.016019221 2.2074529e-08 0.0024103743 1.72178e-06 0.006600377 1.8398006e-06 5.4875294e-08 3.892676e-05 2.0006674e-07 7.476592e-09 3.7528896e-09 2.1237524e-07 2.1326848e-07 3.7891898e-06 0.00044812332 1.8440251e-06 3.8281883e-08 0.0007435349 0.0008638574 2.234719e-07 3.0944488e-08 0.005966374
0.9008128 0.09409721 0.055637684 0.0073238206 0.10127661 0.009040171 0.08906109 0.04535431 0.023833489 0.12627015 0.0015658794 0.0011677812 0.899665 0.9017493 0.00043417036 2.5213547e-05 0.44381422 0.04883589 4.2362844e-13 0.00038685373 7.040418e-08 0.98616874 0.34518322 0.54296166 0.110416256 0.014646232 6.8531524e-05 0.0005567725 0.046585757 0.66659236 0.0004131618 0.0013442489 0.15047596 4.887662e-05 2.8498827e-05 1.2181388e-05 0.04026304 2.1637343e-05 0.11997817 0.52086455 1.1265738e-05 0.029087499 2.473868e-05 0.030896436 0.008253813 0.09284404 0.13989027 1.3256958e-06 3.5219353e-05 0.00020184607 0.037789736 6.800449e-05 0.03996124 1.9950029e-07 0.01753426 0.001985603 1.0557903e-06 0.0126631195 0.00012804216 0.00030093684 9.481841e-05 0.0015812854 5.2017057e-08 2.5238294e-06 6.4314842e-09 8.180611e-07 0.00016198446 2.9961996e-07 0.0004429938 2.4421804e-05 1.8992802e-07 5.9112408e-05 5.3759095e-09 0.00062221754 5.7315956e-05 3.176894e-09 0.006709838 0.0002742631 7.9215505e-09 0.12384728 3.9883523e-09 0.0013631929 1.8291269e-06 0.097307906 0.0021907021 2.1292014e-07 0.0012176145 6.022815e-08 9.765143e-09 2.4791842e-09 9.438044e-08 2.8842982e-07 7.4409695e-07 4.8353973e-05 7.6683824e-07 1.04962306e-08 0.00030466224 0.03285168 1.06492315e-07 1.0018153e-08 0.0347373
0.9268601 0.0075391475 0.06203447 0.3495857 0.00013842835 0.21785587 0.28723294 0.00010728114 0.9747587 0.26272878 0.11915047 0.16417974 3.7328016e-05 0.0019008252 0.24525735 0.813528 8.979088e-06 4.1780463e-06 0.00038685373 7.780532e-14 0.053065624 0.0004367412 0.04441693 2.2285335e-06 0.10594394 4.7943445e-06 0.06251556 0.94508815 0.023161337 1.8375691e-05 0.47608715 0.7691504 0.11517675 0.19989623 0.17655636 0.0630042 0.0014278374 0.024369586 0.00015905013 0.004507166 0.023111248 0.15290889 0.008846751 3.0773583e-05 2.3664884e-06 4.660212e-05 0.011058096 0.0003477179 0.00065652595 0.01718373 1.650435e-05 0.003160772 0.08638638 0.00059439975 0.1101326 7.054634e-06 0.0002692327 5.8646096e-06 4.721883e-08 7.2761526e-05 2.3703696e-07 7.296259e-06 5.237616e-06 2.4079272e-05 4.143595e-06 5.8275433e-05 7.666752e-07 2.6998077e-05 5.7975205e-07 0.0010290734 1.5159925e-05 8.037726e-08 2.8623015e-06 3.037882e-07 1.3236523e-07 1.8679222e-07 3.5920104e-06 2.7084068e-06 1.5796265e-06 0.005314607 2.5337326e-07 2.7501596e-07 2.94023e-05 0.0046827705 0.0049005253 2.067149e-06 0.0029567396 1.7267895e-07 5.0576926e-08 8.703148e-06 1.1860182e-06 7.881973e-07 4.075449e-09 1.6287088e-07 9.03058e-06 7.8167915e-08 6.2510213e-07 0.025838485 6.8127304e-07 4.774307e-07 0.001123798
0.009701722 2.502373e-05 0.0010543964 0.01886536 1.9379697e-06 0.14571466 0.013513479 1.3034293e-05 0.004413812 0.00016532178 0.6937512 0.84666055 2.0554504e-08 6.689845e-06 0.9294247 0.40260175 2.7305914e-08 1.6873581e-07 7.040418e-08 0.053065624 3.0152046e-16 7.139132e-08 0.0024024064 2.86787e-08 0.0043736976 6.233576e-08 0.98791367 0.09646064 1.2499588e-05 1.4359877e-07 0.06576371 0.05374444 0.0062349793 0.15211241 0.029532772 0.84025836 6.8760903e-07 0.2388858 1.8310901e-08 4.8052912e-05 0.038302407 0.0028585028 0.047640264 3.5325495e-08 5.437107e-07 2.5087553e-07 2.9530749e-05 0.0028279664 0.0032756513 0.0021883664 9.054593e-07 0.0027404819 0.0013624312 0.00070505944 0.0016068994 1.1693436e-06 0.0055862362 5.392724e-08 7.2101265e-08 9.8753205e-08 1.5854988e-08 1.1278647e-09 2.0442696e-05 5.3539414e-05 1.0469739e-06 0.00014005664 1.6156664e-08 3.2863047e-06 3.1683014e-09 0.00053119543 4.151849e-05 3.892397e-09 5.565054e-08 8.654908e-08 1.1395147e-10 5.9063603e-07 3.2483592e-06 1.3038594e-09 5.651185e-07 5.060214e-05 2.6923885e-08 6.7924503e-07 3.8647635e-05 4.6072626e-05 0.00012603289 7.077487e-07 0.00021203356 8.3277584e-08 8.261159e-07 5.1120503e-09 2.7394063e-07 2.3376276e-07 1.4031933e-08 2.5524398e-06 9.374395e-07 1.1283468e-07 1.9909764e-06 0.0005115636 2.9990355e-07 1.176807e-07 1.5216283e-05
0.96774304 0.075201504 0.04743968 0.0067997524 0.039053198 0.007047906 0.07974903 0.018860739 0.021292597 0.14398198 0.0016315243 0.0011759871 0.7318743 0.86461765 5.4900767e-05 1.9892617e-05 0.35886917 0.0213224 0.98616874 0.0004367412 7.139132e-08 3.648815e-16 0.5780079 0.40422696 0.26835954 0.012182742 9.05771e-05 0.00027855526 0.07852448 0.7059427 0.00014001578 0.0008634554 0.30080724 8.290452e-06 8.9719415e-06 1.9909517e-06 0.09558168 5.1886855e-06 0.17395456 0.7643606 2.1254373e-06 0.052035123 2.4821586e-05 0.07088404 0.007890811 0.15291242 0.31870145 1.87339e-07 1.6951226e-05 0.00049239723 0.046745192 5.3302152e-05 0.08262577 6.7072335e-08 0.03125134 0.0012573528 1.7718745e-07 0.00815635 0.000106271924 0.0008003105 9.91497e-05 0.0011730753 1.00470485e-08 1.5739775e-07 1.7737916e-09 6.780629e-08 0.00013158773 2.4299727e-08 0.00072311604 0.000118986565 2.8737057e-07 1.2001835e-05 1.9541055e-09 0.00080352323 1.0458567e-05 1.1637247e-09 0.00942468 0.0001993627 3.4836165e-09 0.24076635 3.8609185e-10 0.0015602135 2.2116758e-06 0.14260408 0.0024991108 2.5186344e-07 0.0030980073 1.7081284e-08 5.130561e-09 1.6904675e-08 2.5258323e-08 1.1538128e-06 1.572044e-07 3.71766e-05 5.551037e-07 8.297487e-09 9.4100265e-05 0.0491773 6.0626824e-08 9.37317e-09 0.07287622
0.97096545 0.26691684 0.34107187 0.2531706 0.07058899 0.19121914 0.7092694 0.014843678 0.20548584 0.9017692 0.03361366 0.02856655 0.21739171 0.77769697 0.018812101 0.026856763 0.028419515 0.006633077 0.34518322 0.04441693 0.0024024064 0.5780079 5.7373474e-13 0.02028562 0.9644853 0.0016858929 0.0047957213 0.017008683 0.59033686 0.04496794 0.010485593 0.07135562 0.7825968 0.0011592023 0.0017994317 0.00067531737 0.22614528 0.00027015837 0.04609696 0.52464855 0.00025311523 0.2538982 9.9846184e-05 0.047767602 0.00080673513 0.015850026 0.3545432 4.0099258e-06 7.969573e-06 0.0032655906 0.008035888 0.0003497413 0.31759644 6.6515922e-06 0.13786836 0.0003098752 3.1130674e-06 0.0009986352 1.5838403e-05 0.0016434263 8.4648214e-05 0.0010965529 1.7444589e-07 3.4900395e-06 7.67072e-08 2.3487462e-06 1.767552e-05 1.0060674e-06 0.00033505692 0.00028902557 1.133979e-07 7.019053e-06 4.1533514e-08 9.361137e-05 1.30465805e-05 1.1542985e-09 0.0009296956 7.3231844e-05 3.6401133e-08 0.109866604 4.7736877e-09 0.0003417155 1.2447045e-05 0.0899759 0.012068308 6.1694334e-07 0.0075948546 1.1867682e-08 1.51046e-08 6.0024917e-07 2.733828e-08 1.3501691e-06 7.433115e-08 1.4162038e-05 1.13614975e-08 1.3222314e-09 4.2806452e-05 0.17966084 6.982166e-08 8.242877e-09 0.027434178
0.7554819 0.031590004 0.009575435 0.00014031386 0.06138394 0.0006845059 0.0009809444 0.07032498 0.00036907927 0.0033282428 0.00011706524 0.00032985353 0.798144 0.16169617 9.37939e-06 2.8048856e-07 0.9873971 0.3495168 0.54296166 2.2285335e-06 2.86787e-08 0.40422696 0.02028562 2.8241046e-14 0.0047833472 0.16312562 1.6991802e-05 3.5589862e-06 0.0017950363 0.9285126 2.7964363e-06 8.972395e-06 0.009245476 1.3487515e-07 4.804274e-07 2.6423181e-06 0.0019175605 3.1617878e-07 0.2737862 0.19666135 6.222409e-08 0.001210741 3.5026999e-06 0.015254082 0.059449106 0.15310916 0.033969756 6.9735414e-08 5.8289293e-06 2.013652e-06 0.09526884 3.2024568e-06 0.0052804654 2.1000561e-08 0.00089899194 0.010212916 2.3633238e-08 0.015060596 0.00089288875 2.4356084e-06 0.000270444 0.0027635328 5.0953464e-09 3.537026e-08 1.32171545e-08 1.3875151e-08 0.0018753941 9.69841e-10 0.00085993327 2.4813808e-06 2.524603e-07 0.00012357527 1.0196033e-10 0.0020170014 0.00010815382 3.2125524e-09 0.021006932 0.00035747665 7.2415707e-10 0.08146087 5.4388175e-11 0.0042104963 2.0037957e-08 0.04936272 2.1450194e-05 1.5250116e-09 0.00014763839 2.55317e-08 5.220466e-10 2.0566846e-09 3.4985334e-08 2.5101373e-08 2.2805878e-06 8.950171e-05 7.379748e-07 2.2401634e-08 0.0005153627 0.0064110626 7.385377e-08 2.6965461e-08 0.05579459
0.9716116 0.2177305 0.327727 0.31764317 0.049175926 0.26093408 0.75362605 0.0058303475 0.36986205 0.91294104 0.064989455 0.06525035 0.102903396 0.45196012 0.04131388 0.07744847 0.010001183 0.003088012 0.110416256 0.10594394 0.0043736976 0.26835954 0.9644853 0.0047833472 2.2165268e-13 0.000751887 0.011435391 0.040724568 0.8433149 0.015518634 0.030718165 0.13853236 0.7194581 0.0070628473 0.004222145 0.0045140935 0.17381105 0.002095754 0.016185507 0.36364585 0.001266042 0.3835169 0.00095179724 0.023150215 0.0002766138 0.008250759 0.30415085 0.00020760017 5.6012104e-05 0.018139254 0.002231078 0.0018204136 0.3387968 0.00079397304 0.18059835 0.00014786597 2.784975e-05 0.00062360207 5.8995065e-06 0.0060979654 0.00022106111 0.0005232227 1.9363645e-06 8.494362e-05 4.223304e-07 6.379573e-05 1.12754e-05 2.4738802e-05 0.00017498834 0.0013141034 2.8215277e-07 1.7203191e-06 5.5018324e-07 4.4203156e-05 1.1387549e-05 1.5190583e-08 0.00050021725 0.00012806036 1.0571808e-06 0.06408222 2.4098915e-07 0.00026282796 0.00010834263 0.06445651 0.02234381 7.545807e-06 0.012255007 1.1993046e-07 5.5842676e-08 1.0020538e-05 6.404034e-07 5.5780856e-05 9.769681e-07 5.8174564e-06 6.2599426e-08 2.1018355e-08 2.1362921e-05 0.15900482 6.5159037e-07 1.1758143e-07 0.01960789
0.06324813 0.0055062505 0.0021016274 4.77278e-06 0.016422998 0.00014461101 0.0002119806 0.62985486 6.610654e-07 1.3344602e-05 2.5490353e-05 2.0819707e-05 0.21706186 0.003432917 1.8718723e-05 6.3392173e-07 0.38153076 0.99881047 0.014646232 4.7943445e-06 6.233576e-08 0.012182742 0.0016858929 0.16312562 0.000751887 8.703136e-14 8.308022e-06 3.5764374e-06 1.987482e-06 0.16862446 8.814861e-06 9.875915e-06 0.0021147893 3.2586663e-06 3.5641049e-06 1.1768082e-05 2.5320272e-05 3.272004e-06 0.018999299 0.018004186 7.141659e-06 5.301623e-05 8.233816e-06 2.1457376e-05 0.16123693 0.045893047 0.0050930684 6.279969e-06 3.7683512e-05 7.480572e-07 0.043692324 0.00018417947 0.00068680407 1.3245799e-06 3.0455258e-05 0.08101727 9.5165415e-06 0.015711974 0.009741766 1.5365307e-08 0.0048228 0.001988378 8.110677e-06 3.403457e-07 1.2577976e-08 1.0117905e-06 0.06001986 1.8538809e-07 0.0001693653 1.5964399e-06 4.213657e-07 0.00229572 8.537954e-08 0.0033679795 0.0004556717 1.1612802e-07 0.011437377 0.0010293226 1.1976193e-08 0.0067799385 9.567907e-09 0.0036605925 5.214617e-07 0.0053826314 1.7068052e-07 1.8802714e-08 1.6280006e-05 4.6179522e-07 2.539531e-07 5.7026833e-10 2.0270168e-07 3.190547e-08 1.8281407e-05 0.0011923921 3.3932697e-06 1.0782533e-07 0.0013625793 0.00047873426 1.367689e-06 6.367054e-08 0.005267464
0.032175135 0.0006076188 0.0022401176 0.012852137 1.1845742e-05 0.10562545 0.021781227 2.5322133e-05 0.0009858569 6.565888e-05 0.7412651 0.8224696 1.750193e-05 0.00036809928 0.7340738 0.17621776 1.7662682e-05 6.1774554e-06 6.8531524e-05 0.06251556 0.98791367 9.05771e-05 0.0047957213 1.6991802e-05 0.011435391 8.308022e-06 1.4008098e-13 0.07146216 3.1540494e-06 3.8359476e-06 0.067754835 0.07554209 0.009559521 0.059416432 0.025117198 0.9657052 3.3949476e-07 0.1692334 7.250267e-07 8.006815e-05 0.015041892 0.004648618 0.73313195 1.9145643e-08 2.5015715e-05 2.9538508e-06 9.246467e-05 0.0009035595 0.017411359 0.00051015365 8.0005975e-06 0.00042463833 0.0012460294 7.2862706e-05 0.0010705396 2.3371394e-05 0.021558702 2.582883e-07 9.554121e-07 5.6747145e-09 4.087995e-07 1.2860363e-06 2.528456e-05 6.502124e-05 1.4430248e-07 0.00012610886 1.4397806e-07 3.5172663e-05 1.9401564e-07 0.000115101466 0.0023472975 2.4210775e-07 1.5804792e-06 3.4239443e-07 2.3284387e-07 8.7497334e-08 5.971836e-05 8.8415544e-07 9.98042e-07 4.7113066e-05 1.4462175e-06 9.788375e-06 7.67506e-06 0.00018142245 4.958603e-05 2.630743e-07 0.00023478216 1.8074446e-06 1.2648388e-05 1.501105e-09 3.79202e-06 7.7781635e-07 1.2003152e-07 8.4412164e-07 1.7579523e-06 1.536382e-07 5.0712675e-05 0.0012391048 7.8710065e-07 3.801066e-07 5.266012e-05
0.89428973 0.0027004748 0.04201764 0.15263702 5.6946385e-05 0.13000448 0.27554643 2.5435038e-05 0.85114294 0.10665783 0.057523046 0.11267618 5.4738488e-05 0.001373684 0.2163436 0.8695178 8.151628e-06 5.1515335e-06 0.0005567725 0.94508815 0.09646064 0.00027855526 0.017008683 3.5589862e-06 0.040724568 3.5764374e-06 0.07146216 9.417427e-14 0.058746193 4.730332e-05 0.9436151 0.9210572 0.039247077 0.6759899 0.7379275 0.10423427 0.004442929 0.06735 0.000107289445 0.0030644692 0.08719373 0.052989136 0.015819062 0.00013282649 8.289456e-06 3.8248407e-05 0.007551611 0.0021285561 0.001268397 0.031535614 2.9065986e-05 0.015532248 0.02951863 0.0030302897 0.048390035 5.915191e-06 0.00051386637 3.038318e-06 9.376214e-08 0.0015633525 6.8334457e-06 1.4446898e-05 1.0503517e-05 0.0005343979 4.162657e-05 0.0005290781 8.215872e-07 0.0003200665 6.87963e-06 0.003533694 0.00027986453 4.9348806e-08 1.3012582e-05 5.844563e-07 3.252781e-07 5.6823836e-07 5.1805177e-06 6.775232e-06 2.2829672e-05 0.0037259518 7.495437e-06 6.122719e-07 0.00033175744 0.0055288794 0.01621234 6.69696e-05 0.009623658 1.7934952e-06 1.3073513e-08 7.055169e-05 2.7639373e-07 1.4687535e-05 1.01903325e-07 3.3580588e-07 4.2253128e-06 4.363639e-08 7.5764854e-07 0.017896801 2.0515923e-08 4.651551e-08 0.00083736674
0.8701461 8.50834e-05 0.00012565903 0.00038999182 0.00018276903 0.000104526 0.018033564 3.7902035e-05 0.08767757 0.22287339 1.5172479e-05 4.165385e-05 0.0016490725 0.03213026 1.5160243e-05 5.4600794e-05 0.0009445497 6.700747e-05 0.046585757 0.023161337 1.2499588e-05 0.07852448 0.59033686 0.0017950363 0.8433149 1.987482e-06 3.1540494e-06 0.058746193 1.8838236e-17 0.034141004 0.0859925 0.4738686 0.92880195 0.011239555 0.029031996 2.478135e-07 0.77234286 0.0002788785 0.018674208 0.107396126 0.009660385 0.94413376 5.144108e-07 0.22155158 1.7817296e-05 0.0053222156 0.24542984 3.435797e-06 2.9762996e-08 0.11400194 0.0057534855 0.011443486 0.6829031 2.4465373e-05 0.59047484 5.2945386e-05 9.068017e-08 0.0025960456 1.8996379e-06 0.5044913 6.908944e-05 0.00071632303 1.9351974e-08 0.0014723787 3.6916746e-05 0.00054365554 1.7891356e-06 0.00043536432 0.0015072449 0.01223711 3.3350767e-07 1.1334747e-06 3.5504772e-08 0.00010242102 1.6799143e-07 2.142046e-06 0.0005892535 3.4029316e-07 4.384018e-05 0.034771025 1.0228345e-05 0.00017415558 0.002506051 0.019514516 0.03584357 0.0004418021 0.016708186 2.1609708e-07 2.4906208e-09 8.054529e-05 9.1496375e-08 0.0014330656 2.1504154e-06 5.734862e-06 2.9340896e-07 2.380193e-06 2.38036e-05 0.19467735 5.372653e-08 2.1354353e-08 0.003203383
0.9819931 0.025690716 0.0098509835 0.00096465147 0.02760044 0.00096034963 0.0059117735 0.036982298 0.0014875362 0.008575203 0.00012424495 0.00015393923 0.560776 0.1134506 0.0003237924 9.231735e-07 0.77300936 0.22683054 0.66659236 1.8375691e-05 1.4359877e-07 0.7059427 0.04496794 0.9285126 0.015518634 0.16862446 3.8359476e-06 4.730332e-05 0.034141004 1.2713592e-13 5.168617e-05 0.000304225 0.040549092 2.7844953e-06 4.1454614e-06 8.542438e-07 0.09878011 5.732918e-07 0.95529723 0.7405209 6.0458666e-07 0.02573006 5.754179e-06 0.54995704 0.21089654 0.62207645 0.27203873 2.4305166e-07 1.2262161e-05 0.00013661003 0.55789405 2.1928108e-05 0.035310376 8.759586e-08 0.023493558 0.05019993 1.4775016e-07 0.17005453 0.009512019 0.002747194 0.0034603646 0.08619232 3.117333e-08 3.2702744e-07 1.6598158e-07 2.1628205e-07 0.008697099 4.78671e-08 0.0338634 1.2995717e-05 1.8868971e-07 0.0019280126 2.9878329e-09 0.022384804 0.0023184745 2.0475463e-08 0.10669736 0.0028250522 5.0775167e-08 0.4465126 1.2489308e-08 0.037545767 2.445757e-06 0.37729457 0.0021198778 1.626672e-07 0.0018499612 1.9440058e-08 1.6152196e-08 2.469897e-08 9.02906e-09 1.844953e-05 0.00045763535 0.00037191904 2.3513996e-06 1.4325591e-08 0.005004243 0.07787859 5.2590957e-07 1.7250381e-09 0.40740967
0.9580623 0.003105435 0.018075896 0.100402825 0.00014171192 0.048703235 0.153134 9.813111e-05 0.5010283 0.07923427 0.027606796 0.075622514 5.9691592e-05 0.0008621183 0.17071454 0.80535746 1.633397e-05 1.3683669e-05 0.0004131618 0.47608715 0.06576371 0.00014001578 0.010485593 2.7964363e-06 0.030718165 8.814861e-06 0.067754835 0.9436151 0.0859925 5.168617e-05 2.8315005e-13 0.96247506 0.03146148 0.7671334 0.94861615 0.185801 0.008433357 0.11918657 0.0002677106 0.0027529965 0.21807086 0.08157097 0.010297424 0.00091133855 1.0873922e-05 6.182486e-05 0.0074389027 0.0027556194 0.0008421538 0.1562866 4.1612635e-05 0.02316871 0.044232164 0.0028243707 0.08975074 5.5317455e-06 0.0005862435 8.085748e-06 9.3187516e-08 0.013656606 1.3357476e-05 2.16482e-05 1.3722547e-05 0.00049015443 0.00028064472 0.00036657866 1.1775497e-06 0.00026041828 2.212618e-05 0.0046447474 0.0012220659 3.5284753e-08 5.512868e-05 3.7746813e-07 1.5294685e-07 1.3134851e-06 1.1248239e-05 2.7640965e-06 3.6702506e-05 0.0052214703 1.4369427e-05 1.2144067e-06 0.00019237211 0.0035619119 0.028413234 8.412768e-05 0.017950285 2.5110687e-06 1.1748335e-07 0.00012223113 1.2025557e-06 6.9730864e-05 7.93907e-08 5.316102e-07 5.7688194e-05 1.9177851e-07 7.090905e-07 0.0244585 4.5140587e-07 3.2063429e-07 0.0009223169
