1.0814105e-15 0.9857295 0.9688515 0.95473474 0.8154482 0.985268 0.9802204 0.9521706 0.99603266 0.98086077 0.9586621 0.9747009 0.9448416 0.9432614 0.9879865 0.987794 0.9892041 0.7206985 0.88262147 0.9767632 0.97746944 0.99950016 0.969985 0.8587374 0.9182928 0.9790497 0.7932686 0.49368173 0.9532742 0.8870237 0.8594567 0.99888283 0.9716676 0.8425861 0.96626747 0.99123496 0.26047182 0.99550056 0.9965883 0.9803529 0.993187 0.95414 0.9084359 0.85388285 0.99895525 0.9806167 0.65205383 0.7863826 0.6573695 0.8558158 0.24194668 0.036621645 0.80864847 0.96096885 0.9825512 0.98213565 0.9914641 0.6877853 0.9989973 0.86223537 0.7933792 0.9470461 0.45553356 0.94442654 0.99709725 0.20112887 0.13477516 0.9998791 0.99875194 0.02437338 0.12063648 0.7436219 0.14731944 0.34894025 0.041190866 0.9993173 0.02800049 0.99435526 0.35957375 0.002467315 0.015813177 0.010712082 0.013603722 0.007518164 0.99904513 0.008374158 0.028409306 0.012638544 0.012701139 0.22191985 0.96669906 0.9990627 0.025630862 0.01649838 0.9481972 0.82757 0.02612161 0.36044315 0.9018715 0.004499004 0.012938128
0.9857295 2.10432e-14 0.79313827 0.7930453 0.77002966 0.8740156 0.6300037 0.63773817 0.36378562 0.8405794 0.6494113 0.5043701 0.37089154 0.2520281 0.032664977 0.08394847 0.117953844 0.0075002075 0.10086471 0.06565267 0.025557626 0.40969476 0.20189168 0.0028336896 0.12954368 0.025360808 0.34181824 0.046735507 0.2996018 0.048605315 0.006622259 0.24476261 0.004048463 0.00042937658 0.0010618404 0.00793071 0.062003538 0.02639042 0.02735631 0.0015967591 0.0025657543 0.29365417 0.110028036 0.2548991 0.12727062 0.0037762572 0.0030098176 0.00018012001 0.10104228 0.00025719978 0.042705745 0.20020026 0.0065722344 0.0015446616 0.0028202028 0.0009602609 0.0011383311 0.0012907927 0.018732952 0.0002488158 7.9886995e-05 1.0027281e-06 0.0019060014 5.1527943e-05 0.002049336 0.0024687883 1.7068673e-05 0.0747873 0.008316021 0.0019154723 3.1570875e-05 5.447791e-06 1.6724308e-06 5.037021e-05 0.022476992 0.04161156 0.00014281165 0.001813442 1.6517481e-07 7.548467e-05 0.00054550986 0.00040803166 1.8697233e-06 0.0008254549 0.0036044586 0.00035199392 8.450202e-06 5.643247e-05 1.4558316e-05 1.7360264e-05 7.0928196e-05 0.055035807 0.0004049212 3.2217708e-06 2.949669e-05 7.346696e-05 6.628065e-07 4.7839194e-07 2.2568604e-05 1.44862495e-08 4.654293e-06
0.9688515 0.79313827 7.7288453e-16 0.9719502 0.117795646 0.1498242 0.25190422 0.8480047 0.06307369 0.1497103 0.80503744 0.84075 0.00629861 0.0024423369 0.00094079995 0.105602846 0.045516536 0.0006336147 0.15864952 0.06325479 0.004873908 0.13539343 0.480831 0.0012950979 0.31717238 0.00019501636 0.12539661 0.08314797 0.10191126 0.003969148 0.0050031906 0.03283493 0.00016627299 2.2453876e-05 0.001472437 0.0006228395 0.5349306 0.007486543 0.001403522 0.00012814905 0.0045389785 0.29481792 0.24934284 0.17703608 0.019888198 0.0015389206 0.013339151 0.0013267734 0.06112644 4.7008223e-05 0.034779433 0.17395373 0.016437192 0.0012399554 0.0004863426 0.0016539734 0.0007480009 0.0026105733 0.003911467 0.0007431818 2.8657498e-05 6.8663826e-06 2.8678016e-06 0.00017370441 0.00011710197 0.00019582034 8.981328e-09 0.015375592 0.00084392575 0.012738508 0.0033216153 1.2588207e-05 4.39044e-07 1.749518e-06 0.0012288186 0.01276696 1.0657661e-06 0.00023653152 1.70923e-08 0.00060388027 8.712243e-05 8.8258595e-05 0.00016137095 0.0027301935 0.00050165853 0.00010725578 2.63742e-07 2.3375399e-06 0.00075685565 9.095933e-06 4.2554337e-05 0.022559514 0.0056034466 8.13532e-06 3.6462894e-05 0.00045412141 1.1168071e-07 5.927397e-07 5.7569923e-05 1.9940327e-07 1.5919063e-06
0.95473474 0.7930453 0.9719502 1.9577854e-15 0.16545564 0.13554545 0.19575094 0.8557337 0.05911684 0.1383288 0.82902366 0.83719707 0.006185692 0.0026808681 0.0012386263 0.08155333 0.040406197 0.00087509945 0.16424234 0.054482725 0.005050081 0.11330388 0.44656536 0.0012721365 0.3384735 0.00023587824 0.13696907 0.085546866 0.09206803 0.0039996295 0.0047190725 0.028124945 0.00018106122 3.895346e-05 0.0015255269 0.0007444775 0.5055869 0.006244706 0.0015947745 0.00017221956 0.0040906826 0.2580071 0.22749701 0.15074483 0.013914383 0.0015527878 0.015718019 0.0016143897 0.054030526 5.8358302e-05 0.030180942 0.1705342 0.017034769 0.0013041997 0.00049708947 0.0015936587 0.0008150938 0.0024113734 0.0031764098 0.0006601583 4.0930394e-05 1.2808044e-05 7.405633e-06 0.00021185305 0.000107819025 0.00020026919 1.7179696e-08 0.011309114 0.0009740075 0.012441741 0.0028035112 1.4858017e-05 1.063434e-06 3.7465409e-06 0.0014225759 0.007984603 1.5966743e-06 0.00025259677 3.4429604e-08 0.00070709875 0.000101634054 0.0001163609 0.00015783781 0.0025629408 0.0005344919 0.00013205086 2.961104e-07 3.900065e-06 0.0007175736 1.2046546e-05 3.4037304e-05 0.015251516 0.004785595 9.2703285e-06 2.513689e-05 0.00036617563 1.5556743e-07 1.0439348e-06 4.3039658e-05 1.8921625e-07 2.51025e-06
0.8154482 0.77002966 0.117795646 0.16545564 1.4182521e-17 0.42224118 0.07390396 0.048266087 0.9046218 0.76559633 0.0481447 0.002304259 0.6556939 0.6721734 0.908763 0.0017632095 0.018466193 0.8675428 0.009622626 0.00019774937 0.09730192 0.12571584 8.5476864e-07 0.002113906 2.0302768e-05 0.017600812 0.029873656 1.46513e-05 0.0036578614 0.005558589 0.00039719438 0.5078332 0.19842237 0.16811353 7.6842916e-05 0.33488452 1.7876227e-08 0.00093350315 0.28506193 0.15598044 0.0005080734 4.5282854e-06 2.0627897e-07 1.2245e-06 0.0090044895 0.001364083 1.863898e-06 0.00021173227 7.0425966e-07 0.02180628 2.8000575e-06 8.270929e-08 4.0929002e-08 0.00027363608 0.114988044 8.9599234e-07 0.00022689858 8.655204e-08 0.0038057854 2.6782317e-08 0.0023885658 2.2117431e-08 5.912247e-06 9.337292e-08 0.025086002 5.0054166e-07 1.0885943e-06 0.33911377 0.1025186 1.1793012e-07 5.707075e-08 4.3016364e-08 0.0010073843 0.0022696988 2.4938263e-06 0.0055373856 5.4171572e-08 0.00048165163 0.00014190044 2.9043498e-08 7.629543e-08 7.632862e-08 7.674745e-08 1.0417374e-07 0.001797672 2.3228118e-07 6.8655936e-07 1.7970726e-07 4.0602046e-08 7.25716e-08 4.5361801e-07 0.005982245 5.402683e-07 7.764842e-08 2.714464e-07 1.8067543e-07 1.6899387e-08 2.3826477e-10 1.9839301e-07 1.622804e-08 8.433898e-08
0.985268 0.8740156 0.1498242 0.13554545 0.42224118 3.5382165e-14 0.90766877 0.06863554 0.71248925 0.30963254 0.069799475 0.10690066 0.10447134 0.07318417 0.09645873 0.2516182 0.40544093 0.020018341 0.1587826 0.06495159 0.5824804 0.8515946 0.123220205 0.04318489 0.022515867 0.011624987 0.05156331 0.0107409125 0.060438573 0.006531085 0.016930677 0.56793314 0.039098874 0.004247937 0.0072154994 0.0675794 0.05463546 0.12869655 0.15718527 0.021473674 0.008297575 0.05895562 0.025771566 0.02573883 0.3412615 0.012937499 0.007118014 0.002539495 0.0095163705 0.0011335822 0.006107525 0.0059906286 0.0046974593 0.0057332553 0.023758044 0.0013783794 0.0023261153 0.000750572 0.04994051 0.00040837206 0.00044538677 6.0871657e-06 0.0012148916 0.00019546827 0.004650627 0.00035118667 4.3466913e-05 0.106095485 0.08348469 0.00013731561 9.158015e-05 1.9543591e-05 5.2052616e-05 0.0001732835 0.00025441553 0.066436574 1.718282e-05 0.010723001 1.5775955e-06 2.5153939e-05 8.976568e-05 9.299864e-05 4.833648e-06 0.000117521966 0.013185071 7.5523414e-05 2.3254517e-05 0.00015535195 7.921993e-06 1.1340958e-05 2.8392511e-05 0.059931245 7.352471e-05 8.289867e-06 4.6767203e-05 0.0001228587 2.0670396e-07 1.1870037e-06 2.9570652e-05 5.721143e-07 1.5843389e-05
0.9802204 0.6300037 0.25190422 0.19575094 0.07390396 0.90766877 3.5817408e-14 0.10674532 0.2107311 0.07457131 0.08213766 0.24298365 0.007114346 0.0022900957 0.0018355733 0.805752 0.83412266 0.0025047502 0.7267366 0.30288556 0.3247003 0.4747298 0.3011235 0.16821446 0.063070364 0.000397712 0.009238901 0.035223775 0.030999329 0.0007372833 0.17292604 0.18254606 0.0006902523 0.00018894336 0.08371734 0.010481958 0.2803727 0.1688426 0.015011561 0.00052316056 0.036270943 0.06055244 0.08058024 0.0226712 0.18454579 0.03085714 0.07045158 0.01369495 0.0044833217 9.6070784e-05 0.00471564 0.005382626 0.03112926 0.011631436 0.0040350338 0.03286394 0.008202365 0.008335319 0.041256603 0.008592767 6.7473215e-05 0.00018867667 3.670996e-05 0.008090879 0.00016003393 7.569098e-05 1.3288425e-06 0.029972887 0.017808788 0.0010666066 0.004462262 0.00054516795 5.722237e-06 3.9140714e-06 0.0001825732 0.05812333 6.035569e-06 0.0044632093 2.608959e-07 4.3210704e-05 7.329103e-05 8.427471e-05 0.00019817379 9.338525e-05 0.004681859 8.3516956e-05 2.3322223e-06 3.4206776e-05 0.00012863381 0.00013832121 0.00011093623 0.030349584 0.00035247055 7.953254e-05 0.000102505066 0.0003069712 5.1820443e-06 3.704816e-05 0.00010724146 1.6307948e-05 1.1451406e-06
0.9521706 0.63773817 0.8480047 0.8557337 0.048266087 0.06863554 0.10674532 5.4318707e-15 0.05031303 0.14087726 0.9609273 0.90372723 0.0060997945 0.002415385 0.0012037433 0.07549015 0.029884074 0.00049762573 0.05991083 0.03715254 0.0011563173 0.09090315 0.37063256 0.0003186205 0.56678474 0.00020166734 0.27771217 0.11669346 0.16484559 0.0047991574 0.002048484 0.016196376 0.0001715321 2.9509662e-05 0.0010437135 0.0001407026 0.38868633 0.0041393046 0.001107097 0.00012509432 0.0036086724 0.4930658 0.48796487 0.33825657 0.0047529265 0.0015299873 0.0058616274 0.00088062836 0.13031067 7.544207e-05 0.07712323 0.31373325 0.01679913 0.0007515346 8.409592e-05 0.0008493087 0.00080973573 0.0020623289 0.0014240576 0.00020476773 3.041416e-05 6.001023e-06 9.791605e-06 9.234235e-05 7.680292e-05 0.00039312383 5.6439966e-08 0.009571021 0.0002079614 0.026836941 0.003609099 5.7035872e-06 1.1399061e-06 2.2626414e-06 0.0043939864 0.0048449044 7.2598887e-06 3.4987057e-05 6.114068e-08 0.0014575827 0.00026572912 0.00027010636 0.0002548733 0.0059250914 0.00013618894 0.00022668813 8.276836e-07 6.628384e-06 0.0012543252 1.4234764e-05 2.1723272e-05 0.009745325 0.01549962 1.3187812e-05 9.816111e-06 0.00015714571 3.3557703e-07 6.866903e-07 1.2379578e-05 1.3893245e-07 4.2403612e-06
0.99603266 0.36378562 0.06307369 0.05911684 0.9046218 0.71248925 0.2107311 0.05031303 7.962149e-16 0.56976753 0.07451129 0.06651933 0.5072321 0.5226217 0.6615482 0.0074340943 0.041083794 0.2237378 0.020807035 0.012090426 0.096097976 0.60206676 0.02197589 0.0012327748 0.022951186 0.22719699 0.115588084 0.010727589 0.105117895 0.051529758 0.0015726199 0.72278214 0.11721743 0.08755873 0.0004189963 0.1527986 0.00042754135 0.0026937295 0.41466334 0.07137493 0.000111198075 0.05629819 0.01710259 0.050892435 0.057109594 0.00022259995 1.8993183e-05 3.26441e-05 0.03147062 0.052284718 0.0076727294 0.00029785605 0.00014090832 5.285443e-05 0.03714749 0.00012094184 5.969598e-05 9.573151e-06 0.010595499 1.0330385e-05 0.00087919715 5.367662e-09 0.028036172 9.383653e-07 0.045504484 0.0047078393 0.0028804762 0.27768382 0.25756425 9.68518e-07 2.2955489e-07 7.2140085e-07 9.437906e-05 0.0013839925 0.00012900801 0.04508705 0.0002907404 0.013135654 4.229423e-05 3.7160328e-07 5.880849e-05 3.6807345e-05 8.1649716e-08 5.3475596e-06 0.030359274 3.0737883e-05 0.000585688 0.0009566609 4.5436698e-07 1.3813612e-06 2.5353484e-06 0.07871201 3.9687498e-06 1.9033646e-06 1.1154629e-05 3.287622e-06 1.9735626e-07 1.0297049e-07 3.2697083e-06 2.846343e-09 0.00016188329
0.98086077 0.8405794 0.1497103 0.1383288 0.76559633 0.30963254 0.07457131 0.14087726 0.56976753 3.6789644e-15 0.3295438 0.1349706 0.9138321 0.8154964 0.44719052 0.0009175228 0.0062854663 0.35930923 0.010380694 0.0025043918 0.0077130985 0.19967124 0.0060035856 0.00017046688 0.036600277 0.67446953 0.8543386 0.007923452 0.67092156 0.6072859 0.00015136876 0.17690948 0.011359936 0.012846378 0.00020380784 0.0071374686 0.00203785 0.0005107015 0.027841993 0.008123118 5.6742123e-05 0.47646895 0.21970484 0.44191706 0.0067786546 6.997187e-05 2.8886423e-05 5.919872e-05 0.4440992 0.011139566 0.15366133 0.06308692 0.00045414417 2.3340837e-05 0.0039817286 5.576317e-06 3.526106e-05 4.5464316e-05 0.0017485439 2.7191213e-06 0.0004321174 2.3083485e-08 0.09792237 4.3660057e-07 0.0019366997 0.06417285 0.0051838984 0.022376208 0.008641231 0.001660864 8.387149e-07 8.6690966e-07 0.00011880775 0.0002227123 0.079433985 0.0018483722 0.0040345546 0.00025104225 1.7554972e-05 0.0003615139 0.0032143889 0.00283175 3.0228873e-06 0.0019196391 0.00052279874 0.002446527 0.0006845164 0.0016131101 1.0669574e-05 2.6296822e-05 5.7753203e-07 0.007758532 0.00056179473 7.656702e-06 1.2901705e-07 3.8113917e-06 3.9089622e-07 7.735351e-08 9.2783324e-08 3.4012654e-08 0.00018451421
0.9586621 0.6494113 0.80503744 0.82902366 0.0481447 0.069799475 0.08213766 0.9609273 0.07451129 0.3295438 5.235672e-14 0.8719577 0.022593344 0.009133685 0.0024193665 0.03492412 0.019608531 0.00049603655 0.014209578 0.018821737 0.00036433717 0.05625625 0.1705418 3.1029584e-05 0.6409829 0.0010337215 0.5901623 0.14236914 0.54411966 0.021617597 0.0005420703 0.0068483334 0.00018488569 0.00011034755 0.00049650366 8.899579e-05 0.214928 0.00097412505 0.00076520274 0.0001559881 0.0009024029 0.70920366 0.6844636 0.56307465 0.0009213419 0.00035527773 0.0012676865 0.00014445017 0.4273063 0.00010420084 0.20209801 0.4909721 0.0049751448 0.000121911675 6.514313e-05 9.195296e-05 0.00022902826 0.0010243617 0.0003955906 2.649377e-05 8.064274e-05 2.1312608e-06 0.000120700795 1.8065477e-05 6.0300372e-05 0.00251071 5.66837e-07 0.0025504483 0.00015301084 0.030417902 0.0007398108 1.8120371e-06 2.8866389e-06 3.7466018e-06 0.02790505 0.0006398171 5.5325607e-05 6.2391186e-06 1.616515e-07 0.0026734078 0.00082795415 0.0007569521 9.5158844e-05 0.007942699 3.9615596e-05 0.00059662317 4.9188775e-06 4.843747e-05 0.0007362684 4.4073745e-06 4.0437763e-07 0.0030364601 0.010413806 1.0072804e-05 2.1969386e-07 8.400041e-06 1.4962215e-07 3.087323e-07 3.736046e-07 2.4923105e-07 3.8061467e-06
0.9747009 0.5043701 0.84075 0.83719707 0.002304259 0.10690066 0.24298365 0.90372723 0.06651933 0.1349706 0.8719577 3.0204602e-12 0.0043662833 0.0012849759 0.00025574764 0.26694062 0.13997138 5.5206387e-05 0.091739565 0.2313184 0.0005144771 0.18127838 0.8534304 0.00027897055 0.93474 3.328112e-05 0.05702677 0.7018645 0.12057984 0.0006228873 0.0019495807 0.027500845 0.00010792117 2.9321973e-06 0.0036397686 2.7428649e-05 0.7894844 0.022606967 0.00043779472 3.330513e-05 0.02352926 0.4895815 0.6051157 0.31074995 0.015048141 0.0056728865 0.03839525 0.0008832803 0.0977423 9.976694e-06 0.084493205 0.23712309 0.11375635 0.0031760477 1.8981395e-05 0.0017024155 0.002779309 0.004465892 0.0050333315 0.0007522044 3.2535338e-06 2.8905793e-05 2.0212488e-07 0.00014347388 7.215214e-05 8.0587386e-05 5.0887805e-09 0.028495546 7.611938e-05 0.04605919 0.026846904 4.118934e-05 1.11703514e-07 3.0812458e-07 0.0019686727 0.00790527 1.7463458e-06 2.2719054e-05 1.541124e-08 0.0026717093 7.550332e-05 6.029721e-05 0.0014903756 0.00789915 0.000105929 3.55872e-05 2.0980573e-07 1.5526678e-06 0.0052311695 0.00013964518 0.0003172406 0.012311434 0.062557004 9.0340305e-05 0.00028378743 0.00075987517 3.6450083e-06 4.5671272e-06 0.00030956801 6.353319e-07 1.1063692e-06
0.9448416 0.37089154 0.00629861 0.006185692 0.6556939 0.10447134 0.007114346 0.0060997945 0.5072321 0.9138321 0.022593344 0.0043662833 2.4869e-16 0.97641134 0.55793667 1.3561136e-05 0.00043317795 0.56395566 0.0009433276 3.562506e-05 0.004386488 0.07786465 0.00024120862 1.6342992e-05 0.002284713 0.8522119 0.5429737 0.0010047773 0.19874966 0.4107152 1.0037658e-05 0.122059 0.05425402 0.11950979 2.3807174e-06 0.012293724 6.359621e-06 4.2611067e-05 0.08435523 0.03640474 2.367906e-06 0.09351222 0.030172627 0.09449468 0.0012414113 8.644234e-06 6.754061e-07 1.9787801e-06 0.06958093 0.095956534 0.027806362 0.008283941 2.4841415e-06 7.021988e-07 0.010344616 1.03693814e-07 1.5762203e-07 9.2963353e-07 0.0004836161 3.1264125e-07 0.004550739 1.1350403e-09 0.09943447 1.1553411e-08 0.008681759 0.02773394 0.014072696 0.017506706 0.019810855 0.0002565423 7.26877e-08 1.2549286e-07 0.00050194346 0.0008516089 0.0038872918 0.0007306328 0.0020683068 0.000103490456 9.817455e-05 3.3246484e-05 0.0018475802 0.0014800995 4.4303263e-07 0.00033547622 0.0007491046 0.00097607134 0.0014990753 0.002483513 7.6883515e-07 9.503658e-07 2.600855e-09 0.0035515577 2.838661e-05 5.554288e-07 4.8721227e-09 1.948037e-08 5.1954487e-08 2.0698849e-08 4.519723e-09 1.9303718e-08 0.00038652055
0.9432614 0.2520281 0.0024423369 0.0026808681 0.6721734 0.07318417 0.0022900957 0.002415385 0.5226217 0.8154964 0.009133685 0.0012849759 0.97641134 2.8249892e-17 0.6519089 1.741139e-06 8.0554804e-05 0.67536795 0.0001721386 3.705959e-06 0.0039408216 0.06419499 1.8541408e-05 3.9455977e-06 0.00044462943 0.8735716 0.45596218 0.00025972133 0.12952554 0.38406497 2.2534377e-06 0.16185583 0.12269266 0.1391871 3.3408034e-07 0.016514523 1.5120872e-06 1.6166076e-05 0.15468557 0.06880974 6.739238e-07 0.04159149 0.016159857 0.039666336 0.00093692297 1.3785303e-06 9.175608e-08 1.1286761e-07 0.036190342 0.16592614 0.0113809565 0.0020516042 3.2201015e-07 6.702336e-08 0.013428119 2.3795574e-08 2.93872e-08 6.97527e-08 0.00013211761 2.1792191e-08 0.004911652 9.584372e-11 0.09109472 1.4585496e-09 0.015160259 0.017829502 0.0124164345 0.019829158 0.02317172 3.133699e-05 8.818169e-09 9.372598e-09 0.0007714632 0.0025020891 0.0008210355 0.0004876388 0.0013792571 0.000115411654 0.00016323703 7.684054e-06 0.0010232003 0.0008010477 5.6956676e-08 7.464418e-05 0.0007534989 0.00050633104 0.001817183 0.0030756053 1.7632152e-07 5.0134254e-08 3.5916609e-10 0.0023528603 6.8055456e-06 1.0837316e-07 1.7496787e-09 3.8092853e-09 2.4644324e-09 1.5236334e-09 1.245222e-09 1.3630332e-09 0.00039501346
0.9879865 0.032664977 0.00094079995 0.0012386263 0.908763 0.09645873 0.0018355733 0.0012037433 0.6615482 0.44719052 0.0024193665 0.00025574764 0.55793667 0.6519089 7.2690703e-13 1.6862883e-05 9.718644e-05 0.9393687 1.38079295e-05 8.962167e-06 0.0059142183 0.1076118 1.0073024e-05 4.9593577e-06 0.00021655957 0.5718168 0.08351333 4.8755996e-05 0.024283955 0.047753904 8.069177e-06 0.42083946 0.39491808 0.28889054 5.9782235e-07 0.13245249 7.6078486e-06 4.665606e-05 0.47486708 0.20059168 3.6473064e-06 0.009725939 0.00064427865 0.0071459585 0.0021533647 1.6886002e-06 2.2587467e-07 1.2268349e-07 0.0055285497 0.2768181 0.0012912039 0.0001839348 2.9202795e-07 1.1629122e-06 0.06311265 5.1273963e-07 1.6319171e-06 9.416593e-08 0.00048377592 7.39162e-08 0.017821733 3.326614e-09 0.06072302 1.3297361e-08 0.14244294 0.009399753 0.023942074 0.30031914 0.17258959 9.115045e-08 1.5709176e-08 2.8680228e-08 0.0028771732 0.02137822 0.0007011857 0.0067940615 0.00082971127 0.0039713494 0.00065612653 3.5406647e-08 0.00012968386 6.215207e-05 6.6765494e-08 2.4773067e-06 0.009538149 3.9490023e-05 0.0032209416 0.004299185 3.290763e-07 8.8774414e-08 5.5783484e-08 0.020079834 2.2072238e-06 2.0666974e-08 1.3615536e-07 8.527522e-08 1.5973308e-08 5.6521055e-09 4.5794348e-08 2.7099128e-10 0.0008588948
0.987794 0.08394847 0.105602846 0.08155333 0.0017632095 0.2516182 0.805752 0.07549015 0.0074340943 0.0009175228 0.03492412 0.26694062 1.3561136e-05 1.741139e-06 1.6862883e-05 4.101365e-15 0.7878333 1.7347655e-05 0.91582036 0.77090186 0.0655464 0.16121145 0.43365702 0.2559829 0.1105221 6.244741e-07 0.000103591374 0.0601808 0.0037669756 2.9732305e-06 0.61984706 0.021584544 3.2494747e-06 2.0741365e-07 0.39382258 0.00029091706 0.37929735 0.18965158 0.00022757972 9.3195655e-07 0.12409264 0.034457427 0.059938785 0.011404158 0.10092593 0.04156124 0.32054472 0.025154486 0.0019019967 5.466467e-07 0.0008179769 0.0008105969 0.23946913 0.021169893 0.00013708585 0.25874344 0.012529282 0.10739021 0.027076382 0.078936644 4.6338207e-07 0.0005503843 7.247343e-07 0.085701205 4.343306e-07 1.9143885e-05 1.8485412e-08 0.005629366 0.00095038954 0.00066942524 0.06361209 0.010473775 1.7076569e-07 6.531996e-08 7.961404e-05 0.028287623 8.5227214e-07 0.0015500219 2.8022e-08 2.7316011e-05 8.592282e-06 7.3157257e-06 0.0039282856 0.00011598077 0.00092565076 8.268533e-06 3.0110175e-07 1.25567685e-05 0.0012430913 0.0027716556 4.9283273e-05 0.013921133 0.00020262854 0.0011854597 2.5953794e-05 0.0002612055 6.259153e-05 0.00021352217 2.1721034e-05 0.0003780534 3.3449672e-07
0.9892041 0.117953844 0.045516536 0.040406197 0.018466193 0.40544093 0.83412266 0.029884074 0.041083794 0.0062854663 0.019608531 0.13997138 0.00043317795 8.0554804e-05 9.718644e-05 0.7878333 4.4475864e-14 0.001187865 0.85305643 0.52083886 0.5601069 0.32944766 0.32872406 0.8031075 0.031366963 7.479385e-06 0.0003654047 0.02226411 0.002991506 9.573457e-05 0.6242257 0.11565179 0.00010769128 9.852218e-06 0.45943746 0.006991552 0.12911347 0.4870534 0.0022025148 8.1967846e-05 0.22849755 0.015012322 0.036891777 0.004097922 0.39848718 0.19706838 0.17204277 0.12977707 0.00075670093 1.0758139e-05 0.0010095485 0.00051836437 0.09604903 0.13502088 0.0031398647 0.17761515 0.076846905 0.04387096 0.14451535 0.03815998 1.6836195e-05 0.0014737479 1.0325591e-06 0.063646235 1.4427881e-05 2.7165539e-05 2.5254758e-08 0.020548614 0.008858867 0.00024027994 0.019095883 0.008079978 2.9927282e-06 4.716561e-07 0.00014065269 0.066480145 2.0275033e-06 0.015022317 1.4101565e-07 2.3303759e-05 1.5818041e-05 1.69331e-05 0.0005898208 3.763266e-05 0.012765437 1.746042e-05 6.39649e-07 9.086144e-06 0.00022734565 0.0016319562 0.0005884765 0.041269913 0.0002910686 0.002213396 0.00048283246 0.0026305804 0.0001439062 0.00053294684 0.0005936732 0.00069548417 1.3444757e-06
0.7206985 0.0075002075 0.0006336147 0.00087509945 0.8675428 0.020018341 0.0025047502 0.00049762573 0.2237378 0.35930923 0.00049603655 5.5206387e-05 0.56395566 0.67536795 0.9393687 1.7347655e-05 0.001187865 5.882056e-18 8.855926e-05 2.5348866e-06 0.008015463 0.014970488 2.0868625e-07 2.1395155e-05 1.9513456e-07 0.1871943 0.007951165 3.976837e-07 0.00067423534 0.020747388 7.1699046e-06 0.13397375 0.87929636 0.88603705 4.023983e-07 0.41389576 4.1252254e-10 1.4430455e-05 0.6179396 0.8617627 7.249843e-06 5.7022658e-06 1.18995125e-07 1.8543169e-06 0.00091666006 2.1151724e-05 1.5358186e-08 4.938982e-06 1.7290103e-06 0.7520674 2.1826409e-06 2.2049185e-09 6.209933e-09 7.3410747e-06 0.16003451 3.647766e-08 7.984126e-06 9.465442e-09 0.0006208442 2.708865e-09 0.22776172 7.903541e-10 0.00020456377 6.2966787e-09 0.21014851 1.0840903e-05 0.00012495017 0.23922992 0.11009516 6.812155e-08 1.8352361e-09 5.716811e-09 0.030405162 0.28235158 3.4470509e-06 0.0019416284 1.514925e-06 0.00013150719 0.0018673185 9.867295e-09 4.1150196e-07 2.877751e-07 5.3595492e-09 4.113083e-08 0.00058102846 8.4183694e-07 2.550903e-05 5.278449e-06 3.8309693e-09 6.716819e-09 7.2481647e-09 0.002333661 3.2319744e-07 5.7769007e-09 3.991145e-09 1.5814086e-09 4.2888377e-09 3.7217424e-11 1.6186853e-09 3.5930378e-10 1.4408129e-06
0.88262147 0.10086471 0.15864952 0.16424234 0.009622626 0.1587826 0.7267366 0.05991083 0.020807035 0.010380694 0.014209578 0.091739565 0.0009433276 0.0001721386 1.38079295e-05 0.91582036 0.85305643 8.855926e-05 8.2098735e-18 0.7042886 0.3663999 0.06573167 0.11017578 0.72303146 0.009758522 9.336326e-07 2.986526e-05 0.015142861 0.0009831627 1.6845926e-05 0.8636138 0.04713468 0.000110611065 1.8804696e-05 0.43377066 0.001702306 0.20284016 0.23161308 0.0042794133 0.00019086998 0.37033072 0.00044289068 0.0013898964 6.158547e-05 0.1234577 0.11488148 0.6137348 0.7362731 1.08750855e-05 7.136423e-06 8.147008e-05 0.0004608368 0.078645006 0.09452023 0.0003253301 0.26117358 0.064170785 0.039481368 0.04708797 0.036269758 0.00019624959 0.008217386 1.1737281e-05 0.009739239 1.8904257e-05 1.3425327e-05 9.029856e-08 0.0047686794 0.0048848945 5.3976055e-05 0.0039848555 0.0021443672 2.387831e-05 2.999918e-06 1.8977984e-06 0.019390585 5.121249e-07 0.0034589458 6.7050246e-07 2.4098513e-06 2.1068927e-06 1.3639639e-06 0.00012838453 4.2596562e-07 0.0018079903 3.571471e-06 4.645867e-08 6.9699105e-08 0.00037594925 0.0010513479 0.0014865012 0.012592523 5.7781574e-05 0.0019654075 0.0009861944 0.0038385317 9.037976e-05 5.0715138e-05 0.0011716452 0.00041243155 2.0662323e-08
0.9767632 0.06565267 0.06325479 0.054482725 0.00019774937 0.06495159 0.30288556 0.03715254 0.012090426 0.0025043918 0.018821737 0.2313184 3.562506e-05 3.705959e-06 8.962167e-06 0.77090186 0.52083886 2.5348866e-06 0.7042886 3.307051e-14 0.0018400997 0.13782276 0.7564804 0.011276032 0.08418403 1.3921482e-07 7.801015e-05 0.2160479 0.00056288124 7.4073e-06 0.41652766 0.04560349 4.0394307e-06 1.2850433e-06 0.3149784 3.9660237e-05 0.7522742 0.19615519 7.8237696e-05 6.590624e-07 0.26340017 0.016406935 0.04030442 0.006089135 0.08622975 0.08823555 0.9167573 0.14501074 0.0013007738 1.0669457e-06 0.0020528794 0.00043003063 0.67588997 0.061787132 9.226969e-06 0.28076693 0.052135922 0.3431022 0.044687267 0.23576681 1.2359807e-05 0.0011376024 4.3268764e-07 0.030681351 1.5448773e-05 1.6664233e-05 5.69131e-09 0.010150824 4.349254e-05 0.0041994946 0.15225603 0.012035093 2.356762e-07 1.701249e-07 2.1183841e-05 0.022206075 2.987232e-07 3.4071207e-05 3.292359e-08 0.00013492386 5.7677107e-06 4.260536e-06 0.015083026 7.7467914e-05 7.237584e-05 3.628115e-06 9.91732e-08 8.3710717e-07 0.009824967 0.0044048387 0.0034123743 0.022048872 0.0050497483 0.005480436 0.0016056977 0.00992057 9.6637654e-05 0.00017286904 0.0022062568 0.0011477987 1.0729316e-07
0.97746944 0.025557626 0.004873908 0.005050081 0.09730192 0.5824804 0.3247003 0.0011563173 0.096097976 0.0077130985 0.00036433717 0.0005144771 0.004386488 0.0039408216 0.0059142183 0.0655464 0.5601069 0.008015463 0.3663999 0.0018400997 5.4500916e-16 0.7823902 4.6927416e-05 0.88716257 3.6994793e-06 6.686917e-06 6.786776e-06 1.7582533e-05 3.083064e-06 3.949017e-07 0.02001901 0.71379566 0.014476017 0.0015396236 0.031070052 0.32405555 1.0332384e-05 0.5392009 0.18981923 0.020188605 0.10073549 1.1680182e-06 1.0219665e-07 9.605652e-08 0.8735975 0.2656485 0.00045708468 0.09658579 6.271846e-08 0.00016777155 2.5303902e-07 1.18596894e-07 1.8485166e-06 0.034845952 0.20363222 0.0001920169 0.04175171 3.5728033e-06 0.38857436 5.83102e-06 0.0010061418 0.0004998143 3.0350964e-07 3.366181e-05 0.0017868167 5.967209e-08 2.0605256e-08 0.27406123 0.55538976 3.2995885e-08 1.3634475e-06 1.0699108e-06 2.1404749e-05 3.1520336e-05 2.7378702e-09 0.19898713 7.630238e-09 0.46158692 2.8502043e-06 5.1062255e-08 6.238095e-08 4.9165692e-08 9.422953e-08 6.876094e-08 0.49756193 4.9344948e-08 1.0954464e-07 1.5718746e-07 1.1839156e-07 6.96356e-06 0.00089875114 0.2741218 1.046521e-07 9.32077e-06 0.0009196236 0.0008922095 3.713443e-07 1.3238505e-07 0.0008800024 5.614291e-07 3.103611e-08
0.99950016 0.40969476 0.13539343 0.11330388 0.12571584 0.8515946 0.4747298 0.09090315 0.60206676 0.19967124 0.05625625 0.18127838 0.07786465 0.06419499 0.1076118 0.16121145 0.32944766 0.014970488 0.06573167 0.13782276 0.7823902 7.8749306e-19 0.10418005 0.026740544 0.017395666 0.016066458 0.027586648 0.0063648303 0.03283243 0.005364603 0.030757328 0.7655741 0.014940501 0.0044174376 0.015835285 0.14699048 0.0051379334 0.12047391 0.098004766 0.007788156 0.007048138 0.021925356 0.016258318 0.007297526 0.380384 0.011919447 0.007257591 0.0035322066 0.0025702629 0.0017168906 0.0004900257 6.066873e-05 0.010881607 0.0028081578 0.06625972 0.011182178 0.0018762476 0.0025258362 0.07550063 0.0020960628 0.00026672514 3.5633115e-05 0.001474346 0.0021053224 0.0014106671 0.00029043586 6.776508e-05 0.11706106 0.3559738 4.471862e-05 0.0002084803 0.00028975695 5.8074038e-05 0.00011419028 0.00019058786 0.0777612 2.1495203e-05 0.1465137 1.9318747e-06 1.0110703e-05 5.7439625e-05 4.4301738e-05 3.26441e-05 3.1529835e-05 0.15654615 4.032831e-05 9.612576e-05 0.00019771693 9.8646005e-06 3.933783e-05 3.0271523e-05 0.07988153 6.230619e-05 5.3169748e-05 0.00011096851 9.243805e-05 6.9827456e-06 6.576375e-06 6.989038e-05 1.2256905e-06 3.4212128e-05
0.969985 0.20189168 0.480831 0.44656536 8.5476864e-07 0.123220205 0.3011235 0.37063256 0.02197589 0.0060035856 0.1705418 0.8534304 0.00024120862 1.8541408e-05 1.0073024e-05 0.43365702 0.32872406 2.0868625e-07 0.11017578 0.7564804 4.6927416e-05 0.10418005 9.508673e-16 3.2197207e-05 0.7401055 3.206535e-07 0.00011004038 0.7305902 0.0017728338 2.8627628e-06 0.0037143999 0.020451965 9.806539e-06 3.2817262e-08 0.03434311 1.3162751e-06 0.94660527 0.07039092 5.6373407e-05 5.1073675e-07 0.07661159 0.066568844 0.20579132 0.041201722 0.034029555 0.020336857 0.4492134 0.0006046888 0.011818869 2.8323507e-08 0.027011994 0.0008200287 0.75294626 0.015107233 1.2836163e-06 0.025035745 0.021886002 0.14375772 0.010970477 0.03266872 1.7803867e-06 0.00022835977 4.307992e-08 0.0012494933 2.0169637e-06 2.5435581e-06 5.878782e-10 0.010539908 5.463582e-06 0.033301916 0.19381554 0.00019668746 3.948488e-08 5.8292464e-08 3.2077314e-05 0.006209425 1.3059963e-07 5.33837e-07 2.173444e-09 0.001063964 3.5643325e-06 4.285986e-06 0.017766573 0.0020300136 2.0526336e-06 3.1638797e-06 1.7043956e-08 6.7930847e-07 0.013982729 0.00018757401 0.00075928844 0.0067524076 0.067548335 0.00031015073 0.00021515602 0.0017125219 1.4563996e-05 3.511495e-05 0.00033786226 8.880448e-06 2.525601e-08
0.8587374 0.0028336896 0.0012950979 0.0012721365 0.002113906 0.04318489 0.16821446 0.0003186205 0.0012327748 0.00017046688 3.1029584e-05 0.00027897055 1.6342992e-05 3.9455977e-06 4.9593577e-06 0.2559829 0.8031075 2.1395155e-05 0.72303146 0.011276032 0.88716257 0.026740544 3.2197207e-05 6.3800627e-19 4.6471723e-07 4.732881e-09 4.02134e-07 2.109897e-06 2.6321484e-07 4.723009e-08 0.46871635 0.021885386 4.8472728e-05 8.473115e-07 0.35074073 0.0056503206 1.7611288e-06 0.877485 0.001889622 6.323862e-05 0.8370489 2.6602788e-07 1.7156479e-08 8.9305644e-08 0.32050452 0.836057 0.0022698918 0.68971187 4.9282963e-08 9.566704e-07 2.9341317e-07 2.4403445e-08 1.0211035e-05 0.6054321 0.00076378544 0.0010835818 0.46296394 6.0346715e-06 0.37388948 3.7283703e-06 8.539453e-06 0.0145949265 2.2725175e-08 7.395932e-05 1.3124627e-07 4.2886025e-08 6.357073e-10 0.010092233 0.016394688 1.3350271e-08 2.2277366e-06 3.3466215e-06 7.3331044e-08 1.0431174e-07 3.049625e-08 0.057985194 5.07981e-09 0.06212179 4.2991815e-09 1.2145773e-09 1.28495365e-08 9.0410195e-09 2.827203e-07 1.60133e-08 0.04631717 3.1792112e-08 4.1092076e-09 5.497783e-09 8.3540876e-08 1.4546229e-05 0.004614246 0.05248059 1.06099804e-07 1.0263942e-05 0.0016163378 0.008522219 3.2388485e-07 9.4683315e-07 0.0023548482 2.8306788e-06 1.4200173e-09
0.9182928 0.12954368 0.31717238 0.3384735 2.0302768e-05 0.022515867 0.063070364 0.56678474 0.022951186 0.036600277 0.6409829 0.93474 0.002284713 0.00044462943 0.00021655957 0.1105221 0.031366963 1.9513456e-07 0.009758522 0.08418403 3.6994793e-06 0.017395666 0.7401055 4.6471723e-07 3.3416932e-16 1.129983e-06 0.010603301 0.98671377 0.012884112 0.00019988471 0.00014409338 0.0023441736 2.959157e-06 6.450847e-07 0.0038972879 5.648367e-07 0.8151502 0.0009219489 4.8465332e-05 1.9274598e-06 0.0031586837 0.12467112 0.61048263 0.06175714 0.00072476995 8.24887e-05 0.0106806625 0.000101646074 0.012252675 3.426283e-07 0.02069241 0.10602895 0.06906963 0.00015131202 3.738687e-07 0.0003388419 6.6325105e-05 0.0019861888 3.9595165e-05 0.000450864 1.2068623e-05 4.070819e-07 2.738197e-07 2.7323943e-06 2.622692e-05 7.7465775e-05 1.8738163e-08 0.0043802904 8.886794e-06 0.20236948 0.02601322 5.8747983e-06 1.0332167e-07 5.252351e-08 0.00041896696 4.526185e-05 1.4329296e-06 1.1239312e-08 1.340058e-08 0.006924835 5.1460265e-05 2.936878e-05 0.0021654502 0.009103849 7.7657006e-08 9.8170285e-06 9.086855e-08 2.026871e-06 0.010285397 2.8782999e-05 5.326211e-07 0.0006987648 0.16590483 6.142915e-05 1.9866359e-07 1.0670745e-05 1.180101e-07 2.8334568e-07 2.2200071e-07 2.117156e-07 2.225094e-07
0.9790497 0.025360808 0.00019501636 0.00023587824 0.017600812 0.011624987 0.000397712 0.00020166734 0.22719699 0.67446953 0.0010337215 3.328112e-05 0.8522119 0.8735716 0.5718168 6.244741e-07 7.479385e-06 0.1871943 9.336326e-07 1.3921482e-07 6.686917e-06 0.016066458 3.206535e-07 4.732881e-09 1.129983e-06 3.2519056e-15 0.5397533 6.521427e-06 0.09337357 0.9295693 3.6784094e-08 0.03762756 0.12121705 0.297184 4.347987e-08 0.00067004666 2.2769038e-08 3.6989572e-06 0.06414025 0.04319495 3.893886e-07 0.0076279147 0.00013755717 0.019507047 0.00035060875 1.588898e-07 1.32350895e-08 3.8549327e-08 0.01988805 0.8850649 0.00621845 3.977698e-05 7.1046524e-09 9.015848e-08 0.00035582294 2.1938115e-08 7.5990876e-08 4.8661068e-08 2.0178612e-05 1.4919603e-08 0.008437664 2.5754423e-09 0.6880021 3.1633798e-09 0.030541789 0.24446346 0.38628882 0.017164478 0.0009005151 9.002612e-07 3.4236995e-09 2.4161173e-08 0.0016998231 0.0060864384 0.04906336 0.00010812133 0.032709 7.106544e-07 0.0002965955 1.8372914e-06 0.005548666 0.0039231735 5.7023737e-08 0.00017849499 7.230502e-06 0.003068439 0.04505911 0.021865016 4.8797443e-07 2.0090552e-07 1.3289443e-09 0.0020890003 1.176204e-06 9.64369e-08 8.351132e-10 3.8967056e-09 1.5548592e-08 1.856186e-09 3.2072306e-10 3.4285679e-09 0.00854167
0.7932686 0.34181824 0.12539661 0.13696907 0.029873656 0.05156331 0.009238901 0.27771217 0.115588084 0.8543386 0.5901623 0.05702677 0.5429737 0.45596218 0.08351333 0.000103591374 0.0003654047 0.007951165 2.986526e-05 7.801015e-05 6.786776e-06 0.027586648 0.00011004038 4.02134e-07 0.010603301 0.5397533 1.2772944e-21 0.00065339595 0.96347207 0.9555497 3.940947e-07 0.020300902 0.012572334 0.01057246 2.7934203e-07 8.0654194e-05 4.4502754e-05 8.7863043e-07 0.022656916 0.0034183057 2.5599993e-06 0.22867039 0.048196055 0.2611179 4.0810653e-05 7.7191874e-07 8.636619e-08 7.418423e-09 0.18760969 0.015825178 0.05802469 0.08043784 3.9688594e-08 4.0516534e-06 3.7078313e-05 5.615424e-08 2.381553e-06 2.3087535e-08 2.9484372e-05 2.5181455e-08 0.00028736633 1.1060858e-09 0.052889377 4.7317553e-08 0.0009262226 0.09400542 0.0010534817 0.003945479 0.00027573595 0.0015659669 3.011653e-08 3.2035658e-08 1.10622195e-05 0.00037435963 0.15889612 0.0006948014 0.00076261244 6.1149613e-06 8.039946e-07 7.539093e-05 0.00062637596 0.0004405586 5.840208e-08 0.0009123452 3.921557e-05 0.0001238745 6.5540294e-06 8.383319e-05 1.5296765e-06 6.3426517e-09 1.2092171e-09 0.0017625077 5.4882443e-05 7.415962e-07 9.489393e-09 2.0828859e-09 5.7778454e-10 4.6531858e-11 6.010075e-09 2.5652647e-09 1.6413475e-06
0.49368173 0.046735507 0.08314797 0.085546866 1.46513e-05 0.0107409125 0.035223775 0.11669346 0.010727589 0.007923452 0.14236914 0.7018645 0.0010047773 0.00025972133 4.8755996e-05 0.0601808 0.02226411 3.976837e-07 0.015142861 0.2160479 1.7582533e-05 0.0063648303 0.7305902 2.109897e-06 0.98671377 6.521427e-06 0.00065339595 7.113414e-16 0.0022096375 0.00010748126 0.0003764456 0.0017984452 2.7883802e-06 2.253369e-06 0.008569672 3.1982404e-07 0.96377504 0.003821344 1.5636318e-05 9.672957e-07 0.005011782 0.030304445 0.29679096 0.014708421 0.0014753628 0.0007847824 0.042304985 0.0004111799 0.005383294 6.0594834e-07 0.011094084 0.005002778 0.49483937 0.0003215439 1.914956e-07 0.0026601143 0.00028124274 0.012140068 0.00017708768 0.002563662 1.7791777e-05 5.061932e-05 9.0575463e-07 0.00012652532 6.147949e-07 9.523768e-06 2.567268e-08 0.001505885 2.6609148e-06 0.06001877 0.11739849 3.6814297e-05 4.085645e-07 3.052373e-07 4.996429e-06 0.00011961242 9.0821027e-07 5.9218337e-08 9.790793e-08 0.0038472228 4.8407914e-05 5.7490863e-05 0.010574693 0.0021908775 2.0010621e-07 3.221321e-05 9.613439e-07 1.0981712e-05 0.033690475 0.00026091543 4.8069734e-05 0.00030666692 0.17716584 0.00014839799 3.2481505e-05 0.0001270599 3.611762e-06 3.641584e-05 3.7228187e-05 9.022067e-06 3.4512564e-07
0.9532742 0.2996018 0.10191126 0.09206803 0.0036578614 0.060438573 0.030999329 0.16484559 0.105117895 0.67092156 0.54411966 0.12057984 0.19874966 0.12952554 0.024283955 0.0037669756 0.002991506 0.00067423534 0.0009831627 0.00056288124 3.083064e-06 0.03283243 0.0017728338 2.6321484e-07 0.012884112 0.09337357 0.96347207 0.0022096375 9.962529e-17 0.82349205 2.801484e-06 0.00733808 0.00064147403 0.0009485392 4.536682e-05 2.080125e-05 0.00023729813 8.697251e-05 0.0050589256 0.00088844507 9.181478e-05 0.64967227 0.16357929 0.76909363 0.00017497348 1.6984448e-05 2.2355516e-06 1.1190632e-05 0.8267406 0.0006797408 0.45195094 0.3773297 9.569715e-07 5.2602198e-05 4.978108e-06 2.928546e-07 1.907354e-05 1.2934062e-06 8.431628e-05 5.2818677e-08 2.4248235e-05 5.4881394e-07 0.017238135 5.7208506e-08 0.00051843404 0.08962948 0.00014245976 0.0064195446 0.0001416619 0.014269173 3.444384e-07 1.0963425e-08 2.0983227e-06 1.6204696e-05 0.5232671 0.0012914225 0.0047456687 1.7240662e-07 1.00279074e-07 0.0016924526 0.0035567237 0.002382589 2.107934e-06 0.01206305 3.7223945e-06 0.0035282085 5.091584e-06 5.162902e-05 6.490269e-06 7.2945056e-08 1.8236177e-06 0.002795443 0.0011129918 3.509349e-07 1.7358079e-07 6.781208e-07 1.3306138e-08 7.401346e-10 9.394508e-08 5.0686534e-08 5.272014e-06
0.8870237 0.048605315 0.003969148 0.0039996295 0.005558589 0.006531085 0.0007372833 0.0047991574 0.051529758 0.6072859 0.021617597 0.0006228873 0.4107152 0.38406497 0.047753904 2.9732305e-06 9.573457e-05 0.020747388 1.6845926e-05 7.4073e-06 3.949017e-07 0.005364603 2.8627628e-06 4.723009e-08 0.00019988471 0.9295693 0.9555497 0.00010748126 0.82349205 3.649703e-14 1.0421047e-06 0.0036812087 0.004649015 0.01886404 1.0081809e-05 0.00011312933 1.652547e-07 7.747334e-06 0.0022400988 0.0019975721 7.390422e-06 0.13970143 0.019752732 0.1943156 3.1911935e-05 4.8138295e-06 1.9528397e-08 2.2395186e-06 0.27128458 0.092090294 0.08074318 0.004258948 7.727348e-07 3.726735e-06 1.381296e-05 5.2658534e-06 1.1712262e-06 4.7086203e-07 6.769613e-06 1.9535944e-06 0.00045983502 5.0815305e-07 0.6772313 7.9317107e-07 0.00086360815 0.53029364 0.14049979 0.0009117928 9.666461e-06 0.0001013899 5.5652773e-08 5.2077587e-07 8.754621e-05 0.001066515 0.21534866 3.3970693e-05 0.08917861 6.8102196e-08 1.1170629e-05 6.646934e-05 0.056261588 0.044039384 1.676479e-06 0.003893118 1.0790851e-06 0.043485437 0.011709092 0.038452942 5.4504676e-06 3.3441424e-06 1.580927e-08 0.00026211955 0.00020818028 2.7315568e-07 3.6306627e-08 5.627926e-08 1.493859e-07 3.735132e-08 1.3786645e-08 3.8966608e-09 0.004678376
0.8594567 0.006622259 0.0050031906 0.0047190725 0.00039719438 0.016930677 0.17292604 0.002048484 0.0015726199 0.00015136876 0.0005420703 0.0019495807 1.0037658e-05 2.2534377e-06 8.069177e-06 0.61984706 0.6242257 7.1699046e-06 0.8636138 0.41652766 0.02001901 0.030757328 0.0037143999 0.46871635 0.00014409338 3.6784094e-08 3.940947e-07 0.0003764456 2.801484e-06 1.0421047e-06 4.66641e-15 0.017491829 6.955204e-06 5.4046205e-07 0.953106 0.00039233512 4.0257066e-05 0.5111484 0.00027160218 3.6432705e-06 0.8315494 6.8304294e-06 1.6135415e-06 1.8725926e-06 0.13462988 0.56759566 0.072614975 0.7763121 9.747754e-07 2.4760786e-06 2.5984643e-06 7.4276335e-07 0.002068502 0.5968168 5.2457544e-06 0.5743413 0.33036646 0.003969674 0.11234309 0.02288148 1.1594865e-05 0.054876585 1.9657242e-07 0.057841394 3.0662802e-06 2.2105814e-06 7.1641495e-08 0.0039884998 0.00035311838 4.3508244e-06 0.00055234117 0.014163537 1.2533218e-06 4.6948364e-07 1.1358748e-06 0.01988856 1.2788363e-06 0.003563237 9.757534e-08 1.0759359e-07 4.6926695e-07 2.835479e-07 4.0084753e-05 7.452702e-07 0.002057811 7.9337383e-07 1.5130863e-07 1.12107784e-07 0.0002502489 0.0024963168 0.005370579 0.01626408 4.3216554e-05 0.0008569676 0.0015821384 0.0071646795 9.989627e-05 0.00032341713 0.0018058002 0.0003110026 1.4231362e-08
