1.2352248e-17 0.8021739 0.99456596 0.5119257 0.9885787 0.95286125 0.9738812 0.9052612 0.99780625 0.96680915 0.7238851 0.97669554 0.91106594 0.9823133 0.9702293 0.13358042 0.99522245 0.96494186 0.0861258 0.9864246 0.98595566 0.9053143 0.97731674 0.38208467 0.99933946 0.9383275 0.45103535 0.9908496 0.81092554 0.99537647 0.9790735 0.98662424 0.88675064 0.5855592 0.84574926 0.99367106 0.99107295 0.9481458 0.93407065 0.97023785 0.8166535 0.97457963 0.9817748 0.24117261 0.18599245 0.036760394 0.6851497 0.7798826 0.7947767 0.010784818 0.99398315 0.9407072 0.90897524 0.99940366 0.72520953 0.96242905 0.999786 0.008691415 0.99359393 0.0075322622 0.4313038 0.8735555 0.9811993 0.99998015 0.99993736 0.8023785 0.9397322 0.0008385139 0.29274598 0.3039182 0.691303 0.9969725 0.13570812 0.0022892235 0.6113003 0.9684641 0.0011645154 0.5408939 0.98108184 0.73852646 0.24628398 0.14365503 0.008217292 0.45939857 0.033205427 0.9999847 0.98563635 4.4055505e-06 0.00014234433 0.937551 0.9999821 0.94913256 0.04532158 0.7652924 0.45274574 0.10400266 0.9989834 0.028064694 0.008429356 0.92720616 0.9985692
0.8021739 1.6121137e-16 0.96626276 0.92548716 0.93327695 0.5392627 0.2322046 0.33948416 0.26981565 0.104797155 0.24640994 0.133477 0.7246142 0.0774865 0.45743617 0.34692788 0.32731304 0.063182764 0.3671777 0.038180936 0.13740242 0.30933052 0.72415495 0.053178318 0.13277125 0.0049313717 0.36143607 0.1412288 0.11505196 0.4781943 0.012895186 0.002093228 0.0050195735 0.00029691533 0.0017568186 0.47745314 0.0112881465 0.00062786543 0.03512968 0.015037375 0.005030481 0.004434161 0.06886671 0.002677097 2.7034896e-05 1.1103703e-05 0.0038499257 9.431769e-05 9.086738e-05 2.5329293e-06 0.035018835 0.00021713613 0.0002408767 0.23699147 0.0011615413 0.0021740417 0.0742292 2.785177e-05 0.0027115874 1.3826747e-05 5.151295e-07 0.0020595125 0.007855582 0.35487363 0.27332965 0.00021182881 0.013339475 2.0867033e-07 2.2562364e-05 1.3531127e-05 0.00018964018 0.01222657 6.585705e-07 5.7895225e-08 2.3975072e-06 0.00094960997 3.1601598e-07 0.00022448172 0.018025087 0.00071944867 3.272277e-05 1.6942934e-07 1.6010642e-08 2.2504632e-06 1.4501288e-06 0.074849196 0.0040204357 7.0799375e-09 3.884115e-08 9.81065e-07 0.056873515 0.0008377836 9.657122e-07 0.00054407463 0.00018901778 8.565132e-07 0.00544262 7.738277e-07 3.3767474e-08 5.5125597e-06 0.0019891583
0.99456596 0.96626276 1.0536728e-12 0.8631693 0.37303105 0.86328447 0.17772752 0.5692472 0.4175401 0.0022519203 0.5800664 0.00079333264 0.04657527 0.00032684242 0.47199142 0.0024690393 0.14910176 0.0029037062 0.18722141 0.0007542415 0.026162554 0.022748044 0.08067135 0.001299301 0.07724695 0.013505922 0.2593872 0.0332639 0.0004361603 0.4243247 0.0002395905 3.6884423e-06 1.9082546e-07 0.06089407 0.0030531087 0.041443914 0.00031328222 2.8219876e-07 0.10925311 0.013934222 0.08323481 5.5260007e-05 0.00024957513 1.3267968e-05 0.00282547 0.005903149 0.1041456 2.2078646e-05 1.2289438e-07 0.0013996797 0.0024961773 0.004087666 0.0030901008 0.05189207 0.013499838 0.0005622342 0.029150726 0.00015172226 3.3614873e-05 3.231065e-05 7.0458213e-07 0.0006792814 0.00015559363 0.29190487 0.23908907 0.0011336937 0.0015679662 6.79021e-05 0.0012327542 0.0011231384 7.751299e-05 0.00340926 5.4693032e-09 4.796085e-05 4.547743e-06 0.00013097937 2.8189026e-05 2.4217961e-05 0.0030081992 8.039586e-05 2.1350172e-05 9.026059e-10 5.025076e-08 0.0002803176 1.625069e-05 0.020067198 7.587948e-05 2.869547e-06 1.9033737e-06 1.1612973e-08 0.11282181 1.5705875e-05 3.8999664e-05 9.329343e-06 2.1781378e-07 3.2180356e-05 0.007586295 5.7029074e-06 3.6865975e-09 6.720599e-09 8.273033e-05
0.5119257 0.92548716 0.8631693 1.9655509e-17 0.8348877 0.9687925 0.6320013 0.70965594 0.24390408 0.088003755 0.26218697 0.07931869 0.03506821 0.0341491 0.2663448 0.14692394 0.15823296 0.03233969 0.3830693 0.01327764 0.031274825 0.016778613 0.07428132 0.008548923 0.060948405 0.0015769693 0.12521517 0.0045839893 0.03372406 0.16958812 0.002051172 0.00027103603 0.00052506174 0.00019395359 0.00010212209 0.047567423 0.0023588939 2.2931988e-05 0.008361351 0.0012922739 0.0007805968 0.00016299418 0.0063392604 0.00054696976 1.6265985e-06 2.773338e-06 0.00035338773 2.0567231e-06 2.6269388e-06 3.26654e-07 0.014788092 2.4505382e-06 2.5864535e-06 0.05556243 5.490485e-05 4.5458113e-05 0.00937618 4.128266e-05 0.00043844132 1.2829021e-05 1.3972743e-09 0.0005780906 0.0003571776 0.06378799 0.05030866 1.1700267e-05 0.0011529605 7.149515e-08 4.3282653e-06 6.9628027e-06 1.7023924e-06 0.0011820628 1.3041659e-08 1.9348947e-08 2.1517394e-07 1.9486437e-05 4.4403384e-07 3.6712954e-06 0.0010277905 8.9648765e-06 8.2548195e-07 1.3995822e-08 4.184745e-08 4.8257207e-06 1.8053635e-06 0.007961427 5.4387718e-05 4.9228664e-08 2.0449558e-07 2.814493e-08 0.0072248126 7.2903014e-05 1.8820141e-07 2.1973315e-06 4.920025e-05 3.8317623e-07 0.00024720887 2.2987275e-07 8.38128e-09 6.526852e-08 0.00010800231
0.9885787 0.93327695 0.37303105 0.8348877 3.6569448e-13 0.7124965 0.82677525 0.7396713 0.031947456 0.69902974 0.36162147 0.63392854 0.22117995 0.5360757 0.03707837 0.5229709 0.71157616 0.58950955 0.13715741 0.4046851 0.00030645553 0.006654832 0.012054907 0.23310658 0.5839706 0.2593982 0.03773866 0.0016001159 0.10231195 0.37011436 1.6047537e-05 0.0046294946 0.002519169 0.097426355 0.13039993 0.06785192 8.981676e-06 0.00032945772 0.047044273 0.0006486856 0.011955479 1.5617319e-07 0.03628113 0.009475768 0.020915888 0.0027402076 0.008400466 0.048108187 0.00032532203 0.0013132615 0.075913854 0.0009578892 0.00069748453 0.30158794 0.0017851244 3.6915022e-05 0.0015965307 0.0044766096 0.0045262934 0.0022815263 0.001877352 2.7998241e-05 0.0042614117 0.23861755 0.07529359 0.00013670632 1.8247903e-06 0.00018221138 0.0001730914 8.09102e-05 6.5526233e-06 0.00041689698 7.301977e-05 6.4389664e-05 1.700989e-06 1.4543744e-07 0.00010779743 5.9355845e-08 5.9984145e-06 1.1883731e-06 5.288271e-07 3.8720955e-06 3.8167844e-05 0.0001579122 4.024315e-08 0.12909427 0.0073204413 9.7320435e-06 3.8673923e-05 0.0001216282 0.012064327 0.0053199423 1.2682177e-06 2.7473138e-08 0.0037170683 3.0290685e-06 0.0009876739 1.3948527e-07 5.3597723e-06 0.0003822961 0.0025341543
0.95286125 0.5392627 0.86328447 0.9687925 0.7124965 4.229603e-15 0.70797116 0.9019536 0.26349184 0.20239586 0.77057105 0.13521995 0.0118097495 0.078150004 0.40497726 0.18429375 0.28726313 0.12427573 0.6496346 0.060642175 0.0013624767 0.011106952 0.009061769 0.034195274 0.29951346 0.15566276 0.37667182 0.006107664 0.007649051 0.22969979 4.327186e-05 2.7385917e-05 3.1852232e-06 0.10676301 0.047707614 0.008177184 5.338666e-05 6.673516e-07 0.300805 0.008776608 0.07219109 3.3360297e-06 0.0009788199 0.0010645882 0.018731795 0.009333865 0.054819286 0.0019429767 2.135462e-06 0.004167094 0.021843294 0.010083142 0.009977228 0.10738248 0.016149797 0.00039734613 0.0034424947 0.0036493426 0.00013752149 0.0006257022 4.937823e-06 4.1554733e-05 6.3410494e-05 0.103984326 0.07449569 0.0014303977 7.3507326e-05 0.000256601 0.0018621864 0.0012282251 4.6604382e-05 0.0002262825 4.9593973e-07 0.00016990645 1.1512545e-05 1.0858591e-06 0.000121785946 1.5597224e-07 5.432722e-05 9.548118e-07 4.843617e-07 1.1184933e-07 3.3674794e-06 0.0007928456 9.376858e-08 0.026872475 8.925468e-05 6.0052193e-06 1.4698141e-05 1.3068433e-07 0.0154962735 1.3251075e-05 3.5701669e-06 5.976732e-08 1.9864456e-06 3.2429484e-06 0.000320717 5.0162737e-07 7.4445225e-08 3.7628258e-08 2.473026e-05
0.9738812 0.2322046 0.17772752 0.6320013 0.82677525 0.70797116 6.0159776e-14 0.96621567 0.004826895 0.5492909 0.8021356 0.45002416 0.0030003488 0.30930457 0.028904408 0.72300875 0.2626941 0.1966518 0.73888475 0.114996344 3.0584168e-05 0.00031196087 0.0009381095 0.29398 0.32462534 0.626644 0.060661938 0.00011584294 0.015260689 0.091749854 1.8673674e-06 0.0004554299 0.00045478996 0.4760558 0.32752934 0.0017549264 1.8821157e-06 7.7592355e-05 0.0726618 0.00026795172 0.004269666 1.4846053e-08 0.0012037072 0.0035183013 0.13673066 0.022595609 0.0038140866 0.048165128 0.00011105394 0.026298855 0.013860942 0.00013463029 0.0002844006 0.054034058 0.00052296254 1.5442372e-06 0.000121012214 0.041437186 0.0010868015 0.007641873 0.000977616 1.805737e-06 5.839097e-05 0.033895373 0.0124030085 8.155976e-06 1.078977e-06 0.0015647793 4.8991373e-05 1.7660139e-05 4.1939165e-07 2.3489152e-05 1.5479227e-05 0.00080656196 5.9058394e-08 1.8179671e-08 0.0021306644 6.250431e-09 7.1465024e-08 3.043593e-08 6.1713696e-09 2.0465352e-06 0.00023280071 0.00012482214 7.840304e-09 0.009937761 0.002329084 0.00075876253 0.0015442602 3.205358e-05 0.0014602686 0.0006421722 1.7069013e-07 1.0513161e-08 0.0001313266 8.3384197e-07 5.77014e-05 1.0244334e-07 5.1185366e-06 1.6275677e-05 0.00014600299
0.9052612 0.33948416 0.5692472 0.70965594 0.7396713 0.9019536 0.96621567 7.010194e-14 0.06161633 0.2717474 0.903471 0.18762979 0.0024681045 0.12644571 0.15053736 0.2403308 0.1856564 0.09561879 0.830461 0.050612316 0.0007581998 0.0010976872 0.0014377533 0.056201756 0.23914608 0.27383104 0.29771736 0.00144323 0.004083497 0.11019214 2.513279e-05 0.00011356549 4.119327e-05 0.22417304 0.06979584 0.0017025259 4.2816744e-05 1.6499487e-05 0.2213036 0.0019658087 0.027433367 5.4613815e-07 0.0008326382 0.00081653893 0.037298027 0.014453024 0.02909531 0.0026677258 1.6959068e-05 0.008417146 0.012352414 0.0010631912 0.0014704318 0.03387762 0.003547768 3.0658637e-05 0.0005580968 0.010310371 0.00046198114 0.0017497484 9.243986e-06 8.51842e-06 3.778085e-05 0.025950568 0.016957017 0.00024320713 2.5793777e-05 0.0005082554 0.0006421525 0.00016088138 3.166687e-06 0.00010542268 1.4040687e-06 0.00039884937 1.0062299e-07 2.246525e-07 0.00041751744 5.704855e-08 9.597759e-06 2.3933208e-07 6.118443e-08 1.0398257e-07 9.738328e-06 0.00033902325 8.125774e-08 0.007419093 0.0007034425 0.00017682932 0.0002916418 6.149104e-07 0.0030119754 9.127976e-05 5.7917566e-07 4.7405813e-08 1.2388649e-05 1.3947907e-06 0.00016829188 1.02582746e-07 8.4347185e-08 1.1339114e-06 4.7204674e-05
0.99780625 0.26981565 0.4175401 0.24390408 0.031947456 0.26349184 0.004826895 0.06161633 2.810618e-13 0.00012973063 0.14640372 4.9640774e-05 0.0028235372 1.1670268e-05 0.95528346 0.0024995839 0.024807565 0.00026335334 0.06591507 0.00020668475 0.53626627 0.2144669 0.040429022 0.00089546107 0.009317385 0.0007352394 0.52754414 0.11646193 4.1868512e-05 0.27392358 0.10178684 9.489947e-07 1.8140982e-08 0.0034119757 3.0138332e-05 0.019121362 0.036561962 2.1520318e-08 0.43532395 0.3578553 0.811826 0.0058561014 5.566973e-05 1.5882064e-06 0.00012527435 0.0011950234 0.7754217 1.2089249e-06 2.5206155e-08 0.00010935475 0.0007334409 0.4575375 0.42822483 0.010029631 0.46920013 0.090510346 0.14408068 2.7246908e-05 5.66626e-06 2.4939761e-06 3.693067e-08 0.0024886306 3.831566e-05 0.13856791 0.25922823 0.18413988 0.013961464 2.7955044e-05 0.089794554 0.14951028 0.008824628 0.006246251 2.6165485e-09 9.750218e-05 0.0018260516 0.0068752724 7.1632817e-06 0.001372319 0.029159011 0.0024960109 0.0005554652 5.319563e-10 4.3647697e-07 0.08347788 3.7595964e-05 0.0039704386 2.192926e-05 4.447144e-07 7.0870584e-07 1.9897612e-08 0.11402279 7.1914005e-06 0.0007701668 0.00066737965 7.8768187e-07 0.008079775 0.01238347 0.00095577125 1.2426791e-08 5.334135e-09 5.3646127e-05
0.96680915 0.104797155 0.0022519203 0.088003755 0.69902974 0.20239586 0.5492909 0.2717474 0.00012973063 1.39758785e-14 0.12849674 0.8044311 0.01691383 0.8760268 0.0019940368 0.96276623 0.5244549 0.698795 0.07127658 0.59974694 2.3991162e-05 0.000447089 0.002896576 0.84783393 0.5295622 0.5453267 0.024040569 2.8122759e-05 0.12915143 0.11297982 3.4873293e-07 0.109041 0.18600143 0.17471732 0.46997067 0.011521361 2.3718667e-07 0.01745758 0.040351532 2.2503267e-05 0.0016784453 2.1363142e-09 0.021326447 0.088247456 0.07183578 0.004136708 0.0006880267 0.36030358 0.0052550607 0.0039521693 0.31011742 5.2029638e-05 5.561211e-05 0.21668991 6.3655156e-05 7.708527e-07 0.00036338827 0.018600317 0.030069852 0.014757275 0.065504104 3.3092618e-07 0.0011009277 0.1178 0.014561699 1.2242408e-06 2.7313884e-08 0.00011972621 2.8930435e-06 6.5029786e-07 1.432299e-07 2.4507874e-05 0.0049908934 3.5123925e-05 8.2623366e-08 2.2531301e-08 0.00029188307 7.835237e-09 1.08772205e-07 3.9604203e-08 1.208171e-08 0.0004065446 0.0013723033 7.861709e-06 1.7429439e-09 0.1350726 0.023712441 2.6825326e-05 0.0005775885 0.00033038273 0.0019700832 0.008432858 6.60428e-08 4.187604e-08 0.0013539324 3.2369127e-07 8.492322e-05 1.7554294e-08 8.0902566e-05 0.0009912745 0.0024953552
0.7238851 0.24640994 0.5800664 0.26218697 0.36162147 0.77057105 0.8021356 0.903471 0.14640372 0.12849674 2.8167508e-14 0.047881067 0.00031151227 0.021773163 0.2714916 0.05820676 0.071672976 0.021235302 0.9885715 0.013764963 0.003178684 0.0013593073 0.00076240447 0.034383673 0.07612733 0.30732158 0.5271176 0.0019496857 0.0021731541 0.04834713 0.00013541384 4.8485163e-05 5.741593e-06 0.47025004 0.072944336 0.00034917373 0.0001708764 5.5835862e-06 0.27352908 0.0021326353 0.029505769 1.4972821e-05 0.00033732524 0.00015395627 0.0879288 0.10104744 0.04661458 0.0008880901 1.17835225e-05 0.04466326 0.0022342112 0.0014885184 0.0016010437 0.009800743 0.003444025 0.00012048251 0.0014177787 0.007256027 0.00046376185 0.0013545788 1.7959976e-06 6.284276e-06 6.1172354e-06 0.008360278 0.010578975 0.00019322563 0.0003029089 0.0013858383 0.0005721806 0.00018688195 1.1873225e-05 5.3336888e-05 1.9852646e-07 0.0009621643 6.565224e-07 4.7617323e-06 0.00095710624 9.694245e-07 0.0003773557 4.088543e-06 1.1769069e-07 4.5580766e-08 3.9350452e-06 8.950291e-05 2.9566507e-07 0.0010506304 2.6132544e-05 0.00031610508 0.00015712774 6.004544e-08 0.0016815583 3.5028572e-06 8.275326e-06 2.7564826e-07 3.3775058e-07 8.079627e-06 0.00011728225 3.259495e-07 6.8689467e-09 3.1097198e-08 6.1935357e-06
0.97669554 0.133477 0.00079333264 0.07931869 0.63392854 0.13521995 0.45002416 0.18762979 4.9640774e-05 0.8044311 0.047881067 5.795761e-13 0.08587234 0.90041053 0.0014789425 0.871793 0.5269402 0.7976048 0.0414388 0.7314133 5.9224385e-06 0.0021821102 0.00888885 0.86414057 0.49737373 0.40875313 0.027877754 5.1310457e-05 0.45615786 0.056554303 1.5132983e-07 0.37054336 0.48408937 0.083419785 0.29911274 0.027486458 9.3453984e-08 0.14142458 0.021634422 2.645731e-05 0.0015294359 4.7022675e-10 0.06880225 0.2956122 0.031093217 0.00034837113 0.00060736673 0.35169807 0.03669147 0.0007231044 0.3077265 9.142478e-06 1.0561685e-05 0.16845343 0.00013715816 7.0285404e-07 3.30005e-05 0.008490108 0.07123236 0.0198909 0.092969015 1.2354299e-06 0.008033732 0.079295814 0.005608167 3.472788e-06 6.657002e-09 4.2634547e-06 9.474577e-06 2.68865e-06 1.457536e-07 3.332276e-05 0.007289225 1.2183891e-06 8.7258684e-08 3.2147716e-09 2.5504603e-05 6.7268187e-09 1.2129281e-07 2.5478187e-08 1.7886533e-07 0.0011467347 0.000784669 0.000114610746 3.8459728e-08 0.18146665 0.022404877 3.5265448e-06 6.307594e-05 0.00047669036 0.0017213089 0.008492553 2.4880321e-06 1.9989251e-08 0.0019741117 1.2029842e-05 0.00032885186 9.507244e-08 0.00030480028 0.0011423597 0.0086413175
0.91106594 0.7246142 0.04657527 0.03506821 0.22117995 0.0118097495 0.0030003488 0.0024681045 0.0028235372 0.01691383 0.00031151227 0.08587234 5.941326e-16 0.06788205 0.0021532672 0.0044705602 0.9518791 0.32106575 0.0005954877 0.22256571 0.01563065 0.017962454 0.9216268 0.0018731984 0.80498487 2.3748387e-05 0.0010206819 0.05390368 0.13700901 0.74463737 0.003074809 0.0076757334 0.0007276739 2.2985053e-06 1.5124602e-05 0.8376666 0.0025650596 0.0009548164 1.1491539e-05 2.5162577e-05 7.8833415e-05 0.00043576426 0.63289297 0.0005227085 2.9343192e-07 3.7025956e-08 8.162396e-06 7.295188e-06 0.00038860607 7.428154e-08 0.16780162 2.0265279e-07 1.7651095e-07 0.47026542 5.528333e-06 8.015826e-06 0.023375344 4.877925e-07 0.011086887 2.1601397e-06 1.8306092e-07 0.002527459 0.21795481 0.34892145 0.19249712 2.973056e-07 0.0011570702 7.823231e-09 3.6673356e-07 3.7278775e-07 4.6932496e-06 0.045256697 3.8904415e-07 3.269092e-09 7.0322073e-07 2.4966448e-05 3.2248877e-08 1.1330548e-05 0.0018394935 5.9569502e-05 5.6418526e-07 5.555756e-07 1.2718009e-07 4.141764e-07 9.2598265e-07 0.06556796 0.0036684556 2.1285458e-09 7.0854083e-09 0.00010817806 0.03813236 0.0022542824 3.0846724e-08 9.900584e-06 0.043059822 1.3159506e-07 0.007847847 1.1209046e-07 2.4539116e-07 0.00039047003 0.039778758
0.9823133 0.0774865 0.00032684242 0.0341491 0.5360757 0.078150004 0.30930457 0.12644571 1.1670268e-05 0.8760268 0.021773163 0.90041053 0.06788205 5.1111945e-12 0.00017972382 0.7645559 0.41424128 0.8057653 0.02440861 0.7805667 1.6315078e-06 0.001188837 0.0055173254 0.86554056 0.39321774 0.33458024 0.009819918 2.9242929e-05 0.59243387 0.02305104 2.8878004e-08 0.4329806 0.5803695 0.070286535 0.26108897 0.02430128 1.6122986e-08 0.22661543 0.0017440242 4.8923466e-06 0.0011093837 1.2406672e-10 0.07667393 0.35371676 0.02195476 0.00026551227 0.00051756785 0.33360305 0.047294565 0.0005397556 0.18934627 1.3746694e-06 1.6227125e-06 0.13702996 0.00010612739 1.8574592e-07 1.44587775e-05 0.008669991 0.06944292 0.03585905 0.088457175 1.3335105e-06 0.011891754 0.065244235 0.0031658858 7.5676905e-07 1.430636e-09 4.7582143e-06 2.1645199e-06 1.2362041e-06 7.191228e-08 1.924647e-05 0.009760151 1.4928272e-06 6.180408e-08 3.3758443e-09 2.5104044e-05 2.0061504e-09 5.4649125e-09 5.63238e-09 8.049094e-08 0.0009274387 0.0009921843 7.8509154e-05 2.6894782e-08 0.17933771 0.016542658 4.444772e-06 6.601891e-05 0.0009904797 0.0006582927 0.008552539 8.043436e-07 1.1223181e-08 0.004566969 8.672888e-06 0.00017570658 8.576113e-08 0.00039988055 0.0023555309 0.010548782
0.9702293 0.45743617 0.47199142 0.2663448 0.03707837 0.40497726 0.028904408 0.15053736 0.95528346 0.0019940368 0.2714916 0.0014789425 0.0021532672 0.00017972382 6.840691e-17 0.0052089267 0.046754245 0.001586837 0.4290781 0.0012351789 0.25000995 0.1645132 0.061353568 0.002443152 0.030484602 0.0020559083 0.9105573 0.24531884 9.9129844e-05 0.2807043 0.05044391 2.13183e-06 2.1180345e-07 0.013116551 0.00033358674 0.028020194 0.031439 9.6052126e-08 0.7161978 0.44651976 0.81325686 0.006193297 0.00020238501 7.1964325e-07 0.0011400102 0.017950304 0.78912485 2.5449024e-06 1.0117416e-07 0.0020980877 0.0015596986 0.3564198 0.3472632 0.040508978 0.53279823 0.042946197 0.14985704 0.0015098864 6.317545e-05 1.491523e-05 1.4121664e-08 0.0017877952 3.863482e-06 0.12377376 0.14601915 0.12885743 0.030128721 0.00075219217 0.1251938 0.11036506 0.0046069534 0.0035663068 6.5297754e-09 0.0020111469 0.0008335462 0.00413476 0.00031101416 0.0003125514 0.051733576 0.0020487243 0.0005881206 7.4342554e-10 3.1940675e-07 0.11948878 2.47953e-05 0.0034739044 0.00046637352 4.993368e-07 2.110235e-06 6.6974025e-08 0.04489233 0.00013675497 0.00044887248 0.0007923153 1.9662396e-07 0.004275627 0.0034367426 0.000252636 1.1210445e-09 5.791376e-07 2.0304396e-05
0.13358042 0.34692788 0.0024690393 0.14692394 0.5229709 0.18429375 0.72300875 0.2403308 0.0024995839 0.96276623 0.05820676 0.871793 0.0044705602 0.7645559 0.0052089267 3.7210938e-16 0.039467353 0.10799017 0.50223815 0.10172435 0.0013456348 0.00067282084 0.004238858 0.95287687 0.036180977 0.10849396 0.0049604485 6.372452e-05 0.56745446 0.009908331 0.000114865274 0.005544159 0.07309407 0.002107743 0.02202654 0.005742735 3.7892456e-05 0.0051439735 0.0020220436 3.110165e-06 1.7073442e-05 1.8723347e-05 0.0058010723 0.16018152 0.000132151 1.2903741e-06 2.0475065e-05 0.006090947 0.0026451095 8.151812e-07 0.0112933405 4.600756e-07 4.5841344e-07 0.009558934 1.8661052e-06 5.658762e-07 0.00022572749 0.00067662087 0.0019456896 0.0010654337 4.5984834e-05 1.7599366e-06 0.00014674172 0.0064333593 0.0008839346 2.92691e-07 8.182721e-06 1.9295592e-07 1.3240519e-06 1.8103486e-07 9.044266e-08 1.8873982e-06 8.245988e-06 1.2644335e-07 2.513903e-08 1.6359007e-07 1.0263486e-06 2.355943e-06 2.1627153e-05 3.645898e-06 9.3672945e-08 2.0303203e-06 1.0805514e-06 4.292171e-06 2.503959e-08 0.0019254144 0.00022492511 1.5707747e-07 1.3549565e-07 5.0573097e-05 0.00030794853 0.0001053665 1.9262636e-08 2.190898e-07 0.00040981927 7.495072e-08 1.2926897e-06 1.0279375e-06 3.9966037e-07 9.066881e-05 9.946469e-05
0.99522245 0.32731304 0.14910176 0.15823296 0.71157616 0.28726313 0.2626941 0.1856564 0.024807565 0.5244549 0.071672976 0.5269402 0.9518791 0.41424128 0.046754245 0.039467353 4.6018165e-15 0.7541375 0.00740812 0.59606 0.0033433794 0.024247317 0.16262968 0.070509784 0.8380445 0.062382214 0.006066547 0.010758402 0.25715047 0.48477772 9.77972e-05 0.048343062 0.034881085 0.009375612 0.031725038 0.4430491 1.6446844e-05 0.013989993 0.012372852 0.0006349985 0.002877633 5.802875e-07 0.4156504 0.010841732 0.0016468919 2.9579795e-05 0.0010807634 0.018226182 0.005208663 1.6515576e-05 0.22343397 6.122217e-05 4.6099616e-05 0.57811385 0.00059536565 7.02895e-05 0.0038810908 0.00050987594 0.020595253 0.00047970455 0.0015695125 0.00022193923 0.1628115 0.5857356 0.19178593 3.173303e-05 3.414314e-06 7.337158e-07 1.796014e-05 2.3950266e-05 1.7867432e-06 0.0008625176 0.00020571135 1.8296868e-06 1.7519305e-06 4.707722e-07 4.9753976e-06 3.5488304e-07 1.3667263e-05 1.1319579e-06 1.1637143e-06 1.2699793e-05 5.1227603e-06 6.851394e-05 9.5495885e-08 0.43762922 0.01812224 1.1127269e-07 3.5064368e-06 0.0011337684 0.0253625 0.01364515 7.976876e-07 1.1248452e-07 0.034040835 1.7579691e-06 0.004330768 1.4045436e-07 2.0975406e-06 0.0030709538 0.06520665
0.96494186 0.063182764 0.0029037062 0.03233969 0.58950955 0.12427573 0.1966518 0.09561879 0.00026335334 0.698795 0.021235302 0.7976048 0.32106575 0.8057653 0.001586837 0.10799017 0.7541375 4.6778973e-11 0.008469267 0.96614337 5.0637474e-05 0.0029443912 0.028579928 0.29605132 0.63454604 0.10866803 0.002817719 0.0008437209 0.56286186 0.10775719 4.2537645e-06 0.41197985 0.36166015 0.01577176 0.053188745 0.07964996 4.6777956e-07 0.15958689 0.0061060335 9.169598e-06 0.00033692608 6.877668e-08 0.20996301 0.087085135 0.00361897 0.00040503105 0.00034876386 0.07594235 0.03807393 0.0001577829 0.4113264 6.707973e-05 7.933322e-05 0.24375866 8.7700726e-05 1.5971983e-06 0.00036104742 0.0016888595 0.14118397 0.003310629 0.020619484 1.1541699e-05 0.014950357 0.14148596 0.02622379 3.3588116e-05 1.264449e-07 1.7316e-05 9.5751915e-05 1.84838e-05 5.946903e-07 0.0005269232 0.008030525 9.171689e-06 4.5624844e-07 7.644648e-08 4.0891104e-05 1.4538723e-07 1.162544e-06 2.0367423e-07 4.9258887e-07 0.004484273 0.00034276955 0.0004908989 9.627241e-08 0.2508483 0.027257675 8.952271e-07 5.1372688e-05 0.0041754874 0.0055434643 0.011682886 1.315689e-06 1.1754723e-07 0.025078999 6.6577326e-05 0.0008840227 4.081205e-07 0.0005078927 0.004727636 0.01862411
0.0861258 0.3671777 0.18722141 0.3830693 0.13715741 0.6496346 0.73888475 0.830461 0.06591507 0.07127658 0.9885715 0.0414388 0.0005954877 0.02440861 0.4290781 0.50223815 0.00740812 0.008469267 2.6869649e-20 0.0037875373 0.014737479 0.005236528 0.0031004457 0.44089428 0.0059762513 0.5512282 0.88582784 8.2731436e-05 0.01060185 0.004453594 0.00042728553 0.00012526086 0.005923829 0.5924646 0.07446297 0.00012984735 0.00015377784 4.7641468e-05 0.5572918 0.0022888721 0.0072438302 8.3101346e-05 1.27887715e-05 0.0022308556 0.027794305 0.15882726 0.006878511 0.0013989258 1.7710863e-06 0.019561406 0.00018792675 0.00017973068 0.0002859055 0.001838004 0.0012929142 0.00061128184 0.00045215344 0.0021799223 7.851552e-05 0.0010680284 2.0253404e-08 4.3144637e-06 3.426417e-07 0.0013176271 0.00080631586 7.1154005e-05 8.9469446e-05 0.00011805036 6.637693e-05 8.48567e-06 3.891935e-06 1.21958365e-05 2.1086855e-08 0.0005692627 1.3977127e-07 5.3765643e-06 3.9140807e-05 8.773016e-07 2.0367543e-05 3.4452796e-06 2.1561034e-08 5.1049662e-09 4.66285e-08 8.0432284e-05 2.0637392e-08 7.660527e-05 1.777408e-06 2.460864e-06 4.7270535e-07 2.3754625e-08 0.00052114384 3.1210502e-07 2.6418002e-07 3.0873832e-06 1.6399625e-10 1.7606568e-06 1.935938e-06 1.4664006e-07 5.886479e-10 9.206141e-09 2.6367337e-07
0.9864246 0.038180936 0.0007542415 0.01327764 0.4046851 0.060642175 0.114996344 0.050612316 0.00020668475 0.59974694 0.013764963 0.7314133 0.22256571 0.7805667 0.0012351789 0.10172435 0.59606 0.96614337 0.0037875373 1.5884447e-11 3.0991283e-05 0.0016488854 0.014389655 0.1836399 0.55691993 0.093562156 0.0019437625 0.0004463075 0.52943826 0.049228366 1.3758091e-06 0.35902956 0.22926714 0.013165195 0.050255064 0.08833382 1.983288e-06 0.12639543 0.00082864414 4.6219025e-06 0.00049917813 2.3303969e-08 0.24720131 0.049814347 0.002419596 7.366937e-05 0.00020687505 0.06492342 0.018072456 4.5593224e-05 0.34036845 6.0964735e-06 5.625646e-06 0.22065447 6.288925e-05 3.7463354e-07 0.00014523864 0.0020716605 0.1120477 0.008176124 0.013943707 1.161772e-05 0.032568704 0.13319689 0.011053915 1.2341492e-05 1.1776772e-07 4.1532167e-06 1.9746472e-05 8.767726e-06 2.8201393e-07 0.00040517474 0.0032139902 1.0262106e-06 1.6688342e-07 5.1058166e-08 1.0461301e-05 1.9221119e-07 9.604211e-07 1.2331515e-07 3.930914e-07 0.00089698506 0.00011224177 9.484753e-05 6.833993e-08 0.20636283 0.01925068 1.4563273e-07 4.611969e-06 0.0017366492 0.002973188 0.011159721 4.4952765e-07 2.4085072e-08 0.011932531 6.2520296e-05 0.0010871405 8.97491e-08 0.00016092158 0.003297307 0.024288466
0.98595566 0.13740242 0.026162554 0.031274825 0.00030645553 0.0013624767 3.0584168e-05 0.0007581998 0.53626627 2.3991162e-05 0.003178684 5.9224385e-06 0.01563065 1.6315078e-06 0.25000995 0.0013456348 0.0033433794 5.0637474e-05 0.014737479 3.0991283e-05 2.7345154e-16 0.96787 0.24782634 0.0005136307 0.00080822135 4.8245958e-05 0.077785544 0.8946916 0.0014016842 0.17371786 0.64285564 2.868131e-07 2.366233e-08 0.00022137082 5.2598057e-06 0.08396254 0.5201354 9.597365e-10 0.04100771 0.52237314 0.6443128 0.42351186 0.001290738 8.779131e-06 8.665976e-06 7.6350065e-05 0.25753722 3.686986e-08 9.123181e-09 3.1645586e-06 0.00029611107 0.22407655 0.14445354 0.013177926 0.44824535 0.43630654 0.378191 1.4820768e-05 9.724513e-07 2.60176e-06 5.5456075e-09 0.13700555 0.0013670712 0.068695895 0.24963897 0.3385171 0.05065543 6.3194915e-07 0.0634348 0.16191688 0.1320776 0.10552404 2.4602806e-09 6.612704e-05 0.111149445 0.025431436 3.8052467e-06 0.031143049 0.03752311 0.057400912 0.033127785 6.706149e-11 5.1351552e-08 0.035705335 0.0062705427 0.006328994 1.3718516e-05 3.1885497e-07 4.905505e-07 3.6549443e-09 0.13768354 3.1324334e-06 0.07844609 0.0044033667 3.5316978e-06 0.08538294 0.052489713 0.052167397 4.7945725e-10 6.6318324e-09 4.3274664e-05
0.9053143 0.30933052 0.022748044 0.016778613 0.006654832 0.011106952 0.00031196087 0.0010976872 0.2144669 0.000447089 0.0013593073 0.0021821102 0.017962454 0.001188837 0.1645132 0.00067282084 0.024247317 0.0029443912 0.005236528 0.0016488854 0.96787 3.0038734e-16 0.58025444 0.0011824124 0.007355943 2.0707341e-06 0.06836554 0.8262883 0.0035576397 0.15233696 0.8977654 5.114001e-05 1.5559504e-05 3.7958134e-07 4.0263402e-07 0.10230843 0.8216375 1.655069e-05 0.0060873292 0.18173318 0.008704451 0.5909354 0.008451984 3.14349e-05 5.613699e-08 9.191584e-08 0.0017650728 4.013061e-07 1.1620231e-06 1.9437797e-08 0.005401223 0.00051081285 0.00031438604 0.0424088 0.009422793 0.05176467 0.65798974 1.0457564e-06 0.00037619975 3.547976e-06 1.1589274e-08 0.49508172 0.0007171956 0.06129897 0.0755574 0.0027052383 0.0897772 1.0922913e-08 0.0005471871 0.0005912214 0.005223273 0.35123095 2.088779e-08 3.728688e-09 0.0004909755 0.015255466 1.3813703e-08 0.00836616 0.045549605 0.02489744 0.006106552 1.2952318e-08 8.624022e-09 2.9883151e-05 0.009068147 0.009966985 0.00045526144 3.970404e-08 4.414672e-08 3.546611e-07 0.048611432 0.00025362286 0.00035895896 0.0056273686 0.0005773884 8.750456e-05 0.06464949 0.00041093 3.367723e-08 1.029328e-07 0.0011405131
0.97731674 0.72415495 0.08067135 0.07428132 0.012054907 0.009061769 0.0009381095 0.0014377533 0.040429022 0.002896576 0.00076240447 0.00888885 0.9216268 0.0055173254 0.061353568 0.004238858 0.16262968 0.028579928 0.0031004457 0.014389655 0.24782634 0.58025444 1.8782244e-12 0.0022388652 0.11783837 1.4776637e-05 0.011694223 0.599352 0.074087195 0.89758617 0.055694073 0.00063436024 0.00014020645 1.6960208e-06 1.0288197e-05 0.8832625 0.06722921 8.398772e-05 7.9174206e-05 0.00416894 0.0010081689 0.014597397 0.48278022 0.00045120963 2.2912162e-07 6.833315e-08 0.0003777496 2.877283e-06 4.872016e-05 5.2938894e-08 0.06586577 3.5885555e-06 3.8129479e-06 0.347884 0.0005619648 0.000100052355 0.40531164 4.957473e-07 0.0024437075 6.238426e-07 1.7712712e-07 0.08284158 0.33593264 0.581023 0.75465846 3.062453e-05 0.04512696 1.10969815e-07 6.029396e-06 1.2066794e-05 3.671136e-05 0.61631614 2.2442401e-07 7.047592e-08 1.6777041e-06 0.0017998427 3.270942e-07 0.0001496973 0.15979579 0.00097228587 0.00012513966 7.037652e-08 4.422451e-08 4.2270358e-07 0.00018394129 0.07712619 0.005236695 3.2668792e-09 1.5405459e-07 2.8821714e-06 0.41137424 0.0016777499 5.9981335e-06 0.0005044196 0.010260522 7.398916e-07 0.5192414 1.6372142e-06 5.090698e-07 8.299249e-06 0.039565545
0.38208467 0.053178318 0.001299301 0.008548923 0.23310658 0.034195274 0.29398 0.056201756 0.00089546107 0.84783393 0.034383673 0.86414057 0.0018731984 0.86554056 0.002443152 0.95287687 0.070509784 0.29605132 0.44089428 0.1836399 0.0005136307 0.0011824124 0.0022388652 8.502481e-15 0.04354233 0.39214486 0.008365821 1.7266333e-05 0.8888429 0.008374151 2.4998686e-05 0.10264322 0.7578016 0.0086372355 0.3433082 0.003901077 1.0011472e-05 0.19688535 0.0009350703 1.4512716e-06 1.6410744e-05 6.5195054e-06 0.027110348 0.8164729 0.0031252503 4.6059227e-05 1.1255074e-05 0.25946128 0.14844093 5.1922918e-05 0.03165941 4.0960654e-07 4.6292402e-07 0.017099159 2.5904872e-06 4.2198158e-06 7.598651e-05 0.008238694 0.032281373 0.021073803 0.042264435 9.783694e-07 0.0004254172 0.010768646 0.0013578434 8.981465e-07 1.2373724e-05 2.738381e-06 2.8065595e-06 4.2247626e-07 4.5373417e-06 1.9341553e-06 0.013464172 1.9504128e-06 8.115548e-07 5.855411e-06 3.030853e-05 3.1045581e-06 0.00018410203 1.6499975e-05 1.5934093e-07 0.00156205 0.00025848337 3.736778e-06 1.1081112e-08 0.007927745 0.0014141914 5.739031e-06 9.300153e-06 0.0043056635 0.00054488337 0.001907577 2.1550109e-07 1.943652e-06 0.016171705 3.7501601e-07 4.7981655e-07 2.3913394e-06 0.00013538633 0.002431641 0.0008537976
0.99933946 0.13277125 0.07724695 0.060948405 0.5839706 0.29951346 0.32462534 0.23914608 0.009317385 0.5295622 0.07612733 0.49737373 0.80498487 0.39321774 0.030484602 0.036180977 0.8380445 0.63454604 0.0059762513 0.55691993 0.00080822135 0.007355943 0.11783837 0.04354233 9.042583e-14 0.12634934 0.0037788998 0.0034724853 0.1417794 0.25916412 2.9797153e-05 0.035285156 0.038763367 0.016136141 0.047646675 0.4722411 1.636759e-05 0.006771154 0.0036412543 0.00019796356 0.0010477726 7.091473e-07 0.5124334 0.011554095 0.0013435485 4.6822228e-05 0.00039831057 0.021270864 0.0007241682 2.716396e-05 0.21193524 4.4214663e-05 3.4180754e-05 0.59811306 0.00022423825 2.5131927e-05 0.0006951994 0.0005893002 0.010581936 0.00061211054 0.002566858 4.7565423e-05 0.25492182 0.53737843 0.08045466 4.247394e-05 8.360348e-07 3.267056e-06 2.7786027e-05 2.4611867e-05 1.1512244e-06 0.0003334026 0.00021247425 1.2574786e-06 1.5664102e-06 1.374609e-06 1.576557e-05 3.8333783e-07 2.6751509e-06 1.2633059e-06 6.115547e-07 4.1113206e-05 2.6437938e-05 0.0002227605 1.05011424e-07 0.3470882 0.006981724 3.2789467e-07 2.2531076e-05 0.0005366954 0.0064740167 0.004770694 6.4708747e-06 3.6441511e-07 0.010623494 6.8153854e-06 0.0020582431 1.2386273e-07 7.636204e-06 0.0011786497 0.043998066
0.9383275 0.0049313717 0.013505922 0.0015769693 0.2593982 0.15566276 0.626644 0.27383104 0.0007352394 0.5453267 0.30732158 0.40875313 2.3748387e-05 0.33458024 0.0020559083 0.10849396 0.062382214 0.10866803 0.5512282 0.093562156 4.8245958e-05 2.0707341e-06 1.4776637e-05 0.39214486 0.12634934 3.322047e-14 0.0067724288 8.79029e-06 0.0010790877 0.023416912 7.272538e-07 0.008139884 0.014467605 0.96004754 0.9831653 0.00015388097 1.0082823e-06 0.001751995 0.016243929 7.16722e-07 0.0002385818 4.0613745e-08 0.00032096606 0.004598874 0.62572634 0.017671477 7.712992e-05 0.32898813 0.00091947144 0.05341121 0.033562418 4.822125e-07 5.513909e-07 0.028230496 4.561573e-06 5.725031e-08 0.00017311782 0.38767353 0.008901711 0.093361594 0.010694717 1.3971717e-07 1.534599e-06 0.017044615 0.0044988585 3.671367e-07 2.9444932e-06 0.0012077478 9.717764e-07 4.9082047e-07 3.2415446e-08 1.1029979e-06 5.5667933e-05 0.00034420745 1.0290467e-08 2.894953e-08 0.0026735761 1.743806e-08 2.873707e-06 4.878541e-08 1.0249606e-08 1.568314e-05 0.0011664844 1.1702678e-05 5.0701305e-09 0.0070260344 0.0023120546 0.0006151337 0.0035436612 4.8677593e-06 0.0015898515 0.0006602102 3.295117e-08 5.4252016e-08 6.679731e-07 4.1065005e-07 6.1584674e-06 3.5643186e-08 2.189079e-05 1.4604205e-05 7.4062614e-06
0.45103535 0.36143607 0.2593872 0.12521517 0.03773866 0.37667182 0.060661938 0.29771736 0.52754414 0.024040569 0.5271176 0.027877754 0.0010206819 0.009819918 0.9105573 0.0049604485 0.006066547 0.002817719 0.88582784 0.0019437625 0.077785544 0.06836554 0.011694223 0.008365821 0.0037788998 0.0067724288 6.8169884e-16 0.010280596 0.0027121666 0.019490583 0.011056283 0.00010022932 0.00041966577 0.013974199 0.002171411 0.0013877772 0.006139922 0.00017540355 0.97702557 0.5353468 0.66657627 0.00452783 0.00028754206 5.0934857e-05 0.0025736394 0.087762065 0.7066227 4.1284828e-05 3.1041554e-06 0.0027038455 0.00026530976 0.2084723 0.24913974 0.002629874 0.65186465 0.023831913 0.0031024867 0.0004955332 2.0701862e-05 0.00014095483 1.8626478e-07 0.001315733 3.5811129e-06 0.0016968615 0.0031286676 0.097379066 0.0018579059 0.001346708 0.22401597 0.104525454 0.002126737 0.00013225012 3.2628332e-08 0.013451587 0.00045963444 0.00054947496 0.0007237746 0.0012084466 0.0009177696 0.0024025072 0.0018961603 1.1540637e-08 9.552281e-07 0.020157311 9.656395e-05 0.00051615044 9.022854e-05 2.7106366e-06 1.7968387e-06 3.4884005e-07 0.0030381675 0.00013613286 0.0018956343 0.00060146715 2.7688523e-07 0.012383039 1.8268214e-05 0.005460085 8.0166586e-08 1.5115654e-06 5.7244557e-05
0.9908496 0.1412288 0.0332639 0.0045839893 0.0016001159 0.006107664 0.00011584294 0.00144323 0.11646193 2.8122759e-05 0.0019496857 5.1310457e-05 0.05390368 2.9242929e-05 0.24531884 6.372452e-05 0.010758402 0.0008437209 8.2731436e-05 0.0004463075 0.8946916 0.8262883 0.599352 1.7266333e-05 0.0034724853 8.79029e-06 0.010280596 3.3040483e-15 0.00016320152 0.37055212 0.78487736 3.93005e-06 4.407874e-08 2.1498834e-05 1.477155e-05 0.2659779 0.866251 1.5936584e-07 0.00083970494 0.03925736 0.012870511 0.33420008 0.0055283755 1.2848141e-06 1.3492727e-05 2.5112963e-06 0.0008212481 1.7412626e-07 4.778926e-07 1.4428947e-06 0.0006282449 0.00019296598 5.944658e-05 0.071338534 0.004025003 0.030346625 0.80002314 1.3887484e-05 3.2458527e-05 2.265914e-07 3.4971375e-09 0.4253502 0.0030200288 0.29128116 0.42280376 0.0019621497 0.08712964 4.408324e-06 1.7947194e-05 0.00025153544 0.006779188 0.35716105 3.372504e-09 1.7478569e-06 0.00143889 0.0063227345 5.814131e-05 0.002888685 0.09722654 0.0070971604 0.0034754984 8.545917e-09 5.6834157e-08 8.121805e-05 0.0020334946 0.047937974 0.00012366759 1.2868527e-07 8.5990205e-06 3.806985e-08 0.30482176 6.6139874e-06 0.0008169786 0.0038069473 6.7284013e-06 0.00014180086 0.109128445 0.0007673128 4.4759386e-08 3.305686e-08 0.0005200429
0.81092554 0.11505196 0.0004361603 0.03372406 0.10231195 0.007649051 0.015260689 0.004083497 4.1868512e-05 0.12915143 0.0021731541 0.45615786 0.13700901 0.59243387 9.9129844e-05 0.56745446 0.25715047 0.56286186 0.01060185 0.52943826 0.0014016842 0.0035576397 0.074087195 0.8888429 0.1417794 0.0010790877 0.0027121666 0.00016320152 3.3515633e-15 0.04579092 0.000103558086 0.9267321 0.87869436 3.9457424e-05 0.001285663 0.12893423 4.83985e-05 0.8703202 0.0013248156 7.2021007e-06 2.1940868e-05 1.4741449e-05 0.51411366 0.774733 2.0087246e-06 9.914685e-09 2.4301828e-05 0.0024897521 0.7326331 7.279828e-08 0.6063685 4.947267e-07 4.199564e-07 0.20157498 1.202371e-06 1.9676729e-05 0.00023158324 0.00014585881 0.5999189 0.0015251145 0.0002764756 9.410767e-06 0.14859638 0.06563458 0.0038305924 6.4813213e-07 2.0973896e-05 1.2177536e-08 1.7172227e-06 4.360983e-07 1.0344433e-05 8.5891e-05 0.00038622745 2.7880225e-09 3.928811e-07 4.2568317e-06 4.3645903e-07 2.1749434e-05 3.522009e-05 0.00011197428 5.365362e-08 0.00017914012 1.5885214e-06 7.4388445e-06 6.0838197e-09 0.0967635 0.024626475 9.663225e-08 2.5304266e-07 0.026657233 0.0022359537 0.015877046 1.1671959e-07 2.000527e-06 0.4918988 1.0714976e-06 4.4931683e-05 4.126548e-06 5.737094e-06 0.010080911 0.124552846
0.99537647 0.4781943 0.4243247 0.16958812 0.37011436 0.22969979 0.091749854 0.11019214 0.27392358 0.11297982 0.04834713 0.056554303 0.74463737 0.02305104 0.2807043 0.009908331 0.48477772 0.10775719 0.004453594 0.049228366 0.17371786 0.15233696 0.89758617 0.008374151 0.25916412 0.023416912 0.019490583 0.37055212 0.04579092 1.0310363e-13 0.047946 0.0019779438 0.0010606851 0.0025445155 0.004909163 0.85817605 0.022858543 0.0012672283 0.07541078 0.027642643 0.022494245 0.0088145435 0.13084044 0.0004296611 0.000110590176 3.0235233e-05 0.004119245 0.0008136271 0.00031671795 6.1005385e-06 0.025230907 0.006577342 0.005863483 0.24435069 0.0071754735 0.0050998754 0.14372928 3.3079243e-05 0.0032731844 1.9994372e-05 7.127656e-06 0.011094433 0.17130467 0.73195815 0.6322522 0.0019299682 0.0072398866 9.711168e-07 0.00026441837 0.0010275611 0.0017651796 0.120650604 4.93905e-07 1.0275356e-06 0.00030216624 0.025941864 3.8124097e-06 0.0012296931 0.03718445 0.0030571704 0.00040817563 1.822557e-08 3.5076152e-07 0.0004533633 0.00019372177 0.24148758 0.007548162 3.9909036e-08 1.2937899e-06 0.00020454932 0.3126379 0.0028850343 7.124615e-05 0.0021821498 0.0131230885 7.4865035e-05 0.1381093 1.5138283e-05 4.0837534e-08 0.00018182257 0.040118486
0.9790735 0.012895186 0.0002395905 0.002051172 1.6047537e-05 4.327186e-05 1.8673674e-06 2.513279e-05 0.10178684 3.4873293e-07 0.00013541384 1.5132983e-07 0.003074809 2.8878004e-08 0.05044391 0.000114865274 9.77972e-05 4.2537645e-06 0.00042728553 1.3758091e-06 0.64285564 0.8977654 0.055694073 2.4998686e-05 2.9797153e-05 7.272538e-07 0.011056283 0.78487736 0.000103558086 0.047946 1.9649927e-13 2.9150998e-08 1.2992444e-09 8.9944815e-06 1.5957269e-07 0.011464962 0.88958865 7.525762e-10 0.0023850512 0.44089428 0.66212726 0.9375348 8.575554e-05 7.4932103e-07 2.6879871e-07 9.091276e-06 0.08756602 6.6068218e-09 7.90338e-09 3.346965e-07 1.9430563e-05 0.10243796 0.06211186 0.0017818895 0.5808573 0.5545344 0.6653672 8.604849e-07 1.0598336e-06 3.4812385e-07 1.0822845e-09 0.40078568 0.00081878004 0.01603546 0.09629937 0.3553259 0.13731982 2.9213882e-07 0.019281197 0.13204843 0.31265286 0.15275744 3.1295905e-10 3.1143322e-06 0.36899173 0.28295723 3.4987318e-07 0.23823076 0.14463867 0.24369533 0.17547745 3.5678092e-11 1.6977475e-08 0.029268809 0.021770738 0.00082374207 6.8130257e-06 9.194056e-08 4.7169145e-08 3.4655305e-09 0.08969809 2.509059e-07 0.20781936 0.04095435 2.1523624e-06 0.10516417 0.06935542 0.16866799 2.8494174e-09 8.061012e-09 6.400524e-05
