3.4874128e-16 0.76319104 0.67415625 0.92593706 0.04223299 0.32824677 0.11719971 0.19428958 0.9848144 0.9942424 0.37007117 0.8892118 0.97876954 0.0053993794 0.020305661 0.49339116 0.10913131 0.025569381 0.98319393 0.8570485 0.19434868 0.019371469 0.9878207 0.98984945 0.98921853 0.9548022 0.9783806 0.026203427 0.9705679 0.40097556 0.98833287 0.88372964 0.02183701 0.9944706 0.9934666 0.41108468 0.9205831 0.0855517 0.23056088 0.7011147 0.98424065 0.9754389 0.9908548 0.9119464 0.114586525 0.99556714 0.9823265 0.4859128 0.06471542 0.97697425 0.020397644 0.92128736 0.94234514 0.07410026 0.99541533 0.96443284 0.988018 0.3405706 0.045509137 0.9299331 0.9806423 0.9248876 0.010673584 0.99414456 0.9758579 0.99232656 0.995872 0.7761904 0.93562806 0.026931915 0.014400114 0.7603286 0.9959867 0.9987517 0.96225023 0.9310495 0.010333686 0.6442103 0.20187984 0.9719809 0.99905676 0.9335589 0.9999284 0.97859824 0.08975254 0.8397057 0.014253294 0.3912155 0.99665743 0.99702305 0.9970154 0.8500494 0.35617557 0.92540544 0.9999901 0.05488401 0.07657673 0.9999647 0.86048555 0.9998222 0.99898213
0.76319104 2.3848343e-14 0.95752716 0.9372635 0.5719827 0.11166485 0.75564903 0.5867241 0.06970334 0.4893748 0.103478946 0.028019411 0.014420896 0.24360842 0.1784821 0.10830057 0.027465299 0.023753555 0.513137 0.008106575 0.0048729344 0.014104747 0.0005410433 0.02788002 0.029692246 0.0029722836 0.027328936 0.0010161283 0.0013954234 0.00014004596 0.057385176 7.146936e-05 8.621853e-05 0.0006968499 0.11950848 3.5680887e-07 0.0011283023 2.5688416e-05 8.799692e-06 6.209685e-05 2.2315471e-06 0.00020769145 0.008000964 2.9090503e-05 3.3477663e-05 0.00058199593 0.0003711588 1.3815739e-05 5.8680816e-05 0.00017017077 1.566842e-06 2.7343587e-05 0.00016270454 8.788287e-06 0.0003018457 0.0005252588 0.00018360285 1.5957587e-05 1.9417412e-05 0.00018475122 0.0012584158 3.6942032e-07 1.9244883e-06 0.0087408945 0.00044449416 0.0016184835 0.0003309633 5.487229e-07 3.9669318e-05 2.9776756e-05 1.123877e-05 4.092992e-07 0.0005760296 0.00378399 0.00026815364 1.1639868e-05 7.0505095e-08 8.559106e-07 2.7348068e-07 0.00028474364 0.006886897 3.2667785e-06 0.0061592464 0.0003786419 1.4283106e-05 1.0933215e-05 5.663926e-06 4.1788607e-07 0.00043754053 2.3683247e-05 3.2129236e-07 6.3079397e-06 1.2682341e-05 0.00038905922 0.002541919 5.0908053e-05 1.0025355e-09 0.0027959242 2.036927e-05 0.0018445343 0.0009648447
0.67415625 0.95752716 4.8643424e-16 0.6533785 0.9376899 0.7917235 0.21956618 0.077172026 0.2886023 0.7891328 0.5551122 0.11214685 0.0652998 0.15885583 0.02895188 0.008780706 0.0008012078 0.27422655 0.2993023 0.06909355 0.28609723 0.14861163 0.00037176 0.056282774 0.044753086 0.0082344245 0.01689844 5.1803472e-05 0.002903648 2.1760947e-05 0.06735793 2.7621007e-05 7.9321235e-06 0.00035521926 0.10888365 6.810301e-07 0.00072827726 3.100336e-06 5.18638e-06 0.000117898686 7.295702e-06 9.4037474e-05 0.009271289 3.6849615e-06 0.0010797558 0.0006915104 0.00061938114 2.934144e-06 8.363347e-05 0.00018666375 4.757958e-07 2.946169e-05 8.86889e-05 1.9241807e-05 0.00039769037 0.00029480987 0.00014361556 1.7945011e-06 3.3830413e-05 5.357493e-06 0.0009883463 2.790872e-07 9.2675845e-07 0.008405334 0.0001592406 0.00087690144 0.00025940125 3.2751714e-07 2.529546e-05 1.6408962e-05 2.9656464e-06 8.49851e-07 0.0012762614 0.0033508807 0.00011139082 1.8490537e-05 8.466003e-08 6.69436e-07 6.623142e-07 0.00036899658 0.008589297 4.054583e-06 0.0094787 0.000108337874 1.5660331e-05 1.2825687e-06 1.7859306e-06 2.2784276e-07 0.00015827571 4.8118013e-06 2.0324735e-07 4.8324745e-07 7.983228e-06 0.0008171247 0.00664871 1.8721847e-05 3.4077379e-09 0.004875147 1.2341269e-05 0.0044050235 0.0013270804
0.92593706 0.9372635 0.6533785 3.2517847e-13 0.08366166 0.076431446 0.5882362 0.15759283 0.07265853 0.9048959 0.05023454 0.12553331 0.02677998 0.010663101 0.007349555 0.09735406 0.010539199 0.011582879 0.9759483 0.0058976454 0.003718926 0.0062911995 0.03215589 0.064802945 0.04945779 0.0062301178 0.08918671 0.00045517719 0.0024758144 0.0005318991 0.16073824 0.0032282008 0.00011198751 0.023077954 0.25826573 2.2978662e-05 0.010353124 8.723942e-05 0.00079349993 0.00020733861 3.6562345e-05 0.00066719006 0.017988749 0.007948682 3.2524957e-05 0.0014046938 0.002014484 0.0012558644 0.00022890836 0.00012340439 4.8119846e-06 9.9745965e-05 0.00046020746 5.4228767e-05 0.0060434025 0.00015908334 0.00022788854 0.00010769744 6.261523e-05 0.0015858568 0.0043965373 1.4898555e-05 3.9566717e-06 0.0430687 0.00091499847 0.0071472605 0.00047382741 2.5194763e-06 0.00022738923 4.304824e-05 1.5682479e-05 8.061213e-07 0.00058157876 0.009580619 0.00073966687 8.400999e-05 4.1090995e-08 2.9607463e-06 2.1703165e-07 0.00031923642 0.049308028 3.2043008e-05 0.054653846 0.0017489276 9.674955e-06 2.8564837e-05 4.294562e-06 8.587835e-06 0.0012216727 0.000100206955 6.547957e-06 1.2670494e-05 2.2599802e-06 0.00087212306 0.03426449 5.4549993e-05 4.0742982e-09 0.005698953 2.5846648e-05 0.018832548 0.0076060602
0.04223299 0.5719827 0.9376899 0.08366166 5.226096e-13 0.22325633 0.16846557 0.24244994 0.012542814 0.04058278 0.03469335 0.0013815858 0.00910186 0.96761054 0.22595188 0.007833128 0.00081966404 0.009040732 0.04269034 0.00358167 0.036812328 0.010732424 1.3571434e-05 0.0036421246 0.002093847 0.00021529886 0.0017436724 0.00015669737 0.0005832355 4.4156577e-06 0.0035064253 3.9493338e-05 5.513312e-06 1.3790151e-05 0.008820669 6.915747e-07 0.00018271724 4.0436466e-06 1.7603832e-06 1.5999249e-05 3.2877455e-07 2.278806e-05 0.00059689576 2.3097238e-07 4.8539107e-05 9.3743954e-05 2.4246498e-05 1.1461174e-06 1.89913e-05 1.9682848e-05 5.732842e-07 1.8260923e-06 5.1895542e-05 3.9710517e-06 1.3174606e-06 1.943957e-05 1.7233744e-05 5.1689644e-06 3.6994156e-06 4.5072775e-06 9.388276e-06 5.1762277e-07 4.687191e-07 0.00019717109 1.2574002e-05 2.6987627e-05 4.4842214e-05 7.256936e-07 6.453732e-05 2.4541858e-05 3.726259e-06 1.2595436e-07 0.00015485362 0.00030780054 9.200643e-06 1.0581507e-05 1.1953077e-06 4.6256656e-07 3.0546678e-07 4.1620417e-05 0.00034538624 7.705154e-07 0.0003094597 3.9531487e-06 2.8404493e-06 2.7313702e-06 2.2825632e-06 3.9019605e-07 1.000079e-06 2.7732908e-06 3.137697e-07 4.238207e-06 1.024216e-06 7.260633e-05 0.0003214967 5.720237e-07 3.595441e-08 0.0008076226 0.00013856322 0.00032637393 2.015807e-05
0.32824677 0.11166485 0.7917235 0.076431446 0.22325633 9.657004e-18 0.00023968422 0.0001283784 0.77039665 0.5190019 0.9467198 0.6699396 0.9056341 0.015529405 2.5679941e-05 6.1595216e-05 9.952779e-07 0.29374716 0.02076339 0.8392719 0.0020742456 0.28673452 2.3494687e-05 0.14966317 0.08323772 0.19732696 0.00037653913 4.37191e-07 0.06937985 9.262949e-08 0.0031119427 4.708337e-07 5.94751e-07 0.0006054167 0.01248487 1.129768e-07 1.5905315e-06 1.7144629e-07 3.2272771e-07 0.0046916925 0.0015049166 1.2287293e-05 0.038364213 0.0001250998 4.5942976e-05 0.019743137 1.5405445e-05 4.1982506e-07 0.00023687577 0.006007996 1.3569311e-07 0.000508369 1.1643565e-05 2.7412541e-05 0.0014195816 0.0036916786 0.006989095 3.1039642e-09 3.692146e-05 7.283546e-07 0.00010771984 5.612211e-08 2.7324567e-08 0.00049137365 3.741455e-05 0.00011326784 0.004612689 1.5550876e-08 5.52531e-07 4.1056524e-08 7.375354e-08 3.4028344e-05 0.0025523293 0.0117857335 1.4509417e-05 1.972332e-07 2.5565652e-09 6.588651e-05 1.4739621e-05 0.00043508285 0.0021929187 1.03102565e-07 0.0014257127 2.7039256e-05 1.0632012e-05 3.309939e-08 1.4031285e-07 1.5304089e-08 9.752348e-05 2.7917545e-06 6.160074e-07 1.37697995e-08 2.1775513e-06 0.00095879677 0.0005742122 3.7979485e-06 6.3188854e-10 0.0020819001 4.3226837e-08 0.0003992042 0.0001503179
0.11719971 0.75564903 0.21956618 0.5882362 0.16846557 0.00023968422 1.9802631e-18 0.97715247 0.0018845019 0.027196571 0.00019518737 0.0034015158 1.8642848e-05 0.16872965 0.57679284 0.8577875 0.8020391 1.8588824e-05 0.45032188 8.036094e-06 1.4990566e-05 7.948131e-06 9.575932e-05 0.0044840057 0.0033462069 5.580108e-05 0.17991966 0.051747914 5.175483e-05 0.05547398 0.06045784 0.0049830843 0.0009983866 0.00015052734 0.053497948 1.7598853e-07 0.012115698 9.231981e-05 0.0035371666 4.7979097e-07 1.2143556e-08 0.0016822489 0.00040278246 8.6917695e-05 3.1260654e-06 5.868445e-07 0.0007881467 0.00024627752 1.17065504e-07 5.523382e-07 2.6521727e-07 1.31743665e-08 0.0002475498 4.7149693e-09 8.061121e-07 3.5493026e-06 4.407485e-07 1.0997318e-07 3.0956233e-08 4.8023914e-05 0.00038503387 2.643509e-07 3.2378603e-07 0.0024139779 0.00012625448 0.00072801684 2.3282155e-06 1.7517602e-08 5.584992e-06 1.09554456e-07 6.6138193e-07 2.6773172e-08 9.105823e-05 8.077381e-05 5.6421595e-05 1.0988568e-06 3.147667e-08 2.4210783e-10 2.4980855e-09 3.495309e-06 0.0027330224 4.4219476e-07 0.0008152337 0.00017787848 3.1709085e-08 1.0076353e-06 1.16183074e-07 2.5009345e-07 0.00036532298 2.1019437e-06 4.3191065e-08 1.3244225e-07 5.0322098e-09 8.300831e-06 0.000629746 4.3927855e-07 2.5228086e-08 0.0002617953 5.7549715e-07 0.0004953799 0.0005876482
0.19428958 0.5867241 0.077172026 0.15759283 0.24244994 0.0001283784 0.97715247 2.7163007e-16 0.00053380575 0.007117162 0.00095659646 0.00036987982 0.00044329613 0.4100929 0.9123552 0.6609852 0.8549632 0.00018478012 0.19033934 0.00031489224 7.525398e-06 0.00015107238 2.1530617e-05 0.002274388 0.0020287219 0.00015273064 0.14748414 0.2538886 0.00028298775 0.11692531 0.04461257 0.014407725 0.0052215946 3.9677416e-05 0.020163234 2.2941842e-08 0.0046248725 0.0010648173 0.0007627791 6.929159e-06 2.4210752e-07 0.0011824004 0.0006029069 4.661836e-06 6.2483156e-07 1.876115e-05 0.00059212814 1.6015845e-05 1.0224395e-05 7.956678e-06 2.0239726e-05 2.9975087e-07 0.0001313614 2.4602232e-06 3.0223355e-05 1.6520633e-05 7.688107e-06 1.0439584e-05 6.505128e-06 0.0001535299 0.00067973405 6.852968e-07 1.327817e-05 0.0035505367 7.280193e-05 0.0010263727 5.1020717e-05 1.1939168e-06 3.644433e-05 2.2294062e-05 1.8351331e-05 3.126168e-07 0.00062589796 0.00052923703 4.5469777e-05 5.2842456e-06 5.3893905e-07 7.889373e-09 4.047864e-08 5.029202e-05 0.0023214305 4.2180013e-06 0.0015129515 3.7456783e-05 6.533239e-07 3.6072454e-06 1.4898996e-05 1.006837e-06 0.000103993836 2.8087914e-05 1.1944234e-06 3.6752958e-06 7.9663735e-08 2.3195158e-05 0.001631077 4.9791192e-06 7.084287e-09 0.0011468643 7.12889e-05 0.0012651278 0.00052412844
0.9848144 0.06970334 0.2886023 0.07265853 0.012542814 0.77039665 0.0018845019 0.00053380575 1.2518295e-14 0.813022 0.5077465 0.93936545 0.8386411 0.00018897993 6.592372e-05 0.0002758788 3.744937e-06 0.16363157 0.007509289 0.5757652 0.5643966 0.12323883 0.08780146 0.5674549 0.44146118 0.34492615 0.0002571983 2.1073944e-05 0.24603869 1.0471941e-05 0.004119588 9.2322545e-05 2.287594e-05 0.015859053 0.025022049 0.04742455 6.942553e-06 6.7956676e-06 6.39793e-05 0.015132092 0.008556035 2.2206974e-07 0.25136358 0.00040057144 0.12320626 0.09565694 1.4753804e-06 3.8030754e-05 0.0035794233 0.011849031 6.3497396e-07 0.0015134306 1.6595355e-07 0.0012185631 0.040073853 0.005282946 0.018151237 8.2596705e-07 0.0008140485 5.559914e-06 0.0002200066 5.8005507e-09 1.2655464e-06 0.013410548 2.536756e-06 0.0002647166 0.02177523 5.2753528e-08 2.4593402e-07 5.2380806e-06 2.2555037e-06 0.00062499876 0.029352821 0.36134416 2.1112584e-07 9.650584e-09 6.468259e-08 0.00015716295 0.00091171154 0.003669129 0.026721584 1.9945559e-09 0.052911144 2.909892e-06 0.00031079978 8.342906e-09 1.1467799e-06 1.4200974e-07 9.041698e-06 1.1381126e-08 6.453828e-06 3.99097e-09 0.0002212543 0.0025765398 0.030079672 0.0006817774 2.050884e-08 0.111544065 1.0152613e-06 0.009570742 0.0015663244
0.9942424 0.4893748 0.7891328 0.9048959 0.04058278 0.5190019 0.027196571 0.007117162 0.813022 4.696067e-13 0.32698432 0.86561114 0.2934847 0.0026125906 0.0010678864 0.0030103906 0.00021151955 0.07151695 0.45988572 0.110560425 0.20744386 0.04426289 0.80551505 0.6934364 0.7421197 0.06617354 0.0053974483 7.278582e-05 0.03137174 0.000104512445 0.0643399 0.0007880945 4.1664935e-05 0.6172671 0.43822983 0.0035179863 0.0013958395 2.6425489e-05 0.0001466031 0.00043245667 0.00012310196 9.5970136e-05 0.20093277 0.0068162144 0.014629381 0.005936378 0.00011690224 0.00084406504 0.00019232386 0.00038913827 2.1605745e-06 3.944057e-05 1.7167651e-05 8.1753315e-05 0.026234677 9.773315e-05 0.0011502818 1.5302083e-05 0.00012537534 5.3442178e-05 0.002705703 2.8114738e-07 1.8210386e-06 0.07032395 0.00015448825 0.005251586 0.002748892 7.3083373e-07 7.6122383e-06 1.7935989e-05 2.4725791e-06 7.7172364e-05 0.0033497205 0.17082357 5.2237207e-05 7.946823e-07 8.8266546e-08 4.731239e-07 5.315091e-06 1.7723933e-05 0.13574693 1.2494307e-07 0.26076546 0.00044908441 4.0395225e-06 4.1576217e-07 1.4388493e-06 2.4122842e-06 0.0010562179 5.122929e-07 9.880375e-05 3.6884632e-08 6.3352013e-06 7.846993e-05 0.14077441 8.8149165e-05 5.484492e-09 0.059048988 2.5490658e-06 0.043892853 0.014416845
0.37007117 0.103478946 0.5551122 0.05023454 0.03469335 0.9467198 0.00019518737 0.00095659646 0.5077465 0.32698432 4.7491384e-17 0.06158615 0.7013632 0.0037978452 0.00039339933 0.00071836036 1.5889087e-05 0.9504736 0.020879084 0.82792366 0.94962645 0.9131901 0.00010150271 0.10115651 0.06957712 0.058555957 0.0014151209 3.7334565e-05 0.034738958 1.2088431e-06 0.0055762036 1.9934255e-06 2.3688444e-05 9.1360154e-05 0.0063195545 7.632342e-07 0.00027222768 3.5829578e-06 1.8331005e-07 0.011026 0.0009685314 2.3780545e-05 0.020623589 1.271208e-07 0.09381817 0.003188512 0.00020066148 1.8197026e-07 0.0011501946 0.0020561968 5.4656067e-07 0.00010851636 3.7609483e-05 0.00047439983 0.00025550337 0.00084741105 0.0012408142 7.198474e-08 0.000659229 8.6851706e-08 9.735724e-05 1.2665093e-07 1.3179997e-06 0.00055859383 3.9539016e-05 6.546243e-05 0.0015562234 4.008129e-08 1.4284427e-05 1.185099e-06 2.289293e-06 1.9924466e-06 0.0039641373 0.009610908 3.9675713e-05 1.1731787e-05 2.6317805e-08 7.3888577e-06 3.9282104e-06 0.000796566 0.0013305475 3.1565742e-06 0.0013884199 2.4474357e-05 0.00018362737 3.2693762e-07 9.4391737e-07 5.4076487e-08 2.691291e-05 1.3183706e-06 1.0568234e-07 7.8373597e-07 0.00012991262 0.0038632746 0.0015848452 7.1733135e-05 9.811103e-10 0.00414559 6.48279e-06 0.0009275773 0.00030559662
0.8892118 0.028019411 0.11214685 0.12553331 0.0013815858 0.6699396 0.0034015158 0.00036987982 0.93936545 0.86561114 0.06158615 4.564289e-19 0.17096488 8.301699e-05 5.226883e-06 0.00028536314 9.1194227e-07 0.007801049 0.06754944 0.06842041 0.073355176 0.0063096 0.66671807 0.93927526 0.62637335 0.8557586 0.013517205 7.0447066e-07 0.39793104 1.816055e-07 0.035460245 2.517957e-05 9.2920357e-07 0.5625597 0.09568589 0.3527975 0.0011569615 2.4623017e-07 0.00014166489 0.0085852435 0.0064638224 0.0002459041 0.41268414 0.01260796 0.014363153 0.09405307 0.001331398 0.000179755 0.00032575108 0.013428075 3.0620063e-07 0.002931627 0.000116374424 7.515734e-05 0.3856487 0.014203942 0.013738545 9.05464e-08 2.3176208e-05 1.1051079e-06 0.003812688 6.610616e-07 9.11988e-08 0.029938826 0.00061975216 0.003713263 0.008813857 7.305035e-07 9.709098e-06 9.225406e-07 5.964254e-07 0.0007162513 0.009369463 0.28813738 0.00031112807 7.0585297e-06 4.052435e-09 0.00025716444 0.0007305763 0.0019109948 0.05067195 1.010212e-06 0.0768175 0.0010388753 0.0001293447 2.5345878e-07 1.789428e-07 5.693742e-07 0.002148047 3.444422e-06 2.8429578e-05 3.124238e-08 5.959763e-05 0.0029731072 0.038982842 4.792162e-05 2.4823844e-08 0.02793434 1.9864342e-06 0.017868321 0.013977856
0.97876954 0.014420896 0.0652998 0.02677998 0.00910186 0.9056341 1.8642848e-05 0.00044329613 0.8386411 0.2934847 0.7013632 0.17096488 3.0605997e-14 0.0019701095 0.00038393695 1.43673715e-05 8.196018e-07 0.3634218 0.009075601 0.95677793 0.8368881 0.376523 0.0018749589 0.3692219 0.23917262 0.49955547 0.0006819088 1.5843496e-05 0.40950954 3.5361577e-07 0.0021508792 4.237695e-07 5.5634464e-06 0.0009460385 0.011942743 0.00053111266 4.6375103e-06 2.1977362e-06 4.792052e-07 0.23796993 0.0736881 1.0079342e-06 0.2502873 3.1131055e-06 0.2106057 0.1609352 1.9385743e-06 5.3971494e-08 0.030388705 0.07139362 4.1244267e-08 0.019970348 4.2841467e-08 0.007921854 0.016454674 0.073924914 0.06350864 2.7538876e-08 0.007273219 3.568407e-08 6.7747605e-06 1.7485286e-08 3.1657173e-08 0.0013838916 1.8211367e-07 3.9055435e-06 0.06862216 4.8114888e-08 5.073884e-09 3.4396198e-08 5.279219e-08 0.0001772558 0.062789515 0.22121212 7.520647e-08 1.7571034e-09 8.83391e-09 0.0028979823 0.000115395036 0.034799606 0.002457507 1.2306742e-10 0.0052484595 1.66486e-07 0.0038943826 2.7341442e-09 3.2165147e-08 1.3166027e-08 1.2203515e-07 1.027932e-09 1.926463e-07 2.0462958e-09 0.0040030982 0.0203812 0.0014006032 0.0056853923 1.1926501e-08 0.060719825 1.9033399e-07 0.00068066 0.00024055646
0.0053993794 0.24360842 0.15885583 0.010663101 0.96761054 0.015529405 0.16872965 0.4100929 0.00018897993 0.0026125906 0.0037978452 8.301699e-05 0.0019701095 4.544616e-14 0.97368485 0.015543355 0.049548797 0.0020254932 0.006567651 0.0011280924 0.0009572792 0.0027095475 1.034207e-06 0.000529227 0.0005758648 9.577521e-05 0.00091461156 0.009592326 0.00037054534 0.00056386524 0.0012565916 0.00012362737 0.0003299337 7.374176e-07 0.0019524593 5.28229e-08 0.00030529656 0.0001328166 9.581052e-06 3.43347e-05 1.3173977e-06 2.2231514e-05 0.00012789022 6.947136e-08 9.315928e-06 4.5922472e-05 2.8589719e-05 6.432834e-07 5.313948e-05 7.2490334e-06 1.3138865e-05 1.254301e-06 7.183816e-05 1.8341849e-05 4.742501e-07 4.062684e-06 1.2679185e-05 2.0094156e-05 1.35947e-05 1.9942545e-06 1.42736435e-05 2.5417481e-05 1.8024844e-05 3.4948305e-05 9.6963295e-06 2.7293956e-05 2.7303171e-05 5.158515e-06 7.8725236e-05 6.0002312e-05 6.0288185e-05 5.9724675e-07 0.0002323274 0.0001605592 1.0434288e-05 1.8616696e-05 1.5319773e-06 2.1040437e-06 3.794109e-07 8.640385e-06 0.000111383924 3.7337963e-06 6.6358065e-05 1.984671e-06 7.552697e-06 2.4938061e-05 1.081451e-05 3.570148e-07 1.6872511e-06 6.405949e-06 4.6742656e-08 1.730882e-05 4.7484835e-07 1.2052738e-05 0.00023232386 1.4200872e-06 3.0376892e-08 0.0007000074 0.00012401232 0.00020432277 1.3650486e-05
0.020305661 0.1784821 0.02895188 0.007349555 0.22595188 2.5679941e-05 0.57679284 0.9123552 6.592372e-05 0.0010678864 0.00039339933 5.226883e-06 0.00038393695 0.97368485 6.3281953e-14 0.3572418 0.7622592 0.00015039476 0.012655326 0.00013279886 2.264822e-06 0.0001892566 5.722769e-07 5.8363752e-05 0.00017013637 7.123426e-05 0.010842136 0.5549984 0.00017290463 0.04278412 0.00546811 0.0037134169 0.015612466 1.120873e-06 0.0030476425 4.8254304e-08 0.0015585732 0.0022102308 0.0001844157 2.580901e-05 8.9136284e-07 0.0001990874 5.7569814e-05 2.5027271e-08 9.802728e-07 1.629161e-05 8.181766e-05 2.7463918e-06 2.7917293e-05 6.813416e-06 8.36094e-05 3.2728278e-06 5.9600865e-05 6.0370367e-06 4.2886168e-07 1.0053361e-05 1.04504015e-05 2.6418333e-05 1.1659388e-05 4.231672e-06 4.082825e-05 9.706205e-07 2.8812276e-05 0.00015778981 2.3366962e-05 0.00010636155 3.3314245e-05 9.078354e-07 6.901272e-05 2.8659877e-05 3.248621e-05 1.544777e-07 0.00046844227 8.84804e-05 1.4034617e-05 8.63406e-06 1.0583711e-06 1.7462266e-07 8.588701e-08 1.144759e-05 0.00027121935 2.6930127e-06 0.00013428561 5.44711e-06 8.943157e-07 8.782296e-06 7.5328944e-06 5.4243765e-07 2.9596536e-06 3.7084092e-06 4.9719066e-08 4.287757e-06 1.2954115e-07 4.236544e-05 0.0005100209 3.4362429e-06 3.944083e-09 0.00038654744 4.247621e-05 0.00027807488 5.2745214e-05
0.49339116 0.10830057 0.008780706 0.09735406 0.007833128 6.1595216e-05 0.8577875 0.6609852 0.0002758788 0.0030103906 0.00071836036 0.00028536314 1.43673715e-05 0.015543355 0.3572418 1.0463532e-15 0.97897077 0.00034008687 0.36005569 2.5973826e-05 1.2721788e-06 0.00033854312 2.6899417e-05 0.001715596 0.0017039789 4.454131e-05 0.5548054 0.30682403 2.2932953e-05 0.6403527 0.16490373 0.5148784 0.052084588 0.00016282345 0.059963845 5.9371557e-09 0.12535915 0.06843537 0.10612898 2.738543e-06 3.2740548e-08 0.04036284 0.00027660906 0.00017034679 3.2802444e-07 2.7276374e-06 0.017159395 0.0023503138 1.3829053e-05 1.0161525e-06 0.002654919 1.0209924e-07 0.00623616 7.780442e-07 1.3758217e-05 1.7717603e-06 5.5515557e-07 0.004531044 2.813017e-06 0.00409963 0.0066633704 0.00013289998 0.00024510504 0.014709038 0.0031047538 0.010623186 6.8384525e-06 0.00037177256 0.00072654156 0.00051402807 0.00027210073 7.6613034e-08 0.00020838209 3.745514e-05 0.00086782 5.773498e-05 1.4127989e-05 4.528965e-09 4.148688e-08 1.0695379e-05 0.006259436 4.4582146e-05 0.0010739039 0.0005244684 3.6054996e-07 8.396673e-05 0.00014686084 2.925382e-06 0.000835905 0.00018715537 2.4803517e-06 2.4810059e-05 9.3930225e-08 2.1758582e-05 0.0024462692 8.2540755e-06 4.8727102e-08 0.00082613376 8.0852195e-05 0.0030152674 0.0022958447
0.10913131 0.027465299 0.0008012078 0.010539199 0.00081966404 9.952779e-07 0.8020391 0.8549632 3.744937e-06 0.00021151955 1.5889087e-05 9.1194227e-07 8.196018e-07 0.049548797 0.7622592 0.97897077 7.7408876e-15 1.3781175e-06 0.048871223 9.873218e-07 7.5383845e-08 1.2767306e-06 1.8742318e-07 2.3139502e-05 3.4102806e-05 3.5998053e-06 0.28009316 0.71240056 1.3404058e-06 0.6663397 0.04554936 0.37070805 0.15964223 1.1395442e-06 0.0065767555 3.1605394e-09 0.04865168 0.08770448 0.02761469 3.457288e-07 6.5329018e-09 0.009228571 1.5608608e-05 5.5861454e-07 2.8247383e-08 5.6879514e-07 0.0022278388 2.9583769e-05 4.3337937e-07 3.542186e-07 0.00069086935 9.377516e-09 0.0006454727 4.287719e-08 1.6179686e-06 1.0042776e-06 4.4645031e-07 0.0008152469 3.273176e-07 0.00016857492 0.000584514 6.5323325e-06 4.136538e-05 0.0021540087 0.00021481997 0.0014200527 2.6080847e-06 4.2512374e-06 3.531423e-05 3.5220328e-05 2.7095914e-05 1.5431153e-08 0.00016244981 2.6633557e-05 4.6309095e-05 1.0546819e-05 3.568409e-07 1.1015171e-09 8.612057e-09 7.940698e-06 0.0010407363 1.9160295e-06 0.00043665976 0.00014099757 5.483993e-08 4.930619e-06 7.030588e-06 6.926548e-08 0.00016534355 1.0213655e-05 7.752958e-08 1.2362997e-06 3.5068293e-09 1.05676e-05 0.0008280089 3.291827e-07 3.6465462e-09 0.00066448754 1.4658065e-05 0.0014272818 0.0009284331
0.025569381 0.023753555 0.27422655 0.011582879 0.009040732 0.29374716 1.8588824e-05 0.00018478012 0.16363157 0.07151695 0.9504736 0.007801049 0.3634218 0.0020254932 0.00015039476 0.00034008687 1.3781175e-06 4.7518802e-15 0.0037433894 0.48911154 0.68409777 0.987647 1.8037761e-05 0.018135043 0.008623643 0.009949824 0.00029878094 6.4807805e-06 0.004213412 1.1395942e-06 0.0009833234 6.764008e-07 2.000525e-06 1.1109361e-05 0.0014995558 6.8441935e-08 7.372925e-05 5.3215936e-06 3.6315955e-09 0.0008756242 0.0001150149 3.2675916e-06 0.0032663424 3.3427206e-08 0.0102266725 0.0001425905 1.7324234e-06 1.9134033e-08 0.00037701952 9.9972145e-05 5.307835e-07 3.7612906e-06 1.7240523e-06 0.00014168624 1.819814e-05 9.344948e-05 6.197509e-05 2.9390606e-07 0.0002102842 1.2595957e-08 1.1911019e-06 1.977719e-07 8.1012115e-07 1.4701996e-05 9.955627e-07 2.1761891e-06 0.0001270925 1.5374388e-07 1.6265161e-06 4.4465696e-06 9.633864e-06 2.849339e-07 0.0006735002 0.0006303138 8.7965924e-07 8.4709666e-07 3.648524e-08 1.7896765e-06 2.4777014e-06 0.0002099622 9.67986e-05 5.5765e-07 0.00026645107 6.733848e-07 3.0290674e-05 2.1814036e-07 1.7802018e-06 1.3451943e-09 6.883852e-07 9.696638e-07 1.22462245e-08 3.3986308e-07 9.64713e-06 0.0010450516 0.00024612775 7.4853224e-06 9.0795815e-11 0.00083303853 3.474461e-06 0.00013599181 3.106337e-05
0.98319393 0.513137 0.2993023 0.9759483 0.04269034 0.02076339 0.45032188 0.19033934 0.007509289 0.45988572 0.020879084 0.06754944 0.009075601 0.006567651 0.012655326 0.36005569 0.048871223 0.0037433894 2.0933442e-13 0.0011635418 0.0014243211 0.0014513666 0.10001928 0.033682935 0.05099722 0.0012456118 0.66875607 0.0050511546 0.000377133 0.023246305 0.8957123 0.14141339 0.0017957758 0.18074161 0.8497692 8.849847e-05 0.20799667 0.0042282883 0.042533457 1.43983425e-05 3.9076263e-06 0.017304571 0.023627957 0.12775454 2.5483318e-06 0.0012143205 0.024362644 0.03265867 2.7606919e-05 3.9750776e-05 0.0002846019 2.2272723e-05 0.002942332 3.7449727e-06 0.010414059 2.256587e-05 0.0002885714 0.002448853 1.7273594e-05 0.01638653 0.031685453 0.0004905618 4.7622525e-05 0.22429374 0.005852416 0.06624884 0.0013702521 0.0006161229 0.00034196733 0.00041806628 0.00034752415 3.0732767e-06 0.0017881055 0.038947754 0.0036237687 0.00021143102 9.85765e-06 4.978889e-07 2.3459489e-07 0.00016842112 0.24416874 0.0003273518 0.22777337 0.010611901 1.6334569e-06 8.291058e-05 2.9555544e-05 0.0011171226 0.01067856 0.0028496925 0.00052465225 6.0307964e-05 1.1918587e-06 0.00034236704 0.1942442 9.776168e-05 7.284967e-06 0.017041536 0.0001756501 0.120115034 0.05197661
0.8570485 0.008106575 0.06909355 0.0058976454 0.00358167 0.8392719 8.036094e-06 0.00031489224 0.5757652 0.110560425 0.82792366 0.06842041 0.95677793 0.0011280924 0.00013279886 2.5973826e-05 9.873218e-07 0.48911154 0.0011635418 7.570085e-15 0.9686829 0.6202968 0.00013796169 0.14752872 0.08263241 0.27310324 3.0810053e-05 8.006238e-06 0.20528889 5.458582e-08 0.00025008954 2.0872587e-07 2.2269232e-06 6.985393e-05 0.0025141302 1.4033132e-05 7.449913e-06 1.6962497e-07 3.7393212e-07 0.39083096 0.07540674 2.065727e-07 0.06680073 2.4694555e-07 0.44928393 0.048228513 2.4430634e-07 5.042733e-08 0.041218787 0.03359114 9.86056e-09 0.015010396 1.5963499e-08 0.008368934 0.0012295066 0.04656414 0.023535112 3.7223709e-09 0.011014203 4.3337458e-08 5.6684917e-06 1.5168657e-09 1.5857651e-08 0.00028395557 1.2836401e-07 2.3605264e-06 0.028001534 2.7415337e-09 8.697119e-09 1.2572219e-08 1.976647e-08 1.9743064e-05 0.026358407 0.058234047 1.1959867e-07 6.130016e-09 6.9870514e-09 0.0019322685 7.62346e-05 0.02839002 0.0008878136 8.2887985e-10 0.00088401255 3.3944167e-07 0.0022310547 5.276002e-10 2.6943919e-08 9.014829e-09 3.8781263e-08 3.799968e-09 5.3209785e-08 8.5145924e-10 0.0023474295 0.011342885 0.00042637452 0.004252629 1.9445103e-08 0.02028337 7.917944e-08 0.00057318964 3.281371e-05
0.19434868 0.0048729344 0.28609723 0.003718926 0.036812328 0.0020742456 1.4990566e-05 7.525398e-06 0.5643966 0.20744386 0.94962645 0.073355176 0.8368881 0.0009572792 2.264822e-06 1.2721788e-06 7.5383845e-08 0.68409777 0.0014243211 0.9686829 1.6157514e-17 0.84685475 1.3013346e-06 0.09798914 0.027500037 0.11989398 5.3355853e-07 1.2633608e-07 0.054238986 1.507855e-08 7.205422e-05 2.8961242e-08 8.943843e-08 3.498896e-05 0.002497922 8.616444e-09 2.927352e-08 2.9277654e-08 2.9276482e-08 0.088926435 0.01597198 1.0317908e-07 0.016580913 3.2694326e-05 8.7182365e-05 0.010156886 1.0487271e-07 3.520046e-08 0.004657573 0.0054059974 4.2140446e-08 0.000619517 1.27635e-07 0.0005468138 0.00033064152 0.006086383 0.0051955683 5.6020133e-10 0.0006488984 8.789828e-08 8.688563e-07 2.8397777e-08 1.0869127e-08 1.6823851e-05 3.5961972e-07 1.3259752e-06 0.0031448782 4.6398787e-09 1.784121e-08 1.1533968e-08 9.3439894e-08 3.5020705e-05 0.0020028697 0.007187863 9.8947794e-08 1.4292916e-09 9.776414e-10 9.3184375e-05 2.0903326e-05 0.0009222905 0.00028598213 8.2227103e-10 0.0003116142 3.0138068e-07 1.5650507e-05 1.9677561e-10 2.257251e-08 1.0036987e-09 3.654801e-07 2.2112033e-08 2.7565099e-08 2.5934617e-11 7.167709e-06 0.0010937639 0.00022209295 6.434865e-05 2.1110215e-10 0.0018006866 4.4744575e-10 0.00011541959 7.5371117e-06
0.019371469 0.014104747 0.14861163 0.0062911995 0.010732424 0.28673452 7.948131e-06 0.00015107238 0.12323883 0.04426289 0.9131901 0.0063096 0.376523 0.0027095475 0.0001892566 0.00033854312 1.2767306e-06 0.987647 0.0014513666 0.6202968 0.84685475 2.6696742e-15 9.735366e-06 0.017311875 0.007588624 0.01147751 0.00010533435 5.4683046e-06 0.00554065 9.411328e-07 0.00045493222 7.1060623e-07 3.528489e-06 4.2638003e-06 0.0010418544 7.654483e-08 2.8183113e-05 4.066343e-06 9.145516e-09 0.0057896343 0.000526656 1.6884633e-06 0.003442682 2.4283697e-08 0.098489314 0.00025342993 1.8990295e-06 3.205607e-08 0.0011024117 0.00025785525 3.9416162e-07 1.5482387e-05 2.7062608e-06 0.0003941053 2.4403247e-05 0.0002932578 0.00016126772 5.1318263e-08 0.0005578679 4.052143e-08 1.2873013e-06 1.6356104e-07 1.0250329e-06 8.580377e-06 1.1468609e-06 1.2818277e-06 0.00019457274 3.399203e-08 2.5316904e-06 2.347333e-06 1.1076143e-05 1.2757666e-06 0.00092273916 0.0009873232 6.7903846e-07 3.7006524e-07 4.1146915e-08 1.32468795e-05 5.0931676e-06 0.00037606648 5.5673136e-05 1.4160794e-07 0.0002311252 1.783955e-07 0.00010383509 1.1801799e-07 1.5228964e-06 2.4518156e-09 1.2342892e-07 3.8335352e-07 7.151844e-09 9.298741e-08 4.092938e-05 0.00097104325 0.00017837792 0.00011422829 2.2353168e-10 0.0010305254 6.475409e-07 5.3503067e-05 1.0988836e-05
0.9878207 0.0005410433 0.00037176 0.03215589 1.3571434e-05 2.3494687e-05 9.575932e-05 2.1530617e-05 0.08780146 0.80551505 0.00010150271 0.66671807 0.0018749589 1.034207e-06 5.722769e-07 2.6899417e-05 1.8742318e-07 1.8037761e-05 0.10001928 0.00013796169 1.3013346e-06 9.735366e-06 4.2452156e-16 0.7662979 0.9450252 0.16822663 0.0057313005 3.5554189e-07 0.18397336 3.1329398e-07 0.064813904 2.2511952e-06 9.239547e-07 0.6372671 0.3992932 1.4226743e-05 7.837488e-05 4.5628107e-07 4.4208914e-06 0.00012953652 6.345587e-05 0.00077567116 0.79581916 0.10489408 1.0866776e-06 0.13839497 0.0063719726 0.000101754704 1.5330634e-06 0.008014137 1.8389083e-07 0.0002707857 0.0011264933 6.6483796e-07 0.61897093 0.0028859132 0.016184108 1.4193853e-07 3.2665682e-07 2.149955e-05 0.016930532 1.898183e-07 5.06788e-08 0.18240622 0.005269893 0.026231961 0.014711213 1.5495502e-07 4.1749852e-05 1.1940902e-07 1.4938661e-07 3.0016537e-05 0.0064926995 0.3429069 0.0038295672 5.4566855e-05 9.5282836e-08 1.0458129e-05 2.2212565e-05 0.000874385 0.27164578 2.9535482e-05 0.3918025 0.009921833 7.8943106e-07 9.02125e-06 5.205487e-08 7.979125e-06 0.021251265 0.0007073578 0.0010709817 5.647125e-06 1.4863876e-06 0.0016135956 0.18845627 1.7178223e-06 5.865983e-07 0.013518783 1.1175285e-05 0.060757782 0.03456
0.98984945 0.02788002 0.056282774 0.064802945 0.0036421246 0.14966317 0.0044840057 0.002274388 0.5674549 0.6934364 0.10115651 0.93927526 0.3692219 0.000529227 5.8363752e-05 0.001715596 2.3139502e-05 0.018135043 0.033682935 0.14752872 0.09798914 0.017311875 0.7662979 1.4520425e-10 0.8239528 0.53716564 0.0014820565 1.2766386e-05 0.4804025 1.6586122e-06 0.009960116 0.00022842272 4.544947e-06 0.3816172 0.08229274 0.26391473 0.00026752835 2.005337e-06 9.281608e-06 0.0064435215 0.012094549 1.5864935e-05 0.65257204 0.0037786383 0.016362177 0.27197748 1.2275172e-05 2.0443162e-05 0.004055138 0.010071623 1.6263293e-07 0.0011027756 5.6048543e-07 0.0016036469 0.5447144 0.0076176934 0.012238026 6.740157e-07 0.0011240288 7.789155e-06 0.001210972 1.17192954e-07 4.4273122e-08 0.01994634 9.174864e-06 0.0013277753 0.026629636 4.1664055e-07 7.3394676e-07 2.1027225e-07 1.0851049e-07 0.002361774 0.02186009 0.6130284 1.9541646e-06 2.7770751e-08 5.9630083e-09 0.0004825199 0.0012948076 0.0009479613 0.048646934 3.9494803e-09 0.12461652 4.9636186e-05 0.00038287585 6.043448e-08 1.4100691e-07 1.1580305e-06 0.00019937789 1.5287197e-08 0.00046589455 6.352773e-09 0.0004011825 0.0019669046 0.058264054 0.00052047806 1.1763789e-08 0.14545555 7.3262083e-07 0.02172991 0.00919207
0.98921853 0.029692246 0.044753086 0.04945779 0.002093847 0.08323772 0.0033462069 0.0020287219 0.44146118 0.7421197 0.06957712 0.62637335 0.23917262 0.0005758648 0.00017013637 0.0017039789 3.4102806e-05 0.008623643 0.05099722 0.08263241 0.027500037 0.007588624 0.9450252 0.8239528 4.1025915e-12 0.22021928 0.001804503 4.4383993e-05 0.2320525 4.87377e-06 0.017305106 0.00023781399 1.5374051e-05 0.5883228 0.12629451 0.09209553 0.00019992779 7.22124e-06 4.4561573e-05 0.002748841 0.0060539567 2.5746322e-05 0.5394434 0.012991858 0.0051172166 0.08026229 3.8286507e-05 0.0001585242 0.001159114 0.0028170417 2.9266894e-07 0.0005621246 2.2595514e-06 0.00047610904 0.52306515 0.0025057928 0.0046211295 2.2189374e-06 0.00049209 3.512158e-05 0.0030841022 5.8050557e-07 1.4371207e-07 0.05734215 3.361462e-05 0.0028370114 0.010957314 3.384279e-06 1.6155494e-06 4.5371186e-07 1.3039539e-07 0.0019283739 0.008560439 0.48591188 1.5560261e-05 1.2346636e-07 6.299889e-08 0.00016695689 0.00041211385 0.00035834362 0.11723614 3.872782e-08 0.2239526 0.00026924477 0.00027105183 2.2810431e-07 2.6730913e-07 1.7908538e-05 0.0008199017 1.0600651e-06 0.0032958812 4.6642022e-08 0.00024577754 0.00096102996 0.1299018 0.0004433247 5.5738104e-07 0.10840272 2.552614e-05 0.058459654 0.03197231
0.9548022 0.0029722836 0.0082344245 0.0062301178 0.00021529886 0.19732696 5.580108e-05 0.00015273064 0.34492615 0.06617354 0.058555957 0.8557586 0.49955547 9.577521e-05 7.123426e-05 4.454131e-05 3.5998053e-06 0.009949824 0.0012456118 0.27310324 0.11989398 0.01147751 0.16822663 0.53716564 0.22021928 1.4722015e-11 0.00012617902 2.7664688e-05 0.93941545 3.3441106e-06 0.00091713405 9.970635e-06 1.173351e-05 0.053876802 0.0037944461 0.8483903 5.467403e-06 7.275046e-06 1.0124536e-06 0.08874416 0.17608604 7.076313e-07 0.5514822 0.00019313702 0.1296239 0.7168061 3.9124925e-06 3.0798344e-06 0.02270905 0.2420565 1.3499462e-06 0.05499529 4.0965142e-07 0.03103646 0.33229062 0.12098321 0.24528697 2.520381e-07 0.014477964 1.8824943e-06 0.00035745263 5.425522e-08 1.1174225e-06 0.0028971562 2.650364e-06 0.00013962589 0.14696325 2.45491e-08 6.287633e-08 1.4210585e-06 4.2644424e-06 0.013570154 0.16099983 0.5486237 6.628318e-07 2.4480832e-08 2.032115e-07 0.0029200974 0.011293476 0.030875098 0.008749472 2.0048156e-09 0.033976335 4.253653e-05 0.00655059 1.1875608e-08 5.790608e-07 2.829413e-08 2.0573028e-05 2.8677916e-09 9.0850575e-05 2.952776e-09 0.009236337 0.03166402 0.016020052 0.0067007868 5.5248197e-09 0.22401643 8.676027e-07 0.008265802 0.0024157767
0.9783806 0.027328936 0.01689844 0.08918671 0.0017436724 0.00037653913 0.17991966 0.14748414 0.0002571983 0.0053974483 0.0014151209 0.013517205 0.0006819088 0.00091461156 0.010842136 0.5548054 0.28009316 0.00029878094 0.66875607 3.0810053e-05 5.3355853e-07 0.00010533435 0.0057313005 0.0014820565 0.001804503 0.00012617902 3.2726632e-15 0.044192143 4.0326697e-05 0.33461106 0.9146746 0.79212105 0.029112406 0.034271237 0.3742587 7.5418216e-06 0.96158725 0.12028151 0.76142037 2.5658803e-06 4.0626003e-07 0.57189196 0.003663917 0.24491435 2.7568149e-08 0.00012159841 0.31182566 0.68313587 2.4032774e-05 1.6266698e-06 0.020627622 8.431515e-07 0.10960081 8.4062395e-07 0.0011155991 7.342919e-07 1.0711232e-05 0.124836825 2.34781e-06 0.39077964 0.16318318 0.04657081 0.0031922148 0.3409463 0.04993045 0.2565817 0.00019909898 0.052317806 0.010192278 0.013022931 0.0076942397 1.499351e-07 0.00028086963 0.004558308 0.020570744 0.003987541 0.0016692411 1.201371e-07 3.2407844e-08 5.686244e-05 0.34543934 0.0023895784 0.11103052 0.036455743 4.5809185e-07 0.0015014053 0.00039257103 0.0063536256 0.048277456 0.018918922 0.0009820901 0.0012428826 1.085755e-07 6.708446e-05 0.23187946 1.678675e-05 0.00032191453 0.0027945994 0.0011163201 0.20914018 0.12311808
0.026203427 0.0010161283 5.1803472e-05 0.00045517719 0.00015669737 4.37191e-07 0.051747914 0.2538886 2.1073944e-05 7.278582e-05 3.7334565e-05 7.0447066e-07 1.5843496e-05 0.009592326 0.5549984 0.30682403 0.71240056 6.4807805e-06 0.0050511546 8.006238e-06 1.2633608e-07 5.4683046e-06 3.5554189e-07 1.2766386e-05 4.4383993e-05 2.7664688e-05 0.044192143 9.1772555e-15 6.197823e-05 0.91329557 0.008377713 0.38461494 0.9818494 2.0807475e-07 0.002217097 8.243365e-09 0.009309324 0.8116249 0.0823716 7.986815e-06 5.196428e-07 0.0027584855 5.2840118e-05 2.0946596e-08 1.9420501e-07 1.7962777e-05 0.00058046554 4.806536e-06 3.5978596e-06 2.2068448e-06 0.061271504 4.4850893e-07 0.00040327926 7.74617e-07 2.3258376e-07 2.0063467e-06 1.275336e-06 0.003414785 2.4018257e-06 0.0003011605 0.00013293927 4.627905e-06 0.0012834908 0.00023833253 6.231724e-05 0.00035070957 6.59433e-06 4.311638e-06 9.425179e-05 2.7563432e-05 0.00016328653 1.4419311e-07 0.00015451948 3.050214e-05 2.5051118e-05 1.8523135e-05 4.7317017e-06 2.899529e-08 5.150536e-08 8.2231156e-05 0.0003977431 6.423776e-06 0.000120079894 2.479167e-06 4.5859363e-07 7.4985755e-06 4.284446e-06 4.811032e-07 7.856379e-06 1.6303871e-05 2.8317562e-08 7.019287e-06 7.506743e-09 0.00014541755 0.0004486929 2.2252448e-07 4.1536823e-09 0.00021854695 1.7911765e-05 0.0002617561 5.2282816e-05
0.9705679 0.0013954234 0.002903648 0.0024758144 0.0005832355 0.06937985 5.175483e-05 0.00028298775 0.24603869 0.03137174 0.034738958 0.39793104 0.40950954 0.00037054534 0.00017290463 2.2932953e-05 1.3404058e-06 0.004213412 0.000377133 0.20528889 0.054238986 0.00554065 0.18397336 0.4804025 0.2320525 0.93941545 4.0326697e-05 6.197823e-05 7.62352e-12 1.4050414e-06 0.00033913107 7.052333e-06 1.92032e-05 0.09536501 0.0026997603 0.84752023 1.0927644e-06 2.9667442e-06 3.4032269e-07 0.08578013 0.16383338 9.634418e-07 0.6663167 0.00037689158 0.058923073 0.7514131 2.7111719e-06 2.9335888e-07 0.020067418 0.2887923 3.349347e-07 0.05065347 4.3606337e-07 0.02982816 0.4861554 0.12656654 0.31329113 2.643839e-07 0.009815498 3.3074352e-07 0.0003964774 7.685101e-08 4.4031327e-07 0.0051302826 5.0482195e-06 0.00042151767 0.18017806 2.582851e-07 1.1260732e-07 3.6043588e-07 2.819962e-07 0.01572015 0.16902371 0.6058901 2.8949698e-06 1.1792454e-08 2.4958819e-08 0.0027973978 0.0059500095 0.022650018 0.009503837 3.3807608e-09 0.033753373 6.034254e-05 0.007150877 2.7334941e-08 3.2895267e-07 6.980874e-08 7.218304e-05 1.545749e-08 0.00020504816 4.008899e-09 0.00986106 0.019837644 0.014609304 0.009679317 5.097144e-09 0.21749954 1.5953212e-06 0.0058940356 0.0015826093
0.40097556 0.00014004596 2.1760947e-05 0.0005318991 4.4156577e-06 9.262949e-08 0.05547398 0.11692531 1.0471941e-05 0.000104512445 1.2088431e-06 1.816055e-07 3.5361577e-07 0.00056386524 0.04278412 0.6403527 0.6663397 1.1395942e-06 0.023246305 5.458582e-08 1.507855e-08 9.411328e-07 3.1329398e-07 1.6586122e-06 4.87377e-06 3.3441106e-06 0.33461106 0.91329557 1.4050414e-06 7.389951e-17 0.045587547 0.9681571 0.8846757 1.4566655e-06 0.00414122 4.0680068e-10 0.12193419 0.9570106 0.7100363 3.7404877e-07 4.797639e-09 0.032946285 4.3406933e-05 2.3222515e-07 1.588938e-08 6.0840466e-07 0.011268026 0.00037923257 1.8006615e-07 4.4415455e-07 0.3614213 1.4854607e-08 0.00727953 6.4696115e-09 6.29979e-07 1.0190746e-06 7.3309826e-07 0.200006 4.3644796e-08 0.006922432 0.002659942 0.0007101933 0.022613963 0.0020366486 0.0014267825 0.006903281 1.6457708e-06 0.00061176537 0.00042661084 0.00053378893 0.00066889875 2.3807557e-08 4.4165397e-05 1.2805138e-05 0.00058066787 0.00015135418 8.6206695e-05 9.148286e-10 3.9387222e-09 5.525191e-06 0.0016838531 1.1679697e-05 0.0001616297 0.0005040083 9.367915e-09 3.8330203e-05 8.667203e-05 7.8811205e-08 0.0009744721 0.00021427694 3.1817713e-08 8.621791e-06 1.872804e-09 1.2541797e-05 0.0007689625 5.1416137e-08 3.958742e-09 0.00046312518 1.3635341e-05 0.0010199503 0.00090740307
0.98833287 0.057385176 0.06735793 0.16073824 0.0035064253 0.0031119427 0.06045784 0.04461257 0.004119588 0.0643399 0.0055762036 0.035460245 0.0021508792 0.0012565916 0.00546811 0.16490373 0.04554936 0.0009833234 0.8957123 0.00025008954 7.205422e-05 0.00045493222 0.064813904 0.009960116 0.017305106 0.00091713405 0.9146746 0.008377713 0.00033913107 0.045587547 1.1265595e-13 0.28395244 0.004476236 0.383304 0.8881028 0.0002293946 0.6365667 0.013068797 0.1169522 7.278967e-06 1.033067e-05 0.46207553 0.014751765 0.84186757 4.3656064e-07 0.0006307402 0.39470667 0.17430553 4.7988046e-06 1.9348076e-05 0.0022755454 4.49392e-06 0.10736824 4.905173e-07 0.00870016 9.753414e-06 0.00016694002 0.016589897 7.4502077e-07 0.21228074 0.2646662 0.018244833 0.0005515587 0.513342 0.07965971 0.28122395 0.0008939057 0.017883774 0.0077830516 0.0029662168 0.0016743238 2.1706342e-06 0.00073394855 0.021947687 0.032058384 0.004363353 0.001015902 2.1077687e-08 2.2632531e-07 9.7836484e-05 0.46954358 0.0028508815 0.3029901 0.056877993 5.7398876e-07 0.0015458191 0.00024149659 0.009163634 0.057078175 0.013167938 0.0076451926 0.0011703371 9.03973e-08 9.73603e-05 0.32071367 1.3981769e-05 0.00033830592 0.0071836826 0.0009275635 0.2806095 0.19782646
