3.9043153e-17 0.84313947 0.35773158 0.9102935 0.36548558 0.5732695 0.9909283 0.42171928 0.95926684 0.8747977 0.9805864 0.9793954 0.98810095 0.9822051 0.82386833 0.024520412 0.81850046 0.9585941 0.9565425 0.013274323 0.44768447 0.016493652 0.1720764 0.5120008 0.9803694 0.6060575 0.005671185 0.9717032 0.7902872 0.9907438 0.98132086 0.6609112 0.98076445 0.8429381 0.3877667 0.9734615 0.6152715 0.8889163 0.9910446 0.02459299 0.6945498 0.22727455 0.9676415 0.037738036 0.0003984 0.00038598257 0.01393377 0.99430054 0.7830119 0.08261318 0.98738366 0.9941271 0.9931901 0.99008524 0.9357805 0.018873572 0.48588637 0.908328 0.9446986 0.99058664 0.97115254 0.00024268027 0.9975235 0.9637994 0.9202881 0.99305105 0.99855363 0.00041105974 0.06915309 0.9780798 0.82472646 0.2690498 0.97156984 0.9606598 0.9981097 0.0066405865 0.9921442 0.92440665 0.9753201 0.37460214 0.02791942 0.9894384 0.7295883 0.9996222 0.99064755 0.9998163 0.9740125 0.9999722 0.9992344 0.99917305 0.99847907 0.99486536 0.9989622 0.9993513 0.9843346 0.9999899 0.43590114 0.21894807 0.3461136 0.0016715238 0.9337679
0.84313947 6.3733376e-15 0.84774387 0.90884626 0.8509442 0.8001495 0.8744142 0.7591862 0.15058468 0.03586859 0.041037206 0.35267955 0.030045643 0.35822827 0.014181392 0.024269098 0.022348285 0.0066253887 0.005206501 0.009373896 0.0077585145 0.028447472 0.12342048 0.004055407 0.101627775 0.006132525 0.109909244 0.0034697924 0.0055773044 0.04150939 0.0046232757 0.0021163013 0.0092342505 0.00073333393 0.037239857 0.003169692 0.00018117263 0.0032907445 0.011896144 0.00020332036 0.0044902274 0.0028513111 0.001590421 0.039722208 7.23223e-05 2.5202202e-05 0.0033721125 0.031449713 9.5397045e-06 1.9696431e-08 0.00015652977 0.006510755 0.005126766 0.0010088753 0.0013392814 0.0009539645 3.3421165e-05 7.419185e-06 0.0005333129 0.0004850498 9.361454e-06 4.2187576e-06 0.0102476925 1.1576798e-05 7.3697506e-06 0.00010838739 0.0059079076 2.1680587e-06 0.00039270794 0.0006226322 9.136833e-05 1.7680908e-06 0.0008907171 0.0003309103 0.0013383084 0.00019360137 0.00044952022 6.66026e-05 7.04214e-05 6.376671e-05 0.00023349642 7.7592944e-05 0.00037893525 0.0009928895 6.791745e-05 0.0003160671 5.777901e-06 0.00475613 0.0006928762 0.00033479818 0.000108839726 1.8523453e-05 0.0018345611 0.0017063449 1.8625689e-06 0.00028643853 0.00013566861 7.1433504e-09 4.879553e-09 2.5458517e-06 6.830514e-06
0.35773158 0.84774387 8.9721475e-17 0.18836106 0.40378115 0.42282835 0.74723786 0.00084522256 0.0030634378 4.217324e-05 0.0019959956 0.7357394 0.0006963341 0.9319419 4.0095912e-07 1.788159e-05 0.033162374 0.00011501292 7.2364624e-06 3.2191314e-05 3.89206e-05 9.66612e-06 1.806664e-06 1.1830105e-07 0.33830923 7.715827e-08 1.929403e-05 0.03487302 1.07589294e-07 0.14006461 0.051241893 0.00042577437 0.0006801442 0.003502747 2.9474151e-08 5.3621166e-05 0.00014763742 1.2411891e-08 0.0027950248 1.11532245e-05 6.8516904e-08 1.2691875e-05 8.086009e-06 2.8423395e-07 6.498221e-06 6.971251e-07 1.0966569e-07 0.09433513 5.0391377e-06 8.6691534e-07 0.059125524 0.30434775 0.38758218 5.9932136e-05 2.1582224e-08 4.5586225e-07 1.6887443e-05 0.0040254924 2.0289606e-07 3.7245677e-06 0.021187602 1.9516621e-07 0.008127768 0.008524343 0.00244743 0.046295136 0.26475057 9.280032e-08 2.326169e-08 0.0020857826 1.0303277e-07 0.0008695834 4.782788e-05 7.88905e-05 0.23517148 4.794422e-08 0.00016991505 9.298547e-06 0.00010258124 9.106422e-09 2.505623e-07 3.0118601e-06 4.334112e-07 0.0018201914 0.0028317957 0.031392362 0.00092252094 0.010209672 0.052068617 0.00031538 8.836067e-05 2.6910023e-08 0.00972088 0.009459384 7.775523e-07 2.5262312e-05 1.3816668e-06 3.8650487e-06 4.3067107e-06 1.0855696e-09 2.0835623e-08
0.9102935 0.90884626 0.18836106 1.7100732e-13 0.50283307 0.42633027 0.9086171 0.8968975 0.6787896 0.3921922 0.23139189 0.024702702 0.11201861 0.219782 0.13249893 0.0015028212 0.01421603 0.035701577 0.01909516 0.00077031937 0.0028464752 0.43505237 0.75126153 0.07711051 0.1075623 0.06808736 0.36096194 0.00093742355 0.021213952 0.042748384 6.3902226e-05 4.4167715e-05 0.008820294 4.4931016e-06 0.28363192 0.0023725773 4.976871e-07 0.0034302757 0.004824069 2.0649659e-06 0.010408484 0.001146417 0.00055679004 0.22551174 1.3744451e-06 5.5254844e-07 0.064903915 0.015472352 5.5371657e-08 1.4794874e-10 1.5503994e-06 0.00084960565 0.0004536256 0.00041660047 0.0007643126 0.021955922 7.421254e-07 2.3025035e-07 0.00027980426 0.00029037797 1.1654829e-07 1.961664e-07 0.007712628 2.3044764e-07 2.455145e-07 6.067319e-07 0.0012198495 1.6373866e-07 0.0018637488 6.187305e-05 9.7004966e-05 1.15775425e-08 0.00014140856 5.6609642e-05 1.7728533e-05 0.0020726852 0.0003120528 2.2227282e-06 8.338647e-06 0.00016710025 0.0008594725 3.763689e-05 4.2438995e-05 0.00042881022 6.7056123e-07 2.0204317e-05 3.703703e-07 0.00058023335 4.674188e-05 0.00013104448 6.760217e-05 6.6033735e-06 0.0006963891 0.0006931412 3.522807e-08 8.420386e-05 4.0006626e-06 1.9987372e-09 1.7189553e-09 2.97902e-06 5.913708e-06
0.36548558 0.8509442 0.40378115 0.50283307 1.7484125e-15 0.97610426 0.46706402 0.80833286 0.021160321 0.002526875 0.0045707054 0.4552864 0.0060566417 0.15146285 0.0004916631 0.17096488 0.003961052 0.00038129714 0.0001307263 0.091295816 0.00015720568 0.0017725894 0.01793669 0.00030911903 0.04583706 0.00020465956 0.07478329 0.000271357 0.00011720185 0.015758432 0.0033574703 0.0014818049 0.001093538 0.00042607618 0.00097394385 0.00033535293 0.00012066005 5.161179e-05 0.0009992954 0.0013220811 0.00011909895 5.0165465e-05 9.568163e-05 0.0037149508 0.0005397757 0.00020785969 0.0001199874 0.006989965 1.3660479e-06 2.0474173e-08 6.802187e-05 0.0032329315 0.0025797642 4.7101024e-05 1.6052083e-05 0.00014310655 4.3989105e-05 2.2392249e-05 1.6443862e-05 7.693681e-06 9.741357e-06 1.4155772e-05 0.0010314895 3.2579628e-05 1.7412412e-05 4.0068335e-06 0.0007527379 1.0604337e-05 2.1764445e-06 2.7045546e-05 2.0894524e-06 5.3745293e-06 6.4921354e-05 1.1392438e-05 0.0003367191 2.4539237e-05 1.3304778e-05 5.665771e-07 6.619262e-06 3.7034414e-07 2.0967633e-05 2.7638857e-06 1.677305e-05 5.939297e-05 0.00011567567 0.00023508955 2.7418922e-05 0.00079252577 0.00025494574 1.990161e-05 1.3346626e-05 1.6278182e-06 0.00090532633 0.00076451787 3.3466168e-07 2.0644233e-05 1.8548873e-05 6.962776e-08 1.7516731e-08 1.3375619e-06 6.2839075e-07
0.5732695 0.8001495 0.42282835 0.42633027 0.97610426 3.7468128e-19 0.46820018 0.8356073 0.010451335 0.00018309036 0.0010524786 0.83409655 0.0011234303 0.27653885 1.747876e-05 0.34139767 0.0024253312 4.1230527e-05 1.0374981e-05 0.17197388 1.9725318e-05 0.0004822749 0.020696716 4.3067907e-05 0.058461588 3.5451973e-05 0.044981085 7.343746e-05 8.0094305e-06 0.023170047 0.023956003 0.010115335 0.00015193512 0.0023267642 0.00019776882 8.969358e-06 0.00034327642 2.638609e-06 0.00036973282 0.0063023083 1.0139247e-05 2.1637334e-06 3.6566544e-06 0.0042093154 0.0006054727 0.00025999916 3.835931e-05 0.00793043 5.9565633e-07 3.1169036e-09 0.00053180347 0.005509885 0.008735511 1.4222787e-06 1.9982294e-06 4.6120018e-05 0.00013078342 0.0001294069 4.3179847e-07 4.159418e-07 2.3352057e-05 3.6225127e-05 0.0011938126 5.177986e-05 3.642779e-05 1.901554e-06 0.0006877629 1.22538495e-05 2.7078386e-08 5.1441452e-06 6.780099e-08 7.993623e-07 6.5823865e-06 3.477315e-06 0.0019160286 1.5812748e-05 2.131322e-06 1.2870096e-07 1.5721376e-06 2.738295e-08 3.1829916e-06 5.505039e-07 2.7588876e-06 3.8358907e-05 0.00037208028 0.00041480042 3.6570607e-05 0.00046327806 0.0005300933 4.5816114e-06 4.003224e-06 3.4381713e-07 0.0014694793 0.0012989249 5.4369277e-08 1.209348e-06 4.39604e-06 4.1581593e-06 7.376891e-07 8.025471e-08 6.8825365e-08
0.9909283 0.8744142 0.74723786 0.9086171 0.46706402 0.46820018 3.952624e-12 0.48063162 0.7664452 0.26892683 0.47780702 0.09082288 0.44492263 0.76755714 0.0782382 0.0014007367 0.20163205 0.12834635 0.0774203 0.0012882416 0.18640941 0.18729194 0.14106812 0.025303155 0.5298643 0.024741132 0.02748649 0.028081214 0.027183767 0.3183424 0.00034151415 0.00050926115 0.072002694 1.8362132e-05 0.055239327 0.02619432 3.6600145e-06 0.010367135 0.120299146 5.9542523e-05 0.01377363 0.010446233 0.010673296 0.01971632 9.575398e-06 2.6711814e-06 0.015218991 0.1956147 3.391767e-05 4.0439666e-08 7.965724e-05 0.020820025 0.015618825 0.013452954 0.003942634 0.0047985143 3.3214774e-06 3.4955924e-06 0.0029020854 0.0027003319 2.3892492e-06 4.939709e-07 0.13376103 8.350858e-07 1.4672365e-06 0.0009374083 0.021441275 2.8788187e-07 0.00091120397 0.004630069 0.0029372703 7.045926e-08 0.0027034602 0.005447392 0.007841361 0.0003748884 0.00716222 0.0022444022 0.0010131974 0.0011334807 0.00028485063 0.0029909667 0.002286436 0.035816584 4.621058e-05 0.0008618327 1.2435121e-05 0.03002774 0.0013226303 0.0062347744 0.0031546978 0.00018258068 0.0027862154 0.0025392855 3.840521e-05 0.005016746 0.0007245212 4.044117e-10 1.0208155e-10 3.119613e-05 0.00024823798
0.42171928 0.7591862 0.00084522256 0.8968975 0.80833286 0.8356073 0.48063162 4.5613195e-16 0.07358746 0.019633617 0.017064158 0.3933598 0.015212069 0.039912127 0.00045118056 0.39470294 1.4168332e-05 0.0008768045 0.00010022511 0.75841004 2.2924554e-07 0.0009483456 0.11643561 0.00014153348 0.02260738 0.00013275899 0.9388372 2.2964675e-06 7.3588475e-05 0.0016786974 0.00080325245 0.002844719 0.0002828917 0.00029647024 0.0006379214 0.00020253754 0.00016070655 7.2679555e-05 0.00036688842 0.009162668 0.00012917828 4.5928826e-07 8.42596e-05 0.03140054 0.00028716333 0.00022663148 4.86507e-05 0.0022413572 2.1116187e-09 1.5065024e-10 4.1414623e-06 0.00011162158 0.000109975124 7.131283e-05 2.1131582e-05 7.076384e-06 4.61528e-05 2.2238562e-06 8.767292e-06 3.959426e-05 3.2573678e-06 2.355241e-05 0.0003195465 1.8925352e-06 2.1112473e-06 1.1109338e-09 2.6598261e-06 2.7312388e-05 0.00021778815 1.691998e-06 1.0019262e-06 1.1639985e-06 1.1639968e-05 1.7291559e-07 3.5610115e-05 2.5857273e-05 0.00010541354 3.1448224e-08 2.0947984e-07 1.9727668e-05 9.361682e-05 7.4993153e-07 4.3723853e-07 7.795274e-05 1.8056417e-05 7.4094123e-06 3.2833867e-07 2.5671457e-06 9.373078e-06 0.00024176158 9.563757e-05 1.5069768e-06 4.4214663e-05 2.6377047e-05 4.8109977e-10 9.0015865e-06 1.2642737e-06 4.392972e-06 1.3849053e-06 2.708093e-07 5.638759e-07
0.95926684 0.15058468 0.0030634378 0.6787896 0.021160321 0.010451335 0.7664452 0.07358746 2.3079553e-13 0.8781734 0.91640574 0.00042546532 0.74661237 0.091999024 0.7474405 1.7290078e-05 0.04664156 0.4135401 0.3456623 1.0192656e-05 0.29889098 0.6734025 0.23623271 0.3395102 0.09340271 0.2255167 0.012606307 0.0012314894 0.17684123 0.031790018 1.1089777e-05 7.3237743e-06 0.03498629 3.8941275e-07 0.2792818 0.012941819 8.2596735e-08 0.0209057 0.026817687 4.1402043e-07 0.07899469 0.029410068 0.0032079685 0.05684219 2.6896205e-07 2.3460608e-07 0.08297344 0.020549726 2.923972e-07 8.152203e-10 2.6202991e-07 8.16905e-05 1.6188169e-05 0.0024173416 0.0022425866 0.039195888 9.53021e-08 8.5218606e-09 0.0008273704 0.00046481792 6.558721e-09 6.029919e-08 0.024286848 4.6856883e-09 3.866396e-09 6.2071003e-06 9.011821e-05 4.4878124e-08 0.0051495493 0.00020299778 0.0005736063 8.636106e-09 0.000888657 0.00033499938 4.726889e-06 0.0023266443 0.00062897475 2.1904134e-05 2.6475862e-05 0.00094391394 0.00070845586 0.00011330294 0.00046050208 0.00063926267 2.925361e-07 1.0784781e-06 9.0269936e-07 0.00049769506 6.497961e-06 0.0003520513 0.00014025353 3.974005e-05 0.00020569233 0.00013548101 1.1987347e-06 3.4624256e-05 0.00023061749 1.7156963e-09 3.7030528e-09 8.558883e-06 2.0722524e-05
0.8747977 0.03586859 4.217324e-05 0.3921922 0.002526875 0.00018309036 0.26892683 0.019633617 0.8781734 3.2012365e-13 0.55018 2.4076518e-05 0.4353253 0.028594846 0.91453576 1.264685e-06 0.0077723255 0.1618921 0.19144915 1.1522503e-06 0.009223328 0.8950916 0.3962279 0.53687847 0.04083283 0.40853608 0.017423626 6.166093e-05 0.28949395 0.011443646 3.7579382e-06 1.240329e-06 0.01804904 2.4544923e-07 0.52535224 0.0062842406 5.449563e-08 0.0073900633 0.008060376 3.4633337e-07 0.12927112 0.005661699 0.0014249331 0.16083166 4.4139588e-07 3.599536e-07 0.22768986 0.0029996836 4.635926e-08 4.7444926e-10 7.771954e-08 1.3042911e-05 3.2123462e-06 0.00060938986 0.0016494438 0.1582866 3.6174804e-08 1.6592386e-08 0.00054458174 0.00015874296 5.622312e-09 1.12633316e-07 0.005563147 6.7145645e-09 8.999212e-09 3.9071884e-07 4.934589e-06 1.450496e-07 0.014461778 2.8197657e-05 0.00014135799 9.010071e-08 0.0002868978 4.6430396e-05 1.2109015e-06 0.017214976 0.0003506385 3.9027664e-06 4.609889e-06 0.002024692 0.0009426451 4.845308e-05 0.00024737962 0.00023252201 4.1644014e-08 8.9373594e-07 6.4374035e-08 5.876028e-05 3.100413e-06 0.00017112232 3.7446e-05 1.2433246e-05 7.67041e-05 5.7330657e-05 9.562421e-08 1.6486778e-05 0.00013860987 2.355937e-09 2.2194926e-09 6.685454e-05 4.582625e-06
0.9805864 0.041037206 0.0019959956 0.23139189 0.0045707054 0.0010524786 0.47780702 0.017064158 0.91640574 0.55018 1.0012307e-12 0.00042792576 0.90662277 0.07331653 0.6087549 1.2646662e-05 0.17170705 0.6885412 0.62532896 1.0992023e-05 0.7448895 0.37509346 0.046415754 0.263424 0.10551561 0.19474512 0.0014664567 0.0018853253 0.29951516 0.0448322 1.8501649e-05 4.418965e-06 0.10116506 3.121744e-07 0.20165434 0.05653902 6.4143244e-08 0.10219963 0.04570801 9.118119e-07 0.1465087 0.10031456 0.014831267 0.025947481 2.2768941e-07 1.9164999e-07 0.0718684 0.020626482 8.8331353e-07 1.6470698e-09 5.7047436e-07 0.00015412639 2.511367e-05 0.008585616 0.008274789 0.044322863 7.8814956e-08 6.396544e-09 0.003214418 0.0021572022 1.1880094e-08 7.609937e-08 0.04257936 5.46286e-09 4.9848654e-09 3.0685664e-05 0.0003169207 3.5380385e-08 0.013420131 0.0004928856 0.0017882222 1.1177933e-08 0.002005775 0.0011641895 1.6573229e-05 0.003944789 0.0016455424 0.00010973836 8.839177e-05 0.0060312715 0.0020190382 0.00054463214 0.0024609887 0.0020450663 5.236824e-07 2.720544e-07 1.5714211e-06 0.0008814365 2.1700175e-06 0.000913693 0.00034858764 0.0002087027 0.00019644751 0.00013609495 1.1434408e-05 0.00020635367 0.0011707027 8.943271e-10 2.8132303e-09 4.9629558e-05 0.00013844817
0.9793954 0.35267955 0.7357394 0.024702702 0.4552864 0.83409655 0.09082288 0.3933598 0.00042546532 2.4076518e-05 0.00042792576 1.5973867e-14 0.00041668332 0.7022734 2.6577927e-06 0.08017773 0.004796739 2.1817512e-05 1.747616e-05 0.0383558 3.0147485e-06 4.9427484e-07 0.00063242484 4.628814e-06 0.15980688 9.730818e-06 2.3644345e-05 0.011645337 6.7437672e-06 0.1554391 0.904024 0.6742491 5.2958057e-05 0.6128506 3.1406867e-06 2.7571434e-06 0.21874584 8.603298e-07 0.0012882035 0.02481432 1.547375e-05 3.197176e-07 9.1636235e-07 6.302038e-05 0.002085301 0.0010435687 7.4607055e-06 0.22239889 0.0017754867 0.0047983355 0.17079967 0.3228924 0.51851493 2.3040764e-05 2.9101723e-06 4.7347414e-05 0.066307604 0.066861674 1.4328366e-06 6.419829e-07 0.051842257 0.00039199513 0.036158953 0.054063983 0.04233776 0.0017633374 0.15280807 0.0011735554 4.394179e-06 0.00015017604 7.219722e-07 0.0010673244 4.275211e-05 2.9489885e-05 0.3379488 6.5382096e-06 0.00080283696 5.807899e-06 2.7916121e-05 4.349569e-07 2.0206997e-05 2.8733768e-05 6.5573585e-07 0.0037151226 0.13418612 0.24327855 0.006741415 0.079631805 0.32865685 0.001096806 0.00093740784 2.1487149e-07 0.17563128 0.16231126 2.1253238e-06 0.000989469 1.3452625e-07 0.0037701558 5.654743e-05 1.199696e-05 7.28808e-08
0.98810095 0.030045643 0.0006963341 0.11201861 0.0060566417 0.0011234303 0.44492263 0.015212069 0.74661237 0.4353253 0.90662277 0.00041668332 6.9658294e-12 0.06791017 0.5662767 9.311957e-06 0.31236914 0.79932684 0.72735655 2.2030103e-05 0.86630917 0.31886286 0.02915838 0.2826266 0.106912866 0.22861493 0.0010336026 0.0048641306 0.39915982 0.046197012 1.1510953e-05 5.416139e-06 0.16602041 4.9381737e-07 0.19845948 0.104295895 1.0241598e-07 0.21540107 0.065892644 1.5774076e-06 0.2032927 0.2300958 0.023658961 0.025247496 1.8167376e-07 1.977719e-07 0.07758157 0.027583925 1.8801926e-06 2.7003686e-09 6.2801206e-07 0.00024655412 5.0197963e-05 0.015244782 0.022775905 0.06970235 4.7865548e-08 8.4573974e-09 0.009328894 0.0057329624 1.6853614e-08 5.8426703e-08 0.055160053 7.320342e-09 4.0769805e-09 6.605203e-05 0.00041566984 3.6872464e-08 0.02160121 0.00090311235 0.0046367897 7.960006e-09 0.0045703785 0.0029730843 2.2635577e-05 0.006760156 0.0051792404 0.0004859295 0.00018997867 0.012598123 0.0031431061 0.0028269594 0.008205991 0.0087786 1.6272238e-06 1.0400277e-06 9.941651e-07 0.001837911 2.4245726e-06 0.0030780113 0.0010987617 0.0005772359 0.00022875407 0.0001745793 2.7602442e-05 0.001177172 0.0029430715 2.510575e-10 4.9397253e-10 0.00020657676 0.0003559124
0.9822051 0.35822827 0.9319419 0.219782 0.15146285 0.27653885 0.76755714 0.039912127 0.091999024 0.028594846 0.07331653 0.7022734 0.06791017 2.6310462e-13 0.0066615595 0.0031093555 0.55469865 0.027895698 0.014617256 0.0013709428 0.1598459 0.003659018 0.0076783514 0.0027458803 0.92819875 0.0034914927 4.0845385e-05 0.45829394 0.0030265986 0.7593946 0.090021394 0.014114442 0.03825012 0.01928642 0.00074999995 0.0047237123 0.0007073304 0.0026363202 0.19594465 0.0002960789 0.0015966669 0.0013331494 0.002159478 0.00081297976 5.0173505e-05 3.93169e-05 0.00058048544 0.54567 0.018374506 6.2869774e-05 0.010134167 0.16051558 0.0765371 0.004629451 0.0006385985 0.0001102327 0.00016611103 0.00038619465 0.0010139624 0.0018277268 0.0010869643 1.6303951e-05 0.25651258 0.00020696285 0.00013335882 0.068730175 0.17972219 1.2286215e-05 2.3132136e-05 0.025437154 0.0020924758 7.634937e-06 0.007428092 0.018556766 0.18783829 2.959682e-06 0.014922345 0.0028659236 0.0080528 0.0001328242 4.4245546e-05 0.0012225526 0.0006822949 0.1257314 0.002605221 0.014761666 0.0013472064 0.19321118 0.06463334 0.017741447 0.009571116 0.0004741574 0.04026869 0.038073476 0.0010873618 0.028305223 5.355299e-05 1.4853156e-05 2.3492235e-06 9.681189e-07 0.0003987904
0.82386833 0.014181392 4.0095912e-07 0.13249893 0.0004916631 1.747876e-05 0.0782382 0.00045118056 0.7474405 0.91453576 0.6087549 2.6577927e-06 0.5662767 0.0066615595 5.158267e-14 3.2715283e-07 0.0028709883 0.42403454 0.72076684 4.6598115e-07 0.004782941 0.9268129 0.18336223 0.84787136 0.019846292 0.73517424 0.0024277114 1.9602727e-05 0.7408269 0.0062449444 2.3070193e-06 4.583969e-07 0.022101756 2.6033916e-07 0.4646109 0.015368446 2.6089799e-08 0.06610025 0.009583576 3.2760926e-07 0.22353567 0.021996034 0.0059666866 0.09921815 1.3921945e-07 1.2592096e-07 0.26630113 0.001945502 5.9434773e-09 1.0428731e-10 4.4770058e-08 3.5438775e-06 1.461455e-06 0.002978901 0.004552196 0.26189443 2.0129665e-08 5.3860503e-09 0.002074492 0.0009237196 6.9248935e-09 1.6089592e-08 0.004180135 2.154906e-09 2.3678708e-09 2.2448009e-07 1.198521e-06 2.5829506e-08 0.05490564 7.140974e-05 0.00022323368 3.1854448e-08 0.00017191138 0.000110837784 1.4352094e-06 0.00788329 0.0007211059 2.1350477e-05 5.172086e-06 0.008256505 0.0023699112 0.00028973594 0.00020115293 0.00035599672 1.0849374e-07 1.0444727e-06 2.4673541e-08 2.6509515e-05 1.0770257e-06 0.00036238585 7.3788615e-05 0.00010659399 1.8413793e-05 1.4411173e-05 1.732154e-08 4.0473682e-05 0.00034365035 2.0079614e-09 1.6505826e-09 0.00045649987 1.4432464e-05
0.024520412 0.024269098 1.788159e-05 0.0015028212 0.17096488 0.34139767 0.0014007367 0.39470294 1.7290078e-05 1.264685e-06 1.2646662e-05 0.08017773 9.311957e-06 0.0031093555 3.2715283e-07 6.2643156e-15 1.3199647e-06 1.8091898e-06 1.8705427e-07 0.9963418 3.2441838e-09 1.340825e-08 0.0002068851 1.560782e-07 0.00097439997 2.461764e-07 0.02056373 1.3754562e-06 6.1384407e-07 0.0005369235 0.0021156669 0.029177975 8.446069e-06 0.001685647 1.6796075e-06 6.3173857e-06 0.0012368829 2.6389687e-06 4.142942e-05 0.03151458 3.1428526e-06 5.071468e-08 8.4879156e-07 0.00039628442 0.0046488573 0.0016196299 1.2487237e-06 0.00060494116 8.922507e-09 1.8743407e-09 0.00010549752 0.0007117246 0.00069579406 1.5337607e-06 2.813935e-06 1.517449e-07 0.0011980251 0.00024820838 8.265159e-06 5.092602e-07 1.2809169e-05 0.0004175485 0.00012248702 5.3086045e-05 0.00018390601 9.0528786e-08 1.7346817e-06 0.000278173 7.9784206e-07 6.556734e-07 4.3029488e-08 7.1701093e-06 3.1393702e-07 2.6264362e-07 4.9213013e-05 6.687267e-08 1.4103542e-05 1.6527582e-07 4.852305e-07 5.5006365e-07 7.035176e-06 2.2134029e-05 8.184708e-09 5.0764525e-06 0.00069354754 0.00046357152 9.150529e-06 1.7735718e-05 0.00013170965 2.5483998e-06 6.813923e-06 1.4438527e-06 0.00044862917 0.00033442705 1.3430408e-09 2.9213143e-06 1.1052532e-08 1.1910786e-05 5.5970446e-07 5.953982e-10 1.4483606e-05
0.81850046 0.022348285 0.033162374 0.01421603 0.003961052 0.0024253312 0.20163205 1.4168332e-05 0.04664156 0.0077723255 0.17170705 0.004796739 0.31236914 0.55469865 0.0028709883 1.3199647e-06 1.3562574e-16 0.17208715 0.041922987 2.1625708e-07 0.6969895 0.0008645129 0.00040946165 0.00032297295 0.57280564 0.0001263488 7.5358787e-07 0.9833852 0.0003652072 0.19361791 0.0018149066 0.00014572006 0.63245046 0.0003969074 2.0004612e-05 0.29034242 8.987403e-05 0.0071492954 0.31109288 0.00046550526 0.00010137859 0.016026257 0.073960334 1.4292303e-05 1.19229135e-05 2.0835068e-06 2.3304357e-05 0.09967152 0.0007075649 1.019334e-06 0.0025056913 0.027475208 0.017705334 0.13407652 0.0025998664 6.71992e-05 7.1027384e-06 0.00076339877 0.017123194 0.06650087 0.0018578909 2.8541294e-06 0.122698165 0.0012815314 0.00040107084 0.049852286 0.031109672 1.7395082e-07 2.4772347e-05 0.11294465 0.010387106 0.00025531388 0.012352798 0.050858717 0.048316803 1.8582539e-06 0.044946626 0.054915838 0.02582954 0.0001905626 3.5069297e-05 0.022873016 0.0025398014 0.13861099 0.0012993792 0.007879892 0.0005305836 0.04085472 0.01080496 0.045696143 0.045857586 0.0044545946 0.007288884 0.00676388 0.0028485812 0.03458743 0.0034679465 9.974039e-06 7.5438866e-06 2.9799407e-08 0.0040482855
0.9585941 0.0066253887 0.00011501292 0.035701577 0.00038129714 4.1230527e-05 0.12834635 0.0008768045 0.4135401 0.1618921 0.6885412 2.1817512e-05 0.79932684 0.027895698 0.42403454 1.8091898e-06 0.17208715 1.4294623e-14 0.9321185 1.4853687e-06 0.9139659 0.09518377 0.008206379 0.13477395 0.060747396 0.11110674 5.8440553e-05 0.0024344977 0.46396095 0.039058 2.2347651e-06 5.8353953e-07 0.21912201 1.489908e-07 0.08206754 0.27869204 7.739672e-09 0.4941991 0.07081234 7.4947184e-07 0.31117824 0.5249478 0.08327 0.008964506 4.9859427e-08 3.938792e-08 0.021305742 0.02479371 1.3209801e-07 1.552481e-10 7.750149e-08 5.6929934e-05 3.6439967e-06 0.05176674 0.062176384 0.026787257 2.0492147e-08 9.301216e-10 0.046026137 0.030578518 4.6361985e-09 1.0383607e-08 0.037258025 7.0471146e-10 6.098107e-10 1.3123186e-05 0.0010150034 4.608348e-09 0.042426102 0.0022213056 0.014816537 4.1377803e-09 0.007998829 0.0071765236 1.641137e-05 0.001483953 0.008369982 0.0019595814 0.00026401496 0.040859442 0.0055750892 0.005116385 0.014328301 0.014023375 2.5463942e-07 8.497716e-07 6.417995e-08 0.003291443 1.4977127e-06 0.007012944 0.0027112358 0.0029027855 9.711725e-05 6.27048e-05 1.5943219e-06 0.0034822698 0.009487386 1.5355446e-10 4.6921345e-10 0.00024875603 0.000567356
0.9565425 0.005206501 7.2364624e-06 0.01909516 0.0001307263 1.0374981e-05 0.0774203 0.00010022511 0.3456623 0.19144915 0.62532896 1.747616e-05 0.72735655 0.014617256 0.72076684 1.8705427e-07 0.041922987 0.9321185 7.4853524e-13 1.3363132e-07 0.67996824 0.1957918 0.0100368215 0.354872 0.035103668 0.2980335 7.271089e-05 0.00068122696 0.7735089 0.019731786 2.164919e-07 1.2450688e-07 0.09842838 3.7665888e-08 0.245783 0.12378079 5.5060316e-09 0.53417355 0.037278026 1.0825767e-07 0.45502573 0.4820947 0.031046728 0.018589633 3.2574295e-08 2.3272385e-08 0.09060608 0.010042303 1.954468e-08 2.7686778e-11 1.0182575e-08 2.920625e-05 3.952101e-06 0.019190127 0.028534202 0.13177752 6.6634165e-09 4.0436926e-10 0.017637435 0.0100728385 8.5009616e-10 8.8514e-09 0.023007944 4.1638093e-10 2.8532446e-10 1.5310892e-06 0.00010590971 6.915232e-09 0.08945908 0.00039791304 0.004319524 8.6777435e-10 0.0020264112 0.0019931472 1.3112071e-06 0.0057486505 0.006085788 0.00019047338 3.097273e-05 0.03926722 0.0071731196 0.0025020726 0.0039448678 0.0063826856 2.4175787e-08 3.0311247e-07 1.0017904e-08 0.0005622095 5.9086483e-07 0.0041866903 0.0009958239 0.0011656993 2.4661724e-05 2.479629e-05 6.613196e-07 0.0007848336 0.0022418264 2.7077516e-11 8.3652835e-11 0.0008100965 0.00042355203
0.013274323 0.009373896 3.2191314e-05 0.00077031937 0.091295816 0.17197388 0.0012882416 0.75841004 1.0192656e-05 1.1522503e-06 1.0992023e-05 0.0383558 2.2030103e-05 0.0013709428 4.6598115e-07 0.9963418 2.1625708e-07 1.4853687e-06 1.3363132e-07 2.1025506e-14 6.317815e-09 5.218918e-08 0.00020301984 1.2353196e-07 0.00015019938 2.4719884e-07 0.051519066 3.15663e-07 5.858419e-07 2.4845955e-05 0.00069592183 0.003561657 9.999575e-06 0.0003760552 2.8648685e-06 4.57961e-06 0.0003696436 8.2798914e-07 1.8808212e-05 0.0735039 1.1861088e-06 2.3023375e-08 1.7847083e-06 0.00029728506 0.012374635 0.0039886823 7.045338e-07 6.0992035e-05 4.6543884e-09 1.7852092e-09 4.4269455e-06 6.604038e-05 5.9241196e-05 1.603997e-06 1.050803e-06 2.4266092e-07 0.0004105273 7.782079e-06 9.548091e-07 1.4227645e-06 2.5407874e-06 0.00039270773 1.7385979e-05 1.9215879e-05 2.1802036e-05 6.7013475e-09 6.690748e-07 0.0002882903 1.49242e-06 1.17475835e-07 9.480877e-08 3.1281975e-06 1.3734533e-06 7.6243786e-08 1.0490833e-05 9.218081e-07 1.1611961e-05 2.32965e-08 7.318698e-08 2.995054e-07 6.8073177e-06 1.4369857e-06 1.7776841e-08 2.7016633e-06 8.141704e-05 6.609325e-05 5.843164e-07 3.0061212e-06 5.4454722e-05 6.9363855e-06 2.1403534e-06 1.3465076e-07 0.00021971157 0.00023828006 1.0240728e-09 7.891525e-07 2.8301148e-08 2.7688787e-07 2.8574357e-08 2.2026152e-09 5.8709975e-07
0.44768447 0.0077585145 3.89206e-05 0.0028464752 0.00015720568 1.9725318e-05 0.18640941 2.2924554e-07 0.29889098 0.009223328 0.7448895 3.0147485e-06 0.86630917 0.1598459 0.004782941 3.2441838e-09 0.6969895 0.9139659 0.67996824 6.317815e-09 4.2241646e-17 0.0004207122 5.4783995e-06 7.609318e-05 0.43582332 6.1270126e-05 5.994139e-07 0.102111846 0.00090659433 0.19063371 4.524547e-06 2.6070302e-06 0.6256081 8.485342e-07 8.824732e-07 0.51759905 2.7143707e-07 0.012056753 0.27147973 1.8905085e-07 0.00010233852 0.03158013 0.094525285 3.0863794e-06 2.1798792e-07 7.4437514e-09 2.8430484e-06 0.06062455 3.9783276e-07 5.0430002e-09 5.436091e-05 0.0029492008 0.0005483732 0.10442604 0.0015992263 1.2232015e-05 3.4071462e-07 2.2769986e-07 0.01643905 0.06353379 3.0974013e-06 1.10454925e-08 0.08861439 1.4704275e-06 3.800421e-07 0.0010311237 0.009257811 1.5105486e-09 5.122824e-06 0.026478037 0.008438876 3.157285e-06 0.010948612 0.035276864 0.0013080506 7.682269e-07 0.031214489 0.013421321 0.0041550654 5.566466e-06 2.7212058e-05 0.0076250015 9.7977005e-05 0.052945137 2.0985408e-06 0.00014046354 2.889809e-06 0.004789211 0.00030592846 0.022386234 0.018295562 0.0007403483 0.0003331445 0.00023851855 5.310779e-06 0.009082822 0.0010655994 1.1259437e-08 5.8454983e-09 8.622054e-06 0.0017498826
0.016493652 0.028447472 9.66612e-06 0.43505237 0.0017725894 0.0004822749 0.18729194 0.0009483456 0.6734025 0.8950916 0.37509346 4.9427484e-07 0.31886286 0.003659018 0.9268129 1.340825e-08 0.0008645129 0.09518377 0.1957918 5.218918e-08 0.0004207122 7.863437e-18 0.602608 0.9296312 0.009519388 0.89127797 0.028101668 2.1013475e-05 0.38808075 0.0012429212 8.8223e-07 1.0634055e-06 0.007854885 5.471745e-07 0.31938833 0.0034706793 2.017305e-07 0.0016004187 0.0014887078 1.3327591e-06 0.010229291 0.004914641 0.0008708498 0.08271874 1.2152478e-06 1.7467379e-07 0.112282254 0.00016527213 6.3609087e-09 5.983007e-11 9.8559774e-08 1.7104894e-07 2.4052096e-07 0.00067446975 8.1382736e-05 0.10550077 7.471567e-07 8.901513e-09 0.00023282356 0.00025462935 1.7049214e-07 2.576386e-07 0.00020833759 1.8718803e-08 1.4514458e-08 5.3126023e-08 3.4357788e-07 9.0123695e-09 0.00024211827 5.0484672e-05 1.1477312e-05 8.1083294e-07 6.1138446e-05 6.482274e-05 9.460484e-06 0.0015644233 2.9637877e-05 1.179557e-06 7.755602e-07 3.1891354e-06 7.60656e-05 3.3492302e-06 7.668168e-06 1.1589271e-05 3.920151e-07 1.0205636e-06 6.528866e-09 2.0085695e-06 1.1072199e-06 4.9356154e-06 4.3676655e-06 2.4663452e-06 2.7192536e-06 2.2028728e-06 6.5944583e-09 1.3598381e-07 0.0001620016 6.009181e-09 6.8078263e-09 4.8067905e-05 1.0934288e-05
0.1720764 0.12342048 1.806664e-06 0.75126153 0.01793669 0.020696716 0.14106812 0.11643561 0.23623271 0.3962279 0.046415754 0.00063242484 0.02915838 0.0076783514 0.18336223 0.0002068851 0.00040946165 0.008206379 0.0100368215 0.00020301984 5.4783995e-06 0.602608 3.321285e-15 0.1613505 0.013140596 0.085289456 0.97431856 2.480367e-05 0.013187612 0.0050210627 8.332927e-05 2.8166156e-05 0.0022200623 2.107748e-05 0.50551015 0.0021039576 2.0471724e-07 0.00032368526 0.0018573746 3.247639e-05 0.0022063577 0.00017151704 0.0006046259 0.9317839 1.246475e-06 8.224958e-07 0.23095138 0.004295847 1.0868775e-08 4.9441202e-09 4.633063e-06 8.1450584e-05 2.3760169e-05 0.00038306668 0.00023703664 0.039725997 3.4702819e-06 9.507297e-08 0.00010990614 0.00013940688 2.1664196e-06 1.5850787e-08 0.002099665 4.929859e-07 3.1122434e-07 3.492803e-06 5.9033933e-05 2.9495467e-08 0.00075017987 1.996162e-05 5.3999756e-06 4.9744494e-06 1.0256045e-05 1.4112772e-05 0.0007088031 0.08601218 0.00027969913 8.236478e-06 9.998815e-07 0.00021774412 0.00042461342 3.86361e-05 1.1394574e-06 0.00031120758 5.156466e-05 3.4343542e-05 2.5290034e-05 9.778713e-05 0.00010912336 0.00016428558 5.6726218e-05 5.825428e-06 0.00046622992 0.00043147992 1.7943385e-08 1.8428278e-06 8.596413e-06 1.1744597e-08 2.150399e-08 2.8713168e-05 1.2331933e-06
0.5120008 0.004055407 1.1830105e-07 0.07711051 0.00030911903 4.3067907e-05 0.025303155 0.00014153348 0.3395102 0.53687847 0.263424 4.628814e-06 0.2826266 0.0027458803 0.84787136 1.560782e-07 0.00032297295 0.13477395 0.354872 1.2353196e-07 7.609318e-05 0.9296312 0.1613505 6.570703e-13 0.0073337667 0.96497875 0.0044842195 7.444906e-06 0.6446823 0.0027899023 8.9663513e-07 4.6410912e-07 0.011940967 5.647586e-07 0.66818 0.01168366 2.1879446e-08 0.010633803 0.0032513873 7.332301e-06 0.18996923 0.0016672515 0.003486374 0.156814 7.2551364e-07 8.574858e-07 0.4479167 0.0006561632 5.061106e-09 3.4623773e-10 4.2948835e-07 2.542513e-06 2.167077e-06 0.0016694098 0.0025456625 0.53695977 1.16517626e-07 5.2082156e-09 0.00153397 0.000709078 1.1899626e-07 5.060964e-08 0.0009963668 3.6353605e-08 7.699299e-09 3.5269937e-07 8.096689e-06 5.2940003e-08 0.07341354 8.102649e-05 7.9661426e-05 1.4440751e-07 6.438419e-05 4.822144e-05 1.1859352e-05 0.032520883 0.0004413961 2.0882404e-05 5.709122e-06 0.0029968654 0.0019259258 0.00023431063 5.6974088e-05 0.0002762397 3.664499e-06 4.4829153e-06 4.2087774e-07 4.0419178e-05 1.5144512e-06 7.6357195e-05 1.810758e-05 5.1659852e-05 1.681684e-05 1.2667304e-05 7.774974e-09 1.38798305e-05 0.00018775158 6.829376e-09 1.4370419e-08 0.0008662502 1.2798264e-05
0.9803694 0.101627775 0.33830923 0.1075623 0.04583706 0.058461588 0.5298643 0.02260738 0.09340271 0.04083283 0.10551561 0.15980688 0.106912866 0.92819875 0.019846292 0.00097439997 0.57280564 0.060747396 0.035103668 0.00015019938 0.43582332 0.009519388 0.013140596 0.0073337667 4.3548125e-14 0.014957416 7.1725546e-05 0.70979965 0.01893709 0.9248556 0.0033624594 0.00093556766 0.250152 0.00046218495 0.011024227 0.031096272 4.4655975e-05 0.022560447 0.5766654 0.00021742043 0.013886253 0.023178648 0.009813267 0.0018608592 1.2331386e-05 1.15740395e-05 0.0018925248 0.51537085 0.01744465 1.6845863e-05 0.00040643176 0.019770771 0.0040748566 0.030580102 0.0072288406 0.0012001756 2.659645e-05 1.9004045e-06 0.006643114 0.0138774095 2.5456562e-05 1.214013e-06 0.3267386 1.6353321e-06 1.1498868e-06 0.06594358 0.04036338 1.9421511e-06 0.00033144656 0.07685422 0.015148754 1.0163967e-06 0.04611585 0.0769127 0.03851999 2.8161538e-05 0.012120389 0.019592997 0.017083501 0.0020942944 0.00022448582 0.0033958904 0.015226649 0.09957939 8.6707914e-05 0.0020190307 0.0006448491 0.13010782 0.009005843 0.015874434 0.009315399 0.0049115676 0.00859334 0.009505739 0.0034927086 0.02234556 0.003205693 2.99472e-07 3.151303e-07 8.80734e-06 0.0047486904
0.6060575 0.006132525 7.715827e-08 0.06808736 0.00020465956 3.5451973e-05 0.024741132 0.00013275899 0.2255167 0.40853608 0.19474512 9.730818e-06 0.22861493 0.0034914927 0.73517424 2.461764e-07 0.0001263488 0.11110674 0.2980335 2.4719884e-07 6.1270126e-05 0.89127797 0.085289456 0.96497875 0.014957416 2.306665e-10 0.0029224402 1.8369058e-06 0.7611414 0.0055598454 5.6451034e-07 8.196253e-07 0.015544651 5.72948e-07 0.8519297 0.01940069 5.8255115e-08 0.006905407 0.0066928165 1.2313594e-05 0.21506786 0.0026990627 0.006534449 0.19231234 6.0776154e-07 8.004051e-07 0.5226704 0.000917715 4.505289e-09 2.6200228e-10 1.1843064e-07 3.248982e-06 2.0697448e-06 0.00328863 0.0032060384 0.7124211 3.0038757e-07 1.0804617e-08 0.0020381075 0.0016579039 7.380378e-08 4.2713207e-08 0.002438414 2.2093863e-08 7.619926e-09 1.6683107e-07 2.4129386e-05 2.1921593e-08 0.095488615 3.5855166e-05 0.00012015984 4.9752934e-08 6.330893e-05 2.6418382e-05 1.0289286e-05 0.09340307 0.0012600825 7.949822e-06 3.1644772e-06 0.004843613 0.0047794036 0.0004918648 8.8760404e-05 0.0007178443 2.689895e-07 1.0897058e-06 8.114004e-08 3.0275713e-05 8.7596317e-07 0.00021732901 6.965457e-05 6.0294857e-05 6.4616675e-06 5.8483906e-06 1.507602e-08 1.7741606e-05 0.00025087688 5.1080323e-10 6.6863426e-10 0.0028522317 2.455059e-05
0.005671185 0.109909244 1.929403e-05 0.36096194 0.07478329 0.044981085 0.02748649 0.9388372 0.012606307 0.017423626 0.0014664567 2.3644345e-05 0.0010336026 4.0845385e-05 0.0024277114 0.02056373 7.5358787e-07 5.8440553e-05 7.271089e-05 0.051519066 5.994139e-07 0.028101668 0.97431856 0.0044842195 7.1725546e-05 0.0029224402 1.4936013e-18 2.2709747e-08 7.9209465e-05 2.185361e-06 9.092901e-07 1.0989173e-05 8.148959e-07 9.617124e-07 0.047023345 1.73774e-06 5.2774243e-07 2.2229956e-06 6.324754e-07 1.9807336e-05 1.7153168e-05 1.9391493e-06 5.9378067e-07 0.4757557 0.00016550698 9.888638e-06 0.028947357 3.797825e-06 2.2389096e-10 3.5013253e-11 3.5477694e-08 2.8812025e-07 2.3832447e-07 3.944478e-07 3.4954672e-07 0.0030631572 9.990866e-07 3.139698e-08 2.0315686e-07 9.2568774e-07 6.390024e-08 7.791728e-07 4.7413137e-06 4.8775174e-08 7.9883755e-08 3.1001625e-11 3.2896097e-08 1.1016465e-07 3.6852916e-06 3.1022538e-09 1.282896e-09 9.0800285e-08 5.0704234e-08 1.5024141e-09 8.7484113e-07 0.0035137094 5.045394e-06 4.4916248e-11 1.2981216e-10 3.18391e-07 1.2326707e-05 8.0061e-08 3.577491e-08 2.9673993e-07 4.0558066e-07 5.636007e-07 2.1582174e-09 2.4209564e-08 6.808787e-07 5.646896e-07 1.737522e-07 3.8687786e-09 6.9408643e-06 3.698862e-06 1.4922719e-10 1.7780257e-09 1.2139985e-07 1.16147184e-07 3.358666e-08 9.4126605e-08 2.2397095e-09
0.9717032 0.0034697924 0.03487302 0.00093742355 0.000271357 7.343746e-05 0.028081214 2.2964675e-06 0.0012314894 6.166093e-05 0.0018853253 0.011645337 0.0048641306 0.45829394 1.9602727e-05 1.3754562e-06 0.9833852 0.0024344977 0.00068122696 3.15663e-07 0.102111846 2.1013475e-05 2.480367e-05 7.444906e-06 0.70979965 1.8369058e-06 2.2709747e-08 5.553323e-17 1.8173008e-05 0.7486276 0.0030346331 1.5693942e-05 0.25944456 0.00018679908 3.5658861e-06 0.01952114 2.4382498e-05 0.0002744779 0.66038734 1.0067704e-05 1.1325395e-05 0.0021406605 0.0058672596 6.484651e-06 1.9735805e-06 6.5571834e-07 4.436078e-06 0.33986905 0.006407868 1.3989291e-05 0.0061423555 0.04376783 0.013421347 0.049310036 7.214292e-05 1.0015866e-05 1.4743874e-06 0.00017577612 0.0015691561 0.00576409 0.00092091935 1.5051627e-06 0.44333372 0.00026859873 5.737907e-05 0.40428805 0.20607659 5.19673e-07 3.9369825e-06 0.374604 0.0074526034 3.3550245e-05 0.012906236 0.104965806 0.06913704 3.826904e-06 0.053822685 0.044234503 0.07472821 3.8434635e-05 3.3422057e-05 0.010124349 0.0019695861 0.44295183 0.00039913662 0.00436126 0.0016481105 0.3031956 0.01785587 0.10053191 0.06609198 0.000558763 0.024551429 0.02589971 0.019334823 0.11505196 0.0012984092 3.390876e-06 7.0430237e-06 1.7784497e-07 0.002523454
0.7902872 0.0055773044 1.07589294e-07 0.021213952 0.00011720185 8.0094305e-06 0.027183767 7.3588475e-05 0.17684123 0.28949395 0.29951516 6.7437672e-06 0.39915982 0.0030265986 0.7408269 6.1384407e-07 0.0003652072 0.46396095 0.7735089 5.858419e-07 0.00090659433 0.38808075 0.013187612 0.6446823 0.01893709 0.7611414 7.9209465e-05 1.8173008e-05 1.4724093e-11 0.008204281 2.858571e-07 2.6204492e-07 0.054321066 3.2149342e-07 0.40823537 0.080956966 1.2695501e-08 0.3953848 0.022824503 1.1244925e-05 0.9738977 0.2690743 0.03860298 0.042108066 4.8736655e-07 6.4446294e-07 0.2541657 0.002124153 8.195283e-09 4.3533097e-10 1.5724173e-07 2.8646446e-06 7.1985664e-07 0.017875487 0.048755016 0.588594 4.4212534e-08 2.7486438e-09 0.030285912 0.00942069 4.114833e-08 2.790759e-08 0.0064351573 8.821466e-09 1.6675629e-09 2.5924777e-07 1.4044472e-05 2.4947203e-08 0.31819513 0.00013818541 0.00071444485 1.4813469e-08 0.00020445356 0.0001429118 5.0366875e-06 0.02578615 0.0058369627 7.392794e-05 1.7392895e-05 0.054059215 0.023581624 0.0020311864 0.0006706364 0.0021234532 6.135084e-08 8.0355994e-07 8.569377e-08 0.000100300465 1.168504e-06 0.0013071813 0.00029468111 0.0007959206 7.704533e-06 6.345595e-06 5.4470686e-08 0.00014274711 0.0012592009 4.1037615e-10 9.045482e-10 0.008627031 0.00020384224
0.9907438 0.04150939 0.14006461 0.042748384 0.015758432 0.023170047 0.3183424 0.0016786974 0.031790018 0.011443646 0.0448322 0.1554391 0.046197012 0.7593946 0.0062449444 0.0005369235 0.19361791 0.039058 0.019731786 2.4845955e-05 0.19063371 0.0012429212 0.0050210627 0.0027899023 0.9248556 0.0055598454 2.185361e-06 0.7486276 0.008204281 2.3225855e-13 0.009450448 0.0007747398 0.24303024 0.00067727326 0.0013753757 0.04468424 5.583765e-05 0.028989542 0.6474284 0.00012092662 0.009373037 0.010353934 0.016623432 0.0003917126 6.4588958e-06 6.423341e-06 0.0005722827 0.83099365 0.06222238 8.855875e-05 0.0013004005 0.05725731 0.016914079 0.043524165 0.012518496 0.0003429749 2.332802e-05 2.3367249e-05 0.012187919 0.03619973 0.00010566255 6.165175e-07 0.5670908 1.6172906e-05 5.8822598e-06 0.19227205 0.10054984 1.0428184e-06 8.722012e-05 0.15196191 0.016116017 2.320528e-06 0.059437793 0.0935337 0.061933983 9.129548e-06 0.024943726 0.029640982 0.03588739 0.001161632 0.0001234243 0.006349818 0.011022209 0.20799938 0.00018907781 0.0029019637 0.0015601875 0.25661564 0.016543362 0.024591878 0.01569357 0.013341047 0.017240897 0.019515699 0.008471719 0.0433119 0.0018141045 9.431517e-07 1.1034734e-06 8.258115e-06 0.0057525854
0.98132086 0.0046232757 0.051241893 6.3902226e-05 0.0033574703 0.023956003 0.00034151415 0.00080325245 1.1089777e-05 3.7579382e-06 1.8501649e-05 0.904024 1.1510953e-05 0.090021394 2.3070193e-06 0.0021156669 0.0018149066 2.2347651e-06 2.164919e-07 0.00069592183 4.524547e-06 8.8223e-07 8.332927e-05 8.9663513e-07 0.0033624594 5.6451034e-07 9.092901e-07 0.0030346331 2.858571e-07 0.009450448 4.6863178e-15 0.58482003 2.708112e-06 0.9383712 1.1251222e-05 5.312595e-07 0.68217427 5.159061e-06 5.1432056e-05 0.0081728725 3.3502985e-07 2.1635622e-06 1.5438756e-07 3.711482e-05 0.00020955669 0.00017637323 4.1808044e-06 0.043658398 0.0009437857 0.31113228 0.67454934 0.28467396 0.59955037 4.2345238e-07 1.3481252e-07 7.699759e-06 0.19214007 0.51586556 4.4770225e-08 1.7230553e-07 0.45112786 3.808814e-05 0.0014323619 0.52729636 0.47837058 0.0027444453 0.12071946 0.00034798877 2.7226412e-07 6.117577e-05 4.7056213e-07 0.041435827 6.2440864e-05 3.6469744e-05 0.27523556 3.8436614e-05 7.35061e-06 7.685307e-06 3.4174955e-05 3.1976562e-08 2.8018928e-06 2.7218493e-07 4.694944e-07 0.00043785758 0.34140563 0.35948488 0.017473055 0.06333147 0.40523875 4.0843162e-05 6.580789e-05 9.724852e-08 0.1887775 0.20526966 7.064483e-06 0.0001527605 7.938525e-08 0.00069810677 0.0006025324 2.6033506e-06 2.679651e-07
