6.029179e-17 0.97958475 0.17199323 0.96411747 0.9682463 0.9437825 0.88990265 0.3802068 0.32085374 0.9592093 0.95516425 0.7843015 0.9548312 0.9394184 0.97235566 0.74740905 0.8380821 0.8825447 0.96015775 0.97029066 0.97299063 0.8510153 0.5954802 0.87227035 0.9582762 0.878938 0.9831677 0.97025037 0.6950619 0.81311876 0.37662175 0.9946547 0.34052584 0.15154889 0.99824315 0.97713006 0.33382127 0.5507716 0.18526962 0.9393892 0.023280079 0.01614573 0.94656926 0.030582115 0.9379145 0.98081475 0.9339885 0.9672558 0.006536565 0.92633635 0.9892799 0.9692163 0.6282533 0.0099908775 0.010674201 0.19795814 0.9231321 0.9818081 0.9983753 0.021939065 0.99993706 0.9956245 0.5612224 0.000342646 0.99706936 0.0005256346 0.94517606 0.88091177 0.9546236 0.9978562 0.037475135 0.99539924 0.9704648 0.9999953 0.9800279 0.9999855 0.99998605 0.03306693 0.03298433 0.9612268 0.3411644 0.041901812 0.4394151 0.11593105 0.9995384 0.98613924 0.9376447 0.45921206 0.0070169317 0.09945363 6.563947e-05 0.9570882 0.9483935 0.9936071 0.79878086 0.8337649 0.002743998 0.9992684 8.373235e-05 0.061858546 0.99971306
0.97958475 1.5259417e-14 0.7861134 0.61524165 0.34538904 0.24651892 0.7308871 0.93522286 0.59686095 0.7135904 0.7055032 0.66668844 0.19682626 0.20265351 0.015273211 0.4217513 0.82635033 0.2296975 0.55797255 0.005958206 0.061219517 0.032465495 0.029533174 0.003993617 0.012504101 0.07514303 0.42443633 0.0001525689 0.0107977595 0.00020621733 0.0015325284 0.56885946 0.030280314 0.06456447 0.5417611 0.0029538735 0.00067237514 8.464572e-05 0.012135373 0.00044715105 0.011804755 0.0067979046 7.9985715e-05 0.002545307 0.00067185174 1.125119e-05 0.0009198178 0.00012742796 5.214232e-06 1.9305064e-06 0.090249516 5.221248e-06 3.7383983e-05 0.0005562786 0.12169913 9.844939e-06 6.259101e-06 1.8317384e-06 0.003835494 0.0022566433 0.069428384 6.9037604e-05 2.0487992e-07 0.01622402 0.024558073 0.0038994718 8.5516325e-07 2.3797777e-06 1.1315506e-05 0.00056492933 1.1810192e-06 0.00031250372 8.993153e-06 0.17806397 1.3512562e-06 0.06486046 0.010123982 0.00025659046 8.428672e-08 5.151794e-06 2.564729e-07 5.1068173e-07 3.91319e-08 2.1111317e-05 5.847546e-05 1.4705516e-07 2.686443e-08 4.106569e-08 1.7398858e-06 6.8151316e-08 3.8665403e-05 0.00025785307 7.06262e-09 7.2638563e-06 2.6638242e-08 2.6805928e-08 9.929112e-06 0.00036051564 9.402922e-05 5.3672966e-06 0.00079399423
0.17199323 0.7861134 9.6472685e-21 0.14523412 0.079615146 0.035059907 0.97116053 0.06635649 0.0036416627 0.066062406 0.49189588 0.008205932 0.01916888 0.8523997 0.008284114 0.0011144193 0.0020608495 0.0013316303 0.88651496 0.037214726 0.06230075 0.43796104 0.0074084173 0.02681299 0.21368243 9.870844e-05 0.72456354 0.0020646402 2.2700648e-05 0.00065055443 3.0325788e-07 0.58491147 5.770236e-06 7.099715e-07 0.58377385 0.008621697 3.3512717e-06 5.156554e-05 6.8233394e-06 7.790977e-07 2.7663489e-06 3.443356e-07 0.00031831587 6.0133516e-06 0.08475553 0.0005233802 0.0011979891 0.0041453196 8.21465e-07 8.22401e-05 0.030010657 9.422886e-05 0.00010436364 4.3786488e-07 6.9619887e-07 3.2659485e-05 2.6971598e-05 6.289513e-05 0.033254046 1.9979292e-07 0.13925463 0.023768984 3.7881307e-06 2.093629e-06 0.009460683 4.801059e-07 1.0442167e-06 0.0010299226 1.4564446e-06 0.0012679554 6.270782e-08 0.0016446287 3.4149638e-05 0.028189642 0.002425839 0.08052619 0.027900513 1.3534087e-06 5.262472e-07 3.0153536e-05 1.09772e-07 7.868124e-07 2.6100366e-05 1.1159955e-06 2.7677672e-05 3.3565334e-06 6.3117756e-07 4.0240966e-06 1.8989406e-08 2.4359093e-07 1.2423538e-09 0.0023220968 1.6854925e-07 1.4714894e-06 9.453989e-08 2.1423011e-08 4.801697e-08 0.0021543126 5.8019998e-09 7.424471e-08 0.0018697277
0.96411747 0.61524165 0.14523412 8.216935e-15 0.9455602 0.8588066 0.32663134 0.6060913 0.9312662 0.021867778 0.5621643 0.10777992 0.0063315113 0.017524127 0.59823537 0.024296982 0.5351196 0.011638082 0.2845385 9.84087e-05 0.69019103 0.0011775476 0.0008597841 5.761403e-05 0.00018974583 0.4767908 0.18548478 0.047013167 0.00034653457 4.9030004e-06 0.00024141715 0.24353808 0.0015754683 0.0059307422 0.3134381 0.03775917 5.363454e-06 1.9530744e-06 0.06276957 0.0554301 0.03289994 0.0001391403 0.0031019822 0.000107530876 0.00011694249 0.000534483 1.6728896e-05 7.972302e-06 2.3345956e-07 7.292878e-08 0.46969867 0.0002435985 2.0951882e-07 1.4010053e-05 0.01902736 1.9513766e-06 0.00022276198 5.521992e-05 0.0002512446 0.014665358 0.01640261 4.020671e-06 2.0507002e-08 0.003448559 0.115036935 0.0002666829 7.665284e-05 2.343239e-07 0.0003363707 0.008047346 6.596258e-07 0.0019613053 8.896795e-05 0.31450874 1.2332984e-07 0.08774545 0.0011906904 0.008744605 5.522147e-08 9.665037e-05 5.5859723e-06 7.065466e-08 1.3020303e-07 0.00023217901 0.0003961333 8.463526e-06 1.3690084e-06 5.1960633e-08 0.00013812019 3.979206e-08 1.1356792e-05 6.765918e-05 7.958101e-07 0.00015453363 3.273618e-06 2.0134198e-06 9.2721195e-05 5.849861e-05 5.2059768e-05 4.880326e-05 0.00027640018
0.9682463 0.34538904 0.079615146 0.9455602 1.4634644e-14 0.85044247 0.19744675 0.52133137 0.9010095 0.012431641 0.41409516 0.06475515 0.004448633 0.0036359886 0.8501793 0.018763904 0.51431525 0.01284743 0.15076387 2.0892683e-05 0.7459478 0.00033180392 0.0007430886 2.5407302e-05 8.064882e-05 0.5863947 0.104960635 0.14831442 0.00018126992 1.6384791e-06 0.00016288883 0.10089587 0.0020444305 0.006992102 0.15169601 0.15090795 1.1491035e-05 3.2914522e-06 0.10039291 0.12838818 0.044784904 0.00019205024 0.013296724 8.691539e-05 2.0322528e-05 0.0020149162 4.70177e-06 1.8555604e-06 3.659583e-07 1.2234785e-08 0.45145535 0.00051377574 9.880068e-08 2.4723988e-05 0.017971836 1.3769668e-06 0.00051874784 0.00013972752 6.4660846e-05 0.025236616 0.007474038 6.0221004e-07 1.6618072e-08 0.0028917775 0.15422937 0.00026417538 0.00017157105 1.1926403e-07 0.001304558 0.016309403 9.829221e-07 0.006272299 0.0003392194 0.23556134 1.4204189e-08 0.055374082 0.0001910284 0.020776642 7.000648e-08 0.0003326017 2.5575337e-05 6.777358e-08 9.1050545e-08 0.0010758052 0.0009673544 2.310885e-05 7.063648e-06 4.512782e-08 0.0013815055 6.548162e-08 1.958165e-05 2.0534491e-05 4.194707e-06 0.00039356385 4.120291e-06 3.096718e-05 0.000356682 1.8638491e-05 6.318781e-05 0.00013872531 6.714546e-05
0.9437825 0.24651892 0.035059907 0.8588066 0.85044247 4.19367e-12 0.14289588 0.44736385 0.9567345 0.010977616 0.26956072 0.06373876 0.0036404228 0.0058120084 0.86916965 0.0190035 0.56786764 0.009408341 0.114565305 3.280977e-05 0.5418781 0.0004545246 0.00023702084 8.173363e-06 0.0001650568 0.6106175 0.063733004 0.1640839 0.00017634229 4.9858522e-06 4.8618003e-05 0.07733575 0.001933023 0.0051316754 0.10840582 0.12323904 9.708209e-06 3.6611139e-06 0.087996684 0.14566702 0.049758684 0.00024498004 0.015513655 0.00010576961 1.3014334e-05 0.0034106662 5.8539817e-06 2.3956352e-06 2.4220336e-07 1.10814575e-07 0.3131821 0.0011737747 1.3359843e-07 3.8071867e-05 0.015321083 1.9766132e-06 0.0017291586 0.00039515324 0.0001647701 0.017827837 0.009541839 1.3196372e-06 6.0340035e-08 0.003002945 0.09577113 0.00050511374 0.000405039 6.322267e-08 0.0014824409 0.0037139535 1.5076381e-06 0.010249589 0.00076055416 0.17128676 2.1367715e-08 0.0479606 0.00039713096 0.02106537 7.498375e-08 0.00015787124 4.5418725e-05 1.8538137e-07 4.0092758e-08 0.0013624559 0.0015866259 3.486641e-05 2.2346381e-05 1.656494e-08 0.00082305184 1.5104551e-07 5.179053e-05 7.974317e-06 1.1425459e-05 0.00013730998 5.0775366e-06 5.7624082e-05 0.00022710509 1.4955069e-05 0.00016274117 0.00024900262 0.0001443875
0.88990265 0.7308871 0.97116053 0.32663134 0.19744675 0.14289588 1.357055e-15 0.3549715 0.2635403 0.18691699 0.9394386 0.13737845 0.06663291 0.12734549 0.04784558 0.07155979 0.23098439 0.046948638 0.77745336 0.02341743 0.15045236 0.023836562 0.03733098 0.007623642 0.012470535 0.04818778 0.42156997 0.0062750266 0.012017624 0.0018665369 0.06971822 0.43062592 0.009440873 0.0116267605 0.47076938 0.017671207 0.0005394595 0.0005208248 0.0018946148 0.0016920943 0.002006372 0.0003129424 0.0012920145 0.00086274714 0.0028732782 0.0002140345 0.005404198 0.00089941337 9.789533e-06 0.00039938703 0.124980755 0.00020186629 0.0003094567 1.5346643e-05 0.0120194815 8.3894054e-05 0.00022433556 5.021774e-05 0.0046396824 6.3470696e-05 0.09089172 0.00047558965 2.6583519e-05 0.001608395 0.04440775 0.00017979651 4.673434e-05 5.386534e-05 0.00011214452 0.01919116 2.2367371e-06 0.003186413 8.786957e-05 0.18577474 3.096337e-05 0.16850342 0.01595186 0.0011884022 2.8061885e-07 0.00016957815 9.715272e-07 5.5917684e-07 1.1278461e-06 7.914914e-05 0.00019396674 3.5645571e-06 8.656944e-07 2.3758852e-07 2.8508405e-06 7.784074e-08 3.1236083e-05 0.00066068483 5.542404e-07 0.00013443847 3.0524487e-07 2.814022e-07 1.3667862e-05 0.0012128651 1.6072563e-05 5.5198143e-06 0.0024586578
0.3802068 0.93522286 0.06635649 0.6060913 0.52133137 0.44736385 0.3549715 4.6318905e-18 0.28433794 0.6795022 0.21434626 0.839198 0.25745928 0.15904903 0.058325864 0.46938154 0.9484447 0.34660742 0.15969534 0.021179868 0.0534273 0.030530395 0.0043268814 0.005634546 0.012186298 0.076456815 0.0951307 0.0065630465 0.00069834915 6.621311e-05 1.4601092e-08 0.22943923 0.00220418 0.005146687 0.24614736 0.0031621016 3.933119e-05 1.5666665e-05 0.004954333 4.5831996e-05 0.024501676 0.0003546447 0.0008520881 9.7537246e-05 0.0050873454 0.00058269297 3.4872133e-05 0.00036216786 1.532825e-06 9.668918e-07 0.026862752 0.00017145948 3.893064e-06 9.4727664e-05 0.0003331261 3.7134096e-06 8.574491e-05 9.840307e-05 0.004002356 0.00011218088 0.0059305923 0.0009044996 1.1444139e-07 0.00034824823 0.0048672794 7.8531244e-05 2.319433e-06 4.0409636e-06 4.5375323e-06 5.287994e-05 7.655373e-08 0.0006528783 1.0639854e-05 0.010542013 1.076399e-05 0.006810815 0.0024749918 1.7797562e-05 6.8897734e-08 5.5618016e-06 4.3353603e-07 1.3349312e-07 1.5133186e-07 1.7161635e-06 2.0173475e-05 7.4235304e-06 4.280135e-07 3.3835346e-07 5.2672124e-07 6.553835e-08 5.608525e-06 0.000344481 9.230111e-08 4.1330833e-07 1.407307e-07 7.366399e-08 4.0873437e-07 0.00025617654 7.5876605e-06 5.7606053e-07 0.0005297779
0.32085374 0.59686095 0.0036416627 0.9312662 0.9010095 0.9567345 0.2635403 0.28433794 4.322734e-19 0.048511583 0.2943056 0.077066496 0.005121289 0.027631253 0.6784128 0.011627899 0.63809484 0.0031199034 0.09837155 0.00033142098 0.40241733 0.006111842 0.00013240546 3.2574346e-05 0.0024810603 0.31174648 0.042886283 0.21103214 1.363591e-07 5.4142028e-08 5.0200875e-11 0.07910115 7.678189e-07 3.2715207e-06 0.13443679 0.027097326 5.0318576e-08 7.794994e-08 0.07056777 0.03498244 0.023039535 7.946974e-07 0.023878114 7.237217e-07 0.0010805222 0.019709395 6.4559975e-07 3.9923693e-06 1.10480904e-07 4.359363e-08 0.1868308 0.0033638112 9.456226e-08 1.581749e-06 3.8838266e-06 3.5427313e-08 0.0014892688 0.0017476638 0.0010811308 0.00040745284 0.0022840432 0.0001671033 1.0412919e-08 1.0502986e-05 0.028813817 7.752575e-06 9.527521e-06 1.1125784e-07 1.3750425e-05 6.66842e-05 1.1264764e-08 0.010794203 0.0006192777 0.024446437 9.2116306e-07 0.011120662 0.00069589354 4.2282132e-05 6.2690444e-09 8.980814e-05 4.2535776e-06 9.839649e-09 5.702001e-09 6.381395e-06 0.0010512171 7.329473e-05 6.5095655e-06 5.021759e-09 7.475149e-06 8.9539265e-09 7.888997e-07 2.1456353e-05 5.177773e-07 1.7295115e-06 2.3755804e-06 3.9394405e-07 5.2760555e-07 1.5525116e-05 1.2860178e-06 4.1104894e-07 0.00010231744
0.9592093 0.7135904 0.066062406 0.021867778 0.012431641 0.010977616 0.18691699 0.6795022 0.048511583 4.9069847e-16 0.049758013 0.7703911 0.97370815 0.2963925 0.00080064865 0.82439554 0.3178983 0.9375477 0.16078909 0.05037735 0.005329626 0.05199095 0.661909 0.03044744 0.017456124 0.0015815197 0.29001474 4.603578e-05 0.15293407 0.00567372 4.697369e-06 0.41290328 0.18337262 0.19313005 0.30078697 0.00069036917 0.022556148 0.0032099485 0.00019202202 2.3690929e-05 0.0007458252 0.020578396 1.102318e-05 0.011039509 0.008350397 3.2595492e-06 0.00050657237 0.001826163 0.0017647546 0.00014672954 0.009133947 1.3024471e-06 4.1821386e-05 0.00636974 0.10692167 0.00037973092 3.9719626e-07 1.5376294e-07 0.009624359 2.9011017e-05 0.040213034 0.0017709547 4.176353e-06 0.0049471683 0.0014456819 0.0035725343 9.879145e-08 0.000101037105 1.9341958e-06 1.2606167e-05 1.8410616e-05 3.4520595e-05 4.3728815e-07 0.0068961475 0.000103864804 0.022102587 0.008301038 9.440642e-05 1.2240457e-06 4.1590613e-07 1.3421633e-08 2.4436818e-06 8.456934e-06 3.7409393e-06 4.856645e-06 3.3961246e-08 1.6696126e-09 3.645114e-07 5.0975723e-07 7.1218835e-07 4.8989226e-05 0.0009176174 4.600635e-10 1.7082318e-07 1.2054089e-08 3.4356118e-09 6.707803e-06 0.0009475311 1.0962146e-05 5.046823e-06 0.0014352752
0.95516425 0.7055032 0.49189588 0.5621643 0.41409516 0.26956072 0.9394386 0.21434626 0.2943056 0.049758013 8.485114e-15 0.06904741 0.024814313 0.06687106 0.055019315 0.021799468 0.18700308 0.017779091 0.9475627 0.0060276547 0.4411522 0.009104226 0.023334952 0.0030719496 0.00952248 0.03630423 0.44834438 0.005835694 0.0015381546 0.00011267796 0.035960007 0.51662374 0.0018705269 0.003225316 0.63056713 0.022421012 6.360861e-05 7.6057266e-05 0.0027624522 0.0029586253 0.002589482 0.0003167977 0.0020281503 0.0005654946 0.0009333922 0.00045289792 0.001677821 0.00061977137 1.0051275e-06 2.3597622e-05 0.3494363 5.526275e-05 5.9282116e-05 2.5470426e-05 0.00664523 6.94306e-05 0.00018460098 4.1182113e-05 0.00097573345 0.0009404672 0.051337752 5.6337285e-05 1.8512422e-06 0.0010812783 0.05772137 7.05192e-05 4.513258e-05 1.0884631e-05 0.00022884965 0.05012359 9.4822025e-07 0.006340521 0.00016797792 0.28468108 3.3062604e-06 0.23458369 0.0046699154 0.0014039438 2.2323485e-07 0.0007198492 9.981643e-06 3.476872e-07 4.181707e-07 0.00014191626 0.00023897983 7.829878e-06 2.9442856e-06 1.1340309e-07 2.3402687e-05 4.9487365e-08 3.3811461e-06 0.0002841284 1.6465291e-06 0.0007804368 9.115711e-07 5.0174676e-06 3.1444582e-05 0.00025428017 8.247773e-06 1.1163844e-05 0.00030496862
0.7843015 0.66668844 0.008205932 0.10777992 0.06475515 0.06373876 0.13737845 0.839198 0.077066496 0.7703911 0.06904741 3.7667263e-15 0.27248904 0.09161886 0.004317421 0.97296304 0.9548951 0.6727836 0.12350509 0.0030638454 0.010660213 0.017025413 0.021651488 0.0019712858 0.0060950755 0.012178002 0.12004062 0.0006926271 0.012683587 0.0006435485 3.5340707e-07 0.23658969 0.07626944 0.33386135 0.1899931 0.0033400154 0.0018424651 0.00019088034 0.0021835081 0.00070476363 0.0075153937 0.020470127 0.0001753522 0.0033986527 0.0010029444 8.971963e-05 7.998291e-05 0.00038407813 0.00019592252 7.5123476e-06 0.010260366 3.8229005e-05 2.8244633e-06 0.0021842872 0.2128613 5.4373046e-05 1.0291082e-05 7.76308e-06 0.0020376071 0.00037078964 0.015399152 0.00019883864 1.891146e-06 0.02207485 0.002296207 0.00894318 8.900266e-07 1.5601598e-05 1.5767931e-05 1.1770831e-05 2.0069449e-05 0.00022430262 7.2519933e-06 0.009043888 9.769928e-06 0.007826714 0.0020336197 0.00031513677 8.6775e-07 1.3415132e-06 2.8244095e-08 2.2971074e-06 7.9948e-06 6.218189e-05 3.0518728e-05 4.5039147e-07 1.0291768e-07 1.1581177e-06 2.3313305e-06 1.6627095e-06 0.00017349167 0.00015693171 1.3930121e-08 1.2236775e-07 1.5028391e-08 3.903134e-08 2.1137912e-05 0.000211885 0.000106604464 8.032435e-05 0.00045071827
0.9548312 0.19682626 0.01916888 0.0063315113 0.004448633 0.0036404228 0.06663291 0.25745928 0.005121289 0.97370815 0.024814313 0.27248904 1.103543e-15 0.29185194 0.00042956744 0.44858065 0.06531996 0.91528416 0.0678506 0.17342193 0.0035229097 0.11399724 0.9023997 0.13865249 0.045658574 0.00030809158 0.12651283 1.6854314e-05 0.52248776 0.028204156 4.4303665e-06 0.14859208 0.4613592 0.23277953 0.10473189 0.0005286479 0.21097218 0.015949007 6.416096e-05 1.786809e-05 0.00011523789 0.037544414 6.114867e-06 0.061923455 0.028436162 1.2124568e-06 0.0012422759 0.0045854733 0.01952092 0.0008185056 0.0056911176 1.0856779e-06 9.1345246e-05 0.01861897 0.095247254 0.0013237244 2.7061876e-07 2.6454356e-07 0.025635853 1.8084058e-05 0.03925404 0.0119026005 4.0717317e-05 0.0038552678 0.0010531859 0.0031796545 1.883535e-07 0.0008545699 1.8344776e-06 2.2564118e-06 0.00010594052 1.6455378e-05 9.5235004e-07 0.003982219 0.000785517 0.008990198 0.011877632 5.0415292e-05 7.813774e-06 2.4348316e-07 2.6758217e-08 1.3269536e-05 2.4054716e-05 7.034666e-06 9.547003e-06 5.7631247e-08 2.1279085e-09 3.0064593e-06 4.848775e-07 4.5743636e-06 3.281606e-05 0.0018195597 6.386666e-10 8.521246e-08 6.8291155e-09 2.726146e-09 1.2309836e-05 0.001808725 5.766721e-06 3.7964458e-06 0.0027082858
0.9394184 0.20265351 0.8523997 0.017524127 0.0036359886 0.0058120084 0.12734549 0.15904903 0.027631253 0.2963925 0.06687106 0.09161886 0.29185194 7.315326e-14 0.0007584688 0.08602005 0.042562928 0.19701108 0.20587702 0.7595598 0.012060945 0.9609634 0.77453905 0.29328176 0.5941784 0.0018161713 0.27898464 0.00012655911 0.25938782 0.14235784 0.43396708 0.22988574 0.18771036 0.057860892 0.19117911 0.002350854 0.09900676 0.08202068 6.231386e-05 3.742197e-05 0.00012792999 0.012269339 1.9317322e-05 0.038442492 0.27493832 3.0459498e-05 0.26678136 0.06291534 0.017318884 0.027777564 0.057822853 2.8690314e-05 0.029157503 0.01376921 0.0669035 0.007530341 3.7701611e-06 6.2154945e-06 0.21072298 3.4270302e-06 0.35069582 0.07055817 0.0020208713 0.0006625168 0.019020103 0.0010862652 1.795037e-06 0.0022511322 1.364658e-05 0.002105019 0.00026771595 0.001720879 6.3995503e-06 0.09999857 0.003705867 0.1357918 0.17865574 1.3563672e-05 8.317587e-05 2.669437e-06 3.2612516e-07 8.5285115e-05 3.1356572e-05 1.3762285e-05 0.00014462853 1.1681691e-07 1.45492445e-08 9.311823e-06 1.7870252e-07 4.63851e-06 2.1380798e-05 0.0077693462 3.0264566e-09 9.723549e-07 2.1830788e-09 8.619567e-09 6.7011597e-06 0.012254891 1.537265e-06 2.6678158e-06 0.017605824
0.97235566 0.015273211 0.008284114 0.59823537 0.8501793 0.86916965 0.04784558 0.058325864 0.6784128 0.00080064865 0.055019315 0.004317421 0.00042956744 0.0007584688 5.942134e-11 0.001357642 0.07349947 0.0006972827 0.023277119 2.4243136e-06 0.9130573 0.00013127075 1.5839658e-05 1.407944e-06 0.00011520152 0.5766889 0.017623866 0.88237256 6.123528e-06 3.2221965e-07 6.6422646e-05 0.022320187 0.00020224186 0.00025709262 0.03149901 0.7931385 3.3338702e-06 8.595286e-07 0.13175422 0.4964378 0.016526757 2.656375e-05 0.25804374 5.5191224e-05 1.3922318e-05 0.25781304 6.2020973e-07 3.1503307e-06 1.7785784e-07 5.4370833e-08 0.32744575 0.028031873 3.3120543e-08 3.920798e-05 0.00060395774 2.5167927e-05 0.026873335 0.0147095295 0.00026460958 0.024641847 0.002446828 1.6787845e-06 1.674413e-08 0.0003556798 0.24760446 3.469681e-05 0.0017182592 2.6635703e-08 0.009588809 0.03921531 9.431728e-06 0.06291423 0.014539185 0.11960307 3.5937955e-08 0.022258833 0.00018566649 0.04644783 8.474174e-07 0.0037434073 0.0015405519 8.114835e-07 4.7971017e-08 0.0042616334 0.01442866 0.001239434 0.0005275653 2.0568082e-07 0.010790805 3.2632335e-07 8.7660663e-07 3.0901243e-05 0.00025479918 0.0020415594 0.00010464898 0.00096467166 0.0031102204 2.4462199e-05 2.6338234e-05 0.002943946 0.00012296056
0.74740905 0.4217513 0.0011144193 0.024296982 0.018763904 0.0190035 0.07155979 0.46938154 0.011627899 0.82439554 0.021799468 0.97296304 0.44858065 0.08602005 0.001357642 1.5511955e-15 0.6635217 0.98085004 0.061519466 0.0058014365 0.003292413 0.019851224 0.047230624 0.003255163 0.0060215276 0.0028553426 0.075584464 8.269972e-05 0.058640294 0.00030374606 9.063953e-08 0.16045214 0.30415168 0.57345724 0.12074149 0.00052908645 0.011266829 0.00010916635 0.0004308046 6.233407e-05 0.0015987774 0.0576305 1.9552765e-05 0.009564474 0.0008052454 8.217977e-06 2.3882705e-05 0.00020226769 0.0010653525 1.1375323e-06 0.0034190977 2.4912351e-06 6.949763e-07 0.0091713965 0.2903953 1.9292302e-05 1.161169e-06 9.743683e-07 0.0012555723 7.507144e-05 0.009168476 0.00011182956 8.680102e-08 0.021713853 0.00064374803 0.010584535 1.1955044e-07 5.9605104e-06 1.3153691e-06 6.740106e-07 1.1587137e-05 4.073922e-05 5.622682e-07 0.003929856 6.8047925e-06 0.004596068 0.0017117406 8.420225e-05 2.8177467e-07 3.0629465e-07 3.0212675e-08 6.210526e-07 1.3389723e-06 6.6544476e-06 7.727794e-06 5.7588505e-08 6.3520944e-09 9.7812915e-08 7.496284e-07 1.4567566e-07 7.833116e-05 0.0002023325 1.2700289e-09 3.583098e-08 8.85633e-09 3.845868e-09 7.1036197e-06 0.0001472749 5.686515e-05 8.609656e-06 0.00056789763
0.8380821 0.82635033 0.0020608495 0.5351196 0.51431525 0.56786764 0.23098439 0.9484447 0.63809484 0.3178983 0.18700308 0.9548951 0.06531996 0.042562928 0.07349947 0.6635217 1.3212206e-13 0.27853814 0.14619519 0.0018062006 0.037221238 0.012913647 0.00080143247 0.0009996463 0.0049805706 0.83427596 0.07964119 0.008662362 0.0006055917 7.397117e-05 9.804023e-08 0.17110015 0.017242325 0.3493858 0.15977186 0.011407465 8.125337e-05 1.7639586e-05 0.22281234 0.025208607 0.7472777 0.015161436 0.002313529 0.0006824387 0.00011894232 0.0013190882 6.785695e-06 2.0431742e-05 3.6591508e-05 2.6937124e-07 0.02636593 0.0007542203 1.8225093e-07 0.0010187267 0.47868502 9.0051935e-06 0.0005077501 0.0002596547 0.0006221998 0.03979423 0.0060258415 3.1162916e-05 3.3457806e-07 0.24254522 0.0054543945 0.030877154 8.735697e-05 5.945785e-07 9.398511e-05 1.5359352e-05 2.5673233e-05 0.0017181182 0.00033539673 0.017237836 2.597488e-06 0.0071454775 0.0014845361 0.0027339703 7.657969e-07 4.4627645e-06 2.1007431e-06 1.279871e-06 2.4642094e-07 0.000116394964 0.00050800486 2.2253445e-05 4.5607294e-06 1.6100086e-07 9.0604535e-06 5.961946e-07 0.000739644 0.00022152287 1.3372265e-06 1.8786761e-06 8.904812e-08 1.1025162e-06 9.553392e-05 8.9703375e-05 0.0030840803 0.00011515714 0.00046314442
0.8825447 0.2296975 0.0013316303 0.011638082 0.01284743 0.009408341 0.046948638 0.34660742 0.0031199034 0.9375477 0.017779091 0.6727836 0.91528416 0.19701108 0.0006972827 0.98085004 0.27853814 4.3917515e-16 0.041660476 0.06857428 0.0026823105 0.07425576 0.5332792 0.035909295 0.025128387 0.00048410014 0.059987992 1.6216507e-05 0.55546856 0.0049944096 1.2886751e-07 0.11313384 0.711331 0.62584347 0.068575345 0.00025975128 0.23673779 0.002596104 0.00015647068 3.069389e-05 0.00029817465 0.09052615 5.8667915e-06 0.0718458 0.0057547917 2.142947e-06 6.259917e-05 0.001497762 0.023480304 3.0129908e-05 0.0027015787 1.421529e-06 2.0587522e-06 0.03415346 0.22836989 0.00018032831 3.7890504e-07 4.712798e-07 0.008312184 1.4710496e-05 0.015992822 0.0017661849 8.991063e-07 0.01205669 0.0005044913 0.00811906 1.6690348e-07 6.0764854e-05 1.060856e-06 2.9599065e-07 3.334295e-05 7.403423e-06 4.1355716e-07 0.0023393363 0.00010164433 0.0045091826 0.0031523132 3.6371763e-05 9.161893e-07 1.930163e-07 2.4678016e-08 1.0536701e-06 2.7573617e-06 3.5435357e-06 4.7379467e-06 4.2821863e-08 1.7642932e-09 2.9035093e-07 3.4049765e-07 4.3206705e-07 4.9626244e-05 0.0006444375 2.9200273e-10 4.9693277e-08 3.7004757e-09 1.896214e-09 6.7607803e-06 0.00031644412 1.0735233e-05 2.4276937e-06 0.0014808979
0.96015775 0.55797255 0.88651496 0.2845385 0.15076387 0.114565305 0.77745336 0.15969534 0.09837155 0.16078909 0.9475627 0.12350509 0.0678506 0.20587702 0.023277119 0.061519466 0.14619519 0.041660476 1.2687697e-13 0.04826728 0.07993188 0.05485023 0.033474695 0.023127824 0.066234365 0.022909336 0.85372317 0.005548002 0.010081857 0.0056577986 0.20218562 0.783087 0.006030978 0.0066694263 0.73063815 0.019761978 0.0007020797 0.0018644386 0.0013108847 0.001384584 0.00056514656 0.00051783613 0.0023393284 0.00070491084 0.0056624576 0.00034148712 0.0067788325 0.0064931824 2.9593548e-06 0.0014611534 0.17498532 0.00011228331 0.0005823241 1.9665942e-05 0.005903191 0.00016809875 0.00023515345 6.7150584e-05 0.0050484673 3.4047756e-05 0.15517293 0.0004307372 2.5810166e-05 0.00017402142 0.05510737 3.4710512e-05 4.7059264e-05 0.00018465715 0.00016662669 0.051800832 1.3119602e-06 0.004003992 0.00015722007 0.27039006 3.4684872e-05 0.33161485 0.022602035 0.0010073218 1.1695676e-06 0.00062015123 4.387383e-06 4.6735505e-07 6.0445204e-06 2.587708e-05 4.2930245e-05 3.2263706e-06 1.5340928e-06 4.964811e-07 2.1860405e-06 7.024041e-08 2.7344324e-06 0.00068762986 5.267137e-07 0.00037536776 1.2180394e-06 3.8765455e-07 9.19517e-06 0.00092679425 1.9566698e-05 8.736148e-07 0.0009896286
0.97029066 0.005958206 0.037214726 9.84087e-05 2.0892683e-05 3.280977e-05 0.02341743 0.021179868 0.00033142098 0.05037735 0.0060276547 0.0030638454 0.17342193 0.7595598 2.4243136e-06 0.0058014365 0.0018062006 0.06857428 0.04826728 1.0142454e-15 0.00022994043 0.6223222 0.9068385 0.98186207 0.38232678 4.4958855e-05 0.07162652 2.5120158e-07 0.43003693 0.47823766 0.00034578223 0.046486046 0.192909 0.02064064 0.02952842 2.193319e-05 0.28029847 0.30050388 1.5242556e-05 8.6282554e-08 0.000100184596 0.0057112514 1.1337e-07 0.04610575 0.4214277 3.420749e-07 0.14210163 0.13436684 0.079538554 0.23061052 0.002565528 6.036625e-07 0.029765984 0.0115193445 0.02677786 0.041012958 6.360658e-08 1.8465583e-07 0.27375463 6.7937694e-06 0.202796 0.21383797 0.025655428 0.00068651984 0.00039622982 0.0019275016 2.0075247e-07 0.01601729 8.983067e-07 8.6472355e-06 0.0017317256 1.0777569e-05 2.2529872e-07 0.0054074386 0.034249846 0.03189558 0.15125553 5.4331056e-05 0.00029190368 4.867971e-07 1.0598857e-07 0.00025397795 0.00026465728 1.5677979e-05 3.273265e-06 9.6074295e-08 3.9776577e-08 4.7091144e-05 4.996062e-06 6.258699e-05 1.2306526e-05 0.028865172 1.0487305e-08 6.646006e-08 1.095496e-08 6.197855e-08 1.6971882e-05 0.028045684 6.735624e-06 2.0477905e-06 0.030891493
0.97299063 0.061219517 0.06230075 0.69019103 0.7459478 0.5418781 0.15045236 0.0534273 0.40241733 0.005329626 0.4411522 0.010660213 0.0035229097 0.012060945 0.9130573 0.003292413 0.037221238 0.0026823105 0.07993188 0.00022994043 7.4017806e-11 0.002399708 0.00031124795 8.558021e-05 0.0019136163 0.19902551 0.041477177 0.28847048 3.0689233e-05 7.2428415e-06 0.00617185 0.04755788 0.00018198788 0.00040708503 0.07569788 0.94415355 8.503127e-06 4.792146e-06 0.048436306 0.07326618 0.0058147972 4.1902265e-05 0.042619977 6.953874e-05 0.00014311748 0.12246598 0.00013692892 0.00011053399 3.2719618e-07 3.7365817e-06 0.8794003 0.018546823 1.980132e-06 1.2623406e-05 0.0001883739 1.3374683e-05 0.015239898 0.01567287 0.00055592414 0.006237427 0.012850403 1.4703203e-05 3.776305e-07 0.0001224806 0.44232205 1.480722e-05 0.0033975006 9.827589e-07 0.012588934 0.406363 9.5301874e-07 0.06604521 0.015985342 0.33959985 3.837654e-07 0.13526085 0.0018433501 0.008690399 3.7809718e-07 0.011484261 0.0024378952 1.7622982e-06 1.5504578e-07 0.004899472 0.007356045 0.004289041 0.0020648793 2.481001e-07 0.006216242 1.3462578e-06 4.6017212e-07 5.6646528e-05 0.001070041 0.0071650418 0.0005054588 0.0022532048 0.00094732863 2.9804341e-05 1.7774595e-05 0.0009704906 9.434945e-05
0.8510153 0.032465495 0.43796104 0.0011775476 0.00033180392 0.0004545246 0.023836562 0.030530395 0.006111842 0.05199095 0.009104226 0.017025413 0.11399724 0.9609634 0.00013127075 0.019851224 0.012913647 0.07425576 0.05485023 0.6223222 0.002399708 9.017522e-14 0.6114722 0.24289735 0.98257005 0.0004144068 0.11295897 1.1238514e-05 0.284995 0.13176584 0.3656741 0.05649057 0.15954995 0.017514663 0.031806305 0.0005961167 0.13788462 0.09057793 2.4735544e-05 2.2030566e-05 2.7783537e-05 0.005631414 3.317767e-06 0.043874156 0.39571878 3.4265597e-06 0.29798985 0.12215198 0.07471697 0.04661244 0.012080998 3.9942092e-06 0.07847714 0.013154332 0.015789 0.009048327 1.398987e-06 9.958047e-07 0.20200546 5.7077823e-06 0.21236868 0.0997055 0.004669294 5.3916832e-05 0.0064531914 0.00012428286 2.758744e-07 0.0016613583 7.724788e-06 0.003645874 0.0005198463 0.0002285382 1.9402999e-06 0.019112093 0.0021550802 0.050380416 0.115574904 2.5083127e-05 0.000117025615 3.4379045e-06 8.887013e-08 6.171364e-05 3.5531044e-05 5.0869203e-06 1.5829888e-05 2.82663e-08 7.591782e-09 1.3592353e-05 5.297999e-07 8.568659e-06 8.272295e-06 0.0051305084 1.5844369e-09 1.700971e-06 1.137312e-08 4.9046625e-09 1.0453512e-05 0.008448101 1.4373262e-07 1.3317725e-05 0.017709227
0.5954802 0.029533174 0.0074084173 0.0008597841 0.0007430886 0.00023702084 0.03733098 0.0043268814 0.00013240546 0.661909 0.023334952 0.021651488 0.9023997 0.77453905 1.5839658e-05 0.047230624 0.00080143247 0.5332792 0.033474695 0.9068385 0.00031124795 0.6114722 4.2522552e-21 0.9619322 0.3241295 3.5670157e-06 0.044998128 6.0532666e-06 0.52038544 0.8212887 2.2591257e-07 0.042622294 0.22841208 0.00051637396 0.028606733 1.7836652e-06 0.58604574 0.86071956 1.8073686e-06 9.3760356e-08 6.748284e-08 0.0001361196 1.9116874e-06 0.047369745 0.34344035 4.74888e-06 0.0055915928 0.081493914 0.03556301 0.11646881 0.0010658434 3.9140114e-06 0.0007179292 0.00022576583 4.4379995e-06 0.13841416 2.926173e-07 2.961153e-06 0.18745993 9.401142e-08 0.04224559 0.12742034 0.0011367506 6.88774e-07 0.0011694512 3.7959894e-06 2.7792053e-08 0.001137367 2.319393e-06 1.2209753e-07 2.5058441e-06 1.4755514e-05 5.416196e-08 0.003218137 0.00408458 0.006422187 0.030018078 4.3905658e-07 3.2513609e-07 5.258877e-08 3.7242245e-09 9.56145e-07 1.2041618e-05 8.2128327e-07 4.052723e-06 1.3816918e-06 4.9502564e-08 4.2555632e-07 1.5425377e-09 4.2425518e-07 2.93815e-07 0.0030536968 1.1240977e-09 6.8727464e-09 1.6464456e-08 8.624945e-09 2.8882633e-08 0.0019135094 2.0976742e-08 1.2971175e-07 0.005885823
0.87227035 0.003993617 0.02681299 5.761403e-05 2.5407302e-05 8.173363e-06 0.007623642 0.005634546 3.2574346e-05 0.03044744 0.0030719496 0.0019712858 0.13865249 0.29328176 1.407944e-06 0.003255163 0.0009996463 0.035909295 0.023127824 0.98186207 8.558021e-05 0.24289735 0.9619322 2.258205e-17 0.12982674 5.9724816e-06 0.021806298 2.8912686e-07 0.48460662 0.5984174 7.97033e-05 0.011478326 0.14198147 0.008845258 0.00690125 4.137067e-05 0.40302458 0.42049828 3.7617215e-06 1.0071842e-07 9.680964e-06 0.0020448596 2.419889e-07 0.05128218 0.33311573 1.363398e-06 0.15510696 0.13535823 0.16096392 0.29448017 0.00039165208 1.3943333e-06 0.03637928 0.006426191 0.0037474812 0.07195047 6.265425e-08 2.4564616e-07 0.12326526 2.566754e-06 0.047267936 0.15804379 0.02717545 6.679183e-05 0.000115917974 0.00028646993 6.138525e-08 0.010145283 4.3746917e-07 4.3171676e-06 0.0021788683 1.1154883e-05 6.341397e-08 0.00075187307 0.03280223 0.003449988 0.045819677 2.8865313e-06 7.0804854e-05 5.338141e-07 3.7026098e-08 0.00014540022 0.00043742018 2.2779085e-07 2.8639506e-06 4.830311e-08 6.279827e-09 5.8859605e-05 3.924632e-07 4.568058e-05 6.87087e-06 0.016091453 1.3949975e-09 9.9668696e-08 7.822843e-09 1.078281e-09 3.2203027e-06 0.015800282 9.567875e-08 6.884259e-07 0.017017331
0.9582762 0.012504101 0.21368243 0.00018974583 8.064882e-05 0.0001650568 0.012470535 0.012186298 0.0024810603 0.017456124 0.00952248 0.0060950755 0.045658574 0.5941784 0.00011520152 0.0060215276 0.0049805706 0.025128387 0.066234365 0.38232678 0.0019136163 0.98257005 0.3241295 0.12982674 7.8054e-14 0.00025216592 0.15350898 2.7564024e-06 0.14182164 0.108091824 0.44100153 0.071955405 0.063852735 0.00576076 0.057468403 0.00062036776 0.07736967 0.0660443 1.4278163e-05 9.500899e-06 1.2446155e-05 0.0022003052 2.255265e-06 0.015884148 0.74953485 7.8215817e-07 0.3833019 0.17982332 0.02904294 0.07910904 0.008615147 1.6234835e-06 0.13023236 0.005634435 0.0015983535 0.016637865 2.3492737e-07 3.0812285e-07 0.41007176 1.5833216e-06 0.33992776 0.27001306 0.017504787 3.671516e-06 0.0051545613 8.53575e-06 8.927363e-08 0.010537581 4.740776e-06 0.003990354 0.0017700952 0.00014703617 1.3156325e-06 0.023796272 0.011471623 0.07787961 0.27924433 3.211372e-06 0.00057439244 8.4919236e-07 2.6876152e-09 8.166402e-05 0.00010710174 3.0262936e-06 1.4156832e-06 3.323489e-08 9.2698677e-10 4.2113512e-05 1.887167e-07 1.8222834e-05 2.2540772e-07 0.019979253 5.738943e-10 1.0902494e-06 5.087412e-09 2.4088782e-09 3.0738368e-06 0.025467267 2.7694636e-08 1.9342622e-06 0.04518498
0.878938 0.07514303 9.870844e-05 0.4767908 0.5863947 0.6106175 0.04818778 0.076456815 0.31174648 0.0015815197 0.03630423 0.012178002 0.00030809158 0.0018161713 0.5766889 0.0028553426 0.83427596 0.00048410014 0.022909336 4.4958855e-05 0.19902551 0.0004144068 3.5670157e-06 5.9724816e-06 0.00025216592 8.1444514e-13 0.011523966 0.35845456 4.5573292e-06 6.300878e-07 1.7815292e-07 0.021832557 8.5292675e-05 0.00057736743 0.023712473 0.069148 1.2709431e-06 2.6814507e-07 0.97998303 0.91671485 0.78492033 1.9029918e-05 0.07051155 3.085751e-05 9.851204e-06 0.022589443 5.8747865e-08 6.8953443e-07 3.5314848e-08 9.036175e-09 0.1195622 0.010015787 7.9172455e-09 1.7863149e-05 0.0071647717 8.553288e-07 0.004427556 0.003633446 8.20747e-05 0.22078957 0.00097575446 1.2718136e-06 1.1099834e-08 0.011322091 0.032833256 0.000770384 0.0007839947 2.7979754e-08 0.0032208327 5.4668893e-05 2.2713584e-06 0.010242739 0.003730437 0.031098712 1.4003105e-07 0.016618036 0.00036283402 0.07711519 2.2355611e-07 1.4452118e-05 4.412065e-05 3.3051583e-07 1.9745803e-06 0.0011419955 0.004249712 0.0005506679 0.00034165097 3.278554e-08 0.0022811806 3.3302837e-07 0.00018994405 0.00011517581 7.4224365e-05 6.4151504e-06 1.3405029e-06 0.00016370331 0.0021437434 0.00036609045 0.0020523528 0.0009024262 0.00033880732
0.9831677 0.42443633 0.72456354 0.18548478 0.104960635 0.063733004 0.42156997 0.0951307 0.042886283 0.29001474 0.44834438 0.12004062 0.12651283 0.27898464 0.017623866 0.075584464 0.07964119 0.059987992 0.85372317 0.07162652 0.041477177 0.11295897 0.044998128 0.021806298 0.15350898 0.011523966 3.3133395e-14 0.0032234127 0.013160198 0.006039937 0.754192 0.9012265 0.0052117165 0.004076997 0.79145324 0.021404965 0.0008865107 0.0013917759 0.00024024444 0.0011272134 6.639725e-05 0.00022591098 0.000882738 0.0006848196 0.023051113 0.00019542802 0.017305544 0.010923878 7.683972e-06 0.0042361324 0.20111777 0.00012379834 0.002767639 2.3080747e-05 0.0010775338 0.00023162125 0.00014744929 5.511564e-05 0.017410155 8.582087e-06 0.4740713 0.002612441 0.00012774918 1.8598186e-05 0.08770095 1.2871363e-05 3.1309686e-05 0.0004922538 6.937229e-05 0.076949626 9.646808e-06 0.0036634926 0.0004146634 0.5088641 0.00035866298 0.7228294 0.07405017 0.0004665228 9.132022e-06 0.0004696516 1.1223946e-05 2.805026e-06 4.7619847e-05 2.1628759e-05 4.473914e-05 8.6789105e-06 1.2499188e-06 9.245546e-06 2.2259803e-06 7.188592e-07 1.9789453e-05 0.0012036802 5.1335275e-07 0.00046402778 2.4308677e-06 5.498087e-07 1.9997078e-05 0.0019371883 4.0058992e-05 6.268432e-06 0.0027480114
0.97025037 0.0001525689 0.0020646402 0.047013167 0.14831442 0.1640839 0.0062750266 0.0065630465 0.21103214 4.603578e-05 0.005835694 0.0006926271 1.6854314e-05 0.00012655911 0.88237256 8.269972e-05 0.008662362 1.6216507e-05 0.005548002 2.5120158e-07 0.28847048 1.1238514e-05 6.0532666e-06 2.8912686e-07 2.7564024e-06 0.35845456 0.0032234127 5.212393e-15 2.584465e-07 5.48574e-08 3.0232504e-06 0.004273063 4.4888424e-05 7.3437666e-05 0.009366207 0.71632695 2.2095183e-07 5.6826485e-07 0.095608175 0.9125001 0.004338625 2.3411471e-06 0.9562238 5.854621e-05 7.1437094e-06 0.61971515 1.4066367e-08 5.134673e-07 5.319581e-07 3.3872798e-09 0.1366245 0.23469868 1.799101e-09 4.1887288e-05 0.00016962927 2.729584e-06 0.20821534 0.12890083 2.4363415e-05 0.018565549 0.0010494872 1.35279e-07 1.0814927e-08 0.000236421 0.2030195 4.1031926e-05 0.041624356 1.08385505e-08 0.25941595 0.008444262 4.266855e-06 0.028283669 0.012095178 0.045620862 4.689533e-09 0.0111400755 0.00017866718 0.13381335 4.085824e-07 0.0045493334 0.016946323 1.0462157e-07 2.484023e-08 0.06276753 0.016023897 0.0005737086 0.0003086827 2.5061667e-08 0.09109956 1.4240167e-07 1.4630168e-06 9.009334e-06 0.00021880929 0.00096270634 0.0003035263 0.001116358 0.023280231 2.6241794e-06 3.9245242e-05 0.019613907 2.2963372e-05
0.6950619 0.0107977595 2.2700648e-05 0.00034653457 0.00018126992 0.00017634229 0.012017624 0.00069834915 1.363591e-07 0.15293407 0.0015381546 0.012683587 0.52248776 0.25938782 6.123528e-06 0.058640294 0.0006055917 0.55546856 0.010081857 0.43003693 3.0689233e-05 0.284995 0.52038544 0.48460662 0.14182164 4.5573292e-06 0.013160198 2.584465e-07 5.1266666e-17 0.24752024 1.5733043e-08 0.014584338 0.84132177 0.12840058 0.01106701 1.087116e-06 0.9939222 0.2640665 4.01084e-06 8.6983505e-08 7.5207126e-06 0.07496028 4.4800623e-07 0.49369845 0.08987623 1.2645498e-06 0.00033667925 0.042662848 0.6296493 0.039443348 9.3423645e-05 1.643122e-06 2.2006816e-05 0.18005055 0.024896482 0.020721113 1.5605124e-07 2.3620315e-07 0.0633596 1.6958493e-06 0.014683768 0.0484854 0.0016505319 0.0001272878 2.623042e-05 0.0008255486 1.2728869e-07 0.0009940031 7.104544e-07 5.0760452e-08 0.00044934556 2.191355e-06 2.5790848e-07 0.00033601848 0.004484113 0.0027452374 0.011141043 1.0819301e-06 1.7619412e-05 2.4932447e-07 2.2564203e-08 3.857406e-05 0.00031771325 2.6997327e-07 2.277929e-06 4.82279e-08 4.2996247e-09 2.5751257e-05 2.3107815e-07 2.3662524e-05 1.9170795e-05 0.00583341 1.1441564e-09 3.917639e-09 3.5621984e-08 4.332438e-09 1.7603379e-06 0.004575788 1.88871e-07 2.3447635e-07 0.011055097
0.81311876 0.00020621733 0.00065055443 4.9030004e-06 1.6384791e-06 4.9858522e-06 0.0018665369 6.621311e-05 5.4142028e-08 0.00567372 0.00011267796 0.0006435485 0.028204156 0.14235784 3.2221965e-07 0.00030374606 7.397117e-05 0.0049944096 0.0056577986 0.47823766 7.2428415e-06 0.13176584 0.8212887 0.5984174 0.108091824 6.300878e-07 0.006039937 5.48574e-08 0.24752024 6.0000824e-18 1.128172e-06 0.0032683508 0.07583126 0.001488336 0.0019573194 2.9567566e-06 0.34333006 0.988536 4.679819e-06 6.0037046e-09 3.1105271e-06 0.00045521103 1.4143113e-07 0.028476557 0.34969875 2.5267926e-07 0.08543096 0.23553781 0.22394218 0.60517555 5.1262872e-05 2.3897903e-07 0.02005067 0.002311401 0.0010216709 0.29354104 3.2210334e-08 8.430665e-08 0.17336786 1.4640307e-05 0.023023656 0.24533497 0.15479808 9.7322605e-05 3.8322163e-05 0.0001557822 5.6156807e-08 0.03057499 6.1651015e-08 1.1532825e-06 0.011991608 1.499648e-06 3.3184598e-08 0.00013419561 0.03727242 0.003041271 0.056572463 2.2573988e-05 0.0007250475 1.0032255e-06 1.1285339e-09 0.00041863965 0.0020584303 2.1864073e-06 1.3136855e-06 9.874831e-08 6.0415317e-09 0.0011303325 1.1034613e-07 0.0002720102 4.3872382e-07 0.041011784 1.6443548e-09 1.6912898e-08 4.6017954e-09 4.6426227e-09 2.0722639e-07 0.03152124 4.8743716e-09 2.2783124e-07 0.035544693
0.37662175 0.0015325284 3.0325788e-07 0.00024141715 0.00016288883 4.8618003e-05 0.06971822 1.4601092e-08 5.0200875e-11 4.697369e-06 0.035960007 3.5340707e-07 4.4303665e-06 0.43396708 6.6422646e-05 9.063953e-08 9.804023e-08 1.2886751e-07 0.20218562 0.00034578223 0.00617185 0.3656741 2.2591257e-07 7.97033e-05 0.44100153 1.7815292e-07 0.754192 3.0232504e-06 1.5733043e-08 1.128172e-06 5.0203384e-25 0.4555416 3.7072525e-08 1.4937115e-08 0.3179707 0.0020977105 1.8082149e-08 6.915509e-07 1.5793276e-07 1.3579861e-09 1.5667695e-09 2.0154627e-09 2.0511131e-06 3.1174284e-08 0.7731229 2.5113693e-05 1.3133617e-07 0.0026281541 1.2137322e-09 2.7997225e-05 0.05484036 1.9060502e-05 1.235412e-08 6.9313426e-09 2.6744018e-09 1.3538217e-06 3.9861774e-07 1.3155416e-05 0.858402 5.8331695e-09 0.8894523 0.19686018 3.906952e-06 2.5483265e-10 0.031015743 4.04074e-10 1.2411371e-08 0.005163597 2.0920194e-09 1.7455339e-07 6.447995e-08 0.0067580827 0.00033695874 0.14001483 0.031559538 0.6063583 0.9099485 5.004338e-09 4.0903973e-07 1.5240296e-08 7.313259e-11 7.8291123e-07 1.4094655e-05 5.546559e-09 0.00032095076 8.859791e-06 2.7859258e-07 1.5654314e-05 2.2816606e-11 7.6298375e-07 4.339426e-13 0.01222597 1.18099265e-07 2.6115313e-10 1.2651855e-10 1.4548245e-08 5.7000387e-11 0.008853212 3.1024328e-12 9.2839e-10 0.010220929
