1.0094542e-17 0.9680104 0.56043625 0.97439015 0.98879266 0.98647696 0.9680613 0.95409626 0.9708921 0.97490245 0.9322015 0.035662312 0.93262845 0.9246408 0.90762585 0.9841378 0.98170924 0.23397845 0.9901552 0.96425915 0.9884157 0.80404836 0.5579213 0.9942754 0.9867577 0.90120643 0.92978203 0.6616914 0.99180627 0.98844916 0.6785674 0.9916702 0.87806386 0.9898515 0.9965761 0.97775704 0.97289664 0.9988359 0.95913017 0.85916007 0.9859264 0.60659635 0.07115467 0.9296749 0.3818079 0.99035907 0.15258041 0.9635901 0.03256753 0.87276363 0.9844716 0.99971527 0.020561637 0.9939321 0.083362386 0.9476957 0.6830997 0.99653673 0.008554142 0.9850355 0.9790837 0.0019653027 0.00581873 0.0008754062 0.32895982 0.033437937 0.00022775643 0.99943453 0.9876378 0.02580254 0.6399884 0.89176446 0.11472557 0.9910627 0.9991523 0.27554163 0.35008556 0.9998089 0.41546047 0.00031570622 0.06154793 0.00054560974 0.98312753 0.20972867 0.9989946 0.99999356 0.991583 0.21621393 0.0071828435 0.90040404 0.17674726 0.99949163 0.9136732 0.9903484 0.13739808 0.99999905 0.30685058 4.720341e-05 0.99512047 0.9997274 0.22897315
0.9680104 5.514804e-14 0.93125993 0.9061854 0.92334676 0.3025891 0.2961719 0.15932631 0.28195113 0.24452388 0.08290942 0.01338945 0.49583745 0.07517478 0.0154292 0.02844773 0.09491776 0.5258205 0.11329517 0.023400309 0.017647438 0.12053577 0.4374687 0.057252888 0.008441668 0.0114239035 0.00042818132 0.19951157 0.0023857348 0.017137153 0.0105617065 0.0043310244 0.00034777544 0.00036316804 0.01751569 0.0021737688 0.0009880513 0.053119715 0.0025485894 0.0002202394 0.0020004958 0.019532032 0.10873861 0.0010490563 0.12785618 0.0007797208 0.018454146 0.00019519891 0.036324847 0.0009727608 0.00011418397 0.007049489 0.010832162 0.0006988235 5.4732016e-05 3.163263e-05 0.0011009655 0.0049061747 0.04101587 8.5837445e-07 1.156068e-05 0.0013957003 0.005021173 0.00029222874 0.00045173516 5.951266e-05 0.00024674158 0.0057533835 0.00031645165 1.9633776e-06 1.0916398e-05 0.00022694943 0.00015056999 1.7534023e-05 0.0016771356 3.088463e-05 1.8121575e-05 0.02390287 0.00014286328 3.194241e-05 2.955281e-05 1.709772e-05 0.009912475 6.2374977e-07 0.01700707 0.02081798 1.4194868e-05 3.519303e-05 2.0114936e-07 6.513222e-08 5.9619913e-07 0.0010259455 5.205822e-07 8.6949e-06 2.0874656e-07 0.012946842 1.5049388e-06 2.7489914e-06 0.00017507849 0.002486242 1.315495e-07
0.56043625 0.93125993 1.1707719e-19 0.6050767 0.89307964 0.8537155 0.39815983 0.31364438 0.23195589 0.113033794 0.90533054 0.004724357 0.5385363 0.6761822 0.1851941 0.091471985 0.10379115 0.08620543 0.12778197 0.12157302 0.059328187 0.5319235 0.000497044 0.0691143 0.04380999 0.0013366771 0.0028104258 0.0025827442 0.032152295 0.019656433 8.311435e-05 0.020674197 0.0047676307 0.02599048 0.088109225 0.007331742 0.00806193 0.041228842 0.005139019 0.006384494 0.007743833 0.015652316 0.0001105596 0.00026038027 0.01021535 0.0018980592 7.409974e-07 0.0019459947 2.0615912e-06 4.3220472e-05 0.0014795709 0.010849583 4.266999e-07 0.009755349 1.2391932e-07 0.000109094944 9.103335e-06 0.0051226 0.0008692136 0.00047947263 0.00017940188 1.1508238e-06 3.333641e-06 1.1608745e-06 1.7676929e-06 1.0505145e-06 1.8946643e-06 0.005377231 0.0016116886 4.400595e-06 1.0538293e-05 0.0020660495 1.1452383e-07 0.0015111223 0.0014636685 4.7216203e-05 0.00011473215 0.028574975 0.0010695859 9.710201e-06 3.8858695e-07 1.6073827e-08 0.0104454355 7.036546e-06 0.02478146 0.017279776 5.563229e-06 1.0447636e-06 2.1483379e-07 2.4517049e-06 1.0762595e-08 0.0025697167 6.653622e-06 3.960192e-05 3.2943175e-09 0.0071022287 5.0982358e-08 5.2882654e-09 7.035052e-05 0.0007611085 6.93236e-09
0.97439015 0.9061854 0.6050767 4.0117134e-13 0.6413399 0.20261443 0.13066451 0.059401337 0.19351485 0.4720345 0.034986746 0.0014745273 0.60108346 0.0147781875 0.0013389641 0.009930173 0.0821748 0.92806983 0.06811909 0.013865642 0.019489871 0.022566278 0.85638416 0.040007047 0.005959081 0.042764828 1.1884882e-05 0.44802406 0.0005563556 0.008959677 0.058270685 0.0026650126 4.504129e-05 0.00040028253 0.009374231 0.0028467572 2.1568905e-05 0.04019048 0.0050571747 5.5319855e-05 0.0015470682 0.018374024 0.3179382 0.0015644173 0.13701057 0.0014293237 0.071225144 0.00019498456 0.25692916 0.00072094944 0.0001456892 0.0010633898 0.040509947 0.00034402547 1.1361981e-05 5.93135e-05 0.0010009124 0.0011924448 0.042659227 1.462728e-06 3.6859015e-05 0.013011858 0.030812679 0.001222727 0.0007726943 2.282413e-06 0.0017543164 0.0011783205 7.686952e-05 4.3499986e-06 5.304331e-06 0.00027314204 0.000128808 1.1051347e-05 0.00028111506 1.677449e-05 7.4860213e-06 0.012017195 5.980145e-05 0.00040321946 8.342254e-05 8.93321e-05 0.0101142 4.1289547e-07 0.008887464 0.004579056 3.431309e-07 3.6136964e-05 2.3610272e-07 2.4689973e-08 2.6795794e-07 9.899986e-05 6.4704705e-07 1.1411527e-06 1.661339e-07 0.008330298 4.4478483e-07 7.761999e-06 7.1482687e-06 0.000982268 1.286179e-07
0.98879266 0.92334676 0.89307964 0.6413399 4.9515323e-15 0.44008046 0.80510086 0.6762472 0.438228 0.21571964 0.19926071 0.011511296 0.44305182 0.29084507 0.10395389 0.1672366 0.4244009 0.27165583 0.48869783 0.09967674 0.09280786 0.296398 0.2760155 0.30819046 0.053544827 0.017106824 0.0019126321 0.16774736 0.015823316 0.10040342 0.013475753 0.016102653 0.0011675656 0.0011777689 0.1243439 0.011705218 0.0010792204 0.25881156 0.004557219 0.00065334793 0.019905822 0.050967198 0.07806 0.0014206717 0.2396632 0.0010562199 0.017131003 0.0009243126 0.026878465 0.0047761705 0.00030478282 0.026570523 0.011346683 0.001962977 6.122024e-05 0.0002494345 0.0009910339 0.03216553 0.06097691 3.3123265e-06 2.2448095e-05 0.0020012523 0.003744566 0.0004913378 0.0013689791 8.7893386e-05 0.0002444885 0.034965973 0.0023386136 2.0492353e-05 0.00014403995 0.000628484 0.00016428478 0.00027488262 0.0091654 2.2014707e-05 6.7984976e-05 0.09977356 0.00030152057 2.6626269e-05 0.0006162029 4.7478683e-05 0.022503234 5.6732565e-06 0.041875124 0.14619006 2.393337e-05 6.807191e-05 1.1361001e-06 2.7773945e-07 3.7392823e-05 0.0053678323 2.5659317e-06 3.5733912e-05 1.6287444e-05 0.09396404 1.6154394e-05 3.692032e-06 0.0007474341 0.024993347 4.2647926e-06
0.98647696 0.3025891 0.8537155 0.20261443 0.44008046 7.828338e-16 0.25128645 0.18305668 0.033634525 0.012209751 0.68093145 0.00015228413 0.9263262 0.20837401 0.016475808 0.04521525 0.047381718 0.07804086 0.40470663 0.009848889 0.2891366 0.8577126 0.31309807 0.25410935 0.009595367 0.0007795657 0.00013111335 0.60954714 0.15282615 0.22977062 0.002185929 0.0038426938 0.0048029507 0.10621119 0.052655946 0.13560547 2.7978727e-05 0.35996017 0.0005051039 0.0043967175 0.10914629 0.47398418 0.003616922 0.00013418384 0.5887544 3.9452156e-05 0.0016696567 0.04195497 0.015235627 0.049902808 3.3540086e-06 0.010641103 0.045377158 0.0004235304 3.9486252e-07 0.009663752 1.3736545e-05 0.085997686 0.27861032 0.0010970377 0.0012543438 0.0013042414 0.0008162812 0.002406207 0.023859825 8.2942e-08 0.0005133261 0.12237433 0.008880423 3.872363e-07 0.0008423338 0.00037646195 2.8236661e-06 0.003542737 0.03274524 6.265949e-07 0.000788846 0.021166867 1.0458009e-05 0.0008921857 0.0028526317 0.0026715053 0.012800853 0.00023234135 0.028770296 0.0679305 4.5870256e-05 1.0148307e-06 0.0015774046 2.745999e-06 0.00012092686 0.0016807608 1.6628053e-05 0.001063993 7.162117e-05 0.016730933 1.120538e-05 0.00043842127 0.00027867805 0.022053098 3.8514454e-06
0.9680613 0.2961719 0.39815983 0.13066451 0.80510086 0.25128645 1.6381077e-15 0.9663401 0.30139932 0.09413555 0.12294348 0.13229173 0.10290869 0.35776687 0.4798579 0.5760957 0.53222 0.04743234 0.4389403 0.32352936 0.029968772 0.1326065 0.022364601 0.39792436 0.22514485 0.015542525 0.034376174 0.019999566 0.0043637045 0.036831412 0.0077493996 0.13131838 0.0023895944 0.003283926 0.31591472 0.0011068811 0.10421295 0.226179 0.0054504443 0.0021066258 0.0014242878 0.008442036 0.020508308 0.0022267248 0.013833408 0.0021334104 0.0051861554 0.0006146537 0.0012478804 0.0001243699 0.0015668437 0.10073818 5.172404e-05 0.015088924 0.00013695713 0.000106110594 0.0007709808 0.010595012 7.1973656e-05 8.236627e-06 0.000120851226 3.793004e-06 0.00057694275 3.3607741e-06 4.186995e-05 0.0010087921 3.005095e-06 0.012006616 0.00060761755 2.9915227e-05 0.00010892955 0.00046258201 0.00043787409 0.00016122188 0.0028554488 1.5947713e-05 3.421549e-05 0.023009138 0.00023068192 4.084564e-06 4.9969793e-05 1.5249354e-06 0.00790539 2.1936569e-06 0.012437464 0.0737475 0.0013729165 0.0001706943 1.4737027e-06 2.6954176e-06 6.3337546e-07 0.0141947 7.1623385e-06 0.00021869392 3.3283885e-07 0.031023227 4.911904e-07 2.08262e-07 0.0031462403 0.014816545 5.6859527e-08
0.95409626 0.15932631 0.31364438 0.059401337 0.6762472 0.18305668 0.9663401 1.3500021e-15 0.24409774 0.051794387 0.1005178 0.18033151 0.06725581 0.291086 0.5528461 0.7379428 0.646097 0.034462363 0.44224352 0.4286166 0.017921165 0.112915136 0.010846298 0.3521113 0.30054307 0.0058191963 0.06999704 0.009177452 0.002089109 0.023866562 0.0025272856 0.19739985 0.0027462794 0.0016352161 0.3275794 0.00044179347 0.1540428 0.18051456 0.004145141 0.001669374 0.0008473068 0.004862589 0.0068328697 0.00127233 0.0063170693 0.003400416 0.0023337842 0.00023974638 0.00027296622 3.252037e-05 0.0023957838 0.12831402 5.739474e-06 0.027936958 0.00025789338 3.3824606e-05 0.00045117416 0.006844074 1.8764551e-05 3.3642248e-06 7.119907e-05 1.1921849e-06 0.00023180222 1.3610285e-06 8.433585e-06 0.0012582759 9.837098e-07 0.009648926 0.00047147897 4.0687075e-05 0.00013395037 0.00063498545 0.00012462029 0.0001456181 0.002109021 8.165498e-05 1.5870351e-05 0.029641056 0.00043687367 2.3048642e-06 3.6716756e-05 4.6377818e-07 0.009754721 1.05123e-06 0.01331367 0.06627928 0.0012758804 0.00018786905 5.2928675e-07 5.201726e-06 1.334805e-07 0.023888439 7.938783e-06 0.0002803692 8.7294794e-08 0.03316942 1.0825829e-07 1.832314e-07 0.0031196936 0.01467802 6.912291e-09
0.9708921 0.28195113 0.23195589 0.19351485 0.438228 0.033634525 0.30139932 0.24409774 1.7736102e-15 0.9388054 0.04336667 0.9072121 0.046989035 0.13615544 0.06777321 0.11533023 0.33258948 0.2853595 0.06790694 0.51698637 0.006135588 0.006391887 0.01113938 0.04231256 0.1448379 0.28530926 0.0010295039 0.0027082986 0.00031425772 0.015470706 0.09324106 0.08569252 0.0013853051 0.00053608307 0.03131862 0.0013271974 0.0089780195 0.021913582 0.2909897 0.00087689096 0.0020250452 0.00091253535 0.12531812 0.14811791 0.0013757476 0.111867175 0.044646256 4.468703e-05 0.0021385027 1.1394958e-05 0.061659746 0.019392688 5.365943e-05 0.03336699 0.02604954 1.4059697e-05 0.037139334 0.0038148921 3.2290118e-06 3.7402149e-06 6.2832485e-05 7.041712e-05 0.0036974833 1.8019018e-05 1.0804521e-05 0.0036234856 9.953554e-06 0.005072385 0.00023362829 0.0043579387 4.162272e-05 0.0018051484 0.0060802163 0.00012744995 0.0010349905 0.00071657175 2.155599e-05 0.09232454 0.00072231935 3.5608023e-06 0.00013844937 1.0932413e-05 0.046930987 3.524951e-06 0.04624244 0.03173777 0.00018435557 0.0046276916 3.2356286e-07 1.5154422e-06 1.16315005e-05 0.011324921 1.4942708e-05 5.186536e-05 3.6311683e-06 0.045169864 1.8519126e-05 6.17147e-07 0.0009693843 0.0067067477 8.6147435e-07
0.97490245 0.24452388 0.113033794 0.4720345 0.21571964 0.012209751 0.09413555 0.051794387 0.9388054 1.3311518e-16 0.0069712545 0.31106073 0.034719244 0.0111167375 0.0017129768 0.035583075 0.116438 0.77461314 0.030990478 0.1218026 0.00059806247 0.002304817 0.043766413 0.01576737 0.04187436 0.8629744 1.187224e-05 0.0071668834 3.898665e-05 0.004369691 0.5878958 0.023159914 4.6498946e-05 3.3341545e-05 0.0061624604 0.00012736465 0.00035353558 0.0061650905 0.69067115 7.3989024e-05 8.4601976e-05 0.0004606042 0.33883107 0.524145 0.0013151303 0.18055475 0.23376474 1.6843807e-05 0.014032538 4.066975e-06 0.016258286 0.0035173385 0.0001196996 0.009394193 0.035083488 2.882886e-06 0.138057 0.00023818464 3.230324e-06 4.4368477e-08 7.5245293e-06 0.0001847942 0.032292224 8.676636e-06 2.3579526e-06 0.0005004298 8.868388e-06 0.00024431973 7.3825886e-06 0.016227832 4.2969837e-06 0.0010367687 0.0051835445 3.11419e-06 6.451549e-05 5.1883366e-05 7.2808834e-06 0.043495618 0.00021080888 7.838937e-07 0.00020550388 1.1018445e-06 0.038413897 2.3599758e-07 0.02867674 0.0044875457 1.6031674e-07 0.00074107025 8.849698e-08 7.3265998e-09 4.3280363e-07 0.00041388132 3.0644895e-07 3.671507e-07 3.0119764e-07 0.016724821 2.2345976e-07 5.050097e-08 1.3835187e-05 0.0014381744 3.8923915e-08
0.9322015 0.08290942 0.90533054 0.034986746 0.19926071 0.68093145 0.12294348 0.1005178 0.04336667 0.0069712545 3.6916678e-18 0.00057688664 0.3626425 0.96294737 0.06642408 0.03942362 0.030571485 0.001624251 0.22337729 0.009890757 0.3642909 0.91020554 0.0014510662 0.14017394 0.006321951 0.00015883126 0.0031118637 0.018189654 0.7366063 0.34242785 7.1401504e-05 0.0064062886 0.068195 0.8028062 0.0389193 0.32530978 0.006059097 0.16639248 0.0017621446 0.12753066 0.22043963 0.32872534 4.8455463e-06 0.00020979147 0.070552886 0.00042666536 6.376081e-05 0.26762757 5.3569693e-05 0.04569947 0.000105131825 0.023991628 0.00015436838 0.0017869216 4.1243976e-07 0.1255904 2.7431424e-05 0.14714861 0.0074900608 0.11417108 0.1611782 3.402215e-05 3.954018e-05 5.7167905e-05 0.00845269 2.7985518e-08 4.9650815e-05 0.14768766 0.068222776 1.5171756e-07 0.04997682 0.00082658493 6.5079297e-07 0.044002485 0.078959435 2.0961245e-06 0.021987535 0.023446692 0.00010629391 4.8744376e-05 0.00574256 0.00022382269 0.010056468 0.0029503654 0.01506232 0.041813664 0.008572791 2.2609308e-06 0.00015949806 0.006213545 0.0027238803 0.01881364 0.010816838 0.01562097 0.00029676303 0.013073697 0.0010115209 4.9385862e-06 0.0046553146 0.03104358 0.00041312416
0.035662312 0.01338945 0.004724357 0.0014745273 0.011511296 0.00015228413 0.13229173 0.18033151 0.9072121 0.31106073 0.00057688664 3.7628228e-21 6.939724e-05 0.002174476 0.103598006 0.4583596 0.36037096 0.00017471054 0.0054420438 0.9190815 0.00014000776 1.6792803e-05 2.6319112e-08 0.0045971046 0.7326221 0.0010814124 5.7832847e-05 1.226589e-07 1.5581377e-07 0.0005648041 4.2944025e-06 0.8462366 2.759618e-05 8.9174193e-07 0.02194333 3.976871e-05 0.023574423 0.0033260137 0.029242536 2.2323953e-05 5.8222493e-05 5.902368e-07 3.7044728e-07 0.0008296467 1.508503e-07 0.08485305 6.980391e-07 1.8874046e-07 8.3069445e-08 2.3355395e-09 0.1211556 0.0019609085 1.2879982e-09 0.48045918 0.00094854634 8.291495e-08 2.464508e-05 0.0002642782 9.510539e-09 1.1857229e-08 3.8752205e-08 2.109264e-09 2.5714175e-07 2.3063889e-09 1.376139e-09 0.000352234 2.3267095e-09 0.0002895379 2.3329909e-05 4.368753e-06 1.201859e-07 0.004849014 2.5597187e-06 6.9850635e-06 8.083716e-05 0.0015526152 1.0490749e-06 0.00962728 0.004804272 7.097852e-09 6.715778e-10 3.0692242e-09 0.0034331623 2.9361131e-09 0.010081473 0.0011508628 2.3732264e-07 0.0017223556 2.962178e-10 1.4294238e-07 1.3772549e-09 0.002126804 4.076998e-08 2.024819e-06 1.4447465e-10 0.0022168267 5.4348304e-09 1.058684e-10 1.7301811e-06 7.770713e-05 9.298467e-10
0.93262845 0.49583745 0.5385363 0.60108346 0.44305182 0.9263262 0.10290869 0.06725581 0.046989035 0.034719244 0.3626425 6.939724e-05 1.3392693e-18 0.043575086 0.0029450245 0.018207308 0.036164004 0.15264542 0.1536531 0.02629075 0.14011231 0.834559 0.39356628 0.123583086 0.008470207 0.000701668 5.3684744e-06 0.89147776 0.10413785 0.031912196 0.0007959286 0.0056703496 2.9700806e-05 0.030732566 0.04759306 0.030939745 4.4118588e-05 0.061831262 0.001662486 0.00015585872 0.019937003 0.5779629 0.0037745668 0.00053466926 0.82649016 0.00029214626 0.003094942 0.016434833 0.0069817007 0.028540637 4.8256356e-05 0.002419108 0.03982069 0.0007400119 4.09226e-08 0.00194081 0.00016323048 0.0059008915 0.7184913 0.00041048156 0.0009956036 0.0017104312 0.00074504747 0.00431618 0.0044863136 1.4378644e-08 0.0006400356 0.0020777585 0.0011957109 9.160674e-06 1.36082035e-05 0.0017520819 1.282874e-05 0.00035674564 0.0009378371 7.13395e-05 9.086478e-05 0.02896106 0.0010084559 0.0013678061 0.0003691595 0.0008316406 0.025511801 0.00018667121 0.03645325 0.0038034401 1.0540961e-06 5.6138815e-06 0.00045993787 3.5166038e-06 1.4786688e-05 2.0060455e-05 2.0318246e-05 8.29976e-05 5.213536e-06 0.009158421 4.969101e-06 0.00021037788 4.256016e-06 0.0013301778 1.4404887e-06
0.9246408 0.07517478 0.6761822 0.0147781875 0.29084507 0.20837401 0.35776687 0.291086 0.13615544 0.0111167375 0.96294737 0.002174476 0.043575086 5.7567895e-18 0.5241308 0.098648295 0.06972504 0.00084462913 0.6110084 0.03685588 0.90679467 0.23014608 7.542185e-05 0.32892567 0.020813325 6.787821e-05 0.16807099 0.00020005007 0.0957491 0.7928424 6.0572906e-06 0.013053327 0.46361223 0.3156864 0.13603154 0.5213266 0.04965815 0.35441926 0.0010147194 0.3546507 0.4111614 0.08325114 3.2560135e-06 6.586132e-05 0.010267174 0.0002636079 6.0599923e-05 0.012543007 6.1200194e-06 0.0011783687 0.00017245047 0.053294983 7.826608e-06 0.0058632824 1.4861106e-07 0.0073264963 1.7920633e-05 0.20330267 0.00031798938 0.039228022 0.023276431 2.6028442e-06 1.7731389e-05 1.8648902e-06 8.240198e-05 9.015779e-08 2.8271422e-06 0.27649257 0.10121037 6.70199e-08 0.033744823 0.00048710595 8.800452e-07 0.041518148 0.15445815 1.2849102e-05 0.01820761 0.04788172 0.00026250805 6.9536054e-06 0.00016418078 2.8340203e-06 0.011136724 0.0014218456 0.02721238 0.1735037 0.020895587 1.8472805e-05 7.5186613e-06 0.0024501588 0.00036303216 0.08643285 0.0030814756 0.0104165925 1.9835652e-05 0.036784742 0.00017645348 4.0736967e-07 0.039334066 0.12391127 8.6614935e-05
0.90762585 0.0154292 0.1851941 0.0013389641 0.10395389 0.016475808 0.4798579 0.5528461 0.06777321 0.0017129768 0.06642408 0.103598006 0.0029450245 0.5241308 1.4665126e-18 0.44842553 0.24529453 0.00013227975 0.88823235 0.16110887 0.06653733 0.01237611 6.7973206e-06 0.8882605 0.11267238 1.0004582e-05 0.8027525 1.6092488e-05 0.00019945206 0.14109498 9.086582e-07 0.07182681 0.083975315 0.0018740221 0.73594344 0.019043166 0.69704497 0.4282665 0.00017362343 0.014485313 0.027439425 0.00020782382 2.6048606e-06 3.255138e-06 0.00034620642 0.00021431415 7.724656e-06 4.449066e-05 1.2148886e-06 1.5605237e-06 0.0015032856 0.13099751 5.552827e-07 0.007575807 2.7853291e-06 8.966236e-06 4.634468e-06 0.04762305 1.0117499e-06 0.00016711635 0.00012697256 4.8516756e-07 1.4173257e-06 2.356427e-07 1.1072515e-06 9.143772e-05 3.1976091e-07 0.06308909 0.010417348 5.757074e-07 0.0016433117 0.0016730126 1.7840752e-06 0.004508688 0.01280125 3.5544224e-05 8.694191e-05 0.027022028 0.0009774375 2.7896785e-06 2.838807e-07 3.9720874e-07 0.0065530143 2.7246606e-06 0.015830863 0.10840013 0.021501252 4.1743486e-05 7.061879e-09 9.074172e-05 1.143214e-07 0.29253554 6.658152e-05 0.00070894446 1.3648447e-08 0.073876366 7.0623037e-07 1.0687052e-08 0.043421604 0.022255773 2.5818178e-08
0.9841378 0.02844773 0.091471985 0.009930173 0.1672366 0.04521525 0.5760957 0.7379428 0.11533023 0.035583075 0.03942362 0.4583596 0.018207308 0.098648295 0.44842553 7.191148e-15 0.9282272 0.0032986577 0.33432508 0.6692077 0.0010941289 0.009752339 0.0053134393 0.33702704 0.76948935 0.002434422 0.09293487 0.003662911 4.0221035e-05 0.0024497712 0.0013574432 0.64670783 0.001007292 0.000111747686 0.51992023 7.542322e-05 0.30279714 0.08186841 0.005173618 0.00058684737 0.00016362323 0.00022609139 0.0010253787 0.0026596107 0.00036467414 0.011787801 0.0006678633 4.372362e-06 0.0002512631 4.94228e-06 0.06557616 0.19711731 1.4807157e-06 0.12469824 0.0014518496 1.9183021e-06 0.00036508494 0.0018414068 4.501789e-07 6.340831e-07 3.3884514e-06 2.7051826e-06 0.00017245638 3.974496e-06 5.6089048e-06 0.0026770332 1.7667593e-06 0.004013326 0.00024530967 0.00013868736 5.888892e-05 0.0009822424 3.886978e-05 3.3040586e-05 0.0008742704 0.00011145054 2.1630638e-05 0.102565974 0.0004786457 1.9850337e-05 1.1536005e-06 9.2429886e-08 0.019786162 1.225368e-06 0.020341411 0.066069104 0.001603225 0.00013535043 3.971686e-07 3.4366522e-06 1.2463227e-08 0.0484914 1.118381e-06 9.0634836e-05 1.2013669e-08 0.070229724 1.820719e-08 1.0392666e-07 0.0037398532 0.009825585 3.226412e-09
0.98170924 0.09491776 0.10379115 0.0821748 0.4244009 0.047381718 0.53222 0.646097 0.33258948 0.116438 0.030571485 0.36037096 0.036164004 0.06972504 0.24529453 0.9282272 4.5573214e-15 0.025291786 0.2679138 0.775785 0.0006290704 0.010742147 0.007770443 0.2266655 0.77984136 0.01612262 0.019590778 0.003429126 2.7877544e-05 0.0014220002 0.010483818 0.619786 0.0003968873 4.1761523e-05 0.31951952 3.6595207e-05 0.09070976 0.021954913 0.019269137 0.00025211685 0.000123173 0.00018817766 0.018538484 0.016448302 0.0002901626 0.04157093 0.0027297614 4.28418e-06 0.00062921 6.331209e-06 0.16244195 0.109482005 6.028238e-07 0.1779136 0.0039744964 1.6705372e-06 0.0024362546 0.00068385736 3.3368076e-07 1.1714491e-07 3.3762517e-06 1.3288488e-06 0.000600467 3.3965007e-06 1.524074e-05 0.0067513543 2.6558746e-06 0.0010063918 2.6180713e-05 0.0005937774 9.0152635e-06 0.0018832559 0.00025997113 3.7335328e-06 0.00022690897 0.00022675126 1.0139981e-05 0.109160505 0.0009488033 6.1203104e-06 1.316105e-05 5.0217416e-08 0.017966805 1.2067478e-06 0.02489738 0.028635142 0.00046892322 0.00021146813 5.737436e-07 1.06367885e-07 4.6517904e-08 0.016859027 1.0601404e-07 8.033757e-06 9.261217e-08 0.07932622 3.3762838e-08 1.6345251e-07 0.0013769848 0.0031872368 1.6673887e-08
0.23397845 0.5258205 0.08620543 0.92806983 0.27165583 0.07804086 0.04743234 0.034462363 0.2853595 0.77461314 0.001624251 0.00017471054 0.15264542 0.00084462913 0.00013227975 0.0032986577 0.025291786 2.7629267e-19 0.009177098 0.042066526 0.0003337452 0.00088262977 0.5435547 0.0036000188 0.0056773275 0.5594954 3.719103e-07 0.015479606 4.4682853e-05 0.00016310754 0.8096146 0.00061660964 2.3590587e-08 0.00013701827 0.0033352107 3.3955406e-05 3.0299384e-06 0.00036071564 0.07952552 4.98691e-07 8.164505e-06 8.674182e-05 0.90663743 0.06428638 0.002006328 0.013198514 0.60470766 1.7403498e-05 0.77997226 1.3247048e-06 0.00051318586 2.7960567e-05 0.0003971607 0.00038900468 5.4221735e-05 6.030512e-06 0.013323627 2.771748e-05 0.0009656308 8.09496e-06 1.6849268e-05 0.0018535496 0.5947909 3.800766e-05 3.1610583e-07 3.5292177e-07 0.00017939485 4.505846e-06 6.070065e-06 0.00212017 1.307892e-07 0.00018802195 0.00011897555 3.8358943e-05 1.779724e-05 1.8872086e-05 7.284644e-07 0.0029293548 0.00015940075 1.104334e-05 1.822205e-07 4.7303025e-08 0.0045532244 4.8112844e-07 0.002449756 8.611474e-05 5.652454e-08 1.0540333e-05 8.1655486e-08 4.698465e-05 4.0112585e-07 5.697941e-07 0.000118255324 8.914703e-06 5.1758356e-08 0.0007144227 1.0316567e-06 1.915115e-09 1.9544503e-07 1.958094e-05 4.4062848e-08
0.9901552 0.11329517 0.12778197 0.06811909 0.48869783 0.40470663 0.4389403 0.44224352 0.06790694 0.030990478 0.22337729 0.0054420438 0.1536531 0.6110084 0.88823235 0.33432508 0.2679138 0.009177098 3.2757215e-16 0.06625789 0.39857844 0.13973475 0.028016528 0.860147 0.09427548 0.0031242236 0.51177526 0.051774234 0.0936777 0.28405657 0.0050019575 0.050459523 0.041248288 0.06826604 0.6718402 0.0343937 0.23092787 0.7252881 0.00091008225 0.02077624 0.07317619 0.029004952 0.0008403054 0.0007961191 0.024221232 0.00089249166 0.0013117701 0.0039740945 0.002463869 0.008804377 0.001771186 0.3794696 0.0007889389 0.004306963 3.879131e-05 0.00088488177 0.00027495396 0.1471189 0.0019449131 0.00022771691 0.0017822158 3.7744692e-05 0.00035220291 0.0001890616 0.0028249135 0.00083801337 1.7655171e-05 0.21190059 0.0033398261 6.2175272e-06 0.0033106355 0.00021140823 3.957017e-05 0.0015370819 0.011506389 7.6677395e-07 0.00056171196 0.008022836 2.3051534e-05 0.00034665092 0.0004889252 8.998364e-05 0.0019397024 0.00013902834 0.00956685 0.34709153 0.016971715 2.2344078e-05 5.4449163e-05 5.3104326e-05 2.677088e-06 0.23199153 1.5626794e-05 0.0017156588 8.240905e-07 0.13508393 1.0251484e-06 9.58542e-06 0.04760284 0.08029212 7.9340744e-08
0.96425915 0.023400309 0.12157302 0.013865642 0.09967674 0.009848889 0.32352936 0.4286166 0.51698637 0.1218026 0.009890757 0.9190815 0.02629075 0.03685588 0.16110887 0.6692077 0.775785 0.042066526 0.06625789 3.5423166e-17 2.0933827e-05 0.0029941702 0.0068174237 0.04761684 0.84093994 0.03684687 0.016444061 0.0004953875 1.3558019e-05 0.00027251415 0.010805872 0.82362735 0.00017719278 2.0024436e-06 0.19342615 2.1566548e-06 0.09455226 0.0046074195 0.121797875 2.1316846e-05 3.567046e-06 1.25070155e-05 0.010589659 0.03193881 4.0225004e-06 0.3139401 0.003631967 5.214118e-06 0.00063951215 1.8261838e-07 0.5731869 0.07441028 2.5457751e-07 0.68155086 0.030169094 1.9091256e-06 0.010619833 0.00032936595 3.2330714e-09 1.1077775e-08 3.3612278e-07 6.233995e-07 0.00032728128 1.9458073e-06 5.172231e-07 0.06137686 7.8152823e-07 0.0011696637 6.0722364e-06 0.00922649 1.96592e-06 0.034544222 0.0023721282 3.5845898e-07 0.00014723191 0.005443531 6.7464302e-06 0.4319255 0.018510621 1.136693e-06 9.917097e-07 5.967745e-08 0.10398143 2.9790527e-07 0.112779565 0.03781163 3.000483e-05 0.0071422863 1.7715541e-08 1.1198184e-08 6.7074946e-10 0.02299997 2.6738013e-08 1.0415592e-06 2.8159938e-10 0.18530084 2.9512672e-09 5.4535527e-09 0.0006852192 0.0028431013 3.5516654e-10
0.9884157 0.017647438 0.059328187 0.019489871 0.09280786 0.2891366 0.029968772 0.017921165 0.006135588 0.00059806247 0.3642909 0.00014000776 0.14011231 0.90679467 0.06653733 0.0010941289 0.0006290704 0.0003337452 0.39857844 2.0933827e-05 2.0075099e-16 0.29428765 0.015449253 0.28307 1.0999815e-05 8.282613e-06 0.10911715 0.04659962 0.28540322 0.811169 0.00012136645 2.9625528e-05 0.32862657 0.34526086 0.008007773 0.62628734 0.0013310267 0.51447845 6.208942e-06 0.5135945 0.5821935 0.22161709 9.0517915e-06 1.3866128e-06 0.29813737 6.7898827e-06 0.00023956149 0.06959209 0.00013384719 0.0932616 1.0419557e-06 0.014955806 0.00010240764 1.0363847e-05 2.403372e-08 0.037347503 4.226981e-06 0.48068103 0.00838719 0.07630347 0.05657887 2.9332377e-06 3.930963e-05 3.069589e-06 0.02635326 4.4202102e-07 6.9119085e-07 0.49220678 0.1497093 4.3029966e-09 0.024403863 2.200115e-07 7.2006884e-07 0.026613845 0.16704199 1.5855283e-09 0.018425912 0.00068081095 3.9439044e-08 4.6682226e-07 0.006859541 0.00027912224 0.00014934695 0.0064975456 0.00064423605 0.21037371 0.016108073 5.9485277e-08 0.0021534436 0.00021739844 0.0041031106 0.034872826 0.00040889933 0.006549141 0.0018893876 0.025265548 0.0016421468 5.266037e-07 0.0103866495 0.13651681 0.00044924376
0.80404836 0.12053577 0.5319235 0.022566278 0.296398 0.8577126 0.1326065 0.112915136 0.006391887 0.002304817 0.91020554 1.6792803e-05 0.834559 0.23014608 0.01237611 0.009752339 0.010742147 0.00088262977 0.13973475 0.0029941702 0.29428765 1.796516e-16 0.00036339363 0.09053197 0.0020901184 1.2413934e-05 2.8736591e-05 0.09138379 0.912282 0.123772696 5.8816095e-06 0.0026311688 0.0015387202 0.69472384 0.02467238 0.18021314 0.00014829343 0.084873065 0.00017802902 0.008749218 0.07454957 0.92074335 1.536182e-06 1.1227592e-06 0.20936185 0.00024084201 1.6542491e-06 0.6070242 1.0795838e-05 0.32657447 2.290528e-05 0.0031535518 6.4664e-05 0.00015738403 3.9646408e-10 0.1670378 5.4075463e-06 0.031379886 0.35653335 0.030067824 0.054204807 1.458691e-06 2.5590157e-06 1.0602456e-05 0.10907446 1.9861139e-08 1.8028961e-06 0.02131669 0.017271845 1.0157053e-07 0.0005306856 0.0002111896 1.5589774e-07 0.009082607 0.017564483 1.6224758e-06 0.00231889 0.003952923 8.551617e-05 7.627288e-06 0.001793657 0.00034435157 0.0050755157 0.0013587228 0.0075506233 0.006888881 2.7755623e-05 6.577228e-08 0.0022860982 0.00032974783 0.00020743512 0.0008693624 0.0010185272 0.0027915097 1.5043325e-05 0.005699662 3.0095878e-05 8.631524e-06 0.00023780036 0.002427459 5.4772977e-06
0.5579213 0.4374687 0.000497044 0.85638416 0.2760155 0.31309807 0.022364601 0.010846298 0.01113938 0.043766413 0.0014510662 2.6319112e-08 0.39356628 7.542185e-05 6.7973206e-06 0.0053134393 0.007770443 0.5435547 0.028016528 0.0068174237 0.015449253 0.00036339363 3.6709757e-14 0.018972302 0.0032667865 0.00087739626 6.120961e-09 0.918859 0.003597009 0.0030911502 0.002024159 0.0015591739 3.389545e-07 0.00062922074 0.0025705819 0.0037304708 7.3422126e-07 0.005346739 0.00072058477 1.803351e-07 0.000792502 0.0013889874 0.035180207 7.881771e-05 0.010907508 7.185063e-05 0.003034723 8.9644185e-05 0.9590473 0.0006402679 1.8108512e-05 2.522004e-05 0.7809785 3.233195e-05 4.5926933e-09 1.0338772e-05 2.3308225e-05 0.00017277409 0.066893294 4.6833684e-06 1.40239545e-05 0.34357387 0.008347873 0.11160783 0.00014743734 3.718787e-09 0.08333498 8.161333e-05 0.00011007523 2.7710856e-08 7.0941745e-08 0.00018021553 1.0447517e-06 7.366989e-06 9.7009775e-05 2.1804406e-07 8.477973e-07 0.002830424 1.9781795e-05 0.020152781 2.0821603e-06 9.25898e-05 0.0063168434 2.1493696e-08 0.006108037 0.0042230794 2.5126938e-09 5.197609e-08 2.841564e-07 5.5644705e-08 5.3141194e-09 1.6014873e-06 6.853131e-07 7.972685e-07 4.2302872e-08 0.0012405883 1.6774433e-08 0.00010566194 1.0022057e-07 8.790697e-05 1.4056391e-08
0.9942754 0.057252888 0.0691143 0.040007047 0.30819046 0.25410935 0.39792436 0.3521113 0.04231256 0.01576737 0.14017394 0.0045971046 0.123583086 0.32892567 0.8882605 0.33702704 0.2266655 0.0036000188 0.860147 0.04761684 0.28307 0.09053197 0.018972302 3.4158144e-16 0.07615302 0.0009430596 0.7802383 0.02736558 0.006897907 0.16935065 0.0015830696 0.049282737 0.047252376 0.009446727 0.709339 0.0043568434 0.4859534 0.573407 0.00025387792 0.014536958 0.020206263 0.018300213 0.0008718678 0.00031626824 0.019583263 0.0005812876 0.00035507247 0.00058499834 0.0018622688 0.0028207877 0.002568768 0.49134228 0.00010705192 0.0037133477 5.1796407e-05 0.000103632985 8.0226295e-05 0.09764191 0.000825236 1.8896308e-05 0.00019235873 1.6736603e-05 0.0002388536 0.0001681568 0.0013549244 0.0009203887 2.9495312e-05 0.14436808 0.0013585609 5.4944153e-06 0.0015887148 0.00018462 1.9905616e-05 0.0005584979 0.0053428295 3.790162e-06 0.00021448548 0.010424737 3.5348836e-05 0.0017873186 0.0001056949 1.1483706e-05 0.0010606917 5.196368e-05 0.006860545 0.33753434 0.012933047 2.7682821e-05 1.0145795e-05 4.6212103e-06 7.0521e-07 0.2335256 1.3581605e-06 0.0006258875 6.1710637e-07 0.20220815 2.0495304e-07 1.05126965e-05 0.04715041 0.05982281 1.1677944e-08
0.9867577 0.008441668 0.04380999 0.005959081 0.053544827 0.009595367 0.22514485 0.30054307 0.1448379 0.04187436 0.006321951 0.7326221 0.008470207 0.020813325 0.11267238 0.76948935 0.77984136 0.0056773275 0.09427548 0.84093994 1.0999815e-05 0.0020901184 0.0032667865 0.07615302 1.37996035e-17 0.0035965305 0.022382235 0.00071526767 1.2597209e-06 7.130318e-05 0.0019250611 0.9019275 0.00012967807 1.0695068e-06 0.17937487 5.377546e-07 0.11610897 0.0022650121 0.015617737 2.6534912e-05 4.490947e-06 1.5231774e-05 0.0011893376 0.012195047 3.397876e-05 0.11269374 0.00044463068 2.3297736e-07 0.00021607085 2.8357144e-07 0.43804437 0.10084346 2.1445702e-08 0.3380894 0.009191817 1.14636606e-07 0.0008544019 7.913442e-05 1.0991355e-08 9.511937e-09 2.7158762e-08 3.3422313e-07 9.419257e-05 2.4652238e-06 2.1624264e-07 0.03412009 1.3971911e-06 0.00031322578 2.0741e-06 0.00054880406 2.6641853e-06 0.0019790279 0.000169164 3.2851437e-07 5.6757977e-05 0.00030455535 6.3486946e-06 0.18226662 0.0008025036 9.778616e-06 8.1110485e-08 3.5657721e-09 0.028050544 2.4316154e-07 0.033831645 0.032935034 8.9629575e-05 9.5425385e-05 3.1225163e-08 2.9196499e-09 4.945599e-10 0.015619071 3.6072885e-09 5.0110765e-07 2.1121866e-09 0.13510448 3.6031145e-09 1.4428479e-08 0.0002914561 0.0028752587 1.6218067e-09
0.90120643 0.0114239035 0.0013366771 0.042764828 0.017106824 0.0007795657 0.015542525 0.0058191963 0.28530926 0.8629744 0.00015883126 0.0010814124 0.000701668 6.787821e-05 1.0004582e-05 0.002434422 0.01612262 0.5594954 0.0031242236 0.03684687 8.282613e-06 1.2413934e-05 0.00087739626 0.0009430596 0.0035965305 4.91627e-19 2.1443329e-08 8.9643254e-05 9.168362e-07 0.00036235817 0.9443244 0.0037472292 9.151331e-08 8.953087e-06 0.0006950632 1.7808123e-05 3.6548206e-06 0.00012984165 0.61585253 4.0120696e-07 1.5914655e-05 1.340395e-05 0.34336093 0.8257535 8.11166e-06 0.10499832 0.47724724 2.3658212e-07 0.0022936356 2.0900622e-08 0.014491979 0.00020813463 1.1357366e-07 0.0034729491 0.29502758 1.551403e-07 0.64394754 6.917508e-05 1.4172197e-07 3.4565876e-06 5.164995e-05 7.688533e-06 0.093549006 4.942693e-07 2.381325e-07 0.00025869792 1.1194309e-06 1.8745484e-05 8.012799e-06 0.13871025 2.230813e-06 0.0011846229 0.052632485 2.015758e-06 7.770461e-05 0.000114015194 0.0001171557 0.013680566 0.00017928334 2.6530176e-07 4.2134845e-05 2.2930087e-07 0.028675314 1.1364501e-06 0.017183239 0.0012095673 1.6694159e-08 0.0008373264 3.845254e-06 1.3291758e-08 4.3394226e-07 3.6650108e-05 8.7713266e-07 2.3142237e-09 1.2215829e-06 0.007499742 5.921611e-07 1.2192922e-08 4.9485568e-08 0.000877116 1.0828018e-07
0.92978203 0.00042818132 0.0028104258 1.1884882e-05 0.0019126321 0.00013111335 0.034376174 0.06999704 0.0010295039 1.187224e-05 0.0031118637 5.7832847e-05 5.3684744e-06 0.16807099 0.8027525 0.09293487 0.019590778 3.719103e-07 0.51177526 0.016444061 0.10911715 2.8736591e-05 6.120961e-09 0.7802383 0.022382235 2.1443329e-08 2.5445593e-20 8.471107e-08 2.7877636e-06 0.4590027 5.006037e-09 0.02153779 0.5241059 0.00032955196 0.7549025 0.046423547 0.70756894 0.9255185 2.9192845e-06 0.11333532 0.09198049 1.1830726e-05 5.3058935e-10 9.5320104e-08 1.5481712e-08 1.8124063e-05 4.707636e-09 2.0784223e-06 9.1463924e-08 1.860607e-08 6.510239e-05 0.77248883 2.4725319e-08 0.008394821 5.34936e-08 7.4248925e-07 1.6123908e-08 0.35877573 1.2448189e-08 4.6283443e-05 8.831378e-06 2.9791284e-08 4.819498e-08 2.8790026e-07 2.6559352e-08 6.4737016e-08 2.0124826e-08 0.72226894 0.02269356 8.5349494e-10 0.00017275795 0.0006776657 1.0507102e-09 0.010543672 0.040176023 4.5542336e-05 0.00013120241 0.014741556 0.00059171836 2.4474568e-07 2.6916938e-09 1.064214e-08 0.004342182 5.898421e-08 0.012484346 0.6952866 0.022584356 6.752649e-06 1.3423526e-08 0.00069543184 6.256764e-09 0.7403826 0.00024854994 0.0015945615 1.4078062e-09 0.14225234 4.970162e-08 4.077787e-10 0.059819967 0.02416074 1.4375106e-08
0.6616914 0.19951157 0.0025827442 0.44802406 0.16774736 0.60954714 0.019999566 0.009177452 0.0027082986 0.0071668834 0.018189654 1.226589e-07 0.89147776 0.00020005007 1.6092488e-05 0.003662911 0.003429126 0.015479606 0.051774234 0.0004953875 0.04659962 0.09138379 0.918859 0.02736558 0.00071526767 8.9643254e-05 8.471107e-08 1.4210902e-13 0.04815746 0.014813351 0.00029641963 0.00013205023 2.9971468e-06 0.022180956 0.002538789 0.018918674 4.7209176e-07 0.01939765 0.0002969402 5.11197e-06 0.0053123827 0.22133715 0.00015221124 2.2900324e-05 0.67017996 2.0540896e-05 0.00022857002 0.010351614 0.1252574 0.033215187 1.6224744e-06 3.2235894e-05 0.8960293 6.387204e-06 1.3090755e-08 0.00084118254 7.2477546e-06 0.00083869416 0.94232726 2.152653e-05 8.680588e-05 0.093842044 0.0003616389 0.26617 0.016481128 3.2846423e-09 0.026116466 0.00035110614 0.0001422865 4.1075893e-07 7.7071525e-07 2.9312425e-05 3.6082173e-07 1.849059e-05 0.00026162484 2.8967207e-08 1.7833607e-06 0.0025599764 1.3175247e-06 0.06353152 5.8860394e-05 0.012870344 0.004389884 4.2543725e-06 0.003475323 0.008255686 6.5159034e-09 5.4682108e-08 9.83708e-05 2.5679057e-07 3.8154843e-07 2.624237e-06 1.7181369e-06 1.2655247e-06 3.062859e-07 0.00095110666 8.480306e-08 0.010964024 2.995291e-07 0.00011173342 5.5894354e-08
0.99180627 0.0023857348 0.032152295 0.0005563556 0.015823316 0.15282615 0.0043637045 0.002089109 0.00031425772 3.898665e-05 0.7366063 1.5581377e-07 0.10413785 0.0957491 0.00019945206 4.0221035e-05 2.7877544e-05 4.4682853e-05 0.0936777 1.3558019e-05 0.28540322 0.912282 0.003597009 0.006897907 1.2597209e-06 9.168362e-07 2.7877636e-06 0.04815746 3.7070254e-16 0.25866726 1.0381514e-05 8.1731014e-07 0.0024422433 0.84143865 0.0005213543 0.3507876 1.3168627e-06 0.0605204 2.3104828e-06 0.018057356 0.16299273 0.8858565 3.3005267e-06 1.3310964e-06 0.47973934 4.429215e-07 3.2807016e-05 0.75229603 7.598201e-05 0.66034335 7.11989e-08 0.00023501086 0.0006297403 1.9185984e-06 3.114063e-09 0.5438574 1.0287916e-06 0.118257 0.02201542 0.23350246 0.3593785 7.988635e-06 2.2021322e-05 7.3626245e-05 0.4396124 2.949134e-09 4.563823e-06 0.120181434 0.07757713 5.140092e-07 0.0038885372 5.3482177e-06 3.1755462e-07 0.02707629 0.0674948 1.0535207e-07 0.02051824 0.00029496427 4.530378e-07 1.6487878e-05 0.0909537 0.0036161463 0.0009142971 0.021987949 0.0019543145 0.013571059 5.4487446e-05 1.962377e-07 0.029066324 0.00043634066 0.01848086 0.00022758427 0.0014530472 0.0079793725 0.013701876 0.0012186094 0.0034854445 8.549587e-05 3.1779855e-05 0.03607192 0.0013136574
0.98844916 0.017137153 0.019656433 0.008959677 0.10040342 0.22977062 0.036831412 0.023866562 0.015470706 0.004369691 0.34242785 0.0005648041 0.031912196 0.7928424 0.14109498 0.0024497712 0.0014220002 0.00016310754 0.28405657 0.00027251415 0.811169 0.123772696 0.0030911502 0.16935065 7.130318e-05 0.00036235817 0.4590027 0.014813351 0.25866726 4.9160365e-15 0.0011502402 4.498592e-05 0.8170733 0.31522077 0.011961735 0.7181456 0.022287121 0.485719 5.670772e-05 0.6346965 0.86650234 0.035015732 8.342353e-06 4.168278e-05 0.025978873 7.6768425e-05 5.9795864e-05 0.029739419 0.00016066381 0.023572028 3.5193265e-05 0.026912658 1.4154544e-05 7.859441e-05 8.2188035e-07 0.017472047 5.445716e-05 0.634405 7.403632e-05 0.06277978 0.05444578 3.7909822e-06 0.00020207642 3.039802e-06 0.004512766 3.418954e-06 4.8901285e-07 0.50302804 0.18611154 1.0862149e-07 0.039099354 4.60214e-06 4.512589e-06 0.034274954 0.20480137 1.7924469e-08 0.011356188 0.00021256543 2.620309e-07 3.9288489e-07 0.0021005173 2.3804734e-05 0.00015813133 0.0039583687 0.0003726767 0.13938975 0.06462889 5.277404e-07 8.7313e-05 0.0014667545 0.0009120194 0.17908731 0.0019434957 0.00756636 0.00027272708 0.010579812 0.0006689041 4.3201143e-07 0.059883136 0.17034198 7.594927e-05
0.6785674 0.0105617065 8.311435e-05 0.058270685 0.013475753 0.002185929 0.0077493996 0.0025272856 0.09324106 0.5878958 7.1401504e-05 4.2944025e-06 0.0007959286 6.0572906e-06 9.086582e-07 0.0013574432 0.010483818 0.8096146 0.0050019575 0.010805872 0.00012136645 5.8816095e-06 0.002024159 0.0015830696 0.0019250611 0.9443244 5.006037e-09 0.00029641963 1.0381514e-05 0.0011502402 7.9405176e-17 0.002141644 2.6618741e-08 0.0001305225 0.00024098837 0.000336479 3.2689022e-07 0.00012605693 0.38595706 6.5195024e-07 0.00040270665 1.4351526e-05 0.62911713 0.5946791 4.5183983e-06 0.06133893 0.8894151 4.5522947e-06 0.007044271 1.026448e-07 0.0055953246 2.866097e-05 2.683826e-06 0.0007125097 0.08757131 2.5631116e-06 0.5475846 0.00045799967 5.4275407e-08 7.37984e-05 0.00035349678 4.8334146e-05 0.5093671 8.9304154e-07 7.2195706e-07 2.8840163e-06 4.823586e-06 8.510855e-05 0.00014068381 0.2579016 8.9347685e-07 0.0003781342 0.13780202 1.3151728e-05 0.00028797015 4.6230773e-05 1.2632813e-05 0.005587571 3.581344e-05 6.210621e-07 4.349314e-06 4.7460844e-07 0.016763609 6.696215e-08 0.007382241 0.00036439046 7.783743e-09 0.00024982184 5.386906e-06 1.3162293e-07 1.8790686e-06 5.766641e-07 1.2423687e-06 8.227535e-08 8.1329034e-07 0.0025612072 7.8272683e-07 3.2047023e-08 6.673821e-09 0.00015986674 8.8418865e-08
