4.500721e-16 0.9994867 0.9546681 0.9789746 0.9786504 0.99341375 0.9987554 0.9800157 0.98289865 0.9999814 0.99602324 0.99651116 0.99114996 0.96733433 0.9881142 0.989665 0.96586525 0.9788833 0.99995124 0.97937346 0.99999315 0.82441103 0.99987566 0.9899009 0.9949597 0.96868813 0.9811869 0.862101 0.9999931 0.9406975 0.8733738 0.9999971 0.96422404 0.96296674 0.95881414 0.99658585 0.86874753 0.93278885 0.9582799 0.50810003 0.98573977 0.9334606 0.9571973 0.9850629 0.9009806 0.29578027 0.87139386 0.99465114 0.78692627 0.14739878 0.9500109 0.99929607 0.5878573 0.94103366 0.5051208 0.9507854 0.9830758 0.8140801 0.15878662 0.9218259 0.9799515 0.9415103 0.8118483 0.9789186 0.28518358 0.9808989 0.29656532 0.21006088 0.49625316 0.98807913 0.3910107 0.99653316 0.09478069 0.08319027 0.83596426 0.95767653 0.9837442 0.041277245 0.43217996 0.50220245 0.058170475 0.04886685 0.24285945 0.9666278 0.16078569 0.17260133 0.6501393 0.97246844 0.18268767 0.42105237 0.9302684 0.63949335 0.9609522 0.05063257 0.022581449 0.021969488 0.0044852123 0.8769938 0.020348143 0.9351761 0.00091088074
0.9994867 3.370925e-15 0.934126 0.060798176 0.09674958 0.06936879 0.035768736 0.9635331 0.0046469024 0.2814852 0.1290744 0.43165758 0.48917204 0.004578855 0.014827154 0.00010853944 0.00060826604 0.0043889675 0.37175745 0.029291373 0.018315429 0.017539501 0.0046883337 0.34262404 0.051210202 0.5156114 0.61752677 0.010544196 0.024692016 0.0023717922 0.043214407 0.00069873384 0.025834931 0.008796484 0.3479814 5.8956517e-05 0.0056063225 0.005437242 0.008871303 0.01076087 2.943188e-06 0.0005391928 0.2892939 0.2218501 0.0040573548 0.002296436 0.042513587 0.00043255358 0.017263502 0.005270572 2.9449789e-06 6.879338e-05 0.0016721991 0.00096212665 0.0077686324 0.00033332375 0.0003757616 2.8987562e-05 3.1606392e-05 0.00019523484 2.1255871e-06 6.937456e-06 2.3178772e-07 0.00017373207 0.0784705 7.812551e-06 7.171721e-05 0.016352192 0.22513527 2.5503194e-05 0.0026066513 5.1303755e-07 1.5877997e-05 0.00091454556 3.9892353e-07 0.4463175 8.218203e-06 0.0006732786 1.9303728e-07 1.210215e-07 8.9836925e-07 5.092774e-06 3.1361566e-07 3.3790575e-06 0.090864375 0.0006861608 5.966308e-07 1.4935434e-06 3.306502e-05 2.0359916e-08 4.043375e-07 5.538159e-06 3.1651697e-07 0.0053297556 4.551945e-07 3.606045e-06 1.1200486e-05 5.097806e-07 0.0002152991 1.2061352e-05 1.1210863e-05
0.9546681 0.934126 2.37753e-15 0.8962795 0.953503 0.78300345 0.62647027 0.59517753 0.32659552 0.78382164 0.013440778 0.2844366 0.33918965 0.1999441 0.13635336 0.07351757 0.026609492 0.076809555 0.11760937 0.024407165 0.08646075 0.0013355215 0.05275689 0.008002735 0.034311697 0.028801205 0.0115913395 0.006752034 0.019287549 0.30514032 0.0013020771 0.0064718747 0.0010185544 0.00455708 0.003701996 0.013614786 0.0008956656 0.00039058234 0.0048685772 0.0040518 0.0017122395 0.026719214 0.00075758394 0.0004748826 0.0035874662 0.0004332191 0.00027519453 0.035937577 1.3706408e-05 0.00014823419 6.9446255e-06 0.00072633656 3.422123e-05 1.8383316e-05 3.592586e-06 0.00059345586 0.0035510976 1.0285975e-06 9.65013e-06 0.0020149641 1.527862e-05 0.003159062 6.351444e-06 0.0005850254 0.00022233983 0.00070873764 8.3809766e-07 2.9223747e-05 3.9828205e-06 0.00061928364 1.570183e-05 3.4313976e-05 1.0467628e-05 9.829048e-06 3.7524682e-05 0.00010391702 8.080534e-05 4.0288634e-07 1.0506166e-06 7.637482e-07 4.2693438e-07 5.4922964e-07 1.1273524e-06 1.38451e-05 1.6405446e-06 2.5621424e-07 3.6268145e-06 9.182253e-06 2.880557e-07 8.9934133e-07 2.2350057e-06 3.9368308e-05 2.1027688e-05 1.3186894e-05 3.6807026e-07 2.3364363e-08 1.3737794e-08 3.1213685e-07 9.819987e-08 2.9740102e-06 9.41614e-09
0.9789746 0.060798176 0.8962795 9.580478e-11 0.9241456 0.95459574 0.6958709 0.07663384 0.65743536 0.77222556 0.116582885 0.049917396 0.043929562 0.6581646 0.6347252 0.23814414 0.100576475 0.4130416 0.031540927 0.25830373 0.12226816 0.72829056 0.09190443 0.0003432455 0.0037460537 0.00089108286 0.021586167 0.51374775 0.009859452 0.09505224 6.950732e-05 0.011431743 0.00019817436 0.0009135894 0.003918346 0.0037841268 0.31904185 0.06606847 0.0006557531 2.3573331e-05 0.024759779 0.07934406 0.018994262 0.101833835 0.00029759906 1.8173614e-05 5.6119843e-05 0.0073052063 0.017485915 1.9401641e-05 0.019209094 0.00048059333 2.6530217e-06 0.07824816 0.05536607 3.7232236e-05 0.00020839502 8.623913e-06 3.3566408e-07 3.150104e-05 0.0148141 0.011065596 0.0021567577 0.00015436352 0.0037433468 0.0007702917 3.6654336e-07 0.0014852675 0.00021719703 0.002457214 0.035192102 4.5090244e-05 0.006799185 0.0046388065 8.442505e-07 0.014641817 8.969875e-05 1.0063029e-07 4.5373284e-08 8.441361e-09 0.00068688724 5.663991e-08 0.0004639087 0.00020019012 7.994873e-05 0.0016979428 0.0011874574 2.4255032e-05 5.3995456e-07 2.6216668e-07 4.858535e-06 0.0017919429 0.0009813411 0.0001691061 0.00029343236 0.00060875155 6.2025114e-09 0.00043674346 1.1410373e-06 0.00029549864 4.6155524e-09
0.9786504 0.09674958 0.953503 0.9241456 2.6290574e-11 0.7377495 0.40316203 0.38259512 0.31412736 0.5202812 0.058201842 0.018860113 0.022675296 0.5045244 0.86442 0.1101505 0.03444682 0.54070973 0.011254743 0.82101214 0.08139704 0.684218 0.051906683 0.00020029536 0.00090106274 0.0004905877 0.025779186 0.40820026 0.0020301337 0.08274 0.00023360555 0.004086588 1.19910355e-05 0.00022157843 0.0020634413 0.0034321996 0.27458996 0.23804471 0.0001829174 9.988623e-06 0.005626596 0.06916008 0.06935658 0.31229138 0.000114879076 6.3416205e-06 6.5304484e-05 0.00048974494 0.06723516 4.3021886e-05 0.0043667145 6.0149894e-05 4.622991e-06 0.056013085 0.08826301 4.0018902e-05 2.3629531e-05 8.312258e-07 7.181794e-07 8.373486e-06 0.002147959 0.0015558124 0.0004637977 1.0253005e-05 0.016973713 0.00014004797 4.1084198e-07 0.002967483 0.000463688 0.00022307428 0.06922711 5.4722096e-07 0.0061212536 0.014274161 1.0468075e-09 0.014746814 2.3555904e-06 1.0775702e-06 1.292201e-09 2.3398246e-09 0.00021363402 1.5527856e-07 0.0002388536 7.2626794e-06 0.000116877156 0.0047967522 0.0003371675 1.873266e-06 9.3068115e-07 6.089625e-09 1.4004293e-07 0.0003576485 0.00028061288 0.00048494135 9.5833224e-05 0.00036980843 7.0344144e-09 8.191908e-05 2.7434205e-06 1.1727346e-05 2.8266191e-08
0.99341375 0.06936879 0.78300345 0.95459574 0.7377495 1.5900764e-10 0.9078389 0.048959453 0.746241 0.8685663 0.15534566 0.03440064 0.039946288 0.55814826 0.304624 0.3796011 0.13126372 0.15800478 0.027250903 0.09602795 0.16909024 0.6018546 0.09931267 0.0006532751 0.0028139818 0.0025106894 0.015706072 0.5049752 0.008934437 0.17660531 0.00022208766 0.012099457 0.0009957977 0.00089349574 0.0042431774 0.008469537 0.35898364 0.03392961 0.00079851394 0.00012781024 0.045631956 0.12216366 0.013997626 0.06400906 0.00089365424 9.640063e-05 0.00036300378 0.014580041 0.008853888 0.00016961488 0.027938582 0.000793669 1.5001364e-05 0.07289392 0.02268285 0.00031021374 0.00038697568 0.0001000162 2.8814707e-06 0.0002444309 0.021404311 0.02425299 0.0042902417 0.000967068 0.002673622 0.0028061634 4.60499e-06 0.0012890508 0.00055868947 0.006830201 0.022945821 0.00055998936 0.006710299 0.0020810207 3.8393384e-05 0.012641171 0.0015403529 1.5406831e-06 3.7424845e-06 2.2525278e-07 0.0014133366 2.3260061e-07 0.0011360238 0.0024072044 0.0003158797 0.0009829073 0.0028449579 0.00045239995 2.597295e-06 5.6255867e-06 7.9991056e-05 0.0044883247 0.0018743475 0.00021987048 0.000688426 0.00069048867 5.334308e-09 0.0017448418 1.2991627e-05 0.002689707 3.429008e-08
0.9987554 0.035768736 0.62647027 0.6958709 0.40316203 0.9078389 6.375964e-11 0.026029706 0.8988072 0.8757016 0.1163388 0.023283008 0.02371092 0.5652381 0.2218818 0.6231205 0.19578145 0.13450043 0.014539163 0.06702837 0.18858479 0.53231573 0.13818485 0.00036327442 0.0017624033 0.0012866006 0.010795592 0.4693567 0.0042526997 0.40281254 0.00014264573 0.013670739 0.0009040987 0.0006857163 0.0023200936 0.021740716 0.34441346 0.028783271 0.0008098872 8.008594e-05 0.10098898 0.17185666 0.008603213 0.026737457 0.00088855653 7.4341886e-05 0.0003551583 0.03339476 0.004282896 0.00014864896 0.06561191 0.00073814933 1.0960704e-05 0.08798416 0.00980474 0.0003195532 0.00033823415 0.00015889789 1.4456812e-06 0.0002597545 0.048743494 0.05129098 0.008327239 0.0009757116 0.0018487778 0.008739982 6.3718044e-06 0.00048578402 0.00042621922 0.017300354 0.014521738 0.002234358 0.006731428 0.0013712265 5.5704146e-05 0.010418445 0.0038744893 1.3716757e-06 4.3517416e-06 3.0318387e-07 0.002011054 1.3114203e-07 0.0020649424 0.007518186 0.00029680345 0.0006329694 0.0055162604 0.0020941386 1.3769235e-06 1.6634127e-05 0.00030626386 0.010288943 0.0037476865 9.342615e-05 0.0007091108 0.00038230937 6.8220336e-09 0.0037963353 3.7250259e-06 0.005262335 4.432754e-08
0.9800157 0.9635331 0.59517753 0.07663384 0.38259512 0.048959453 0.026029706 3.9131618e-11 0.0116828745 0.1414907 0.020484729 0.05694721 0.056256037 0.011889356 0.052218314 0.000769235 0.0010963078 0.017559217 0.046274245 0.19917567 0.018338123 0.05073269 0.004657618 0.016576817 0.0027400325 0.33167997 0.93656963 0.019300546 0.0011596214 0.0012559567 0.005261976 0.00025371602 0.00043111385 0.000618827 0.45050496 0.00023327075 0.014521134 0.035951376 0.0005730224 0.00047431138 4.278064e-06 0.00065601425 0.82745105 0.84333473 0.0005745403 7.442986e-05 0.03329701 6.0104598e-05 0.17912105 0.0011810362 2.5536656e-05 5.620776e-06 0.00011712286 0.0045532333 0.07945392 4.217042e-05 2.6701693e-05 5.257411e-07 5.0039253e-06 6.7808173e-06 3.367396e-06 4.268463e-06 1.5331113e-06 3.4118566e-06 0.5004049 3.6169808e-06 7.812398e-07 0.23941466 0.057042427 3.3601207e-06 0.011374255 2.4195575e-08 6.582678e-05 0.011984239 2.1264153e-09 0.5115524 1.447126e-07 9.888171e-05 9.02331e-09 1.0575446e-08 6.2437916e-06 9.679658e-07 6.994655e-06 3.0483278e-08 0.101861686 0.022217344 3.810639e-06 3.971099e-07 2.2785016e-05 6.450575e-09 6.028149e-08 1.6489962e-06 7.9363866e-07 0.05635352 1.1098221e-05 2.493956e-05 1.5525352e-07 2.4338879e-06 3.352284e-05 1.5274526e-07 2.0028972e-07
0.98289865 0.0046469024 0.32659552 0.65743536 0.31412736 0.746241 0.8988072 0.0116828745 1.81731e-10 0.49928156 0.012893042 0.002158092 0.0018084544 0.92383575 0.48314527 0.8577305 0.55052924 0.48602596 0.00404916 0.12855367 0.13106982 0.86459506 0.076554626 2.720081e-06 8.5775006e-05 1.4905519e-05 0.003157166 0.7854905 0.002278904 0.0650247 2.180789e-06 0.0090211 2.0569553e-07 2.1487007e-05 0.00019068821 0.0030033586 0.7515065 0.048550267 4.0364034e-06 2.8975927e-07 0.12611268 0.18519004 0.0046198755 0.017725863 3.475356e-06 7.621442e-08 7.376226e-06 0.002012088 0.009580043 5.8418573e-06 0.07687153 0.00022853058 5.1466568e-08 0.24815963 0.064461045 1.5921962e-06 1.5552087e-05 4.920907e-07 3.773002e-08 1.6255501e-06 0.033054072 0.009640799 0.009374209 4.8006288e-05 0.0018560446 0.0004621327 4.3365986e-08 0.00031934056 8.905951e-06 0.0014025259 0.03978789 1.0953368e-05 0.02675193 0.004574519 1.8715883e-07 0.0016534276 5.4017608e-05 5.3439752e-08 1.0226894e-08 1.3311596e-08 0.0035709182 1.20827925e-08 0.0035429264 0.00017720037 1.3504788e-05 0.0005789192 0.005144295 4.0279803e-05 9.85337e-07 7.3343074e-08 1.3040578e-06 0.007466636 0.0020948527 2.6410522e-05 0.0012896399 0.00084062846 1.2053416e-09 0.0007260695 1.2262798e-06 9.555287e-05 6.8459355e-10
0.9999814 0.2814852 0.78382164 0.77222556 0.5202812 0.8685663 0.8757016 0.1414907 0.49928156 1.8958678e-12 0.47311476 0.1838171 0.15945053 0.2858854 0.24865103 0.5163707 0.14702098 0.20163645 0.066056795 0.1478305 0.22786917 0.2787768 0.29235432 0.012137012 0.015521386 0.020636102 0.076857455 0.2908294 0.005581787 0.46462154 0.0014714467 0.0047743535 0.011167222 0.005170407 0.02280115 0.06127504 0.19580413 0.050144043 0.005083967 0.0007748838 0.14646032 0.16854022 0.041104004 0.11936601 0.0024571707 0.00043063922 0.002937465 0.05139798 0.005861812 0.0003043898 0.03524171 0.0003028491 7.558357e-05 0.042808704 0.011006899 0.0011190377 0.0004942938 0.00060891674 1.238507e-05 0.00030992602 0.06786507 0.121449605 0.0038797844 0.00057467975 0.0034012515 0.027489785 2.6617534e-05 0.00082045514 0.0010964652 0.034277186 0.0048744264 0.0036865084 0.0024847956 0.0013474775 2.3397803e-05 0.030928068 0.0031560597 1.9581259e-05 5.204177e-06 2.256205e-06 0.0006231428 1.919034e-06 0.001105983 0.011381998 0.00040448373 0.0009777637 0.0041488097 0.0018876515 3.017691e-06 1.7471295e-05 0.00017115627 0.010828402 0.0033007222 7.878449e-05 0.00032120798 9.14871e-05 5.037619e-08 0.003676695 4.3470172e-06 0.0028285782 2.2350207e-08
0.99602324 0.1290744 0.013440778 0.116582885 0.058201842 0.15534566 0.1163388 0.020484729 0.012893042 0.47311476 9.3897695e-14 0.93643147 0.9032183 0.010070543 0.0035302667 0.007930804 0.0018384195 0.00079162465 0.9192433 8.3324274e-05 0.098907776 0.0034371195 0.07185376 0.017389089 0.40007925 0.007820215 0.00080214813 0.009352237 0.1221305 0.36342484 0.0007305846 0.017362112 0.008154199 0.09518823 0.00012210659 0.022060713 0.0026675249 3.5686182e-06 0.06815922 0.010443164 0.00049373973 0.026731128 2.4961522e-05 2.4256558e-05 0.042274464 0.0017220716 1.6774507e-05 0.12301321 4.1283562e-07 3.578899e-05 7.770587e-07 0.0018851842 2.3045379e-05 3.3446306e-06 1.2717846e-06 0.008322491 0.009805988 0.0015121445 7.749964e-06 0.010768604 8.000109e-06 0.006352644 1.597247e-06 0.00067327014 6.5632235e-06 0.0016964392 0.00017462474 4.3358177e-06 1.7637214e-05 0.014650331 1.5088505e-06 0.0005981321 9.325433e-07 1.3550269e-06 1.3637239e-05 3.7663374e-06 0.0008598205 1.266269e-07 7.023509e-05 0.000114527604 1.225891e-07 0.00013032746 1.4897203e-07 0.0016256418 8.008326e-07 1.547262e-08 5.8646464e-07 2.6944936e-05 1.3741778e-06 3.3368968e-05 0.0007927288 3.38817e-06 2.1068658e-05 1.1506941e-06 7.32768e-08 1.9506088e-09 1.5477943e-07 4.8050324e-06 1.1326604e-07 0.0002846983 3.447008e-08
0.99651116 0.43165758 0.2844366 0.049917396 0.018860113 0.03440064 0.023283008 0.05694721 0.002158092 0.1838171 0.93643147 5.7188775e-11 0.9637368 0.0025582288 0.0027072036 0.00075346004 0.0005418067 0.001070209 0.7297852 0.0013850495 0.01794853 0.0040092804 0.014919635 0.50623065 0.6569377 0.21059598 0.047749273 0.00291768 0.51558566 0.09219869 0.103452235 0.0075027863 0.5981723 0.14843847 0.087404065 0.0009854155 0.0014707501 0.0003160439 0.19444324 0.13130096 0.00014282923 0.0062835757 0.012597504 0.010055653 0.09537369 0.054158706 0.028232623 0.04414209 0.00047069028 0.013162219 2.3387058e-06 0.0037676545 0.029831054 0.00010447408 7.788542e-05 0.019193105 0.005098008 0.040691078 0.026808245 0.012139321 3.2933844e-05 0.0014652929 6.828601e-07 0.0076803174 0.0010275082 0.00047984687 0.020801682 0.00037066342 0.051034663 0.0073794993 0.00012226679 0.0005813583 6.001813e-06 3.2787997e-05 0.00020401496 0.026047856 0.0023151038 0.0008500177 0.00014723219 0.0005911872 7.3493287e-09 0.0069180136 6.254927e-09 0.0014242565 0.0028824038 7.353302e-06 5.097973e-08 0.00015466765 0.014922167 0.00015293455 0.0040005282 1.8016605e-06 7.742197e-05 1.9768913e-05 1.0963503e-09 7.349473e-08 0.0013464409 8.7051677e-07 0.0015735064 0.0043232637 0.0004180972
0.99114996 0.48917204 0.33918965 0.043929562 0.022675296 0.039946288 0.02371092 0.056256037 0.0018084544 0.15945053 0.9032183 0.9637368 1.1252351e-12 0.0023380672 0.0019245635 0.00063887634 0.00039522295 0.00070521486 0.81325686 0.0013736754 0.012516091 0.0039028502 0.011162642 0.6135718 0.86756814 0.20045084 0.034535788 0.0025503195 0.37229598 0.09028286 0.086094044 0.0047697346 0.7561721 0.21469101 0.053072646 0.00075085554 0.001300075 0.00037366568 0.26678643 0.19461004 4.4929708e-05 0.0028319105 0.008664448 0.006319495 0.12698677 0.064951874 0.01723069 0.022011185 0.0002770518 0.011937637 3.2746465e-07 0.0037509333 0.034853175 3.6660036e-05 5.225759e-05 0.025276158 0.008874426 0.029001078 0.019500945 0.021058556 3.874057e-06 0.0010628267 6.042489e-07 0.005867007 0.0011946742 0.0004459197 0.01693004 0.00043369466 0.037751358 0.0020111564 0.0002723014 0.00023429409 2.288433e-06 2.1265516e-05 0.00020259703 0.019764747 0.0010078343 0.00095643813 0.00015927522 0.00087475864 6.8544885e-08 0.003748943 7.853091e-08 0.00061345374 0.0021598823 5.8492824e-06 2.2464995e-07 0.00015997839 0.010999601 0.00016355241 0.0019954818 5.5144264e-06 6.854655e-05 2.5832822e-05 4.001842e-08 3.4090283e-07 0.00096243003 8.735418e-06 0.0018467972 0.004427784 0.0002758514
0.96733433 0.004578855 0.1999441 0.6581646 0.5045244 0.55814826 0.5652381 0.011889356 0.92383575 0.2858854 0.010070543 0.0025582288 0.0023380672 9.648085e-12 0.77258605 0.51087046 0.2538018 0.7951747 0.0031909486 0.37255117 0.095014185 0.9530189 0.06548789 1.0539312e-06 0.00013889013 6.446207e-06 0.0023707747 0.92032754 0.00091696996 0.03585712 5.3761977e-07 0.0045422083 2.480197e-07 3.749281e-05 6.497251e-05 0.0031061 0.8663036 0.24633534 9.3356175e-06 1.0835089e-06 0.025338525 0.17709923 0.0051368945 0.033748478 1.7892276e-06 1.0057272e-07 1.3384444e-05 0.00060028245 0.022095934 1.236973e-06 0.08929331 0.00015668287 1.2203508e-08 0.43514326 0.121019855 1.7272187e-06 3.9058512e-05 5.659142e-08 1.3237868e-08 3.4539546e-06 0.008096883 0.00113974 0.010320774 2.3203389e-05 0.0018615061 0.00016494902 3.3398653e-08 0.00037216986 5.0435706e-06 0.0001492379 0.07084829 8.7063466e-07 0.055035755 0.012969396 4.5405404e-08 0.0019066996 5.1902e-06 5.3510405e-09 1.6435833e-09 2.358455e-09 0.002125719 2.504408e-08 0.0013085403 6.3754214e-06 1.1230077e-06 0.0010372597 0.0016791241 6.2069644e-06 1.8111344e-07 3.5543863e-08 4.082451e-07 0.0006136521 0.00041442935 3.640619e-05 0.00066924165 0.0022201575 3.0183842e-10 0.00026412855 5.4893275e-07 5.801323e-06 2.2248403e-10
0.9881142 0.014827154 0.13635336 0.6347252 0.86442 0.304624 0.2218818 0.052218314 0.48314527 0.24865103 0.0035302667 0.0027072036 0.0019245635 0.77258605 6.5226036e-13 0.14505629 0.11404084 0.9159868 0.0033230998 0.92448634 0.053567857 0.8729761 0.015541168 7.697108e-06 0.00015061593 4.646078e-05 0.005389293 0.7796682 0.00052573916 0.0040014554 7.397876e-06 0.0006555226 1.0772959e-06 1.828805e-05 0.00019486058 0.0005525445 0.6869065 0.74013877 1.7672945e-05 5.2490773e-06 0.00084907067 0.033395547 0.032729376 0.27876607 1.6719725e-05 9.737887e-07 9.82497e-06 3.3348417e-05 0.1975083 3.8155376e-06 0.03069563 5.6029758e-06 4.955814e-07 0.44351304 0.40742293 1.781416e-06 8.597348e-06 4.7726612e-08 1.6416817e-07 1.6317039e-06 0.0012751136 7.583635e-05 0.0018988983 2.550851e-06 0.011561524 2.604087e-05 9.272088e-08 0.0027210736 5.66508e-05 1.03044285e-05 0.27186096 8.134376e-09 0.028221454 0.102569684 6.671386e-10 0.005317979 9.5468934e-08 3.214735e-07 2.685549e-10 3.5360734e-09 0.00025481713 9.2628426e-08 0.00027099572 5.2506987e-08 2.6233349e-05 0.012271697 0.00038494647 4.881911e-08 1.1041482e-06 3.403801e-09 7.064766e-08 0.00012394955 3.2376443e-05 0.00027481894 0.00012595071 0.00186241 4.2814166e-09 0.00014457075 6.781454e-07 6.45734e-07 4.543752e-09
0.989665 0.00010853944 0.07351757 0.23814414 0.1101505 0.3796011 0.6231205 0.000769235 0.8577305 0.5163707 0.007930804 0.00075346004 0.00063887634 0.51087046 0.14505629 1.788377e-11 0.984831 0.1647833 0.0013267698 0.019376129 0.37385982 0.6469496 0.3673028 5.3588877e-08 6.7544843e-06 2.4209935e-06 8.8376095e-05 0.7444564 0.00061174785 0.20404264 2.7812087e-07 0.019067768 7.648116e-09 2.4163087e-06 4.4422804e-06 0.02596112 0.76894844 0.012601594 6.718146e-07 1.2049193e-08 0.48572606 0.6498661 0.0002804497 0.0036890141 5.956467e-07 1.9440312e-09 1.2871884e-06 0.0051891683 0.0031327535 2.1745616e-07 0.17203198 0.00014895834 8.4077945e-09 0.18478715 0.014555639 3.2722957e-07 7.92386e-06 1.2068697e-08 4.885252e-09 1.4968701e-06 0.15087453 0.019884007 0.028983247 9.4911054e-05 0.00053262344 0.0014405539 1.1064213e-09 6.880138e-05 2.963324e-07 0.0036409646 0.029337814 8.587863e-05 0.011930996 0.0010176831 1.9250066e-07 2.6752286e-05 0.0001424345 3.9974857e-08 2.539153e-09 5.716983e-10 0.006549059 2.826956e-10 0.00821777 0.0002527881 2.6007015e-07 6.92749e-05 0.012218922 0.0002330864 1.5935917e-07 5.045608e-09 1.0497082e-06 0.014976051 0.0026657523 3.4414325e-07 0.003378647 0.0005556734 8.395014e-11 0.0056690145 1.7099718e-06 5.20614e-05 2.0473997e-10
0.96586525 0.00060826604 0.026609492 0.100576475 0.03444682 0.13126372 0.19578145 0.0010963078 0.55052924 0.14702098 0.0018384195 0.0005418067 0.00039522295 0.2538018 0.11404084 0.984831 4.2434292e-11 0.12327839 0.0003297425 0.021525178 0.1506532 0.627262 0.12433195 3.9102486e-09 4.571119e-06 6.347011e-08 4.033231e-05 0.6586736 0.00061513955 0.09794158 1.214256e-08 0.011863256 1.7468078e-09 2.1923622e-06 4.981397e-07 0.022821734 0.83524364 0.014927286 2.5461392e-07 7.807028e-09 0.81418866 0.9250912 0.00059640215 0.003902318 6.4562656e-08 5.9967203e-10 1.2434825e-07 0.0017351568 0.0018613262 6.790646e-08 0.45922342 0.00011920486 7.127686e-09 0.3622763 0.011277213 1.7724707e-07 2.035788e-06 1.0488821e-09 2.3524929e-09 2.2611822e-07 0.29586428 0.019016653 0.15854909 1.3045025e-05 0.00057179574 0.0019016156 4.3571144e-10 1.4105197e-05 2.0460443e-07 0.0018016013 0.017693773 2.0793137e-05 0.043734193 0.0010121181 5.6602538e-08 1.1942782e-05 2.3288609e-05 1.4596552e-08 5.741845e-10 1.5742635e-10 0.018315334 1.8454754e-09 0.031518664 0.00013905884 2.3101138e-07 7.153966e-05 0.041065324 0.0001903695 5.4995684e-08 6.3654357e-09 2.712866e-06 0.029984202 0.0043972945 4.731133e-06 0.007807074 0.00068208046 4.4591303e-10 0.014217054 7.864014e-07 4.3356747e-05 2.5362104e-09
0.9788833 0.0043889675 0.076809555 0.4130416 0.54070973 0.15800478 0.13450043 0.017559217 0.48602596 0.20163645 0.00079162465 0.001070209 0.00070521486 0.7951747 0.9159868 0.1647833 0.12327839 2.1349788e-12 0.0018510174 0.86935794 0.039994955 0.92099196 0.010116974 1.497387e-06 6.840563e-05 8.380749e-06 0.0021012675 0.86915153 0.0002707627 0.0047549778 1.4514391e-06 0.0008505521 2.3348271e-07 9.016777e-06 4.6273868e-05 0.000801973 0.82661855 0.7732581 6.6648067e-06 5.89084e-07 0.0047718724 0.07314675 0.02103415 0.16512468 3.141879e-06 1.8490164e-07 3.0124263e-06 8.336261e-06 0.13266733 1.5760558e-06 0.06759171 2.125259e-06 2.5516087e-07 0.62854 0.4778514 1.9191655e-06 6.4557917e-06 4.5782884e-09 6.992814e-08 1.0670932e-06 0.0029863466 7.837375e-05 0.004341238 5.133659e-07 0.010183918 3.7695267e-05 1.0883046e-08 0.0022218977 6.3287034e-06 6.9645625e-06 0.38592023 3.9939096e-09 0.06837213 0.10344473 3.3502295e-10 0.0031927829 3.6255347e-08 1.8748898e-07 1.0843688e-10 6.693743e-10 0.00049500517 5.4575622e-08 0.00036723565 2.7270156e-08 1.1751103e-05 0.0060850866 0.0005478234 5.042541e-08 7.626244e-07 4.516474e-09 5.110678e-08 0.00027089496 0.00012423783 0.00022975914 0.00011593367 0.0076296497 7.30018e-09 0.00027618546 6.227108e-07 5.7281113e-08 4.819587e-09
0.99995124 0.37175745 0.11760937 0.031540927 0.011254743 0.027250903 0.014539163 0.046274245 0.00404916 0.066056795 0.9192433 0.7297852 0.81325686 0.0031909486 0.0033230998 0.0013267698 0.0003297425 0.0018510174 2.04043e-13 0.0027501916 0.00670923 0.0064242543 0.0057688802 0.35350886 0.84560573 0.117968775 0.02576214 0.004525579 0.75551885 0.028187027 0.06561822 0.005541981 0.63987106 0.44959018 0.03216287 0.0011146846 0.0022575236 0.0007992053 0.46290055 0.11923085 0.000643365 0.003505718 0.013171863 0.012496823 0.32585827 0.072243445 0.017194623 0.041456554 0.00087722763 0.010746031 7.673637e-05 0.012016765 0.02277019 0.00029010643 0.0004001953 0.08739849 0.037489623 0.2659479 0.03863974 0.03473474 0.00040092706 0.0031122689 3.540678e-06 0.013661699 0.0015029674 0.00081591355 0.08423837 0.00041159854 0.022027293 0.011553556 0.00022639109 0.0022145316 4.3833363e-05 7.420561e-05 0.0016687125 0.014985744 0.007360957 0.00081048755 0.0026675859 0.01496587 5.5188906e-07 0.010684575 4.4797907e-06 0.0044427426 0.0007593503 3.7507863e-05 2.8465005e-05 0.00061284675 0.031526055 0.0008295075 0.009159951 8.187785e-05 0.001161184 2.9028535e-05 4.889881e-07 2.98341e-06 0.002055923 0.00010647756 0.002255603 0.0125083225 0.0003856507
0.97937346 0.029291373 0.024407165 0.25830373 0.82101214 0.09602795 0.06702837 0.19917567 0.12855367 0.1478305 8.3324274e-05 0.0013850495 0.0013736754 0.37255117 0.92448634 0.019376129 0.021525178 0.86935794 0.0027501916 6.775212e-12 0.014669037 0.44737786 0.0034546386 2.0900017e-05 0.00015140962 0.00024586005 0.010951171 0.44916466 0.00020599717 0.00026726394 1.1840569e-05 0.00025395228 4.685461e-07 3.5641373e-05 0.00039705675 0.00027917867 0.50387865 0.97341967 2.413079e-05 4.8803986e-06 0.00011390021 0.0035278734 0.10082002 0.67288053 3.7956837e-05 9.647962e-07 2.3441598e-05 5.2147093e-06 0.47958767 4.0807286e-06 0.0018016939 4.3884015e-07 1.1673735e-06 0.37977326 0.7191676 2.6688542e-06 6.2618956e-06 5.2231974e-09 3.152764e-07 1.7505243e-06 0.00012741447 9.053457e-06 0.00023183826 5.682177e-07 0.07635316 7.2407765e-06 1.07923e-08 0.014983522 9.126397e-06 3.6029496e-07 0.5597888 4.809511e-10 0.010614117 0.2243559 1.5389899e-10 0.018170793 2.8788035e-08 1.165716e-06 2.1870328e-10 2.539279e-09 0.00012170281 1.3673703e-07 6.96628e-05 2.1888993e-09 2.4578398e-05 0.056300353 6.841835e-05 6.25746e-08 5.583464e-06 1.5205678e-09 9.005519e-08 1.4010479e-05 1.3149314e-06 0.0016231856 4.2674594e-05 0.0034003144 4.1457692e-08 0.0001010191 9.940585e-06 9.171811e-08 1.3285927e-08
0.99999315 0.018315429 0.08646075 0.12226816 0.08139704 0.16909024 0.18858479 0.018338123 0.13106982 0.22786917 0.098907776 0.01794853 0.012516091 0.095014185 0.053567857 0.37385982 0.1506532 0.039994955 0.00670923 0.014669037 7.748322e-14 0.13439737 0.4985782 0.0015669139 0.0026192628 0.0023734656 0.007976087 0.20212802 0.004075572 0.9513634 0.00014213326 0.021018047 0.0026549492 0.002661836 0.0022701407 0.31497517 0.19130503 0.0062376317 0.0018856532 0.00017881085 0.6392157 0.75843793 0.005467956 0.014277319 0.001334104 4.126503e-05 0.00034055667 0.26548108 0.0012844398 6.7560664e-05 0.25818574 0.0035648583 1.9651581e-05 0.05451642 0.004159538 0.0013605972 0.0015306018 0.0002689212 9.891647e-06 0.0007785085 0.7491786 0.2861309 0.079215944 0.0027820547 0.0004399859 0.2882912 7.577845e-05 0.0007115617 0.00017550777 0.2594231 0.0038835232 0.06833248 0.0032451642 0.00019120958 0.00064343994 0.006362497 0.03143584 5.3669587e-06 3.628501e-05 3.6351612e-05 0.0043427395 5.5660416e-06 0.01783939 0.09847528 8.913093e-05 7.886034e-05 0.062103868 0.050353363 2.6072141e-06 4.8402322e-05 0.0051511703 0.18494569 0.5135273 1.1868391e-05 0.0026868572 0.00013029616 2.5173195e-08 0.19363138 9.0572485e-06 0.019375864 1.1328369e-08
0.82441103 0.017539501 0.0013355215 0.72829056 0.684218 0.6018546 0.53231573 0.05073269 0.86459506 0.2787768 0.0034371195 0.0040092804 0.0039028502 0.9530189 0.8729761 0.6469496 0.627262 0.92099196 0.0064242543 0.44737786 0.13439737 9.941014e-15 0.045134503 5.3232612e-05 0.00058844907 0.00024087209 0.0006510448 0.6063237 0.001886121 0.21352498 8.2183915e-06 0.006732603 2.1397418e-07 5.233779e-05 7.7506265e-05 0.025179015 0.1266596 0.080586106 2.4136776e-05 2.0695436e-06 0.4009371 0.70174724 0.00066935975 0.0014680765 3.6476683e-06 8.907292e-08 2.6663863e-06 0.0075683547 0.001615374 3.857713e-06 0.018187212 6.616451e-05 1.0590002e-06 0.04039583 0.0007596024 8.047698e-06 6.216761e-05 4.7985573e-08 1.080617e-07 1.3624122e-05 0.00421144 0.004622167 0.0035255027 1.7278324e-05 0.00026034922 0.0020917056 8.150839e-09 6.957011e-05 1.6168549e-06 0.00051060045 0.0033417118 1.9832873e-05 0.0021083443 9.057625e-05 1.0376485e-07 9.109189e-06 6.4509177e-06 4.3076216e-08 4.4161608e-09 5.602102e-09 0.00020137097 1.4567779e-10 0.00015822274 2.6670185e-05 8.937666e-07 2.0448468e-05 0.00021485439 1.3853422e-05 1.8149193e-07 6.8703745e-09 5.9601206e-07 0.0013279609 0.00010770412 5.5925343e-06 2.9514926e-05 6.3560765e-05 9.417523e-09 0.00026196163 5.674239e-07 1.4683269e-06 2.2188322e-09
0.99987566 0.0046883337 0.05275689 0.09190443 0.051906683 0.09931267 0.13818485 0.004657618 0.076554626 0.29235432 0.07185376 0.014919635 0.011162642 0.06548789 0.015541168 0.3673028 0.12433195 0.010116974 0.0057688802 0.0034546386 0.4985782 0.045134503 1.2665501e-13 8.304557e-05 0.0015013601 7.1472154e-05 0.00074237323 0.04586572 0.0054619806 0.9816313 1.673578e-06 0.04562805 6.7801804e-05 0.0014286895 1.6248241e-05 0.4053295 0.04170362 0.0018449187 0.00056799676 2.0230955e-06 0.47628704 0.3597359 0.0003828702 0.005396558 0.0006100365 7.555571e-08 2.1626668e-06 0.27783957 0.00033315914 2.8130332e-06 0.059911445 0.0036708177 1.3274149e-08 0.010433747 0.00037062753 0.00032627187 0.0006403311 9.437586e-06 4.356111e-09 0.0003153869 0.5263931 0.5961588 0.019894028 0.0024992037 0.00025030714 0.46787032 2.1003837e-07 7.2624054e-05 3.673712e-06 0.46005556 0.0020744405 0.05793588 0.00082405243 2.9902909e-05 0.00029036053 0.00067361735 0.023932166 2.2125787e-08 3.2311589e-06 2.6670438e-07 0.001009771 5.067655e-09 0.007333606 0.10222762 1.1249053e-05 3.5478843e-06 0.023277689 0.06124348 2.0425807e-08 7.4433297e-06 0.0032581326 0.08523312 0.58339196 7.776862e-08 0.0005953775 3.2309017e-05 1.2951983e-10 0.20010278 7.1342996e-08 0.030920835 1.9323435e-11
0.9899009 0.34262404 0.008002735 0.0003432455 0.00020029536 0.0006532751 0.00036327442 0.016576817 2.720081e-06 0.012137012 0.017389089 0.50623065 0.6135718 1.0539312e-06 7.697108e-06 5.3588877e-08 3.9102486e-09 1.497387e-06 0.35350886 2.0900017e-05 0.0015669139 5.3232612e-05 8.304557e-05 1.2894327e-14 0.057856675 0.92471504 0.018497419 2.9862582e-05 0.03486235 0.0001523816 0.98740023 0.0006418847 0.1026637 0.0067035793 0.20163374 7.555773e-08 5.9205977e-06 6.7444876e-06 0.007833957 0.5035984 8.1174634e-10 9.532019e-06 0.0039032411 0.00035509633 0.004180388 0.20341785 0.40978634 9.85641e-06 0.000115246345 0.30376303 5.8453065e-10 0.0001534788 0.60978824 1.0718741e-07 1.649211e-05 0.00013099074 5.5119843e-05 6.0981824e-06 0.012825971 5.201277e-05 5.8267866e-09 7.9937706e-08 4.767546e-09 4.9586175e-05 0.0005421775 3.8839354e-09 0.00015980745 0.0021510667 0.5357769 4.3333475e-07 1.2647079e-06 4.1259298e-08 1.6283073e-08 4.2417046e-06 6.0672406e-08 0.105247155 8.035416e-07 0.09053705 2.7909812e-07 4.8313386e-06 8.256555e-08 5.2324966e-05 6.504792e-08 4.3228816e-08 0.12549043 6.340502e-06 4.6457874e-08 3.4144602e-08 0.0019025988 1.1864379e-08 2.2908773e-07 1.18731116e-07 1.9845528e-07 0.00070539437 3.9811646e-08 1.0031824e-06 0.0015574143 1.9058493e-08 0.04683998 3.7157173e-07 0.0010068137
0.9949597 0.051210202 0.034311697 0.0037460537 0.00090106274 0.0028139818 0.0017624033 0.0027400325 8.5775006e-05 0.015521386 0.40007925 0.6569377 0.86756814 0.00013889013 0.00015061593 6.7544843e-06 4.571119e-06 6.840563e-05 0.84560573 0.00015140962 0.0026192628 0.00058844907 0.0015013601 0.057856675 3.5876723e-12 0.0076366346 0.0022077966 0.0003026164 0.61827993 0.008760506 0.0060489792 0.0034757787 0.9237798 0.92029756 0.002442948 0.00012851522 0.00015187195 0.00011313159 0.8744418 0.34055355 5.7353706e-08 0.00015904511 0.00080689206 0.00093498564 0.54865676 0.12915134 0.0022706082 0.002764748 0.0002820211 0.0011218126 4.025597e-08 0.0038223157 0.008467842 3.3121727e-05 3.4497756e-05 0.056323707 0.011290321 0.16027266 0.065262996 0.011381764 7.5668163e-07 6.836989e-05 5.600812e-08 0.0066615823 0.00024087944 1.8154318e-05 0.118984565 0.0005920186 0.0034268948 0.00024074028 0.00044312497 0.00015056682 4.9971536e-06 0.00014032055 0.00032146325 0.0043279524 0.00063729024 0.0004304403 0.00045251276 0.0076368568 4.162474e-07 0.013438792 3.3185438e-07 5.054942e-05 0.00012950244 0.00023437677 5.8476513e-07 6.147439e-05 0.044146214 0.00026730265 0.0012266671 2.9038708e-06 2.725396e-06 0.00011734781 1.7288336e-06 1.5317779e-05 0.001755735 6.5646043e-07 0.002233999 0.0011163611 0.000371871
0.96868813 0.5156114 0.028801205 0.00089108286 0.0004905877 0.0025106894 0.0012866006 0.33167997 1.4905519e-05 0.020636102 0.007820215 0.21059598 0.20045084 6.446207e-06 4.646078e-05 2.4209935e-06 6.347011e-08 8.380749e-06 0.117968775 0.00024586005 0.0023734656 0.00024087209 7.1472154e-05 0.92471504 0.0076366346 2.4999023e-16 0.5151616 0.00012530219 0.0040282994 0.0004904993 0.94169533 0.000147588 0.007345414 0.0005563415 0.9137629 3.3357958e-07 2.5178611e-05 4.559527e-05 0.0006887475 0.0077522085 1.3465985e-09 3.0714207e-05 0.03139466 0.0032154082 0.00012035046 0.0029084994 0.9165674 1.8177158e-06 0.0022672317 0.77911276 8.493199e-10 1.4700953e-06 0.07237257 3.497773e-06 0.00014380908 1.4751412e-06 5.329366e-07 8.179215e-09 1.9352245e-05 1.6118737e-07 8.59109e-09 3.3478308e-08 3.399532e-09 1.11008134e-07 0.0105571505 2.5043079e-08 1.6570509e-07 0.036976714 0.8390144 1.4467618e-07 2.2698372e-05 3.5055183e-09 1.6560737e-08 1.776143e-05 1.3689339e-10 0.47128728 4.5565294e-08 0.12517467 2.3253384e-09 9.648417e-08 7.5662e-08 4.5415172e-07 9.951977e-08 2.8922031e-09 0.6140704 0.00012145978 1.9805377e-08 3.8695096e-09 3.4322682e-05 4.4415005e-10 1.1030382e-07 1.1437125e-07 2.5185264e-07 0.0030546857 7.035948e-08 4.739345e-07 1.3800214e-05 1.0900213e-07 0.02937804 7.783049e-08 2.574605e-05
0.9811869 0.61752677 0.0115913395 0.021586167 0.025779186 0.015706072 0.010795592 0.93656963 0.003157166 0.076857455 0.00080214813 0.047749273 0.034535788 0.0023707747 0.005389293 8.8376095e-05 4.033231e-05 0.0021012675 0.02576214 0.010951171 0.007976087 0.0006510448 0.00074237323 0.018497419 0.0022077966 0.5151616 4.0690576e-16 0.0006250411 0.00047113336 8.88019e-05 0.01563934 7.1230585e-05 1.6203274e-05 0.00022499441 0.941822 2.080335e-05 0.0006712856 0.0030063505 0.00031686417 0.00024603246 1.3375402e-08 3.0895382e-05 0.941965 0.38607422 0.00015685285 2.252618e-05 0.2471594 2.1080866e-06 0.064573415 0.005301585 6.469332e-08 1.309798e-07 0.00021580335 0.00011015147 0.0022498402 7.853436e-06 6.492345e-07 2.7957705e-09 5.7996303e-06 3.2294108e-07 3.1853233e-08 4.0613997e-07 4.7858517e-08 1.9368936e-07 0.45078894 1.6739125e-07 7.72229e-08 0.3512738 0.17870638 5.3045934e-08 0.0029180667 1.3637459e-09 8.3700215e-08 0.00043639293 3.185144e-10 0.9329478 3.5539642e-09 0.00063235825 3.059621e-09 1.6173992e-08 1.7966228e-06 6.057112e-08 1.9730375e-07 1.8377546e-09 0.523068 0.0119598005 5.5655846e-08 5.103003e-08 5.737349e-05 2.4158624e-09 1.9982666e-07 3.9012124e-07 2.1499837e-07 0.18288726 3.1506508e-07 2.1438354e-05 1.09281274e-07 2.882442e-07 0.00010678568 7.077092e-08 2.6904135e-07
0.862101 0.010544196 0.006752034 0.51374775 0.40820026 0.5049752 0.4693567 0.019300546 0.7854905 0.2908294 0.009352237 0.00291768 0.0025503195 0.92032754 0.7796682 0.7444564 0.6586736 0.86915153 0.004525579 0.44916466 0.20212802 0.6063237 0.04586572 2.9862582e-05 0.0003026164 0.00012530219 0.0006250411 4.439387e-12 0.0010281514 0.130113 2.8281831e-06 0.007338912 1.3059888e-07 5.4589185e-05 5.17805e-05 0.021770779 0.8146129 0.20188428 2.340291e-05 5.1264947e-06 0.642393 0.89351445 0.0010828401 0.0021304074 3.8082017e-06 4.7052506e-08 9.4943005e-07 0.003098538 0.004591182 3.944085e-06 0.2780038 5.1232277e-05 1.9629046e-07 0.3796642 0.034821205 1.6151867e-05 0.0002736058 5.6467616e-07 6.106807e-08 3.916997e-05 0.024323666 0.0054718577 0.03867961 2.8721548e-05 0.00047303527 0.001891304 5.157552e-09 0.00021210637 1.1473066e-05 0.0013202435 0.0062723374 3.695842e-05 0.027293412 0.00039825833 6.424952e-08 4.2883108e-05 8.090723e-06 5.4930478e-08 1.8214232e-09 1.499818e-08 0.0036931203 3.48691e-11 0.0017979814 0.00010885332 1.2652001e-06 0.00027444286 0.0015760891 1.2121961e-05 4.9707974e-06 4.4846784e-09 2.0060122e-06 0.0066489666 0.0002261576 1.0425038e-05 0.0003315022 0.0011866457 2.6315283e-09 0.0024849665 2.8606887e-06 5.798745e-06 4.1114392e-10
0.9999931 0.024692016 0.019287549 0.009859452 0.0020301337 0.008934437 0.0042526997 0.0011596214 0.002278904 0.005581787 0.1221305 0.51558566 0.37229598 0.00091696996 0.00052573916 0.00061174785 0.00061513955 0.0002707627 0.75551885 0.00020599717 0.004075572 0.001886121 0.0054619806 0.03486235 0.61827993 0.0040282994 0.00047113336 0.0010281514 7.9083544e-13 0.014339325 0.0031783916 0.024075689 0.16436858 0.43567884 0.0004774351 0.0025096803 0.00034136188 6.065711e-05 0.35225773 0.014871032 0.0002451967 0.001688213 0.00030483023 0.00031133284 0.4353203 0.008114768 0.0005996167 0.2303634 2.2724169e-05 0.00046327186 8.402297e-05 0.4121496 0.0008404878 7.960705e-05 8.427222e-05 0.8623031 0.88603735 0.77948684 0.0022323008 0.7185744 0.0006019391 0.011900388 2.5743422e-05 0.27074283 0.00041710274 0.0072887796 0.20756418 8.957719e-05 0.00052245206 0.041487236 5.2319174e-05 0.06657816 8.913317e-06 1.3313789e-05 0.14053644 0.00023217281 0.12581214 3.865128e-05 0.08657085 0.12027976 5.3934086e-06 0.018883731 1.3930434e-05 0.028758554 0.000130552 1.8709611e-06 6.556015e-05 0.01246008 0.0027054034 0.03132621 0.12381195 0.00016676213 0.0024767932 4.937084e-06 2.048193e-06 3.8786536e-07 0.00016381404 0.00014337047 2.6282656e-05 0.057853978 6.854521e-06
0.9406975 0.0023717922 0.30514032 0.09505224 0.08274 0.17660531 0.40281254 0.0012559567 0.0650247 0.46462154 0.36342484 0.09219869 0.09028286 0.03585712 0.0040014554 0.20404264 0.09794158 0.0047549778 0.028187027 0.00026726394 0.9513634 0.21352498 0.9816313 0.0001523816 0.008760506 0.0004904993 8.88019e-05 0.130113 0.014339325 5.2438005e-09 1.4183651e-05 0.1310453 0.00014853745 0.0031568408 0.00012955742 0.8416457 0.22404203 8.521674e-05 0.0021638244 0.00016574249 0.5042788 0.5706071 1.3336408e-05 3.428823e-05 0.0021198697 7.0968285e-06 2.4162917e-05 0.69408464 9.697115e-06 4.5364286e-06 0.00027000048 0.0052614817 6.878629e-07 0.00074229995 0.00023480789 0.0007633336 0.006288968 0.0002094618 6.2989255e-07 0.004037445 0.039598215 0.66830146 0.0002576709 0.0024371736 2.0088753e-05 0.4428562 6.5355102e-06 0.00016571861 1.3186529e-05 0.6596611 0.00080756145 0.049093302 8.79535e-05 6.969565e-06 0.0014757499 0.00045839103 0.019579465 2.9735634e-07 0.00010279287 3.7813634e-06 2.4250663e-05 1.9991339e-07 6.785232e-05 0.18277478 1.1249049e-06 4.9160494e-06 0.0005537399 0.04516935 1.9398854e-06 0.00019833242 0.0021580262 0.0046838294 0.11598975 1.7969768e-07 8.168829e-06 2.0394257e-06 4.7279732e-07 0.033652045 4.197762e-07 0.032840874 7.1426186e-08
0.8733738 0.043214407 0.0013020771 6.950732e-05 0.00023360555 0.00022208766 0.00014264573 0.005261976 2.180789e-06 0.0014714467 0.0007305846 0.103452235 0.086094044 5.3761977e-07 7.397876e-06 2.7812087e-07 1.214256e-08 1.4514391e-06 0.06561822 1.1840569e-05 0.00014213326 8.2183915e-06 1.673578e-06 0.98740023 0.0060489792 0.94169533 0.01563934 2.8281831e-06 0.0031783916 1.4183651e-05 1.3821469e-13 6.885797e-05 0.010653125 0.00052254304 0.2920862 1.3446366e-07 7.436003e-07 7.203762e-06 0.00041383278 0.01847467 1.387075e-09 9.505816e-07 0.0014626345 0.00033279014 0.00010941712 0.009333816 0.7303083 9.917949e-07 0.00026918625 0.8323998 4.758643e-09 5.211637e-06 0.8790799 7.952259e-07 3.387595e-06 1.016499e-05 6.5236795e-06 1.09626725e-08 0.0012049384 1.3878234e-06 8.6010745e-09 9.016806e-09 6.3276073e-09 1.0416447e-06 0.0003058748 1.0671247e-08 7.5067255e-06 0.003713706 0.69247997 1.4017536e-07 1.010105e-06 2.589569e-09 2.92009e-09 6.353189e-06 2.69363e-09 0.1619436 8.164442e-08 0.19788587 1.5712294e-08 2.1737128e-06 8.720959e-08 1.7618763e-06 2.572882e-07 9.648671e-09 0.2681739 3.4868874e-05 2.1073278e-07 1.5386245e-08 0.00031861928 3.881077e-09 2.4836902e-07 7.590397e-08 1.4059374e-07 0.00034209405 3.2333567e-08 2.9348368e-07 0.0030317 3.7220371e-07 0.107016474 4.8561027e-08 0.0033391078
