3.0048907e-14 0.9832949 0.96721834 0.94636476 0.9533153 0.90254235 0.96250975 0.974679 0.9958821 0.9561544 0.94526213 0.8353144 0.99319786 0.9775746 0.97642344 0.9198393 0.93471617 0.90402424 0.99438494 0.9341191 0.9763862 0.9282367 0.9986452 0.79471004 0.9249509 0.82054085 0.98966265 0.943232 0.9514513 0.99795413 0.9985367 0.99288416 0.9615515 0.7592855 0.9787939 0.98876935 0.86271715 0.97440124 0.95872146 0.9568855 0.53077924 0.99937516 0.8764312 0.9928068 0.8709502 0.9331496 0.9599803 0.9961127 0.9470663 0.99371773 0.97824997 0.9948446 0.9803113 0.9270641 0.62757695 0.9492515 0.97867775 0.9109181 0.9993864 0.99832237 0.8643777 0.52047306 0.75577885 0.54495394 0.60672945 0.7239833 0.12457648 0.9513925 0.9959319 0.99655104 0.9630345 0.9997572 0.23475502 0.04575402 0.64735866 0.20554458 0.32838565 0.5521209 0.99891835 0.24386373 0.9982521 0.9701764 0.20211722 0.62979406 0.78523856 0.010198302 0.9980296 0.38829064 0.64218897 0.080328755 0.094939984 0.5643578 0.79064834 0.8717277 0.61475843 0.11291372 0.074764535 0.47541958 0.101477705 0.8903629 0.3625709
0.9832949 2.5883603e-12 0.7182779 0.76015717 0.76536405 0.89371693 0.36677584 0.96154016 0.74389714 0.20122752 0.073939845 0.036476165 0.3146201 0.008743516 0.4844464 0.017750029 0.0055000493 0.014924401 0.11429939 0.0059880526 0.45011994 0.0012980822 0.05550469 0.0058384826 0.010045301 0.5169739 0.000198894 9.720518e-05 0.48505658 0.00058742746 0.009108946 5.1050793e-05 0.0003958995 0.0006950768 0.001334499 7.665587e-06 0.012646067 0.007001611 0.0003173335 0.0002270683 0.6091038 0.0024937885 0.04968304 0.00017338796 5.181913e-05 0.00011276869 0.0002221385 0.00023884291 1.7644406e-06 0.00044450417 0.0037056855 0.0009862448 0.0048531913 8.022185e-05 0.12739348 0.00039978008 7.0111774e-08 0.00013394015 0.0031592427 0.011602255 0.06507819 0.01301987 0.19034645 0.00044839305 0.00010723082 0.00015225334 0.0001934467 1.6727469e-06 0.023784887 1.6707148e-05 1.2124937e-06 0.001735496 0.0011864499 1.4951903e-05 4.2324746e-08 2.7829662e-08 1.0315175e-05 8.2384366e-07 0.008792433 0.00025559476 1.3700448e-05 2.8191287e-05 5.3643765e-07 0.02938775 0.41226542 7.4820746e-06 0.052234486 3.3612858e-05 2.7724803e-07 6.194812e-06 4.2410633e-05 2.2156132e-06 3.672664e-10 1.6969891e-07 0.018364722 0.0005846768 0.0057744533 7.60512e-08 0.00436893 1.3272928e-05 3.163661e-05
0.96721834 0.7182779 1.1394332e-12 0.9507432 0.93569773 0.2991736 0.90667605 0.32707688 0.20106447 0.8990435 0.059869822 0.6936848 0.14589156 0.3950307 0.010329346 0.0624767 0.42098862 0.5107446 0.0009898267 0.0100300135 0.5738084 0.0012915008 0.025353715 0.21816424 0.40984267 0.20498198 0.00017639327 0.00028211094 0.27493766 0.0005701168 0.0056042587 4.327363e-05 0.003516455 0.0014765797 0.0002579202 4.29344e-06 0.00017192843 7.0258634e-06 1.4741209e-05 0.00047723777 0.5115996 0.0013092717 0.0015396156 2.930422e-06 0.00034049267 6.8605925e-07 3.5087836e-05 0.00019267634 4.6165233e-06 0.00022771714 0.0007015707 0.0006297043 0.0014108331 2.60474e-05 0.14861979 0.032943554 2.0825681e-07 0.00013393172 0.0024273559 0.0023498812 0.3271058 0.363838 0.012652582 0.022224795 2.4027534e-06 0.00014520857 1.62168e-07 2.4240176e-06 0.009916238 1.8182458e-05 6.3083003e-06 5.9055106e-05 5.4141386e-05 1.3287118e-08 2.5126243e-07 3.0854703e-06 1.6848489e-06 2.8058688e-08 0.0043288977 0.024434613 3.058164e-06 3.6564887e-07 7.054155e-08 0.16464339 0.4804013 9.2632275e-09 0.03283155 5.2315553e-08 6.803335e-09 9.642733e-08 5.41544e-05 2.0915197e-06 1.5649206e-09 4.9192245e-08 0.0007929133 0.019966993 0.013278956 1.1798635e-07 0.02435974 3.6149352e-08 4.9619553e-06
0.94636476 0.76015717 0.9507432 1.6626074e-10 0.8983528 0.30822664 0.80968076 0.5130092 0.19581649 0.9494037 0.0075510563 0.42928937 0.13026653 0.2541029 0.0674888 0.00980603 0.37174124 0.44313836 0.0019258552 0.0028008095 0.6874497 0.00063577626 0.03357275 0.1605355 0.40806255 0.24633515 0.00012579441 1.553261e-05 0.39124417 0.0002626801 0.0034926017 1.741894e-05 0.001990859 0.0011829464 0.00032139244 1.2826373e-06 0.0006554739 1.6803278e-05 1.094988e-05 5.2867486e-05 0.46127576 0.0011024816 0.0028205565 1.1797428e-06 0.00012637736 1.6429097e-07 1.2997786e-05 2.008469e-05 7.634784e-08 0.000105054256 0.00020833837 0.00027677635 0.0005421553 8.193811e-06 0.213936 0.04977169 1.8047798e-08 1.9656436e-05 0.0011576617 0.0011881773 0.30580145 0.23006044 0.021887355 0.03351374 1.4410135e-06 8.971004e-05 4.9480593e-07 1.528407e-07 0.004724145 4.0500052e-07 3.1165916e-07 3.0822073e-05 4.623584e-05 6.397353e-08 2.8637647e-08 4.112771e-07 6.59846e-07 1.0411615e-07 0.0035023028 0.021873545 6.453852e-08 1.8784208e-07 3.059483e-08 0.16549154 0.348011 1.31907605e-08 0.015327024 3.032093e-07 5.583913e-09 6.443066e-08 5.861705e-05 1.8011767e-07 6.6905265e-10 1.7031995e-08 0.0018940548 0.016426083 0.024656493 1.0619051e-07 0.028844431 7.1025927e-09 1.7881752e-06
0.9533153 0.76536405 0.93569773 0.8983528 1.2152372e-10 0.400396 0.9832728 0.37037203 0.34535185 0.6287198 0.14652951 0.36163774 0.39431643 0.3623549 0.023335796 0.21836948 0.20748639 0.26456 0.004714228 0.048916087 0.3179282 0.009745129 0.07582711 0.060802616 0.117091745 0.048152156 0.00058756414 0.00025152776 0.13567682 0.00051813206 0.014217495 0.00012580412 0.003154638 0.0028636928 0.001079399 1.5888632e-05 0.00027735 0.00010484267 0.000107988184 0.00043838238 0.11567643 0.0020673848 0.0018535134 3.998628e-05 0.0002876087 3.715535e-06 0.00015119938 0.00020568662 2.7330952e-06 0.0007550213 0.0029503643 0.0012798252 0.0057117552 0.00038717562 0.04330482 0.016583681 3.778171e-07 0.00021575273 0.0031293645 0.006051962 0.12401627 0.11523126 0.012324386 0.008216841 1.2125024e-05 0.00016630758 2.405186e-06 3.9096612e-06 0.014683859 2.2815437e-05 1.4028856e-06 0.00037970688 4.5033394e-05 1.5039738e-07 1.07109955e-07 1.2526801e-06 6.793834e-06 1.0959333e-07 0.0060184523 0.009074952 7.462563e-06 8.4932e-06 1.0316487e-06 0.07537593 0.2219234 6.183945e-08 0.035121668 4.875576e-07 4.6596046e-08 1.7832272e-07 7.202063e-05 6.731658e-07 5.75228e-10 5.3793592e-08 0.0006390262 0.00962728 0.0033732154 1.4559967e-07 0.006391146 3.6367462e-07 8.799047e-06
0.90254235 0.89371693 0.2991736 0.30822664 0.400396 2.2485702e-16 0.14933348 0.7197004 0.96760815 0.0014531947 0.61592126 0.018633885 0.3278894 0.006814544 0.21031775 0.15401325 0.0020794505 0.0011053894 0.8928213 0.03875186 0.0015256432 0.022170814 0.11101758 5.1640177e-06 0.00014092714 0.33719498 0.0028724852 0.00073664583 8.518293e-05 0.010536983 0.076539144 0.0012843645 2.0890906e-07 0.00017441054 0.5735036 0.00010478959 0.0315317 0.033406243 0.3312069 1.9553547e-05 0.012877048 0.028492562 0.013161058 0.1450018 3.4418017e-06 0.06423402 0.06972876 0.005295291 1.6056072e-06 0.015980875 0.6439459 0.019106735 0.4576371 0.00037127172 0.00034490883 1.4876184e-08 2.008489e-06 4.9531866e-07 0.036395587 0.14993796 1.811441e-06 5.815995e-05 1.213759e-05 1.41252725e-08 0.0061283275 2.2938572e-07 2.0690553e-05 0.00035094426 0.20842202 0.006415185 1.9199153e-07 0.05007376 1.9259587e-06 7.8974887e-07 5.798237e-06 1.7296484e-08 7.596606e-09 0.00028016765 0.015814837 2.1502544e-09 0.00071797404 0.0076995906 1.2981273e-09 3.360287e-08 5.9467125e-06 8.4698954e-08 0.08657795 1.6909077e-06 0.00028180334 0.00025017562 2.7495524e-08 4.3966807e-08 2.4515492e-09 1.6856324e-05 2.0949464e-07 4.7431743e-09 9.380699e-09 1.9570467e-07 1.9891e-09 0.002913188 3.1320468e-07
0.96250975 0.36677584 0.90667605 0.80968076 0.9832728 0.14933348 1.5074386e-11 0.10204535 0.21472219 0.4500249 0.1737892 0.62151885 0.42219466 0.8334872 0.0071172877 0.5560801 0.51423264 0.49280152 0.0011469534 0.16336294 0.13539931 0.032970767 0.17818022 0.12455551 0.22075014 0.015393873 0.0029104 0.0029204108 0.037207622 0.0048570153 0.06364335 0.00071010593 0.02138789 0.0056116525 0.00035422505 0.00014216089 7.835829e-05 2.3539294e-05 2.40849e-05 0.0035242082 0.020153118 0.008690839 0.00027416923 6.6918037e-06 0.0007438012 4.7569955e-07 3.187249e-05 0.0008037436 4.3844986e-05 0.0019354599 0.0015664523 0.0032201724 0.0042026374 0.00083411124 0.009053221 0.056622095 3.5252465e-06 0.000810229 0.0080514755 0.0050409404 0.08208743 0.12254932 0.00078694045 0.012820297 2.6335758e-06 0.000732064 2.0629432e-07 2.0951082e-05 0.017219197 0.00014274071 1.527023e-05 0.00019661452 1.3188617e-05 1.4720634e-08 4.04334e-07 5.8659243e-06 4.5307672e-05 2.7777796e-08 0.01138691 0.014384303 4.6656944e-05 1.8176881e-06 2.9082387e-06 0.045378845 0.081207514 1.8550471e-08 0.04792337 6.2936316e-08 9.807271e-09 1.7488624e-08 0.00014567809 4.0686787e-06 2.1752813e-09 2.7478708e-07 8.979248e-05 0.009960268 0.0017227352 1.220284e-07 0.0054566157 2.2399978e-07 2.471524e-05
0.974679 0.96154016 0.32707688 0.5130092 0.37037203 0.7197004 0.10204535 5.761393e-14 0.66693985 0.037313316 0.047753584 0.013072044 0.2438674 0.0031875377 0.9597116 0.0020088532 0.00127805 0.0017727002 0.49153492 0.0008358349 0.23467268 0.00014185037 0.07666262 0.0018322234 0.0029618593 0.9323794 7.837734e-05 9.881379e-06 0.31596458 0.0005444434 0.016940756 7.566084e-06 7.006299e-06 8.039781e-06 0.0015632802 7.119235e-07 0.13257594 0.05371421 0.004280811 3.7100292e-06 0.7418782 0.0013652641 0.3409947 0.0010554789 6.269499e-07 0.0002575429 0.00024747968 1.9124833e-05 2.7399459e-08 4.9867485e-05 0.007781971 0.0003028471 0.0022405055 1.0827952e-06 0.07534515 1.1404004e-05 2.9652434e-09 5.450995e-07 0.0014021106 0.009851219 0.030950109 0.0028135271 0.4245277 2.1435368e-05 0.0003066859 7.4015807e-06 0.0013163657 8.5384755e-08 0.02333182 2.9617925e-07 1.2657153e-08 0.0029091612 0.01291127 8.3697865e-05 1.4136674e-08 3.6811239e-09 2.8436708e-07 2.944843e-07 0.0048342706 8.4194304e-05 7.8487284e-07 0.00016980455 3.1387504e-09 0.015551206 0.19261329 1.6625738e-05 0.04311555 6.669228e-05 1.3443595e-07 2.3586474e-06 2.8581771e-06 4.6329475e-08 1.9111329e-10 1.6222353e-07 0.071693584 0.00017426808 0.010801324 1.01183755e-08 0.004877216 2.152729e-05 1.0516471e-06
0.9958821 0.74389714 0.20106447 0.19581649 0.34535185 0.96760815 0.21472219 0.66693985 1.7897313e-15 0.012655351 0.07468331 0.0119678555 0.53003657 0.020829728 0.37321895 0.08439736 0.009871358 0.012708929 0.7726895 0.033737436 0.056535438 0.008408441 0.36807302 0.002542215 0.0032626707 0.10605994 0.0010357519 9.172577e-05 0.056108654 0.0032313257 0.22138442 0.00014068033 0.00018357695 0.000437357 0.13716635 1.8074747e-05 0.08203532 0.1905623 0.085962996 0.0011534477 0.06398536 0.011969477 0.09784543 0.061477635 1.1282747e-05 0.012291362 0.0055445004 0.00042220764 4.01145e-07 0.003084417 0.20921768 0.006838019 0.09077235 3.242799e-05 0.0029560095 5.7411526e-05 2.561882e-08 1.2801505e-06 0.020956263 0.20153043 0.008450924 0.00023991062 0.043026622 5.4056227e-06 0.004319462 6.7149776e-06 0.005560821 3.148823e-06 0.24066246 8.38935e-05 1.6981483e-07 0.06597113 0.015837038 0.00025955963 5.9574607e-09 9.573784e-09 6.890854e-07 0.00019761497 0.022164555 8.6597014e-05 7.972606e-06 0.008310575 4.5384706e-08 0.006375814 0.0174493 0.000101881225 0.24170703 0.0020855945 0.0001772384 4.2560387e-05 1.2160419e-06 1.2792052e-07 4.4953444e-11 1.3485656e-08 0.0030433277 0.00031035492 0.0019144788 1.2274896e-08 0.0028881507 0.0024328693 6.7430215e-06
0.9561544 0.20122752 0.8990435 0.9494037 0.6287198 0.0014531947 0.4500249 0.037313316 0.012655351 1.0588238e-09 0.0001561192 0.015162038 0.012732192 0.015606013 0.0025661043 0.0002670891 0.107677564 0.42453322 0.0006110863 0.00013769999 0.9724258 1.0265419e-05 0.009946091 0.44840142 0.7353578 0.025021108 0.00024866994 7.67218e-05 0.5241243 0.0003587131 0.001249578 6.547866e-05 0.0010387932 1.5845973e-05 1.97447e-05 2.9727242e-05 5.871552e-05 5.498877e-06 5.0558747e-06 4.3539105e-05 0.111288704 0.0009444578 0.00029154142 5.0835447e-06 3.9569077e-05 2.21346e-07 1.4387163e-06 4.755862e-05 1.3478675e-06 0.00014695078 9.913258e-05 0.00020552604 0.000105130624 9.1268404e-08 0.27218348 0.13423581 1.4186834e-08 1.0530416e-05 0.0005165771 0.0006487147 0.64363813 0.40388915 0.0026371023 0.07401777 5.583727e-07 3.7290833e-05 1.5774549e-07 4.7698114e-07 0.0014156764 1.1099178e-06 5.953485e-07 6.684236e-05 3.7133264e-05 2.2605082e-08 2.0407302e-07 4.185272e-08 2.7224178e-07 1.0402642e-07 0.0015284758 0.07454583 1.0101851e-06 7.72905e-07 3.5861998e-09 0.41465423 0.3078883 8.0095175e-09 0.014538886 3.3673237e-07 3.3732587e-08 1.0136843e-08 0.00013877905 1.592267e-07 1.084674e-08 8.3211256e-07 0.00078190095 0.07804074 0.04463438 1.5495745e-08 0.08356321 9.143515e-08 1.5392226e-05
0.94526213 0.073939845 0.059869822 0.0075510563 0.14652951 0.61592126 0.1737892 0.047753584 0.07468331 0.0001561192 2.7301512e-14 0.1605152 0.9787485 0.034862038 0.0020994747 0.8536322 0.0026179706 0.00038370726 0.078992054 0.76461023 3.4783054e-05 0.44175798 0.90195674 0.00034121514 3.153519e-05 0.0015845264 0.03237275 0.005952708 6.779003e-07 0.088259794 0.75289994 0.014907773 6.023379e-06 0.026293445 0.19156303 0.003914019 2.1598771e-05 3.6200672e-05 0.0052252607 0.0038517786 9.318925e-05 0.12860203 2.2351862e-05 0.0114092 0.00044467844 0.00011798025 0.004693096 0.030919617 0.0002734986 0.03609113 0.31558266 0.035889227 0.27619416 0.0035035855 5.452557e-06 1.4279585e-06 0.0003185102 1.5951327e-06 0.054281395 0.011407888 1.0473843e-06 3.2725646e-05 6.3861216e-07 2.7637485e-08 1.5505997e-05 1.3725091e-06 1.987393e-06 0.0017973274 0.07162608 0.007849647 4.9329e-06 0.002191659 1.594002e-07 1.2365379e-06 1.41565415e-05 0.00017269453 8.930394e-06 2.680336e-05 0.010250814 1.2229752e-07 0.0015483907 0.00048727827 1.1591138e-07 2.270121e-07 5.7846605e-06 1.9021459e-07 0.05238905 5.520201e-07 9.043732e-06 9.374946e-06 1.4217532e-07 8.720328e-06 5.8219346e-08 1.4270362e-05 6.687277e-07 1.4347584e-07 7.896223e-07 2.7095355e-06 1.1457129e-06 0.00014749204 8.839573e-07
0.8353144 0.036476165 0.6936848 0.42928937 0.36163774 0.018633885 0.62151885 0.013072044 0.0119678555 0.015162038 0.1605152 2.2628962e-17 0.04067518 0.98098755 1.2928457e-05 0.82681566 0.8322591 0.4139867 0.00025074554 0.38687843 0.00063888 0.18032554 0.14250034 0.42729548 0.035657134 0.0007193026 0.091076694 0.14403538 1.0892574e-05 0.08094972 0.095293574 0.05805663 0.28102505 0.84064007 3.831427e-05 0.030755702 1.9551877e-08 1.1911813e-08 9.769817e-06 0.41984457 0.00025333886 0.07373458 1.0341867e-07 4.1531675e-07 0.18567775 6.980821e-08 5.340346e-07 0.04217327 0.055131193 0.02848852 0.0010957062 0.024091244 0.01867117 0.0017949378 4.3288044e-05 0.00019615977 0.003464649 0.014209212 0.042112634 0.0019923022 5.1391066e-07 0.0007686678 3.5663383e-08 5.7024263e-05 1.8703303e-09 0.0008548433 3.242475e-10 0.0033371146 0.02449093 0.0162311 0.0021695646 0.00010624668 5.634848e-10 1.0138514e-10 0.00045699993 0.0041826773 0.00057834253 1.6253701e-10 0.030860554 2.6271865e-08 0.008310536 5.324987e-07 4.43461e-06 9.4206305e-09 1.6491172e-06 8.125813e-10 0.045961447 9.0343046e-11 4.9570893e-11 1.2263896e-08 1.4298827e-06 0.00050823623 3.8110134e-06 0.0006263592 1.088178e-08 1.18553976e-08 6.176995e-10 3.32204e-05 1.0089963e-09 4.2370466e-08 3.878979e-07
0.99319786 0.3146201 0.14589156 0.13026653 0.39431643 0.3278894 0.42219466 0.2438674 0.53003657 0.012732192 0.9787485 0.04067518 2.9784684e-12 0.17329705 0.061107237 0.5481916 0.034405645 0.026223928 0.11290585 0.38162687 0.02030084 0.23040175 0.6131118 0.0077594207 0.0058455556 0.01228627 0.015723523 0.005655231 0.005579326 0.033161923 0.5783368 0.00548232 0.004594815 0.013308305 0.06953563 0.0009623865 0.0046122135 0.0062112575 0.009113469 0.01578604 0.0034629211 0.106845334 0.009159243 0.007178084 0.0025032314 0.0007494397 0.007823382 0.00535626 0.00018372353 0.024338638 0.15329266 0.060815927 0.35708568 0.006209017 0.00041598768 0.0018363219 2.9741619e-05 0.00032294463 0.17043723 0.14874211 0.0017843059 9.298472e-05 0.0009220926 7.760152e-05 0.0008098678 0.00014030584 0.00022967851 0.00047726804 0.31497347 0.0027939093 0.00018618371 0.029218784 0.0013052574 5.0955045e-06 7.6929945e-07 6.904926e-05 6.5667584e-05 0.00010783116 0.05100345 0.00014277708 0.0014058007 0.0031699173 4.604735e-06 0.0065735476 0.003970295 2.8728508e-07 0.1920456 2.8812414e-05 6.610251e-05 6.260964e-06 6.0779084e-06 9.328547e-05 3.1236304e-08 1.1570883e-05 0.00013760506 0.0011595131 0.001670264 1.0834897e-07 0.004907073 0.0010158226 8.982819e-05
0.9775746 0.008743516 0.3950307 0.2541029 0.3623549 0.006814544 0.8334872 0.0031875377 0.020829728 0.015606013 0.034862038 0.98098755 0.17329705 1.1979846e-16 0.00014288358 0.3514688 0.8413187 0.66943765 0.00065328286 0.089485176 0.011899951 0.011168132 0.5556551 0.2648003 0.19980676 0.00017630093 0.33181536 0.36552942 0.0014862099 0.23416024 0.25847766 0.11402171 0.7051523 0.113400735 2.2740635e-06 0.0777662 1.3193492e-06 6.2144363e-07 1.3156745e-07 0.30148402 0.00013128013 0.20787446 4.530456e-07 9.618688e-08 0.04620185 8.193466e-10 8.179e-08 0.022602692 0.0027544028 0.03112488 2.2894972e-05 0.019984422 0.000254524 3.064846e-05 0.00043664913 0.22328444 0.00013553696 0.119147964 0.03377777 0.0006786802 0.0052724215 0.0551208 9.851452e-07 0.046286058 2.0696126e-08 0.036961682 1.3975469e-08 0.000339177 0.004829642 0.00039176637 0.00081861095 4.053487e-05 1.3007738e-06 5.8342375e-09 1.16779e-06 0.00021336584 0.0034463103 1.166126e-10 0.029484944 0.014916674 0.00058679754 1.2062783e-08 0.0009180388 0.00052125345 3.0188383e-05 4.255259e-09 0.037336733 4.467484e-09 1.14756524e-10 5.2077065e-10 0.0040429514 0.00038254517 2.3551518e-08 1.737039e-06 2.0451673e-06 0.0012264161 3.1298943e-05 1.1469494e-06 0.00025646476 1.0256328e-09 0.0010326026
0.97642344 0.4844464 0.010329346 0.0674888 0.023335796 0.21031775 0.0071172877 0.9597116 0.37321895 0.0025661043 0.0020994747 1.2928457e-05 0.061107237 0.00014288358 2.6276572e-12 8.259726e-05 5.1570467e-05 6.375546e-05 0.464848 3.2945438e-05 0.039030366 3.0448416e-06 0.016242115 6.7304194e-05 0.00056982 0.968411 1.4516294e-05 1.104894e-06 0.105964206 4.4080654e-05 0.001820793 1.8878125e-06 1.622427e-07 3.068654e-07 0.00084075745 1.0168097e-06 0.81186646 0.3422348 0.039200775 1.9775813e-07 0.6919456 0.00026868485 0.88233364 0.0056237527 1.1505696e-07 0.02429558 0.000424972 1.1014657e-05 6.495209e-08 1.48586405e-05 0.0044039604 0.00024211023 0.001358649 1.2152229e-07 0.025360385 8.006066e-07 1.5954846e-09 6.39828e-08 0.0020805923 0.025117293 0.010507335 0.00013263067 0.47188476 1.1587579e-05 0.0067251395 2.1509013e-06 0.017952254 2.651652e-07 0.03052468 1.3960762e-06 1.5459847e-08 0.013297712 0.14211957 0.002505726 2.9110659e-08 7.2638735e-09 4.1201652e-08 9.303169e-06 0.0040997276 0.00016473145 4.344124e-06 0.0010927535 8.629646e-10 0.0042913305 0.029041993 0.0022476204 0.054446705 0.0050582 2.2353031e-05 4.6573127e-06 4.4614962e-06 7.459528e-09 4.2101544e-09 5.1202477e-07 0.1350606 0.0004460269 0.008857215 8.026018e-09 0.002788777 0.00022480286 4.3168442e-05
0.9198393 0.017750029 0.0624767 0.00980603 0.21836948 0.15401325 0.5560801 0.0020088532 0.08439736 0.0002670891 0.8536322 0.82681566 0.5481916 0.3514688 8.259726e-05 4.7983414e-14 0.013620415 0.0020535237 0.002710468 0.93199927 6.9920275e-06 0.34998435 0.9140046 0.00021977948 0.00059904886 9.951915e-05 0.8932333 0.23580328 8.2668095e-07 0.67002034 0.8202137 0.69203275 0.0002528732 0.10417546 0.009541507 0.21953891 1.1923964e-06 1.3960137e-06 0.00013655284 0.0063617355 3.023252e-05 0.54205036 6.962709e-08 0.0005678324 0.004603782 2.0524349e-05 0.000498908 0.13569836 0.0014471586 0.107998475 0.039139837 0.0651875 0.17967871 0.0020463683 8.675783e-06 3.7160132e-06 0.0038057368 5.252835e-05 0.09603383 0.005997139 1.3969827e-07 5.04454e-05 2.7671496e-07 1.5645284e-07 1.2966309e-06 3.2889406e-05 4.481243e-08 0.004436381 0.034453202 0.0058796187 0.00012387296 0.00030784134 1.1943289e-06 5.2947144e-09 0.00030154127 0.011214254 2.268621e-05 4.2501406e-07 0.020702478 5.4720193e-08 0.0030502346 1.5235742e-05 1.6032401e-06 8.073773e-08 8.7328035e-06 1.8025608e-08 0.056928895 1.538728e-07 3.262813e-07 3.9144256e-06 5.0504486e-06 0.000110662666 0.0001534652 0.00048020572 2.4537352e-08 4.899597e-08 6.6824274e-10 3.645229e-05 1.9307906e-09 4.476571e-06 5.1936637e-05
0.93471617 0.0055000493 0.42098862 0.37174124 0.20748639 0.0020794505 0.51423264 0.00127805 0.009871358 0.107677564 0.0026179706 0.8322591 0.034405645 0.8413187 5.1570467e-05 0.013620415 5.310773e-14 0.97956705 9.9957746e-05 0.0036253694 0.015090155 0.00042505466 0.14037697 0.75949866 0.6056428 0.0006724524 0.02964623 0.040937882 0.003860006 0.022535073 0.03330848 0.0066758115 0.77793604 0.036055375 3.2206742e-06 0.0035615042 6.5565325e-07 5.4420635e-08 9.918133e-08 0.049651265 0.00068022724 0.03126047 3.9096165e-08 1.6078888e-08 0.018812388 5.1687787e-09 5.1269904e-09 0.0017962471 0.00020535637 0.002082627 3.569302e-06 0.0021652705 0.00017969417 4.2446018e-06 0.00092683936 0.6094872 6.282227e-06 0.070227444 0.008403419 0.00012662515 0.033700403 0.14146599 7.708921e-06 0.17703286 3.4317363e-08 0.03905834 7.3142886e-08 3.7681108e-05 0.0017571193 5.3282132e-05 7.2950796e-05 2.3114194e-06 2.067638e-06 1.2417362e-08 5.496926e-06 2.5810414e-05 0.00031567342 4.1173744e-09 0.010790354 0.04566017 0.0001374301 2.3264665e-08 1.7417311e-05 0.0055507566 0.0005285282 7.3480684e-09 0.020356553 2.537034e-08 2.1848408e-09 2.561236e-09 0.009334603 6.2266336e-05 2.6062592e-08 7.3336223e-06 5.110752e-06 0.0075793955 0.00042874625 1.7648789e-07 0.0008985005 5.3173337e-09 0.00034636032
0.90402424 0.014924401 0.5107446 0.44313836 0.26456 0.0011053894 0.49280152 0.0017727002 0.012708929 0.42453322 0.00038370726 0.4139867 0.026223928 0.66943765 6.375546e-05 0.0020535237 0.97956705 1.1463543e-12 0.00017486473 0.0009542598 0.055716716 8.941469e-05 0.088555746 0.89484614 0.8648315 0.00070354046 0.019013233 0.006229963 0.0099004535 0.011397068 0.013634991 0.0024435166 0.67877054 0.0038987135 1.3099449e-06 0.0005407495 3.7959117e-07 1.5067663e-07 1.3117143e-07 0.021547886 0.00066991383 0.011292087 4.1696786e-08 1.909029e-08 0.0019267317 6.191472e-09 8.364543e-09 0.00018352197 7.319107e-05 0.00015639997 1.5949166e-06 0.00027202655 2.611411e-05 7.789329e-07 0.0029344494 0.69663894 1.6539471e-07 0.033654332 0.0018523496 2.21977e-05 0.10041472 0.20919317 8.788924e-06 0.27892256 6.4121345e-08 0.023775129 7.784356e-08 1.2714487e-06 0.00046716662 1.5536142e-06 1.0666879e-05 3.1285108e-06 4.2720667e-06 1.1774608e-08 2.9963738e-07 1.4075264e-06 5.6123317e-05 1.8527311e-08 0.006645931 0.091271 1.8649524e-06 1.4306533e-08 4.2466039e-07 0.03082406 0.002049944 5.4230878e-09 0.012030834 7.1873615e-08 1.1136691e-08 1.0516384e-09 0.009189165 7.295257e-06 3.8903187e-09 1.3437462e-06 1.1491945e-05 0.021347726 0.0012760527 9.446833e-08 0.0051752636 6.7086376e-09 0.00017691618
0.99438494 0.11429939 0.0009898267 0.0019258552 0.004714228 0.8928213 0.0011469534 0.49153492 0.7726895 0.0006110863 0.078992054 0.00025074554 0.11290585 0.00065328286 0.464848 0.002710468 9.9957746e-05 0.00017486473 3.2634802e-12 0.0016942363 0.0037186302 0.0007326136 0.02654134 3.9739234e-06 0.00027183825 0.20298998 5.6549154e-05 3.3057735e-05 0.008531814 0.00046233326 0.009560584 2.0188949e-05 2.5278207e-06 8.187257e-06 0.3877474 6.4875517e-06 0.5110765 0.90932524 0.8792781 7.640031e-07 0.02101655 0.0023623316 0.37922 0.48656175 1.7569107e-07 0.5675751 0.1709948 0.00013922791 1.095787e-07 0.00090123067 0.29695642 0.004303991 0.026566679 2.1034548e-05 0.00026991245 2.451949e-07 1.3001176e-08 1.8071196e-07 0.010712674 0.20574379 0.00085100275 5.766757e-05 0.09665836 2.2479708e-06 0.155835 3.563826e-06 0.05336695 3.6926833e-06 0.1527965 2.9025321e-05 2.5948276e-07 0.1212984 0.094903655 0.019303175 2.8855666e-07 3.2912945e-10 2.0770166e-07 0.0073458836 0.016772188 3.473068e-05 3.9745584e-05 0.010863363 3.494932e-08 0.00015902129 0.0043033543 0.0059521776 0.19426067 0.07516451 0.005780925 0.021876022 5.024092e-05 7.814362e-08 3.632293e-10 2.4697981e-06 0.002066682 8.162976e-05 9.909232e-05 2.9480503e-08 7.896619e-06 0.006730677 0.00039908357
0.9341191 0.0059880526 0.0100300135 0.0028008095 0.048916087 0.03875186 0.16336294 0.0008358349 0.033737436 0.00013769999 0.76461023 0.38687843 0.38162687 0.089485176 3.2945438e-05 0.93199927 0.0036253694 0.0009542598 0.0016942363 5.4484862e-14 1.1755412e-06 0.8479289 0.6869678 2.5952904e-05 0.00011676519 9.753901e-05 0.9169421 0.16196115 2.5366288e-07 0.8273843 0.7978538 0.83536 0.000115588125 0.1460063 0.0050810636 0.24985999 4.9221643e-07 4.839794e-07 0.00020851968 0.005060118 3.442568e-05 0.7219588 2.0193422e-08 0.00074640475 0.0021944281 2.5150868e-05 0.00020556642 0.27040142 0.0032211153 0.25475574 0.07889792 0.15137613 0.25660583 0.007516325 8.5840713e-07 6.793325e-07 0.0066926754 3.3365755e-05 0.17916319 0.008076747 3.361896e-08 6.259021e-05 2.887287e-07 6.9108017e-09 7.377236e-07 8.842909e-06 8.240205e-09 0.01572374 0.048502054 0.026422761 0.00019821801 0.00085730077 4.2551451e-07 1.1346313e-09 0.0006814963 0.010273834 2.156761e-05 1.6831378e-07 0.054770008 9.0863645e-09 0.013594648 8.7603505e-05 1.1898543e-06 1.806402e-08 3.707642e-06 3.879308e-09 0.0973624 5.093959e-08 4.5116101e-07 8.266581e-07 5.0980003e-07 8.6565306e-05 8.706412e-05 0.001466335 1.9416234e-08 1.2115078e-08 2.8920363e-10 3.8622027e-05 6.932078e-10 1.3895392e-05 1.40731645e-05
0.9763862 0.45011994 0.5738084 0.6874497 0.3179282 0.0015256432 0.13539931 0.23467268 0.056535438 0.9724258 3.4783054e-05 0.00063888 0.02030084 0.011899951 0.039030366 6.9920275e-06 0.015090155 0.055716716 0.0037186302 1.1755412e-06 4.736059e-13 1.0093034e-07 0.016097533 0.051495142 0.11847439 0.63409853 0.00023448923 0.00017050818 0.9646037 0.00037479418 0.0020467902 2.2077764e-05 0.00027589375 2.3389659e-07 2.4293588e-06 1.6201016e-05 0.0024497688 2.5143001e-05 4.628126e-06 1.5385785e-05 0.82064724 0.0008399977 0.0026023665 5.788783e-06 3.8368307e-07 7.3941155e-06 4.8757226e-08 1.3830359e-05 2.107769e-06 0.00013354272 8.6142514e-05 0.00045824875 3.279672e-05 3.6608603e-09 0.76631606 0.0047320765 1.1909361e-08 4.638045e-06 0.0014316341 0.0022339437 0.5336859 0.17126358 0.026248291 0.016197257 4.957308e-07 1.6578033e-05 3.741237e-07 5.234076e-06 0.0057157087 9.097139e-06 1.5346276e-07 0.0002726127 0.00028979863 5.8469034e-09 1.3210553e-06 4.7714668e-09 1.0377395e-07 6.504011e-08 0.003748752 0.010902413 6.9664356e-06 2.1227938e-06 1.7907339e-09 0.17079654 0.3724346 9.676925e-09 0.03191862 2.535405e-07 1.0114965e-07 2.2947388e-09 3.1310403e-05 6.820606e-08 1.311142e-08 1.04401015e-05 0.016823212 0.014388549 0.09003015 4.0378683e-09 0.07807466 1.6293776e-06 6.0747616e-06
0.9282367 0.0012980822 0.0012915008 0.00063577626 0.009745129 0.022170814 0.032970767 0.00014185037 0.008408441 1.0265419e-05 0.44175798 0.18032554 0.23040175 0.011168132 3.0448416e-06 0.34998435 0.00042505466 8.941469e-05 0.0007326136 0.8479289 1.0093034e-07 9.9862e-16 0.39200464 2.8157187e-05 1.4858045e-05 1.0920045e-05 0.8383912 0.10393206 2.762099e-08 0.93419886 0.7510111 0.8728286 4.0051295e-06 0.0078648925 0.0073462445 0.20550902 7.290374e-08 1.2640308e-07 4.7216563e-05 0.0013090576 1.2902831e-06 0.8911976 5.415194e-08 0.00016460016 0.0013030802 2.0035588e-06 0.00036436509 0.5200174 0.0014332139 0.6529074 0.1273462 0.5138058 0.53694904 0.0008181193 1.9728175e-07 2.2915296e-08 0.0042023025 1.5737353e-06 0.4464828 0.00969075 1.0164122e-08 2.9155226e-06 1.806626e-08 3.5461774e-09 3.025161e-07 2.4000957e-07 4.0313273e-09 0.02400197 0.067505844 0.09910152 3.343108e-05 0.00020977705 2.7915094e-08 4.4686407e-10 0.001044313 0.008239719 1.0091846e-06 6.382655e-08 0.22123584 2.1263384e-09 0.0266004 3.9991086e-05 1.0740516e-07 4.728794e-09 4.2754596e-07 1.3072136e-09 0.19563936 1.5585114e-08 8.566615e-08 3.3630073e-07 3.3033228e-08 1.15599305e-05 3.559477e-05 0.0023966914 3.1094929e-09 2.38784e-09 5.128954e-10 1.2324701e-06 6.911642e-10 2.796476e-06 2.405654e-06
0.9986452 0.05550469 0.025353715 0.03357275 0.07582711 0.11101758 0.17818022 0.07666262 0.36807302 0.009946091 0.90195674 0.14250034 0.6131118 0.5556551 0.016242115 0.9140046 0.14037697 0.088555746 0.02654134 0.6869678 0.016097533 0.39200464 2.673881e-17 0.021778682 0.009444264 0.0007387153 0.26755857 0.060686924 0.0022285634 0.25632402 0.80458367 0.15795812 0.053226292 0.012001819 0.015502585 0.054252554 0.00039105528 0.001093708 0.0010937711 0.21360609 0.00022009556 0.43535194 0.00010908569 0.0012585741 0.007109296 0.00013322038 0.0004242708 0.06179894 0.002035829 0.08976054 0.02392421 0.168424 0.16864702 0.019805485 0.00022809772 0.010631771 0.0006103932 0.0038032534 0.36995214 0.02334144 0.0018042311 0.0007015398 0.00032194555 0.0007593008 1.37150255e-05 0.0008444628 5.8176283e-06 0.00061156903 0.1434136 0.0028470466 0.004562607 0.0011100963 8.8362685e-05 3.4334926e-07 5.1592574e-06 2.4205097e-05 0.0011517999 4.1615313e-06 0.03650782 0.0028702917 0.00044134434 0.00016557802 0.00041802405 0.003685069 0.0011348685 1.5966066e-07 0.11150612 4.2379115e-06 2.0789378e-06 7.991393e-08 0.00020438456 0.00036007824 1.070783e-05 1.2350899e-05 6.389845e-05 0.003926761 3.8655042e-05 2.9694998e-05 0.00074709626 7.8207704e-05 0.0005136848
0.79471004 0.0058384826 0.21816424 0.1605355 0.060802616 5.1640177e-06 0.12455551 0.0018322234 0.002542215 0.44840142 0.00034121514 0.42729548 0.0077594207 0.2648003 6.7304194e-05 0.00021977948 0.75949866 0.89484614 3.9739234e-06 2.5952904e-05 0.051495142 2.8157187e-05 0.021778682 4.4217705e-18 0.99105537 8.949924e-05 0.016758861 0.026774175 0.004495224 0.008884739 0.009613064 0.003708054 0.67628676 0.0007710304 3.6366384e-07 0.0021077802 1.6328137e-08 3.4727958e-09 1.42931125e-08 0.054473635 0.00043302326 0.009003262 1.5643366e-08 9.154243e-09 0.0015329603 2.028231e-09 1.252984e-09 0.00482091 0.0012276993 0.003409484 3.3530491e-06 0.00292697 0.00010428533 3.23001e-06 0.008251318 0.7404551 0.00011761491 0.1641995 0.0048731384 0.0005698086 0.019648332 0.53630334 6.5067034e-08 0.6043453 1.540603e-09 0.10965591 3.2513373e-10 0.00028042748 0.00286945 0.00074646133 0.00026770728 0.0001319309 6.780784e-08 1.1548552e-10 6.0719154e-05 2.6660812e-06 0.00038171755 1.9845288e-10 0.014653433 0.016351668 0.0008884421 3.9800392e-07 2.856493e-06 0.00012658529 5.015164e-05 1.6515589e-09 0.01800915 4.2666673e-10 1.1130293e-09 1.0004763e-09 0.09860543 0.00044399788 4.92934e-06 0.00020261752 1.2605241e-07 0.00122846 2.8042544e-07 1.0443697e-05 3.5220322e-07 3.6692634e-07 3.1373474e-05
0.9249509 0.010045301 0.40984267 0.40806255 0.117091745 0.00014092714 0.22075014 0.0029618593 0.0032626707 0.7353578 3.153519e-05 0.035657134 0.0058455556 0.19980676 0.00056982 0.00059904886 0.6056428 0.8648315 0.00027183825 0.00011676519 0.11847439 1.4858045e-05 0.009444264 0.99105537 5.7934045e-14 0.00082236103 0.0016748867 0.002160485 0.020893525 0.0010650508 0.0019010102 0.00042195804 0.27056375 0.0005492748 4.020054e-06 0.00016895538 1.979807e-06 1.1885013e-06 2.3609339e-06 0.00044753373 0.0011733366 0.0014814283 2.0934697e-06 1.4359898e-06 0.00051585736 8.618897e-08 2.6317455e-08 7.140947e-05 3.503056e-05 0.00020214853 4.849767e-06 0.00031434375 2.90098e-05 3.2231412e-08 0.01708861 0.8484106 6.8702633e-07 0.0050509837 0.000867372 0.0002559121 0.2453417 0.66880274 1.498615e-05 0.8309681 2.8546193e-08 0.008437648 1.8345547e-08 7.54806e-06 0.0010454464 9.478239e-06 5.5876876e-06 0.00013222778 3.5306973e-06 4.915995e-09 2.286751e-06 9.1613344e-07 7.914374e-06 2.2366454e-08 0.004300286 0.3809347 5.1341543e-05 1.8073747e-07 4.6708766e-07 0.04000192 0.0026314007 1.7896557e-08 0.012493081 3.683914e-08 1.2303563e-08 6.838253e-09 0.027357824 3.3779684e-06 8.603257e-09 1.572017e-05 0.00012241614 0.0544167 0.0018546574 2.6945244e-07 0.0049279216 9.605011e-08 6.0707454e-05
0.82054085 0.5169739 0.20498198 0.24633515 0.048152156 0.33719498 0.015393873 0.9323794 0.10605994 0.025021108 0.0015845264 0.0007193026 0.01228627 0.00017630093 0.968411 9.951915e-05 0.0006724524 0.00070354046 0.20298998 9.753901e-05 0.63409853 1.0920045e-05 0.0007387153 8.949924e-05 0.00082236103 1.3870907e-13 2.1691508e-06 1.2551081e-05 0.6454794 2.1033444e-05 0.00056431635 8.791128e-06 3.361763e-07 2.1239703e-06 0.00037772942 5.9538206e-07 0.7731591 0.105777875 0.024270164 4.7736654e-07 0.74214005 7.2267896e-05 0.87109685 0.0028989413 1.5365689e-06 0.00485917 0.0009768703 4.882074e-06 1.5322878e-07 1.7950448e-05 0.0016184973 0.00019760987 0.0020656928 8.511646e-08 0.36161262 1.2553978e-07 9.684024e-07 2.4787366e-06 0.0003588551 0.001174539 0.0014467902 0.00015281924 0.8310243 5.2641863e-06 0.0014089663 3.3941674e-07 0.00215973 3.529265e-07 0.0009627123 3.230102e-06 2.6117034e-08 0.000111197965 0.36322063 8.450118e-05 1.2746021e-07 1.6410101e-07 5.8294547e-09 7.3375895e-06 0.0005137698 9.732831e-08 1.094049e-06 2.12459e-06 3.1362846e-09 9.222077e-06 0.003368678 7.457729e-05 0.005278915 0.00032542352 1.9058803e-06 0.00017233078 4.4778363e-07 3.3198653e-08 8.0205126e-08 6.7053054e-07 0.27250263 3.296489e-07 8.8031455e-05 6.420652e-08 7.135647e-06 6.682499e-06 1.0190736e-06
0.98966265 0.000198894 0.00017639327 0.00012579441 0.00058756414 0.0028724852 0.0029104 7.837734e-05 0.0010357519 0.00024866994 0.03237275 0.091076694 0.015723523 0.33181536 1.4516294e-05 0.8932333 0.02964623 0.019013233 5.6549154e-05 0.9169421 0.00023448923 0.8383912 0.26755857 0.016758861 0.0016748867 2.1691508e-06 3.6373346e-13 0.69561124 3.9023067e-05 0.6387867 0.25345948 0.911324 0.09991294 0.3114725 0.0002720312 0.70681894 2.2750503e-06 2.560947e-06 6.2429314e-07 0.39086622 1.6603578e-06 0.44946223 7.271803e-07 2.05708e-06 0.22507885 2.0155971e-07 2.7202416e-06 0.22414362 0.07579482 0.22722733 0.00050779147 0.17544577 0.009129615 0.07042307 5.47595e-06 0.002426531 0.07143551 0.02182702 0.24377204 0.004310049 0.00029952958 0.00019354727 5.0303294e-07 0.00047347482 3.2686498e-07 0.002635463 3.7374623e-08 0.011541491 0.01222688 0.02736524 0.08068673 4.6733945e-05 1.3341726e-05 4.9880253e-08 0.00041299593 0.002048278 0.006159528 8.575917e-08 0.059856668 0.00021132581 0.015542553 4.4222447e-06 0.005568604 8.626229e-05 4.311813e-05 7.1447985e-08 0.057298515 4.3628594e-07 8.071325e-08 2.0414785e-08 0.0003032977 0.006253887 0.00010676582 0.00036407923 2.1439233e-05 0.00014076768 8.3801376e-07 0.012715355 1.490775e-05 3.6788288e-07 0.0008392903
0.943232 9.720518e-05 0.00028211094 1.553261e-05 0.00025152776 0.00073664583 0.0029204108 9.881379e-06 9.172577e-05 7.67218e-05 0.005952708 0.14403538 0.005655231 0.36552942 1.104894e-06 0.23580328 0.040937882 0.006229963 3.3057735e-05 0.16196115 0.00017050818 0.10393206 0.060686924 0.026774175 0.002160485 1.2551081e-05 0.69561124 2.2306029e-13 6.5100525e-05 0.2860336 0.03923295 0.56522465 0.14903618 0.9624237 3.4163255e-05 0.9591202 6.1892405e-07 2.9877904e-07 2.1339807e-07 0.7822657 2.9293267e-06 0.11746485 1.7937192e-06 3.2252878e-08 0.7248792 5.536962e-09 5.7133514e-07 0.12907171 0.6243538 0.06447128 0.00028267893 0.041745227 0.0011969048 0.006797166 4.749027e-05 0.01193692 0.36465228 0.046958927 0.05007197 0.0008338277 0.00028564333 0.00025441142 5.3358685e-06 0.0019566878 9.959287e-08 0.011663681 1.48882e-07 0.016837923 0.003201225 0.021882512 0.18782221 4.2050386e-05 2.2085365e-05 1.4982769e-08 0.0015095185 0.042025283 0.047169626 3.0193895e-08 0.03806066 0.0005761939 0.022391653 7.400179e-07 0.03483995 8.868451e-05 4.5622437e-06 8.3122655e-09 0.033698082 8.428013e-08 6.7971873e-09 4.088061e-09 0.00048077048 0.05572352 0.001283292 0.0013556514 2.4014878e-05 0.00035479572 7.768189e-08 0.012535897 1.2845505e-06 3.4365375e-08 0.009492283
0.9514513 0.48505658 0.27493766 0.39124417 0.13567682 8.518293e-05 0.037207622 0.31596458 0.056108654 0.5241243 6.779003e-07 1.0892574e-05 0.005579326 0.0014862099 0.105964206 8.2668095e-07 0.003860006 0.0099004535 0.008531814 2.5366288e-07 0.9646037 2.762099e-08 0.0022285634 0.004495224 0.020893525 0.6454794 3.9023067e-05 6.5100525e-05 4.0494984e-13 2.4216642e-05 0.00044889646 6.9554094e-06 8.059438e-05 1.4403368e-07 8.630367e-07 1.5083017e-05 0.020775314 0.0007156996 5.825026e-05 2.4408869e-06 0.9609546 0.00025079504 0.014067073 2.9564677e-05 2.4938987e-07 1.8703233e-05 1.359497e-07 5.730854e-06 2.433137e-07 2.8096567e-05 1.4367467e-05 0.00014733417 3.5342916e-06 3.898549e-09 0.90466344 0.0021116443 1.2761218e-08 2.7793883e-06 0.0008445083 0.0013442027 0.46297812 0.08522812 0.19967252 0.0046170987 4.9204795e-07 5.7103825e-05 6.35036e-06 3.4518998e-06 0.0023109831 2.234927e-06 2.5861513e-07 0.00027868678 0.0059871986 5.1932794e-08 1.263189e-06 2.7352568e-08 9.536065e-08 8.932165e-08 0.002167577 0.015255051 4.930271e-06 1.989423e-05 2.624546e-09 0.29827297 0.7165332 2.899118e-07 0.011282237 1.8423814e-06 3.0454993e-07 9.036865e-09 6.562126e-05 4.9224813e-08 4.917545e-08 0.0001013756 0.15694132 0.022446718 0.5077246 1.5022394e-07 0.30523023 2.126504e-06 2.6836664e-05
0.99795413 0.00058742746 0.0005701168 0.0002626801 0.00051813206 0.010536983 0.0048570153 0.0005444434 0.0032313257 0.0003587131 0.088259794 0.08094972 0.033161923 0.23416024 4.4080654e-05 0.67002034 0.022535073 0.011397068 0.00046233326 0.8273843 0.00037479418 0.93419886 0.25632402 0.008884739 0.0010650508 2.1033444e-05 0.6387867 0.2860336 2.4216642e-05 5.903329e-15 0.41340595 0.8299964 0.025061963 0.09354432 0.0021837559 0.35648718 6.078491e-07 5.389408e-06 2.5998588e-05 0.16052474 1.9435577e-06 0.6866824 1.3497313e-06 0.00013045255 0.044367503 2.0460473e-06 3.601538e-05 0.3278759 0.043857403 0.32310462 0.004274824 0.2957582 0.07905773 0.08317101 1.3343749e-05 0.0010928182 0.03217964 0.004058338 0.34770083 0.0045395168 0.00026424215 0.00019385041 1.1495777e-06 8.951639e-05 1.5617654e-06 0.0010808505 4.1066162e-08 0.011373229 0.05636852 0.065920375 0.035550542 0.0007121772 3.6211517e-05 2.6538223e-09 0.0005260283 0.0014023955 0.0023224577 2.2404467e-07 0.12140878 0.00020102713 0.027216908 0.0001133371 0.0011941108 0.00014063538 2.8494207e-05 6.796396e-09 0.10448265 1.05555024e-07 3.168876e-07 9.682574e-09 0.00018310694 0.0037678897 0.0001099593 0.0006707554 6.74506e-06 0.00012737875 5.6054184e-08 0.0011509873 9.606821e-07 9.500084e-06 0.00040949916
0.9985367 0.009108946 0.0056042587 0.0034926017 0.014217495 0.076539144 0.06364335 0.016940756 0.22138442 0.001249578 0.75289994 0.095293574 0.5783368 0.25847766 0.001820793 0.8202137 0.03330848 0.013634991 0.009560584 0.7978538 0.0020467902 0.7510111 0.80458367 0.009613064 0.0019010102 0.00056431635 0.25345948 0.03923295 0.00044889646 0.41340595 3.8929399e-16 0.20314136 0.010593382 0.022652753 0.016529335 0.041445762 1.9623809e-05 0.00014020952 0.0007533652 0.102463506 0.00015253166 0.51680285 1.832183e-05 0.0014854921 0.008130765 3.5138768e-05 0.0012947108 0.17268091 0.0027719634 0.099632576 0.029164763 0.16790377 0.31037378 0.047557686 8.598148e-05 0.0012130074 0.0013434421 0.00071697746 0.331387 0.01876802 0.0010354215 0.0005120043 7.4308546e-06 0.0003410819 3.4514833e-05 0.00026626716 4.7540212e-07 0.0022522712 0.15698588 0.016634407 0.0031266452 0.0010798798 8.880231e-05 1.8182028e-08 4.774535e-05 0.00010055647 0.00061139965 4.88738e-06 0.10623291 0.0006333398 0.0059731686 0.0006119033 0.00013340791 0.0010209078 0.0005242299 3.4523115e-08 0.13919476 3.239037e-07 7.6111787e-06 1.5811298e-07 5.191044e-05 0.00064568606 1.6176347e-05 6.595837e-05 1.7977138e-05 0.00048803334 8.484918e-06 2.7351436e-05 7.881177e-05 6.945212e-05 0.0017195255
