7.570201e-15 0.9911516 0.97533786 0.9844028 0.9640586 0.98997134 0.98393875 0.9517127 0.99738586 0.9914102 0.9544385 0.9600591 0.9914633 0.9993843 0.99871135 0.6093853 0.9735251 0.96411043 0.97235847 0.97360975 0.9568288 0.986521 0.99926436 0.97877616 0.9889079 0.98969126 0.99822134 0.9906891 0.9612148 0.98131055 0.964967 0.8283106 0.48759484 0.86896205 0.99805814 0.8756211 0.5237515 0.85388124 0.613618 0.10353072 0.19690093 0.922531 0.9939134 0.9997106 0.9766465 0.7161842 0.8671949 0.8133735 0.99999446 0.99140304 0.9994317 0.9852377 0.5322532 0.9191356 0.9181679 0.23991257 0.9996636 0.9985928 0.20173371 0.50801367 0.53256255 0.9654163 0.88625216 0.9800346 0.06322214 0.9012641 0.9123357 0.7063955 0.9308724 0.87732565 0.992902 0.0021714203 0.9579093 0.9354247 0.03764168 0.6501288 0.834655 0.4824691 0.37311092 0.07413442 0.6545847 0.16646764 0.52346367 0.03497737 0.98367405 0.9805183 0.9859316 0.5874574 0.00040664306 0.022581346 0.0047134776 0.05478343 0.8955332 0.734795 0.35540307 0.96495014 0.6776722 0.88340056 0.0014193989 0.7088125 0.48910087
0.9911516 2.262384e-12 0.9041632 0.031380802 0.82775134 0.018395256 0.8874854 0.845847 0.8017495 0.21890222 0.62169594 0.63703346 0.031392377 0.033543058 0.37620768 0.45358774 0.15926592 0.2949466 0.028982425 0.0225677 0.042929616 0.36299455 0.18562992 0.004715512 0.2527357 0.009672968 0.039629474 0.005299527 0.0051857447 0.0012182253 0.00067260314 0.09076766 0.040446244 0.07221801 0.0032365287 0.03560191 0.004875533 0.02139477 0.013228581 0.025443707 0.06342959 0.00046857298 0.008158878 0.0014466157 0.0081087835 0.010658633 0.016874172 0.002383312 0.03438423 0.0007135852 0.009715555 0.00070921535 0.0025584109 2.640045e-05 5.259738e-07 0.00067617063 0.0009955703 0.00053350086 0.0005134884 0.0048301322 0.0006073572 0.029305642 0.011988481 0.0012711008 0.0026963796 1.5034198e-06 0.00020228526 0.004879084 0.00038540066 0.017914614 0.0003276254 7.388861e-05 0.0038453299 0.007078913 2.2980437e-05 0.00023732775 0.008127922 0.00010231178 0.00022392644 0.00011765731 0.0002520159 2.028416e-06 0.0022300985 4.3981195e-06 0.00029838484 0.014090603 5.5442124e-05 0.0002962752 5.9800964e-06 0.000159616 6.0831182e-05 0.00019068639 0.000115282965 0.00019322801 3.4883456e-08 0.0025784336 2.6044904e-06 4.35249e-09 0.00015809436 2.6957403e-05 1.7378776e-06
0.97533786 0.9041632 1.4710476e-15 0.83592653 0.92507374 0.53142285 0.10678936 0.50126636 0.7516252 0.22204939 0.39437816 0.10197477 0.09006033 0.39824107 0.36012918 0.89316493 0.60143125 0.08294797 0.4047911 0.15095493 0.12036726 0.06942857 0.12389029 0.13899997 0.120007835 0.020755388 0.013942955 0.008789507 0.024851216 0.05646912 0.003991523 0.0012190134 0.09981367 0.002439378 0.09196665 0.0007899244 0.42235833 0.0010454798 4.1569538e-06 0.0011893557 0.007777364 0.00634832 0.00020954032 2.6258955e-05 0.00021733003 0.00089903234 1.725239e-05 0.0009265711 0.14210838 0.032175794 0.0032454503 0.00020405775 3.6591016e-05 0.008371723 0.0014961261 0.00031984222 0.03497489 1.8591616e-06 0.0002747778 0.00040189768 0.0032219463 0.00016271835 8.40988e-05 4.8724716e-05 4.5286397e-06 0.00041750574 4.3592145e-06 3.6265033e-06 2.9072846e-06 1.2998494e-05 0.00040940134 2.1253602e-06 1.0857789e-05 4.53343e-05 4.0545267e-05 0.000117120966 3.8068797e-06 6.645832e-05 8.39922e-05 0.00014759308 0.00017057649 5.1100036e-05 4.2689308e-06 4.5198767e-06 0.0030258915 0.0116254585 1.2320687e-07 2.1712285e-06 3.379984e-07 2.654511e-05 1.8132505e-06 9.6715404e-08 0.0012364141 7.829564e-06 1.9066358e-05 0.00357092 1.1570673e-05 2.0054629e-06 6.503109e-05 1.8132591e-06 1.2216358e-07
0.9844028 0.031380802 0.83592653 1.6006761e-12 0.034565758 0.9549452 0.002536357 0.0073283208 0.091717936 0.018668534 0.0065109567 0.0036694617 0.007138837 0.51580644 0.056758333 0.019214204 0.35558784 0.003072275 0.74821913 0.8672202 0.26226568 0.0009147593 0.007990316 0.048560616 0.0014103717 0.0053523867 0.0003821344 0.48387718 0.12505642 0.10025792 0.005095869 0.0022151463 0.025394244 0.00028901314 0.036640387 6.395106e-05 0.71595275 3.068607e-05 2.4875615e-05 0.00023719744 0.009727966 0.0016914934 3.1821706e-05 7.238036e-06 3.2220585e-05 4.4279775e-05 6.1444385e-05 0.30145496 0.037628226 0.011928043 0.00022469762 0.16882528 9.388187e-06 0.011919072 0.0013000409 0.14831342 0.02567248 2.3374548e-06 0.12271917 0.02207603 0.31835857 9.251883e-05 2.2022708e-05 3.2749322e-06 0.000118246295 0.0003400387 5.9464946e-07 4.473176e-05 8.218419e-07 0.0001068575 1.351831e-06 6.148679e-06 1.0503442e-06 6.537259e-07 0.014945526 0.1996129 7.4971635e-05 0.045355067 0.0535792 0.018448818 8.453314e-06 0.013311283 1.6589642e-05 0.021266319 0.0024821751 0.002602167 4.6703885e-08 1.2552885e-06 2.7037473e-07 0.0017889584 9.603666e-06 2.1046956e-06 0.0010216071 7.4920666e-07 2.6576241e-05 0.0011689528 0.00058708695 2.0081864e-06 0.00023778723 3.1980621e-06 8.191927e-08
0.9640586 0.82775134 0.92507374 0.034565758 1.5339841e-14 0.025274863 0.38661683 0.8269368 0.18034373 0.0051395847 0.84526056 0.5023717 0.002290443 0.024479957 0.044328593 0.9367505 0.67054373 0.0034885206 0.16046853 0.030041978 0.52855194 0.00959447 0.008032425 0.0017501705 0.002381123 0.00090283673 0.00066420936 0.0018125048 0.0005192735 8.867596e-05 9.97511e-05 0.46540105 0.32747287 0.009909389 0.0006555893 0.0032308926 0.012909318 0.0030223774 0.043809082 0.07939356 0.41244012 5.5174274e-05 4.7472888e-05 2.0821342e-06 5.4424818e-05 0.0020943314 0.0004474945 0.004350283 0.047551937 6.5869106e-05 4.0729432e-05 0.0001533793 0.0002439307 2.6956528e-05 2.73281e-07 0.0055699125 0.000703978 4.9450943e-08 0.0038339838 0.111215286 0.00047285933 9.228522e-05 9.96921e-06 7.016285e-07 0.02110381 1.18298e-07 8.492329e-07 0.00018255005 2.1271478e-07 0.0001771213 4.053285e-07 0.00069754705 8.914057e-08 4.233289e-05 0.0004332071 0.00024035625 0.00020931024 2.119346e-05 7.0287424e-05 0.0026186083 4.7252984e-06 1.3585237e-07 0.00011179203 0.00010956831 0.00014233644 0.0018279647 1.9546498e-09 1.0183877e-06 0.00020274508 0.0023684266 0.0007557071 0.0005461051 1.5186014e-05 8.030217e-08 4.625293e-08 0.0003092387 7.34425e-07 1.728226e-09 0.007920068 1.3099641e-07 4.561736e-09
0.98997134 0.018395256 0.53142285 0.9549452 0.025274863 5.859147e-10 0.0007569455 0.00433672 0.22916044 0.091005914 0.0033570216 0.001516657 0.07580614 0.89753175 0.08190311 0.011910868 0.22758839 0.019758396 0.33682004 0.69685775 0.13864669 0.00725493 0.020637289 0.213641 0.010839184 0.020605233 0.0011279333 0.7154064 0.49654397 0.47884262 0.09133348 0.0013229918 0.009891303 0.0005769164 0.08842607 0.00016648657 0.3126354 6.624918e-05 3.9200295e-06 0.0001000225 0.002616115 0.0059106383 0.00014848066 4.457781e-05 0.00026104538 7.838512e-05 0.00014347059 0.24694197 0.046393167 0.025351461 0.0011272924 0.290822 1.0594805e-05 0.09947286 0.015630806 0.033831406 0.024606314 2.110045e-05 0.025063809 0.008666523 0.30470583 0.0006484589 0.000113584334 5.4657008e-05 8.420751e-06 0.0012435098 3.078271e-05 0.000116093535 1.2394038e-05 0.00041720562 6.5773534e-06 8.260198e-07 0.0002874055 6.8105095e-05 0.0028597421 0.19964384 0.00018961953 0.06643645 0.07408911 0.0018602072 9.182283e-05 0.03692721 4.682808e-05 0.005465042 0.0029604204 0.0028543773 1.16665504e-07 8.548595e-06 1.838484e-07 0.00046738717 3.7991726e-06 6.693396e-07 0.0021213512 2.6427113e-06 0.000114592396 0.0013080729 0.0009734359 1.6934786e-06 5.4991313e-05 6.283173e-06 1.0058596e-07
0.98393875 0.8874854 0.10678936 0.002536357 0.38661683 0.0007569455 4.831607e-13 0.84240884 0.084861554 0.0067733754 0.6112175 0.9712912 0.0006518468 0.006760204 0.022848144 0.63875806 0.10304869 0.0076590106 0.01298681 0.0007824833 0.07530275 0.064797014 0.021892687 9.643005e-05 0.018665833 0.0010943675 0.006875446 0.00013743564 2.1906368e-05 5.085862e-08 1.2731008e-05 0.3368099 0.045234043 0.47732198 0.00030491772 0.31563768 0.00017760438 0.28788492 0.52246004 0.33352068 0.22448368 4.429194e-05 0.00036306473 6.210917e-05 0.0005298807 0.14240782 0.03940467 0.00035530262 0.025052387 0.00012289702 0.0009691551 1.2145845e-05 0.01837765 9.139522e-08 5.7214478e-09 0.00038041087 0.00043116647 1.1433362e-05 0.0003515231 0.018209234 6.134113e-06 0.0017133241 0.0003743798 4.8142545e-05 0.026477972 1.7441586e-08 7.959517e-06 0.018798439 2.0372767e-05 0.012234041 0.00011065559 0.000982872 7.61016e-05 0.0017438579 3.034098e-05 1.3442943e-05 0.0017170748 8.1349503e-07 2.8106897e-06 0.0003329736 3.778503e-05 6.800069e-08 0.0019146048 1.2044775e-05 0.00015887246 0.007745019 6.231983e-06 4.52596e-05 0.00025308333 0.0002386421 0.00031367564 0.0049482887 2.3739724e-06 3.7017715e-05 2.290091e-09 0.001885025 6.6131577e-07 1.7951547e-10 0.00076737016 1.2385306e-05 4.6589898e-07
0.9517127 0.845847 0.50126636 0.0073283208 0.8269368 0.00433672 0.84240884 1.6523432e-13 0.11913833 0.005297264 0.94359666 0.9252896 0.0017095946 0.006445156 0.027498381 0.9255514 0.30513048 0.0049765613 0.04264019 0.005222755 0.20344771 0.026710145 0.015440922 0.00046283446 0.008592934 0.0010458897 0.002192556 0.00035791434 2.3912653e-05 2.1736714e-06 1.4959262e-05 0.57687145 0.13809206 0.09972345 0.00017908923 0.03233298 0.0030996741 0.02670792 0.26017386 0.25545427 0.44025305 3.809199e-05 0.00010702763 1.5129146e-05 0.000109558285 0.017495548 0.0025663993 0.001020844 0.018226173 1.9349549e-05 0.00023418441 2.4647805e-05 0.0008851093 1.1794829e-06 1.7986148e-08 0.0017280789 0.00025384477 8.074016e-07 0.001293769 0.039196018 3.38379e-05 0.0005959629 9.585168e-05 1.15406765e-05 0.026991064 2.0224993e-08 1.7726038e-06 0.001080415 3.39814e-06 0.0013938162 1.2904412e-05 0.0008407827 5.2334767e-06 8.787226e-05 9.064718e-05 3.145316e-05 0.0006877046 2.2522065e-06 1.0556912e-05 0.0004729191 2.0035257e-05 7.1246994e-08 0.00029646372 1.0259969e-05 8.174233e-05 0.0035370758 9.861505e-08 6.522802e-06 0.00016206589 0.00054998975 0.0005581228 0.0011334077 1.2799454e-06 1.527905e-06 5.4119385e-09 0.00070873013 2.5463774e-07 6.26139e-11 0.0039302846 1.0240774e-06 9.895646e-08
0.99738586 0.8017495 0.7516252 0.091717936 0.18034373 0.22916044 0.084861554 0.11913833 7.102141e-14 0.92424667 0.091273904 0.09716478 0.60070455 0.3451408 0.5197738 0.036465567 0.19955349 0.44348007 0.14606379 0.20523861 0.18753931 0.22500753 0.29012352 0.23284854 0.25128555 0.26264668 0.09479846 0.045665685 0.050476756 0.02921402 0.018288098 0.009118807 0.0030847848 0.013128603 0.048105236 0.012844179 0.00084889453 0.020132016 0.005861161 0.001862323 0.005899685 0.035086874 0.0030719745 0.0011360844 0.0058775553 0.0048398753 0.008310243 0.012828932 0.105688386 0.02188904 0.012462018 0.012405942 0.0072952462 0.0015035064 0.00047403964 0.00090364733 0.012675336 0.0006789964 0.00047831036 0.0024937897 0.0007430383 0.012613491 0.0068515386 0.0020464505 5.9494498e-05 0.00032203522 0.0051234085 0.0073081753 0.0004284211 0.01634633 0.00030733267 7.6012707e-06 0.0021392403 0.014669715 6.845072e-05 0.00041514376 0.0075969766 0.0004960124 0.00037210848 0.000121801284 0.0021203724 0.00016019381 0.002177571 1.8613091e-05 0.002052261 0.007283506 0.00022526512 0.0013052312 3.4922283e-07 2.8047656e-05 5.404535e-06 8.618577e-06 0.0010730014 4.5304383e-05 0.00016778642 0.0011639381 2.641372e-05 8.347956e-06 2.7207181e-05 5.0342984e-05 3.4997083e-06
0.9914102 0.21890222 0.22204939 0.018668534 0.0051395847 0.091005914 0.0067733754 0.005297264 0.92424667 1.007982e-14 0.0010106178 0.0024531542 0.87113404 0.2722289 0.886721 0.0057856105 0.0012602917 0.5385869 0.00044454192 0.0019479314 0.00011667659 0.12200046 0.44390944 0.4455381 0.25182727 0.4967357 0.10377922 0.00016619485 0.04046351 0.003273648 0.016866883 5.3781696e-06 9.964072e-05 5.115777e-05 0.22455113 8.200616e-05 0.00010699272 9.88031e-05 1.913047e-07 9.410336e-06 0.00012614629 0.2736465 0.012575244 0.0076448503 0.006891631 2.9435096e-05 6.5853405e-05 3.31178e-06 0.35292172 0.08235511 0.041809335 1.1624537e-05 1.2757929e-05 0.00052715314 0.00021290689 3.9658912e-07 0.092438556 0.002544291 3.363713e-07 1.3227809e-06 3.0096253e-05 0.00045042564 0.019312546 0.003014523 3.1877806e-07 0.0010889813 1.3569536e-06 1.0461878e-05 0.0013622955 3.515821e-05 0.00078821514 4.2862254e-07 0.01544071 1.9828769e-05 6.543181e-08 1.5808372e-07 2.2027436e-05 2.6941981e-07 2.8906675e-07 1.6578824e-07 0.019623777 2.80834e-06 5.4056954e-06 6.360594e-09 0.012107255 0.012654398 3.6080695e-05 3.4810262e-05 9.6456345e-09 6.643141e-08 8.434444e-08 6.1983956e-09 0.0077888877 3.4093864e-05 0.0006924046 0.0070776874 2.2067995e-07 0.00020292982 1.0653332e-06 6.6352522e-06 4.630521e-07
0.9544385 0.62169594 0.39437816 0.0065109567 0.84526056 0.0033570216 0.6112175 0.94359666 0.091273904 0.0010106178 8.867892e-13 0.7786368 0.0005651595 0.0045589884 0.024549246 0.9348535 0.47325075 0.00081477046 0.055497807 0.011770828 0.34538528 0.004183094 0.0039829523 6.1488405e-05 0.0013726207 0.00021914384 0.00062455697 0.00037536852 2.2096361e-05 5.662454e-07 4.3581954e-06 0.8191402 0.38150403 0.048477862 1.431148e-05 0.008206766 0.004178909 0.0043341126 0.25822327 0.3960056 0.6217978 3.4061507e-06 1.8016099e-05 2.9317498e-06 8.418848e-06 0.004521026 0.0006879381 0.0010059254 0.009832854 4.5493916e-06 4.1743286e-05 3.484268e-05 0.00016943041 1.265594e-07 1.0014179e-08 0.002021089 0.00011375974 7.634114e-08 0.0014357337 0.11939414 0.000103250415 2.6218344e-05 1.40867805e-05 4.7806e-07 0.09723091 8.408291e-09 1.9450826e-07 7.888132e-05 1.2038127e-07 0.00015190527 9.280001e-07 0.0017761481 4.4838597e-08 1.9472822e-05 0.00018025388 1.4619772e-05 0.00032861077 1.7131416e-06 6.292936e-06 0.00075308577 2.0382191e-07 3.4893706e-08 5.0944574e-05 5.41902e-05 2.266584e-05 0.0011545597 6.16918e-09 1.1789565e-06 0.0002932287 0.00084316795 0.002429883 0.00088752585 6.136164e-07 9.481981e-08 8.4651547e-10 0.00026980924 6.7953727e-07 2.9617583e-11 0.0074925786 2.144158e-07 3.5157435e-09
0.9600591 0.63703346 0.10197477 0.0036694617 0.5023717 0.001516657 0.9712912 0.9252896 0.09716478 0.0024531542 0.7786368 8.324454e-12 0.0005368633 0.0074244016 0.027939629 0.7841257 0.1831535 0.0023260154 0.019831149 0.0024149246 0.10459177 0.037636556 0.017407773 0.00012224942 0.011518159 0.00074438524 0.006385733 0.0002911269 1.1572429e-05 1.6036905e-07 9.865664e-06 0.5975164 0.09739911 0.53832966 0.00013492475 0.36447987 0.00048816134 0.3088972 0.66689104 0.5889848 0.4508322 1.677569e-05 0.00050160947 0.00010320179 0.00032131645 0.14849702 0.04489016 0.0007327146 0.01684564 3.4247805e-05 0.0005769934 2.9884288e-05 0.017822396 1.6861885e-07 8.638345e-09 0.0006765489 0.0001908021 9.658352e-06 0.0006065748 0.024361564 8.086103e-06 0.0020532182 0.00039349403 4.686838e-05 0.047973454 1.4565183e-08 2.3957746e-06 0.007843545 1.4171941e-05 0.007630668 2.6671405e-05 0.0023737112 2.5181711e-05 0.00049323804 2.8750463e-05 2.2461974e-05 0.0020172554 1.7328597e-06 6.43431e-06 0.00034719682 1.8762636e-05 2.0335195e-08 0.0012644173 1.0734988e-05 3.2261232e-05 0.0032407292 1.6501539e-06 4.2829808e-05 0.00035922212 0.00040029915 0.00067560433 0.006390168 2.54834e-07 2.667278e-05 1.3729196e-09 0.00081037666 9.326794e-07 8.8106786e-11 0.0028721988 9.72847e-06 3.1789068e-07
0.9914633 0.031392377 0.09006033 0.007138837 0.002290443 0.07580614 0.0006518468 0.0017095946 0.60070455 0.87113404 0.0005651595 0.0005368633 7.367392e-13 0.475694 0.8474108 0.00063699094 0.00029121133 0.45200363 7.4416945e-05 0.00028654016 1.9491958e-05 0.043935537 0.4296626 0.7097248 0.17019366 0.8622227 0.06884776 0.00017345742 0.04016242 0.007254442 0.0332199 2.0046484e-06 1.9808507e-05 5.294511e-06 0.49678677 8.158706e-06 4.176969e-05 9.568122e-06 8.2456964e-08 3.938347e-07 9.884603e-06 0.608122 0.0093270885 0.006670409 0.0047300304 8.306494e-06 1.0540785e-05 8.222887e-07 0.80587864 0.31388173 0.09237782 1.824819e-05 1.6856218e-06 0.0005942561 0.0003094467 2.0424718e-08 0.3303564 0.0047174436 2.0086173e-08 1.2610785e-07 9.7147395e-06 0.0001827718 0.008002433 0.005174232 1.3879114e-07 0.0033068664 2.837087e-06 4.443463e-06 0.0008761997 1.7775901e-05 0.0021718377 7.590498e-08 0.01656187 1.2235924e-05 3.4444714e-08 4.364671e-08 1.03030325e-05 1.3090724e-07 1.15702754e-07 1.5820936e-07 0.021598883 8.5917446e-07 2.4984229e-06 3.4710346e-09 0.08007235 0.01964792 5.2770774e-05 9.751153e-06 5.5313465e-09 1.8191153e-08 2.7093057e-08 9.1534735e-09 0.03160674 1.3057994e-05 0.0027350485 0.014851021 5.1624687e-07 0.0017921625 1.1327285e-07 6.04493e-06 1.314794e-07
0.9993843 0.033543058 0.39824107 0.51580644 0.024479957 0.89753175 0.006760204 0.006445156 0.3451408 0.2722289 0.0045589884 0.0074244016 0.475694 1.936027e-13 0.21091096 0.0069341436 0.17824802 0.050522655 0.23909025 0.5264184 0.09969293 0.0050712265 0.04586247 0.7403072 0.011704375 0.16872002 0.0046120244 0.5753869 0.848704 0.7288049 0.36441922 0.0009948382 0.0027636355 8.214047e-05 0.16300298 5.0551786e-05 0.045603003 5.6597015e-05 2.46568e-06 1.8391102e-05 0.00091075303 0.11747648 0.00029311742 0.00014151122 0.00027511735 2.5034353e-05 0.00020177948 0.053230435 0.19271138 0.07252753 0.0012553807 0.39901808 9.140124e-06 0.09540856 0.05345124 0.005153239 0.074125215 0.00013974271 0.0032957413 0.0013953994 0.08999751 0.001149033 0.00019202806 0.00015615167 4.242259e-06 0.008269417 0.0003260787 5.9186874e-05 6.4142087e-06 0.0005189458 2.8863578e-06 8.9415454e-07 0.00023179602 0.0001961089 0.00030535075 0.028509265 0.00018936653 0.0413375 0.027849453 0.00023341381 0.00014197623 0.031738114 2.8221062e-05 0.0004711511 0.007651958 0.0009579897 2.9060068e-06 1.5272706e-05 1.4033613e-07 7.131338e-05 4.729671e-06 1.18299475e-07 0.004591278 6.457168e-07 0.00263462 0.0006818295 0.0052913795 0.000121470795 9.946247e-06 1.4576437e-06 2.7564468e-08
0.99871135 0.37620768 0.36012918 0.056758333 0.044328593 0.08190311 0.022848144 0.027498381 0.5197738 0.886721 0.024549246 0.027939629 0.8474108 0.21091096 6.3001015e-13 0.010507827 0.04711484 0.7864006 0.046299107 0.07974478 0.050749216 0.20912138 0.39823568 0.11044342 0.34385884 0.6885653 0.18063079 0.021865282 0.04241699 0.0104794195 0.020133404 0.0025300528 0.0016061387 0.005679537 0.02936807 0.003777779 0.0006396915 0.0045110253 0.0016935829 0.00071851956 0.0012385631 0.03754248 0.014203603 0.004439473 0.018957635 0.0017577606 0.0037535275 0.0017879894 0.2721948 0.032984093 0.03050755 0.004102796 0.0020713692 0.0003474837 0.00020114373 6.417081e-05 0.044005014 0.0031250042 3.1355645e-05 0.00021044973 0.00023085778 0.020047868 0.023202095 0.0041347714 2.2968507e-06 0.00022412492 0.01669971 0.0026485347 0.0037100136 0.0126472 0.002826943 1.9885029e-07 0.006878148 0.015993835 3.4549298e-06 3.8153612e-05 0.004093619 4.4292745e-05 3.9670907e-05 1.661759e-05 0.00624907 6.916169e-05 0.0010913648 2.1206752e-06 0.011087304 0.061790247 0.0005787454 0.0008462203 5.947628e-09 3.9982374e-06 3.883747e-07 7.024389e-08 0.0017329962 0.00066906074 5.4070486e-05 0.020607369 4.3792397e-06 4.3348024e-05 2.5097472e-06 4.4656103e-05 3.046958e-05
0.6093853 0.45358774 0.89316493 0.019214204 0.9367505 0.011910868 0.63875806 0.9255514 0.036465567 0.0057856105 0.9348535 0.7841257 0.00063699094 0.0069341436 0.010507827 7.9665847e-16 0.8861675 0.0017348771 0.15088008 0.00695284 0.45690888 0.0071463087 0.0033744767 0.0010920055 0.0049057584 0.00044676015 0.002720582 0.00017725835 8.408894e-05 7.65194e-05 5.585019e-06 0.10742614 0.5118514 0.0013241075 0.00034843158 0.0001906153 0.0054876716 0.00011083366 0.0023199185 0.07619952 0.08689982 2.2251004e-05 4.423546e-05 8.282154e-06 4.841105e-05 0.00012751781 4.2147018e-05 4.660212e-05 0.007945279 8.2656996e-05 0.0001267745 1.4382964e-06 9.906176e-06 2.3213814e-05 3.719165e-08 1.1334092e-05 0.0009980367 2.068118e-07 1.000797e-05 0.0009306359 5.5732202e-05 2.7203263e-05 3.8556776e-05 1.0418364e-06 0.00012344251 2.5585484e-07 1.5732654e-08 2.225906e-06 4.239787e-08 2.7966441e-06 2.4378137e-06 4.091295e-05 5.175147e-07 8.227457e-06 8.39383e-07 8.1256934e-07 1.8233586e-06 1.4079689e-07 8.449714e-07 6.3685666e-06 1.1729454e-06 1.2065924e-06 6.1419655e-07 3.2634514e-07 3.8982558e-05 0.00067483675 1.0030815e-07 1.1778703e-07 2.5080699e-06 2.2121641e-05 3.260717e-05 1.0865527e-05 1.1613268e-05 2.549462e-08 7.764768e-08 0.000290071 2.782028e-07 4.3933674e-09 0.00019240056 2.3222294e-07 4.110971e-09
0.9735251 0.15926592 0.60143125 0.35558784 0.67054373 0.22758839 0.10304869 0.30513048 0.19955349 0.0012602917 0.47325075 0.1831535 0.00029121133 0.17824802 0.04711484 0.8861675 1.726851e-14 0.00031809584 0.8763751 0.24002236 0.9742424 0.0044314316 0.0061400663 0.0013531359 0.0015968893 0.00021057519 0.00041737437 0.03066624 0.0008113355 0.0008580058 2.5439795e-05 0.23014045 0.8731879 0.00033799603 0.0019495741 7.334661e-05 0.19804148 6.4565764e-05 0.0009214403 0.0146015035 0.46945128 1.5193749e-05 1.3955073e-05 3.2628645e-06 2.5308997e-05 0.00026182475 4.5556517e-06 0.02650713 0.017249685 0.00040743203 5.6162462e-05 0.0006562902 1.7354562e-06 6.400097e-05 1.029253e-06 0.08230839 0.0023848715 1.381213e-07 0.05388298 0.3907896 0.002571045 1.5520542e-05 1.0986338e-06 3.0906372e-07 0.009186813 3.8937546e-06 5.055067e-09 5.4715338e-06 3.5821666e-09 4.282844e-06 2.1905462e-06 0.00010290253 2.3127335e-08 7.255365e-07 0.0024611787 0.0032047823 5.622307e-07 0.00024344638 0.0005048152 0.020915186 1.940882e-07 2.4860922e-06 1.3008494e-06 0.0022882705 0.00056825957 0.0030027016 1.2283999e-09 1.6910745e-07 9.739322e-06 0.008991708 0.0006119497 7.690857e-06 2.7141563e-05 5.2494666e-08 1.9098768e-07 0.001079112 8.52906e-06 5.76487e-09 0.009303387 8.756395e-08 3.4279402e-09
0.96411043 0.2949466 0.08294797 0.003072275 0.0034885206 0.019758396 0.0076590106 0.0049765613 0.44348007 0.5385869 0.00081477046 0.0023260154 0.45200363 0.050522655 0.7864006 0.0017348771 0.00031809584 1.456995e-17 3.5030826e-05 4.330154e-05 8.581882e-06 0.7931253 0.9309549 0.23881188 0.88851964 0.8068554 0.80118364 1.452761e-05 0.0017582115 0.00015218715 0.0006862737 1.5806919e-06 2.8226552e-05 0.000120542274 0.10802754 0.00016038626 1.4863182e-06 0.00012263723 4.28266e-08 1.5551923e-05 1.9955263e-05 0.14012592 0.15082675 0.16086632 0.08835137 3.713419e-05 0.0001603049 1.3230516e-07 0.32135028 0.06115787 0.21355261 1.7330514e-06 3.3323457e-05 8.036528e-05 2.7837059e-05 6.8984223e-09 0.070142 0.03190992 7.060128e-09 3.8164217e-08 3.8730312e-07 0.010964207 0.15764737 0.031393416 7.7487e-08 0.00011925251 1.8501798e-06 4.7362097e-05 0.036270242 0.00012102618 0.005902383 5.311944e-08 0.08557358 1.4343824e-05 2.1954722e-09 3.4048092e-08 9.831546e-05 2.9134599e-08 4.0845944e-08 2.2858764e-08 0.031536873 8.102726e-09 2.7242102e-05 9.145581e-10 0.015371253 0.054662604 0.00030838346 0.00035597448 4.5128146e-09 3.0432272e-08 3.9547512e-08 1.6093583e-08 0.004889677 0.00016397925 4.258568e-05 0.018626187 3.3606455e-08 2.9406392e-05 5.9573843e-08 1.4641481e-05 4.358944e-06
0.97235847 0.028982425 0.4047911 0.74821913 0.16046853 0.33682004 0.01298681 0.04264019 0.14606379 0.00044454192 0.055497807 0.019831149 7.4416945e-05 0.23909025 0.046299107 0.15088008 0.8763751 3.5030826e-05 7.6803126e-11 0.90250254 0.9296666 0.0010772529 0.0066710357 0.0061866767 0.0013349127 0.0002853762 0.00021819977 0.14250554 0.0039787036 0.016712092 0.00012456634 0.015756473 0.56083477 9.755073e-05 0.016955052 2.4254316e-05 0.8659601 1.7110837e-05 4.2543747e-05 0.00033853654 0.06036809 7.3050425e-05 2.0666632e-05 5.0703466e-06 3.5825768e-05 9.109219e-05 6.562648e-06 0.7125111 0.018680776 0.0035442596 0.00013578821 0.018072993 1.593138e-06 0.0012099093 0.00012757813 0.7349187 0.006413209 8.0020044e-07 0.66311026 0.4629591 0.13042958 2.585229e-05 1.4501504e-05 7.877882e-06 0.000610509 7.761359e-05 1.12363105e-08 6.5736976e-06 2.0062826e-07 8.179265e-06 1.326053e-05 2.1818092e-05 2.1441174e-07 2.9293366e-07 0.073594905 0.107598394 4.528968e-06 0.013311283 0.017381528 0.19732253 1.091985e-06 0.0001600005 2.768006e-06 0.05656886 0.0017319776 0.0030930184 2.059229e-08 1.348075e-07 2.1523974e-06 0.036334705 0.00017084104 2.1137596e-06 0.0006373765 1.6460973e-06 2.6944961e-05 0.0012691506 0.0003171547 1.0480468e-06 0.0057222103 1.572973e-06 9.616065e-08
0.97360975 0.0225677 0.15095493 0.8672202 0.030041978 0.69685775 0.0007824833 0.005222755 0.20523861 0.0019479314 0.011770828 0.0024149246 0.00028654016 0.5264184 0.07974478 0.00695284 0.24002236 4.330154e-05 0.90250254 1.0359668e-12 0.21354942 0.0028338274 0.010176709 0.05237026 0.0029546637 0.0013132188 0.0002865962 0.6911725 0.060535513 0.086245574 0.00054455013 0.0011019135 0.0142195355 2.0913056e-05 0.069943264 2.29961e-06 0.92007124 2.5005324e-06 1.194518e-06 1.63997e-05 0.0011149477 0.00019134163 5.0562267e-06 1.0541845e-06 2.1022457e-05 3.5426896e-05 1.5503581e-06 0.74562913 0.035645477 0.012792511 0.00010569228 0.14819662 2.2684817e-06 0.016885899 0.0012543706 0.38980332 0.016864697 1.1360551e-07 0.33263716 0.021767246 0.5976036 9.6688076e-05 7.15178e-06 8.926163e-06 1.3134743e-05 0.00052260485 1.029457e-08 8.740644e-06 8.359699e-08 4.076201e-06 9.055953e-06 1.3984601e-06 1.6519995e-06 3.2404736e-07 0.021528719 0.2811883 3.4297304e-06 0.062252633 0.078338884 0.031128354 1.3236315e-06 0.009068979 2.6438809e-06 0.024299808 0.002695996 0.0036469435 3.418383e-08 7.019059e-08 1.905354e-07 0.0032543018 2.1720518e-05 8.056586e-07 0.0016326379 2.9207686e-06 0.0001281333 0.0025068626 0.00080517057 5.1678703e-06 0.0002667816 1.1601983e-06 6.1795234e-08
0.9568288 0.042929616 0.12036726 0.26226568 0.52855194 0.13864669 0.07530275 0.20344771 0.18753931 0.00011667659 0.34538528 0.10459177 1.9491958e-05 0.09969293 0.050749216 0.45690888 0.9742424 8.581882e-06 0.9296666 0.21354942 2.6041062e-13 0.0013866335 0.0022836763 9.4681425e-05 0.0002672211 2.1357075e-05 0.00014124723 0.0489502 0.00016960582 0.0018251479 1.8828642e-06 0.14057957 0.9558905 0.000123034 0.0007732439 1.455883e-05 0.11051445 9.750465e-06 0.00015486588 0.0038170957 0.37626663 9.914818e-07 9.68979e-07 1.0556448e-07 1.2007611e-06 2.0100939e-05 9.105093e-07 0.04197081 0.0037981987 4.3145108e-05 2.6046769e-06 0.0012427464 4.9398034e-07 1.7166245e-05 4.668552e-07 0.13804229 0.0011112562 3.316509e-09 0.09771133 0.55634946 0.002494093 1.8817568e-06 1.0489607e-06 4.3099398e-08 0.009426285 5.0411154e-07 6.447927e-10 5.778323e-07 5.65192e-10 1.3173401e-06 1.9399723e-08 0.0001539532 1.4300141e-09 1.8200176e-08 0.0036688352 0.0034381282 9.932801e-07 0.00035658234 0.00076192844 0.030497286 4.4084856e-09 4.7220206e-07 3.3537896e-07 0.0023542945 0.00033879685 0.0006340539 1.1527886e-10 1.4635414e-08 6.943321e-06 0.016635122 0.0006385343 5.130202e-06 5.768996e-05 2.323934e-08 5.8501527e-08 0.00028779692 7.6426295e-06 1.4527773e-09 0.01941876 1.2836504e-08 3.06345e-10
0.986521 0.36299455 0.06942857 0.0009147593 0.00959447 0.00725493 0.064797014 0.026710145 0.22500753 0.12200046 0.004183094 0.037636556 0.043935537 0.0050712265 0.20912138 0.0071463087 0.0044314316 0.7931253 0.0010772529 0.0028338274 0.0013866335 1.29842595e-14 0.4601221 0.0026255012 0.94962925 0.044312507 0.8240369 0.0009684838 9.841255e-05 3.6752676e-06 8.697243e-05 0.0019828372 0.00081670325 0.0785221 0.0016022063 0.2207127 1.4724069e-05 0.20285814 0.0059434166 0.0014782331 0.00060166506 0.0015101513 0.48633462 0.2735543 0.52020264 0.04839286 0.29240838 5.6334975e-05 0.03564475 0.0006457648 0.045480084 0.0007231419 0.12532318 2.6067914e-06 7.172913e-08 1.1594909e-05 0.0009275538 0.06412174 4.6790606e-06 4.171881e-05 3.0895776e-06 0.7219827 0.70548195 0.051793937 3.0989142e-06 4.28993e-07 0.05623491 0.31051618 0.069919825 0.51149374 0.001282868 8.1109565e-06 0.019818934 0.78898823 1.8144892e-06 0.00015349755 0.31933817 1.8282086e-05 4.607619e-05 4.1910018e-05 0.008580082 1.08503876e-07 0.080968216 1.1064487e-05 0.00019320646 0.020068873 0.0061697606 0.0755375 1.0993233e-06 1.1113874e-05 4.2749157e-06 0.00010246127 4.4871495e-06 0.0056273094 9.3036165e-09 0.0021504853 3.544335e-07 1.2316376e-09 2.0231282e-06 0.0070070713 0.00089249166
0.99926436 0.18562992 0.12389029 0.007990316 0.008032425 0.020637289 0.021892687 0.015440922 0.29012352 0.44390944 0.0039829523 0.017407773 0.4296626 0.04586247 0.39823568 0.0033744767 0.0061400663 0.9309549 0.0066710357 0.010176709 0.0022836763 0.4601221 3.828421e-16 0.028873634 0.73997587 0.5119734 0.67361057 0.001541463 0.007031736 0.0038911968 0.0034102192 0.0008704953 0.00022671344 0.009219181 0.009901832 0.013081873 3.9735787e-06 0.01864201 0.0010511439 0.0004248423 8.685183e-05 0.009555866 0.16843392 0.14912076 0.19571882 0.0033865294 0.01283969 4.6992667e-05 0.28304195 0.012615177 0.121427596 0.00058845663 0.010410559 1.0378484e-05 8.898209e-06 7.563138e-07 0.025817156 0.12799987 3.6701e-07 1.6354248e-05 2.7102672e-06 0.09237787 0.106306456 0.08190622 1.1959781e-06 5.3605676e-05 0.061560944 0.022901345 0.044989534 0.06689556 0.009107701 8.555368e-07 0.07025995 0.051328436 1.5402578e-07 6.2733066e-06 0.03863194 5.902695e-07 7.0359977e-07 1.4706253e-06 0.012666538 6.185204e-07 0.013133956 7.430237e-08 0.0046699285 0.08381909 0.022520944 0.015260027 5.1990668e-08 1.0953451e-05 7.525304e-06 2.696986e-06 0.00052794133 0.008930872 1.3141059e-05 0.026444178 2.2686675e-06 1.5166548e-05 2.567852e-07 0.0014652788 0.0011088658
0.97877616 0.004715512 0.13899997 0.048560616 0.0017501705 0.213641 9.643005e-05 0.00046283446 0.23284854 0.4455381 6.1488405e-05 0.00012224942 0.7097248 0.7403072 0.11044342 0.0010920055 0.0013531359 0.23881188 0.0061866767 0.05237026 9.4681425e-05 0.0026255012 0.028873634 6.849151e-13 0.036920648 0.6255489 0.012366399 0.04749702 0.66451734 0.61172795 0.9265008 7.5382122e-06 0.0007510997 6.627385e-06 0.9279048 4.6832256e-06 0.017393667 4.9259143e-06 3.7017415e-08 2.5134432e-06 1.0395463e-05 0.8808796 0.001123918 0.00074947975 0.0005151274 7.7424335e-07 3.4812836e-06 0.0012325185 0.18707241 0.44540974 0.0154362405 0.021870814 5.105308e-07 0.10101157 0.07311303 4.0794757e-06 0.28472054 0.00012027438 4.155222e-06 3.9192463e-07 0.0046843383 0.00017888985 0.00027230606 0.00043539607 1.611484e-08 0.13444611 0.00027968606 1.7096457e-06 3.8536964e-05 1.499041e-05 0.0011190851 6.9071945e-08 0.0014087304 1.0366633e-05 1.4732447e-06 4.3318603e-05 9.68041e-06 0.00051693566 0.00027741297 8.887239e-07 0.012054965 0.0040840716 3.7375742e-07 3.1339022e-07 0.16011387 0.018299028 1.3967947e-07 1.0563649e-05 4.4484207e-09 3.7324614e-06 1.9549937e-08 1.2167338e-09 0.26261652 2.0682168e-05 0.13123189 0.013836462 0.00067150744 0.005450468 2.8445697e-08 1.241484e-06 7.39451e-08
0.9889079 0.2527357 0.120007835 0.0014103717 0.002381123 0.010839184 0.018665833 0.008592934 0.25128555 0.25182727 0.0013726207 0.011518159 0.17019366 0.011704375 0.34385884 0.0049057584 0.0015968893 0.88851964 0.0013349127 0.0029546637 0.0002672211 0.94962925 0.73997587 0.036920648 5.4122684e-13 0.4810976 0.892381 0.0012735226 0.00071051205 0.00041475057 0.0010300296 0.0003463388 0.0002896022 0.0042984653 0.021192335 0.0112135755 8.398575e-06 0.009014886 0.0010220733 0.0006029627 0.00017203651 0.012093655 0.41941664 0.3460748 0.45981115 0.0029399174 0.023640906 3.2866108e-05 0.18167418 0.01191577 0.24049325 0.00063601485 0.01030957 3.3941807e-05 1.1628972e-05 4.7337934e-07 0.008465064 0.115519 2.8270088e-07 2.7636802e-06 4.683105e-06 0.24094771 0.2836298 0.10730646 4.907601e-07 8.594549e-05 0.12403954 0.044592235 0.091186635 0.09926137 0.008822516 1.2873112e-06 0.07227222 0.27273268 5.2424457e-07 7.257005e-05 0.08334061 5.774453e-06 7.772674e-06 2.354036e-06 0.08886911 6.235491e-08 0.020098062 5.505499e-06 0.0030055267 0.059118547 0.010231745 0.029635739 2.1494138e-07 1.0500091e-05 2.9099795e-07 1.4937087e-06 0.00044827166 0.005519236 4.4223987e-05 0.009931608 7.299547e-07 2.9318728e-06 3.014692e-07 0.0036937722 0.00061357196
0.98969126 0.009672968 0.020755388 0.0053523867 0.00090283673 0.020605233 0.0010943675 0.0010458897 0.26264668 0.4967357 0.00021914384 0.00074438524 0.8622227 0.16872002 0.6885653 0.00044676015 0.00021057519 0.8068554 0.0002853762 0.0013132188 2.1357075e-05 0.044312507 0.5119734 0.6255489 0.4810976 7.977263e-11 0.5486957 0.00097307994 0.016022904 0.020257581 0.10310652 1.0248302e-05 1.6828166e-05 1.21420235e-05 0.5454248 1.0491313e-05 1.9650832e-05 7.0138735e-06 1.6655494e-07 1.9339025e-06 2.7780475e-06 0.7638611 0.029805759 0.101012334 0.014030992 4.6468467e-06 4.1507006e-05 8.772255e-07 0.93536115 0.4569064 0.50965387 0.00043475954 5.1772527e-06 0.0012446351 0.0011279602 9.075739e-07 0.57352954 0.043231815 9.1040255e-07 7.502077e-07 8.648869e-06 0.00047330014 0.029802313 0.015290846 1.04589056e-07 0.00121117 0.047801122 1.2139215e-06 0.014506753 0.000101320315 0.26088786 9.3216144e-08 0.27188715 0.00018947061 5.2856944e-07 1.3016127e-06 0.00015776047 2.8368165e-06 2.1080084e-06 4.732308e-07 0.28883407 2.7040655e-06 4.474974e-06 4.3696023e-08 0.14915037 0.20430389 0.00069230323 3.4034085e-05 9.710112e-09 1.6733803e-06 5.2313954e-08 1.4269714e-08 0.051413387 0.0003631989 0.00086441735 0.10719423 7.6515306e-07 0.0017997655 7.946736e-08 2.5405643e-06 5.3299664e-05
0.99822134 0.039629474 0.013942955 0.0003821344 0.00066420936 0.0011279333 0.006875446 0.002192556 0.09479846 0.10377922 0.00062455697 0.006385733 0.06884776 0.0046120244 0.18063079 0.002720582 0.00041737437 0.80118364 0.00021819977 0.0002865962 0.00014124723 0.8240369 0.67361057 0.012366399 0.892381 0.5486957 5.427708e-15 0.00030461457 0.000324229 0.00031765294 0.0005346428 6.480839e-05 7.230285e-05 0.0065110032 0.004833572 0.009024585 5.0549925e-06 0.013078291 0.0005564532 8.609569e-05 2.6165062e-05 0.0054242425 0.5806987 0.5170936 0.5708712 0.003077257 0.026170297 1.8498931e-05 0.28825727 0.0069714272 0.29891884 0.00027912995 0.01478678 1.6734473e-06 2.7530803e-07 5.0130456e-07 0.019942626 0.33256817 5.284787e-07 1.954718e-06 9.375768e-06 0.3913102 0.32207748 0.2901968 3.92534e-07 5.4669176e-06 0.23810442 0.053969927 0.2265676 0.22019488 0.021536091 5.3527003e-07 0.109482855 0.49529606 6.682305e-07 5.0451028e-05 0.108725354 4.9650366e-06 9.142791e-06 6.35139e-06 0.035420828 8.106528e-07 0.038375568 3.193073e-06 0.004373343 0.1494605 0.061654806 0.059291843 4.2482455e-08 2.3300415e-06 4.5636773e-07 2.2196991e-06 0.00039453775 0.014430339 4.1657127e-06 0.04515027 4.7098592e-07 2.8338825e-06 2.296394e-07 0.011368774 0.0023543912
0.9906891 0.005299527 0.008789507 0.48387718 0.0018125048 0.7154064 0.00013743564 0.00035791434 0.045665685 0.00016619485 0.00037536852 0.0002911269 0.00017345742 0.5753869 0.021865282 0.00017725835 0.03066624 1.452761e-05 0.14250554 0.6911725 0.0489502 0.0009684838 0.001541463 0.04749702 0.0012735226 0.00097307994 0.00030461457 1.2577662e-12 0.17995955 0.43362063 0.005627095 4.979601e-05 0.0017513159 3.1504256e-05 0.05900518 1.2003122e-06 0.6222981 5.4757725e-06 1.8860651e-06 1.2645136e-06 1.9719015e-05 0.00039054526 1.09899365e-05 5.754727e-06 2.4858326e-05 0.0002556401 1.7112673e-06 0.7875886 0.06184437 0.024199175 4.9417737e-05 0.8565521 2.3846076e-06 0.2600646 0.029862385 0.12653515 0.041489154 6.148078e-07 0.11265374 0.008985998 0.9094301 0.00013810267 4.634729e-06 4.8379966e-06 7.88765e-07 0.0030093254 1.354877e-08 0.00034960575 1.6192999e-07 4.439534e-05 2.6211244e-05 2.9157883e-07 5.427861e-06 3.8474e-06 0.007827599 0.73705 5.074497e-06 0.5830112 0.58141917 0.008823054 1.3461668e-06 0.34133202 1.4650274e-06 0.016342176 0.0058196764 0.0043020924 1.0831175e-06 9.848925e-07 5.560547e-07 0.001173266 3.3140798e-06 6.53328e-06 0.003235615 1.3540963e-05 0.00027638834 0.0034146158 0.07209488 6.402013e-05 1.4992404e-06 8.240193e-06 1.6691001e-07
0.9612148 0.0051857447 0.024851216 0.12505642 0.0005192735 0.49654397 2.1906368e-05 2.3912653e-05 0.050476756 0.04046351 2.2096361e-05 1.1572429e-05 0.04016242 0.848704 0.04241699 8.408894e-05 0.0008113355 0.0017582115 0.0039787036 0.060535513 0.00016960582 9.841255e-05 0.007031736 0.66451734 0.00071051205 0.016022904 0.000324229 0.17995955 2.8528783e-15 0.97097945 0.87801284 1.5344227e-07 4.0184535e-05 1.2057147e-08 0.54790974 1.7170164e-08 0.02553552 5.8280754e-09 5.7259126e-09 2.5235583e-09 5.2573256e-07 0.022910923 3.502757e-06 2.5087925e-06 5.023251e-06 2.5302635e-08 1.2089686e-08 0.0013571694 0.10780229 0.14519651 0.0002991587 0.11474703 1.8514232e-09 0.6640316 0.70258045 3.563962e-06 0.093330234 1.6737496e-07 2.3960283e-06 7.2827754e-07 0.038430076 3.6914541e-06 3.4271326e-07 2.6889845e-07 1.4981255e-08 0.534379 1.020225e-08 1.6953885e-08 1.078481e-08 9.741931e-08 7.96585e-06 2.7824303e-08 5.0787476e-06 6.0748283e-07 8.213941e-08 0.0003759295 1.05227556e-07 0.0029938717 0.0022418543 3.963012e-08 3.5696564e-06 0.074488215 2.29066e-08 2.5914481e-08 0.009507068 0.0074410276 7.785659e-09 1.2636691e-09 3.9989537e-10 6.9392826e-08 4.1429473e-08 3.9573225e-09 0.01318196 2.564395e-08 0.020211466 0.007345319 0.026950078 0.0005593377 5.540956e-07 9.374243e-09 9.503022e-11
0.98131055 0.0012182253 0.05646912 0.10025792 8.867596e-05 0.47884262 5.085862e-08 2.1736714e-06 0.02921402 0.003273648 5.662454e-07 1.6036905e-07 0.007254442 0.7288049 0.0104794195 7.65194e-05 0.0008580058 0.00015218715 0.016712092 0.086245574 0.0018251479 3.6752676e-06 0.0038911968 0.61172795 0.00041475057 0.020257581 0.00031765294 0.43362063 0.97097945 7.406876e-19 0.81722724 6.080276e-07 7.9939586e-05 3.14077e-08 0.417538 3.559602e-09 0.017436143 2.1126418e-09 2.4761835e-09 1.7302579e-09 1.7274351e-07 0.034834128 1.2381804e-06 1.7014335e-06 2.6370997e-06 1.25053505e-08 3.8505363e-09 0.026336234 0.1661575 0.16009569 0.00077638397 0.67337793 5.6619004e-10 0.42525834 0.5070956 0.00068437244 0.15024316 3.617218e-08 0.000623853 2.1030928e-06 0.11587076 8.3909725e-07 4.3083695e-08 2.6016266e-07 2.6144233e-09 0.6814368 2.0853743e-09 6.7699085e-10 2.1387685e-09 8.27123e-08 1.8387384e-05 3.646755e-09 2.1074625e-07 1.7310781e-07 9.4669325e-05 0.08854056 3.9235935e-08 0.1633179 0.11057954 8.395977e-05 7.261359e-07 0.34299082 1.5253927e-09 0.000115909126 0.05033531 0.01477988 3.978967e-10 1.5841024e-08 6.1985106e-10 1.9937886e-06 9.128437e-09 3.8730663e-10 0.07361987 6.385826e-10 0.06362421 0.0114385495 0.32605994 0.0025196855 1.4315977e-08 1.6871768e-10 9.397591e-12
0.964967 0.00067260314 0.003991523 0.005095869 9.97511e-05 0.09133348 1.2731008e-05 1.4959262e-05 0.018288098 0.016866883 4.3581954e-06 9.865664e-06 0.0332199 0.36441922 0.020133404 5.585019e-06 2.5439795e-05 0.0006862737 0.00012456634 0.00054455013 1.8828642e-06 8.697243e-05 0.0034102192 0.9265008 0.0010300296 0.10310652 0.0005346428 0.005627095 0.87801284 0.81722724 2.1208241e-14 1.3736307e-07 1.19151955e-05 6.49801e-08 0.86492896 5.972185e-08 0.0014194732 5.095261e-08 1.6404547e-09 5.0749103e-09 3.4316447e-08 0.24384777 2.1341926e-05 2.544753e-05 9.692141e-06 2.393579e-07 6.878351e-08 2.3196042e-05 0.20689647 0.5420784 0.0048018973 0.007171016 2.5080316e-08 0.43463108 0.49225017 4.6735078e-08 0.458429 2.1543935e-06 5.2318846e-08 6.73441e-08 0.0006336559 3.4178e-06 2.389926e-06 3.3377191e-06 3.0770217e-08 0.9593523 1.4871922e-07 1.907002e-08 4.5090033e-07 4.179973e-07 0.0020615275 9.367272e-09 4.971395e-06 6.2153015e-07 2.2159924e-07 3.378009e-05 6.3783307e-07 0.00022962442 0.00021360019 3.3593435e-07 3.2561926e-05 0.0031799802 2.1198925e-08 5.6102635e-08 0.074485324 0.030655755 1.3612531e-06 7.555798e-09 1.24103e-09 2.53468e-07 3.911332e-08 1.1330379e-08 0.22677615 1.0393355e-06 0.70248073 0.027776584 0.0015090773 0.021735238 1.8598406e-08 3.2394617e-08 2.1379622e-08
