5.985095e-15 0.9919466 0.92113215 0.993265 0.9753825 0.9887144 0.9282889 0.9527315 0.9814119 0.969764 0.9979094 0.9920728 0.4709392 0.26166475 0.9250677 0.43551418 0.9995918 0.89337635 0.88591427 0.86958337 0.83731383 0.90906733 0.9282609 0.98056144 0.9904993 0.9985537 0.8228674 0.86752874 0.99420285 0.9952029 0.943477 0.869315 0.7889703 0.7158509 0.99980617 0.9877541 0.518636 0.42353633 0.98129696 0.9918729 0.47938275 0.4426652 0.9700371 0.9995093 0.93070066 0.46662655 0.976141 0.40772474 0.20691225 0.019821202 0.96694607 0.5484262 0.99238926 0.9998309 0.21976231 0.9865053 0.99906236 0.04829519 0.9533602 0.99448466 0.039061077 0.9610722 0.9999873 0.99890625 0.99736226 0.8574804 0.99955326 0.81623983 0.9957586 0.058177702 0.97452855 0.9800315 0.9874052 0.92343944 0.86294806 0.9798449 0.9976983 0.9529576 0.8679779 0.7707859 0.004717682 0.9161482 0.8331731 0.99638855 0.02195421 0.99676627 0.31644487 0.9897035 0.99999774 0.62665665 0.00076766196 0.935025 0.038060065 0.562321 0.00479237 0.30231762 0.001117478 0.999994 0.5985051 0.38017234 0.15570621
0.9919466 1.9799964e-13 0.35690412 0.25353986 0.6017152 0.3389722 0.29236022 0.007769017 0.7716213 0.80693436 0.2147784 0.61179405 0.8905053 0.019077068 0.8507211 0.86071265 0.35470974 0.4056915 0.04627745 0.043459553 0.23911022 0.6695897 0.56487256 0.016655948 0.7156168 0.061649438 0.019284502 0.015376216 0.4581643 0.0007621508 0.0042167385 0.18441738 0.18205787 0.022442833 0.60134643 0.000100576515 0.09808387 0.0009182906 0.0065281233 1.0460652e-05 0.0015502073 0.002647983 0.0021557861 0.101019174 6.5664135e-05 0.0001468771 0.00028563815 0.21573567 0.0008143537 0.0019488855 3.310646e-06 0.00076120684 1.3566556e-05 0.0013219406 0.09820248 0.002172836 0.00010182129 0.0014100134 4.619573e-05 1.5045464e-05 0.0016321444 0.00071129954 0.04015759 0.010098581 0.00029239376 0.00050736597 0.007888886 0.038494814 9.89242e-06 0.00095250725 3.8556573e-06 1.0449539e-06 5.9198384e-05 8.158672e-05 0.00017767823 1.717642e-06 0.0007392015 9.968091e-07 3.3074305e-06 4.0623374e-05 0.00056874147 1.7431526e-06 7.4600626e-05 0.000120871286 0.001091436 8.570497e-06 0.0008180834 5.946758e-06 0.022524577 0.0031693066 1.1766145e-06 7.248373e-07 0.09222892 2.0748457e-06 0.024235094 1.9507857e-07 3.6056806e-06 0.005191554 4.4367993e-05 5.8247817e-05 2.0041361e-06
0.92113215 0.35690412 2.951458e-13 0.8003559 0.3565168 0.94255143 0.31776163 0.7733332 0.7008119 0.1820596 0.88579404 0.5669601 0.16071884 0.72747755 0.027467526 0.01332702 0.7454885 0.0052105165 0.061499994 0.056009762 0.0056801764 0.007310893 0.005812552 0.7094095 0.19881226 0.3789436 0.007603917 0.7215988 0.2790142 0.2495386 0.1073341 0.0013174784 0.000821722 0.0005736233 0.32599732 0.25292274 0.0004974722 0.10506323 0.29357365 0.09698522 7.20025e-05 6.8889494e-05 0.1431687 0.09785607 0.11525246 4.761959e-06 0.07155859 6.528637e-05 3.3206509e-06 0.00029085134 0.06531984 0.00050066365 0.04390818 0.056942362 7.95713e-05 0.0056602117 0.013042315 0.00013571883 0.041711025 0.01691025 0.00019585452 0.0011978155 0.16442156 0.0070235054 0.018983647 0.0007725599 0.045352925 1.8949462e-08 0.006036419 6.554508e-05 0.007246604 0.0023771229 0.008289658 0.017525857 0.0007042742 0.004046413 0.066244856 0.004685685 0.044817805 5.1624047e-05 5.792782e-06 0.0035284138 0.000106643914 0.00016127064 2.5194583e-07 0.0018199563 1.2724039e-05 0.0014345171 0.02189888 1.6005895e-06 3.6276117e-07 0.00018382781 0.00057054346 9.0198e-05 2.9534308e-06 0.0010772144 6.5243256e-08 0.015358175 6.344909e-05 1.1897584e-05 0.00047394857
0.993265 0.25353986 0.8003559 2.494292e-12 0.8297818 0.71201503 0.86711884 0.083004564 0.36849946 0.5213071 0.73518604 0.36577624 0.10637341 0.8686073 0.08214042 0.013647544 0.49130285 0.10604278 0.67793167 0.65617394 0.1147124 0.012120754 0.020573275 0.7915962 0.10729209 0.17053682 0.4154854 0.2171221 0.098601475 0.0482655 0.5184836 0.00020619296 0.0009224167 0.056950428 0.26790598 0.0037441002 0.00021927911 0.26495612 0.0034100825 0.0106307715 3.5345467e-05 6.382305e-05 0.24047238 0.043162517 0.0077720885 5.763697e-06 0.030557618 0.01570616 9.324367e-05 0.007884049 0.00087993033 0.32766244 0.0010619862 0.049164698 0.020489223 5.386894e-05 0.003300195 0.06138631 0.030325651 0.00022536117 0.041429114 1.7205333e-05 0.14673921 0.00074822427 0.00039914387 1.169856e-05 0.00269398 7.259304e-05 0.00037831164 0.06675721 0.0009961886 2.4751707e-05 9.425097e-05 0.011618525 4.406987e-06 0.00034719668 0.0003829708 0.0006045651 0.0003342762 2.340723e-06 0.00023034119 0.002531827 6.3552493e-06 9.021998e-06 3.792684e-05 0.00030981374 0.0857877 0.0004971708 0.030665342 0.0011371815 7.294141e-05 7.682588e-06 0.019918779 7.265638e-06 0.0037036273 0.00029594393 0.00014585715 0.0118752085 5.7303573e-06 7.779044e-06 0.0005700092
0.9753825 0.6017152 0.3565168 0.8297818 2.1629726e-13 0.17410848 0.9709751 0.0022412909 0.23457158 0.8944091 0.16327304 0.22062293 0.27824864 0.74419117 0.05631402 0.02968776 0.23486468 0.2757928 0.49084082 0.48531795 0.29088762 0.012161424 0.02808244 0.09154634 0.115163386 0.026602406 0.37894106 0.01963373 0.034759734 0.006130236 0.09519538 1.6226362e-05 0.0009117915 0.15266518 0.112820596 0.00036127437 3.4419612e-05 0.051229235 0.00018497 8.934632e-05 2.9299415e-06 4.8216953e-06 0.010162209 0.0078061693 0.0002513846 8.3232607e-07 0.0014840753 0.041793257 1.3721226e-05 0.009570167 2.2574739e-05 0.058294613 1.0813003e-05 0.0026413093 0.043263935 7.54977e-05 0.000109474735 0.025185348 0.00041889263 5.973006e-06 0.018491339 1.8146554e-06 0.017765997 7.3369214e-05 5.0409235e-05 1.8474311e-06 0.00023891969 0.00028417096 1.6636523e-05 0.027548093 1.10099945e-05 4.886408e-07 9.124335e-06 0.00020201322 1.40389e-07 9.173902e-06 0.00011585686 3.5342077e-06 9.64956e-06 2.5462885e-08 0.0004698178 0.00019244826 8.467892e-08 1.8086705e-06 0.0004435349 3.1777035e-05 0.008170635 1.547955e-05 0.009301058 0.00033823092 0.00011953397 7.2183514e-07 0.041976213 2.9294316e-07 0.030616976 8.40755e-06 0.0002083972 0.003958754 5.2018225e-07 8.19877e-07 1.9210363e-05
0.9887144 0.3389722 0.94255143 0.71201503 0.17410848 8.685144e-14 0.17221911 0.72384113 0.6992415 0.07789643 0.7449637 0.5271252 0.06745944 0.14083749 0.03628814 0.017458664 0.6798696 0.014454849 0.07458784 0.07216441 0.015812589 0.023096262 0.018899087 0.34746107 0.21412368 0.38189828 0.030330844 0.13310668 0.25059748 0.10106275 0.10197575 0.0015864482 0.0030322783 0.007723743 0.38850644 0.0721886 0.0025413835 0.042919934 0.07076723 0.02378716 0.00041698944 0.00082040543 0.14816357 0.10595757 0.034500238 7.712255e-05 0.054865595 0.00554348 0.00019759101 0.00044780166 0.00914158 0.01815289 0.0028778412 0.1341122 0.0059396597 0.0020730738 0.00508687 0.0046927757 0.032868665 0.0006450745 0.002946578 0.00017605948 0.4941073 0.0066090883 0.007923346 0.00013198022 0.015409538 7.870845e-06 0.00068266876 0.004868236 0.0030934785 0.00018319969 0.0048262067 0.010172507 0.00012289305 0.0003702506 0.026502522 0.002190396 0.0028527607 4.3872256e-05 4.6743306e-05 0.007615427 9.5074116e-05 4.7979418e-05 4.210016e-06 0.00083658367 0.0070034605 0.00085732026 0.07314717 0.00034339709 5.1422517e-06 1.3955472e-05 0.0032784543 3.0289315e-05 5.47915e-05 0.0007366835 7.5202825e-06 0.036781188 8.97053e-06 1.2009712e-05 0.0004109582
0.9282889 0.29236022 0.31776163 0.86711884 0.9709751 0.17221911 1.79123e-12 0.0011423375 0.099584796 0.8254562 0.12837756 0.09245189 0.17681412 0.93165594 0.024982022 0.012810709 0.10436129 0.14178826 0.68998307 0.6892015 0.22299068 0.0036279007 0.011919469 0.30723223 0.029859288 0.020310082 0.51826465 0.024681661 0.012311058 0.007374884 0.26520294 1.6200177e-06 0.00016795596 0.16036591 0.02627967 0.00030301322 2.6290663e-06 0.16708209 6.59858e-05 0.00021845027 8.5964916e-07 1.8406464e-06 0.028695332 0.003986832 0.00023101436 1.5925889e-07 0.0014389901 0.023333455 3.3264575e-06 0.008677328 7.4291534e-06 0.14775667 1.1318301e-05 0.002266423 0.022265961 5.3981512e-05 0.00010004748 0.029968807 0.0009520759 5.789153e-06 0.021946913 9.886953e-07 0.009286571 6.047257e-05 1.1262504e-05 8.8583835e-07 0.000105721105 8.401712e-05 6.860263e-06 0.032622598 8.339235e-06 6.474236e-07 3.216334e-06 0.00043847354 1.4097961e-07 9.605845e-06 3.315188e-05 6.3389484e-06 9.652321e-06 4.280324e-08 0.00025780316 0.00010971941 2.001318e-07 1.1283516e-06 0.000119636046 2.7288099e-05 0.009786024 9.272804e-06 0.0029640452 0.00048554692 0.00012309913 1.4720607e-06 0.036169674 9.024472e-07 0.010792431 1.1216349e-05 0.0002547365 0.0015455192 8.384206e-07 2.7741729e-07 1.883837e-05
0.9527315 0.007769017 0.7733332 0.083004564 0.0022412909 0.72384113 0.0011423375 1.9349957e-18 0.5151429 0.00011799633 0.8628854 0.49817207 8.2398044e-05 0.00019175155 5.967532e-05 3.8476404e-07 0.75351685 4.4959693e-06 0.00010281228 8.201296e-05 3.1404827e-06 3.7186119e-06 2.8415197e-06 0.008164264 0.060058534 0.94152987 3.2902658e-06 0.0010293566 0.11422269 0.22313842 0.00025506126 4.912846e-07 3.4015684e-07 8.567934e-09 0.18693836 0.78888756 3.7297553e-07 0.00059386034 0.00065864116 0.03289801 2.2462572e-07 3.332492e-07 0.0002894313 0.07117793 0.0031569449 9.23749e-08 0.0044549257 3.8315633e-08 2.4579168e-07 1.3207529e-06 0.0006278903 1.4739824e-06 0.06398103 0.28662342 4.7641848e-08 3.620109e-05 0.16289958 1.6197293e-07 0.00022840702 0.054008972 3.3141666e-07 1.122491e-05 0.5009923 0.00229802 0.0013763474 2.8938932e-06 0.012332868 1.4548753e-07 0.06884499 3.4457017e-07 0.0005391483 0.001976961 0.00029481042 0.00015000199 3.9043348e-07 0.034656383 0.082137704 2.3532875e-05 0.043028694 8.9282814e-08 7.939399e-09 3.7380916e-05 4.962934e-08 1.5679601e-06 8.328981e-08 0.011593014 1.5163843e-07 0.0071277926 0.084831916 7.4532025e-08 4.5734883e-09 0.00011620508 1.9153214e-07 5.8694104e-06 8.637694e-11 3.580148e-07 5.425416e-09 0.104313195 3.7696614e-06 4.7138815e-07 1.3703185e-06
0.9814119 0.7716213 0.7008119 0.36849946 0.23457158 0.6992415 0.099584796 0.5151429 7.322855e-13 0.14718226 0.5281213 0.93707156 0.14979424 0.046943884 0.12238796 0.23714527 0.7977102 0.044651818 0.04343495 0.0397559 0.026408691 0.108419046 0.05015107 0.09912878 0.5509335 0.17460029 0.01807635 0.059462074 0.4705764 0.017174507 0.032343037 0.014116045 0.024459042 0.011436575 0.51444554 0.016849415 0.013494149 0.009814497 0.17948696 0.003561173 0.0020639303 0.0029199123 0.048273712 0.10342935 0.0021346232 0.00029658107 0.007864693 0.014540522 0.00093089417 0.00039787777 0.002119254 0.003320993 0.00035354396 0.020168481 0.006333649 0.010761522 0.00071419956 0.0016928078 0.0070561003 0.00020039949 0.001267308 0.006414429 0.17436837 0.012851358 0.015132567 0.00177954 0.025698261 0.0005621463 0.00034099183 0.0015083824 0.0006229485 3.007479e-05 0.007536785 0.001229155 0.0021756117 0.0003306781 0.04765448 9.674664e-05 0.00059036724 0.0007324833 0.00013917561 0.00081917644 0.0011510791 0.00058643334 0.00017436115 0.0004161754 0.00047281518 0.0001221753 0.037365407 0.0015881695 5.166372e-06 2.7035346e-06 0.04528829 5.4804955e-06 0.0017574679 3.8955583e-05 7.2364483e-06 0.012182231 0.00024567512 0.0006014365 0.00011654581
0.969764 0.80693436 0.1820596 0.5213071 0.8944091 0.07789643 0.8254562 0.00011799633 0.14718226 4.796818e-12 0.07889764 0.15507717 0.9275249 0.54506713 0.46987036 0.26526138 0.11126314 0.86660457 0.5853577 0.6116801 0.9225192 0.05521961 0.23383516 0.018409459 0.06200385 0.010837246 0.6072073 0.005074427 0.014268554 0.0016408304 0.011315345 3.2661697e-05 0.0017713347 0.68624854 0.027348883 9.459695e-05 5.178001e-05 0.028194085 6.268675e-05 3.1884072e-05 1.8377891e-06 2.7889334e-06 0.0027989645 0.0025844243 5.976639e-05 2.9686814e-07 0.0001402403 0.33480307 5.6038575e-06 0.046207413 2.5268325e-06 0.011167418 4.6953087e-06 0.00022354045 0.18170367 7.0783186e-05 4.679596e-06 0.024683243 0.000105774954 2.5764512e-06 0.019487377 1.5391869e-06 0.0024732682 1.8774968e-05 9.367456e-06 7.63074e-07 5.9492068e-05 0.0026189156 1.26909e-06 0.016486654 2.0144154e-07 1.9928466e-07 3.3378528e-06 2.5448771e-05 4.9770776e-08 1.1398888e-06 8.003361e-06 9.1686104e-08 2.0507514e-06 9.49785e-09 0.00027108565 3.347806e-06 6.156359e-08 8.0972876e-07 0.00073443557 7.815823e-06 0.0007581658 3.2803243e-06 0.0018891606 0.00056324125 2.4166373e-05 3.501339e-07 0.16416019 6.545827e-08 0.0529551 6.673968e-07 5.9075668e-05 0.001136091 3.70318e-07 2.584938e-07 1.7803649e-06
0.9979094 0.2147784 0.88579404 0.73518604 0.16327304 0.7449637 0.12837756 0.8628854 0.5281213 0.07889764 1.5367009e-15 0.41182598 0.04492244 0.12603603 0.036041744 0.008603763 0.6596083 0.017468367 0.060859624 0.05862857 0.02105605 0.015649226 0.014231731 0.3647122 0.11432742 0.48329207 0.03196943 0.11347392 0.17869739 0.18857946 0.11381355 0.00075171347 0.003177349 0.006217202 0.31663406 0.077423975 0.0011871194 0.045884375 0.044201735 0.0283056 0.000106710555 0.00025409495 0.17855248 0.055732563 0.0147157945 9.778708e-06 0.05070611 0.0055338875 0.00010186957 0.000108194574 0.0033463412 0.022020927 0.0027664332 0.12051307 0.0023313086 0.0004331112 0.0023331202 0.0021533614 0.05282096 0.0006277642 0.0016892969 0.00010310498 0.5648555 0.0015623077 0.004082251 6.9496644e-05 0.008295142 8.818704e-06 0.00047547693 0.002719394 0.0016301752 9.592147e-05 0.002937486 0.020860527 3.625319e-05 0.00025353895 0.029929172 0.0013500231 0.00079576654 2.0052057e-05 2.2605018e-06 0.0072614714 4.7665642e-05 7.9125775e-06 5.125644e-06 0.0006773669 0.007547398 0.00055941904 0.09771613 0.00067693845 2.5812567e-06 4.9550745e-06 0.00035498696 1.1274389e-05 1.8187893e-06 0.00026976858 7.9986985e-06 0.058288623 3.3486615e-06 3.9438446e-06 0.0003291129
0.9920728 0.61179405 0.5669601 0.36577624 0.22062293 0.5271252 0.09245189 0.49817207 0.93707156 0.15507717 0.41182598 3.895581e-14 0.10469318 0.02947965 0.1265763 0.17596681 0.72073853 0.06545633 0.04655406 0.04183357 0.046092067 0.100857645 0.05778368 0.07531846 0.5041283 0.14140703 0.021789594 0.04161329 0.40788025 0.008469748 0.024049666 0.0142702 0.026994264 0.016275857 0.43828124 0.01927998 0.012130942 0.008255931 0.18464494 0.001876286 0.0015504566 0.0020292336 0.028049102 0.064253494 0.0015648017 0.00021025892 0.0073400713 0.017609293 0.0007932192 0.00033076137 0.0017293293 0.0036470618 0.00016650023 0.01224385 0.00756214 0.0057151173 0.00022338382 0.0014539135 0.0034932995 0.00011182999 0.0011637771 0.0039355243 0.1741833 0.006495628 0.015938327 0.0011325298 0.018847298 0.00077128556 0.00014419032 0.0011289987 0.0002289719 8.051053e-06 0.00808625 0.00065498875 0.00080207206 0.00011117262 0.05182681 3.671791e-05 0.00031646554 0.0002467677 8.262696e-05 0.0004908423 0.00035220155 0.00019446402 7.731425e-05 0.00020615343 0.00020692279 4.0118368e-05 0.048818815 0.0006966981 2.5048337e-06 8.610578e-07 0.019340437 2.527659e-06 0.00018460803 2.872541e-05 4.4237336e-06 0.015784949 0.0001682285 0.0003432835 2.387838e-05
0.4709392 0.8905053 0.16071884 0.10637341 0.27824864 0.06745944 0.17681412 8.2398044e-05 0.14979424 0.9275249 0.04492244 0.10469318 5.3621326e-18 0.007598459 0.9078066 0.49015385 0.08949514 0.95540565 0.03982435 0.04364898 0.8477134 0.41036215 0.87321746 0.0070646694 0.06678959 0.011844828 0.050825927 0.0004605706 0.032961454 0.0029846455 0.0020194293 0.0021879731 0.036642108 0.2010293 0.024215588 9.15492e-06 0.001784779 0.0004437384 1.0295175e-05 1.5675094e-05 4.3635333e-05 5.90238e-05 0.00029341414 0.0031724076 1.6643068e-06 1.1501144e-05 7.324627e-06 0.02237204 1.0242918e-05 0.007245789 5.386477e-07 2.1042775e-05 1.2013206e-05 0.00091148424 0.0032557424 1.397501e-05 1.26737195e-05 0.00019429758 1.1910877e-05 4.858975e-06 0.00033706718 4.1855134e-07 0.004892809 7.738433e-05 8.782618e-07 5.4060536e-07 6.505268e-05 0.0004308785 3.947242e-06 1.8564942e-05 1.0285052e-08 6.8548115e-07 8.9497135e-08 1.2726351e-06 1.202804e-07 1.860167e-06 3.1301087e-07 1.01369245e-07 1.6072424e-07 2.4944683e-08 0.00021049829 2.4542826e-08 3.1410636e-08 1.1898395e-06 7.667272e-05 9.02993e-05 2.600275e-07 5.0269155e-05 0.0011537523 5.429001e-06 4.1305617e-07 1.5440326e-06 0.0010605283 1.5849938e-08 6.40668e-05 3.4757402e-08 3.6860737e-07 0.00089634623 2.2868052e-08 8.975184e-08 1.7519772e-08
0.26166475 0.019077068 0.72747755 0.8686073 0.74419117 0.14083749 0.93165594 0.00019175155 0.046943884 0.54506713 0.12603603 0.02947965 0.007598459 2.7243921e-18 0.00041519344 0.00010255737 0.06530175 0.012447034 0.94321704 0.9233163 0.03339039 1.6376709e-05 6.7393994e-05 0.52385104 0.0019356675 0.026682666 0.6537146 0.25993574 0.0014882806 0.051019367 0.31805718 7.740144e-09 3.9463632e-07 0.003993459 0.0020828464 0.0005180698 2.6265402e-08 0.68871415 3.6409817e-06 0.007853428 5.086083e-09 8.368277e-09 0.01934239 3.9537503e-05 0.00066327193 2.273119e-09 0.0034874345 4.5189387e-07 1.3050742e-08 0.00054118986 0.00010264398 0.0007761285 0.0019257192 0.0023044262 7.7193414e-07 1.5182871e-07 0.00073940953 3.695197e-05 0.0012721844 0.00042696332 4.5848694e-05 1.2292725e-08 0.0020401387 1.9422698e-06 8.9512037e-07 2.1064025e-08 1.6359452e-06 1.1644513e-08 0.00014830065 9.527276e-06 2.8212453e-05 2.0924226e-05 4.074753e-07 0.00014484055 7.7186195e-09 0.00011216367 5.4805764e-07 4.9863374e-06 1.004464e-05 9.460438e-10 4.4931716e-09 6.243515e-05 3.2613368e-10 2.6109699e-09 2.1445251e-08 5.6663273e-05 7.4855893e-07 6.6621215e-05 0.00024849924 7.7571036e-07 4.8583537e-08 3.4512711e-06 1.2145149e-07 1.9067248e-07 3.168611e-08 5.026064e-06 5.4021026e-08 0.00035165303 3.122086e-09 1.3806275e-08 1.1745624e-05
0.9250677 0.8507211 0.027467526 0.08214042 0.05631402 0.03628814 0.024982022 5.967532e-05 0.12238796 0.46987036 0.036041744 0.1265763 0.9078066 0.00041519344 5.016746e-15 0.9437532 0.09456552 0.49682018 0.0025267457 0.0027784982 0.30004093 0.66995215 0.93537575 0.0015026566 0.16084173 0.0031987317 0.0038379766 0.00028250943 0.03595121 0.0004864379 0.00046638979 0.05589939 0.30795294 0.03731234 0.05681621 7.8586045e-06 0.03520572 0.00011878633 7.487003e-05 4.296705e-06 0.00059949805 0.0008646774 0.00023631597 0.006053884 1.1105049e-05 0.00016394422 1.7229997e-05 0.42169493 0.00047812267 0.0033519594 8.419132e-07 0.000265451 7.369227e-07 0.00064674823 0.2278275 0.0016322393 5.204306e-06 0.0006947706 6.28605e-06 6.0275704e-07 0.0006730792 4.2712054e-05 0.003729957 0.00051136117 1.2083284e-05 5.0640956e-05 0.0004656376 0.34796447 8.1120186e-07 0.0005867693 7.481403e-08 8.2967155e-08 1.3413342e-06 6.0410457e-06 1.1406092e-05 1.4899713e-06 8.131604e-06 4.459407e-08 3.3046794e-07 3.938804e-06 0.0026298051 8.714031e-07 5.040224e-06 1.3283579e-05 0.012884762 6.181949e-05 7.248809e-05 2.1105277e-05 0.0030784737 0.0007371181 1.196321e-05 6.8257473e-06 0.14358746 4.324797e-07 0.029153848 4.6293945e-07 2.052574e-05 0.0014304986 1.0277247e-06 1.6521373e-05 3.0372375e-06
0.43551418 0.86071265 0.01332702 0.013647544 0.02968776 0.017458664 0.012810709 3.8476404e-07 0.23714527 0.26526138 0.008603763 0.17596681 0.49015385 0.00010255737 0.9437532 7.9324683e-16 0.058289904 0.17868939 0.0007586851 0.00064643926 0.05083279 0.9049363 0.9091037 5.5206703e-05 0.2944437 0.0023897358 1.9894702e-05 1.1123513e-05 0.050048396 7.1396804e-05 2.3124471e-06 0.07728263 0.15980603 1.678731e-05 0.0276465 4.454214e-06 0.03243672 3.4840134e-06 1.0888992e-05 4.0170625e-07 0.00065682427 0.00084694964 2.5188072e-07 0.002221652 1.516056e-07 5.0890136e-05 3.2955197e-06 0.0002256642 0.00016398425 7.258224e-05 9.131559e-08 2.4191158e-07 3.7700764e-07 0.000104009916 3.6182624e-05 2.2368515e-05 5.86261e-07 1.6103988e-07 8.450528e-09 2.0505115e-07 5.395624e-07 2.4490853e-06 0.00096431206 6.5952714e-05 1.2154942e-05 8.835805e-07 0.00019489626 0.00032177393 1.4243292e-07 4.7106317e-07 1.6494127e-08 5.5003557e-08 2.1398591e-06 1.6128892e-08 4.7538074e-07 2.9463134e-08 2.72371e-06 1.2373057e-08 1.241069e-07 2.000902e-07 9.64725e-06 1.4136728e-08 3.2962546e-08 4.1546252e-07 4.0224736e-06 1.1867389e-06 1.2836995e-08 7.2282853e-07 0.0011596596 3.952448e-06 2.210144e-09 6.170125e-08 2.490245e-06 7.9802085e-09 4.498782e-08 8.080563e-09 1.8295219e-09 0.0008043025 4.1969054e-07 6.4222204e-06 1.0453834e-08
0.9995918 0.35470974 0.7454885 0.49130285 0.23486468 0.6798696 0.10436129 0.75351685 0.7977102 0.11126314 0.6596083 0.72073853 0.08949514 0.06530175 0.09456552 0.058289904 2.781936e-16 0.052731812 0.05925623 0.053869866 0.040721122 0.055114068 0.044770684 0.17276667 0.3418395 0.30496565 0.027064763 0.05837515 0.3740301 0.038631145 0.054212548 0.0054252 0.016987829 0.01234397 0.56746525 0.040627513 0.0069482066 0.019324265 0.23243757 0.010854581 0.0005423143 0.00076143624 0.06605722 0.09221763 0.004236783 7.988632e-05 0.016923752 0.014855561 0.00053186406 0.00023264134 0.002679889 0.006563653 0.00082060724 0.029861987 0.005162351 0.0031965424 0.0005663754 0.0016819785 0.016265616 0.00029579666 0.0015358034 0.0028784906 0.43157798 0.0036255333 0.0155477505 0.0015262144 0.015622743 0.000117297015 0.00024360779 0.001670895 0.00072061544 6.014846e-05 0.007845773 0.0062444913 0.0008538819 0.00013540027 0.11068565 0.00054960407 0.0004532518 0.00020048588 2.0667085e-05 0.0018525794 0.00034737936 6.5886954e-05 2.7174843e-05 0.00020810506 0.0011896887 0.00011676475 0.07651033 0.00062272634 4.50329e-06 1.074257e-06 0.002699495 2.5480379e-06 2.1623255e-05 9.436646e-05 1.3394634e-05 0.04223451 3.1229767e-05 0.00018498517 0.00015406334
0.89337635 0.4056915 0.0052105165 0.10604278 0.2757928 0.014454849 0.14178826 4.4959693e-06 0.044651818 0.86660457 0.017468367 0.06545633 0.95540565 0.012447034 0.49682018 0.17868939 0.052731812 4.6353247e-12 0.053050432 0.055646397 0.9793341 0.10559972 0.37190324 0.0009101257 0.027035112 0.0008216551 0.06961121 0.0006712516 0.0049326536 0.0002913641 0.00025627427 4.5445584e-05 0.0031026183 0.5960994 0.016673844 3.2316243e-06 8.873189e-05 0.0008465633 7.777315e-06 1.0166477e-06 2.5858049e-06 4.2938414e-06 6.800864e-05 0.00036350713 1.0284489e-05 7.431169e-07 2.4268986e-05 0.5699743 3.6665858e-06 0.0375938 1.9362767e-07 0.00031824879 1.9455797e-07 1.9112944e-05 0.35771108 6.014175e-05 2.507736e-07 0.0054396824 1.8130985e-06 2.3874324e-07 0.0047671786 8.323166e-07 0.00015109444 1.0659505e-05 9.143729e-07 2.9932178e-07 1.3593442e-05 0.007432393 2.7508992e-07 0.002332633 3.5505803e-07 3.5112286e-08 4.6308207e-07 7.9653597e-07 1.4923852e-07 3.5006778e-07 7.165581e-07 1.1296523e-08 1.5824754e-07 6.019347e-08 0.00058596936 4.8507263e-07 9.3552956e-08 1.3182613e-06 0.0014995608 3.2687076e-06 9.7240605e-05 1.0894906e-06 0.0005980131 0.0009264443 8.734094e-06 6.709092e-07 0.21105357 1.418239e-07 0.0626711 1.1275298e-06 1.2324826e-05 0.00037591124 1.761626e-06 2.8048657e-06 1.0496901e-06
0.88591427 0.04627745 0.061499994 0.67793167 0.49084082 0.07458784 0.68998307 0.00010281228 0.04343495 0.5853577 0.060859624 0.04655406 0.03982435 0.94321704 0.0025267457 0.0007586851 0.05925623 0.053050432 2.8844475e-12 0.93411195 0.14898624 0.00025465415 0.0016189403 0.26018512 0.006667658 0.00833193 0.9312617 0.018706849 0.0033162697 0.0076955496 0.32347733 7.9382113e-07 1.6873839e-05 0.32904977 0.00811772 7.442837e-05 2.4913968e-06 0.6013489 2.7170776e-05 0.0005298343 6.320443e-07 8.598729e-07 0.028167345 0.0010222172 0.00041841672 5.884299e-07 0.001091219 0.003935468 2.9999494e-06 0.023407357 4.0090354e-06 0.50241613 1.0146424e-05 0.0005288024 0.0098541975 4.2429285e-05 1.8571529e-05 0.08428323 0.000835328 7.490799e-06 0.061174627 5.09148e-07 0.0031847816 6.8561817e-06 3.1072034e-06 4.2307258e-07 2.177303e-05 1.1594212e-05 4.7144995e-06 0.084223166 1.7256423e-05 1.6122401e-06 1.1453492e-06 0.0003354799 3.3925073e-07 3.7325822e-06 4.120727e-06 4.968821e-06 3.6109666e-06 1.0403714e-07 0.00017736352 0.0001707459 2.39953e-07 1.0265209e-06 6.732115e-05 4.4066448e-05 0.012656587 9.615754e-06 0.0021357473 0.00012805314 0.00018121063 7.542937e-06 0.03803776 1.6328745e-06 0.0053127226 1.8687615e-05 0.0003169606 0.0013927271 8.58683e-07 1.0473034e-06 3.5187055e-05
0.86958337 0.043459553 0.056009762 0.65617394 0.48531795 0.07216441 0.6892015 8.201296e-05 0.0397559 0.6116801 0.05862857 0.04183357 0.04364898 0.9233163 0.0027784982 0.00064643926 0.053869866 0.055646397 0.93411195 1.3276737e-11 0.16002466 0.0003157896 0.0015422035 0.25667402 0.0060406225 0.007255809 0.9582041 0.017117357 0.0030486572 0.0061591556 0.3245418 9.1630994e-07 2.3775126e-05 0.3750176 0.007433842 5.188455e-05 2.7738567e-06 0.6083592 2.4945983e-05 0.00045375322 6.917184e-07 9.720294e-07 0.031107714 0.00085012714 0.00035521554 5.6905833e-07 0.000892933 0.003368662 2.7371773e-06 0.02551255 3.945676e-06 0.5124535 9.385536e-06 0.00040177908 0.010044626 4.251629e-05 1.2798154e-05 0.0869172 0.0007526087 6.666547e-06 0.06371862 6.184078e-07 0.0026007378 7.646545e-06 2.7262618e-06 5.016164e-07 1.9913858e-05 1.9462981e-05 3.2651587e-06 0.08825246 1.8702896e-05 1.347676e-06 1.2232546e-06 0.0003149499 3.8291105e-07 3.5269113e-06 3.5473638e-06 4.730492e-06 3.2505563e-06 1.1122135e-07 0.00019389423 0.00014419649 3.1539275e-07 1.1846492e-06 5.434049e-05 3.606625e-05 0.012798906 5.2729392e-06 0.0016823732 0.00018118556 0.00019385171 6.310509e-06 0.040413644 1.6238552e-06 0.0046977256 1.935913e-05 0.00033032475 0.0009863162 7.902265e-07 1.0605445e-06 3.1372125e-05
0.83731383 0.23911022 0.0056801764 0.1147124 0.29088762 0.015812589 0.22299068 3.1404827e-06 0.026408691 0.9225192 0.02105605 0.046092067 0.8477134 0.03339039 0.30004093 0.05083279 0.040721122 0.9793341 0.14898624 0.16002466 4.514865e-12 0.029624667 0.19612527 0.0023014436 0.017632162 0.0017832741 0.2781004 0.00053188385 0.0026392234 0.00043166042 0.0013844658 1.0337688e-05 0.0010304453 0.896939 0.009838712 2.0758432e-06 2.6559192e-05 0.0033464925 3.163976e-06 5.598121e-06 1.3617998e-06 1.9887505e-06 0.00031158564 0.0003298447 9.030994e-06 6.735421e-07 1.529133e-05 0.48331922 1.932883e-06 0.14759219 3.6680075e-07 0.002367142 4.9538767e-07 2.7738186e-05 0.2763392 1.8620993e-05 6.37148e-07 0.016813172 5.608621e-06 8.0076006e-07 0.014353527 1.8372624e-07 0.00012740621 5.6414247e-06 3.901815e-07 1.37846e-07 4.0388795e-06 0.004641488 5.295276e-07 0.009394744 2.1566309e-07 1.0612228e-07 4.062523e-07 4.219997e-06 8.9176616e-08 3.9811366e-07 3.7452492e-07 3.6840333e-08 1.7569592e-07 2.3091587e-08 0.00064176775 3.8539272e-07 6.31211e-08 9.699413e-07 0.00085816905 3.3701972e-06 0.0002101555 8.3394457e-07 0.0004224749 0.00084711245 2.545979e-05 1.2118811e-06 0.1795687 1.042149e-07 0.042807367 3.8928277e-07 4.0250197e-05 0.00029141468 5.563258e-07 5.9596886e-07 6.9770635e-07
0.90906733 0.6695897 0.007310893 0.012120754 0.012161424 0.023096262 0.0036279007 3.7186119e-06 0.108419046 0.05521961 0.015649226 0.100857645 0.41036215 1.6376709e-05 0.66995215 0.9049363 0.055114068 0.10559972 0.00025465415 0.0003157896 0.029624667 6.9529568e-15 0.9289778 3.0224997e-05 0.35554948 6.5818625e-05 0.00015498526 3.9434794e-06 0.067750864 1.5707603e-06 1.4898441e-05 0.54689974 0.9544881 0.0030864652 0.07888254 1.2165737e-07 0.51453024 3.1077084e-07 2.6246236e-05 2.24269e-08 0.023498768 0.025851386 1.9475141e-07 0.014689498 3.6062875e-07 0.0018220549 3.2776865e-07 0.25976774 0.0042882087 0.00054173387 3.0861674e-08 1.7117552e-06 4.2870876e-09 1.2793474e-06 0.05635567 0.003905853 2.4659466e-09 8.0085796e-05 2.3939293e-08 2.0759647e-09 7.020321e-05 0.0007018972 0.00021162974 0.0008958438 5.7144985e-06 0.00042915656 0.0017566077 0.53734374 2.0812139e-09 4.4244614e-05 1.4397628e-09 1.412346e-09 1.0897588e-06 3.2464712e-07 8.748136e-05 8.557433e-09 8.223378e-06 6.5567174e-10 9.28711e-09 1.263457e-05 0.0025769845 2.2569495e-08 2.0912656e-05 0.00012641436 0.010614153 5.699202e-07 3.871857e-07 6.096116e-07 0.0021720864 0.003853465 1.4080514e-06 4.3172435e-07 0.030014865 1.131088e-08 0.0069362363 4.5169585e-08 4.999992e-07 0.0007547621 4.6863574e-06 9.5732885e-06 2.1014917e-07
0.9282609 0.56487256 0.005812552 0.020573275 0.02808244 0.018899087 0.011919469 2.8415197e-06 0.05015107 0.23383516 0.014231731 0.05778368 0.87321746 6.7393994e-05 0.93537575 0.9091037 0.044770684 0.37190324 0.0016189403 0.0015422035 0.19612527 0.9289778 1.8939875e-13 0.00012324973 0.07043728 0.00030214665 0.00063665875 2.6402966e-05 0.015762618 3.829151e-05 1.8650619e-05 0.08459155 0.62396854 0.03143885 0.030722408 7.531978e-07 0.092222825 2.8400582e-05 4.849864e-06 2.809308e-07 0.00032235292 0.0005250895 5.4814154e-06 0.0019511861 1.2274405e-06 7.5306925e-05 4.738597e-06 0.7217166 0.00019419605 0.0025467842 3.2074052e-08 3.1254825e-05 4.2047876e-08 7.0240344e-06 0.4206243 0.00046866844 1.4664622e-07 0.00014524444 2.5589824e-07 5.2881273e-08 0.00015977149 7.840927e-05 0.00025671383 0.00010541243 1.2234973e-06 2.3740553e-05 8.935314e-05 0.6217335 6.825942e-08 0.00014084342 4.894563e-08 2.0959463e-08 3.9835976e-07 1.0162756e-06 1.5339767e-05 2.4215348e-07 1.9894258e-06 1.0800249e-08 7.5575315e-08 5.4996262e-06 0.0045515923 2.2041031e-07 5.4959255e-06 1.2620626e-05 0.020517122 4.207066e-06 7.547571e-06 7.918643e-07 0.0010343358 0.000582298 1.1573768e-06 1.5763037e-06 0.23630692 9.012994e-08 0.07796412 1.0152657e-07 1.1068261e-06 0.00033587494 4.313114e-06 5.150281e-06 4.0936147e-06
0.98056144 0.016655948 0.7094095 0.7915962 0.09154634 0.34746107 0.30723223 0.008164264 0.09912878 0.018409459 0.3647122 0.07531846 0.0070646694 0.52385104 0.0015026566 5.5206703e-05 0.17276667 0.0009101257 0.26018512 0.25667402 0.0023014436 3.0224997e-05 0.00012324973 1.2620424e-14 0.015513158 0.29301453 0.15455939 0.6951946 0.02285217 0.28769583 0.9732003 7.050251e-07 1.7501253e-06 0.0028634795 0.06441179 0.0025801973 3.3190122e-07 0.74065 0.00041160933 0.031449236 4.1423567e-07 2.7064792e-07 0.8725302 0.022860883 0.019142516 7.073462e-08 0.0846569 0.00014989359 8.2343014e-08 0.0006795493 0.001695143 0.31454146 0.008235151 0.054567758 0.00021546896 3.2523978e-06 0.014079435 0.008658794 0.15640642 0.0018803307 0.0054660738 2.5718698e-08 0.19803786 3.4588265e-06 7.252315e-05 1.2022679e-08 0.0006088784 6.5455494e-09 0.0014782409 0.010005752 0.004016295 0.00015955146 5.5284516e-05 0.025272181 1.0675053e-08 0.0010222762 5.997771e-05 0.0012926226 0.0009806699 1.611357e-09 9.587583e-05 0.015786003 1.5037767e-08 4.3709445e-08 2.7701715e-06 0.00039811266 0.12309774 0.0011143954 0.013966331 2.1248426e-05 0.00014726674 1.6169359e-05 0.0011542131 0.00011258977 7.105151e-06 0.0008334302 0.00019479851 0.009264792 4.207521e-09 3.2344296e-08 0.004486373
0.9904993 0.7156168 0.19881226 0.10729209 0.115163386 0.21412368 0.029859288 0.060058534 0.5509335 0.06200385 0.11432742 0.5041283 0.06678959 0.0019356675 0.16084173 0.2944437 0.3418395 0.027035112 0.006667658 0.0060406225 0.017632162 0.35554948 0.07043728 0.015513158 8.263332e-15 0.026053596 0.0034131147 0.0081270775 0.912069 0.00096064 0.0024864078 0.33190098 0.17321293 0.0017674158 0.7610363 0.006885961 0.15835516 4.1733012e-05 0.79319745 0.00011676207 0.09426009 0.09859373 0.002139584 0.35739276 0.00026322377 0.039299324 0.0002653305 0.0064365133 0.029462589 2.7470038e-05 0.0017869753 0.0001024392 3.311816e-05 0.0010887067 0.005090859 0.30468008 6.609577e-05 9.959169e-05 4.621168e-05 0.00010676724 0.00012441153 0.27410492 0.08488974 0.16418648 0.21283871 0.07287972 0.10490955 0.018345337 5.6537614e-05 0.000106788946 4.5976e-06 2.3776532e-07 0.09959769 8.709323e-06 0.04797948 2.616394e-05 0.14247516 8.2479886e-07 7.6382836e-05 0.018553054 9.115894e-05 1.7481063e-05 0.015448996 0.02060088 0.00018860938 6.640795e-05 1.0351134e-05 1.5797674e-05 0.043483566 0.0054974724 3.6920458e-08 4.2274831e-07 0.0098972535 1.9946243e-07 2.6320156e-05 1.0847e-06 6.231543e-08 0.0060988837 0.0076493425 0.01956394 1.4383651e-06
0.9985537 0.061649438 0.3789436 0.17053682 0.026602406 0.38189828 0.020310082 0.94152987 0.17460029 0.010837246 0.48329207 0.14140703 0.011844828 0.026682666 0.0031987317 0.0023897358 0.30496565 0.0008216551 0.00833193 0.007255809 0.0017832741 6.5818625e-05 0.00030214665 0.29301453 0.026053596 2.5106048e-13 0.003364297 0.43208584 0.06701621 0.7870692 0.08567589 1.549243e-05 6.166907e-06 0.000670804 0.12148646 0.65029955 4.837019e-06 0.039788928 0.071262345 0.41972193 2.1708704e-06 1.6773681e-06 0.23953234 0.032359123 0.16963428 7.031722e-08 0.31497836 7.3059996e-06 1.5255762e-07 1.038295e-05 0.19355823 0.006527177 0.13028507 0.40184084 2.8768647e-05 0.000118640746 0.088544026 4.1431867e-05 0.15159166 0.032344088 1.7245367e-05 3.766271e-05 0.62511766 0.0004750894 0.009016555 1.2519009e-05 0.011837555 2.5639745e-08 0.020851059 2.763903e-05 0.08390055 0.009571541 0.0069699087 0.06322806 2.0009259e-06 0.009019393 0.05125601 0.05751186 0.040104683 2.1502174e-07 1.3927279e-06 0.05206091 4.8792134e-07 3.926862e-06 1.814445e-07 0.0072820853 0.009737131 0.008715976 0.07036739 4.1399242e-05 1.1726602e-06 0.0010335017 0.00041698068 0.0004704702 5.5948624e-07 0.012619502 3.4750724e-07 0.08697562 7.305749e-06 4.620053e-07 0.0033925613
0.8228674 0.019284502 0.007603917 0.4154854 0.37894106 0.030330844 0.51826465 3.2902658e-06 0.01807635 0.6072073 0.03196943 0.021789594 0.050825927 0.6537146 0.0038379766 1.9894702e-05 0.027064763 0.06961121 0.9312617 0.9582041 0.2781004 0.00015498526 0.00063665875 0.15455939 0.0034131147 0.003364297 1.3541573e-10 0.0028636258 0.0012316655 0.0021431895 0.3618844 2.816871e-07 7.400924e-06 0.8553159 0.0037546034 2.1958379e-06 3.8180036e-07 0.7575801 1.1342586e-06 9.6246666e-05 2.646266e-07 2.0515482e-07 0.021402368 8.7650464e-05 2.922439e-05 2.8852722e-07 0.00015066391 0.0063438113 8.8045823e-07 0.2466265 3.365176e-07 0.7528708 1.2322223e-06 4.3639368e-05 0.016589232 6.0073276e-06 7.813293e-07 0.28846362 0.000120415665 3.5975265e-06 0.2573181 2.458794e-07 0.00021244748 3.9945684e-07 1.7133891e-07 1.715024e-07 9.2504797e-07 5.2080723e-05 5.9832996e-07 0.25842184 1.120917e-06 2.2224116e-07 2.4509322e-07 8.3308696e-05 4.1935348e-08 5.8302834e-07 8.461628e-08 1.5600164e-06 1.1545046e-07 4.2713122e-08 5.808174e-05 1.1866557e-05 6.413431e-08 4.2340355e-07 2.0237141e-05 4.575755e-06 0.027131904 1.3298921e-06 0.00033994808 0.0005478944 0.00041042847 1.0272299e-06 0.07495334 2.066943e-07 0.0032282302 2.6877271e-06 0.00093088933 0.00015582974 6.919751e-07 1.7710195e-07 7.1971635e-06
0.86752874 0.015376216 0.7215988 0.2171221 0.01963373 0.13310668 0.024681661 0.0010293566 0.059462074 0.005074427 0.11347392 0.04161329 0.0004605706 0.25993574 0.00028250943 1.1123513e-05 0.05837515 0.0006712516 0.018706849 0.017117357 0.00053188385 3.9434794e-06 2.6402966e-05 0.6951946 0.0081270775 0.43208584 0.0028636258 9.371295e-16 0.020860229 0.922324 0.37536934 5.727937e-08 2.3498048e-07 3.959012e-06 0.018087182 0.48526788 7.175034e-08 0.54749507 0.0002613924 0.7578252 1.171334e-07 2.0775553e-07 0.6396309 0.008155907 0.82253885 1.9583489e-08 0.9358663 3.1282795e-07 5.3102553e-07 0.0007711973 0.018536253 0.0006325971 0.39491782 0.12827815 1.648221e-06 2.2428623e-05 0.19351932 2.0274249e-05 0.2609009 0.21690217 3.718004e-05 1.0198476e-06 0.10069776 0.00010292274 0.00017983424 1.2763727e-06 0.00058262347 7.930322e-08 0.16023599 5.0217594e-05 0.36386225 0.12198529 8.998115e-05 0.13629249 2.0833846e-07 0.13003545 0.0018792866 0.078042604 0.30443782 2.7126251e-08 6.433733e-08 0.06500374 8.925281e-09 1.1899087e-06 3.7745355e-08 0.018665345 0.00010673182 0.029763969 0.019829625 2.6876899e-07 2.4789728e-08 0.022633085 1.8566925e-07 0.0029629527 3.8133345e-09 0.0012083405 1.0037088e-08 0.041346554 4.157578e-07 1.5400023e-07 0.013544832
0.99420285 0.4581643 0.2790142 0.098601475 0.034759734 0.25059748 0.012311058 0.11422269 0.4705764 0.014268554 0.17869739 0.40788025 0.032961454 0.0014882806 0.03595121 0.050048396 0.3740301 0.0049326536 0.0033162697 0.0030486572 0.0026392234 0.067750864 0.015762618 0.02285217 0.912069 0.06701621 0.0012316655 0.020860229 4.4161604e-13 0.0028024968 0.0018602958 0.03578971 0.024492612 0.000453671 0.7798855 0.03991152 0.026401935 2.6085785e-05 0.8710859 0.0013424392 0.008611262 0.010592604 0.006057265 0.53553826 0.0015026293 0.0030089694 0.0013728505 0.00094111316 0.0040344335 9.785304e-06 0.0059293397 1.6666681e-05 0.0002980092 0.008390026 0.0010250697 0.22340623 0.0011878379 2.4389243e-05 0.0002195415 0.00049817935 5.393329e-05 0.11144209 0.36519 0.2567549 0.34066126 0.041814975 0.19218102 0.00064532616 0.0005544741 3.018893e-05 2.5448042e-05 1.5966234e-05 0.1768944 9.3723844e-05 0.023809487 0.00033077746 0.49392805 6.753821e-06 0.00073092623 0.010525338 5.2817823e-06 2.939725e-05 0.01245452 0.0116365235 9.988299e-06 0.0002614435 8.458531e-06 9.271562e-05 0.08831536 0.0043714517 4.085997e-08 1.1967849e-06 0.0005360391 5.086651e-07 3.5370097e-06 2.3009134e-06 7.8093095e-08 0.02053603 0.0068711783 0.0132650845 6.8421186e-06
0.9952029 0.0007621508 0.2495386 0.0482655 0.006130236 0.10106275 0.007374884 0.22313842 0.017174507 0.0016408304 0.18857946 0.008469748 0.0029846455 0.051019367 0.0004864379 7.1396804e-05 0.038631145 0.0002913641 0.0076955496 0.0061591556 0.00043166042 1.5707603e-06 3.829151e-05 0.28769583 0.00096064 0.7870692 0.0021431895 0.922324 0.0028024968 1.1476566e-11 0.08997313 6.247118e-07 1.3813163e-06 0.00014495123 0.013654314 0.18820374 1.0720628e-06 0.0733977 0.0012786906 0.78856283 3.4692525e-06 2.7586666e-06 0.44910657 0.005163545 0.4527514 4.6796023e-07 0.7807377 1.5079639e-05 1.2789778e-06 5.3766336e-05 0.06299023 0.015004621 0.27310407 0.38470715 7.849591e-05 5.6405725e-07 0.16696274 0.0008131675 0.3876905 0.08152487 0.00034280107 7.198323e-08 0.6006831 3.4784625e-06 8.254859e-05 2.2686585e-08 0.00032516726 9.3253715e-07 0.03939151 0.0014543058 0.19682664 0.023116006 9.376086e-05 0.24153857 4.6939295e-08 0.011732319 0.0013041351 0.16821463 0.019636773 1.161612e-08 7.1439813e-06 0.28174278 6.9062196e-08 1.1188619e-08 2.824686e-07 0.010768467 0.0839484 0.0085794935 0.040394176 0.00017502223 1.9475534e-05 0.0011944833 9.695991e-05 0.002525351 3.509392e-07 0.091718495 3.3419237e-06 0.0998025 5.0910156e-08 1.0899276e-07 0.06359852
0.943477 0.0042167385 0.1073341 0.5184836 0.09519538 0.10197575 0.26520294 0.00025506126 0.032343037 0.011315345 0.11381355 0.024049666 0.0020194293 0.31805718 0.00046638979 2.3124471e-06 0.054212548 0.00025627427 0.32347733 0.3245418 0.0013844658 1.4898441e-05 1.8650619e-05 0.9732003 0.0024864078 0.08567589 0.3618844 0.37536934 0.0018602958 0.08997313 3.2878936e-14 5.469695e-07 1.0014304e-06 0.0013680435 0.014944334 0.00025481763 4.3260928e-07 0.96613014 8.604943e-06 0.011964067 2.4417204e-06 1.9118074e-06 0.7913756 0.0009313689 0.013280801 7.5707004e-07 0.07963766 0.00017010086 6.326721e-07 0.0006472544 7.483242e-05 0.5638028 0.0027635738 0.013476055 0.00026397116 5.747877e-06 0.0023200305 0.018200526 0.09219727 0.0014787294 0.010482308 8.377735e-08 0.024203818 4.4191293e-06 1.7211496e-06 1.0158952e-07 7.4308715e-05 4.5126987e-07 0.00052641163 0.025218908 0.0027307235 0.00023589577 2.3465857e-06 0.01600386 6.515248e-08 0.00048748186 7.7052056e-07 0.00060843636 4.178849e-05 1.6161218e-09 3.8394777e-05 0.011916378 2.5774288e-08 2.7633732e-07 2.600264e-06 0.000290693 0.26542914 0.00044994077 0.0037516614 5.5399073e-06 0.00033061532 8.3111336e-05 0.0008788556 4.2320295e-05 5.503205e-06 0.00074610655 0.00058571517 0.002920993 2.3646088e-08 1.9182123e-08 0.0039187963
