1.4092312e-15 0.9850699 0.969884 0.81741107 0.99063987 0.967745 0.97178954 0.9814116 0.8173187 0.98374236 0.78978866 0.97867966 0.75510097 0.9955402 0.98592144 0.9978109 0.889018 0.94548935 0.9847964 0.99937916 0.99805164 0.9676227 0.95436764 0.99998397 0.90743047 0.99075633 0.98702186 0.5178032 0.9636569 0.9997092 0.9794537 0.97399795 0.977251 0.9989449 0.9933583 0.99999386 0.33869815 0.9927425 0.37111962 0.9854391 0.57839054 0.8859023 0.81920004 0.9998089 0.13782759 0.48928726 0.5867825 0.9657666 0.9590043 0.9999896 0.79248005 0.44632646 0.9530217 0.984729 0.999977 0.77128345 0.9906239 0.82178897 0.18656594 0.93550277 0.9455471 0.71828115 0.9824078 0.9940314 0.98823965 0.8400603 0.019313242 0.21703735 0.9633023 0.9473225 0.90046585 0.32443506 0.101252735 0.256218 0.08790529 0.9875074 0.9353047 0.9720816 0.9861731 0.1657397 0.91181 0.8952729 0.6751319 0.91368616 0.01935428 0.044537146 0.0037393896 0.96525735 0.031897943 0.0020806666 0.6137082 0.89850515 0.93898195 0.852152 0.9531762 0.8307163 0.45351133 0.014693147 0.9764008 0.92813903 0.70207787
0.9850699 1.8757889e-13 0.9266837 0.91107535 0.53668314 0.06714249 0.83569115 0.09817706 0.8489799 0.8514769 0.15250006 0.54475963 0.8186778 0.2689226 0.0012816543 0.19337031 0.0387791 0.7707586 0.07420398 0.15511657 0.008880187 0.01593335 0.5504161 0.24465759 0.004486711 0.24781609 0.0005435798 0.52943575 0.0048899655 0.011344481 0.028755702 0.0022168253 0.2781685 0.0008001636 0.0063755005 0.021164881 0.068531625 0.0019638834 0.0003571114 0.00065418374 6.2672036e-05 0.5102033 5.5894816e-05 0.0017095896 0.00010096632 0.18433493 0.013177127 4.3162676e-05 3.119705e-05 0.00044798636 8.401652e-06 0.06691475 2.468907e-05 2.6123875e-05 0.0004060122 0.009493324 0.00024014685 5.796716e-06 0.012540895 0.14260599 5.284309e-05 0.15561406 1.3596241e-07 0.00015543391 1.5467465e-05 2.2555823e-05 4.527242e-07 4.1836538e-05 3.853847e-05 5.8865334e-07 1.47859255e-05 5.8085504e-07 0.00024731783 2.9062894e-06 0.0018783663 4.7893565e-05 7.582698e-08 0.000109901834 7.173693e-08 0.019797767 1.5513615e-07 6.366675e-07 1.7901373e-08 0.0073356093 0.0016322652 0.0038939517 1.6160002e-05 3.7272093e-07 0.002156736 1.5519772e-05 2.0635159e-07 4.4204968e-05 1.4763465e-07 1.1448747e-05 8.001547e-07 1.9306333e-08 7.088039e-05 2.3774955e-06 1.0184484e-07 2.852056e-08 5.8541683e-09
0.969884 0.9266837 3.2032961e-12 0.9139417 0.53678834 0.08888086 0.46834156 0.15962799 0.89874953 0.79771096 0.046377614 0.37159476 0.86096424 0.20920955 0.0053481315 0.053686783 0.07933855 0.7681624 0.024134962 0.13708854 0.002852595 0.046132155 0.76956326 0.21074733 0.0073322556 0.13611595 0.0013548501 0.4828189 0.0030439897 0.008861549 0.01034805 0.0009161732 0.16549627 0.0013616058 0.0013736015 0.027074406 0.1000778 0.00060015416 0.0010819432 0.00024849616 0.00017264266 0.39549896 0.00012195459 0.0007983757 0.00016164803 0.13275912 0.0086075375 8.767375e-06 5.4991865e-06 0.00045599125 8.103098e-05 0.10170744 2.8961093e-05 1.3843799e-06 0.00023710608 0.008350819 9.5842915e-05 9.4568526e-07 0.03130906 0.084792644 0.00027012874 0.21250686 3.3169619e-07 0.00018275769 4.4602034e-06 6.9910143e-06 6.6515922e-06 0.00011711314 1.1113228e-05 2.0856897e-08 2.6352868e-06 2.8100944e-08 0.0004435226 5.3700484e-07 0.0010084915 1.641962e-05 3.429281e-07 1.9402029e-05 2.1405652e-08 0.015062959 7.7582945e-07 1.6070418e-07 3.727749e-09 0.0022768772 0.0013494702 0.0024455471 6.8585396e-05 6.5248734e-08 0.0016595585 4.9460592e-05 9.777822e-08 2.4986315e-05 8.629622e-08 1.30474145e-05 1.0391992e-07 2.8116587e-09 2.6935199e-05 2.005422e-05 7.067677e-08 1.1578885e-07 5.944847e-10
0.81741107 0.91107535 0.9139417 1.5998741e-15 0.908878 0.54919434 0.7706725 0.67595965 0.7379878 0.51763767 0.00065722753 0.7828109 0.24976258 0.643906 0.27763933 0.10382157 0.7179595 0.12061555 0.045040794 0.45999503 0.02572769 0.03791505 0.07993466 0.25358868 0.007121025 0.0052275835 0.009152071 0.0028564036 0.20977233 0.045267645 0.0011556818 0.0018883231 0.0012428216 0.010957015 0.010010839 0.058760297 0.05788642 0.009894869 0.0002469252 0.010110878 0.00030942986 0.0023949055 0.00032438737 0.0058453325 1.14703425e-05 0.0014276612 0.0009954881 0.00084680074 0.00039726464 0.006096131 0.00029461423 0.00044200316 0.00829779 2.1266063e-05 0.0025834118 7.419485e-05 0.0023573637 9.345942e-06 2.05936e-05 2.4474053e-05 0.00037950772 6.4066207e-06 0.00062008854 0.002555603 0.003555672 8.9072255e-06 3.83008e-06 4.421682e-07 2.022809e-05 2.5299152e-05 1.6046359e-05 6.5550104e-08 3.189222e-05 1.9153103e-07 6.1747016e-07 0.0005253154 1.962725e-05 0.00016890012 1.4728913e-05 1.1075673e-06 4.758804e-06 4.8116817e-06 5.758598e-08 0.00010108231 3.0805159e-06 5.814397e-07 5.697366e-07 5.2634837e-06 2.2076898e-07 1.7628706e-07 1.6112312e-05 1.8247407e-05 2.3569597e-05 3.220877e-06 9.506097e-05 2.3674904e-06 7.1297256e-07 2.0269713e-06 2.6188356e-05 1.0530421e-06 5.3974867e-07
0.99063987 0.53668314 0.53678834 0.908878 1.960863e-13 0.5032716 0.40766305 0.8955804 0.8748304 0.18080376 0.15669796 0.6829803 0.8469754 0.77980584 0.35698825 0.0226656 0.28844514 0.087486655 0.016213965 0.8817668 0.0013102143 0.09374486 0.46948543 0.5417711 0.01913099 0.024283279 0.04007852 0.022305636 0.057173047 0.056367334 0.0031440912 0.00096480333 0.023831533 0.00039771598 0.008437372 0.0960233 0.027197277 0.0003004104 0.0039067757 0.000112741815 0.0015649373 0.07502167 0.0008772206 0.0011076926 0.00062932604 0.0068394938 0.0018312625 4.961387e-06 1.6379066e-05 0.0032988575 0.002566606 0.017954823 0.003970583 4.1592992e-07 0.0007347967 0.0009526936 3.569427e-05 1.8702983e-07 0.008278034 0.0076404735 0.0051310584 0.017240666 2.8656377e-05 0.010713879 0.00052347797 5.4981274e-06 3.1836033e-05 0.00022094857 2.9072e-05 2.705308e-07 4.4496282e-06 8.347266e-09 7.136539e-06 5.488909e-07 2.8996992e-05 0.00072769856 0.00022290969 0.00019493864 4.6176992e-06 0.00016802757 0.0002312586 6.7738426e-08 1.4121225e-09 0.0009166342 2.6827041e-05 6.221463e-05 1.9787907e-05 0.00014674675 4.9820952e-05 5.5081614e-06 1.8291834e-07 4.6088186e-05 1.1159373e-05 0.000235079 1.1690328e-05 6.677989e-08 2.7523032e-05 2.3012524e-05 7.119497e-06 4.3419705e-06 9.1391685e-09
0.967745 0.06714249 0.08888086 0.54919434 0.5032716 4.092812e-13 0.022794947 0.98179615 0.67108566 0.014023688 0.007996197 0.056375343 0.8585898 0.101105645 0.6940582 0.0017172821 0.93481946 0.012035149 0.0005342338 0.21715401 3.1872092e-05 0.44159 0.34855643 0.19215131 0.1548669 0.0022745288 0.27972996 0.0044121896 0.057903606 0.09102002 9.574041e-05 4.760025e-06 0.0044151843 0.003653359 0.00085215556 0.090687126 0.058363073 4.2680374e-05 0.0227159 1.5317166e-05 0.01299943 0.009201816 0.011335477 0.00022235764 0.013117189 0.0013399145 0.00014282638 1.5248933e-08 8.04601e-08 0.0034622226 0.016228165 0.031086588 0.0063585355 3.1269132e-09 0.00024578502 1.1597031e-05 1.1940054e-06 1.9831148e-09 0.019087514 0.00090018834 0.015530464 0.010099194 9.30453e-05 0.019859755 0.00041408697 8.1814335e-08 0.00040333252 0.009657137 8.195643e-07 6.810849e-10 8.094898e-08 1.7142593e-10 1.7298314e-06 1.4337728e-08 8.8473405e-07 0.00083222333 0.0014299318 0.00021992308 7.7227105e-06 1.3682195e-05 0.00016426253 2.8143035e-09 1.2372329e-11 1.7777344e-05 3.9049105e-06 2.1123933e-06 1.8995339e-05 0.0001756228 2.9629043e-06 6.4380106e-06 2.202489e-09 1.4897722e-06 3.3504362e-05 0.0007525556 3.6220306e-06 7.908657e-09 3.3296965e-07 4.348416e-05 7.2216744e-06 8.680361e-06 2.3499805e-10
0.97178954 0.83569115 0.46834156 0.7706725 0.40766305 0.022794947 4.412895e-12 0.11010887 0.4833403 0.77546334 0.9362707 0.8943053 0.3981874 0.63602054 0.004509922 0.35907087 0.085293576 0.27918503 0.3459368 0.36490694 0.047536895 0.0044709435 0.064500056 0.47910458 0.001804374 0.28707525 0.0009879891 0.12925115 0.047499403 0.0381412 0.0693541 0.029247575 0.15119737 0.0019095856 0.033907816 0.027931144 0.0031185367 0.006527725 0.00022973372 0.0032026328 0.000107046304 0.2063948 0.000114329436 0.0037751824 4.8805494e-05 0.025129586 0.013269729 0.00055120693 0.0024259596 0.00066816906 5.9075606e-05 0.0019529265 0.00028339555 0.0001400131 0.0009112695 0.0066067413 0.0004335268 0.00022304239 0.00026948267 0.068063185 0.0008507371 0.014631167 1.0431174e-05 0.0013439655 5.8465917e-05 0.00014925425 2.015509e-05 9.012135e-06 0.00029791796 2.3088705e-06 8.3008046e-05 1.4014962e-06 0.00034975715 4.5001496e-05 0.0007620109 0.00013278481 1.764736e-05 0.000106048574 7.4704775e-07 0.0014812383 8.094489e-06 6.4724604e-06 2.0700085e-07 0.0054541677 0.00049392035 0.0011459617 3.5059435e-05 9.653582e-06 0.00042924247 4.7896333e-06 1.8958574e-06 0.00032057756 8.319341e-07 1.9264522e-05 2.421259e-06 8.613622e-08 0.00032016754 8.5347354e-05 1.2144843e-06 1.211279e-06 7.519199e-08
0.9814116 0.09817706 0.15962799 0.67595965 0.8955804 0.98179615 0.11010887 1.3537023e-11 0.7724545 0.018487936 0.045818046 0.17780197 0.82922024 0.30851322 0.5236595 0.007010761 0.7169445 0.015442101 0.0007102915 0.6629705 0.00014080542 0.23158082 0.22849041 0.5059459 0.05865093 0.0012789596 0.15277855 0.010701278 0.14992967 0.25138196 8.289879e-05 2.8563776e-05 0.0053616236 0.00644456 0.009101457 0.22089417 0.04347522 0.0004671276 0.010721423 0.0003539571 0.0048865746 0.0232195 0.004797579 0.0007960584 0.0027874103 0.0014991631 0.00017906565 1.2543895e-06 1.1879653e-06 0.01019909 0.013430161 0.015022224 0.011830959 1.2418172e-07 0.0007481211 1.556115e-05 6.69809e-05 5.8990846e-08 0.009175203 0.0013122668 0.015060495 0.009112778 0.00033791672 0.023299478 0.0031667734 1.1130373e-06 0.00024769598 0.0030523108 8.068431e-06 3.303008e-08 2.5515856e-06 7.898151e-09 4.227765e-07 1.3165324e-08 9.028514e-06 0.0017271965 0.0018526651 0.0010171294 0.00015598036 4.1827287e-05 0.00029452547 6.625173e-08 1.7049821e-10 1.8747307e-05 4.331924e-06 1.389449e-07 6.107891e-06 0.00058227987 2.7656865e-06 1.3002225e-05 1.8938946e-08 1.983619e-06 0.00018595465 0.0015280531 0.00023439621 1.8879878e-07 5.681614e-07 3.4770914e-05 9.084295e-05 1.3157686e-05 2.6449603e-08
0.8173187 0.8489799 0.89874953 0.7379878 0.8748304 0.67108566 0.4833403 0.7724545 8.4083985e-14 0.46455145 0.0017929755 0.5417607 0.9044298 0.48247105 0.46875194 0.05810935 0.88802195 0.22160044 0.013507591 0.38541463 0.008402823 0.16272694 0.34798145 0.26796976 0.019207956 0.004549006 0.04179679 0.046441138 0.08801599 0.03839767 0.0008745376 0.00097631005 0.0013851181 0.011122465 0.023737052 0.052405804 0.29701778 0.007923573 0.0017148288 0.006652094 0.00092582253 0.0020875824 0.0009513984 0.0038755944 7.204295e-05 0.0017566503 0.00039934437 0.00014144754 8.272141e-05 0.0028406677 0.00075497414 0.0005711371 0.0046962565 1.612295e-05 0.0011948093 0.00013287869 0.0009996472 5.775654e-06 0.00018540675 7.705536e-05 0.0013340702 7.188023e-05 0.0007133749 0.0017666009 0.0014321693 4.4651824e-06 2.75255e-05 1.0824766e-05 7.2304225e-05 9.060997e-06 1.2651657e-05 6.84529e-08 1.343483e-05 3.5920824e-08 7.187289e-07 0.0003390698 0.00010184955 0.00012350742 2.8056671e-05 7.001296e-06 4.4352028e-06 4.9205996e-06 6.850828e-08 0.00020343598 1.0093439e-05 5.695646e-06 9.299465e-07 4.8636116e-06 6.598479e-07 4.3888198e-07 1.68413e-05 5.0060517e-05 7.7845245e-05 1.6145446e-05 8.357527e-05 5.9659493e-07 2.6126563e-07 1.1360345e-05 2.6638892e-05 3.95293e-06 9.608749e-08
0.98374236 0.8514769 0.79771096 0.51763767 0.18080376 0.014023688 0.77546334 0.018487936 0.46455145 2.7483474e-11 0.036539745 0.22770661 0.46949995 0.099562734 0.00036131623 0.14454845 0.004349016 0.95307714 0.20252477 0.06847511 0.0139292 0.0021390966 0.3293371 0.1800526 0.0009239539 0.64042836 5.2259133e-05 0.8510925 0.00030708514 0.004084572 0.10784887 0.0108659845 0.61817586 0.00045137492 0.000768909 0.013387911 0.03431386 0.00092889974 9.710808e-05 0.00047309574 8.2234565e-06 0.58768433 7.699428e-06 0.0022838102 1.0423339e-05 0.4350858 0.06492927 6.49156e-05 0.00011870299 0.00021921365 4.3937408e-07 0.03486447 2.5412041e-06 2.9863178e-05 0.00021870813 0.033272486 0.0002511253 7.832425e-06 0.00546603 0.385864 3.3265146e-06 0.19327638 6.566235e-08 3.1522526e-05 2.6111582e-06 5.2075604e-05 1.3681307e-07 2.6109878e-05 3.7249814e-05 7.0826115e-07 1.0456492e-05 5.2892494e-07 0.0026693074 1.6307245e-05 0.017389415 4.524215e-06 3.360029e-09 2.1067313e-05 9.647935e-09 0.03150831 9.062104e-08 9.164253e-07 3.153676e-08 0.026030257 0.009754089 0.0208279 2.8589118e-05 2.1775323e-08 0.010418559 1.01954565e-05 1.2334026e-06 6.424551e-05 1.8731006e-07 5.788833e-06 7.2436215e-08 2.7455103e-09 8.6020686e-05 1.8347482e-05 2.5668271e-08 9.21895e-09 1.2209374e-08
0.78978866 0.15250006 0.046377614 0.00065722753 0.15669796 0.007996197 0.9362707 0.045818046 0.0017929755 0.036539745 6.188987e-18 0.84039706 0.00031915115 0.72652954 0.0010911794 0.96039784 0.005540751 0.0018459571 0.5594559 0.4136771 0.862019 1.8186132e-05 2.6569132e-06 0.41818544 1.0844647e-05 0.0024940763 9.194599e-06 5.686338e-06 0.1429168 0.0413937 0.0009507775 0.01714282 3.639477e-05 0.0049126027 0.012937068 0.04911125 2.2907268e-05 0.18526049 8.43274e-08 0.2629485 1.193759e-07 4.3901287e-06 1.4180523e-07 0.065726645 4.4093094e-09 2.1098154e-05 0.0002538472 0.030429227 0.0065209395 0.007186201 4.826538e-07 1.4918587e-07 0.0030068683 0.004197268 0.0141275665 1.1848328e-05 0.059267364 0.0012786705 2.085959e-09 4.32383e-08 1.2766161e-06 5.465476e-09 0.00023239387 0.00085698604 0.016901786 0.00086603675 1.0240675e-08 4.6560045e-09 0.008311265 0.0008384442 0.004662199 0.00012280048 1.5391113e-05 3.4972745e-05 3.1444145e-08 0.00032326046 9.453285e-08 0.0011047065 1.875201e-05 6.7639623e-09 7.616207e-07 0.0012902075 0.00011859481 0.00011170188 1.4528722e-08 2.7595664e-08 2.5397344e-09 1.3952829e-06 1.00079545e-08 1.7301521e-09 3.71276e-05 9.21806e-06 3.9164834e-06 3.3259116e-08 0.0007625725 6.9421854e-05 3.249225e-07 1.0080173e-09 0.00014241235 3.5889663e-08 0.00011938256
0.97867966 0.54475963 0.37159476 0.7828109 0.6829803 0.056375343 0.8943053 0.17780197 0.5417607 0.22770661 0.84039706 2.2228192e-12 0.41263413 0.9598738 0.04940477 0.28171304 0.09163616 0.08480476 0.082461976 0.6935183 0.020608893 0.017367015 0.12038272 0.70353466 0.0039244434 0.08219394 0.009557211 0.024247155 0.06798405 0.07335022 0.018528083 0.014731422 0.04166331 0.0012532842 0.09877204 0.07325429 0.005645491 0.016592681 0.00032224163 0.012486584 0.00017194664 0.067220934 0.00019561913 0.008462166 5.0196286e-05 0.005373587 0.0046390966 0.000205144 0.0010852453 0.004447834 0.0006244685 0.005742973 0.0040409584 0.00013714783 0.0036045806 0.0025739388 0.000987318 4.3150256e-05 0.00066166115 0.012864903 0.0035695664 0.008717468 0.00013724857 0.007144551 0.0018554571 4.974855e-05 1.3338278e-05 8.804578e-06 0.0010464424 4.3467204e-05 0.0005395287 1.2343751e-05 4.2286687e-05 9.144849e-06 0.0001546709 0.0012045512 5.721847e-05 0.0010542938 3.7092494e-05 0.00064293627 0.00014638431 5.6612775e-05 7.333052e-07 0.009660127 0.00012877311 0.00022147366 5.112331e-06 0.00038568402 0.00011517229 5.3113163e-06 6.176592e-07 0.00023789679 2.173954e-05 9.93606e-05 6.854747e-05 5.6150807e-06 0.00019086979 1.1063137e-05 3.131551e-05 2.056229e-06 5.214868e-06
0.75510097 0.8186778 0.86096424 0.24976258 0.8469754 0.8585898 0.3981874 0.82922024 0.9044298 0.46949995 0.00031915115 0.41263413 5.219101e-14 0.34374472 0.6867995 0.042348694 0.93932354 0.4547097 0.009673439 0.31386673 0.0043716435 0.75725806 0.80720496 0.16410026 0.2536153 0.008815501 0.17296878 0.032969143 0.21418633 0.035552077 0.0013565936 0.00086601236 0.004032777 0.015832523 0.00816511 0.06900019 0.71165913 0.004330452 0.035300463 0.0048050676 0.014010247 0.011173102 0.0069168885 0.0017209314 0.0013745456 0.009752358 0.0008629442 4.9863163e-05 4.3210042e-05 0.0015242565 0.0079056015 0.0057241693 0.009509113 6.6032285e-06 0.00035505128 0.00025047167 0.00039054526 4.040632e-06 0.0014119108 0.00016399895 0.0043583103 0.00038928952 0.000630487 0.007972193 0.0010696773 3.8302758e-07 0.00021045053 0.00014954562 3.587562e-05 2.6552136e-06 6.2404815e-06 6.3749766e-08 0.0001255559 4.329425e-08 5.4003e-06 0.00042192911 0.000283847 5.977653e-05 1.6604963e-05 5.8300222e-05 4.427974e-05 5.7388417e-07 3.6469235e-08 0.0001177076 3.522785e-05 5.1166235e-06 3.2591004e-05 2.3122507e-06 5.0939257e-06 9.506827e-06 8.828457e-06 1.9152776e-05 6.0775117e-05 5.2462474e-05 1.631087e-05 6.0499985e-08 4.1881728e-07 5.106545e-05 1.0895078e-05 7.791785e-06 1.0088544e-08
0.9955402 0.2689226 0.20920955 0.643906 0.77980584 0.101105645 0.63602054 0.30851322 0.48247105 0.099562734 0.72652954 0.9598738 0.34374472 3.373374e-12 0.1541297 0.30308065 0.13938549 0.055493817 0.059695628 0.817647 0.0424915 0.025953429 0.10858469 0.81598467 0.006050537 0.0584509 0.025614386 0.011174428 0.13035366 0.07075751 0.016812207 0.0133813815 0.02623017 0.002860206 0.11376615 0.09045122 0.0037522516 0.0223946 0.00082239194 0.020673715 0.00055815314 0.037387133 0.00079573883 0.01308602 0.00013897453 0.0040329793 0.0043357643 0.00068831054 0.0014323742 0.0080238385 0.002751549 0.0055776234 0.0145721035 0.0003890494 0.0049595544 0.0038771615 0.0013965716 7.3276286e-05 0.0011721689 0.009294107 0.008681176 0.0061813546 0.0009954497 0.02413712 0.007297352 0.00018234734 0.000106730295 3.960192e-05 0.0014502389 0.0002394548 0.0012483732 5.5480792e-05 4.9149832e-05 6.550446e-05 0.00022858221 0.0037286975 0.0018018438 0.0010258062 0.00041739387 0.0007475923 0.0008741815 0.00025995946 3.9938427e-06 0.00962452 0.000121612204 0.00022663864 1.9909623e-05 0.0020682227 0.0002051438 1.2234198e-05 2.8312513e-06 0.00072485773 0.00037198392 0.0006589185 0.00053114863 3.3797456e-05 0.00045357953 2.6182588e-05 0.0004355981 1.6259944e-05 4.278262e-05
0.98592144 0.0012816543 0.0053481315 0.27763933 0.35698825 0.6940582 0.004509922 0.5236595 0.46875194 0.00036131623 0.0010911794 0.04940477 0.6867995 0.1541297 1.9589743e-14 0.0007587998 0.9738504 0.00069617963 1.3038185e-05 0.37832153 1.7618074e-06 0.62029946 0.027079256 0.33900943 0.6309677 1.2534688e-06 0.78175443 0.0052055423 0.40423137 0.5470597 2.2440334e-08 1.2213381e-08 5.4218115e-05 0.12230486 0.0011254454 0.50556946 0.015104273 0.00024742022 0.1622497 3.7503858e-05 0.25953883 0.00048357647 0.35414776 0.0004220204 0.07477812 0.0007328226 4.2673837e-06 4.3689257e-09 2.4610927e-09 0.029490048 0.42404175 0.011310921 0.07136771 7.5582625e-09 0.0007147794 2.9465386e-06 8.070105e-07 1.3202028e-09 0.010293699 7.900265e-06 0.3008669 0.0015766835 0.0027894776 0.079164885 0.0040164324 1.4736591e-08 0.008106383 0.041131515 1.6278578e-07 2.7267923e-08 4.3622492e-08 1.8148412e-09 2.5644454e-07 8.663356e-10 4.347931e-07 0.0008581735 0.00486085 0.0011599903 0.0002822568 4.862776e-06 0.002148161 2.7794742e-09 1.7628896e-10 4.915079e-06 8.715132e-06 3.372935e-07 3.137958e-05 0.0001450566 5.137497e-06 0.00024342106 1.406127e-08 8.402188e-08 0.0007428795 0.008373132 0.0004887485 1.1742605e-06 3.704957e-07 0.0018840652 6.827131e-05 0.00024088267 2.3833855e-09
0.9978109 0.19337031 0.053686783 0.10382157 0.0226656 0.0017172821 0.35907087 0.007010761 0.05810935 0.14454845 0.96039784 0.28171304 0.042348694 0.30308065 0.0007587998 1.4849114e-15 0.0084760105 0.052656665 0.7555642 0.12799598 0.86144704 0.00040052214 0.012684398 0.81394976 9.387216e-05 0.34113696 0.00033474996 0.01802843 0.029121973 0.034097202 0.320424 0.3267714 0.09881291 0.00013604823 0.32230982 0.06878066 0.0003999988 0.20517343 8.23011e-06 0.20961526 1.2287511e-06 0.04729279 2.4055666e-06 0.13238373 2.5607255e-07 0.0073577743 0.04036809 0.1741339 0.12357871 0.0037221338 4.2806371e-07 0.00040717435 0.00014535461 0.04046295 0.031484675 0.041326318 0.020164672 0.010428227 7.0502654e-05 0.040592242 5.4789674e-05 0.0028674544 1.13074475e-05 0.000884549 0.0020155918 0.016228143 1.7289811e-07 6.8298385e-07 0.0022577972 0.0009129884 0.0023905018 0.00045349755 0.0036198294 0.002613276 0.0013299646 0.0002725389 1.6996162e-05 0.0005371401 2.2092781e-05 0.00015423328 5.808589e-07 0.00037369385 9.960044e-05 0.09261199 0.00029469433 0.0015420562 4.586918e-08 5.0163504e-05 0.0003079573 6.6293445e-08 0.00016773955 0.021652136 3.0227316e-06 1.1692559e-05 0.00093122676 4.522923e-05 0.013481042 1.7358418e-06 5.5144767e-05 6.27807e-08 1.2968542e-05
0.889018 0.0387791 0.07933855 0.7179595 0.28844514 0.93481946 0.085293576 0.7169445 0.88802195 0.004349016 0.005540751 0.09163616 0.93932354 0.13938549 0.9738504 0.0084760105 6.607322e-14 0.0033293983 0.00042916616 0.26318905 0.00031507277 0.294425 0.10101309 0.1784917 0.1975469 0.00038487767 0.38208172 0.023014825 0.5284852 0.33649173 1.9796815e-05 4.7310084e-05 0.00011083936 0.033903677 0.017267933 0.67792815 0.17783453 0.007400632 0.019452574 0.0041830842 0.04852772 0.0001830764 0.05760704 0.0024607915 0.0011520889 0.0003651945 5.0152164e-05 3.5451398e-05 2.2156364e-06 0.012428702 0.14906482 0.00029620485 0.17551473 6.707439e-06 0.00045202344 1.9941357e-05 5.701355e-05 6.6981795e-07 3.1210355e-05 1.4102682e-07 0.24039368 2.2686362e-07 0.020086536 0.15728529 0.017614951 1.1544688e-06 0.0035567961 2.4976212e-05 2.2741946e-05 1.6438929e-06 7.9030104e-07 2.8243895e-07 5.0284707e-06 2.6552058e-08 7.136365e-07 0.011534262 0.004446564 0.0011097783 0.00046915177 7.093718e-07 0.0026722583 3.8324476e-08 2.5066205e-08 0.0002848403 3.6423396e-06 5.345795e-06 8.094469e-07 0.00030556633 3.517558e-07 5.6537965e-06 1.3552732e-07 2.301e-05 0.00068641675 0.00028465048 0.00010866538 9.2978956e-07 1.122937e-06 4.1807507e-05 0.00016340913 2.9933835e-05 2.5695801e-08
0.94548935 0.7707586 0.7681624 0.12061555 0.087486655 0.012035149 0.27918503 0.015442101 0.22160044 0.95307714 0.0018459571 0.08480476 0.4547097 0.055493817 0.00069617963 0.052656665 0.0033293983 5.4585295e-12 0.047118492 0.046166483 0.006385803 0.006845435 0.61717474 0.06362521 0.0020247924 0.33694983 3.3537162e-05 0.96852225 0.00014796258 0.0049868138 0.022383805 0.0047986587 0.6151568 0.0001705259 3.424418e-05 0.012785675 0.14291108 0.00054588326 0.00016468714 0.00027181287 5.974294e-06 0.864748 5.1806455e-06 0.0021227614 2.1323902e-05 0.6180486 0.040771294 2.5474557e-05 5.342215e-05 0.00019766076 4.9541004e-08 0.10469426 3.0050549e-06 1.757638e-05 9.778211e-05 0.017587256 0.00021012945 6.1115566e-06 0.02493955 0.3503353 5.250479e-06 0.37672368 4.990407e-07 3.4483992e-06 2.6097168e-06 1.9846098e-05 1.8198573e-07 5.471547e-05 1.587158e-05 1.9480483e-06 4.1628095e-06 1.5277097e-06 0.0012074213 6.4112936e-07 0.021801889 1.1608302e-06 1.47678225e-08 5.8191094e-06 6.598514e-08 0.10937796 3.1211822e-08 5.7066586e-07 1.1943642e-08 0.013605888 0.020705888 0.007735079 0.00012026738 6.878491e-09 0.019932583 0.00010146603 3.4724152e-07 9.006868e-06 2.3305324e-06 9.494183e-07 3.631464e-07 1.2486141e-08 5.5722453e-06 8.363543e-06 1.3133639e-07 9.1803344e-08 1.4002497e-08
0.9847964 0.07420398 0.024134962 0.045040794 0.016213965 0.0005342338 0.3459368 0.0007102915 0.013507591 0.20252477 0.5594559 0.082461976 0.009673439 0.059695628 1.3038185e-05 0.7555642 0.00042916616 0.047118492 2.018288e-11 0.037595194 0.9129593 1.0164884e-05 0.00067721645 0.2599576 4.3539126e-06 0.70104104 1.7557691e-06 0.060999114 0.00059140014 0.004972775 0.83593136 0.9081464 0.2144337 0.00023758729 0.016353963 0.010409844 0.00023957703 0.02849189 3.1639731e-06 0.019985693 1.0059176e-06 0.022997022 1.4779051e-06 0.026685202 1.6868345e-06 0.023877477 0.27397573 0.2733164 0.44027364 0.00037100224 3.960012e-08 9.413967e-05 2.1606672e-06 0.015639028 0.0016930563 0.29230928 0.0035561842 0.010081723 6.870946e-05 0.19187483 8.216291e-08 0.0011322112 1.6322775e-07 4.411388e-05 1.6831635e-05 0.031460237 6.778741e-08 3.3916422e-06 0.0004604362 9.233628e-05 0.00028305742 0.0001833864 0.14602642 0.0012096515 0.009576627 1.425801e-05 2.8852515e-08 0.00013645117 2.4499553e-07 0.00048278223 2.8072071e-08 8.903543e-05 1.7890425e-05 0.4616611 0.0013430085 0.08658483 1.0880106e-07 1.6318214e-07 0.0019829876 1.387462e-06 0.0002516943 0.052810334 5.2221816e-07 1.3913134e-05 8.649826e-06 3.3507347e-06 0.11537082 1.3108316e-05 6.979353e-07 5.466344e-08 3.4065472e-06
0.99937916 0.15511657 0.13708854 0.45999503 0.8817668 0.21715401 0.36490694 0.6629705 0.38541463 0.06847511 0.4136771 0.6935183 0.31386673 0.817647 0.37832153 0.12799598 0.26318905 0.046166483 0.037595194 4.4706227e-12 0.029210337 0.06417863 0.13308105 0.8276704 0.012156571 0.035305504 0.064491294 0.0069893613 0.3236266 0.112195395 0.009804655 0.0120606385 0.019514117 0.007097956 0.06950707 0.1139448 0.005448059 0.01370571 0.0026162122 0.00980611 0.0021278693 0.028662847 0.0028625967 0.0056194905 0.0005255213 0.0035018236 0.003217474 0.00052850647 0.0014367255 0.007828898 0.008307397 0.006524429 0.036411114 0.00042484474 0.0027111259 0.0031067606 0.0012384168 6.3088635e-05 0.0024312597 0.010087999 0.023899397 0.0077848444 0.0033552262 0.08065073 0.016707765 0.0003152528 0.00045678247 0.00024672394 0.001270209 0.00021018276 0.0014341478 4.477743e-05 9.212668e-05 8.735556e-05 0.00042937146 0.008829245 0.0114410585 0.00087403186 0.0016183137 0.00073756115 0.00222507 0.00021747351 1.4329131e-06 0.0070942645 0.00012901245 0.00017522363 2.6071606e-05 0.0060670273 0.00015897052 2.8322116e-05 5.059333e-06 0.0017279322 0.0016445823 0.0028275843 0.00044392355 3.245961e-05 0.000589092 0.00012356148 0.0013171202 0.0001345797 2.7606524e-05
0.99805164 0.008880187 0.002852595 0.02572769 0.0013102143 3.1872092e-05 0.047536895 0.00014080542 0.008402823 0.0139292 0.862019 0.020608893 0.0043716435 0.0424915 1.7618074e-06 0.86144704 0.00031507277 0.006385803 0.9129593 0.029210337 3.0321574e-14 1.0817196e-06 2.2322229e-05 0.36042336 7.955073e-07 0.25209695 2.0784948e-07 0.008640815 0.0016957234 0.006744739 0.39983892 0.6594035 0.05086906 7.866549e-05 0.2013871 0.016241556 3.9612572e-05 0.26628223 5.1717006e-08 0.3016018 5.6320175e-08 0.0042033265 1.2504714e-07 0.16786472 4.9740216e-08 0.003969797 0.07186362 0.6672231 0.5310543 0.0015082255 6.7922656e-08 7.474736e-06 4.9721157e-06 0.31840974 0.027908716 0.060401924 0.06793543 0.07616636 1.6757614e-06 0.031436738 8.928367e-08 7.445556e-05 3.3317642e-07 0.00018131816 0.00045864726 0.09467128 2.4020569e-08 1.1075139e-07 0.008493208 0.0026255061 0.0072428975 0.0026452153 0.017462743 0.009957224 0.0005619946 8.697193e-05 5.127609e-08 0.00066684047 1.6346967e-05 4.9548194e-06 1.937555e-07 0.0010181892 0.0008654075 0.25825527 8.185099e-05 0.0043854592 2.849957e-08 1.5778205e-05 6.966167e-05 6.9077736e-08 0.0013600588 0.4730833 7.160461e-06 5.070815e-06 0.0007713477 0.00017843423 0.21860056 7.112103e-07 2.0538664e-05 2.2553833e-08 0.00010676481
0.9676227 0.01593335 0.046132155 0.03791505 0.09374486 0.44159 0.0044709435 0.23158082 0.16272694 0.0021390966 1.8186132e-05 0.017367015 0.75725806 0.025953429 0.62029946 0.00040052214 0.294425 0.006845435 1.0164884e-05 0.06417863 1.0817196e-06 4.5793733e-12 0.779569 0.026983358 0.9879004 7.2401e-06 0.29305348 0.0064071687 0.0008396693 0.023843976 4.583776e-07 3.679834e-08 0.00013255859 0.004703973 7.562781e-06 0.096228756 0.698471 1.0697149e-06 0.73309577 1.9490784e-07 0.4992005 0.005101668 0.16960792 3.53048e-05 0.40070066 0.0009969205 2.8088166e-06 3.9828563e-09 6.8817546e-10 0.0014758758 0.032807786 0.38139543 1.62612e-05 1.928895e-09 5.4932007e-06 4.250218e-07 8.4336406e-08 3.5044756e-09 0.33785707 2.9495706e-05 0.002750089 0.042650748 3.2559532e-05 0.00011763365 8.0372547e-07 1.6886298e-09 0.003253495 0.44979367 4.875004e-09 7.24127e-09 2.2025648e-09 7.510609e-09 1.1613306e-06 1.841561e-10 1.2781816e-06 2.7408448e-06 1.2381345e-06 4.3190474e-05 6.55297e-07 0.0006121123 1.7416604e-06 5.1014526e-09 2.6426983e-10 3.7441745e-07 4.8284895e-05 6.624845e-08 0.00026430064 8.774184e-08 1.8677174e-05 0.0013093099 1.8422031e-07 3.330519e-07 1.0986652e-06 0.00012406036 1.3105758e-06 7.80679e-09 1.285555e-07 0.0007704024 8.598617e-08 5.091242e-07 7.922577e-09
0.95436764 0.5504161 0.76956326 0.07993466 0.46948543 0.34855643 0.064500056 0.22849041 0.34798145 0.3293371 2.6569132e-06 0.12038272 0.80720496 0.10858469 0.027079256 0.012684398 0.10101309 0.61717474 0.00067721645 0.13308105 2.2322229e-05 0.779569 2.2541014e-12 0.08239611 0.43597767 0.002554918 0.0025704566 0.5029737 0.00021431394 0.015468485 1.2768846e-05 9.125731e-07 0.028208401 0.00074015494 1.6993108e-06 0.030909346 0.98752016 9.223578e-05 0.21798687 2.9469572e-06 0.004969007 0.18790737 0.0007782298 0.00037424205 0.11306732 0.09704562 0.00018758958 1.3109095e-08 1.3774738e-08 0.00035297175 2.828388e-06 0.7161561 3.2433707e-07 1.31324445e-08 7.934942e-05 3.3297918e-05 4.085571e-05 5.6297913e-09 0.5519373 0.006689609 5.504228e-06 0.54869896 3.7030034e-07 9.8043e-07 2.10169e-07 3.8444234e-09 1.7692108e-06 0.1717002 6.012064e-07 9.739591e-08 6.4744388e-09 1.7865695e-08 5.496064e-07 1.4379424e-10 0.00060119934 2.0533344e-08 5.3712568e-09 3.459772e-05 1.0958701e-08 0.055650022 3.8162886e-09 5.1853555e-10 2.839065e-10 8.7936894e-07 0.0006917297 1.7301887e-05 0.0017705165 1.8488577e-09 0.00076994696 0.004092356 6.9754097e-10 3.3324078e-08 1.36679e-07 1.227194e-07 9.770067e-08 3.4797892e-10 1.0973949e-08 1.0106664e-05 3.1309892e-09 2.9464733e-10 6.896919e-10
0.99998397 0.24465759 0.21074733 0.25358868 0.5417711 0.19215131 0.47910458 0.5059459 0.26796976 0.1800526 0.41818544 0.70353466 0.16410026 0.81598467 0.33900943 0.81394976 0.1784917 0.06362521 0.2599576 0.8276704 0.36042336 0.026983358 0.08239611 2.8172074e-14 0.008280236 0.18906389 0.114504196 0.0041399323 0.38392267 0.3614194 0.12954022 0.07647397 0.055499196 0.031071784 0.36348844 0.24571387 0.0015420335 0.19537573 0.0010590472 0.1724885 0.0008779311 0.03112891 0.002808482 0.042402945 0.0002356179 0.0046366374 0.012701382 0.016437287 0.024515817 0.008357054 0.0036815177 0.0050485977 0.04488559 0.015018765 0.012227987 0.010383806 0.006648802 0.0029905075 0.000860515 0.022123663 0.03804912 0.009531566 0.0066447738 0.122441374 0.020308498 0.0034953891 0.000119246484 8.5382926e-05 0.006530751 0.0010452595 0.0037210372 0.00023645574 0.00016310644 0.0006123823 0.00024790654 0.021883482 0.015870899 0.00058545964 0.0010234126 0.00041539365 0.001796462 0.00082212925 0.00019517264 0.030389596 0.00023926694 0.00051731267 2.3341424e-06 0.0039206487 0.00038045354 6.80317e-06 0.00019320556 0.00483883 0.001577203 0.0021950426 0.00058822514 0.00013896526 0.0021119334 3.783046e-05 0.001753353 0.00015428815 0.00015983518
0.90743047 0.004486711 0.0073322556 0.007121025 0.01913099 0.1548669 0.001804374 0.05865093 0.019207956 0.0009239539 1.0844647e-05 0.0039244434 0.2536153 0.006050537 0.6309677 9.387216e-05 0.1975469 0.0020247924 4.3539126e-06 0.012156571 7.955073e-07 0.9879004 0.43597767 0.008280236 1.3221906e-10 1.8262333e-06 0.5173975 0.0008712044 0.000442285 0.012993028 3.516421e-07 4.154857e-08 2.6542428e-05 0.005477233 6.8083623e-06 0.06193087 0.3995605 2.7626286e-06 0.8754989 2.807902e-07 0.93266815 0.0016857033 0.55638427 1.7079632e-05 0.63884526 0.00032581293 2.215438e-06 2.4773374e-08 7.201038e-09 0.0010912829 0.32719812 0.24988724 0.000159616 1.1491938e-08 3.556082e-06 6.2226025e-07 5.951932e-08 5.2493675e-08 0.2586721 1.7860353e-05 0.022142299 0.029585043 0.00012956395 0.0004979343 5.1924276e-06 1.7665807e-08 0.08042367 0.6672162 1.2887409e-08 1.6560675e-08 1.7685899e-08 3.7397584e-08 3.4590541e-06 6.7513826e-09 6.9988923e-06 6.6895386e-06 3.7066748e-05 8.606909e-05 2.9523976e-06 0.0007735378 7.574506e-05 6.643851e-08 6.1079346e-09 1.6584715e-06 6.1925355e-05 6.0084705e-07 0.0002938367 2.8239774e-07 8.149674e-05 0.0015707208 5.0830624e-07 1.5395457e-05 1.2785954e-05 0.0007734932 5.3795957e-06 6.747318e-08 3.4973261e-06 0.006336311 1.5031172e-06 6.5361837e-06 5.7026757e-09
0.99075633 0.24781609 0.13611595 0.0052275835 0.024283279 0.0022745288 0.28707525 0.0012789596 0.004549006 0.64042836 0.0024940763 0.08219394 0.008815501 0.0584509 1.2534688e-06 0.34113696 0.00038487767 0.33694983 0.70104104 0.035305504 0.25209695 7.2401e-06 0.002554918 0.18906389 1.8262333e-06 5.474382e-14 6.7807974e-08 0.6903859 1.6226237e-05 0.0013371189 0.9222106 0.33712947 0.9394367 1.5960404e-05 6.210449e-05 0.0062607946 0.0011897006 0.0098079005 1.1592581e-06 0.0041232263 8.9059846e-08 0.21429943 1.7338638e-07 0.011067849 2.172499e-07 0.3195405 0.92874813 0.001685942 0.010621909 0.00012623498 1.9983941e-09 0.0014775567 1.04724194e-07 0.00033393304 0.00022141133 0.5620188 0.0012495571 0.00017764131 0.000307574 0.69727856 1.23562645e-08 0.030463241 1.2976105e-08 1.5872668e-07 8.978198e-08 0.0003436002 3.4840365e-08 6.3553915e-07 3.2810174e-05 9.679746e-06 1.2650076e-05 2.276026e-05 0.3290822 2.0823141e-05 0.077392586 1.2797494e-07 2.5560922e-09 5.3904414e-06 6.269765e-08 0.011631408 9.889491e-09 9.165472e-06 3.362103e-07 0.22405724 0.004451424 0.20393345 2.4050507e-06 2.3755621e-08 0.008369404 1.7498818e-06 2.2143911e-05 0.0004813137 1.3204586e-07 3.267992e-07 1.6187959e-06 1.3425839e-07 0.0009885862 1.5369551e-05 3.7837044e-08 6.697527e-09 4.8055296e-07
0.98702186 0.0005435798 0.0013548501 0.009152071 0.04007852 0.27972996 0.0009879891 0.15277855 0.04179679 5.2259133e-05 9.194599e-06 0.009557211 0.17296878 0.025614386 0.78175443 0.00033474996 0.38208172 3.3537162e-05 1.7557691e-06 0.064491294 2.0784948e-07 0.29305348 0.0025704566 0.114504196 0.5173975 6.7807974e-08 4.0427113e-11 0.00013426025 0.04367064 0.5529144 4.921899e-08 2.7900775e-08 3.22618e-06 0.28687805 2.5784631e-05 0.624813 0.0045989025 1.7144926e-05 0.20066486 2.8858788e-06 0.5182097 1.6630353e-05 0.68787897 0.00018111183 0.18259859 5.10495e-06 4.181121e-07 3.3274535e-08 1.1097822e-08 0.03855743 0.97148913 0.00935988 0.14986919 1.1873206e-08 0.00025829655 1.2255234e-06 1.9926915e-06 2.6733831e-08 0.01256533 1.2039327e-06 0.8903327 0.0002667877 0.013917734 0.13990667 0.00068138517 1.4594827e-08 0.2017412 0.12058032 2.1473015e-07 1.1845226e-08 3.8668624e-08 2.1619758e-08 1.0952469e-05 2.2530302e-09 2.5855843e-07 0.00035852104 0.038269572 0.0003536809 0.0013945553 5.1218376e-06 0.017006882 6.680648e-07 1.2735218e-09 5.8030463e-07 8.0167e-07 1.92804e-07 2.5910073e-05 4.571723e-05 4.6027767e-06 0.00022824437 1.7833438e-06 1.3929451e-05 0.0019355597 0.28593427 0.0002000926 4.5858774e-06 1.468572e-06 0.056806188 0.0001362994 0.0014729089 3.1051283e-07
0.5178032 0.52943575 0.4828189 0.0028564036 0.022305636 0.0044121896 0.12925115 0.010701278 0.046441138 0.8510925 5.686338e-06 0.024247155 0.032969143 0.011174428 0.0052055423 0.01802843 0.023014825 0.96852225 0.060999114 0.0069893613 0.008640815 0.0064071687 0.5029737 0.0041399323 0.0008712044 0.6903859 0.00013426025 3.8924078e-15 0.0016825744 0.00028447897 0.12514558 0.024484899 0.9182886 5.2605155e-05 5.68684e-05 0.0011944418 0.52411556 0.00028727535 1.8186029e-05 0.00016366522 7.803772e-06 0.8390797 1.4249542e-05 0.0003121049 1.3178377e-06 0.86447674 0.44196287 0.0014721521 0.002546166 4.5798002e-05 5.658184e-07 0.015853435 2.5502051e-05 4.2620113e-06 5.0820396e-05 0.027866224 0.0002884429 1.6100807e-05 0.0007148748 0.09212782 1.1338411e-06 0.08796456 7.2188885e-07 5.111763e-05 2.928605e-05 1.6400465e-05 3.0787257e-07 6.4952594e-08 1.5396851e-07 1.6986139e-06 4.8476718e-08 1.0460377e-08 0.016482465 3.3304235e-07 0.0036997423 3.3941692e-06 1.0686321e-06 5.178403e-08 4.241168e-09 0.0028581119 1.9754635e-08 2.2171664e-08 5.970747e-09 0.0068354798 0.0024450761 0.00018861209 4.265594e-06 2.8635135e-08 0.00032608243 1.2378191e-06 1.5184001e-05 4.2569518e-05 8.306529e-09 4.970913e-07 1.3072648e-07 5.0325816e-10 1.4678312e-06 1.4594689e-06 7.68793e-08 2.9494662e-09 2.7424591e-09
0.9636569 0.0048899655 0.0030439897 0.20977233 0.057173047 0.057903606 0.047499403 0.14992967 0.08801599 0.00030708514 0.1429168 0.06798405 0.21418633 0.13035366 0.40423137 0.029121973 0.5284852 0.00014796258 0.00059140014 0.3236266 0.0016957234 0.0008396693 0.00021431394 0.38392267 0.000442285 1.6226237e-05 0.04367064 0.0016825744 9.3785785e-11 0.97882444 2.4481978e-06 5.8360358e-05 1.5120969e-05 0.78693026 0.27355456 0.94384915 0.0005428067 0.07306348 5.02593e-06 0.07340144 3.4971777e-05 5.7635352e-05 9.929902e-05 0.025679735 6.7381075e-07 1.8151322e-05 2.936374e-05 0.00011664098 5.6245706e-05 0.12728502 0.0019096065 1.4425653e-05 0.8069014 0.00010359128 0.021787105 3.4932546e-05 0.001773156 1.4273179e-05 3.151704e-06 2.4335166e-06 0.0174052 9.676002e-07 0.2893482 0.105156235 0.6756606 9.444015e-06 0.0002264753 8.5134445e-07 0.003016956 8.219988e-05 0.0010086849 0.00024920647 1.5666911e-06 4.2805922e-07 9.928923e-06 0.5566066 0.009153754 0.01346211 0.014814326 8.5642586e-07 0.011231132 0.00036999554 3.0369679e-06 0.0010280218 1.9711757e-05 1.0626188e-06 1.860899e-07 0.08732779 6.6540827e-07 3.576357e-07 1.144192e-06 4.212058e-05 0.005814024 0.00179697 0.00509369 0.00026253032 2.1708145e-06 3.7257294e-06 0.0037106876 0.0019947872 0.00010265738
0.9997092 0.011344481 0.008861549 0.045267645 0.056367334 0.09102002 0.0381412 0.25138196 0.03839767 0.004084572 0.0413937 0.07335022 0.035552077 0.07075751 0.5470597 0.034097202 0.33649173 0.0049868138 0.004972775 0.112195395 0.006744739 0.023843976 0.015468485 0.3614194 0.012993028 0.0013371189 0.5529144 0.00028447897 0.97882444 1.3803732e-14 0.00020274452 0.0006800116 0.00033328976 0.25916758 0.03652268 0.42635044 0.00041685958 0.005667077 0.0010665724 0.0041739685 0.00434907 0.0017196567 0.008911224 0.0019449493 0.00037036522 1.079418e-05 2.0348572e-05 2.2443943e-05 7.088481e-06 0.05961682 0.10063482 0.0008059111 0.5708475 3.4195655e-05 0.005105793 5.3859327e-05 0.00032249436 2.0840532e-06 0.00017829133 3.0863397e-05 0.33078244 7.735982e-05 0.3367541 0.64811 0.14702387 7.498086e-07 0.0006209209 0.00030499886 0.00043673284 4.1141524e-05 0.0004205215 2.3071866e-06 1.012172e-07 4.367155e-07 3.618961e-06 0.22322643 0.32007885 0.0042694323 0.025490206 1.300909e-06 0.16356073 5.363078e-05 1.4293967e-07 0.00036476183 4.0087635e-08 1.5971136e-07 9.485779e-08 0.061484188 1.5635788e-08 7.891352e-07 9.558335e-08 2.9774768e-05 0.012561885 0.11895486 0.0027232477 7.5142925e-05 1.50341475e-05 0.00031035935 0.010451778 0.009929814 8.407992e-06
0.9794537 0.028755702 0.01034805 0.0011556818 0.0031440912 9.574041e-05 0.0693541 8.289879e-05 0.0008745376 0.10784887 0.0009507775 0.018528083 0.0013565936 0.016812207 2.2440334e-08 0.320424 1.9796815e-05 0.022383805 0.83593136 0.009804655 0.39983892 4.583776e-07 1.2768846e-05 0.12954022 3.516421e-07 0.9222106 4.921899e-08 0.12514558 2.4481978e-06 0.00020274452 1.12166195e-14 0.8623108 0.36605182 5.7872153e-06 1.4005925e-05 0.003312347 4.1506137e-05 0.01777681 1.4354928e-06 0.00603042 1.7846698e-07 0.013336245 3.193696e-07 0.013138741 1.4729123e-07 0.04036632 0.9583559 0.032395296 0.114792354 9.113181e-05 5.657064e-10 2.0290672e-05 4.7588447e-08 0.000755461 0.0002811706 0.7607369 0.002015316 0.0006262505 5.254316e-06 0.5633024 3.5873151e-09 0.0013997799 6.299285e-09 1.7943668e-07 5.133412e-08 0.0068175634 2.2185722e-07 1.4086672e-07 4.4769913e-05 3.0472456e-05 1.5716947e-05 7.118794e-05 0.709447 0.00013680597 0.070599444 2.4132078e-07 1.4825538e-08 2.0732239e-06 2.5685903e-08 0.0006081405 8.516643e-09 9.81714e-06 1.2927637e-06 0.60710126 0.0029741423 0.21913695 3.0131199e-07 1.9356259e-08 0.003793471 1.07595e-06 7.203808e-05 0.002656208 2.0876008e-07 3.6363681e-07 6.107067e-07 3.4989657e-07 0.024927914 2.1267098e-05 3.6320547e-08 7.460566e-09 5.3414817e-07
