2.3819579e-17 0.80076534 0.9815539 0.96787363 0.9869335 0.99164104 0.9954931 0.82243824 0.99798983 0.96424234 0.9530217 0.8464879 0.9981574 0.961259 0.98438966 0.98195314 0.93142074 0.9982626 0.863025 0.9097135 0.9406001 0.9919033 0.91231686 0.8486683 0.99544865 0.12464306 0.9818127 0.091125004 0.9555988 0.9751559 0.7349922 0.91579056 0.7880615 0.88044703 0.96761954 0.97239643 0.7942504 0.9856968 0.78566617 0.9499871 0.9544608 0.99726045 0.9091656 0.9441219 0.4643551 0.27955586 0.941213 0.8214475 0.96555555 0.8103097 0.93749976 0.912161 0.9012207 0.045240708 0.999957 0.44761005 0.3547879 0.925495 0.021988615 0.9347877 0.9120826 0.3955287 0.9916609 0.99699706 0.9998845 0.63243425 0.2732208 0.044079736 0.8838598 0.9985173 0.9999482 0.0070775156 0.9999939 0.07160837 0.6328729 0.33483142 0.6218715 0.9779015 0.96489376 0.40075415 0.016925527 0.9274827 0.9911379 0.9298675 0.05658258 0.016918886 0.044594973 0.22626057 0.99284685 0.13143767 0.999931 0.0084067695 0.18548277 0.014533162 0.0019425775 0.7831301 0.013250626 0.3994577 0.0050705858 0.9999623 0.9905033
0.80076534 1.2649735e-13 0.956321 0.8839062 0.8828465 0.7852238 0.18370725 0.6961548 0.04927865 0.24157457 0.60673916 0.087188095 0.60099006 0.04248308 0.1484467 0.0547449 0.0337117 0.3601124 0.03601425 0.007320336 0.011408982 0.0025391052 0.035412237 0.0037421153 0.0747679 0.001379888 0.03509692 0.0022326296 0.1282117 0.0075727007 0.00093426055 0.00055853574 0.00062265893 0.0013030944 0.010484773 0.02219603 0.00011041452 0.03483843 0.011029607 0.014952845 7.699778e-05 0.0038043237 1.9729418e-05 0.021471672 0.00023124427 0.008766339 0.0032163528 0.0086477855 0.001523883 0.00015273356 1.740924e-05 0.00054661935 0.0060059247 0.00022317322 0.06406284 7.245001e-05 0.0015019049 0.00027269486 0.00035169578 7.5314114e-05 4.2686683e-05 0.0006172533 0.008480942 0.023723077 0.023782918 0.000124689 0.00029807995 8.696944e-05 0.00012104697 0.045619827 0.087389424 2.1788526e-05 0.07735716 0.0003248759 0.0041434793 2.3539655e-05 0.00041163698 0.02687874 0.002045904 0.00012916165 4.9744798e-05 7.101293e-05 0.00437762 0.00031666964 4.468264e-05 1.8941594e-07 6.231947e-06 2.298526e-05 0.012309556 3.6841167e-05 0.024419326 4.1224231e-07 0.00015932642 1.2483576e-05 4.7944313e-06 1.0805406e-05 9.134743e-07 6.0256484e-06 7.07094e-06 0.0031720945 0.0001540297
0.9815539 0.956321 3.036931e-15 0.833929 0.76498455 0.72831887 0.41148338 0.2842077 0.1208345 0.16430576 0.08447285 0.08163139 0.6820311 0.011284792 0.23753077 0.210967 0.19476603 0.084849186 0.008825448 0.07557466 0.0053487434 6.937162e-05 0.0038467764 0.028332423 0.103056505 0.010221783 0.36627007 0.0097804675 0.6691717 0.00016633264 0.03828683 0.002451102 0.0019138372 0.00037310185 0.006900368 0.011687627 0.027104162 0.011252934 0.61089647 0.0009855372 4.1443367e-05 0.00014477328 0.00038611254 0.0054164864 0.002506443 0.02905972 3.0477613e-06 0.3021614 4.2646678e-07 1.5348693e-05 3.7374176e-07 8.2393086e-07 0.0017309892 0.00023575904 0.1339615 0.00079495576 0.25370416 1.7151646e-07 1.5336753e-05 0.27004504 0.21664855 3.3828364e-06 0.007115923 0.0050693867 0.040537775 0.058288947 9.501955e-07 0.010625922 0.18764074 0.13746099 0.30014896 0.00013540866 0.33780894 5.7976285e-06 0.0004981699 0.08375651 3.5466871e-06 0.01545055 0.00032251157 0.060417883 0.0030338808 4.0106238e-07 0.00017702421 0.00028032053 5.723969e-07 1.9822103e-06 0.0037041784 0.032435384 0.015534013 2.8495887e-07 0.048590004 3.6834892e-06 6.6316784e-06 0.0010391311 7.309101e-06 1.4699233e-07 4.8554523e-07 2.2481032e-08 9.90918e-06 0.0045717056 3.0164767e-06
0.96787363 0.8839062 0.833929 1.1252221e-16 0.9538778 0.20688494 0.20167033 0.34264913 0.12625958 0.11236921 0.7041532 0.07793042 0.86412746 0.05285171 0.10600643 0.008377518 0.0885576 0.5533815 0.018471152 0.0027222845 0.025584029 0.0014108674 0.039330173 0.0006145918 0.22820218 0.0019623754 0.030806229 0.0005904846 0.06889223 0.0050816303 0.0011209731 0.00028022908 0.0010498426 0.00038348793 0.009264492 0.013023342 5.159432e-05 0.17654867 0.03561672 0.0009955908 7.687084e-05 0.0034104856 2.0907303e-06 0.08187896 0.0010013602 0.012418944 0.0020820163 0.0058773817 0.001160611 3.113378e-05 2.3896968e-05 0.00035579244 0.0037586412 0.002566857 0.32149488 1.6490865e-05 0.0058068424 0.00032152396 6.7772157e-06 0.00082055957 0.00076879346 0.00029023067 0.009012479 0.031171761 0.10712275 0.0010164332 2.6903212e-05 0.00020171676 0.00046481035 0.08404984 0.3118382 1.3730521e-05 0.5400342 4.558001e-05 0.0012007692 0.00017984315 8.0422156e-05 0.04149082 0.004189961 0.00013637752 1.2505919e-05 7.115041e-05 0.0021069292 0.0032774138 1.0585927e-05 2.1494199e-07 1.8881554e-05 3.196984e-05 0.01711588 3.0368724e-06 0.15365197 6.151509e-07 3.9391985e-06 1.5068683e-05 8.1549025e-08 9.494866e-06 3.5720095e-08 1.4790496e-07 1.367097e-06 0.03824978 8.947807e-05
0.9869335 0.8828465 0.76498455 0.9538778 1.3982865e-14 0.8082267 0.37376776 0.37405047 0.025482628 0.21798497 0.0832672 0.04067451 0.6702544 0.005376708 0.27098432 0.15738629 0.12948053 0.20085308 0.0039892206 0.042264022 0.0017052372 7.900452e-06 0.0033073283 0.021978013 0.03016569 0.011165794 0.33215198 0.0074644075 0.7399814 3.9717317e-05 0.023273533 0.002231844 0.00029867922 0.000581627 0.0067232517 0.012909664 0.016163833 0.010214221 0.6716954 0.0020245395 3.3517927e-06 3.6904603e-05 0.000316169 0.014970552 0.0011108504 0.01362326 4.591087e-07 0.24873708 1.5614309e-07 0.0001083135 9.686569e-08 3.1566554e-08 0.0026178206 0.001329813 0.047502123 0.00033083014 0.25184664 2.486545e-08 1.4486243e-05 0.16474652 0.12893921 0.00010028478 0.0067406306 0.0013806245 0.010511835 0.02527375 1.952854e-05 0.0031661754 0.08550664 0.12676413 0.286164 0.0001253071 0.28511256 1.6734058e-06 0.0039650463 0.047286976 0.000107924265 0.034862436 0.0003657713 0.036627926 0.0009874541 5.2950206e-08 4.3122156e-05 0.0007169494 2.2146087e-07 1.2141004e-07 0.0013024539 0.009720899 0.03708749 2.6084871e-08 0.111011654 4.2425557e-07 6.8208574e-05 0.00012579968 6.356862e-06 5.619838e-08 3.1057073e-08 1.1487988e-09 3.7143272e-06 0.0008023348 6.946463e-07
0.99164104 0.7852238 0.72831887 0.20688494 0.8082267 3.554964e-15 0.054367483 0.88929933 0.0063481447 0.850113 0.011786177 0.010149105 0.5768527 0.000671258 0.6525563 0.8283128 0.020023627 0.053288337 9.691083e-05 0.49916103 8.0338614e-05 3.0054503e-06 0.0005343515 0.41663235 0.025336681 0.2719244 0.62282526 0.20053314 0.70475423 1.9176362e-06 0.23436797 0.16037622 3.2486196e-06 0.037046503 0.09845191 0.11930317 0.3455837 0.0005483021 0.60523885 0.051661953 9.910984e-08 9.333321e-06 0.084822565 0.003010251 0.000101691265 0.0034740586 9.440043e-08 0.55537206 2.0419652e-08 0.0021125327 6.5729644e-08 4.549486e-08 0.02031384 0.0005239577 0.018590154 0.0729227 0.022985341 1.1484028e-08 4.1095367e-07 0.13298921 0.08177974 8.946578e-05 0.018355675 0.00045188682 0.0068658306 0.004089879 8.076581e-05 0.11347768 0.40776724 0.12732863 0.21399601 0.0032302411 0.14808242 1.1064503e-06 0.001223883 0.09597102 0.0001379405 0.00872042 1.0492154e-05 0.019722102 0.013534631 2.4751788e-08 3.6691847e-06 1.1977503e-05 1.4575583e-07 4.6054417e-08 0.038241245 0.022314535 0.027038708 3.3156063e-08 0.036123343 1.7493001e-07 0.0001713101 0.004661783 0.0007754375 6.4649896e-08 2.0543961e-08 6.6878597e-10 2.2480028e-06 0.00050763506 1.4973307e-07
0.9954931 0.18370725 0.41148338 0.20167033 0.37376776 0.054367483 3.258403e-13 0.0042239754 0.57591677 0.015469628 0.04173692 0.19117025 0.63600343 0.04513984 0.011408209 0.0012647291 0.9771059 0.0017794704 0.14852694 0.0020699052 0.2697932 0.053085607 0.0016821686 0.0005158608 0.4028245 3.9853072e-05 0.048785254 0.00037111438 0.116053805 0.010296364 0.0011975248 3.2126861e-06 0.054439828 4.1517715e-06 0.00058213 0.0010250682 0.00013569694 0.0023956732 0.56818116 0.0001417576 0.016927538 0.009819066 1.1723522e-07 9.7357326e-05 0.039124895 0.7080413 0.0003430711 0.18416983 0.00017561442 3.5703354e-07 0.00035374935 6.417332e-05 0.0006265116 7.72208e-07 0.3476351 4.396774e-06 0.3955255 4.2451786e-05 0.010823854 0.35323888 0.35093677 4.436937e-06 0.0026459028 0.020510418 0.059666343 0.55935097 3.085067e-08 6.663716e-05 0.060184214 0.07637654 0.28798503 5.333205e-07 0.45569062 5.4119657e-05 1.3960596e-05 0.06382018 1.3990825e-07 0.0028012733 7.912235e-05 0.094528794 0.00010383737 1.977867e-06 0.0011327751 2.9974785e-06 6.4051615e-06 3.8791422e-05 0.00017060056 0.039239723 0.023353301 3.8944208e-07 0.12096235 5.6816192e-05 1.3179545e-06 0.00044985642 5.1355147e-09 1.7386907e-07 2.9406307e-05 1.7604622e-06 0.00062297314 0.0043445616 1.714017e-05
0.82243824 0.6961548 0.2842077 0.34264913 0.37405047 0.88929933 0.0042239754 1.8082437e-18 0.00225393 0.9717671 0.11281951 0.0011406611 0.23962231 0.00022413305 0.91717213 0.18539888 0.00034363722 0.62744236 0.00010830596 0.016718889 7.3890124e-06 1.3351176e-06 0.0007620363 0.004346912 0.014658157 0.016315484 0.0269654 0.0048246672 0.045956355 0.00033606144 0.0003865934 0.010399673 4.1679296e-08 0.10839273 0.36768767 0.36580375 1.365206e-05 0.0058092684 0.0017740862 0.6503936 7.4194034e-08 3.8704507e-05 2.148789e-05 0.34940207 3.2183883e-07 1.6577766e-05 4.0281266e-05 0.0007872182 9.392279e-06 0.0046696463 1.482418e-08 1.7133868e-06 0.10327512 0.10860693 0.013586996 8.05351e-06 1.5483536e-05 1.6298104e-07 7.034499e-08 6.6672186e-07 2.5910813e-07 0.01365673 0.037431583 0.0029680135 0.0072128032 5.237768e-07 0.0009988648 0.00024791554 0.00038859498 0.10090837 0.10178896 0.00015674728 0.024508905 2.4935384e-06 0.011002602 2.8858118e-05 0.0030330794 0.09346527 2.520629e-05 1.1700825e-05 9.293451e-06 8.616271e-07 7.391596e-05 2.5657896e-06 2.965849e-07 1.0707374e-08 1.5773858e-05 5.927411e-06 0.018712541 6.134919e-08 0.063128434 1.7787896e-08 9.2372036e-05 2.57162e-06 3.9988263e-05 6.5504326e-09 8.589255e-09 2.0504334e-09 7.993508e-09 0.00039776054 1.0681603e-06
0.99798983 0.04927865 0.1208345 0.12625958 0.025482628 0.0063481447 0.57591677 0.00225393 1.1177153e-14 0.001306772 0.07754115 0.9679741 0.46658868 0.5008293 0.0005602287 0.0002477926 0.4560847 0.0010733161 0.7805449 0.0004949282 0.5954023 0.4066241 0.010874485 0.00021557254 0.66817296 3.6827303e-06 0.01125222 3.5146943e-05 0.008669598 0.21004458 0.00010128658 2.5029195e-07 0.39329854 8.76801e-08 0.00010674567 0.00013339329 1.545937e-05 0.027376655 0.13898893 8.035994e-06 0.26912498 0.16649272 8.687324e-08 0.00023400848 0.23839495 0.25126788 0.011597513 0.028422374 0.005115241 3.0454164e-08 0.00943222 0.0019197488 0.00019078262 2.7370286e-06 0.56159896 7.1555417e-07 0.17743973 0.0011901716 0.039538562 0.14441907 0.13064665 6.530903e-07 0.0024918024 0.17881602 0.39133438 0.36913922 1.9782687e-08 3.8515907e-05 0.012585369 0.058224134 0.2991221 1.11831426e-07 0.49488544 0.0027844599 2.5052073e-05 0.019276233 1.4251462e-08 0.0036388629 0.0008669146 0.009963378 5.7082812e-05 0.00021707774 0.030218083 7.397985e-05 0.00031163497 0.0011765969 7.094457e-05 0.005248432 0.0063292836 1.2229566e-05 0.13861679 0.0011290826 9.0575895e-07 2.0470807e-05 5.9108995e-08 2.8653945e-05 0.00069464964 5.4255615e-05 0.0020407927 0.043388594 0.0005991054
0.96424234 0.24157457 0.16430576 0.11236921 0.21798497 0.850113 0.015469628 0.9717671 0.001306772 1.0075591e-14 0.025251662 0.0075640255 0.53927594 0.0010147683 0.91522187 0.48326266 0.0037502323 0.5817051 0.00029005914 0.1596942 9.1205104e-05 3.2243085e-07 0.0018475994 0.06375085 0.003479971 0.09822321 0.19537567 0.02878778 0.22683974 4.404878e-06 0.030318687 0.08988302 1.3417629e-06 0.084872134 0.41171604 0.43151966 0.0345763 0.0017205401 0.05161373 0.5690377 1.9366017e-07 1.190273e-06 0.05618237 0.08202958 5.6194393e-05 0.0006182616 2.1772925e-07 0.044520512 5.9339317e-08 0.03154529 5.5748174e-08 9.5282466e-08 0.13004139 0.06872937 0.0077454257 0.02081129 0.0013624118 1.1644197e-07 6.641099e-07 0.021257214 0.012895937 0.0058160312 0.06638121 0.00022960099 0.001789162 0.0009907995 0.0029942517 0.020441763 0.034420937 0.17483778 0.30854958 0.006223327 0.12476773 1.526434e-06 0.025614785 0.004370245 0.003407285 0.13983089 1.8680612e-05 0.0020099187 0.0042150603 9.169917e-09 3.3333806e-06 0.00013687293 1.8434649e-07 4.772901e-07 0.007262867 0.007582259 0.08209089 1.544425e-07 0.095670484 2.7463827e-07 0.0048329383 0.00017739719 0.0016175706 1.7846245e-08 1.976059e-08 8.5767105e-10 4.133015e-06 6.831143e-05 4.0223274e-08
0.9530217 0.60673916 0.08447285 0.7041532 0.0832672 0.011786177 0.04173692 0.11281951 0.07754115 0.025251662 1.3702386e-12 0.17269526 0.61342645 0.37446678 0.013530205 0.00020136271 0.0130479 0.545239 0.069258 5.256178e-05 0.01335091 0.021992376 0.9418779 1.5118444e-05 0.93197143 8.768053e-06 0.00044715145 2.2984099e-05 0.0016285146 0.19950205 8.360305e-06 2.0533619e-06 0.00087565003 4.7721746e-06 0.0030389037 0.00478416 4.1299475e-07 0.86791426 0.0016893605 0.00030794027 0.0003863065 0.16889688 1.2324308e-07 0.12188156 0.0002152182 0.0030530195 0.021589914 0.0005499541 0.019057566 5.7908727e-07 0.00096949196 0.0023532205 0.0017796231 0.0003035648 0.73108923 3.1596792e-06 0.00031239763 0.0028987715 1.9709201e-05 8.913436e-06 6.4018327e-06 9.04861e-05 0.008829257 0.2850753 0.38255656 2.6628148e-05 2.0939826e-06 1.9668332e-06 2.5014093e-05 0.08940926 0.31039268 5.8889782e-08 0.5426372 0.0003847699 0.0016848411 9.362116e-06 1.1989937e-05 0.09206204 0.20745085 5.40702e-06 6.5508016e-07 0.0006656742 0.058560036 0.32771495 2.8328679e-05 8.566321e-06 9.568565e-07 6.8540435e-06 0.0149272485 0.0017205441 0.11037275 1.2530757e-06 1.3333464e-06 1.6326316e-06 1.1680883e-08 0.00029132437 8.568135e-06 3.6736437e-05 1.276865e-07 0.039122805 0.000608845
0.8464879 0.087188095 0.08163139 0.07793042 0.04067451 0.010149105 0.19117025 0.0011406611 0.9679741 0.0075640255 0.17269526 1.7369251e-15 0.17032836 0.9704296 0.0011446477 0.00018882086 0.11908525 0.0009485265 0.6167726 0.00015083687 0.808394 0.7459252 0.11102351 1.9088844e-05 0.4295261 2.2991726e-07 0.0010997786 3.0029133e-07 0.0005238982 0.11866546 1.217896e-05 2.568131e-07 0.24930412 6.1091464e-07 0.00035200952 0.0015242094 8.3301137e-07 0.042485226 0.0005611064 6.346864e-05 0.09864395 0.058766827 2.9801795e-08 0.0004124105 0.06772322 0.033226676 0.024864284 0.00031557103 0.016345995 5.3788156e-08 0.050954003 0.016671222 0.00018293537 1.1391921e-06 0.2794687 4.4180883e-06 0.0004264778 0.0163703 0.033065744 7.901994e-05 6.438806e-05 1.3568004e-07 0.0011712806 0.070184864 0.2589429 0.0024294357 5.258155e-08 4.2522715e-06 7.786121e-05 0.010205944 0.042996317 4.3602673e-09 0.10303452 0.012601384 1.3151113e-07 7.983235e-06 8.722024e-08 0.00062618335 0.0037563208 9.368452e-05 1.0756605e-06 0.00026717753 0.0089616375 0.00026901634 0.0011604341 2.8660479e-05 1.1919792e-06 6.5392387e-06 0.003316426 0.0008260904 0.020599274 9.685656e-06 2.575101e-07 1.4414211e-05 1.2162819e-08 3.9435945e-05 1.5143813e-05 0.001058888 8.663166e-06 0.0066097155 0.0002600894
0.9981574 0.60099006 0.6820311 0.86412746 0.6702544 0.5768527 0.63600343 0.23962231 0.46658868 0.53927594 0.61342645 0.17032836 1.7210546e-17 0.039019123 0.57438594 0.10081385 0.15600818 0.79456717 0.024963444 0.020629236 0.021223256 0.002313709 0.037052155 0.0035546417 0.20976153 0.0011304311 0.15264536 0.00053425896 0.1848227 0.0016677692 0.0055322754 0.0076566776 0.00254557 0.001135368 0.05302779 0.15793662 0.0021958535 0.16305792 0.027186023 0.006077541 6.558066e-05 0.000670923 0.0009016984 0.08175383 0.0017891467 0.00059440144 0.00013086738 0.0067662247 6.296734e-05 0.000100034034 1.932906e-05 4.1496325e-05 0.005703985 0.0009785687 0.25280377 3.4513978e-05 0.00068088074 2.4321558e-05 2.4906165e-05 0.011418659 0.006797613 2.5969963e-05 0.016085424 0.015488057 0.061579205 0.0029932924 1.2390893e-05 0.00053464505 0.0069412757 0.25515088 0.7050292 3.6099664e-05 0.8408077 1.4074669e-05 0.0010400491 0.0008337582 7.200037e-05 0.06032602 0.0059043653 0.0007381065 0.0001724008 3.3786597e-05 0.00075743406 0.015254861 4.5691577e-06 1.6104355e-05 0.00092232967 0.0049669286 0.013972679 1.7034328e-05 0.12623431 5.6051915e-05 8.016595e-05 4.0221188e-05 2.0991351e-06 4.167922e-06 4.956738e-06 7.5252785e-07 2.275746e-05 0.021671757 9.203104e-05
0.961259 0.04248308 0.011284792 0.05285171 0.005376708 0.000671258 0.04513984 0.00022413305 0.5008293 0.0010147683 0.37446678 0.9704296 0.039019123 3.730599e-18 4.0728886e-05 4.3559767e-06 0.034890804 0.00027981037 0.8019348 2.0179045e-06 0.73600256 0.942945 0.4760914 5.244616e-07 0.4437818 7.359082e-08 0.00021288372 2.452584e-08 0.00013016065 0.5878004 3.3068247e-06 5.8285902e-08 0.29776773 4.595316e-08 3.6929774e-05 0.00012862068 3.1823038e-07 0.17491393 0.00024107409 5.374168e-07 0.30784363 0.42603987 6.898199e-09 5.4403696e-05 0.071356006 0.0409838 0.23211649 6.383139e-05 0.10777727 3.018347e-08 0.23611529 0.15918323 1.1869772e-05 1.9137768e-07 0.27021936 1.6137177e-07 0.0004905875 0.094448335 0.045617282 1.2823017e-05 1.7213653e-05 7.2881874e-09 0.00019557864 0.25106627 0.35057727 0.0010975039 3.9469445e-08 1.0163114e-06 1.3511487e-05 0.0025662817 0.019825332 3.4198555e-09 0.07259554 0.14100014 2.2663707e-08 5.539537e-06 4.646813e-09 0.00018451491 0.018158995 1.7316035e-05 1.5122683e-07 0.0013965325 0.05303518 0.0036398517 0.010115686 0.0001854361 3.7288837e-07 2.7503863e-06 0.0023985675 0.005793017 0.01994763 6.717255e-05 1.3115093e-07 3.206402e-06 1.626894e-09 0.0008320626 5.294418e-05 0.001274804 2.1716229e-05 0.06582958 0.002156145
0.98438966 0.1484467 0.23753077 0.10600643 0.27098432 0.6525563 0.011408209 0.91717213 0.0005602287 0.91522187 0.013530205 0.0011446477 0.57438594 4.0728886e-05 2.4536352e-13 0.19738878 0.0015917304 0.6664111 7.7594905e-06 0.065734595 1.1348304e-05 6.022115e-08 0.00034174987 0.027991435 0.0031327165 0.04076194 0.10999699 0.013107278 0.09761458 1.0421205e-06 0.01842194 0.053513724 2.398265e-07 0.067213796 0.80455726 0.8373759 0.015326315 0.0011271407 0.013749973 0.78948826 1.0409008e-08 6.8096966e-07 0.039919037 0.25495335 3.0460309e-05 1.4869632e-06 2.8376116e-08 0.014407677 3.2018185e-08 0.021908013 1.8886308e-09 3.3564544e-09 0.31872866 0.14833406 0.006546527 0.009015569 4.9975228e-05 4.3646526e-09 1.2648561e-08 0.00391054 0.001758079 0.01955819 0.17121433 0.00022029043 0.0008348363 0.0012546553 0.0044381795 0.004291574 0.011231936 0.334547 0.4346869 0.0018966937 0.118542895 1.9059403e-08 0.059254948 0.0020413375 0.011777773 0.2425888 4.1278226e-06 0.0013201559 0.0008892203 5.2083844e-09 2.6050182e-07 4.9438237e-05 6.3329924e-09 1.5080084e-07 0.001765758 0.015310369 0.113474265 3.8249244e-09 0.14477059 1.2615747e-06 0.004182571 3.5635323e-05 0.00019949468 1.8377792e-09 4.303885e-08 6.3153427e-10 3.1014853e-05 2.78574e-05 2.7468527e-08
0.98195314 0.0547449 0.210967 0.008377518 0.15738629 0.8283128 0.0012647291 0.18539888 0.0002477926 0.48326266 0.00020136271 0.00018882086 0.10081385 4.3559767e-06 0.19738878 2.471315e-16 0.0002950304 0.0008006784 4.4151122e-07 0.87650347 4.3314307e-07 1.991227e-08 1.0059737e-05 0.8123161 0.0010512191 0.9332085 0.24930006 0.76626074 0.17120843 7.8455145e-08 0.1719666 0.805982 1.9847052e-08 0.41834465 0.07105955 0.045915723 0.3082029 4.6729733e-06 0.06323447 0.0400831 8.338801e-09 1.4875711e-07 0.64288545 0.000142408 1.2393547e-06 9.381469e-05 1.8781744e-08 0.09008567 1.0299383e-08 0.036039393 1.30391715e-08 2.2882496e-08 0.0158163 4.9171e-06 0.0013409685 0.39097282 0.0009360134 2.478968e-08 4.111434e-09 0.00929983 0.0035605787 0.00052279874 0.0098311715 4.211801e-07 1.2643876e-05 2.0346884e-05 0.00039298026 0.15613663 0.12864375 0.021460991 0.026967812 0.11987603 0.009382647 5.4581452e-08 0.001191477 0.020264575 0.0009879358 0.0046093883 1.0089358e-07 0.0032208327 0.011958597 4.4265334e-09 6.407672e-08 2.9620495e-07 1.37618965e-08 1.2561073e-08 0.08471518 0.014773172 0.013009817 3.2133982e-09 0.021182854 1.7060119e-08 0.00096505915 0.0054866876 0.016047738 2.2639643e-08 8.368708e-09 4.3237516e-10 3.0109885e-07 1.0487482e-05 8.2300415e-09
0.93142074 0.0337117 0.19476603 0.0885576 0.12948053 0.020023627 0.9771059 0.00034363722 0.4560847 0.0037502323 0.0130479 0.11908525 0.15600818 0.034890804 0.0015917304 0.0002950304 1.0143399e-12 9.7668955e-05 0.089106105 0.00014688802 0.29069683 0.029091198 0.00043960445 5.7914698e-05 0.11864647 2.825482e-06 0.0150230555 5.7514553e-05 0.103714354 0.005183933 0.0003015384 1.0067919e-06 0.15364903 1.0333247e-06 0.00011585686 0.00036535313 1.9317506e-05 0.0017114453 0.58741283 5.5838504e-05 0.029513717 0.005178327 4.3161997e-08 6.797975e-06 0.11563654 0.9313658 0.0014432018 0.19537804 0.000221975 8.073419e-08 0.0008413158 0.00039583913 0.00023785436 9.107068e-08 0.059092972 3.5443216e-07 0.734451 0.00020881099 0.050402187 0.37168518 0.38520718 4.2886128e-07 0.0004596947 0.009215827 0.019855976 0.773076 5.3501834e-09 4.7711215e-05 0.03508925 0.007138857 0.020463735 1.7159613e-07 0.03220709 6.686901e-05 3.5018213e-06 0.05922924 6.546763e-08 0.00042586695 0.00017381643 0.08311985 1.6830527e-05 6.0067236e-05 0.0020522021 9.3224986e-07 3.0106617e-05 0.00026704837 7.532883e-05 0.123726055 0.0017169575 2.5186716e-06 0.0058511244 0.00057756976 5.2284328e-08 0.00071078964 6.261647e-09 5.412492e-05 0.000108698965 2.0751138e-05 0.0045192153 0.0019195649 0.00022087968
0.9982626 0.3601124 0.084849186 0.5533815 0.20085308 0.053288337 0.0017794704 0.62744236 0.0010733161 0.5817051 0.545239 0.0009485265 0.79456717 0.00027981037 0.6664111 0.0008006784 9.7668955e-05 3.5657183e-16 0.00016768837 4.219609e-05 2.0843587e-05 8.077617e-06 0.009973423 8.1930675e-06 0.061174434 0.00017858218 0.00031916943 1.910396e-05 0.0008491585 0.0006499591 3.4750178e-06 1.6848739e-05 1.3649488e-06 9.850636e-05 0.114406064 0.18360147 3.0318733e-07 0.10721504 0.00016959095 0.029013896 8.162718e-07 0.00042346033 3.5943833e-07 0.9546421 1.8852127e-06 6.5506733e-06 7.803136e-05 0.00018802016 5.1722065e-05 7.9991136e-05 9.005644e-07 3.7010017e-05 0.037945267 0.059067465 0.12187897 3.512312e-07 2.5492443e-05 1.2671049e-05 5.4241225e-09 1.1938108e-06 9.654765e-07 0.00049229723 0.12113913 0.0160075 0.037100676 2.9745036e-06 0.00011246776 2.4709057e-06 1.0969194e-05 0.4081118 0.6721872 3.2158758e-07 0.41943544 1.2902573e-06 0.007814098 4.5752145e-06 0.0004064558 0.53988403 0.0014594354 2.2326965e-06 7.500649e-08 2.3047587e-06 0.00033734582 0.0045265243 1.6076028e-07 3.4001367e-08 5.205946e-07 3.0627407e-06 0.028082272 8.1467203e-07 0.3012472 1.0392582e-06 6.414263e-06 1.1819696e-07 2.0667595e-07 5.2902936e-07 1.0474912e-08 1.0819465e-08 3.566269e-07 0.008714381 8.0665416e-07
0.863025 0.03601425 0.008825448 0.018471152 0.0039892206 9.691083e-05 0.14852694 0.00010830596 0.7805449 0.00029005914 0.069258 0.6167726 0.024963444 0.8019348 7.7594905e-06 4.4151122e-07 0.089106105 0.00016768837 6.742193e-17 3.3750266e-07 0.97624105 0.85355943 0.030364348 6.894756e-08 0.23423813 5.3970155e-08 7.250254e-05 4.8419246e-08 0.00046410828 0.2849333 7.775068e-08 3.1870722e-09 0.72916365 8.655218e-09 2.6709497e-06 9.158491e-06 2.4553925e-08 0.03306201 0.0012395604 2.002745e-06 0.708939 0.19289234 1.6718749e-09 3.5186185e-05 0.3979293 0.15375507 0.08587037 0.00012256287 0.036514368 4.405325e-09 0.23228289 0.09996831 2.6747248e-06 8.3161396e-08 0.09920767 6.783682e-08 0.0005851998 0.056615237 0.27873734 4.90042e-06 4.8196493e-06 6.682916e-09 4.479626e-05 0.06133362 0.120356895 0.0035570592 3.2776328e-09 6.507892e-07 2.2496617e-05 0.0004718292 0.0042289956 1.3199443e-08 0.012423748 0.24015751 7.8335674e-08 6.478698e-06 4.567003e-09 5.968055e-05 0.0024027377 7.6321165e-05 2.624278e-07 0.0008209008 0.01943979 0.00035147666 0.011296487 0.000238156 3.0589458e-06 6.821953e-06 0.00049723574 0.0013711071 0.003146266 4.2382453e-05 1.2911724e-07 4.737666e-06 3.709332e-08 0.00012707082 6.3688676e-05 0.0001604063 5.258028e-05 0.01031458 0.0005497451
0.9097135 0.007320336 0.07557466 0.0027222845 0.042264022 0.49916103 0.0020699052 0.016718889 0.0004949282 0.1596942 5.256178e-05 0.00015083687 0.020629236 2.0179045e-06 0.065734595 0.87650347 0.00014688802 4.219609e-05 3.3750266e-07 5.6207827e-15 5.1583004e-07 1.9359811e-07 1.2328611e-05 0.9325583 8.710699e-05 0.9418203 0.21976154 0.9313254 0.08969536 1.8652679e-07 0.32493302 0.7009572 1.2028228e-08 0.18424928 0.016106836 0.011871805 0.40028763 5.4060665e-06 0.07338551 0.020809038 2.3335192e-08 3.2956467e-07 0.5913656 1.9696294e-05 1.8663943e-07 0.00013660794 7.5145394e-08 0.093348265 5.5256972e-08 0.03243347 2.2993841e-08 8.2619586e-08 0.004869773 1.6889948e-06 8.923094e-05 0.5229068 0.0011426294 9.417815e-08 1.8855147e-08 0.0034380162 0.0012114883 0.000109693676 0.0020683727 2.8650654e-06 1.486869e-05 1.181165e-05 9.972143e-05 0.1668444 0.13295913 0.0033194337 0.00371505 0.1713886 0.0027637964 6.321625e-07 0.00012080468 0.016721671 0.00018353981 0.00042202105 3.8551388e-08 0.0020445446 0.03202194 5.4435554e-09 1.174284e-06 2.685663e-07 1.9258547e-07 2.5224141e-08 0.09942412 0.008478819 0.0018824048 2.7862857e-08 0.005082624 3.2506584e-08 0.0011157019 0.005621493 0.02920657 1.1291804e-08 1.7427686e-08 6.686687e-10 3.0500684e-07 6.4415176e-06 1.0810595e-08
0.9406001 0.011408982 0.0053487434 0.025584029 0.0017052372 8.0338614e-05 0.2697932 7.3890124e-06 0.5954023 9.1205104e-05 0.01335091 0.808394 0.021223256 0.73600256 1.1348304e-05 4.3314307e-07 0.29069683 2.0843587e-05 0.97624105 5.1583004e-07 2.8411614e-14 0.62268 0.0024815088 2.0658314e-07 0.16982049 7.0983845e-08 0.0005672305 4.8052154e-08 0.0054721944 0.060139187 1.2524962e-06 6.9868378e-09 0.8932977 1.3935966e-08 9.073174e-06 4.35482e-05 1.197636e-07 0.0039511006 0.06278022 1.5361571e-06 0.7150956 0.07223855 3.114063e-09 1.1318905e-05 0.59165627 0.492312 0.03735079 0.007419748 0.017285217 1.5057132e-09 0.15476175 0.034244128 2.045742e-05 1.4534317e-07 0.065012 7.144631e-09 0.05056547 0.016389787 0.4810536 0.09485496 0.09528997 2.115276e-08 2.8653238e-05 0.02928978 0.06356346 0.5329553 5.986781e-09 2.5093523e-06 0.0025951113 0.00060594437 0.0015141286 1.2323925e-08 0.019145355 0.14685595 4.5597398e-07 0.0019864475 2.3436803e-08 4.599137e-05 0.0006299454 0.0047626956 1.3249443e-05 0.0012196831 0.009493106 6.013619e-05 0.004472848 0.006044622 4.4907924e-06 0.0069280555 0.00023069557 2.727915e-05 0.0033088126 0.007748214 1.1183228e-07 2.791487e-05 6.3361947e-09 0.00035645062 0.0030144178 0.000392365 0.0063389884 0.010317261 0.00037602222
0.9919033 0.0025391052 6.937162e-05 0.0014108674 7.900452e-06 3.0054503e-06 0.053085607 1.3351176e-06 0.4066241 3.2243085e-07 0.021992376 0.7459252 0.002313709 0.942945 6.022115e-08 1.991227e-08 0.029091198 8.077617e-06 0.85355943 1.9359811e-07 0.62268 1.7485192e-15 0.045038432 8.854257e-08 0.3162656 8.957052e-09 6.330578e-05 1.2135868e-08 0.00024758757 0.584877 2.1800412e-07 1.4699696e-09 0.59773105 3.046802e-10 3.1597814e-08 8.650666e-08 3.6895678e-08 0.019076519 0.013458119 2.0952431e-08 0.8235097 0.45317826 6.3663674e-10 3.8614453e-06 0.15767731 0.032378085 0.44869936 0.003222349 0.20441988 1.4938979e-10 0.54413486 0.3536026 4.6915062e-07 1.9264915e-08 0.19174959 5.492574e-09 0.0061851493 0.22874962 0.07284392 0.006383696 0.006071646 4.4033738e-10 5.079423e-07 0.14055501 0.2414235 0.050843056 3.7493016e-11 2.3432746e-07 0.001176962 3.756199e-05 0.0008176669 6.1807076e-10 0.016567202 0.33280417 1.1990748e-07 0.0004006799 2.7445982e-10 4.3954467e-05 0.010286117 0.00047263977 6.257997e-08 0.015459887 0.05876682 0.0006851816 0.094712935 0.016422246 1.2324725e-06 2.1063575e-05 6.4019246e-06 0.0031265677 0.00048152532 0.0058276798 1.6137437e-09 1.6025406e-07 3.6337555e-10 0.0029561068 0.009303782 0.014129952 0.0012413178 0.049982175 0.010602811
0.91231686 0.035412237 0.0038467764 0.039330173 0.0033073283 0.0005343515 0.0016821686 0.0007620363 0.010874485 0.0018475994 0.9418779 0.11102351 0.037052155 0.4760914 0.00034174987 1.0059737e-05 0.00043960445 0.009973423 0.030364348 1.2328611e-05 0.0024815088 0.045038432 8.778065e-16 4.2708853e-06 0.6546825 8.537364e-07 4.0217354e-05 5.294766e-07 8.656774e-06 0.94469184 1.0592455e-06 1.0629908e-06 0.00027972768 5.821877e-07 0.000266861 0.0006784721 2.079847e-07 0.8461037 0.000220743 5.7271474e-05 0.0002156659 0.8775991 2.1146741e-07 0.009823506 3.3784534e-05 0.00024689152 0.33322886 9.517405e-06 0.2595267 1.3213531e-07 0.003744834 0.022418099 0.00011131319 4.114115e-06 0.28381714 1.2450184e-06 2.9516643e-05 0.02077807 8.132291e-05 1.1799993e-06 6.7653104e-07 3.7098152e-07 0.0018298737 0.5817113 0.5719189 4.3971345e-06 2.1537947e-07 8.659696e-08 8.82352e-07 0.009368247 0.0210962 1.1668169e-08 0.046713028 0.009636712 7.8623525e-06 3.304843e-07 1.253473e-07 0.006485793 0.5049414 1.8887993e-06 1.0579447e-07 0.0028359834 0.14135283 0.3432167 0.00058372103 8.4635053e-07 1.5031782e-07 2.7666338e-06 0.0015774287 0.017277412 0.010012271 4.9153954e-07 1.5368018e-06 5.765756e-07 3.778771e-08 0.00043784862 2.3897367e-06 0.00017036889 1.0052079e-06 0.034823224 0.002444659
0.8486683 0.0037421153 0.028332423 0.0006145918 0.021978013 0.41663235 0.0005158608 0.004346912 0.00021557254 0.06375085 1.5118444e-05 1.9088844e-05 0.0035546417 5.244616e-07 0.027991435 0.8123161 5.7914698e-05 8.1930675e-06 6.894756e-08 0.9325583 2.0658314e-07 8.854257e-08 4.2708853e-06 9.325826e-16 0.00010085631 0.70511794 0.1917896 0.981528 0.102118075 7.870275e-08 0.419692 0.42571917 7.788719e-09 0.08651902 0.009232963 0.0055367914 0.5007292 1.3529569e-06 0.059828542 0.0045280913 2.4308907e-08 6.403381e-07 0.4667778 1.0913547e-05 7.1158986e-08 8.1361155e-05 5.0723386e-08 0.07428412 5.3371302e-08 0.008587044 2.8445912e-08 6.378188e-08 0.0016453527 6.819302e-07 0.0002004622 0.5704947 0.0007897881 5.900615e-08 9.431584e-08 0.00057756377 0.00010233549 1.845349e-05 0.0010253439 4.3226883e-06 2.306354e-05 2.9233795e-06 9.970435e-06 0.22619438 0.1360694 0.001112223 0.0024808464 0.1128998 0.0035569356 1.8974318e-07 6.4755664e-06 0.01725269 4.518603e-05 3.2617743e-05 5.818904e-08 0.0014174455 0.041223545 8.432463e-09 2.9961038e-06 1.4738889e-07 6.3529214e-08 8.034048e-08 0.14201975 0.0029716345 0.0015550775 3.832287e-08 0.0027465834 2.9238983e-08 0.0002797725 0.0048957774 0.03074633 3.2349114e-08 2.0664492e-08 1.1439621e-09 1.9411354e-07 8.145451e-06 3.0841843e-08
0.99544865 0.0747679 0.103056505 0.22820218 0.03016569 0.025336681 0.4028245 0.014658157 0.66817296 0.003479971 0.93197143 0.4295261 0.20976153 0.4437818 0.0031327165 0.0010512191 0.11864647 0.061174434 0.23423813 8.710699e-05 0.16982049 0.3162656 0.6546825 0.00010085631 1.3841974e-12 1.2142347e-05 0.007819067 1.1763807e-05 0.014643709 0.45972964 0.00018455522 3.7184702e-06 0.047709286 5.6190316e-07 0.00044580066 0.0013210943 4.3373784e-05 0.84077626 0.008214918 0.00029335622 0.034690563 0.26630905 4.0244166e-07 0.019052235 0.0129042715 0.0051874514 0.0657213 0.002834361 0.028344797 8.959176e-08 0.04409531 0.02217401 0.00032807377 6.4112086e-05 0.6864547 3.061952e-06 0.0024931156 0.0122607825 0.0006923115 0.011395351 0.013227263 1.8965824e-06 0.0012209866 0.2586044 0.6067742 0.02504648 2.5949351e-08 1.5345113e-06 0.0015015398 0.038409464 0.24561653 4.1516347e-07 0.66713256 0.0017968371 0.00017997593 0.0007401396 1.1755249e-07 0.05015521 0.1790552 0.0006446901 1.25303195e-05 0.0034555993 0.02229917 0.15191549 0.002864232 0.0006455823 1.2257519e-05 0.00075016945 0.010291791 0.0017281342 0.07192787 0.00026485827 5.4640327e-07 4.375249e-06 5.4027936e-08 0.00048727574 0.00082728674 0.001029875 1.4821574e-05 0.1131566 0.0059558824
0.12464306 0.001379888 0.010221783 0.0019623754 0.011165794 0.2719244 3.9853072e-05 0.016315484 3.6827303e-06 0.09822321 8.768053e-06 2.2991726e-07 0.0011304311 7.359082e-08 0.04076194 0.9332085 2.825482e-06 0.00017858218 5.3970155e-08 0.9418203 7.0983845e-08 8.957052e-09 8.537364e-07 0.70511794 1.2142347e-05 5.887693e-17 0.0070367875 0.772737 0.0022168667 3.7736502e-08 0.0125070885 0.9402809 1.8323076e-10 0.74312425 0.009018661 0.0061532576 0.0030710972 3.4372079e-07 0.00014233578 0.030702136 6.02851e-10 6.260397e-08 0.76530534 8.888849e-05 1.5906664e-08 1.2567467e-07 1.04926535e-07 0.00024612207 9.877954e-09 0.11182323 2.0568838e-10 3.3633903e-08 0.0029566018 1.8135506e-05 1.1412044e-05 0.10268959 2.180392e-06 2.826375e-09 5.6389443e-10 4.0365708e-07 1.855855e-07 0.00069359614 0.0023644976 7.2257143e-07 1.2386304e-06 8.976417e-08 0.001256198 0.00087613746 5.9734586e-05 0.003508404 0.0029416268 0.0635586 0.00039076677 1.1237274e-08 0.0008672632 6.414196e-06 0.000630364 0.0003677333 5.962474e-09 5.1563457e-06 0.00016279178 9.0564267e-10 8.206533e-08 3.969955e-09 6.222169e-09 3.5700645e-10 3.9743954e-05 2.3238588e-06 0.0013167767 1.2974737e-09 0.0021893885 1.2334596e-09 0.002808175 8.409002e-06 0.00081448955 1.13626795e-10 1.6756229e-09 4.5658224e-11 1.6710853e-08 2.5357933e-06 1.4165987e-08
0.9818127 0.03509692 0.36627007 0.030806229 0.33215198 0.62282526 0.048785254 0.0269654 0.01125222 0.19537567 0.00044715145 0.0010997786 0.15264536 0.00021288372 0.10999699 0.24930006 0.0150230555 0.00031916943 7.250254e-05 0.21976154 0.0005672305 6.330578e-05 4.0217354e-05 0.1917896 0.007819067 0.0070367875 1.1829042e-15 0.052614465 0.92848516 8.02652e-06 0.7224394 0.01055796 4.8156595e-05 0.003469966 0.010551045 0.0099838665 0.5642074 0.00010628642 0.8859914 0.006331273 1.8630342e-06 5.1165283e-05 0.013685602 4.7149828e-05 0.0002510571 0.022523664 1.1019507e-06 0.9040212 2.9269071e-07 0.0022588007 3.020468e-07 3.1376823e-07 0.0071750423 3.7477882e-06 0.002404364 0.08163476 0.083227344 1.670049e-07 5.6586596e-05 0.21281855 0.1464604 0.0024677056 0.008306985 9.0667934e-05 0.0005257226 0.007082066 0.0001087676 0.28160584 0.6226609 0.024970774 0.065081865 0.0011583553 0.02886063 7.296248e-07 0.0034593728 0.2175186 0.0018346633 0.0033026508 3.2953908e-06 0.054781668 0.20303331 2.4358059e-08 3.0004003e-05 1.3157643e-06 6.1416665e-07 4.5140197e-07 0.3244893 0.1971795 0.0154723795 6.5033284e-08 0.047508717 7.3308985e-07 0.00073596893 0.043684784 0.001990255 1.4502899e-07 1.8310352e-07 1.2906472e-08 1.6537184e-05 7.792019e-05 3.110512e-06
0.091125004 0.0022326296 0.0097804675 0.0005904846 0.0074644075 0.20053314 0.00037111438 0.0048246672 3.5146943e-05 0.02878778 2.2984099e-05 3.0029133e-07 0.00053425896 2.452584e-08 0.013107278 0.76626074 5.7514553e-05 1.910396e-05 4.8419246e-08 0.9313254 4.8052154e-08 1.2135868e-08 5.294766e-07 0.981528 1.1763807e-05 0.772737 0.052614465 1.655647e-16 0.032771204 6.9697386e-08 0.30063307 0.593243 6.8610206e-10 0.17619032 0.0024672134 0.0018052708 0.2010838 3.88458e-07 0.0072598513 0.007078059 9.809754e-10 5.195026e-07 0.5221891 1.8293615e-05 1.05840286e-07 7.3625083e-06 2.8458274e-07 0.017500598 7.848658e-08 0.012026762 1.6463318e-09 2.3655845e-07 0.0004996077 6.448414e-06 4.5512425e-05 0.44739604 9.121067e-05 3.458546e-08 9.501256e-09 1.5924164e-06 4.723088e-07 1.3541221e-05 0.00031568212 2.2786571e-06 2.2738803e-05 6.437538e-08 2.116173e-05 0.015424049 0.0024051818 0.0005568341 0.0006707157 0.10934146 0.00053666596 1.717528e-07 9.726072e-07 0.000163505 1.7114116e-05 1.9758706e-06 8.110534e-09 7.5518874e-05 0.0051602987 1.36300535e-08 9.898247e-07 7.0302826e-09 5.1987698e-08 1.7584443e-09 0.0021848516 6.921329e-05 0.00042207257 5.1427884e-09 0.000728204 9.401639e-09 7.065983e-05 0.0003595049 0.012820211 1.8497253e-09 4.435898e-09 1.5942246e-10 1.3430206e-07 4.5014567e-06 7.4851144e-08
0.9555988 0.1282117 0.6691717 0.06889223 0.7399814 0.70475423 0.116053805 0.045956355 0.008669598 0.22683974 0.0016285146 0.0005238982 0.1848227 0.00013016065 0.09761458 0.17120843 0.103714354 0.0008491585 0.00046410828 0.08969536 0.0054721944 0.00024758757 8.656774e-06 0.102118075 0.014643709 0.0022168667 0.92848516 0.032771204 2.4272702e-17 6.976445e-05 0.6428067 0.00619206 0.000110664565 0.0033572156 0.0053397855 0.0046837013 0.4126095 4.7178346e-05 0.95644814 0.0047299154 4.8984646e-05 0.00019508704 0.002331004 6.85559e-05 0.000838721 0.4752357 2.0338271e-05 0.91676235 1.743609e-05 0.00078826025 3.1315258e-06 6.3146263e-06 0.003950317 4.413717e-06 0.00523115 0.042303335 0.6628119 2.9529635e-06 0.0009535312 0.19722456 0.15735401 0.000108427295 0.009265354 0.00015258069 0.00031290928 0.078957446 9.061719e-05 0.18853842 0.5625429 0.02550131 0.031628188 0.00036951108 0.022508336 8.45522e-07 0.0012669255 0.2911034 0.000121608144 0.001999564 4.3389053e-07 0.28991526 0.35215276 1.4061493e-07 4.7444235e-05 2.3771351e-08 3.3868503e-07 2.0941483e-08 0.06081388 0.06447343 0.023090959 9.511682e-09 0.043281853 1.7404061e-07 0.00016701917 0.047316782 0.00024293011 2.0868487e-07 7.0851254e-09 1.5983943e-08 4.6191417e-05 0.0007471696 1.3321917e-05
0.9751559 0.0075727007 0.00016633264 0.0050816303 3.9717317e-05 1.9176362e-06 0.010296364 0.00033606144 0.21004458 4.404878e-06 0.19950205 0.11866546 0.0016677692 0.5878004 1.0421205e-06 7.8455145e-08 0.005183933 0.0006499591 0.2849333 1.8652679e-07 0.060139187 0.584877 0.94469184 7.870275e-08 0.45972964 3.7736502e-08 8.02652e-06 6.9697386e-08 6.976445e-05 2.4737707e-13 4.109956e-07 1.5309365e-09 0.018700017 3.26651e-10 4.1627736e-08 5.807382e-07 5.7502564e-08 0.5393841 0.0009915709 2.2314426e-08 0.04518098 0.91394436 4.796283e-10 0.0007538122 0.0054691294 0.003248079 0.7817977 9.9777935e-05 0.6293189 5.1354997e-11 0.29801014 0.35419276 6.076876e-08 8.550401e-07 0.1945207 1.5147379e-09 0.00016011987 0.2817207 0.0017880115 9.9989165e-06 1.1841291e-05 2.3859312e-10 1.6646482e-06 0.5753529 0.46458206 0.0009318691 8.117552e-11 2.2469837e-07 6.964367e-05 0.00018855058 0.00088854 5.1884648e-09 0.028880082 0.044706035 2.8171554e-09 9.0472e-06 8.074793e-11 0.00075935724 0.4696649 1.657364e-05 1.9810178e-08 0.027920684 0.26211134 0.164595 0.010438236 0.0029393425 7.1875947e-06 1.1539448e-06 7.573884e-07 0.031343408 0.0007604014 0.00028605745 1.6188358e-10 3.0101543e-08 5.5028054e-10 0.0052098236 0.0013406354 0.013460641 2.2837228e-05 0.1787121 0.013874154
0.7349922 0.00093426055 0.03828683 0.0011209731 0.023273533 0.23436797 0.0011975248 0.0003865934 0.00010128658 0.030318687 8.360305e-06 1.217896e-05 0.0055322754 3.3068247e-06 0.01842194 0.1719666 0.0003015384 3.4750178e-06 7.775068e-08 0.32493302 1.2524962e-06 2.1800412e-07 1.0592455e-06 0.419692 0.00018455522 0.0125070885 0.7224394 0.30063307 0.6428067 4.109956e-07 4.0849831e-16 0.019963626 1.5732977e-07 0.003334023 0.0035006132 0.0031257865 0.9937911 6.852138e-07 0.36716098 0.0024676584 1.3793279e-07 1.04516375e-05 0.03300443 2.4549008e-06 7.8503234e-07 0.00031210075 1.0280467e-07 0.42451054 2.293446e-07 0.0030539415 1.6866156e-08 5.574913e-08 0.0012710638 2.178064e-08 7.4279524e-05 0.20404644 0.0017991014 4.7053586e-08 4.769085e-08 0.0052409065 0.0030477731 0.0005528383 0.0020003116 3.1595287e-06 3.3244232e-05 0.00014624352 0.00025710708 0.5765328 0.19455883 0.0016301866 0.0023603048 0.006922713 0.0020443974 3.1869156e-08 0.0006592473 0.023548402 0.0008578319 0.00011475698 2.6214917e-07 0.0053637153 0.32865623 7.075807e-09 4.3381564e-07 4.18536e-08 9.08079e-08 4.2725938e-07 0.11856885 0.023182914 0.0054843966 3.6083637e-08 0.0049638483 2.695843e-07 0.0010000343 0.013331692 0.016328707 5.8430828e-08 2.6202654e-08 3.572253e-09 1.742953e-06 6.984963e-06 8.4343776e-07
