2.5020502e-15 0.94670826 0.97692734 0.8262714 0.884822 0.97819716 0.386995 0.33017635 0.9896038 0.9856645 0.5482002 0.7434413 0.834372 0.9314255 0.41260973 0.51424336 0.9754773 0.8193547 0.9766319 0.9811836 0.034334462 0.9807954 0.095398165 0.9402853 0.9696197 0.12811959 0.70437264 0.9043057 0.9736035 0.96776485 0.98308694 0.94466466 0.9323859 0.9415498 0.8343496 0.9659421 0.9783777 0.9775257 0.95913166 0.9708614 0.23662393 0.98249954 0.95960885 0.7348052 0.98362565 0.28285897 0.9765962 0.9940219 0.9567723 0.6612129 0.8815947 0.95727015 0.7689022 0.0023276142 0.9255689 0.000540121 0.97986466 0.2568595 0.9507573 0.95388716 0.9893172 0.9044748 0.9155934 0.05356416 0.039905496 0.00012147544 0.97938657 0.0075836037 0.9264151 0.8858009 0.99573004 0.94686455 0.98658556 0.67149496 0.8869935 0.83756083 0.016958844 0.049759354 0.996917 0.004699231 0.99899673 0.97777605 0.99847496 0.92650354 0.9953668 0.99966305 0.9966934 0.14904505 0.99930465 0.99735236 0.99794114 0.13488449 0.9986936 0.93929374 0.83371764 0.4808853 0.026333112 0.999886 0.28837317 0.0034131764 0.9998438
0.94670826 2.1459683e-13 0.3899198 0.6947119 0.45968467 0.9059222 0.97058046 0.6880951 0.86034656 0.7085161 0.023399506 0.19340307 0.024612732 0.025486408 0.009489372 0.5295815 0.13808036 0.05171525 0.29334188 0.47271833 0.034406535 0.027363779 0.022270102 0.015492808 0.008396951 0.09047177 0.015882581 0.0064268988 0.09665174 0.012715143 0.05904067 0.0028171116 0.0048422874 0.00041025394 0.0062026335 0.22196393 0.063817605 0.095177 0.001271105 0.001098492 0.0003807354 0.00012065707 0.0038781601 1.5494519e-06 0.10773461 0.013914118 0.006033058 0.21154799 0.0025678314 3.5747562e-06 0.00016803783 0.00056284043 5.2258615e-06 0.0016736923 0.00091632357 3.721924e-05 0.0214752 7.757407e-05 0.011339148 0.0055346955 0.0037719344 2.2631388e-05 4.2513653e-05 1.0142664e-06 3.482728e-06 3.945556e-06 0.005312563 5.821761e-07 9.64524e-05 8.205192e-05 0.01068754 1.9255694e-06 0.020199288 3.2513766e-05 1.4911689e-05 0.00032318063 6.726002e-08 1.0176149e-06 0.013543457 7.926017e-07 0.09446168 3.4731507e-05 0.064580895 1.4303893e-07 0.020598488 0.005223002 1.7517143e-05 7.7084974e-07 0.051657815 0.0011160753 5.4347765e-06 0.00025459734 0.022474367 4.2197316e-06 3.124456e-06 2.7891772e-07 2.2922927e-06 0.00036470965 1.9853108e-08 5.595327e-05 0.0026854714
0.97692734 0.3899198 4.33569e-15 0.89338297 0.90435773 0.3110379 0.7466683 0.0002678117 0.82016635 0.2553698 0.05308459 0.00068036286 0.22012283 0.8137014 0.84120035 0.007934314 0.01178969 0.0012044978 0.5823882 0.20205614 0.5517571 0.00019096538 0.53305095 0.0002243148 4.6550587e-05 0.00012946021 0.4752858 0.0002684382 0.26206487 0.47599682 0.40386498 0.088677116 2.1036292e-05 0.09800486 0.00010555125 0.07188634 0.041972693 0.041511115 2.8178787e-05 1.7147984e-05 8.149786e-08 0.0014388878 0.0013368332 4.9255457e-05 0.07890324 0.00032120367 0.001240535 0.14326964 0.00088618573 6.3367365e-06 0.00036862076 0.00023527503 4.000072e-06 2.8368746e-05 0.00088245765 0.0007564079 0.0067357016 3.54477e-06 0.025469398 0.016879346 0.044140745 2.338823e-05 2.2189404e-05 4.7309769e-07 2.6473035e-07 2.129817e-05 0.0051619895 2.9235287e-07 1.2520258e-06 4.193957e-05 0.0075888853 2.36668e-06 0.04943174 4.933488e-06 1.2690973e-06 0.00013060866 2.5470461e-08 1.3902859e-08 0.061135765 8.972288e-07 0.053655934 0.0010219087 0.050831757 1.3530448e-06 0.0055617522 0.019985236 1.7388882e-05 6.4135503e-07 0.026115892 0.0052186525 4.820174e-06 1.16471064e-07 0.0045974646 7.966864e-05 6.1254585e-05 1.1233698e-06 1.534703e-06 0.00019972408 4.0556845e-08 1.8147184e-05 0.0036799556
0.8262714 0.6947119 0.89338297 1.9703792e-16 0.9496706 0.5177358 0.8450004 0.0036702172 0.82227266 0.53878367 0.008325722 0.0026522845 0.022912482 0.15171427 0.2861028 0.020097764 0.03478891 0.0019985307 0.28537148 0.2960149 0.84347355 0.0016427257 0.19736044 0.0012812846 0.0011329312 0.0008407323 0.07042334 0.0003847226 0.13712789 0.05966788 0.07456802 0.0068917456 0.00027683467 0.0036461537 0.00011040934 0.10134315 0.031429343 0.056528024 0.00011929823 0.0002323735 1.4809508e-05 0.0001383695 0.0024438417 2.1385547e-05 0.02425905 2.8399414e-05 0.0010531768 0.053564694 0.00075043284 2.3426994e-06 0.00017139605 0.00031722974 1.9976292e-06 0.000116286574 0.00014395082 1.5109855e-05 0.002799345 1.423676e-05 0.0021983136 0.0013720094 0.001327012 4.2668185e-06 7.4062264e-06 7.7143665e-07 9.316655e-08 1.4021613e-07 0.00059379725 3.3564166e-07 1.9397337e-06 5.880168e-06 0.00059709704 1.8230386e-06 0.004229185 5.993731e-06 3.5922383e-07 7.948495e-06 2.2605168e-08 1.1604427e-08 0.0036596688 7.5861415e-08 0.041250806 0.00073920394 0.0034430842 2.5821316e-07 0.0024669312 0.0014466832 2.3547671e-05 7.258708e-07 0.020829514 0.00055982947 4.4032586e-05 6.869995e-07 0.0022226863 1.943388e-05 2.9609268e-06 2.4084473e-08 4.2147383e-07 0.00035596907 7.030297e-09 3.436308e-06 0.0014036773
0.884822 0.45968467 0.90435773 0.9496706 5.1706835e-16 0.3939814 0.81424344 0.0028952337 0.8480888 0.361865 0.027719408 0.0054545994 0.077701725 0.33424908 0.66554856 0.007982715 0.0060446337 0.0008114415 0.50788105 0.10311372 0.86487997 0.00031217665 0.36942795 0.00025845206 0.00012504851 0.00040373608 0.23648357 0.00056037033 0.24277902 0.14114925 0.13834192 0.041431792 4.4839904e-05 0.025948217 6.44838e-05 0.031677544 0.008077144 0.023795467 1.6818045e-05 1.15908515e-05 2.5466943e-06 0.0017540931 0.00033318836 0.00021192945 0.030682044 3.7971284e-05 0.00011288371 0.04282648 0.00015077229 4.6447356e-05 0.00042861112 0.00010052722 1.9618587e-05 8.520166e-06 2.0820162e-05 0.00017784235 0.00053791853 9.71235e-06 0.011661747 0.008948473 0.009776384 8.890519e-07 1.7655734e-06 1.471331e-06 1.0539544e-06 1.3820609e-06 0.0058302865 1.0571898e-06 5.274284e-07 1.6165604e-06 0.005746302 6.184369e-08 0.009739825 8.8006615e-05 4.5524807e-08 0.0004065091 5.7397262e-08 3.1177496e-08 0.004499225 3.9661938e-07 0.020701258 5.5408404e-05 0.007103285 3.4146933e-07 0.00092449324 0.0072283274 6.4952346e-06 3.1253767e-06 0.015853005 0.0017307607 2.3657087e-05 7.2141125e-07 0.0019474662 1.4853673e-06 5.0654234e-07 4.6297234e-08 1.9111112e-06 6.95158e-05 2.5572628e-09 4.759022e-06 0.0019663982
0.97819716 0.9059222 0.3110379 0.5177358 0.3939814 1.1722166e-13 0.6733706 0.93894655 0.65576315 0.8104757 0.0060153715 0.38733867 0.010312392 0.021100972 0.008167722 0.5788293 0.3057395 0.09762836 0.023763705 0.75740266 0.0066366014 0.049575567 0.0051576663 0.0278155 0.012907435 0.10395731 0.0027190736 0.043914866 0.07165616 0.00022944932 0.0016349541 7.100914e-05 0.012241107 2.3148861e-05 0.023325628 0.50215364 0.14177161 0.23606159 0.0022249278 0.0012237938 0.006516119 8.7426145e-07 0.0033792143 4.352293e-06 0.1279467 0.078395404 0.0048650918 0.25766906 0.0017778513 2.376174e-06 0.00043088014 0.00030499394 8.0485455e-07 0.00039813263 0.00028800173 1.1168072e-05 0.03654768 0.0016982731 0.0008178767 0.00071486976 0.0005188814 8.63047e-06 8.456273e-06 1.15743715e-05 5.1080207e-07 5.198138e-07 0.00013387628 1.1059687e-07 0.00012775077 0.0001198376 0.0001691261 6.737567e-07 0.009076355 5.9797203e-06 8.325901e-06 1.1453562e-05 3.8161087e-08 8.373582e-08 0.014929406 2.0166893e-07 0.19395305 0.00011051079 0.03894344 9.031613e-06 0.031396993 0.001106652 8.7304004e-05 1.1670908e-06 0.07346842 0.00071638724 5.938889e-05 0.0001292622 0.034237474 1.4655247e-06 4.2776846e-06 5.7259103e-06 3.5122684e-07 0.00024300009 1.1933594e-07 1.1447066e-05 0.0024619373
0.386995 0.97058046 0.7466683 0.8450004 0.81424344 0.6733706 5.673252e-17 0.061048865 0.5623129 0.5525758 0.0069812015 0.21867016 0.019504195 0.02067525 0.04098036 0.8336711 0.05462198 0.16267857 0.06448279 0.3109746 0.84119195 0.006381374 0.063353784 0.0079242345 0.004674659 0.06761708 0.0040054354 0.0007922462 0.020735089 0.004570134 0.011464974 0.0008018705 0.0021235421 2.0948706e-05 0.0011241623 0.10274826 0.01767673 0.021413479 0.0016470889 0.0009940036 0.00025414224 1.8034001e-06 0.0038473068 1.5184522e-05 0.0029544428 0.0013043006 0.00033807693 0.006998073 0.00027760453 9.191921e-07 8.443693e-06 0.000116969815 5.2321038e-08 0.0065133693 4.5461406e-05 2.2642625e-06 0.0008315617 4.4658274e-05 7.638779e-05 3.226185e-05 0.00011317918 3.308664e-06 3.2200232e-06 0.00012739794 1.07039035e-08 2.5924072e-08 6.271108e-05 1.4888276e-08 4.107991e-06 7.747349e-06 0.00010089055 1.3922849e-07 0.00010738422 1.8599685e-06 3.8274348e-07 3.5467053e-07 2.1908875e-09 3.063925e-09 0.00018726249 2.6652154e-09 0.010829233 3.4232493e-05 0.00046301348 3.1891457e-07 0.00062937767 0.00011563697 4.5616907e-06 5.260139e-07 0.003794569 4.3232117e-06 2.2547909e-05 5.7701204e-06 0.0003729135 1.0709459e-06 3.7305554e-07 1.5732233e-08 2.0889622e-08 3.8591945e-05 1.6198916e-07 4.339209e-06 2.8333949e-05
0.33017635 0.6880951 0.0002678117 0.0036702172 0.0028952337 0.93894655 0.061048865 6.7094766e-18 0.24490295 0.9307275 0.00016452358 0.8217732 0.00055467273 1.4785356e-06 2.057237e-06 0.019998707 0.88316077 0.048083246 0.0038738833 0.84832674 2.976405e-06 0.4812995 5.864372e-07 0.102580376 0.15949842 0.0016905427 6.713837e-08 0.0001397471 0.014188447 0.0004153968 0.0019590096 2.7337808e-06 0.008734787 1.657914e-07 0.00041310114 0.2495912 0.26420182 0.12797238 0.005979099 0.010327021 0.0030174765 2.6462482e-07 0.009547113 6.7585466e-07 0.008478925 4.1227224e-05 0.0026323672 0.015274178 0.0021046367 8.9732544e-07 0.00024292618 0.0013293667 6.6150685e-09 2.6792679e-05 0.00085563975 4.5580655e-09 0.020600094 9.851058e-07 0.00028775437 0.00029475222 0.0003807681 0.00030490028 0.00018166415 2.8325061e-05 3.0772607e-09 8.997475e-10 6.1792205e-05 7.002417e-10 2.4771096e-05 3.6599533e-05 6.904373e-05 4.6994755e-06 0.00046602165 8.209947e-08 1.0520068e-05 3.2161822e-07 4.5450585e-10 9.924594e-10 0.00044276484 6.776411e-09 0.0062248046 0.000117197495 0.00076269323 3.435615e-05 0.006521602 0.00011546284 6.505535e-05 7.194343e-08 0.0022548868 2.5563048e-05 8.882608e-06 6.9190155e-06 0.0017573743 2.930935e-05 2.7293305e-05 2.1463517e-05 8.30184e-09 4.9799008e-05 9.573854e-06 2.041323e-06 7.814217e-05
0.9896038 0.86034656 0.82016635 0.82227266 0.8480888 0.65576315 0.5623129 0.24490295 5.838776e-14 0.7438021 0.35540488 0.032581862 0.2710731 0.3744145 0.31967604 0.1288535 0.043326568 0.00444689 0.6331954 0.3980929 0.013811157 0.0031126474 0.07036375 0.0015997991 0.0007526582 0.0035251547 0.07050192 0.42144135 0.72462034 0.05028821 0.15621008 0.0072849365 0.0010885348 0.0020925973 0.0010787164 0.26982814 0.13142323 0.2993128 0.00032029155 0.0006584373 0.0029637637 0.00017903098 0.0008678047 0.0011393167 0.4690921 0.0018932846 0.0032443812 0.44987226 0.0005065699 7.82306e-05 0.0035837628 0.00017804513 9.933956e-05 2.4978905e-05 0.00021847004 4.589362e-05 0.03340474 9.475157e-06 0.009136164 0.004703475 0.002300919 3.0349386e-06 2.1750916e-06 1.3547387e-06 2.0133853e-06 7.91936e-07 0.00035698863 5.5540073e-07 3.111472e-05 0.00033639537 0.0004636805 1.3767101e-07 0.074743696 8.610189e-06 5.1924426e-06 1.2735658e-05 5.3145286e-08 3.2044412e-07 0.08174387 5.7996436e-07 0.28881773 6.462367e-05 0.13197403 3.322591e-05 0.032784425 0.00522552 0.0013143227 3.3348017e-06 0.169125 0.013428119 0.00045243898 4.164755e-06 0.06627979 3.55057e-07 3.2190917e-07 9.822146e-07 5.1928856e-07 0.00052153907 4.0814328e-08 5.1399475e-06 0.024448453
0.9856645 0.7085161 0.2553698 0.53878367 0.361865 0.8104757 0.5525758 0.9307275 0.7438021 1.7819185e-14 0.0155877685 0.27966237 0.021572232 0.03106081 0.012173406 0.17529936 0.48829976 0.03161715 0.09957815 0.87237924 0.0045801434 0.04334634 0.0040461626 0.014186154 0.0102607515 0.032325864 0.004670715 0.2695293 0.20023134 0.001274623 0.010387605 0.00010098846 0.006832667 5.1985844e-05 0.0067829066 0.71824235 0.4526509 0.5051922 0.0028584541 0.0030890491 0.028506698 2.3285797e-06 0.010204704 4.2462616e-06 0.32223457 0.013282941 0.011353636 0.41441035 0.0034903742 1.3488158e-05 0.00389773 0.0006903274 6.697553e-07 0.00014184008 0.00032374455 6.2767112e-06 0.09202268 0.0012245339 0.0020356833 0.0011454088 0.0003777721 2.2861961e-05 2.4964309e-05 6.35728e-06 1.7716751e-07 2.2553348e-07 0.00027229052 2.7502917e-08 0.00011223609 9.691628e-05 0.00022878658 1.1737266e-06 0.020850448 1.0088571e-05 1.7183114e-05 1.5750496e-05 1.0257723e-08 6.3002346e-09 0.04026821 5.1692055e-08 0.36230096 0.00032061117 0.06347055 0.00013177874 0.094423115 0.0006281892 0.00030895512 5.4834567e-07 0.14026989 0.0012150973 0.00018751052 4.8514114e-05 0.06322378 4.307388e-06 1.8870825e-05 6.1390434e-05 1.7243818e-07 0.00022695982 3.2690298e-07 1.947387e-06 0.0038184156
0.5482002 0.023399506 0.05308459 0.008325722 0.027719408 0.0060153715 0.0069812015 0.00016452358 0.35540488 0.0155877685 1.2824485e-16 6.639158e-06 0.963186 0.067890175 0.019210726 2.1663194e-05 0.000108628075 1.0386366e-05 0.931454 0.004191017 0.0003295526 3.152696e-06 0.0032953597 2.8796628e-06 1.7603816e-06 1.2856445e-05 0.04202039 0.045253113 0.13247727 0.8659817 0.77982354 0.7106875 8.93096e-07 0.60989857 1.5323484e-06 0.0036996084 0.0005936135 0.004302136 3.4096838e-06 2.3551186e-06 1.8473587e-06 0.06825094 2.0415878e-06 0.012094509 0.016804866 2.450078e-06 7.087386e-06 0.005892178 8.931511e-06 0.00981372 0.06737073 1.8972338e-06 0.00020407312 4.4539186e-07 9.915182e-06 7.398524e-06 0.00020022392 3.350337e-07 0.044478964 0.022387419 0.037487555 2.3955392e-06 2.6492671e-06 3.0035075e-08 1.0937945e-06 7.484226e-07 0.0049713887 2.8103932e-07 7.3084976e-07 2.717646e-06 0.004876772 2.9361454e-06 0.020529745 0.0014469475 1.9496605e-07 0.00021470568 7.6158216e-07 2.8884067e-06 0.006406084 3.4659968e-07 0.0012731772 8.742081e-07 0.005441008 7.8051855e-08 0.000637758 0.008965934 0.00018607156 0.00018671503 0.0008224355 0.0024091678 0.00013989431 6.825174e-08 0.00040279017 5.7419464e-07 5.049218e-07 5.8408625e-09 1.5815226e-06 2.4758615e-06 3.6798808e-09 3.9337156e-05 0.0014192904
0.7434413 0.19340307 0.00068036286 0.0026522845 0.0054545994 0.38733867 0.21867016 0.8217732 0.032581862 0.27966237 6.639158e-06 1.7837106e-18 9.788273e-06 6.7360293e-06 1.3698416e-06 0.60295224 0.8610898 0.83935666 0.001187318 0.28638154 6.519596e-05 0.92102677 6.227473e-06 0.90189356 0.8528308 0.4505492 3.3477932e-06 9.500541e-05 0.00698541 8.408212e-05 0.00019625838 5.3740956e-07 0.4579582 2.2125798e-07 0.17088082 0.14513433 0.0753158 0.031464297 0.1802218 0.043113858 0.038924046 2.0839191e-07 0.0228302 4.976878e-08 0.007302089 0.010447034 0.012159042 0.014769538 0.013033387 2.8749842e-08 1.582189e-05 0.006692248 7.2911945e-08 0.0020534473 0.0018807927 2.139594e-08 0.018888455 0.0021721132 0.00026755157 0.00014519805 0.00021231118 0.00048688252 0.0006205071 0.0013980515 4.329027e-09 7.177193e-09 0.00015827133 1.4445957e-09 0.00047804855 0.0003306503 0.000156617 0.00014020671 0.00031815318 1.9064791e-07 6.543871e-05 1.3700945e-05 3.3093733e-10 7.927819e-10 0.0009814632 4.150825e-08 0.011280855 0.0005215585 0.0018021674 3.3213887e-06 0.007114926 0.00025566595 2.0660521e-07 1.5901719e-08 0.006553064 4.7757643e-05 2.6032963e-06 6.798731e-05 0.005075828 0.00012198681 0.0003683609 6.482069e-05 3.8267356e-08 0.00013137143 4.3564e-06 2.9940645e-06 9.352152e-05
0.834372 0.024612732 0.22012283 0.022912482 0.077701725 0.010312392 0.019504195 0.00055467273 0.2710731 0.021572232 0.963186 9.788273e-06 9.2669534e-17 0.6151699 0.24782181 1.4735264e-05 8.6349035e-05 4.245707e-06 0.91447604 0.0064833406 0.0064220764 1.0531446e-06 0.05803132 1.881746e-06 5.580858e-07 1.4405119e-06 0.501234 0.005671743 0.083063774 0.84181803 0.67153823 0.83485126 7.4754803e-07 0.7627592 4.180322e-06 0.0028935072 0.00036935552 0.002996564 3.9657775e-07 2.9071265e-08 1.6846432e-06 0.14418556 6.29353e-06 0.0239583 0.023400731 4.88186e-06 4.283734e-06 0.0038845416 8.412804e-06 0.004006832 0.007038603 7.895286e-06 0.002088618 3.2678832e-07 5.5634196e-06 0.00023771828 2.9997935e-05 1.0279639e-06 0.05117506 0.024961041 0.03446449 1.2302507e-06 1.3597688e-06 2.30117e-08 0.000118987475 4.9403716e-06 0.019931424 3.35074e-05 7.290676e-07 4.148704e-06 0.025794333 2.2137492e-07 0.050556682 0.0037293646 3.1222065e-08 0.0014620058 1.07791e-05 3.0153768e-05 0.022411708 1.25944525e-05 0.0023054043 4.0184973e-06 0.016740547 3.5381802e-08 0.00020602961 0.046567146 5.648911e-05 0.00032953374 0.0044041197 0.012329987 6.170758e-05 4.9562254e-07 0.00054528646 1.5086484e-07 4.778673e-08 2.0581366e-09 7.308508e-06 4.131304e-06 5.1422167e-10 3.696575e-05 0.0057235193
0.9314255 0.025486408 0.8137014 0.15171427 0.33424908 0.021100972 0.02067525 1.4785356e-06 0.3744145 0.03106081 0.067890175 6.7360293e-06 0.6151699 8.147581e-15 0.4960239 0.00012581948 0.00036456637 3.6846313e-06 0.64638007 0.01898214 0.032756515 1.6930657e-07 0.53917336 4.5094117e-07 8.502576e-08 4.431264e-07 0.9883364 6.2481336e-06 0.10223567 0.3576211 0.26725042 0.10809604 2.2765403e-07 0.13172328 3.7264132e-07 0.011745636 0.0022093172 0.008500291 2.408458e-07 5.0499043e-08 2.7776619e-09 0.0023103496 1.2497561e-05 0.0002352398 0.018820925 3.3045142e-06 5.955127e-05 0.034420583 3.6072444e-05 3.2031257e-06 1.2262885e-05 3.2500602e-06 1.8115112e-05 2.6864907e-07 1.2673495e-06 0.00033946763 0.00050493603 2.8687998e-08 0.00589242 0.0049907104 0.023297 5.605087e-08 8.338647e-08 8.1114315e-09 2.0975242e-06 1.49416965e-05 0.0057196184 7.2977235e-07 7.471236e-08 1.4059541e-06 0.009890789 2.2246853e-08 0.021487925 3.5087014e-06 1.6487302e-08 8.189393e-05 1.0297792e-06 7.2663886e-07 0.014390601 4.4739693e-07 0.010121187 1.2639019e-05 0.013369468 5.1895235e-09 0.0019292156 0.011397852 3.860738e-06 5.312347e-07 0.010412217 0.0029896963 6.934688e-07 5.797387e-09 0.0022243434 7.8490433e-07 5.9465003e-07 7.1073356e-09 6.056306e-07 2.239889e-05 2.695263e-10 9.423655e-06 0.001933533
0.41260973 0.009489372 0.84120035 0.2861028 0.66554856 0.008167722 0.04098036 2.057237e-06 0.31967604 0.012173406 0.019210726 1.3698416e-06 0.24782181 0.4960239 1.8109931e-16 6.9048497e-06 3.5527617e-05 1.2252207e-06 0.34493813 0.008149531 0.94935536 1.1590889e-06 0.98399395 9.205254e-07 1.8957026e-07 6.3965507e-07 0.6639852 5.522958e-06 0.096530534 0.22617379 0.18269475 0.06748244 5.4185936e-08 0.023443297 7.5890904e-07 0.0011174642 6.427787e-05 0.0008451029 6.4045075e-08 5.870608e-08 1.0938846e-07 0.0043211286 3.9050798e-07 0.0002531321 0.0053762496 9.899611e-08 4.5955113e-07 0.0061573875 8.152604e-07 2.4495255e-05 2.0802696e-05 1.8078928e-06 2.0418127e-05 8.681282e-07 6.9732187e-07 0.00025179322 2.1087213e-05 5.2903033e-09 0.0020631698 0.0021865182 0.004605298 8.836592e-08 1.6176284e-07 1.0473732e-08 1.6964075e-06 3.3140989e-06 0.0023672988 1.1755772e-06 4.5511612e-08 7.333101e-07 0.005219655 1.735534e-08 0.0014741365 1.998991e-05 2.9796567e-08 8.607189e-05 8.408665e-08 1.4146244e-07 0.0017086475 6.05853e-07 0.0026071125 3.458376e-07 0.0018754838 1.132636e-08 0.000105880936 0.0025645862 9.891056e-07 1.0695455e-06 0.0015311938 0.00012337956 1.3666239e-06 2.0169242e-07 8.4753716e-05 3.9078945e-08 3.7743897e-09 9.218067e-10 6.9056034e-07 3.5239472e-07 2.0814006e-09 8.1413236e-05 0.00015268913
0.51424336 0.5295815 0.007934314 0.020097764 0.007982715 0.5788293 0.8336711 0.019998707 0.1288535 0.17529936 2.1663194e-05 0.60295224 1.4735264e-05 0.00012581948 6.9048497e-06 1.6689021e-13 0.38016364 0.9057104 0.017201455 0.18729153 0.016377546 0.47167432 0.00034184914 0.5723204 0.31632203 0.9906785 0.00016002874 2.1389023e-06 0.0054601314 8.8225686e-05 0.0010134317 0.00029187888 0.052313603 2.497276e-05 0.115834154 0.14410134 0.018941026 0.0143931545 0.029198227 0.003458278 1.8783154e-05 3.385573e-06 0.013430572 1.2211169e-06 0.0027946208 0.046717916 0.0021032142 0.0050897547 0.001848463 1.0831426e-07 3.7702437e-06 0.00062458945 1.7895433e-08 0.027730431 7.46869e-05 2.7450617e-06 0.004444497 0.0049160663 8.718494e-05 6.997094e-05 0.0001425701 2.0378015e-05 5.11997e-05 0.00054379215 1.256331e-07 1.8398153e-07 0.00021746979 5.1732297e-08 0.00030235102 7.774235e-05 0.0007639795 2.4047216e-05 0.00029928115 1.7529967e-08 1.6479467e-05 0.00010070004 5.9193352e-09 2.8450364e-08 0.0002327927 1.685245e-07 0.0052138274 6.559776e-06 0.0019493104 1.760113e-08 0.0034762674 0.00018718195 2.7856083e-06 2.0815496e-07 0.0049962746 5.768299e-06 2.2305217e-06 0.00094660476 0.0019146384 1.1258321e-06 2.6251632e-06 3.4478282e-07 8.661744e-08 6.9231082e-06 2.0190843e-08 6.6516776e-07 5.700284e-05
0.9754773 0.13808036 0.01178969 0.03478891 0.0060446337 0.3057395 0.05462198 0.88316077 0.043326568 0.48829976 0.000108628075 0.8610898 8.6349035e-05 0.00036456637 3.5527617e-05 0.38016364 2.9818265e-13 0.4267754 0.00039230683 0.7676025 0.00056435616 0.87464094 0.000377513 0.53050387 0.71465755 0.24283513 5.3702282e-05 0.0026378843 0.0054888492 7.873255e-06 4.8905807e-05 8.1328017e-07 0.2631405 2.4026264e-07 0.14465456 0.50738263 0.69825476 0.21401195 0.19727594 0.24955101 0.30158663 1.2257624e-07 0.390132 3.2401246e-07 0.04209805 0.21430859 0.20963967 0.11487892 0.13439567 1.7121903e-07 8.7937566e-05 0.065415196 1.2329599e-07 0.00081172324 0.021221781 3.3380315e-06 0.28389826 0.059003234 7.067465e-05 4.5264263e-05 1.886852e-05 0.0035244084 0.0036392652 0.0023659389 3.1905103e-08 1.4564412e-07 1.00090765e-05 9.954839e-09 0.005868907 0.0043038204 5.374442e-06 0.00080608216 0.00037878836 8.4151503e-07 0.0013633956 7.320468e-07 1.9341226e-09 3.062441e-09 0.0012048454 3.4223643e-07 0.12605934 0.003840754 0.004959306 0.00019682932 0.123537645 2.1876871e-05 2.7111295e-05 2.3699494e-07 0.028954903 1.3977556e-05 4.0673185e-05 0.0020367184 0.04069089 0.0002072429 0.0005867273 0.00038974808 3.260384e-07 0.0030055468 7.2775856e-06 1.4467164e-05 0.0002160828
0.8193547 0.05171525 0.0012044978 0.0019985307 0.0008114415 0.09762836 0.16267857 0.048083246 0.00444689 0.03161715 1.0386366e-05 0.83935666 4.245707e-06 3.6846313e-06 1.2252207e-06 0.9057104 0.4267754 1.0208306e-11 0.00031099783 0.06402092 0.00036043636 0.6612288 8.189307e-05 0.9303417 0.6580039 0.9015858 3.884764e-06 5.782832e-07 0.00063613924 3.369378e-06 1.2345788e-05 1.8175564e-06 0.293554 7.6979816e-08 0.30205342 0.044680078 0.022746764 0.005384937 0.08242195 0.01429902 0.00011399433 2.04124e-07 0.026006287 9.797429e-07 0.0012685619 0.35491076 0.010703594 0.0019220158 0.0116085075 6.227277e-08 3.9023658e-07 0.0052435338 2.8446943e-08 0.02142359 0.0010238577 4.175489e-06 0.01031494 0.026913974 2.691775e-06 1.4246083e-06 1.6404125e-05 0.00022738661 0.00037618465 0.0061944877 2.6466924e-07 1.0572205e-07 2.35823e-05 5.214928e-08 0.0011707719 0.00028981495 1.8666882e-05 3.8762282e-05 5.309349e-05 3.8398505e-07 4.2637454e-05 1.0769195e-05 1.1921224e-08 1.3413621e-08 0.00013828717 4.1388859e-07 0.004101861 0.00023774731 0.00025499996 6.833315e-08 0.0033891657 2.1514523e-05 2.7396703e-07 1.1833305e-06 0.002545427 4.004847e-06 3.8340616e-07 0.0035005065 0.0014881685 7.346864e-05 0.000114792114 9.524826e-07 2.3126488e-07 0.00015256992 4.8497645e-07 7.8461164e-07 1.1050968e-05
0.9766319 0.29334188 0.5823882 0.28537148 0.50788105 0.023763705 0.06448279 0.0038738833 0.6331954 0.09957815 0.931454 0.001187318 0.91447604 0.64638007 0.34493813 0.017201455 0.00039230683 0.00031099783 1.2623306e-15 0.0049492684 0.0020176074 3.9218674e-05 0.053510204 1.872583e-05 3.5532346e-06 1.0697246e-05 0.50731534 0.24913347 0.5755718 0.7457475 0.76571107 0.43292594 1.1998276e-05 0.25783128 2.0825843e-05 0.007803587 0.002227994 0.028544804 7.004628e-06 2.0950572e-06 6.9842436e-06 0.01955463 1.5195314e-05 0.032106843 0.18755855 4.875916e-05 5.6874687e-05 0.11715287 2.5265492e-05 0.002907917 0.01014764 1.718653e-06 0.0054825004 2.284192e-06 5.3463714e-06 0.00050851185 0.0005610684 2.2100945e-08 0.038930476 0.014293721 0.03402634 5.431196e-08 4.72227e-08 1.3623446e-07 0.00026973026 1.1045658e-05 0.0051968493 3.4328183e-05 7.63593e-07 9.876424e-06 0.009409435 1.1573746e-08 0.106926456 0.00015469007 1.1047117e-06 5.919562e-05 4.0547843e-06 3.5434787e-06 0.15067461 4.5822576e-06 0.036111537 1.5058419e-06 0.1470852 3.796465e-07 0.0005696138 0.034356795 0.00075115956 6.174661e-05 0.034174237 0.021561738 0.00010130244 8.632832e-08 0.0013880015 9.202354e-08 2.2698835e-08 1.1611733e-08 8.931314e-06 5.5089633e-05 9.600074e-10 2.272922e-05 0.022171672
0.9811836 0.47271833 0.20205614 0.2960149 0.10311372 0.75740266 0.3109746 0.84832674 0.3980929 0.87237924 0.004191017 0.28638154 0.0064833406 0.01898214 0.008149531 0.18729153 0.7676025 0.06402092 0.0049492684 2.9369333e-11 0.0014067556 0.30179477 0.0015345159 0.08076624 0.06374117 0.1002786 0.00061119476 0.12437637 0.089827895 0.00013948041 0.00056822377 1.7603152e-05 0.034906965 6.6461325e-06 0.032491952 0.8327543 0.7462522 0.6487233 0.015657106 0.025575966 0.064319335 1.2827413e-06 0.15336762 1.5004155e-05 0.15511736 0.08092013 0.077366166 0.2686569 0.028679168 5.3070635e-06 0.0010981231 0.005049715 5.644904e-07 0.0001812554 0.0024676244 1.2916971e-05 0.19524805 0.02028142 0.0008584715 0.00057400856 0.00027149834 0.0009093332 0.00094911415 0.00019803434 2.7086585e-07 3.3017687e-07 2.779835e-05 4.270783e-08 0.0013740923 0.0014883608 4.4187473e-05 4.5908026e-05 0.01245043 2.5819731e-06 0.00038520555 4.9478213e-06 5.1384568e-08 3.1963754e-08 0.028102344 4.216515e-07 0.362753 0.001461641 0.056876104 0.0023054273 0.13337299 0.0011169326 0.0016617363 5.6055146e-06 0.15375373 0.0016014951 0.0011203479 0.00011291279 0.1500292 6.518365e-05 5.7359262e-05 0.00047557804 4.1139558e-07 0.0031334395 4.9192995e-06 4.065149e-06 0.0036578323
0.034334462 0.034406535 0.5517571 0.84347355 0.86487997 0.0066366014 0.84119195 2.976405e-06 0.013811157 0.0045801434 0.0003295526 6.519596e-05 0.0064220764 0.032756515 0.94935536 0.016377546 0.00056435616 0.00036043636 0.0020176074 0.0014067556 6.8307595e-12 3.6429665e-05 0.9715518 5.6361576e-05 1.23171285e-05 6.316708e-05 0.12168342 4.4431e-07 0.0012009501 0.0008786414 0.0013744237 0.00034010567 7.9341095e-05 0.00023960171 0.00013153278 0.00065361784 0.0006120918 0.00040563333 9.763688e-06 1.5997898e-06 4.2444555e-08 1.0347384e-05 7.478269e-05 1.6054602e-06 0.00011365618 0.00033166728 6.3567495e-05 0.00027157602 7.057228e-05 6.899173e-07 3.2598183e-07 2.8713936e-05 2.3759565e-06 0.00029668404 8.718683e-06 0.0036970107 0.00013857313 2.1964745e-06 8.0842365e-06 2.0854144e-05 0.00014763263 1.1412114e-06 2.1017354e-06 1.8849025e-07 2.6418145e-06 6.795257e-05 0.00057340367 7.3745805e-06 2.1709304e-06 2.1186366e-05 0.00064761995 1.0238176e-06 2.1399625e-05 8.764328e-07 7.273911e-07 5.9368135e-06 3.5754636e-07 7.00194e-07 1.9326093e-05 1.775429e-06 0.00029354793 2.0080465e-06 6.70638e-05 2.0563325e-08 0.00020874866 0.00010552468 1.8649958e-07 5.857759e-07 0.00043529808 3.5834703e-06 1.1634962e-07 2.0145683e-06 0.00034216858 3.8183553e-06 6.994705e-07 1.6512818e-09 1.8998011e-06 1.6197209e-06 4.1180264e-09 8.1877144e-05 4.9437176e-06
0.9807954 0.027363779 0.00019096538 0.0016427257 0.00031217665 0.049575567 0.006381374 0.4812995 0.0031126474 0.04334634 3.152696e-06 0.92102677 1.0531446e-06 1.6930657e-07 1.1590889e-06 0.47167432 0.87464094 0.6612288 3.9218674e-05 0.30179477 3.6429665e-05 9.26862e-16 4.4340777e-06 0.7734093 0.91329134 0.41898748 5.1329227e-08 2.8571238e-05 0.0002617621 1.491247e-07 4.0682687e-07 1.48155035e-08 0.45746428 1.3763858e-09 0.43938425 0.16663732 0.22217059 0.030595902 0.33313113 0.067873865 0.06656446 1.4926085e-09 0.12843105 2.1396835e-08 0.0037091644 0.42037958 0.082205094 0.0108183175 0.059588537 2.0691704e-08 5.706743e-06 0.02245677 1.908948e-09 0.0014010292 0.0024091585 2.238597e-07 0.09887402 0.05251416 1.4687575e-07 3.2912038e-08 7.2614945e-08 0.00044797998 0.00056776876 0.00068729086 2.8622122e-09 1.4944183e-08 5.6751696e-07 1.8768236e-09 0.004025755 0.00034006286 3.8877934e-07 6.441011e-05 3.336502e-05 3.218577e-08 5.8807425e-05 1.2128633e-07 1.6576585e-10 4.7365095e-10 0.0002935583 3.2404055e-09 0.019800453 0.0005621257 0.00050554465 8.443959e-06 0.025194844 1.0479268e-06 1.411348e-06 7.95714e-08 0.0042693014 5.802642e-07 7.201386e-06 0.0026522465 0.0070797834 4.6554633e-05 0.00016409908 2.0353193e-05 1.4802906e-08 0.00049904454 2.0426335e-06 2.9881765e-08 1.0401075e-05
0.095398165 0.022270102 0.53305095 0.19736044 0.36942795 0.0051576663 0.063353784 5.864372e-07 0.07036375 0.0040461626 0.0032953597 6.227473e-06 0.05803132 0.53917336 0.98399395 0.00034184914 0.000377513 8.189307e-05 0.053510204 0.0015345159 0.9715518 4.4340777e-06 1.8341177e-15 2.7249585e-05 9.61623e-06 4.4690697e-07 0.8826028 4.5666943e-07 0.008362926 0.024160147 0.014831989 0.010435663 6.7973533e-06 0.0145128565 4.630331e-05 0.0006226681 0.00038056442 0.00043826932 1.6423621e-06 8.569349e-07 5.348592e-09 0.0023610636 1.5878619e-05 0.00014080678 0.001228897 1.5886722e-05 2.6331654e-05 0.0010909532 5.165946e-05 4.835358e-06 9.963088e-06 1.4786363e-05 8.095952e-05 7.330133e-06 8.436779e-06 0.00979765 4.690746e-05 1.3210456e-07 0.0005066494 0.00061781774 0.0015213019 1.0761746e-06 1.8700871e-06 1.8649452e-08 2.386069e-05 0.000590119 0.0020139432 6.214413e-05 9.022054e-07 3.321742e-05 0.0027872333 3.9026824e-07 0.00014294233 7.785152e-06 5.752404e-07 0.00014238057 4.359709e-06 6.0177176e-06 7.984511e-05 2.2528886e-05 0.00043395034 1.1369015e-07 0.00032992646 4.0372057e-09 0.00030370377 0.0014779144 5.3333014e-07 6.350529e-06 0.00020003536 3.6052323e-05 2.0728253e-07 2.8642292e-08 0.0003483253 3.0903436e-06 3.1558383e-07 7.772558e-09 3.134324e-05 1.8778995e-07 1.6267355e-09 0.00042672822 5.045603e-05
0.9402853 0.015492808 0.0002243148 0.0012812846 0.00025845206 0.0278155 0.0079242345 0.102580376 0.0015997991 0.014186154 2.8796628e-06 0.90189356 1.881746e-06 4.5094117e-07 9.205254e-07 0.5723204 0.53050387 0.9303417 1.872583e-05 0.08076624 5.6361576e-05 0.7734093 2.7249585e-05 2.0657148e-13 0.9360121 0.6238826 5.3604293e-07 1.9685372e-06 0.00044445586 5.714659e-07 8.7500297e-07 6.416563e-08 0.72023433 2.0512703e-09 0.60522515 0.05755622 0.045897335 0.008812522 0.3298611 0.03795433 0.00567098 1.172866e-08 0.057876308 1.6346965e-07 0.0011839661 0.5717577 0.033009987 0.0027025256 0.033848446 2.6854238e-08 9.304947e-07 0.016271923 6.8401707e-09 0.01044443 0.002320743 8.603347e-07 0.033941034 0.098385274 3.2692637e-07 1.8854796e-07 1.0531868e-06 0.00023418866 0.00026639746 0.004400759 1.695796e-08 5.2643166e-08 1.1949807e-06 1.7965473e-08 0.0051078727 0.000329052 7.9948114e-07 4.9813254e-05 2.0734602e-05 1.60798e-07 4.573053e-05 4.2739143e-07 2.4513853e-09 2.3621014e-09 0.00023302283 8.109254e-08 0.008626608 0.0006010313 0.00016696056 2.7317608e-06 0.0075608306 2.069129e-06 4.93517e-07 1.2922922e-07 0.003534685 1.9167587e-06 7.9906266e-07 0.0051050503 0.0026533802 8.421164e-05 0.000111166475 6.3597295e-06 1.0833988e-07 0.0006507691 6.5562705e-07 1.7843702e-07 1.1052296e-05
0.9696197 0.008396951 4.6550587e-05 0.0011329312 0.00012504851 0.012907435 0.004674659 0.15949842 0.0007526582 0.0102607515 1.7603816e-06 0.8528308 5.580858e-07 8.502576e-08 1.8957026e-07 0.31632203 0.71465755 0.6580039 3.5532346e-06 0.06374117 1.23171285e-05 0.91329134 9.61623e-06 0.9360121 5.270899e-15 0.38437334 5.489163e-08 6.712967e-06 4.677983e-05 1.3880021e-08 5.6853562e-08 8.096762e-09 0.73602766 2.9082606e-10 0.6356458 0.050244614 0.09500006 0.0066670096 0.5847067 0.10740211 0.0467717 8.659655e-10 0.13222662 1.627174e-08 0.00055915874 0.55841315 0.0760983 0.0015791717 0.07538989 7.2049122e-09 2.9905289e-06 0.032221112 3.4097598e-09 0.0034306075 0.004661679 8.031121e-08 0.045986548 0.08971411 1.6690816e-08 5.798946e-09 2.2551896e-08 0.0010557643 0.0010451374 0.0070913318 6.0864314e-09 4.5576485e-09 6.7578405e-08 2.3599442e-09 0.016822103 0.0012413586 4.4101863e-08 0.00025309905 3.7802527e-06 3.242416e-08 0.00021641524 2.0055738e-08 7.924297e-10 1.0493844e-09 9.254804e-05 9.982028e-09 0.005762565 0.0011555076 3.920884e-05 8.245547e-06 0.009064079 5.295122e-08 7.469402e-07 3.4765225e-08 0.000725714 8.3863526e-08 1.6379902e-06 0.012359336 0.0021430086 0.00022532638 0.0003849867 3.8109865e-05 3.611097e-08 0.00085016363 1.3892914e-05 1.22302595e-08 9.707594e-07
0.12811959 0.09047177 0.00012946021 0.0008407323 0.00040373608 0.10395731 0.06761708 0.0016905427 0.0035251547 0.032325864 1.2856445e-05 0.4505492 1.4405119e-06 4.431264e-07 6.3965507e-07 0.9906785 0.24283513 0.9015858 1.0697246e-05 0.1002786 6.316708e-05 0.41898748 4.4690697e-07 0.6238826 0.38437334 3.1564497e-16 7.520623e-07 4.1728895e-06 0.0008360429 3.0299789e-06 7.889438e-06 2.209003e-06 0.3072328 3.5991374e-07 0.5236999 0.052921843 0.04088669 0.0045777243 0.023714965 0.004348176 0.00020245896 8.66984e-07 0.012470136 3.2148728e-07 0.00015702033 0.03005354 0.0021039352 0.00037280004 0.0014704422 1.363274e-07 2.7808346e-07 0.0012770979 3.9844235e-08 0.0503027 0.00031953002 5.0637933e-08 0.000850604 4.9414815e-05 1.3130962e-05 1.6287444e-05 6.9339876e-05 8.5077394e-05 8.588436e-05 0.016645206 3.0840198e-08 8.113071e-09 3.767101e-05 1.1406293e-08 5.7494042e-05 2.5489673e-05 4.457169e-05 1.2704002e-06 7.635133e-06 5.322301e-07 1.3734075e-06 2.0729135e-06 3.987835e-09 8.725082e-09 2.7862741e-05 1.2248258e-08 0.0012776606 0.00011997103 4.2607862e-05 7.028474e-07 0.0005711486 2.015634e-05 1.5410653e-06 1.038908e-07 0.0008233812 9.182826e-07 3.3447614e-06 0.0016803071 0.00022068745 9.377136e-06 2.9122436e-06 2.5641582e-06 3.195699e-08 1.7255303e-05 9.455577e-06 1.2027903e-05 1.0969048e-05
0.70437264 0.015882581 0.4752858 0.07042334 0.23648357 0.0027190736 0.0040054354 6.713837e-08 0.07050192 0.004670715 0.04202039 3.3477932e-06 0.501234 0.9883364 0.6639852 0.00016002874 5.3702282e-05 3.884764e-06 0.50731534 0.00061119476 0.12168342 5.1329227e-08 0.8826028 5.3604293e-07 5.489163e-08 7.520623e-07 1.8697487e-13 7.204535e-07 0.020952884 0.26839176 0.14276916 0.3250921 6.723741e-07 0.4861494 3.9278243e-06 0.0009363272 0.0004960455 0.0008517201 2.1456813e-06 1.0703909e-07 1.6239826e-09 0.020947786 5.5706137e-06 0.042213008 0.0048846104 2.3140133e-06 3.681686e-05 0.009089668 2.8260356e-05 7.7646095e-05 1.1927894e-05 4.6978125e-06 0.010472281 3.6283607e-06 1.9429551e-06 0.03851136 0.00014897951 3.30903e-08 0.0074354024 0.0059002866 0.019364685 4.376066e-08 5.1924072e-08 2.7924534e-07 0.0009612233 0.0019540435 0.023529025 0.0004906078 2.8414152e-07 2.957388e-06 0.03589257 1.1815689e-08 0.0042278282 0.00044621347 1.2866477e-07 0.0011433539 0.00012611333 0.00010581946 0.0020752952 8.1059574e-05 0.0018778389 2.0917591e-06 0.0044388506 6.8461095e-09 0.0011516192 0.011999994 1.1677632e-06 2.6746851e-05 0.0017465573 0.0016088989 3.31295e-07 1.6830164e-08 0.0014537505 1.8542875e-07 7.582959e-08 1.8070729e-09 0.00011638299 3.6170807e-06 1.2612973e-09 0.0013530037 0.0007217612
0.9043057 0.0064268988 0.0002684382 0.0003847226 0.00056037033 0.043914866 0.0007922462 0.0001397471 0.42144135 0.2695293 0.045253113 9.500541e-05 0.005671743 6.2481336e-06 5.522958e-06 2.1389023e-06 0.0026378843 5.782832e-07 0.24913347 0.12437637 4.4431e-07 2.8571238e-05 4.5666943e-07 1.9685372e-06 6.712967e-06 4.1728895e-06 7.204535e-07 3.887297e-18 0.965141 0.11661289 0.24398541 0.007347127 1.3798365e-06 0.00075571286 9.061327e-08 0.25979993 0.06382198 0.49116436 3.2644925e-06 0.00017809201 0.00011902129 0.00078471686 0.0011524763 0.00020615934 0.8891067 3.226126e-07 0.0014881011 0.74145746 0.00035747766 0.001991399 0.85702896 0.00012445425 7.3602786e-07 2.7387024e-08 0.00027960364 8.010159e-09 0.020133197 1.073601e-07 0.27943486 0.11420276 0.080473535 1.9121887e-06 8.1303904e-07 1.5195879e-07 2.6417923e-09 8.314137e-09 0.0042059994 1.0328984e-09 6.7254504e-08 1.0538317e-06 0.0058300057 3.3333357e-08 0.394819 0.0003055704 5.8703506e-08 0.00020693877 3.6396184e-09 4.7949975e-08 0.2696115 2.4016492e-08 0.16991645 0.0002825916 0.24699587 0.00037599888 0.029299341 0.0298764 0.10472 7.857013e-05 0.102053866 0.04449773 0.004738433 8.95072e-08 0.03765608 6.8245754e-06 3.7217305e-06 6.3051666e-06 2.7968655e-08 0.0011216854 1.2858969e-07 8.580639e-06 0.06476074
0.9736035 0.09665174 0.26206487 0.13712789 0.24277902 0.07165616 0.020735089 0.014188447 0.72462034 0.20023134 0.13247727 0.00698541 0.083063774 0.10223567 0.096530534 0.0054601314 0.0054888492 0.00063613924 0.5755718 0.089827895 0.0012009501 0.0002617621 0.008362926 0.00044445586 4.677983e-05 0.0008360429 0.020952884 0.965141 2.4267624e-16 0.2701082 0.48862955 0.027570723 0.00013640277 0.012146645 8.102085e-05 0.04750264 0.04936994 0.23866926 4.9812163e-05 5.387669e-05 0.0018467486 0.004006421 0.00019833526 0.0061517586 0.8434573 0.00032876438 0.0002230513 0.6117738 6.770662e-05 0.006404753 0.60486597 6.3435386e-06 0.00040194733 2.6748765e-07 1.7679888e-05 8.623457e-05 0.016116524 6.6334174e-08 0.19536705 0.11414011 0.063139364 2.5809376e-07 3.1329398e-07 6.7624825e-08 3.3421646e-05 2.4459598e-06 0.019990565 1.2798837e-05 1.244241e-06 7.683013e-06 0.019252112 2.3286475e-07 0.3530333 0.00013526759 3.0289488e-07 0.0003374211 6.1463165e-06 3.013136e-06 0.38151842 1.5396698e-06 0.24683553 1.0466949e-05 0.37829882 6.748964e-05 0.029839903 0.13005286 0.1148505 0.00021836694 0.15517575 0.25180563 0.0080764 5.4135104e-08 0.055453587 1.5552175e-07 2.6925667e-07 2.568681e-06 3.2159721e-06 0.00019162415 3.0394263e-09 2.023387e-06 0.25601256
0.96776485 0.012715143 0.47599682 0.05966788 0.14114925 0.00022944932 0.004570134 0.0004153968 0.05028821 0.001274623 0.8659817 8.408212e-05 0.84181803 0.3576211 0.22617379 8.8225686e-05 7.873255e-06 3.369378e-06 0.7457475 0.00013948041 0.0008786414 1.491247e-07 0.024160147 5.714659e-07 1.3880021e-08 3.0299789e-06 0.26839176 0.11661289 0.2701082 9.4915725e-15 0.9591543 0.6777233 3.814426e-07 0.49297896 2.6183945e-06 0.00020014793 3.8401e-05 0.0013598901 1.01072324e-07 1.4346509e-08 4.979134e-06 0.44427735 4.3764004e-08 0.12019255 0.051258404 3.9023996e-07 2.684831e-07 0.027361784 2.6200055e-08 0.096915975 0.060179785 1.1418722e-08 0.051420547 1.9587272e-07 5.050951e-09 0.00012580676 3.853413e-05 4.7076005e-09 0.14019127 0.09905298 0.20308381 2.4036906e-10 2.2761332e-10 2.5360554e-09 0.0036447393 5.4762527e-06 0.05332039 0.0003246526 1.9435648e-08 6.4204684e-08 0.060571358 1.889934e-10 0.11588043 0.0018307526 3.0934084e-09 0.0008421105 0.00012764141 7.568535e-05 0.067102574 1.2151962e-05 0.007979787 3.1617573e-09 0.056235623 2.9011898e-07 0.00035834737 0.145265 0.0013045467 0.0007327031 0.0037303995 0.08677196 0.00020125906 6.078116e-08 0.0013227238 3.226841e-10 3.231405e-10 1.7389128e-09 5.593044e-05 7.869399e-09 4.4992863e-09 2.009172e-05 0.046236288
0.98308694 0.05904067 0.40386498 0.07456802 0.13834192 0.0016349541 0.011464974 0.0019590096 0.15621008 0.010387605 0.77982354 0.00019625838 0.67153823 0.26725042 0.18269475 0.0010134317 4.8905807e-05 1.2345788e-05 0.76571107 0.00056822377 0.0013744237 4.0682687e-07 0.014831989 8.7500297e-07 5.6853562e-08 7.889438e-06 0.14276916 0.24398541 0.48862955 0.9591543 7.1845356e-16 0.40575388 8.0561097e-07 0.2724709 2.9296843e-06 0.0009795388 0.0003157601 0.008037145 4.7580986e-07 3.291179e-08 1.6877026e-05 0.17959112 1.8451816e-07 0.031624556 0.14541113 6.287426e-07 2.599659e-06 0.06326952 3.09317e-07 0.037617065 0.2694238 3.257138e-08 0.019349515 2.9853297e-07 4.044152e-08 0.00013993809 0.00014363856 6.834849e-09 0.25541142 0.1445266 0.23147224 1.1883419e-09 9.551601e-10 4.32114e-09 0.0012141155 4.8297034e-06 0.03985024 0.00012514253 1.1202719e-07 1.6440066e-07 0.04912105 3.676582e-10 0.2201602 0.00037847942 4.881967e-08 0.00041025947 0.00012414946 4.544151e-05 0.16671059 2.2611453e-05 0.016909854 3.120528e-08 0.11371016 3.2634432e-06 0.00048186138 0.21451883 0.0070847375 0.0005725442 0.014856529 0.17572415 0.0006178192 9.2605646e-08 0.0013921236 1.0727018e-08 7.4125532e-09 3.1251382e-08 6.029836e-05 5.833214e-07 3.80244e-09 6.508162e-06 0.083560616
