4.0308344e-13 0.9296793 0.9605642 0.7110814 0.9821969 0.86763114 0.5644341 0.34300748 0.8511363 0.89380956 0.8446477 0.45357323 0.8965978 0.9348061 0.7750209 0.6021182 0.49178368 0.36103442 0.18157399 0.30433336 0.87282604 0.7271388 0.6773631 0.02328248 0.0018702075 0.019556174 0.8488669 0.010590108 0.07968147 0.982521 0.8897162 0.7065651 0.12056233 0.7515883 0.62655866 0.03697539 0.34899643 0.01736097 0.5923801 0.8625335 0.843515 0.0061641154 0.050077498 0.68104947 0.9757232 0.96546894 0.92784274 0.97085214 0.89278436 0.97464305 0.86999184 0.8589336 0.2521011 0.9375509 0.7557492 0.7897584 0.9530948 0.97557443 0.8044358 0.6918502 0.9884406 0.5619664 0.9322447 0.97907686 0.98452914 0.110043965 0.84614354 0.8966069 0.06340274 0.99786943 0.978529 0.98151577 0.9768306 0.92272735 0.9649328 0.9967571 0.030327631 0.8671168 0.923857 0.97700506 0.9863301 1.1927155e-05 0.85956323 0.9828905 0.8661721 0.80673045 0.9991545 0.9898242 0.98465216 0.946315 3.0067534e-07 0.00034233456 0.98987186 0.14572448 0.002724196 0.9871563 0.9999047 0.16313441 0.5143277 0.9563224 0.9999792
0.9296793 3.7991596e-11 0.9765504 0.95706594 0.4975831 0.6513419 0.102695726 0.062722124 0.0017940495 0.9614329 0.59069854 0.6551522 0.04221225 0.6187558 0.18839608 0.18551822 0.8374346 0.6112017 0.25926167 0.0007534597 0.0002565166 9.194929e-05 0.009702482 0.33457604 0.012791151 0.041145463 0.25654712 0.0027473222 0.18704922 0.11911107 0.044157922 0.015560135 2.7549438e-06 2.9163582e-05 0.0011540897 0.06680036 0.0023241595 3.0094789e-05 0.00055441493 0.013931081 0.0031737876 8.5748754e-05 0.006081634 0.0011107232 0.0012831328 0.0069246073 0.0014320102 0.0004750568 0.0014973764 0.00013233173 0.14520612 0.00012703433 1.7808225e-05 1.6878967e-06 2.3796812e-05 8.225383e-05 0.21132472 0.0030216926 1.0606845e-07 2.3653713e-06 3.4669256e-07 6.0683027e-07 4.624569e-08 2.4915358e-05 6.095773e-05 0.00028482452 7.520752e-05 1.7877659e-06 2.8567805e-05 0.015553148 0.12917481 0.71773154 0.001343911 4.270203e-07 3.1307896e-05 0.42384556 3.0392655e-06 1.1370947e-05 0.00072027394 2.829405e-06 0.019106664 4.4882067e-06 4.2369497e-06 0.0066893096 0.00040567314 0.00023075566 0.00020560878 0.00013248806 5.03115e-05 3.1816424e-05 1.6114694e-07 4.4291924e-06 2.6315146e-08 5.288543e-07 4.7653845e-08 0.00057260337 0.00026966725 2.559078e-05 1.1224787e-06 1.346638e-06 0.0062038936
0.9605642 0.9765504 1.9905572e-13 0.9545898 0.06933756 0.8858212 0.24877189 0.6517304 0.08189464 0.18442126 0.8295478 0.054722983 0.05818966 0.626686 0.007226939 0.09223864 0.15964538 0.019537035 0.036506377 0.002271582 0.003021347 0.00039865964 0.00047658893 0.009483134 0.0007113979 0.002271508 0.81223667 0.001699434 0.004700733 0.5196813 0.5299121 0.014928467 1.07216765e-05 0.0002378657 0.0016577156 0.004090222 0.0043498934 1.8060584e-05 0.001575865 0.0066133756 0.00059573195 0.00012236444 0.00036076413 0.00012333755 0.0006581709 0.0036956694 0.002382711 0.018291794 0.04049348 0.0011972182 0.27656236 0.000171209 2.3877776e-06 3.1540376e-06 5.065327e-05 1.470459e-05 0.40442175 0.034222696 4.7052062e-08 6.674261e-07 5.335037e-07 8.772531e-07 1.2474769e-07 0.00041009416 2.3544797e-05 3.6640408e-06 2.2699563e-05 5.064824e-07 1.0925939e-07 0.10433785 0.6187165 0.9026881 0.0027518955 5.7946263e-08 5.5622077e-05 0.7944597 3.713583e-06 6.365704e-05 0.0066541946 2.3110513e-06 0.05667104 3.4732662e-07 1.8124733e-07 0.016936967 0.0002879416 0.00029500757 0.0006082066 0.00045431204 2.6886206e-05 3.3217625e-06 9.833532e-09 1.1115725e-06 1.8217508e-08 1.1798663e-08 7.5365755e-11 0.0011996331 0.000273858 4.1149605e-07 1.8384007e-08 7.5340004e-08 0.011792418
0.7110814 0.95706594 0.9545898 1.0340106e-12 0.005183725 0.045005653 0.99131334 0.9129327 0.11962648 0.1310606 0.07667933 0.029310428 0.0007261038 0.04466107 0.0010113828 0.8259692 0.46867207 0.012429169 0.47452414 0.09243686 0.0062927175 0.006959972 0.00010064397 0.019892704 0.0028354602 0.025807202 0.10727625 0.060516212 0.0022727377 0.6748896 0.10657095 0.0004787971 0.00020851668 0.00093150564 4.5797216e-05 0.0017484399 0.00018188969 4.948673e-05 5.183915e-05 5.390676e-05 0.00016452545 0.008795146 0.00014749092 2.2446342e-05 7.984511e-05 0.000117789 5.358916e-05 0.0113449665 0.011668677 0.0010841577 0.017970437 4.960907e-05 7.593702e-07 1.5071909e-06 6.5914946e-06 2.8574682e-06 0.017141862 0.008312981 1.4546386e-08 7.209849e-07 3.351999e-07 2.622074e-07 2.2917918e-08 0.00017298991 2.1537485e-06 6.579361e-06 7.859597e-07 1.6716663e-07 2.653577e-07 0.036109693 0.117267296 0.08849255 3.3974775e-05 5.1884155e-09 2.8294107e-06 0.06644365 6.389777e-05 3.1548498e-06 0.0014081952 1.7776019e-07 0.0024655873 4.057815e-05 2.3269735e-07 0.00070596946 3.9711747e-05 1.8336339e-05 5.4175063e-05 1.9311316e-05 2.8548112e-07 9.32181e-08 4.0926915e-07 2.6260846e-06 6.1204325e-10 8.556033e-08 2.6081128e-09 0.00025390481 7.0529015e-05 7.370488e-08 2.6873705e-08 3.8459433e-08 0.0017913467
0.9821969 0.4975831 0.06933756 0.005183725 2.9017012e-13 0.85556734 9.366138e-05 6.8353984e-05 2.6859846e-06 0.8891681 0.6349615 0.4194776 0.52355534 0.73316103 0.99485147 0.00017522881 0.05312277 0.57074183 0.0011252091 5.7966163e-06 2.6307268e-06 3.980827e-06 0.74243575 0.059292775 0.0006891266 0.00065598363 0.06720507 2.972716e-05 0.21933666 0.0029963811 0.0033073425 0.427568 3.4926863e-08 1.3826705e-07 0.053317524 0.11755039 0.017885258 2.7927822e-08 0.0019216667 0.810336 0.033201225 1.8210118e-05 0.11478425 0.2177656 0.64686483 0.51893884 0.07227187 3.5109257e-05 5.9043392e-05 2.7522217e-05 0.35769823 2.99524e-05 9.5922194e-05 1.3593065e-07 1.1827279e-06 0.0035967703 0.25836474 0.00032249623 2.1368859e-08 9.276329e-07 2.4038846e-07 1.525272e-07 7.3414455e-08 9.540869e-06 0.006787339 0.0046823192 0.00048464132 2.4057834e-05 0.01426745 0.0024101941 0.047561117 0.5771892 0.062159486 7.261959e-06 0.0002559382 0.1394527 5.320789e-07 1.4267906e-06 0.0002581087 2.2314991e-05 0.26719397 0.00019505488 0.00014468578 0.25232336 7.381706e-05 0.0003828191 5.481491e-05 0.00058746024 0.00039897094 8.333328e-06 7.985226e-07 7.4609125e-06 5.9774817e-07 2.4725497e-07 5.0557993e-09 0.0014441994 1.7359007e-05 4.7500238e-05 7.4494614e-07 2.445013e-06 0.07105311
0.86763114 0.6513419 0.8858212 0.045005653 0.85556734 4.7989448e-14 0.011748184 0.10081627 0.004120427 0.5084656 0.98466796 0.055160567 0.9922677 0.7207562 0.38482484 0.0031765492 0.025438823 0.09793686 0.0026930834 0.00011817302 0.0009505753 3.5368023e-05 0.07205263 0.006795484 2.206852e-05 0.00023599053 0.3713323 6.6522516e-06 0.023887506 0.0011818858 0.28463438 0.04810766 1.2831047e-06 0.00018491795 0.14091067 0.0020691915 0.007915986 3.1258594e-06 0.0056100097 0.024718538 0.3655886 3.3829172e-06 0.0035128247 0.025210774 0.012894056 0.027079578 0.00799993 0.0003349604 0.0043221507 4.292722e-05 0.23147678 6.195932e-05 0.0015727781 7.396965e-06 3.0508904e-06 0.0014530825 0.15753801 0.0006109913 1.8247091e-07 4.837583e-07 1.02549876e-07 6.5415435e-07 1.8390155e-07 0.00014417504 0.0009551676 0.004452018 0.0014644699 5.8734342e-05 3.616834e-05 0.0014783988 0.020389806 0.4853802 0.0056889663 2.4510842e-05 0.00093972526 0.10250679 1.8464297e-07 1.9728928e-05 0.00025261674 7.983529e-05 0.05759415 1.070294e-05 6.020269e-07 0.020576352 2.0067631e-05 0.00022429107 0.0002907379 0.00041793197 5.0834893e-05 2.3360813e-05 1.161191e-08 2.0610096e-06 1.7453509e-07 1.0514321e-05 1.971639e-08 0.00064188347 9.0401496e-05 1.3068167e-06 4.007733e-07 5.973262e-06 0.0060974886
0.5644341 0.102695726 0.24877189 0.99131334 9.366138e-05 0.011748184 7.2746735e-13 0.9875931 0.41776454 0.0016748013 0.0123580815 0.0010246466 1.7092194e-05 0.0050262944 1.6392898e-05 0.94437546 0.08113485 0.00015791702 0.23501094 0.8856124 0.3470629 0.54394263 7.638917e-07 0.00022366137 4.271922e-05 0.0030779806 0.02520515 0.03447428 4.234989e-05 0.82070327 0.047600426 0.000119982695 0.0042277277 0.05214686 7.860062e-07 1.7361862e-06 0.0001342458 0.017909735 2.2264823e-05 1.0686785e-05 1.529562e-05 0.030547177 1.0042967e-06 5.1378983e-08 1.4766761e-05 4.6246446e-06 1.7686659e-06 0.07784889 0.01799824 0.033404402 0.0072006998 0.00089300796 1.2417486e-07 4.475907e-05 0.00067160226 3.1728806e-08 0.0059388443 0.057623137 1.5757537e-06 7.934613e-06 6.40121e-06 4.5874e-06 5.550857e-07 0.001133232 5.4249404e-07 2.4355327e-07 1.2731176e-07 1.4350896e-07 1.760777e-09 0.06656836 0.07323106 0.0130942045 4.608249e-06 1.4029972e-09 3.0720093e-07 0.015686603 0.0009707701 2.879932e-06 0.002311057 8.387121e-08 0.00071072724 9.177831e-08 2.2392246e-07 0.00021434829 5.2887404e-05 1.2917982e-05 0.00024746696 3.479991e-05 1.4825179e-07 2.6687625e-08 3.323838e-08 7.900143e-08 1.1459691e-09 3.9257642e-08 2.4226285e-08 0.00023118031 7.923146e-05 1.9673237e-07 1.205517e-08 6.254289e-07 0.0012668187
0.34300748 0.062722124 0.6517304 0.9129327 6.8353984e-05 0.10081627 0.9875931 1.6001925e-14 0.99888587 0.0004558264 0.043320447 9.139353e-05 8.591853e-05 0.004802511 2.3726327e-06 0.23866582 0.0041251085 8.773075e-07 0.017121987 0.2660498 0.43307096 0.26186544 3.194817e-07 1.0240037e-05 5.053094e-06 0.00019480335 0.11905893 0.002478686 5.9436907e-06 0.76384246 0.26193175 0.00029538875 0.00063029723 0.0073317285 6.7805518e-06 9.571545e-06 4.964518e-05 0.010715821 0.00010938906 4.542193e-05 1.661485e-05 0.0005385083 1.680896e-06 1.2435451e-07 2.0221341e-05 1.4615714e-05 1.1204483e-05 0.13118875 0.15210007 0.007182696 0.004140499 0.00015172154 1.2520763e-07 6.491405e-05 0.00017295081 5.166305e-07 0.0058496157 0.0491244 1.5480231e-07 9.893944e-07 1.675596e-05 7.685585e-06 1.3469796e-06 0.0013307766 3.018874e-06 2.8894204e-08 7.214656e-07 2.643756e-07 3.1595107e-08 0.13361603 0.060719434 0.011237593 4.6348017e-05 4.0032293e-09 1.8585695e-06 0.012615772 8.812318e-05 5.810783e-05 0.0025034782 1.0442257e-06 0.0016911974 2.0763392e-07 1.7329711e-07 0.0014251337 3.200001e-05 1.1664737e-05 0.00038574063 8.874682e-06 2.30161e-07 4.266629e-07 2.8625236e-09 2.6370564e-08 2.2833349e-09 8.0278095e-09 6.1651073e-10 0.00056049594 6.85261e-05 4.55977e-09 9.400654e-09 6.5358683e-09 0.0019928648
0.8511363 0.0017940495 0.08189464 0.11962648 2.6859846e-06 0.004120427 0.41776454 0.99888587 1.1994674e-14 9.214192e-06 0.007054113 1.5734621e-06 4.9725377e-06 0.000798212 1.5127435e-08 0.101752095 0.00039623567 1.14417276e-07 0.0035654327 0.10951017 0.9094871 0.52271885 5.1091456e-09 2.975294e-07 2.6116646e-07 7.0799083e-06 0.07131855 0.0007022079 3.0536512e-07 0.9789067 0.25835875 0.00022233455 0.0008754505 0.2742073 6.917825e-07 1.5982152e-07 1.7677916e-05 0.010160113 1.0826249e-06 8.449764e-05 3.2653625e-07 0.0005082907 1.6467379e-08 1.3623004e-09 1.7598177e-06 1.0809813e-06 7.1135133e-07 0.6755991 0.22264743 0.22837488 0.0039085383 0.012405403 1.1427893e-08 0.0011219099 0.03345309 3.5479182e-08 0.0041557886 0.42350683 0.00017606268 0.0007143525 0.0016641823 0.00079323165 0.00019856823 0.04027222 1.99128e-08 2.9472056e-09 9.47287e-08 1.582707e-08 7.5424167e-10 0.71667117 0.33308157 0.036340192 1.3482063e-05 1.7160813e-10 4.980382e-08 0.02797961 0.0014566184 0.0008864439 0.013684069 1.5256436e-08 0.005152128 7.5295387e-10 2.8055478e-08 0.0007942206 0.0021966181 1.0640528e-06 0.0007293692 2.3971927e-07 1.1801933e-07 3.9237267e-07 3.734809e-09 2.1088104e-08 4.1753334e-10 7.800448e-09 2.8732584e-11 9.684219e-05 0.0008141231 6.0328904e-07 1.0090296e-08 1.8358313e-09 0.001448728
0.89380956 0.9614329 0.18442126 0.1310606 0.8891681 0.5084656 0.0016748013 0.0004558264 9.214192e-06 1.5361012e-10 0.50014496 0.99735713 0.06405863 0.61065453 0.65326095 0.004713322 0.62392485 0.7933566 0.0038671046 2.2935785e-06 2.0116819e-05 4.003543e-05 0.045697365 0.25487483 0.0011020317 0.00058399944 0.05846028 3.1249398e-05 0.12748899 0.02759197 0.0041166786 0.04204572 1.3467914e-07 3.729396e-07 0.0010618146 0.0068468424 0.0014126797 1.7487831e-07 7.205724e-05 0.12539534 0.0012619286 1.1068905e-06 0.001189434 0.0014766093 0.05589074 0.043596134 0.0011665156 0.00010499146 0.00022105269 8.655292e-05 0.098102674 5.8651553e-05 1.5745993e-05 1.1513913e-06 2.0608306e-06 5.4241802e-05 0.070952214 0.0010365424 1.4134808e-07 8.016873e-06 4.5455945e-07 1.501544e-08 1.5716909e-08 3.877511e-05 7.845003e-05 0.00039435364 1.0939369e-05 1.5275058e-06 4.9628896e-05 0.007094721 0.050518535 0.5404797 0.0024852236 5.3894107e-09 8.949312e-06 0.16618657 9.4039926e-08 1.3224582e-06 0.00018595393 2.6507857e-06 0.024333926 2.7589993e-05 2.3961255e-07 0.015380321 0.00011597613 0.000104905586 6.38141e-05 2.496809e-05 0.0001241985 3.854679e-06 7.436074e-09 3.3011548e-07 4.746082e-08 3.0107273e-07 4.755129e-10 0.00051744044 3.861889e-05 4.0983887e-06 3.602156e-07 2.2340105e-08 0.009796777
0.8446477 0.59069854 0.8295478 0.07667933 0.6349615 0.98466796 0.0123580815 0.043320447 0.007054113 0.50014496 1.4219186e-11 0.10653534 0.9012045 0.9906267 0.1745669 0.007813681 0.059293848 0.096651 0.0060030646 0.0001632672 0.00088257715 8.0398546e-05 0.045282897 0.009442354 0.00029510324 0.0012340033 0.905695 0.00011726961 0.019349672 0.0013911582 0.2535022 0.021583105 3.3719273e-06 0.00010505075 0.00117891 0.0053995 0.0040840423 3.286214e-06 0.0027873358 0.0012281806 0.0016967531 3.4491837e-05 0.0030351325 0.0057349806 0.0003148412 0.0008866109 0.0015274923 0.0024829907 0.03898368 0.00018654736 0.23304604 6.580249e-05 1.1263052e-05 7.481643e-05 2.940328e-05 2.018966e-05 0.18316399 0.0020943184 9.338039e-08 1.4190596e-06 7.001479e-07 2.2947686e-06 7.2155575e-07 0.00016652739 8.686549e-05 0.00031509533 5.891071e-05 1.7903951e-06 5.830645e-05 0.0023022294 0.0654171 0.5062405 0.0011348181 9.0945053e-07 2.3087086e-05 0.20204398 4.868047e-06 6.3838575e-05 0.001164034 1.4904268e-05 0.028052084 8.210589e-06 1.3731337e-06 0.0048803547 5.66111e-05 0.00014115659 0.0007154147 3.3671375e-05 8.218933e-06 1.471427e-05 4.497502e-09 1.3549235e-06 7.0749833e-09 3.998117e-07 1.4247543e-09 0.00064975925 0.0001148817 1.2798385e-07 5.722673e-08 5.3811937e-07 0.0038454435
0.45357323 0.6551522 0.054722983 0.029310428 0.4194776 0.055160567 0.0010246466 9.139353e-05 1.5734621e-06 0.99735713 0.10653534 9.404399e-13 0.0069435835 0.15911216 0.25459528 0.005131614 0.9163853 0.9886087 0.043767102 1.1737847e-06 6.375889e-06 8.014665e-06 0.027462535 0.80727535 0.07159099 0.04792106 0.008607813 0.00035369725 0.6280526 0.0015485894 0.0010699466 0.0036220516 7.35744e-08 2.0068387e-06 9.1191796e-05 0.14137404 0.00019777917 9.3971614e-08 2.9738105e-05 0.0048169275 0.00028962572 5.3558992e-06 0.020740572 0.0008325369 0.0022897955 0.0023694704 0.00016062734 1.2623406e-05 8.628795e-05 9.683558e-06 0.013453346 3.5672965e-05 2.8144464e-07 2.695817e-07 1.1213675e-05 9.760048e-06 0.012926751 5.6096782e-05 9.652449e-08 4.515249e-06 3.7659547e-07 1.8154176e-07 2.8962717e-09 2.162772e-06 8.170923e-06 7.908478e-05 4.4148323e-06 8.006684e-07 0.00012090725 0.00043123166 0.0045361654 0.09489834 0.00013242401 3.4690757e-09 6.104458e-07 0.019929618 1.2303364e-06 1.4129942e-07 2.981344e-05 2.380462e-07 0.0023494489 0.0016707629 2.0774304e-07 0.0012426745 3.532649e-05 1.7739034e-05 2.4788536e-05 1.873895e-06 1.1979598e-06 8.525657e-07 2.551179e-08 1.8826586e-07 9.88462e-10 5.0901516e-08 3.970955e-09 8.384854e-05 5.5453993e-06 3.2613837e-06 4.522096e-08 1.9077615e-07 0.0006852737
0.8965978 0.04221225 0.05818966 0.0007261038 0.52355534 0.9922677 1.7092194e-05 8.591853e-05 4.9725377e-06 0.06405863 0.9012045 0.0069435835 2.1764873e-18 0.87283003 0.10986963 1.4928514e-06 0.00043307306 0.011537672 2.2810891e-05 2.9023784e-08 1.2440595e-06 7.5494924e-08 0.043454543 0.00042336443 7.5547536e-07 1.0157611e-06 0.6743095 2.7605178e-09 0.001712919 3.801476e-05 0.04973221 0.873896 2.2763165e-09 8.470893e-09 0.92907107 0.0001999812 0.2696572 1.0102461e-09 0.31416607 0.39342245 0.51509315 6.8443535e-07 0.0013593644 0.0358591 0.093693875 0.22002417 0.33090392 3.157369e-06 0.004045588 1.3277523e-07 0.91208297 2.0054947e-07 0.0011269355 5.936759e-09 2.6894154e-09 0.007448383 0.6307033 8.166784e-05 4.8897594e-11 3.509892e-10 1.171153e-09 6.397017e-10 2.4661861e-09 6.946838e-06 0.0047618123 0.0020647896 0.0019225999 3.2728483e-05 2.7164178e-06 0.000769766 0.026491618 0.43079314 0.17701387 8.401723e-06 0.006796002 0.09635758 7.826412e-12 5.1647834e-07 0.00035242888 0.0003935406 0.3963 3.41721e-08 5.706114e-07 0.15518239 2.5855015e-06 0.0014206494 6.783181e-05 0.0032778948 0.0005386316 0.000710341 1.5386217e-08 7.884635e-07 1.721871e-07 1.5638766e-07 1.2535022e-10 0.00795995 1.2701756e-05 5.678464e-08 7.990037e-08 1.3562222e-07 0.035001904
0.9348061 0.6187558 0.626686 0.04466107 0.73316103 0.7207562 0.0050262944 0.004802511 0.000798212 0.61065453 0.9906267 0.15911216 0.87283003 5.195144e-11 0.23819904 0.005214998 0.04731658 0.10342666 0.0028939543 4.99525e-05 0.00024705852 3.8459017e-05 0.08907789 0.0058359164 0.00015404043 0.00065664767 0.96888 2.1042875e-05 0.017570432 0.00040475457 0.5823677 0.09449331 8.83575e-08 7.811218e-06 0.0054864497 0.008879653 0.02180974 4.4522665e-07 0.030867912 0.0051980023 0.0039248085 1.228283e-05 0.0037170702 0.017585957 0.000828833 0.006298607 0.0083777215 0.0014621849 0.18516213 9.290433e-05 0.80818063 4.5947094e-05 5.2186722e-05 1.2800058e-05 2.4132793e-05 4.9889324e-05 0.65443087 0.0048061535 2.3354728e-07 4.071318e-06 2.805236e-07 1.7385954e-06 3.5472738e-07 0.00020324088 2.4933399e-05 0.00082864094 0.00010729712 9.672192e-07 1.7520017e-05 0.005932614 0.20831944 0.84519494 0.0071001556 3.5400078e-07 0.00029842867 0.4746684 1.9606905e-06 0.00014515984 0.0045635756 1.8683999e-05 0.16417965 2.9034527e-06 1.6567863e-06 0.01700736 9.578827e-05 0.00034713824 0.0011891635 0.00021442841 7.3440126e-05 3.6662484e-05 7.864947e-08 8.868743e-06 6.574456e-08 1.8927698e-06 1.2212881e-10 0.00085184607 0.0001445575 4.2636228e-07 1.0215432e-06 9.197282e-08 0.0116435215
0.7750209 0.18839608 0.007226939 0.0010113828 0.99485147 0.38482484 1.6392898e-05 2.3726327e-06 1.5127435e-08 0.65326095 0.1745669 0.25459528 0.10986963 0.23819904 2.7959622e-13 1.4359308e-06 0.0066512786 0.8549486 3.135708e-05 1.2423443e-07 2.2522141e-07 1.5926209e-07 0.9959528 0.07487222 9.357567e-05 3.8342743e-05 0.012138089 1.2128024e-06 0.41856232 0.00017749025 0.00032973997 0.12561876 4.9257753e-09 7.3202027e-09 0.031319596 0.04056623 0.0030459424 7.1916357e-09 0.00027250274 0.38374475 0.16113621 1.1358526e-07 0.25475055 0.2259996 0.32248387 0.16956304 0.013146131 3.2403423e-06 2.4924805e-06 2.1689986e-07 0.04428771 1.9435538e-06 0.00018033845 2.8627092e-09 9.142447e-09 0.004935578 0.024371004 3.3141207e-06 3.075735e-09 2.8286456e-07 1.1772722e-08 7.753798e-09 1.1408136e-09 1.1008667e-06 0.0030026662 0.11149421 0.00014091154 4.7217552e-05 0.0066064293 7.1717e-05 0.0022649236 0.053339962 0.009203768 1.1973123e-06 5.902149e-05 0.007087157 7.0155785e-08 1.7695845e-07 2.2410366e-05 1.9226309e-05 0.020294901 0.0007965532 5.0607323e-06 0.026857084 4.7321097e-05 0.00023833734 2.0433046e-05 0.0006452527 0.0001286576 1.9705913e-05 1.7472426e-07 5.473653e-06 6.6901634e-08 1.3607999e-08 1.8826065e-09 0.0006219369 1.5860054e-06 1.072498e-05 5.405301e-07 5.2296576e-07 0.008295617
0.6021182 0.18551822 0.09223864 0.8259692 0.00017522881 0.0031765492 0.94437546 0.23866582 0.101752095 0.004713322 0.007813681 0.005131614 1.4928514e-06 0.005214998 1.4359308e-06 1.3681383e-13 0.5663106 0.00057566003 0.952364 0.98704153 0.074210204 0.7057312 2.955475e-07 0.006283261 0.0015133556 0.037947122 0.00280806 0.66729313 0.0008178958 0.79608136 0.0012691313 3.0429333e-05 0.20079659 0.08507288 4.1626464e-08 0.00040084674 1.172871e-05 0.037137706 9.3787406e-07 1.6346561e-05 8.611868e-07 0.93610954 6.8277e-06 1.8359312e-07 4.944543e-06 7.2020066e-07 8.037036e-08 0.0056900033 0.00027087325 0.01523689 4.352578e-05 0.0008251577 9.470521e-08 1.4663615e-07 0.00021147376 1.717859e-07 0.00013642358 0.0045131594 1.05499804e-08 9.168362e-07 3.2852647e-06 6.848267e-08 7.407992e-08 2.0932948e-05 1.6742828e-07 9.642559e-06 2.0884254e-07 5.735228e-08 9.723006e-10 0.02081789 0.008124776 0.0039883433 5.1847132e-06 1.6920819e-10 2.0178755e-08 0.0019604964 0.000813603 2.7696908e-08 7.9520774e-05 2.8051423e-07 3.200367e-05 7.36329e-07 5.060433e-06 5.2310243e-05 1.0529262e-05 1.0707059e-06 7.145201e-06 1.0219509e-07 4.3577085e-08 1.033847e-08 2.8539443e-08 2.5197252e-07 3.9155823e-10 1.1405967e-08 1.1170091e-08 7.290973e-06 1.05400716e-07 2.5533174e-07 7.88483e-09 1.047539e-08 0.00015509586
0.49178368 0.8374346 0.15964538 0.46867207 0.05312277 0.025438823 0.08113485 0.0041251085 0.00039623567 0.62392485 0.059293848 0.9163853 0.00043307306 0.04731658 0.0066512786 0.5663106 6.579708e-13 0.774293 0.9715015 0.0065739425 0.00028505095 0.0010136545 0.002010674 0.9169998 0.41273645 0.9916213 0.012210478 0.13553572 0.10145725 0.037266552 0.0031209479 0.0003401595 1.3965977e-05 7.807255e-06 7.4694157e-07 0.025550192 2.1714077e-05 7.0957653e-06 2.6836624e-06 0.00036268923 1.2797568e-05 0.0019665023 0.0016908773 0.00013069576 0.00011335526 0.000112066045 1.0864339e-06 0.00040341524 0.00046326985 4.088966e-05 0.0021078668 7.449889e-05 4.0488192e-07 1.6632835e-06 3.6592868e-05 8.305665e-07 0.0025344782 0.0011948976 3.2165335e-08 1.1954685e-06 8.334031e-07 1.03322456e-07 1.3754686e-07 6.246117e-05 1.6741128e-06 4.481002e-05 2.6318312e-06 1.2487428e-06 6.8395484e-06 0.0075659985 0.01263282 0.03580907 0.00016146962 8.117064e-09 2.690085e-07 0.015996648 7.216267e-07 9.378276e-07 8.608789e-05 6.626004e-07 0.0005335235 0.00032867034 6.884743e-06 0.00093209394 0.0001541496 7.149952e-06 2.2550425e-05 2.4084923e-07 7.432562e-08 9.3190495e-09 2.8550605e-08 5.3026618e-08 5.5920664e-09 6.153471e-08 6.845217e-10 4.4751345e-05 1.661595e-06 4.4736322e-07 5.438107e-09 8.008814e-09 0.0008757102
0.36103442 0.6112017 0.019537035 0.012429169 0.57074183 0.09793686 0.00015791702 8.773075e-07 1.14417276e-07 0.7933566 0.096651 0.9886087 0.011537672 0.10342666 0.8549486 0.00057566003 0.774293 3.6366326e-14 0.0121999895 1.7844776e-07 5.415814e-08 5.6209507e-07 0.46504146 0.9731979 0.2535105 0.11653254 0.0041888203 8.53669e-05 0.9878877 0.00015142174 0.0002295596 0.002451464 1.2682552e-08 2.0388828e-08 0.0005420403 0.36398128 0.00014808893 3.351569e-08 1.9223027e-05 0.006245052 0.0018552811 2.0148834e-06 0.56364894 0.029199604 0.0037979016 0.0037811925 0.00030490407 1.1536731e-06 2.3002594e-06 6.15953e-08 0.0072021834 6.2763042e-06 8.46123e-07 1.1725125e-08 8.273123e-08 2.7768412e-05 0.006212736 2.53326e-06 4.4773685e-10 1.4866144e-08 9.790522e-10 2.4860836e-09 9.798624e-11 9.736228e-08 3.5096114e-06 0.004607189 4.865553e-07 1.6256121e-06 0.008704492 0.00023285109 0.0020860957 0.02905786 7.438033e-05 3.2557743e-10 3.9377426e-07 0.0034225495 1.5989555e-08 3.216096e-09 7.5709306e-07 1.9055976e-07 0.0022528342 0.007995202 8.8775934e-08 0.0010759104 2.3770705e-05 1.2716863e-06 1.09809e-06 7.651384e-07 6.8064895e-07 8.519036e-08 1.20625e-09 6.108136e-08 3.2601845e-11 5.595214e-09 3.0488773e-10 3.2963948e-05 2.6382036e-08 1.6118106e-07 3.016471e-08 3.4635286e-09 0.0006338967
0.18157399 0.25926167 0.036506377 0.47452414 0.0011252091 0.0026930834 0.23501094 0.017121987 0.0035654327 0.0038671046 0.0060030646 0.043767102 2.2810891e-05 0.0028939543 3.135708e-05 0.952364 0.9715015 0.0121999895 7.06565e-13 0.08153785 0.0029390089 0.021592738 5.1669685e-06 0.015502472 0.017820738 0.8236078 0.0034364576 0.9992758 0.00047073158 0.10243812 0.00063257205 9.517858e-06 2.531496e-05 0.0015212815 5.556349e-07 0.0008925372 1.7818713e-06 0.0014197575 6.178696e-07 3.56632e-05 1.635279e-06 0.062346056 1.6129025e-05 2.2468519e-06 1.40595475e-05 2.766812e-05 4.226094e-06 0.001250304 0.0004397808 0.0005186499 3.4197157e-05 0.00020532425 2.8372112e-08 7.6614715e-06 8.88856e-05 3.6840703e-07 0.00010572423 0.0007864379 1.3266556e-06 1.5118322e-06 6.714811e-06 5.7964506e-08 9.425843e-07 2.7555652e-05 2.0731062e-07 3.428287e-05 4.1652615e-07 2.1647995e-07 5.2952356e-07 0.00404618 0.002280154 0.001024036 7.2611206e-06 1.8944717e-09 1.890011e-07 0.0008127794 7.499906e-06 9.687141e-08 4.099575e-05 1.2555307e-07 7.731406e-06 3.1727584e-05 1.0626559e-05 2.8014507e-05 6.6339367e-06 1.6968605e-06 1.1712436e-05 2.2392803e-07 7.3226185e-09 1.5943016e-07 2.4548292e-09 1.17365815e-08 4.037391e-09 1.6448403e-06 3.2473662e-09 1.8018984e-05 1.2231228e-06 7.8354026e-07 2.4871745e-09 2.9863024e-08 0.00020649935
0.30433336 0.0007534597 0.002271582 0.09243686 5.7966163e-06 0.00011817302 0.8856124 0.2660498 0.10951017 2.2935785e-06 0.0001632672 1.1737847e-06 2.9023784e-08 4.99525e-05 1.2423443e-07 0.98704153 0.0065739425 1.7844776e-07 0.08153785 1.5668438e-13 0.4061478 0.9925648 3.6656484e-08 3.2775727e-06 1.557862e-06 0.0012455255 0.00034306405 0.029773679 9.633821e-07 0.5625225 0.0005893069 1.5683698e-06 0.95362955 0.31423223 6.8529418e-09 8.055596e-07 1.7588645e-06 0.5667752 3.335611e-07 3.0170077e-07 7.0834396e-08 0.7836755 1.566866e-08 9.104806e-09 1.1121588e-06 7.38294e-08 4.18873e-08 0.040226523 0.0005254421 0.0628321 4.3219834e-06 0.0007686439 2.0555053e-08 5.133902e-06 0.00075298414 2.032526e-09 4.2172956e-05 0.0048022866 1.6011759e-06 1.7823006e-05 2.4029769e-05 9.633436e-07 4.9814466e-06 0.00018937432 1.623934e-08 1.0742012e-07 6.0664185e-08 2.617678e-08 7.4178536e-10 0.013944757 0.0023608522 0.00044638052 2.6105681e-06 1.5491297e-10 6.5259066e-08 0.00027123257 0.05351854 4.4212034e-06 0.00046011092 8.0342124e-07 3.4822482e-05 1.8522435e-08 1.5899127e-06 8.723842e-05 6.746248e-05 7.387413e-06 0.000118899225 1.300465e-06 4.039542e-08 5.114618e-08 1.2656332e-08 2.452522e-07 2.545577e-10 1.4461127e-08 1.0890356e-08 8.6971275e-05 7.120522e-06 1.9492013e-07 6.049358e-10 8.673958e-09 0.00011400943
0.87282604 0.0002565166 0.003021347 0.0062927175 2.6307268e-06 0.0009505753 0.3470629 0.43307096 0.9094871 2.0116819e-05 0.00088257715 6.375889e-06 1.2440595e-06 0.00024705852 2.2522141e-07 0.074210204 0.00028505095 5.415814e-08 0.0029390089 0.4061478 7.847774e-12 0.98390883 4.146987e-08 1.977441e-06 7.2677125e-07 9.997658e-06 0.009969975 0.0011025562 6.826072e-08 0.81615824 0.10006788 0.0001480439 0.06762969 0.9654426 1.2339349e-07 1.2216423e-06 7.310646e-05 0.43242753 1.8167186e-05 5.982658e-06 1.0433328e-06 0.004342913 1.6678436e-08 3.7069752e-09 4.2386895e-07 9.2987557e-07 1.8058973e-06 0.94861704 0.12545776 0.90499437 0.00047008513 0.08796025 7.319811e-09 0.0037522463 0.14952534 2.9434446e-07 0.0009099165 0.52245384 0.0014979606 0.0024879258 0.010349683 0.0033377628 0.038872972 0.0659669 8.82753e-08 1.2004598e-08 9.137587e-08 1.1290776e-07 1.1088889e-09 0.7421937 0.0677067 0.0074003525 9.90396e-07 3.3840188e-09 2.4785297e-07 0.0050638835 0.015976036 0.0010589012 0.005650393 2.034734e-06 0.00025014437 5.146382e-08 2.3649113e-06 0.00025232058 0.002436437 0.00013772519 0.0009437123 1.0312234e-05 9.403343e-07 3.4743018e-06 8.0682774e-08 1.7975259e-06 2.4644523e-08 2.0976732e-07 1.3976474e-09 0.00030934194 0.0006937552 8.679739e-06 7.0897784e-08 3.59243e-07 0.0007119548
0.7271388 9.194929e-05 0.00039865964 0.006959972 3.980827e-06 3.5368023e-05 0.54394263 0.26186544 0.52271885 4.003543e-05 8.0398546e-05 8.014665e-06 7.5494924e-08 3.8459017e-05 1.5926209e-07 0.7057312 0.0010136545 5.6209507e-07 0.021592738 0.9925648 0.98390883 5.225038e-10 3.4101728e-07 6.0545067e-06 1.5339392e-06 5.131344e-05 0.0005147983 0.020914698 2.0877164e-07 0.6906289 0.00081417273 1.3257103e-05 0.8155922 0.887088 4.4846207e-08 1.0987558e-05 4.2989873e-06 0.88343006 1.3960963e-06 3.853632e-06 6.580305e-07 0.4997508 4.6879056e-09 3.7857184e-08 1.6264115e-05 7.344439e-07 1.5458352e-07 0.41670457 0.001943528 0.68451583 2.2994316e-05 0.043508988 1.8501675e-08 0.00059189665 0.031565405 8.9186364e-07 5.9011196e-05 0.13853818 7.24018e-05 0.00013493042 0.0026616713 8.457527e-05 0.0017704658 0.0039849924 5.335993e-07 3.0235748e-07 4.8912705e-07 5.3860714e-07 2.3709754e-09 0.32233828 0.008971057 0.0048865858 1.4784509e-06 1.846029e-08 3.8583384e-08 0.0018761725 0.02616783 4.0574974e-05 0.00068064703 1.137753e-07 0.00012234565 3.2982598e-07 2.3039258e-06 0.00011230805 0.00032199777 6.8039426e-06 0.00015766436 3.3398112e-06 1.3534578e-06 1.4070332e-07 5.3339242e-08 6.331558e-08 4.9304916e-10 4.4585565e-08 2.1815802e-09 9.677968e-05 6.748345e-05 8.5216004e-07 1.0723935e-07 1.099109e-07 0.00018026005
0.6773631 0.009702482 0.00047658893 0.00010064397 0.74243575 0.07205263 7.638917e-07 3.194817e-07 5.1091456e-09 0.045697365 0.045282897 0.027462535 0.043454543 0.08907789 0.9959528 2.955475e-07 0.002010674 0.46504146 5.1669685e-06 3.6656484e-08 4.146987e-08 3.4101728e-07 9.492261e-15 0.097939245 0.00023538656 0.00025990195 0.0030196744 8.322165e-07 0.69426554 1.9479192e-05 2.0063977e-05 0.075208716 3.5721843e-09 1.274796e-08 0.038148638 0.2657466 0.002428062 5.617785e-10 0.00036682174 0.48512542 0.28884414 1.3677955e-07 0.88276905 0.98796856 0.71961355 0.2620599 0.010264231 4.3773042e-07 1.8176645e-07 1.8242203e-07 0.01097202 6.7383025e-06 0.0005679206 2.121025e-08 2.3681835e-08 0.011435659 0.0053057657 5.897732e-07 4.922094e-09 4.051129e-07 4.038825e-08 4.106459e-08 6.965163e-09 2.075298e-07 0.008891334 0.3091732 0.0006329181 0.00022003197 0.33552942 7.3306684e-05 0.0007745465 0.017033419 0.012661369 1.122491e-05 8.524779e-05 0.0015292258 2.3877968e-07 5.037561e-08 1.1725992e-05 1.8426688e-05 0.017290508 0.003984436 4.550487e-05 0.08419565 5.23075e-05 0.00013513015 3.470477e-06 0.00032977297 0.00013198475 5.78393e-05 5.5338607e-08 6.566402e-05 2.9328067e-08 7.6049645e-07 5.1895164e-08 0.0005444657 7.704283e-08 3.2151733e-05 1.1178418e-05 4.363885e-06 0.0046403683
0.02328248 0.33457604 0.009483134 0.019892704 0.059292775 0.006795484 0.00022366137 1.0240037e-05 2.975294e-07 0.25487483 0.009442354 0.80727535 0.00042336443 0.0058359164 0.07487222 0.006283261 0.9169998 0.9731979 0.015502472 3.2775727e-06 1.977441e-06 6.0545067e-06 0.097939245 6.643878e-15 0.9995442 0.04240376 0.0019919544 0.00056814466 0.9636142 0.0001822552 5.4887467e-05 4.6206085e-05 4.8919404e-08 1.2530941e-07 4.3160107e-06 0.6861514 2.8074712e-05 8.451628e-08 2.9544537e-06 0.00013459536 9.023538e-06 1.3083854e-06 0.026011609 0.00032141115 0.00027165478 0.00013272239 5.19019e-06 8.481811e-06 2.0002628e-05 1.3245888e-06 0.00039445082 3.4324683e-05 1.2314062e-07 6.9020024e-07 1.1415211e-07 8.5190646e-07 0.00037371987 1.0382237e-05 2.1626636e-09 1.2812998e-08 2.5167014e-07 5.9814476e-10 9.4703365e-09 9.209545e-06 1.983772e-06 0.00017479152 5.684313e-07 2.0902168e-07 0.00011566718 0.00025160523 0.0004421292 0.0019044097 6.2454947e-06 5.3015157e-09 5.189821e-07 0.001234616 4.2679346e-11 3.42425e-08 1.1067943e-06 2.9628717e-07 0.00026026706 0.0019822565 1.3639898e-06 0.0006216538 1.881047e-07 7.682364e-07 1.6178012e-05 3.3778312e-07 3.1051087e-08 1.8269346e-07 1.4101194e-10 2.360936e-08 9.2178737e-10 2.9241379e-08 8.867696e-11 4.9461534e-05 1.5743747e-06 3.2543514e-07 4.7864747e-11 3.0383788e-08 0.00065699685
0.0018702075 0.012791151 0.0007113979 0.0028354602 0.0006891266 2.206852e-05 4.271922e-05 5.053094e-06 2.6116646e-07 0.0011020317 0.00029510324 0.07159099 7.5547536e-07 0.00015404043 9.357567e-05 0.0015133556 0.41273645 0.2535105 0.017820738 1.557862e-06 7.2677125e-07 1.5339392e-06 0.00023538656 0.9995442 3.2204216e-14 0.9997626 2.4205654e-05 0.0029922093 0.078451775 2.1651318e-05 7.605229e-06 1.8931688e-06 1.9845158e-08 2.605145e-07 3.4438273e-08 0.0337633 7.5826586e-07 4.0490202e-09 3.8240724e-08 4.6069576e-06 5.0706143e-07 5.7380844e-06 0.00035171723 1.7171189e-05 1.4609151e-05 4.866882e-06 2.7712932e-07 1.3417103e-06 1.9809072e-07 2.789097e-07 9.921643e-06 7.754075e-06 5.0194706e-07 4.4096392e-08 4.8151173e-07 2.2869199e-07 1.2585494e-05 3.5805733e-06 8.3229384e-10 2.5672236e-08 8.038937e-08 1.6054355e-10 1.516215e-09 4.204419e-06 7.3500587e-07 3.683463e-05 6.207636e-07 2.1680948e-07 7.6119336e-06 4.0063194e-05 2.081117e-05 5.9613605e-05 7.151479e-08 1.2882807e-09 3.6985515e-08 7.559194e-05 3.068333e-10 7.535332e-09 1.2744489e-07 3.4006295e-08 1.0907767e-06 0.00037531357 8.937418e-07 1.419652e-05 1.0528192e-06 5.6080594e-08 1.6266054e-07 9.485286e-09 5.157995e-09 3.0957283e-09 1.1427382e-10 5.705352e-09 7.2594966e-09 3.704644e-08 1.23232015e-11 1.0666985e-06 1.55403e-07 5.4483266e-08 3.1394776e-11 2.1343194e-08 0.00016087692
0.019556174 0.041145463 0.002271508 0.025807202 0.00065598363 0.00023599053 0.0030779806 0.00019480335 7.0799083e-06 0.00058399944 0.0012340033 0.04792106 1.0157611e-06 0.00065664767 3.8342743e-05 0.037947122 0.9916213 0.11653254 0.8236078 0.0012455255 9.997658e-06 5.131344e-05 0.00025990195 0.04240376 0.9997626 6.9590134e-13 0.00040186298 0.6546876 0.00922437 0.001103354 6.9157475e-05 4.7647873e-07 2.0973043e-06 1.3783857e-06 5.6340475e-08 0.026057355 2.4796717e-07 8.425148e-07 5.2276548e-08 1.5642456e-06 5.723358e-07 0.0077973227 0.00016986774 2.6716136e-05 5.7648318e-05 7.5460157e-06 5.412992e-07 1.6792306e-05 1.7237252e-06 3.4127906e-06 7.905879e-06 0.000102626254 4.2581533e-07 3.2412837e-07 1.1487754e-06 3.8563132e-07 2.5103876e-05 1.3705572e-05 2.4326103e-09 9.332626e-08 1.0246625e-06 3.4411598e-09 8.171016e-08 8.122327e-06 2.5242095e-06 0.0003343977 2.6880434e-07 4.1094313e-07 3.854244e-05 0.00029328628 6.998823e-05 0.00025979438 8.108477e-07 1.3164519e-08 2.9831824e-08 0.00017040593 2.0796199e-08 2.6805212e-08 3.0367448e-06 1.00203565e-07 7.1421355e-06 0.003677468 5.3345275e-07 4.5213572e-05 9.970497e-07 5.171629e-09 7.68498e-07 1.786617e-08 3.9923402e-09 8.293121e-09 1.5279894e-10 1.8344112e-08 4.1061203e-09 7.715651e-08 2.7745773e-11 7.752925e-07 4.337095e-08 1.5810114e-08 1.801813e-10 8.022452e-09 0.00011960341
0.8488669 0.25654712 0.81223667 0.10727625 0.06720507 0.3713323 0.02520515 0.11905893 0.07131855 0.05846028 0.905695 0.008607813 0.6743095 0.96888 0.012138089 0.00280806 0.012210478 0.0041888203 0.0034364576 0.00034306405 0.009969975 0.0005147983 0.0030196744 0.0019919544 2.4205654e-05 0.00040186298 8.334685e-12 8.96491e-06 0.00069106906 0.06824468 0.99119264 0.3797557 2.9251282e-06 0.0013849187 0.0357389 0.00046445208 0.2564 3.0941806e-06 0.48273143 0.0034754719 0.006620055 8.597224e-06 0.0004443717 0.00085506384 0.00013036339 0.0011912923 0.016030675 0.03526588 0.25385126 0.00018349239 0.82767504 0.00014133562 9.5958334e-05 0.00010320631 8.56096e-05 7.1875715e-05 0.6232985 0.030492175 1.5393417e-07 5.298458e-07 5.68337e-07 1.5827729e-05 9.646491e-07 0.0029383278 7.900517e-05 0.00014270656 0.00034095685 2.775087e-06 2.4303208e-06 0.01229094 0.6162241 0.74201363 0.0033161999 7.015031e-06 0.0016645133 0.6579274 4.0862562e-07 0.0055792294 0.0473779 0.00024660912 0.13499649 2.4696533e-07 1.4222715e-07 0.011481966 0.00045661416 0.0018088493 0.0065666526 0.0012677383 0.000113815084 0.00063973444 5.6879887e-09 1.8157201e-06 1.2466408e-07 6.784867e-06 2.1453996e-09 0.0033893613 0.0022371865 6.0310725e-07 3.6946008e-07 2.4613687e-06 0.009068884
0.010590108 0.0027473222 0.001699434 0.060516212 2.972716e-05 6.6522516e-06 0.03447428 0.002478686 0.0007022079 3.1249398e-05 0.00011726961 0.00035369725 2.7605178e-09 2.1042875e-05 1.2128024e-06 0.66729313 0.13553572 8.53669e-05 0.9992758 0.029773679 0.0011025562 0.020914698 8.322165e-07 0.00056814466 0.0029922093 0.6546876 8.96491e-06 3.8929927e-12 6.841952e-05 0.019322146 2.028212e-05 1.7967076e-07 0.0005578017 0.0012138012 2.6582803e-09 0.0006966821 3.1941133e-07 0.004869603 3.760566e-08 1.0740963e-06 8.975578e-08 0.99790514 3.812875e-06 2.2766262e-06 1.56153e-06 1.5370657e-06 3.5553967e-08 4.8161466e-05 9.149354e-07 0.00024150212 7.758738e-07 0.00016456594 2.348437e-08 4.2609807e-07 4.7096555e-06 2.981469e-07 3.2069893e-06 1.8105438e-05 2.2188841e-08 1.7614033e-07 3.0080983e-07 2.8766626e-08 1.2703329e-07 2.9647615e-06 1.0653356e-07 3.898018e-05 4.5192678e-08 5.843024e-07 1.869012e-06 0.00058812584 3.6075126e-05 1.0194572e-05 4.703755e-07 9.653599e-10 6.962759e-09 3.6113328e-05 2.8902019e-05 3.2883676e-08 3.0131187e-06 1.4111398e-09 1.6426885e-07 0.00019537992 1.6548101e-05 3.2507344e-07 1.4154751e-06 5.4699973e-07 8.4216856e-07 6.2653864e-09 2.7709404e-10 1.338185e-09 1.3558542e-08 2.8815501e-08 5.5039417e-09 3.6311906e-07 4.885818e-10 7.9061884e-08 6.3854273e-09 1.1589363e-08 1.650481e-10 2.0068547e-09 1.6261138e-05
0.07968147 0.18704922 0.004700733 0.0022727377 0.21933666 0.023887506 4.234989e-05 5.9436907e-06 3.0536512e-07 0.12748899 0.019349672 0.6280526 0.001712919 0.017570432 0.41856232 0.0008178958 0.10145725 0.9878877 0.00047073158 9.633821e-07 6.826072e-08 2.0877164e-07 0.69426554 0.9636142 0.078451775 0.00922437 0.00069106906 6.841952e-05 3.7266436e-11 1.2699201e-05 2.0544638e-05 0.00019414198 1.1277648e-07 2.2517854e-08 8.541775e-06 0.9953794 0.00013394488 6.642546e-08 1.0647151e-05 0.0007391888 0.00019820138 4.277925e-06 0.15492758 0.026024455 0.0009991515 0.00071358756 1.5078717e-05 1.999461e-06 1.1392475e-06 7.8389036e-08 0.00033664043 8.759653e-06 2.8930364e-07 6.8765627e-07 3.3695562e-07 5.329953e-06 0.00025253437 2.132145e-06 9.049236e-08 1.5764984e-07 7.041626e-08 2.9765438e-08 1.7128843e-09 1.0353375e-05 1.0669193e-06 0.00077082 9.640972e-07 8.384542e-07 0.004609764 2.97992e-05 0.00032645612 0.0021189854 5.5954574e-06 1.6271794e-09 1.68735e-07 0.00081936904 6.0138934e-09 3.4515605e-08 2.70197e-06 2.9907042e-07 0.0002139682 0.006615776 5.2305677e-06 0.00092143466 2.061659e-05 7.5520343e-06 1.3693381e-05 2.7075507e-07 1.3103615e-07 2.3445824e-07 7.63459e-09 2.146376e-07 1.3453721e-08 2.5354777e-07 5.378748e-10 2.8607174e-05 6.791187e-07 7.238899e-06 5.5948512e-09 1.3564292e-07 0.0010408956
0.982521 0.11911107 0.5196813 0.6748896 0.0029963811 0.0011818858 0.82070327 0.76384246 0.9789067 0.02759197 0.0013911582 0.0015485894 3.801476e-05 0.00040475457 0.00017749025 0.79608136 0.037266552 0.00015142174 0.10243812 0.5625225 0.81615824 0.6906289 1.9479192e-05 0.0001822552 2.1651318e-05 0.001103354 0.06824468 0.019322146 1.2699201e-05 5.2218746e-12 0.24720891 3.2354343e-05 0.039487213 0.082669534 1.9788301e-07 6.0063994e-06 4.65209e-05 0.0010752366 6.1554056e-05 4.4373896e-06 1.1543367e-06 0.034619946 3.370411e-07 5.3362623e-07 8.978558e-06 1.3612798e-05 1.2475935e-05 0.34791708 0.6333102 0.014299388 0.003172308 0.0016345285 2.5465509e-08 0.0011031547 0.0004896405 1.2721017e-07 0.011710606 0.5611747 3.447245e-06 1.0719837e-05 2.3639112e-05 9.678956e-05 0.00018972195 0.0058060535 1.9135413e-07 7.4138126e-07 2.2940256e-07 1.6562087e-09 5.4061826e-07 0.9629187 0.60525644 0.12700996 1.7607485e-05 6.329648e-09 1.06957664e-07 0.15822983 3.5458503e-05 0.001649075 0.031581882 3.6322415e-08 0.009941956 5.473969e-07 1.6267698e-07 0.002152293 0.00048022292 0.000102904974 0.0053569083 1.4569415e-05 9.301124e-07 2.7737984e-08 1.4395171e-07 7.4583863e-06 7.8116e-09 1.3741248e-07 2.0246431e-10 0.000385445 0.0011566399 2.965252e-07 3.435823e-08 1.0354613e-08 0.006358854
0.8897162 0.044157922 0.5299121 0.10657095 0.0033073425 0.28463438 0.047600426 0.26193175 0.25835875 0.0041166786 0.2535022 0.0010699466 0.04973221 0.5823677 0.00032973997 0.0012691313 0.0031209479 0.0002295596 0.00063257205 0.0005893069 0.10006788 0.00081417273 2.0063977e-05 5.4887467e-05 7.605229e-06 6.9157475e-05 0.99119264 2.028212e-05 2.0544638e-05 0.24720891 3.120365e-13 0.04828182 1.029928e-05 0.008387182 0.0028966921 0.00011460836 0.025042247 1.2080656e-05 0.14801562 0.00037823644 0.00028613518 2.474373e-05 8.818296e-05 3.9948072e-06 7.442574e-05 0.0002551851 0.0019664501 0.3310597 0.9884364 0.003948711 0.47990364 0.0016488839 1.2602302e-06 0.001579021 0.00020623936 1.4394601e-06 0.32994273 0.21952568 2.3699142e-06 9.643974e-06 7.965281e-06 4.8781996e-05 1.4799808e-05 0.05909097 1.2292421e-06 6.0047673e-06 8.206918e-06 3.5894985e-07 2.9424035e-07 0.23758242 0.8202092 0.76816565 0.0005278789 4.361553e-07 7.447317e-05 0.7320163 2.0339967e-06 0.02987873 0.06970052 1.7150534e-05 0.11372059 8.540051e-09 2.1366158e-07 0.012955012 0.0020005633 0.00066122937 0.014675194 0.0003518578 6.3706134e-06 5.535442e-05 1.23948345e-08 6.4554246e-07 2.6947194e-07 4.4841162e-08 1.1783208e-09 0.0044396105 0.0064006825 1.2232935e-07 1.70344e-08 4.8001976e-07 0.023113398
