3.2140396e-33 0.89637166 0.9255825 0.9156655 0.9006022 0.97736746 0.52582324 0.32833263 0.082334176 0.025889957 0.120889746 0.1686778 0.48434222 0.014956097 0.17529392 0.67236364 0.29959327 0.7194929 0.021600183 0.054515187 0.9174794 0.98249555 0.85212624 0.2295175 0.0032188906 0.96367294 0.9706136 0.015748644 0.99151695 0.90849686 0.0013109472 0.74306005 0.017681232 0.8866719 0.9979946 0.87420124 0.95093083 0.22350775 0.90583575 0.7613717 0.0051776953 0.00038070395 0.0022454802 0.010131008 0.05366674 0.0006113203 0.99525744 0.9620987 0.02862929 0.0054401546 0.9759444 0.0007062378 0.059993457 2.343391e-05 0.011575232 0.0003166307 0.43134725 9.2532246e-05 2.202288e-05 0.077314496 1.3201024e-05 0.9599901 0.49568173 0.0009983096 0.06786029 7.44328e-06 3.841384e-06 0.18586977 0.00030094574 0.98870945 0.14731732 1.4012752e-05 0.002018638 0.057356726 0.8258482 0.9771964 0.9970869 0.3532745 0.002384916 0.9319147 3.5910773e-05 0.48506916 1.6645997e-07 0.001913797 0.008497337 0.027653074 6.249436e-07 4.765221e-06 0.9992783 0.0017820289 0.00052599964 0.009316861 8.8496273e-07 0.99863833 1.8699364e-05 0.019394187 8.378343e-06 0.00019244055 0.9973247 0.9978261 8.249507e-07
0.89637166 1.3178263e-19 0.3035764 0.768574 0.055882215 0.026922464 0.59294474 0.08158682 0.5255487 0.57791024 0.007623405 0.52551955 0.00026277857 0.08967468 0.0003211167 3.8901933e-05 0.00010310695 4.274514e-05 0.00024718154 0.00011663432 2.9010242e-05 0.0001573848 6.170254e-06 4.3743705e-05 0.0021462545 1.3826931e-05 5.5987935e-06 8.458172e-05 0.0082352925 1.0160643e-06 0.0015772535 0.26884222 0.18170348 5.465424e-07 1.600215e-05 4.2175043e-07 9.734451e-07 1.8040056e-06 2.7970165e-07 2.7568188e-07 0.11062547 0.00022326263 0.00017103992 0.058027446 3.64917e-05 0.003277548 0.03789183 0.11030997 0.03163356 0.08930235 0.1537001 0.00016240875 0.029093625 0.00013615792 0.024026012 9.800888e-05 1.6894303e-07 0.0045934306 0.0007130875 2.0824271e-07 0.009937169 0.21414226 2.2951163e-08 0.008707353 1.3921495e-07 0.00043590477 0.0026939712 0.011854756 0.00014705762 5.16501e-07 1.1909479e-07 2.952061e-05 7.7744495e-05 1.6384878e-07 1.2039406e-08 1.2446995e-07 0.00023579053 5.0995e-08 4.190822e-05 3.2334938e-07 0.01228995 1.1898893e-08 0.00030089496 5.7569046e-05 9.981861e-08 2.3276426e-08 0.00030799521 0.0015971939 2.7794772e-07 4.1993258e-06 1.5248779e-05 1.6409851e-07 1.2486623e-05 0.0011275272 0.001398615 4.7910756e-08 2.7934975e-05 1.2973892e-06 1.1699971e-08 0.06430999 5.355118e-06
0.9255825 0.3035764 5.675086e-19 0.7992842 0.5872762 0.6822722 0.2908632 0.29203227 0.103127636 0.07473226 0.0541853 0.055105202 0.0060843467 0.09828658 0.0068371 0.0030476076 0.0044578603 0.0015807169 0.006707356 0.005863327 0.00082708127 0.0040682694 0.0026177447 0.0035420614 0.013851229 0.0008574053 0.0011941497 0.0038481946 0.23114146 0.00024986328 0.012449884 0.28410384 0.01817945 0.00014968545 0.0021710226 9.3727685e-05 0.00025389466 0.00091663253 5.5753946e-05 9.552482e-05 0.008428387 0.0025338195 0.0039475323 0.004102489 0.002523169 0.003810418 0.4623207 0.4222458 0.008875179 0.0049222168 0.37975886 0.00215307 0.004963108 0.0008788312 0.0051133237 0.0011107227 7.678702e-05 0.008997112 0.0009301914 2.5097055e-05 0.0018718733 0.21071178 5.422217e-06 0.0011067871 2.6702175e-05 0.00044275893 0.0011874964 0.0022063474 0.00091829844 0.00034135848 2.1614822e-05 0.00026459066 0.0015534773 1.9121806e-05 1.2692288e-05 7.855521e-05 0.018570583 1.2472723e-05 0.001506558 3.9355207e-05 0.0017891988 7.758388e-06 0.00024755616 0.0006644343 1.6617354e-05 3.4057678e-06 0.0007270333 0.00040568667 0.0005651854 7.635771e-05 0.0003509829 7.459824e-06 0.0001852219 0.016172437 7.3663396e-05 2.1648893e-06 0.000113089525 6.71902e-06 8.749225e-06 0.16239013 0.00016836156
0.9156655 0.768574 0.7992842 2.4715278e-19 0.27030012 0.16940032 0.38284138 0.14310387 0.23615353 0.21405384 0.032865193 0.22128393 0.006593039 0.06950744 0.005907792 0.0020551821 0.0030429855 0.0006047926 0.004461335 0.0017259656 0.00028035155 0.0005828344 0.00030903204 0.001342077 0.0053605037 4.5348737e-05 6.877771e-05 0.0026384217 0.03176677 2.4165656e-05 0.0032952372 0.5467943 0.04421275 1.1576103e-05 6.726018e-05 8.297563e-06 1.0977033e-05 8.791501e-05 6.165531e-06 1.5704542e-05 0.033131182 0.0006463468 0.0040629865 0.039869092 0.000486838 0.00186327 0.18741572 0.271626 0.0399356 0.045756977 0.54678005 0.0023867534 0.024306525 0.00016764423 0.028130079 0.0012312627 2.0318477e-05 0.0047947816 0.00047945118 2.0265357e-05 0.0039978735 0.3045158 2.6400135e-06 0.008123103 1.5749027e-05 0.0003351272 0.001927246 0.012558561 0.00060325227 3.873599e-06 8.82047e-06 0.00082917325 0.00083983276 3.2200019e-06 1.4793457e-07 1.0666658e-06 0.001564178 5.26042e-07 0.00022563883 7.06739e-07 0.009780011 6.106152e-07 0.00030119324 0.00010197757 5.091273e-06 8.486346e-07 0.0007218283 0.003383916 1.3380539e-05 9.531719e-06 3.7892816e-05 2.9234773e-06 3.211778e-05 0.007861121 0.00095618656 2.1933222e-06 4.103291e-05 6.100559e-07 1.2865311e-07 0.31079492 1.1331077e-05
0.9006022 0.055882215 0.5872762 0.27030012 5.492237e-21 0.7958199 0.47151226 0.7080087 0.12823437 0.007913643 0.4305366 0.006804397 0.104227036 0.19480206 0.10498688 0.06946918 0.10105023 0.026903573 0.066552 0.041558553 0.021778498 0.12985383 0.039587207 0.03803238 0.104685746 0.039551824 0.046181962 0.023356725 0.5457137 0.0043369015 0.022617558 0.114011966 0.0022351213 0.0017526894 0.044710867 0.00090207765 0.0013446315 0.0054387334 0.0009147558 0.0014440711 0.000522028 0.0154175935 0.022099098 0.0017583667 0.011697228 0.0032613096 0.47294897 0.31941363 0.0043227607 0.0013633021 0.34230718 0.012700692 0.0013168063 0.002512849 0.0012415285 0.006916572 0.0003412906 0.001151354 0.002224579 0.00031311825 0.00013137895 0.081752345 8.990215e-05 0.0002955195 0.00018598372 0.0016602377 0.00016579466 0.00044617878 0.0062992894 0.002258232 0.00017796925 0.00279272 0.0063007344 0.00014677335 0.00015796987 0.0006221748 0.074587695 0.000115656265 0.005313551 0.00019089198 9.350235e-05 4.325882e-05 3.9613724e-06 0.002341479 5.439348e-05 4.8029407e-05 3.7012313e-05 2.6192027e-05 0.005193825 0.00037156502 0.0013710116 6.467238e-05 0.0010289679 0.02173911 5.8433616e-06 5.8945214e-05 0.0007522384 3.3605676e-05 0.00034987606 0.11240717 0.00056565664
0.97736746 0.026922464 0.6822722 0.16940032 0.7958199 3.000914e-19 0.2842938 0.501396 0.057355832 0.0114696985 0.2701596 0.0059790364 0.08945926 0.13682108 0.075628616 0.049059603 0.056620155 0.015189831 0.055596884 0.057782013 0.013627542 0.052879352 0.033864323 0.040477056 0.05150724 0.014843812 0.014365912 0.028781224 0.58432746 0.0022065502 0.027057402 0.10467178 0.003375317 0.0006330388 0.018273644 0.00021945756 0.0006629633 0.0061117196 0.00013954613 0.00041741514 0.0016508665 0.013516895 0.018609583 0.00041959295 0.008709533 0.00674218 0.48157772 0.23756185 0.0018432437 0.00069813844 0.29100743 0.0073221447 0.0005364895 0.0050482387 0.0005338266 0.0045965286 0.00036647086 0.003457028 0.00391516 9.1515365e-05 0.0001711202 0.076956436 9.696238e-06 2.1084657e-05 6.295551e-05 0.0028080465 0.00030467386 9.3679155e-05 0.0023716092 0.0010339344 2.3989147e-05 0.0024721974 0.002303479 1.762442e-05 4.4542754e-05 0.00024409243 0.061386544 3.1488067e-05 0.0022054585 9.97006e-05 0.0001533192 1.2986648e-05 3.8436872e-05 0.0007183655 3.4849094e-05 7.038411e-06 0.0001269648 8.981877e-05 0.002297391 6.975448e-05 0.00049098 1.8496798e-05 0.00040644108 0.028450865 7.425877e-07 5.477031e-06 0.00015808322 7.61972e-06 0.00012349892 0.19083701 0.00028441442
0.52582324 0.59294474 0.2908632 0.38284138 0.47151226 0.2842938 7.6437124e-20 0.5709257 0.6662747 0.2636059 0.23936729 0.22896701 0.010063093 0.58116263 0.017374419 0.007826534 0.012118882 0.0026110986 0.019986266 0.0121423835 0.00096977357 0.004232094 0.0064013386 0.015291537 0.22134532 0.001958636 0.0010311963 0.022704924 0.03959323 0.0004896737 0.1635254 0.09020214 0.105226755 0.00024923403 0.0014251356 8.365182e-05 0.00017040495 0.008725254 5.0926792e-05 0.0003362286 0.029995784 0.047993403 0.039855532 0.0041428767 0.031274512 0.07555607 0.040102534 0.047876593 0.0069096824 0.0055176914 0.07742743 0.019459356 0.0033928135 0.023061683 0.0031683955 0.012938887 0.0009827123 0.04845846 0.034250297 0.0004281219 0.0022453035 0.09346173 1.080688e-05 0.00015498555 0.0003494824 0.017817749 0.002806324 0.0012393967 0.008290191 3.9474588e-05 9.6519114e-05 0.0075645954 0.014531788 4.1841173e-05 2.2453312e-06 1.0613534e-05 0.004437168 8.255634e-06 0.011153736 2.1421512e-05 0.000886061 2.400534e-06 0.00012090172 0.008025656 3.5442677e-05 3.252336e-06 0.00095713855 6.358338e-05 7.4986296e-05 0.00043023736 0.004289953 2.136555e-05 0.0014515471 0.009571458 8.718831e-06 2.6374341e-06 0.001192511 0.00010114865 6.543971e-05 0.008014623 0.0010282543
0.32833263 0.08158682 0.29203227 0.14310387 0.7080087 0.501396 0.5709257 9.601224e-22 0.0848015 0.0041749775 0.8338297 0.010341105 0.055530403 0.15686412 0.13145658 0.088285446 0.08435572 0.02703228 0.076800875 0.050607797 0.018704934 0.037207663 0.024151886 0.06710222 0.19607216 0.026691535 0.031187372 0.053875048 0.14271273 0.003970887 0.047887724 0.039788384 0.004485573 0.0029564945 0.029549295 0.0014329823 0.0026845702 0.017880168 0.0012000983 0.0020259907 0.00057842006 0.03495013 0.041040916 0.0011493996 0.030546116 0.0126651125 0.12637125 0.052769426 0.0016036592 0.00081982894 0.06340751 0.018868767 0.0003688757 0.011660423 0.0002828305 0.011683064 0.00088348833 0.003981243 0.010375853 0.00060610124 7.4660835e-05 0.036315594 0.000101177306 5.193871e-05 0.00033047222 0.0071255937 0.00012368741 0.00011457546 0.009133216 0.0007053342 0.00028235884 0.0058673345 0.011271365 0.00015055935 8.099451e-05 0.0003042688 0.014097526 7.583686e-05 0.006217742 0.00032755634 4.891141e-05 3.580572e-05 4.016532e-06 0.0012649456 5.391149e-05 1.6025378e-05 4.6099394e-05 6.799091e-06 0.0017058342 0.00013297022 0.0004928332 5.8225156e-05 0.0010578923 0.011118594 5.844777e-08 3.2043008e-05 0.00020959668 6.449327e-05 0.0001794943 0.024304084 0.000247661
0.082334176 0.5255487 0.103127636 0.23615353 0.12823437 0.057355832 0.6662747 0.0848015 2.6918892e-20 0.49615374 0.024060966 0.56062657 0.0025277727 0.20720762 0.0032433278 0.0014022952 0.0021821975 0.0001134922 0.001338869 0.0008282135 4.9896556e-05 0.0005927293 0.0006885725 0.00038301517 0.03330594 0.00018025833 5.5409037e-05 0.00079968415 0.005800444 6.775816e-05 0.026274752 0.027546918 0.11553115 4.2943146e-05 1.200891e-05 4.251491e-05 2.2654018e-05 0.00043690158 2.0626898e-05 8.840079e-05 0.069511436 0.0071624997 0.0024695382 0.024113862 0.0023518382 0.010307938 0.004485738 0.0068207006 0.0066427523 0.037069526 0.01610464 0.0013869767 0.0064545916 0.003280256 0.0043931254 0.00076639967 0.00012517952 0.01810356 0.005631763 1.0220388e-05 0.0027797227 0.027492756 2.1917194e-05 0.0011703834 7.430755e-06 0.002723109 0.0042203274 0.002543214 0.00060045096 3.3135836e-06 6.0674403e-05 0.0006113203 0.004992614 7.917333e-06 2.0728095e-07 1.3454762e-06 0.00012310735 7.3362907e-07 0.0029554458 1.3799549e-06 0.0045026075 1.3106996e-06 0.0003732782 0.0016032868 5.4530406e-06 3.414651e-07 0.0012221044 0.00031413787 8.392498e-06 4.3532295e-05 0.0011837753 2.5030462e-05 0.0004860109 0.0008926674 2.395086e-05 1.4765795e-06 0.0004368024 2.0445836e-05 3.6768577e-07 0.008675073 0.00025804987
0.025889957 0.57791024 0.07473226 0.21405384 0.007913643 0.0114696985 0.2636059 0.0041749775 0.49615374 1.6714877e-22 0.0015505608 0.7459276 3.9331528e-05 0.02887223 4.906595e-05 1.3809008e-05 1.5623067e-05 4.7148546e-06 1.9540648e-05 1.6541962e-05 2.6077564e-06 2.567769e-05 3.2765445e-06 3.5249845e-06 0.0010586296 8.816821e-06 2.3022917e-06 7.521272e-06 0.00079712993 8.5518445e-07 0.0004531588 0.02690644 0.12573946 5.853644e-07 6.441705e-07 9.0563464e-07 6.4798377e-07 7.293062e-07 4.6199918e-07 3.656663e-07 0.080471374 9.527107e-05 4.3965196e-05 0.050530616 3.268831e-05 0.0012524246 0.0007157361 0.0019929921 0.008512334 0.076858625 0.009534843 4.897507e-05 0.0071410425 9.72189e-05 0.011069328 3.196923e-05 5.0846864e-07 0.0005138095 0.0003006712 9.267226e-08 0.002917958 0.033516582 8.2606185e-08 0.0052056937 4.2177348e-08 0.00019300575 0.002019363 0.0019318401 4.591323e-05 1.2124873e-07 3.1138052e-07 2.037199e-05 9.36162e-05 5.4746394e-08 6.254414e-09 2.1781469e-08 1.6956182e-06 5.400998e-09 5.7085097e-05 6.460109e-08 0.012343817 5.6998486e-09 0.00014072245 3.9322564e-05 3.5021657e-08 1.9749538e-09 3.1473868e-05 0.001810532 1.9248882e-06 1.1073391e-06 3.4088564e-05 1.8058068e-07 3.054869e-05 0.00041294258 0.00059785746 1.2163354e-08 5.2670563e-05 1.0947086e-06 1.3099098e-08 0.01329853 4.285731e-05
0.120889746 0.007623405 0.0541853 0.032865193 0.4305366 0.2701596 0.23936729 0.8338297 0.024060966 0.0015505608 9.19902e-23 0.0041438686 0.119300686 0.11979248 0.6687748 0.19063754 0.34695923 0.038590476 0.40590936 0.2903008 0.02440102 0.048934247 0.10422364 0.26739058 0.29770193 0.04443363 0.038804688 0.18268889 0.1034238 0.013152248 0.090296626 0.005680371 0.0020394104 0.0064428234 0.059357174 0.0036316551 0.004872154 0.03568908 0.0023902464 0.00651647 0.00060132553 0.09438423 0.1825062 0.00030042816 0.046745304 0.010040858 0.024287771 0.00663939 0.0003851352 0.00025866757 0.010927557 0.08460434 3.934496e-05 0.027017612 2.0361365e-05 0.061003037 0.0028113306 0.0017049949 0.017704075 0.0022915083 4.6141617e-05 0.005855942 0.0006012707 6.507623e-06 0.0015463919 0.013153147 9.908249e-05 3.766623e-05 0.0456704 0.00187898 0.0011530324 0.02341838 0.030085545 0.0008024343 0.0001432655 0.0010057758 0.014964579 0.00024591468 0.016496288 0.0009662973 2.7742843e-05 0.00012344924 2.7128635e-06 0.0047827885 0.00021853528 6.8205445e-05 1.5760987e-05 3.0822994e-06 0.0024227651 0.0006036821 0.0029889494 0.00024372817 0.0078073977 0.0069387206 5.2641234e-09 0.00013625014 0.0014093083 0.00032733777 0.0005396378 0.0074403468 0.0010426908
0.1686778 0.52551955 0.055105202 0.22128393 0.006804397 0.0059790364 0.22896701 0.010341105 0.56062657 0.7459276 0.0041438686 8.218102e-21 3.920035e-05 0.052126214 0.00017152916 2.7510936e-05 6.2715444e-05 1.4861891e-06 0.00024419138 0.000117870804 6.004965e-07 1.051036e-05 1.7627748e-05 3.7750164e-05 0.0060572284 1.8986013e-05 1.7622796e-06 0.00022063356 0.0015160779 2.9323398e-06 0.0025856646 0.04175353 0.20797892 2.3048312e-06 1.0276964e-06 2.7949884e-06 2.418432e-06 1.1968494e-05 2.9762273e-07 1.7900743e-06 0.13440576 0.0014332986 0.0005159538 0.097193435 0.00019686292 0.003401491 0.0014202931 0.0048951427 0.023326881 0.11587026 0.01213 0.00077610335 0.021769602 0.00096546323 0.023901187 0.00047176168 1.6863148e-06 0.008626789 0.002300286 1.7752903e-06 0.012957786 0.052425414 1.0040213e-07 0.014642621 1.2794316e-06 0.001211322 0.00820828 0.008935004 0.00065800647 1.8256937e-06 7.2574755e-07 0.00023126985 0.00093655445 1.1638331e-06 6.319575e-09 4.810436e-07 0.00017224667 1.3288113e-07 0.00028567523 1.45136e-06 0.026060326 1.0455549e-08 0.0010921154 0.00039140132 1.5377921e-07 4.943076e-08 0.0014927788 0.0074024284 2.272069e-06 3.340904e-06 0.0005583829 1.7746477e-07 3.758435e-05 0.001842632 0.0008242151 3.191155e-08 0.00023698466 1.639486e-06 1.4627078e-07 0.015073025 6.7723806e-05
0.48434222 0.00026277857 0.0060843467 0.006593039 0.104227036 0.08945926 0.010063093 0.055530403 0.0025277727 3.9331528e-05 0.119300686 3.920035e-05 1.4008724e-19 0.010971874 0.42925674 0.79791397 0.50485057 0.6078507 0.12670295 0.12384207 0.39223075 0.52485305 0.1605716 0.23594195 0.021225583 0.10171879 0.098242626 0.060016807 0.3949198 0.02455381 0.0040701926 0.000833621 9.710836e-05 0.0112130195 0.22215343 0.0036867354 0.008035765 0.04199517 0.0022031146 0.00993219 4.561506e-05 0.0074253185 0.038888026 5.0286744e-05 0.043542277 0.0004560745 0.06108184 0.0061038593 6.277798e-05 1.7671156e-05 0.0124441795 0.025967106 1.0687916e-05 0.0021065816 4.2792553e-06 0.023835976 0.0038357466 0.00025431704 0.0018062075 0.0019355014 3.754145e-06 0.0022135817 0.0002836573 1.3388791e-06 0.0016148749 0.0014930494 7.4354975e-06 6.7234364e-06 0.015905036 0.0070476946 0.00063265016 0.009204786 0.020914573 0.00040817604 6.795529e-05 0.0006967964 0.11817245 9.778517e-05 0.013808306 0.0007709756 1.2520262e-05 0.00013922286 2.8961946e-07 0.0062306756 0.00035298386 0.0001292118 1.4034142e-06 4.7321276e-07 0.006547034 0.0010257806 0.003926793 0.00019293047 0.0018662168 0.01360801 6.0125316e-08 0.00019283003 0.0022164893 0.00027073044 0.00042264108 0.019418847 0.00081999006
0.014956097 0.08967468 0.09828658 0.06950744 0.19480206 0.13682108 0.58116263 0.15686412 0.20720762 0.02887223 0.11979248 0.052126214 0.010971874 2.8183894e-18 0.018862158 0.016352512 0.014686255 0.0017776783 0.017803514 0.013184129 0.0012865884 0.004491095 0.010396693 0.017169347 0.40707088 0.0032509891 0.0021554038 0.01613075 0.015700627 0.001898719 0.23280755 0.026701465 0.03458443 0.0015211097 0.0017717927 0.0006687166 0.00061807735 0.004964322 0.0008177109 0.0021044672 0.009127016 0.07735738 0.13955942 0.0061285435 0.018987775 0.07059387 0.012629278 0.012866398 0.008890363 0.004283259 0.03949527 0.036290765 0.004550815 0.05144976 0.0032161719 0.021572687 0.0016790024 0.03966885 0.056175362 0.0005282918 0.0010442825 0.014516717 0.0002720683 0.00076311047 0.0002846915 0.04013703 0.0022360517 0.0015777596 0.025133295 0.00017902654 0.00054346427 0.02444885 0.016130172 0.00022532445 6.124524e-05 8.517116e-05 0.00600313 8.033409e-05 0.009870718 9.9862555e-05 0.0010629275 0.000104689105 0.00035679206 0.0045242263 0.00014607848 3.0882125e-05 0.006385672 0.00032117093 0.00034841063 0.0005358597 0.0036053304 0.00022827595 0.007495391 0.0070117875 3.8247385e-05 4.899264e-05 0.0029756175 0.00022925594 0.00052665366 0.008518449 0.0039372905
0.17529392 0.0003211167 0.0068371 0.005907792 0.10498688 0.075628616 0.017374419 0.13145658 0.0032433278 4.906595e-05 0.6687748 0.00017152916 0.42925674 0.018862158 3.04976e-22 0.6891789 0.87763536 0.20768286 0.43288362 0.44649318 0.07587899 0.0908132 0.14078178 0.39345568 0.07342501 0.04425937 0.046066165 0.16484962 0.094117805 0.014422202 0.017748969 0.0005664732 0.00028045074 0.00673182 0.12221209 0.0026395442 0.0046190564 0.04287579 0.0016033786 0.0062143416 6.767079e-05 0.031594522 0.094139926 1.1826383e-05 0.051406883 0.0016043383 0.009455767 0.0025303399 2.16677e-05 6.3116463e-06 0.0041455207 0.057945073 1.896803e-06 0.008028171 6.5981646e-07 0.053855162 0.0013453217 0.00029459063 0.0042340863 0.0009168953 6.1980622e-06 0.0012311217 0.0001379263 2.8650612e-07 0.0007255985 0.0033186248 1.6138963e-05 2.8867626e-06 0.04100314 0.0031081282 0.00032467552 0.025906172 0.028095497 0.00022068426 7.1156996e-05 0.0009814717 0.015491094 0.000121189274 0.011418229 0.0015483096 1.4252687e-06 2.850823e-05 4.3840888e-07 0.0053066434 0.00011483954 2.9619481e-05 9.741444e-07 4.891952e-07 0.0051744613 0.0004813747 0.0036126012 7.1955954e-05 0.0070029623 0.005398002 2.575683e-09 3.8616134e-05 0.0025933683 0.0003169385 0.00036456235 0.004872493 0.0014233657
0.67236364 3.8901933e-05 0.0030476076 0.0020551821 0.06946918 0.049059603 0.007826534 0.088285446 0.0014022952 1.3809008e-05 0.19063754 2.7510936e-05 0.79791397 0.016352512 0.6891789 8.92561e-19 0.8230865 0.5250558 0.32104087 0.3480985 0.27610278 0.1674829 0.421676 0.5163169 0.035262223 0.08121488 0.117108576 0.25090727 0.20124692 0.03848392 0.013660091 0.00032154634 8.140423e-05 0.022142982 0.24100733 0.006063658 0.01155765 0.100442834 0.004409672 0.013586121 2.3808821e-05 0.03156308 0.1262457 7.0376664e-06 0.09956262 0.0027835823 0.026509153 0.005274451 1.0958769e-05 5.4317397e-06 0.0049009905 0.07681873 1.9969739e-06 0.005999891 4.519107e-07 0.08648321 0.0058272514 0.00050443405 0.003450258 0.0036342624 6.1417404e-06 0.0009388926 0.00041059725 2.9025375e-07 0.0041058804 0.0035440465 1.6689617e-05 1.8129808e-06 0.060762268 0.0076545747 0.0008178494 0.053663954 0.051637705 0.00053709146 0.000459003 0.0015818599 0.064749524 0.00049878546 0.028224034 0.002146446 1.7473002e-06 0.000149838 1.7451204e-06 0.011870385 0.0004470304 0.00013681706 4.5839843e-06 8.0690734e-07 0.009222215 0.00084589346 0.010680861 0.00035156298 0.006432181 0.009176957 3.6555527e-08 0.00010318869 0.0051850425 0.00021278003 0.0014847874 0.005073592 0.0032314705
0.29959327 0.00010310695 0.0044578603 0.0030429855 0.10105023 0.056620155 0.012118882 0.08435572 0.0021821975 1.5623067e-05 0.34695923 6.2715444e-05 0.50485057 0.014686255 0.87763536 0.8230865 2.7427302e-21 0.2409349 0.35888067 0.36665863 0.08882638 0.09881505 0.33258116 0.6235361 0.05084538 0.07451862 0.074062005 0.18668729 0.13381056 0.031701576 0.015117891 0.00021740425 0.00015200568 0.020437712 0.16965692 0.005827869 0.0099460725 0.115890644 0.003577442 0.017807012 2.5972142e-05 0.024844533 0.09607546 6.063041e-06 0.09678587 0.0013555493 0.013819806 0.003171284 8.06924e-06 2.8980028e-06 0.003848059 0.05996343 1.294418e-06 0.004145503 2.9884174e-07 0.058751147 0.0042645163 0.00024975534 0.0022151815 0.0025157959 2.6981463e-06 0.00054105226 0.000545429 1.5411321e-07 0.002570675 0.0020901312 7.3488422e-06 2.2418862e-06 0.045956466 0.008910501 0.0010539258 0.028276118 0.040268045 0.0005133469 0.00011334239 0.0016576952 0.031177545 0.00021041802 0.02164792 0.002128947 7.5774534e-07 9.898153e-05 2.7167198e-07 0.008839136 0.00028150599 5.870718e-05 5.6223547e-07 1.2176613e-07 0.007817023 0.00079565984 0.006489542 0.0001794455 0.0044645076 0.005960195 1.7714451e-09 7.0596776e-05 0.0040711476 0.00034489797 0.0006589691 0.00587393 0.0014239857
0.7194929 4.274514e-05 0.0015807169 0.0006047926 0.026903573 0.015189831 0.0026110986 0.02703228 0.0001134922 4.7148546e-06 0.038590476 1.4861891e-06 0.6078507 0.0017776783 0.20768286 0.5250558 0.2409349 8.623589e-18 0.08220692 0.18173218 0.788733 0.6001152 0.18298481 0.1443543 0.002750788 0.21987839 0.2148504 0.08956273 0.1776766 0.034779053 0.00060859625 7.353881e-05 1.1185414e-05 0.022307254 0.26592982 0.0047514155 0.012596283 0.026104445 0.005155198 0.015560018 2.2940683e-06 0.0019282213 0.035889268 2.5047093e-06 0.018653356 0.00034676385 0.03143978 0.0029734147 3.6455856e-06 9.414426e-07 0.005093894 0.014999892 5.9125483e-07 0.0006058646 2.9631687e-07 0.019931085 0.005080904 1.2442131e-05 0.00019782312 0.0014878698 1.262038e-06 0.00019529404 0.00027945332 2.847516e-07 0.0015186752 0.00016857652 2.4412034e-06 5.520891e-07 0.014044956 0.0047058393 0.00048552995 0.012727785 0.006578354 0.00017747315 0.00025847103 0.0006095419 0.07779196 0.0001409934 0.0034524316 0.00084776594 7.1091523e-07 0.00019741736 2.5489015e-07 0.0019239745 0.00013118127 6.609066e-05 7.8909983e-07 1.9998593e-06 0.007203224 0.00019823767 0.0017888765 4.4908073e-05 0.0008904389 0.023559071 2.384495e-07 2.8994393e-05 0.0006213145 2.8227309e-05 0.0006066455 0.011235658 0.00042022445
0.021600183 0.00024718154 0.006707356 0.004461335 0.066552 0.055596884 0.019986266 0.076800875 0.001338869 1.9540648e-05 0.40590936 0.00024419138 0.12670295 0.017803514 0.43288362 0.32104087 0.35888067 0.08220692 1.9066865e-22 0.84664315 0.027305132 0.026425926 0.15646331 0.2305352 0.1219241 0.026595095 0.031858865 0.6130394 0.018741423 0.021415552 0.028204389 0.00017995089 0.00057992304 0.015646301 0.05133598 0.004302111 0.0053177406 0.07457317 0.0023408148 0.012424595 0.00012323716 0.05506166 0.22157124 1.0097714e-05 0.07729691 0.002941896 0.0025674885 0.00089449616 4.204433e-05 4.4902786e-06 0.0011561734 0.109039836 6.05367e-06 0.010656432 1.2871835e-06 0.09840229 0.0026095938 0.0004876551 0.0045688837 0.00094596366 6.3258676e-06 0.00032567684 0.00044783537 4.0290826e-07 0.00090541743 0.004358385 1.0496057e-05 1.7344328e-05 0.06976 0.0017051379 0.0008121855 0.05137577 0.027327381 0.0003361853 5.906767e-05 0.0005702679 0.0056117196 0.00013122932 0.010079733 0.00085817516 1.2919861e-06 6.374694e-05 6.066191e-07 0.004276516 0.00010614562 5.1114755e-05 1.8725373e-06 3.897445e-07 0.0018531219 0.00023824189 0.0041016047 9.759633e-05 0.012213668 0.0031615875 1.27405695e-08 4.2678133e-05 0.0027511711 0.00017547196 0.00029783446 0.001574787 0.0040669832
0.054515187 0.00011663432 0.005863327 0.0017259656 0.041558553 0.057782013 0.0121423835 0.050607797 0.0008282135 1.6541962e-05 0.2903008 0.000117870804 0.12384207 0.013184129 0.44649318 0.3480985 0.36665863 0.18173218 0.84664315 3.1738282e-21 0.056197572 0.04095778 0.19958302 0.26180995 0.0929106 0.045232013 0.06565732 0.6171346 0.032195307 0.03943183 0.026198518 6.202891e-05 0.00056738174 0.03439797 0.10713171 0.008417821 0.011392243 0.10204543 0.009759039 0.02250883 6.471261e-05 0.0612792 0.21980162 6.7698843e-06 0.123195805 0.0057943068 0.006514845 0.0014728295 2.3672545e-05 1.9966121e-06 0.00097348745 0.12465866 2.7601031e-06 0.016188309 5.8360075e-07 0.13138185 0.00517829 0.0005167124 0.006942414 0.0022708487 2.2071983e-06 0.00029823833 0.00097477 2.7829253e-07 0.001937788 0.0051192665 4.4274607e-06 1.6828391e-05 0.095726855 0.0060441867 0.0013188027 0.085829005 0.04937114 0.00065428356 0.00027941068 0.0015196814 0.009281843 0.0003743361 0.020305956 0.0016793243 3.5800971e-07 0.0002837201 6.4338155e-07 0.011044164 0.00044627753 0.00010366936 1.9028273e-06 2.4035702e-07 0.0036633916 0.0013386046 0.008252282 0.0005706156 0.016986296 0.0057655033 2.9859088e-08 0.00026539684 0.00582411 0.00048605909 0.0009981529 0.002864332 0.009771545
0.9174794 2.9010242e-05 0.00082708127 0.00028035155 0.021778498 0.013627542 0.00096977357 0.018704934 4.9896556e-05 2.6077564e-06 0.02440102 6.004965e-07 0.39223075 0.0012865884 0.07587899 0.27610278 0.08882638 0.788733 0.027305132 0.056197572 1.1808335e-17 0.59799474 0.16870426 0.11051314 0.0013063314 0.27205202 0.28213564 0.030778904 0.20941941 0.03551461 0.00037557888 2.6591959e-05 4.3510818e-06 0.019334994 0.44664243 0.0038951957 0.013122324 0.023330046 0.0032341497 0.014153742 1.1367948e-06 0.0011860376 0.018344343 5.091261e-07 0.0142220445 0.00021368658 0.039889988 0.0019894838 2.1985115e-06 7.182068e-07 0.0027667803 0.007771918 5.134786e-07 0.00038576804 3.7862327e-07 0.0066336435 0.0031928346 1.43879515e-05 9.930224e-05 0.0010617448 7.075854e-07 7.390151e-05 0.00021453867 2.934999e-07 0.0013374046 0.00010382925 1.2181591e-06 6.726807e-07 0.0067994343 0.0050960123 0.00029117495 0.0030750374 0.004646045 0.000100445 0.00012699267 0.0003846914 0.11864932 6.088957e-05 0.0027339899 0.0005463153 1.120282e-06 0.0001238145 1.7699102e-07 0.0017334028 9.465226e-05 3.368666e-05 4.8996003e-07 9.0129726e-07 0.005718446 0.00014938798 0.0016385075 3.168988e-05 0.0003717823 0.025313526 1.87896e-07 1.762205e-05 0.00068474223 3.6488986e-05 0.00040184802 0.014778766 0.00040168557
0.98249555 0.0001573848 0.0040682694 0.0005828344 0.12985383 0.052879352 0.004232094 0.037207663 0.0005927293 2.567769e-05 0.048934247 1.051036e-05 0.52485305 0.004491095 0.0908132 0.1674829 0.09881505 0.6001152 0.026425926 0.04095778 0.59799474 6.492435e-19 0.25173524 0.21838933 0.0037905762 0.17895532 0.17060935 0.018541478 0.5536178 0.04829529 0.0008310757 5.8219604e-05 4.0368177e-05 0.0141543355 0.6106617 0.0059407614 0.018407874 0.048527032 0.0040847296 0.01303591 2.2838403e-05 0.002045785 0.008561259 9.338779e-06 0.019741347 0.00020036279 0.06469433 0.001922807 8.8290635e-06 2.1806425e-05 0.007487108 0.005254144 3.2399962e-06 0.00057256053 4.543794e-06 0.004778271 0.0058224215 0.00021917833 0.00019031542 0.0033763521 1.1687822e-05 0.00024642574 0.00050290185 1.6273914e-06 0.003986908 0.00030226883 8.217977e-06 1.0250848e-06 0.0046131727 0.005277495 0.0008320289 0.0023981363 0.004402203 0.00051698816 6.5066386e-05 0.00031716077 0.20028186 8.798866e-05 0.0035399997 0.0003296296 1.853729e-05 0.00021474625 1.1177811e-07 0.002662189 0.00049306074 0.000151583 1.3364731e-06 1.5951615e-06 0.004696288 0.0006586072 0.0018628772 0.00022458474 0.00024619672 0.06012262 1.434117e-07 8.017688e-05 0.001511345 0.00031043898 0.000109456676 0.049606707 0.0006583099
0.85212624 6.170254e-06 0.0026177447 0.00030903204 0.039587207 0.033864323 0.0064013386 0.024151886 0.0006885725 3.2765445e-06 0.10422364 1.7627748e-05 0.1605716 0.010396693 0.14078178 0.421676 0.33258116 0.18298481 0.15646331 0.19958302 0.16870426 0.25173524 1.3007757e-18 0.81098855 0.028165637 0.31597027 0.45120335 0.20337959 0.30374002 0.5128569 0.009084508 0.00010256226 4.3493124e-05 0.4462189 0.47371814 0.16784008 0.20883441 0.5646191 0.18387352 0.42373 1.0582193e-05 0.023537032 0.1474809 3.3607937e-06 0.3907161 0.0009471313 0.037413027 0.018486796 3.6177778e-06 2.5360932e-06 0.0038649295 0.09686257 8.0891135e-07 0.0011341879 2.7680179e-07 0.07347412 0.19042248 5.8817357e-05 0.00080947526 0.06592693 2.6033308e-06 0.00017258241 0.021462081 5.446521e-07 0.077944644 0.0006479264 8.183463e-06 1.67808e-06 0.08570247 0.22359742 0.023127737 0.024948137 0.122244135 0.013106761 0.024221195 0.06961534 0.22770874 0.00791861 0.11878649 0.03541289 6.0962265e-07 0.00474721 7.5158835e-07 0.05154117 0.007947131 0.0029069062 2.7383915e-06 4.815549e-07 0.102946505 0.010663437 0.034353808 0.0061575845 0.001961975 0.028808123 5.5757816e-09 0.0031335051 0.013194116 0.0015133085 0.037871093 0.0053707096 0.005502571
0.2295175 4.3743705e-05 0.0035420614 0.001342077 0.03803238 0.040477056 0.015291537 0.06710222 0.00038301517 3.5249845e-06 0.26739058 3.7750164e-05 0.23594195 0.017169347 0.39345568 0.5163169 0.6235361 0.1443543 0.2305352 0.26180995 0.11051314 0.21838933 0.81098855 1.8855535e-20 0.046814065 0.23662636 0.23730549 0.21429595 0.18839578 0.35014492 0.004669283 5.373727e-05 6.0099323e-05 0.29984432 0.45184818 0.10819104 0.16608717 0.7544929 0.07100222 0.42897594 3.2395853e-06 0.018992867 0.23929748 6.0446325e-07 0.50223696 0.00016602677 0.015608707 0.0047650696 9.24068e-06 4.060052e-07 0.0005919751 0.1315362 2.2209654e-06 0.0008404621 8.6793784e-07 0.07391027 0.16739844 1.1279583e-05 0.00019332848 0.09065831 1.9923563e-07 6.042933e-05 0.020977102 1.2238176e-07 0.068714425 0.000105217776 2.48694e-07 8.249472e-06 0.091494545 0.13954172 0.019337524 0.019528234 0.109863184 0.017412746 0.004690373 0.03152976 0.081464015 0.0029425481 0.085166946 0.016043738 1.4586792e-07 0.0030377214 6.1237757e-09 0.030897079 0.003270936 0.0015299276 8.869436e-08 3.4501127e-08 0.055470835 0.0054732645 0.021402968 0.0023352115 0.001423735 0.017560532 7.07695e-10 0.001120802 0.0056627705 0.00073345704 0.009558838 0.004965259 0.0030814903
0.0032188906 0.0021462545 0.013851229 0.0053605037 0.104685746 0.05150724 0.22134532 0.19607216 0.03330594 0.0010586296 0.29770193 0.0060572284 0.021225583 0.40707088 0.07342501 0.035262223 0.05084538 0.002750788 0.1219241 0.0929106 0.0013063314 0.0037905762 0.028165637 0.046814065 2.5746503e-21 0.0020869307 0.0016865226 0.23369104 0.007401436 0.0011988394 0.57418805 0.0019940273 0.018167205 0.0010420606 0.002468361 0.0003342469 0.00017712366 0.015735952 0.0003597607 0.0016960382 0.0033985197 0.5157836 0.4573931 0.00026666612 0.09309134 0.21558361 0.0008966677 0.001237156 0.00053605955 0.0003684819 0.0024680784 0.24719876 0.00018630858 0.29140112 0.000102201884 0.20089056 0.0026300938 0.039097518 0.26346463 0.00038006064 0.00032092567 0.0017023156 9.622895e-05 2.3072911e-05 0.00026765928 0.20265251 0.00063248636 0.00029572137 0.21096407 3.807165e-05 0.00020938809 0.22905321 0.08848491 6.4869244e-05 9.789533e-06 1.6755544e-05 0.00082351745 1.5367146e-05 0.022539772 1.8580191e-05 0.00026050993 1.7244349e-05 6.5767104e-05 0.006825025 8.421164e-05 1.0399588e-05 0.0014052826 9.899862e-05 0.0003273793 0.00032272667 0.012875524 0.00032772226 0.046837933 0.0041008107 7.734905e-07 3.6829046e-05 0.019606037 0.00015114748 0.00039843214 0.0003843159 0.023584541
0.96367294 1.3826931e-05 0.0008574053 4.5348737e-05 0.039551824 0.014843812 0.001958636 0.026691535 0.00018025833 8.816821e-06 0.04443363 1.8986013e-05 0.10171879 0.0032509891 0.04425937 0.08121488 0.07451862 0.21987839 0.026595095 0.045232013 0.27205202 0.17895532 0.31597027 0.23662636 0.0020869307 8.4170135e-18 0.8765337 0.02003551 0.3008413 0.17307289 0.0003844039 1.7610208e-05 1.3679689e-05 0.09222741 0.586118 0.08818194 0.2832624 0.09507866 0.054735847 0.07802413 5.413526e-06 0.00070281955 0.0134784905 2.3333457e-06 0.05428627 0.00012644463 0.03447082 0.0028146305 6.8439326e-06 3.958687e-06 0.001413334 0.0084231775 2.5065037e-06 0.00012240295 1.773089e-06 0.0060278643 0.03345182 5.765173e-05 0.0001537752 0.02415446 2.7808546e-06 5.3798954e-05 0.012077052 5.106072e-07 0.026562613 0.00015161335 1.6933866e-06 1.6848152e-06 0.00840045 0.12955396 0.012556842 0.0019928885 0.011089493 0.009459171 0.0019466575 0.027412184 0.31798548 0.0025865054 0.017311007 0.017880928 2.4499448e-06 0.0033612824 7.071345e-08 0.0060861916 0.0041439002 0.0015125454 3.516102e-07 7.600462e-07 0.065746985 0.002627123 0.0046543228 0.0024735972 0.00024477122 0.05403052 3.6212153e-08 0.0016046505 0.002474005 0.0004603071 0.0024563167 0.017868577 0.000750354
0.9706136 5.5987935e-06 0.0011941497 6.877771e-05 0.046181962 0.014365912 0.0010311963 0.031187372 5.5409037e-05 2.3022917e-06 0.038804688 1.7622796e-06 0.098242626 0.0021554038 0.046066165 0.117108576 0.074062005 0.2148504 0.031858865 0.06565732 0.28213564 0.17060935 0.45120335 0.23730549 0.0016865226 0.8765337 2.9664658e-16 0.03006591 0.2816902 0.2956123 0.00041977363 1.9891404e-05 2.308809e-06 0.16626985 0.60045815 0.14658833 0.41105652 0.15878278 0.13380614 0.15133655 6.4919124e-07 0.00048713404 0.017885268 1.320611e-07 0.07972056 5.317127e-05 0.031160746 0.00457939 5.076411e-07 2.7254936e-07 0.0014270036 0.009127555 1.3268372e-07 9.3228104e-05 8.432692e-08 0.005125432 0.08472933 1.6147045e-05 3.654669e-05 0.03142061 6.8402096e-07 6.758902e-05 0.03289637 6.511694e-08 0.04046885 5.371831e-05 6.822613e-07 2.169286e-07 0.008247491 0.14856991 0.020401042 0.001853114 0.017012704 0.013752465 0.005619048 0.033545353 0.3243809 0.003235402 0.02209089 0.021883354 1.855393e-07 0.00576287 8.3809645e-08 0.00833334 0.005617698 0.0017707157 3.9894903e-07 2.6667996e-07 0.08016245 0.003227776 0.005341849 0.0030192067 0.00012155156 0.06266788 2.0697547e-08 0.0018157236 0.0023277462 0.0003794815 0.0050731353 0.010557019 0.00047325977
0.015748644 8.458172e-05 0.0038481946 0.0026384217 0.023356725 0.028781224 0.022704924 0.053875048 0.00079968415 7.521272e-06 0.18268889 0.00022063356 0.060016807 0.01613075 0.16484962 0.25090727 0.18668729 0.08956273 0.6130394 0.6171346 0.030778904 0.018541478 0.20337959 0.21429595 0.23369104 0.02003551 0.03006591 1.8040312e-21 0.011888907 0.032652035 0.04911705 1.5405782e-05 0.0006239831 0.02443455 0.033536732 0.0042991294 0.005552263 0.16004041 0.0035116524 0.02621042 6.5644286e-05 0.13332726 0.5787387 8.171765e-06 0.28752226 0.002008333 0.0012904506 0.0004830171 5.2722276e-05 3.9560455e-06 0.00015398843 0.393719 8.194272e-06 0.00958474 1.8739324e-06 0.3332161 0.007856938 0.0006259418 0.005202031 0.002165543 2.9157673e-06 3.5561536e-06 0.0017589738 6.6263203e-07 0.0020762058 0.005531949 7.733014e-06 2.3952161e-05 0.22756827 0.0016677525 0.0018917659 0.17306279 0.07251617 0.0007314792 8.9309186e-05 0.00068272476 0.007270125 0.0001084548 0.017438969 0.0008567021 1.4638528e-06 0.00023440405 9.920087e-07 0.005820023 0.00016721648 0.00011063396 3.784289e-06 1.343358e-06 0.0014901112 0.00034483368 0.007984344 0.0002932737 0.024705265 0.002200325 1.8834012e-08 0.00012604948 0.0072863298 0.00013999628 0.00026661123 0.0002054794 0.014163045
0.99151695 0.0082352925 0.23114146 0.03176677 0.5457137 0.58432746 0.03959323 0.14271273 0.005800444 0.00079712993 0.1034238 0.0015160779 0.3949198 0.015700627 0.094117805 0.20124692 0.13381056 0.1776766 0.018741423 0.032195307 0.20941941 0.5536178 0.30374002 0.18839578 0.007401436 0.3008413 0.2816902 0.011888907 2.7277185e-19 0.12276344 0.0011058913 0.0028668202 0.0009909772 0.047234476 0.49135834 0.02902989 0.094082214 0.047610763 0.015424939 0.034820296 0.0002076984 0.002717535 0.0076936083 0.00014228854 0.02089993 3.903453e-05 0.4190132 0.044325463 0.00055573886 0.00018365678 0.096047126 0.00404192 0.00019722278 0.00023704751 0.0003837204 0.0033208476 0.007634971 0.000224751 0.00026400387 0.0045909258 1.5644791e-05 0.0028372619 0.0017162716 1.6591611e-06 0.004526414 0.00030836376 5.0990093e-06 4.7961854e-05 0.002175008 0.044777155 0.0019933344 0.0014624791 0.006360452 0.001393333 0.0015783355 0.009685697 0.31501523 0.0039698062 0.0067888545 0.007016717 2.76006e-05 0.0007574752 1.1898689e-08 0.0020973235 0.0009963469 0.00084924995 2.9209036e-07 5.2868035e-07 0.037271664 0.0006035973 0.0008632974 0.0003457013 0.0006033248 0.1846618 4.473054e-08 0.00045880477 0.0006694511 9.582948e-05 0.0011023807 0.46756327 0.00013303579
0.90849686 1.0160643e-06 0.00024986328 2.4165656e-05 0.0043369015 0.0022065502 0.0004896737 0.003970887 6.775816e-05 8.5518445e-07 0.013152248 2.9323398e-06 0.02455381 0.001898719 0.014422202 0.03848392 0.031701576 0.034779053 0.021415552 0.03943183 0.03551461 0.04829529 0.5128569 0.35014492 0.0011988394 0.17307289 0.2956123 0.032652035 0.12276344 2.5978982e-18 0.00074321055 3.284273e-05 8.409652e-06 0.7735681 0.2106255 0.53622204 0.51899487 0.4237848 0.55017185 0.60198665 1.8594878e-06 0.0013684095 0.03180327 7.256998e-07 0.23258372 0.0006821472 0.013887458 0.0067390134 2.8192828e-06 5.5810654e-07 0.00059514027 0.019738382 1.1920871e-06 0.00017259788 2.5661578e-07 0.010613111 0.31170216 5.0529707e-05 0.0002911041 0.19273646 1.2233211e-06 1.7109205e-05 0.21337907 1.5124212e-07 0.16817029 0.00016688844 2.4450783e-06 2.6149512e-06 0.020988738 0.23608766 0.11494777 0.002453602 0.058396548 0.07329327 0.075071484 0.111759424 0.16177283 0.024943475 0.08108755 0.08303713 2.3451705e-07 0.05685649 4.1791003e-07 0.051553566 0.03630491 0.015264131 1.7991931e-06 1.7888549e-07 0.105720185 0.024485325 0.020441936 0.028954059 0.00013738545 0.028203448 5.6209823e-09 0.016527496 0.008767681 0.0057472987 0.0693415 0.0018553386 0.0015982407
0.0013109472 0.0015772535 0.012449884 0.0032952372 0.022617558 0.027057402 0.1635254 0.047887724 0.026274752 0.0004531588 0.090296626 0.0025856646 0.0040701926 0.23280755 0.017748969 0.013660091 0.015117891 0.00060859625 0.028204389 0.026198518 0.00037557888 0.0008310757 0.009084508 0.004669283 0.57418805 0.0003844039 0.00041977363 0.04911705 0.0011058913 0.00074321055 5.529316e-22 0.0006680024 0.012179152 0.0010257689 0.00029128382 0.00023514492 0.00032697988 0.00441557 0.0003326023 0.0012858787 0.0029244784 0.49170244 0.1253389 0.000117103984 0.055364963 0.3570095 0.00025578958 0.0003809297 0.00041989217 0.00013837175 0.00028923707 0.0668312 0.00012814526 0.36562398 2.7507185e-05 0.05102831 0.0026784695 0.06961733 0.30428618 0.0002587959 7.277971e-05 0.00054247497 0.00017154095 1.8658063e-06 0.00018812687 0.24590848 0.00013591957 8.189815e-05 0.06128829 7.9850666e-05 0.0003276501 0.087193415 0.039032772 8.813075e-05 1.0025366e-05 3.2841668e-05 0.00012139713 2.3011908e-05 0.011328729 7.398557e-05 8.736702e-06 2.2462102e-05 1.5368876e-05 0.008068093 3.383254e-05 1.1988359e-05 0.0006405333 4.3735304e-06 8.587134e-05 0.0003097233 0.011026757 6.0247374e-05 0.034339454 0.0013247379 1.0552034e-08 1.46009315e-05 0.0037865674 8.613602e-05 6.3883585e-05 3.241877e-05 0.0073330533
