4.748815e-31 0.0013678216 0.008995696 0.0069205044 0.0063174465 0.007381706 0.0088599855 0.04359674 0.0027706192 0.108502425 0.0001336166 0.18971983 0.01478348 0.021711962 0.13604933 0.118779175 0.0024669091 0.0024609016 0.00044276295 0.003779489 0.08906701 2.3754683e-05 0.536429 0.0012525298 0.18676266 0.0007498926 0.0015212483 0.7215614 1.1703777e-06 0.7182811 0.01535037 0.41379005 0.0026482723 0.0109549835 0.17247716 0.3712288 0.70624995 0.96714693 0.40430665 0.0046384973 0.00020894426 0.103321664 0.017930277 0.00016391373 0.91421676 2.1001395e-05 0.013458966 0.0016333505 2.867587e-05 0.9816604 0.9833665 0.89792514 0.0017821282 2.659343e-05 0.95466745 0.9738778 0.0062679397 0.05610746 2.0284604e-06 0.743787 0.0015493797 0.32344836 2.2291954e-07 9.789593e-07 0.9948076 6.048067e-06 0.99616045 0.19292814 0.9967048 0.036537487 0.4944393 2.1857808e-07 6.8909927e-09 0.7885325 0.9900847 4.960714e-10 0.19724657 3.7209208e-10 0.046639558 0.002881384 3.6379685e-08 5.3789286e-06 9.615602e-07 0.009531684 2.730064e-09 1.05573946e-07 0.9971647 2.364246e-06 0.9929283 0.0008404669 0.6812619 1.646288e-05 2.5570882e-08 4.9562914e-05 3.8720006e-11 0.43230698 0.9959486 6.763872e-09 1.466267e-10 0.7792101 0.0008424736
0.0013678216 2.036713e-24 0.53621626 0.45835447 0.53359574 0.5038904 0.48200688 0.41345838 0.47445852 0.38245022 0.36746216 0.39944595 0.30972928 0.29379407 0.3490648 0.31869003 0.3471372 0.21915844 0.2837193 0.24964333 0.19140324 0.24509156 0.2529695 0.14067759 0.15919122 0.17862417 0.081049815 0.22368379 0.19028124 0.1600265 0.031884614 0.07845346 0.027908485 0.021695912 0.028092204 0.03042224 0.0607887 0.13568698 0.036162056 0.03710891 0.007334872 0.0012900378 0.0016857844 0.036444288 0.012925297 0.03871105 0.007277312 0.0017870468 0.001361174 0.058364373 0.12335796 0.010685257 0.0025190576 0.0010157229 0.015928429 0.067603864 0.0018908053 0.007166801 0.0004959081 0.009413784 0.0012021717 0.0013725559 0.00052631024 0.0145686725 0.025898514 0.018865649 0.024642583 0.009425772 0.033199552 0.0012503844 0.008263024 0.00037719507 7.7360346e-05 0.000717484 0.014978886 0.00027614646 0.0014761953 5.358883e-06 0.00044059727 0.0013451396 0.00021967679 0.00038446437 0.00021817898 0.00024274785 7.9671605e-05 0.00019839218 0.0024624208 5.213531e-06 0.004500598 0.0019752802 0.0021425693 0.00019165542 3.4773268e-05 5.140661e-05 3.4968645e-05 0.0005770773 0.0007511735 4.4238075e-07 0.0017283895 0.001638156 1.434344e-05
0.008995696 0.53621626 1.7528939e-22 0.41476873 0.5160994 0.3476698 0.29741406 0.34245345 0.3522009 0.34034678 0.19717687 0.3898825 0.3170001 0.084814146 0.3088449 0.29280785 0.17126484 0.10960394 0.27018172 0.1842132 0.10924812 0.20105152 0.31547394 0.12774901 0.2116064 0.16322222 0.05417867 0.21909168 0.16066553 0.20398949 0.026666176 0.1640428 0.017342694 0.01981668 0.02003003 0.029788014 0.09748369 0.21807942 0.031692117 0.034910504 0.02244263 0.0018664659 0.0032400582 0.069111854 0.019577121 0.113466784 0.010348588 0.0066378857 0.0068184217 0.101963006 0.1545446 0.011475288 0.0037944624 0.0062715514 0.022552911 0.062837794 0.00589771 0.01350886 0.008960351 0.008643015 0.0038919079 0.0022670836 0.00803007 0.03587328 0.02920725 0.052526522 0.037964966 0.0104613565 0.06372702 0.0011686133 0.0074923574 0.0014263246 0.0013418186 0.0025223666 0.024464639 0.0010709359 0.0020265242 0.00024313452 0.0015661303 0.0019631763 0.0025198034 0.0007341355 0.0009843715 0.00056931673 0.0010258001 0.00074402674 0.004863266 1.737267e-05 0.013894002 0.000743252 0.0033528144 0.00012594843 0.0002178274 1.2682716e-05 0.002533345 0.0027259893 0.0006033504 9.232158e-07 0.002588797 0.0025875084 2.391773e-06
0.0069205044 0.45835447 0.41476873 5.4744746e-22 0.31426087 0.39793554 0.12466357 0.16706848 0.3561512 0.18877357 0.13713142 0.3662507 0.2954116 0.05184415 0.31492126 0.16904697 0.09196849 0.06181326 0.35880014 0.24902749 0.062086172 0.18416426 0.30170208 0.15157486 0.16618676 0.11976488 0.098975755 0.09104102 0.21719657 0.14945127 0.060142357 0.2447954 0.004932286 0.03489273 0.0022094669 0.041899774 0.09723219 0.18747489 0.014440464 0.063454635 0.009917542 0.0002639656 0.000753583 0.13412318 0.024220642 0.08804144 0.013591655 0.009091203 0.0015214101 0.077037714 0.07004551 0.0040438245 0.0001700384 0.0013584417 0.026905581 0.018013986 0.004251068 0.014814933 0.001418181 0.009596947 0.0053875153 0.0030199413 0.0019882594 0.015078993 0.037064444 0.06346678 0.025114996 0.008759567 0.04042089 0.0036417844 0.012430018 0.0003442971 0.0004925872 0.00076171296 0.007692335 0.00017628295 0.00017422103 0.0001359796 0.00020906566 0.00021493413 0.0016796758 0.0007440325 0.00058703095 0.001378708 0.00088944886 4.4010085e-05 0.0013155505 0.0001674073 0.010743131 3.2423195e-05 0.00053884584 5.4434495e-06 0.00029086412 5.7040474e-05 0.00054577447 0.0029672123 6.397662e-05 2.409287e-07 0.0005938804 2.4907209e-05 7.147836e-05
0.0063174465 0.53359574 0.5160994 0.31426087 1.5514259e-23 0.3093283 0.36048773 0.44135362 0.27603096 0.49991107 0.2016672 0.50183225 0.39401028 0.104826815 0.3986594 0.45113608 0.14259632 0.08294799 0.18857381 0.17384799 0.1473904 0.10253502 0.3958282 0.06989555 0.34077182 0.0658124 0.046436153 0.32536265 0.10066416 0.3433349 0.02956963 0.2019849 0.008640774 0.02759772 0.021023994 0.040645972 0.17800649 0.24412714 0.04881451 0.025073186 0.0015447345 0.002065096 0.003308628 0.019602505 0.027343523 0.025025455 0.011210164 0.0040851193 0.0014642514 0.13495421 0.21523173 0.0169538 0.0011535308 0.0014605395 0.03614169 0.109218374 0.006022219 0.011196739 0.0012258339 0.010849262 0.0038562494 0.0030779112 0.0003507902 0.0020606313 0.05089802 0.015801901 0.073158436 0.014375198 0.094808266 0.0018697118 0.0095513575 8.74711e-05 1.8077073e-05 0.0011088166 0.036930047 0.0002363216 0.0036643047 1.5961051e-06 0.0010537104 0.0011193044 0.00046274488 0.0011497444 0.00081778114 0.0006944026 0.00011502653 8.509915e-05 0.006368883 4.2307383e-05 0.00896669 0.002221742 0.002263747 0.000104026876 0.00016956052 0.00015753871 7.455639e-05 0.0008581285 0.0012221219 1.8517834e-07 0.0003447457 0.0033538248 2.6270454e-05
0.007381706 0.5038904 0.3476698 0.39793554 0.3093283 3.1848664e-20 0.40286347 0.23125851 0.6000509 0.16281721 0.37772864 0.25460592 0.1136743 0.20288393 0.15304811 0.12845439 0.4693841 0.15980351 0.38789895 0.15934327 0.056623016 0.40508166 0.18088154 0.17358834 0.04741127 0.46431032 0.040880032 0.09897606 0.21711816 0.04156067 0.007680266 0.06174728 0.07888384 0.0046772 0.02552182 0.00999866 0.028134793 0.11562995 0.010719408 0.018995963 0.11137844 0.001828773 0.0017253569 0.09087423 0.010910999 0.21901025 0.0033096124 0.0010370254 0.015526613 0.036265153 0.075738154 0.004911474 0.0072126277 0.010640576 0.013237378 0.030571174 0.0011381742 0.001532863 0.021859778 0.0032098354 0.0009957987 0.00019992054 0.030554445 0.05818643 0.017226039 0.045535907 0.018942744 0.004220597 0.031123478 0.00029652228 0.0038933966 0.0029870416 0.002755811 0.0022138234 0.02079525 0.0033120976 0.0019036188 0.001238415 0.0010679303 0.0024115047 0.0031175222 0.0010372009 0.0005309078 7.305641e-05 0.00077229587 0.0024272462 0.0038600191 4.5284064e-06 0.021452773 0.00093202293 0.003534776 0.00032142218 9.631176e-05 6.5330496e-06 0.0014659821 0.0024353636 0.0006124448 1.7369306e-05 0.0035276485 0.002164101 4.934982e-07
0.0088599855 0.48200688 0.29741406 0.12466357 0.36048773 0.40286347 2.2723984e-21 0.5269417 0.32753485 0.33027896 0.37726814 0.29914075 0.09686201 0.44803286 0.1582638 0.24258335 0.33682173 0.41114947 0.057344515 0.069279306 0.47476608 0.07950224 0.22911792 0.018809205 0.12309015 0.11274623 0.01856988 0.39788663 0.033398714 0.14006288 0.0077460823 0.05846063 0.052045282 0.005718803 0.16569914 0.010250674 0.055564985 0.1548125 0.17190675 0.0057904785 0.008716953 0.0105033275 0.023148827 0.006480846 0.0141304415 0.027217705 0.0016067523 0.0003662949 0.008934876 0.059233617 0.18018761 0.05122726 0.011560649 0.0062238765 0.016568363 0.12846485 0.00031178835 0.0031192056 0.004698203 0.004333794 0.00029802253 0.00026571215 0.0011735391 0.0024349676 0.027357113 0.0020272103 0.049133103 0.0068033817 0.09184563 0.00020475875 0.0036248905 0.00081612635 1.5523221e-05 0.008705111 0.10737635 0.0001310581 0.011107185 3.0662973e-06 0.010613606 0.010849608 0.00026837882 0.00012092167 6.1067e-05 1.89936e-05 1.2310154e-05 0.0003102087 0.021153497 2.4284209e-06 0.038364872 0.010845268 0.009476929 0.0016009989 9.245819e-06 9.286739e-07 1.774934e-05 0.00012559362 0.008400318 1.39926e-05 0.00024242097 0.027289033 2.671347e-06
0.04359674 0.41345838 0.34245345 0.16706848 0.44135362 0.23125851 0.5269417 1.9845567e-20 0.2285186 0.46480653 0.23871635 0.33915493 0.10179991 0.21955964 0.16679251 0.3379295 0.24547422 0.25253084 0.061273888 0.0521266 0.45921794 0.062311053 0.29267523 0.028577173 0.10690501 0.08943279 0.026334664 0.4539208 0.044913255 0.15674047 0.006951537 0.104869224 0.023909673 0.010785877 0.11597101 0.010286711 0.0653136 0.27664304 0.1500068 0.013125154 0.0052172937 0.00916855 0.015026938 0.014177992 0.016767256 0.04313425 0.0039427145 0.0015005778 0.012429946 0.1122334 0.26360044 0.057780497 0.0081290575 0.009737382 0.020428056 0.2078112 0.0011278887 0.0043186937 0.0063073053 0.004187181 0.0009865593 0.00052913436 0.003837662 0.0034518673 0.03285914 0.009105789 0.058556378 0.0064565344 0.15260814 0.00046670233 0.003873651 0.0007665989 0.000120854565 0.009734276 0.15286793 0.00082472974 0.008986457 1.8143155e-05 0.007135192 0.007081641 0.001290333 0.00039713833 0.0003178775 6.739804e-05 0.0001406559 0.0004674955 0.03391761 1.4036826e-05 0.050629973 0.008972893 0.008498682 0.0013843238 0.000117748015 3.6056704e-06 0.00044429774 0.00015374704 0.007234524 1.4797592e-05 0.00045530635 0.024430761 2.2051029e-06
0.0027706192 0.47445852 0.3522009 0.3561512 0.27603096 0.6000509 0.32753485 0.2285186 1.3120566e-21 0.16366164 0.37261948 0.2782137 0.09402524 0.17970632 0.16460486 0.1278007 0.43780163 0.0980503 0.4487869 0.16803432 0.0661007 0.43434384 0.16899103 0.18129118 0.033853766 0.46512064 0.044019483 0.07392795 0.2454554 0.030882938 0.008274355 0.04961189 0.053200718 0.0053747804 0.0124707855 0.011177972 0.0233532 0.08730725 0.011248707 0.019098148 0.13114026 0.0014277482 0.00088157784 0.09151629 0.012767082 0.25235647 0.0021696007 0.00070999516 0.011891136 0.029910982 0.058452755 0.004329397 0.0052382583 0.0069684265 0.013349478 0.019984111 0.0008469687 0.0010205243 0.023346204 0.0030583583 0.00087635726 0.0001747447 0.032915417 0.06878125 0.015856799 0.048931986 0.017241027 0.0034538154 0.0260294 0.00022682134 0.003443767 0.0017056576 0.003667616 0.0026375186 0.015759448 0.0035825325 0.0015324998 0.0014202322 0.000625338 0.0011531468 0.0012356691 0.00044813254 0.00023317043 8.654557e-05 0.00046588745 0.00095728965 0.0026571986 5.5040914e-06 0.032278284 0.00036788292 0.0036509717 0.00010719505 6.798692e-05 1.1160237e-05 0.0013169243 0.0031968213 0.0007222894 4.6172495e-06 0.0018144444 0.0008968888 1.5547214e-06
0.108502425 0.38245022 0.34034678 0.18877357 0.49991107 0.16281721 0.33027896 0.46480653 0.16366164 1.694052e-21 0.16331513 0.4725652 0.20405461 0.08548682 0.27302194 0.6422086 0.12705852 0.112955235 0.0813015 0.062275074 0.24602799 0.042720366 0.41158372 0.04037195 0.21359466 0.053590856 0.031436935 0.4204475 0.04713593 0.30342945 0.013252477 0.10025213 0.010654074 0.015246287 0.04482305 0.016017502 0.088884175 0.43886533 0.07552563 0.020430205 0.0015185059 0.0029845014 0.005582165 0.016668614 0.03705833 0.021486282 0.004759467 0.002972207 0.005592913 0.29247156 0.49341458 0.045105178 0.0030166842 0.004804838 0.05122049 0.30690795 0.0023638606 0.006326366 0.0024479507 0.0066429875 0.0023485157 0.001324666 0.0012043364 0.0010656177 0.09172029 0.007733066 0.23499984 0.008906491 0.32830897 0.0005263409 0.005934816 0.00020301597 3.4674253e-05 0.004712118 0.2242165 0.00026342666 0.0041258023 1.7370532e-05 0.0029591601 0.0031620562 0.0011081204 0.00096912915 0.0012315533 0.00019974941 0.00021121517 0.00022252821 0.048981056 2.2157008e-05 0.08086526 0.0034593318 0.005311426 0.00025258833 0.00016782196 2.2859213e-05 0.00015936366 0.00049482915 0.0060009924 2.6478451e-06 0.00017197928 0.010031606 5.0026892e-06
0.0001336166 0.36746216 0.19717687 0.13713142 0.2016672 0.37772864 0.37726814 0.23871635 0.37261948 0.16331513 2.145764e-24 0.12523232 0.07035655 0.45152935 0.08256769 0.11172037 0.50935394 0.41223472 0.06897708 0.059964627 0.14171414 0.17134127 0.05031268 0.01859618 0.03915844 0.26317772 0.01497985 0.10531983 0.028801933 0.035861876 0.0070607895 0.01629582 0.19621168 0.0026127065 0.07421165 0.006755219 0.017803514 0.036257617 0.040864404 0.006115865 0.052025117 0.004039442 0.008510491 0.0052231136 0.00808635 0.041326173 0.00165199 0.0002829454 0.018521236 0.016119653 0.040296704 0.009301993 0.0424164 0.013864412 0.008201383 0.031910628 0.0003061552 0.0021267699 0.017882112 0.0036215126 0.00016082538 0.00027667606 0.004978386 0.010861891 0.011813382 0.002545892 0.016618418 0.004914208 0.01613682 0.00019918293 0.0042838966 0.0032562222 0.0001641047 0.0042158742 0.01693331 0.00052089983 0.005031757 3.960494e-05 0.00405176 0.007831787 0.00048765022 0.00018763218 0.00013460615 4.1952448e-05 3.094182e-05 0.0026312815 0.004185518 3.3994077e-06 0.010173084 0.006532405 0.0057979636 0.0027286292 2.137364e-05 1.0536032e-05 2.2588198e-05 0.00019391974 0.003615684 0.000102358244 0.002053747 0.0059922077 5.889411e-06
0.18971983 0.39944595 0.3898825 0.3662507 0.50183225 0.25460592 0.29914075 0.33915493 0.2782137 0.4725652 0.12523232 1.2398258e-20 0.4782577 0.09263918 0.50499487 0.5178448 0.12614612 0.059711132 0.1950581 0.21143939 0.0967043 0.095499754 0.521337 0.17536817 0.33113387 0.1015566 0.074210644 0.3822612 0.11048957 0.43694773 0.06057696 0.48975587 0.010371213 0.042997368 0.014404346 0.08632964 0.28880262 0.4860331 0.023817373 0.069540374 0.0059551154 0.0017476496 0.0022070426 0.071623 0.09853822 0.060680922 0.025604708 0.015738465 0.007708816 0.34644496 0.3059924 0.01980005 0.002333396 0.0066576255 0.12711713 0.1398122 0.016679442 0.02369665 0.0045573995 0.012992867 0.011695104 0.007650597 0.0017108299 0.009367426 0.09380341 0.032438945 0.18619004 0.011369147 0.23429172 0.0048393793 0.014295529 0.00048014006 0.00038162965 0.0015208276 0.034337696 0.00045678575 0.00074815186 0.00035269803 0.0006101813 0.00023896297 0.0018686191 0.0008947722 0.0017159797 0.0024748913 0.0007439363 0.00029816438 0.012560052 0.0001928898 0.019355424 0.000235223 0.0018887039 2.348342e-05 0.00041326467 5.6767454e-05 0.0013854208 0.0048041306 0.0006492046 4.9907834e-07 0.0015822742 0.00215421 6.00508e-05
0.01478348 0.30972928 0.3170001 0.2954116 0.39401028 0.1136743 0.09686201 0.10179991 0.09402524 0.20405461 0.07035655 0.4782577 4.80958e-23 0.017984359 0.54887015 0.26257184 0.03852392 0.018442966 0.1332176 0.2954324 0.012653383 0.044184208 0.36240318 0.107188836 0.4588019 0.024932927 0.18281506 0.035607368 0.13270926 0.44195494 0.23633254 0.4820179 0.00052437565 0.15293983 0.0016956063 0.26163542 0.39647692 0.18128891 0.004612191 0.16101189 0.00012254663 7.700321e-05 0.00012004851 0.09851557 0.124931134 0.0053806016 0.05881315 0.03916309 0.00039608608 0.16462994 0.06014989 0.0014903515 2.1551836e-05 0.0003813217 0.13171795 0.01659357 0.027566982 0.045139667 0.00027310918 0.028011939 0.021189189 0.017471656 0.00018499345 0.0006016731 0.114177026 0.02252304 0.12652497 0.020612583 0.08512135 0.010394993 0.031202778 5.538431e-05 1.7996694e-05 0.00012868656 0.003917147 2.4832927e-05 4.235623e-05 7.4792993e-06 1.6459458e-05 4.8145434e-05 0.00088002044 0.001617138 0.0012907004 0.008536573 0.00038229735 2.5520128e-05 0.0006621918 0.0019720239 0.002567792 3.2231495e-05 0.00015763279 2.5771637e-06 0.0003362618 0.0016543322 6.108223e-06 0.018425556 6.085643e-05 2.3373321e-08 4.0459094e-05 1.7135968e-05 0.0015673167
0.021711962 0.29379407 0.084814146 0.05184415 0.104826815 0.20288393 0.44803286 0.21955964 0.17970632 0.08548682 0.45152935 0.09263918 0.017984359 4.1193837e-21 0.04598662 0.056653734 0.49589816 0.5294317 0.016380858 0.01737316 0.23834383 0.06586665 0.08424017 0.004997163 0.020312048 0.31840214 0.0033373535 0.16771689 0.009732888 0.022479624 0.0010948351 0.022462009 0.32908428 0.0012948936 0.110876374 0.0028646814 0.010163669 0.099681236 0.056344386 0.0012050488 0.04681384 0.022324236 0.015337018 0.0025085928 0.021114547 0.04688855 0.0011534069 0.000285358 0.07607352 0.042744473 0.0857427 0.033324573 0.07602651 0.05969156 0.026590645 0.056135826 0.000114778326 0.0004925948 0.047715817 0.0022272598 6.869046e-05 8.9068435e-06 0.017631708 0.010207993 0.02993613 0.0016296108 0.022814684 0.0019398504 0.038235746 1.1009712e-05 0.0008656668 0.0058214827 0.000118331256 0.01201516 0.10400038 0.0027187015 0.011241012 4.7649144e-05 0.007314021 0.008937199 0.0010181358 6.42653e-05 2.9246721e-05 1.6877606e-05 2.7144462e-05 0.004060616 0.040242758 1.044657e-06 0.051838472 0.011930576 0.010191671 0.0036865594 1.63081e-05 1.8592883e-07 0.00012614617 0.0002460538 0.0046174265 0.00016398988 0.0015676575 0.026315795 5.7308547e-08
0.13604933 0.3490648 0.3088449 0.31492126 0.3986594 0.15304811 0.1582638 0.16679251 0.16460486 0.27302194 0.08256769 0.50499487 0.54887015 0.04598662 8.389493e-22 0.300158 0.08938133 0.045393515 0.18021949 0.23119116 0.0394799 0.0840757 0.39500457 0.19880825 0.2964784 0.08702959 0.11229665 0.11831157 0.12333308 0.3686877 0.12950428 0.53073025 0.003914527 0.07883311 0.004759962 0.12958023 0.31752872 0.35982862 0.010121607 0.11600891 0.003852827 0.00047099343 0.0005496584 0.12542126 0.1311742 0.04474462 0.038042158 0.022600133 0.0033169906 0.29175252 0.16968651 0.0063132094 0.00045769714 0.0025715553 0.14124747 0.046123717 0.02506517 0.034803968 0.0026560926 0.017741801 0.025311654 0.009687208 0.0011397111 0.008929586 0.10140909 0.05210825 0.14108998 0.014522499 0.13142878 0.009279316 0.0221435 0.0003269702 0.00039975415 0.00045784644 0.012149264 0.00030141708 9.354775e-05 0.0004518338 0.0001043497 6.0865656e-05 0.0029607422 0.0024354195 0.0024005398 0.005258878 0.0014608266 0.0002485244 0.004421071 0.0012811539 0.009117767 4.142989e-05 0.00029506217 7.1911254e-06 0.00090096 0.00023144283 0.00072383194 0.0114178145 9.2385075e-05 1.6103448e-07 0.0008299981 0.00014948062 0.00069532637
0.118779175 0.31869003 0.29280785 0.16904697 0.45113608 0.12845439 0.24258335 0.3379295 0.1278007 0.6422086 0.11172037 0.5178448 0.26257184 0.056653734 0.300158 5.3093434e-22 0.08159879 0.06173949 0.069782995 0.06584391 0.12039656 0.02878381 0.47971234 0.035871986 0.26302955 0.03400221 0.03459492 0.3380978 0.046146303 0.37625042 0.020999214 0.16203393 0.006384268 0.018555863 0.024325754 0.032018766 0.17298143 0.49043185 0.049159024 0.021370951 0.00052530016 0.0014869783 0.002787074 0.014474411 0.058612015 0.012846329 0.0060034934 0.0030702713 0.003713353 0.35109037 0.49584788 0.030656576 0.0011804253 0.0034835886 0.08643224 0.27643296 0.0029657711 0.0073238206 0.0015322164 0.009007925 0.0024469062 0.0024286953 0.0008763702 0.00053344364 0.12554023 0.0048528397 0.3390605 0.011531139 0.41539857 0.00074574945 0.009883995 9.283737e-05 1.952651e-05 0.0025626915 0.15824339 0.00015899871 0.0021540106 1.0360151e-05 0.0013291733 0.0013222097 0.0007833019 0.0007709462 0.001056356 0.00036847455 0.0001958211 0.00014432678 0.043662526 4.2904176e-05 0.05879273 0.0015913197 0.0031761585 0.00012663554 0.00021992772 4.8536887e-05 0.000105993284 0.00084721064 0.004282118 1.270484e-06 0.00015063188 0.005859319 1.2738378e-05
0.0024669091 0.3471372 0.17126484 0.09196849 0.14259632 0.4693841 0.33682173 0.24547422 0.43780163 0.12705852 0.50935394 0.12614612 0.03852392 0.49589816 0.08938133 0.08159879 7.791941e-21 0.34421843 0.060941733 0.039712522 0.100893766 0.24680029 0.09205884 0.01474765 0.024089279 0.5148887 0.008256691 0.09721337 0.02553926 0.02772333 0.0029100366 0.020318093 0.41220883 0.0025421022 0.041738555 0.0065727145 0.021508742 0.075967275 0.029350605 0.0037958357 0.10627348 0.010353346 0.0055131917 0.0062244255 0.02688406 0.088060424 0.0016716743 0.0005153804 0.08449206 0.038030013 0.05075619 0.013075143 0.04842176 0.06687825 0.026807997 0.029274296 0.00010020934 0.0015045694 0.060377665 0.0048814435 3.5529752e-05 8.104365e-05 0.03129218 0.023332559 0.024305083 0.0050539495 0.02209666 0.0049083903 0.027914114 8.042715e-05 0.0033338482 0.005711883 0.0005984436 0.0064624567 0.03676622 0.004234749 0.0052569676 0.00016781795 0.00261038 0.004471982 0.00081631547 0.00021414702 3.9310267e-05 0.00013899308 6.405745e-05 0.004498485 0.0072237724 1.0156841e-05 0.04339685 0.0025735768 0.006666364 0.0012930061 6.136738e-05 6.3158736e-06 0.00015438428 0.0013338 0.0020535756 0.0001678626 0.004398506 0.0052326834 1.5337331e-06
0.0024609016 0.21915844 0.10960394 0.06181326 0.08294799 0.15980351 0.41114947 0.25253084 0.0980503 0.112955235 0.41223472 0.059711132 0.018442966 0.5294317 0.045393515 0.06173949 0.34421843 6.072786e-23 0.008120178 0.012449253 0.52453935 0.019073343 0.034912717 0.0019623388 0.0185403 0.053522747 0.0015195656 0.2132424 0.0020815528 0.01932133 0.0007565003 0.007040738 0.094161056 0.00039606777 0.37421727 0.001346294 0.013875351 0.036344025 0.21017227 0.0005433989 0.0013767694 0.043568216 0.10877036 0.00031700867 0.0045984997 0.0012498038 0.00023970136 2.4562392e-05 0.0032025382 0.013345652 0.05195534 0.070805855 0.04854785 0.0030499673 0.004114943 0.064431146 3.37216e-05 0.00023215773 0.0005751711 0.0009573531 9.835208e-06 2.90572e-05 0.00027907803 0.00031754028 0.0063128867 9.399838e-05 0.012925914 0.0013923475 0.018730488 2.1088741e-05 0.0010105494 0.0014435183 2.576456e-06 0.020975396 0.12131513 9.1245296e-05 0.03703109 5.620318e-07 0.036849283 0.048711512 1.8380582e-05 8.522742e-06 2.9837317e-06 3.0909302e-06 2.3017351e-07 0.0011882957 0.01400825 1.0764574e-07 0.027725808 0.03583571 0.02548358 0.011940545 4.402654e-07 1.5612166e-07 2.27746e-06 1.8395276e-05 0.016965201 0.00059320487 0.0002315384 0.04530506 8.6905936e-07
0.00044276295 0.2837193 0.27018172 0.35880014 0.18857381 0.38789895 0.057344515 0.061273888 0.4487869 0.0813015 0.06897708 0.1950581 0.1332176 0.016380858 0.18021949 0.069782995 0.060941733 0.008120178 1.6119595e-24 0.3229905 0.014509507 0.32992715 0.12709731 0.4493097 0.05045765 0.08075074 0.13609588 0.02600751 0.49053413 0.03758818 0.044640172 0.07486119 0.0018161765 0.030412363 0.0060339384 0.018677706 0.036765568 0.06521696 0.00887655 0.09052672 0.018024083 0.00022918468 0.00018088846 0.23714416 0.007576902 0.16112322 0.007970198 0.0020805923 0.00055570283 0.025209116 0.025470844 0.0013296191 0.00027377807 0.0003442219 0.0093219485 0.006729011 0.00426644 0.004131573 0.0007621995 0.0027216044 0.00849327 0.00030173373 0.0014442495 0.03474803 0.0096448045 0.10587188 0.01068465 0.0037127088 0.011695031 0.0005643069 0.004713091 0.00024292433 0.00288359 0.0014277985 0.0028741607 0.00030660667 0.0010735709 0.0010193172 0.0004181227 0.00036813997 0.001883442 0.0008192486 0.0006185945 0.000223272 0.0010177713 4.623668e-05 0.00039134742 2.5196316e-05 0.0036651478 0.0001907246 0.0009361786 2.6275566e-05 0.00011591399 6.0942908e-05 0.0005933743 0.0011032699 0.00015778816 2.5630857e-07 0.00027161435 0.00061831815 8.345911e-06
0.003779489 0.24964333 0.1842132 0.24902749 0.17384799 0.15934327 0.069279306 0.0521266 0.16803432 0.062275074 0.059964627 0.21143939 0.2954324 0.01737316 0.23119116 0.06584391 0.039712522 0.012449253 0.3229905 2.2663201e-22 0.009973932 0.0999058 0.16900189 0.2845311 0.19851227 0.031877987 0.22919674 0.027054612 0.2755552 0.13764296 0.17966937 0.2790037 0.001810892 0.1594258 0.0028698756 0.13687924 0.14847551 0.102899134 0.011430305 0.18335457 0.003078886 0.000110550005 0.00053848804 0.1628303 0.03424404 0.0520673 0.046890907 0.027259 0.001152911 0.07447676 0.044472337 0.0019562354 7.654384e-05 0.001126308 0.032606293 0.013042433 0.030372452 0.030816799 0.0010702288 0.012831622 0.039300963 0.0082973065 0.0010139833 0.007540395 0.030795895 0.06058715 0.027819147 0.013731805 0.03383192 0.011837499 0.020016314 0.00011419192 0.00035799606 0.0016833241 0.0037354226 0.00044427215 0.00076893246 6.374384e-05 0.0003562222 0.00017561561 0.0070596477 0.0049588545 0.0075315298 0.0061860657 0.0015219869 8.961521e-05 0.0006176219 0.0023140276 0.0043547456 0.0001365458 0.00081204495 4.809954e-05 0.00093219266 0.0015922625 0.00024015944 0.012434457 0.0003486239 5.037622e-07 0.0007388245 0.0005578115 0.0010480344
0.08906701 0.19140324 0.10924812 0.062086172 0.1473904 0.056623016 0.47476608 0.45921794 0.0661007 0.24602799 0.14171414 0.0967043 0.012653383 0.23834383 0.0394799 0.12039656 0.100893766 0.52453935 0.014509507 0.009973932 5.354666e-20 0.014443613 0.07144735 0.0053579304 0.014107278 0.035541467 0.0031569507 0.55573606 0.0068101105 0.021926757 0.0005495011 0.006498485 0.028946513 0.00065566145 0.42509606 0.000927006 0.005345368 0.10394053 0.39936322 0.0018306113 0.0010421153 0.05943496 0.07575159 0.0014178072 0.0036321937 0.006575021 0.0005966283 0.00018524467 0.008220351 0.026089951 0.15024105 0.337587 0.017388385 0.008078692 0.004923043 0.27313417 8.1590835e-05 0.00014986243 0.0026355234 0.00026548366 0.00012992899 1.1389375e-05 0.0013031454 0.00076637487 0.014127404 0.0012201671 0.021943156 0.00044422594 0.0623666 6.507784e-06 0.0001348135 0.0018813433 1.8533136e-05 0.06787176 0.43872625 0.00022079922 0.049566004 9.903965e-06 0.036996674 0.030925788 0.00015576229 0.00010211936 5.162075e-05 6.128096e-06 6.911847e-06 0.004096654 0.11711489 1.7309436e-06 0.27196515 0.028955447 0.03683011 0.01039667 6.524699e-06 8.4867105e-07 0.00013888165 1.4720221e-05 0.06501716 0.00025427554 0.00029954384 0.09531704 3.5223047e-07
2.3754683e-05 0.24509156 0.20105152 0.18416426 0.10253502 0.40508166 0.07950224 0.062311053 0.43434384 0.042720366 0.17134127 0.095499754 0.044184208 0.06586665 0.0840757 0.02878381 0.24680029 0.019073343 0.32992715 0.0999058 0.014443613 8.792502e-25 0.054730978 0.16350375 0.007242207 0.36217427 0.033093743 0.021527333 0.21457501 0.005309053 0.0074688396 0.020231847 0.035581943 0.005015896 0.00460139 0.0027939642 0.004710307 0.025280546 0.0033845436 0.019608332 0.1932733 0.0001587587 0.00025956682 0.09582803 0.0066209547 0.28702998 0.002486601 0.00029370168 0.006521736 0.0090666525 0.012217647 0.0010846391 0.0022785366 0.004166144 0.0054842187 0.004007302 0.0006287451 0.0013035375 0.01904993 0.00075073086 0.0006912803 0.0001088447 0.024441995 0.093740806 0.0017633878 0.056090526 0.002399573 0.0008403936 0.0035026704 8.613339e-05 0.00051944784 0.0014360865 0.006921293 0.00048462074 0.0009903469 0.008306344 0.000427407 0.0030050923 0.00026385838 0.00026493304 0.0009908723 0.00022040897 0.00015345246 0.0001286981 0.00079263805 0.0007209233 0.00022298943 2.2576267e-05 0.00047957827 0.00015218875 0.0011846714 4.1559055e-05 9.963995e-05 6.588444e-05 0.0041200127 0.00020660296 6.674287e-05 3.501785e-06 0.0014092867 0.0003396224 2.7434038e-05
0.536429 0.2529695 0.31547394 0.30170208 0.3958282 0.18088154 0.22911792 0.29267523 0.16899103 0.41158372 0.05031268 0.521337 0.36240318 0.08424017 0.39500457 0.47971234 0.09205884 0.034912717 0.12709731 0.16900189 0.07144735 0.054730978 1.163102e-19 0.16725194 0.46410716 0.05294262 0.07751364 0.38746253 0.06319331 0.62384194 0.083986916 0.5925938 0.009238055 0.049099334 0.021337502 0.13514179 0.36386088 0.64809704 0.02153349 0.092488036 0.0021560483 0.001836934 0.0018409976 0.062936515 0.24539731 0.02578698 0.037082884 0.016439002 0.0035506554 0.5525911 0.4434132 0.018031003 0.0014829818 0.0031517046 0.27563903 0.19623807 0.020839429 0.026900237 0.0011685933 0.020584736 0.013375698 0.011039915 0.00084314105 0.0031470985 0.29989117 0.019969247 0.48831087 0.016402312 0.45733872 0.0064344765 0.020910306 0.00040991273 0.00020737598 0.0012678757 0.030340688 9.662032e-05 0.0006444849 0.00010550778 0.00052786525 0.00025241903 0.0022281215 0.0022958666 0.0017611877 0.004542254 0.00067064696 0.00029605263 0.019339614 0.0013051291 0.032736138 0.00018435979 0.0014424119 2.9780846e-05 0.00069210975 0.0002857722 0.00037459302 0.012683757 0.00046227354 5.7169535e-07 0.0002529263 0.0009798972 0.00071123097
0.0012525298 0.14067759 0.12774901 0.15157486 0.06989555 0.17358834 0.018809205 0.028577173 0.18129118 0.04037195 0.01859618 0.17536817 0.107188836 0.004997163 0.19880825 0.035871986 0.01474765 0.0019623388 0.4493097 0.2845311 0.0053579304 0.16350375 0.16725194 2.3524583e-23 0.05685878 0.03491926 0.23967212 0.015079546 0.45337623 0.04995572 0.08443831 0.20657375 0.00041745097 0.06958869 0.0029140676 0.038757913 0.049626477 0.06685254 0.0062096794 0.2670953 0.0060074027 8.107527e-05 0.00012571046 0.354934 0.01872252 0.12552172 0.026799921 0.009599555 0.0009103948 0.034809537 0.02049199 0.0008399822 8.4101375e-05 0.00056957523 0.021168722 0.0038903903 0.020027269 0.012929975 0.00065051817 0.004532747 0.03933746 0.0010366851 0.0014508427 0.024760062 0.016849672 0.15089902 0.0132926665 0.005111013 0.016544977 0.0040735924 0.012194121 0.0005140967 0.0018557543 0.0018046261 0.008734765 0.00045896883 0.0011208823 0.001833591 0.00036896914 0.00018473483 0.016307777 0.0043048444 0.006296983 0.0014900985 0.010551317 4.2777276e-05 0.0015336943 0.00012633362 0.012005133 2.6734688e-05 0.0010605633 3.3397987e-06 0.0006883017 0.00018680978 0.0007686527 0.004981604 0.00012607532 8.18351e-08 0.0005785401 0.0003383779 0.00010003032
0.18676266 0.15919122 0.2116064 0.16618676 0.34077182 0.04741127 0.12309015 0.10690501 0.033853766 0.21359466 0.03915844 0.33113387 0.4588019 0.020312048 0.2964784 0.26302955 0.024089279 0.0185403 0.05045765 0.19851227 0.014107278 0.007242207 0.46410716 0.05685878 5.0601098e-21 0.010209278 0.13387203 0.064858645 0.02585564 0.69149685 0.15997064 0.43905488 0.00074085366 0.09999396 0.0043101683 0.20944536 0.51015496 0.3026896 0.0066072796 0.0941246 7.86793e-05 0.00021516668 0.0002967517 0.028299676 0.36105195 0.0022271643 0.047479503 0.028014315 0.0018900464 0.43499503 0.16850866 0.003344513 0.0002146975 0.0018027064 0.41610017 0.0590184 0.021278294 0.02781701 0.00089345215 0.04734828 0.011581638 0.012108051 0.0009321731 0.00051392464 0.43983728 0.00739142 0.51207656 0.028062418 0.3195099 0.006012529 0.02826916 0.00025236752 2.5041207e-05 8.9628804e-05 0.007546175 6.364017e-05 0.00012368741 2.6192827e-05 4.9530787e-05 8.724491e-05 0.0026451119 0.002737918 0.003501979 0.004245302 0.0005837372 0.00040798457 0.0029893585 0.0027855367 0.008011647 0.0002950385 0.00025280667 7.103935e-05 0.0012798819 0.002526993 2.032406e-05 0.013336276 0.00015671589 1.9755548e-07 0.000109173845 0.0002198975 0.0013743889
0.0007498926 0.17862417 0.16322222 0.11976488 0.0658124 0.46431032 0.11274623 0.08943279 0.46512064 0.053590856 0.26317772 0.1015566 0.024932927 0.31840214 0.08702959 0.03400221 0.5148887 0.053522747 0.08075074 0.031877987 0.035541467 0.36217427 0.05294262 0.03491926 0.010209278 1.4286416e-22 0.01258903 0.058084764 0.051435925 0.0084989695 0.0033946147 0.02264609 0.29311648 0.003232449 0.02371085 0.0012645819 0.005421928 0.02869594 0.013213822 0.0056918375 0.41919166 0.0026868458 0.0013766512 0.01437681 0.011028518 0.16751376 0.0014749753 0.00036712884 0.10265597 0.014503572 0.019149011 0.007154288 0.027902717 0.08226882 0.011393308 0.012430143 0.00024509357 0.0010491939 0.13962446 0.0011456 0.00014114907 2.2938726e-05 0.08858364 0.06564854 0.006863925 0.013856872 0.009725795 0.002434478 0.0056134243 3.202642e-05 0.0005661299 0.0067309337 0.0009927384 0.0025353208 0.0038719773 0.015747765 0.003919435 0.0003085029 0.001527672 0.0026781235 0.0007012734 0.00018572653 3.3130735e-05 0.00012795097 0.00017668788 0.003912099 0.0014867996 2.3493432e-05 0.0041781245 0.0017382257 0.0044440264 0.00049439474 0.00017006483 1.4769789e-05 0.001061612 0.00028104888 0.00046038858 7.5041884e-05 0.012167399 0.002646356 7.858432e-06
0.0015212483 0.081049815 0.05417867 0.098975755 0.046436153 0.040880032 0.01856988 0.026334664 0.044019483 0.031436935 0.01497985 0.074210644 0.18281506 0.0033373535 0.11229665 0.03459492 0.008256691 0.0015195656 0.13609588 0.22919674 0.0031569507 0.033093743 0.07751364 0.23967212 0.13387203 0.01258903 2.2138788e-23 0.008477251 0.19347346 0.08755894 0.22190633 0.21232104 0.00025789216 0.20095828 0.0016500573 0.15217142 0.14551648 0.048697926 0.005943198 0.2684873 0.0013048758 5.7491354e-05 0.00014166057 0.21986762 0.022904124 0.023394467 0.09094513 0.059179414 0.0007224061 0.03682804 0.016013186 0.00043279456 4.4075656e-05 0.00068431697 0.021801552 0.004782467 0.056273326 0.03603804 0.00042888365 0.016745217 0.06021206 0.009643623 0.00038875637 0.003930763 0.018554509 0.052702334 0.016417712 0.012692699 0.02060185 0.01625686 0.019673439 0.00017515363 8.175674e-05 0.00070734357 0.0028169623 0.00023414822 0.00042424066 1.8959414e-05 0.00020719017 0.00017869649 0.015967652 0.008782197 0.010302076 0.010595569 0.003306844 1.4945401e-05 0.0002729652 0.0024917927 0.0044608903 3.1740085e-05 0.0003899862 1.8388331e-05 0.0017461352 0.0028945724 3.995754e-05 0.013091027 0.00023719764 1.2080633e-07 0.0004754973 0.00048719376 0.0021690682
0.7215614 0.22368379 0.21909168 0.09104102 0.32536265 0.09897606 0.39788663 0.4539208 0.07392795 0.4204475 0.10531983 0.3822612 0.035607368 0.16771689 0.11831157 0.3380978 0.09721337 0.2132424 0.02600751 0.027054612 0.55573606 0.021527333 0.38746253 0.015079546 0.064858645 0.058084764 0.008477251 1.5226706e-18 0.015798219 0.15008782 0.0043873666 0.033958096 0.0328605 0.0033837869 0.33570024 0.0052035693 0.02371023 0.53581214 0.36013845 0.01465286 0.0038645626 0.03952584 0.033725813 0.0062102005 0.013510831 0.007856013 0.0049238154 0.00089102035 0.012682354 0.17892931 0.62113214 0.34025416 0.013717334 0.011431417 0.017694328 0.74826956 0.0006799244 0.00051228027 0.0018733992 0.00092666433 0.0006924868 4.153255e-05 0.0015293718 0.0013046102 0.06504255 0.0025158438 0.18634738 0.001519962 0.44962162 2.14549e-05 0.0004118125 0.0020863703 4.9850136e-05 0.054089747 0.6473502 0.00027524517 0.033456676 4.884806e-05 0.029698493 0.021687353 0.0004350464 0.0005433456 0.00027941706 3.649434e-05 3.5851743e-05 0.0025903243 0.5010265 0.00010812339 0.6620817 0.013405849 0.02613468 0.005353015 9.4066265e-05 6.076633e-06 0.00065107143 9.65482e-05 0.041787405 0.000121598874 0.00038659023 0.046519555 6.8136075e-07
1.1703777e-06 0.19028124 0.16066553 0.21719657 0.10066416 0.21711816 0.033398714 0.044913255 0.2454554 0.04713593 0.028801933 0.11048957 0.13270926 0.009732888 0.12333308 0.046146303 0.02553926 0.0020815528 0.49053413 0.2755552 0.0068101105 0.21457501 0.06319331 0.45337623 0.02585564 0.051435925 0.19347346 0.015798219 6.3900893e-29 0.017315011 0.06815135 0.056113414 0.0013225175 0.0528878 0.001635715 0.023862613 0.027892314 0.022358008 0.0026756485 0.23403835 0.009640077 7.7683566e-05 7.523033e-05 0.31916335 0.0069807186 0.1414635 0.009970152 0.0029623013 6.580896e-05 0.009856805 0.007945221 0.0005874969 0.00011430163 6.537864e-05 0.0057100044 0.0034373244 0.006871811 0.0049927286 0.00017411108 0.0031827549 0.018972637 0.0009732739 0.0003464077 0.02929948 0.004939647 0.14790425 0.006012983 0.0021082407 0.0035320902 0.00094540947 0.0028292935 0.00022878507 0.0040382133 4.3453278e-05 0.00023398393 0.00021300741 0.00018094108 0.0018705126 1.9084604e-05 1.606596e-05 0.002958401 0.0011915509 0.0007928471 0.00057681126 0.0017719616 1.0713817e-05 3.1043142e-05 0.00021677013 0.00010789451 1.9449788e-05 8.6320375e-05 5.4518057e-07 6.19149e-05 0.0010791264 0.0009144554 0.0010220968 2.6136307e-05 4.742098e-09 9.438032e-05 0.00013445412 0.00023528445
0.7182811 0.1600265 0.20398949 0.14945127 0.3433349 0.04156067 0.14006288 0.15674047 0.030882938 0.30342945 0.035861876 0.43694773 0.44195494 0.022479624 0.3686877 0.37625042 0.02772333 0.01932133 0.03758818 0.13764296 0.021926757 0.005309053 0.62384194 0.04995572 0.69149685 0.0084989695 0.08755894 0.15008782 0.017315011 2.2348236e-20 0.1176251 0.47063932 0.0013782729 0.05814745 0.011399225 0.15641691 0.48613152 0.5096557 0.016982092 0.07026461 8.57913e-05 0.00021208655 0.0007112541 0.015876584 0.4668433 0.0013001878 0.042851917 0.023397949 0.002629971 0.5843227 0.3159251 0.009766654 0.0002839136 0.002330875 0.4980236 0.11536717 0.016234877 0.025090082 0.00091333105 0.05233238 0.008445985 0.01010324 0.0009653702 0.0003323645 0.5478496 0.0046697236 0.6746263 0.028182909 0.51325977 0.0043699807 0.02368495 0.00034178636 3.509416e-05 0.00017564661 0.011702807 0.00012984623 0.000115360046 2.7815933e-05 0.000117391566 0.00016599274 0.0022980352 0.002791869 0.0032158531 0.0036601664 0.00047924134 0.0015920241 0.0066173538 0.003015653 0.017425057 0.00021355537 0.00034418906 5.6389104e-05 0.0012054263 0.001610176 4.8862774e-05 0.007271956 0.00031959984 8.1068225e-07 9.799953e-05 0.0004530914 0.0007706852
0.01535037 0.031884614 0.026666176 0.060142357 0.02956963 0.007680266 0.0077460823 0.006951537 0.008274355 0.013252477 0.0070607895 0.06057696 0.23633254 0.0010948351 0.12950428 0.020999214 0.0029100366 0.0007565003 0.044640172 0.17966937 0.0005495011 0.0074688396 0.083986916 0.08443831 0.15997064 0.0033946147 0.22190633 0.0043873666 0.06815135 0.1176251 1.0674231e-21 0.4309896 9.499219e-05 0.4043539 0.00021931926 0.35502252 0.30909026 0.07314081 0.0010700043 0.21332808 7.647139e-05 4.4064138e-05 2.5773368e-05 0.09795305 0.06780858 0.0041027213 0.2084635 0.12954146 0.00035860244 0.08108898 0.025970042 0.0003259733 4.508191e-05 0.00028125857 0.07605311 0.0051572775 0.10404376 0.086710535 0.00069523684 0.056861628 0.07535922 0.044225603 0.00041321578 0.00074678316 0.07048422 0.025550034 0.047741394 0.03446763 0.038103733 0.040292285 0.056295794 0.00011547805 3.3141318e-05 0.00013128665 0.0010092078 0.00014254428 0.00010555508 8.624496e-06 2.7796574e-05 6.5399094e-05 0.014420626 0.02007274 0.018091476 0.018824067 0.0021401492 2.0577718e-05 0.00030023252 0.009717469 0.0018872303 4.433517e-05 7.798063e-05 8.7562825e-05 0.004560737 0.0068875775 8.144872e-05 0.028981911 8.055488e-05 1.2383191e-07 6.060004e-05 0.000116801835 0.0062427376
0.41379005 0.07845346 0.1640428 0.2447954 0.2019849 0.06174728 0.05846063 0.104869224 0.04961189 0.10025213 0.01629582 0.48975587 0.4820179 0.022462009 0.53073025 0.16203393 0.020318093 0.007040738 0.07486119 0.2790037 0.006498485 0.020231847 0.5925938 0.20657375 0.43905488 0.02264609 0.21232104 0.033958096 0.056113414 0.47063932 0.4309896 2.6024172e-21 0.0008683288 0.26952267 0.0018664151 0.6079775 0.62259036 0.39295146 0.0020014232 0.28316072 0.00029643349 4.1816118e-05 5.5131302e-05 0.12313304 0.6767077 0.0028465213 0.169909 0.08686765 0.00041291522 0.46275428 0.09142597 0.0009932498 0.00022786962 0.0003681586 0.5821733 0.01113328 0.10092364 0.08924133 0.00014954933 0.18507527 0.08381681 0.0743941 0.00015903298 0.00031092312 0.53507483 0.020714048 0.40301567 0.08056253 0.19517435 0.03288874 0.09856768 7.461798e-05 2.7189413e-05 1.7788585e-05 0.0014003927 2.5105383e-05 6.0601856e-06 2.7974647e-05 1.4677229e-05 1.6000746e-05 0.007183816 0.020081816 0.0115257725 0.022563409 0.00038173975 7.0048886e-06 0.0010370254 0.009985558 0.0017275326 2.195101e-06 1.4804749e-05 5.0879123e-07 0.0020662907 0.0047949073 1.9635994e-05 0.068684086 6.7009555e-06 1.13806124e-07 5.5690043e-06 5.548478e-06 0.020553188
