9.4691214e-36 0.03366767 0.005734327 0.0076666432 0.005239555 0.12916616 0.010164352 0.21644823 0.35075703 0.77071774 0.01080915 0.10620985 0.6263776 0.0021033776 0.12551586 0.0049409727 0.00063520315 0.011891584 0.008654996 0.76229554 0.65550256 0.9157476 0.36167094 0.6963462 0.0011404423 0.94840413 0.00031942275 0.111382656 3.3087003e-05 0.028175915 0.052982584 0.40386897 0.45542118 0.015509512 0.7562789 0.0008443411 0.64489675 0.04682417 0.96335673 0.007827143 4.0378836e-07 0.094134256 0.29748824 2.3955656e-05 0.9502943 0.23171963 0.36439514 0.14128973 0.029452901 0.0028009603 5.6762874e-06 0.005160835 0.0019823872 0.018064547 0.0024127557 0.012461565 1.5195648e-05 3.602297e-05 0.9300349 0.0048845196 0.04287053 0.005160862 0.9481821 0.005908956 0.77652794 0.0073049236 0.0065162154 0.00086699193 3.6571354e-08 0.03876003 0.0031891265 1.876981e-09 0.04170415 0.013905031 0.65446174 0.9197496 6.467536e-10 0.00011068019 0.99477637 0.45748082 0.00028880898 0.119172424 1.4252089e-06 0.014953401 0.9398676 0.7149119 0.010736203 1.382142e-07 0.9968571 1.2723977e-07 0.018715441 6.278357e-08 6.6804146e-10 0.9843277 0.979664 0.0013901754 0.9854984 0.829986 1.9525509e-10 6.308785e-05 7.0908164e-09
0.03366767 2.533022e-22 0.69228655 0.41167063 0.4040556 0.636328 0.1390048 0.4455449 0.17750351 0.5125062 0.4341718 0.07896179 0.03118642 0.27587035 0.015421337 0.018256973 0.17458953 0.04948497 0.043660533 0.23062383 0.13288379 0.058518585 0.009770372 0.026071971 0.061807357 0.034307927 0.038968246 0.004248056 0.029556552 0.00615457 0.0056482246 0.027476912 0.0060826377 0.0071448134 0.014796266 0.011574906 0.0019385846 0.0074819895 0.0032845445 0.0036240455 0.0047050607 0.0013200156 0.0024590474 0.0167369 0.0156599 0.00054600846 0.0004096765 0.0017405199 0.003780716 0.0031694516 0.0103149 0.0056226826 0.0025675436 0.0018234829 0.0043820348 0.0060815588 0.007830252 0.0014346286 0.03666469 0.010804569 0.004532574 0.0032396168 0.0010830751 0.0010122124 0.00016228612 0.0014467406 0.0011546176 0.006935771 0.00024014548 0.00016293979 0.0050531016 0.0010442093 0.0015545362 0.00037018952 0.025732357 0.014683747 0.0022988275 0.0030921586 0.002806676 8.925673e-05 0.0024832524 0.00027540218 0.00030310918 0.009587721 0.0049855034 1.8744875e-05 0.000123429 1.3796135e-05 0.008358265 0.0006410509 4.8782877e-05 0.00025533017 4.6928628e-05 9.098544e-06 0.0094066225 9.035874e-05 0.00031401298 9.597201e-06 3.4024724e-06 0.00034383326 9.9858225e-06
0.005734327 0.69228655 1.6109375e-26 0.77198166 0.37857097 0.3060245 0.19039676 0.042323507 0.022217229 0.11985617 0.12786035 0.10750912 0.004291662 0.13671716 0.0025035955 0.032419063 0.16040629 0.006986823 0.0055035073 0.029169865 0.05966013 0.015425837 0.0006725034 0.014940536 0.0059527224 0.009706124 0.011332678 0.0012413244 0.11017006 0.0012569968 0.001247894 0.0047356654 0.00086882035 0.0047461344 0.011906875 0.0010569056 0.00066828856 0.00073791214 0.0004145661 0.00024022267 0.021219779 0.0004352995 0.0009333099 0.0017762803 0.005824265 0.00032896386 0.00019378887 0.0006645594 0.00085834006 5.8964783e-05 0.0030932426 0.00013706597 4.718982e-05 0.000479173 3.6719903e-05 0.00053398346 0.0009547291 5.1875748e-05 0.0017952005 0.0002231609 0.0028525908 5.667344e-05 0.0003988041 3.8797414e-05 9.353678e-05 0.00054603064 4.2266165e-05 0.000384994 7.911295e-06 2.7112148e-05 0.00021739076 0.002127371 0.00011875959 7.6877295e-05 0.002635732 0.0062111607 0.0031417385 0.00028864102 0.0001957858 9.933905e-06 0.00020135907 3.992634e-05 3.9391325e-05 0.003689623 9.0223206e-05 6.7911324e-06 2.073125e-06 7.811464e-06 0.0021724103 3.308252e-05 4.6828995e-06 6.25746e-06 2.8673285e-06 4.9183523e-06 0.0021804345 6.844964e-06 5.6354856e-05 1.5653073e-05 4.2620902e-09 0.00013125998 1.6397163e-07
0.0076666432 0.41167063 0.77198166 3.7189344e-25 0.76671225 0.48584276 0.66428983 0.0074683623 0.005510821 0.041720625 0.009068386 0.35484755 0.00079335005 0.014912502 0.00012821273 0.244079 0.015425647 0.00019476285 0.00016913773 0.010420988 0.09818073 0.0061501483 2.490177e-05 0.054781236 0.00059760263 0.0027846603 0.00042645854 2.725915e-05 0.09133276 4.483798e-05 4.2587875e-05 0.00018118057 0.000119230215 0.0211499 0.031236367 0.0001305754 8.175316e-05 2.3688084e-05 3.5834484e-05 3.6881276e-05 0.08369983 0.000108313696 0.00020055663 7.7638986e-05 0.019509135 7.927707e-06 8.80808e-06 3.7665694e-05 6.2726096e-05 8.210714e-06 0.00030635472 1.4261669e-05 6.697084e-06 7.0816466e-05 6.763005e-06 7.131073e-05 0.00010647308 2.0175437e-05 0.0012171803 1.9685738e-05 0.0046313736 9.231405e-06 3.7910675e-05 5.6503686e-06 2.827463e-06 0.0017395216 1.7951979e-06 3.3855264e-05 3.2461898e-07 2.1044919e-07 1.452308e-05 0.009295693 4.6586233e-06 3.1791053e-06 0.003927072 0.006550234 0.008058566 2.734197e-05 0.00011217725 4.511044e-08 2.1212103e-05 3.560835e-07 2.5725509e-05 0.0045681563 0.00013100961 9.3222006e-08 3.330681e-07 0.00041761223 0.0028363701 3.0121905e-06 4.986221e-07 1.2326476e-06 5.9159555e-07 3.126672e-07 0.0056673735 4.9337024e-07 0.00013767136 2.7131648e-07 8.060302e-10 2.3780103e-06 3.5908837e-08
0.005239555 0.4040556 0.37857097 0.76671225 8.803871e-27 0.656841 0.77627385 0.0060874745 0.0047819084 0.045091525 0.0050048945 0.53625005 0.0005345148 0.0033880766 0.00011116181 0.27207005 0.0011382756 0.00027708904 0.00025751 0.012271568 0.22171 0.004264203 4.167026e-05 0.15008324 0.00029797052 0.0018498218 0.00012936481 1.1386161e-05 0.009485337 4.453209e-05 1.7160924e-05 0.00061187707 4.395107e-05 0.036026012 0.07543259 0.00012072278 1.3964618e-05 2.8127479e-05 1.9623134e-05 1.6103633e-05 0.013601612 1.115566e-05 3.9974653e-05 5.1658822e-05 0.076945625 4.0998502e-06 8.440843e-06 4.2045136e-05 2.1197624e-05 1.8059345e-05 2.8802577e-05 1.9751065e-05 1.7075805e-05 1.7139302e-05 6.5645445e-06 1.5634232e-05 0.000113879796 1.6874628e-05 0.0012076558 2.5420732e-05 0.0033170145 5.919728e-06 2.232442e-05 1.3329637e-06 2.4065257e-06 0.002969102 3.3139188e-06 6.1317245e-05 7.5938864e-08 1.0203349e-06 3.6656787e-05 0.00048160614 7.2781413e-06 2.2529778e-06 0.005413096 0.007108547 0.0006164418 4.9090475e-05 6.019483e-05 8.879304e-08 2.392796e-05 7.069136e-07 5.941991e-06 0.006098974 3.888765e-05 9.5445635e-08 1.9622833e-07 3.5186185e-05 0.0013480205 3.3322901e-06 2.986879e-07 1.0273691e-06 1.8087912e-08 3.479121e-07 0.0049852063 1.6055023e-07 2.877906e-06 7.723926e-08 1.4071451e-10 4.5029633e-06 1.3529944e-08
0.12916616 0.636328 0.3060245 0.48584276 0.656841 9.358905e-22 0.5733206 0.044649217 0.022001967 0.5121922 0.029623989 0.61037326 0.005539852 0.01774879 0.0012871578 0.060192894 0.011937204 0.0022937504 0.0022960834 0.2912448 0.4831243 0.04343367 0.00071034604 0.24912718 0.0029192343 0.010474289 0.0010378629 7.6029995e-05 0.006147445 0.0001584231 0.00010566435 0.0055974913 8.986255e-05 0.015572836 0.0353759 0.0009867 2.0664305e-05 0.0001797502 0.00012562872 0.00022753738 0.001524812 6.678549e-06 1.9715311e-05 0.00039108738 0.11347819 5.4507323e-06 5.0659287e-06 2.541576e-05 0.0001619213 0.00054700347 0.0005928251 0.00067580736 0.00057610427 6.940101e-05 0.00085960166 0.00050150615 0.00018043119 0.00052563637 0.027712045 0.0011805942 0.0038275558 0.00014964734 2.2418126e-05 4.2859927e-05 2.0161117e-06 0.0014672015 6.808951e-05 0.00048632774 5.5467954e-06 1.3289103e-05 0.00047627752 0.00029625822 1.7497858e-05 9.766631e-06 0.043445744 0.015856996 0.0004902769 0.00035569642 0.0009316719 6.7423497e-07 0.00010963835 3.52193e-06 7.557499e-05 0.0059085363 0.0027221143 4.793135e-07 8.791706e-06 1.3936255e-05 0.005869968 7.082369e-05 3.7050365e-06 3.2749187e-05 5.1145944e-06 5.409452e-07 0.013334674 9.172801e-06 9.035568e-06 1.7024078e-07 1.9977608e-06 5.100972e-05 3.2618193e-06
0.010164352 0.1390048 0.19039676 0.66428983 0.77627385 0.5733206 3.6819966e-23 0.0025168685 0.0018676464 0.020397708 0.0010145684 0.7033727 0.00016779396 0.0021335946 3.393226e-05 0.6086244 0.0006586161 8.319206e-05 8.699764e-05 0.007281804 0.1746507 0.003483949 8.678928e-06 0.26577193 0.00024294727 0.0015155422 8.160143e-05 4.8678244e-06 0.0110045485 1.2274399e-05 1.3069307e-05 0.0001436535 1.1616136e-05 0.14170025 0.30466476 0.00010763266 3.1943493e-06 1.2022249e-05 4.5598335e-06 3.1470263e-05 0.03404603 1.5443926e-05 1.23349855e-05 1.5586771e-05 0.1689719 6.747952e-07 6.641295e-07 7.424167e-06 8.545857e-06 2.4894482e-05 7.520695e-05 2.3151886e-05 1.919822e-05 2.3463495e-05 1.864242e-05 1.9187422e-05 3.364082e-05 3.9343944e-05 0.0023688402 3.8079346e-05 0.020979 3.7574757e-06 6.5494687e-06 1.3239384e-06 4.3883054e-07 0.030685754 6.791835e-07 4.4897286e-05 4.4643244e-07 9.402666e-08 1.0463815e-05 0.0011306634 1.3757842e-06 6.256866e-07 0.014285879 0.017363066 0.0008948122 1.10423925e-05 0.00016747965 1.1862115e-08 3.6329382e-06 1.2557511e-07 8.32128e-06 0.0111033125 0.0006040781 3.48961e-08 2.5713072e-07 0.004654012 0.0026494632 1.0405436e-06 1.3517763e-07 7.9994413e-07 1.3808177e-07 2.7947178e-07 0.0077336854 9.8756594e-08 2.1043377e-05 1.0719287e-08 2.0700655e-09 8.203642e-07 6.1080776e-08
0.21644823 0.4455449 0.042323507 0.0074683623 0.0060874745 0.044649217 0.0025168685 1.5285588e-20 0.73738676 0.615981 0.49633306 0.0040308856 0.54787797 0.26450187 0.34486932 0.00080246915 0.15953264 0.5166696 0.45431924 0.27150723 0.034194686 0.48869795 0.18032601 0.011624394 0.26140654 0.38060418 0.104813516 0.124743626 0.0035617775 0.11680822 0.176511 0.18252745 0.14857467 0.0009226243 0.004239592 0.19115224 0.0811116 0.2967488 0.12895969 0.13734551 0.00016736149 0.03245455 0.028795732 0.046860553 0.015472763 0.007662708 0.00834118 0.011911101 0.043137204 0.07537172 0.01041241 0.059692442 0.052164398 0.016909814 0.036477167 0.031046089 0.043794774 0.027872257 0.30804017 0.019512275 0.0015567794 0.006012856 0.026191492 0.0026374366 0.004910172 0.00015290115 0.002570578 0.01012655 0.001319475 0.0016351186 0.005009567 0.00017499151 0.0053235684 0.0018009838 0.068071686 0.016647285 0.0015324347 0.0046253446 0.14755273 0.003388327 0.0010280719 0.0033190807 0.0016656512 0.005635959 0.06507745 0.002504823 0.00091371004 8.910585e-09 0.06781099 0.0017768157 0.0005824163 0.0011052164 1.1817803e-05 0.0025019927 0.020920772 0.00018169967 0.02024134 0.0011368096 2.4310357e-05 0.0007516683 9.811137e-05
0.35075703 0.17750351 0.022217229 0.005510821 0.0047819084 0.022001967 0.0018676464 0.73738676 1.516947e-20 0.57828593 0.26273707 0.004349719 0.77889675 0.08311725 0.23443697 0.0018119119 0.06292868 0.4090381 0.34692216 0.22416373 0.033462584 0.5313125 0.11255502 0.013833356 0.11510505 0.28091672 0.04788424 0.10810359 0.00089351827 0.06005338 0.06633195 0.13186027 0.09278417 0.0019456077 0.0058367094 0.12073653 0.07912327 0.14703129 0.07070837 0.039284855 0.00014013011 0.017615138 0.016257962 0.030675542 0.020109795 0.005198949 0.0065621007 0.005910218 0.016415676 0.03556168 0.0039900215 0.024965798 0.03138124 0.008848788 0.016202046 0.01085895 0.034859076 0.013405919 0.29583836 0.007580491 0.0033010906 0.0033305683 0.013594436 0.0012792816 0.0031179017 0.0005833835 0.0013847365 0.010787009 0.00018200837 0.0011240566 0.0029265725 0.00015816209 0.0029426662 0.0011477105 0.07044068 0.01666634 0.0008382659 0.004338227 0.06671538 0.0020122952 0.0028464166 0.002649131 0.0014197102 0.008881258 0.067204304 0.0018598585 0.0007092309 2.3554396e-08 0.057427093 0.00077732187 0.0007164641 0.00058440975 6.015749e-06 0.0022222158 0.024215536 0.00033379073 0.0053971424 0.00052693224 4.537541e-06 0.000790979 7.9900485e-05
0.77071774 0.5125062 0.11985617 0.041720625 0.045091525 0.5121922 0.020397708 0.615981 0.57828593 7.986076e-19 0.31991616 0.059375107 0.42076546 0.11549626 0.093656234 0.008844971 0.10866648 0.24197267 0.19528429 0.54139006 0.18773933 0.69448775 0.088788316 0.07698216 0.06881897 0.5106037 0.02946056 0.032881435 0.0039798995 0.028222622 0.038859908 0.15605463 0.034453217 0.015092372 0.030318184 0.040660422 0.018834276 0.04771331 0.0415209 0.013548463 0.0005601536 0.0061080083 0.0054068197 0.009254769 0.098477766 0.0013407799 0.0019039168 0.0020685217 0.005812144 0.00506754 0.0035496156 0.0052740183 0.0044905595 0.00278764 0.004558458 0.0072367736 0.009005936 0.0034569392 0.5005445 0.004757813 0.013272608 0.001547187 0.009545211 0.0004061952 0.0009592458 0.004669601 0.00043931 0.002228404 0.00032561255 0.00017874743 0.0011353804 0.0001804606 0.0006224134 0.00012660558 0.3337139 0.11251256 0.0008893598 0.0014720439 0.10751158 0.00030151196 0.00031401718 0.00032849892 0.00035407205 0.018393844 0.2758329 0.00023386726 0.00016338872 3.5979485e-06 0.36965576 7.1293245e-05 7.113155e-05 3.7405523e-05 0.00011737477 0.0003023118 0.21207824 4.2626678e-05 0.016994122 2.8773036e-05 4.6577145e-05 0.00014243938 3.2177715e-05
0.01080915 0.4341718 0.12786035 0.009068386 0.0050048945 0.029623989 0.0010145684 0.49633306 0.26273707 0.31991616 1.6766604e-22 0.0060371845 0.042256437 0.5681928 0.02899826 0.0006990908 0.5669996 0.34870324 0.32449374 0.055161685 0.022666013 0.12376593 0.009487695 0.0051809647 0.47363517 0.037342723 0.42116097 0.0176546 0.024315735 0.022615425 0.009868742 0.016303875 0.016438462 0.001433313 0.0070823696 0.2459396 0.016608877 0.051077034 0.0070780218 0.02050429 0.0012479625 0.004582883 0.006721838 0.18986218 0.0047283815 0.0022886724 0.0028609806 0.0031738346 0.0079837 0.01123724 0.07434722 0.009013347 0.0075458474 0.0042380514 0.004150545 0.0075565847 0.112054 0.014600642 0.021004291 0.0048918244 0.0022404084 0.00079710677 0.004486491 0.00038710728 0.0007430018 0.00039734025 0.00027050718 0.0050964598 0.009803852 8.4722116e-05 0.0013434895 0.0004103275 0.0011431723 0.00031768295 0.009951385 0.01503503 0.002287109 0.0022995668 0.009152864 0.00077498547 0.0005988789 0.0012882526 0.00029316352 0.0043009953 0.0024371794 0.00012762692 2.8864117e-05 6.20578e-08 0.0057690586 0.00018021606 6.770907e-05 7.5405456e-05 0.00041656668 0.00020898292 0.004173051 1.3305499e-05 0.0027226233 0.00023051657 7.9395366e-05 0.00012324066 5.299396e-06
0.10620985 0.07896179 0.10750912 0.35484755 0.53625005 0.61037326 0.7033727 0.0040308856 0.004349719 0.059375107 0.0060371845 5.403173e-20 0.0010778079 0.007985684 0.00015351613 0.5448771 0.005718645 0.00070285914 0.00080532534 0.040909693 0.59864664 0.008619301 0.00015974407 0.69604516 0.002216332 0.0032865496 0.0007816125 2.1397685e-05 0.007133433 5.0132752e-05 3.451714e-05 0.0007298722 6.348683e-06 0.24402595 0.547844 0.001002745 3.1839509e-06 5.6833105e-05 1.9155535e-05 5.4077293e-05 0.00805862 1.9815432e-06 4.170809e-06 0.0001811956 0.5881762 9.877095e-07 1.4939267e-06 5.4761485e-06 1.2603967e-05 0.00015657234 0.0007707745 9.99526e-05 0.00013629133 1.9620065e-05 9.7942444e-05 2.7372598e-05 9.7582e-05 0.0003053749 0.007386145 6.7337e-05 0.024329873 5.8899723e-06 5.6194635e-06 2.5920094e-06 9.945511e-07 0.053635787 2.5793988e-06 4.8747723e-05 1.2698243e-05 9.267098e-07 3.058087e-05 0.0052490723 1.5472813e-06 1.0219281e-06 0.10622142 0.11503487 0.0032509502 2.6676671e-05 0.0004904539 6.6578814e-08 1.1009712e-05 3.493714e-07 4.5061897e-06 0.023989923 0.0021688023 4.7610328e-08 3.8042901e-07 0.002690011 0.00708808 7.4507793e-06 3.3072016e-07 4.3476016e-06 1.1560635e-05 1.8750148e-07 0.018915178 2.6631577e-07 1.8551314e-05 6.0927148e-09 9.1208705e-08 1.4715597e-06 1.1417861e-06
0.6263776 0.03118642 0.004291662 0.00079335005 0.0005345148 0.005539852 0.00016779396 0.54787797 0.77889675 0.42076546 0.042256437 0.0010778079 1.6458336e-19 0.013684988 0.6894168 0.00032203307 0.0070123593 0.1885974 0.1257748 0.25680444 0.011205632 0.70395833 0.5196266 0.0036347026 0.036137287 0.4542475 0.006698125 0.047124807 2.8205617e-05 0.03057422 0.059326492 0.34091866 0.10075793 0.00022718894 0.001608605 0.04379877 0.09483264 0.06792538 0.11573795 0.037538268 3.5354027e-05 0.01474443 0.013454531 0.00813304 0.0063717505 0.0073767053 0.0045125764 0.0053907405 0.015932513 0.019660225 0.00032591174 0.017800264 0.016290903 0.008519103 0.013728609 0.014251901 0.015364907 0.00728187 0.44789284 0.0093658045 0.00088464515 0.004780951 0.013301733 0.0031176964 0.0014052914 0.00015707755 0.002392762 0.005564543 2.4443825e-05 0.0014301201 0.0032565 0.00011814721 0.0012218487 0.0010444185 0.057023946 0.005841607 0.00044070504 0.001960645 0.19953728 0.00053230074 0.0015135251 0.00077150116 0.0011143051 0.0064263134 0.07252276 0.0002643982 0.00055449107 7.74849e-09 0.082343265 0.0012475068 0.00023174784 0.0010748024 2.0612147e-07 0.0008574177 0.019857896 0.00017436931 0.011706619 7.6245575e-05 3.3268523e-07 0.00019323612 7.024588e-05
0.0021033776 0.27587035 0.13671716 0.014912502 0.0033880766 0.01774879 0.0021335946 0.26450187 0.08311725 0.11549626 0.5681928 0.007985684 0.013684988 2.0483225e-24 0.015728313 0.0018448544 0.6797362 0.16464137 0.1476823 0.028789919 0.009736453 0.039083872 0.0028025128 0.0028322656 0.3335864 0.01914059 0.47554702 0.007149775 0.096513875 0.010551035 0.002792696 0.0054506576 0.0020720083 0.0016986214 0.0046312744 0.19238254 0.0014539239 0.033384044 0.0008805212 0.0039877407 0.00685531 0.0010872384 0.0016052813 0.16528055 0.00399107 0.00084742805 0.00034604484 0.0012995006 0.0035684197 0.0034494123 0.13717046 0.0048914677 0.002304293 0.0020807867 0.0017174621 0.003085953 0.07716386 0.007775858 0.0030574137 0.0016728682 0.0024461527 0.0004290215 0.0007571888 0.0001716126 0.00012809859 0.0002889068 0.00023405023 0.011527461 0.013227236 0.00018505717 0.0012798485 0.0015167126 0.00043642058 0.00018702423 0.004085908 0.010979458 0.0068208897 0.0020857607 0.0011172042 6.866419e-05 0.003185474 0.000266337 0.0004273707 0.005292838 0.002102772 2.4587142e-05 3.8847993e-05 3.460075e-07 0.00426499 0.00032349548 4.1153922e-05 0.00023660799 0.006172059 5.9852344e-05 0.0030620107 0.00012765492 0.0027606748 0.0003915391 0.00012645246 0.00084130774 3.2669235e-05
0.12551586 0.015421337 0.0025035955 0.00012821273 0.00011116181 0.0012871578 3.393226e-05 0.34486932 0.23443697 0.093656234 0.02899826 0.00015351613 0.6894168 0.015728313 3.869109e-21 3.422616e-05 0.0090487795 0.28998557 0.18607056 0.040819142 0.0019441695 0.09942006 0.81209093 0.0014497583 0.048485037 0.07123982 0.011205536 0.22065386 3.5118635e-05 0.16862996 0.26005754 0.2806552 0.15988065 4.0294286e-05 0.00019869002 0.08373586 0.123733595 0.15624365 0.09851653 0.09478412 1.4046241e-05 0.024250902 0.017369036 0.014951476 0.0016082462 0.011906982 0.008090296 0.007967405 0.039859284 0.072056286 0.00023133095 0.061721917 0.06640187 0.017606279 0.04981054 0.035110977 0.04056343 0.023555465 0.05418065 0.023814848 6.777898e-05 0.010106689 0.012342381 0.005819041 0.0015533974 9.456117e-06 0.0052434667 0.02098513 2.5942636e-05 0.0019759422 0.007502199 5.171472e-05 0.0016146486 0.0018776214 0.0047794417 0.0011144757 0.00030924403 0.0076508746 0.070031956 0.0009950465 0.004041388 0.00093032717 0.003641536 0.0013780758 0.00672422 0.00047705325 0.0010283911 1.1160608e-09 0.008184388 0.0053597447 0.00070043316 0.0058045085 2.4953868e-08 0.0016005392 0.0038848901 0.00041093625 0.013352355 0.000515667 4.6790402e-07 0.0007359525 0.00054851704
0.0049409727 0.018256973 0.032419063 0.244079 0.27207005 0.060192894 0.6086244 0.00080246915 0.0018119119 0.008844971 0.0006990908 0.5448771 0.00032203307 0.0018448544 3.422616e-05 1.6165743e-21 0.0010874143 5.7973164e-05 5.8042366e-05 0.004178023 0.09540394 0.0026553757 1.6611872e-05 0.1929793 0.00014540812 0.0012213727 7.002168e-05 6.586097e-06 0.008411903 1.6530483e-05 1.5524303e-05 0.00041304578 1.4397546e-05 0.7251095 0.69187045 3.7363592e-05 8.265915e-06 1.21685e-05 9.300295e-06 1.5447948e-05 0.07663802 1.0540977e-05 1.5034892e-05 1.6036736e-05 0.26087925 1.5436998e-06 1.2284768e-06 3.902383e-06 2.6371624e-06 8.846442e-06 0.00010277493 6.398964e-06 5.5579844e-06 4.981399e-06 3.4546993e-06 3.0671372e-06 9.759349e-06 1.7117447e-05 0.001005362 1.8709717e-06 0.2163778 5.512536e-07 4.065579e-06 4.2376834e-07 5.043092e-07 0.53860134 2.133238e-07 1.8391196e-06 4.0109336e-07 1.1062493e-07 1.3589533e-06 0.010664896 2.1582823e-06 3.7183372e-07 0.007960975 0.18045 0.0037144723 2.567927e-06 4.1387124e-05 4.100104e-08 8.111006e-07 3.4295132e-07 2.5457182e-06 0.13592322 0.00042074113 9.34333e-08 1.930347e-07 0.100696355 0.0020944101 4.1702856e-07 8.878864e-08 1.585049e-07 4.6367956e-07 6.831803e-08 0.018344736 3.8172004e-08 1.8870394e-05 5.883073e-08 1.1128722e-09 1.906772e-07 7.261214e-09
0.00063520315 0.17458953 0.16040629 0.015425647 0.0011382756 0.011937204 0.0006586161 0.15953264 0.06292868 0.10866648 0.5669996 0.005718645 0.0070123593 0.6797362 0.0090487795 0.0010874143 7.784553e-26 0.049734928 0.058881175 0.013194858 0.008238191 0.02664566 0.001797066 0.0035453362 0.2628662 0.010429708 0.56415176 0.0057977424 0.29283014 0.0041982466 0.0004992262 0.0047517368 0.0007470236 0.0015624247 0.0052976403 0.054742657 0.0011288964 0.007101639 0.00016913368 0.00030211036 0.015279248 0.00040087488 0.0011029954 0.1279276 0.003128929 0.0008370051 0.0007111086 0.0005000093 0.00023988796 0.00015735492 0.32999772 0.00018848137 0.00013685085 0.00016943784 8.253159e-05 0.0001891579 0.038172886 0.00044199618 0.001229482 7.781823e-05 0.0020103913 2.8991793e-05 0.0005936556 1.999176e-05 0.00027242687 3.66478e-05 1.1477432e-05 0.00018242092 0.020359397 1.834918e-05 6.659695e-05 0.0072843945 0.00011365965 2.1835162e-05 0.0039224043 0.0035620492 0.017186442 9.6247306e-05 0.0007733132 1.71351e-05 5.898998e-05 6.388303e-05 2.555042e-05 0.0007528331 0.0015339556 1.3975304e-05 2.178517e-06 2.029456e-07 0.0031333317 1.2747979e-05 1.6527747e-06 7.258061e-06 0.018607369 1.5424323e-05 0.009892964 9.951342e-06 0.0029285378 2.4187582e-05 0.00013490442 1.7819368e-05 4.2526244e-06
0.011891584 0.04948497 0.006986823 0.00019476285 0.00027708904 0.0022937504 8.319206e-05 0.5166696 0.4090381 0.24197267 0.34870324 0.00070285914 0.1885974 0.16464137 0.28998557 5.7973164e-05 0.049734928 4.0079932e-22 0.7612233 0.07881364 0.0058497856 0.20604163 0.071058616 0.003240066 0.44382533 0.08579036 0.16634573 0.1499219 0.0017932439 0.12419605 0.104406 0.08215797 0.12677342 8.563802e-05 0.00037339123 0.46485677 0.12541503 0.35073367 0.05899425 0.17415182 9.4206225e-05 0.04749742 0.0292973 0.115244225 0.0019061839 0.023844862 0.013496987 0.020009318 0.07513995 0.19472936 0.017886974 0.122068726 0.17839235 0.026268808 0.10910414 0.06083618 0.16476214 0.14007491 0.013391167 0.041547835 0.0001187005 0.010618441 0.01523235 0.0026886403 0.0033098224 6.301055e-06 0.0027759462 0.05076714 0.0054594837 0.00097219594 0.011659372 0.00010834646 0.0045188703 0.0017034232 0.0019917123 0.0014353793 0.002345644 0.020904364 0.03128517 0.0012151736 0.0060149445 0.00185012 0.007309625 0.0046054535 0.0016429201 0.0005962097 0.00023690308 5.195179e-09 0.0022899113 0.013396316 0.00025508364 0.011190206 3.2797787e-05 0.00080449815 0.0054681227 0.00047522757 0.0069308314 0.00030612896 0.0003070324 0.0014463328 0.0043101213
0.008654996 0.043660533 0.0055035073 0.00016913773 0.00025751 0.0022960834 8.699764e-05 0.45431924 0.34692216 0.19528429 0.32449374 0.00080532534 0.1257748 0.1476823 0.18607056 5.8042366e-05 0.058881175 0.7612233 4.800049e-23 0.05234361 0.004499661 0.14388184 0.046494726 0.0026977812 0.42624888 0.05742614 0.15459317 0.09562541 0.0015283226 0.08964444 0.07385035 0.06204268 0.0990489 7.925118e-05 0.00033955975 0.42267534 0.091914855 0.25202093 0.04101071 0.12604937 6.513022e-05 0.036026433 0.025787534 0.10237624 0.0016165321 0.018859707 0.011022193 0.016120875 0.053321455 0.14805096 0.017751407 0.08751832 0.13069296 0.020329416 0.07866035 0.04581144 0.15139304 0.116584055 0.011042511 0.027645605 8.5005544e-05 0.007466782 0.012582939 0.0023178943 0.002387401 5.9493623e-06 0.0020545356 0.03184547 0.0056284796 0.0008026195 0.008070487 5.66266e-05 0.0029508804 0.0013512854 0.0019126869 0.0014844823 0.0016175237 0.01261463 0.026059909 0.0007808459 0.0030444062 0.0012064787 0.0047607906 0.0032441306 0.0013546543 0.00024484596 0.00015043507 3.4129806e-09 0.00215897 0.009255043 0.00020287953 0.007376361 3.7912047e-05 0.00061647204 0.0051826425 0.0002632933 0.0065194843 0.0002556813 0.00037022305 0.0006804913 0.003233763
0.76229554 0.23062383 0.029169865 0.010420988 0.012271568 0.2912448 0.007281804 0.27150723 0.22416373 0.54139006 0.055161685 0.040909693 0.25680444 0.028789919 0.040819142 0.004178023 0.013194858 0.07881364 0.05234361 1.5475639e-18 0.37374085 0.60419834 0.04818504 0.15318167 0.0125455605 0.59001344 0.0023038185 0.020202875 0.000270997 0.013776923 0.0359427 0.1356918 0.016641771 0.011934 0.04302415 0.007893013 0.007829367 0.018221566 0.031146262 0.0061358362 0.00027665627 0.0010275136 0.0015427616 0.001349931 0.18031211 0.00038452892 0.00050637114 0.00097032316 0.0034924687 0.006235337 0.0005708657 0.008798812 0.003846577 0.0012735361 0.005229912 0.005288461 0.0029754627 0.00096913555 0.6073852 0.00619662 0.011962967 0.0026194912 0.004665593 0.0007522517 0.00041050327 0.0040410045 0.0010090183 0.002228743 0.00013956876 0.00035379393 0.0024710635 0.0005657651 0.00047469762 0.00029658052 0.363243 0.07130574 0.00096094696 0.0017891382 0.043971527 0.00019154703 0.00015242769 0.0003040843 4.5975718e-05 0.01567174 0.23970355 4.03122e-05 0.00024067576 6.272203e-07 0.24115 0.00015029883 8.205091e-05 0.00022796179 3.0457932e-05 4.8391383e-05 0.24377388 5.469836e-05 0.030222816 2.4712179e-05 2.8985432e-05 6.45598e-05 2.5065337e-05
0.65550256 0.13288379 0.05966013 0.09818073 0.22171 0.4831243 0.1746507 0.034194686 0.033462584 0.18773933 0.022666013 0.59864664 0.011205632 0.009736453 0.0019441695 0.09540394 0.008238191 0.0058497856 0.004499661 0.37374085 1.8894362e-18 0.05175022 0.0014693447 0.7762181 0.0027312562 0.070256785 0.0018787058 0.00015852043 0.0051225508 0.00025061693 0.00018556153 0.003098959 6.516028e-05 0.11871933 0.19914457 0.0036211293 6.2086314e-05 0.00069707556 0.00028019305 0.00021122384 0.005545841 7.589818e-06 2.3194361e-05 0.0014369694 0.5668983 1.2746946e-05 1.045388e-05 4.2949654e-05 7.622253e-05 0.0022001509 0.0017680884 0.0021345206 0.0017982076 3.986668e-05 0.0007499956 0.00040196496 0.0008216218 0.0006945456 0.080305874 0.0007470029 0.016635431 0.00014270478 6.533532e-05 1.1835578e-05 6.394877e-06 0.011193937 0.0001399182 0.0014371044 0.00011327723 1.8420205e-05 0.0007235048 0.0045056464 6.576294e-06 9.8127975e-06 0.31354788 0.058198076 0.0035803725 0.0010300926 0.0036047217 9.066509e-07 0.00013217912 2.7392223e-06 2.2189635e-05 0.019145008 0.013954575 4.4801433e-07 6.8876516e-06 0.00022992681 0.03929969 6.4929955e-05 3.8645953e-06 7.519992e-05 5.6043467e-05 9.601783e-07 0.12673694 7.0630076e-06 0.002330923 1.987553e-07 5.2517635e-07 3.4867608e-05 3.07883e-06
0.9157476 0.058518585 0.015425837 0.0061501483 0.004264203 0.04343367 0.003483949 0.48869795 0.5313125 0.69448775 0.12376593 0.008619301 0.70395833 0.039083872 0.09942006 0.0026553757 0.02664566 0.20604163 0.14388184 0.60419834 0.05175022 3.7770514e-18 0.14210026 0.027693605 0.046905205 0.8006685 0.016516956 0.06610395 0.00088261085 0.02312129 0.05512355 0.22211963 0.0755301 0.0037265434 0.04256843 0.039216146 0.049997505 0.08542297 0.0884434 0.018312277 0.000302865 0.0091017345 0.003567235 0.018863477 0.02706112 0.0016356832 0.0018010696 0.00122147 0.0071768756 0.009366153 0.0017004855 0.009567401 0.008805393 0.0047478774 0.0071013137 0.008139046 0.017301543 0.006841597 0.5034582 0.0053291735 0.0036769581 0.002599394 0.0060878606 0.00092575233 0.00069271435 0.0011647131 0.0009207763 0.007216326 8.495165e-05 0.00022769022 0.0029228765 0.00017382354 0.00024726076 0.00024154449 0.21767011 0.026979027 0.00025590256 0.0034765413 0.22310421 0.00019293415 0.0015947708 0.00018086775 0.0018338753 0.006928743 0.19278076 0.00024598598 0.00034489747 1.03495e-06 0.33105156 0.00083751214 0.00048111862 0.00092408166 5.138754e-05 0.0013755612 0.09638437 0.00011425182 0.032676864 0.00015956562 0.00021759028 0.00035727557 0.00080142403
0.36167094 0.009770372 0.0006725034 2.490177e-05 4.167026e-05 0.00071034604 8.678928e-06 0.18032601 0.11255502 0.088788316 0.009487695 0.00015974407 0.5196266 0.0028025128 0.81209093 1.6611872e-05 0.001797066 0.071058616 0.046494726 0.04818504 0.0014693447 0.14210026 1.5999868e-19 0.00094553974 0.014987845 0.14043403 0.0028714687 0.17110218 2.0775396e-05 0.09100778 0.1483137 0.65470546 0.35283527 1.9300638e-05 0.00010591881 0.029250959 0.3502607 0.081306174 0.3130779 0.051249575 1.63699e-05 0.033739895 0.039199084 0.0032151507 0.0023575197 0.02548669 0.034337442 0.017317241 0.041538537 0.030790241 0.0001367182 0.033035904 0.027009984 0.018779397 0.027474577 0.031443767 0.010934385 0.007934753 0.1285615 0.020246312 3.4997036e-05 0.01120153 0.07174363 0.0074045775 0.0066257715 3.3639487e-06 0.0064824936 0.009330452 2.292307e-05 0.0046899794 0.007267398 5.2598785e-05 0.0039046428 0.0028384915 0.007368198 0.0009356114 0.00021911855 0.0029763014 0.23322865 0.00197993 0.0037965057 0.0014587042 0.0016416506 0.0011179667 0.020206846 0.0011726273 0.0011399064 3.7732164e-09 0.025061553 0.0031905742 0.000554421 0.003933639 5.1767433e-08 0.004007231 0.008514956 0.00037382057 0.0250496 0.001174082 9.321899e-08 0.00030344407 0.00016294616
0.6963462 0.026071971 0.014940536 0.054781236 0.15008324 0.24912718 0.26577193 0.011624394 0.013833356 0.07698216 0.0051809647 0.69604516 0.0036347026 0.0028322656 0.0014497583 0.1929793 0.0035453362 0.003240066 0.0026977812 0.15318167 0.7762181 0.027693605 0.00094553974 1.1044684e-17 0.0024097401 0.023507066 0.0011952617 0.00015427462 0.004313376 0.00026463278 0.0002038823 0.0027051598 4.1789128e-05 0.18612449 0.53637815 0.0019727978 4.0597075e-05 0.00090105535 0.0001608938 0.00019165303 0.006116901 8.604394e-06 1.3479119e-05 0.00062690576 0.83340245 8.352383e-06 5.237746e-06 2.8228358e-05 9.261665e-05 0.00080579583 0.0014593165 0.0006245227 0.0003920013 4.8410035e-05 0.00018124311 0.00016903564 0.00016893976 0.00039798324 0.06700464 0.00019626232 0.031404145 2.9085006e-05 5.0496034e-05 7.836669e-06 4.1190497e-06 0.02771313 2.6630434e-05 0.00028723318 3.280035e-05 6.5447225e-06 0.00014068233 0.011212238 3.6535869e-06 2.746672e-06 0.3253572 0.12049287 0.008652776 0.00010937205 0.002409645 3.365311e-07 4.0667994e-05 4.900988e-07 6.5141176e-06 0.021980664 0.017627824 2.2515762e-07 1.2796988e-06 0.0007360062 0.034321837 1.4881528e-05 6.0943427e-07 6.9643966e-06 3.1151685e-05 7.936515e-07 0.16714813 2.1082355e-06 0.0014406906 4.4862208e-08 5.382246e-07 4.049752e-06 4.76421e-07
0.0011404423 0.061807357 0.0059527224 0.00059760263 0.00029797052 0.0029192343 0.00024294727 0.26140654 0.11510505 0.06881897 0.47363517 0.002216332 0.036137287 0.3335864 0.048485037 0.00014540812 0.2628662 0.44382533 0.42624888 0.0125455605 0.0027312562 0.046905205 0.014987845 0.0024097401 5.071197e-23 0.012551975 0.573498 0.064191565 0.003286048 0.06569656 0.032936994 0.013443059 0.032393195 0.00041278845 0.0010545305 0.7057891 0.024189733 0.2513577 0.0072440137 0.1565326 0.00017264545 0.017398985 0.015140312 0.36029664 0.0007355451 0.018905459 0.006473449 0.011000709 0.027238298 0.18972145 0.08708884 0.14947824 0.14439094 0.009554832 0.102545895 0.03351881 0.3472546 0.24564241 0.0018534462 0.023519246 0.0005639255 0.0047495123 0.0041203406 0.0012626568 0.0012039925 2.8852613e-05 0.0014765882 0.061552573 0.03525398 0.0011052287 0.00595584 0.000102489525 0.0018335711 0.001505857 0.0010980902 0.00064085436 0.0014416012 0.021330265 0.0039473157 0.00036679968 0.0049473923 0.0010788937 0.00957686 0.004432628 0.00055475236 0.00017076937 0.00025914953 3.9758055e-09 0.0012945416 0.010472111 0.00049188966 0.007797676 0.00047600913 0.0005748291 0.0024639089 0.0006106343 0.0046083773 0.0013206559 0.0017211776 0.0014458494 0.0025954368
0.94840413 0.034307927 0.009706124 0.0027846603 0.0018498218 0.010474289 0.0015155422 0.38060418 0.28091672 0.5106037 0.037342723 0.0032865496 0.4542475 0.01914059 0.07123982 0.0012213727 0.010429708 0.08579036 0.05742614 0.59001344 0.070256785 0.8006685 0.14043403 0.023507066 0.012551975 1.1356437e-18 0.004462218 0.025590843 0.00020252848 0.020130038 0.06592056 0.25419477 0.054551385 0.0022949164 0.010845046 0.010334632 0.025875306 0.028431999 0.08628417 0.010751541 3.660833e-05 0.0035683427 0.003299783 0.0026911118 0.025433572 0.0010930803 0.0007854896 0.00065327977 0.0057091033 0.008766452 0.00024659152 0.009851097 0.006201926 0.0020639373 0.007915465 0.005352433 0.0022951823 0.002066081 0.5971397 0.0067527397 0.0033657379 0.0029308076 0.0064058127 0.0006911165 0.0005882889 0.0009822367 0.0012745913 0.003984572 7.016058e-05 0.00041125363 0.0035050395 6.768196e-05 0.0004545688 0.0002335579 0.16744657 0.011213516 0.00015093372 0.0024220676 0.22023445 0.00019380475 0.0006085463 0.00030059178 0.00035617247 0.009300393 0.2782535 0.000106169005 0.00046394454 1.1045752e-07 0.281091 0.00057201175 0.00019804513 0.0010957898 7.552611e-06 0.00022390361 0.18159841 0.00019341885 0.066063255 8.074409e-05 3.6951442e-05 0.000267634 0.0008446307
0.00031942275 0.038968246 0.011332678 0.00042645854 0.00012936481 0.0010378629 8.160143e-05 0.104813516 0.04788424 0.02946056 0.42116097 0.0007816125 0.006698125 0.47554702 0.011205536 7.002168e-05 0.56415176 0.16634573 0.15459317 0.0023038185 0.0018787058 0.016516956 0.0028714687 0.0011952617 0.573498 0.004462218 4.444316e-24 0.017368257 0.03533626 0.018246008 0.0037184493 0.0016203668 0.0027446707 0.00019408608 0.00051852426 0.40836233 0.0025519677 0.063632034 0.00024967964 0.0063235066 0.00033701607 0.0011073948 0.0011222878 0.5120739 0.00021264328 0.0033211086 0.0005991825 0.0012453226 0.0018957815 0.012984457 0.48531294 0.0075600664 0.010023511 0.00083867775 0.0037069507 0.0015801284 0.29055652 0.02715983 0.00047963366 0.0016118407 0.00018226544 0.00023249452 0.00040242058 8.4745545e-05 0.00014059622 5.925354e-06 8.0984544e-05 0.006906056 0.13417022 0.00016864244 0.00041012798 0.00013874107 0.0002706277 0.00018245136 0.00058880495 0.0001158679 0.0038462635 0.0033872062 0.00044214207 5.18483e-05 0.0007843425 0.00020752732 0.0011146846 0.0008197089 0.00033161003 3.8783688e-05 4.5556455e-05 4.644731e-09 0.0025430005 0.00096320914 5.216055e-05 0.0009750972 0.03391873 4.9534563e-05 0.0004136059 0.000102224105 0.00045672563 0.00012006454 0.006946123 0.00018751179 0.00031033863
0.111382656 0.004248056 0.0012413244 2.725915e-05 1.1386161e-05 7.6029995e-05 4.8678244e-06 0.124743626 0.10810359 0.032881435 0.0176546 2.1397685e-05 0.047124807 0.007149775 0.22065386 6.586097e-06 0.0057977424 0.1499219 0.09562541 0.020202875 0.00015852043 0.06610395 0.17110218 0.00015427462 0.064191565 0.025590843 0.017368257 6.67169e-22 3.287018e-05 0.7669207 0.6901649 0.14658685 0.4513765 2.7875033e-06 4.9908335e-06 0.1331892 0.5183218 0.51336193 0.1309972 0.16553038 1.770758e-05 0.114735276 0.09592053 0.028279603 0.00017353089 0.1903998 0.12618151 0.09437808 0.12584522 0.1598289 0.0017847543 0.13442264 0.14586438 0.06137957 0.13309103 0.10441439 0.07259002 0.073851205 0.01380953 0.098070756 7.0914493e-06 0.037622802 0.112191424 0.015594363 0.01798039 1.4270088e-07 0.022664886 0.10603823 0.00010288202 0.0069391015 0.04849994 2.1318534e-05 0.0070752576 0.0041824537 0.0011029696 0.00020554663 0.00020791561 0.040841702 0.08772499 0.006254421 0.022362271 0.005107349 0.015145858 8.598754e-05 0.0014929967 0.011811737 0.0008286022 4.4636512e-09 0.0020535286 0.023787845 0.0010854456 0.024985066 1.0679078e-06 0.020834789 0.0033448269 0.00089865207 0.011863328 0.00244502 2.0266004e-06 0.001332711 0.0063858815
3.3087003e-05 0.029556552 0.11017006 0.09133276 0.009485337 0.006147445 0.0110045485 0.0035617775 0.00089351827 0.0039798995 0.024315735 0.007133433 2.8205617e-05 0.096513875 3.5118635e-05 0.008411903 0.29283014 0.0017932439 0.0015283226 0.000270997 0.0051225508 0.00088261085 2.0775396e-05 0.004313376 0.003286048 0.00020252848 0.03533626 3.287018e-05 1.05941014e-23 5.1136358e-05 5.7107092e-05 0.00054738385 1.679623e-05 0.0042667678 0.010765772 0.00068001123 9.276661e-06 9.465849e-05 1.2107403e-05 0.0001429471 0.4627991 4.475034e-06 1.4173832e-05 0.0027685976 0.007575771 1.5667075e-06 5.307782e-06 2.6595396e-06 3.320184e-05 7.3245465e-05 0.09885574 7.899003e-05 5.9815593e-05 7.3441975e-06 6.470933e-05 9.319601e-05 0.00026383853 9.7627984e-05 6.425845e-05 5.565466e-05 0.0024718037 1.50298765e-05 1.9792098e-05 5.6443632e-06 4.2033284e-06 0.0011069566 2.295272e-06 1.601398e-05 0.00079732155 3.588126e-07 1.0056649e-05 0.1505769 2.6554364e-06 6.0491425e-07 0.14720432 0.01296971 0.19747274 1.3934114e-05 6.2449344e-06 2.1425035e-06 5.5427236e-06 3.6782658e-06 1.4183366e-05 0.0027911384 6.721222e-05 5.347639e-05 2.2331298e-07 0.00022648416 0.0075185583 2.3693312e-06 4.2170862e-07 1.4695723e-06 0.010176291 0.0013586076 0.0005523193 3.665168e-07 9.972418e-05 6.959258e-06 4.478117e-06 2.2024296e-06 1.0183124e-07
0.028175915 0.00615457 0.0012569968 4.483798e-05 4.453209e-05 0.0001584231 1.2274399e-05 0.11680822 0.06005338 0.028222622 0.022615425 5.0132752e-05 0.03057422 0.010551035 0.16862996 1.6530483e-05 0.0041982466 0.12419605 0.08964444 0.013776923 0.00025061693 0.02312129 0.09100778 0.00026463278 0.06569656 0.020130038 0.018246008 0.7669207 5.1136358e-05 7.636506e-22 0.64062434 0.07977072 0.22732079 3.990862e-06 3.905473e-06 0.11667676 0.2000773 0.398115 0.058779947 0.18723582 1.7141134e-05 0.06983046 0.056217577 0.023942303 0.00016019151 0.087106526 0.032946587 0.054130834 0.11464745 0.13737577 0.00072880735 0.114443876 0.13366677 0.053923305 0.12246274 0.10118328 0.056024726 0.06327745 0.0066770217 0.0939027 5.1542215e-06 0.03952781 0.033868693 0.016060974 0.005832798 3.1649103e-07 0.019303722 0.07478831 3.6969766e-05 0.005046812 0.041742016 3.2049153e-05 0.0030408578 0.0042414637 0.00043961365 4.7535676e-05 0.0003779357 0.026822412 0.037827063 0.0017834493 0.019469475 0.0024721608 0.012407947 0.00022953773 0.00044848735 0.002653671 0.00073133234 5.4604747e-09 0.0008827767 0.018582227 0.0005741996 0.017724873 1.4781271e-07 0.0058829137 0.0012208911 0.00064025936 0.0115359565 0.0011511361 9.2349137e-07 0.0008282499 0.0022941157
0.052982584 0.0056482246 0.001247894 4.2587875e-05 1.7160924e-05 0.00010566435 1.3069307e-05 0.176511 0.06633195 0.038859908 0.009868742 3.451714e-05 0.059326492 0.002792696 0.26005754 1.5524303e-05 0.0004992262 0.104406 0.07385035 0.0359427 0.00018556153 0.05512355 0.1483137 0.0002038823 0.032936994 0.06592056 0.0037184493 0.6901649 5.7107092e-05 0.64062434 3.8288058e-21 0.21906465 0.55369014 4.647423e-06 1.4288352e-05 0.07053144 0.44289273 0.304425 0.17002377 0.19835621 1.2860823e-05 0.22470689 0.1500514 0.006750569 0.00049770426 0.13541707 0.11424798 0.12170606 0.18936077 0.10428177 0.00032120122 0.09988595 0.09730433 0.09633218 0.11050316 0.12624581 0.016260054 0.042358324 0.027947463 0.106797405 2.208174e-05 0.055972714 0.1383174 0.026621155 0.023050984 6.301917e-07 0.034375 0.03611703 1.5477131e-05 0.009163804 0.050112505 1.5221379e-05 0.010555399 0.008292007 0.0020564029 0.00024109549 8.211541e-05 0.012931924 0.09770325 0.003312617 0.011691914 0.004334714 0.008896796 0.0010259938 0.0030398574 0.0062514865 0.001954968 3.8063153e-09 0.0031158996 0.007039033 0.0010187099 0.0069561102 3.0614732e-08 0.0116064325 0.0021309652 0.0012100755 0.02005287 0.0033487673 6.770988e-08 0.0009586632 0.0004333955
