1.7881905e-36 0.68562007 0.059060827 0.1005269 0.10138486 0.43640625 0.078983106 0.04411217 0.016917007 0.03909906 0.85420513 0.020481404 0.23620366 0.74980545 0.7879389 0.69692284 0.13625158 0.9150129 0.9623099 0.02462274 0.9600929 0.9284621 0.9763072 0.0052516037 0.9038816 0.0014397278 0.04223269 0.9829157 0.0042450316 0.7203992 0.036145817 0.65284586 0.0177776 0.2476559 0.0068756035 0.0025861491 0.031552978 0.9714049 0.06887766 0.0012813598 0.0021032933 0.9944277 0.669095 0.8535755 0.9825357 0.98575574 0.017239943 0.319707 0.008292456 0.010691419 0.020259658 0.00061039784 0.0023634403 0.0056295563 0.28321597 0.9895261 0.25595722 0.000525107 0.44766793 0.0007564555 0.00013648982 0.7670076 0.0005317487 0.00043607273 0.99768186 1.4963058e-05 0.00029730235 0.86442125 0.9547978 0.0049385442 0.0019517322 0.99945587 0.046173286 0.028659433 0.0030140025 1.5231193e-05 0.00019595017 0.69962704 0.9633307 0.99279255 0.007454039 0.0002442354 2.2845932e-06 4.0998293e-05 9.679449e-06 0.99911255 0.009672466 0.026062096 9.219092e-07 0.99739 0.0051363213 0.9748928 0.5785655 0.9932936 1.4312395e-05 0.017122451 3.0060868e-08 3.5926085e-05 1.27559385e-08 1.9124204e-06 0.6616807
0.68562007 1.5438838e-19 0.5215431 0.499859 0.43298495 0.64853406 0.31515354 0.32042047 0.21825834 0.343253 0.39148158 0.304812 0.30807823 0.15982042 0.33938444 0.27624133 0.02312231 0.12579727 0.24691181 0.14393094 0.09697163 0.37976784 0.33299422 0.1252859 0.019592306 0.06750927 0.02079809 0.08092248 0.08790555 0.03488336 0.0007107164 0.000595982 0.054822538 0.015979748 0.02419854 0.04566968 0.017190222 0.33804753 0.0057105003 0.022421548 0.006143791 0.35753918 0.00033345 0.00028426715 0.06584247 0.16231169 3.7999576e-05 1.5821164e-05 0.012059374 1.7181854e-05 4.3071766e-05 0.01574725 5.9776707e-05 1.9132622e-05 8.524872e-06 0.049197856 6.9398125e-06 0.061510786 1.5967331e-05 0.0010929646 0.030186508 0.0010976914 0.0046196617 0.00084984297 0.07328771 0.022526558 0.0006991888 7.000158e-05 0.00038804614 0.00013215643 0.0020789024 0.07988806 7.782409e-05 5.0169965e-05 0.0001950597 0.005444839 0.0001079782 0.00033208443 0.00079304446 0.0029967541 3.1698342e-05 0.00040093606 0.0024637128 0.0005293633 4.0533073e-06 0.0124398535 5.6468645e-05 1.2860626e-05 0.00017205901 0.0056859152 2.81729e-05 0.002142788 6.441382e-08 0.00043727193 5.2215068e-08 3.3194221e-06 1.6451344e-07 2.127729e-06 7.334493e-07 8.712197e-08 0.0016423466
0.059060827 0.5215431 1.9173708e-23 0.1200669 0.6789202 0.70053136 0.092778474 0.2840916 0.13182224 0.1276499 0.075062715 0.25029895 0.23610075 0.11095421 0.22788227 0.060612716 0.02363722 0.07813241 0.111428656 0.05121578 0.07150004 0.24690622 0.080745116 0.099748395 0.022183692 0.05996783 0.042042974 0.05691931 0.04072085 0.010280042 0.00087910664 0.0006693212 0.015080545 0.006044939 0.039142095 0.043679193 0.005353824 0.15331328 0.002324401 0.020523505 0.012443034 0.09932411 0.000733222 0.00033914208 0.012935964 0.07996012 7.181884e-05 2.5531837e-05 0.004014296 6.6008906e-05 0.00016956699 0.015557473 0.00016581379 4.455027e-05 4.814934e-05 0.034649737 1.8857136e-05 0.02026258 3.6836e-05 0.0016587507 0.014179864 0.00023834026 0.008102704 0.0014566712 0.0104562 0.009039469 0.0006447975 0.0001747557 0.00068810966 0.00020401126 0.0009329255 0.008597792 3.2158758e-05 3.4368968e-05 0.00021691961 0.005094193 0.0005416615 7.116425e-05 0.00015236883 0.00025433474 4.3452743e-05 0.00010000751 0.0006925951 5.957694e-05 5.8382598e-06 0.005464591 6.852191e-05 3.1424046e-05 1.4322225e-05 0.005178843 2.4388475e-05 0.0006335044 6.275329e-08 0.000774404 4.5383494e-08 3.3316196e-06 1.5068956e-07 2.2679741e-07 4.0562358e-07 4.1444963e-08 0.00056366663
0.1005269 0.499859 0.1200669 3.3543795e-21 0.1595953 0.11935723 0.6795776 0.1375626 0.152968 0.47074506 0.44571993 0.38704625 0.2084486 0.09623734 0.16717523 0.36863068 0.020624356 0.060767107 0.12847942 0.34164485 0.06662519 0.14339755 0.3415519 0.22876392 0.017016867 0.24890545 0.032024354 0.050511923 0.25251392 0.11055603 0.0015419343 0.0014494375 0.12401106 0.05756924 0.03983217 0.06576619 0.04505055 0.28884366 0.02319561 0.03859091 0.006734683 0.28731513 0.0019603972 0.001015828 0.14366242 0.14190851 0.00013573149 9.690704e-05 0.04097026 6.596378e-05 0.00014331416 0.026856214 6.350763e-05 2.1563475e-05 4.4778455e-05 0.05692948 6.3532105e-05 0.10621359 5.332356e-05 0.00017137022 0.04483965 0.009598511 0.003917384 0.0002868401 0.11557469 0.05800405 0.0002445062 0.0002849596 0.0015885025 7.145096e-05 0.006408217 0.05383648 0.0013254569 0.00082677207 0.0015263592 0.011201391 0.0012409135 0.0028587962 0.006729483 0.014350351 1.174587e-05 0.0013431943 0.006169743 0.0020155727 5.6287254e-06 0.024106568 0.0012534875 1.5070134e-05 0.0003028722 0.019058196 0.0006136152 0.00981797 7.1961125e-08 0.0011538524 2.3306546e-08 0.00042654006 1.5007129e-07 2.7785418e-05 2.4076621e-06 1.38067495e-08 0.013479384
0.10138486 0.43298495 0.6789202 0.1595953 4.9752333e-24 0.70709187 0.07757509 0.4529843 0.26467383 0.2659779 0.06999284 0.39946628 0.44655585 0.17055833 0.1662397 0.028781664 0.04932568 0.10876246 0.12521309 0.047192905 0.063282564 0.26553455 0.064140745 0.19570921 0.044764135 0.09612229 0.076193884 0.049706295 0.050291695 0.0076012416 0.0015289765 0.0030397617 0.014588699 0.004367585 0.06814718 0.0810143 0.0059767356 0.15047769 0.001957145 0.051274057 0.034857035 0.093780965 0.0013155869 0.0010033883 0.007970449 0.07103258 0.00010656807 9.8527686e-05 0.006198663 0.00012228372 0.00016726495 0.03031037 0.000317051 5.499897e-05 8.446806e-05 0.029646937 4.910799e-05 0.04519978 7.196021e-05 0.0039535887 0.07351726 0.00030276825 0.014887555 0.0042628 0.0067246007 0.018429391 0.002014897 0.00041708924 0.00064440834 0.00028202377 0.0012995346 0.006653442 4.09555e-05 3.823958e-05 0.00026634487 0.011628114 0.0011230955 8.3850144e-05 0.00021986522 0.00035603033 4.8662627e-05 0.00019140152 0.0024489078 0.00018014456 5.575636e-06 0.0026731158 8.1435755e-05 3.0789168e-05 5.896298e-05 0.003945314 5.6831967e-05 0.00047502847 6.7765434e-08 0.00071597676 3.772297e-08 5.179416e-06 5.2431307e-07 4.3197437e-07 1.5638593e-06 3.937282e-08 0.00044316094
0.43640625 0.64853406 0.70053136 0.11935723 0.70709187 1.7635044e-22 0.050337806 0.5822509 0.19356754 0.23112151 0.06998138 0.37043205 0.4966229 0.3105928 0.21557882 0.019659366 0.07042469 0.21839555 0.2848192 0.029989706 0.13703983 0.43954122 0.07630614 0.16776007 0.064708985 0.04510579 0.085420184 0.11518085 0.026277037 0.0045538913 0.0022805748 0.0045180046 0.010912467 0.004021998 0.06057273 0.06617139 0.004587737 0.22170465 0.0013771326 0.034438897 0.031494547 0.15635702 0.0021659776 0.0019325569 0.009386746 0.12514134 0.00014257133 0.00012451338 0.004943082 0.00023991977 0.00038992005 0.026579626 0.0004264988 0.0001596338 0.00022699923 0.0854866 9.284861e-05 0.030521486 0.0001257781 0.0072296374 0.05117539 0.00015002573 0.016684428 0.006557112 0.007198743 0.012076339 0.004670069 0.0007597824 0.001141954 0.0009140295 0.001443676 0.010500037 1.4792089e-05 1.6586937e-05 0.00015811127 0.01083336 0.0012369767 3.2451313e-05 8.096639e-05 0.00024729568 0.00020638261 0.00014420379 0.0018799731 0.00011700318 2.550227e-05 0.00844522 2.6850128e-05 0.00016601395 3.7620062e-05 0.0090978425 2.1140128e-05 0.00035092252 1.4820732e-06 0.004298209 4.030209e-07 1.6180858e-06 1.7489941e-06 4.646645e-07 1.9670695e-06 7.829412e-07 0.00019212242
0.078983106 0.31515354 0.092778474 0.6795776 0.07757509 0.050337806 4.4861954e-19 0.054255854 0.07443316 0.2844705 0.5149901 0.17894249 0.07179719 0.036998633 0.15207794 0.6004216 0.0047067106 0.03367312 0.060277157 0.55554366 0.023278367 0.08166772 0.37318054 0.14727822 0.01016838 0.21279219 0.012473926 0.017576575 0.41645393 0.19856931 0.00044869483 0.00085828605 0.37158874 0.13997073 0.02479788 0.04253177 0.16816022 0.2047156 0.11786329 0.02797931 0.0042236894 0.24785593 0.0017922634 0.0010991537 0.20352994 0.07288342 8.902219e-05 0.00011179693 0.1475848 3.2303687e-05 6.688923e-05 0.027929846 5.028435e-05 7.698444e-06 2.8746243e-05 0.022967579 9.081453e-05 0.09486167 9.71782e-05 0.00018211847 0.01912748 0.027433507 0.0028884977 0.000158585 0.18834537 0.051555693 9.9915145e-05 0.00025703208 0.0007421322 3.0103889e-05 0.03721479 0.06657504 0.006461452 0.0034537015 0.008300706 0.005473202 0.0004302271 0.00604344 0.01424476 0.031261165 3.8584635e-06 0.004510032 0.004805842 0.005457813 1.6564987e-06 0.019497737 0.0040114336 1.2743554e-05 0.00063006295 0.009522612 0.0019921483 0.015003411 4.8957766e-08 0.00016831627 2.7555147e-09 0.0014488199 9.9217985e-09 6.3270476e-05 2.9024434e-07 1.321939e-09 0.013416253
0.04411217 0.32042047 0.2840916 0.1375626 0.4529843 0.5822509 0.054255854 3.1801464e-26 0.39524168 0.15500464 0.0414412 0.27961004 0.65174204 0.4811059 0.07497533 0.014729301 0.2937689 0.3106399 0.30803877 0.030141547 0.24650028 0.07496862 0.03471963 0.16536687 0.1504808 0.06743665 0.2775732 0.21311939 0.025758589 0.0047832583 0.017284242 0.01766558 0.009983343 0.002290585 0.15042014 0.11765222 0.0022960845 0.19187383 0.0006332592 0.054323006 0.06351021 0.058229886 0.009789146 0.009098025 0.00457253 0.13259925 0.0010307087 0.0012080248 0.002258411 0.0011870168 0.0017412745 0.03387254 0.0017969932 0.0007180966 0.0012979758 0.0947494 0.00068413594 0.011953546 0.00078199315 0.0032874886 0.013968036 7.240704e-05 0.024128964 0.004102227 0.0028101054 0.004706495 0.0019829457 0.0022010114 0.004765697 0.0021387497 0.0004445705 0.0045595034 6.0673333e-06 3.095767e-05 0.00017633506 0.0036292106 0.0021030207 2.2903707e-05 5.6937643e-05 7.2590788e-06 0.00033450103 3.834629e-05 0.00058509654 4.6761677e-05 1.3053737e-05 0.0050127474 2.7115715e-05 0.0005921335 6.4899527e-06 0.007176517 6.2326135e-06 0.00053312373 1.835583e-05 0.005757986 5.805238e-07 9.996861e-07 1.483227e-06 2.749302e-07 4.13225e-06 4.7598687e-07 0.0007047264
0.016917007 0.21825834 0.13182224 0.152968 0.26467383 0.19356754 0.07443316 0.39524168 1.3295624e-25 0.15737697 0.049053524 0.28583854 0.5893215 0.37127864 0.064880446 0.02363645 0.35882956 0.2797056 0.24460103 0.03801018 0.19728756 0.05256342 0.031013751 0.18896031 0.15574743 0.110441975 0.3821314 0.15555349 0.04304466 0.005736424 0.024394548 0.022238772 0.0073640854 0.0026795708 0.24288577 0.16456832 0.0026685796 0.12022821 0.0008704006 0.0983009 0.11728153 0.04007456 0.012443183 0.011337488 0.0043212934 0.09618586 0.00095430575 0.0018153444 0.0025249452 0.0014560106 0.0017767318 0.07424502 0.0017450715 0.0008094767 0.0020831176 0.07783336 0.0007977627 0.028045088 0.0014294648 0.0055768522 0.041835453 0.0001492228 0.045485396 0.007596952 0.0058403313 0.013780672 0.0048385924 0.0030199324 0.005244324 0.0024675503 0.0006712372 0.0072621084 2.4419242e-05 0.00010830482 0.0004666859 0.011589824 0.010289571 8.542798e-05 0.00022655088 4.854989e-05 0.00031350102 6.6349334e-05 0.0011530666 8.490815e-05 2.7111166e-05 0.0048573194 0.00016600588 0.00046570998 2.5679452e-05 0.009678957 3.0401545e-05 0.0018002247 1.261893e-05 0.0049786377 1.1388358e-06 5.7224934e-06 2.8421132e-06 7.378643e-07 1.6604063e-05 5.319054e-07 0.0019192795
0.03909906 0.343253 0.1276499 0.47074506 0.2659779 0.23112151 0.2844705 0.15500464 0.15737697 4.0049062e-22 0.16328923 0.616569 0.31446347 0.09111557 0.079121485 0.07158977 0.025108118 0.05826667 0.07465951 0.13682304 0.034543946 0.13198797 0.071370624 0.40553558 0.019603284 0.27368346 0.03919903 0.015939673 0.15410985 0.017865289 0.0015294148 0.0038567628 0.05240572 0.011834422 0.08151539 0.111580476 0.023243971 0.050092086 0.005688272 0.066207655 0.02066733 0.059171002 0.0009716719 0.00075383385 0.023247868 0.022434764 0.00016117917 0.00012989405 0.02994164 5.4225202e-05 8.35685e-05 0.048420478 8.961777e-05 9.627856e-06 1.5982916e-05 0.010481844 2.338687e-05 0.13510455 2.502743e-05 0.0010630284 0.16654512 0.0013319034 0.0072632544 0.0017615606 0.014799979 0.06568184 0.0010421773 0.00011537315 0.00043161737 5.225729e-05 0.0032703993 0.007967172 0.00022672338 0.00023501064 0.00076622475 0.029088413 0.0013274133 0.0005244634 0.0013144895 0.0011718274 6.039093e-06 0.00090381154 0.007909474 0.0013403663 3.186551e-06 0.0017779302 0.00033573032 4.5192214e-06 0.00015872995 0.0034881267 0.0001005347 0.001526992 1.778224e-07 0.00017573086 6.495656e-08 3.129909e-05 2.3466204e-07 7.6106494e-06 5.073534e-06 1.0489792e-07 0.001977691
0.85420513 0.39148158 0.075062715 0.44571993 0.06999284 0.06998138 0.5149901 0.0414412 0.049053524 0.16328923 7.21516e-16 0.07016242 0.04128244 0.018209303 0.14427276 0.5805948 0.0030655025 0.024904123 0.057705272 0.29441646 0.022375925 0.12328924 0.56319386 0.041662496 0.00588623 0.058501564 0.004599587 0.019640168 0.18514836 0.23869026 0.00016997274 0.00022853841 0.21560803 0.13579454 0.0075175725 0.024071887 0.11355386 0.32184467 0.07312464 0.016813306 0.0018067019 0.37426385 0.00021557996 0.00020061746 0.53916925 0.18475065 1.744632e-05 1.1769979e-05 0.0957022 2.5786401e-05 1.6913118e-05 0.0144981025 8.572284e-05 6.578088e-06 3.1821326e-06 0.04584296 1.0731794e-05 0.09156335 1.8609293e-05 0.00067203405 0.023014653 0.028596865 0.0031386837 0.0006917023 0.42038736 0.034760147 0.0006030863 3.545691e-05 0.0012878405 6.673072e-05 0.02602583 0.2590956 0.001960646 0.00090469676 0.0114858765 0.0060463664 8.685291e-05 0.006207924 0.01759051 0.0708831 3.5249494e-05 0.011687734 0.0040506874 0.006639655 7.105056e-06 0.07807108 0.0021511521 4.057832e-06 0.0011387661 0.012259344 0.0014883551 0.039211947 7.7812395e-08 0.00011613828 1.1281831e-07 0.0005623892 1.2545793e-07 6.356041e-05 5.3019556e-07 7.0429024e-08 0.02736641
0.020481404 0.304812 0.25029895 0.38704625 0.39946628 0.37043205 0.17894249 0.27961004 0.28583854 0.616569 0.07016242 3.3687477e-25 0.430281 0.16996948 0.08101808 0.015875774 0.08195092 0.114324756 0.099600285 0.06831522 0.059009917 0.12720716 0.033969577 0.5080035 0.040579557 0.3502621 0.1278869 0.034956567 0.105165176 0.004723118 0.0022883941 0.00417983 0.019094368 0.0031474824 0.18436608 0.18403837 0.008177932 0.053508695 0.0014297239 0.12220256 0.06305051 0.036308352 0.0015782339 0.000919464 0.0050214604 0.021725725 0.00020242805 0.00020655018 0.011053224 0.00031722974 0.00019444326 0.0888814 0.0004473417 4.249371e-05 0.00010895157 0.011785637 4.461975e-05 0.11496353 4.506682e-05 0.0024232147 0.17796983 0.00022544952 0.024049563 0.003605303 0.0033561862 0.056126725 0.0027858277 0.00025345312 0.00064210535 0.00034761528 0.0031780703 0.0034653891 8.917445e-05 5.9768954e-05 0.00048539852 0.036382146 0.008115615 4.922531e-05 0.0001896633 7.3990006e-05 4.11553e-05 0.00037063708 0.008120768 0.0006681776 1.3979822e-05 0.0015222207 0.0001958635 1.8802382e-05 0.00011761357 0.0075407475 7.414675e-05 0.0005069875 1.3898506e-07 0.0005105576 6.08025e-08 1.9900168e-05 1.7035361e-06 2.4378348e-06 3.272992e-05 8.2788844e-08 0.00090435304
0.23620366 0.30807823 0.23610075 0.2084486 0.44655585 0.4966229 0.07179719 0.65174204 0.5893215 0.31446347 0.04128244 0.430281 4.6213748e-24 0.5754782 0.044226367 0.014460945 0.5674718 0.4827673 0.41966072 0.04025227 0.20890558 0.08051514 0.031020697 0.35094473 0.31434596 0.11970887 0.47464836 0.17467177 0.04848829 0.004649682 0.0582145 0.116526306 0.017513677 0.0023601789 0.37490198 0.2799776 0.009397552 0.11353269 0.0017766758 0.21185808 0.22882976 0.04348889 0.012807355 0.017312856 0.0060929134 0.09675104 0.006054522 0.0065385536 0.008446432 0.00913555 0.007309966 0.11815973 0.015579662 0.005569034 0.004431548 0.07181165 0.0019520663 0.067351654 0.0036152084 0.025657354 0.20194028 0.00028050932 0.089320004 0.03888988 0.003717251 0.018154701 0.030287893 0.0039474457 0.0037816507 0.007734666 0.0045677726 0.005244554 0.00013057965 0.00016868138 0.0011415991 0.026238518 0.022164466 0.0002551766 0.00043081606 0.00013789855 0.0021262018 0.00032762194 0.0028481013 0.00039090725 0.00060650887 0.004416096 9.631875e-05 0.0016430233 0.00010332773 0.009374838 4.1056275e-05 0.0006768952 0.00022169852 0.00837876 6.4247993e-06 4.8486945e-06 7.2343755e-05 1.0341547e-06 0.0001067074 8.116527e-06 0.00044874044
0.74980545 0.15982042 0.11095421 0.09623734 0.17055833 0.3105928 0.036998633 0.4811059 0.37127864 0.09111557 0.018209303 0.16996948 0.5754782 2.9536762e-21 0.088102445 0.013559896 0.61306757 0.6595161 0.5493074 0.01752356 0.41017297 0.09711994 0.02503993 0.13724254 0.50372076 0.034077346 0.41235322 0.36619395 0.01832981 0.0027162253 0.14762282 0.26153347 0.008285517 0.001198317 0.23748903 0.13312986 0.003600403 0.2953679 0.00048489767 0.08847875 0.13316795 0.09055656 0.04340021 0.048788074 0.0036755714 0.2944124 0.009689965 0.013018946 0.003777662 0.018811671 0.008243609 0.051359653 0.014858024 0.007039784 0.009622158 0.32006186 0.0069546406 0.0127366 0.01230005 0.026250985 0.051051527 0.0001494454 0.05629547 0.030642012 0.00537557 0.0021586602 0.019405903 0.018766165 0.020360304 0.0056592324 0.0011119914 0.016724216 2.815665e-05 2.4034147e-05 0.00014677503 0.0074008433 0.008613237 0.00011764666 0.00010744692 5.728557e-05 0.002551818 7.34166e-05 0.00061686314 8.0639664e-05 0.00033606574 0.03029262 2.4967354e-05 0.00607182 3.3881654e-05 0.041491803 1.0302394e-05 0.0006430767 0.0024211265 0.06583228 2.8160975e-05 1.1720967e-06 2.1892814e-05 4.942268e-07 2.5507523e-05 1.8757715e-05 0.00041608253
0.7879389 0.33938444 0.22788227 0.16717523 0.1662397 0.21557882 0.15207794 0.07497533 0.064880446 0.079121485 0.14427276 0.08101808 0.044226367 0.088102445 1.9232792e-19 0.10202373 0.013639153 0.097269304 0.1296537 0.07054039 0.09294172 0.9189167 0.14261867 0.026266834 0.041241888 0.025966808 0.010882536 0.072164916 0.04095654 0.031445842 0.0032027976 0.0014633595 0.04692742 0.017595392 0.00927959 0.0138065675 0.017464401 0.51263803 0.0073168534 0.009084058 0.0048307953 0.41706604 0.0007054896 0.00024572713 0.022789752 0.14244232 0.00010243782 6.72453e-05 0.017387846 0.000110515546 0.0003165585 0.00914444 0.0004634897 9.76277e-05 7.487654e-05 0.09139696 2.2147904e-05 0.023109127 5.218891e-05 0.0026523806 0.016252892 0.0010228204 0.0041171005 0.0018452099 0.090564184 0.018304909 0.000727094 0.00018421038 0.00024123256 0.00015222444 0.0048034796 0.05585733 0.00034937757 0.00031996943 0.0010382623 0.005903864 0.0018595526 0.0005386249 0.0008502512 0.0032146203 0.00012135223 0.0021366335 0.0037186227 0.0024391687 2.3144934e-05 0.055401247 0.0009155798 8.278636e-05 0.0016833192 0.031694345 0.00050836394 0.003147175 1.6073467e-07 0.0016667579 7.162455e-08 5.2837142e-05 3.136411e-07 5.453228e-06 1.602977e-06 2.816394e-08 0.0018941902
0.69692284 0.27624133 0.060612716 0.36863068 0.028781664 0.019659366 0.6004216 0.014729301 0.02363645 0.07158977 0.5805948 0.015875774 0.014460945 0.013559896 0.10202373 9.830908e-20 0.0026389703 0.014051895 0.028741077 0.3064695 0.006632782 0.036940157 0.5099122 0.013037297 0.0030702583 0.03154109 0.0024023126 0.003000167 0.14705463 0.73053676 0.0001678194 0.00047829823 0.29834852 0.5216027 0.007188113 0.015056726 0.2428375 0.19706658 0.22842285 0.011466634 0.0033391875 0.22041363 0.00033528352 0.00024428364 0.6923027 0.08739962 6.6635e-05 1.3755224e-05 0.1308835 7.05609e-05 4.5546858e-05 0.010356304 0.00023078095 3.5397246e-05 3.1864265e-06 0.018204102 2.3686569e-05 0.030339586 3.6625406e-05 0.0003811132 0.0049560578 0.09294904 0.0026441473 0.00081985636 0.44874486 0.01676968 0.00051268126 4.6592162e-05 0.0002282753 6.634629e-05 0.040090736 0.28135705 0.021750936 0.014496451 0.018123562 0.0016820524 0.00010276641 0.02093669 0.05490386 0.23912737 1.983168e-05 0.010835334 0.0010498922 0.004447365 4.3199725e-06 0.044860225 0.010804985 5.6687513e-06 0.00060833397 0.00845585 0.005685905 0.036962017 1.1096743e-08 7.84188e-06 9.075907e-08 0.0030480071 8.078009e-08 0.0006056489 2.311372e-07 5.8458472e-08 0.034314312
0.13625158 0.02312231 0.02363722 0.020624356 0.04932568 0.07042469 0.0047067106 0.2937689 0.35882956 0.025108118 0.0030655025 0.08195092 0.5674718 0.61306757 0.013639153 0.0026389703 1.9961107e-22 0.5550756 0.3799253 0.0047684354 0.24604571 0.016216144 0.0019788381 0.07804151 0.4027685 0.012817692 0.6355528 0.2701731 0.006066307 0.000493962 0.4315201 0.50118446 0.0019024048 0.00021674881 0.29203737 0.12643126 0.0012463361 0.08269269 0.00016736516 0.10289258 0.24717307 0.009017659 0.06395986 0.09628964 0.0006510525 0.09720929 0.05722692 0.075370036 0.0011155804 0.098464005 0.050091166 0.06560443 0.06729958 0.041580368 0.049152214 0.11067524 0.01963492 0.009962594 0.021815782 0.088109225 0.039131805 1.9830848e-05 0.1457141 0.11471446 0.0010911067 0.0022806074 0.109682076 0.025417998 0.025686765 0.014261718 0.0020458973 0.0034947458 1.2287482e-05 7.656162e-06 0.000710913 0.004633324 0.019496774 7.986631e-06 1.4292876e-05 5.3123395e-06 0.008871802 3.4562694e-05 0.00040981366 5.1058243e-05 0.0035214152 0.011008485 6.626753e-06 0.012034932 1.3618498e-05 0.023765575 3.0714775e-06 0.00019241413 0.0039518434 0.0610861 0.0011837222 6.582414e-07 8.636559e-05 5.8493942e-08 0.00014168677 0.00036807696 8.031441e-05
0.9150129 0.12579727 0.07813241 0.060767107 0.10876246 0.21839555 0.03367312 0.3106399 0.2797056 0.05826667 0.024904123 0.114324756 0.4827673 0.6595161 0.097269304 0.014051895 0.5550756 4.5087e-21 0.58809716 0.018066434 0.5269855 0.10510963 0.02835645 0.09099443 0.6783276 0.019461818 0.38036317 0.48770016 0.0188363 0.0031089243 0.16588974 0.40666607 0.009163804 0.0011778569 0.20016997 0.0905315 0.004007607 0.35302943 0.00045324137 0.058931142 0.10997352 0.10437733 0.06837703 0.06967585 0.0041658296 0.39897755 0.017584313 0.03136309 0.0043510655 0.028682966 0.015033547 0.031983025 0.019396622 0.013757188 0.023283612 0.4770186 0.010659536 0.0055797407 0.016389335 0.013727045 0.030635204 0.00020049507 0.03834954 0.01752544 0.007641967 0.0012320379 0.012622264 0.028184965 0.044003785 0.005877917 0.0007095478 0.027632972 1.5641168e-05 1.26121795e-05 9.443308e-05 0.003220581 0.004379927 0.00014335966 0.0001208314 0.00014837987 0.0030292626 3.758227e-05 0.00021050392 0.00014300738 0.00022907651 0.06519637 2.8347924e-05 0.007980397 2.8307912e-05 0.090837024 8.165664e-06 0.0006916067 0.0041337013 0.14112838 4.3905573e-05 5.2721975e-07 2.9976186e-06 1.1018814e-06 1.878094e-06 2.0471276e-05 0.00030855526
0.9623099 0.24691181 0.111428656 0.12847942 0.12521309 0.2848192 0.060277157 0.30803877 0.24460103 0.07465951 0.057705272 0.099600285 0.41966072 0.5493074 0.1296537 0.028741077 0.3799253 0.58809716 3.0256373e-20 0.023298278 0.6383236 0.16364256 0.0783931 0.0801214 0.51014173 0.018109757 0.25242287 0.5537567 0.018934878 0.0051192082 0.07868597 0.22042798 0.010409422 0.0021055683 0.12711607 0.0657259 0.0042273984 0.41760743 0.00073322834 0.03341435 0.06130527 0.14979164 0.049340695 0.043855168 0.0043311315 0.45456207 0.005544321 0.011491404 0.0048510414 0.008225994 0.0054709218 0.016056363 0.0062771305 0.0041924776 0.009848744 0.51402044 0.0038822491 0.009490179 0.0057438966 0.006426492 0.018539798 0.0003192571 0.013020566 0.0065616346 0.009484542 0.0016828874 0.0039574853 0.01550878 0.025625877 0.0030237206 0.001149711 0.04560455 1.5263213e-05 3.4579447e-05 0.00014209827 0.0017615372 0.0010815631 0.0001335975 0.0001344695 0.000188004 0.0017800117 7.163114e-05 0.00022295583 0.00028023205 8.234652e-05 0.123056896 4.712744e-05 0.0063083977 3.590091e-05 0.13276425 1.3795136e-05 0.001152385 0.0014654683 0.11874957 7.896355e-06 5.092077e-07 9.341643e-07 2.48595e-06 9.4804847e-07 2.7915203e-06 0.00025869542
0.02462274 0.14393094 0.05121578 0.34164485 0.047192905 0.029989706 0.55554366 0.030141547 0.03801018 0.13682304 0.29441646 0.06831522 0.04025227 0.01752356 0.07054039 0.3064695 0.0047684354 0.018066434 0.023298278 5.712641e-19 0.012663645 0.03161352 0.17418636 0.080255166 0.007379731 0.21096958 0.01885217 0.009025863 0.52845633 0.16470619 0.0008039816 0.001905836 0.48184922 0.16064638 0.0318178 0.059393626 0.29352137 0.07394635 0.1871698 0.057294063 0.009215397 0.06898735 0.0020595987 0.0012594843 0.17586802 0.02622329 0.00029018475 0.00030515163 0.2903892 0.00029576788 0.0001795662 0.057360567 0.00027003602 3.0320209e-05 7.627351e-05 0.009461305 8.801719e-05 0.16573887 5.6025514e-05 0.00078876363 0.07396982 0.030854639 0.009203189 0.0017787043 0.058879633 0.10369465 0.0016605804 0.0003505639 0.00040903877 0.00014984341 0.039241012 0.022051409 0.011627411 0.0066623376 0.023311604 0.016664471 0.0016893548 0.008072215 0.02067589 0.037923224 2.9014887e-05 0.016651334 0.011786852 0.010278709 1.5468617e-05 0.009640022 0.0085788965 3.988604e-05 0.0032248483 0.005916546 0.0038616909 0.01090649 9.501828e-07 0.00048967975 6.789248e-08 0.004398542 2.1844648e-06 0.00048350723 5.829155e-05 3.8684707e-08 0.015342759
0.9600929 0.09697163 0.07150004 0.06662519 0.063282564 0.13703983 0.023278367 0.24650028 0.19728756 0.034543946 0.022375925 0.059009917 0.20890558 0.41017297 0.09294172 0.006632782 0.24604571 0.5269855 0.6383236 0.012663645 7.428233e-21 0.09990506 0.034394555 0.033971168 0.48002648 0.007013633 0.15216345 0.6217571 0.008645134 0.0016746114 0.08568935 0.11951854 0.0055879466 0.0006683624 0.06794164 0.03381359 0.0022499764 0.41179195 0.00017717638 0.015067018 0.034233585 0.1074266 0.053241044 0.04159912 0.0014732111 0.45294023 0.0050572525 0.0077008246 0.0036560898 0.0053626564 0.0056755543 0.007561941 0.0061952733 0.0033293492 0.0104046725 0.5362933 0.0046940264 0.0058062854 0.006259872 0.007185341 0.004638092 3.107377e-05 0.009597423 0.007099824 0.0046324763 0.0011861636 0.0034736893 0.017596306 0.022397706 0.0033509494 0.0012503302 0.028182982 4.840304e-06 2.2131306e-05 0.00013756518 0.0007779556 0.00042904116 1.487103e-05 1.9434678e-05 1.577589e-05 0.0022716913 0.00016709292 0.00015555818 0.00031755635 0.00017248912 0.13342376 6.7849156e-05 0.008376427 2.6746777e-05 0.117285304 1.5127847e-05 0.00039307156 0.0021718098 0.13592397 1.0942353e-05 5.2953567e-07 2.190166e-06 1.697257e-06 2.5202742e-06 5.1366396e-06 0.000106056774
0.9284621 0.37976784 0.24690622 0.14339755 0.26553455 0.43954122 0.08166772 0.07496862 0.05256342 0.13198797 0.12328924 0.12720716 0.08051514 0.09711994 0.9189167 0.036940157 0.016216144 0.10510963 0.16364256 0.03161352 0.09990506 1.4328853e-18 0.10013246 0.036885835 0.048669215 0.03619204 0.012652985 0.085049115 0.031364895 0.0053997394 0.00041530508 0.0009676284 0.0161885 0.0032753404 0.00888585 0.012168647 0.0044426857 0.5328573 0.0019784227 0.009304421 0.0021199454 0.283181 0.00018017841 0.00012481904 0.005391239 0.13362479 5.0590247e-06 5.8252117e-06 0.0047047334 4.20577e-06 1.4067623e-05 0.009378353 1.0701103e-05 1.4221174e-06 8.332414e-06 0.09496127 2.653318e-06 0.026387345 5.001172e-06 0.00019850157 0.02930477 0.00019476804 0.00079697336 9.118493e-05 0.035451088 0.015645621 4.2011743e-05 1.6596496e-05 0.00019335061 4.8431716e-06 0.00034952472 0.054492913 8.312976e-06 5.1125608e-06 1.7194441e-05 0.0047551235 3.0054174e-05 3.7086265e-05 9.428963e-05 0.00028159295 1.4421079e-06 9.9601006e-05 0.0019682585 0.00073694764 4.6986662e-07 0.03512521 2.382573e-06 8.7994863e-07 0.00031764113 0.017535873 1.0548251e-06 0.0007684914 2.9883818e-08 0.00047251297 8.979392e-09 2.88156e-07 9.788901e-09 2.3011907e-07 1.652773e-08 6.02063e-09 0.0006269673
0.9763072 0.33299422 0.080745116 0.3415519 0.064140745 0.07630614 0.37318054 0.03471963 0.031013751 0.071370624 0.56319386 0.033969577 0.031020697 0.02503993 0.14261867 0.5099122 0.0019788381 0.02835645 0.0783931 0.17418636 0.034394555 0.10013246 1.2414896e-16 0.011706909 0.008893514 0.01648935 0.0013276829 0.017437132 0.078239284 0.25383657 0.00013650271 0.0003330143 0.12277632 0.10648034 0.0015887375 0.00450757 0.0748141 0.31206977 0.05060043 0.0026609313 0.0004873204 0.5429165 0.0002080388 0.00020328042 0.5210526 0.17248549 1.0886904e-05 1.7361557e-05 0.04624642 1.0311092e-05 1.6880518e-05 0.0021660915 1.51448385e-05 3.1039012e-06 1.5228164e-06 0.03522526 1.2269998e-05 0.018541794 1.3954288e-05 8.03547e-05 0.0024888786 0.02857558 0.00019317534 7.816639e-05 0.5044135 0.0094347745 4.209713e-05 1.2660491e-05 0.00039727226 1.2230814e-05 0.011503322 0.37179735 0.0038417906 0.002070591 0.0066090007 0.0007489689 5.988891e-06 0.004419454 0.009223257 0.05976453 1.0625333e-05 0.004147114 0.00078400667 0.00332137 6.6686687e-07 0.20897794 0.0014655375 2.7281137e-06 0.00045767045 0.023118665 0.0010587235 0.03927454 5.5300906e-09 0.000108857676 6.762998e-08 0.00012470126 4.0275783e-08 3.730951e-05 9.9543115e-08 2.9461447e-08 0.016173441
0.0052516037 0.1252859 0.099748395 0.22876392 0.19570921 0.16776007 0.14727822 0.16536687 0.18896031 0.40553558 0.041662496 0.5080035 0.35094473 0.13724254 0.026266834 0.013037297 0.07804151 0.09099443 0.0801214 0.080255166 0.033971168 0.036885835 0.011706909 4.18206e-25 0.03669381 0.5269049 0.2906126 0.014790265 0.13213171 0.004723852 0.0045528687 0.004705512 0.022667365 0.0031279845 0.44498593 0.41768315 0.010372143 0.01645082 0.0014800881 0.3382694 0.24007154 0.009243788 0.001222485 0.0005815715 0.0020512952 0.006789628 0.00048360688 0.00038356893 0.019198813 0.00097079703 0.0005518983 0.2789075 0.0008791028 9.758414e-05 0.0003057106 0.0047538583 4.6927056e-05 0.20421843 7.5271164e-05 0.004619393 0.29818928 0.0002959132 0.070668586 0.008850945 0.0015003016 0.09388176 0.006956203 0.00037441906 0.00048770834 0.0002901806 0.0032720608 0.0012106722 0.00026722645 0.00038305388 0.0014591683 0.11471047 0.044480503 0.00011322647 0.00019473294 4.020738e-05 0.000162898 0.001060283 0.028523441 0.0023614191 0.00012303799 0.00046201813 0.00092719827 0.0001547888 0.0004578117 0.0028027948 0.00024139642 0.00043522313 1.7502339e-06 0.00071019604 1.4503224e-06 4.972336e-05 5.1112806e-05 1.1955227e-05 0.0009540491 1.2716379e-06 0.0009529362
0.9038816 0.019592306 0.022183692 0.017016867 0.044764135 0.064708985 0.01016838 0.1504808 0.15574743 0.019603284 0.00588623 0.040579557 0.31434596 0.50372076 0.041241888 0.0030702583 0.4027685 0.6783276 0.51014173 0.007379731 0.48002648 0.048669215 0.008893514 0.03669381 1.4627511e-20 0.00537819 0.2760459 0.5420765 0.008185673 0.0013323291 0.24770917 0.55491936 0.004114816 0.00049612735 0.12467004 0.050643396 0.0018521962 0.29366863 0.00019761345 0.03151802 0.08067427 0.03937868 0.13419186 0.18651755 0.0015147929 0.34576043 0.037278347 0.05790382 0.0016358368 0.044315256 0.028062508 0.016178316 0.033300072 0.024669778 0.051662493 0.5178018 0.027920969 0.001789594 0.038535662 0.022852344 0.007954126 4.9155642e-05 0.036283176 0.02703292 0.0035429688 0.00035575137 0.019569952 0.06156817 0.062234264 0.0068722037 0.0007352257 0.020717908 5.3963413e-06 6.478284e-06 8.608683e-05 0.0009097846 0.0021726415 3.198085e-05 3.2406562e-05 2.310885e-05 0.0037942852 3.9699484e-05 0.00011951004 9.797916e-05 0.00032737647 0.115217626 3.4210432e-05 0.0132295275 2.2452421e-05 0.15260176 7.889828e-06 0.00025154962 0.008852524 0.27262256 0.00014641405 6.283913e-07 4.579934e-06 3.7626842e-07 4.6896253e-06 3.6265497e-05 6.898357e-05
0.0014397278 0.06750927 0.05996783 0.24890545 0.09612229 0.04510579 0.21279219 0.06743665 0.110441975 0.27368346 0.058501564 0.3502621 0.11970887 0.034077346 0.025966808 0.03154109 0.012817692 0.019461818 0.018109757 0.21096958 0.007013633 0.03619204 0.01648935 0.5269049 0.00537819 1.7930657e-23 0.033040654 0.0030988967 0.2959036 0.0055937744 0.00071678637 0.0013918927 0.059814062 0.0043378323 0.14921346 0.29895082 0.01388197 0.012920348 0.0034596964 0.23248483 0.04614835 0.007988761 0.0006035049 0.00021158332 0.0032985304 0.0053941756 7.321355e-05 7.164276e-05 0.025661143 2.8834404e-05 6.831442e-05 0.18890882 3.225225e-05 4.6686614e-06 3.0920022e-05 0.0023033912 2.6618372e-05 0.22618751 2.4632038e-05 0.00047858024 0.223084 0.0005937338 0.01700008 0.0014068455 0.0029554656 0.16352277 0.0005300607 0.00018626792 4.580447e-05 1.011159e-05 0.002886263 0.0014052577 0.00015078567 0.00018838828 0.0004598609 0.08253032 0.004605886 9.251812e-05 0.00017592068 8.750756e-05 3.0357662e-06 0.0006237763 0.034784216 0.0022432562 1.5521214e-06 0.0006969496 0.0008329396 1.129934e-05 0.0011262677 0.0012986109 0.00013217346 0.00034956806 9.461332e-08 4.442706e-05 2.7491014e-08 4.607869e-05 7.6976994e-07 2.384908e-06 7.832108e-05 5.1615995e-08 0.0007059718
0.04223269 0.02079809 0.042042974 0.032024354 0.076193884 0.085420184 0.012473926 0.2775732 0.3821314 0.03919903 0.004599587 0.1278869 0.47464836 0.41235322 0.010882536 0.0024023126 0.6355528 0.38036317 0.25242287 0.01885217 0.15216345 0.012652985 0.0013276829 0.2906126 0.2760459 0.033040654 1.2701664e-21 0.14792326 0.024984596 0.0014910359 0.39644632 0.44951013 0.009921484 0.0005503363 0.66920274 0.40438738 0.0036627923 0.02509465 0.00042855061 0.3845356 0.577225 0.0040397835 0.022688236 0.028174289 0.0010382712 0.026068907 0.060982376 0.088054605 0.004474736 0.16941367 0.051726263 0.33996755 0.20620133 0.059251554 0.04744629 0.026677899 0.0079782475 0.09938174 0.008225717 0.27626482 0.3005848 7.8671794e-05 0.39627486 0.3026413 0.00058320636 0.018536134 0.25178677 0.007025288 0.007443132 0.01613504 0.0065976838 0.0015978573 3.2325355e-05 1.1015141e-05 0.0011172777 0.03111159 0.11206755 1.1114722e-05 1.4247612e-05 1.4418831e-05 0.008612883 0.00040476405 0.0022050033 0.00028295995 0.012947831 0.0042016115 6.4851765e-06 0.014724301 4.2409745e-05 0.023224277 2.5333254e-06 5.3732758e-05 0.009360246 0.038661163 0.003374858 2.1643586e-06 0.0008881384 1.9483296e-07 0.0026002107 0.0016899335 2.1075108e-05
0.9829157 0.08092248 0.05691931 0.050511923 0.049706295 0.11518085 0.017576575 0.21311939 0.15555349 0.015939673 0.019640168 0.034956567 0.17467177 0.36619395 0.072164916 0.003000167 0.2701731 0.48770016 0.5537567 0.009025863 0.6217571 0.085049115 0.017437132 0.014790265 0.5420765 0.0030988967 0.14792326 2.2592443e-20 0.007093303 0.0006061481 0.12582357 0.19333015 0.0049896273 0.00024311994 0.049693953 0.022046784 0.0019031906 0.3563123 0.00012732872 0.011732146 0.028449392 0.07446996 0.12554681 0.10466783 0.0011899049 0.48466888 0.009215212 0.017043673 0.0025270917 0.0070125395 0.00967259 0.008057483 0.007080064 0.0057134824 0.021712987 0.59305906 0.008303833 0.0065927715 0.01115453 0.008151081 0.004229994 9.6069e-06 0.010869156 0.0066125966 0.0049549895 0.0013833909 0.0036911063 0.022172313 0.052498937 0.0053987405 0.0010694457 0.038036857 1.5676701e-06 8.895816e-06 0.00012333368 0.0006491253 0.00027158638 8.272097e-06 5.908014e-06 7.977207e-06 0.003249182 0.00016394327 7.493339e-05 0.00041390464 0.0001886837 0.29329655 7.6468255e-05 0.009037814 3.528249e-05 0.29545254 7.352432e-06 0.00027243156 0.0035301065 0.2231049 1.8789404e-05 3.945396e-07 7.985492e-07 3.9330607e-06 1.916828e-06 7.547607e-06 2.0965334e-05
0.0042450316 0.08790555 0.04072085 0.25251392 0.050291695 0.026277037 0.41645393 0.025758589 0.04304466 0.15410985 0.18514836 0.105165176 0.04848829 0.01832981 0.04095654 0.14705463 0.006066307 0.0188363 0.018934878 0.52845633 0.008645134 0.031364895 0.078239284 0.13213171 0.008185673 0.2959036 0.024984596 0.007093303 2.472914e-19 0.054833233 0.0014421513 0.0017138282 0.40275982 0.065172486 0.054607064 0.08215958 0.15831497 0.03218821 0.059729785 0.08045414 0.01381978 0.033829596 0.002224112 0.0014765079 0.08053632 0.009458229 0.0004908112 0.00044892923 0.28825566 0.00076037354 0.000490018 0.09986781 0.000663881 0.00014444492 0.00029483967 0.0050543305 0.00021388047 0.25845 0.00013259587 0.0013583269 0.13050303 0.012026223 0.007436895 0.0021290355 0.018449202 0.19679816 0.0013068154 0.0012889992 0.00021383559 0.000289481 0.042172946 0.0066686342 0.0066160443 0.0046364623 0.02172238 0.045516573 0.0020056344 0.005030735 0.01008833 0.010522894 2.9398903e-05 0.023772266 0.03461383 0.02094754 1.631879e-05 0.002294888 0.009105715 5.6038287e-05 0.012106792 0.0022859052 0.0037240796 0.0034219914 1.0006028e-06 0.0001682572 4.027786e-08 0.0038738246 2.0589957e-06 0.0004831468 6.916604e-05 3.665376e-08 0.0036214143
0.7203992 0.03488336 0.010280042 0.11055603 0.0076012416 0.0045538913 0.19856931 0.0047832583 0.005736424 0.017865289 0.23869026 0.004723118 0.004649682 0.0027162253 0.031445842 0.73053676 0.000493962 0.0031089243 0.0051192082 0.16470619 0.0016746114 0.0053997394 0.25383657 0.004723852 0.0013323291 0.0055937744 0.0014910359 0.0006061481 0.054833233 1.068704e-18 0.000112150075 7.030592e-05 0.19681641 0.70920396 0.0032675562 0.004829695 0.21920055 0.04061373 0.3791645 0.0038201637 0.0017974456 0.091048494 0.00019751191 7.1156996e-05 0.79103285 0.012315885 4.5823606e-05 7.128023e-06 0.12426355 4.1095096e-05 5.8484493e-05 0.0051718294 0.00022210165 5.4593973e-05 2.38283e-06 0.0031918527 5.683855e-06 0.01668949 9.130166e-06 0.0007819708 0.0029744897 0.40475342 0.0015549395 0.0007453971 0.38957328 0.009363987 0.00044211742 9.2863975e-06 5.705402e-05 9.623354e-05 0.057721484 0.1407513 0.10369527 0.0499138 0.043607917 0.00130879 4.0126517e-05 0.11925331 0.20584895 0.4887483 4.423449e-05 0.02166658 0.0013045026 0.0055189095 2.9136077e-06 0.010614857 0.043633197 1.0167424e-05 0.0010233911 0.002417171 0.02503487 0.073348254 2.5640468e-09 1.5963218e-05 5.1113346e-07 0.020104703 1.6113056e-06 0.005352198 3.1655636e-06 1.7103444e-07 0.07055394
0.036145817 0.0007107164 0.00087910664 0.0015419343 0.0015289765 0.0022805748 0.00044869483 0.017284242 0.024394548 0.0015294148 0.00016997274 0.0022883941 0.0582145 0.14762282 0.0032027976 0.0001678194 0.4315201 0.16588974 0.07868597 0.0008039816 0.08568935 0.00041530508 0.00013650271 0.0045528687 0.24770917 0.00071678637 0.39644632 0.12582357 0.0014421513 0.000112150075 1.08462024e-23 0.750223 0.0004263215 3.5076057e-05 0.047757003 0.018227737 0.00018883076 0.020723006 4.895004e-05 0.011029129 0.067725636 0.00025442816 0.15893611 0.15173711 2.334896e-05 0.022051731 0.3240681 0.3435134 0.00027712394 0.19714692 0.29402965 0.011062489 0.099663034 0.122083746 0.28133494 0.08066344 0.048606407 0.0029671234 0.042996768 0.07124177 0.0017360945 4.896977e-06 0.059481386 0.060128063 0.00010134031 0.0007413736 0.046044126 0.0712435 0.038952008 0.0373782 0.00013882166 0.00015288102 1.6694916e-07 8.0544504e-07 5.5537064e-05 0.0004409922 0.0013442156 3.8572767e-07 7.36506e-07 2.0121747e-07 0.008419775 7.9502615e-06 2.7357122e-05 1.0590643e-05 0.0005579759 0.0058583193 2.0878542e-05 0.006613231 3.2660947e-07 0.013387138 9.5357655e-06 8.902156e-06 0.00081312325 0.0386465 0.00015053811 1.5514274e-06 1.9245314e-05 4.2763418e-08 1.430624e-05 0.00012338239 2.598785e-07
0.65284586 0.000595982 0.0006693212 0.0014494375 0.0030397617 0.0045180046 0.00085828605 0.01766558 0.022238772 0.0038567628 0.00022853841 0.00417983 0.116526306 0.26153347 0.0014633595 0.00047829823 0.50118446 0.40666607 0.22042798 0.001905836 0.11951854 0.0009676284 0.0003330143 0.004705512 0.55491936 0.0013918927 0.44951013 0.19333015 0.0017138282 7.030592e-05 0.750223 1.409442e-21 0.0008344984 4.4123637e-05 0.054101802 0.020804733 0.00023574423 0.019434212 5.9265607e-05 0.011146941 0.06527153 0.0015649494 0.18254676 0.42004317 1.58597e-05 0.048268236 0.33917567 0.5215243 0.00012730673 0.25765 0.24445191 0.0069921785 0.1583152 0.1723648 0.38309866 0.17456062 0.15836471 0.0025196208 0.16324633 0.094385184 0.0030892566 2.0409082e-06 0.062746994 0.0912239 0.00018333009 0.0011410065 0.07927532 0.12291697 0.03811903 0.029613532 0.00024087096 0.0006919553 5.673406e-07 7.217319e-07 2.9637535e-05 0.0004307407 0.0017231172 1.0818047e-07 7.2014956e-08 3.2731603e-07 0.010191589 3.3689816e-05 0.00021186357 3.487812e-05 0.002574943 0.01833366 4.967603e-06 0.011611626 1.3678594e-05 0.044661514 1.2870644e-06 1.6882273e-05 0.004320869 0.15661408 0.0015345422 9.238265e-08 2.387442e-05 2.921678e-07 7.991416e-06 0.00080139266 1.2875769e-07
