2.43403e-39 0.025062434 0.35542044 0.017862104 0.024700776 0.008676161 0.015032974 0.0029125742 0.014662604 0.22648928 0.030199565 0.1621974 0.001150765 0.0016258821 0.43229383 0.25832573 0.42118347 0.65906334 0.7139765 0.024896584 0.0011531436 0.03774605 0.0007040449 0.0007315933 0.0010633904 3.4721208e-05 0.15359086 0.68666804 0.050038002 0.00059250573 0.0034520912 0.13025582 0.54380006 0.023966096 0.7417358 1.4145602e-06 1.0042895e-05 8.553889e-06 0.0049982765 0.07924319 0.73234546 0.9572486 9.882237e-06 0.95194316 0.007976049 2.7221507e-05 0.07081627 0.0005127284 0.009958097 0.06780113 2.1638944e-06 0.003483934 0.00021405963 4.079756e-06 0.0041561476 0.24071583 2.0912496e-07 0.32388824 0.018180741 0.8663574 3.3853615e-07 0.0008886578 1.3592262e-07 0.027667595 0.5181178 0.45150927 2.635186e-08 0.38996723 0.001625152 0.50050116 2.9235578e-08 0.9795376 6.0513433e-10 0.39781645 0.97843736 2.333947e-06 5.2723026e-09 0.048652228 1.5868534e-09 0.97281873 0.07535486 0.92153686 0.93165755 3.921183e-05 0.00013757213 1.8590223e-05 0.16506818 0.8054171 7.697999e-11 0.9896645 0.70208323 3.029916e-09 5.1661418e-11 0.28332248 0.7318593 2.861493e-12 1.6586672e-10 0.9768592 0.9947257 4.0074715e-06 4.1802057e-12
0.025062434 5.806236e-18 0.2820404 0.13748482 0.17279124 0.27742335 0.12502104 0.1439299 0.121801354 0.12882261 0.12613162 0.08042637 0.2640619 0.1599037 0.20251808 0.13338493 0.23860449 0.13302256 0.10068129 0.040124867 0.07180407 0.033286437 0.01952564 0.07348578 0.038419638 0.06339827 0.013505697 0.030765682 0.007488121 0.007676532 0.0034470186 0.006694058 0.047387328 0.0031933142 0.00890076 0.04437184 0.1071812 0.030084288 0.001197515 0.0017360132 0.03206114 0.054270923 0.0066446885 0.16890046 0.00093125564 0.0013427037 0.0071047554 0.027982647 0.00022750483 0.0038743324 0.0004895317 0.00011037387 0.00015377505 0.004494847 0.00011945364 0.00045371603 0.00086637906 0.00075116917 9.915548e-05 0.01958404 6.517085e-05 0.0032052803 0.015028623 2.8977154e-06 4.8003127e-05 0.003417763 0.008974513 0.0026253911 0.0036333231 9.586119e-05 4.3663058e-05 0.0041767578 0.0075968713 0.0006070983 0.0047059157 0.0014506414 8.16553e-05 1.6333908e-05 0.0015667883 0.004286606 3.9266333e-06 0.020022748 0.014016014 0.00016992817 0.0027996227 0.0007724895 0.0002052753 0.00013728392 2.7371083e-05 0.0014205304 1.6385527e-06 3.8449e-05 2.4131873e-07 0.0026629826 0.001204336 0.00020407526 0.0010179722 0.0049582375 0.000117601 5.4725697e-05 1.1956395e-06
0.35542044 0.2820404 3.2571878e-19 0.58926386 0.097563446 0.3744974 0.37048343 0.25462174 0.05654663 0.19310008 0.37036034 0.44987231 0.2870839 0.29446763 0.5651724 0.13202764 0.4729616 0.37649995 0.4735164 0.10965465 0.1060016 0.12631603 0.0033925918 0.031288266 0.02313282 0.11981417 0.10509424 0.36848593 0.029968817 0.010421625 0.014084585 0.041055124 0.23830651 0.009276216 0.09055151 0.079040885 0.25612116 0.04057828 0.01029442 0.009413708 0.2544675 0.4875756 0.0056368597 0.45059216 0.0045351144 0.0032611585 0.0038587067 0.010802528 0.00078188465 0.0031775718 0.00073058915 0.0004539493 0.00037685814 0.0029232278 0.00025077426 0.0008202352 0.00056987355 0.002790839 0.00090829487 0.045050934 2.518966e-05 0.0030542181 0.009852868 1.883264e-05 0.00023064016 0.0046860026 0.011765709 0.003450549 0.0040026307 0.00046549598 4.0090217e-05 0.047474485 0.008664704 0.0015579467 0.10157002 0.0012975787 0.00039619638 3.274912e-05 0.00084749714 0.20319794 2.4666337e-05 0.20006646 0.05000964 3.580121e-05 0.0028951536 0.000524664 0.0008572897 0.00036661993 3.3691453e-05 0.042622555 5.4735196e-05 3.8656148e-05 1.6605605e-06 0.005625759 0.0038037281 0.00024367309 0.0008269303 0.038535286 0.008126798 3.1125077e-05 6.2219406e-06
0.017862104 0.13748482 0.58926386 7.177142e-23 0.11569869 0.16466162 0.3623466 0.29197502 0.05885969 0.13186166 0.2757236 0.57977164 0.1297897 0.134608 0.4493078 0.046465527 0.17295335 0.21403986 0.28498745 0.12974706 0.08448201 0.22731669 0.0034680224 0.024751812 0.08425574 0.06806195 0.16954117 0.1755196 0.07595789 0.0459966 0.015927622 0.08999439 0.21476191 0.024706636 0.062448077 0.05980344 0.0829476 0.048134528 0.006353062 0.019948248 0.13593544 0.22950684 0.012221935 0.17355847 0.005259548 0.0023528063 0.00226645 0.0025990321 0.00190349 0.0022057174 0.0009666015 0.0010147329 0.0011945717 0.002504904 0.000939082 0.0063877706 0.0007190053 0.015717743 0.003959375 0.018929722 6.3000846e-07 0.001954144 0.00462519 0.000115512856 0.0012844931 0.002951155 0.0057591666 0.0026102858 0.00076306966 0.0036989558 1.5787524e-05 0.026057946 0.003589458 0.00300193 0.039821234 0.0008300832 0.00010282337 0.0001816113 0.00014365543 0.05699707 3.257627e-05 0.06566499 0.015181179 0.00014237338 0.00025215631 0.00037269059 0.0006404359 0.000683313 5.319635e-06 0.017861525 0.00014034318 1.7720824e-05 9.521689e-08 0.0012755629 0.0006806825 0.00018821965 6.476367e-05 0.009307376 0.0036655373 2.3306337e-05 2.7333717e-06
0.024700776 0.17279124 0.097563446 0.11569869 1.752869e-20 0.090236194 0.042793274 0.051029038 0.59149873 0.31485677 0.035790026 0.05174514 0.099407546 0.03947045 0.18385321 0.30585104 0.13402233 0.18643066 0.08342434 0.012617878 0.01134651 0.0103353225 0.062633745 0.09833321 0.01234596 0.013035189 0.009208939 0.01404041 0.0037051958 0.002302371 0.0032962696 0.00476013 0.034366284 0.002978201 0.012163698 0.013564002 0.019263916 0.006299319 0.0016689386 0.0022272714 0.02105605 0.05801115 0.0020612092 0.2295613 0.0003859866 0.0004277091 0.034780435 0.038996663 0.00073823665 0.031609166 0.00022561148 0.0001433043 2.8381844e-05 0.0001488138 0.00014002564 0.00040902357 0.00017735016 0.0002415332 8.6137086e-05 0.15187 2.0903066e-07 0.025066402 0.0077825873 1.4516102e-05 6.103976e-05 0.041704006 0.0015974102 0.03416455 0.01149044 9.827872e-05 3.2732823e-05 0.0040176455 0.0012283177 1.4736894e-05 0.0043292237 0.0050115455 8.342675e-05 3.1045747e-05 0.0008418479 0.005087083 9.559785e-06 0.026453119 0.055991556 0.00020385021 0.0064792456 0.0032534455 6.879948e-05 1.00292755e-05 5.1332017e-06 0.0011244856 1.8087602e-06 6.38281e-05 3.749023e-07 0.022851657 0.009939534 9.832151e-06 0.00027687033 0.005474058 7.5143435e-05 3.6029465e-05 9.569478e-07
0.008676161 0.27742335 0.3744974 0.16466162 0.090236194 1.4095301e-18 0.25187138 0.28788054 0.074690826 0.10151017 0.28273687 0.10874903 0.44018662 0.5205256 0.24259572 0.07493538 0.29803917 0.107533716 0.13442336 0.12960643 0.2020225 0.05496956 0.004923202 0.07671208 0.08724753 0.25096133 0.028181005 0.09274276 0.011783328 0.019310055 0.01960007 0.008092552 0.06974552 0.00796189 0.008428283 0.12778655 0.4089114 0.09473192 0.008888248 0.003072244 0.026773963 0.02889485 0.014881146 0.052799433 0.004367872 0.007898563 0.0024504336 0.036669347 0.0018700283 0.0006787284 0.0033754406 0.001074997 0.0011141982 0.012727717 0.00076554104 0.0022756734 0.0058241016 0.0017358212 0.00056448963 0.005119018 0.0004949412 0.001516884 0.029975226 2.3051842e-05 0.0002060811 0.0007710267 0.04016474 0.00053336227 0.0021952172 0.00035687137 0.00047231832 0.0042881067 0.023645287 0.002140534 0.004846808 0.0008568222 0.0020974164 5.822671e-05 0.0025839598 0.0039641373 1.689271e-05 0.01339712 0.005675435 0.00087240257 0.002686888 0.00047339656 0.0006297634 0.00046057627 0.00020247883 0.0024085995 3.063356e-05 0.00040702347 2.7657156e-06 0.0014304781 0.0010301716 0.0033933155 0.0026743857 0.0067526135 0.00061046245 0.00016383838 6.940246e-05
0.015032974 0.12502104 0.37048343 0.3623466 0.042793274 0.25187138 3.2020628e-23 0.42824936 0.026526628 0.054284006 0.48784292 0.23143 0.17612341 0.23672554 0.23644355 0.021608034 0.12760054 0.103451565 0.17895193 0.259027 0.19624248 0.24159624 0.0007900393 0.009837765 0.13386232 0.12145118 0.13045673 0.30008325 0.08463527 0.06622144 0.053408712 0.06802863 0.119084395 0.03992628 0.06769376 0.09567843 0.2193861 0.0866369 0.017704744 0.019380385 0.06788411 0.114508264 0.028354071 0.053262025 0.005976902 0.024262214 0.0012111273 0.0034470973 0.0018601761 0.001091335 0.008417812 0.0007732417 0.00092581817 0.012461976 0.0006664743 0.007148753 0.008700064 0.009802178 0.0039780224 0.005583384 0.00030350545 0.0010152275 0.0038491474 0.00017812615 0.0030568712 0.0016181339 0.01823117 0.0013790119 0.0010491374 0.002798248 0.00014748951 0.021287696 0.009614237 0.006898874 0.018604215 0.0015915422 0.0016591977 0.00020072082 0.00014575078 0.019255316 0.00012685612 0.018152969 0.0040991646 0.00010105638 0.00055852643 0.000540599 0.0023163331 0.0015015757 2.0980935e-05 0.012990563 0.00026861462 6.559842e-05 1.3848968e-07 0.0013781467 0.00031652593 0.0013493312 0.00015399167 0.003928555 0.00389431 7.813874e-05 4.791257e-05
0.0029125742 0.1439299 0.25462174 0.29197502 0.051029038 0.28788054 0.42824936 1.3618933e-23 0.032198165 0.04044276 0.3895344 0.13994846 0.1930717 0.40282288 0.16435936 0.016259395 0.06495485 0.060217325 0.085546926 0.19458333 0.23935129 0.17627044 0.00072588463 0.012826527 0.23000117 0.2035325 0.0762319 0.09389891 0.044784997 0.0928887 0.05906163 0.026317948 0.07171254 0.024863955 0.019975094 0.1715947 0.25146013 0.1875963 0.011762652 0.009653712 0.03486033 0.038339455 0.059941776 0.024212668 0.0035653068 0.030384272 0.00048802493 0.0030543215 0.0009629543 0.00039968287 0.014424506 0.0005380176 0.0013476472 0.053308338 0.0003943414 0.0040386836 0.02115861 0.0044886824 0.001961004 0.00186703 0.00084932323 0.00063876424 0.009243219 4.8572587e-05 0.0008998175 0.00052834954 0.041484963 0.000597027 0.00046207453 0.0008607127 0.00023774347 0.007246581 0.01672743 0.001989632 0.005890557 0.00080911675 0.008098277 7.843544e-05 0.0004418693 0.0035108991 2.7357904e-05 0.005438038 0.0014347744 0.00016540378 0.00019756521 0.00026828772 0.00067592785 0.00038635268 3.257211e-05 0.002785181 5.5316214e-05 3.5009052e-05 2.7216288e-07 0.0008859677 7.5873904e-05 0.0033639749 0.00032894095 0.0013357049 0.00065118884 2.6411983e-05 0.00020677307
0.014662604 0.121801354 0.05654663 0.05885969 0.59149873 0.074690826 0.026526628 0.032198165 6.4406544e-20 0.30355757 0.030935524 0.030279692 0.077075325 0.027398791 0.113532156 0.32808504 0.11233884 0.14356418 0.055228934 0.0102914795 0.006524831 0.008784584 0.124316774 0.16851449 0.004203084 0.006479286 0.0075205625 0.0114528425 0.004156459 0.0015018313 0.002455873 0.004346037 0.02260321 0.0047981413 0.010762902 0.0063454113 0.010467764 0.0014918395 0.0014533395 0.003527268 0.012681603 0.034752302 0.0011025988 0.22603677 0.0013021523 0.00026684548 0.057704695 0.07994415 0.0010050556 0.041060887 0.000105760235 0.00021471654 5.6503985e-05 3.1077623e-05 0.00023105997 0.0006501568 6.3602485e-05 0.0007662627 9.055292e-05 0.13296714 1.651381e-07 0.0328375 0.006506767 1.0783203e-05 6.658146e-05 0.04626742 0.0009795355 0.039573826 0.012995488 0.00014916205 1.3879234e-05 0.0031396116 0.0010072578 3.8558614e-05 0.0029992973 0.006437167 3.66621e-05 1.4366768e-05 0.0013202492 0.002192287 5.0705444e-06 0.013977365 0.050911296 0.000105938096 0.008238808 0.0038466374 3.2782682e-05 2.9421202e-05 2.3859952e-06 0.0004938151 1.3822468e-06 2.0466923e-05 7.139213e-08 0.027041694 0.007905681 9.191987e-06 0.0004318665 0.002322481 2.0170628e-05 1.409866e-05 8.598992e-07
0.22648928 0.12882261 0.19310008 0.13186166 0.31485677 0.10151017 0.054284006 0.04044276 0.30355757 3.255983e-19 0.035718918 0.0765697 0.11877867 0.027393075 0.2546368 0.6470989 0.39737228 0.37315294 0.15391204 0.010968301 0.0056974855 0.013158535 0.07218145 0.10055639 0.0054082996 0.012845961 0.010408236 0.014071294 0.004838514 0.0059578707 0.00535449 0.004498685 0.07343604 0.0034110076 0.010975992 0.010337536 0.021020938 0.0036273473 0.002910811 0.0031101773 0.075832546 0.24020529 0.0013323507 0.6251144 0.001110326 0.0012886698 0.048659954 0.045921832 0.0005011048 0.045311697 0.00070720055 0.0007880982 0.00036150668 0.00022963734 0.00075888267 0.0004257017 0.00017050347 0.0011084604 0.00013652419 0.36956125 4.3039446e-07 0.02767074 0.011350691 1.4786942e-05 0.00011523031 0.08162917 0.0005431564 0.07105975 0.012609553 0.00024164126 0.000115344985 0.005636951 0.0019357672 0.00033185046 0.010715263 0.0056924126 5.327781e-05 1.3763886e-05 0.0034363298 0.032025345 2.7364467e-06 0.15397814 0.25307187 0.000779627 0.012026183 0.005426157 5.2106552e-05 3.5029425e-05 1.9787285e-05 0.004457569 3.0910985e-06 3.9008333e-05 2.6767316e-07 0.043898202 0.055070642 1.9048854e-05 0.00069984124 0.01978539 0.00012849513 0.00013546356 8.794226e-07
0.030199565 0.12613162 0.37036034 0.2757236 0.035790026 0.28273687 0.48784292 0.3895344 0.030935524 0.035718918 3.550183e-21 0.23457375 0.17348124 0.24726103 0.20015325 0.024290627 0.1047974 0.07676422 0.16458437 0.39325038 0.3144041 0.3589598 0.00061386375 0.008735203 0.3652742 0.16403651 0.32867265 0.41798207 0.20567521 0.21522348 0.24345586 0.18955015 0.1277853 0.1569499 0.125841 0.09938883 0.18511377 0.15883125 0.17234091 0.08538083 0.065899745 0.10655062 0.120243594 0.03290335 0.044111446 0.147775 0.0020418838 0.006866897 0.03032463 0.00093149237 0.054478362 0.018009014 0.018131074 0.05618537 0.016582984 0.026553107 0.057480328 0.0325427 0.025008123 0.0046994914 0.010339148 0.0010215375 0.003704297 0.007901324 0.013136856 0.0011590415 0.018018857 0.0017874873 0.0021143374 0.009613535 0.007604799 0.05157215 0.0056821504 0.018814793 0.038451564 0.0021127984 0.015683236 0.0063746497 0.00028535203 0.035586618 0.0056831376 0.025016997 0.004282144 0.002704872 0.002301988 0.0013535831 0.017810961 0.0057497136 0.0015270769 0.03476183 0.0037504202 0.0011378981 1.0033209e-05 0.0044608437 0.000511791 0.0020729008 0.0004498736 0.007596966 0.0130946655 0.0022093994 0.00053635
0.1621974 0.08042637 0.44987231 0.57977164 0.05174514 0.10874903 0.23143 0.13994846 0.030279692 0.0765697 0.23457375 9.333628e-22 0.08399025 0.076340154 0.47619882 0.036664344 0.20180874 0.2967293 0.5780628 0.14145274 0.05757167 0.2273029 0.0025242637 0.00971475 0.05836031 0.04617003 0.23369507 0.32268944 0.12882687 0.04293719 0.023655338 0.173407 0.6461141 0.03689923 0.22556703 0.036667716 0.05861503 0.032017663 0.010861327 0.04283073 0.35598767 0.4793521 0.011696252 0.3343529 0.014888499 0.0046581635 0.0022982194 0.0038487436 0.008941914 0.0023958436 0.0017244192 0.0063586566 0.0047484394 0.00050311093 0.006597901 0.009167843 0.0013070785 0.020051716 0.01295248 0.028692087 1.9137183e-07 0.0022164872 0.0037246689 0.0016646379 0.003087896 0.0030121764 0.0041578365 0.0031777993 0.0017794068 0.00662117 9.321326e-05 0.1293986 0.0035236287 0.011005744 0.24322733 0.0023714507 0.00035434432 0.0013390273 0.00027420087 0.33603013 0.0005652212 0.20739332 0.023894168 0.0010003885 0.0008655896 0.0011091428 0.004693751 0.0040423754 2.0209174e-05 0.079068474 0.0011425657 0.00018763074 7.8351184e-07 0.0017481231 0.0012255457 9.962428e-05 9.5193696e-05 0.038080104 0.017088164 0.00055319647 4.1914036e-06
0.001150765 0.2640619 0.2870839 0.1297897 0.099407546 0.44018662 0.17612341 0.1930717 0.077075325 0.11877867 0.17348124 0.08399025 1.9353934e-19 0.411343 0.2165179 0.09455852 0.2095955 0.08689543 0.08974527 0.052886944 0.11398186 0.026763959 0.008485262 0.10162394 0.02600147 0.15513928 0.012106111 0.032192484 0.007668614 0.009984657 0.008294304 0.0046499376 0.040573653 0.0034091265 0.0046244557 0.10421344 0.2999058 0.04282475 0.0036027269 0.0013788415 0.013271461 0.015214392 0.010626245 0.040745035 0.0016567943 0.0049559493 0.0031784507 0.03525709 0.00063636404 0.0009791686 0.0021851351 0.00045145347 0.0006315449 0.0046426924 0.00036985514 0.0019013907 0.0014337 0.0018284774 0.00035633097 0.0050499747 0.00012168761 0.0018609223 0.054899253 6.774941e-06 0.00019417975 0.00043727626 0.034398872 0.00029940874 0.0024913591 0.00032611663 0.00031035996 0.0027378474 0.028592695 0.0019373925 0.0032104002 0.0005453723 0.00048672635 2.8926448e-05 0.004522796 0.0014011175 4.273619e-06 0.0044889003 0.004398766 0.00049066846 0.0023269916 0.0001390761 0.00023687327 0.00051135774 4.543111e-05 0.0006970419 9.757033e-06 9.7663746e-05 2.063077e-07 0.0007796799 0.0003162966 0.002424204 0.0028191016 0.0017423999 0.00014996894 5.185898e-05 2.307936e-05
0.0016258821 0.1599037 0.29446763 0.134608 0.03947045 0.5205256 0.23672554 0.40282288 0.027398791 0.027393075 0.24726103 0.076340154 0.411343 3.974166e-21 0.13530295 0.022002444 0.13006295 0.0338328 0.05574308 0.09583102 0.24726781 0.037196647 0.0009010369 0.021275295 0.09952888 0.35689703 0.02605956 0.0811973 0.009824746 0.01803501 0.014934396 0.0069230828 0.026602179 0.0052068904 0.007228221 0.21725036 0.51492846 0.18649045 0.0075227865 0.0037905 0.008924661 0.008453886 0.024866888 0.013874472 0.0017498902 0.0062391665 0.001763741 0.011480575 0.00069568685 0.00034006627 0.0030677107 0.00064888026 0.0012140415 0.021796742 0.0005628273 0.0032959927 0.00402651 0.0013870733 0.0009438217 0.0015060157 0.00020447561 0.0015575271 0.025369195 7.4981865e-05 0.0009067343 0.000615991 0.04185807 0.00069134455 0.0012615845 0.00036444867 0.00021292007 0.0027446211 0.027449233 0.0009814535 0.0026518507 0.0007627227 0.0056193885 0.0001635047 0.001596603 0.0020040227 9.065385e-05 0.004030415 0.0030507452 0.00040189212 0.0013734627 0.00028609482 0.0008438264 0.00025538547 9.048498e-05 0.0015393666 0.00014774897 0.00023299482 6.673924e-07 0.0027145653 0.0003047564 0.007989623 0.0012699637 0.0017625749 0.0006666046 4.4859753e-05 0.0004546254
0.43229383 0.20251808 0.5651724 0.4493078 0.18385321 0.24259572 0.23644355 0.16435936 0.113532156 0.2546368 0.20015325 0.47619882 0.2165179 0.13530295 2.5530974e-19 0.15709262 0.62442106 0.5844827 0.6376207 0.062458634 0.04946502 0.11332227 0.009928937 0.03181256 0.020642402 0.04594793 0.124688566 0.19324192 0.03503713 0.014170813 0.012910071 0.063098885 0.24002774 0.010819788 0.094306745 0.03157873 0.07841733 0.018942242 0.008747491 0.023124691 0.26614493 0.57859224 0.0024017342 0.48931304 0.00616291 0.0041689104 0.0067106606 0.00658227 0.0019730707 0.0059828977 0.0009844264 0.0018668575 0.001318509 0.00035961255 0.002025086 0.0012417507 0.00012894947 0.0045001693 0.0011093735 0.07751529 9.133592e-07 0.0035763097 0.015577581 6.4221254e-05 0.00030494013 0.0059428075 0.0026521592 0.0054765097 0.004111962 0.0007623336 0.000223006 0.0407882 0.0044594803 0.0021160874 0.13165455 0.0019949041 0.00025024248 3.6919635e-05 0.0015858386 0.29292753 1.8869045e-05 0.26644856 0.09573465 0.00037818542 0.0036097358 0.0015475765 0.00034924332 0.00041813453 2.1314183e-05 0.03142265 7.967252e-05 9.9971476e-05 1.3962733e-06 0.006719773 0.009185052 0.00036859894 0.00091298705 0.06074341 0.0036677837 0.000129155 4.648075e-06
0.25832573 0.13338493 0.13202764 0.046465527 0.30585104 0.07493538 0.021608034 0.016259395 0.32808504 0.6470989 0.024290627 0.036664344 0.09455852 0.022002444 0.15709262 3.2265201e-18 0.25553665 0.2541605 0.07851658 0.009226451 0.0038022865 0.006555977 0.14379574 0.20862679 0.0017326493 0.005962481 0.00775174 0.007917118 0.0039128456 0.003050233 0.0033915457 0.0027911144 0.035712987 0.0023658816 0.006201004 0.002754181 0.008638327 0.0016313212 0.0019715717 0.0020897945 0.029791677 0.07313445 0.0009357934 0.56452113 0.001000369 0.0011286177 0.149788 0.12713595 7.486104e-05 0.121409565 0.00031866456 0.00018341979 0.000180816 7.841802e-05 0.00015330662 0.0002306518 3.6330162e-05 0.00035432237 3.854387e-05 0.4254871 2.5051477e-07 0.047742303 0.010359672 1.0951284e-06 4.5916036e-05 0.14663513 0.00048202177 0.1377538 0.040206026 5.528368e-05 3.507004e-05 0.003019793 0.0011041984 0.00019210536 0.00483662 0.011486112 8.120999e-05 1.6089348e-06 0.0044691595 0.011666496 3.2958573e-07 0.088433385 0.36700943 0.00018639833 0.030480256 0.013014248 1.29712e-05 1.490987e-05 1.4606426e-06 0.0024133471 7.082173e-07 9.830547e-06 9.767272e-08 0.10645685 0.09730823 1.0707423e-05 0.0012139223 0.012149234 5.3108477e-05 5.65394e-05 1.3598777e-06
0.42118347 0.23860449 0.4729616 0.17295335 0.13402233 0.29803917 0.12760054 0.06495485 0.11233884 0.39737228 0.1047974 0.20180874 0.2095955 0.13006295 0.62442106 0.25553665 1.3188164e-20 0.6775126 0.36869732 0.02672757 0.02370678 0.024484321 0.023614986 0.066340625 0.006422858 0.018480634 0.023099234 0.062301088 0.007723964 0.0033948072 0.0067084916 0.007989755 0.142733 0.003410131 0.039100554 0.009400403 0.041432276 0.0052566123 0.004726265 0.0011445888 0.16235709 0.20685507 0.0012133822 0.4761239 0.0015634054 0.00040589063 0.0102748815 0.020369539 0.00017027077 0.007947135 0.0002507166 0.00030102898 0.00043428715 0.00055558706 0.00019511217 0.00019975666 3.484208e-05 0.0004662339 0.000104881576 0.15335914 7.818507e-06 0.004530305 0.0072306925 1.0232345e-05 3.246125e-05 0.014354992 0.0010525433 0.009898768 0.0054546283 3.6476253e-05 4.9865776e-05 0.009902237 0.0015134581 0.00021770426 0.02032475 0.0015476865 4.3745247e-05 1.4503245e-05 0.0011887922 0.050317455 3.1774625e-06 0.15792179 0.108261436 0.00012440264 0.00699507 0.0017805017 0.00012721473 2.5384996e-05 6.4229307e-06 0.010303196 3.0461515e-06 1.7407929e-05 3.3609552e-07 0.008865822 0.02717538 2.061081e-05 0.0006042282 0.040814035 0.0019514296 7.5204014e-05 1.5763774e-06
0.65906334 0.13302256 0.37649995 0.21403986 0.18643066 0.107533716 0.103451565 0.060217325 0.14356418 0.37315294 0.07676422 0.2967293 0.08689543 0.0338328 0.5844827 0.2541605 0.6775126 9.450984e-18 0.42302096 0.019739978 0.008553184 0.033517 0.022078145 0.03354121 0.007977733 0.010678961 0.033407547 0.0711658 0.015746564 0.007035328 0.008426274 0.020181447 0.16455247 0.0084510725 0.060498115 0.009631182 0.013853984 0.0029117148 0.0061526382 0.0114527885 0.18451123 0.39004633 0.0023158889 0.6277122 0.0023570622 0.001437796 0.014951426 0.013705455 0.001440708 0.012395398 0.0006156134 0.0015105905 0.00066359685 0.0006262275 0.0014153274 0.0012536398 0.00018788606 0.0029086492 0.0012471774 0.20268273 1.1037744e-06 0.0059415717 0.006686774 0.00014340944 0.000603325 0.027150024 0.00087116554 0.016987398 0.004727708 0.0005913959 0.00023111087 0.01705421 0.0015849896 0.0018462909 0.04954706 0.0022716958 8.54446e-05 0.00014868441 0.0017019309 0.17157854 4.8892798e-05 0.2715143 0.19242713 0.0010106361 0.0032822164 0.0015494854 0.00094042177 0.00032259495 8.8420435e-05 0.017729666 8.579743e-05 8.3899016e-05 4.5561058e-07 0.009440377 0.032692183 3.9463368e-05 0.000561324 0.05325482 0.0011966903 0.0004661312 1.4970957e-06
0.7139765 0.10068129 0.4735164 0.28498745 0.08342434 0.13442336 0.17895193 0.085546926 0.055228934 0.15391204 0.16458437 0.5780628 0.08974527 0.05574308 0.6376207 0.07851658 0.36869732 0.42302096 1.4800789e-19 0.057838093 0.024176039 0.10046343 0.003125629 0.009582245 0.013063421 0.01859998 0.20394866 0.36421004 0.05363768 0.008316114 0.010377283 0.12583023 0.64380085 0.012752382 0.26984334 0.011570977 0.030246114 0.008246755 0.010258566 0.03323573 0.4674282 0.726801 0.0028898916 0.44905925 0.00564695 0.0024841218 0.0032148578 0.0035195483 0.0034927318 0.0026280214 0.00049796083 0.0028710146 0.0008037474 9.8826094e-05 0.0027393687 0.002088151 9.5129886e-05 0.0066473065 0.004278077 0.047687758 3.0189474e-07 0.0024685634 0.004455527 0.0005240964 0.00094232016 0.0038055826 0.0018733903 0.003767543 0.0020463215 0.0018221089 0.00015976967 0.13192113 0.0034151042 0.0065218196 0.2768356 0.0012307151 0.00020262893 0.0002606705 0.0006535202 0.43955687 0.00013011014 0.36389464 0.083027504 0.0004597677 0.001900411 0.0009014834 0.0021253412 0.0018681539 4.0803377e-05 0.09214531 0.00065762503 0.00015013137 1.640892e-06 0.0034582103 0.008259096 0.00022324348 0.00055317115 0.10363086 0.010800581 0.0002808174 4.6535565e-06
0.024896584 0.040124867 0.10965465 0.12974706 0.012617878 0.12960643 0.259027 0.19458333 0.0102914795 0.010968301 0.39325038 0.14145274 0.052886944 0.09583102 0.062458634 0.009226451 0.02672757 0.019739978 0.057838093 7.5014694e-22 0.3171896 0.38775596 0.00010799232 0.001972132 0.44495705 0.13711286 0.32128644 0.42338526 0.22324814 0.36940512 0.4970559 0.18860112 0.098543644 0.26802862 0.13434051 0.045568693 0.059216373 0.20454325 0.41743144 0.19867903 0.04124103 0.044553433 0.18880339 0.0074028587 0.14690854 0.275887 0.00042189044 0.0012214897 0.14112821 0.00023993808 0.11711558 0.113610655 0.13715255 0.057737365 0.11073031 0.07349431 0.10599829 0.05605899 0.07236369 0.0013787448 0.014591008 0.00044254115 0.00011239526 0.055656333 0.06001462 0.0005160813 0.0027971563 0.00096632127 0.00017219853 0.030433327 0.019919086 0.08130615 0.00034295037 0.044542074 0.051140018 0.0005630359 0.014531954 0.032851208 5.726203e-05 0.029130531 0.033809986 0.0147362985 0.0021766566 0.01539612 7.85837e-05 0.00019065948 0.05627103 0.013793342 0.0084766615 0.069259286 0.019604366 0.007125709 0.0003475785 0.0031245365 0.00029254798 0.00033549286 8.540028e-05 0.006666701 0.038332324 0.009978784 0.00076770334
0.0011531436 0.07180407 0.1060016 0.08448201 0.01134651 0.2020225 0.19624248 0.23935129 0.006524831 0.0056974855 0.3144041 0.05757167 0.11398186 0.24726781 0.04946502 0.0038022865 0.02370678 0.008553184 0.024176039 0.3171896 3.879269e-25 0.1273728 1.8535788e-05 0.0026170295 0.4720532 0.4081571 0.07258655 0.116101585 0.05308187 0.15046974 0.20189653 0.032380685 0.03162068 0.04914489 0.016404267 0.21906611 0.27058503 0.3329541 0.0790224 0.008808526 0.0095359115 0.006257511 0.12103618 0.0045565693 0.004195467 0.068500146 0.0002283833 0.0019553802 0.0014184604 0.00013238033 0.023468692 0.0010445783 0.0011033183 0.23189044 0.0010182261 0.005188025 0.040899903 0.006669067 0.0014411077 0.0016891172 0.045252144 0.0003879255 0.0020436947 0.0005819246 0.0033180001 0.0011882549 0.008647365 0.0012473984 0.00037928665 0.0024358388 0.001596769 0.010766495 0.0043443525 0.006361993 0.0135282045 0.00023107122 0.021124799 0.0007634948 0.00013358245 0.008066171 0.00040493064 0.011736012 0.004436946 0.0018092046 0.00054462644 0.00018028532 0.002049171 0.0051612337 0.00065584003 0.012125304 0.0018302569 0.0008550887 8.009934e-06 0.0022030862 0.00035235813 0.002739216 0.00045177047 0.0038317596 0.0066682077 0.001712392 0.00070903846
0.03774605 0.033286437 0.12631603 0.22731669 0.0103353225 0.05496956 0.24159624 0.17627044 0.008784584 0.013158535 0.3589598 0.2273029 0.026763959 0.037196647 0.11332227 0.006555977 0.024484321 0.033517 0.10046343 0.38775596 0.1273728 1.0678175e-22 8.813925e-05 0.0012956352 0.30608338 0.053924873 0.4496923 0.4711821 0.38029614 0.25707397 0.3229695 0.38123366 0.14494161 0.39660344 0.25673595 0.015735487 0.013526637 0.10900893 0.26887763 0.26985952 0.07149421 0.089941435 0.09112298 0.015382829 0.16563293 0.15740918 0.00023688207 0.0006298944 0.11713862 0.00021348857 0.07349427 0.08603197 0.083531655 0.019117923 0.08474105 0.109301805 0.047983687 0.12640247 0.08902892 0.0023590436 0.0034139545 0.00010804217 0.00010532843 0.05123737 0.060696777 0.00040481865 0.0020340774 0.0007916484 0.00018910038 0.052892234 0.010109341 0.14004825 0.0001199724 0.09183147 0.10938846 0.00025418343 0.0048846314 0.031275004 1.3004631e-05 0.06260396 0.03358297 0.01803956 0.0024400575 0.016410824 7.553558e-05 0.00020895661 0.051560447 0.031445697 0.001103364 0.12629525 0.030914245 0.0048289485 2.5351876e-05 0.00093723263 0.00022585584 3.0796393e-05 7.303841e-06 0.008504844 0.06724853 0.009857286 8.6143824e-05
0.0007040449 0.01952564 0.0033925918 0.0034680224 0.062633745 0.004923202 0.0007900393 0.00072588463 0.124316774 0.07218145 0.00061386375 0.0025242637 0.008485262 0.0009010369 0.009928937 0.14379574 0.023614986 0.022078145 0.003125629 0.00010799232 1.8535788e-05 8.813925e-05 6.094967e-25 0.2890683 0.00035642818 4.656698e-05 5.625665e-05 5.3503067e-05 5.8006295e-05 0.00018998265 0.00034394182 4.2072323e-05 0.0021847985 0.00011525965 0.00012554643 5.359116e-05 3.9996503e-05 1.2561835e-05 0.00018207695 4.4348915e-05 0.00020094952 0.000806854 6.5100685e-06 0.05921506 1.6690507e-05 4.3974003e-05 0.33141366 0.37591296 6.652163e-06 0.28304562 1.8959849e-05 4.950889e-06 2.0048358e-06 1.6501305e-06 2.9522737e-06 6.6464563e-06 1.808291e-06 1.49691095e-05 6.7752796e-07 0.12631953 1.2561331e-09 0.13978378 0.0021865275 1.5803934e-08 2.5040725e-07 0.21564685 5.2758764e-06 0.2137168 0.03564608 6.101926e-07 1.2674663e-05 2.532416e-05 2.0929934e-05 1.6187248e-06 4.306312e-06 0.036678016 1.351108e-06 1.7675378e-08 0.00373972 3.257045e-06 3.2267258e-09 0.00033467816 0.03792896 5.0006956e-06 0.019199701 0.0068680206 2.9454705e-08 2.7781627e-07 3.1532434e-08 4.759635e-06 1.7710441e-08 1.5718085e-07 6.7649003e-10 0.10811778 0.023455624 7.963943e-08 9.386248e-05 2.41128e-05 1.8428706e-07 5.054797e-07 3.0013545e-08
0.0007315933 0.07348578 0.031288266 0.024751812 0.09833321 0.07671208 0.009837765 0.012826527 0.16851449 0.10055639 0.008735203 0.00971475 0.10162394 0.021275295 0.03181256 0.20862679 0.066340625 0.03354121 0.009582245 0.001972132 0.0026170295 0.0012956352 0.2890683 2.4154124e-23 0.0027684616 0.0018820621 0.0015636835 0.0024960476 0.0011773179 0.0012094826 0.0012872537 0.0010313583 0.007746987 0.0010115275 0.0015836464 0.003120183 0.010538686 0.00035362373 0.0008268573 0.00067706435 0.0016222554 0.0019366065 0.00015394775 0.062167447 0.0007835593 0.00034043242 0.22091414 0.37978977 0.00016057819 0.14492865 0.00014810065 0.000104647486 0.00011390434 0.00016248126 6.479956e-05 0.00025136158 9.465402e-06 0.0005112234 4.7359023e-05 0.036666457 8.442127e-07 0.09013377 0.064251326 2.8886117e-07 4.451165e-06 0.040245846 0.0014255822 0.030577388 0.035079237 3.734838e-05 6.0555958e-05 0.00031437943 0.009313653 7.170551e-05 0.00023179007 0.049664922 1.9665511e-05 1.8139174e-07 0.048172507 0.00015539254 3.878526e-08 0.00089723826 0.05004645 3.896498e-05 0.031041611 0.009148182 1.2638989e-06 2.1255539e-05 2.8543664e-06 0.00011223183 9.532991e-08 6.545778e-06 1.5000619e-07 0.048671495 0.00824891 9.921497e-05 0.0057630544 0.00011837674 1.095645e-05 5.0425942e-06 1.404267e-06
0.0010633904 0.038419638 0.02313282 0.08425574 0.01234596 0.08724753 0.13386232 0.23000117 0.004203084 0.0054082996 0.3652742 0.05836031 0.02600147 0.09952888 0.020642402 0.0017326493 0.006422858 0.007977733 0.013063421 0.44495705 0.4720532 0.30608338 0.00035642818 0.0027684616 1.6782339e-23 0.24925165 0.1690911 0.1587877 0.18201278 0.5655542 0.5296945 0.121138245 0.02398687 0.21761566 0.028490646 0.08888508 0.04971206 0.4794438 0.3035073 0.060735967 0.0077610086 0.0048122834 0.4250147 0.0006250268 0.03349809 0.4599816 0.0002977998 0.001572039 0.013876522 0.00018245346 0.31249592 0.008773051 0.035099752 0.30150756 0.0065090754 0.021798037 0.3244668 0.021121468 0.011627515 0.0008280875 0.11657291 0.00076957134 0.0004537995 0.003837885 0.012668506 0.00067773263 0.0024040441 0.00068314164 0.00057025376 0.011268118 0.026402008 0.016838789 0.0009570482 0.009456372 0.017773302 0.0009286372 0.022084512 0.0058202646 4.6065205e-05 0.006769465 0.0034957223 0.0067502214 0.00097531755 0.007209904 0.00011379164 0.00056020066 0.00853402 0.007660004 0.0080555 0.012493778 0.004185676 0.0038721347 0.001396966 0.0022194867 0.00021908911 0.00085326773 4.441689e-05 0.0026096671 0.0041340142 0.008324576 0.001957451
3.4721208e-05 0.06339827 0.11981417 0.06806195 0.013035189 0.25096133 0.12145118 0.2035325 0.006479286 0.012845961 0.16403651 0.04617003 0.15513928 0.35689703 0.04594793 0.005962481 0.018480634 0.010678961 0.01859998 0.13711286 0.4081571 0.053924873 4.656698e-05 0.0018820621 0.24925165 2.9381393e-25 0.02830444 0.05750619 0.014359016 0.024055848 0.047714982 0.00747397 0.019216554 0.0071531376 0.0076681753 0.37072152 0.48890534 0.41706172 0.011012087 0.0024349862 0.0041659554 0.0026930806 0.04487273 0.0018213975 0.0010390934 0.010162177 0.00018708024 0.0007944058 0.0003838599 0.00019828817 0.0033601 0.00028704584 0.00033212782 0.14132176 0.00021212437 0.0031440044 0.004967121 0.0038010268 0.00018721641 0.0012230629 0.0072425245 0.0008612309 0.00271862 5.4943346e-05 0.0009132796 0.0018349249 0.02610609 0.0012422546 0.00034238418 0.00072733115 0.00018325892 0.0044209105 0.007559565 0.0030528377 0.004340789 0.00016588828 0.022210937 3.6897705e-05 4.9208837e-05 0.0020965775 2.7539916e-05 0.0030227734 0.00100365 0.00017797317 0.0005914303 6.121049e-05 0.00024776472 0.0010874905 3.5070203e-05 0.003305132 0.00025370513 4.6300574e-05 5.3454e-07 0.00091428007 0.00014352491 0.0055931984 0.0002113137 0.0020182203 0.0030159908 3.1545685e-05 0.00075905566
0.15359086 0.013505697 0.10509424 0.16954117 0.009208939 0.028181005 0.13045673 0.0762319 0.0075205625 0.010408236 0.32867265 0.23369507 0.012106111 0.02605956 0.124688566 0.00775174 0.023099234 0.033407547 0.20394866 0.32128644 0.07258655 0.4496923 5.625665e-05 0.0015636835 0.1690911 0.02830444 9.173893e-23 0.7067254 0.51542336 0.16277573 0.2551916 0.6484343 0.22484308 0.37449592 0.4237738 0.0044234307 0.0103305625 0.06446588 0.22423686 0.41992888 0.13253082 0.3114199 0.048461057 0.027963487 0.17714274 0.090854175 8.053214e-05 0.000977816 0.13711695 0.00010549117 0.03907586 0.09999592 0.053929467 0.0047730585 0.09857272 0.14899495 0.014546792 0.18672298 0.1303497 0.0030799021 0.00018065984 3.962988e-05 9.418475e-05 0.07668041 0.071595386 0.0002982201 0.0010630477 0.0005807379 0.00018663454 0.07131476 0.0031352313 0.3508598 5.8906495e-05 0.15883058 0.2848916 0.00069605856 0.0020850762 0.03162613 7.897846e-06 0.192108 0.041071583 0.04207554 0.0036895701 0.014981792 4.9124854e-05 0.00026822934 0.06243011 0.082937256 0.0012483904 0.37595427 0.04766484 0.0029053958 1.0807963e-05 0.0004152051 0.0003312456 6.861997e-06 7.2552857e-06 0.017431462 0.2221508 0.008984752 3.3880588e-05
0.68666804 0.030765682 0.36848593 0.1755196 0.01404041 0.09274276 0.30008325 0.09389891 0.0114528425 0.014071294 0.41798207 0.32268944 0.032192484 0.0811973 0.19324192 0.007917118 0.062301088 0.0711658 0.36421004 0.42338526 0.116101585 0.4711821 5.3503067e-05 0.0024960476 0.1587877 0.05750619 0.7067254 4.0304723e-21 0.46416107 0.07872594 0.26974857 0.69726557 0.27366784 0.36637595 0.80154437 0.010229477 0.039102864 0.05870685 0.2952022 0.59675395 0.24378459 0.5174389 0.025214676 0.043743495 0.1121966 0.05685852 0.00011575237 0.002088368 0.12248955 6.231695e-05 0.02589753 0.06582948 0.027328433 0.0027376346 0.06770258 0.107322894 0.006401031 0.14732224 0.09309511 0.0026610366 0.00034909797 4.7959842e-05 0.00033750027 0.078389704 0.05948227 0.00018706935 0.0010206547 0.00019471343 0.00016280248 0.04936272 0.0019002986 0.5141734 8.995275e-05 0.12173284 0.43566635 0.00023267284 0.002774215 0.04232524 5.9485992e-05 0.38707525 0.042633962 0.09022106 0.008940459 0.013225219 0.00014385024 6.537864e-05 0.08184947 0.08286956 0.0009371446 0.5914 0.042069223 0.0026989651 5.6627516e-05 0.0015978185 0.00065113575 3.4003137e-05 0.00016519948 0.03685467 0.4058441 0.007669529 0.000106348365
0.050038002 0.007488121 0.029968817 0.07595789 0.0037051958 0.011783328 0.08463527 0.044784997 0.004156459 0.004838514 0.20567521 0.12882687 0.007668614 0.009824746 0.03503713 0.0039128456 0.007723964 0.015746564 0.05363768 0.22324814 0.05308187 0.38029614 5.8006295e-05 0.0011773179 0.18201278 0.014359016 0.51542336 0.46416107 6.810099e-24 0.16334163 0.2773121 0.5358011 0.1684195 0.40953577 0.28661388 0.0015540582 0.0029799314 0.042099882 0.23214878 0.4196123 0.08111359 0.09759019 0.05187325 0.013342573 0.22809485 0.10003389 5.4595537e-05 0.00074453675 0.18757838 0.00015489661 0.042515583 0.115113534 0.076674335 0.0013852549 0.11706525 0.23892169 0.012036699 0.2443317 0.14928442 0.0010567524 3.2368138e-05 5.1665473e-05 2.2896325e-05 0.10504048 0.10480477 0.0002477685 0.00020597677 0.0007132916 0.00012200507 0.09721622 0.0034529292 0.25619757 9.7346965e-06 0.19469044 0.20406407 0.00021414089 0.0004347241 0.031484798 3.5477087e-06 0.08376311 0.035618864 0.021267217 0.002098562 0.013013311 2.541387e-05 0.00017262586 0.049464043 0.07810807 0.00036186576 0.26450145 0.061684523 0.0019306603 6.224582e-06 0.00013649503 0.00017206474 2.5983402e-06 8.553639e-07 0.00787391 0.14520565 0.010824902 6.464805e-06
0.00059250573 0.007676532 0.010421625 0.0459966 0.002302371 0.019310055 0.06622144 0.0928887 0.0015018313 0.0059578707 0.21522348 0.04293719 0.009984657 0.01803501 0.014170813 0.003050233 0.0033948072 0.007035328 0.008316114 0.36940512 0.15046974 0.25707397 0.00018998265 0.0012094826 0.5655542 0.024055848 0.16277573 0.07872594 0.16334163 1.3032147e-25 0.59063864 0.11385757 0.026972769 0.2270359 0.03946533 0.005649157 0.0018546911 0.10730695 0.44673264 0.09884726 0.0033866956 0.0046484587 0.12282761 0.0009339572 0.111622825 0.41961655 0.0004783831 0.000643335 0.06082249 0.00038471652 0.27127558 0.07793398 0.25516102 0.021170843 0.06006482 0.07513038 0.18713097 0.056635067 0.04506215 0.00021812176 0.012118894 8.727553e-05 4.398149e-06 0.029592233 0.03486704 0.0003021458 0.0003768353 0.0007106228 0.00010833529 0.026062137 0.035825815 0.012943613 1.2065828e-05 0.03670165 0.0077889585 4.8856768e-05 0.0025889995 0.016824815 7.50917e-07 0.0036501968 0.018652651 0.00090429786 0.0001815637 0.024779486 5.2481364e-06 3.7727164e-05 0.025112838 0.0114721265 0.013124639 0.0064295563 0.012752742 0.01404016 0.0031075175 0.00061274244 4.663226e-05 5.836678e-06 4.1603786e-07 0.0003050978 0.0034378984 0.016121982 4.6822362e-05
0.0034520912 0.0034470186 0.014084585 0.015927622 0.0032962696 0.01960007 0.053408712 0.05906163 0.002455873 0.00535449 0.24345586 0.023655338 0.008294304 0.014934396 0.012910071 0.0033915457 0.0067084916 0.008426274 0.010377283 0.4970559 0.20189653 0.3229695 0.00034394182 0.0012872537 0.5296945 0.047714982 0.2551916 0.26974857 0.2773121 0.59063864 2.5712308e-24 0.17017694 0.0207346 0.3812418 0.06059136 0.007912941 0.0070889485 0.14411558 0.59127575 0.2149791 0.007797245 0.007413577 0.18119662 0.0012650929 0.26928258 0.43398425 9.485821e-05 0.0010936648 0.17887697 7.1446455e-05 0.25256726 0.2337361 0.47434717 0.03429368 0.17412408 0.112569734 0.1759431 0.07653387 0.080183595 0.0015088045 0.021259084 0.00013806553 6.2866595e-05 0.09180572 0.08979062 0.00093877135 0.000297914 0.000960629 6.668573e-05 0.044442587 0.050363626 0.030122355 6.1125735e-05 0.03919443 0.02148966 0.00019835283 0.004673279 0.0355865 1.4707733e-05 0.010491099 0.035282273 0.0045409068 0.0003822159 0.029326674 7.469456e-06 7.625525e-05 0.034482267 0.014138348 0.017579021 0.026601806 0.031671207 0.020814372 0.0015932703 0.0004173793 6.084343e-05 3.198994e-05 3.9387437e-06 0.0018766216 0.017522115 0.016139334 0.00025854917
0.13025582 0.006694058 0.041055124 0.08999439 0.00476013 0.008092552 0.06802863 0.026317948 0.004346037 0.004498685 0.18955015 0.173407 0.0046499376 0.0069230828 0.063098885 0.0027911144 0.007989755 0.020181447 0.12583023 0.18860112 0.032380685 0.38123366 4.2072323e-05 0.0010313583 0.121138245 0.00747397 0.6484343 0.69726557 0.5358011 0.11385757 0.17017694 9.193581e-23 0.25995263 0.376244 0.6076723 0.0010154145 0.0027019137 0.018834675 0.12904498 0.52479345 0.15799005 0.22326714 0.020567637 0.012534743 0.16768403 0.060096838 5.050933e-05 0.00082952535 0.12976228 6.6078246e-05 0.018345501 0.06510016 0.031061387 0.00034913977 0.06836442 0.22773403 0.0024760505 0.32789165 0.17437944 0.00083124224 2.4714286e-06 5.5420765e-05 6.1884703e-06 0.07490375 0.07315067 0.00014355709 6.6622735e-05 0.00027880748 0.000161008 0.09994487 0.00052763853 0.472926 4.975844e-06 0.2176488 0.42186046 0.00017241132 0.00016054725 0.022958223 1.2715299e-06 0.23634942 0.026961805 0.046216093 0.0031384742 0.00796284 2.4834133e-05 0.00015371786 0.052149314 0.12726699 0.000197337 0.4387449 0.04772344 0.0014277754 3.3536087e-06 7.096757e-05 8.274414e-05 8.88401e-07 5.490029e-07 0.014012706 0.25797704 0.01018739 2.2685183e-06
