2.5480843e-28 0.05735339 0.013349568 0.06325923 0.028206993 0.14577672 0.02021323 0.002152836 0.012949035 0.11807654 0.17580944 0.17203602 0.7799347 0.00013276405 0.000952451 0.065721 0.8860727 0.8874232 0.83225465 0.61703014 0.81704175 0.0980503 0.289685 0.32694185 0.040204234 0.003091995 0.0017353155 0.0240778 0.65820473 6.0432067e-06 0.8964439 0.7165531 0.014731845 0.86412746 0.8525688 0.82511795 0.6517486 0.082244374 0.26314643 0.041761708 0.70819896 0.85484594 0.8548292 0.97521126 0.9597115 0.010565207 0.96575886 0.9476723 0.99416316 0.98367435 0.84557813 0.99844044 0.9905584 0.9408182 0.06497018 0.36553538 0.85773736 0.061061885 0.9721742 0.91140455 0.9974901 0.40690348 0.9973501 0.9965875 0.028696995 0.54832006 0.00052132976 0.04920535 0.8907081 0.0660192 0.9922236 0.00071642414 0.013004124 0.0064268773 0.9980193 0.93597496 0.15645675 0.0075722574 0.7237072 0.7188126 8.514752e-07 0.9963204 0.15612896 0.0033201443 0.004886854 0.039434716 0.2680176 0.60958654 0.8198187 9.715472e-06 0.002607222 0.99962425 0.4755595 0.0018902464 0.99624056 0.30344808 4.6900925e-07 0.00018579244 0.00012060483 0.9995302 0.022362195
0.05735339 7.241044e-18 0.31354648 0.42691353 0.7231149 0.48120263 0.112209655 0.0921486 0.037743825 0.060390275 0.05911929 0.62602276 0.13176037 0.061757095 0.0032641084 0.35532475 0.19022414 0.2713222 0.19336197 0.016736295 0.30370548 0.0027822407 0.011963399 0.30993605 0.0025237415 0.0031686327 0.001003931 0.004584916 0.2521206 0.00050912425 0.0781969 0.0058190906 0.0042302296 0.053823337 0.016254008 0.004479682 0.0036038845 0.002085896 0.0018508681 0.0027372378 0.0009863811 0.0120619675 0.0015095711 0.19117641 0.020801226 0.0023406239 0.012406928 0.0033775694 0.08229649 0.021848522 0.0007502703 0.1295286 0.00769566 0.004099325 0.00010172715 0.00012540775 0.0055127894 2.1513662e-05 0.0005232646 5.3353775e-05 0.018144064 9.306248e-06 0.0017139212 0.00561358 6.2844797e-06 2.3748658e-05 0.00016151012 3.6369386e-06 0.00031833316 1.6632772e-06 7.0530696e-05 4.8521335e-05 1.8487565e-06 0.016633488 0.007079237 9.105254e-06 1.5434075e-07 3.0740372e-07 4.5845067e-05 4.1770443e-05 8.3107004e-08 0.002102292 3.17419e-05 3.998668e-06 3.8326125e-06 1.2392488e-07 5.164766e-06 5.1280324e-07 3.7912105e-06 0.0005505334 8.8875395e-06 0.00014884445 0.028688196 9.435948e-06 3.327313e-05 2.8409033e-07 4.1870786e-07 7.198625e-08 8.817312e-07 0.0032508168 2.843779e-07
0.013349568 0.31354648 1.5270117e-16 0.4313775 0.12350544 0.350526 0.3881308 0.42559266 0.30324337 0.12961572 0.073180124 0.06575863 0.115730144 0.3571179 0.054243967 0.024440626 0.048067793 0.044653006 0.026893826 0.018929679 0.028592244 0.006008302 0.0062111514 0.02440843 0.004368889 0.00991343 0.0097903125 0.0062242765 0.032608166 0.014350632 0.012943089 0.0018465584 0.0045128926 0.0033435752 0.002001822 0.0014070608 0.00036347331 0.0007846788 0.00047359793 0.000729588 0.00014885269 0.001192276 0.00012706898 0.01886763 0.0021577012 0.0013252086 0.0006953599 0.00027796006 0.0075542503 0.0025455789 1.6186577e-05 0.036687788 0.0011198325 0.00019940149 1.2921012e-05 5.1825878e-06 2.951076e-05 2.280818e-06 3.7208632e-05 6.6774596e-06 0.0025852774 2.3187704e-07 0.0006062851 0.0004035917 4.525628e-07 1.1267451e-06 1.2226277e-05 3.2191372e-07 2.2804126e-05 7.9298076e-08 4.5531588e-06 1.095818e-06 6.432383e-08 0.01353731 0.00580535 2.7718193e-07 9.6881525e-09 5.5496738e-08 4.2693373e-06 5.347254e-06 1.2867251e-07 0.00048715586 3.3651488e-06 1.6322322e-07 3.02816e-07 1.5000412e-08 6.327005e-07 2.3230124e-08 3.7481918e-08 0.005382611 3.6572212e-07 4.8410588e-05 0.0357399 2.660289e-07 4.071842e-06 2.805466e-09 7.880748e-07 5.023419e-08 4.565368e-08 0.004212822 8.3453244e-07
0.06325923 0.42691353 0.4313775 6.201421e-17 0.10648531 0.7658088 0.5624497 0.07590065 0.3584922 0.3804979 0.29191935 0.09526804 0.2862271 0.07667222 0.030674 0.028643375 0.18535987 0.15929969 0.12588476 0.034092482 0.06495472 0.0072666425 0.023804415 0.044757113 0.0059977514 0.0064862473 0.006871955 0.0063693267 0.03770168 0.0036143914 0.06814283 0.01134732 0.008684725 0.031670444 0.0151768 0.009683952 0.0062861643 0.0019463585 0.001677163 0.0014336043 0.0009015376 0.005931449 0.0017360132 0.04357529 0.014784862 0.0029433484 0.009245273 0.0026144153 0.04029334 0.012838484 0.00018429702 0.03813541 0.009201359 0.0014951675 6.651507e-05 9.648654e-05 0.0012307462 1.6144966e-05 0.00038024934 0.00015861432 0.0055086585 1.4510522e-05 0.0028254942 0.004642542 3.816447e-06 2.0699217e-05 0.00020129245 3.0838903e-06 0.00018655145 1.2663916e-06 5.597996e-05 0.00015328455 2.917265e-07 0.0034593942 0.0040804874 9.3680455e-06 1.7447415e-07 2.5292613e-07 4.1720363e-05 6.447119e-05 2.6059178e-07 0.0015593203 2.9821202e-05 5.969011e-07 4.0352273e-07 2.2939227e-07 7.211365e-06 1.4124357e-06 3.995706e-06 9.8820994e-05 2.993479e-06 0.00023133248 0.008947083 2.4390022e-06 1.1829699e-05 9.4237396e-07 1.2066121e-06 1.3673676e-07 6.727147e-07 0.0027381661 3.5121445e-07
0.028206993 0.7231149 0.12350544 0.10648531 5.828653e-17 0.15646954 0.014919876 0.05563151 0.0073986524 0.013724808 0.012826258 0.52198625 0.034424838 0.026374035 0.00092629937 0.29629925 0.051513985 0.10031515 0.06517985 0.009040956 0.13904542 0.0005023482 0.0054991264 0.17301828 0.0004994719 0.00046778895 0.00026630168 0.00068707915 0.26929834 6.748538e-05 0.01652321 0.0006765135 0.0012120124 0.0116938595 0.002108113 0.00077723514 0.00057437323 0.00024473085 0.0002743395 0.0002805374 0.00015479943 0.0016587871 0.0001952419 0.17837867 0.0039764126 0.00024583752 0.0021043548 0.0001832191 0.022727951 0.008902836 1.0345133e-05 0.09702268 0.0013761563 0.00012798332 2.5342883e-05 1.216539e-05 0.00021933517 1.0281056e-05 3.5529993e-05 6.8186355e-06 0.017087968 1.7455765e-06 0.00019237761 0.0016148047 1.1391422e-06 1.8754092e-06 1.0221353e-05 7.864824e-07 1.471914e-05 5.1443186e-07 2.7569042e-06 4.8968554e-06 7.73068e-07 0.06022794 0.003488439 8.6108577e-07 6.808012e-08 1.14787014e-07 3.1203347e-06 7.133001e-06 5.172677e-08 0.00071468845 2.5452327e-06 1.1835099e-06 5.7673947e-07 5.0917244e-08 1.021479e-06 6.0185556e-08 5.0049397e-07 0.00030739777 1.8425588e-06 2.9699047e-05 0.03385341 1.4508563e-06 1.7843694e-06 7.174938e-08 1.2719998e-07 4.4596028e-08 5.804627e-08 0.0027656448 3.1062637e-08
0.14577672 0.48120263 0.350526 0.7658088 0.15646954 4.0920933e-17 0.49176508 0.050105534 0.24648787 0.43077084 0.38816983 0.27792943 0.44944766 0.051476702 0.01993208 0.058832984 0.39318687 0.33403143 0.39671385 0.08127477 0.22311226 0.012965351 0.05861376 0.15013815 0.011675818 0.014469283 0.009391663 0.011491667 0.04805591 0.001964655 0.19283558 0.01584218 0.01757899 0.13343671 0.042262364 0.017074559 0.011247736 0.0034241881 0.0030741887 0.0030494814 0.0024260683 0.01134202 0.0035254774 0.071350016 0.026771719 0.004059282 0.013185129 0.0041082483 0.085076325 0.022284746 0.0002617928 0.057671487 0.012016765 0.002706344 0.00012672796 6.742626e-05 0.0009566001 3.1326355e-05 0.00077725365 9.4648836e-05 0.0070661614 1.2284131e-05 0.0037046992 0.0069767125 2.2373504e-05 1.36023245e-05 0.0004039211 1.4757133e-05 0.0001070854 4.639846e-06 3.9824386e-05 0.00026343093 1.071142e-06 0.0039243517 0.008114938 4.723613e-06 2.5210278e-07 1.747606e-07 5.0896404e-05 4.0204508e-05 6.609961e-07 0.0018716056 4.824872e-05 2.2227282e-06 1.4298076e-06 3.32127e-07 1.52525035e-05 6.9510156e-07 3.949328e-06 7.615612e-05 1.1905858e-05 0.0001659136 0.016057994 1.681426e-05 3.0870466e-05 1.7939007e-06 3.5849437e-06 4.798779e-07 3.7735315e-06 0.004060542 1.205632e-06
0.02021323 0.112209655 0.3881308 0.5624497 0.014919876 0.49176508 2.3701733e-18 0.053163454 0.71724236 0.5291048 0.40568006 0.008836667 0.23611897 0.073588505 0.09962638 0.0032678803 0.098827355 0.04664737 0.051557392 0.034330755 0.012261174 0.0145724155 0.025732879 0.0067674997 0.012480261 0.01833868 0.03305479 0.01618397 0.004218609 0.008435445 0.030995833 0.014317783 0.018595336 0.009519043 0.00937766 0.008465141 0.005328597 0.0030429447 0.0023379815 0.0023834356 0.0012036635 0.004553652 0.0016300989 0.00673362 0.00651459 0.004213099 0.004366144 0.0012582614 0.005770396 0.0037036047 0.000110215246 0.007268216 0.0038589023 0.00076800573 7.832982e-05 9.452012e-05 0.0010485102 4.1121635e-05 0.0003925271 0.00044092198 0.0015778093 4.7607627e-05 0.0024986914 0.0020737706 2.5653444e-06 0.000110574896 0.0005097252 4.9772534e-06 7.8686506e-05 2.5373488e-06 3.4885736e-05 0.00038360097 2.9821797e-07 0.00040417502 0.0018678423 2.025272e-05 7.1324183e-07 1.1114251e-06 5.405909e-05 0.00015764481 5.2146797e-06 0.0007009246 1.0013794e-05 1.9873796e-06 1.4710363e-06 8.0451156e-07 2.3805699e-06 4.2110682e-06 1.288271e-05 3.3769553e-05 2.7726124e-05 0.0002453499 0.0014892815 7.921638e-06 7.580464e-06 1.30438e-06 5.3875588e-06 7.0740185e-07 6.0553616e-06 0.0018835416 1.0916919e-07
0.002152836 0.0921486 0.42559266 0.07590065 0.05563151 0.050105534 0.053163454 6.352868e-17 0.043848142 0.023743069 0.019306669 0.022452146 0.023441652 0.2959872 0.012962681 0.011440389 0.009496167 0.011803595 0.0054786387 0.0034621535 0.00993273 0.00086044555 0.0016594415 0.009234012 0.0011155274 0.0028602893 0.0014925433 0.0011593539 0.020657245 0.005552933 0.0020584068 0.00032520105 0.0010920049 0.0010328173 0.00021894957 0.00013403138 7.610341e-05 0.0004542977 0.00029836321 0.00018958212 7.115482e-05 0.00025698304 3.210005e-05 0.011600528 0.00010659044 0.00020814476 7.603159e-05 4.5038894e-05 0.004575241 0.0011047861 3.1328666e-06 0.039453555 4.8811922e-05 5.969564e-05 2.626856e-06 1.8296257e-06 8.124783e-06 1.2546474e-07 4.5092847e-06 2.2793527e-06 0.017095653 1.7027685e-07 2.7443459e-05 6.307161e-05 1.211833e-07 5.7743233e-07 8.9309776e-07 3.1658807e-08 8.315537e-06 2.8629728e-08 6.4484294e-07 1.9234595e-07 4.8759922e-08 0.011184072 0.0022564228 2.1252498e-07 5.3816445e-09 6.3392895e-09 2.9896416e-06 2.577235e-06 5.8530997e-08 0.00011213318 9.4806916e-07 1.0640704e-07 1.006013e-07 1.967244e-08 8.8776153e-07 6.219918e-08 8.2260755e-08 0.027516086 1.1753087e-07 5.045129e-06 0.047316164 8.241922e-08 1.4836529e-06 6.3223835e-09 9.729119e-08 2.404445e-08 1.07202895e-08 0.0010497925 3.321411e-08
0.012949035 0.037743825 0.30324337 0.3584922 0.0073986524 0.24648787 0.71724236 0.043848142 7.556599e-18 0.5471227 0.47173268 0.0046692407 0.2551816 0.108335726 0.35293153 0.0012617956 0.10955125 0.030101271 0.041374333 0.04640208 0.009449949 0.035872962 0.060491625 0.0036740275 0.042781718 0.131891 0.21842864 0.064050935 0.0019656492 0.026928801 0.0376237 0.039404646 0.07682745 0.011546891 0.01932366 0.017110063 0.014208087 0.011707379 0.009611661 0.008358974 0.007008515 0.00826116 0.0058568106 0.0045482875 0.0069253966 0.009037978 0.0077295713 0.0024474114 0.00250902 0.00340412 0.00018313018 0.0044671013 0.003717499 0.0019249187 7.841061e-05 0.00013384158 0.0021629238 1.5624335e-05 0.0007029998 0.00036283728 0.00092461373 1.7173546e-05 0.0035499593 0.0030609146 3.49259e-06 7.053688e-05 0.0002793568 3.9638817e-06 0.00030719992 2.479271e-06 8.725348e-05 4.482524e-05 7.007491e-07 0.00012193865 0.0025700792 1.0582223e-05 4.969553e-07 9.8606584e-08 8.429489e-05 8.56096e-05 1.01100295e-05 0.0019728965 1.7069518e-05 1.5645396e-06 1.762493e-06 6.369566e-07 7.514017e-06 2.5994605e-06 2.7010813e-06 0.00022787094 2.3848963e-06 0.0003897089 0.0016633836 3.6339811e-06 1.1740181e-05 5.267187e-07 1.347277e-05 7.9608714e-07 2.1231076e-06 0.008427737 4.722759e-07
0.11807654 0.060390275 0.12961572 0.3804979 0.013724808 0.43077084 0.5291048 0.023743069 0.5471227 9.767037e-18 0.75083613 0.011911281 0.57047963 0.043159127 0.10468647 0.0050237286 0.27600306 0.098924525 0.16070463 0.14487101 0.0314406 0.06576083 0.13487133 0.014185896 0.045462314 0.06640815 0.05261641 0.055216923 0.0037076154 0.010697462 0.11319568 0.04348332 0.05147824 0.06838869 0.0447873 0.024674343 0.024336416 0.008263449 0.005922227 0.009759536 0.0066104946 0.017651772 0.006906833 0.014780084 0.021774607 0.006708984 0.016650168 0.00360211 0.028168164 0.0143604325 0.00068235054 0.018959146 0.01728295 0.0040344163 0.00010456737 8.040077e-05 0.00075222296 3.191054e-05 0.000932756 0.00010643806 0.004856884 1.2943928e-05 0.012527513 0.01131705 1.4399208e-05 1.8128989e-05 0.00045902468 1.1273207e-05 0.00024347237 4.0089703e-06 0.00017705104 0.00026488784 1.2233713e-06 0.00029985968 0.0057273065 6.9479242e-06 2.3174218e-07 3.5174742e-07 8.632384e-05 3.4343408e-05 2.6263249e-06 0.0031056379 3.36964e-05 1.325472e-06 8.85384e-07 3.2480972e-07 2.1452424e-05 4.137114e-07 1.4892339e-06 6.684166e-05 1.0350275e-05 0.001025567 0.0034357468 9.782468e-06 5.0769195e-05 5.439923e-07 9.904673e-06 7.847711e-07 6.1376763e-06 0.0063515143 1.1193006e-06
0.17580944 0.05911929 0.073180124 0.29191935 0.012826258 0.38816983 0.40568006 0.019306669 0.47173268 0.75083613 1.0517185e-17 0.011796084 0.7176742 0.025543917 0.12364241 0.00474455 0.385745 0.15752544 0.2495645 0.29674056 0.038259976 0.18547177 0.3616168 0.015896317 0.17878042 0.17966104 0.122520804 0.28233168 0.00246319 0.011778716 0.21120901 0.15927424 0.16140346 0.16756725 0.15789492 0.07227277 0.104671 0.053172063 0.039073184 0.056588598 0.061362345 0.06708623 0.028062807 0.015008213 0.043871388 0.029818624 0.03678665 0.011000383 0.02788484 0.021887898 0.0027465024 0.016387185 0.025518661 0.010582153 0.0005095655 0.00018330036 0.00124978 0.000108855085 0.0024036623 0.00034588878 0.004062599 1.6683187e-05 0.020970266 0.016780397 5.865821e-05 6.156456e-05 0.0046881973 2.9788285e-05 0.0004451982 4.484313e-06 0.0008672268 0.0021285787 6.7671986e-06 8.0945705e-05 0.008571687 2.1771055e-05 5.7988814e-07 7.883654e-06 0.00017757271 0.00013378338 0.00022435826 0.006288782 8.686922e-05 8.929628e-06 5.457442e-06 8.1279563e-07 5.7544563e-05 1.9044542e-06 5.136728e-06 5.3078606e-05 0.00018382676 0.0019930995 0.002338327 0.00019211031 8.649962e-05 7.559416e-07 0.00023633082 1.3393932e-05 0.00014204571 0.0069000884 1.091592e-05
0.17203602 0.62602276 0.06575863 0.09526804 0.52198625 0.27792943 0.008836667 0.022452146 0.0046692407 0.011911281 0.011796084 4.8514743e-19 0.035713363 0.00804697 0.00031167897 0.7823389 0.06562344 0.30561367 0.12041074 0.005715382 0.5761308 0.00027283118 0.0017679612 0.53674424 0.00024778885 0.00023086791 8.5035135e-05 0.0004794217 0.44998562 1.1763431e-06 0.018804193 0.00037897972 0.000155393 0.01646168 0.0011610046 0.00018855579 5.8429247e-05 0.00023561296 3.2852036e-05 0.00033318836 3.1965053e-05 0.002112162 2.9446717e-05 0.43496132 0.010412113 0.00013319142 0.003751429 0.00049784145 0.114872865 0.022983553 1.0814107e-05 0.28110388 0.0043041976 0.00013147785 1.5562278e-05 2.7141575e-06 0.00011754023 1.2163354e-06 2.749732e-05 9.649297e-07 0.067278974 1.5817331e-07 0.00039813528 0.00177972 3.5463302e-07 2.8021373e-07 1.700323e-05 1.3717535e-07 9.224205e-06 2.3563112e-08 3.2370285e-06 8.585475e-06 2.7873133e-07 0.0061501777 0.0133881485 5.09165e-07 1.08674e-09 6.072563e-09 8.410489e-07 1.3592954e-06 3.2805855e-07 0.0024929966 2.0101226e-07 1.0576356e-06 5.166069e-07 5.6862643e-09 6.3975364e-08 9.754068e-09 5.350666e-08 3.4621464e-06 1.9247753e-07 4.203659e-05 0.020400072 1.464164e-06 2.6989557e-07 6.230351e-09 8.718364e-08 3.5143774e-08 4.873865e-07 0.008492662 2.0278723e-08
0.7799347 0.13176037 0.115730144 0.2862271 0.034424838 0.44944766 0.23611897 0.023441652 0.2551816 0.57047963 0.7176742 0.035713363 3.156773e-17 0.0268171 0.06500406 0.013363057 0.5854034 0.33673477 0.39032054 0.5114496 0.121573955 0.29131532 0.41765136 0.032643776 0.10563588 0.045835845 0.026634252 0.09264481 0.0058179456 0.0014256325 0.30705628 0.13077536 0.047783364 0.15780354 0.084719256 0.05798578 0.038855266 0.024184577 0.01444428 0.019288661 0.011918634 0.026185192 0.009210907 0.028638376 0.09660762 0.0055869212 0.054917723 0.005341408 0.13021047 0.06266459 0.00040737804 0.056457777 0.056414563 0.0063914875 7.7136094e-05 1.4947697e-05 0.00020273137 6.34352e-06 0.0025946386 8.384858e-06 0.013150412 5.326694e-07 0.032714516 0.027102273 3.4441264e-06 5.135564e-07 0.00011930699 4.93254e-07 3.9328526e-05 1.2686247e-07 0.00040472546 3.776392e-05 5.1205456e-07 0.0010093873 0.035224244 5.0362e-07 6.808774e-09 3.4648596e-07 3.133046e-06 1.3059608e-06 1.1527054e-06 0.009436777 8.5535254e-07 1.0507498e-06 3.5327804e-07 9.019799e-09 1.0055724e-06 2.7405207e-08 3.2179265e-08 0.00013432262 4.7255185e-06 0.0030053186 0.008913229 8.338687e-06 1.1077167e-05 6.9491595e-09 4.684655e-06 1.5888987e-06 3.0534113e-06 0.012165067 6.082312e-07
0.00013276405 0.061757095 0.3571179 0.07667222 0.026374035 0.051476702 0.073588505 0.2959872 0.108335726 0.043159127 0.025543917 0.00804697 0.0268171 1.846421e-18 0.07798431 0.0017475222 0.007461461 0.0059335595 0.0045706723 0.0031485246 0.0045623113 0.00083929463 0.00081592513 0.004030601 0.0011867781 0.009219405 0.016278487 0.0006358517 0.0049792905 0.33543965 0.002210816 0.0004702143 0.0013129554 0.00037197894 0.00048892637 0.00020552722 8.459778e-05 0.00013040914 0.00018626258 6.702333e-05 6.0169747e-05 0.0010871338 4.2757656e-05 0.0067559504 0.0005668101 0.000103269216 0.0005201942 7.2636045e-05 0.0021797807 0.0010672831 8.751774e-07 0.011842636 0.00041026747 3.8586903e-05 1.1050868e-06 9.3395397e-07 3.6728343e-05 2.1839286e-07 1.0544455e-05 6.6338357e-06 0.00023539599 1.4412258e-07 1.6223483e-05 0.00016273929 1.2216037e-08 1.7585393e-06 1.387283e-05 2.7944804e-09 1.3482211e-06 3.600593e-09 7.8181e-07 4.939024e-06 2.9206873e-08 0.0019104453 0.002971752 7.7034707e-07 3.4491636e-09 2.3105157e-08 3.8677197e-07 2.6262949e-06 1.9763389e-05 0.00027186988 1.1811628e-07 2.5917262e-07 5.0119513e-07 1.428679e-08 5.982549e-08 1.24791e-07 1.126166e-06 0.16000344 1.0162813e-06 1.0403897e-06 0.0054737185 3.84001e-06 1.17696075e-07 6.533687e-09 1.1456064e-05 7.008868e-07 6.7326823e-06 0.00018160802 1.8487343e-09
0.000952451 0.0032641084 0.054243967 0.030674 0.00092629937 0.01993208 0.09962638 0.012962681 0.35293153 0.10468647 0.12364241 0.00031167897 0.06500406 0.07798431 2.6193727e-18 4.9505426e-05 0.019570082 0.0024355298 0.0030536095 0.023886502 0.00028710556 0.040370982 0.020488061 0.00019942489 0.055348147 0.19511834 0.54497457 0.044637468 0.00018860382 0.07120009 0.0063754222 0.046195097 0.08463454 0.0011481276 0.005483604 0.010956739 0.004743646 0.0069594705 0.006090625 0.008478791 0.00075052655 0.004200782 0.0006019977 0.00021900053 0.000503935 0.010926677 0.0010844037 0.0006305982 0.0011859675 0.0008566955 3.7184862e-05 0.0013313694 0.00064527325 0.00026730905 0.00011122215 0.00010805783 0.00010559455 2.9226341e-05 0.00015501409 9.156452e-05 0.00013155134 1.9291732e-05 0.0022503089 0.0025725595 5.198874e-06 1.7482078e-05 0.00023011811 6.1118826e-06 5.0865296e-05 4.995624e-06 1.5839008e-05 5.0445014e-05 2.72411e-06 2.6852791e-05 0.048602674 1.9397855e-06 4.8295675e-07 6.4571617e-07 2.1292566e-05 2.2821596e-05 0.00031882568 0.008769317 4.6574905e-06 3.8619314e-06 2.3690375e-06 7.1339696e-07 2.4377744e-06 4.7620568e-07 1.0387757e-06 0.00048543877 1.4045223e-05 0.0003531524 7.847622e-05 1.2899762e-05 2.7425442e-06 1.5521488e-07 9.513343e-05 1.7692512e-06 4.024975e-06 0.02758263 2.2269805e-06
0.065721 0.35532475 0.024440626 0.028643375 0.29629925 0.058832984 0.0032678803 0.011440389 0.0012617956 0.0050237286 0.00474455 0.7823389 0.013363057 0.0017475222 4.9505426e-05 1.402669e-19 0.019498738 0.15483928 0.05210136 0.0020875246 0.47956094 8.63045e-05 0.00072100415 0.58182883 0.00011116054 2.6465083e-05 1.225988e-05 3.1946616e-05 0.7008158 6.6381894e-08 0.007896077 0.00013993835 5.9030467e-06 0.0055883466 0.00024790535 3.5098645e-05 3.3363478e-06 2.0479243e-05 4.4702138e-06 3.4452303e-06 3.229209e-06 0.00052743097 3.8263415e-06 0.38237002 0.003739115 1.522224e-06 0.0012596865 2.627704e-05 0.026867088 0.010467758 4.7985003e-07 0.17117698 0.0010001054 7.6155425e-06 5.832486e-07 1.3963138e-07 4.06722e-06 4.519449e-08 1.5751466e-06 2.0078713e-07 0.049851887 1.6556916e-08 2.310777e-05 0.00044736543 2.2677762e-08 2.8486582e-08 4.6928488e-07 9.1178745e-09 4.1412392e-07 2.588626e-09 1.1487013e-07 7.6525595e-07 1.5465156e-08 0.034685217 0.004516016 1.5545242e-08 6.100422e-10 3.2284234e-10 6.5456405e-08 8.8819974e-08 3.1651258e-08 0.00048067604 2.7160784e-08 8.322058e-08 2.3373769e-08 7.103713e-10 1.2066394e-08 1.8950463e-09 5.607628e-09 1.9890301e-07 2.886765e-08 9.355859e-06 0.02460981 6.461267e-08 1.3125258e-08 7.129436e-10 2.4332087e-09 1.4151207e-09 1.3651363e-08 0.0034541986 1.1566567e-09
0.8860727 0.19022414 0.048067793 0.18535987 0.051513985 0.39318687 0.098827355 0.009496167 0.10955125 0.27600306 0.385745 0.06562344 0.5854034 0.007461461 0.019570082 0.019498738 7.616887e-17 0.56830615 0.7413254 0.53887725 0.3343718 0.16207626 0.39321777 0.08729356 0.05069303 0.018777244 0.005539551 0.037514064 0.0076580355 9.0998765e-05 0.5547935 0.08962913 0.0063377614 0.45258033 0.23866431 0.0903625 0.036163617 0.016351685 0.006969031 0.00544208 0.010252663 0.14204124 0.010310539 0.048450626 0.26573667 0.00065405486 0.21157382 0.05257645 0.41189855 0.3372516 0.0017650676 0.09802405 0.22893575 0.023753576 6.4472e-05 1.8764353e-05 0.0003086141 6.647806e-06 0.00618159 2.0018115e-06 0.06714455 5.3829183e-07 0.086117856 0.17412676 4.871577e-06 7.6761756e-07 1.3731031e-05 9.468476e-07 7.820688e-05 1.6951628e-07 0.0017533432 6.2367985e-06 2.1998004e-07 0.00010463391 0.17237432 6.813367e-07 1.8605395e-08 1.824999e-08 3.2128976e-06 1.1498188e-06 4.112581e-06 0.11204323 3.225548e-07 7.043631e-07 3.1066625e-07 2.6548463e-08 5.8317903e-07 6.78025e-09 3.1730625e-08 1.5318086e-05 6.339985e-07 0.010828495 0.009303267 1.3490159e-06 9.427979e-06 2.9366056e-09 2.2408688e-06 1.5700691e-07 4.909572e-07 0.05745587 2.1333155e-07
0.8874232 0.2713222 0.044653006 0.15929969 0.10031515 0.33403143 0.04664737 0.011803595 0.030101271 0.098924525 0.15752544 0.30561367 0.33673477 0.0059335595 0.0024355298 0.15483928 0.56830615 2.5944842e-16 0.84478146 0.1284425 0.6487199 0.019364638 0.02826551 0.38534462 0.007860393 0.001467287 0.00040099875 0.0034920159 0.10225482 2.7636434e-06 0.5234713 0.0076968744 0.0002907174 0.3790504 0.041814398 0.009185661 0.0034704064 0.001720047 0.00043717813 0.00090197485 0.00093625265 0.030663148 0.0016271208 0.24135806 0.21372527 8.6666005e-05 0.056565776 0.00900644 0.5702683 0.48301154 0.00012154194 0.25419012 0.109980494 0.0039008295 4.43058e-05 3.3113029e-06 0.00015862098 5.333218e-06 0.0010407704 2.1132398e-06 0.32379502 4.1597912e-07 0.015890224 0.054013245 6.8451664e-06 8.355343e-07 8.471828e-06 1.6162305e-06 3.8294795e-05 3.2376042e-07 0.00058997405 7.8465855e-06 1.1665867e-06 0.011961506 0.17393807 9.105397e-07 3.236695e-08 8.672321e-09 3.0345739e-06 1.713859e-06 8.1227845e-06 0.073320776 5.948083e-07 7.3357097e-07 4.6538293e-07 5.7608055e-08 6.024387e-07 2.2951339e-08 6.675633e-08 2.072294e-05 1.0286504e-06 0.0036530283 0.015178378 2.160519e-06 9.5052765e-06 7.126965e-09 2.056637e-06 1.4651675e-07 1.1626472e-06 0.06394794 3.3944295e-07
0.83225465 0.19336197 0.026893826 0.12588476 0.06517985 0.39671385 0.051557392 0.0054786387 0.041374333 0.16070463 0.2495645 0.12041074 0.39032054 0.0045706723 0.0030536095 0.05210136 0.7413254 0.84478146 1.0287526e-15 0.292223 0.4824715 0.044219665 0.16138294 0.2184455 0.021210406 0.005001552 0.0013394385 0.02150077 0.030080633 2.0578838e-05 0.60099906 0.0316376 0.0030878119 0.47736368 0.1923938 0.045285854 0.023981353 0.015766421 0.004642409 0.0061435774 0.0084819775 0.15664916 0.0118958205 0.10049387 0.2803333 0.000990578 0.17939086 0.06846383 0.46061578 0.42376232 0.0030703915 0.14561647 0.20847365 0.027561937 0.00031707005 6.572636e-05 0.0013393575 9.876325e-05 0.0051441453 5.0824758e-05 0.2117493 7.790595e-06 0.0553275 0.19872773 1.6436134e-05 1.4116877e-05 0.00015763295 1.4280736e-05 0.00042574783 3.4197822e-06 0.0022159524 6.139424e-05 2.3319933e-06 0.0009821894 0.1819726 2.1427277e-05 5.070899e-07 7.160993e-08 2.9918338e-05 3.32612e-05 7.298232e-05 0.17859985 6.3125613e-06 3.227334e-06 2.1719804e-06 7.496534e-07 4.3527666e-06 2.5228775e-07 2.3438033e-06 3.3087603e-05 6.0860457e-06 0.0126570705 0.0066580186 1.0780591e-05 6.954756e-05 6.544629e-08 9.117697e-06 1.0776237e-06 1.092595e-05 0.06905187 6.2674434e-07
0.61703014 0.016736295 0.018929679 0.034092482 0.009040956 0.08127477 0.034330755 0.0034621535 0.04640208 0.14487101 0.29674056 0.005715382 0.5114496 0.0031485246 0.023886502 0.0020875246 0.53887725 0.1284425 0.292223 7.248872e-16 0.038603894 0.19689372 0.8790597 0.0144698685 0.112388745 0.028528387 0.017148802 0.07828332 0.0010964426 0.00020451286 0.2971437 0.32651252 0.024111476 0.2279438 0.22980502 0.14287794 0.17965494 0.03329562 0.035397723 0.020437067 0.06431411 0.10864985 0.06541055 0.0066498867 0.12002286 0.005451404 0.14834109 0.050464425 0.062239967 0.07943807 0.01210389 0.012381228 0.1171613 0.044252075 0.0003850245 0.00024583613 0.0041905767 4.7583933e-05 0.012289651 8.3607076e-05 0.008405395 1.8091476e-05 0.09402892 0.08904277 4.1423453e-05 1.7096563e-05 0.00016137956 2.9266226e-05 0.00064958265 1.2334668e-05 0.0038175324 3.852248e-05 6.3337216e-06 0.0001287337 0.03144532 2.1496702e-05 5.8439946e-07 6.7062837e-07 0.0001801877 5.03318e-05 6.6043563e-06 0.014912735 3.1570966e-05 4.083524e-06 2.72961e-06 6.4436404e-07 4.4822973e-05 2.7909732e-07 8.258969e-07 1.4666091e-05 1.1374634e-05 0.012407787 0.0017197469 7.323467e-06 0.00010075643 1.836411e-07 6.3116286e-06 5.246917e-07 1.9222318e-06 0.015970074 2.028114e-06
0.81704175 0.30370548 0.028592244 0.06495472 0.13904542 0.22311226 0.012261174 0.00993273 0.009449949 0.0314406 0.038259976 0.5761308 0.121573955 0.0045623113 0.00028710556 0.47956094 0.3343718 0.6487199 0.4824715 0.038603894 1.245859e-16 0.0050137993 0.015369933 0.75565374 0.004030105 0.0006219844 0.00035858498 0.0019078618 0.33444926 3.1182e-07 0.22711489 0.003273053 0.00071755715 0.2393408 0.010783286 0.0032084382 0.0010422802 0.0012940516 0.00031033685 0.00087801693 0.0005741583 0.014705293 0.00055071694 0.57095283 0.09018498 0.000751315 0.023544496 0.0044290954 0.58359313 0.4481193 2.0983218e-05 0.47276053 0.040748607 0.00084076065 7.781244e-05 3.3511249e-06 6.3141844e-05 2.1051044e-05 0.0002639676 6.890615e-06 0.5994431 1.7018552e-06 0.0036864346 0.026136499 1.1775946e-06 3.513771e-06 0.0001013551 1.2836016e-06 5.981682e-06 3.58448e-07 4.1852065e-05 9.312601e-05 7.0226844e-07 0.006250604 0.13508007 1.176074e-06 1.8608563e-07 5.3594192e-08 8.778482e-07 3.3526303e-06 1.7082548e-05 0.04457635 1.7871156e-07 2.6020898e-06 1.4034664e-06 3.0834624e-07 3.5995512e-08 2.308582e-08 7.7487e-08 3.6373792e-06 1.046688e-05 0.00310845 0.0073944195 5.016642e-05 1.804878e-06 4.6143924e-08 1.966732e-06 8.3353183e-07 5.2781492e-05 0.10937089 1.5639377e-07
0.0980503 0.0027822407 0.006008302 0.0072666425 0.0005023482 0.012965351 0.0145724155 0.00086044555 0.035872962 0.06576083 0.18547177 0.00027283118 0.29131532 0.00083929463 0.040370982 8.63045e-05 0.16207626 0.019364638 0.044219665 0.19689372 0.0050137993 1.695438e-18 0.3884386 0.001394715 0.71738803 0.09583666 0.055106096 0.38396543 0.00015973384 0.0005021702 0.10623047 0.51066697 0.088024065 0.06863269 0.10888383 0.16920936 0.21361746 0.06729904 0.117143594 0.04046821 0.18727997 0.054428414 0.15503506 0.0037928233 0.023895824 0.028199753 0.0452884 0.023799617 0.006987729 0.016697705 0.013053632 0.0052794633 0.024480568 0.03931381 0.00032317877 0.00028206926 0.007107689 2.3061624e-05 0.02242844 0.00012135848 0.0014859386 1.0799462e-05 0.0613299 0.027415229 7.4797986e-06 1.4468543e-05 0.00012747767 3.370654e-06 0.001414673 2.0889383e-06 0.0029283883 3.889711e-05 3.0282715e-06 6.573328e-06 0.005608999 1.882411e-05 1.326564e-07 8.80145e-07 8.532855e-05 1.4783784e-05 4.7577064e-06 0.0072548436 9.840049e-06 4.4611093e-06 1.8751642e-06 7.557013e-08 2.09895e-05 1.869815e-07 4.2753047e-07 6.521477e-06 7.1246996e-06 0.006569192 0.00017801764 8.13293e-06 0.0001511283 8.084837e-08 3.4118405e-06 2.5626205e-06 2.5100178e-06 0.0046391445 1.0098441e-06
0.289685 0.011963399 0.0062111514 0.023804415 0.0054991264 0.05861376 0.025732879 0.0016594415 0.060491625 0.13487133 0.3616168 0.0017679612 0.41765136 0.00081592513 0.020488061 0.00072100415 0.39321777 0.02826551 0.16138294 0.8790597 0.015369933 0.3884386 1.6890923e-18 0.005565572 0.23638487 0.08021892 0.018568821 0.24109179 0.00024048834 0.0002592012 0.15755972 0.7486169 0.0393924 0.22295183 0.3351618 0.2510576 0.32840067 0.1055414 0.06987151 0.06968899 0.2455352 0.13170114 0.16821432 0.004746198 0.06824737 0.012921161 0.11600785 0.054970436 0.0180136 0.050222147 0.04236618 0.0060697678 0.06525486 0.16817996 0.0013110166 0.0011099126 0.011301589 0.00031391025 0.020996988 0.0006809012 0.0029986438 0.00017821911 0.08879136 0.07808553 0.00020441126 0.00015601993 0.00046387513 0.00015459377 0.0034171713 5.7960446e-05 0.006690417 0.00012183962 2.5213863e-05 5.8933358e-05 0.010991522 0.00022733523 5.7912516e-06 1.9531694e-06 0.0010416079 0.0005073669 6.1284794e-05 0.011310792 0.00041403505 1.2693582e-05 5.2420837e-06 6.782181e-06 0.00055933907 4.065769e-06 2.6032676e-05 1.4851068e-06 3.3945467e-05 0.009267934 0.0004448574 2.1125456e-05 0.0004509788 2.7526746e-06 5.0585422e-06 9.28162e-07 1.0679581e-05 0.005454935 2.644607e-06
0.32694185 0.30993605 0.02440843 0.044757113 0.17301828 0.15013815 0.0067674997 0.009234012 0.0036740275 0.014185896 0.015896317 0.53674424 0.032643776 0.004030601 0.00019942489 0.58182883 0.08729356 0.38534462 0.2184455 0.0144698685 0.75565374 0.001394715 0.005565572 1.0939563e-17 0.0007898939 7.0340066e-05 8.839245e-05 0.0003136299 0.7423954 5.598345e-08 0.03519609 0.0006682742 6.370277e-05 0.026041778 0.0017535589 0.0003901317 5.4015138e-05 0.00011990458 1.8062443e-05 4.5692257e-05 2.7160437e-05 0.0023346848 2.9239889e-05 0.7413373 0.014321784 0.00011573603 0.004174345 0.00039978026 0.16712849 0.099174894 5.223741e-07 0.43837494 0.004906123 1.9729228e-05 3.5098728e-06 1.124264e-07 1.6158515e-06 1.2730782e-06 2.0168272e-06 5.33232e-07 0.29596028 7.477295e-08 0.0004740204 0.0018214817 8.86164e-08 1.5760114e-07 1.1348153e-05 7.0129694e-08 3.6244197e-07 1.3394779e-08 1.3330158e-06 3.4580236e-05 2.6247776e-08 0.014080597 0.028570065 3.722188e-08 9.922178e-09 1.7447109e-08 5.973302e-08 1.9347112e-07 2.7840283e-06 0.0037723773 1.545808e-08 9.2127647e-07 5.422251e-07 8.27192e-09 4.2125636e-09 5.7719665e-09 6.7079085e-09 1.5325867e-06 1.8500317e-06 0.00020227657 0.009409503 9.797089e-06 1.4026989e-07 6.087325e-09 2.2264547e-07 8.847488e-08 2.7679612e-06 0.019524448 3.4495336e-08
0.040204234 0.0025237415 0.004368889 0.0059977514 0.0004994719 0.011675818 0.012480261 0.0011155274 0.042781718 0.045462314 0.17878042 0.00024778885 0.10563588 0.0011867781 0.055348147 0.00011116054 0.05069303 0.007860393 0.021210406 0.112388745 0.004030105 0.71738803 0.23638487 0.0007898939 1.2370208e-18 0.19919899 0.086980455 0.6990729 4.376728e-05 0.0010577936 0.03607623 0.36394536 0.14156376 0.028270954 0.056112073 0.118926734 0.14803576 0.17271811 0.20098335 0.14397699 0.22096607 0.033731762 0.12150612 0.0017346934 0.00829917 0.07725207 0.016956111 0.010124005 0.0022639236 0.005974317 0.027862499 0.0016238414 0.007288623 0.04715828 0.001956447 0.0017288347 0.018757025 0.00028489274 0.01739384 0.00081510347 0.00072361174 0.00023674568 0.028751863 0.008565509 0.00012415682 0.00032553647 0.0014451802 6.686009e-05 0.004787546 4.214831e-05 0.004962864 0.00048213117 4.903555e-05 1.2615078e-05 0.0010092926 0.0002055582 5.212571e-06 4.2830303e-05 0.0011783856 0.0002552676 0.00012478406 0.002407915 0.00022331503 5.9472663e-05 3.0179861e-05 1.0861828e-05 0.00035420543 5.9795148e-06 2.238659e-05 1.5990814e-05 0.00012719593 0.0045758565 0.00011096576 0.00011361922 0.0009182901 7.2400453e-06 5.8293663e-05 1.3339093e-05 3.0152043e-05 0.0016729671 2.6485535e-05
0.003091995 0.0031686327 0.00991343 0.0064862473 0.00046778895 0.014469283 0.01833868 0.0028602893 0.131891 0.06640815 0.17966104 0.00023086791 0.045835845 0.009219405 0.19511834 2.6465083e-05 0.018777244 0.001467287 0.005001552 0.028528387 0.0006219844 0.09583666 0.08021892 7.0340066e-05 0.19919899 2.6100426e-21 0.56154233 0.4178315 0.00010409327 0.014799562 0.0041503687 0.06173967 0.5367712 0.001578586 0.012256293 0.020184377 0.043411132 0.12567842 0.08854961 0.20783558 0.04218395 0.009696857 0.022389004 0.0008671594 0.000975834 0.15365992 0.0039382256 0.0036698622 0.0017702321 0.0006679817 0.0005476163 0.0028458291 0.0018982447 0.005269848 0.0026597707 0.0005187881 0.00070552225 0.00029390035 0.0016077738 0.0004898173 2.3102899e-05 0.00010132282 0.0038495108 0.0019175287 9.3446186e-05 5.8124962e-05 0.011023818 6.196676e-05 0.00020974444 3.7216723e-05 0.00053977675 0.0024751355 8.80637e-05 2.0796033e-05 0.0006912239 2.5165742e-05 6.0750626e-06 5.130679e-05 7.085863e-05 0.00016609566 0.009696469 0.0006609961 2.3589859e-05 6.5355394e-05 3.1292104e-05 4.0463474e-06 1.0743007e-05 1.1790459e-05 2.2753662e-05 0.0001360525 0.00030433727 0.0005877743 9.907527e-06 0.000161063 3.6457193e-05 3.086912e-06 0.0020159965 2.101093e-05 6.457722e-05 0.00059264735 1.1638504e-05
0.0017353155 0.001003931 0.0097903125 0.006871955 0.00026630168 0.009391663 0.03305479 0.0014925433 0.21842864 0.05261641 0.122520804 8.5035135e-05 0.026634252 0.016278487 0.54497457 1.225988e-05 0.005539551 0.00040099875 0.0013394385 0.017148802 0.00035858498 0.055106096 0.018568821 8.839245e-05 0.086980455 0.56154233 3.4883923e-19 0.13631766 4.763429e-05 0.049623705 0.0011420761 0.05847952 0.38969922 0.00063976774 0.0047712494 0.011656132 0.009930187 0.037459474 0.027890066 0.0512998 0.0155681735 0.0044501186 0.008379575 0.00036796654 0.00018839439 0.12056862 0.0010532934 0.002862654 0.0006882537 0.00026090475 0.00031842792 0.0011747631 0.00048029068 0.0020019205 0.0011048925 0.0004724244 0.0013686835 0.00016533755 0.0009781228 0.00069929345 1.7922e-05 6.54467e-05 0.002464057 0.003220825 6.57917e-05 0.00024156892 0.00719447 4.4858807e-05 0.00053025177 4.0836894e-05 0.00021304419 0.0008096146 5.1043196e-05 5.169238e-05 0.009113347 5.879756e-05 4.1389785e-06 3.3492637e-05 0.0004174211 0.00023334882 0.009797215 0.0035734018 0.00012188529 6.319178e-05 7.231175e-05 1.3400229e-05 8.9187044e-05 3.0410272e-05 4.3908927e-05 0.0014879018 0.00021491812 0.00069723214 4.8088124e-05 0.0001594874 4.8165046e-05 5.8475034e-06 0.003197202 6.7388464e-05 4.2896194e-05 0.00867869 4.593518e-05
0.0240778 0.004584916 0.0062242765 0.0063693267 0.00068707915 0.011491667 0.01618397 0.0011593539 0.064050935 0.055216923 0.28233168 0.0004794217 0.09264481 0.0006358517 0.044637468 3.1946616e-05 0.037514064 0.0034920159 0.02150077 0.07828332 0.0019078618 0.38396543 0.24109179 0.0003136299 0.6990729 0.4178315 0.13631766 3.998254e-20 0.00011169899 0.001582275 0.012557261 0.17538014 0.49649537 0.010108714 0.03312105 0.047925793 0.18832225 0.4808325 0.431809 0.5285984 0.3549924 0.021932865 0.14777392 0.0011343333 0.0037677733 0.17203481 0.009633111 0.008185521 0.0019614976 0.0030752986 0.025179818 0.0018636574 0.0059894626 0.027770286 0.0124963345 0.005010377 0.016265847 0.0013717982 0.016123967 0.0034663824 0.00014506104 0.0011735436 0.025160143 0.00593911 0.0008149255 0.00093759375 0.007612374 0.000647318 0.004125397 0.00044635008 0.006389964 0.0016143883 0.0005453252 5.8706196e-06 0.00085350784 0.0003946002 6.009216e-05 0.00018974401 0.0006960751 0.00050022814 0.003317995 0.0011732873 0.00042275077 0.00032363986 0.00016891575 5.7480338e-05 0.00019910125 2.1716209e-05 7.415962e-05 6.211246e-06 0.00052853144 0.004587111 4.835261e-06 0.00021681085 0.00048207695 1.610454e-05 0.00043875858 1.0872834e-05 4.990222e-05 0.00066474517 2.3440078e-05
0.65820473 0.2521206 0.032608166 0.03770168 0.26929834 0.04805591 0.004218609 0.020657245 0.0019656492 0.0037076154 0.00246319 0.44998562 0.0058179456 0.0049792905 0.00018860382 0.7008158 0.0076580355 0.10225482 0.030080633 0.0010964426 0.33444926 0.00015973384 0.00024048834 0.7423954 4.376728e-05 0.00010409327 4.763429e-05 0.00011169899 1.4217964e-15 1.7590348e-07 0.0038013023 0.000100021156 9.558364e-06 0.0020489413 0.0001807691 7.7052944e-05 2.058121e-05 2.3891682e-05 3.6673234e-06 5.062924e-06 5.7188868e-06 0.00028559024 6.159654e-06 0.7179405 0.001687895 4.582297e-06 0.0006340624 1.5303267e-05 0.027923739 0.0044503245 5.450403e-07 0.52266854 0.00037128024 2.0248783e-05 2.5651596e-07 2.2652948e-08 2.8587837e-07 9.5192325e-09 2.1061676e-06 1.9737085e-08 0.13250944 5.5193112e-09 1.3707284e-05 6.3631065e-05 1.3625149e-07 8.359487e-09 4.0427773e-07 3.4186356e-09 1.216648e-07 2.1706974e-09 5.2816457e-08 1.0416804e-06 3.4152944e-08 0.18360746 0.0069071795 2.1082944e-09 4.705758e-10 5.0364064e-09 1.9619494e-08 1.0776421e-08 3.2251666e-07 0.00014812891 1.0015287e-08 3.8868123e-08 1.097736e-08 7.362767e-10 7.357562e-09 7.3984247e-10 6.368955e-10 0.00013787238 4.3526914e-08 3.2523453e-06 0.27606192 2.9653904e-07 4.5173076e-10 1.8754949e-10 3.5742993e-08 5.221634e-09 1.6058598e-08 0.009776696 2.4096994e-10
6.0432067e-06 0.00050912425 0.014350632 0.0036143914 6.748538e-05 0.001964655 0.008435445 0.005552933 0.026928801 0.010697462 0.011778716 1.1763431e-06 0.0014256325 0.33543965 0.07120009 6.6381894e-08 9.0998765e-05 2.7636434e-06 2.0578838e-05 0.00020451286 3.1182e-07 0.0005021702 0.0002592012 5.598345e-08 0.0010577936 0.014799562 0.049623705 0.001582275 1.7590348e-07 4.7594074e-23 0.0001952514 0.00032776664 0.0045088124 7.660523e-06 0.00028113092 0.0004188573 3.285476e-05 8.7468674e-05 3.6083246e-05 5.6930807e-05 1.5133462e-05 0.00058837835 3.7071204e-05 2.1643586e-06 0.00022938935 0.00024397885 0.0006648479 0.00026410434 8.037394e-05 3.6510985e-05 1.6919279e-07 0.0005146557 0.0022958524 3.394446e-05 1.57517e-07 7.145303e-08 2.079033e-06 5.3881287e-08 2.2471295e-05 9.917675e-07 1.0657314e-08 6.6133936e-08 0.010848697 0.004034143 2.2211866e-09 9.816035e-08 4.8886362e-05 9.2895325e-10 3.434493e-08 6.638751e-10 4.307705e-06 3.3375186e-06 1.6851098e-09 1.908911e-06 0.0020700789 3.890009e-08 6.705781e-10 8.43494e-09 9.7155395e-09 5.3295317e-08 0.00026302706 0.00043500218 1.917659e-09 2.3303922e-08 1.3025799e-08 4.9278215e-10 1.5757452e-09 1.5259587e-07 1.0033838e-07 0.0022008016 1.3018944e-06 0.00020487809 1.1102185e-06 1.5262551e-06 1.4856932e-08 1.5763773e-08 1.0297532e-05 4.1830532e-08 8.8902897e-07 0.00010584509 6.703079e-11
0.8964439 0.0781969 0.012943089 0.06814283 0.01652321 0.19283558 0.030995833 0.0020584068 0.0376237 0.11319568 0.21120901 0.018804193 0.30705628 0.002210816 0.0063754222 0.007896077 0.5547935 0.5234713 0.60099906 0.2971437 0.22711489 0.10623047 0.15755972 0.03519609 0.03607623 0.0041503687 0.0011420761 0.012557261 0.0038013023 0.0001952514 3.6410429e-16 0.08068075 0.0010936819 0.744058 0.3446898 0.11480248 0.03256854 0.009352581 0.004225468 0.0034062502 0.011208662 0.23559241 0.015041571 0.029254677 0.46154058 0.00024896773 0.38985515 0.123644866 0.43280762 0.46148324 0.0028742198 0.061553888 0.36629105 0.04827916 0.00010793537 2.542558e-05 0.00071312935 2.4367482e-05 0.00702695 1.9849846e-05 0.07382605 3.2633252e-06 0.14769015 0.29699105 1.3434242e-05 3.8200997e-06 2.5498355e-05 6.2710806e-06 0.00017477018 1.5829368e-06 0.003975986 1.379011e-05 2.2895179e-06 9.927109e-05 0.22163157 3.3282122e-06 1.2930751e-07 1.8551711e-08 8.921558e-06 4.498577e-06 3.7571695e-05 0.17303333 1.6838595e-06 1.7679746e-06 1.5167466e-06 2.3439185e-07 1.2684125e-06 2.3785226e-08 1.9183723e-07 3.183142e-05 1.5235312e-06 0.031265277 0.011205515 3.1621423e-06 3.01942e-05 6.949597e-09 9.2665105e-06 5.079869e-07 1.3121892e-06 0.08660971 5.4002567e-07
