3.0576792e-31 0.00012706112 2.9060093e-06 6.057397e-09 2.7711332e-08 0.0049416465 0.00022759079 0.19430208 0.0001331871 0.04587665 1.48362025e-08 0.42569312 0.37566876 0.04997627 0.23888743 0.24840395 3.4232295e-09 0.47921747 0.3809417 0.71911156 0.66277426 0.86241186 0.5598497 0.13521157 0.7078587 0.07971547 0.00051330845 0.9841148 0.32032 0.03936262 0.0048796497 0.0003924936 0.9669183 0.9802282 0.5395707 0.0046660043 6.438095e-05 2.7965266e-10 0.4245532 0.49840167 0.05838015 4.311702e-05 0.0016101929 0.26013276 0.28312403 0.8814947 0.0008199611 0.83894557 1.9740895e-11 0.13402325 0.8785727 0.9861279 0.74531054 0.0088889 0.94983965 0.0008412331 0.99754065 0.9665247 0.6770884 0.7817572 0.7866712 0.687036 0.09952349 0.083251 0.026228542 0.97757864 0.15963995 0.8694441 0.121130444 7.395481e-05 0.04555245 0.923836 0.9473187 0.9991267 0.99124146 1.4702269e-10 0.9809322 0.040978603 0.00012556069 0.9984794 0.9997617 0.36485606 0.6847014 0.042476416 0.14230166 0.46408483 9.848924e-09 0.020357704 0.0017574262 0.002677757 1.2124931e-05 0.7424381 0.21935713 0.8800946 0.88138574 0.0035164114 2.4520518e-11 0.10582456 0.118263565 0.97114795 0.28638938
0.00012706112 5.3226084e-21 0.31212285 0.07063672 0.14560726 0.22334638 0.013348887 0.065625004 0.006049201 0.009613154 0.040817678 0.0030041737 0.0030250056 0.10173334 0.001034147 0.00050454953 0.09577914 0.014701999 5.8915146e-05 0.0005566276 6.9392195e-07 1.3982102e-05 0.036961723 1.616862e-05 0.047410212 1.8013081e-06 0.00079604017 0.0036109823 1.1612736e-07 2.1217371e-08 1.526194e-06 2.5901586e-06 7.294335e-05 0.00028632273 2.2211167e-07 1.0045788e-07 3.3511038e-05 3.2715532e-05 1.8582992e-07 1.4769253e-07 3.3440916e-08 2.0887241e-07 6.043183e-08 7.853704e-08 3.339757e-08 3.151222e-05 1.1190504e-07 6.9967236e-08 1.8563684e-05 3.4560934e-08 0.1340903 0.001531502 1.1014258e-07 1.4270749e-08 6.2726116e-08 4.598356e-09 9.391804e-06 3.288081e-07 2.8228424e-08 4.2866377e-09 1.5186896e-07 1.36579255e-08 3.7570795e-09 3.7280623e-09 1.4127482e-08 2.5727322e-05 1.0446898e-08 4.4200712e-07 1.2186336e-09 9.455319e-09 9.686115e-10 7.0103354e-08 0.07755361 0.00039702153 0.060317334 3.9905365e-07 0.18543041 3.029242e-08 5.5620617e-08 2.4391954e-06 2.2415408e-05 1.0810842e-08 3.2181552e-07 7.292804e-09 1.5332285e-08 3.2561218e-10 1.022629e-08 2.9425227e-08 4.735014e-08 3.0764465e-08 3.8416287e-10 1.6655834e-08 3.4387075e-08 3.1488577e-07 5.0132507e-09 4.4308495e-09 9.4797986e-05 1.0323317e-08 3.214287e-09 0.00010668023 3.708154e-10
2.9060093e-06 0.31212285 1.1145995e-20 0.059063293 0.17207591 0.013259556 0.00012551974 0.015592466 1.4988379e-05 0.00023254353 0.00013790671 0.0009614296 0.00040808186 0.064465486 0.00041322646 0.0001493555 0.0028750708 0.008970749 1.8555544e-05 0.00028630524 1.2482903e-06 1.6180744e-05 0.04762992 7.5752614e-06 0.03231163 1.7838029e-06 1.4759061e-05 0.0042943824 2.5894647e-06 2.248068e-07 1.1416479e-06 2.6638511e-07 7.9662794e-05 0.00039558663 8.777184e-07 2.3224086e-07 1.1513945e-06 2.7146232e-06 9.695557e-07 7.9212634e-07 1.0185869e-06 2.7656153e-08 5.2227417e-08 4.901872e-07 3.6837014e-07 2.5612973e-05 4.603132e-08 5.8577706e-07 2.8032758e-07 1.3065562e-06 0.047984228 0.00058682164 1.3121029e-06 4.2307053e-07 4.742668e-07 2.0404507e-08 6.723571e-06 2.5651314e-06 9.695631e-07 1.6464215e-07 8.8824045e-06 5.092723e-07 8.730101e-07 6.579233e-07 5.217403e-07 7.8322126e-05 1.5131619e-06 1.0840242e-05 6.7546216e-07 3.505218e-09 3.649479e-07 1.6450127e-06 0.014110472 0.00016403227 0.007836527 1.15064424e-07 0.051659502 3.4011893e-07 3.8965513e-08 7.345816e-06 1.1772281e-05 4.342298e-06 2.0084555e-05 1.1721527e-06 1.933764e-06 1.5900605e-07 2.5593636e-07 2.953903e-07 3.2609794e-08 2.113973e-08 1.0416754e-08 1.0981415e-06 2.281647e-06 5.3967015e-06 1.5733669e-07 7.0293886e-08 2.4913697e-05 1.4614186e-06 2.4800005e-07 0.00017878394 1.3667548e-07
6.057397e-09 0.07063672 0.059063293 5.2516326e-22 0.5130104 9.7079275e-05 1.2751099e-06 0.0054139686 5.549417e-07 9.235826e-06 3.517167e-06 0.00022908568 5.795962e-05 0.011704358 0.000109934444 2.9523148e-05 0.0012899308 0.00064886315 8.850257e-06 3.1650616e-05 1.1117654e-06 5.335589e-06 0.007202966 3.4926798e-06 0.002483763 3.59528e-06 2.1168441e-06 0.0009543272 1.582084e-06 6.116906e-07 1.280275e-06 7.373104e-08 1.7395085e-05 0.000105808664 5.723636e-07 7.732479e-07 4.6383613e-07 7.08571e-08 6.068968e-07 4.2081152e-07 1.5251143e-06 5.5981094e-08 3.3874932e-07 1.85558e-06 9.841564e-07 2.154449e-06 3.3207408e-07 2.32805e-07 9.196383e-09 1.2635843e-06 0.009325541 3.0122585e-05 7.241795e-07 3.3423078e-07 1.9028211e-07 1.0028978e-07 4.1185606e-07 6.0977493e-07 9.581659e-07 1.6531521e-07 1.4537843e-06 9.3424893e-07 1.2004828e-06 9.054817e-07 3.7946376e-07 2.022509e-06 5.474386e-07 3.2528324e-06 5.6834347e-07 9.658466e-09 3.2949742e-07 1.2873683e-07 0.00022221074 6.3601084e-07 5.8317155e-06 1.631052e-08 0.010221997 1.3267461e-07 2.325211e-08 1.6939492e-07 1.7843499e-07 1.2691095e-06 1.7008687e-06 3.657134e-07 5.7522834e-07 2.8978146e-08 2.038779e-07 1.3564642e-07 2.8321994e-08 1.5247128e-08 2.7828642e-07 1.778794e-07 2.5650567e-07 3.8606115e-07 7.231043e-09 6.4891914e-08 1.139177e-06 3.3834087e-07 1.6763599e-07 4.1215803e-06 8.4949086e-08
2.7711332e-08 0.14560726 0.17207591 0.5130104 1.5400589e-21 0.0020080113 1.2454609e-05 0.013341491 3.75062e-06 7.333465e-05 0.00019918861 0.00083367067 0.0001990686 0.039221697 0.0002865754 5.743666e-05 0.01444937 0.008389194 7.2562616e-06 0.00016419518 1.7078044e-06 1.918014e-05 0.020489877 2.982824e-06 0.016863473 3.0800136e-06 2.1197593e-06 0.015029942 1.4002017e-06 1.5766082e-07 4.8857515e-07 4.8419796e-08 0.00026538596 0.0007897078 3.8743391e-07 1.1392623e-07 7.6620967e-07 1.0780102e-06 5.9526735e-07 3.697869e-07 8.0228654e-07 3.06819e-08 6.4136266e-08 7.942126e-07 4.7560613e-07 2.6332168e-06 1.8634802e-08 1.6722436e-07 6.232136e-08 4.3157206e-07 0.03318212 0.0009345212 8.720773e-07 7.219498e-08 2.2603714e-07 1.9700074e-08 3.7526306e-06 3.4999437e-07 6.400151e-07 6.604495e-08 1.0877051e-06 2.0422506e-07 3.4864445e-07 2.643093e-07 2.6630892e-07 8.315633e-06 6.370538e-07 2.5553063e-06 1.5906006e-07 1.0415025e-08 1.3250366e-07 1.916359e-07 0.0009497005 0.00010423552 0.00025335187 1.0999688e-07 0.01033036 5.491173e-08 5.3157343e-08 1.7390796e-06 6.9401895e-06 1.7997584e-07 8.5351013e-07 3.963634e-07 2.6882026e-07 1.1179361e-08 2.2804354e-06 8.938983e-08 1.15918894e-07 5.2663754e-08 1.3465255e-07 4.1187512e-08 6.542944e-08 6.289885e-07 2.0799412e-08 1.5178787e-07 1.947214e-06 1.543864e-07 7.5161736e-08 5.8585923e-05 1.3244357e-08
0.0049416465 0.22334638 0.013259556 9.7079275e-05 0.0020080113 9.7245124e-24 0.53069186 0.17461692 0.45869416 0.7971346 0.07635297 0.050638787 0.1013046 0.034671687 0.022784716 0.043936536 0.02095824 0.011766367 0.00859732 0.009624085 0.0029281497 0.003937221 0.013587922 0.022684103 0.018863108 0.0025166299 0.112479806 0.031472858 0.00086169137 0.0004469249 0.0021953292 0.0039530024 0.001155949 0.0023620434 3.1123684e-05 8.715376e-05 0.0038601647 0.0006441368 5.2902837e-05 4.2951375e-05 0.000109955 0.00017823507 9.488209e-05 5.4300028e-05 3.0301306e-05 0.00043108384 6.1054074e-05 1.6971899e-05 0.0003081768 1.6498858e-05 0.027010178 0.0017400726 7.217822e-05 6.2685453e-06 5.6891833e-05 1.2425673e-05 0.00015558561 3.9601167e-05 1.0549747e-05 4.4706876e-06 8.903353e-06 2.7390158e-06 1.5721376e-06 1.3705511e-06 2.999e-06 1.1784321e-05 2.066806e-06 1.1227566e-05 5.2500957e-07 2.4656197e-07 6.0695294e-07 2.5273395e-05 0.07981562 0.00070863013 0.08370983 5.849258e-07 0.12266894 1.0260804e-06 4.7532953e-07 6.868993e-05 0.00017669564 1.967914e-06 9.872139e-06 7.3267825e-07 6.281253e-07 4.9077465e-07 2.314714e-09 7.416818e-07 4.6331397e-07 3.512928e-07 5.9268257e-09 2.5497002e-06 7.131677e-07 2.7719896e-06 1.8703831e-06 2.6089938e-07 6.3911e-05 2.6448683e-07 1.8686438e-07 0.00052280125 4.3978805e-08
0.00022759079 0.013348887 0.00012551974 1.2751099e-06 1.2454609e-05 0.53069186 2.045013e-23 0.0042470135 0.63625634 0.4424143 0.043949213 0.0027157501 0.015117292 0.0008880689 0.0022880828 0.009093939 0.008719584 0.0006802752 0.0022336445 0.00052684534 0.00052365026 0.00030884583 0.00040026268 0.015633332 0.001052077 0.0024619158 0.18397617 0.0011060438 0.0009117497 0.00040266747 0.0025746557 0.008265983 0.00024500128 0.00057143107 9.961463e-06 0.00031205162 0.031967968 0.00049689016 2.2492004e-05 3.81391e-05 0.00035573912 0.00065799855 0.00010168709 0.00016665195 0.00010833623 6.837621e-05 0.000100525795 7.841499e-06 0.0004589787 0.00015986324 0.007766883 0.00085788465 4.717547e-05 2.5285764e-05 9.843034e-06 2.506334e-06 0.0005576169 5.7972495e-05 2.5668971e-05 6.03128e-05 1.0072285e-05 2.3199009e-05 1.7622655e-05 2.1130996e-05 3.2885295e-05 0.00017571278 7.5229145e-06 3.0947544e-05 4.0680497e-06 4.5870777e-07 3.6376252e-06 9.440381e-05 0.0021736769 0.0005562145 0.009690807 9.031054e-06 0.005208137 3.2994883e-06 1.194988e-05 0.00054518867 2.8189243e-05 1.0520926e-06 1.1414601e-05 1.9084157e-06 1.3416412e-06 1.7265666e-06 2.5899425e-07 2.1699514e-06 7.5892895e-06 4.356213e-06 6.09402e-08 5.10422e-06 5.519312e-07 1.5919026e-05 3.8122187e-05 1.4721364e-06 0.0002816859 3.691463e-07 2.7832542e-07 3.760116e-05 4.070999e-08
0.19430208 0.065625004 0.015592466 0.0054139686 0.013341491 0.17461692 0.0042470135 2.053516e-18 0.0011333574 0.02378839 0.00087988627 0.7441704 0.3966132 0.50126886 0.54184157 0.08241181 0.014423866 0.85981935 0.0462106 0.6158514 0.012681967 0.07327232 0.32400712 0.0041852687 0.595513 0.0041487617 0.0015825572 0.68673605 0.0012680909 0.000250986 0.0016554218 0.00010955098 0.042100858 0.09891905 0.0011010951 0.00010524508 4.3739783e-05 3.7875114e-05 0.00011603145 0.00013734115 0.00011156816 2.7577684e-05 4.8366655e-05 7.126837e-05 4.842809e-05 0.00414166 2.97404e-05 0.00015716355 2.8194268e-05 5.5395507e-05 0.43107948 0.07045087 3.9563645e-05 3.0294745e-05 0.00026833863 8.167125e-07 0.002526617 2.2036847e-05 1.2589167e-05 4.337141e-06 1.4113001e-05 8.38485e-06 3.4073496e-06 4.11224e-06 1.2099706e-05 0.00011682691 3.915931e-06 8.220642e-06 9.925017e-07 6.5753025e-06 7.470335e-07 3.7353564e-06 0.074603565 0.02114385 0.050001998 4.1818672e-07 0.068234496 1.28171105e-05 5.1958905e-06 0.0001478537 0.004537894 1.1561523e-06 4.780684e-06 1.3991645e-06 1.7806858e-06 3.3422216e-07 1.7009466e-08 7.739277e-06 1.2129373e-05 6.457368e-06 1.3907363e-07 2.281247e-06 5.5683057e-07 2.5796764e-06 4.1820581e-07 2.2897843e-06 6.5977342e-06 5.2759947e-07 9.542902e-07 0.00178 1.0712282e-07
0.0001331871 0.006049201 1.4988379e-05 5.549417e-07 3.75062e-06 0.45869416 0.63625634 0.0011333574 2.1617531e-23 0.600049 0.06329133 0.001822042 0.017449368 0.00040074412 0.002124794 0.012697046 0.015085572 0.00035638316 0.0038362236 0.00012273832 0.0016508466 0.00027508748 0.00017534601 0.0399914 0.0004941154 0.00903869 0.4028288 0.00083105866 0.002592111 0.002274171 0.010162301 0.040480036 0.0004503116 0.00053892034 6.589873e-06 0.00063280493 0.1130402 0.0015360451 3.1570784e-05 3.1338965e-05 0.0012168402 0.009377132 0.00066138076 0.00058346975 0.00031943832 9.448388e-05 0.0013569093 4.967826e-06 0.0021950759 0.00026285855 0.0018462266 0.00041640346 3.6121703e-05 2.4095283e-05 8.480978e-06 6.992168e-06 0.0004210259 3.3002452e-05 2.61105e-05 1.6538177e-05 6.711393e-06 1.7428627e-05 2.376565e-05 2.716199e-05 4.9314916e-05 0.0001804157 1.5200692e-05 1.7377359e-05 4.8978736e-06 1.5165557e-06 6.83677e-06 5.9936025e-05 0.00024801932 0.00066761876 0.0013596459 6.0294045e-05 0.00050817325 2.3579255e-06 1.4029225e-05 0.000435508 2.7577815e-05 9.083654e-07 5.897049e-06 1.9779482e-06 2.0115945e-06 1.5569204e-06 3.2492963e-07 1.6296075e-06 8.176412e-06 4.398363e-06 2.5419649e-08 2.031436e-06 5.669684e-07 8.173393e-06 1.4298534e-05 1.4069359e-06 0.0016494225 5.5881327e-07 2.606375e-07 2.1574993e-05 2.946656e-08
0.04587665 0.009613154 0.00023254353 9.235826e-06 7.333465e-05 0.7971346 0.4424143 0.02378839 0.600049 3.3134145e-22 0.006370265 0.025384681 0.18204229 0.007893254 0.037531503 0.25576633 0.0029375753 0.0053350395 0.06996147 0.010741456 0.047177978 0.02547382 0.0036330353 0.5398106 0.008172728 0.09766552 0.23843469 0.00730397 0.022524007 0.02000617 0.08648668 0.072993755 0.011317362 0.0055327537 0.0018389507 0.0072797034 0.04553925 9.8159944e-05 0.0034399051 0.0026338524 0.007528704 0.019264905 0.01280006 0.0042272033 0.0026372294 0.0049674762 0.016987681 0.0013041295 0.00030146106 0.0023866168 0.0064869737 0.004821958 0.0017116974 0.00040937224 0.0021863212 0.0018357398 0.006360252 0.00073965103 0.00022238905 5.4836983e-05 0.00029245732 5.092903e-05 7.7368604e-05 7.26314e-05 0.00014528228 0.0022962247 0.0002180791 0.00039232348 4.3034077e-05 1.4566983e-05 6.975926e-05 0.0006625759 0.023836093 0.0034227534 0.0076174717 1.820312e-05 0.014531691 2.8378217e-05 1.2684941e-05 0.0024961643 0.0037690415 8.0979065e-05 0.00028369707 6.699546e-05 4.507e-05 2.1025544e-05 3.2282037e-07 1.7296788e-05 1.4776849e-05 1.2492878e-05 4.79661e-07 0.00011181805 0.00010712494 0.00046984266 0.00012691495 2.3698341e-05 0.00015568982 2.6270225e-05 1.8705785e-05 0.0025168841 4.1945427e-06
1.48362025e-08 0.040817678 0.00013790671 3.517167e-06 0.00019918861 0.07635297 0.043949213 0.00087988627 0.06329133 0.006370265 7.2730823e-23 2.928147e-05 5.248744e-05 0.0016971246 3.4935412e-05 5.0084294e-05 0.37923083 0.0012992563 4.7975227e-06 3.5986195e-05 6.302386e-07 8.09923e-06 0.00011270655 2.4458748e-05 0.001694974 3.733241e-06 0.014730291 0.0008275176 1.0861253e-06 1.8490148e-07 2.9861458e-06 1.5974672e-05 2.3273842e-05 0.00010201987 4.0984624e-08 3.6544455e-07 0.0014431198 0.000103628234 5.451744e-07 6.6051875e-08 6.5459e-07 6.7250526e-06 3.9024218e-07 5.024796e-07 3.1964385e-07 3.4646075e-06 6.5445073e-07 3.3221013e-08 0.00047077585 9.497651e-07 0.0045002894 0.00065297174 4.1203793e-07 3.2103722e-07 4.416247e-08 1.4390194e-08 3.081262e-06 3.1691476e-07 1.5488972e-07 2.8116654e-08 3.663648e-07 7.5364866e-08 7.8683385e-08 7.0101215e-08 9.5017737e-07 7.5252615e-06 8.946641e-08 1.6024604e-06 2.9581724e-08 1.08697755e-07 3.298148e-08 7.833041e-07 1.2918726e-06 1.5148767e-05 1.6481408e-06 1.0388461e-06 1.9008323e-06 1.02249096e-07 3.7009312e-07 3.6802503e-05 0.00011312749 1.7940006e-07 1.391874e-06 1.4314251e-07 2.6960075e-07 1.6810242e-08 6.0758296e-09 1.0598291e-07 3.657835e-07 1.678859e-07 2.2421456e-09 1.1682193e-07 5.969441e-08 4.967615e-07 5.879761e-07 1.098011e-07 1.7426499e-05 1.3038196e-07 4.510192e-08 4.9535906e-06 4.4479048e-08
0.42569312 0.0030041737 0.0009614296 0.00022908568 0.00083367067 0.050638787 0.0027157501 0.7441704 0.001822042 0.025384681 2.928147e-05 3.4951054e-19 0.75924206 0.055870548 0.872803 0.27618706 0.0002820757 0.18211362 0.214898 0.7030209 0.054640155 0.40453923 0.015179593 0.0065462 0.07347919 0.0073932176 0.0005875594 0.5085765 0.0023498307 0.00084275886 0.0019516586 0.0009867358 0.23556173 0.2896898 0.004280121 0.00046208026 0.00021145403 3.0767783e-06 0.00075968384 0.0008529073 0.0008692493 0.00019344727 0.00041495237 0.00049827935 0.00034410012 0.016107935 0.00014165867 0.0010563836 1.7213465e-06 0.00047824284 0.14456251 0.19036637 0.0007003309 0.00021941925 0.002028119 0.000102411264 0.0090147015 0.0003753504 8.975437e-05 2.5389983e-05 0.000108730484 3.2251082e-05 4.5472723e-05 5.2047453e-05 0.00027459025 0.0011603417 6.8009555e-05 6.4207234e-05 8.1051885e-06 7.815783e-05 2.5684645e-05 6.4915286e-05 0.042104322 0.08899166 0.04671502 3.1207884e-07 0.042102143 4.8957652e-05 0.00017291289 0.001089852 0.026221344 1.2445347e-05 4.912242e-05 1.3543067e-05 2.4101397e-05 3.347129e-06 3.5272797e-07 2.3065188e-05 0.00023220578 0.00021129295 2.4368328e-06 1.501091e-05 1.5864618e-05 4.6892837e-05 1.5567935e-05 6.5826716e-05 5.149301e-07 8.364022e-06 6.1940086e-06 0.008531351 1.7840258e-06
0.37566876 0.0030250056 0.00040808186 5.795962e-05 0.0001990686 0.1013046 0.015117292 0.3966132 0.017449368 0.18204229 5.248744e-05 0.75924206 3.7389275e-21 0.0148836225 0.8746818 0.9049305 0.0004296201 0.023742167 0.48172882 0.33739588 0.23545466 0.331995 0.004859768 0.040500212 0.013807706 0.03140597 0.0036041685 0.10265318 0.0112049645 0.0024090568 0.008141103 0.0071446975 0.11418494 0.095861025 0.007459828 0.0012018696 0.0015457586 2.937151e-06 0.0044301767 0.0034560408 0.002911773 0.0016317507 0.001864308 0.0020916916 0.0017681431 0.022376457 0.0005851934 0.0028955955 1.3576031e-05 0.0013459467 0.032010376 0.081212 0.004761397 0.0005679504 0.0055085374 0.00051503157 0.02537078 0.0017912067 0.0006055013 0.00023379769 0.00068536354 0.00025533506 0.00027045302 0.00031479794 0.0006759991 0.005713529 0.00058779115 0.00023912256 9.2914685e-05 0.00016561514 0.00018224024 0.00039456258 0.016698556 0.054574147 0.01605909 7.756856e-06 0.016012782 0.00018733912 0.00034876604 0.003567123 0.047354624 0.000100195015 0.0003372442 4.7767393e-05 0.00013014849 3.3316406e-05 2.085437e-06 0.00011408883 0.00036306004 0.00027582116 2.124111e-05 6.9620626e-05 8.946774e-05 0.00036617668 0.00011037946 0.00015876508 1.16372585e-05 2.9029614e-05 3.381274e-05 0.004169751 7.048648e-06
0.04997627 0.10173334 0.064465486 0.011704358 0.039221697 0.034671687 0.0008880689 0.50126886 0.00040074412 0.007893254 0.0016971246 0.055870548 0.0148836225 3.2286822e-21 0.014294125 0.004252584 0.023838278 0.44267854 0.0042029503 0.055352792 0.0010806177 0.0073102657 0.87477946 0.0008743671 0.7849799 0.00060061796 0.00084327086 0.082983606 0.00026043513 1.1866614e-05 0.00012776174 3.3874849e-06 0.00825749 0.020665742 0.0010951385 1.17524805e-05 1.13387205e-05 5.1750976e-05 4.801384e-05 0.00026938602 1.4971852e-05 7.259698e-07 6.9006237e-06 1.963356e-05 1.1277971e-05 0.0046953163 2.725898e-06 0.00013523406 5.4763863e-05 5.4646193e-06 0.19667217 0.016725667 1.886622e-05 1.970297e-06 0.00018768426 1.466465e-07 0.0023949915 1.8787901e-05 3.5458143e-06 1.3249183e-06 1.1096157e-05 1.1463414e-06 2.2177895e-07 2.156808e-07 6.863825e-07 0.00013580492 4.152823e-07 8.594913e-06 4.162234e-08 1.1729761e-07 5.5489014e-08 2.0667646e-06 0.09021861 0.0017321765 0.030308627 4.827226e-06 0.29272416 4.4187832e-08 2.7588557e-08 2.3470255e-05 0.0005599245 1.5944428e-07 3.4698483e-06 5.835665e-08 1.2071581e-07 3.3809687e-08 1.6435456e-09 1.772443e-08 1.0013167e-08 7.691226e-09 8.23354e-10 2.2073384e-07 1.0955112e-07 6.2094214e-06 2.5437896e-07 8.955584e-09 4.1844367e-05 2.6472112e-08 1.0120113e-08 0.0010804816 1.9842232e-09
0.23888743 0.001034147 0.00041322646 0.000109934444 0.0002865754 0.022784716 0.0022880828 0.54184157 0.002124794 0.037531503 3.4935412e-05 0.872803 0.8746818 0.014294125 2.5749268e-20 0.59509945 0.00028924452 0.049882885 0.5023065 0.6018544 0.3194276 0.5183727 0.005135092 0.034065656 0.022090655 0.036432043 0.00071406306 0.1412341 0.011635463 0.0035817365 0.0056497036 0.0041380376 0.32493117 0.25184324 0.011268393 0.0017638644 0.00037272397 3.9471893e-06 0.007425601 0.0057431245 0.0042131613 0.0006296052 0.0012439261 0.0050829076 0.0040705632 0.045892444 0.00069956 0.006129447 2.5971337e-06 0.002104383 0.07251417 0.15153274 0.005290143 0.00054814236 0.0061103995 0.00014342858 0.028907735 0.0023786242 0.0008429617 0.00027800328 0.00058342493 0.0003687614 0.000519489 0.0006284058 0.00045436382 0.0057788305 0.0004598352 0.0006689638 0.00034574003 0.0002985525 0.00023377828 0.0005939929 0.03258768 0.06706608 0.024078012 2.9527746e-06 0.028717367 0.00056485797 0.00023185353 0.0023485 0.032446712 0.00011099624 0.0003544043 0.00014269308 0.0003302989 3.0323392e-05 1.24212e-06 0.00045859173 0.00030916202 0.00030785365 8.97231e-06 0.00012686932 0.00019052062 0.00046580168 0.00011091075 4.0113242e-05 4.6494245e-07 6.5759516e-05 0.00021003948 0.004118551 3.3163644e-05
0.24840395 0.00050454953 0.0001493555 2.9523148e-05 5.743666e-05 0.043936536 0.009093939 0.08241181 0.012697046 0.25576633 5.0084294e-05 0.27618706 0.9049305 0.004252584 0.59509945 1.9164203e-23 0.00019414902 0.009610437 0.87487024 0.15037522 0.62577856 0.3663542 0.0021751344 0.24791844 0.005851077 0.22292493 0.006300797 0.021101613 0.099226646 0.01832818 0.034642454 0.0191822 0.1585623 0.06716116 0.01874255 0.0056276633 0.003383708 2.129688e-06 0.029942276 0.01710352 0.019450268 0.005080555 0.011409738 0.017128102 0.015455539 0.05552516 0.0043937284 0.022135535 8.751128e-06 0.0070789703 0.023954608 0.045877323 0.029107774 0.001480309 0.017627094 0.0010370312 0.07318244 0.013601807 0.0047302535 0.0023470626 0.0056930073 0.00230068 0.0010868389 0.001018859 0.0017176111 0.02618934 0.0024901596 0.002662514 0.000845562 0.00033850828 0.00055150373 0.002909308 0.023577267 0.03817151 0.00913839 2.8265695e-05 0.012650156 0.00078189804 0.00018874453 0.0171758 0.0660576 0.0014215405 0.005581242 0.00045970743 0.0014581647 0.0005065561 4.3366367e-06 0.0008235387 0.00033863742 0.00029110082 1.7861923e-05 0.0015522882 0.0016212555 0.0037624375 0.0014275317 0.00023724495 1.3025601e-06 0.00022784487 0.00038564243 0.0050482173 0.00017816371
3.4232295e-09 0.09577914 0.0028750708 0.0012899308 0.01444937 0.02095824 0.008719584 0.014423866 0.015085572 0.0029375753 0.37923083 0.0002820757 0.0004296201 0.023838278 0.00028924452 0.00019414902 2.1651495e-19 0.020182371 1.9185592e-05 0.00033103715 6.2659396e-06 2.5470792e-05 0.004510623 0.00012138822 0.03141367 7.63197e-05 0.0075363 0.0345844 2.948322e-05 2.801587e-05 4.366572e-05 1.39019e-05 0.0001992743 0.0019382556 1.7379032e-05 2.732114e-05 0.003925975 0.0037371349 1.4544467e-05 1.0925304e-05 3.4125154e-05 1.6283406e-05 1.1017252e-05 3.1403317e-05 1.6887088e-05 1.4625418e-05 9.015169e-06 4.4186863e-06 0.018323671 1.5102781e-05 0.039854486 0.007953656 6.421589e-06 6.998259e-06 1.710059e-05 6.1480982e-06 2.4498735e-05 2.5908712e-05 5.857662e-06 5.5699657e-06 5.022116e-06 8.725436e-06 1.6126232e-06 1.4007815e-06 2.8311867e-06 0.00028905863 2.9228806e-06 0.00031545822 9.981648e-07 1.038962e-06 4.6155307e-07 0.001562927 2.66442e-05 0.00038079693 0.00017284876 3.5709487e-05 3.4991892e-05 2.6082985e-06 4.18094e-06 0.0052414187 0.00023090884 2.9352483e-05 0.00015311404 3.5212888e-06 2.0235519e-05 0.00011824393 2.3538207e-06 2.5329002e-06 4.648487e-06 9.92425e-07 6.413153e-07 0.00015208573 1.4698044e-05 0.0003134146 0.0036264255 3.9995107e-06 0.0047016563 9.854371e-06 2.4548212e-06 2.17258e-05 3.3502524e-06
0.47921747 0.014701999 0.008970749 0.00064886315 0.008389194 0.011766367 0.0006802752 0.85981935 0.00035638316 0.0053350395 0.0012992563 0.18211362 0.023742167 0.44267854 0.049882885 0.009610437 0.020182371 2.8331792e-18 0.014428103 0.38956064 0.0053825006 0.026781235 0.3748859 0.0017369118 0.72438186 0.0030323046 0.0041599306 0.750396 0.0005117453 0.00024224924 0.000952664 0.00022095343 0.044180855 0.12349752 0.00040611773 0.00022579855 9.78057e-05 0.00028154356 2.1665961e-05 5.3824668e-05 0.00017512206 4.0780582e-05 5.101186e-05 0.0002118567 0.0001050237 0.0042289714 7.836224e-05 8.203572e-05 7.041463e-05 8.012116e-05 0.40817663 0.098249875 5.773439e-06 2.8080654e-05 0.00013075335 1.1546803e-06 0.0015620625 6.1341716e-06 2.613343e-06 1.5136571e-06 2.3656874e-06 3.197559e-06 7.914993e-06 8.375411e-06 7.3675787e-06 1.368239e-05 7.851938e-06 3.3989083e-06 2.0873154e-06 4.2969405e-05 2.5838328e-06 4.8477204e-07 0.1753599 0.020883352 0.056433335 0.00015301727 0.16310516 1.903035e-05 3.5103836e-05 3.5713812e-05 0.004928257 6.790475e-07 1.1806318e-06 1.0617766e-05 3.391885e-06 2.3151313e-07 4.4809354e-08 8.278593e-06 7.357543e-05 3.448733e-05 4.687461e-08 3.150029e-07 4.6736346e-07 4.351449e-07 3.5091595e-08 3.5730893e-06 0.000135175 3.1927414e-06 4.773331e-06 0.0061412924 2.7844783e-07
0.3809417 5.8915146e-05 1.8555544e-05 8.850257e-06 7.2562616e-06 0.00859732 0.0022336445 0.0462106 0.0038362236 0.06996147 4.7975227e-06 0.214898 0.48172882 0.0042029503 0.5023065 0.87487024 1.9185592e-05 0.014428103 2.6848643e-20 0.21901251 0.87699 0.56550723 0.003149074 0.24621136 0.006556187 0.2987717 0.000678377 0.02177475 0.28313604 0.04653901 0.040549923 0.016680531 0.4034249 0.14271027 0.08780223 0.016363636 0.0011574057 1.1280805e-06 0.0873324 0.06615414 0.053246148 0.0056662876 0.015536144 0.04100148 0.032692466 0.2715237 0.0083149 0.11469862 8.3406707e-07 0.017983433 0.037991896 0.08351088 0.07129639 0.0062329015 0.06740695 0.0017268648 0.3463941 0.025468264 0.008264013 0.002529633 0.0067096716 0.0024426454 0.0032196995 0.0037129198 0.00567411 0.046397112 0.0035200801 0.004371658 0.0016043949 0.00067334244 0.0012908691 0.0033497845 0.046096858 0.10442608 0.013384987 0.00011447531 0.03234315 0.001933826 0.0007874112 0.01999281 0.16700046 0.0017407066 0.0065004095 0.0012585939 0.0021067855 0.0005089827 2.8972696e-05 0.001319514 0.0009346005 0.0008677199 0.0001643376 0.0015166751 0.0016496263 0.0042457157 0.0011207358 0.0003286653 4.296184e-06 0.00057003496 0.0010303839 0.010224561 0.00034338646
0.71911156 0.0005566276 0.00028630524 3.1650616e-05 0.00016419518 0.009624085 0.00052684534 0.6158514 0.00012273832 0.010741456 3.5986195e-05 0.7030209 0.33739588 0.055352792 0.6018544 0.15037522 0.00033103715 0.38956064 0.21901251 3.4570905e-18 0.10537405 0.5023621 0.022759788 0.0078321975 0.10009758 0.00786135 0.0005511443 0.7796312 0.0024169197 0.00075386435 0.0007481429 0.0005731798 0.6174099 0.69149727 0.008265001 0.0006930768 3.7531765e-05 2.8683735e-06 0.0016519043 0.00215974 0.0006099378 0.00015237494 0.00017564224 0.0011038156 0.00079430884 0.07420977 0.00020519937 0.0032836471 4.8710496e-07 0.00014480892 0.3409387 0.48691177 0.00037798184 5.443551e-05 0.0038274315 7.633816e-06 0.017700996 0.00029728137 6.038284e-05 1.49538855e-05 1.574314e-05 2.1856495e-05 4.6285164e-05 4.6335997e-05 3.9285453e-05 0.0012772665 1.7607199e-05 0.00010452769 1.27222065e-05 4.034239e-05 1.0497868e-05 3.2278556e-05 0.22243682 0.1837649 0.15694027 1.1888408e-05 0.11186702 2.2127488e-05 2.2127213e-05 0.00075653713 0.050490092 6.0969037e-06 2.7392522e-05 2.323944e-05 1.3596307e-05 3.3882188e-06 1.4443037e-07 1.6579552e-05 6.507061e-05 7.8432524e-05 3.0860807e-07 2.4615976e-05 3.4010875e-06 2.2157687e-05 4.8091038e-06 3.1449367e-06 1.39797285e-05 9.4762045e-06 1.1131451e-05 0.035161726 1.7881137e-06
0.66277426 6.9392195e-07 1.2482903e-06 1.1117654e-06 1.7078044e-06 0.0029281497 0.00052365026 0.012681967 0.0016508466 0.047177978 6.302386e-07 0.054640155 0.23545466 0.0010806177 0.3194276 0.62577856 6.2659396e-06 0.0053825006 0.87699 0.10537405 8.4650465e-20 0.6474091 0.0012393666 0.30376688 0.0022413582 0.4369084 0.0002718284 0.014386698 0.49366552 0.13879906 0.07180442 0.019431867 0.45182812 0.13620737 0.23687835 0.03266102 0.00077769486 5.670885e-07 0.19390327 0.1522442 0.12659028 0.011682384 0.028153114 0.09357198 0.07690577 0.37181026 0.01816108 0.21388368 2.774792e-07 0.04218531 0.02516516 0.07950672 0.15809989 0.013391639 0.16666636 0.0021491938 0.54363877 0.0621212 0.0063195704 0.0024081182 0.0042019575 0.0016274179 0.003523753 0.00378504 0.004153101 0.083701804 0.0020366057 0.0040307743 0.0017257287 0.0018636866 0.0014271396 0.0016386169 0.043829717 0.13090512 0.017683795 8.240221e-05 0.03108776 0.0025997856 0.0015968465 0.017731737 0.18018658 0.00061203935 0.0034075254 0.0010189809 0.0009936241 0.000269774 8.859625e-05 0.00097360957 0.000951422 0.00064334023 0.0002363475 0.00064822123 0.0009239041 0.0017640772 0.00052915985 0.0002147278 1.9505644e-05 0.0004220277 0.00064318284 0.013660371 0.00013644987
0.86241186 1.3982102e-05 1.6180744e-05 5.335589e-06 1.918014e-05 0.003937221 0.00030884583 0.07327232 0.00027508748 0.02547382 8.09923e-06 0.40453923 0.331995 0.0073102657 0.5183727 0.3663542 2.5470792e-05 0.026781235 0.56550723 0.5023621 0.6474091 1.4113448e-16 0.0055612326 0.075314656 0.01361215 0.15813021 0.0008803197 0.1474896 0.1402764 0.020764202 0.012045002 0.0076424126 0.5384509 0.38044593 0.11394252 0.007934023 0.0004033412 7.5866847e-06 0.043406244 0.04156098 0.017483998 0.0033163785 0.003110877 0.018513383 0.014578894 0.30812025 0.002991627 0.059798207 1.5440295e-06 0.0079665305 0.079113506 0.22274764 0.022252142 0.0018257601 0.09078644 0.00038497456 0.35973766 0.009237532 0.001354376 0.00066159526 0.0008770382 0.00039316827 0.0020841083 0.0023149184 0.0020197 0.014171846 0.00040671168 0.001317082 0.0012417559 0.00095397595 0.00053015037 0.0006015173 0.08380922 0.33891279 0.06700582 0.00031019657 0.13275425 0.001539614 0.0010026651 0.0046071666 0.17678863 0.00010901954 0.0008907676 0.00048593854 0.00024449712 6.395618e-05 3.077176e-05 0.001109647 0.00074270176 0.0006894882 0.00012292902 0.00014711304 0.00024102008 0.00031599385 6.1924824e-05 0.00011339667 9.1046946e-05 0.00017265929 0.0003788393 0.052361656 8.1234466e-05
0.5598497 0.036961723 0.04762992 0.007202966 0.020489877 0.013587922 0.00040026268 0.32400712 0.00017534601 0.0036330353 0.00011270655 0.015179593 0.004859768 0.87477946 0.005135092 0.0021751344 0.004510623 0.3748859 0.003149074 0.022759788 0.0012393666 0.0055612326 6.5416095e-19 0.00043576097 0.8071256 0.00119884 0.0008864351 0.049063094 9.7779295e-05 4.0015388e-05 0.00026570173 1.5148927e-05 0.008037467 0.013264439 0.0004445044 2.4698678e-05 2.6849257e-05 7.5043885e-05 2.0155534e-05 0.0001094547 3.532649e-05 4.837978e-06 1.2604088e-05 1.2854189e-05 7.4144095e-06 0.0038429578 2.0023958e-06 2.4119541e-05 2.3777213e-05 3.773006e-06 0.23617728 0.012549874 1.1565775e-05 1.8910539e-06 5.4377397e-05 3.348962e-06 0.0021256756 1.5040858e-05 1.655324e-06 8.215081e-07 2.7148217e-05 8.057785e-07 2.4292186e-07 2.3065937e-07 8.023072e-07 0.00013714981 1.0157921e-06 6.5415593e-06 7.975465e-08 1.2436116e-07 1.3572263e-07 1.7242925e-06 0.19330421 0.0020494133 0.040809803 7.88797e-06 0.8175109 1.6450325e-07 2.7312201e-09 2.4834464e-05 0.00038600338 2.7219923e-07 1.4591335e-06 1.4871766e-07 5.027581e-07 3.207338e-08 7.628525e-08 7.115532e-08 2.7788276e-09 3.6586267e-09 1.4314495e-09 2.7634744e-08 8.332032e-08 6.655193e-07 9.604383e-09 1.9736284e-09 5.7401616e-05 1.7304575e-07 3.0713107e-08 0.0021238166 4.57423e-09
0.13521157 1.616862e-05 7.5752614e-06 3.4926798e-06 2.982824e-06 0.022684103 0.015633332 0.0041852687 0.0399914 0.5398106 2.4458748e-05 0.0065462 0.040500212 0.0008743671 0.034065656 0.24791844 0.00012138822 0.0017369118 0.24621136 0.0078321975 0.30376688 0.075314656 0.00043576097 7.258345e-21 0.0018663021 0.89800787 0.054678105 0.0033963376 0.55174404 0.65059525 0.5566162 0.15955643 0.03272681 0.00731684 0.04124004 0.20947248 0.07233779 4.422139e-06 0.13792403 0.09090555 0.39880943 0.11228696 0.26857466 0.116940275 0.091815226 0.035560027 0.13829455 0.054684844 1.775633e-05 0.1590542 0.0040939897 0.0069365213 0.09928673 0.06905056 0.040579855 0.064871475 0.05549536 0.02948705 0.02514654 0.011780952 0.010320076 0.009601107 0.00483206 0.005681926 0.00882546 0.029966157 0.0067927106 0.0042887586 0.0020806347 0.009262222 0.0024883803 0.0068905405 0.016638398 0.006571523 0.0037223522 0.0012571902 0.005032422 0.0015813969 0.0013743378 0.03074718 0.036568675 0.0012110131 0.0060988693 0.0006783715 0.0008035693 0.0005666069 0.00041541105 0.0009168218 0.0010379781 0.00073254714 0.0031083445 0.001251627 0.0009113595 0.0034431184 0.0021167072 0.00062528887 0.00012491335 0.0002149571 0.00039878208 0.0032117597 7.825045e-05
0.7078587 0.047410212 0.03231163 0.002483763 0.016863473 0.018863108 0.001052077 0.595513 0.0004941154 0.008172728 0.001694974 0.07347919 0.013807706 0.7849799 0.022090655 0.005851077 0.03141367 0.72438186 0.006556187 0.10009758 0.0022413582 0.01361215 0.8071256 0.0018663021 4.8894154e-18 0.0015589449 0.0038675712 0.15105797 0.00029892373 4.075885e-05 0.00031832163 5.587371e-05 0.018025734 0.036916412 0.001107277 3.2749776e-05 3.424216e-05 0.00032419903 6.436363e-05 0.0002913116 2.9731667e-05 7.860119e-06 1.8342722e-05 2.6714502e-05 2.1021595e-05 0.004842338 1.179146e-05 9.730034e-05 0.00018258695 6.641647e-06 0.51667 0.04647091 4.8222042e-05 6.162727e-06 0.0001379442 8.0406824e-07 0.0019147501 2.4651332e-05 4.6484647e-06 4.3579585e-06 6.1617575e-06 2.7850213e-06 4.322158e-07 4.0267585e-07 3.0744259e-06 4.1200812e-05 1.462442e-06 4.1876197e-06 1.4206825e-07 3.150562e-06 2.5894138e-07 3.0347994e-06 0.25278845 0.012396763 0.07667469 0.00036125403 0.75254285 1.8807359e-06 1.2393996e-06 5.4252258e-05 0.0022243815 4.259916e-07 2.2398751e-06 5.798057e-07 1.1299185e-06 8.032637e-08 4.44102e-07 4.31719e-07 1.0852659e-06 1.0361855e-06 2.6220153e-08 9.040403e-08 2.8495236e-07 1.1302849e-06 7.7074134e-08 2.6978284e-07 0.00072307367 4.1939242e-07 1.7530478e-07 0.008841479 2.0647352e-08
0.07971547 1.8013081e-06 1.7838029e-06 3.59528e-06 3.0800136e-06 0.0025166299 0.0024619158 0.0041487617 0.00903869 0.09766552 3.733241e-06 0.0073932176 0.03140597 0.00060061796 0.036432043 0.22292493 7.63197e-05 0.0030323046 0.2987717 0.00786135 0.4369084 0.15813021 0.00119884 0.89800787 0.0015589449 5.0319295e-21 0.0060555073 0.0036376966 0.8367568 0.5961449 0.3415536 0.07124285 0.057509072 0.011109213 0.061693028 0.20110485 0.012051079 1.610539e-06 0.23542546 0.13344903 0.5401951 0.06305428 0.17172599 0.2506258 0.20473963 0.06351336 0.08331629 0.12194093 1.2298003e-06 0.31028527 0.002652593 0.008083169 0.15009114 0.08817332 0.046893187 0.055041805 0.084897794 0.045965582 0.052775595 0.015906347 0.026138537 0.014577698 0.009993459 0.011470409 0.029622253 0.032774836 0.013989373 0.007875509 0.0039100796 0.006676413 0.0030987358 0.0048664277 0.0075956187 0.0037734578 0.002033763 0.00022111402 0.0028502275 0.0010982725 0.0015899136 0.01795658 0.025980359 0.0037136364 0.010250033 0.0016102282 0.0029256667 0.00092695607 0.0002652379 0.0006347609 0.0008383519 0.00041082597 0.0008441537 0.0033904493 0.002913355 0.006291835 0.0015203455 0.0004612613 2.3881135e-05 0.0010620116 0.0010202421 0.0016024362 0.00046344686
0.00051330845 0.00079604017 1.4759061e-05 2.1168441e-06 2.1197593e-06 0.112479806 0.18397617 0.0015825572 0.4028288 0.23843469 0.014730291 0.0005875594 0.0036041685 0.00084327086 0.00071406306 0.006300797 0.0075363 0.0041599306 0.000678377 0.0005511443 0.0002718284 0.0008803197 0.0008864351 0.054678105 0.0038675712 0.0060555073 1.4262844e-21 0.0015303617 0.0018594454 0.0021519728 0.020654028 0.35162804 0.00036316965 0.001217626 1.3156418e-05 0.0016292185 0.65842915 0.0006102849 5.5711374e-05 7.925896e-05 0.0004133555 0.25646105 0.014801503 0.00011867039 8.486768e-05 0.00016015637 0.06911002 1.7544611e-05 0.009221124 8.453576e-05 0.0028130766 0.0016836018 4.4687968e-05 8.765892e-05 1.4039973e-05 0.010110743 0.0005015944 4.8016725e-05 3.791288e-05 2.3573106e-05 1.9932591e-05 4.157971e-05 3.579573e-06 3.1903578e-06 3.7673308e-05 4.475719e-05 6.5826057e-06 5.712365e-05 2.801938e-06 1.1733107e-05 8.304121e-07 5.772953e-05 6.021992e-05 0.00033828334 0.000179101 0.0010709971 1.8473816e-06 8.502698e-06 1.2613406e-05 0.00023245793 0.00017956019 8.2479855e-06 2.7223843e-05 4.2993033e-06 5.6993354e-06 7.1826e-06 9.256057e-05 7.011064e-06 1.4531503e-05 1.3128144e-05 1.0239744e-05 3.833267e-06 7.953647e-07 4.2646093e-06 3.9529796e-06 6.6541365e-06 0.00070248917 1.962977e-06 1.8674601e-06 3.9210223e-05 5.61751e-07
0.9841148 0.0036109823 0.0042943824 0.0009543272 0.015029942 0.031472858 0.0011060438 0.68673605 0.00083105866 0.00730397 0.0008275176 0.5085765 0.10265318 0.082983606 0.1412341 0.021101613 0.0345844 0.750396 0.02177475 0.7796312 0.014386698 0.1474896 0.049063094 0.0033963376 0.15105797 0.0036376966 0.0015303617 7.381188e-17 0.0011421904 0.0007591056 0.001305154 0.0016655447 0.24583443 0.64646906 0.0009774597 0.0010629114 0.0009704383 0.00027263715 0.0002838876 0.00036670873 0.0007387772 0.00018362053 0.0006457442 0.0007030093 0.0005060547 0.0047547584 0.0008755256 0.00038546076 0.00016260619 0.00020539633 0.4671835 0.48932734 8.923315e-05 0.000357611 0.00066583295 7.334794e-05 0.00543599 9.309714e-05 1.3667042e-05 7.0732603e-06 1.5108239e-05 5.4796383e-06 2.5228255e-06 2.27161e-06 2.2287535e-05 0.00027371905 5.1256197e-06 8.513864e-06 5.9721145e-07 8.920924e-05 2.8253203e-06 1.427968e-06 0.21568158 0.27253616 0.29175043 0.0007460485 0.33676222 4.0543587e-06 2.1589976e-05 0.00043114615 0.07375471 6.490674e-07 2.458216e-06 1.8119144e-06 1.9964027e-06 3.3262242e-07 9.0789326e-05 2.4005203e-06 2.8383252e-05 1.8202478e-05 1.1903384e-05 2.8052443e-07 1.1892972e-06 7.813814e-07 7.704915e-08 2.331355e-06 0.0007942191 1.426751e-06 2.2308448e-06 0.095091395 1.3128495e-07
0.32032 1.1612736e-07 2.5894647e-06 1.582084e-06 1.4002017e-06 0.00086169137 0.0009117497 0.0012680909 0.002592111 0.022524007 1.0861253e-06 0.0023498307 0.0112049645 0.00026043513 0.011635463 0.099226646 2.948322e-05 0.0005117453 0.28313604 0.0024169197 0.49366552 0.1402764 9.7779295e-05 0.55174404 0.00029892373 0.8367568 0.0018594454 0.0011421904 6.2268674e-21 0.65120846 0.2862608 0.04768223 0.058912557 0.008076145 0.40786946 0.3340242 0.0037876328 1.1820829e-06 0.73919475 0.6100709 0.7290562 0.06302583 0.28852093 0.78793514 0.7356555 0.17867984 0.117752016 0.34845963 2.3692847e-07 0.38310876 0.0014972608 0.007284259 0.53394336 0.24479061 0.14126104 0.07998638 0.24816817 0.10749672 0.038663693 0.01948205 0.02908542 0.010587079 0.0129803335 0.013595492 0.028986888 0.09569915 0.011147712 0.010267267 0.0046745203 0.020115444 0.0060891206 0.007036039 0.0025964072 0.0081118895 0.0023167823 4.2494765e-05 0.0023282014 0.0017690094 0.0063895434 0.03904183 0.062194858 0.0012846891 0.0046740347 0.0026888275 0.0022051735 0.00047247464 0.00024395606 0.0012570298 0.0041957553 0.002515418 0.0032664454 0.0018762457 0.0014607348 0.0031767217 0.0016113935 0.0012435275 3.7333725e-06 0.0008295957 0.0010039287 0.005133809 0.00017497232
0.03936262 2.1217371e-08 2.248068e-07 6.116906e-07 1.5766082e-07 0.0004469249 0.00040266747 0.000250986 0.002274171 0.02000617 1.8490148e-07 0.00084275886 0.0024090568 1.1866614e-05 0.0035817365 0.01832818 2.801587e-05 0.00024224924 0.04653901 0.00075386435 0.13879906 0.020764202 4.0015388e-05 0.65059525 4.075885e-05 0.5961449 0.0021519728 0.0007591056 0.65120846 1.7641915e-21 0.60978186 0.07833616 0.0078920685 0.0032968968 0.050229512 0.66299844 0.013483452 1.4109112e-07 0.21054026 0.13833693 0.64489067 0.09141276 0.49644512 0.1829175 0.15504597 0.014351534 0.18698476 0.050278086 1.1971656e-07 0.3730239 0.00014573077 0.0014858427 0.15025099 0.37438962 0.0244788 0.14721516 0.0155042475 0.024948144 0.034417752 0.017533874 0.010193008 0.015568648 0.0046337484 0.0047997823 0.024279049 0.015761161 0.007115038 0.0026603872 0.0015742831 0.017179692 0.001695979 0.003974229 0.00050540146 0.00089918403 0.00072188 5.0424238e-05 7.773708e-05 0.00090723264 0.0032530935 0.013564688 0.005886017 0.0009736815 0.0031172459 0.0007175979 0.00082226377 0.00041569167 0.0011799752 0.0007037237 0.0024779807 0.0010848423 0.0047161253 0.0010116177 0.0007840493 0.0017494031 0.0013018841 0.0005788632 3.1162278e-06 0.0003177402 0.0004743953 0.00024713087 0.00010320601
0.0048796497 1.526194e-06 1.1416479e-06 1.280275e-06 4.8857515e-07 0.0021953292 0.0025746557 0.0016554218 0.010162301 0.08648668 2.9861458e-06 0.0019516586 0.008141103 0.00012776174 0.0056497036 0.034642454 4.366572e-05 0.000952664 0.040549923 0.0007481429 0.07180442 0.012045002 0.00026570173 0.5566162 0.00031832163 0.3415536 0.020654028 0.001305154 0.2862608 0.60978186 7.2561225e-23 0.17863326 0.0060721845 0.002364589 0.014215487 0.56630397 0.05998132 9.2900245e-07 0.060788598 0.036277927 0.27343962 0.17889081 0.5780184 0.056307737 0.048252888 0.007542793 0.3033278 0.010707056 4.2727675e-06 0.20177023 0.00025671604 0.0005491501 0.023366544 0.30174142 0.005900734 0.27491122 0.0082474705 0.005436496 0.009472912 0.0060137794 0.00472031 0.008303568 0.0046171844 0.0050645038 0.029089414 0.0051209806 0.0052051903 0.001973594 0.0018963655 0.03265832 0.001764896 0.0018108082 0.0002574474 0.00050812453 0.00050582696 0.0008691531 5.317659e-05 0.0015584073 0.004312226 0.00439595 0.0022135647 0.002671705 0.0022209678 0.0012419294 0.0017303455 0.00044386237 0.001325828 0.0015484868 0.0030074387 0.0011672756 0.003504147 0.000750089 0.0010396271 0.0010204941 0.00039607874 0.00089235714 3.685694e-05 0.0005941838 0.0010141642 7.898212e-05 0.00024919197
