1.6177913e-34 0.019812943 0.12031245 0.012400294 0.0033761412 0.065724134 2.7077833e-05 0.00088858785 0.5128545 0.8618905 0.028178317 0.7472082 0.37103796 0.3063876 0.011506964 1.0800832e-05 0.01889073 0.0005921183 0.66902816 0.8887344 0.15100785 0.70490056 0.0015755458 0.26069322 0.0020333733 0.052302632 0.6642756 0.9169481 1.1878231e-05 0.020413518 0.5187896 0.17098705 0.0031037014 0.26881236 0.061972845 0.9085066 0.40654826 0.6170244 0.80786836 0.5815918 0.58617556 0.0041114795 0.0047962107 0.96752197 0.97083783 0.20810099 0.0031628269 0.87881494 0.88368833 3.6028584e-06 0.98415613 0.96191007 0.9923417 0.660607 0.034878287 0.00032511982 0.9773412 0.93947464 0.91253865 0.0004329019 0.9372041 0.5083115 8.8110335e-07 0.70334524 0.99059623 0.001215802 0.025236458 0.045157537 0.08262835 0.9818884 2.3498587e-05 1.8978735e-05 0.0294183 0.08390107 0.83747816 0.0019545448 0.99896336 0.5688662 0.00028409588 6.697463e-07 0.00011205247 0.9994884 0.99873376 0.12029079 9.3687197e-07 0.00544223 3.859616e-06 0.46342105 0.9972691 0.0023748206 0.9996167 0.50809777 0.0007327925 0.5662121 0.113262035 0.36047867 0.9209216 2.6450624e-07 0.24223389 0.83587384 0.90239525
0.019812943 1.3948108e-17 0.7138534 0.19115208 0.20640723 0.16848738 0.11977614 0.18210706 0.3925838 0.3842289 0.24436285 0.2140074 0.14974631 0.18265468 0.15770353 0.043813895 0.08242853 0.051324435 0.17409594 0.2144382 0.063289195 0.09938307 0.12584761 0.16274615 0.036290847 0.01266321 0.04411172 0.16765721 0.010423842 0.016251847 0.027444672 0.004242083 0.008682062 0.002084831 0.011732717 0.08039295 0.04923942 0.024375807 0.01780061 0.00024346169 0.016677119 0.007231848 0.0013172063 0.040640596 0.120115094 0.00031452306 0.0024486159 0.0055683143 0.014012044 0.00051044684 0.038647607 0.05036752 0.084379226 0.00013190234 0.0027759462 0.003998894 0.050783545 0.0019604655 0.0019356047 5.861196e-05 0.0001483329 5.522882e-05 9.295688e-05 0.0004891304 0.004021572 0.0062541612 0.0067450833 9.117859e-05 7.490939e-05 0.000717957 5.729718e-06 9.390793e-06 5.197003e-05 2.0028838e-05 3.9847033e-05 4.2047795e-06 0.02493172 2.9389006e-05 2.5134588e-07 1.1540632e-05 2.42539e-07 0.014128039 0.018700087 2.760972e-06 7.2942516e-05 0.00048509674 1.8211148e-08 0.005198158 0.007420629 8.3914694e-07 0.02623623 9.747871e-06 4.6868067e-07 6.1086634e-05 0.0012243454 1.6668006e-06 1.3019981e-05 1.446606e-05 9.791139e-06 1.4720129e-06 0.00034459517
0.12031245 0.7138534 1.1266143e-15 0.15546823 0.11129254 0.19451393 0.10283188 0.10550615 0.616849 0.533004 0.41487548 0.46416956 0.42293572 0.22365463 0.30132213 0.031505175 0.08002882 0.04314035 0.3021734 0.36035135 0.0952016 0.17133904 0.22789319 0.10850103 0.08080717 0.02257132 0.13243695 0.31876838 0.010955511 0.024359554 0.036807496 0.0068878164 0.017794594 0.004567165 0.028249865 0.11421 0.065897495 0.027260952 0.03321427 0.00017455615 0.05759795 0.009880433 0.0025446357 0.12812594 0.23713917 0.000264627 0.0028757618 0.020525726 0.016073447 0.00015208415 0.11770514 0.09929941 0.18520996 0.0002948065 0.0038864189 0.00971999 0.069707945 0.0029585096 0.0024499532 2.699038e-05 0.0002036124 7.039569e-05 2.6368796e-05 0.0006019007 0.0059836507 0.011185155 0.0143359415 0.00018230734 0.00019195648 0.0013858179 1.307811e-05 5.542946e-06 8.440638e-05 4.6278765e-05 4.653905e-05 8.808551e-06 0.06487644 2.0349524e-05 9.145952e-07 6.4699116e-06 5.7764055e-07 0.037709903 0.030292368 2.4318392e-06 0.00041413284 0.0011638027 5.962488e-08 0.018677158 0.0067524114 3.576151e-06 0.07693284 5.973547e-06 1.0124052e-06 5.066941e-05 0.004082648 1.144587e-06 2.76416e-06 8.245881e-05 1.1532194e-05 6.224953e-07 0.000100516394
0.012400294 0.19115208 0.15546823 2.229e-20 0.53275454 0.70568764 0.055473253 0.15492345 0.14345829 0.20939332 0.05111698 0.04450852 0.018330248 0.33303368 0.030481085 0.024175867 0.21114404 0.09518776 0.14272271 0.112005785 0.23364262 0.14268224 0.021605676 0.26208308 0.009598612 0.046965733 0.010962257 0.061029647 0.0027613898 0.0029955984 0.15031148 0.020398788 0.0025665804 0.017380178 0.013270753 0.22489575 0.07143466 0.063290946 0.15898305 0.0029941204 0.003920355 0.011287204 0.004920222 0.0073442156 0.075056665 0.0025234744 0.014006527 0.0009746068 0.039761625 0.0027330904 0.009751692 0.07304959 0.058849245 0.0071478738 0.0025080044 0.0006400283 0.21362637 0.017656174 0.014517708 0.0008869826 0.0016975405 0.00075478444 0.0004196904 0.0061132996 0.025896123 0.0008088787 0.0021183984 0.00026853805 0.00027413442 0.005551252 1.0984677e-05 0.00012460044 0.00034916442 0.00017577661 0.0006845957 1.0972951e-05 0.012256146 0.00017226784 1.4701563e-05 4.975149e-05 8.942227e-07 0.0037112874 0.009714963 3.7604532e-05 9.143167e-06 0.00015744244 4.054967e-07 0.0036324381 0.009258548 1.8810866e-05 0.0064680064 3.133505e-05 6.1807645e-05 0.0005047031 0.0007825153 4.677294e-06 0.00058539794 3.3587908e-06 9.6591306e-05 0.00010329483 0.0018804115
0.0033761412 0.20640723 0.11129254 0.53275454 1.608645e-21 0.46399337 0.07572606 0.34103748 0.09002506 0.09024568 0.045043834 0.024338346 0.0115902955 0.12892304 0.026278315 0.04484686 0.40847102 0.2997668 0.060404934 0.03434573 0.3291505 0.04722994 0.021109493 0.2405169 0.012712712 0.09212067 0.0042739557 0.014099583 0.0026727528 0.004754162 0.10067385 0.03726603 0.0038800838 0.024766162 0.034247044 0.13244951 0.02733589 0.02595093 0.08045232 0.0066286027 0.0012087901 0.021978416 0.010767486 0.0018453789 0.015954942 0.0047921618 0.030243432 0.00023756645 0.015508706 0.01609413 0.0033458655 0.018579999 0.014015378 0.0031317857 0.003327165 0.0009165796 0.07223085 0.009007139 0.005158992 0.0067152255 0.0013854253 0.0007636146 0.0035280574 0.002678089 0.0076047764 0.00040255705 0.0013883227 0.0004096589 0.00036465016 0.0029787577 0.00012225758 0.00082692265 0.00049900415 0.00021799907 0.0007125124 3.507699e-05 0.008652286 0.00013312284 3.4144396e-05 0.00039061453 4.2084284e-07 0.0016714322 0.0035266175 0.0001749663 1.3260479e-05 0.00020367745 2.2534355e-06 0.0012446297 0.005769164 1.1920115e-05 0.0015663895 2.546557e-05 8.964608e-05 0.00084651937 0.00017772501 2.2911156e-05 0.00027857866 1.638277e-05 0.0003062551 8.5927044e-05 0.0013011046
0.065724134 0.16848738 0.19451393 0.70568764 0.46399337 5.4325378e-21 0.04988325 0.15595095 0.1662582 0.31855845 0.039681666 0.037758484 0.012511175 0.5357191 0.02993907 0.01641462 0.22191098 0.11516212 0.25768787 0.1926043 0.3553247 0.28621745 0.020704525 0.45427004 0.012435306 0.0818774 0.011906461 0.1162331 0.0015063216 0.0017467597 0.3537548 0.052961424 0.003069658 0.043421872 0.028888814 0.49430826 0.12212665 0.14284569 0.36277682 0.0043391767 0.005003007 0.017017636 0.0044093085 0.01091955 0.13556279 0.0010744478 0.0285714 0.0013484199 0.1009928 0.0037207743 0.013385888 0.132452 0.11251547 0.01159051 0.0024265493 0.0005161074 0.34429273 0.04311375 0.03571872 0.0021233407 0.0035339133 0.00036348513 0.00052469526 0.011526461 0.075891525 0.00042966742 0.0007992179 0.00021230003 0.000283977 0.015526872 5.769023e-05 0.00016958042 0.00014748432 0.00023166211 0.0005547375 2.927809e-05 0.012368234 0.00046185363 1.3698855e-05 8.6031425e-05 2.112639e-06 0.0036387483 0.029558884 1.8551562e-05 1.4308152e-05 6.635401e-05 4.5702402e-07 0.003749905 0.01852447 3.7387028e-06 0.011613724 4.8915932e-05 1.9248031e-05 0.0008840139 0.00017899803 4.542091e-06 0.0008901829 6.565133e-06 6.472736e-05 8.1849896e-05 0.0020682989
2.7077833e-05 0.11977614 0.10283188 0.055473253 0.07572606 0.04988325 1.14498615e-20 0.39800856 0.044529367 0.046026632 0.04899221 0.020468203 0.02815101 0.021120036 0.02955069 0.35524732 0.06820669 0.12844984 0.013230448 0.011984623 0.03283384 0.0111510875 0.056701973 0.013839267 0.010606811 0.011657316 0.0050092186 0.0056297625 0.09479177 0.00784191 0.0073100496 0.0032433723 0.0023336567 0.00179387 0.0070121824 0.009431743 0.01028219 0.0060915225 0.004136558 0.0014521099 0.0021655327 0.0057172757 0.0028682433 0.0028886767 0.0072635664 0.0013420975 0.0048558577 0.0008660875 0.002756225 0.0014513126 0.0035418908 0.0060698423 0.0048536565 0.0007387836 0.0022485596 0.0026073896 0.0048505585 0.00090020034 0.00064442644 0.00033846826 0.000513905 0.00064420496 0.00023769471 0.0009345448 0.00040291232 0.0021438776 0.0047598006 0.00022499291 0.00022448323 0.0005053523 6.3197265e-05 9.404805e-05 0.00021932722 5.8398884e-05 0.00045489817 1.4045048e-05 0.0020673256 0.00017606384 1.6947315e-05 0.00016141651 5.0972466e-07 0.0002712388 0.00042307726 9.7789e-05 0.00013601307 0.00048828893 5.338212e-07 0.0011456235 0.00065644574 1.6582479e-05 0.0006908994 7.137856e-05 3.9776565e-05 0.00040818905 0.00036693562 8.184045e-05 0.00021999757 7.754012e-05 0.00026865047 5.8093152e-05 0.0009814319
0.00088858785 0.18210706 0.10550615 0.15492345 0.34103748 0.15595095 0.39800856 1.7471013e-20 0.048349474 0.06494916 0.027742438 0.021963036 0.014580493 0.048970684 0.0196772 0.28608638 0.15231967 0.535407 0.028635284 0.019175181 0.099472575 0.023739055 0.026829597 0.039380193 0.010282367 0.018153107 0.003693441 0.004931515 0.0258647 0.00612706 0.01772663 0.0071323 0.0030966457 0.0045990124 0.010597651 0.021621823 0.011574945 0.008653213 0.008598485 0.0016749995 0.0019776276 0.016337609 0.008749026 0.0019724555 0.005807559 0.00068790594 0.026709232 0.0007567294 0.0039923317 0.02844906 0.0022211224 0.0062467824 0.0050343205 0.0009869621 0.0014092961 0.0030944638 0.021049054 0.00138521 0.0013077082 0.0017427348 0.00035216982 0.00030216307 0.005671101 0.0007947953 0.0014370858 0.0025174338 0.0016780269 0.00037861808 0.00025292457 0.00073403923 0.00015182966 0.00016993222 0.00018932467 9.290247e-05 0.00034458004 4.9106864e-05 0.0019094254 0.00021347392 1.649656e-05 0.00043766806 4.13671e-06 0.00035945667 0.00077809434 5.909088e-05 0.00013928195 0.00055117405 1.676137e-06 0.000895927 0.0012116056 3.6450725e-05 0.0017475063 9.511048e-05 5.010503e-05 0.00046518687 0.00034749164 5.165207e-05 0.00038289736 0.00034071793 0.00024921767 0.00012495361 0.0008786066
0.5128545 0.3925838 0.616849 0.14345829 0.09002506 0.1662582 0.044529367 0.048349474 5.796966e-17 0.63063794 0.44984445 0.81311363 0.49554336 0.37076235 0.34946272 0.01726184 0.06316749 0.021063536 0.46740624 0.54198486 0.04202463 0.26810122 0.22784625 0.21692967 0.123178236 0.021771388 0.2801113 0.5778292 0.0070127305 0.045004245 0.013446233 0.004778847 0.033913963 0.002774894 0.018960595 0.06224517 0.15194453 0.051617187 0.013232089 5.7407473e-05 0.14130495 0.005279461 0.0013591356 0.31928182 0.42601016 0.0001273948 0.0004502766 0.08318709 0.031073075 5.310721e-05 0.34980842 0.28394544 0.38183004 0.00027352208 0.0033199848 0.010401806 0.088461526 0.0030311856 0.0022822795 2.647311e-05 5.8003578e-05 2.9346129e-05 9.170439e-06 0.000500515 0.007850343 0.016421689 0.013804797 6.525238e-05 5.3361255e-05 0.0010192136 9.2657893e-07 7.251626e-06 9.479652e-05 7.270975e-06 3.536809e-05 6.962195e-07 0.3034792 2.6942418e-05 8.1865346e-07 9.1336454e-07 1.4833876e-07 0.19939853 0.08450294 1.2403207e-06 0.00036512775 0.0012310208 5.2429833e-08 0.032381017 0.008017119 4.767976e-06 0.14379713 1.0828534e-05 5.707007e-07 9.950886e-06 0.0042795925 2.113801e-07 3.9892657e-05 1.5679565e-05 3.4410796e-06 3.6163872e-06 0.0002446394
0.8618905 0.3842289 0.533004 0.20939332 0.09024568 0.31855845 0.046026632 0.06494916 0.63063794 4.282916e-18 0.18798353 0.47627756 0.23068349 0.41151643 0.11948247 0.018670797 0.024577977 0.013605959 0.66113687 0.62580353 0.034283224 0.40625796 0.09965874 0.1147814 0.036406096 0.012503922 0.15950668 0.5236555 0.0061410055 0.019888919 0.017758992 0.0028282546 0.013064941 0.001970086 0.0018397322 0.13793036 0.094049454 0.057918914 0.017915953 1.1034907e-05 0.06894547 0.00019288743 6.652744e-05 0.26733905 0.4734733 1.8459985e-05 1.2939251e-05 0.042751126 0.04578592 1.141421e-05 0.22220579 0.28304136 0.39418164 0.00017843407 0.0005560203 0.0034793105 0.23046583 0.0037183322 0.0021597845 1.04494e-06 9.864154e-05 9.469998e-06 6.4075346e-07 0.00024081812 0.02154035 0.0028678852 0.0029730236 1.9608357e-05 9.488214e-06 0.0016079502 3.864562e-08 3.025929e-07 3.2941775e-06 1.5923072e-06 1.4985979e-05 1.5112217e-07 0.3232219 2.048522e-05 3.011688e-08 7.878069e-08 1.4866965e-08 0.18957828 0.21582955 7.677775e-08 5.2200307e-05 0.00021027078 3.5072107e-09 0.023005826 0.021083625 9.22147e-08 0.25623545 1.215755e-05 4.917423e-08 2.788245e-06 0.0013101217 7.581176e-09 4.510169e-05 2.3980492e-06 6.142835e-08 2.2980976e-06 6.585655e-05
0.028178317 0.24436285 0.41487548 0.05111698 0.045043834 0.039681666 0.04899221 0.027742438 0.44984445 0.18798353 1.202526e-17 0.4276203 0.68096113 0.07807257 0.6846336 0.016310897 0.028282879 0.01864464 0.106340595 0.13867293 0.026148528 0.04429126 0.4132927 0.010463158 0.40229878 0.01716966 0.2922249 0.14740701 0.009310404 0.2842824 0.0069577987 0.010156837 0.22341126 0.005224825 0.013315663 0.0073253578 0.01026522 0.0044339723 0.004251175 0.0005650967 0.16254069 0.004286066 0.0023173778 0.17238416 0.054511946 0.0003491391 0.03723405 0.10381972 0.004441169 2.8341194e-05 0.10467149 0.009403798 0.023420004 0.00045055005 0.0014592177 0.07205086 0.004255495 0.0012133209 0.00068198197 0.0009391783 0.0001565922 8.6087406e-05 3.4256333e-05 0.0009245625 0.0014314913 0.040603142 0.041915122 8.0503574e-05 8.1e-05 0.0010761915 4.2169937e-05 9.3394956e-05 2.7081784e-05 3.5619963e-05 0.00016144529 3.6082986e-06 0.018880928 9.064391e-05 5.1919424e-06 1.3372872e-05 4.510975e-08 0.017780557 0.0019764607 8.6940045e-06 0.0058007813 0.002016007 1.1252058e-07 0.014057774 0.000778667 2.404326e-06 0.004294417 5.1581947e-06 2.0699777e-06 1.976113e-05 0.0038242026 2.585541e-06 1.9769855e-05 0.00021058685 1.7509408e-05 4.246302e-06 0.0002602765
0.7472082 0.2140074 0.46416956 0.04450852 0.024338346 0.037758484 0.020468203 0.021963036 0.81311363 0.47627756 0.4276203 6.1649827e-16 0.6448757 0.10127876 0.3288287 0.00867415 0.011484408 0.007432428 0.24306354 0.4446248 0.00794218 0.078896664 0.20053703 0.021908738 0.13041693 0.0066510756 0.49578932 0.5429287 0.0040903566 0.079842776 0.0036084743 0.0022345672 0.05065331 0.0011261662 0.010335228 0.020017602 0.06163345 0.016827261 0.0044345856 2.3223822e-05 0.27664295 0.0028669897 0.00033072542 0.5329232 0.37566674 5.077825e-05 9.5161566e-05 0.21052684 0.011416584 1.7331979e-05 0.503859 0.13914604 0.29577342 0.000108573695 0.0028277503 0.025290212 0.03911092 0.0015859007 0.0009356658 6.4224528e-06 2.3011931e-05 1.6757973e-05 2.185538e-06 0.00017879519 0.0026776586 0.019649686 0.0316453 3.569532e-05 1.925003e-05 0.0005984938 7.1929395e-07 4.3048913e-06 1.238898e-05 7.491535e-06 1.360156e-05 1.4008467e-06 0.39388457 6.5010036e-06 4.9610725e-07 1.3446321e-06 2.8250062e-07 0.31231424 0.030424967 5.578463e-07 0.0020921733 0.004800956 4.618328e-08 0.06555899 0.0010703676 1.8797406e-06 0.15722522 8.431756e-07 3.8221128e-07 1.2053004e-05 0.017334597 8.4378556e-08 1.8755522e-06 0.00011741497 8.4888313e-07 4.955398e-07 2.1844118e-05
0.37103796 0.14974631 0.42293572 0.018330248 0.0115902955 0.012511175 0.02815101 0.014580493 0.49554336 0.23068349 0.68096113 0.6448757 2.4825278e-18 0.01992824 0.6191681 0.008560312 0.0034180055 0.001401054 0.059851155 0.18753308 0.0028711292 0.012717059 0.41309094 0.0019232352 0.4620214 0.0025684193 0.72650313 0.19896415 0.0063665058 0.57076275 0.00065639813 0.0010373967 0.41251484 0.00023617603 0.0021063185 0.00077426626 0.008146341 0.0025063835 0.00019309245 1.0893608e-06 0.5042935 0.00020297687 2.3924995e-05 0.504112 0.051845364 1.8337502e-06 1.8208833e-05 0.46784154 0.00029575324 4.9881993e-07 0.26476002 0.011328313 0.029726915 7.0708998e-06 0.00012850089 0.2074587 0.003271889 5.908609e-05 2.0255136e-05 1.666726e-06 2.3106347e-06 3.854861e-07 1.5555541e-07 2.4637255e-05 5.165946e-05 0.16240531 0.14024371 5.240439e-06 1.3579947e-06 1.7222834e-05 1.1304708e-07 1.8443909e-06 8.236906e-07 1.0229949e-06 5.417573e-07 2.0946227e-07 0.062832616 1.8946706e-07 1.7019956e-07 2.12814e-07 5.2204787e-09 0.08056392 0.0006507769 3.219418e-08 0.019297455 0.0076184156 8.273198e-09 0.0386474 0.000107666434 8.9767596e-08 0.00806787 1.198522e-08 1.00956335e-07 3.150756e-07 0.031698357 1.03351185e-08 2.0548048e-07 0.000167294 1.7284503e-07 2.7154153e-08 3.1027912e-06
0.3063876 0.18265468 0.22365463 0.33303368 0.12892304 0.5357191 0.021120036 0.048970684 0.37076235 0.41151643 0.07807257 0.10127876 0.01992824 4.7904213e-18 0.054131813 0.0075210757 0.12085328 0.0230186 0.5339894 0.3441396 0.16291562 0.83604103 0.036387853 0.4712436 0.0105404 0.19025502 0.016015623 0.18963812 0.0015318869 0.0027273935 0.18409538 0.07491511 0.0027351542 0.057784837 0.0737296 0.26700205 0.3655052 0.16481438 0.16937837 0.003252985 0.013952152 0.0078693265 0.0020953903 0.02675181 0.28678253 0.002806865 0.002004234 0.0038520466 0.21131171 0.0007807085 0.069009125 0.31855997 0.29396433 0.016335327 0.007771644 0.00052836817 0.61637527 0.023851134 0.04321176 0.00025401014 0.001112456 0.0006991678 6.6426575e-05 0.019467775 0.07025836 0.0013692018 0.001203111 0.00034987726 0.00032283564 0.00866116 7.702318e-07 4.7609556e-06 0.00023959369 0.00023113246 0.00030804722 5.3836243e-06 0.078381725 0.00043759606 4.334294e-07 4.023283e-06 3.8923048e-07 0.035896234 0.12887897 1.0059028e-05 9.123925e-06 0.000112705144 7.715091e-08 0.0066592474 0.056360442 7.5671455e-06 0.07166603 0.00014301365 3.8475982e-06 0.0002738478 0.0002286653 1.1764329e-06 0.0008178544 2.493787e-07 1.8105318e-05 4.1585183e-05 0.0039483006
0.011506964 0.15770353 0.30132213 0.030481085 0.026278315 0.02993907 0.02955069 0.0196772 0.34946272 0.11948247 0.6846336 0.3288287 0.6191681 0.054131813 3.550486e-18 0.012924482 0.013438337 0.012272908 0.06803129 0.10051669 0.013258262 0.02994786 0.4494438 0.0046961647 0.44985867 0.010359854 0.27472028 0.104184106 0.018665224 0.34152853 0.0030340443 0.005242121 0.3302722 0.002131702 0.0054245424 0.0052796695 0.0152261555 0.0072233905 0.0022462704 0.00014085685 0.16071145 0.0017138282 0.00084188645 0.16847974 0.03158887 0.00014771825 0.012888081 0.10371093 0.0047111227 5.094285e-06 0.096868545 0.009474123 0.01661344 0.00040892803 0.0007465486 0.11700035 0.003663505 0.00053687487 0.0004316995 0.00014656437 3.808821e-05 1.9730263e-05 5.7905277e-06 0.000477286 0.00049784005 0.103927724 0.08086771 2.1514688e-05 2.2335089e-05 0.00029894794 4.8166726e-06 2.1035632e-05 3.269808e-06 1.0128056e-05 3.4628316e-05 5.392558e-07 0.015104544 2.421205e-05 7.3687977e-07 3.0065485e-06 1.2825736e-08 0.008333126 0.0005429941 1.2450481e-06 0.009310719 0.0033956848 9.817173e-09 0.015607769 0.0002594391 5.2295576e-07 0.0013468191 1.8596794e-06 5.3001764e-07 4.9053715e-06 0.004828419 2.2287574e-07 4.4658937e-06 0.00092439505 1.6931524e-06 5.560293e-07 6.066127e-05
1.0800832e-05 0.043813895 0.031505175 0.024175867 0.04484686 0.01641462 0.35524732 0.28608638 0.01726184 0.018670797 0.016310897 0.00867415 0.008560312 0.0075210757 0.012924482 1.5086607e-19 0.028381698 0.16980635 0.0062320335 0.006453056 0.015045845 0.0059660524 0.053558845 0.0025265748 0.0063234796 0.0018182328 0.0047218883 0.0021682905 0.3512106 0.0030488311 0.0037950394 0.0012298215 0.0012193243 0.00081883935 0.0026793513 0.005486515 0.0041072904 0.0048117624 0.0030579898 0.0006878843 0.0018775336 0.0025828672 0.0020071573 0.0031438798 0.0050684535 0.00026189542 0.001664012 0.001648181 0.0024637433 0.0032565 0.0016139073 0.004535627 0.004107825 0.0002736199 0.00032039845 0.0034911216 0.004293178 0.0012100219 0.0006592724 0.00030680848 0.00034252656 0.00020287391 0.0013878023 0.00051875896 0.0006756405 0.0017658002 0.0008015731 2.5949315e-05 1.9175146e-05 0.0005386829 4.4305623e-05 0.00013565735 9.402339e-05 4.942469e-06 0.00018909296 2.7789563e-06 0.0009840952 0.00017129573 9.39961e-06 0.0004099624 2.6321257e-07 0.0001230983 0.0015110034 3.9534016e-06 0.00069584046 0.00026962842 2.2909649e-07 0.00042559046 0.0006062083 2.0808939e-06 0.006833821 7.23717e-05 8.929006e-06 0.0001446128 0.0005100739 7.5189846e-06 9.297452e-05 0.000362553 2.2246699e-05 2.5834006e-05 0.0007639828
0.01889073 0.08242853 0.08002882 0.21114404 0.40847102 0.22191098 0.06820669 0.15231967 0.06316749 0.024577977 0.028282879 0.011484408 0.0034180055 0.12085328 0.013438337 0.028381698 1.3386704e-20 0.28219557 0.056971665 0.017729143 0.73062843 0.058593817 0.026677698 0.3959081 0.013261106 0.53371763 0.0026372268 0.0049627647 0.0010323988 0.0016517522 0.32247034 0.38393444 0.0027878834 0.24049728 0.5945279 0.18847737 0.035036094 0.032688215 0.20318687 0.082153365 0.0007349555 0.24205968 0.21924324 0.001963915 0.009368909 0.0518651 0.23770855 0.00022776164 0.038921345 0.019869758 0.0024144973 0.024472993 0.011355765 0.036181938 0.03963558 8.632491e-05 0.03783326 0.06525972 0.033887427 0.041962966 0.026329802 0.013942643 0.012408219 0.026433695 0.046780746 4.445499e-05 6.522718e-05 0.0070455302 0.008384251 0.023124639 0.0032207023 0.011764358 0.009602054 0.0062007173 0.003632876 0.0044671167 0.005200858 0.0037298624 0.0011170576 0.003679524 0.00058359304 0.0018696932 0.011226093 0.002310925 1.2710801e-06 3.005922e-05 3.83861e-05 0.0012247307 0.021403601 0.0016488705 0.0014823844 0.001738714 0.00019311566 0.0036286467 6.2388484e-05 0.00043199974 0.0042379163 3.8306316e-06 0.001571168 0.0015391465 0.008580889
0.0005921183 0.051324435 0.04314035 0.09518776 0.2997668 0.11516212 0.12844984 0.535407 0.021063536 0.013605959 0.01864464 0.007432428 0.001401054 0.0230186 0.012272908 0.16980635 0.28219557 2.868049e-20 0.012099799 0.0055058617 0.20380767 0.008226391 0.011225902 0.06058032 0.008890453 0.032635856 0.00020816221 0.00036697343 0.0047219717 0.0036848194 0.026798537 0.013693077 0.0018702486 0.007236411 0.026443535 0.026654264 0.005717363 0.0037474956 0.008351895 0.0028509644 0.00013856705 0.029320996 0.011415599 0.00017635574 0.0004321003 0.0005548396 0.14782608 4.636526e-05 0.00070031657 0.13731453 0.00016884955 0.0025172874 0.0005693181 9.7695505e-05 0.00056571595 0.00026039244 0.0039912257 0.00015749139 8.082212e-05 0.015499901 0.0004888411 0.00011052355 0.033587944 8.588567e-05 0.00015573051 0.00026211631 0.0002700597 5.923481e-05 6.5031345e-05 8.044471e-05 0.0011435327 0.0012980883 6.676126e-05 2.8817662e-05 0.00011134484 2.8666847e-05 0.0005512384 2.381695e-05 4.9561518e-06 0.0049963864 6.829904e-07 0.00023084457 0.0005476987 2.4850884e-05 3.7681123e-06 4.6464324e-05 2.2169837e-07 0.0011695505 0.001021991 1.4445946e-05 0.0005952013 1.2645771e-05 3.2560508e-06 0.000113015674 0.00013643972 4.48725e-05 3.3313703e-05 5.609202e-05 0.00016838386 9.423196e-06 0.00018744206
0.66902816 0.17409594 0.3021734 0.14272271 0.060404934 0.25768787 0.013230448 0.028635284 0.46740624 0.66113687 0.106340595 0.24306354 0.059851155 0.5339894 0.06803129 0.0062320335 0.056971665 0.012099799 1.1437436e-17 0.6956353 0.072673395 0.60128385 0.043683298 0.26033378 0.009994269 0.030538766 0.06118612 0.5540957 0.0008374226 0.0059517687 0.063393615 0.009950299 0.003959947 0.00980423 0.012557943 0.234661 0.17174958 0.09339483 0.07292284 0.00015892443 0.033336584 0.0012290108 0.00029241215 0.12818989 0.5483922 0.00015741227 0.00010529598 0.01230988 0.18355256 7.804855e-05 0.22229618 0.40335062 0.49430707 0.0035526436 0.0017040789 0.00053660304 0.2821523 0.01328484 0.015336535 1.858549e-05 0.0002898202 8.733424e-05 7.810502e-06 0.004105264 0.08553282 0.0010025285 0.0007903265 0.00012838478 9.598708e-05 0.0045261793 1.7535778e-07 2.6870455e-06 3.8657876e-05 2.2924683e-05 8.4065294e-05 4.7822493e-07 0.280671 0.00017152456 1.9443594e-07 1.5204467e-06 1.5508024e-07 0.11460498 0.2606688 1.2410543e-06 2.265134e-05 0.00010740646 1.6373358e-08 0.007829917 0.039887328 8.074831e-07 0.20163345 6.3475476e-05 3.5889647e-07 2.0621881e-05 0.00024643212 1.4782584e-07 0.0003949151 1.1148891e-06 1.4481636e-06 1.6053644e-05 0.00048127095
0.8887344 0.2144382 0.36035135 0.112005785 0.03434573 0.1926043 0.011984623 0.019175181 0.54198486 0.62580353 0.13867293 0.4446248 0.18753308 0.3441396 0.10051669 0.006453056 0.017729143 0.0055058617 0.6956353 8.277394e-17 0.022117268 0.39346558 0.06421245 0.104499474 0.027546884 0.010791937 0.18578766 0.7125478 0.0025536856 0.018704444 0.018191285 0.0040078484 0.010929959 0.0034003416 0.0040317276 0.1061014 0.16512273 0.0832856 0.019458205 4.7628837e-05 0.11676832 0.0002296518 9.282311e-05 0.37994528 0.616944 5.499142e-05 1.3281843e-05 0.054320924 0.06884361 1.2365774e-05 0.46748653 0.39984822 0.4903261 0.00031512685 0.00097628403 0.003167394 0.19066428 0.004002148 0.00315916 7.993154e-06 0.00018409816 3.444043e-05 1.5949881e-06 0.0005519815 0.029661095 0.0037634296 0.0034936627 3.5912075e-05 2.5689811e-05 0.001633356 8.90624e-08 2.5496224e-06 1.6703723e-05 1.0589028e-05 6.233746e-05 9.077445e-07 0.4444464 5.3833548e-05 4.5436616e-07 5.1452025e-07 9.546857e-08 0.2719445 0.22873922 1.5852041e-06 5.7122943e-05 0.00037865655 1.0882569e-08 0.026502782 0.017492196 3.8544513e-06 0.19560899 4.6777328e-05 2.6174047e-07 8.520914e-06 0.0012963917 1.9757432e-07 0.00017856956 2.7214744e-06 1.0216728e-06 1.4928065e-05 0.00010003862
0.15100785 0.063289195 0.0952016 0.23364262 0.3291505 0.3553247 0.03283384 0.099472575 0.04202463 0.034283224 0.026148528 0.00794218 0.0028711292 0.16291562 0.013258262 0.015045845 0.73062843 0.20380767 0.072673395 0.022117268 1.301897e-19 0.07796316 0.032211225 0.5933269 0.021933366 0.7971442 0.0031123476 0.0065920074 0.00077056687 0.004517162 0.5868817 0.72680265 0.006297121 0.5675149 0.76562643 0.46836504 0.03624688 0.05900457 0.44454134 0.294297 0.0013458537 0.3167671 0.2434049 0.0022695 0.010227316 0.15035649 0.37047565 0.00033622602 0.0766499 0.01079185 0.0028422351 0.025442978 0.011139247 0.085950315 0.06207661 0.00013652522 0.06659305 0.20762868 0.09905331 0.054637626 0.09780696 0.04806047 0.007272785 0.056334313 0.16324513 0.00010966586 4.2000967e-05 0.009862659 0.01236528 0.099092565 0.0042635705 0.007698118 0.016507557 0.009763763 0.015239717 0.013295164 0.004641665 0.020474236 0.0030315542 0.002499256 0.0011703856 0.002344848 0.026712876 0.0041980804 2.5836603e-06 2.0341278e-05 5.621594e-05 0.00085373083 0.03903902 0.004630462 0.0038766295 0.004372626 0.00043895887 0.009121273 1.6675473e-05 0.0017854122 0.009091228 9.060973e-06 0.004906119 0.005497047 0.017038269
0.70490056 0.09938307 0.17133904 0.14268224 0.04722994 0.28621745 0.0111510875 0.023739055 0.26810122 0.40625796 0.04429126 0.078896664 0.012717059 0.83604103 0.02994786 0.0059660524 0.058593817 0.008226391 0.60128385 0.39346558 0.07796316 4.622764e-18 0.01586098 0.327498 0.003595167 0.051527373 0.019420346 0.24950714 0.00094866124 0.0015633972 0.1126561 0.022126503 0.0013932374 0.017783787 0.02092151 0.30107749 0.39603317 0.15429616 0.11403483 0.001472388 0.008820568 0.0035014527 0.00062100025 0.0334223 0.38770142 0.0009907564 0.0009911727 0.002612197 0.24485055 0.00018076152 0.09239394 0.37338433 0.38520935 0.0063574165 0.0025985995 0.00027910038 0.62444776 0.025311077 0.033879265 0.00011963992 0.00044352366 0.0002689966 2.0065507e-05 0.0073511815 0.10677358 0.0006289016 0.000627252 0.00024037827 0.00020930964 0.0070498753 9.817342e-07 4.3471746e-06 0.000121570345 0.00016283989 9.8851924e-05 3.26181e-06 0.18456703 0.00016481095 8.0713977e-07 1.8698053e-06 4.1788692e-07 0.050532155 0.2791502 6.6543075e-06 6.6696452e-06 4.2276974e-05 8.6244384e-08 0.0050672167 0.096023515 1.5363988e-06 0.1553416 6.878268e-05 1.8013048e-06 0.00015879808 3.6116056e-05 7.788727e-07 0.0004730375 7.789106e-07 5.7698458e-06 2.3873983e-05 0.00090041326
0.0015755458 0.12584761 0.22789319 0.021605676 0.021109493 0.020704525 0.056701973 0.026829597 0.22784625 0.09965874 0.4132927 0.20053703 0.41309094 0.036387853 0.4494438 0.053558845 0.026677698 0.011225902 0.043683298 0.06421245 0.032211225 0.01586098 3.4717734e-18 0.0070605874 0.53204495 0.012995446 0.09810345 0.039171293 0.114195555 0.21698882 0.0060991286 0.004907637 0.19185619 0.0034420285 0.0067395284 0.006278906 0.013928914 0.009016636 0.0050225593 0.0006178767 0.042278595 0.0035494196 0.0020257398 0.03763205 0.012228121 0.00027149575 0.010564689 0.029273199 0.0046416586 0.0001536018 0.02474672 0.008378016 0.007397277 0.0012075687 0.0005087219 0.14081858 0.0022836283 0.0012835826 0.0016677342 0.00014699719 0.00056814705 4.6054178e-05 0.00013708284 0.0016755345 0.0008767233 0.09542733 0.05106196 3.518431e-05 4.4274882e-05 0.0010760027 4.1732837e-06 0.00010626534 8.076646e-06 3.650795e-05 0.0003191122 3.8885275e-07 0.003250011 0.000189761 6.219897e-07 0.0002256343 1.0309922e-07 0.0016332959 0.00042343713 1.1244291e-05 0.016419362 0.00197629 2.047463e-09 0.00946995 0.0005044682 9.303057e-07 0.0010625228 2.4766468e-05 4.0448558e-07 9.331306e-05 0.0031780477 3.3247259e-06 9.9621335e-05 0.012122379 4.9914637e-05 1.4192391e-05 0.0010542254
0.26069322 0.16274615 0.10850103 0.26208308 0.2405169 0.45427004 0.013839267 0.039380193 0.21692967 0.1147814 0.010463158 0.021908738 0.0019232352 0.4712436 0.0046961647 0.0025265748 0.3959081 0.06058032 0.26033378 0.104499474 0.5933269 0.327498 0.0070605874 1.4056098e-19 0.0014268851 0.6196426 0.005655822 0.05276677 8.9319656e-05 0.00064234977 0.8315695 0.6297381 0.00049356814 0.6180815 0.35087803 0.5717513 0.13522948 0.12405019 0.57105136 0.08933608 0.0034017947 0.04503244 0.022323368 0.0066839084 0.08919573 0.031984758 0.024566447 0.0009916408 0.3358126 0.0010115647 0.008386143 0.20311923 0.17326981 0.09753623 0.021396745 1.1888283e-05 0.20076166 0.1447413 0.16581868 0.00036272156 0.017476663 0.006475274 0.00016657425 0.07044679 0.24281931 1.0506713e-05 1.4179241e-05 0.0027638122 0.0031405387 0.07664674 7.2458674e-06 1.6525453e-05 0.0029732957 0.0022514218 0.0028590101 2.8417542e-05 0.008681003 0.005032602 1.7106113e-06 1.107833e-05 2.0453467e-06 0.004177668 0.17563313 0.0005263072 5.5701014e-07 6.750845e-06 1.1345155e-07 0.0007454974 0.17432728 3.2992662e-05 0.02360045 0.0017815726 1.9667507e-06 0.0019451155 2.1725355e-06 4.1510455e-05 0.005989537 3.2855212e-08 0.00018093728 0.0016948456 0.012933181
0.0020333733 0.036290847 0.08080717 0.009598612 0.012712712 0.012435306 0.010606811 0.010282367 0.123178236 0.036406096 0.40229878 0.13041693 0.4620214 0.0105404 0.44985867 0.0063234796 0.013261106 0.008890453 0.009994269 0.027546884 0.021933366 0.003595167 0.53204495 0.0014268851 6.679973e-20 0.0033586773 0.12209826 0.021737238 0.02436966 0.391242 0.0024521716 0.001419403 0.491585 0.0006789485 0.002184286 0.0025561147 0.006607084 0.002336381 0.0013262181 9.251133e-05 0.08196778 0.00021382395 5.116738e-05 0.046090245 0.004572375 2.1556607e-05 0.012000005 0.052620284 0.0010140475 1.3964392e-05 0.02395012 0.004570343 0.0031282008 0.0001202214 2.6889385e-05 0.2509327 0.00078912557 0.00016430907 6.144924e-05 5.822316e-05 4.6376404e-05 4.534621e-06 1.371258e-05 7.056016e-05 0.00011876946 0.24319552 0.19711545 4.454825e-06 4.237637e-06 0.00018112182 3.783847e-07 1.3679402e-05 1.8230857e-06 8.722158e-06 2.1428154e-05 7.0015385e-09 0.0025373467 2.5017478e-05 7.319676e-08 1.04693545e-05 1.3130208e-09 0.0009605178 5.1668627e-05 1.6337654e-06 0.02504713 0.0040816674 2.825096e-10 0.012938276 3.498422e-05 3.9736787e-07 0.0002034895 4.8989064e-06 7.7255464e-08 4.5407396e-06 0.004845202 2.2749082e-07 1.4035837e-05 0.0032197286 4.1341023e-06 5.261198e-07 0.000103044724
0.052302632 0.01266321 0.02257132 0.046965733 0.09212067 0.0818774 0.011657316 0.018153107 0.021771388 0.012503922 0.01716966 0.0066510756 0.0025684193 0.19025502 0.010359854 0.0018182328 0.53371763 0.032635856 0.030538766 0.010791937 0.7971442 0.051527373 0.012995446 0.6196426 0.0033586773 3.8453145e-22 0.0028188017 0.0050990437 1.11872705e-05 0.0026058857 0.57644176 0.8245983 0.00068690523 0.62892264 0.7796295 0.34916374 0.08114143 0.053227372 0.4434625 0.3393825 0.0003010198 0.1952409 0.16286016 0.0017876758 0.012574793 0.40568492 0.151376 8.268971e-05 0.09447537 0.00056631543 0.00055764476 0.030147841 0.012280038 0.21948642 0.15101346 2.1363408e-05 0.04137593 0.21458703 0.16279294 0.016840002 0.111606345 0.13712719 0.00077447895 0.1881094 0.14940748 0.00011382225 7.294016e-05 0.025032235 0.026645083 0.11941218 0.0010394235 0.0016766256 0.031352043 0.016948676 0.056774657 0.008313465 0.0011696023 0.039971158 0.00079389836 0.0003034704 0.0020111832 0.00070901786 0.01845177 0.008757106 5.772958e-07 1.523766e-05 1.1788244e-05 0.00020199147 0.06171796 0.0042756074 0.00056481035 0.011816182 0.0004011649 0.030842138 8.043915e-06 0.003351237 0.023607725 5.4407455e-08 0.0058911643 0.01186145 0.041845564
0.6642756 0.04411172 0.13243695 0.010962257 0.0042739557 0.011906461 0.0050092186 0.003693441 0.2801113 0.15950668 0.2922249 0.49578932 0.72650313 0.016015623 0.27472028 0.0047218883 0.0026372268 0.00020816221 0.06118612 0.18578766 0.0031123476 0.019420346 0.09810345 0.005655822 0.12209826 0.0028188017 2.4572598e-17 0.28614926 0.0018761938 0.28075832 0.0014711092 0.0017829587 0.15595587 0.00043560102 0.0010915932 0.0018536663 0.0092441 0.0024277794 0.00087918714 3.974913e-06 0.763667 0.000108218504 2.0961035e-05 0.6650987 0.076074846 6.0879324e-06 3.2665102e-06 0.43227962 0.0015044791 8.8274084e-07 0.39729503 0.019948753 0.04435424 1.6432654e-05 6.498156e-05 0.052960213 0.0032140946 0.00013148462 9.1977345e-05 3.0133728e-07 6.291394e-06 4.6938494e-06 3.31912e-07 2.4238961e-05 0.00041519856 0.030912057 0.06739434 3.548947e-06 8.413482e-07 5.365155e-05 1.08762464e-07 3.3683546e-07 1.934012e-07 8.847366e-07 3.2646326e-06 2.2509064e-07 0.16511838 2.9626204e-07 4.4763055e-08 2.202752e-07 3.2608423e-08 0.17526029 0.0027497206 6.414715e-08 0.006475721 0.016721912 1.2304149e-08 0.026911547 0.0006004636 3.4963456e-08 0.015698338 4.2798018e-08 1.4965097e-07 3.8121914e-06 0.02477606 5.537004e-09 1.029467e-06 0.00025644174 1.2426182e-07 1.09341116e-07 8.100721e-06
0.9169481 0.16765721 0.31876838 0.061029647 0.014099583 0.1162331 0.0056297625 0.004931515 0.5778292 0.5236555 0.14740701 0.5429287 0.19896415 0.18963812 0.104184106 0.0021682905 0.0049627647 0.00036697343 0.5540957 0.7125478 0.0065920074 0.24950714 0.039171293 0.05276677 0.021737238 0.0050990437 0.28614926 3.551082e-18 0.0008436611 0.01655568 0.0066524395 0.002420346 0.0090284115 0.0019179481 0.002271156 0.028603448 0.14701869 0.05317594 0.0065409574 4.5839948e-05 0.17705904 6.33021e-05 3.5252284e-05 0.54982346 0.73470676 5.948979e-05 6.197542e-06 0.07410003 0.02568685 1.1651601e-06 0.6229398 0.38214037 0.575247 8.560976e-05 0.0004391098 0.002152411 0.09272176 0.0010309038 0.0005012207 2.3042685e-06 0.00012490287 3.1157626e-05 5.0184985e-07 0.00021212175 0.00891521 0.0058833486 0.0051876693 3.8715618e-05 2.4989653e-05 0.00040386236 3.0675753e-08 6.4509936e-07 4.242374e-05 1.7607199e-05 2.796547e-05 3.577732e-07 0.5550198 3.741612e-05 3.808356e-07 1.9689456e-07 2.3004457e-08 0.38844052 0.16905324 1.6407668e-06 9.477294e-05 0.00049337075 8.147978e-09 0.03132835 0.0066661737 2.4264739e-06 0.16629545 5.140572e-05 4.27002e-07 2.0223893e-06 0.0013826707 4.8073698e-08 0.0001119762 3.338735e-06 1.0444278e-06 1.698111e-05 3.1356485e-05
1.1878231e-05 0.010423842 0.010955511 0.0027613898 0.0026727528 0.0015063216 0.09479177 0.0258647 0.0070127305 0.0061410055 0.009310404 0.0040903566 0.0063665058 0.0015318869 0.018665224 0.3512106 0.0010323988 0.0047219717 0.0008374226 0.0025536856 0.00077056687 0.00094866124 0.114195555 8.9319656e-05 0.02436966 1.11872705e-05 0.0018761938 0.0008436611 2.2123405e-17 0.0037258968 0.00015638505 1.1751472e-05 0.002870886 3.369367e-05 4.088276e-05 0.000761254 0.0016681135 0.001744118 0.0005041109 3.299172e-05 0.0006435044 0.00018041793 6.263804e-05 0.0013851637 0.0041849473 1.4919e-05 1.2948496e-05 0.00012664967 0.0026579855 4.179738e-05 0.0012536877 0.0049707033 0.0041047037 1.46964585e-05 2.5633233e-05 0.007346801 0.0026374732 0.00022836216 0.00028094705 5.9336044e-06 0.00010824112 1.7883023e-05 8.454337e-06 3.771641e-05 0.00040730266 0.0014719624 0.0007050793 4.461549e-07 7.7519564e-07 0.00014219087 6.049304e-07 1.804102e-06 2.0468892e-07 2.0721414e-07 4.7140456e-06 7.714793e-09 0.0010543984 9.518629e-06 6.178672e-09 7.882948e-06 4.128368e-09 7.624579e-05 0.0036378058 1.4239502e-07 0.0036599047 4.3370186e-05 1.5893305e-10 0.00038951272 0.00039535546 1.0537934e-08 0.0062693413 3.963772e-06 2.0348425e-08 1.2250051e-05 0.00012022473 7.11158e-07 6.4580886e-06 0.003620249 2.6991188e-06 7.556756e-07 9.3481474e-05
0.020413518 0.016251847 0.024359554 0.0029955984 0.004754162 0.0017467597 0.00784191 0.00612706 0.045004245 0.019888919 0.2842824 0.079842776 0.57076275 0.0027273935 0.34152853 0.0030488311 0.0016517522 0.0036848194 0.0059517687 0.018704444 0.004517162 0.0015633972 0.21698882 0.00064234977 0.391242 0.0026058857 0.28075832 0.01655568 0.0037258968 3.8059924e-18 0.0008322992 0.00052662555 0.5811809 8.411204e-05 0.0018663999 0.0003573277 0.0012493975 0.00037335596 0.00060680194 6.6304456e-06 0.33475688 0.00018223729 0.00010465467 0.13263111 0.0040071867 2.2947565e-05 0.0007240439 0.40383106 0.00012895008 4.9517957e-06 0.07094315 0.0014701268 0.001720887 4.394797e-05 0.0003898035 0.38011613 9.8160315e-05 0.00012552345 4.1369876e-05 1.25010065e-05 3.5651553e-06 3.2217708e-06 3.1787476e-06 7.877194e-05 1.234626e-05 0.49832204 0.30949432 1.124825e-05 1.1248926e-05 3.312056e-05 7.4242337e-07 6.5447916e-06 3.8857975e-06 2.6624605e-06 3.073054e-06 2.8695675e-07 0.006338329 1.4852101e-06 3.5037607e-07 1.6062887e-06 1.4794945e-08 0.010100532 6.28859e-05 1.744795e-07 0.07634893 0.013587623 2.7216895e-08 0.024222188 2.5283834e-05 1.9955166e-07 0.00027647114 1.755574e-07 1.2272801e-06 2.2956049e-06 0.011984754 4.976366e-08 5.6013704e-07 0.0006030734 5.350148e-07 1.4697721e-07 1.4651118e-05
0.5187896 0.027444672 0.036807496 0.15031148 0.10067385 0.3537548 0.0073100496 0.01772663 0.013446233 0.017758992 0.0069577987 0.0036084743 0.00065639813 0.18409538 0.0030340443 0.0037950394 0.32247034 0.026798537 0.063393615 0.018191285 0.5868817 0.1126561 0.0060991286 0.8315695 0.0024521716 0.57644176 0.0014711092 0.0066524395 0.00015638505 0.0008322992 4.1692953e-20 0.6916794 0.00073859334 0.7570709 0.43662736 0.7015963 0.060740817 0.09191149 0.73199123 0.44683987 0.0010398943 0.09761707 0.055031795 0.0033907178 0.039831515 0.1530792 0.07637968 0.00025400435 0.28513286 0.0017444973 0.0030332326 0.11775252 0.091628276 0.18740296 0.045875166 4.4260985e-05 0.15273173 0.29260758 0.25713125 0.005911856 0.0929909 0.055017047 0.0008088447 0.14931755 0.4119102 2.935181e-05 6.0648977e-06 0.007951961 0.010642767 0.18622243 0.00023220669 0.0005765569 0.011132227 0.009025028 0.046426084 0.00088332954 0.0035006267 0.0363509 0.00010676094 0.00016010614 9.608966e-05 0.0017890112 0.16272643 0.0048065684 2.2861361e-06 3.1507516e-06 4.425738e-06 0.00015471 0.27880847 0.0011441691 0.015076879 0.011310851 3.879638e-05 0.024865754 5.760024e-07 0.001853563 0.024242202 1.0921705e-06 0.0052178986 0.016348645 0.05740778
0.17098705 0.004242083 0.0068878164 0.020398788 0.03726603 0.052961424 0.0032433723 0.0071323 0.004778847 0.0028282546 0.010156837 0.0022345672 0.0010373967 0.07491511 0.005242121 0.0012298215 0.38393444 0.013693077 0.009950299 0.0040078484 0.72680265 0.022126503 0.004907637 0.6297381 0.001419403 0.8245983 0.0017829587 0.002420346 1.1751472e-05 0.00052662555 0.6916794 1.7424206e-22 0.00029144887 0.82868385 0.68034506 0.49688938 0.05193301 0.04620663 0.5345814 0.62452525 9.8344804e-05 0.16059665 0.117493786 0.0009882897 0.011596409 0.6203133 0.15668996 1.9414929e-05 0.11065544 0.00018919019 0.0008381033 0.030886812 0.014962545 0.24242109 0.19608541 5.8281903e-06 0.0494644 0.346944 0.19995646 0.0075667775 0.2236192 0.22529592 0.0002539823 0.22210407 0.2733074 2.2995258e-05 3.6134916e-06 0.024257718 0.028466877 0.22149312 0.00044008848 0.00047874844 0.022142878 0.01665073 0.112615205 0.008325587 0.0011518648 0.097041845 0.00039771045 0.00015809934 0.0015026422 0.0005614359 0.033277147 0.006690624 3.26616e-07 2.073554e-06 6.5290687e-06 4.880638e-05 0.12633833 0.0029354992 0.0010637033 0.02462405 0.00031395428 0.051104363 3.5561106e-07 0.0023723568 0.04294092 1.4608369e-07 0.0047915136 0.03328049 0.08037907
