8.6586e-41 0.02391494 0.02424823 0.0041287467 0.033072725 0.0018285707 0.08461927 0.05601216 0.04368494 0.15442689 0.010960104 0.03246884 0.036851633 0.010250913 0.04323101 0.022006186 0.0018041778 0.0013883398 0.0008350374 0.00091082294 0.6940167 0.4138637 0.63631135 0.08696571 0.24291147 0.12171362 0.8142249 0.8071038 0.6551694 0.25096542 0.82252383 0.31248823 0.24753594 0.815905 0.38174373 0.00013040131 0.17273574 0.0016783084 0.0013390924 0.88035923 0.00079009886 0.94850427 0.00036863994 0.18447818 0.00019515608 0.010534933 0.9687116 0.93097097 0.0011813799 0.7510792 0.017640917 0.0005528065 0.08907858 0.0030100327 0.28048438 0.00078299496 0.959261 0.0018177906 0.00013712535 7.742087e-05 0.638496 0.8428519 0.98106533 0.9854585 0.31973362 5.2832984e-06 0.00028622142 0.97825474 0.00047432727 1.1106818e-05 0.0012382361 0.9831225 0.8165087 0.98353624 1.5912203e-06 0.00015522074 0.2826745 2.7341602e-07 2.641178e-07 0.72174543 0.0038868394 0.4051725 0.990341 0.04477932 0.97143567 0.78608996 0.790469 3.999698e-08 0.93968284 3.668796e-08 0.99727833 0.00047757305 1.8145195e-07 0.99817264 0.8937283 1.3743784e-06 2.7140173e-08 0.9935631 2.356337e-07 0.4512713 0.0011995136
0.02391494 4.8073286e-21 0.5862664 0.52821517 0.4382361 0.64758825 0.43311822 0.4626008 0.43654302 0.40766266 0.3413868 0.055836413 0.10265945 0.36788842 0.047507253 0.08058675 0.21854015 0.3102246 0.32841584 0.29226786 0.4193129 0.3904418 0.29495353 0.105436675 0.11615319 0.011533789 0.25739497 0.1693052 0.08093093 0.057606693 0.13416344 0.07115542 0.05386397 0.06262252 0.0060156956 0.012198367 0.0031962693 0.32077834 0.0033133738 0.044870246 0.01152074 0.07694396 0.24334118 0.01633637 0.023267964 0.0007231281 0.064651385 0.1434253 0.009029372 0.010980913 8.153647e-05 0.10325217 0.012095755 0.0060218656 0.0068989657 0.0012567649 0.013345864 9.953392e-06 0.0009823809 0.006306045 0.0023122784 0.0046352376 0.060145546 0.034692764 0.0019562056 0.009058614 0.000797725 0.02065726 0.00069558044 0.0052854507 0.0016074153 0.03529828 0.00050411734 0.024001835 0.00063500094 5.322413e-05 0.0033005176 0.0014774306 0.0059436657 0.010151429 0.0004287974 0.0008452423 0.018428624 9.960318e-05 0.012822932 0.0041714474 6.2849205e-05 0.0034078406 0.0066555045 0.0016571697 0.0075142537 3.15661e-06 7.413968e-05 0.0110928565 0.010538821 0.011657216 0.00030164197 0.002139585 1.6198976e-07 4.5823166e-05 0.00015789985
0.02424823 0.5862664 9.6953395e-21 0.36755586 0.6907107 0.31134352 0.4821993 0.5712347 0.49404964 0.39591986 0.29462987 0.029568005 0.072050944 0.15416367 0.030229762 0.02605992 0.093172915 0.10884295 0.137359 0.11692371 0.41045037 0.39014837 0.17663059 0.046652336 0.15558425 0.0066902353 0.22350897 0.28433686 0.07979796 0.026884807 0.13239445 0.11277905 0.041959204 0.0984107 0.0022951409 0.0030675232 0.0018845325 0.11513796 0.00038810234 0.0920646 0.0070820865 0.09583657 0.09434557 0.0073900525 0.0041658976 0.0003142886 0.105374016 0.21447955 0.00083695 0.031036424 0.00018812741 0.01756117 0.002339352 0.0014013039 0.0018157322 0.00013271872 0.024979519 2.4052099e-05 4.682902e-05 0.0004965733 0.0020310788 0.003801511 0.1406217 0.08377606 0.0011874326 0.0015615078 6.598486e-05 0.014928017 5.4939734e-05 0.000436586 0.0006976292 0.08399738 0.0017299553 0.080422305 1.5781607e-05 1.3124501e-05 0.0022842174 0.00012926491 0.00028959062 0.014039821 0.00034394083 0.0005303635 0.034222737 0.00012534857 0.03154089 0.0033870852 0.0005875143 0.00036783778 0.004999025 0.00020086538 0.016839767 2.7015112e-06 1.4907899e-06 0.009631223 0.023335414 0.0022284933 1.4286989e-05 0.004763983 6.413247e-08 0.0002481712 0.00010754196
0.0041287467 0.52821517 0.36755586 4.5643713e-21 0.18429697 0.31982505 0.44672367 0.24698912 0.2164945 0.14725839 0.47472864 0.14871615 0.22314504 0.19431078 0.110221125 0.27172676 0.09629881 0.5309572 0.49417147 0.15452212 0.38795412 0.16421534 0.05706612 0.024961453 0.07864325 0.04145202 0.08540469 0.19204606 0.012809261 0.011130019 0.044937287 0.049224257 0.01169449 0.025692957 0.026413018 0.07623806 0.017795876 0.17502856 0.034397453 0.013589037 0.1787943 0.029007683 0.1081267 0.008774938 0.013011412 0.01477177 0.022159452 0.076212116 0.0019184485 0.061419692 0.0038457185 0.046258837 0.004644599 0.0019469638 0.0047862018 0.008638689 0.05251919 0.00068965356 0.00451576 0.041913524 0.014007382 0.025336575 0.055697303 0.051783197 0.008598927 0.014215914 0.0021821624 0.0039754836 0.0019197306 0.024295446 0.0009843241 0.023673559 0.014094341 0.037806697 0.0033293508 0.00016663845 0.004175308 0.0031192754 0.0020714828 0.0076845633 0.0004216574 0.0074095377 0.015048501 0.0025687215 0.018412737 0.0052613863 0.004595415 0.0014525033 0.0034093282 0.0019504027 0.0022221787 3.7310398e-05 0.00062388787 0.005349702 0.02008026 0.0065509956 0.000727972 0.0069348044 1.265833e-05 0.0022754467 0.00035391693
0.033072725 0.4382361 0.6907107 0.18429697 1.4831925e-20 0.18084982 0.41064236 0.72904414 0.37879574 0.3574034 0.19196022 0.022963403 0.04708159 0.11278634 0.021701751 0.018493267 0.07080722 0.061543614 0.067219175 0.07656211 0.36409858 0.3372187 0.17013997 0.053432602 0.18547702 0.0065885917 0.2580358 0.27966288 0.11481652 0.033824507 0.14156091 0.16713089 0.066582344 0.16402124 0.0021455751 0.0014013279 0.0019627414 0.0921127 0.00038891454 0.17878501 0.0060495413 0.12736486 0.044224914 0.007667759 0.0040669874 0.00047206273 0.14240561 0.24187037 0.0008181037 0.04538056 0.00030372234 0.011480423 0.001863229 0.0011279542 0.0022230146 0.00043699468 0.034526777 2.2158634e-05 2.5772139e-05 0.0004995024 0.0027088178 0.005836551 0.16483726 0.114462376 0.0014480967 0.00094852055 0.00029476234 0.022011254 0.0001493592 0.00046198798 0.000624058 0.11135339 0.0023390676 0.12754355 2.1530679e-05 3.204967e-05 0.002365772 0.00010916135 0.000515063 0.021493932 0.00017357442 0.00031189813 0.05709759 0.0001550685 0.044395424 0.0031359487 0.00088907697 0.00023614497 0.004327321 0.00012359566 0.01567523 1.5453038e-06 2.9110884e-06 0.0067534996 0.029227158 0.0032298577 5.7445172e-06 0.0048189745 4.825274e-08 0.0001549433 5.830134e-05
0.0018285707 0.64758825 0.31134352 0.31982505 0.18084982 1.0493685e-20 0.1381169 0.1900421 0.20677207 0.1776428 0.1286869 0.0149190575 0.022117062 0.20764446 0.014669605 0.014674577 0.17380834 0.18178394 0.2307071 0.30987373 0.09942628 0.114188276 0.11003421 0.033485677 0.028858084 0.002695667 0.062680386 0.024182415 0.017538274 0.01848676 0.027696997 0.015400062 0.010415961 0.016408078 0.0015721393 0.0030590598 0.00076617283 0.17296539 0.00063033035 0.010112156 0.0061114607 0.0142202545 0.21054271 0.008305516 0.016303562 0.00014512746 0.013043348 0.030148037 0.0052413666 0.0034781597 1.4691079e-05 0.09695401 0.005553277 0.0052494626 0.0030809112 0.00019809252 0.0018692822 2.580346e-06 0.00023423354 0.0009438032 0.00024590813 0.0005839382 0.021995254 0.008980508 0.0002524046 0.0050218436 0.00021639852 0.006514907 0.0001475137 0.0020697056 0.0018066778 0.008294826 0.00010107962 0.006972352 6.704801e-05 1.4875667e-05 0.0023200295 0.0011102906 0.0052774097 0.0069951764 0.0005972907 0.00020480347 0.007314346 7.345799e-05 0.0025185542 0.0027986828 7.340045e-06 0.0028930258 0.0047100848 0.0014351171 0.0009171839 2.6130913e-06 1.1796499e-05 0.004040641 0.0015008784 0.013394794 0.00016231615 0.0004907384 1.5252184e-07 1.9905789e-05 0.00014604672
0.08461927 0.43311822 0.4821993 0.44672367 0.41064236 0.1381169 3.502666e-23 0.63498664 0.18740487 0.31199256 0.5635105 0.34871972 0.44683278 0.06742337 0.27045408 0.28132346 0.028477574 0.22110622 0.17248519 0.036920324 0.627091 0.28172803 0.1347993 0.009882638 0.1311916 0.03900192 0.2032394 0.4579378 0.04085128 0.0063662627 0.13511361 0.10200286 0.010210058 0.09950161 0.02398017 0.011351948 0.018020354 0.17410912 0.0051545682 0.049117304 0.034768794 0.10768375 0.014881863 0.001260826 0.00066827994 0.0038999724 0.11610285 0.31851384 0.000106408224 0.13290426 0.001776054 0.002123685 0.0005569711 0.00018017377 0.00033848616 0.0020224678 0.18368506 0.0003538553 0.00039942074 0.0019701365 0.011419225 0.019498685 0.29489526 0.22427921 0.008041902 0.0011847003 0.00068503455 0.00574528 0.00058082794 0.0011351866 1.2142347e-05 0.14003305 0.009163118 0.13075377 3.1115254e-05 4.929065e-05 0.00023251979 0.00010447477 5.857961e-05 0.0026126567 8.864329e-06 0.0034309186 0.022125041 0.00046298237 0.04582422 0.00030358476 0.008034275 1.7313292e-05 0.00024201557 4.516526e-05 0.008709558 5.2024993e-06 4.4049243e-06 0.0031976276 0.030062104 0.0004832171 7.103233e-06 0.013483343 1.9307909e-07 0.0065492 3.6363804e-06
0.05601216 0.4626008 0.5712347 0.24698912 0.72904414 0.1900421 0.63498664 4.1514846e-22 0.21540754 0.32700267 0.23805809 0.050409168 0.13851722 0.07274837 0.05477847 0.04184286 0.04425152 0.08448789 0.08675319 0.054656543 0.54393476 0.37397122 0.19620158 0.024026535 0.21625237 0.008742349 0.4009837 0.3850148 0.1049213 0.018917875 0.2082633 0.19640276 0.04823022 0.19144072 0.004453067 0.0020734554 0.005181457 0.1679452 0.00065181137 0.17893742 0.01294267 0.1887211 0.034721967 0.003042302 0.0027660376 0.00054631475 0.16980883 0.3556634 0.0002947008 0.081435435 0.00062836835 0.0075205984 0.0012576106 0.00065715634 0.0014315938 0.00072438153 0.0822743 3.0038385e-05 3.886159e-05 0.00065728766 0.00608838 0.0077137277 0.27120575 0.20108825 0.0025052219 0.0009907197 0.00045029147 0.016058737 0.00019048355 0.0005176315 0.00010702037 0.16022885 0.003561832 0.1619547 3.4430806e-05 1.9374791e-05 0.000650257 9.0379e-05 0.0005023611 0.0074422345 2.457945e-05 0.0006263013 0.06310981 0.00033353808 0.07124268 0.00052699377 0.0024766598 0.00013321632 0.00069585873 0.00014769839 0.01748449 7.793742e-07 8.95622e-06 0.00419155 0.037496004 0.0018888625 5.459764e-06 0.00799699 1.0920934e-06 0.0009851693 1.2257917e-05
0.04368494 0.43654302 0.49404964 0.2164945 0.37879574 0.20677207 0.18740487 0.21540754 1.9120586e-18 0.59150785 0.24171345 0.010438286 0.030771485 0.41893458 0.018384164 0.007856301 0.2469191 0.038633566 0.048974376 0.19617857 0.2428456 0.5462354 0.40829733 0.39491585 0.19680575 0.0020968795 0.090663284 0.18085831 0.3516022 0.31656995 0.16039418 0.15606311 0.3816338 0.19713871 0.0004722035 0.00040727665 0.0012429656 0.022053557 0.00029337636 0.30486405 0.00051914074 0.12958373 0.08626935 0.07200708 0.026951816 0.00023131484 0.2347612 0.19146302 0.010692749 0.032351747 1.0065265e-05 0.06843948 0.021808648 0.0073733823 0.022299081 2.292097e-05 0.008854137 2.0509256e-06 6.729813e-06 9.026719e-05 0.0016897408 0.0021726706 0.10322307 0.07512499 0.0005980436 0.0010358654 2.1981352e-05 0.19507003 8.606511e-06 0.00028620643 0.008406461 0.1000935 0.00080159947 0.12185398 1.9855609e-06 7.8135537e-07 0.012639213 6.3516716e-05 0.0019867166 0.20881662 0.0015247138 6.336274e-05 0.17252618 8.3278455e-06 0.06384913 0.030665196 9.921629e-05 0.0003123172 0.040952027 6.9115275e-05 0.10520511 1.5499477e-07 1.5017295e-07 0.047750592 0.025688197 0.003661191 1.4918622e-06 0.0064378395 2.3941424e-09 1.1032908e-05 0.00032347572
0.15442689 0.40766266 0.39591986 0.14725839 0.3574034 0.1776428 0.31199256 0.32700267 0.59150785 7.705607e-19 0.1903417 0.012396 0.02283019 0.23591277 0.012045892 0.0100856265 0.115052596 0.028565587 0.036240272 0.103749916 0.40208516 0.5630045 0.44122848 0.1421784 0.20437953 0.0015719045 0.26346618 0.29580936 0.27465612 0.108652025 0.2591572 0.1721196 0.19944333 0.23194675 0.00074293837 0.00034609897 0.0011898385 0.050257996 7.742219e-05 0.3115266 0.0008005009 0.2141096 0.05960296 0.028450225 0.009703356 8.694e-05 0.29890916 0.3443531 0.004986407 0.037033387 1.3844956e-05 0.022643441 0.011677177 0.004222131 0.011830106 8.897704e-05 0.029538179 1.4117638e-06 3.4279356e-06 4.554169e-05 0.0016177342 0.0029223177 0.23148811 0.1639386 0.0003751457 0.0003676633 4.3221255e-05 0.14173011 1.5271658e-05 0.00010309191 0.0015695386 0.18773454 0.0013881995 0.21105929 6.650647e-06 3.853665e-06 0.005747535 3.5116424e-05 0.00094624824 0.09753308 0.00033174254 5.3064126e-05 0.22738028 1.3265438e-05 0.1338634 0.012569632 0.00015173962 0.00030299468 0.01623612 0.00010299589 0.11966072 3.5648915e-07 1.6306507e-06 0.043277748 0.044890806 0.0034289986 2.2570962e-06 0.010688804 3.240877e-08 0.0003424781 0.00010191271
0.010960104 0.3413868 0.29462987 0.47472864 0.19196022 0.1286869 0.5635105 0.23805809 0.24171345 0.1903417 4.854781e-22 0.47232565 0.5056556 0.11528574 0.30547678 0.52561235 0.03910831 0.28553286 0.20716691 0.06526613 0.50593805 0.22334552 0.06623203 0.014254817 0.07610715 0.178003 0.08043765 0.38921204 0.016637897 0.011069734 0.048408065 0.07897836 0.007205526 0.032644637 0.07708979 0.087270096 0.097967066 0.09872997 0.05640951 0.014299359 0.15971182 0.037252933 0.020470053 0.004290888 0.0033934365 0.027224494 0.01652333 0.12310608 0.0029897545 0.19768403 0.0070082275 0.004356982 0.0024456368 0.0017531733 0.0012662383 0.012342494 0.16509013 0.003590117 0.011253443 0.03143527 0.038749285 0.06772279 0.0929258 0.11866805 0.019878533 0.005079128 0.00486047 0.002111891 0.004401641 0.008542137 0.00022193734 0.05436193 0.05611851 0.062133487 0.0014196892 0.00077584584 0.0014912074 0.0013938114 0.00025071183 0.0023088541 0.00027081877 0.01043949 0.014768446 0.0033906188 0.03404483 0.0030491282 0.06554515 0.000123053 0.0027255693 0.00029710223 0.0056540123 0.00020340491 0.0001270135 0.0033358915 0.05045004 0.0012995551 0.00026767587 0.017728044 1.35638e-05 0.014341738 0.00015562495
0.03246884 0.055836413 0.029568005 0.14871615 0.022963403 0.0149190575 0.34871972 0.050409168 0.010438286 0.012396 0.47232565 1.3121409e-22 0.71475834 0.0077445316 0.5935937 0.69515985 0.004496101 0.08510424 0.04659399 0.005106716 0.38409278 0.018003587 0.008103113 0.0015181496 0.009860613 0.45484588 0.010193357 0.15603594 0.0069619403 0.0028957254 0.012847395 0.009073201 0.001586797 0.0074451226 0.20153755 0.11330069 0.24629508 0.019539658 0.1870724 0.005674015 0.10610408 0.006946454 0.0062294994 0.0020017 0.00093456975 0.058209326 0.0045388592 0.022735812 0.00019015395 0.17074266 0.01933386 0.0009999827 0.0003630841 0.00028291627 0.00012995835 0.01884987 0.20223176 0.005799036 0.016130725 0.01227032 0.0876042 0.10827127 0.034463733 0.049854457 0.024259519 0.00035108818 0.011553523 0.00045812287 0.0089840535 0.0008368829 5.961582e-05 0.023693467 0.11285534 0.021740157 0.00045634166 0.0015400363 0.00010194188 6.4838816e-05 0.00029961785 0.00041614103 1.8977993e-05 0.010190898 0.007920838 0.005317137 0.017428812 0.000112315334 0.051626075 8.111219e-06 0.00010490688 1.3072474e-05 0.0015903192 0.0013702827 0.00012451787 0.0018516008 0.04095396 0.0010285283 3.1336753e-05 0.019792227 0.00019753959 0.015817303 2.6873133e-05
0.036851633 0.10265945 0.072050944 0.22314504 0.04708159 0.022117062 0.44683278 0.13851722 0.030771485 0.02283019 0.5056556 0.71475834 1.8309234e-22 0.015733955 0.7517442 0.64063257 0.0070013967 0.12231426 0.06577829 0.0066993106 0.48555046 0.05969702 0.011953923 0.002576358 0.0184178 0.45944867 0.025003968 0.32916048 0.018169086 0.0056332345 0.032926444 0.017979678 0.0030728534 0.014781254 0.18123117 0.10536094 0.2535821 0.05071014 0.13407767 0.0133786 0.14959428 0.014587239 0.009464248 0.0013367294 0.00091283466 0.05738359 0.010317149 0.07079649 0.00018386602 0.23297678 0.02833783 0.0008445635 0.00027371905 0.00023985273 9.774555e-05 0.026511714 0.23757187 0.0077083674 0.011979657 0.017393783 0.12485437 0.13646862 0.06314376 0.08988428 0.04079203 0.0012200897 0.0148208905 0.00081799645 0.011938275 0.0015675798 2.4102685e-05 0.036641147 0.1452521 0.04357532 0.00061026687 0.0017415478 5.6236902e-05 0.00027555166 0.0003048663 0.00038390016 1.5038808e-05 0.014962025 0.01199909 0.0067072436 0.025228404 8.050658e-05 0.08054299 2.2992386e-05 6.736334e-05 6.8924914e-05 0.0021614071 0.0007546161 9.513506e-05 0.0012161738 0.059618853 0.0012493366 8.227783e-05 0.023299027 4.726427e-05 0.012302585 1.214493e-05
0.010250913 0.36788842 0.15416367 0.19431078 0.11278634 0.20764446 0.06742337 0.07274837 0.41893458 0.23591277 0.11528574 0.0077445316 0.015733955 9.809303e-18 0.0092899725 0.015239754 0.43163648 0.065634325 0.07350019 0.33487713 0.08311101 0.2733574 0.23250185 0.3630144 0.046043973 0.0030408415 0.023853341 0.029039321 0.21586673 0.31272376 0.052082565 0.03191963 0.2102161 0.049321465 0.0014757555 0.0013313974 0.0018620815 0.04481628 0.0002301247 0.13992462 0.0042885174 0.02058242 0.19375172 0.17183036 0.17365015 1.6513372e-05 0.080776036 0.021944867 0.15571712 0.009062028 4.1253757e-06 0.22549862 0.1638787 0.08039997 0.088194646 1.1026313e-05 0.0058637266 3.796143e-07 0.000110842215 0.0021543032 0.0008564982 0.0014695547 0.013597061 0.009200179 0.00055864925 0.0025449293 7.624866e-06 0.2044055 2.3365792e-06 0.0014491957 0.035188604 0.012187193 0.0007451342 0.018109964 1.110578e-05 1.1988194e-06 0.0508731 0.00019661114 0.034208402 0.07883347 0.017672297 0.00037412482 0.03289735 0.00011903491 0.0086141825 0.046828497 0.00010001171 0.0015888987 0.053105332 0.00015037526 0.010240648 1.4071244e-07 1.0638721e-06 0.0283955 0.008399305 0.04834478 1.6549553e-05 0.0020148645 2.5741372e-08 3.796516e-05 0.006300371
0.04323101 0.047507253 0.030229762 0.110221125 0.021701751 0.014669605 0.27045408 0.05477847 0.018384164 0.012045892 0.30547678 0.5935937 0.7517442 0.0092899725 1.1732834e-21 0.5061189 0.0049037375 0.06144222 0.038606897 0.007275546 0.33660623 0.013952898 0.003594989 0.0008106742 0.01611584 0.6207164 0.009182771 0.15366101 0.006134008 0.0014698015 0.0098712165 0.014396525 0.00086180755 0.005867388 0.26383463 0.07222881 0.38040683 0.008579936 0.115988895 0.0033593823 0.07605303 0.007304071 0.006040735 0.0006131727 0.00039427087 0.07179493 0.0047286456 0.029749509 7.077184e-05 0.23638056 0.043711446 0.00095214765 0.00013740378 0.00010776865 8.08704e-05 0.03867941 0.2033292 0.009919057 0.009162222 0.0062372987 0.16842139 0.16676787 0.045420565 0.06837016 0.0881253 0.0003100351 0.017242303 0.00012974115 0.012415516 0.00081745285 2.0415964e-05 0.0355658 0.15279688 0.043219674 0.00055545324 0.0022639008 4.647279e-05 7.194154e-05 7.797557e-05 6.77585e-05 2.1563475e-05 0.026691902 0.0055406527 0.007937478 0.025694324 2.9470964e-05 0.11233552 5.925591e-06 2.401955e-05 5.9274507e-06 0.00083470054 0.0022236456 3.216747e-05 0.00029253514 0.08772761 0.00027286084 2.925318e-06 0.03286091 3.107134e-05 0.01936669 2.415188e-05
0.022006186 0.08058675 0.02605992 0.27172676 0.018493267 0.014674577 0.28132346 0.04184286 0.007856301 0.0100856265 0.52561235 0.69515985 0.64063257 0.015239754 0.5061189 2.2462487e-22 0.008769367 0.18708596 0.104242414 0.007326538 0.30622053 0.005256812 0.0023027894 0.000975493 0.0039165206 0.37748507 0.004321563 0.07253715 0.0017671108 0.0014485456 0.0032996743 0.0052215722 0.0013115495 0.002559149 0.26488352 0.27989987 0.20532179 0.044400107 0.5433048 0.00100484 0.24532692 0.0011994735 0.0057948874 0.0010085521 0.0020879079 0.31997168 0.0002114028 0.007522485 0.00016479744 0.048071366 0.049064096 0.00090548827 9.903375e-05 0.00018110126 5.1994517e-05 0.120288536 0.10938478 0.032804642 0.06352819 0.028463313 0.062406816 0.059230044 0.01581661 0.018483363 0.025696008 0.00086973305 0.07331858 2.9980263e-05 0.051487457 0.0034043733 6.8061585e-05 0.0054503432 0.07343376 0.006666701 0.00408683 0.008123428 3.906268e-05 0.00011814405 0.000239963 0.00029221756 7.09959e-06 0.013802553 0.0012792462 0.0064509916 0.00553554 5.6378944e-05 0.022987032 5.0842723e-06 4.1174888e-05 1.2059511e-05 0.00013538891 0.0092675015 0.00054914935 0.00064513116 0.016243061 0.0006808675 3.940797e-05 0.0080509 0.0005340726 0.011523877 1.903549e-05
0.0018041778 0.21854015 0.093172915 0.09629881 0.07080722 0.17380834 0.028477574 0.04425152 0.2469191 0.115052596 0.03910831 0.004496101 0.0070013967 0.43163648 0.0049037375 0.008769367 1.889948e-18 0.04012077 0.04478531 0.34857476 0.04547919 0.15271086 0.13148531 0.19048037 0.039838485 0.0041860174 0.020771537 0.024493739 0.11240861 0.13221103 0.040101435 0.026447134 0.09880403 0.03815779 0.0026339504 0.0008902619 0.003640753 0.02927983 0.0006309191 0.07398046 0.002503759 0.01902845 0.18477507 0.07824378 0.14128359 9.47367e-05 0.044243313 0.017737564 0.07613879 0.006696481 2.8664577e-05 0.21877216 0.06403321 0.043572623 0.04090994 1.4511741e-05 0.004191678 1.7761912e-06 6.262287e-05 0.0014375888 0.001069411 0.0012518986 0.008344495 0.008562777 0.00097246864 0.0008888265 2.0490377e-05 0.084690884 1.1214189e-05 0.0013777972 0.016316831 0.0071650967 0.00095987855 0.012252571 1.1685112e-05 1.5258227e-06 0.0299519 0.000100507285 0.027280223 0.04853617 0.0072996593 0.0006662303 0.016899519 2.9100656e-05 0.006433902 0.030920636 0.0001548111 0.0021322856 0.02848008 0.00028355914 0.0047286595 2.2642377e-07 1.6785972e-06 0.013467349 0.0041437363 0.054039564 1.73706e-05 0.0011270762 1.1250555e-07 2.821081e-05 0.0032673224
0.0013883398 0.3102246 0.10884295 0.5309572 0.061543614 0.18178394 0.22110622 0.08448789 0.038633566 0.028565587 0.28553286 0.08510424 0.12231426 0.065634325 0.06144222 0.18708596 0.04012077 1.7811425e-23 0.663979 0.0681152 0.12723038 0.019992225 0.011779934 0.0017302085 0.008189963 0.02065726 0.016295519 0.03347174 0.002017215 0.00095247227 0.005526389 0.0060167774 0.00051929726 0.0028600777 0.011619162 0.0931686 0.010457297 0.2994165 0.06840993 0.0005382529 0.26574582 0.004168505 0.0812049 0.0019468727 0.0037770583 0.009992312 0.00076027383 0.011894958 0.0007968039 0.019083103 0.00135807 0.025515705 0.0014303533 0.0006128579 0.0006471492 0.0063758325 0.012646633 0.0003272257 0.010718503 0.118526705 0.0070522935 0.00806126 0.004089885 0.0045568324 0.004798896 0.04215178 0.0018166313 0.00037872928 0.0019837224 0.054213837 9.6371485e-05 0.0018746433 0.0022181715 0.0027052604 0.008620917 0.00010144755 0.0005633253 0.016092319 0.002964137 0.0003148481 3.4080374e-05 0.0058879512 0.0034898766 0.0018486023 0.0026542023 0.0008570869 0.00031266676 0.0037521834 0.0003963109 0.0073902537 0.00036605867 1.9601439e-05 0.0070268596 0.000993292 0.003241749 0.013528521 0.006012931 0.0007819561 0.00016763048 0.0006577232 8.4102496e-05
0.0008350374 0.32841584 0.137359 0.49417147 0.067219175 0.2307071 0.17248519 0.08675319 0.048974376 0.036240272 0.20716691 0.04659399 0.06577829 0.07350019 0.038606897 0.104242414 0.04478531 0.663979 1.2001713e-23 0.07988782 0.10271544 0.024519956 0.018594911 0.004253385 0.015876623 0.01140337 0.017341783 0.029743753 0.003796406 0.0019805995 0.0067202286 0.008434527 0.0014073775 0.0043153344 0.005975482 0.062118683 0.007420947 0.28363177 0.035155855 0.0011448902 0.16237159 0.0042022006 0.110365085 0.00240637 0.0039733727 0.0033514337 0.0010593714 0.0104389675 0.00086881 0.015859429 0.0001739204 0.037519094 0.0026912682 0.0010190693 0.0010750202 0.0032441537 0.008314015 6.602357e-05 0.0049757357 0.06696112 0.002986835 0.004568494 0.003285757 0.003454413 0.0027165685 0.035852663 0.001009239 0.00069630117 0.000996632 0.029998567 0.00016344091 0.0016398644 0.0010761885 0.0028594043 0.007268604 2.4365156e-05 0.0008583049 0.013910614 0.0035600625 0.00056428893 6.367264e-05 0.003787992 0.0052730627 0.00055721734 0.00376943 0.0019078762 3.3296426e-05 0.0048700958 0.0008590443 0.009977894 0.00044370515 1.1848802e-05 0.0033474197 0.0014326687 0.0038915814 0.012989719 0.005569145 0.00087651395 2.8043294e-05 0.00016605986 7.260259e-05
0.00091082294 0.29226786 0.11692371 0.15452212 0.07656211 0.30987373 0.036920324 0.054656543 0.19617857 0.103749916 0.06526613 0.005106716 0.0066993106 0.33487713 0.007275546 0.007326538 0.34857476 0.0681152 0.07988782 6.82715e-20 0.03267291 0.088672176 0.09217741 0.08136828 0.020228758 0.004011843 0.0149547765 0.017735805 0.035379004 0.05334034 0.017001668 0.012270374 0.02834727 0.015168972 0.0024993776 0.0011781205 0.0026035223 0.04031656 0.0006390342 0.019851796 0.002396144 0.008046095 0.34025475 0.030241068 0.10280335 4.6105335e-05 0.015441504 0.012883516 0.040898725 0.0036056158 1.89287e-05 0.37828872 0.024090823 0.021201527 0.014053833 7.217481e-06 0.002320339 1.9205645e-06 6.0880633e-05 0.00067265506 0.00081170653 0.0012955711 0.0066426955 0.0065370793 0.00088580936 0.0011979012 5.6174113e-06 0.019463664 4.053554e-06 0.0010864367 0.0049136616 0.0043367567 0.0006697356 0.0069398987 6.444013e-06 8.5803646e-07 0.009631591 0.00017878751 0.030904187 0.017215824 0.0035793209 0.0012386217 0.006347454 2.570172e-05 0.002618622 0.009913595 2.4747507e-05 0.005410219 0.006753882 0.00074992474 0.0013948227 7.8879026e-08 8.999487e-07 0.0064362553 0.0005088078 0.0708884 1.5034951e-05 0.00036268716 5.3338432e-08 1.3107502e-05 0.0010708312
0.6940167 0.4193129 0.41045037 0.38795412 0.36409858 0.09942628 0.627091 0.54393476 0.2428456 0.40208516 0.50593805 0.38409278 0.48555046 0.08311101 0.33660623 0.30622053 0.04547919 0.12723038 0.10271544 0.03267291 1.6263055e-19 0.43490753 0.33531696 0.022303121 0.17650178 0.14028801 0.34151337 0.6704909 0.0993185 0.014204166 0.25684822 0.15264738 0.031886004 0.18946344 0.06576537 0.008432211 0.06210241 0.07032229 0.008008617 0.13702945 0.010126149 0.25875205 0.007870246 0.0041669663 0.0028768275 0.00981519 0.34143984 0.55440146 0.0011236436 0.23785906 0.0046188645 0.002444188 0.0023243956 0.002021222 0.0021840038 0.003916534 0.38731065 0.003178569 0.00033136658 0.0022845615 0.052414216 0.05384458 0.54529023 0.48595837 0.03971259 0.0014360892 0.0019879986 0.036212012 0.0017725074 0.0021104254 0.0002015908 0.43633962 0.059322063 0.41794798 0.00017056381 0.00066885253 0.0011454624 0.00053522055 0.00038956897 0.005818431 8.863657e-05 0.017877534 0.26836228 0.005279763 0.4086827 0.00085457554 0.09727481 0.0003581144 0.00050654355 0.00058815756 0.17927638 6.915589e-05 2.57658e-05 0.026569802 0.24138384 0.00067870604 0.00011416677 0.12436916 1.3991457e-06 0.03209208 2.6210291e-05
0.4138637 0.3904418 0.39014837 0.16421534 0.3372187 0.114188276 0.28172803 0.37397122 0.5462354 0.5630045 0.22334552 0.018003587 0.05969702 0.2733574 0.013952898 0.005256812 0.15271086 0.019992225 0.024519956 0.088672176 0.43490753 9.522307e-19 0.66732186 0.14780585 0.30046186 0.0015703861 0.32883158 0.39545512 0.3996136 0.124944106 0.41535372 0.23350048 0.3218584 0.36571804 0.000404018 0.0001079576 0.00040267265 0.012016496 5.5382512e-05 0.44524756 5.6891615e-05 0.27424783 0.025883075 0.02042792 0.0065265642 5.5336004e-05 0.46172994 0.4343666 0.008206668 0.024389412 7.2308194e-06 0.01119399 0.009312654 0.0066243433 0.0067736786 5.9779897e-05 0.019988267 8.7218376e-07 6.6792113e-06 1.3033325e-05 0.00060783693 0.0013251707 0.20352623 0.16326728 0.000108020744 0.00074997306 3.0270692e-05 0.22118497 7.643701e-06 4.6673365e-05 0.0019218529 0.16905801 0.0007528438 0.26088828 2.7585772e-06 1.8265818e-06 0.0041903486 7.448333e-05 0.0026279776 0.15948224 0.0005229842 3.2075142e-05 0.3877037 7.13626e-06 0.17780326 0.011942414 0.00015323792 0.001798098 0.014354273 0.0008228603 0.15378232 4.195961e-07 9.216894e-07 0.07144752 0.017365003 0.0022195044 4.917161e-06 0.004223512 9.520286e-09 0.00017000742 6.634225e-05
0.63631135 0.29495353 0.17663059 0.05706612 0.17013997 0.11003421 0.1347993 0.19620158 0.40829733 0.44122848 0.06623203 0.008103113 0.011953923 0.23250185 0.003594989 0.0023027894 0.13148531 0.011779934 0.018594911 0.09217741 0.33531696 0.66732186 1.2946133e-17 0.19668256 0.12186424 0.0006256452 0.1926556 0.24048823 0.49529147 0.23780619 0.26547685 0.105470896 0.35918525 0.22823301 9.457449e-05 8.2344086e-05 0.00015547778 0.015480335 4.081077e-05 0.37888023 0.0001471317 0.22471051 0.029570255 0.048089392 0.011792068 2.2549995e-05 0.415439 0.3274804 0.014813253 0.010413151 2.6148264e-06 0.02580228 0.022777883 0.009420318 0.018989703 3.3360473e-05 0.018725995 5.4977727e-07 5.188337e-07 1.8143023e-06 0.000299505 0.0006819436 0.18442649 0.13958707 2.2701122e-05 4.7280726e-05 1.7932345e-05 0.45803443 5.583975e-06 2.0568712e-05 0.0029088822 0.15466769 0.0005342399 0.17051195 1.3162663e-06 1.7918762e-06 0.010989546 6.525011e-06 0.004194821 0.21417814 0.0010595189 7.902864e-06 0.35132667 2.795183e-06 0.13351843 0.040216185 2.5121502e-05 0.00073165534 0.057239678 0.00014478558 0.1514949 1.05847555e-07 5.8403504e-07 0.14998871 0.01403288 0.00537568 1.7819599e-06 0.0044606305 2.2744212e-08 9.189773e-05 0.00043183207
0.08696571 0.105436675 0.046652336 0.024961453 0.053432602 0.033485677 0.009882638 0.024026535 0.39491585 0.1421784 0.014254817 0.0015181496 0.002576358 0.3630144 0.0008106742 0.000975493 0.19048037 0.0017302085 0.004253385 0.08136828 0.022303121 0.14780585 0.19668256 2.5016262e-18 0.030960781 0.00023908039 0.009303321 0.010620729 0.26297 0.5721351 0.038307033 0.027955467 0.32862163 0.0463499 6.452779e-05 1.5176069e-05 0.00012588827 0.000868496 2.1739563e-05 0.15037945 1.8508406e-05 0.021574851 0.029425638 0.27160162 0.045045037 1.4919982e-05 0.116688505 0.017112901 0.090142995 0.0041803904 1.9308543e-06 0.043629963 0.12958804 0.04896484 0.08841433 1.3312233e-06 0.00078513764 7.068419e-08 3.189672e-07 4.5730767e-06 0.00019396895 0.0003170549 0.010393239 0.008986655 6.4123335e-05 4.2181884e-05 1.4272191e-06 0.3275483 9.4736333e-07 1.1496714e-05 0.030997012 0.015154852 4.811335e-05 0.019071251 4.3405853e-07 1.9503227e-07 0.058692575 6.671324e-06 0.007941385 0.22480884 0.019816827 9.728832e-06 0.09239758 3.7098912e-06 0.014928033 0.09732325 1.7748738e-06 6.0410028e-05 0.09934147 1.1054425e-05 0.045406558 3.0686348e-08 8.890489e-08 0.09670046 0.004993988 0.009781261 3.075298e-07 0.0017517869 1.059927e-09 6.649363e-07 0.004628548
0.24291147 0.11615319 0.15558425 0.07864325 0.18547702 0.028858084 0.1311916 0.21625237 0.19680575 0.20437953 0.07610715 0.009860613 0.0184178 0.046043973 0.01611584 0.0039165206 0.039838485 0.008189963 0.015876623 0.020228758 0.17650178 0.30046186 0.12186424 0.030960781 5.96939e-21 0.0020933212 0.7355423 0.26257715 0.062207516 0.01128502 0.43850604 0.60717565 0.03760233 0.42413226 0.0002556684 3.7421432e-05 0.00016109877 0.0024791434 0.00010890721 0.12081024 0.00013219184 0.3554093 0.0034548906 0.0012093799 0.00037694152 4.253231e-05 0.12192234 0.30048862 0.00039181087 0.0127467895 1.9489318e-05 0.00081655884 0.0004463939 0.000624582 0.0003630718 8.122265e-06 0.0046687396 1.6087829e-06 7.4886425e-06 3.3314245e-05 0.00015435512 0.0002748027 0.11661692 0.08585314 0.00019609413 0.00031421817 1.7168191e-05 0.0067348443 1.4154449e-05 5.66199e-05 0.00018219367 0.078412615 9.086695e-05 0.1178792 4.7390014e-07 1.2258226e-06 0.0004434852 3.181758e-05 8.446766e-05 0.011385689 0.00010973312 0.00010741167 0.12443581 1.7275506e-05 0.0559725 0.0010971862 0.00012051089 0.0003804385 0.0013053371 9.492336e-05 0.04189489 4.2918006e-07 4.840382e-08 0.015664404 0.010826569 0.00024767188 1.6717341e-06 0.0025194443 2.5071838e-09 0.00017118434 6.368002e-06
0.12171362 0.011533789 0.0066902353 0.04145202 0.0065885917 0.002695667 0.03900192 0.008742349 0.0020968795 0.0015719045 0.178003 0.45484588 0.45944867 0.0030408415 0.6207164 0.37748507 0.0041860174 0.02065726 0.01140337 0.004011843 0.14028801 0.0015703861 0.0006256452 0.00023908039 0.0020933212 4.073145e-22 0.0010007168 0.06662311 0.0008259568 0.00027495497 0.0014306977 0.0027363375 0.00015942188 0.001382893 0.5005283 0.03721809 0.65059733 0.0023732914 0.09152542 0.0012055098 0.018198643 0.0010583389 0.00023910703 0.00014380318 0.00054222567 0.05840589 0.00061033526 0.013183947 1.37133775e-05 0.21569753 0.042700008 2.7774237e-05 6.925974e-06 1.7072189e-05 1.0487833e-05 0.03482991 0.20953643 0.01361861 0.008169152 0.0022300337 0.25123468 0.1919913 0.025106726 0.04602489 0.12276501 4.7779056e-05 0.023245491 4.3078628e-05 0.015963983 0.00026478703 1.3263994e-05 0.020405523 0.20508458 0.030988326 0.00035125867 0.0048881867 3.7823227e-06 4.0610976e-05 3.8928658e-05 0.00012452311 2.5755053e-06 0.027493896 0.0041382113 0.00867028 0.021253956 2.4631297e-06 0.13964401 2.4316166e-06 1.944529e-06 5.7546617e-06 0.00039375856 0.006820155 0.0002486967 8.476188e-05 0.047467776 0.00022137526 6.5241643e-06 0.025436126 0.00023081024 0.016779227 5.6060544e-06
0.8142249 0.25739497 0.22350897 0.08540469 0.2580358 0.062680386 0.2032394 0.4009837 0.090663284 0.26346618 0.08043765 0.010193357 0.025003968 0.023853341 0.009182771 0.004321563 0.020771537 0.016295519 0.017341783 0.0149547765 0.34151337 0.32883158 0.1926556 0.009303321 0.7355423 0.0010007168 8.7119955e-20 0.3115659 0.029026503 0.0043282514 0.51607126 0.6182901 0.012463098 0.2806022 0.0002800525 0.00012752315 0.00024910286 0.015238111 2.9521261e-05 0.085566774 0.00030358447 0.5438378 0.003761775 0.0005644095 0.0004955517 3.698271e-05 0.17810662 0.5636391 0.00034495964 0.010422192 1.1178791e-05 0.0018001973 0.0004761444 0.0005281092 0.000366209 3.7169826e-05 0.010846428 1.2188331e-06 7.695398e-06 1.4387856e-05 0.0003372585 0.0005944091 0.3653058 0.18199025 0.00021072668 0.0003346258 4.5231085e-05 0.007864376 1.594338e-05 4.4468557e-05 8.3696505e-05 0.19710594 0.00044113924 0.13946034 1.5676745e-06 3.8703643e-06 0.000344786 5.8613306e-05 0.00046392553 0.005661178 3.0691193e-05 0.0001488744 0.14069857 1.9752875e-05 0.06669288 0.00055485865 0.00040591272 0.0017922497 0.00039893936 0.0003039176 0.038710546 4.1741453e-07 5.138871e-07 0.012296269 0.015604339 0.0004100695 1.4282385e-05 0.0042129885 5.931669e-08 0.00016360731 1.0282831e-05
0.8071038 0.1693052 0.28433686 0.19204606 0.27966288 0.024182415 0.4579378 0.3850148 0.18085831 0.29580936 0.38921204 0.15603594 0.32916048 0.029039321 0.15366101 0.07253715 0.024493739 0.03347174 0.029743753 0.017735805 0.6704909 0.39545512 0.24048823 0.010620729 0.26257715 0.06662311 0.3115659 4.8467573e-19 0.085278265 0.0066124746 0.26084843 0.24054198 0.025696069 0.23150307 0.031042796 0.0011340684 0.020654127 0.0057201474 0.000883175 0.19084957 0.0011809552 0.25884384 0.0025076303 0.0010713822 0.0013213928 0.0024169544 0.44574413 0.69070643 0.0009837695 0.47387186 0.001638398 0.0017930713 0.0009711887 0.0015868023 0.0006560812 0.0018080351 0.46896684 0.00068698445 0.000100860925 0.0005466647 0.025115538 0.048791543 0.53116554 0.5981294 0.023741484 0.0018221994 0.0008798946 0.015548313 0.00061013707 0.0005634946 8.204856e-05 0.4287699 0.052109454 0.5176638 1.9816478e-05 0.0004090725 0.00046141492 0.0008476042 0.00039868054 0.0034797157 6.205198e-05 0.010999952 0.37882024 0.004342424 0.53541803 0.0004251104 0.10183278 0.00057903933 0.00041035961 0.00036405755 0.1913465 3.3864115e-05 1.1555556e-05 0.031205447 0.29899994 0.00048592352 0.00033070962 0.15362413 1.8672072e-06 0.036439706 4.907999e-05
0.6551694 0.08093093 0.07979796 0.012809261 0.11481652 0.017538274 0.04085128 0.1049213 0.3516022 0.27465612 0.016637897 0.0069619403 0.018169086 0.21586673 0.006134008 0.0017671108 0.11240861 0.002017215 0.003796406 0.035379004 0.0993185 0.3996136 0.49529147 0.26297 0.062207516 0.0008259568 0.029026503 0.085278265 4.1343256e-20 0.3791373 0.12173733 0.055658698 0.7019071 0.15624277 6.7212284e-05 1.10069495e-05 6.724075e-05 0.0016509765 3.8765607e-05 0.58981216 1.3071513e-05 0.069245845 0.006170208 0.108184256 0.0105784 2.416568e-05 0.3453649 0.06610132 0.029237572 0.0047328463 1.2329816e-06 0.00775059 0.0420983 0.016920524 0.037959617 3.4644222e-06 0.0033488616 4.714717e-07 1.8866497e-06 1.6000164e-05 7.1866394e-05 0.0002453581 0.03155618 0.026698181 1.2956994e-05 3.852866e-05 3.5429782e-06 0.5989858 1.7226472e-06 2.8432667e-05 0.013578938 0.049434002 0.00011699916 0.056811854 5.0703625e-07 2.5409324e-06 0.017273862 1.4368932e-05 0.0020368223 0.3231192 0.00808517 2.032032e-05 0.37064382 1.10424035e-05 0.043090485 0.07069945 5.493441e-06 0.00025783145 0.10072622 4.176849e-05 0.11086085 3.716816e-07 2.468624e-07 0.21017306 0.009531847 0.0030057142 1.7525923e-06 0.0030152434 4.5366773e-09 3.20858e-06 0.0010240237
0.25096542 0.057606693 0.026884807 0.011130019 0.033824507 0.01848676 0.0063662627 0.018917875 0.31656995 0.108652025 0.011069734 0.0028957254 0.0056332345 0.31272376 0.0014698015 0.0014485456 0.13221103 0.00095247227 0.0019805995 0.05334034 0.014204166 0.124944106 0.23780619 0.5721351 0.01128502 0.00027495497 0.0043282514 0.0066124746 0.3791373 4.078484e-19 0.01940017 0.011957918 0.6064742 0.03019672 3.7609014e-05 1.0289198e-05 2.5781508e-05 0.00097158196 1.5086543e-05 0.22511464 4.6284435e-06 0.008377621 0.013735497 0.5372128 0.052216884 6.9325492e-06 0.10723759 0.008333189 0.1369183 0.0014398955 9.501819e-07 0.027727028 0.2520904 0.099770896 0.2659534 3.6866063e-06 0.0008889091 8.442799e-08 1.1932519e-06 5.144415e-06 3.112781e-05 0.00014349331 0.0069189765 0.0043951096 7.267911e-06 1.9653547e-05 5.0109884e-06 0.53735393 2.2548006e-06 7.1185523e-06 0.06989815 0.008815476 1.8348392e-05 0.009358808 2.5053805e-06 1.2887508e-06 0.14304927 1.1563062e-05 0.010750485 0.40628615 0.046975914 7.5001344e-06 0.07932754 1.3157184e-05 0.0035431273 0.19627258 5.1144156e-07 6.0615585e-05 0.19546223 1.1805806e-05 0.01525404 1.9219304e-07 4.880349e-07 0.12943038 0.0010066187 0.00896849 2.7494463e-07 0.00036548922 2.9795755e-09 2.3914157e-07 0.008344061
0.82252383 0.13416344 0.13239445 0.044937287 0.14156091 0.027696997 0.13511361 0.2082633 0.16039418 0.2591572 0.048408065 0.012847395 0.032926444 0.052082565 0.0098712165 0.0032996743 0.040101435 0.005526389 0.0067202286 0.017001668 0.25684822 0.41535372 0.26547685 0.038307033 0.43850604 0.0014306977 0.51607126 0.26084843 0.12173733 0.01940017 1.0340512e-17 0.50635535 0.084562756 0.71563953 0.0002502162 3.1878382e-05 0.00017559316 0.0009630199 1.956459e-05 0.3264363 3.4653192e-05 0.67075276 0.003161221 0.003045166 0.00038673994 1.4275236e-05 0.5272038 0.3966859 0.0009785388 0.006135026 4.3526175e-06 0.0018147057 0.0016881245 0.0009747955 0.0016576714 3.0174766e-05 0.008073962 5.309065e-07 2.3751252e-06 6.0285456e-06 0.00019861083 0.00037456246 0.18977726 0.11880478 0.00015870044 0.00012513991 3.630339e-05 0.05526357 1.4683095e-05 2.8830716e-05 0.0003844466 0.12044364 0.00029019493 0.11133313 6.293732e-07 4.4488006e-06 0.0010746542 1.2885707e-05 0.00026833863 0.019118601 0.00021162308 0.00013134463 0.29361424 3.5457757e-05 0.047957726 0.0024580718 6.9107955e-05 0.0005802837 0.003544819 5.2907177e-05 0.07981757 1.3268152e-06 2.499556e-07 0.05192193 0.010483704 0.0009505427 2.7496808e-06 0.0029348775 2.4373067e-08 7.239579e-05 4.117218e-05
0.31248823 0.07115542 0.11277905 0.049224257 0.16713089 0.015400062 0.10200286 0.19640276 0.15606311 0.1721196 0.07897836 0.009073201 0.017979678 0.03191963 0.014396525 0.0052215722 0.026447134 0.0060167774 0.008434527 0.012270374 0.15264738 0.23350048 0.105470896 0.027955467 0.60717565 0.0027363375 0.6182901 0.24054198 0.055658698 0.011957918 0.50635535 2.123457e-20 0.03130792 0.5297055 0.00045659457 2.247957e-05 0.0002993588 0.0009680876 0.0002266555 0.13488714 5.7099576e-05 0.6237909 0.0022826798 0.0012507852 0.00041351974 0.00010741199 0.17054482 0.3628328 0.00029346845 0.021855963 4.738952e-05 0.0006909069 0.00054883125 0.00046722873 0.0004951409 7.2168687e-06 0.0070287287 4.5952684e-06 1.6726919e-05 5.152961e-05 0.00034148077 0.00070512807 0.10275767 0.09736852 0.00052254973 0.00022439974 1.7217462e-05 0.0068901363 1.8170844e-05 6.776224e-05 0.00013343935 0.068587475 0.00014177462 0.14099789 5.600638e-07 3.4010288e-06 0.00037057753 1.819557e-05 4.133892e-05 0.009490962 0.0001767017 0.00036986964 0.1963667 8.13281e-05 0.086729445 0.0009171252 0.00021883183 0.00055202254 0.000837084 7.153462e-05 0.04457643 1.5802638e-06 4.4647347e-08 0.014383028 0.018082293 0.00027397007 8.6935523e-07 0.0041420097 4.094616e-09 0.00023940435 7.214302e-06
