2.3700987e-35 0.71076876 0.21332286 0.44249994 0.11652167 0.26392713 0.44837332 0.62526554 0.6240824 0.44002798 0.047842517 0.024486085 0.5103028 0.022054208 0.1696525 0.05950615 0.09483334 0.78715265 0.016516563 0.92555857 0.010274417 0.013080662 0.87077785 0.024633667 0.72917634 0.0021374447 0.005302247 0.99219656 0.0052703707 0.0069412026 0.0057923705 0.8455369 0.31468347 0.005074821 0.19788322 0.006151049 0.0032778354 0.020025464 0.07943669 0.0028171437 0.001771568 0.88026744 0.571645 0.0019493445 0.9361717 0.016423827 0.9758225 0.0011030311 0.00088614976 0.9963827 0.96750575 0.0031575197 0.00018100717 0.0002963854 0.0018384852 6.839636e-05 0.0017923625 0.9565529 0.0005280886 9.630663e-05 0.9363442 0.0004770808 0.91392887 0.003428593 0.00046609543 3.055679e-05 0.0011089789 8.296534e-06 0.0272283 0.99615985 2.4962628e-06 0.98577785 1.5863543e-05 0.00015896959 7.743641e-06 0.99966943 0.0005111086 0.06314635 0.9397725 0.85862416 0.06035874 0.91843164 2.8005397e-07 3.0942087e-07 0.0005038763 0.032734763 0.9570561 2.4732465e-06 0.9984382 0.08128702 0.025992148 0.044420104 0.31602314 1.2464815e-07 1.6645664e-07 9.911226e-07 0.98611 3.3078925e-07 0.0014319242 4.181269e-07 0.017112503
0.71076876 5.3445596e-22 0.7628933 0.07360054 0.5899764 0.00905614 0.73752403 0.001250722 0.0033912254 0.3776906 0.16883188 0.008527182 0.12940165 0.041619536 0.00023740562 0.1661196 0.056510925 0.09208323 0.14560951 0.09047029 0.09163348 0.047652494 0.06681433 3.281986e-06 0.016166123 0.0024896655 0.066811666 0.20923114 0.03370031 0.029055383 0.0071905744 0.0024495865 0.0036934938 0.03669467 0.0037859192 0.046459243 0.06844872 1.1778221e-05 0.0016656216 0.00037106342 0.010095549 0.001094987 0.0005105328 0.0325929 0.0005387078 0.007605977 0.001172278 0.00095627765 0.00029246294 0.25870043 0.00026971663 0.02574406 0.010348322 0.0005562059 0.016171427 9.16209e-06 1.7218383e-05 0.038689088 9.5309696e-07 0.002295942 4.7800477e-05 0.014697211 0.0053463597 8.308692e-07 0.0065288604 0.010099112 0.0037425167 0.009733645 0.00015044454 0.05038153 0.00354118 0.015995787 0.006194145 3.2057415e-08 0.00848 0.013735635 0.0012714446 4.5738925e-06 0.00039791665 5.547756e-05 2.1944666e-06 0.00028530112 4.667426e-05 2.2490354e-05 2.1441156e-05 1.582966e-05 0.0007549381 0.0033705048 0.005166331 1.4159958e-05 7.94127e-07 8.939814e-07 3.6060743e-07 3.1537575e-06 0.0017449773 0.00016260434 0.0006092196 8.18935e-06 6.146636e-05 0.0012271035 4.750674e-06
0.21332286 0.7628933 1.9007243e-22 0.061123252 0.805799 0.006140484 0.2141973 0.0003466002 0.0013256832 0.054107208 0.43763414 0.009624961 0.045488268 0.039951507 0.00014904074 0.4040196 0.07248352 0.08428282 0.37505868 0.080237046 0.14529988 0.09757624 0.0396649 2.047769e-06 0.009501068 0.0012390239 0.12367082 0.089494154 0.041753948 0.036719307 0.006354583 0.002171413 0.0036274563 0.054469507 0.0038142735 0.09826003 0.10804404 1.3321777e-05 0.0012171536 0.00015837129 0.016576415 0.0010892763 0.00030714486 0.04928625 0.00075302075 0.012056678 0.0013557929 0.0006691466 0.0001582496 0.07088685 0.00041194056 0.03984369 0.016049996 0.0005287245 0.033622045 4.656957e-06 9.072836e-06 0.016339954 8.5210394e-07 0.003491448 7.140103e-05 0.027362304 0.0030085822 1.04159e-06 0.01158541 0.0148228975 0.0061845975 0.014660631 2.141937e-05 0.0045685438 0.0056921192 0.0054316735 0.014426149 2.5511838e-08 0.017424889 0.002346615 0.0012157011 1.7191712e-06 0.0004823492 8.510377e-05 9.345902e-07 0.000414169 3.2028984e-05 2.198085e-05 1.5611466e-05 4.6598852e-06 0.00049878214 0.0064072264 0.0022509356 1.4684776e-05 1.6306647e-06 1.3778063e-06 2.6522687e-07 8.730559e-07 0.003255317 0.0005120189 0.00029330922 1.0218608e-06 2.6122627e-05 0.0022063705 5.9857225e-06
0.44249994 0.07360054 0.061123252 5.2177343e-19 0.049205072 0.66034395 0.048101936 0.27185416 0.37757984 0.11022234 0.063026756 0.59442174 0.03571813 0.46934718 0.1818245 0.042254817 0.0039518843 0.0019382472 0.022857193 0.005517618 0.20180203 0.0036662365 0.012187158 0.04262898 0.00032953153 0.2033263 0.052172057 0.22659019 0.20872042 0.2534332 0.22935645 0.00015644144 0.00084872614 0.12983848 0.00072176673 0.005232217 0.014591822 0.03043976 0.00015511035 0.12304387 0.19875166 4.7286405e-05 1.2991317e-05 0.07513473 0.10310091 0.00021527425 0.14525846 0.15464324 0.084232435 0.10654564 0.07820062 0.0036541328 0.03706737 0.06753534 0.0035601545 0.024049373 0.03832262 0.0014131534 0.010358353 0.03372331 0.083726995 0.0033721589 6.9433176e-05 0.0026550493 0.001403136 0.007971048 0.0008431845 0.0021320193 0.0001243763 0.15840226 0.0050737304 0.00045166106 0.0010465313 0.00082570326 0.0024422272 0.0010798902 0.0002162576 0.01236571 1.4620524e-05 3.6695417e-06 7.7496325e-06 5.8993382e-06 0.004116315 0.0033024412 2.6632186e-05 0.013663263 2.7230008e-06 0.00016167256 0.00025142464 6.3353523e-06 6.3778352e-06 3.861626e-06 0.0072190897 0.00022286293 0.00017072735 0.0039145346 4.5829347e-06 0.0004928929 6.7181776e-05 7.804952e-05 3.6502538e-06
0.11652167 0.5899764 0.805799 0.049205072 1.8241273e-21 0.0023089477 0.16571398 7.408243e-05 0.00042876526 0.07291885 0.5353493 0.0064964555 0.06449139 0.025561417 7.3682575e-05 0.35362554 0.1250034 0.13433033 0.24044321 0.12386131 0.09997666 0.079154424 0.11343702 8.9343683e-07 0.032745223 0.0008431185 0.081156686 0.08367611 0.03177425 0.024245854 0.0035053105 0.007196979 0.008556056 0.037300147 0.009558834 0.07507548 0.07036142 6.2136155e-06 0.0036945983 7.405481e-05 0.010828743 0.0044353297 0.00089458236 0.033924554 0.00044811796 0.022959553 0.0010042331 0.00046592232 0.000108910324 0.067921735 0.0001947038 0.06419236 0.009923584 0.0003524109 0.045284078 4.088219e-06 5.770038e-06 0.04309169 6.5165005e-07 0.0020038134 2.9071058e-05 0.02960256 0.006956452 5.023934e-07 0.019917333 0.009722257 0.008683504 0.009884542 0.00037823842 0.0067524076 0.0028807647 0.007813811 0.014028009 2.2838064e-08 0.015798924 0.0021917499 0.0022331802 4.622464e-07 0.0005738197 0.00030016582 6.381082e-05 0.00028534437 2.405311e-05 2.5850146e-05 9.863664e-05 2.4085946e-06 0.001249024 0.0055148033 0.0022567404 7.273197e-05 2.7668382e-05 1.489364e-05 5.857891e-08 2.4812212e-07 0.002602729 8.338515e-05 0.0007192676 2.4230502e-07 0.00016309385 0.0021919382 4.5912577e-05
0.26392713 0.00905614 0.006140484 0.66034395 0.0023089477 8.509078e-20 0.00325069 0.31303594 0.3522362 0.018062532 0.0031348409 0.62794554 0.0023480263 0.4099092 0.26263067 0.002928165 0.0004500343 0.00023082146 0.002369024 5.8799575e-05 0.034666568 0.00083977147 0.000424288 0.0926778 3.0498912e-05 0.353686 0.007331654 0.028218003 0.099556245 0.21672112 0.36704472 1.0267691e-05 0.0001450064 0.059058264 0.00018659967 0.0022211606 0.004691082 0.06838193 4.562128e-05 0.37691906 0.25220776 1.2291008e-05 1.0699291e-06 0.023569921 0.14696515 0.0002604749 0.18274044 0.30479744 0.24054696 0.00863719 0.12712988 0.0020019251 0.014146753 0.19417982 0.0022816039 0.08668597 0.1728412 0.00016571055 0.040947013 0.045151357 0.15130804 0.0020833828 3.5098845e-05 0.013988046 0.0011072801 0.0017540253 0.00063318526 0.0010317852 9.010244e-06 0.051049422 0.001677978 0.00012165512 0.0009210393 0.0053305845 0.0012763625 0.00045850096 0.0005480459 0.026834087 6.0877727e-07 1.4977076e-07 2.99937e-07 5.0136333e-07 0.0029863692 0.0024335727 1.7975337e-05 0.03058852 2.3697405e-06 0.0001583885 0.0002042618 2.280879e-06 9.813485e-07 5.281225e-07 0.01351917 0.0014007334 0.00014977843 0.002718192 8.548816e-06 0.0018467751 4.372911e-05 6.170093e-05 2.5830618e-06
0.44837332 0.73752403 0.2141973 0.048101936 0.16571398 0.00325069 2.47633e-20 0.00048186324 0.0019162762 0.84144706 0.08888667 0.003708678 0.6913415 0.011170986 0.00011845861 0.071396686 0.024949523 0.097016424 0.046789948 0.36634225 0.016693367 0.028494814 0.036038633 1.9004771e-06 0.027383037 0.0004209131 0.01611525 0.46223608 0.008117128 0.0056361845 0.001821414 0.005413026 0.0052493275 0.0079799285 0.0053104535 0.025352797 0.013157129 2.4060955e-05 0.0027220522 2.7467235e-05 0.0018366126 0.0028459837 0.001051189 0.005345556 0.00026015934 0.004009634 0.0007695024 9.140669e-05 4.360576e-05 0.17025238 0.00015818774 0.0101452395 0.0014916561 0.00010398334 0.007204982 6.32032e-06 0.00020474782 0.026889684 2.2949962e-06 0.00052288454 3.7537855e-05 0.0045318846 0.008297821 1.5000884e-06 0.0035980432 0.0032540024 0.002375095 0.0028773735 0.00021840548 0.07147318 0.00048713636 0.0304353 0.0028837677 2.0656167e-07 0.0035448596 0.052652154 0.0006888244 9.065376e-05 0.0014220591 0.00041068517 5.370789e-06 0.00046254788 2.1813954e-05 3.0555948e-05 3.1609525e-05 0.00012784974 0.0036253384 0.0016347318 0.014475707 0.0002065669 1.9999214e-05 2.3131648e-05 4.280292e-06 5.1823085e-05 0.0003489191 0.00020160156 0.0043247812 9.821116e-05 7.2261144e-05 0.00025489347 0.00010610149
0.62526554 0.001250722 0.0003466002 0.27185416 7.408243e-05 0.31303594 0.00048186324 7.525412e-19 0.8728127 0.0025390931 0.00019633795 0.116867945 0.00035779946 0.04700761 0.775444 0.0003182084 0.00014262817 0.00015789685 0.00054086116 1.558151e-05 0.0022351032 5.2018277e-05 0.00025427458 0.08728981 5.207841e-06 0.084489144 0.00063071825 0.006330358 0.010128834 0.03460291 0.11319636 2.4730887e-06 8.051037e-06 0.009173584 2.0462123e-05 0.00011060612 0.00015544369 0.045608763 7.618187e-06 0.13200337 0.05938895 4.7803874e-06 4.3411896e-07 0.0020177718 0.14477515 1.9528092e-05 0.16832067 0.101389766 0.1004809 0.0073509677 0.10545306 0.00037566415 0.00089929043 0.03649293 0.00022252696 0.0352438 0.013304188 1.6271531e-05 0.009635151 0.004538117 0.15077558 0.0005186608 1.2005315e-05 0.0044382475 7.1902585e-05 0.0004074439 6.5697466e-05 0.00014112833 1.233038e-06 0.018203061 0.00023879168 8.7183034e-05 0.0002089325 0.00077396317 0.00015598706 0.0010888655 6.040732e-05 0.0043105097 4.4884052e-07 1.8724238e-07 5.3722328e-08 1.2533696e-06 0.00036450208 0.00029596768 6.27984e-07 0.0055847797 2.309553e-06 8.4722116e-05 0.0005922535 2.039592e-07 8.530613e-08 4.320186e-08 0.0036359369 0.00067985494 1.7409373e-05 0.0001378896 5.8511073e-06 0.0013595914 5.1332263e-06 6.6221796e-06 3.2353788e-07
0.6240824 0.0033912254 0.0013256832 0.37757984 0.00042876526 0.3522362 0.0019162762 0.8728127 2.5401972e-18 0.0065031783 0.0007964232 0.15247115 0.0012525985 0.06830668 0.6930862 0.00050470885 0.0001325778 0.00022598208 0.0005823279 4.0602965e-05 0.0059962017 4.6859524e-05 0.0010117836 0.1034937 5.8988658e-06 0.052312493 0.00073416 0.016976643 0.010619231 0.024898829 0.07139344 4.278407e-06 1.2522377e-05 0.007238327 2.1414548e-05 0.000101622914 0.00013953523 0.050513137 1.0108987e-05 0.090483546 0.021208756 5.0841654e-06 4.648688e-07 0.001535717 0.117854215 1.97224e-05 0.21001314 0.026239872 0.038515836 0.010119681 0.07458501 0.0003447357 0.00075710804 0.00479123 0.0002029521 0.009059526 0.01471082 3.9324288e-05 0.007001537 0.0020033156 0.092445455 0.0006813693 1.2060535e-05 0.0029971555 0.00012292997 0.000469438 6.223926e-05 0.0002594517 1.6507049e-06 0.038112603 0.00040823247 0.00022663584 0.00030356046 0.00028924507 0.00032119112 0.0013616843 9.590125e-05 0.0029878095 3.9514697e-07 8.9233275e-08 5.8681458e-08 2.2733857e-07 0.00028213355 0.0002531751 2.0341265e-06 0.005044889 5.444979e-07 0.0001305982 0.0004388019 1.7794898e-07 2.0174724e-07 5.8783733e-08 0.0020620094 0.0003990312 3.215477e-05 0.00025111742 1.2896065e-06 0.000843956 1.283721e-05 1.622045e-05 6.157278e-07
0.44002798 0.3776906 0.054107208 0.11022234 0.07291885 0.018062532 0.84144706 0.0025390931 0.0065031783 2.0695701e-22 0.06825369 0.012975915 0.6720069 0.034013584 0.000114868 0.034514785 0.033625234 0.09122865 0.012644523 0.36674914 0.014119061 0.014973652 0.10141216 4.012422e-05 0.048627492 0.00049316627 0.011749737 0.63009447 0.008611216 0.006702189 0.0030761787 0.01721532 0.017092425 0.008980974 0.014855106 0.007997322 0.005447301 6.230732e-05 0.009247787 7.3926036e-05 0.0027334266 0.008975682 0.0034324094 0.0044807144 0.0016405636 0.0053896895 0.001591687 0.00024658657 4.359478e-05 0.35207033 0.00082599855 0.0100648925 0.00083800545 0.00014783861 0.007480869 1.946921e-06 0.00083822996 0.072873585 3.1705353e-05 0.00021888819 6.3498854e-05 0.0031395727 0.011341116 6.424698e-05 0.004769575 0.0007364653 0.0031226554 0.00073424017 0.0016199264 0.31624404 0.00014000376 0.079359494 0.002317819 1.1754303e-06 0.0010137091 0.110480905 0.0019243461 0.00024169219 0.0030435282 0.0024127248 0.0004790599 0.003463106 4.9264454e-06 1.5808977e-05 0.00036756974 0.0003363638 0.0034875376 0.0016195734 0.01859508 0.0008532567 0.00052523974 0.0005303835 2.0454865e-05 7.270379e-06 9.45937e-05 3.3041408e-05 0.004620142 1.0675468e-05 0.00056393247 0.00021584738 0.0003087301
0.047842517 0.16883188 0.43763414 0.063026756 0.5353493 0.0031348409 0.08888667 0.00019633795 0.0007964232 0.06825369 4.5591115e-23 0.01480374 0.07271954 0.068752594 3.2694075e-05 0.6029419 0.4429311 0.2062777 0.29964018 0.2124479 0.21212223 0.25661668 0.16281606 3.8853937e-06 0.054282766 0.0013799794 0.14385743 0.107824735 0.06960001 0.048370477 0.0046461183 0.017854532 0.017845593 0.05583936 0.022166658 0.10763949 0.08432899 1.2498156e-05 0.007535007 0.000112599 0.012471381 0.006002005 0.0028058128 0.057577793 0.0007596252 0.06315764 0.0006275365 0.0007542876 0.0002076477 0.04952439 0.0003235248 0.18110318 0.021648463 0.0005217973 0.11477637 5.922111e-06 3.8249207e-05 0.02910959 5.292921e-06 0.0047608973 0.00015111663 0.08218089 0.006610491 2.9729692e-06 0.055163566 0.014740486 0.028850079 0.018429935 0.0018669928 0.011001856 0.007230275 0.003902262 0.023694875 3.3247653e-07 0.017561972 0.0020988742 0.0076278457 5.151902e-06 0.0006236903 0.000610806 0.00035636922 0.0010328458 9.394774e-05 5.5757297e-05 0.0005341576 7.219326e-06 0.00024720345 0.006282227 0.0021137176 0.00032328482 0.0003180558 0.00028447164 1.6664303e-06 9.909694e-07 0.002736464 0.0001509111 0.00035252233 1.5296939e-06 0.0010515942 0.0026437663 0.00051837077
0.024486085 0.008527182 0.009624961 0.59442174 0.0064964555 0.62794554 0.003708678 0.116867945 0.15247115 0.012975915 0.01480374 6.793789e-21 0.002869149 0.65513563 0.106117636 0.013381236 0.0010171424 0.00023895408 0.006570439 8.202164e-05 0.23486479 0.0018686136 0.00064329844 0.039058 3.0650655e-05 0.5776593 0.029023366 0.01896921 0.2702092 0.3772887 0.44662675 2.6052967e-05 0.00032664326 0.1148364 0.00027570492 0.0031043587 0.010332455 0.024730736 9.127498e-05 0.42670643 0.3139453 6.9472685e-06 3.3395756e-06 0.06720007 0.028812619 0.00033833625 0.04623728 0.266605 0.2142845 0.0059352485 0.023424871 0.0028670116 0.05649448 0.12119419 0.0031691345 0.090974264 0.13045357 1.606864e-05 0.036616806 0.06308381 0.029891578 0.0041816565 7.3698775e-06 0.006480234 0.0018347604 0.006597275 0.0013336403 0.0038501737 8.908529e-05 0.012011402 0.006204645 4.244452e-06 0.002092372 0.004595262 0.003206621 2.0082736e-05 0.000604598 0.017128643 2.4849921e-06 6.109997e-07 5.469974e-06 8.473989e-07 0.0037306591 0.0029787207 4.1380335e-05 0.012528398 2.9171701e-07 0.0003913635 2.4646584e-05 1.385698e-06 5.0467506e-06 2.087823e-06 0.0061553735 0.0010628926 0.0003847578 0.0024027913 1.6207082e-06 0.0010674262 0.00017131516 0.000223136 5.377523e-06
0.5103028 0.12940165 0.045488268 0.03571813 0.06449139 0.0023480263 0.6913415 0.00035779946 0.0012525985 0.6720069 0.07271954 0.002869149 3.9277007e-21 0.014379765 4.5662717e-05 0.04072037 0.05772853 0.14970551 0.021194257 0.77170086 0.011165305 0.01640519 0.19061069 1.1344208e-06 0.100024894 0.0003895751 0.009429827 0.18300793 0.0050467225 0.004772059 0.0009302362 0.045040153 0.027045723 0.0062798285 0.023183085 0.009772631 0.0053596217 5.7064162e-06 0.0111668 1.850052e-05 0.0025792143 0.019520305 0.0036347613 0.0029148443 0.00036878727 0.0077929893 0.0008232728 0.0002508216 5.389663e-05 0.3052665 0.00019695457 0.01585048 0.00080077426 0.00024897652 0.009878624 4.1945427e-06 0.0002565117 0.10807174 6.7058013e-06 0.0005652972 2.1110843e-06 0.0037559392 0.025149874 4.617739e-06 0.005682387 0.0014468447 0.0035287265 0.0015071717 0.0029234872 0.20218498 0.00037723515 0.08696815 0.0037277178 2.5224804e-07 0.0025793717 0.12878716 0.001858628 1.0435861e-05 0.003305409 0.0013614928 0.0008127547 0.0019750935 2.0203855e-05 6.675312e-05 0.00033014652 6.0605416e-05 0.006451841 0.0027831616 0.028557668 0.00060807844 0.0003530864 0.00030056798 5.130982e-07 1.3273423e-05 0.00036438525 0.0002293257 0.00920803 2.3091403e-05 0.00034674798 0.0007516608 0.00039132018
0.022054208 0.041619536 0.039951507 0.46934718 0.025561417 0.4099092 0.011170986 0.04700761 0.06830668 0.034013584 0.068752594 0.65513563 0.014379765 1.8419178e-19 0.025147345 0.06704184 0.020974666 0.009250296 0.03670431 0.0041409414 0.44519645 0.013426255 0.007351848 0.0025975662 0.0009218245 0.36114833 0.1101597 0.052447394 0.382688 0.43505847 0.36395082 0.0002860869 0.0008108184 0.21479009 0.0008840016 0.021951713 0.03510787 0.0031627878 0.00028908014 0.06745103 0.3058728 0.000114754905 7.413211e-05 0.17161122 0.0115287965 0.0021257142 0.014164685 0.10269726 0.04113142 0.01877018 0.008447919 0.021194862 0.13042182 0.059694123 0.008415653 0.006284888 0.010124918 0.00013513169 0.0012129832 0.07325038 0.007644143 0.014186045 1.1711699e-05 0.00039269522 0.002750447 0.026589029 0.00089284574 0.01569642 0.0001385282 0.008612583 0.0165543 3.370106e-05 0.0025746261 8.24747e-05 0.006556043 0.00020508141 0.00027553827 0.0030687945 2.674226e-05 1.9102557e-05 1.988594e-05 4.231416e-05 0.0037447321 0.002724551 2.728638e-05 0.0027041459 1.8961392e-06 0.0005520847 0.0001925237 1.30972685e-05 1.4205512e-05 1.2028372e-05 0.0010882545 6.179922e-05 0.00028860965 0.0059217648 9.336045e-06 0.00012269091 0.00012784498 0.00025869074 1.8674451e-05
0.1696525 0.00023740562 0.00014904074 0.1818245 7.3682575e-05 0.26263067 0.00011845861 0.775444 0.6930862 0.000114868 3.2694075e-05 0.106117636 4.5662717e-05 0.025147345 2.4597494e-21 5.4779637e-05 1.619765e-05 6.367959e-06 0.00010592405 3.2554112e-06 0.00017588175 1.3420348e-05 7.9985075e-06 0.47087812 2.310776e-06 0.054622363 0.00020914662 0.00059553626 0.0022834758 0.0107211 0.037142504 6.6351544e-07 8.642066e-06 0.0023111973 4.348004e-06 8.883933e-05 3.8756363e-05 0.32354113 2.9305716e-07 0.046439536 0.01153967 1.3359843e-07 6.311327e-08 0.00043421175 0.4020963 3.9700768e-05 0.5281576 0.009476432 0.012944231 0.000499219 0.3940662 0.00020016912 0.000324465 0.0016494147 0.0001862441 0.0064441753 0.123361394 2.0505526e-07 0.041358788 0.0014763454 0.17588794 0.00039336947 4.0846338e-08 0.015870664 3.0140802e-05 0.00022047981 1.7093793e-05 3.6890386e-05 5.935407e-07 0.0015960458 9.6822245e-05 4.4877075e-07 5.442201e-05 0.0018328516 0.00014246887 1.2132937e-05 8.551898e-06 0.018527897 1.4551077e-08 2.434114e-09 8.05379e-09 4.069809e-09 0.0001655594 0.00013060754 8.292285e-08 0.009384925 3.8705052e-09 7.5683656e-06 5.2150353e-05 2.8015303e-09 3.4118546e-09 1.4658678e-09 0.0019836163 6.901358e-05 1.4924129e-06 8.242614e-06 2.9666916e-09 0.00013245938 3.0907506e-06 2.087609e-07 5.4624327e-09
0.05950615 0.1661196 0.4040196 0.042254817 0.35362554 0.002928165 0.071396686 0.0003182084 0.00050470885 0.034514785 0.6029419 0.013381236 0.04072037 0.06704184 5.4779637e-05 8.992092e-24 0.29263428 0.10877804 0.76675797 0.07609612 0.57656556 0.54157436 0.022246502 1.1185377e-06 0.01651353 0.0013123063 0.50670284 0.048803303 0.12223816 0.079621546 0.007903344 0.0029938265 0.0071686436 0.11012808 0.0070638303 0.3356605 0.30849636 1.6330576e-05 0.0022646114 0.00017703434 0.030491501 0.000352051 0.00044871305 0.114612624 0.0003227097 0.028938903 0.00056754705 0.0033645106 0.00057232275 0.014579999 0.00012305171 0.17811967 0.051740065 0.0031297137 0.08590049 2.8067858e-05 4.8720583e-05 0.0048127077 4.9543937e-06 0.020861588 6.663825e-05 0.08476799 0.0006943314 1.3986482e-06 0.030619185 0.03381433 0.012470465 0.044964883 9.78084e-05 0.002099855 0.022303771 0.00049912435 0.03461697 2.2515633e-07 0.039389405 0.000992588 0.0033892258 2.3579007e-06 5.390362e-05 4.9211743e-05 1.4007888e-05 0.00048986264 0.00043141533 0.00025323615 8.3216735e-05 3.5002756e-06 3.216894e-05 0.012280085 0.0021398768 2.1160642e-05 1.967857e-05 2.0280477e-05 4.368005e-07 2.319413e-06 0.004787311 0.001551071 4.455384e-05 6.101522e-06 7.951972e-05 0.0037235133 5.6032302e-05
0.09483334 0.056510925 0.07248352 0.0039518843 0.1250034 0.0004500343 0.024949523 0.00014262817 0.0001325778 0.033625234 0.4429311 0.0010171424 0.05772853 0.020974666 1.619765e-05 0.29263428 8.1455137e-19 0.61104023 0.15113978 0.16681086 0.078468576 0.44975072 0.26502416 2.795342e-07 0.3401594 0.00028982296 0.12340731 0.086944535 0.05305939 0.017859923 0.00084787345 0.14073697 0.13278103 0.044536192 0.13808268 0.23219189 0.088879965 1.6936384e-06 0.07944297 2.894502e-05 0.007217345 0.06921777 0.035067864 0.054027326 0.00018612939 0.4239009 0.00015916437 0.00025411724 3.3098746e-05 0.102049805 5.2457868e-05 0.45535406 0.017638033 0.00021459289 0.2999264 5.7095244e-06 1.929601e-06 0.10686714 3.126867e-06 0.0024038858 2.7939748e-05 0.21048877 0.040541984 1.3197406e-06 0.20258059 0.014864523 0.22263157 0.029936822 0.039650716 0.03399823 0.0064056534 0.01741248 0.06628639 5.9675824e-07 0.03406235 0.00720767 0.07872639 8.318333e-07 0.007682717 0.006432004 0.0078220535 0.0068432055 4.1487816e-05 3.5295143e-05 0.005098898 3.4512004e-07 0.004532163 0.019413987 0.006824013 0.0022090382 0.0029803007 0.0021192865 5.39209e-07 1.3124671e-06 0.0047595375 0.00017928694 0.005198594 1.3850587e-06 0.0080513675 0.0071103983 0.0019213551
0.78715265 0.09208323 0.08428282 0.0019382472 0.13433033 0.00023082146 0.097016424 0.00015789685 0.00022598208 0.09122865 0.2062777 0.00023895408 0.14970551 0.009250296 6.367959e-06 0.10877804 0.61104023 2.9657841e-18 0.086557224 0.3897868 0.022532122 0.31871673 0.45725724 3.9987974e-08 0.6867459 0.0001404898 0.06068778 0.28568846 0.014399608 0.0053219236 0.00046420546 0.4294498 0.44863954 0.024139723 0.4045708 0.27074045 0.08706975 5.647225e-07 0.18512024 8.037995e-06 0.003203795 0.18183835 0.20904317 0.038844574 0.0002191587 0.4561293 0.00033274983 5.838964e-05 1.4266648e-05 0.39549792 7.508075e-05 0.3361162 0.010720226 6.6756555e-05 0.2905064 4.282734e-06 7.647204e-07 0.24073589 1.7720534e-07 0.0008757156 5.6534165e-05 0.112157606 0.13272694 1.05711564e-07 0.20979464 0.017846234 0.24015516 0.029144904 0.06254924 0.108113766 0.007296152 0.15552159 0.076922975 1.9788096e-07 0.04541252 0.19584598 0.1340903 1.1945265e-07 0.059573896 0.058546804 0.009698477 0.068854034 0.00013841345 5.4465214e-05 0.009961978 1.212425e-07 0.05000895 0.035767574 0.103655495 0.007868557 0.004108908 0.005265063 4.001361e-08 4.26206e-06 0.007462728 0.0012290559 0.06068892 5.9036383e-06 0.015044125 0.011199195 0.005280395
0.016516563 0.14560951 0.37505868 0.022857193 0.24044321 0.002369024 0.046789948 0.00054086116 0.0005823279 0.012644523 0.29964018 0.006570439 0.021194257 0.03670431 0.00010592405 0.76675797 0.15113978 0.086557224 1.5823087e-23 0.048893 0.5338697 0.5219099 0.0104916 1.7369448e-06 0.011758458 0.0010593643 0.6439013 0.018325888 0.10633699 0.06912982 0.010010982 0.0030668608 0.0057621836 0.14280628 0.0050835595 0.42887646 0.49446082 3.1060288e-05 0.0015563557 0.0002822237 0.03244335 0.00048064647 0.0005594471 0.14566721 0.00020734513 0.025973285 0.0005827546 0.003758623 0.00048781023 0.0061351666 0.000119312455 0.12032608 0.07975431 0.0039113364 0.067256354 2.0581645e-05 3.2483145e-05 0.0033256363 2.546794e-06 0.026319927 5.4325203e-05 0.10734669 0.0013972105 1.9142267e-06 0.025497833 0.059194215 0.0066371365 0.07247731 8.866454e-05 0.0010536675 0.030117033 0.00036835417 0.042481143 3.923599e-07 0.07645675 0.00076568784 0.001325761 1.7674569e-06 0.00017431793 0.000107425505 2.9243347e-05 0.00084356894 0.00039502548 0.00061177294 3.8554645e-05 1.3154016e-06 5.439643e-05 0.017075978 0.0022062736 4.122616e-05 5.2279527e-05 4.0093277e-05 3.0881947e-07 3.8123005e-06 0.008286279 0.0040538833 7.5509226e-05 1.3409114e-05 8.370801e-05 0.0072581484 0.00011188973
0.92555857 0.09047029 0.080237046 0.005517618 0.12386131 5.8799575e-05 0.36634225 1.558151e-05 4.0602965e-05 0.36674914 0.2124479 8.202164e-05 0.77170086 0.0041409414 3.2554112e-06 0.07609612 0.16681086 0.3897868 0.048893 6.662697e-19 0.0065925512 0.05019908 0.8278578 1.6146776e-08 0.1744937 1.9411542e-05 0.006918449 0.19372182 0.0012323251 0.0005881304 3.8806516e-05 0.060035285 0.05188249 0.0022097672 0.03863843 0.039319992 0.004855219 6.5493865e-08 0.015902443 6.560186e-07 0.00016473113 0.033034682 0.009860322 0.0010814563 7.839139e-05 0.01933832 0.0003460049 8.9917285e-06 3.8529665e-06 0.44540733 5.0121325e-05 0.02526765 0.00033132426 7.540182e-06 0.02263941 7.907617e-07 4.095128e-07 0.18424922 1.3864515e-08 0.00010772261 8.0217796e-07 0.0054846583 0.06626426 3.106708e-08 0.008454524 0.0003998316 0.0060809907 0.00061552855 0.0050713723 0.23271391 6.887281e-05 0.12229688 0.004488359 2.1870339e-09 0.002216651 0.22606783 0.0031202498 4.9578816e-08 0.0039041904 0.001989532 0.00044683967 0.0031185213 1.626946e-06 1.1472086e-06 0.00022202283 3.026979e-07 0.00920114 0.0017824011 0.04444037 0.0006970832 0.00017485772 0.00016521823 2.8385319e-08 1.4144929e-06 0.00013037048 8.175413e-06 0.0072611184 2.8052696e-06 0.0003734167 0.00020864379 0.00032442476
0.010274417 0.09163348 0.14529988 0.20180203 0.09997666 0.034666568 0.016693367 0.0022351032 0.0059962017 0.014119061 0.21212223 0.23486479 0.011165305 0.44519645 0.00017588175 0.57656556 0.078468576 0.022532122 0.5338697 0.0065925512 6.2941777e-25 0.2608828 0.005347206 1.2881567e-05 0.0013673815 0.038164914 0.66460526 0.019838445 0.5716669 0.40606236 0.094084606 0.000121041085 0.0019874251 0.43758786 0.0021880418 0.16931748 0.3609142 4.9269547e-05 0.00059794093 0.0021073783 0.24036868 1.7418375e-05 2.3150693e-05 0.30650163 0.00064524595 0.01067042 0.0008412777 0.03261134 0.0036134347 0.004582774 0.00025326663 0.13385183 0.20898402 0.029568585 0.0465981 5.9114605e-05 4.4298104e-05 2.1934446e-05 3.1271433e-05 0.06721629 0.00024743463 0.07643553 1.3014327e-06 2.0813739e-06 0.013572361 0.06515352 0.0055215736 0.07725881 6.3296546e-05 0.0006182265 0.04390052 3.5897776e-06 0.014316185 1.9932331e-06 0.029527929 6.614294e-05 0.0020510869 1.8513563e-05 2.4323774e-06 3.9558113e-06 1.7201421e-06 2.3870116e-05 0.0029572388 0.0025917168 1.7977174e-05 1.52102775e-05 1.6974066e-07 0.0049487064 0.00031895735 4.3616694e-07 3.166213e-06 1.8351269e-06 5.2311866e-06 2.4213665e-05 0.003332802 0.007142082 7.836635e-07 3.7224036e-05 0.00015401543 0.0023826072 3.4206043e-06
0.013080662 0.047652494 0.09757624 0.0036662365 0.079154424 0.00083977147 0.028494814 5.2018277e-05 4.6859524e-05 0.014973652 0.25661668 0.0018686136 0.01640519 0.013426255 1.3420348e-05 0.54157436 0.44975072 0.31871673 0.5219099 0.05019908 0.2608828 1.119858e-21 0.036190633 7.571743e-08 0.05292637 0.00020893809 0.36164394 0.021702694 0.06938998 0.032894075 0.0023526347 0.01829353 0.01805628 0.06462624 0.018724754 0.45258227 0.2642512 3.1345166e-06 0.0067737047 5.614345e-05 0.010816125 0.0034901462 0.002175567 0.09229443 1.8263634e-05 0.14865918 3.039102e-05 0.0021488012 7.895418e-05 0.010436295 6.4619694e-06 0.31260127 0.0236255 0.0011554586 0.1836101 3.662801e-06 2.1977758e-06 0.009122277 4.6993117e-07 0.004924447 5.6147383e-06 0.15914162 0.0039634723 2.3647387e-07 0.062073056 0.026879068 0.032973945 0.042996127 0.0026915595 0.003493723 0.011038109 0.0014606183 0.056844857 4.553671e-08 0.051416233 0.0012846248 0.010114986 3.792011e-07 0.00024917984 0.00027659637 0.00011612366 0.0009217255 0.00010558478 3.9478768e-05 0.00021928099 1.273194e-07 0.00014132308 0.018534224 0.0022024107 0.00014865168 0.00022675388 0.00014413902 1.05764e-07 1.163883e-06 0.0073139826 0.00033305018 0.00030445372 1.983808e-06 0.0004483236 0.009136156 0.00022569392
0.87077785 0.06681433 0.0396649 0.012187158 0.11343702 0.000424288 0.036038633 0.00025427458 0.0010117836 0.10141216 0.16281606 0.00064329844 0.19061069 0.007351848 7.9985075e-06 0.022246502 0.26502416 0.45725724 0.0104916 0.8278578 0.005347206 0.036190633 6.907663e-17 2.4126039e-06 0.5724332 4.3381973e-05 0.00554933 0.16305722 0.0025915944 0.0013616922 0.000121879355 0.48679632 0.2751875 0.0023561206 0.24427223 0.0160009 0.0047837947 4.3131186e-06 0.2345824 2.3792662e-05 0.001026409 0.4382002 0.14262623 0.0012958564 0.00053897046 0.05390833 0.0014233264 0.00013836383 2.3540573e-05 0.45951998 0.00026087812 0.03710096 0.0013778806 0.00015528248 0.022715585 7.5753e-07 1.0763035e-05 0.5798693 1.4636064e-05 0.0004108187 6.07632e-06 0.004978277 0.37524846 2.2061702e-05 0.015349652 0.000855883 0.014212905 0.0014614466 0.049573805 0.3478712 0.00031474512 0.40743497 0.0043527773 4.57591e-07 0.0014700736 0.28882986 0.015321221 6.880194e-06 0.060037788 0.04239212 0.032294866 0.0577612 7.681753e-06 1.0465133e-05 0.0086559 1.1560482e-05 0.112944834 0.0020404647 0.121627875 0.022834644 0.012182295 0.011323975 2.2523998e-06 8.308367e-07 0.00028006345 2.6834769e-05 0.06497048 1.7366565e-06 0.008478109 0.00061816844 0.01110667
0.024633667 3.281986e-06 2.047769e-06 0.04262898 8.9343683e-07 0.0926778 1.9004771e-06 0.08728981 0.1034937 4.012422e-05 3.8853937e-06 0.039058 1.1344208e-06 0.0025975662 0.47087812 1.1185377e-06 2.795342e-07 3.9987974e-08 1.7369448e-06 1.6146776e-08 1.2881567e-05 7.571743e-08 2.4126039e-06 2.343601e-22 9.0528445e-08 0.018676784 8.341733e-06 5.9695074e-05 0.0001528316 0.0016077646 0.0105322255 2.2161984e-08 6.640633e-08 8.899129e-05 9.848423e-08 2.6827872e-06 5.804898e-06 0.6095512 4.7730712e-08 0.04553422 0.004551147 6.017993e-08 1.4335233e-09 3.0953448e-05 0.6823281 5.931485e-07 0.6517648 0.005873266 0.027016494 4.7303234e-05 0.6489398 1.19812275e-05 1.018531e-05 0.00085505325 1.3260226e-05 0.015478269 0.3596876 2.649756e-07 0.26333103 0.00016001501 0.46752733 4.9159487e-05 1.1004977e-07 0.104793444 5.1740294e-06 5.7609323e-06 2.8283018e-06 7.0965434e-06 5.973971e-09 0.00035627576 8.972814e-06 6.024999e-08 4.649626e-06 0.039340433 1.0538655e-05 2.0665655e-06 4.840004e-06 0.04149249 3.821657e-09 2.4248265e-10 1.9381802e-10 6.062642e-10 2.70776e-05 1.647741e-05 1.393267e-08 0.025677474 5.125045e-09 1.645322e-06 1.0336681e-05 2.2886368e-09 4.2481935e-10 3.2245648e-10 0.009190261 0.00075774326 2.5591694e-06 9.0171335e-07 1.1965776e-09 0.0007609296 5.679991e-08 1.8618007e-07 1.2437805e-10
0.72917634 0.016166123 0.009501068 0.00032953153 0.032745223 3.0498912e-05 0.027383037 5.207841e-06 5.8988658e-06 0.048627492 0.054282766 3.0650655e-05 0.100024894 0.0009218245 2.310776e-06 0.01651353 0.3401594 0.6867459 0.011758458 0.1744937 0.0013673815 0.05292637 0.5724332 9.0528445e-08 1.9458526e-20 8.8717075e-05 0.008549706 0.11765935 0.0015104748 0.0012970162 0.0001770546 0.56385624 0.6603595 0.0030904075 0.6099915 0.03890729 0.009021406 5.5127776e-07 0.4969285 1.9608187e-05 0.0012024548 0.36725488 0.38688827 0.0031922774 1.2587079e-05 0.18272771 2.7903983e-05 0.00020774812 2.7060974e-05 0.22375664 3.065318e-06 0.1401862 0.0006875232 7.789946e-05 0.09785112 7.692023e-06 3.5454896e-06 0.3820148 1.3466919e-06 0.0006463739 3.1723212e-06 0.018057667 0.2596977 1.2558895e-06 0.065182276 0.0016465944 0.09236412 0.0016727038 0.12145963 0.046796262 0.00030288956 0.15368204 0.013487163 1.2051756e-06 0.0032167025 0.062996976 0.06503051 3.1205857e-07 0.056977373 0.057646662 0.02949913 0.05651303 9.317984e-05 7.6464756e-05 0.016224498 2.7131415e-07 0.07293329 0.005925173 0.05827678 0.014661638 0.012618672 0.0113651315 8.716884e-08 1.4668195e-06 0.0004949027 3.0370014e-05 0.05312474 3.0325255e-06 0.014087795 0.0012274026 0.0089095365
0.0021374447 0.0024896655 0.0012390239 0.2033263 0.0008431185 0.353686 0.0004209131 0.084489144 0.052312493 0.00049316627 0.0013799794 0.5776593 0.0003895751 0.36114833 0.054622363 0.0013123063 0.00028982296 0.0001404898 0.0010593643 1.9411542e-05 0.038164914 0.00020893809 4.3381973e-05 0.018676784 8.8717075e-05 8.841627e-21 0.005675354 0.00044182804 0.10153991 0.2961691 0.6346374 7.5377626e-05 0.0003888678 0.03213111 0.0005207876 0.00026973954 0.0015288759 0.009260765 8.205396e-05 0.68367314 0.2940865 2.442639e-05 2.2144142e-05 0.017422572 0.0048134723 0.00019862787 0.0061176736 0.36327356 0.49762303 0.00015688292 0.0029805254 0.0009664553 0.012776143 0.07656647 0.00046362058 0.22234103 0.016737362 3.474534e-06 0.00834615 0.016719399 0.004129119 0.00109316 2.0671332e-06 0.0018905853 0.00029042145 0.0011634902 0.00032634218 0.000340021 3.308697e-05 0.000120193436 0.0004995746 1.9569618e-06 0.00035355458 0.00607059 0.00026877812 5.2408486e-06 0.00013257224 0.0015981126 8.673443e-06 6.8812204e-07 3.7677924e-06 2.5553113e-06 0.0010895719 0.0010151855 5.3671024e-06 0.0024299186 1.0360006e-06 0.00010013063 2.5751107e-05 1.2358422e-06 6.280355e-07 5.6415564e-07 0.0012366689 0.0035696193 3.43382e-05 0.00022087735 8.0716063e-07 0.0030620797 6.2373794e-05 0.00011387892 3.0445049e-06
0.005302247 0.066811666 0.12367082 0.052172057 0.081156686 0.007331654 0.01611525 0.00063071825 0.00073416 0.011749737 0.14385743 0.029023366 0.009429827 0.1101597 0.00020914662 0.50670284 0.12340731 0.06068778 0.6439013 0.006918449 0.66460526 0.36164394 0.00554933 8.341733e-06 0.008549706 0.005675354 1.2539261e-24 0.007592667 0.4104549 0.2583456 0.052272968 0.0017463759 0.006310446 0.47071 0.0057558995 0.3528117 0.6475908 4.6581008e-05 0.0018774549 0.001784762 0.16666609 0.00019772071 0.00018142004 0.48423055 0.00030613306 0.03213124 0.0007052666 0.025414726 0.0026303644 0.0028599412 0.00012583881 0.16848089 0.27556413 0.02457738 0.0771042 8.811747e-05 6.305946e-05 0.0021382307 7.4503964e-06 0.09709931 6.771509e-05 0.1827409 0.00072953757 5.2912956e-06 0.02303144 0.19663258 0.006236683 0.14569251 0.000225399 0.0007254525 0.09817013 0.00014156914 0.044362947 1.4980869e-06 0.1095363 0.00047160606 0.0010323033 1.7762548e-05 5.0943992e-05 1.929852e-05 4.6278412e-05 0.00011951368 0.003957044 0.004273954 0.00018169585 1.609433e-05 1.5658883e-05 0.018086683 0.0011875961 2.6981425e-05 0.00011161531 7.5937096e-05 5.833495e-06 3.914454e-05 0.012571076 0.013567495 3.0172352e-05 0.00013508466 0.00039406132 0.012580634 0.00010597801
0.99219656 0.20923114 0.089494154 0.22659019 0.08367611 0.028218003 0.46223608 0.006330358 0.016976643 0.63009447 0.107824735 0.01896921 0.18300793 0.052447394 0.00059553626 0.048803303 0.086944535 0.28568846 0.018325888 0.19372182 0.019838445 0.021702694 0.16305722 5.9695074e-05 0.11765935 0.00044182804 0.007592667 1.4725485e-20 0.008878205 0.008431733 0.0023620308 0.03443233 0.032431684 0.009576549 0.03346323 0.010278464 0.004385802 0.00025848902 0.01460282 0.00015969198 0.0017289888 0.015999801 0.0072866427 0.005435397 0.0017216677 0.010441182 0.0023549425 0.0002589729 6.990818e-05 0.441303 0.0005927598 0.007366259 0.0012806574 0.00026260348 0.005051581 1.4606281e-05 6.0071477e-05 0.07696823 2.3388911e-06 0.00052416313 5.4203017e-05 0.0026420208 0.019705607 1.4636078e-05 0.0018989183 0.002307934 0.0015471819 0.0012695211 0.0012777051 0.38754883 0.0005784926 0.06912494 0.0017257099 3.8398505e-07 0.0029754671 0.19371729 0.0010077546 0.00042206148 0.004626884 0.0044289706 0.00017028394 0.006271494 8.584518e-06 1.6795108e-05 8.937734e-05 0.00039920709 0.0040676952 0.002432998 0.026664471 0.0010017571 0.00025592794 0.00026502478 3.6155958e-05 4.8289457e-05 0.0012548259 0.0020559449 0.0027985761 0.0001573126 0.0002415415 0.0023492784 0.00018972393
0.0052703707 0.03370031 0.041753948 0.20872042 0.03177425 0.099556245 0.008117128 0.010128834 0.010619231 0.008611216 0.06960001 0.2702092 0.0050467225 0.382688 0.0022834758 0.12223816 0.05305939 0.014399608 0.10633699 0.0012323251 0.5716669 0.06938998 0.0025915944 0.0001528316 0.0015104748 0.10153991 0.4104549 0.008878205 8.3643126e-22 0.56269443 0.2745869 0.0006862697 0.0027084795 0.61929303 0.0026354454 0.091736145 0.21873204 0.00064742455 0.0013118453 0.011423663 0.45281807 0.00034217918 0.00017107124 0.49298263 0.0019663195 0.014061413 0.0030758325 0.18904506 0.016215643 0.0040950035 0.0010685731 0.10725815 0.43221626 0.19592798 0.028131459 0.0009811469 0.00015252162 0.00045084555 5.7532932e-05 0.31331855 0.0015715052 0.09559308 5.107592e-05 3.1310316e-05 0.0056301435 0.1442874 0.0031783325 0.09288702 0.0002163971 0.0012833477 0.09231445 7.6793105e-05 0.019760752 6.734388e-05 0.040734388 0.00024930344 0.0006602263 0.00021984446 5.4842523e-05 1.68921e-05 7.824306e-05 0.00011371722 0.007472434 0.0102147125 9.477321e-05 0.00024512585 1.9719333e-05 0.0068693277 0.00065595633 2.9839606e-05 5.941745e-05 2.5909827e-05 5.6221998e-05 0.00025173294 0.0030701896 0.036377575 6.9580674e-05 0.00062410266 0.0003271 0.0028521663 5.2619907e-05
0.0069412026 0.029055383 0.036719307 0.2534332 0.024245854 0.21672112 0.0056361845 0.03460291 0.024898829 0.006702189 0.048370477 0.3772887 0.004772059 0.43505847 0.0107211 0.079621546 0.017859923 0.0053219236 0.06912982 0.0005881304 0.40606236 0.032894075 0.0013616922 0.0016077646 0.0012970162 0.2961691 0.2583456 0.008431733 0.56269443 2.468023e-19 0.5263884 0.0007899267 0.002398809 0.4844861 0.0029129435 0.047346372 0.10529919 0.0032198639 0.0015937483 0.080238864 0.6302669 0.0006293543 7.5295364e-05 0.42298004 0.0040173614 0.006249908 0.0062113493 0.40756062 0.07877231 0.0043626768 0.0027926718 0.034237944 0.30763006 0.3494561 0.008166803 0.008061475 0.001208645 0.0005615427 0.00013667427 0.3848809 0.0057340697 0.060684208 0.00011008436 0.00017515563 0.0031155816 0.09221215 0.002317536 0.043186177 0.00041912176 0.0012968474 0.05247746 0.00010629574 0.009929861 0.00012649951 0.023468198 0.00029715695 0.00073533895 0.0013085759 0.00011981679 1.874559e-05 0.000114981114 4.59442e-05 0.012441011 0.014950108 0.0001720303 0.0018930407 5.28447e-05 0.0022950273 0.00032069866 7.778476e-05 0.00014738236 6.024347e-05 0.00086805964 0.0006767355 0.0010907925 0.020707266 0.00012806476 0.0018967047 0.0004086596 0.00092976965 0.00012587085
0.0057923705 0.0071905744 0.006354583 0.22935645 0.0035053105 0.36704472 0.001821414 0.11319636 0.07139344 0.0030761787 0.0046461183 0.44662675 0.0009302362 0.36395082 0.037142504 0.007903344 0.00084787345 0.00046420546 0.010010982 3.8806516e-05 0.094084606 0.0023526347 0.000121879355 0.0105322255 0.0001770546 0.6346374 0.052272968 0.0023620308 0.2745869 0.5263884 5.2061998e-20 7.0269794e-05 0.00044048615 0.21498094 0.0005630836 0.007780499 0.017842209 0.0073985886 0.00022862953 0.56284744 0.55212337 0.00010236566 4.5263855e-06 0.19308129 0.0048666135 0.0013863267 0.007778443 0.6181466 0.53631246 0.0018596954 0.003234162 0.004211504 0.090655275 0.45878473 0.002685095 0.17887641 0.0039638407 0.00015280058 0.0011800163 0.24018815 0.009667927 0.012923761 8.186176e-05 0.00045083178 0.001058517 0.025070008 0.0008005799 0.005241699 2.3946819e-05 0.0011652075 0.011080518 2.4941342e-05 0.0022314535 0.00089578907 0.003324639 0.00016575845 0.00025966484 0.0016280987 1.9401603e-05 9.32217e-07 3.2952619e-06 2.777356e-06 0.010358827 0.010943112 1.2740772e-05 0.0022929606 7.157136e-06 0.0001875361 9.64443e-05 1.3590292e-05 5.4841184e-06 2.1328408e-06 0.0017683903 0.0038934725 0.0002992486 0.004394973 1.8349843e-05 0.0057505695 4.9278475e-05 0.00025965692 7.164805e-06
