3.8051623e-27 0.8483707 0.95055395 0.33753327 0.97523737 0.22367565 0.9520187 0.9712571 0.95487106 0.91558784 0.9878157 0.83710927 0.88559127 0.90963537 0.9784458 0.71887046 0.7658105 0.9446334 0.8221017 0.63509613 0.9985801 0.4384457 0.8687376 0.92264897 0.8015872 0.5706815 0.019596787 0.17816089 0.23521264 0.17349635 0.094668835 0.041388463 0.15713969 0.55870855 0.14970362 0.16183786 0.67614293 0.7133011 0.053620927 0.20568545 0.9964609 0.047320735 0.029491294 0.02492606 0.09682006 0.023916835 0.025651451 0.010137614 0.9966727 0.9923309 0.9988414 0.012085959 0.0058948225 0.00881836 0.0060214526 0.20588857 0.005811188 0.0030858205 0.022193745 0.9791847 0.0015749523 0.0007933607 0.0076087373 0.00085516134 0.99864304 0.000456735 0.002027078 0.0007478936 0.0027817194 0.0036226215 0.0020350942 0.03268659 0.0005103344 0.00018319709 0.00012352673 0.003580784 7.290813e-06 1.7719218e-05 0.011875367 0.0005482341 6.228281e-06 2.7545406e-05 2.5095342e-06 1.4120909e-06 1.8136899e-06 5.390984e-05 0.061259378 1.3153779e-06 2.1094974e-07 1.1528736e-06 0.00032913766 4.7860253e-06 1.7436737e-07 6.003845e-08 3.7653837e-07 1.5495658e-08 1.1623622e-06 0.2402314 2.9521972e-08 2.4947668e-09 0.5364145
0.8483707 7.7767195e-18 0.80649686 0.71455175 0.017297806 0.34716117 0.0040354244 0.7422124 0.0033072003 0.011172601 0.6142281 0.0050997487 0.015689326 0.18505019 0.0002650298 0.22042704 0.21031272 0.0003802698 0.0021131008 0.003884166 0.34085104 0.07407447 0.07920068 0.00012878097 0.0012930832 0.09755197 0.036154 0.007296743 0.043111175 0.011395384 0.007858073 0.033451296 0.0051188935 0.00010908704 0.057819262 0.03015108 3.112199e-05 3.360574e-05 0.07095944 0.0014108877 0.028174357 0.003468798 0.0014807341 0.0030337218 0.0001966856 0.0033887734 0.0011551589 0.0036421714 0.023078447 0.0001278145 0.00012802274 0.0001667122 0.001612209 0.0036538711 0.00050380186 0.004859152 0.001883519 0.0005585046 1.9784254e-06 4.535185e-05 0.00019616203 0.0003639855 0.00016537966 0.00040357106 0.00015486278 0.0002488628 0.005064704 0.0022593932 3.0167115e-05 0.0024752193 0.0017952794 8.709989e-06 2.782156e-05 0.0016250295 2.8857648e-05 7.0287656e-06 0.00021972563 0.00016437976 6.2832687e-06 2.1119129e-05 0.00053753954 0.00012212359 0.00068242504 4.1975898e-05 9.0517955e-05 0.002306343 1.0604726e-06 0.0005832458 0.00011463513 0.0008764057 0.0003322482 0.0003701071 6.444999e-05 8.494176e-05 0.0003583935 9.141471e-05 1.5749826e-08 0.008996532 4.930772e-05 0.0010364924 7.539937e-08
0.95055395 0.80649686 1.4506102e-19 0.028397199 0.13983665 0.010681614 0.0427481 0.28829837 0.017357286 0.07985257 0.02048181 0.032126702 0.10223304 0.3838579 0.0015841373 0.2190037 0.055469435 0.0011648514 0.0120849265 0.018350244 0.047438644 0.30425087 0.008509606 0.0006991838 0.0061582737 0.1176251 0.0031217784 0.029117296 0.09027572 0.04049475 0.03050467 0.0017925318 0.020988546 0.00044799343 0.013481916 0.018370274 9.6168595e-05 0.00013412217 0.0032190888 0.0038000736 0.07661784 0.00050586223 0.0033686266 0.009453117 8.75777e-05 0.011223584 0.0020807064 0.009926892 0.08215251 0.00040200978 0.00017000792 0.00012179176 0.0029328265 0.008391922 0.00048213624 0.0009247094 0.0024688211 0.0008190846 3.5560788e-06 8.7672786e-05 0.00032596212 0.0005628611 5.942147e-05 0.0007056134 0.001032713 0.00036908066 0.0021580975 0.002977365 1.6255837e-05 0.00038458064 0.0010686306 8.180904e-06 7.639023e-06 0.0014179897 1.9211278e-05 3.5843725e-06 0.00017957731 8.087317e-05 6.428991e-06 7.772214e-06 0.00032862864 0.00014513078 0.00056329207 4.557588e-05 0.00015267298 0.0019746623 8.204308e-07 0.00043883876 0.00011036587 0.0003613912 5.012515e-05 0.00017618679 0.00011611192 0.00012317982 7.613434e-05 9.273066e-05 6.0446126e-08 0.003834576 0.00014021462 0.00070714287 2.5836995e-08
0.33753327 0.71455175 0.028397199 9.018587e-22 0.003055819 0.73384 0.0011141882 0.06906594 0.0008081535 0.0031505655 0.8364423 0.0013498615 0.0059708306 0.058643423 6.270026e-05 0.11949663 0.13858318 0.0001839204 0.0004053686 0.001044165 0.05643359 0.028071474 0.62175596 5.0397986e-05 0.00045930446 0.061117943 0.06313236 0.002589755 0.031458788 0.012317665 0.00525586 0.06308811 0.0040634964 3.2250835e-05 0.061901633 0.029268991 2.7168996e-06 8.012342e-06 0.100740604 0.0006784605 0.014901356 0.020307567 0.0032553726 0.006964912 7.757762e-05 0.006547342 0.003407852 0.009732536 0.008032717 2.4653635e-05 6.298331e-05 0.00036445336 0.005328381 0.007720461 0.0021220106 0.010986119 0.008092652 0.0040453095 2.744266e-06 1.7545464e-05 0.0011697875 0.0010403347 0.00038978268 0.0024540585 1.3116968e-05 0.002186783 0.014611813 0.0039038425 3.260201e-05 0.012389341 0.007766065 7.064355e-06 1.802096e-05 0.0047595603 6.3263535e-05 5.2204764e-06 0.0017758271 0.00051064254 3.2222383e-06 2.291602e-06 0.0023196489 0.0014800888 0.00317849 0.00017730737 0.00096177077 0.006998639 5.9474783e-06 0.0026733964 0.00033127182 0.0028878644 0.00071468705 0.004053518 0.0009938368 0.0007624765 0.0013179873 0.0006773223 6.663201e-09 0.037943467 0.0001562187 0.00020971482 5.0445998e-08
0.97523737 0.017297806 0.13983665 0.003055819 2.5558412e-22 0.0003736128 0.5733149 0.027651077 0.4465123 0.49430072 0.0027028092 0.47696188 0.44092035 0.036977038 0.07452244 0.0056984853 0.0005288244 0.05927764 0.35756856 0.34659708 0.004240975 0.21679689 0.0018560977 0.054390017 0.24333028 0.004186033 0.00041982767 0.50290495 0.018626187 0.16594864 0.4084725 0.00020990812 0.37735295 0.033997193 0.0010995029 0.004647018 0.0034783403 0.0047623576 0.00040530018 0.11934242 0.01259733 0.00010138024 0.11476853 0.1551964 0.01175195 0.11158218 0.076549895 0.07219917 0.012091971 0.0056583737 0.007011634 0.0149802845 0.07394387 0.01931002 0.04035874 7.213838e-05 0.008410695 0.037301555 0.00016913401 0.0022659467 0.038489074 0.02439883 0.012216011 0.032283913 0.007770955 0.02310525 0.0018008249 0.029934146 0.007007449 1.9502584e-06 0.002576326 8.3206505e-05 0.0049401596 0.015186494 0.0068364153 0.00012290053 0.004103044 0.0028174876 9.041693e-05 0.00014488834 0.008486214 0.00032477058 0.006901562 0.001549965 0.0017300907 6.0498638e-05 3.6754904e-05 0.0047913236 0.0005775439 1.3339327e-06 5.0636316e-07 5.0350354e-06 0.00087075646 0.0016298052 6.934768e-07 0.00011897283 1.5385403e-05 0.0012928452 0.00072536117 0.00041899132 3.8033148e-05
0.22367565 0.34716117 0.010681614 0.73384 0.0003736128 3.9583658e-23 0.00016846979 0.043679535 0.00011374413 0.0008724483 0.8738363 0.00028961577 0.0020964146 0.031835012 8.658954e-06 0.048597634 0.10182473 6.785979e-06 5.1155817e-05 0.00029801682 0.06664725 0.0065503023 0.871211 1.8889757e-06 9.597036e-06 0.035302654 0.28576693 0.0004954784 0.008830167 0.0024968581 0.0011406263 0.21350552 0.0011099068 1.2698431e-06 0.044432797 0.015201172 3.8809382e-08 1.714754e-07 0.1437933 4.848992e-05 0.00359611 0.03262493 0.00042036633 0.00073714834 5.2254572e-06 0.000608387 0.00030288406 0.0010672908 0.00273782 1.0559354e-06 8.762961e-06 3.7844464e-05 0.0003364642 0.0019587236 0.00017234853 0.013818125 0.0015024652 0.00047918304 7.047807e-08 3.0127322e-07 8.591304e-05 0.00011892121 5.068415e-05 6.2057064e-05 2.4742857e-07 6.559104e-05 0.0027417485 0.000677573 2.0759958e-06 0.027554445 0.0012370829 2.4905688e-07 9.4776186e-07 0.0008127891 9.044784e-06 6.140794e-07 0.00026870662 5.1905838e-05 4.5469356e-08 1.3337623e-06 0.00028137685 7.289301e-05 0.0007193537 1.52177345e-05 0.00013983416 0.003052023 8.545004e-09 0.00043990556 3.7337413e-05 0.001023311 0.0014689139 0.00041589723 5.659874e-05 3.7776383e-05 0.00034044104 1.553295e-05 1.6393269e-11 0.014329687 2.717912e-05 1.6059188e-05 3.749407e-12
0.9520187 0.0040354244 0.0427481 0.0011141882 0.5733149 0.00016846979 6.8642253e-22 0.006586754 0.7913654 0.3347803 0.00068394153 0.47063893 0.1695601 0.017536867 0.29953375 0.0023829562 0.00027027458 0.09378626 0.39908853 0.28003985 0.00094338565 0.08251291 0.00033118113 0.07360389 0.30824453 0.0030464046 0.00022600644 0.42093372 0.016174644 0.05392441 0.28706327 0.0001233571 0.22552814 0.08154351 0.0010572671 0.004650223 0.009893422 0.014586696 0.00048382944 0.12325685 0.009813205 2.7214082e-05 0.086192794 0.11462911 0.026307413 0.0742394 0.06037703 0.065002315 0.01252832 0.010458618 0.019508973 0.017019238 0.06323424 0.015433688 0.033570196 2.12222e-05 0.0074815187 0.042990245 0.0012692815 0.008658459 0.03213116 0.01753237 0.018601002 0.02633312 0.0062623112 0.020787226 0.0019611798 0.024460208 0.010948383 2.355206e-06 0.0031698358 0.0006634756 0.006934742 0.008852659 0.006518589 0.0010989084 0.0074075973 0.0035584182 0.00037530423 0.0006920108 0.0043430747 0.0006710305 0.00814238 0.0015394936 0.001975248 8.031394e-05 0.0009389307 0.0033760283 0.00059350394 2.7823878e-06 6.10617e-07 3.2573415e-05 0.0018865886 0.00076651963 1.3118938e-06 0.00015691375 1.777858e-05 0.000107236665 0.0006555536 0.00073745666 0.0003265374
0.9712571 0.7422124 0.28829837 0.06906594 0.027651077 0.043679535 0.006586754 1.8769152e-18 0.0054337513 0.014399024 0.051365994 0.006400716 0.02299275 0.18546137 0.0005369949 0.14813974 0.07350902 0.0010067906 0.0037974562 0.0051002377 0.3035481 0.06435651 0.010712837 0.00071175175 0.002277584 0.059611276 0.011283114 0.008273859 0.020180177 0.007726516 0.007932908 0.0093879765 0.0056879604 0.0005035086 0.02100406 0.012958979 0.00022615715 0.0003799115 0.010236385 0.0027894462 0.051654167 0.003602055 0.0031428784 0.0032777025 0.00020205294 0.0029846667 0.0024043994 0.0036705814 0.060203504 0.0007732748 0.00010819849 0.00047275543 0.0041309106 0.006622265 0.001414418 0.0028735716 0.003321671 0.0022180204 2.3582346e-05 0.0002086826 0.0018734289 0.00090539374 0.00013050718 0.0031878934 0.00025320554 0.001999582 0.0068696416 0.0049052974 7.32491e-05 0.0077879108 0.00522732 2.347704e-05 4.1651347e-05 0.0028507512 0.00012202741 3.7549344e-05 0.00074776344 0.0006297286 1.1038329e-05 2.7412802e-05 0.0006637522 0.0009436804 0.0014468735 0.0003841598 0.00034771295 0.014360633 4.8041575e-06 0.0012173712 0.00019609636 0.015382594 0.006998867 0.0034336161 0.00037933496 0.00022102655 0.006607296 0.0001330505 4.5514742e-08 0.0051860195 0.00011341331 0.000386375 3.8988116e-08
0.95487106 0.0033072003 0.017357286 0.0008081535 0.4465123 0.00011374413 0.7913654 0.0054337513 2.4213664e-20 0.28533775 0.00094788213 0.4571425 0.17903702 0.0122515485 0.51069707 0.0014874674 0.00012709213 0.26360327 0.53870845 0.35111028 0.0013332886 0.060697377 0.00032520355 0.19032933 0.52387196 0.0017195722 8.991561e-05 0.34981424 0.009994055 0.046392478 0.26505816 4.2896812e-05 0.25227022 0.22397995 0.00043301214 0.0026019595 0.03632452 0.050509226 0.00015867107 0.23071894 0.014258916 6.66126e-06 0.12503052 0.1565093 0.077663556 0.094619766 0.09751773 0.06329359 0.027697798 0.041206703 0.05899804 0.03821781 0.07906584 0.015471273 0.05699547 1.4145232e-05 0.00660866 0.061394505 0.011454935 0.024808174 0.043151654 0.021230817 0.035957728 0.035142895 0.018076895 0.028897114 0.0011615173 0.021721348 0.028984057 8.337306e-07 0.002885355 0.0062967394 0.022301115 0.010518122 0.011007031 0.0072803567 0.008443992 0.004173031 0.0022292766 0.002973172 0.0067126155 0.0006717963 0.007408258 0.0019354323 0.0024194934 3.682332e-05 0.0030630198 0.004508898 0.0008019424 1.0372265e-06 2.139237e-06 1.81649e-05 0.0019726192 0.0007059884 4.249326e-07 0.00016174658 0.00017103193 5.2227846e-05 0.0006282898 0.0010932117 0.0013637434
0.91558784 0.011172601 0.07985257 0.0031505655 0.49430072 0.0008724483 0.3347803 0.014399024 0.28533775 4.3871146e-23 0.002925954 0.6147125 0.6450578 0.05391616 0.050974444 0.0075891055 0.00080713216 0.02936697 0.3288388 0.5200777 0.002886515 0.31700653 0.0030890992 0.029872054 0.18367235 0.009023423 0.00042944786 0.53567487 0.05157573 0.29036853 0.4274343 0.0004514048 0.48497516 0.02468864 0.0034032078 0.0143130515 0.0026938736 0.0019848095 0.0004225442 0.17453165 0.0063819163 0.0002591268 0.16178863 0.258547 0.011449229 0.26307505 0.12057977 0.15632863 0.008035244 0.0032932875 0.0044449167 0.025131946 0.12543611 0.054112125 0.07716647 0.0001414845 0.025269635 0.10037825 9.058142e-05 0.002053083 0.06191384 0.07578734 0.016129412 0.065752015 0.0034834542 0.05307577 0.0029492516 0.09868245 0.0073213773 3.0486829e-06 0.008907935 6.762158e-05 0.004987009 0.054396447 0.013156753 9.739559e-05 0.014992878 0.005618116 8.511911e-05 0.0001893187 0.02177865 0.00062255026 0.017175268 0.0019748025 0.0034205816 3.1504675e-05 2.8899978e-05 0.00788034 0.0003916276 4.660047e-07 1.1995879e-06 3.8564367e-06 0.0010379434 0.0029933169 4.5256195e-07 7.7757024e-05 1.6931872e-05 0.0026796232 0.000999824 0.0001723556 2.2841388e-05
0.9878157 0.6142281 0.02048181 0.8364423 0.0027028092 0.8738363 0.00068394153 0.051365994 0.00094788213 0.002925954 6.270202e-21 0.00217383 0.0042418404 0.0551036 6.728064e-05 0.080903724 0.10683 5.8842434e-05 0.0008252018 0.0021430976 0.07313563 0.02049205 0.33560893 3.9329992e-05 0.00024674746 0.041185897 0.2921578 0.0023182356 0.01760815 0.006828505 0.0030369507 0.27712196 0.0037326147 3.5438704e-06 0.039805703 0.01744723 6.531249e-06 9.937571e-06 0.06690281 0.00030290225 0.007189104 0.06295323 0.0005163606 0.0011391005 1.6762697e-06 0.0016068142 0.0004412278 0.0013988764 0.011186269 0.0002826908 4.413786e-05 6.2223203e-06 0.000250857 0.0021666451 7.105114e-05 0.009178738 0.0017784727 0.00015743944 1.4081776e-06 2.8540873e-05 1.3130561e-05 6.536374e-05 4.261804e-06 3.243114e-05 5.2038424e-05 1.737953e-05 0.004458294 0.00049407606 6.493528e-07 0.0068345373 0.0021320467 2.2778315e-06 9.1541416e-08 0.0005015138 5.656005e-07 7.5570165e-07 1.840763e-05 1.0039381e-05 3.9527226e-08 2.093189e-07 0.00015969302 0.00016026243 7.5824355e-05 7.1940167e-07 3.8812588e-05 0.0031060898 4.157479e-09 0.00010991222 1.4367755e-05 0.008147429 0.24014813 0.0010603225 3.2958636e-05 1.2678918e-05 0.0064028497 4.3093564e-06 2.825441e-10 0.0065503186 3.298002e-05 6.2716135e-06 5.8326184e-11
0.83710927 0.0050997487 0.032126702 0.0013498615 0.47696188 0.00028961577 0.47063893 0.006400716 0.4571425 0.6147125 0.00217383 2.118301e-22 0.5079141 0.034173816 0.13648066 0.003310337 0.00017212515 0.064086035 0.527275 0.589624 0.0020201611 0.18975621 0.00209284 0.069867395 0.32798016 0.0031526182 7.10916e-05 0.58805937 0.0342299 0.17809515 0.44778156 9.3223745e-05 0.45654207 0.07089582 0.0010199512 0.0071709547 0.0062346435 0.006368789 0.000104801686 0.31745973 0.0053426386 1.1368431e-05 0.21133412 0.29443672 0.02987617 0.2631905 0.17695962 0.15508048 0.011220903 0.007168534 0.009303848 0.04488879 0.14472051 0.042570833 0.11504212 5.0901355e-05 0.017665869 0.13749106 0.00075192645 0.003928947 0.08331084 0.09141777 0.03117143 0.087921664 0.004559805 0.07169522 0.001809673 0.09165452 0.018652169 6.9469667e-07 0.0059999083 0.00029388798 0.013078203 0.04275972 0.017466433 0.00067506597 0.022386154 0.0072909244 0.00026536974 0.00045106356 0.019402668 0.00033119062 0.018683415 0.0024111182 0.0040900274 1.3147013e-05 0.00014525304 0.0063044517 0.000681201 1.2394368e-07 2.9321538e-07 2.9166656e-06 0.00057564623 0.0020190876 1.246157e-07 7.68883e-05 1.4675478e-05 0.0009445087 0.00060339324 0.00024031548 0.0001993106
0.88559127 0.015689326 0.10223304 0.0059708306 0.44092035 0.0020964146 0.1695601 0.02299275 0.17903702 0.6450578 0.0042418404 0.5079141 7.077737e-24 0.081490494 0.021922853 0.012731045 0.0016624059 0.02041477 0.24719398 0.4421981 0.0048244903 0.48194692 0.005443105 0.018493455 0.12299855 0.015585272 0.0010671014 0.511497 0.07700869 0.3678626 0.4599929 0.0010691612 0.50085557 0.0091877505 0.006190749 0.027884174 0.0013620298 0.0010276989 0.0007290326 0.15337162 0.008424126 0.0006579569 0.15558797 0.28476423 0.0066001257 0.29399222 0.1272662 0.21025243 0.01271073 0.001873385 0.003381824 0.02797497 0.13859785 0.09697463 0.07546791 0.00030111367 0.04698155 0.108410425 1.0727895e-05 0.001060979 0.05958887 0.10041073 0.010441014 0.07272819 0.0022053428 0.061613776 0.0049999994 0.13413364 0.004799672 6.959191e-06 0.014434413 1.359129e-05 0.0025657762 0.08833238 0.013806173 2.380875e-05 0.015062349 0.0049229814 1.4719085e-05 4.0697592e-05 0.035293505 0.00092581107 0.027436625 0.0022687425 0.0038232289 4.9762402e-05 5.8218734e-06 0.0141127 0.00041804716 8.178583e-07 2.479666e-06 5.911198e-06 0.001199091 0.0060422416 1.1461501e-06 0.000107339285 4.033906e-06 0.0062685404 0.001047917 0.0001629244 2.1249691e-06
0.90963537 0.18505019 0.3838579 0.058643423 0.036977038 0.031835012 0.017536867 0.18546137 0.0122515485 0.05391616 0.0551036 0.034173816 0.081490494 2.2406687e-22 0.0014240894 0.47640136 0.12779245 0.0020734158 0.009967964 0.03230872 0.07718007 0.41496974 0.057386708 0.0011353728 0.0016789936 0.35511115 0.03598451 0.04505435 0.36496764 0.18689317 0.10408184 0.016442297 0.06881843 0.00011257507 0.15200147 0.29338917 0.00028329695 0.00022023857 0.03367149 0.0048948787 0.031255096 0.014576191 0.011202539 0.048620086 0.00030226883 0.064730756 0.010800406 0.06512256 0.031368066 0.00032568525 0.0017527947 0.0017299124 0.032797772 0.10773053 0.007778725 0.0057218447 0.07919241 0.029518917 4.409699e-06 0.00027771975 0.008114101 0.019910017 0.0015786259 0.017212246 0.0010971639 0.01487728 0.043794576 0.05911932 0.00012316056 0.00033436198 0.051720932 1.1218446e-05 9.190107e-05 0.053878546 0.0006417727 6.107125e-05 0.0027141487 0.0007299432 8.000834e-06 4.80175e-05 0.013271045 0.0039324723 0.008380542 0.0006516364 0.0015725135 0.0027150675 5.2642295e-05 0.01069587 0.00035256115 0.0001634261 0.00010815938 0.00037268453 0.0020500282 0.0026442404 5.9679984e-05 0.00017944601 9.559885e-08 0.03868142 0.0010562321 0.00036365102 1.8036083e-06
0.9784458 0.0002650298 0.0015841373 6.270026e-05 0.07452244 8.658954e-06 0.29953375 0.0005369949 0.51069707 0.050974444 6.728064e-05 0.13648066 0.021922853 0.0014240894 2.2244218e-20 0.00028776674 1.1409661e-05 0.890326 0.2730664 0.10736382 0.00013898831 0.005850226 1.7792268e-05 0.67954725 0.32720876 0.00020587581 4.449085e-06 0.041995704 0.0010909083 0.008266977 0.027318988 3.3791894e-06 0.041571725 0.2862467 1.5023956e-05 0.00014767009 0.20495452 0.14869702 7.953522e-06 0.087376215 0.003926999 8.9073984e-07 0.02497078 0.02506244 0.05495698 0.01495316 0.02433662 0.0071930336 0.0043590376 0.052493405 0.10252682 0.025355564 0.016993755 0.0020114307 0.025467817 3.0292392e-06 0.0009252612 0.007574576 0.04844298 0.03037437 0.021928117 0.0029521275 0.030632261 0.0075477185 0.01783707 0.0037449894 0.00027547206 0.0029262067 0.045621067 2.3380156e-07 0.00041307078 0.01060034 0.022733226 0.0019093797 0.008805506 0.017890198 0.0009043535 0.0020839344 0.009965944 0.0051182928 0.00066939904 0.0001113443 0.0006856431 0.00022529371 0.0003642388 9.855668e-06 0.0012007222 0.0005118283 0.00020216798 2.5856963e-08 3.5354833e-07 2.073835e-06 0.00015368694 6.12081e-05 4.127449e-08 1.5260273e-05 0.00027274503 1.7108446e-06 4.739327e-05 0.00021658662 0.0004054117
0.71887046 0.22042704 0.2190037 0.11949663 0.0056984853 0.048597634 0.0023829562 0.14813974 0.0014874674 0.0075891055 0.080903724 0.003310337 0.012731045 0.47640136 0.00028776674 3.987318e-20 0.38228518 0.000566635 0.00069473614 0.003839119 0.05904165 0.27733833 0.084986396 0.00020124983 0.0003722139 0.48960376 0.07626279 0.0072173267 0.3115189 0.05995937 0.022198888 0.03336231 0.02593014 1.8029641e-05 0.30075002 0.32894745 9.3370996e-05 6.7087916e-05 0.10416213 0.00051585934 0.013448368 0.02294254 0.0026984606 0.024135886 4.6194233e-05 0.029560385 0.0022124778 0.028197326 0.012640894 3.78349e-05 0.00031186925 0.00038813276 0.015018758 0.06006392 0.0023969908 0.008095231 0.041104615 0.011050458 6.280118e-06 8.453898e-05 0.0033628794 0.004418636 0.0011116165 0.0056883832 0.0005592764 0.004905302 0.045131985 0.02339502 6.574854e-05 0.0028670484 0.03265819 4.017773e-06 4.0563526e-05 0.025604319 0.00013669094 2.8302218e-05 0.0013307569 0.0005011251 1.4498875e-05 8.567204e-06 0.005315966 0.0024413154 0.003654936 0.0002162702 0.0008102985 0.008555537 7.150883e-05 0.0043835603 0.00015576035 0.00094313733 0.00089825195 0.0010690215 0.0012687059 0.0012198723 0.00041089847 8.145533e-05 9.389511e-08 0.040988922 0.0011173357 0.0006720289 1.7886827e-05
0.7658105 0.21031272 0.055469435 0.13858318 0.0005288244 0.10182473 0.00027027458 0.07350902 0.00012709213 0.00080713216 0.10683 0.00017212515 0.0016624059 0.12779245 1.1409661e-05 0.38228518 3.416161e-19 3.6532474e-05 5.548592e-05 0.00038036375 0.05286629 0.026679141 0.16547555 5.4479624e-06 1.499786e-05 0.27715138 0.1474106 0.0010309309 0.040005006 0.0136613995 0.0038557108 0.06077941 0.006024376 6.325629e-07 0.21938862 0.15581459 3.2805747e-06 4.483766e-06 0.19308655 4.188309e-05 0.009054861 0.045111928 0.00080775627 0.0039648125 6.671948e-06 0.006949035 0.0007930883 0.01096587 0.02241494 7.753136e-06 4.166966e-05 4.2529427e-05 0.0073768464 0.027121453 0.0007577581 0.01717088 0.01842794 0.003876182 7.436898e-07 8.235998e-06 0.0013089859 0.0017233293 0.0002601177 0.0023690774 8.503878e-05 0.0016117954 0.027644668 0.011804626 7.905465e-06 0.007940571 0.014565969 1.5819887e-06 2.1122656e-05 0.012426942 4.7756737e-05 9.386392e-07 0.0003886068 0.0001676983 5.6800644e-07 5.856313e-07 0.0013914793 0.0010440883 0.000956093 2.9050438e-05 0.00015778936 0.006695673 4.7262893e-06 0.0014804205 4.3305092e-05 0.0013941465 0.0024269347 0.002477411 0.0005744291 0.00019106592 0.0006677843 1.6892614e-05 1.5694052e-08 0.06956709 0.00049401954 0.00038768476 3.2720274e-07
0.9446334 0.0003802698 0.0011648514 0.0001839204 0.05927764 6.785979e-06 0.09378626 0.0010067906 0.26360327 0.02936697 5.8842434e-05 0.064086035 0.02041477 0.0020734158 0.890326 0.000566635 3.6532474e-05 2.6239445e-17 0.15324008 0.057877675 0.00022468585 0.0069714272 1.3226455e-05 0.7866059 0.29034406 0.00036813258 3.0126463e-05 0.04638709 0.0019481105 0.007029886 0.026873738 1.1402351e-05 0.040598348 0.32459247 6.4699954e-05 0.0005154067 0.46371666 0.43604094 0.00011171753 0.12155508 0.004049778 1.5299071e-06 0.028847208 0.027685458 0.08583925 0.017134214 0.027153492 0.008140501 0.005533988 0.1106113 0.19862413 0.024995105 0.013558208 0.0055514215 0.019744823 2.8803098e-07 0.0032471295 0.008946344 0.09319373 0.07062229 0.013278425 0.003504027 0.025216077 0.0044606267 0.023022963 0.0029987511 0.00077960803 0.0049141725 0.03600526 7.9847615e-07 0.001905159 0.03438434 0.020457055 0.0042415126 0.006407661 0.026770396 0.0023896561 0.0021505572 0.020831889 0.0075321584 0.0031487693 0.00059603964 0.0031423091 0.0009571664 0.0013244373 5.2469677e-05 0.0074465075 0.0030930066 0.00052340236 7.9115847e-07 4.843936e-07 3.684359e-05 0.0012225602 0.00018038627 9.069604e-07 0.00010963667 0.00035398477 1.5572812e-08 6.744143e-05 0.0004363432 0.0015780042
0.8221017 0.0021131008 0.0120849265 0.0004053686 0.35756856 5.1155817e-05 0.39908853 0.0037974562 0.53870845 0.3288388 0.0008252018 0.527275 0.24719398 0.009967964 0.2730664 0.00069473614 5.548592e-05 0.15324008 2.2864676e-21 0.5701307 0.0014951739 0.07425756 0.0004032737 0.23613606 0.7167223 0.00072775094 3.0063406e-05 0.49616593 0.007714761 0.07869165 0.3670884 1.6203181e-05 0.4704754 0.454181 0.00010054247 0.0013690764 0.041267492 0.0274249 6.208098e-05 0.57708627 0.004016364 6.3001386e-07 0.28119832 0.32728294 0.21684898 0.22128566 0.2619865 0.11267259 0.023925139 0.029109428 0.029732909 0.1243708 0.2003913 0.02543956 0.19444907 2.8208726e-06 0.0071920212 0.19584763 0.0073885163 0.015320974 0.15117031 0.07601573 0.086378515 0.12738785 0.009108911 0.10896205 0.0008033524 0.06508596 0.06961962 2.0788654e-07 0.001972099 0.0015002916 0.04501734 0.026988035 0.044463463 0.005015562 0.031729065 0.014356408 0.0010117441 0.0020354027 0.014991297 0.00010850663 0.01486989 0.00785083 0.0049404805 4.8263237e-06 0.00067986053 0.0028457246 0.0009814095 6.345438e-08 4.5609546e-08 2.045655e-06 0.00044441092 0.00086951454 4.8606616e-08 6.857781e-05 5.1173873e-05 8.25216e-05 0.00023751773 0.00022620159 0.0003883893
0.63509613 0.003884166 0.018350244 0.001044165 0.34659708 0.00029801682 0.28003985 0.0051002377 0.35111028 0.5200777 0.0021430976 0.589624 0.4421981 0.03230872 0.10736382 0.003839119 0.00038036375 0.057877675 0.5701307 1.9670088e-22 0.0016916087 0.22613922 0.0016631488 0.084095865 0.40445238 0.0028913391 8.8479814e-05 0.5964247 0.024951456 0.15241179 0.45959592 5.4989534e-05 0.52172685 0.100333914 0.0007365332 0.0036194809 0.008497689 0.0063304487 0.00012889782 0.43311602 0.0033231475 6.3535404e-06 0.28949657 0.4014796 0.050702825 0.3316505 0.2691458 0.23400769 0.01131372 0.0062748957 0.0077279718 0.08852855 0.24245037 0.06431876 0.20583066 2.048071e-05 0.017412614 0.23591372 0.0010010032 0.0030627528 0.15102604 0.16232872 0.042685404 0.15484563 0.0029836108 0.14191243 0.0008519484 0.13074186 0.024569517 3.6326037e-07 0.0034979302 0.00026482923 0.012093678 0.0644356 0.024690248 0.0013511082 0.056543984 0.013320527 0.00024916464 0.00051173504 0.03663817 0.0001422975 0.041722473 0.009617937 0.010412674 9.213533e-06 0.00013172194 0.008367784 0.0015312034 8.24911e-08 1.06154666e-07 2.398214e-06 0.00039331982 0.0076326584 1.09998346e-07 0.00036759884 1.1829439e-05 0.00042512215 0.00043582413 0.00032512014 8.8108645e-05
0.9985801 0.34085104 0.047438644 0.05643359 0.004240975 0.06664725 0.00094338565 0.3035481 0.0013332886 0.002886515 0.07313563 0.0020201611 0.0048244903 0.07718007 0.00013898831 0.05904165 0.05286629 0.00022468585 0.0014951739 0.0016916087 9.218977e-22 0.01116426 0.027254984 0.0001392117 0.0007159774 0.022729471 0.008036961 0.001308971 0.005021621 0.0024149416 0.0014380806 0.013931969 0.0022074354 7.070297e-05 0.0065377085 0.003087672 1.9311316e-05 3.0457171e-05 0.004118469 0.00021859321 0.04208481 0.0069229864 0.00023014029 0.00077669055 1.7346412e-05 0.0007108326 0.00018027004 0.00070666056 0.11351134 0.0016363487 0.0004345206 1.374518e-05 0.0003071932 0.001094012 0.00010243539 0.0058866376 0.0011179881 0.00023849717 9.797766e-07 0.00053491007 8.629948e-05 0.000106565734 1.1215008e-06 0.00015786928 4.01904e-05 7.589192e-05 0.0033046596 0.0003454823 1.2783473e-06 0.037207816 0.0025326672 1.2820246e-06 9.1063345e-07 0.00055563153 2.6959701e-06 7.328025e-07 2.410418e-05 2.6636912e-05 5.5978433e-08 3.7337273e-07 0.00019754523 0.00016034207 3.75827e-05 2.2440552e-06 2.1199909e-05 0.018907212 2.503644e-08 0.0002147233 3.5881505e-05 0.017925292 0.07531722 0.0011265406 2.4607174e-05 4.6558207e-06 0.0085869385 3.8693643e-06 6.6419303e-10 0.016859388 5.8154983e-06 1.4507949e-05 2.236077e-09
0.4384457 0.07407447 0.30425087 0.028071474 0.21679689 0.0065503023 0.08251291 0.06435651 0.060697377 0.31700653 0.02049205 0.18975621 0.48194692 0.41496974 0.005850226 0.27733833 0.026679141 0.0069714272 0.07425756 0.22613922 0.01116426 5.2269446e-24 0.018574161 0.0068072984 0.022005105 0.14657035 0.013928555 0.41417196 0.41472113 0.44514114 0.455068 0.0055471873 0.3072503 0.0006579402 0.038881518 0.18928023 0.00046419993 0.00038570585 0.012742146 0.051135376 0.008078792 0.0032282593 0.07405625 0.23765783 0.0011144879 0.21080343 0.056053013 0.27741787 0.004125718 0.00026395856 0.0017136752 0.0068964073 0.08897558 0.13484591 0.027884323 0.00072945235 0.05660397 0.064421825 4.5334964e-06 0.00021809971 0.03324063 0.0426852 0.00091190496 0.04384643 0.0012823769 0.038020436 0.012009449 0.1066839 0.00018312442 2.9495284e-05 0.017637443 3.0372173e-06 7.074984e-05 0.0765905 0.0015200316 0.000106994456 0.008113162 0.00204031 1.6203738e-05 5.6681707e-05 0.01668093 0.0012891417 0.018672403 0.0017076482 0.002836826 0.0003903816 6.2738596e-05 0.010192999 0.00032045745 2.7654087e-05 7.731672e-06 8.100007e-05 0.0016483029 0.003721839 9.654742e-06 0.00020388133 1.1139841e-07 0.009423463 0.0010429971 0.00041228504 3.4270302e-06
0.8687376 0.07920068 0.008509606 0.62175596 0.0018560977 0.871211 0.00033118113 0.010712837 0.00032520355 0.0030890992 0.33560893 0.00209284 0.005443105 0.057386708 1.7792268e-05 0.084986396 0.16547555 1.3226455e-05 0.0004032737 0.0016631488 0.027254984 0.018574161 2.1064348e-19 6.609176e-06 1.39163185e-05 0.06621184 0.7371081 0.0010676609 0.022641795 0.00668687 0.0028674612 0.8955854 0.0053737555 9.175713e-08 0.08182906 0.02928159 2.0070195e-07 2.2692616e-07 0.5003323 1.1278692e-05 0.0072846836 0.8003376 0.00022846389 0.0014463763 1.11438354e-07 0.0014518911 0.00015840874 0.001604721 0.019585105 2.5724306e-05 9.509756e-06 9.870778e-07 0.00023443243 0.0028307722 3.0260038e-05 0.1046703 0.0025957476 0.00016742999 3.006299e-08 8.677103e-07 9.967383e-06 0.00014960182 2.0231455e-06 3.483899e-05 3.8074138e-06 2.86531e-05 0.005338595 0.0007734972 1.1602928e-07 0.058573037 0.0026863103 5.3784973e-08 9.846601e-08 0.001442465 7.31001e-07 1.4446799e-07 1.6094069e-05 4.5658953e-06 8.6234603e-10 1.7490157e-08 0.00041353295 0.0005147718 0.00017007004 1.438339e-06 2.9628749e-05 0.004137059 6.661545e-10 0.0003705102 8.808575e-06 0.009616883 0.25352675 0.0019421524 0.00016877067 5.063525e-05 0.006077373 4.9937757e-06 3.050941e-11 0.024195466 0.00013568891 1.4172967e-05 3.185267e-13
0.92264897 0.00012878097 0.0006991838 5.0397986e-05 0.054390017 1.8889757e-06 0.07360389 0.00071175175 0.19032933 0.029872054 3.9329992e-05 0.069867395 0.018493455 0.0011353728 0.67954725 0.00020124983 5.4479624e-06 0.7866059 0.23613606 0.084095865 0.0001392117 0.0068072984 6.609176e-06 2.7064807e-19 0.45783144 0.00012855078 8.727708e-06 0.05506679 0.0006349764 0.0048760464 0.031491656 4.3819637e-06 0.054958224 0.5722388 2.440951e-05 0.00026655552 0.32537627 0.2935567 3.3244927e-05 0.24513787 0.0024285472 2.7951606e-07 0.064528026 0.04164925 0.25289103 0.022676053 0.0633152 0.012369283 0.0072167967 0.14215583 0.19878618 0.083568335 0.039535105 0.004771843 0.047040325 3.924479e-07 0.0013695192 0.02395879 0.19082898 0.101351604 0.03623361 0.0059243287 0.101771824 0.014473505 0.017747473 0.010560341 0.00054573256 0.009478713 0.13922188 1.62501e-07 0.00076577393 0.034487218 0.088186525 0.00494877 0.023487614 0.06014983 0.0035217053 0.0060121454 0.022739844 0.018529046 0.0017189598 0.000121924815 0.0031854243 0.0014496112 0.0011938497 1.1722169e-05 0.006664482 0.0014966697 0.00050881895 2.3755317e-07 2.3392177e-07 4.533687e-06 0.00033960928 0.00012386967 2.5441344e-07 7.106673e-05 0.001186735 8.2477406e-08 4.779355e-05 0.0004636745 0.0010198063
0.8015872 0.0012930832 0.0061582737 0.00045930446 0.24333028 9.597036e-06 0.30824453 0.002277584 0.52387196 0.18367235 0.00024674746 0.32798016 0.12299855 0.0016789936 0.32720876 0.0003722139 1.499786e-05 0.29034406 0.7167223 0.40445238 0.0007159774 0.022005105 1.39163185e-05 0.45783144 3.3890575e-20 0.00011161732 6.0594262e-05 0.1899744 0.0008912337 0.01295995 0.13965051 1.0149482e-05 0.28125355 0.7982399 2.3613651e-05 0.0003586804 0.15848133 0.11842927 6.21609e-05 0.6578095 0.008934493 4.229072e-07 0.19323152 0.19772814 0.5417169 0.09940069 0.17489466 0.069763884 0.06978045 0.14400427 0.07906678 0.2624844 0.13887553 0.014375342 0.17176664 6.4240815e-08 0.0041608885 0.1248007 0.05548307 0.06758779 0.1382363 0.044225287 0.21814123 0.096610226 0.023639215 0.08063977 0.00082241354 0.03947316 0.16563033 1.8739065e-07 0.0015030276 0.008755905 0.1091004 0.015530871 0.06870966 0.025076047 0.021760281 0.015271383 0.007915099 0.013176976 0.0087926 0.00024808935 0.0078204125 0.006637509 0.0032726615 7.399096e-06 0.0038165299 0.0036567524 0.0012611249 8.5227576e-08 4.7389626e-08 1.2040016e-06 0.0006244307 0.00036334113 6.651192e-08 9.6216565e-05 0.0005289959 4.1443562e-07 0.0001363882 0.00037115012 0.00166067
0.5706815 0.09755197 0.1176251 0.061117943 0.004186033 0.035302654 0.0030464046 0.059611276 0.0017195722 0.009023423 0.041185897 0.0031526182 0.015585272 0.35511115 0.00020587581 0.48960376 0.27715138 0.00036813258 0.00072775094 0.0028913391 0.022729471 0.14657035 0.06621184 0.00012855078 0.00011161732 1.4493753e-21 0.06079773 0.006838968 0.27295882 0.076827645 0.0177757 0.032555275 0.0223042 9.673433e-06 0.3362619 0.4248444 0.00012310207 0.00010435528 0.14232801 0.00038601976 0.015104626 0.039820738 0.005098735 0.015848719 1.3812487e-05 0.024146557 0.0038136847 0.044842526 0.029959105 8.171201e-05 0.00041389713 0.00014370077 0.018957578 0.09842092 0.0038837972 0.012628574 0.09698978 0.012317383 1.0043609e-06 0.00014536014 0.00447378 0.010908633 0.00018943626 0.006593397 0.0009456096 0.0063092303 0.08665052 0.045636915 2.3902918e-05 0.0045673437 0.080632634 8.914058e-06 3.1047934e-05 0.06403588 0.00024020959 3.6613478e-06 0.0016261806 0.00026685488 2.25068e-06 1.1036244e-05 0.014098884 0.013916931 0.0056900657 7.912831e-05 0.0007716446 0.008574883 1.0228071e-05 0.012524383 9.193508e-05 0.0009496492 0.0025397409 0.0029340368 0.0055768737 0.00094544864 0.00082159945 3.5317025e-05 7.133265e-08 0.057982624 0.00077623775 0.00013207516 5.3043635e-07
0.019596787 0.036154 0.0031217784 0.06313236 0.00041982767 0.28576693 0.00022600644 0.011283114 8.991561e-05 0.00042944786 0.2921578 7.10916e-05 0.0010671014 0.03598451 4.449085e-06 0.07626279 0.1474106 3.0126463e-05 3.0063406e-05 8.8479814e-05 0.008036961 0.013928555 0.7371081 8.727708e-06 6.0594262e-05 0.06079773 1.7748077e-23 0.0003821182 0.0151043665 0.004279984 0.0017804194 0.20264418 0.0007633969 7.1615673e-06 0.1125231 0.03152664 3.9333435e-07 2.8928878e-07 0.44776785 0.00010066921 0.003622917 0.14413545 0.0009848711 0.0030161003 7.2718e-06 0.0035369594 0.00094105385 0.007976604 0.0005300246 1.8914807e-05 1.7808225e-05 9.237415e-05 0.0013903684 0.013557943 0.00045658302 0.11879762 0.013291772 0.0022818835 3.5924268e-07 8.658545e-05 0.0001498037 0.0004924952 4.5309658e-05 0.00052318303 1.7229041e-07 0.00074439053 0.017097699 0.0027425615 8.935208e-06 0.08745675 0.012216891 6.0283924e-07 2.9875812e-06 0.0064888084 6.673029e-06 5.5259084e-06 0.0006610207 0.00019608178 4.061531e-07 9.335568e-07 0.0009780397 0.0012695659 0.0018480241 5.4389482e-05 0.0005760249 0.0135895815 2.8108238e-06 0.0011746527 0.0002196791 0.0059377938 0.0023608576 0.0070435153 0.00032031751 0.00016514513 0.0036219964 0.0001415582 4.6950326e-11 0.06748732 3.830433e-05 9.142997e-05 5.3053343e-11
0.17816089 0.007296743 0.029117296 0.002589755 0.50290495 0.0004954784 0.42093372 0.008273859 0.34981424 0.53567487 0.0023182356 0.58805937 0.511497 0.04505435 0.041995704 0.0072173267 0.0010309309 0.04638709 0.49616593 0.5964247 0.001308971 0.41417196 0.0010676609 0.05506679 0.1899744 0.006838968 0.0003821182 6.8680646e-25 0.06645606 0.2599236 0.72237784 6.998223e-05 0.72793096 0.020628192 0.001570753 0.011494939 0.0092995195 0.006562261 0.00033421183 0.21286789 0.0035875943 3.4315945e-05 0.33320665 0.45859864 0.010754192 0.33654088 0.23191045 0.35462913 0.003246752 0.004184556 0.0057185055 0.032786366 0.23799355 0.046781316 0.091700986 4.359742e-06 0.0176115 0.14338908 0.00020896917 0.0020170838 0.08656635 0.09765684 0.023741009 0.09128108 0.0024153988 0.085039526 0.0016983371 0.103742644 0.0044307597 1.9502995e-06 0.0047083264 9.264385e-05 0.002537477 0.042479463 0.0037667435 0.0006218569 0.021355787 0.0041898033 0.00015844304 0.00038159802 0.017765684 0.00080534176 0.019859793 0.0019831462 0.0031111739 1.9758714e-05 0.00028478028 0.008526215 0.00026252033 4.273079e-07 1.279171e-07 9.027455e-06 0.0006219601 0.00070847815 2.9513066e-07 6.873973e-05 7.757518e-07 0.00020038802 0.0002632554 9.780056e-05 7.7342636e-05
0.23521264 0.043111175 0.09027572 0.031458788 0.018626187 0.008830167 0.016174644 0.020180177 0.009994055 0.05157573 0.01760815 0.0342299 0.07700869 0.36496764 0.0010909083 0.3115189 0.040005006 0.0019481105 0.007714761 0.024951456 0.005021621 0.41472113 0.022641795 0.0006349764 0.0008912337 0.27295882 0.0151043665 0.06645606 1.3060983e-22 0.3350811 0.14533257 0.0077806395 0.10016527 2.9563518e-05 0.09747312 0.26996803 0.00030170495 0.00024037874 0.02694309 0.006882754 0.009906342 0.0082246335 0.034752443 0.08092632 3.3779346e-05 0.11240371 0.026670322 0.25593314 0.008967062 0.00015605045 0.00058437354 0.001201779 0.06468661 0.22287562 0.013295328 0.001985156 0.15255469 0.03492623 1.5562671e-06 0.00019158266 0.0137440795 0.040766276 0.00021246065 0.022944586 0.00064450357 0.02186939 0.0820247 0.13981812 1.7809602e-05 6.760164e-05 0.10109309 2.2003783e-06 1.637079e-05 0.15148763 0.00059443177 5.383003e-06 0.0044634966 0.00046842487 8.3360663e-07 5.9954177e-06 0.031739596 0.012103907 0.014802173 0.0002190632 0.0019018297 0.0009911114 6.9597954e-06 0.025825176 8.0055936e-05 1.6906748e-05 2.4983337e-05 0.00024382185 0.004935907 0.00453998 1.3645409e-05 4.243414e-05 1.2218274e-08 0.019897927 0.0022568456 4.9883518e-05 2.6778883e-07
0.17349635 0.011395384 0.04049475 0.012317665 0.16594864 0.0024968581 0.05392441 0.007726516 0.046392478 0.29036853 0.006828505 0.17809515 0.3678626 0.18689317 0.008266977 0.05995937 0.0136613995 0.007029886 0.07869165 0.15241179 0.0024149416 0.44514114 0.00668687 0.0048760464 0.01295995 0.076827645 0.004279984 0.2599236 0.3350811 3.55598e-23 0.40446216 0.0017647814 0.38325635 0.00041549606 0.019868625 0.1285686 0.0004366537 0.00046998452 0.008805637 0.046671428 0.009663568 0.0022611727 0.112622105 0.28300917 0.00036629822 0.323389 0.09749555 0.35208762 0.018719988 0.00027378852 0.001258145 0.013097945 0.13368255 0.22719318 0.06742459 0.00029802398 0.118348345 0.091846205 2.8851634e-06 0.00029014627 0.04986717 0.17087562 0.0007479395 0.06803987 0.00046054335 0.06722695 0.025753058 0.24342513 0.00010630365 2.7815826e-05 0.06433519 3.022478e-06 6.725562e-05 0.2055322 0.004131908 9.86287e-06 0.019308988 0.0023657607 1.6280604e-06 1.0275351e-05 0.065398425 0.011215938 0.04601068 0.0011296396 0.007082549 0.00023491519 1.7474662e-05 0.043610204 0.0004967815 3.1117315e-06 1.52048815e-05 6.0800157e-05 0.012835516 0.02841842 4.206364e-06 0.0005027752 9.008732e-08 0.009647946 0.007603149 0.00020709178 3.896505e-07
0.094668835 0.007858073 0.03050467 0.00525586 0.4084725 0.0011406263 0.28706327 0.007932908 0.26505816 0.4274343 0.0030369507 0.44778156 0.4599929 0.10408184 0.027318988 0.022198888 0.0038557108 0.026873738 0.3670884 0.45959592 0.0014380806 0.455068 0.0028674612 0.031491656 0.13965051 0.0177757 0.0017804194 0.72237784 0.14533257 0.40446216 3.4177036e-24 0.00021742727 0.6668615 0.016312629 0.0053198715 0.025403664 0.0041976343 0.0037987675 0.0025260278 0.20046885 0.0023439578 0.00027419146 0.31960648 0.4678889 0.012035035 0.3687068 0.2160781 0.3671951 0.0028674451 0.0028763516 0.0038563986 0.02859868 0.21793851 0.075270444 0.09258073 4.0848972e-05 0.03425516 0.1657026 9.691831e-05 0.0027238154 0.08906644 0.14328976 0.012476413 0.11625727 0.0006176867 0.10270297 0.003710491 0.17629226 0.0026711868 8.092196e-06 0.011893824 0.000120022756 0.0015102716 0.07316282 0.004720225 0.0006178587 0.02477085 0.005243624 9.4904986e-05 0.0007056228 0.02279476 0.0017486933 0.025971433 0.0027324322 0.005036558 6.791823e-05 0.00034916523 0.008795938 0.00043450197 1.3876859e-06 9.056761e-07 2.2676715e-05 0.000900899 0.0028585072 1.0639462e-06 0.000107632135 5.2826505e-07 0.0012273195 0.0006356298 0.00014798784 5.9135753e-05
