9.477868e-36 0.8453028 0.77946436 0.34081846 0.39086148 0.049762167 0.11005359 0.1391422 0.13469091 0.8025036 0.9847097 0.07446209 0.040806152 0.099406354 0.085003436 0.41070688 0.00473147 0.013941625 0.07106653 0.5284079 0.025654715 0.87162906 0.0089483615 0.98769987 0.0027761804 0.92216575 0.0029605953 0.005506327 0.6656188 0.9288865 0.56397396 0.0013077431 0.9898429 0.18979718 0.96630937 0.4860438 0.0016451166 0.6000989 0.00084688875 0.0004544934 0.5798144 0.00034960857 0.3960344 0.87224424 0.54372436 0.0032898062 0.0027858529 0.0001709998 0.97459525 0.16657701 0.90873116 0.57233065 0.43272135 1.0120824e-05 0.9964306 0.057317257 0.16911249 0.16802482 0.08665607 0.0073318016 0.00017335688 2.4017522e-06 7.850185e-08 0.9917179 4.102958e-07 0.98626447 8.415917e-08 0.7409698 0.011195458 0.0010954727 3.8113535e-07 0.9989106 6.9963994e-07 0.010945757 0.24014358 0.019142626 1.9744174e-07 0.004118811 0.042052675 0.0044168434 0.008677369 1.4035179e-07 1.1742913e-05 3.3913025e-08 8.57348e-08 0.0006730016 0.0026767128 4.896897e-08 0.0050339005 6.268713e-08 3.8369166e-08 0.9846719 0.938545 0.79775864 3.44607e-07 0.002432946 0.0070507666 0.96629965 1.5664925e-06 0.948955 7.439894e-08
0.8453028 3.9647685e-18 0.3887817 0.14016649 0.78356904 0.25837624 0.7192181 0.15447073 0.5374208 0.062635556 0.5006127 0.5380706 0.022068193 0.12005711 0.057757135 0.06287322 0.005128938 0.082074486 0.012438099 0.030045658 0.2745441 0.039426863 0.15014781 0.24970666 0.003124356 0.022182245 0.000746024 0.29022723 0.009414991 0.006148606 0.008483107 0.0374709 0.27152303 0.080497526 0.15202847 0.0069229435 0.24352282 0.0023764123 0.04878471 0.046025354 0.011224466 0.0019529238 0.010561117 0.00072001637 0.0015792695 0.0753647 0.030669484 0.046031706 0.05540957 0.023488786 0.0037622883 0.00020632532 4.299125e-05 0.0037117354 0.04790153 0.0018577578 6.602451e-05 1.689429e-05 0.00013514975 0.007744676 0.00843713 0.0030973442 0.00028834445 0.11863806 6.722244e-06 0.09589817 8.769989e-05 0.00013468384 0.010458928 0.004452144 0.0055103847 0.013939917 0.007965315 3.322965e-05 2.0818157e-05 3.2306812e-06 0.0019697882 7.9233345e-05 6.5775857e-06 6.20968e-05 9.248235e-06 0.0025517195 0.0013670144 0.00013144524 0.0028965084 0.0009575512 0.00031399739 0.00083323824 6.8516485e-05 0.0006589541 0.00042675046 0.113903366 0.05810633 6.1448074e-05 0.00036101282 1.3161225e-05 8.78372e-06 0.07639854 0.0003509411 0.00034495207 0.0005438272
0.77946436 0.3887817 3.1410854e-17 0.7367686 0.054966636 0.4404388 0.17091872 0.69122046 0.41948768 0.39539906 0.76454115 0.0807702 0.084801905 0.0019210052 0.00020776514 0.003441968 0.016380325 0.1367521 0.031173738 0.00048512823 0.0048640408 0.00025422004 0.009243158 0.47263563 0.015588662 0.0003420446 0.003946211 0.04712774 6.549746e-05 3.3240776e-05 0.00010641999 0.07426089 0.33037844 0.0007596966 0.2190255 0.004623571 0.026120774 2.9164752e-05 0.028194059 0.054926652 7.143597e-05 0.025317727 0.00016161906 4.185843e-06 1.8177949e-05 0.0013462432 0.0012153152 0.0022367323 0.0015816563 0.00021227634 0.00043343814 1.8315532e-06 5.188713e-07 0.0032385802 0.0022519073 0.00016237733 4.615207e-06 1.5877725e-07 3.32536e-06 0.0014074863 0.001977841 0.0014725445 0.00067482487 0.032269936 0.00093654427 0.059068814 0.0006373048 9.44044e-06 0.0019901735 0.0025833182 0.000912749 0.0014701927 0.0011063708 7.551315e-06 1.02143645e-07 4.697933e-08 0.0012831667 0.00020452747 1.464826e-08 0.00014886432 1.5569032e-05 0.0019657644 0.0013955086 0.00054394954 0.0009675804 0.00063373504 0.00060157327 0.0006109374 7.060977e-05 0.0006752449 0.00040620042 0.069156125 0.04866102 8.9625075e-08 0.0011239205 2.4500932e-05 4.5640422e-07 0.05732428 7.301601e-05 1.6364725e-06 0.00044082382
0.34081846 0.14016649 0.7367686 1.4137566e-19 0.019720525 0.54040426 0.080582455 0.75486505 0.3228759 0.5239339 0.39982393 0.027986778 0.16832589 0.00050172047 7.552542e-05 0.0009737192 0.04563919 0.07211147 0.053446323 0.00034215505 0.0020862757 3.397727e-05 0.0065904832 0.34726164 0.014977908 0.00011609254 0.012721377 0.028386265 0.00011070489 8.932318e-06 0.00021823098 0.07717613 0.30640998 0.0005629543 0.13899037 0.0057012844 0.018168522 6.2825835e-05 0.015517206 0.054313406 0.000113766146 0.026863953 0.00015517871 6.968589e-06 4.47981e-05 0.0004193011 0.0002676016 0.0008051157 0.0008837976 0.00012650204 0.00038728598 8.3519535e-06 1.7717012e-06 0.002695613 0.00073949446 0.00024074486 1.49268e-05 4.0650966e-07 4.17357e-06 0.0006153352 0.0010250526 0.00045435253 0.0011109065 0.009200174 0.0016500298 0.021279404 0.0014352389 4.3280425e-06 0.000861852 0.001176484 0.00040497526 0.00047981093 0.0007062338 5.5285755e-06 1.03013136e-07 6.3203856e-08 0.0013713548 3.840353e-05 1.1891202e-08 3.0338635e-05 3.9658366e-06 0.001395874 0.0010386907 0.00030717358 0.0006660419 0.00029568188 0.00017129228 0.0003740265 2.2986706e-05 0.0004207383 0.00021783447 0.028711788 0.024199003 1.2141797e-08 0.00065680203 7.537615e-06 3.163275e-07 0.028080404 2.7893291e-05 6.077482e-07 0.00014408596
0.39086148 0.78356904 0.054966636 0.019720525 1.0127283e-18 0.059546817 0.82928944 0.022387365 0.34277827 0.011017496 0.1937045 0.55282044 0.008510382 0.07764745 0.042200055 0.11850373 0.0037429398 0.032188214 0.0052569928 0.03869407 0.21133287 0.03430918 0.096700765 0.08176443 0.002261287 0.04032579 0.00041406095 0.28884572 0.027203802 0.008146897 0.030256009 0.012142257 0.08379292 0.081600286 0.12558328 0.0012715962 0.20014831 0.017610468 0.033583757 0.016727064 0.0065975958 0.000160113 0.0055476082 0.0021005792 0.0027504286 0.20074701 0.08181867 0.096492365 0.07570167 0.007947696 0.008736027 0.0013182701 0.00031117912 0.002469199 0.02944491 0.0029889478 0.0006281694 0.00013821664 0.00015376727 0.029144326 0.04410685 0.005944763 9.440075e-05 0.0680487 1.0803108e-05 0.07889901 2.055179e-05 0.00039334493 0.016878653 0.017658869 0.016337695 0.0064663775 0.022184258 0.000268113 5.4389897e-05 2.5841766e-05 0.0016161251 0.0012830576 3.664924e-05 0.0011549154 0.00011322399 0.011492334 0.006080973 0.00010521929 0.007218969 0.008411092 0.003335831 0.0023295283 0.00046955445 0.005726053 0.00036132312 0.06327544 0.06409855 0.00020468672 0.002574777 0.00017459545 0.00021546814 0.041061148 0.0011655742 0.0008925686 0.0024819232
0.049762167 0.25837624 0.4404388 0.54040426 0.059546817 2.517436e-22 0.4609922 0.5138091 0.75339305 0.46330914 0.15730011 0.13283035 0.57958215 0.0002814303 2.42033e-05 0.0014292536 0.3120303 0.47016096 0.07979069 0.00018139773 0.0024986342 6.663551e-05 0.0012466469 0.22040732 0.22576208 2.2757002e-05 0.028146116 0.050875098 2.2221446e-05 1.5470217e-06 1.6860296e-05 0.17609817 0.15652996 1.51567865e-05 0.056360397 0.006306674 0.028076647 2.178087e-06 0.059994094 0.12877262 1.8433955e-06 0.051049933 1.4595049e-06 3.08533e-07 7.244406e-07 0.00024838527 5.8427628e-05 0.00059900456 3.872515e-05 8.1360133e-07 4.4599306e-06 7.275639e-07 6.003041e-07 0.0014884289 9.171335e-05 8.413883e-07 4.3863724e-07 1.3396141e-07 1.2153735e-07 3.427372e-05 4.1623152e-05 3.1228905e-05 0.0014887142 0.0017623588 0.00047769654 0.0053798547 0.0009443389 1.8511778e-07 8.129224e-06 2.862426e-05 1.988302e-05 1.8965418e-05 4.053939e-05 2.4957305e-07 3.347078e-08 2.3061789e-08 0.00021850443 1.5170352e-07 3.6687662e-09 1.5080946e-07 1.2652622e-07 3.9175127e-05 1.1408453e-05 8.402809e-05 4.7409183e-05 9.56522e-06 1.4128965e-06 1.164833e-05 1.213587e-06 1.1163738e-05 1.2742692e-05 0.025782377 0.018534547 5.4499687e-08 4.9405553e-06 1.18392805e-07 7.17487e-08 0.023503194 6.4192903e-07 1.5651449e-07 8.866455e-07
0.11005359 0.7192181 0.17091872 0.080582455 0.82928944 0.4609922 3.7827846e-21 0.061160013 0.64511096 0.019543095 0.24710177 0.6660029 0.051748294 0.076749235 0.027794339 0.087435275 0.019322652 0.17218724 0.009078856 0.06550181 0.19024439 0.023047924 0.15277855 0.15654701 0.008475509 0.031415503 0.0007842176 0.37975264 0.02801831 0.0058120196 0.025682876 0.03906755 0.065783486 0.031489976 0.1398983 0.0016261792 0.21346684 0.010688176 0.12029286 0.07915323 0.0053190924 0.0030608063 0.005346864 0.0011537662 0.00092456833 0.17630497 0.07951309 0.18336397 0.048748646 0.0034823113 0.004098418 0.00061919854 0.00039163546 0.012032596 0.016302692 0.0027247923 0.000180644 7.276438e-05 0.00016255255 0.012358299 0.027559182 0.01035947 0.0004858162 0.035824124 7.3931715e-06 0.062409736 2.2787364e-05 0.00016557217 0.006972252 0.007784117 0.01624199 0.0050961142 0.01929004 0.00018398426 3.239581e-05 4.571274e-05 0.003557471 0.0008743487 1.1698895e-05 0.0007134344 0.00034610028 0.008818414 0.0039882143 0.00025501818 0.004831334 0.0046733706 0.0024200394 0.0007256013 0.0012421912 0.0027795914 0.00060881826 0.030441206 0.03949791 0.00021821746 0.0014347935 6.8922025e-05 6.391496e-05 0.026591323 0.0002582493 0.0014827632 0.0010505221
0.1391422 0.15447073 0.69122046 0.75486505 0.022387365 0.5138091 0.061160013 2.9293506e-20 0.2003669 0.75014603 0.5749234 0.01768984 0.24165337 0.00028637817 2.4580555e-05 0.0006231124 0.078559086 0.064346224 0.08582557 0.00017933447 0.0007922689 2.556992e-05 0.0023189133 0.5160295 0.017414248 7.647052e-05 0.01517494 0.015651144 4.3436125e-05 2.5190488e-06 4.0946594e-05 0.04089737 0.4297407 9.075895e-05 0.17025663 0.010864223 0.0041573844 9.133049e-06 0.00694412 0.022886183 1.4059871e-05 0.018271614 9.496867e-06 6.337446e-07 4.553276e-06 0.00016944172 6.363483e-05 0.00020518294 0.00013557161 7.3199626e-06 2.5538215e-05 4.940067e-07 3.802361e-07 0.0008358636 0.0002906841 8.029161e-06 5.7357676e-07 1.0776858e-07 1.5068439e-07 6.53337e-05 0.00029662068 8.1932754e-05 0.00049257826 0.010582385 0.0012238387 0.02355272 0.0010492054 3.1274683e-07 4.651708e-05 7.9850666e-05 9.979429e-05 8.482762e-05 0.00036124786 1.7959982e-07 1.7502137e-08 1.582541e-08 0.00021889486 1.5735574e-07 2.0685065e-09 1.8322301e-07 7.9830905e-08 0.0001641476 4.6373178e-05 3.1864252e-05 0.00023360089 2.6639145e-05 1.1796437e-06 9.384405e-05 3.2503317e-07 2.1712938e-05 3.0737912e-05 0.038310856 0.038743243 3.1779546e-09 1.5169179e-05 1.9827007e-07 4.7357823e-08 0.03281852 1.7656306e-06 9.5796175e-08 1.958267e-06
0.13469091 0.5374208 0.41948768 0.3228759 0.34277827 0.75339305 0.64511096 0.2003669 3.030063e-19 0.19300811 0.1892005 0.6505359 0.4685315 0.00417491 0.0012624589 0.0069321236 0.14697187 0.68446106 0.052437205 0.0017622446 0.018430363 0.0007432736 0.014522264 0.20860149 0.23228091 0.00085632264 0.01825445 0.3415522 0.0012463776 6.973013e-05 0.0023922864 0.3325723 0.14098427 0.003280123 0.06490695 0.029074807 0.30366936 0.000747879 0.23266411 0.30461797 0.0007212696 0.114693455 0.0006040254 5.174047e-05 0.00021455833 0.02814077 0.0051508537 0.030432316 0.0029607113 0.00057794526 0.0012072002 6.531022e-05 2.559952e-05 0.022270633 0.00077079836 0.0019897572 4.097695e-05 5.5070163e-06 6.708715e-05 0.00557682 0.004456738 0.006190672 0.008578127 0.010362661 0.0014539544 0.02510787 0.0026372909 2.6724594e-05 0.006843741 0.0055995067 0.0034930182 0.0005462692 0.004659959 3.664801e-05 2.2344498e-06 8.2908275e-07 0.0027586445 0.000981248 5.0793216e-07 0.0007472391 5.670344e-05 0.002369789 0.0014864594 0.0024489746 0.0015878658 0.0021548017 0.0027633864 0.0003833563 0.00029575295 0.0010714675 0.0005218095 0.054020174 0.03604562 6.5593003e-06 0.00039874937 0.00013839299 2.8556555e-05 0.034306504 7.073021e-05 6.2186635e-05 0.000378574
0.8025036 0.062635556 0.39539906 0.5239339 0.011017496 0.46330914 0.019543095 0.75014603 0.19300811 5.1826226e-19 0.21797356 0.010919217 0.53727335 2.5642425e-05 1.7139523e-06 0.00018654967 0.25493807 0.10590377 0.38808852 1.6059925e-05 0.00019949544 1.1570187e-05 0.00018931943 0.30825663 0.11287673 1.600035e-05 0.080319576 0.0033615245 4.4053777e-06 2.718246e-07 2.4123647e-06 0.04730124 0.57305807 6.8418053e-06 0.1246944 0.11252465 0.0014676446 1.1135301e-06 0.0032169572 0.017948378 3.9048265e-07 0.058225118 2.788967e-07 8.3683446e-08 1.2396035e-07 2.3460789e-05 1.3813303e-05 0.0001316761 4.111599e-05 2.419778e-07 8.1373455e-06 1.6537474e-08 1.8037923e-08 0.0007295111 0.00013613453 9.3384887e-07 3.0095517e-08 6.6433654e-09 1.1900459e-08 1.1809815e-05 1.934123e-05 1.1672995e-05 0.0017603557 0.009850767 0.013140001 0.018740976 0.006495127 7.7293926e-08 2.9396676e-06 8.220155e-06 1.5545666e-05 7.566167e-05 1.2244971e-05 6.93575e-08 1.20281145e-08 2.3628899e-09 8.8014676e-05 1.18954496e-07 7.616144e-10 7.913173e-08 7.479345e-09 1.4820485e-05 2.7726799e-06 0.00028968178 1.7279446e-05 1.6268901e-06 3.1469781e-07 1.270888e-05 1.44762495e-08 8.122466e-06 8.681403e-06 0.100545265 0.060687345 1.1171001e-09 2.2480415e-06 2.2099384e-08 5.111059e-08 0.08202811 9.619733e-08 1.6006803e-07 6.191968e-07
0.9847097 0.5006127 0.76454115 0.39982393 0.1937045 0.15730011 0.24710177 0.5749234 0.1892005 0.21797356 3.145114e-17 0.0871802 0.02170911 0.028763635 0.007868959 0.020141622 0.0042535737 0.035059743 0.011471442 0.0076517398 0.010536586 0.007399883 0.014778956 0.646662 0.002851126 0.0038352874 0.0011978401 0.022426005 0.0017474437 0.0008579808 0.0012748115 0.007758522 0.40511748 0.0030123375 0.36905664 0.0019504001 0.0091451295 0.0006741048 0.0038118537 0.005419643 0.0011517132 0.0023325772 0.0009144898 0.00016737904 0.0002625216 0.001222193 0.0010774271 0.001253848 0.008816947 0.00084676116 0.0015006459 2.1850536e-05 9.914379e-06 0.0006756665 0.026263196 0.0002724027 4.934377e-06 1.6202771e-06 9.262305e-06 0.0012080226 0.0008614945 0.0008362845 0.00084013713 0.17898013 0.00069201045 0.16487102 0.0007140392 2.3605611e-05 0.0007105567 0.0013959284 0.0003756188 0.019623473 0.0004911469 4.410713e-06 2.467604e-06 3.7088208e-07 0.00033917927 9.453517e-05 3.4529154e-07 3.1279993e-05 2.1554497e-06 0.00093691004 0.00069995003 0.0005955047 0.00037281727 0.0002769242 0.00017367263 0.00040203874 9.637861e-06 0.00026525944 9.0212365e-05 0.17115685 0.09499876 1.7242334e-06 0.00056700443 1.0565171e-05 1.3491766e-06 0.11590498 5.6790897e-05 1.545424e-05 0.00018783752
0.07446209 0.5380706 0.0807702 0.027986778 0.55282044 0.13283035 0.6660029 0.01768984 0.6505359 0.010919217 0.0871802 9.490436e-18 0.04202441 0.044437405 0.023672905 0.065022826 0.01454333 0.17046165 0.006256103 0.028493963 0.19992098 0.015348912 0.08540469 0.08048912 0.012093325 0.019444218 0.0007666483 0.4488934 0.026490463 0.0056787785 0.032136165 0.04489871 0.044096157 0.059045736 0.14992686 0.0026904033 0.3719171 0.017155077 0.23463178 0.07821437 0.011943952 0.0025332035 0.01082241 0.0018725741 0.003987686 0.27967474 0.10782934 0.23430371 0.045838047 0.010542024 0.0069247927 0.002471838 0.0013273595 0.018163888 0.012639262 0.0073442617 0.0017318454 0.00058132224 0.0014201923 0.048903786 0.05214124 0.014160817 0.0007800725 0.085137464 2.4018747e-05 0.12181044 5.814525e-05 0.001356243 0.024589604 0.021704402 0.01943076 0.0068241595 0.020620424 0.0013140426 0.00020278592 0.00016507805 0.003988129 0.002994566 9.129396e-05 0.0026644114 0.0018974021 0.0062981723 0.0064013205 0.0011572869 0.0085234055 0.014628692 0.006770766 0.0017548603 0.0031218797 0.0035523623 0.0007190848 0.033430677 0.035062324 0.00082028995 0.0045799315 0.001322293 0.00085727335 0.021390311 0.0015583844 0.0028043455 0.0030182898
0.040806152 0.022068193 0.084801905 0.16832589 0.008510382 0.57958215 0.051748294 0.24165337 0.4685315 0.53727335 0.02170911 0.04202441 1.0989659e-19 7.785126e-05 1.0578479e-05 0.0005384636 0.6637817 0.5240574 0.28233513 0.00014741484 0.0015345467 1.7858498e-05 0.00046712937 0.038831934 0.6280701 6.392959e-05 0.21698415 0.023558954 4.9151426e-05 9.691896e-07 5.697817e-05 0.2917889 0.0644234 4.0650502e-05 0.023013668 0.102163374 0.0074593583 2.3088847e-05 0.018721169 0.089036204 7.545894e-06 0.26423436 5.5886953e-06 1.5497194e-06 1.925428e-06 0.00016746111 0.0001717138 0.00030455302 0.00011864606 2.1240453e-06 2.0814326e-05 4.7876965e-06 8.277688e-07 0.00082948495 2.8173385e-05 1.063757e-05 9.024175e-06 2.6765784e-07 7.3889316e-07 9.328066e-05 0.00010319362 2.7089689e-05 0.0041748285 0.0014769741 0.048186965 0.009899056 0.01562991 1.3399687e-06 1.1919661e-05 5.3239513e-05 3.476017e-05 1.3561485e-05 0.00011224884 4.4899107e-06 2.4557998e-08 6.8640915e-08 0.00016255457 1.7575751e-06 4.0894177e-09 1.664272e-06 4.234153e-07 5.5602348e-05 2.7353002e-05 0.00027280333 0.00014340588 3.2312713e-05 1.5247805e-05 2.3208413e-05 1.1518306e-06 4.782483e-05 1.1012337e-05 0.16774833 0.10540734 3.527197e-08 1.9352005e-05 5.241011e-07 4.540638e-07 0.12093133 1.43161e-06 3.1818882e-07 9.644398e-06
0.099406354 0.12005711 0.0019210052 0.00050172047 0.07764745 0.0002814303 0.076749235 0.00028637817 0.00417491 2.5642425e-05 0.028763635 0.044437405 7.785126e-05 6.882677e-24 0.73973554 0.5770935 5.9668375e-05 8.210303e-05 1.4901639e-05 0.14332761 0.28331026 0.23587163 0.24513775 0.013475874 1.5793501e-05 0.09626908 1.3977749e-06 0.039197788 0.1285149 0.06883982 0.1568282 0.00015225858 0.0023324238 0.12297617 0.005882782 1.2262693e-06 0.008624115 0.06513286 0.0003924021 0.00039726525 0.032983277 8.491928e-06 0.030041084 0.0097672595 0.014025689 0.036452457 0.05685222 0.013633925 0.17844698 0.01471075 0.07496442 0.0016826155 0.00040425867 2.8274537e-05 0.20676866 0.0043517565 0.0009792339 8.989632e-05 0.00019086579 0.02070525 0.019938553 3.56288e-05 8.09213e-07 0.024591435 1.9103686e-07 0.028757753 1.2510677e-07 0.0013792814 0.01931713 0.012062067 0.0016172352 0.12739974 0.0036431893 0.00023216991 5.653055e-05 3.7268117e-05 2.565688e-05 0.0021367262 2.4107143e-05 0.0014914328 0.00021053023 0.004062841 0.0068397443 2.1376675e-07 0.0012243495 0.0027417997 0.0047416105 7.432792e-05 0.00026965592 0.0024760824 6.492336e-06 0.011386666 0.016389858 0.0004570838 0.0030991673 0.00027276974 0.00014689629 0.008127271 0.000712309 0.0032005305 0.0017564936
0.085003436 0.057757135 0.00020776514 7.552542e-05 0.042200055 2.42033e-05 0.027794339 2.4580555e-05 0.0012624589 1.7139523e-06 0.007868959 0.023672905 1.0578479e-05 0.73973554 9.351228e-23 0.3216303 5.271823e-06 1.4656989e-05 3.8454414e-06 0.12929685 0.5124186 0.22079983 0.4480166 0.003423008 1.0786694e-06 0.059740465 1.2345305e-07 0.04389918 0.11552383 0.10083284 0.111845575 7.344594e-05 0.0003946091 0.19740082 0.0021645902 7.9865316e-08 0.009495389 0.036458064 0.00025573716 0.00024990307 0.04345342 7.386832e-07 0.03220504 0.006156193 0.01397791 0.07227474 0.20116168 0.014357297 0.11748699 0.022156728 0.05294374 0.0013752885 0.00042378716 1.0744575e-05 0.15579045 0.0027744428 0.0008844132 0.00014090643 6.808412e-05 0.064737506 0.06770356 1.992252e-05 6.730092e-07 0.011240353 3.840746e-08 0.0145095205 7.3446245e-08 0.00136434 0.031701125 0.04445422 0.0028242415 0.07445193 0.007615655 0.00019249838 0.00014576051 1.7035725e-05 1.0204902e-05 0.00075488555 3.3344917e-05 0.00032866342 3.4257835e-05 0.009396092 0.013748039 2.6553036e-07 0.002412702 0.00716605 0.0018971035 7.667287e-05 7.596585e-05 0.007944861 3.4907716e-06 0.0052063917 0.0074728793 0.0010334691 0.0063806074 8.080124e-05 4.489313e-05 0.0032759684 0.0031657028 0.0049463497 0.0057894825
0.41070688 0.06287322 0.003441968 0.0009737192 0.11850373 0.0014292536 0.087435275 0.0006231124 0.0069321236 0.00018654967 0.020141622 0.065022826 0.0005384636 0.5770935 0.3216303 7.407127e-20 0.00035410142 0.00027782147 0.00024690872 0.860155 0.06949139 0.85664266 0.08310362 0.010625622 0.00015552955 0.26249757 2.767147e-05 0.035022445 0.13678536 0.08041535 0.10088354 0.00033313723 0.004168306 0.09697204 0.0127549 3.0033289e-05 0.0058356407 0.0495188 0.00074154994 0.0005990417 0.05526945 7.2808594e-05 0.051429585 0.014904239 0.019189961 0.030933771 0.025373 0.01462459 0.21373376 0.035706338 0.05088169 0.0029636037 0.0008130938 7.754205e-05 0.29619375 0.01196001 0.0018812285 0.0003395819 0.0016590854 0.009037616 0.010054018 0.00011629866 9.628279e-06 0.042261496 3.5742858e-06 0.049492467 1.5245791e-06 0.0017318247 0.021207336 0.006944186 0.0011208389 0.19746889 0.004093619 0.0020220734 0.00021574326 0.00032306477 5.318587e-05 0.007740197 0.00013183053 0.006415273 0.0017177889 0.0060760546 0.004739194 2.6624862e-06 0.00093040033 0.0044050547 0.010823441 0.00020994175 0.0021855813 0.0026594296 5.6098976e-05 0.015115692 0.017772801 0.0009954014 0.0046156193 0.0015511228 0.0003668726 0.012228045 0.0012805511 0.0071667363 0.0010290749
0.00473147 0.005128938 0.016380325 0.04563919 0.0037429398 0.3120303 0.019322652 0.078559086 0.14697187 0.25493807 0.0042535737 0.01454333 0.6637817 5.9668375e-05 5.271823e-06 0.00035410142 2.2751829e-21 0.21723437 0.39038748 0.00013575378 0.0003902822 2.9998908e-05 0.0002645074 0.013330103 0.47660393 0.00020139191 0.48960203 0.0046360027 9.953511e-05 2.5976713e-06 7.312326e-05 0.0483766 0.021475092 9.263533e-06 0.008181665 0.23616698 0.0004714871 3.9573868e-05 0.001258864 0.0038601884 9.898781e-06 0.08487816 7.0036804e-06 8.621208e-06 6.9595035e-06 3.3869084e-05 2.8639273e-05 8.074771e-05 4.4342825e-05 2.193274e-06 4.9946113e-05 1.1224053e-05 5.0045883e-06 3.6634734e-05 4.6135087e-06 1.1232278e-05 8.3741015e-06 1.9209692e-06 1.1778923e-06 3.8563874e-05 1.0050138e-05 2.921111e-06 0.0003094272 0.00054201344 0.051140938 0.0061769406 0.007934435 3.586597e-05 3.4564262e-06 9.210617e-06 5.3048116e-06 4.454562e-06 7.697357e-06 2.7038825e-06 3.0163343e-07 1.4357795e-07 1.7230324e-05 4.7757965e-07 1.2871368e-08 5.090494e-07 1.8645298e-07 1.7140829e-06 1.3608599e-06 1.4349774e-05 4.120716e-06 1.0209419e-05 2.780645e-06 2.7194558e-06 2.8501813e-07 1.4224822e-06 6.8533467e-07 0.12968457 0.10039708 7.796868e-08 9.763356e-07 3.2635478e-07 5.064356e-07 0.108578965 2.3867747e-07 3.3858962e-06 1.2865507e-07
0.013941625 0.082074486 0.1367521 0.07211147 0.032188214 0.47016096 0.17218724 0.064346224 0.68446106 0.10590377 0.035059743 0.17046165 0.5240574 8.210303e-05 1.4656989e-05 0.00027782147 0.21723437 2.551666e-19 0.043961402 5.267152e-05 0.001115781 7.866238e-06 0.0007157696 0.033947106 0.5782765 2.238593e-05 0.033185087 0.16144805 2.3887264e-05 4.4334752e-07 1.257502e-05 0.6215433 0.03998639 1.926114e-05 0.009228082 0.034883488 0.107813545 3.1273414e-06 0.27102372 0.51581424 1.4005998e-06 0.54761654 1.0359947e-06 5.30361e-07 4.9903696e-07 0.0013399796 0.00012380589 0.0055774637 3.7835223e-05 8.8420853e-07 7.594937e-06 8.604644e-07 4.6128153e-07 0.03207606 8.045837e-05 6.7182064e-06 1.601857e-06 1.3532325e-07 2.9650795e-07 6.607396e-05 0.00013086687 0.00073366304 0.096188955 0.0027515728 0.02066353 0.0064336564 0.026244247 7.958276e-07 8.006254e-06 5.9682716e-05 0.0003422482 2.2769074e-05 0.00033687035 1.4152565e-06 2.9465664e-08 5.1681607e-08 0.0017991238 8.0255666e-07 7.0303363e-09 6.5039956e-07 6.9396e-08 5.1792354e-05 2.2226444e-05 0.012978904 0.00021476221 2.8047067e-05 6.5134464e-06 6.857225e-05 3.2299621e-07 3.8711227e-05 7.905831e-05 0.12852073 0.01978955 2.7270536e-07 1.4525116e-05 1.17400795e-07 8.4405167e-07 0.021026898 1.1010326e-06 1.3959071e-06 7.6199594e-06
0.07106653 0.012438099 0.031173738 0.053446323 0.0052569928 0.07979069 0.009078856 0.08582557 0.052437205 0.38808852 0.011471442 0.006256103 0.28233513 1.4901639e-05 3.8454414e-06 0.00024690872 0.39038748 0.043961402 7.568861e-18 4.0879913e-05 0.00027394993 1.4634153e-05 5.355177e-05 0.039771285 0.14057556 7.295671e-05 0.44301093 0.0029634654 1.9398922e-05 1.9055495e-06 4.3190535e-06 0.012592614 0.109656796 7.061745e-07 0.031795308 0.8338755 0.0004087654 1.3428977e-05 0.0022177687 0.005342845 7.0479115e-07 0.04130132 5.594041e-07 2.6185173e-06 3.7135246e-07 7.8959005e-05 2.889681e-05 7.314592e-05 9.169114e-05 8.6007674e-08 3.1579155e-05 2.7383549e-06 5.3019863e-07 6.3669126e-05 2.457971e-05 1.2148399e-06 1.6582025e-06 1.465436e-07 1.9188792e-07 2.524738e-05 7.1719282e-06 2.885697e-06 0.0008229446 0.0030833895 0.03963402 0.018104836 0.005414955 4.2466627e-06 1.0582501e-06 5.0636004e-06 7.2744424e-06 4.846168e-05 9.100515e-06 3.8173627e-07 9.954786e-08 1.4130097e-08 2.1022675e-05 3.619425e-07 5.2989986e-09 2.7525343e-07 1.8641662e-08 7.328302e-06 1.3454852e-06 0.00017282914 7.2038583e-06 6.56154e-06 2.462573e-06 5.088483e-06 3.19665e-08 1.0902614e-05 8.2149e-07 0.15901062 0.12369027 5.820955e-09 2.7179103e-06 3.2329945e-07 7.112466e-08 0.1758755 5.153944e-07 5.195208e-07 2.095475e-06
0.5284079 0.030045658 0.00048512823 0.00034215505 0.03869407 0.00018139773 0.06550181 0.00017933447 0.0017622446 1.6059925e-05 0.0076517398 0.028493963 0.00014741484 0.14332761 0.12929685 0.860155 0.00013575378 5.267152e-05 4.0879913e-05 3.7057595e-20 0.040040646 0.8066074 0.04318022 0.005161593 4.504542e-05 0.56233305 4.05112e-06 0.01889691 0.31809384 0.26128933 0.1735893 0.00015145597 0.00194439 0.11385402 0.00464874 1.5959649e-06 0.002620612 0.08796542 0.00024940667 0.00010121205 0.07288394 3.8722228e-05 0.069146365 0.026988195 0.030708462 0.012712693 0.015013095 0.004104459 0.3682557 0.067837544 0.16179901 0.00387255 0.0013315434 2.7357934e-05 0.38043812 0.020343468 0.001975932 0.0005381602 0.0020102647 0.016973728 0.0076643773 3.9043058e-05 5.4578427e-06 0.036754165 2.4212313e-06 0.04693591 1.015795e-06 0.001476905 0.042519417 0.011358326 0.00049500755 0.29139414 0.0025319767 0.0015829995 0.00050383096 0.0004128833 0.00010934243 0.005957379 0.00021072586 0.003768643 0.0009380303 0.003906295 0.0044237385 7.051643e-07 0.00080236857 0.007234645 0.009282264 0.00021207846 0.001421365 0.0018201403 3.6183315e-05 0.011725424 0.02151488 0.0023056185 0.0038624718 0.0012004606 0.00067491306 0.014297152 0.0017210759 0.011133656 0.0009735083
0.025654715 0.2745441 0.0048640408 0.0020862757 0.21133287 0.0024986342 0.19024439 0.0007922689 0.018430363 0.00019949544 0.010536586 0.19992098 0.0015345467 0.28331026 0.5124186 0.06949139 0.0003902822 0.001115781 0.00027394993 0.040040646 6.878904e-22 0.05541645 0.60538244 0.009617484 0.00013801709 0.021753876 7.0079627e-06 0.15953024 0.06643781 0.020927757 0.08443879 0.00088562176 0.0007128332 0.26112685 0.008736344 8.306332e-05 0.06189848 0.022023218 0.005432497 0.0019011876 0.033068378 3.7629914e-06 0.029874152 0.0036852765 0.01064997 0.39569548 0.4784344 0.11793272 0.028841846 0.018190175 0.016274156 0.0021787407 0.00072076934 0.00029777962 0.047257163 0.006024758 0.0026394988 0.00029025777 0.00081699656 0.07191857 0.14881316 0.0013470503 9.230736e-06 0.0068462896 1.8746492e-06 0.0116567705 2.5896843e-06 0.0009393005 0.024230056 0.051526025 0.011669183 0.006746303 0.03383703 0.0016920991 0.00010575094 0.000108483655 0.00039430227 0.0021954896 0.0001208147 0.0011273327 0.00029418748 0.029600706 0.020440148 1.0753206e-05 0.009089183 0.0067785615 0.0053776745 0.0008262861 0.0010593184 0.017763965 4.8217393e-05 0.003835761 0.005229825 0.0005746505 0.0076985704 0.0004943414 0.00023235532 0.0031227493 0.0020371643 0.0013284954 0.006757039
0.87162906 0.039426863 0.00025422004 3.397727e-05 0.03430918 6.663551e-05 0.023047924 2.556992e-05 0.0007432736 1.1570187e-05 0.007399883 0.015348912 1.7858498e-05 0.23587163 0.22079983 0.85664266 2.9998908e-05 7.866238e-06 1.4634153e-05 0.8066074 0.05541645 2.6900106e-20 0.039135996 0.008521389 6.775064e-06 0.83346796 3.935875e-06 0.006441785 0.24012478 0.2731635 0.09182449 2.8955015e-05 0.0029940475 0.083959274 0.008145148 2.2387326e-06 0.0015524635 0.047083903 3.2343978e-05 7.967685e-05 0.04393063 8.682798e-07 0.036651824 0.01718191 0.018011633 0.007473247 0.021972826 0.0016854791 0.39054948 0.03712834 0.103750564 0.0011657317 0.0010335717 4.376463e-06 0.5801025 0.0052251485 0.00044414867 0.0003097845 0.0008239275 0.011965329 0.008172576 7.10717e-06 7.1391014e-07 0.11147457 3.3495067e-07 0.050668027 2.3150473e-07 0.0009072642 0.014576822 0.008355476 0.00013002827 0.37659115 0.00090035325 0.0004212032 0.00022386368 0.00014866187 8.3422265e-06 0.0017817994 0.00012773687 0.0008744796 0.0001389247 0.0013979062 0.0025936316 3.387981e-07 0.00019881077 0.003847019 0.0026476989 2.524314e-05 0.00039553895 0.0007803814 3.6905642e-06 0.018535797 0.021633344 0.0014676577 0.0015752285 0.00050301955 0.0002943907 0.0139411995 0.00042828545 0.008485688 0.00024481514
0.0089483615 0.15014781 0.009243158 0.0065904832 0.096700765 0.0012466469 0.15277855 0.0023189133 0.014522264 0.00018931943 0.014778956 0.08540469 0.00046712937 0.24513775 0.4480166 0.08310362 0.0002645074 0.0007157696 5.355177e-05 0.04318022 0.60538244 0.039135996 3.3909644e-24 0.009919633 4.780002e-05 0.0446392 6.770265e-06 0.07686131 0.13145708 0.042645127 0.19974728 0.00028266571 0.0014720033 0.44254434 0.004634084 3.9725728e-05 0.020329313 0.096360035 0.004295193 0.0003714651 0.055526197 1.0373992e-05 0.06212073 0.01847174 0.051066756 0.09914113 0.13450706 0.03569336 0.068233676 0.04451459 0.05860159 0.010651093 0.0030083742 8.780809e-05 0.05913557 0.019941278 0.015757862 0.002196321 0.0021714203 0.07467487 0.060416803 0.00034775407 8.266715e-07 0.0077715805 2.072619e-06 0.012285287 3.0032797e-07 0.0050861347 0.09450615 0.04426665 0.0048100604 0.0275395 0.012745889 0.0052698404 0.00044458237 0.0009258102 0.00012635012 0.0060350946 0.00051555125 0.0035450675 0.0013848712 0.009193666 0.015698634 7.610776e-07 0.0024129918 0.021145074 0.013200465 0.00016444405 0.0019849609 0.005222755 9.696634e-06 0.0043704533 0.006346471 0.0018925436 0.005974129 0.0010836392 0.0015160012 0.0022754716 0.004050363 0.0045318394 0.005621401
0.98769987 0.24970666 0.47263563 0.34726164 0.08176443 0.22040732 0.15654701 0.5160295 0.20860149 0.30825663 0.646662 0.08048912 0.038831934 0.013475874 0.003423008 0.010625622 0.013330103 0.033947106 0.039771285 0.005161593 0.009617484 0.008521389 0.009919633 3.5711753e-17 0.0057732416 0.004019632 0.0028908015 0.013069677 0.0015409787 0.001578133 0.0012389116 0.006241723 0.28771713 0.0012913652 0.4038854 0.011425891 0.0020962607 0.001529215 0.0020816133 0.004836754 0.0020490685 0.007229365 0.0010313832 0.0013028888 0.00088715524 0.0008835385 0.0010116053 0.00056128646 0.012342888 0.0006445715 0.0062662927 0.00043412548 7.465671e-05 0.0007327037 0.023013996 0.00032888103 7.7517136e-05 2.2913213e-05 4.126349e-05 0.00067350717 0.00046039233 0.0005996916 0.012809066 0.18508193 0.002155413 0.19639024 0.0035934858 0.0005079968 0.00037539334 0.0005377349 0.00046033942 0.0488025 0.00027805392 2.0532181e-05 4.0093506e-05 2.170086e-06 0.001868056 9.044651e-05 2.4106628e-06 6.2440806e-05 1.6041447e-05 0.00038666007 0.00027632984 0.013446778 8.974462e-05 0.00019651366 0.00015136745 0.0002967483 2.1456312e-05 7.1938186e-05 0.00062958297 0.18249226 0.1050808 7.78853e-06 0.00017799235 3.888083e-05 9.509061e-07 0.12125244 7.4214e-06 0.000114886636 8.8792745e-05
0.0027761804 0.003124356 0.015588662 0.014977908 0.002261287 0.22576208 0.008475509 0.017414248 0.23228091 0.11287673 0.002851126 0.012093325 0.6280701 1.5793501e-05 1.0786694e-06 0.00015552955 0.47660393 0.5782765 0.14057556 4.504542e-05 0.00013801709 6.775064e-06 4.780002e-05 0.0057732416 1.8396907e-20 8.7574095e-05 0.1960751 0.008712179 4.6023753e-05 1.3282572e-06 1.876208e-05 0.25166142 0.01654505 1.722312e-06 0.0047673373 0.10123144 0.0007758824 9.362571e-06 0.0046077687 0.055676565 1.3326842e-06 0.47341025 1.4610105e-06 2.65022e-06 9.210198e-07 0.00015941048 1.6990554e-05 0.00016399831 0.00013852358 3.104293e-07 5.9695358e-05 4.775202e-06 1.5094969e-06 5.9136153e-05 1.0473599e-05 1.9601932e-06 6.9976845e-06 5.15128e-07 3.335309e-07 1.8694514e-05 1.055208e-05 2.2230167e-06 0.009153223 0.00075631996 0.15075862 0.0031226939 0.043924827 1.3357168e-05 1.5157835e-06 5.3528306e-06 6.3285534e-06 6.0385687e-06 1.040284e-05 5.693126e-06 1.6508818e-07 8.978404e-08 3.1128315e-05 1.18116844e-07 7.488938e-09 1.3873384e-07 2.6042716e-08 2.173864e-06 1.1929094e-06 0.00015052376 6.649258e-06 7.4021027e-06 1.4804373e-06 2.7786941e-06 6.676422e-08 2.747644e-06 1.208971e-06 0.14327869 0.04430032 1.0850326e-07 1.0665733e-06 7.447575e-08 2.7274657e-06 0.042129226 2.8183973e-07 6.43372e-06 2.517652e-07
0.92216575 0.022182245 0.0003420446 0.00011609254 0.04032579 2.2757002e-05 0.031415503 7.647052e-05 0.00085632264 1.600035e-05 0.0038352874 0.019444218 6.392959e-05 0.09626908 0.059740465 0.26249757 0.00020139191 2.238593e-05 7.295671e-05 0.56233305 0.021753876 0.83346796 0.0446392 0.004019632 8.7574095e-05 2.0562436e-18 3.683284e-05 0.0052665044 0.51611966 0.8003276 0.22353171 7.43209e-05 0.0007148732 0.12794308 0.0017392979 7.753927e-06 0.002570589 0.13644162 0.00011366572 7.7293975e-05 0.109052464 4.367259e-05 0.09979493 0.07522333 0.06170488 0.0042992015 0.005198391 0.0016717662 0.71111226 0.08012057 0.21375442 0.010550753 0.005412048 4.1760126e-05 0.4479969 0.026130186 0.002647873 0.0023250098 0.007893292 0.013181419 0.006119833 4.770607e-05 5.242958e-06 0.022675516 2.469949e-06 0.021031365 2.3804223e-06 0.0026045775 0.033949565 0.008189003 0.00045280048 0.36693 0.0015346168 0.0041349092 0.0013563329 0.0024690884 7.825769e-05 0.007793178 0.0013718774 0.0070632948 0.004980236 0.0034070152 0.00539906 1.7841619e-06 0.00062013825 0.009803332 0.01145806 0.00038729617 0.0064880475 0.001628872 4.792107e-05 0.011326352 0.01824023 0.005648265 0.0051529245 0.0065018665 0.0022919367 0.012392444 0.0025092603 0.010420736 0.0008162411
0.0029605953 0.000746024 0.003946211 0.012721377 0.00041406095 0.028146116 0.0007842176 0.01517494 0.01825445 0.080319576 0.0011978401 0.0007666483 0.21698415 1.3977749e-06 1.2345305e-07 2.767147e-05 0.48960203 0.033185087 0.44301093 4.05112e-06 7.0079627e-06 3.935875e-06 6.770265e-06 0.0028908015 0.1960751 3.683284e-05 2.6525584e-23 0.00020422108 7.365598e-06 5.113362e-07 2.9426465e-06 0.00557782 0.0067551513 1.8213207e-07 0.0019004644 0.6646778 2.6138116e-06 1.0103609e-05 0.00011408122 0.0005001077 6.8581727e-07 0.02841408 5.4651065e-07 2.1987591e-06 5.079999e-07 5.808556e-07 5.46557e-07 1.1912736e-06 2.8517206e-05 4.2529077e-08 2.242794e-05 2.6224657e-06 1.5069803e-07 1.0551985e-06 3.3122708e-07 8.404492e-07 3.1066907e-06 2.7828918e-08 5.805712e-08 8.858949e-07 3.1666585e-07 7.425265e-08 0.00011645659 2.0202584e-05 0.069912 0.0015048076 0.004486985 3.1762413e-06 1.4941482e-07 3.1962006e-07 1.0915066e-07 1.0805907e-06 2.6091604e-07 1.7455754e-07 1.0272152e-08 8.8890556e-10 1.2821927e-07 7.766101e-08 6.8858474e-11 6.143128e-08 2.1631916e-09 1.0417872e-07 4.335416e-08 2.9456728e-06 9.426476e-08 3.4001096e-07 1.6071552e-07 3.1269927e-08 2.9106924e-09 8.164116e-08 9.136392e-10 0.05390585 0.040994775 4.8482746e-11 4.6217387e-08 2.6846847e-09 3.1288686e-10 0.05343124 7.405177e-09 3.5974008e-09 9.4326404e-09
0.005506327 0.29022723 0.04712774 0.028386265 0.28884572 0.050875098 0.37975264 0.015651144 0.3415522 0.0033615245 0.022426005 0.4488934 0.023558954 0.039197788 0.04389918 0.035022445 0.0046360027 0.16144805 0.0029634654 0.01889691 0.15953024 0.006441785 0.07686131 0.013069677 0.008712179 0.0052665044 0.00020422108 5.0688693e-18 0.01214602 0.0007411416 0.011606399 0.12114869 0.005937859 0.027914999 0.070800304 0.0019404445 0.5617322 0.00539048 0.5532949 0.17057465 0.009339506 0.0020904462 0.009617286 0.000675321 0.0022417335 0.39537206 0.1781848 0.3471586 0.0095609 0.003981938 0.002524348 0.0017784449 0.0021897797 0.12096957 0.0025534662 0.008416862 0.0029530495 0.0015549507 0.0011152008 0.08333373 0.113123536 0.100266255 0.0005340015 0.022818366 2.5639614e-05 0.026952494 0.00015469982 0.001081874 0.027018892 0.06354608 0.06729179 0.0005925089 0.05994848 0.002462254 0.00014093197 0.00042283707 0.020758407 0.0018497494 0.00013388957 0.0013374077 0.00063876156 0.013124416 0.017591484 0.002303433 0.023727976 0.021178562 0.004789457 0.009460665 0.00118431 0.008646705 0.006334767 0.010786849 0.010741809 0.00018539879 0.010256898 0.00034009156 0.0011831229 0.0060897036 0.003262798 0.0013317734 0.0070026387
0.6656188 0.009414991 6.549746e-05 0.00011070489 0.027203802 2.2221446e-05 0.02801831 4.3436125e-05 0.0012463776 4.4053777e-06 0.0017474437 0.026490463 4.9151426e-05 0.1285149 0.11552383 0.13678536 9.953511e-05 2.3887264e-05 1.9398922e-05 0.31809384 0.06643781 0.24012478 0.13145708 0.0015409787 4.6023753e-05 0.51611966 7.365598e-06 0.01214602 1.3221632e-17 0.8032009 0.7686829 0.00022986937 0.00021716347 0.39986008 0.00021360323 2.5823867e-06 0.0033271068 0.5203916 0.0008319059 0.00031227045 0.3896574 1.2407804e-05 0.33392602 0.23456536 0.2377551 0.018900072 0.034133296 0.0052851583 0.54571205 0.27777222 0.34877634 0.04000014 0.025531475 8.0661506e-05 0.28180742 0.113663614 0.014740367 0.008625161 0.05440255 0.081281595 0.023396226 3.022269e-05 3.3291294e-06 0.007959958 1.7829151e-06 0.0061136144 3.1967113e-06 0.014524647 0.1284011 0.03858388 0.00046612188 0.2349916 0.0040204604 0.008966528 0.004187736 0.004633112 0.00014806578 0.025342137 0.004159314 0.020210175 0.01018031 0.010178282 0.012315368 2.9101282e-06 0.0010264183 0.029249998 0.02503076 0.00036502958 0.010628638 0.0039441846 9.99505e-05 0.0024731252 0.004391002 0.014072025 0.008780768 0.0104826335 0.0033941937 0.0030723321 0.0056046327 0.024955887 0.0030069314
0.9288865 0.006148606 3.3240776e-05 8.932318e-06 0.008146897 1.5470217e-06 0.0058120196 2.5190488e-06 6.973013e-05 2.718246e-07 0.0008579808 0.0056787785 9.691896e-07 0.06883982 0.10083284 0.08041535 2.5976713e-06 4.4334752e-07 1.9055495e-06 0.26128933 0.020927757 0.2731635 0.042645127 0.001578133 1.3282572e-06 0.8003276 5.113362e-07 0.0007411416 0.8032009 2.1548356e-17 0.59496015 2.6131213e-06 0.00032250388 0.25163707 0.0012392903 1.4927353e-07 0.0007312643 0.6370703 3.2774555e-05 8.260683e-06 0.32919112 3.8272816e-07 0.2401941 0.5555426 0.25448385 0.0032812413 0.015656667 0.0011639303 0.6468311 0.20601931 0.53265244 0.063499734 0.048947155 3.0411084e-05 0.41474634 0.092443734 0.019519286 0.01599385 0.039636895 0.08013708 0.012122655 7.181435e-06 1.1077104e-07 0.010775946 1.0389138e-07 0.004369222 2.4909417e-07 0.019879969 0.07529358 0.030096864 5.4563006e-05 0.411828 0.00073609146 0.0072740377 0.00399876 0.0044821138 2.4948622e-05 0.024993889 0.004063545 0.01903451 0.011543143 0.001702849 0.007865305 2.939153e-07 0.0003871481 0.024788413 0.022403412 5.3591313e-05 0.020178495 0.0008997909 5.432854e-06 0.002910837 0.0050258124 0.0127816945 0.0045557846 0.009379462 0.0017816956 0.0020768752 0.004430132 0.025508018 0.0013684167
0.56397396 0.008483107 0.00010641999 0.00021823098 0.030256009 1.6860296e-05 0.025682876 4.0946594e-05 0.0023922864 2.4123647e-06 0.0012748115 0.032136165 5.697817e-05 0.1568282 0.111845575 0.10088354 7.312326e-05 1.257502e-05 4.3190535e-06 0.1735893 0.08443879 0.09182449 0.19974728 0.0012389116 1.876208e-05 0.22353171 2.9426465e-06 0.011606399 0.7686829 0.59496015 3.6361673e-18 0.00013282015 8.200945e-05 0.539868 4.0410738e-05 4.517814e-07 0.0030632976 0.5707588 0.0007717546 0.00019819607 0.61482155 6.965167e-06 0.54646045 0.29733703 0.52204734 0.031323645 0.040875014 0.0042477287 0.50451815 0.45106745 0.369304 0.07572902 0.05311997 1.7172288e-05 0.34519082 0.30850887 0.04229535 0.024450766 0.18744199 0.11050762 0.023699226 1.2794396e-05 2.7051283e-06 0.00637943 4.4946853e-07 0.003076503 1.2550107e-06 0.041815404 0.25412303 0.048523866 0.0006790625 0.23735517 0.003075979 0.01997209 0.008518375 0.009218038 6.7720386e-05 0.05386855 0.008682754 0.040342916 0.028532205 0.008559005 0.015101802 2.1089534e-06 0.0008535294 0.043216873 0.05095901 0.0003838273 0.031048076 0.0032121732 5.4040025e-05 0.0008454902 0.0012714039 0.026918394 0.0088842185 0.016314885 0.0055022296 0.0006428588 0.0064890315 0.047887657 0.0029869718
