1.0301177e-33 0.582228 0.483751 0.7650977 0.33702013 0.66064596 0.048156243 0.023927085 0.88257194 0.02443456 0.5368034 0.013283351 0.008352344 0.85336006 0.010778798 0.4959021 0.1479131 0.09289024 0.937447 0.935131 0.9623939 0.005357189 0.004474147 0.47803324 0.083702125 0.09482618 0.001920419 0.005141404 0.007114176 0.62846285 0.0010931381 0.98259735 0.6758695 0.0011374407 0.97337437 0.18056293 0.0036464843 0.97601384 0.9781943 0.00012473145 0.049433846 0.92489666 0.19825782 0.00023070062 0.9965316 0.99207795 0.0003881244 2.6370657e-05 0.89244133 0.34694073 0.99301577 0.0052820016 0.0011707116 0.4259634 1.0566345e-06 0.1403016 0.9972306 0.8463226 0.011370719 0.04444072 0.91508824 0.19444622 1.0637804e-05 0.0002019458 0.57119226 0.009635964 0.17648663 0.32673177 0.98763174 0.8188621 0.021628352 0.015810637 0.9870496 1.6050927e-06 0.05038814 8.1594413e-07 0.38112003 0.9985602 0.0006596107 7.9323155e-07 1.2374856e-07 0.00010315996 0.00014210396 4.164646e-05 0.13343889 1.7958853e-05 0.00060202694 0.6799214 0.5480181 0.39260218 0.007886283 0.16760777 0.7036856 0.00095563126 0.15803151 0.2459798 5.9477425e-05 0.9976259 0.9094166 3.545625e-06 0.9992939
0.582228 4.4173414e-16 0.71013296 0.62202466 0.610267 0.59549445 0.24010675 0.41092 0.30662292 0.21075706 0.25862744 0.20732035 0.08951284 0.103251286 0.080246285 0.10418212 0.06279395 0.033778504 0.22368854 0.08359912 0.28200638 0.18255137 0.23064749 0.054442927 0.022131482 0.027485061 0.14035511 0.13759118 0.037438393 0.044477314 0.091736674 0.054439735 0.04210431 0.02351833 0.022635102 0.016948044 0.03279635 0.22583055 0.09533536 0.03859027 0.014196804 0.00733163 0.01432556 0.029125515 0.24233261 0.08689108 0.009166535 0.01430635 0.004085238 0.0036117556 0.022212071 0.010868689 0.009963944 0.0002667068 0.005460059 0.00028702177 0.13425207 1.406883e-05 0.0008203757 1.8189323e-05 0.0005546608 6.808282e-05 0.0009880617 0.003277131 0.00056249916 8.13036e-05 2.7455448e-05 2.1333553e-06 0.03614793 1.5967376e-05 9.749088e-06 1.636372e-05 0.0005389926 0.00020138097 1.3221895e-06 0.00013850997 0.00337505 0.011575266 5.0342267e-05 4.0363862e-05 0.0006541959 0.00011377981 0.0012750363 0.00032400366 2.9748568e-07 0.00024179708 1.4668063e-05 6.7220736e-07 0.001327414 1.2100644e-06 2.808542e-07 3.2139286e-07 7.0864608e-06 1.0848483e-05 4.9208546e-07 0.069958694 5.0031453e-05 0.0017887126 0.0008327617 1.2622908e-06 0.0022230772
0.483751 0.71013296 7.961051e-17 0.49626723 0.28058827 0.3934949 0.46604788 0.52302045 0.18046905 0.07606448 0.29508856 0.06611522 0.19404279 0.079752214 0.020088706 0.09800087 0.10988157 0.10262703 0.09555047 0.074890375 0.18603286 0.2938844 0.2133647 0.07046261 0.04351272 0.006788689 0.2216663 0.106262684 0.106917396 0.027166197 0.08298937 0.049883295 0.054877028 0.0132304095 0.04888526 0.043237917 0.08312256 0.07968432 0.04620791 0.052305486 0.036833394 0.026309391 0.03136113 0.019423187 0.187505 0.06310042 0.020470731 0.02680013 0.010204791 0.010025351 0.03618907 0.038627334 0.021178717 0.00066802924 0.0028272122 0.001196599 0.085818976 5.012821e-05 0.002071083 2.7769629e-05 0.0015508328 0.00013366567 0.0009795346 0.005195046 0.00077502197 0.00010188132 4.699737e-05 5.5276787e-06 0.023007253 1.9116664e-05 3.809046e-05 2.8885266e-05 0.0013987097 0.00028377987 1.6671997e-06 0.0003219259 0.0032299792 0.0043733176 5.3668493e-05 8.560854e-05 0.00027888888 0.00015901752 0.0013384043 0.0003482954 4.8706084e-07 0.00038465456 3.7394839e-06 1.6150102e-06 0.001339505 1.9129145e-06 3.188133e-07 8.717547e-07 9.607825e-06 5.2755754e-06 4.2037593e-07 0.04762741 2.3156701e-05 0.0025251415 0.00071000576 2.7097346e-06 0.004194389
0.7650977 0.62202466 0.49626723 1.6442476e-17 0.29985583 0.777859 0.2036282 0.24632221 0.44389558 0.075211294 0.37706006 0.02991916 0.08940395 0.1878332 0.010483214 0.1406963 0.11260008 0.07861074 0.24700063 0.15938213 0.26096565 0.1563937 0.08053104 0.08459238 0.03980636 0.002185698 0.08566321 0.02104111 0.052576255 0.01066602 0.027570283 0.12989528 0.08637542 0.0048858123 0.09880814 0.031606123 0.03195827 0.13054433 0.021008182 0.01498751 0.01757442 0.037375975 0.030605659 0.004427357 0.39481488 0.187875 0.006629665 0.0059954724 0.031577248 0.0061545554 0.09403815 0.014202702 0.011870283 0.0006566098 0.0009240645 0.00041261778 0.22568695 9.577014e-06 0.0009422146 1.603007e-05 0.002356197 7.257905e-05 0.0006088232 0.0020055512 0.0005787577 3.2825417e-05 1.9370247e-05 1.2979472e-06 0.052268825 9.973688e-06 1.6417178e-05 1.5511856e-05 0.0023770572 0.00019733228 2.635494e-07 0.0005256178 0.0015688855 0.010826843 2.1033766e-05 6.3242114e-05 4.412852e-05 6.892636e-05 0.0005256378 0.00010878234 8.188162e-08 0.0001600443 3.9473553e-06 3.1064934e-07 0.0004018442 5.0834643e-07 6.345402e-08 1.5409293e-07 1.6523082e-06 1.4236223e-06 8.922255e-08 0.028152237 1.0164884e-05 0.007013306 0.00033842016 8.345811e-07 0.004347515
0.33702013 0.610267 0.28058827 0.29985583 1.472751e-20 0.4371698 0.032417435 0.11873427 0.19087592 0.6218683 0.01937782 0.6368062 0.011780552 0.01789732 0.29923838 0.012660753 0.0057714474 0.004090612 0.23980348 0.025898704 0.50998044 0.05114219 0.25692844 0.0050324313 0.0024663524 0.07183198 0.060950484 0.15498792 0.0029098867 0.42750308 0.09289895 0.004109394 0.0016062085 0.0323474 0.0006382774 0.0004553463 0.0012552902 0.46638143 0.39738974 0.015687149 0.0020062246 0.00034513618 0.00029574052 0.034828722 0.103283346 0.0050773993 0.00020527687 0.0036212762 7.1453e-05 1.797335e-05 0.00092799356 0.00019311823 0.000439101 7.1615835e-07 0.0045682914 8.448848e-06 0.04788191 2.4181125e-07 0.00011241757 5.7039006e-07 8.831665e-06 1.1084417e-07 1.2003494e-05 0.00023415984 8.684691e-06 6.6878897e-07 3.851293e-07 9.345736e-08 0.0017219305 2.9834968e-07 1.2361073e-08 2.2462475e-08 2.0461108e-05 2.2781258e-05 1.3371316e-07 6.5532668e-06 8.797342e-06 0.02133439 6.031032e-07 2.1054789e-06 0.00046950227 8.8854895e-06 0.00016135955 2.6280624e-05 5.6849878e-08 1.5252198e-05 1.072923e-06 1.5611971e-07 1.2327052e-06 3.2604135e-08 1.9470666e-07 1.3485405e-07 1.225296e-07 4.0213267e-06 1.6507576e-07 0.037207816 1.8936655e-06 0.0004041284 8.363044e-07 2.0828523e-07 0.00011787666
0.66064596 0.59549445 0.3934949 0.777859 0.4371698 4.5564454e-18 0.15809138 0.21574081 0.6567359 0.1010816 0.3898809 0.03440605 0.078052916 0.37604374 0.017533315 0.18574615 0.10988928 0.05849992 0.53228384 0.23487197 0.30307838 0.10645348 0.07468463 0.08517543 0.04779887 0.0052476283 0.057264995 0.010976275 0.03920785 0.014314941 0.025805425 0.23903757 0.087469205 0.004350993 0.09229636 0.05834698 0.020609356 0.31826928 0.040977255 0.0106329005 0.033853907 0.043142658 0.076994106 0.0040525054 0.423049 0.43686637 0.0044433842 0.0078065456 0.060280137 0.012270537 0.16017967 0.009611826 0.01040982 0.0017326789 0.0011842242 0.00062999106 0.26692292 4.1124735e-05 0.0019500689 5.190316e-05 0.006139439 0.00011199125 0.00034319967 0.0018744974 0.0024434866 0.00011621849 8.826643e-05 1.0792009e-05 0.27732852 9.960367e-05 1.8732724e-05 3.7240723e-05 0.0060978346 0.0002580883 8.845455e-06 9.140781e-05 0.0046821292 0.027767342 5.351557e-05 4.314264e-05 2.8334274e-05 9.799719e-05 0.0012765663 0.00024391091 4.654733e-06 0.00019722767 1.2154918e-05 8.842983e-06 0.0011500224 6.6213456e-06 7.9227374e-07 4.206364e-06 2.0861482e-05 1.7084112e-05 4.8284137e-06 0.021246366 2.3247001e-05 0.034684874 0.0010069855 2.53241e-06 0.015453534
0.048156243 0.24010675 0.46604788 0.2036282 0.032417435 0.15809138 5.6057852e-18 0.41842908 0.063173376 0.017030634 0.32336837 0.0060144505 0.7324649 0.05200665 0.0012712487 0.08703116 0.23635772 0.5188103 0.021852748 0.021980135 0.013550031 0.27302352 0.0719005 0.057333194 0.13407442 0.00048139176 0.2056204 0.009746097 0.40642253 0.0043625 0.040277924 0.023769766 0.06263384 0.00092514115 0.04547555 0.086763 0.2934907 0.008764133 0.0043997145 0.030736538 0.076401584 0.06255653 0.047098715 0.0013803118 0.025801776 0.016291136 0.08451934 0.02680534 0.01211816 0.008463757 0.018406905 0.060201626 0.047433145 0.0019583409 0.00029073848 0.0012120211 0.0072711525 0.00038587235 0.0017025885 5.1303512e-05 0.002279618 0.00021236867 0.004721222 0.0142228985 0.0015191418 6.0702827e-05 0.000151723 3.5559515e-05 0.003889919 0.000102612656 8.002028e-05 4.623725e-05 0.0018218873 0.0011500032 8.662638e-06 0.0006860689 0.004342499 0.0006218082 2.462114e-05 0.00037072756 1.7992299e-05 0.00012363882 0.0020359233 0.001024438 7.922877e-06 0.0006676531 5.0132157e-06 2.586499e-05 0.0014051856 2.92366e-05 3.5765906e-06 1.221199e-05 6.2423e-05 2.8236005e-05 4.9329233e-06 0.0042769304 4.6747136e-05 0.00072207383 0.0006353308 3.351181e-05 0.0016871997
0.023927085 0.41092 0.52302045 0.24632221 0.11873427 0.21574081 0.41842908 7.150348e-19 0.078463115 0.042597808 0.1627281 0.02756732 0.2186325 0.038095042 0.005577599 0.07434997 0.08456973 0.101040155 0.023613136 0.021545634 0.045298364 0.50257725 0.2735413 0.04956716 0.046617493 0.003684937 0.4555662 0.08648771 0.16258325 0.0126522975 0.17591861 0.011900251 0.028509505 0.009422919 0.017214715 0.028052079 0.17145209 0.012685782 0.01468568 0.13946521 0.05025926 0.013814036 0.012973917 0.018989448 0.025709055 0.0132882735 0.080940664 0.07941112 0.0015746977 0.004311069 0.005712377 0.06713096 0.037236836 0.0014934646 0.0054654903 0.0014989258 0.009331346 0.00017419344 0.0026135389 8.4311214e-05 0.00046707678 0.000319877 0.004025843 0.008196808 0.0014050696 0.00024189027 0.00024761993 3.232415e-05 0.005479806 8.175948e-05 3.0104375e-05 5.9545928e-05 0.0003558274 0.0009078081 5.9007957e-06 0.0016792081 0.0018674441 0.0005577514 2.3931383e-05 0.0002170442 0.00031088694 6.331267e-05 0.0018749454 0.0007913922 2.4241724e-06 0.00030401387 9.143397e-07 7.872054e-06 0.0005457349 1.7172451e-05 1.5265448e-06 2.1016892e-06 4.7980244e-05 8.166749e-06 1.3958153e-06 0.034612615 6.766863e-06 0.00027093836 0.00054802763 1.1014794e-05 0.00052711845
0.88257194 0.30662292 0.18046905 0.44389558 0.19087592 0.6567359 0.063173376 0.078463115 5.920418e-17 0.033289388 0.24409977 0.007203959 0.02589056 0.7661479 0.0028249202 0.11150411 0.06523407 0.01928033 0.7170618 0.73302895 0.39481962 0.016317343 0.01292873 0.09898049 0.020213645 0.0012447111 0.008934757 0.0019008568 0.0070033837 0.005985052 0.0053437217 0.40829235 0.082522824 0.0012317817 0.12741536 0.012292287 0.0018737522 0.24497913 0.0107924985 0.00316466 0.0066217124 0.03283232 0.019929223 0.0010966094 0.58356196 0.48765078 0.0005415035 0.0015137625 0.029953906 0.002919592 0.17305766 0.0012642503 0.001575877 0.00033936888 0.0010813675 0.000120335644 0.41003758 6.9839643e-06 0.00028594097 7.888121e-06 0.0033178022 2.7270331e-05 4.0847994e-05 0.00017532543 0.0008306007 2.1186628e-05 1.3871124e-05 1.2660715e-06 0.29864767 3.3356144e-05 6.611527e-06 1.2658572e-05 0.0035806538 6.0623508e-05 5.1322644e-07 0.00024300544 0.0021950465 0.0598186 6.610872e-06 3.8540453e-05 3.3992084e-05 1.5170599e-05 0.00021404614 6.324604e-05 4.0389702e-07 6.142077e-05 1.084942e-06 1.2703846e-06 0.00057100697 6.91212e-07 1.0375376e-07 3.224834e-07 2.057796e-06 1.1656971e-06 3.1393523e-07 0.020793073 1.734609e-06 0.031580552 0.000308507 1.1123774e-06 0.011904406
0.02443456 0.21075706 0.07606448 0.075211294 0.6218683 0.1010816 0.017030634 0.042597808 0.033289388 4.982882e-19 0.0064065335 0.40939236 0.0056801084 0.00681957 0.39895093 0.004473863 0.0011911311 0.0013435088 0.04762673 0.0017989556 0.09593158 0.017802894 0.064327 0.0010991683 0.0006563534 0.34816843 0.021491779 0.07150359 0.0015420372 0.60291153 0.057578277 0.00091981253 0.00040553507 0.027599296 1.656656e-05 0.00013196009 0.0005013545 0.15660857 0.3077984 0.012256416 0.000719854 1.9903908e-05 9.192784e-06 0.02321341 0.01279965 0.00082622276 4.764628e-05 0.002243268 1.0740825e-05 8.073796e-06 0.00015820492 4.922465e-05 4.3622313e-05 1.2785789e-06 0.0044406885 1.4992054e-05 0.0108135985 1.465457e-07 2.2893619e-05 3.1429562e-07 2.8033521e-06 3.416022e-07 6.299274e-05 9.454987e-05 6.1087476e-06 1.8505857e-06 5.3683283e-07 8.889369e-08 0.0002584794 6.2740476e-08 5.371516e-08 5.6116438e-08 3.4125985e-06 2.6589374e-05 1.5388484e-07 7.5228504e-06 5.0133303e-06 0.020239778 2.5488932e-06 1.882717e-06 9.06944e-05 1.2211059e-05 5.6619145e-05 1.0771927e-05 1.2596229e-07 1.0309864e-05 1.686167e-06 3.153353e-07 7.282685e-07 1.4725977e-07 7.450175e-08 1.4066441e-07 1.4182025e-07 3.5972214e-06 6.571159e-08 0.02757221 1.5329551e-06 1.6774058e-05 1.2477929e-06 2.3585e-07 6.598533e-06
0.5368034 0.25862744 0.29508856 0.37706006 0.01937782 0.3898809 0.32336837 0.1627281 0.24409977 0.0064065335 1.2375454e-17 0.0036995874 0.23654178 0.21824476 0.00020661931 0.58777994 0.62810165 0.47877863 0.10737987 0.09370435 0.023591239 0.1418006 0.023937508 0.23272917 0.42109805 9.857862e-05 0.08578397 0.0007266129 0.1364739 0.0019092832 0.014400322 0.14010416 0.26119176 7.991641e-05 0.2379669 0.28779835 0.11324488 0.011915668 0.0023023107 0.013706395 0.122509785 0.28798163 0.12901759 0.00026309956 0.1579092 0.120274566 0.022399288 0.008374793 0.15968448 0.013446059 0.17029803 0.056154165 0.027904792 0.0029923292 7.05566e-05 0.000809259 0.05347099 0.00010832011 0.0016233985 1.6642507e-05 0.009510918 8.790596e-05 0.0019663083 0.0032592388 0.0018565864 2.6634574e-05 2.2945946e-05 7.107801e-06 0.012848718 0.00012682553 2.9384357e-05 1.07996175e-05 0.01012416 0.0002025754 1.2308517e-06 0.00040611482 0.005260293 0.0033768623 6.6749712e-06 5.618442e-05 1.246714e-06 3.836549e-05 0.0003802319 0.00019008342 1.0693038e-06 4.8250287e-05 1.605229e-06 3.4914242e-06 0.0011874409 4.422279e-06 3.0759497e-07 1.7871437e-06 1.2898076e-05 2.3253908e-06 9.0508195e-07 0.0024753434 9.832292e-06 0.0069581103 0.001106813 3.854326e-06 0.006007938
0.013283351 0.20732035 0.06611522 0.02991916 0.6368062 0.03440605 0.0060144505 0.02756732 0.007203959 0.40939236 0.0036995874 2.462606e-19 0.0025196 0.0016378982 0.5715256 0.0017232832 0.0007604493 0.0008680998 0.01084654 0.000562925 0.06355202 0.015084709 0.10685603 0.00089161744 0.00066559965 0.16444291 0.014372388 0.28328755 0.00081246474 0.3446534 0.072136566 0.00027226505 0.0007756424 0.18925138 1.9298503e-05 0.00032058 0.0015105135 0.045684405 0.19324012 0.009147926 0.0010580064 0.00012882163 0.00018440532 0.1082122 0.0013193353 0.00025448273 0.000709737 0.00065220275 1.7419803e-05 0.00017182286 3.5629786e-05 0.0006176985 0.00020729966 2.7392576e-05 0.006857052 1.5728569e-05 0.0041114343 1.773297e-06 5.8922735e-05 2.9339944e-07 8.777017e-07 3.0686758e-06 8.1016835e-05 7.51957e-05 5.2865824e-05 5.094088e-07 2.1222977e-06 4.337536e-07 5.8648725e-06 2.8998815e-07 8.7013075e-07 6.5247957e-07 9.67866e-07 2.6391612e-05 7.479277e-08 2.1751985e-05 3.180232e-05 0.00547268 9.2995094e-07 1.3780724e-05 0.0003868735 5.408433e-06 6.970779e-05 6.984417e-06 2.9607236e-08 2.9882123e-05 1.812069e-07 1.746648e-07 2.9378875e-06 2.8222598e-07 4.6118675e-08 6.2363824e-08 5.297195e-07 6.528145e-07 3.0053297e-08 0.06336342 1.0089316e-06 1.352948e-06 1.4942132e-06 1.757554e-07 4.1921848e-07
0.008352344 0.08951284 0.19404279 0.08940395 0.011780552 0.078052916 0.7324649 0.2186325 0.02589056 0.0056801084 0.23654178 0.0025196 1.6522545e-21 0.042049475 0.00023678564 0.1026465 0.22226714 0.7048741 0.009970716 0.012044984 0.0041017435 0.21517272 0.033935655 0.058578234 0.20878446 0.00010908745 0.12827522 0.0031157315 0.4539858 0.00094474247 0.018437155 0.013710154 0.06743655 0.00031073517 0.03606589 0.09351187 0.36508036 0.0040285937 0.0023844214 0.022750083 0.11182651 0.0592008 0.06280799 0.00051787717 0.005317003 0.008278129 0.1624647 0.028321246 0.014725832 0.011507278 0.011736958 0.09141539 0.06648053 0.00412382 0.00023930735 0.0010083877 0.001336472 0.00018423973 0.0031775776 5.985434e-05 0.0028537188 0.00020717594 0.011808059 0.0399667 0.001529673 7.113813e-05 0.00018141778 6.0656475e-05 0.0011977882 0.00012212522 2.049802e-05 2.486437e-05 0.0017145008 0.0040495424 9.906157e-06 0.0013136078 0.0015970857 0.00023358864 2.1838516e-05 0.0012775712 6.2149375e-06 5.858324e-05 0.0015647628 0.0013966836 1.0683493e-05 0.00023584001 5.6191257e-06 2.6352529e-05 0.00068025966 3.1757736e-05 1.3690632e-06 1.349023e-05 4.6673325e-05 1.6650238e-05 8.518777e-06 0.0014195159 2.1603693e-05 0.00030140617 0.00057267904 0.000220071 0.0005348953
0.85336006 0.103251286 0.079752214 0.1878332 0.01789732 0.37604374 0.05200665 0.038095042 0.7661479 0.00681957 0.21824476 0.0016378982 0.042049475 6.7007035e-18 0.0010276048 0.22805974 0.095911324 0.03952014 0.23196726 0.74655837 0.05107266 0.01904555 0.004598335 0.2575179 0.06926109 0.00043287527 0.010475273 0.0005754585 0.012545184 0.0021449367 0.003930309 0.53946096 0.23092222 0.0002280901 0.5330837 0.04964279 0.00639114 0.038364206 0.002632327 0.0039220774 0.02339397 0.080890305 0.06550135 0.00033359692 0.25767216 0.37566718 0.0019368809 0.002996267 0.09994584 0.010842341 0.26157448 0.0047096247 0.0038878513 0.0023853334 0.0006520464 0.0008401607 0.12055531 4.711778e-05 0.0015434732 3.8343915e-05 0.010908331 5.5379976e-05 0.00025136495 0.00081645563 0.0017933928 0.0001065699 2.0940637e-05 2.0252576e-06 0.20666677 8.401559e-05 1.3641272e-05 1.6683282e-05 0.010740119 0.0001977637 1.9371198e-06 0.0007521889 0.005297726 0.035150476 1.918486e-05 0.00022397451 7.9999525e-05 2.988526e-05 0.00065705855 0.00020672752 2.1833152e-06 8.518082e-05 4.354876e-06 4.3516043e-06 0.0018646182 2.386207e-06 7.267609e-07 2.593807e-06 2.5376257e-05 3.4540108e-06 2.7711808e-06 0.0022861355 5.5831015e-06 0.03397179 0.0012927756 1.3171484e-05 0.03391363
0.010778798 0.080246285 0.020088706 0.010483214 0.29923838 0.017533315 0.0012712487 0.005577599 0.0028249202 0.39895093 0.00020661931 0.5715256 0.00023678564 0.0010276048 2.5157416e-18 0.00023693856 7.168349e-05 0.00012372585 0.004273412 0.00013910978 0.011508342 0.0046092696 0.035069637 0.00010124689 2.677314e-05 0.48603418 0.004977892 0.13919863 0.0001410016 0.39925268 0.028746106 6.940173e-05 4.0462222e-05 0.103701845 9.969375e-07 1.0045463e-05 6.4414286e-05 0.025662033 0.13702956 0.0013921132 4.9204846e-05 9.962889e-06 3.5922058e-06 0.035035964 0.00035464554 4.4113585e-05 2.832209e-05 9.6686694e-05 8.8783855e-07 5.1946963e-06 3.1800664e-06 2.225039e-05 1.9668794e-05 2.5867125e-06 0.0012206472 1.4247848e-06 0.0014402071 1.4915656e-07 4.6298605e-06 5.831782e-08 4.0356815e-07 7.321655e-07 1.0158837e-05 7.399329e-06 5.1690135e-06 1.4986107e-07 3.2621412e-07 4.1989207e-08 1.1437742e-06 3.797347e-08 8.2222016e-08 5.7603994e-08 2.8002992e-07 2.4574235e-06 1.5225186e-08 2.5364584e-06 5.0456683e-06 0.015786946 3.6839828e-07 6.5857864e-07 5.9986174e-05 7.192542e-07 5.010749e-06 3.7313134e-07 5.183835e-09 2.0220768e-06 7.345017e-08 9.593418e-09 2.288709e-07 1.595729e-08 2.5438116e-09 6.225813e-09 2.5102521e-08 1.7983001e-07 2.20454e-09 0.11841685 1.4663364e-07 4.815554e-07 1.01905464e-07 1.4956044e-08 6.4034606e-07
0.4959021 0.10418212 0.09800087 0.1406963 0.012660753 0.18574615 0.08703116 0.07434997 0.11150411 0.004473863 0.58777994 0.0017232832 0.1026465 0.22805974 0.00023693856 1.8598372e-19 0.2711978 0.18817987 0.08134882 0.0613735 0.009314817 0.076780215 0.007947074 0.8275258 0.19880565 5.6205703e-05 0.03856091 0.00027493716 0.071028456 0.0006911448 0.008433233 0.11132193 0.45658758 6.47331e-05 0.62549776 0.123200156 0.049717747 0.013787561 0.0011616416 0.0074434653 0.06612255 0.1348498 0.13710749 4.6073157e-05 0.085825056 0.13863212 0.0097465655 0.011189812 0.14068936 0.022291942 0.15450555 0.018536143 0.013551253 0.007942275 8.492508e-05 0.0007032171 0.040539127 0.00014793662 0.0025668726 3.9202634e-05 0.014165794 0.00019158685 0.00080877455 0.0007146264 0.0020550028 3.913088e-05 4.3898704e-05 7.0824944e-06 0.039314326 8.509995e-05 2.1715754e-05 2.3551758e-05 0.01099615 0.00023809401 1.9174533e-06 0.0003700882 0.007948856 0.005411362 6.2241243e-06 6.15307e-05 1.02877e-06 2.728568e-05 0.00063456775 0.00010424586 1.9801923e-06 6.31192e-05 1.0595587e-06 7.8909125e-06 0.0018568662 1.0035189e-05 7.81232e-08 2.9008095e-06 1.2292005e-05 1.1878022e-06 1.1930755e-06 0.0007895957 5.35522e-06 0.012691822 0.0017476722 3.3776755e-06 0.011364112
0.1479131 0.06279395 0.10988157 0.11260008 0.0057714474 0.10988928 0.23635772 0.08456973 0.06523407 0.0011911311 0.62810165 0.0007604493 0.22226714 0.095911324 7.168349e-05 0.2711978 1.4992683e-20 0.7430584 0.027896868 0.033896055 0.008606586 0.099117965 0.008073189 0.16173966 0.6748292 3.4296412e-05 0.059826244 0.0002696896 0.19036517 0.0010299718 0.005909708 0.05490487 0.16084062 3.113312e-05 0.20568097 0.2560559 0.13666756 0.005646041 0.0017273268 0.006983672 0.14168893 0.16239968 0.08885973 3.5413756e-05 0.02773234 0.03917715 0.038799703 0.0042399457 0.092891335 0.01444521 0.072573036 0.058275443 0.040220972 0.0032857866 1.9208639e-05 0.0009513984 0.0067797503 0.00016176618 0.0025862022 2.3647952e-05 0.012241931 8.903908e-05 0.0041700713 0.012212167 0.0028194012 0.00011031852 1.9828994e-05 7.749225e-06 0.0037272044 0.00023173634 1.8621808e-05 6.6687226e-06 0.0070875394 0.00064315525 7.145687e-07 0.0001081467 0.0034465073 0.00064097845 3.7065973e-05 8.684744e-05 3.2255141e-07 9.253806e-05 0.0013978482 0.0012321353 1.1836894e-06 0.00021337175 4.334726e-06 3.4878863e-06 0.00072088104 8.310804e-06 3.9483243e-07 1.6507804e-06 3.0554893e-05 3.431206e-06 1.404768e-06 0.0013275461 1.6373086e-05 0.002472939 0.0012429698 7.5154894e-05 0.005507616
0.09289024 0.033778504 0.10262703 0.07861074 0.004090612 0.05849992 0.5188103 0.101040155 0.01928033 0.0013435088 0.47877863 0.0008680998 0.7048741 0.03952014 0.00012372585 0.18817987 0.7430584 6.2305748e-21 0.01000956 0.012524432 0.0039781025 0.16344044 0.012040482 0.11608088 0.71173835 3.169072e-05 0.100773714 0.00061838864 0.56116885 0.001784044 0.007964753 0.018845845 0.07915815 3.981129e-05 0.209618 0.3298011 0.433466 0.004259076 0.0031470337 0.010910651 0.19079228 0.1146112 0.083147906 4.321804e-05 0.012249223 0.012938437 0.16422012 0.012995508 0.049840927 0.018136306 0.0325061 0.078332365 0.07752917 0.0037377444 3.952337e-05 0.0020038795 0.0033193354 0.00027504706 0.0039380733 8.338794e-05 0.00745949 0.00017324054 0.009651861 0.033176325 0.0017894302 0.00015577121 7.711491e-05 2.417225e-05 0.0026500786 0.00021054024 3.424516e-05 2.1519776e-05 0.006236948 0.0025166934 2.9110774e-06 0.0003959975 0.002395205 0.00027302923 3.4878452e-05 0.0010662089 3.6670068e-07 0.00013290213 0.0029130592 0.0016100263 4.0838627e-06 0.00026541605 4.153962e-06 1.3328792e-05 0.0006233927 1.8806866e-05 8.9095573e-07 4.344112e-06 5.6316338e-05 7.1216286e-06 4.1818175e-06 0.0015393947 3.283434e-05 0.0007883188 0.00096846867 0.00012660644 0.002234044
0.937447 0.22368854 0.09555047 0.24700063 0.23980348 0.53228384 0.021852748 0.023613136 0.7170618 0.04762673 0.10737987 0.01084654 0.009970716 0.23196726 0.004273412 0.08134882 0.027896868 0.01000956 5.3700804e-16 0.40287647 0.8083308 0.0074904286 0.010660234 0.0737303 0.012664955 0.0015021586 0.0049568545 0.004677633 0.0041908906 0.013986211 0.0061863256 0.20332678 0.04136171 0.002546629 0.024325207 0.010647523 0.0019547602 0.50518864 0.02669918 0.0027855076 0.0065838685 0.012338921 0.0077965125 0.0034408683 0.6258152 0.28614524 0.00021799344 0.00089289685 0.0075602145 0.004098821 0.043641884 0.0007472391 0.00070574903 5.2300617e-05 0.0014396984 0.00013668234 0.34439844 2.544143e-06 0.00070523936 2.960203e-05 0.00163729 6.637164e-06 4.943046e-05 0.00046347227 0.0006042129 4.2247626e-05 1.15535495e-05 1.6952188e-06 0.17102851 2.1071854e-05 9.881072e-07 3.5539867e-06 0.0021310423 0.00011256862 8.032784e-06 0.00014487715 0.0016365874 0.31163487 1.1106553e-05 4.511571e-05 9.848241e-05 4.8997637e-05 0.00041133582 0.00012683375 4.9679397e-06 5.6917448e-05 1.0344906e-05 2.8763445e-06 0.0005060004 9.05765e-07 7.44186e-06 3.0540577e-06 8.570113e-06 3.5938316e-05 5.6643476e-06 0.006560155 1.6451202e-05 0.056620527 8.639079e-05 7.4371214e-06 0.03592133
0.935131 0.08359912 0.074890375 0.15938213 0.025898704 0.23487197 0.021980135 0.021545634 0.73302895 0.0017989556 0.09370435 0.000562925 0.012044984 0.74655837 0.00013910978 0.0613735 0.033896055 0.012524432 0.40287647 6.833772e-19 0.07803278 0.008381094 0.0027396653 0.046200197 0.01476113 4.291842e-05 0.004858987 0.00021453395 0.0039502643 0.000704424 0.00251099 0.5960335 0.054806244 4.162613e-05 0.10466481 0.015404866 0.0016236888 0.048723128 0.0008097628 0.0018938038 0.00612314 0.032866314 0.019685699 0.00019549567 0.47198737 0.44137472 0.00026581043 0.0012763753 0.03916226 0.0024489453 0.18866149 0.0009827248 0.00069723744 0.00030047656 0.0004712106 2.9786326e-05 0.2425887 2.1348123e-06 7.967951e-05 8.1246776e-07 0.0026412187 1.6796703e-06 4.9624115e-05 6.181861e-05 0.00030962325 3.7805412e-06 8.310419e-07 1.0964561e-07 0.28631586 1.30954695e-05 2.8031127e-07 2.3118923e-07 0.0025579326 2.5269106e-05 8.580612e-08 0.0010492669 0.0005203455 0.09217728 1.2402368e-06 6.453892e-05 2.0311096e-05 3.3510703e-06 8.180838e-05 8.2734034e-05 9.62658e-08 2.8604283e-05 5.555485e-07 1.8335393e-07 0.00012113137 4.2530456e-08 6.9750044e-08 7.5267465e-08 6.3829435e-07 3.3774316e-07 4.8834657e-08 0.0026121922 1.1997812e-06 0.04570411 0.000120465054 6.295205e-06 0.03388449
0.9623939 0.28200638 0.18603286 0.26096565 0.50998044 0.30307838 0.013550031 0.045298364 0.39481962 0.09593158 0.023591239 0.06355202 0.0041017435 0.05107266 0.011508342 0.009314817 0.008606586 0.0039781025 0.8083308 0.07803278 9.155427e-17 0.005084777 0.017571263 0.0039860564 0.00321791 0.0080744205 0.0034853234 0.03206257 0.0011586813 0.036471106 0.0052530537 0.026521012 0.0038968734 0.0058119255 0.0020807597 0.0011351136 0.0010870912 0.78000706 0.05940037 0.0011478305 0.0014026315 0.002298249 0.000859318 0.005515616 0.48009342 0.04452425 0.00014670953 0.0002626964 0.00025848657 4.0700856e-05 0.005648335 0.00034501476 0.00028307497 3.0710412e-06 0.0016593195 2.4784504e-06 0.27638164 5.0704905e-08 3.3408676e-05 1.9519507e-07 0.000121507976 4.3047703e-07 8.38669e-06 5.9052458e-05 1.0601081e-05 9.771685e-07 1.947841e-07 1.737233e-08 0.059946463 4.4287418e-07 1.5435681e-07 3.0797304e-07 0.00021529212 2.6314183e-05 1.997008e-08 0.00017038951 1.8832909e-05 0.21499057 6.499494e-07 3.157334e-05 0.0009234769 2.4712024e-06 4.1507006e-05 1.0795303e-05 1.9261607e-08 1.809239e-05 4.128632e-07 6.294373e-09 7.088451e-07 1.9019335e-09 3.3436898e-08 5.0737676e-09 2.5519187e-08 3.4174917e-07 6.8106707e-09 0.040044084 1.4279245e-06 0.013594993 1.0118281e-06 7.874497e-07 0.011118282
0.005357189 0.18255137 0.2938844 0.1563937 0.05114219 0.10645348 0.27302352 0.50257725 0.016317343 0.017802894 0.1418006 0.015084709 0.21517272 0.01904555 0.0046092696 0.076780215 0.099117965 0.16344044 0.0074904286 0.008381094 0.005084777 2.393222e-19 0.21863605 0.04858251 0.090209626 0.0027638096 0.59557545 0.045797262 0.247189 0.004908107 0.19212608 0.0044927807 0.03350169 0.005392419 0.015774844 0.05865713 0.29691052 0.0067471354 0.0061336746 0.24664563 0.09162139 0.01838166 0.018888643 0.010019799 0.004658282 0.0037639518 0.20789695 0.21775188 0.0038914161 0.0061885477 0.0021864357 0.20556092 0.11984134 0.0021654966 0.0052545792 0.003910141 0.0060047708 0.000992205 0.0036172946 0.00041447775 0.0007068247 0.001177665 0.040417235 0.04413627 0.0049184277 0.0005907606 0.0013518737 0.00014625341 0.00036683853 0.00047491206 7.516658e-05 9.603505e-05 0.00035643956 0.008013515 3.8126007e-05 0.014103523 0.001526777 0.00011417613 0.00023881535 0.0034346243 0.00047606023 0.00069800287 0.009281441 0.0035449355 3.630758e-05 0.0017399482 8.658987e-06 0.00010645014 0.00013283498 0.00013825632 4.444454e-06 3.3992732e-05 0.0001230455 2.3875213e-05 3.910838e-05 0.0076631135 1.8522447e-05 0.00027608118 0.00039695395 0.00016146946 1.2120262e-05
0.004474147 0.23064749 0.2133647 0.08053104 0.25692844 0.07468463 0.0719005 0.2735413 0.01292873 0.064327 0.023937508 0.10685603 0.033935655 0.004598335 0.035069637 0.007947074 0.008073189 0.012040482 0.010660234 0.0027396653 0.017571263 0.21863605 1.6338801e-18 0.0019787059 0.0071630087 0.007655206 0.40396723 0.2936636 0.02614683 0.010846106 0.63406944 0.0012365844 0.0022755659 0.054375134 0.0009185757 0.0038486554 0.066687666 0.013537768 0.012122777 0.37954298 0.008197336 0.0004895612 0.00075065286 0.21198405 0.003783472 0.0019914522 0.04383712 0.12014829 3.128659e-05 0.0004955488 0.0003266517 0.029995844 0.010522587 4.4263987e-05 0.07479523 9.6123564e-05 0.016286997 2.3263024e-06 0.0007845725 3.8363496e-06 0.00012648744 2.1343802e-05 0.0016931905 0.0036050742 0.00023680912 8.268036e-06 8.118586e-06 1.7932267e-06 0.00026822195 1.1882446e-05 2.9992857e-06 1.6504074e-06 5.795293e-05 0.00018323603 6.6353823e-07 0.0021607652 0.00024624536 0.0007566716 9.2608786e-07 6.650308e-05 0.003288105 5.8024407e-06 0.00054086506 0.00014042792 2.3016757e-07 4.581578e-05 5.8385485e-08 1.8557959e-06 4.8314792e-05 8.058077e-07 9.95811e-08 5.511664e-07 2.5844192e-06 4.5696737e-07 4.479575e-07 0.05067718 3.425143e-07 2.1244536e-05 5.821255e-05 5.037595e-06 3.3857316e-06
0.47803324 0.054442927 0.07046261 0.08459238 0.0050324313 0.08517543 0.057333194 0.04956716 0.09898049 0.0010991683 0.23272917 0.00089161744 0.058578234 0.2575179 0.00010124689 0.8275258 0.16173966 0.11608088 0.0737303 0.046200197 0.0039860564 0.04858251 0.0019787059 1.5503522e-19 0.14491688 1.9387915e-05 0.022199623 8.5606334e-05 0.04317258 0.00027070902 0.0020232422 0.11728741 0.78325963 2.1088257e-05 0.80004805 0.11477621 0.030226622 0.012017601 0.00064731773 0.004900208 0.06363123 0.15895127 0.14160079 5.7142723e-05 0.08543963 0.18387893 0.0070872917 0.006157866 0.23661782 0.036725484 0.18969907 0.029169712 0.01763275 0.014406902 7.287556e-05 0.0024005228 0.04235497 0.00029163933 0.0059021637 0.00020100796 0.025022289 0.00040839115 0.0011149832 0.0023568792 0.0060601598 0.00028793776 9.133707e-05 2.8033295e-05 0.12595835 0.00032103248 0.00013364285 0.00011566873 0.017373765 0.00042007695 8.743946e-06 0.0006483559 0.0072700805 0.011231239 5.687605e-05 0.0002881556 9.297026e-07 8.5166044e-05 0.0015684314 0.0004611329 1.0533158e-05 0.00015723522 1.3387431e-05 3.2857333e-05 0.0018010971 3.5687393e-05 2.3274965e-06 7.525979e-06 9.416518e-05 8.681197e-06 1.1268047e-05 0.00043540826 1.672708e-05 0.027001854 0.003989304 2.823482e-05 0.04854125
0.083702125 0.022131482 0.04351272 0.03980636 0.0024663524 0.04779887 0.13407442 0.046617493 0.020213645 0.0006563534 0.42109805 0.00066559965 0.20878446 0.06926109 2.677314e-05 0.19880565 0.6748292 0.71173835 0.012664955 0.01476113 0.00321791 0.090209626 0.0071630087 0.14491688 9.391016e-23 3.7958987e-06 0.054935522 0.00011255478 0.16996913 0.00040169363 0.0052121147 0.036162745 0.2712643 8.361022e-06 0.14520298 0.54200464 0.15198506 0.0019599216 0.0008239994 0.006110717 0.4167884 0.25286525 0.25811246 1.1343986e-05 0.009827 0.022116492 0.06977554 0.0045324205 0.1538356 0.08441394 0.07650236 0.13737315 0.097571075 0.016353589 1.2013767e-05 0.005449221 0.0024166591 0.0014840442 0.013969782 0.00023629049 0.029454986 0.000591401 0.0050575584 0.043438226 0.009630878 0.0005924351 0.00020424153 7.796181e-05 0.0020059033 0.0013760651 0.00012066892 5.7161964e-05 0.015798768 0.002325553 9.960495e-06 0.00015797667 0.006698704 0.00029550653 0.0002450223 0.0002166211 5.1862113e-08 0.0004082313 0.0042413813 0.004353566 2.7728425e-05 0.00072533416 2.2326143e-05 8.156843e-05 0.0022879292 0.00012996307 3.3545587e-06 2.4732692e-05 0.00023164155 1.8437955e-05 1.740544e-05 0.0001962934 3.2229833e-05 0.0015343345 0.005043196 0.00025354765 0.0025753346
0.09482618 0.027485061 0.006788689 0.002185698 0.07183198 0.0052476283 0.00048139176 0.003684937 0.0012447111 0.34816843 9.857862e-05 0.16444291 0.00010908745 0.00043287527 0.48603418 5.6205703e-05 3.4296412e-05 3.169072e-05 0.0015021586 4.291842e-05 0.0080744205 0.0027638096 0.007655206 1.9387915e-05 3.7958987e-06 2.2494712e-16 0.001966917 0.06636926 6.1836065e-05 0.59706587 0.006134608 2.2418164e-05 1.3277359e-05 0.05745117 9.98716e-07 2.958336e-06 6.0995062e-05 0.020771421 0.39120683 0.0002890107 1.0407357e-05 4.4393455e-06 4.7430053e-06 0.013789626 0.00024101755 2.4991164e-06 4.153081e-05 3.2437852e-05 2.6528608e-07 6.748698e-07 3.7167484e-07 1.1677683e-05 2.3394588e-05 2.8944993e-07 0.00040945425 2.4648887e-07 0.0011201348 2.116317e-08 4.4694766e-06 1.7566819e-08 2.8400632e-07 8.266467e-08 6.364821e-06 2.9944356e-06 3.849868e-07 1.0827688e-07 1.9493415e-08 5.358537e-09 1.2585325e-07 3.4971325e-08 9.736614e-09 6.3832357e-09 1.934869e-08 4.7631016e-07 8.2091556e-10 7.330546e-06 2.4208447e-07 0.031046648 2.115963e-07 1.4817042e-06 0.00011372287 9.495668e-07 3.5868175e-06 3.5977203e-07 1.0619486e-09 1.4858235e-06 1.9176415e-08 1.3077871e-09 1.5802207e-09 7.6825435e-10 7.805546e-11 9.766219e-10 3.0493676e-09 3.1451086e-09 1.6300208e-10 0.56324697 5.713825e-09 7.557733e-08 1.6242367e-09 1.734144e-08 4.222001e-08
0.001920419 0.14035511 0.2216663 0.08566321 0.060950484 0.057264995 0.2056204 0.4555662 0.008934757 0.021491779 0.08578397 0.014372388 0.12827522 0.010475273 0.004977892 0.03856091 0.059826244 0.100773714 0.0049568545 0.004858987 0.0034853234 0.59557545 0.40396723 0.022199623 0.054935522 0.001966917 3.8544826e-20 0.07768962 0.13663511 0.005521979 0.40706518 0.0024398037 0.009687208 0.0066678426 0.0063809296 0.022455128 0.17665571 0.004963808 0.005694761 0.49780494 0.03244741 0.004802752 0.0053014182 0.04161869 0.0034934347 0.0025315299 0.130844 0.3831985 0.0004876253 0.002978624 0.0005974955 0.10256878 0.04577602 0.001465648 0.02490711 0.00071255624 0.017862001 6.211011e-05 0.0025476904 5.217109e-05 0.00020070474 0.00029837943 0.015944576 0.01174763 0.001547657 7.7846205e-05 0.00011659116 1.1180989e-05 0.00086550246 9.490064e-05 1.1612127e-05 1.4873937e-05 4.733514e-05 0.0026933865 4.1757116e-06 0.025011005 0.00027762467 8.925903e-05 1.3673038e-05 0.002533897 0.0017219 9.282993e-05 0.0022115211 0.00065664895 4.6212256e-07 0.0002492262 2.3550028e-07 4.7128046e-06 2.4705885e-05 3.8337457e-06 1.1175487e-07 9.766933e-07 8.4715775e-06 1.1980261e-06 9.940229e-07 0.010442811 8.9060825e-07 0.000119429256 1.9193005e-05 3.0207017e-05 3.6329277e-06
0.005141404 0.13759118 0.106262684 0.02104111 0.15498792 0.010976275 0.009746097 0.08648771 0.0019008568 0.07150359 0.0007266129 0.28328755 0.0031157315 0.0005754585 0.13919863 0.00027493716 0.0002696896 0.00061838864 0.004677633 0.00021453395 0.03206257 0.045797262 0.2936636 8.5606334e-05 0.00011255478 0.06636926 0.07768962 1.3999823e-16 0.0026834004 0.079250954 0.34770674 9.5699426e-05 8.867462e-05 0.24406457 9.041749e-06 9.1189184e-05 0.0039495374 0.024836728 0.057817865 0.08911504 0.00075221545 5.7595622e-05 2.6002726e-05 0.39542443 0.0025964098 0.0001865897 0.0065595196 0.0075845146 9.652891e-06 7.880069e-06 2.4383591e-05 0.0019947595 0.00056607433 4.9246883e-06 0.028723758 7.406996e-06 0.03289353 8.692028e-07 3.3843095e-05 4.4395335e-07 8.052236e-06 7.007816e-06 0.00013175361 0.00010250477 5.8877402e-05 1.4074043e-06 3.7244433e-06 9.552709e-07 3.007027e-06 1.1369542e-06 1.6208907e-06 1.9416846e-06 1.5706765e-06 2.6477579e-05 3.1092384e-07 0.00016938211 2.6123898e-05 0.0061970814 1.1726312e-06 2.2447946e-05 0.0039289696 3.0924607e-06 6.324948e-05 8.074798e-06 3.4424696e-07 2.0735532e-05 4.9134293e-08 1.1436487e-06 4.939853e-06 1.9703516e-06 8.537336e-08 6.130706e-07 2.6758191e-06 2.4256352e-07 3.8344967e-07 0.2504639 9.651454e-08 7.8351595e-06 1.6368363e-06 2.8288318e-07 4.0742364e-07
0.007114176 0.037438393 0.106917396 0.052576255 0.0029098867 0.03920785 0.40642253 0.16258325 0.0070033837 0.0015420372 0.1364739 0.00081246474 0.4539858 0.012545184 0.0001410016 0.071028456 0.19036517 0.56116885 0.0041908906 0.0039502643 0.0011586813 0.247189 0.02614683 0.04317258 0.16996913 6.1836065e-05 0.13663511 0.0026834004 6.8433395e-21 0.0019288522 0.014557609 0.0035376207 0.041696668 0.00015411226 0.029064782 0.09653514 0.76920265 0.0009921909 0.0025251955 0.01699413 0.0926182 0.04603416 0.03567404 0.00018461735 0.0009988333 0.002868628 0.49283528 0.03084938 0.004692637 0.0061715622 0.0030281618 0.17824495 0.14407392 0.001990503 8.704512e-05 0.0021028952 0.0004941958 0.00024113459 0.0023163452 6.305826e-05 0.00087034795 0.00030262244 0.043087546 0.06847401 0.00085152686 6.921415e-05 8.48294e-05 2.2910963e-05 0.00026778464 0.00014917471 3.7773752e-05 2.5698804e-05 0.00035254637 0.008827346 6.1165706e-06 0.004254665 0.0024371515 2.2890954e-05 8.7295475e-06 0.004692711 3.8629482e-06 3.7161644e-05 0.0033435244 0.0034053929 5.317043e-06 0.000334727 1.3183554e-06 1.9421337e-05 0.00071429665 3.604981e-05 6.926466e-07 1.3837563e-05 0.000101055135 9.161121e-06 7.909047e-06 0.0014857904 2.0709742e-05 0.00013361406 0.00089217926 0.00040379594 0.0001255024
0.62846285 0.044477314 0.027166197 0.01066602 0.42750308 0.014314941 0.0043625 0.0126522975 0.005985052 0.60291153 0.0019092832 0.3446534 0.00094474247 0.0021449367 0.39925268 0.0006911448 0.0010299718 0.001784044 0.013986211 0.000704424 0.036471106 0.004908107 0.010846106 0.00027070902 0.00040169363 0.59706587 0.005521979 0.079250954 0.0019288522 1.3363209e-16 0.0058528883 0.0004232657 0.00039450973 0.039820623 3.727057e-05 0.00013726612 0.0016815928 0.14991656 0.7511773 0.0020447718 0.00020217532 0.0001246953 6.5437154e-05 0.008797079 0.008828701 0.0012883024 0.0001446317 0.0011505022 1.1708483e-05 4.1825074e-06 7.980453e-05 0.0001410304 0.00010458223 4.5317174e-07 0.0012366953 1.1356933e-07 0.0154578155 3.8492e-09 1.3508832e-05 2.138174e-08 1.4716249e-05 9.043249e-08 5.122507e-06 1.3690132e-05 8.1550223e-07 7.107478e-07 2.1117364e-08 4.6458384e-09 0.00046264625 4.617069e-08 1.4344397e-07 4.9833847e-08 8.262558e-06 4.28653e-06 4.4976476e-09 6.748744e-05 2.6056944e-07 0.052756444 8.876193e-07 1.46261855e-05 0.00047468446 1.6077354e-06 4.343553e-06 1.7867245e-06 3.8296104e-09 5.1788084e-06 1.07682084e-07 2.4313624e-09 3.2440106e-09 1.4972505e-09 2.7559826e-09 1.8346201e-09 2.8235516e-09 2.4583727e-08 4.45703e-10 0.18391782 1.0199219e-07 0.0002934217 2.101754e-09 1.4201461e-07 9.429566e-05
0.0010931381 0.091736674 0.08298937 0.027570283 0.09289895 0.025805425 0.040277924 0.17591861 0.0053437217 0.057578277 0.014400322 0.072136566 0.018437155 0.003930309 0.028746106 0.008433233 0.005909708 0.007964753 0.0061863256 0.00251099 0.0052530537 0.19212608 0.63406944 0.0020232422 0.0052121147 0.006134608 0.40706518 0.34770674 0.014557609 0.0058528883 6.2815355e-18 0.0021050794 0.0016842876 0.052771796 0.00058272964 0.0030301858 0.031787112 0.011438184 0.008277319 0.5596994 0.007042041 0.00046558343 0.00069806474 0.33670002 0.005109332 0.0035975801 0.020647574 0.20628503 5.659744e-05 0.00016266435 0.0003607915 0.020012286 0.0066634873 3.516911e-05 0.10985109 3.528885e-05 0.03247859 2.2619856e-06 0.0003298186 1.1261823e-06 0.00017499151 1.0310532e-05 0.0011973238 0.0019919262 0.00016557376 3.5048886e-06 2.636398e-06 8.783121e-07 0.00022948628 7.6271353e-06 1.8604872e-07 9.936178e-08 2.6492758e-05 0.0001895843 1.3798042e-07 0.005028498 0.00010437369 0.00046665006 1.1016554e-06 0.00010040209 0.009460358 3.3045992e-06 0.00021397778 2.3050126e-05 9.283626e-08 1.4933093e-05 2.6086417e-08 1.350236e-06 2.2665688e-05 4.6289665e-07 5.555305e-09 3.3072584e-07 4.3211303e-06 4.8467008e-08 1.7641874e-07 0.03726442 3.9416857e-08 6.7959077e-06 1.2622912e-05 2.5237234e-06 1.4264477e-06
