6.5055836e-24 0.9864448 0.9231653 0.8377694 0.9916553 0.97327876 0.9796043 0.8507286 0.9296161 0.935859 0.99099183 0.98793846 0.8763205 0.98579586 0.9854108 0.9263005 0.91437936 0.98564756 0.97148 0.9897024 0.9977491 0.97718257 0.99798447 0.97873586 0.9882231 0.9324235 0.9747528 0.7205148 0.94586706 0.9672202 0.358237 0.9348679 0.88585 0.99071944 0.95752865 0.9844122 0.7125514 0.9277091 0.88601327 0.9218261 0.9711009 0.6110366 0.94846004 0.3615035 0.9399002 0.95985556 0.93880516 0.9563619 0.99879026 0.999191 0.7726838 0.5430658 0.9761509 0.8247683 0.9595482 0.9808769 0.47292927 0.999353 0.25045195 0.27645132 0.2000776 0.86781377 0.99155474 0.2922762 0.9933879 0.015980761 0.9424781 0.98693466 0.99985886 0.9622419 0.047974333 0.99998206 0.99391603 0.0019408626 0.15442692 0.0047608903 0.92380804 0.47276422 0.017729463 0.019369807 0.08001543 0.00946256 0.003787102 0.12069468 0.4093724 0.0070230872 0.7831273 0.9051087 0.9990233 0.061845962 0.00051046803 0.32800218 0.0019456347 0.0027510268 0.99967366 0.41579756 0.0022986708 0.99612933 0.65450037 0.91000235 0.9856048
0.9864448 2.3994073e-14 0.8814176 0.8559553 0.7538358 0.50125414 0.8832442 0.49212307 0.8019199 0.118751064 0.4638832 0.6338118 0.3236778 0.26377463 0.042676225 0.4019109 0.015393698 0.24149343 0.005302867 0.021743743 0.15034637 0.00079306297 0.29121515 0.07260658 0.00038464591 0.08263641 0.007075636 0.0013647999 0.00072244403 0.02969295 0.0009010035 0.26146266 0.001480847 0.011310225 0.37600613 0.018111821 0.027264215 0.013405747 0.09636784 0.00026901867 0.00017974954 0.0004415102 0.00021256604 7.5472075e-05 0.006159569 0.0012663113 0.002495053 0.00034188252 0.041142557 0.1796571 0.17955127 0.09235952 2.8767632e-05 0.0016105624 0.00017961655 0.0019634948 0.023328604 0.101706855 0.014057652 0.02678038 0.001147727 0.005668228 0.0028255251 5.056606e-05 0.0007436986 4.9495725e-06 0.0012427741 0.010177791 0.0013804309 0.0008553102 0.001972971 0.3881255 0.00016146114 7.149921e-05 6.994659e-05 0.00012967274 0.00055570895 4.673635e-05 3.300047e-05 9.815489e-05 0.0015804651 0.0036420256 0.002561084 4.163401e-06 0.0028828876 3.1057043e-06 0.00032556037 2.8899593e-05 0.0026777212 1.8939472e-06 6.169363e-07 2.3923147e-05 1.6365926e-06 7.543026e-05 0.021483833 0.000100277124 3.866263e-07 0.016808465 0.001067188 7.0439775e-08 0.020502714
0.9231653 0.8814176 5.581393e-19 0.95546687 0.77692866 0.9017763 0.3500641 0.13403353 0.75497717 0.097770065 0.043152995 0.39301786 0.8489475 0.30348125 0.038834956 0.08189269 0.047594376 0.26480386 0.0047358777 0.034727994 0.035067145 0.0044204425 0.08703053 0.05986395 0.004491761 0.069425344 0.004126566 0.00038646566 0.0006149266 0.030944673 0.00023997856 0.12762323 0.00048591328 0.011317244 0.19103912 0.013089609 0.03131875 0.023384994 0.037295483 6.3540036e-05 0.00013137983 4.962222e-05 3.2800443e-05 9.518838e-06 0.0097192535 0.0004504027 0.008032857 4.1009494e-06 0.03538774 0.070941 0.08009268 0.013287501 9.9060475e-05 0.00039588084 0.000249177 0.0036129716 0.012833876 0.012057288 0.0028480268 0.015468787 0.00028162845 0.0017366568 0.0055296803 2.8528464e-05 0.0005122864 7.991972e-08 0.000912967 0.0007775195 0.00020916396 0.000943401 0.0001718563 0.058093794 1.0586674e-05 1.9507916e-05 4.2527358e-07 3.5234757e-06 0.00018908955 9.1034345e-09 1.2969271e-07 4.804893e-07 1.1659026e-06 0.0011408019 2.7419079e-05 2.7144097e-07 2.1215037e-05 7.2198425e-08 2.4742501e-05 2.3738978e-06 0.00076171366 6.356534e-08 1.7088508e-09 5.9651927e-07 1.5364485e-08 1.924079e-06 0.020069199 2.1327318e-07 3.054216e-09 0.01308111 9.9246194e-05 1.08646354e-07 0.013189944
0.8377694 0.8559553 0.95546687 4.970331e-20 0.8512954 0.63939995 0.26681808 0.069719374 0.9425426 0.02959854 0.02221739 0.58999413 0.76429653 0.47219273 0.007876955 0.11737861 0.00804252 0.5100643 0.00070260576 0.0067395023 0.032614898 0.00022263521 0.09694946 0.09862532 0.0009110709 0.14643566 0.0009765738 9.15688e-05 0.00012858315 0.039729584 2.5435646e-05 0.046656586 7.08816e-05 0.0037322806 0.08374748 0.028477283 0.012405071 0.0401009 0.016311534 5.409165e-06 1.5891344e-05 4.1186377e-06 2.3636733e-06 4.155297e-06 0.021946281 7.440509e-05 0.01620302 3.2614227e-07 0.055930402 0.07533852 0.11768241 0.022021951 4.284991e-05 0.0010901736 0.00017964584 0.0060267267 0.017810851 0.0031308734 0.007365978 0.008543421 0.0010046944 0.00046085246 0.00831184 5.7480524e-06 0.00019931649 5.9650325e-09 0.0020594925 0.00014314149 5.546386e-05 0.0017718982 2.2100872e-05 0.053899154 0.00027732222 1.5779455e-05 2.760631e-07 1.0092e-06 0.00040805497 7.955559e-07 9.678659e-09 8.244576e-07 1.7573868e-05 0.00065439777 1.274804e-05 2.8923908e-09 9.3317765e-05 4.4360778e-08 4.4861695e-06 2.850755e-05 0.0019207415 1.8781627e-09 7.462733e-08 4.324193e-06 3.876895e-10 6.0539503e-07 0.00872745 1.0749058e-06 1.8089223e-08 0.004421897 2.9624682e-05 2.059794e-09 0.0050932597
0.9916553 0.7538358 0.77692866 0.8512954 6.37042e-15 0.541789 0.5391317 0.03459096 0.91877204 0.0056569763 0.02786591 0.70933765 0.6524526 0.5954626 0.0015213679 0.11833645 0.0003226534 0.5708916 0.00092901755 0.00010122914 0.024358887 4.068923e-06 0.13669947 0.12422294 3.268248e-05 0.123461634 0.00016548521 4.5952747e-05 3.9426992e-05 0.054043792 2.1793532e-05 0.26085225 0.00051090756 0.0004673611 0.6672566 0.08949045 0.05186337 0.018182902 0.20585863 1.3413495e-06 2.7605874e-06 7.835425e-05 1.6843178e-07 1.166193e-06 0.025178572 2.2465872e-05 0.0018538077 3.7515804e-07 0.15181264 0.18106282 0.36517954 0.26825377 4.7810187e-07 0.0010266757 1.0042259e-06 0.0017812734 0.1519694 0.0020438945 0.09744405 0.08223354 0.0012137151 0.00025351238 0.000939641 2.0269463e-06 1.6617059e-06 7.643409e-08 0.00051404134 0.00018673122 5.4259235e-05 0.00049912545 0.002020294 0.48549953 0.00013547829 0.00029327456 3.9988873e-07 0.00014783705 0.00018722695 5.536487e-05 3.709969e-08 8.544863e-06 0.0048685772 0.010041637 0.003319652 1.854407e-08 0.026017921 9.939589e-08 9.287554e-07 1.8321323e-05 0.013099775 3.6453173e-08 5.4851256e-07 2.497519e-05 1.4069077e-08 0.0004991129 0.005779533 8.409158e-05 5.269845e-07 0.0013941677 1.8951396e-06 2.602144e-10 0.0052668233
0.97327876 0.50125414 0.9017763 0.63939995 0.541789 2.9262345e-20 0.27009428 0.058070377 0.37756383 0.07116337 0.06419171 0.16645135 0.9764759 0.116241425 0.18732661 0.013902711 0.077105135 0.22664599 0.06118703 0.08030713 0.028804213 0.024674013 0.13085537 0.039911203 0.029418938 0.024955716 0.011658544 0.005162418 0.007973197 0.012020231 0.0036857685 0.6327311 0.020672543 0.011634864 0.73465604 0.0032423148 0.31523195 0.012055023 0.3951257 0.0009171379 0.0020210517 0.003522992 0.0006214985 0.0006629197 0.006540973 0.0007083156 0.004055285 0.00048529363 0.03022192 0.06968563 0.18810299 0.039301865 0.0007996555 0.000471555 0.0003208002 0.001518088 0.11498642 0.027445575 0.012485219 0.15840375 0.0010348938 0.00051373796 0.0012798033 9.126932e-05 0.0009748963 2.0667676e-05 0.0006621703 0.0007951824 0.00020584598 0.0007738628 0.024482816 0.10826236 4.368886e-06 0.0049096006 2.4982957e-05 0.010531929 0.0005067504 2.454854e-08 3.4527413e-05 2.1350763e-05 8.995197e-05 0.02383879 0.018287381 1.426392e-06 0.02150769 1.1196006e-06 1.4229674e-05 9.216802e-06 0.00022556374 2.4993167e-06 7.1688477e-09 2.1092298e-07 5.734307e-05 0.0029366317 0.02050086 1.4406955e-07 9.254891e-09 0.024865739 8.037861e-05 6.812587e-07 0.01675597
0.9796043 0.8832442 0.3500641 0.26681808 0.5391317 0.27009428 2.2084358e-14 0.87407553 0.3839099 0.23384595 0.659926 0.57110715 0.08428268 0.1601073 0.072650254 0.8863853 0.06552965 0.18024471 0.008212638 0.13234064 0.83298093 0.0056481324 0.65229225 0.3392119 0.008070064 0.1693181 0.04255346 0.0042722016 0.0038446714 0.046290364 0.00088855857 0.39738563 0.0023964022 0.07623032 0.40537935 0.041207112 0.03460534 0.02084998 0.073686905 0.0020782622 0.0030845848 0.00048393142 0.0017232676 0.00045682694 0.00907121 0.007724612 0.006614508 0.00058106397 0.09838771 0.40872052 0.18174037 0.062167507 0.00059119886 0.0028750245 0.0013015005 0.019369297 0.03193516 0.16851713 0.010945255 0.019831847 0.00059959036 0.025058975 0.016377678 0.00062286353 0.002438115 2.131039e-06 0.0031413697 0.023011824 0.0020806864 0.0053538135 0.002751314 0.5694142 0.00015809106 2.3800467e-05 3.7067457e-05 2.3733488e-05 0.0014212179 5.690301e-05 2.2705203e-06 0.00023976126 0.0016209766 0.0030005833 0.0022175063 2.1823234e-05 0.005789344 3.6667032e-05 0.0013097744 0.00012887189 0.011816327 9.394523e-05 1.18608095e-05 4.994183e-05 4.280373e-08 6.150483e-05 0.06344417 0.000102114005 3.2515547e-06 0.04204581 0.008466336 5.949399e-07 0.037252564
0.8507286 0.49212307 0.13403353 0.069719374 0.03459096 0.058070377 0.87407553 2.430373e-18 0.054103337 0.9019505 0.9651624 0.14867054 0.02683167 0.019467698 0.029735157 0.5566447 0.25895745 0.008676214 0.00066209707 0.27765682 0.93967235 0.0028312828 0.5095637 0.20908661 0.017191427 0.041786477 0.14770804 0.00076434796 0.0044141742 0.005683899 0.000114655144 0.010122832 9.008509e-06 0.13476154 0.002140225 0.00046585145 0.0017945973 0.0063671647 0.00060035137 0.0009411634 0.011185 4.4052013e-06 0.0010610449 3.9576396e-05 0.0002477047 0.05997666 0.0014513423 9.3621065e-06 0.024296459 0.3369022 0.0011946275 8.5259824e-05 0.0015764317 2.5989983e-05 0.008677551 0.0033506777 0.00018228528 0.17603381 1.5869036e-05 0.00012563076 2.6260598e-06 0.096511096 0.008313251 0.0018139746 0.010552117 1.099778e-07 0.00059770525 0.030343136 0.0014097679 0.0021150142 5.8592486e-06 0.11781528 5.4838833e-06 1.9117948e-08 1.7974291e-05 3.4169574e-07 0.0005296794 2.1733165e-08 1.8604917e-06 2.1884475e-06 7.703887e-06 6.9417715e-06 1.4765079e-06 8.828558e-06 9.59775e-06 5.956075e-07 0.0037922773 4.4162603e-06 0.0019612124 1.3094558e-05 5.3667637e-08 1.7810957e-07 1.6622788e-07 1.8591171e-08 0.059004977 1.3093809e-07 1.538225e-07 0.03798484 0.01419954 2.9373206e-05 0.030706245
0.9296161 0.8019199 0.75497717 0.9425426 0.91877204 0.37756383 0.3839099 0.054103337 6.238616e-20 0.013045157 0.017346738 0.7898832 0.73484397 0.76162416 0.0018665175 0.38457975 0.0015016529 0.80277234 4.183327e-05 0.00040989672 0.019670816 7.412996e-06 0.114995 0.15299043 3.7212674e-05 0.47313875 0.00032148778 9.803397e-06 1.9529209e-05 0.118353836 2.46607e-06 0.047793407 1.2762406e-05 0.00047799866 0.23518462 0.14918321 0.0071033426 0.12130025 0.021041341 9.532387e-07 1.1318263e-06 1.1581895e-06 7.3822505e-08 1.9467602e-07 0.121997766 2.073559e-05 0.0373547 6.049941e-08 0.14115596 0.16406721 0.4035243 0.16088636 9.4874946e-07 0.0033663528 8.739777e-06 0.010165234 0.051074866 0.0020415226 0.053506974 0.015554675 0.005688172 0.00024343129 0.014590822 4.185831e-06 2.2560073e-06 3.763219e-09 0.0055721733 9.693985e-05 2.7904784e-05 0.0052969353 8.499132e-06 0.14408493 0.0004426074 7.862367e-06 1.09887004e-07 4.0492017e-07 0.00079348363 6.368758e-05 1.1222961e-09 1.5446827e-07 0.00021597464 0.0029092652 7.690175e-06 6.4406136e-10 0.0007272466 6.3574883e-09 1.0919617e-05 5.269478e-05 0.006479978 3.6117427e-09 3.6666256e-07 7.761374e-05 7.010833e-11 4.0968547e-07 0.017068073 2.707396e-05 1.2725471e-07 0.0034263637 6.594827e-06 9.639266e-10 0.002243533
0.935859 0.118751064 0.097770065 0.02959854 0.0056569763 0.07116337 0.23384595 0.9019505 0.013045157 1.0478084e-20 0.9174322 0.02009721 0.01783036 0.0031309435 0.10449468 0.26149717 0.94542485 0.00045139858 0.007891459 0.84000206 0.12110531 0.09046015 0.2483596 0.09105917 0.2256632 0.01392997 0.6841424 0.0040734657 0.040382117 0.0015845838 0.00089501496 0.013768889 7.3741976e-05 0.42313555 0.000992129 3.292003e-05 0.0014398817 0.0011290805 0.0006774748 0.019052332 0.14108169 3.8947925e-05 0.015413331 0.00053422205 8.1625556e-05 0.3716867 0.00027615885 0.00026531305 0.0031983752 0.09990968 0.00023778222 5.0068797e-06 0.009246794 6.2239405e-06 0.02838396 0.00031258716 5.5955457e-05 0.32345957 2.6661676e-06 4.2647458e-05 4.702701e-07 0.23380171 0.0035329696 0.009625467 0.03309627 3.8059902e-06 7.460909e-05 0.05037132 0.00579871 0.0001888104 3.2889526e-05 0.058171466 7.191643e-07 1.9018103e-09 7.527074e-05 2.3467646e-06 5.8071102e-05 2.401927e-09 1.810537e-05 0.00013465558 1.953475e-06 1.4915912e-05 7.730131e-06 0.00030139004 2.557574e-06 6.997161e-05 0.010883148 3.9417927e-07 0.0012509384 0.00020545942 8.0025647e-10 1.3177257e-08 1.8928102e-07 4.0683133e-08 0.056951743 1.7746138e-09 2.7623506e-09 0.07567045 0.026278116 0.00014250146 0.08453869
0.99099183 0.4638832 0.043152995 0.02221739 0.02786591 0.06419171 0.659926 0.9651624 0.017346738 0.9174322 7.823498e-17 0.11151206 0.006967496 0.007864511 0.04323381 0.097699106 0.25018305 0.011596241 0.0018517113 0.55168986 0.38077143 0.008145301 0.7430425 0.2600615 0.056909394 0.008953959 0.37440836 0.0025265855 0.0047086766 0.004776027 0.00032073903 0.019183645 0.00011536688 0.45053452 0.006154306 0.0006046891 0.0052284934 0.002479867 0.008008915 0.0066335825 0.03941034 6.100376e-06 0.005662984 0.00074681273 0.0006488255 0.07409035 0.0008654773 0.00017780029 0.027932836 0.49017802 0.012654481 0.0013666768 0.01244024 6.0241404e-05 0.049114916 0.0047436436 0.00030627323 0.48243907 9.275719e-05 0.00025652908 9.166696e-06 0.06840864 0.002491131 0.0073591047 0.04191353 5.6018996e-07 0.00028150115 0.055446245 0.012738822 0.0005584673 8.3239036e-07 0.40249163 3.6651683e-05 1.9082073e-07 4.6921818e-05 3.8687753e-07 0.0005903338 9.826957e-08 2.3427788e-07 6.0121733e-05 4.6173664e-05 2.705446e-06 7.810987e-06 7.1335273e-07 4.5122274e-06 7.095303e-05 0.008454569 1.5102823e-05 0.004611134 0.00081806706 1.1650779e-08 2.6930456e-08 5.453906e-09 3.8151843e-08 0.045584835 3.0697338e-09 2.3915469e-08 0.29442033 0.048781812 8.58767e-06 0.19972391
0.98793846 0.6338118 0.39301786 0.58999413 0.70933765 0.16645135 0.57110715 0.14867054 0.7898832 0.02009721 0.11151206 3.5825282e-13 0.10326999 0.96585333 0.001448018 0.66698724 0.0015105898 0.5689979 0.00023662108 0.00028328126 0.017277082 1.2009196e-05 0.3708585 0.3923148 7.4163305e-05 0.7104132 0.0018491719 0.00014112215 6.2822895e-05 0.26509887 2.6381473e-05 0.062514395 0.00011170273 0.0010314015 0.31870988 0.11930754 0.009866008 0.2228594 0.054435242 4.357632e-05 0.00016041944 1.0359657e-05 2.1509786e-05 5.005949e-06 0.017487392 0.0007641719 0.05296342 5.73414e-06 0.21826242 0.3785549 0.16444308 0.20516488 2.0014413e-06 0.010280097 1.3795279e-05 0.05827287 0.029180506 0.02545941 0.032294344 0.0214998 0.005677969 0.005375499 0.02482643 0.00010042787 2.5566189e-05 4.446989e-08 0.011559325 0.006105763 5.2631953e-05 0.00869459 2.3168763e-05 0.46422586 0.00043484935 6.288806e-05 9.839092e-06 4.013124e-06 0.0027344904 0.00032574116 7.983559e-09 2.8687933e-05 0.0050684535 0.00064052467 0.00014706198 3.4885648e-08 0.0042509283 2.8967747e-07 0.00014064142 0.00010184868 0.011892736 2.741357e-06 1.4069354e-05 0.00060637476 2.2414144e-09 7.938102e-06 0.08394552 0.0010824489 6.68306e-06 0.0031248673 0.00061214616 7.3316886e-09 0.007294923
0.8763205 0.3236778 0.8489475 0.76429653 0.6524526 0.9764759 0.08428268 0.02683167 0.73484397 0.01783036 0.006967496 0.10326999 1.5945624e-21 0.14954874 0.13054648 0.008238109 0.015543916 0.4053061 0.035078775 0.011334704 0.016463289 0.0016328287 0.012381658 0.0075983535 0.0029293199 0.022934666 0.000541962 0.0010722607 0.0007133007 0.01820057 0.0009773325 0.5082472 0.007596553 0.0003293801 0.8019338 0.00879276 0.17125127 0.023348134 0.27176914 8.078733e-06 1.8473913e-05 0.00037587824 6.960758e-06 5.4698953e-06 0.040169835 8.583838e-06 0.004036394 3.197431e-06 0.022275072 0.016723331 0.4904102 0.09014145 2.2094571e-05 0.0009670514 2.2451051e-05 0.0007553213 0.2979666 0.00087770465 0.01956356 0.34815514 0.0015667502 3.885503e-05 0.0014278849 4.0249968e-05 1.846745e-05 2.408947e-07 0.0006306388 1.189536e-05 5.7549943e-05 0.00057342066 0.008901443 0.05935279 3.41557e-05 0.007216508 3.500531e-07 0.0016128748 0.00023577728 1.2565363e-08 4.0778946e-07 5.2501207e-07 5.668214e-05 0.028186463 0.00532349 6.2182444e-08 0.01253567 1.6779072e-08 1.5821262e-06 8.540699e-06 0.00027545026 6.060922e-09 2.495062e-09 2.0305362e-07 1.4190339e-06 0.00058639725 0.0060186274 2.4263082e-07 3.0527894e-09 0.0039434214 1.5845225e-06 9.3213295e-08 0.0038489855
0.98579586 0.26377463 0.30348125 0.47219273 0.5954626 0.116241425 0.1601073 0.019467698 0.76162416 0.0031309435 0.007864511 0.96585333 0.14954874 2.7248914e-14 0.0004278195 0.14834365 0.00010451563 0.8740099 0.00018044065 1.655151e-05 0.0061776564 8.0343654e-07 0.05366221 0.11828883 2.6349626e-06 0.6223397 0.00012974325 2.0081166e-05 6.516597e-06 0.23511246 1.3236562e-05 0.037630063 2.976929e-05 0.00021438938 0.23591898 0.2509756 0.01286159 0.11503089 0.04379658 5.0266485e-06 6.992244e-07 1.4330901e-05 4.0266661e-07 2.2213179e-07 0.053690866 2.8910206e-05 0.028439458 2.7960508e-07 0.45594087 0.07458973 0.27186465 0.3189484 2.8022372e-08 0.018604482 1.0461324e-06 0.013611384 0.049367964 0.0024349724 0.12283985 0.05395834 0.010007727 0.00043682117 0.00802278 6.0620846e-07 1.0047421e-06 5.9263283e-09 0.007997162 0.0006701525 2.344218e-05 0.0052321297 0.00013716982 0.25972313 0.0005329354 0.00020600918 1.0828787e-06 1.7616674e-05 0.00071467005 0.00079462025 3.70484e-09 7.590621e-06 0.0051254807 0.004045943 0.0015076438 1.6803765e-08 0.006911337 2.8595252e-07 1.070854e-06 5.388815e-05 0.025801456 2.1693933e-09 8.200252e-06 0.0006465305 1.3428385e-09 0.00010206016 0.025901452 0.0003723376 5.549489e-06 0.00061895774 3.817729e-06 6.902469e-11 0.002627682
0.9854108 0.042676225 0.038834956 0.007876955 0.0015213679 0.18732661 0.072650254 0.029735157 0.0018665175 0.10449468 0.04323381 0.001448018 0.13054648 0.0004278195 1.4877733e-17 0.0033909213 0.45935234 0.00025503256 0.9794728 0.28560245 0.009891897 0.4675518 0.009224748 0.0003735567 0.3012488 2.2464288e-05 0.03487326 0.790431 0.55788463 7.44557e-05 0.63291514 0.25496757 0.21413176 0.024547812 0.10083884 2.3713524e-06 0.11798998 2.3033954e-05 0.10844718 0.020443482 0.013650968 0.10376892 0.01197707 0.26759663 6.1169203e-06 0.0026740974 7.7024066e-07 0.051893584 0.00042928365 0.0031937314 0.0035245498 2.2529746e-05 0.002687238 1.0923799e-06 0.0014116798 2.5508166e-06 0.0022695258 0.018037194 5.086525e-05 0.009436606 1.3479698e-07 0.0022870686 3.1989314e-06 0.00081222155 0.0035000425 0.01684004 7.6856765e-07 0.0009893888 0.0007040747 5.59467e-07 0.04524161 0.0058597745 8.457284e-09 1.0229984e-05 0.0043605696 0.006253401 6.0652276e-08 4.674145e-10 0.007455532 0.0017988605 9.3828737e-07 0.0018669154 0.010731262 0.00034110027 0.00024926543 0.00012696857 0.0013498397 2.4555561e-08 1.3674368e-05 0.00021148547 2.1082291e-10 9.537201e-10 0.0027293554 0.00057311833 0.0013433935 8.245955e-10 4.351315e-11 0.023815602 0.003701041 1.2351924e-05 0.053053554
0.9263005 0.4019109 0.08189269 0.11737861 0.11833645 0.013902711 0.8863853 0.5566447 0.38457975 0.26149717 0.097699106 0.66698724 0.008238109 0.14834365 0.0033909213 5.7581485e-19 0.04344525 0.037347186 5.7139892e-05 0.011888126 0.7355068 0.00028801328 0.8905247 0.93147486 0.00083776534 0.7699628 0.016544087 1.6974393e-05 0.00013428317 0.066280104 2.841411e-06 0.0018918064 4.200559e-06 0.018626606 0.0010673146 0.010011846 0.00012087417 0.14713122 2.9021669e-05 0.00052532944 0.00044886008 4.3640614e-07 0.00013575754 8.555548e-07 0.0024909421 0.021715933 0.05344718 1.3773805e-06 0.18620205 0.56139004 0.003301114 0.002015188 0.00012897787 0.0003117925 0.001004521 0.045167267 0.00013450297 0.23038185 0.000623034 9.577111e-05 0.00049782085 0.17823449 0.16899565 0.00013312018 0.0017989023 4.943901e-10 0.030015696 0.06127928 0.0006867078 0.051621098 3.870759e-06 0.4594914 0.00017550426 3.2887694e-08 2.1149635e-06 1.2183234e-07 0.0018181556 1.4523662e-05 2.5695545e-07 2.6789021e-07 6.668029e-06 9.211604e-07 4.570138e-06 1.014344e-06 8.0155314e-07 1.0854377e-08 0.0010352713 8.283016e-06 0.008597734 2.417513e-07 8.11914e-07 8.989572e-05 1.8851297e-08 1.5956468e-08 0.6415638 3.9988376e-05 1.7198303e-06 0.015887791 0.002422898 4.333765e-07 0.014230517
0.91437936 0.015393698 0.047594376 0.00804252 0.0003226534 0.077105135 0.06552965 0.25895745 0.0015016529 0.94542485 0.25018305 0.0015105898 0.015543916 0.00010451563 0.45935234 0.04344525 1.7292948e-16 4.980428e-05 0.03823601 0.9347305 0.007262053 0.74942255 0.07824148 0.0124121895 0.7916568 0.0014633832 0.82478845 0.06486017 0.34645122 5.510718e-05 0.008665746 0.08302129 0.000857031 0.4560245 0.0075572263 4.5696283e-06 0.016250065 0.00019434019 0.011568792 0.29834804 0.6544105 0.0015471472 0.21088958 0.022986364 3.8705948e-05 0.54426765 2.565458e-05 0.02474724 0.0004053048 0.032066356 0.0023769608 9.772346e-05 0.0993314 2.894782e-06 0.06100656 5.4909357e-05 0.0008674051 0.09722187 5.4379107e-05 0.0012819594 1.0545385e-06 0.17798892 0.0006868767 0.1256655 0.043178897 0.0007951069 6.9991904e-05 0.032278292 0.0035314166 5.4044867e-05 0.00022915083 0.015028127 3.553343e-08 1.5160525e-06 0.0032098477 0.00015260644 1.9697259e-06 6.514371e-10 1.2236986e-05 0.009532211 2.568283e-05 0.00102346 0.000268301 0.016670655 0.00016613289 0.007411615 0.03371963 1.7455007e-07 0.00018889309 0.0069844476 1.5367005e-08 3.7661792e-08 7.741107e-08 2.7446731e-05 0.012140015 4.606889e-09 6.5080656e-09 0.053224433 0.042895198 0.004326446 0.055622805
0.98564756 0.24149343 0.26480386 0.5100643 0.5708916 0.22664599 0.18024471 0.008676214 0.80277234 0.00045139858 0.011596241 0.5689979 0.4053061 0.8740099 0.00025503256 0.037347186 4.980428e-05 3.444664e-14 2.1975839e-05 5.7379093e-06 0.0048727435 8.772493e-08 0.07087627 0.09251348 1.1204594e-06 0.2624218 0.00012760075 2.936042e-06 4.3638912e-07 0.44775638 6.3973135e-07 0.09833939 3.0744027e-06 0.00011772814 0.6205401 0.8197889 0.0071914904 0.2633924 0.05132418 1.029114e-07 6.0749784e-07 3.9588284e-07 9.617674e-09 3.4544436e-09 0.615541 3.035578e-06 0.08449748 5.6170304e-08 0.4081469 0.16090168 0.7731405 0.80820775 2.5344853e-08 0.27435333 9.40781e-07 0.04073206 0.35170034 0.0036790748 0.6284851 0.14286059 0.11452341 3.8807073e-05 0.010901524 4.783041e-08 2.5576712e-06 1.3348253e-09 0.009832752 0.00010152702 2.1581454e-05 0.0027689436 2.9206418e-05 0.42884263 0.0013627533 0.0038804982 1.8074573e-07 1.0954234e-05 0.0016803376 0.002510888 1.37670675e-08 1.3499385e-06 0.048364382 0.011022026 0.0017333928 1.5823147e-08 0.2865347 5.4580305e-08 1.9613067e-07 0.00063494884 0.048157815 5.8571614e-09 2.4621633e-05 0.0009672294 1.3617632e-08 0.000677404 0.050064445 0.00016545001 0.00012180384 0.0010481499 1.4793394e-06 1.2360166e-10 0.0023270182
0.97148 0.005302867 0.0047358777 0.00070260576 0.00092901755 0.06118703 0.008212638 0.00066209707 4.183327e-05 0.007891459 0.0018517113 0.00023662108 0.035078775 0.00018044065 0.9794728 5.7139892e-05 0.03823601 2.1975839e-05 1.0101899e-17 0.047343254 0.0076230536 0.10694828 0.0008107148 1.441406e-05 0.05609284 5.1102793e-06 0.001722869 0.8440076 0.20656338 2.2656882e-06 0.8967516 0.35323086 0.7329515 0.0030846258 0.09637278 3.457255e-07 0.304701 4.3687405e-06 0.25925982 0.0037795717 0.00043081585 0.6691367 0.0005122798 0.37294084 1.0636388e-06 4.213159e-05 2.0592186e-07 0.113169044 4.3071028e-05 0.00014107426 0.0021473274 7.152919e-06 0.00019298935 2.0358705e-07 0.000109244975 3.3761825e-07 0.0020973226 0.00049635954 3.4392785e-06 0.01284781 7.456957e-08 1.7783497e-05 5.641971e-07 2.9233588e-05 0.00026803452 0.08742226 2.7064536e-07 1.0256417e-05 0.0007324023 1.8450653e-07 0.23056652 0.0037626023 7.227596e-09 8.197156e-06 0.01653553 0.04985451 5.6155628e-08 3.615987e-10 0.12022993 0.0014837222 9.761318e-07 0.007397647 0.09750578 0.0002636016 5.7396417e-05 0.00010003175 3.647274e-05 2.2635143e-09 2.6858146e-05 4.347386e-06 2.6910904e-11 1.0855717e-09 0.033721548 0.021089485 0.0002745439 8.913039e-11 3.1286323e-12 0.0011424491 1.7252178e-05 4.185318e-07 0.0045369677
0.9897024 0.021743743 0.034727994 0.0067395023 0.00010122914 0.08030713 0.13234064 0.27765682 0.00040989672 0.84000206 0.55168986 0.00028328126 0.011334704 1.655151e-05 0.28560245 0.011888126 0.9347305 5.7379093e-06 0.047343254 1.5356345e-15 0.007702191 0.3712087 0.13912745 0.005122954 0.62146413 2.6568841e-05 0.7934764 0.024889681 0.086652644 1.6255843e-06 0.007899889 0.3268794 0.008723186 0.62435997 0.06640674 5.7023175e-07 0.043526217 1.6908255e-06 0.02857084 0.16507575 0.28981587 0.009482673 0.17762913 0.020472879 1.6683352e-06 0.12972337 7.4538704e-08 0.06185786 0.00022135075 0.01666951 0.004248743 0.0005542201 0.067219004 2.6505444e-07 0.06542474 2.8947932e-06 0.0021310882 0.18381302 6.618381e-05 0.0014912365 1.1989691e-06 0.055825356 1.830447e-05 0.011705436 0.046966113 0.007364489 1.3978974e-06 0.03067813 0.020144273 2.1034257e-06 0.000117474556 0.028123163 3.2451016e-08 4.616695e-06 0.023981227 0.000119728604 2.2201807e-07 7.719547e-09 0.00022124966 0.018790295 6.1232684e-05 0.00042148426 0.00055097486 0.006163997 0.00089782034 0.0030421673 0.005008915 7.301493e-08 0.0005322378 0.00047521354 6.8906374e-09 5.5141025e-09 2.2673266e-06 6.5362897e-06 0.0022249385 1.2271331e-09 8.439622e-09 0.09600095 0.01755381 0.0017553433 0.13065541
0.9977491 0.15034637 0.035067145 0.032614898 0.024358887 0.028804213 0.83298093 0.93967235 0.019670816 0.12110531 0.38077143 0.017277082 0.016463289 0.0061776564 0.009891897 0.7355068 0.007262053 0.0048727435 0.0076230536 0.007702191 2.4185518e-08 0.0014460164 0.88050896 0.062611386 0.0016902372 0.0039726202 0.0045084767 0.0020309964 0.0018465823 0.00022022323 0.0010536861 0.02935836 0.0017736387 0.003319269 0.018563243 0.0010710297 0.011261362 0.00023486008 0.007867631 0.000797239 0.00040056053 0.00041950267 0.00036076276 0.00020701674 0.00057454524 0.00048210358 3.6190144e-05 0.00047598782 0.006166449 0.074780256 0.008584195 0.002550401 5.8282436e-05 8.870659e-05 5.7341542e-05 2.5956644e-05 0.0018243181 0.03361492 0.0014215357 0.005165929 8.973169e-05 0.006196325 3.7469646e-05 0.00018446722 0.00011626582 5.314833e-06 3.0308647e-05 0.004362625 0.00022828269 1.3358431e-05 0.002268115 0.034322597 4.9527046e-07 1.4685182e-05 5.1781786e-05 0.00028945284 1.39933e-06 5.0839813e-06 0.00021846796 3.642383e-05 0.000120530094 0.0006298013 0.0013150105 6.9285474e-05 0.00049479184 2.8965717e-06 7.2468116e-05 7.7155073e-07 0.0006150234 2.653042e-06 1.4270049e-07 6.4115357e-06 0.0006518819 0.00020837196 0.01863381 5.6744793e-06 9.503722e-07 0.0077626663 0.0004797599 1.7772154e-05 0.02005907
0.97718257 0.00079306297 0.0044204425 0.00022263521 4.068923e-06 0.024674013 0.0056481324 0.0028312828 7.412996e-06 0.09046015 0.008145301 1.2009196e-05 0.0016328287 8.0343654e-07 0.4675518 0.00028801328 0.74942255 8.772493e-08 0.10694828 0.3712087 0.0014460164 6.9724114e-19 0.0028239505 3.110558e-05 0.9429376 5.378908e-06 0.071090676 0.34311983 0.9556087 4.6236414e-07 0.05391833 0.08408351 0.0066039474 0.11475388 0.0047203735 3.9963194e-08 0.02997932 3.4164898e-06 0.033913784 0.7254847 0.22934093 0.007661842 0.40147102 0.3158486 2.7872332e-07 0.010448355 1.2343126e-07 0.4989575 1.4101955e-05 0.0004912816 0.0001948838 8.656651e-06 0.04152381 8.1962874e-08 0.017709617 5.7463615e-07 0.00034151934 0.010648625 1.5113904e-05 0.00073106907 1.4475748e-07 0.0043989886 2.7338983e-06 0.029673025 0.010857076 0.01916953 6.6935365e-07 0.0006268101 0.0020364462 2.9466463e-07 0.0045409393 0.0034442337 5.5346496e-09 8.804368e-06 0.06248413 0.0013630992 4.1146127e-08 1.7787505e-10 0.005595442 0.03786963 1.7209214e-06 0.00079540454 0.0010334031 0.03155363 0.00044346528 0.010759064 0.0035916856 1.3061949e-08 2.1800497e-05 0.0034822917 4.757243e-10 1.1896913e-09 0.00063001004 1.1984174e-05 0.0007944145 2.7907894e-09 2.0036944e-10 0.04590945 0.0053709913 0.0003704286 0.062015425
0.99798447 0.29121515 0.08703053 0.09694946 0.13669947 0.13085537 0.65229225 0.5095637 0.114995 0.2483596 0.7430425 0.3708585 0.012381658 0.05366221 0.009224748 0.8905247 0.07824148 0.07087627 0.0008107148 0.13912745 0.88050896 0.0028239505 6.8437404e-18 0.71476096 0.01887637 0.25989985 0.10490871 0.0005013025 0.0013145629 0.052644495 0.000112279144 0.012042791 4.3836746e-05 0.1188219 0.014704417 0.04363873 0.0019908976 0.047486473 0.0075683654 0.00271065 0.005117473 2.103834e-05 0.0018027442 0.00021574531 0.0043245545 0.007732325 0.013840486 0.00036791447 0.07736463 0.75874406 0.026196476 0.021182308 0.0020196093 0.0014390168 0.0028884425 0.010395359 0.0015256322 0.208767 0.0019578412 0.0013947962 0.00029556092 0.039379675 0.015546482 0.00043614456 0.0011558234 1.9082556e-06 0.011952503 0.083805144 0.0031588525 0.007895471 2.077482e-05 0.3313731 0.00032132684 8.141249e-06 7.5851036e-05 3.2429005e-05 0.0014451664 0.00011559826 6.994765e-07 0.00017710374 0.0004473061 9.0385634e-05 0.00010629047 9.135744e-07 7.574391e-05 6.5839995e-06 0.0041207634 5.2646257e-05 0.006915032 0.0001643694 5.242584e-06 0.0008019282 2.9881582e-07 4.261869e-06 0.32920152 0.00031879102 5.090623e-06 0.019187057 0.004092676 1.4810178e-06 0.011402113
0.97873586 0.07260658 0.05986395 0.09862532 0.12422294 0.039911203 0.3392119 0.20908661 0.15299043 0.09105917 0.2600615 0.3923148 0.0075983535 0.11828883 0.0003735567 0.93147486 0.0124121895 0.09251348 1.441406e-05 0.005122954 0.062611386 3.110558e-05 0.71476096 5.997974e-19 0.00094057334 0.74903065 0.010281612 5.3279797e-05 0.0001186206 0.20028731 3.9535335e-06 0.001405225 3.917204e-06 0.016772412 0.0022607122 0.08941097 0.00023611975 0.34661117 0.00044020012 0.0002689145 0.00038170427 2.794298e-06 0.00020044285 3.939322e-06 0.015546468 0.004587363 0.22666134 1.644707e-06 0.8424266 0.87265664 0.023818873 0.033878524 0.00034392066 0.0073813573 0.0005780415 0.11743158 0.00091920793 0.0720898 0.0035098984 0.0009059111 0.0033125114 0.026533488 0.27238998 0.00031689802 0.00017633874 9.4429735e-09 0.20331106 0.045795474 0.00053328567 0.15409942 1.082122e-06 0.49150687 0.0021806175 6.6509133e-06 2.3482871e-06 3.0989258e-06 0.009008875 0.0021644684 2.0995595e-08 2.5865943e-06 0.0005693949 2.5054808e-06 4.4892768e-06 1.1063247e-08 5.0738286e-06 6.0956935e-08 0.0009906758 0.00023328408 0.021014925 3.4669508e-06 3.8511833e-05 0.006957444 8.0661495e-09 1.9691898e-07 0.73922664 0.0030481599 1.7712866e-05 0.004073056 0.0012093408 1.9975834e-08 0.004887355
0.9882231 0.00038464591 0.004491761 0.0009110709 3.268248e-05 0.029418938 0.008070064 0.017191427 3.7212674e-05 0.2256632 0.056909394 7.4163305e-05 0.0029293199 2.6349626e-06 0.3012488 0.00083776534 0.7916568 1.1204594e-06 0.05609284 0.62146413 0.0016902372 0.9429376 0.01887637 0.00094057334 1.0551202e-13 1.7783905e-05 0.39906812 0.09132677 0.5185228 2.6084724e-06 0.02459668 0.18599552 0.015907325 0.4684895 0.027609002 5.487815e-07 0.047488872 7.622089e-06 0.0293751 0.8029557 0.60803866 0.021669323 0.74483895 0.11262197 1.3505554e-06 0.11241873 5.708324e-07 0.42672166 0.00017278596 0.0054243747 0.0020007524 8.248508e-05 0.1870179 1.0304599e-06 0.1754981 2.7268077e-06 0.0028008549 0.052458458 0.000189508 0.0046414905 1.3805723e-06 0.016336948 2.514384e-05 0.15226643 0.13044827 0.039762773 9.145364e-06 0.009385985 0.02718862 4.2076117e-06 0.0020384467 0.020400377 1.7809283e-08 0.00036473275 0.1110234 0.0018671574 2.3747468e-06 1.2607303e-08 0.011988572 0.09628372 0.000496138 0.002305349 0.005694688 0.14160693 0.06348673 0.047846038 0.0062744943 7.1485886e-08 0.00024177795 0.015602203 9.521176e-09 2.1868846e-08 0.00023543304 0.00056182715 0.0020247316 6.7443075e-08 5.43425e-09 0.09466316 0.012061617 0.0013519092 0.13160735
0.9324235 0.08263641 0.069425344 0.14643566 0.123461634 0.024955716 0.1693181 0.041786477 0.47313875 0.01392997 0.008953959 0.7104132 0.022934666 0.6223397 2.2464288e-05 0.7699628 0.0014633832 0.2624218 5.1102793e-06 2.6568841e-05 0.0039726202 5.378908e-06 0.25989985 0.74903065 1.7783905e-05 2.7025293e-19 0.00061933824 9.283692e-07 1.0162083e-05 0.93819606 1.0561423e-07 0.00059377594 1.2609022e-06 0.00021499685 0.0023360648 0.23930204 6.7084904e-05 0.6766108 0.00018964993 3.4784991e-06 1.1651297e-05 1.0441126e-07 1.2916607e-06 1.8023245e-07 0.04658136 0.00018170867 0.4371112 9.0714764e-08 0.9118439 0.58346677 0.034076776 0.050377894 6.353628e-07 0.039337374 2.3725703e-05 0.19251704 0.0020097692 0.017852735 0.010867974 0.0005117075 0.03732449 0.008422277 0.10666824 6.705239e-06 4.9642263e-06 3.41979e-09 0.22606778 0.005621364 1.8321569e-05 0.086378366 4.0619338e-07 0.30119234 0.0039808103 1.5041438e-06 7.9517434e-07 1.1943307e-07 0.018021358 0.0046519795 6.5570583e-07 3.9125166e-07 0.00015185718 2.9237028e-06 8.251828e-07 9.800466e-07 9.720661e-06 5.971594e-08 0.00039721504 0.00073279353 0.0384381 3.6659546e-07 9.702018e-06 0.0076303044 5.7778676e-10 5.0352366e-08 0.51560366 0.0053805346 2.0239659e-06 0.002522417 0.0001746724 8.701602e-08 0.0023534696
0.9747528 0.007075636 0.004126566 0.0009765738 0.00016548521 0.011658544 0.04255346 0.14770804 0.00032148778 0.6841424 0.37440836 0.0018491719 0.000541962 0.00012974325 0.03487326 0.016544087 0.82478845 0.00012760075 0.001722869 0.7934764 0.0045084767 0.071090676 0.10490871 0.010281612 0.39906812 0.00061933824 4.1227547e-14 0.0025984743 0.019416433 0.00013605446 0.0005039871 0.004090353 2.2188304e-05 0.9583878 0.0012857058 1.8993565e-05 0.0010165748 0.00018404832 0.0008590579 0.13326202 0.71423453 6.286383e-05 0.2536791 0.0025188772 6.044152e-06 0.7395473 2.2338798e-05 0.0046932837 0.00043538195 0.04241942 0.0006119258 1.979474e-05 0.31751436 2.8203533e-06 0.3453538 0.0003127568 0.00043360246 0.31022343 8.583756e-06 0.00030242052 5.601253e-07 0.35434887 0.00048107118 0.20254777 0.25906643 4.2744367e-05 5.1430437e-05 0.100513645 0.045807157 0.00016305529 2.2924205e-05 0.027086169 2.5598175e-07 0.00010466824 0.0020894168 6.8566656e-06 5.0250022e-05 2.88954e-09 3.435615e-07 0.003975008 0.0013229754 0.0011531798 0.00013467496 0.008785626 0.0050531183 0.0022929849 0.02684476 4.1987988e-07 0.00033590442 0.007403787 8.484039e-09 8.031975e-09 1.7042622e-08 5.7047787e-06 0.008195304 1.1836169e-08 7.201962e-08 0.12341108 0.043487653 0.0024546927 0.12963319
0.7205148 0.0013647999 0.00038646566 9.15688e-05 4.5952747e-05 0.005162418 0.0042722016 0.00076434796 9.803397e-06 0.0040734657 0.0025265855 0.00014112215 0.0010722607 2.0081166e-05 0.790431 1.6974393e-05 0.06486017 2.936042e-06 0.8440076 0.024889681 0.0020309964 0.34311983 0.0005013025 5.3279797e-05 0.09132677 9.283692e-07 0.0025984743 1.9548795e-18 0.87355053 2.4439312e-06 0.9807627 0.010854063 0.31094676 0.006985377 0.0019891444 7.9427474e-07 0.022587948 7.276562e-07 0.01553013 0.0069256546 0.0004634287 0.42336217 0.0016368083 0.9055175 3.4391454e-07 4.1903742e-05 5.975105e-07 0.56451136 9.5603005e-05 2.910235e-05 3.4754605e-05 5.3254496e-07 0.0009035517 7.759763e-08 0.00076899736 1.7168092e-07 8.595377e-05 0.0016281691 5.739176e-07 0.000439437 2.0815166e-08 0.0001513178 9.829089e-07 2.3769187e-05 0.0011980669 0.49947762 1.8553914e-07 7.759538e-05 0.0014275521 8.1857415e-08 0.024731442 0.001643868 5.5280243e-09 1.7834549e-07 0.06371705 0.004986269 8.775401e-09 9.64804e-10 0.11048528 0.007878074 1.7084777e-07 0.00022559645 0.0061521693 0.0025014773 8.449009e-06 0.00084683055 1.7300501e-05 1.5294188e-09 5.85547e-05 6.904482e-06 1.3142322e-11 2.1353406e-09 0.0075104926 0.0014045691 0.00042781397 1.08795084e-10 5.047561e-13 0.0011656688 2.8905106e-05 1.2051745e-06 0.004432736
0.94586706 0.00072244403 0.0006149266 0.00012858315 3.9426992e-05 0.007973197 0.0038446714 0.0044141742 1.9529209e-05 0.040382117 0.0047086766 6.2822895e-05 0.0007133007 6.516597e-06 0.55788463 0.00013428317 0.34645122 4.3638912e-07 0.20656338 0.086652644 0.0018465823 0.9556087 0.0013145629 0.0001186206 0.5185228 1.0162083e-05 0.019416433 0.87355053 1.0126168e-17 4.1620356e-06 0.5259991 0.0057589062 0.010922591 0.025041118 0.0012555411 7.4660545e-07 0.0103852535 7.319069e-06 0.0051595285 0.47074085 0.06611142 0.014527167 0.27991417 0.9037539 3.556411e-06 0.0060924226 2.2093507e-06 0.9071539 4.7472793e-05 0.00039863342 3.350695e-05 7.0985567e-07 0.02103079 4.1936926e-07 0.009898848 3.829934e-06 0.00012913701 0.010051281 6.5002537e-06 0.00021464675 1.3423022e-07 0.0009255418 5.670963e-06 0.013064623 0.022148116 0.08467021 8.577835e-07 0.0007694793 0.003795901 4.7067837e-07 0.0011148494 0.0012173376 4.9913563e-08 6.5150334e-07 0.15575962 0.0003786941 7.084021e-08 3.0868236e-10 0.00325819 0.06338566 6.6526104e-07 3.0144425e-05 5.6500805e-05 0.061740447 8.4486026e-05 0.023350501 0.001528389 6.7069483e-09 9.873485e-06 0.0020137501 3.1102905e-11 2.5764397e-09 0.00015559512 5.723705e-06 0.0007161246 3.2351732e-10 6.6807263e-12 0.019663025 0.0020162829 0.0002577225 0.048582923
0.9672202 0.02969295 0.030944673 0.039729584 0.054043792 0.012020231 0.046290364 0.005683899 0.118353836 0.0015845838 0.004776027 0.26509887 0.01820057 0.23511246 7.44557e-05 0.066280104 5.510718e-05 0.44775638 2.2656882e-06 1.6255843e-06 0.00022022323 4.6236414e-07 0.052644495 0.20028731 2.6084724e-06 0.93819606 0.00013605446 2.4439312e-06 4.1620356e-06 9.8211736e-14 2.9169007e-07 0.0067003425 6.2966006e-07 0.0002102838 0.062196564 0.7839349 0.0018741641 0.9407174 0.0031405296 7.22689e-06 1.1725278e-05 8.968613e-08 4.264619e-07 4.5582766e-08 0.3245659 4.7334233e-05 0.76213366 8.531785e-08 0.8450583 0.28938276 0.13936417 0.27675566 3.180602e-07 0.43638536 1.909041e-07 0.6249988 0.02160886 0.0059233233 0.10659299 0.0061839367 0.16883788 0.00085942337 0.17107487 2.7949939e-06 8.859224e-08 1.7315067e-08 0.23085202 0.0010419672 6.8442528e-06 0.09102099 1.285986e-06 0.33756366 0.023035994 8.260655e-05 3.2282836e-07 3.8408704e-08 0.029797928 0.10966722 1.7423838e-07 6.5618406e-06 0.02676668 0.00061718794 6.625114e-05 1.5996122e-07 0.007987851 1.4841572e-07 8.199549e-06 0.007933062 0.16896942 1.1304396e-07 0.0017471772 0.035765324 7.885367e-10 1.64017e-05 0.13997445 0.014476115 0.0007301431 0.0005107066 2.614541e-05 2.0101905e-10 0.00084807683
0.358237 0.0009010035 0.00023997856 2.5435646e-05 2.1793532e-05 0.0036857685 0.00088855857 0.000114655144 2.46607e-06 0.00089501496 0.00032073903 2.6381473e-05 0.0009773325 1.3236562e-05 0.63291514 2.841411e-06 0.008665746 6.3973135e-07 0.8967516 0.007899889 0.0010536861 0.05391833 0.000112279144 3.9535335e-06 0.02459668 1.0561423e-07 0.0005039871 0.9807627 0.5259991 2.9169007e-07 1.1131054e-17 0.0075431564 0.7373773 0.0013803599 0.0013421992 1.17817144e-07 0.020079348 2.7826863e-07 0.012155191 0.0015403199 0.000109579705 0.89434695 9.8660545e-05 0.8450591 4.5587115e-08 7.4275385e-06 3.947878e-08 0.2269497 3.6410875e-05 2.5034902e-05 6.5834156e-06 1.6969794e-07 0.00018324984 2.408034e-08 5.046258e-05 1.4813985e-07 4.5542427e-05 0.00071389385 7.055851e-08 0.00068005495 3.6853458e-09 1.7815157e-05 1.8146164e-07 1.1266265e-05 0.000131848 0.7633079 7.711766e-08 7.1590002e-06 0.00059563393 9.278735e-09 0.04300042 0.001574636 8.863546e-09 4.4011777e-08 0.026436305 0.012385082 9.469415e-09 1.3113283e-10 0.16863076 0.0017847602 8.008478e-09 0.00010798181 0.0045501404 0.00015883957 1.1609214e-07 8.669526e-05 2.0002583e-06 1.9393472e-08 5.2227148e-05 8.841735e-08 1.7180197e-11 3.3691652e-10 0.012768781 0.0017810246 0.00017204325 2.515511e-11 6.7257143e-13 0.00049023225 2.0024645e-06 3.207222e-08 0.00213997
