4.7652463e-20 0.9674522 0.94529504 0.9607502 0.9905709 0.8475396 0.9535266 0.87101096 0.9383866 0.95761055 0.9842017 0.9732621 0.9995828 0.904709 0.97085726 0.9899482 0.98762685 0.95920026 0.91468716 0.9594981 0.97692585 0.98568857 0.9957778 0.9698871 0.97909456 0.92709833 0.9551856 0.94829535 0.9401805 0.93508106 0.94457704 0.98194623 0.9800467 0.99732256 0.98180103 0.9225729 0.83786994 0.99308825 0.78661287 0.97152776 0.9516118 0.8931117 0.97513425 0.92234826 0.9405984 0.9624402 0.9829143 0.97156143 0.99053454 0.9506275 0.9731382 0.006636054 0.94591826 0.024401221 0.92354685 0.9854622 0.95496887 0.9680616 0.29141948 0.9959175 0.958927 0.9985232 0.8774535 0.8091655 0.9994458 0.7114753 0.8605993 0.89592403 0.0006610938 0.47886616 0.948503 0.9832716 0.9790278 0.0059307734 0.99803215 0.9998117 0.629261 0.9942962 0.0010736678 0.00030362615 0.9999979 0.20462687 0.34662473 0.009505767 0.8800592 0.09334453 0.9772822 0.0016402632 0.014753615 0.028093046 0.01815986 0.78446436 0.76041996 0.52884674 0.9296774 0.98971367 0.73021 0.452273 0.9975289 0.20073044 0.039498925
0.9674522 1.9493702e-13 0.77198714 0.61201066 0.43673593 0.62863946 0.26190624 0.92642164 0.5162769 0.08766099 0.8631285 0.16296087 0.96223134 0.045289505 0.006501767 0.011909072 0.16619556 0.24602972 0.014871209 0.02167155 0.0008586401 0.10510522 0.40407073 0.023809891 0.6370116 0.019824876 0.30134407 0.10836186 0.085341 0.049425445 0.0015159969 0.0010720618 0.00039057207 0.0021278805 0.05850193 0.00030203373 0.06822763 6.288272e-05 0.60387117 0.00035909028 0.7945595 0.0020587277 0.1666598 6.955732e-05 0.0028270495 0.007799133 0.054036573 7.330123e-05 0.00072429597 7.176992e-06 0.04746199 0.0033750758 2.1844682e-05 0.012805682 0.0004293983 0.19320637 0.00076239393 0.0011489935 0.002186341 0.03727375 0.024279479 0.03224541 4.619866e-06 0.43594122 0.00088521227 9.844686e-06 0.0039301217 5.3947642e-05 0.00013300395 0.115562096 0.0017642053 0.025055325 2.3159826e-06 6.907594e-05 2.4522089e-05 0.0003359677 0.034102134 0.016393837 7.0794995e-05 1.104194e-05 0.01762907 0.036740277 0.0002234906 2.106015e-06 0.00012177875 0.00606973 0.00011175131 0.00025713208 4.592534e-06 0.0046665897 1.1479945e-06 1.5507839e-08 1.2100143e-05 0.00028060618 8.1478237e-07 0.00019669066 3.835364e-05 7.701632e-06 2.0440415e-05 6.867994e-08 0.008704392
0.94529504 0.77198714 5.591996e-15 0.92913157 0.7572577 0.96138483 0.2482958 0.9120769 0.116642855 0.3206702 0.13321865 0.09798893 0.628295 0.69168395 0.10543719 0.020148098 0.022144526 0.009734207 0.021054782 0.00014592658 0.012882968 0.0056159087 0.12763385 0.0010382999 0.13103408 0.15300076 0.02676034 0.0010405179 0.056308687 0.044818927 0.0012012589 8.616033e-05 5.3775108e-05 0.018845774 0.00081133936 2.659178e-05 0.5057661 0.0015391547 0.51009506 6.114562e-05 0.5801927 0.00044483703 0.3509723 0.00011680774 0.0005135406 0.0026777799 0.09293592 5.3735886e-05 0.00416994 9.3036255e-07 0.1302458 0.015162767 3.3469422e-07 0.1698206 0.0002025505 0.013246589 0.00010892643 2.398056e-06 0.043415632 0.12903129 0.00015044912 0.012820859 7.985176e-08 0.14033704 0.00031035164 1.3796193e-08 0.008369304 3.1746076e-05 0.0030712013 0.046712518 2.0268546e-05 0.025795706 2.5317677e-06 0.013175375 2.0201276e-05 0.0011787729 0.0012877994 0.050105724 0.0010646161 9.014916e-05 0.11591618 0.002757875 2.4155463e-06 9.115902e-05 0.00021568606 0.00017961106 3.7552247e-05 0.009498265 0.0001889639 0.0008771624 5.3395535e-08 6.8091897e-09 2.1759258e-06 0.00030081888 1.6336361e-06 0.00011404337 0.000103735816 2.8881574e-05 6.7768255e-05 2.1473382e-07 0.00034817716
0.9607502 0.61201066 0.92913157 3.1034977e-16 0.93345696 0.86191565 0.5314589 0.6901578 0.3511938 0.8869323 0.12566826 0.19829513 0.4499296 0.8974033 0.34502414 0.05728043 0.05156677 0.002255803 0.08903118 5.1887324e-05 0.09111284 0.0010909168 0.06144251 0.000354031 0.030950878 0.19999556 0.005149051 5.2832605e-05 0.060731765 0.07564176 0.0058439556 2.8077202e-05 2.3069908e-06 0.122185394 6.780743e-05 3.8089534e-06 0.29007864 0.005513749 0.12087031 3.0883628e-05 0.08378229 0.000106826934 0.48062482 0.00066948426 0.00089308125 0.0052374844 0.11899545 0.0008528174 0.03311781 3.78413e-08 0.19699484 0.0016007774 9.103747e-09 0.06522294 5.3231895e-05 0.00025186694 5.675532e-05 2.698279e-07 0.040500164 0.22226894 5.7189086e-06 0.013733303 6.9972668e-09 0.00735682 0.00013689994 2.738099e-10 0.03064554 0.00013141178 0.00047409075 0.0012040648 3.1859872e-07 0.08442952 8.071718e-06 0.00446005 7.288459e-05 0.0029187847 3.5388806e-05 0.13340199 0.0009820181 0.0001698614 0.14061451 8.4219755e-05 3.79749e-07 0.00011295781 0.00027341594 1.0785249e-05 0.00019037568 0.0011865065 0.00016674814 3.0720884e-07 1.7470086e-08 4.030174e-09 1.8774625e-07 0.00021915659 1.9073848e-05 0.0005742892 0.00026461208 4.5689332e-05 8.645384e-05 2.967065e-09 3.0386686e-06
0.9905709 0.43673593 0.7572577 0.93345696 4.4060553e-13 0.5632226 0.42511562 0.32562068 0.1271322 0.8472964 0.014700147 0.1689106 0.12576038 0.9388306 0.26424164 0.03371385 0.027625859 0.0004977294 0.06055146 1.300311e-06 0.09877444 0.0001499814 0.0103325145 0.000106791376 0.030508587 0.63127446 0.004852543 0.0001659549 0.017992731 0.017331187 0.001161735 1.3505979e-06 1.9199822e-06 0.028880185 0.0013627496 1.0670109e-06 0.83738166 0.0031014408 0.39117822 5.926586e-06 0.46514815 8.156213e-05 0.27006596 0.00024554206 0.0002263358 0.00058046443 0.06320286 0.00022091612 0.016719392 2.2062531e-08 0.15367465 0.005321556 3.0798404e-08 0.21361583 6.268585e-05 0.0041328296 3.6639485e-05 4.078151e-07 0.3329937 0.20430793 5.0911498e-05 0.008634584 2.331068e-08 0.10378528 8.239943e-06 7.746938e-09 0.019556597 0.00013158697 0.0038248608 0.034780756 5.572211e-05 0.02713853 4.4514258e-07 0.030821802 5.6106146e-05 0.004819418 0.0021443139 0.10092642 0.002129071 0.00068802934 0.12712742 0.0024697809 4.1886387e-06 0.0021221524 0.00050051307 0.0002190308 0.000582321 0.004774556 0.0004019918 0.0005479009 8.841263e-08 1.4542016e-10 2.0306245e-06 0.0016930185 8.665187e-05 0.0007098165 0.00072322163 0.00022615802 2.334127e-06 7.00352e-08 0.00037140294
0.8475396 0.62863946 0.96138483 0.86191565 0.5632226 1.2781543e-14 0.071685374 0.9817574 0.0420476 0.17353901 0.062425938 0.032700334 0.54753685 0.46119025 0.015851522 0.0049929996 0.004613131 0.009247064 0.009271762 0.00028945119 0.0017364445 0.009030935 0.029478233 0.0018353221 0.07895264 0.02137321 0.007766261 0.0021566467 0.006954353 0.0059461496 0.0010815475 7.9208716e-05 6.970533e-05 0.0031425175 0.0008895019 4.5880843e-05 0.108949915 0.0004479467 0.25328246 0.000109231536 0.27434745 0.00011834615 0.047489643 0.00023512766 0.00023750258 0.0009186199 0.012221143 3.528094e-05 0.00027305787 3.186779e-06 0.019132063 0.0168528 2.5136598e-07 0.05441505 6.8233945e-05 0.0033327546 0.000102040016 1.6263153e-05 0.0047083963 0.016660977 0.00014349344 0.0015567705 1.51709e-07 0.02936829 0.00020036317 8.4345535e-09 0.0031719978 2.8795985e-05 0.0010405323 0.015217512 2.2264336e-05 0.005701959 8.01984e-06 0.0014195816 1.4185192e-05 0.00025527854 0.00096866855 0.0053331847 0.0005860104 0.0001322433 0.026538938 0.0027408334 1.2010616e-05 1.5555008e-05 0.00034364098 6.7241075e-05 4.0560277e-05 0.007788137 3.485328e-05 0.00020645071 5.9290306e-07 1.3503777e-08 1.8789298e-05 7.703545e-05 3.9935327e-07 8.288962e-05 4.8513975e-05 1.35975e-05 0.00010416874 7.4478024e-08 0.000117426294
0.9535266 0.26190624 0.2482958 0.5314589 0.42511562 0.071685374 5.1959506e-17 0.12173259 0.9479852 0.93868095 0.12751336 0.9615776 0.10484056 0.11329444 0.62134814 0.6167406 0.31603804 0.0016749083 0.5439335 0.00012228791 0.19344985 6.570217e-05 0.018076895 4.0520412e-05 0.0005449242 0.023773177 0.000105650746 7.062489e-06 0.0888174 0.1111619 0.09186699 7.371456e-05 2.3184664e-06 0.18972379 1.43739635e-05 9.967911e-07 0.0058803107 0.06207772 0.0012473747 9.186619e-05 0.0001691887 0.0007329344 0.45442882 0.016856398 0.005174849 0.012599323 0.119333096 0.005478424 0.07271472 3.5045662e-07 0.28955755 2.6978722e-07 3.3006762e-07 0.00020613043 0.00048207192 8.151878e-06 0.0002753103 1.02972265e-07 0.0011201 0.17939915 1.4980184e-06 0.012255557 7.52205e-09 1.6935988e-05 0.0007168636 3.7075315e-10 0.012608608 0.002499703 1.2737898e-06 4.6702644e-06 5.6889496e-07 0.13740037 0.00015083213 1.24180315e-05 0.002967947 0.0036563673 4.556269e-06 0.11424994 0.00010684099 5.6810073e-05 0.0474966 6.284783e-07 1.2018293e-07 2.3137958e-05 0.0021577268 7.1763174e-07 0.0031513693 1.7286862e-05 4.356149e-05 7.75963e-08 1.09294565e-08 2.8580732e-08 2.7594137e-06 0.0011500486 0.000114066424 0.0022561902 0.00027224325 0.0019588862 9.107908e-05 4.809147e-09 3.2032478e-06
0.87101096 0.92642164 0.9120769 0.6901578 0.32562068 0.9817574 0.12173259 1.1698036e-18 0.18008897 0.1217178 0.50355756 0.037587605 0.6055631 0.42531583 0.022080168 0.003259349 0.012371129 0.11734155 0.020996 0.0024775113 0.0018689532 0.2321136 0.10315653 0.07136238 0.7646662 0.023916697 0.16954482 0.047145136 0.023660235 0.012043807 0.0013558001 0.0008189827 0.004753264 0.00066097506 0.016362846 0.00593866 0.062025793 6.9829555e-05 0.64139485 0.0008355965 0.675119 0.00078414235 0.06834754 5.4752374e-05 0.0010577274 0.0014269357 0.012818335 7.548175e-06 0.00017813957 1.5785778e-05 0.02704092 0.33366805 1.8774343e-05 0.052434765 0.00032826184 0.107495494 0.00020333625 0.00044504792 0.0013708527 0.015402721 0.007575171 0.0061559873 4.3233767e-06 0.32893145 8.9889545e-05 6.0776973e-05 0.0013517024 3.038541e-06 0.0018352977 0.22650886 0.00025462185 0.020307988 0.00037879922 0.0007888641 8.497805e-07 0.00027489234 0.011292005 0.01486723 8.9997025e-05 1.2896342e-05 0.015503908 0.0042126733 0.000463373 2.414498e-06 0.00015860131 0.0026742797 4.0433522e-05 0.02292887 1.1768492e-06 0.00068853114 2.8470762e-07 1.5747943e-07 0.00016243354 1.0210367e-06 1.9986285e-07 6.9267175e-05 8.877692e-07 5.76497e-07 0.00044024736 3.655148e-08 0.00026004648
0.9383866 0.5162769 0.116642855 0.3511938 0.1271322 0.0420476 0.9479852 0.18008897 4.540071e-16 0.41064358 0.7609398 0.91882074 0.8605203 0.014569671 0.11594554 0.29567984 0.94143987 0.03920986 0.17677732 0.0014574862 0.019727739 0.0008353957 0.40718234 0.00033061093 0.0018533871 0.005076918 0.0008345668 4.3312983e-05 0.48260885 0.48470566 0.19211404 0.0070245108 2.9286382e-05 0.1056146 0.000115959534 4.529786e-05 0.0010306468 0.010997142 0.0028800764 0.0013069097 0.00029172638 0.017052649 0.47244436 0.02008509 0.054229908 0.09476726 0.24186498 0.006322551 0.034573797 5.7409966e-06 0.29096255 1.313601e-07 8.143013e-06 1.1347872e-05 0.0064135757 3.5744037e-05 0.0062916465 2.2860445e-06 6.0557344e-05 0.21116258 2.5961052e-05 0.07646265 7.50772e-08 0.00011188119 0.013221058 7.051196e-08 0.0039593014 0.0034958175 4.948352e-07 3.6577097e-05 3.4715163e-06 0.12594636 0.00038714494 7.1363074e-06 0.0058412175 0.0018928287 3.2492993e-05 0.084703766 1.5566688e-05 1.40088505e-05 0.047125474 8.209532e-06 2.515895e-07 7.5922285e-06 0.00055956765 1.6144483e-06 0.0015989519 1.7364737e-05 1.3604517e-05 6.679495e-07 6.324896e-08 1.460575e-07 9.359825e-05 0.000491339 0.00012854405 0.0024845377 0.00016171079 0.00025322556 0.00032390605 6.8808133e-09 1.2609991e-05
0.95761055 0.08766099 0.3206702 0.8869323 0.8472964 0.17353901 0.93868095 0.1217178 0.41064358 5.1064286e-16 0.012238089 0.6048551 0.010470559 0.8296097 0.9150167 0.46599862 0.07267717 0.00020009698 0.77600783 1.3751671e-05 0.46654412 1.9711324e-05 0.0026622529 6.0744196e-06 0.00031198768 0.73863864 0.0001053238 5.7469506e-06 0.024240322 0.03667472 0.038546234 5.9015383e-06 2.0411251e-07 0.10036827 2.826525e-06 1.1512841e-07 0.064579375 0.057846535 0.0024050658 6.840442e-06 0.001063294 0.000106778236 0.27793315 0.005335319 0.0008756417 0.0013884497 0.056986775 0.0027179252 0.056797575 3.761728e-08 0.1528773 4.1934786e-06 1.24802595e-08 0.0052099302 5.462913e-05 6.983189e-05 6.5878965e-05 3.2903877e-08 0.029487243 0.11626901 2.589924e-06 0.002201511 2.2470348e-09 7.781444e-05 5.9329905e-05 2.2817522e-11 0.10827463 0.0028550418 5.1770523e-05 8.502057e-06 1.7928836e-07 0.08895278 8.870232e-06 0.00024885 0.0010232731 0.0051273894 6.694271e-05 0.10506193 0.002388541 0.0008905306 0.026726343 1.3218403e-06 4.401831e-07 0.0007019213 0.003707736 2.7513518e-06 0.0013654041 8.100736e-06 0.00059490366 4.5922555e-09 1.249645e-09 3.513223e-09 5.7988865e-07 0.0015776363 0.0004668381 0.0028004395 0.00084002333 0.0012595905 1.2348296e-05 1.9315458e-09 9.604723e-07
0.9842017 0.8631285 0.13321865 0.12566826 0.014700147 0.062425938 0.12751336 0.50355756 0.7609398 0.012238089 2.6075108e-13 0.11471068 0.4350628 0.00077899604 0.001835521 0.006149946 0.3818457 0.91257346 0.004691196 0.19712676 0.00018842852 0.31505057 0.9052837 0.12832971 0.10747784 2.8763654e-05 0.03780547 0.05625282 0.54589146 0.39797348 0.008063397 0.2626048 0.042696998 0.019569093 0.007913507 0.042375505 0.00012456968 0.00019266111 0.010219116 0.30742472 0.010683897 0.3207671 0.39360863 0.0025698708 0.33497915 0.31828234 0.42720792 0.002495124 0.023114968 0.004623715 0.25551283 4.5078785e-08 0.0091648 6.197181e-06 0.12473528 0.002563349 0.124267906 0.0046473057 3.159408e-06 0.38602057 0.0014786582 0.3472487 0.0014094259 0.01476739 0.094807774 0.0014748992 0.0006503472 0.0009566631 1.3047948e-07 0.00045867462 0.00027797386 0.13451168 0.005971446 5.816707e-08 0.00060648145 0.0025539158 0.0008039226 0.14151515 1.4051807e-06 6.952335e-07 0.11978872 0.00027240737 9.443073e-05 2.1456461e-08 3.6530768e-05 4.6729798e-05 4.923817e-05 2.0458463e-06 3.392588e-07 2.3027483e-06 1.599391e-05 2.4377872e-05 0.0037326005 4.0791195e-07 9.507534e-06 0.0006125608 5.929593e-06 2.0008522e-07 0.0040040817 2.0983156e-05 0.00017760135
0.9732621 0.16296087 0.09798893 0.19829513 0.1689106 0.032700334 0.9615776 0.037587605 0.91882074 0.6048551 0.11471068 1.2713567e-17 0.021505963 0.0331129 0.5490697 0.9214174 0.7985546 0.0009692794 0.48305973 4.4943852e-05 0.16740361 6.614294e-05 0.023622978 4.279033e-05 0.00036465953 0.031523645 0.0005317801 9.6677695e-06 0.2593049 0.42390108 0.39958042 0.0002197275 5.155967e-06 0.39735043 2.3412733e-05 1.7064662e-06 0.006815987 0.17169598 0.0027489106 0.00013696903 0.00057099474 0.0010615311 0.65417063 0.057849746 0.0073771244 0.008392071 0.13324295 0.022136308 0.14892964 5.0570395e-07 0.44151706 6.694721e-08 4.1827485e-07 0.00011114782 0.0010007784 8.2081315e-06 0.0012106602 1.338904e-07 0.002484534 0.2560059 2.847998e-06 0.009560242 2.998808e-08 0.00015271302 0.0022526279 9.602876e-10 0.028198326 0.013718989 2.9933365e-06 2.4709965e-05 5.88554e-07 0.28762698 1.9347688e-05 2.3204673e-05 0.013342554 0.007566223 1.3288633e-05 0.22018197 0.00024773518 5.827766e-05 0.05084805 1.064808e-06 7.227241e-08 3.705664e-05 0.0043225856 1.1802907e-06 0.0070855287 1.745877e-05 0.00030588906 2.872304e-08 1.2710157e-08 2.2232092e-08 1.8319724e-06 0.0036651478 0.00047363702 0.010091679 0.0008428307 0.0015383973 3.143106e-05 2.7490894e-09 2.1913402e-06
0.9995828 0.96223134 0.628295 0.4499296 0.12576038 0.54753685 0.10484056 0.6055631 0.8605203 0.010470559 0.4350628 0.021505963 1.8623449e-10 0.03559147 0.0014461144 0.0016766967 0.024657166 0.0046638623 0.0006723075 0.00015930166 0.00044501634 0.0021693765 0.036867365 0.0008986564 0.01563782 0.0032738696 0.0074751503 0.0020176978 0.082567826 0.08488191 0.00024579675 3.504389e-05 1.3467452e-05 0.0016975882 0.0014372339 1.3271284e-05 0.12390692 3.5621528e-05 0.471212 8.6294585e-06 0.13501526 0.00015883018 0.21370736 1.2368591e-05 0.0010119097 0.0045288173 0.10008857 5.118588e-05 0.001347191 4.8559828e-06 0.06494969 0.0008460931 5.7754e-06 0.016812826 1.3178433e-05 0.0030956846 4.4546363e-05 4.0602845e-05 0.004182105 0.06776122 0.0003742866 0.023130812 2.9010928e-07 0.017734712 3.8946182e-05 9.782299e-08 0.00052699354 3.3213462e-05 3.4165765e-05 0.012654512 2.0974114e-05 0.009636979 1.3038738e-06 0.00208468 2.0193282e-05 0.0007171559 0.002392955 0.027747562 2.6502312e-05 1.3023633e-05 0.037105437 0.011113903 3.110312e-05 0.00016290513 1.8486093e-05 0.00018646414 2.1252165e-06 0.0018818001 1.5226815e-06 0.011490729 1.8805645e-07 7.2563644e-10 9.938997e-07 2.5628233e-06 4.36059e-06 8.943272e-06 2.9764078e-06 7.658079e-07 1.0552281e-07 1.2075548e-06 0.004808187
0.904709 0.045289505 0.69168395 0.8974033 0.9388306 0.46119025 0.11329444 0.42531583 0.014569671 0.8296097 0.00077899604 0.0331129 0.03559147 6.3620867e-16 0.35094407 0.010308125 0.004245045 8.077054e-06 0.0585301 1.7388413e-07 0.13464725 5.5547093e-06 0.00032231817 2.0043349e-06 0.00050691236 0.96434456 4.9949926e-05 8.168146e-07 0.0014170508 0.00158064 0.0005535453 5.0800647e-08 5.0154982e-09 0.008884409 4.1377275e-06 2.1848032e-09 0.87731224 0.002664014 0.029058622 2.1772303e-07 0.00861104 8.4798825e-07 0.052615285 5.255386e-05 2.5614561e-05 7.653786e-05 0.002998435 7.983551e-05 0.0052752006 6.291549e-10 0.036865894 0.00092420285 1.5046839e-11 0.2574873 3.028045e-07 2.0011465e-05 9.145142e-07 1.1201644e-08 0.38317987 0.023837972 4.0291252e-07 7.714073e-05 2.5008254e-10 0.0012426064 1.688137e-07 1.8452507e-12 0.07076075 2.4305442e-05 0.0085655125 6.4935404e-05 1.508677e-07 0.009279494 3.1316105e-07 0.048254788 5.8377473e-06 0.0010679669 2.8340878e-06 0.015655188 0.044335082 0.008229965 0.008505992 1.2281582e-06 1.1210773e-06 0.0052097016 0.00050774426 1.5638496e-07 9.4803494e-05 0.0015364576 0.0017149792 1.32252485e-08 5.14907e-09 1.4949185e-10 7.002504e-08 0.00013264242 6.8047143e-06 0.0003190611 8.6735534e-05 1.2532305e-05 7.5166287e-07 2.713906e-10 1.7236454e-07
0.97085726 0.006501767 0.10543719 0.34502414 0.26424164 0.015851522 0.62134814 0.022080168 0.11594554 0.9150167 0.001835521 0.5490697 0.0014461144 0.35094407 2.1710344e-15 0.76157033 0.058674492 3.0471992e-05 0.96455336 5.790155e-07 0.85195607 1.12169e-06 0.00043632154 2.0663529e-06 0.0003454556 0.81810886 6.4674416e-05 6.797515e-06 0.0043599256 0.011762427 0.01628191 3.1283304e-07 4.4747267e-08 0.21171305 2.2087283e-05 6.90377e-08 0.39252385 0.39830583 0.005407694 1.6973986e-07 0.0019862268 1.9093906e-05 0.2920425 0.0015127407 1.0335202e-05 0.0001824719 0.015591107 0.0016482794 0.08643568 1.4585699e-08 0.21038291 3.2099437e-05 5.9393868e-09 0.004759667 2.3409608e-05 7.650568e-05 3.0537487e-06 7.7657415e-07 0.318172 0.15286796 2.0599158e-05 0.0018672572 1.0074412e-08 0.00019513282 9.130228e-06 1.430366e-09 0.39844546 0.00057115895 0.00021951763 0.000215904 5.906313e-06 0.06644538 2.0137549e-07 0.0005603567 0.00058652705 0.010244457 8.8910194e-05 0.12001954 0.003856312 0.001463615 0.029752757 2.908487e-05 8.22508e-06 0.010520435 0.0051700566 1.1618441e-05 0.0009920654 5.8678797e-05 0.01794961 5.687756e-07 6.2277735e-07 3.1487581e-09 3.1010887e-07 0.016159857 0.0002847648 0.0033048042 0.0023374541 0.00056832406 7.3287526e-07 4.7231353e-08 2.2957875e-05
0.9899482 0.011909072 0.020148098 0.05728043 0.03371385 0.0049929996 0.6167406 0.003259349 0.29567984 0.46599862 0.006149946 0.9214174 0.0016766967 0.010308125 0.76157033 2.6265007e-15 0.63883346 5.418193e-05 0.88026655 1.0954157e-06 0.48613682 1.4062746e-06 0.0017941026 1.1083439e-06 1.0512355e-05 0.013112836 7.8939425e-05 6.813133e-07 0.047185786 0.08819157 0.7887951 7.4431164e-06 1.0020489e-07 0.6874749 1.1548829e-06 1.8981439e-08 0.0020583372 0.6663088 0.00021022625 1.1810659e-05 2.8856355e-05 0.00027415354 0.5322299 0.12534437 0.0019083477 0.0020603708 0.050225593 0.05301751 0.24189185 5.0407717e-08 0.36953208 1.8439106e-08 4.449371e-09 8.234816e-07 0.00029164043 2.582169e-05 0.00024089393 3.041034e-08 0.00037486354 0.2047216 1.8852901e-06 0.0040168846 1.4188992e-09 4.440709e-06 0.00021633478 2.3748744e-11 0.050337214 0.03726922 2.6173774e-07 3.0728754e-06 5.6259915e-07 0.2981182 2.5928292e-05 1.1390271e-06 0.026942639 0.020013861 2.5447654e-05 0.26717544 0.00019466424 7.2860414e-05 0.053516865 4.519911e-06 7.8192556e-07 5.5678123e-05 0.017199272 9.019108e-06 0.025821993 1.793951e-05 0.0007792056 6.832468e-08 1.6805058e-07 1.6045371e-08 3.1499103e-06 0.0060570086 0.0043768687 0.021626202 0.005126204 0.0026810444 9.393694e-06 4.339981e-09 2.0518264e-05
0.98762685 0.16619556 0.022144526 0.05156677 0.027625859 0.004613131 0.31603804 0.012371129 0.94143987 0.07267717 0.3818457 0.7985546 0.024657166 0.004245045 0.058674492 0.63883346 1.8686798e-16 0.010505025 0.13472931 0.0005201798 0.042993225 6.9592876e-05 0.18343726 1.1178164e-05 4.682348e-05 0.0018402586 0.0002380502 1.2293177e-05 0.3753567 0.51622236 0.7414117 0.0009931064 5.3721715e-06 0.23461807 2.457036e-05 3.286656e-06 0.00033847097 0.05398142 0.00014742468 0.00020250394 8.402313e-05 0.0091275675 0.90128934 0.16278309 0.017428081 0.031530146 0.33937362 0.039528083 0.12419333 3.867036e-06 0.71618587 1.3092361e-07 2.1998958e-06 1.533747e-07 0.0024043524 0.00010058995 0.004346802 4.0021493e-07 1.5451706e-05 0.52542937 7.1470413e-06 0.03276437 4.1269136e-08 0.00012189517 0.006749034 1.2298635e-08 0.00514804 0.05737858 2.1309526e-07 9.76555e-06 3.3433918e-07 0.33258736 4.8645456e-05 1.238693e-06 0.058204733 0.017436085 3.8223723e-05 0.3116692 1.3443571e-05 1.0061705e-05 0.12939765 9.367099e-06 2.3685779e-07 2.4937788e-06 0.004253361 1.428895e-07 0.020884048 6.1430204e-05 8.033312e-06 2.5007532e-07 1.115241e-06 6.1978986e-09 1.1785468e-05 0.0013010114 0.00094907114 0.017565062 0.0012049562 0.0009170855 1.3170442e-05 1.8271261e-09 2.359834e-05
0.95920026 0.24602972 0.009734207 0.002255803 0.0004977294 0.009247064 0.0016749083 0.11734155 0.03920986 0.00020009698 0.91257346 0.0009692794 0.0046638623 8.077054e-06 3.0471992e-05 5.418193e-05 0.010505025 1.2819226e-20 4.795469e-06 0.9930955 1.4026435e-06 0.24489601 0.64048636 0.2581343 0.006220974 3.1691281e-06 0.019303093 0.042753257 0.30164966 0.17490187 7.5258395e-05 0.25485432 0.351142 3.2096163e-05 0.019788034 0.28678992 3.2418045e-06 4.826795e-07 0.00018398953 0.2939244 0.00075619953 0.075565904 0.07740867 6.9394715e-05 0.28708556 0.14282691 0.31426054 0.00010137182 0.0016061992 0.045807697 0.04746078 3.51944e-09 0.05230843 6.191341e-09 0.06828248 0.0008663592 0.029115943 0.015020355 2.1490572e-09 0.15945446 0.0031924231 0.34869486 0.026337307 0.00044089928 0.01793474 0.021447778 6.5297325e-05 3.8370395e-05 1.5395103e-09 3.2859745e-05 0.0013738688 0.041631397 0.004340152 9.038761e-09 4.473157e-06 0.002937472 0.00012886686 0.06982166 1.4169337e-08 2.5316987e-07 0.17743687 2.8408126e-06 0.00032949162 1.1055911e-07 1.6610626e-08 0.00022706742 9.638334e-07 5.8548744e-06 5.1398635e-10 3.2795376e-07 0.00010736713 0.0001254184 0.0027685554 1.2341625e-10 1.9876447e-08 2.133696e-05 1.01388785e-07 1.1359997e-09 0.0008565628 0.0013045449 2.0417521e-05
0.91468716 0.014871209 0.021054782 0.08903118 0.06055146 0.009271762 0.5439335 0.020996 0.17677732 0.77600783 0.004691196 0.48305973 0.0006723075 0.0585301 0.96455336 0.88026655 0.13472931 4.795469e-06 2.2096575e-18 4.4188422e-08 0.9523453 2.0253037e-06 0.0009124565 1.4865371e-07 1.0577461e-05 0.26034558 1.9850554e-06 5.6641742e-08 0.02087814 0.043287966 0.4171071 1.2693503e-06 9.879215e-09 0.36153615 9.516859e-08 2.4319282e-09 0.0014651001 0.7957257 8.444246e-05 1.143809e-06 1.7714899e-06 2.2943956e-05 0.21410818 0.071534626 0.00084923906 0.0024789071 0.025618136 0.023937326 0.11491226 2.5034694e-10 0.14631268 2.857407e-09 1.9781904e-11 1.5569292e-06 2.2283304e-05 4.551518e-06 6.0139744e-05 6.2409953e-09 0.001166609 0.07197408 2.718656e-07 0.0022845585 1.6826358e-10 6.556139e-07 4.72153e-05 1.7672578e-12 0.5112033 0.018305264 1.470675e-07 8.645438e-08 1.9938872e-08 0.1264144 9.61353e-07 3.3564374e-06 0.02694284 0.011657042 1.1756724e-06 0.1239936 0.00018582646 0.0002561775 0.01622836 1.8619835e-07 1.1149421e-08 0.0002840894 0.081711546 2.43786e-08 0.13516511 7.240528e-08 0.0042565623 7.2113565e-10 1.2599141e-10 2.9401856e-10 7.742802e-09 0.032493316 0.038169403 0.062558815 0.021051113 0.011065591 1.4151202e-06 1.941451e-10 6.2488965e-08
0.9594981 0.02167155 0.00014592658 5.1887324e-05 1.300311e-06 0.00028945119 0.00012228791 0.0024775113 0.0014574862 1.3751671e-05 0.19712676 4.4943852e-05 0.00015930166 1.7388413e-07 5.790155e-07 1.0954157e-06 0.0005201798 0.9930955 4.4188422e-08 3.3055527e-20 5.651545e-09 0.1596046 0.6981359 0.2227159 0.004812352 5.8646208e-08 0.007911016 0.027247598 0.14844581 0.116578825 1.7429747e-06 0.86261857 0.6345982 1.3756581e-06 0.006563653 0.3935024 3.482608e-08 2.8943074e-08 3.8237663e-06 0.6691032 0.00030528495 0.3289862 0.014666359 1.2878797e-06 0.18298905 0.24240032 0.2233268 8.860171e-06 3.9197213e-05 0.31424707 0.015988825 4.790825e-10 0.19458595 2.7985183e-13 0.12571679 0.0005307491 0.11612958 0.014536141 5.0646622e-12 0.052805033 0.0010445091 0.45429188 0.048393313 0.00017740902 0.14534765 0.026791697 3.052705e-07 3.5227733e-06 3.871334e-12 4.7461685e-06 0.00040614366 0.0112549625 0.070604056 8.809229e-12 1.4635248e-06 0.0004989618 0.0001272066 0.024225574 1.3804898e-09 7.4845324e-11 0.11494942 2.558602e-07 5.800535e-05 1.454309e-11 4.767791e-09 4.507275e-05 6.258391e-08 1.9943047e-09 3.3355455e-10 3.0212816e-10 0.00024662443 0.0020252839 0.019490683 5.878061e-11 3.6627007e-11 1.3187541e-06 1.3336457e-11 3.947857e-11 0.021158654 0.0021344798 1.04046464e-07
0.97692585 0.0008586401 0.012882968 0.09111284 0.09877444 0.0017364445 0.19344985 0.0018689532 0.019727739 0.46654412 0.00018842852 0.16740361 0.00044501634 0.13464725 0.85195607 0.48613682 0.042993225 1.4026435e-06 0.9523453 5.651545e-09 1.9475034e-14 1.7673396e-07 0.0001953682 1.6724467e-08 0.00012659907 0.88461906 3.6668218e-05 5.2396094e-06 0.0025657983 0.0069280853 0.20197412 2.0879186e-08 1.2651263e-08 0.25909752 5.2134565e-06 2.1579742e-09 0.3353021 0.85599947 0.0017356955 6.387644e-09 0.0005312862 1.0260468e-05 0.1721817 0.02982108 1.2140033e-05 7.9961086e-05 0.0041798977 0.007962691 0.06710978 5.7050115e-10 0.100362495 2.085238e-06 9.442478e-11 0.0016415981 1.2144443e-07 2.7951017e-05 4.0350696e-07 2.6634584e-08 0.43965366 0.07723329 3.0385443e-06 0.00040901382 4.669059e-09 2.077712e-05 4.7085976e-07 1.5952283e-10 0.9272315 0.020001192 4.5297125e-05 1.4627636e-05 1.8638188e-07 0.094674595 3.7036318e-09 0.00034988858 0.02043109 0.031011134 9.2754795e-05 0.1435527 0.010864617 0.0045728353 0.025196558 3.83725e-06 4.511038e-07 0.03993585 0.13897909 4.8292936e-06 0.102535866 3.9858547e-05 0.14684112 6.289576e-08 1.8321243e-08 3.6391844e-11 5.808292e-08 0.14103548 0.016631003 0.033162918 0.09235399 0.0074169384 1.6024236e-08 1.232211e-07 1.4272268e-05
0.98568857 0.10510522 0.0056159087 0.0010909168 0.0001499814 0.009030935 6.570217e-05 0.2321136 0.0008353957 1.9711324e-05 0.31505057 6.614294e-05 0.0021693765 5.5547093e-06 1.12169e-06 1.4062746e-06 6.9592876e-05 0.24489601 2.0253037e-06 0.1596046 1.7673396e-07 1.754677e-18 0.22655925 0.9725714 0.5551395 7.722644e-06 0.62323606 0.85334754 0.031905912 0.01120045 5.566888e-07 0.007892013 0.35007882 9.417208e-07 0.7022438 0.581731 1.9208257e-05 1.085521e-07 0.004531472 0.022593835 0.06449369 0.0007901105 0.023909593 5.7492997e-07 0.0046930267 0.00433033 0.03442889 8.4790247e-07 4.9307295e-05 0.0020888718 0.020114824 4.075616e-07 0.010860358 6.988361e-08 0.0036358293 0.31953406 0.0017543634 0.5928098 3.844682e-08 0.04272319 0.471414 0.08997885 0.068890356 0.10013252 0.0008809345 0.12437764 6.4411115e-06 1.5604915e-07 4.626067e-09 0.009660577 0.25393647 0.0058507537 0.00025475616 4.1557684e-08 6.762763e-07 0.0004428472 0.069619805 0.016205354 5.2399038e-08 3.8614086e-08 0.05700067 0.011826102 0.0853389 6.8284805e-08 7.1758e-08 0.04190304 1.7349017e-06 7.975732e-06 6.3870838e-09 0.0027315503 3.2843924e-05 3.3859671e-06 0.00011598664 6.2957657e-09 8.355087e-09 3.475591e-06 3.876788e-08 4.841303e-09 1.181316e-05 0.00020305549 0.023313705
0.9957778 0.40407073 0.12763385 0.06144251 0.0103325145 0.029478233 0.018076895 0.10315653 0.40718234 0.0026622529 0.9052837 0.023622978 0.036867365 0.00032231817 0.00043632154 0.0017941026 0.18343726 0.64048636 0.0009124565 0.6981359 0.0001953682 0.22655925 2.5959024e-14 0.067566335 0.02007432 2.1373213e-05 0.029146507 0.03817719 0.69584805 0.57509613 0.0008293429 0.6945145 0.1820757 0.002101096 0.013053638 0.04203886 0.00043829065 9.662244e-05 0.0101401955 0.44168404 0.0090386765 0.7537073 0.20079261 0.00042644268 0.6144374 0.46454743 0.4800036 0.0010536439 0.0021481223 0.03653708 0.07688872 1.6958429e-06 0.027325753 1.889775e-05 0.20855196 0.0043466236 0.13013715 0.0063754157 2.4251046e-06 0.18164186 0.0011816131 0.51654756 0.00784071 0.008565032 0.13468927 0.0012331422 0.00018059732 0.00077336776 2.9859407e-06 0.0015296855 0.0009007861 0.020302728 0.013118703 1.9345498e-06 0.0005312208 0.00097403716 0.0021688156 0.044119604 9.012108e-06 9.54521e-06 0.10137962 0.0003699938 0.0009269884 4.07917e-07 2.99915e-05 0.00069173076 0.0006300599 0.00010467442 4.9699397e-06 4.369357e-06 0.0003072949 0.0001658845 0.004404683 8.579713e-06 8.809491e-06 0.0008397346 5.630133e-06 4.203436e-06 0.0028261559 0.00023151943 0.00014619263
0.9698871 0.023809891 0.0010382999 0.000354031 0.000106791376 0.0018353221 4.0520412e-05 0.07136238 0.00033061093 6.0744196e-06 0.12832971 4.279033e-05 0.0008986564 2.0043349e-06 2.0663529e-06 1.1083439e-06 1.1178164e-05 0.2581343 1.4865371e-07 0.2227159 1.6724467e-08 0.9725714 0.067566335 1.10904135e-16 0.26774764 3.2680875e-06 0.4998593 0.87881744 0.0030141836 0.0035264608 8.576911e-07 0.016373008 0.677233 4.35165e-06 0.7979251 0.83895814 6.492547e-06 5.6608368e-08 0.001976404 0.013690799 0.03155564 0.0015207521 0.0053698956 2.6368895e-07 0.0006237653 0.001932755 0.008813034 6.8850017e-07 3.8831247e-05 0.015423763 0.005895573 4.4347266e-07 0.04854374 7.690445e-10 0.0015620909 0.35286063 0.0015776274 0.820277 1.2228462e-08 0.006483455 0.49895757 0.040811166 0.35967615 0.0715218 0.0011400271 0.3015959 2.3929774e-06 5.782463e-07 7.5406625e-10 0.006520641 0.35229594 0.0016698475 0.0012954401 1.4440584e-09 2.5749796e-06 0.00028331912 0.0607395 0.0037041698 1.5373375e-07 4.956622e-09 0.022184085 0.013399311 0.1226929 4.23035e-09 1.3595347e-07 0.04975862 2.4946376e-06 3.356314e-07 7.3819653e-09 0.0015980189 0.00071476586 2.7675587e-05 0.00037550903 1.8540134e-09 1.8441207e-09 1.7989184e-06 4.3932755e-09 2.7130016e-09 0.00013318355 0.0009965682 0.016237771
0.97909456 0.6370116 0.13103408 0.030950878 0.030508587 0.07895264 0.0005449242 0.7646662 0.0018533871 0.00031198768 0.10747784 0.00036465953 0.01563782 0.00050691236 0.0003454556 1.0512355e-05 4.682348e-05 0.006220974 1.0577461e-05 0.004812352 0.00012659907 0.5551395 0.02007432 0.26774764 8.765101e-19 5.334742e-05 0.97966105 0.88122034 0.011682907 0.0037288382 1.7130282e-05 6.551308e-05 0.024140727 7.1722293e-06 0.573304 0.02886065 0.00032528388 5.1824936e-06 0.08095615 0.0006053653 0.3767519 4.6886085e-05 0.0490498 2.4285598e-06 0.0002738888 0.0010530221 0.012416458 4.5540146e-06 0.00021100821 1.719705e-05 0.024428885 0.021594608 0.00021095207 2.3092052e-06 6.1183826e-05 0.84600365 1.8295657e-05 0.054093532 3.2731478e-07 0.029284196 0.549183 0.0063549653 0.00029458362 0.6914903 1.0229974e-05 0.0015985441 7.8871475e-05 1.0564863e-06 3.0337765e-07 0.28408703 0.031553 0.012626003 7.491753e-05 2.4789102e-07 1.5442577e-08 0.0012195924 0.26796022 0.041526068 2.49378e-07 3.2304393e-07 0.0552333 0.09956498 0.032571957 9.2832e-08 8.9832474e-07 0.12370104 2.4511095e-07 0.0022634605 1.1691232e-07 0.03276348 2.2862691e-06 1.1959667e-08 8.3758634e-05 3.284655e-09 1.033101e-06 6.880246e-06 2.957143e-06 5.8092313e-09 4.343892e-06 6.052478e-07 0.027593521
0.92709833 0.019824876 0.15300076 0.19999556 0.63127446 0.02137321 0.023773177 0.023916697 0.005076918 0.73863864 2.8763654e-05 0.031523645 0.0032738696 0.96434456 0.81810886 0.013112836 0.0018402586 3.1691281e-06 0.26034558 5.8646208e-08 0.88461906 7.722644e-06 2.1373213e-05 3.2680875e-06 5.334742e-05 2.7474643e-13 1.2976076e-05 2.6030827e-06 0.0005678952 0.0004042957 0.00052621716 4.3665697e-08 3.4745355e-07 0.019820493 4.195371e-06 1.8311016e-07 0.89135164 0.04177748 0.0063889767 6.577049e-07 0.0006851087 9.680977e-07 0.041085105 7.887997e-05 1.6225811e-06 1.5449215e-05 0.0004844463 0.00017376208 0.024757052 1.4154104e-08 0.03227796 3.2809874e-06 2.1213193e-09 0.04337674 2.0963435e-07 6.721106e-05 1.324122e-07 1.0672898e-06 0.927215 0.015794897 8.443106e-06 2.5779096e-05 3.822614e-08 7.053312e-05 4.2488455e-08 2.7774922e-09 0.74406534 2.8425864e-05 0.0017907207 2.4957524e-05 1.3210324e-06 0.008494561 9.824969e-08 0.023877509 8.5213605e-06 0.0018989727 2.336001e-05 0.017051704 0.56989306 0.4261326 0.0095967725 9.012267e-07 1.2857174e-06 0.23221163 0.001975285 3.7922878e-06 0.0003713091 0.0004412629 0.41909075 3.673216e-07 1.8724267e-06 9.604548e-09 2.4830094e-08 0.010669632 0.0028213342 0.0010588907 0.0049441643 0.0005343586 3.7277516e-06 2.7103546e-08 4.8171614e-07
0.9551856 0.30134407 0.02676034 0.005149051 0.004852543 0.007766261 0.000105650746 0.16954482 0.0008345668 0.0001053238 0.03780547 0.0005317801 0.0074751503 4.9949926e-05 6.4674416e-05 7.8939425e-05 0.0002380502 0.019303093 1.9850554e-06 0.007911016 3.6668218e-05 0.62323606 0.029146507 0.4998593 0.97966105 1.2976076e-05 5.9017215e-18 0.94137615 0.005403987 0.0022558398 3.4285501e-06 0.00047130728 0.035846587 4.7786623e-05 0.8001448 0.07721903 0.00015189743 7.830378e-06 0.039315686 0.004164245 0.116661265 0.00018161755 0.009046731 1.0457505e-06 0.0007098663 0.001918841 0.005488645 3.5304147e-06 0.00013485762 8.410827e-05 0.0048201676 0.0006727972 0.00066624297 1.4453917e-06 0.0003125836 0.6890079 0.00062399707 0.12531708 6.5500366e-08 0.008281219 0.4947226 0.010335426 0.000738154 0.39475912 0.00021006532 0.004512766 0.00018475931 8.08791e-07 5.324261e-07 0.057423946 0.095938236 0.007462098 0.00024051243 2.4449815e-07 1.231596e-06 0.00022290097 0.23934446 0.011945137 3.1039692e-06 1.941231e-06 0.023526434 0.05421936 0.04250923 2.0578797e-07 2.3965335e-06 0.122182794 5.2459845e-06 0.00055699155 2.0961416e-07 0.016462097 3.288023e-06 4.0411967e-09 7.192748e-05 1.0646511e-07 4.5741185e-08 2.5847832e-05 2.236379e-06 1.652878e-07 2.5026498e-05 1.9110905e-05 0.051785443
0.94829535 0.10836186 0.0010405179 5.2832605e-05 0.0001659549 0.0021566467 7.062489e-06 0.047145136 4.3312983e-05 5.7469506e-06 0.05625282 9.6677695e-06 0.0020176978 8.168146e-07 6.797515e-06 6.813133e-07 1.2293177e-05 0.042753257 5.6641742e-08 0.027247598 5.2396094e-06 0.85334754 0.03817719 0.87881744 0.88122034 2.6030827e-06 0.94137615 1.5548009e-18 0.004435581 0.00369404 1.0844011e-06 0.00396896 0.1536952 3.6379795e-06 0.95816654 0.25346023 1.9662446e-06 1.4058193e-07 0.0037482157 0.0082220845 0.008491877 0.0006439408 0.005957774 5.369393e-07 0.0010187224 0.0036237775 0.010810144 1.4459164e-05 0.00028777993 0.0012293995 0.0062517617 4.5283003e-05 0.0055937506 1.040539e-09 0.0010795958 0.42905036 0.0011505149 0.5887854 4.594902e-09 0.0100592645 0.55104846 0.035232447 0.01566748 0.042934805 0.0007138547 0.055985216 2.207633e-05 1.2552764e-06 5.4036947e-10 0.008015288 0.30655247 0.003422629 0.0022700692 5.813011e-09 9.9475926e-08 0.00040135533 0.06564367 0.012181494 2.5250628e-07 4.071098e-07 0.014271398 0.011579759 0.085711345 7.739646e-08 6.640532e-08 0.10806748 1.59112e-06 2.5488289e-05 3.3239015e-08 0.002625435 0.00065491436 3.0646954e-06 0.00046709 7.470861e-09 3.7229125e-08 3.1985302e-05 3.530443e-07 4.807404e-09 0.00026659542 0.0004037842 0.014494764
0.9401805 0.085341 0.056308687 0.060731765 0.017992731 0.006954353 0.0888174 0.023660235 0.48260885 0.024240322 0.54589146 0.2593049 0.082567826 0.0014170508 0.0043599256 0.047185786 0.3753567 0.30164966 0.02087814 0.14844581 0.0025657983 0.031905912 0.69584805 0.0030141836 0.011682907 0.0005678952 0.005403987 0.004435581 4.6297423e-15 0.9852168 0.11461571 0.25643393 0.010952921 0.039590415 0.001083372 0.0025589366 0.0004554299 0.0067244247 0.0027488384 0.09092043 0.0043343585 0.62629473 0.53130186 0.027690344 0.6056925 0.30325222 0.8881501 0.026640266 0.02223714 0.008216935 0.3475921 1.296595e-06 0.01258399 2.6953686e-08 0.16943061 0.00094857666 0.106743135 0.00076996157 1.6347848e-06 0.51106316 0.00020973064 0.11403002 5.5685665e-05 0.0058991984 0.044887695 8.0611284e-07 0.0016807839 0.0391613 1.04941144e-07 0.00024888583 1.7701543e-06 0.091777764 0.009860115 2.1585961e-07 0.034497555 0.0008130857 0.00045268712 0.05310574 2.009332e-06 5.9918364e-07 0.2857696 9.977417e-06 4.3157556e-06 5.330741e-08 0.0025501675 1.355014e-06 0.012681682 7.117626e-07 7.464224e-07 5.414282e-09 9.638941e-07 1.6945754e-06 0.0010909626 0.0011816164 8.176548e-05 0.00843933 1.3300008e-05 0.0002839442 0.0028325291 4.5546375e-07 4.510655e-07
0.93508106 0.049425445 0.044818927 0.07564176 0.017331187 0.0059461496 0.1111619 0.012043807 0.48470566 0.03667472 0.39797348 0.42390108 0.08488191 0.00158064 0.011762427 0.08819157 0.51622236 0.17490187 0.043287966 0.116578825 0.0069280853 0.01120045 0.57509613 0.0035264608 0.0037288382 0.0004042957 0.0022558398 0.00369404 0.9852168 1.05344315e-13 0.36978164 0.18108177 0.0055981795 0.17229943 0.0006982988 0.0041037253 0.00028652788 0.013191077 0.0009440976 0.09397862 0.0026409442 0.52756816 0.5711758 0.12877332 0.45318455 0.3023209 0.8841093 0.11002956 0.09600558 0.0072185905 0.40831706 4.0973623e-07 0.012407662 4.9628206e-08 0.120235585 0.00059208187 0.04132112 0.00028549437 2.0623443e-06 0.54645723 0.00016695085 0.061497893 2.5618912e-05 0.004242425 0.007211238 4.4651244e-07 0.004138235 0.12529592 8.5006135e-08 0.00024726312 5.4658466e-07 0.20155765 0.00628469 5.0927348e-08 0.10671364 0.0041368306 0.0002049457 0.1358678 1.0802207e-06 2.2830585e-07 0.21425202 3.659623e-06 4.4380013e-07 2.7270989e-08 0.014557693 8.5439785e-07 0.03970315 5.9280245e-07 8.699923e-07 3.6242052e-09 9.783312e-07 1.0774419e-06 0.0007044845 0.0011704721 0.0026676166 0.018724004 0.00033181914 0.0004889446 0.0004361198 1.1269713e-07 3.0124133e-07
0.94457704 0.0015159969 0.0012012589 0.0058439556 0.001161735 0.0010815475 0.09186699 0.0013558001 0.19211404 0.038546234 0.008063397 0.39958042 0.00024579675 0.0005535453 0.01628191 0.7887951 0.7414117 7.5258395e-05 0.4171071 1.7429747e-06 0.20197412 5.566888e-07 0.0008293429 8.576911e-07 1.7130282e-05 0.00052621716 3.4285501e-06 1.0844011e-06 0.11461571 0.36978164 1.900025e-18 0.00012376823 2.489569e-07 0.9552763 1.9755219e-06 6.242367e-08 2.814425e-05 0.54888105 1.3282337e-05 0.000115145165 1.1666662e-05 0.0009217277 0.31325054 0.96549517 0.0055599385 0.00693178 0.018582126 0.53296185 0.29950047 8.753539e-08 0.26377478 1.7890134e-09 1.1143064e-08 1.065419e-07 0.0001945323 1.4664964e-06 0.0009481819 4.943595e-08 1.5771412e-06 0.06082971 1.0396885e-06 0.0039981822 1.3246145e-07 8.139657e-06 0.00055500766 1.7669367e-09 0.004029938 0.49639755 3.7217747e-09 2.0462745e-07 1.0248399e-07 0.29199427 1.1726977e-05 3.293545e-07 0.25881562 0.02113161 8.897844e-06 0.09743406 5.011366e-06 4.3758164e-06 0.006726596 7.8437904e-07 9.525772e-07 1.0846296e-06 0.011212286 9.420222e-08 0.11516171 9.280302e-07 1.3651096e-05 6.872108e-08 1.3925179e-08 2.4386938e-07 4.3775378e-07 0.0017233727 0.0044965055 0.051685274 0.00055610546 0.0029461281 2.0725004e-06 6.0845506e-09 7.8195166e-07
