7.7199385e-18 0.5618593 0.48487556 0.2689067 0.66171813 0.03675154 0.9462462 0.22551705 0.8825469 0.034888063 0.9939231 0.15995559 0.7989533 0.93408144 0.9767724 0.05171365 0.9250651 0.9955181 0.9333823 0.9633284 0.16317987 0.073077135 0.78114235 0.97526956 0.9951843 0.9536926 0.94683397 0.84888417 0.9555686 0.0716041 0.9080882 0.1984522 0.8445265 0.88320416 0.932955 0.9473008 0.96626997 0.19822878 0.9805985 0.9899382 0.952014 0.47224715 0.9542454 0.9322578 0.016915264 0.8939655 0.99133915 0.51520836 0.9888087 0.8634418 0.9374373 0.990858 0.99084866 0.0026880594 0.29379293 0.83275324 0.9764877 0.96488565 0.96309716 0.9962719 0.8883055 0.95456594 0.99847347 0.95935637 0.9390038 0.99026865 0.9812868 0.9956532 0.9445272 0.9640028 0.6349926 0.86385226 0.07118116 0.9454093 0.031197822 0.21890604 0.90284044 0.8552471 0.99958664 0.98664623 0.99299586 4.4108576e-05 0.78530604 0.9934418 0.9802633 0.7945949 0.5849877 0.9293949 0.9855745 0.994754 3.673616e-05 0.0055876565 0.26078105 0.9945592 0.0005787983 0.0005852818 0.99998313 5.402286e-05 0.04428074 0.9998809 0.8186868
0.5618593 1.3578679e-15 0.99698377 0.975761 0.65454894 0.68914366 0.6471695 0.31808168 0.078184776 0.014757569 0.27980545 0.045386534 0.34992948 0.0022935339 0.26100156 1.731136e-05 0.0001144276 7.901135e-05 3.9859287e-06 0.2694393 0.00022229043 0.0045029405 0.00036034497 6.68481e-05 1.7616436e-07 1.2222675e-05 6.9556245e-07 1.26027535e-05 0.032328486 1.0804592e-05 0.004032795 9.719535e-07 0.00025894277 2.521397e-06 8.78271e-07 1.9952064e-07 0.0004016691 2.427187e-06 0.00025460753 0.28024563 4.17397e-07 1.09756286e-07 0.001643325 0.021542948 6.3033335e-06 2.3536835e-08 0.00044180927 1.09894756e-07 4.6775588e-07 1.5369161e-06 1.4241226e-05 3.2658235e-07 2.2883161e-05 1.240316e-06 1.9395802e-08 6.485649e-09 2.4398872e-05 2.9581581e-06 1.2237108e-06 7.5737114e-07 3.3348667e-07 3.644379e-08 0.01447588 1.091286e-07 2.6368234e-09 6.6148077e-06 0.00016792906 0.000360988 1.7578424e-07 0.041254546 2.1456168e-07 3.3637284e-09 7.5762256e-07 1.1577781e-09 4.16514e-08 2.219628e-09 1.8343299e-07 5.526322e-07 0.55120265 4.007332e-07 1.7845788e-06 2.9548876e-06 2.2328508e-07 2.2905957e-07 0.0012547917 7.1135436e-10 9.8771295e-08 3.2790965e-09 0.0018421259 8.397741e-10 3.2907895e-08 3.5296768e-10 3.8352776e-12 0.00025474766 5.971777e-11 1.0247606e-09 0.094232984 1.5727381e-11 8.8248614e-10 0.00013160605 5.2801066e-11
0.48487556 0.99698377 1.8756725e-15 0.9097117 0.7265215 0.6175655 0.8316527 0.158076 0.37429807 0.014134958 0.4827763 0.021712782 0.35786602 0.12224174 0.6765254 0.00091514504 0.006519012 0.001763407 0.0003247557 0.41253388 0.0006256413 0.0030908848 0.0033979022 0.0039871763 4.2771703e-06 0.0028313717 0.0003785719 5.5052446e-05 0.05399444 2.1874408e-05 0.008022278 2.413017e-05 0.0052559627 7.108326e-07 2.8351842e-05 1.741892e-05 0.0012524558 1.4269913e-05 0.0026647153 0.27753884 2.5224012e-05 1.5444692e-07 0.012106624 0.07293461 5.9762824e-06 9.255558e-06 0.0017896869 1.7630932e-06 2.5012994e-05 1.4478399e-05 0.00015921357 2.038894e-05 0.00048656878 1.2992847e-06 6.556323e-08 6.6658066e-07 0.0013912219 1.38691785e-05 0.0003344264 1.9011142e-05 8.342927e-06 9.178063e-05 0.023304516 4.2456156e-07 1.3956901e-08 4.346136e-05 0.000964571 0.0023848217 3.5171557e-05 0.045024827 2.0557826e-07 8.045407e-07 8.038431e-08 1.6799449e-07 1.920896e-08 1.8634127e-08 3.0198173e-05 1.2572682e-05 0.25580093 1.6017103e-06 2.0588327e-06 3.3304806e-07 8.5678533e-07 2.691974e-07 0.005402918 1.1239911e-08 6.2961146e-07 2.5024981e-08 0.01024752 1.6715028e-08 1.975113e-08 8.0290805e-09 1.3477319e-07 0.0010096944 6.5303483e-09 1.1749617e-08 0.06958379 4.64162e-10 1.2260739e-08 0.00019025261 1.7633218e-08
0.2689067 0.975761 0.9097117 2.815597e-17 0.3100168 0.31583837 0.9090671 0.9741596 0.7378555 0.0034690679 0.7510366 0.7575514 0.05936755 0.057777405 0.13138035 0.00040907544 0.010184218 0.0051722736 0.0021364687 0.12115152 0.0111372555 0.3076902 0.0010307579 0.004789302 8.27574e-05 0.0053381184 0.00063838664 2.221636e-05 0.0058490764 5.816677e-05 0.0011625935 0.0017615136 0.00018922954 0.00020106911 0.0007778179 6.8410845e-05 0.0004208021 0.00052830466 0.0034692963 0.14846891 0.00024161085 2.6229796e-05 0.0023155531 0.013623526 0.00031140237 0.00010705365 0.0014917642 1.8193671e-06 9.059063e-06 1.09105185e-05 9.192543e-05 1.0838288e-05 0.00022361636 7.999861e-05 2.6280063e-06 1.3152192e-07 4.3244054e-05 3.908955e-05 0.00015603229 1.0183164e-05 1.154542e-05 1.0835745e-05 0.007360097 6.7341853e-06 6.8564624e-08 5.271061e-05 0.00042248194 0.00025995699 2.5034674e-06 0.0058390917 7.0667606e-06 7.111248e-07 9.779227e-07 4.088451e-07 2.1885435e-06 5.33249e-08 6.4396013e-06 5.1225677e-05 0.20747581 1.2951485e-07 1.4813271e-06 3.2972694e-05 2.0274344e-07 8.5650925e-07 0.0012279821 1.157348e-08 3.6401565e-07 8.131833e-09 0.0007448982 7.135185e-08 3.6709432e-07 7.752895e-09 6.999776e-09 3.4233537e-05 6.019508e-08 7.1847985e-08 0.052908976 9.545596e-09 9.039675e-09 3.6295984e-05 1.1397485e-08
0.66171813 0.65454894 0.7265215 0.3100168 6.5452573e-18 0.9790358 0.24292772 0.01962554 0.0020017638 0.72286826 0.019477164 0.002769028 0.9667082 0.0051919776 0.52890414 0.06875495 0.0029151374 0.00010697987 8.9578214e-05 0.8333928 5.708466e-05 0.0034588682 0.0296641 0.0015460565 2.3966202e-06 0.000602591 2.2779584e-05 0.0048922044 0.7275235 0.005241369 0.09142575 8.439913e-07 0.06123606 4.731918e-06 2.2253806e-05 1.0044854e-06 0.0069626635 4.362283e-06 0.0010026096 0.29755694 1.019532e-05 1.5458174e-07 0.027519014 0.21073957 8.428443e-07 3.9599636e-06 0.01313006 2.8301514e-05 1.2005041e-05 0.00019881094 0.00048655807 5.943872e-06 0.0005556116 2.674693e-07 9.2818595e-07 1.0104871e-05 0.0053039514 0.00020293372 5.9066762e-05 8.262716e-06 2.2433756e-05 2.2628876e-06 0.033969652 5.885163e-07 1.4653214e-07 0.00014902627 0.0022766045 0.0019266874 0.00016455466 0.18625112 3.934683e-07 9.4011915e-07 2.7316273e-07 3.4714997e-08 2.229175e-08 6.80719e-09 0.0003351125 1.6023382e-06 0.2890083 2.0926211e-06 1.8375174e-06 1.4154151e-05 4.9864375e-06 3.1086514e-05 0.009938259 8.2927606e-08 1.5444337e-07 1.495156e-07 0.009755949 2.769301e-07 2.2218908e-08 3.7310426e-09 3.2946396e-08 0.005140467 3.2367687e-08 5.219127e-08 0.11563157 2.014402e-09 5.854816e-09 0.0010435334 1.100877e-08
0.03675154 0.68914366 0.6175655 0.31583837 0.9790358 1.3412488e-13 0.046832483 0.0036988163 0.00050873205 0.99463075 0.0037030908 0.0009257563 0.8389978 0.00026726088 0.06016865 0.13801335 6.302014e-05 3.4576708e-05 3.732136e-05 0.34572127 4.0810733e-05 0.00084055704 0.09657174 2.3966531e-05 1.3520735e-06 1.3738908e-06 3.1896216e-06 0.008500429 0.60547286 0.29433352 0.031877376 2.5383326e-07 0.07399337 1.0403834e-05 1.974328e-06 6.401683e-07 0.010120796 2.9095009e-08 2.6116051e-05 0.028909305 3.144055e-06 1.6879969e-07 0.0006213948 0.0714966 7.043591e-07 2.3773991e-07 0.003964432 0.00023720015 1.4965376e-06 0.00018788392 0.00051303004 1.7949324e-06 2.4242165e-06 3.6580563e-08 1.8545625e-08 8.586549e-06 0.00065885985 0.00022357584 7.4418467e-06 7.9667876e-07 7.3533054e-05 5.6610503e-07 0.0012056942 5.4113275e-06 5.7601957e-10 0.000107832086 7.736042e-05 0.0010474768 9.614246e-05 0.058471564 1.4037113e-06 1.380286e-07 2.6452744e-07 1.4997694e-08 5.966061e-08 1.597979e-09 2.1706437e-07 1.4147863e-05 0.012378134 3.3902225e-08 3.2975317e-06 3.674024e-06 6.916242e-05 2.976917e-07 7.776429e-05 3.325857e-10 4.2800005e-07 3.2012e-09 0.0006470521 6.0668674e-07 3.4649722e-07 1.6598012e-09 2.6122488e-10 0.0007028145 2.15539e-10 1.9799117e-07 0.02398687 2.45546e-10 1.729457e-08 5.5652323e-05 6.8745e-10
0.9462462 0.6471695 0.8316527 0.9090671 0.24292772 0.046832483 9.257635e-15 0.90595424 0.8475473 0.00048260568 0.97973925 0.74390936 0.044691212 0.34585622 0.7275537 1.4588115e-05 0.056147113 0.024277328 0.015280344 0.12280987 0.11606153 0.27283123 0.00012258216 0.03844847 0.00081169 0.01689562 0.0029163195 4.5168426e-06 0.002642787 1.5813795e-06 0.0018798171 0.0033613963 0.00023368844 0.0015600722 0.003768204 0.00017425559 0.0001371804 0.010511219 0.06665335 0.55822104 0.0005285325 1.33542135e-05 0.05394024 0.014712385 0.00723715 9.2171846e-05 0.0003976987 3.9646284e-07 3.1571657e-05 1.4967139e-05 7.9031546e-05 3.0320847e-05 0.011535725 0.00023262225 2.62559e-05 4.2572725e-07 0.000627884 7.2753373e-06 8.447656e-06 9.9312754e-05 8.15922e-06 3.2633548e-07 0.10541888 9.064818e-06 7.899993e-06 9.566782e-06 0.024285397 0.0007489318 7.3782808e-06 0.05025885 7.954842e-06 1.2136431e-07 3.3650507e-05 3.5461458e-08 2.154675e-06 8.7633126e-08 0.002143586 4.4650933e-06 0.18779238 0.00014292242 9.0443915e-05 1.387308e-05 1.1555713e-06 0.00014607863 0.080990985 4.457558e-06 6.52835e-07 2.7679134e-06 0.007478833 1.5093434e-07 4.0460808e-08 3.2365957e-08 7.9007805e-07 0.0014094386 1.0938319e-08 1.4074747e-07 0.12527817 7.5546985e-10 4.4793378e-08 0.0021462708 1.12330596e-07
0.22551705 0.31808168 0.158076 0.9741596 0.01962554 0.0036988163 0.90595424 3.1700608e-16 0.93973666 0.000341788 0.73806024 0.97397953 0.006567122 0.27754027 0.17164204 3.1691055e-05 0.023195017 0.10055591 0.04346135 0.03833121 0.037574753 0.38896498 0.0001400863 0.074926764 0.0008599403 0.06549659 0.009259479 3.383814e-06 0.0009704383 4.250009e-06 0.00036450516 0.010592957 2.4112249e-05 0.00041793275 0.0035675177 0.0006292177 0.00018768854 0.0012982519 0.0235944 0.10447603 0.00096716674 0.00028233326 0.014252737 0.008014726 0.0011827721 0.0004946128 0.00048079778 3.1000375e-06 0.00014953635 9.356335e-07 1.1323698e-05 0.00014843832 0.0025058792 0.00043422112 0.00010664309 9.541614e-08 3.5860467e-05 4.4319427e-06 0.0004047436 3.9373375e-05 9.872821e-07 2.3847771e-05 0.018269313 7.284064e-06 5.782584e-07 1.1491606e-05 0.0024908436 0.00015901556 5.135266e-07 0.0021275417 1.4276366e-05 6.572695e-06 5.749061e-06 1.4843533e-06 4.1411263e-06 1.771876e-07 6.992631e-05 3.2335647e-05 0.012990755 1.4544223e-06 6.58469e-06 0.00011920781 5.7839934e-08 1.5812212e-06 0.0041557355 2.9627122e-08 2.2269496e-07 7.362746e-08 0.00076379895 1.40971474e-08 1.2512127e-06 2.987105e-08 5.725763e-08 5.292217e-05 5.1683873e-08 1.2220939e-07 0.010950508 1.7432173e-08 1.5762834e-07 0.00040698118 8.318011e-08
0.8825469 0.078184776 0.37429807 0.7378555 0.0020017638 0.00050873205 0.8475473 0.93973666 2.1558213e-18 4.987669e-06 0.59799796 0.9749671 0.00019604569 0.8119163 0.2909238 7.085439e-08 0.2802617 0.8230394 0.57364106 0.014785194 0.4862075 0.55564475 6.248691e-07 0.40256384 0.02613823 0.26315075 0.12984763 2.6847424e-08 0.0002460937 8.9715556e-08 2.6949769e-05 0.0883985 1.2153168e-05 0.010444573 0.05036651 0.020006733 3.5994794e-06 0.015964836 0.21628967 0.25624076 0.0033559701 0.0020629868 0.061028987 0.0012337427 0.020324333 0.0028801903 3.0169242e-05 6.371999e-08 0.0031513632 7.391394e-08 7.4199625e-06 0.003584361 0.028733779 0.007738315 0.00069622847 5.4861036e-09 1.2468632e-05 2.935976e-07 0.0013419484 0.0012444655 3.232122e-07 2.9752286e-05 0.1120282 3.6000904e-06 7.403991e-05 7.5157186e-07 0.028474635 5.151806e-05 6.782518e-08 0.0034178784 7.969391e-06 2.7385456e-06 1.0123469e-05 2.278569e-07 5.622103e-07 6.927354e-08 0.0008422016 7.601879e-06 0.008178374 0.0001394086 5.294347e-05 6.215853e-05 5.865792e-09 2.449348e-05 0.06127957 6.3449636e-07 3.0065095e-07 1.4026568e-06 0.0012835062 1.4705227e-08 3.70163e-07 1.7995113e-07 4.3520708e-07 0.000121904464 3.9954127e-08 1.2669477e-07 0.021402698 6.5388233e-09 1.5299163e-07 0.00078182085 1.7887831e-07
0.034888063 0.014757569 0.014134958 0.0034690679 0.72286826 0.99463075 0.00048260568 0.000341788 4.987669e-06 8.087314e-17 0.0001646614 1.1243563e-05 0.76680565 1.3232996e-06 0.0044142604 0.97392875 1.9306667e-06 5.781608e-07 1.93758e-06 0.13532011 2.9315865e-07 4.4868648e-05 0.17994185 3.5242351e-06 2.5143297e-08 2.2248532e-06 2.1930148e-06 0.029181788 0.61930716 0.59489876 0.020777727 5.287892e-09 0.067759775 3.8682435e-07 8.495605e-08 1.4759412e-07 0.03222332 8.729426e-09 4.226328e-06 0.005777164 2.0154387e-06 1.2167292e-09 6.524037e-05 0.02125507 2.292723e-08 4.0525975e-07 0.007834125 9.673872e-05 6.3394225e-07 0.00024016424 0.0005990391 5.8085504e-07 1.6078933e-06 1.48394e-08 2.168042e-08 8.2546585e-06 0.0021976188 9.0059446e-05 1.3285605e-05 1.6930449e-07 2.7045546e-05 1.405495e-05 0.00027268915 3.1659698e-07 3.3972028e-10 5.0753606e-05 2.485547e-06 0.0016488987 0.00018721285 0.09396834 4.3896677e-08 7.377816e-08 3.2030403e-08 1.6633388e-08 4.5293042e-08 7.766452e-09 3.0817322e-08 3.780074e-07 0.0012018088 1.7555697e-08 4.042795e-08 5.31774e-07 1.835737e-05 1.0626244e-07 3.290173e-05 1.54955e-09 4.4321936e-07 1.0212159e-08 0.0034060783 5.395984e-07 1.261029e-07 1.0790484e-09 9.104858e-09 0.0014264695 5.080617e-08 1.446141e-07 0.022104155 7.356496e-09 3.9955495e-08 7.000418e-05 8.633701e-09
0.9939231 0.27980545 0.4827763 0.7510366 0.019477164 0.0037030908 0.97973925 0.73806024 0.59799796 0.0001646614 2.2664551e-10 0.57958174 0.0068562217 0.14657316 0.8696991 7.416698e-05 0.018590925 0.004066454 0.0060453457 0.047925998 0.024480358 0.27433926 6.8200374e-05 0.01070506 0.00016267026 0.0033087335 0.001248756 4.64511e-06 0.0012503379 1.4380179e-06 0.0016321366 0.0010657149 0.00064851803 0.000120694815 0.00046751022 0.00015336132 8.800821e-05 0.00036777274 0.01679173 0.7055937 0.00012795866 2.7528547e-05 0.066850826 0.013091257 0.0014441676 1.9402101e-05 0.00023276672 3.5213693e-06 1.1003603e-05 2.681883e-05 3.7457317e-05 9.180878e-06 0.004945437 0.00012483772 7.8157855e-06 1.6217781e-06 0.0005725783 4.9103755e-06 1.8716786e-06 2.7023681e-05 1.6978991e-05 1.6665289e-06 0.17282632 6.7816645e-06 7.5267467e-06 1.6025608e-05 0.022207554 0.00077515584 0.00015623927 0.04991925 1.0450027e-06 3.6952392e-07 3.242695e-06 1.08987095e-08 9.2115783e-07 6.8609205e-07 0.0011536027 2.4249518e-06 0.3847473 1.6015829e-05 4.2295884e-05 2.0889394e-05 1.0917524e-05 8.269862e-05 0.06564095 4.5100246e-06 4.3679842e-07 4.4705166e-06 0.007924137 2.1432872e-07 6.3377666e-07 1.0340087e-08 4.67152e-08 0.0012729132 2.17069e-08 1.1617588e-07 0.14745997 4.8920406e-09 6.5781403e-09 0.002088318 1.1889586e-09
0.15995559 0.045386534 0.021712782 0.7575514 0.002769028 0.0009257563 0.74390936 0.97397953 0.9749671 1.1243563e-05 0.57958174 4.9299684e-16 0.0010309368 0.37772074 0.056461673 9.558048e-07 0.042080116 0.6085988 0.46669486 0.007547053 0.77785933 0.93831265 4.0128757e-06 0.12220803 0.012537314 0.13435219 0.1435088 8.476926e-08 0.00020035896 1.302267e-06 0.0001785607 0.28807396 3.849039e-05 0.01258915 0.07413248 0.027669685 3.6634665e-05 0.023910373 0.049871393 0.042628847 0.0054049254 0.0012217438 0.0053699007 0.0016079395 0.014192224 0.005258013 0.00026098438 4.9394174e-07 0.0019551814 5.474512e-07 2.1441034e-05 0.0018308846 0.007226046 0.0073534884 0.00868608 5.0810502e-09 1.8378425e-05 8.7165035e-06 0.001818081 0.00039659694 1.8610988e-06 0.00025941065 0.014370421 5.162237e-05 8.860631e-05 1.9262887e-05 0.0044919774 0.00021732692 1.4867363e-06 0.0011904882 1.530255e-05 6.312661e-05 0.0002829624 5.5149844e-06 6.674471e-05 1.02883e-06 6.7140274e-05 0.00014289598 0.0013498435 1.0916483e-05 0.00010986118 0.00094818464 6.700124e-08 5.668649e-06 0.006101226 3.1354926e-07 2.1995538e-06 1.189591e-06 0.00040324603 1.8653402e-08 4.293635e-05 3.1534898e-06 1.7643126e-06 0.000101311416 9.578872e-07 3.400792e-06 0.0055548 8.946794e-08 1.1610472e-06 0.00033567767 1.5438102e-06
0.7989533 0.34992948 0.35786602 0.05936755 0.9667082 0.8389978 0.044691212 0.006567122 0.00019604569 0.76680565 0.0068562217 0.0010309368 1.7641651e-13 0.0008957814 0.59433067 0.6989886 0.00034708396 3.884651e-05 2.9028713e-06 0.89570475 2.5154586e-07 0.00071095704 0.39100823 0.0003957574 1.3517073e-08 8.448724e-05 5.006515e-07 0.057178285 0.9523511 0.16493002 0.23324324 1.489834e-07 0.37039486 3.8022318e-08 2.6749453e-07 1.259582e-07 0.06889093 2.584297e-07 0.00024948706 0.2463073 5.204368e-07 4.521329e-08 0.028662367 0.213366 2.2868674e-07 3.149275e-07 0.0619934 0.0009483944 8.855638e-07 0.0024076325 0.003538908 1.6346646e-06 0.00029252988 3.2633207e-07 3.8666207e-07 4.5506e-05 0.017226087 0.00064722454 2.2535485e-05 1.1904785e-06 9.521249e-05 1.0937131e-06 0.019955866 3.5344296e-08 6.563571e-07 0.0002666229 0.001992189 0.0071833534 0.00034603247 0.54053336 1.5424422e-07 6.381547e-08 3.795211e-08 4.462402e-08 1.1377698e-08 5.1167817e-09 0.00056363543 9.415282e-08 0.16566302 9.017933e-07 8.9733317e-07 1.4715132e-06 2.0769554e-05 6.57199e-05 0.006157024 1.03913386e-07 5.0706454e-08 8.149184e-07 0.02855059 1.280479e-06 9.2120556e-10 9.843822e-08 2.6953272e-08 0.01684478 1.00100216e-07 3.4263254e-09 0.18233372 1.2331913e-09 1.1605689e-08 0.0011691976 7.1915085e-10
0.93408144 0.0022935339 0.12224174 0.057777405 0.0051919776 0.00026726088 0.34585622 0.27754027 0.8119163 1.3232996e-06 0.14657316 0.37772074 0.0008957814 8.3695954e-18 0.69986695 9.960637e-08 0.99134487 0.89914083 0.32753545 0.023701016 0.14891961 0.057216153 2.5048168e-06 0.6023364 0.032966893 0.38784903 0.08124741 1.5807318e-07 0.00027152192 3.0590158e-08 0.0012459237 0.06666905 0.00015202454 0.011685884 0.031543713 0.07554539 1.1876895e-05 0.0026325518 0.2625946 0.35584357 0.008226026 0.014402492 0.39157116 0.008375883 0.0007971406 0.0031888043 0.000192705 7.623346e-08 0.001961275 2.7579797e-06 8.368825e-06 0.0035623228 0.052608337 0.00068298855 0.00031216117 4.823146e-09 0.00016305715 8.81595e-07 0.00073975796 0.0006047156 1.3857443e-06 8.0480546e-05 0.2712675 5.2116716e-06 0.0029857615 5.048368e-06 0.2034375 9.01734e-05 3.5282098e-06 0.019488767 1.988867e-05 5.0547493e-05 7.64734e-06 6.190081e-06 2.3406606e-06 1.6170593e-07 0.0041306172 1.9864872e-06 0.005183918 0.0008006227 0.00016590886 8.62608e-07 3.2073928e-08 0.0007295257 0.10891971 1.5186362e-05 4.772195e-07 3.299817e-05 0.0025081597 3.0341902e-09 4.254338e-07 1.1597225e-06 7.72194e-07 0.0016579436 5.154005e-08 9.2998235e-08 0.07881605 2.7879905e-09 1.3420052e-07 0.0033168956 8.2179994e-08
0.9767724 0.26100156 0.6765254 0.13138035 0.52890414 0.06016865 0.7275537 0.17164204 0.2909238 0.0044142604 0.8696991 0.056461673 0.59433067 0.69986695 1.4535817e-12 0.0021099746 0.2980104 0.06772875 0.0043196436 0.9084506 0.0036040773 0.0020449315 0.0029595864 0.29786426 0.00046551286 0.09613868 0.0014585067 8.911835e-05 0.030790042 1.8026272e-05 0.3936031 0.0002736079 0.02670344 4.753563e-05 0.00079682365 0.0022437782 0.0010652865 7.155243e-05 0.18245368 0.93353397 0.00034468065 0.00020814971 0.9206918 0.3677673 0.00012131636 6.262317e-05 0.0018100477 6.8768386e-05 0.00035180312 0.0006752878 0.0003515858 0.0002643977 0.08533203 4.6057343e-05 1.3203239e-05 5.4172062e-05 0.03801163 0.00012133452 0.00014665427 0.00014950999 0.00012834975 2.4048864e-05 0.47495335 1.7332529e-06 0.0005036784 6.1772225e-05 0.14729427 0.002465217 0.0002890228 0.1544957 2.6660302e-06 1.4539849e-05 4.3200032e-07 1.0751252e-06 3.045087e-07 5.6647146e-08 0.014617847 2.3876682e-06 0.4351304 0.0007722118 0.00015957581 1.2626182e-06 3.1503478e-05 0.0031163155 0.14904946 0.00019954739 1.3836282e-07 3.8429833e-05 0.036461953 1.5884715e-06 3.249964e-08 1.4629589e-07 1.3663848e-05 0.029455176 2.203133e-08 6.6132046e-08 0.20298795 1.3021247e-09 1.0443312e-08 0.016291082 2.8919692e-07
0.05171365 1.731136e-05 0.00091514504 0.00040907544 0.06875495 0.13801335 1.4588115e-05 3.1691055e-05 7.085439e-08 0.97392875 7.416698e-05 9.558048e-07 0.6989886 9.960637e-08 0.0021099746 3.7169055e-18 2.4688336e-07 1.6650928e-06 1.6907795e-07 0.018968366 2.3272264e-07 4.899273e-07 0.87714386 8.119457e-07 2.128286e-09 3.3352453e-07 9.6631695e-08 0.6548707 0.44837263 0.99480057 0.025198324 7.2978965e-09 0.3655005 1.0176711e-08 7.089626e-09 1.0877858e-08 0.20701565 7.456807e-10 2.9345247e-06 0.0017464908 7.090888e-08 4.6424964e-10 9.3199655e-05 0.015367713 6.5598975e-09 3.264234e-08 0.022618908 0.0034421026 5.642197e-07 0.008786276 0.015711682 6.756903e-07 1.0095995e-06 5.3222244e-09 3.5307897e-09 0.00046374154 0.005742486 0.0026941546 1.0918748e-06 1.7323877e-07 0.0014114468 2.2315247e-07 0.0006103213 8.686408e-09 3.389197e-10 0.00062156725 1.0132046e-05 0.0050413157 0.0027347277 0.05995348 1.501501e-08 1.0073739e-08 9.628631e-09 1.1162039e-08 1.5507778e-08 4.267247e-09 2.3259084e-07 8.139751e-08 0.00018389111 1.2291594e-07 1.6668555e-07 1.3658603e-08 0.00049806084 4.2440103e-08 5.339587e-05 4.9862514e-10 1.8856081e-08 8.4688585e-09 0.00780678 1.625968e-05 4.007011e-09 1.9782177e-10 1.5519992e-09 0.0067921304 1.8612023e-09 3.0816543e-09 0.013817211 2.4806873e-10 2.3368942e-09 3.1681204e-05 1.938011e-09
0.9250651 0.0001144276 0.006519012 0.010184218 0.0029151374 6.302014e-05 0.056147113 0.023195017 0.2802617 1.9306667e-06 0.018590925 0.042080116 0.00034708396 0.99134487 0.2980104 2.4688336e-07 3.803627e-18 0.62484133 0.20058268 0.010364484 0.028451096 0.013644037 5.730406e-06 0.90920633 0.087743126 0.9275508 0.07209981 1.0407052e-06 0.00041838558 6.669345e-08 0.0006824088 0.014003027 0.00020399297 0.008079643 0.032127254 0.13133311 1.7805252e-05 0.0012740153 0.6431908 0.21578772 0.014494558 0.013185404 0.5153136 0.004923198 0.0011023364 0.0062803193 9.549476e-05 3.2723082e-07 0.014614608 7.534973e-07 3.422735e-06 0.017528825 0.23285097 0.00058964954 0.0016390327 2.192774e-08 0.00012348832 1.2516323e-07 0.002484021 0.007505813 2.6412158e-07 0.0009052396 0.33004183 3.733168e-05 0.010069106 6.4425744e-06 0.41231292 3.4380537e-05 1.422599e-06 0.012468258 0.00011307604 0.00059888634 0.00010312032 9.325309e-05 1.5345428e-05 1.5306594e-05 0.01866781 1.3258911e-05 0.0042560105 0.0041268435 0.0015075044 7.668102e-06 9.007747e-09 0.0030381023 0.2645296 0.00066739524 1.4682121e-06 0.00033950387 0.0013997045 4.6214432e-10 1.9323945e-06 3.041066e-06 0.00022381329 0.0006831928 3.9646662e-07 7.7537675e-07 0.049961522 1.5829515e-08 4.7560343e-07 0.009307837 1.5194337e-06
0.9955181 7.901135e-05 0.001763407 0.0051722736 0.00010697987 3.4576708e-05 0.024277328 0.10055591 0.8230394 5.781608e-07 0.004066454 0.6085988 3.884651e-05 0.89914083 0.06772875 1.6650928e-06 0.62484133 2.7209415e-12 0.96278375 0.001264067 0.7297307 0.63748986 5.5097744e-06 0.3239885 0.15857318 0.16851756 0.49084565 3.400855e-07 4.7114856e-05 2.4648062e-07 0.0001594967 0.22922994 5.023086e-05 0.40117896 0.04146627 0.009364228 7.909492e-06 0.49853805 0.38392743 0.18022735 0.0018387183 0.00061014405 0.2571608 0.0015958989 0.48114815 0.0009298943 1.0740302e-05 4.828167e-07 0.0002439328 5.3119848e-06 3.7882392e-06 0.0002134772 0.04807551 0.082535 0.00047417686 1.2319161e-07 9.819721e-05 1.1652958e-06 1.9158239e-05 0.00020616935 4.7183094e-06 3.130148e-05 0.26977238 3.2488657e-05 8.441974e-05 3.363636e-07 0.13361302 3.825311e-05 5.762287e-05 0.0063087516 0.0006007978 9.920025e-06 0.004992002 2.5896608e-07 0.0011012764 1.1563844e-05 0.004396864 9.253723e-06 0.008142427 0.00012580317 7.447949e-05 0.0014537955 2.7831281e-06 0.0004859446 0.09924621 2.1895989e-05 6.9521826e-07 4.4042145e-06 0.0018273704 3.9793937e-09 3.3050892e-05 9.71517e-07 7.427063e-08 0.0004014177 8.276197e-07 6.7579895e-06 0.041968558 2.5192566e-07 2.7210655e-07 0.0037791934 2.0280184e-09
0.9333823 3.9859287e-06 0.0003247557 0.0021364687 8.9578214e-05 3.732136e-05 0.015280344 0.04346135 0.57364106 1.93758e-06 0.0060453457 0.46669486 2.9028713e-06 0.32753545 0.0043196436 1.6907795e-07 0.20058268 0.96278375 4.99644e-13 0.0009353959 0.8405757 0.46145484 1.383456e-06 0.48277932 0.9038758 0.40664986 0.95057654 9.429642e-08 3.111324e-05 4.6740314e-07 3.8441816e-05 0.7351927 7.230603e-05 0.87507856 0.58631325 0.16107889 6.579496e-07 0.6515219 0.18538661 0.02778917 0.066191025 0.012520054 0.007120988 0.00061079056 0.41990975 0.026779719 1.9854758e-06 5.7678093e-08 0.0050534215 2.873474e-06 7.1015265e-06 0.005505127 0.01939236 0.10428836 0.010819127 3.81101e-08 1.0391349e-05 6.5521385e-07 0.00038306977 0.0017921003 2.3396005e-06 6.1839775e-05 0.012198223 0.00018604794 0.00057211134 9.391898e-07 0.017550712 3.0310684e-06 4.1927447e-07 0.00057133 0.026103474 5.2692594e-06 0.0799091 9.0361584e-07 0.02657871 1.4034484e-05 0.0007845606 6.0563005e-05 0.0008439121 0.00035711325 0.00031479495 0.004222616 4.0025083e-07 1.6407286e-05 0.036916986 1.1960118e-05 4.9435293e-06 8.29949e-07 0.000108145156 1.1950905e-07 0.00028775109 1.2585201e-06 5.299669e-06 1.4546117e-05 2.4405368e-05 0.00016104808 0.008268273 5.082907e-07 1.6421092e-07 0.00025100872 6.280762e-07
0.9633284 0.2694393 0.41253388 0.12115152 0.8333928 0.34572127 0.12280987 0.03833121 0.014785194 0.13532011 0.047925998 0.007547053 0.89570475 0.023701016 0.9084506 0.018968366 0.010364484 0.001264067 0.0009353959 6.8741783e-12 0.0018655218 0.0025503098 0.12895279 0.008569522 7.3079056e-05 0.0035356896 0.00032763724 0.031476144 0.92617416 0.001670872 0.91835344 6.650936e-05 0.34471676 7.728063e-05 0.00083261385 0.00011607948 0.0070750625 0.00012042015 0.004000963 0.7410248 0.00051372615 1.6141905e-05 0.52751297 0.92416924 7.100372e-05 9.4800875e-05 0.017019683 0.0007397657 1.5916201e-05 0.002426054 0.0011256568 1.2663668e-05 0.003669437 1.1395882e-05 1.1458982e-05 0.00032633846 0.13915555 0.0008702263 0.0001302775 3.4280612e-05 0.000508758 1.2129257e-05 0.23720993 3.646917e-06 0.000104357365 0.0005614094 0.02152313 0.002186927 0.0019819883 0.43063253 7.6293145e-05 1.7079687e-06 3.1401773e-06 2.1973639e-07 1.3117531e-07 1.8583426e-06 0.004573145 5.910612e-06 0.8280252 0.0005920801 8.4078274e-05 1.436274e-05 0.00017370938 0.002611 0.04615203 0.00016268685 6.0391073e-07 4.7092486e-05 0.020926997 2.3115905e-05 2.9145882e-08 1.0053686e-07 1.1498643e-05 0.044955675 6.626424e-08 5.710821e-08 0.45711657 3.5716328e-09 5.196829e-07 0.015753467 3.5778206e-07
0.16317987 0.00022229043 0.0006256413 0.0111372555 5.708466e-05 4.0810733e-05 0.11606153 0.037574753 0.4862075 2.9315865e-07 0.024480358 0.77785933 2.5154586e-07 0.14891961 0.0036040773 2.3272264e-07 0.028451096 0.7297307 0.8405757 0.0018655218 6.8173824e-15 0.9931107 2.8234076e-06 0.17776823 0.08066875 0.12385278 0.4222939 3.9053924e-07 0.00016791753 5.1876094e-07 1.6806773e-05 0.95401514 4.310536e-06 0.06419646 0.106474906 0.0130059095 1.470577e-05 0.3748925 0.033314653 0.0191346 0.01829812 0.003933588 0.0046950066 0.00076428667 0.09956348 0.012922734 2.7552078e-05 3.7318136e-06 0.0014851068 2.6957196e-07 1.3035114e-05 0.0015923621 0.0042390055 0.031224446 0.017042195 7.8453056e-08 8.7417275e-06 7.562921e-07 0.0013987398 0.00031299522 7.109702e-07 0.00014963822 0.007689372 3.7353993e-06 3.365388e-05 9.872525e-06 0.00473883 6.3609405e-05 8.821534e-07 0.0015017762 0.00017204866 3.3738266e-05 0.00134247 1.1349739e-06 8.402544e-05 2.127003e-06 0.00020966186 7.990807e-06 0.0011914377 4.274893e-05 5.4371094e-06 0.000781879 3.5140943e-07 1.780955e-05 0.009044639 5.6041915e-07 1.2432945e-06 1.0692835e-06 0.0008998596 1.2872994e-07 0.00012859848 1.8254856e-07 3.3898812e-07 0.0001663547 4.901984e-07 3.281019e-06 0.0041889804 2.4749523e-08 2.5591598e-06 0.00054813427 3.5253962e-07
0.073077135 0.0045029405 0.0030908848 0.3076902 0.0034588682 0.00084055704 0.27283123 0.38896498 0.55564475 4.4868648e-05 0.27433926 0.93831265 0.00071095704 0.057216153 0.0020449315 4.899273e-07 0.013644037 0.63748986 0.46145484 0.0025503098 0.9931107 2.1795481e-15 1.3183046e-05 0.029871495 0.033039197 0.015275462 0.16539009 4.6176597e-06 0.00034068254 1.133486e-05 2.8470873e-05 0.89471924 4.8182275e-05 0.1695522 0.082485735 0.0012099405 0.00017317611 0.8399612 0.022232007 0.013335622 0.0100006135 0.0013498086 0.0004520254 0.0010946544 0.8163842 0.005158997 0.00080683624 1.8734188e-07 0.0008916608 1.4994613e-05 0.0014067971 0.0007909975 0.0009152781 0.5584578 0.012297283 1.3995589e-07 4.912324e-06 9.281081e-05 0.0034806496 0.00022327562 3.9307943e-05 0.000490283 0.0060567576 9.782286e-05 9.926508e-06 0.00014854212 0.0010381836 0.000766372 4.7262736e-07 0.00038181205 0.00071813667 2.4503315e-05 0.016037388 4.0596384e-05 0.008690856 2.0834532e-06 1.8616365e-06 0.000288687 0.0007804628 5.3869935e-06 4.528033e-05 0.099086024 7.0816054e-07 1.9202753e-06 0.0022964042 5.5173253e-08 6.9231082e-06 4.1652672e-08 0.0005910117 1.423555e-07 0.002481523 3.582107e-06 1.5248727e-08 6.948156e-06 3.1173454e-06 8.4934145e-05 0.003839536 3.3652964e-06 8.870012e-06 6.593736e-05 8.171686e-08
0.78114235 0.00036034497 0.0033979022 0.0010307579 0.0296641 0.09657174 0.00012258216 0.0001400863 6.248691e-07 0.17994185 6.8200374e-05 4.0128757e-06 0.39100823 2.5048168e-06 0.0029595864 0.87714386 5.730406e-06 5.5097744e-06 1.383456e-06 0.12895279 2.8234076e-06 1.3183046e-05 1.04980064e-13 3.5561634e-06 1.3214641e-07 4.9375167e-08 7.850525e-07 0.9975739 0.58542573 0.6094039 0.28526372 1.5683796e-07 0.74156237 1.4385441e-07 5.6923767e-08 1.7870696e-07 0.76991487 3.840746e-08 4.380954e-07 0.026519591 1.9552633e-07 8.303744e-08 0.00025140907 0.07317873 1.4061217e-08 1.7899838e-08 0.55935085 0.1615158 4.2435897e-08 0.09482799 0.23957361 2.0480696e-08 2.7347704e-07 1.2689586e-09 1.580719e-08 0.0929955 0.051161956 0.042810805 3.021083e-08 5.1877645e-08 0.029150732 1.4202382e-07 0.004344066 1.5671432e-07 2.3389366e-09 0.025489336 0.00012477275 0.107760765 0.015304149 0.18931976 7.1711895e-08 1.458149e-09 1.8030396e-07 2.0062385e-09 2.4147491e-08 8.814957e-09 3.6148165e-07 1.18292476e-07 0.0017850224 1.2609715e-07 1.44800065e-08 5.618916e-08 0.0015039546 1.227008e-07 0.0003266467 3.8267998e-09 4.7271097e-08 5.7327534e-09 0.119735666 0.0003740301 1.44273775e-08 4.4735188e-10 4.7038395e-09 0.026480954 2.3228726e-10 1.42257175e-08 0.12731764 4.56751e-12 3.1591592e-09 7.1688075e-05 3.7990747e-10
0.97526956 6.68481e-05 0.0039871763 0.004789302 0.0015460565 2.3966531e-05 0.03844847 0.074926764 0.40256384 3.5242351e-06 0.01070506 0.12220803 0.0003957574 0.6023364 0.29786426 8.119457e-07 0.90920633 0.3239885 0.48277932 0.008569522 0.17776823 0.029871495 3.5561634e-06 1.8111194e-14 0.48554438 0.98396075 0.36332846 1.1137317e-06 0.00020533758 2.6878421e-08 0.0013481356 0.094758235 0.00030331736 0.21388598 0.25420445 0.48857084 9.143079e-06 0.034932323 0.91133183 0.20063172 0.11559469 0.10626907 0.50530636 0.0064742025 0.010456693 0.03687408 5.299843e-05 1.604821e-07 0.058653448 7.663401e-06 2.3758862e-06 0.07483116 0.5658504 0.0038901046 0.015578495 7.537234e-08 0.0006035328 6.4785837e-07 0.0038052832 0.0119347405 3.1294041e-07 0.0014808852 0.30948055 0.00010431487 0.050072554 9.2630336e-07 0.52338934 8.095083e-06 5.3119747e-06 0.012430789 0.0033589562 0.00064652745 0.012134269 0.0001040892 0.001224656 0.00039014473 0.042472716 4.655219e-05 0.005409569 0.022287121 0.001611262 2.650691e-05 8.4770555e-08 0.013512242 0.38707444 0.0037503573 2.4827254e-06 0.0007326936 0.0029001248 1.2192567e-09 4.9271097e-07 1.7945997e-05 0.0030077186 0.0010950877 2.7877851e-08 6.042123e-08 0.07328703 5.1977334e-10 2.2603144e-06 0.022719355 1.6560067e-05
0.9951843 1.7616436e-07 4.2771703e-06 8.27574e-05 2.3966202e-06 1.3520735e-06 0.00081169 0.0008599403 0.02613823 2.5143297e-08 0.00016267026 0.012537314 1.3517073e-08 0.032966893 0.00046551286 2.128286e-09 0.087743126 0.15857318 0.9038758 7.3079056e-05 0.08066875 0.033039197 1.3214641e-07 0.48554438 1.7314766e-12 0.6113547 0.9718676 2.4191087e-09 1.4357536e-05 7.75118e-09 8.034328e-07 0.3911725 3.066185e-07 0.7294301 0.60088825 0.39657685 1.6959842e-07 0.3872348 0.51535946 0.017694447 0.08898587 0.044925418 0.006691919 7.964555e-05 0.27900162 0.039927498 1.5960752e-07 1.0241002e-09 0.03451598 3.6248846e-08 7.4139325e-07 0.030356843 0.07522982 0.15108813 0.011227486 1.6340926e-10 9.241063e-07 3.5747696e-08 0.0007202272 0.011693163 6.9794496e-08 0.00035181956 0.027637629 0.0008341041 0.0017908307 2.8786275e-08 0.0626649 3.3474707e-06 1.8255184e-07 0.0002890275 0.061233435 0.00014743044 0.13147005 1.0611055e-05 0.038067605 0.00014979299 0.0028695802 0.000101232516 0.001012723 0.0014898598 0.0010308659 0.009080606 1.17672286e-07 7.706808e-05 0.19315414 0.00027853218 3.4074717e-05 3.4387554e-05 5.6517827e-05 2.090747e-09 0.000997846 3.7979033e-05 3.3010165e-05 7.0416468e-06 0.0005212964 0.0008916608 0.0042462517 0.0002756726 4.319443e-07 0.00092161435 1.0168176e-06
0.9536926 1.2222675e-05 0.0028313717 0.0053381184 0.000602591 1.3738908e-06 0.01689562 0.06549659 0.26315075 2.2248532e-06 0.0033087335 0.13435219 8.448724e-05 0.38784903 0.09613868 3.3352453e-07 0.9275508 0.16851756 0.40664986 0.0035356896 0.12385278 0.015275462 4.9375167e-08 0.98396075 0.6113547 8.825971e-14 0.3329254 1.2122734e-07 3.653826e-05 1.4903193e-08 0.00028226298 0.105521955 7.946938e-05 0.1127511 0.24624991 0.8176011 1.9324413e-07 0.017971467 0.92720616 0.084740706 0.17599048 0.35142893 0.19289428 0.0021093015 0.00666089 0.050712597 1.3749993e-05 3.199987e-08 0.2605385 2.4742424e-06 1.0004634e-06 0.36191818 0.5567332 0.0035600218 0.061176583 1.0335316e-08 0.00019246827 9.027725e-07 0.026088377 0.03361595 2.1723686e-07 0.0036006023 0.1457167 0.00025978475 0.14490977 8.241644e-07 0.35172608 5.6055865e-07 5.7153757e-06 0.0017953006 0.0022282372 0.0012427481 0.010931408 0.00037589995 0.0008648775 0.0020926462 0.033109047 0.0002468428 0.0017343131 0.04522079 0.0023174188 9.706285e-06 2.9497997e-08 0.008767879 0.30421552 0.008991502 1.1399524e-05 0.0013585474 0.0010784174 8.5194225e-09 5.215846e-07 6.8379275e-05 0.01617452 0.0008111401 2.6578254e-08 9.1103175e-08 0.026176041 1.417965e-10 4.599275e-06 0.01983525 0.00012863503
0.94683397 6.9556245e-07 0.0003785719 0.00063838664 2.2779584e-05 3.1896216e-06 0.0029163195 0.009259479 0.12984763 2.1930148e-06 0.001248756 0.1435088 5.006515e-07 0.08124741 0.0014585067 9.6631695e-08 0.07209981 0.49084565 0.95057654 0.00032763724 0.4222939 0.16539009 7.850525e-07 0.36332846 0.9718676 0.3329254 1.4716869e-12 8.1178584e-08 2.0289548e-05 9.4682086e-08 2.1222382e-05 0.7151235 7.156403e-05 0.89802986 0.92690194 0.55851895 1.30118e-07 0.5429145 0.27712202 0.019117353 0.20955907 0.11334688 0.0041200616 0.00028115988 0.28950423 0.13725476 3.2160872e-07 8.784398e-08 0.03326319 1.3882549e-06 2.6573389e-06 0.036478464 0.034822986 0.09850566 0.091050185 9.107498e-09 6.90875e-06 2.587133e-07 0.0018122672 0.007950785 9.0067164e-07 0.0007862327 0.009969377 0.0012429957 0.0045642043 4.2986696e-07 0.018950528 1.9549685e-07 3.1416553e-07 0.00023199529 0.13473386 0.00020880542 0.21355796 8.642389e-06 0.059194144 0.00036836843 0.0013904878 0.00042212132 0.00037401117 0.0009798999 0.0013809649 0.003007046 1.5461447e-07 4.12205e-05 0.06658621 0.00013937258 5.7083576e-05 5.5719524e-06 1.6141565e-05 1.9712141e-08 0.0004957627 4.8367354e-05 3.6114674e-05 3.9971624e-06 8.1567654e-05 0.00055803 0.006069504 1.1505608e-05 1.2352684e-06 0.00035366623 1.9808476e-06
0.84888417 1.26027535e-05 5.5052446e-05 2.221636e-05 0.0048922044 0.008500429 4.5168426e-06 3.383814e-06 2.6847424e-08 0.029181788 4.64511e-06 8.476926e-08 0.057178285 1.5807318e-07 8.911835e-05 0.6548707 1.0407052e-06 3.400855e-07 9.429642e-08 0.031476144 3.9053924e-07 4.6176597e-06 0.9975739 1.1137317e-06 2.4191087e-09 1.2122734e-07 8.1178584e-08 1.5098658e-13 0.24212669 0.55358005 0.04528894 8.452962e-09 0.41200966 1.7117976e-08 3.237329e-09 9.29379e-09 0.8234357 2.4876392e-09 1.08056945e-07 0.009111427 1.3875626e-08 3.966731e-09 0.00015943327 0.025998162 4.3762583e-08 3.660951e-09 0.7184139 0.5053088 1.562431e-08 0.16805308 0.49873707 7.986864e-09 7.969516e-07 1.42606265e-08 1.3410136e-09 0.20986307 0.059051506 0.067154944 2.7390573e-08 4.413064e-08 0.04726336 2.3095332e-08 0.0012491693 1.682856e-08 6.135771e-09 0.04598202 2.2883598e-05 0.1257244 0.04713941 0.09123519 1.1973202e-08 3.175911e-10 4.8596767e-09 1.2939299e-09 1.5767765e-09 1.6371162e-09 3.0290628e-06 3.1419567e-08 0.000512595 5.085186e-07 3.3173952e-09 7.3100345e-08 0.0033011944 2.902946e-06 0.00081467605 8.270484e-09 1.8330926e-08 7.1108246e-08 0.26319543 0.002694747 3.256967e-10 1.9764224e-10 5.392032e-09 0.040688954 2.223432e-10 2.631537e-10 0.07396374 4.6045715e-12 4.9883555e-09 0.00018108434 3.381681e-10
0.9555686 0.032328486 0.05399444 0.0058490764 0.7275235 0.60547286 0.002642787 0.0009704383 0.0002460937 0.61930716 0.0012503379 0.00020035896 0.9523511 0.00027152192 0.030790042 0.44837263 0.00041838558 4.7114856e-05 3.111324e-05 0.92617416 0.00016791753 0.00034068254 0.58542573 0.00020533758 1.4357536e-05 3.653826e-05 2.0289548e-05 0.24212669 2.639347e-11 0.11969722 0.9739943 1.2545996e-05 0.7758034 2.2245977e-05 0.00010316182 1.4655899e-05 0.049804054 5.6518343e-06 4.612323e-05 0.07350947 8.273376e-06 1.3970085e-06 0.013036321 0.39933357 3.5110645e-06 1.4702605e-06 0.0391362 0.003601732 1.0044988e-06 0.016533755 0.0039604832 5.2853017e-07 0.00012868692 9.711575e-07 1.627005e-06 0.00082558714 0.100097895 0.0011253041 8.259284e-07 5.788604e-07 0.00056678086 5.7135856e-07 0.013599759 3.6264548e-06 4.00076e-07 0.0002871543 0.0014848908 0.0050396523 0.0027727196 0.6219626 4.4199913e-07 2.847046e-07 1.2458896e-07 3.953475e-09 4.1530248e-07 4.507569e-08 0.00059289776 3.6021029e-06 0.03216304 4.9883306e-06 5.1224724e-06 1.2216236e-06 0.00043187122 0.00026221207 0.0068223407 1.194604e-07 2.2931661e-07 3.085754e-07 0.019016488 3.5829256e-05 1.5290289e-06 4.5308852e-08 3.391309e-08 0.025001656 7.219539e-08 8.6403566e-07 0.33637443 2.1909262e-08 6.0016816e-08 0.0026042794 6.8785005e-10
0.0716041 1.0804592e-05 2.1874408e-05 5.816677e-05 0.005241369 0.29433352 1.5813795e-06 4.250009e-06 8.9715556e-08 0.59489876 1.4380179e-06 1.302267e-06 0.16493002 3.0590158e-08 1.8026272e-05 0.99480057 6.669345e-08 2.4648062e-07 4.6740314e-07 0.001670872 5.1876094e-07 1.133486e-05 0.6094039 2.6878421e-08 7.75118e-09 1.4903193e-08 9.4682086e-08 0.55358005 0.11969722 2.120354e-15 0.0045540645 4.108702e-07 0.04541773 8.497745e-08 4.7977245e-08 3.8337802e-07 0.2911336 9.945615e-09 9.841508e-07 0.00011444136 6.462697e-08 3.851194e-07 6.3447027e-07 0.0030960315 2.8078432e-07 8.4037104e-08 0.098071665 0.9513806 8.0286674e-07 0.008267403 0.09762343 4.3612948e-07 2.0498311e-07 1.9301972e-06 2.943147e-07 0.9018452 0.0011714537 0.013036886 2.922443e-06 2.3857666e-07 0.011287979 2.0789209e-07 6.1303235e-06 1.9525223e-07 3.442934e-08 0.008929594 2.8728917e-07 0.040401135 0.022019627 0.030396245 1.4106266e-06 1.0914914e-08 4.2286968e-07 2.898322e-09 2.66696e-07 1.30977735e-08 7.617194e-09 1.8002201e-07 6.898831e-05 2.924887e-07 1.1318538e-07 1.7602758e-06 0.0021602174 6.346806e-08 1.5805517e-06 1.4891023e-09 4.315467e-08 4.254569e-09 0.02214079 0.0032816012 1.5553509e-07 3.0686857e-09 1.6561888e-10 0.002385745 3.1013883e-10 4.535656e-09 0.02063997 6.251596e-10 4.871839e-07 5.033326e-06 2.3793825e-10
0.9080882 0.004032795 0.008022278 0.0011625935 0.09142575 0.031877376 0.0018798171 0.00036450516 2.6949769e-05 0.020777727 0.0016321366 0.0001785607 0.23324324 0.0012459237 0.3936031 0.025198324 0.0006824088 0.0001594967 3.8441816e-05 0.91835344 1.6806773e-05 2.8470873e-05 0.28526372 0.0013481356 8.034328e-07 0.00028226298 2.1222382e-05 0.04528894 0.9739943 0.0045540645 2.6324175e-16 1.8246953e-07 0.9369737 1.6539431e-08 3.5649477e-06 3.9337697e-06 0.1620591 2.1318458e-08 0.0005698371 0.30398217 9.186005e-07 4.303992e-08 0.26028106 0.90356857 1.5214977e-07 2.0564003e-07 0.083149776 0.0079811085 1.4057824e-06 0.07045684 0.007048921 2.9288462e-06 0.00062529865 1.8415136e-08 8.617808e-09 0.0010753458 0.839875 0.0046178205 4.747019e-06 3.4562447e-06 0.0010118406 8.8770906e-07 0.102096096 9.56787e-09 1.1124017e-06 0.000684661 0.006136141 0.008766374 0.00245252 0.6546324 1.8197122e-08 3.6131226e-08 9.1013636e-10 1.0728677e-08 1.8912756e-10 5.614764e-10 0.0022604666 1.1840732e-08 0.023901049 0.00020619237 1.6263705e-06 1.2418658e-07 0.000717093 0.0009796552 0.018795056 4.0151167e-07 1.2351545e-09 9.780839e-07 0.11443555 2.2149485e-05 2.22863e-09 9.633604e-10 3.5598057e-07 0.48197824 6.236875e-10 2.4541633e-10 0.3696522 1.3603361e-11 4.4194723e-09 0.015410258 4.8631166e-09
