2.621348e-21 0.8673545 0.9349195 0.98782486 0.9883307 0.8903275 0.9252994 0.9867953 0.73521435 0.9815833 0.9721734 0.93488246 0.88315916 0.9447812 0.9830879 0.49480814 0.9793682 0.6449816 0.8065335 0.9387414 0.9332482 0.94002986 0.65511256 0.9469764 0.9905589 0.87970954 0.99507475 0.7876151 0.98811686 0.12237979 0.9536646 0.043462634 0.21903872 0.005389126 0.992515 0.27311707 0.9993444 0.39083898 0.9478084 0.97591794 0.94506454 0.96041274 0.9884538 0.024289716 0.6520674 0.068899505 0.9915796 0.8759634 0.43576312 0.9911263 0.9864668 0.5980762 0.9802863 0.9279934 0.9406219 0.99853766 0.15505783 0.93865806 0.97031415 0.6958052 0.98926336 0.71469545 0.9873726 0.68310636 0.92114747 0.9758994 0.0021486436 0.0019117285 0.05021483 0.06247287 0.98840743 0.009321034 0.004254882 0.8787349 0.4563629 0.71182984 3.966088e-05 0.9998997 0.93366134 0.35500094 0.9996657 0.4827697 0.05438123 0.0015817877 0.98720604 0.99794084 0.03191194 0.75951296 0.11497765 0.8975877 0.982812 0.0030515278 1.286097e-05 0.923946 8.464709e-05 0.000866396 7.0609436e-05 0.05560957 0.91232264 5.5915793e-06 0.9978271
0.8673545 8.4078555e-21 0.9810684 0.9719677 0.48354608 0.77862966 0.1759533 0.5453631 0.5884177 0.10809211 0.8078278 0.32379147 0.12518232 0.02625763 0.013443489 0.087312594 0.2629818 0.01996433 0.20104527 0.24460407 0.006511034 0.123279124 0.05646266 0.0889303 0.3621271 0.019356007 0.015176105 0.019476496 0.058013126 0.0087410575 0.016802134 0.003751028 0.0019573662 0.0015256272 0.21773978 8.889307e-05 0.3584499 0.005711508 0.02620131 0.010826951 0.0025985995 0.04742499 0.0002662217 1.2737163e-05 0.0006851459 2.5153435e-05 0.056496248 0.0006540752 0.00042220016 0.014668723 0.19973423 3.2682572e-05 0.03676675 0.0005862541 0.0001696152 0.057861347 4.2603247e-06 1.2033972e-05 0.0348373 1.0165418e-05 0.022935638 5.5093165e-06 0.018818853 1.12310245e-05 0.0019949214 0.015204818 3.4692296e-06 6.8898356e-07 1.8827872e-06 3.9129477e-06 0.014811804 5.6732997e-08 3.825116e-08 0.0002277786 2.215026e-06 0.0014264028 2.7603454e-08 0.21781276 0.010059005 4.047586e-06 0.0082295025 7.896807e-06 2.6229255e-08 2.7061227e-09 0.01784306 0.025385853 3.1139518e-08 3.1991815e-06 9.486069e-08 0.0035500813 0.00023822709 5.8110374e-09 2.7448523e-08 0.0009827727 2.9283823e-10 7.357141e-09 7.74788e-10 1.7848213e-09 4.683415e-05 6.840888e-09 0.020801133
0.9349195 0.9810684 1.1569975e-15 0.8589058 0.8869537 0.64935505 0.32376456 0.005995618 0.89522105 0.553027 0.2536715 0.065540805 0.3155034 0.22947928 0.40427065 0.5282897 0.04046178 0.295835 0.06352661 0.028361563 9.335498e-05 0.01116507 0.027419467 0.47027144 0.5898613 0.012873838 0.00045072322 0.033924732 0.011963012 0.01373062 7.149847e-05 0.06243161 0.009729371 0.03610607 0.043904934 0.005465313 0.4149339 0.005546074 0.023262493 0.00011339764 0.0015647636 0.008242478 2.4499122e-06 0.013338853 0.0002118276 0.00077075145 0.0055013006 0.0071784398 0.009864823 0.01519323 0.2833875 6.5313984e-06 0.008083243 1.5165405e-05 1.0208134e-05 0.22946246 0.0026179778 4.7498017e-07 0.003239374 6.9495254e-05 0.007850459 8.2226836e-07 0.0061238413 3.780094e-06 0.00024672324 0.00023074928 0.0015124985 0.001346328 0.00015490384 0.0018243894 0.0036191563 9.434796e-06 0.00019181448 1.241371e-05 2.077489e-06 0.001691436 0.00018594223 0.18802905 0.00024591255 1.4508205e-06 0.0017987755 9.725163e-07 1.173736e-05 1.1299706e-05 0.00088804186 0.011941759 7.601027e-07 3.7399064e-07 3.7235445e-08 0.0022325795 1.3477403e-06 3.8861085e-08 1.8009905e-06 9.412921e-06 4.470606e-08 2.424851e-07 1.6872334e-06 2.2404198e-08 2.3199384e-05 2.2304682e-06 0.0015790496
0.98782486 0.9719677 0.8589058 3.5781996e-16 0.7701057 0.5046889 0.43123367 0.026596472 0.71829927 0.79712796 0.4666611 0.18626304 0.22474274 0.14416164 0.64209473 0.32928443 0.086763926 0.294748 0.027377222 0.025959441 5.5495766e-05 0.0010463946 0.003009466 0.3093993 0.71743447 0.012341671 0.00038716965 0.093104385 0.022487137 0.046021923 0.00020398849 0.11256603 0.0110383555 0.022205802 0.07789952 0.015571795 0.6809137 0.010867503 0.014531352 0.00020151718 0.0022178604 0.010306542 5.417635e-07 0.009451565 3.0501531e-05 0.0017710469 0.02369254 0.0046766605 0.016540466 0.063658774 0.642399 3.601237e-06 0.023515766 1.771904e-06 1.9904932e-05 0.5324951 0.0028437981 5.644352e-08 0.015126595 1.2875205e-05 0.046701472 1.4771317e-08 0.01705064 6.4602284e-07 2.3899931e-05 0.000483374 0.000666858 0.0014630621 0.0006803612 0.00030741186 0.014149793 8.999449e-06 9.746138e-05 1.0669298e-07 5.6775864e-08 0.0005079152 2.187949e-06 0.62341654 0.0006112746 2.108183e-08 0.013788692 2.2823686e-07 2.0494629e-06 1.4126238e-05 0.0061336216 0.06924212 4.6717255e-06 6.608199e-08 7.8042035e-08 0.009603172 1.9404997e-06 1.979873e-08 1.10308676e-07 1.9396626e-05 1.801107e-08 1.7800176e-07 7.968695e-07 5.576346e-09 0.000130659 1.0931834e-06 0.015283154
0.9883307 0.48354608 0.8869537 0.7701057 1.981858e-14 0.026321148 0.0727489 0.00040390895 0.40203357 0.29088387 0.019066041 0.0060016704 0.8703008 0.844969 0.8921272 0.28379977 0.005034395 0.27924764 0.002023063 0.0016030958 3.8643852e-06 0.00024830783 0.0007984854 0.9062498 0.7654465 0.11659531 5.9141334e-05 0.010166708 0.16610785 0.0048380895 1.176006e-05 0.09402212 0.26129207 0.06992201 0.010108993 0.28539678 0.54961044 0.0006213335 0.029392045 5.1218398e-05 0.006605494 0.0034688562 2.0868944e-07 0.05458271 1.977671e-06 0.087154984 0.0026140125 5.319962e-05 0.000949064 0.077895135 0.5626323 6.440151e-07 0.007828878 8.823554e-07 5.0734343e-07 0.8302578 7.519332e-05 6.43647e-08 0.0029642384 6.4000164e-07 0.016499253 1.3610674e-08 0.016219638 1.722932e-07 4.8623613e-05 8.8307264e-05 0.0014797874 4.4881403e-05 0.024300285 3.3038443e-05 0.0033098601 5.0492804e-07 0.01625634 1.4395691e-07 1.0568113e-07 0.0069417027 1.47193505e-05 0.37058106 0.00030667917 4.1820243e-08 0.0020753348 5.539141e-08 6.9315374e-06 0.0037946382 0.00042630645 0.0803864 1.5080882e-06 2.0103267e-08 2.3513998e-08 0.01688519 6.857276e-07 2.8538846e-08 5.258735e-07 3.9133266e-07 4.18865e-08 2.8452658e-07 6.488415e-05 9.9232365e-09 0.00078266015 1.2767069e-05 0.00061959174
0.8903275 0.77862966 0.64935505 0.5046889 0.026321148 3.606895e-17 0.9805259 0.830483 0.8042261 0.6491854 0.41365212 0.8732444 0.005211101 0.001737978 0.009110988 0.15527955 0.4016259 0.1807962 0.52774674 0.17868271 0.003832889 0.049753226 0.15931948 0.0009977022 0.061602555 0.0002905328 0.0052442993 0.7777614 0.00032094738 0.41489452 0.0026907471 0.0462206 4.4921657e-05 0.0060248156 0.010633159 4.941137e-05 0.088429704 0.2544952 0.00046751174 0.0004597532 5.2334894e-05 0.0011582924 2.221854e-05 0.00022693817 0.0020728188 2.6417563e-06 0.014707447 0.07180673 0.20084302 0.0009953188 0.055409763 1.235831e-05 0.0015243691 8.514761e-05 5.6901765e-05 0.019082285 0.06288451 2.9960383e-06 0.0027131275 0.00065874925 0.00095542223 2.712928e-06 0.0001348135 2.4714593e-06 5.5297754e-05 0.00083351927 0.0006381453 0.008051303 1.0087227e-06 0.020250054 0.0018960545 0.005149505 7.6354644e-07 2.2743e-06 1.3299621e-06 1.31244005e-05 0.00039801098 0.061092757 0.00020952671 7.004024e-07 0.0010127906 3.9223985e-05 3.6053767e-05 1.609825e-08 0.0027007544 0.0025300179 3.524852e-05 1.5104688e-06 1.8098905e-06 0.00018555764 3.360587e-05 8.613105e-06 8.520097e-05 0.000108233995 1.0543289e-05 4.6857607e-05 6.3955476e-08 1.1814366e-07 4.979273e-07 3.5638953e-07 0.0064275945
0.9252994 0.1759533 0.32376456 0.43123367 0.0727489 0.9805259 1.2114416e-14 0.7638654 0.7399927 0.87538266 0.06891792 0.7398783 0.0019296028 0.0013554872 0.075528674 0.23675597 0.32732308 0.29851663 0.42823824 0.08349735 0.002976994 0.03414469 0.10942227 0.0012773975 0.05165221 0.00019730332 0.0036904956 0.8197021 0.00021084589 0.5686772 0.0010292344 0.15250961 7.156975e-05 0.019655032 0.003820346 0.00013479113 0.15378349 0.29794544 0.00026616585 0.00029939963 1.2019761e-05 0.00029114107 6.3655607e-06 0.014599291 0.0020874618 7.960898e-06 0.013565877 0.20008746 0.49934027 0.00041382766 0.07318358 2.8613124e-05 0.00040136298 5.49878e-05 0.00012605151 0.078577906 0.37789968 1.7502088e-06 0.0009411467 0.0038870913 0.00015075877 4.9279156e-06 0.00010471366 1.8726902e-05 0.00019936611 0.00031008417 0.00809317 0.089960314 1.0628738e-05 0.14750224 0.0013764084 0.13484325 5.045283e-06 4.416353e-06 4.599727e-06 1.4518585e-06 0.006064285 0.035781007 3.294079e-05 1.8013684e-06 0.00013486443 3.886563e-05 0.00022301663 6.1857236e-07 0.0013654444 0.001800866 0.00033890657 2.2177971e-06 5.3210706e-06 5.5787088e-05 7.743847e-06 0.0013409986 0.0040623187 1.7045737e-05 0.0017536065 0.0017968123 1.2478761e-06 1.3168571e-05 5.67119e-08 2.1445674e-05 0.0023281137
0.9867953 0.5453631 0.005995618 0.026596472 0.00040390895 0.830483 0.7638654 2.481838e-13 0.008146419 0.07149861 0.9781468 0.95110345 0.0016635336 7.1878385e-05 0.00021150503 0.001262274 0.5107545 0.0024533917 0.39035237 0.057321347 0.0035013778 0.010818421 0.0049431175 0.0001350683 0.012675293 0.00018449468 0.0068206196 0.8317817 0.00024869767 0.22391166 0.00019470157 0.0009463263 9.825753e-05 4.2675896e-05 0.021592872 1.0004439e-05 0.03159153 0.2844296 0.0010624568 7.839132e-05 7.930777e-06 0.010833408 3.809233e-06 9.392575e-06 4.9217047e-05 1.0358253e-05 0.009197297 0.00714026 0.5895001 0.0038987005 0.016306827 1.8844838e-05 0.009946163 8.0114005e-06 1.7572525e-05 0.0016089604 0.14734913 1.0835947e-06 0.010422296 0.0004543755 0.007420523 8.063155e-06 0.0022044522 8.52806e-06 1.04504015e-05 0.0005152037 1.2429133e-05 0.0012190756 2.8148902e-06 0.027133308 0.00554098 0.006035624 5.902475e-07 1.3973656e-06 6.0012206e-07 9.484333e-06 1.9274095e-05 0.082756616 0.0007228875 2.5206288e-07 0.012063694 4.924543e-06 8.257808e-06 3.2830425e-07 0.000948621 0.0013383296 4.0380033e-05 3.7458374e-06 2.6566852e-06 0.0008481723 1.1799159e-06 4.2226846e-05 8.02002e-05 3.151225e-05 2.3223289e-05 2.7475644e-05 1.3613271e-06 3.2037492e-06 6.3103795e-07 1.3216525e-06 0.0033238148
0.73521435 0.5884177 0.89522105 0.71829927 0.40203357 0.8042261 0.7399927 0.008146419 3.9384213e-17 0.886138 0.06351682 0.08338026 0.021701692 0.026777348 0.33940533 0.9693277 0.024188729 0.9510854 0.010684039 0.005572447 0.0005221824 0.00052865216 0.0023785483 0.11102496 0.105985045 0.00057099253 0.0016344521 0.041958574 0.000744376 0.40502447 2.1037478e-05 0.2653216 0.0003463636 0.115875505 0.0027136065 0.0011101419 0.04732993 0.0018309265 0.0005142004 2.8199727e-05 0.00013730646 0.000100871606 9.165197e-07 0.010529363 5.47329e-07 5.5525088e-05 0.0011455814 7.353783e-05 0.0033934237 0.0011079103 0.028072264 3.5942395e-07 0.00061768526 6.4685673e-06 3.5511982e-06 0.024435984 0.0007483274 8.605459e-08 0.0001574555 4.283189e-07 0.0005155092 1.0252622e-07 0.000107921886 8.478139e-08 3.4120842e-06 0.00011166173 0.0006646837 0.0022437398 3.0248528e-05 8.091453e-05 0.00030548734 2.5643647e-05 1.7658489e-05 4.6264038e-08 2.6458935e-08 2.2119953e-05 0.00011737433 0.027735332 1.1954946e-06 1.7938117e-08 0.00013964971 2.6402563e-07 1.1700311e-07 4.1067275e-07 0.0005180952 0.00077402557 6.53445e-08 1.6825535e-07 3.616722e-08 0.00017787356 2.2658892e-06 3.952459e-08 8.701247e-06 3.333339e-06 8.994361e-08 2.7106304e-07 3.414335e-07 3.816429e-08 5.2335467e-06 1.3084527e-06 0.00092552236
0.9815833 0.10809211 0.553027 0.79712796 0.29088387 0.6491854 0.87538266 0.07149861 0.886138 2.4778034e-13 0.034048457 0.28273475 0.00016989186 0.0012404693 0.26070318 0.74089414 0.032367043 0.8112452 0.004943103 0.0035254138 0.00045813186 0.00045473425 0.0007257472 0.004665055 0.10513479 5.4650864e-05 0.0012008138 0.5766944 2.4466959e-05 0.9273315 6.0454862e-05 0.8311434 2.2207101e-05 0.34437895 0.00048137613 0.00067018473 0.16009723 0.026323609 9.616767e-05 5.8745485e-05 1.852952e-06 0.00014695514 3.70932e-05 0.14141078 1.6008048e-06 7.7459185e-07 0.0038749955 0.012782273 0.23134442 0.00010289114 0.098543465 2.2962716e-07 0.00014036887 4.7536196e-06 1.7677714e-05 0.19384277 0.39843044 6.6691036e-06 0.00034665293 1.5058583e-05 0.00010559556 1.4719548e-07 1.7918037e-05 4.899315e-07 4.4952703e-06 3.879497e-05 0.16082019 0.5814976 3.3601398e-06 0.0070061963 0.00043802024 0.1393184 0.00032537043 1.0314289e-07 1.6378645e-07 2.503454e-07 0.08976112 0.01908603 6.7566166e-06 1.5647105e-07 5.459884e-06 1.8016819e-07 4.226674e-08 9.781517e-06 0.0009734503 0.00033487254 5.0946005e-06 3.1333506e-08 1.3233834e-07 7.009056e-05 2.1072074e-05 3.621611e-05 0.05817944 7.0031296e-05 0.0056818905 4.6293728e-05 0.00011061603 4.3597151e-07 8.1788016e-07 0.0028689385 0.0029255315
0.9721734 0.8078278 0.2536715 0.4666611 0.019066041 0.41365212 0.06891792 0.9781468 0.06351682 0.034048457 4.5658854e-14 0.43767717 0.042265635 0.0069670845 0.00017962168 0.005769205 0.6797294 0.0028752943 0.52895254 0.52083486 0.55129844 0.7854179 0.26894194 0.0007366192 0.1590174 0.0013715602 0.4162042 0.07910816 0.008555011 0.0013254557 0.7037226 0.0004999101 0.000111351954 4.561532e-05 0.38219103 2.101145e-05 0.14313187 0.19935305 0.009244392 0.24662934 0.0014594792 0.11722601 0.0018610464 2.2781518e-07 0.16057973 4.051861e-06 0.62966645 0.38747737 0.02402017 0.032828864 0.098543465 0.095338166 0.08346604 0.022036962 0.023828642 0.0027347486 0.0022576756 0.00024896915 0.20603178 0.067357406 0.050221898 0.011296142 0.010303309 0.007555544 0.052859485 0.1323519 5.0012462e-05 0.00022690183 2.1556205e-06 0.009395519 0.17977265 1.1110039e-05 1.3488948e-06 0.01385267 0.0009760224 0.0025961658 6.925069e-06 0.52389616 0.131425 0.0010451853 0.18535675 0.008158777 0.009281538 2.8086143e-07 0.17317083 0.025994888 0.00095764484 0.0035677117 0.0018873237 0.0036557482 0.00026460883 1.454616e-05 1.6510552e-05 0.011869683 2.4420183e-06 1.9625717e-05 5.139631e-07 7.26771e-06 0.00013737808 8.845653e-07 0.26677957
0.93488246 0.32379147 0.065540805 0.18626304 0.0060016704 0.8732444 0.7398783 0.95110345 0.08338026 0.28273475 0.43767717 1.2703593e-15 0.0012206315 0.00022358885 0.0021479786 0.017178863 0.9038926 0.03560448 0.93755925 0.45299283 0.03934791 0.15952976 0.41158563 6.121283e-05 0.036154974 3.1762218e-05 0.0128398 0.91753465 0.00047809305 0.15295117 0.013986138 0.0361779 1.660441e-05 0.0052293735 0.020333571 5.3897453e-05 0.07390076 0.77521336 0.00040813227 0.0012191883 4.476413e-06 0.00083550246 6.669591e-05 0.00014717379 0.0060307276 3.1131265e-06 0.06734194 0.5498956 0.6284255 0.0012900617 0.0331455 0.00031139966 0.0014343646 0.00018436978 0.0007857249 0.006943782 0.40326124 3.4126963e-06 0.003571291 0.03374428 0.0007127888 8.4528096e-05 0.00026395178 4.2363255e-05 0.0007882275 0.0020748607 0.002387351 0.034402106 6.2936533e-07 0.35798156 0.005173038 0.11487213 4.4576066e-07 6.9448706e-06 5.747658e-06 5.5049054e-06 0.000911918 0.045122955 0.0003917296 3.9031866e-06 0.0015023584 0.00014585798 0.0014218143 1.0301327e-08 0.004669684 0.0024575386 0.0034081624 2.0031226e-05 2.8726481e-05 0.00017734982 4.3424945e-05 0.0035781946 0.0009835729 7.428251e-05 0.00093134574 0.008665316 6.139146e-08 0.00016151967 2.5998312e-07 1.9760664e-06 0.0055294647
0.88315916 0.12518232 0.3155034 0.22474274 0.8703008 0.005211101 0.0019296028 0.0016635336 0.021701692 0.00016989186 0.042265635 0.0012206315 1.0589684e-18 0.9838693 0.044516847 0.00811418 0.0016465755 0.00066119974 1.2666603e-05 6.694495e-05 1.65413e-05 6.0451544e-06 9.543563e-06 0.34885362 0.89453083 0.93522775 0.00018914996 5.777348e-05 0.70727926 4.272493e-05 9.805155e-06 0.00014750737 0.29393056 0.00041695422 0.023053344 0.007512699 0.28073075 1.9306206e-06 0.23769307 0.00015811775 0.11909312 0.01884689 4.4547e-07 3.9098722e-05 1.1259937e-07 0.02790896 0.0033310386 1.574006e-07 4.136676e-07 0.23864444 0.4489372 5.1538972e-08 0.04035694 6.207586e-06 1.5274337e-07 0.53161573 2.6238425e-07 3.5100967e-08 0.012669244 3.5948375e-08 0.20673652 9.936651e-08 0.23538595 8.947649e-08 1.2452055e-05 0.00091794296 7.175154e-07 3.0652245e-08 0.0035420987 1.2390433e-07 0.0111493915 7.287896e-09 1.4933505e-05 5.818269e-07 5.6515375e-08 0.021169985 1.8476767e-09 0.42207494 0.00034595688 1.9140092e-08 0.019318383 6.402758e-07 1.08781695e-08 2.7076192e-06 0.0035932804 0.26640016 4.6096136e-09 6.1386396e-07 1.9325933e-08 0.11622623 2.3740822e-05 7.2723987e-09 1.4744428e-07 1.6800732e-05 1.1781022e-10 8.776891e-09 6.927566e-08 1.4026548e-09 0.0043398472 3.4750638e-08 0.0076652695
0.9447812 0.02625763 0.22947928 0.14416164 0.844969 0.001737978 0.0013554872 7.1878385e-05 0.026777348 0.0012404693 0.0069670845 0.00022358885 0.9838693 5.6543316e-15 0.45679846 0.029555615 0.00015699728 0.0086087445 2.2863203e-05 2.6000795e-05 5.56748e-06 8.663687e-06 2.6901185e-05 0.86171085 0.8193163 0.88943326 4.4800217e-06 0.0005251864 0.7112561 0.00057666603 2.588077e-06 0.0063261907 0.6655446 0.0118384585 0.004654851 0.46850467 0.22938691 3.611102e-05 0.06984203 2.9278185e-06 0.022532664 0.004394925 4.764142e-07 0.01777648 7.422843e-08 0.24418779 0.00060866703 8.777979e-07 7.78778e-06 0.121890455 0.4106392 1.3333585e-07 0.007820827 3.1183282e-07 6.6344904e-07 0.5033954 5.306711e-07 3.395244e-08 0.0021156194 1.1305555e-06 0.038209565 3.8615852e-08 0.02480116 4.484766e-08 8.927639e-07 8.215414e-06 0.0008659525 2.793704e-06 0.13406493 5.706569e-06 0.002109589 2.3064615e-07 0.016123366 7.1583264e-09 3.3382605e-08 0.0050373627 1.9317845e-06 0.2143694 2.306365e-05 7.39785e-09 0.0024833803 8.569851e-08 1.7607617e-07 0.0028021855 0.00019172597 0.101825066 3.170419e-06 1.325565e-07 4.8406775e-08 0.016193457 2.9366313e-07 6.170973e-08 2.8096688e-06 2.1519469e-07 1.8306092e-07 3.1999613e-07 2.831712e-05 4.435003e-08 0.00045354536 8.235913e-06 0.00031561108
0.9830879 0.013443489 0.40427065 0.64209473 0.8921272 0.009110988 0.075528674 0.00021150503 0.33940533 0.26070318 0.00017962168 0.0021479786 0.044516847 0.45679846 3.3218556e-11 0.6816946 0.00036086718 0.65223384 3.020546e-05 1.0913599e-05 1.8648609e-05 7.496005e-07 5.4417933e-06 0.9325536 0.35151935 0.004897533 3.588157e-05 0.0078958515 0.0022587653 0.042332206 1.823269e-07 0.77443874 0.12689824 0.82572585 2.5385723e-05 0.7310837 0.10647189 8.0555765e-06 0.0002130578 1.6012697e-07 0.0009610437 4.192655e-06 1.5722981e-06 0.7262477 4.94231e-09 0.02366252 6.705331e-05 4.567341e-06 0.00029239152 0.0006899733 0.10669214 2.9940685e-09 1.924733e-05 7.5637615e-08 4.3333043e-06 0.41461685 0.00016207485 4.799575e-07 8.897419e-06 3.958464e-08 6.5963155e-05 6.480023e-09 5.7765657e-05 2.1503979e-09 1.7100975e-08 8.138606e-07 0.056991193 0.0060043526 0.097986475 9.459311e-06 2.4981957e-05 7.667382e-05 0.30577388 7.982184e-10 6.780855e-10 0.00019479425 0.0021788683 0.014787543 1.0426777e-07 5.6599564e-10 2.5921662e-07 7.074852e-08 9.573597e-10 0.0889648 2.4261744e-05 0.0045123184 1.8423084e-07 2.2388935e-09 4.3267335e-08 0.0008970911 2.8075675e-07 7.032744e-07 0.0004787197 1.3527131e-06 9.159958e-08 3.369381e-08 0.009752963 6.432052e-08 0.0005563739 0.003865298 4.368072e-05
0.49480814 0.087312594 0.5282897 0.32928443 0.28379977 0.15527955 0.23675597 0.001262274 0.9693277 0.74089414 0.005769205 0.017178863 0.00811418 0.029555615 0.6816946 6.028069e-19 0.0056102267 0.9795941 0.0013612474 0.0004917025 3.067583e-05 1.2406786e-05 0.00042540603 0.30143577 0.04567679 0.0002773161 0.00018936582 0.026348323 0.00016598291 0.41945076 1.7826193e-06 0.76335436 0.00048861123 0.629853 0.00017447227 0.011793968 0.014133173 0.00030333648 0.00016865997 6.930694e-07 0.000105246494 3.2389553e-06 1.5276478e-07 0.1735708 5.466188e-08 1.2439652e-05 1.7483295e-05 0.00014647174 0.0071910988 0.00016594176 0.0090893 1.5005305e-08 1.5671298e-05 1.3896233e-06 2.2668561e-07 0.030881014 0.0017949301 3.687821e-09 5.4252378e-06 3.1373978e-07 4.387935e-06 1.9618893e-08 3.9467413e-06 3.9502486e-09 5.8133352e-08 4.0918601e-07 0.023252465 0.029273199 0.00013495525 8.214157e-05 9.983062e-06 1.6810203e-05 0.0011217013 1.0698632e-09 2.2781799e-09 2.0779191e-06 0.0030761098 0.0053818743 2.8333809e-09 2.3632776e-09 1.0200167e-06 6.373798e-08 1.2294619e-09 2.0849728e-05 2.6532468e-06 0.00038383884 4.634795e-08 3.331365e-08 4.8449795e-09 7.9277825e-06 5.403999e-08 5.4701925e-08 0.00029709176 3.9587285e-08 7.384753e-07 3.9812082e-07 0.00010534801 1.6416509e-08 9.966461e-06 0.00033422682 6.6922125e-06
0.9793682 0.2629818 0.04046178 0.086763926 0.005034395 0.4016259 0.32732308 0.5107545 0.024188729 0.032367043 0.6797294 0.9038926 0.0016465755 0.00015699728 0.00036086718 0.0056102267 4.6625438e-17 0.0144923795 0.94165105 0.89566684 0.3356328 0.6900869 0.8625868 3.3244944e-06 0.023393324 7.3617143e-06 0.10663689 0.5779625 0.00011095127 0.027793935 0.19178484 0.0048457035 4.3629257e-07 0.00017396368 0.05638065 3.8823932e-06 0.06793383 0.7457891 0.00014054288 0.03233708 7.2789214e-07 0.0022702012 0.001059431 8.3259835e-07 0.03345675 4.0076836e-07 0.40332073 0.7275935 0.44680613 0.0011235685 0.042887017 0.0042245034 0.0022293201 0.0020964216 0.010049321 0.0037416476 0.13647173 9.114189e-05 0.021257287 0.13374381 0.00092427735 0.0021132508 5.2011674e-05 0.0004751741 0.004370854 0.019209765 6.7913046e-05 0.00042372372 2.305494e-07 0.24318174 0.025020016 0.01751909 1.2449068e-08 0.00014867295 4.7382287e-05 4.657424e-06 6.649204e-07 0.1249062 0.0012485787 5.6343524e-05 0.0045338427 0.00075844384 0.009173365 2.5709124e-09 0.027749835 0.0014761052 0.015547245 0.00071397045 0.0005710032 5.431992e-05 0.00051397464 0.005748486 1.3101653e-05 0.0018546212 3.0417554e-05 0.009874597 1.4339834e-08 0.002950592 4.928334e-08 1.6679782e-07 0.026722537
0.6449816 0.01996433 0.295835 0.294748 0.27924764 0.1807962 0.29851663 0.0024533917 0.9510854 0.8112452 0.0028752943 0.03560448 0.00066119974 0.0086087445 0.65223384 0.9795941 0.0144923795 5.1814865e-15 0.0048486623 0.0019098424 9.125479e-05 0.00021108631 0.0014108439 0.08890657 0.04572594 0.00019663588 0.00028990535 0.05822269 8.5531996e-05 0.6128152 7.0237234e-05 0.87030447 8.333635e-05 0.60610706 0.00038747536 0.0060036113 0.034109917 0.004258737 0.00019007146 1.1447557e-05 1.8816878e-05 1.6390302e-05 3.1872577e-07 0.4377979 4.097865e-06 7.2288885e-06 0.00048071318 0.0036142464 0.04585559 3.408437e-05 0.02936269 7.6639895e-07 3.6962614e-05 8.316886e-06 7.439476e-06 0.11913134 0.035230793 6.241011e-08 1.521804e-05 1.6130101e-05 1.6211434e-05 5.2897286e-07 7.11368e-06 4.7089745e-07 2.0872558e-06 2.9586972e-06 0.13228887 0.20503622 9.243628e-05 0.004097107 3.910782e-05 0.015421197 0.0019551741 2.1547384e-08 9.332341e-08 5.0758903e-08 0.026003405 0.008446875 6.372424e-08 2.4265592e-08 1.1789154e-05 2.2542812e-07 5.6820394e-08 0.00019352291 1.6866728e-05 0.00034801583 8.032252e-07 3.601749e-08 3.9208857e-08 3.4579098e-06 1.1073681e-07 3.1946693e-06 0.0068645338 6.066995e-07 0.00010904439 6.9200514e-06 0.0005047285 2.2686318e-07 1.606596e-07 0.0020332185 0.00017328498
0.8065335 0.20104527 0.06352661 0.027377222 0.002023063 0.52774674 0.42823824 0.39035237 0.010684039 0.004943103 0.52895254 0.93755925 1.2666603e-05 2.2863203e-05 3.020546e-05 0.0013612474 0.94165105 0.0048486623 6.9751217e-20 0.84025675 0.555263 0.599999 0.9746864 1.4563871e-07 0.0022226607 2.4013743e-06 0.039166324 0.34176037 4.059539e-06 0.061774913 0.1441009 0.00016163402 9.770216e-08 1.8532817e-05 0.0037163738 3.686682e-07 0.012275033 0.37824383 2.6209018e-05 0.009907244 4.4059846e-07 0.0012341493 0.00078483776 1.3188836e-06 0.13055782 8.946965e-08 0.06396276 0.29808524 0.065605745 3.369704e-05 0.006775597 0.0024552287 0.0007932971 0.0038516626 0.002802461 0.00076614943 0.016321423 0.00015705523 0.00196509 0.06660605 0.00022966362 0.0012999864 9.264196e-06 0.0004433262 0.0036268807 0.005021446 2.4579485e-06 7.4818245e-06 3.2513546e-07 0.06634608 0.0039787986 0.00089617824 1.7709967e-08 0.0001318118 0.00011557996 6.075729e-08 7.041986e-07 0.019355295 0.00033123454 1.9000703e-05 0.0019146057 0.0008346344 0.011754147 2.9339968e-09 0.010077445 0.0003555614 0.0022166616 0.00016902082 0.00046993385 9.896582e-06 5.3688607e-05 0.000713246 1.6292464e-05 7.008547e-05 4.1324336e-05 0.00053593435 1.0490913e-07 0.0007312835 9.236679e-08 2.2977697e-07 0.008830719
0.9387414 0.24460407 0.028361563 0.025959441 0.0016030958 0.17868271 0.08349735 0.057321347 0.005572447 0.0035254138 0.52083486 0.45299283 6.694495e-05 2.6000795e-05 1.0913599e-05 0.0004917025 0.89566684 0.0019098424 0.84025675 1.658292e-20 0.7141021 0.9638392 0.94711727 2.413392e-07 0.0062424312 2.9259527e-07 0.14119317 0.13361365 1.8415883e-05 0.0071838675 0.520805 0.00016305887 7.7154596e-08 8.774159e-06 0.042419408 1.2195406e-07 0.018985743 0.53633744 0.00010451303 0.16069494 1.6508348e-07 0.005061344 0.003445855 1.876709e-07 0.35674354 7.599668e-08 0.4194762 0.5725543 0.074990086 0.00059064233 0.020730698 0.051480483 0.0021796166 0.016238002 0.03303188 0.00091962836 0.011143077 0.0006494151 0.022173239 0.12743117 0.00057568966 0.014554035 5.233629e-05 0.005286706 0.0660101 0.07401884 3.708098e-06 1.2728445e-07 5.0391375e-08 0.09672488 0.03201833 5.9610247e-05 2.4563047e-09 0.004965866 0.0009352741 1.1395845e-06 5.6328552e-08 0.06167928 0.01222056 0.0014674324 0.00412561 0.003120134 0.039446536 7.89518e-10 0.06555998 0.0010519125 0.008698165 0.0029008773 0.0018553413 1.9270548e-05 0.0015299437 0.0014087023 2.9343246e-07 0.011563284 1.9425688e-07 0.0016213639 1.4377045e-09 0.007295974 3.0066943e-08 6.415547e-08 0.0676837
0.9332482 0.006511034 9.335498e-05 5.5495766e-05 3.8643852e-06 0.003832889 0.002976994 0.0035013778 0.0005221824 0.00045813186 0.55129844 0.03934791 1.65413e-05 5.56748e-06 1.8648609e-05 3.067583e-05 0.3356328 9.125479e-05 0.555263 0.7141021 1.3574091e-12 0.90002936 0.8758346 8.51554e-07 0.00028605282 2.7367678e-06 0.9924245 0.03801336 4.6816094e-06 0.002381459 0.46921405 0.00031686175 2.2202285e-06 6.332628e-06 0.0053645237 1.162359e-06 0.0009676598 0.79278 4.2719912e-05 0.013937637 1.6624233e-07 0.0030914654 0.0031918709 1.562143e-05 0.029612113 9.06267e-07 0.040719684 0.71814644 0.051332343 0.00017021103 0.0016795582 0.0052826763 0.0011537975 0.0015415029 0.025407415 0.00016021979 0.0040248935 0.0002961947 0.009021836 0.4349027 0.0009525509 0.000798755 7.527368e-05 0.0014609109 0.0012318569 0.010829305 3.1930672e-06 2.2002261e-05 5.0058225e-07 0.3541357 0.014841681 0.00058289774 1.1738646e-07 0.00015439426 9.9019206e-05 1.0399602e-08 5.547015e-07 0.0039764224 0.0026817617 3.2024618e-05 0.007018892 0.0018764014 0.007374813 8.044674e-08 0.008507967 8.3837585e-05 0.18576795 0.0013725389 0.0003681319 1.7126591e-05 0.00035120858 0.0083478335 5.9839673e-05 0.000819319 5.2113583e-06 0.0009896291 1.1094928e-07 0.0029146597 3.76131e-07 2.2794527e-06 0.025325013
0.94002986 0.123279124 0.01116507 0.0010463946 0.00024830783 0.049753226 0.03414469 0.010818421 0.00052865216 0.00045473425 0.7854179 0.15952976 6.0451544e-06 8.663687e-06 7.496005e-07 1.2406786e-05 0.6900869 0.00021108631 0.599999 0.9638392 0.90002936 5.126094e-19 0.91222304 4.464547e-08 0.002039563 9.397767e-07 0.29167026 0.057414792 2.964042e-05 0.00040654806 0.88661456 7.2476646e-06 1.4140422e-08 3.137347e-07 0.033072148 1.3990864e-07 0.007140389 0.53275704 0.00018185863 0.39800683 6.220831e-08 0.006865578 0.012723835 5.8427454e-09 0.59980667 5.6408112e-08 0.42456478 0.504856 0.03514178 0.00045812005 0.010543803 0.27616927 0.002400959 0.061231654 0.18361588 0.00031772142 0.0022738955 0.0054330365 0.051937528 0.22520539 0.0011772073 0.03469434 5.9521004e-05 0.026219865 0.16471213 0.15027247 5.4634047e-08 1.9489288e-08 4.8900652e-08 0.034463372 0.07151395 3.3712035e-06 9.1239244e-10 0.016702347 0.002379754 5.4414227e-07 8.754098e-10 0.032383565 0.08871917 0.002808174 0.008431009 0.011258886 0.07050012 5.443843e-10 0.1763133 0.001485621 0.0073612165 0.002460171 0.003387143 0.0001352725 0.0040794313 0.000911558 6.512539e-08 0.023906061 2.9108548e-08 0.00022731876 1.7688115e-09 0.0045696506 1.3516616e-07 4.6148593e-08 0.15883452
0.65511256 0.05646266 0.027419467 0.003009466 0.0007984854 0.15931948 0.10942227 0.0049431175 0.0023785483 0.0007257472 0.26894194 0.41158563 9.543563e-06 2.6901185e-05 5.4417933e-06 0.00042540603 0.8625868 0.0014108439 0.9746864 0.94711727 0.8758346 0.91222304 1.4176031e-17 1.5558598e-07 0.00068758655 1.605402e-06 0.09804988 0.108176604 1.2003917e-05 0.0035930492 0.60660595 1.0740518e-05 2.9825223e-08 5.000929e-06 0.0046150032 2.2862244e-07 0.0027026855 0.37800157 6.506205e-05 0.11655671 4.8598855e-07 0.0026171554 0.0047536045 4.633454e-07 0.42834625 2.3873278e-07 0.15873925 0.41762766 0.019000161 2.40917e-05 0.0026893143 0.0499798 0.0011447509 0.039291635 0.06898566 0.00023021866 0.0028574143 0.0032978228 0.0045176637 0.12809652 0.00038110686 0.017484698 3.1504856e-05 0.0044924594 0.044669367 0.027582347 3.5672653e-07 4.7634487e-08 5.265841e-07 0.024313686 0.0056918343 1.9387286e-05 7.937117e-08 0.0044728755 0.001949422 2.667606e-07 3.2142765e-08 0.004811517 0.005674139 0.0005833944 0.0013320813 0.012489454 0.06436171 3.2522895e-08 0.030078858 0.0016838562 0.005024423 0.003653239 0.005005274 4.8942762e-05 0.00041462484 0.0014549537 7.001803e-06 0.0038267018 3.4752031e-06 0.00022062832 5.548169e-07 0.007369597 1.2922453e-07 2.3918321e-06 0.03538267
0.9469764 0.0889303 0.47027144 0.3093993 0.9062498 0.0009977022 0.0012773975 0.0001350683 0.11102496 0.004665055 0.0007366192 6.121283e-05 0.34885362 0.86171085 0.9325536 0.30143577 3.3244944e-06 0.08890657 1.4563871e-07 2.413392e-07 8.51554e-07 4.464547e-08 1.5558598e-07 2.7435548e-15 0.4250568 0.17238164 6.32877e-06 4.1739066e-05 0.039739657 0.0012224752 2.666573e-07 0.04382892 0.9095862 0.10501552 0.00024349861 0.9691666 0.08137503 6.2324643e-06 0.0026261348 7.9171144e-08 0.023090674 1.7356359e-05 2.8637688e-09 0.13887353 2.2949543e-08 0.34032634 2.6566562e-05 4.299651e-08 3.1108576e-07 0.0035249295 0.054325026 1.197489e-08 0.0001521265 7.5088664e-08 7.936658e-09 0.074705824 2.0721652e-07 3.7434886e-09 1.0860999e-05 8.7742166e-08 0.00024738742 3.580805e-10 0.00063921144 1.1852594e-08 5.183304e-08 1.2207129e-06 7.297383e-05 4.547229e-09 0.30253968 1.8743222e-06 2.7764623e-05 1.1615765e-08 0.04338579 1.4375518e-08 5.602604e-09 0.0017333606 8.606604e-09 0.044557996 3.3293472e-07 1.07226e-08 1.5723379e-05 2.2019274e-08 8.9334094e-08 0.0073774443 2.520844e-06 0.017242812 5.587739e-07 6.48774e-09 1.1053312e-08 0.0022723794 6.032588e-08 3.899568e-09 1.0169047e-08 1.7059259e-06 1.9533516e-10 1.1096044e-08 8.670989e-05 9.2744e-09 0.0031419809 8.5635884e-07 0.00013939226
0.9905589 0.3621271 0.5898613 0.71743447 0.7654465 0.061602555 0.05165221 0.012675293 0.105985045 0.10513479 0.1590174 0.036154974 0.89453083 0.8193163 0.35151935 0.04567679 0.023393324 0.04572594 0.0022226607 0.0062424312 0.00028605282 0.002039563 0.00068758655 0.4250568 4.4022863e-12 0.5591481 0.0015880466 0.010634315 0.74455017 0.0012594699 0.0007843904 0.002673659 0.08740413 0.002136005 0.3286421 0.023505688 0.91010374 0.00045408288 0.6125748 0.00046833305 0.18645279 0.11774775 2.0144522e-05 0.003013741 6.511475e-05 0.03198009 0.012136069 0.0064615607 0.003268125 0.43159705 0.84791744 5.8419213e-05 0.23145387 1.1232127e-05 0.00039735256 0.8890642 0.0010846618 2.5824875e-06 0.03906068 0.00034630843 0.2878931 2.8018329e-05 0.12022983 8.729065e-06 8.450303e-05 0.00025795933 0.00047362188 0.0007656327 0.01562997 0.0024208159 0.015213978 0.0002266451 0.0005440448 3.6357249e-06 4.942841e-06 0.019606374 0.0001203252 0.42824066 0.0016232653 1.6353836e-06 0.05681448 2.5367426e-05 1.8799587e-05 0.0002084457 0.0011444092 0.046363555 0.00038474277 4.8534752e-05 1.4859221e-05 0.02352336 1.4560876e-06 1.5015606e-05 1.6139533e-05 2.45948e-06 1.0173758e-05 1.3517261e-05 1.4892062e-05 1.9989433e-05 0.020445934 1.9389912e-05 0.0012578464
0.87970954 0.019356007 0.012873838 0.012341671 0.11659531 0.0002905328 0.00019730332 0.00018449468 0.00057099253 5.4650864e-05 0.0013715602 3.1762218e-05 0.93522775 0.88943326 0.004897533 0.0002773161 7.3617143e-06 0.00019663588 2.4013743e-06 2.9259527e-07 2.7367678e-06 9.397767e-07 1.605402e-06 0.17238164 0.5591481 1.3095096e-16 3.4887897e-05 9.944891e-06 0.9622449 1.975265e-05 1.1737534e-06 1.7779512e-05 0.55155146 5.0655635e-05 0.0048597795 0.015386917 0.11961555 1.5362545e-07 0.34514275 1.6866872e-05 0.9453426 0.0023276352 7.3144946e-07 5.624967e-05 8.3305856e-08 0.18922725 0.00044409485 4.587397e-09 4.0272326e-08 0.12472504 0.23335278 1.5816116e-08 0.005443772 1.4393695e-06 1.1835115e-07 0.15799744 2.4167153e-09 1.5610372e-08 0.0009616497 5.7332816e-08 0.019769037 7.1972344e-09 0.15656748 1.5455543e-08 1.3542079e-06 1.52584535e-05 7.164678e-07 2.3384604e-08 0.02285685 5.9746235e-08 0.0016331385 2.5535534e-09 1.6153313e-05 6.820788e-08 1.0690294e-08 0.70138055 1.4951082e-08 0.18656495 2.3133093e-06 1.7808231e-08 0.0021531787 6.087259e-08 8.6070434e-10 1.8103599e-06 0.00035813503 0.34423938 1.7869e-08 7.220641e-08 2.012978e-08 0.6344294 5.5898195e-06 1.208413e-08 1.0788746e-07 2.7089104e-06 1.2534669e-09 1.40973615e-08 1.3318932e-07 3.4935106e-09 0.27726862 7.697233e-08 0.00025313185
0.99507475 0.015176105 0.00045072322 0.00038716965 5.9141334e-05 0.0052442993 0.0036904956 0.0068206196 0.0016344521 0.0012008138 0.4162042 0.0128398 0.00018914996 4.4800217e-06 3.588157e-05 0.00018936582 0.10663689 0.00028990535 0.039166324 0.14119317 0.9924245 0.29167026 0.09804988 6.32877e-06 0.0015880466 3.4887897e-05 7.67837e-13 0.012547911 5.791873e-05 0.0004537965 0.85496986 0.00012611428 1.254973e-05 3.1054437e-06 0.07057046 9.511724e-06 0.001279228 0.06443669 0.00015689699 0.1452436 1.9214474e-06 0.03370169 0.068353824 4.05531e-06 0.0148020545 7.274775e-08 0.84921944 0.13190477 0.0074126185 0.0021482839 0.0014421933 0.022302072 0.013202234 0.020309549 0.0698645 0.00079517066 0.0012556788 0.010360705 0.141561 0.04009867 0.0014975513 0.002212094 0.00027674256 0.0051153773 0.0044459295 0.1586595 7.8677685e-06 1.8998346e-05 1.4507616e-07 0.010468901 0.14971958 0.0001065573 2.721046e-08 0.00081035384 7.264719e-05 3.7085325e-08 7.509592e-07 0.013263162 0.048364874 2.2637128e-05 0.15209018 0.00380848 0.0020899328 7.3955504e-09 0.028618611 0.00022892059 0.002588187 0.0037138348 0.00051158963 0.00020872738 0.0009408425 0.0026130427 2.0660149e-05 0.0011061497 5.3945555e-06 0.00036503238 1.3897737e-07 0.0028632954 1.1261644e-07 2.2336835e-07 0.025479898
0.7876151 0.019476496 0.033924732 0.093104385 0.010166708 0.7777614 0.8197021 0.8317817 0.041958574 0.5766944 0.07910816 0.91753465 5.777348e-05 0.0005251864 0.0078958515 0.026348323 0.5779625 0.05822269 0.34176037 0.13361365 0.03801336 0.057414792 0.108176604 4.1739066e-05 0.010634315 9.944891e-06 0.012547911 2.3366823e-15 0.00012487858 0.8390724 0.0077619296 0.015642049 2.4676324e-06 0.0016721439 0.0017457015 4.5564277e-05 0.010879745 0.91785 5.608432e-05 0.00070122513 1.8491991e-06 8.0430065e-05 8.971698e-05 0.000565907 0.0023668788 5.39901e-07 0.015803343 0.6934622 0.9447736 0.00014812184 0.0076642097 2.088828e-05 0.0002393717 0.00019718554 0.00069246104 0.0019535832 0.78194666 2.3667173e-05 0.00058792345 0.039051246 7.566724e-05 3.3360186e-05 5.127123e-05 6.369933e-06 0.00047647784 0.0010372587 0.002023139 0.05037534 1.0024088e-06 0.79620266 0.00063555007 0.26965186 5.828415e-07 3.7397782e-05 8.086418e-06 1.0070166e-06 0.0029721644 0.024791334 1.202897e-05 3.172025e-06 8.547606e-05 0.00018515461 0.00059723627 2.1375298e-08 0.0041935393 0.00091385125 0.014819667 7.62651e-06 1.2744235e-05 3.243173e-05 4.9933947e-06 0.013514884 0.001941531 0.00022327244 0.03413366 0.040427364 7.289665e-08 0.00018075739 9.0060985e-07 2.6704083e-07 0.0051277955
0.98811686 0.058013126 0.011963012 0.022487137 0.16610785 0.00032094738 0.00021084589 0.00024869767 0.000744376 2.4466959e-05 0.008555011 0.00047809305 0.70727926 0.7112561 0.0022587653 0.00016598291 0.00011095127 8.5531996e-05 4.059539e-06 1.8415883e-05 4.6816094e-06 2.964042e-05 1.2003917e-05 0.039739657 0.74455017 0.9622449 5.791873e-05 0.00012487858 5.319149e-13 7.7453726e-05 6.0827417e-05 0.000116552816 0.063752264 0.00013842719 0.03374095 0.0016838924 0.35268804 2.7915432e-05 0.73266804 0.00025026558 0.886229 0.011147658 5.387962e-07 4.256219e-06 4.39838e-06 0.02447371 0.0086888205 1.415698e-06 7.529992e-06 0.38588977 0.50410587 3.9109236e-07 0.020527234 2.165297e-05 3.0730055e-07 0.13405776 2.5799327e-06 1.0520849e-07 0.00800974 1.7136564e-06 0.1736784 2.1744773e-08 0.5052569 4.3816564e-07 0.00018182726 0.0014136838 7.180278e-06 1.1704793e-06 0.0037415873 2.9621768e-07 0.007745983 6.748193e-08 2.743991e-06 4.1862145e-06 3.7186703e-07 0.19337523 3.8646854e-07 0.5112665 0.0004563438 6.654121e-07 0.022817342 6.11058e-07 1.5795285e-06 9.0060905e-07 0.0022090685 0.7092837 2.985293e-07 3.675487e-07 9.5057885e-07 0.5579438 5.776392e-06 2.065197e-07 3.1224434e-07 1.2128679e-05 2.2777986e-08 5.8169952e-08 3.9906755e-08 2.764687e-08 0.24036442 2.2300652e-07 0.0009829483
0.12237979 0.0087410575 0.01373062 0.046021923 0.0048380895 0.41489452 0.5686772 0.22391166 0.40502447 0.9273315 0.0013254557 0.15295117 4.272493e-05 0.00057666603 0.042332206 0.41945076 0.027793935 0.6128152 0.061774913 0.0071838675 0.002381459 0.00040654806 0.0035930492 0.0012224752 0.0012594699 1.975265e-05 0.0004537965 0.8390724 7.7453726e-05 1.574906e-14 6.4864165e-05 0.9434823 5.1749666e-06 0.48772535 8.524575e-05 0.00032010098 0.0014439776 0.2736706 3.0748615e-05 0.000117192794 3.7641976e-06 6.198836e-06 2.2820975e-06 0.31232303 0.00023111682 3.7510745e-06 0.00021547143 0.08187307 0.84180063 1.708553e-05 0.0011508842 2.708877e-06 7.946206e-06 0.000117319156 7.999129e-05 0.002169399 0.77878004 3.2391299e-07 5.7165803e-06 4.9096423e-05 2.8916643e-06 7.4820935e-05 2.0630093e-06 3.9699157e-06 2.411464e-05 1.6247559e-05 0.57276344 0.93582046 1.0037735e-05 0.12578116 1.7371776e-05 0.59792864 1.0644729e-06 9.2383625e-06 7.2963007e-06 1.8728855e-06 0.5160071 0.006628084 1.4637494e-06 2.9807939e-06 2.3737982e-06 3.2666863e-05 1.3155818e-05 6.383823e-08 0.00011688608 0.00013672837 7.1061672e-06 2.4792389e-05 1.8098852e-06 1.19618e-06 2.769437e-06 0.00026559355 0.05179579 1.6267344e-05 0.5258981 0.0005875532 7.182942e-06 3.0415085e-05 1.3868689e-05 0.0010521132 8.2129896e-05
0.9536646 0.016802134 7.149847e-05 0.00020398849 1.176006e-05 0.0026907471 0.0010292344 0.00019470157 2.1037478e-05 6.0454862e-05 0.7037226 0.013986138 9.805155e-06 2.588077e-06 1.823269e-07 1.7826193e-06 0.19178484 7.0237234e-05 0.1441009 0.520805 0.46921405 0.88661456 0.60660595 2.666573e-07 0.0007843904 1.1737534e-06 0.85496986 0.0077619296 6.0827417e-05 6.4864165e-05 9.479622e-17 8.140857e-05 5.3686477e-08 8.8603065e-06 0.020440467 4.1361377e-06 0.00064755604 0.24048585 0.000101242455 0.61159265 5.947413e-07 0.0065708933 0.81370777 2.0251047e-08 0.9281783 5.5095984e-07 0.4955635 0.5240078 0.0063296123 0.001979712 0.000961217 0.8789466 0.004181032 0.6128584 0.57222146 6.730773e-05 7.45271e-05 0.35560688 0.070636645 0.42890906 0.0023828824 0.5072443 6.655968e-05 0.30489427 0.2157694 0.28851393 4.768044e-06 1.2728766e-06 1.258262e-06 0.035607465 0.14751601 1.2900117e-07 1.6151773e-07 0.11648176 0.024549345 1.9266292e-06 1.6384331e-07 0.01592435 0.05441675 0.008574185 0.034343757 0.083992794 0.13751784 3.587153e-08 0.30193785 0.0007581094 0.064794555 0.14312047 0.04269379 7.060769e-05 0.015892172 0.00052074215 8.352212e-07 0.056246568 1.1138141e-07 2.9247058e-05 3.355005e-07 0.024292737 7.5193995e-08 1.2316912e-06 0.19168615
