5.0618667e-21 0.99278563 0.98010707 0.86084676 0.9604547 0.9458861 0.9315385 0.8915653 0.95615923 0.97045493 0.97830594 0.99486214 0.9737379 0.8880166 0.97074616 0.9893073 0.9836779 0.9722339 0.9771908 0.99987173 0.9812878 0.93172765 0.8595787 0.97561455 0.9951879 0.9754645 0.9881563 0.9475946 0.027736578 0.9410159 0.94970167 0.12897263 0.9846875 0.9447087 0.964959 0.12266718 0.014007128 0.05205882 0.95410144 0.9960432 0.93650913 0.92356473 0.25990817 0.99524677 0.9664538 0.28647056 0.97573906 0.93343365 0.92665535 0.87633014 0.98107165 0.951517 0.9712575 0.99684435 0.248834 0.9260286 0.0067167943 0.8473797 0.97561276 0.96617854 0.011341803 0.90831107 0.047438573 0.91655326 0.8642821 0.9180334 0.9571406 0.95810646 0.99452466 0.9757625 0.95038444 0.003403703 0.9791376 0.9972159 0.6864787 0.98010814 0.8270929 0.70129395 0.99693465 0.98996913 0.93570936 0.87595606 0.8799159 0.5756967 0.95236456 0.17782846 0.82285076 0.99168456 0.000103983235 0.8475169 0.9998466 0.94071853 0.9950168 6.9023845e-05 0.8082217 0.013389654 0.0432493 0.9999844 0.0007703799 0.003164307 7.191349e-05
0.99278563 4.513229e-12 0.8410044 0.8024857 0.8182377 0.95027554 0.45737728 0.6242222 0.31695774 0.52410495 0.20261571 0.4313996 0.08250996 0.03627318 0.05076864 0.02232007 0.018994983 0.835629 0.0064749 0.03485406 0.018168721 0.40084422 0.75302136 0.6600671 0.0023560296 0.32450083 0.02486891 0.0003274489 0.0877524 0.001306828 0.027627999 0.15290818 2.9135615e-05 0.002998351 2.6119226e-06 0.15374054 0.0110544 0.022093322 9.803714e-06 0.01503944 0.0007143726 0.0007006904 0.008222897 0.0026421407 0.0004489125 0.0022953784 0.0004225317 0.007163757 0.007332508 0.077755176 5.0160395e-07 9.952266e-07 0.24699056 0.023045573 0.014030463 0.0016469603 0.005601779 0.002156216 3.3847715e-05 0.00061631657 0.0014715878 0.00071167137 0.32839686 0.0007651225 0.00011083334 0.0009266312 7.6222345e-06 0.0017785007 0.028704356 0.16350006 0.00045216744 0.05118022 0.00010038841 0.00019087672 0.0002464105 0.0002978228 4.966014e-07 0.0006743665 0.16574267 0.00024361686 4.644518e-09 0.0041423156 4.2827355e-07 0.00018186714 1.4464043e-09 0.00048351765 1.5536128e-06 0.04309092 0.0014769994 2.50277e-08 0.018433135 8.897033e-05 5.653945e-05 4.0893832e-05 2.5075164e-05 0.0001735577 0.001663885 0.0040336065 0.00017639577 0.0125511605 2.353243e-05
0.98010707 0.8410044 4.718513e-13 0.96926445 0.6935762 0.83202416 0.7635633 0.88499475 0.26509959 0.14078544 0.15428916 0.6233719 0.09852367 0.024833953 0.07986465 0.015663648 0.004072423 0.34590513 0.026214832 0.10741407 0.032392375 0.036193006 0.33385295 0.6345536 0.0022142995 0.52693194 0.095789544 0.0011034852 0.0359169 0.0013147702 0.011824275 0.16922191 0.00031405073 0.009847194 2.569454e-05 0.021423085 0.0026384832 0.0064127683 0.0001268392 0.05147062 0.0011589442 0.00026599356 0.00053082785 0.01977864 0.0005761384 0.001059132 0.00015937292 0.022704285 0.022774396 0.12076125 3.981522e-06 4.5213033e-06 0.3781145 0.013017028 0.022766301 0.0033325225 0.00043205722 0.0008259289 0.00021011502 0.00012515506 0.00026960578 0.00014097485 0.22677943 0.00025910704 0.00020952572 0.001105546 0.00010092789 0.0028894083 0.036085706 0.2260561 0.000445098 0.02070418 1.9145033e-05 5.9360413e-05 4.648059e-05 8.8023735e-05 2.5044894e-06 0.00023078601 0.19084059 0.0001194149 4.287542e-07 0.0018315822 8.923226e-06 4.5898745e-05 2.2442089e-08 0.00044652718 1.2319942e-06 0.06482471 0.0007006777 1.5017969e-07 0.031196358 0.0003096634 0.0002192082 8.268241e-06 1.2434753e-05 4.0845815e-05 0.0026301802 0.0023844282 2.1731768e-05 0.008541877 3.6658145e-07
0.86084676 0.8024857 0.96926445 9.199122e-16 0.34975836 0.79401827 0.8173636 0.98201746 0.103861 0.03136364 0.034597203 0.38253823 0.033180863 0.013788009 0.03863504 0.0034253101 0.00068407785 0.08172375 0.027628439 0.052030038 0.006295935 0.003925426 0.1433845 0.4207368 0.0003423855 0.3912109 0.069371134 0.002116903 0.018045701 0.00034924332 0.002177135 0.1383923 0.00066475815 0.008071923 6.5887456e-05 0.0033335711 0.0017794044 0.0024046127 0.0004947567 0.0026752835 0.0018459528 8.750313e-05 0.00024237936 0.010286662 0.0005155151 3.926935e-05 2.7508155e-05 0.006017959 0.0065789856 0.08399334 9.610656e-06 2.3289938e-05 0.06891779 0.0010538439 0.031955626 0.0040753502 8.750405e-05 3.871049e-05 0.00012308305 3.5366265e-05 3.255264e-05 3.993453e-05 0.16227926 6.830283e-05 0.0004885526 0.00027405054 0.000118605334 0.0013815957 0.0063596996 0.044539038 0.00036050857 0.0144948885 5.6650388e-06 7.3225942e-06 1.0760386e-05 1.0732121e-05 7.313305e-06 3.6315578e-05 0.019630572 8.033443e-06 5.1357995e-07 0.001237539 7.761784e-06 6.4939463e-06 1.4464749e-07 0.00040215513 7.6197085e-07 0.016393147 0.00045549704 1.7651466e-07 0.006880615 0.00014584087 0.00020571018 3.6648692e-06 1.1804675e-06 1.6303655e-05 0.0032248038 0.0002027623 2.588761e-06 0.004154206 5.0331817e-08
0.9604547 0.8182377 0.6935762 0.34975836 1.9789515e-16 0.8732445 0.6186023 0.14892405 0.94069004 0.6929104 0.9250574 0.1013157 0.56566423 0.86058116 0.29000193 0.4194352 0.517562 0.047729548 0.0059632338 0.009254037 0.07887379 0.038268752 0.005949178 0.004697114 0.09244541 0.0015170295 7.992891e-05 0.00012988562 0.000170502 0.045524135 0.09127989 0.00037101636 2.1492037e-06 4.7609356e-05 6.0394614e-06 0.00030113608 0.0033098795 0.006118803 1.4656827e-06 0.14135347 2.2474242e-06 0.006726484 0.001872341 0.00168902 1.842217e-07 0.0027685356 0.0035702817 0.0370883 0.021739129 1.6946637e-05 1.1328872e-07 7.40374e-08 0.2759725 0.10127634 2.432565e-06 4.823818e-05 1.4963957e-05 0.010028422 2.8284652e-05 0.0015956028 7.6559976e-05 0.0030846111 0.0006378508 0.001402942 7.4849174e-07 0.0019247939 2.9492388e-05 0.0028713578 0.05056583 0.22514537 0.00022014762 0.0002086396 0.00030992308 0.0015195054 0.0013291785 0.0024182869 2.5887063e-08 0.0011578186 0.11659797 0.0021044663 7.789822e-08 0.0001438531 1.0081939e-06 0.00031904405 4.163915e-09 1.3691292e-07 7.2467586e-08 0.11830826 1.311009e-07 3.6115752e-10 0.008337669 0.00023987124 0.000100368205 5.2450767e-05 0.00028050717 0.0003393687 1.5919866e-08 0.003618723 6.414563e-06 4.1441902e-07 9.969545e-09
0.9458861 0.95027554 0.83202416 0.79401827 0.8732445 9.0625465e-17 0.25882176 0.5549115 0.17544837 0.93255055 0.47841027 0.046771176 0.036766898 0.14333214 0.014316464 0.00988401 0.15791728 0.8984909 0.0010021522 0.0074407114 0.006025264 0.47169426 0.6609114 0.068335146 0.0071548577 0.03314387 0.00031972694 1.2986227e-05 0.13649555 0.001871709 0.09283975 0.016034551 7.913457e-07 3.5567453e-05 3.213567e-07 0.05785914 0.16087355 0.05831971 2.7937082e-07 0.016184643 1.1442061e-06 0.0001297607 0.015114367 0.00017799284 5.394564e-07 0.00511397 0.00018991763 0.002137034 0.0026419142 0.002063513 4.240733e-08 2.0280657e-08 0.09217323 0.010234673 0.00026443577 6.380102e-05 0.0018454475 0.0031681645 6.4966935e-07 0.00018856947 0.00192668 0.00010682724 0.027566275 0.0004913657 8.129696e-08 5.7740483e-05 9.239194e-07 8.981937e-05 0.002718384 0.06415238 8.873565e-06 0.014800953 5.556238e-05 3.265671e-05 3.533532e-05 0.0002727708 2.1831785e-09 0.0002196263 0.029827354 0.00028766962 1.6956688e-09 1.5839499e-06 6.559025e-08 4.8376573e-05 1.2926785e-10 6.471887e-08 7.1836292e-09 0.02048104 0.00031176338 3.8536698e-11 0.00036593789 5.705339e-06 5.502641e-07 0.00025779576 2.6681314e-06 0.0003910721 3.3206316e-08 0.0009107599 0.00011529241 0.00028801794 2.9394125e-06
0.9315385 0.45737728 0.7635633 0.8173636 0.6186023 0.25882176 1.6929856e-14 0.89490765 0.65347636 0.011038704 0.04034594 0.9411327 0.26259372 0.087559566 0.58588064 0.024253521 0.0018930344 0.002216858 0.67614454 0.9108425 0.16677567 0.00028132618 0.0012240238 0.034668054 0.0022655998 0.085851125 0.12549531 0.17280708 0.00015795724 0.014865678 0.002666122 0.015159933 0.02109012 0.036217652 0.021457834 1.2838923e-05 1.5393945e-05 0.00019942659 0.01261792 0.01818115 0.004997604 0.00259986 5.0885355e-06 0.21592376 0.0036858001 1.1994488e-05 0.00052536745 0.07709422 0.14929676 0.015091113 0.0006527949 0.0041656196 0.18085822 0.01503397 0.0059235124 0.010682236 1.3370455e-06 6.0806768e-05 0.016951462 0.00010880278 9.741741e-07 0.001004943 0.0031191995 7.529924e-05 0.000803488 0.022239976 0.0088731265 0.0303924 0.08603049 0.11866469 0.024551298 2.8915167e-05 3.8383827e-05 0.0003269768 9.24906e-05 0.000628582 0.00032626162 0.00032136578 0.09959633 0.00036831276 0.0009871763 0.0018141512 0.002944109 9.694878e-06 5.8019566e-05 0.00011986422 6.5564585e-05 0.0962854 6.107987e-07 8.477797e-05 0.06368373 0.011118121 0.0076029785 1.843872e-06 1.6129101e-05 5.3659815e-06 0.00081418746 0.00095517025 1.489822e-06 2.2653716e-05 4.5384624e-08
0.8915653 0.6242222 0.88499475 0.98201746 0.14892405 0.5549115 0.89490765 3.0084817e-17 0.07943389 0.011079784 0.015784761 0.80209285 0.010703049 0.007519834 0.038950678 0.0004606189 0.0003470409 0.021764692 0.062819146 0.04281009 0.00088071654 0.0005051314 0.08199663 0.6387475 3.3209944e-05 0.79989684 0.6293018 0.02095783 0.014616413 0.00034593974 0.0002252353 0.49933043 0.017019343 0.08244746 0.0010927223 0.00035830264 0.0012276315 0.00081684074 0.010866394 7.479774e-05 0.026803419 2.1369911e-05 3.642456e-05 0.00938685 0.0067550004 5.843813e-06 2.5999118e-06 0.0018579892 0.004187938 0.35473013 0.00035283781 0.0022183661 0.04599214 0.00011163756 0.1308254 0.050718445 4.0963077e-05 1.9343324e-06 0.000377423 9.884819e-06 1.2144246e-05 1.8138024e-06 0.122623175 1.825765e-06 0.006025873 0.00038936193 0.00067141873 0.0014907324 0.0040601203 0.028157132 0.0005016004 0.0034959626 8.9272396e-07 1.0118657e-06 1.180526e-06 5.809827e-06 0.00060459535 7.633183e-06 0.008693103 3.148835e-06 0.00011544799 0.009157331 0.0006522641 3.3524466e-07 2.5630284e-06 0.0013799663 9.6119256e-05 0.0063738166 3.0571628e-05 2.3744129e-05 0.008866701 0.00055525306 0.00011762771 6.1500305e-07 3.7856537e-06 1.970545e-06 0.010443777 0.00019031305 6.660397e-06 0.0018146306 1.06143936e-07
0.95615923 0.31695774 0.26509959 0.103861 0.94069004 0.17544837 0.65347636 0.07943389 2.6132263e-17 0.057285108 0.50364274 0.22953896 0.9670532 0.6224966 0.9258133 0.67968166 0.122534245 0.0041628536 0.07981826 0.039548643 0.34227234 0.0014782134 0.00041625416 0.0027212438 0.13465787 0.00015572768 8.775971e-05 0.00095166743 1.1550619e-05 0.14150439 0.008732725 6.28763e-05 7.705775e-06 5.0208542e-05 7.142166e-05 7.449995e-05 0.0001623948 0.0007808429 2.285577e-05 0.24585305 3.0520227e-06 0.026789702 0.00012077795 0.011895253 2.6214605e-06 0.0004219679 0.0068329447 0.18455544 0.09950249 1.4842594e-05 2.3335015e-06 1.0909546e-06 0.37780166 0.10884539 6.049711e-06 2.3349652e-05 1.4269662e-06 0.0028510774 0.0007163442 0.0009931399 1.651875e-06 0.006943656 0.00013264407 0.00069107494 1.7406741e-06 0.0081825545 0.00038584252 0.014949708 0.10943471 0.32051966 0.001641602 9.5189025e-06 0.00024155185 0.004763874 0.00067641406 0.002803395 3.158018e-07 0.0014760897 0.15607896 0.0029065004 6.1715314e-06 0.0002687681 3.1380176e-05 0.00030959194 9.482631e-08 1.609208e-06 1.0314914e-06 0.15510288 3.844601e-08 1.2872792e-08 0.041693714 0.0016808601 0.0016419308 1.0966428e-06 0.00027915844 1.0132915e-05 4.91959e-08 0.0040424406 1.3394347e-06 2.5267948e-07 7.535505e-09
0.97045493 0.52410495 0.14078544 0.03136364 0.6929104 0.93255055 0.011038704 0.011079784 0.057285108 6.525003e-14 0.884951 0.009572741 0.029877312 0.26578134 0.0054995124 0.0139298765 0.86295354 0.743757 4.695356e-05 0.0026748348 0.0045415 0.94921684 0.12320353 0.004943839 0.05244359 0.0012911375 4.7654485e-06 7.5570993e-06 0.010464923 0.0033751803 0.6508486 0.0017084561 1.9567592e-07 8.5421325e-06 2.4482597e-07 0.02297127 0.5528026 0.39757928 4.2188617e-08 0.05792774 2.8932614e-06 0.0006015374 0.2509249 2.2978827e-06 1.8840103e-06 0.20528238 0.0010525332 0.0008061594 0.0013882159 2.9721827e-05 7.921101e-08 1.9080025e-08 0.13936456 0.038689647 9.223212e-06 0.0001234417 0.0021013075 0.070101745 3.1068197e-07 0.006794703 0.007635396 0.00076439895 0.0020819816 0.016539758 6.655542e-07 4.788484e-05 3.807933e-06 7.6477954e-05 0.0017503141 0.09582983 6.600584e-06 0.0011558012 0.0023126577 0.00030350836 0.0018222192 0.0027317211 6.460971e-08 0.011434068 0.044950575 0.0043448517 1.10289946e-07 0.00013452272 2.3100333e-06 0.0023923125 2.8308906e-09 3.8490347e-07 1.5964795e-06 0.04256467 3.6575595e-05 3.568943e-09 0.00014670799 2.7806544e-05 8.325586e-07 0.00331847 0.00036136087 0.011015684 3.8031513e-07 0.0047206436 0.000726323 6.843342e-05 2.3133502e-05
0.97830594 0.20261571 0.15428916 0.034597203 0.9250574 0.47841027 0.04034594 0.015784761 0.50364274 0.884951 3.0835513e-14 0.007448408 0.44528615 0.9356404 0.09626813 0.70767087 0.8809562 0.38788214 0.00044660366 0.0010284965 0.04578093 0.47125724 0.0399799 0.035311557 0.3731674 0.0051454697 8.902185e-05 1.9654692e-05 0.0017060325 0.023388881 0.40463766 0.0010980442 9.568437e-07 3.924378e-05 3.3078103e-07 0.0027601814 0.023559213 0.08848202 4.730923e-07 0.12595165 1.2712431e-05 0.003334093 0.12935665 0.00015312924 1.5081334e-05 0.15450785 0.0015520845 0.0041731484 0.0014676675 0.00053297455 7.283022e-08 9.008886e-08 0.14989114 0.04979602 0.00042271992 0.00067563466 0.00016955358 0.08413438 3.7369882e-06 0.0054642134 0.00075274793 0.0014159688 0.0014316859 0.011075346 7.3860014e-05 8.545478e-05 9.250303e-07 0.00035459397 0.008009776 0.14187978 7.791647e-05 0.0002576257 0.00037207085 0.00070061383 0.0014619457 0.0011645476 1.423845e-06 0.0040435856 0.070280045 0.0008448342 3.0372186e-07 0.0016370619 2.489941e-06 0.0022889867 7.466332e-09 2.7965763e-05 4.9538367e-06 0.056635484 2.584778e-05 6.189523e-09 0.0038266778 0.00012009958 3.8047296e-05 0.0003892611 0.00017416007 0.011849467 1.8672366e-05 0.012679029 5.0471383e-05 0.00026749852 6.0494483e-07
0.99486214 0.4313996 0.6233719 0.38253823 0.1013157 0.046771176 0.9411327 0.80209285 0.22953896 0.009572741 0.007448408 7.1998424e-13 0.08863586 0.0051290793 0.34827304 0.00900403 0.00034236952 0.08465521 0.6944457 0.80102396 0.06434112 0.0066645616 0.07210245 0.6746123 0.0005138117 0.7240123 0.7615638 0.34398603 0.0020528052 0.00069229497 0.000987206 0.06304017 0.14724432 0.25680178 0.038363963 0.0014586995 0.00014560725 0.0007028357 0.074933484 0.0030458495 0.13920186 0.000116416726 0.00010349529 0.32251346 0.18064383 0.00013175336 7.9783684e-05 0.031506453 0.11453425 0.4863894 0.0039585214 0.010358091 0.1355973 0.003103105 0.09208898 0.12778422 1.3466456e-06 0.0001484253 0.018402083 0.00016612434 2.6334103e-06 9.72048e-05 0.05250581 2.7923392e-05 0.035313845 0.014397822 0.022455934 0.0198849 0.061193634 0.065449886 0.01432593 0.0009963294 2.1279677e-05 9.814243e-05 1.9845207e-05 0.00010242756 0.005569881 0.000190345 0.051240228 5.790901e-05 0.00016168489 0.22982372 0.003059292 4.0294362e-05 0.00021384537 0.034002274 0.008844625 0.031438705 5.1506027e-05 0.0004704495 0.1394776 0.014515756 0.008209005 1.0595017e-05 1.3719905e-05 1.4645894e-05 0.03307919 0.0013609267 3.0304902e-06 0.0031007312 2.4676817e-06
0.9737379 0.08250996 0.09852367 0.033180863 0.56566423 0.036766898 0.26259372 0.010703049 0.9670532 0.029877312 0.44528615 0.08863586 1.2137625e-16 0.50797665 0.89687425 0.9561323 0.079445586 0.004004918 0.057715464 0.010323221 0.71301407 0.00069515436 0.000109830384 0.0011613463 0.23017652 9.1313545e-05 3.149281e-05 0.00040311622 2.784692e-06 0.52620786 0.012405805 3.942291e-06 6.116512e-06 8.505006e-05 1.3278588e-05 1.2454075e-05 0.00013572011 0.00045818186 2.001613e-06 0.4530063 5.0075387e-06 0.060804006 2.8734343e-05 0.0063098627 2.2512854e-06 0.00037268578 0.025042545 0.26234147 0.13096432 4.6791207e-05 4.112315e-06 8.771193e-07 0.5246479 0.15631719 1.5534944e-06 2.6970003e-05 1.3385923e-07 0.0027028143 0.00055660954 0.0026346187 9.860729e-07 0.017638057 7.34905e-05 0.0011446084 1.4399694e-06 0.010927405 0.00017259526 0.012427748 0.12653096 0.44680968 0.0028820315 2.6464338e-06 0.00041819492 0.018392012 0.0021997083 0.0050151115 9.487078e-07 0.0013593961 0.23840383 0.0051349183 7.0278e-06 0.00017540503 1.9773608e-05 0.0005396249 9.515824e-08 1.137196e-06 6.093808e-07 0.23330785 5.221885e-08 3.1135954e-08 0.022083694 0.0019152833 0.0022413328 6.538269e-07 0.00033055132 6.0671773e-06 4.7820194e-08 0.0072889673 2.3924147e-07 7.1855214e-07 3.7749444e-09
0.8880166 0.03627318 0.024833953 0.013788009 0.86058116 0.14333214 0.087559566 0.007519834 0.6224966 0.26578134 0.9356404 0.0051290793 0.50797665 1.6185152e-17 0.20674875 0.91586035 0.94753754 0.0024590518 0.002624008 0.00024129261 0.052043743 0.0023645111 0.00036110607 0.00016021213 0.8317175 3.1039115e-05 3.7831992e-06 1.5294934e-05 3.1399586e-06 0.5778123 0.49844372 5.3192216e-05 2.6893708e-06 4.543898e-06 2.4185945e-07 8.105706e-06 0.0023453922 0.0041777994 1.2926059e-06 0.23627333 7.2760065e-07 0.085146576 0.00060525275 0.0004075533 5.976436e-08 0.018636832 0.017827837 0.03188383 0.016795926 5.1832547e-08 1.8453541e-07 1.8103375e-08 0.07927774 0.072011515 7.056618e-08 1.1647486e-05 6.43314e-07 0.24053815 2.4216044e-05 0.1101126 3.1768686e-06 0.040636186 9.377628e-06 0.049645726 8.119263e-09 0.0027024883 8.240269e-05 0.0030694047 0.022714205 0.07594477 8.38679e-05 1.0360164e-06 0.018674184 0.03689595 0.027385214 0.1506174 9.589753e-10 0.033661738 0.034490105 0.039652396 7.104165e-09 2.8207244e-06 2.7835597e-07 0.0048146266 1.4483478e-09 2.1126633e-08 5.1700045e-08 0.09671082 1.9555821e-09 4.9528864e-10 0.0024347447 0.000109011016 4.1273448e-05 6.414046e-05 0.0060723005 0.005669866 2.2246167e-09 0.0059191897 6.506124e-07 5.260552e-08 1.535003e-10
0.97074616 0.05076864 0.07986465 0.03863504 0.29000193 0.014316464 0.58588064 0.038950678 0.9258133 0.0054995124 0.09626813 0.34827304 0.89687425 0.20674875 3.4196622e-15 0.2530117 0.009613677 0.00040309413 0.6486028 0.78663516 0.9531663 0.00010556494 9.457069e-05 0.0007861416 0.015700664 0.000100002944 0.00027370287 0.031286806 3.1551988e-06 0.42241892 0.002139389 5.374901e-05 0.00031692584 0.00025890078 0.0048980773 1.2393647e-05 6.9924286e-06 0.0001344572 0.00040584538 0.16669452 5.0160346e-05 0.063304774 1.3924137e-05 0.23174575 3.4270026e-05 1.3527386e-05 0.01699627 0.34242848 0.40960366 6.0985698e-05 0.00020687544 0.00015941335 0.504233 0.089697324 2.1438434e-05 0.00018048557 1.288849e-06 9.965402e-05 0.019480884 0.00031038656 5.748768e-07 0.010596437 0.00013954987 0.00015682893 1.6907055e-05 0.07939007 0.007328614 0.09524865 0.26878327 0.4216503 0.06975219 5.598681e-06 0.00022727478 0.01209038 0.0003837823 0.0031557046 2.4028599e-05 0.00032148653 0.25572664 0.002427664 0.0005066197 0.000490711 0.0014008657 0.0001039635 1.1814761e-05 1.9146594e-06 5.117936e-06 0.19602162 7.273679e-08 2.4262517e-06 0.10995071 0.012628242 0.02263696 3.431751e-07 0.00010243079 1.3344963e-06 6.5576023e-07 0.004004534 4.219222e-07 2.9178368e-06 2.4465896e-08
0.9893073 0.02232007 0.015663648 0.0034253101 0.4194352 0.00988401 0.024253521 0.0004606189 0.67968166 0.0139298765 0.70767087 0.00900403 0.9561323 0.91586035 0.2530117 6.582271e-16 0.30548397 0.00054354355 0.0029602565 0.0014774355 0.5094217 0.0001346412 1.1633663e-05 0.00012769425 0.67062443 1.5720576e-05 3.0505532e-06 0.00011279418 1.5258408e-07 0.76527816 0.02591671 7.720152e-07 1.3278658e-06 1.6959004e-05 8.9219026e-07 9.858211e-07 3.128918e-05 0.0002764859 5.5281777e-07 0.6291496 1.8693006e-06 0.11553435 3.1440562e-05 0.0010487002 3.8971106e-07 0.0006549013 0.08048831 0.06328062 0.036984153 3.4479124e-06 1.7495987e-07 1.8095339e-07 0.38798314 0.2909683 4.626014e-07 1.4819059e-05 6.975045e-08 0.0070687328 6.543459e-05 0.009577142 1.0561429e-06 0.065772995 2.5943651e-05 0.0066833217 4.0222986e-07 0.0034820691 2.4967901e-05 0.0069577587 0.08546834 0.37876007 0.00079843134 1.2101002e-06 0.0022086326 0.04921055 0.008457773 0.023465227 1.5245145e-07 0.0036677455 0.20248413 0.025484445 2.8503362e-07 0.00010705896 2.887809e-06 0.0021353003 5.4937264e-09 1.0619522e-06 1.5715042e-07 0.3494319 7.21037e-09 1.6910923e-09 0.016952878 0.00049676344 0.00024099457 2.1868786e-06 0.000645213 9.5809184e-05 1.5286578e-07 0.030575676 6.5627205e-07 5.539017e-07 8.792406e-09
0.9836779 0.018994983 0.004072423 0.00068407785 0.517562 0.15791728 0.0018930344 0.0003470409 0.122534245 0.86295354 0.8809562 0.00034236952 0.079445586 0.94753754 0.009613677 0.30548397 2.0525245e-15 0.2722503 2.1956084e-05 0.00012045839 0.017339444 0.5303915 0.021491734 0.00060644414 0.7530681 0.00075814046 7.671744e-06 1.5478517e-07 0.00032729312 0.21703029 0.8978526 0.00016026288 4.54383e-09 4.3645177e-06 3.1763592e-10 0.0009847912 0.029852781 0.13070859 7.120317e-10 0.09014603 2.8698726e-06 0.028494038 0.2137985 9.623817e-06 1.9043276e-07 0.6015495 0.0066117016 0.0031014823 0.0005350254 6.6896405e-06 7.012695e-10 4.2050796e-10 0.06288045 0.039412618 1.1003319e-05 3.139469e-05 3.0841245e-05 0.4361918 6.12823e-08 0.08772085 0.0006123905 0.027136978 1.694581e-05 0.06563614 1.462189e-07 6.346289e-05 4.3846864e-09 6.622758e-05 0.0016952247 0.06436905 2.2757698e-05 2.5670219e-05 0.0020950676 0.025402369 0.009543904 0.072640896 1.2909773e-08 0.019236287 0.037825223 0.017932627 8.8993826e-11 0.00013854432 3.4461385e-09 0.0064830007 1.4108854e-11 9.911604e-07 5.5105414e-08 0.054967605 6.898856e-07 4.3066047e-11 0.000104390005 2.0259936e-06 1.7888104e-07 0.0012206828 0.00078134716 0.15054743 1.4322593e-07 0.019994307 8.34184e-05 2.4105375e-05 3.8063895e-08
0.9722339 0.835629 0.34590513 0.08172375 0.047729548 0.8984909 0.002216858 0.021764692 0.0041628536 0.743757 0.38788214 0.08465521 0.004004918 0.0024590518 0.00040309413 0.00054354355 0.2722503 1.4725e-10 1.4162861e-05 0.10190838 0.0004914194 0.9636478 0.95504767 0.08055555 0.00021691281 0.008906079 3.35378e-05 1.4848298e-07 0.76536745 8.949629e-06 0.033134717 0.007672341 6.470119e-07 2.0413472e-05 7.72818e-09 0.76273656 0.36771014 0.10730674 1.4362136e-07 0.0012870037 3.9756214e-06 1.1003891e-06 0.05630693 1.224795e-05 4.540203e-06 0.001736549 4.6612118e-07 3.574707e-05 4.3337277e-05 0.00046035892 2.6110957e-08 3.4622731e-09 0.032811787 0.0007930036 0.000566909 0.00023316842 0.14906183 0.00031338978 2.146853e-07 2.9305802e-05 0.07905051 1.2017359e-06 0.085905485 9.1707756e-05 3.2534825e-07 5.753685e-06 1.3240823e-06 2.8862712e-05 0.00034990808 0.010237871 2.6293524e-06 0.07773968 7.745155e-06 2.0490074e-06 1.2443786e-06 4.1240633e-05 2.8917082e-08 5.21706e-05 0.008796803 6.627644e-06 1.3266759e-08 0.00047980566 2.6662806e-07 1.6492455e-05 5.3329345e-09 1.2076227e-06 1.0142278e-06 0.0031748032 0.011621689 4.0963402e-10 0.00030601773 6.880398e-06 3.2549627e-07 0.00012317052 9.920929e-07 6.8526686e-05 4.6922892e-07 0.0002864003 0.00084757834 0.007168295 0.0010243368
0.9771908 0.0064749 0.026214832 0.027628439 0.0059632338 0.0010021522 0.67614454 0.062819146 0.07981826 4.695356e-05 0.00044660366 0.6944457 0.057715464 0.002624008 0.6486028 0.0029602565 2.1956084e-05 1.4162861e-05 1.09433004e-13 0.52859414 0.31495446 4.584382e-06 3.246558e-05 0.0011462006 0.00015171111 0.012435869 0.015396912 0.92434955 2.1014648e-06 0.0067066485 6.359727e-05 8.207517e-05 0.14145339 0.018657958 0.8022663 2.0825614e-06 2.7951246e-06 6.0233506e-06 0.10506213 0.008935396 0.039339025 0.0026383426 1.5747884e-07 0.9286686 0.01225125 2.2444767e-06 0.002739123 0.17949805 0.4051668 0.0038317447 0.08349244 0.16072069 0.2270053 0.019424733 0.0001914853 0.003448028 1.6844005e-08 2.8647235e-06 0.36712134 4.7373298e-05 3.4904485e-08 0.001992595 0.000558905 4.2301667e-06 0.0023400057 0.18906808 0.35061446 0.1656777 0.31645012 0.14611316 0.4971088 9.72776e-05 1.2971052e-05 0.0015217555 2.4274923e-06 0.00059091195 0.003790775 5.404308e-06 0.21432504 0.00033704744 0.01403824 0.0018462776 0.1146536 1.1773896e-07 0.0015248577 0.00021445194 0.0003167403 0.06612842 5.3854674e-08 0.0017455359 0.3068367 0.28785512 0.13292578 4.7705132e-08 1.6818445e-05 1.0980461e-06 0.000101009166 0.0023711615 2.2513216e-08 1.4025947e-05 4.178801e-09
0.99987173 0.03485406 0.10741407 0.052030038 0.009254037 0.0074407114 0.9108425 0.04281009 0.039548643 0.0026748348 0.0010284965 0.80102396 0.010323221 0.00024129261 0.78663516 0.0014774355 0.00012045839 0.10190838 0.52859414 1.2297302e-11 0.045052856 0.002987913 0.14159794 0.5320205 1.4002465e-05 0.11266126 0.025709797 0.0075439117 0.000988079 0.0002762753 0.00048404958 0.016302988 0.0008783477 0.0081441 0.0004968992 0.008855112 0.00010881999 0.00013079339 0.0003870896 0.00073824025 0.0042839455 3.523921e-05 0.00033816753 0.023114957 0.0020152496 1.611766e-05 3.6482965e-05 0.07691931 0.11401258 0.013021256 4.289759e-05 0.00011547805 0.21354546 0.0010749474 0.0042953165 0.0040805987 0.0005372593 1.4121187e-05 0.000113482885 0.00011602536 0.0002897995 7.92332e-05 0.02992612 8.807727e-06 0.00062282727 0.0013051223 5.6991208e-05 0.0055130497 0.13425319 0.07478223 0.0005724216 0.0040127304 1.11213285e-05 4.5392702e-05 2.9056744e-06 1.6499926e-05 7.5613425e-05 6.617312e-06 0.05408352 5.628779e-06 1.7061845e-06 0.08408911 1.6891276e-05 1.0917622e-06 1.0379554e-05 0.0041057197 0.00017515579 0.007094961 0.0005489964 1.3595568e-05 0.016791537 0.00018262005 8.1220525e-05 1.0568068e-06 7.892286e-07 1.689072e-06 0.0019475739 0.002036961 3.1797164e-05 0.007350053 0.0003106543
0.9812878 0.018168721 0.032392375 0.006295935 0.07887379 0.006025264 0.16677567 0.00088071654 0.34227234 0.0045415 0.04578093 0.06434112 0.71301407 0.052043743 0.9531663 0.5094217 0.017339444 0.0004914194 0.31495446 0.045052856 5.251511e-15 6.3606974e-05 6.5783985e-05 1.2515475e-05 0.033357166 0.00050228153 4.357042e-05 0.029319985 8.844974e-06 0.6977469 0.0024521821 9.897016e-06 0.00014897666 0.00026513526 0.0020472987 9.3558765e-06 1.9092942e-05 5.981736e-05 9.727603e-05 0.44759288 0.00025065563 0.17489903 1.1512458e-05 0.11160171 7.07661e-05 0.00017806671 0.09092263 0.5431794 0.50610864 4.871956e-05 8.4077954e-05 0.00027559506 0.9210948 0.24007325 4.138777e-06 0.00013407088 1.3589268e-07 0.00056393247 0.005443619 0.0020233097 3.0759847e-07 0.07944593 0.00010885571 0.0007039388 5.931811e-06 0.03773857 0.0028286446 0.06062336 0.46491253 0.84350395 0.03266539 1.4204238e-05 0.0010565253 0.09188443 0.0023659593 0.020333212 8.806215e-06 0.00036024465 0.61286026 0.0140235275 0.00038381378 0.00013360092 0.00032515486 0.00014563989 1.1780159e-06 4.2904358e-06 2.8335282e-06 0.5041981 1.8449246e-07 2.6607864e-07 0.054146774 0.005958456 0.0109752705 5.3976873e-07 0.0007109859 7.712826e-06 1.2213708e-06 0.016567612 2.2418615e-07 3.341758e-06 7.2894004e-08
0.93172765 0.40084422 0.036193006 0.003925426 0.038268752 0.47169426 0.00028132618 0.0005051314 0.0014782134 0.94921684 0.47125724 0.0066645616 0.00069515436 0.0023645111 0.00010556494 0.0001346412 0.5303915 0.9636478 4.584382e-06 0.002987913 6.3606974e-05 5.4903635e-13 0.42275232 0.01382773 0.00036463 0.00011325033 1.8586748e-07 6.485715e-08 0.092963785 5.1860143e-06 0.10386104 0.0009247844 2.283005e-08 6.67338e-08 8.6222096e-10 0.43273377 0.9678614 0.86128306 4.5876685e-09 0.00038615154 3.7939444e-08 6.699591e-07 0.66683525 1.9383856e-06 4.0179512e-07 0.06253541 4.9604006e-07 5.9909535e-06 3.8571984e-06 2.3205193e-06 1.47002e-09 9.034257e-10 0.016310217 0.00050443766 1.7927914e-05 6.1048863e-06 0.293471 0.00034931596 8.643257e-09 2.1651226e-06 0.4253003 1.471389e-07 0.010562195 0.00014065471 3.7641774e-07 1.8501275e-07 5.5547147e-08 1.6404226e-06 1.3992307e-05 0.009866921 6.2482917e-07 0.010793771 6.02064e-06 5.182936e-07 9.687664e-07 2.6031248e-06 1.0741489e-09 1.8747289e-05 0.0052710567 2.943609e-06 1.2190474e-09 0.00057052285 3.7813646e-09 4.0446803e-06 1.5674143e-10 1.7391656e-08 2.8116332e-08 0.001956282 0.0024943473 2.5537298e-12 4.023807e-05 3.4573273e-07 2.825094e-08 0.012126044 3.4246924e-07 0.0024075052 1.0829293e-08 0.0010492344 0.04470415 0.00078425265 0.0076029887
0.8595787 0.75302136 0.33385295 0.1433845 0.005949178 0.6609114 0.0012240238 0.08199663 0.00041625416 0.12320353 0.0399799 0.07210245 0.000109830384 0.00036110607 9.457069e-05 1.1633663e-05 0.021491734 0.95504767 3.246558e-05 0.14159794 6.5783985e-05 0.42275232 8.694563e-13 0.27102804 1.8273381e-06 0.029824853 7.974215e-05 1.0444638e-06 0.980658 8.02051e-07 0.0020534836 0.33323988 6.3639436e-07 5.4766948e-05 6.2485714e-09 0.9576537 0.024110556 0.015447728 2.1799664e-07 1.588413e-05 7.75375e-06 4.5578315e-07 0.03305593 3.0837746e-05 9.208878e-06 9.2769835e-05 4.6283043e-07 3.6629297e-06 7.69768e-06 0.0011373252 1.0915316e-07 3.735574e-08 0.009333789 0.00021777755 0.0025203417 0.00017321476 0.53689945 1.9716832e-07 4.6124214e-08 1.5624983e-06 0.09908355 5.8285238e-08 0.6179071 3.6315216e-06 2.503205e-06 5.360608e-07 9.326433e-08 1.3386281e-05 3.5600508e-05 0.005009808 6.905281e-07 0.7483882 2.453941e-06 1.6054281e-06 2.000302e-06 5.9281825e-07 5.8482645e-09 1.494585e-06 0.0035298949 1.2174982e-06 5.952543e-09 0.000509376 1.2090677e-08 2.7680194e-06 5.5036137e-10 4.5126276e-06 8.12734e-08 0.0012951696 0.22597484 2.9852898e-11 0.0004081231 2.370007e-06 4.409011e-07 2.6756497e-05 7.7469457e-07 4.0617347e-06 0.0006103921 0.0006578618 0.004014482 0.27998558 0.041753143
0.97561455 0.6600671 0.6345536 0.4207368 0.004697114 0.068335146 0.034668054 0.6387475 0.0027212438 0.004943839 0.035311557 0.6746123 0.0011613463 0.00016021213 0.0007861416 0.00012769425 0.00060644414 0.08055555 0.0011462006 0.5320205 1.2515475e-05 0.01382773 0.27102804 5.05747e-12 7.897477e-06 0.9316089 0.037979558 6.599833e-05 0.021460913 3.2236674e-06 0.0018558342 0.9886606 0.0050553717 0.07515064 1.7340028e-05 0.0065556616 6.711531e-05 0.00068462046 0.0041536926 0.0001314401 0.0056756325 6.910947e-07 0.003123376 0.0040854597 0.029689917 2.9433506e-06 7.316022e-07 8.9558234e-05 0.0011506401 0.35943672 5.5987725e-06 1.5231078e-05 0.07671204 0.0002880229 0.63997287 0.01497857 0.0021430433 1.05740206e-07 2.518697e-07 1.860223e-05 0.0015091657 4.7220567e-07 0.7534359 1.061154e-05 0.0015268171 2.6444104e-06 5.5696284e-05 4.0412065e-06 5.3022497e-05 0.011847381 5.3746576e-06 0.062104546 1.0407316e-05 3.7170466e-07 2.7884587e-07 9.202441e-08 5.050661e-06 7.259618e-06 0.0032180313 4.2202404e-07 5.2975833e-09 0.008179774 2.4023204e-06 8.5543246e-07 2.7825203e-08 0.025858156 7.859853e-05 0.008383507 0.005693219 6.403689e-08 0.0005324231 1.449468e-06 1.9401128e-08 1.7739556e-07 9.329867e-08 1.6354996e-07 0.28214738 0.00029239178 0.00035226106 0.4427593 0.00043740458
0.9951879 0.0023560296 0.0022142995 0.0003423855 0.09244541 0.0071548577 0.0022655998 3.3209944e-05 0.13465787 0.05244359 0.3731674 0.0005138117 0.23017652 0.8317175 0.015700664 0.67062443 0.7530681 0.00021691281 0.00015171111 1.4002465e-05 0.033357166 0.00036463 1.8273381e-06 7.897477e-06 4.8716826e-14 5.3579963e-05 7.075584e-07 8.799692e-06 7.2590535e-07 0.55413514 0.48946843 1.0485842e-05 3.674309e-07 3.8110973e-06 9.9092084e-08 3.0872977e-06 0.00074734463 0.006346104 4.9206694e-08 0.54520875 1.2388477e-06 0.19823344 0.0016491772 2.5450592e-05 4.630141e-07 0.045724805 0.11216175 0.008132481 0.0038643633 0.0024478538 3.426935e-08 1.6484975e-08 0.22023354 0.3103255 6.471973e-06 0.00060163176 8.0736804e-08 0.5688322 2.6908176e-06 0.89689666 2.804408e-06 0.26718572 7.976649e-05 0.7237213 1.1273137e-06 0.00041010277 3.3830781e-06 0.00055931427 0.024933461 0.26768732 4.4529672e-05 7.822482e-06 0.42110395 0.19839348 0.49841914 0.49939972 7.588688e-08 0.3520485 0.13385476 0.34151253 3.9836692e-07 0.03345784 2.8546792e-06 0.22859396 1.1110547e-09 4.5310393e-05 1.5325858e-07 0.37991267 1.6893416e-07 8.8216134e-10 0.0020598806 4.965044e-05 1.3018354e-05 0.00012171675 0.065531254 0.033348054 2.133519e-07 0.10553433 5.1086613e-06 3.0799254e-06 4.5421512e-08
0.9754645 0.32450083 0.52693194 0.3912109 0.0015170295 0.03314387 0.085851125 0.79989684 0.00015572768 0.0012911375 0.0051454697 0.7240123 9.1313545e-05 3.1039115e-05 0.000100002944 1.5720576e-05 0.00075814046 0.008906079 0.012435869 0.11266126 0.00050228153 0.00011325033 0.029824853 0.9316089 5.3579963e-05 1.34994395e-17 0.49923328 0.0001527997 0.004234141 4.0828504e-06 7.126912e-05 0.93999887 0.037116017 0.24488147 0.00010891916 0.00071076414 9.041801e-06 0.00010589648 0.029276587 0.00067342946 0.026985217 8.510141e-07 2.7006858e-05 0.0027378788 0.08206107 3.8841225e-08 7.477944e-06 0.00090231036 0.0014137202 0.93740946 0.00045587443 0.0012961347 0.025038818 0.00089138455 0.91423523 0.20202257 0.00017531958 4.7831875e-08 7.501906e-05 8.4141556e-07 7.553936e-06 1.4788323e-07 0.6946751 4.211253e-06 0.030451033 0.00017986647 0.00026279737 0.000894306 0.0025196807 0.01513674 2.4465466e-05 0.012509348 1.7245507e-06 7.394941e-06 1.7776264e-08 8.242426e-08 0.00021718084 1.1298323e-06 0.013810624 3.7094327e-07 1.5054972e-06 0.37810808 4.105686e-05 1.8198302e-08 1.011609e-06 0.332399 0.001161477 0.0055957944 0.00054022507 1.199379e-05 0.010327031 8.093058e-05 4.6086865e-05 5.9037895e-08 1.5453281e-07 3.827818e-07 0.530703 0.00022546071 2.6961734e-06 0.31058425 3.9943043e-06
0.9881563 0.02486891 0.095789544 0.069371134 7.992891e-05 0.00031972694 0.12549531 0.6293018 8.775971e-05 4.7654485e-06 8.902185e-05 0.7615638 3.149281e-05 3.7831992e-06 0.00027370287 3.0505532e-06 7.671744e-06 3.35378e-05 0.015396912 0.025709797 4.357042e-05 1.8586748e-07 7.974215e-05 0.037979558 7.075584e-07 0.49923328 2.6204933e-17 0.003396491 2.679596e-06 7.732336e-06 6.2578124e-06 0.06279696 0.40252334 0.9744642 0.003170108 3.3914741e-06 2.0266775e-08 9.658374e-07 0.3962171 1.1085103e-05 0.727776 3.2867595e-06 2.9326628e-07 0.024315262 0.60210085 2.6251428e-08 3.612709e-06 0.0025776285 0.015027009 0.60995513 0.005737045 0.01837359 0.11078023 0.0009507457 0.26465842 0.89972335 4.073189e-08 3.3695144e-09 0.00028108453 1.0690306e-06 4.4871253e-09 3.0028118e-06 0.0035909011 6.1537826e-06 0.52653253 0.0015821535 0.0019487155 0.0033913772 0.018692564 0.06012483 0.00014796908 8.6193535e-07 1.6277554e-05 1.6091275e-07 5.26053e-09 1.2949502e-06 0.03287886 3.0386948e-06 0.058554646 3.2934034e-07 1.02914355e-05 0.4246589 0.00013980003 1.8892793e-07 2.9949457e-05 0.13474059 0.056257967 0.020637726 3.1062444e-09 0.00057562435 0.042048935 0.00035666022 9.211254e-05 3.2166052e-09 3.4708492e-09 1.9198072e-07 0.3907616 0.0007094987 1.6856571e-08 2.7779482e-05 9.196173e-09
0.9475946 0.0003274489 0.0011034852 0.002116903 0.00012988562 1.2986227e-05 0.17280708 0.02095783 0.00095166743 7.5570993e-06 1.9654692e-05 0.34398603 0.00040311622 1.5294934e-05 0.031286806 0.00011279418 1.5478517e-07 1.4848298e-07 0.92434955 0.0075439117 0.029319985 6.485715e-08 1.0444638e-06 6.599833e-05 8.799692e-06 0.0001527997 0.003396491 5.613033e-20 1.3596195e-08 0.00054384867 4.069606e-06 1.1129683e-06 0.23664568 0.021261178 0.98944426 2.8406836e-07 4.938597e-09 1.8469095e-06 0.1899735 0.0001908749 0.04412535 0.0003969814 4.6970305e-07 0.64378464 0.0231637 1.6312168e-08 0.00052794255 0.2582364 0.38379887 0.00014681184 0.27872753 0.306363 0.11714381 0.0075133545 2.25011e-05 0.0018644377 2.8765747e-08 4.677837e-10 0.24002203 2.987175e-07 1.8017943e-08 0.00026035644 6.51059e-06 2.0295236e-07 0.0034702357 0.19053279 0.3299669 0.1376699 0.4351405 0.10691154 0.16350025 1.158926e-07 1.5154764e-07 5.303175e-05 2.33005e-08 2.9222422e-06 0.008025446 2.3185949e-06 0.19663863 7.2798343e-06 0.06981436 0.0007934269 0.06602776 1.7142439e-09 0.0053783827 5.1898263e-07 0.0009688611 0.071006864 1.8631168e-09 0.009879764 0.43407452 0.11474178 0.04513303 5.9285865e-10 6.240332e-08 1.5514331e-10 3.1474045e-07 0.0025031907 4.5364715e-08 4.8089014e-08 2.6992e-09
0.027736578 0.0877524 0.0359169 0.018045701 0.000170502 0.13649555 0.00015795724 0.014616413 1.1550619e-05 0.010464923 0.0017060325 0.0020528052 2.784692e-06 3.1399586e-06 3.1551988e-06 1.5258408e-07 0.00032729312 0.76536745 2.1014648e-06 0.000988079 8.844974e-06 0.092963785 0.980658 0.021460913 7.2590535e-07 0.004234141 2.679596e-06 1.3596195e-08 4.657376e-15 2.5296788e-07 0.0022037218 0.10289883 6.20171e-08 2.3042301e-05 8.414732e-11 0.9843525 0.0059564393 0.0023948748 3.189042e-09 7.9597777e-07 6.206606e-07 2.3658854e-08 0.0027557309 2.2533022e-06 8.844788e-08 9.737947e-06 1.9402053e-08 3.3809497e-06 1.8574266e-06 7.082626e-05 1.3699722e-08 2.4581312e-10 0.00012282812 8.8448604e-07 0.00059589563 2.8279552e-05 0.69061834 5.958907e-08 8.395551e-09 3.606196e-08 0.10426449 8.8704927e-10 0.3273112 2.981682e-07 9.6544184e-08 6.118569e-07 3.28403e-08 1.0451488e-05 1.3832616e-05 6.44822e-05 1.0836407e-07 0.6593925 1.2631186e-07 2.1292044e-08 2.3650224e-09 6.005265e-08 5.9761224e-10 3.9920855e-07 0.00012771811 4.930233e-08 2.2556519e-10 1.4243692e-06 3.968055e-09 3.370892e-08 1.4427061e-10 1.07042354e-07 3.1312877e-09 0.0003875537 0.23131405 2.5897528e-12 4.0465464e-05 4.9773337e-08 3.419128e-07 1.7514311e-06 5.731573e-09 2.9621964e-07 2.62912e-07 4.2116744e-06 0.0015726783 0.11787218 0.48892537
0.9410159 0.001306828 0.0013147702 0.00034924332 0.045524135 0.001871709 0.014865678 0.00034593974 0.14150439 0.0033751803 0.023388881 0.00069229497 0.52620786 0.5778123 0.42241892 0.76527816 0.21703029 8.949629e-06 0.0067066485 0.0002762753 0.6977469 5.1860143e-06 8.02051e-07 3.2236674e-06 0.55413514 4.0828504e-06 7.732336e-06 0.00054384867 2.5296788e-07 5.084401e-18 0.0023559937 1.8193878e-06 3.7901223e-06 4.5699335e-06 9.307162e-06 1.0741966e-06 1.4364733e-06 3.854946e-05 7.2747616e-06 0.93493193 7.948692e-06 0.97180045 4.7930007e-06 0.0012294715 6.6945324e-07 0.00010745563 0.64467627 0.18646748 0.05029859 1.3394525e-06 4.6953987e-06 7.107099e-07 0.2261346 0.31027377 2.1808356e-07 9.299594e-06 4.478304e-08 0.0010002584 0.0009538181 0.0035806934 4.82233e-08 0.6220628 4.2594616e-05 0.0010836651 4.419624e-07 0.014292831 0.000353592 0.014391521 0.024468897 0.25201723 0.005214934 3.9463896e-07 0.0032884905 0.42719528 0.009710456 0.12746625 1.1224338e-06 0.00048704766 0.038187016 0.04263417 1.986062e-05 0.00012249345 2.4695191e-05 0.0009013176 6.320998e-07 6.5356755e-07 2.7365263e-07 0.31240335 5.3389065e-10 2.39355e-08 0.006159505 0.001519886 0.0021841768 1.1536955e-07 0.0019207782 3.9866496e-05 4.2025467e-06 0.016704801 1.3327787e-07 8.147797e-08 2.073278e-09
0.94970167 0.027627999 0.011824275 0.002177135 0.09127989 0.09283975 0.002666122 0.0002252353 0.008732725 0.6508486 0.40463766 0.000987206 0.012405805 0.49844372 0.002139389 0.02591671 0.8978526 0.033134717 6.359727e-05 0.00048404958 0.0024521821 0.10386104 0.0020534836 0.0018558342 0.48946843 7.126912e-05 6.2578124e-06 4.069606e-06 0.0022037218 0.0023559937 2.4308348e-12 0.00022891795 1.1849819e-07 5.3336225e-05 6.63448e-08 0.0050568855 0.0333044 0.35781348 1.1180904e-07 0.059713352 2.5011563e-05 0.0011333002 0.34792924 4.012776e-06 7.124428e-06 0.96551466 0.0028902048 0.0006938628 0.00027515306 1.5160387e-05 9.49968e-09 1.6552283e-07 0.06584587 0.11616127 2.9626375e-05 9.7671094e-05 0.0020314613 0.95447403 2.318116e-07 0.17385414 0.010201954 0.0013644103 0.00027461513 0.6885503 3.6184608e-06 7.0677174e-06 2.2231015e-06 6.7346824e-05 0.0009958049 0.060818885 4.2355277e-06 1.7156948e-05 0.14844209 0.0031095927 0.07982677 0.062415846 8.05339e-07 0.35660505 0.021177813 0.056961846 2.485279e-08 0.0012817944 1.5384486e-06 0.2706221 1.3698095e-09 1.6202307e-06 5.8365613e-06 0.02973033 3.4827476e-06 1.0733133e-09 0.00020694609 1.1271681e-05 1.4261342e-07 0.0223337 0.010463696 0.7551566 4.3428236e-06 0.019557029 0.011189704 1.7340697e-06 0.00024373953
