8.953833e-22 0.8554503 0.60115606 0.99174356 0.41412163 0.8240714 0.96465635 0.8425858 0.96018535 0.518674 0.8610211 0.98757684 0.98307115 0.96934867 0.93613255 0.94493407 0.30755523 0.98021656 0.8969388 0.9733002 0.9522726 0.9174804 0.93832004 0.94823545 0.9995496 0.9467299 0.99799025 0.45745105 0.9407461 0.8833217 0.99543154 0.6706009 0.9482685 0.59413505 0.9812744 0.80704767 0.3326554 0.8868453 0.11533341 0.98675543 0.976251 0.5222098 0.90969735 0.6968948 0.9738497 0.9893303 0.81382847 0.9769975 0.99241805 0.36495867 0.97839814 0.99436224 0.033286996 0.99380946 0.039543647 0.013600018 0.0067679677 0.93039465 0.26923606 0.027740352 0.009359714 0.17793532 0.99152386 0.012016737 0.0011174295 0.97326773 0.8573027 0.9933178 0.52302593 0.9678243 0.13281816 0.97652024 0.19518438 0.3859841 0.84769213 0.016681748 8.8241686e-05 0.00011645258 0.99230427 5.978312e-06 0.53397214 6.0757728e-05 0.2949543 0.9987296 0.39670628 0.0018789971 0.99656254 0.9317523 0.00091719656 0.27476037 0.03573344 0.9978001 3.081505e-05 2.4757563e-05 0.9963 0.9902997 0.9878287 0.9993604 8.066927e-05 0.9997749 0.01056229
0.8554503 1.6504501e-17 0.94676554 0.25611883 0.5482137 0.38024634 0.44027424 0.95139515 0.7091144 0.8273954 0.56998575 0.010443065 0.027639857 0.11029473 0.29367077 0.91078734 0.35027623 0.22627471 0.7505791 0.081442 0.024740856 0.13475467 6.026091e-06 0.29488704 0.43029597 0.036768503 0.12498189 0.010124198 0.0036644624 0.1311189 1.6478729e-05 0.0134943165 0.0024414693 0.0014901503 0.04115164 0.00085325434 0.0020151585 0.001460456 0.0013629511 0.007151242 0.0011199436 0.0008287349 1.4695366e-05 0.00053740526 0.0132467225 0.042343963 0.008280765 0.008840961 0.14000499 1.9042443e-05 0.02666704 0.07881946 0.014398364 3.9394163e-06 0.00030727024 0.0034941945 8.333726e-06 2.7353951e-06 0.00013033628 6.5373806e-06 8.4983924e-08 2.2441161e-05 0.0023234836 6.692841e-05 9.52524e-06 0.0032789563 0.0024841123 0.0012817436 2.2317141e-05 0.0072107604 6.2863915e-06 0.006921574 6.857794e-05 1.4565752e-06 0.00064283394 6.334008e-07 6.7116775e-07 2.4038982e-07 0.0018070957 1.5895648e-07 2.2550562e-08 1.8017951e-07 3.0587782e-07 0.013361521 4.070648e-07 8.846543e-08 0.007990899 6.9818725e-08 3.9520316e-07 9.33385e-07 1.675452e-05 0.004388649 2.3375406e-09 9.816568e-10 0.013538989 0.00023218764 0.0025828118 4.823395e-05 2.168503e-10 0.011153182 3.6150977e-06
0.60115606 0.94676554 6.8717807e-19 0.90411687 0.91192526 0.743623 0.8913119 0.88842386 0.14507098 0.4174221 0.8573277 0.42316937 0.24680552 0.57581925 0.04823374 0.60473603 0.6947157 0.0076122326 0.03544226 0.0049837944 0.0012292346 0.0105718095 0.00025612034 0.09636619 0.6665052 0.0018755096 0.012464966 0.0010090244 0.017603574 0.01657305 0.00016348253 0.0129174655 0.028575376 3.4156936e-05 0.083200775 0.0064683976 0.0022069167 4.6182868e-05 0.0020722356 0.022122988 0.0063479566 0.0062117376 0.00085247913 7.2785195e-05 0.020450521 0.06372084 0.00057623314 0.001599896 0.09961447 0.0006105253 0.0043945354 0.024032865 0.0068438123 0.000116467585 0.0022369712 0.0012687296 2.633517e-07 2.9729115e-05 3.8449917e-07 1.177968e-05 8.404636e-07 0.00039770154 0.0048610033 2.0321053e-05 1.3979695e-06 0.003365247 7.421588e-05 0.0013144006 1.3470392e-07 0.001281865 2.4467354e-07 0.0021935797 0.00087022467 6.3310817e-06 0.0005585126 0.00014248735 9.18252e-07 7.508525e-07 0.0014258208 1.16432986e-07 1.0514029e-07 1.7071537e-07 6.785371e-06 0.0012660994 7.562932e-06 1.5783384e-05 0.009418494 1.5398438e-05 2.4704248e-08 1.0723619e-05 5.794718e-07 0.0045349584 2.610442e-09 6.5793073e-09 0.0066089816 3.8779435e-05 0.002406643 2.5001616e-05 3.2636237e-08 0.0042541865 1.5881116e-07
0.99174356 0.25611883 0.90411687 7.2371406e-13 0.88156444 0.89466304 0.8527936 0.49190754 0.032955717 0.07913771 0.702101 0.6830648 0.2936891 0.4592122 0.06413856 0.20983316 0.7508833 5.783384e-05 0.0010958791 0.00015694233 0.0012212184 0.0004919976 0.00018759172 0.013556934 0.20863323 6.208507e-05 0.0016023094 0.00077266153 0.75503564 0.00148381 0.00036193564 0.8140057 0.0075519383 3.138604e-05 0.056140564 0.001512073 0.54951715 4.982872e-06 0.56749713 0.021170964 0.00067765085 0.003481221 8.060022e-05 4.0956907e-05 0.0034094464 0.039222073 2.6856467e-06 8.660407e-06 0.04579317 0.00044650357 0.00050470233 0.005378945 0.39944595 2.6863936e-05 0.27406818 0.010181388 1.6578493e-05 3.1210355e-05 3.3476078e-06 0.09695154 0.029134879 0.061299443 0.0032233663 0.0066913483 4.769945e-06 0.0014177674 3.3143882e-05 0.00018131606 7.4167826e-07 3.0480654e-05 2.8174848e-06 0.000285318 0.023739083 0.00013703918 0.00017900915 0.0049782605 3.589348e-05 0.0005005264 0.0006767293 2.8927925e-06 1.4432258e-05 5.3456555e-05 2.9448487e-05 0.00012520674 9.564888e-05 0.0040687737 0.0054795556 1.9799043e-05 1.2514968e-06 0.000120086544 4.0772275e-06 0.0013446783 1.49844345e-05 0.00014426031 0.011007592 1.0402747e-06 0.0014199973 0.00019485258 0.0005341762 0.0011352922 4.922967e-07
0.41412163 0.5482137 0.91192526 0.88156444 5.544701e-19 0.9596665 0.89932424 0.39216754 0.06545179 0.2221813 0.5756768 0.6554987 0.8176443 0.54035264 0.036261864 0.14493638 0.8817712 0.0010646725 0.0065027596 0.002467482 0.0010126154 0.0020909647 0.0012891799 0.035270344 0.12688464 0.00046014186 0.0030262969 0.000978091 0.058714814 0.0035823672 0.00077752833 0.04962878 0.12387977 6.215032e-06 0.05420669 0.052629337 0.009817895 9.556449e-06 0.013622059 0.02485329 0.035276923 0.024582502 0.005583752 1.0504248e-05 0.0098323105 0.030164074 6.764486e-05 0.0005302852 0.041976467 0.0018665191 0.0011786593 0.008851671 0.003959947 0.0002104722 0.008520761 0.00048384233 1.07491445e-07 0.00010393386 2.5594842e-08 6.3237085e-06 2.5828176e-06 0.006655797 0.0039267684 2.0510633e-05 3.729933e-07 0.0035842275 7.186985e-06 0.0015724205 1.0374718e-08 0.0001581995 2.0326546e-08 0.0006802473 0.002036024 1.3602312e-05 0.0004267669 0.00019080882 4.653026e-07 3.519749e-07 0.0007120115 1.09670495e-07 1.6380534e-07 8.827177e-08 6.622966e-05 0.0004724532 2.3644749e-05 1.333506e-05 0.005311195 1.4976734e-05 7.754478e-09 2.419425e-05 2.3577993e-08 0.002392471 6.4851298e-09 3.6589616e-09 0.004098363 6.2053605e-06 0.001329931 0.00025307343 4.6699437e-08 0.0023354755 5.418414e-09
0.8240714 0.38024634 0.743623 0.89466304 0.9596665 2.6106868e-16 0.7539228 0.16504888 0.09692984 0.4185373 0.0883314 0.5677105 0.67457736 0.14690873 0.174751 0.20002142 0.96491605 0.00044096637 0.015903944 0.004035661 0.014705777 0.0022281448 0.0007180371 0.051367287 0.13704254 0.000384064 0.0023192794 0.012459087 0.7048815 0.0036731116 0.0003039266 0.60415107 0.074695416 0.0006477056 0.039445013 0.041494023 0.31336293 4.787265e-05 0.24135222 0.029948486 0.0067873234 0.047430057 0.008699471 6.7769215e-05 0.0028647294 0.026554842 0.00011840112 0.0002501792 0.053896468 0.009663554 0.0004413517 0.008160354 0.5219063 0.0004199194 0.26733693 0.06484329 0.00023027135 0.0009997612 8.057597e-06 0.119286016 0.07420272 0.17791753 0.0015962559 0.024487544 0.00032701794 0.001374507 3.0205487e-05 0.00091801386 7.725072e-07 0.00016079932 1.2096802e-06 0.0005061399 0.160774 0.00014026716 0.00043460928 0.040820897 0.00012561027 0.00051121344 0.00028245605 4.374886e-06 3.726806e-06 0.00012138278 1.5260433e-05 0.00058829586 1.4377665e-05 0.008876148 0.002504466 1.5152515e-06 1.6630677e-06 0.0017758601 4.307123e-07 0.0003419329 5.6413123e-06 4.2954736e-05 0.0021256858 1.2520555e-06 0.0004783591 0.0011353826 0.0013403491 0.0014875937 2.4220614e-07
0.96465635 0.44027424 0.8913119 0.8527936 0.89932424 0.7539228 1.2994158e-12 0.5875513 0.15676098 0.13443676 0.74480593 0.9368379 0.688871 0.8528047 0.12004667 0.34650895 0.5614027 0.0011335548 0.0058392347 0.0023786423 0.006019529 0.0062424103 0.0015406548 0.10040515 0.28406698 0.0002394562 0.0039077867 0.0013159239 0.7222178 0.007014326 0.0021253151 0.40860623 0.23318438 0.00014372244 0.23785535 0.08380406 0.18163678 1.1649006e-05 0.06967925 0.19689398 0.017128216 0.10317075 0.02512613 2.4943984e-05 0.029637018 0.18341407 2.6196623e-05 2.2470029e-05 0.19614792 0.018218813 0.0010628672 0.031916957 0.106356345 0.0005071301 0.0718345 0.008969423 1.719605e-05 0.0025663648 2.4437495e-06 0.010628536 0.0039014546 0.07460423 0.020500878 0.0050206077 1.5803023e-05 0.006037334 6.557349e-06 0.0013138058 4.639419e-07 0.00013449811 2.6609212e-07 0.00062662986 0.0652386 0.00095496076 0.0017185631 0.02456141 7.5721264e-06 4.021139e-06 0.003154397 1.4276616e-06 0.00038051634 4.605899e-06 8.476382e-05 5.155173e-05 0.00016848328 0.0021311624 0.015103949 0.00011881352 2.775913e-06 0.0009987776 3.2556423e-07 0.0059988014 2.6716805e-08 9.135061e-08 0.04384308 2.8643221e-06 0.002837547 0.0011528565 6.469724e-05 0.004286455 2.3727851e-07
0.8425858 0.95139515 0.88842386 0.49190754 0.39216754 0.16504888 0.5875513 3.232608e-17 0.12597668 0.20263062 0.96016574 0.03930346 0.036608107 0.34268835 0.04318101 0.91848046 0.08387147 0.08229369 0.22426184 0.005307547 0.0029610938 0.06976208 6.9324037e-06 0.38401386 0.9267686 0.013792854 0.06281127 0.0012607257 0.008014558 0.11932766 8.285433e-06 0.013185914 0.008289618 2.5046293e-05 0.09126262 0.0015500322 0.0008750602 0.00017366183 0.0008003727 0.019770402 0.0030032487 0.0019757897 3.676609e-05 4.4897497e-05 0.040671453 0.10739405 0.0044535366 0.0034174644 0.20133275 9.1301175e-05 0.017333508 0.09179724 0.008671422 3.554885e-06 9.264376e-05 0.0011839232 1.2803275e-06 1.6484788e-06 1.2305682e-05 5.460785e-06 1.09582466e-07 8.135665e-05 0.003545015 3.5589204e-05 1.4228622e-06 0.0024281188 0.0005715452 0.0017652857 2.7830195e-06 0.007605589 3.6300133e-07 0.009113626 0.0001757716 3.699225e-06 0.001862299 1.46962075e-05 6.234584e-07 6.8274227e-07 0.0012066375 1.3452586e-07 8.317329e-08 1.3945879e-07 5.95891e-07 0.0071110935 7.142721e-06 1.097215e-06 0.015388964 1.2715858e-06 4.3368158e-07 9.760848e-06 2.7695085e-06 0.0069804424 3.547077e-09 8.750214e-09 0.027795803 6.411839e-05 0.004234876 4.32693e-05 7.3738415e-10 0.015778719 8.455502e-07
0.96018535 0.7091144 0.14507098 0.032955717 0.06545179 0.09692984 0.15676098 0.12597668 4.1919458e-18 0.9778136 0.03679724 0.003927162 0.0033851522 0.010542311 0.9403254 0.6765012 0.08247416 0.07023809 0.5399196 0.6719797 0.7987882 0.067652434 1.13724645e-05 0.10260209 0.35757923 0.004658812 0.31798506 0.5471134 0.043624844 0.030196993 4.9438645e-06 0.18860872 7.367323e-05 0.40228066 0.006072269 0.00019364661 0.02423253 0.008894943 0.027574735 0.0028055627 1.9033057e-05 0.00021545026 1.3404441e-06 0.007523637 0.00096494454 0.010156837 0.0017622883 0.0044366433 0.11810599 3.7464338e-06 0.0047967737 0.019329334 0.8038762 3.6881397e-06 0.008136376 0.35313722 0.010560166 7.113622e-07 0.0012462694 0.0074048215 0.00012244766 0.0008455955 0.0001694755 0.25377187 0.0004271236 0.00024173346 0.0011991722 5.872241e-05 8.759265e-05 0.0017464408 6.377851e-05 0.0019315877 2.166241e-05 2.4226182e-07 7.3761776e-06 8.4585827e-07 0.0030239716 0.00030589578 7.108462e-05 0.00045147305 1.7133318e-09 0.0003249109 1.0973321e-08 0.013288756 1.2855241e-07 1.4136916e-06 0.003758937 1.196859e-08 3.461419e-05 6.4591045e-06 3.4153836e-05 0.0006094579 9.04748e-07 5.022952e-07 0.008807358 0.00017306217 0.00041523518 2.5256579e-05 1.715514e-08 0.0074706064 9.93416e-06
0.518674 0.8273954 0.4174221 0.07913771 0.2221813 0.4185373 0.13443676 0.20263062 0.9778136 2.832094e-21 0.17296818 0.0044345837 0.03936973 0.018676179 0.94506687 0.4683078 0.5678214 0.046715636 0.65796965 0.76019424 0.6761629 0.039864376 4.4567037e-06 0.05360477 0.23470145 0.002789959 0.36523235 0.5233326 0.005614728 0.022404943 4.0201453e-06 0.121245615 0.0023359356 0.2052695 0.0025650547 9.784348e-05 0.01125733 0.008863548 0.018349247 0.0010685934 0.00024589218 0.00011507459 2.5918226e-07 0.0050995667 0.00011951813 0.01057249 0.001398873 0.004180183 0.03634661 1.3835226e-07 0.0040963273 0.013021454 0.107802734 1.4197961e-06 0.0039359657 0.03997578 0.0052518365 1.3307231e-08 1.707691e-05 3.683263e-05 1.5034972e-06 0.00035483652 8.192892e-05 0.0015978352 0.00022794005 3.3766046e-05 0.00068849855 1.0039779e-06 3.4897732e-06 0.0010951651 9.0246566e-08 0.0010747828 3.7062684e-05 1.2971254e-08 1.8372544e-08 2.816672e-07 2.2533355e-05 1.7450462e-07 4.356995e-06 1.032635e-06 9.05261e-10 1.7224245e-07 4.3188164e-09 0.0036586465 3.9199115e-09 8.5553324e-08 0.0010294734 1.1418662e-07 1.16133556e-07 1.8681307e-07 1.32768155e-05 0.00012665414 1.4757305e-10 3.9119676e-11 0.0032637115 0.00037288663 9.4698305e-05 1.2852779e-05 6.303987e-12 0.0023495685 2.6035766e-06
0.8610211 0.56998575 0.8573277 0.702101 0.5756768 0.0883314 0.74480593 0.96016574 0.03679724 0.17296818 2.1558282e-19 0.3974483 0.24043866 0.91595376 0.018932557 0.86388254 0.40240467 0.03746757 0.20731859 0.005896521 0.0006987055 0.050188735 0.00021021985 0.5124213 0.9250198 0.012985057 0.031488385 0.00023852695 0.0071728495 0.09072644 0.00016978917 0.004216174 0.10903715 1.18377575e-05 0.4197165 0.021846745 0.00045063192 9.2837545e-05 0.0002102842 0.14417903 0.030949702 0.008653172 0.0024682821 7.930191e-05 0.4239264 0.26008007 0.008143529 0.004636562 0.32522526 0.00035757467 0.04900803 0.17923854 0.00086452573 0.00018681405 3.7080183e-05 0.00016226013 1.8642756e-07 0.000115886905 2.0042985e-06 1.0420054e-06 1.205444e-07 8.991956e-05 0.03130502 6.3753178e-06 5.0746587e-07 0.016463384 0.00035326692 0.013375725 2.4123117e-06 0.023931922 7.8699486e-07 0.038981784 0.0013474878 5.7998714e-05 0.014882332 4.4269644e-05 2.2832949e-06 3.7868466e-07 0.010714512 3.439482e-08 1.9500465e-06 9.2658645e-08 6.069339e-05 0.008978117 3.742786e-05 1.8331783e-06 0.0591296 0.00031408004 5.9595404e-09 6.7422916e-05 2.0861792e-06 0.029655669 4.6628984e-10 1.2345235e-09 0.054120563 0.00036439864 0.027106088 0.000515822 5.9619505e-09 0.025433704 7.171952e-07
0.98757684 0.010443065 0.42316937 0.6830648 0.6554987 0.5677105 0.9368379 0.03930346 0.003927162 0.0044345837 0.3974483 1.9045746e-11 0.759165 0.9667961 0.009007445 0.028988369 0.45082465 0.0001030291 0.00011686835 5.790387e-05 0.00047582597 0.00044637607 0.0037947972 0.004419275 0.056594428 6.616829e-05 0.0002997559 0.00014959299 0.85600674 0.00026410434 0.009229781 0.5162645 0.058830652 2.1062951e-05 0.108989544 0.012954377 0.45169517 2.0136138e-06 0.2339884 0.060036346 0.005754092 0.02563761 0.0059499727 2.0925385e-05 0.0068809427 0.040202945 1.2483249e-06 4.407261e-06 0.023261024 0.0037689572 0.0002658348 0.0034831949 0.013883578 0.00018231985 0.13887013 0.0021839526 2.8981217e-06 0.0020020953 4.315169e-07 0.0052128155 0.0055172993 0.058184724 0.007934455 0.00097274367 1.1863983e-06 0.0026398161 2.4622466e-06 0.00082845846 3.163943e-08 3.697361e-05 3.037481e-06 0.00020011551 0.0551914 0.0005722513 0.0012731269 0.017883059 1.6019095e-07 2.724722e-05 0.0020623298 6.136687e-08 0.00023789474 1.960975e-06 0.0008632952 0.00011704225 0.00022096605 0.0006064459 0.004857282 0.0002325475 1.2769253e-06 0.00052999926 2.2863311e-07 0.0037862821 2.1380265e-05 2.9228653e-05 0.012196152 5.625064e-07 0.0012887614 0.0033659644 0.00024784484 0.0011351878 1.6197447e-07
0.98307115 0.027639857 0.24680552 0.2936891 0.8176443 0.67457736 0.688871 0.036608107 0.0033851522 0.03936973 0.24043866 0.759165 2.9962613e-17 0.7443787 0.013346658 0.03988025 0.91373026 3.0186395e-05 3.165013e-05 6.1086226e-05 0.0003996217 0.0005744984 0.10401674 0.011480451 0.02201686 5.098982e-05 0.00039466983 0.00011770715 0.7145855 0.00035179572 0.052478902 0.07979158 0.9245999 4.73674e-06 0.32886147 0.71812975 0.09243356 1.0017986e-07 0.026552867 0.4201078 0.5469694 0.7319863 0.513419 3.2852174e-06 0.024572667 0.19082668 6.2749396e-06 1.5570251e-05 0.09198304 0.27938622 0.00014474333 0.0029443854 0.017056616 0.009867353 0.09275633 0.0033918351 1.1800273e-06 0.11776855 4.567754e-08 0.0028678686 0.003919542 0.31820926 0.07017648 0.0005170821 3.6950858e-06 0.035794016 1.7088362e-07 0.022402555 2.9751746e-09 0.00025548608 7.3068975e-08 0.00026345006 0.3759528 0.0035328632 0.005058439 0.14675039 4.124657e-07 1.8913254e-07 0.005259322 8.618633e-08 0.0072262394 1.793566e-07 0.0032551757 0.00032555233 0.00020806416 0.0068655973 0.023735834 0.00030081577 7.5451555e-07 0.027466994 2.4495218e-08 0.009797407 4.700486e-09 1.2149649e-08 0.039979864 3.4037296e-07 0.0029013937 0.066091895 4.353416e-05 0.0014665239 6.661892e-09
0.96934867 0.11029473 0.57581925 0.4592122 0.54035264 0.14690873 0.8528047 0.34268835 0.010542311 0.018676179 0.91595376 0.9667961 0.7443787 1.7196317e-12 0.0049489825 0.10804228 0.21139652 0.002723727 0.0048873853 0.0015705276 0.00049868535 0.013095009 0.024054695 0.120224595 0.03814114 0.0011939725 0.0008880135 0.00015484697 0.23878114 0.011757235 0.01870547 0.017454784 0.41104165 3.3754295e-05 0.7230877 0.18095958 0.006890987 2.454436e-05 0.002403214 0.6655698 0.291335 0.12785499 0.08797021 3.6542544e-05 0.3018614 0.32696706 0.00028985835 0.000521366 0.17343204 0.010493906 0.0023765098 0.035402786 0.0054653315 0.00381908 0.0015937347 0.00039570002 5.3758463e-06 0.01325136 2.2442284e-06 5.042977e-05 2.9182584e-05 0.008626542 0.1462508 0.00020808956 2.2769389e-06 0.058150675 7.811658e-06 0.016916288 2.2050996e-07 0.0025426806 1.1243869e-06 0.0045041493 0.05391332 0.0032299685 0.02457336 0.007892076 1.0662601e-06 6.270686e-08 0.02695076 1.5261116e-07 0.0019981125 1.8890503e-07 0.0039176433 0.00030179473 0.0011743469 0.0001028515 0.06315557 0.0019932694 9.2588283e-07 0.0010477451 1.6326176e-08 0.05340913 1.1354328e-08 3.139912e-09 0.09688432 2.6881693e-05 0.021122377 0.0072930176 1.1100068e-06 0.008503396 2.3331987e-08
0.93613255 0.29367077 0.04823374 0.06413856 0.036261864 0.174751 0.12004667 0.04318101 0.9403254 0.94506687 0.018932557 0.009007445 0.013346658 0.0049489825 3.9803812e-16 0.5236271 0.1697931 0.019085819 0.13704869 0.62964195 0.9561988 0.02630013 2.7159145e-05 0.043342203 0.49422845 0.002046424 0.19776809 0.7724665 0.059443057 0.01626905 2.69082e-06 0.23044625 0.0003496044 0.52456415 0.0006502675 0.00019166089 0.017296173 0.007997291 0.024478536 0.00035855488 0.00024034754 0.00074406643 6.3653573e-07 0.014516358 0.00013493028 0.003591004 0.000879632 0.00220067 0.038711675 2.5782133e-06 0.0019001103 0.0076306905 0.73955464 1.0277885e-06 0.025840074 0.36570045 0.03136916 1.2426206e-07 0.0011893989 0.008386666 0.00044290168 0.0026456818 0.00014618022 0.19014187 0.0020086828 3.0559793e-05 0.0004367387 2.402382e-06 2.9389119e-05 0.0014160234 3.4119428e-05 0.0011283206 0.0003337955 4.824646e-07 8.349241e-07 1.9105546e-05 0.0073649557 0.0003931396 1.3663393e-05 0.0011642822 2.4013866e-09 0.000251896 9.639496e-08 0.0066285273 2.2363862e-07 6.948637e-05 0.0008668411 9.960637e-08 4.4688564e-05 1.5272606e-05 5.9850405e-05 0.00010749623 1.0030142e-06 5.110252e-07 0.0031374402 0.00040420046 6.136697e-05 2.8113454e-05 2.2916904e-09 0.0017862059 1.2373441e-05
0.94493407 0.91078734 0.60473603 0.20983316 0.14493638 0.20002142 0.34650895 0.91848046 0.6765012 0.4683078 0.86388254 0.028988369 0.03988025 0.10804228 0.5236271 1.0638089e-14 0.07063054 0.64137214 0.16091704 0.09527108 0.30259883 0.5638397 1.0299103e-05 0.7926179 0.89895415 0.13688909 0.9619011 0.050232064 0.20164095 0.49434623 2.3341148e-05 0.24459906 0.0047269324 0.010326711 0.17695186 0.00020903196 0.02901072 0.017130423 0.033824675 0.0072274897 0.00010314422 0.000704162 1.2531671e-05 0.0039127334 0.04434262 0.16431072 0.0060358522 0.011673475 0.27559146 1.0228364e-05 0.1199977 0.28614607 0.16964987 1.07593e-05 0.0047447723 0.02426241 4.9422826e-05 3.4040208e-06 0.0005063914 0.0012930518 0.00018748264 0.0011950537 0.006990232 0.003969918 1.093481e-05 0.0015112052 0.0026710492 9.3780975e-05 0.00017457813 0.0068518845 3.2077893e-05 0.018718805 0.0032001813 9.404244e-06 0.00031900327 5.6465706e-06 0.00012938245 6.2900894e-05 0.0044519464 1.450916e-06 1.103805e-06 3.935565e-05 4.6065335e-07 0.0056549567 9.129439e-07 1.3166278e-06 0.026787572 8.337585e-07 2.8904886e-05 4.30578e-05 2.2738956e-05 0.0039084745 2.060626e-06 3.9376974e-07 0.031084655 0.0010533325 0.009775423 1.214412e-05 3.606437e-06 0.026213909 3.1810403e-06
0.30755523 0.35027623 0.6947157 0.7508833 0.8817712 0.96491605 0.5614027 0.08387147 0.08247416 0.5678214 0.40240467 0.45082465 0.91373026 0.21139652 0.1697931 0.07063054 1.1739095e-22 0.000985602 0.016117463 0.014782071 0.015255415 0.0010487451 0.0048079346 0.01422783 0.013772099 7.110707e-05 0.0006881136 0.051284038 0.8167078 0.0012622282 0.0011701206 0.7062758 0.4535801 0.00029204178 0.030339157 0.39152965 0.53898865 3.9471048e-05 0.4578701 0.013443347 0.13505718 0.4971725 0.13190219 1.07432215e-05 0.002253701 0.008745322 3.1750198e-05 0.000120653385 0.012396775 0.18880934 0.00023580111 0.003277274 0.20226558 0.00022080849 0.5843269 0.05355733 6.3028674e-05 0.015734233 1.2804989e-07 0.006374136 0.014289968 0.3530724 0.001052614 0.0038311328 2.5237967e-05 0.0020805534 4.5350593e-05 0.0025360438 1.3413588e-09 0.0004581924 2.346892e-08 0.00021538595 0.14722669 0.00078803545 3.396726e-05 0.05550895 4.539263e-06 8.178958e-05 0.0001869454 3.2746152e-07 5.715226e-05 7.1416043e-06 0.0006694255 0.0012552878 8.6454465e-06 0.0075723194 0.0015206811 8.875415e-05 6.001338e-08 0.010213777 2.9581047e-08 0.00065842323 1.4618619e-08 5.720264e-07 0.0008548812 0.00011793535 0.00011756276 0.0018997008 4.70258e-05 0.00074708066 4.0595753e-09
0.98021656 0.22627471 0.0076122326 5.783384e-05 0.0010646725 0.00044096637 0.0011335548 0.08229369 0.07023809 0.046715636 0.03746757 0.0001030291 3.0186395e-05 0.002723727 0.019085819 0.64137214 0.000985602 1.5244085e-18 0.959535 0.26908633 0.011736343 0.8737081 1.6350779e-06 0.58240455 0.04041344 0.9175766 0.63743854 0.007752475 3.3067572e-05 0.6435943 7.182726e-07 5.6747856e-05 4.654915e-06 0.014468069 0.0030649516 5.1153597e-06 1.6283579e-05 0.097561724 3.0910884e-05 0.0027872375 3.0101852e-05 2.4491519e-05 6.498305e-07 0.03164608 0.001114168 0.03661873 0.34995812 0.50954914 0.2750312 6.9277866e-07 0.37705302 0.26911506 0.00047025844 9.278399e-07 2.4940261e-06 0.0012795782 0.00028285585 2.8114792e-07 0.036552776 1.040613e-06 3.0448314e-07 5.084973e-07 0.0017296032 0.00025470345 0.0006425284 0.0002741342 0.09444607 3.1762793e-05 0.015255516 0.13201517 0.01582112 0.04371715 5.5653086e-06 7.197565e-07 1.7103266e-05 1.3836757e-07 5.499915e-06 6.2180675e-08 0.00057971926 9.987447e-07 2.3702114e-09 2.3669044e-07 1.0769229e-08 0.15702312 5.242863e-08 2.415197e-07 0.010464195 2.2800632e-08 0.0001421765 1.0792837e-06 0.00872924 0.001731085 8.702378e-09 1.0096066e-09 0.07338164 0.036190633 0.0023510153 3.972001e-05 1.957178e-10 0.1125441 0.0023256838
0.8969388 0.7505791 0.03544226 0.0010958791 0.0065027596 0.015903944 0.0058392347 0.22426184 0.5399196 0.65796965 0.20731859 0.00011686835 3.165013e-05 0.0048873853 0.13704869 0.16091704 0.016117463 0.959535 1.6706806e-19 0.9584057 0.029880723 0.2632267 3.3018569e-07 0.08292159 0.010847554 0.7636504 0.09186764 0.039060052 1.2420169e-06 0.19140054 2.6547997e-07 0.00031268733 2.1088206e-06 0.028640557 0.002271062 4.2615925e-06 8.544949e-05 0.4504903 6.563258e-05 0.0010298361 8.904579e-05 5.641898e-06 1.44709e-07 0.10293082 0.0021565922 0.009722994 0.78945535 0.30172935 0.05500945 1.0473852e-08 0.1728042 0.05727483 0.00016560755 7.147835e-07 1.1915121e-06 0.00013557394 0.0004562348 6.9197444e-07 0.331811 7.974218e-08 7.8688934e-08 1.4627237e-06 0.00033476626 5.2179807e-05 0.0017464417 0.0002491162 0.53905344 1.8033288e-05 0.15418145 0.39865005 0.03213747 0.0478136 7.1305476e-07 8.863973e-08 9.580325e-07 3.6644026e-09 6.6973683e-07 8.9703924e-08 0.00024868487 1.3900575e-07 1.248576e-08 5.911519e-08 6.06591e-08 0.15758662 3.5055603e-08 1.1964749e-09 0.010202792 1.20884015e-05 0.00054782646 2.4805906e-06 0.012808961 0.003326824 1.012494e-08 3.135938e-09 0.028067993 0.073250346 0.0020944371 2.9832892e-05 2.1457996e-10 0.025808925 0.008990683
0.9733002 0.081442 0.0049837944 0.00015694233 0.002467482 0.004035661 0.0023786423 0.005307547 0.6719797 0.76019424 0.005896521 5.790387e-05 6.1086226e-05 0.0015705276 0.62964195 0.09527108 0.014782071 0.26908633 0.9584057 9.342455e-16 0.73614985 0.044079557 7.644944e-07 0.020602206 0.0058544404 0.024294274 0.03215261 0.60129637 1.6510694e-05 0.018329836 1.0050105e-06 0.0007314415 4.346934e-06 0.831981 0.0014526251 7.149475e-06 0.00022164376 0.8824676 0.000321905 0.0007720602 0.00023172067 8.278684e-05 1.4736851e-07 0.8511088 0.0015415079 0.003894728 0.012968907 0.04319829 0.039528556 9.448235e-07 0.0049669053 0.010527983 0.033214685 8.839661e-08 0.00016521366 0.028452307 0.12110029 4.01562e-08 0.507908 6.1966966e-06 6.8298783e-07 2.1738899e-05 0.0011097586 0.014385977 0.05292502 0.0010386704 0.067519315 4.246175e-05 0.010339355 0.007819381 0.045628157 0.0019097504 1.090577e-06 1.6192682e-06 1.9450845e-05 1.0162379e-06 0.0002492918 1.638927e-05 0.00037283404 0.00015133945 6.9989853e-10 4.4764042e-06 2.2330903e-08 0.067379326 2.844894e-07 1.240374e-06 0.005359763 3.2879082e-09 0.015004492 2.4699995e-07 0.0026410234 0.0028414887 5.0289017e-08 9.701356e-09 0.008069678 0.0051086987 0.0013491646 0.000120414516 3.3150213e-10 0.010361615 0.0020628944
0.9522726 0.024740856 0.0012292346 0.0012212184 0.0010126154 0.014705777 0.006019529 0.0029610938 0.7987882 0.6761629 0.0006987055 0.00047582597 0.0003996217 0.00049868535 0.9561988 0.30259883 0.015255415 0.011736343 0.029880723 0.73614985 6.70608e-16 0.004542087 1.7235476e-06 0.005896245 0.07594987 0.0005942402 0.14886943 0.9632079 0.0039322414 0.0018963194 2.9613406e-07 0.064857505 1.9741427e-05 0.83698463 5.0787792e-05 1.1085167e-05 0.0043031494 0.038680237 0.011541321 1.8310355e-05 4.719684e-05 8.311704e-05 8.7226056e-08 0.096720204 2.5752852e-05 0.00023916316 0.00020453625 0.0007433838 0.0047755763 5.734482e-07 0.00027964232 0.0008517263 0.86435956 4.006434e-07 0.004398636 0.6667741 0.27905512 6.160964e-08 0.0030405123 0.001899709 1.8478691e-05 0.0001550679 7.250064e-06 0.58337754 0.025219793 4.1313797e-06 0.00033063334 8.444526e-07 6.241425e-05 0.00027436385 0.00025930355 9.6110365e-05 1.1921834e-05 1.530487e-07 2.2290806e-07 5.7402053e-07 0.027962526 0.00058364926 1.4676116e-06 0.011397689 3.856718e-09 0.00036737384 5.7828125e-08 0.0079395445 2.4553887e-07 1.2080559e-06 0.0001145594 7.8279065e-08 0.00059229136 3.9708243e-06 3.3907803e-05 9.644123e-06 6.9002817e-06 1.5771562e-06 0.00073773274 0.0002682112 7.309094e-06 1.0818285e-05 1.04962306e-08 0.00058097555 8.10685e-06
0.9174804 0.13475467 0.0105718095 0.0004919976 0.0020909647 0.0022281448 0.0062424103 0.06976208 0.067652434 0.039864376 0.050188735 0.00044637607 0.0005744984 0.013095009 0.02630013 0.5638397 0.0010487451 0.8737081 0.2632267 0.044079557 0.004542087 1.2085655e-15 6.1760534e-06 0.87020755 0.03549139 0.9114053 0.9062371 0.00091298885 0.0005596352 0.9448286 6.675009e-06 0.00015874827 1.1690619e-05 0.00059846125 0.029151184 3.4121706e-05 5.7174668e-05 0.015396554 9.738389e-05 0.0050989245 0.0005020251 0.00013987644 1.5186245e-05 0.002310027 0.0140440315 0.06866709 0.201421 0.30869094 0.3866658 7.432704e-06 0.69265896 0.48223346 0.00033057845 1.4813505e-05 3.466301e-05 0.0005923479 2.4126719e-05 4.9998566e-06 0.002560421 6.6762725e-05 2.1664848e-05 6.995296e-06 0.003249566 0.00012297793 4.2685013e-05 0.0011570696 0.023665631 0.00012037629 0.005626022 0.07829076 0.00078516465 0.06257592 0.001244399 3.7192397e-06 0.0006027333 1.021834e-05 6.2604145e-06 7.822485e-07 0.0035094062 5.3767794e-06 9.403612e-07 6.848895e-06 2.0314542e-07 0.049226873 1.9659387e-06 5.325988e-05 0.034299534 6.857457e-06 0.00045682603 2.1743752e-05 0.001152983 0.013493139 1.6665155e-07 4.4626233e-08 0.062188435 0.006283264 0.012496637 1.923113e-05 3.4016566e-07 0.07583868 0.000495238
0.93832004 6.026091e-06 0.00025612034 0.00018759172 0.0012891799 0.0007180371 0.0015406548 6.9324037e-06 1.13724645e-05 4.4567037e-06 0.00021021985 0.0037947972 0.10401674 0.024054695 2.7159145e-05 1.0299103e-05 0.0048079346 1.6350779e-06 3.3018569e-07 7.644944e-07 1.7235476e-06 6.1760534e-06 1.9611996e-13 8.447871e-05 5.436988e-05 1.217186e-06 1.283156e-06 2.8772445e-06 0.052940227 1.433985e-06 0.9715568 0.0006550999 0.91405654 5.28259e-07 0.033873167 0.7772309 0.0014892056 1.4096697e-07 0.0010637287 0.08451614 0.48086336 0.8738966 0.8652172 5.2482064e-06 0.0012755325 0.0060469774 3.103617e-08 4.066653e-08 0.0019882973 0.79443675 3.542154e-06 5.809365e-05 0.00021781804 0.07800891 0.005418173 0.00031112213 6.1414966e-07 0.75955343 7.432416e-09 0.00017717216 0.0003147232 0.18733253 0.021602023 0.00011665612 9.114968e-06 0.015514875 1.2299064e-07 0.015630493 9.336997e-10 2.8685563e-06 2.8051423e-07 1.0868687e-05 0.67888254 0.05591052 0.0052286056 0.7782403 4.8944134e-08 1.2393405e-06 0.00859484 5.6484012e-08 0.11155705 3.3943715e-07 0.00792309 2.3291737e-05 0.000936814 0.0022358268 0.0027314906 0.0014504622 1.230239e-06 0.68518794 7.805761e-09 0.012597186 9.100941e-06 4.2608244e-06 0.003399985 3.2323007e-07 0.001135551 0.066826634 0.0002908261 7.543286e-05 1.19209735e-08
0.94823545 0.29488704 0.09636619 0.013556934 0.035270344 0.051367287 0.10040515 0.38401386 0.10260209 0.05360477 0.5124213 0.004419275 0.011480451 0.120224595 0.043342203 0.7926179 0.01422783 0.58240455 0.08292159 0.020602206 0.005896245 0.87020755 8.447871e-05 2.0236967e-14 0.41649055 0.2587999 0.94131374 0.001341912 0.007524046 0.9161515 7.572875e-05 0.0036315029 0.00093354355 0.0011001694 0.39525208 0.0006557819 0.0004690599 0.005510666 0.00025870037 0.04932342 0.0014231092 0.0010430593 0.0001604141 0.00093709194 0.23289396 0.39283735 0.026583886 0.11311612 0.64374995 3.148473e-05 0.575433 0.7717048 0.0028948197 8.841166e-05 4.37778e-05 0.0013208347 2.341624e-05 3.470062e-05 0.00045457532 0.00013916605 1.2378468e-05 6.9338224e-05 0.0184414 0.0001429805 2.3434268e-05 0.004304048 0.0033851522 0.0010642832 0.0015113889 0.019851923 0.00016075162 0.06622179 0.007493994 1.753327e-05 0.0020155888 0.00013938267 0.00020079702 8.052627e-06 0.0076931873 2.0052728e-05 3.0235837e-05 0.0002445111 2.3235187e-05 0.016921211 1.0829299e-05 0.0017234271 0.08813566 9.1600676e-05 8.100231e-05 0.00013430648 0.0004225706 0.032473274 9.1104874e-07 2.433462e-07 0.15412018 0.0048532425 0.02641759 7.452134e-05 5.143007e-06 0.10288993 5.2664087e-05
0.9995496 0.43029597 0.6665052 0.20863323 0.12688464 0.13704254 0.28406698 0.9267686 0.35757923 0.23470145 0.9250198 0.056594428 0.02201686 0.03814114 0.49422845 0.89895415 0.013772099 0.04041344 0.010847554 0.0058544404 0.07594987 0.03549139 5.436988e-05 0.41649055 1.3014272e-16 0.004456704 0.9008966 0.0029270009 0.49055704 0.03642866 0.00010396201 0.3880808 0.0017630222 0.0010811273 0.14605919 0.00015326802 0.038994323 0.00033180523 0.013869821 0.013949651 0.000106423344 0.0004143266 4.7441157e-05 0.00013398359 0.045022294 0.14681153 0.00014618941 0.00032069223 0.35528842 6.389266e-05 0.0069468087 0.15323877 0.02343741 5.797048e-06 0.0039563836 0.0035800105 9.372728e-06 1.3044105e-05 5.8401558e-05 0.0035713797 0.0007711124 0.00089570915 0.0026601169 0.0047167125 6.092597e-06 0.0006627639 0.00024871877 2.8080038e-05 2.9870303e-05 0.000103656595 3.6566358e-05 0.0010195564 0.003169488 1.5132392e-05 0.00013314177 6.6325105e-05 0.0006067247 0.003628605 0.0010246079 5.0054117e-05 2.3823335e-05 0.0029179093 1.24565095e-05 0.00035709914 3.34858e-05 0.00030890063 0.028603487 7.4287423e-06 4.3381874e-06 2.2993503e-05 3.3615324e-05 0.0069872458 0.0054215505 0.0021493977 0.057083588 5.8545265e-05 0.011109621 5.3421263e-06 0.0002983194 0.027667372 1.8864409e-06
0.9467299 0.036768503 0.0018755096 6.208507e-05 0.00046014186 0.000384064 0.0002394562 0.013792854 0.004658812 0.002789959 0.012985057 6.616829e-05 5.098982e-05 0.0011939725 0.002046424 0.13688909 7.110707e-05 0.9175766 0.7636504 0.024294274 0.0005942402 0.9114053 1.217186e-06 0.2587999 0.004456704 1.1240008e-21 0.08947671 0.00017239226 1.9574175e-06 0.79451543 5.782556e-07 4.168781e-06 2.1446726e-06 9.34649e-05 0.001586334 2.9228343e-07 2.5985955e-06 0.005973439 7.8441195e-07 0.0010774481 3.549663e-05 4.2010997e-06 7.6370114e-08 0.0028524126 0.0043114494 0.008094281 0.9410099 0.85688686 0.13053897 2.501558e-08 0.8392828 0.2982885 3.435774e-06 8.779955e-07 3.200646e-08 1.3935701e-06 4.6805442e-07 2.4015358e-07 0.0011073936 3.18635e-08 1.7842519e-10 1.4086959e-08 0.0014360406 1.5001884e-06 2.8863083e-06 0.00046106082 0.03484461 4.860794e-05 0.006590157 0.5626118 0.0027398795 0.3837617 5.8736214e-06 5.69623e-07 5.1235253e-05 7.302743e-09 2.2203194e-06 9.063356e-10 0.002167631 9.215545e-08 7.997548e-09 1.068094e-08 7.4524986e-10 0.21666366 2.1890841e-08 1.15411645e-08 0.021187676 7.030072e-08 8.766134e-07 2.6365738e-08 0.005783748 0.009762185 1.0729642e-11 9.983211e-12 0.06903062 0.028265009 0.014395324 1.489165e-07 9.85325e-12 0.12868471 0.0031379354
0.99799025 0.12498189 0.012464966 0.0016023094 0.0030262969 0.0023192794 0.0039077867 0.06281127 0.31798506 0.36523235 0.031488385 0.0002997559 0.00039466983 0.0008880135 0.19776809 0.9619011 0.0006881136 0.63743854 0.09186764 0.03215261 0.14886943 0.9062371 1.283156e-06 0.94131374 0.9008966 0.08947671 1.2549564e-14 0.0039008986 0.0030126043 0.95126736 6.907072e-07 0.0041727624 6.85595e-05 0.003595366 0.009620515 6.676486e-06 0.00035387118 0.0033506376 0.00041096684 0.00022508754 3.0074516e-06 3.7814014e-05 5.2502084e-08 0.0010695019 0.0081046745 0.014458379 0.0035590648 0.008762269 0.114770055 1.097933e-06 0.112470254 0.1629842 0.013354324 1.6299815e-07 6.3189975e-05 0.0019136729 6.65074e-05 1.3336426e-08 0.00028709296 4.8562677e-05 4.361368e-06 4.4714314e-05 0.00035721474 0.0031409864 2.4249506e-05 0.00019041654 0.0009391304 2.593451e-06 0.00045346122 0.0026207208 0.00014456206 0.010497861 7.506786e-05 7.652486e-07 0.00011100163 4.2607695e-07 0.00024236758 0.0003059337 0.00039830848 1.0966621e-05 1.0630089e-08 0.00015676387 1.7092258e-07 0.008807921 1.5285273e-06 1.0485046e-06 0.010441188 1.2593526e-07 1.7041802e-05 1.7372038e-07 0.00015282768 0.0019174177 0.00010457934 3.670828e-05 0.0282984 0.00042704662 0.006539573 6.3983414e-08 2.284423e-06 0.04662475 3.6850583e-05
0.45745105 0.010124198 0.0010090244 0.00077266153 0.000978091 0.012459087 0.0013159239 0.0012607257 0.5471134 0.5233326 0.00023852695 0.00014959299 0.00011770715 0.00015484697 0.7724665 0.050232064 0.051284038 0.007752475 0.039060052 0.60129637 0.9632079 0.00091298885 2.8772445e-06 0.001341912 0.0029270009 0.00017239226 0.0039008986 2.8698937e-16 0.005209615 0.00023005734 3.7870925e-07 0.033849295 1.0986175e-05 0.9833913 4.270071e-06 8.68542e-06 0.003046451 0.073229834 0.0107156 1.8934631e-06 9.485911e-05 4.111481e-05 5.2147516e-07 0.13030013 1.014458e-06 5.971802e-05 0.00019003756 0.00038388223 0.00013251523 1.1564539e-07 0.00017445364 0.00014587565 0.7832053 2.9161552e-07 0.0074941115 0.61091185 0.7121692 2.3256113e-07 0.011011477 0.0019322564 8.395208e-05 0.00026763705 4.6934915e-06 0.31987128 0.15493621 9.35767e-06 0.00044717258 9.2323864e-07 1.1297585e-05 0.00011178852 0.00043413768 6.0607843e-05 3.8704988e-05 4.629302e-07 1.5106986e-07 2.6531634e-06 0.011266968 0.0003891171 6.1291047e-07 0.0031404784 3.5972178e-08 0.00012152385 1.5186723e-07 0.0018738192 1.5343088e-07 1.7526975e-06 4.825921e-05 1.8725059e-07 0.002463628 7.756191e-06 3.746093e-05 3.8773724e-06 1.3817394e-06 2.0673727e-07 0.00022148991 0.0003027232 6.3359143e-06 8.220163e-06 2.4203536e-10 0.00015672218 3.7726444e-05
0.9407461 0.0036644624 0.017603574 0.75503564 0.058714814 0.7048815 0.7222178 0.008014558 0.043624844 0.005614728 0.0071728495 0.85600674 0.7145855 0.23878114 0.059443057 0.20164095 0.8167078 3.3067572e-05 1.2420169e-06 1.6510694e-05 0.0039322414 0.0005596352 0.052940227 0.007524046 0.49055704 1.9574175e-06 0.0030126043 0.005209615 2.0345123e-12 8.9560446e-05 0.0048786444 0.8748203 0.13757434 0.0012358183 0.09909061 0.09484148 0.8932154 2.7935894e-06 0.7173449 0.11441269 0.11899682 0.16902457 0.1415029 0.00020630349 0.00092001486 0.07542904 7.474528e-08 2.4582098e-07 0.029153075 0.04633399 4.0378973e-06 0.0004488584 0.3199348 0.0021327808 0.87905574 0.054232407 8.262341e-05 0.09209603 2.0384077e-07 0.89277035 0.8653086 0.91544855 0.0066872844 0.026520897 4.434845e-05 0.0041005644 1.1240324e-07 0.001292208 5.77397e-09 1.797484e-05 4.314694e-06 5.003446e-07 0.76332253 0.00021043848 2.6626447e-05 0.33646443 0.00022793352 0.0031165774 7.4869895e-05 9.112721e-05 0.010732276 0.0009635444 7.914151e-05 0.00014732896 8.5228115e-05 0.56574047 0.0031730477 0.0012333292 3.0738192e-06 0.34583753 2.624502e-08 0.00042205988 0.0017664334 0.004247042 0.009333914 3.6014571e-06 0.0001180337 0.015188224 0.25449288 4.5395733e-05 5.423005e-09
0.8833217 0.1311189 0.01657305 0.00148381 0.0035823672 0.0036731116 0.007014326 0.11932766 0.030196993 0.022404943 0.09072644 0.00026410434 0.00035179572 0.011757235 0.01626905 0.49434623 0.0012622282 0.6435943 0.19140054 0.018329836 0.0018963194 0.9448286 1.433985e-06 0.9161515 0.03642866 0.79451543 0.95126736 0.00023005734 8.9560446e-05 3.716682e-16 2.3295636e-06 0.00012514969 2.6986905e-05 0.0001250348 0.028089972 1.0586321e-05 3.916474e-05 0.0033409188 2.3881728e-05 0.0014051519 0.0002568392 6.0946342e-05 8.700536e-07 0.00089870224 0.034702305 0.060150765 0.15791735 0.3206038 0.38263994 2.2243344e-07 0.83042145 0.6378122 0.0010538776 1.2617263e-06 1.510085e-05 0.0005474202 1.7134873e-05 2.5972614e-07 0.00040603586 2.7452177e-05 8.2130674e-07 4.192407e-06 0.0019074997 2.9325402e-05 9.037189e-06 0.0006586185 0.016530216 4.2759817e-05 0.0021677953 0.10827588 0.00012456029 0.12628914 0.00015851845 1.2705353e-07 0.000419118 4.536849e-06 2.4616047e-05 2.4652282e-08 0.0025997483 6.6797534e-06 4.6280192e-08 2.0362404e-06 5.479622e-08 0.04143127 3.5560362e-07 9.869531e-06 0.030146869 3.3319043e-07 8.699077e-05 5.606806e-07 0.00074876216 0.015072487 6.9720345e-09 1.0032718e-09 0.06691639 0.00768464 0.018445006 8.893249e-07 7.754403e-09 0.08554399 0.0002493429
0.99543154 1.6478729e-05 0.00016348253 0.00036193564 0.00077752833 0.0003039266 0.0021253151 8.285433e-06 4.9438645e-06 4.0201453e-06 0.00016978917 0.009229781 0.052478902 0.01870547 2.69082e-06 2.3341148e-05 0.0011701206 7.182726e-07 2.6547997e-07 1.0050105e-06 2.9613406e-07 6.675009e-06 0.9715568 7.572875e-05 0.00010396201 5.782556e-07 6.907072e-07 3.7870925e-07 0.0048786444 2.3295636e-06 4.605714e-12 5.8548394e-05 0.3682187 3.1128639e-07 0.037436526 0.20789306 0.00034658136 2.6402372e-08 0.00013649008 0.9098004 0.94059753 0.67261636 0.42685962 2.3887842e-06 0.0026002852 0.0029431726 1.4733836e-08 2.1772456e-08 0.00079177454 0.6321357 1.1975097e-06 1.3699547e-05 8.880016e-06 0.6202158 0.00041439218 3.1248805e-05 2.3659306e-08 0.3533409 1.1826105e-08 1.04774945e-05 3.2744687e-05 0.01886141 0.014705876 1.9211317e-05 4.8833243e-07 0.010899097 2.0576705e-08 0.008033635 5.4544262e-09 7.3662685e-09 5.5339325e-07 4.618038e-06 0.05638665 0.026730215 0.0041642254 0.09639319 8.005199e-08 2.4052454e-06 0.005692215 7.1070105e-09 0.049919277 1.0420869e-06 0.009390095 3.6326227e-08 0.0011828403 1.9767554e-05 0.0017542663 0.0024878473 3.544989e-08 0.18709557 2.5416678e-09 0.00895693 2.202919e-06 9.598396e-07 0.0021134184 1.5253585e-08 0.0020031505 0.062194057 2.5508522e-05 3.5475783e-05 2.1814015e-09
