2.417386e-22 0.85468847 0.9846206 0.96281123 0.9089086 0.9805389 0.4314118 0.41484916 0.9413727 0.97534806 0.19576204 0.9671645 0.8201532 0.933355 0.99821305 0.85739666 0.9963364 0.89473486 0.96083385 0.9802227 0.49236616 0.90516686 0.9712893 0.88712615 0.9932301 0.97605777 0.948488 0.950722 0.9907407 0.9682118 0.20918089 0.95680887 0.98846406 0.98776233 0.97154945 0.976216 0.7844838 0.8895439 0.982556 0.98079115 0.98900694 0.931814 0.8454448 0.99111044 0.08371372 0.9670821 0.3569091 0.1299211 0.86939085 0.08191185 0.29540798 0.9640137 0.057527434 0.1385735 0.9445722 0.21432032 0.023427142 0.82402897 0.9648174 0.99244153 0.46229914 0.9910584 0.99815583 0.0023623595 0.9991346 0.99385816 0.0025889834 0.9911481 0.023670139 0.9959023 0.6687239 6.849676e-05 0.0006909066 0.9869643 0.29763266 0.005304288 0.9641633 9.741955e-05 0.0012522623 0.13355647 0.32761782 0.90302354 6.123683e-05 0.9750017 0.67353904 0.00012709336 0.9929623 0.99953896 0.9664333 0.8637097 0.01093744 0.814219 0.1786163 0.98324794 0.99899477 0.43578812 0.0010622329 0.952508 0.39332592 0.00074003875 0.028290719
0.85468847 2.5839623e-18 0.3994162 0.7965061 0.8062537 0.33250403 0.7211907 0.8749492 0.6374353 0.9258072 0.6448762 0.051590774 0.10034207 0.5372521 0.92445356 0.061512925 0.026512615 0.110324636 0.10382359 0.06955116 0.28659326 0.029273331 0.40598363 0.31958297 0.00021531573 0.10900877 0.00016760107 0.02818844 0.3138624 0.28707787 0.32263842 0.0066291275 0.3160265 0.1567449 0.070293345 0.003602213 0.007816726 0.004016295 0.018293357 0.036957975 4.107174e-05 0.015186356 0.00019456346 0.039693315 0.00018858351 0.023102203 0.0024518748 5.6964145e-05 0.008966541 1.6184686e-06 0.007092204 0.012914841 0.00048144613 0.00024953583 0.02533337 3.678222e-05 0.00032774196 0.006184807 0.0026330703 0.011765143 0.00013669017 0.052666426 0.0034092548 0.0032289198 0.030747518 0.055211186 3.3998374e-05 0.022181366 3.7764778e-07 0.028230991 9.373256e-06 2.6379823e-08 2.8881987e-05 6.411973e-05 1.3523656e-07 3.5785135e-05 0.0015762912 3.2478756e-08 9.228522e-07 3.2204734e-05 5.364014e-05 1.5026078e-05 1.3219827e-08 0.00027463006 0.00018272545 2.8393538e-07 1.3356202e-05 0.0037527564 0.0016747644 6.149785e-05 3.4348336e-08 0.00010428991 1.1044505e-06 0.0037662247 0.005489512 0.00021793839 1.7685892e-05 0.00019499833 3.4798027e-06 6.4709207e-07 2.3544659e-07
0.9846206 0.3994162 1.6783318e-13 0.7423031 0.25254992 0.76256347 0.47249755 0.7819584 0.17746606 0.39037484 0.82420874 1.6976011e-05 0.9014515 0.005108818 0.7357341 0.00013305532 0.0004747017 0.00041237354 0.06533044 0.33175722 0.080413446 1.1800866e-05 0.032058872 0.0014906556 0.00035393093 0.004815352 0.00030514173 0.05737281 0.02653029 0.0007333699 0.5643276 0.00018693632 0.024117151 0.0015612592 0.000554065 2.6969628e-06 7.442265e-06 0.00095036905 0.00026528523 0.0067187645 9.71752e-06 0.0009144715 0.8558802 0.0010010061 0.00030640498 0.00031518578 0.865074 1.1171491e-05 0.00027871924 1.7783988e-05 0.0032467549 3.961647e-05 0.7246888 0.0004626855 1.5905613e-05 1.5534608e-05 0.55870044 6.6573034e-06 1.112327e-05 7.682643e-05 2.5576312e-05 0.0006590402 2.4509089e-05 0.6788718 0.00014115282 0.002010188 0.4380602 0.000101662066 1.5148211e-06 0.0006527563 2.7160993e-06 4.968745e-06 0.03039553 8.237962e-06 6.8619705e-08 0.4754615 1.7324796e-06 0.025111066 0.1496193 2.340378e-05 9.598085e-05 1.202403e-06 1.9879956e-06 1.1199932e-05 0.00012455198 0.017838132 3.0704382e-06 9.831809e-05 1.4302004e-06 7.45785e-07 3.517776e-07 3.576647e-07 1.512906e-05 9.343002e-06 2.5717707e-05 1.493134e-07 0.011213507 2.6498998e-07 1.0073216e-05 0.0002272572 1.5496353e-06
0.96281123 0.7965061 0.7423031 2.4319776e-14 0.56843764 0.9141277 0.7569874 0.9159678 0.4161327 0.804716 0.85264784 0.0011362659 0.7591023 0.06976742 0.6039911 0.0028238979 0.0012941837 0.0030690168 0.1996684 0.7241589 0.1305582 0.00017253618 0.21901615 0.018063437 0.007344598 0.113176934 0.010414422 0.1556621 0.2308732 0.012568889 0.48434627 0.0073230215 0.14619471 0.014563247 0.0009824526 1.1747002e-05 4.563368e-05 0.016722143 0.011648098 0.20765847 0.00015311828 0.07772353 0.5893552 0.010860996 0.0017117122 0.004550036 0.39840683 1.7733099e-05 0.04891532 6.1801045e-05 0.042579502 0.0017186869 0.18949248 0.017704185 7.463378e-05 1.6644728e-05 0.073252566 9.676321e-06 0.00030930212 0.00084557733 0.0015558073 0.003220403 3.093928e-05 0.07878135 0.0019397155 0.015287316 0.020801375 0.000632996 8.1920956e-07 0.004096435 1.4931895e-07 1.0579715e-06 0.010850788 2.3061031e-05 1.6894673e-09 0.040393192 0.000118452735 0.00031379116 0.003222524 0.00026665494 0.00020446058 1.0542706e-05 4.308994e-08 1.410357e-05 0.00046757972 0.0006534713 6.216194e-06 0.0023196677 0.00014482922 1.949418e-06 3.5948375e-08 6.4740966e-08 2.725993e-05 1.8176837e-05 0.00017712671 1.5852095e-07 0.007306283 6.4999033e-09 7.43347e-06 0.0003889674 9.837023e-07
0.9089086 0.8062537 0.25254992 0.56843764 5.253364e-19 0.01815446 0.9810529 0.73719674 0.90666896 0.15815456 0.3030069 0.20569718 0.2602155 0.3913172 0.79486996 0.21880725 0.5275089 0.1970153 0.65919495 0.018241493 0.58772844 0.013950703 0.052142385 0.53856355 4.969321e-05 0.005342845 3.7780183e-06 0.27127475 0.15754901 0.0067934263 0.11589402 0.104341604 0.2227761 0.13264744 0.01681629 0.0034617377 0.0031101059 0.05502968 0.00017768334 0.00029230284 2.7951577e-07 0.00055819174 0.000640241 0.00045127913 0.011463673 0.00055171683 0.02034657 0.001552018 0.00018587521 0.0005965194 0.00021628896 0.00024846487 0.0013158121 7.596183e-06 0.0021971043 0.00027505914 0.0013456617 0.0022653718 2.622692e-05 0.00030386978 1.4920032e-06 0.006439107 0.010863705 0.008288468 0.003260465 0.021046871 0.00012872572 0.0025240001 6.198541e-06 0.019796574 2.7609945e-05 2.5270374e-06 0.0009986218 3.8355063e-07 4.860025e-07 1.3456681e-05 7.91337e-06 5.2067676e-08 9.783009e-06 5.064479e-08 4.744455e-07 1.20647385e-08 3.5056624e-07 4.9911855e-06 2.385423e-07 9.217307e-07 1.18739266e-07 0.0009080315 2.7736503e-06 3.1471853e-07 8.94212e-08 0.00012631627 2.5267575e-08 0.0030547455 0.00048910594 4.5250366e-05 4.525652e-06 0.00020011874 3.6452267e-08 3.4169734e-09 4.693786e-08
0.9805389 0.33250403 0.76256347 0.9141277 0.01815446 6.921872e-12 0.09643289 0.6026938 0.03630219 0.95074254 0.7666711 2.244054e-05 0.7215248 0.0030453894 0.13662896 7.230747e-05 0.0001601559 0.00017715273 0.0053014993 0.49417162 0.0033570377 6.8594425e-05 0.149389 0.00033787725 0.0065892767 0.020730874 0.0071933004 0.009463098 0.044185787 0.0027607263 0.49861658 0.0002414747 0.028076943 0.0015553563 0.00038794216 3.579208e-06 6.701326e-06 0.00047652825 0.005168132 0.053263016 0.00010931762 0.012226937 0.8096062 0.0024424647 0.00010702261 0.0010713246 0.32890698 1.2548055e-05 0.006141319 9.336579e-06 0.02471059 0.0003872177 0.24182634 0.0038075538 5.796664e-05 2.7566955e-05 0.09158913 4.9293685e-06 0.00012377319 0.0006478414 0.001178945 0.0015477367 3.7529728e-05 0.027286017 0.000984364 0.0039574723 0.18297935 0.0005507219 4.7057897e-06 0.0012225497 6.8798886e-07 8.312081e-06 0.0020751052 0.00013235837 6.02649e-09 0.42225367 5.870085e-05 0.004404551 0.011800809 0.00040056894 0.0005662577 4.6848094e-05 2.2963886e-06 0.00022564377 0.00056199887 0.0004895453 4.7902147e-05 0.001677278 0.00011010263 2.3373468e-05 5.914319e-07 3.5426996e-07 0.0001753945 4.699379e-05 7.9259196e-05 2.0023107e-07 0.022171464 1.02817815e-07 4.9799717e-05 0.0012150184 2.1871165e-06
0.4314118 0.7211907 0.47249755 0.7569874 0.9810529 0.09643289 4.0409138e-19 0.95320106 0.61510223 0.21145092 0.627878 0.03434923 0.60089856 0.20393808 0.5924617 0.054149136 0.061602686 0.043802053 0.2981335 0.0593311 0.5625619 0.0017694664 0.035644308 0.20671104 0.00024691861 0.007565245 2.9406645e-05 0.119184434 0.044602063 0.004473987 0.4324515 0.015572666 0.052179128 0.015251022 0.0021135272 0.0009701047 0.00049513025 0.012670639 0.002777225 0.00412633 5.539759e-06 0.00092121447 0.0010977688 0.0002907712 0.0042314725 0.00013637013 0.011713594 9.066803e-05 0.00049964007 3.8730243e-05 0.00041356348 9.780234e-05 0.0008427657 1.1794519e-05 0.00013743341 1.7666709e-05 0.0009118537 5.3767464e-05 1.5951275e-05 6.7659574e-05 8.515772e-06 0.0015584981 0.00072347134 0.0013907356 0.0009070773 0.003125709 6.0820283e-05 0.00040106816 5.911889e-07 0.0030140688 1.6122973e-06 5.152538e-07 0.0002610384 1.5320722e-06 1.2962796e-08 1.2508697e-05 5.678968e-06 2.150324e-07 8.324797e-06 2.5737188e-07 1.1940715e-06 6.302701e-08 5.1356352e-08 6.55553e-06 5.853153e-07 1.0808277e-06 9.852628e-07 0.00024865667 4.3240178e-07 6.0941335e-07 3.200561e-08 3.3355586e-06 3.425752e-08 1.6851229e-05 1.5878422e-05 1.802965e-06 1.3309294e-05 1.4169008e-05 1.7818738e-07 9.358771e-09 3.6779817e-08
0.41484916 0.8749492 0.7819584 0.9159678 0.73719674 0.6026938 0.95320106 2.0725834e-19 0.4068386 0.66063917 0.91253304 0.0031182806 0.64482445 0.10784708 0.6229918 0.0060553653 0.005849027 0.004948758 0.077186786 0.32070893 0.32155877 0.0001341031 0.07275123 0.02812455 0.00049630174 0.0140268905 0.00010991725 0.021158272 0.063413665 0.009873571 0.6753319 0.001811316 0.050449874 0.008022419 0.00074027485 7.6692835e-05 4.5609053e-05 0.0003524526 0.0039033953 0.014395276 8.597791e-06 0.0024987664 0.0006023586 0.0013350814 6.35438e-05 0.0011297159 0.0033797345 1.0562007e-07 0.00070678117 2.8371696e-07 0.0027473352 0.0001532236 0.00037230705 3.8223356e-05 7.804915e-05 2.527243e-07 0.00032877253 1.4076466e-05 2.3370192e-05 0.00014974471 2.4859332e-06 0.0016884238 5.7885216e-05 0.00063992606 0.001152268 0.0017237416 9.8546756e-05 0.0003404266 4.9882223e-09 0.0013574768 4.1067256e-08 1.4505271e-08 4.8988413e-06 4.9416954e-06 3.298352e-10 1.9425785e-05 5.693691e-06 5.4267126e-08 6.9859124e-07 1.290603e-08 2.793752e-06 2.1422555e-07 8.994917e-10 1.4382697e-05 6.1572376e-07 2.9378134e-07 1.5691284e-06 0.0002744219 6.826043e-07 4.2687412e-07 1.5175218e-10 2.7364715e-07 1.1933667e-08 2.4435593e-07 4.3967025e-06 4.256519e-08 1.2454288e-05 2.3845246e-07 2.7816768e-08 3.0270252e-07 1.2078876e-08
0.9413727 0.6374353 0.17746606 0.4161327 0.90666896 0.03630219 0.61510223 0.4068386 3.1500761e-15 0.12195423 0.119379245 0.63177484 0.15946971 0.61477065 0.96402436 0.42731702 0.95498556 0.36503756 0.6654929 0.15086593 0.5381133 0.17670342 0.15656555 0.17364837 0.00016602899 0.009098311 0.00012416819 0.58881104 0.14385602 0.044152245 0.113055326 0.13815607 0.15266985 0.09332387 0.03349986 0.031475294 0.0070630657 0.30118647 0.0013678811 0.054087847 6.8664745e-06 0.0061414563 0.03861524 0.01047378 0.053659692 0.0017080733 0.18306796 0.008230272 0.0014186632 0.0069802357 0.0061154477 0.00021049527 0.03807147 0.00033774308 0.006581737 0.004525389 0.031025706 0.0017033347 0.00019763381 0.0009919615 0.00013504305 0.0088310605 0.004631871 0.13626185 0.0023105491 0.016108472 0.0022524742 0.0035720696 0.00016856173 0.021031752 0.0007557669 1.856836e-05 0.03967952 2.6473854e-06 0.00010508382 0.0055375732 3.169072e-05 3.5636407e-05 0.0007623925 0.00012378475 1.9136965e-05 2.4302767e-06 1.4150372e-05 8.488381e-06 3.9414546e-05 0.0040731723 3.4435056e-06 0.00055559125 8.65162e-05 8.725269e-08 4.858009e-05 0.0001198912 6.939809e-05 0.0121115735 0.00411565 7.681434e-05 0.0010489158 0.00023668764 1.8791843e-05 5.5075047e-06 5.2575764e-05
0.97534806 0.9258072 0.39037484 0.804716 0.15815456 0.95074254 0.21145092 0.66063917 0.12195423 7.756014e-13 0.5032378 0.0018640644 0.14225198 0.06030294 0.05211477 0.004414111 0.0001814524 0.0031231765 0.029205836 0.6322505 0.022891562 0.0007713617 0.8006988 0.014760624 0.03087127 0.38987795 0.048789434 0.010855041 0.35134086 0.17535864 0.113936566 0.0016658909 0.123397216 0.010389681 0.0011882152 3.4805682e-05 0.00043038776 0.00051291875 0.12027735 0.33490673 0.0023562768 0.12286364 0.0717523 0.071854815 3.371855e-05 0.022947006 0.010812422 3.8352196e-06 0.105142444 1.2754746e-06 0.046875883 0.014100532 0.005638755 0.017075544 0.0017507958 4.608812e-06 0.0011550664 0.00019755428 0.0046024765 0.011177365 0.008354428 0.032138888 9.1876784e-05 0.0021927138 0.018704668 0.06639007 0.0005124586 0.010544105 1.3043326e-06 0.011400476 9.5762005e-08 6.44845e-08 0.00013216211 0.00031192013 6.770791e-09 0.0035603207 0.006250956 7.863271e-07 5.116062e-06 0.0011456776 0.0030387237 0.00013771573 1.7398726e-08 0.0004955836 0.0019781522 1.1386388e-05 0.00014001831 0.019072752 0.004261492 0.0005100965 1.161976e-07 5.28574e-07 0.00018640456 0.00066963176 0.002218093 1.6144237e-06 0.0006555684 1.757224e-07 0.00013269379 0.000114489936 3.405876e-07
0.19576204 0.6448762 0.82420874 0.85264784 0.3030069 0.7666711 0.627878 0.91253304 0.119379245 0.5032378 1.6449934e-18 0.0012466564 0.95337623 0.036226716 0.057194687 0.0025648554 0.0006149721 0.0011905462 0.074908346 0.838635 0.29425028 0.00013557135 0.03995278 0.012150991 0.0015790754 0.013267033 0.0014447984 0.039485764 0.016007965 0.00472978 0.9195508 0.0016692673 0.012016975 0.0022515368 0.00045437267 4.0801897e-05 5.565158e-05 0.0013013993 0.031075036 0.10805071 7.683552e-05 0.04826389 0.017440341 0.0014752763 0.0007629293 0.0024133 0.036497418 2.5809022e-08 0.0068817274 5.70421e-07 0.038204826 0.0012862786 0.006957347 0.00093384366 7.158184e-05 8.228335e-08 0.0045014913 8.057113e-06 0.00010906697 0.0004657371 2.7617742e-05 0.0012077801 2.8974573e-05 0.0027289828 0.0009360308 0.00066737365 0.0017854013 0.0002875086 9.898114e-09 0.0007423151 1.0091354e-08 1.5383172e-07 8.180596e-05 2.0553047e-05 5.5827387e-10 0.0011336077 2.8989109e-05 9.5252807e-07 2.3707813e-05 3.0179027e-07 0.00018298178 5.7821154e-07 1.08436575e-08 5.187446e-05 1.9739637e-05 1.1086426e-05 5.5619453e-06 0.0004395688 1.7918916e-06 4.8040197e-06 3.1529998e-10 2.0523487e-07 2.4001654e-08 8.9534524e-08 3.4749348e-06 2.3219979e-08 0.0022792115 6.796464e-08 1.1606491e-07 1.5749327e-05 1.0420748e-08
0.9671645 0.051590774 1.6976011e-05 0.0011362659 0.20569718 2.244054e-05 0.03434923 0.0031182806 0.63177484 0.0018640644 0.0012466564 4.4014224e-19 0.0008242328 0.65595573 0.010230896 0.89154136 0.8623343 0.6179568 0.1969369 9.552391e-05 0.092758834 0.89767426 0.0042500724 0.9569589 4.0701318e-07 0.0006457482 9.489018e-08 0.07973893 0.044104587 0.0010175921 0.0023093033 0.5046829 0.18192352 0.12640494 0.23942757 0.47574368 0.35903782 0.03675093 8.147603e-06 4.792164e-06 4.415573e-08 1.3965049e-06 2.760519e-06 0.0005479019 0.016346766 0.00020034521 0.00018916494 0.121058896 1.2952331e-06 0.010609098 1.0423159e-05 7.879152e-06 1.773768e-05 2.035816e-07 0.03536015 0.058430005 7.032551e-05 0.031642135 2.0855516e-05 0.00037192774 3.9847484e-07 0.007361923 0.25620306 0.000557919 0.000918602 0.059548702 2.470425e-06 0.0015071932 0.017140089 0.15520048 0.16010928 1.776104e-05 0.00031840176 1.2536339e-06 0.020738 1.2195872e-05 2.962568e-06 5.5817195e-09 1.1281301e-06 2.662543e-07 1.2163139e-07 7.795244e-09 5.828579e-06 6.27482e-06 5.5137374e-08 5.1834677e-06 1.7382544e-07 0.0012194477 4.5894407e-07 3.6881517e-07 0.0011441468 0.0035193253 8.8282115e-10 0.1268126 0.0080006365 0.0034733762 1.5134644e-05 0.011077121 7.537805e-09 4.1961748e-08 0.0009147659
0.8201532 0.10034207 0.9014515 0.7591023 0.2602155 0.7215248 0.60089856 0.64482445 0.15946971 0.14225198 0.95337623 0.0008242328 4.5735484e-17 0.025755879 0.16243589 0.0024700812 0.0008376255 0.0018884753 0.09715239 0.54064906 0.5090609 0.000108307606 0.019213136 0.025532698 0.0025979143 0.01507082 0.0037115319 0.25750118 0.014402313 0.001019888 0.95636916 0.0068332413 0.01983137 0.0013687182 0.00014834407 3.6894045e-05 0.00013837108 0.024296539 0.009000786 0.0583362 0.0002759177 0.03564537 0.71346104 0.00031749546 0.021690423 0.00048916234 0.57535166 7.184172e-05 0.017769538 0.0006494132 0.057961795 0.0005474975 0.37621868 0.008458463 5.3880856e-05 3.6694106e-05 0.18096642 1.4288243e-05 9.162889e-05 3.831412e-05 0.0006857045 0.0004608397 0.00010938071 0.20662668 0.00012872806 0.00034167327 0.09751282 0.00010570094 5.359302e-06 0.00028670498 6.354143e-07 9.4866855e-06 0.06626519 1.5689347e-05 3.920547e-09 0.1697128 2.7673213e-05 0.005339847 0.042922728 0.00013024459 4.764601e-05 1.9121822e-07 2.3710763e-06 2.51783e-05 1.5455773e-05 0.017068056 4.7568533e-06 0.00019622152 1.2288156e-06 4.3409605e-06 1.6488035e-07 1.4793578e-06 7.98172e-06 7.565197e-06 5.917967e-06 1.2524687e-06 0.0239791 9.247132e-08 2.265457e-06 0.00026813374 1.10945265e-07
0.933355 0.5372521 0.005108818 0.06976742 0.3913172 0.0030453894 0.20393808 0.10784708 0.61477065 0.06030294 0.036226716 0.65595573 0.025755879 8.431906e-15 0.72381204 0.81717354 0.9525112 0.90172756 0.14438258 0.03099743 0.071267664 0.38859 0.3633822 0.10562727 0.0003330108 0.02350335 0.0001851615 0.060755 0.34191394 0.2423153 0.01761333 0.036447972 0.5123314 0.65150607 0.3978247 0.10139126 0.039498597 0.008261549 0.0018523656 0.0028106163 9.8974546e-05 0.001766938 0.0003699698 0.01665451 0.0006787746 0.005257058 0.0045800605 0.0024962893 0.0037774711 7.3265874e-05 0.0013814613 0.00070456846 0.00040566814 0.00018405393 0.033008114 0.00039042032 0.00017483838 0.006053128 0.0015878029 0.0056883073 0.000112960384 0.061639667 0.0067251907 0.0023095855 0.017295944 0.09670166 0.0002771041 0.021680988 8.452689e-05 0.13747677 0.0006240536 1.0330004e-06 0.0010804217 4.9722457e-05 0.0003802818 0.0031533102 0.0012684767 4.4794238e-06 3.716554e-05 1.564621e-05 1.4395898e-05 1.3594246e-05 7.2210435e-07 0.00012196227 1.3967308e-05 0.0003420203 7.5620883e-06 0.0035247328 0.0003692983 5.55258e-06 1.38757405e-05 0.0007822158 4.756019e-06 0.013751074 0.009950441 0.0008890006 0.00034397462 0.0005996839 3.9170995e-06 2.0252644e-05 7.728645e-05
0.99821305 0.92445356 0.7357341 0.6039911 0.79486996 0.13662896 0.5924617 0.6229918 0.96402436 0.05211477 0.057194687 0.010230896 0.16243589 0.72381204 6.551753e-14 0.011077613 0.911775 0.02229316 0.103049725 0.008462841 0.06812211 0.0015726003 0.09642174 0.0041108383 0.000108330336 0.0030743193 0.00019979838 0.09178918 0.20604156 0.019562045 0.015830643 0.0015721566 0.2580202 0.05738382 0.003633129 0.00029432838 0.00018032057 0.009389711 0.00012847503 0.0016066282 7.081171e-06 0.00018457421 0.08073261 0.0016078989 0.0009436242 0.00023400356 0.09437124 5.2351817e-05 4.4989352e-05 0.00011648825 0.00051627646 4.175069e-05 0.016988937 0.00012016547 0.0005548511 2.4757848e-05 0.010065838 3.494891e-05 2.9431472e-05 0.00027162576 3.981871e-06 0.005349649 0.0002681979 0.009430304 0.00204169 0.019669434 0.0010926868 0.0023454202 5.9406643e-06 0.012364453 4.0672294e-05 2.3996345e-06 0.00091018726 1.8171579e-06 1.7838123e-05 0.0006746618 4.2505726e-06 0.00025298222 0.008244817 2.1699338e-05 3.6932735e-05 3.881076e-06 9.491798e-06 2.513376e-06 7.3422896e-05 0.005867344 3.4074097e-07 0.00017203046 4.281758e-06 3.7330878e-08 6.272923e-06 1.4471234e-05 2.8982007e-05 0.00015423387 0.0011212181 2.2505192e-06 0.0012267799 4.0463588e-06 6.265199e-06 8.807022e-06 5.491655e-06
0.85739666 0.061512925 0.00013305532 0.0028238979 0.21880725 7.230747e-05 0.054149136 0.0060553653 0.42731702 0.004414111 0.0025648554 0.89154136 0.0024700812 0.81717354 0.011077613 1.4928453e-16 0.94020855 0.93433386 0.14129554 0.0010185261 0.05162568 0.9286019 0.023360012 0.26986247 3.4581426e-05 0.0015115101 3.5549901e-06 0.05265299 0.042295717 0.014637197 0.0019501295 0.09109902 0.20987512 0.23708616 0.41960907 0.30055383 0.17117825 0.009259824 0.00029486636 4.670427e-05 1.8999586e-06 3.1112704e-05 3.8783487e-06 0.0019478736 0.00054448674 0.00063607766 0.00020575433 0.012567685 9.627154e-05 5.4051463e-05 0.000102452286 6.49978e-05 3.9567985e-05 1.2800741e-05 0.045924086 0.0018309334 1.1504731e-05 0.017683068 8.22063e-05 0.0025134012 1.7711031e-06 0.02054759 0.030328862 7.485512e-05 0.008689534 0.04172705 5.119176e-06 0.008058724 0.00011150944 0.11482927 0.008359385 3.6436475e-07 8.316525e-05 9.22816e-07 0.0015783083 2.6812562e-05 5.857218e-05 1.79035e-07 1.1291439e-06 5.945789e-06 1.3185077e-06 6.886275e-07 2.0603576e-07 1.057144e-05 8.4430127e-07 1.1094982e-05 4.7974294e-07 0.0024632628 7.857342e-05 2.1356237e-07 2.0549223e-05 0.0027322748 5.778373e-07 0.028372226 0.01033176 0.0025884511 1.9156814e-05 0.002408853 1.7209328e-06 1.2604471e-07 7.292729e-05
0.9963364 0.026512615 0.0004747017 0.0012941837 0.5275089 0.0001601559 0.061602686 0.005849027 0.95498556 0.0001814524 0.0006149721 0.8623343 0.0008376255 0.9525112 0.911775 0.94020855 3.2765623e-14 0.9625587 0.20754819 0.00020266256 0.2574226 0.11918171 0.0027624974 0.09641882 2.7641756e-06 7.463378e-05 1.0802707e-05 0.047194123 0.0062878947 0.0024955773 0.00053873076 0.012128339 0.061504696 0.07894406 0.03705355 0.0063476544 0.002860809 0.017409315 1.0160552e-05 9.593299e-05 3.9698682e-07 4.7220747e-05 0.00044948317 0.0001271627 0.0016310023 2.4189107e-05 0.0030304065 0.00040154293 8.6983954e-07 0.00021425384 8.2649734e-05 1.8426169e-06 8.952945e-05 2.8104457e-06 0.0016165676 0.0001312804 0.0002076784 0.00026042323 1.00875495e-05 0.00010578111 1.0318671e-08 0.0021234835 0.002268326 0.003060163 0.00069549814 0.01027722 2.0069929e-05 0.0016927603 2.763189e-05 0.018241301 0.00022733439 1.8634199e-06 0.00031044282 6.7077925e-09 0.00013040667 6.642103e-06 3.1927689e-06 5.5682426e-07 1.2794896e-05 6.883321e-07 5.599536e-06 2.9311443e-07 4.5809597e-06 1.0931109e-07 1.2190266e-05 0.00029803618 3.0661834e-08 7.580122e-05 4.7828134e-06 4.2656828e-10 1.1042593e-05 6.8124966e-05 1.8786804e-07 0.0016990979 0.0049471543 5.718001e-05 3.5373283e-05 5.101215e-05 2.4046318e-07 2.994737e-07 5.7331916e-05
0.89473486 0.110324636 0.00041237354 0.0030690168 0.1970153 0.00017715273 0.043802053 0.004948758 0.36503756 0.0031231765 0.0011905462 0.6179568 0.0018884753 0.90172756 0.02229316 0.93433386 0.9625587 2.8901746e-16 0.058600444 0.0004961586 0.018940726 0.7891728 0.028110828 0.15290244 4.192059e-06 0.0007026463 2.5412016e-06 0.008456402 0.056657188 0.024336277 0.0008373863 0.027912632 0.27378747 0.539699 0.7591323 0.25117677 0.1523632 0.0017340229 0.00020379697 5.7331697e-05 4.0421872e-07 5.3793676e-05 4.4589885e-07 0.0013025763 2.5431302e-05 0.000982129 8.2664395e-05 0.0010743294 1.678025e-05 2.482922e-06 1.9876707e-05 3.8223356e-05 1.3122499e-05 1.2793023e-06 0.10846636 0.00011196712 3.2217004e-06 0.03024824 0.00018410482 0.0017263378 9.887817e-08 0.025092712 0.02172952 0.00019502938 0.009350124 0.046402033 1.1956493e-05 0.009309498 4.732514e-06 0.14550631 0.0017529603 3.1741457e-08 5.8328973e-05 4.522519e-08 0.00082521595 2.5264708e-06 7.081741e-05 7.7019024e-08 4.4100162e-07 1.8773088e-07 2.677186e-07 1.0475795e-07 1.4427102e-08 1.4620321e-06 3.5039577e-07 8.804107e-06 6.4970436e-08 0.0012594165 8.195987e-05 5.055221e-09 4.2673187e-06 0.002395583 3.792852e-08 0.03096073 0.019608783 0.001605831 2.318754e-06 0.0023824566 5.5649053e-08 3.8802128e-08 6.797551e-05
0.96083385 0.10382359 0.06533044 0.1996684 0.65919495 0.0053014993 0.2981335 0.077186786 0.6654929 0.029205836 0.074908346 0.1969369 0.09715239 0.14438258 0.103049725 0.14129554 0.20754819 0.058600444 1.3687143e-18 0.0091758855 0.9791033 0.0073528113 0.0129161775 0.5980527 0.00019993141 0.0037712797 3.7868183e-05 0.92726886 0.018820437 0.0011378351 0.080966055 0.825077 0.0980154 0.02362865 0.005734598 0.0068874657 0.002507281 0.79863966 3.255118e-05 0.0004867983 4.302675e-06 0.00052882417 0.012264974 0.0001504385 0.43650457 0.00025462575 0.20915005 0.016568214 3.146315e-05 0.30458528 0.00035640743 0.00014216226 0.021954598 1.0821163e-05 0.0005421176 0.038634166 0.015570875 0.0012227118 2.8997656e-05 5.3435913e-05 1.0514927e-06 0.0015170678 0.016743941 0.30904815 0.0010311723 0.0047922814 0.0014628718 0.00020240007 0.00064519513 0.0067241616 0.00029019275 0.0003802954 0.050586235 1.3190762e-06 9.997171e-06 0.00025221333 1.1885029e-05 7.2545804e-06 0.00032279684 8.1189773e-07 8.6340054e-07 5.2648366e-09 0.00020886856 1.7978407e-05 6.5440736e-06 0.008430558 2.6307228e-07 0.00076512323 1.130176e-06 1.0103363e-06 3.8300896e-05 0.0005764783 5.177526e-07 0.0036924619 0.00034196372 0.00042064887 2.0854302e-05 0.00072048005 2.4509276e-07 5.971431e-09 0.00019231415
0.9802227 0.06955116 0.33175722 0.7241589 0.018241493 0.49417162 0.0593311 0.32070893 0.15086593 0.6322505 0.838635 9.552391e-05 0.54064906 0.03099743 0.008462841 0.0010185261 0.00020266256 0.0004961586 0.0091758855 5.3391493e-18 0.04936463 1.4486672e-05 0.38456145 0.00014083121 0.13707165 0.32631427 0.30576783 0.01949762 0.22471495 0.035284694 0.9397796 0.00014639269 0.13080512 0.0023206025 0.00017974128 3.6592567e-06 7.4162917e-06 0.0011602032 0.3706377 0.94237477 0.019633332 0.63946027 0.65291905 0.07064727 0.001671519 0.039281797 0.10356985 1.8586428e-07 0.56907386 3.7145605e-06 0.6602699 0.041039303 0.10490475 0.2642062 4.6688325e-05 5.681988e-07 0.02891444 1.2761323e-05 0.003068423 0.0041086595 0.14087157 0.019146824 0.00048222247 0.015288257 0.005688001 0.028084956 0.01851591 0.001692936 2.1873029e-07 0.004254379 1.050614e-09 3.8267777e-07 0.0024629948 0.0056561106 5.4075792e-11 0.18988383 0.0035590713 0.0003859627 0.0009673867 0.01046706 0.0072951806 0.00020312228 8.9779235e-08 0.0050252425 0.0020657107 5.982153e-05 0.0005432621 0.03259606 0.0014439004 0.009239928 1.16490675e-08 2.3740685e-07 0.0069422326 6.217566e-05 9.338124e-05 4.1432553e-08 0.06844117 4.0190987e-08 0.00050855405 0.0039798897 2.2143634e-09
0.49236616 0.28659326 0.080413446 0.1305582 0.58772844 0.0033570377 0.5625619 0.32155877 0.5381133 0.022891562 0.29425028 0.092758834 0.5090609 0.071267664 0.06812211 0.05162568 0.2574226 0.018940726 0.9791033 0.04936463 1.6619722e-19 0.0027831537 0.0032351182 0.7092445 1.6087915e-05 0.00028432085 4.6464884e-06 0.9428064 0.0146712335 1.2611878e-05 0.58181804 0.8079533 0.031246344 0.007233507 0.0013957928 0.001908648 0.0007431829 0.6944848 0.00018648476 0.001346938 1.2326512e-06 0.00012921906 0.00018069602 1.2214426e-05 0.4334211 1.4686568e-05 0.053533655 0.048866417 1.8870007e-06 0.1114874 1.0808148e-05 9.424603e-07 0.0016323454 4.919665e-08 9.7595774e-05 0.01606442 0.0025395143 0.00018231552 3.8032854e-07 9.554873e-06 2.1934598e-08 0.0002943932 0.0047700778 0.029850207 5.3904343e-05 0.0008336663 0.00029007404 3.5440582e-05 2.4601575e-06 0.0019992152 0.00011612743 0.0006137569 0.013585207 3.6180276e-07 3.6719973e-07 0.00014504221 1.862813e-07 2.7513359e-08 5.2635237e-06 2.7587332e-09 5.533829e-08 3.5467004e-08 8.523847e-06 2.9738287e-06 4.4913895e-09 0.00011140824 1.8913903e-07 9.785076e-05 3.1804652e-09 8.293769e-07 1.11341e-08 5.3126867e-05 3.996798e-09 8.894971e-05 4.1204312e-05 2.1095539e-05 2.4211953e-05 0.00013575454 1.5957068e-09 8.669989e-09 1.0384678e-06
0.90516686 0.029273331 1.1800866e-05 0.00017253618 0.013950703 6.8594425e-05 0.0017694664 0.0001341031 0.17670342 0.0007713617 0.00013557135 0.89767426 0.000108307606 0.38859 0.0015726003 0.9286019 0.11918171 0.7891728 0.0073528113 1.4486672e-05 0.0027831537 3.1763732e-20 0.0027398274 0.7194953 9.2197075e-07 0.00029938077 1.2036978e-07 0.0003687848 0.010286628 0.0047828574 0.00015311215 0.020259 0.061703257 0.14538972 0.8522162 0.84342045 0.94972444 2.68687e-05 2.868406e-06 8.2766235e-07 1.4721694e-07 1.8949163e-07 4.0024982e-08 0.00079050433 2.2124375e-06 0.0005375924 4.434587e-07 0.003850326 1.3216153e-07 2.75856e-07 1.2701882e-06 1.4074306e-05 3.8386975e-07 2.1787162e-08 0.22242507 0.0007161632 1.5710248e-07 0.33980078 3.0055178e-05 0.0010991773 2.8374387e-08 0.0224763 0.23104925 4.4489173e-07 0.009115242 0.036516115 3.1742246e-08 0.0099096205 0.00014969944 0.16025019 0.013108715 2.8682528e-08 1.0979042e-07 8.8922526e-08 0.0031661089 8.0724755e-07 1.6679519e-06 4.658596e-10 2.309379e-08 2.5587264e-07 2.3897354e-07 6.240987e-08 2.985241e-09 1.5726431e-06 2.3167113e-08 1.7984939e-09 1.9958097e-07 0.0012740863 3.0673448e-06 4.1721766e-08 8.312294e-06 0.003346579 3.8711903e-10 0.09355441 0.028019398 0.0026890798 1.8101171e-07 0.0069353506 2.0566779e-08 6.020518e-12 0.0004571662
0.9712893 0.40598363 0.032058872 0.21901615 0.052142385 0.149389 0.035644308 0.07275123 0.15656555 0.8006988 0.03995278 0.0042500724 0.019213136 0.3633822 0.09642174 0.023360012 0.0027624974 0.028110828 0.0129161775 0.38456145 0.0032351182 0.0027398274 1.0078815e-15 0.00202842 0.07298687 0.9536733 0.064111084 0.003925902 0.8822924 0.9361527 0.018672409 0.0034098497 0.46764752 0.09667596 0.028383505 0.0001740523 0.0016868718 0.0004302271 0.14357613 0.13385598 0.025724739 0.049432494 0.045554742 0.52793133 1.1449075e-05 0.42767048 0.0020959228 3.5672452e-05 0.05200935 1.7130705e-07 0.03456522 0.2087547 0.0012909466 0.015514749 0.010307859 2.9002256e-06 0.0006643367 0.0005825399 0.046648744 0.05519394 0.016101092 0.12726675 0.00021799885 0.0011543605 0.07795293 0.12770994 0.0006533464 0.04357102 5.578676e-07 0.04678571 3.6292674e-06 2.561721e-08 7.005608e-05 0.0033247927 5.3042316e-07 0.0025808187 0.018424653 3.394576e-05 0.00020016494 0.008485291 0.0042898487 0.002631141 1.7154516e-08 0.0017939094 0.0057288087 4.0723335e-05 0.0004412101 0.032333933 0.0072948886 0.00030158125 3.0877157e-08 2.2761433e-05 0.006927745 0.0015623472 0.011662292 1.9472263e-05 0.005502649 8.305907e-06 0.00026065877 0.0020844778 2.6103937e-06
0.88712615 0.31958297 0.0014906556 0.018063437 0.53856355 0.00033787725 0.20671104 0.02812455 0.17364837 0.014760624 0.012150991 0.9569589 0.025532698 0.10562727 0.0041108383 0.26986247 0.09641882 0.15290244 0.5980527 0.00014083121 0.7092445 0.7194953 0.00202842 7.148034e-18 2.8280223e-07 0.00027626817 2.7631636e-08 0.13934648 0.007302796 0.0009867885 0.06141428 0.96536213 0.02630547 0.019284936 0.04945001 0.17632021 0.7084536 0.071619645 2.583834e-05 5.38563e-07 7.163397e-08 2.1000544e-06 1.5311544e-07 2.0172936e-05 0.036862332 2.7041988e-05 1.7953374e-05 0.71772325 6.421262e-07 0.030974941 1.1370041e-06 1.7378352e-05 1.948996e-06 3.828809e-08 0.006120994 0.27075586 1.7146093e-06 0.043617222 8.798106e-06 7.0659764e-05 8.8692836e-08 0.0043231156 0.14961465 0.0002892114 0.0028038775 0.008456475 5.3044822e-08 0.00065795874 0.23349968 0.014388755 0.4661945 9.772701e-05 1.3843094e-05 1.8397486e-07 0.09348789 7.731012e-07 4.7131957e-06 6.434229e-10 5.414915e-08 5.8611874e-08 9.7083756e-08 1.2246547e-07 3.418183e-05 8.458571e-06 3.2348e-08 3.0414765e-07 3.5982605e-08 0.00017690673 2.046661e-07 6.889947e-07 0.012366151 0.024793081 1.831712e-08 0.045330863 0.0011155044 0.016160944 1.4191225e-07 0.019245895 3.4576968e-07 3.8965026e-10 0.006795643
0.9932301 0.00021531573 0.00035393093 0.007344598 4.969321e-05 0.0065892767 0.00024691861 0.00049630174 0.00016602899 0.03087127 0.0015790754 4.0701318e-07 0.0025979143 0.0003330108 0.000108330336 3.4581426e-05 2.7641756e-06 4.192059e-06 0.00019993141 0.13707165 1.6087915e-05 9.2197075e-07 0.07298687 2.8280223e-07 7.09814e-12 0.94389343 0.92673135 9.8564145e-05 0.01832784 0.005606897 0.004690885 5.0413487e-06 0.0028978027 0.00015350823 7.005214e-05 6.450886e-08 1.0162984e-07 6.339571e-06 0.8642989 0.64729077 0.54336643 0.582751 0.023154184 0.039092537 3.6212223e-06 0.025791463 0.0017250598 2.5117095e-07 0.54286486 7.619011e-07 0.7427406 0.029190661 0.0033729775 0.6726929 2.5298983e-05 2.1239339e-06 0.000948867 4.3320873e-07 0.006077077 0.017433997 0.40238503 0.0064924266 6.648272e-07 3.5018267e-05 0.017709777 0.0063929018 0.0007408304 0.0027514964 6.8512854e-08 0.00031806095 1.9985161e-07 2.0408866e-08 3.83856e-06 0.012307261 8.8523405e-10 0.10653872 0.0021196029 2.1593436e-05 2.2873104e-05 0.050574005 0.016428791 0.0040339837 3.4001772e-07 0.00801416 0.007863561 1.698128e-06 0.0014666707 0.02116649 0.0011951397 0.002701799 4.391994e-07 5.2573633e-08 0.22101365 4.2112066e-07 8.038467e-05 1.9553331e-08 0.039353594 1.764358e-08 0.00233317 0.035521068 7.690497e-08
0.97605777 0.10900877 0.004815352 0.113176934 0.005342845 0.020730874 0.007565245 0.0140268905 0.009098311 0.38987795 0.013267033 0.0006457482 0.01507082 0.02350335 0.0030743193 0.0015115101 7.463378e-05 0.0007026463 0.0037712797 0.32631427 0.00028432085 0.00029938077 0.9536733 0.00027626817 0.94389343 4.4938782e-15 0.17234053 0.0010141365 0.36918297 0.5476316 0.008946054 0.0008817763 0.16237272 0.012859015 0.0019557455 1.3321295e-05 9.926248e-05 2.2670056e-05 0.5341188 0.25563237 0.117275044 0.19373524 0.072055824 0.5380236 9.101195e-07 0.6421732 0.001294696 2.893496e-06 0.22211449 1.0762849e-07 0.078133106 0.6124947 0.0016390404 0.051445365 0.0010520114 1.6309773e-06 0.0005344425 3.7567042e-05 0.14771485 0.12171171 0.053151157 0.07921965 2.9030816e-06 0.0003234609 0.09019367 0.10434601 0.00041658798 0.025790904 1.7339656e-06 0.016124543 6.6642315e-07 3.6638802e-08 6.073105e-06 0.03711624 5.68566e-08 0.0040097064 0.09582425 8.3801815e-06 0.00014663245 0.018938793 0.055834927 0.011620487 5.8654265e-08 0.010910505 0.030305948 6.479851e-05 0.0018789927 0.08241578 0.026932439 0.010689573 5.8229426e-07 5.224548e-07 0.03394084 1.1769901e-05 0.0011835184 1.2222215e-06 0.005816513 3.058368e-08 0.002915417 0.00090837106 4.658401e-06
0.948488 0.00016760107 0.00030514173 0.010414422 3.7780183e-06 0.0071933004 2.9406645e-05 0.00010991725 0.00012416819 0.048789434 0.0014447984 9.489018e-08 0.0037115319 0.0001851615 0.00019979838 3.5549901e-06 1.0802707e-05 2.5412016e-06 3.7868183e-05 0.30576783 4.6464884e-06 1.2036978e-07 0.064111084 2.7631636e-08 0.92673135 0.17234053 2.864652e-14 3.7420865e-05 0.02027425 0.0021893254 0.010432917 1.8117158e-06 0.0026141496 6.444538e-05 8.766681e-06 1.2464315e-07 3.792374e-08 3.0264152e-06 0.4628711 0.85522366 0.17337973 0.7300104 0.15630613 0.03152216 7.197331e-07 0.021578945 0.0018025379 5.222254e-08 0.84303486 4.8329304e-07 0.91312957 0.026819006 0.009508922 0.8396245 3.9699194e-06 4.637037e-06 0.0030114786 3.2188856e-07 0.0016298641 0.006332843 0.64498776 0.0018491762 2.2287239e-05 0.00017907163 0.008222599 0.0052087577 0.008408673 0.00065923913 3.430486e-08 0.00041801127 6.2133925e-09 2.7599505e-08 2.3057206e-05 0.022985278 5.6654407e-11 0.41272315 0.0007041241 0.00022394139 0.00014136541 0.09719599 0.005487052 0.0014891992 3.6014518e-07 0.007687525 0.001023312 1.0014958e-05 0.0022422094 0.023844007 0.0016091438 0.0053740144 6.6631785e-08 9.2513666e-08 0.29174244 3.979202e-06 3.5903548e-05 1.0851893e-08 0.12201112 3.409703e-08 0.0012483654 0.09979864 2.387659e-08
0.950722 0.02818844 0.05737281 0.1556621 0.27127475 0.009463098 0.119184434 0.021158272 0.58881104 0.010855041 0.039485764 0.07973893 0.25750118 0.060755 0.09178918 0.05265299 0.047194123 0.008456402 0.92726886 0.01949762 0.9428064 0.0003687848 0.003925902 0.13934648 9.8564145e-05 0.0010141365 3.7420865e-05 1.9364389e-15 0.004584312 2.8374754e-05 0.23517847 0.8447971 0.027874969 0.004116433 0.00044772544 0.0007169238 0.00023835959 0.9696689 9.067123e-05 0.0006273145 8.063235e-07 0.00038709695 0.016609756 4.9516286e-05 0.7858666 8.391798e-05 0.2294223 0.03114219 2.5576264e-05 0.49176773 0.00027286526 1.5650403e-05 0.019243062 3.294533e-06 3.2432286e-05 0.085275665 0.018618414 0.00027335854 2.7765484e-06 4.443806e-06 4.2838388e-07 0.00016737026 0.0057723885 0.3511919 2.7669808e-05 0.0011894098 0.0013401363 4.643471e-06 0.0007777119 0.0019079619 4.329919e-05 0.0024611682 0.24710643 3.4750046e-06 3.0302e-07 0.00022375074 1.4868384e-06 8.911924e-06 0.0019865092 3.0563115e-07 2.6562913e-07 1.0865319e-07 0.0012638977 5.7755765e-06 1.2306343e-06 0.031347804 2.505451e-07 6.72655e-05 6.679976e-08 1.6536608e-06 1.4635799e-05 0.00023497904 4.3555633e-07 0.00028539338 1.8465917e-05 2.4970761e-05 2.5557807e-05 3.5695255e-05 1.3734866e-07 1.1195151e-08 9.549508e-06
0.9907407 0.3138624 0.02653029 0.2308732 0.15754901 0.044185787 0.044602063 0.063413665 0.14385602 0.35134086 0.016007965 0.044104587 0.014402313 0.34191394 0.20604156 0.042295717 0.0062878947 0.056657188 0.018820437 0.22471495 0.0146712335 0.010286628 0.8822924 0.007302796 0.01832784 0.36918297 0.02027425 0.004584312 2.9884806e-14 0.9603359 0.005674286 0.0044691493 0.86803687 0.679937 0.09093848 0.0045079053 0.0036538278 0.0005083799 0.047186542 0.0906004 0.005249198 0.025584912 0.0144846 0.3819629 6.1340606e-06 0.121898554 0.0011277976 1.49254465e-05 0.011501802 9.6095015e-08 0.0066053104 0.016843429 0.0004613131 0.0015560751 0.093515284 9.7383745e-06 0.00015307448 0.006387566 0.009608306 0.06992872 0.0009787143 0.5398665 0.0045308345 0.00065013545 0.27199 0.499223 0.00010040027 0.40604475 1.6462527e-06 0.28300673 0.00039861133 2.2389502e-08 2.7388109e-05 0.00056222646 5.184251e-05 0.0015335247 0.00595672 8.502204e-06 0.00012256695 0.0006870746 0.00092499866 0.00061307504 1.7562387e-09 0.0003798519 0.0035472773 4.2201522e-05 0.00013056009 0.01978486 0.0053680087 4.5163066e-05 7.453739e-07 8.363659e-05 0.00025281752 0.016568277 0.08441524 0.00036037574 0.00096958777 0.00091789925 9.321557e-05 2.3934808e-05 7.6058673e-06
0.9682118 0.28707787 0.0007333699 0.012568889 0.0067934263 0.0027607263 0.004473987 0.009873571 0.044152245 0.17535864 0.00472978 0.0010175921 0.001019888 0.2423153 0.019562045 0.014637197 0.0024955773 0.024336277 0.0011378351 0.035284694 1.2611878e-05 0.0047828574 0.9361527 0.0009867885 0.005606897 0.5476316 0.0021893254 2.8374754e-05 0.9603359 1.7667652e-20 0.001071276 0.0006821557 0.65351963 0.38256904 0.16940878 0.00049625046 0.0013193567 7.054741e-06 0.01474261 0.0016681667 0.0016597492 0.00071205624 8.79083e-07 0.7502336 1.4369102e-08 0.5162798 4.694953e-07 1.5193322e-06 0.0004146873 3.304569e-09 0.0007058143 0.19154471 8.623851e-07 2.2131708e-05 0.11737712 3.495454e-07 9.128668e-08 0.0013527554 0.089621395 0.3385839 0.00015910444 0.48675808 0.001878724 1.227835e-06 0.32016006 0.3634558 2.418869e-07 0.3163478 4.936029e-08 0.10195367 6.65112e-07 5.500298e-10 6.951695e-08 0.001118205 5.2616036e-09 3.312909e-05 0.04401152 1.7560788e-08 4.4007442e-07 4.108134e-05 0.00053752185 0.00044389372 9.801452e-10 0.0014084873 0.0004350453 2.5364182e-09 0.00048580233 0.03331748 0.021719553 0.00017499067 3.2485925e-09 2.6002976e-05 2.2124334e-06 0.0030783694 0.07301574 1.1507167e-05 0.00010956529 3.697312e-05 7.3393317e-06 1.8391277e-07 6.647996e-08
0.20918089 0.32263842 0.5643276 0.48434627 0.11589402 0.49861658 0.4324515 0.6753319 0.113055326 0.113936566 0.9195508 0.0023093033 0.95636916 0.01761333 0.015830643 0.0019501295 0.00053873076 0.0008373863 0.080966055 0.9397796 0.58181804 0.00015311215 0.018672409 0.06141428 0.004690885 0.008946054 0.010432917 0.23517847 0.005674286 0.001071276 1.3040933e-20 0.022099288 0.004119131 0.0011443896 0.00014468316 3.455571e-05 5.084643e-05 0.07465398 0.14555566 0.42373672 0.0002658386 0.2662309 0.6277673 0.00042854963 0.115278326 0.0015567987 0.6303595 5.934937e-05 0.106374756 0.0015885935 0.47472817 0.0022299697 0.4502747 0.15998478 2.4015131e-05 9.5177256e-07 0.30466408 7.544566e-05 8.3775005e-05 0.00018715697 0.041455925 0.0004390434 0.0003609219 0.1803083 0.00075198384 0.0001871234 0.26187006 1.454781e-05 1.0280993e-06 0.00014495345 5.0522985e-06 0.00031708938 0.05633239 0.000165159 1.3603763e-09 0.23366284 8.6063104e-05 0.0058270046 0.004249357 0.006588636 0.0045418274 9.700949e-05 2.5514103e-06 0.00012899916 0.00067885977 0.0052667456 5.713147e-06 0.00030459106 4.709417e-06 0.00028137097 1.3667731e-07 3.412678e-05 2.5613854e-05 8.682869e-06 1.5657823e-05 3.5571709e-06 0.013241488 1.5647149e-05 7.447189e-05 0.0036910744 1.6003965e-07
