1.6704703e-19 0.93443775 0.7675734 0.96689564 0.92306536 0.95766556 0.95360893 0.8776955 0.982016 0.9523213 0.9517151 0.92193955 0.8300056 0.5486427 0.9258247 0.95420355 0.7930411 0.98006254 0.9970687 0.89417195 0.9539729 0.052798662 0.9791376 0.9927057 0.9846735 0.034272943 0.9538506 0.47986984 0.050215624 0.99585974 0.9535988 0.7907028 0.92346317 0.9127651 0.08414493 0.9603406 0.3828974 0.9938147 0.40584695 0.97840255 0.6360369 0.25613174 0.9798398 0.9438146 0.0314263 0.90581596 0.3125265 0.7858415 0.015263862 0.6971032 0.99474883 0.99885064 0.9935213 0.8657724 0.9014337 0.009424492 0.98641574 0.5721971 0.9968108 0.9270924 0.11184304 0.1320627 0.97610235 0.99950165 0.919832 0.96100163 0.37134898 0.024571603 0.95440364 0.003471987 0.9997618 0.99281 0.06840722 0.0013771725 0.5516587 0.08788925 0.38193923 0.9641662 0.06275017 0.014775949 0.00090868777 9.585274e-06 0.020765172 0.43445882 0.93338996 0.6047907 0.0017300923 0.016818952 0.98912543 0.90306324 0.9283543 0.0006533165 0.9780223 0.6418158 0.00018470928 0.003318514 0.97833955 0.99999624 0.9998406 0.05613171 0.965374
0.93443775 1.4016288e-15 0.9760712 0.8140359 0.15098666 0.92916393 0.4523094 0.052287433 0.6677491 0.12094027 0.652763 0.016468009 0.012005574 0.6228063 0.71413815 0.0395932 0.066681065 0.16527657 0.019855304 0.10765474 0.012083072 0.3195322 0.0051307552 0.0017992232 0.034421355 0.15958287 0.0022914829 0.14722005 0.030644206 0.07771662 0.002965033 0.00020873117 0.0066412007 0.0044104545 0.111717016 0.00025510794 0.00951657 0.00015031718 0.00034952938 0.02606153 0.0021228518 0.02623361 6.7500473e-06 5.2980363e-06 0.0016409517 0.004020422 0.00012242292 4.6650763e-05 0.015528227 0.0052458723 0.013757521 0.20882586 0.0001910785 0.00052087504 0.0003334974 0.005384444 0.013341167 8.768897e-06 0.0067657474 1.1173602e-05 1.973368e-06 0.0007270933 0.00036705096 0.022641014 0.0027797953 0.00042578738 2.4548835e-05 9.30049e-06 6.460993e-05 4.053908e-07 0.00031338082 0.0012325402 1.3616745e-05 0.0014560788 2.2499319e-07 2.9110564e-07 7.706025e-06 3.311014e-05 2.4726674e-07 2.8669456e-06 0.000108696375 4.749068e-05 9.473353e-07 2.6434587e-05 5.297913e-05 1.5628477e-05 2.3789173e-08 4.9392874e-08 2.5302481e-05 9.2775053e-07 1.5543768e-07 8.170004e-08 0.0004130895 2.4250778e-05 1.3034821e-06 2.2195308e-09 1.4015062e-05 0.0075328304 0.0050975922 8.694448e-09 4.244758e-07
0.7675734 0.9760712 3.7943212e-19 0.91431385 0.08265224 0.67986786 0.8673294 0.077878386 0.7131502 0.31983903 0.026888609 0.025157617 0.02400802 0.55221707 0.03275221 0.24583171 0.13504899 0.49575353 0.015297495 0.008994555 0.009490635 0.035367403 0.0034796875 0.00058075256 0.07378877 0.020795023 0.0009739583 0.061550234 0.004146407 0.057207115 0.019757545 0.00023905895 0.007491907 0.010123957 0.004283639 0.00027640467 0.017984008 0.000101778285 0.000102574784 0.10096187 0.0018964624 0.00047474675 4.014707e-05 6.698693e-06 0.0015705037 0.006746753 0.00040183656 9.471542e-06 0.00017126239 0.04265713 0.017306205 0.22789909 0.00070591393 0.02150565 0.0010997419 9.4645395e-05 0.0134112965 0.00024888347 0.0033603243 0.0006674589 8.961061e-05 4.9687522e-05 0.00041421165 0.015056101 0.004829126 0.00060715154 0.00034288462 2.4188496e-06 0.0003083079 1.5853334e-07 6.2406216e-05 0.0012310044 4.817421e-06 0.00027423067 1.6083126e-07 1.3441866e-07 0.0008206957 0.0036398848 2.4232443e-07 6.3436655e-06 3.263498e-05 2.0149786e-05 1.6911997e-06 0.0010544169 0.0007214099 4.097009e-06 2.2223105e-08 2.5177611e-08 0.00051496574 5.7808716e-08 7.844318e-08 2.8058796e-06 0.00050146674 0.0006998445 3.763413e-07 2.756811e-07 0.0006330195 0.0048356727 0.0011932588 6.7402657e-09 3.8247606e-05
0.96689564 0.8140359 0.91431385 7.15023e-14 0.28688303 0.58571064 0.9675722 0.06618626 0.5711652 0.098382644 0.5038369 0.045040686 0.027915113 0.28894633 0.679549 0.05844108 0.049908277 0.33268934 0.03768066 0.13216199 0.021278018 0.18195856 0.005149721 0.0043336065 0.15181893 0.06759305 0.006281535 0.04722494 0.0059006214 0.11778809 0.0048079067 0.0007119144 0.00748321 0.0036253638 0.07882059 0.00034058216 0.00585654 0.0001774483 0.0005415182 0.05030259 0.0037498514 0.021897549 2.2820965e-05 2.0031148e-05 0.00081211625 0.0035904374 0.00023872699 0.00017791326 0.018378094 0.005631766 0.037781484 0.29856172 0.00026833912 0.00088463083 0.000169887 0.008069494 0.05749612 0.00011719414 0.018254954 8.252919e-06 8.062417e-06 0.00084047776 0.0010222245 0.089048244 0.0109486645 0.00023748625 5.3438052e-05 5.637862e-05 0.00022094815 1.7380796e-06 0.00022159217 0.0042447518 4.1940646e-05 0.0023797732 1.8188447e-06 3.4115476e-06 1.8795326e-06 2.6592492e-05 2.2806355e-06 1.6269963e-05 0.00013478997 4.0531508e-05 5.190705e-06 8.610587e-05 1.41390965e-05 0.00020381114 8.521636e-08 1.6862177e-07 1.8505196e-05 9.034875e-07 8.9862155e-08 1.0412051e-07 0.003180185 8.233443e-05 4.157152e-06 1.7988997e-08 5.1801467e-06 0.010918822 0.019772785 2.0476126e-08 5.621658e-07
0.92306536 0.15098666 0.08265224 0.28688303 8.258088e-18 0.054281745 0.17608987 0.9866129 0.042926002 0.00034797384 0.06418816 0.14302321 0.29830202 0.013053619 0.59340227 0.0019217666 0.0008262952 0.031724926 0.8821416 0.8771806 2.8832173e-05 0.28038314 0.10952487 0.20565434 0.07533004 0.6169797 0.10898728 0.020412024 0.511435 0.0075451713 6.1042633e-06 0.046450194 6.010193e-06 2.0790421e-05 0.011012758 0.0030207362 0.00018033932 0.0006305417 0.012839334 0.010251015 2.4122726e-06 0.41268587 2.1254242e-05 1.9502742e-05 2.062969e-05 8.08367e-05 2.0698523e-07 0.0011093128 0.028403908 0.0011186253 0.0023586082 0.08492468 4.404269e-06 0.00017141615 1.21636385e-05 0.031548854 0.08838136 2.8064778e-07 0.0005252132 1.9131562e-07 1.0842009e-07 0.018577434 0.00032827313 0.056135066 0.009557157 1.3195418e-06 2.6686732e-06 0.00029793728 3.010268e-05 0.00054353423 5.3863564e-06 0.00223837 6.440723e-05 0.013102443 5.706471e-06 1.9059486e-05 1.6885572e-07 1.081175e-06 3.939157e-06 2.5395164e-07 0.0063714315 0.00042198383 1.9759942e-05 7.4253144e-06 6.0671828e-06 0.0001262333 5.2919336e-07 6.475517e-06 1.5540128e-06 4.0179816e-07 4.330416e-08 2.2892874e-07 0.0053571924 6.6304706e-06 0.00043741142 7.3801765e-09 5.602006e-07 0.0035105995 0.0084628975 3.433543e-08 4.6604336e-07
0.95766556 0.92916393 0.67986786 0.58571064 0.054281745 3.4366888e-15 0.2019852 0.013953177 0.77557844 0.601465 0.87810606 0.0049379747 0.0018660456 0.9701539 0.54738057 0.20749928 0.40119007 0.2722841 0.006608124 0.025102848 0.15007766 0.115841314 0.0013140733 0.0023310594 0.008087314 0.06292843 0.0011747177 0.7681128 0.009559855 0.32803723 0.021466834 1.2739896e-05 0.032024223 0.020790264 0.20460533 0.00025257072 0.16524532 0.00011168387 0.0002708557 0.029834175 0.008703803 0.0036615594 4.046787e-06 6.7954993e-06 0.06266828 0.03267071 0.0009804828 2.5011754e-05 0.0095796 0.00275218 0.023971297 0.49441466 0.0003832874 0.00027285275 0.0011744986 0.0024876222 0.006949062 0.00022881669 0.020233061 9.633271e-05 5.0519877e-05 0.0003717667 0.00011941923 0.017336888 0.00041558262 0.00305672 0.00021321166 6.5967706e-06 2.4873598e-05 1.8714776e-07 0.00035009498 0.0007799539 1.46144885e-05 0.00064001424 2.2511156e-08 1.0870958e-07 1.8256704e-05 0.00084068935 1.11845495e-07 3.994786e-05 0.00022675126 6.871751e-05 1.1642837e-06 6.6438864e-05 0.00016280232 2.0838627e-06 8.276596e-08 2.0509859e-08 0.0001043506 3.2756148e-07 3.2832162e-08 2.7280045e-08 0.00013024248 5.153747e-05 4.5428033e-07 1.8586064e-08 0.0011195346 0.005386036 0.0052764863 9.178895e-09 3.740841e-05
0.95360893 0.4523094 0.8673294 0.9675722 0.17608987 0.2019852 3.38919e-18 0.07371922 0.9248363 0.04193292 0.053156495 0.06659872 0.07743062 0.1481463 0.107941456 0.1546365 0.030731322 0.80735403 0.060737338 0.025363384 0.0047209924 0.016647587 0.02528182 0.0050740903 0.76317036 0.0067516575 0.0020664425 0.0034016569 0.0007041664 0.200307 0.0033320726 0.0010589351 0.0047625704 0.002231377 0.0035036644 0.0004528912 0.0017519116 0.00035270647 0.00010805783 0.5872766 0.0010153607 0.000490468 0.00013627001 4.0086205e-05 0.00023085445 0.009155553 0.00022312789 4.3619442e-05 0.0003725843 0.062039696 0.13338904 0.47366995 0.0006928941 0.014057759 0.0011874574 0.0003524037 0.45509124 0.00012292422 0.018274585 0.00012829469 1.2717379e-05 2.7107002e-05 0.00399229 0.5422569 0.06329059 0.0010245312 9.601949e-05 8.473128e-06 0.0023112355 6.132323e-08 0.00027631797 0.0483389 1.4970622e-05 1.9089191e-05 2.5957337e-07 2.1921312e-07 1.9648414e-05 0.001534856 1.5326056e-06 6.428869e-06 2.4512701e-06 5.360325e-06 1.7420094e-06 0.0027483953 0.00043613955 0.00023301615 8.838004e-09 2.8936281e-08 7.819905e-05 2.7862673e-06 5.144775e-07 1.4853566e-07 0.010050457 0.00055915717 2.8464259e-08 1.6573007e-07 7.935411e-05 0.034025226 0.03368283 1.4518196e-08 8.0079035e-06
0.8776955 0.052287433 0.077878386 0.06618626 0.9866129 0.013953177 0.07371922 2.5150346e-16 0.017873127 0.0002621808 0.006031306 0.54722667 0.78441304 0.0055434727 0.3686617 0.0007597089 0.000658083 0.0066734697 0.8635765 0.8139141 7.336266e-06 0.10249759 0.24727944 0.3380374 0.08873809 0.5759903 0.57554185 0.0022182781 0.5723788 0.0031337682 4.3838904e-06 0.36546886 1.5064761e-05 2.3854845e-05 0.0058689523 0.048825193 3.556959e-05 0.02339936 0.054786395 0.0041692997 1.8277494e-06 0.37025332 0.002100929 0.0016550501 5.7134844e-06 8.136065e-06 3.420733e-07 0.01314672 0.010955365 0.0010775303 0.0012758968 0.022772182 9.530578e-07 0.00020580339 2.0979603e-06 0.018126838 0.07820415 9.5324275e-08 0.00010725732 5.876812e-09 3.5704338e-07 0.032227617 0.016804235 0.0462253 0.0368077 1.486988e-07 6.57203e-06 0.003290142 0.0049068835 0.001633415 4.4412826e-07 0.019354198 0.0016801131 0.007322543 0.00034994463 0.00057747395 1.8810918e-07 2.7635815e-07 0.00027914034 1.458412e-07 0.009430452 0.0008784923 0.0001757436 2.3750029e-06 9.925641e-07 0.003147307 3.1548918e-06 3.2741096e-05 3.9305579e-07 5.279624e-05 2.0211102e-05 1.0251796e-08 0.0178361 4.353356e-06 0.00107908 2.5102425e-08 3.166613e-07 0.0034237262 0.047626335 1.430772e-06 5.101064e-07
0.982016 0.6677491 0.7131502 0.5711652 0.042926002 0.77557844 0.9248363 0.017873127 7.3613934e-13 0.5338498 0.72202355 0.0020490342 0.0025244025 0.43032265 0.446662 0.43221888 0.265824 0.89944565 0.008981911 0.019630084 0.29438275 0.08969621 0.0008330722 0.0004642411 0.050252717 0.008418741 0.0009481692 0.2969754 0.001047921 0.39992252 0.058209073 1.0664447e-05 0.07471309 0.05361676 0.095349796 2.6397329e-05 0.07531383 6.5134404e-06 4.8021444e-05 0.3882554 0.039942686 0.013592924 4.2586774e-07 3.526176e-07 0.012728192 0.011225955 0.0053228065 2.0068455e-05 0.0080857165 0.034574445 0.14534968 0.5766189 0.0012018576 0.018785134 0.0018098586 0.001243119 0.03356175 0.003164171 0.044027925 0.0017308003 0.00049187045 0.00017414894 4.299482e-05 0.10120245 0.0026840249 0.0006346879 0.0004064 5.208248e-06 4.3294135e-06 6.269493e-07 0.000879871 0.0009819117 1.1371337e-05 0.000718483 4.411215e-07 1.3323588e-06 0.0003219701 0.0011704426 2.7040593e-07 0.00054634624 4.1310977e-05 2.1180791e-05 5.284195e-06 0.0018908532 0.0005686081 2.3153278e-05 1.5398379e-07 1.2176311e-07 0.0003363553 9.2190255e-08 1.8432532e-08 4.10653e-06 0.0016546202 0.0007688166 1.5268613e-05 8.391565e-07 0.00014933442 0.042673215 0.0051800413 9.376299e-09 0.00013280836
0.9523213 0.12094027 0.31983903 0.098382644 0.00034797384 0.601465 0.04193292 0.0002621808 0.5338498 3.6156173e-16 0.09194028 5.0522045e-05 0.00015806437 0.8428708 0.005622146 0.931827 0.95147467 0.5394383 0.00060649734 0.00021017074 0.6430281 0.0039854846 2.6512069e-05 2.1727788e-05 0.0047944547 0.001710869 1.1630525e-05 0.0983573 1.2818027e-05 0.60880816 0.4004858 1.2443803e-07 0.52366906 0.4865841 0.012624136 3.338286e-06 0.46941587 5.029315e-06 6.9844066e-07 0.10905208 0.26985675 1.8517554e-05 3.4571497e-07 1.1840692e-07 0.13951142 0.17922291 0.07406802 8.045349e-08 0.00048753305 0.0254108 0.21787958 0.52079755 0.019715918 0.0074901143 0.021439772 1.5312273e-05 0.004995007 0.019207599 0.17383593 0.010456678 0.002046957 1.8608964e-06 2.0886796e-06 0.009872662 0.0001279683 0.01437003 0.004933545 3.3998514e-08 1.7772621e-06 2.2974113e-08 0.006785313 0.00012843376 7.439316e-07 0.0001556248 7.4189144e-10 2.8265097e-09 0.0010010155 0.009540009 1.4755969e-08 0.0013496568 6.6204086e-07 3.1626806e-07 1.2661476e-06 0.0031115627 0.0030590806 4.1434396e-07 1.3043401e-08 2.2037929e-08 0.0005433419 1.7177673e-07 4.4828504e-08 1.8205985e-05 0.00012224034 0.00075032545 3.3190375e-07 2.040198e-06 0.0007352369 0.010470979 0.0011288674 3.994747e-09 0.00051942706
0.9517151 0.652763 0.026888609 0.5038369 0.06418816 0.87810606 0.053156495 0.006031306 0.72202355 0.09194028 9.671498e-13 0.0016866175 7.384909e-05 0.2549624 0.95538443 0.07203273 0.014600418 0.075613864 0.011435436 0.074292704 0.12043554 0.56267947 6.4486726e-06 0.0055052266 0.0018038243 0.072631076 0.001083881 0.95415306 0.004178945 0.2768167 0.009676132 2.8526398e-07 0.00044787253 0.00031908788 0.83498853 0.0003619681 0.016302692 3.8463673e-05 0.0002488685 0.0049304315 0.00024752383 0.0053661866 4.5190964e-06 3.0844728e-06 0.008506937 0.011845878 2.4070549e-05 1.31770375e-05 0.04742126 0.00017752564 0.0026359216 0.51319337 0.00047921756 9.688482e-06 0.0030303458 0.010685629 0.0013276113 8.166498e-06 0.0009103709 0.00017742746 8.395071e-07 0.0007727102 2.614102e-07 0.0016703493 1.3823357e-05 0.00068258453 0.00035098963 9.570705e-06 0.00037660357 6.46907e-07 0.00030398485 5.2190676e-06 2.0484322e-05 0.0012646079 6.4386274e-09 3.670875e-08 6.359077e-07 0.0057492317 6.546452e-08 2.7675676e-06 0.00012924852 8.208976e-06 6.4057383e-07 1.1315694e-06 0.0030962043 6.614091e-07 1.2752435e-08 3.0054274e-08 1.8522462e-05 1.091998e-07 8.931296e-08 6.6794117e-09 0.00013801617 2.5465583e-06 3.4341443e-07 1.6295624e-08 0.0008794583 0.0016226508 0.0007965687 1.4890634e-08 0.0003172627
0.92193955 0.016468009 0.025157617 0.045040686 0.14302321 0.0049379747 0.06659872 0.54722667 0.0020490342 5.0522045e-05 0.0016866175 7.4445764e-20 0.9905169 0.00029828385 0.01004079 0.00038105177 0.00011232573 0.00787308 0.6141182 0.0366827 1.4688136e-05 0.0023523655 0.731332 0.57873654 0.825794 0.015960338 0.061387576 0.0007728867 0.018467525 0.002478375 2.5470902e-06 0.27502802 7.746418e-06 2.9113103e-06 0.00034676056 0.020080814 7.658857e-06 0.04678195 0.0057578627 0.007075514 3.6126125e-06 0.036807448 0.0028205607 0.0023997298 4.33504e-06 7.201499e-05 1.6734081e-07 0.002902916 0.0008633866 0.0021543866 0.0030127151 0.064908564 7.1287227e-06 0.00031118683 5.649312e-06 0.000933881 0.46622178 3.634333e-07 0.00049782556 2.9698396e-07 4.764985e-08 0.0051454897 0.013125473 0.19455837 0.06946304 4.9017012e-06 1.8137782e-06 0.00095160387 0.0018088381 0.00026719895 9.855695e-06 0.033604372 0.0002567415 0.00024096425 0.000116362775 0.0007989165 1.3091487e-07 2.986513e-06 0.00034800003 7.416938e-07 0.0014843968 9.87445e-05 0.00023511982 3.6879464e-06 1.2621794e-05 0.0018989517 8.338647e-06 2.9296132e-05 6.6185867e-06 1.4119046e-05 3.0891415e-06 2.6472868e-08 0.025694141 4.5926354e-06 0.00015620321 2.6283846e-08 1.3334851e-06 0.010927478 0.06000047 9.2422795e-07 7.0146655e-07
0.8300056 0.012005574 0.02400802 0.027915113 0.29830202 0.0018660456 0.07743062 0.78441304 0.0025244025 0.00015806437 7.384909e-05 0.9905169 1.4167814e-17 0.00040423556 0.01271344 0.0003707306 2.528444e-05 0.0055263303 0.35555387 0.06053649 1.0950397e-06 0.0012521236 0.77936214 0.7605571 0.4805253 0.01710313 0.16956969 6.4967986e-05 0.025462484 0.0020177267 6.8267104e-06 0.72469234 4.769879e-07 3.811873e-07 0.0001471693 0.09999819 8.383391e-07 0.1942882 0.014415037 0.012031495 2.757763e-07 0.026642 0.03665836 0.0220497 1.2428642e-06 1.271339e-05 8.546227e-09 0.011299444 0.00016314114 0.001555039 0.0026496665 0.024298156 1.8139546e-06 0.00011732352 1.2368056e-06 0.0002972434 0.24885996 1.08264215e-08 0.00036767437 1.7869e-08 1.1828017e-09 0.005487015 0.09060889 0.12937506 0.19586846 5.410355e-07 6.5997375e-07 0.0007924933 0.010537168 0.000234687 7.684944e-07 0.07153973 0.00059339305 8.612049e-05 0.00062153494 0.0015589077 1.1333383e-08 1.1938067e-07 0.0006072758 4.8797787e-08 0.0011608202 0.00017687856 2.5445857e-05 4.9817025e-08 1.7859035e-06 0.004115063 1.3323563e-06 1.35787495e-05 6.491968e-07 5.98657e-05 8.043723e-06 7.813907e-10 0.039249014 1.0231636e-06 9.39224e-05 2.071602e-09 4.496518e-08 0.005281916 0.08163386 3.3375682e-07 2.6774723e-07
0.5486427 0.6228063 0.55221707 0.28894633 0.013053619 0.9701539 0.1481463 0.0055434727 0.43032265 0.8428708 0.2549624 0.00029828385 0.00040423556 2.5722604e-17 0.0086224545 0.36036047 0.9776574 0.27069685 0.001963568 0.0008634698 0.46795294 0.00734409 6.817625e-05 0.0001540936 0.00339326 0.0012145696 0.00017686593 0.6731632 4.7545876e-05 0.19068034 0.08030874 4.050206e-07 0.0644262 0.05760911 0.007947169 8.1843726e-05 0.22107875 8.750602e-06 1.403031e-05 0.014138099 0.008741728 3.8770413e-05 8.016866e-06 5.9704716e-06 0.11882195 0.015153826 0.0013765021 2.9187747e-06 5.8749294e-05 0.0026147342 0.013497063 0.3757045 0.0016980967 0.00040655426 0.0009682829 1.5857402e-05 0.0015767933 0.00021651061 0.010141907 5.6562316e-05 2.9508845e-05 2.6785767e-06 1.8162864e-06 0.00278764 9.34592e-05 0.0021817908 4.3682092e-05 1.2001462e-06 1.7445887e-05 6.8334023e-09 0.00045439933 2.4587189e-05 1.6692512e-07 5.5563338e-05 3.1523337e-09 5.4175877e-09 6.396283e-05 0.00026770803 1.5086384e-07 9.212822e-06 1.3790045e-05 4.5313547e-05 2.7247114e-07 5.3400786e-06 2.4702471e-05 4.510216e-07 8.633685e-09 3.1189846e-09 4.5878834e-05 2.9505918e-07 4.7322723e-07 2.683739e-08 4.1306605e-05 4.4114067e-06 6.5082055e-08 1.0780066e-07 0.00038736817 0.0054848464 0.001758318 7.251474e-08 1.6524335e-05
0.9258247 0.71413815 0.03275221 0.679549 0.59340227 0.54738057 0.107941456 0.3686617 0.446662 0.005622146 0.95538443 0.01004079 0.01271344 0.0086224545 1.1837257e-15 0.015772121 0.0011117873 0.043848205 0.10981095 0.6723183 0.0013413138 0.9843353 0.0013077026 0.00901962 0.0060542594 0.8493572 0.00536022 0.16979958 0.17600337 0.036424972 0.00029429272 5.0887273e-05 2.1709975e-05 1.1295527e-05 0.7853145 0.0007922832 0.00045886997 0.00030121102 0.0018879566 0.0057199127 1.2603896e-05 0.07870054 2.526424e-05 2.5921714e-05 0.0006548535 0.0020853388 1.7331854e-06 3.27649e-05 0.38325214 0.00039956186 0.0020219616 0.18013264 0.000110125846 4.6672434e-05 0.0005923894 0.10818575 0.0020134181 4.0716127e-08 0.00041578896 1.3188516e-05 9.325593e-09 0.0014159242 1.1447213e-06 0.006165782 0.00021784694 0.00029135632 1.3198387e-06 1.2144987e-05 6.695628e-06 3.0328047e-07 5.2400363e-05 4.445427e-05 6.1137775e-06 0.030489326 2.7723335e-08 1.989531e-07 5.214035e-07 0.00021062922 5.9105048e-08 1.260687e-06 0.00029050844 0.00012593089 3.5736943e-07 1.9409033e-06 0.00014438819 2.5628316e-07 5.115084e-09 6.6070896e-08 2.362408e-05 1.1407973e-07 1.1405124e-07 2.877627e-09 0.0002390391 1.8002436e-06 2.4489626e-05 1.3122948e-09 0.0002849642 0.0013820742 0.001686471 6.8904926e-09 0.00010272525
0.95420355 0.0395932 0.24583171 0.05844108 0.0019217666 0.20749928 0.1546365 0.0007597089 0.43221888 0.931827 0.07203273 0.00038105177 0.0003707306 0.36036047 0.015772121 2.8925836e-13 0.6081436 0.85001594 0.00019750193 0.00034286812 0.622144 0.0020687082 0.00040189133 7.141155e-06 0.0065398505 0.0010237274 7.6380216e-05 0.047903985 5.4662538e-05 0.9304074 0.80573595 4.7428966e-06 0.642006 0.61935174 0.0041449354 4.552703e-06 0.363328 1.1824663e-06 1.4246266e-05 0.12292049 0.45565182 1.0650309e-05 1.3208756e-07 5.4069993e-08 0.1547104 0.13322613 0.14031695 1.1184972e-06 5.234343e-05 0.08013115 0.1318253 0.27125233 0.012429507 0.026140064 0.022001296 3.9929714e-06 0.007916673 0.12056933 0.10080115 0.030085888 0.03449667 9.162086e-07 5.653818e-06 0.025987819 0.00018502786 0.0066595622 0.015401899 2.4265224e-08 1.3374345e-06 6.5242766e-08 0.004626919 0.00030667157 2.2454368e-07 1.4792964e-05 6.6381254e-08 3.92301e-08 0.022474507 0.04823163 1.5047148e-08 0.0060624694 4.0530225e-07 1.1150253e-06 5.538716e-07 0.032852132 0.0037123868 8.595003e-06 4.707127e-08 1.4043473e-08 0.0039838334 9.692395e-07 1.4664326e-09 4.0952997e-05 1.8191718e-05 0.0071562524 7.417893e-07 6.4971923e-06 0.00071222975 0.02467908 0.0006834251 1.0646196e-09 0.00033650626
0.7930411 0.066681065 0.13504899 0.049908277 0.0008262952 0.40119007 0.030731322 0.000658083 0.265824 0.95147467 0.014600418 0.00011232573 2.528444e-05 0.9776574 0.0011117873 0.6081436 2.8967405e-17 0.17539355 0.00044268463 0.00012307073 0.9104591 0.00076198543 6.1700994e-05 1.4736233e-05 0.0015254003 0.00019370794 1.1616602e-05 0.18291734 2.1872083e-06 0.3388478 0.5136849 4.409808e-08 0.46278498 0.37313706 0.0020567516 5.314924e-06 0.6652986 2.0781886e-06 1.0988139e-06 0.037331197 0.1519706 2.2969386e-06 3.047199e-07 1.7563679e-07 0.34595853 0.08429082 0.039628938 2.1659909e-07 9.325919e-06 0.018535927 0.035485838 0.1901955 0.012208358 0.0044963127 0.027197525 1.1430054e-06 0.0018897129 0.005650929 0.045665454 0.0050067417 0.0018650432 4.5330924e-07 2.0497197e-07 0.006761432 9.4857845e-05 0.007328289 0.0026873276 6.804636e-08 4.839944e-06 3.3034786e-09 0.0037870228 8.2957e-05 2.410149e-07 6.0742927e-06 5.9654737e-10 4.597321e-09 0.0024299964 0.008990439 1.62156e-08 0.00016120636 1.6512267e-07 2.3097546e-07 2.6654646e-07 0.0013761275 0.003146941 8.9990243e-07 4.53775e-09 3.602647e-09 0.0007546135 5.452066e-07 1.9748427e-07 4.1678945e-06 2.3651424e-05 0.00025190634 5.334189e-08 3.870052e-07 0.0009758619 0.0038226163 0.000841396 4.487048e-09 0.00027961913
0.98006254 0.16527657 0.49575353 0.33268934 0.031724926 0.2722841 0.80735403 0.0066734697 0.89944565 0.5394383 0.075613864 0.00787308 0.0055263303 0.27069685 0.043848205 0.85001594 0.17539355 4.2037923e-12 0.0021257782 0.001594294 0.18217842 0.0031809236 0.0013322382 0.00033732346 0.20155875 0.0019238442 0.00034850423 0.020628138 0.00014852654 0.90527976 0.12124625 1.7876679e-05 0.17225093 0.11234448 0.004673221 0.000100635705 0.050875958 2.4711777e-05 3.4854078e-05 0.8368631 0.0726918 0.0002555616 4.292085e-06 1.1805936e-06 0.008128593 0.11259782 0.010128274 1.7920565e-05 0.00035639995 0.28247076 0.4383008 0.68702084 0.0065069743 0.058270738 0.006200374 3.7039328e-05 0.09801687 0.0063222377 0.15232536 0.00087143923 0.002623026 3.8961152e-05 0.00046681563 0.19705568 0.0070524574 0.004577528 0.0009714963 5.1524887e-07 0.0003233539 3.11766e-08 0.0024119266 0.005235519 9.786521e-07 0.00017349282 3.4789386e-07 1.7848264e-07 0.0008597787 0.006425958 3.3276584e-07 0.00032828844 8.179555e-06 3.16118e-06 3.6435033e-06 0.008639024 0.00081302435 0.00013045095 4.9543086e-08 6.8241455e-08 0.00061537686 3.2636958e-06 6.624804e-09 1.2889315e-06 0.0012515577 0.0027806612 2.0919927e-06 7.10979e-07 9.197095e-05 0.07204753 0.005113521 2.7476426e-09 2.1117983e-05
0.9970687 0.019855304 0.015297495 0.03768066 0.8821416 0.006608124 0.060737338 0.8635765 0.008981911 0.00060649734 0.011435436 0.6141182 0.35555387 0.001963568 0.10981095 0.00019750193 0.00044268463 0.0021257782 4.310424e-12 0.90203863 4.8537626e-05 0.038526658 0.0147959 0.05655114 0.9226988 0.5476575 0.14709772 0.000507837 0.27543595 0.0017549567 4.8782254e-06 0.0012130757 0.0002709921 0.00013423605 0.0016028932 0.002638876 0.0001413712 0.0011092286 0.0068130074 0.006377687 3.5173704e-05 0.7115028 0.00020439977 0.00017277671 5.7653542e-05 6.329456e-05 4.734392e-06 0.0012069586 0.015642809 0.0015083177 0.0017677192 0.017631853 9.264628e-06 0.0002168884 1.1864397e-05 0.07465226 0.27504498 1.5699832e-06 0.00015216625 2.5876257e-06 5.444862e-06 0.04604977 9.854037e-05 0.122960106 0.005540153 2.6750947e-06 3.5513067e-06 0.0013558537 0.00011076412 0.0002315402 3.4637153e-06 0.002512033 0.0001931453 0.004530374 6.710801e-05 7.1322014e-05 6.671842e-07 2.0424475e-05 2.5942636e-05 5.5081564e-06 0.0044484977 0.0002466915 1.534673e-05 1.2660903e-05 4.7793937e-06 5.6026904e-05 1.3598057e-05 7.2428625e-06 2.6951028e-07 3.2037414e-07 4.0681043e-06 2.6196345e-09 0.0020373866 2.3435139e-07 0.00030202797 2.268949e-06 1.7330564e-08 0.0045332545 0.0067339577 2.826076e-07 1.26031e-07
0.89417195 0.10765474 0.008994555 0.13216199 0.8771806 0.025102848 0.025363384 0.8139141 0.019630084 0.00021017074 0.074292704 0.0366827 0.06053649 0.0008634698 0.6723183 0.00034286812 0.00012307073 0.001594294 0.90203863 2.4774445e-13 3.1042786e-05 0.18830453 0.0056841504 0.024302056 0.00917599 0.9535947 0.2858984 0.001470727 0.96813685 0.001987793 3.4573706e-05 0.0016922686 1.2062318e-05 1.02223075e-05 0.039768934 0.010275857 1.2513798e-06 0.0018817972 0.10081385 0.0009746486 6.3187383e-07 0.918712 0.00019392454 0.00022047202 2.9338842e-06 9.759447e-05 1.6229934e-07 0.0022545028 0.46672744 0.00028514906 0.0004383113 0.008638199 3.6760724e-05 1.856264e-05 0.00040313776 0.44841462 0.004019234 4.4182862e-08 2.6698535e-05 5.1552855e-05 3.6070338e-09 0.08512461 3.918525e-05 0.0031543714 0.0008831493 4.2144933e-05 6.756095e-06 0.0019876414 6.487827e-05 0.00026437678 2.1858996e-05 0.00020873235 0.0002509312 0.17454223 1.2589726e-06 2.1938179e-06 2.3352625e-06 0.00012568626 1.0046794e-05 1.0782303e-06 0.083154134 0.010478609 1.5764233e-05 1.8328174e-05 0.00041671493 0.00013039373 7.83194e-06 7.638334e-07 1.9142202e-05 4.6522387e-06 8.562818e-06 1.7886833e-08 0.00049556204 1.6491023e-05 0.0063604154 8.428419e-07 0.00011614714 0.0006260937 0.0010583102 7.322775e-08 3.6343507e-05
0.9539729 0.012083072 0.009490635 0.021278018 2.8832173e-05 0.15007766 0.0047209924 7.336266e-06 0.29438275 0.6430281 0.12043554 1.4688136e-05 1.0950397e-06 0.46795294 0.0013413138 0.622144 0.9104591 0.18217842 4.8537626e-05 3.1042786e-05 3.4495343e-15 0.00019590383 3.2518337e-06 2.8588752e-06 8.192284e-05 6.473038e-05 2.2592865e-06 0.34139016 8.513778e-07 0.727483 0.46145383 2.0231399e-08 0.7935372 0.72677386 0.017964404 1.1670874e-06 0.9495204 4.7172048e-07 3.3810334e-06 0.0335597 0.6268789 4.011521e-06 4.2616534e-08 1.4395721e-07 0.7229324 0.39231655 0.348693 1.996756e-07 7.359781e-05 0.0042456505 0.09262953 0.42434213 0.05166714 0.0003594303 0.059492722 7.807054e-06 0.0001909419 0.05484092 0.16054852 0.0052824216 0.007835202 8.573607e-07 2.4942696e-07 0.0021585387 1.6554037e-05 0.08460289 0.003866369 5.887574e-08 4.6654057e-07 5.246642e-09 0.016236765 1.0075859e-05 3.4773032e-07 1.3191409e-05 1.9537143e-09 1.6620195e-08 0.0003549037 0.022294657 2.7520027e-08 0.0034849576 8.9452044e-07 8.229513e-08 7.6397505e-08 0.0005560461 0.005346691 1.01518246e-07 1.4756955e-08 3.65811e-09 0.0010372731 5.3965007e-08 1.6953916e-08 1.4707999e-07 2.5745756e-05 0.000100896235 1.3491747e-07 3.192152e-07 0.0045356574 0.0072474545 0.0014481823 1.5253461e-09 0.00048994087
0.052798662 0.3195322 0.035367403 0.18195856 0.28038314 0.115841314 0.016647587 0.10249759 0.08969621 0.0039854846 0.56267947 0.0023523655 0.0012521236 0.00734409 0.9843353 0.0020687082 0.00076198543 0.0031809236 0.038526658 0.18830453 0.00019590383 6.727985e-17 0.00013726848 0.00067915284 0.00074298447 0.821899 0.0023921472 0.24466483 0.25028497 0.0023189532 2.3833176e-05 1.6446206e-06 1.0190382e-05 3.2141602e-06 0.979873 0.00014859739 0.00091476634 6.164641e-05 0.0008267828 0.0006639475 4.6312536e-07 0.08746953 1.4069421e-05 1.961461e-06 0.0002856861 0.00017080178 1.165044e-07 6.3960842e-06 0.3894988 4.432966e-06 0.00017506194 0.011276279 1.0803582e-05 1.2106647e-06 4.2736337e-05 0.036604248 0.00075601274 2.1238222e-08 2.9011595e-05 9.382194e-07 6.737386e-09 0.00016955083 1.3101984e-06 0.0028821495 6.9323646e-06 5.634634e-06 1.7538754e-07 1.215213e-06 1.0218984e-05 1.3183674e-07 3.9677698e-06 1.5678728e-05 1.0454618e-07 0.00900102 2.106944e-09 4.7711865e-08 2.2908556e-07 7.814764e-06 1.1292989e-08 7.840264e-08 0.00010949885 0.00014560948 1.2403041e-08 1.2459158e-07 5.570826e-06 5.9844695e-07 6.4103146e-11 2.907312e-10 1.8902878e-06 5.6060916e-08 3.707286e-09 9.0572566e-10 9.612049e-06 3.244749e-08 3.8215317e-06 2.0596957e-09 8.958467e-06 0.0007861087 0.00069381815 2.6427183e-10 3.172433e-06
0.9791376 0.0051307552 0.0034796875 0.005149721 0.10952487 0.0013140733 0.02528182 0.24727944 0.0008330722 2.6512069e-05 6.4486726e-06 0.731332 0.77936214 6.817625e-05 0.0013077026 0.00040189133 6.1700994e-05 0.0013322382 0.0147959 0.0056841504 3.2518337e-06 0.00013726848 9.946847e-13 0.98165596 0.45182407 0.0016072548 0.058785506 3.020903e-05 0.0025475717 0.00044116026 1.2019039e-05 0.66584164 2.35859e-05 1.2336325e-05 1.2733921e-05 0.16146739 1.3546173e-06 0.6673875 0.006133341 0.005711001 3.841281e-06 0.002588513 0.2289799 0.079408005 3.4329473e-06 5.256133e-05 1.3295035e-07 0.02063776 2.9496214e-05 0.0019575723 0.0015069116 0.0056261425 9.4661823e-07 0.00036932557 3.7905306e-06 4.0998486e-05 0.6110465 7.167689e-08 9.168283e-05 3.3411524e-08 1.9251866e-07 0.0011573539 0.25753468 0.3339976 0.6762921 1.9452875e-06 5.2471855e-06 0.00072311057 0.08991094 0.00010674119 9.367508e-08 0.24274404 0.0019643113 3.3478555e-05 0.0035890215 0.0028030688 2.834354e-07 1.3408916e-06 0.0063234344 4.968774e-06 0.00014922323 1.3292094e-05 0.00034094614 7.779326e-06 6.688614e-06 0.06308449 1.4152033e-05 0.00082522025 9.998521e-07 0.000524897 0.00028301773 8.208443e-08 0.15605843 0.00012974473 1.1565874e-05 2.3398524e-08 3.963337e-08 0.015128514 0.2683847 2.775385e-05 1.0697455e-06
0.9927057 0.0017992232 0.00058075256 0.0043336065 0.20565434 0.0023310594 0.0050740903 0.3380374 0.0004642411 2.1727788e-05 0.0055052266 0.57873654 0.7605571 0.0001540936 0.00901962 7.141155e-06 1.4736233e-05 0.00033732346 0.05655114 0.024302056 2.8588752e-06 0.00067915284 0.98165596 3.1589826e-14 0.16384186 0.0038675193 0.7425599 0.00019860687 0.01237428 0.00031757998 3.7319717e-07 0.47740546 1.2802274e-06 3.5998e-07 0.00047642516 0.7196922 3.1589743e-06 0.47686478 0.16591316 0.0009261369 2.2366017e-07 0.15228724 0.21139163 0.20534204 2.8488319e-06 1.1788981e-06 5.706302e-08 0.27192077 0.0005385646 5.4625747e-05 0.00017070847 0.0062250607 8.979376e-07 5.3483295e-06 1.957296e-06 0.0003278204 0.24469353 2.1974044e-08 3.0593487e-06 4.3124146e-08 1.1277013e-07 0.12478364 0.029951941 0.12218537 0.12159913 2.6350443e-07 4.394994e-07 0.061496343 0.021027524 0.0078584105 1.0310979e-06 0.04211472 0.01420741 0.00023618931 0.006030383 0.0062041422 8.301254e-09 2.6162054e-08 0.0043372964 4.973552e-06 0.0005271863 9.807474e-06 0.0016396666 3.2425234e-07 1.6189603e-07 0.002157588 0.001280084 0.0005348042 9.5301374e-08 6.175762e-05 0.00041454833 9.187372e-09 0.033743225 5.1556395e-07 0.00096715096 2.4273602e-08 1.5090569e-09 0.0019063985 0.21168701 1.8822962e-05 4.6885166e-08
0.9846735 0.034421355 0.07378877 0.15181893 0.07533004 0.008087314 0.76317036 0.08873809 0.050252717 0.0047944547 0.0018038243 0.825794 0.4805253 0.00339326 0.0060542594 0.0065398505 0.0015254003 0.20155875 0.9226988 0.00917599 8.192284e-05 0.00074298447 0.45182407 0.16384186 1.3060303e-12 0.0016909683 0.0125851175 0.00033753586 0.0015822251 0.054201484 0.00063962984 0.044155966 0.00039756027 0.00038517395 2.0989943e-05 0.004127697 0.00044411112 0.014029727 0.00078687107 0.55791616 6.5429726e-05 0.0010225239 0.002322246 0.0011988617 3.0894258e-05 0.003827523 1.1422726e-05 0.00055518345 4.9276176e-05 0.13408546 0.11361781 0.31474438 0.00018394935 0.028435647 0.0007519573 6.308454e-05 0.93360204 5.193547e-06 0.014264668 8.927589e-05 3.7078078e-06 0.0002626558 0.02544851 0.5936172 0.55100375 0.0011873204 3.922638e-05 1.4659728e-05 0.0073061083 6.0890766e-06 5.240786e-05 0.41127878 3.1270418e-05 4.108052e-05 0.00012662575 6.688706e-05 2.1256068e-05 0.0010925743 8.563835e-05 6.193075e-06 3.464414e-05 2.6156831e-05 2.5703708e-05 0.0022256356 0.0012083009 0.009608723 1.043284e-06 8.666183e-06 0.0017298794 0.00028584062 1.1896761e-06 2.5530949e-06 0.07682312 0.0031373114 5.81379e-06 3.1719205e-07 0.0002806873 0.12918428 0.12406832 1.3027818e-07 2.3205777e-05
0.034272943 0.15958287 0.020795023 0.06759305 0.6169797 0.06292843 0.0067516575 0.5759903 0.008418741 0.001710869 0.072631076 0.015960338 0.01710313 0.0012145696 0.8493572 0.0010237274 0.00019370794 0.0019238442 0.5476575 0.9535947 6.473038e-05 0.821899 0.0016072548 0.0038675193 0.0016909683 9.075108e-16 0.097629294 0.03085842 0.98852134 0.0008199995 1.9935938e-05 0.0061350083 3.5482803e-06 3.117372e-06 0.809751 0.008670511 3.885588e-05 0.00052280125 0.06502557 0.00050514966 6.7913487e-07 0.83957016 0.0001610516 0.0004005779 5.51247e-06 3.3655353e-05 1.0833472e-07 0.005186813 0.72247165 1.4030122e-05 0.00014471641 0.00068884244 2.3453463e-06 2.2713498e-06 2.2371585e-05 0.42587942 0.0004076637 1.0850802e-07 1.16494075e-05 1.2047791e-06 8.593437e-08 0.013229332 5.260495e-05 0.0009358389 0.00030786337 2.4164585e-06 3.486051e-06 0.00016610375 9.324705e-05 0.00017968816 8.5726913e-07 0.00010788484 3.8879938e-05 0.042928554 5.090055e-06 1.6089494e-05 6.1796236e-06 3.7923768e-05 1.0835362e-05 2.0716507e-06 0.00053321244 0.00039058662 4.337484e-06 3.9009925e-07 3.9005467e-05 1.2064578e-06 5.8057975e-07 3.4046877e-07 2.7582955e-06 1.849699e-07 2.654269e-08 1.6517249e-10 2.6999674e-05 2.4798393e-07 7.305655e-05 2.5540405e-09 9.312666e-06 0.0006569684 0.00024804843 5.5116836e-09 4.0896328e-05
0.9538506 0.0022914829 0.0009739583 0.006281535 0.10898728 0.0011747177 0.0020664425 0.57554185 0.0009481692 1.1630525e-05 0.001083881 0.061387576 0.16956969 0.00017686593 0.00536022 7.6380216e-05 1.1616602e-05 0.00034850423 0.14709772 0.2858984 2.2592865e-06 0.0023921472 0.058785506 0.7425599 0.0125851175 0.097629294 7.332533e-15 0.00058812957 0.41119123 0.0007787802 2.5739264e-06 0.4141522 2.8813856e-06 8.0167234e-07 0.0003788283 0.77327156 2.237164e-06 0.3758227 0.9921161 0.00055147556 7.404146e-07 0.43108147 0.23314117 0.22307539 9.630263e-06 1.15199155e-05 7.3390375e-08 0.6346211 0.0030430844 8.4945736e-05 7.6528806e-05 0.0052970494 8.3633346e-08 3.5734677e-06 4.1023454e-06 0.011001153 0.0109497355 1.4124949e-08 1.4506441e-05 2.1704086e-08 1.0264949e-07 0.29585752 0.008222497 0.0040462282 0.0058873366 1.7843254e-06 2.1355413e-06 0.08271032 0.0060819383 0.04274632 4.5246328e-08 0.0010516046 0.060005993 0.004413395 0.001256561 0.005461892 1.11053446e-07 1.6819076e-06 0.003289662 1.5627658e-05 0.023172377 0.0007083298 0.0020116821 2.7780816e-06 7.899586e-06 0.00046788328 0.00070825213 0.00014063405 3.7225237e-07 1.3814699e-05 2.1398562e-05 7.969379e-07 0.0064745084 4.481299e-06 0.016040701 2.663306e-08 1.5795557e-06 0.0005530163 0.021392379 4.4359426e-06 2.5040595e-06
0.47986984 0.14722005 0.061550234 0.04722494 0.020412024 0.7681128 0.0034016569 0.0022182781 0.2969754 0.0983573 0.95415306 0.0007728867 6.4967986e-05 0.6731632 0.16979958 0.047903985 0.18291734 0.020628138 0.000507837 0.001470727 0.34139016 0.24466483 3.020903e-05 0.00019860687 0.00033753586 0.03085842 0.00058812957 3.5649317e-15 0.0008242572 0.18084379 0.008323507 3.958491e-06 0.015049217 0.008912979 0.908148 0.0006225328 0.7951581 3.8465067e-05 0.00011349404 0.00082483713 0.014597001 0.0003777424 1.4694919e-05 2.0980897e-05 0.95746714 0.025644267 0.002760064 6.1015948e-05 0.0024114873 0.00014976485 0.000872673 0.19283475 0.0022382527 2.9280742e-05 0.0020444004 0.00058740505 0.00045016268 0.0009432809 0.00069325196 0.0003057969 7.424986e-05 0.00021928811 1.42676545e-05 0.0015048054 3.8192928e-05 0.0019224229 0.00026789037 6.664364e-07 0.00011509665 3.7078624e-07 0.00047348544 5.1320026e-06 7.716718e-06 0.00035878934 1.3542937e-07 4.0507157e-07 1.9038629e-05 0.0013568355 6.4772433e-07 0.0002632145 2.5909503e-05 2.5126128e-05 3.368589e-07 4.094239e-06 0.0006015466 6.5848e-07 4.2282146e-08 1.507737e-08 1.5827503e-05 1.7875706e-07 1.7030055e-07 6.755775e-09 1.9293222e-05 1.377447e-05 2.0460375e-06 1.0683397e-06 0.0002676473 0.0032686032 0.0021313168 3.53014e-07 7.1868446e-05
0.050215624 0.030644206 0.004146407 0.0059006214 0.511435 0.009559855 0.0007041664 0.5723788 0.001047921 1.2818027e-05 0.004178945 0.018467525 0.025462484 4.7545876e-05 0.17600337 5.4662538e-05 2.1872083e-06 0.00014852654 0.27543595 0.96813685 8.513778e-07 0.25028497 0.0025475717 0.01237428 0.0015822251 0.98852134 0.41119123 0.0008242572 7.638678e-18 0.00017437396 1.1853334e-07 0.012820431 2.6081253e-07 4.297831e-08 0.24784775 0.017852806 5.1614745e-07 0.0021568576 0.29325825 8.9916895e-05 8.4611116e-08 0.95429534 0.00041665908 0.0008968803 1.060237e-06 6.5757727e-06 1.03287725e-08 0.014297471 0.4074394 2.428298e-06 1.4173563e-05 0.000121652214 4.0079587e-07 4.0485142e-07 2.0994105e-07 0.37447283 0.0004596844 2.5264491e-08 1.0722018e-06 2.2187868e-08 5.841821e-09 0.06518914 0.00011483997 0.00049673574 0.00045369982 1.2944173e-07 3.4208682e-08 0.0011977863 0.00020548038 0.001588298 1.00265495e-07 0.00018226544 0.00038652055 0.05956989 3.3964748e-06 3.156458e-05 1.2179007e-07 5.6449363e-07 2.0700756e-05 2.072602e-07 0.00250529 0.001894641 5.7860566e-06 3.354722e-08 4.480949e-06 8.98314e-06 4.1543262e-06 5.3332707e-07 1.165094e-07 1.4940833e-06 1.3066078e-07 5.0680272e-11 2.5457994e-05 1.2125181e-08 0.00041319197 7.409373e-09 1.9437039e-06 0.00022437022 0.00039802198 2.920966e-08 3.838289e-06
0.99585974 0.07771662 0.057207115 0.11778809 0.0075451713 0.32803723 0.200307 0.0031337682 0.39992252 0.60880816 0.2768167 0.002478375 0.0020177267 0.19068034 0.036424972 0.9304074 0.3388478 0.90527976 0.0017549567 0.001987793 0.727483 0.0023189532 0.00044116026 0.00031757998 0.054201484 0.0008199995 0.0007787802 0.18084379 0.00017437396 5.714214e-10 0.30828688 1.7049477e-05 0.44890338 0.30299416 0.0037898172 7.7014076e-05 0.60793096 3.7591515e-05 1.5893798e-05 0.7239399 0.3192177 0.00052155653 4.4655103e-06 2.184817e-06 0.18591651 0.26160228 0.08878671 1.3350381e-05 0.00013811282 0.23516092 0.41527438 0.72628284 0.08736105 0.057147853 0.024252051 4.1710773e-05 0.028791346 0.043089386 0.24271901 0.011187159 0.013919447 6.525338e-05 0.0001628545 0.09788225 0.0036962791 0.012404628 0.006451702 1.9194788e-06 0.00012433586 7.7586867e-07 0.02433797 0.003246461 8.788169e-06 0.0001181096 2.113399e-06 2.6509756e-06 0.0018013607 0.0060821474 7.332346e-07 0.0033128508 2.2756874e-05 1.1559467e-05 1.040687e-05 0.0016271138 0.00038717303 3.339259e-05 7.0341594e-07 5.017288e-07 0.00043596426 4.5957958e-07 9.2092186e-08 2.988989e-06 0.00052486046 0.0003296944 1.19516135e-05 7.819927e-05 0.0003673225 0.07128805 0.0034278592 1.6914028e-08 0.00019464272
0.9535988 0.002965033 0.019757545 0.0048079067 6.1042633e-06 0.021466834 0.0033320726 4.3838904e-06 0.058209073 0.4004858 0.009676132 2.5470902e-06 6.8267104e-06 0.08030874 0.00029429272 0.80573595 0.5136849 0.12124625 4.8782254e-06 3.4573706e-05 0.46145383 2.3833176e-05 1.2019039e-05 3.7319717e-07 0.00063962984 1.9935938e-05 2.5739264e-06 0.008323507 1.1853334e-07 0.30828688 2.1595718e-13 3.706892e-08 0.8493472 0.8817167 0.0016733214 2.2579898e-06 0.15462299 2.5869653e-07 7.766752e-08 0.050357897 0.84682035 3.4846448e-06 2.4199498e-08 2.5513252e-08 0.19720426 0.7626049 0.7459087 1.092619e-07 5.595887e-05 0.09273699 0.31701726 0.12614575 0.6159707 0.05423626 0.88988143 5.388455e-07 0.00068548357 0.8282614 0.62524354 0.62906384 0.51477265 9.915618e-06 1.8115637e-06 0.0054190927 3.3704597e-05 0.3586977 0.43462747 5.434035e-08 2.917695e-06 8.3122815e-09 0.5087683 5.4603365e-06 3.6912222e-06 3.983419e-05 1.2236926e-09 7.3435285e-09 0.23600513 0.4966014 6.0779284e-09 0.17376354 7.061728e-06 5.0459234e-06 2.9161647e-06 0.18136951 0.11096533 2.8834029e-06 1.5173099e-07 3.6266897e-08 0.021874182 9.0003326e-08 1.5338514e-08 0.019824393 2.0792679e-05 0.027841222 1.3525546e-06 0.013109848 0.027622005 0.048845664 0.00013647082 1.6738733e-08 0.09584121
