7.6886897e-20 0.9462552 0.07191758 0.96968436 0.8171407 0.08528957 0.7329804 0.90412295 0.9830992 0.05189373 0.7042324 0.9179252 0.8183756 0.9590876 0.96144193 0.07160366 0.9314816 0.6778189 0.91339 0.025941653 0.96536356 0.04573494 0.9088941 0.3354139 0.92530185 0.96206963 0.030899221 0.9871383 0.7802444 0.9508626 0.48892108 0.96390986 0.97742975 0.8731143 0.9451217 0.8339602 0.9802223 0.0026707626 0.59641063 0.5348641 0.21320173 0.96951896 0.93788123 0.8096375 0.016197016 0.9962531 0.00076556293 0.97842205 0.9930594 0.99558246 0.24093048 0.05095425 0.037567303 0.9782302 0.4431574 0.98941445 0.9117541 0.858752 0.965628 0.0040662563 0.89558953 0.88349795 0.9830806 0.9768007 0.34483618 0.721362 0.9919248 0.88313675 0.03403684 0.16114213 0.0005924778 0.41057652 0.9962982 0.27930605 0.007539913 0.625841 0.9995741 0.99928993 0.00094574166 0.96066296 0.9851176 0.09807057 0.9915561 0.018183507 0.33058122 0.9956896 0.9310767 0.9729816 0.99998516 0.8798375 0.24214159 0.9484675 0.5764417 0.00083714473 0.81951386 0.9999277 0.99580187 2.0464056e-05 0.96431625 0.9758909 0.9978304
0.9462552 4.1469703e-16 0.9852525 0.45050952 0.5883928 0.528123 0.02917653 0.59011006 0.9410903 0.7214336 0.042939104 0.5635697 0.0021483954 0.0027867393 0.000609389 0.2277304 0.6492184 0.0004574403 0.39646438 0.23960887 0.49099258 0.0012613984 4.412541e-05 0.09055369 8.001574e-06 0.07400796 0.06180204 0.30287018 4.873034e-05 0.016128626 2.759377e-06 3.6001402e-05 0.0008622009 0.008625723 0.0025718594 0.00066188874 0.042662017 0.014627206 2.3146852e-07 0.0016463784 1.2541402e-07 0.00023801251 9.987203e-06 2.3508808e-05 0.0048446734 0.069553524 0.0002764561 0.00032885218 0.0043883375 0.051349837 0.00010011697 3.2659748e-06 6.443653e-07 0.0025252101 5.4512293e-07 4.9033115e-05 0.00022074427 1.9124322e-05 5.0190324e-06 3.9962073e-05 4.332668e-06 0.0034758467 6.804072e-06 0.008646346 7.272018e-07 0.0018827056 0.00015664657 9.381049e-05 1.0142321e-07 1.400611e-07 1.9019492e-08 1.190705e-07 0.00261434 3.8374125e-07 2.6050504e-09 1.8894315e-08 0.13786119 0.000496444 2.7031545e-05 2.014627e-05 0.00039253157 4.92354e-07 0.0023742286 1.5166083e-05 1.1639352e-06 3.6358546e-07 5.471667e-05 3.4372213e-05 3.360856e-05 1.7774357e-07 1.3013538e-07 0.00024060807 1.0456886e-06 3.4718195e-07 2.6773764e-06 0.003939655 3.3741002e-05 7.455005e-09 2.7000475e-05 0.00030634098 0.000107166015
0.07191758 0.9852525 1.5752437e-16 0.056772735 0.36821198 0.9891142 0.009325755 0.16951826 0.4165933 0.7898577 0.021126475 0.14519386 0.0012022954 0.0029230344 0.00070473977 0.19195892 0.1992441 0.0016166824 0.06650597 0.30591732 0.07182116 0.00042939215 1.0462667e-05 0.06660324 9.691337e-06 0.006086206 0.032329872 0.03700768 3.748292e-06 0.0013687299 1.4099064e-07 3.8140606e-06 0.0013984876 0.000834978 0.0008562418 0.00094581343 0.0018458937 0.013069228 3.803414e-08 0.00021822848 6.5115955e-08 0.00024518758 1.3311427e-05 1.4764839e-06 0.0005012527 0.016433384 7.74592e-05 5.4068634e-05 0.00027530084 0.0016315927 1.6498936e-05 1.5274753e-06 5.8386263e-08 0.0005594959 1.9809221e-07 3.7941383e-05 7.2292814e-06 7.5591242e-06 3.1627455e-06 2.4798303e-05 2.5881795e-07 7.051819e-05 1.6451924e-05 0.0005867763 6.7617964e-07 9.857538e-06 5.1778547e-06 1.2177561e-06 1.9734215e-07 1.0803634e-07 2.3852785e-08 6.101417e-08 0.00011996989 1.4401808e-08 1.5283662e-09 2.4562777e-08 0.007301421 3.545201e-05 1.9939473e-05 8.391641e-06 3.9688066e-06 5.707616e-09 0.0009620639 4.434676e-07 8.673648e-08 5.3441336e-06 8.2130955e-06 4.448661e-06 1.6943395e-06 4.8844345e-08 5.381237e-08 1.21696485e-05 4.23682e-08 6.306538e-08 1.5581087e-06 0.0028349897 8.009209e-06 6.624955e-09 7.5217463e-06 2.3198167e-05 2.7903558e-05
0.96968436 0.45050952 0.056772735 6.886281e-15 0.90412176 0.12249187 0.9603226 0.90963614 0.6790254 0.019808484 0.68766356 0.019421283 0.4295706 0.62551373 0.10652264 0.005609849 0.036950126 0.18606184 0.007275609 0.0062277443 0.5956977 0.06597672 0.024626816 0.0024191223 0.013400116 0.14295843 0.001884227 0.8098818 0.009600832 0.23716994 0.000967999 0.026251653 0.00070835854 0.0023769154 0.003599193 0.0005742804 0.3399649 0.00040009344 0.0005154443 0.003910064 0.00030856027 0.00021792049 1.0064325e-05 1.0102261e-05 0.00058493897 0.0064099464 4.7385227e-05 0.0011806551 0.0027499015 0.36529163 0.000502433 6.0178036e-06 1.785746e-05 0.015949327 0.00011333731 5.3450334e-05 0.000889899 5.647683e-05 4.9739133e-06 8.355116e-06 5.8565034e-05 0.038341317 8.059019e-06 0.032089088 1.6520335e-05 0.0067713177 0.0010689991 0.000392716 9.473918e-08 4.4276334e-08 4.624304e-08 1.7526423e-08 0.038678654 1.300535e-07 2.5501996e-09 6.785002e-08 0.54656565 0.039725564 2.436941e-05 0.0014776652 0.004522048 2.6597881e-08 0.01644442 2.9144828e-06 1.7446304e-05 0.0003293691 8.147149e-05 0.0008450715 0.00079172995 5.766006e-08 9.312902e-07 0.000678215 9.899413e-06 3.4519277e-07 1.8929659e-05 0.044356186 0.00020537831 4.1862123e-09 3.4811423e-05 0.0018987843 0.0006793138
0.8171407 0.5883928 0.36821198 0.90412176 4.7768156e-15 0.9451708 0.5971112 0.34269473 0.24378958 0.017234081 0.071085334 0.0053057075 0.20180441 0.19723485 0.59307444 0.0013501724 0.047912907 0.46863067 0.004934366 0.0035225684 0.14689569 0.9586392 0.020181049 0.00062313327 0.015110194 0.0050490573 0.0013628678 0.5308365 0.013956578 0.15512839 0.0031003247 0.019263702 0.00048059996 0.0002964824 0.001155759 0.00023354676 0.054559395 0.00026611914 0.0027972232 0.00061499636 0.00014403445 0.0007912137 4.7151138e-05 1.2565382e-05 0.00013713594 0.0013362087 6.3235816e-06 9.961867e-05 0.0011830203 0.49477866 0.00014601664 5.2560954e-06 0.00028232246 0.0015654509 0.00023196208 4.8202404e-05 0.0059002163 3.6946349e-06 3.8172613e-05 9.442187e-06 0.00059344905 0.12658523 4.7820995e-05 0.0031419585 2.3439767e-05 0.0016013904 0.014444631 8.016885e-05 2.4419555e-06 1.4511686e-07 2.6274736e-07 3.3136846e-06 0.005237786 8.5638584e-07 2.6434748e-06 1.7851345e-07 0.512298 0.007669474 4.287996e-05 0.00701563 0.01362469 3.6967754e-07 0.0015676275 4.0686277e-06 2.4893863e-05 0.000112158 0.0030769284 0.00022299663 0.0027088088 6.952541e-07 5.239612e-05 0.0001097953 0.00012589883 1.0666212e-06 4.0701863e-05 0.0046437704 7.3936404e-05 3.3325077e-07 0.00035493396 0.0017115913 5.094001e-05
0.08528957 0.528123 0.9891142 0.12249187 0.9451708 4.597128e-13 0.0085571 0.047142368 0.1520566 0.59905 0.002533927 0.020657526 0.0021098547 0.006701199 0.009986909 0.14297229 0.0058704745 0.009270789 0.0021516015 0.8932398 0.033105005 0.007162716 7.620422e-05 0.07290073 0.00013160192 0.001375928 0.054558393 0.06253164 0.000196021 0.0044368426 1.4031713e-05 0.0014953628 0.0001130589 0.0001301763 0.00010768758 0.0004139354 0.003810247 0.11319594 6.7925415e-05 0.0018457054 1.924403e-05 0.0001264093 2.6154186e-05 2.1681744e-06 0.00067269773 0.00090865867 0.00011164106 2.994323e-05 0.0002673292 0.0031634665 0.000107870444 2.5145207e-05 2.8199378e-05 8.188893e-05 2.9147288e-05 4.826455e-05 0.00019444847 3.1430824e-05 1.3269234e-05 5.3940395e-05 3.133439e-05 0.00034953072 3.2033506e-05 0.0003295765 4.192983e-06 7.727098e-05 4.950254e-05 5.041291e-06 1.3230441e-05 6.862373e-07 8.751119e-08 2.8085753e-06 0.00017810662 4.0061113e-06 4.859445e-09 4.6684053e-07 0.014813351 0.00026338146 0.00017751599 8.369012e-05 0.00031300867 8.0009744e-07 5.4391247e-05 1.8343587e-06 5.4086837e-07 1.4410163e-06 5.430531e-05 4.370299e-06 4.980442e-05 1.2477078e-07 7.9374996e-07 5.4887727e-07 1.521947e-06 1.6293627e-07 6.7821907e-07 0.00083375414 0.00013740221 1.7848588e-07 7.535078e-06 0.00013917522 3.9298366e-06
0.7329804 0.02917653 0.009325755 0.9603226 0.5971112 0.0085571 1.5565465e-17 0.623898 0.1739933 0.00056640804 0.53552383 0.0007699994 0.9802944 0.8359001 0.52277315 1.25056085e-05 0.018378532 0.105239995 0.007838897 3.7193233e-05 0.27176246 0.075906806 0.04175158 4.303467e-06 0.040784482 0.1779992 2.2178507e-05 0.49487504 0.0060970755 0.36823168 0.0008579145 0.0594533 0.00010773597 0.00042428862 0.00036784555 1.7193572e-05 0.3055382 2.858019e-06 0.00012429898 5.396887e-06 2.1655034e-05 7.100561e-05 1.4702481e-06 1.4566584e-06 6.184544e-07 0.0021594295 1.3756451e-06 0.00020599698 0.0003047747 0.2946336 9.97953e-06 7.453146e-08 3.2371795e-06 0.004784385 8.1055205e-06 1.3263312e-05 0.0009424603 5.739483e-07 1.353563e-05 1.8871867e-07 4.2560914e-05 0.021963105 2.6352556e-05 0.017073754 1.917105e-05 0.007624068 0.0029165184 0.00056367787 5.2031044e-08 6.9790063e-09 5.105807e-08 3.664572e-08 0.01970363 8.994407e-09 3.5465785e-08 3.1829712e-09 0.32527047 0.017156279 3.8165766e-07 0.000253589 0.006096247 1.1079818e-09 0.0030035165 6.262203e-07 5.270039e-06 5.9041984e-05 1.6659687e-05 6.315497e-05 0.00077643094 7.7631574e-07 6.1527464e-07 0.00021825035 1.6426769e-06 1.752867e-07 4.226558e-06 0.0065916404 4.3218864e-05 3.6525346e-08 3.6038397e-05 0.00027457927 0.00013103984
0.90412295 0.59011006 0.16951826 0.90963614 0.34269473 0.047142368 0.623898 1.0700227e-16 0.8896466 0.05617898 0.9811237 0.07282725 0.07389547 0.10957572 0.00977299 0.022260824 0.080432504 0.0126276035 0.035543364 0.0048444634 0.77959067 0.0023760507 0.0074819643 0.008096883 0.0031203153 0.41912803 0.0045899623 0.60640556 0.001660918 0.047035918 0.00014849879 0.0021987224 0.0023694807 0.01039021 0.010010362 0.00087034877 0.2159954 0.00036279042 1.3320189e-05 0.000953974 3.890581e-06 0.00022353385 6.731504e-05 0.00037946427 0.00019715245 0.016576122 8.943003e-05 0.004279615 0.0015677246 0.048613925 0.00016818951 4.9539403e-06 1.1268709e-06 0.046319503 4.8890048e-05 8.416428e-05 0.00041442833 7.8615696e-05 8.805896e-06 2.7356325e-06 1.5048649e-05 0.0035438251 1.4854828e-05 0.04042162 2.1280814e-05 0.011657899 0.00038048494 0.0015318971 7.55831e-08 9.9985336e-08 5.2895693e-08 5.9482552e-08 0.015087514 2.0699532e-07 6.0546075e-11 6.0100353e-07 0.14490679 0.010283372 6.4604665e-06 3.99428e-05 0.0006276897 4.870025e-08 0.020981604 1.7976673e-07 1.3314208e-05 0.0006962046 3.318832e-05 0.000451998 0.00024402585 4.4099153e-07 1.3103701e-07 0.0051871226 6.5229824e-06 4.5000697e-08 5.516391e-05 0.046559464 2.3450744e-05 4.6721063e-09 1.8949434e-07 1.4243876e-05 0.0024260413
0.9830992 0.9410903 0.4165933 0.6790254 0.24378958 0.1520566 0.1739933 0.8896466 3.0866742e-15 0.3468746 0.6987493 0.8290126 0.008130116 0.010832926 0.00083365676 0.06193087 0.6560017 0.00074239087 0.28716013 0.09203239 0.87052333 0.000285269 0.0013914726 0.11353838 0.00022451278 0.48170748 0.12563437 0.60645527 0.0005383298 0.00930845 1.6798374e-05 0.00019251251 0.005395045 0.0358856 0.04023069 0.0027686292 0.077216744 0.015364437 5.359846e-07 0.008228444 2.4411288e-06 0.00019343583 0.00015316809 0.0010315648 0.0062639513 0.2853061 0.00045917134 0.0036445272 0.0071815867 0.03092124 0.0011142823 5.6723835e-05 1.8675794e-06 0.046707995 2.392828e-05 0.00013704115 4.1802803e-05 5.7200137e-05 5.59788e-06 0.00057059573 8.570455e-08 0.0010244898 1.3158165e-05 0.008107774 1.2963304e-06 0.0025810576 0.00013836198 6.7303365e-05 2.1789367e-06 4.555157e-06 2.1152509e-07 2.9782361e-06 0.0033520646 2.294331e-06 1.21240005e-08 2.1506164e-06 0.17785509 0.004560299 0.00022019194 7.7369605e-06 0.00020536695 7.6089395e-07 0.027846955 2.3190447e-05 2.2727378e-05 0.0004616066 7.830797e-06 0.00030057543 0.00011374401 1.3669478e-07 4.7707573e-07 0.004509698 3.1606363e-05 4.811931e-07 6.9190726e-05 0.037787404 4.0084847e-06 1.1141605e-07 2.2055477e-07 3.3937226e-06 0.0022885946
0.05189373 0.7214336 0.7898577 0.019808484 0.017234081 0.59905 0.00056640804 0.05617898 0.3468746 2.1576674e-15 0.008908394 0.9510085 9.5924566e-05 0.00052696065 2.4886222e-05 0.9863262 0.45089358 2.1476435e-05 0.36294207 0.6841787 0.025179742 4.7345725e-06 1.7234523e-06 0.8359295 1.5712832e-06 0.0024978193 0.46377254 0.0030848596 5.0940247e-07 0.0004454473 2.7681118e-08 6.8344757e-06 0.026030239 0.007288185 0.0042396076 0.02737343 0.0008706667 0.07755167 1.7238163e-07 0.0099802725 1.02784476e-07 0.0024886744 0.0008211522 0.0027761762 0.004024087 0.39045003 0.00072708464 0.0008885993 0.0015774642 0.0004787386 0.0008000807 0.00020811656 1.8124683e-07 0.0010150209 1.0653545e-06 0.00016337157 4.5922848e-06 4.1752206e-05 5.9717615e-05 0.00051182683 5.912876e-07 1.3690613e-05 6.036925e-05 0.00051207835 2.0068405e-06 8.290503e-05 2.408351e-06 6.7516958e-06 1.6065269e-05 1.503584e-05 7.1817624e-10 5.408015e-06 0.00015301522 9.284255e-06 1.6992497e-09 2.5744148e-06 0.00042140792 2.8312097e-05 7.332983e-05 1.0024486e-05 3.3946842e-06 1.008638e-06 0.0006635652 3.3370923e-06 4.6300528e-07 2.7743212e-05 4.3906664e-05 3.2089796e-05 6.8125024e-07 6.4468146e-08 8.245932e-08 0.0001636003 3.381696e-07 5.321598e-08 2.5361392e-06 0.001763212 6.5738795e-06 5.3548625e-08 1.4609582e-05 7.174836e-06 8.1383274e-05
0.7042324 0.042939104 0.021126475 0.68766356 0.071085334 0.002533927 0.53552383 0.9811237 0.6987493 0.008908394 9.586709e-19 0.00714199 0.14117953 0.40045258 0.0082054315 0.0022658366 0.04578081 0.01359535 0.04376132 8.567919e-05 0.90412736 0.0017327276 0.005600156 0.00016354538 0.007033242 0.84863317 8.6750595e-05 0.7466433 0.0013718217 0.27068374 0.0003587476 0.013605888 0.00071442337 0.018262772 0.011614266 0.000189843 0.5297648 3.0875442e-05 0.0001342203 2.0424632e-05 5.8749574e-05 0.00027440098 4.3281805e-05 0.00041325518 2.4496203e-06 0.0108594475 1.2956716e-06 0.0021373113 0.000455869 0.054093182 8.386258e-06 2.442313e-07 3.535718e-06 0.059023537 0.00045756684 5.8861126e-05 0.0021149458 4.8108554e-06 8.919601e-06 2.7094402e-06 0.000718287 0.0060022715 2.935419e-05 0.11661863 0.00060322176 0.07910822 0.0010986627 0.022639113 1.1615765e-06 9.028513e-08 4.3917953e-06 8.609367e-08 0.014998754 6.8105993e-07 3.5108936e-08 1.5756943e-07 0.14371017 0.0035009019 6.0351144e-06 0.005247043 0.00094898156 1.9482487e-08 0.01036243 7.767149e-07 0.00070170645 0.00082019105 0.0006332375 0.00080618134 4.672757e-05 2.1841961e-08 1.4613998e-07 0.007176329 0.0012068866 2.0819924e-07 0.00014724414 0.014544648 0.0007449384 2.3733609e-08 5.3517e-05 0.0007790815 0.0015211931
0.9179252 0.5635697 0.14519386 0.019421283 0.0053057075 0.020657526 0.0007699994 0.07282725 0.8290126 0.9510085 0.00714199 9.869901e-15 5.4597876e-05 7.1449875e-05 1.8277677e-05 0.9492081 0.8231054 2.1874168e-06 0.7811 0.29150483 0.09015707 1.3784147e-06 7.381716e-06 0.89392567 3.712967e-06 0.01445709 0.5403271 0.014619557 4.7930433e-07 0.0002980177 9.434391e-08 8.453071e-06 0.123941496 0.03840684 0.017132726 0.04250243 0.001638895 0.19944395 3.3305458e-08 0.11560225 3.6989587e-09 0.0029640703 0.0003703184 0.0019827446 0.22703323 0.8864935 0.07137731 0.002303602 0.015058815 0.0022069523 0.008005505 0.0005322117 2.2811258e-07 0.010919181 2.2313343e-06 0.00074116816 6.928144e-05 0.00023434212 0.00011655202 0.011296132 8.294739e-06 0.00021131511 0.00017804446 0.0016909079 9.3739925e-07 0.00019196142 5.7008383e-05 1.6778778e-05 9.042353e-06 9.962018e-07 6.590058e-09 1.0158333e-05 0.0005340879 1.1114945e-05 3.3603573e-08 2.6570055e-07 0.011134632 7.792806e-05 0.0031506978 7.180521e-05 6.9785354e-05 4.046648e-06 0.0051009967 9.9039884e-05 2.3955165e-06 9.975719e-05 0.0001304104 0.0002647787 1.1325492e-05 1.412025e-06 5.131672e-07 0.00089335674 5.3974272e-06 3.2811754e-06 4.7709436e-05 0.0056466865 3.422897e-05 2.2669656e-06 9.088719e-06 7.329333e-05 0.00011893789
0.8183756 0.0021483954 0.0012022954 0.4295706 0.20180441 0.0021098547 0.9802944 0.07389547 0.008130116 9.5924566e-05 0.14117953 5.4597876e-05 9.34926e-17 0.9554768 0.9165578 1.8822143e-06 0.0013432967 0.61757547 0.0010347635 1.3265614e-05 0.035621848 0.3041244 0.47225136 1.754809e-07 0.34301165 0.023028547 1.8966927e-06 0.23471847 0.15156433 0.5996509 0.041189224 0.52575964 1.692425e-05 5.4955242e-05 0.00010859462 2.9417595e-06 0.167251 1.3831824e-07 0.009596594 9.468978e-06 0.0028793295 1.1289819e-05 1.2168417e-07 3.779768e-07 1.3874231e-07 0.00052027655 7.498872e-09 0.00022725677 3.919452e-05 0.3842092 2.0591058e-06 4.1395747e-08 0.000231521 0.0019233545 0.0023849807 2.7714266e-06 0.023261935 9.523147e-07 4.1164012e-07 9.174733e-08 0.0055728536 0.09500288 1.2456301e-06 0.03654915 0.0031783886 0.041417472 0.017272774 0.0050284164 6.3122535e-08 5.279457e-09 2.502502e-05 7.788407e-09 0.039320346 2.9069547e-08 2.1579807e-07 1.9395163e-09 0.19075315 0.069591865 4.8192567e-07 0.01059076 0.011945033 1.0698535e-08 0.0039365245 1.9690806e-07 0.002740196 1.102788e-05 0.0031034956 2.9755438e-05 0.002784769 7.194758e-07 3.241656e-08 0.0002198168 0.00030072054 4.590769e-08 2.3202292e-06 0.0066911504 0.0010266531 8.58139e-10 0.00088231335 0.0017039991 0.00016824518
0.9590876 0.0027867393 0.0029230344 0.62551373 0.19723485 0.006701199 0.8359001 0.10957572 0.010832926 0.00052696065 0.40045258 7.1449875e-05 0.9554768 7.126314e-16 0.5858778 2.5005397e-06 0.00023867258 0.36071944 0.00012556248 0.0002116489 0.08941845 0.1035834 0.41343623 6.036511e-07 0.36296815 0.020990739 3.8452305e-05 0.5644288 0.18427375 0.9368701 0.040553406 0.4682097 4.2770403e-06 5.7045094e-05 3.1425818e-05 1.0053029e-06 0.5689294 8.384098e-06 0.012122876 3.4773748e-06 0.0012149188 2.6978169e-06 7.60277e-08 1.6958566e-07 3.5189672e-07 0.00069120486 9.8632356e-08 4.088666e-05 2.8175027e-05 0.63377964 4.976596e-07 4.0467597e-08 0.00065043004 0.0072124177 0.0020206545 5.5670184e-06 0.018664625 2.7024778e-06 3.7643102e-07 4.763315e-07 0.0047644647 0.24170311 1.3780086e-06 0.103884794 0.0005991351 0.035185095 0.02730493 0.0073533375 4.3484594e-08 1.7358575e-09 2.7480124e-05 2.2247875e-08 0.24039201 6.050726e-08 1.5586704e-06 3.8658185e-10 0.526472 0.257285 1.8003251e-05 0.012498975 0.027589403 4.2263515e-08 0.008282211 3.0618296e-06 0.002051812 3.3880021e-06 0.0032187707 1.6813408e-05 0.0071528717 1.39481e-07 1.9908252e-07 0.00043968574 0.00092922227 1.119456e-07 5.672732e-06 0.013048692 0.0012916726 2.5327164e-08 0.0006393801 0.001962439 0.00013283751
0.96144193 0.000609389 0.00070473977 0.10652264 0.59307444 0.009986909 0.52277315 0.00977299 0.00083365676 2.4886222e-05 0.0082054315 1.8277677e-05 0.9165578 0.5858778 7.733244e-15 9.577255e-07 3.4270317e-05 0.9565018 5.586787e-06 3.84614e-05 0.012596608 0.76023227 0.7677099 1.1454394e-07 0.68842137 0.0041370257 9.656621e-06 0.31666127 0.6288349 0.6746215 0.35144466 0.43530726 7.513475e-07 1.1986261e-06 1.272972e-05 9.579137e-07 0.23113173 1.3366057e-06 0.067373365 1.3661438e-05 0.009476581 1.1439203e-06 3.3066826e-08 2.3282066e-08 1.458572e-07 8.233545e-05 3.215975e-08 5.134519e-06 2.5933966e-06 0.79500425 2.012834e-06 1.1844103e-07 0.0025013736 0.00021827033 0.0029918267 3.142965e-07 0.04832736 1.4909932e-06 4.9478583e-08 6.6760784e-08 0.007142235 0.46071842 6.8333414e-08 0.03409141 0.00064603804 0.009209717 0.08752456 0.00046873654 9.694437e-09 3.1331338e-09 5.4939466e-07 3.6305425e-09 0.12553696 6.021262e-09 9.554235e-08 4.032327e-09 0.47720483 0.23206025 5.254797e-06 0.035401672 0.16915129 1.8256534e-08 0.0014580598 4.9314085e-08 0.00038732495 2.994637e-07 0.0046906816 6.016369e-06 0.020475013 1.2039882e-07 3.5686946e-07 3.2217973e-05 0.00010251513 2.4666155e-08 2.9918166e-07 0.0056544547 0.0014353676 1.3775381e-10 0.00086297264 0.007555854 3.3924494e-05
0.07160366 0.2277304 0.19195892 0.005609849 0.0013501724 0.14297229 1.25056085e-05 0.022260824 0.06193087 0.9863262 0.0022658366 0.9492081 1.8822143e-06 2.5005397e-06 9.577255e-07 3.756217e-18 0.44008985 3.1933791e-07 0.4903554 0.35383648 0.003537676 2.5231577e-06 6.9444326e-08 0.948529 1.6649768e-08 0.00029794153 0.43155092 0.0008644008 1.1396376e-08 4.8343554e-05 2.593464e-09 3.340738e-08 0.31657684 0.017256366 0.0070828456 0.256717 8.943362e-05 0.0772957 1.0291193e-08 0.13120088 2.4395101e-09 0.008520675 0.0033455081 0.009651023 0.016899996 0.15877438 0.0036661802 0.0008269933 0.0062412047 0.00016907272 0.007394374 0.0016283633 2.8266621e-08 0.0011567331 2.3128921e-08 0.0005611835 1.08407896e-07 0.00068321364 0.00025734404 0.0008390114 7.7379e-09 3.5213222e-06 0.0002001468 5.4047956e-05 3.163255e-08 4.2632187e-06 2.5723006e-07 4.6175074e-07 2.1542426e-05 7.097187e-06 6.9620615e-11 1.5134891e-05 1.4055755e-05 9.683633e-06 5.0255435e-09 5.1217007e-06 9.089408e-05 9.494912e-06 0.00043293348 1.4349732e-07 2.882849e-07 1.3547128e-06 0.00044225212 3.2286764e-06 5.4283036e-09 0.0001012921 1.48278e-06 6.697745e-05 9.238353e-08 6.724748e-07 2.793972e-07 0.00023334328 5.617327e-09 2.7734453e-07 8.977872e-06 0.0009947044 2.0418844e-07 4.973327e-07 6.6536163e-06 1.2447192e-06 7.1667775e-05
0.9314816 0.6492184 0.1992441 0.036950126 0.047912907 0.0058704745 0.018378532 0.080432504 0.6560017 0.45089358 0.04578081 0.8231054 0.0013432967 0.00023867258 3.4270317e-05 0.44008985 8.93604e-18 0.00014346362 0.9904205 0.010349658 0.15229243 1.3664878e-05 5.758757e-06 0.32303682 8.43439e-06 0.114287175 0.03321985 0.030852888 4.482355e-06 0.0011716426 1.3665947e-07 4.558886e-06 0.08742818 0.25994685 0.1786302 0.014857635 0.020689188 0.0059623094 2.8942978e-07 0.02531163 2.4826883e-07 0.0011442411 0.000562249 0.055886056 0.027624387 0.8762578 0.0038649128 0.115965545 0.14787446 0.005712276 0.0016187689 0.0015656255 1.5439817e-07 0.093487486 8.152056e-06 0.00084538135 3.8433477e-06 0.00024865405 2.7169559e-05 0.0029187582 2.6624475e-08 0.00011891509 6.521667e-05 0.011264143 8.4724604e-07 0.0019054797 2.577837e-06 0.00017211087 1.1904734e-05 3.70717e-05 8.353335e-07 6.310521e-06 0.0021830334 3.2125652e-05 1.0051374e-09 5.67517e-05 0.06368464 0.0009969831 0.0005938975 1.972685e-06 3.1199834e-06 4.9489495e-06 0.105112195 0.00019990435 6.294851e-06 0.0015720524 6.444909e-06 0.00048398034 4.930393e-06 1.4368528e-08 6.624302e-08 0.024538683 5.8752066e-06 1.6871683e-05 3.8186958e-05 0.06388567 8.5481715e-06 2.421647e-06 1.4618375e-07 1.1616951e-06 0.0098006725
0.6778189 0.0004574403 0.0016166824 0.18606184 0.46863067 0.009270789 0.105239995 0.0126276035 0.00074239087 2.1476435e-05 0.01359535 2.1874168e-06 0.61757547 0.36071944 0.9565018 3.1933791e-07 0.00014346362 2.041585e-14 2.4953382e-05 1.3902165e-05 0.006294635 0.9874859 0.2724883 2.306268e-07 0.16670679 0.0010567761 2.1749072e-06 0.08192028 0.4324005 0.35271466 0.17751724 0.16529995 4.0533687e-06 1.943715e-06 1.5674137e-05 2.4112146e-06 0.061645232 9.624579e-06 0.016561436 2.8484951e-06 0.0020981357 2.49624e-05 8.416499e-07 1.0235834e-06 4.034412e-07 0.000281528 3.3444059e-07 1.2481457e-05 1.4220884e-05 0.62267745 1.1891175e-05 1.5476561e-06 0.0030352138 0.000949485 0.00029688812 1.6103456e-06 0.03798124 4.4633833e-07 2.437377e-06 4.101041e-07 0.0010676985 0.27407306 2.3198334e-06 0.00876254 2.3492423e-05 0.0049532913 0.3688857 0.00093866745 2.2794906e-07 3.3012e-08 1.1426991e-06 1.1868662e-07 0.010316976 1.5629506e-07 1.3365151e-06 4.699275e-09 0.25879103 0.022837387 4.3353875e-06 0.0071528684 0.033303462 1.9103476e-08 0.001177907 6.262872e-07 0.00010208353 3.6343138e-06 0.0025637548 5.689498e-05 0.018695137 3.802988e-07 1.3094908e-07 0.00016785639 3.799673e-06 3.120467e-07 6.492045e-06 0.0056967274 5.2693904e-06 6.890759e-08 3.3069115e-05 0.00042797904 4.4746354e-05
0.91339 0.39646438 0.06650597 0.007275609 0.004934366 0.0021516015 0.007838897 0.035543364 0.28716013 0.36294207 0.04376132 0.7811 0.0010347635 0.00012556248 5.586787e-06 0.4903554 0.9904205 2.4953382e-05 1.572728e-16 0.0034435797 0.04170336 5.0252493e-06 6.291928e-06 0.29490516 5.0164867e-06 0.05495285 0.014047635 0.015150834 1.2063842e-06 0.00041431826 6.230437e-08 2.2202094e-06 0.5928189 0.71442 0.4744921 0.09450052 0.007658047 0.003146668 3.6010277e-08 0.0681299 2.0503785e-07 0.0434378 0.008716276 0.42454842 0.030725842 0.8526736 0.0036195137 0.3130514 0.32998052 0.0023416812 0.009414327 0.008206088 7.463873e-08 0.113521725 5.842197e-06 0.021897512 5.661941e-07 0.0036833512 0.0009900312 0.0019497044 5.945709e-10 9.8927785e-06 0.002155114 0.006638845 1.7348826e-07 0.0024691639 1.1952884e-06 0.00021837924 7.0121845e-05 0.0010137401 2.5147376e-08 0.00057950005 0.0011991579 0.00042354333 2.0027402e-09 0.0014213352 0.020530097 0.0003770307 0.00038048296 1.0357621e-07 3.0703487e-07 0.00012271409 0.09753284 0.00093407964 1.4776967e-06 0.050678037 6.807865e-07 0.0102668265 8.069573e-07 6.3511775e-06 3.2498526e-06 0.04814385 5.216291e-06 5.5035016e-05 0.0031611428 0.06866474 6.733495e-07 1.2779433e-05 7.365471e-08 2.7238045e-07 0.030543158
0.025941653 0.23960887 0.30591732 0.0062277443 0.0035225684 0.8932398 3.7193233e-05 0.0048444634 0.09203239 0.6841787 8.567919e-05 0.29150483 1.3265614e-05 0.0002116489 3.84614e-05 0.35383648 0.010349658 1.3902165e-05 0.0034435797 6.1225715e-13 0.004706957 3.0565767e-05 7.747803e-07 0.8508393 2.7529136e-06 7.419563e-05 0.98329866 0.0027422362 4.832935e-07 7.8775476e-05 4.890821e-08 3.076058e-05 0.00032156013 1.9967769e-05 0.00013182513 0.000591882 7.858541e-05 0.96395004 1.3271143e-07 0.013031492 2.7274945e-08 4.129124e-05 7.215128e-06 1.816282e-07 0.009555521 0.0075156474 0.01197135 7.3430638e-06 0.00014567142 5.6178746e-05 0.00021623948 2.810612e-06 3.272689e-07 2.984846e-05 5.15712e-07 2.1482847e-05 2.8718962e-06 8.862714e-06 8.531892e-06 0.00021574963 5.1111073e-08 1.6185713e-05 2.1182792e-05 1.5556521e-05 6.4344476e-07 1.472041e-06 1.0082274e-06 1.6638015e-07 3.5086106e-08 3.626406e-08 4.6826334e-09 7.8616026e-08 4.8596725e-05 4.6930523e-08 1.4525382e-10 5.605482e-08 0.0005340812 3.3591863e-05 3.658519e-05 1.874601e-06 8.332407e-06 1.37056295e-08 2.3267006e-05 5.4268963e-07 1.2688909e-07 6.4008833e-07 1.9619213e-06 1.6156866e-06 5.6104777e-06 3.3947455e-08 4.2047716e-08 1.3664578e-07 6.1996025e-07 4.3982574e-08 1.7498866e-08 0.00060022 1.3335124e-05 1.4915619e-08 3.8149278e-07 5.234555e-06 3.3526753e-06
0.96536356 0.49099258 0.07182116 0.5956977 0.14689569 0.033105005 0.27176246 0.77959067 0.87052333 0.025179742 0.90412736 0.09015707 0.035621848 0.08941845 0.012596608 0.003537676 0.15229243 0.006294635 0.04170336 0.004706957 8.762721e-13 0.00061882637 0.00515188 0.0056197233 0.0023072693 0.9709412 0.0054745856 0.594104 0.0029345264 0.043047983 0.00034803044 0.005121181 0.00409008 0.0144820865 0.01987512 0.0008189932 0.31241286 0.0012389341 0.00015679857 0.0013060324 6.261457e-05 0.00033144245 0.00018573929 0.0009376122 0.0009866995 0.035375986 0.00010613853 0.002835056 0.0034788912 0.0656558 0.0002855627 1.07313535e-05 1.8261422e-05 0.14708127 9.226067e-05 0.00022963538 0.00024441807 0.00024251669 2.0983696e-05 0.00014213365 2.1346323e-05 0.0045487625 6.4398446e-05 0.046121076 7.1006934e-06 0.008478234 0.0004603991 0.0020035296 1.0336972e-06 5.3214007e-06 8.4796955e-07 2.3938424e-06 0.03471714 3.852386e-06 9.5880015e-09 4.887809e-06 0.27908158 0.02488478 4.884279e-05 0.0002163059 0.00065264077 3.435133e-07 0.06522962 1.5670886e-06 0.00017209773 0.003872705 8.9820736e-05 0.0013297357 0.00025593894 6.1370764e-07 3.5610825e-07 0.01618989 0.00020829783 4.3344056e-07 0.00022689837 0.11795919 0.00012839407 6.697122e-08 4.6528558e-06 7.0992275e-05 0.010737312
0.04573494 0.0012613984 0.00042939215 0.06597672 0.9586392 0.007162716 0.075906806 0.0023760507 0.000285269 4.7345725e-06 0.0017327276 1.3784147e-06 0.3041244 0.1035834 0.76023227 2.5231577e-06 1.3664878e-05 0.9874859 5.0252493e-06 3.0565767e-05 0.00061882637 3.230813e-14 0.32998726 8.1137805e-06 0.26423344 0.00023562644 4.5201095e-06 0.014161215 0.65945876 0.17312372 0.7638113 0.17787904 8.303144e-06 2.6075597e-06 1.6207832e-05 9.4136485e-06 0.012074979 1.160978e-05 0.23497827 0.0005129449 0.058065847 4.7286183e-05 2.1316712e-06 1.7386972e-07 1.3614121e-07 7.515497e-05 1.6174186e-05 1.558698e-05 4.1070903e-06 0.18419845 0.00010140112 1.0803645e-05 0.40412498 3.9474624e-05 0.013199307 1.984096e-06 0.050804228 4.38328e-06 1.5596524e-05 1.2333333e-06 0.008464111 0.06375896 1.6997783e-05 0.0011739549 0.00034960324 0.0007512892 0.13770412 3.2505024e-05 2.1240696e-06 4.2863945e-08 3.167954e-05 1.1732441e-06 0.0015320753 3.9741488e-07 8.218851e-05 1.3941131e-07 0.019960318 0.003891917 1.1177928e-05 0.0029555983 0.007426388 4.201765e-08 0.00012319908 5.9654144e-07 5.730016e-05 5.977896e-06 0.00042111086 1.6209616e-06 0.002316062 9.33946e-09 3.3301345e-07 1.3126773e-06 4.4829514e-05 1.4543917e-06 9.5171856e-08 0.00087895565 6.830967e-05 9.578818e-07 4.8849684e-05 0.00033433808 2.9977757e-06
0.9088941 4.412541e-05 1.0462667e-05 0.024626816 0.020181049 7.620422e-05 0.04175158 0.0074819643 0.0013914726 1.7234523e-06 0.005600156 7.381716e-06 0.47225136 0.41343623 0.7677099 6.9444326e-08 5.758757e-06 0.2724883 6.291928e-06 7.747803e-07 0.00515188 0.32998726 7.254294e-16 8.929781e-08 0.989766 0.004013226 1.1493304e-07 0.055958237 0.8068824 0.67107666 0.410471 0.84424615 1.3726112e-06 9.359379e-07 6.138192e-06 1.11405214e-07 0.14799584 1.5599902e-07 0.344394 7.3856518e-06 0.055533238 5.199238e-07 4.5394838e-08 1.7308594e-08 4.8395883e-08 0.000308377 4.921552e-08 2.5725707e-05 7.2946125e-07 0.44644985 3.3395213e-06 1.6480858e-08 0.0075744353 0.00037785212 0.030188695 6.488783e-08 0.18064451 1.04492e-06 8.3079115e-08 3.0441097e-08 0.07798102 0.40619266 9.344828e-08 0.03722318 0.012252407 0.022384949 0.4508781 0.0035426237 5.749072e-08 2.9384715e-09 0.00043870776 9.797475e-09 0.06727761 6.6574715e-09 2.2464865e-05 3.552372e-09 0.12013872 0.25085944 4.1822716e-08 0.054058068 0.111544065 3.3377368e-09 0.0018043963 4.670861e-08 0.003862063 1.09604625e-05 0.009381703 3.8940052e-05 0.03340906 4.713155e-08 3.6174185e-08 0.00016317288 0.00052231114 1.1332692e-08 2.399496e-07 0.0077263354 0.005833137 2.1814472e-09 0.0017546521 0.004539223 4.7421934e-05
0.3354139 0.09055369 0.06660324 0.0024191223 0.00062313327 0.07290073 4.303467e-06 0.008096883 0.11353838 0.8359295 0.00016354538 0.89392567 1.754809e-07 6.036511e-07 1.1454394e-07 0.948529 0.32303682 2.306268e-07 0.29490516 0.8508393 0.0056197233 8.1137805e-06 8.929781e-08 2.899683e-16 1.3180172e-08 3.4726905e-05 0.93885607 0.0031981966 6.354873e-08 5.7624766e-06 1.3071113e-09 4.785359e-08 0.44980863 0.01013023 0.008310952 0.56342906 3.8353424e-05 0.8173876 1.1734487e-10 0.8816307 1.7503689e-10 0.03155281 0.018354256 0.0015276364 0.7862921 0.52136654 0.43112957 0.00038219476 0.038813945 6.232818e-05 0.0915482 0.1468411 4.883876e-08 0.00044596117 2.5427747e-08 0.0017508684 9.027096e-09 0.002042996 0.00029438702 0.15018427 2.4452157e-10 1.02275e-06 0.00031338324 1.14946415e-05 2.7664946e-09 1.3247915e-05 5.3897217e-08 8.164457e-08 1.9728024e-05 2.4913754e-06 9.285795e-10 6.6139114e-06 1.352861e-05 3.4728544e-06 1.2960558e-10 4.470263e-07 0.0003025333 5.458337e-06 0.032964338 1.6146383e-07 9.73487e-07 4.516651e-07 0.00065457437 0.0001243151 1.541025e-07 1.8613251e-05 1.4433544e-06 2.932554e-05 1.4857491e-07 7.216455e-08 1.7578843e-07 6.562877e-05 4.4322213e-08 1.2209109e-06 3.4738758e-07 0.0020376265 8.803351e-08 1.5180243e-06 1.7601373e-07 7.830176e-08 8.427528e-05
0.92530185 8.001574e-06 9.691337e-06 0.013400116 0.015110194 0.00013160192 0.040784482 0.0031203153 0.00022451278 1.5712832e-06 0.007033242 3.712967e-06 0.34301165 0.36296815 0.68842137 1.6649768e-08 8.43439e-06 0.16670679 5.0164867e-06 2.7529136e-06 0.0023072693 0.26423344 0.989766 1.3180172e-08 2.0670202e-16 0.00190812 1.8277466e-07 0.03825443 0.8608307 0.6373095 0.54022104 0.87452614 3.6621142e-07 5.41655e-07 1.4013852e-06 2.5501816e-08 0.10977181 1.3747658e-07 0.5340808 1.5638863e-06 0.084923245 1.1774952e-07 3.7815595e-09 1.2695397e-09 7.40932e-08 0.0001808067 1.0487931e-07 1.3760262e-05 1.6660164e-07 0.32018194 2.5166116e-06 3.119705e-09 0.01938223 0.0004374619 0.09523438 1.0436203e-08 0.20190534 9.663313e-07 1.1832423e-08 5.185816e-08 0.14105962 0.40400603 7.559229e-09 0.026558375 0.023888387 0.01850526 0.32847437 0.0041649025 4.6191037e-08 4.9188187e-09 0.0009583131 5.8447402e-09 0.06838 1.4068989e-09 0.00015166946 7.346873e-10 0.09189914 0.30391905 1.5221043e-07 0.06345568 0.1285374 1.3310599e-09 0.0021382398 1.3122973e-07 0.008006338 1.9722786e-06 0.011411828 4.0761815e-06 0.033039603 2.4991624e-09 4.9202917e-09 0.00013851143 0.0006532246 1.276061e-08 2.899746e-07 0.005837286 0.0037080008 9.01158e-09 0.0038717377 0.0048260344 5.845332e-05
0.96206963 0.07400796 0.006086206 0.14295843 0.0050490573 0.001375928 0.1779992 0.41912803 0.48170748 0.0024978193 0.84863317 0.01445709 0.023028547 0.020990739 0.0041370257 0.00029794153 0.114287175 0.0010567761 0.05495285 7.419563e-05 0.9709412 0.00023562644 0.004013226 3.4726905e-05 0.00190812 4.4927058e-18 0.0001430622 0.9511905 0.000846978 0.10743636 0.00012672662 0.0010892467 0.0015801216 0.057574693 0.033664677 0.00032335977 0.7878498 9.951441e-07 2.8034683e-05 2.5967338e-05 3.2960397e-05 0.0003067611 3.246958e-05 0.0021655625 1.5646738e-06 0.042913344 2.895572e-06 0.010053068 0.004056596 0.14223805 2.3062923e-05 1.3791399e-07 7.1048053e-06 0.70498127 9.1084294e-05 0.00033440854 0.0011985884 8.5276246e-05 5.6036413e-05 6.87274e-07 8.000617e-05 0.009411392 0.0001569356 0.48948145 1.10846595e-05 0.118842185 0.0011609538 0.012553879 6.130007e-08 2.2468036e-07 4.1126418e-07 1.5561455e-06 0.11537255 2.370978e-07 4.431038e-08 9.288395e-07 0.46103728 0.028627569 4.5256579e-07 0.0037492756 0.0016467797 9.758012e-09 0.37513185 4.0827643e-08 0.0030145315 0.01089523 0.00077163836 0.002648949 0.00024325095 8.7546715e-07 9.075094e-08 0.06905567 0.00097160786 1.051619e-08 0.00049806986 0.50892067 0.00015032908 1.9155395e-08 3.0347606e-05 0.0002623221 0.050190896
0.030899221 0.06180204 0.032329872 0.001884227 0.0013628678 0.054558393 2.2178507e-05 0.0045899623 0.12563437 0.46377254 8.6750595e-05 0.5403271 1.8966927e-06 3.8452305e-05 9.656621e-06 0.43155092 0.03321985 2.1749072e-06 0.014047635 0.98329866 0.0054745856 4.5201095e-06 1.1493304e-07 0.93885607 1.8277466e-07 0.0001430622 6.813749e-13 0.0008066143 2.6929586e-08 1.3594323e-05 3.3612402e-09 1.261239e-06 0.0047424356 0.00020774991 0.0005217898 0.008216747 3.8731094e-05 0.96884334 2.67191e-08 0.13537088 9.991723e-09 0.0004427089 0.00011456421 9.033289e-07 0.06786108 0.07562995 0.061280586 1.6585513e-05 0.0004107764 8.4074025e-05 0.0075141927 0.001214401 9.376876e-08 9.655953e-05 1.0808622e-07 2.906349e-05 5.9418403e-07 0.00013154783 1.8825493e-05 0.019707328 1.7662773e-08 5.860707e-06 4.1156793e-05 9.435913e-06 1.1024368e-07 8.540117e-07 1.781304e-06 7.882684e-08 1.1266839e-06 6.883127e-08 1.4678437e-08 4.4023877e-06 5.60737e-06 1.1450554e-06 1.0137243e-09 3.0672886e-08 0.0003938455 4.26806e-06 0.00218712 4.5596136e-07 1.0725997e-06 1.644884e-06 0.00015310528 3.985879e-06 1.1899047e-07 4.6443367e-07 1.0357868e-05 2.4104972e-06 1.47146e-06 1.7483287e-06 7.761766e-07 8.125042e-07 2.4376035e-07 9.497552e-07 1.7015378e-07 0.0006569029 7.8880043e-07 1.9439208e-06 3.901517e-07 8.551486e-07 1.7039081e-06
0.9871383 0.30287018 0.03700768 0.8098818 0.5308365 0.06253164 0.49487504 0.60640556 0.60645527 0.0030848596 0.7466433 0.014619557 0.23471847 0.5644288 0.31666127 0.0008644008 0.030852888 0.08192028 0.015150834 0.0027422362 0.594104 0.014161215 0.055958237 0.0031981966 0.03825443 0.9511905 0.0008066143 3.2699025e-13 0.033868857 0.47417548 0.006237016 0.07169466 0.00032370162 0.0022959893 0.001330238 8.0459446e-05 0.88410634 0.0002345711 0.0026250945 0.00071481935 0.0005342605 8.254808e-06 1.0645821e-05 1.3474184e-05 2.5655512e-05 0.0059800516 5.4686883e-05 0.00075864606 0.0006430268 0.27922162 2.1741344e-05 4.282309e-06 0.00076342636 0.06538574 0.0005410587 7.0234714e-06 0.0025109036 3.6538433e-05 5.5849307e-07 5.234473e-05 0.0015447256 0.016312148 1.5442504e-06 0.3206685 0.00038482275 0.050594218 0.002108673 0.020371204 1.3247289e-06 1.2601462e-06 1.4943664e-05 1.5458454e-07 0.11865408 4.1273088e-07 5.7335575e-07 7.019671e-07 0.57447743 0.06461348 4.452173e-05 0.0018935925 0.0011215939 1.4899307e-07 0.05665689 2.6880373e-06 0.0014137195 0.00019053824 0.0007708962 7.987847e-05 0.0011917969 5.5140536e-08 1.6140996e-07 0.008484235 0.0018026796 1.9498371e-07 2.9363515e-05 0.14096121 0.0008010764 1.13131314e-07 0.00029281288 0.00027200888 0.0031675254
0.7802444 4.873034e-05 3.748292e-06 0.009600832 0.013956578 0.000196021 0.0060970755 0.001660918 0.0005383298 5.0940247e-07 0.0013718217 4.7930433e-07 0.15156433 0.18427375 0.6288349 1.1396376e-08 4.482355e-06 0.4324005 1.2063842e-06 4.832935e-07 0.0029345264 0.65945876 0.8068824 6.354873e-08 0.8608307 0.000846978 2.6929586e-08 0.033868857 1.682496e-16 0.41398716 0.98257005 0.8373126 2.865039e-07 4.8961897e-07 2.1907322e-06 1.622294e-07 0.07224164 1.96586e-08 0.5802742 1.2183526e-05 0.20621742 8.499419e-07 2.550853e-08 5.3178915e-09 2.572747e-09 5.9545702e-05 1.233413e-08 1.4194123e-05 1.8226379e-07 0.34555867 9.791251e-06 3.4690174e-08 0.19053139 0.00014225584 0.13585332 1.6133352e-08 0.3345213 1.6226159e-07 1.5497379e-07 1.9262552e-09 0.15510592 0.5893986 7.342173e-08 0.02116426 0.024552101 0.0071140127 0.6644125 0.0009299545 1.6075697e-08 1.7676987e-09 0.000635876 4.072286e-09 0.03754098 1.1308244e-09 0.00023171779 1.6459833e-09 0.059531365 0.17646651 1.2406827e-08 0.14704278 0.1782506 7.5270545e-10 0.0017737218 8.871919e-09 0.0038818775 7.280578e-06 0.020907838 1.2804222e-05 0.04628879 3.2695052e-08 4.7605333e-08 8.9909605e-05 0.00042682246 4.8313495e-09 2.211891e-08 0.004729126 0.004869327 4.6563925e-10 0.00449463 0.014758541 8.0333855e-05
0.9508626 0.016128626 0.0013687299 0.23716994 0.15512839 0.0044368426 0.36823168 0.047035918 0.00930845 0.0004454473 0.27068374 0.0002980177 0.5996509 0.9368701 0.6746215 4.8343554e-05 0.0011716426 0.35271466 0.00041431826 7.8775476e-05 0.043047983 0.17312372 0.67107666 5.7624766e-06 0.6373095 0.10743636 1.3594323e-05 0.47417548 0.41398716 3.9336416e-12 0.15635614 0.82038945 7.950895e-05 0.00037934416 0.00041860252 2.236041e-05 0.88952935 7.650323e-06 0.098289356 3.5797493e-05 0.039094932 5.3864233e-06 1.9700321e-06 3.2299572e-06 3.421617e-07 0.00028296481 7.0838956e-07 0.00055856083 7.654986e-06 0.91831106 4.2633303e-07 2.428585e-06 0.0068025584 0.0071352096 0.016540047 7.5544e-07 0.041826945 9.319925e-06 1.05737584e-07 2.6357593e-06 0.026326025 0.1518269 2.8701615e-07 0.11576509 0.016646635 0.10669255 0.026366804 0.027755333 5.817176e-07 6.567663e-08 0.00020995198 5.7877013e-08 0.13223517 5.768104e-07 7.735979e-06 3.3562387e-08 0.26226157 0.13649005 2.8824627e-06 0.045783393 0.012412154 1.2017468e-07 0.013426339 1.1126214e-06 0.031484675 2.7981532e-05 0.0057006185 9.216196e-06 0.0099554295 2.6054838e-08 1.0748816e-07 0.0010850057 0.012919424 1.764793e-07 1.0302719e-05 0.024602452 0.01317812 2.1052497e-08 0.0010415136 0.0017328234 0.0008030931
0.48892108 2.759377e-06 1.4099064e-07 0.000967999 0.0031003247 1.4031713e-05 0.0008579145 0.00014849879 1.6798374e-05 2.7681118e-08 0.0003587476 9.434391e-08 0.041189224 0.040553406 0.35144466 2.593464e-09 1.3665947e-07 0.17751724 6.230437e-08 4.890821e-08 0.00034803044 0.7638113 0.410471 1.3071113e-09 0.54022104 0.00012672662 3.3612402e-09 0.006237016 0.98257005 0.15635614 9.679364e-16 0.7050778 9.844774e-09 8.531878e-09 9.214613e-08 1.1853228e-08 0.013444541 1.9724627e-08 0.94112104 2.695529e-07 0.60075784 3.0844316e-08 1.4022962e-09 1.07675556e-10 2.9974399e-09 1.0811776e-05 4.6505484e-08 2.2625757e-07 3.3144243e-08 0.10321164 9.270041e-07 4.2565493e-09 0.6616592 1.1773526e-05 0.3075039 4.0724957e-09 0.47413954 9.546384e-08 1.3403417e-08 1.009622e-09 0.19684401 0.4858318 1.4360609e-08 0.003945929 0.032061335 0.0033631984 0.610583 0.00043640847 1.1768136e-09 1.3301259e-09 0.00067872746 4.767343e-10 0.014896952 1.1206527e-10 0.00018895956 5.906532e-10 0.00925127 0.05993327 4.5663846e-09 0.10244003 0.09841198 5.408023e-11 0.00021164306 9.679786e-09 0.00093518675 3.2888272e-07 0.010491229 2.2313841e-07 0.039648533 6.5329736e-10 4.0024103e-10 5.604037e-07 8.0871476e-05 2.9064704e-09 5.9478666e-09 0.0014480574 0.0030143575 1.2841983e-09 0.0022909641 0.004972998 5.1159765e-07
