5.306855e-21 0.81836945 0.1901826 0.8606508 0.028129164 0.9528214 0.54185987 0.9815582 0.09025088 0.029757516 0.57422537 0.767089 0.8683165 0.00043384236 2.585656e-05 0.16555387 0.0008096238 0.40580693 0.19142072 0.9599865 0.9742927 0.9337601 0.85522664 0.97120637 0.9968183 0.89010334 0.020124312 0.5780038 0.93328065 0.01365742 0.9507018 0.031248584 0.95903784 0.98552364 0.97048336 0.9572696 0.987544 0.97704476 0.9370437 0.90143114 0.990991 0.96206594 0.0107132355 0.44011906 0.9656507 0.82178754 0.9731776 0.80800354 0.94864756 0.97119904 0.977188 0.04955562 0.74797887 0.92703956 0.9583392 0.99161935 0.91878575 0.9791425 0.90443414 0.011712627 0.96977496 0.84027475 0.990268 0.49363682 0.9690963 0.984977 0.99066746 0.98405397 0.92499787 0.9109738 0.9732296 0.7862324 0.99212897 0.876203 0.9994497 0.1454667 0.40549818 0.9960698 0.9638719 0.99865556 0.6065359 0.85900295 0.5269253 0.94240564 0.95165414 0.9996154 0.5878788 0.99994254 0.7890601 0.98445606 0.9588821 0.8336004 0.0035980793 0.021159206 0.8690945 0.9999486 0.86566645 0.0015538343 0.096046545 0.999026 0.9974327
0.81836945 3.8241193e-14 0.9816102 0.70302534 0.648188 0.8996045 0.12700988 0.85143 0.35644308 0.31589064 0.6399907 0.078571595 0.042982023 0.021407042 0.036700998 0.00067305454 0.1155046 0.2859558 0.00010546592 0.001984997 0.87278444 0.011721952 0.0079470705 0.24284017 0.5965898 0.008382372 3.407447e-06 0.00012663192 0.0061884294 0.005972309 3.7916354e-05 1.7797282e-06 0.010158634 0.00666963 0.002008066 8.595667e-06 0.04101469 4.5461627e-05 0.00025768517 0.00022549898 0.00044650055 0.008372454 6.863028e-05 1.4442212e-05 0.0014843097 4.7299578e-05 4.8989014e-06 3.9578267e-06 6.6980516e-05 0.0019379765 0.00010255063 1.686647e-05 2.0230107e-06 0.0008942587 1.2790919e-05 0.015452759 2.2365015e-05 5.2883064e-05 1.0778103e-05 5.07437e-08 0.0018655654 4.786379e-07 5.284057e-05 1.885131e-05 0.00053377793 5.567143e-05 0.0035892457 0.0013147207 6.0758166e-06 8.548127e-07 1.7720553e-05 1.0031427e-07 0.0013008056 5.518362e-06 0.00024924095 8.388058e-06 8.0524416e-08 0.000499586 4.8567326e-06 0.008259001 1.7921666e-08 9.080466e-07 1.8131245e-06 1.3754023e-06 5.195841e-06 0.0016054397 1.5309045e-07 0.0013661153 2.4215763e-07 1.08738395e-05 0.00011325347 4.0488057e-06 1.7092675e-06 1.4981498e-06 3.182621e-08 9.695234e-05 2.1562199e-05 4.831488e-09 1.218022e-06 0.00038091702 1.9531872e-05
0.1901826 0.9816102 3.0832338e-14 0.51695764 0.9737572 0.26728794 0.083992854 0.3554477 0.48250842 0.8296728 0.71383756 0.014261853 0.0076817316 0.03482534 0.08862515 0.00037287507 0.48237592 0.26530018 4.1387837e-05 0.00031810586 0.27770886 0.0068722824 0.0048894924 0.041369103 0.04480448 0.0011865884 3.4622783e-06 9.541569e-06 0.0010195792 0.019047244 2.4313162e-05 1.2355405e-06 0.005231798 0.0045240857 0.00048026067 1.8493172e-06 0.0040296195 6.178225e-05 8.177102e-05 0.00022323133 3.3455737e-05 0.0011771204 0.00026112655 2.6329105e-06 0.00051002303 4.7133064e-05 4.5388783e-06 1.8287362e-06 0.0004161345 0.00022436272 6.546449e-05 0.00017482687 1.8719838e-06 4.3142518e-05 3.801866e-06 0.0013533018 1.9635947e-06 1.2510643e-05 2.3364733e-05 1.3701622e-09 0.00013417717 1.1814726e-07 7.75409e-06 5.974835e-06 4.3344015e-05 1.2095978e-05 0.0002534495 0.00026433845 1.07882115e-05 4.2673247e-07 7.4344835e-06 5.004655e-08 0.00049456256 1.779813e-06 3.6580794e-05 1.7039023e-05 2.1830787e-07 4.2255688e-05 3.5862277e-07 0.0005620568 1.9153157e-09 1.5110702e-07 9.770584e-07 7.7986266e-07 6.907158e-07 7.873364e-05 6.261806e-08 0.00022985558 7.5486284e-08 2.4306105e-06 1.9177953e-06 1.8007656e-06 2.136562e-06 2.5078139e-06 1.4824295e-08 1.9353998e-05 7.582553e-08 1.2565788e-09 4.3403452e-07 3.2815667e-06 1.718127e-06
0.8606508 0.70302534 0.51695764 8.1416426e-16 0.6296639 0.23994187 0.99195343 0.34379306 0.8713298 0.10727002 0.025644355 0.59584266 0.5919768 0.45748475 0.16209866 0.12411986 0.17153327 0.004278227 0.22606044 0.19437069 0.75938106 0.0023378052 0.00039588366 0.23083039 0.6062249 0.021417476 0.015539908 0.0058162278 0.013447355 0.0014022643 0.005746938 0.000689053 0.0011751008 0.0029459372 0.024894858 0.0009880009 0.15950185 0.0043835817 0.008480012 4.751351e-05 0.0025628163 0.004131655 0.000281206 0.00039780472 0.022675132 6.9966504e-06 5.937875e-07 0.00059551187 0.00013321797 0.00069010915 1.0911237e-05 2.889535e-05 1.9387999e-06 0.00056100846 0.00025042842 0.005177021 5.1450847e-05 0.00047354648 5.0513565e-05 0.0010291921 0.0014865692 3.580715e-07 0.0011895428 0.0006036344 0.00022817407 0.0008504263 0.0024297752 0.00089945074 3.4887365e-05 3.7814265e-05 0.0006538061 1.6200167e-07 0.0004800329 2.1968345e-08 5.796239e-05 6.182153e-06 9.647687e-07 0.005086976 2.4840874e-06 0.006185762 4.8633602e-08 2.8069182e-06 1.0721962e-05 7.2774055e-06 5.3312347e-06 0.0020602117 3.937217e-07 0.0021418685 5.078036e-06 0.00028155025 0.00052635215 2.7404215e-06 1.0329267e-06 6.27778e-07 1.3163378e-06 2.5660574e-05 6.474128e-06 4.2155742e-07 3.247896e-05 0.0020521572 4.851613e-06
0.028129164 0.648188 0.9737572 0.6296639 2.5946845e-14 0.057522073 0.3107937 0.061260536 0.9013756 0.9333549 0.5347611 0.014252913 0.0050139 0.13014528 0.21909685 0.0011908442 0.88729995 0.1252249 0.0011135822 0.0015514586 0.09577963 0.0006096826 0.00044916026 0.0059734024 0.04114704 0.0002160461 4.1641375e-05 2.4865249e-05 0.000284454 0.02421694 0.00014554797 2.7274789e-06 0.00018576445 0.00046474897 0.00021109938 3.5574336e-05 0.0007337008 0.0001803106 3.306035e-05 3.314963e-05 7.124122e-06 5.487496e-05 8.3338884e-05 3.6487295e-06 0.00019639284 6.786277e-06 1.6914431e-06 4.6517994e-06 7.768639e-05 1.8271265e-05 2.3150009e-05 2.1805008e-05 6.2032865e-07 2.2603726e-06 2.7862302e-06 7.821121e-05 2.2101967e-05 2.2870858e-05 1.8130103e-06 8.2734076e-08 1.4401679e-05 1.930416e-08 3.618585e-06 7.414226e-06 1.5789601e-05 1.0550732e-05 7.4987365e-05 3.3797136e-05 2.2306278e-06 6.6626234e-07 1.05501085e-05 5.2712394e-08 1.205166e-05 2.4672758e-07 1.1025126e-05 8.019244e-06 6.789736e-07 2.2293825e-05 6.405778e-08 0.00018294794 1.3242228e-09 5.7027904e-07 4.5116957e-07 2.5303999e-07 9.1666834e-07 2.26712e-05 3.7466762e-08 7.914408e-05 6.014367e-08 4.637461e-06 3.6623274e-07 4.0958466e-07 2.0520237e-07 1.0265512e-06 1.1205989e-07 2.5920785e-06 4.1755364e-08 2.2139286e-09 3.4735777e-07 1.926317e-06 3.1569067e-07
0.9528214 0.8996045 0.26728794 0.23994187 0.057522073 7.945071e-15 0.033167284 0.97565585 0.028637864 0.05668508 0.22107372 0.29977432 0.10266789 0.00031150007 0.000801588 0.012155023 0.0014844555 0.09678913 0.0025965793 0.015637046 0.7663802 0.01647789 0.0057107094 0.6051106 0.12065038 0.23053044 0.00011561987 0.04698594 0.15679376 0.003470391 0.0051282234 0.0005274162 0.56024855 0.036750738 0.02850945 0.0035312953 0.09459793 0.0047094696 0.011512767 0.0006604155 0.068853065 0.37565616 0.0002801583 0.0004903543 0.0054358346 0.00015398358 0.00020597402 0.0009161379 0.0005509954 0.031247435 0.0010076888 7.1465336e-05 0.0017029067 0.069249906 0.0028989138 0.12815727 0.00044753373 0.001088812 0.00033120957 1.1416038e-05 0.017103864 0.00021052099 0.0008803411 0.00074280374 0.0032025273 0.00079909706 0.10512264 0.014578574 0.00032220018 0.00021883496 0.00036666138 4.5303088e-05 0.01218387 0.00010912294 0.00023732574 0.00014512164 3.0670213e-05 0.014175665 0.00010558085 0.17324737 1.4737162e-05 8.2805636e-05 5.312327e-05 0.00030418352 0.00027496682 0.007411653 6.8382183e-06 0.011657443 0.00015968586 0.0012131323 0.00815133 2.8017269e-06 1.42071785e-05 3.658875e-05 4.6982295e-06 9.1880036e-05 0.005253968 2.774047e-08 3.515573e-05 0.018918164 4.175953e-05
0.54185987 0.12700988 0.083992854 0.99195343 0.3107937 0.033167284 8.020906e-13 0.016009638 0.8852584 0.021995548 0.0013844784 0.28835022 0.2916302 0.85270107 0.46468645 0.37793383 0.19081561 0.0005998675 0.54342395 0.64041716 0.17386878 0.00013269988 2.6966143e-05 0.020063007 0.016392563 0.0045594103 0.15226007 0.021018751 0.0010827478 0.00024640554 0.0074193585 0.016861359 3.3262545e-06 0.0003433321 0.0066713593 0.003182764 0.017027037 0.004922496 0.0017550312 2.1503303e-05 0.000113812916 3.0305757e-05 7.290983e-05 0.0023946238 0.003676888 1.9597809e-07 1.2385796e-06 0.001099508 1.2009614e-06 1.1494904e-07 4.9918253e-07 1.8809565e-06 2.477147e-09 4.2544474e-07 3.4135213e-05 1.1519069e-05 0.0014016359 0.0023188116 9.375766e-08 0.040742137 1.11082e-06 1.1265446e-09 0.0005562969 0.0013150827 1.4377281e-05 0.00018064641 0.00011046023 2.951491e-06 3.811635e-08 1.4171034e-05 0.000119771554 1.4401472e-09 9.343193e-07 9.553593e-09 3.3679054e-05 6.0003964e-07 3.3963644e-08 0.001746978 7.399861e-07 0.0009365054 2.7110952e-11 1.68411e-06 2.0482414e-08 1.8195273e-07 1.37850655e-08 0.0035062847 2.754823e-06 1.9710385e-05 1.6724883e-06 5.2250565e-05 2.7788226e-05 4.096204e-08 1.0180162e-09 1.0275556e-09 5.1304123e-06 1.5612806e-05 1.8044478e-06 5.1803716e-05 0.0009326621 6.7292516e-05 2.0832865e-06
0.9815582 0.85143 0.3554477 0.34379306 0.061260536 0.97565585 0.016009638 3.9908232e-14 0.026439555 0.13673805 0.51482606 0.1129149 0.0631683 5.7127745e-05 0.0002161434 0.0034423256 0.0039705085 0.2632424 0.00063319854 0.0016691185 0.38658804 0.18693042 0.035100766 0.11917098 0.024878558 0.017615642 4.309346e-05 0.0041655316 0.017674243 0.016249474 0.00024806664 4.3996824e-05 0.56772655 0.1820926 0.0009778705 4.2789885e-05 0.039911747 4.5264653e-05 0.0010315549 0.007877755 0.0036390864 0.2089887 0.0067991978 0.00048257256 0.0003585641 0.0013797518 0.0014908739 0.00048282553 0.0031349205 0.13188408 0.0049506985 0.0012747847 0.007930573 0.07368599 0.00019103661 0.26972625 6.5655375e-05 9.571773e-06 0.0005446296 1.2976149e-07 0.05240576 0.00031948858 8.5882275e-06 0.0014326223 0.004111925 6.392398e-05 0.061573114 0.049081147 0.0015638833 1.4971509e-05 2.111736e-05 0.00010489887 0.0156713 0.00020043063 0.00057711167 0.0017751533 0.0004285071 0.000822623 0.00023845848 0.06099041 9.963103e-05 1.332953e-05 0.0049962695 0.00021793025 0.0016746726 0.006287559 3.7416385e-06 0.053216107 1.7052127e-05 1.858409e-05 0.00015999135 0.00022994174 0.0015801103 0.002217681 1.3501634e-07 0.00042425905 0.0005845079 3.0265447e-08 2.909097e-07 0.0055609327 0.00027667158
0.09025088 0.35644308 0.48250842 0.8713298 0.9013756 0.028637864 0.8852584 0.026439555 9.8644325e-17 0.14551485 0.020039449 0.10176798 0.07782215 0.9665102 0.88315 0.023656067 0.74731666 0.0096669365 0.086618416 0.06349952 0.10019565 0.0003328641 0.00017499419 0.01908155 0.012233265 0.0011996714 0.019218056 0.0012673957 0.00076560566 0.005529069 0.0004564043 0.00027104665 0.00020326898 0.00089255715 0.002560527 0.00012274698 0.0049584974 0.0003533901 0.00057716755 3.1824835e-05 2.957263e-05 0.00014948203 0.0001179078 6.1474035e-05 0.0013403937 7.0179613e-06 3.1915494e-07 6.5757886e-05 5.54673e-05 6.2856247e-06 4.405647e-06 2.9257046e-05 2.109596e-07 2.7228268e-06 6.2378394e-06 8.314483e-06 1.5503161e-05 6.798193e-05 2.2114946e-06 0.0006983835 1.0070848e-06 4.6635883e-08 2.2424729e-05 8.7110144e-05 2.603003e-06 1.0236756e-05 0.00039685817 3.1713503e-06 2.1063001e-06 1.7367161e-06 1.2636053e-05 1.7121828e-08 1.8174577e-06 4.2164565e-08 1.1007844e-05 2.5519337e-06 9.9008e-08 8.611277e-05 1.4561495e-07 0.000349977 6.2985883e-09 6.658274e-08 1.7398276e-06 4.701167e-07 4.9062675e-07 0.00019774279 1.6973661e-07 0.00022738708 4.2482606e-07 2.0043944e-06 2.456805e-06 2.3120067e-07 1.58197e-07 2.562502e-07 2.6737365e-07 8.077539e-06 3.2397878e-07 4.063637e-08 4.8887973e-06 1.6052221e-05 2.7625154e-06
0.029757516 0.31589064 0.8296728 0.10727002 0.9333549 0.05668508 0.021995548 0.13673805 0.14551485 2.3434933e-15 0.9141492 0.0016757136 0.0007530689 0.00042282816 0.018317442 4.9305603e-05 0.97372305 0.46281582 7.159488e-07 1.1569735e-05 0.053892024 0.012094358 0.01903022 0.0042322236 0.002245386 2.9691459e-05 9.4807504e-08 1.6131162e-07 6.065248e-05 0.484416 5.71772e-06 2.735323e-09 0.0005007126 0.003056386 5.261848e-06 6.361664e-08 4.1657266e-05 1.2240436e-06 2.559605e-07 0.00039526535 1.5072786e-06 9.43356e-05 0.00028534848 3.8436718e-07 2.1302802e-05 3.2960274e-05 1.0554738e-05 7.8581735e-07 0.00018559252 0.000102410966 6.6170316e-05 3.1195537e-05 3.161649e-07 1.9635863e-05 8.664637e-08 8.320444e-05 2.1244757e-07 1.3692435e-06 3.6395718e-06 1.5852523e-10 6.1665364e-06 8.3204235e-08 2.435089e-07 2.7050368e-07 7.95752e-06 5.7768733e-07 7.484027e-05 9.698151e-06 1.7057533e-06 7.31948e-08 4.6521697e-07 5.009879e-08 6.99914e-06 6.9213155e-07 2.258667e-05 6.0248262e-06 3.5032764e-07 1.4489482e-06 8.1443474e-08 2.711564e-05 2.7258144e-08 1.4232583e-08 5.486875e-06 3.6130038e-07 9.151336e-07 1.0107204e-05 1.2984819e-08 0.00022176279 4.808688e-09 3.4087144e-08 4.0649862e-08 2.3983007e-06 5.1436937e-06 1.0875033e-05 6.1225924e-10 3.7407076e-06 2.216306e-10 1.7601445e-10 2.4063949e-08 4.348089e-07 2.4787294e-06
0.57422537 0.6399907 0.71383756 0.025644355 0.5347611 0.22107372 0.0013844784 0.51482606 0.020039449 0.9141492 1.10852286e-13 0.00040546374 5.0519542e-05 2.918857e-07 0.00013905753 1.9432211e-05 0.5040852 0.9899688 9.758204e-08 6.1657547e-06 0.057523098 0.33470955 0.4166669 0.004972078 0.00028908844 6.6320485e-05 9.1982727e-10 6.7246253e-09 7.8518664e-05 0.7561453 1.2241188e-07 2.1870672e-09 0.017984958 0.1043221 2.20435e-06 1.146315e-08 5.6703416e-06 5.9180852e-08 1.742988e-06 0.033148233 2.485535e-06 0.0029829452 0.047971096 2.729727e-08 4.2076717e-06 0.0016560236 0.00068571465 1.38474965e-08 0.0004981913 0.0044916198 0.0012598337 0.0023891956 9.771876e-06 0.00038228458 3.8356582e-08 0.004620655 2.9746465e-09 1.5158015e-07 2.7756154e-05 1.4292792e-11 0.000722039 7.9956123e-07 1.7395e-07 2.785999e-08 0.00041425842 3.9247368e-07 0.00049138983 0.0002191917 5.741856e-06 4.3669196e-08 4.1012012e-07 1.0598978e-07 0.000119075674 2.5748508e-05 0.000109287386 0.00020459361 6.0750626e-06 5.5363626e-06 1.2206437e-05 0.00024647044 8.947631e-08 3.1782699e-09 0.00072787586 9.066228e-06 1.3029974e-06 0.00010384351 2.4543997e-08 0.00044357232 6.4186776e-09 1.3681365e-08 7.3794313e-09 2.9113646e-05 0.0033704212 0.0012094843 1.7403716e-10 0.00010250839 3.0930252e-09 3.7640316e-12 7.2730093e-09 1.357439e-06 4.812951e-05
0.767089 0.078571595 0.014261853 0.59584266 0.014252913 0.29977432 0.28835022 0.1129149 0.10176798 0.0016757136 0.00040546374 1.7055529e-16 0.9944377 0.0240422 0.008077486 0.41758248 0.0030460327 0.0048554204 0.45864904 0.6139049 0.72333527 0.0018531344 0.00012534761 0.5234279 0.51084864 0.44646752 0.012698675 0.11660143 0.14680521 0.0006109453 0.022665054 0.008385695 0.007839128 0.0019339469 0.09926029 0.0083094295 0.22538033 0.014292741 0.10428137 5.849877e-05 0.015568553 0.026580706 1.24863745e-05 0.0027002534 0.030742383 7.2861135e-06 3.5465348e-06 0.0029792052 0.00014290634 0.0006103111 4.975215e-05 1.9751885e-06 1.7835443e-06 0.0014065409 0.015431127 0.011769374 0.0017038253 0.0009207653 4.8136417e-06 9.781694e-06 0.0010236966 2.783963e-07 0.0011986537 0.00069459935 0.00010064944 0.0030485084 0.011921823 0.0012362967 8.589923e-06 0.00026895478 0.0006493981 1.487639e-07 0.00062027574 1.4469239e-06 5.3238753e-05 1.412196e-06 5.0423584e-08 0.011681471 1.0582944e-06 0.046780277 4.9340314e-09 0.00019119479 2.2296306e-06 4.6997666e-06 5.43459e-06 0.012630223 4.0845e-05 0.004765842 0.00015693142 0.0012513418 0.0040680305 9.883616e-07 1.8584507e-06 5.306289e-06 2.7278445e-05 2.3162047e-05 0.0015692213 1.0154903e-07 9.143703e-05 0.010938437 7.139623e-06
0.8683165 0.042982023 0.0076817316 0.5919768 0.0050139 0.10266789 0.2916302 0.0631683 0.07782215 0.0007530689 5.0519542e-05 0.9944377 1.7157457e-16 0.002536945 0.0013163926 0.23214893 0.0011288975 0.002291447 0.17484872 0.64586323 0.8243728 0.00024020043 1.2234057e-05 0.7256017 0.707241 0.4241945 0.0030541935 0.057914402 0.11946873 6.3484375e-05 0.036971483 0.0031599703 0.0034174125 0.0008928189 0.33427164 0.01383825 0.42060897 0.03290452 0.12791617 6.115127e-05 0.07395263 0.023243876 1.4304631e-05 0.0027472922 0.07178893 5.604592e-07 2.8014026e-07 0.0036393348 2.5878293e-05 0.00051690533 1.0667615e-06 1.2110007e-06 3.1585707e-06 0.0021826827 0.024767036 0.022022186 0.0033699279 0.003944847 1.4827265e-06 5.7603535e-05 0.00037230406 9.1839425e-08 0.0040977322 0.0012166023 1.1629749e-05 0.004878761 0.030620914 0.00049648684 1.4981283e-06 0.001145143 0.0022298251 7.140534e-08 0.00025112776 1.3580289e-07 4.0839213e-06 2.2019306e-07 1.7624744e-08 0.058139335 9.8332515e-09 0.22237219 9.125182e-09 0.00019139986 1.7998047e-07 1.5216602e-07 9.069536e-07 0.014292734 5.856967e-05 0.0029527273 0.0003663723 0.005156948 0.018938264 2.9552524e-07 1.217139e-07 7.570877e-08 4.0700117e-05 7.830185e-06 0.0059564025 5.865183e-07 6.282895e-05 0.060160026 1.890193e-07
0.00043384236 0.021407042 0.03482534 0.45748475 0.13014528 0.00031150007 0.85270107 5.7127745e-05 0.9665102 0.00042282816 2.918857e-07 0.0240422 0.002536945 6.3594876e-17 0.98455316 0.022003928 0.2542586 5.4815143e-08 0.49877387 0.084774084 0.00028543719 5.3313816e-08 2.7729733e-08 0.00014556963 0.00010785285 5.3102276e-06 0.2866263 0.0011643395 3.7214514e-07 4.8077277e-06 0.00021763347 0.0010560683 3.3511995e-07 1.1241493e-05 3.809744e-05 1.6970815e-05 2.1185924e-05 0.00016250573 6.0130646e-06 1.2885247e-08 2.5536048e-07 9.645492e-08 2.0592714e-09 1.4817067e-05 5.2997926e-05 1.0583477e-08 1.6770746e-09 1.8454025e-06 2.7927942e-07 6.9351806e-08 2.1712026e-07 4.5156792e-10 3.0024634e-09 7.649181e-09 1.5703096e-08 3.5011634e-08 5.041611e-05 5.799752e-06 5.8803803e-08 0.0005071183 4.3960604e-08 5.001644e-10 5.790713e-07 1.9907951e-05 2.518088e-08 1.9209876e-06 5.7208865e-05 4.0753655e-08 4.2883897e-08 6.477123e-08 1.997473e-06 1.6684211e-10 8.332938e-08 2.2992732e-09 4.8887596e-08 2.4812755e-07 3.1599545e-09 3.1665663e-06 2.1956774e-09 1.3971411e-05 9.5655074e-11 1.576236e-08 1.0741848e-07 4.2110693e-09 3.058246e-08 1.6508364e-05 1.4738328e-07 1.4846295e-06 2.399163e-08 4.9681415e-07 9.95828e-08 3.1000358e-09 9.313306e-10 1.0681266e-08 6.3182375e-09 2.4013696e-08 2.4786786e-09 1.7633596e-07 4.5558304e-06 9.9393425e-08 1.6851203e-08
2.585656e-05 0.036700998 0.08862515 0.16209866 0.21909685 0.000801588 0.46468645 0.0002161434 0.88315 0.018317442 0.00013905753 0.008077486 0.0013163926 0.98455316 2.1809026e-16 0.002473366 0.93452734 1.1763874e-05 0.04226084 0.0066049737 0.00021163437 6.401518e-07 1.6623501e-07 6.8534784e-05 4.9016704e-05 2.0115215e-06 0.03335164 0.0003262084 1.3836909e-06 0.001502766 7.420788e-05 9.7891454e-05 7.418014e-07 1.1753489e-05 5.041344e-06 6.927493e-06 2.433078e-06 8.51232e-06 2.7229826e-06 1.3220539e-07 8.640294e-08 9.6079795e-08 2.121179e-06 2.2218139e-05 2.8434157e-05 9.749683e-08 1.16627845e-08 2.5338013e-06 2.612725e-06 9.499684e-08 4.3307034e-07 1.370963e-08 1.5167421e-08 1.0638243e-08 2.2903237e-08 1.2564093e-08 1.1354399e-05 1.1505088e-06 1.3378816e-07 0.0004417246 2.153588e-08 1.4776916e-09 2.7591912e-07 2.8044231e-05 8.989404e-08 6.121207e-07 2.2102959e-05 1.157479e-07 4.946151e-08 7.6368664e-08 5.439752e-07 1.3110238e-09 1.402584e-07 6.4306747e-09 1.6807893e-07 6.64689e-07 3.7782666e-08 5.438704e-07 8.196498e-10 9.3404715e-06 3.9783213e-10 4.4401748e-08 1.5750844e-07 1.8917177e-08 5.755468e-08 3.2408336e-06 1.883491e-08 3.1283794e-06 2.3681068e-08 8.846256e-08 3.2140438e-08 1.1758086e-09 3.1600873e-09 2.9278326e-08 2.4322635e-08 2.4431621e-08 1.9275112e-10 1.2487742e-07 7.192103e-07 1.1483503e-08 3.1139384e-09
0.16555387 0.00067305454 0.00037287507 0.12411986 0.0011908442 0.012155023 0.37793383 0.0034423256 0.023656067 4.9305603e-05 1.9432211e-05 0.41758248 0.23214893 0.022003928 0.002473366 2.3847162e-14 9.406258e-05 0.00021679988 0.991758 0.9636566 0.025703855 0.000104509345 2.560505e-06 0.046794202 0.008979282 0.040112253 0.38689154 0.4317954 0.006338154 1.65571e-05 0.056123126 0.07458596 0.00011781878 0.00039446025 0.05139672 0.035304915 0.030098736 0.027892625 0.024463993 9.027481e-06 0.0011082664 0.00057180173 3.792917e-06 0.013120379 0.01792272 3.3539686e-07 3.1989754e-07 0.008362069 2.2288468e-05 4.3717642e-05 1.0151161e-06 2.5274421e-06 7.8296985e-08 0.00014309153 0.0018843086 0.00010203389 0.0035461192 0.009216588 3.3603415e-06 0.015762588 3.9997154e-05 5.7452137e-08 0.0035016667 0.0065661385 1.1962223e-06 0.00075384846 0.0033116555 0.00011271095 9.750502e-06 0.0006840309 0.00072689675 3.087557e-08 7.988106e-05 7.3297167e-07 2.825839e-07 8.765603e-06 9.520132e-07 0.0034353386 9.364616e-08 0.0064571616 8.156345e-09 0.00022005758 5.6124713e-07 4.869614e-07 1.5672232e-06 0.006187996 0.00048162843 0.0011151322 0.00029805495 0.001065098 0.0005969151 4.3652813e-07 1.3219581e-07 3.9999208e-07 0.00013958727 4.753268e-07 0.00018434219 5.645841e-05 0.0011395905 0.0006875163 6.744034e-07
0.0008096238 0.1155046 0.48237592 0.17153327 0.88729995 0.0014844555 0.19081561 0.0039705085 0.74731666 0.97372305 0.5040852 0.0030460327 0.0011288975 0.2542586 0.93452734 9.406258e-05 1.7427898e-14 0.106935225 0.0001338232 9.014804e-05 0.0045530964 0.0010103167 0.0029919639 0.00039841523 0.00085286214 2.14049e-06 0.0006831228 2.5319632e-06 5.5795085e-06 0.85376924 2.3903807e-05 1.5696814e-07 4.2516103e-06 0.00021223951 4.6015475e-06 1.7627906e-06 2.4357236e-05 1.0541409e-05 9.866835e-07 0.0004913505 2.1120256e-07 9.0458843e-07 0.0011043799 7.150989e-06 7.2798946e-05 2.8649547e-05 1.7233011e-06 6.0324096e-06 7.760442e-05 1.5068431e-06 1.2778397e-05 1.2305634e-05 1.2995059e-07 3.4941405e-07 7.9002035e-08 3.1576536e-07 9.877662e-07 1.1789908e-05 2.7215806e-06 6.2396784e-06 2.3404873e-07 8.746292e-09 1.45691e-06 1.6640714e-05 2.3301013e-06 8.65689e-06 1.9861984e-05 2.824694e-07 1.7665612e-07 4.6628787e-07 4.6586406e-06 1.28008315e-08 4.428953e-07 3.4373943e-07 6.9170833e-06 3.324889e-05 1.5520533e-06 4.3341806e-06 3.6126956e-08 3.0805365e-06 2.6725557e-09 2.9906324e-09 4.2594393e-06 2.7988148e-07 8.904183e-08 2.2148051e-05 5.9229293e-08 5.2621735e-06 5.583703e-08 1.0757491e-07 1.0725893e-08 1.8043058e-07 3.7384478e-05 4.119885e-05 1.1328607e-08 2.489307e-06 2.4055527e-10 5.7996687e-08 3.0218192e-07 2.0941284e-08 4.6213887e-07
0.40580693 0.2859558 0.26530018 0.004278227 0.1252249 0.09678913 0.0005998675 0.2632424 0.0096669365 0.46281582 0.9899688 0.0048554204 0.002291447 5.4815143e-08 1.1763874e-05 0.00021679988 0.106935225 7.846063e-17 3.033056e-07 9.641524e-05 0.009901883 0.6005588 0.93797565 0.0055281143 0.00038739722 0.00075052585 1.6029014e-07 9.517658e-06 0.0010853965 0.85222745 4.340484e-06 2.9336698e-07 0.36392927 0.39348754 4.9560927e-05 2.2154504e-06 0.00010990792 2.9160037e-06 2.7320335e-05 0.07343959 3.9400416e-05 0.007806613 0.31183964 1.2000644e-05 0.00017698841 0.002326225 0.0030115072 5.968052e-06 0.0012672078 0.012797575 0.0055245995 0.100133404 0.013358591 0.0023920124 2.216317e-06 0.0027966297 7.1321057e-07 4.5357583e-06 0.00061733363 2.9982115e-09 0.0008545009 4.6788886e-05 1.0074392e-06 3.6464287e-05 0.0009072837 1.473223e-05 0.0020249698 0.000987182 0.00026077888 3.1985823e-07 2.3635043e-06 1.1103398e-05 0.00097117753 0.00015372357 0.00042852224 0.0047516963 0.000613049 1.1701226e-05 4.3145934e-05 0.0030647104 2.9322351e-05 9.895081e-08 0.0067848633 1.9571775e-05 1.3802885e-05 7.1628485e-05 1.15987135e-07 0.0016276647 2.836677e-07 8.429376e-07 1.3884893e-06 0.00067680026 0.012303523 0.008577035 3.273911e-08 0.00013315713 1.462818e-07 1.0465321e-09 1.4526286e-06 2.8489832e-05 0.000113775044
0.19142072 0.00010546592 4.1387837e-05 0.22606044 0.0011135822 0.0025965793 0.54342395 0.00063319854 0.086618416 7.159488e-07 9.758204e-08 0.45864904 0.17484872 0.49877387 0.04226084 0.991758 0.0001338232 3.033056e-07 4.372213e-15 0.91714054 0.0067530675 9.984275e-07 9.582632e-08 0.006319462 0.00068482256 0.0068291686 0.9130956 0.39751136 0.0013353559 2.6999276e-06 0.039599244 0.4348673 2.6015128e-05 4.3574575e-05 0.0058217775 0.016073309 0.01611481 0.011084313 0.0022566079 3.5536158e-07 0.00011288016 3.939657e-06 2.9390944e-07 0.038789786 0.0043047727 3.454722e-08 3.4050235e-08 0.008622902 7.394465e-07 5.3392073e-06 1.7122194e-07 1.4794268e-08 1.1618845e-08 1.4401767e-06 3.0084115e-05 4.313474e-07 0.0033022964 0.0025740676 7.24087e-07 0.20547207 1.4124681e-06 2.8387201e-09 0.000492171 0.006960599 7.157535e-07 0.00018558472 0.00023495371 1.6577914e-06 6.996497e-08 2.122144e-06 3.713093e-05 7.454891e-09 5.30802e-06 3.9316767e-08 3.0437268e-06 7.506141e-07 3.335129e-08 0.0028962113 2.3047596e-07 0.00058089633 1.6632406e-08 2.3865562e-07 1.7445712e-08 1.4883776e-06 1.2644973e-07 0.008049015 1.5217198e-05 7.128244e-05 8.412815e-07 8.472854e-06 3.1750224e-07 3.324442e-07 1.227873e-09 9.0227714e-10 2.4283247e-07 5.4500515e-06 2.2318184e-07 4.6907126e-06 0.00043865878 4.7497382e-05 5.3605495e-06
0.9599865 0.001984997 0.00031810586 0.19437069 0.0015514586 0.015637046 0.64041716 0.0016691185 0.06349952 1.1569735e-05 6.1657547e-06 0.6139049 0.64586323 0.084774084 0.0066049737 0.9636566 9.014804e-05 9.641524e-05 0.91714054 1.2391966e-13 0.18296143 7.294213e-06 2.2670314e-05 0.06472616 0.057180263 0.092767194 0.47235414 0.72911996 0.009272571 1.13134665e-05 0.4518142 0.37577352 5.0440107e-05 0.00028836724 0.2715104 0.3255581 0.2663173 0.39185882 0.15273452 4.2342235e-06 0.0037084357 0.00066821615 9.067084e-06 0.3589253 0.18901727 2.971841e-08 2.0388353e-07 0.105174735 5.481961e-07 1.9450817e-06 5.7338827e-08 2.8603435e-07 1.0079058e-09 2.2271895e-05 0.0064301845 0.00033915212 0.12000995 0.072748445 3.8916344e-08 0.56736916 2.9362993e-06 5.0172755e-10 0.032723557 0.10375967 6.7790584e-06 0.005851253 0.0037257439 1.6901735e-05 5.429249e-08 0.002000347 0.0018444085 6.993407e-10 2.3218277e-06 9.955687e-10 6.7168035e-06 3.4043353e-08 2.8165643e-09 0.10283176 1.7801108e-07 0.041788626 1.2054691e-11 0.00024835923 4.5738133e-08 2.0083451e-08 1.0607851e-08 0.1902473 0.0003137624 8.5797095e-05 0.00028995928 0.0052211587 0.0037941784 5.934192e-08 5.4442484e-10 4.937832e-10 0.00013750931 2.939258e-06 0.0018951623 0.001033685 0.008977703 0.019618196 8.8073534e-07
0.9742927 0.87278444 0.27770886 0.75938106 0.09577963 0.7663802 0.17386878 0.38658804 0.10019565 0.053892024 0.057523098 0.72333527 0.8243728 0.00028543719 0.00021163437 0.025703855 0.0045530964 0.009901883 0.0067530675 0.18296143 3.0824268e-15 0.011432927 0.003453229 0.872071 0.9479257 0.38260967 0.0013214881 0.0032450063 0.3770928 0.001429968 0.006650705 0.00038149828 0.025389114 0.0116074225 0.034921747 0.000796751 0.35160297 0.0019984813 0.003204747 0.00028700178 0.047138065 0.13603967 0.00026859593 0.00096598396 0.0049199313 1.1737697e-05 5.4885604e-06 0.0044374964 2.5863649e-06 0.007802285 1.2684773e-05 3.5582823e-05 8.076761e-06 0.011050959 0.0004788293 0.118019976 0.0007694169 0.0003099485 9.082541e-06 3.4080113e-05 0.008413054 1.5427107e-06 0.00011724781 0.0014692593 8.4369276e-05 0.0001275127 0.05397972 0.014190422 3.8321905e-05 0.00018108607 4.2024687e-05 3.5071906e-07 0.0040111747 4.674839e-07 5.1936986e-05 6.188143e-05 7.876281e-06 0.0044811117 2.3481662e-06 0.06218 9.6719106e-08 2.052564e-05 0.00018017273 3.4493396e-06 0.000111887595 0.0352672 7.5838125e-06 0.03828634 2.242084e-05 7.7214776e-05 0.00045574538 1.4737378e-06 1.7002274e-05 1.8037845e-05 5.0879244e-06 5.5251632e-05 0.00012605295 1.7861306e-07 5.623717e-05 0.0154365515 6.525521e-06
0.9337601 0.011721952 0.0068722824 0.0023378052 0.0006096826 0.01647789 0.00013269988 0.18693042 0.0003328641 0.012094358 0.33470955 0.0018531344 0.00024020043 5.3313816e-08 6.401518e-07 0.000104509345 0.0010103167 0.6005588 9.984275e-07 7.294213e-06 0.011432927 6.743766e-12 0.99547094 0.0063708425 0.0007615844 0.0005328592 1.5349008e-06 7.807212e-06 0.0016295253 0.111214384 6.9331045e-06 1.2527471e-06 0.39906293 0.861369 2.2255654e-05 5.156623e-07 4.2834017e-05 3.525914e-07 1.1811369e-05 0.2845993 8.8761335e-05 0.020080933 0.054853395 8.473726e-06 6.1159462e-06 0.017776597 0.025244968 2.2547445e-06 0.016002288 0.07354907 0.02466799 0.0318002 0.01151874 0.016559225 1.0473184e-06 0.04433136 6.1283504e-07 1.5584058e-06 0.0009258777 1.26901245e-08 0.03058258 0.00025708255 5.678114e-07 1.561023e-05 0.028705355 4.0071293e-07 0.010889553 0.016231902 0.0012794615 3.230381e-07 1.4536014e-06 4.31338e-05 0.015470903 0.00034450184 0.0061544874 0.003609462 0.00066158647 0.00018691154 0.00029843178 0.007890259 2.2129365e-05 3.280908e-07 0.018371567 0.0008212387 0.00014914712 0.0007464264 1.8944736e-07 0.010440089 2.1848138e-07 6.4454224e-07 3.287626e-05 0.0007057073 0.017711474 0.009560713 1.647671e-08 0.0023892084 2.8390263e-05 1.0246092e-07 7.7405133e-07 0.0007849111 0.0017529267
0.85522664 0.0079470705 0.0048894924 0.00039588366 0.00044916026 0.0057107094 2.6966143e-05 0.035100766 0.00017499419 0.01903022 0.4166669 0.00012534761 1.2234057e-05 2.7729733e-08 1.6623501e-07 2.560505e-06 0.0029919639 0.93797565 9.582632e-08 2.2670314e-05 0.003453229 0.99547094 8.572731e-11 0.0007571805 0.00022619749 2.555739e-05 3.334919e-08 1.8811798e-07 4.8284484e-05 0.34194738 1.8034662e-07 3.0932625e-08 0.026732385 0.7052997 3.4242466e-06 1.3919171e-07 1.3057161e-05 1.86794e-07 3.88463e-06 0.5723688 4.1086867e-05 0.0015363689 0.4714926 1.2838954e-06 6.419471e-06 0.030571427 0.11806965 2.2701533e-07 0.023014072 0.014498932 0.03382516 0.13255392 0.0020040427 0.0015131232 1.4202192e-07 0.0060816924 5.57098e-08 5.5358455e-06 0.0004995538 4.7512167e-08 0.005191049 0.00020127019 2.996727e-06 2.2385213e-06 0.009083741 1.813811e-06 0.0013576063 0.0031064996 0.00058750535 2.2103212e-07 1.4899157e-06 5.5269866e-05 0.0024039191 0.0005892591 0.0008163069 0.015678504 0.0054154764 0.00010787785 0.00024686326 0.0005623715 3.3619108e-05 4.808489e-08 0.13487138 0.0003672959 0.000247601 0.00094564667 3.771004e-07 0.0037434308 9.786329e-08 1.5480585e-07 9.671297e-07 0.0066205417 0.12540361 0.09535746 8.072798e-09 0.0004984291 3.224539e-07 5.4275064e-09 1.8852656e-07 4.489596e-05 0.00037269696
0.97120637 0.24284017 0.041369103 0.23083039 0.0059734024 0.6051106 0.020063007 0.11917098 0.01908155 0.0042322236 0.004972078 0.5234279 0.7256017 0.00014556963 6.8534784e-05 0.046794202 0.00039841523 0.0055281143 0.006319462 0.06472616 0.872071 0.0063708425 0.0007571805 1.1807729e-13 0.9498754 0.8447796 0.00044565529 0.045658704 0.8319326 0.00048216063 0.022956174 0.00061022234 0.08657134 0.0065567526 0.19450694 0.003692085 0.5748064 0.00902289 0.06633047 0.0001391541 0.26738882 0.30665985 0.0003473265 0.0013115406 0.044386916 9.076847e-05 2.0806943e-05 0.012038438 3.6764333e-05 0.017131232 0.00027093265 3.535841e-05 0.00034457925 0.031647786 0.014968554 0.1531877 0.00255839 0.00037616692 0.00019872774 4.922761e-05 0.0170539 4.1286836e-05 0.0002982446 0.0033315662 0.0002808225 0.002361586 0.14323321 0.02403307 0.0007552243 0.00028428264 0.00019160369 1.8151944e-05 0.007752598 2.3348539e-05 4.3130713e-05 3.4745917e-05 3.4606032e-07 0.013128822 1.3136148e-05 0.26724 4.842936e-06 0.0004968594 3.5947058e-05 6.2374325e-05 0.0010558998 0.018178547 2.7457123e-05 0.07494512 0.00021459187 0.0007224165 0.007988507 1.1945453e-06 3.8192236e-05 1.2361082e-05 5.90484e-05 2.7916014e-05 0.0035150838 6.289435e-07 7.388304e-05 0.067983136 1.9681318e-06
0.9968183 0.5965898 0.04480448 0.6062249 0.04114704 0.12065038 0.016392563 0.024878558 0.012233265 0.002245386 0.00028908844 0.51084864 0.707241 0.00010785285 4.9016704e-05 0.008979282 0.00085286214 0.00038739722 0.00068482256 0.057180263 0.9479257 0.0007615844 0.00022619749 0.9498754 1.0238818e-12 0.31969905 0.0003233764 0.0018093409 0.5966588 0.00011706389 0.0036007378 0.00029827675 0.0027286839 0.00027124083 0.022264548 0.00073107885 0.08245879 0.0018545309 0.0051197475 5.4956923e-05 0.06829244 0.045735963 0.00026282092 0.0012821311 0.005216525 2.5381584e-07 2.0219902e-06 0.0040273103 3.3083185e-07 0.000116808194 1.3228984e-06 3.53048e-05 2.2069973e-07 0.0022879117 0.0031747913 0.014231345 0.00029922262 0.0012489764 8.676441e-07 5.2326963e-05 0.0011668812 9.512413e-08 0.00024249127 0.0009804692 2.0835438e-05 0.00016380011 0.04792424 0.0018473748 1.0624325e-06 0.00030000554 0.00011199179 6.7360546e-08 0.00029673072 1.0217847e-08 1.2302712e-05 7.0324063e-06 1.0190299e-06 0.010365552 2.5337107e-07 0.097461514 2.2428557e-09 0.00019256906 3.678908e-06 1.913534e-07 9.11915e-06 0.0738823 7.2747236e-05 0.008613163 0.00020064502 5.7370587e-05 0.00043417097 3.5618452e-08 8.6352577e-07 1.8744497e-07 3.0619714e-05 4.501324e-06 0.00057871523 1.0663023e-05 0.0001689818 0.017921148 2.198567e-07
0.89010334 0.008382372 0.0011865884 0.021417476 0.0002160461 0.23053044 0.0045594103 0.017615642 0.0011996714 2.9691459e-05 6.6320485e-05 0.44646752 0.4241945 5.3102276e-06 2.0115215e-06 0.040112253 2.14049e-06 0.00075052585 0.0068291686 0.092767194 0.38260967 0.0005328592 2.555739e-05 0.8447796 0.31969905 6.690209e-17 0.0003643144 0.34516922 0.97241354 7.3572267e-07 0.09940506 0.0014491088 0.018262267 0.0010842481 0.8307238 0.031846233 0.83538294 0.053347953 0.58563894 7.601665e-05 0.7909452 0.08496097 2.0568848e-05 0.009623873 0.18860869 9.8122455e-06 4.6481455e-06 0.016473625 9.202446e-05 0.0006741775 4.12605e-05 4.382001e-06 1.7309563e-05 0.008311773 0.28936234 0.017315185 0.004707981 0.007704457 8.214173e-05 7.5856675e-05 0.002649803 2.5848015e-06 0.007512348 0.0014763466 1.0947738e-05 0.009921842 0.0963591 0.0053167213 0.00014020524 0.002981071 0.0025693183 8.722993e-07 0.0014920508 1.1814158e-06 3.573214e-05 4.714356e-06 7.230415e-07 0.06501465 3.1891673e-07 0.52019596 2.6616709e-08 0.002293548 1.7840879e-05 3.968008e-06 0.0003065403 0.04731791 0.0008412407 0.017232306 0.00287138 0.007813811 0.03953532 9.794982e-07 2.0538485e-07 5.284137e-07 0.00080172444 7.617584e-06 0.09148728 1.9743514e-07 0.0008932601 0.08529452 7.4001115e-08
0.020124312 3.407447e-06 3.4622783e-06 0.015539908 4.1641375e-05 0.00011561987 0.15226007 4.309346e-05 0.019218056 9.4807504e-08 9.1982727e-10 0.012698675 0.0030541935 0.2866263 0.03335164 0.38689154 0.0006831228 1.6029014e-07 0.9130956 0.47235414 0.0013214881 1.5349008e-06 3.334919e-08 0.00044565529 0.0003233764 0.0003643144 3.449743e-16 0.30580202 3.455858e-05 7.815503e-06 0.017595485 0.9974699 6.799106e-07 8.2619794e-05 0.0011196157 0.014889721 0.0017397865 0.005294923 0.0010571632 7.7289246e-07 9.634603e-07 3.8364283e-07 1.6620996e-07 0.2226234 0.002847667 6.312675e-08 4.631251e-08 0.015229904 2.3623304e-06 2.419252e-07 1.0671513e-06 7.3343878e-09 1.6269878e-08 6.656891e-08 1.0082208e-06 1.0659265e-08 0.013361846 0.002728469 1.501123e-06 0.78097284 1.5861895e-07 3.8619365e-09 0.00041023592 0.03163417 8.2945206e-07 4.6911846e-05 2.3228253e-05 4.0277266e-07 8.251187e-08 1.5666374e-06 5.5483033e-06 6.3674763e-09 2.927253e-07 7.9059014e-08 3.5247122e-06 4.813749e-07 1.2368757e-07 0.0012370888 7.0805794e-07 0.00018482577 2.3558249e-09 2.7007218e-07 4.452633e-08 2.497938e-07 3.5147713e-07 0.003456761 3.3194221e-06 5.1499223e-06 8.108972e-07 1.3938466e-06 6.591658e-08 5.309381e-08 3.481316e-10 1.4244336e-09 8.89361e-08 7.2396955e-07 2.2903453e-08 0.00053499424 0.0009257197 3.4873447e-06 2.9955352e-06
0.5780038 0.00012663192 9.541569e-06 0.0058162278 2.4865249e-05 0.04698594 0.021018751 0.0041655316 0.0012673957 1.6131162e-07 6.7246253e-09 0.11660143 0.057914402 0.0011643395 0.0003262084 0.4317954 2.5319632e-06 9.517658e-06 0.39751136 0.72911996 0.0032450063 7.807212e-06 1.8811798e-07 0.045658704 0.0018093409 0.34516922 0.30580202 6.2711925e-18 0.05585856 1.5351341e-05 0.98946315 0.53335726 0.001114733 5.9161026e-05 0.22802167 0.9313066 0.10123418 0.734966 0.41200787 1.5095135e-05 0.006058129 0.0009564013 1.0484711e-07 0.5292015 0.19323839 2.1355525e-07 2.0623237e-07 0.28662077 8.686836e-06 2.6705547e-06 3.811657e-06 1.0117191e-06 1.5824061e-07 7.921638e-06 0.13752057 5.7233694e-05 0.107321255 0.09166157 8.61697e-07 0.087212086 3.0452045e-06 2.875165e-08 0.018427776 0.018151281 1.2941058e-06 0.009990234 0.002937706 2.1061545e-05 6.8568386e-07 0.012344837 0.0035509109 1.9603332e-08 1.1860358e-05 1.14952e-07 3.3938716e-06 2.4547323e-06 9.14484e-08 0.038530074 5.081528e-08 0.02819904 5.2121605e-09 0.0029310037 3.5901766e-07 1.6701365e-07 3.8561882e-07 0.023744846 0.009568931 0.001136233 0.0025087749 0.002233634 0.0029741211 1.0912013e-06 1.0668343e-07 2.0581348e-07 0.00016741385 3.929319e-06 0.0026702215 0.00022261566 0.00621972 0.004283065 4.5118162e-07
0.93328065 0.0061884294 0.0010195792 0.013447355 0.000284454 0.15679376 0.0010827478 0.017674243 0.00076560566 6.065248e-05 7.8518664e-05 0.14680521 0.11946873 3.7214514e-07 1.3836909e-06 0.006338154 5.5795085e-06 0.0010853965 0.0013353559 0.009272571 0.3770928 0.0016295253 4.8284484e-05 0.8319326 0.5966588 0.97241354 3.455858e-05 0.05585856 5.9657596e-17 1.5373075e-06 0.014078763 0.00024477055 0.031003136 0.0028695392 0.22660281 0.005890209 0.77168196 0.007973531 0.17032364 0.00016909659 0.91520315 0.17966801 9.332061e-05 0.0031519479 0.06892979 1.1852126e-05 1.2722049e-05 0.005328757 5.736583e-05 0.0020982078 5.6776058e-05 6.420279e-06 1.934016e-05 0.009055777 0.10520111 0.024246363 0.0015398682 0.0024219358 7.34019e-05 7.248902e-06 0.0025492802 3.0542674e-06 0.0029621928 0.00085897883 1.0387515e-05 0.004776519 0.25876665 0.00392224 0.00012944033 0.0029434478 0.0018737031 1.2953456e-06 0.001317915 1.24604e-06 1.7089522e-05 3.07408e-06 1.7727616e-07 0.043823466 1.1484094e-06 0.6226733 2.1222835e-08 0.002059979 1.9483214e-06 3.5093135e-06 0.000495632 0.052837815 0.000670899 0.021562232 0.003558608 0.005878971 0.027458357 2.3923695e-07 3.2902124e-06 1.09093016e-07 0.0009957309 7.0226747e-06 0.09349732 1.9519012e-08 0.0002939275 0.08229032 3.097146e-07
0.01365742 0.005972309 0.019047244 0.0014022643 0.02421694 0.003470391 0.00024640554 0.016249474 0.005529069 0.484416 0.7561453 0.0006109453 6.3484375e-05 4.8077277e-06 0.001502766 1.65571e-05 0.85376924 0.85222745 2.6999276e-06 1.13134665e-05 0.001429968 0.111214384 0.34194738 0.00048216063 0.00011706389 7.3572267e-07 7.815503e-06 1.5351341e-05 1.5373075e-06 4.0448354e-17 2.33976e-05 9.118992e-08 0.0029351027 0.008680208 7.2876423e-06 1.7279033e-05 1.5176357e-05 0.0001333166 7.449572e-06 0.078786924 2.0349135e-07 4.4584058e-07 0.98595494 2.8915815e-06 7.7241435e-05 0.004819501 0.000776938 4.5866184e-07 0.00024201487 4.71267e-06 0.00068868446 0.72883177 0.00012789949 7.542451e-07 2.7619032e-07 1.8713753e-06 6.0451434e-06 4.0269933e-05 3.845962e-06 8.0396853e-07 4.310643e-06 6.6348696e-07 1.4855224e-05 1.9984209e-05 2.2638596e-05 0.00046595628 2.0267966e-05 2.4410265e-06 2.6776802e-06 5.062007e-06 6.0755297e-05 1.2690465e-06 5.9098566e-06 7.002925e-06 2.9340308e-05 0.007808023 0.001997121 3.285727e-05 2.0090072e-05 3.1108728e-05 6.8469313e-07 1.2495278e-06 0.0024994623 1.3359034e-06 9.651745e-07 3.9157083e-05 6.353067e-08 6.0880952e-06 2.1435181e-07 0.00038161053 1.062104e-06 1.132046e-05 0.010267041 0.0015326175 1.4454647e-08 5.3161198e-06 4.3899252e-07 5.6457163e-09 5.2088416e-07 3.1972553e-07 1.5144577e-05
