1.4432652e-17 6.237766e-05 5.080695e-06 0.0002178297 0.00013222954 0.0013024 0.003492735 9.84979e-05 0.006829413 0.08420505 0.0128572555 0.017606815 0.16359535 0.23726016 0.9066716 0.035047695 0.10055347 0.2760946 0.19832638 0.9088585 0.97765034 0.8764149 0.85315156 0.10153773 0.13139193 0.00582861 0.94350845 0.9430754 0.38225076 0.061866313 0.83256394 0.93299955 0.96700305 0.9506317 0.97546166 0.093135744 0.96356124 0.5287984 0.64675564 0.9914692 0.9879363 0.37695235 0.9145943 0.9438015 0.30389526 0.9827608 0.2582406 0.15808761 0.8921004 0.3497605 0.88598645 0.98131865 0.956057 0.9618502 0.9280607 0.99360985 0.9787987 0.93082476 0.99489135 0.87452275 0.7872633 0.86530614 0.8242442 0.6579885 0.93353313 0.9978324 0.9300909 0.9915683 0.98263526 0.9878212 0.98113626 0.9649691 0.9964281 0.93335307 0.95154643 0.9936852 0.9234023 0.9460763 0.9703191 0.8739992 0.41264945 0.9862894 0.8621478 0.9975838 0.9927934 0.8289588 0.97182065 0.98411816 0.99617445 0.8467656 0.99904424 0.9692813 0.9987876 0.7789036 0.97328234 0.35552326 0.9966639 0.9996993 0.99952096 0.99970967 0.9963676
6.237766e-05 1.2055995e-12 0.9792402 0.75799984 0.9655524 0.34946108 0.065759696 0.00027925908 0.3455022 0.016993748 0.00016595206 0.0038386171 0.0046938094 0.0011732382 0.009648125 0.00018014165 0.00033009393 8.3736275e-05 0.00027182713 0.038942844 0.05244368 0.004919959 0.001659432 0.00037902975 5.642668e-06 4.6055434e-06 4.6595673e-05 0.001720275 4.8402373e-05 0.00012799223 8.184443e-05 7.158737e-05 0.002110834 0.00050386623 1.1953961e-05 7.977151e-07 4.3454047e-06 1.7244793e-05 2.9374003e-06 0.00022969233 0.00040068643 1.5669339e-07 9.594771e-05 1.1235727e-05 4.9920992e-08 0.00062798825 1.5041517e-09 2.3216272e-07 4.320145e-08 8.331735e-07 4.5362725e-08 0.00036256717 2.0065966e-07 7.795708e-06 5.3879848e-08 0.00016235626 1.5207744e-08 4.7930433e-07 8.4471765e-07 1.9672058e-07 8.3830265e-08 2.3402675e-08 2.407717e-08 4.838208e-10 1.17111565e-08 0.00052174757 1.835385e-07 8.756959e-09 2.929743e-06 7.7583167e-07 3.9319562e-07 2.0810057e-07 2.3209783e-05 0.00013314557 2.4949192e-09 1.4850076e-08 5.6444055e-08 9.509701e-10 4.501484e-07 9.1888836e-08 1.7679053e-08 2.0286433e-07 1.8184735e-06 5.470433e-06 1.0243898e-08 3.1965264e-09 3.8045457e-08 4.533574e-08 1.5578684e-09 3.7194418e-08 1.2557918e-07 2.664697e-09 3.2727954e-07 3.2870755e-12 1.9698837e-06 8.2028473e-10 1.8644924e-07 3.9208464e-07 4.549309e-06 1.1964597e-06 6.4558094e-08
5.080695e-06 0.9792402 2.3107257e-13 0.37039834 0.9809627 0.11636809 0.010908237 1.35930795e-05 0.22533347 0.0036646547 1.6570644e-06 0.0006735759 7.861495e-05 0.00024504078 0.00055481715 5.7141497e-06 2.2202275e-05 6.0749903e-07 4.60407e-05 0.005812139 0.008611746 0.0006701333 0.00027653994 1.303054e-05 6.402077e-08 1.6881208e-07 4.3446482e-07 0.00021058363 1.2145503e-06 9.712748e-06 4.63579e-06 2.3010614e-07 0.00019970808 8.413835e-05 2.4451852e-08 2.6631435e-08 3.988712e-08 1.0372265e-06 1.1769271e-07 1.1575408e-05 8.227916e-05 4.2621715e-09 3.6856065e-05 9.922428e-08 2.4736073e-08 4.6219615e-05 7.140078e-10 4.8894588e-08 6.105127e-09 2.2349727e-07 2.1263828e-09 1.0994581e-05 3.3178647e-08 9.709066e-07 6.505438e-08 8.682893e-06 4.1287618e-09 5.932956e-07 5.690919e-09 1.1915535e-07 8.2679605e-09 3.3128406e-10 1.1119746e-09 4.5979474e-11 3.822435e-10 5.369895e-05 3.089206e-08 1.06661485e-10 1.6494751e-07 6.566699e-08 1.759096e-08 5.8532336e-08 2.807737e-06 7.6142564e-06 3.035773e-11 2.814866e-10 9.418209e-08 2.5894911e-12 1.6482045e-07 3.7090846e-08 2.2941371e-11 1.2201157e-08 9.1023274e-08 9.052637e-08 8.087405e-10 9.077335e-10 2.7412042e-09 6.725109e-10 7.552548e-11 4.8961852e-09 1.5901872e-08 3.06087e-09 2.638834e-07 4.0247445e-12 6.595604e-07 7.3500267e-10 6.6294548e-09 3.542441e-08 7.2017116e-07 5.161206e-08 7.563703e-08
0.0002178297 0.75799984 0.37039834 7.7636296e-15 0.39047277 0.82738966 0.66195226 0.98147815 0.1123108 0.2065462 0.82547116 3.3792847e-05 0.617434 0.0044935304 0.15923102 5.897966e-06 1.1327954e-05 0.018260151 3.233229e-05 0.001483206 0.0045034387 0.00020173562 0.0067940834 0.37318563 0.0012166888 2.6527207e-06 0.0065113944 0.010418679 9.01164e-05 6.6166905e-07 5.82264e-06 0.004437782 0.0002971388 7.1507064e-05 2.5956595e-05 3.6508547e-05 0.0011787026 0.0004143272 1.6194066e-07 0.0037005874 7.722295e-05 6.633497e-07 1.2516352e-06 0.00016713771 3.5275305e-06 0.00067298004 1.9883188e-07 0.00061189604 1.0245072e-06 5.9128986e-05 8.164598e-08 0.00014308335 3.2783512e-06 4.1223548e-06 9.311677e-05 0.00017199338 4.0234346e-07 1.0168748e-06 4.378607e-05 8.210354e-08 4.202968e-06 2.5128606e-06 3.222859e-06 1.4754866e-07 4.8183956e-06 0.00019680998 2.214051e-07 4.998953e-07 0.00013220975 4.483178e-07 1.1510377e-06 7.5666736e-05 3.870943e-06 0.002867665 1.9695437e-06 7.515397e-05 9.31614e-06 4.7137483e-08 1.7153103e-05 7.994194e-09 5.6404312e-09 3.6786028e-06 3.5581006e-06 7.388519e-08 3.1520483e-07 2.0136078e-08 1.23823065e-05 1.1140532e-05 2.4444594e-07 1.2919878e-07 9.893268e-08 7.438377e-08 1.0456866e-06 3.5747932e-10 5.5260956e-05 1.1798799e-08 2.4916037e-06 9.421584e-05 6.664155e-05 0.00016367708 2.3531001e-08
0.00013222954 0.9655524 0.9809627 0.39047277 2.7256517e-13 0.41526547 0.090359434 5.3451557e-05 0.7822844 0.036590446 1.6623773e-05 0.010590563 0.00022512038 0.003859388 0.0011261549 6.118698e-05 0.00025332987 5.964994e-05 0.00041424937 0.02707422 0.028939208 0.005091199 0.0030325186 0.00010910098 5.9086733e-06 4.319243e-06 2.8950184e-05 0.002548541 7.700424e-05 7.7768964e-05 0.0004359368 5.302004e-06 0.0018297264 0.0007909508 1.0546266e-05 1.4562127e-06 4.901091e-07 8.419992e-05 9.125066e-06 3.547653e-05 0.00093182025 2.951709e-07 7.767038e-05 9.045716e-06 2.460114e-07 0.00069225766 1.6473197e-07 2.3131329e-06 3.6155956e-07 9.840978e-06 2.4099915e-08 0.00014018078 1.45123e-06 0.00039826005 1.0678252e-06 0.0001382475 2.48106e-07 9.027227e-05 1.470309e-07 2.529593e-06 1.4215675e-07 3.1931947e-08 1.6237428e-07 9.859352e-10 2.3821924e-07 0.00039182018 5.9261224e-06 8.088207e-10 9.457525e-06 1.216053e-05 4.0232985e-06 4.1076933e-06 3.0428897e-05 0.001221421 4.0038555e-09 2.614315e-08 2.9966295e-06 1.6244226e-09 1.0215662e-05 1.16362e-06 2.2242083e-10 2.437563e-06 2.8289696e-05 9.327444e-07 2.0170145e-07 7.973031e-08 3.0549895e-06 1.2576231e-07 3.410737e-08 2.3023522e-07 5.424811e-07 4.8321816e-08 2.7451374e-06 2.622693e-10 4.553454e-06 2.0507002e-08 6.1630067e-07 5.330866e-07 1.1443398e-05 1.3746418e-06 1.3801879e-06
0.0013024 0.34946108 0.11636809 0.82738966 0.41526547 1.0952983e-14 0.9912425 0.2578204 0.8565154 0.74824315 0.012697052 0.053287037 0.031804476 0.052791413 0.06146566 0.00012583929 0.0002968179 0.0011977755 0.0037159624 0.09287183 0.26578912 0.008617826 0.024207074 0.00074271206 3.4229618e-07 3.555336e-08 0.0040555946 0.04556028 0.00019348248 1.145004e-06 6.9757834e-06 0.0024951824 0.013992648 0.0034943412 3.798099e-05 4.5175602e-07 0.00046409303 2.5496738e-06 5.208158e-08 0.0008070014 0.0018558836 3.2070426e-09 1.3207245e-05 5.821613e-08 5.450246e-09 0.004510963 2.8523361e-10 5.496064e-07 2.0248383e-08 5.943741e-08 3.0129748e-08 0.008465839 1.437625e-07 6.981427e-06 3.40166e-05 0.003656423 9.645958e-07 1.8042102e-06 3.4839009e-06 2.4260933e-07 7.565373e-09 8.276484e-08 4.712065e-09 2.2004601e-10 2.5055822e-09 0.0010292904 2.568616e-07 1.641435e-08 1.1677281e-05 8.742577e-08 2.0834989e-06 1.3382044e-07 2.5217083e-05 5.805194e-07 4.1337124e-08 1.9280208e-06 1.119708e-07 2.7383024e-10 3.0763866e-07 7.5729056e-10 3.881956e-10 1.9180879e-08 1.6081248e-08 1.403089e-08 3.5001269e-09 4.967719e-11 2.295623e-09 1.3834983e-08 1.5541484e-07 1.6237938e-09 3.29663e-09 1.2909347e-09 4.8033007e-06 9.643123e-11 5.609341e-07 2.9567138e-10 1.0569412e-09 5.1042784e-06 1.4144726e-06 9.057858e-07 1.8087558e-09
0.003492735 0.065759696 0.010908237 0.66195226 0.090359434 0.9912425 1.6322178e-17 0.4351781 0.6894665 0.98423463 0.043676183 0.027311346 0.14928867 0.5181963 0.19670808 4.2043164e-05 0.00018852486 0.026781345 0.0076953107 0.076084 0.31862465 0.0068518654 0.07569911 0.004506455 7.2807474e-05 1.9695202e-07 0.036902696 0.10469828 0.0009873505 1.8262448e-07 6.9486937e-06 0.009591227 0.016967094 0.0038337952 0.00042633936 1.1947869e-06 0.0015391092 3.4175406e-05 6.094941e-07 0.0050154943 0.0019883343 4.3616335e-08 7.74401e-06 4.3389508e-07 3.364053e-07 0.0066597685 3.9290907e-08 1.4199749e-06 5.4575725e-08 5.38376e-07 2.2615228e-07 0.024961166 1.2371595e-06 1.9136507e-05 0.00031155473 0.013436805 2.367005e-06 6.347345e-06 2.3878129e-05 2.5921835e-07 5.859779e-08 1.2380146e-07 1.4995626e-07 9.960954e-09 3.3940914e-08 0.0043762447 7.8567865e-07 1.0232598e-07 0.00013115712 1.06651484e-07 2.4734472e-06 3.4697635e-07 2.9625784e-05 5.715392e-06 3.916739e-07 9.421283e-06 6.143969e-07 3.24338e-09 6.498348e-07 9.679102e-09 7.824798e-09 5.9966005e-08 1.7669603e-07 1.6676179e-08 2.0276673e-08 6.431052e-10 7.693296e-09 2.9903077e-07 8.0153896e-08 1.794454e-09 1.1108178e-08 2.7851101e-09 2.330817e-06 1.7987672e-10 6.4305215e-07 9.729479e-10 9.666851e-09 6.0383786e-06 5.6416155e-07 3.7725888e-06 3.2675757e-10
9.84979e-05 0.00027925908 1.35930795e-05 0.98147815 5.3451557e-05 0.2578204 0.4351781 3.8754673e-18 0.00020367921 0.15687972 0.9759151 1.8640767e-05 0.82085675 0.072307944 0.44125783 1.1783377e-07 1.1251699e-06 0.20898874 0.0007554113 0.00048043203 0.0031797057 8.863353e-05 0.014700239 0.30311957 0.006826011 4.4733164e-07 0.038604263 0.02188294 0.0013290846 3.5969274e-09 1.0154593e-07 0.031167774 0.00047484678 0.00040244136 0.0019141283 8.607262e-07 0.0070258304 0.0012085262 4.9032806e-08 0.071058735 0.00010548303 1.984425e-08 6.0750104e-08 0.0010047763 1.23644995e-05 0.0007075305 1.01845025e-07 1.0577031e-06 1.3823455e-08 1.0188886e-05 2.6653708e-05 0.00061323325 2.1247453e-05 1.7192819e-05 0.001447238 0.00024167167 0.00025439102 2.4629112e-06 0.00049039314 5.3404676e-07 1.48695835e-05 1.9596522e-05 5.8846587e-07 1.0650213e-06 1.6921426e-07 0.000121758545 2.439331e-07 7.987774e-06 0.00040988947 5.8257893e-08 1.0605476e-06 9.439183e-07 1.6577171e-06 1.872516e-06 2.4047442e-05 4.0056893e-05 2.8018485e-07 7.081187e-07 1.162585e-06 1.5965684e-09 2.7575247e-08 4.1924446e-07 2.421058e-08 9.411973e-09 1.2033385e-07 4.8225113e-09 1.5383253e-06 5.5789e-05 2.865595e-08 2.889066e-09 6.895633e-09 6.574035e-10 2.0959376e-05 7.1910804e-11 4.395914e-06 4.0506482e-10 2.6667476e-06 2.3827604e-05 1.4427675e-05 2.3453542e-05 3.948742e-09
0.006829413 0.3455022 0.22533347 0.1123108 0.7822844 0.8565154 0.6894665 0.00020367921 7.185472e-15 0.8983347 3.9519505e-06 0.9784509 9.8950295e-05 0.07880541 0.0011754232 0.55488265 0.3022363 3.6425117e-05 0.12477717 0.665155 0.56192076 0.37671182 0.014524548 0.00022691871 7.8662076e-08 0.016117085 0.0010728913 0.033854786 9.3355506e-05 0.0027644776 0.012325149 7.310154e-06 0.112480715 0.09252036 2.3917555e-05 0.00012243261 4.6647872e-07 2.5850466e-07 0.00026388103 4.388605e-06 0.041363336 6.010611e-06 0.0008237692 7.342961e-07 4.057232e-08 0.06431619 3.3700448e-07 8.9568646e-05 1.0143773e-05 1.7243474e-07 4.8676267e-09 0.018739086 1.4289488e-08 0.00020169176 3.357881e-06 0.009041068 5.464697e-08 0.0006418308 7.4315367e-09 8.159582e-05 3.2797723e-07 4.879283e-09 4.004041e-08 4.525831e-09 1.1608656e-06 0.01617395 7.010005e-05 1.7774755e-10 3.3545844e-06 5.9301306e-06 5.011258e-05 7.158279e-05 0.006395398 5.2708e-05 3.0928437e-08 2.2449115e-06 1.24225335e-05 2.4334142e-08 1.2315285e-05 6.9738334e-08 6.0994676e-10 4.175079e-06 2.2691965e-07 4.134434e-06 2.1989833e-06 6.8196924e-09 3.359984e-07 2.4208827e-08 2.612325e-07 1.3994628e-07 6.7784333e-07 5.1572105e-08 2.2203205e-05 9.431016e-10 7.5955336e-07 1.0322293e-08 3.0200457e-08 8.548649e-07 6.2605227e-06 7.8015876e-07 2.33724e-07
0.08420505 0.016993748 0.0036646547 0.2065462 0.036590446 0.74824315 0.98423463 0.15687972 0.8983347 1.05704596e-13 0.003889409 0.5124193 0.03911675 0.85600644 0.14092113 0.0008549322 0.0030195669 0.026221644 0.23700504 0.57193524 0.84872663 0.110914774 0.34539914 0.00026576026 3.837819e-05 1.0314137e-06 0.05282668 0.46948856 0.0049053957 3.7873074e-06 0.00029445245 0.01673873 0.22632045 0.0541062 0.0011858413 2.758485e-06 0.001482899 6.966423e-06 5.8511573e-06 0.0048726345 0.030731212 5.935022e-07 0.00015968602 2.553903e-06 2.5885151e-07 0.13264047 1.3753558e-07 3.5584399e-06 4.2199744e-07 4.2501853e-07 5.3080674e-07 0.29018515 3.4276577e-06 0.00035946767 0.00030943402 0.21573256 1.2932774e-05 0.00030383412 1.3688015e-05 1.1609691e-05 2.2919592e-07 8.846328e-07 3.5637544e-08 2.3581142e-08 2.0954579e-07 0.16918944 5.8030637e-05 3.2640614e-07 0.0013118364 1.8962777e-05 0.00018693255 1.1217451e-05 0.0018143604 1.9519962e-06 4.992702e-07 0.0001632627 4.7959725e-06 4.6274106e-08 4.5963816e-06 1.1545607e-07 3.1956503e-08 5.562645e-06 3.1697795e-07 2.3337063e-06 4.458253e-07 9.147312e-09 4.8371522e-08 2.5446768e-06 1.1220602e-06 6.745156e-08 8.6161486e-07 3.0624076e-08 6.8930436e-05 5.212389e-09 4.8503407e-06 1.4547303e-08 1.4402339e-07 6.655383e-05 5.342661e-06 3.5954396e-05 1.7809487e-08
0.0128572555 0.00016595206 1.6570644e-06 0.82547116 1.6623773e-05 0.012697052 0.043676183 0.9759151 3.9519505e-06 0.003889409 4.0597525e-17 4.674529e-06 0.97993445 0.0122390995 0.79503834 5.814156e-08 4.6115424e-06 0.61794704 3.512208e-05 0.00013581151 7.6006065e-05 2.2808365e-05 0.007753791 0.8062751 0.14137964 1.5970573e-07 0.075456716 0.037503324 0.0007794639 4.298036e-08 3.2129572e-07 0.33921006 0.00018089933 4.112944e-05 0.0010345267 3.2815917e-06 0.3890324 0.0060223513 3.9864684e-08 0.4866168 5.313801e-05 4.7528395e-08 4.4119636e-07 0.002519503 0.00033658775 0.00047706463 3.1388376e-07 2.5142008e-06 2.5519614e-07 0.00047690497 0.00018299173 0.0039859177 0.00024440573 8.844318e-06 0.0070052207 0.001608734 0.0034683284 9.593926e-06 0.029732177 2.9468333e-06 0.00028116873 0.0026195163 6.7431947e-06 0.0002026697 2.8061152e-06 0.0002778151 6.497418e-07 0.00017656543 0.014577504 1.1679191e-06 8.382407e-07 5.908079e-07 4.810709e-06 8.224359e-06 0.00019173675 0.0007653476 7.837393e-06 7.6262845e-06 2.6853545e-06 1.6722936e-08 3.2694745e-06 9.071465e-07 6.3603906e-08 1.1066861e-07 2.2892199e-07 5.2267083e-08 7.927972e-06 0.0005498927 5.3619345e-08 4.625125e-08 3.986421e-07 5.0892557e-09 4.236524e-05 2.2473938e-10 3.631153e-05 1.2880196e-10 0.0002778098 0.0021324463 3.5888348e-05 0.003094539 1.1723488e-09
0.017606815 0.0038386171 0.0006735759 3.3792847e-05 0.010590563 0.053287037 0.027311346 1.8640767e-05 0.9784509 0.5124193 4.674529e-06 2.5161693e-14 3.858981e-05 0.07436232 0.00039734654 0.9571444 0.91867304 4.2931104e-05 0.56421465 0.7311764 0.29602703 0.87634844 0.005847836 2.0991984e-05 4.9924797e-08 0.72809875 0.00045007482 0.017106049 0.0011692321 0.041881945 0.19360596 8.0247455e-06 0.11472026 0.16231385 0.00015868893 0.00073162984 2.835583e-06 4.672991e-08 0.0031252622 3.2642838e-06 0.15178062 0.00035060005 0.005308299 5.598035e-08 1.3540987e-09 0.09395427 2.6341058e-06 2.0407011e-05 1.9502502e-05 1.525088e-08 5.5188587e-09 0.028331947 2.293309e-08 0.0002656075 6.7886717e-06 0.014800225 1.9499616e-07 0.0011438964 1.5644329e-07 0.00056364405 3.3863447e-08 1.2658427e-07 2.4306868e-08 2.984541e-09 1.1816417e-07 0.03573625 0.00022705509 2.3833444e-09 2.1843347e-05 0.00026679994 9.7099735e-05 0.00019342586 0.042357266 5.6349886e-06 1.305076e-07 6.607796e-06 2.7136359e-05 1.4988e-08 7.674804e-06 1.2915912e-07 5.9842464e-09 2.6981734e-05 4.5526923e-07 5.2864358e-05 6.4830742e-06 1.3326807e-09 1.5555187e-07 4.388904e-07 5.516497e-07 3.8248313e-08 1.1928229e-06 1.2551405e-07 0.0005137982 1.3823368e-09 5.338406e-07 3.022113e-09 1.1224149e-07 9.392942e-06 7.677e-06 4.333769e-05 3.7996582e-08
0.16359535 0.0046938094 7.861495e-05 0.617434 0.00022512038 0.031804476 0.14928867 0.82085675 9.8950295e-05 0.03911675 0.97993445 3.858981e-05 1.4116685e-15 0.020917686 0.85861075 7.652673e-08 9.199608e-06 0.83662313 0.000475508 0.00018972698 0.00042157233 0.00021504013 0.04084995 0.87875116 0.6434843 5.5891267e-08 0.1783913 0.07475193 0.0022435184 4.0835687e-07 1.2415474e-05 0.39424524 0.001197075 0.00029730375 0.0033707588 4.6192997e-07 0.42202136 0.029988628 1.765975e-07 0.42131224 0.0002850917 2.8673721e-08 1.3653323e-05 0.0028863787 0.001388306 0.0024728777 8.6758654e-08 1.6472327e-06 7.347624e-08 0.00058546243 0.0012245035 0.013011449 0.0007232371 0.00015534055 0.0049506514 0.0109451935 0.009182512 6.9286693e-06 0.01897819 4.888366e-07 0.00045561086 0.0030179159 2.2007382e-05 0.00010117296 2.1615173e-07 0.0014670512 3.6772697e-06 6.433803e-05 0.06390475 3.4301984e-06 4.8092803e-05 7.551833e-06 5.00769e-05 1.134942e-05 0.0001768806 0.0018621347 2.1899936e-05 1.1610079e-05 2.5104007e-06 9.265812e-08 7.3777396e-06 9.7772216e-05 5.3930205e-07 7.699299e-07 2.2040495e-06 8.1319456e-08 1.3414282e-05 0.00046458503 3.5778733e-08 1.1691137e-08 1.6883296e-06 8.397617e-09 0.00054897886 1.2939144e-10 2.844661e-05 1.4057374e-09 8.733339e-05 0.004303755 3.2325355e-05 0.0020931792 4.7318007e-08
0.23726016 0.0011732382 0.00024504078 0.0044935304 0.003859388 0.052791413 0.5181963 0.072307944 0.07880541 0.85600644 0.0122390995 0.07436232 0.020917686 5.8659894e-18 0.38359952 4.0969993e-05 0.002861263 0.30808043 0.8772596 0.19182858 0.9522329 0.093515314 0.981926 0.007145127 0.0047537293 3.4951772e-05 0.52006304 0.48837048 0.40685362 2.2620492e-05 0.004522619 0.029668761 0.30260843 0.07271749 0.116137564 5.049627e-07 0.010739842 0.0007266126 0.0015826665 0.0034440348 0.013791559 0.00029587286 7.23688e-05 7.280422e-05 1.0898352e-05 0.069379285 2.6225784e-06 3.925578e-06 4.4544004e-06 3.6202638e-07 0.0020219567 0.36878526 0.0014428619 0.020409413 0.02227929 0.31152585 0.002540298 0.0018416861 8.2170875e-05 0.000999689 2.004421e-06 4.5990146e-05 4.3224347e-07 9.0569677e-07 5.056943e-07 0.1589305 0.0010630141 6.209368e-06 0.006530717 0.00031277025 0.0007507212 3.3210294e-05 0.0049800007 3.6519882e-06 0.00010725476 0.0024125373 1.8527657e-05 5.293274e-06 7.663599e-06 1.3050673e-07 2.8187088e-07 1.364878e-05 2.2952763e-06 1.3416687e-05 2.4667029e-06 4.67668e-09 1.8542867e-06 0.00036131038 1.2795609e-06 6.9459695e-08 1.9925993e-07 2.8200185e-07 0.0003477698 1.7551613e-08 1.16523515e-05 3.6337106e-08 1.484946e-05 0.00026922036 4.5384346e-05 0.00063411496 6.4634854e-08
0.9066716 0.009648125 0.00055481715 0.15923102 0.0011261549 0.06146566 0.19670808 0.44125783 0.0011754232 0.14092113 0.79503834 0.00039734654 0.85861075 0.38359952 7.406751e-15 1.1730125e-06 9.238389e-06 0.9817764 0.012643438 0.0010551453 0.029152108 0.00041102935 0.43159848 0.11754343 0.0964056 7.5166287e-07 0.8757188 0.55945235 0.0293468 2.0331065e-06 1.9786907e-05 0.8907771 0.017964322 0.0059136543 0.08708435 6.082405e-07 0.647972 0.0072406535 5.222668e-06 0.76908374 0.001852062 4.640855e-06 9.0211586e-05 0.0021482345 9.770138e-05 0.046356358 1.6397721e-06 6.8841223e-07 4.3090586e-07 5.8491016e-05 0.0018435855 0.23986822 0.0029077325 0.008095061 0.053519275 0.19066991 0.018058028 0.0023611917 0.0017608947 4.715266e-05 6.996734e-05 0.00070098514 3.0005876e-06 1.307331e-05 2.7101275e-06 0.04622119 0.00073170237 2.184968e-05 0.20199613 3.1690088e-05 0.001219856 1.9508585e-05 0.0023974036 7.234199e-06 0.00010193468 0.054352336 2.1491514e-05 1.4306867e-05 1.2015217e-06 2.3566405e-07 4.8939917e-05 2.4062309e-05 3.0812887e-06 1.3726999e-05 7.2816704e-07 4.440965e-07 1.52390985e-05 0.0009847926 4.559479e-07 3.9533242e-07 4.718332e-06 1.7080827e-08 0.0002860405 5.336723e-08 0.000970263 6.687931e-08 0.00013177912 0.012203627 8.004685e-05 0.00348883 1.7377399e-08
0.035047695 0.00018014165 5.7141497e-06 5.897966e-06 6.118698e-05 0.00012583929 4.2043164e-05 1.1783377e-07 0.55488265 0.0008549322 5.814156e-08 0.9571444 7.652673e-08 4.0969993e-05 1.1730125e-06 1.5101422e-13 0.9908797 9.8759614e-08 0.056231614 0.33385593 0.013004539 0.6660694 1.2910284e-05 5.3909736e-07 1.6737392e-08 0.9528732 8.0364117e-07 4.232748e-05 3.1195434e-06 0.19054332 0.32956135 2.4572289e-08 0.004985033 0.039259676 1.899859e-06 0.024209162 9.651657e-08 1.1684834e-07 0.009647329 1.1285798e-06 0.09949694 0.00036158253 0.09815066 5.94739e-09 1.331423e-09 0.0079046255 9.456402e-07 0.00044877233 0.00053405855 1.9548372e-08 7.550021e-09 0.00041458526 1.467309e-08 0.00012743051 1.1876361e-07 0.0002777486 3.7248302e-08 0.008202986 1.1500469e-08 0.0076254853 1.2081664e-08 1.5877919e-09 2.469566e-09 2.711102e-10 2.2424176e-05 0.0014189548 0.0010135424 4.0808837e-10 1.8367332e-07 0.0011964769 9.657611e-05 0.0010346703 0.015335035 2.0567015e-06 1.0998545e-09 2.0702482e-08 5.376321e-05 9.767747e-10 5.1439118e-05 1.2477041e-07 1.4669774e-10 2.3720975e-05 1.221093e-07 0.0038857274 1.6873058e-06 5.312931e-10 2.0754433e-08 2.2631095e-08 2.9767725e-07 3.2002814e-07 4.9744012e-06 1.1829214e-07 0.00023665087 1.04808356e-10 1.3803175e-07 4.287543e-10 4.928895e-09 9.267761e-07 5.378277e-06 6.0660864e-07 2.1783453e-09
0.10055347 0.00033009393 2.2202275e-05 1.1327954e-05 0.00025332987 0.0002968179 0.00018852486 1.1251699e-06 0.3022363 0.0030195669 4.6115424e-06 0.91867304 9.199608e-06 0.002861263 9.238389e-06 0.9908797 6.766529e-13 6.8376958e-06 0.14322375 0.5863261 0.024500865 0.8477841 0.000897222 4.0759755e-06 7.3007794e-07 0.8265969 0.00013948267 0.0006704008 8.817716e-05 0.19565672 0.6048583 6.5934314e-06 0.024487484 0.11256635 1.5797976e-05 0.026946485 6.4841315e-06 1.9749946e-06 0.036547333 3.3592778e-06 0.17808354 0.0021271561 0.18769827 2.4345644e-07 2.4236314e-08 0.018310312 0.00012152397 0.002183053 0.0007275674 2.9680245e-07 4.3430713e-08 0.0009836714 2.4794106e-06 0.00027836088 1.6480333e-05 0.00038090555 1.1157284e-06 0.019525487 1.655754e-07 0.017694118 1.0619558e-07 3.248768e-08 1.2689719e-07 1.7393283e-08 0.00035938612 0.0015916446 0.0022164863 5.3436744e-10 1.816605e-06 0.001412011 0.00036665978 0.0021676992 0.025032867 0.00023165638 6.69656e-08 2.4986622e-07 0.0008068298 1.087498e-07 0.0008152053 9.541997e-06 2.4834307e-08 0.00016666371 1.6737761e-06 0.009690391 4.52429e-05 9.26392e-08 1.0110949e-06 7.9907034e-07 1.9176875e-06 1.3086861e-06 5.364682e-06 1.9079898e-06 0.00035927386 1.0020293e-08 3.1760158e-07 4.00926e-08 3.226434e-07 2.3621997e-06 2.7288888e-06 1.3114197e-06 5.3544948e-08
0.2760946 8.3736275e-05 6.0749903e-07 0.018260151 5.964994e-05 0.0011977755 0.026781345 0.20898874 3.6425117e-05 0.026221644 0.61794704 4.2931104e-05 0.83662313 0.30808043 0.9817764 9.8759614e-08 6.8376958e-06 8.39396e-18 0.0011304159 0.00019627092 0.000924317 0.00029236978 0.08557298 0.8212131 0.9326745 2.7951097e-07 0.6925465 0.10140038 0.07054946 8.3800686e-08 1.438101e-07 0.71485496 0.0023530219 0.0018825323 0.083788455 8.4478364e-07 0.69433093 0.17243965 6.050172e-08 0.42638543 0.0006542055 9.1262315e-08 2.858657e-06 0.050347287 0.008744297 0.0067216037 4.4457252e-08 4.047648e-06 1.2365041e-07 0.0010515003 0.04013248 0.019525273 0.012159992 0.0033671248 0.1346683 0.014941605 0.07004444 0.00016441473 0.028760042 1.38629775e-05 0.00039560156 0.011242593 5.9415688e-05 0.00039723603 9.76955e-07 0.0034191469 3.618711e-05 0.00050155184 0.16013695 2.193659e-06 5.4885004e-05 1.1062631e-05 0.0003399753 1.278874e-06 0.004900851 0.01783553 1.7411334e-05 8.393055e-05 1.0685887e-05 7.35368e-08 0.00023076356 3.2685875e-05 3.6704674e-07 7.049418e-07 1.4451174e-06 3.678783e-07 1.6474032e-05 0.004998891 7.7975193e-07 5.1401696e-09 5.2938015e-07 2.9619438e-08 0.00019486838 3.639544e-08 0.00020594946 5.817902e-09 0.00037392558 0.0037125759 0.00015877657 0.0039910073 6.6096453e-09
0.19832638 0.00027182713 4.60407e-05 3.233229e-05 0.00041424937 0.0037159624 0.0076953107 0.0007554113 0.12477717 0.23700504 3.512208e-05 0.56421465 0.000475508 0.8772596 0.012643438 0.056231614 0.14322375 0.0011304159 8.0938564e-17 0.9727841 0.9263374 0.9261964 0.17390117 0.00013168427 1.5398908e-05 0.010791949 0.0364748 0.090677544 0.030329099 0.0025825815 0.15962198 0.0015749657 0.68966275 0.72663957 0.013011039 6.488855e-05 0.0005471571 1.9954014e-06 0.006332311 0.00045759257 0.2582574 0.00076244236 0.0029299583 5.316452e-07 3.8278435e-07 0.29119408 3.1308973e-05 4.9625156e-05 1.8595241e-05 6.156521e-07 2.7592941e-05 0.10938648 3.8038914e-05 0.058833823 0.0033894696 0.08054275 0.0003869945 0.026311418 2.6365653e-05 0.0031888392 3.105765e-07 1.3669915e-06 3.8365857e-07 3.774953e-08 4.4270428e-06 0.13922715 0.004339038 3.624907e-07 0.0050880853 0.0010652789 0.0034045922 0.00014030852 0.058796357 1.1415756e-05 5.660594e-06 0.002243284 0.000817874 1.517373e-06 8.822838e-05 8.294263e-06 1.3189157e-07 0.00031416243 4.622211e-06 8.1908925e-05 1.780352e-05 4.8128723e-09 9.148212e-07 0.00019915652 9.033777e-06 2.6797662e-07 1.0687013e-06 5.3516635e-07 0.00076168793 6.350508e-07 0.0001705625 4.835319e-07 8.102622e-06 0.00045059927 6.8200636e-05 0.000139223 3.1962905e-08
0.9088585 0.038942844 0.005812139 0.001483206 0.02707422 0.09287183 0.076084 0.00048043203 0.665155 0.57193524 0.00013581151 0.7311764 0.00018972698 0.19182858 0.0010551453 0.33385593 0.5863261 0.00019627092 0.9727841 7.108867e-13 0.8983959 0.9354009 0.08218761 0.00019677941 1.0036242e-05 0.02514288 0.0015283971 0.08974856 0.0026601765 0.01259121 0.10213906 0.0004815136 0.67432755 0.6904197 0.00035833885 0.002432765 0.00019089747 1.3576884e-05 0.009016077 0.00023900425 0.69321907 0.0006222891 0.0037565448 1.1883561e-06 5.579687e-07 0.583181 6.5510576e-05 0.0009247636 3.249349e-05 2.4979297e-06 7.020585e-06 0.19082707 1.5889633e-05 0.010439625 0.0013539608 0.11427131 3.296719e-05 0.021380192 4.852705e-06 0.0029537764 3.6011426e-07 1.5165991e-06 7.0788346e-08 6.551473e-08 2.3777031e-05 0.28727403 0.013873638 1.9942324e-07 0.0015917136 0.0009300464 0.007663398 0.001107041 0.36610556 7.991641e-05 1.3195164e-06 0.0021094063 0.001291436 1.3465589e-07 5.2831194e-05 4.528333e-06 9.892057e-07 0.0012279141 4.144615e-06 0.00033844306 3.4357367e-05 8.061263e-08 1.3463555e-06 3.3114954e-06 3.8060448e-06 5.2070686e-07 0.00079735956 3.1417258e-06 0.0012059052 5.364633e-07 0.00035138382 1.0906904e-06 4.2465632e-07 0.00034806048 4.1545263e-05 0.00057156297 2.0689741e-07
0.97765034 0.05244368 0.008611746 0.0045034387 0.028939208 0.26578912 0.31862465 0.0031797057 0.56192076 0.84872663 7.6006065e-05 0.29602703 0.00042157233 0.9522329 0.029152108 0.013004539 0.024500865 0.000924317 0.9263374 0.8983959 3.5863416e-14 0.3909679 0.69907886 0.00018014354 1.585264e-05 0.0005542828 0.070764475 0.55136615 0.037689313 0.0002557086 0.004748518 0.0021708778 0.9047218 0.62602884 0.013020945 6.0885395e-05 0.00017608266 2.295597e-05 0.0014603857 0.0004230349 0.44903648 0.00027867805 0.00048191054 1.148139e-06 5.1159255e-08 0.76873374 3.1543095e-05 6.508185e-05 1.3117481e-05 4.130585e-07 7.1535874e-06 0.78041404 7.2561816e-05 0.023640653 0.00070892315 0.59569466 0.0001178634 0.00853481 1.0010146e-05 0.00040016288 7.538801e-08 2.661374e-06 6.447417e-08 2.4359453e-08 9.926659e-06 0.781026 0.0069173705 1.962843e-07 0.0039004541 0.00043511853 0.009351832 0.000117770585 0.11453892 8.8707475e-06 2.9909822e-06 0.0021636244 0.00025395228 7.943008e-08 1.2467728e-05 2.3578714e-06 7.81863e-07 0.0001699836 4.0575574e-06 5.5417593e-05 1.5957663e-05 5.595761e-08 1.8277215e-06 1.4253756e-05 1.2732228e-06 3.0318907e-07 3.3070475e-05 7.0757795e-07 0.00046934088 3.1615917e-07 0.00070318725 6.5384313e-07 7.132718e-07 0.00020203635 2.8240529e-05 0.0001328816 2.1193458e-07
0.8764149 0.004919959 0.0006701333 0.00020173562 0.005091199 0.008617826 0.0068518654 8.863353e-05 0.37671182 0.110914774 2.2808365e-05 0.87634844 0.00021504013 0.093515314 0.00041102935 0.6660694 0.8477841 0.00029236978 0.9261964 0.9354009 0.3909679 6.7576905e-14 0.024456738 6.677852e-05 9.412172e-07 0.3746713 0.0023921789 0.021392163 0.0009377106 0.21462256 0.88973534 0.000119230324 0.30244866 0.77252245 0.0004131831 0.03470068 3.4802164e-05 2.1378319e-06 0.15506196 0.00010926435 0.70207316 0.027407683 0.104366705 1.318453e-07 2.8204578e-08 0.24170622 0.00015967825 0.002351021 0.0008355722 4.874802e-08 1.102103e-06 0.07369464 2.2241045e-06 0.016842844 0.0002460186 0.055857904 1.9422763e-05 0.065973364 1.8688195e-06 0.041020706 1.0088583e-08 4.0227647e-08 1.8842337e-09 1.5180321e-09 0.00019968048 0.09813887 0.012403274 6.183611e-09 0.0009026853 0.0065176133 0.0053630834 0.009919908 0.38248074 3.276796e-05 1.6250774e-06 0.00042000526 0.004107486 4.294371e-09 0.0014563558 1.3413386e-05 6.610049e-09 0.0015725194 2.767444e-06 0.004681969 5.2591164e-05 3.3316114e-09 3.8261373e-08 8.606208e-06 1.2384125e-05 6.9958032e-06 0.0005362886 8.648852e-06 0.0014340307 1.2231874e-07 0.00015739155 1.2930023e-07 6.558912e-08 0.0005260335 0.00010508753 8.3383246e-05 2.7355662e-07
0.85315156 0.001659432 0.00027653994 0.0067940834 0.0030325186 0.024207074 0.07569911 0.014700239 0.014524548 0.34539914 0.007753791 0.005847836 0.04084995 0.981926 0.43159848 1.2910284e-05 0.000897222 0.08557298 0.17390117 0.08218761 0.69907886 0.024456738 8.8266863e-16 0.0064333747 0.008219878 3.4089862e-05 0.95182484 0.8927707 0.65954167 3.6790607e-05 0.0013729114 0.118906215 0.3485963 0.0907645 0.21318494 9.938936e-06 0.01657275 0.0010325642 0.0007546038 0.02200919 0.035332046 0.00028106014 0.0001606874 0.001162405 1.8842375e-05 0.16691485 7.269969e-06 8.972413e-06 8.065839e-06 3.367383e-06 0.0020924378 0.59132546 0.00408199 0.05143174 0.036225785 0.56903493 0.0074556465 0.0017640403 0.00013247554 0.0006678821 6.801331e-07 8.334198e-05 5.410316e-06 1.7655219e-07 6.844918e-06 0.38554707 0.0031153455 1.6422117e-06 0.056744505 0.0010916083 0.003955725 0.000290024 0.013307354 7.338408e-06 0.00023739683 0.026838636 0.00028258728 9.826653e-07 7.9070705e-06 6.76616e-06 3.6948936e-07 8.057455e-05 1.6161089e-06 3.0811963e-05 1.0405045e-05 6.604529e-09 3.3338065e-06 0.001371965 1.9843967e-06 1.13953924e-07 7.985789e-07 1.467107e-07 0.0009780977 1.3724254e-08 0.0017794253 2.8489842e-08 6.3119473e-06 0.0037675845 0.00030399644 0.0013420668 1.2401568e-07
0.10153773 0.00037902975 1.303054e-05 0.37318563 0.00010910098 0.00074271206 0.004506455 0.30311957 0.00022691871 0.00026576026 0.8062751 2.0991984e-05 0.87875116 0.007145127 0.11754343 5.3909736e-07 4.0759755e-06 0.8212131 0.00013168427 0.00019677941 0.00018014354 6.677852e-05 0.0064333747 4.663738e-16 0.99198973 6.253761e-06 0.23871541 0.007772711 0.0037695465 9.341821e-07 1.4761932e-05 0.32022265 0.0005159408 0.00037859118 0.0069249547 1.6392029e-06 0.7119771 0.8691148 1.6967845e-06 0.08228439 0.00065343984 1.9096528e-07 1.1845934e-05 0.43436643 0.24821006 0.0026171105 4.2740695e-07 7.884033e-07 1.1687927e-06 0.2643817 0.10936878 0.002769267 0.034819 0.00055245496 0.08879026 0.0018113955 0.11967793 3.449779e-05 0.79177016 1.38403e-06 0.052376077 0.25589862 0.01169042 0.048600264 4.921669e-06 0.00078574475 0.00010107546 0.036596823 0.10281832 3.297172e-05 2.3402285e-05 0.00015054457 4.386611e-05 4.6130203e-06 0.014127803 0.007600702 3.9268038e-05 0.01794473 5.7969323e-06 2.7550814e-07 0.002846414 7.464311e-05 1.3428623e-06 1.2210226e-06 1.3637226e-05 2.3551242e-05 0.0013078777 0.016331628 5.244286e-07 1.2086488e-07 2.6881758e-06 2.6860778e-09 0.00019348215 7.277585e-10 0.00016435688 3.183923e-10 0.010857407 0.034973964 0.0002553996 0.042650286 1.7141033e-09
0.13139193 5.642668e-06 6.402077e-08 0.0012166888 5.9086733e-06 3.4229618e-07 7.2807474e-05 0.006826011 7.8662076e-08 3.837819e-05 0.14137964 4.9924797e-08 0.6434843 0.0047537293 0.0964056 1.6737392e-08 7.3007794e-07 0.9326745 1.5398908e-05 1.0036242e-05 1.585264e-05 9.412172e-07 0.008219878 0.99198973 8.668714e-17 3.1878744e-09 0.27030042 0.010875044 0.009599989 4.0770914e-08 7.217457e-09 0.53749126 0.0001518036 6.2823616e-05 0.025192816 1.240701e-07 0.8143728 0.6415366 1.2763166e-08 0.16370884 2.9199164e-06 2.1413248e-08 3.2135915e-07 0.4178246 0.01984333 0.0007023626 6.0460508e-09 1.05561064e-07 2.7722024e-07 0.015627839 0.11351467 0.0028290034 0.030324304 5.0825292e-05 0.20425493 0.001284305 0.18712118 1.356741e-05 0.67091906 5.778973e-07 0.008087807 0.12241456 0.0060613337 0.00891964 3.7365892e-06 0.00048047668 9.9138115e-06 0.011982119 0.092544116 1.2932348e-06 1.0538504e-05 1.429884e-06 5.006832e-06 4.7466813e-07 0.03200569 0.012435109 2.4837627e-06 0.0136040915 3.998325e-06 2.7850213e-08 0.0019139466 5.180567e-06 3.04111e-06 1.2268734e-07 1.1735418e-06 1.9340603e-05 0.0018800895 0.034147754 2.3177778e-07 7.4491013e-10 9.0098956e-07 6.285426e-08 0.00018272267 5.035921e-07 0.00089597143 2.611224e-09 0.014844888 0.013532244 0.0009380652 0.026892107 3.127344e-08
0.00582861 4.6055434e-06 1.6881208e-07 2.6527207e-06 4.319243e-06 3.555336e-08 1.9695202e-07 4.4733164e-07 0.016117085 1.0314137e-06 1.5970573e-07 0.72809875 5.5891267e-08 3.4951772e-05 7.5166287e-07 0.9528732 0.8265969 2.7951097e-07 0.010791949 0.02514288 0.0005542828 0.3746713 3.4089862e-05 6.253761e-06 3.1878744e-09 1.2972989e-15 4.775295e-07 2.7365915e-05 1.1089354e-05 0.96266013 0.7574678 2.7006033e-07 0.00085146754 0.011304392 8.9203456e-07 0.96368694 3.2487187e-06 3.9962202e-08 0.17007545 1.10945265e-07 0.028176846 0.12097768 0.22065085 4.486281e-08 5.3858523e-10 0.0015763271 0.00419116 0.14566843 0.006404789 3.1722514e-08 4.9063625e-10 0.00012737777 1.884532e-09 9.869409e-06 9.461855e-08 7.8503464e-05 1.8547395e-08 0.011112519 1.8012205e-08 0.009102004 5.666973e-08 2.0128465e-07 5.0904237e-08 4.4731374e-09 0.00031605293 0.0003165283 0.0002118359 3.1505767e-10 1.63339e-06 0.00038262858 6.461458e-06 0.0031447418 0.0057022204 0.00091857964 3.302529e-08 2.472217e-07 0.0001543516 5.163251e-09 0.00017186812 9.601434e-07 5.1809657e-10 0.00019212552 6.3601937e-07 0.01860837 6.6067178e-06 1.2823577e-09 7.207446e-08 6.751129e-08 1.2661947e-06 4.9970413e-07 1.0122445e-05 9.988785e-06 0.0003927581 7.489142e-08 8.625191e-09 1.4000902e-07 2.120848e-07 2.3778655e-06 1.991134e-06 1.9029054e-06 1.3826508e-07
0.94350845 4.6595673e-05 4.3446482e-07 0.0065113944 2.8950184e-05 0.0040555946 0.036902696 0.038604263 0.0010728913 0.05282668 0.075456716 0.00045007482 0.1783913 0.52006304 0.8757188 8.0364117e-07 0.00013948267 0.6925465 0.0364748 0.0015283971 0.070764475 0.0023921789 0.95182484 0.23871541 0.27030042 4.775295e-07 9.121408e-16 0.9302667 0.86680794 3.180206e-06 0.00015334581 0.83939326 0.035705708 0.009222685 0.83989096 6.1143044e-07 0.38896263 0.039756764 2.647321e-05 0.52921945 0.0044185924 3.7988104e-06 2.958019e-05 0.014554472 0.0028491393 0.07920963 2.9294746e-08 2.8733683e-07 6.992214e-08 0.00012966087 0.026070993 0.39689064 0.034302473 0.05595988 0.25728688 0.38071093 0.1260944 0.0012916368 0.003059088 0.00057625136 1.3037875e-05 0.0027715182 2.0933347e-05 1.34073125e-05 2.1582801e-08 0.101060055 0.0014411332 0.0001130589 0.38958007 0.0011313829 0.0033307306 3.9615632e-05 0.009406295 5.172384e-07 0.007738769 0.16336143 2.9963767e-05 3.1684256e-05 1.6598685e-06 9.795537e-08 1.1667841e-05 4.8387785e-05 5.2659163e-07 3.7722344e-05 6.0640655e-06 1.46683625e-08 2.047852e-05 0.009805263 2.965877e-07 5.462672e-09 1.5473697e-06 4.1851025e-09 0.0023241418 7.1497026e-09 0.005169453 1.6138699e-09 0.00013349917 0.040983047 0.0030815313 0.012275476 1.182597e-08
0.9430754 0.001720275 0.00021058363 0.010418679 0.002548541 0.04556028 0.10469828 0.02188294 0.033854786 0.46948856 0.037503324 0.017106049 0.07475193 0.48837048 0.55945235 4.232748e-05 0.0006704008 0.10140038 0.090677544 0.08974856 0.55136615 0.021392163 0.8927707 0.007772711 0.010875044 2.7365915e-05 0.9302667 5.0844694e-14 0.961615 0.0001423769 0.001491097 0.16179208 0.26684278 0.06574672 0.7990419 9.003802e-06 0.04141179 0.004218752 0.0008159858 0.041537676 0.031263612 0.00040525396 0.00018794343 0.0027040157 8.264257e-05 0.33280772 8.105729e-06 1.1104615e-05 1.6238566e-06 8.658921e-06 0.0032228068 0.80271536 0.005653271 0.16893597 0.0851328 0.754112 0.021970645 0.0028326386 0.0002256586 0.00040004533 4.785994e-06 1.3455679e-05 1.2341186e-05 3.852542e-07 6.01671e-07 0.35605124 0.008114009 3.8702715e-06 0.13837719 0.0023641957 0.0145455 0.00011733931 0.026280196 5.7152665e-06 0.0007824717 0.13553336 0.00014452098 3.1329803e-06 1.2528408e-05 5.554635e-06 6.6360656e-07 0.00030179045 2.078131e-06 8.2155515e-05 1.7720518e-05 2.2298556e-08 2.8764598e-06 0.0054199146 1.5551456e-06 3.544266e-08 8.677926e-06 1.0619592e-08 0.0031639056 3.4189373e-08 0.012328212 1.9024897e-08 4.6783466e-06 0.029495962 0.0042325566 0.006788401 1.946492e-08
0.38225076 4.8402373e-05 1.2145503e-06 9.01164e-05 7.700424e-05 0.00019348248 0.0009873505 0.0013290846 9.3355506e-05 0.0049053957 0.0007794639 0.0011692321 0.0022435184 0.40685362 0.0293468 3.1195434e-06 8.817716e-05 0.07054946 0.030329099 0.0026601765 0.037689313 0.0009377106 0.65954167 0.0037695465 0.009599989 1.1089354e-05 0.86680794 0.961615 2.215235e-19 1.0057311e-05 0.00027092776 0.0865575 0.4141167 0.071905166 0.9620395 6.428869e-06 0.01953649 0.0024914234 0.0002537596 0.047926787 0.036088053 5.5957218e-05 0.00029826935 0.0010593582 6.781338e-05 0.2574849 2.2260154e-07 8.43049e-06 1.7291957e-05 7.3839897e-06 0.016085086 0.5871341 0.015171598 0.6277235 0.31230316 0.3543407 0.048577573 0.023614746 0.0006717342 0.0034676406 2.8401676e-06 1.1307717e-05 1.2094888e-06 5.2110477e-07 1.4794531e-05 0.1055146 0.009472537 3.6231897e-05 0.040575493 0.0023600145 0.0069067148 0.00017017077 0.0055460264 2.0746528e-07 0.0014113486 0.04444641 0.00011126649 5.0118433e-06 5.943169e-06 7.99612e-06 8.801534e-07 0.0001361191 2.0765945e-07 4.7190046e-05 1.165991e-05 2.8511677e-09 6.887198e-06 0.0038368935 6.024594e-07 1.2273748e-08 5.999418e-07 7.48761e-09 0.0010858334 1.207466e-08 0.0055116354 1.391724e-08 1.08306e-05 0.003321153 0.0017681913 0.00042907224 2.559517e-09
0.061866313 0.00012799223 9.712748e-06 6.6166905e-07 7.7768964e-05 1.145004e-06 1.8262448e-07 3.5969274e-09 0.0027644776 3.7873074e-06 4.298036e-08 0.041881945 4.0835687e-07 2.2620492e-05 2.0331065e-06 0.19054332 0.19565672 8.3800686e-08 0.0025825815 0.01259121 0.0002557086 0.21462256 3.6790607e-05 9.341821e-07 4.0770914e-08 0.96266013 3.180206e-06 0.0001423769 1.0057311e-05 3.501043e-12 0.9335838 9.2728527e-07 0.0008723764 0.019872474 4.120755e-06 0.98343354 8.0092957e-07 1.6766973e-07 0.4487147 1.0610402e-06 0.054823454 0.4526539 0.7117101 5.0774367e-09 1.7839702e-09 0.0030566335 0.015134039 0.14000577 0.08809428 3.289014e-08 9.926039e-09 0.00010756975 2.0971314e-07 3.0807583e-05 1.2017646e-06 2.3505847e-05 1.8012351e-07 0.06071066 1.7574602e-07 0.084358186 6.7611666e-08 1.1965012e-07 1.5125618e-08 1.2749418e-08 0.007316979 0.00017347463 0.0029141274 7.4076306e-10 2.039558e-06 0.0047789705 0.00040023366 0.06321703 0.007132239 0.005015645 1.9444473e-08 3.3084888e-07 0.004449792 1.13919924e-07 0.002258679 5.8363024e-05 9.765744e-08 0.0041767955 2.5173498e-05 0.49009097 0.0005763414 1.8938477e-08 4.1804194e-07 3.2651076e-07 0.00010356669 2.7988294e-06 0.0013747193 7.3861345e-05 0.0042190775 2.377126e-06 3.0858146e-06 2.4745582e-06 4.191935e-08 1.8563864e-05 1.4641844e-05 3.923669e-06 5.752009e-07
