4.378079e-19 0.80313134 0.9640921 0.92052376 0.94922733 0.9087162 0.35224232 0.9232745 0.9021608 0.73229396 0.10705603 0.8665031 0.49714893 0.97761756 0.018353581 0.28642488 0.97832596 0.9499695 0.96918845 0.9807362 0.53750813 0.96624905 0.07957233 0.6327946 0.9459207 0.023426283 0.028921895 0.017729033 0.9111865 0.77088463 0.8165522 0.9871798 0.9326467 0.84850556 0.7445154 0.9142886 0.911647 0.054762706 0.040237747 0.046839908 0.94458723 0.9750178 0.9966416 0.8172598 0.086290166 0.86352575 0.9304131 0.99693483 0.9732959 0.005661958 0.94526654 0.9902008 0.99551594 0.99212646 0.07524418 0.8804787 0.90788746 0.0027590774 0.99951404 0.98142934 0.9590438 0.9910325 0.9516873 0.9671423 0.97984207 0.9997048 0.25958294 0.97282046 0.8955023 0.9205523 0.9356313 0.88050085 0.0007815044 0.84299326 0.9960373 0.88712144 0.9903458 0.34835503 0.986239 0.013527269 0.90228325 0.9318256 0.9883965 0.0016066734 0.021484427 0.99987257 1.9649615e-05 0.93104273 0.0038019984 7.276965e-05 0.82529604 0.9893366 0.0025269012 0.107520685 0.99455357 0.9999905 0.31807226 0.99940205 0.004446551 0.92048585 3.3902987e-05
0.80313134 3.361871e-15 0.90035033 0.98956066 0.8920604 0.5914067 0.71201897 0.2992711 0.12633173 0.167907 0.7388458 0.063088514 0.28908354 0.29500395 0.3115596 0.032604054 0.0566286 0.52209693 0.047584884 0.27271006 0.0016924179 0.03608913 0.0013216317 0.006308623 0.11527753 0.0018459237 0.0036075176 0.00018893885 0.0013935444 0.00016050332 0.0012956866 0.59252894 0.002933519 0.00037641596 0.00045709143 0.030314963 0.00021343057 0.0005234069 1.3726303e-05 1.0502566e-05 0.00014880471 0.005667249 0.00433076 0.004591164 5.185393e-07 0.00015826258 0.0011880735 0.0006499198 0.0026966173 8.551666e-05 0.0012041165 0.019620363 0.018479772 0.0083898185 1.2382744e-05 0.0006958395 1.7312781e-05 6.1955566e-06 0.39655784 0.0001335543 0.001073952 8.9381945e-05 0.00018075928 0.00010778786 0.00013544055 0.017749967 1.5784248e-06 0.00046928538 7.0304345e-06 8.611696e-05 2.576833e-05 4.2122047e-06 2.6633228e-05 5.632133e-05 0.0001318255 4.9703804e-06 9.784917e-07 1.6840312e-06 0.0015190265 9.737386e-07 0.00011582901 3.7044345e-05 8.666311e-05 2.356717e-07 1.0911955e-05 0.002683705 9.990546e-08 6.9346324e-06 1.7805812e-07 3.2717558e-09 3.5205228e-06 0.0001230604 1.5781358e-06 8.303697e-08 0.00040907916 0.0032323475 3.2668158e-06 4.869329e-06 1.0956136e-07 3.7083419e-06 1.1416843e-09
0.9640921 0.90035033 4.080848e-12 0.28105658 0.44787115 0.7886098 0.95486426 0.60331273 0.05348115 0.0024835984 0.45109078 0.25983712 0.63371813 0.44170606 0.63646626 0.21362007 0.04227009 0.69973683 0.08639561 0.5596415 0.012999803 0.004160266 0.002681304 0.0017952966 0.22100435 0.00016778962 0.020614073 0.0013376488 0.00014712776 0.0011947562 0.016746847 0.6878008 0.02366427 3.1150928e-06 3.805767e-05 0.5188816 0.0004696283 4.642384e-05 1.2739125e-06 5.657597e-05 7.596882e-05 0.014477992 0.09887626 0.0019647693 1.0015617e-05 9.573151e-06 0.00066337973 6.1531755e-05 0.07439007 0.0001691382 8.166059e-05 0.10500526 0.25182027 0.11142581 3.1241757e-06 0.0023290808 1.8287607e-06 1.4566072e-06 0.41043758 2.4179857e-05 0.008959438 0.00012355029 0.0006244545 0.0013841391 0.0011723496 0.21010877 2.2317504e-07 0.0034899663 8.491835e-07 2.216246e-05 6.5452754e-05 2.6649335e-05 4.0836778e-05 0.0006602621 1.1162673e-05 1.3904499e-05 2.7538576e-05 1.7767146e-06 0.00087535486 8.84314e-07 5.4192937e-05 5.7186903e-06 0.0015940067 5.795257e-08 0.000103864506 0.0038961954 8.278912e-09 5.2466825e-05 7.5516965e-08 1.6875711e-08 5.5813766e-06 0.00026435783 4.3696926e-07 1.7971867e-06 0.00024997507 0.008702251 1.9160962e-05 5.3597803e-05 5.142673e-08 1.1745557e-05 4.9791353e-09
0.92052376 0.98956066 0.28105658 1.9840773e-15 0.9079491 0.24136792 0.25708267 0.13211454 0.22973597 0.3103662 0.057314485 0.07930967 0.039599054 0.19290309 0.01899074 0.00271171 0.0946796 0.9235967 0.18487039 0.5672952 0.0004425639 0.10208465 0.00026608314 0.00427579 0.57463145 0.0013731593 0.002859775 3.6350055e-05 0.0002872066 0.00014514364 0.0018115172 0.6677283 0.0047004507 0.00013459781 0.000108414875 0.07163544 9.677054e-05 0.00060189463 1.3607476e-05 4.4698285e-05 6.6674664e-05 0.034127776 0.005723247 0.008425969 1.1455196e-06 4.078797e-05 0.0025169728 0.00035054723 0.0035041755 0.0002458094 0.0020541574 0.053507145 0.043499164 0.01211687 1.8607536e-05 0.0032949871 3.8850712e-06 4.7237663e-06 0.49009848 0.000101636084 0.00060171675 6.8505215e-06 0.00023328386 6.555345e-05 0.0001213403 0.012989554 3.095879e-07 5.049411e-05 5.3880694e-07 2.1607414e-06 2.662419e-05 4.159206e-06 3.7395696e-06 6.149491e-05 3.4414636e-06 1.2183769e-05 4.364603e-07 1.0681454e-07 0.006107102 4.497648e-07 1.427689e-06 4.2462878e-07 4.497837e-05 1.9133962e-08 1.9266038e-06 0.00650713 8.277712e-09 2.0499527e-05 2.0289402e-08 1.3770423e-09 1.5474068e-06 0.0008639237 1.1920052e-06 1.4927004e-06 0.0006107353 0.007905138 3.839195e-07 9.30284e-06 1.7692909e-07 3.3312256e-06 5.724392e-10
0.94922733 0.8920604 0.44787115 0.9079491 7.7747765e-14 0.1082801 0.2587094 0.042984277 0.9397447 0.7228483 0.69897604 0.9613323 0.012314781 0.019944225 0.028785264 0.0009878566 0.7200798 0.34281597 0.54780346 0.8335263 9.39843e-05 0.09215422 9.9690704e-05 0.18043736 0.21064645 0.028360667 0.0823339 8.862512e-06 0.0028335247 5.084503e-05 0.00024851228 0.5649313 0.0005161785 0.0002507917 0.0050153155 0.032635435 7.953749e-06 0.015190961 0.00083139836 5.122341e-06 0.000655912 0.008133381 0.00077134586 0.000899076 4.4397413e-07 0.00028053368 0.00020411282 0.00061077665 0.0008755223 0.0041699023 0.0014280368 0.017504085 0.020719957 0.00184204 0.0006690114 0.00019484124 5.9642378e-05 0.00028287174 0.568749 0.00023125374 0.00020849958 0.0001861271 7.612424e-05 4.1008866e-06 9.367005e-05 0.004425766 2.6655066e-06 8.604095e-05 3.5936177e-06 5.8597154e-05 1.3685581e-06 5.0814384e-07 0.0001459089 8.508591e-07 2.5292831e-05 1.5609507e-06 4.6675814e-09 2.9774455e-07 0.0029373781 5.3243602e-06 2.6235926e-05 5.096374e-06 2.0193203e-05 2.3049378e-07 1.9123447e-05 0.005659634 2.8020196e-07 1.1637515e-05 6.9081e-07 6.4661823e-09 7.3001e-08 0.00011754707 4.273892e-06 4.3767255e-08 0.00032010768 0.0044534877 4.0758982e-06 1.880431e-06 1.2847435e-07 4.17161e-07 5.242118e-10
0.9087162 0.5914067 0.7886098 0.24136792 0.1082801 7.773764e-15 0.36597285 0.9879551 0.031343546 0.002958772 0.02644857 0.005631478 0.8500536 0.85095394 0.29259968 0.4343398 0.012513025 0.6823867 0.024193158 0.089439616 0.22599585 0.0040441602 0.029436488 0.00014620644 0.26769632 1.2424055e-06 0.00012366912 0.009047396 5.3162494e-05 0.011849816 0.049963653 0.41431335 0.07726279 5.67416e-06 9.20605e-06 0.43300748 0.0036574502 1.6140818e-06 8.382147e-08 0.00019303647 2.0794565e-05 0.021477934 0.26159173 0.008353377 8.571319e-05 8.0482005e-07 0.0030712567 0.00044660154 0.047062837 2.7736344e-06 9.0013935e-05 0.06491602 0.16474327 0.07355684 6.1874434e-06 0.014046858 4.5442943e-07 3.4727847e-08 0.13652538 2.809209e-05 0.014751224 3.6083482e-05 0.0010981766 0.0022180309 0.0038999612 0.10136721 8.8298835e-09 0.007226794 3.811235e-08 2.2080637e-06 0.0003230851 0.00014123443 1.4605034e-06 0.00076415704 5.000708e-05 8.727562e-05 8.8157394e-05 7.99554e-08 0.0019686604 3.298752e-06 2.3081109e-06 6.5114494e-07 0.0015317824 6.572299e-08 1.469077e-05 0.004789496 3.7620726e-08 9.521886e-05 5.359136e-07 6.982265e-10 3.9068607e-05 0.0005563203 4.597944e-07 8.319943e-07 0.0016656478 0.020204842 3.431381e-07 0.00042222234 1.2997847e-07 8.6573306e-07 7.61966e-10
0.35224232 0.71201897 0.95486426 0.25708267 0.2587094 0.36597285 2.571986e-13 0.24943802 0.028319525 0.004422302 0.82488984 0.035430226 0.46441716 0.14842387 0.9914999 0.1392778 0.0028029098 0.3337035 0.012791486 0.10262008 0.008974894 0.00046421966 0.0009425475 0.00046697486 0.047886856 0.00027642972 0.009025058 0.0042161397 0.00012252558 0.00082188 0.0003596218 0.5275586 0.0047183903 9.77345e-06 1.7095838e-06 0.1778653 7.319721e-05 7.655827e-06 1.755261e-07 4.696843e-05 2.4834013e-05 0.0026264265 0.084561825 0.00084338395 1.1704072e-05 6.28249e-06 0.0003883447 0.00010682489 0.0021548243 9.879156e-06 5.088674e-05 0.010902491 0.012875457 0.0052368697 6.3633145e-08 8.7920125e-05 3.282986e-07 2.7319643e-06 0.14994371 6.005197e-06 0.00078589347 1.367227e-05 3.469893e-05 5.64873e-06 4.6127105e-05 0.034690548 5.8389162e-08 0.00028875392 4.4282942e-07 2.7523174e-06 3.9610286e-06 7.519726e-07 8.429163e-06 1.280937e-06 1.0911019e-05 3.2182088e-06 1.1832649e-08 3.2526074e-07 0.0005201697 2.0892172e-08 6.725399e-06 1.2256111e-06 2.1768068e-05 5.451923e-08 1.1814174e-05 0.0033582386 2.5978088e-07 2.6412674e-06 2.1037486e-08 7.1794517e-09 9.389762e-06 3.923899e-05 5.412899e-07 4.219293e-06 0.00034211396 0.005821797 8.6433275e-08 2.7186259e-06 2.2025588e-07 9.9653114e-08 8.708689e-09
0.9232745 0.2992711 0.60331273 0.13211454 0.042984277 0.9879551 0.24943802 5.2518468e-17 0.0088134 0.0024116035 0.010225219 0.003857296 0.8888259 0.9103377 0.29959014 0.54199845 0.0030573523 0.6510241 0.013511668 0.0715927 0.4146215 0.0024636197 0.06302509 2.7101521e-05 0.1282936 1.2326865e-06 0.00025628015 0.019425906 1.4846559e-05 0.0614409 0.11643694 0.22765547 0.15416713 1.3636386e-06 3.889197e-06 0.5287625 0.011931173 6.895857e-07 1.5485403e-08 0.0009321731 3.399054e-06 0.014372278 0.42387894 0.008034692 0.00023454627 1.7879645e-07 0.0048748935 0.00014714278 0.10833531 2.1169228e-06 6.608436e-05 0.07041544 0.24869053 0.12108802 1.5248903e-06 0.033735648 2.0695545e-07 7.648452e-09 0.09328877 2.9905088e-06 0.01787501 5.0726e-06 0.0016267622 0.004644975 0.0053833914 0.16475032 1.7783376e-09 0.0029802835 1.882829e-09 1.1998652e-07 0.00034006886 0.00029279053 1.4982056e-06 0.001996222 1.2584179e-06 9.8861536e-05 8.312909e-05 6.429792e-09 0.0010786896 7.2322985e-07 1.5220681e-07 4.721424e-08 0.00083766744 5.3274345e-09 4.2261167e-05 0.0028393823 1.5945394e-08 4.7627607e-05 1.08830946e-07 1.6225918e-10 3.008555e-05 0.000709782 1.5220703e-06 1.5122503e-06 0.0018280469 0.029433897 1.5762008e-07 0.00024382696 1.7515104e-07 5.807514e-07 3.3075873e-10
0.9021608 0.12633173 0.05348115 0.22973597 0.9397447 0.031343546 0.028319525 0.0088134 6.3796794e-17 0.9797809 0.043702755 0.48416108 0.0032644616 0.0038028453 0.0012091612 0.00023886866 0.9204623 0.08305844 0.70494235 0.5804343 1.9995048e-06 0.43479514 4.266428e-06 0.24348807 0.12221666 0.046664584 0.028849073 1.616522e-06 0.04230925 5.7310626e-06 3.2406842e-05 0.06153446 0.000198385 0.00416859 0.02405716 0.003233092 9.5313055e-07 0.035763226 0.0075733005 5.478904e-07 0.0022196497 0.014514406 0.00025163766 0.0034096646 1.3732163e-08 0.0019433317 0.0006917683 0.0032351476 3.3377084e-05 0.005135548 0.0132691655 0.014122662 0.01000851 0.000152413 0.0044448343 5.4405045e-05 0.00017290348 0.0006665916 0.13169618 0.0012957589 1.3307594e-05 0.00016395157 5.7702196e-06 2.2725405e-07 7.931738e-06 0.0010056832 2.0090954e-05 3.3508338e-06 0.00023707101 0.00014790475 6.828964e-08 1.0583645e-07 4.710075e-05 4.1463387e-08 6.2073705e-05 1.6543429e-07 3.0762734e-10 9.552581e-07 0.010842176 4.52453e-06 9.702699e-05 1.732482e-05 3.8763457e-07 1.3650549e-07 8.4160575e-07 0.013360598 1.0594657e-06 1.6467175e-06 1.0526144e-06 1.5295829e-08 2.606124e-09 5.7913596e-05 8.1057124e-08 5.160042e-09 0.00013268722 0.008020303 1.1665844e-06 5.499283e-07 6.0062817e-09 1.1236567e-08 1.9766676e-10
0.73229396 0.167907 0.0024835984 0.3103662 0.7228483 0.002958772 0.004422302 0.0024116035 0.9797809 1.9709408e-18 0.007951714 0.011024664 0.0003144733 0.005266562 0.00036690375 4.90427e-05 0.77481574 0.38885206 0.9371016 0.8113705 1.2744394e-05 0.83316654 6.3220136e-06 0.011082251 0.4318454 0.0039643794 0.0013233798 2.9625426e-06 0.030538965 9.901812e-06 6.825132e-05 0.08472107 0.0006123692 0.0070305425 0.0005885066 0.0036701108 1.1959019e-06 0.0035912094 0.0002072356 1.915727e-07 0.0021291948 0.05363494 0.00031076334 0.012668833 1.7697295e-07 0.0032130682 0.0044432892 0.001559292 0.00019246976 2.0297733e-05 0.016372103 0.017443094 0.0049795164 0.00073804415 2.9546552e-05 0.00033850054 3.0637413e-05 1.3264254e-06 0.22630486 0.0005093165 0.00010480529 0.00014312456 3.554931e-05 8.250659e-06 5.772793e-05 0.0003639383 4.3846282e-07 5.529907e-05 9.085195e-05 8.278929e-05 2.284774e-06 8.160905e-07 1.3348687e-05 7.369262e-07 2.0385654e-05 9.156373e-07 5.3506937e-09 5.792196e-08 0.009170728 3.2855717e-06 2.046824e-06 1.6514055e-06 4.0357145e-06 8.1035175e-08 1.9934632e-06 0.007232175 2.9067495e-08 3.5031912e-06 3.4440916e-07 3.4892622e-09 9.8207495e-09 0.0003303465 2.0089574e-07 6.2282275e-08 0.00012402132 0.0053675734 3.1314198e-07 1.3928726e-06 3.6425216e-09 5.2619953e-09 3.3586063e-09
0.10705603 0.7388458 0.45109078 0.057314485 0.69897604 0.02644857 0.82488984 0.010225219 0.043702755 0.007951714 1.1161638e-15 0.9580553 0.027180023 0.00715116 0.97793496 0.008385343 0.02078908 0.022650257 0.005949953 0.0729355 0.00034591663 0.00020092439 0.000175238 0.08003412 0.004247337 0.1833301 0.8950916 0.0009097673 0.00586987 7.7521196e-05 0.00017687537 0.09993233 0.00021171551 0.00017842486 0.0003961794 0.0035960502 6.1231105e-05 0.004170847 4.8250466e-05 1.3112302e-05 0.00012198995 0.00010553374 0.0010573865 3.525222e-05 1.8964114e-07 9.0537515e-06 2.5715144e-06 7.524906e-05 0.00025393994 0.0030671796 7.5287066e-06 0.0003068512 0.00012190086 0.00012194342 3.0180667e-05 1.25243105e-05 5.0093375e-05 0.00025152584 0.016987171 2.0662257e-05 0.00015497136 1.0409957e-05 3.9261804e-06 1.0539981e-05 1.0544998e-05 0.0012061083 1.183063e-06 5.8992853e-05 1.8955383e-05 0.00013670293 8.027225e-06 1.2572274e-05 0.000112874564 1.4119719e-05 1.3208882e-05 1.8501171e-07 3.9490224e-08 6.612186e-07 6.5601234e-05 2.0473706e-06 2.8245347e-05 5.761032e-06 2.997144e-06 2.0859035e-07 0.00014326905 0.001369685 2.0369016e-07 5.492008e-07 9.170324e-08 5.4101115e-09 2.3472146e-06 1.7381842e-06 1.7712087e-07 3.2359554e-07 4.5890954e-07 0.000912719 6.821661e-06 4.0372174e-07 1.4364692e-08 7.877378e-08 1.7863196e-09
0.8665031 0.063088514 0.25983712 0.07930967 0.9613323 0.005631478 0.035430226 0.003857296 0.48416108 0.011024664 0.9580553 6.5368365e-14 0.00054925145 0.0068193553 0.0033370974 4.2299795e-05 0.824601 0.07664701 0.3694691 0.6226758 1.51336335e-05 0.00861986 2.7411324e-06 0.96915895 0.03805786 0.5341364 0.7762336 3.6114793e-06 0.0014372381 8.767705e-05 0.00042202126 0.20002206 0.00025236342 0.00011314777 0.025573337 0.008381514 1.8854876e-06 0.050755147 0.00042402023 2.183834e-06 0.0002118066 0.0020131837 0.00062924443 7.9706726e-05 1.5871335e-07 3.0333526e-06 1.7166374e-05 0.00058870896 0.0018769786 0.028871464 6.8385893e-06 0.0030422932 0.000841266 8.511602e-05 0.00019427516 2.6376667e-05 7.698911e-05 0.002590848 0.34109786 6.5574216e-07 0.0004807134 5.69447e-05 1.712068e-05 6.351653e-05 2.9833605e-05 0.0029031883 5.058812e-06 0.0005505539 4.140775e-08 2.578153e-05 7.1783957e-06 1.6167802e-05 0.0004658799 3.4505556e-05 1.1689514e-05 4.6508742e-07 2.83966e-07 1.3857787e-06 0.0001353707 8.169039e-06 8.131368e-05 9.15512e-06 4.537785e-05 1.3433273e-06 0.0003453889 0.00021365256 4.3266786e-07 1.6127632e-06 6.1346977e-06 1.8177816e-10 4.889585e-06 1.5218975e-06 3.4006655e-06 1.8573106e-05 1.0755313e-06 0.00062284956 0.0007535391 3.4565808e-08 9.719122e-08 3.589235e-07 1.6988794e-10
0.49714893 0.28908354 0.63371813 0.039599054 0.012314781 0.8500536 0.46441716 0.8888259 0.0032644616 0.0003144733 0.027180023 0.00054925145 1.8679111e-15 0.79455197 0.71004266 0.98524696 0.002032367 0.27937686 0.008651641 0.029491272 0.66100645 0.0001820865 0.15624666 1.76179e-05 0.046787217 6.353601e-08 0.00010361045 0.2270095 3.4208065e-06 0.13146077 0.15291674 0.10025244 0.26795262 3.785796e-07 1.3265601e-07 0.5095547 0.01261304 5.037257e-07 1.1836011e-08 0.0014519439 2.6679559e-06 0.004603807 0.65365773 0.0016357143 0.0002508783 6.5117104e-07 0.0008158045 5.2687792e-05 0.112447396 3.3096848e-07 3.9705465e-05 0.022196881 0.074951075 0.06888383 1.8968527e-07 0.013483955 3.8632558e-07 8.4489e-09 0.018721737 4.9480104e-06 0.016487753 1.5647829e-06 0.0030136849 0.005917897 0.0031255037 0.30313298 8.994168e-09 0.0041398476 8.8256735e-09 5.1661823e-07 0.00031892266 0.00021530133 1.4002659e-06 0.0018694283 5.341168e-06 0.000115814095 1.5674392e-05 4.259979e-08 0.0004918106 3.3826862e-07 6.984817e-06 1.0821055e-06 0.0012444382 8.63144e-10 0.00012306614 0.0025050796 2.2090113e-08 0.0001354296 9.71649e-08 6.354794e-10 2.1988899e-05 0.00037932032 2.0137634e-06 1.0724525e-06 0.0019195667 0.01137013 1.0617532e-07 0.00042395777 2.220203e-06 4.347274e-06 1.6631468e-10
0.97761756 0.29500395 0.44170606 0.19290309 0.019944225 0.85095394 0.14842387 0.9103377 0.0038028453 0.005266562 0.00715116 0.0068193553 0.79455197 1.7350428e-13 0.10903024 0.5173466 0.0018877118 0.85593414 0.0066819997 0.05508971 0.6978753 0.001502655 0.2837705 4.0682342e-05 0.09616891 6.5878876e-06 0.0012561788 0.0695775 4.657957e-06 0.44735554 0.29585105 0.29796234 0.2694685 4.835254e-07 1.3342274e-05 0.732428 0.16059962 2.7163637e-06 7.388237e-08 0.036428176 4.067906e-06 0.021251986 0.35043263 0.049146064 0.0028264185 4.642196e-06 0.04214395 2.195617e-05 0.33922297 0.00016362198 0.0003950012 0.25806016 0.5840761 0.34925973 1.8805656e-06 0.13853353 2.217762e-07 1.60092e-07 0.18207467 1.0639468e-05 0.09107994 1.9100937e-05 0.011506087 0.024128417 0.03476415 0.4652727 6.504359e-08 0.008480987 5.6926615e-07 3.5624769e-06 0.0038377317 0.0058736354 0.00023404688 0.009119237 2.1508895e-06 0.00047092134 0.00033255728 4.698411e-07 0.0022101412 7.628787e-06 2.6781145e-06 5.6437307e-07 0.0031412754 4.78745e-06 0.0045060143 0.0028827104 2.2553727e-06 0.00021122485 3.3347268e-07 4.0433554e-09 0.000463053 0.008145467 0.00017972432 0.00020128822 0.006806585 0.09430545 2.5722625e-06 0.0035621275 7.755547e-06 0.00014547289 1.6144219e-06
0.018353581 0.3115596 0.63646626 0.01899074 0.028785264 0.29259968 0.9914999 0.29959014 0.0012091612 0.00036690375 0.97793496 0.0033370974 0.71004266 0.10903024 1.3548142e-13 0.7990629 0.00071618124 0.072464876 0.0006120457 0.0033907695 0.17254898 2.5246847e-05 0.049566276 0.00027123617 0.002697937 0.00020046523 0.0071891686 0.53392303 5.8160447e-05 0.01923123 0.005450336 0.023923678 0.028578892 2.0494217e-06 1.4985942e-06 0.032880023 0.00070035504 3.946666e-06 1.0766981e-06 0.00047887722 1.3848441e-05 8.355471e-05 0.0594303 0.00012843646 0.00050121924 5.0695967e-06 2.4600324e-05 4.3662763e-05 0.0027219926 5.3185267e-05 3.7580962e-06 0.00042591934 0.0008829443 0.0041195215 1.9178788e-05 0.00019725817 7.3851165e-06 4.029784e-06 0.0023800742 3.2710182e-06 0.0010681562 1.8904716e-06 9.919387e-05 0.0003129603 0.00024035465 0.007544736 6.226194e-07 0.00090409257 7.5934224e-08 4.099194e-06 0.000105118386 0.0001345344 2.9349321e-05 9.683286e-05 3.8918242e-06 5.1327856e-06 2.7308106e-06 2.2377752e-07 5.840498e-06 6.676168e-06 1.1150098e-05 1.2190144e-06 5.621449e-05 1.0001086e-06 0.0026004887 0.0006210065 1.5748215e-05 4.3408854e-06 2.0086624e-07 2.3194792e-08 1.8714403e-05 1.788241e-05 3.4646455e-05 3.5943665e-07 9.44044e-06 0.0009759931 6.798267e-08 1.183098e-06 2.3329587e-06 1.5436858e-07 1.4673854e-07
0.28642488 0.032604054 0.21362007 0.00271171 0.0009878566 0.4343398 0.1392778 0.54199845 0.00023886866 4.90427e-05 0.008385343 4.2299795e-05 0.98524696 0.5173466 0.7990629 1.1517226e-14 0.00015696629 0.06153622 0.000619574 0.0026352957 0.9502956 1.37837205e-05 0.594552 1.3934784e-06 0.0072097834 6.286349e-08 3.222092e-05 0.69747764 9.691267e-07 0.28150633 0.35754788 0.021814356 0.43247852 5.516325e-08 9.65359e-08 0.44242013 0.012413623 2.5758254e-07 1.8591207e-08 0.002614501 4.3654478e-07 0.0008761408 0.6506274 0.00076579984 0.0010321606 8.675716e-08 0.0004103463 4.450163e-06 0.1351988 4.6439692e-07 2.996987e-06 0.005984336 0.028047793 0.039191134 8.599487e-08 0.010114461 1.7474493e-07 1.5067942e-08 0.003104202 5.604956e-07 0.012312444 2.444163e-07 0.0019937032 0.007387685 0.002587802 0.4056915 1.3460343e-08 0.0026223883 3.5937457e-09 5.2387445e-08 0.00040350028 0.0002864142 1.0966742e-06 0.0023391915 1.6970029e-06 9.1281065e-05 6.9848697e-06 4.5329426e-08 6.495994e-05 4.4004713e-07 9.344235e-07 2.047891e-07 0.0014779738 9.712946e-09 0.00013612819 0.0006029986 3.1817547e-07 0.00022360805 3.5204756e-08 2.398991e-10 1.3966803e-05 0.00033098695 7.205109e-06 3.1532225e-06 0.0012480376 0.008724867 1.0812079e-08 0.00048033192 4.8782763e-06 6.561215e-06 6.0179406e-10
0.97832596 0.0566286 0.04227009 0.0946796 0.7200798 0.012513025 0.0028029098 0.0030573523 0.9204623 0.77481574 0.02078908 0.824601 0.002032367 0.0018877118 0.00071618124 0.00015696629 5.2133506e-14 0.029297007 0.89097124 0.600445 6.9909943e-06 0.5089215 1.0089013e-05 0.8958178 0.04863865 0.21478966 0.11789298 1.5873864e-05 0.8504881 2.2593778e-05 1.04029405e-05 0.04870026 6.016085e-05 0.22001371 0.73879033 0.0014686016 3.7213877e-07 0.48057932 0.102081 2.6888247e-06 0.042405106 0.009357086 0.00013926814 0.0012489764 3.7511117e-07 0.04352514 0.00030285664 0.04315987 1.805583e-05 0.027303696 0.03865957 0.010439411 0.013374161 0.00013883927 0.14353363 3.017523e-05 0.001993372 0.019504163 0.230928 0.009013545 5.471038e-06 0.012879953 1.2887821e-05 3.7285528e-07 7.665682e-06 0.0010309815 0.0004129682 2.5720444e-06 0.0040043755 0.0007375183 2.418943e-07 8.929152e-06 0.005075903 1.044262e-07 0.0008580688 1.6626548e-07 6.1524325e-10 0.00013673292 0.024339532 0.00023562869 0.00048404356 0.0001617978 1.6932428e-06 6.87842e-05 8.4501735e-05 0.036226414 6.6490014e-05 1.1117734e-05 2.4097031e-05 3.0911764e-07 2.1428235e-07 0.00024350094 5.0739113e-06 1.41614755e-08 0.0007669042 0.0066523287 7.184336e-05 1.4739726e-06 1.764448e-07 6.125975e-08 1.4173304e-07
0.9499695 0.52209693 0.69973683 0.9235967 0.34281597 0.6823867 0.3337035 0.6510241 0.08305844 0.38885206 0.022650257 0.07664701 0.27937686 0.85593414 0.072464876 0.06153622 0.029297007 2.3817094e-12 0.10814243 0.47684234 0.0346584 0.20010678 0.010684743 0.017117668 0.9406005 0.0019934312 0.0066111875 0.0015954371 0.0018733627 0.01944144 0.040514167 0.9298139 0.026207406 0.00037137905 0.00024310694 0.2160274 0.03825278 0.0010825727 0.0001925026 0.0016005691 0.00060792913 0.08061145 0.02535477 0.062943056 0.00019048029 0.00051444373 0.03984519 0.00010392405 0.06364339 0.00021332595 0.0040667662 0.14283963 0.12811948 0.026268568 4.2372187e-05 0.053547606 4.504396e-05 3.3663684e-06 0.41212347 0.000243148 0.006654911 2.3120887e-05 0.0031536121 0.0049283933 0.0016217242 0.029550817 3.0532917e-06 0.00026294903 0.00010242718 9.565299e-05 0.0018181243 0.0015610618 1.8589852e-05 0.0011107884 2.9959922e-06 0.0011251072 7.9461184e-05 2.6673695e-07 0.0056401473 2.0007865e-06 1.1491928e-06 5.966416e-07 0.00051680603 2.8219862e-08 0.0003497124 0.012152299 5.1044825e-08 0.0008285912 5.681031e-08 3.1317418e-09 0.0002652498 0.0066828085 7.90008e-05 9.999584e-06 0.0044624456 0.037224438 1.2533887e-06 0.0008383872 9.514404e-07 0.00035883862 1.0401209e-08
0.96918845 0.047584884 0.08639561 0.18487039 0.54780346 0.024193158 0.012791486 0.013511668 0.70494235 0.9371016 0.005949953 0.3694691 0.008651641 0.0066819997 0.0006120457 0.000619574 0.89097124 0.10814243 7.877805e-14 0.7011205 6.5586035e-05 0.97099924 3.170176e-05 0.29174498 0.21791829 0.033471704 0.0184601 1.2710748e-05 0.22248304 3.366794e-05 9.2418304e-05 0.09615784 0.00029684254 0.02337752 0.082527235 0.0053265113 4.2910083e-06 0.03295552 0.0038838952 1.7106618e-06 0.005375952 0.03821819 0.00041402204 0.0048406115 2.0079e-07 0.0068726395 0.0013965265 0.005300622 0.00014352861 0.003179436 0.09758973 0.045689598 0.031966988 0.0007761082 0.010255792 0.000101101396 0.0002939006 0.0011696944 0.29317853 0.0032866707 1.45426775e-05 0.0011904446 2.9672834e-05 2.1659569e-06 1.7758008e-05 0.0017778198 1.6495174e-05 4.065246e-06 0.0012380719 0.00038383465 4.930433e-07 8.293773e-06 0.00014175719 9.827327e-07 0.00027868204 1.4271934e-06 3.8844687e-09 7.973786e-06 0.04470807 9.7725e-06 0.00013337027 5.9466478e-05 2.580838e-06 1.9324036e-06 2.6658793e-07 0.06817098 2.7100348e-06 2.475316e-06 2.2238628e-06 1.38033e-08 1.267586e-07 0.0007881095 2.426579e-07 4.7698014e-09 0.0010305642 0.017903937 4.1856592e-06 5.990051e-06 4.313103e-09 1.2815265e-07 9.093993e-09
0.9807362 0.27271006 0.5596415 0.5672952 0.8335263 0.089439616 0.10262008 0.0715927 0.5804343 0.8113705 0.0729355 0.6226758 0.029491272 0.05508971 0.0033907695 0.0026352957 0.600445 0.47684234 0.7011205 1.8815427e-14 0.0011050832 0.9420164 0.00014121988 0.12367685 0.8996868 0.021654323 0.027683174 7.832616e-05 0.005438269 0.0002218823 0.00070500636 0.5859501 0.00077701913 0.0012958781 0.010224001 0.008264364 0.00012935062 0.005126688 0.0013286475 2.202399e-05 0.00046486844 0.13958551 0.001579858 0.01455103 5.28011e-06 0.00037843146 0.007647136 0.0012708572 0.0004417223 0.0029432543 0.0123388795 0.11639758 0.0437305 0.001337344 0.0058414172 0.00036262407 4.441164e-05 0.00021341185 0.62489223 0.00017040934 7.3174255e-05 7.783455e-05 4.5269146e-05 3.255643e-05 1.5637394e-05 0.0037872538 2.5511888e-06 4.0473506e-06 3.1495692e-05 8.089118e-06 4.3400996e-06 0.00019697503 0.00028057702 2.9589524e-05 1.0371592e-06 1.833048e-05 2.8889423e-07 2.0944728e-07 0.021685867 1.9510482e-05 2.2981808e-06 2.0766818e-07 1.2722061e-05 2.1332637e-06 4.2054053e-06 0.046434514 5.750972e-07 1.1192563e-05 1.1053577e-06 5.5883347e-09 7.322748e-06 0.00093181315 8.222037e-06 1.8672844e-07 0.0012028271 0.036263376 3.3001425e-06 1.2643033e-05 1.07027866e-07 5.207007e-06 8.2355385e-09
0.53750813 0.0016924179 0.012999803 0.0004425639 9.39843e-05 0.22599585 0.008974894 0.4146215 1.9995048e-06 1.2744394e-05 0.00034591663 1.51336335e-05 0.66100645 0.6978753 0.17254898 0.9502956 6.9909943e-06 0.0346584 6.5586035e-05 0.0011050832 4.028682e-17 1.1815589e-06 0.98018986 2.677758e-07 0.0043133534 6.426616e-09 1.580759e-05 0.9246666 4.2329128e-07 0.8278021 0.67619485 0.01551415 0.5264038 1.0126234e-08 5.232114e-08 0.32216296 0.28103995 6.2479906e-08 3.2976493e-09 0.014379071 1.8902757e-07 0.0007816852 0.35074198 0.0016683706 0.014395598 2.9350269e-09 0.0009647435 1.8307464e-06 0.36183584 2.4582366e-08 8.453986e-07 0.0040872525 0.04007085 0.1311034 5.3649187e-09 0.04248873 1.9786047e-08 3.4158525e-09 0.005317614 1.14025354e-07 0.04246978 7.719651e-09 0.0023680427 0.025941452 0.0044219457 0.5833869 1.0261812e-08 0.007289513 3.718688e-09 8.401543e-09 0.0016948244 0.0023032879 9.054754e-06 0.012527268 9.934752e-09 5.9068734e-05 0.00033683053 3.2593935e-08 7.914778e-05 4.2919655e-08 9.3054844e-08 1.9237156e-08 0.0028261936 4.2964605e-09 0.00031911707 0.0007802526 1.3489566e-08 0.0002023908 7.860654e-09 1.3396126e-09 9.082943e-05 0.00077446894 1.0749463e-05 3.7379523e-05 0.0019197462 0.008474608 1.2110993e-07 0.00068870187 2.1951879e-05 3.3236938e-05 3.658304e-10
0.96624905 0.03608913 0.004160266 0.10208465 0.09215422 0.0040441602 0.00046421966 0.0024636197 0.43479514 0.83316654 0.00020092439 0.00861986 0.0001820865 0.001502655 2.5246847e-05 1.37837205e-05 0.5089215 0.20010678 0.97099924 0.9420164 1.1815589e-06 1.1352024e-17 3.1534736e-07 0.035753235 0.5998141 0.0013204563 0.0004581775 4.6184323e-07 0.19304018 4.657166e-06 4.8259306e-05 0.14157863 0.00055875443 0.02951326 0.016591234 0.0049714074 1.3146887e-07 0.0026551697 0.00034367462 3.3694196e-08 0.015140586 0.29879093 0.00041606647 0.031988654 5.702733e-08 0.024777211 0.007642583 0.0108730225 0.00015525006 2.6013986e-05 0.5792607 0.13729374 0.051474947 0.00070833316 0.00032395113 0.00051789766 0.00017951877 3.514738e-05 0.364626 0.005042388 5.917654e-05 0.0011399644 4.78522e-05 6.4251662e-06 2.345269e-05 0.0014362022 5.969242e-06 1.833989e-05 0.0010627806 0.00039374275 2.7145766e-06 9.900192e-07 3.1047315e-07 1.7786796e-06 0.00029053888 2.418681e-06 5.9126894e-09 4.489679e-06 0.36094886 7.181791e-06 0.0007151692 0.0003664548 3.857279e-06 5.678897e-08 1.6015142e-07 0.49783668 1.4294811e-07 3.425782e-06 1.4977198e-06 1.6191083e-09 7.689891e-09 0.0015204055 7.2141533e-09 4.533978e-09 0.0016396673 0.09400269 9.369613e-07 5.2798887e-06 1.7352151e-09 3.4330196e-08 1.1831762e-09
0.07957233 0.0013216317 0.002681304 0.00026608314 9.9690704e-05 0.029436488 0.0009425475 0.06302509 4.266428e-06 6.3220136e-06 0.000175238 2.7411324e-06 0.15624666 0.2837705 0.049566276 0.594552 1.0089013e-05 0.010684743 3.170176e-05 0.00014121988 0.98018986 3.1534736e-07 6.80494e-14 2.8843368e-07 0.0012833471 1.9614179e-08 6.052089e-06 0.9859157 1.1288715e-06 0.8293029 0.60962474 0.003499572 0.4007525 2.2306438e-07 1.3334137e-08 0.1469789 0.16182065 1.2468512e-07 4.677938e-09 0.018839423 1.5964925e-07 0.00059819507 0.13647811 0.00074080983 0.024786359 3.6251038e-09 0.000564652 2.0792434e-06 0.23518421 1.2110245e-07 2.405436e-06 0.0022502155 0.006459795 0.049856078 1.2340178e-08 0.025056513 4.1108422e-07 2.8821493e-08 0.00067956356 2.3041618e-07 0.020262605 2.756957e-08 0.0014887179 0.014878315 0.0029068883 0.32000452 7.152953e-08 0.0041335355 4.5849475e-09 5.1818387e-07 0.0020963727 0.0018889075 1.7438344e-06 0.009989833 2.3069323e-07 0.00010338787 0.00025356413 1.3406186e-07 3.492345e-05 9.654787e-08 5.0142603e-07 2.0747437e-07 0.0010347872 2.4125438e-08 0.00047772704 0.0005337314 2.1385567e-07 0.0002975236 1.4019601e-08 1.9132018e-09 0.00020609269 0.0006061721 1.4895002e-05 3.8294103e-05 0.00093445205 0.0099446345 7.311206e-08 0.00020575747 4.7326874e-05 1.12734215e-05 2.7095213e-09
0.6327946 0.006308623 0.0017952966 0.00427579 0.18043736 0.00014620644 0.00046697486 2.7101521e-05 0.24348807 0.011082251 0.08003412 0.96915895 1.76179e-05 4.0682342e-05 0.00027123617 1.3934784e-06 0.8958178 0.017117668 0.29174498 0.12367685 2.677758e-07 0.035753235 2.8843368e-07 6.8390214e-17 0.016759662 0.98844576 0.61878955 3.619986e-06 0.22405389 5.234612e-07 3.645233e-05 0.012763241 0.00015037997 0.08467935 0.3409858 0.00088386214 2.316284e-07 0.8760009 0.29664287 1.1405646e-07 0.0023072506 0.0022929434 5.5728215e-05 0.0005190346 4.5700897e-08 0.005366112 0.00011041198 0.009742402 1.5169671e-05 0.16474755 0.001314791 0.0014732651 0.00017367591 0.0002509039 0.046782363 1.2999224e-05 0.001510608 0.03222329 0.027915915 0.00046975733 6.999436e-05 0.0026876184 9.359687e-06 7.7017665e-07 1.0557868e-05 8.6598666e-05 0.0003090506 1.7257427e-05 3.5167264e-05 0.0002989602 7.6060735e-07 4.8372073e-08 0.0045060613 2.3582953e-07 6.536536e-05 3.9541385e-07 1.2501029e-07 1.2553847e-05 0.002375949 0.00038425488 8.7338645e-05 2.5875233e-05 4.693514e-06 5.408947e-05 1.2248627e-07 0.0037421095 8.1970116e-05 1.4184319e-06 2.8678796e-05 1.5941768e-07 7.433369e-08 1.0865092e-05 6.3463785e-09 3.2828844e-08 1.98083e-05 0.000852384 2.4189223e-05 9.186711e-08 1.6110752e-08 1.1545347e-08 1.0685734e-07
0.9459207 0.11527753 0.22100435 0.57463145 0.21064645 0.26769632 0.047886856 0.1282936 0.12221666 0.4318454 0.004247337 0.03805786 0.046787217 0.09616891 0.002697937 0.0072097834 0.04863865 0.9406005 0.21791829 0.8996868 0.0043133534 0.5998141 0.0012833471 0.016759662 1.4382647e-12 0.0017613323 0.002910099 0.00020495216 0.015623593 0.0005389866 0.0018707899 0.96643037 0.0038900191 0.0030648564 0.0009567032 0.1051914 0.0015729573 0.0012677928 0.00020010538 0.00013040566 0.0020134237 0.6440139 0.00926148 0.1957845 5.46391e-06 0.0024599584 0.10707153 0.00059205166 0.012884075 0.00023542877 0.18223083 0.2946908 0.15144235 0.007519229 0.0001367941 0.009147485 6.0497085e-05 1.4732832e-05 0.65047956 0.0019138436 0.00089093833 9.058401e-05 0.00089110574 0.00061158766 0.0004692122 0.010894187 7.179573e-06 8.11178e-05 0.0005601505 0.00011652569 0.00036353973 0.00043054277 6.0551454e-05 4.9423863e-05 3.5411056e-05 0.0004886385 3.9916426e-06 2.8831596e-07 0.063428536 2.740552e-06 3.696656e-05 1.6332631e-05 8.340543e-05 1.96729e-07 1.582302e-05 0.09049363 3.3421037e-07 0.00020083878 2.6971185e-07 3.9096144e-09 5.381525e-06 0.011463848 2.3751874e-05 4.301196e-07 0.0067908806 0.07654827 3.3299696e-07 0.00019727471 2.162009e-06 6.078914e-05 9.1901935e-09
0.023426283 0.0018459237 0.00016778962 0.0013731593 0.028360667 1.2424055e-06 0.00027642972 1.2326865e-06 0.046664584 0.0039643794 0.1833301 0.5341364 6.353601e-08 6.5878876e-06 0.00020046523 6.286349e-08 0.21478966 0.0019934312 0.033471704 0.021654323 6.426616e-09 0.0013204563 1.9614179e-08 0.98844576 0.0017613323 1.5097792e-17 0.98557913 3.567999e-08 0.036471494 2.8395934e-08 6.391173e-07 0.0016358874 9.227888e-07 0.005143091 0.047203384 2.09557e-05 4.0990642e-08 0.7560528 0.13802177 1.2103713e-08 0.00013409826 9.055638e-05 3.6312856e-06 5.8151295e-07 3.0922584e-09 8.363559e-06 1.6164056e-07 0.0005612608 9.95332e-07 0.3667212 3.203094e-05 4.4733806e-05 6.518213e-06 1.1575667e-06 0.029459177 1.4760185e-07 2.9873065e-05 0.017482115 0.0026908 1.805225e-05 2.3524866e-05 0.00014867181 4.3357964e-08 1.7936441e-06 9.669001e-07 5.548941e-07 9.164571e-08 8.661312e-07 2.2593929e-07 2.4396768e-06 3.7743554e-08 5.623012e-08 0.0022104415 4.188017e-07 1.3479537e-06 5.7988467e-09 1.2253135e-09 2.0053892e-09 0.00025368095 3.1664151e-06 1.3109651e-07 1.02694734e-07 2.0773522e-08 1.01590295e-07 6.1585996e-07 0.00090109964 4.2090943e-07 1.0883955e-09 1.9624133e-08 3.3965875e-10 1.1661154e-09 3.3753988e-06 7.27071e-08 5.006629e-09 3.921476e-08 0.00043840538 4.5674042e-07 2.3385127e-09 9.951649e-09 3.970133e-11 4.756281e-10
0.028921895 0.0036075176 0.020614073 0.002859775 0.0823339 0.00012366912 0.009025058 0.00025628015 0.028849073 0.0013233798 0.8950916 0.7762336 0.00010361045 0.0012561788 0.0071891686 3.222092e-05 0.11789298 0.0066111875 0.0184601 0.027683174 1.580759e-05 0.0004581775 6.052089e-06 0.61878955 0.002910099 0.98557913 7.4907225e-13 3.569825e-05 0.0005164858 4.060575e-05 8.120775e-05 0.0042739436 1.0692922e-05 0.00016873205 0.035238348 0.00016579482 1.4525933e-05 0.7370311 0.2068727 4.6843354e-07 7.611176e-05 5.527788e-05 1.4783952e-05 2.173241e-05 4.818287e-07 1.2599232e-05 1.0722904e-05 7.9635676e-05 0.00015896975 0.93327206 1.684971e-06 9.3915936e-05 3.5918034e-05 5.953361e-05 0.06840174 6.700374e-06 4.9649487e-05 0.073722474 0.0027029675 8.84905e-06 0.00016306524 4.9322298e-05 2.7621903e-05 8.476188e-05 5.7732443e-05 0.00012141242 2.8882357e-06 0.00018524537 3.7390233e-08 4.156617e-06 5.416521e-06 5.698403e-07 0.060774107 7.2403345e-06 7.0446563e-06 3.697368e-07 1.6713794e-07 9.7829336e-08 4.6354626e-06 7.005982e-05 7.056225e-07 1.4890941e-07 1.7611532e-05 1.5746444e-05 0.0002296207 0.00026108246 4.3074357e-05 2.2338178e-07 3.544523e-06 4.9057665e-09 8.3043193e-07 3.2082587e-06 1.65808e-05 1.5410507e-08 7.84752e-08 0.00039190243 7.258919e-06 4.6535916e-08 1.5411467e-07 6.4509447e-09 5.5553183e-08
0.017729033 0.00018893885 0.0013376488 3.6350055e-05 8.862512e-06 0.009047396 0.0042161397 0.019425906 1.616522e-06 2.9625426e-06 0.0009097673 3.6114793e-06 0.2270095 0.0695775 0.53392303 0.69747764 1.5873864e-05 0.0015954371 1.2710748e-05 7.832616e-05 0.9246666 4.6184323e-07 0.9859157 3.619986e-06 0.00020495216 3.567999e-08 3.569825e-05 1.6515408e-12 5.821749e-07 0.8339957 0.65514755 0.00033187674 0.5077961 7.143109e-08 1.0069177e-06 0.052307718 0.11392698 1.2263043e-06 1.2387478e-07 0.7156937 1.4235869e-06 2.5170615e-05 0.062243648 2.9415703e-05 0.8366818 8.9583374e-08 2.5671738e-05 6.1232886e-06 0.25293928 1.2257676e-06 1.7167888e-06 0.00020028277 0.0014585325 0.0370791 1.373516e-06 0.0040608346 4.085464e-06 9.149394e-08 0.00017792275 2.3607536e-06 0.015862646 3.084636e-07 0.0006608332 0.007307676 0.0013872347 0.16031788 2.8134826e-07 0.0063336883 4.8131774e-08 1.6667943e-06 0.0006882071 0.0045143953 1.8049357e-05 0.005528595 1.97116e-06 2.29526e-05 7.705419e-05 3.1832784e-07 1.7348175e-06 6.3086673e-06 2.0014527e-06 2.566437e-07 0.0007712841 2.3886625e-07 0.012667438 0.0006404801 9.682002e-07 8.979889e-05 2.0705167e-08 1.1464895e-09 8.809731e-05 8.083385e-05 6.551802e-05 8.9952315e-05 0.000110161556 0.0063453573 1.1412968e-07 2.542478e-05 4.835075e-05 1.55944e-05 1.1934014e-07
0.9111865 0.0013935444 0.00014712776 0.0002872066 0.0028335247 5.3162494e-05 0.00012252558 1.4846559e-05 0.04230925 0.030538965 0.00586987 0.0014372381 3.4208065e-06 4.657957e-06 5.8160447e-05 9.691267e-07 0.8504881 0.0018733627 0.22248304 0.005438269 4.2329128e-07 0.19304018 1.1288715e-06 0.22405389 0.015623593 0.036471494 0.0005164858 5.821749e-07 4.4895046e-17 6.8660387e-07 1.1696882e-06 0.006896651 1.0794077e-05 0.99174166 0.678895 0.00015867727 1.2599953e-07 0.42741463 0.36866993 4.2758796e-07 0.539033 0.008387142 4.5910892e-06 0.0011775931 3.4316724e-07 0.74267524 0.00023048579 0.7815971 3.7548196e-07 0.0026553532 0.10445367 0.00677849 0.00055689947 5.309164e-06 0.3069905 1.0735397e-05 0.18622188 0.005525767 0.05692504 0.19327602 1.9591869e-07 0.22228453 1.4199761e-06 5.3509826e-08 3.445352e-06 2.6614667e-05 0.016807543 5.6867043e-07 0.12827803 0.0047276337 1.8676816e-07 2.1991919e-07 0.0012881377 4.821226e-08 0.008389587 5.87703e-07 8.5068286e-11 0.00033615134 0.10298223 0.005106343 0.001146493 0.00060737424 1.4447991e-06 0.0032909927 4.9877333e-05 0.14341378 0.00037484 4.8998827e-06 3.8475413e-05 8.271644e-05 2.159334e-08 0.00015781901 3.899559e-06 2.0691704e-08 0.00026490627 0.014074508 0.00017477652 1.2316372e-06 1.9048208e-08 2.3863752e-08 1.9707699e-05
0.77088463 0.00016050332 0.0011947562 0.00014514364 5.084503e-05 0.011849816 0.00082188 0.0614409 5.7310626e-06 9.901812e-06 7.7521196e-05 8.767705e-05 0.13146077 0.44735554 0.01923123 0.28150633 2.2593778e-05 0.01944144 3.366794e-05 0.0002218823 0.8278021 4.657166e-06 0.8293029 5.234612e-07 0.0005389866 2.8395934e-08 4.060575e-05 0.8339957 6.8660387e-07 1.0170039e-15 0.9170401 0.0045930315 0.52436215 4.5086352e-08 5.1527053e-07 0.14943391 0.9619675 5.8888855e-07 1.2514154e-08 0.90850997 5.0084867e-07 0.0002925092 0.022641603 0.0010283131 0.87193066 8.2783004e-08 0.0010869394 4.1667613e-06 0.67181635 4.3993364e-06 1.953926e-06 0.003463853 0.039196037 0.22762933 6.343744e-08 0.1127011 7.4829735e-08 8.6235005e-08 0.0020155082 1.1126405e-06 0.19442168 4.8669328e-08 0.014049813 0.22095191 0.021454284 0.35112768 1.5018705e-08 0.047721945 2.2063416e-08 4.639397e-07 0.034915354 0.20087929 5.9073634e-05 0.17675333 7.1488165e-07 0.0010121495 0.006819446 5.2963436e-08 0.00011644881 1.0460158e-06 1.386447e-05 1.9141282e-06 0.021043284 5.4827275e-08 0.011651468 0.0009085773 6.128897e-08 0.0003660573 3.0734203e-08 1.756387e-08 0.012467253 0.00093155453 0.0006891805 0.0027587956 0.0026157992 0.0075388164 4.7644144e-07 0.013888338 0.0009239129 0.00046976787 1.6408674e-09
0.8165522 0.0012956866 0.016746847 0.0018115172 0.00024851228 0.049963653 0.0003596218 0.11643694 3.2406842e-05 6.825132e-05 0.00017687537 0.00042202126 0.15291674 0.29585105 0.005450336 0.35754788 1.04029405e-05 0.040514167 9.2418304e-05 0.00070500636 0.67619485 4.8259306e-05 0.60962474 3.645233e-05 0.0018707899 6.391173e-07 8.120775e-05 0.65514755 1.1696882e-06 0.9170401 1.02539895e-11 0.0049126497 0.97380716 3.773089e-08 2.6847516e-05 0.232861 0.95868224 2.2819954e-06 5.979127e-08 0.3283592 8.033451e-06 0.0017002414 0.046131637 0.009107701 0.49184677 9.88046e-07 0.014334485 1.8158109e-05 0.5957291 2.1673125e-06 9.9928206e-05 0.016053272 0.07396455 0.17770906 1.5764954e-07 0.10643368 1.9987468e-07 1.0825132e-06 0.0023020955 2.4953488e-06 0.07183534 2.9505877e-06 0.014442999 0.069471374 0.019141763 0.30199617 5.4324186e-08 0.029992647 2.2622162e-08 1.6898549e-06 0.014279164 0.039888043 1.2402865e-06 0.038867008 4.962099e-07 0.0020162088 0.001485725 8.93963e-08 0.00014905256 3.4331997e-06 9.372169e-07 3.2709073e-07 0.006886392 5.9098845e-08 0.0049986793 0.0004239175 2.3082604e-08 0.0006259278 8.830507e-07 2.7712217e-09 0.0048722513 0.0025041422 0.00010993685 0.0024526953 0.015867252 0.03793565 2.8547556e-06 0.014020487 0.00015831133 0.003669528 2.191711e-09
