4.565073e-19 0.9972594 0.9856527 0.996454 0.90482974 0.858308 0.95809 0.947013 0.9704994 0.96923006 0.950608 0.6420525 0.9935039 0.4377429 0.8953523 0.92229414 0.99106526 0.97405374 0.28538716 0.63536406 0.9852714 0.7581581 0.95403147 0.91398126 0.462694 0.3211755 0.927185 0.9771905 0.96665686 0.99136037 0.95871115 0.990878 0.18548377 0.48281053 0.8487621 0.99468136 0.8982924 0.93846774 0.6520883 0.9403895 0.9850637 0.9928417 0.5695703 0.9931871 0.8428904 0.9569499 0.9065564 0.99393696 0.88396025 0.15814747 0.2629037 0.9926433 0.9269227 0.9666039 0.37820482 0.010704375 0.82593435 0.92440426 0.72494054 0.26873508 0.92209953 0.9604083 0.14189617 0.051233377 0.93567747 0.0014177206 0.8549964 0.00037283116 0.9721448 0.06626503 0.99921995 0.00048976595 0.98548484 0.02982417 0.08748448 3.7211008e-05 0.9759226 0.015704056 7.4957443e-06 0.9870358 0.000825654 0.9975134 0.75428677 0.99395764 0.050286632 0.9920913 0.9995862 0.9820797 0.8628353 0.9548298 0.21061702 0.99928904 0.99864644 0.0008247431 0.9795171 0.0011402401 0.02246478 0.66072774 0.33251873 0.054599747 0.000303966
0.9972594 9.087507e-17 0.89054716 0.16168487 0.9027555 0.6589678 0.7736732 0.81904185 0.3098654 0.085515045 0.3163896 0.13693951 0.6415906 0.33277303 0.035230998 0.06248569 0.12121511 0.15351869 0.01314136 0.079889484 0.06383552 0.039411224 0.011025716 0.014051594 0.03802374 0.046736322 0.040257342 0.008515862 0.05060932 0.00021994405 0.0063612377 0.013327663 0.035010763 0.0079188775 0.019338747 0.06701245 7.163716e-05 0.0028459157 0.0017975974 0.00025085916 0.00036180226 0.023316193 0.0005110523 0.010957962 0.0033238828 0.011686636 0.0010566959 0.0018842673 5.3589265e-05 0.0003492345 0.014472628 0.0746347 0.013320393 0.00010869004 5.0973005e-05 0.00011625763 7.23301e-05 0.00025877068 7.47438e-06 0.008830003 0.00022885531 9.703262e-05 0.0036162068 0.0013946259 2.1270605e-05 0.0005953341 0.009119663 6.816529e-06 0.04558866 1.2765886e-07 0.026883928 0.00062931224 0.044939194 0.00092263403 3.2851926e-06 8.6357024e-05 0.002387302 6.9751713e-06 3.855253e-06 0.015467452 8.0680664e-05 0.097127505 8.416127e-06 0.01685143 0.00086478173 0.04446182 0.052853916 0.033909637 0.00012826691 0.007858336 1.8589391e-05 0.017786536 6.9741604e-06 0.00041045903 0.004797007 0.00059200224 0.0016552877 9.403917e-05 3.0895833e-06 0.0023809776 2.8996312e-06
0.9856527 0.89054716 6.9095903e-16 0.051719405 0.95571357 0.6350298 0.35233474 0.37996367 0.6758018 0.067216404 0.8269488 0.5502783 0.08117724 0.73225534 0.40528253 0.08400299 0.014983757 0.01202002 0.18595356 0.46965417 0.23711576 0.060955085 0.4557439 0.189911 0.022443647 0.055698138 0.59505475 0.00017439376 0.0015180918 0.00036650687 0.00020568329 0.0064820577 0.1356092 0.08936972 0.0003975383 0.0011975659 9.5254945e-06 0.00041546178 0.00018635123 1.2113721e-05 1.8091372e-05 0.0024061212 5.9066933e-05 0.00073421956 0.002753368 0.001617435 0.010276191 0.0005220086 4.656842e-06 0.003222881 0.033660702 0.00495972 0.002469477 2.9449284e-06 4.981998e-06 0.00054235884 1.1494981e-05 2.066541e-05 6.8644576e-06 0.018020473 4.929105e-06 8.325583e-06 0.0507377 0.010799299 9.853106e-07 0.0020466123 0.0008498244 6.286038e-06 0.0013386315 1.9821515e-08 0.0035947901 0.001283051 0.0037019711 2.3771909e-05 6.032931e-07 4.9758888e-05 3.212541e-05 6.469135e-06 2.0101668e-05 0.0013853004 0.0018435293 0.00904247 4.7896876e-08 0.0016300608 0.00035681284 0.013299064 0.01376661 0.00671251 1.2341874e-06 0.0014620419 4.008358e-08 0.00084901834 8.4044956e-08 0.0013200043 0.0035875877 0.0015091788 0.0032089157 2.4668216e-05 1.0247866e-08 0.003366738 4.233666e-06
0.996454 0.16168487 0.051719405 3.6022804e-14 0.18236676 0.5245309 0.65660864 0.009107282 0.0013862541 0.00040750255 0.008042596 0.00044942956 0.08717026 0.023414884 0.00016357705 0.87120044 0.00079069205 0.0013207686 0.00019304808 0.008709076 5.8515514e-05 0.86225927 3.803793e-05 0.65739876 0.692064 0.69738454 0.058064077 0.0004049884 0.0012212952 2.3055403e-05 0.00033145005 0.036697872 0.69456935 0.12092531 0.001652875 0.0017648229 1.5572649e-06 1.8410352e-05 9.422226e-06 8.799184e-05 0.000342622 0.0004267622 5.665123e-07 0.0038927356 2.3190094e-05 5.6798315e-05 1.1986908e-05 0.00012590364 3.9429355e-07 9.72131e-06 0.6939046 0.014603036 6.424729e-05 2.8752353e-05 6.8772187e-07 6.814404e-06 6.589911e-06 9.212399e-06 2.625009e-07 0.6267695 0.000111059344 1.4622909e-05 0.03380829 0.41287446 6.806856e-06 0.22216593 0.0033356752 1.5451844e-06 0.0017098481 2.7705676e-08 0.0042539714 0.041871943 0.0009123099 0.00038950433 1.846678e-07 1.8372677e-05 0.0016794797 1.1193001e-07 8.384938e-06 0.0051458874 0.023421591 0.0058803563 6.2889767e-06 0.00015957293 0.014037217 0.002872748 0.0044437107 0.0024365834 0.00011921533 0.00014115887 3.3273966e-06 0.0012846113 5.844315e-06 0.20014101 0.00026579323 0.1528219 0.40112948 0.0016970087 2.3240085e-07 0.36211216 2.151076e-06
0.90482974 0.9027555 0.95571357 0.18236676 2.6098673e-18 0.9319643 0.5666143 0.42586514 0.38231093 0.119061396 0.66005147 0.3158054 0.10595869 0.8880405 0.11781059 0.067624465 0.007928611 0.013620629 0.17121242 0.6548598 0.04102445 0.08662602 0.035859082 0.08671949 0.24343988 0.20859735 0.32505506 0.00096300023 0.0006226333 0.0010179761 0.00044254155 0.0011026951 0.34493878 0.065245636 0.00087438786 0.00072500017 0.00013228555 0.0020018155 0.0008118502 0.000119885146 7.9293815e-05 0.0045171985 0.00030292597 0.0012447805 0.0073060812 0.0044333194 0.0004651498 0.0014179194 5.431386e-05 0.0003608649 0.014042224 0.004517436 0.00071815 2.2549928e-05 1.664087e-05 0.00028141015 8.8321154e-05 6.21666e-05 8.31105e-06 0.0016509002 5.9389575e-05 4.054581e-05 0.0030572242 0.0007782446 1.6307402e-05 0.0001774554 0.0006985806 8.108477e-07 0.0013993462 3.819007e-08 0.0006558256 0.0006899565 0.0017892552 5.0847742e-05 2.6441344e-07 9.133214e-06 0.00018518587 6.192751e-06 2.751958e-06 0.002645064 7.253961e-05 0.0013919185 2.1097237e-06 0.0006336555 0.00021253807 0.00426077 0.0031942995 0.0026867935 2.2645713e-06 0.0003031375 5.853836e-08 0.00047834183 1.346934e-07 4.8816808e-05 0.0010749022 7.414874e-05 0.00016227235 5.377351e-07 1.1357669e-07 0.00016673001 1.2725714e-07
0.858308 0.6589678 0.6350298 0.5245309 0.9319643 2.3546997e-18 0.987671 0.1920588 0.028109614 0.022833642 0.13526009 0.015659967 0.14690642 0.26856384 0.008760907 0.25827286 0.0047822576 0.008726694 0.0070373984 0.08339834 0.0065177567 0.12909006 0.003773793 0.025340093 0.34101304 0.17700692 0.036676116 0.0058460687 0.0012599996 0.0005348689 0.0016449754 0.0054480284 0.14448668 0.013768724 0.0062919618 0.0023456675 5.086156e-05 0.00042471936 7.8747915e-05 0.0015494366 0.00041737437 0.004467144 1.8077024e-05 0.019012256 0.00071830035 0.0011214772 7.3668834e-06 0.0019025927 6.195037e-06 1.5675274e-05 0.0043072426 0.02388575 0.0004689885 0.00014206617 2.7636195e-06 5.750479e-05 2.2703593e-05 9.269723e-05 1.3909704e-06 0.0012734772 0.00014693243 5.2261727e-05 0.00032123248 0.00036336278 4.4962286e-05 0.00016835063 0.001965237 9.886625e-07 0.0029328715 5.0947268e-08 0.0019869315 0.00026834273 0.003092213 0.00067781535 9.7795564e-08 6.142619e-06 0.0025559685 1.544892e-07 7.091067e-07 0.0065585915 3.439126e-05 0.010019283 1.1046658e-05 0.0008208875 0.0009925558 0.005762631 0.0057960395 0.0041987654 1.6993974e-05 0.0013217402 9.400626e-07 0.003691548 1.6057571e-06 7.157201e-05 0.00063888147 9.1033835e-05 0.00026377031 8.977518e-05 4.9092773e-07 0.0003589795 1.6930302e-07
0.95809 0.7736732 0.35233474 0.65660864 0.5666143 0.987671 7.355115e-22 0.06322513 0.004857215 0.004807861 0.04040428 0.003773719 0.83757293 0.096350774 0.0022550868 0.5377698 0.0045361975 0.00849148 0.0012239047 0.025447352 0.00015633884 0.3500179 6.4074986e-05 0.006235405 0.74003726 0.43383536 0.0038739187 0.13199411 0.014741766 9.51436e-05 0.0077493927 0.036491305 0.16005667 0.004660017 0.07140304 0.009547746 3.9966872e-07 8.700329e-07 1.7723789e-06 0.008478169 0.010353327 0.00043822732 2.4598563e-07 0.05173176 7.644419e-07 0.00031366007 1.1103884e-07 0.00012126245 9.6364815e-08 2.9778514e-07 0.012032108 0.055743746 0.00023861889 0.0011594335 1.9971225e-08 1.9599988e-06 2.6136368e-08 0.00093285344 7.651928e-08 0.009887791 0.0013809339 0.00096255157 1.5011411e-05 9.183475e-05 0.00013606263 4.255438e-05 0.033245027 2.8964996e-08 0.014970654 6.026878e-10 0.006409351 1.5534106e-05 0.0025103458 0.0074405842 2.6949147e-09 7.303498e-08 0.014225916 1.7098364e-08 2.0804132e-08 0.039271 6.6801035e-06 0.024970632 0.00066123164 0.00013354131 0.00667933 0.0015884155 0.0012769761 0.0014950049 0.00032619626 0.00033688673 1.0191889e-05 0.02269356 1.2357438e-05 2.6504664e-05 1.6244909e-05 3.5107347e-05 0.0009594887 0.001126956 8.71416e-06 0.0012937031 4.699869e-08
0.947013 0.81904185 0.37996367 0.009107282 0.42586514 0.1920588 0.06322513 1.1185704e-18 0.40344697 0.99059373 0.048753522 0.10721846 0.44577402 0.06322301 0.034594297 0.0075886785 0.750249 0.25381628 0.029732639 0.029278414 0.32630244 0.007427804 0.012920397 0.0009482669 0.014807391 0.02143344 0.01295919 0.00380385 0.1643729 0.014888884 0.104685314 0.00031431857 0.014685281 0.002616404 0.009043983 0.14669336 0.03382739 0.034872048 0.05542782 9.283348e-05 0.0051064477 0.24601547 0.042696778 0.012810385 0.026316185 0.5062179 0.0006913198 0.030226996 0.037031364 0.0005347078 0.00046871134 0.09430516 0.4471803 0.003046502 0.0047436166 0.0003016342 0.0007791302 0.0009893718 0.0005497999 0.00015704744 0.0058768806 0.0005125813 0.00050122524 2.7711954e-05 0.0008861967 6.236537e-06 0.0031258715 8.9021676e-05 0.23434386 4.1014326e-05 0.012149212 8.085204e-05 0.15974972 4.195431e-06 0.00018869106 2.4202157e-06 0.008899223 0.00015353634 2.4333845e-06 0.033437204 2.3777167e-05 0.16776855 7.070358e-05 0.21713701 2.55507e-06 0.053116918 0.13034149 0.08537096 6.8237164e-06 0.047152378 3.929312e-06 0.033178918 9.267486e-05 3.0103415e-06 0.05961928 5.055388e-06 1.3975064e-05 4.0558625e-06 3.1899808e-06 5.9756243e-05 3.5870315e-05
0.9704994 0.3098654 0.6758018 0.0013862541 0.38231093 0.028109614 0.004857215 0.40344697 1.3295126e-16 0.20076074 0.91400874 0.96528155 0.0028511018 0.3192094 0.8165348 0.0006150055 0.0073229023 0.003641461 0.7597416 0.22421184 0.86068326 0.0015781232 0.7353404 0.00840208 0.0014494797 0.0042271307 0.25166294 1.8340894e-06 6.3660984e-05 0.011288856 1.2620686e-05 8.954653e-05 0.012327243 0.015169602 3.988594e-06 0.00011542542 0.0008801749 0.07321794 0.011492566 1.447329e-07 1.4087868e-07 0.017911658 0.005583472 7.444586e-06 0.19376305 0.015027577 0.08090047 0.0032539915 0.00028337855 0.012576748 0.002217703 0.00020578709 0.003928872 1.4747087e-07 0.00022921943 0.0012501347 0.0002178463 8.1145964e-07 0.00013018076 0.0002166517 2.1724175e-06 3.5705162e-07 0.01035912 0.00023423109 3.285495e-07 4.5512377e-05 1.0711017e-05 9.182218e-06 0.0002689566 2.5708192e-07 0.001080276 0.0002068354 0.0049229446 2.925746e-07 1.2893342e-05 9.002304e-05 1.2718943e-05 0.00012578853 2.8517341e-05 0.00087827607 0.00023290818 0.0042118235 8.768174e-09 0.0032906537 3.150962e-06 0.014294344 0.010898395 0.010362597 5.079515e-07 0.002072964 3.3436112e-09 0.0013393256 6.7932376e-08 1.4261165e-05 0.009386231 9.34518e-05 1.4247612e-05 1.5334551e-06 6.684904e-09 1.8335448e-05 2.961667e-06
0.96923006 0.085515045 0.067216404 0.00040750255 0.119061396 0.022833642 0.004807861 0.99059373 0.20076074 1.1437039e-18 0.015436345 0.03688862 0.031181283 0.004873213 0.011467838 0.00017420808 0.4760153 0.11553942 0.008739416 0.0032506 0.5894326 0.0005704355 0.0019121169 0.00013992982 0.00020268053 0.00046248347 0.00066818786 3.1239477e-05 0.04247518 0.4263092 0.005930957 3.7671867e-07 0.00026476078 4.3715303e-05 7.161571e-05 0.034605823 0.27586862 0.19519466 0.25622508 1.9589486e-06 0.00017469704 0.764126 0.1379305 0.00029754033 0.065303065 0.8168064 0.00024794627 0.41148752 0.23176228 9.099364e-05 2.3973244e-06 0.00643431 0.7592178 0.00016065584 0.059436623 3.6276087e-05 0.01977143 6.597196e-05 0.0035674276 1.5099677e-06 6.7116394e-05 1.2616523e-05 5.4973665e-08 1.6166429e-07 1.046118e-05 7.839651e-08 0.00012871172 4.956592e-06 0.088499576 0.00010956696 0.00550718 4.4866678e-07 0.4235806 2.718552e-07 0.00021049568 8.8494755e-07 0.0005088126 0.00012271186 4.2050942e-07 0.006936816 1.4167198e-07 0.05595419 1.1397996e-06 0.559454 2.8831717e-08 0.24350971 0.27479637 0.20649119 6.1485645e-07 0.2494287 2.912782e-08 0.013197992 2.5099505e-08 6.570516e-07 0.36366382 7.432275e-07 2.798481e-07 5.312661e-07 1.976399e-07 4.253835e-07 5.846179e-07
0.950608 0.3163896 0.8269488 0.008042596 0.66005147 0.13526009 0.04040428 0.048753522 0.91400874 0.015436345 3.307467e-14 0.9633194 0.0136160515 0.80647135 0.81390864 0.0044755978 0.0026350222 0.0014695515 0.8012479 0.6386024 0.5157641 0.004216433 0.77491194 0.11573528 0.008713089 0.010104078 0.70994943 0.00011813325 0.00010733518 0.0031869097 7.176167e-05 0.0049388194 0.059933517 0.08397179 4.5318775e-05 0.00015812468 8.790201e-05 0.0029951755 0.0011721745 1.966086e-05 2.2883447e-05 0.002806653 0.00049797964 8.505655e-05 0.043264214 0.00091133855 0.14242405 0.0026958252 4.3574953e-05 0.0449149 0.037443083 0.001076145 6.763744e-05 5.6260315e-06 1.5284248e-05 0.007664487 2.5495349e-06 2.8571922e-05 5.938937e-06 0.008059757 2.5730318e-05 7.96938e-05 0.09781459 0.0069899987 1.2416196e-05 0.00084437506 0.0010421694 3.2856515e-05 0.00016349937 3.896148e-09 0.013989279 0.001030951 0.0003770422 6.924993e-05 1.663476e-07 0.00023483342 5.7719346e-05 0.00020834235 0.00017814874 0.0009289433 0.0027847174 0.0039012579 6.179061e-07 0.00051508413 0.0006486009 0.009571076 0.006257708 0.0018106166 4.3430764e-06 0.00015570124 6.8730225e-07 0.0006132586 1.2979572e-06 0.0014462922 0.00044897356 0.0018434916 0.0014275814 3.9754264e-05 4.865738e-07 0.000751065 5.034195e-06
0.6420525 0.13693951 0.5502783 0.00044942956 0.3158054 0.015659967 0.003773719 0.10721846 0.96528155 0.03688862 0.9633194 4.0383425e-18 0.0033586468 0.3081753 0.91879714 0.00013125535 0.0023001796 0.0009059715 0.87628067 0.17928536 0.5147388 0.0004203088 0.6299251 0.002441453 0.0011188994 0.0014186478 0.1235534 3.4920436e-06 7.683739e-06 0.0026068774 5.22785e-06 1.8447385e-05 0.0055864523 0.0069615655 1.8638572e-06 3.648923e-05 0.00037633392 0.020902446 0.0022510784 3.0699127e-07 1.657843e-07 0.002784598 0.00084326975 5.1745033e-06 0.041735295 0.0029026333 0.0098669445 0.00061804085 0.00016603089 0.0051523396 0.00036478287 2.6685884e-05 0.00028803525 1.5679818e-07 2.3889472e-05 0.0028800832 6.913673e-06 6.090072e-07 5.6710655e-06 4.1072333e-05 1.455574e-06 4.95279e-07 0.0024834536 3.373463e-05 2.0237793e-07 9.073454e-07 1.22558595e-05 1.9905624e-06 8.9178626e-05 7.164141e-10 0.000197769 1.6880116e-05 0.00056588894 4.851539e-08 1.6323341e-08 1.1692002e-05 4.2067168e-06 2.815625e-05 9.483039e-06 0.0003754464 1.9108134e-05 0.00022105205 4.159694e-08 0.000294485 2.3007772e-06 0.0014024095 0.00046907822 0.00089549477 1.3951545e-07 0.00015440414 6.729933e-10 3.1187086e-05 1.4580136e-08 1.2938256e-06 0.0009688118 1.1929675e-06 3.4188856e-06 1.1151803e-08 4.5116355e-09 9.4791466e-07 1.6209467e-09
0.9935039 0.6415906 0.08117724 0.08717026 0.10595869 0.14690642 0.83757293 0.44577402 0.0028511018 0.031181283 0.0136160515 0.0033586468 1.1800828e-15 0.009874287 0.002210977 0.24934112 0.14220162 0.6149351 0.00050848036 0.0026331116 0.0003767645 0.11593788 4.330472e-05 0.0024428072 0.28293002 0.044497717 0.00080901565 0.8791767 0.43864268 7.353547e-06 0.5986403 0.2718693 0.006498364 0.0007982859 0.8093498 0.2987361 5.820536e-06 3.6806294e-05 3.2212287e-05 0.5443974 0.40740976 0.0054116766 1.735006e-06 0.72778624 7.442028e-05 0.0035542822 6.747334e-07 0.0015136853 4.7696474e-05 3.683568e-07 0.0026803133 0.3941683 0.012179885 0.10859877 8.186547e-06 9.017981e-06 2.5560048e-05 0.068891846 6.990718e-05 0.006637997 0.0115819685 0.10363558 5.755386e-06 0.00036789518 0.0057613505 0.000121782694 0.10379069 8.271239e-06 0.40158296 4.2830095e-07 0.04012923 0.00016629662 0.05185195 0.053529583 3.6830482e-07 1.1698516e-05 0.13922626 1.5183414e-06 1.6493901e-07 0.14019781 9.179144e-06 0.39934763 0.0015862372 0.0019734171 0.011909062 0.080699906 0.2741647 0.14499123 0.022747137 0.015812386 0.00057309156 0.07567018 0.0007661096 0.0006273564 0.0011676642 9.0308255e-05 0.0019305941 0.078168094 0.00030499452 0.0024879484 3.6507588e-06
0.4377429 0.33277303 0.73225534 0.023414884 0.8880405 0.26856384 0.096350774 0.06322301 0.3192094 0.004873213 0.80647135 0.3081753 0.009874287 6.161708e-18 0.3150256 0.0047376486 0.000107519096 0.00032437776 0.3071837 0.9866614 0.030000605 0.0064254315 0.1853312 0.11109614 0.03101682 0.040381428 0.77390194 9.9793724e-05 5.569461e-06 0.00049326225 7.2219564e-06 9.591378e-05 0.33156332 0.24436682 3.991844e-06 7.2790266e-05 3.564079e-05 0.00056563667 0.00014378522 1.3708225e-05 5.30428e-06 0.000793164 5.854515e-05 7.4181626e-05 0.002180992 0.0002812406 0.00017648024 0.00023699504 5.004188e-06 0.00032969847 0.0025268423 0.00012806084 5.993302e-06 2.453459e-06 1.1924472e-07 0.0017318208 4.448694e-08 6.4141527e-06 1.0762844e-06 0.00013852965 7.816487e-06 1.5078804e-05 0.0038513194 5.127289e-05 9.748451e-07 3.9979266e-05 2.9284987e-05 1.785459e-06 4.5770103e-05 7.201986e-09 0.0004601807 0.00010226125 3.877814e-05 3.0329608e-07 1.5693333e-08 2.9388366e-05 3.9873565e-05 8.9285584e-07 7.3111432e-06 0.0010744206 7.8825826e-05 0.00017991794 3.905758e-07 1.5549655e-05 3.7685164e-05 0.0009696182 0.0002509879 0.0002582451 2.3003767e-07 2.160289e-05 1.5412564e-08 8.245449e-05 3.6509885e-08 1.8531015e-05 1.6571237e-05 4.5718232e-05 1.42949475e-05 2.6778986e-07 4.51391e-08 1.1267908e-05 1.2370319e-08
0.8953523 0.035230998 0.40528253 0.00016357705 0.11781059 0.008760907 0.0022550868 0.034594297 0.8165348 0.011467838 0.81390864 0.91879714 0.002210977 0.3150256 1.1776679e-15 0.0004081305 0.00089247496 0.00045135122 0.9759178 0.27176687 0.64855444 0.00084295205 0.87763524 0.009261604 0.00080896664 0.0014614292 0.47297302 5.4930742e-06 3.8536007e-05 0.004065188 1.2548174e-05 0.00032365686 0.009098658 0.023953585 9.927653e-06 6.318075e-05 0.00023331124 0.014917394 0.0017441963 2.5626457e-07 8.196014e-06 0.001666085 0.0009756405 1.2157933e-05 0.095851794 0.00087522255 0.16120224 0.0005425637 9.081904e-05 0.05787811 0.00401319 0.000123177 4.384302e-05 1.922551e-06 6.937672e-05 0.013254115 3.206138e-05 2.9709827e-06 3.45778e-05 0.0015176944 1.1949733e-05 9.829629e-06 0.029665526 0.0010278743 2.4928156e-06 0.00017422502 0.00023716554 6.351254e-05 6.0157527e-05 4.5294595e-08 0.0019419783 0.00021603746 5.3874275e-05 6.0242346e-06 4.2469014e-06 0.00024266362 4.4523026e-06 0.0003107298 0.00025352422 0.00016362712 0.00085162104 0.00017952528 1.1218456e-07 0.00013851287 6.7568646e-05 0.0017435834 0.0009700451 0.0002806316 1.0169125e-06 1.7716986e-05 1.3465679e-07 4.4918612e-05 6.796124e-09 0.00018826831 0.0015771692 0.00041893957 8.257953e-05 1.0359291e-05 1.5753501e-07 6.372154e-05 1.8488736e-05
0.92229414 0.06248569 0.08400299 0.87120044 0.067624465 0.25827286 0.5377698 0.0075886785 0.0006150055 0.00017420808 0.0044755978 0.00013125535 0.24934112 0.0047376486 0.0004081305 5.6791633e-17 0.00014155346 0.00072296814 2.3874873e-05 0.0025866695 6.6424514e-06 0.8946014 4.3342443e-05 0.2462072 0.96542144 0.8249594 0.01874053 0.020546027 0.00053440884 4.4313063e-07 0.00013708153 0.27946687 0.5741382 0.05834353 0.004697157 0.00055810047 9.716675e-08 2.5313018e-06 6.103695e-07 0.0045292685 0.00079163176 2.920036e-06 1.9718044e-08 0.012776126 6.042062e-07 1.0315307e-06 2.1151804e-07 1.4324363e-06 7.873934e-09 2.0934185e-07 0.6887849 0.017683104 6.595516e-07 5.8213274e-05 8.475047e-09 1.0833643e-06 2.839431e-08 7.776529e-06 1.0847857e-08 0.7569699 4.5399192e-05 2.4594574e-05 0.005190421 0.12509233 3.4863601e-06 0.019178543 0.0046851602 4.151403e-08 0.00097003626 1.4592647e-09 0.0025803917 0.0016294058 6.325159e-05 0.0071128733 3.0015144e-08 3.8203143e-06 0.0004483219 1.5225478e-08 5.3631005e-08 0.0020749914 0.00037652708 0.0011140963 5.541392e-06 2.7980623e-05 0.14417058 0.00064341875 0.0008742299 0.00081615435 9.0628e-05 5.735043e-06 1.2260074e-06 0.0007668304 9.664917e-07 0.08761994 0.00012459722 0.031850755 0.62133455 0.006664835 2.8011993e-07 0.6198377 5.8668586e-08
0.99106526 0.12121511 0.014983757 0.00079069205 0.007928611 0.0047822576 0.0045361975 0.750249 0.0073229023 0.4760153 0.0026350222 0.0023001796 0.14220162 0.000107519096 0.00089247496 0.00014155346 1.9693334e-17 0.9587836 0.00015278935 0.0001076386 0.016090693 0.00028461736 3.5613204e-05 2.1912198e-05 0.00013426588 0.00018876811 3.453347e-05 0.0011762674 0.6744134 0.0070964736 0.1956445 1.4353923e-05 4.5188463e-06 6.424499e-06 0.0060732854 0.5857229 0.0025078752 0.0031522168 0.006122083 0.00035610588 0.0061880485 0.25660592 0.0021212164 0.026116043 0.0016942202 0.24444373 3.6386698e-06 0.06586896 0.0014333 1.8954115e-07 1.3351125e-06 0.15641727 0.84459424 0.0021398005 0.00081003195 8.0395665e-08 0.0023971817 0.00065926864 0.0003509079 1.0976609e-06 0.004739637 0.00035807135 1.8248817e-07 1.6849397e-07 0.0009629937 1.7990677e-08 0.0006049732 3.115241e-08 0.37309197 5.8862493e-06 0.026330233 3.5397058e-08 0.43627137 2.9894662e-07 2.8743482e-06 5.0816446e-08 0.021152705 6.190834e-07 8.7187385e-10 0.07670359 2.302688e-09 0.297087 2.5727028e-05 0.37546343 5.513787e-09 0.32345563 0.5072628 0.38833478 4.0371448e-05 0.31300366 2.5331562e-06 0.06720971 5.3236974e-05 1.08502014e-07 0.048849817 2.9148012e-07 1.314789e-07 2.8488878e-07 8.556842e-06 5.3967557e-07 2.5616966e-08
0.97405374 0.15351869 0.01202002 0.0013207686 0.013620629 0.008726694 0.00849148 0.25381628 0.003641461 0.11553942 0.0014695515 0.0009059715 0.6149351 0.00032437776 0.00045135122 0.00072296814 0.9587836 5.2053338e-17 4.1010215e-05 0.00015161552 0.0018860382 0.00048856705 1.1676691e-05 2.6953803e-05 0.001044695 0.000554896 6.806918e-05 0.035538618 0.9154698 0.0007942293 0.5307678 0.00010873712 4.776316e-05 1.4088917e-05 0.049380526 0.84649664 0.0001367229 0.00020681151 0.00110129 0.0020812808 0.07422404 0.050500672 0.00036435068 0.19757247 0.00033346078 0.077390514 6.13803e-07 0.009195731 0.000466833 1.4475775e-07 1.4446625e-06 0.5300663 0.53718257 0.018125031 0.00019343822 7.233595e-07 0.00013936407 0.0056129186 8.895107e-05 1.3853177e-06 0.0487595 0.0019235738 2.4318427e-07 4.7183383e-07 0.0057525723 1.1421756e-07 0.0038325398 3.3824344e-07 0.5825589 2.5608442e-06 0.064956255 6.334963e-07 0.17963694 4.9313667e-06 2.539719e-06 1.4998989e-07 0.05558389 1.9039202e-06 2.5114492e-08 0.15855111 3.1531607e-07 0.44340843 0.0011167845 0.08214377 1.987225e-07 0.07751645 0.22050717 0.12858583 0.00033878293 0.09985814 0.00016117438 0.099194326 0.00043056923 3.7103794e-06 0.0050193346 2.9152889e-06 1.2073648e-06 3.93568e-06 5.802145e-05 1.2491484e-05 1.0203889e-07
0.28538716 0.01314136 0.18595356 0.00019304808 0.17121242 0.0070373984 0.0012239047 0.029732639 0.7597416 0.008739416 0.8012479 0.87628067 0.00050848036 0.3071837 0.9759178 2.3874873e-05 0.00015278935 4.1010215e-05 6.2941757e-18 0.3289994 0.50344056 0.00021340777 0.95725685 0.001073675 0.00012468592 0.0005276961 0.297444 8.1111847e-07 1.2142006e-06 0.001985192 4.3189652e-07 1.2260191e-06 0.0028371047 0.00794659 6.2335727e-07 9.429786e-06 0.00067185075 0.028583948 0.0018905196 9.59629e-09 1.2174384e-07 0.0014314355 0.00056576106 3.037582e-06 0.07753637 0.0012236123 0.025276141 0.0008268403 0.00025301796 0.024141548 0.00014615778 2.7734125e-06 3.1456143e-06 1.2829045e-07 1.5839627e-05 0.03136629 9.835447e-07 4.4712993e-07 1.2401551e-06 1.9989033e-05 7.057537e-07 2.5826726e-06 0.0020419694 7.6234046e-06 4.722838e-08 1.5835722e-06 5.6263934e-07 9.721797e-05 1.7024648e-05 1.3282943e-11 0.0011967724 1.9625147e-06 1.9303821e-05 1.6242003e-08 2.2331788e-09 1.2424322e-05 2.538087e-06 5.9805672e-05 4.7686102e-05 9.90499e-05 1.867112e-05 6.819387e-05 1.8840263e-08 2.6375457e-05 2.880925e-07 0.0008591169 0.0001935266 0.00029054418 1.4042964e-08 1.7577578e-06 4.3536838e-10 1.5607626e-05 7.679822e-09 5.878381e-09 0.0003293798 1.274655e-08 6.754735e-08 3.736149e-09 2.1984305e-09 1.8896513e-08 1.6181644e-08
0.63536406 0.079889484 0.46965417 0.008709076 0.6548598 0.08339834 0.025447352 0.029278414 0.22421184 0.0032506 0.6386024 0.17928536 0.0026331116 0.9866614 0.27176687 0.0025866695 0.0001076386 0.00015161552 0.3289994 1.1408372e-17 0.04194296 0.006181717 0.42018303 0.21745963 0.011940152 0.032079533 0.9421095 6.8960944e-05 8.473234e-06 0.0007256196 3.8654503e-06 8.443174e-05 0.4568195 0.54274815 4.154089e-06 0.0001138317 0.00024103963 0.0008720287 0.00014268694 7.4726574e-07 3.333994e-06 0.00032105943 1.0240594e-05 3.9323877e-05 0.003521934 0.00010081814 0.0010691045 0.00020093666 2.7623984e-05 0.0038127864 0.015636351 3.9351748e-05 1.0044384e-06 7.6001975e-06 4.4028135e-07 0.014415691 4.8526425e-07 2.2238924e-06 3.7695463e-06 0.0010346965 7.00376e-06 2.5738798e-06 0.06010042 0.0023484284 9.618152e-07 0.00045773704 1.7264752e-05 3.4218458e-05 3.669834e-05 4.1700243e-10 0.0018461032 0.0013113455 9.564619e-06 9.882401e-07 1.9815657e-08 0.0006102817 9.199046e-06 3.7192965e-06 0.00015497667 0.00019769695 0.0011675623 7.8981444e-05 8.2094296e-08 4.961855e-06 7.4573734e-05 0.0014039665 0.00034228576 0.00021972331 9.77193e-08 3.652148e-06 3.6994243e-09 3.4621553e-05 9.493612e-09 0.000103227074 3.7070706e-05 0.00015681787 5.805931e-05 1.4459191e-07 1.02624185e-08 5.3710475e-05 9.880577e-08
0.9852714 0.06383552 0.23711576 5.8515514e-05 0.04102445 0.0065177567 0.00015633884 0.32630244 0.86068326 0.5894326 0.5157641 0.5147388 0.0003767645 0.030000605 0.64855444 6.6424514e-06 0.016090693 0.0018860382 0.50344056 0.04194296 1.3053745e-17 0.00029934593 0.9057853 0.0014130955 1.1097862e-05 0.0026792577 0.1812815 3.0565136e-08 0.00023029397 0.15485649 9.3576255e-06 4.4556855e-05 0.0022340587 0.0062261918 8.6516036e-07 0.00062912743 0.17607097 0.7491638 0.363064 4.5291093e-10 1.032576e-06 0.20887479 0.26461738 5.9156228e-05 0.89867896 0.059408113 0.6524525 0.06863052 0.0049932115 0.05896588 0.0003053027 0.0003681865 0.00406805 2.0091827e-06 0.0004605227 0.008973577 0.0034188384 3.0716782e-07 0.002829045 4.250445e-05 1.8844128e-06 9.6349005e-08 0.017560884 3.5777422e-05 1.08326454e-07 9.383595e-06 1.9812537e-06 0.0004368091 0.001484014 1.642205e-05 0.008992647 0.00018161634 0.038291387 6.3146985e-08 0.0014096206 0.00011013498 1.615806e-05 0.0015492873 9.558431e-05 0.00075653166 0.0002403306 0.007239448 1.1136644e-09 0.021948615 1.144294e-05 0.08831409 0.04953139 0.03360612 2.5526344e-08 0.0031592052 6.968827e-10 0.0018570388 6.41359e-08 1.1303549e-06 0.07986751 2.2274244e-06 3.7308778e-06 4.180519e-07 6.561599e-09 3.6310882e-06 7.853252e-05
0.7581581 0.039411224 0.060955085 0.86225927 0.08662602 0.12909006 0.3500179 0.007427804 0.0015781232 0.0005704355 0.004216433 0.0004203088 0.11593788 0.0064254315 0.00084295205 0.8946014 0.00028461736 0.00048856705 0.00021340777 0.006181717 0.00029934593 1.0084623e-15 0.00043418465 0.3643989 0.95554143 0.974268 0.031010877 0.018942185 9.113677e-05 2.0104073e-06 8.058754e-05 0.41946393 0.7512041 0.100181475 0.00094512134 0.00036242662 3.451709e-06 2.104422e-05 3.824835e-06 0.0019296728 0.0002075505 1.0899256e-05 1.6062008e-07 0.002196591 1.5161514e-05 2.3740722e-06 1.15646e-06 3.3725512e-06 7.646373e-07 8.9094385e-07 0.7200672 0.0025776825 1.4800202e-07 3.0239844e-05 3.446234e-07 0.00013175198 2.5205685e-07 3.068019e-05 7.786462e-07 0.70327175 0.00012745165 3.8698676e-05 0.04577036 0.31351727 5.2974276e-05 0.045138214 0.0044856546 2.2568229e-06 0.0002299277 2.4258329e-08 0.0031786796 0.006662795 2.1589667e-05 0.006680372 2.5644306e-07 2.1471807e-05 5.3452935e-05 8.283043e-07 5.729453e-07 0.0003658062 0.0017533056 0.0003405604 3.7537868e-06 2.1489364e-05 0.1525016 0.00069867825 0.00046527493 0.00029727598 7.5970485e-05 2.0947139e-06 8.053974e-07 0.00018094297 5.844722e-06 0.09369123 0.0001902853 0.05559219 0.405857 0.011343989 7.8089647e-07 0.53214157 2.473972e-07
0.95403147 0.011025716 0.4557439 3.803793e-05 0.035859082 0.003773793 6.4074986e-05 0.012920397 0.7353404 0.0019121169 0.77491194 0.6299251 4.330472e-05 0.1853312 0.87763524 4.3342443e-05 3.5613204e-05 1.1676691e-05 0.95725685 0.42018303 0.9057853 0.00043418465 1.4700869e-17 0.010819046 1.14951345e-05 0.00059272 0.8765217 5.6791244e-08 1.3420469e-06 0.0045371065 3.4170614e-07 3.383945e-05 0.00779235 0.116114475 7.13381e-08 2.9443697e-06 0.0011083091 0.062673785 0.0010799556 8.096654e-09 9.191267e-08 0.008408718 0.00040623278 2.2302014e-07 0.51700675 0.00063436024 0.8521284 0.00403635 0.00024735628 0.5310597 0.0019363987 7.0239807e-06 2.8519486e-07 1.15606916e-07 4.6891448e-05 0.17439115 8.7616456e-05 1.96375e-08 8.2483675e-05 0.00012207875 3.71977e-07 1.347881e-07 0.16233878 0.0008220054 2.0558659e-08 0.00027495003 1.4626233e-06 0.008272627 1.5552561e-05 1.0007019e-08 0.0040088613 0.00017243616 4.7060345e-05 2.6228318e-07 4.172621e-05 0.002395896 1.7676194e-07 0.003940034 0.0017228987 1.6814227e-05 0.0058098747 4.9564384e-05 2.2597009e-09 2.7741784e-05 1.9772713e-06 0.0028058412 0.0011144523 0.0006307167 3.5962298e-08 1.5722636e-06 4.2292934e-09 2.2022762e-06 1.6195685e-09 2.0815198e-05 0.0043650283 0.000121671954 4.7944313e-06 2.2639408e-06 1.4818717e-09 6.7845626e-06 0.00061675964
0.91398126 0.014051594 0.189911 0.65739876 0.08671949 0.025340093 0.006235405 0.0009482669 0.00840208 0.00013992982 0.11573528 0.002441453 0.0024428072 0.11109614 0.009261604 0.2462072 2.1912198e-05 2.6953803e-05 0.001073675 0.21745963 0.0014130955 0.3643989 0.010819046 2.1167195e-13 0.043063484 0.30104816 0.71485996 0.00025549482 8.632841e-06 1.9689927e-05 2.0874609e-06 0.0037032282 0.9292879 0.9761915 6.7783863e-06 1.4794488e-05 5.3581116e-06 0.00010143401 4.829332e-07 5.182677e-06 3.6943034e-06 6.167728e-05 2.9383163e-08 1.137868e-05 0.00018233065 2.3409843e-06 0.00044282462 5.063525e-05 1.9120255e-07 0.0002865899 0.6906412 0.00016315423 1.412177e-08 2.978962e-07 1.4529867e-07 0.0019407443 4.823696e-06 2.7712878e-07 9.542911e-07 0.06371098 1.1185601e-06 7.0752435e-08 0.73880553 0.88961095 9.1864656e-08 0.43035907 0.00011935205 1.1977593e-05 1.7830182e-05 1.4791418e-08 0.0023135666 0.2812102 6.8345994e-06 0.00010957417 1.4865796e-07 0.0026074282 1.6725242e-05 4.874437e-07 0.00027111362 0.0002453375 0.3285957 7.103434e-05 1.9459564e-07 1.3791038e-06 0.0021389057 0.00075556297 0.00030574936 0.00038075645 4.030097e-07 6.703228e-07 5.7834633e-08 4.398873e-05 4.976491e-07 0.15474539 8.0512254e-05 0.2880026 0.0559837 8.604013e-05 3.143713e-08 0.06466955 1.1825801e-06
0.462694 0.03802374 0.022443647 0.692064 0.24343988 0.34101304 0.74003726 0.014807391 0.0014494797 0.00020268053 0.008713089 0.0011188994 0.28293002 0.03101682 0.00080896664 0.96542144 0.00013426588 0.001044695 0.00012468592 0.011940152 1.1097862e-05 0.95554143 1.14951345e-05 0.043063484 2.0147643e-19 0.9296466 0.0022595064 0.13667421 0.001176806 7.5114906e-07 0.0017890419 0.58480364 0.5502839 0.023882179 0.055134017 0.0006696465 2.5298402e-07 6.3671484e-07 1.2549746e-08 0.024021916 0.0028829922 1.6294422e-05 1.0038749e-09 0.008654361 1.3056842e-06 2.2662955e-06 1.7270802e-08 3.1286509e-06 6.4858874e-08 4.8258446e-08 0.3811449 0.006367954 2.7882688e-06 0.0007279203 1.0200205e-08 2.0844598e-05 3.9850846e-08 0.000665164 3.1769503e-08 0.52735364 0.0007991367 0.0011262704 0.00019458574 0.0043889484 0.00031080274 0.006292643 0.058180064 7.7703824e-08 0.0007217068 1.522521e-09 0.0012487745 0.0018305633 4.7414745e-05 0.24148709 2.3213103e-09 3.3444377e-07 0.0010989455 4.8992607e-08 5.6854645e-08 0.0033884821 0.00010201219 0.0010838165 0.0003248344 3.1233696e-05 0.22563897 0.00026381563 0.00012504053 0.0004597633 0.00038160346 3.4971545e-05 1.4119464e-05 0.002063646 3.2128835e-05 0.013822121 0.00022412128 0.0026406911 0.08368951 0.016279574 1.3331157e-05 0.088834085 9.505861e-09
0.3211755 0.046736322 0.055698138 0.69738454 0.20859735 0.17700692 0.43383536 0.02143344 0.0042271307 0.00046248347 0.010104078 0.0014186478 0.044497717 0.040381428 0.0014614292 0.8249594 0.00018876811 0.000554896 0.0005276961 0.032079533 0.0026792577 0.974268 0.00059272 0.30104816 0.9296466 1.4866565e-16 0.038828306 0.004010724 3.3252636e-05 3.1769276e-05 7.2359006e-05 0.10776501 0.9515646 0.14493483 0.00067113905 0.00067875464 2.6353635e-05 7.428534e-05 3.5699593e-06 0.00093205663 7.226156e-05 5.0517712e-05 1.8185958e-07 0.0012627249 7.362112e-05 1.3773038e-05 4.221635e-06 1.7955874e-05 2.3688567e-06 5.1586717e-06 0.73957986 0.0011074275 1.4551076e-06 5.420447e-05 1.2908768e-07 0.0005766628 1.3411269e-06 3.4378998e-05 2.653672e-06 0.4144617 0.00027104354 5.095696e-05 0.03864067 0.13303554 4.3999047e-05 0.028102249 0.001476691 1.5517381e-06 0.00019601728 2.053213e-08 0.0012416891 0.011553324 1.2074494e-05 0.009834078 7.7445335e-08 4.30516e-05 0.0001340402 9.1326524e-07 2.160531e-06 0.0004922313 0.0019048593 7.509916e-05 3.458899e-06 1.6842263e-05 0.037625227 0.00033877004 0.000246755 0.000539503 1.7324242e-05 3.1687734e-05 4.741836e-07 0.00010654561 3.474277e-07 0.034483194 0.0003286747 0.021219408 0.073193386 0.0015500204 6.926175e-07 0.11633198 4.930534e-08
0.927185 0.040257342 0.59505475 0.058064077 0.32505506 0.036676116 0.0038739187 0.01295919 0.25166294 0.00066818786 0.70994943 0.1235534 0.00080901565 0.77390194 0.47297302 0.01874053 3.453347e-05 6.806918e-05 0.297444 0.9421095 0.1812815 0.031010877 0.8765217 0.71485996 0.0022595064 0.038828306 3.3254574e-14 0.00012972085 1.3872975e-05 0.0008102603 5.6843855e-06 0.0015257023 0.5978594 0.96044934 4.8740403e-06 1.496333e-05 0.00016877647 0.0012406309 9.6434924e-05 1.262003e-06 2.207314e-06 0.0012569734 7.586055e-06 6.676496e-05 0.0074471147 6.071423e-05 0.015573066 0.0017131182 3.6163237e-05 0.05660852 0.06469083 0.00017472288 3.1042103e-07 2.9204873e-06 2.8522684e-06 0.26384538 1.4570858e-05 1.1647602e-06 6.366044e-05 0.006368616 2.311986e-06 1.8142867e-06 0.69013226 0.14835264 1.2032003e-06 0.014299504 5.7494667e-06 0.0022935711 3.7400314e-05 4.901829e-09 0.01070095 0.008162062 3.070642e-05 4.3673112e-06 1.1444452e-06 0.014927482 3.5992096e-05 2.7164271e-05 0.0022462725 0.00036365679 0.03889873 0.00020567095 1.7769958e-08 2.5205038e-05 0.0002713984 0.0015381428 0.0011721936 0.0004089372 2.5927028e-07 1.774476e-06 7.469526e-08 4.8403293e-05 1.1730791e-07 0.007736334 0.00065799826 0.016397096 0.0015740513 9.665954e-06 2.0232362e-08 0.0018488801 4.2922384e-05
0.9771905 0.008515862 0.00017439376 0.0004049884 0.00096300023 0.0058460687 0.13199411 0.00380385 1.8340894e-06 3.1239477e-05 0.00011813325 3.4920436e-06 0.8791767 9.9793724e-05 5.4930742e-06 0.020546027 0.0011762674 0.035538618 8.1111847e-07 6.8960944e-05 3.0565136e-08 0.018942185 5.6791244e-08 0.00025549482 0.13667421 0.004010724 0.00012972085 7.6656535e-17 0.069135584 1.0614474e-07 0.42829174 0.6603695 0.00070218847 0.0005340631 0.96908087 0.03507344 2.4534963e-08 1.2715972e-07 8.5161766e-08 0.58312875 0.37231916 2.2731854e-06 7.461221e-09 0.4451594 3.3796663e-08 1.8990096e-06 2.4274899e-08 2.6135237e-07 3.863926e-09 1.3969027e-07 0.0015665598 0.2602196 0.0014697827 0.11274547 7.8060305e-09 4.3613345e-06 8.693702e-09 0.07257183 7.312178e-09 0.021194166 0.02031694 0.57983625 4.128394e-06 5.8851583e-05 0.027809104 8.788278e-06 0.7877521 5.9729036e-06 0.16220175 2.5351075e-09 0.0663321 3.7023556e-06 0.001443616 0.10333132 9.375833e-09 1.3651122e-07 0.18616985 9.495572e-08 1.6416864e-07 0.18997252 6.9942056e-05 0.21178907 0.0058760475 0.00016154247 0.12512803 0.0053151823 0.012622156 0.0042812354 0.4636545 0.0010436549 0.0035678463 0.12153668 0.003326431 6.858959e-05 6.0943777e-05 1.599536e-05 0.014343709 0.6450114 0.0011785649 0.008136054 1.4137377e-06
0.96665686 0.05060932 0.0015180918 0.0012212952 0.0006226333 0.0012599996 0.014741766 0.1643729 6.3660984e-05 0.04247518 0.00010733518 7.683739e-06 0.43864268 5.569461e-06 3.8536007e-05 0.00053440884 0.6744134 0.9154698 1.2142006e-06 8.473234e-06 0.00023029397 9.113677e-05 1.3420469e-06 8.632841e-06 0.001176806 3.3252636e-05 1.3872975e-05 0.069135584 1.8778962e-18 8.075988e-05 0.95363283 0.0005522321 8.433191e-06 6.994922e-06 0.12282246 0.8827097 6.0415987e-06 1.4801233e-05 3.05242e-05 0.0120913135 0.28914228 0.0012674995 1.8766186e-06 0.47894952 7.562684e-05 0.0064902194 4.4219277e-08 0.0010467209 1.1541853e-05 5.2132245e-09 1.2570085e-06 0.68774235 0.30667958 0.080463566 1.19522965e-05 9.403899e-09 2.0744015e-05 0.01868247 2.3770604e-06 6.887484e-07 0.14559947 0.0045354515 3.517543e-08 1.0349464e-07 0.028261079 2.162359e-08 0.0061225533 6.3158915e-08 0.66055304 5.1025336e-07 0.1331159 3.4920266e-08 0.044954915 1.4399242e-06 3.0686274e-07 2.210787e-07 0.12052247 2.9866823e-07 2.7059885e-09 0.24659726 1.1297891e-06 0.48134446 0.0009902855 0.021055171 3.3880198e-07 0.037657183 0.11003325 0.042360287 0.0009147742 0.05140719 0.00055902277 0.11949446 0.0010932762 2.8277866e-06 0.0018082431 4.0102664e-06 1.1985907e-06 5.327321e-06 0.00020397661 6.949244e-06 1.625261e-07
0.99136037 0.00021994405 0.00036650687 2.3055403e-05 0.0010179761 0.0005348689 9.51436e-05 0.014888884 0.011288856 0.4263092 0.0031869097 0.0026068774 7.353547e-06 0.00049326225 0.004065188 4.4313063e-07 0.0070964736 0.0007942293 0.001985192 0.0007256196 0.15485649 2.0104073e-06 0.0045371065 1.9689927e-05 7.5114906e-07 3.1769276e-05 0.0008102603 1.0614474e-07 8.075988e-05 5.3002185e-14 2.5597822e-06 1.3984715e-05 2.8357265e-06 7.837839e-05 3.6272723e-07 0.00019030126 0.9497914 0.69327426 0.82920647 1.107177e-09 1.1882792e-06 0.8356329 0.7052279 1.8721373e-06 0.3738177 0.568483 0.028833985 0.5295088 0.27723408 0.00086866954 9.0118465e-07 0.00010193838 0.039484303 8.962936e-08 0.029478438 6.826766e-05 0.06886405 4.2864595e-08 0.23994343 6.47636e-07 1.9323069e-07 3.172415e-08 4.278003e-06 5.263514e-06 1.1913177e-08 5.220922e-07 8.108829e-06 1.287701e-05 0.00051425415 0.014697919 0.0004896391 1.7110746e-06 0.15121108 5.9032043e-08 0.014236504 4.0086297e-06 2.7819568e-05 0.0014805406 8.18949e-06 0.00015790737 4.800564e-07 0.0039510634 3.8698564e-09 0.17553462 1.035217e-07 0.21753263 0.1095966 0.08091466 7.1623965e-09 0.03604361 9.409312e-10 0.00018404059 1.5317726e-08 1.827705e-05 0.09040816 0.00014059221 1.3182455e-05 1.8002486e-06 1.2820838e-09 8.684861e-05 7.853162e-05
0.95871115 0.0063612377 0.00020568329 0.00033145005 0.00044254155 0.0016449754 0.0077493927 0.104685314 1.2620686e-05 0.005930957 7.176167e-05 5.22785e-06 0.5986403 7.2219564e-06 1.2548174e-05 0.00013708153 0.1956445 0.5307678 4.3189652e-07 3.8654503e-06 9.3576255e-06 8.058754e-05 3.4170614e-07 2.0874609e-06 0.0017890419 7.2359006e-05 5.6843855e-06 0.42829174 0.95363283 2.5597822e-06 4.6763306e-17 0.0002005727 1.0474019e-05 1.0440465e-06 0.49882212 0.7607995 1.8957975e-06 6.4569394e-07 4.7528583e-06 0.059419617 0.81710887 0.00012792498 8.772627e-08 0.9453928 1.11070185e-05 0.001086773 2.7647542e-09 4.634988e-05 1.4758569e-05 2.347616e-09 1.2514693e-06 0.6958287 0.077530004 0.5767643 2.8136772e-06 6.60274e-09 4.568077e-06 0.1488442 6.204109e-07 1.150061e-06 0.5666524 0.02117847 7.385175e-09 7.5928725e-08 0.29133126 1.1762085e-08 0.017405124 3.816931e-08 0.47250456 6.722244e-08 0.085786365 9.181451e-09 0.011041958 6.150474e-06 2.0823705e-08 2.3182274e-08 0.10463801 1.324348e-07 5.051749e-10 0.2539314 4.387675e-08 0.28736034 0.0032368742 0.0017114069 3.1333238e-06 0.007904463 0.0524593 0.022957873 0.0016192199 0.012627435 0.0010103725 0.08219669 0.0012110326 7.1096684e-07 0.00010505926 6.373102e-07 1.3162111e-06 1.20757495e-05 0.00014543698 1.7248836e-05 3.089931e-08
