3.5273146e-21 0.046706967 0.0008461899 0.04763137 0.0481713 0.17639472 0.0010473195 0.008080148 5.0405174e-06 0.21756439 0.9808337 1.3234283e-06 0.61504066 0.00021728776 0.96898645 0.08535136 1.9723848e-07 0.8015373 0.0056427196 0.31901136 0.9803449 0.00065033045 0.94592905 0.888655 0.12384257 0.063728474 0.97081214 0.8009315 0.0011551733 0.7964784 0.0036633965 0.94621444 0.6784503 0.9841521 0.9772061 0.0073734457 0.52979785 0.98881346 0.01963704 0.22281991 0.15330991 0.62646043 0.746385 0.92951196 0.543205 0.9954698 0.97599024 0.81398505 0.041760687 0.8215225 0.9052766 0.97907853 0.96263057 0.99174607 0.062231757 0.9225769 0.8455366 0.17720574 0.8301773 0.032163713 0.98229676 0.14948241 0.99039257 0.99489 0.9790677 0.31102064 0.9246664 0.91765153 0.9438146 0.19893119 0.14232707 0.9406127 0.98760027 0.09165191 0.94990164 0.9560617 0.7286615 0.9801379 0.9916088 0.97349566 0.9992491 0.99944687 0.99997884 0.0479958 0.8332035 0.9961018 0.99694765 0.9999297 0.9849285 0.8792876 0.24122213 0.9437093 0.2381154 0.99999654 0.98408085 0.878442 0.1483144 0.98527926 0.99773544 0.9997931 0.9965297
0.046706967 5.0816025e-13 0.9921935 0.68810856 0.9239999 0.5515191 0.23351113 0.22882022 0.037756536 0.17094417 0.8446748 0.0027444311 0.034969814 0.006649662 0.5816847 0.1682371 0.0055355555 0.21673134 0.06001675 0.08620477 0.3518387 0.00088666467 0.06713221 0.02600291 0.00039008688 0.0026607844 0.013985003 7.808347e-05 3.517278e-06 8.7081906e-05 0.00022302388 0.00087923947 6.4877844e-05 0.035526946 0.0030613597 4.043084e-06 6.147119e-06 0.00010897152 1.4016667e-05 1.2475482e-07 0.00025714142 3.6374986e-05 0.00020248385 0.00054245215 7.1817124e-07 2.2551134e-05 0.008604629 1.2730467e-06 3.3882188e-06 1.8874226e-07 4.280488e-06 2.5955429e-05 9.378688e-05 0.010929511 3.50195e-07 2.9702476e-05 8.445956e-06 1.8260253e-07 1.5913386e-06 5.5732414e-07 4.9742825e-06 3.361061e-09 0.002115828 8.007223e-06 3.1715696e-05 1.0776482e-08 8.9150944e-08 6.37258e-07 2.9075368e-08 1.3408079e-07 1.995229e-09 1.996117e-08 1.2391685e-07 1.802084e-07 3.3530733e-07 1.6811053e-07 2.2102547e-06 1.6134323e-06 4.461013e-05 2.9840987e-06 3.0946543e-05 5.2078685e-05 0.084386565 2.0409567e-08 2.606354e-06 3.2785338e-05 0.00040629553 0.005036405 7.883143e-06 2.1955333e-07 7.85977e-09 6.5034754e-07 3.310919e-07 0.01765375 8.8223754e-07 1.7409996e-06 1.273222e-07 2.2858995e-07 2.1277776e-06 0.00049214606 1.6687944e-05
0.0008461899 0.9921935 1.2583157e-12 0.086081766 0.54867697 0.025946781 0.10180965 0.022310318 0.58987916 0.005829581 0.26141167 0.0007650579 0.0024560578 0.002437205 0.016348192 0.020752111 0.0015965914 0.01131944 0.06272584 0.0060133724 0.0047679353 3.626346e-05 0.0012414558 4.5905614e-05 3.156022e-07 0.0044560004 0.012856457 1.3656338e-06 5.5665477e-09 3.7729467e-07 1.4807566e-06 3.017616e-06 1.2787929e-07 0.00027521525 5.7987345e-06 5.000409e-08 4.176837e-07 1.1062403e-06 9.568537e-07 4.893403e-07 0.0006369642 1.1615151e-05 2.0577775e-07 1.338205e-06 2.0290738e-06 7.73941e-08 4.2174728e-05 2.6407878e-07 1.5249442e-06 6.913254e-07 2.2181905e-06 3.1719125e-08 2.757559e-06 3.2942628e-06 5.1671062e-08 2.1952988e-07 5.237698e-07 1.1937333e-08 5.868249e-07 1.6183367e-07 3.6356744e-07 2.7012357e-08 2.228711e-07 1.2492764e-08 9.343811e-08 8.688418e-08 3.9191005e-07 1.0622855e-06 3.0747645e-07 2.5134046e-08 1.2746185e-08 1.8046069e-07 7.404121e-08 1.0775803e-08 5.1864685e-08 5.7461693e-07 2.9818017e-07 1.057465e-06 3.4988955e-07 2.5152557e-08 3.512965e-05 2.42411e-06 0.20680983 3.4027823e-09 2.7617452e-07 4.4097956e-06 2.075666e-05 0.003837404 3.0560432e-07 7.0992037e-06 1.1531527e-08 6.6203866e-06 2.1795466e-07 0.061967228 2.6739457e-05 1.6373468e-06 2.5393348e-07 1.8409386e-05 6.386661e-08 1.1541005e-05 4.49832e-06
0.04763137 0.68810856 0.086081766 2.994099e-19 0.9728569 0.93976104 0.014065008 0.05948315 0.0016223042 0.04923038 0.8449795 3.116925e-05 0.008389627 4.4842087e-05 0.74067473 0.44882017 3.5647677e-06 0.42157355 0.24264759 0.23945661 0.7249145 5.6392222e-05 0.51201034 0.021786306 0.006826793 0.011373962 0.1267292 0.021044448 3.0770116e-07 0.07327272 6.7105475e-06 0.061430197 0.00270748 0.21058862 0.12519228 7.661311e-06 0.0003025437 0.027128996 2.3396864e-05 3.0738809e-06 0.0017903338 0.0045158095 2.30567e-05 0.0040808166 0.0014776441 0.0014716206 0.053004365 0.00039325358 6.861411e-07 0.00019244809 0.0003667976 0.005314369 0.0035873447 0.052353434 4.1352106e-08 0.0009215893 0.0025044288 1.1475506e-07 0.0013490925 1.0891426e-06 0.0015534284 1.8507666e-07 0.017048657 0.00013225578 0.004816875 1.6474338e-06 9.71084e-06 0.0004046473 1.1173255e-06 7.6613077e-07 4.9058066e-08 1.8546936e-06 0.003457653 1.0668592e-06 0.00015047079 8.959912e-06 2.2832872e-05 0.00034832294 0.00017577512 2.8515002e-05 0.0012057241 0.00039169058 0.030519594 1.07781744e-07 2.1640656e-06 0.00087577326 0.0016596765 0.0047345753 2.5644602e-05 1.0648086e-05 4.1291024e-08 8.102796e-05 6.035992e-07 0.005260782 0.00035016978 1.0177174e-05 5.5288206e-07 2.821361e-05 2.6614032e-05 0.0002281247 0.0014440003
0.0481713 0.9239999 0.54867697 0.9728569 1.6110994e-16 0.8037887 0.020839095 0.025254006 0.0049207946 0.020931443 0.4059483 9.097421e-05 0.0016318884 0.0001520289 0.27815753 0.78867877 2.7970938e-05 0.530017 0.8194529 0.4360778 0.26172757 0.00019559375 0.35292926 0.0023141382 0.0005405763 0.2376515 0.49590987 0.025003424 1.2253587e-06 0.0019364533 2.8562982e-07 0.018370401 0.0003971387 0.14245932 0.01562637 4.2713884e-05 4.8874754e-05 0.017218713 6.8130954e-05 4.105737e-07 0.021493312 0.01024162 6.271834e-06 0.00010437309 0.0018429986 7.9395366e-05 0.0037854498 5.174143e-06 0.00017557324 0.00094005873 1.5092816e-05 8.469222e-05 0.00089654844 0.005432062 6.636272e-06 0.00018314677 0.0018303443 1.0572161e-06 0.0008735278 1.198373e-05 0.0017601552 8.025349e-06 0.0014582751 4.412362e-06 0.00013581371 1.49209645e-05 1.5174432e-05 0.00032581136 3.5021224e-06 4.839323e-07 1.9162496e-07 7.6936e-06 0.00019483641 1.322156e-07 3.397711e-05 1.1077268e-06 4.2178085e-06 4.662879e-05 1.8924513e-05 1.11399046e-07 0.00060940435 5.745679e-06 0.09836522 3.953426e-07 8.506773e-07 0.00015222619 6.955015e-05 0.0057142754 1.180078e-06 2.2688568e-05 6.387474e-09 3.629837e-05 2.3971148e-07 0.0020276087 0.00014243624 9.1914386e-05 8.009591e-06 8.229921e-06 1.1158698e-06 6.516084e-05 0.000149833
0.17639472 0.5515191 0.025946781 0.93976104 0.8037887 1.1930728e-16 0.15146297 0.6851497 0.0022867545 0.69556737 0.9510505 0.00035502488 0.18826352 0.008227556 0.9013691 0.15924366 4.8600392e-05 0.12660165 0.02362762 0.06055087 0.73228264 0.010238876 0.28848535 0.1334196 0.26485988 0.022604696 0.01375147 0.0066774995 6.12599e-05 0.5865668 1.4559428e-05 0.061052904 0.04350413 0.026922343 0.14067535 0.0019665288 0.008213214 0.0033769251 0.00024057183 0.00054000923 3.6901802e-06 0.0008443605 0.0018835936 0.023899531 0.00053251063 0.005440362 0.068284824 0.0057386593 2.792674e-09 4.5134435e-05 0.0040653646 0.0046071694 0.0041566053 0.048502117 9.686707e-10 0.0008467098 0.00022667732 1.792252e-08 0.00018390304 1.1751079e-05 6.637971e-05 6.595142e-08 0.005319224 0.00013502465 0.0008037356 3.916928e-06 1.20785835e-05 7.240732e-05 5.910784e-07 7.0058313e-06 3.1328923e-07 5.992442e-07 0.000597567 3.3667443e-06 3.8169772e-05 0.0001740362 0.00065591256 0.0005624458 0.00021894499 4.2900614e-05 7.432949e-05 0.0004229518 0.0078351265 5.8914696e-07 1.4623605e-05 3.228844e-05 0.0004449537 0.0052784034 2.4785568e-06 1.1187633e-05 2.503484e-06 1.17187265e-05 4.4770572e-06 0.01905861 3.650235e-05 9.175158e-05 8.726859e-06 3.3355811e-06 2.9257196e-06 6.272047e-05 2.6694079e-05
0.0010473195 0.23351113 0.10180965 0.014065008 0.020839095 0.15146297 2.6328018e-14 0.9116022 0.5619804 0.31269282 0.49790174 0.8358799 0.26599914 0.65458876 0.03605822 0.0009897291 0.1373258 0.0006814427 0.00022272715 4.5117304e-05 0.0068744165 0.0975108 0.0001794438 0.019090964 0.0005284531 0.00010495792 0.00010722929 2.0153685e-07 0.00043267923 3.5064953e-05 0.018335167 3.5254047e-06 0.00027482444 1.8837023e-05 0.00014779717 4.979656e-06 8.159655e-06 8.193259e-07 4.62123e-05 2.087654e-06 3.979565e-05 2.470921e-07 0.00025687646 0.0002994616 1.8327472e-07 6.0182607e-05 0.00054048066 1.9919885e-06 1.2515223e-09 5.9064735e-07 1.0159636e-06 2.3098536e-07 1.8920056e-05 4.5813813e-05 3.6113065e-10 1.0400911e-06 2.2903237e-08 5.1100715e-09 5.5353464e-09 1.0181518e-06 9.3216727e-07 9.49238e-09 4.8054375e-07 7.871191e-06 1.10869536e-07 5.915498e-07 2.5159973e-06 1.0368986e-07 1.3516055e-06 3.3778471e-09 2.4089218e-07 5.678445e-07 7.384362e-08 1.22752235e-08 8.208291e-07 3.3774946e-08 3.9953724e-07 1.0077636e-05 9.228774e-06 1.2879228e-06 6.6508466e-05 4.9910832e-05 0.17648333 8.014194e-09 3.4017713e-08 2.4753432e-05 0.00024372303 0.06722131 3.4151997e-06 2.5431447e-07 1.8086039e-09 1.7426572e-06 1.4093007e-08 0.33387277 4.702044e-06 3.516498e-07 1.2324801e-07 4.844825e-06 1.26441e-06 3.813342e-05 4.125055e-05
0.008080148 0.22882022 0.022310318 0.05948315 0.025254006 0.6851497 0.9116022 6.277688e-15 0.07387158 0.9589201 0.529992 0.07451926 0.80707073 0.83857065 0.0829666 0.0035628532 0.011482765 0.0023515872 0.00011868681 0.00089021557 0.024726007 0.75690395 0.001101197 0.26468202 0.27447742 5.2990497e-05 0.0005484368 7.4285513e-06 0.076697856 0.0074844514 0.14638491 2.5302264e-05 0.037518866 0.00019029764 0.0019388648 0.0064110495 0.0008525067 2.9665882e-06 0.0017373839 8.958821e-05 1.253191e-05 1.545421e-05 0.0023590324 0.0036019539 1.8544353e-06 0.008206974 0.0074854186 0.00017624426 4.5836273e-09 1.906193e-06 3.0338e-05 7.658817e-05 5.984521e-05 0.0018403383 5.846469e-09 3.381659e-06 4.6673367e-07 2.339433e-08 7.1230517e-07 1.2572898e-05 1.2345195e-06 1.2290012e-07 2.3624754e-05 9.023362e-05 2.3129476e-06 6.419661e-06 1.81223e-05 5.218751e-07 8.9789e-08 8.054915e-08 3.0945555e-06 8.6919863e-07 4.586603e-06 1.053017e-06 4.8013334e-07 5.3263507e-06 2.1926602e-05 6.664018e-06 1.126086e-05 6.360861e-07 7.14093e-06 3.1067222e-05 0.0010777445 5.38882e-07 1.5418237e-08 6.5860286e-06 2.9804258e-05 0.0003800146 1.5611853e-07 6.4687706e-06 4.5472808e-09 4.6861787e-06 9.646683e-09 0.03495076 2.151588e-05 3.126147e-07 2.6923603e-06 1.3374128e-06 1.4810765e-07 7.9898236e-08 2.9642836e-06
5.0405174e-06 0.037756536 0.58987916 0.0016223042 0.0049207946 0.0022867545 0.5619804 0.07387158 1.032989e-13 0.0015603586 0.046861902 0.10629925 0.0026598228 0.0032808862 0.0004448237 0.0008315003 0.1408926 0.000116147574 0.00042343285 3.5322013e-05 6.381994e-05 6.7611836e-05 1.1468593e-05 2.9105095e-05 1.5842271e-07 9.794052e-06 0.00026579574 3.1843894e-07 5.87744e-09 2.431708e-07 4.512197e-06 4.9459413e-07 4.184005e-07 7.0120234e-07 6.96523e-07 6.9927975e-09 1.074318e-07 2.1768317e-07 7.978462e-08 3.326294e-07 7.250727e-08 5.9784514e-07 8.8788846e-07 1.2010348e-06 3.5616975e-07 4.1311193e-08 1.6774835e-06 1.2464649e-07 1.00043376e-10 5.7974454e-08 1.2636042e-07 5.3939453e-09 4.537469e-07 1.5054937e-07 2.741093e-10 5.3179356e-08 2.155536e-08 1.3849628e-09 1.2305392e-08 9.496166e-09 1.1245749e-07 1.0622064e-08 1.4841834e-08 1.9612646e-08 1.2581887e-08 3.7390734e-08 2.424665e-06 1.4572304e-07 6.113704e-07 5.1855137e-10 6.469542e-08 1.0691397e-06 2.0798339e-08 1.213035e-10 2.5192314e-08 7.1758286e-08 3.2789103e-08 2.3747093e-07 1.6520758e-07 1.9456083e-08 1.7492343e-06 2.2605828e-07 0.05913773 4.299067e-09 1.227862e-08 1.2629529e-06 4.576851e-06 0.000502657 1.3496458e-07 9.516773e-07 4.3148476e-09 3.129091e-07 1.868545e-08 0.015925527 6.458593e-06 5.3723943e-07 5.1494186e-07 4.5370994e-06 2.925085e-07 7.688114e-06 2.5467962e-06
0.21756439 0.17094417 0.005829581 0.04923038 0.020931443 0.69556737 0.31269282 0.9589201 0.0015603586 5.826477e-16 0.5240942 0.002237843 0.9866539 0.43130165 0.43714473 0.005896234 0.0012736284 0.01713615 0.00028141576 0.0056893816 0.18366963 0.5611464 0.013253956 0.7447512 0.6096815 4.7136386e-05 0.0007610127 1.890285e-05 0.054658078 0.29878268 0.13653684 0.0007063055 0.22228135 0.014887753 0.021770833 0.014289449 0.024749583 5.600852e-05 0.0017874592 0.0034347964 2.5016e-05 0.00013860762 0.050381966 0.14064908 9.547727e-05 0.28636044 0.15363954 0.017271638 1.3374764e-08 5.1706897e-06 0.001298759 0.0052787056 0.0014989745 0.05208028 6.8368835e-09 0.00019832634 1.7074812e-05 1.4896485e-08 3.234697e-05 0.000330212 2.7083036e-06 1.128801e-07 0.011988937 0.008118076 0.0012689141 5.009459e-06 5.6302074e-06 1.09630555e-05 4.4773583e-07 1.7787117e-06 4.368836e-06 2.824128e-07 0.00013645235 1.1462818e-05 1.2290269e-05 0.00028300722 0.0013093835 0.000988047 0.00095358933 5.1819923e-05 0.0005510358 0.0019126383 0.0012865516 5.392897e-07 2.1241285e-06 0.00026091965 0.0017450657 0.0029990298 3.513183e-05 1.7184115e-05 1.0933481e-06 7.70708e-05 4.2164027e-07 0.016607001 0.00010012996 3.3134147e-05 3.203474e-06 5.7485657e-05 2.3551444e-05 0.00028719593 0.00026184373
0.9808337 0.8446748 0.26141167 0.8449795 0.4059483 0.9510505 0.49790174 0.529992 0.046861902 0.5240942 3.151929e-14 0.002745469 0.08027637 0.025158007 0.9261924 0.012978392 0.003104788 0.067425 0.0018056228 0.008418543 0.80252784 0.014450323 0.15698606 0.061708204 0.010752058 0.0005155974 0.0008340826 0.0008880952 0.00032814697 0.045171123 0.00069517485 0.028185388 0.00080776674 0.04404994 0.18931578 0.001233918 0.00111027 0.0012319632 0.00025564522 0.00017020844 2.8361985e-05 3.7359423e-05 0.00031690014 0.0030380099 0.00028565587 0.0006904241 0.08693216 0.0013644063 2.5824247e-07 1.5390751e-06 0.0006277214 0.007432428 0.0026927085 0.13282536 3.519078e-07 0.0007789199 2.1924157e-05 3.2418956e-07 2.4495817e-05 6.915691e-06 3.2716438e-05 3.520704e-08 0.037456088 0.00011991795 0.0055108075 1.9662425e-06 5.5978137e-07 8.396365e-06 1.603302e-07 3.887228e-06 5.8984006e-07 3.628293e-07 0.0011769441 4.489294e-06 8.552759e-05 0.0002781181 0.00016359545 7.693971e-05 0.0019338998 0.00014070675 0.0017005827 0.004173614 0.06953147 2.2592485e-07 6.33277e-05 0.00036034602 0.0044853855 0.0037040282 4.892377e-05 5.2945006e-06 3.1461336e-06 6.5720055e-06 3.351716e-06 0.09598893 8.889514e-06 5.0803044e-07 1.9591075e-06 2.3616342e-06 4.1099383e-06 0.0018507764 8.8412344e-05
1.3234283e-06 0.0027444311 0.0007650579 3.116925e-05 9.097421e-05 0.00035502488 0.8358799 0.07451926 0.10629925 0.002237843 0.002745469 1.828249e-16 0.007177091 0.044668607 7.9904676e-05 2.330208e-06 0.68589735 4.3973586e-07 6.0165553e-07 2.0133457e-07 2.9689857e-06 0.001276144 5.7868842e-08 0.00013731731 7.860441e-06 5.821002e-08 1.4889706e-07 9.420415e-09 9.1823614e-07 8.345376e-08 0.00019013057 1.5400104e-08 1.6199258e-05 3.0683594e-08 1.04978376e-07 1.755867e-07 6.466926e-08 1.5069551e-08 4.1808778e-07 2.3367127e-08 1.2979737e-09 8.484173e-08 1.3169706e-06 7.308756e-07 9.1252915e-08 9.690209e-08 1.33161375e-05 5.3311474e-08 1.1950248e-12 5.074097e-09 6.3515046e-08 3.300934e-09 8.69908e-08 3.150245e-07 4.9339578e-12 3.7635512e-08 5.543937e-09 1.6294386e-11 1.3250036e-09 1.7160277e-08 2.3834384e-10 1.8173377e-10 2.6815847e-08 2.5339922e-08 1.5501984e-08 1.4570204e-09 6.078499e-08 2.1566505e-08 9.581407e-08 3.7738404e-10 5.9741156e-10 8.420216e-09 2.765378e-08 1.3662473e-10 4.416946e-08 9.675447e-09 5.824786e-09 2.7654783e-06 1.7285937e-07 1.8067674e-08 6.0196203e-07 2.8528232e-08 0.0007917919 5.280643e-10 1.5492014e-09 7.447615e-07 2.3749983e-06 0.00032590458 2.3989111e-08 6.090824e-08 1.754962e-10 4.4960373e-08 1.3849468e-09 0.0058523747 3.1318243e-06 1.8599826e-08 8.647248e-09 2.0697291e-06 5.1723713e-08 2.0995335e-06 6.484239e-07
0.61504066 0.034969814 0.0024560578 0.008389627 0.0016318884 0.18826352 0.26599914 0.80707073 0.0026598228 0.9866539 0.08027637 0.007177091 5.701704e-14 0.6033176 0.21849965 0.00023229905 0.0075799995 0.00046224223 9.01891e-06 6.599638e-05 0.061776966 0.77823514 0.00032808565 0.8396568 0.7563465 1.6113964e-06 1.7602582e-05 1.35206e-07 0.450273 0.07266979 0.65474343 3.4391458e-05 0.49354357 0.00328529 0.005395809 0.123287074 0.04513933 7.3056964e-07 0.017109474 0.00471088 1.7679129e-07 1.153453e-06 0.13898502 0.20919897 2.4538673e-07 0.1605238 0.14054827 0.02694915 3.733465e-08 2.3475101e-08 0.0022639337 0.0022262025 5.8582013e-05 0.025972808 2.525057e-08 1.251871e-05 2.7780064e-07 2.1241627e-08 1.4729066e-07 0.0019014162 4.775632e-07 2.941253e-09 0.002336372 0.011691506 0.0001165766 1.3189798e-07 2.2028192e-07 2.3847292e-07 1.123959e-08 2.1295797e-05 3.141633e-08 1.3406358e-08 5.187861e-07 2.2130464e-05 5.9708276e-07 0.0008078961 0.001015951 0.0009042862 0.0011638771 3.6967762e-05 9.160408e-05 0.0056180307 0.00056482997 7.506445e-08 2.6387712e-05 4.1508076e-05 0.007439736 0.003700626 1.0323097e-05 7.3367146e-06 1.6677961e-06 6.764379e-06 1.4932729e-06 0.02552998 2.39626e-05 5.432453e-07 4.665702e-06 3.3525153e-06 2.0216894e-06 0.0016596725 0.00011562395
0.00021728776 0.006649662 0.002437205 4.4842087e-05 0.0001520289 0.008227556 0.65458876 0.83857065 0.0032808862 0.43130165 0.025158007 0.044668607 0.6033176 7.0799295e-15 0.0033369034 7.192621e-06 0.050459404 6.563449e-06 9.795757e-07 1.973635e-06 0.0004500508 0.98199 4.270702e-06 0.036757417 0.05611518 4.152288e-07 1.6700466e-06 3.0916762e-08 0.008267272 1.5272954e-05 0.26567706 3.162789e-07 0.019805845 1.5995337e-06 1.539493e-05 0.0019330168 0.00020001284 1.6425007e-07 0.0006420362 1.3755925e-06 4.3976787e-08 1.4427027e-07 0.0017888328 0.00035844496 2.1963666e-07 0.00044392355 0.0005341362 3.6300567e-06 4.4456255e-11 3.8421163e-08 2.7561973e-06 1.1549466e-06 2.742343e-06 4.3875752e-06 6.480771e-11 3.1417994e-07 9.939931e-08 1.5230865e-10 5.3039155e-08 7.371121e-06 5.5990707e-08 6.1546507e-10 2.1222928e-07 0.00011811938 1.4995013e-07 7.60719e-09 4.7181857e-07 2.6149431e-08 8.904625e-08 1.5851812e-08 3.822743e-09 6.056892e-08 4.0321673e-08 3.5247222e-08 1.1356651e-07 1.7475027e-07 7.9104075e-07 2.176621e-06 2.4451763e-06 1.3254498e-07 4.072337e-07 2.362105e-06 0.00096673466 3.8647568e-10 1.5771862e-08 2.681773e-07 4.6396086e-05 0.00075277814 9.815923e-08 2.6715176e-08 6.4719907e-10 7.943099e-08 1.7021335e-09 0.0628069 8.721505e-07 1.05996785e-08 2.7634375e-08 2.0739772e-06 7.488788e-07 1.1212013e-06 2.1886833e-06
0.96898645 0.5816847 0.016348192 0.74067473 0.27815753 0.9013691 0.03605822 0.0829666 0.0004448237 0.43714473 0.9261924 7.9904676e-05 0.21849965 0.0033369034 9.933849e-15 0.054499112 3.2335745e-05 0.27590868 0.0055106157 0.060467552 0.965658 0.004366225 0.7036794 0.10351608 0.07276241 0.009035603 0.008819895 0.03589113 0.0009406375 0.67092633 0.001893225 0.30319932 0.01965156 0.14494736 0.5933947 0.004018097 0.008228424 0.008497389 0.00060462335 0.0038826752 7.2461895e-05 0.0017882163 0.0011795582 0.021092836 0.0041560405 0.004684209 0.25653404 0.0055846414 2.9410202e-07 5.3450334e-05 0.007781136 0.029641056 0.03314356 0.28510505 5.8466167e-08 0.007904542 0.00022949111 2.7078423e-07 0.0007125049 2.856884e-05 7.067223e-05 2.361989e-07 0.11052266 0.000163822 0.029732442 6.6754997e-06 6.0473226e-06 2.2700451e-05 1.5685882e-06 1.4962473e-05 3.5513203e-06 3.3247798e-06 0.00966185 7.717182e-06 0.0017012664 0.0012131815 0.0018856246 0.0026808784 0.006872381 0.002411308 0.008496919 0.02365709 0.030830799 1.3544726e-06 0.00013602086 0.0025336747 0.00415812 0.025093382 0.0005226719 1.4447254e-05 1.010546e-05 2.8828008e-06 9.057663e-06 0.08509947 2.1045786e-05 2.0971365e-06 2.5222723e-06 0.00017641697 0.0003226242 0.0028430293 0.00015018335
0.08535136 0.1682371 0.020752111 0.44882017 0.78867877 0.15924366 0.0009897291 0.0035628532 0.0008315003 0.005896234 0.012978392 2.330208e-06 0.00023229905 7.192621e-06 0.054499112 5.4787063e-18 1.5612276e-08 0.92050236 0.9494174 0.96114254 0.044227898 1.2280522e-05 0.56935257 0.00047477483 0.0001098108 0.9152232 0.79688364 0.55619293 2.603476e-07 0.0008677117 2.9409532e-07 0.047857367 9.100561e-05 0.11457438 0.004390294 2.4432473e-05 2.1898768e-05 0.06476725 2.9086865e-05 1.021137e-06 0.0908565 0.048851997 3.3044446e-06 0.0002843569 0.027021661 1.1067612e-05 0.0025932384 1.7377128e-05 0.0010590219 0.0017462851 1.7848877e-05 0.00017945474 0.0015298049 0.0020575442 3.0557898e-05 0.0012256153 0.0064413277 2.1139774e-06 0.0062648263 2.5641311e-06 0.0048451726 4.42513e-06 0.0013880512 9.332915e-07 0.0007054109 8.085802e-06 0.00016886486 0.00061672606 7.226721e-05 4.1254086e-07 4.1170156e-06 7.9432175e-05 0.000301405 1.8454841e-07 0.0005041969 2.0279208e-06 1.3889642e-05 4.4714954e-05 6.962859e-05 1.597215e-06 0.0031357994 8.7574267e-07 0.06967024 1.2255443e-06 9.724625e-07 0.0006374601 1.1660978e-05 0.003078544 9.666761e-05 0.00020389026 1.0733486e-08 4.288266e-05 4.6641688e-07 6.1838655e-05 0.0001731936 2.2336028e-05 1.777075e-05 0.00010664382 3.6888345e-05 4.18907e-06 8.94291e-05
1.9723848e-07 0.0055355555 0.0015965914 3.5647677e-06 2.7970938e-05 4.8600392e-05 0.1373258 0.011482765 0.1408926 0.0012736284 0.003104788 0.68589735 0.0075799995 0.050459404 3.2335745e-05 1.5612276e-08 1.4237203e-19 1.0972316e-08 3.28843e-08 5.698348e-09 6.7357104e-07 0.0009785226 1.7013049e-10 0.00015426888 4.1341676e-07 5.060119e-10 4.082406e-08 2.898308e-11 5.959543e-08 1.0457858e-09 0.0003493751 5.3755764e-11 3.5794554e-05 8.886085e-11 1.00391834e-10 5.1216147e-09 1.9921766e-08 2.1320228e-10 2.5548799e-08 4.8371405e-09 8.626135e-15 6.4380806e-11 2.5560876e-05 2.2065057e-08 2.1688823e-11 2.0825055e-08 1.2319748e-07 6.939183e-10 4.279246e-16 1.2005284e-12 1.4435594e-10 3.380588e-12 2.9276914e-09 6.1032496e-10 1.2384352e-14 3.2399357e-09 2.1333478e-11 2.5173106e-15 9.510017e-12 4.4488636e-12 1.1895318e-10 7.302251e-14 3.2292081e-12 1.110517e-08 2.557527e-12 4.0509408e-14 2.9816816e-11 1.2731709e-11 9.145816e-12 1.596333e-14 1.1336042e-12 9.110599e-11 8.794707e-12 3.5290235e-14 9.012618e-11 4.8886936e-12 1.19140895e-11 4.502735e-10 1.2836406e-08 1.07903755e-10 1.0129672e-08 3.0853358e-09 0.000236181 4.931302e-13 2.8057708e-13 2.280311e-08 4.9530232e-08 1.1131186e-05 1.2555605e-09 3.3535206e-11 2.691822e-13 2.402957e-10 4.6695037e-13 0.0039968803 1.1221446e-08 3.015132e-11 4.1906136e-09 7.908895e-10 2.3003007e-08 3.6281858e-07 4.2997332e-08
0.8015373 0.21673134 0.01131944 0.42157355 0.530017 0.12660165 0.0006814427 0.0023515872 0.000116147574 0.01713615 0.067425 4.3973586e-07 0.00046224223 6.563449e-06 0.27590868 0.92050236 1.0972316e-08 5.4262317e-17 0.38696232 0.95937556 0.3647968 3.5456538e-05 0.9438389 0.0027000268 0.00023975917 0.2821224 0.8703538 0.7653212 8.198997e-07 0.023125736 2.7419338e-07 0.29618844 2.721084e-05 0.5853453 0.051481713 1.2874726e-05 7.644219e-06 0.3561135 6.9630682e-06 8.446129e-07 0.011097364 0.05895333 4.7528604e-07 0.00062580605 0.03261035 5.3060892e-05 0.04723806 0.00018480654 9.074277e-05 0.0009413434 8.3319974e-05 0.004566294 0.0116517255 0.099341065 6.443302e-07 0.0059803366 0.015198824 4.1154902e-07 0.014139893 9.799666e-08 0.010177203 2.386524e-07 0.08289226 3.7955692e-06 0.024421398 2.0180912e-06 1.2255626e-05 0.00392848 2.1721738e-05 1.0579992e-07 1.0006261e-07 7.1747877e-06 0.026688594 2.9287165e-07 0.0009032454 1.2017743e-05 1.126098e-05 0.00026869174 0.0009834322 7.708528e-05 0.027658334 0.00013256655 0.095344454 2.9097587e-06 4.3799414e-06 0.02608353 0.00045192044 0.010761485 0.0004584133 0.00012773798 6.181094e-07 0.00019169615 1.7401728e-06 0.0015943322 0.0006440572 8.323313e-06 2.1230996e-06 0.0004202018 0.000527604 0.00016750026 0.0012465097
0.0056427196 0.06001675 0.06272584 0.24264759 0.8194529 0.02362762 0.00022272715 0.00011868681 0.00042343285 0.00028141576 0.0018056228 6.0165553e-07 9.01891e-06 9.795757e-07 0.0055106157 0.9494174 3.28843e-08 0.38696232 3.756346e-18 0.6305036 0.0031583644 6.968831e-07 0.08519712 0.000100519654 4.3624746e-06 0.9914864 0.53112894 0.18133274 1.4258824e-09 1.9112426e-06 6.922309e-08 0.001382409 2.8544795e-05 0.012345754 4.3803237e-05 2.375525e-07 1.3147745e-06 0.005574911 1.8186972e-06 8.478507e-09 0.47560766 0.036223184 1.04389954e-07 1.9519302e-05 0.0050059254 7.5551184e-06 1.8505549e-05 7.439625e-08 0.00910262 0.0018602924 2.7120345e-07 1.1939935e-07 9.035491e-06 2.3847999e-05 0.0010244164 6.681785e-06 0.0021982277 0.00013809884 0.0020029899 5.698053e-06 0.0044670887 5.8733276e-05 1.6133301e-05 3.1136625e-07 1.5778462e-05 8.142772e-06 8.9688314e-05 0.00029802794 1.8043971e-05 1.2937238e-07 2.9028324e-06 4.4860648e-05 2.255164e-06 6.789015e-08 5.000295e-06 6.0366887e-07 3.629781e-07 9.94186e-07 1.8070601e-06 4.8114956e-09 0.00033058037 9.8653054e-08 0.0068909344 2.066261e-07 4.1329553e-08 0.00016213453 3.2472717e-06 0.0006780301 3.5795933e-06 3.4509536e-05 2.224222e-09 5.504013e-06 1.4681434e-08 1.9026162e-05 9.645609e-05 3.3664855e-05 3.001751e-05 4.1496245e-05 2.6252295e-07 4.1751982e-06 4.4943852e-05
0.31901136 0.08620477 0.0060133724 0.23945661 0.4360778 0.06055087 4.5117304e-05 0.00089021557 3.5322013e-05 0.0056893816 0.008418543 2.0133457e-07 6.599638e-05 1.973635e-06 0.060467552 0.96114254 5.698348e-09 0.95937556 0.6305036 5.112351e-17 0.05862143 2.9501727e-05 0.6891488 0.0003381061 7.9634076e-05 0.68515694 0.95076877 0.7578789 3.3658198e-06 0.0023554738 3.6961342e-07 0.098916344 2.7526445e-05 0.23114347 0.009185376 1.4667757e-05 1.3933635e-05 0.24716914 7.778264e-06 8.560919e-07 0.077346705 0.11676813 3.7070424e-07 0.00032636677 0.03742946 2.1045806e-05 0.008299249 6.237968e-05 0.0026330475 0.0043956167 5.1839448e-05 0.0010241312 0.0074273124 0.011186321 0.00020122681 0.0024716528 0.030371103 0.000104744635 0.023135241 1.7829242e-07 0.016786823 1.3266956e-05 0.014175585 1.5686974e-06 0.008482128 3.0724987e-05 8.956549e-05 0.0090025235 0.00017909793 2.64075e-07 6.571529e-06 0.00010649573 0.008276108 3.490823e-07 0.0010130741 5.4737307e-06 6.3829525e-06 0.00025374308 0.00035816545 2.8265453e-05 0.01520587 3.2677057e-05 0.02567692 2.1765183e-05 3.68558e-06 0.008834042 0.0002180552 0.0038359328 0.0005555963 0.0009903111 2.552733e-07 0.0005719733 2.5742502e-06 0.00011171145 0.0019681489 0.00024653014 6.1440755e-05 0.0015475869 0.00039068065 8.7418724e-05 0.0014758499
0.9803449 0.3518387 0.0047679353 0.7249145 0.26172757 0.73228264 0.0068744165 0.024726007 6.381994e-05 0.18366963 0.80252784 2.9689857e-06 0.061776966 0.0004500508 0.965658 0.044227898 6.7357104e-07 0.3647968 0.0031583644 0.05862143 4.6323393e-15 0.0010850182 0.81572634 0.03300713 0.016462192 0.0028936935 0.012147914 0.044082195 8.80302e-05 0.43366125 9.058904e-05 0.62413424 0.0033853038 0.31959355 0.9054369 0.0011244523 0.0040536574 0.018693311 6.621855e-05 0.001129766 0.00010167061 0.0015145814 0.00031373132 0.006183648 0.0034854726 0.0015593396 0.20875421 0.0040802136 7.030323e-07 9.894209e-05 0.0033139584 0.039439704 0.03291572 0.3757817 3.6168785e-07 0.010361856 0.00024852817 7.9301526e-07 0.000620764 9.151044e-06 0.00023384762 5.1213266e-07 0.19016711 0.00019183882 0.056373693 2.443118e-06 6.2254608e-06 9.275356e-05 4.694127e-06 3.0788183e-06 4.027327e-07 2.9377895e-06 0.035923887 1.9012765e-06 0.0019101921 0.00066424423 0.00057272566 0.0056992704 0.0049363994 0.0024202422 0.027172657 0.036643464 0.034091476 2.1631226e-06 3.8306083e-05 0.00936982 0.008369145 0.0367927 0.0011350838 0.00014758899 4.6392665e-06 1.9899295e-05 5.3083186e-06 0.050475143 0.00018388584 3.84269e-05 1.148657e-06 0.00045294952 0.00033120453 0.0060857506 0.00061731273
0.00065033045 0.00088666467 3.626346e-05 5.6392222e-05 0.00019559375 0.010238876 0.0975108 0.75690395 6.7611836e-05 0.5611464 0.014450323 0.001276144 0.77823514 0.98199 0.004366225 1.2280522e-05 0.0009785226 3.5456538e-05 6.968831e-07 2.9501727e-05 0.0010850182 4.8953257e-13 2.241402e-05 0.18124627 0.5663328 1.2948587e-06 4.7742344e-07 3.247498e-08 0.16294454 0.0008486974 0.7111937 3.295936e-07 0.22550336 1.5185165e-06 9.164245e-05 0.118936196 0.0026093263 2.7473442e-07 0.041470304 6.998009e-05 7.095881e-06 1.1645587e-05 0.022810625 0.005110886 1.4048148e-06 0.006139902 0.00137387 9.327924e-05 1.8014462e-09 1.5371843e-06 8.175538e-06 2.7964388e-06 2.828771e-06 1.6245142e-05 3.836247e-10 4.291616e-07 1.1727318e-06 2.9693352e-09 6.1953347e-07 0.0016803488 1.9363938e-08 3.5779535e-09 1.1892938e-06 0.00026025466 4.878353e-07 3.8402185e-08 6.667915e-06 4.449019e-07 1.853841e-08 9.162082e-06 1.1618468e-08 9.391822e-08 3.7356447e-08 1.6699876e-06 1.14874084e-07 6.787432e-07 0.00012995103 1.3389564e-05 3.0776735e-06 2.9768518e-07 2.606973e-06 7.854075e-07 3.517233e-05 8.290273e-09 4.750196e-07 6.06294e-07 1.7129694e-05 0.00283435 2.9245885e-07 5.5576584e-07 3.4876468e-08 7.1738543e-07 6.7596964e-08 0.01898975 2.7825472e-06 1.5235828e-07 1.5776129e-07 1.0092549e-06 1.0724999e-07 7.9175857e-07 7.262475e-07
0.94592905 0.06713221 0.0012414558 0.51201034 0.35292926 0.28848535 0.0001794438 0.001101197 1.1468593e-05 0.013253956 0.15698606 5.7868842e-08 0.00032808565 4.270702e-06 0.7036794 0.56935257 1.7013049e-10 0.9438389 0.08519712 0.6891488 0.81572634 2.241402e-05 6.900914e-19 0.004118214 0.00029936622 0.049742006 0.47916484 0.8686522 8.8008505e-08 0.13841625 2.2627168e-08 0.87192196 5.1787367e-05 0.8940051 0.3666287 6.7978067e-06 5.8163e-05 0.5591692 5.77336e-07 1.1050394e-06 0.0017118901 0.027470242 1.7138183e-06 0.0017250312 0.052535355 0.0003121698 0.10222602 0.0004750912 2.3842847e-06 0.0007637249 0.0011790298 0.028069956 0.045807604 0.30257758 2.8674924e-08 0.024320565 0.0084734075 2.7088652e-07 0.007957078 5.095659e-08 0.0058369213 6.54574e-08 0.280802 2.5043952e-05 0.08058991 1.4947375e-06 3.2152933e-05 0.004567117 2.7635077e-05 1.3461917e-07 2.7454073e-08 1.6024751e-05 0.07166205 1.0525728e-07 0.0050435564 3.216698e-05 5.5185385e-05 0.00077514356 0.004821574 0.00086651463 0.030626368 0.0030358487 0.17007254 4.835217e-07 2.1961698e-05 0.014724842 0.000974676 0.04247043 0.0013451183 0.00042505932 1.3247218e-07 0.0006964523 2.7177834e-06 0.006070717 0.0006756369 0.00018557746 1.0487387e-06 0.000282814 0.00095566595 0.0010117191 0.0022827531
0.888655 0.02600291 4.5905614e-05 0.021786306 0.0023141382 0.1334196 0.019090964 0.26468202 2.9105095e-05 0.7447512 0.061708204 0.00013731731 0.8396568 0.036757417 0.10351608 0.00047477483 0.00015426888 0.0027000268 0.000100519654 0.0003381061 0.03300713 0.18124627 0.004118214 2.3356296e-16 0.96900666 4.482165e-05 2.4906354e-05 9.917405e-06 0.0899046 0.82827055 0.25659433 0.0014670896 0.7536268 0.0019510472 0.027145855 0.13828377 0.31011966 1.0481772e-05 0.017769512 0.1409044 1.229459e-06 3.2262049e-06 0.407445 0.4791147 4.2521482e-05 0.9485473 0.24235998 0.14739984 1.0339437e-08 2.2610722e-07 0.022417186 0.02636895 0.001194226 0.068452 1.5200088e-08 0.00023259054 5.647564e-07 2.4637428e-08 8.207077e-07 0.0058820974 2.8480213e-07 2.5715624e-07 0.0069879955 0.093784854 0.0016440015 0.00011313613 7.046544e-06 8.037745e-07 1.1007937e-07 0.00048347109 7.377687e-05 9.9692656e-08 0.00016005315 0.00023262361 2.2958708e-05 0.0057479762 0.0040409737 0.010732179 0.0030129391 0.0005699988 0.00020948536 0.07698717 0.0003586202 9.685327e-07 9.5077194e-05 9.414147e-05 0.05681355 0.0030443845 5.724374e-05 5.6939025e-06 3.1259624e-05 8.213808e-06 5.7435263e-06 0.01118196 9.485373e-06 8.640427e-06 1.0850019e-06 3.389151e-05 1.2440103e-05 0.01523052 0.00035491737
0.12384257 0.00039008688 3.156022e-07 0.006826793 0.0005405763 0.26485988 0.0005284531 0.27447742 1.5842271e-07 0.6096815 0.010752058 7.860441e-06 0.7563465 0.05611518 0.07276241 0.0001098108 4.1341676e-07 0.00023975917 4.3624746e-06 7.9634076e-05 0.016462192 0.5663328 0.00029936622 0.96900666 1.3440048e-16 0.00013118828 1.4965577e-06 3.3214585e-06 0.70751745 0.7591751 0.4877521 3.2020187e-05 0.94048285 0.00015119187 0.016189868 0.8178076 0.4849078 1.0322034e-05 0.32959306 0.3165439 4.197674e-07 1.2230103e-05 0.5355301 0.32295382 2.9024393e-06 0.66025096 0.082057014 0.105595134 7.5031886e-10 1.5454378e-06 0.02272051 0.0077981083 0.0004549782 0.010600728 7.0797723e-10 2.4457486e-05 1.6656614e-06 3.1841935e-08 7.0231937e-07 0.025948502 1.15781894e-07 1.4758764e-07 0.0012005928 0.05717872 4.1989635e-05 1.1276133e-05 9.1284855e-06 2.3706627e-06 5.986807e-08 0.00041735405 2.758498e-06 1.3550353e-07 3.9805214e-05 0.0001028774 8.0289277e-07 0.0030508137 0.010809351 0.0048668366 0.00079945766 0.00023819691 2.7872735e-05 0.004697961 3.2238782e-05 6.481334e-07 0.00013693598 4.9655788e-05 0.0053362735 0.0012384168 7.868619e-07 5.5099476e-06 2.6621725e-05 1.6309627e-05 6.5534987e-06 0.0008317088 4.6525114e-05 4.334211e-05 2.3707166e-06 5.876238e-06 1.4878242e-06 0.0006783375 2.4402945e-05
0.063728474 0.0026607844 0.0044560004 0.011373962 0.2376515 0.022604696 0.00010495792 5.2990497e-05 9.794052e-06 4.7136386e-05 0.0005155974 5.821002e-08 1.6113964e-06 4.152288e-07 0.009035603 0.9152232 5.060119e-10 0.2821224 0.9914864 0.68515694 0.0028936935 1.2948587e-06 0.049742006 4.482165e-05 0.00013118828 2.5672793e-18 0.77683717 0.43103012 7.5773926e-08 0.00020155427 8.774568e-08 0.0038205353 1.1791988e-05 0.019376447 0.00030264963 2.2480895e-05 0.00013914693 0.03197015 0.00019286865 8.262242e-06 0.79263824 0.36022878 4.0422854e-08 0.00014084559 0.038838502 4.347757e-07 0.00024259998 3.5381145e-05 0.032258935 0.026834112 2.9788342e-05 4.3897394e-06 0.0004459089 0.00021434072 0.008308951 0.0003594188 0.050577383 0.002539948 0.04427406 9.475952e-06 0.033312295 0.0005458143 0.0001609443 3.0378573e-08 0.00039238224 6.197569e-05 0.0005761079 0.005198763 0.0019874356 2.1734184e-06 3.5614194e-05 0.0009743716 0.0001039765 2.8967193e-07 0.00050458417 6.1554994e-07 1.4374257e-06 1.7006232e-05 8.210296e-05 3.5955406e-06 0.0060385233 3.2548476e-07 0.0051052035 1.9598801e-05 1.7463015e-05 0.004408926 7.3317274e-06 0.004495813 0.00091121695 0.0025550046 1.624446e-07 0.0007439253 1.88056e-06 5.878401e-06 0.0021026426 0.0009303134 0.0006974722 0.0018333439 0.00010486547 2.895554e-05 0.0010390705
0.97081214 0.013985003 0.012856457 0.1267292 0.49590987 0.01375147 0.00010722929 0.0005484368 0.00026579574 0.0007610127 0.0008340826 1.4889706e-07 1.7602582e-05 1.6700466e-06 0.008819895 0.79688364 4.082406e-08 0.8703538 0.53112894 0.95076877 0.012147914 4.7742344e-07 0.47916484 2.4906354e-05 1.4965577e-06 0.77683717 8.919667e-16 0.9428701 1.3579292e-07 0.00025838378 2.6273605e-07 0.04429948 3.8569829e-07 0.2828201 0.0027180924 1.4285286e-05 2.1649862e-06 0.6072563 7.2356065e-06 1.9222915e-07 0.21936327 0.1647699 7.1066415e-06 2.3431028e-05 0.060903274 1.3208082e-06 0.0009852707 4.7226445e-06 0.0009352474 0.0048990143 1.2017807e-06 0.00021254558 0.00068922585 0.004004089 9.786943e-05 0.005414655 0.07811936 9.448308e-05 0.026473405 2.4340468e-07 0.083636016 1.9005323e-05 0.010880746 5.032325e-07 0.0081580505 2.8809525e-05 5.300076e-05 0.018717658 0.00016929733 3.0908208e-08 2.3842483e-06 5.8977548e-05 0.009878996 4.792758e-08 0.0024474617 3.330393e-08 4.5266987e-07 4.2498878e-06 0.0001372101 1.0703094e-05 0.05709217 5.871188e-05 0.19491877 1.2012702e-05 3.2598493e-07 0.022027813 0.00028726662 0.0046928404 0.002144896 0.0019519408 7.634449e-08 0.0019046877 2.6667678e-08 0.00042328125 0.0014715492 0.00055916305 7.606408e-05 0.00075404556 0.0005233177 0.00016745026 0.007708441
0.8009315 7.808347e-05 1.3656338e-06 0.021044448 0.025003424 0.0066774995 2.0153685e-07 7.4285513e-06 3.1843894e-07 1.890285e-05 0.0008880952 9.420415e-09 1.35206e-07 3.0916762e-08 0.03589113 0.55619293 2.898308e-11 0.7653212 0.18133274 0.7578789 0.044082195 3.247498e-08 0.8686522 9.917405e-06 3.3214585e-06 0.43103012 0.9428701 2.1163668e-18 3.649037e-09 0.001446606 2.6725827e-08 0.44678974 4.314912e-06 0.5759266 0.02791042 6.8376534e-07 7.3671254e-07 0.95360255 4.4132813e-07 3.183064e-08 0.12654407 0.53586996 1.34803075e-08 1.7024455e-05 0.47703254 6.614479e-06 0.0027666022 5.2934456e-06 0.005264157 0.037698936 1.8726705e-05 0.0014201205 0.01688202 0.009875096 0.00019155143 0.01976329 0.10859769 0.0027299866 0.09915663 6.610947e-08 0.06307065 0.00012593485 0.02237 9.32603e-07 0.018707892 0.0002036658 0.0017800711 0.049542572 0.0045614014 2.6717407e-07 3.31272e-05 0.003889001 0.027533604 3.4082578e-07 0.021549128 2.4765463e-06 2.8776356e-05 0.00019754487 0.00024120495 4.4556644e-05 0.06397466 0.00021871542 0.00941572 0.00047982554 8.04713e-06 0.030299092 0.0007783789 0.010885105 0.0031466784 0.0062325355 1.982782e-07 0.008351425 3.942167e-06 8.3576546e-05 0.010331898 0.0033106022 0.0003607607 0.011610213 0.002373649 0.0013941278 0.010135965
0.0011551733 3.517278e-06 5.5665477e-09 3.0770116e-07 1.2253587e-06 6.12599e-05 0.00043267923 0.076697856 5.87744e-09 0.054658078 0.00032814697 9.1823614e-07 0.450273 0.008267272 0.0009406375 2.603476e-07 5.959543e-08 8.198997e-07 1.4258824e-09 3.3658198e-06 8.80302e-05 0.16294454 8.8008505e-08 0.0899046 0.70751745 7.5773926e-08 1.3579292e-07 3.649037e-09 9.547814e-17 0.0004109594 0.9973484 5.5292396e-08 0.5575655 2.7052047e-07 1.7425467e-05 0.5843515 0.008406289 3.620882e-07 0.4309136 0.0018226469 4.4535508e-08 4.782811e-07 0.5285582 0.010569944 3.1213747e-07 0.01877848 0.0011969191 0.0009192855 1.2046853e-11 1.3866578e-08 7.5745935e-05 1.17056015e-05 3.9829098e-07 4.4224807e-06 1.5996995e-12 7.389336e-08 1.08536156e-07 1.7948228e-10 3.423303e-08 0.004605952 2.3754931e-09 5.938441e-11 1.4113215e-07 0.0055527603 3.5201268e-08 3.0480416e-09 6.489823e-08 1.0539287e-07 9.830213e-09 0.00015899174 6.956579e-11 3.292246e-08 1.6042893e-08 3.2076332e-05 3.9821142e-08 6.9941216e-06 2.905332e-05 1.3020453e-05 1.2543933e-06 7.5942914e-08 3.5377533e-07 5.7894425e-07 2.9202906e-07 1.0640917e-09 1.8633257e-06 1.8090368e-07 4.0387044e-05 0.0005929263 2.0075104e-08 2.705541e-08 1.288051e-07 1.14001155e-08 1.325326e-07 0.000109646404 1.5840783e-06 1.6198157e-09 2.3455664e-09 1.3240432e-06 4.7775888e-08 8.779725e-06 1.4516578e-06
0.7964784 8.7081906e-05 3.7729467e-07 0.07327272 0.0019364533 0.5865668 3.5064953e-05 0.0074844514 2.431708e-07 0.29878268 0.045171123 8.345376e-08 0.07266979 1.5272954e-05 0.67092633 0.0008677117 1.0457858e-09 0.023125736 1.9112426e-06 0.0023554738 0.43366125 0.0008486974 0.13841625 0.82827055 0.7591751 0.00020155427 0.00025838378 0.001446606 0.0004109594 2.0111201e-16 9.744027e-05 0.2647428 0.44180426 0.07113597 0.9030879 0.057421356 0.8243095 0.0048401756 0.0007870891 0.5830523 5.6581143e-07 0.00036415027 0.018617095 0.7551773 0.00055105105 0.9152555 0.78101426 0.64698756 2.454965e-09 1.1351086e-05 0.76575387 0.5619483 0.15972859 0.24133855 2.0119482e-09 0.034327243 0.00020063124 5.2159624e-08 0.000487059 0.0013115181 5.8358466e-05 9.13567e-08 0.11372667 0.008923674 0.05548192 1.7403869e-06 9.384432e-05 0.00032769478 5.931468e-07 0.0012193255 8.084975e-08 2.6119153e-06 0.039182153 0.00030911487 0.002320918 0.026776383 0.03579901 0.086517826 0.08595979 0.051534753 0.012044473 0.14563192 0.0018724607 1.9212205e-06 0.004061611 0.0025105912 0.05408162 0.07477026 0.001635277 3.596818e-05 0.00031686082 0.0002970586 0.001164893 0.019278532 0.0005451107 0.00048554692 1.1988713e-05 0.00021832988 0.0019420994 0.040964644 0.0011704486
