3.916872e-19 0.025386238 0.046662804 0.031272456 0.024267815 0.5235615 0.0027841623 0.6700345 0.26013172 0.14374842 0.77290416 0.08263367 0.005405694 0.07882127 0.939269 0.18429853 0.8930634 0.9650522 0.122847825 0.92743057 6.658228e-05 0.17141438 7.6278698e-06 8.5312124e-05 0.0040492485 0.010982888 0.96741545 0.9811121 0.92646176 0.8956089 1.2169811e-05 0.9387021 0.7455439 0.9542424 0.9441216 0.58215386 0.980474 0.9327361 0.972911 0.77863055 0.00075769343 0.9799165 0.15278897 0.95206803 0.118458815 0.95637834 5.1269762e-05 0.9152546 0.0026701172 0.9176566 0.9629615 0.6940366 0.91828656 0.8490331 0.9870079 0.9842658 0.98401195 0.88549405 0.9620729 0.9540013 0.08729289 0.96912533 0.9754178 0.6170124 0.99299884 0.167406 0.9803504 0.99481654 0.98786104 0.04262768 0.98962104 0.9530185 0.91569114 0.9474172 0.9562659 0.9898116 0.8218322 0.9554363 0.9977804 0.9772697 0.9789779 0.9827975 0.99249274 0.19554488 0.99569505 0.85370004 0.9889586 0.9745844 0.99159104 0.72816145 0.16340907 0.30031025 0.29977176 0.9990158 0.9999153 0.6619397 0.99979234 0.5547395 0.9999184 0.9998367 0.99996483
0.025386238 1.1656479e-10 0.5248468 0.99692696 0.05673799 0.3953373 0.9484748 0.65642715 0.0031968486 0.00055293937 0.19287898 0.04921083 0.83833265 0.0014164199 0.3675922 9.351542e-06 0.004326522 0.009316985 0.0053610713 0.03133573 0.001810254 5.6061323e-05 0.0006758815 0.008147903 0.0050630597 0.0036050482 0.005909159 0.035156008 0.00024102928 6.431349e-07 0.0005247894 1.4244678e-05 1.1364523e-06 0.006215311 0.0076922076 8.70079e-06 0.0065519954 7.521849e-07 4.291874e-07 1.1157007e-06 9.0628646e-08 0.0007005203 9.2929085e-08 2.000464e-06 1.6061371e-06 4.037002e-05 9.1060965e-06 4.575221e-05 6.251912e-08 1.00865876e-07 6.293533e-05 1.3586326e-07 0.00018271044 2.7629648e-07 1.7781461e-07 0.00028857938 0.00014473299 6.524662e-08 9.736563e-08 2.6582703e-07 1.3822712e-07 3.8033816e-06 1.2575895e-05 2.0006921e-07 0.000708055 5.5087285e-06 3.909777e-06 0.0083038015 1.0074499e-06 7.872823e-07 1.2304696e-05 2.1480388e-07 2.4181747e-07 3.2348638e-07 1.1419418e-08 3.6793267e-07 1.22827e-07 6.698757e-08 0.02782858 1.4600681e-07 3.952344e-07 7.453174e-08 1.9263243e-06 3.3109362e-08 6.293332e-08 2.4983965e-08 6.2473026e-07 1.4763636e-05 1.8800749e-07 3.79006e-08 1.4809337e-09 1.586912e-08 5.427932e-07 1.2264278e-05 2.386619e-06 1.5971382e-05 1.2087975e-07 2.0701614e-06 1.2937744e-05 2.5935137e-07 0.00015530233
0.046662804 0.5248468 2.257704e-11 0.38600236 0.9946493 0.9383299 0.07222059 0.31859568 0.6766533 0.63337326 0.007094788 0.0060391887 0.019174993 0.33003077 0.7047253 0.040094454 0.1264649 0.00012597196 0.00012103911 0.029525423 0.0004267834 1.4177051e-05 0.00022004687 0.00070751697 5.4681255e-05 0.00017916421 0.0010897921 0.024772517 0.015222649 4.670754e-06 6.5316446e-05 2.1848158e-05 8.896834e-06 0.05321466 0.10871454 0.00039621946 0.0049129142 2.0082268e-06 2.7137794e-06 1.1668704e-06 3.358469e-07 0.06495045 6.4243274e-08 7.848119e-06 5.878292e-07 0.0010779687 6.2858944e-06 0.004107619 5.886993e-07 3.9699896e-07 5.1237846e-05 2.1663049e-05 0.0014311569 4.4572156e-05 1.9268664e-06 0.0031810254 5.5229822e-05 4.9791715e-06 3.2876858e-07 1.2791882e-05 2.2886545e-07 1.15549265e-05 0.0036115092 1.1838062e-05 0.00023219649 3.831668e-05 3.564402e-05 0.0043007657 0.0003558143 5.767039e-06 0.00086355704 7.7443383e-07 4.4160598e-07 7.729979e-07 7.746395e-08 1.3263153e-06 3.1107183e-07 1.3632842e-07 0.3732054 6.091045e-08 2.1865813e-05 9.574621e-06 4.143139e-05 1.0615199e-06 1.7464048e-07 2.5378375e-08 5.020265e-05 0.0013934267 1.8677372e-05 1.6557178e-05 9.3148955e-08 1.9002785e-07 6.051993e-07 0.0003969869 6.867231e-05 1.1664148e-05 1.17382775e-07 6.248858e-07 0.00032733838 5.0744694e-07 0.0016816778
0.031272456 0.99692696 0.38600236 2.08814e-13 0.019172784 0.5401687 0.89937806 0.79149544 0.010447523 0.0007823631 0.42555624 0.07800724 0.6535163 0.0022503238 0.26610443 3.0165102e-05 0.0034215914 0.014455869 0.005253156 0.062953316 0.0013931132 0.0003342775 0.0004131295 0.005561341 0.0010925602 0.0017966967 0.0131205795 0.039844573 0.0006440692 1.4795759e-05 0.0005510043 4.1264593e-05 1.1109074e-05 0.010811289 0.010083541 8.1280494e-05 0.011555986 3.9316956e-06 1.8021707e-06 1.6601457e-06 3.0084724e-08 0.0010286976 5.929783e-07 1.6314315e-06 3.383609e-05 0.00026179827 1.3651475e-05 0.00013994049 1.0840355e-07 2.884796e-07 4.8758233e-05 8.798673e-07 0.00024049866 7.602194e-07 3.2654356e-08 0.0001761191 6.099768e-05 5.4906074e-08 8.496011e-08 1.6646514e-06 3.3822343e-07 2.0579416e-06 1.6211541e-05 5.535708e-08 0.0005822724 1.1400949e-05 5.6463714e-06 0.0071587814 1.4607276e-06 4.944385e-07 3.9013516e-06 2.1278375e-07 3.0683904e-07 4.153274e-07 1.5399015e-08 1.252031e-07 1.704619e-07 1.2913269e-08 0.021373179 3.0383308e-07 2.0177359e-07 3.1449964e-08 3.252488e-06 1.4830827e-08 2.2673436e-08 8.8919805e-08 9.114241e-07 8.315918e-06 4.504793e-08 2.5581421e-08 2.2918792e-08 2.5908008e-08 1.5675236e-06 1.378207e-06 1.9327447e-06 1.9903644e-05 1.9997851e-06 3.3224962e-05 7.889423e-06 4.598288e-08 4.910612e-05
0.024267815 0.05673799 0.9946493 0.019172784 2.9426975e-11 0.7578492 0.00042337773 0.012671557 0.46249577 0.7127996 0.0003279624 2.239656e-05 0.0004835008 0.9385691 0.42786047 0.28511503 0.15702507 4.710264e-05 1.894893e-05 0.0016313072 1.3986842e-06 1.7007925e-06 2.7741913e-07 6.993335e-06 2.010743e-06 6.5707674e-05 0.0005486957 0.003297101 0.017542588 1.847845e-06 2.08854e-06 1.6442766e-05 7.159368e-06 0.0059407386 0.020603802 0.0019990304 0.0015374278 6.649394e-07 1.0236058e-06 2.0857385e-07 1.2211402e-06 0.04196791 2.1430625e-07 6.7930984e-07 6.1933554e-07 0.002073329 7.047952e-07 0.001994755 2.2460144e-06 1.9720179e-07 2.8546972e-05 1.7672977e-05 0.00016715094 5.4452357e-06 9.738105e-08 0.00048654625 8.837162e-05 9.356171e-06 1.5484748e-07 2.4554733e-05 7.25831e-08 5.8856243e-05 0.0015366538 2.5609726e-05 0.00035360418 8.279079e-05 5.265442e-06 0.0015001043 3.9856724e-05 3.4659324e-06 0.001231272 2.2924729e-07 2.1502658e-06 2.2617373e-06 6.822792e-08 4.941387e-07 1.3759305e-07 9.2736435e-08 0.14126073 2.8777052e-08 3.3838674e-05 2.4710519e-06 6.12928e-05 2.1376228e-07 3.1083204e-08 5.357444e-09 4.347023e-05 0.00038755074 8.423232e-06 3.7519223e-06 3.194529e-08 7.780077e-09 1.3160937e-07 0.0002522561 4.148224e-05 5.5159806e-05 4.4550015e-07 1.1443037e-07 0.00031480484 5.108478e-07 0.00045456382
0.5235615 0.3953373 0.9383299 0.5401687 0.7578492 1.2178055e-18 0.23199943 0.8921033 0.9649228 0.8443232 0.05206142 0.23053555 0.077073134 0.044065572 0.76071185 0.013863625 0.01736781 0.0030882657 0.0067474023 0.52224636 0.00013880129 0.0072351936 3.9237606e-05 0.0001800944 0.00048082988 0.00056982733 0.046426214 0.5772907 3.8386315e-05 0.0010483293 1.9582343e-05 0.0004754629 0.000113771675 0.40710208 0.34434122 2.2053877e-05 0.09944681 4.504104e-05 4.448264e-05 2.9985565e-06 1.1123317e-06 0.023110555 2.2489482e-08 0.019818371 9.949187e-06 0.00015129053 1.1407267e-07 0.0020768524 2.1410872e-07 5.6844565e-06 0.0075384825 8.504478e-07 0.024909504 1.5237862e-07 1.8852918e-06 0.036113515 0.004568631 1.7788891e-07 2.2256204e-07 2.7099168e-07 4.694993e-09 1.0988214e-06 0.0007362171 1.7022829e-07 0.009890865 4.7675258e-06 0.0034092548 0.15281436 9.547299e-05 1.030398e-06 0.0010373716 0.00044239176 4.3745057e-08 4.025188e-09 2.1305808e-09 6.342852e-05 4.5374432e-07 3.0592067e-09 0.5169747 3.346001e-07 3.3054548e-05 0.0014027806 5.83149e-07 1.759029e-08 8.8976856e-07 2.1895423e-09 7.429979e-05 0.003489394 0.0018587308 6.191357e-08 2.2633588e-09 1.6450918e-09 2.612853e-09 0.00078302715 0.0016183886 7.5828507e-06 2.3757933e-08 1.6611892e-08 0.00040319565 2.2172806e-08 0.0045889798
0.0027841623 0.9484748 0.07222059 0.89937806 0.00042337773 0.23199943 2.1703555e-15 0.8652308 0.001003506 0.00010580039 0.4762844 0.31583264 0.9813017 1.13891565e-05 0.005764684 6.85797e-07 2.3325058e-05 0.052364454 0.25037694 0.056744505 0.024699092 0.028710946 0.007079696 0.013930562 0.0404347 0.013085372 0.02565387 0.040189225 1.5716167e-07 0.000529563 0.0015156238 0.001050446 0.00015877324 0.0006955015 0.00016123142 8.4317884e-07 0.026801381 2.0154206e-05 1.5075627e-05 1.8622953e-06 2.4699715e-05 9.124344e-06 6.913399e-07 1.8679153e-05 2.5858062e-05 2.597503e-06 5.635155e-06 1.7045274e-06 1.0909089e-06 3.2730043e-07 0.0009799304 1.4741988e-08 2.7210554e-05 7.712586e-09 4.0723526e-07 1.0047657e-05 0.0003217319 2.828183e-08 1.0375337e-07 2.6350454e-08 5.476958e-08 1.6009918e-07 1.3384666e-06 1.9002812e-08 0.0006769623 9.422432e-08 6.625818e-06 0.009694149 2.0079442e-07 1.4556309e-06 1.6019669e-06 6.7042915e-06 1.1647051e-07 1.8020144e-08 5.5081952e-09 4.2471467e-07 2.1379948e-08 4.9269686e-09 0.00023280515 1.3364717e-08 2.497583e-07 1.4678153e-05 6.684077e-07 2.6894782e-08 9.800578e-07 3.618845e-09 1.0863439e-06 1.3595736e-05 1.1851154e-05 1.1718782e-07 1.1199466e-08 7.3644807e-10 1.2997438e-07 2.2952763e-06 1.4446965e-05 5.864772e-06 5.5132097e-07 4.352756e-09 2.6958726e-06 5.425033e-09 8.480974e-05
0.6700345 0.65642715 0.31859568 0.79149544 0.012671557 0.8921033 0.8652308 3.7942007e-14 0.18087915 0.016201615 0.93228143 0.9498957 0.6816443 0.00043150006 0.08894773 2.4811005e-05 0.0007375147 0.21838793 0.3996605 0.73194474 0.014145327 0.11267634 0.00628826 0.04008011 0.14182194 0.12372903 0.27787802 0.5933242 8.931557e-05 0.016344873 0.0020734554 0.009065286 0.0005648125 0.0471481 0.023404676 1.229122e-05 0.18395609 0.0010229179 3.702453e-05 7.967981e-05 0.00011828059 0.001058012 2.746954e-05 0.0020656376 0.00024246951 0.00027265583 3.4728397e-05 0.00051906926 4.638176e-05 3.0085863e-05 0.022474553 2.2204001e-06 0.0036760955 7.1863025e-07 1.531737e-05 0.0030206006 0.009451954 2.7919637e-07 6.558334e-07 1.8057854e-06 1.1613074e-06 1.4342735e-06 9.353419e-05 7.2503155e-07 0.02505257 1.0787646e-05 0.0016452782 0.23492225 3.7677582e-05 2.1114136e-05 2.5677786e-05 6.2830506e-05 1.3988009e-07 2.3769989e-08 8.447583e-08 1.7259466e-05 2.496889e-06 8.795895e-09 0.0039807917 2.882614e-06 2.549e-06 0.00015410112 9.771516e-07 1.924687e-07 1.1745719e-06 2.4395035e-07 3.202361e-05 0.0004930485 0.00029072573 2.1100507e-07 2.9195789e-08 5.7217672e-08 4.153132e-07 5.484331e-05 0.00039803755 7.4467594e-06 5.716368e-08 1.9953947e-07 9.623455e-05 4.2499966e-08 0.00086324796
0.26013172 0.0031968486 0.6766533 0.010447523 0.46249577 0.9649228 0.001003506 0.18087915 1.700063e-17 0.9857538 0.0063908566 0.0073710484 0.000812373 0.1943365 0.92650425 0.1492185 0.16378182 0.001380109 7.868459e-06 0.25418577 2.3194107e-06 0.0016564073 6.6119657e-07 2.7715244e-06 1.743155e-07 5.5501187e-06 0.018310687 0.46249455 0.0012444083 0.00047526133 3.9658967e-06 0.0010921961 0.00018254449 0.72777873 0.6657707 0.0019679535 0.063495085 3.2353357e-05 0.00017732767 1.3863947e-06 1.01491324e-07 0.07970693 1.4199132e-07 0.030316642 2.920909e-07 0.0031312138 5.89256e-07 0.024039228 2.774645e-08 2.1274542e-05 0.0044242297 4.6092842e-05 0.06729847 0.000350338 2.3010329e-05 0.064033195 0.0030112418 1.1723097e-05 2.4390604e-06 5.1454995e-06 1.7787151e-08 9.548433e-06 0.0067859413 2.8082434e-06 0.0078070853 6.3172643e-06 0.004429296 0.05502949 0.00092593767 1.7791343e-06 0.0040524625 0.0005564625 2.4669523e-06 6.349927e-07 3.0069828e-07 6.091484e-05 3.766745e-07 6.831517e-08 0.41587 1.0757903e-07 0.00044913692 0.0032773681 5.594566e-06 1.796794e-08 3.1137246e-05 8.168577e-10 0.001746106 0.010436683 0.0040275427 1.360922e-06 1.3719314e-07 9.026042e-10 1.12518e-07 0.0019714637 0.0032983935 8.145381e-06 1.1578267e-07 1.57916e-09 0.0020924618 8.258603e-08 0.006084033
0.14374842 0.00055293937 0.63337326 0.0007823631 0.7127996 0.8443232 0.00010580039 0.016201615 0.9857538 3.3367398e-15 0.00064446335 0.0008066939 0.000114011935 0.7311825 0.94752836 0.7306613 0.6168892 0.00010130099 1.4970173e-06 0.038002487 2.2780476e-07 0.0001786941 2.8902692e-08 1.3966576e-07 1.1582998e-08 5.205351e-07 0.002221363 0.044144616 0.0363509 6.6552e-05 5.416529e-07 0.000249667 3.3892058e-05 0.40290886 0.61542773 0.042782206 0.017989367 1.3561672e-06 5.3194697e-05 5.181681e-07 4.2951267e-08 0.38659662 2.6879e-07 0.0059960783 9.3720836e-08 0.023177471 7.593684e-08 0.078375325 2.0347029e-08 2.4319622e-06 0.000588104 0.0008408846 0.016638335 0.0039510424 2.737052e-06 0.020846391 0.00036087044 0.00023467022 4.985108e-07 0.00041972697 4.1565453e-08 0.00017832758 0.03712645 8.844835e-05 0.0006579553 6.4713466e-05 0.001982494 0.007655027 0.0048810365 6.0604253e-07 0.007721191 4.1957213e-05 1.1923128e-05 1.6994509e-05 1.028617e-06 1.9323144e-05 1.6983734e-07 5.9958774e-07 0.47788516 1.9143206e-07 0.0017389611 0.0015852414 5.9197428e-05 1.3362091e-08 6.257627e-06 1.9504192e-09 0.0070401602 0.008280734 0.0015112591 1.6288643e-05 3.0670185e-07 6.995795e-10 1.59064e-07 0.0041347 0.0024281237 1.8391927e-05 3.1322752e-06 4.667875e-09 0.0060882755 5.6533054e-08 0.004278907
0.77290416 0.19287898 0.007094788 0.42555624 0.0003279624 0.05206142 0.4762844 0.93228143 0.0063908566 0.00064446335 8.743201e-14 0.9843036 0.63495135 0.00038151993 0.0021325997 2.202359e-05 4.3879412e-05 0.8759619 0.75722325 0.639551 0.040705066 0.1752986 0.014497936 0.14556877 0.42831358 0.21784005 0.61458695 0.58186346 1.698006e-05 0.023383174 0.0057399594 0.009025604 0.0012931053 0.012194993 0.0036598889 1.657127e-05 0.40766144 0.00081193616 0.00021016793 0.00015881505 0.0009127942 0.00020752536 4.4095832e-05 0.0013617551 0.00019593093 5.159034e-05 0.00056455156 0.0003034169 0.00023270992 9.276657e-05 0.06339092 8.923448e-06 0.003157881 4.69031e-06 3.8417886e-05 0.0015067456 0.030583018 4.4548403e-07 7.979977e-06 1.059686e-06 5.6244976e-06 4.981677e-07 6.473871e-05 4.4683836e-07 0.0943353 5.119515e-05 0.0010605273 0.33378512 2.4771829e-05 0.00017709733 2.197391e-05 0.00028948404 2.8502632e-07 2.8844921e-08 1.9070347e-08 7.99665e-05 1.3066716e-05 1.6214052e-08 0.0011324629 8.846974e-06 9.315314e-06 0.0009352068 8.723169e-07 1.7344195e-05 4.5491834e-06 7.115268e-06 1.1985307e-05 0.00023901016 0.001017996 1.5789924e-06 1.090745e-07 6.7090828e-06 2.12915e-06 0.00012084051 0.000748057 5.427104e-05 4.122209e-08 2.8776642e-06 4.9419006e-05 2.3389625e-06 0.0013837424
0.08263367 0.04921083 0.0060391887 0.07800724 2.239656e-05 0.23053555 0.31583264 0.9498957 0.0073710484 0.0008066939 0.9843036 1.005676e-17 0.19664845 1.2429619e-05 0.0050364714 3.598666e-06 2.5428975e-05 0.8060492 0.45129368 0.70913815 0.00024680817 0.8536979 7.391849e-05 0.00052198546 0.011527896 0.02756958 0.6037255 0.29890022 1.0305203e-07 0.2196646 7.4116564e-05 0.080422804 0.021596637 0.043146815 0.010892259 2.774686e-07 0.3292042 0.020198898 0.01399425 0.00445863 0.0006041833 7.151661e-05 0.0003394725 0.042952053 0.00035923033 3.486247e-06 8.210209e-07 0.00017545154 1.6416692e-05 0.0005892931 0.055802267 2.8392643e-07 0.0034321423 2.2319078e-07 0.00018934163 0.0024485264 0.01914699 6.337576e-08 7.78295e-05 7.154563e-08 9.987042e-06 2.3120178e-07 6.182828e-05 2.4309756e-07 0.042285226 8.078961e-07 0.0020513218 0.04990384 6.100807e-06 1.3071575e-05 8.328529e-06 0.0037728462 9.449442e-09 9.317125e-10 1.6184384e-09 0.00042929203 3.1339172e-05 1.0200921e-09 0.00039929867 4.897377e-05 7.7309375e-07 0.0023848158 5.1786475e-07 6.1810615e-06 1.564321e-05 4.7164536e-07 3.3832591e-06 0.0003322406 0.0018823313 2.6473321e-08 2.047347e-08 3.137428e-07 2.5323445e-08 1.9808014e-05 0.0007141533 2.6637239e-05 9.551903e-08 3.2217204e-07 3.0126663e-05 3.790082e-08 0.0004751612
0.005405694 0.83833265 0.019174993 0.6535163 0.0004835008 0.077073134 0.9813017 0.6816443 0.000812373 0.000114011935 0.63495135 0.19664845 1.5698765e-14 0.0002150034 0.012065666 1.7776181e-06 0.00028837495 0.4062595 0.8984042 0.11039841 0.8598425 0.11391483 0.5357879 0.6377083 0.94105947 0.620382 0.09007285 0.07081784 1.1231887e-06 0.005434635 0.265478 0.020770466 0.00018278262 0.0014668903 0.0014850806 4.453016e-06 0.08285966 0.001233284 2.0988098e-05 1.9885467e-05 0.0014689224 2.9604598e-05 5.3194755e-05 4.2967928e-05 0.00044439075 7.615564e-06 0.0047279154 1.0545652e-05 5.639905e-05 4.135416e-06 0.004590649 5.909375e-07 7.0046786e-05 7.749632e-08 4.1732932e-07 1.52876e-05 0.0010469675 8.561082e-07 1.156748e-06 6.519039e-08 4.6786386e-07 4.149222e-06 1.8185135e-06 9.442128e-09 0.0015759476 2.8923894e-06 2.5778138e-05 0.008448761 1.4205092e-07 0.00018761124 2.7795552e-06 2.4330791e-05 2.8457773e-06 1.9154656e-07 1.7943393e-07 1.0709189e-05 1.1286987e-07 2.4426367e-07 9.25506e-05 2.7671894e-07 3.125506e-07 1.3041256e-05 2.455513e-07 4.8074776e-07 1.1706579e-06 1.4038411e-08 6.519844e-07 2.9043376e-05 2.0496105e-05 5.265509e-09 8.239748e-09 9.711821e-08 3.5143373e-08 2.541175e-06 2.077732e-05 1.5619128e-06 8.95101e-08 9.017237e-09 1.3963612e-06 1.8423076e-08 0.00017464139
0.07882127 0.0014164199 0.33003077 0.0022503238 0.9385691 0.044065572 1.13891565e-05 0.00043150006 0.1943365 0.7311825 0.00038151993 1.2429619e-05 0.0002150034 4.012527e-12 0.11686385 0.98908967 0.6517004 7.882564e-06 1.680786e-05 0.00031889498 1.6532216e-07 3.2173311e-06 1.8916959e-08 4.4268646e-08 5.76489e-06 4.609131e-05 0.00016236508 0.00058260787 0.7053572 3.5378225e-06 4.3156425e-07 3.1710147e-06 6.276086e-05 0.004988117 0.024638439 0.86923605 0.00050280563 1.2774748e-06 2.3928029e-05 5.265188e-07 1.82055e-05 0.31202355 2.4796398e-06 5.5108308e-06 9.3977934e-07 0.03241257 0.00010398899 0.06288174 3.6779222e-06 2.2818863e-06 1.2553045e-05 0.014643605 0.00026371502 0.0020177555 3.990487e-07 0.000888332 8.0505615e-06 0.0006798115 2.3970613e-06 0.00097832 1.0259503e-06 0.000652418 0.03969374 0.0011852828 6.720664e-05 0.0020929787 1.4288515e-05 0.0004091049 0.0041160597 6.834432e-07 0.03386773 2.1624894e-06 6.474254e-05 7.345288e-05 1.5136694e-05 2.9533157e-06 4.5512982e-07 3.3633842e-06 0.04110988 6.284588e-08 0.0007714 2.9816097e-06 0.0003157101 3.198576e-07 2.1414526e-07 2.052743e-08 0.004147004 0.0012094398 6.613407e-06 0.00015100109 3.1654778e-07 1.2742904e-08 1.5171039e-06 0.0019353428 5.0900384e-05 1.0481692e-05 2.596173e-06 7.396288e-08 0.0024196815 2.2985903e-08 0.00082546234
0.939269 0.3675922 0.7047253 0.26610443 0.42786047 0.76071185 0.005764684 0.08894773 0.92650425 0.94752836 0.0021325997 0.0050364714 0.012065666 0.11686385 1.0192703e-11 0.23399606 0.260464 0.0007615514 0.0011577037 0.07840968 0.00041693336 0.00026123665 0.00032062404 0.00021445441 0.00021921888 0.00033870913 0.0043380307 0.14157066 0.069201484 0.0004245851 1.0761228e-05 0.00028269834 0.00045782022 0.6358218 0.7844212 0.018278725 0.027512021 2.9309966e-05 8.345159e-05 0.00011003326 3.151273e-07 0.5075984 1.2058896e-06 0.00958379 1.5346146e-05 0.022204287 2.842704e-06 0.09433016 3.6175115e-06 1.1041267e-05 0.0018263146 0.0037839862 0.09865897 0.009605928 2.9324001e-05 0.14996961 0.0031200103 0.00031801878 3.4833358e-06 0.00077798264 3.362717e-06 0.00022568143 0.17196155 0.00060386414 0.0144546 0.00025283606 0.020485315 0.079539366 0.058963887 1.51654485e-05 0.07799024 0.00047120458 6.212451e-05 6.950234e-05 4.6284633e-05 0.00030335932 1.8135854e-05 5.617205e-05 0.9168682 1.1221507e-05 0.0036896053 0.0023770176 0.00040659617 4.631773e-06 2.292532e-05 9.801597e-07 0.037836302 0.04928 0.0030872908 0.0002893678 1.4435452e-05 1.3896863e-07 0.00013479486 0.012291819 0.0075929426 1.0248741e-05 1.4496803e-05 1.9746046e-06 0.0073308926 1.3072106e-06 0.05131224
0.18429853 9.351542e-06 0.040094454 3.0165102e-05 0.28511503 0.013863625 6.85797e-07 2.4811005e-05 0.1492185 0.7306613 2.202359e-05 3.598666e-06 1.7776181e-06 0.98908967 0.23399606 1.5973069e-15 0.9894968 1.1454869e-06 2.3392244e-07 0.0010044305 1.8527992e-07 2.063029e-06 6.769435e-09 8.956454e-09 6.9649375e-09 3.722875e-07 0.00023839982 0.0015871936 0.54650176 1.6473111e-06 7.695853e-08 1.8865526e-06 3.936301e-07 0.032816425 0.1519 0.29506662 0.0008200331 7.696264e-08 1.7009127e-06 8.34915e-08 3.5225125e-07 0.44471216 1.2107593e-08 9.776518e-06 3.872363e-07 0.042066813 6.3012686e-07 0.11963018 5.1932767e-07 3.762871e-07 3.502475e-05 0.0094727855 0.002134023 0.010749623 2.3488983e-08 0.0030832952 7.486261e-05 0.0022308652 1.9881047e-07 0.0008768998 1.827622e-08 0.00021236585 0.055481218 0.0005533099 0.0002841154 0.00035215743 0.00014350863 0.00074231543 0.0054680263 3.569161e-07 0.049699616 1.4966575e-06 2.2437225e-05 3.8056547e-05 6.937841e-06 9.1065644e-08 1.0800166e-08 5.1409374e-06 0.06741184 1.4934487e-09 0.0013058763 3.699245e-05 0.00015147953 7.518668e-08 1.493859e-07 3.2270014e-10 0.0068280427 0.0051980936 0.00017004894 0.00014233089 1.9372417e-06 2.5862128e-09 3.1549655e-07 0.004478877 0.0022978699 1.3459029e-05 2.124884e-06 1.12966134e-07 0.0074869613 1.178036e-08 0.0041515366
0.8930634 0.004326522 0.1264649 0.0034215914 0.15702507 0.01736781 2.3325058e-05 0.0007375147 0.16378182 0.6168892 4.3879412e-05 2.5428975e-05 0.00028837495 0.6517004 0.260464 0.9894968 1.0492955e-14 2.6438016e-05 6.85309e-06 0.00045524538 3.0946967e-06 1.1774514e-05 2.6901412e-07 8.865584e-07 6.9307052e-06 1.5118012e-05 0.00012888836 0.0007655279 0.8357223 1.1114585e-05 4.4601242e-07 1.2905366e-06 1.3114492e-05 0.0837695 0.4588842 0.4003239 0.0003890954 8.137737e-07 1.6081704e-05 1.5020711e-06 1.2453497e-06 0.7884577 1.0119061e-06 0.00013161245 4.667252e-07 0.1904239 1.2738445e-06 0.25195557 4.2913663e-07 2.1934362e-07 1.3429719e-05 0.028994601 0.0058664647 0.024564577 9.33478e-08 0.015677892 2.538226e-05 0.0020592972 5.469932e-08 0.0030009425 3.2733308e-06 0.0008342573 0.27280873 0.0031936567 0.0005970845 0.0018172178 0.0009675358 0.005200575 0.074265726 4.79549e-07 0.35694468 8.181505e-06 0.00031853907 0.00013112847 7.581336e-05 4.0662812e-06 1.2708159e-06 4.452402e-05 0.36460966 2.2450806e-06 0.009101752 0.00012043771 0.0005241134 1.170073e-06 1.3742597e-07 3.866125e-08 0.07777029 0.019364325 0.00012715167 0.00020421407 1.032807e-05 1.9243109e-07 4.7051726e-05 0.0292902 0.0022599816 2.566453e-06 8.679458e-06 6.4990827e-06 0.025762849 4.1083236e-08 0.009932972
0.9650522 0.009316985 0.00012597196 0.014455869 4.710264e-05 0.0030882657 0.052364454 0.21838793 0.001380109 0.00010130099 0.8759619 0.8060492 0.4062595 7.882564e-06 0.0007615514 1.1454869e-06 2.6438016e-05 9.782675e-15 0.81953067 0.5892608 0.019768279 0.9636432 0.009097144 0.07360059 0.5105807 0.5239542 0.95273185 0.40859395 2.1065393e-06 0.40478155 0.0020772764 0.25658143 0.01806814 0.008236961 0.00036384285 1.4099433e-06 0.7737947 0.00406774 0.0010577647 0.0029819452 0.0022251208 6.108389e-05 0.00012837081 0.0058744703 0.00018922449 1.0109826e-05 0.0016601925 5.124498e-05 2.8836299e-05 0.00028842397 0.54811364 9.957954e-07 0.0044488013 1.2514801e-06 0.00017444862 0.00046068543 0.3070303 3.3603592e-07 2.776203e-05 5.598209e-07 6.3673037e-06 3.8048162e-07 2.6516065e-05 1.2907286e-06 0.73856056 4.2995243e-06 0.0045385906 0.20718847 5.138923e-06 5.2491545e-05 7.2961816e-06 0.00049637654 2.972282e-07 4.9620066e-08 3.6817998e-08 0.00011475972 2.3334094e-05 4.2236522e-08 0.00027433605 9.554099e-06 4.0097441e-07 0.0023230582 3.7683404e-07 3.8288883e-05 9.0906e-06 2.1622573e-05 1.4322177e-06 0.00017350721 0.0012199729 1.3189441e-06 3.9144012e-07 2.164817e-06 1.3763366e-06 9.4097795e-06 0.0017417197 4.016201e-05 1.1206758e-07 4.349899e-06 7.6092188e-06 1.4616221e-06 0.0011042905
0.122847825 0.0053610713 0.00012103911 0.005253156 1.894893e-05 0.0067474023 0.25037694 0.3996605 7.868459e-06 1.4970173e-06 0.75722325 0.45129368 0.8984042 1.680786e-05 0.0011577037 2.3392244e-07 6.85309e-06 0.81953067 1.01259374e-13 0.1787857 0.015171909 0.90580285 0.0048504705 0.01504581 0.93520427 0.9843222 0.43344757 0.08794404 1.0104375e-06 0.6028979 0.0053356094 0.6359232 0.012165489 0.0023821418 0.000150214 3.826101e-08 0.43071875 0.09855809 0.0018183992 0.15697719 0.19419278 2.4666006e-05 0.009761272 0.0013213677 0.09338197 1.5381516e-05 0.004545192 1.6826112e-05 0.00279635 0.03203229 0.44372895 1.3518486e-07 0.00059175334 6.020771e-08 0.002828677 7.2692725e-05 0.27034503 1.4512702e-06 0.0054703555 1.7936868e-06 3.771213e-05 5.2126165e-06 5.9723056e-06 1.1188904e-07 0.2942473 2.0054533e-06 0.0005695492 0.021174649 7.881943e-07 0.00020516611 9.650369e-06 0.001037654 7.918658e-07 3.8136037e-07 2.2501581e-08 0.0005218057 2.1372642e-05 6.0300076e-09 8.150405e-05 2.0553476e-05 1.9586992e-07 0.005870049 3.9000147e-07 2.854406e-05 0.00035362187 1.6066082e-05 3.623091e-06 3.8199232e-05 0.0009937169 3.1614455e-08 1.7711082e-08 3.0430535e-06 3.0735258e-08 1.0968054e-05 0.00043738892 0.00018034689 3.2154844e-08 1.164416e-06 3.2389828e-06 4.967262e-06 0.0005646248
0.92743057 0.03133573 0.029525423 0.062953316 0.0016313072 0.52224636 0.056744505 0.73194474 0.25418577 0.038002487 0.639551 0.70913815 0.11039841 0.00031889498 0.07840968 0.0010044305 0.00045524538 0.5892608 0.1787857 1.1061874e-12 0.001260148 0.08722527 0.00044790818 0.0021308707 0.03201599 0.019004134 0.96370214 0.98336023 7.652713e-05 0.07200109 0.00012336581 0.039430924 0.05870257 0.11816782 0.022427857 4.6792946e-05 0.69072914 0.008445615 0.008922117 0.0009696927 0.00076941296 0.00203513 0.00090912025 0.09987998 0.00038659704 0.00025176944 1.0004267e-05 0.000722445 3.093173e-05 8.913874e-05 0.092115134 0.00011722443 0.024946941 0.00012451457 6.3366366e-05 0.019120216 0.05710076 1.213289e-05 5.954448e-06 7.96572e-06 0.000326719 6.867977e-07 0.0006392548 8.799902e-06 0.12725995 7.091652e-06 0.018848103 0.59562176 0.00046764914 0.0001600292 7.893513e-05 0.0043203724 3.758985e-06 5.3705145e-07 2.124427e-07 0.00077545224 0.00036279162 8.4401094e-08 0.0040333313 0.00016486063 9.6664335e-06 0.002805508 8.0544885e-07 0.00012897418 3.5253847e-06 8.274469e-05 0.00020527962 0.0036040652 0.0056957575 1.2579925e-07 1.2806798e-07 1.0458467e-05 1.0748474e-06 4.609553e-05 0.0054432917 7.058281e-06 5.9116438e-08 8.570631e-07 0.00063603127 2.6039338e-08 0.0066188117
6.658228e-05 0.001810254 0.0004267834 0.0013931132 1.3986842e-06 0.00013880129 0.024699092 0.014145327 2.3194107e-06 2.2780476e-07 0.040705066 0.00024680817 0.8598425 1.6532216e-07 0.00041693336 1.8527992e-07 3.0946967e-06 0.019768279 0.015171909 0.001260148 2.8662714e-13 0.0010003443 0.9068678 0.9393396 0.33177814 0.041067567 0.0030154302 0.0010974521 4.218357e-07 0.00012202055 0.08964234 0.00024544843 5.5726223e-06 2.2439493e-05 8.020009e-06 7.757677e-06 0.002261796 8.611807e-06 3.128812e-06 1.4138125e-05 0.00031951084 2.1756498e-06 4.4029437e-07 4.671405e-06 1.5089937e-05 7.9520015e-07 0.00026789526 2.9179216e-07 5.5631385e-06 1.1918792e-06 1.4053315e-05 2.2254285e-06 2.1448013e-06 7.258807e-08 3.898994e-06 3.1530872e-06 1.6355576e-05 1.01903524e-07 4.4277877e-07 4.1947743e-08 3.5015194e-07 1.039677e-07 4.8195415e-07 7.2271206e-07 7.524863e-05 6.106974e-05 1.1419332e-06 0.00031041738 4.0671342e-08 2.4541378e-06 8.7233843e-07 5.3238597e-07 5.6527534e-07 7.051394e-07 1.0861852e-08 4.158974e-07 5.2961617e-08 3.281332e-08 1.477792e-05 2.3573372e-07 4.5388194e-07 3.3091294e-07 6.445392e-07 3.3495988e-07 4.0899895e-08 2.064136e-09 2.0501598e-07 4.1762896e-06 8.380229e-08 5.5845234e-08 1.5157445e-08 8.044168e-08 4.463907e-07 7.358201e-07 4.6940286e-06 1.105497e-06 8.9233316e-07 4.0274114e-07 1.9697052e-06 2.246193e-07 9.837361e-05
0.17141438 5.6061323e-05 1.4177051e-05 0.0003342775 1.7007925e-06 0.0072351936 0.028710946 0.11267634 0.0016564073 0.0001786941 0.1752986 0.8536979 0.11391483 3.2173311e-06 0.00026123665 2.063029e-06 1.1774514e-05 0.9636432 0.90580285 0.08722527 0.0010003443 3.62058e-19 0.00047120257 0.0014662232 0.15806392 0.66725826 0.36168563 0.008820933 9.932312e-08 0.98358244 0.0010615393 0.41374248 0.4973711 0.004873167 0.0021069492 1.2868411e-06 0.09267881 0.4231093 0.18419558 0.48258597 0.09246568 3.8437054e-05 0.29402035 0.031504545 0.070138976 9.1296914e-07 0.0010081088 9.627536e-06 0.023420403 0.050392993 0.33434775 5.2876453e-07 0.0010494421 5.8353088e-08 0.004465534 0.0002731055 0.23866466 1.653977e-07 0.012367272 1.4222001e-08 0.006398229 6.6554556e-08 6.029747e-06 4.2152905e-08 0.2156954 2.3495863e-06 0.00096804096 0.008368674 1.3196789e-06 0.00670996 1.0026904e-05 0.14534643 1.1915343e-07 1.202348e-08 2.9731038e-09 0.015984815 0.0039824583 5.8416505e-10 3.8277452e-05 0.005879063 1.15639544e-07 0.011479919 3.3791133e-07 0.0060074595 0.00022823348 0.0012687779 1.1671057e-07 7.287827e-05 0.0046516247 2.9647133e-08 4.65819e-09 0.00042467337 6.9596116e-09 1.1262289e-05 0.00063408597 0.00067753455 5.6516345e-08 3.656824e-05 6.6597863e-06 6.836124e-06 0.00025066474
7.6278698e-06 0.0006758815 0.00022004687 0.0004131295 2.7741913e-07 3.9237606e-05 0.007079696 0.00628826 6.6119657e-07 2.8902692e-08 0.014497936 7.391849e-05 0.5357879 1.8916959e-08 0.00032062404 6.769435e-09 2.6901412e-07 0.009097144 0.0048504705 0.00044790818 0.9068678 0.00047120257 5.2795675e-13 0.9310574 0.15225017 0.019678073 0.0009324865 0.00035679783 9.3099715e-09 2.018685e-05 0.26465338 4.8934922e-05 8.026516e-07 1.0152004e-06 1.1304337e-06 8.846176e-07 0.0005188312 1.7403363e-07 3.8476182e-07 3.8233928e-05 0.00023498219 1.5124026e-07 3.4695535e-08 1.9995991e-07 1.7184802e-05 2.1797137e-08 0.00042270985 5.016448e-08 6.639975e-06 7.188623e-08 3.871047e-06 4.3967336e-07 7.681174e-08 1.3252419e-08 5.256e-06 1.8307507e-07 6.9133957e-06 5.2655995e-09 4.719758e-08 1.1625755e-09 6.737377e-08 8.451672e-09 4.143856e-08 6.896281e-08 3.4091197e-05 5.640987e-05 7.973914e-08 7.091162e-05 1.0247313e-09 1.3916059e-06 8.869554e-08 1.1818569e-07 7.625659e-08 1.1219997e-07 4.928695e-10 3.3031654e-08 3.751947e-08 1.09361284e-08 1.5901425e-05 4.775493e-08 1.1375962e-08 3.2530526e-08 3.375801e-08 2.5026333e-07 7.1445223e-09 8.247182e-10 1.0788591e-09 7.792508e-07 1.5583566e-08 9.493535e-10 3.6734557e-10 7.474871e-08 1.2887243e-07 2.4319633e-07 2.040696e-06 2.9150317e-07 3.414864e-08 2.2623922e-07 2.0166617e-06 1.0349445e-07 3.606518e-05
8.5312124e-05 0.008147903 0.00070751697 0.005561341 6.993335e-06 0.0001800944 0.013930562 0.04008011 2.7715244e-06 1.3966576e-07 0.14556877 0.00052198546 0.6377083 4.4268646e-08 0.00021445441 8.956454e-09 8.865584e-07 0.07360059 0.01504581 0.0021308707 0.9393396 0.0014662232 0.9310574 1.4183099e-12 0.4715409 0.06172562 0.004531377 0.0016798007 2.0319415e-08 0.0003239252 0.7175596 0.0005453562 6.9280813e-06 2.1216865e-06 2.8427148e-06 2.6513587e-07 0.0033981178 1.5960251e-05 2.2491415e-06 0.002002925 0.0015803605 2.1163767e-07 1.8736037e-06 5.9104116e-07 0.0019428813 6.3050344e-08 0.004954432 2.1583739e-07 0.00013769657 9.094822e-06 0.00012992216 4.0616823e-07 4.2260928e-07 4.6191563e-08 2.458379e-05 2.1393909e-07 7.0314774e-05 2.2096e-09 1.2552943e-06 1.954359e-09 7.199315e-07 9.221343e-09 9.458679e-08 1.6997247e-07 0.0003486573 3.6612066e-05 3.7801283e-07 0.00018232474 2.6161044e-09 7.34201e-05 2.6436905e-07 1.2950471e-07 9.6869016e-08 1.507183e-07 1.2900879e-09 3.9464926e-08 2.28496e-07 7.4374356e-09 1.6504631e-05 1.1535537e-07 1.8579048e-08 1.2000793e-07 4.369336e-08 2.676922e-06 2.566104e-07 9.5544666e-09 2.4052649e-09 3.398362e-07 7.96373e-08 5.213821e-09 4.694561e-10 2.012411e-07 1.12591856e-07 8.5672845e-08 9.638872e-06 3.5220528e-05 2.1922595e-08 7.7981065e-07 2.21675e-06 4.1948747e-06 4.078229e-05
0.0040492485 0.0050630597 5.4681255e-05 0.0010925602 2.010743e-06 0.00048082988 0.0404347 0.14182194 1.743155e-07 1.1582998e-08 0.42831358 0.011527896 0.94105947 5.76489e-06 0.00021921888 6.9649375e-09 6.9307052e-06 0.5105807 0.93520427 0.03201599 0.33177814 0.15806392 0.15225017 0.4715409 4.0971738e-15 0.9954637 0.07433538 0.015209966 9.877595e-09 0.13414942 0.5426609 0.20808648 0.00070180756 9.0676156e-05 2.0249341e-05 4.9918487e-09 0.065374814 0.016744772 0.00013850971 0.113600895 0.36129457 1.2372496e-07 0.0013467049 4.4911674e-05 0.12765127 2.0836688e-07 0.23350157 8.363048e-08 0.021591026 0.012029715 0.075777896 4.914514e-09 1.926963e-05 9.2627406e-11 0.0010720547 1.7485971e-06 0.027384635 1.9962693e-08 0.004383638 4.985303e-09 7.654223e-07 4.6748987e-08 4.7972026e-08 4.1365708e-10 0.013898482 9.897011e-07 8.7906716e-05 0.0017143833 6.810047e-09 0.0003099074 9.087519e-07 0.0003582671 5.2466344e-08 1.3779837e-08 1.6776666e-09 0.0007228617 3.4247148e-07 6.211257e-10 2.19539e-06 6.7952817e-07 2.6878421e-08 0.00039392133 2.6349397e-08 1.2759959e-05 0.00026656187 1.1331288e-06 5.1639432e-08 6.939766e-06 0.00011816447 9.915858e-09 5.1685106e-10 4.410887e-07 3.4540353e-09 6.2162414e-08 6.355907e-05 0.0003477861 2.084387e-10 6.2520047e-07 1.3946311e-08 2.0710897e-06 9.11711e-05
0.010982888 0.0036050482 0.00017916421 0.0017966967 6.5707674e-05 0.00056982733 0.013085372 0.12372903 5.5501187e-06 5.205351e-07 0.21784005 0.02756958 0.620382 4.609131e-05 0.00033870913 3.722875e-07 1.5118012e-05 0.5239542 0.9843222 0.019004134 0.041067567 0.66725826 0.019678073 0.06172562 0.9954637 6.168532e-17 0.09185976 0.00685678 8.91628e-07 0.36081088 0.10446504 0.35334322 0.005082023 0.00016788438 1.7906232e-05 7.8429565e-08 0.0764919 0.11074613 0.004056898 0.38936827 0.49806365 8.318516e-07 0.051871475 0.0009369038 0.43696144 1.0646877e-05 0.0564082 3.0527851e-06 0.077289 0.04801301 0.14031194 2.8320656e-07 4.0937146e-05 1.2622388e-08 0.008976598 2.3220623e-06 0.062412474 4.7735244e-07 0.03515962 6.87595e-08 0.00074370427 5.0913684e-07 1.6856886e-07 2.7652197e-08 0.04344761 1.4327047e-05 0.0002967517 0.0013183858 7.989975e-08 0.011401308 7.096655e-07 0.007250611 3.6092567e-07 6.4832655e-08 4.900062e-09 0.001451831 2.6695556e-05 2.679032e-09 3.6571325e-06 6.4422646e-05 6.195054e-08 0.0031900269 5.2193536e-07 0.00029698326 0.00086917914 1.8390892e-05 4.0807146e-07 7.5555713e-06 0.00075115776 5.6702277e-08 4.4362705e-09 4.575269e-05 3.060796e-08 7.2860956e-07 0.00017382306 0.0010816939 5.9023564e-09 2.4432566e-05 9.638264e-08 2.6780403e-06 4.4019194e-05
0.96741545 0.005909159 0.0010897921 0.0131205795 0.0005486957 0.046426214 0.02565387 0.27787802 0.018310687 0.002221363 0.61458695 0.6037255 0.09007285 0.00016236508 0.0043380307 0.00023839982 0.00012888836 0.95273185 0.43344757 0.96370214 0.0030154302 0.36168563 0.0009324865 0.004531377 0.07433538 0.09185976 4.4184432e-13 0.514678 4.8733104e-06 0.34774524 0.00025925288 0.1907533 0.48598763 0.02871251 0.002924752 9.465804e-05 0.92768127 0.020143334 0.08347171 0.008615102 0.0014368687 0.0006920415 0.0015400524 0.16102277 0.001462592 7.433389e-05 0.00027327827 0.00033737268 0.00015557895 0.0005113958 0.48676744 0.00012796561 0.016026365 0.00012455709 0.00018991635 0.009389772 0.34493873 2.9421328e-06 6.634269e-05 8.0994705e-06 0.00034200255 2.197255e-07 0.00061571854 9.588337e-06 0.54059654 9.482262e-06 0.018510224 0.5303717 0.0003736301 0.00037547824 3.2808985e-05 0.012280085 9.689928e-07 4.8367303e-07 9.610124e-08 0.0014366425 0.0014426899 6.769697e-08 0.0010815789 0.0009236628 6.0620528e-06 0.009976772 1.3798997e-06 0.00070761685 2.0520083e-05 0.00046923727 5.0356142e-05 0.0020658427 0.0109485965 8.983269e-08 1.5120692e-07 0.00010166935 1.821478e-06 5.1947654e-06 0.007256577 3.7902864e-05 1.4660314e-07 3.2819514e-06 0.0001749176 1.4200411e-06 0.005113797
0.9811121 0.035156008 0.024772517 0.039844573 0.003297101 0.5772907 0.040189225 0.5933242 0.46249455 0.044144616 0.58186346 0.29890022 0.07081784 0.00058260787 0.14157066 0.0015871936 0.0007655279 0.40859395 0.08794404 0.98336023 0.0010974521 0.008820933 0.00035679783 0.0016798007 0.015209966 0.00685678 0.514678 2.1280798e-12 6.0817674e-05 0.012792975 8.2106955e-05 0.0134788565 0.017527899 0.58322525 0.101789996 0.0009176152 0.8755692 0.0009507998 0.0029428161 0.00010015584 0.00027892957 0.004608847 0.00017706303 0.26646683 9.413079e-05 0.00038125663 5.076915e-05 0.0009593029 2.8046934e-05 2.9950597e-05 0.0921837 0.00029207938 0.2297991 0.0004604889 1.6421514e-05 0.1340638 0.0674332 1.3843634e-05 3.341554e-06 3.4300727e-05 2.8993618e-05 8.140554e-07 0.0032958325 6.6558656e-05 0.20544821 1.9934454e-05 0.08845 0.9181558 0.0017388425 0.0001268888 0.00028752643 0.0022404147 3.0352567e-06 3.3749944e-07 1.9301832e-07 0.0004621768 0.0002415058 2.0531671e-07 0.009443201 5.45757e-05 5.1915686e-05 0.0026296736 2.098903e-06 3.3227436e-05 1.4252511e-06 5.570367e-05 0.0010177946 0.018205058 0.0052184355 1.18927396e-07 4.870025e-08 2.2805746e-06 1.0506857e-06 0.0005740449 0.011995085 2.2754778e-06 3.6511506e-07 1.608558e-07 0.0015738945 1.7888265e-08 0.029810749
0.92646176 0.00024102928 0.015222649 0.0006440692 0.017542588 3.8386315e-05 1.5716167e-07 8.931557e-05 0.0012444083 0.0363509 1.698006e-05 1.0305203e-07 1.1231887e-06 0.7053572 0.069201484 0.54650176 0.8357223 2.1065393e-06 1.0104375e-06 7.652713e-05 4.218357e-07 9.932312e-08 9.3099715e-09 2.0319415e-08 9.877595e-09 8.91628e-07 4.8733104e-06 6.0817674e-05 7.215961e-15 1.007446e-06 1.4840165e-08 1.5061542e-07 2.5800778e-06 0.0029145165 0.19600406 0.98241705 8.523137e-05 6.895768e-08 3.8613907e-06 7.410596e-07 3.5073646e-07 0.7974354 1.4402283e-07 1.4083147e-06 9.7975735e-06 0.79945135 2.64376e-06 0.5905841 2.9630512e-06 6.311143e-09 1.6812656e-07 0.48600274 0.0006610012 0.03982521 1.0023938e-09 0.003242318 3.674849e-07 0.012759682 5.1326556e-09 0.017209783 9.982009e-07 0.012488453 0.41963643 0.005923733 1.9386916e-05 0.013744205 0.0001913838 0.00040138478 0.078091815 1.2153389e-07 0.6010449 6.260095e-07 0.0007466204 0.0004231489 0.00014883764 8.694066e-07 3.354682e-07 2.0357056e-05 0.02452256 5.422209e-07 0.02120653 2.9287125e-06 0.0021903948 2.0746715e-08 9.022639e-09 4.834689e-08 0.09699642 0.0119995065 4.811406e-06 0.00033718647 2.3931625e-06 3.4057383e-08 1.5452875e-06 0.06304718 0.00048513588 2.3616547e-06 4.325556e-05 2.6853328e-07 0.023420233 3.8999324e-09 0.00810832
0.8956089 6.431349e-07 4.670754e-06 1.4795759e-05 1.847845e-06 0.0010483293 0.000529563 0.016344873 0.00047526133 6.6552e-05 0.023383174 0.2196646 0.005434635 3.5378225e-06 0.0004245851 1.6473111e-06 1.1114585e-05 0.40478155 0.6028979 0.07200109 0.00012202055 0.98358244 2.018685e-05 0.0003239252 0.13414942 0.36081088 0.34774524 0.012792975 1.007446e-06 6.8668585e-18 0.00021528859 0.89862806 0.77292097 0.00249951 0.0006706994 6.08815e-07 0.15977383 0.9380106 0.27215722 0.424609 0.025437465 9.323798e-05 0.089744344 0.063809 0.07386056 1.6899984e-06 0.0011690331 9.866741e-05 0.0064884927 0.10995191 0.685902 4.6315276e-07 0.0030519324 2.9136476e-07 0.022452883 0.0009150529 0.5033266 2.5401633e-07 0.032696456 1.1306713e-07 0.011675662 4.3658686e-09 2.836323e-05 1.1413775e-07 0.51657194 2.3363484e-07 0.0057817 0.023657868 1.6839855e-05 0.0043535912 4.323678e-06 0.12818335 8.538849e-08 1.35411735e-08 9.282306e-10 0.025923384 0.0045379805 1.2805142e-10 6.848389e-05 0.005092053 1.6127531e-07 0.11058706 3.5268876e-08 0.002716961 0.0008471593 0.017877124 7.6447543e-07 0.0002653037 0.06816202 3.1501457e-09 2.1623336e-09 0.00013580699 5.2889817e-09 5.0440376e-06 0.0114485575 0.0015121229 1.1565663e-09 0.00013677558 1.9249976e-05 1.16869405e-05 0.0019856528
