1.6588568e-18 0.29377392 0.96402365 0.28886026 0.95582944 0.43106896 0.549986 0.09175708 0.13257933 0.22463727 0.047819123 0.85470545 0.94199795 0.026285097 0.986084 0.06978863 0.034741502 0.9939323 0.99685454 0.24946067 0.99895614 0.016890084 0.8716397 0.00419676 0.97852516 0.99280936 0.98597157 0.06047308 0.0014611618 0.0085469615 0.9886278 0.705162 0.9942282 0.92216074 0.9018457 0.0041397405 0.9293397 0.048843462 0.27851924 0.9626166 0.9750871 2.6476291e-05 2.596885e-07 0.63057446 0.9917844 0.67412555 0.07096501 0.9751969 0.16285358 0.97807944 0.98438114 0.96117693 0.86315155 0.9471682 0.9463717 0.8006138 0.057626616 0.871954 0.97355515 0.97593343 0.07001216 0.9817795 0.6687506 0.95314807 0.9937913 0.78368366 0.9764395 0.65105796 0.8838245 0.9662004 0.7186006 0.9592284 0.9491585 0.9628123 0.9199827 0.88281906 0.98740923 0.9988545 0.8159527 0.73796844 0.96726555 0.22954437 0.9831153 0.9208412 0.97272813 0.9897331 0.9998344 0.981596 0.98240995 0.75903976 0.99858755 0.9912222 0.98848957 0.030150529 0.99949163 0.9985288 0.9350155 0.93180007 0.9985836 0.99835616 0.9997914
0.29377392 7.575038e-19 0.9421577 0.9817109 0.6666568 0.39931753 0.3500016 0.37735748 0.07869218 0.09556968 0.15221009 0.045049317 0.1953118 0.067153186 0.150661 0.14947945 0.10290639 0.8951233 0.7665211 0.015281719 0.8421091 0.010285343 0.06817463 0.00029541072 0.027283091 0.28364792 0.008633632 0.000326107 4.8424346e-07 2.0272122e-05 0.01097606 0.00090354565 0.041051593 0.014712756 0.0005521871 2.692251e-07 0.00013032249 2.0866505e-06 5.9497335e-05 0.010189485 2.650719e-05 1.7796374e-05 1.5377267e-08 0.0011474496 0.00035805497 8.7583954e-05 0.00013537277 0.014528478 2.1206884e-05 0.00070452574 0.0027663924 0.0027783841 3.8519197e-06 1.9726162e-05 6.096892e-06 7.46552e-05 7.2810913e-06 8.8689885e-06 0.004046764 0.00048680382 3.1765717e-06 1.1723355e-05 3.4119444e-06 1.1724159e-05 0.05043771 4.3849277e-06 6.979989e-06 1.5887274e-06 6.778e-07 5.007914e-05 1.5400119e-06 0.0002604513 3.1396326e-06 6.161349e-05 1.6483067e-05 2.2933017e-07 5.704341e-05 0.00018124054 4.5532087e-07 1.4306684e-06 1.4982248e-05 1.3545665e-05 0.012740372 0.0001628879 3.109446e-05 0.00012449021 0.0023243579 1.14776085e-05 0.0001253494 1.2342656e-05 0.003188056 1.5084011e-05 6.5562206e-05 1.1353831e-08 0.00014685314 0.00024184874 6.4668865e-07 0.000657636 0.00031908724 5.3612753e-06 4.886576e-05
0.96402365 0.9421577 4.4053257e-16 0.7544459 0.8597585 0.54703695 0.33539215 0.12145387 0.14294805 0.22082993 0.54562485 0.06288656 0.3750179 0.17677042 0.026254632 0.19417056 0.1024639 0.870317 0.21185379 0.06995876 0.9419402 0.040726583 0.19751178 0.0005360606 0.030792814 0.40655792 0.09213779 0.00031900514 1.6766093e-07 1.4104041e-05 0.07258655 0.0018912101 0.05696425 0.01052585 0.0003342067 5.007035e-07 0.0033410112 3.4147993e-06 3.1383886e-05 0.007405206 0.0007101012 7.412152e-05 6.908904e-09 0.016124398 0.00039390314 4.3437078e-05 9.1530994e-05 0.0148707405 3.0578815e-06 0.0020791392 0.005607044 0.0068284366 3.3912394e-05 0.00020886298 6.7259725e-07 5.1606577e-05 3.5986744e-05 1.2472164e-05 0.01305021 0.0008690897 6.0142436e-05 3.261289e-05 3.9193175e-05 4.7720023e-06 0.2960753 2.8623015e-06 7.858739e-06 1.8478521e-06 1.1995363e-06 6.155705e-05 2.1850378e-06 0.00026663864 2.6119476e-06 0.00018746618 4.5529134e-05 2.9906996e-06 4.615531e-05 0.000101394064 2.4974784e-07 1.997996e-07 5.9574046e-05 1.4915273e-05 0.05109767 0.00015530588 4.39852e-05 0.00051011104 0.03624035 2.459385e-05 0.0004252448 7.706073e-05 0.009381681 1.4303075e-05 0.0003312102 8.7056534e-08 0.00037295028 0.00072436256 3.7396387e-07 0.0012884731 0.0009894104 0.000258492 0.00022453333
0.28886026 0.9817109 0.7544459 7.402538e-16 0.8849327 0.8496615 0.73577356 0.64099574 0.428218 0.75122225 0.1520633 0.16839376 0.08498459 0.138778 0.14918776 0.75680846 0.6813935 0.5908732 0.50352836 0.02166551 0.6301449 0.40476775 0.016316123 0.0027115794 0.0038155382 0.11469166 0.0006670014 0.00044344587 2.2194652e-05 9.1632566e-05 0.009413923 0.00044584423 0.020805571 0.0029965884 0.00015404145 9.982294e-07 1.1853845e-05 1.6369767e-06 2.8069835e-05 0.0071976962 6.991174e-06 6.837125e-05 1.6427514e-07 0.00017349151 6.497871e-05 8.227635e-05 8.844759e-05 0.0024126926 5.1467505e-06 0.00020582751 0.0005854697 0.0010129901 1.7358815e-08 8.65063e-07 8.7363725e-07 6.6123343e-06 4.5294968e-07 6.45827e-07 0.0029000007 7.0233415e-05 1.3145785e-05 2.2089523e-06 1.0137056e-08 6.3175175e-06 0.04945049 7.459048e-08 1.0281939e-05 4.4553094e-08 1.2918768e-07 1.1341726e-05 9.030111e-07 8.152939e-05 1.5391105e-06 6.7429255e-06 1.8983523e-06 2.0496075e-06 2.9661555e-06 1.6159787e-05 1.2607033e-07 1.5316202e-07 3.535927e-06 4.9173013e-06 0.005780608 2.9945443e-06 1.3477994e-06 5.944275e-06 0.0007741493 2.7515641e-06 4.5922147e-06 7.5483545e-06 0.0004738037 8.828115e-07 2.2921078e-05 5.8411747e-09 5.3931904e-05 3.0101532e-05 2.261361e-07 4.401571e-05 6.476385e-05 4.75534e-07 0.00010103296
0.95582944 0.6666568 0.8597585 0.8849327 9.355864e-16 0.9693945 0.08071748 0.05532865 0.8052434 0.735333 0.58373153 0.042537324 0.77386516 0.86632925 0.037250083 0.28680706 0.1947479 0.6156327 0.25596952 0.24054231 0.7938947 0.19412479 0.062126745 0.0006276583 0.0043481803 0.197541 0.04633725 2.5270409e-05 1.392785e-06 1.4801607e-06 0.056274038 0.0003142146 0.017666718 0.0011590665 3.2456635e-05 2.3032867e-06 0.0015528515 2.3734722e-06 1.1819138e-06 0.0023076446 0.0002644181 0.00023976284 2.1746196e-07 0.00800835 1.1714324e-05 3.291226e-06 7.1999234e-06 0.0033987078 1.8645753e-06 0.0004533767 0.0008297927 0.0020697648 3.3894337e-06 1.254693e-05 1.2454181e-07 2.7965136e-06 1.23045675e-05 3.980153e-07 0.0057513043 0.00030255324 5.148557e-06 2.9565634e-05 1.5852737e-06 2.8611742e-06 0.09659378 1.2763147e-07 4.6197824e-06 5.353542e-07 1.685663e-07 2.4026376e-05 1.4096643e-07 6.9342655e-05 4.606841e-07 1.1662001e-05 4.3858017e-06 4.6847597e-07 1.9615163e-05 4.5368804e-05 1.6564616e-07 2.1501036e-08 3.4808734e-05 0.00016663653 0.013568046 8.024431e-06 1.624522e-05 3.8994684e-05 0.016890746 9.758474e-06 0.000119065226 5.71994e-06 0.0015168602 1.289625e-06 4.34114e-05 4.8890115e-08 0.00015718708 6.406851e-05 1.8289985e-07 0.00075104815 0.00039434156 0.00017474937 0.0004765994
0.43106896 0.39931753 0.54703695 0.8496615 0.9693945 1.8369498e-19 0.05929905 0.06774207 0.93331504 0.91535133 0.4638673 0.012963899 0.44615948 0.9038299 0.015717039 0.19541332 0.14436992 0.22362736 0.09930831 0.25319824 0.35492384 0.12820229 0.025613986 0.00010315838 0.0014188148 0.033626527 0.011923271 2.0164962e-06 1.6475381e-07 1.0414355e-07 0.013884485 4.2946667e-05 0.004103745 3.0276217e-06 1.9451234e-05 1.3505708e-08 3.082072e-05 1.0756261e-07 4.3853556e-09 0.000110172805 4.7523936e-05 0.00024133749 1.6692566e-08 0.0007679626 3.3414426e-06 1.0517795e-06 5.9127373e-08 0.00021996337 5.1481863e-09 3.8063606e-06 7.418969e-05 0.00019884622 8.64639e-09 3.1470984e-07 5.3950466e-09 1.4723238e-07 1.1550193e-08 4.3376986e-08 0.000305356 4.8970287e-06 3.1084152e-08 3.621574e-08 9.914345e-09 5.9824833e-07 0.014755262 2.4515165e-09 1.6164826e-07 5.2795075e-09 1.8984687e-09 3.267933e-07 1.07756195e-08 2.5233058e-07 2.1350148e-09 4.4140743e-06 6.1443197e-09 1.0467482e-08 9.939893e-08 5.3251144e-05 5.197885e-09 1.4086785e-10 9.064368e-08 1.6446229e-07 0.0025870532 5.5508274e-08 5.46789e-07 3.891401e-06 0.0026495666 1.9740615e-07 2.0495177e-06 1.6485494e-06 0.00027877744 9.981742e-09 6.4785745e-06 6.3942723e-10 1.0107551e-05 1.0716836e-06 1.0308462e-08 2.6703972e-06 2.6448457e-05 2.1475081e-07 2.5362613e-05
0.549986 0.3500016 0.33539215 0.73577356 0.08071748 0.05929905 1.5778658e-16 0.978964 0.0057701264 0.12037678 0.0051203677 0.7745323 0.031949 0.001938861 0.7546933 0.8172374 0.7493632 0.7764909 0.847702 0.0012803234 0.54698753 0.3113401 0.031501286 0.059022017 0.20598128 0.412129 0.0017184295 0.05431954 0.002231909 0.012716633 0.0034270058 0.03985404 0.17114894 0.055381253 0.0037662156 0.001405499 1.7343551e-05 0.002057767 0.006421694 0.038776677 8.871145e-06 0.0004350584 2.7131156e-05 0.0011844025 0.00087636476 0.001516495 0.0026958752 0.021736534 0.0005235194 0.00030231528 0.013795313 0.00277298 2.1136698e-07 2.1596288e-06 6.789408e-05 0.0009253595 1.4563495e-05 0.0013613474 0.0052202055 0.0013829172 0.0006299776 3.4823129e-06 5.431049e-07 2.676266e-06 0.06531264 6.970456e-08 2.0261616e-06 3.7997108e-07 1.2032767e-07 4.3581913e-06 8.0614904e-05 0.0010795263 3.7584633e-07 9.6476135e-05 2.2667061e-06 3.7658288e-07 2.3202736e-06 0.00015336658 4.0162624e-05 8.829695e-06 2.2206339e-05 0.00063792226 0.010695753 8.416612e-05 7.489117e-07 7.2100925e-06 0.00089644705 3.3516315e-07 7.1299155e-07 0.00012639278 0.0042570536 8.5064086e-05 8.611138e-05 4.936443e-08 6.62284e-05 0.00017117307 1.493584e-07 0.0027584787 0.00031785842 8.115455e-07 5.631365e-05
0.09175708 0.37735748 0.12145387 0.64099574 0.05532865 0.06774207 0.978964 1.766768e-17 0.0030776283 0.037460905 0.0046347626 0.93147206 0.0030721328 0.00080987246 0.85500944 0.72810334 0.6551307 0.60965186 0.8348573 0.00069807546 0.43987575 0.21955296 0.0006886605 0.17967932 0.16398677 0.20899922 0.0003693814 0.098547705 0.013064417 0.07007608 0.00028983902 0.036180574 0.11385315 0.051813193 0.012532842 0.0009861863 1.0218628e-06 0.0036874246 0.004764217 0.026800603 3.8186406e-07 0.00033938768 1.4072024e-05 3.9028575e-05 0.0010989477 0.0022164017 0.0019986841 0.007317101 0.00020510526 2.7202042e-05 0.004900404 0.0003141205 6.205709e-08 5.170298e-07 5.006911e-05 0.00040265036 3.4875288e-07 0.00018271044 0.0009531456 7.268482e-05 6.148647e-05 3.8361996e-08 6.041152e-09 5.2683504e-06 0.035207108 1.2300588e-07 4.6711173e-07 9.794915e-09 1.3357072e-08 3.6216005e-07 1.129139e-05 0.0002680161 8.167385e-08 1.853181e-05 1.4730107e-07 6.6097208e-09 3.824432e-07 0.0003267377 2.2025138e-06 8.774409e-06 3.648027e-06 1.7552495e-05 0.008992283 4.1376745e-05 9.174707e-06 2.9371722e-05 0.00020153908 3.2530232e-07 6.098875e-06 7.6911325e-05 0.002145385 9.339371e-05 1.6811806e-05 9.988783e-10 2.804078e-05 4.3799097e-05 1.7108869e-08 0.001416072 0.00025278883 8.8276863e-07 2.9003628e-05
0.13257933 0.07869218 0.14294805 0.428218 0.8052434 0.93331504 0.0057701264 0.0030776283 3.013582e-13 0.94352335 0.19278888 0.0009665024 0.30307254 0.98707527 0.003634134 0.070217 0.050718848 0.031930316 0.017092938 0.21084419 0.07036464 0.10933397 0.0030523662 0.0001036741 0.00044154434 0.0029308137 0.008451952 1.1162232e-06 3.913625e-07 5.7505933e-09 0.0067980313 5.494251e-05 0.00076290744 1.1017131e-06 6.005492e-05 3.0891414e-08 8.696783e-06 1.8977095e-08 2.7312461e-09 1.5396117e-05 2.9940316e-05 0.00033411718 2.3747004e-09 0.00030629948 1.5964164e-05 8.531525e-06 1.631895e-08 4.2767665e-06 2.3744104e-09 5.5675437e-06 4.3961637e-07 9.00345e-06 9.230937e-08 1.6780858e-05 3.0540665e-08 1.3918999e-07 8.0805435e-10 8.297898e-09 8.693325e-06 4.0444604e-08 2.6151963e-09 4.108896e-08 2.9093246e-07 1.182852e-08 0.00053986604 4.1623345e-09 2.33331e-08 5.85383e-10 5.4711574e-10 2.9390451e-08 2.2883281e-08 9.512684e-08 2.3479205e-09 1.9638016e-07 1.634741e-10 1.9405942e-08 1.1080992e-07 9.476774e-06 3.422271e-08 1.4281162e-10 1.0191105e-08 1.07594005e-07 3.6966862e-06 1.550114e-10 7.978509e-08 5.67724e-08 0.0003631525 8.115594e-09 1.13600676e-08 1.6613889e-08 6.494693e-05 6.569692e-08 1.17233805e-08 7.270862e-12 1.6147138e-07 1.1959371e-08 1.4322327e-10 5.9066733e-06 6.3549037e-06 3.852705e-08 1.1418739e-05
0.22463727 0.09556968 0.22082993 0.75122225 0.735333 0.91535133 0.12037678 0.037460905 0.94352335 6.2339993e-13 0.022041528 0.059542995 0.3930043 0.4472776 0.079826504 0.78613657 0.67772996 0.09000295 0.20682126 0.10812739 0.35346586 0.9744138 0.00014282051 0.007502017 0.0036981374 0.019236576 0.005116348 5.933845e-05 0.0031810617 0.00013898859 0.003136137 0.00033493518 0.002534998 2.6648968e-06 0.00024018463 0.00061747053 1.9914758e-06 4.1043553e-05 4.040212e-08 0.00048137197 9.807428e-06 0.010877379 2.9239416e-05 0.00017759624 1.5148536e-05 5.7757996e-05 1.6362181e-06 1.6716107e-05 7.521093e-08 3.6958754e-06 5.318912e-07 3.054103e-05 6.56621e-08 1.3936445e-06 2.1463352e-07 1.3354003e-06 3.6098506e-08 1.50139e-07 3.2300635e-05 5.536983e-07 5.9913276e-07 4.0784137e-08 1.4574194e-07 3.344857e-08 0.0040898905 7.0402932e-09 8.747698e-08 2.2288213e-09 2.7324811e-09 7.671817e-08 7.214735e-08 1.403366e-06 4.763719e-09 9.098839e-08 1.874633e-10 3.2136512e-08 4.483811e-07 2.2454136e-05 3.8238465e-08 4.380229e-10 8.3131894e-08 5.884327e-07 6.0312854e-05 2.2256848e-10 2.3457295e-07 4.961817e-08 0.0004189294 2.9176903e-09 2.985351e-08 4.0317386e-07 0.00013024695 5.9895336e-07 1.0657096e-07 2.8638477e-11 8.480904e-08 4.2130157e-08 1.512137e-09 3.5562058e-05 5.0352013e-05 1.2106484e-08 4.7338817e-06
0.047819123 0.15221009 0.54562485 0.1520633 0.58373153 0.4638673 0.0051203677 0.0046347626 0.19278888 0.022041528 1.9933e-17 0.00034881826 0.8655921 0.8508695 0.0005309949 0.0020590909 0.002056932 0.22324574 0.003160168 0.9972171 0.09975025 6.7211644e-05 0.5153506 1.2647868e-07 0.00035391317 0.043227825 0.43176767 2.4905762e-07 1.0926386e-09 9.264676e-09 0.08502107 7.328208e-05 0.0013461013 0.00024209566 1.9678362e-05 5.519001e-11 0.027621102 8.170549e-08 1.0651751e-07 0.0009926154 0.01211791 4.169345e-08 1.4855823e-12 0.03432547 1.4836111e-05 2.0367727e-06 3.7859713e-06 0.0033217154 1.8215049e-07 0.004138752 0.00031551567 0.0028752037 0.00079956127 0.0014076387 1.0473159e-05 1.1378572e-05 0.00048360846 1.382517e-06 0.0022314687 9.990267e-05 1.9963609e-06 0.0001843093 0.0010146798 7.344615e-05 0.0025589084 0.00025315504 2.1631897e-05 0.00015420269 4.3957966e-06 0.00021296191 1.6825895e-06 2.4082465e-05 3.0002668e-06 0.00012912223 1.5916354e-05 1.7131467e-06 0.00018699694 3.7262038e-05 2.2255567e-07 8.90646e-08 6.237028e-07 6.860282e-06 0.0008874349 1.7510078e-05 0.00017230448 0.0006638807 0.00095068227 4.929122e-05 0.00049948646 4.680421e-06 9.442129e-05 0.00044996067 2.1288162e-05 2.3751807e-05 3.494877e-05 1.2259495e-05 1.307685e-05 0.00036380903 0.0006762455 0.00019112827 0.00037345532
0.85470545 0.045049317 0.06288656 0.16839376 0.042537324 0.012963899 0.7745323 0.93147206 0.0009665024 0.059542995 0.00034881826 1.399337e-15 0.0034123533 1.3127556e-05 0.9723568 0.7996377 0.7704489 0.54403704 0.8649442 0.00017991244 0.4830522 0.26643515 0.0034312815 0.31427082 0.6439964 0.46579814 0.00015116665 0.5130849 0.02640173 0.14340565 0.00010623696 0.17553183 0.37535828 0.15594068 0.045221996 0.042030204 1.2629386e-06 0.023733394 0.028945394 0.10458132 3.1670902e-07 0.00053006393 9.270113e-05 0.00016127771 0.0044235233 0.016577126 0.0074003707 0.024137938 0.00046984738 1.982178e-06 0.02152661 0.00036597965 1.081507e-08 1.4396103e-07 7.636245e-05 0.0029870516 1.6929538e-06 0.00069539633 0.002344236 0.00037259178 0.00071481935 1.036782e-07 1.1869312e-08 3.6027107e-08 0.07946696 8.905148e-09 4.6227346e-08 2.2387443e-09 3.3062225e-08 1.18735535e-07 5.4122287e-05 0.000119232594 1.6847121e-08 9.4585033e-07 8.957227e-08 1.1513264e-08 1.1830206e-07 0.00038232125 2.0089978e-05 7.610443e-05 1.38769055e-05 0.00027099365 0.021697624 9.853257e-05 4.0949462e-08 1.2973081e-07 0.00050491 1.8643627e-07 1.6920424e-07 0.0005006374 0.016265513 0.0013078947 2.9638528e-05 2.7736291e-08 1.680711e-05 0.0001350101 5.968379e-09 0.013723885 0.0043273577 2.1098544e-06 1.2158815e-05
0.94199795 0.1953118 0.3750179 0.08498459 0.77386516 0.44615948 0.031949 0.0030721328 0.30307254 0.3930043 0.8655921 0.0034123533 3.486612e-14 0.64259595 0.0009793866 0.031112468 0.00998063 0.106078714 0.009051676 0.87444955 0.34383982 0.017134719 0.6019083 0.00013599776 0.0039394465 0.085860476 0.9433307 6.8301492e-06 1.970474e-06 5.8026626e-06 0.46070653 0.0009807657 0.0031756284 0.0017846633 0.00021296475 9.138093e-06 0.041364778 3.9013e-06 6.155537e-06 0.0012561759 0.0035193854 1.881092e-05 2.2463535e-09 0.089092754 2.4024088e-05 4.4907094e-05 4.62108e-05 0.0045327884 1.1153209e-06 0.0044020186 0.00010908194 0.009008007 0.0015397859 0.0012236217 5.193777e-07 0.00014347074 0.00028795726 4.0780633e-06 0.008470018 0.00086791726 2.8646431e-05 0.00024335516 0.000964714 3.3798424e-05 0.04478531 9.61067e-05 2.0336274e-05 2.2743465e-05 1.1895916e-05 0.0002745413 2.6543655e-06 8.7407054e-05 3.8605067e-06 4.989741e-05 4.2116044e-05 5.353428e-06 0.00014862984 0.00013793696 6.946708e-07 3.399897e-08 5.4037446e-05 1.1815324e-05 0.010273863 2.1956379e-05 0.00012776686 0.0019572533 0.03022815 1.5925616e-05 0.0019653467 8.443206e-05 0.0019490081 0.00031491206 0.00039332657 0.00023736242 0.00025935008 0.00033817705 7.280574e-07 0.002683074 0.0017296534 0.00029016286 0.0007979521
0.026285097 0.067153186 0.17677042 0.138778 0.86632925 0.9038299 0.001938861 0.00080987246 0.98707527 0.4472776 0.8508695 1.3127556e-05 0.64259595 7.732798e-16 0.000289592 0.0012351525 0.0010074183 0.022806998 0.0065828823 0.9063927 0.042045176 2.9637762e-05 0.050576553 2.8894243e-09 5.625348e-07 0.00085161283 0.18217565 2.4421604e-08 2.9801522e-11 5.6517444e-11 0.018569615 1.6427074e-07 9.456785e-06 3.7016162e-07 3.6607807e-07 9.737306e-12 0.0013980576 3.2305114e-10 1.0950281e-08 1.1765131e-05 0.0009767916 1.3094526e-08 3.7938344e-16 0.015176996 1.0219432e-07 6.032646e-08 2.8016885e-07 1.00491525e-05 1.9943398e-08 1.4202844e-05 2.1828325e-06 4.127168e-05 3.262432e-06 0.0004149017 3.5180378e-07 1.5313397e-07 1.16175215e-05 4.7034835e-08 1.2090822e-05 6.647625e-07 5.1407312e-08 1.8885976e-06 2.0429723e-06 2.4825076e-06 5.311947e-05 2.399569e-07 4.30599e-07 3.3457372e-08 2.174631e-08 6.1858445e-06 4.1598845e-08 9.305498e-07 1.1319034e-07 4.0691243e-06 1.9113361e-07 1.7453607e-07 6.9160893e-07 1.4846196e-06 9.408868e-09 1.045514e-10 2.6670271e-08 1.6910955e-07 8.100242e-06 7.565705e-09 8.857628e-06 3.57095e-06 2.5645482e-05 2.2658683e-07 2.0299176e-06 2.569449e-07 1.6165698e-06 1.6988885e-07 1.0732387e-07 4.8142336e-08 3.4429257e-07 8.494762e-08 2.663174e-08 2.0704815e-06 3.937546e-06 1.5075029e-06 5.0507646e-05
0.986084 0.150661 0.026254632 0.14918776 0.037250083 0.015717039 0.7546933 0.85500944 0.003634134 0.079826504 0.0005309949 0.9723568 0.0009793866 0.000289592 3.129804e-11 0.81696516 0.7903418 0.21276098 0.3662271 7.478933e-05 0.24880603 0.19377877 0.000114549126 0.378435 0.5487995 0.6155817 6.9513146e-05 0.61459076 0.023926718 0.12373038 1.7752473e-05 0.07258086 0.5124683 0.04155163 0.024200685 0.107390024 1.0277173e-07 0.046019547 0.0047206096 0.05785554 1.4977405e-07 0.00084843073 0.00012642896 2.2074173e-06 0.0029029364 0.0033576528 0.0020075347 0.0184842 0.00012592092 1.4339588e-06 0.009478555 0.00045642586 6.73907e-09 1.2543715e-08 2.1853288e-05 0.0006913146 3.610532e-08 0.0001347955 0.002808782 0.00084389123 7.5566706e-05 6.003636e-09 5.6586638e-09 1.5679951e-09 0.080269136 1.2429197e-10 1.3039265e-09 7.241705e-11 2.1931984e-10 2.1023926e-08 3.7137675e-06 0.0004352184 2.3683663e-10 9.575731e-07 6.629834e-09 3.287712e-10 3.4605453e-08 0.00032904383 8.1338385e-06 1.3743581e-05 0.00017974128 5.0116378e-06 0.06375518 5.4246404e-05 9.1769287e-10 5.223542e-07 0.0003004565 7.4455797e-10 3.8623217e-08 4.8631777e-05 0.034980938 9.7303586e-05 0.00024389698 1.928895e-09 6.121423e-05 0.00042296873 9.844957e-10 0.0015491501 0.0011970218 1.4456678e-09 5.37096e-07
0.06978863 0.14947945 0.19417056 0.75680846 0.28680706 0.19541332 0.8172374 0.72810334 0.070217 0.78613657 0.0020590909 0.7996377 0.031112468 0.0012351525 0.81696516 2.7532001e-15 0.9710635 0.45738983 0.8688949 0.00318574 0.51212156 0.94356245 7.838736e-05 0.07740647 0.11193545 0.19455135 0.0009965465 0.0027625365 0.03176476 0.012962607 0.00086365675 0.0073255464 0.05398547 0.0030985954 0.004826285 0.002202563 2.716664e-06 0.00034326792 0.00013031169 0.015550196 1.7488841e-06 0.0005377126 1.6664488e-05 1.2560123e-05 0.00057782355 0.0012698958 0.00025971292 0.0018266307 5.80986e-06 1.7943463e-05 0.0012481939 0.00051599514 6.341857e-08 1.3153566e-06 1.2151777e-05 4.698236e-05 5.34821e-07 2.7134895e-06 0.0010139325 6.542723e-05 7.4384407e-06 1.6948752e-07 1.057468e-08 3.566774e-06 0.014075845 1.7652172e-07 1.883342e-06 3.4552954e-08 2.4002706e-08 1.0809524e-06 3.587493e-07 2.1306787e-05 9.308892e-08 7.263399e-06 9.283542e-07 3.0189575e-08 5.12204e-07 0.00010677672 1.4996799e-07 6.7580885e-07 7.777241e-06 3.0056226e-06 0.00813985 6.06096e-06 1.3835029e-07 0.00010969305 0.00041631094 6.005709e-07 1.529772e-05 1.3770975e-07 0.0010467059 2.1150816e-05 5.113026e-05 2.3160607e-09 7.7282544e-05 7.559806e-05 1.4164528e-08 0.0001334457 0.00029090294 2.8202929e-05 9.879839e-05
0.034741502 0.10290639 0.1024639 0.6813935 0.1947479 0.14436992 0.7493632 0.6551307 0.050718848 0.67772996 0.002056932 0.7704489 0.00998063 0.0010074183 0.7903418 0.9710635 1.2378111e-15 0.32150397 0.8492832 0.0009847409 0.41513142 0.9249976 5.4558423e-05 0.069281794 0.07494952 0.14173675 0.00023995248 0.0024548941 0.04432182 0.012951876 0.00033813043 0.0064955885 0.047258947 0.002769287 0.0047204276 0.0028724906 7.411469e-06 0.00049656787 9.724625e-05 0.010284304 1.3483226e-06 0.0015468411 5.0615796e-05 1.1726909e-05 0.00033772874 0.0005757912 0.00029022899 0.0013170851 8.52893e-06 6.3452444e-06 0.0008479943 0.00025861725 2.6128394e-08 8.481718e-07 8.820319e-06 2.4475128e-05 1.3834956e-06 1.5490161e-06 0.00062860356 5.5604203e-05 1.2107426e-05 1.5135048e-07 7.2944597e-09 3.8351022e-06 0.012606018 2.1814388e-07 3.6044773e-06 6.462154e-08 4.4234714e-08 1.5248424e-06 4.172621e-07 1.8782759e-05 4.5970864e-08 7.1638215e-06 1.7713667e-06 7.517349e-08 3.432484e-07 6.3263295e-05 1.757772e-07 2.7777799e-06 4.30192e-06 3.1636564e-06 0.008727879 5.629e-06 3.2525423e-07 0.00013115875 0.00025105756 1.5043275e-06 2.4859037e-05 2.5343984e-06 0.0011748493 9.174288e-06 5.6447378e-05 7.7909135e-10 0.00012972878 7.0627284e-05 1.5082374e-08 0.0003716756 0.0002959606 3.2681855e-05 7.183487e-05
0.9939323 0.8951233 0.870317 0.5908732 0.6156327 0.22362736 0.7764909 0.60965186 0.031930316 0.09000295 0.22324574 0.54403704 0.106078714 0.022806998 0.21276098 0.45738983 0.32150397 6.347186e-14 0.15304774 0.017540481 0.66421074 0.018993186 0.48099023 0.008079679 0.12883148 0.88282466 0.06701173 0.06647852 3.6312395e-05 0.0041693277 0.06717293 0.022485761 0.17843434 0.25119 0.03832547 0.0001128085 0.01611465 0.00049519166 0.051225282 0.03779099 0.004056782 1.131476e-05 3.8331515e-07 0.021648195 0.0028135823 0.0061639557 0.0058070193 0.25503352 0.0050016115 0.040398844 0.0768047 0.066091105 5.804453e-05 0.00037978851 0.0028447718 0.007546024 1.8084265e-05 0.0052856244 0.081140906 0.0331219 0.0006025368 0.00063277234 3.434079e-05 3.1258733e-05 0.53016853 6.336234e-06 3.648161e-05 2.2684631e-05 3.4288707e-06 0.00018344831 0.0006887314 0.015089328 5.0230933e-06 0.002365886 0.00018910992 2.3587056e-06 4.5612058e-05 0.0016151776 0.00052036735 0.0014298017 0.0052881734 0.00034112678 0.30593154 0.018699152 1.6284619e-05 0.0012826642 0.113742836 3.7873924e-05 0.0007916537 0.0009623469 0.13932516 0.0024965415 0.009404219 3.6477815e-07 0.005615376 0.013116482 2.554383e-06 0.006012891 0.0042389734 0.00039346385 0.0035807942
0.99685454 0.7665211 0.21185379 0.50352836 0.25596952 0.09930831 0.847702 0.8348573 0.017092938 0.20682126 0.003160168 0.8649442 0.009051676 0.0065828823 0.3662271 0.8688949 0.8492832 0.15304774 1.9515392e-09 0.00091174373 0.050477058 0.15903918 0.0015226691 0.16469522 0.30882478 0.41461915 0.00036575945 0.3517791 0.01039032 0.041319225 8.5875276e-05 0.02848995 0.17835392 0.009654706 0.0073216003 0.020651985 3.0282094e-05 0.0108606545 0.0025543114 0.0058667506 9.284201e-06 0.00018305825 3.3821834e-05 4.377476e-05 0.00033873046 0.0009892058 0.0006162243 0.017415153 0.0002125324 5.7797453e-05 0.0075924722 0.0011050501 3.3498418e-07 8.952433e-07 9.293924e-05 0.0006453382 7.1118853e-07 4.8462738e-05 0.004033803 0.0010132978 4.5366298e-05 6.547623e-07 1.5587395e-07 4.6800103e-08 0.12219931 2.4209703e-08 2.2949017e-08 1.3275846e-08 9.4824685e-08 3.3642135e-07 1.579537e-05 0.0011373854 5.474678e-09 2.7090515e-05 2.874051e-07 1.8378923e-08 1.2061938e-07 0.00017641412 3.5163845e-05 5.6266304e-05 0.0005838708 2.0552045e-05 0.039348125 0.00017060041 7.3619284e-09 3.5619234e-06 0.0029096967 1.2579439e-08 1.1387762e-06 0.00015797048 0.035368524 5.906029e-05 0.0011670134 2.5385829e-08 0.0004141101 0.0017912792 3.3199857e-08 0.0016337741 0.0011644498 2.1093165e-07 1.8887587e-05
0.24946067 0.015281719 0.06995876 0.02166551 0.24054231 0.25319824 0.0012803234 0.00069807546 0.21084419 0.10812739 0.9972171 0.00017991244 0.87444955 0.9063927 7.478933e-05 0.00318574 0.0009847409 0.017540481 0.00091174373 4.9748392e-15 0.010469641 0.0014025954 0.27289286 1.07037e-06 0.00011048414 0.0011118874 0.62032425 5.5638156e-07 1.4540313e-08 9.641004e-08 0.18658656 7.718547e-05 5.9289458e-05 2.7206246e-05 9.498671e-06 9.682499e-09 0.16755894 1.0854279e-07 2.0318029e-07 0.00014714866 0.042776104 4.4061446e-07 5.980862e-11 0.6286478 1.3011944e-06 1.1077992e-05 2.2551005e-05 0.0001339404 4.060759e-06 0.00069169374 8.312168e-06 0.00032944704 0.014789708 0.014595755 1.177023e-06 9.053182e-06 0.021245789 3.4792967e-07 0.00021419725 7.1267586e-06 4.630011e-06 0.00066275435 0.006902072 0.0013040599 0.00034433647 0.0026867113 0.00050322636 0.0013638189 0.00015519529 0.00065326045 3.1948155e-06 6.931809e-06 4.5937453e-05 2.2784398e-06 3.071608e-05 0.000124561 0.00015939209 1.5508202e-05 1.2711589e-06 3.705061e-08 3.9185622e-07 1.3136203e-06 8.887044e-05 1.2487112e-07 0.00026450414 0.00046368426 0.0011615623 5.5420078e-05 0.000577539 1.0733569e-06 4.635823e-05 9.122825e-07 1.935838e-06 0.0005548119 1.0521978e-06 4.6019758e-07 6.885613e-05 7.9324294e-05 9.781577e-05 7.2071816e-05 0.0007530513
0.99895614 0.8421091 0.9419402 0.6301449 0.7938947 0.35492384 0.54698753 0.43987575 0.07036464 0.35346586 0.09975025 0.4830522 0.34383982 0.042045176 0.24880603 0.51212156 0.41513142 0.66421074 0.050477058 0.010469641 6.20543e-14 0.08820455 0.22192152 0.033218365 0.23815277 0.52413726 0.019611003 0.070138045 0.0010419647 0.011874018 0.008441568 0.016699553 0.06212599 0.031705145 0.0076066623 0.0025088345 0.0033573918 0.0018292133 0.0075793886 0.010160529 0.0004277493 4.5598925e-05 1.2024009e-06 0.0040922198 0.00025069294 0.0011055381 0.00059411983 0.0787212 0.00066895044 0.009940416 0.022093458 0.008529468 4.4445774e-06 1.9509553e-05 0.00022857766 0.00061541557 2.5430067e-05 7.3657844e-05 0.011839486 0.0062463763 0.00014660295 0.00038804518 6.386753e-06 2.9410724e-06 0.32133538 2.444685e-07 4.2238903e-06 7.7030234e-07 5.039616e-07 1.24133185e-05 2.2567807e-05 0.0056765014 1.8740995e-07 0.0010550119 2.8162774e-05 4.4103737e-07 1.1959303e-06 0.0002946921 3.866732e-05 2.6598604e-05 0.0043618386 4.208224e-05 0.06934731 0.0030646606 2.3463204e-07 0.00023228177 0.023518048 9.725442e-07 9.268335e-05 5.4428816e-05 0.062597 0.0009993354 0.0039766934 5.5719346e-07 0.0027496614 0.005413702 4.1570073e-07 0.0012760216 0.0016918435 8.469488e-05 0.0017109826
0.016890084 0.010285343 0.040726583 0.40476775 0.19412479 0.12820229 0.3113401 0.21955296 0.10933397 0.9744138 6.7211644e-05 0.26643515 0.017134719 2.9637762e-05 0.19377877 0.94356245 0.9249976 0.018993186 0.15903918 0.0014025954 0.08820455 6.163616e-13 2.740653e-07 0.5018841 0.035727058 0.012834781 8.528646e-06 0.0020065662 0.5235782 0.03604446 4.768367e-06 0.008925878 0.0058412114 8.861666e-06 0.0014034925 0.03269729 3.5308605e-07 0.0024174417 9.638592e-07 0.0006169361 4.1154783e-07 0.77690566 0.019625105 5.257616e-07 2.7230491e-05 0.00015327899 5.8634883e-05 1.1139963e-06 1.255514e-07 1.3153785e-07 2.7454033e-07 4.4056276e-07 3.908698e-09 5.4028547e-08 9.664806e-07 4.0934196e-06 3.5251322e-08 4.8897014e-08 2.0204145e-07 7.054882e-08 3.4369868e-06 1.2916735e-09 1.2484991e-09 1.8015685e-07 0.0016502454 2.408019e-09 1.2259032e-08 3.3747413e-10 1.21794175e-08 1.5313542e-09 4.1645025e-09 1.166911e-07 4.989441e-09 3.8945306e-08 2.1485067e-10 7.385246e-09 2.7333323e-08 2.7907988e-06 2.1798218e-08 1.0575971e-08 2.9582681e-08 7.8299786e-07 0.00034835553 8.809855e-11 1.319571e-09 2.6709176e-07 0.000411039 3.1295727e-10 7.523025e-09 1.8086246e-09 0.00019676644 3.0038157e-07 1.6831184e-07 4.4614787e-10 3.12762e-07 2.1791525e-08 5.8484093e-09 6.970031e-06 4.2802553e-06 1.2159636e-09 4.192351e-06
0.8716397 0.06817463 0.19751178 0.016316123 0.062126745 0.025613986 0.031501286 0.0006886605 0.0030523662 0.00014282051 0.5153506 0.0034312815 0.6019083 0.050576553 0.000114549126 7.838736e-05 5.4558423e-05 0.48099023 0.0015226691 0.27289286 0.22192152 2.740653e-07 5.333144e-18 7.193509e-07 0.00039121963 0.20207037 0.9693697 2.4455784e-07 2.9192602e-09 7.466507e-08 0.9728519 3.6592202e-05 0.006762503 0.0056078862 0.00048274448 1.0477469e-08 0.715782 7.388716e-08 1.586697e-06 0.0028004288 0.56604373 3.0833005e-09 4.761718e-10 0.43882307 6.346047e-05 7.425321e-06 9.034628e-08 0.11628851 1.0114425e-07 0.48236194 0.021368328 0.08693432 0.05012863 0.025570827 1.6639895e-06 9.340008e-06 0.0026795107 2.8540386e-05 0.051367253 0.020370957 3.5525364e-08 0.051786296 0.01651119 0.008171029 0.1041367 0.003181779 0.0034549383 0.0012774548 0.0062053525 0.004242933 4.6305054e-06 0.0052632885 0.0010161652 0.006974596 0.0025461179 0.00097517297 0.0038236321 7.92199e-05 2.6047599e-07 3.3802657e-08 0.0030520447 3.809578e-08 0.046739187 0.0017128274 0.002114727 0.00911329 0.12346146 0.00048223624 0.018213637 0.00018449678 0.017021729 0.0001225791 0.0027866063 1.9102832e-05 0.0040608603 0.0034219061 1.5191431e-05 0.002038924 0.0060290145 0.0069762627 0.005919585
0.00419676 0.00029541072 0.0005360606 0.0027115794 0.0006276583 0.00010315838 0.059022017 0.17967932 0.0001036741 0.007502017 1.2647868e-07 0.31427082 0.00013599776 2.8894243e-09 0.378435 0.07740647 0.069281794 0.008079679 0.16469522 1.07037e-06 0.033218365 0.5018841 7.193509e-07 1.5456711e-13 0.22421278 0.027356299 2.9778728e-06 0.26706958 0.9855552 0.83025473 5.697414e-07 0.10049412 0.05224526 0.00086902134 0.022602472 0.9124791 1.1833032e-08 0.040784143 0.0002132448 0.0050589256 2.3644015e-08 0.02917383 0.015432172 5.3168884e-07 0.0022413188 0.012676478 0.0015399826 4.2905278e-05 9.463809e-07 1.0392632e-06 1.5478812e-05 8.6820774e-07 2.863605e-09 5.0829044e-08 1.0152381e-06 8.484323e-05 7.20628e-11 5.325507e-08 5.6121526e-06 3.563651e-07 0.00013210817 1.5512928e-08 6.945675e-09 2.9868818e-07 0.0005589722 1.8109227e-10 1.355348e-07 6.1530156e-11 3.9883754e-09 7.4333556e-08 2.936837e-08 4.1710673e-06 2.5442299e-08 3.8279748e-07 9.428491e-08 4.7860983e-08 1.1413708e-07 6.070809e-05 7.4390854e-08 3.5712208e-07 1.8576479e-06 2.8219486e-06 0.00044219283 7.993314e-08 4.284839e-09 4.766348e-08 8.3089735e-06 1.3308247e-08 1.6737328e-08 1.7553253e-08 0.00067324965 5.782992e-07 9.4073164e-07 6.44344e-10 1.5277894e-05 1.3387872e-06 4.5456936e-09 3.3581919e-06 7.4076324e-06 1.208473e-08 7.3156702e-06
0.97852516 0.027283091 0.030792814 0.0038155382 0.0043481803 0.0014188148 0.20598128 0.16398677 0.00044154434 0.0036981374 0.00035391317 0.6439964 0.0039394465 5.625348e-07 0.5487995 0.11193545 0.07494952 0.12883148 0.30882478 0.00011048414 0.23815277 0.035727058 0.00039121963 0.22421278 2.125582e-07 0.57564646 0.0003786542 0.8183571 0.03754338 0.38967413 0.00020400055 0.8872627 0.9223857 0.2701212 0.8965365 0.5037957 3.4155482e-06 0.759494 0.44509134 0.60631806 2.0860937e-06 0.00012219232 0.00013579713 0.0003997347 0.6829748 0.7083548 0.13891552 0.021968493 0.07191617 6.759678e-06 0.09153024 0.00012364282 6.877494e-07 2.33515e-07 0.009233959 0.34103295 2.94799e-07 0.009069082 0.0005615949 0.00032583188 0.038229376 1.7357797e-07 3.5315056e-06 3.6359344e-07 0.076712556 1.1345409e-08 3.0327914e-08 3.134706e-09 5.6627265e-08 8.954016e-08 0.00025909222 0.0013720323 1.4128371e-08 5.290327e-06 1.4005283e-07 1.6814699e-08 9.490484e-08 0.025094943 9.4699484e-05 0.000341563 0.000354812 0.00031899783 0.15175837 0.000214526 2.340465e-07 1.7815316e-06 0.0002645846 9.676868e-09 4.888594e-07 0.0022181135 0.31137583 0.00039151913 0.00056141766 1.9771862e-08 6.2368315e-05 0.0029456143 1.2511888e-08 0.018465808 0.010621028 8.5824134e-08 3.172338e-05
0.99280936 0.28364792 0.40655792 0.11469166 0.197541 0.033626527 0.412129 0.20899922 0.0029308137 0.019236576 0.043227825 0.46579814 0.085860476 0.00085161283 0.6155817 0.19455135 0.14173675 0.88282466 0.41461915 0.0011118874 0.52413726 0.012834781 0.20207037 0.027356299 0.57564646 1.10948e-11 0.029479306 0.20675145 0.00019481227 0.017420027 0.033373125 0.0997366 0.8470155 0.8045328 0.06807087 0.0012650457 0.0047825174 0.0035154405 0.09768841 0.43600082 0.0026317923 6.063975e-07 8.7387086e-08 0.0039836224 0.027373534 0.01083212 0.011385874 0.83223087 0.020239044 0.09612726 0.76733005 0.0934757 8.972048e-05 0.0015302697 0.11388833 0.014484613 6.3798885e-05 0.15858063 0.09076657 0.08900305 0.0021885855 0.0015519285 2.0221312e-06 0.0004236742 0.63769454 4.7798974e-05 8.1042956e-05 4.920686e-05 6.008666e-05 0.0002850498 0.02168925 0.0878636 6.7354185e-06 0.008754397 0.00061488996 2.1428052e-05 2.2572134e-05 0.0039668526 0.008565792 0.0042450232 0.02023419 0.0015238809 0.35232535 0.06593948 2.6815556e-05 0.0028442554 0.0575085 2.5785097e-05 0.0019058732 0.0024022565 0.23094378 0.025153292 0.03564818 0.00015211938 0.014815549 0.035485998 7.105195e-07 0.013773971 0.0069104703 0.00055060536 0.005609071
0.98597157 0.008633632 0.09213779 0.0006670014 0.04633725 0.011923271 0.0017184295 0.0003693814 0.008451952 0.005116348 0.43176767 0.00015116665 0.9433307 0.18217565 6.9513146e-05 0.0009965465 0.00023995248 0.06701173 0.00036575945 0.62032425 0.019611003 8.528646e-06 0.9693697 2.9778728e-06 0.0003786542 0.029479306 1.6702246e-12 3.0061452e-07 4.4201574e-08 6.2913635e-08 0.5916287 0.00011444725 0.00080741284 0.0036259415 0.000111699745 1.17664314e-07 0.3111535 4.6189715e-08 2.6744454e-05 0.000453639 0.06673409 2.954906e-07 1.031357e-09 0.29858166 1.6099257e-05 1.0748541e-05 7.1121976e-05 0.021703707 7.039713e-06 0.07131603 0.002042104 0.035357688 0.01155291 0.009905099 8.3101695e-06 4.0188137e-05 0.0018986512 9.442322e-06 0.028961936 0.0049359826 6.21042e-07 0.0044935136 0.001552916 0.0006182492 0.01781215 0.00036377192 0.00042517565 0.00026821758 0.0012890373 0.0007608523 1.0860921e-06 0.0040938533 0.00014609854 0.0023479 0.00071515754 0.00020369572 0.0014535246 0.000118991105 7.4988907e-06 4.5961775e-07 0.0046228506 8.2383514e-07 0.03683371 0.0008055228 0.00128215 0.003918772 0.103583485 0.00032989093 0.008530961 3.367221e-05 0.011839932 9.085759e-05 0.004142255 0.0004458317 0.0035821279 0.004007405 1.8870862e-05 0.0070961486 0.0035975284 0.0067380113 0.0038214829
0.06047308 0.000326107 0.00031900514 0.00044344587 2.5270409e-05 2.0164962e-06 0.05431954 0.098547705 1.1162232e-06 5.933845e-05 2.4905762e-07 0.5130849 6.8301492e-06 2.4421604e-08 0.61459076 0.0027625365 0.0024548941 0.06647852 0.3517791 5.5638156e-07 0.070138045 0.0020065662 2.4455784e-07 0.26706958 0.8183571 0.20675145 3.0061452e-07 2.8026e-16 0.038464595 0.9830248 1.1431646e-06 0.91975784 0.5994617 0.09580788 0.4351921 0.5398174 7.662867e-08 0.96299845 0.07149493 0.18587828 4.842127e-08 1.3249089e-05 4.0805576e-06 2.1926112e-06 0.24713233 0.38134587 0.13705726 0.0029314733 0.0015103623 1.0996653e-06 0.0041806255 1.309632e-05 2.7099983e-08 3.0560665e-07 0.0009068247 0.034588624 1.0812946e-08 0.0025253317 7.9652316e-05 2.2762938e-06 0.025438584 1.7283918e-08 6.9861317e-09 8.314137e-07 0.0011482082 1.9863334e-08 4.0088455e-07 6.5347555e-10 1.9941952e-08 1.3167459e-06 5.1775514e-05 2.2137407e-05 1.9557659e-08 1.7450055e-06 7.558728e-08 4.3129987e-08 8.2592135e-07 0.001439653 2.0655105e-05 0.00068479026 1.6334382e-06 0.00052986306 0.006525238 9.606496e-06 6.162809e-08 1.7326489e-05 3.0156585e-05 1.01686645e-07 1.5033523e-06 0.00073850004 0.0041855997 0.0011251249 2.0968153e-05 1.892897e-09 5.313077e-05 7.3756535e-05 5.4705236e-09 0.006758248 0.0029590358 1.3181607e-06 7.022973e-05
0.0014611618 4.8424346e-07 1.6766093e-07 2.2194652e-05 1.392785e-06 1.6475381e-07 0.002231909 0.013064417 3.913625e-07 0.0031810617 1.0926386e-09 0.02640173 1.970474e-06 2.9801522e-11 0.023926718 0.03176476 0.04432182 3.6312395e-05 0.01039032 1.4540313e-08 0.0010419647 0.5235782 2.9192602e-09 0.9855552 0.03754338 0.00019481227 4.4201574e-08 0.038464595 1.5119802e-14 0.6395073 7.72454e-09 0.008562642 0.0024726586 3.9337696e-08 0.001385029 0.8592652 5.9542543e-10 0.008599501 8.8574154e-08 2.4739178e-05 1.0716686e-09 0.6914217 0.6143006 1.0386717e-06 9.695678e-05 0.00017418814 0.00017265219 5.761048e-08 8.922694e-09 1.2863759e-08 1.5578454e-08 8.106358e-09 3.0371632e-11 1.7393946e-08 2.8661146e-08 1.1024721e-06 4.0823902e-12 1.5290776e-09 1.2861011e-08 1.1603933e-09 2.0884524e-06 5.72473e-10 7.3187706e-11 2.3690543e-09 3.5872865e-06 1.5528216e-10 9.6245e-09 2.1222801e-11 2.25478e-09 1.6783762e-10 5.375274e-09 7.604623e-09 5.576854e-10 4.9803894e-09 7.4803365e-11 6.4048096e-09 3.2459295e-09 2.5129013e-06 7.875405e-09 1.7586094e-08 1.3601695e-08 3.7561696e-07 5.9724816e-06 1.5019806e-10 1.1248007e-10 1.923256e-09 1.18531325e-05 4.4515672e-10 4.4411702e-10 8.266379e-10 7.630959e-05 3.5542151e-09 1.3454568e-08 2.4618943e-10 2.0984417e-07 6.625903e-09 6.112238e-08 2.9946597e-07 2.779859e-07 7.210473e-11 8.580023e-08
0.0085469615 2.0272122e-05 1.4104041e-05 9.1632566e-05 1.4801607e-06 1.0414355e-07 0.012716633 0.07007608 5.7505933e-09 0.00013898859 9.264676e-09 0.14340565 5.8026626e-06 5.6517444e-11 0.12373038 0.012962607 0.012951876 0.0041693277 0.041319225 9.641004e-08 0.011874018 0.03604446 7.466507e-08 0.83025473 0.38967413 0.017420027 6.2913635e-08 0.9830248 0.6395073 2.2507061e-13 2.987396e-08 0.42679968 0.092596345 0.0009481516 0.090962164 0.9423762 7.966172e-09 0.75938255 0.0015221887 0.01109648 5.796016e-09 0.0039765323 0.0057895016 6.2569137e-07 0.006391003 0.0685754 0.029167458 1.5638185e-05 8.8813795e-06 9.294557e-08 1.2394074e-05 3.5735786e-07 5.7159007e-11 5.222839e-09 1.9055514e-06 0.0010171793 4.6279924e-12 9.578727e-07 3.4179348e-07 4.137262e-08 0.0022392797 4.647088e-09 5.6599107e-11 2.4528367e-08 9.014648e-05 1.08940426e-10 9.808587e-08 2.7400773e-11 1.4951985e-09 1.1643331e-09 1.5664992e-07 6.035894e-07 6.503437e-09 1.4311506e-07 1.7326951e-09 2.4702503e-08 7.574498e-09 9.510214e-05 7.701051e-08 2.9203286e-06 1.4891467e-07 4.8813754e-06 0.00026213957 3.3156443e-08 3.8709985e-10 6.482767e-09 6.836079e-06 1.1574336e-09 1.8581306e-09 1.8683737e-08 0.0016379044 1.8396601e-06 1.17206596e-07 9.446982e-11 1.6316494e-06 1.2953201e-07 2.2654363e-09 2.5377081e-05 1.8911975e-05 1.1024273e-09 2.8167326e-06
0.9886278 0.01097606 0.07258655 0.009413923 0.056274038 0.013884485 0.0034270058 0.00028983902 0.0067980313 0.003136137 0.08502107 0.00010623696 0.46070653 0.018569615 1.7752473e-05 0.00086365675 0.00033813043 0.06717293 8.5875276e-05 0.18658656 0.008441568 4.768367e-06 0.9728519 5.697414e-07 0.00020400055 0.033373125 0.5916287 1.1431646e-06 7.72454e-09 2.987396e-08 1.5620375e-16 5.1043437e-05 0.0003731447 0.0015183907 3.213987e-05 1.678681e-09 0.73150563 1.2661596e-08 6.2738053e-07 0.00043607212 0.9018054 1.0028152e-08 1.3524236e-09 0.39867184 2.2105605e-06 2.9234493e-06 2.3441911e-05 0.069104545 3.1605564e-06 0.45312697 0.00782503 0.15205224 0.24373816 0.34495425 8.062412e-07 7.475242e-06 0.021303136 4.4546956e-05 0.14993773 0.026187602 9.698716e-06 0.39709464 0.06575512 0.07664529 0.22297615 0.0832381 0.16587104 0.04642658 0.022156715 0.11149706 4.5701535e-07 0.0066008433 0.022268305 0.039752953 0.027598353 0.010158116 0.07533608 2.9049805e-05 8.292279e-06 2.1126793e-08 0.006660476 1.9767544e-06 0.03319556 0.004332267 0.035527032 0.09640928 0.60033494 0.02917623 0.1835564 9.195454e-05 0.006147114 0.00028920203 0.01079255 0.003413689 0.0137836095 0.009937918 0.0010900821 0.005379819 0.008294968 0.18086474 0.08918513
