4.2277553e-19 0.0027875977 0.016073553 2.4968297e-06 0.0004925969 0.00011157262 0.08923704 3.4647755e-06 0.100426264 0.6008216 0.0357621 0.091818444 3.8080878e-05 2.662462e-05 3.439925e-06 0.15518375 0.0035411902 0.86677647 0.9780566 0.9192951 0.2130981 0.90023714 0.017763278 0.93627673 0.90107846 0.31853172 0.2928335 0.8579212 0.97829306 0.16615379 0.96005154 0.0452394 0.9945012 0.97144973 0.9132152 0.49931672 0.92364085 0.006095201 0.34662727 0.8382685 0.85121727 0.087020166 0.9886048 0.9580689 0.9770153 0.947355 0.7585909 0.98235345 0.9972069 0.106786765 0.9777728 0.77147245 0.77346015 0.7252376 0.93731505 0.8669097 0.33009627 0.94567704 0.9937002 0.98819107 0.9970547 0.1732507 0.78405523 0.89238375 0.9815234 0.8692002 0.17332566 0.73097473 0.9297319 0.942817 0.10351594 0.98210883 0.9871537 0.993771 0.99655133 0.9089261 0.03212741 0.8403348 0.95491105 0.9194983 0.97603756 0.9215534 0.99499506 0.885751 0.94188726 0.024339769 0.98696256 0.97128534 0.46272117 0.99564487 0.9971618 0.99875516 0.9881377 0.9935609 0.9990359 0.999472 0.30295667 0.99917734 0.99938834 0.99866736 0.9750032
0.0027875977 3.7323533e-16 0.99056447 0.6213482 0.23686978 0.18888058 0.033510394 0.02028452 0.83001685 0.822722 0.91313416 0.17947346 0.00043150625 0.00010371752 7.168431e-05 0.012658772 0.0012701768 0.0044193906 0.00024551185 0.031099541 0.00019223585 0.00033739005 1.3429284e-05 0.015941206 0.12298101 0.0012250748 0.010582356 2.4580177e-05 0.1561833 1.2168732e-05 0.00053484726 2.2783443e-06 0.2305901 0.0003959724 0.0030251022 0.00022514144 7.102262e-05 6.937711e-07 1.7155098e-05 7.914283e-06 4.809436e-05 1.009175e-06 4.1116342e-05 0.0001077035 0.0003420001 0.00051998784 1.6739851e-06 0.00053545996 0.015752887 2.137995e-06 0.0007810257 3.5741683e-05 6.903935e-06 2.610206e-05 7.737945e-07 0.00023531789 3.1273996e-07 1.2208565e-07 0.00038375155 1.9545216e-05 9.288448e-05 4.8141505e-08 2.0793284e-06 3.3259184e-06 0.0014048411 1.4907488e-06 8.4599546e-05 5.5882873e-07 1.7587765e-05 2.679495e-07 5.311681e-06 2.2079045e-07 1.7518427e-07 2.7847997e-05 1.7270852e-06 6.3808347e-06 6.7352613e-07 1.9046755e-08 4.478127e-05 7.4296995e-06 7.0206925e-06 4.909209e-06 2.2282963e-07 6.437572e-09 7.22567e-08 3.0163633e-07 5.6914297e-07 2.809346e-07 2.0673895e-06 0.00023107167 0.00041840717 7.555226e-06 2.7480528e-08 4.5872133e-07 1.0303857e-05 4.52849e-07 5.530014e-10 2.1010428e-07 5.472612e-05 1.5017953e-07 4.9084434e-09
0.016073553 0.99056447 1.1384201e-17 0.011444551 0.07522639 0.0319341 0.01902179 0.0006755241 0.94625187 0.84040034 0.8512453 0.21122962 0.000446829 6.286065e-05 2.7678412e-05 0.03793339 0.0009131377 0.0120184785 0.00083968265 0.1355438 0.0014716396 0.0007649572 7.2813804e-05 0.02482684 0.236939 0.0036391926 0.007964404 0.00036266466 0.2530455 2.1871696e-05 0.0040842956 1.4571892e-06 0.27489978 0.0017434304 0.008024806 0.00034434863 0.0012692505 2.0606761e-07 1.4556775e-05 1.0272314e-05 0.0007152707 5.8141535e-07 0.0005411774 0.0005697915 0.0018734905 0.0031601614 8.899957e-06 0.0033907467 0.014869614 3.1863625e-08 0.003257794 3.0187546e-05 0.00026268535 2.4299348e-05 1.4098648e-05 0.0004012891 6.392154e-07 6.070294e-05 0.002668745 1.9861565e-05 0.0008632253 2.36959e-07 1.7811126e-07 1.1845063e-05 0.011208689 4.9283784e-07 7.929457e-07 4.5056313e-06 0.00021893936 7.661458e-06 2.4997598e-06 7.2480175e-06 5.5692058e-06 0.00015691404 2.0676034e-05 2.0825324e-07 7.337774e-07 6.738165e-07 2.1547952e-05 4.2590837e-05 1.2581677e-05 6.7052224e-07 4.7277527e-07 6.7495705e-08 1.0596319e-09 9.291313e-08 1.6642292e-06 2.3130513e-06 1.4623863e-06 0.00043780956 0.00045765584 5.287525e-05 2.6307455e-07 7.8998613e-07 1.8252367e-05 5.49066e-06 7.453796e-09 1.3445052e-06 0.00021083181 2.4084966e-07 4.5494517e-08
2.4968297e-06 0.6213482 0.011444551 3.1589446e-15 0.019086398 0.1590601 0.00081190123 0.99666214 0.0011091244 0.037824214 0.01990194 3.306997e-05 0.0008073008 9.246308e-05 6.752021e-05 0.00029207327 0.0010094922 0.0006278301 0.0010012648 0.00043934648 1.6622448e-06 0.0002346221 1.4946593e-06 0.0004668586 0.0011018262 3.3438413e-05 0.0003160439 3.2425248e-06 0.00072822405 6.0873543e-07 8.122498e-06 1.5526285e-07 0.00420929 1.3398197e-05 5.621685e-05 4.2327943e-06 5.743447e-07 3.0906737e-08 1.0420918e-06 5.1615183e-07 7.703489e-08 1.4514909e-07 1.2895204e-06 5.8960615e-07 2.066065e-06 1.5069372e-05 2.4413256e-07 1.23855425e-05 8.186875e-06 3.332789e-08 7.816811e-07 1.3149928e-06 1.27448e-06 2.1238294e-07 1.4081903e-07 1.4784931e-06 2.0929104e-08 7.904183e-08 9.877676e-06 7.687725e-08 4.9674e-06 5.353062e-09 8.603782e-09 1.2269408e-06 4.4916298e-05 1.3038259e-07 2.7680917e-07 7.701697e-08 2.5743338e-06 7.147624e-07 2.3958523e-06 1.1843861e-06 1.7938466e-07 2.9926855e-06 7.218855e-07 1.1232267e-07 2.93508e-07 5.7728503e-08 9.027438e-06 2.010183e-06 1.1370632e-05 1.3564078e-06 1.404908e-07 4.3624322e-08 1.33622695e-08 7.1739664e-06 6.766324e-07 3.778984e-06 2.6533405e-06 4.782458e-06 0.0001605194 5.020615e-07 5.4779502e-08 4.154156e-06 1.4223974e-05 1.7525404e-06 1.0141372e-11 2.7653846e-07 4.3224142e-07 1.9359331e-07 1.1740539e-09
0.0004925969 0.23686978 0.07522639 0.019086398 6.542237e-18 0.9776206 0.97347504 0.034461055 0.008196238 0.32377052 0.00072167075 8.901374e-06 0.024308171 0.024344971 0.009750606 0.38372245 0.54954 0.066621885 0.23451929 0.042588133 0.007756376 0.04596921 0.0047715423 0.10777169 0.025627106 0.0006695893 1.1466404e-05 0.0038981785 0.007021095 4.051767e-05 0.00042391833 4.1476895e-05 0.02767474 0.017215157 5.215602e-07 4.2080552e-07 0.002150634 8.7757236e-08 1.4543009e-07 1.9798051e-06 2.1654022e-07 1.4884934e-07 0.00076898705 1.9200297e-06 0.0067245564 0.0003602601 2.983841e-07 0.018901495 3.962251e-05 3.322133e-08 1.4493084e-05 1.00029595e-07 5.558509e-08 6.444811e-08 2.4272447e-06 1.443503e-06 1.7442684e-08 6.500439e-06 0.010571975 3.7942138e-07 0.0033832206 7.6250395e-10 6.629964e-08 5.1973025e-06 0.00028064044 1.3823251e-07 2.1633154e-07 1.18485035e-08 3.8276062e-07 4.3609955e-07 2.8025207e-08 6.4689e-08 4.63993e-06 1.6913458e-05 8.0719066e-05 4.4733075e-09 3.866086e-09 8.996797e-08 6.0107976e-07 1.0370608e-07 2.3258953e-07 2.2109093e-07 5.3081862e-08 8.442054e-09 4.4954866e-09 2.3361635e-09 9.311183e-08 7.6881906e-07 4.3008818e-08 9.785897e-07 1.4367616e-05 8.412431e-07 3.142292e-08 3.081381e-07 2.9066607e-08 2.2076225e-07 5.81583e-12 5.579644e-07 1.9597232e-07 8.400668e-11 7.05178e-10
0.00011157262 0.18888058 0.0319341 0.1590601 0.9776206 8.035563e-16 0.90565854 0.3163262 0.0006278834 0.17177746 0.00034907035 7.2363584e-08 0.3176558 0.37564754 0.13668825 0.05588567 0.8769784 0.025167424 0.1890694 0.011169085 0.0059646387 0.058485124 0.021042416 0.0360306 0.009649606 0.0001855479 1.833563e-06 0.0058678156 0.0019382159 8.9410336e-05 8.7194174e-05 0.0001921052 0.0033753973 0.009230965 6.488671e-08 1.702196e-08 0.0021130778 1.184656e-08 3.5812395e-08 4.9412247e-06 2.683739e-08 2.4588357e-07 0.0005204009 4.735141e-08 0.0038412008 0.00011039251 5.162663e-08 0.0063544647 1.2058454e-05 2.9972696e-08 9.680567e-06 1.0590707e-08 5.2832143e-09 2.9766787e-09 4.437288e-06 2.367514e-07 3.2829512e-09 2.0553503e-06 0.0024572513 9.797386e-08 0.00049625227 5.9659146e-11 6.6648056e-08 8.074724e-07 3.7203554e-05 4.4505107e-08 3.4414026e-07 1.471631e-08 5.4357045e-08 2.2759022e-07 7.186261e-09 6.5237785e-08 2.092685e-06 2.9960152e-06 5.2328607e-05 2.3140472e-09 1.1433667e-09 5.731029e-08 1.05700686e-07 6.2518137e-09 2.8462141e-08 2.5525077e-08 3.3766188e-08 1.2520118e-09 2.4615336e-09 3.1295547e-10 7.269934e-08 8.044363e-07 1.3445051e-08 5.6542547e-08 1.2695869e-05 7.3860775e-07 7.0290627e-09 7.722997e-08 3.3369982e-09 4.623293e-07 1.0413614e-12 6.373895e-08 3.754755e-07 1.3216485e-10 6.9288275e-10
0.08923704 0.033510394 0.01902179 0.00081190123 0.97347504 0.90565854 4.0035534e-11 0.0024387396 0.0055076317 0.41221127 0.0001734566 2.3342931e-05 0.008142205 0.010863435 0.0032987539 0.84661925 0.92543226 0.5028504 0.9067012 0.1781038 0.32323024 0.7695541 0.24465366 0.63491064 0.100523844 0.003921159 5.738199e-06 0.13512377 0.021275107 0.0013747142 0.0027901696 0.001081922 0.080080025 0.47117952 1.7791437e-05 3.4781885e-07 0.07591044 1.76016e-06 1.3510636e-07 0.0010353933 1.7862918e-06 6.349845e-06 0.032259796 3.4673492e-05 0.24973959 0.0007771732 1.5331138e-05 0.45875034 6.0282433e-05 4.282066e-07 0.00019510083 1.892711e-07 7.193859e-07 8.441172e-08 0.00013762634 8.509353e-07 2.2355493e-06 0.0008609807 0.37929735 8.0890516e-07 0.30200112 3.4939274e-07 7.344825e-07 0.0013011256 0.00867403 2.3484676e-05 1.4020818e-06 1.7547738e-07 1.4805666e-05 0.00034158383 2.416809e-06 2.8846533e-05 0.00047434287 0.0012812003 0.0067257877 2.9140617e-07 2.0124972e-07 2.1260261e-07 7.6022596e-05 6.985656e-06 4.899509e-06 6.610695e-06 1.0780015e-05 1.7987323e-07 4.640737e-07 1.2561799e-07 1.5792266e-05 8.46818e-05 7.9084845e-07 8.998081e-05 0.00042128717 0.00011977588 8.938075e-07 4.72876e-06 2.9188666e-06 6.392173e-05 7.595534e-09 5.730344e-05 4.287636e-05 5.208367e-08 1.3252993e-07
3.4647755e-06 0.02028452 0.0006755241 0.99666214 0.034461055 0.3163262 0.0024387396 1.9417729e-14 0.00012177468 0.005043133 0.00075992086 6.592346e-07 0.21619074 0.009981995 0.03588805 0.0006495371 0.08225976 0.00042342802 0.002546539 0.00015206079 4.561606e-05 0.0016749976 8.6613036e-05 0.00036404034 0.00028322102 9.8726005e-06 3.2555246e-05 6.244818e-05 4.8419453e-05 1.2526353e-05 7.4338976e-07 5.579179e-06 0.00053631375 0.00016898375 5.815276e-08 1.4369547e-07 1.7418788e-05 9.978986e-08 2.3404327e-08 3.6856764e-07 1.5006215e-07 6.1556143e-06 1.0647283e-05 9.50452e-07 1.2761323e-05 6.3359316e-08 4.5304013e-08 4.9947164e-05 3.0779597e-07 1.7836674e-09 8.1991915e-09 5.5253704e-08 1.4287853e-08 5.678764e-09 3.706993e-07 3.7472944e-10 2.7050082e-09 1.5440583e-07 2.635087e-05 1.2433968e-09 4.8321243e-05 1.1736249e-11 1.1855929e-10 4.2059582e-08 2.8127974e-06 7.813851e-09 8.500171e-09 3.9270784e-10 8.483376e-09 4.459218e-09 2.3869077e-08 4.643909e-08 2.3649921e-08 1.2029794e-07 1.0298381e-06 8.337091e-11 1.9042768e-07 1.170063e-10 1.2178738e-07 4.8278492e-09 3.44136e-07 3.0579482e-08 2.2368172e-07 6.5430275e-09 1.4133586e-10 3.7675568e-07 1.9865949e-08 4.8811057e-06 2.3808138e-07 3.4160513e-07 1.9185738e-05 2.9720835e-07 3.741952e-10 1.6742095e-07 2.0100106e-06 1.9516017e-06 1.2100003e-11 7.694121e-08 5.8952715e-08 5.66321e-09 1.3039588e-09
0.100426264 0.83001685 0.94625187 0.0011091244 0.008196238 0.0006278834 0.0055076317 0.00012177468 3.9300276e-19 0.9790047 0.8449728 0.9055412 4.4861013e-06 4.8291554e-06 3.9177922e-07 0.16139217 0.0005481923 0.06374579 0.00019019184 0.6261738 0.0007542455 0.00013897664 7.482767e-06 0.07840823 0.74918634 0.059021823 0.17975189 6.823688e-05 0.72411305 2.8876793e-06 0.05863314 3.47664e-07 0.41702038 0.0018095842 0.04160553 0.0030396576 0.0007576826 9.308075e-08 4.0280844e-05 2.301632e-07 0.020179356 8.12283e-08 0.00036271173 0.0061053643 0.0023636015 0.08856944 2.722335e-07 0.006460165 0.030302515 3.5859006e-08 0.042444505 1.5143929e-05 3.973624e-06 2.2370265e-05 1.6970603e-07 0.0031275789 1.0156936e-07 0.00063590024 0.005393739 0.00018377314 0.0014400107 1.2103131e-09 7.24126e-08 7.04159e-05 0.056695472 5.22345e-06 9.833908e-07 1.2614111e-06 0.0036478548 9.464454e-06 1.282463e-05 1.3906016e-06 2.1609752e-05 0.0031268273 9.643363e-05 7.831816e-07 1.0681562e-06 7.2209065e-07 1.7390108e-05 0.0011671521 0.00021702971 1.3320031e-06 5.14634e-07 1.358339e-08 3.8929855e-08 1.1955385e-07 5.508377e-06 6.16844e-05 2.4624064e-06 0.0020974947 0.0017139991 8.951768e-05 3.3441603e-07 7.405898e-05 3.8294067e-05 9.870914e-06 1.4419384e-10 2.6068487e-06 0.0010191033 1.6085083e-06 1.5153136e-08
0.6008216 0.822722 0.84040034 0.037824214 0.32377052 0.17177746 0.41221127 0.005043133 0.9790047 1.3976766e-13 0.17863083 0.098398864 0.012154665 0.00075841125 0.0006703669 0.41009194 0.011064356 0.43312317 0.06478489 0.9076441 0.024127897 0.0048764464 0.0019950222 0.433504 0.8542985 0.037810355 0.006777472 0.00085763435 0.5970424 0.00016684039 0.07975638 6.0597842e-05 0.7437407 0.015472246 0.0023882345 0.00033616208 0.005494922 1.5065715e-06 1.8594514e-05 6.8972724e-05 0.0026743845 3.8437203e-05 0.0009964253 0.0025513642 0.027218224 0.03300735 3.0201714e-05 0.1082171 0.0017484832 2.053257e-07 0.012769084 1.7330143e-05 7.807099e-06 7.3607316e-06 0.0001064203 0.00019856953 5.2942332e-06 0.004936329 0.08823536 8.375907e-06 0.02147352 6.381227e-07 2.6684522e-06 0.0012372875 0.088544756 6.175315e-05 2.2729232e-06 6.4385567e-06 7.731528e-05 0.0004338134 0.0003063927 2.60514e-05 0.0006996444 0.01800544 0.0014095166 1.4087162e-06 1.6438875e-05 3.607617e-06 6.6309294e-05 0.0005973029 7.247987e-05 8.323376e-06 1.1519191e-05 2.3467354e-08 3.8098563e-07 6.22944e-06 1.841016e-05 0.0003714991 3.769487e-05 0.0009920708 0.002545636 0.00023710426 1.9457227e-07 5.3521082e-05 3.1055875e-05 1.7953254e-05 1.0889942e-06 1.067505e-05 0.00045496368 4.9425817e-06 1.038425e-06
0.0357621 0.91313416 0.8512453 0.01990194 0.00072167075 0.00034907035 0.0001734566 0.00075992086 0.8449728 0.17863083 3.5142558e-16 0.990427 4.8090875e-05 3.3537322e-05 1.2115638e-05 0.0010840015 0.00059951574 0.0021286283 0.00010998016 0.087296695 0.00010343283 0.00027962046 1.0409947e-05 0.0051565524 0.19692977 0.0017739432 0.87481964 5.7793204e-05 0.7504086 7.3871943e-06 0.00256555 2.740837e-06 0.03230862 0.00025907814 0.3733974 0.15411277 0.0001107636 1.2461505e-06 0.16608734 5.847473e-05 0.08738091 1.0719453e-06 0.00018459078 0.015933396 0.00040530172 0.05122478 5.591867e-06 0.0006228133 0.6697525 1.242431e-07 0.072748825 0.015109179 0.0018594313 0.008623643 3.3542742e-06 0.18489395 3.3343198e-07 1.1946553e-05 0.0005068004 0.027404755 0.00023469841 2.0873183e-07 4.644053e-07 2.5245981e-05 0.025805838 6.111926e-07 1.0523714e-06 0.009205291 0.019813636 2.8735798e-05 0.0043322966 3.6242887e-05 5.7870725e-06 0.000637547 1.2951682e-05 3.433966e-06 0.00015667331 0.002025417 0.0001328906 0.004977539 0.009456804 7.851533e-06 2.76673e-07 2.1433353e-08 5.9892473e-09 0.0001233765 2.2235688e-05 2.7316713e-05 4.0829727e-07 0.028538678 0.010823426 3.598132e-05 9.693006e-07 0.00037201607 0.002991496 6.196192e-05 1.1414077e-09 1.7722436e-06 0.022672089 5.3008745e-05 2.317708e-10
0.091818444 0.17947346 0.21122962 3.306997e-05 8.901374e-06 7.2363584e-08 2.3342931e-05 6.592346e-07 0.9055412 0.098398864 0.990427 5.8979465e-16 7.391239e-08 5.222112e-07 1.3371601e-08 0.0011399748 1.853972e-06 0.002582026 3.8540657e-06 0.09272395 1.6175743e-05 9.3634735e-06 9.817458e-08 0.00851643 0.58374494 0.004535882 0.398843 6.990077e-07 0.9170821 1.2220454e-06 0.0075621037 4.6786273e-08 0.20095503 0.00014326333 0.27165177 0.01119131 5.346634e-05 8.196909e-09 0.0040065567 1.3217185e-07 0.091820836 1.2835109e-06 5.4150337e-06 0.02031786 0.00038466186 0.16749409 2.30005e-07 0.0021441595 0.7455111 1.0235852e-08 0.15758973 0.004141034 0.0010062507 0.0040287683 1.4554234e-07 0.07429883 6.838739e-08 1.9937686e-05 0.0010448433 0.009242479 0.00040458303 9.259112e-09 9.684537e-08 4.7281537e-05 0.044351712 4.0562186e-06 1.07162066e-07 0.0014099622 0.029023878 1.30127455e-05 0.001483242 1.0404418e-05 1.4071032e-05 0.005335782 3.6960976e-06 4.4430197e-07 2.2874196e-05 0.00027388099 2.3279601e-06 0.0170821 0.009455551 4.5463486e-07 3.8295522e-07 1.2127862e-08 6.8011814e-09 5.102697e-06 4.65361e-06 0.00079580065 2.2300723e-08 0.01628195 0.015206644 0.0002516758 7.094686e-07 0.0012080674 0.0049466137 0.00048219122 3.4453085e-10 5.2068776e-06 0.015194273 0.000115112125 5.6855055e-07
3.8080878e-05 0.00043150625 0.000446829 0.0008073008 0.024308171 0.3176558 0.008142205 0.21619074 4.4861013e-06 0.012154665 4.8090875e-05 7.391239e-08 1.8473452e-13 0.93634474 0.8767176 0.000704382 0.5924401 0.0018361529 0.044576846 9.428928e-05 0.00056891947 0.032428358 0.0017034728 0.0014066985 0.00018221888 1.3551477e-05 2.9538085e-06 0.004171499 7.5067255e-06 0.0006314094 2.1403187e-06 0.0005086971 0.00013278164 0.0025600155 1.8190329e-07 4.343925e-08 0.00065591134 9.51073e-07 1.7318005e-08 2.3246668e-05 1.2432031e-08 6.3089654e-05 0.00031122036 1.1778085e-07 0.00034114436 2.0412875e-08 1.846708e-07 0.00026685922 1.9990699e-08 3.1400692e-08 2.0632775e-09 1.0525341e-08 1.2528432e-07 1.501695e-09 2.2200304e-05 1.7889544e-10 3.8635726e-09 2.0642518e-07 0.00012149397 2.1590643e-10 0.00040369833 3.6078352e-11 6.1725114e-09 4.366195e-08 1.5133454e-06 1.1333988e-08 1.6744034e-08 2.302108e-09 1.0889421e-08 1.8300254e-08 4.860161e-08 4.4673584e-08 8.167355e-08 1.2786069e-08 6.8639806e-06 6.0425114e-09 2.2080184e-07 1.5432727e-10 1.310962e-06 3.3191292e-09 1.2023293e-07 2.602911e-08 2.2003387e-06 1.8898016e-09 3.7338388e-10 3.5141613e-07 5.489487e-08 7.446123e-07 2.5165754e-08 1.007976e-07 7.013405e-06 1.6965538e-07 3.741868e-09 5.3160466e-07 5.9783827e-07 8.6285485e-07 7.306215e-12 1.8783867e-07 1.620345e-08 2.9071098e-08 2.0420732e-09
2.662462e-05 0.00010371752 6.286065e-05 9.246308e-05 0.024344971 0.37564754 0.010863435 0.009981995 4.8291554e-06 0.00075841125 3.3537322e-05 5.222112e-07 0.93634474 1.36221634e-14 0.854134 0.0009289309 0.8742712 0.00095974404 0.01386547 3.1620173e-05 0.00054556166 0.021760784 0.0077752536 0.0009324189 1.6912343e-05 6.6657467e-06 1.5062109e-06 0.0034825276 5.4908332e-06 0.0007766772 1.9603185e-06 0.0004983676 1.1217386e-05 0.0013563996 1.4269422e-07 3.7418542e-07 0.00057611533 1.4640692e-06 5.6602214e-08 0.0002980683 1.1225406e-08 6.187971e-05 0.00037125935 1.5523324e-07 0.00020727159 2.702085e-07 1.4096462e-06 3.4333356e-05 1.6580838e-08 1.3324444e-07 2.4977151e-08 4.603948e-08 2.3487317e-07 7.3783046e-09 1.8015959e-05 5.097582e-09 5.8893598e-08 2.5965246e-06 4.704419e-05 1.9945776e-10 0.00018784935 2.65678e-09 7.985694e-08 1.1468199e-05 2.7426754e-06 8.8658885e-07 1.531832e-07 4.0930934e-09 3.768184e-08 6.81832e-07 9.649794e-09 1.540545e-06 8.94337e-07 1.547944e-08 1.0759709e-05 3.4420069e-07 6.190179e-07 2.2344269e-09 2.1825252e-05 1.7366862e-08 3.5425847e-07 7.140641e-07 1.0469449e-06 7.702138e-08 6.8148545e-09 4.3577944e-07 7.9835286e-07 6.021951e-07 2.2001569e-07 3.299142e-08 7.669806e-06 1.3126447e-06 1.04574696e-07 1.2182758e-07 5.884742e-07 9.13991e-07 1.2703068e-10 1.3334812e-06 2.6047836e-08 3.417762e-09 1.2876402e-08
3.439925e-06 7.168431e-05 2.7678412e-05 6.752021e-05 0.009750606 0.13668825 0.0032987539 0.03588805 3.9177922e-07 0.0006703669 1.2115638e-05 1.3371601e-08 0.8767176 0.854134 6.867449e-14 0.00020414496 0.47446978 0.00030710356 0.0062468564 5.060052e-06 0.00016815244 0.008228471 0.00091850647 0.00018387393 3.4477546e-06 2.134033e-06 1.868226e-06 0.0007375977 5.8103006e-07 0.00024385999 1.8688397e-07 9.164183e-05 1.4637782e-05 0.00029000215 5.6663243e-08 1.900931e-07 0.00014459777 1.7858412e-07 4.773608e-08 8.71111e-06 2.434129e-08 1.7944712e-05 6.0261977e-05 1.9196388e-07 2.7079253e-05 1.2476946e-07 1.2995876e-07 1.6003125e-05 2.530156e-09 8.495811e-09 6.927958e-09 1.38527785e-08 4.5890094e-08 3.0387133e-09 1.3706447e-05 1.4275389e-10 5.131099e-09 2.6843523e-07 1.2393246e-05 4.467352e-11 5.8448248e-05 1.05169005e-10 5.033064e-09 4.0041496e-07 3.6798707e-07 4.3515872e-08 3.377701e-08 2.900212e-10 3.8576085e-09 4.4885315e-08 3.0302572e-09 1.0520007e-07 5.4052258e-08 1.6586745e-09 3.772384e-06 4.5796864e-09 1.0537639e-07 5.7834217e-11 8.3667135e-07 1.0305999e-09 2.7697487e-08 3.411479e-08 4.968719e-07 3.449953e-09 8.578587e-11 1.6827639e-07 2.3955597e-08 7.6625713e-07 3.8909366e-08 1.6970805e-08 1.56545e-06 1.6480843e-06 2.2101017e-09 5.2206705e-08 2.7336102e-07 5.7316777e-07 3.1684735e-11 8.385905e-08 8.500788e-09 1.1267918e-09 2.2451498e-09
0.15518375 0.012658772 0.03793339 0.00029207327 0.38372245 0.05588567 0.84661925 0.0006495371 0.16139217 0.41009194 0.0010840015 0.0011399748 0.000704382 0.0009289309 0.00020414496 5.743015e-18 0.19335309 0.98161495 0.9515377 0.5074409 0.845986 0.25334173 0.070216365 0.56149364 0.053218666 0.416061 0.00059394306 0.08841127 0.013573216 0.0011491536 0.111082226 0.00010044558 0.009644412 0.42854196 0.00024366866 2.2231407e-05 0.07954124 2.6367512e-05 1.1049798e-07 0.00309252 0.00037682365 5.975037e-05 0.0069647264 0.00085869624 0.08066809 0.02271537 0.0014301897 0.37316158 0.00015674789 2.0346612e-07 0.0031274206 1.5293716e-06 2.9719772e-06 2.4418227e-06 6.950029e-05 1.7015138e-05 0.00021991387 0.029981935 0.29153463 6.8127856e-06 0.15736839 1.4861366e-06 4.9451605e-06 0.0027971324 0.012364672 0.00089475 4.0270293e-06 1.60187e-07 0.00022752176 0.0010465796 7.02179e-08 0.00035873958 0.001012992 0.0031661405 0.004325287 4.2754987e-06 8.124457e-08 2.3963676e-07 6.366287e-05 0.00025008453 1.3603609e-05 1.45622325e-05 1.956323e-05 3.6499665e-07 2.953744e-06 5.723448e-08 3.8702623e-05 2.7132402e-05 1.0585938e-05 0.00045093131 0.0004411832 0.0003421944 2.349452e-06 1.6753826e-06 2.1772187e-06 3.0879266e-05 1.1647046e-08 4.7129174e-06 0.00031795603 1.5674122e-07 2.6011444e-06
0.0035411902 0.0012701768 0.0009131377 0.0010094922 0.54954 0.8769784 0.92543226 0.08225976 0.0005481923 0.011064356 0.00059951574 1.853972e-06 0.5924401 0.8742712 0.47446978 0.19335309 5.2530967e-14 0.013921995 0.5321132 0.008014974 0.4485562 0.7511145 0.97719866 0.036972426 0.0003378895 0.0006340067 1.7188999e-05 0.55820435 0.00012836396 0.4995531 0.00064946676 0.7473275 1.6645648e-05 0.14295451 6.083684e-06 1.7236874e-06 0.093706764 0.033786926 9.494431e-08 0.0655876 4.7117913e-07 0.012660698 0.024476431 1.6151189e-07 0.07154487 0.00012506366 0.0020441907 0.018032206 4.8327994e-08 0.00019261884 2.6737737e-06 4.0216546e-05 3.5371513e-06 2.8139993e-06 0.0034144039 5.9590013e-07 0.00014148599 0.0023141326 0.010755371 2.179742e-09 0.01794699 3.849896e-06 8.525441e-06 0.006751847 3.2107335e-05 0.002301505 0.00013105759 8.5212946e-08 3.0372766e-07 0.0003023885 2.2501145e-07 3.262807e-05 8.936686e-05 7.87683e-06 0.0051210513 4.7945964e-06 1.6135884e-07 4.1272816e-09 0.00084863184 5.2468046e-08 4.7256833e-07 4.0333696e-05 4.198543e-05 2.2870027e-07 2.070037e-06 2.6109861e-08 8.842141e-06 2.586984e-06 5.04058e-06 1.1244866e-06 1.5577276e-05 0.00011427526 6.1956894e-07 9.848212e-09 2.6841244e-07 8.550324e-06 1.093423e-08 8.583777e-05 8.8852556e-07 1.9312353e-10 8.071433e-08
0.86677647 0.0044193906 0.0120184785 0.0006278301 0.066621885 0.025167424 0.5028504 0.00042342802 0.06374579 0.43312317 0.0021286283 0.002582026 0.0018361529 0.00095974404 0.00030710356 0.98161495 0.013921995 1.5119074e-15 0.71555656 0.9415584 0.12862885 0.08012608 0.0022435803 0.90779287 0.34459555 0.6659946 0.00081805146 0.009734707 0.055889193 0.00049797626 0.15306824 1.6694616e-05 0.09900162 0.4820154 0.0013824953 6.1191175e-05 0.07395339 9.888224e-06 1.4136317e-07 0.00087234436 0.0020712952 4.241035e-05 0.01285685 0.0034930564 0.28256044 0.041658796 0.0005802829 0.68455994 0.00032795456 1.5308038e-07 0.009749657 8.1290955e-07 1.0565513e-05 1.0346716e-06 3.948784e-05 1.7044598e-05 0.000105336454 0.046795573 0.6420506 9.808788e-07 0.42279926 7.0903707e-07 1.6100154e-06 0.0011317034 0.11490731 0.00029845256 1.1786012e-06 9.648404e-07 0.0013765994 0.0016774755 1.09388e-06 0.00066223566 0.004344535 0.043877367 0.019491691 4.4747353e-06 2.4590108e-06 7.036146e-07 0.0005536665 0.00046538722 9.589673e-06 3.2032833e-05 3.2080618e-05 4.0063e-07 5.286864e-07 7.306784e-07 3.4915192e-05 0.0016714656 1.8687107e-06 0.0015558667 0.003912336 0.0006400585 1.3117738e-06 4.3720684e-07 9.677918e-06 0.00021714358 9.933467e-08 7.68593e-06 0.00090060866 8.593552e-08 1.0606688e-06
0.9780566 0.00024551185 0.00083968265 0.0010012648 0.23451929 0.1890694 0.9067012 0.002546539 0.00019019184 0.06478489 0.00010998016 3.8540657e-06 0.044576846 0.01386547 0.0062468564 0.9515377 0.5321132 0.71555656 4.9689972e-15 0.096407674 0.8709434 0.9058255 0.37007284 0.5500645 0.0061776475 0.044202253 1.2510617e-05 0.45912167 0.0007184795 0.13449112 0.017198429 0.09126744 0.0008583347 0.87179166 1.3346581e-06 1.2717317e-07 0.5599294 0.0016860095 7.237698e-08 0.009537471 3.7626537e-06 0.0016560953 0.28125778 3.29336e-05 0.7477701 0.0011358559 0.003016342 0.7597987 9.449501e-06 5.3093943e-05 0.00015123586 7.117161e-08 5.849843e-07 4.1670233e-08 0.0013765338 1.8869078e-07 0.00033632672 0.034185126 0.6857905 6.3729836e-08 0.7121587 4.889548e-06 1.3080005e-05 0.013759234 0.008188691 0.00032793643 4.9403363e-05 2.8116279e-08 5.8842653e-07 0.009661568 4.1353883e-06 0.00014373902 0.014010862 0.0039039413 0.1792479 4.668096e-06 4.4587208e-07 3.8446235e-08 0.00034191122 4.211116e-06 7.9249695e-08 0.00010376094 0.00010411898 1.6171441e-07 6.025275e-06 2.6297545e-07 0.00019652714 0.00065578247 4.0553816e-05 2.896457e-05 0.0003375716 0.00046322792 2.992968e-06 6.2138497e-07 5.562441e-07 6.4028345e-06 4.1750528e-07 0.00013550167 1.3654105e-05 1.2652598e-07 1.1178189e-06
0.9192951 0.031099541 0.1355438 0.00043934648 0.042588133 0.011169085 0.1781038 0.00015206079 0.6261738 0.9076441 0.087296695 0.09272395 9.428928e-05 3.1620173e-05 5.060052e-06 0.5074409 0.008014974 0.9415584 0.096407674 2.1277994e-16 0.048050366 0.0028657594 0.0011345183 0.9318877 0.9044598 0.86910766 0.029484075 0.00095088995 0.545354 8.798396e-05 0.77852285 5.5557316e-06 0.69232166 0.041653417 0.016392617 0.001183616 0.010476447 1.1675428e-06 7.088157e-06 0.00012433385 0.029734263 1.7981775e-06 0.0024487644 0.02736879 0.08927394 0.28723887 7.705845e-05 0.36707425 0.00371869 2.1246812e-08 0.13141407 1.7789441e-06 1.8518595e-05 3.5239057e-06 3.7769446e-06 0.0010724607 3.2765506e-06 0.08412302 0.3680783 6.684944e-05 0.108017124 2.0630976e-08 2.1044539e-07 0.0009996743 0.35589418 0.00021651186 5.462277e-07 5.6079793e-06 0.0066935783 0.0014096369 7.2003277e-06 0.0003325706 0.0036705711 0.14115855 0.012980706 5.7538657e-08 2.5295835e-06 1.8083007e-05 6.9651374e-05 0.00397382 0.00066334306 5.1534794e-06 3.6158926e-05 2.0373356e-08 2.4059496e-08 5.184503e-07 3.4794466e-05 0.003999927 7.6564356e-07 0.008935451 0.023450388 0.0017360365 1.581749e-06 3.062129e-05 9.134595e-05 0.002322976 5.395705e-09 1.780662e-06 0.014383254 8.95672e-07 1.0445528e-07
0.2130981 0.00019223585 0.0014716396 1.6622448e-06 0.007756376 0.0059646387 0.32323024 4.561606e-05 0.0007542455 0.024127897 0.00010343283 1.6175743e-05 0.00056891947 0.00054556166 0.00016815244 0.845986 0.4485562 0.12862885 0.8709434 0.048050366 2.7899158e-17 0.9757703 0.71114236 0.083716735 0.0024084682 0.045797694 1.9353895e-06 0.93721616 0.0007563809 0.18540163 0.027078757 0.12418661 0.0005070305 0.77852833 1.0499996e-06 8.58295e-07 0.7805023 0.025528686 6.3142863e-07 0.24564783 9.961596e-06 0.012310207 0.17040895 2.9367828e-05 0.3335162 0.0061608795 0.018801888 0.13209309 4.0491403e-05 0.00017705071 0.00018412733 8.1786914e-07 2.7475173e-07 2.7426924e-07 0.0043337285 6.350633e-06 0.0031974325 0.12650447 0.10333997 9.3005735e-07 0.18913396 2.252315e-05 6.716711e-05 0.046754844 0.007130488 0.0051463167 0.00010895074 2.74731e-07 2.3771045e-05 0.009442898 5.803212e-07 0.0017758281 0.0068640686 0.0030585334 0.08366184 3.330376e-05 2.4054302e-07 1.1041182e-07 0.00047366903 0.00016126387 7.320772e-06 0.00026400387 0.00039411735 1.58158e-06 5.2246876e-05 5.3829e-08 0.00021086559 0.00018125869 5.85077e-05 0.00013587318 0.0004421726 0.0011988617 1.0463815e-05 2.23123e-06 1.8708307e-06 8.480068e-05 3.8203183e-08 1.8735172e-05 0.00054124766 1.8604048e-08 1.2807097e-06
0.90023714 0.00033739005 0.0007649572 0.0002346221 0.04596921 0.058485124 0.7695541 0.0016749976 0.00013897664 0.0048764464 0.00027962046 9.3634735e-06 0.032428358 0.021760784 0.008228471 0.25334173 0.7511145 0.08012608 0.9058255 0.0028657594 0.9757703 4.4322188e-13 0.7971016 0.061237186 0.000959334 0.007257812 4.194641e-05 0.94642806 0.00023455967 0.66613394 0.0015007905 0.55906653 0.00024745325 0.6386182 3.224965e-06 3.9366896e-06 0.63620746 0.057211217 3.3164494e-07 0.18364383 1.4321927e-05 0.028857809 0.48097527 3.0297402e-05 0.6244702 0.002762213 0.012749555 0.24712837 4.7132903e-06 0.007169505 0.0002467164 1.275494e-06 1.8977152e-06 3.924827e-07 0.013196463 1.6860255e-06 0.0028096298 0.02838607 0.17031404 1.9315532e-07 0.36554202 8.3353756e-05 0.00018041949 0.03983764 0.0027590522 0.0035075038 0.0009831847 8.611371e-08 2.7968842e-06 0.012995191 2.0424104e-05 0.00046786547 0.010545367 0.0021931196 0.35056457 7.251672e-05 7.2850576e-06 4.1559982e-08 0.0024058193 3.1595137e-06 3.1882215e-07 0.00039678795 0.001480799 1.0230915e-06 2.9300882e-05 5.0999042e-06 0.00079880527 0.00033244913 8.1872065e-05 4.1904383e-05 0.00043338604 0.0012950357 2.464583e-05 1.198089e-06 6.1311215e-07 1.588998e-05 2.908652e-06 0.0014703315 0.00014750048 1.1483301e-07 4.24838e-06
0.017763278 1.3429284e-05 7.2813804e-05 1.4946593e-06 0.0047715423 0.021042416 0.24465366 8.6613036e-05 7.482767e-06 0.0019950222 1.0409947e-05 9.817458e-08 0.0017034728 0.0077752536 0.00091850647 0.070216365 0.97719866 0.0022435803 0.37007284 0.0011345183 0.71114236 0.7971016 9.953085e-14 0.016049093 1.495487e-05 0.0008302055 1.2636897e-07 0.86698323 1.4328168e-05 0.9111013 0.00037673343 0.94598716 2.405695e-06 0.14645532 9.357014e-07 1.3372189e-08 0.15871105 0.6613199 8.094894e-09 0.17555128 1.4373791e-08 0.03795081 0.08708209 3.4172945e-08 0.12828968 7.7515315e-06 0.0021679946 0.042039253 1.0092437e-07 0.00040153315 1.1512035e-06 3.1984328e-07 3.4237095e-07 1.2413011e-07 0.0030126937 9.3904646e-07 0.0003819548 0.0010652653 0.024473034 4.148219e-09 0.062021237 7.91842e-06 2.9385646e-05 0.004113082 9.351653e-05 0.0020551186 2.7529046e-05 4.2688608e-08 3.2898736e-06 0.00050850556 8.251801e-08 0.0003110349 0.0002049207 3.0415085e-05 0.03653194 1.9157424e-06 1.927392e-08 1.8552313e-08 0.0006712987 4.2125964e-07 2.0573625e-06 3.032073e-05 0.00023442214 6.229169e-07 5.360565e-06 3.223447e-09 2.8661516e-05 6.6783896e-06 4.827914e-07 2.0885273e-05 8.171302e-05 0.0009904858 4.363939e-06 2.379933e-07 8.555621e-07 1.265045e-05 5.831887e-10 2.4101191e-05 1.6683267e-05 7.3828095e-09 4.039694e-07
0.93627673 0.015941206 0.02482684 0.0004668586 0.10777169 0.0360306 0.63491064 0.00036404034 0.07840823 0.433504 0.0051565524 0.00851643 0.0014066985 0.0009324189 0.00018387393 0.56149364 0.036972426 0.90779287 0.5500645 0.9318877 0.083716735 0.061237186 0.016049093 6.599387e-14 0.25177935 0.9681495 0.0024762785 0.0087776715 0.09881834 0.00045329952 0.7379765 0.00010669784 0.10773277 0.28316563 0.0012208882 0.00013809872 0.040703144 2.5367743e-05 8.656423e-07 0.0012073562 0.0047352794 0.0001304838 0.009907911 0.005560577 0.32041687 0.099028066 0.00042963645 0.7257635 0.00043675848 8.1760015e-07 0.02550573 7.8023834e-07 2.198198e-05 2.3130148e-07 6.0906474e-05 1.1197027e-05 0.00017862952 0.18546869 0.7142461 3.7018087e-06 0.33839187 1.7613538e-06 1.299628e-06 0.0018215355 0.22200596 0.00015339906 4.9046557e-06 4.4291332e-06 0.0023003016 0.004661808 4.778879e-06 0.0015478866 0.013336867 0.16510327 0.029361194 1.3966662e-06 1.3346682e-06 3.5650396e-06 0.00011060432 0.0032143125 5.507177e-05 2.1888096e-05 0.00010528493 7.282602e-07 9.93588e-07 1.0015374e-06 6.963045e-05 0.011999021 4.2477723e-06 0.0037599548 0.018154033 0.002761719 4.560812e-06 8.045549e-06 1.2272619e-05 0.0031670544 1.5977513e-08 7.18571e-06 0.010416079 3.6190887e-08 4.0799523e-07
0.90107846 0.12298101 0.236939 0.0011018262 0.025627106 0.009649606 0.100523844 0.00028322102 0.74918634 0.8542985 0.19692977 0.58374494 0.00018221888 1.6912343e-05 3.4477546e-06 0.053218666 0.0003378895 0.34459555 0.0061776475 0.9044598 0.0024084682 0.000959334 1.495487e-05 0.25177935 1.0635975e-15 0.13340627 0.062166777 0.00023353563 0.92674166 1.02905815e-05 0.33325332 6.776311e-08 0.97878814 0.002225882 0.035157282 0.0019026397 0.0002388944 3.6280957e-07 0.00017968763 1.7044275e-05 0.05066515 9.691757e-07 0.00016567374 0.04497934 0.0067598685 0.18043563 2.1749203e-05 0.04442289 0.036671136 6.1159082e-09 0.11062532 8.632446e-06 0.00015232786 8.340675e-06 1.5508001e-06 0.0003102315 6.006242e-07 0.0038867653 0.07230588 0.00013024508 0.021460572 3.385016e-07 6.1470665e-08 8.178903e-05 0.21877763 1.1177017e-06 1.1404204e-06 1.3617797e-05 0.0027847944 0.0002316745 0.00017261534 2.4151326e-05 0.0007341264 0.049794115 0.0033926747 6.601333e-08 3.0865107e-05 0.00017916915 3.1340262e-06 0.0045833685 0.0016626184 2.4653527e-06 4.1113835e-05 1.5937542e-07 3.721954e-08 2.5257095e-06 1.2825987e-05 0.0016665569 2.7486085e-06 0.00997699 0.0127812745 0.0005058058 2.1076626e-06 0.00016475595 0.00029577749 0.00041364928 1.832272e-07 2.7690967e-06 0.00897626 5.000495e-06 8.510136e-08
0.31853172 0.0012250748 0.0036391926 3.3438413e-05 0.0006695893 0.0001855479 0.003921159 9.8726005e-06 0.059021823 0.037810355 0.0017739432 0.004535882 1.3551477e-05 6.6657467e-06 2.134033e-06 0.416061 0.0006340067 0.6659946 0.044202253 0.86910766 0.045797694 0.007257812 0.0008302055 0.9681495 0.13340627 1.1545048e-18 0.0024260473 0.0010925164 0.02823726 9.296557e-05 0.96426 1.8796143e-05 0.051965065 0.5199415 0.0012253114 6.992524e-05 0.07743196 9.708663e-06 1.2036376e-06 0.0006097163 0.015308959 5.396082e-05 0.023134122 0.013578899 0.33727178 0.34652117 0.0005518923 0.59597766 0.00091728533 1.5614704e-06 0.08232146 4.9043283e-06 2.384785e-06 5.925297e-06 0.00048476472 2.0180112e-05 8.098633e-05 0.64274985 0.37771535 4.355746e-05 0.10512535 1.1771875e-07 1.8034612e-05 0.019206047 0.08472937 0.0032376384 4.304941e-06 2.9011568e-07 0.0033677737 0.0071101403 1.1901674e-06 0.0017206959 0.009476825 0.065771535 0.008540521 3.8004033e-05 1.15827284e-07 1.0506872e-07 0.00011265367 0.002442615 4.5525183e-05 6.289388e-05 0.00016720977 1.7516165e-06 4.842571e-06 2.2498064e-08 8.294457e-05 0.0053762877 1.0062539e-05 0.0006963968 0.0057040094 0.0013240116 8.819907e-06 1.2903957e-05 1.3047998e-05 0.002241386 2.425878e-09 4.946486e-06 0.0028873286 5.658678e-08 1.1143757e-06
0.2928335 0.010582356 0.007964404 0.0003160439 1.1466404e-05 1.833563e-06 5.738199e-06 3.2555246e-05 0.17975189 0.006777472 0.87481964 0.398843 2.9538085e-06 1.5062109e-06 1.868226e-06 0.00059394306 1.7188999e-05 0.00081805146 1.2510617e-05 0.029484075 1.9353895e-06 4.194641e-05 1.2636897e-07 0.0024762785 0.062166777 0.0024260473 1.0677876e-17 8.5649856e-07 0.55700225 6.111594e-07 0.012572604 1.310989e-07 0.0058871596 0.00015305712 0.9708903 0.9749753 2.6133592e-05 2.983023e-08 0.78693324 2.6192902e-07 0.39226967 3.8554126e-07 9.082818e-06 0.065374486 0.0011724948 0.21925233 1.5245523e-07 0.004039916 0.759375 3.5160785e-09 0.23083045 0.06303196 0.031141931 0.040928766 2.0375437e-06 0.6807666 1.7594282e-08 9.315514e-05 0.0030529194 0.3541512 0.0012353745 1.5476893e-09 4.289453e-08 0.00010388372 0.0869797 2.5468473e-06 3.8162543e-08 0.019031452 0.25500706 6.5948305e-05 0.004348684 1.3623435e-05 5.4593766e-05 0.024590444 0.00020072963 5.0790305e-07 0.00043104027 0.0076448433 8.877138e-06 0.031490717 0.084251516 1.0222975e-06 5.5834207e-06 2.4769158e-09 2.0710303e-08 5.601296e-05 1.6604268e-05 0.0021849286 3.2220658e-08 0.13768938 0.0149367545 0.0006984517 3.8565562e-07 0.0013547764 0.021538757 0.0011224076 5.968578e-11 1.7385515e-05 0.037135024 0.0001987897 1.0715138e-08
0.8579212 2.4580177e-05 0.00036266466 3.2425248e-06 0.0038981785 0.0058678156 0.13512377 6.244818e-05 6.823688e-05 0.00085763435 5.7793204e-05 6.990077e-07 0.004171499 0.0034825276 0.0007375977 0.08841127 0.55820435 0.009734707 0.45912167 0.00095088995 0.93721616 0.94642806 0.86698323 0.0087776715 0.00023353563 0.0010925164 8.5649856e-07 4.847747e-15 9.724551e-05 0.8901702 0.0005222847 0.749605 7.688301e-05 0.39562097 5.9317796e-07 1.2716335e-07 0.7756988 0.41423726 1.3545049e-08 0.89247453 4.956731e-07 0.29194245 0.51936823 3.2418882e-06 0.29389307 0.00021918607 0.1831091 0.0630403 3.810345e-06 0.04840771 2.0582134e-05 6.3909496e-08 1.08415335e-07 8.819772e-08 0.22022925 4.8764107e-08 0.03941791 0.02475765 0.055381 2.0245603e-08 0.13188288 0.0002681846 0.0016419363 0.08977246 0.0017651755 0.054487795 0.001883451 2.9411351e-09 1.3367503e-05 0.016928587 4.6246576e-08 0.007290789 0.008789792 0.00062030915 0.37860864 0.00024780346 1.2077523e-07 1.3785356e-08 0.01923773 7.258469e-06 1.5894002e-06 0.004023723 0.010696718 3.6722915e-05 0.0005313974 1.027494e-07 0.0013006772 0.0002857368 3.2566644e-05 3.1112315e-05 0.000508101 0.0023680564 0.00014071158 1.6363282e-07 6.5730546e-07 7.635603e-05 1.6445201e-06 0.001475137 0.00018928258 1.0131502e-09 1.0063077e-05
0.97829306 0.1561833 0.2530455 0.00072822405 0.007021095 0.0019382159 0.021275107 4.8419453e-05 0.72411305 0.5970424 0.7504086 0.9170821 7.5067255e-06 5.4908332e-06 5.8103006e-07 0.013573216 0.00012836396 0.055889193 0.0007184795 0.545354 0.0007563809 0.00023455967 1.4328168e-05 0.09881834 0.92674166 0.02823726 0.55700225 9.724551e-05 1.7512935e-14 1.2898506e-05 0.14121403 2.024044e-07 0.8636417 0.00023348395 0.44866106 0.031800855 7.15974e-05 5.3730378e-06 0.0016492778 6.911933e-06 0.34356835 5.8934137e-07 0.00012296256 0.23455001 0.0006945622 0.4757919 2.2479524e-05 0.015476166 0.62285995 1.4894894e-08 0.36954203 0.0001361661 0.0009776774 0.00015201975 4.891761e-07 0.0034640841 4.9850537e-06 0.0009742068 0.017991375 0.0014350193 0.0064750114 6.0502384e-07 9.1002796e-08 4.0738443e-05 0.30717218 5.9361764e-07 2.6454195e-06 7.580078e-05 0.010363368 0.00018696129 0.00068582286 2.0314505e-05 0.00068474363 0.07435877 0.0036535892 5.017252e-08 5.0217786e-05 0.0011875135 1.3310125e-06 0.02061132 0.0061409734 8.267188e-07 1.3199615e-05 9.978968e-08 1.718471e-08 4.144552e-06 1.2410029e-05 0.0033415717 4.8476377e-05 0.06763498 0.056312986 0.00040213956 1.1536576e-06 0.00057753065 0.0016635684 0.00171986 4.0995275e-07 1.4008e-06 0.039863672 1.1634208e-05 4.4637982e-08
0.16615379 1.2168732e-05 2.1871696e-05 6.0873543e-07 4.051767e-05 8.9410336e-05 0.0013747142 1.2526353e-05 2.8876793e-06 0.00016684039 7.3871943e-06 1.2220454e-06 0.0006314094 0.0007766772 0.00024385999 0.0011491536 0.4995531 0.00049797626 0.13449112 8.798396e-05 0.18540163 0.66613394 0.9111013 0.00045329952 1.02905815e-05 9.296557e-05 6.111594e-07 0.8901702 1.2898506e-05 1.2597673e-14 3.204787e-05 0.991275 1.1808581e-06 0.077305794 1.1579752e-06 8.068216e-08 0.21360035 0.7918175 3.1514094e-08 0.6177551 5.6141282e-08 0.26091906 0.22982661 1.214592e-06 0.058193646 1.4183081e-05 0.037220787 0.0024702107 3.2653983e-08 0.048664246 4.4413628e-07 3.3672305e-07 1.3539078e-05 3.4910826e-07 0.26574555 3.9111157e-08 0.0027156854 0.0004591994 0.0011661758 9.135504e-10 0.009405901 8.172431e-05 0.004273098 0.046684116 9.343446e-06 0.03689053 0.0021663178 1.15256125e-08 1.2316466e-06 0.005174037 1.1488558e-07 0.002246113 0.0010149033 1.0175158e-06 0.07739965 0.00076740613 3.4296406e-07 2.2962068e-08 0.02647252 1.6645879e-06 2.4460671e-06 0.0013338902 0.067378655 3.6786093e-06 0.00021037967 3.3373947e-06 0.00026529003 3.7633608e-06 6.1265946e-06 1.1566608e-06 7.934234e-06 0.0008168719 2.132512e-05 1.2744021e-08 6.005291e-07 1.923303e-06 6.1945464e-08 0.00018726624 2.260116e-06 9.428446e-10 2.9866696e-06
