5.1544596e-22 1.2147843e-06 0.008553534 4.175907e-06 3.9974685e-07 0.00014253585 0.010291559 0.15490091 0.0021187891 0.0006720248 0.052108448 0.57218504 0.18686251 0.05139874 0.0018001252 0.0030226526 0.017442977 0.117655665 0.8954848 0.9750709 0.6931599 0.004676915 0.97341394 0.017868808 0.98157066 0.0554934 0.8285604 0.7411221 0.004739481 0.26988584 0.94417894 0.60964894 0.25486955 0.045991257 0.96568346 0.80615306 0.9763092 0.94468516 0.813713 0.98702633 0.03377139 0.9377173 0.83559024 0.99122185 0.99559784 0.124066874 0.9291078 0.97739565 0.058842074 0.0645854 0.51755255 0.97713286 0.99408895 0.48898256 0.99251574 0.82488084 0.95517087 0.017796155 0.66334414 0.9315727 0.96778 0.9911744 0.05366133 0.8388765 0.79930705 0.97806823 0.98372227 0.1863212 0.123994686 0.9731283 0.99103594 0.40817025 0.9191682 0.91003746 0.17658138 0.8587839 0.990033 0.92887706 0.9530657 0.083140716 0.94523025 0.47047234 0.95275337 0.99644405 0.99896777 0.99921143 0.9999873 0.9999578 0.9958802 0.9999977 0.9979074 0.99338704 0.97978634 0.023803016 0.9105365 0.96684456 0.99493635 0.9431102 0.10343632 0.99889606 0.9947163
1.2147843e-06 6.4038396e-18 0.1622066 0.04704017 0.60292023 0.022810766 0.011196798 0.0023636431 0.0022617183 0.00083943433 0.002225987 0.009340297 7.311503e-05 6.292096e-06 7.989202e-07 6.452902e-05 1.18902e-05 5.979623e-06 0.00018048506 0.002646916 1.5175272e-05 8.482441e-08 6.860221e-05 5.0971784e-07 3.983679e-06 2.9664104e-06 6.981513e-08 8.7322576e-07 1.7402549e-07 4.0201857e-07 9.626047e-08 1.9806974e-07 2.0796634e-08 3.473288e-08 1.5324032e-07 1.7155909e-06 7.17962e-08 1.6059117e-08 5.1598548e-09 7.178032e-08 3.7046353e-09 8.922167e-07 3.9264982e-08 1.6197301e-08 1.0373397e-07 1.1588843e-10 1.0283782e-07 2.987084e-05 2.7610217e-10 4.0908336e-11 5.8973747e-08 5.4990097e-09 9.864208e-09 7.398799e-08 2.5210085e-07 4.855211e-09 1.1735513e-07 1.1365746e-12 3.586973e-09 4.3698524e-08 2.565491e-08 1.6848537e-08 1.9712814e-12 4.0866968e-09 6.590268e-10 9.694493e-09 4.6314055e-10 3.4590998e-12 1.3199171e-11 1.0478608e-06 1.2782998e-08 2.270675e-09 8.4937657e-10 7.125755e-09 2.7015046e-11 9.3809184e-08 6.444974e-07 1.9008539e-08 2.779587e-08 2.0690737e-10 2.9570877e-09 2.4482876e-09 1.3329127e-08 7.69579e-07 1.9939975e-08 3.969876e-07 0.00022832124 0.0002621148 1.0045444e-05 0.0050461786 6.6191075e-07 1.631174e-07 2.075095e-08 2.7872132e-10 4.4350266e-09 2.5718162e-08 4.023154e-07 1.0095089e-08 1.5326749e-09 3.8703085e-08 5.228241e-07
0.008553534 0.1622066 2.8046015e-15 0.16962342 0.015124164 0.89999366 0.6033494 0.97545093 0.06240014 0.83529866 0.20254804 0.8304054 0.66439223 0.072563834 0.16318394 0.1854746 0.043942988 0.3926216 0.25570798 0.48340368 0.037145622 0.007021155 0.07025274 0.0032295343 0.021158803 0.0059717395 0.008203272 0.0027222377 0.00021393248 0.0010443283 0.0010867409 0.000977932 7.824403e-05 0.00015128231 0.0003060519 0.00184022 0.0014905008 1.4045945e-05 4.4259405e-06 0.00026771746 1.3172125e-05 0.0040220637 0.0001577862 4.1848853e-06 0.008817553 1.2785698e-07 3.1510986e-05 0.009320824 1.173322e-05 1.0263036e-06 1.541904e-05 5.3349246e-05 3.443458e-05 8.235735e-07 0.0019944 4.7142116e-06 2.3577848e-05 2.6974039e-09 2.2389163e-06 2.6582566e-06 4.1541916e-06 1.2007067e-05 3.9333026e-09 1.8810758e-07 3.447697e-07 1.0813143e-06 5.2018765e-07 4.745113e-08 5.539141e-08 1.2575614e-06 3.0938647e-06 2.5807886e-08 2.3355262e-09 2.3649505e-07 1.4299685e-06 5.648176e-06 1.2591724e-05 3.8624542e-08 3.9121693e-07 7.6701536e-07 7.8036074e-08 1.2284727e-09 2.531916e-07 1.9495387e-06 1.9717398e-05 5.099102e-06 0.00073372957 0.0003929621 9.303861e-06 0.028197978 1.2309748e-06 2.6571146e-07 4.5925468e-08 2.1341232e-07 1.2101845e-06 1.8933874e-06 7.0694505e-06 2.4051363e-07 1.11627e-06 2.5312724e-08 2.009141e-09
4.175907e-06 0.04704017 0.16962342 7.7425715e-15 0.20739186 0.0016200454 0.119431175 0.0033102755 0.82585627 5.004324e-05 0.04575302 0.009274765 0.000776204 0.0007212503 1.3945346e-09 7.7630386e-07 0.00085095863 7.21219e-08 0.0002966014 0.07556677 1.0802404e-06 1.1274475e-09 0.0013305894 4.3348454e-08 0.0008109402 0.00049397146 1.5246336e-07 0.00012456825 6.7343615e-05 3.0683994e-05 4.6561243e-05 3.39078e-07 5.0248633e-07 2.0530547e-06 0.0005822341 1.6527589e-06 2.5887175e-07 2.144084e-06 6.3025425e-07 1.9798658e-06 2.6074698e-10 3.0030437e-06 1.6266893e-07 9.944382e-07 1.1684934e-07 1.030882e-11 5.0184843e-07 1.7096872e-05 1.1812849e-08 4.046219e-12 1.1654291e-06 2.8025084e-09 7.107498e-09 3.2320696e-07 5.6308227e-07 3.4394752e-08 5.257343e-06 3.65018e-12 1.6686336e-07 6.4207904e-07 1.6237264e-08 1.0005283e-08 1.15935464e-11 6.6126496e-08 5.221972e-09 2.5177275e-08 7.1613755e-08 3.0827212e-11 2.828628e-10 8.23449e-08 3.66286e-08 1.1534254e-08 6.466627e-09 1.15304005e-07 1.0812873e-10 8.9955324e-07 1.8062142e-06 3.8174102e-07 3.4928263e-08 7.663751e-10 2.7336074e-07 1.1294498e-08 1.6545938e-07 1.3443744e-06 2.5093846e-07 9.2124037e-07 0.048032563 0.0016948099 3.5116187e-05 0.02189308 1.2664325e-06 2.5212958e-06 7.2405584e-07 1.8522249e-09 1.669834e-07 5.0260087e-07 2.3705134e-06 7.661527e-07 5.76729e-07 4.3098964e-07 1.9393897e-06
3.9974685e-07 0.60292023 0.015124164 0.20739186 3.7222223e-20 0.04314333 0.0068411985 0.0011976088 0.010091207 0.0013736499 0.003150193 0.014358675 9.059892e-06 1.2002024e-06 3.798595e-07 0.00023926559 1.0870636e-05 1.3205967e-06 0.00025737056 0.0020213588 5.090489e-05 2.9692064e-08 3.3882203e-05 1.9590225e-07 7.612554e-07 7.8781596e-08 2.138169e-09 1.8803e-08 7.17732e-08 2.1824345e-08 3.4455583e-10 2.4217185e-08 1.8164249e-08 3.4045392e-10 5.5852798e-08 0.0001438619 1.0174896e-10 4.6081172e-10 6.395977e-11 8.3830975e-10 4.093503e-11 2.4771767e-08 1.1028626e-09 1.9212348e-10 4.8207845e-08 7.371436e-14 1.0434069e-09 4.963945e-07 1.3444419e-14 1.864926e-13 2.4094743e-10 3.7887825e-11 3.1872545e-09 2.0696844e-11 8.662496e-10 3.037366e-11 3.2955179e-09 8.902506e-15 4.8998305e-12 4.392362e-09 3.182909e-10 8.464388e-12 1.8091212e-13 8.402206e-11 1.5724021e-11 1.1494881e-11 1.6159883e-10 2.9099356e-14 1.1580827e-13 2.4778417e-09 3.0231533e-11 6.2460745e-11 2.8648245e-12 1.2998132e-11 6.983606e-15 6.054919e-11 1.4660651e-07 6.34407e-12 7.8950596e-10 2.4377436e-12 5.0760472e-11 3.128473e-11 1.3650664e-11 4.5574595e-08 3.5349879e-09 2.698433e-09 0.00013131193 2.1809794e-05 6.3157256e-07 0.0041514 5.5860895e-08 1.0148102e-08 3.9196027e-10 1.9703408e-13 3.280876e-11 2.0249638e-10 4.609561e-09 1.6215368e-10 5.8320876e-10 1.47977675e-08 1.638076e-08
0.00014253585 0.022810766 0.89999366 0.0016200454 0.04314333 6.24908e-14 0.026875744 0.4442225 0.0068160747 0.9709539 0.009779773 0.6692685 0.0043118377 5.4388966e-05 0.009647384 0.15887229 0.00012920711 0.057817154 0.034721263 0.029954793 0.025214614 0.0038344497 0.003515305 0.001140096 0.00074423326 1.8006685e-05 5.3545387e-05 1.0956167e-05 3.36079e-06 2.6758091e-06 8.705537e-06 0.000582549 2.5092231e-06 2.669582e-06 4.6759287e-06 0.0028065543 3.0709638e-05 5.972297e-07 1.5998515e-07 9.6009e-06 1.2178461e-05 0.0008785253 9.530611e-06 8.810092e-07 0.0004725154 1.1211291e-07 8.964099e-06 0.0013603332 1.5914456e-07 8.2509345e-08 9.2310125e-07 5.9507925e-06 5.3489344e-05 4.110677e-07 1.2407804e-05 1.8072868e-07 4.014353e-06 2.2589931e-10 2.1608021e-07 1.0899511e-06 9.1292736e-07 2.5880215e-07 2.727757e-10 8.5867846e-08 6.3558915e-08 2.6433426e-07 2.871121e-08 1.6774232e-09 3.52388e-09 3.3506392e-06 1.220767e-07 5.8706643e-08 2.3357012e-08 3.3139816e-08 2.9048803e-09 6.817429e-07 1.3244025e-05 4.5521884e-07 3.6693788e-07 6.2439605e-09 6.17613e-08 7.861869e-09 1.5787944e-07 3.6761216e-05 3.2048401e-06 2.2338954e-06 0.0007413989 0.0010811726 6.457649e-05 0.050985247 4.846034e-07 3.6753856e-05 5.1843847e-07 6.928645e-09 8.703079e-08 1.2306027e-06 1.7557893e-06 1.3266767e-07 5.3444037e-08 9.034056e-07 1.8270662e-06
0.010291559 0.011196798 0.6033494 0.119431175 0.0068411985 0.026875744 2.1911775e-15 0.15368214 0.95191014 0.0029416236 0.990503 0.07899344 0.4469832 0.4127893 3.5716487e-06 0.00020584147 0.579243 0.00062560255 0.018158482 0.7779926 0.00042356193 1.7915806e-06 0.2097712 5.152821e-06 0.074616104 0.014614522 0.00030105913 0.020881878 0.0024865952 0.0041547664 0.009064119 5.587382e-05 2.1342528e-06 0.00017223976 0.0011493979 3.1178358e-06 0.0014040661 0.00011151327 1.3440924e-06 0.007832628 5.309412e-08 0.00084111444 1.3049305e-05 4.3593677e-06 9.338329e-05 2.0410463e-08 2.4016505e-05 0.009263313 5.095978e-05 1.0635349e-07 3.050812e-06 7.872812e-06 6.412389e-07 9.602534e-07 0.0024398179 8.3144704e-07 4.3152435e-05 3.6242486e-08 8.73401e-08 9.241931e-06 3.6029962e-06 2.7887463e-05 1.4579905e-09 8.264196e-08 2.2177494e-07 1.6942652e-06 2.7841782e-07 1.4796687e-09 9.485642e-10 3.87518e-06 1.303466e-06 1.9565258e-09 1.0332044e-08 4.1699014e-08 3.0921758e-09 6.934946e-07 0.000114204435 1.1137398e-07 2.8092531e-06 1.1308293e-08 1.4398623e-08 1.4725485e-09 1.6794819e-07 5.562749e-05 2.1204722e-05 2.2759954e-05 0.0038492337 0.0041966876 0.00086976547 0.07912591 9.054502e-06 0.00010033127 4.661601e-06 6.4324164e-09 3.4521204e-08 2.4430793e-07 6.3128623e-06 1.8650306e-08 1.4439656e-08 3.4875372e-06 1.2256842e-05
0.15490091 0.0023636431 0.97545093 0.0033102755 0.0011976088 0.4442225 0.15368214 2.826381e-16 0.0035469714 0.64902586 0.11744443 0.98539823 0.65982634 0.040224787 0.076485224 0.09419251 0.014969174 0.64245504 0.6943896 0.4033523 0.19560774 0.01533203 0.38815174 0.0021174198 0.15121263 0.0039263233 0.3499251 0.00839759 0.00019333439 0.002080883 0.011392118 0.030736217 0.0043857708 3.88428e-05 0.00049137766 0.06457062 0.020961238 0.00057407503 1.0514752e-05 0.014536057 0.0001750284 0.13285044 0.017556496 4.3827178e-05 0.33724958 6.296907e-07 0.0018245964 0.15924253 1.1037171e-05 4.4824405e-06 6.0809434e-05 0.0048155542 0.0056779343 2.8616534e-05 0.045452245 0.00026208532 0.00085566187 1.1256775e-08 5.323213e-06 0.00016628315 0.0002860959 0.008743649 4.744007e-09 7.1042973e-06 1.3057659e-05 0.0010600794 6.7632016e-07 3.6361996e-08 6.399428e-08 0.0010505021 0.00015554986 2.6363275e-06 1.6451038e-06 4.1914836e-06 2.8952033e-07 2.775598e-06 0.0010292849 3.082836e-07 5.3179985e-05 1.2438898e-06 1.0042378e-07 1.8262133e-07 5.459806e-06 0.0020180962 0.0029475729 0.00045141947 0.001187346 0.0024409161 0.0017510437 0.018113455 5.159895e-05 2.3637285e-05 0.00017237039 5.831362e-07 6.0518405e-06 4.164277e-05 3.604864e-05 1.3812802e-05 2.6009286e-06 1.5191172e-05 2.4678948e-05
0.0021187891 0.0022617183 0.06240014 0.82585627 0.010091207 0.0068160747 0.95191014 0.0035469714 1.5829711e-10 0.00026106977 0.8342219 0.0057340064 0.0088721365 0.082819305 8.465616e-08 5.8935825e-07 0.7658389 2.895156e-07 0.00016952949 0.25899437 9.367184e-07 3.3901367e-07 0.013680298 1.7984296e-06 0.004666914 0.017317647 5.108313e-07 0.008121658 0.06667807 0.0031007563 0.0006596303 2.4494705e-06 6.190067e-07 0.0067481846 0.018329244 1.4374119e-06 5.319579e-06 1.3132722e-06 1.7823525e-06 0.00029531214 5.863343e-07 1.0021952e-05 4.9380327e-07 1.8935589e-06 1.0115608e-06 9.3875414e-08 6.319892e-06 4.338876e-05 0.0005113975 1.1468778e-07 1.7703374e-05 4.7640942e-08 2.1461837e-07 1.1999723e-06 5.520441e-06 1.283475e-07 2.5175934e-06 4.5396376e-07 3.7521693e-06 5.122006e-07 2.210375e-06 5.5681517e-07 2.008758e-07 3.737997e-06 4.0472483e-07 1.0455973e-07 4.2073245e-07 3.404569e-08 5.2559294e-08 2.767147e-07 2.0410124e-07 7.265904e-07 1.9064063e-07 3.377102e-06 1.4218149e-08 7.4579566e-07 7.552103e-07 5.246392e-07 1.4092899e-08 4.3636142e-08 2.258025e-07 1.176549e-07 1.3789984e-08 3.3533497e-06 1.8372983e-06 1.4537131e-05 0.45435426 0.0025544052 2.989746e-05 0.25064158 5.387163e-06 1.8274043e-06 2.3594178e-07 2.0585103e-08 1.04456785e-05 2.1132548e-05 4.675294e-05 8.924095e-06 4.2469223e-06 1.2002904e-08 7.3955505e-07
0.0006720248 0.00083943433 0.83529866 5.004324e-05 0.0013736499 0.9709539 0.0029416236 0.64902586 0.00026106977 4.3793953e-13 0.0014380811 0.8524776 0.008771503 5.4469787e-05 0.22407742 0.73647845 0.00019130278 0.61830634 0.21756826 0.018023834 0.29133558 0.18225957 0.005759873 0.06751274 0.0026459584 8.704171e-05 0.0032951566 8.8145964e-05 9.124878e-07 4.0540355e-05 6.726679e-05 0.005728645 0.00038206938 2.4206354e-06 2.4640694e-06 0.04149095 0.0002851779 1.7272152e-06 2.7058394e-07 2.3433418e-05 0.0018558606 0.011184598 0.00078708684 4.098076e-06 0.0070612673 1.177566e-05 6.375023e-05 0.003998903 5.201756e-06 3.8148864e-06 7.3749645e-05 3.3552613e-05 0.0004028234 2.5234249e-06 6.2833264e-05 6.502104e-05 6.041996e-06 3.444338e-09 4.0123355e-06 3.5971252e-06 1.0803006e-05 2.9677883e-06 1.1374307e-09 5.129622e-07 1.2923545e-06 1.2702574e-06 2.1500993e-08 1.0874249e-08 2.8882008e-09 1.3350368e-05 1.6933129e-07 1.6687953e-06 1.1325734e-06 3.2655836e-07 5.3218487e-09 1.7665598e-05 1.7217792e-05 1.8229196e-07 8.413522e-07 1.971797e-08 8.427e-08 4.142092e-07 2.8359386e-07 0.00015977042 1.558434e-06 1.0005499e-05 2.7941636e-05 0.005372905 0.0005601601 0.022303255 7.732036e-07 5.2538428e-05 2.9940117e-07 1.5818138e-08 7.9145465e-08 1.5120872e-06 1.4405545e-06 4.2267212e-07 1.09323814e-07 4.929314e-07 6.291742e-06
0.052108448 0.002225987 0.20254804 0.04575302 0.003150193 0.009779773 0.990503 0.11744443 0.8342219 0.0014380811 1.3069267e-13 0.021590551 0.5495264 0.6705664 1.6627981e-06 4.9435363e-05 0.9425068 0.00020397175 0.013947244 0.6450848 9.664475e-05 1.1344729e-06 0.35065904 2.6232137e-06 0.20583321 0.11392918 0.00057251035 0.14099385 0.026439898 0.04328826 0.07743988 7.88121e-06 2.74335e-08 0.0036789295 0.009757345 8.4440235e-06 0.004469439 0.0008293857 5.4276574e-05 0.029621704 6.3548575e-09 0.00018158587 1.1159794e-06 0.00016081726 2.523633e-05 8.472578e-08 1.9362592e-06 0.009817062 0.00027500035 3.5248817e-07 8.3837986e-05 4.59598e-05 7.804825e-07 1.4396084e-06 0.010144306 3.5447678e-07 0.00014407662 6.6197545e-06 2.8126096e-06 5.2446267e-05 5.2328428e-08 0.0012839653 1.9839313e-06 8.340341e-06 4.6169507e-06 9.0915666e-05 1.4958441e-06 2.4142668e-07 6.1562737e-09 4.1534685e-07 5.866179e-07 8.5611545e-09 8.677007e-08 8.0633504e-07 7.578309e-10 1.1377942e-07 5.5655986e-05 6.68131e-09 5.687048e-06 4.4271666e-09 3.7108372e-09 1.8332743e-08 4.953064e-07 6.209013e-06 1.100633e-05 5.6700363e-05 0.07770658 0.003418827 0.00016288883 0.015345599 8.30468e-06 2.2506747e-05 2.0682464e-05 1.0967713e-08 5.8812777e-08 2.4317326e-06 5.899549e-07 1.4120425e-06 3.712841e-07 6.204958e-06 1.959243e-05
0.57218504 0.009340297 0.8304054 0.009274765 0.014358675 0.6692685 0.07899344 0.98539823 0.0057340064 0.8524776 0.021590551 1.8210434e-14 0.19317421 0.007120468 0.52534246 0.5915815 0.0015369726 0.81240445 0.86171097 0.07283355 0.52319545 0.1565859 0.16710652 0.03655793 0.05610762 0.0003337468 0.09838568 0.00053065195 2.0033232e-05 5.8842605e-05 0.00050540746 0.08606461 0.0067102066 2.4672725e-06 2.6772626e-05 0.14560325 0.005392746 2.2961292e-05 1.3106302e-07 0.0039227502 0.0032718575 0.23899701 0.040704906 7.998007e-07 0.11058461 1.3227603e-05 0.003462129 0.13522097 1.167751e-06 3.112849e-05 1.9219826e-06 0.0020815965 0.006685378 1.8428585e-07 0.02439495 0.00068503065 2.265186e-05 1.9479079e-07 4.7184077e-08 6.961382e-06 0.00049040816 0.0015076754 1.587933e-07 2.482686e-07 8.5231314e-08 7.83621e-05 2.4230454e-07 1.3645396e-07 1.4361569e-08 0.0005969946 8.2756753e-07 2.5887807e-06 2.1184891e-05 1.2740844e-07 3.2372686e-08 5.583493e-07 0.00086328376 1.6775394e-08 1.9684801e-05 7.6671505e-08 8.302711e-09 1.6141156e-06 1.6836755e-07 0.0036633476 0.006643973 9.92976e-05 0.0006153079 0.0040381616 0.0026315965 0.019074611 2.6421858e-05 3.313737e-05 6.604709e-06 5.231196e-08 5.6076664e-07 2.9300923e-06 7.529332e-06 3.3273682e-06 8.983675e-07 3.125308e-06 1.761128e-05
0.18686251 7.311503e-05 0.66439223 0.000776204 9.059892e-06 0.0043118377 0.4469832 0.65982634 0.0088721365 0.008771503 0.5495264 0.19317421 9.285076e-16 0.9350125 5.700121e-05 3.5606124e-06 0.7202051 0.20220082 0.16258116 0.95298874 0.035244558 0.0004715851 0.9028934 0.00015667212 0.7747336 0.106610216 0.53778535 0.11028077 0.013404449 0.04817358 0.24391402 0.011739287 0.00029589233 0.010110979 0.0101544885 0.0014030249 0.14319701 0.04671001 0.005507408 0.043314133 1.0761228e-05 0.032910768 0.0049303845 0.0037626438 0.0100231 1.0561464e-05 0.0044000377 0.11381287 3.8731555e-06 2.1755832e-06 0.0005452831 0.006304966 9.137889e-05 0.00023083464 0.07392749 0.000933386 0.00410555 2.837659e-09 0.000113627786 0.0010991176 0.00014536819 0.0092092035 2.1137627e-09 0.00023690738 0.00020714413 0.0011475481 3.3850196e-05 5.2517404e-08 3.9917104e-08 0.00046118614 0.000477928 3.988929e-06 1.3427976e-05 4.7166424e-05 7.510094e-07 1.5473617e-05 0.00062988204 1.1516756e-06 5.5055694e-05 1.0399012e-07 2.1636599e-07 4.0547778e-07 8.850885e-05 0.000208278 0.00092187535 8.1384205e-05 0.00752762 0.0049917735 0.0006016708 0.027749501 3.582119e-05 0.00014540133 9.914625e-06 1.5063933e-06 6.065216e-06 3.887204e-05 3.1004914e-05 0.00016840297 2.5290154e-05 3.7724162e-06 2.879744e-05
0.05139874 6.292096e-06 0.072563834 0.0007212503 1.2002024e-06 5.4388966e-05 0.4127893 0.040224787 0.082819305 5.4469787e-05 0.6705664 0.007120468 0.9350125 3.689892e-19 4.0528798e-07 1.0758811e-06 0.9663281 0.004650767 0.023264637 0.807241 0.0016682966 1.3734075e-06 0.7790174 4.351567e-06 0.7616603 0.38497928 0.06530015 0.46101952 0.11546261 0.254457 0.5535506 0.0002623284 2.1406984e-06 0.012680159 0.20146467 2.7425315e-06 0.13407423 0.07511035 0.025059048 0.3555756 1.1723157e-06 0.0044967867 0.00043542843 0.038289867 0.0020825088 1.3373974e-06 0.00038052976 0.07481592 0.0019074742 3.78253e-07 0.005432365 0.0060962094 5.2864965e-05 0.0020651491 0.07672519 1.0411386e-05 0.0030685824 2.4060346e-06 0.00040632265 0.0012892837 1.41447335e-05 0.02445829 4.643705e-08 0.0032519423 0.0014799831 0.0052038226 0.0019764965 2.7285313e-07 1.7179556e-07 0.00021028603 0.0035776536 1.2109194e-07 1.209974e-07 0.00056229404 3.6830903e-07 5.2941978e-06 0.0003943346 1.510018e-06 2.8648155e-05 5.0193e-08 4.761514e-06 5.5383165e-08 0.00015897551 0.0007382624 0.00042340276 0.0012462047 0.113173366 0.0038774319 0.0031343107 0.004144264 0.0007147682 5.8037942e-05 9.872209e-05 2.1142766e-07 2.3217666e-05 0.00030924904 0.00026678975 6.232343e-05 1.1776389e-07 4.5056466e-05 7.4041923e-06
0.0018001252 7.989202e-07 0.16318394 1.3945346e-09 3.798595e-07 0.009647384 3.5716487e-06 0.076485224 8.465616e-08 0.22407742 1.6627981e-06 0.52534246 5.700121e-05 4.0528798e-07 5.442446e-16 0.99728775 1.0329542e-06 0.72208655 0.10630041 0.00045924075 0.5714211 0.68026406 0.0010255396 0.6120318 0.000107604224 1.3560017e-06 0.0006040807 1.945642e-06 4.4736237e-09 3.1251054e-06 1.8308677e-07 0.011983222 0.0028293529 2.85859e-07 2.4343717e-07 0.52754545 3.6722708e-05 1.6238234e-07 7.3982314e-09 6.836883e-07 0.004031556 0.013646151 0.0017505613 6.3113e-07 0.01718937 0.00024899814 0.00017307242 0.0020894448 5.3407274e-07 9.258344e-05 1.4522976e-06 2.6378782e-05 0.0035027675 4.1917136e-07 8.338377e-06 8.9191335e-06 8.1674676e-07 1.1545534e-10 5.879236e-08 3.1971396e-07 6.067585e-05 1.1589071e-07 1.1989546e-11 4.8394863e-08 4.125434e-08 4.6677705e-08 2.9735503e-10 2.4855987e-10 6.993484e-11 1.5807711e-05 1.9348947e-08 6.580415e-06 3.8016663e-06 7.659609e-08 3.546419e-10 3.8081616e-08 4.059876e-06 1.733982e-08 2.0129733e-07 4.438638e-10 1.371732e-08 5.5723567e-06 4.2102847e-08 5.6979796e-05 9.394523e-07 2.2169245e-07 1.7604259e-07 0.0008895859 0.00018498622 7.913246e-05 1.4564453e-07 5.3424214e-06 1.12545585e-07 1.2099184e-09 1.8051585e-08 1.0557152e-07 5.9227636e-07 4.471723e-08 1.6595954e-09 6.1184195e-08 1.3868047e-06
0.0030226526 6.452902e-05 0.1854746 7.7630386e-07 0.00023926559 0.15887229 0.00020584147 0.09419251 5.8935825e-07 0.73647845 4.9435363e-05 0.5915815 3.5606124e-06 1.0758811e-06 0.99728775 2.8093868e-12 6.600443e-07 0.4256549 0.17497122 0.00036931905 0.43461692 0.40255693 0.00063071906 0.557955 3.63693e-05 3.2699623e-07 7.85645e-05 2.4758245e-07 1.0926398e-07 3.8487008e-07 2.993659e-08 0.010390746 0.00026570933 1.518681e-07 2.2624893e-07 0.25190863 1.2346218e-06 6.9297734e-08 5.8753127e-08 1.3650608e-08 0.03107893 0.019103298 0.000853763 1.7994083e-07 0.0055384333 0.00021540467 3.4921817e-05 0.0030167762 2.265674e-07 6.4327854e-05 1.8667487e-07 1.6394531e-06 0.0010427037 2.505403e-07 1.9933798e-06 5.259056e-05 2.1296037e-07 1.0681092e-10 2.5988383e-08 2.2274041e-07 1.996838e-05 1.0141427e-08 1.9283533e-10 8.5864244e-08 4.8175006e-09 1.1821613e-09 2.657758e-09 7.430499e-10 1.0535136e-09 4.9298433e-06 1.0665142e-08 1.5760227e-06 1.6009926e-06 2.1261446e-08 5.970961e-10 5.5081774e-08 3.1931602e-05 1.3254966e-07 6.458418e-07 1.5413231e-09 2.2624839e-08 2.709537e-07 3.679013e-08 9.119023e-05 8.913123e-06 3.9896097e-08 3.7240297e-05 0.0003833397 0.00032426856 0.002252008 2.3486114e-08 4.5398327e-05 1.9629645e-07 3.0775074e-09 1.1983277e-08 7.214708e-08 2.548447e-07 3.270503e-08 6.0845164e-09 7.3518564e-08 9.4929055e-07
0.017442977 1.18902e-05 0.043942988 0.00085095863 1.0870636e-05 0.00012920711 0.579243 0.014969174 0.7658389 0.00019130278 0.9425068 0.0015369726 0.7202051 0.9663281 1.0329542e-06 6.600443e-07 3.6265828e-17 0.0012898126 0.0020948376 0.20236209 0.0017716979 3.9449747e-05 0.15785588 0.000138683 0.1784076 0.7736082 0.0017614355 0.46736044 0.77753437 0.41284487 0.3269196 0.00017129311 4.0300858e-07 0.10836052 0.40666375 3.1269897e-06 0.0081388205 0.012635036 0.016419144 0.115826376 3.178237e-05 0.000121801866 2.2135e-05 0.012759705 6.948292e-05 1.0610988e-06 5.0725102e-05 0.0051200916 0.019679552 2.766519e-07 0.01393827 8.931583e-05 3.2868318e-06 0.0021063737 0.0060613398 5.2758714e-06 0.00076663913 0.00015176497 0.0019391689 0.00014352177 2.9944215e-06 0.0010370016 1.1478703e-05 0.0021944952 0.002324657 0.00013805302 0.0012698347 1.0528453e-06 8.439402e-06 9.99516e-06 0.00010377816 1.2953967e-07 5.0318576e-08 0.00031574143 4.9799505e-06 1.4750478e-05 2.6215392e-05 7.783452e-06 2.0239668e-07 1.121159e-07 1.4436484e-05 3.2282403e-09 1.215268e-05 1.2788809e-05 2.2026793e-06 0.00018192752 0.18087395 0.004734521 7.034784e-05 0.0011393607 3.1625175e-05 1.8451146e-07 1.0237278e-06 1.3063968e-06 1.4556803e-05 8.9719804e-05 0.00013662383 0.00021335893 5.401944e-06 6.012781e-07 5.1200624e-07
0.117655665 5.979623e-06 0.3926216 7.21219e-08 1.3205967e-06 0.057817154 0.00062560255 0.64245504 2.895156e-07 0.61830634 0.00020397175 0.81240445 0.20220082 0.004650767 0.72208655 0.4256549 0.0012898126 1.421877e-16 0.9708887 0.010819829 0.9381278 0.7981196 0.06014471 0.35910052 0.015257945 0.0001196292 0.7501145 0.00029032925 5.7469233e-06 8.490677e-05 0.00045484892 0.6103517 0.32327986 9.517436e-05 2.0995976e-06 0.5515875 0.019204114 2.7798802e-05 3.802899e-06 0.00031382195 0.027150147 0.3783075 0.14445987 9.242707e-06 0.6506708 0.00068043446 0.04020574 0.09306802 6.40194e-07 0.00019012693 9.736972e-06 0.0077023595 0.047203813 2.0547195e-06 0.014408069 0.0074858656 0.00019338676 5.1278287e-10 3.7751659e-06 4.729764e-05 0.0047413143 0.0011035582 4.086866e-10 2.5926943e-06 3.1194344e-07 4.4290846e-05 7.120624e-08 9.181367e-08 1.2792466e-07 0.0050057992 5.9594448e-05 6.0138653e-05 0.00014966833 3.2432824e-06 4.190808e-06 5.2828145e-06 0.0014800169 9.2020734e-08 0.00036131678 1.0085246e-06 4.2035122e-08 1.6489357e-05 8.260766e-07 0.0047977753 0.008674502 2.0365327e-05 2.4986362e-05 0.0009284375 0.0032109788 0.00087428576 3.1598258e-05 0.00026302028 1.2164097e-06 7.908869e-07 1.0794649e-06 4.7747694e-06 1.3329542e-05 1.9944533e-05 3.5990981e-06 3.7201605e-07 4.6758818e-05
0.8954848 0.00018048506 0.25570798 0.0002966014 0.00025737056 0.034721263 0.018158482 0.6943896 0.00016952949 0.21756826 0.013947244 0.86171097 0.16258116 0.023264637 0.10630041 0.17497122 0.0020948376 0.9708887 4.6081737e-16 0.06261359 0.7182676 0.10770988 0.084215224 0.026139023 0.029550396 0.0005049847 0.83692604 0.0020971415 0.00020180739 0.0003409718 0.0063955174 0.41637895 0.14522251 7.21121e-05 3.2060096e-05 0.35648853 0.031379882 0.0021033618 1.43780335e-05 0.0027959151 0.0036947709 0.5121531 0.16319664 2.373668e-05 0.9450998 0.0006029167 0.0413684 0.2592439 7.6913807e-07 0.0002503993 3.430977e-06 0.03232477 0.060993195 2.8819913e-05 0.0699051 0.004461041 0.0006172727 1.4043259e-08 4.548248e-07 0.00025546196 0.004984724 0.007569138 2.8178663e-08 9.901099e-07 1.2671128e-06 0.0019559192 1.6052174e-07 5.3753286e-08 2.5669803e-07 0.009510691 0.00030935463 0.00021381746 0.00018499998 1.570356e-06 1.4527513e-05 2.3257944e-06 0.0041054534 1.7691644e-07 0.0010801755 6.308876e-05 1.5131512e-07 0.0001077035 1.4100234e-05 0.029834675 0.08734718 0.0003170271 0.00033189097 0.0027866967 0.01915616 0.007829469 3.920435e-05 0.00039685512 0.00024413085 3.0235674e-06 3.0257138e-06 3.5514477e-05 3.9180133e-05 1.9644629e-05 8.578645e-07 3.570281e-05 0.00062312227
0.9750709 0.002646916 0.48340368 0.07556677 0.0020213588 0.029954793 0.7779926 0.4033523 0.25899437 0.018023834 0.6450848 0.07283355 0.95298874 0.807241 0.00045924075 0.00036931905 0.20236209 0.010819829 0.06261359 9.84642e-14 0.0010334898 0.0008851194 0.91317576 0.00026188794 0.8301836 0.009603891 0.053152807 0.03509485 0.00084519834 0.0060700476 0.11680784 0.0021175581 0.0002196148 0.0002860667 0.00060291984 0.00028717564 0.19603565 0.020612082 0.0009090153 0.040333882 3.735303e-06 0.0053575085 0.0036128592 0.0015224116 0.0009886464 6.601384e-06 0.0018335667 0.108051606 2.8518156e-05 5.2415085e-06 7.077339e-05 0.011149429 0.0001044681 0.00030650522 0.13936637 0.0002586641 0.0035823672 7.861225e-07 6.168284e-06 0.0008981132 0.00037203927 0.034810834 1.8125402e-06 3.7613034e-05 4.2146457e-05 0.0051163654 2.6561342e-05 7.5196186e-07 1.0188389e-07 0.00012316594 0.0009445812 2.140581e-05 7.150426e-05 8.023429e-06 3.6837613e-07 1.0034313e-06 0.0028204115 6.9459463e-07 0.00019226501 1.8017412e-06 9.93334e-07 9.213963e-06 4.5147477e-05 0.0027264922 0.007009464 0.0021853852 0.044528265 0.0037504628 0.002544171 0.11502534 0.00030878754 0.00013657889 6.8274625e-05 2.5776762e-07 2.1883036e-06 2.1174306e-05 6.0774155e-06 2.413066e-06 2.8859145e-06 7.350035e-06 0.0003821302
0.6931599 1.5175272e-05 0.037145622 1.0802404e-06 5.090489e-05 0.025214614 0.00042356193 0.19560774 9.367184e-07 0.29133558 9.664475e-05 0.52319545 0.035244558 0.0016682966 0.5714211 0.43461692 0.0017716979 0.9381278 0.7182676 0.0010334898 9.861648e-17 0.9045929 0.011624798 0.54447687 0.0023538948 0.00010515929 0.38470477 1.6685446e-05 6.999303e-05 2.2474873e-05 6.14479e-05 0.7714222 0.6956889 3.0199697e-05 3.409685e-07 0.96462584 0.0023915234 6.9471294e-06 4.9094524e-06 4.631042e-05 0.18583106 0.49118692 0.247166 5.6573613e-06 0.32498726 0.018370729 0.040477064 0.051080786 2.0838336e-07 0.008068867 1.7176781e-06 0.0063022966 0.41381633 1.1060056e-05 0.011379247 0.07861323 0.00020307794 4.5916075e-09 1.3207608e-07 3.6401118e-05 0.034808706 0.0005106647 2.3544995e-09 1.1499651e-07 3.6042314e-07 0.00011294908 3.9104426e-09 5.637359e-08 1.1206047e-08 0.013166927 1.40313805e-05 0.0011183937 0.0012670705 8.5806455e-08 6.8477425e-07 7.187393e-07 0.0042637475 7.9176424e-08 0.00059627247 9.776154e-06 3.8782744e-08 0.00026880426 1.5927233e-06 0.03280197 0.042953163 0.00022335464 1.0401948e-05 0.0009473043 0.020838577 0.0008897004 0.0001666521 0.0010221236 3.0618252e-05 3.288967e-06 9.1914296e-07 2.0649934e-06 1.2730145e-05 9.880894e-07 8.3868287e-07 8.466117e-06 0.0009578677
0.004676915 8.482441e-08 0.007021155 1.1274475e-09 2.9692064e-08 0.0038344497 1.7915806e-06 0.01533203 3.3901367e-07 0.18225957 1.1344729e-06 0.1565859 0.0004715851 1.3734075e-06 0.68026406 0.40255693 3.9449747e-05 0.7981196 0.10770988 0.0008851194 0.9045929 1.1301298e-17 0.0019130689 0.98764116 0.0006743681 1.7776392e-05 0.027373098 1.2280791e-05 7.1496896e-07 8.331683e-06 8.7018025e-06 0.23643957 0.2893014 2.6853178e-05 1.2031711e-05 0.86054087 0.00035498696 5.8666654e-07 6.7091753e-07 1.0610771e-05 0.55957544 0.055612907 0.018507544 9.473721e-06 0.009240592 0.019755607 0.0026122541 0.003710318 3.0152603e-06 0.01887628 1.11438685e-05 0.0001892214 0.064103775 2.2144366e-06 0.00016863568 0.054216016 4.8976544e-06 1.27896795e-08 1.4508398e-06 3.7589348e-06 0.0016911264 2.3328332e-05 2.8102325e-09 5.806263e-07 2.023661e-06 7.3912076e-07 9.333196e-08 8.835464e-08 1.41744465e-08 0.00079440133 4.1266085e-07 0.0009011692 0.00019532068 3.6471429e-06 1.6856163e-07 2.3110997e-06 0.00038013296 1.1954354e-06 3.575082e-05 1.6871804e-06 3.164168e-07 0.00035621613 4.5086676e-07 0.00049782696 8.375624e-05 2.0298898e-05 1.5225224e-07 0.00039167562 0.0012219902 9.871932e-06 1.5370253e-05 0.0003483764 9.353043e-07 2.3971365e-08 6.549015e-07 4.7010262e-06 4.671285e-06 2.7233875e-06 7.055794e-07 1.206364e-07 7.571069e-05
0.97341394 6.860221e-05 0.07025274 0.0013305894 3.3882203e-05 0.003515305 0.2097712 0.38815174 0.013680298 0.005759873 0.35065904 0.16710652 0.9028934 0.7790174 0.0010255396 0.00063071906 0.15785588 0.06014471 0.084215224 0.91317576 0.011624798 0.0019130689 8.371077e-15 0.00045471103 0.96375954 0.034593713 0.64614147 0.22935028 0.004630325 0.054962445 0.66614276 0.012585495 0.003150436 0.0066313595 0.005935586 0.0017180183 0.5818685 0.2490768 0.027166372 0.1417157 2.6329293e-05 0.023656925 0.008171953 0.0075577414 0.005215113 2.592411e-05 0.007961648 0.31756476 5.119008e-05 9.289613e-06 0.0013241064 0.031580854 0.00012131276 0.002633344 0.34103134 0.0021606486 0.024456976 8.006967e-07 8.8375666e-05 0.00709398 0.00063208025 0.12256799 2.8941653e-07 0.00018570705 0.0004074427 0.03356667 6.348153e-05 1.0189007e-06 4.063786e-07 0.0027609803 0.01041178 3.432301e-05 6.9832684e-05 2.1194995e-05 2.7869185e-06 1.1236616e-05 0.0090937875 3.8082233e-06 0.0024345198 4.630117e-06 2.6756968e-06 4.7804173e-05 0.0012101367 0.005555936 0.032645825 0.008136648 0.02558175 0.02586564 0.0039564404 0.09217603 0.0014085718 0.0012093834 0.000744541 5.444664e-06 1.50629785e-05 2.7570252e-06 3.3888442e-05 2.5463614e-06 3.6168049e-06 0.00037111103 0.00043969246
0.017868808 5.0971784e-07 0.0032295343 4.3348454e-08 1.9590225e-07 0.001140096 5.152821e-06 0.0021174198 1.7984296e-06 0.06751274 2.6232137e-06 0.03655793 0.00015667212 4.351567e-06 0.6120318 0.557955 0.000138683 0.35910052 0.026139023 0.00026188794 0.54447687 0.98764116 0.00045471103 2.0303334e-12 5.0996245e-05 2.120664e-05 0.00089784776 5.5781306e-06 1.7474478e-05 5.724535e-06 1.432935e-06 0.05250596 0.08704003 0.0003722359 8.713969e-06 0.83693194 9.35192e-05 1.7924752e-07 8.101884e-07 4.4569583e-06 0.9642028 0.044504423 0.01328194 3.564513e-06 0.0018771746 0.08851677 0.0012985818 0.001255009 5.3192518e-05 0.09167275 6.239708e-06 7.3285926e-05 0.09268927 1.6616758e-06 5.6910176e-05 0.124582686 3.5643088e-06 2.0613463e-07 3.8061937e-06 5.4921584e-06 0.0055509713 5.367988e-06 3.3492814e-08 3.0214808e-06 8.4154476e-07 8.4179675e-07 6.736427e-08 5.382261e-07 1.9543226e-08 0.000927246 1.0016587e-06 0.0037473561 0.002118071 6.931941e-06 3.411305e-07 1.1590928e-05 0.0010880298 1.2507737e-06 5.848098e-05 1.9965398e-06 9.0502414e-07 0.0009814515 1.457591e-06 0.002378083 0.0004910657 1.1919923e-05 2.7539022e-07 0.0002958909 0.0028896742 3.6301415e-05 5.4384063e-06 0.00062113797 1.0646415e-06 1.798529e-08 2.0321472e-06 3.9652277e-06 4.865109e-06 2.445428e-06 1.096546e-07 7.198694e-08 0.00027982346
0.98157066 3.983679e-06 0.021158803 0.0008109402 7.612554e-07 0.00074423326 0.074616104 0.15121263 0.004666914 0.0026459584 0.20583321 0.05610762 0.7747336 0.7616603 0.000107604224 3.63693e-05 0.1784076 0.015257945 0.029550396 0.8301836 0.0023538948 0.0006743681 0.96375954 5.0996245e-05 4.8582625e-15 0.031841785 0.4256851 0.33841217 0.0028480338 0.05715025 0.8218774 0.005366762 0.0012973656 0.0026560484 0.008972794 0.0005752583 0.9075881 0.59094274 0.04445191 0.26302317 6.488121e-06 0.005848575 0.0039194506 0.019164544 0.0022306654 5.702505e-06 0.0049060974 0.23276414 7.863099e-05 1.895579e-06 0.0013031703 0.042867623 0.00019189957 0.0026557446 0.44269988 0.00058717903 0.036095425 1.2543729e-06 0.00019497694 0.01164922 0.00044007716 0.18945639 1.0812669e-06 0.00023568711 0.0005337037 0.0674873 0.0001588117 2.8067843e-06 8.6926246e-07 0.0060641025 0.043818764 1.0755831e-05 2.7213875e-05 9.977241e-05 1.300914e-06 1.5969114e-05 0.008579354 1.1836594e-05 0.0026686266 5.69321e-07 2.5985632e-06 1.0882284e-05 0.001930909 0.009615493 0.037924945 0.027683888 0.025734548 0.046324283 0.011061408 0.07905863 0.0066461302 0.0015753894 0.0024817598 8.5119555e-06 0.000112022026 3.591649e-05 0.00028538847 3.359545e-05 2.1261874e-06 0.0006697707 0.00040197145
0.0554934 2.9664104e-06 0.0059717395 0.00049397146 7.8781596e-08 1.8006685e-05 0.014614522 0.0039263233 0.017317647 8.704171e-05 0.11392918 0.0003337468 0.106610216 0.38497928 1.3560017e-06 3.2699623e-07 0.7736082 0.0001196292 0.0005049847 0.009603891 0.00010515929 1.7776392e-05 0.034593713 2.120664e-05 0.031841785 5.964986e-17 0.0011837697 0.9244813 0.9550455 0.96711546 0.55917734 3.817622e-05 2.3569767e-06 0.9405203 0.8290805 1.2000523e-06 0.0040199617 0.04588497 0.55155534 0.110976666 2.747576e-06 0.00028156396 1.5186072e-05 0.06725712 1.7699676e-05 1.569151e-06 1.3201993e-05 0.0026611597 0.07452712 3.1871332e-07 0.053680446 0.00024795358 7.193015e-07 0.026854036 0.0017318918 6.5958084e-06 0.0019549774 0.0020882546 0.0035564941 0.0020603512 3.6698702e-06 0.0014564759 0.00020123525 0.00635518 0.005594484 0.0010881202 0.0038995373 3.629591e-05 1.4874151e-05 1.3059826e-05 0.00045921994 1.2741391e-07 1.1942817e-07 0.0008321845 3.9375253e-05 0.00024128918 0.00016568133 0.00042913895 3.113094e-06 7.683555e-06 0.00014647913 1.41798555e-08 0.0009977609 1.0851485e-05 1.3705472e-06 0.002738469 0.25737533 0.0028902888 2.480334e-05 5.804503e-05 0.000414185 1.2720521e-05 0.00018811197 2.2957875e-05 0.0002348023 0.00010153921 0.00030011658 0.00012398182 2.0971513e-05 3.3927372e-05 7.6818367e-07
0.8285604 6.981513e-08 0.008203272 1.5246336e-07 2.138169e-09 5.3545387e-05 0.00030105913 0.3499251 5.108313e-07 0.0032951566 0.00057251035 0.09838568 0.53778535 0.06530015 0.0006040807 7.85645e-05 0.0017614355 0.7501145 0.83692604 0.053152807 0.38470477 0.027373098 0.64614147 0.00089784776 0.4256851 0.0011837697 8.188707e-16 0.022196956 5.795052e-06 0.0020176312 0.13346742 0.8728874 0.505977 0.0003084117 0.000347727 0.016637644 0.91275907 0.23646921 0.0019289654 0.066422224 0.00097255775 0.762868 0.6316831 0.0060624983 0.9196467 0.0014429787 0.7971964 0.82055855 3.03145e-06 0.000291045 0.0005534833 0.5549778 0.005500223 0.00061562634 0.27014557 0.043010537 0.13381492 5.5219327e-09 2.876434e-05 0.034921173 0.030724213 0.12192661 1.2778974e-08 0.00021937845 0.00071684003 0.06512901 3.4331064e-05 4.1680232e-07 2.9854604e-07 0.09201535 0.038914144 0.00094491546 0.004589592 0.00042908636 1.8332518e-06 9.632004e-05 0.08891537 5.909209e-06 0.047702197 1.7452592e-07 3.6031438e-06 0.0013409806 0.003433994 0.0433843 0.18661904 0.0110056875 0.0014961689 0.07629206 0.054800246 0.01952644 0.002878812 0.022191755 0.0036609313 1.2513327e-05 9.772701e-05 0.0012004273 0.00078419363 0.001752427 4.210853e-05 0.0028093623 0.011691468
0.7411221 8.7322576e-07 0.0027222377 0.00012456825 1.8803e-08 1.0956167e-05 0.020881878 0.00839759 0.008121658 8.8145964e-05 0.14099385 0.00053065195 0.11028077 0.46101952 1.945642e-06 2.4758245e-07 0.46736044 0.00029032925 0.0020971415 0.03509485 1.6685446e-05 1.2280791e-05 0.22935028 5.5781306e-06 0.33841217 0.9244813 0.022196956 5.448218e-17 0.3688071 0.96375906 0.94128376 1.3180519e-05 4.6354955e-07 0.26957184 0.89908427 9.8639504e-08 0.066194825 0.27594748 0.7798498 0.6340644 8.868573e-08 0.00028284368 4.935773e-05 0.37859225 5.103979e-05 3.2523158e-07 4.8390044e-05 0.046884675 0.0064241197 7.3477526e-07 0.068258375 0.004939296 1.3507008e-06 0.034293912 0.10760793 5.785466e-06 0.012644758 0.00026156494 0.0025662656 0.008917434 3.400643e-06 0.08521271 3.0587885e-06 0.015165219 0.015853751 0.032171935 0.0091484655 3.652211e-06 5.3415783e-07 0.00015976447 0.04006708 2.943067e-06 5.12288e-07 0.005556917 7.515317e-07 1.42314375e-05 0.001869908 5.8464975e-05 0.00015093645 7.080738e-08 9.030709e-06 2.295225e-07 0.001403704 0.00024853693 7.184446e-05 0.036549255 0.34809726 0.012623282 0.0006052695 0.0011445916 0.018052965 8.060698e-05 0.0015452037 2.518577e-05 0.00010615493 0.00030832642 0.001124143 2.8755207e-05 4.9865803e-06 0.00062563893 2.2598757e-05
0.004739481 1.7402549e-07 0.00021393248 6.7343615e-05 7.17732e-08 3.36079e-06 0.0024865952 0.00019333439 0.06667807 9.124878e-07 0.026439898 2.0033232e-05 0.013404449 0.11546261 4.4736237e-09 1.0926398e-07 0.77753437 5.7469233e-06 0.00020180739 0.00084519834 6.999303e-05 7.1496896e-07 0.004630325 1.7474478e-05 0.0028480338 0.9550455 5.795052e-06 0.3688071 3.975235e-17 0.61612 0.08760832 1.1094844e-05 5.8474424e-08 0.992776 0.5369843 1.2367389e-07 6.05047e-05 0.0010598352 0.16710214 0.014758372 1.8276996e-05 3.2871438e-05 8.848922e-08 0.008456934 9.448672e-06 8.847944e-06 3.6340623e-07 2.3172626e-05 0.49985054 2.0601063e-07 0.034633193 1.3820075e-07 2.0392847e-07 0.0047419863 1.8676534e-05 8.9911487e-07 6.672616e-06 0.014250637 0.004602797 9.343251e-06 2.0077287e-06 1.15471485e-05 0.0024055704 0.0019325061 0.0015365089 8.375132e-06 0.003843205 0.0004004595 7.208439e-05 7.710792e-07 4.965884e-06 1.2517192e-07 5.8629205e-08 0.00021919026 3.0821086e-06 0.00010932648 2.6268485e-06 5.1847754e-05 4.8421898e-09 3.295837e-06 5.5031032e-05 4.035905e-09 3.3384993e-06 2.5822712e-06 1.1114628e-07 0.00018160854 0.044892013 0.0017037245 1.7854318e-06 3.4632812e-05 0.00010716612 5.6797415e-08 5.512513e-06 9.45038e-07 1.2501542e-05 1.2582937e-05 3.871684e-05 5.3056894e-05 1.1086192e-05 2.186302e-07 1.2896014e-08
0.26988584 4.0201857e-07 0.0010443283 3.0683994e-05 2.1824345e-08 2.6758091e-06 0.0041547664 0.002080883 0.0031007563 4.0540355e-05 0.04328826 5.8842605e-05 0.04817358 0.254457 3.1251054e-06 3.8487008e-07 0.41284487 8.490677e-05 0.0003409718 0.0060700476 2.2474873e-05 8.331683e-06 0.054962445 5.724535e-06 0.05715025 0.96711546 0.0020176312 0.96375906 0.61612 6.469747e-17 0.7128729 2.8081513e-05 7.8109827e-07 0.6939019 0.9553328 1.5913865e-07 0.01094643 0.09761323 0.7883003 0.2608728 2.2285215e-07 0.00022625229 2.8944554e-05 0.27918798 2.7922644e-05 1.2925294e-06 2.7745065e-05 0.007974253 0.051319227 8.10271e-07 0.11616571 0.000982722 6.5698026e-07 0.04231822 0.011541397 5.9866525e-06 0.0071303383 0.003045337 0.009363718 0.004260544 2.5321492e-06 0.012707742 0.00038825913 0.032736924 0.029343396 0.010346857 0.014802943 0.00036351406 1.5049914e-05 8.428685e-05 0.012711937 1.3073314e-06 2.2424646e-07 0.0130990185 8.812827e-06 0.00011000408 0.0010127568 0.00033722603 5.9617978e-05 2.926074e-06 0.00020172118 1.02453306e-07 0.0014852916 0.00015324976 1.8212202e-05 0.01686011 0.07597886 0.0038835215 0.00024850824 7.090162e-05 0.0075866096 6.472544e-05 0.0020006904 0.0002139486 0.001739468 0.0014667099 0.0020015892 0.0014141942 0.00022890486 0.0004151897 9.569144e-06
