3.0235145e-20 0.989669 0.94148296 0.9904455 0.99882495 0.9603593 0.90695745 0.98996484 0.98248154 0.9464179 0.91957873 0.870793 0.9946084 0.99984527 0.85351026 0.99559635 0.9782105 0.99450797 0.87628776 0.8725011 0.9133452 0.95994097 0.8673915 0.8622444 0.9226329 0.9692863 0.9267061 0.9181963 0.90297365 0.99810386 0.7971632 0.98636085 0.9998661 0.97614205 0.93150014 0.9630845 0.83527386 0.86252856 0.39759687 0.89618057 0.22249997 0.99775976 0.89296424 0.1033481 0.8264841 0.98514163 0.30421966 0.99377316 0.14562443 0.88101304 0.8365243 0.99902254 0.7772565 0.9645209 0.99978924 0.113324545 0.98778266 0.43337846 0.9867256 0.87471086 0.33270016 0.78266364 0.991932 0.003873732 0.9252995 0.9322305 0.9874716 0.9666056 0.7732003 0.9690721 0.96368533 0.87912226 0.9914872 0.76998615 0.91406316 0.7932359 0.0010608657 0.0010068933 0.12007231 0.862692 0.2932242 0.0002192469 0.00079660787 0.9641287 0.8243266 0.04569533 0.005071553 0.8237045 0.0127946455 0.6515544 9.585955e-05 0.88759625 0.009309432 0.6107104 0.14671269 0.78131324 0.027805094 0.00017084561 0.012072486 0.021646332 3.8569648e-05
0.989669 4.3678577e-17 0.6092709 0.3915192 0.0016972184 0.8588464 0.80026746 0.6257396 0.91456515 0.077551074 0.04652267 0.01699673 0.0757833 0.8065728 0.1781435 0.093547314 0.0044234344 0.14032999 0.71730256 0.827836 0.12766594 0.10280092 0.056580946 0.6854509 0.015585175 0.008945115 0.5247646 0.1021151 0.016523603 0.022416502 0.005377285 0.0009266683 0.09614869 0.0014552098 0.0025995488 0.735567 0.13046592 0.009161606 0.015973141 0.0016336798 0.0036083693 0.00033336444 0.00048894266 0.0026554225 0.0021156175 0.0026785769 0.29392076 0.00013277253 0.11643621 2.853358e-05 0.0010843526 0.0014947868 0.00025453273 0.00036625005 0.002699714 6.871555e-05 7.3197705e-05 0.042126793 8.547125e-05 7.170338e-05 0.02735721 1.6671196e-05 9.25408e-05 0.00038504027 9.7378825e-06 2.0725922e-07 0.00030569982 0.0008117682 1.1002563e-07 0.0001163802 0.00014410177 0.0016997478 0.0001229717 2.6861113e-07 3.1284944e-05 0.0006084137 1.33489675e-05 1.4065274e-07 0.21566042 0.0002178432 2.9033487e-07 2.3135851e-06 5.7750974e-08 3.289696e-05 0.00042361885 0.03311518 0.03505596 0.0002133034 0.0029948512 0.00020115657 6.059356e-07 7.379386e-06 0.062367447 1.0251097e-05 0.00045300805 1.8667666e-05 2.9039276e-05 4.0713152e-07 0.0007375594 0.10681133 5.243743e-06
0.94148296 0.6092709 4.6150387e-14 0.9066775 0.945229 0.21116707 0.97135645 0.0062681963 0.5045287 0.6673198 0.42843994 0.482013 0.0002415249 0.36222103 0.009411845 0.011431331 0.10196334 0.1330488 0.091693245 0.06473968 0.5506049 0.001595628 0.5518806 0.015100462 0.31577054 8.7693945e-05 0.0033714965 0.0010067195 0.23455524 0.021183657 0.11904155 0.011838639 0.047893945 0.07126849 0.002034575 0.4706061 0.00036458738 0.16646838 0.24720131 0.0833622 0.11259338 1.3283173e-05 0.03756989 0.053303838 0.0431279 0.0003177802 0.052366763 0.00030318866 0.2484499 0.0006374027 0.00019268811 0.0017570559 0.00030952846 0.0023183308 0.0054287324 0.008222152 3.1186286e-05 0.00042992976 7.204756e-05 0.00026419177 0.00019113919 0.0005624973 0.00016751686 0.0085660815 9.938215e-06 2.53545e-06 0.0010734672 0.00011931405 5.914178e-07 0.00021625803 0.0002198281 0.00016886517 0.001042223 2.1429012e-05 2.1816657e-05 1.6250116e-05 0.0019210794 5.8711546e-05 0.0010959455 0.0003580188 0.00013002654 0.00027951592 1.8865643e-05 7.0399883e-06 2.1590367e-05 0.0007468776 2.5144824e-05 0.00015193583 1.5117571e-06 3.358072e-05 5.5470127e-06 5.8040103e-05 0.00054738595 0.00013937603 1.625437e-06 0.00011708891 2.132643e-08 1.0716636e-05 1.7461183e-05 0.0010524137 4.158677e-05
0.9904455 0.3915192 0.9066775 1.0452896e-12 0.86536497 0.21079275 0.28837097 0.007632019 0.23317686 0.84792995 0.79462856 0.7624546 0.0007329833 0.6529307 0.013976438 0.01697127 0.31281984 0.58849984 0.040780496 0.044353552 0.11257358 0.004014089 0.2111661 0.014859824 0.1590476 0.00020359337 0.003460754 0.0018253238 0.3284645 0.13999876 0.116345644 0.09625554 0.110956855 0.22882445 0.1061209 0.1851071 0.0009789865 0.04058366 0.034385778 0.03815922 0.018473763 0.00014036286 0.09532836 0.0050297137 0.053503674 0.0026912848 0.0029324114 0.012987368 0.021194559 0.0044724257 0.0012043709 0.007994725 0.0074815615 0.07885038 0.031757623 0.00079589133 0.00028785152 0.001127351 0.00093311496 0.011214393 0.00014776434 0.012776357 0.0010664205 0.00052288774 0.0017344602 0.00020017811 0.0060815616 0.0016053492 0.00019037495 0.0032514387 0.0025868819 0.002024688 0.0044578603 0.00078294566 0.00063256634 2.7925733e-05 7.058109e-05 5.5060533e-05 0.0011147653 0.0039258604 0.00017045518 3.447076e-05 4.0872234e-05 8.312972e-05 0.00021679408 0.0004919483 5.2590156e-05 0.002705921 7.075089e-06 9.407416e-05 2.1953417e-06 0.0015220182 0.0005456589 0.000737508 4.000921e-05 0.0022122553 4.441901e-07 1.240041e-05 2.5525556e-05 0.0011393852 3.994659e-06
0.99882495 0.0016972184 0.945229 0.86536497 5.09388e-16 0.00038881018 0.10753039 9.600121e-06 0.004533499 0.86980325 0.7446262 0.67013526 4.2316898e-07 0.013934653 3.9075836e-05 9.661015e-06 0.015605939 0.004674641 0.000598475 0.0001431621 0.4565014 3.5355797e-06 0.8168626 1.0144586e-05 0.8640512 1.1572267e-06 1.4936881e-05 7.796872e-07 0.45369953 0.0004912816 0.23693487 0.0018935762 0.0015430561 0.006122442 0.00022495427 0.0023548491 1.531618e-06 0.6084453 0.16076368 0.7337503 0.31186974 5.9340113e-08 0.0019062331 0.060059234 0.18554117 9.0395415e-06 0.00031569327 0.000121670215 0.005161842 0.013857717 3.3380266e-07 4.2775806e-05 1.9439412e-06 0.0016178266 0.00084579183 0.09786707 3.7273585e-07 1.27562e-05 2.810931e-06 7.061273e-05 2.5940396e-06 0.0005381112 1.8333033e-07 0.0030149901 1.858668e-05 1.00049065e-05 0.000311226 1.6803728e-05 1.2624503e-05 1.6590622e-05 2.0210351e-05 1.1398133e-05 5.330927e-05 7.50313e-05 4.4371254e-07 3.814537e-08 0.005976838 7.487654e-05 1.5684267e-06 2.4005078e-05 0.00013063433 0.0015034763 4.2993055e-05 3.8766032e-08 8.741961e-08 1.853492e-07 6.3101195e-09 1.47290975e-05 3.982612e-06 9.7906614e-08 4.2012343e-05 7.573875e-06 2.9855292e-07 4.9233126e-06 1.6201419e-07 8.306153e-06 1.2290516e-07 0.00015373986 3.2747812e-07 9.2232165e-07 3.1109852e-05
0.9603593 0.8588464 0.21116707 0.21079275 0.00038881018 1.198307e-12 0.62136406 0.46626174 0.18664393 0.038817134 0.055805217 0.011057099 0.17739215 0.94449186 0.94156486 0.44639665 0.0021646984 0.2886167 0.094824865 0.26297534 0.034113273 0.69563514 0.0062871925 0.6026292 0.0007989846 0.06939985 0.018900454 0.21704783 0.0015479692 0.078664415 0.0006419836 0.0007106981 0.1805926 0.00027495946 0.010910396 0.027237857 0.026933206 0.00041703493 0.0020117473 2.2977238e-05 0.0002456639 0.0061616576 0.00019060893 0.00025152415 0.00010903358 0.0615522 0.0029093123 0.0002166114 0.0053342613 1.1750133e-06 0.008419623 0.037336446 0.0013957183 0.00018269147 0.017496275 1.0255903e-06 0.00017355042 0.03422565 0.002577959 0.00010099549 0.0054387 2.2143911e-05 0.0014555887 0.00011423691 1.9557187e-05 1.2783588e-07 0.0032537356 0.007874236 2.4583483e-07 0.0051300996 0.00015378003 0.008392222 0.00044509527 5.068105e-07 0.001816892 0.0013967494 1.2266144e-06 1.77125e-08 0.008373109 0.005136363 4.6461153e-08 5.1507227e-06 7.892142e-09 0.00084316154 0.0058631785 0.0027864773 0.0015576846 0.0082336115 0.0037397642 0.00012591203 9.558796e-07 0.00036158026 0.00029116243 9.018845e-05 0.001517834 0.000505507 8.099026e-05 6.6645136e-08 0.0031260238 0.0012910574 1.8345749e-05
0.90695745 0.80026746 0.97135645 0.28837097 0.10753039 0.62136406 6.4072636e-17 0.10259542 0.82478297 0.11226914 0.2120531 0.27151382 0.0023867658 0.17304438 0.14007434 0.018428583 0.047122963 0.043712072 0.8275293 0.61673266 0.96185 0.07069697 0.47477162 0.17840058 0.10487836 0.004458217 0.026279638 0.03279047 0.03882379 0.0072470084 0.11225445 0.001745829 0.029614933 0.0076642097 0.0074682026 0.49024916 0.0016707891 0.02868985 0.15839265 0.003681516 0.022424396 0.00010590002 0.0075810803 0.03720865 0.03492224 0.0022081682 0.34339115 5.357614e-05 0.34257314 3.120232e-05 0.0022849853 0.002458208 0.00074381824 0.00015248673 0.0038830785 0.00057775236 5.334146e-05 0.0020351077 0.0002917773 3.474807e-05 0.0006010592 0.00013346798 0.00069900876 0.0061312476 4.825509e-06 5.529717e-07 0.0010800642 0.00026813705 5.0213333e-07 0.00024715986 6.9286594e-05 0.0007939896 0.0018505718 4.622079e-06 5.7205918e-05 0.00029266995 0.00036344683 2.7841158e-06 0.000769509 0.0003808545 9.1183097e-07 2.4828212e-05 1.2985173e-07 6.181201e-05 8.6874694e-05 0.00015497995 5.1653944e-05 0.00038149738 1.590646e-05 5.189376e-05 2.2133521e-07 0.00029907914 0.00016684977 1.6678812e-05 1.286843e-05 0.0001634378 3.1785138e-08 4.961805e-07 1.7846698e-05 0.00047848688 6.770749e-06
0.98996484 0.6257396 0.0062681963 0.007632019 9.600121e-06 0.46626174 0.10259542 2.511157e-12 0.15727986 7.133249e-05 0.00085703423 1.3182644e-05 0.9018919 0.22578418 0.121325076 0.10983079 3.2474854e-06 0.0028945794 0.12319957 0.6295326 0.005420535 0.10038062 7.219922e-05 0.9310973 6.1663486e-06 0.039633736 0.9554098 0.38221183 1.3298574e-05 0.00074333453 8.472801e-05 1.1167956e-05 0.07505678 3.3474864e-06 1.498745e-05 0.11346629 0.68986195 4.399758e-05 0.0005503922 7.316145e-06 9.143176e-06 0.0003777606 3.713059e-06 7.514336e-05 1.9036423e-06 0.0006546218 0.019492388 3.7221882e-06 0.0038297155 1.5292265e-07 0.004546974 0.0004750656 8.071086e-06 9.951361e-06 0.0006935647 4.633454e-07 1.992207e-08 0.23924626 1.5836924e-05 1.3255415e-06 0.3616751 1.569933e-07 3.2054653e-05 2.8897884e-05 2.7815654e-08 3.4050283e-09 0.00011214922 0.00018519328 5.340515e-10 9.0184156e-05 1.6802029e-05 0.0008260928 0.00013319726 3.6955807e-09 1.8917359e-06 0.0009609452 1.2433638e-07 1.0808863e-08 0.5574408 0.00011449867 3.0699283e-08 1.1260409e-07 4.9635307e-08 1.1402367e-06 9.508871e-05 0.13366757 0.11321471 5.8872127e-05 0.055556122 0.0024829116 6.5130614e-08 2.6838031e-06 0.049402613 1.5662497e-05 0.004224203 2.7591639e-06 0.0002778631 9.851635e-08 0.01599961 0.041089136 2.470319e-06
0.98248154 0.91456515 0.5045287 0.23317686 0.004533499 0.18664393 0.82478297 0.15727986 1.8765797e-17 0.004549817 0.0016761963 0.0011105236 0.0022929292 0.43562388 0.008950423 0.020040104 0.00013015929 0.011626001 0.9645971 0.45751432 0.25798765 0.0073823496 0.010589295 0.040925898 0.0021581538 0.00053688 0.037129905 0.0014950079 0.0017875155 0.00085767737 0.00088647945 2.5330983e-06 0.06344171 5.637902e-06 2.1678528e-05 0.8933228 0.0019160707 0.010796363 0.05300367 0.0006128477 0.0056647887 0.00017754156 2.4994395e-05 0.026408002 0.00020424719 0.00015963516 0.7358116 3.428315e-06 0.38728663 1.0042556e-06 2.104402e-05 0.00024944972 2.2575385e-05 1.1613771e-06 0.0018587051 0.00079544104 4.0937593e-06 0.0023247292 4.3762022e-05 9.831883e-07 0.0018566545 9.338645e-08 0.00054383284 0.011329247 3.0560123e-08 6.6025045e-08 8.926481e-05 9.5573836e-05 2.1778719e-09 1.9503133e-05 6.343977e-05 0.00012407893 0.0012120759 1.7811765e-08 2.5795993e-07 4.0872096e-06 6.3030784e-05 5.182946e-07 0.08411806 5.1465373e-05 5.0759314e-07 1.3133454e-05 2.965877e-07 5.882918e-07 6.7030487e-07 0.017365657 0.044551175 6.2746885e-06 0.00021014767 5.7186116e-05 4.977061e-07 5.559758e-05 0.10737216 2.8424074e-05 4.9085003e-05 1.17441e-05 3.3601316e-07 1.8963581e-06 0.00010506397 0.30904466 7.2245816e-06
0.9464179 0.077551074 0.6673198 0.84792995 0.86980325 0.038817134 0.11226914 7.133249e-05 0.004549817 8.086335e-15 0.9440498 0.9538749 2.7560014e-05 0.16910052 0.0013552242 0.00028114486 0.6269938 0.52834797 0.007921979 0.0013619721 0.13726835 3.032391e-05 0.545868 0.0004323385 0.67653084 4.0550754e-07 6.828244e-05 1.3800782e-05 0.74255633 0.123522855 0.65296 0.32336828 0.020034764 0.5807477 0.052188814 0.05893381 3.6123681e-06 0.11657424 0.08205741 0.33351684 0.11448239 2.9694655e-07 0.33210048 0.013615481 0.4180998 7.233589e-05 0.003702794 0.012035126 0.018335795 0.23977385 1.8109937e-06 0.0012641521 0.0021746345 0.118518844 0.011401057 0.0062308926 0.00016312652 1.5772271e-06 8.4498315e-06 0.0051681865 3.1030297e-05 0.037046634 0.0003541063 0.002012744 0.0007230792 0.00012281688 0.0021332507 9.389396e-06 0.0001460927 0.0004996832 0.0012410776 1.7977636e-05 0.0017313615 0.0017310834 1.5442931e-06 2.546698e-07 0.006587863 0.0014042885 0.00017205473 0.0008708718 0.059652023 0.00019753375 0.0005455694 2.3455597e-07 6.6882853e-07 6.455099e-05 3.7891966e-06 0.00021121842 5.979831e-07 1.2546857e-07 7.818496e-05 0.00010333552 7.6051356e-06 0.00040053687 3.811986e-07 0.0007977695 8.189891e-09 6.323471e-05 1.0632524e-06 0.0001470976 1.1131059e-05
0.91957873 0.04652267 0.42843994 0.79462856 0.7446262 0.055805217 0.2120531 0.00085703423 0.0016761963 0.9440498 9.069355e-18 0.9504026 8.510539e-05 0.17629598 0.015730798 0.0015495053 0.87898564 0.7549937 0.0045107785 0.003600494 0.08504901 0.0007383663 0.115167186 0.0002885422 0.15948167 4.954021e-06 3.707152e-05 3.7614256e-05 0.26237136 0.22839202 0.30271736 0.25368568 0.022922818 0.1997339 0.38184223 0.004753638 1.7583782e-06 0.0114437 0.0084342705 0.030453082 0.009631756 2.1178153e-06 0.16493502 0.00053344213 0.09363397 0.0003291876 0.00034127288 0.0075697815 0.002095662 0.01936204 5.7425455e-06 0.006744939 0.023284722 0.064036705 0.02580286 0.00027353354 0.00023416677 1.3628825e-07 0.00015126615 0.01713521 1.08411095e-05 0.01637728 0.0024164529 0.00026148366 0.002927555 0.00022931061 0.009022282 5.1729072e-05 0.00032222873 0.0044469624 0.006191974 5.2569096e-05 0.009303831 0.0017564585 1.0769708e-05 4.1953285e-07 0.0004919926 0.00015405011 1.9682668e-06 0.0028874662 0.001813346 6.396695e-06 3.8546663e-05 1.5732686e-06 1.9421132e-07 6.0393468e-06 2.59203e-07 0.0025529682 1.7989261e-07 7.536285e-08 3.3965719e-06 0.0039344 3.330319e-07 0.0030779743 1.5756207e-07 0.0046804245 8.1525453e-10 6.089135e-06 1.2432316e-06 7.60383e-06 1.8813971e-05
0.870793 0.01699673 0.482013 0.7624546 0.67013526 0.011057099 0.27151382 1.3182644e-05 0.0011105236 0.9538749 0.9504026 3.7830538e-16 3.5680978e-06 0.06489079 0.000573542 5.514298e-05 0.93720335 0.5556152 0.003176201 0.0005064653 0.18834285 5.6209374e-06 0.31908986 4.0442043e-05 0.38700968 3.7915353e-08 1.7129303e-05 6.581871e-06 0.6716678 0.14011715 0.5755798 0.3705649 0.004868935 0.53922755 0.20100743 0.006587954 5.6853672e-08 0.040351048 0.018862898 0.096113905 0.029579485 1.9792537e-08 0.36218554 0.0019562987 0.26416302 4.9276834e-05 0.0015208059 0.016505083 0.0070850216 0.06527781 1.4712516e-07 0.00042920606 0.01572275 0.18195781 0.0024254376 0.0009896073 0.00012937209 1.6439197e-08 6.728055e-06 0.018756654 2.921401e-06 0.024137242 1.8705741e-06 0.0007107049 0.003187872 0.0002651719 0.0003520919 9.538844e-07 0.00013078503 4.485115e-05 0.00048597308 1.4133021e-06 0.00024711178 0.00052832137 1.920482e-08 7.23854e-08 0.0021990717 0.0009333668 4.2107667e-06 3.4214834e-05 0.012507076 7.673146e-05 0.0002022536 1.3477478e-08 1.6571047e-07 1.3944025e-06 2.6172825e-07 3.131018e-06 1.3595624e-08 4.3366377e-09 2.0419488e-05 2.5203786e-07 2.0249107e-07 5.5107652e-05 1.8965443e-08 3.9097755e-05 3.689564e-10 1.5073641e-05 9.0267044e-08 7.2242506e-06 6.436322e-06
0.9946084 0.0757833 0.0002415249 0.0007329833 4.2316898e-07 0.17739215 0.0023867658 0.9018919 0.0022929292 2.7560014e-05 8.510539e-05 3.5680978e-06 1.2891653e-13 0.08186415 0.20996778 0.14136139 4.0750604e-07 0.00059165986 0.006913806 0.057344705 0.00010237445 0.22899358 2.930587e-06 0.76147586 4.5328585e-07 0.031910572 0.7593962 0.90462536 2.1445673e-07 7.42279e-05 4.7359e-06 5.751471e-07 0.060257338 1.0556241e-06 4.4414373e-06 0.0011357367 0.96456414 3.174261e-06 1.0051318e-05 6.518166e-07 6.6187695e-08 0.0008864203 1.7702707e-06 2.1370001e-06 6.4999646e-09 0.00087295065 0.0008168088 1.2015525e-06 0.00039465795 1.5794734e-09 0.009819145 0.0002245117 1.0686452e-06 2.6703408e-06 0.0003622212 8.124333e-08 7.2617784e-10 0.6546424 5.435567e-05 5.1847303e-07 0.836748 1.10433305e-07 0.00014335626 2.9674457e-06 2.8665573e-08 6.959576e-08 3.7879017e-05 0.00017602557 5.253601e-09 6.0018967e-05 3.7766638e-06 0.00040762383 7.617094e-05 7.1409394e-09 5.5568553e-06 0.0023195206 3.4606444e-08 3.1715586e-10 0.5866419 3.5610658e-05 7.274494e-09 5.6870046e-08 8.374748e-08 8.8520965e-06 0.00016756624 0.33025157 0.09826604 3.453571e-05 0.4785901 0.006062999 2.0163903e-08 1.8105146e-05 0.0017098179 6.6841053e-06 0.010453343 2.5825984e-06 0.0014072875 6.877353e-08 0.31856388 0.00018873138 6.4107894e-08
0.99984527 0.8065728 0.36222103 0.6529307 0.013934653 0.94449186 0.17304438 0.22578418 0.43562388 0.16910052 0.17629598 0.06489079 0.08186415 2.2477727e-16 0.28262174 0.39594233 0.080934286 0.46981868 0.1655648 0.17271422 0.055546544 0.17203934 0.0240524 0.1846047 0.012362715 0.060332667 0.04881887 0.06232245 0.021814108 0.10734772 0.008366144 0.062195405 0.31658396 0.044003703 0.025347605 0.24516176 0.028352262 0.002556178 0.003829542 0.0012334174 0.0007225922 0.036623206 0.012582914 0.0009366733 0.0021666265 0.12807634 0.008298762 0.014617778 0.008855817 0.00020428964 0.014880856 0.036706526 0.00077275553 0.01082421 0.027478155 5.38546e-05 0.0004900878 0.008416323 0.008166199 0.0025216292 0.0031487362 0.00053604704 0.0006817336 0.00010461585 0.00032016725 4.8785532e-05 0.002401267 0.032608762 3.129652e-05 0.0022668175 0.00013359723 0.025132433 0.00014128319 1.7229619e-05 0.0007656367 0.0042642904 1.4382854e-06 1.2050819e-07 0.0065683653 0.0014737316 2.6479688e-08 2.2822042e-06 7.147552e-08 0.00085196225 0.0067298487 0.0023384353 0.00028671126 0.00082883454 0.0005369908 0.00049506227 7.225187e-08 3.7608945e-05 0.0019175203 3.4694498e-05 0.0018161695 3.2977503e-05 6.461338e-05 7.080495e-08 0.0010299904 0.0017305567 2.253021e-06
0.85351026 0.1781435 0.009411845 0.013976438 3.9075836e-05 0.94156486 0.14007434 0.121325076 0.008950423 0.0013552242 0.015730798 0.000573542 0.20996778 0.28262174 1.5128931e-16 0.9829621 0.00029986107 0.035927758 0.008033069 0.018795464 0.004187265 0.955932 0.0005516213 0.1728833 0.000254728 0.6642951 0.0014249256 0.46747324 4.4260356e-05 0.008147234 6.338072e-06 0.00013160944 0.42455068 1.3170267e-05 0.0014676208 0.00034226163 0.0051466944 2.1116673e-05 8.817253e-05 5.90582e-07 2.3795167e-06 0.072918735 5.1292627e-06 3.8051267e-06 2.222262e-06 0.53786725 6.564623e-05 7.365798e-05 6.7870083e-06 2.091841e-08 0.12369326 0.08608413 0.00039040804 4.742435e-06 0.019108491 4.4983018e-08 5.251155e-06 0.004678017 0.020161532 3.5540984e-06 7.288953e-05 6.654111e-08 0.0046391473 2.415705e-06 3.193769e-07 1.7785176e-09 0.002406557 0.081830025 1.0571373e-08 0.0046088235 0.000116048715 0.10833914 0.0004260341 7.563963e-08 0.015685033 0.0034859814 3.261676e-08 2.564665e-11 0.00021051816 0.0053136856 1.4659992e-09 8.690933e-09 6.164084e-10 0.0062272837 0.026484886 0.00014571741 1.0190509e-05 0.009975053 0.0003083332 0.0047927974 1.6815138e-09 0.0006334538 5.122355e-06 1.0699705e-05 0.003467123 0.00095892436 0.00013765167 1.1998686e-09 0.00063420925 1.1188705e-06 1.1548645e-09
0.99559635 0.093547314 0.011431331 0.01697127 9.661015e-06 0.44639665 0.018428583 0.10983079 0.020040104 0.00028114486 0.0015495053 5.514298e-05 0.14136139 0.39594233 0.9829621 2.1169354e-15 3.5682795e-05 0.016441122 0.01592173 0.022958847 0.00165359 0.7582049 0.0004064033 0.25749674 7.388354e-05 0.7275142 0.016051335 0.5307519 0.000103693084 0.010652815 1.787869e-05 8.653015e-05 0.8397288 7.4045734e-06 0.00030250763 0.0060450025 0.056940336 1.3937903e-05 0.00016357767 3.696716e-07 2.4737867e-06 0.10311171 2.107771e-06 2.231529e-05 6.1560104e-07 0.20104559 0.00061867444 2.596115e-05 0.000112567446 1.9930926e-08 0.30950737 0.1197043 2.579203e-05 1.7079421e-05 0.07962335 1.3080237e-06 5.628012e-06 0.030022897 0.005074025 2.8032905e-06 0.007914209 8.030505e-07 0.015162846 7.992391e-06 1.2866428e-07 4.0509412e-10 0.0049848785 0.042364795 2.0740532e-09 0.020501424 0.00014332999 0.1374982 0.0004465389 3.2309956e-08 0.010051032 0.061666407 4.296618e-08 1.8990807e-09 0.00548836 0.0059347623 1.471013e-09 1.5653403e-07 2.1526876e-09 0.021001637 0.134024 0.0019111806 7.12993e-05 0.013665444 0.005401697 0.03558336 1.4916758e-08 0.0006095732 1.4565024e-05 6.6562854e-05 0.02257585 0.00029192344 0.0014383424 5.942897e-10 0.0056237313 2.5959538e-05 8.150862e-07
0.9782105 0.0044234344 0.10196334 0.31281984 0.015605939 0.0021646984 0.047122963 3.2474854e-06 0.00013015929 0.6269938 0.87898564 0.93720335 4.0750604e-07 0.080934286 0.00029986107 3.5682795e-05 4.7158383e-14 0.79024506 0.0003925913 3.127161e-05 0.033821505 2.0160521e-06 0.03979443 3.906736e-06 0.10705026 3.3400244e-08 5.7558833e-07 8.25389e-07 0.3232181 0.45807213 0.48809394 0.92733866 0.0046535726 0.8548439 0.7404374 0.0003326261 5.375182e-09 0.003384361 0.001246118 0.013805047 0.0034714735 2.6825056e-08 0.69246155 0.00024921194 0.16776857 2.2140828e-05 0.00013827981 0.15519857 0.000909815 0.16983975 7.678375e-08 0.0006022004 0.19712873 0.6322267 0.0092620095 0.00026661702 0.004921586 2.3673108e-09 7.623689e-06 0.17134771 7.833818e-07 0.22154753 0.00036728382 0.00012688035 0.040525075 0.008542231 0.002996277 5.8738788e-06 0.0077002146 0.0009323785 0.0062676137 2.8659808e-06 0.0062248884 0.026116172 1.0254051e-05 1.7880429e-07 0.0006346113 0.00060482 2.7137446e-07 0.0016573957 0.036849517 1.5707417e-05 0.00023629612 2.1862395e-07 1.1552634e-07 1.0018125e-06 1.8953537e-07 0.0017945467 1.6158452e-08 1.14227525e-08 2.0287673e-05 0.004325324 3.484123e-08 0.0035516392 4.276228e-08 0.0018555925 1.0275864e-10 1.4716025e-05 4.3459912e-07 1.2305652e-06 7.218073e-06
0.99450797 0.14032999 0.1330488 0.58849984 0.004674641 0.2886167 0.043712072 0.0028945794 0.011626001 0.52834797 0.7549937 0.5556152 0.00059165986 0.46981868 0.035927758 0.016441122 0.79024506 1.1924041e-12 0.0020143148 0.0021467335 0.007206323 0.005251028 0.014242138 0.00038769696 0.019450314 7.819248e-05 0.00013530978 0.00078872824 0.048874687 0.8755226 0.031608254 0.327449 0.105651975 0.16359743 0.96552926 0.0012347697 6.7540072e-06 0.0021902516 0.0012250064 0.003531243 0.001066307 0.00053052086 0.12879604 0.00020592276 0.008587225 0.007126046 6.3127634e-05 0.25425133 0.00017596413 0.0061533228 0.000114770446 0.041965574 0.6529882 0.2386186 0.1564104 1.567638e-05 0.013262725 1.4612744e-05 0.007686927 0.10348316 7.1552317e-06 0.0545263 0.0018027647 1.5915808e-05 0.06350921 0.016753796 0.050068185 0.006490016 0.018696783 0.0112278275 0.06807609 0.0035336583 0.034340408 0.027014712 0.0042118696 3.585388e-06 1.045396e-05 3.373849e-05 7.4308795e-05 0.016434591 0.0017523877 4.9267596e-06 6.376008e-05 0.00047753347 1.9022931e-05 8.355439e-05 4.8694546e-06 0.016698198 7.160823e-06 3.092403e-05 1.5447667e-05 0.0038554035 1.4908951e-06 0.011480849 2.8346421e-06 0.027764272 5.174308e-07 5.1843426e-06 1.3710714e-06 3.01907e-06 1.8758278e-06
0.87628776 0.71730256 0.091693245 0.040780496 0.000598475 0.094824865 0.8275293 0.12319957 0.9645971 0.007921979 0.0045107785 0.003176201 0.006913806 0.1655648 0.008033069 0.01592173 0.0003925913 0.0020143148 1.1787639e-16 0.9622447 0.57271665 0.012295043 0.014683587 0.22210558 0.0034027258 0.003685851 0.22276177 0.014182021 0.0010947343 0.00034516008 0.0007660475 3.4371555e-05 0.016191311 2.8544331e-05 6.9581394e-05 0.8588307 0.017017078 0.0095917 0.030893205 0.00021260964 0.008414563 0.00018691778 1.3129496e-05 0.024812745 0.0006952561 0.00041487263 0.91593707 2.192864e-06 0.26716956 6.1148586e-07 0.0007021821 0.00038823325 2.92353e-06 5.724736e-06 0.0009839201 0.00034687232 3.6640447e-06 0.013978303 3.370585e-05 9.52837e-07 0.010975914 2.8317683e-07 9.5156116e-05 0.044824097 3.3238584e-07 6.027321e-08 9.6467214e-05 1.6187814e-05 4.0229104e-08 9.419198e-06 2.2211465e-05 0.0001535274 0.0007444104 7.0971015e-07 7.299579e-06 0.00011053377 0.00012403114 5.218055e-07 0.03776501 6.001653e-06 1.4470924e-06 0.00014399133 2.5228905e-08 1.4020225e-05 2.0973403e-06 0.018851869 0.016253522 6.6028383e-06 0.0009001651 5.437211e-05 1.5663392e-07 2.5064166e-05 0.02869813 1.3854226e-05 7.6678276e-05 5.3140066e-06 1.3157636e-07 1.3079456e-07 0.00054847886 0.04595732 9.020815e-05
0.8725011 0.827836 0.06473968 0.044353552 0.0001431621 0.26297534 0.61673266 0.6295326 0.45751432 0.0013619721 0.003600494 0.0005064653 0.057344705 0.17271422 0.018795464 0.022958847 3.127161e-05 0.0021467335 0.9622447 7.3740114e-17 0.036491 0.022109756 0.0025882216 0.98206323 0.00053959375 0.00729833 0.8993039 0.060076408 0.0001332819 0.0018933929 3.8946295e-05 1.0365398e-05 0.017035589 1.8978039e-06 1.8181e-05 0.11926957 0.13540249 0.0008293062 0.0034589143 4.883581e-05 0.0010924159 3.3181517e-05 4.039854e-06 0.0023687081 1.2992221e-05 0.00055244786 0.30421385 1.0491648e-06 0.020595456 9.883267e-07 0.00068503944 0.00034989088 9.779496e-07 4.0536315e-06 0.0012704276 0.00011985417 2.0288435e-06 0.08480339 5.0116785e-05 1.1207854e-06 0.09115594 4.7461117e-07 2.72657e-05 0.0024614064 3.4330634e-07 6.2660916e-09 4.0578652e-05 1.7420101e-05 1.9800053e-08 3.3074382e-05 5.4948487e-05 0.00014192682 0.00030564299 5.036812e-08 8.550206e-07 0.00011358835 1.9713112e-05 3.310823e-08 0.28462303 7.163452e-06 3.9023603e-06 1.9758942e-05 1.7624166e-07 1.3574036e-05 3.5405516e-05 0.09144406 0.058608435 4.992537e-06 0.02028984 4.4531964e-05 1.0683538e-06 7.5366694e-07 0.083842434 2.048901e-05 0.00012294226 1.4818613e-06 1.6556618e-06 8.4220875e-07 0.0017560414 0.11545387 0.00030802636
0.9133452 0.12766594 0.5506049 0.11257358 0.4565014 0.034113273 0.96185 0.005420535 0.25798765 0.13726835 0.08504901 0.18834285 0.00010237445 0.055546544 0.004187265 0.00165359 0.033821505 0.007206323 0.57271665 0.036491 1.9885088e-16 0.002967501 0.9500892 0.016721042 0.53743035 0.0012309034 0.0009448236 0.0038682849 0.109221414 0.0024416717 0.26433626 0.00076255825 0.006820779 0.0029099658 0.0005020399 0.81864643 3.839551e-05 0.5470445 0.8894116 0.108765826 0.5853918 9.213787e-06 0.0029698159 0.63334405 0.14775269 0.00014632737 0.4731753 0.00015562524 0.7269758 0.001217182 0.00021856134 0.0001506069 0.00022063126 0.0001724179 0.00056576595 0.04807961 0.0001281416 8.1514234e-05 1.9485657e-05 3.3275886e-05 0.00032764443 9.233346e-05 0.00024192348 0.080031686 6.995473e-07 6.60646e-08 4.9095444e-05 2.2053206e-05 1.0822671e-07 1.5115057e-05 3.324943e-05 0.00025706884 0.0026662122 1.9824295e-06 3.857084e-06 5.4189395e-06 0.007662839 0.00013352935 0.00050089986 2.7143203e-06 5.1757743e-05 0.0020661145 4.005603e-06 3.6729467e-05 4.2930285e-05 6.072604e-05 4.9760456e-05 2.1617872e-05 2.7150778e-05 1.8644971e-06 3.199961e-05 7.6054175e-06 0.00014684473 1.3341726e-05 8.564352e-06 6.862664e-06 8.613687e-08 2.2530712e-05 3.061466e-05 0.0007035676 0.0003525822
0.95994097 0.10280092 0.001595628 0.004014089 3.5355797e-06 0.69563514 0.07069697 0.10038062 0.0073823496 3.032391e-05 0.0007383663 5.6209374e-06 0.22899358 0.17203934 0.955932 0.7582049 2.0160521e-06 0.005251028 0.012295043 0.022109756 0.002967501 2.0613832e-15 6.3483705e-05 0.41091862 1.6276676e-06 0.9723187 0.015296045 0.8971878 6.8950717e-06 0.0017312956 2.6832786e-06 4.781983e-06 0.39395267 1.2370828e-06 4.674286e-05 0.0023291376 0.18235837 2.5996985e-06 5.3299154e-05 3.150532e-08 4.4396182e-07 0.03910244 2.3314429e-07 2.379115e-06 2.9757848e-07 0.15694115 0.0010235702 3.4396473e-07 6.2415085e-05 1.06407185e-08 0.4077904 0.023194104 1.5928503e-05 1.3533119e-06 0.0046124402 9.0236405e-08 4.136615e-08 0.15828471 0.0028287834 1.399627e-07 0.02573305 1.4287505e-07 0.006358966 1.3496059e-05 1.2549957e-07 7.0651596e-11 0.00052644056 0.008086465 1.3374139e-10 0.001214854 2.357223e-05 0.055635903 5.3577718e-05 2.9627276e-09 0.0028550064 0.08442241 4.776666e-07 5.412029e-10 0.011181976 0.0016961715 2.511689e-08 3.6167097e-07 5.741639e-09 0.0032059897 0.07216724 0.005815147 0.0037211613 0.0028241444 0.014525076 0.1533315 7.464997e-08 0.00020939468 0.00023168775 5.353683e-06 0.2232864 8.660105e-05 0.013020405 2.7450616e-08 0.08202774 0.00019875503 1.7190956e-06
0.8673915 0.056580946 0.5518806 0.2111661 0.8168626 0.0062871925 0.47477162 7.219922e-05 0.010589295 0.545868 0.115167186 0.31908986 2.930587e-06 0.0240524 0.0005516213 0.0004064033 0.03979443 0.014242138 0.014683587 0.0025882216 0.9500892 6.3483705e-05 3.4899285e-16 0.00017323326 0.962764 5.9560207e-06 4.3145934e-05 4.36738e-05 0.77456695 0.00519882 0.6073915 0.0012765109 0.0035415378 0.018517675 0.00048716887 0.10649966 4.5235716e-08 0.67424077 0.6855075 0.7145543 0.582832 5.0434284e-07 0.008461706 0.24910255 0.4824185 2.1346568e-05 0.04056967 5.005565e-05 0.21663831 0.012746613 5.5154493e-07 0.00013689394 0.0002728491 0.00014690652 0.0011172766 0.07014955 4.102567e-05 3.044069e-08 2.7700078e-06 2.5368795e-06 1.0143003e-06 0.00015970445 3.2405354e-05 0.023778496 6.435537e-08 2.968517e-07 5.3491127e-05 2.3731213e-06 9.779706e-08 4.4231874e-05 0.000114991526 3.6864446e-06 0.00042171974 2.1086337e-06 4.5077047e-07 1.0810725e-07 0.037927497 0.00091418857 2.187999e-06 2.6416945e-05 0.0006678757 0.002563041 0.000118168406 1.0792569e-06 2.2017122e-07 1.303717e-06 2.2480619e-07 7.460874e-05 2.7086081e-08 1.8259556e-07 0.00011629155 1.12578655e-05 3.6744093e-06 3.148886e-06 1.653596e-08 6.3766315e-06 2.6232932e-10 0.00015514542 9.4593247e-07 9.9402016e-05 0.00021466412
0.8622444 0.6854509 0.015100462 0.014859824 1.0144586e-05 0.6026292 0.17840058 0.9310973 0.040925898 0.0004323385 0.0002885422 4.0442043e-05 0.76147586 0.1846047 0.1728833 0.25749674 3.906736e-06 0.00038769696 0.22210558 0.98206323 0.016721042 0.41091862 0.00017323326 1.8507094e-17 2.420787e-05 0.08411525 0.9151757 0.6810947 2.9224125e-06 0.00013967103 5.402425e-07 1.1025877e-06 0.12366288 7.214309e-08 6.854495e-06 0.009643075 0.7682044 2.7092168e-05 0.00016026884 6.126442e-08 6.9829784e-06 0.0019612461 3.1255598e-07 2.304439e-05 4.8462044e-07 0.004044793 0.03762293 2.170325e-07 0.0003288362 5.355475e-08 0.02761357 0.0030611844 2.613414e-07 4.0327228e-07 0.005629258 2.327527e-08 8.353479e-07 0.40063244 0.0006920824 5.301205e-08 0.37877536 1.441808e-08 0.0037294426 1.7860133e-05 2.3271012e-08 4.9410637e-10 0.00037615868 0.00019396507 2.6244107e-09 0.0004261926 7.941289e-06 0.001743442 0.0007879088 3.095051e-08 2.712658e-05 0.0018033864 3.311055e-07 3.2046823e-09 0.03820623 0.00016952674 1.7270374e-08 1.822318e-07 1.533313e-08 0.00045859348 0.00038899004 0.01617155 0.0030072453 0.00013247656 0.15401055 0.0032448391 1.4822196e-07 0.0009502826 0.0019062549 1.8445273e-05 0.0053616287 7.597382e-05 8.930748e-05 5.3795947e-08 0.017458199 0.0013985442 9.864963e-07
0.9226329 0.015585175 0.31577054 0.1590476 0.8640512 0.0007989846 0.10487836 6.1663486e-06 0.0021581538 0.67653084 0.15948167 0.38700968 4.5328585e-07 0.012362715 0.000254728 7.388354e-05 0.10705026 0.019450314 0.0034027258 0.00053959375 0.53743035 1.6276676e-06 0.962764 2.420787e-05 1.437115e-13 3.32783e-07 1.1146058e-05 9.934429e-07 0.89671314 0.006635456 0.84619504 0.022774396 0.002109017 0.114724554 0.0025589743 0.035791427 4.677048e-08 0.689617 0.34164834 0.9054055 0.50572705 3.1816242e-07 0.054939613 0.14520322 0.763281 1.1499872e-05 0.011935866 0.0005205408 0.091009185 0.32800072 1.686552e-07 3.9533472e-05 0.00082137104 0.0025307212 0.000776938 0.15525137 0.0003004568 2.4222138e-07 3.0660199e-06 0.00014114274 2.1360079e-06 0.002029881 4.547277e-05 0.017226012 1.1277477e-05 2.7074164e-05 5.5176963e-05 9.714072e-06 4.4443696e-06 2.5002975e-05 0.00019907087 1.3654793e-05 0.0007723827 5.6708905e-05 6.316822e-07 8.568772e-08 0.12472327 0.012038438 5.6110125e-06 6.8338144e-05 0.09257219 0.007857744 0.003412962 1.5870465e-06 5.1269274e-07 2.3118044e-05 1.388386e-06 5.9579783e-05 1.7181573e-07 1.9922869e-08 0.00082587014 4.4925553e-05 2.6424643e-06 0.00013069676 1.6876703e-07 2.4404251e-05 8.4615115e-09 0.0009543563 7.774201e-06 0.0002031471 0.0003407079
0.9692863 0.008945115 8.7693945e-05 0.00020359337 1.1572267e-06 0.06939985 0.004458217 0.039633736 0.00053688 4.0550754e-07 4.954021e-06 3.7915353e-08 0.031910572 0.060332667 0.6642951 0.7275142 3.3400244e-08 7.819248e-05 0.003685851 0.00729833 0.0012309034 0.9723187 5.9560207e-06 0.08411525 3.32783e-07 1.0988038e-13 0.026619101 0.927229 2.3829707e-06 1.7880073e-05 2.7796148e-07 2.107363e-06 0.50085926 3.026552e-07 1.635676e-05 0.0020238445 0.22723955 2.6840155e-06 5.1349423e-05 1.2311386e-07 9.156208e-07 0.17837909 1.374421e-07 2.1153377e-05 3.5657198e-08 0.38589945 0.00037071947 5.058515e-07 0.00022268808 6.840523e-09 0.92883116 0.013431565 1.1834749e-06 7.208322e-07 0.0050089294 4.4118548e-07 1.7529723e-07 0.11729488 0.0036448834 1.4858526e-07 0.061903186 1.0479228e-08 0.017141053 0.00022338361 1.0400455e-08 1.9060808e-09 0.0003283357 0.02153743 1.104662e-10 0.0018587556 1.5484025e-05 0.29462108 0.00026383827 1.3723801e-09 0.007467846 0.68899775 2.0618133e-06 6.1974736e-09 0.0056160963 0.0015700185 7.787182e-07 4.525734e-06 3.2269293e-07 0.012260659 0.2781615 0.0034509606 0.0007115244 0.002051762 0.011246979 0.46185434 1.9037822e-06 0.00063620595 6.897785e-05 7.461318e-06 0.3052062 0.00011110446 0.05638505 1.805906e-06 0.06285154 0.00029255665 0.00017192286
0.9267061 0.5247646 0.0033714965 0.003460754 1.4936881e-05 0.018900454 0.026279638 0.9554098 0.037129905 6.828244e-05 3.707152e-05 1.7129303e-05 0.7593962 0.04881887 0.0014249256 0.016051335 5.7558833e-07 0.00013530978 0.22276177 0.8993039 0.0009448236 0.015296045 4.3145934e-05 0.9151757 1.1146058e-05 0.026619101 3.472804e-12 0.053213965 1.3441949e-06 1.7100361e-05 1.4544084e-06 2.6372138e-07 0.01884865 7.779161e-08 4.7670123e-06 0.0058261794 0.60962 2.896225e-05 0.000116704636 8.287503e-06 4.9648465e-06 0.0001313207 6.023405e-07 0.00022026712 2.0951681e-07 6.970127e-05 0.07528491 8.5131205e-07 0.0032576912 3.284882e-08 0.0004763747 6.740038e-06 3.3306922e-06 1.471048e-07 0.0002229739 4.8002305e-05 1.18535945e-05 0.2993312 3.191315e-05 1.4437667e-07 0.7320827 4.7291593e-07 0.000496534 0.00039205066 3.9822714e-09 1.7260008e-07 1.1568819e-05 1.4573707e-05 2.4488306e-08 7.566792e-06 2.9095687e-05 3.996699e-05 0.0010038276 4.884102e-07 1.9026876e-06 5.0468978e-05 6.9472286e-08 4.0352965e-09 0.9530806 2.3418987e-05 6.974067e-06 1.403718e-06 1.5705288e-07 1.9002233e-06 2.8996716e-05 0.7136556 0.62675124 1.97205e-05 0.10042024 0.0002419348 7.034321e-07 0.000113208975 0.42761317 0.00035135535 0.00028529513 5.2600712e-06 5.822402e-06 1.0000709e-05 0.008071049 0.3786836 3.5359724e-05
0.9181963 0.1021151 0.0010067195 0.0018253238 7.796872e-07 0.21704783 0.03279047 0.38221183 0.0014950079 1.3800782e-05 3.7614256e-05 6.581871e-06 0.90462536 0.06232245 0.46747324 0.5307519 8.25389e-07 0.00078872824 0.014182021 0.060076408 0.0038682849 0.8971878 4.36738e-05 0.6810947 9.934429e-07 0.927229 0.053213965 1.6508052e-14 3.107304e-06 0.00017184632 3.5142082e-07 2.8477281e-05 0.10970077 3.193239e-07 5.09505e-05 0.0019715556 0.7285338 4.4943764e-07 0.00030519877 1.297702e-08 7.740975e-06 0.027932027 1.01352e-06 6.1874816e-05 1.2890076e-06 0.017621865 0.0017765334 3.8050993e-07 0.00017710034 5.473773e-08 0.80410063 0.0009809458 3.0925094e-05 5.02242e-07 0.0011490225 3.3730092e-07 2.6326893e-08 0.75468844 0.0012297 7.1476035e-07 0.24334681 1.5042163e-07 0.0044706305 0.00030659614 3.654758e-08 9.999287e-10 0.00024737045 0.0007298343 1.9389579e-09 0.00011292011 3.685415e-06 0.017795732 0.0005270074 1.7256355e-07 0.00018853007 0.289604 6.2737786e-06 1.5618523e-09 0.0578351 6.946822e-05 4.4907648e-07 1.0588755e-05 1.9458943e-08 0.0008017329 0.060248256 0.014902038 0.0057231374 0.00033937488 0.38885105 0.49467653 5.328533e-07 0.0002505259 0.0003452414 3.1621423e-06 0.8454599 1.679937e-05 0.17046937 3.127856e-07 0.6734885 0.0014045972 6.265853e-05
0.90297365 0.016523603 0.23455524 0.3284645 0.45369953 0.0015479692 0.03882379 1.3298574e-05 0.0017875155 0.74255633 0.26237136 0.6716678 2.1445673e-07 0.021814108 4.4260356e-05 0.000103693084 0.3232181 0.048874687 0.0010947343 0.0001332819 0.109221414 6.8950717e-06 0.77456695 2.9224125e-06 0.89671314 2.3829707e-06 1.3441949e-06 3.107304e-06 4.270782e-16 0.0109932665 0.98510313 0.085229404 0.0038423697 0.26788622 0.0052336 0.0033375828 2.662153e-08 0.2510481 0.052488487 0.68723834 0.22630048 6.9200645e-08 0.18189017 0.022505434 0.9201441 3.5623075e-06 0.007920932 0.0030334687 0.018873041 0.5696474 4.6131778e-08 3.8121863e-05 0.0015361931 0.006164335 0.0009828255 0.08822618 0.0011077961 2.927531e-08 1.1448174e-06 0.00018248337 3.994967e-06 0.010752904 9.7160875e-05 0.003935986 6.2398567e-06 3.5259818e-05 5.5372428e-05 2.5131267e-06 6.4971678e-06 3.1313928e-05 0.0005608983 1.6316673e-05 0.001959771 0.00024135222 1.2443543e-07 2.11891e-08 0.08964369 0.024444206 2.4227788e-06 1.20528775e-05 0.23091061 0.0032339538 0.0037415372 2.672477e-07 1.1195008e-07 2.8896011e-05 1.3431844e-05 2.4695087e-06 7.375615e-06 3.6096026e-08 0.0007295911 3.0568026e-06 6.741452e-06 5.4339034e-05 1.995041e-07 3.2865933e-06 2.83695e-09 0.0004640408 1.9163163e-06 0.00026593977 0.00022176046
0.99810386 0.022416502 0.021183657 0.13999876 0.0004912816 0.078664415 0.0072470084 0.00074333453 0.00085767737 0.123522855 0.22839202 0.14011715 7.42279e-05 0.10734772 0.008147234 0.010652815 0.45807213 0.8755226 0.00034516008 0.0018933929 0.0024416717 0.0017312956 0.00519882 0.00013967103 0.006635456 1.7880073e-05 1.7100361e-05 0.00017184632 0.0109932665 6.2796224e-17 0.009856368 0.122089 0.019922487 0.04127879 0.9455869 8.98078e-05 4.9467976e-06 0.0006049516 0.00032896418 0.0009624291 0.00018218569 8.758078e-05 0.035372816 1.3331107e-05 0.0030806456 0.0038509446 1.6062191e-05 0.36542296 0.0001167279 0.0019833478 0.00014342625 0.060670838 0.86556786 0.20227091 0.3201291 2.4293809e-07 0.5534446 4.500173e-06 0.008330933 0.17445807 2.137357e-06 0.031628076 0.0043551777 1.0209998e-06 0.23233964 0.105129585 0.18069975 0.007449846 0.06965345 0.04649541 0.57553303 0.0037342706 0.09231239 0.044312656 0.0064808372 5.9592907e-07 3.856882e-06 2.0099644e-06 2.3910761e-05 0.09214707 0.00032501473 2.1291406e-07 9.660674e-06 0.0002661572 7.1364025e-06 1.7945895e-05 7.5900016e-07 0.05547382 6.050484e-06 7.2621214e-07 4.6122595e-06 0.02300597 1.6198854e-07 0.10604806 4.2657807e-06 0.39940867 1.2429091e-08 1.0615199e-06 1.2113427e-06 5.4980086e-07 2.9579297e-08
0.7971632 0.005377285 0.11904155 0.116345644 0.23693487 0.0006419836 0.11225445 8.472801e-05 0.00088647945 0.65296 0.30271736 0.5755798 4.7359e-06 0.008366144 6.338072e-06 1.787869e-05 0.48809394 0.031608254 0.0007660475 3.8946295e-05 0.26433626 2.6832786e-06 0.6073915 5.402425e-07 0.84619504 2.7796148e-07 1.4544084e-06 3.5142082e-07 0.98510313 0.009856368 7.926929e-17 0.22191153 0.00089549355 0.57813895 0.0193856 0.001382945 3.579885e-09 0.043331884 0.014161924 0.28667378 0.04830403 5.6978433e-07 0.48484525 0.006967975 0.9641965 3.0783779e-06 0.00047428632 0.0050144377 0.003536713 0.56299055 4.845312e-09 3.9327402e-05 0.001285389 0.036006752 0.00095835736 0.010868171 0.0004971995 3.366142e-09 4.739325e-06 0.0024518487 7.191739e-07 0.03400046 3.2521115e-05 0.0018156786 0.00033540186 0.00015397389 8.48074e-05 6.4802116e-08 0.00010048065 8.842638e-06 0.00019187576 1.088953e-07 0.001259516 0.0003368294 3.733102e-08 2.1953479e-08 0.061823763 0.007679182 9.3606644e-07 1.4947149e-06 0.057717614 0.0023596375 0.00074765075 3.4142715e-08 3.8760886e-10 2.0535203e-06 1.18762486e-07 4.833482e-06 3.8479097e-08 8.0956655e-09 0.000212127 3.382596e-05 2.7286117e-07 5.886645e-05 2.4841402e-09 1.0748258e-06 3.8453818e-10 9.9432924e-05 1.774889e-08 5.37199e-07 0.00048073704
