2.2703513e-23 0.22274536 0.22709158 0.9370731 0.0094945235 0.43554077 0.10848913 0.56843877 0.3344197 0.9068541 0.38869518 0.0057109767 0.3105844 0.19554333 0.75257814 0.12537049 0.95086706 0.9289715 0.5568703 0.048010156 0.78661865 0.88811344 0.89721894 0.795703 0.94562364 0.9365393 0.55570984 0.8153514 0.9684273 0.9419856 0.9415915 0.8892501 0.16818695 0.90642786 0.11453622 0.9849006 0.3497303 0.93570036 0.00848504 0.34640655 0.99411905 0.2962208 0.004484455 0.9994299 0.0037020296 0.027644312 0.9547138 0.0025194802 0.9480856 0.9907937 0.5847125 0.92306924 0.8019621 0.8216178 0.9627305 0.99680185 0.25543702 0.810035 0.9766765 0.8438773 0.9983954 0.8846565 0.9953553 0.8138543 0.94814247 0.6081005 0.91738737 0.33766097 0.059368894 0.04700966 0.9164817 0.00612236 0.83912516 0.014644261 0.08315477 0.36993894 0.03129776 0.8919905 0.8491881 0.007538558 0.0010598928 0.99632925 0.016182126 0.99489135 8.6105465e-05 0.9677046 0.9993113 0.610237 0.98124725 0.99883187 0.14062443 0.015420748 0.033928618 0.9999118 0.9682642 0.00021323688 0.71265316 0.009949787 0.011524575 0.992127 0.13572146
0.22274536 1.6956605e-15 0.5883052 0.6361898 0.95922726 0.21946646 0.39086404 0.74892646 0.038937364 0.18392459 0.011116113 0.024548274 0.0068684695 0.00590815 0.019980464 0.0013436029 0.022194857 0.110591255 0.0003519516 0.93441963 0.017118568 3.4593828e-05 0.029195331 0.0070863185 0.00535999 0.0027718365 2.706691e-05 0.012987529 0.0012159372 0.0001366761 0.00016593671 0.004738345 0.00017228627 0.0072716237 0.01100097 0.0072958665 8.219739e-06 0.0015776483 3.0230979e-06 1.5781925e-05 0.0016612378 0.001943909 3.4481045e-07 0.0057274294 0.00040806804 0.00044638838 4.9548667e-06 5.7090107e-05 0.0003211853 0.007488757 1.7389379e-05 3.718032e-05 1.822626e-05 3.9056835e-05 0.000102499 0.004407706 4.199518e-06 8.866718e-05 2.1334032e-05 3.89358e-06 0.013245945 0.00011946434 0.00012483916 9.837843e-06 9.7566364e-05 5.328058e-06 0.0002467143 2.0961395e-05 0.0005077901 0.00033964036 0.00042073772 0.00012352201 7.97455e-05 1.2427255e-06 1.0043351e-06 0.0005667687 4.7518247e-06 0.000114957445 8.4436004e-05 7.784074e-08 1.8488676e-06 0.0006032025 4.0463856e-06 0.00035918705 8.049079e-08 1.2632211e-05 0.0065933596 3.5037624e-06 3.548549e-07 0.0038582545 2.4176446e-05 3.5051896e-06 7.099654e-05 0.00048083928 1.5906082e-05 3.978286e-07 0.0016831869 1.3622271e-06 8.0414225e-08 3.7357056e-06 0.00011830529
0.22709158 0.5883052 6.2490584e-17 0.69369864 0.16573234 0.9785832 0.9166883 0.21910718 0.36723146 0.5946132 0.017181747 0.054966167 0.0018072706 0.037058085 0.07173807 0.010198769 0.296599 0.43436733 0.00097003434 0.0074341297 0.011096132 0.00047878112 0.06786843 0.0019797448 0.026251007 0.017302409 7.967985e-06 0.0013665569 0.029807894 0.0016249658 1.0207754e-05 0.0027009784 7.043346e-06 0.0010809376 0.00018342223 0.010475608 1.1439585e-06 7.086288e-05 7.5651246e-06 7.3076167e-06 0.0041095647 1.2712317e-06 3.0567794e-06 0.018633576 7.625124e-05 1.1583624e-07 1.7952715e-06 1.7349324e-05 0.00011875145 0.00029351015 8.7642945e-07 5.0247536e-07 6.890687e-06 3.4470166e-05 0.0001222548 0.0029644025 6.6728165e-07 4.1108283e-06 6.83591e-06 8.538231e-08 0.001371897 9.748601e-07 0.0004701811 7.264071e-08 4.679143e-05 4.537562e-08 2.3282057e-07 1.2162465e-07 1.583607e-06 1.2460667e-05 8.925915e-08 1.914487e-05 5.557554e-08 3.2210474e-07 2.1763479e-07 6.659926e-08 2.3610383e-07 1.8620494e-05 1.2405183e-06 1.4934053e-06 1.6133894e-06 0.00068383646 1.2308286e-07 6.185423e-05 2.4242593e-07 3.984912e-05 0.004412817 7.540757e-08 1.4446641e-06 0.0015533011 1.4466183e-07 2.8157402e-07 1.4076451e-07 0.0005849264 2.244676e-06 2.2833865e-06 0.00011208325 4.0017179e-07 5.7278635e-07 3.2119344e-05 9.659407e-07
0.9370731 0.6361898 0.69369864 4.3096668e-16 0.0099458955 0.36232835 0.10893303 0.9710392 0.066309236 0.56854993 0.33214372 0.0019482408 0.11642645 0.0019622012 0.011295657 0.000104100414 0.38206127 0.7907226 8.044012e-05 0.16019253 0.421962 3.693236e-06 0.7214042 0.32175174 0.012320361 0.30105436 6.972464e-06 0.09356462 0.23337317 0.000121549936 2.0547213e-06 0.22787826 1.3293006e-05 0.1541407 0.006334682 0.4022448 9.657881e-08 7.616741e-06 9.895931e-06 2.0098246e-06 0.07482398 0.00026786333 9.66475e-07 0.479196 0.0005409507 0.00018276343 9.138162e-08 0.00017346007 0.0004921508 0.029435446 9.55254e-08 4.757556e-08 3.4557406e-06 1.5320496e-05 0.00054737995 0.27961516 1.4535688e-07 2.1484454e-06 4.76119e-05 8.703573e-09 0.11700668 8.685884e-06 0.008240167 1.935013e-08 0.00010636703 1.331975e-08 6.2180554e-08 1.7115624e-08 4.3135133e-06 3.9560437e-05 5.104619e-08 2.4357465e-05 4.3739803e-08 4.0328808e-07 4.471885e-08 3.417047e-08 5.9002772e-08 0.00061390526 2.4501749e-05 1.7047897e-07 2.6166097e-06 0.005243739 1.8208189e-07 0.00021931174 2.595262e-08 0.0012116744 0.15700774 3.037702e-07 5.516423e-05 0.05810255 8.1415794e-07 5.659658e-07 1.2174704e-06 0.007343768 1.3314322e-05 2.5236835e-07 0.00028440927 2.7243645e-06 1.9343986e-06 0.0025039488 2.5935287e-07
0.0094945235 0.95922726 0.16573234 0.0099458955 7.717074e-20 0.008989137 0.28361902 0.00050699816 0.0041423794 0.0009849865 0.00023837142 0.99581105 3.977812e-05 0.009938737 0.0012441137 0.06083415 0.00012358683 9.038805e-05 0.0014752918 0.054597028 2.345846e-05 0.00019019675 4.689252e-05 4.8079182e-05 0.00010052915 4.4759454e-05 0.00022816515 4.8576057e-05 6.9273185e-05 2.2631713e-05 0.00019387998 3.6949787e-05 0.0011598715 7.682426e-06 0.000113994436 6.919755e-06 2.9617179e-06 9.981248e-05 2.5518351e-05 1.268926e-05 3.4353205e-05 2.2944973e-06 3.8474036e-06 1.453433e-05 1.7051509e-05 1.4027786e-06 3.0811623e-06 1.7059795e-06 5.791221e-05 5.8867886e-06 2.134214e-06 6.6976004e-06 2.4510878e-06 4.7156555e-06 2.1875847e-05 2.4581034e-06 1.0501758e-06 2.8513273e-06 9.0270464e-07 1.0446719e-06 2.9508341e-05 1.2283745e-05 5.867393e-07 2.5575982e-06 9.481755e-06 7.0826704e-06 8.3371915e-06 9.835527e-06 7.0328986e-07 2.4582391e-06 3.500034e-05 3.4158205e-05 5.0499957e-06 1.1939086e-06 1.3820984e-07 9.0370595e-06 6.352592e-07 5.3779795e-06 6.1449214e-06 2.546138e-08 3.1012158e-07 0.00022241747 3.2022814e-07 2.8573175e-05 3.0850476e-09 3.9021e-06 0.00010194188 3.0664424e-07 4.904085e-08 1.5292746e-05 5.4346134e-07 1.8855208e-07 3.8159124e-06 8.910309e-06 8.833661e-08 4.695461e-08 3.4787598e-05 1.02533456e-07 5.43902e-09 8.687987e-08 1.8342223e-06
0.43554077 0.21946646 0.9785832 0.36232835 0.008989137 7.912587e-15 0.6613381 0.08400142 0.6029307 0.9246754 0.0047976132 0.0092664715 0.0008794357 0.07720114 0.15115674 0.018679973 0.69352424 0.69005966 0.0052460423 0.0019153317 0.009089972 0.0028858818 0.14759961 0.0027422924 0.08119852 0.10329496 0.00013417884 0.0013760416 0.22153173 0.00830436 0.0004023406 0.0057036476 0.0002158935 0.0022835454 0.00022080449 0.023475109 1.8616516e-05 0.0005985075 3.4593562e-05 5.000178e-05 0.092498876 4.4590206e-06 6.8812374e-06 0.0901505 5.1861647e-05 8.0928874e-07 2.846061e-05 2.8691957e-05 0.0019312175 0.00068277237 5.452958e-06 7.733029e-06 0.00019198851 0.0006421201 0.0019358773 0.007372503 2.525146e-06 0.00013551977 0.0002889068 4.893776e-07 0.002719932 8.940479e-05 0.0057458663 9.80299e-07 0.00025500605 2.810037e-07 1.3257564e-06 8.207094e-07 3.3269716e-06 7.793033e-06 9.0840865e-07 1.9399327e-05 4.8539613e-07 6.155916e-07 6.5692325e-07 4.9258506e-07 3.5577867e-07 0.00030803282 5.8041038e-05 5.800977e-07 3.1620457e-06 0.004416115 6.1549594e-07 3.565072e-05 3.3326288e-07 0.00043644014 0.018642893 5.3902545e-07 3.3734697e-05 0.006035374 3.94765e-07 6.6675494e-07 1.8077461e-06 0.0032370859 1.0497849e-05 1.6122603e-06 7.363312e-05 3.0119695e-06 1.0049253e-06 0.00082251 1.9276401e-06
0.10848913 0.39086404 0.9166883 0.10893303 0.28361902 0.6613381 1.8015325e-16 0.007974086 0.970541 0.3652214 0.00026803784 0.38066685 7.1492977e-06 0.7977354 0.6047738 0.48091367 0.39907753 0.10205112 0.1137463 0.00023926032 0.00022495985 0.031457346 0.0036685306 7.507102e-05 0.08155228 0.0021450585 0.00045236823 7.4450094e-05 0.010181058 0.011429734 0.0013836442 0.00020002467 0.00024811822 3.6263875e-05 2.9345822e-05 0.0009279148 7.924706e-06 0.00077454065 8.335351e-05 3.6398553e-05 0.0039900593 9.85468e-08 3.2364e-05 0.0030656662 7.225556e-05 5.1716018e-08 0.00018755828 2.07383e-05 0.00029767829 1.6140842e-05 1.0588452e-05 1.9914693e-05 6.1817256e-05 0.00015662564 0.00034696894 0.0005597491 7.210732e-06 4.8144477e-05 8.733107e-05 1.5700034e-05 0.0002614697 1.4382588e-05 0.0010167827 5.266346e-06 0.00011351092 5.3080066e-07 2.4137753e-06 1.3437682e-06 1.7157503e-05 5.6350615e-05 2.7616118e-06 4.1913296e-05 4.810128e-07 2.9581245e-06 8.8533244e-07 2.4512701e-06 1.1021934e-06 1.0105788e-05 1.0635694e-05 1.07766955e-05 9.638477e-06 0.00077835 2.1225246e-06 3.698407e-06 1.4382332e-06 7.0104594e-05 0.0012900106 4.8200013e-07 1.6348153e-05 0.0003528163 7.564584e-06 1.8330052e-06 1.9672648e-06 0.0003470881 2.8916395e-06 5.8991354e-06 5.268011e-05 1.1868664e-05 3.2777975e-06 2.5920253e-05 1.0945128e-05
0.56843877 0.74892646 0.21910718 0.9710392 0.00050699816 0.08400142 0.007974086 4.111805e-19 0.0025339175 0.103381544 0.8470421 0.00043533568 0.58255106 0.00033960768 0.0023454214 3.6394453e-05 0.018271064 0.3345427 5.418369e-05 0.8099698 0.18307902 2.335041e-05 0.25678265 0.23419629 0.015557235 0.11039618 1.2303141e-06 0.13046987 0.04526474 0.0009401335 1.9354873e-06 0.07036734 3.2818139e-06 0.08497044 0.023003139 0.107698664 1.3336039e-07 8.796499e-05 1.3928499e-06 3.402307e-06 0.024403663 0.0022426336 5.451395e-07 0.09010096 0.0009986466 0.0030743585 5.8520976e-07 0.00022579532 0.0036946544 0.044660036 1.9976567e-07 3.3210955e-07 1.0551637e-05 0.00013597857 0.005968918 0.14350677 1.6384159e-07 4.553181e-06 5.1737457e-05 1.2099698e-08 0.05702658 9.904008e-05 0.0044949837 3.0880045e-08 0.00090996904 2.1920505e-08 4.8915183e-07 1.4710866e-08 9.4972523e-07 0.00010573189 9.111912e-07 2.8517732e-06 6.5379385e-07 5.636746e-08 6.285795e-09 3.8894697e-07 6.212101e-09 0.000831812 4.313762e-05 9.128472e-09 1.9408095e-07 0.0065567084 3.3254103e-08 0.00085772923 2.1089421e-09 0.0010659542 0.07034012 6.6244404e-08 7.06355e-05 0.0495133 2.6419033e-07 2.5569872e-07 1.0602917e-06 0.005051603 7.431836e-05 8.355964e-09 0.0034401086 7.4395086e-07 6.5698174e-08 0.0014030744 1.9718394e-07
0.3344197 0.038937364 0.36723146 0.066309236 0.0041423794 0.6029307 0.970541 0.0025339175 1.922095e-15 0.763504 0.0003905587 0.013215593 3.301378e-05 0.731177 0.8617353 0.16132061 0.79862 0.32914907 0.09651057 4.5190896e-05 0.0007645564 0.043458518 0.019301735 0.00038342178 0.41222697 0.022291208 0.000602785 0.00017841773 0.13616562 0.07060835 0.0025444974 0.0019565497 0.00036696292 0.00032198054 1.2458149e-05 0.0064460966 3.159006e-05 0.0017588647 0.00025038735 0.00015980228 0.12540698 1.2661904e-07 2.7944461e-05 0.03060652 3.768592e-05 4.014104e-08 0.0010803847 1.8012423e-05 0.011785323 0.00016506341 1.5945738e-05 4.093656e-05 0.00083935267 0.0014095657 0.01109201 0.0020675207 3.1966597e-06 0.0007658401 0.0022132986 1.8518154e-05 0.00060651987 0.00046218585 0.017752929 2.8906483e-05 0.0014580297 6.359241e-07 4.431554e-06 9.4112556e-07 5.6631266e-06 5.529704e-06 8.967843e-06 2.2859651e-05 2.1314702e-06 1.0422489e-06 1.1120113e-06 7.4357484e-07 5.999275e-07 0.00086871674 0.0001885531 8.9592834e-07 4.1277012e-06 0.0065823393 7.6569177e-07 1.9912252e-06 2.7176242e-07 0.00064195605 0.009905378 1.512331e-06 0.00013394117 0.0036162566 3.5669952e-06 7.2171815e-07 1.720457e-06 0.0041949367 8.023279e-05 1.4530789e-06 1.7705552e-05 1.6094167e-06 9.2666204e-07 0.0018601087 5.7704397e-06
0.9068541 0.18392459 0.5946132 0.56854993 0.0009849865 0.9246754 0.3652214 0.103381544 0.763504 1.3772488e-14 0.0073277014 0.004105371 0.0010445883 0.10571149 0.3320352 0.026820054 0.9587624 0.91589725 0.015931953 0.0011910895 0.005019485 0.0027738274 0.27046895 0.001864708 0.14644161 0.32633105 0.0004908187 0.0008108683 0.49178407 0.011055117 0.0006673835 0.016831435 0.00012946602 0.0018483106 0.00017270754 0.13477391 1.1374861e-05 0.0003733973 1.0429285e-05 6.062698e-05 0.3497474 1.6323669e-06 2.0881755e-06 0.35141438 3.6383284e-05 2.030786e-07 1.950665e-05 9.3717545e-06 0.0070075355 0.0006681792 3.9336885e-07 2.5156326e-06 0.00030118437 0.0004880254 0.0053843516 0.031308632 1.0573794e-06 0.000109301975 0.00040324006 5.5233346e-07 0.005406469 0.00011131829 0.04716335 1.3417026e-06 0.000701471 1.2060006e-07 3.9156188e-07 1.8330742e-07 4.1762397e-07 2.911835e-06 1.2354597e-07 2.866675e-06 5.543062e-08 5.8680673e-08 1.5098229e-07 7.572104e-08 1.4013953e-07 0.0015629493 5.5911347e-05 5.4408805e-08 6.0538747e-07 0.009954423 1.5345442e-07 1.2181098e-05 3.259058e-08 0.0013610184 0.12111791 4.8838572e-08 5.5833174e-05 0.018219274 5.469971e-07 1.4281838e-07 1.4703691e-07 0.01050414 4.2281e-05 1.6513528e-07 2.0337457e-05 6.4606354e-07 4.418701e-07 0.0038915311 2.0149687e-07
0.38869518 0.011116113 0.017181747 0.33214372 0.00023837142 0.0047976132 0.00026803784 0.8470421 0.0003905587 0.0073277014 3.096519e-17 5.336685e-05 0.99425113 0.000101601974 0.00023106394 7.710957e-06 0.0017017152 0.08294405 1.2278227e-05 0.45581064 0.24754062 5.337502e-06 0.20349172 0.49328062 0.001230289 0.020217333 3.0664671e-06 0.10584366 0.0026327963 6.070595e-05 9.629657e-06 0.03462364 2.6655156e-05 0.05006009 0.013156458 0.03912368 1.5071392e-06 3.634905e-05 2.0950854e-06 8.898718e-06 0.0070499997 0.00030129697 8.451447e-07 0.027246248 0.00036024928 0.0003459701 1.8145222e-06 0.00011248685 0.00032979218 0.013876304 6.984344e-06 5.9483494e-07 8.895399e-06 1.6380081e-05 0.0002988342 0.045556355 2.8771237e-06 8.551621e-06 1.2545326e-05 1.6125901e-07 0.022504715 3.356615e-05 0.0012138191 2.1587381e-07 0.0001444598 1.2595507e-07 2.1127742e-06 2.9726675e-07 1.33303565e-05 7.265239e-05 1.7419429e-06 7.309196e-05 1.9770468e-06 1.4535738e-06 3.9970456e-07 3.673887e-06 1.0327359e-07 0.00035392027 3.816753e-06 8.541819e-07 1.9059149e-06 0.0027514375 1.0509353e-06 0.00022210905 2.5229626e-08 0.00018858402 0.019472396 4.18864e-07 1.9131874e-05 0.022079024 1.7048367e-07 5.214532e-07 5.2043856e-06 0.002278124 1.6634127e-05 1.7769144e-08 0.00073405844 4.4291496e-06 1.2423196e-07 0.0005586628 1.0258066e-06
0.0057109767 0.024548274 0.054966167 0.0019482408 0.99581105 0.0092664715 0.38066685 0.00043533568 0.013215593 0.004105371 5.336685e-05 3.8138407e-18 2.1935677e-05 0.09290057 0.015254986 0.9467706 0.0015423108 0.0009978336 0.09726316 0.034714285 0.00018626079 0.010691348 0.0002013971 5.2765085e-05 0.0017660409 0.00061489025 0.07464915 2.3074454e-05 0.0003397335 0.00037616908 0.026416507 9.5582676e-05 0.23362681 7.269678e-06 7.804967e-05 1.2006482e-05 0.0016962241 0.0053218883 0.001171433 0.0035548822 0.0010474983 7.63797e-07 0.008104822 7.454273e-05 2.7640981e-05 6.9375496e-06 0.0010743217 3.3605852e-06 0.0012932848 3.8721562e-05 0.00064354885 0.00035813148 0.000537033 0.0005177453 0.0009540104 5.0206243e-05 0.00011028548 0.00031294956 6.94873e-05 6.4497515e-05 6.106747e-05 0.00054260116 5.9007423e-05 9.9520395e-05 0.00031643143 5.809171e-05 0.00034755265 6.260412e-05 0.0003373095 5.4800796e-07 0.0002526878 0.004667504 2.9588511e-05 9.454406e-06 1.1695845e-06 9.867005e-05 1.1656259e-06 3.2963322e-05 6.938744e-05 5.360033e-06 9.145369e-05 0.0007934776 1.6424685e-06 6.517806e-05 6.3075004e-06 6.436891e-05 0.00072280614 3.1592215e-06 9.172765e-06 0.00013648254 9.893765e-05 1.3028285e-06 2.0049307e-05 0.000168785 9.6749645e-06 0.00029412238 0.0005222341 3.0833814e-06 7.914641e-07 3.999595e-06 2.5654483e-05
0.3105844 0.0068684695 0.0018072706 0.11642645 3.977812e-05 0.0008794357 7.1492977e-06 0.58255106 3.301378e-05 0.0010445883 0.99425113 2.1935677e-05 1.009336e-15 2.2676704e-06 1.0170003e-05 1.4318442e-07 0.00042707712 0.023250122 1.4634739e-07 0.8289129 0.3094782 2.0520787e-07 0.1121109 0.4078497 7.539294e-05 0.0024796424 3.219653e-07 0.83275324 0.001017784 3.9791344e-06 1.0972008e-07 0.025850827 6.446511e-07 0.12832192 0.30470732 0.022763377 1.5668054e-07 1.7233538e-06 9.270107e-08 3.1761854e-07 0.0003161503 0.011805634 3.0447076e-08 0.01411017 0.0033921907 0.023990856 8.367659e-08 0.0019402066 2.0012036e-05 0.070147626 1.091055e-07 6.746671e-09 1.854728e-07 2.4965544e-07 1.5707881e-05 0.04666397 2.0076989e-07 7.945221e-08 4.1518703e-08 1.8526064e-09 0.059448697 7.550054e-08 4.4233304e-05 2.578924e-08 3.0317797e-06 6.5064154e-09 1.3547383e-07 6.776721e-09 4.7378967e-06 0.00071867724 1.9869853e-08 3.6476579e-06 2.7423559e-08 1.3311654e-07 1.7221986e-08 1.9734608e-07 9.074016e-09 1.2658753e-05 6.158873e-08 1.3228907e-08 7.113144e-08 0.00042894087 1.8315513e-08 0.0011349441 1.921232e-09 3.6043707e-06 0.01992185 6.4870505e-08 4.147282e-07 0.042815942 5.4195928e-09 3.6945888e-08 2.6693593e-07 0.00030064682 2.5574968e-07 5.951918e-09 0.0018093357 4.2413156e-08 1.1958179e-09 5.196961e-06 4.158298e-08
0.19554333 0.00590815 0.037058085 0.0019622012 0.009938737 0.07720114 0.7977354 0.00033960768 0.731177 0.10571149 0.000101601974 0.09290057 2.2676704e-06 3.2728236e-16 0.9759602 0.88530654 0.1988891 0.028571645 0.91762304 2.0410844e-05 0.00024285205 0.5356445 0.0027606657 3.4802597e-05 0.20750204 0.0026277408 0.020424044 6.3111524e-06 0.015746783 0.12645528 0.072805524 0.00039758417 0.0046287156 3.9294824e-05 1.0943041e-05 0.00085575733 0.00018850043 0.015488856 0.0013344099 0.00056007144 0.011889123 3.959423e-08 0.00038725755 0.003516455 4.7694837e-05 3.4913008e-08 0.004741552 3.814237e-05 0.0032469176 1.6248008e-05 0.00015483148 0.00072945433 0.0010594962 0.0017824324 0.002670401 0.00043105445 1.2700169e-05 0.0007173981 0.0024630139 0.000323164 7.201177e-05 0.0005415892 0.0050912835 0.00024118795 0.0004454407 4.091339e-06 5.3296004e-05 8.852131e-06 8.690568e-05 3.1495754e-05 3.1355525e-05 6.046334e-05 8.310423e-06 4.065455e-06 4.9516166e-06 3.0707397e-06 2.4434162e-06 5.6857607e-05 0.00012821188 2.4946396e-06 3.819353e-06 0.0019053298 3.0090666e-06 3.074936e-06 7.93162e-07 0.00027619256 0.0015309682 5.381104e-06 8.051487e-05 0.000315208 1.4971294e-05 9.994345e-07 4.501216e-06 0.0008225359 2.5691994e-05 5.3440526e-06 6.123215e-05 7.646494e-06 6.307356e-06 0.00017173852 1.7609567e-05
0.75257814 0.019980464 0.07173807 0.011295657 0.0012441137 0.15115674 0.6047738 0.0023454214 0.8617353 0.3320352 0.00023106394 0.015254986 1.0170003e-05 0.9759602 8.338437e-16 0.45706883 0.57938313 0.097117275 0.5279791 1.6052789e-05 0.00013217572 0.5763917 0.003725733 6.645084e-05 0.8353901 0.0087522315 0.024037002 1.3874377e-05 0.05977376 0.62110704 0.10059605 0.00083400705 0.002374524 1.3055168e-05 1.1565841e-05 0.0031508028 0.00019689804 0.019390423 0.0005448831 0.00049130403 0.10956544 2.019169e-08 0.0004117793 0.021423059 3.589752e-05 3.3317214e-08 0.009966201 5.241254e-06 0.0410874 2.5542891e-05 0.00017534668 0.0010165767 0.004708075 0.007073504 0.020610219 0.0005490789 5.3035594e-05 0.0031402481 0.030695038 0.00038326476 0.00014133887 0.0032551428 0.04618815 0.00042262985 0.002848085 1.1076376e-05 5.6733785e-05 6.0610696e-06 2.9099863e-06 1.7009143e-06 3.8229628e-05 1.5350404e-05 1.1413088e-05 3.6627903e-06 3.166962e-06 1.7340666e-06 2.3076773e-06 0.0014153566 0.0004422928 1.3840552e-06 2.8098832e-06 0.0077231973 2.2191955e-06 2.0556729e-07 1.440852e-07 0.0011135732 0.005353232 6.7661013e-06 0.0003064871 0.0010467838 4.5693818e-05 2.733017e-06 4.577536e-06 0.0028589992 0.00023616142 1.0516471e-06 3.2399314e-06 2.6272219e-06 2.0105626e-06 0.0018318652 9.258834e-06
0.12537049 0.0013436029 0.010198769 0.000104100414 0.06083415 0.018679973 0.48091367 3.6394453e-05 0.16132061 0.026820054 7.710957e-06 0.9467706 1.4318442e-07 0.88530654 0.45706883 6.38019e-17 0.012807759 0.0022865725 0.94096184 0.00024977134 4.8458907e-05 0.49246484 0.00010464269 6.1907367e-06 0.017807428 0.00020318855 0.83861876 6.2484645e-07 0.0011135768 0.006702845 0.497547 9.856767e-06 0.55895764 7.689038e-06 1.4799405e-06 1.1143176e-05 0.041735854 0.14162569 0.038965743 0.025558557 0.0016269531 3.943242e-08 0.042633746 0.0005159366 2.3286852e-05 1.061035e-06 0.007509236 8.071718e-06 0.0003919596 4.3320606e-06 0.012920312 0.006869531 0.00076290127 0.000978895 0.00014734485 1.4516655e-05 0.002699522 9.0205736e-05 0.00013629509 0.0009402357 1.0113191e-05 4.030251e-05 0.0011487228 0.00011067311 8.0723534e-05 0.00044862318 0.00091278984 0.00021174074 0.0019563686 2.0038984e-05 4.0855088e-05 0.006392149 1.3587493e-05 4.6313155e-05 2.7150596e-05 8.755465e-05 1.3190151e-05 7.852784e-06 9.727881e-05 2.3122053e-05 5.3071162e-05 0.0014023238 1.2209895e-05 6.37848e-06 1.5392293e-06 4.16726e-05 0.00056465785 5.053325e-06 8.139682e-06 9.3865805e-05 4.6808298e-05 5.695048e-06 2.8527487e-05 0.00033099772 1.0520027e-05 4.0526986e-05 0.0004473537 4.5702145e-05 2.1935492e-05 5.589244e-06 2.244206e-05
0.95086706 0.022194857 0.296599 0.38206127 0.00012358683 0.69352424 0.39907753 0.018271064 0.79862 0.9587624 0.0017017152 0.0015423108 0.00042707712 0.1988891 0.57938313 0.012807759 3.2089113e-15 0.90225035 0.04113272 0.00033042842 0.0010082121 0.022993177 0.04369307 0.0002544034 0.48255834 0.2251786 0.0018242509 0.00019905815 0.5480013 0.05498315 0.008395317 0.0056165033 0.0005803515 0.0004920649 0.00016147162 0.08063277 0.00024593156 0.0025681106 2.8913626e-05 0.0005430314 0.58245236 1.1505055e-06 1.2375505e-05 0.37374687 1.2220146e-05 1.2476458e-07 0.00078925985 8.037742e-06 0.037563782 0.0006036816 9.592827e-06 9.257029e-05 0.00079680997 0.0009905188 0.021166392 0.023301268 1.7694934e-05 0.00041008808 0.0025859766 2.7153574e-05 0.0040044193 0.00045899663 0.24740125 4.1927768e-05 0.0047663897 5.5564365e-06 1.4616314e-05 1.4247448e-05 8.071502e-06 1.3066508e-06 2.1091687e-06 8.814963e-06 8.593171e-07 9.151261e-08 1.8650395e-06 1.8499452e-06 1.3342585e-06 0.008367996 0.00024409592 5.333561e-07 1.3027662e-06 0.051764954 8.8773953e-07 1.2870502e-05 1.6314183e-07 0.011727001 0.1909363 4.155612e-07 0.0011500197 0.027882453 3.1367265e-06 1.6775691e-07 2.7559017e-07 0.054284826 0.00042733588 1.5696995e-07 6.3705165e-06 2.7524934e-06 1.4267034e-06 0.016516892 5.528119e-07
0.9289715 0.110591255 0.43436733 0.7907226 9.038805e-05 0.69005966 0.10205112 0.3345427 0.32914907 0.91589725 0.08294405 0.0009978336 0.023250122 0.028571645 0.097117275 0.0022865725 0.90225035 3.3836177e-13 0.013722359 0.004735108 0.10411438 0.0028153644 0.72337604 0.036298107 0.0875318 0.80131406 0.00072183827 0.003914982 0.5071766 0.005053718 0.0028353545 0.037058435 0.00019253015 0.006503082 0.004944701 0.22004244 1.7560229e-05 0.0004686152 6.430175e-06 7.2764655e-05 0.26601237 0.0009596122 1.7494394e-06 0.5030888 0.0001808662 0.00016948472 9.373421e-05 0.00017718077 0.0036905606 0.0023132942 8.2208135e-06 1.4809197e-05 5.5796078e-05 9.152261e-05 0.0023338157 0.054277614 9.045932e-06 2.4168607e-05 0.00013865641 4.28891e-06 0.015869372 1.51269105e-05 0.08837516 1.0273515e-06 0.0005333625 8.447664e-06 2.4894198e-05 1.1192948e-05 4.051091e-05 0.0001392376 4.6427164e-07 0.00069562887 1.8901363e-06 1.3539967e-07 5.706662e-06 7.0666665e-06 1.8027655e-06 0.0017154609 2.6993855e-05 5.420591e-07 1.7136768e-05 0.028934821 1.8556897e-06 0.0002850604 3.4227952e-07 0.0026957842 0.19200021 2.185071e-08 0.00057004124 0.0406245 6.8286477e-07 4.901869e-06 8.759569e-06 0.026407523 6.209632e-05 5.5033127e-07 0.000100962454 1.1782209e-05 8.160839e-06 0.0072318446 1.0728503e-06
0.5568703 0.0003519516 0.00097003434 8.044012e-05 0.0014752918 0.0052460423 0.1137463 5.418369e-05 0.09651057 0.015931953 1.2278227e-05 0.09726316 1.4634739e-07 0.91762304 0.5279791 0.94096184 0.04113272 0.013722359 3.2023428e-16 3.8514587e-05 5.4903438e-05 0.9722482 0.0012759207 1.1001997e-05 0.15354422 0.0008998197 0.30968842 1.0922643e-06 0.009221094 0.18380775 0.61397254 5.7984333e-05 0.068190835 3.6341266e-06 4.2880793e-06 0.00023672763 0.011322 0.23970884 0.01038503 0.012272539 0.014284354 2.9031037e-08 0.005704711 0.005894238 2.6391437e-05 5.764117e-07 0.048528902 1.11370155e-05 0.012630344 3.946958e-05 0.0059764283 0.016008798 0.011679644 0.015033188 0.0051656137 0.00028861902 0.0031210552 0.005071964 0.020004733 0.0049928953 2.947234e-05 0.0029106734 0.02257436 0.004725094 0.0023918939 0.00023832732 0.0021412293 0.00019278518 0.0013432865 4.9582604e-06 0.0007742574 0.00037941168 0.000303458 0.00018762842 9.21229e-05 0.00020389183 2.5869951e-05 0.0005497784 0.002829454 1.1116631e-05 1.2093844e-05 0.0061857356 1.6551463e-05 8.481968e-07 3.349532e-07 0.0016924961 0.002420674 5.3114407e-05 0.0007660614 0.00049866014 0.0007758195 5.475099e-06 3.4555378e-05 0.0017174637 0.00044554818 6.5887293e-06 4.4118085e-05 6.0286748e-05 1.4167426e-05 0.00078647793 0.00013165966
0.048010156 0.93441963 0.0074341297 0.16019253 0.054597028 0.0019153317 0.00023926032 0.8099698 4.5190896e-05 0.0011910895 0.45581064 0.034714285 0.8289129 2.0410844e-05 1.6052789e-05 0.00024977134 0.00033042842 0.004735108 3.8514587e-05 3.306179e-15 0.020326562 2.0147509e-06 0.008101124 0.030894963 8.2981525e-05 0.0005041318 0.00010339752 0.11901736 0.0002924289 1.1869421e-05 5.178583e-05 0.004032739 0.00013463029 0.048954714 0.7341903 0.005433197 2.0331784e-06 4.8576705e-05 7.006806e-08 3.7264294e-06 0.00042232627 0.0467552 4.327425e-09 0.0017854982 0.7926831 0.050240003 7.710027e-07 0.06237051 4.4056866e-05 0.014100409 1.9358613e-05 2.0114103e-06 2.5619215e-06 4.067363e-06 3.7723927e-05 0.00441629 3.5082714e-05 2.4029838e-05 2.6266092e-05 3.1642085e-06 0.021245757 0.0001091448 5.6471872e-05 7.231236e-07 4.7232097e-05 7.400441e-07 8.64186e-06 9.687206e-06 0.00029824572 0.3457673 3.1275427e-05 8.391326e-05 2.9092096e-06 1.8548562e-06 6.953138e-07 3.8669405e-06 4.2193847e-08 1.39510275e-05 1.5163133e-05 1.2651464e-07 3.603082e-06 0.00015737489 1.740587e-07 0.0009407659 1.5111468e-07 8.3768255e-06 0.0037451712 3.8492317e-06 6.708385e-08 0.0037010994 1.7028539e-06 1.6342533e-08 1.446099e-06 9.4471536e-05 1.1867389e-06 1.9552735e-06 0.0025439854 1.06107905e-07 1.977934e-07 5.422995e-07 2.0625037e-06
0.78661865 0.017118568 0.011096132 0.421962 2.345846e-05 0.009089972 0.00022495985 0.18307902 0.0007645564 0.005019485 0.24754062 0.00018626079 0.3094782 0.00024285205 0.00013217572 4.8458907e-05 0.0010082121 0.10411438 5.4903438e-05 0.020326562 2.880432e-17 1.1262365e-05 0.8058008 0.99074835 0.00084612425 0.41166323 5.6196295e-06 0.08242632 0.031827495 2.7060692e-05 1.870275e-05 0.71681505 2.8938592e-05 0.27921507 0.029655067 0.2524885 1.568667e-05 6.808444e-05 6.976258e-07 2.0238858e-05 0.023255352 0.012854441 1.1757128e-06 0.081959434 0.00017395456 0.0003395607 1.0038792e-06 0.00011389566 6.6132845e-05 0.07152227 6.2197996e-06 9.7459086e-08 1.2944428e-06 1.0438912e-06 0.00015059525 0.23713416 1.8606034e-06 8.634426e-07 3.1188276e-07 3.5814082e-07 0.06464911 1.3727617e-06 0.001308428 2.8717082e-07 0.0001410242 3.0936746e-07 1.7279684e-06 1.4256411e-06 6.0705397e-06 0.00059585273 3.692512e-07 0.0009818358 3.4374077e-07 1.785292e-06 4.164346e-06 3.5539056e-06 2.5642755e-06 0.00033917054 7.192549e-07 4.9522914e-06 1.340069e-05 0.0061759306 8.481148e-06 7.0163287e-06 1.967732e-06 0.00020635071 0.052464277 1.19113885e-07 3.307943e-05 0.04565899 1.8172764e-07 3.4822165e-06 6.1924616e-06 0.00891011 2.0389154e-05 2.3444518e-06 9.065696e-05 2.9476503e-05 2.253169e-06 0.0007952829 1.04120716e-07
0.88811344 3.4593828e-05 0.00047878112 3.693236e-06 0.00019019675 0.0028858818 0.031457346 2.335041e-05 0.043458518 0.0027738274 5.337502e-06 0.010691348 2.0520787e-07 0.5356445 0.5763917 0.49246484 0.022993177 0.0028153644 0.9722482 2.0147509e-06 1.1262365e-05 7.357093e-18 0.00039875504 6.2120006e-07 0.4204194 0.00041753575 0.21555027 6.20098e-07 0.00975915 0.73864484 0.9372356 0.00012547775 0.049155 2.3349396e-06 1.7877063e-06 0.00041509207 0.05830754 0.63987577 0.012674741 0.08310916 0.030051922 6.76754e-08 0.0041602026 0.011013583 1.4666749e-05 6.816434e-07 0.2048242 4.330553e-06 0.05077968 4.1574556e-05 0.01034191 0.041275118 0.04488013 0.047850255 0.027541205 0.00018859103 0.0019459847 0.023183124 0.08080941 0.014266519 2.5460691e-05 0.01457845 0.09523878 0.015240815 0.007566237 0.00085157395 0.0034013696 0.0003185166 0.00053965143 3.6500433e-07 0.0014869967 0.00025101568 0.0006023718 0.00018308424 6.719081e-05 0.00036160872 6.373054e-05 0.0048621856 0.008930515 1.6446435e-05 4.9410475e-05 0.020815037 1.450019e-05 1.5386605e-07 8.219743e-07 0.007739293 0.001986942 0.00013396698 0.004653067 0.000611898 0.0009201161 6.3394377e-06 8.802357e-05 0.0063627968 0.00438027 6.597891e-06 8.776159e-06 6.0375467e-05 2.6348283e-05 0.0045386557 9.911813e-05
0.89721894 0.029195331 0.06786843 0.7214042 4.689252e-05 0.14759961 0.0036685306 0.25678265 0.019301735 0.27046895 0.20349172 0.0002013971 0.1121109 0.0027606657 0.003725733 0.00010464269 0.04369307 0.72337604 0.0012759207 0.008101124 0.8058008 0.00039875504 6.065839e-16 0.44186538 0.010205395 0.8931363 3.5594749e-06 0.047488604 0.21867333 0.00093241 0.000272032 0.823292 1.3712735e-05 0.07032518 0.04191581 0.62601864 3.5992685e-05 9.783219e-05 3.5897827e-07 6.114014e-05 0.11386613 0.008469711 1.257562e-07 0.32033703 0.0003898518 0.00090049824 2.1377982e-05 0.00043115742 0.0013189316 0.025907988 2.7393503e-06 2.6903354e-06 1.0891608e-05 2.7069596e-05 0.0023556352 0.18924819 6.3452836e-07 7.4550944e-06 5.7322645e-06 4.8751997e-07 0.04001462 4.365021e-06 0.009566381 2.3417422e-07 0.0008010542 4.4969406e-07 6.937946e-06 9.13098e-07 6.4621884e-07 0.0017573037 1.7428493e-07 0.00064945966 1.5336401e-07 1.0318086e-07 4.3529099e-07 2.5948807e-06 4.1604656e-07 0.0013630823 1.600176e-06 2.8573226e-07 3.1130821e-06 0.021734891 3.5963654e-07 0.00011011072 2.5188527e-07 0.0024888786 0.1132244 6.9105243e-07 4.794118e-05 0.10030602 2.443734e-07 9.557584e-07 2.9153736e-07 0.02432681 9.84189e-06 5.542351e-07 0.0004130783 5.8415562e-06 4.6700308e-07 0.0030874042 6.260623e-08
0.795703 0.0070863185 0.0019797448 0.32175174 4.8079182e-05 0.0027422924 7.507102e-05 0.23419629 0.00038342178 0.001864708 0.49328062 5.2765085e-05 0.4078497 3.4802597e-05 6.645084e-05 6.1907367e-06 0.0002544034 0.036298107 1.1001997e-05 0.030894963 0.99074835 6.2120006e-07 0.44186538 6.3303226e-17 9.910829e-05 0.08884244 1.16302694e-07 0.5355159 0.003915722 1.0331932e-05 5.356336e-07 0.3888181 8.0818734e-07 0.79385006 0.36681613 0.081156835 2.7060224e-07 1.3167485e-06 4.7667392e-08 1.4704197e-07 0.004689295 0.045617357 2.5497778e-08 0.06378846 0.00050684804 0.0064859935 1.1350512e-07 0.0014442963 6.341325e-06 0.37534046 9.409802e-09 5.496378e-09 1.0227953e-07 1.343283e-07 3.4965575e-05 0.33832893 9.063348e-08 2.2891664e-08 2.6306063e-08 2.646321e-09 0.19811544 1.4703881e-08 6.294475e-05 2.2877595e-09 5.793638e-06 1.3351918e-09 3.151187e-08 1.5573821e-08 5.43956e-07 0.0006879686 5.9611405e-10 2.2502045e-05 3.6573966e-10 6.0594914e-08 2.904322e-08 2.6069754e-08 3.164715e-08 3.0021805e-05 4.4540133e-10 5.8825677e-08 1.1330191e-07 0.005406257 1.3092903e-08 0.00015894171 3.894365e-09 0.000106005195 0.13278584 8.8973673e-10 5.3248375e-08 0.3034033 1.1515432e-09 1.6013084e-08 2.581222e-08 0.008671859 1.8171168e-09 5.1069926e-09 0.00045489427 9.247837e-08 7.463584e-09 0.00018895902 4.9817857e-09
0.94562364 0.00535999 0.026251007 0.012320361 0.00010052915 0.08119852 0.08155228 0.015557235 0.41222697 0.14644161 0.001230289 0.0017660409 7.539294e-05 0.20750204 0.8353901 0.017807428 0.48255834 0.0875318 0.15354422 8.2981525e-05 0.00084612425 0.4204194 0.010205395 9.910829e-05 1.493996e-16 0.05466119 0.0033369 9.3376875e-05 0.39514086 0.98070353 0.046507657 0.001458913 0.0033251906 0.00013553837 7.7506564e-05 0.00755474 0.0046266257 0.029753359 0.0005671607 0.0062911813 0.4433358 3.2646356e-06 0.0002522085 0.12040534 9.9005565e-06 1.6909852e-06 0.027193213 3.1516636e-05 0.13418673 6.5477725e-05 0.00027797252 0.0006489966 0.017553408 0.010058075 0.053302057 0.003084457 0.00012746734 0.0051391586 0.029107612 0.00067923736 0.0006722969 0.0071106856 0.24414612 0.00085954263 0.0106064025 0.00012003592 0.00011030021 6.240271e-05 5.114623e-06 4.7415942e-06 0.00012973347 5.594268e-06 2.7485185e-05 1.36922e-06 6.920745e-06 2.2043618e-05 2.6457083e-05 0.010546498 0.0010088128 1.1168174e-06 2.0105952e-06 0.050582893 1.1219783e-05 3.1430059e-06 7.700287e-08 0.015975976 0.03960171 8.390126e-05 0.0041474095 0.004019958 0.0002047527 2.7359144e-06 4.236509e-06 0.02690494 0.0049224463 6.606548e-08 3.5836413e-06 1.0649466e-05 2.6414389e-06 0.01720294 6.9545604e-06
0.9365393 0.0027718365 0.017302409 0.30105436 4.4759454e-05 0.10329496 0.0021450585 0.11039618 0.022291208 0.32633105 0.020217333 0.00061489025 0.0024796424 0.0026277408 0.0087522315 0.00020318855 0.2251786 0.80131406 0.0008998197 0.0005041318 0.41166323 0.00041753575 0.8931363 0.08884244 0.05466119 5.8105343e-18 1.6624914e-05 0.0068446384 0.9529079 0.004189246 0.00012775004 0.3201177 2.2820574e-05 0.0066638533 0.0021902632 0.36473545 2.237167e-05 9.517654e-05 3.3658996e-06 3.0573e-05 0.5069372 0.00078274263 2.0243945e-06 0.72198784 8.518391e-05 6.751635e-05 2.4058936e-05 8.4355925e-05 0.0055319145 0.005085861 1.941105e-06 9.609543e-07 9.8138e-06 2.8746348e-05 0.007954907 0.28748694 5.33021e-07 1.1936633e-05 3.9753468e-05 2.6056293e-07 0.01132628 7.7173145e-06 0.05027964 1.6179848e-07 0.0012049977 7.8730366e-08 6.168804e-07 2.862617e-07 1.3401929e-07 7.431028e-05 3.6631533e-08 4.911481e-06 1.5486195e-07 1.8592482e-08 6.934718e-08 3.668994e-07 6.21214e-08 0.004348355 4.820473e-06 1.2491172e-07 5.6720745e-07 0.060233798 1.0366217e-07 2.5448357e-05 3.477066e-08 0.008126907 0.24835669 2.9942743e-07 0.00013901523 0.08345219 2.5651985e-07 1.94185e-07 7.7948573e-07 0.06498877 3.257447e-05 2.1958974e-07 4.8604794e-05 1.2152976e-06 2.7197268e-07 0.011732801 1.7541815e-07
0.55570984 2.706691e-05 7.967985e-06 6.972464e-06 0.00022816515 0.00013417884 0.00045236823 1.2303141e-06 0.000602785 0.0004908187 3.0664671e-06 0.07464915 3.219653e-07 0.020424044 0.024037002 0.83861876 0.0018242509 0.00072183827 0.30968842 0.00010339752 5.6196295e-06 0.21555027 3.5594749e-06 1.16302694e-07 0.0033369 1.6624914e-05 2.8107812e-15 7.1848525e-08 0.000401977 0.005176061 0.74152964 2.3086084e-06 0.9880506 6.759246e-08 1.2564585e-06 3.8885405e-06 0.23730528 0.19869104 0.3247258 0.09517119 0.0012394518 1.6835101e-07 0.36301115 0.00038705193 6.340324e-05 2.8302309e-06 0.016245881 2.3343797e-05 0.0006084581 3.116859e-07 0.08325727 0.019767934 0.0012834928 0.0018337965 0.0001939092 1.7372479e-06 0.06308658 0.0001070172 0.002363678 0.005431492 1.43922e-06 6.2096085e-05 0.0032632602 0.00069207605 8.545691e-05 0.0069690146 0.0033006389 0.0049834237 0.07572574 2.410227e-05 6.1867686e-05 0.011839085 5.496342e-05 0.0013386864 0.0005826774 0.00014872965 0.00028652293 0.00019311675 0.0006896779 0.00023582607 0.0022246777 0.0028600313 7.470456e-05 1.0123174e-06 0.00012414095 0.00024463286 0.0024448617 2.7632084e-06 0.00017505896 0.0006029006 4.321726e-05 3.5041452e-05 0.00015454425 0.0022192695 7.501019e-05 0.0008703533 8.6872915e-06 3.61102e-05 4.3781307e-05 0.0006068954 4.3778884e-05
0.8153514 0.012987529 0.0013665569 0.09356462 4.8576057e-05 0.0013760416 7.4450094e-05 0.13046987 0.00017841773 0.0008108683 0.10584366 2.3074454e-05 0.83275324 6.3111524e-06 1.3874377e-05 6.2484645e-07 0.00019905815 0.003914982 1.0922643e-06 0.11901736 0.08242632 6.20098e-07 0.047488604 0.5355159 9.3376875e-05 0.0068446384 7.1848525e-08 1.1853485e-14 0.0014759018 9.57295e-06 1.10116545e-07 0.0627644 9.837127e-07 0.94961214 0.9293506 0.0388198 2.763734e-07 3.0950142e-07 4.0032315e-08 6.8686717e-07 0.0007048971 0.40553957 2.6362483e-07 0.013789908 0.0069263447 0.046576682 5.6130787e-08 0.016960898 8.501693e-06 0.6727845 2.8332257e-08 7.899265e-09 9.4423115e-08 2.4981e-07 1.2712335e-05 0.0889791 1.1291762e-06 2.1929925e-07 1.7413265e-08 2.1060009e-08 0.59331834 1.7879124e-08 0.000105190804 4.0163917e-09 3.7545851e-06 3.5104162e-09 3.8725158e-08 3.5039157e-08 2.122322e-06 0.0075216317 5.9770366e-09 0.00017715085 3.898504e-09 4.317108e-07 1.2153956e-07 2.5225066e-07 1.2680162e-07 2.31278e-06 5.6076104e-08 5.2840466e-07 3.5101539e-06 0.00090155564 6.5773534e-08 0.0005995395 1.437706e-07 3.296841e-05 0.024691084 2.2157006e-07 1.4393748e-06 0.022524372 1.11926376e-07 1.8055279e-07 4.8883237e-07 0.0021253151 5.1962616e-08 3.0153078e-07 0.0011969567 3.4242337e-06 1.17997956e-07 2.3040477e-05 1.5864103e-07
0.9684273 0.0012159372 0.029807894 0.23337317 6.9273185e-05 0.22153173 0.010181058 0.04526474 0.13616562 0.49178407 0.0026327963 0.0003397335 0.001017784 0.015746783 0.05977376 0.0011135768 0.5480013 0.5071766 0.009221094 0.0002924289 0.031827495 0.00975915 0.21867333 0.003915722 0.39514086 0.9529079 0.000401977 0.0014759018 3.672371e-17 0.111614674 0.005185913 0.044882316 0.0004040835 0.0023646578 0.0003878619 0.113254935 0.0005717224 0.003475782 5.7109002e-05 0.0006047566 0.84646565 0.000508507 3.8088754e-05 0.69932175 3.7609625e-05 1.9296938e-05 0.0038290012 2.6269427e-05 0.12577274 0.0028981662 2.4748875e-05 0.00013471532 0.0024526897 0.0025316821 0.10387053 0.08634205 5.4696816e-06 0.0028085264 0.011363142 2.8996437e-05 0.005933831 0.011706754 0.2562661 9.269219e-05 0.04138565 1.8868486e-05 3.0017682e-05 1.11989275e-05 1.8508892e-06 4.2195584e-06 5.656094e-06 3.7190464e-05 4.4256835e-06 4.7368056e-07 1.7681836e-06 5.3861154e-06 2.2888894e-06 0.09170829 0.0025487647 1.0725751e-06 1.0028587e-05 0.37203804 4.042082e-06 2.2726672e-06 7.9985716e-07 0.060705286 0.28111756 0.0001262198 0.015224269 0.06318167 4.7406014e-05 2.547032e-06 1.1125561e-05 0.22228587 0.019568255 1.994224e-06 9.60123e-06 1.858331e-05 2.6913513e-06 0.07779948 2.7012072e-06
0.9419856 0.0001366761 0.0016249658 0.000121549936 2.2631713e-05 0.00830436 0.011429734 0.0009401335 0.07060835 0.011055117 6.070595e-05 0.00037616908 3.9791344e-06 0.12645528 0.62110704 0.006702845 0.05498315 0.005053718 0.18380775 1.1869421e-05 2.7060692e-05 0.73864484 0.00093241 1.0331932e-05 0.98070353 0.004189246 0.005176061 9.57295e-06 0.111614674 3.2502046e-16 0.1275981 0.0004848061 0.005367059 6.1555024e-06 2.9172204e-05 0.0007636721 0.025143048 0.23662834 0.00097112294 0.027153637 0.13342802 9.2524834e-07 0.0005190059 0.017939419 8.908185e-06 2.7471647e-06 0.33636382 1.20066425e-05 0.481182 1.1359913e-05 0.002214235 0.019009992 0.24450625 0.20829867 0.17590544 0.00024891717 0.00034440446 0.1610389 0.13824932 0.008007018 6.271276e-05 0.1509166 0.22943078 0.026602564 0.088873595 0.0006011598 0.0022476052 0.00045764208 3.6337922e-05 8.8452487e-07 0.003168882 4.274669e-05 0.0010306989 1.1442089e-05 4.3836622e-05 0.00040160053 0.00011511168 0.095859155 0.023253018 3.6074039e-06 1.8930921e-05 0.1580245 4.2479285e-05 3.991317e-07 4.986382e-07 0.07087208 0.0046677203 0.0017635862 0.050914187 0.001548828 0.0023586194 2.6925698e-05 0.00020052739 0.053507574 0.057466898 4.5166294e-07 1.8983812e-06 7.998275e-05 1.1326626e-05 0.049504273 0.00023484821
