1.2467734e-21 0.9034924 0.97092265 0.82441103 0.82585 0.9093555 0.15042166 0.07203876 0.072059005 0.9653956 0.7048646 0.9290681 0.8640957 0.8393074 0.3002025 0.8713493 0.988815 0.98747283 0.6927799 0.058937326 0.9370525 0.17787609 0.99296594 0.20049436 0.12540992 0.11490204 0.0058565033 0.007866783 0.24449399 0.11227577 0.00018685075 0.9513828 0.00093887694 0.9439267 0.88432693 0.2279019 0.004292028 0.8997612 0.94699967 0.9869785 0.99598217 0.35965684 0.97866154 0.0027569623 0.84974754 0.93996066 0.1504626 0.6970686 0.8452093 0.35257956 0.0016671624 0.95175594 0.893705 0.9735913 0.9777433 0.9879605 0.96490335 0.99076223 0.46871433 0.82529086 0.833114 0.9201901 0.72428614 0.8052303 0.921763 0.90210074 0.44382468 0.64296883 0.12783875 0.6177433 0.997537 0.9866768 0.34963226 0.94393325 0.0312073 0.031100456 0.40616825 0.9635687 0.99956596 0.0153183425 0.89347786 0.5959561 0.017201988 0.10141013 0.16625369 0.38895303 0.6540654 0.98924947 0.3762536 0.42739242 0.0008467676 0.0157565 0.9911723 0.98013276 0.00022700876 0.049784124 0.006414906 0.011456149 0.99999875 0.99992365 0.9987454
0.9034924 7.098745e-17 0.85839796 0.68060625 0.9108955 0.9164312 0.862972 0.82964057 0.84306514 0.6185212 0.8211904 0.088093 0.086982526 0.059350133 0.35763323 0.0069140233 0.07443299 0.25943896 0.022049513 0.0176478 0.009054753 0.016694058 0.08989277 0.06345157 0.046241753 0.46543854 0.00030864828 0.010727922 0.0008545307 0.00014875038 4.9322673e-05 0.00049074145 0.0012035368 0.00043489537 5.003603e-05 3.6645983e-05 9.596857e-07 3.3503882e-05 0.00037938196 5.0358205e-05 0.030000856 2.8082155e-05 0.05472351 2.6237401e-05 2.3504392e-05 3.901981e-06 1.7686416e-05 1.7725571e-07 3.29593e-05 0.0001253836 9.611169e-06 0.0004802813 3.1005281e-06 0.00066767697 4.5042583e-05 0.0050102505 9.620693e-07 0.039122652 1.6017378e-06 6.251638e-08 5.2039803e-07 8.069874e-07 3.469686e-08 4.9596576e-07 0.00020079722 1.7194029e-07 2.2044361e-08 1.1643648e-06 9.341197e-07 1.3576444e-07 0.0048612 1.7784048e-06 8.622823e-05 6.7663664e-06 2.1809231e-07 3.7261037e-07 4.1231743e-07 0.0012834186 0.008384083 7.1836066e-06 4.5307903e-08 0.00012007027 1.4728068e-09 2.3761456e-07 8.446374e-08 8.5811905e-07 9.184149e-05 0.001531984 3.0134732e-09 1.1656512e-08 2.3487056e-08 9.655303e-08 5.877639e-06 0.00017630126 1.1869653e-08 1.00988885e-07 8.000753e-07 4.798706e-07 0.014842185 0.006110362 0.0007231771
0.97092265 0.85839796 2.200593e-15 0.98056126 0.05861285 0.43279895 0.51220626 0.06259532 0.029939448 0.1016275 0.027649645 0.0015540086 0.0026646669 0.942331 0.55409557 0.00012016937 0.70681375 0.5725914 0.00032806283 0.1770928 0.00013787764 0.0003551302 0.015581623 0.0009020734 0.00068005756 0.20553476 0.006746029 0.00013478265 2.8390345e-05 6.0422553e-06 0.0014639819 1.5473839e-05 0.0019018671 8.121134e-06 9.2201464e-07 3.6858087e-06 8.650781e-08 1.4201861e-06 0.010068276 1.8358288e-06 0.46343207 1.8749336e-06 0.334109 0.0028842266 2.0048321e-06 1.3454061e-07 1.5986277e-06 1.4294477e-08 0.0024820308 0.008734816 2.1765659e-07 0.022004878 5.419216e-07 0.001887664 3.765819e-05 0.20876846 3.1847218e-08 0.31010592 2.533515e-07 1.8692829e-08 9.803495e-07 1.5734044e-07 1.2110087e-08 1.9855845e-07 0.00081699464 1.18270975e-08 1.738456e-08 0.00021692646 5.993322e-07 3.471804e-08 0.05815208 2.698348e-07 0.0016552687 1.5127277e-06 1.2410543e-06 3.4129906e-07 1.973174e-08 0.0026349528 0.15853736 2.700243e-05 3.5710965e-08 0.0034500754 7.553017e-09 1.1005203e-06 5.68694e-08 7.930701e-08 0.0045793923 0.001192296 8.131452e-11 2.9038332e-09 6.456832e-08 6.84251e-08 2.0920925e-06 0.0015574477 2.0801037e-08 9.76533e-09 9.883777e-07 1.1387279e-07 0.09499161 0.014589103 0.009775162
0.82441103 0.68060625 0.98056126 8.986694e-12 0.03660374 0.12701777 0.73567 0.15312478 0.064107165 0.029141657 0.012370627 0.0010328804 0.0025938838 0.7190016 0.96616036 0.0003078801 0.2702307 0.050219636 0.00032364883 0.4431588 0.0002385131 0.00014525831 0.009012024 0.0007675704 0.0006331668 0.41163042 0.086654566 0.000993642 1.4999791e-05 1.3236827e-05 0.015535803 0.00025351453 0.048848618 0.00012702405 1.1180439e-06 4.0477253e-06 1.1982089e-06 3.2168453e-05 0.01261399 6.128316e-05 0.011805611 3.7448654e-06 0.0098794345 0.0076334747 1.3568548e-05 3.158685e-06 9.609089e-06 4.0831242e-07 0.0032735183 0.0072206836 7.151541e-06 0.0044848183 1.1742152e-05 0.00037753815 6.4051404e-05 0.0122351255 1.0142161e-06 0.018077696 3.700612e-06 2.6334766e-07 1.2985336e-05 1.8437973e-05 9.92913e-08 2.3391967e-06 0.00018640848 4.5819863e-08 3.903291e-08 0.00030174234 1.2928124e-05 1.8249284e-07 0.0019459847 2.4625064e-05 0.0011670908 6.3973657e-06 6.174304e-06 7.817493e-06 5.789973e-07 0.00035216645 0.008327748 0.0001904594 6.2971626e-06 0.0013167334 9.9733725e-08 1.3137048e-05 2.5873392e-06 2.0105617e-05 0.0010320828 0.00055527635 2.196227e-08 2.3197426e-06 5.62079e-07 1.4326057e-06 1.8837562e-05 0.000111730646 9.8248016e-08 1.4811322e-06 7.31643e-06 3.8017934e-06 0.011264498 0.0033631583 0.0037409023
0.82585 0.9108955 0.05861285 0.03660374 2.7153552e-18 0.9311013 0.28868672 0.39652875 0.5492304 0.7470823 0.8070147 0.7412698 0.9199299 0.003431496 0.005338719 0.28047743 0.003159687 0.16451754 0.24353428 0.00011133221 0.06097339 0.09684926 0.5592269 0.10043024 0.05879671 0.022924526 2.5464744e-05 0.004526006 0.020777395 0.004689282 5.5896176e-06 0.0149465855 5.6582656e-05 0.003413875 0.003747978 0.001534941 8.698964e-06 0.0009741812 7.911013e-05 0.0004274506 0.01375768 0.00059321616 0.04037274 1.1167267e-06 0.00012723767 1.9540146e-05 0.00011984432 3.077842e-05 2.6919099e-05 1.5086169e-05 7.017109e-05 0.00025853096 2.3363105e-05 0.0054825945 0.0011958061 0.002157624 6.8316012e-06 0.01685885 1.7443326e-05 4.6793303e-07 8.2517545e-06 1.50030955e-05 1.0029854e-06 1.7908238e-06 0.0014624714 1.0707713e-06 8.396612e-08 5.699947e-07 1.7380333e-06 1.3091804e-06 0.0047085984 1.9648525e-05 3.1338575e-05 2.3003484e-05 1.1506459e-06 1.1276137e-06 1.1870818e-06 0.0019706711 0.0045571625 1.6900574e-05 6.4483123e-07 1.3226492e-05 1.0140672e-08 4.0462137e-07 4.1833945e-07 1.7016623e-06 2.3108056e-05 0.0020394248 3.191397e-09 8.5065494e-08 2.1647898e-08 6.967585e-08 1.8581537e-05 0.0010369531 5.910671e-09 1.2885326e-07 4.176359e-07 2.246103e-07 0.005351376 0.0029214483 0.00020747984
0.9093555 0.9164312 0.43279895 0.12701777 0.9311013 3.6674168e-16 0.32411757 0.23773311 0.2082854 0.9180266 0.423296 0.28445134 0.32969928 0.045677442 0.040839676 0.051311772 0.08879671 0.8963481 0.032712564 0.0035528857 0.024010167 0.009727799 0.5422098 0.009466149 0.0102240695 0.061515417 0.00023624294 0.0007481211 0.0033058822 0.0003220822 0.000106888896 0.0062098163 0.00047421528 0.0009202193 0.00080931536 0.00016631678 3.0918472e-06 0.0003013326 0.0010583086 0.00023602296 0.18859662 8.8070425e-05 0.20056476 5.5397464e-05 0.000116529576 8.184618e-06 1.0000519e-05 6.065236e-07 0.00035867648 0.0009993316 2.7981798e-05 0.0021872763 3.666932e-06 0.016266204 0.001320146 0.023248078 9.575612e-07 0.1232215 2.369964e-06 8.107491e-08 5.1807297e-06 2.4440931e-05 3.22632e-07 8.868696e-07 0.004225853 1.7446736e-07 5.964979e-08 0.000112617905 1.017479e-06 1.6381456e-07 0.033047765 2.3586417e-05 0.00092585915 3.8885133e-05 1.3298428e-06 7.8200685e-07 5.771851e-07 0.006927213 0.02475003 1.7801076e-05 1.6636563e-06 0.00069776096 3.2586915e-08 1.4434796e-06 1.588201e-07 1.3210098e-06 0.001210453 0.003069153 1.125072e-08 2.5671843e-08 2.5945738e-08 1.0658925e-07 8.942109e-05 0.0032930283 5.2798597e-09 4.3613756e-08 3.912142e-06 8.9304666e-07 0.027364314 0.011454465 0.0016245731
0.15042166 0.862972 0.51220626 0.73567 0.28868672 0.32411757 1.9393514e-15 0.9875186 0.6967017 0.14465864 0.05314656 0.0072447835 0.004544457 0.024897277 0.10020728 0.0007295789 0.009590591 0.024069477 0.00016712543 0.004396944 0.00023533698 8.6442466e-05 0.0068154996 0.00030261787 0.0029584547 0.93419504 0.001360361 0.007986553 1.8053937e-05 3.3642248e-06 0.00039483115 3.773321e-05 0.0011280322 6.266645e-06 7.9289504e-07 1.2416817e-06 2.4535608e-05 2.0438688e-06 0.0008251432 2.4264136e-06 0.0016434208 1.2585044e-06 0.0029480127 0.00054481375 4.183285e-06 5.534663e-06 1.1385264e-06 3.0540196e-08 0.00044434945 0.00015416798 2.5618223e-05 0.0011249741 3.4562252e-06 0.00013287665 0.000119183496 0.0021092743 1.7244025e-06 0.001442568 2.5534197e-07 1.14967904e-07 6.9879347e-06 4.5353408e-07 2.3787281e-07 5.118055e-07 2.3796858e-05 1.0446285e-07 4.7044253e-08 2.468031e-05 6.634215e-06 3.1227902e-08 0.00024594023 6.4667137e-07 0.00027328974 1.2157475e-06 3.4918685e-07 4.3899044e-07 2.4009174e-07 4.0015388e-05 0.001891397 2.2723476e-05 1.690782e-06 0.00038933905 8.6391076e-08 3.1469679e-06 3.7052112e-07 3.443402e-07 0.00030311607 3.4980618e-05 5.080123e-08 1.08746484e-07 3.0073695e-09 2.6561798e-07 4.17363e-06 3.61819e-05 2.9228149e-09 1.7063603e-06 7.6786137e-07 1.9153724e-07 0.0017133061 0.00052187964 0.001239599
0.07203876 0.82964057 0.06259532 0.15312478 0.39652875 0.23773311 0.9875186 9.557034e-17 0.9585749 0.15667325 0.20606738 0.029201537 0.018075602 0.0040586996 0.003671429 0.0035223537 0.0011253105 0.008919398 0.0010118629 0.0001423165 0.0015741242 0.0004369126 0.015543489 0.0023133724 0.011218474 0.4409445 4.789174e-05 0.011709645 9.6331976e-05 1.32242585e-05 3.0965704e-05 0.0012654844 0.00014095752 0.00019481561 7.8099065e-06 1.1751092e-05 5.4555876e-05 1.6895287e-05 7.200119e-05 0.00012010005 0.0011620569 9.005614e-06 0.001342776 9.061573e-05 2.1693606e-05 1.2290224e-05 2.755745e-06 1.8220939e-07 7.791135e-05 3.602979e-06 1.6504995e-05 0.00027658002 1.5142151e-05 0.00032754886 0.00026331015 0.0005176739 5.0676967e-06 0.0011354449 8.251317e-07 4.3811926e-07 2.9772667e-05 1.1998035e-05 4.949485e-07 7.8584276e-07 6.199194e-05 2.0867172e-07 2.0962254e-07 7.178014e-07 1.4792224e-06 2.004355e-07 0.00045707208 2.4918898e-05 2.298572e-05 1.2914533e-05 3.0663007e-06 1.7638315e-06 1.716879e-06 0.000115972034 0.0010145288 5.3557895e-05 6.0722655e-06 7.657411e-06 1.06573395e-07 4.6930637e-07 1.9156348e-06 1.5159209e-06 2.7887732e-05 0.00016171897 4.3967482e-08 4.3185904e-07 8.674885e-09 6.8590816e-07 2.4084464e-05 5.0874267e-05 1.1019905e-08 2.281042e-06 3.7109686e-07 5.7853526e-07 0.001554643 0.0009864874 0.0002677343
0.072059005 0.84306514 0.029939448 0.064107165 0.5492304 0.2082854 0.6967017 0.9585749 2.4889962e-17 0.24963681 0.9764707 0.14552623 0.084829934 0.0015417476 0.00052128895 0.028952066 0.00025258638 0.009323793 0.006133824 5.7801003e-06 0.010824112 0.0024797027 0.04267777 0.054096628 0.66306204 0.9082278 8.948571e-06 0.63317966 0.00012020363 4.717736e-05 5.353785e-06 0.0043916153 2.6504866e-05 0.00041712783 8.426816e-06 1.1679653e-05 0.00037564317 6.179244e-05 3.1176007e-06 0.00031724424 0.00091459753 7.142871e-06 0.00084957 4.18919e-06 5.469492e-05 9.045199e-06 5.4863262e-06 1.8724077e-07 5.4925827e-06 5.245281e-07 6.0088834e-05 3.1876833e-05 6.401806e-05 0.00016432788 0.0008762293 0.00027078984 1.4130874e-05 0.00032925667 1.1999219e-06 4.5949457e-07 3.6023142e-05 5.698382e-05 6.256425e-07 8.146627e-07 2.6101361e-05 9.6742525e-08 1.571825e-07 1.1417758e-07 3.886674e-07 4.990138e-08 0.00014905781 0.000116986106 1.8044304e-06 1.726388e-05 1.7481103e-06 5.391015e-07 8.4464995e-07 5.8929367e-05 0.0004437881 3.0818483e-05 2.4404771e-06 1.5316442e-06 1.976123e-08 3.0044e-07 7.7632984e-07 1.262635e-06 7.7344885e-06 0.00019223218 3.1319927e-09 1.6066647e-07 5.933261e-09 1.539056e-08 4.173319e-06 3.830256e-06 4.078847e-09 7.475968e-08 3.2137262e-07 7.969763e-08 0.00079696573 0.00089037523 5.6654746e-05
0.9653956 0.6185212 0.1016275 0.029141657 0.7470823 0.9180266 0.14465864 0.15667325 0.24963681 5.816062e-16 0.6625268 0.7847634 0.57230526 0.004521183 0.0066784127 0.21638255 0.007286705 0.59746844 0.14967236 0.00020543726 0.24118003 0.055504035 0.9447082 0.053740706 0.024652485 0.0275075 1.857282e-05 0.0003146848 0.018898314 0.0024172482 1.3559869e-05 0.065277465 0.00010309937 0.0084270295 0.009824719 0.0012351949 5.07821e-06 0.001481674 0.00029786627 0.005542357 0.11739505 0.0006039102 0.35154572 1.9192298e-06 0.00037690165 3.0254268e-05 0.0001250274 3.4886532e-05 5.6289064e-05 9.326003e-05 6.037253e-05 0.0010879599 2.313092e-05 0.09626965 0.02211753 0.011502511 3.3973915e-06 0.12438868 8.158134e-05 1.0009426e-06 0.00011009381 0.0002186537 1.1130852e-06 3.917641e-06 0.019970933 9.727571e-06 1.2381793e-06 3.121132e-06 5.184224e-06 8.821731e-06 0.0566884 0.00017191959 9.22941e-05 0.0002159522 1.6264443e-05 1.701152e-05 3.864721e-06 0.021522325 0.016890222 2.0311985e-05 9.894411e-06 5.370725e-05 3.3270365e-07 5.4962968e-08 6.929862e-07 5.6910744e-06 0.0004113156 0.011380923 7.0713546e-09 2.9097296e-07 5.304037e-08 3.9083733e-07 0.0006056226 0.009559099 2.1434824e-08 1.5614755e-07 8.544899e-07 1.7540889e-06 0.038708683 0.019322323 0.0013484957
0.7048646 0.8211904 0.027649645 0.012370627 0.8070147 0.423296 0.05314656 0.20606738 0.9764707 0.6625268 1.3324053e-18 0.83502805 0.5478748 0.00074582803 0.00012878184 0.32457733 0.00046423997 0.019024983 0.34100914 2.0202865e-06 0.18597399 0.22725943 0.338487 0.7405375 0.87246794 0.09342675 5.7095707e-07 0.41545266 0.008529627 0.016238041 1.4320974e-06 0.024548616 1.9482035e-05 0.0029196867 0.00020173965 0.00019359583 0.0006315208 0.00031975834 3.0755082e-06 0.0018934435 0.0010398795 4.4653418e-05 0.0027453199 5.5317633e-07 0.0001445079 2.3892162e-05 2.0268177e-05 1.5966538e-07 5.4415077e-06 1.1971552e-07 0.000465446 4.2680575e-05 2.0444022e-05 0.00056859077 0.00062086724 0.00030166467 3.03278e-06 0.0008689711 1.071749e-06 2.4610105e-07 7.738177e-06 1.9155827e-05 5.340042e-08 2.1275312e-07 0.00023300995 7.422078e-08 8.99662e-09 6.76078e-08 9.59804e-07 5.937838e-08 0.00013587423 2.2468916e-05 3.210259e-05 1.677377e-05 7.514769e-08 5.3534222e-08 7.7262385e-08 0.00027985603 0.00070225174 3.6721356e-06 2.7588837e-07 4.19956e-05 1.2444883e-09 1.9216545e-08 1.2346864e-08 7.441211e-07 8.1826256e-05 0.0004794514 1.8541301e-09 4.498285e-08 8.011774e-10 1.1102882e-08 5.1453762e-06 8.049383e-05 9.807768e-11 6.7425288e-09 6.4503695e-08 2.796988e-08 0.0038502286 0.0019077882 0.00016135923
0.9290681 0.088093 0.0015540086 0.0010328804 0.7412698 0.28445134 0.0072447835 0.029201537 0.14552623 0.7847634 0.83502805 2.1844507e-15 0.8712412 0.00020808005 0.0001711855 0.8338472 0.00023629228 0.024167145 0.9332895 2.6640937e-06 0.9323936 0.6981642 0.7578183 0.56866926 0.3567681 0.0079073245 8.1172664e-07 0.010352774 0.38872328 0.15067461 4.565373e-06 0.316817 4.7811325e-05 0.06862821 0.20210353 0.06024895 0.00034472582 0.007615082 5.679076e-06 0.054539766 0.0021122142 0.011493168 0.04882469 5.1010204e-07 0.0011755672 0.00057505805 0.0051324535 0.0013423739 2.234925e-06 5.509159e-06 0.0032641692 0.00011872745 0.0001413084 0.007074573 0.0070730955 0.00050986913 8.56043e-05 0.017119193 0.0016755546 1.9444762e-05 3.3144923e-05 7.219894e-05 2.5733629e-05 4.2359825e-05 0.0027227518 6.232581e-05 1.7875009e-05 1.5191894e-07 0.0011183368 0.0001167975 0.0029521822 0.00028245122 2.2482353e-05 0.00015762182 8.995335e-05 4.945319e-05 6.540901e-05 0.0030317567 0.0010592043 0.00011037629 7.2443827e-06 7.2813627e-06 1.9817782e-07 3.1202168e-07 7.4205213e-06 1.8487715e-05 8.7152526e-05 0.0051545883 4.191591e-08 1.7684928e-07 7.133473e-07 1.9629392e-06 8.361928e-05 0.00076954026 7.4877555e-08 3.3918009e-06 1.5253514e-06 2.8127624e-06 0.011499944 0.0072997846 0.00013777577
0.8640957 0.086982526 0.0026646669 0.0025938838 0.9199299 0.32969928 0.004544457 0.018075602 0.084829934 0.57230526 0.5478748 0.8712412 4.2851223e-18 0.0006726948 0.000671526 0.95648515 0.00027385852 0.070427366 0.42867124 2.1905973e-05 0.40305883 0.18539135 0.7902488 0.12746315 0.07264176 0.0016281523 5.486431e-06 0.0011597857 0.10094201 0.01596852 1.1199825e-05 0.29394662 4.2719264e-05 0.042222086 0.054570697 0.010211698 1.2502293e-05 0.013998427 1.91132e-05 0.013328958 0.008490018 0.004578862 0.057513073 1.2144924e-06 0.0011084455 0.00024754906 0.0008173208 0.0013982168 1.5863632e-05 5.9083072e-06 0.00050349487 0.0001468411 0.00016685438 0.016052743 0.011492703 0.0013597729 3.788516e-05 0.013631148 0.0005497409 1.9482648e-05 0.00020573726 0.00022297709 8.08542e-05 6.672314e-05 0.0048487615 3.9633396e-05 3.466592e-05 7.1749486e-07 7.509121e-05 7.614697e-05 0.0038127718 0.00013849915 2.0413025e-05 0.00028870546 8.5556065e-05 3.140556e-05 3.2835374e-05 0.004134847 0.0026821261 6.807555e-05 1.4760299e-05 2.3273499e-06 2.0461175e-06 2.7267652e-07 6.3739685e-06 4.478721e-05 6.529393e-06 0.005263 1.5469036e-06 1.3015866e-06 5.827043e-07 1.784681e-06 0.00066093495 0.002623808 2.9816235e-08 1.0891977e-06 1.7597923e-06 2.4026917e-06 0.00741329 0.0057024593 4.1566786e-05
0.8393074 0.059350133 0.942331 0.7190016 0.003431496 0.045677442 0.024897277 0.0040586996 0.0015417476 0.004521183 0.00074582803 0.00020808005 0.0006726948 4.3646124e-12 0.7823871 1.13779215e-05 0.9868615 0.1170057 8.604037e-05 0.72082937 7.020917e-05 3.406562e-05 0.0006116851 9.269838e-05 5.6936777e-05 0.030095702 0.09307603 1.4303702e-05 3.056097e-06 4.5490096e-06 0.009686312 8.139642e-06 0.0063254614 1.4324648e-06 1.7273626e-07 4.805784e-06 1.380779e-06 7.350956e-07 0.29530552 3.1115296e-06 0.14919008 5.3495896e-06 0.087871715 0.040045153 1.6443902e-06 1.1272917e-07 4.4146223e-06 2.1157491e-07 0.059755504 0.134823 2.211178e-06 0.08125129 2.543421e-07 0.0010480549 8.8072185e-05 0.23221417 8.991136e-08 0.07238054 5.454024e-06 2.247576e-08 1.1071818e-06 1.7488273e-06 6.711827e-08 4.223131e-07 0.0009658628 2.0571711e-07 5.3818116e-08 0.0075433403 1.3840678e-05 7.979436e-08 0.021422135 1.4731345e-05 0.01115572 2.4177793e-06 9.082983e-06 1.0383761e-05 4.929836e-07 0.0013815127 0.09224935 0.00029750317 3.560539e-07 0.0076934355 3.8609667e-08 0.00032169907 1.2490167e-06 2.9491023e-06 0.014279416 0.0013458023 1.5274606e-08 2.945736e-07 1.0839636e-06 6.4815936e-07 1.1121928e-06 0.00056049007 9.79797e-07 1.8551472e-07 1.1003634e-05 1.0894533e-06 0.01545531 0.0036142396 0.015713762
0.3002025 0.35763323 0.55409557 0.96616036 0.005338719 0.040839676 0.10020728 0.003671429 0.00052128895 0.0066784127 0.00012878184 0.0001711855 0.000671526 0.7823871 5.1764487e-15 3.1682986e-05 0.10443013 0.020743767 7.6151723e-06 0.97720367 8.94962e-06 3.118731e-06 0.00094298634 7.179008e-05 5.1241266e-05 0.9105045 0.59596145 0.0005200607 9.992509e-08 3.2534325e-07 0.16070294 2.577219e-05 0.51791155 3.8322837e-06 6.613495e-08 2.4960448e-07 2.0111534e-06 3.123931e-06 0.00831379 2.1144433e-06 0.012419023 4.8802863e-06 0.0033802164 0.114405766 3.980421e-06 1.9241872e-06 4.9397495e-06 8.521587e-08 0.007867037 0.004306109 2.6403673e-05 0.017542396 7.136709e-06 0.00013394616 2.0690237e-05 0.012444874 5.835473e-07 0.003253678 7.30817e-07 2.658253e-07 5.0395778e-05 1.1971049e-05 1.022322e-06 4.2129938e-07 0.00045853222 1.8580607e-08 1.464715e-07 7.1116046e-06 3.249817e-05 4.8262064e-07 0.0012761366 5.954913e-06 0.001056569 5.95999e-05 9.8755845e-06 3.6405647e-06 4.981235e-07 0.0008590767 0.010699457 0.00054832385 1.2061449e-06 0.0016209395 3.3043815e-08 2.434631e-06 2.2890704e-06 1.4452511e-06 0.0014116857 0.0004082387 4.9525323e-08 3.5111998e-07 1.4859064e-07 7.627713e-07 9.071608e-06 0.00012351731 2.7816913e-07 4.2109274e-08 5.3647377e-06 1.2952578e-06 0.016007172 0.0008547023 0.0072014383
0.8713493 0.0069140233 0.00012016937 0.0003078801 0.28047743 0.051311772 0.0007295789 0.0035223537 0.028952066 0.21638255 0.32457733 0.8338472 0.95648515 1.13779215e-05 3.1682986e-05 2.3890649e-17 6.4588585e-06 0.008644293 0.4805203 6.468468e-08 0.6789857 0.25729367 0.7571571 0.13506128 0.052259654 0.000119256605 1.1777636e-07 0.00039145176 0.24275407 0.0096951835 4.8784784e-07 0.8881557 2.3266152e-06 0.39024332 0.22564395 0.021804778 1.8211802e-05 0.10535181 5.1752505e-07 0.22651516 0.0014626689 0.011358721 0.026796328 1.04236555e-07 0.081883356 0.07666378 0.0026465943 0.006304152 6.8858355e-07 1.235606e-07 0.00043926266 6.4916985e-06 0.0069992673 0.044031154 0.06653146 0.000111696754 0.0022092804 0.0037064983 0.0029136075 0.000556293 0.011402923 0.004536507 0.0017036068 0.00065903197 0.009028806 0.001911752 0.0013990079 8.6646864e-08 9.0987305e-05 0.0013425604 0.0016627469 0.0013982069 1.7412402e-06 0.0024732726 0.00026302604 0.00020566428 0.00035273653 0.008967845 0.00040981383 5.220539e-05 0.00023862525 1.0226769e-06 0.00010052943 2.025043e-08 3.2336946e-05 0.00095943245 2.3134771e-06 0.007431475 3.5770072e-06 5.9868784e-05 1.4141218e-06 6.4785495e-06 0.0059416424 0.0027222922 7.120393e-08 2.5189552e-06 2.3613977e-06 7.947168e-06 0.006605091 0.008096373 3.582799e-05
0.988815 0.07443299 0.70681375 0.2702307 0.003159687 0.08879671 0.009590591 0.0011253105 0.00025258638 0.007286705 0.00046423997 0.00023629228 0.00027385852 0.9868615 0.10443013 6.4588585e-06 1.1406677e-13 0.3847092 1.5047443e-05 0.026276244 3.4182776e-05 1.0901116e-05 0.0009956093 4.175045e-05 4.8393626e-06 0.0048884875 0.0023469247 5.9230234e-07 1.8191867e-06 2.1800674e-06 0.0002251861 5.1248962e-06 0.00012191656 1.6033074e-06 1.2070649e-07 8.311077e-07 1.288739e-07 1.8005542e-06 0.112979636 4.457936e-06 0.7676452 2.5762213e-07 0.2829747 0.00072082604 1.5391977e-07 1.5546517e-08 2.3272776e-07 6.3930923e-09 0.030992707 0.017111296 6.622341e-07 0.094068155 1.8933674e-08 0.002573853 0.00015111633 0.493953 2.313373e-08 0.5421786 6.785636e-08 9.851499e-09 5.405762e-08 1.0155523e-07 1.705947e-08 1.5149315e-07 0.0011805999 6.603584e-09 4.715205e-08 0.00045162853 1.9489084e-06 2.9002976e-08 0.34814873 2.608816e-06 0.0027824834 5.873271e-07 2.0443758e-06 1.1900006e-06 1.8553445e-08 0.0062864437 0.5935892 3.0201889e-05 1.5451004e-08 0.005340308 2.0512961e-07 9.13743e-06 4.3851676e-07 1.0417182e-06 0.019856779 0.002393238 1.9595696e-09 1.1379906e-09 2.8060253e-07 6.691303e-07 1.1233215e-06 0.002653681 1.6049037e-07 1.7862925e-07 4.8992825e-07 4.4633705e-07 0.20085137 0.018637214 0.05742302
0.98747283 0.25943896 0.5725914 0.050219636 0.16451754 0.8963481 0.024069477 0.008919398 0.009323793 0.59746844 0.019024983 0.024167145 0.070427366 0.1170057 0.020743767 0.008644293 0.3847092 4.7754103e-16 0.005850491 0.0037496816 0.0060594953 0.0010210339 0.26905993 0.0008531143 0.00021696245 0.0073758895 0.0001801236 1.284234e-05 0.00018605877 4.0242714e-05 3.8527298e-05 0.013952014 0.00016664971 0.00036909265 5.951868e-05 4.863145e-05 8.773041e-09 1.118215e-05 0.00533213 0.0022378643 0.8630573 8.6286476e-05 0.7925043 2.9008332e-05 2.4240395e-05 8.6878545e-06 8.205631e-05 1.1812367e-06 0.0011648693 0.0014359597 1.0538002e-05 0.0058013373 8.052634e-06 0.08867386 0.012038616 0.20416912 1.0188181e-06 0.57158875 2.6426622e-05 2.510761e-07 1.3476702e-05 1.6313734e-05 3.7384692e-07 3.988252e-06 0.017607924 2.0693778e-06 5.510334e-07 0.00010904294 5.7367906e-05 1.0485967e-06 0.4517253 3.0942883e-05 0.0006084938 3.485285e-05 8.341582e-06 4.5668403e-06 1.195322e-05 0.061468698 0.34788248 4.486433e-05 1.9856084e-06 0.0009677632 9.2648754e-08 7.73693e-08 7.0800766e-06 1.4314489e-06 0.0026536926 0.025953341 2.287608e-08 5.7149613e-08 5.109021e-08 6.577526e-07 0.0001738932 0.021207763 1.0146708e-08 4.0380957e-07 3.6845397e-06 6.898817e-07 0.266786 0.075911276 0.0118069835
0.6927799 0.022049513 0.00032806283 0.00032364883 0.24353428 0.032712564 0.00016712543 0.0010118629 0.006133824 0.14967236 0.34100914 0.9332895 0.42867124 8.604037e-05 7.6151723e-06 0.4805203 1.5047443e-05 0.005850491 3.0307277e-15 1.6886306e-08 0.9736781 0.93926656 0.114888534 0.76174796 0.38178885 0.0026381738 2.4601597e-08 0.0059563853 0.7950744 0.43941885 4.6064412e-07 0.1300651 6.951424e-06 0.10506066 0.18268448 0.090059385 0.00051946664 0.019822251 3.8127965e-07 0.02801061 0.00034265468 0.015621663 0.003150902 2.7553325e-08 0.006553605 0.0031006972 0.016893324 0.00094480603 1.1921884e-06 2.8977527e-07 0.010358971 4.5301904e-06 0.00048597308 0.002548305 0.0029193568 5.803462e-05 0.00029475 0.00082417665 0.00042407098 1.5889571e-05 8.774942e-05 7.8514764e-05 8.425049e-06 1.689677e-05 0.0011380678 1.5811404e-05 6.0460366e-06 1.1923663e-07 0.00024193089 3.3482673e-05 8.7372726e-05 0.0001015982 5.608151e-06 0.00014766939 7.236356e-05 0.000101936916 7.0151646e-06 0.0008543939 0.00019501208 4.168671e-05 6.625638e-07 5.861121e-06 7.839247e-08 4.962925e-08 1.7462642e-06 3.5581976e-05 1.0357147e-05 0.0009988005 9.022487e-08 1.0527117e-06 2.7230723e-07 1.285515e-06 5.5305452e-05 0.00022952021 2.3942476e-07 2.0520883e-07 2.079945e-06 2.4074095e-06 0.0031347799 0.0013269399 6.445165e-05
0.058937326 0.0176478 0.1770928 0.4431588 0.00011133221 0.0035528857 0.004396944 0.0001423165 5.7801003e-06 0.00020543726 2.0202865e-06 2.6640937e-06 2.1905973e-05 0.72082937 0.97720367 6.468468e-08 0.026276244 0.0037496816 1.6886306e-08 3.0077573e-18 7.698833e-08 1.3900659e-08 1.6462393e-05 3.702843e-08 1.307476e-06 0.069885656 0.991414 6.6483453e-06 1.3553138e-08 4.756991e-09 0.39179805 9.88637e-07 0.37716958 3.618495e-08 1.7913591e-09 4.1539123e-09 5.73268e-08 1.1910905e-08 0.019726137 8.502478e-08 0.0055996184 7.874719e-08 0.0012635379 0.5423225 8.516486e-08 5.6808144e-08 2.0749317e-07 1.7667211e-09 0.016149212 0.04367943 5.1189318e-08 0.00980466 3.9828507e-08 1.32868345e-05 4.190478e-07 0.014718967 1.610381e-08 0.0019024756 7.0641725e-08 1.6871745e-09 2.1052617e-08 4.6191477e-08 2.1597089e-08 1.2619837e-08 4.036344e-05 1.1457965e-09 1.4216976e-09 2.0913953e-05 3.8157928e-06 9.366951e-09 0.00053564593 1.8397837e-07 0.0009991677 2.6370228e-07 7.228058e-07 3.8934817e-07 8.36231e-09 0.0004968563 0.007928868 2.4557354e-05 9.7782085e-09 0.0017501764 2.9302667e-09 6.937238e-06 4.5523855e-08 4.312801e-08 0.0013138697 0.00024384953 1.0532048e-08 3.2674592e-09 1.3499442e-09 1.7030217e-07 6.125902e-07 5.6923636e-05 5.079449e-10 2.7151462e-08 1.2204196e-06 1.4422709e-07 0.0037271401 0.00064646086 0.0024611636
0.9370525 0.009054753 0.00013787764 0.0002385131 0.06097339 0.024010167 0.00023533698 0.0015741242 0.010824112 0.24118003 0.18597399 0.9323936 0.40305883 7.020917e-05 8.94962e-06 0.6789857 3.4182776e-05 0.0060594953 0.9736781 7.698833e-08 1.297968e-14 0.6358584 0.39468828 0.3300598 0.15998381 0.008465508 3.884758e-07 0.0038654362 0.76409477 0.26253727 7.540703e-07 0.40991727 1.630333e-05 0.6208531 0.6598712 0.21348675 0.00042335998 0.1361959 1.6150472e-06 0.3003305 0.0013425027 0.08314845 0.02698016 2.3013058e-08 0.028348425 0.033754304 0.08787653 0.026073033 2.0604828e-06 1.0736891e-07 0.006278358 4.2728592e-05 0.0040987893 0.017653227 0.0372896 0.00010797739 0.0030693084 0.0085754655 0.024735611 0.0004492997 0.0011360315 0.001053102 0.00072575075 0.00049836515 0.005086372 0.0014899684 0.0011727721 7.441597e-08 0.012090986 0.0027943372 0.0020180952 0.0021845277 2.1301565e-05 0.0014037899 0.0009832099 0.0010890556 0.00087977416 0.007819913 0.0007510013 0.0006299367 0.00029426717 7.718477e-06 4.592381e-06 5.67383e-08 0.00013517887 0.0012450607 2.4793313e-05 0.007441063 1.9630404e-06 3.5870726e-05 7.4485915e-06 2.2145412e-05 0.0007163367 0.002259015 2.0191653e-06 2.2487522e-05 7.891266e-06 2.6082349e-05 0.017999105 0.018117566 0.00031713594
0.17787609 0.016694058 0.0003551302 0.00014525831 0.09684926 0.009727799 8.6442466e-05 0.0004369126 0.0024797027 0.055504035 0.22725943 0.6981642 0.18539135 3.406562e-05 3.118731e-06 0.25729367 1.0901116e-05 0.0010210339 0.93926656 1.3900659e-08 0.6358584 6.407613e-15 0.042891998 0.98488057 0.2939791 0.00066945015 3.4715065e-08 0.0131195355 0.6626714 0.632075 7.155119e-07 0.044592995 3.265134e-06 0.021838676 0.035654534 0.02911836 0.0009535785 0.007883673 4.3470354e-07 0.007231244 4.889541e-05 0.0028090887 0.0005817446 1.2962617e-07 0.0019341656 0.0010473605 0.0077641397 0.00024032347 4.857326e-06 1.4422392e-07 0.006627149 8.196421e-06 0.0001758167 0.00035331817 0.00058311515 1.8799783e-05 0.00011265292 0.00016087631 6.0185932e-05 6.8483405e-06 9.000797e-06 2.8903452e-05 3.5337055e-06 6.8157296e-06 0.00013747743 2.8808165e-06 8.450964e-07 7.27455e-07 0.00012418737 7.5711955e-06 3.213659e-05 2.264106e-05 8.574817e-07 1.8087112e-05 1.2044879e-05 7.3627393e-06 4.1904004e-06 0.00010657326 0.00017170642 4.8328617e-05 7.3056964e-07 2.2685074e-06 5.8825115e-08 6.391112e-07 9.407496e-07 5.73174e-06 7.9483425e-06 0.00015652156 1.7047346e-07 6.4892197e-07 6.120115e-07 1.080874e-06 9.34637e-06 6.65772e-05 4.2200105e-07 2.2057548e-06 6.190545e-07 1.746429e-06 0.0011957895 0.00076153467 5.896624e-05
0.99296594 0.08989277 0.015581623 0.009012024 0.5592269 0.5422098 0.0068154996 0.015543489 0.04267777 0.9447082 0.338487 0.7578183 0.7902488 0.0006116851 0.00094298634 0.7571571 0.0009956093 0.26905993 0.114888534 1.6462393e-05 0.39468828 0.042891998 4.2344765e-16 0.030843865 0.011144894 0.001398421 5.7188267e-06 0.0001329186 0.018989274 0.0018301451 3.2739238e-06 0.78404987 4.9599137e-05 0.05212556 0.03030933 0.0027840429 6.6854153e-07 0.009283991 0.00013690647 0.20779215 0.054824717 0.0030775517 0.6068372 5.417795e-07 0.019235695 0.00450823 0.00015526412 0.00090615783 2.7185602e-05 1.8501649e-05 2.9267929e-05 0.00049056526 0.0007116198 0.3937208 0.33255595 0.007852028 0.00020714848 0.15555128 0.00075670955 7.476928e-05 0.0033721959 0.0037578866 0.00020279191 0.00015382256 0.15949406 0.00064029236 0.00016960388 3.1798966e-06 3.496214e-05 0.00033739442 0.17101367 0.010533004 2.5569603e-05 0.007008943 8.112724e-05 0.00010377193 0.00013129115 0.17638832 0.015637528 4.586251e-05 9.180724e-05 3.2419266e-05 4.4419244e-06 2.4984015e-08 1.6721335e-05 8.3629566e-05 0.00025742233 0.13544267 3.8301295e-07 1.0086454e-05 1.3259441e-07 1.6784037e-06 0.018834494 0.070692234 8.201276e-08 3.425769e-06 1.2333096e-06 5.8734645e-06 0.12146197 0.13985057 0.0010440615
0.20049436 0.06345157 0.0009020734 0.0007675704 0.10043024 0.009466149 0.00030261787 0.0023133724 0.054096628 0.053740706 0.7405375 0.56866926 0.12746315 9.269838e-05 7.179008e-05 0.13506128 4.175045e-05 0.0008531143 0.76174796 3.702843e-08 0.3300598 0.98488057 0.030843865 1.3174664e-16 0.9013883 0.01585212 5.7469343e-08 0.18684772 0.54348356 0.84832925 9.158609e-07 0.013598727 7.0212554e-06 0.014369783 0.030091785 0.035664663 0.022133214 0.0020774952 6.9966194e-07 0.0011857671 1.0324052e-05 0.0045731035 2.3658531e-05 3.0353434e-08 0.00045336504 9.76143e-05 0.03627012 8.629948e-05 1.723071e-06 5.411836e-07 0.055655345 1.8674611e-05 5.002668e-05 3.1090192e-05 3.3342087e-05 0.00010661991 5.0226834e-05 3.9052105e-05 3.8970476e-05 1.3529815e-06 3.5286578e-06 3.0756607e-06 2.7116116e-06 5.2835103e-06 1.3181035e-05 9.2507884e-07 1.2885309e-06 8.865263e-07 0.0010504825 2.413285e-06 4.7464355e-06 2.8170493e-06 2.3493824e-06 4.7381764e-06 9.909596e-06 6.371294e-06 3.236661e-06 4.849871e-05 0.00012297159 0.00059251057 1.3859486e-07 2.8842487e-05 1.1984899e-08 1.9845784e-06 1.0465006e-06 1.133998e-06 6.4417936e-06 3.427653e-05 1.7351995e-08 1.242027e-07 1.0833838e-06 6.255208e-07 9.7152115e-06 2.526678e-06 8.259496e-07 2.9257853e-07 5.0639483e-06 2.5457086e-06 0.00028269834 0.00038048584 3.2846743e-05
0.12540992 0.046241753 0.00068005756 0.0006331668 0.05879671 0.0102240695 0.0029584547 0.011218474 0.66306204 0.024652485 0.87246794 0.3567681 0.07264176 5.6936777e-05 5.1241266e-05 0.052259654 4.8393626e-06 0.00021696245 0.38178885 1.307476e-06 0.15998381 0.2939791 0.011144894 0.9013883 8.032644e-14 0.32358035 3.3884673e-06 0.99174803 0.06780984 0.4922814 3.716818e-06 0.0035289556 1.08037575e-05 0.008477263 0.0034701878 0.0012608308 0.16212395 0.000365319 2.96585e-06 0.0002091123 3.0417697e-05 0.0001224444 4.14101e-05 1.5191105e-06 0.00020145433 0.00022840833 0.0028526166 4.4747567e-06 7.1108116e-06 1.3937384e-07 0.065705165 0.0001944531 0.00024723035 0.00047750588 0.0010400218 0.00012170978 3.7689555e-05 4.6135592e-05 2.405834e-05 7.764221e-06 8.53769e-05 3.280933e-05 4.7089972e-07 2.0884067e-06 0.00018114498 4.327151e-06 5.340605e-07 8.188897e-06 0.001938875 6.5757795e-06 0.00010966042 0.00011053863 1.2698546e-05 0.000116156436 1.7978939e-05 8.18586e-06 3.5253374e-06 0.00039867498 0.0007271741 0.0004507933 1.9823274e-06 2.0721101e-05 5.2187488e-08 4.3388803e-07 1.073978e-05 9.987032e-06 5.1994968e-05 0.00024277935 3.041218e-07 3.071511e-07 1.9043424e-05 6.656643e-06 1.3135808e-05 2.4882329e-05 7.150709e-06 4.6040723e-06 1.5221964e-06 2.2415708e-07 0.0025990035 0.0013890802 0.00047401976
0.11490204 0.46543854 0.20553476 0.41163042 0.022924526 0.061515417 0.93419504 0.4409445 0.9082278 0.0275075 0.09342675 0.0079073245 0.0016281523 0.030095702 0.9105045 0.000119256605 0.0048884875 0.0073758895 0.0026381738 0.069885656 0.008465508 0.00066945015 0.001398421 0.01585212 0.32358035 2.8001543e-15 0.16595614 0.88218683 0.00015571402 0.000554279 0.024661927 0.0009888709 0.9323211 0.0004971582 7.7406396e-05 3.806468e-05 0.006465814 3.803576e-05 0.0032607638 0.0012447699 0.00039716295 8.510758e-05 0.0003638557 0.023244336 0.0009388313 0.00022763027 0.0003559842 7.0048086e-06 0.0014863906 0.00014912791 0.0062137316 0.00085959997 0.010644193 0.00025722897 0.003898907 0.0010618531 0.0023965905 0.0016186208 0.00013983136 9.012156e-05 0.002980811 0.0031467953 4.6527555e-05 0.00033706156 5.2810945e-05 3.204206e-05 5.546354e-05 0.00011498792 0.0008967537 5.8175174e-06 0.001022891 0.0016124432 0.00033755726 0.0038811537 7.349001e-05 2.2729544e-05 5.0887662e-05 0.00018479438 0.0055093835 0.0011214361 0.00431096 9.684754e-05 3.204154e-07 4.222235e-06 0.004556956 0.00034965808 0.00037703375 0.0012080444 1.3860503e-07 5.4751647e-05 4.6410855e-06 2.0397e-06 7.435395e-05 1.8715805e-06 9.899913e-08 2.1016202e-05 2.5219899e-05 2.977227e-05 0.00903719 0.0007389097 0.002407745
0.0058565033 0.00030864828 0.006746029 0.086654566 2.5464744e-05 0.00023624294 0.001360361 4.789174e-05 8.948571e-06 1.857282e-05 5.7095707e-07 8.1172664e-07 5.486431e-06 0.09307603 0.59596145 1.1777636e-07 0.0023469247 0.0001801236 2.4601597e-08 0.991414 3.884758e-07 3.4715065e-08 5.7188267e-06 5.7469343e-08 3.3884673e-06 0.16595614 7.416133e-16 3.2723114e-05 3.8111136e-07 3.6980648e-08 0.76193255 9.858153e-07 0.77919805 1.3909087e-07 4.026726e-08 1.0911173e-07 6.344663e-08 1.6572754e-07 0.011942123 2.053067e-07 0.00018197211 3.6586289e-06 6.493302e-06 0.94407094 4.7419448e-07 2.4820906e-06 5.112931e-06 1.8037295e-07 0.0017969365 0.06701381 9.2429315e-07 0.0009875322 2.0179814e-06 4.5381335e-06 1.2574571e-06 0.001420997 8.4916e-07 7.7613884e-05 2.3223545e-06 1.3498786e-07 5.670831e-07 1.2380269e-06 1.575925e-06 1.1010378e-06 3.0439708e-06 8.8076845e-08 7.868308e-08 4.3134823e-05 2.37174e-05 2.6685143e-07 3.4165925e-05 5.193752e-07 0.00036096683 5.1622425e-07 3.578e-06 3.2644148e-06 4.302451e-07 2.6803003e-05 0.0013806159 0.00011800038 3.1925572e-07 0.0006822705 7.759497e-08 7.244794e-05 1.6219977e-06 1.0190154e-06 0.00024403472 6.3727806e-05 5.8716245e-07 4.312417e-07 3.0292517e-09 1.6208921e-06 1.7868166e-06 4.3806513e-06 2.8727134e-09 5.388532e-07 1.5165223e-06 2.384461e-07 0.0009775027 0.00023322314 0.0005453562
0.007866783 0.010727922 0.00013478265 0.000993642 0.004526006 0.0007481211 0.007986553 0.011709645 0.63317966 0.0003146848 0.41545266 0.010352774 0.0011597857 1.4303702e-05 0.0005200607 0.00039145176 5.9230234e-07 1.284234e-05 0.0059563853 6.6483453e-06 0.0038654362 0.0131195355 0.0001329186 0.18684772 0.99174803 0.88218683 3.2723114e-05 1.2289176e-17 0.0017959283 0.025638215 2.7785827e-06 4.6639954e-05 1.0837058e-05 0.00015590155 0.000103190956 3.5103196e-05 0.9737894 1.1757784e-05 3.115525e-05 8.434406e-06 1.301599e-06 3.8297825e-05 6.937609e-06 7.928935e-07 1.599606e-05 4.5557063e-05 0.0007618972 2.5057893e-06 1.2218444e-05 3.414542e-06 0.27627614 7.541056e-05 0.00020883289 4.91279e-05 0.00029755308 0.00018077565 8.40398e-05 6.0909056e-06 8.861743e-06 6.542901e-06 0.00013496581 4.3076325e-05 1.1621811e-05 1.0238933e-05 5.0515278e-06 1.1055602e-06 4.030499e-06 1.8142625e-06 9.904754e-05 1.330434e-06 5.623709e-06 1.9407786e-05 1.1643193e-06 2.2166878e-05 8.676156e-06 4.0796394e-06 1.4928763e-05 4.543252e-06 0.00010336617 0.00043564462 2.2742413e-06 5.691367e-06 1.4296711e-08 9.743981e-07 2.51343e-05 1.2773493e-06 3.193533e-06 1.4159552e-05 7.7311626e-08 4.066244e-07 1.2889168e-06 2.529358e-07 3.4339345e-07 5.7880097e-08 1.3974883e-06 4.8346226e-07 1.215096e-06 8.6106695e-07 9.744724e-05 5.2021924e-06 2.9239247e-05
0.24449399 0.0008545307 2.8390345e-05 1.4999791e-05 0.020777395 0.0033058822 1.8053937e-05 9.6331976e-05 0.00012020363 0.018898314 0.008529627 0.38872328 0.10094201 3.056097e-06 9.992509e-08 0.24275407 1.8191867e-06 0.00018605877 0.7950744 1.3553138e-08 0.76409477 0.6626714 0.018989274 0.54348356 0.06780984 0.00015571402 3.8111136e-07 0.0017959283 1.8714344e-15 0.9885715 2.355644e-06 0.12198037 4.0909217e-06 0.34531778 0.81386924 0.8306803 0.0008097273 0.14958534 1.7261951e-07 0.032370973 2.2821467e-05 0.17777257 0.00028712445 1.8122452e-07 0.016714346 0.011384293 0.25736424 0.037389066 4.5908832e-06 1.5230038e-08 0.019139139 8.471755e-06 0.0018574666 0.0010010824 0.0017516935 6.6307734e-06 0.0013398295 3.74917e-05 0.005883747 0.00014350904 6.356641e-05 0.00012313365 6.6436965e-05 0.00010006076 0.0003037481 0.00025719046 3.0914627e-05 1.2221841e-06 0.009505464 0.0004003648 2.4148883e-05 0.00014909521 2.4926956e-07 0.00011284206 0.0002635169 0.00025371774 3.6853606e-05 0.00023994905 0.0002306518 0.0016473326 1.1674398e-05 7.981343e-07 7.908877e-07 9.066768e-07 1.618215e-05 2.893296e-05 4.607287e-06 0.00024625662 6.0127235e-07 2.4438752e-06 8.5152315e-05 8.159827e-06 7.7350094e-05 0.00016423059 7.531159e-05 8.999964e-06 2.1090016e-06 8.8844035e-06 0.001993454 0.0011235133 6.667314e-05
0.11227577 0.00014875038 6.0422553e-06 1.3236827e-05 0.004689282 0.0003220822 3.3642248e-06 1.32242585e-05 4.717736e-05 0.0024172482 0.016238041 0.15067461 0.01596852 4.5490096e-06 3.2534325e-07 0.0096951835 2.1800674e-06 4.0242714e-05 0.43941885 4.756991e-09 0.26253727 0.632075 0.0018301451 0.84832925 0.4922814 0.000554279 3.6980648e-08 0.025638215 0.9885715 2.5409366e-16 6.2663435e-07 0.003213189 1.5719968e-06 0.029511493 0.43532023 0.8789077 0.044200886 0.010748219 1.3963206e-07 0.0008855095 2.9883079e-06 0.180812 5.405097e-06 3.9298776e-08 0.00049479963 0.00023720604 0.7311688 0.010658398 6.7995404e-07 5.998042e-08 0.4813917 7.664841e-06 5.8619007e-05 2.924519e-05 5.0059993e-05 2.3391933e-05 3.9471048e-05 7.658178e-06 0.0067146495 3.5345718e-06 1.3551987e-06 2.643238e-06 2.3303726e-06 7.836953e-06 7.4190284e-06 1.7950566e-05 2.0769621e-06 3.8039164e-07 0.06268295 7.7603894e-05 4.417882e-06 4.299578e-06 3.6951158e-07 1.5584905e-06 4.897507e-05 0.00015062513 1.1349918e-05 3.1615105e-05 8.0086094e-05 0.004764388 2.4844795e-07 1.5537098e-05 5.303339e-08 1.352703e-06 5.3780464e-06 5.2659493e-06 2.3072835e-06 4.576203e-05 1.2109504e-07 4.5016347e-07 0.00010350329 3.3825493e-06 2.5294773e-06 7.4031827e-06 0.00032517625 3.3658707e-06 8.010813e-06 9.3080325e-06 0.00030498288 0.00026899684 4.342552e-05
