8.1521e-35 0.5711928 0.4246115 0.29478338 0.21972506 0.34681588 0.9765668 0.42798162 0.4367636 0.6135551 0.12109334 0.14171654 0.31361327 0.73596764 0.6555739 0.39878967 0.020202398 0.82099396 0.021505957 0.16769306 0.94690144 0.12505133 0.64786273 0.37384853 0.077091336 0.6438934 0.78595644 0.3598487 0.03143177 0.086449884 0.004412238 0.95554054 0.76103914 0.0023492235 0.49453852 0.79549736 0.0043322593 0.0060965293 0.010315107 0.35815203 0.061738167 0.91261005 0.67355466 0.0020446323 0.026605077 0.9842046 0.69616437 0.20436844 0.33847755 0.79954296 0.37566888 0.015894875 0.97876215 0.0036896968 0.00013557522 0.9950607 0.2754621 0.0016388262 0.9416693 0.030586945 0.9992497 0.00012820137 0.7396616 0.00052793144 0.0014420941 0.00033627558 0.98420864 1.2715645e-05 0.5062108 0.00060569186 3.0825187e-05 0.09186101 2.025219e-06 0.17386706 0.2947539 0.0074649807 4.4152595e-05 3.7696453e-05 0.85456496 0.004973278 0.00019921466 0.0008648358 0.0038115918 0.5614509 0.9977703 1.03787615e-05 0.00087641616 0.94854695 0.9674925 0.31684262 0.9932093 3.5924306e-05 0.9827621 0.9899385 0.9998723 3.2296708e-08 3.4557242e-08 0.96399003 0.011880283 0.99955916 0.3533747
0.5711928 1.5236105e-20 0.5144112 0.91959304 0.26240808 0.25819847 0.90612024 0.06661503 0.37321308 0.0653386 0.19067603 0.110442564 0.24458306 0.37720585 0.022154463 0.13935125 0.026230773 0.01701363 0.015617149 0.014223163 0.0784503 0.047308873 0.0058578523 0.022664528 0.0024934304 0.006606955 0.010119015 0.0130071 0.000657536 0.020104958 0.002685533 0.07426755 0.012856801 0.00031039573 0.0005978862 0.021817442 0.00015996833 0.00020040828 0.018120952 0.0004657253 0.00015522889 0.0007694008 0.00017663515 1.8039653e-05 1.7238264e-05 0.1390096 0.0002560344 0.0014478557 0.00022260782 0.0153671475 0.000119765034 1.0196594e-05 0.03656144 3.2084822e-06 3.5187204e-06 0.12207066 3.746711e-05 0.0005400149 0.029424608 0.00051666657 0.08948978 7.295876e-06 0.0053323535 1.7273768e-06 1.2066063e-06 1.7761777e-06 0.007490632 8.497453e-06 7.320863e-06 0.00022809923 1.21057765e-05 0.0005752372 4.7487643e-07 0.0011153725 8.26536e-05 4.922336e-06 1.3178646e-05 5.4998076e-05 0.001390428 1.3051098e-05 9.444992e-05 5.48324e-06 1.06281095e-05 0.004139234 0.0011371848 4.96551e-06 2.4308154e-05 0.00318172 0.00016677436 2.4654857e-05 0.0063405363 4.0887844e-06 0.0007733755 0.0013133956 0.00060156785 1.3747203e-08 3.840475e-08 0.0016266374 5.3271734e-08 0.0011230955 2.0241396e-06
0.4246115 0.5144112 5.6107855e-20 0.7345738 0.86925924 0.6986457 0.43658853 0.18182458 0.43253198 0.18219955 0.7012159 0.43199793 0.13368194 0.08388831 0.099430844 0.17417209 0.07461833 0.03310525 0.036783148 0.051484056 0.024975281 0.06490206 0.015030966 0.0127432095 0.00692434 0.016603177 0.015094732 0.006777679 0.0019167616 0.036862448 0.006235312 0.052376587 0.0055882637 0.0005163919 0.0035632744 0.015616731 0.0004183273 0.00092321984 0.020873526 0.001781768 0.00049604813 0.0026547962 0.0006706137 4.2580563e-05 5.6580982e-05 0.07408006 0.0007342731 0.001440475 0.00021699039 0.005017882 0.00060135475 4.198559e-05 0.017342916 1.9713356e-05 2.1668793e-05 0.053731687 0.00012137815 0.0016961319 0.013193121 0.002132607 0.03522557 7.3513074e-05 0.0025657837 3.9313043e-05 2.0887084e-05 2.7699882e-05 0.0059603853 6.7287765e-05 5.304824e-05 0.00095932075 6.345036e-05 0.000361975 1.7788508e-06 0.0009007912 0.0001396585 1.3154311e-05 0.00014079428 0.00012365673 0.0004237837 1.7352584e-05 0.00014271813 6.605046e-05 2.9198258e-05 0.002066208 0.0009331684 2.1822316e-05 6.472335e-05 0.0018134608 0.00080998096 6.893452e-05 0.0028872003 1.3514697e-05 0.0011336256 0.001162272 0.00029874675 4.0115074e-07 2.4169182e-07 0.0008005792 5.409241e-07 0.0010230447 1.7112247e-06
0.29478338 0.91959304 0.7345738 6.3498306e-20 0.398035 0.2513502 0.43845588 0.05131116 0.73735654 0.041502107 0.24739826 0.1024164 0.3881871 0.33453304 0.030280186 0.17360295 0.044842 0.017751897 0.025045142 0.022743944 0.03820679 0.04715793 0.011070853 0.032775816 0.0038622762 0.010913919 0.0128494715 0.021252573 0.0014781881 0.03940731 0.0046718996 0.043243237 0.012114085 0.0007374827 0.0023739648 0.018829381 0.00031078645 0.00076187536 0.009664006 0.0009936524 0.00030736494 0.0016888047 0.0005656591 1.204527e-05 3.1455587e-05 0.10723971 0.00047566651 0.0035605263 0.00096819707 0.020624673 0.00045111735 2.613409e-05 0.027293025 1.72491e-05 1.0291062e-05 0.07465251 0.000117734315 0.0014104666 0.04042885 0.0021869289 0.048101053 3.7595644e-05 0.005044057 4.1731106e-05 2.0726002e-05 4.3282424e-05 0.006864779 7.805585e-05 3.7567683e-05 0.0017547901 6.411153e-05 0.001608059 8.884577e-07 0.0023859807 0.00056038075 1.7177905e-05 3.451704e-05 0.0002495813 0.002252948 2.3798992e-05 0.00031754118 6.956667e-05 3.9534072e-05 0.0047003743 0.0012411166 1.662019e-05 0.00011887451 0.0038217981 0.00052230194 0.00026551 0.005290771 2.1543208e-05 0.0011848505 0.0019654515 0.00040436123 1.902732e-07 6.651246e-07 0.0014620363 1.8880573e-06 0.0013762594 7.9183155e-06
0.21972506 0.26240808 0.86925924 0.398035 1.9464083e-21 0.7245207 0.2657936 0.19404273 0.22490232 0.20760879 0.7585334 0.503121 0.07000267 0.0415559 0.10863571 0.09183554 0.1158883 0.028372938 0.05094194 0.0662014 0.012310747 0.055860545 0.018164407 0.008938818 0.007598973 0.017969282 0.018010542 0.0033904219 0.0023416844 0.031420935 0.007338909 0.034762867 0.0029169563 0.0007638032 0.005521142 0.014948132 0.0005658719 0.0013051745 0.026926445 0.0026735992 0.0007350224 0.0033281045 0.00064764806 7.028668e-05 0.00013765311 0.046445753 0.00072598574 0.00089051365 7.482921e-05 0.002927276 0.00055629935 0.00010279042 0.013547565 6.674675e-05 3.064162e-05 0.026606454 0.00017237778 0.002705463 0.0070422525 0.0016469759 0.022544352 0.00015079488 0.0020623377 8.621352e-05 4.569665e-05 4.446962e-05 0.0055775703 0.000110355875 8.318016e-05 0.0014132544 0.00013122431 0.00018461807 2.3795303e-06 0.00047746813 8.067043e-05 1.4365877e-05 9.394738e-05 7.564285e-05 0.00018162397 2.5493733e-05 0.0001816257 0.00010480458 3.0780535e-05 0.0019329807 0.00091032014 1.0330394e-05 4.0232273e-05 0.0013431315 0.0006483804 2.0022344e-05 0.0016273472 5.622921e-06 0.0013279628 0.0010578162 0.0002592059 9.955864e-07 4.469381e-07 0.0007423113 4.434033e-07 0.000824041 8.395252e-06
0.34681588 0.25819847 0.6986457 0.2513502 0.7245207 3.1112404e-22 0.62226856 0.885198 0.113777384 0.8074258 0.5894744 0.76901567 0.040991694 0.039579544 0.55627435 0.047716156 0.14331582 0.111319065 0.059011806 0.16345318 0.021866221 0.03648228 0.0769068 0.0077575343 0.022979384 0.07424276 0.08186263 0.003717267 0.007932855 0.03204298 0.010721126 0.094325125 0.0032593026 0.0022893806 0.022479638 0.056832347 0.00143242 0.002796727 0.012392361 0.008754201 0.0036027457 0.010356205 0.0024280713 6.25117e-05 0.0003563189 0.12056063 0.0037401386 0.0006565431 2.4161625e-05 0.0017278662 0.0026298391 0.0002652827 0.047022164 7.338348e-05 2.3501252e-05 0.028607076 0.001132585 0.00067925744 0.0047559757 0.00026392206 0.045651074 0.00018293485 0.0015246876 0.00012852774 6.191909e-05 6.2824336e-05 0.015119671 9.958884e-05 0.0006355525 0.0007647304 9.7258315e-05 0.00024077795 2.5617992e-06 0.00024642225 0.000110655485 3.9221366e-05 5.0661383e-05 2.872281e-05 0.00017040901 4.2890635e-05 8.7224274e-05 6.689077e-05 3.2048603e-05 0.0023483017 0.0027511776 5.304149e-06 2.0284866e-05 0.0022651579 0.0018437807 4.9936305e-05 0.0021933515 2.4682372e-06 0.0036413013 0.0028643687 0.00043104414 2.7425668e-07 3.483118e-07 0.00047986518 3.7328832e-07 0.0023320913 3.7829956e-05
0.9765668 0.90612024 0.43658853 0.43845588 0.2657936 0.62226856 7.614215e-17 0.5198888 0.1391921 0.31581238 0.16770062 0.15571244 0.13748135 0.22348922 0.12026525 0.0491694 0.02633121 0.2695317 0.012473456 0.017170528 0.12402614 0.030379644 0.06774025 0.007401944 0.012017934 0.047666855 0.1110099 0.004254562 0.0043439013 0.0048784767 0.0031875286 0.6778457 0.0064166347 0.00084451714 0.0050854557 0.13856739 0.0011828978 0.0013624786 0.0029179137 0.0046039145 0.0015880103 0.012026493 0.0038464486 6.4093496e-05 0.0006533339 0.49825957 0.009443078 0.0006543706 8.932647e-05 0.005080494 0.001427751 0.00012728367 0.2430544 0.00024848813 2.644693e-06 0.19423567 0.0012122563 6.831052e-05 0.014688782 0.0002237119 0.3773878 2.2097542e-05 0.0016089075 2.682781e-05 2.4292929e-05 3.216986e-05 0.07546573 1.4738285e-05 0.00048632774 0.000897071 4.302037e-05 0.00036925497 6.085288e-07 0.0007089306 5.564797e-05 0.00019049301 2.5778177e-06 9.140286e-05 0.00031568483 8.530643e-05 5.4590175e-05 2.1652453e-05 4.1867155e-05 0.0027443604 0.029021043 2.8627246e-06 4.8783764e-05 0.0018814967 0.0027506636 2.853309e-05 0.0052887714 1.170587e-05 0.007956144 0.021817157 0.0060646264 8.1627455e-08 1.4348652e-07 0.0015202693 2.2209811e-07 0.010737067 0.00012921968
0.42798162 0.06661503 0.18182458 0.05131116 0.19404273 0.885198 0.5198888 4.631987e-22 0.023388214 0.8939356 0.14500958 0.32754388 0.010191879 0.022674657 0.50708425 0.012167481 0.038146865 0.15791227 0.011990006 0.04460042 0.014456952 0.012014926 0.10894186 0.0032465148 0.012561046 0.076467596 0.10544939 0.0013913505 0.0042275665 0.012553327 0.0020804207 0.10749392 0.000947625 0.0005339391 0.02173199 0.08909745 0.00045629722 0.0010026852 0.0020045377 0.00733213 0.0032280562 0.019709427 0.0037225985 8.742873e-05 0.00026217682 0.1421663 0.009520769 0.00067773426 2.2339224e-05 0.0008455168 0.0023622406 0.00020197334 0.07508657 2.3229757e-05 7.921404e-06 0.023919448 0.0017936184 1.5174231e-05 0.0032968936 0.00015180316 0.057093363 0.0001215729 0.0007596828 9.4671224e-05 3.645921e-05 4.5347784e-05 0.024154952 4.605506e-05 0.001502572 0.00040819784 0.00011787733 0.00011156592 1.9568013e-06 0.00024233243 1.9844108e-05 5.2918283e-05 1.6675043e-05 2.5487e-05 3.5549074e-05 3.3378357e-05 2.9876284e-05 4.1109954e-05 2.8904942e-05 0.0011788751 0.0053546894 7.0648025e-07 1.1569305e-05 0.0007964282 0.004517009 7.2858775e-06 0.0016300477 2.4376395e-06 0.008793997 0.004355221 0.00063910085 1.5513348e-07 1.5735048e-07 0.0005980157 1.2189267e-07 0.002681236 8.581453e-05
0.4367636 0.37321308 0.43253198 0.73735654 0.22490232 0.113777384 0.1391921 0.023388214 2.3097362e-19 0.023351641 0.33138585 0.06783318 0.9156994 0.384609 0.02203128 0.72354054 0.051621743 0.010569909 0.026630253 0.020109968 0.06039681 0.18924859 0.004780974 0.12277345 0.0038551206 0.0069308938 0.0066696107 0.07784182 0.0007425892 0.15147404 0.0031464803 0.035531648 0.033429626 0.00075009506 0.001253025 0.009259396 0.00042947897 0.0006497239 0.0086818095 0.0008279083 0.00010984588 0.00048388366 0.00014487025 1.5531663e-05 2.826785e-05 0.080994844 0.00011600943 0.014396525 0.005599024 0.053631783 0.00012088362 3.396033e-05 0.013142187 2.8807797e-05 1.2936055e-05 0.16409186 4.9826605e-05 0.0029639658 0.067010745 0.008930131 0.04379435 6.0471644e-05 0.022060733 3.9773153e-05 2.3307535e-05 5.0251798e-05 0.002601131 6.4448635e-05 2.026329e-05 0.0028200443 2.547672e-05 0.0019032323 8.1662296e-07 0.003387676 0.0007273437 3.950735e-05 0.00011992024 0.0007764335 0.0036883212 7.1616116e-05 0.00045407767 3.591379e-05 4.1516076e-05 0.0050196983 0.00045955705 1.7179444e-05 0.0003978658 0.004054966 5.197047e-05 0.00049199146 0.007936717 4.3735447e-05 0.0002941025 0.00069321756 0.0004311346 1.1340575e-06 2.1188275e-06 0.002246173 3.7597056e-06 0.00060268416 2.5997952e-06
0.6135551 0.0653386 0.18219955 0.041502107 0.20760879 0.8074258 0.31581238 0.8939356 0.023351641 5.6039346e-22 0.24053986 0.59528685 0.0073520895 0.012585567 0.756264 0.012305412 0.11798928 0.18809412 0.048178535 0.21840754 0.013044448 0.02728242 0.13016725 0.0025426478 0.08272276 0.1476092 0.08523024 0.0011987669 0.03418763 0.02199035 0.016582629 0.123665266 0.0009736258 0.003078575 0.0674362 0.07303674 0.0031528138 0.006833062 0.023837859 0.034803156 0.017400686 0.020638661 0.0038179986 0.000991524 0.004250814 0.1150487 0.017657395 0.00042370657 1.0652778e-05 0.00048375194 0.003325316 0.0032326032 0.06943502 0.0007412519 0.0002721013 0.015587865 0.0035168491 0.0027569612 0.0017351361 0.0003946091 0.06709453 0.0010726744 0.0010188832 0.0007674299 0.00038522482 0.00035622 0.034163218 0.00025359314 0.0029271934 0.0016774315 0.00033723356 2.907447e-05 7.15135e-06 7.008989e-05 1.2823639e-05 0.00020555094 0.00016617711 7.427074e-05 3.8897368e-05 0.00014796428 0.00018895775 0.00036594854 0.00022435481 0.0015589829 0.010585076 4.873333e-06 2.8889506e-05 0.0015652973 0.008217025 8.8279185e-06 0.0025266397 8.739126e-06 0.015709704 0.0076279077 0.0015160388 2.3603282e-06 5.477624e-07 0.0014455456 1.520852e-07 0.004838297 0.00045512797
0.12109334 0.19067603 0.7012159 0.24739826 0.7585334 0.5894744 0.16770062 0.14500958 0.33138585 0.24053986 1.275488e-21 0.83629876 0.08693723 0.050012242 0.24513212 0.20868416 0.56572187 0.030648194 0.36216712 0.3220037 0.017045608 0.24430229 0.027294328 0.024444053 0.036554642 0.04954292 0.011828262 0.010839142 0.0097774835 0.13595413 0.042797692 0.026800685 0.0052041975 0.0032618586 0.018488867 0.011582758 0.001581106 0.0029590544 0.08951654 0.0072689583 0.0025853354 0.0025355576 0.0005787542 0.0001376107 0.000535848 0.058750898 0.00058989757 0.0030901155 0.00017378328 0.004375548 0.0006646149 0.00024513682 0.013376809 6.730727e-05 0.00016660237 0.026302924 0.00014799647 0.024348374 0.008849708 0.006168928 0.01482687 0.00017868029 0.0030356275 3.1597203e-05 2.6578044e-05 1.5542479e-05 0.0045496714 6.64606e-05 4.2502263e-05 0.0063371146 4.561928e-05 0.0007861716 2.748585e-06 0.00084413344 0.00014524958 3.0604853e-05 0.000100454294 0.0007540014 0.00039929332 3.6367812e-05 0.0015180802 4.477196e-05 4.768078e-05 0.0025216136 0.00092830736 4.7216156e-05 0.00010040775 0.0021550676 0.00023249895 0.0001073055 0.00267208 2.7467104e-05 0.0006420038 0.0012242409 0.0003254406 5.122458e-06 2.9917126e-06 0.0008220783 1.2476381e-06 0.0013111843 2.558801e-06
0.14171654 0.110442564 0.43199793 0.1024164 0.503121 0.76901567 0.15571244 0.32754388 0.06783318 0.59528685 0.83629876 8.0779464e-23 0.022649879 0.01784722 0.63378996 0.040108923 0.6705246 0.048714425 0.4411013 0.7364964 0.0058691623 0.089505605 0.0534958 0.006016401 0.245986 0.10575462 0.023730703 0.0017328897 0.0934404 0.05433632 0.1986877 0.030086502 0.0015260609 0.054776914 0.047663067 0.016001495 0.021197721 0.033050787 0.107966885 0.032084826 0.014824728 0.0058733053 0.0017840702 0.00091121387 0.0040853648 0.04909559 0.002725052 0.00025696834 2.9677374e-06 0.0008357827 0.0018204197 0.003268697 0.016451878 0.00086324464 0.0010445336 0.005795368 0.0010442442 0.022127578 0.0019152194 0.00018933459 0.015141598 0.00088026514 0.0014054133 0.0001957115 0.00023311684 0.00013223157 0.006933985 0.00012441758 0.00036864236 0.0048605977 5.6977402e-05 6.075136e-05 4.726889e-06 0.00016917352 1.006516e-05 3.0163834e-05 0.00034485277 0.00021506104 3.5724785e-05 3.9771025e-05 0.0013518074 0.00011934659 0.00014357777 0.0010889252 0.0013572406 4.559062e-05 2.67867e-05 0.0010255416 0.0009971372 3.2321375e-05 0.0013022956 8.210847e-06 0.0022269392 0.002807506 0.0006283695 1.015135e-05 2.7139686e-06 0.000543438 1.8712402e-07 0.0025209151 2.8196824e-05
0.31361327 0.24458306 0.13368194 0.3881871 0.07000267 0.040991694 0.13748135 0.010191879 0.9156994 0.0073520895 0.08693723 0.022649879 1.3298764e-18 0.8102643 0.006729977 0.8363855 0.025039451 0.006861582 0.010122944 0.0045683477 0.24801476 0.13704506 0.0046239374 0.4953103 0.00091952225 0.0030142528 0.007319632 0.38457882 0.00011138975 0.22402953 0.0014830411 0.032805193 0.2135916 0.000121972975 0.0006501897 0.012554502 6.5280205e-05 0.000109852066 0.0032537153 0.00025522965 1.4841773e-05 0.00029663285 0.00016909595 7.391303e-06 8.244879e-06 0.11976625 3.4869074e-05 0.04705346 0.05364442 0.1663355 0.00011807727 1.4635116e-05 0.018063651 5.055316e-06 5.25095e-06 0.3564164 2.4546844e-05 0.0002915598 0.18385689 0.028432555 0.06976182 2.5470597e-05 0.07756896 6.5937834e-06 6.963653e-06 7.778539e-06 0.0024047515 5.9940423e-05 9.223863e-06 0.0025938493 1.5972751e-05 0.004406328 4.312421e-07 0.0064671305 0.0020870299 6.858605e-05 4.0498817e-05 0.00037033693 0.019299638 6.6867164e-05 0.00016073171 4.709927e-05 3.895097e-05 0.013613084 0.00035589183 4.178222e-06 0.00036082105 0.010353411 6.0291886e-06 0.00087717205 0.016944699 1.689835e-05 0.00022934997 0.00038883724 0.0004029523 8.643842e-07 1.9308748e-06 0.00392247 1.8472083e-05 0.0004552321 4.6556383e-06
0.73596764 0.37720585 0.08388831 0.33453304 0.0415559 0.039579544 0.22348922 0.022674657 0.384609 0.012585567 0.050012242 0.01784722 0.8102643 2.1107967e-17 0.0064802584 0.28531453 0.0128854085 0.020947112 0.009614641 0.0037292205 0.926025 0.05582329 0.0059213946 0.22240826 0.0014228642 0.004442804 0.013369501 0.20051871 0.0004888785 0.052433807 0.0013534308 0.051217683 0.2828274 0.00010202065 0.0011137116 0.016393546 7.295226e-05 8.404725e-05 0.002374815 0.00032885847 7.255434e-05 0.002855676 0.00085372844 6.7078477e-06 2.3956729e-05 0.13909554 0.00028225625 0.016451458 0.022897158 0.08496258 0.000596144 6.1763334e-05 0.032110147 3.064954e-05 3.4308823e-06 0.22821355 4.2685544e-05 0.0002915006 0.0803499 0.0046751755 0.15735827 3.3134336e-05 0.037456278 8.261912e-06 1.780899e-05 8.934142e-06 0.012288203 5.566124e-05 3.7382804e-05 0.001566453 3.9129947e-05 0.0029331902 7.319916e-07 0.0046889978 0.0012212987 5.2971092e-05 1.616088e-05 0.001006899 0.008293102 9.20264e-05 0.000483904 3.85449e-05 5.584724e-05 0.014523822 0.0026198311 5.939818e-05 0.00066518626 0.01303082 0.00033491378 0.0009281989 0.021241838 0.00026319665 0.0013582079 0.004508939 0.0021832061 2.963085e-06 2.4693943e-05 0.009896657 3.7705442e-05 0.0029459568 0.0003046771
0.6555739 0.022154463 0.099430844 0.030280186 0.10863571 0.55627435 0.12026525 0.50708425 0.02203128 0.756264 0.24513212 0.63378996 0.006729977 0.0064802584 4.405113e-21 0.021203788 0.24609981 0.4604198 0.11045525 0.60138124 0.0015759432 0.067804106 0.4364957 0.00055161817 0.6024741 0.8306621 0.17312229 0.0003826395 0.5043353 0.012146866 0.053258654 0.07439481 0.00012699256 0.041777063 0.6255242 0.039699838 0.07214366 0.16301647 0.018847585 0.55581594 0.35507804 0.03041627 0.00984926 0.0025919108 0.079148374 0.10659423 0.05347819 4.3739492e-05 3.4335088e-07 0.00017365438 0.0041301725 0.08502312 0.06998569 0.01683187 0.0002995373 0.0025677702 0.015519396 0.0020128277 0.00026112527 3.339332e-05 0.04215875 0.0034202521 0.00047440865 0.0037678774 0.0058786264 0.0025859703 0.047173917 0.00089055055 0.0070386603 0.005046843 0.00097442366 3.6877213e-06 2.3268782e-05 6.19719e-05 1.7831006e-06 0.0010752345 0.0006807168 0.000338708 2.5182967e-06 0.0007389397 0.0010538981 0.0017346679 0.0014334011 0.0007525635 0.027764468 2.154298e-05 7.496564e-05 0.0008304502 0.02071886 3.2088235e-05 0.0006567413 1.3711088e-05 0.03240094 0.022449678 0.0024758545 2.1783497e-05 2.9206624e-06 0.00030697795 1.3345135e-07 0.0103595145 0.0013081764
0.39878967 0.13935125 0.17417209 0.17360295 0.09183554 0.047716156 0.0491694 0.012167481 0.72354054 0.012305412 0.20868416 0.040108923 0.8363855 0.28531453 0.021203788 5.909243e-19 0.049661238 0.0037283099 0.019582357 0.015526688 0.115043595 0.657002 0.003724113 0.6808803 0.0018966731 0.002728586 0.003803297 0.4805014 0.00022792985 0.8235812 0.0012908143 0.014944157 0.17891663 8.577812e-05 0.0008878611 0.004795436 2.4996538e-05 4.4949295e-05 0.0044073467 0.00038185902 1.784806e-05 0.00015966105 0.00032659067 1.2611243e-05 6.651421e-06 0.052295998 8.809554e-05 0.38399327 0.26222557 0.16432217 9.8960205e-05 9.921529e-06 0.007589051 6.84454e-06 5.3282915e-06 0.24452062 5.3615644e-05 0.006318874 0.1498323 0.3148809 0.033981007 3.787801e-05 0.12767375 2.9417345e-06 3.5860583e-06 4.151051e-06 0.00080161786 4.2152893e-05 2.3068644e-05 0.016760612 6.296406e-06 0.01734289 1.4571323e-06 0.023595635 0.007515547 3.7702852e-05 2.0999512e-05 0.00241705 0.02441049 2.874668e-05 0.0006989337 1.9627887e-05 5.7727986e-05 0.018515952 0.0005384921 1.9490582e-05 0.003268103 0.009121691 0.00013494624 0.0011033114 0.010669982 0.00019459946 0.0002932435 0.0008749935 0.00030806015 4.788861e-06 1.7862048e-06 0.0027857798 2.6435971e-05 0.00043047333 5.789225e-06
0.020202398 0.026230773 0.07461833 0.044842 0.1158883 0.14331582 0.02633121 0.038146865 0.051621743 0.11798928 0.56572187 0.6705246 0.025039451 0.0128854085 0.24609981 0.049661238 3.678627e-23 0.022525622 0.7482499 0.7550604 0.00374796 0.13157563 0.014290036 0.00687905 0.15931551 0.061966028 0.008628208 0.0016745625 0.063324444 0.100286335 0.3924471 0.009807798 0.0009526417 0.10211991 0.014765052 0.0058900826 0.018165195 0.02132299 0.43212917 0.01957032 0.0096146 0.001176286 0.00047868752 0.0024076772 0.0018486631 0.016148595 0.00062889257 0.0005196646 7.2786406e-06 0.00018060385 0.0006056997 0.0013123539 0.005420778 0.00056396663 0.0042800317 0.0015442175 0.0001673457 0.06933245 0.00020150258 0.0016168905 0.0047257375 0.0015643556 0.00025126955 0.00012191586 0.00012568888 6.4687556e-05 0.0023260089 0.00016905145 9.5025345e-05 0.021883644 6.2118175e-05 0.00012536663 1.2093083e-05 0.0002299356 2.4663277e-05 4.1184394e-05 0.0016613924 0.0054010297 4.5132174e-06 3.325663e-05 0.00876135 9.4348274e-05 8.418467e-05 0.00021213933 0.00092482095 0.0014528441 0.00017243401 0.00021643692 4.9641156e-05 6.545032e-05 0.00023570174 0.00023794375 0.00035073046 0.00067910616 0.000311419 0.00015259277 4.7016874e-05 0.0003948479 2.8088743e-07 0.0010420884 7.216442e-06
0.82099396 0.01701363 0.03310525 0.017751897 0.028372938 0.111319065 0.2695317 0.15791227 0.010569909 0.18809412 0.030648194 0.048714425 0.006861582 0.020947112 0.4604198 0.0037283099 0.022525622 2.1013577e-16 0.0049484964 0.029555453 0.033981454 0.009853981 0.87887144 0.00025744934 0.03586499 0.45787466 0.84376574 0.00018523814 0.019375723 0.005542946 0.0023609847 0.23346977 0.00035390814 0.0021966551 0.4370069 0.29705998 0.0032961941 0.0060617006 0.0003026219 0.12502152 0.03201259 0.17600478 0.07978448 0.00012912446 0.007896906 0.22842143 0.1645839 2.5120737e-05 3.4291684e-06 0.0003806853 0.027179815 0.010034913 0.18493217 0.0015981912 2.5731924e-06 0.025964636 0.029702492 4.3994183e-05 0.001239158 9.237777e-05 0.15322673 0.00015463064 0.00053607725 0.0007292488 0.00072133355 0.0004791198 0.16876915 0.00012114375 0.01837547 0.0015081062 0.0002728824 4.8884176e-05 1.9650147e-06 9.052503e-05 2.0346786e-05 0.004772521 7.2704133e-06 0.00019788746 9.8795375e-05 0.0017584293 0.00032900303 0.00063031475 0.0010075585 0.00075046427 0.12975805 9.369368e-06 0.0001371634 0.00044412597 0.03680585 8.6652195e-05 0.0008668626 4.35989e-05 0.036692455 0.0381522 0.0048828498 2.7208798e-06 9.451984e-07 0.0004466454 2.266423e-06 0.00857246 0.0013134169
0.021505957 0.015617149 0.036783148 0.025045142 0.05094194 0.059011806 0.012473456 0.011990006 0.026630253 0.048178535 0.36216712 0.4411013 0.010122944 0.009614641 0.11045525 0.019582357 0.7482499 0.0049484964 1.8282e-24 0.66050446 0.0026726238 0.08402718 0.0034930431 0.0014780647 0.05811655 0.016185453 0.0013914872 0.0004315367 0.021281205 0.03799433 0.5486016 0.002587639 0.00035390884 0.16963477 0.00333599 0.0015020698 0.035104122 0.023022745 0.74982905 0.0063461987 0.002941987 3.7550206e-05 6.639224e-05 0.018883504 0.0014245125 0.0059748413 3.6303598e-05 0.0003185673 1.4001549e-06 0.00020292036 6.555883e-05 0.00044188404 0.0019134794 0.0007462642 0.021832936 0.00071217783 3.2710977e-05 0.17184764 0.00011605247 0.0003812815 0.004082068 0.0027490312 0.00030205215 0.00015750372 7.9409074e-05 8.334564e-05 0.0006154202 0.00016266902 2.216542e-05 0.017235314 0.0001058359 0.00019526946 6.843897e-05 0.00021294567 2.22436e-05 3.6053832e-05 0.005232504 0.0040347087 4.0710424e-06 2.6222142e-05 0.018893648 9.967246e-05 6.0666192e-05 0.000558158 0.0005578009 0.0063645295 9.3292314e-05 0.00048065957 4.0164973e-06 2.0712627e-05 0.00061004347 0.0004940466 0.00010232652 0.00063598 0.0003838725 0.0002311263 0.00010525834 0.0011642455 3.2810547e-07 0.0012394364 1.1557312e-06
0.16769306 0.014223163 0.051484056 0.022743944 0.0662014 0.16345318 0.017170528 0.04460042 0.020109968 0.21840754 0.3220037 0.7364964 0.0045683477 0.0037292205 0.60138124 0.015526688 0.7550604 0.029555453 0.66050446 3.94432e-22 0.00038638565 0.107356615 0.01740553 0.0005444405 0.6155703 0.104035646 0.0037331772 0.0002515894 0.49810302 0.019901367 0.8085613 0.00813159 3.9434442e-05 0.71104395 0.022450155 0.0021856842 0.4670414 0.4790732 0.5805171 0.0514453 0.032854423 0.00035323124 0.0004342354 0.15525515 0.0157508 0.006499786 0.00057053205 3.083295e-05 1.8720078e-07 9.7846925e-05 0.00031750242 0.0076770335 0.0034661726 0.00396502 0.026466807 0.00016886067 0.00017057176 0.086295456 0.0001115706 2.0210698e-05 0.002435344 0.005752026 0.00022558459 0.000542544 0.0004682538 0.00033262454 0.00081232644 0.0004699323 6.0451344e-05 0.011732162 0.0002315371 3.5917844e-06 0.00028189202 4.226576e-05 8.525998e-07 5.977593e-06 0.0056610242 0.00198083 8.0232326e-07 1.3898043e-05 0.00437488 0.00024091183 0.00027538565 0.00042035087 0.0004953053 0.0034127517 7.1284136e-05 0.00013739984 0.00036125988 1.8959034e-05 9.111469e-05 4.4451728e-05 0.0005481873 0.003153 0.00073527585 0.0005712962 8.011528e-05 0.00034294513 3.2875164e-07 0.0023571611 3.1252857e-05
0.94690144 0.0784503 0.024975281 0.03820679 0.012310747 0.021866221 0.12402614 0.014456952 0.06039681 0.013044448 0.017045608 0.0058691623 0.24801476 0.926025 0.0015759432 0.115043595 0.00374796 0.033981454 0.0026726238 0.00038638565 5.8937457e-22 0.021527622 0.003593162 0.15697274 0.00024354018 0.0019183966 0.015354616 0.25846085 6.729612e-05 0.017666627 8.9763795e-05 0.051913228 0.6536249 1.4876534e-05 0.00022587115 0.014349461 1.6064105e-05 2.6222568e-05 5.8020618e-05 9.180331e-05 3.5854548e-05 0.0009107665 0.00041280774 3.6413059e-07 1.482788e-05 0.3275895 0.00028600148 0.009030775 0.021577943 0.2109329 0.00018024113 6.709454e-06 0.048869565 8.811785e-06 1.2318233e-07 0.6932801 3.414433e-05 9.339291e-07 0.37055477 0.00075694884 0.4456841 6.9187254e-06 0.07486697 8.090812e-07 1.7652974e-06 1.608157e-06 0.020579692 9.978711e-06 1.2118782e-05 0.00019741849 4.5121587e-06 0.0033089672 2.4839792e-07 0.0027325521 0.0005373153 1.3387175e-05 4.3236176e-07 0.00011563156 0.012983726 1.7587496e-05 1.475633e-05 1.3182807e-05 6.8169315e-06 0.03848246 0.0040325816 2.3110779e-06 1.3798003e-05 0.026592232 0.00013718773 0.00011906919 0.054439668 1.5085189e-05 0.0001253739 0.005959175 0.0055153426 1.0425147e-07 2.4808256e-07 0.018638361 1.2945798e-06 0.0056566093 7.3545425e-06
0.12505133 0.047308873 0.06490206 0.04715793 0.055860545 0.03648228 0.030379644 0.012014926 0.18924859 0.02728242 0.24430229 0.089505605 0.13704506 0.05582329 0.067804106 0.657002 0.13157563 0.009853981 0.08402718 0.107356615 0.021527622 2.5391208e-19 0.0058708917 0.16350652 0.013646158 0.0127230445 0.0061206818 0.080292426 0.0022217983 0.9464977 0.008045895 0.00861944 0.02145999 0.0007881207 0.0051990286 0.007366607 0.0009787675 0.0019869704 0.11058437 0.0040942575 0.0007865424 0.0022829238 0.00095271075 0.00059401896 0.00074965163 0.036352556 0.0015098201 0.19739999 0.041876625 0.029305419 0.0012196989 0.0005979772 0.011915963 0.00014725115 0.0001621667 0.04583694 0.00081598817 0.09743227 0.03937764 0.41276702 0.024044495 0.0013609885 0.019330297 5.983848e-05 0.00016294616 4.8905153e-05 0.002251772 0.00034226014 0.00028725812 0.06413207 0.00013686038 0.0032219342 3.219856e-05 0.0056465147 0.0023109182 0.0002820703 0.00030816297 0.015436212 0.0049800673 0.00014760335 0.006210346 0.00028551178 0.00069013686 0.005705658 0.0022796832 0.0011231255 0.00961255 0.0032888667 0.00062390685 0.0006276918 0.003620955 0.0021429209 0.0011291242 0.002843009 0.0007471415 0.00010095072 8.3585874e-05 0.0032132072 5.5042333e-06 0.0015057464 9.412015e-06
0.64786273 0.0058578523 0.015030966 0.011070853 0.018164407 0.0769068 0.06774025 0.10894186 0.004780974 0.13016725 0.027294328 0.0534958 0.0046239374 0.0059213946 0.4364957 0.003724113 0.014290036 0.87887144 0.0034930431 0.01740553 0.003593162 0.0058708917 3.2448128e-18 0.00026049998 0.040434837 0.657681 0.75018865 0.00013254759 0.025531605 0.0025276206 0.0010542013 0.13597484 0.00016255595 0.0010695743 0.71985567 0.19610038 0.0026881862 0.0054749115 0.00018835254 0.23532176 0.08577139 0.24565728 0.12475417 0.00014336214 0.013809366 0.102721885 0.54394096 0.00016084519 4.3169703e-06 0.00031892874 0.06660007 0.020273304 0.10679539 0.0016550263 6.088844e-06 0.0027941465 0.15705447 8.4325366e-05 0.00071153225 0.00025108893 0.09861015 9.7818935e-05 0.0003739352 0.00039686877 0.0008019443 0.00033588952 0.1062505 9.4984214e-05 0.046935588 0.002224841 8.139755e-05 2.7196855e-05 2.5180352e-06 0.00012427113 5.5727924e-06 0.011829864 1.0557244e-05 0.00085622544 2.0406038e-05 0.004583174 0.0005037058 0.0005988795 0.001504327 0.0007558714 0.16395864 3.0223211e-05 0.000105466635 0.00030772627 0.08092019 6.411407e-06 0.00028120735 6.62773e-05 0.0735771 0.050821647 0.0058608027 1.6654247e-06 9.741834e-07 0.00024076439 5.75015e-07 0.016311517 0.023526367
0.37384853 0.022664528 0.0127432095 0.032775816 0.008938818 0.0077575343 0.007401944 0.0032465148 0.12277345 0.0025426478 0.024444053 0.006016401 0.4953103 0.22240826 0.00055161817 0.6808803 0.00687905 0.00025744934 0.0014780647 0.0005444405 0.15697274 0.16350652 0.00026049998 9.035573e-20 0.00012667335 0.0004868867 0.0002936073 0.92546463 3.660278e-05 0.2907517 0.00015611936 0.0029896705 0.7014702 2.9108733e-05 7.305405e-05 0.00063932984 4.5164186e-05 5.567462e-05 0.0005853717 8.166441e-05 1.0800142e-05 1.7872504e-05 4.0568593e-05 2.3123366e-06 8.161305e-06 0.035616267 3.857292e-05 0.333331 0.49916616 0.3328986 7.0922547e-06 2.0065907e-05 0.0036802243 3.7313886e-05 2.313434e-07 0.18961792 2.7588625e-05 0.00028941614 0.16353455 0.05762895 0.040380884 3.7740137e-06 0.25441813 2.3068049e-05 2.0875814e-05 3.626436e-05 0.00036361424 2.436439e-05 1.0985494e-05 0.0016818605 1.4803903e-05 0.047374416 9.3080894e-07 0.045734677 0.01599349 4.894813e-05 4.2024744e-06 0.0005532888 0.05017499 6.105001e-05 0.00015313143 0.00012259303 3.22481e-05 0.032119107 0.00017821994 5.580781e-06 0.00060642796 0.01682501 2.9153307e-06 0.0019338612 0.010531608 5.519802e-05 1.2314075e-05 0.00015749816 7.622536e-05 7.3741126e-07 2.301124e-06 0.005539205 8.176673e-05 0.00015591136 1.05409e-06
0.077091336 0.0024934304 0.00692434 0.0038622762 0.007598973 0.022979384 0.012017934 0.012561046 0.0038551206 0.08272276 0.036554642 0.245986 0.00091952225 0.0014228642 0.6024741 0.0018966731 0.15931551 0.03586499 0.05811655 0.6155703 0.00024354018 0.013646158 0.040434837 0.00012667335 8.339425e-23 0.15787023 0.0075861462 6.6646506e-05 0.8213297 0.0065385345 0.17001712 0.008503951 1.5204186e-05 0.13490534 0.062151898 0.004305865 0.24496093 0.42730182 0.052279327 0.15169056 0.13008784 0.001327852 0.0006947547 0.09034464 0.05562791 0.01072401 0.0032253498 0.00010619736 5.8828454e-07 3.2721244e-05 0.0005055759 0.0324628 0.0059600472 0.016584773 0.0018143276 0.00013989778 0.0011410451 0.012391362 4.098027e-05 5.221709e-05 0.0038214682 0.010090582 0.00012128292 0.0029903292 0.002340067 0.0013389674 0.0032483314 0.00064837054 0.0005232339 0.0033755149 0.00086008175 2.5881178e-05 5.867914e-05 0.00010987847 5.3805293e-06 3.1259475e-05 0.0008734949 0.00023413236 9.056665e-07 3.5335823e-05 0.00072174263 0.00057569734 0.00032871828 0.00040239166 0.0017109703 7.197716e-05 3.5308036e-05 0.00013542688 0.0004713756 1.4932195e-05 9.610019e-05 1.3434818e-05 0.0008435271 0.0014128314 0.0006919042 4.6267996e-05 1.5898877e-05 0.00061521603 2.694522e-07 0.0012882041 2.5392575e-05
0.6438934 0.006606955 0.016603177 0.010913919 0.017969282 0.07424276 0.047666855 0.076467596 0.0069308938 0.1476092 0.04954292 0.10575462 0.0030142528 0.004442804 0.8306621 0.002728586 0.061966028 0.45787466 0.016185453 0.104035646 0.0019183966 0.0127230445 0.657681 0.0004868867 0.15787023 7.452329e-21 0.32828903 0.00022841923 0.13285989 0.005253031 0.0074551483 0.08233677 9.090223e-05 0.00445854 0.8973181 0.07471532 0.009000961 0.018991632 0.0060561188 0.64840615 0.43793917 0.05309987 0.02116205 0.0020044965 0.09191328 0.09106794 0.15610129 0.00024137663 2.6588068e-06 0.0001643434 0.011323954 0.116599284 0.08735768 0.016938504 0.00037364147 0.0015833541 0.04216566 0.0008935554 0.00031397704 0.00014555921 0.04644138 0.0032297345 0.00024429223 0.007245551 0.007997227 0.004249726 0.08059996 0.0006292534 0.016720174 0.00463616 0.0014475624 2.8773777e-05 2.1148597e-05 0.00022826243 6.6751236e-06 0.0033297348 0.00030374376 0.0008273787 4.131844e-06 0.0014386252 0.0024031238 0.0034126642 0.0021264513 0.0010999785 0.06455088 6.117274e-05 0.00019603335 0.0008217769 0.035614118 3.935802e-05 0.00064644136 0.00030568408 0.036735617 0.021731647 0.0027397373 8.687168e-06 1.5357864e-06 0.00032095812 1.7615706e-06 0.006576266 0.002110804
0.78595644 0.010119015 0.015094732 0.0128494715 0.018010542 0.08186263 0.1110099 0.10544939 0.0066696107 0.08523024 0.011828262 0.023730703 0.007319632 0.013369501 0.17312229 0.003803297 0.008628208 0.84376574 0.0013914872 0.0037331772 0.015354616 0.0061206818 0.75018865 0.0002936073 0.0075861462 0.32828903 3.355039e-17 0.00025773654 0.005588224 0.0031237854 0.00040809173 0.24846143 0.00032450433 0.00045389845 0.4258386 0.7922883 0.0006690554 0.0016764497 3.8440532e-05 0.06427298 0.016370947 0.5989131 0.40344593 1.8098983e-05 0.0029158872 0.27362183 0.5698219 0.00014830164 9.4762045e-06 0.0003004591 0.1302696 0.0048342636 0.29520997 0.0007466539 2.7988028e-06 0.012363912 0.15028363 6.039657e-06 0.00074095966 0.00014406977 0.2030731 4.2132677e-05 0.00030187535 7.0072514e-05 0.0001316761 4.656098e-05 0.31546164 2.2555694e-05 0.053281154 0.00091374235 1.8162942e-05 0.00020162504 6.205245e-07 0.00029992143 3.0488502e-05 0.009461202 4.180019e-06 0.0004046801 6.0149552e-05 0.003611771 0.00038334972 0.00021896586 0.001319932 0.0014092505 0.32290578 3.4052337e-05 0.00016899857 0.0011345141 0.11943323 9.11372e-05 0.0016336667 0.0001026704 0.084021494 0.12819628 0.017723175 1.7703196e-06 4.826425e-06 0.0002641459 2.055717e-06 0.04391421 0.010350557
0.3598487 0.0130071 0.006777679 0.021252573 0.0033904219 0.003717267 0.004254562 0.0013913505 0.07784182 0.0011987669 0.010839142 0.0017328897 0.38457882 0.20051871 0.0003826395 0.4805014 0.0016745625 0.00018523814 0.0004315367 0.0002515894 0.25846085 0.080292426 0.00013254759 0.92546463 6.6646506e-05 0.00022841923 0.00025773654 2.9356485e-20 1.0515654e-05 0.17296024 3.5861936e-05 0.0017378487 0.94890964 2.7283033e-06 7.0798706e-05 0.0003482052 2.233127e-06 3.7352033e-06 2.314566e-05 4.1897994e-05 7.5074054e-06 7.901108e-06 7.837723e-06 3.7842582e-07 4.033633e-06 0.02587572 2.4047351e-05 0.2251806 0.53740007 0.52197605 1.7334795e-06 1.0752242e-05 0.0037983106 1.0159979e-05 7.479031e-09 0.15064135 8.137748e-06 1.0352989e-05 0.1732512 0.030640341 0.027342165 9.243725e-07 0.43961513 2.451747e-06 3.7422094e-06 4.943633e-06 0.00032563307 7.0494143e-06 3.716524e-06 0.00084141886 4.2814922e-06 0.039104603 2.2433501e-07 0.04978587 0.01881442 1.952826e-05 9.828499e-07 0.00019622751 0.045893956 3.0850893e-05 2.8222543e-05 3.9022845e-05 1.2127743e-05 0.037550822 0.00017267789 1.4642479e-06 0.00038433183 0.026484791 9.53915e-06 0.00109333 0.013025814 3.084127e-05 7.3929664e-06 0.00014893888 3.998136e-05 5.559668e-07 2.9606758e-06 0.005598855 5.8663973e-05 0.00010831505 4.017407e-07
0.03143177 0.000657536 0.0019167616 0.0014781881 0.0023416844 0.007932855 0.0043439013 0.0042275665 0.0007425892 0.03418763 0.0097774835 0.0934404 0.00011138975 0.0004888785 0.5043353 0.00022792985 0.063324444 0.019375723 0.021281205 0.49810302 6.729612e-05 0.0022217983 0.025531605 3.660278e-05 0.8213297 0.13285989 0.005588224 1.0515654e-05 1.6999744e-22 0.0012266717 0.10685984 0.004216966 5.1245147e-06 0.11313985 0.05454575 0.0042455434 0.25628003 0.53504354 0.018191546 0.15565088 0.20932133 0.0011113251 0.00049383694 0.1138766 0.1073449 0.0054054433 0.0021566283 2.5254265e-05 1.1029899e-07 1.815025e-05 0.00039462186 0.068690985 0.00451183 0.048048113 0.0023145773 3.601442e-05 0.0008791489 0.0039569703 1.5718551e-05 7.638957e-06 0.0024628974 0.017806461 2.92523e-05 0.0079262825 0.0061270655 0.0041200817 0.0019036642 0.0011341732 0.0007495769 0.00064796227 0.0018422779 7.86116e-06 9.524355e-05 3.4659246e-05 1.3853823e-06 3.1043408e-05 0.00052826136 2.1579703e-05 1.1272347e-07 3.9362636e-05 0.00017103406 0.00080686586 0.0003814805 0.000116812305 0.0008160065 1.2448304e-05 8.514595e-06 5.1108662e-05 0.00058361504 5.239934e-06 2.4085086e-05 5.392534e-06 0.00080676976 0.0014892746 0.00053130084 1.4106582e-05 5.6915246e-06 0.000255189 7.744223e-08 0.0014961945 6.306806e-05
0.086449884 0.020104958 0.036862448 0.03940731 0.031420935 0.03204298 0.0048784767 0.012553327 0.15147404 0.02199035 0.13595413 0.05433632 0.22402953 0.052433807 0.012146866 0.8235812 0.100286335 0.005542946 0.03799433 0.019901367 0.017666627 0.9464977 0.0025276206 0.2907517 0.0065385345 0.005253031 0.0031237854 0.17296024 0.0012266717 1.9247386e-20 0.0015049175 0.001767817 0.029355658 0.00026996416 0.00279477 0.0021646551 0.00022169067 0.00037985985 0.010319574 0.002449786 0.00032169936 0.0013123044 0.001007635 0.00015698576 0.00038206115 0.011115387 0.0027293134 0.569093 0.32730666 0.037880044 0.0011158764 0.00017863513 0.0028548045 8.152426e-05 7.441087e-06 0.036350466 0.00057363964 0.0139269885 0.034637902 0.73179394 0.010710895 8.1597136e-05 0.028011438 5.0368703e-06 5.0883104e-05 8.191826e-06 0.0006533838 6.771107e-05 0.0001567884 0.11249284 1.7007447e-05 0.025145028 1.6587452e-06 0.051483627 0.0072291065 0.0003503328 2.0790678e-05 0.01648619 0.0112124095 0.00013395394 0.003770751 8.901573e-05 0.00022174354 0.008221488 0.0007930392 5.151885e-05 0.036645804 0.003544917 2.3905928e-05 0.0015008162 0.004061214 0.002295674 0.00025918166 0.0008480465 0.0002575687 4.40787e-06 2.2418776e-06 0.0022555343 9.08627e-05 0.0004625033 1.2311099e-06
0.004412238 0.002685533 0.006235312 0.0046718996 0.007338909 0.010721126 0.0031875286 0.0020804207 0.0031464803 0.016582629 0.042797692 0.1986877 0.0014830411 0.0013534308 0.053258654 0.0012908143 0.3924471 0.0023609847 0.5486016 0.8085613 8.9763795e-05 0.008045895 0.0010542013 0.00015611936 0.17001712 0.0074551483 0.00040809173 3.5861936e-05 0.10685984 0.0015049175 4.8817755e-25 0.00011706156 1.5288359e-05 0.8425866 0.0024248224 0.0005938621 0.28423217 0.21681598 0.66447777 0.0061718114 0.0063818395 1.4412933e-05 2.661137e-05 0.18159324 0.005959422 0.0010402871 3.564273e-05 5.8942795e-05 3.0921967e-07 1.2712335e-05 1.7643439e-05 0.0009536948 0.0005112853 0.004389685 0.13614702 5.8832895e-05 1.6459726e-05 0.10152317 1.0866086e-05 1.0510832e-05 0.0016482581 0.008458358 3.3192846e-05 0.0005421941 0.00013002938 0.00030393904 0.00022436594 0.00054221967 9.692891e-06 0.0013112698 0.00048814857 2.4689057e-06 0.0007345056 4.8373645e-06 3.0833755e-06 2.2128352e-05 0.02701407 7.0425376e-05 2.1636002e-07 1.997455e-05 0.0048049595 5.5626217e-05 3.9611477e-05 0.000110468645 0.00037111528 0.012149386 6.7946894e-06 6.150641e-05 1.0523097e-05 6.231475e-07 4.401231e-05 1.6839229e-05 5.2071482e-05 0.00031829218 0.00028146812 0.00023719699 8.863302e-05 0.00013408266 2.9714426e-09 0.0007210354 5.943059e-07
