9.88424e-33 0.3131489 0.6181868 0.4983837 0.058844432 0.063023545 0.0068979734 0.65448445 0.043800633 0.74129325 0.1665549 0.85031915 0.004516268 0.0067160325 0.0012300138 0.0010980951 0.0058343722 0.8499305 0.52564824 0.6660954 0.7673572 0.3523165 5.6576235e-05 0.0030882347 0.0021960821 0.0005351879 0.17761403 4.5524837e-05 0.0032931445 0.19241264 0.34610894 0.013547035 0.0653589 0.2794099 0.7493151 0.5789983 0.005045317 0.8899943 0.7470337 1.8362394e-05 0.26297376 0.02428139 0.67407453 0.9737265 0.412084 0.15804537 0.032904442 0.73931223 0.8980994 0.28149202 0.00016988993 0.028261425 0.23496601 0.9725765 0.27738404 0.46488923 9.799214e-05 0.28675827 0.051586643 0.32824108 0.88240945 0.97456837 0.04199438 0.9914086 0.98723 0.939056 0.0055868276 0.9435666 0.4174494 0.4666551 0.69260234 0.99535847 0.9977382 0.00027914514 0.79801214 0.97910404 0.62097234 5.914342e-07 0.00060397905 0.99598587 0.016667493 0.028673837 0.00016938 0.9718313 0.022618106 0.9843224 0.7068452 0.8504788 1.3223636e-06 4.1015224e-05 0.25442916 5.265318e-09 0.9995645 0.9980929 0.999758 0.97553074 0.99986166 0.5099629 0.81823456 0.9981857 0.9986252
0.3131489 7.062778e-21 0.81952715 0.7073414 0.78153473 0.84192246 0.43497428 0.74500996 0.3710686 0.33792454 0.4177453 0.057144664 0.17532633 0.11799476 0.09556769 0.07465292 0.04571111 0.108652934 0.042094436 0.056414135 0.079053886 0.011616559 0.007991364 0.0045565977 0.021732856 0.015839191 0.068046294 0.0019548207 0.008196527 0.008979822 0.01719468 0.038539004 0.021067612 0.05806559 0.015355714 0.015418174 0.015240801 0.013166688 0.021295559 0.00015017389 0.0042869924 0.038277805 0.0024487025 0.0054481346 0.0014184103 0.011160877 0.013321862 0.0002854922 0.01834152 0.00015166542 1.1732256e-05 0.00200755 0.00028118104 0.011692695 5.5524424e-06 0.00011076002 0.000119151555 0.0022913388 0.00017145506 1.1047126e-06 1.5445503e-05 0.0073914453 6.3312723e-07 0.008261964 0.001039764 0.0053012487 0.0002878414 0.003173267 3.98664e-06 6.0788733e-07 3.6295702e-07 0.0018348891 0.001814859 1.4857959e-05 0.0058121607 9.331875e-05 5.7205234e-06 8.5100027e-07 1.4717063e-05 0.00092588254 6.286107e-07 5.5499386e-06 7.881548e-06 0.0014847995 1.6280479e-06 0.000111346846 0.00020808443 0.00031747093 1.251048e-06 2.3996001e-06 0.004624405 6.5163634e-09 0.0001413111 0.0008408437 0.0003872755 0.00041399582 0.00014934938 0.0023732788 0.00020850614 0.0014660322 0.00068483106
0.6181868 0.81952715 2.5333631e-20 0.8088731 0.17330913 0.25148043 0.0300042 0.5125757 0.074439004 0.5470139 0.11334487 0.1315911 0.014828504 0.018506462 0.0054745097 0.0045736376 0.005726225 0.47860223 0.034305803 0.25346872 0.23916641 0.014807291 0.00054358866 0.00034097992 0.0030742632 0.0015477766 0.04518651 0.00025298202 0.002659261 0.036071382 0.020090368 0.014849732 0.026855571 0.04604247 0.044295527 0.0482094 0.0043254 0.037107013 0.06723741 1.9025545e-05 0.005182143 0.022630738 0.004096689 0.010133032 0.0024440922 0.014463357 0.00781345 0.0004357304 0.046340343 0.00040534232 5.2164355e-06 0.0008567838 0.00064537575 0.021045983 6.3753454e-05 0.00054898596 6.474514e-05 0.024600541 0.0004868099 1.7534225e-05 0.00010015775 0.036404047 3.5970838e-06 0.043317173 0.021525312 0.013108642 0.00048856676 0.041452788 3.924002e-06 3.195239e-06 1.3201043e-06 0.016515909 0.009505328 5.267647e-06 0.02199859 0.00037095326 9.600892e-06 3.0305813e-07 1.2808558e-05 0.015268157 1.0659775e-06 2.8165865e-05 9.39563e-06 0.0067171054 6.209105e-07 0.00021947261 0.003207609 0.0046363496 1.010054e-06 2.9289915e-06 0.013612656 9.311529e-10 0.00022112015 0.005848006 0.003663704 0.001962407 0.00078382535 0.016711565 0.0025527491 0.006745968 0.0052874796
0.4983837 0.7073414 0.8088731 6.913344e-21 0.13244265 0.11685485 0.02942561 0.7717776 0.14470589 0.5154587 0.24104448 0.22498856 0.0072806547 0.029260786 0.004767592 0.0037353993 0.0138176065 0.1730564 0.0748649 0.053401083 0.238701 0.04239771 0.00046068084 0.0012371219 0.00093846646 0.0019842624 0.06531058 0.0002485803 0.00535836 0.005682165 0.04969998 0.0053428323 0.005428838 0.075743034 0.03213052 0.023342974 0.011876358 0.033872087 0.020482 3.2179647e-05 0.017588858 0.058058277 0.010104632 0.03445142 0.0075721783 0.03497083 0.020765143 0.0012616122 0.0528824 0.0014707242 1.15417315e-05 0.003074784 0.0014652418 0.045799546 0.00023998773 0.0011606709 5.257627e-05 0.007146139 0.0010173952 0.00010332498 0.00026909282 0.050506804 6.98148e-06 0.048678238 0.009121973 0.029243711 0.0011346807 0.0125023415 1.1834675e-05 1.0469194e-05 4.0178998e-06 0.011828703 0.017695604 1.2749778e-05 0.0055760196 0.001184074 3.5614124e-05 9.156687e-07 2.306365e-05 0.0073162154 1.939745e-06 1.9583164e-05 9.894732e-06 0.002258888 1.9848926e-06 0.00041431 0.0011287344 0.001744129 1.397287e-06 5.5630853e-06 0.005740887 2.8694331e-09 0.00036646018 0.0030724169 0.0016422886 0.001122048 0.00043923775 0.003817862 0.00054525764 0.0035573763 0.0023579716
0.058844432 0.78153473 0.17330913 0.13244265 1.8240568e-22 0.893094 0.8173436 0.14907938 0.17432074 0.06779277 0.12448791 0.014562031 0.41643628 0.1692952 0.2675393 0.22007164 0.098134585 0.009205471 0.005703172 0.0060452824 0.01259838 0.0013324224 0.035487283 0.07029986 0.050123423 0.050867703 0.02400464 0.007632324 0.011022162 0.0011934587 0.0018670063 0.025051693 0.005232831 0.0068241176 0.0039617694 0.002880314 0.014984273 0.0020383128 0.0008080914 0.0005730363 0.00039216861 0.0089435885 0.00047311626 0.0051702857 0.00015360238 0.0013012739 0.0037782707 4.4597156e-05 0.006515969 1.4265082e-05 0.001124993 0.005160749 6.2682324e-05 0.0038003293 2.4144729e-06 9.2515875e-06 0.00025086038 3.659126e-05 0.00022300515 7.9799275e-07 4.988117e-06 0.0014617477 3.4498248e-07 0.0030970622 0.00012170665 0.0010288457 0.0005596058 0.0003402075 7.5894377e-07 4.3626764e-07 1.64127e-07 0.00044377096 0.00073137524 0.00010094562 0.00040377668 4.1943407e-05 1.4857966e-06 3.5088349e-06 3.670737e-05 0.0007166688 4.986989e-08 1.556884e-07 2.2567883e-06 0.00014243368 1.0047531e-07 1.357691e-05 1.924311e-05 2.6422364e-05 3.133276e-06 6.9734983e-07 0.0005984636 1.027707e-08 5.6652066e-06 0.0011258543 0.0007344086 1.3566361e-05 0.0002549129 3.7141443e-05 2.212334e-06 0.00095783896 0.0009440867
0.063023545 0.84192246 0.25148043 0.11685485 0.893094 3.732476e-19 0.60769314 0.1358515 0.09616404 0.07341683 0.06825175 0.008757708 0.5310345 0.04676093 0.25578037 0.2334856 0.021640556 0.020074463 0.00397646 0.0261895 0.014528096 0.0009106522 0.03615052 0.006545929 0.2203116 0.02988611 0.010246862 0.007419868 0.0031609726 0.009740275 0.0010739703 0.10843242 0.0406462 0.0051738224 0.0061837304 0.0066526425 0.0034346802 0.0040305452 0.004919124 0.0002694025 0.00035770205 0.00519548 0.00042525944 0.001943831 0.00015534011 0.0006747808 0.0017613835 4.5681227e-05 0.007361603 2.227763e-05 5.878477e-05 0.0008508677 8.229117e-05 0.0017038651 7.3174497e-06 5.1725718e-05 0.000105661835 0.0015362465 0.00038883853 6.73617e-06 1.0990566e-05 0.002054371 3.5093474e-06 0.0028016192 0.00038233475 0.0009806675 0.00041451314 0.0013650388 2.5918487e-06 1.8856783e-06 9.1615965e-07 0.0009979849 0.00043993263 4.2766384e-05 0.0050240015 0.000102820326 4.1697626e-06 3.1679162e-06 0.00027525725 0.0005770182 5.442881e-07 3.030071e-06 1.10210985e-05 0.0010331887 6.5735753e-07 3.363787e-05 0.00017107501 0.00017813702 1.0186923e-05 1.0485532e-05 0.0021935317 1.9681373e-08 1.636414e-05 0.00071396696 0.0006095988 0.00018216067 0.00032893245 0.00037898184 4.4975408e-05 0.0006258377 0.000508621
0.0068979734 0.43497428 0.0300042 0.02942561 0.8173436 0.60769314 2.9182138e-24 0.026237354 0.06262424 0.005384418 0.036704846 0.0018768954 0.694401 0.09703691 0.5595212 0.49000314 0.06732727 0.0009279656 0.0007186591 0.00075906294 0.0019813164 3.9637933e-05 0.14211284 0.11569596 0.12585953 0.09017128 0.0048548556 0.02352995 0.0077559357 0.0003125827 8.910458e-05 0.01428321 0.0009297138 0.0009593972 0.0003638141 7.789878e-05 0.005855719 0.00011089942 8.088389e-05 0.0040070266 2.6071208e-05 0.0012067761 2.8248367e-05 0.00040643758 6.4438955e-06 3.235768e-05 0.00048610402 8.716366e-07 0.0014794995 5.217288e-07 0.0016293646 0.000426771 2.838264e-06 0.000112736976 2.082739e-07 1.6520214e-06 0.00046984648 8.77446e-06 1.0174718e-05 3.4190796e-07 7.636389e-07 0.000101923986 3.5077075e-08 0.0009337199 8.173402e-06 9.842737e-05 0.00011236473 1.3195184e-05 3.487765e-07 3.8944765e-07 1.4867342e-07 0.00011664955 0.00020993876 1.1031142e-05 9.4400384e-05 1.3245956e-05 7.0206755e-07 1.7329383e-05 5.1338334e-06 0.00034181584 1.7438126e-08 2.4862935e-08 3.9452792e-07 5.0811817e-05 5.08822e-08 2.8384022e-06 4.950285e-06 9.49292e-06 1.8566358e-05 1.1962355e-07 6.255941e-05 1.2996857e-07 2.046945e-06 0.0011931655 0.0007415648 4.50904e-06 0.00011782799 2.696209e-06 1.9205525e-07 0.0003751584 0.0004195969
0.65448445 0.74500996 0.5125757 0.7717776 0.14907938 0.1358515 0.026237354 4.8532118e-20 0.47607517 0.548777 0.7749207 0.34959093 0.0077407616 0.17112316 0.0029881329 0.0025330961 0.11513931 0.13587067 0.64028573 0.0396658 0.22106504 0.42828807 0.00028022163 0.0027531409 0.001126018 0.0020881149 0.585865 0.0003240559 0.07996796 0.008726181 0.53801596 0.009266555 0.010459322 0.7065415 0.033859782 0.02850379 0.08749078 0.039237607 0.032311134 1.7189244e-05 0.19939539 0.28349656 0.09294839 0.16966324 0.09328501 0.29647735 0.1444687 0.017010646 0.065686926 0.013772948 6.1646024e-06 0.008874434 0.014090678 0.065321445 0.0015332593 0.0034229623 0.0002375139 0.0026169482 0.004805347 0.0008016143 0.00066958996 0.07080384 4.533585e-05 0.049518865 0.0058130613 0.051842384 0.0016675838 0.008165413 0.00028877566 0.00015439236 5.4528304e-05 0.0073354384 0.0319914 1.2953202e-05 0.012175703 0.002929295 0.0001925408 2.1768617e-06 2.2039014e-05 0.005225266 3.3027718e-06 0.00014094246 5.3309017e-05 0.0054264674 9.215813e-07 0.0025906542 0.0010131563 0.0022148432 6.225217e-06 8.3912655e-06 0.0043875338 1.499309e-08 0.0017868729 0.0034338697 0.003039415 0.0021525198 0.0006219221 0.0062256805 0.00052088994 0.004874745 0.0062385993
0.043800633 0.3710686 0.074439004 0.14470589 0.17432074 0.09616404 0.06262424 0.47607517 1.9657655e-20 0.056271326 0.9203381 0.013827829 0.008787625 0.5103371 0.006903359 0.0052101114 0.29671007 0.0038740237 0.026354304 0.0026175298 0.012910698 0.008710542 0.0013223611 0.07116076 0.0006719854 0.020630976 0.46494746 0.0011655053 0.09689035 0.0008261873 0.022044972 0.0041775107 0.0021595487 0.095575646 0.002685744 0.0022347237 0.14781822 0.0013824736 0.0008140944 0.00026175185 0.0070457724 0.07826454 0.004290847 0.008650957 0.0033855783 0.032391872 0.038528293 0.00038907904 0.008307053 0.00053948263 0.001250707 0.046945885 0.0012224437 0.004951612 3.989559e-05 0.00044636027 0.00071818836 7.950296e-05 0.0008028388 4.7179336e-05 4.6538255e-05 0.004346417 2.0300997e-06 0.0039164033 0.00012440857 0.005082673 0.0064189546 0.00031989499 9.044784e-06 3.381985e-06 2.1166463e-06 0.00059395836 0.0022692552 0.000117279225 0.0013258514 0.00028096206 8.505545e-06 5.4259133e-05 7.115808e-05 0.0007517708 7.7742624e-07 5.908865e-06 5.710407e-06 0.0009829919 3.3143309e-07 7.402961e-05 6.138236e-05 0.00011693424 3.076501e-05 3.0323174e-06 0.0015100309 1.3450713e-07 9.757604e-05 0.0012463395 0.00070520845 0.00010297233 0.0002493049 0.0011512332 1.832017e-05 0.0016186238 0.0008836114
0.74129325 0.33792454 0.5470139 0.5154587 0.06779277 0.07341683 0.005384418 0.548777 0.056271326 1.1919804e-17 0.110691436 0.9317286 0.0022248547 0.009115233 0.0012691675 0.0010525382 0.0054092486 0.5881608 0.14622809 0.2282389 0.7389023 0.10201635 9.095955e-05 0.00014411387 0.00026744264 0.00018217857 0.06571429 0.00010688074 0.0035147432 0.015141647 0.09702165 0.0018036659 0.009030986 0.07869714 0.19361244 0.1956326 0.0039899913 0.17255576 0.124274455 2.2249393e-05 0.02361417 0.037268635 0.021447666 0.07080846 0.009886993 0.02363754 0.007972125 0.0025915464 0.2831273 0.002829883 1.3313554e-06 0.00017275383 0.0024862858 0.09421153 0.00073588436 0.0026567755 7.0667943e-06 0.0070391777 0.000597457 0.00022375908 0.00052837294 0.14442788 3.8061742e-05 0.13033022 0.051375415 0.05748862 0.0008531526 0.080086194 2.1580425e-05 2.5152114e-05 1.5593863e-05 0.048547164 0.048260365 6.9132316e-06 0.02187268 0.0034154768 0.00013436042 4.2103272e-07 6.2807826e-06 0.025423817 5.928853e-06 4.777733e-05 4.1921456e-05 0.008570384 1.4293087e-06 0.0007594322 0.0074264333 0.008711847 1.2925838e-06 4.6907035e-06 0.012716616 5.129394e-10 0.0007213405 0.012097375 0.0072199674 0.005041349 0.0012221918 0.017805373 0.0042307405 0.0062816287 0.0058920123
0.1665549 0.4177453 0.11334487 0.24104448 0.12448791 0.06825175 0.036704846 0.7749207 0.9203381 0.110691436 1.2403414e-20 0.038438275 0.0044362927 0.5754387 0.004097101 0.0030515569 0.42582944 0.012753739 0.082680784 0.0055310703 0.030536845 0.036880087 0.00071720727 0.10745857 0.00071024307 0.01383629 0.7239647 0.0008810597 0.1974835 0.0013926575 0.100722276 0.0040862844 0.0022905555 0.4077558 0.004198291 0.004042057 0.34857458 0.0031918862 0.0016753891 0.00029510522 0.04667621 0.23625916 0.02769291 0.04469101 0.029718071 0.15999454 0.13952893 0.00329109 0.017252853 0.0046025557 0.0018797264 0.13900656 0.0075433725 0.01927746 0.0009928558 0.0018312258 0.0013545561 0.00021248599 0.0063255997 0.00063274667 0.00027943836 0.008764003 3.6521535e-05 0.0055981004 0.0002750649 0.013938428 0.03144039 0.0016755441 8.737031e-05 2.2937282e-05 6.0182397e-06 0.00067218853 0.0074886354 0.0006947925 0.009561177 0.0011125186 5.9478447e-05 7.068085e-05 0.00042734933 0.00082029315 5.5007968e-06 7.8975565e-05 1.8005878e-05 0.0026715344 1.6884907e-06 0.00033411526 0.00024214416 0.0003854762 6.180629e-05 7.025575e-06 0.0015823195 4.864838e-07 0.00046647142 0.0012526939 0.00071862893 0.00025260446 0.00020816538 0.001133898 1.2714324e-05 0.0022494977 0.0015082997
0.85031915 0.057144664 0.1315911 0.22498856 0.014562031 0.008757708 0.0018768954 0.34959093 0.013827829 0.9317286 0.038438275 7.460337e-17 0.0010321557 0.003087572 0.00036719014 0.00037674923 0.0015350471 0.11037257 0.14207219 0.020475516 0.9077982 0.12041841 8.052232e-05 0.00022592649 3.8310252e-05 7.54179e-05 0.025918985 2.3670764e-05 0.0009993798 0.0034543998 0.08645973 0.00030741186 0.0020020274 0.033521634 0.0650917 0.03797948 0.001767152 0.10962644 0.01519378 3.7764942e-06 0.021463688 0.018407932 0.023484904 0.19029696 0.014990383 0.013424266 0.0033752045 0.0053485367 0.28369164 0.00316356 4.2545125e-07 7.3788964e-05 0.0017239299 0.17072754 0.0005954877 0.0022246044 1.7927617e-06 0.00031790722 0.000498721 0.00028626836 0.0007111429 0.15532365 2.0640435e-05 0.12128403 0.014924594 0.10237416 0.00012316044 0.011930729 3.1357922e-05 1.8618133e-05 2.8058543e-05 0.02656483 0.07178184 1.8385323e-06 0.0018172541 0.0067752395 0.0003270279 9.743289e-08 3.3340639e-06 0.014658171 5.481645e-06 2.5244948e-05 2.2898379e-05 0.0036829435 3.5499152e-06 0.001479408 0.0023154295 0.0024715797 4.3868448e-07 9.435948e-06 0.00186438 6.03188e-10 0.0009751595 0.0048564044 0.0029860644 0.0019111349 0.00048800584 0.0017783269 0.0015741383 0.0035792852 0.002469842
0.004516268 0.17532633 0.014828504 0.0072806547 0.41643628 0.5310345 0.694401 0.0077407616 0.008787625 0.0022248547 0.0044362927 0.0010321557 1.8905797e-21 0.011249388 0.73989516 0.7902784 0.005690036 0.0017084577 0.0007800212 0.002734866 0.00059043395 6.6483044e-05 0.23997818 0.010741211 0.7297902 0.026621327 0.0006953937 0.019965997 0.0005517483 0.0012487054 7.459543e-05 0.07641377 0.007125716 0.00019653654 0.0004044727 0.00022114672 0.00035109575 7.903765e-05 0.00041476797 0.0012049401 2.9368472e-05 0.0005326209 3.147903e-05 0.00013401054 1.4251553e-05 6.9064015e-05 0.00033050784 3.0887497e-06 0.0006516355 4.4672865e-06 0.00016508561 0.00021587785 7.701689e-06 4.8587506e-05 3.7373409e-06 2.4313035e-06 0.000488831 0.00010576487 5.2890027e-05 1.2383044e-06 4.5447214e-06 0.0002464004 5.9289346e-07 0.00078836695 5.527803e-05 0.00018246842 0.00013251763 0.00018432761 1.0904107e-06 9.0726496e-07 5.7249736e-07 0.0003198099 0.00016367316 4.2761287e-05 0.00055255217 2.5399744e-05 2.0154466e-06 8.041951e-06 2.4131252e-05 0.00057372125 2.8116722e-07 3.2464777e-07 8.918432e-07 0.0005724947 7.836321e-07 5.492268e-06 5.193302e-05 8.323142e-05 1.6989323e-05 1.3349425e-07 0.00023432382 1.0222005e-07 1.4175942e-05 0.001659143 0.0016695802 2.8712348e-05 0.0002852557 4.296764e-05 3.885101e-06 0.00065182225 0.0008287741
0.0067160325 0.11799476 0.018506462 0.029260786 0.1692952 0.04676093 0.09703691 0.17112316 0.5103371 0.009115233 0.5754387 0.003087572 0.011249388 2.9930519e-24 0.01597808 0.009408189 0.8464765 0.0004760974 0.0043171393 0.00025340068 0.0025229352 0.0009820728 0.002985562 0.5215132 0.00054107606 0.06356123 0.41126367 0.0029552625 0.35108873 0.00013583523 0.0047042198 0.0009924398 0.0003044653 0.02461153 0.00019250168 0.00013079189 0.19712026 3.6808928e-05 5.444673e-05 0.0024969557 0.0013733716 0.0109495735 0.0011578086 0.0019272101 0.0006777472 0.0025204583 0.009520659 4.912893e-05 0.0013430553 5.6649445e-05 0.03311907 0.046313196 8.84821e-05 0.00021817439 2.576166e-06 1.9302037e-05 0.0019483205 2.57707e-06 0.000117248135 1.7255738e-06 2.2104637e-06 0.0005090689 2.50798e-07 0.0019035672 0.00012134066 0.0004865968 0.0024776438 0.00017730433 1.2916989e-06 6.03063e-07 2.0847541e-07 0.00028136428 0.0009794553 4.6544465e-05 0.00083817204 4.9949118e-05 3.7373377e-06 8.542708e-05 3.0856892e-05 0.0007515325 4.343055e-08 6.41836e-07 1.8644384e-06 0.00019896403 3.972366e-08 8.516405e-06 2.9919453e-05 3.6660564e-05 6.0005343e-05 5.467483e-07 0.000513641 5.111856e-07 1.1973436e-05 0.0017400461 0.0010352344 2.160357e-05 0.00026751967 4.3094733e-05 4.7715967e-06 0.0012029096 0.0009996056
0.0012300138 0.09556769 0.0054745097 0.004767592 0.2675393 0.25578037 0.5595212 0.0029881329 0.006903359 0.0012691675 0.004097101 0.00036719014 0.73989516 0.01597808 1.5009075e-24 0.8764167 0.010117312 0.00044598413 0.00028080083 0.0007566017 9.893198e-05 2.4002169e-05 0.5457512 0.042364627 0.15087248 0.09968435 0.00043633758 0.07606032 0.0010498355 0.00037845655 3.098706e-05 0.011823468 0.0011262135 8.580823e-05 2.522745e-05 1.0020682e-05 0.0005566024 5.8604223e-06 5.760463e-05 0.01571076 1.3041479e-05 6.58178e-05 6.558412e-06 4.0348317e-05 1.0033802e-05 1.3518203e-05 6.0657745e-05 4.1930485e-07 8.426032e-05 8.775351e-07 0.0006513866 8.979564e-05 2.0751108e-06 3.5955716e-06 1.3941438e-07 2.3040698e-07 0.0008307726 5.742212e-06 2.1914445e-06 2.1511404e-07 3.4796818e-07 9.1887574e-05 2.9993053e-08 0.0004826851 1.679639e-05 5.858196e-05 2.7222439e-05 1.4809268e-05 7.8176083e-07 5.0194274e-07 1.1458567e-07 0.0001610894 0.000117926575 2.044633e-06 7.8935205e-05 3.5627305e-05 1.0959308e-06 8.078841e-06 1.3360155e-06 0.0005566357 2.4189116e-08 5.0580855e-09 5.0346895e-08 4.6679288e-05 1.2789265e-08 4.272755e-06 5.126832e-06 8.546338e-06 2.4027431e-05 4.4376156e-09 2.6420019e-05 4.0687772e-07 9.368135e-06 0.0030868696 0.0033443582 5.031445e-06 0.0002721952 1.4632777e-06 3.4496605e-07 0.00045401533 0.00079138915
0.0010980951 0.07465292 0.0045736376 0.0037353993 0.22007164 0.2334856 0.49000314 0.0025330961 0.0052101114 0.0010525382 0.0030515569 0.00037674923 0.7902784 0.009408189 0.8764167 1.1730762e-23 0.00551397 0.00031392343 0.0002084944 0.0006101546 5.997639e-05 1.8600012e-05 0.5272655 0.029583208 0.19894356 0.075028114 0.00033687404 0.060902346 0.00069750444 0.00034093476 2.7110647e-05 0.013479428 0.0012270322 6.445337e-05 2.6322463e-05 1.0590896e-05 0.00031055624 5.4050765e-06 4.6024805e-05 0.010748306 1.3245438e-05 4.7491816e-05 8.860416e-06 7.018207e-05 9.384329e-06 9.04833e-06 4.165786e-05 4.0708227e-07 9.012904e-05 8.736472e-07 0.0006004983 7.291282e-05 2.4344313e-06 4.8325874e-06 2.3382788e-07 2.2207419e-07 0.0008682637 9.881493e-06 2.626703e-06 2.2849906e-07 3.3544356e-07 0.00013624376 3.4812533e-08 0.00051238 2.0964953e-05 8.5138345e-05 1.4821955e-05 2.0228881e-05 6.3818356e-07 4.1672243e-07 1.11393945e-07 0.00020512109 0.00015321292 1.9165393e-06 7.981222e-05 5.2469975e-05 1.1208912e-06 1.7335944e-05 1.1590249e-06 0.0011051523 1.4865888e-08 6.2476055e-09 2.0833756e-08 7.029761e-05 7.83869e-09 3.468687e-06 1.0227974e-05 1.5243357e-05 3.3120057e-05 3.9429544e-09 3.209821e-05 6.754938e-07 7.094473e-06 0.0038174996 0.0034608478 6.8087065e-06 0.000298859 1.7304783e-06 8.0859826e-07 0.0005642555 0.0009371893
0.0058343722 0.04571111 0.005726225 0.0138176065 0.098134585 0.021640556 0.06732727 0.11513931 0.29671007 0.0054092486 0.42582944 0.0015350471 0.005690036 0.8464765 0.010117312 0.00551397 9.110864e-25 7.664728e-05 0.002552742 5.560591e-05 0.0008631145 0.00044885793 0.0030382804 0.66517 0.00019995525 0.08336866 0.43014833 0.0042171087 0.5584232 8.3105544e-05 0.0028290614 0.00037228095 0.00015838971 0.026835373 3.0956282e-05 1.860523e-05 0.30146512 8.4088815e-06 2.1078846e-05 0.004205897 0.00079166575 0.01036068 0.0006988514 0.0025346342 0.00023479311 0.0017902732 0.014715443 3.7863127e-05 0.00041925535 1.5279657e-05 0.104869135 0.11005391 3.2004897e-05 0.00010360758 1.3353443e-06 1.13340175e-05 0.013550006 7.0117295e-07 6.366038e-05 5.188569e-07 1.0397579e-06 0.00040776067 1.4359796e-07 0.0010898197 0.00012560333 0.0003975383 0.007676924 0.0001426124 8.089376e-07 3.515549e-07 6.5657716e-08 0.00022196824 0.0007789682 0.0009996166 0.00040177253 2.5878193e-05 4.360495e-06 0.00018239064 4.2112388e-05 0.00051154895 5.705257e-08 4.9252634e-07 1.2532358e-06 9.099521e-05 2.4243942e-08 7.442372e-06 3.4082877e-05 3.58828e-05 7.629831e-05 4.585346e-07 0.0001468855 1.979656e-06 2.782137e-05 0.0011807766 0.0007755488 1.2046774e-05 0.00022557256 1.640511e-05 2.3482175e-06 0.0005008392 0.00038072089
0.8499305 0.108652934 0.47860223 0.1730564 0.009205471 0.020074463 0.0009279656 0.13587067 0.0038740237 0.5881608 0.012753739 0.11037257 0.0017084577 0.0004760974 0.00044598413 0.00031392343 7.664728e-05 1.9198109e-20 0.016004965 0.9232128 0.57856977 0.008080306 2.989857e-05 1.2251933e-05 0.001305505 0.00015458286 0.0011894034 1.5186273e-05 1.6807653e-05 0.32763007 0.0042877123 0.022053828 0.088091195 0.004480811 0.4549585 0.6709794 0.000100846606 0.371438 0.7134279 8.374261e-06 0.0006235539 0.0018974774 0.0019263475 0.0140069 0.0005592273 0.0013218335 0.0001249976 0.00025081515 0.25710887 0.00011124613 3.2943665e-06 1.570285e-05 0.00010583752 0.07319651 8.030402e-06 0.00023710178 5.141484e-07 0.15615873 0.0003932397 8.1645985e-06 2.5975538e-05 0.10938028 9.138738e-06 0.17649494 0.22617482 0.034396105 0.00037910315 0.31344315 9.989142e-07 8.0789295e-07 3.4025516e-07 0.17645717 0.019967053 0.00014092511 0.12820953 0.001371774 1.0113211e-05 3.6245943e-08 0.00014186876 0.06854513 3.1886e-06 3.3847239e-06 2.6256803e-05 0.04252424 1.6666975e-06 8.077582e-05 0.031824637 0.028958995 1.6937958e-07 4.7936405e-06 0.017396944 4.808564e-11 0.00019116308 0.035068914 0.038893208 0.018307641 0.0028972046 0.03247562 0.031899765 0.042056747 0.025113678
0.52564824 0.042094436 0.034305803 0.0748649 0.005703172 0.00397646 0.0007186591 0.64028573 0.026354304 0.14622809 0.082680784 0.14207219 0.0007800212 0.0043171393 0.00028080083 0.0002084944 0.002552742 0.016004965 4.818292e-20 0.0049383277 0.14669143 0.80530506 6.132093e-05 0.00039065926 0.00022112331 0.0004892081 0.12114376 5.2909956e-05 0.0032121472 0.0012874163 0.75967145 0.001005618 0.0011501677 0.5179326 0.014485353 0.014254266 0.02602785 0.028425576 0.005303006 1.2453872e-05 0.1759864 0.07891136 0.20093061 0.45919022 0.13018048 0.13718155 0.039535068 0.056511175 0.1333601 0.02033501 4.150449e-06 0.009544082 0.010181189 0.1004551 0.001344022 0.005684121 7.743504e-05 7.984533e-05 0.003071141 0.0014420948 0.0017325409 0.105559595 2.8348004e-05 0.046931148 0.0020068858 0.13663398 0.0025658107 0.0031752016 0.00022648674 0.00022390594 0.00018828931 0.003850603 0.053257465 1.8886958e-05 0.0027285665 0.0104558 0.000709646 7.044229e-07 4.9015023e-05 0.001657417 8.410072e-07 2.2954657e-05 1.9745023e-05 0.0021366212 1.066432e-06 0.0026079542 0.00047370317 0.00072366523 1.6962247e-06 1.1701148e-05 0.00055522926 2.984023e-09 0.0015292725 0.0015665793 0.00096093235 0.0016722269 0.00023541285 0.003122898 0.0011780945 0.0021920374 0.0010010586
0.6660954 0.056414135 0.25346872 0.053401083 0.0060452824 0.0261895 0.00075906294 0.0396658 0.0026175298 0.2282389 0.0055310703 0.020475516 0.002734866 0.00025340068 0.0007566017 0.0006101546 5.560591e-05 0.9232128 0.0049383277 1.0270723e-19 0.2040381 0.0018634804 0.000107648266 2.2728873e-05 0.0097754 0.00025270373 0.00066520716 3.9242655e-05 1.262207e-05 0.66335803 0.0011952759 0.090647325 0.34486863 0.0014006586 0.25772667 0.4606115 0.00013078203 0.17266737 0.9077436 1.8190747e-05 0.00025638574 0.0010264881 0.00042113714 0.0018560492 0.00015922799 0.00058498885 0.00019964276 7.0902155e-05 0.06774109 5.51556e-05 4.901514e-06 5.4328775e-05 0.00012288087 0.018001946 1.3553211e-05 5.0016188e-05 9.456375e-07 0.47477084 0.00055554515 5.7671747e-05 7.0221186e-06 0.045285515 1.5290077e-05 0.06494567 0.14022614 0.007443423 0.002471575 0.2093388 8.17247e-07 4.3604717e-07 1.8087783e-07 0.11170396 0.006673326 0.00091239385 0.18589965 0.00049393444 4.3775153e-06 3.6525222e-07 0.0014010387 0.06087936 1.890165e-06 9.289312e-06 3.0638523e-05 0.06845923 4.6423e-07 2.1008527e-05 0.044243637 0.052399736 1.3092641e-06 9.9394765e-06 0.04212452 4.841328e-10 7.883492e-05 0.035281803 0.035520196 0.027975038 0.0029279122 0.049737513 0.04335261 0.05342872 0.028957216
0.7673572 0.079053886 0.23916641 0.238701 0.01259838 0.014528096 0.0019813164 0.22106504 0.012910698 0.7389023 0.030536845 0.9077982 0.00059043395 0.0025229352 9.893198e-05 5.997639e-05 0.0008631145 0.57856977 0.14669143 0.2040381 1.5783293e-16 0.13182388 2.2529315e-05 3.1721567e-05 1.9071758e-05 8.268782e-05 0.010967862 3.412262e-05 0.0005063028 0.013280932 0.13461252 0.00081670634 0.007874472 0.037977558 0.49723548 0.3115129 0.0013783984 0.6997856 0.1348132 1.1902906e-05 0.022435535 0.01816051 0.041443452 0.17540745 0.010532511 0.016782284 0.004950989 0.0060052294 0.8303835 0.0063281157 5.1519314e-06 5.7001267e-05 0.0051683364 0.20307665 0.0015942156 0.005795114 2.6417788e-06 0.005824579 0.0008725287 0.0006576491 0.0017849943 0.41985688 0.00011716854 0.31610364 0.080837116 0.116633125 0.00017098381 0.1035879 0.00023622537 0.00018093779 7.8799596e-05 0.12760797 0.12070487 3.8241113e-05 0.022397695 0.013843266 0.00083462807 3.1812812e-07 2.6124995e-05 0.08703116 6.405611e-05 7.368989e-05 6.2642524e-05 0.010824619 1.3094322e-05 0.005701054 0.0113386875 0.011569025 1.5520134e-06 9.4294e-06 0.015948111 9.0041696e-10 0.0010384613 0.049047526 0.027328655 0.006707183 0.004871199 0.017220486 0.008883528 0.013452518 0.016097853
0.3523165 0.011616559 0.014807291 0.04239771 0.0013324224 0.0009106522 3.9637933e-05 0.42828807 0.008710542 0.10201635 0.036880087 0.12041841 6.6483044e-05 0.0009820728 2.4002169e-05 1.8600012e-05 0.00044885793 0.008080306 0.80530506 0.0018634804 0.13182388 3.374403e-20 1.6012851e-05 2.6601192e-05 9.471633e-06 7.99845e-05 0.04831024 1.6853577e-05 0.0005706706 0.0003590817 0.73266405 0.0001234862 0.00036080246 0.2783651 0.011415485 0.009339181 0.005985089 0.01858097 0.002175622 6.65307e-06 0.15636636 0.040715795 0.3307091 0.5703084 0.13106354 0.0876401 0.01570536 0.058614083 0.1296577 0.027666803 6.364356e-07 0.0013761786 0.012069269 0.09756647 0.002184087 0.007796921 1.2539608e-05 7.439994e-06 0.0020896809 0.0016466626 0.0024624327 0.105277464 6.279013e-05 0.039285284 0.00091333326 0.1339821 7.700953e-05 0.0011043379 0.0003064494 0.000327968 0.00018989046 0.0025621746 0.049104977 1.654175e-06 0.00068565976 0.011569544 0.0009987523 8.86137e-08 4.5989464e-06 0.0013044833 1.8042258e-06 1.9440813e-05 6.688856e-06 0.0009873114 1.1978708e-06 0.003179806 0.00019629358 0.0003400961 4.4108953e-07 3.3995404e-06 0.00035851076 6.1449973e-10 0.0013334927 0.0010458548 0.00058556744 0.0005463114 0.00012337886 0.0012704155 0.00031300064 0.0013599789 0.0006380656
5.6576235e-05 0.007991364 0.00054358866 0.00046068084 0.035487283 0.03615052 0.14211284 0.00028022163 0.0013223611 9.095955e-05 0.00071720727 8.052232e-05 0.23997818 0.002985562 0.5457512 0.5272655 0.0030382804 2.989857e-05 6.132093e-05 0.000107648266 2.2529315e-05 1.6012851e-05 1.4463211e-21 0.08192182 0.069363 0.38711643 0.00032172425 0.56693506 0.0004353541 0.00011323522 8.316037e-06 0.0031301896 0.0004324806 2.1827916e-05 6.8268077e-06 3.4497739e-06 0.0002285478 6.061099e-06 2.5158977e-05 0.15758076 4.810425e-06 2.965665e-05 6.627626e-06 3.7363807e-05 3.5886894e-06 1.4720783e-05 3.5950008e-05 2.6558594e-06 2.96995e-05 1.0746362e-06 0.0023269663 0.00013589743 2.8345555e-06 3.1695737e-07 1.0465536e-06 4.201763e-07 0.001238066 1.361566e-06 6.2120043e-06 4.980565e-07 4.948522e-07 5.456451e-05 2.3699855e-07 9.953701e-05 5.050292e-05 5.5527104e-05 5.8937967e-05 5.194778e-05 1.7968268e-06 9.153265e-07 2.5930117e-07 0.00013616492 1.9815914e-05 5.3722133e-06 7.007806e-05 1.5379404e-05 1.4463598e-06 8.856052e-05 2.4649205e-06 0.001030928 9.377001e-08 1.2759952e-08 2.5323556e-07 9.2143375e-05 3.7912173e-08 2.0816697e-06 3.6086443e-05 4.3586173e-05 7.318032e-05 4.7625768e-08 1.731387e-05 4.594791e-06 5.838822e-06 0.0040981094 0.003528907 1.2656967e-05 0.0005270999 9.0036e-07 1.7875051e-06 0.00038539773 0.0003022948
0.0030882347 0.0045565977 0.00034097992 0.0012371219 0.07029986 0.006545929 0.11569596 0.0027531409 0.07116076 0.00014411387 0.10745857 0.00022592649 0.010741211 0.5215132 0.042364627 0.029583208 0.66517 1.2251933e-05 0.00039065926 2.2728873e-05 3.1721567e-05 2.6601192e-05 0.08192182 2.836193e-20 0.0009786518 0.64667755 0.07701867 0.08977195 0.46100062 4.140509e-05 4.1107323e-05 0.00025496347 0.00013975297 0.0004244505 5.212482e-06 1.626265e-06 0.17340928 2.9080472e-06 8.855812e-06 0.32044238 1.2865962e-05 0.0013228871 7.4014926e-05 0.0002039389 5.47678e-06 7.114858e-05 0.0031475506 6.8352906e-06 1.0917857e-05 1.7258799e-06 0.30646074 0.018489784 7.717764e-06 2.687235e-06 2.0920496e-07 2.04622e-07 0.08076464 8.715676e-07 2.6845264e-05 1.8502882e-07 2.342113e-07 0.00018780761 2.7904622e-07 4.1345742e-05 3.4887467e-05 6.958903e-05 0.0006484589 2.7511145e-05 3.2283023e-07 7.0674744e-08 5.371454e-08 8.025889e-05 8.035271e-05 0.00048650423 0.00052422384 1.7092065e-05 1.3975722e-06 0.00041629368 9.144471e-05 0.0001166233 2.6049364e-07 9.362396e-07 3.781576e-06 1.9475274e-05 1.3027457e-07 1.1121917e-06 2.4773753e-06 3.4115021e-06 0.0003150427 1.1601571e-06 0.00010946095 3.108284e-05 1.558108e-05 0.0013436062 0.002016477 1.0938425e-06 0.00014368913 9.817636e-06 3.8759765e-07 9.945152e-05 3.2989174e-05
0.0021960821 0.021732856 0.0030742632 0.00093846646 0.050123423 0.2203116 0.12585953 0.001126018 0.0006719854 0.00026744264 0.00071024307 3.8310252e-05 0.7297902 0.00054107606 0.15087248 0.19894356 0.00019995525 0.001305505 0.00022112331 0.0097754 1.9071758e-05 9.471633e-06 0.069363 0.0009786518 2.3389491e-21 0.003948897 7.860108e-05 0.005635153 3.2517764e-05 0.020025969 9.899961e-06 0.8828286 0.16194113 3.2309264e-05 7.368004e-05 6.0386643e-05 5.2365496e-05 2.0655518e-05 0.00080265163 0.0032380584 1.0681048e-05 5.2252653e-05 2.0588435e-05 1.0355834e-05 1.7586977e-05 1.3144067e-05 4.113521e-05 3.676288e-06 5.4316446e-05 4.353805e-06 3.4250388e-05 8.0870785e-05 3.97921e-06 2.0924056e-06 1.8967289e-06 4.8186087e-07 0.00014419004 0.004927618 3.4540205e-06 2.4035717e-06 1.0363198e-06 8.562928e-05 6.929419e-07 0.00029819796 0.0001255389 0.00011062087 0.0005089058 0.0006687957 3.438316e-07 4.1105437e-07 1.5450658e-07 0.0003080604 6.0144386e-05 0.00018992323 0.0034471515 1.6741553e-05 1.1842504e-06 7.093969e-05 1.549973e-05 0.0022495235 9.60186e-08 1.2928358e-07 5.583578e-07 0.000998319 1.3609967e-07 6.2946406e-06 0.0002551374 0.00027463766 5.2681116e-05 5.414595e-08 0.0004864843 1.5983167e-06 1.158622e-05 0.003769741 0.003522199 9.431716e-05 0.00082738727 0.00012054711 3.780312e-05 0.0009042521 0.0022520595
0.0005351879 0.015839191 0.0015477766 0.0019842624 0.050867703 0.02988611 0.09017128 0.0020881149 0.020630976 0.00018217857 0.01383629 7.54179e-05 0.026621327 0.06356123 0.09968435 0.075028114 0.08336866 0.00015458286 0.0004892081 0.00025270373 8.268782e-05 7.99845e-05 0.38711643 0.64667755 0.003948897 1.0425729e-21 0.0058359276 0.6446675 0.022562781 0.00029488356 0.00010144146 0.0010339321 0.0004353049 0.0012129438 2.1456495e-05 1.4334032e-05 0.01385053 6.4058395e-06 5.729262e-05 0.6407582 4.5708464e-05 0.0011783794 4.4633536e-05 0.00010837518 2.4554896e-05 0.00025690044 0.0017949248 8.734677e-06 5.2159703e-05 4.306497e-06 0.02227331 0.005411091 1.2041835e-05 1.7319477e-06 2.5238026e-06 9.997395e-07 0.0063707875 1.7336515e-06 2.3065322e-05 1.1043883e-06 9.0338233e-07 8.2640356e-05 5.809991e-07 6.4664855e-05 0.00013690452 8.302166e-05 0.00063617044 0.0007204055 2.1740402e-06 9.50422e-07 1.6994524e-07 0.00017130144 2.4849034e-05 2.5053458e-05 0.00053433725 8.639932e-06 2.438816e-06 0.00042265968 7.3438445e-05 0.0005686217 1.4054105e-07 1.2520954e-07 2.3341313e-06 3.6150097e-05 1.5592168e-07 7.0316078e-06 1.1372442e-05 2.9642117e-05 0.0002718178 4.5659104e-07 3.6837795e-05 3.206783e-05 1.0437045e-05 0.0018065098 0.0018391989 1.2551825e-05 0.0003085894 6.657913e-06 6.6111966e-07 0.00020429766 0.0001835372
0.17761403 0.068046294 0.04518651 0.06531058 0.02400464 0.010246862 0.0048548556 0.585865 0.46494746 0.06571429 0.7239647 0.025918985 0.0006953937 0.41126367 0.00043633758 0.00033687404 0.43014833 0.0011894034 0.12114376 0.00066520716 0.010967862 0.04831024 0.00032172425 0.07701867 7.860108e-05 0.0058359276 5.1797884e-22 0.0006420307 0.62998074 0.00036634135 0.26170146 0.0012810562 0.00058871176 0.75437903 0.002178985 0.001684208 0.82290155 0.0011373182 0.00035967855 0.0004106448 0.19948113 0.6866239 0.06430501 0.0749747 0.13870673 0.4202306 0.64238286 0.012541684 0.006726377 0.012258327 0.028799964 0.58938336 0.021100009 0.015133311 0.0015646777 0.0023486456 0.008213625 5.784501e-06 0.025834693 0.0010541514 0.0006199032 0.0038303349 0.00014807582 0.0016443315 3.6619993e-05 0.010522888 0.07623813 0.0012012061 0.00017328614 3.5325316e-05 2.0279336e-05 0.0002426576 0.005337895 0.0068253083 0.0026098837 0.0008284588 4.314437e-05 0.0006504096 0.00077965343 0.00039821543 1.1297686e-06 6.3937364e-06 1.19667475e-05 0.0018119033 2.737706e-07 0.00020735007 2.6310217e-05 0.00010685812 0.00033802987 9.938775e-06 0.00038598885 6.18652e-07 0.0003219842 0.00063500216 0.0004166847 3.0632298e-05 0.00012933841 9.4112205e-05 1.2954604e-06 0.001252073 0.0005736977
4.5524837e-05 0.0019548207 0.00025298202 0.0002485803 0.007632324 0.007419868 0.02352995 0.0003240559 0.0011655053 0.00010688074 0.0008810597 2.3670764e-05 0.019965997 0.0029552625 0.07606032 0.060902346 0.0042171087 1.5186273e-05 5.2909956e-05 3.9242655e-05 3.412262e-05 1.6853577e-05 0.56693506 0.08977195 0.005635153 0.6446675 0.0006420307 8.336503e-22 0.00048790165 5.8404006e-05 2.904465e-05 0.00065136986 0.0001459487 7.743918e-05 1.8053628e-05 1.534313e-05 0.00029985022 7.633241e-06 3.694573e-05 0.41882962 1.4897304e-05 8.1824764e-05 1.0250394e-05 1.4648521e-05 1.1801889e-05 4.711342e-05 0.00012215889 7.1483564e-06 6.4213724e-05 2.354986e-06 0.003677728 0.0003437008 5.698292e-06 1.4557268e-06 1.8780903e-06 9.315425e-07 0.00095270853 2.9059847e-06 1.7643371e-05 1.7166498e-06 9.673907e-07 8.9488734e-05 1.097149e-06 9.8040095e-05 4.9739727e-05 0.000116417716 4.863085e-05 8.746325e-05 2.1329404e-06 3.6162667e-06 1.0483986e-06 0.0002943469 7.504217e-05 7.0330902e-06 8.825615e-05 5.351021e-05 8.093054e-06 0.00024727092 1.4811458e-05 0.0019848028 2.3003285e-07 1.5334192e-07 4.4643457e-07 7.678695e-05 1.2719573e-07 6.823612e-06 1.8021785e-05 2.9601635e-05 0.00022982401 1.2906087e-07 4.695289e-05 1.1950495e-05 3.9263956e-05 0.006125637 0.0048732967 2.6399568e-05 0.000443655 3.3704323e-06 1.3411435e-06 0.00036623378 0.00024796068
0.0032931445 0.008196527 0.002659261 0.00535836 0.011022162 0.0031609726 0.0077559357 0.07996796 0.09689035 0.0035147432 0.1974835 0.0009993798 0.0005517483 0.35108873 0.0010498355 0.00069750444 0.5584232 1.6807653e-05 0.0032121472 1.262207e-05 0.0005063028 0.0005706706 0.0004353541 0.46100062 3.2517764e-05 0.022562781 0.62998074 0.00048790165 2.2613264e-24 5.6842207e-05 0.004998577 0.00014831252 0.00010223395 0.06594391 2.222155e-05 2.0290323e-05 0.8178077 6.6948933e-06 3.3745375e-05 0.0016789999 0.0018570406 0.031096026 0.002042166 0.0037891392 0.00077394844 0.005074364 0.07196382 0.00031672578 0.00023239943 0.00010135984 0.22253327 0.26460645 9.483442e-05 6.787432e-05 5.997041e-06 3.16016e-05 0.026634322 1.3153755e-06 6.9048336e-05 7.568657e-07 1.7164566e-06 0.000633345 1.3686136e-07 0.00091145333 0.0001857407 0.0005865765 0.008443106 0.00031241073 1.2311639e-06 4.4074432e-07 1.5190867e-07 0.00031654583 0.00067324325 0.0018983071 0.0008580937 4.7424783e-05 3.219707e-06 0.00019081992 3.558625e-05 0.0004547793 2.497434e-08 2.9633182e-07 8.635546e-07 0.00015308236 1.5003902e-08 8.107151e-06 4.8279464e-05 7.258058e-05 7.880884e-05 3.7417755e-07 8.783606e-05 2.2136362e-06 2.7295308e-05 0.0016072703 0.00068723544 1.973241e-05 0.00026805702 1.1793371e-05 2.454374e-06 0.0004966311 0.00030308604
0.19241264 0.008979822 0.036071382 0.005682165 0.0011934587 0.009740275 0.0003125827 0.008726181 0.0008261873 0.015141647 0.0013926575 0.0034543998 0.0012487054 0.00013583523 0.00037845655 0.00034093476 8.3105544e-05 0.32763007 0.0012874163 0.66335803 0.013280932 0.0003590817 0.00011323522 4.140509e-05 0.020025969 0.00029488356 0.00036634135 5.8404006e-05 5.6842207e-05 1.7791699e-19 0.00025868334 0.26267865 0.97386783 0.00044959568 0.042939514 0.118653804 0.0001939031 0.026804486 0.74190193 2.0297346e-05 9.630809e-05 0.00047872035 0.00021197413 0.0008574786 6.566496e-05 0.0011342891 0.00073795265 0.000117661126 0.013307899 7.331136e-05 1.6913604e-05 0.00011947766 0.00029420853 0.0028518387 0.00015647024 0.00013237452 1.8846817e-05 0.6809337 0.00040043273 5.5932727e-05 3.1167583e-05 0.0075232745 5.0314426e-05 0.015365316 0.055560056 0.002316019 0.0027060085 0.16006331 1.2401675e-05 1.2609715e-05 5.82289e-06 0.02501464 0.0015978634 0.005715038 0.15412585 0.00018703812 7.5307535e-06 3.3559652e-07 0.0028653592 0.01996391 1.5642092e-05 0.0004164231 0.00025421035 0.05054286 1.5684844e-05 0.00023187231 0.043040667 0.04551326 4.3438115e-07 0.00013769013 0.04140451 2.6943288e-09 0.00048142567 0.010470739 0.007273104 0.020882769 0.00058233156 0.032514643 0.030071681 0.022408752 0.012442044
0.34610894 0.01719468 0.020090368 0.04969998 0.0018670063 0.0010739703 8.910458e-05 0.53801596 0.022044972 0.09702165 0.100722276 0.08645973 7.459543e-05 0.0047042198 3.098706e-05 2.7110647e-05 0.0028290614 0.0042877123 0.75967145 0.0011952759 0.13461252 0.73266405 8.316037e-06 4.1107323e-05 9.899961e-06 0.00010144146 0.26170146 2.904465e-05 0.004998577 0.00025868334 1.9471733e-21 0.00015816133 0.00016705724 0.86344135 0.008774691 0.010081411 0.027813427 0.015656682 0.0021656328 1.1881426e-05 0.7386015 0.22422773 0.77789366 0.6990618 0.6875686 0.5984602 0.13184287 0.2844904 0.088251755 0.17461653 2.3328118e-06 0.00830697 0.08541405 0.080318354 0.010233184 0.039782997 6.043798e-05 3.163744e-06 0.0124575915 0.009826321 0.010560442 0.090764016 0.0005378029 0.021837862 0.0002814276 0.19358926 0.0007935101 0.00041273746 0.0026682026 0.0018011933 0.0016348441 0.0011584007 0.06526145 3.177408e-06 0.0013087656 0.018240659 0.0024876634 9.574977e-08 1.8350665e-05 0.00047871534 6.581263e-06 1.9172076e-05 1.0652198e-05 0.0016016456 7.1210175e-06 0.008686373 0.00011931313 0.00028209537 7.8531684e-07 8.639891e-06 0.0001886074 9.573068e-10 0.0029225617 0.0007829815 0.0004394351 0.00088946533 6.293353e-05 0.0015763032 0.00010473045 0.001432698 0.00064081774
