1.09102465e-13 0.9615103 0.13349845 0.9587593 0.5657387 0.0010660498 0.84567696 0.079760544 0.00073919166 0.00053982204 0.27397257 0.07725279 0.34025168 0.90609944 0.976984 0.45509166 0.46517533 0.6963812 0.88905126 0.9754337 0.1692914 0.94987684 0.9879436 0.9615489 0.004548453 0.7617046 0.0055544344 0.70541924 0.029583259 0.6016209 0.09363185 0.96711385 0.9600827 0.98050517 0.9252931 0.023980385 0.7742578 0.91490746 0.97941303 0.9088326 0.977384 0.13639332 0.9606742 0.87411606 0.89172125 0.8761709 0.821638 0.7093928 0.003631044 0.990342 0.9381301 0.98487246 0.40721473 0.12822579 0.9522288 0.24241428 0.91998124 0.017445657 0.8523766 0.9926576 0.60369134 0.4282079 0.99718374 0.56667316 0.9724808 0.9918783 0.8778251 0.99998313 0.0067239692 0.80208766 0.92114216 0.00084615 0.9998982 0.878967 0.7270694 0.9873073 0.8580963 0.8749199 0.8080679 0.7196784 0.94962186 0.71080095 0.70844436 0.9631952 0.43577003 0.2631829 0.7558252 0.99975646 0.9535841 0.8266448 0.87125695 0.77919716 0.36161008 6.587596e-05 0.999387 0.7973808 0.01212968 0.9457444 0.97259146 0.95074296 0.45906824
0.9615103 1.3101058e-10 0.99878377 0.07143485 0.034234364 0.015967438 0.024995314 0.07755867 0.037627712 0.11431893 0.0009281684 0.00024696856 0.00013080538 0.8088405 0.67500454 0.10498463 0.14486478 3.0156385e-05 0.0008829106 0.025264615 0.004771834 0.07577007 0.9095479 0.00037708247 0.06462803 6.822894e-05 0.0045340853 7.4809122e-06 0.00030500264 0.00078382395 0.0006610844 6.6494715e-05 0.0041004336 0.8192531 0.022515379 0.00042637798 0.0012566263 0.0036657017 0.0015090242 3.2650172e-05 5.111702e-06 1.4671526e-06 0.00035793104 0.0034425538 2.3539642e-06 3.9783827e-06 0.005597537 0.00016397126 1.9936288e-06 0.40209097 0.00011187671 0.13409573 4.9891132e-05 3.510999e-05 0.00031739555 2.9735165e-06 1.83174e-06 1.2987235e-06 5.1905386e-07 0.008625834 5.183265e-06 8.834365e-07 0.0005978221 3.932187e-06 4.7544516e-05 0.0001979154 1.7873618e-06 0.20507857 1.0088955e-05 5.374719e-06 7.084044e-07 3.6089335e-05 0.011936299 7.100521e-05 6.548547e-07 1.6834074e-05 0.004503632 5.583216e-07 4.2584827e-05 3.509269e-05 7.4841587e-06 4.3357657e-05 1.903833e-06 1.9472413e-05 3.5643683e-05 5.0397935e-05 1.5480378e-05 6.4515734e-05 2.795795e-07 0.000104162085 4.297307e-06 2.0939408e-06 1.2251027e-06 8.789451e-06 0.007901324 2.9029556e-05 5.0133425e-05 5.342437e-06 7.371912e-07 1.0372004e-05 1.8495341e-06
0.13349845 0.99878377 1.6202642e-16 0.01590666 0.00050072285 0.9999964 0.00086543267 0.0005029584 0.0059931055 0.062469713 3.26709e-06 4.1213107e-07 2.4564616e-07 0.15057269 0.03432021 0.023029089 0.018001862 3.598377e-08 7.924589e-07 0.0045725317 0.0009918759 0.0073562376 0.047837995 1.059188e-06 0.028379057 1.4601086e-07 6.7796565e-05 5.8561676e-09 7.1662777e-07 0.00010063897 7.216226e-05 1.01314555e-07 0.00023133558 0.04308309 0.0005825646 3.5002908e-05 4.2569454e-06 0.00016872287 2.0651253e-06 5.4979115e-08 1.1485928e-09 2.2024513e-09 2.59659e-07 3.3978147e-05 3.5680833e-10 3.2081868e-09 6.1329985e-05 3.3467444e-07 7.550723e-10 0.006678464 1.1863637e-07 0.0021517428 1.16390126e-07 1.8444233e-07 1.4045047e-07 1.1444946e-09 1.534032e-09 5.245151e-09 1.9893344e-10 3.346665e-05 1.0657496e-08 1.3660576e-09 2.6036312e-06 9.104818e-10 7.892579e-09 3.6709187e-07 6.3712173e-09 0.0029934908 4.0911754e-08 6.905979e-09 8.6636365e-10 1.2380387e-06 4.62123e-05 7.277491e-09 1.8623244e-09 7.372748e-09 5.5658904e-05 3.9789687e-09 5.8227205e-09 4.7210613e-09 3.2853191e-09 3.7025888e-08 3.347751e-10 7.333181e-10 1.549423e-09 1.3240038e-08 2.1963255e-10 5.568109e-09 5.6634742e-11 5.802175e-06 1.3076075e-09 4.4373557e-08 2.5016844e-10 4.929612e-08 0.00014459433 4.5080055e-09 1.1347421e-08 5.951847e-10 1.4592307e-10 2.9735447e-10 8.522822e-12
0.9587593 0.07143485 0.01590666 3.510341e-10 0.9341276 0.0005651277 0.9885028 0.5748373 0.019891731 0.0071497587 0.5404203 0.07814987 0.104089454 0.03373157 0.9718404 0.0006516805 0.00082324696 0.0028985213 0.10229645 0.91279876 7.507352e-05 0.00017955848 0.2639302 0.03488055 0.00015682026 0.0057128808 0.030444408 0.00019273187 0.0082133105 2.6833952e-05 2.6583974e-05 0.0025770988 6.207311e-05 0.7753032 0.0025986007 1.9330764e-06 1.48731715e-05 0.00023125927 0.090395294 3.475785e-05 4.9731516e-05 0.0003489535 0.01073418 0.00060879096 1.808886e-06 8.422333e-06 0.0022409032 1.1304493e-05 2.4274368e-06 0.39538178 0.0003285669 0.08087874 1.8818277e-05 8.376993e-06 0.0026071297 9.557365e-07 1.0261911e-06 5.701461e-06 8.7825003e-07 0.0021491447 2.3391522e-06 2.4043557e-06 0.0053956937 2.2927333e-07 4.2213796e-05 0.00095417147 1.4806661e-06 0.25356597 1.3482223e-06 8.049256e-06 6.7438026e-07 7.2054796e-08 0.0014894883 3.568188e-05 1.2249292e-07 8.712469e-05 0.0009777455 1.1628334e-08 6.6871755e-05 9.034251e-06 5.23425e-08 1.3238133e-06 3.1330802e-07 6.229143e-08 6.4284826e-08 2.3545367e-06 1.20812565e-05 7.322465e-05 4.164979e-09 0.000107092244 4.3233788e-07 3.9760952e-08 8.740119e-06 1.3070928e-05 0.00023769042 1.765502e-05 1.9758396e-05 3.22053e-08 2.3801418e-07 5.8507835e-06 8.596843e-07
0.5657387 0.034234364 0.00050072285 0.9341276 1.6863355e-12 6.867257e-05 0.9924685 0.9718026 0.08736942 0.015795235 0.9701497 0.35819823 0.134796 0.0019425357 0.46849075 6.769984e-05 0.00022620008 0.016516231 0.1707905 0.554614 9.4097754e-07 5.3486845e-05 0.01525834 0.03100395 4.8973718e-05 0.0013472443 0.57685226 0.00013846059 0.33584103 7.2321573e-06 4.6293667e-06 0.007212593 2.6156831e-05 0.087976 0.000720889 7.135402e-08 7.099912e-05 0.00018544742 0.012459284 4.8355174e-05 3.23276e-05 3.4112093e-06 0.004398754 0.0002273914 3.2664325e-06 4.203455e-05 0.0003141909 3.1209893e-06 7.7345067e-07 0.016200485 0.00022534314 0.0022451 1.8817351e-06 1.6716649e-05 0.00084106234 1.7116295e-06 9.674968e-07 2.2794777e-07 2.96627e-07 0.00026421295 4.462726e-06 8.888001e-07 0.0013441796 6.568474e-07 1.8216857e-05 0.0004543744 3.2140943e-07 0.0379856 4.018227e-07 2.7967242e-06 5.8373934e-07 6.1720287e-09 0.00096825015 1.5646001e-05 1.5489815e-07 1.9120747e-05 0.0005338001 5.755619e-09 6.54258e-05 2.9262319e-05 4.2420703e-07 1.6835093e-06 8.557744e-07 8.3863097e-07 1.7013994e-06 2.3199239e-06 6.3650996e-06 5.4991368e-05 1.5656299e-07 8.158423e-05 3.0399904e-06 4.1081357e-08 2.276831e-07 5.6490485e-06 0.00020928608 2.8969305e-06 1.3963099e-05 8.1071323e-07 2.2020673e-07 7.855007e-06 8.064304e-07
0.0010660498 0.015967438 0.9999964 0.0005651277 6.867257e-05 1.6663815e-15 1.7953735e-05 0.00034113132 0.0026503224 0.9999992 3.5173534e-07 1.2534096e-07 4.109703e-08 0.0009849851 0.0010820422 0.00067669246 0.00034568826 1.561999e-08 8.752554e-08 0.000110644825 3.732168e-05 6.903359e-05 0.00065703265 8.384325e-07 0.0029539226 5.928748e-07 7.30891e-05 1.2486807e-08 1.8603187e-07 1.2264628e-05 4.2428046e-06 1.0922778e-06 1.2934166e-05 0.0006564267 7.275445e-05 4.525769e-06 4.0725348e-07 1.2490341e-05 1.0902515e-06 2.7804396e-07 4.3906386e-08 2.3241843e-10 4.907578e-07 9.3994606e-07 3.2180246e-08 1.639568e-07 2.9939872e-06 1.9361178e-07 2.4116131e-09 0.00019171773 3.405321e-07 6.0013757e-05 3.7726662e-07 8.825863e-08 1.4220164e-07 1.806874e-08 2.5166425e-08 8.042997e-09 3.2431446e-09 2.4231024e-06 1.6553884e-08 8.3839495e-09 7.368405e-07 1.001109e-07 1.1476168e-08 7.102976e-08 1.9963122e-07 0.00013624624 1.0176032e-08 4.7359694e-07 2.6958002e-08 2.831323e-07 4.07086e-06 9.22289e-09 1.0099327e-08 2.8708185e-09 3.1590705e-06 5.1518132e-08 4.7792637e-09 1.5080133e-08 1.9592092e-07 1.7212078e-07 2.0851326e-08 2.0611507e-08 5.4538887e-08 1.19101834e-07 1.5604706e-09 1.9382783e-08 2.4692082e-09 6.2344734e-06 3.3459497e-07 2.9934192e-08 7.0863275e-09 2.992854e-08 4.362599e-06 7.4085107e-09 2.5593769e-08 1.9464771e-08 7.340364e-09 1.1948231e-10 5.8891434e-09
0.84567696 0.024995314 0.00086543267 0.9885028 0.9924685 1.7953735e-05 4.748103e-11 0.5605407 0.010158304 0.0021724757 0.8947898 0.67321074 0.7602707 0.0007904927 0.7187201 4.4668584e-05 9.1297e-05 0.040205143 0.3969436 0.88586235 2.1891408e-06 1.2718604e-05 0.024132427 0.11159009 3.1868794e-06 0.01844573 0.09603136 0.0010491189 0.050987616 2.3702896e-06 1.0121726e-06 0.01062359 7.216607e-06 0.30293453 0.00031676842 3.5811507e-08 2.1540372e-07 1.7911527e-05 0.080967665 8.990254e-06 0.00012292973 0.0015559001 0.017608343 2.4151674e-05 3.3562228e-06 6.339946e-06 0.00023911869 1.8202806e-07 4.3103367e-07 0.10763369 0.00055802194 0.0109495735 4.8788974e-07 2.7187814e-06 0.0028472748 2.225855e-06 8.269838e-07 4.8325063e-07 1.126874e-06 0.000377804 2.0641803e-06 9.616427e-07 0.00741697 2.4392971e-08 2.6334794e-05 0.0010375654 4.284991e-07 0.15669101 1.3531584e-06 1.3109646e-06 2.2440538e-07 1.9144366e-08 0.00047086587 1.0390725e-05 7.067609e-08 2.9771674e-05 9.873075e-05 4.661434e-09 3.2186894e-05 2.2944207e-06 3.1964856e-08 8.078883e-07 3.6356988e-07 4.4076135e-08 1.0753369e-07 2.0640543e-06 8.3186103e-07 6.8360234e-05 9.53186e-09 2.243305e-05 1.7579347e-07 3.5633402e-08 5.4363034e-07 1.1905659e-06 2.1564254e-05 8.780529e-06 1.5927219e-06 4.892472e-08 1.8606806e-07 6.1992176e-07 1.4238761e-06
0.079760544 0.07755867 0.0005029584 0.5748373 0.9718026 0.00034113132 0.5605407 3.0332094e-11 0.9982789 0.07462637 0.7871663 0.10153249 0.03797098 0.00067695166 0.20579639 2.0676114e-05 5.943065e-05 0.0025564658 0.016982425 0.21325655 1.3918727e-06 0.00013511906 0.0077444944 0.0037988562 6.5467143e-06 0.00022382695 0.97071326 5.247103e-05 0.9059357 3.8241987e-07 3.6764527e-06 0.0007577252 9.251252e-06 0.0193853 2.8029313e-05 9.087881e-07 1.0895681e-05 6.1923665e-06 0.0012285613 7.0377796e-06 7.033325e-06 2.6248488e-05 0.00025387868 1.2315367e-05 1.9641931e-07 1.9541235e-06 5.9373338e-06 3.3150815e-08 8.210914e-07 0.0019399457 1.168167e-05 0.00026574076 2.1157935e-07 9.434455e-06 0.000120762976 3.7680763e-06 8.9057085e-07 1.4666502e-06 1.2613177e-07 7.3261675e-05 1.0609572e-06 4.6602715e-08 0.0005973049 8.355096e-07 1.5167423e-06 0.0001298643 4.8177604e-08 0.009487292 4.947267e-07 7.412727e-08 1.7418015e-08 5.968072e-07 0.000453628 2.545995e-06 1.2960301e-06 1.5262507e-06 5.4979937e-05 4.5104333e-08 3.458909e-06 5.764123e-07 1.2116718e-06 2.5738591e-05 4.6897173e-07 3.3596525e-06 7.285516e-06 3.1946678e-05 1.2973216e-07 5.4118464e-05 9.720099e-09 2.8501229e-06 1.1299508e-06 8.896885e-08 3.5389025e-08 2.7613642e-06 8.405615e-05 5.7497056e-07 1.26605055e-05 2.2683084e-06 1.9484382e-08 9.007734e-08 1.5181611e-07
0.00073919166 0.037627712 0.0059931055 0.019891731 0.08736942 0.0026503224 0.010158304 0.9982789 3.3338694e-12 0.9989151 0.07088224 0.0055519952 0.00065411604 0.0002705041 0.0062735854 9.93776e-06 7.830236e-06 6.319745e-05 3.149684e-05 0.0015161724 6.4067035e-07 1.0786256e-07 0.00043254188 2.7887249e-05 3.0574163e-05 2.5643061e-05 0.77532834 3.699158e-06 0.79222864 4.4629873e-09 6.3746216e-07 1.6938225e-06 1.0986862e-06 0.00034661934 4.1167564e-06 6.985985e-07 5.952353e-08 7.484968e-07 1.8522076e-05 1.6797638e-07 4.3921153e-07 6.2799386e-06 7.032433e-06 2.7552142e-06 1.0075507e-08 5.687246e-07 2.4634915e-06 5.4422262e-09 1.0649841e-07 4.1758853e-05 5.307734e-07 5.1053203e-06 2.7618763e-09 2.624979e-07 9.392992e-07 7.8605194e-07 1.498857e-08 2.3965572e-07 8.7884616e-10 1.1668776e-05 2.5434358e-07 7.604971e-09 3.1157655e-05 9.4919145e-08 1.7964848e-07 6.1071864e-06 5.150985e-09 0.0004193075 5.4773963e-08 3.592192e-08 4.290204e-09 9.8593986e-08 1.9086314e-05 5.179828e-07 3.044396e-07 2.9642794e-07 5.392164e-06 1.4998266e-08 2.7588138e-08 1.3044901e-07 1.6221632e-08 9.794472e-08 4.325133e-08 8.582425e-09 7.768426e-08 2.51136e-07 1.7227447e-07 2.5820939e-06 1.3296219e-08 3.3315548e-05 3.5437385e-08 2.735308e-07 5.238263e-07 5.36714e-07 2.4731687e-06 1.4704926e-07 6.6889515e-06 8.124725e-07 2.4932648e-08 4.2475573e-08 6.628292e-07
0.00053982204 0.11431893 0.062469713 0.0071497587 0.015795235 0.9999992 0.0021724757 0.07462637 0.9989151 1.7675357e-14 0.0020520682 0.00019644339 9.9973e-05 0.00047424014 0.0041180174 0.00014088333 5.3823434e-05 2.334149e-06 6.373962e-06 0.00030588472 2.74774e-05 6.0168345e-06 0.0006412395 2.1696336e-05 0.0018680007 6.5520358e-06 0.4275496 3.755353e-07 0.0001657014 1.8169984e-06 3.5062928e-06 7.1572517e-06 4.139022e-06 0.0004037235 5.6485683e-06 8.538802e-06 2.2724147e-07 1.1571914e-06 5.960695e-05 1.4144071e-07 1.9493882e-06 4.6038693e-08 6.3441976e-06 7.185237e-06 1.3848191e-07 5.3149033e-06 1.6596138e-06 1.0851754e-07 6.351098e-10 7.4295116e-05 6.0543886e-07 2.1062813e-05 4.4979842e-08 1.321566e-07 1.0089468e-06 1.1620512e-07 2.7308728e-08 1.2517641e-08 9.577456e-09 5.511976e-06 3.1730806e-08 4.1022687e-09 9.682912e-06 2.1363194e-08 8.2991214e-08 3.6074248e-06 2.878541e-07 0.00030633778 1.2533075e-08 6.776514e-07 1.2391625e-07 1.0281546e-07 2.2428003e-05 6.4988896e-08 1.4205491e-08 1.6680927e-07 2.5150594e-06 5.550634e-09 2.868131e-07 2.3831639e-08 7.9187444e-08 1.9684704e-07 1.8956836e-08 8.426996e-09 1.6870361e-07 7.107045e-07 1.5703215e-08 2.4640838e-06 2.1111767e-08 6.746328e-06 6.753627e-08 6.7624306e-08 4.5775312e-08 1.8605006e-08 2.4558142e-06 7.8407275e-08 2.4064176e-08 1.45256e-07 3.7475054e-08 8.590598e-09 1.6768762e-09
0.27397257 0.0009281684 3.26709e-06 0.5404203 0.9701497 3.5173534e-07 0.8947898 0.7871663 0.07088224 0.0020520682 1.5303758e-13 0.9984183 0.5749704 0.00043397828 0.13419728 1.0845949e-05 2.3451596e-05 0.11555301 0.247195 0.2274822 1.4708812e-07 6.5259314e-06 0.00073998695 0.037604287 5.844111e-07 0.004988112 0.94565004 0.00015268316 0.83684045 2.914298e-07 3.8984973e-07 0.008413949 1.866374e-06 0.008578352 7.993036e-05 2.3106654e-08 8.389169e-08 3.4738741e-06 0.008529577 1.557573e-05 0.00010379696 1.027061e-05 0.0018322994 2.9818543e-06 2.1802089e-06 7.1458758e-06 4.635675e-06 5.0317517e-08 2.2198314e-07 0.0030498116 7.8044824e-05 0.00027250923 7.891574e-08 7.777234e-06 0.00039628937 2.8576767e-07 3.26788e-07 2.2087313e-06 5.289215e-07 5.4591943e-05 3.998466e-06 1.2292966e-07 0.0006820922 5.9355705e-07 5.1915117e-06 0.00027078853 2.0645237e-07 0.0097571025 1.1859289e-06 3.578015e-07 3.0593366e-08 1.2785191e-08 1.791773e-05 6.98143e-07 7.0339183e-07 2.2567197e-06 2.0163905e-06 5.227336e-08 1.5034534e-07 1.3341025e-07 1.7387917e-07 7.9952696e-07 7.2449584e-09 1.138604e-07 9.373139e-08 4.6399362e-07 1.002731e-08 1.0246772e-06 1.0846637e-08 7.895858e-06 6.6782087e-07 7.407706e-09 5.4969366e-08 1.0583672e-06 2.0743799e-05 3.2469405e-08 4.4099766e-06 1.4001411e-07 1.8485657e-08 1.3568115e-08 5.468378e-08
0.07725279 0.00024696856 4.1213107e-07 0.07814987 0.35819823 1.2534096e-07 0.67321074 0.10153249 0.0055519952 0.00019644339 0.9984183 2.543139e-15 0.9995006 4.8088397e-05 0.018098457 2.5613156e-06 3.4767147e-06 0.21299194 0.25438985 0.09054439 2.9978344e-07 2.5180111e-06 0.00019976238 0.019672908 6.568211e-07 0.01921012 0.2482929 0.000974446 0.16937923 2.2348301e-07 2.4916105e-08 0.011527685 1.0076575e-06 0.0033083046 1.621063e-05 5.5662216e-08 1.2983885e-07 2.0608687e-07 0.002801313 2.0613092e-05 4.852638e-05 0.00012639689 0.00078065565 1.4076122e-06 2.3832456e-06 1.3734331e-05 5.2305527e-06 3.1612421e-07 1.5695034e-07 0.0005721282 5.755944e-05 8.077936e-05 1.7351566e-08 5.7736106e-06 0.00027018698 3.7771264e-07 1.1069146e-06 8.6610146e-07 8.767926e-08 2.0524214e-05 2.394651e-06 4.132382e-07 0.0006030199 1.2956772e-07 1.3173412e-06 9.7587304e-05 1.4142811e-06 0.00326669 3.0080194e-08 2.7481394e-06 5.26556e-07 8.058138e-09 4.9531986e-06 3.4631635e-06 1.5353156e-07 7.6915685e-06 1.1275508e-05 2.7357263e-08 5.739691e-07 2.393775e-07 1.7591707e-07 3.2302236e-07 6.6659718e-09 7.1109056e-08 1.7054596e-07 7.408723e-07 9.019266e-09 5.622344e-07 3.5528598e-09 9.15543e-07 7.838055e-07 1.3800035e-08 3.992779e-07 4.938094e-07 2.3593437e-07 5.570364e-08 3.2964138e-07 3.905428e-08 3.4462982e-08 1.0498133e-08 9.2408555e-08
0.34025168 0.00013080538 2.4564616e-07 0.104089454 0.134796 4.109703e-08 0.7602707 0.03797098 0.00065411604 9.9973e-05 0.5749704 0.9995006 5.322317e-16 4.848361e-06 0.12060983 7.3937905e-08 2.4563176e-06 0.9662552 0.93305 0.5375512 1.218295e-08 9.339406e-09 0.00012967187 0.3664109 6.271906e-08 0.19205697 0.33761826 0.020564457 0.3445288 1.2422566e-09 1.1653174e-09 0.32928914 5.8455466e-08 0.01012569 3.2361024e-06 4.9850364e-09 1.3747138e-10 6.160282e-08 0.067939155 0.00012294743 0.0010222689 0.00039917813 0.013799677 4.767712e-08 8.793267e-06 3.1799467e-05 5.973402e-07 6.741449e-09 5.4282605e-06 0.0035066025 0.0006983878 0.00017634178 1.2060676e-10 2.5037396e-06 0.0027849139 6.1523656e-07 2.0770888e-06 1.2336144e-06 1.5038606e-07 1.1776344e-05 9.5000877e-07 6.3467184e-07 0.006156034 9.291207e-08 1.7249611e-05 0.0012342535 3.0502778e-07 0.013449201 1.4771515e-08 9.041373e-07 4.6986796e-07 2.1723747e-09 1.1989565e-06 5.105758e-06 1.6449604e-07 1.1620093e-05 5.521165e-07 1.2699568e-08 7.4031084e-07 4.92808e-08 1.2917833e-07 1.0811302e-07 9.254998e-09 6.740179e-08 4.0320653e-09 1.8891287e-08 3.42753e-08 6.171785e-06 1.1340389e-08 3.6384768e-07 1.0292985e-07 1.3611133e-09 1.5561988e-06 5.2199414e-07 5.300672e-07 4.417408e-07 7.6087325e-08 3.1535365e-07 1.216517e-07 2.148545e-07 9.007734e-08
0.90609944 0.8088405 0.15057269 0.03373157 0.0019425357 0.0009849851 0.0007904927 0.00067695166 0.0002705041 0.00047424014 0.00043397828 4.8088397e-05 4.848361e-06 7.494949e-14 0.82598966 0.7558571 0.9956262 4.7413522e-07 0.00113523 0.055566456 0.0155971525 0.19038403 0.980138 0.0006020003 0.021260418 3.0156009e-05 9.3654955e-05 8.308517e-07 1.921748e-06 0.0010774008 0.0015434723 5.5174176e-05 0.008747566 0.72231364 0.16029139 0.00015296269 0.0008609422 0.00415525 0.01438235 2.053548e-06 6.441047e-07 3.459219e-08 0.0015460682 0.0032120934 5.444905e-09 6.697553e-07 0.0031715864 3.0481333e-06 4.174143e-08 0.49937558 4.8471982e-05 0.5317152 2.1292526e-05 9.314918e-07 0.0010107779 4.2715243e-08 1.2468655e-07 2.084077e-06 4.4425217e-08 0.00831019 2.5952608e-07 1.5880663e-07 0.005211784 1.8859221e-07 1.9439904e-05 0.0013521202 1.4393194e-07 0.13268577 1.2324056e-06 1.1537028e-06 4.5638944e-07 4.028278e-06 0.004054867 3.345085e-05 5.871053e-09 1.347926e-05 0.0007266102 1.1570369e-08 2.1147449e-05 4.2296383e-06 1.6737008e-08 3.935475e-07 3.1247087e-08 2.4241817e-08 1.1690608e-07 1.0558216e-06 1.8905112e-06 1.6375365e-05 6.4101995e-09 1.6336042e-05 1.9347944e-07 9.511859e-10 2.6011544e-06 7.722644e-08 0.00086483784 1.6349744e-05 1.7084794e-07 6.4679534e-07 2.1340592e-08 7.4842947e-06 1.3482435e-07
0.976984 0.67500454 0.03432021 0.9718404 0.46849075 0.0010820422 0.7187201 0.20579639 0.0062735854 0.0041180174 0.13419728 0.018098457 0.12060983 0.82598966 3.7814866e-13 0.011914094 0.010240574 0.0018728545 0.12835623 0.9660844 0.00021417726 0.0038308443 0.84874934 0.064570874 0.00027273933 0.023504337 0.0016256022 0.00019206104 0.0005774118 0.00050587207 0.00013237426 0.0025132957 0.0013655062 0.90598917 0.036072183 4.1340672e-06 5.703612e-05 0.002221024 0.11028032 7.167419e-05 5.6942095e-05 0.0005977289 0.008711879 0.0020365978 7.227827e-06 2.4990772e-05 0.0043759565 8.438344e-05 7.118139e-08 0.5624057 0.0003085838 0.14046709 0.000108456035 1.37379e-06 0.0059626144 1.7183156e-06 1.0114912e-06 3.4660826e-07 6.22308e-06 0.013616967 9.508487e-06 2.0185282e-06 0.012245556 1.0253854e-07 6.858716e-05 0.002812021 5.731373e-06 0.18081073 7.4628547e-06 1.8008548e-06 1.4870852e-06 4.7451337e-07 0.005571353 3.4617788e-05 1.7249215e-07 0.00018900391 0.0011575056 5.4186035e-08 0.00020331434 9.0202644e-05 1.6612917e-07 1.7682611e-06 9.458521e-07 3.6350784e-07 1.05631344e-07 9.016196e-07 1.6140042e-05 6.123251e-05 8.120084e-09 6.0784473e-06 3.9867822e-07 3.173739e-07 5.935531e-07 1.1501587e-06 0.0008946553 0.0001241722 1.3112935e-06 2.6456664e-08 2.8920186e-07 1.1466798e-05 2.2538664e-07
0.45509166 0.10498463 0.023029089 0.0006516805 6.769984e-05 0.00067669246 4.4668584e-05 2.0676114e-05 9.93776e-06 0.00014088333 1.0845949e-05 2.5613156e-06 7.3937905e-08 0.7558571 0.011914094 1.8928426e-13 0.99768496 6.703856e-08 1.996956e-05 0.0007844682 0.99663275 0.60049796 0.26628688 6.252184e-05 0.68584603 3.154278e-06 1.6082224e-05 1.15061894e-07 1.2249782e-07 0.0194757 0.28063986 2.2977283e-05 0.01177428 0.039385885 0.05158863 0.00050352927 0.0009333526 0.001128594 0.00014989801 3.6174993e-07 6.5857296e-07 3.7010053e-09 3.755719e-05 0.00039302057 1.246097e-08 2.5877216e-06 0.0010845289 9.251768e-07 5.588711e-08 0.017154636 1.0025862e-05 0.06881246 1.37615225e-05 5.567844e-07 2.893909e-05 6.2442375e-08 1.4190746e-06 1.3273282e-07 3.0062686e-09 0.0013645696 3.0236353e-07 6.9973105e-08 0.00032199742 1.0491199e-06 1.0485572e-05 9.265613e-05 2.1977314e-08 0.019238338 1.1956954e-06 5.933177e-07 1.4684852e-08 4.092155e-06 0.003937422 3.2128563e-07 9.879108e-08 9.3071395e-07 0.00018953423 8.8510114e-07 2.9252034e-08 5.08399e-08 2.7041392e-07 4.864678e-06 8.52277e-09 8.799356e-08 1.2015583e-06 6.5989484e-06 3.5554968e-09 7.146694e-06 2.0213258e-09 1.4301785e-06 1.8346623e-07 4.5441855e-09 3.796342e-07 1.095787e-07 6.1587234e-05 1.9919106e-08 2.1573327e-05 1.16122266e-07 9.530401e-10 3.338808e-08 5.5900863e-08
0.46517533 0.14486478 0.018001862 0.00082324696 0.00022620008 0.00034568826 9.1297e-05 5.943065e-05 7.830236e-06 5.3823434e-05 2.3451596e-05 3.4767147e-06 2.4563176e-06 0.9956262 0.010240574 0.99768496 2.7231119e-12 2.5718074e-07 9.407215e-06 0.0012236217 0.16523999 0.87601125 0.69283646 4.650711e-05 0.043456227 7.94638e-06 3.0143963e-05 8.1157185e-07 3.5280598e-07 0.07179466 0.1359652 3.854227e-06 0.053665318 0.092441775 0.24243231 0.0028757441 0.0054764417 0.011243654 0.00052387227 2.1231401e-06 8.8481596e-07 4.0302062e-08 7.2036564e-05 0.0030759673 1.0930838e-07 4.9770542e-06 0.0054082894 0.00019389922 9.596495e-08 0.042874046 1.03333305e-05 0.160328 0.00071329565 3.5698674e-06 0.0001429884 1.0276091e-06 1.2445597e-07 2.1008395e-06 7.2105664e-08 0.008935034 7.131507e-07 1.06110335e-07 0.00078386016 3.6611975e-06 1.3033946e-05 0.00018728286 3.7190182e-07 0.01463876 1.2631199e-05 2.0678765e-06 3.3065362e-07 1.977274e-05 0.0037565983 1.031186e-05 7.692745e-07 3.7351056e-05 0.00064811116 4.062134e-06 1.5434518e-05 4.649981e-06 1.8872895e-07 2.8569875e-05 1.2016424e-07 2.0914758e-06 3.3639517e-06 2.2243963e-05 3.6203156e-07 3.5229732e-05 7.4508435e-08 5.4237924e-05 1.480412e-06 1.0474353e-06 6.87777e-07 9.4415964e-07 0.00015931958 9.759856e-07 5.5558753e-06 2.4371955e-06 8.690025e-08 2.7678318e-06 2.0640562e-06
0.6963812 3.0156385e-05 3.598377e-08 0.0028985213 0.016516231 1.561999e-08 0.040205143 0.0025564658 6.319745e-05 2.334149e-06 0.11555301 0.21299194 0.9662552 4.7413522e-07 0.0018728545 6.703856e-08 2.5718074e-07 3.2163592e-13 0.82355666 0.08846369 5.5124625e-09 2.6043015e-08 2.6615073e-05 0.6314083 2.7963787e-09 0.95651186 0.5963775 0.9333936 0.99467576 1.7557297e-09 2.1597646e-10 0.8387103 1.621765e-07 0.00031564478 1.9546125e-07 3.1758294e-08 6.006015e-10 1.25926425e-08 0.20982732 0.0013074968 0.002597554 0.0023759264 0.063708074 1.8063906e-09 0.000109540015 0.0003708114 4.2776453e-09 3.9965672e-10 3.3657572e-05 0.00018239778 0.0005064093 5.9675824e-07 2.428667e-11 2.5726858e-05 0.0059057893 3.7534253e-06 8.887895e-06 2.9154976e-06 3.40163e-07 5.8671603e-08 9.048654e-07 5.104336e-08 0.0073904432 4.0779682e-07 4.069198e-06 0.0005878907 3.898107e-07 0.0014068286 2.2865565e-08 1.6482321e-06 1.5915792e-07 4.6853312e-09 1.6030949e-06 1.8729677e-06 8.7637926e-07 3.281257e-06 4.81324e-07 4.9155216e-07 7.77654e-07 1.0785952e-06 6.3897596e-07 1.10368865e-05 1.3433073e-07 6.991344e-07 8.612131e-07 3.9985234e-06 4.836407e-07 5.7925163e-06 7.2959104e-08 3.870128e-06 3.4861986e-07 4.282633e-09 6.3788724e-07 3.4182722e-08 2.8500917e-05 2.5838563e-07 4.846947e-06 1.1034545e-06 1.8258364e-06 2.4993676e-07 4.9239556e-08
0.88905126 0.0008829106 7.924589e-07 0.10229645 0.1707905 8.752554e-08 0.3969436 0.016982425 3.149684e-05 6.373962e-06 0.247195 0.25438985 0.93305 0.00113523 0.12835623 1.996956e-05 9.407215e-06 0.82355666 6.495874e-13 0.6328202 2.8470447e-08 2.9800772e-06 0.0021672454 0.991985 3.8243732e-07 0.94362956 0.0042773667 0.677379 0.031551126 4.9149736e-07 6.0010514e-08 0.8207416 3.976152e-06 0.049949657 0.00013229906 5.2970307e-08 6.436665e-08 3.753198e-05 0.5131203 0.012264642 0.003928692 0.42782608 0.12596825 2.0838339e-05 0.00114753 0.0016134648 7.429376e-05 5.9255736e-08 7.3542487e-06 0.031194344 0.0024519095 0.0024004576 7.1279374e-07 7.8835226e-05 0.009293943 0.0004646767 0.00029789723 1.3070417e-05 0.0002411999 0.00027473693 7.128496e-05 4.0766892e-05 0.012169092 0.00018939328 0.00031023388 0.0042160125 4.3946795e-05 0.042566705 3.1183995e-07 1.1308407e-05 4.789103e-06 3.3273903e-08 3.392168e-05 0.00011348116 3.7602001e-06 0.00015227469 7.746078e-06 1.7518043e-07 2.302003e-05 1.4753095e-05 1.3507415e-05 1.2267121e-05 8.47531e-06 6.098543e-06 8.0526763e-07 1.985754e-06 9.8265455e-06 3.685385e-05 9.328906e-08 1.1391851e-07 6.4265887e-06 6.8260033e-09 1.8502134e-06 9.782333e-07 3.6417596e-06 9.815316e-06 9.739424e-06 1.0117789e-06 2.9776666e-07 1.6143904e-05 1.0564742e-06
0.9754337 0.025264615 0.0045725317 0.91279876 0.554614 0.000110644825 0.88586235 0.21325655 0.0015161724 0.00030588472 0.2274822 0.09054439 0.5375512 0.055566456 0.9660844 0.0007844682 0.0012236217 0.08846369 0.6328202 4.086948e-12 2.6512576e-05 0.00043929892 0.3495192 0.87374306 2.7956274e-05 0.15296789 0.0029514348 0.0048966855 0.0057150326 5.957433e-05 1.3472038e-05 0.23854496 0.00016504216 0.85171014 0.0034459599 4.108714e-07 1.7791461e-06 0.00032416315 0.8600163 0.0021774154 0.0025390214 0.010359504 0.16089159 0.0003175218 0.00055529963 0.0011490313 0.0016757455 1.2655772e-05 3.774714e-07 0.5216148 0.004271817 0.047239948 2.8316942e-06 2.998409e-05 0.03611045 0.00011050732 3.095537e-05 4.4128374e-06 0.00022227285 0.008162023 9.620886e-05 2.5451927e-05 0.06711879 1.07308315e-05 0.0001746687 0.010429226 8.100501e-05 0.3104176 1.229357e-06 1.3487825e-05 2.4631543e-05 5.2250037e-08 0.0018950485 9.4017196e-05 3.2622704e-06 0.0003988463 0.00022776534 3.4579804e-07 0.00025246502 5.7318142e-05 5.423194e-06 1.2983923e-05 2.168987e-06 6.7084684e-06 1.0750924e-06 4.1092176e-06 6.300278e-05 0.0006290861 2.9532393e-08 1.0506978e-06 4.005267e-06 7.032593e-08 3.1593959e-06 1.1490603e-06 8.817371e-05 0.0002333602 2.7321155e-06 1.860693e-07 8.6739584e-07 3.792973e-05 2.1754547e-06
0.1692914 0.004771834 0.0009918759 7.507352e-05 9.4097754e-07 3.732168e-05 2.1891408e-06 1.3918727e-06 6.4067035e-07 2.74774e-05 1.4708812e-07 2.9978344e-07 1.218295e-08 0.0155971525 0.00021417726 0.99663275 0.16523999 5.5124625e-09 2.8470447e-08 2.6512576e-05 7.4350243e-13 0.86852974 0.015877765 1.8856513e-06 0.9980741 9.1988215e-07 3.6388482e-07 4.78077e-08 1.00829716e-07 0.091998674 0.62111104 4.1170544e-08 0.04511408 0.0009828302 0.01095067 0.009978123 0.032300703 0.0043572816 1.1124234e-05 3.815503e-07 1.8186772e-07 1.9579046e-08 3.9449314e-06 0.0003850972 1.192518e-08 8.713029e-08 0.0008400478 0.0001354053 3.2199033e-08 0.0007163982 1.8473904e-06 0.0059094373 4.8248443e-05 1.5816147e-06 4.6979585e-07 7.0279907e-07 5.9601916e-08 7.992978e-08 2.6879587e-09 0.00048488335 8.083218e-08 8.54996e-09 8.616892e-06 6.085181e-08 5.0295375e-07 7.700001e-06 5.759158e-08 0.002200065 1.5720905e-05 8.6289134e-08 5.9125647e-09 5.2559975e-05 0.0010442373 2.2733845e-08 7.85832e-08 8.093802e-08 0.00051428186 2.3038313e-08 1.1372637e-09 1.7444679e-08 8.328461e-07 1.118141e-06 1.8041396e-08 8.2729616e-07 1.4865434e-08 1.8215118e-07 6.9711664e-10 2.4844223e-07 5.8034284e-09 6.414367e-06 1.3861376e-07 1.7234656e-06 3.677301e-08 1.7437129e-06 8.028797e-05 6.557186e-08 6.784274e-07 4.8191464e-07 3.0615068e-09 3.2462836e-08 2.6701473e-08
0.94987684 0.07577007 0.0073562376 0.00017955848 5.3486845e-05 6.903359e-05 1.2718604e-05 0.00013511906 1.0786256e-07 6.0168345e-06 6.5259314e-06 2.5180111e-06 9.339406e-09 0.19038403 0.0038308443 0.60049796 0.87601125 2.6043015e-08 2.9800772e-06 0.00043929892 0.86852974 2.1498624e-11 0.51774013 1.040683e-05 0.15032767 4.8452043e-06 1.5384861e-05 3.4226025e-07 2.3786329e-07 0.9852352 0.87708145 8.038367e-07 0.93742424 0.10177507 0.8857858 0.1483464 0.55214167 0.30038562 0.00066814804 5.8229875e-07 1.6035352e-06 1.1726339e-07 7.659694e-05 0.07394547 7.250879e-08 4.5670993e-07 0.050304748 0.0057755797 2.6125556e-06 0.2146031 8.761692e-06 0.69664544 0.008264588 1.2501274e-06 0.00015683506 3.3626497e-06 4.0378392e-08 2.6125979e-06 1.0029069e-08 0.092731 7.005791e-08 4.8570474e-08 0.0008514034 1.1432212e-06 6.205088e-06 0.00021342059 1.6424787e-07 0.08646499 3.4211604e-05 7.011298e-08 4.6001038e-08 6.738859e-05 0.0685578 2.2609977e-06 1.8873418e-07 3.2236534e-05 0.008216284 1.5807589e-07 3.7228026e-06 1.4572797e-06 4.999448e-07 1.7384652e-07 5.065375e-07 4.438454e-07 8.500155e-09 4.3651355e-07 7.914407e-07 2.4205654e-05 3.3877082e-08 0.00021966758 5.7424114e-07 6.0011375e-06 1.6075192e-06 2.8672412e-06 0.002095686 6.7190967e-06 5.7296575e-06 1.7966681e-07 1.6367855e-07 1.755735e-05 1.535178e-07
0.9879436 0.9095479 0.047837995 0.2639302 0.01525834 0.00065703265 0.024132427 0.0077444944 0.00043254188 0.0006412395 0.00073998695 0.00019976238 0.00012967187 0.980138 0.84874934 0.26628688 0.69283646 2.6615073e-05 0.0021672454 0.3495192 0.015877765 0.51774013 4.2942643e-13 0.0024677806 0.0006527112 0.0010866042 7.1632305e-05 3.3266115e-05 5.9628064e-06 0.027857753 0.0028726235 0.00094760925 0.0962526 0.88643175 0.6009063 8.528837e-05 0.0025224362 0.026414258 0.042625077 0.00010236428 0.0001010772 2.4512829e-05 0.005727981 0.012137162 2.6706339e-06 1.9332248e-05 0.05175609 0.0011863583 1.0864277e-08 0.7860352 0.00036831998 0.68627363 0.0010864165 3.8018586e-06 0.00699515 8.5413546e-07 2.2254305e-06 5.5356345e-08 5.8025184e-06 0.10826724 1.1513018e-05 1.4871874e-06 0.020253563 4.6452848e-07 8.2854844e-05 0.005479762 1.6089942e-05 0.21198069 4.5971858e-05 4.4749104e-06 1.4761545e-06 4.7566446e-06 0.04402167 0.00010134959 1.3315058e-07 0.00038884167 0.009610066 8.215899e-08 0.00046552593 0.00017457479 2.3424637e-07 1.6743237e-06 3.841792e-07 9.283869e-07 2.2358489e-07 6.0826017e-07 3.619467e-05 0.0004392893 1.1931551e-08 3.297197e-05 2.4010928e-06 8.9891773e-07 1.9099944e-06 5.315828e-07 0.0048732734 0.0006254534 1.1876764e-06 1.417448e-07 5.5042364e-07 0.00021693412 3.8943242e-07
0.9615489 0.00037708247 1.059188e-06 0.03488055 0.03100395 8.384325e-07 0.11159009 0.0037988562 2.7887249e-05 2.1696336e-05 0.037604287 0.019672908 0.3664109 0.0006020003 0.064570874 6.252184e-05 4.650711e-05 0.6314083 0.991985 0.87374306 1.8856513e-06 1.040683e-05 0.0024677806 8.398886e-12 8.4205936e-07 0.70663565 0.0006496232 0.36469775 0.01148397 1.2312132e-06 2.880494e-07 0.9525407 1.1630248e-05 0.11375571 0.0009900552 4.0669633e-08 6.688326e-08 0.00012885727 0.9191576 0.026244825 0.018861867 0.2638419 0.549026 9.5043026e-05 0.0026603644 0.007970931 0.0006012257 4.613201e-06 4.525769e-06 0.08969166 0.025342409 0.009482814 1.0866816e-06 4.2434385e-05 0.055847228 0.00041626132 0.0003340898 1.2149043e-05 0.00016170694 0.0011087949 5.5588673e-05 0.000101241974 0.06065466 0.00016804457 0.0011167189 0.025104089 0.00014366432 0.09141585 6.3054165e-07 6.607018e-05 6.095872e-05 8.206092e-09 0.0005384151 0.00031630983 1.2911651e-05 0.00070675457 0.00013288058 4.1805692e-06 0.00064861326 0.0001308272 2.5543513e-06 3.2664626e-05 3.6851059e-06 1.6761442e-05 8.4127674e-07 2.2400504e-06 0.00011213435 0.0003741667 3.614984e-08 1.4798644e-06 3.2182916e-06 1.1511529e-08 3.4955872e-05 1.9000637e-06 6.393825e-05 0.00023321269 7.765835e-06 5.0679216e-07 2.9431149e-06 4.8434606e-05 3.6061072e-06
0.004548453 0.06462803 0.028379057 0.00015682026 4.8973718e-05 0.0029539226 3.1868794e-06 6.5467143e-06 3.0574163e-05 0.0018680007 5.844111e-07 6.568211e-07 6.271906e-08 0.021260418 0.00027273933 0.68584603 0.043456227 2.7963787e-09 3.8243732e-07 2.7956274e-05 0.9980741 0.15032767 0.0006527112 8.4205936e-07 5.9343494e-16 2.2703179e-07 6.992538e-05 1.9946174e-08 3.72126e-07 0.07470402 0.83269066 1.1078705e-06 0.0058333348 0.00017816284 0.00061158946 0.9929786 0.015024904 0.00035817947 4.8472007e-06 2.5309407e-07 4.2931447e-08 8.654198e-08 4.7547732e-07 0.00016615428 1.7720645e-08 7.3213477e-07 0.00010883639 1.06711e-05 4.2073527e-09 6.429583e-05 1.4150532e-07 0.00011211992 1.2477886e-05 6.913069e-07 1.12952684e-07 2.7868293e-07 2.2837064e-08 6.3311e-08 4.816316e-09 2.8778031e-05 2.2543595e-08 1.3561869e-09 1.7852647e-06 1.09353834e-07 3.1419265e-08 4.6214768e-07 4.1505086e-08 0.00022880251 6.06327e-05 5.339431e-08 5.726085e-10 0.003917604 5.0728202e-05 1.3149287e-08 5.0958636e-08 8.9847365e-09 4.9928305e-05 2.8847452e-08 3.072072e-08 9.890151e-09 1.0068788e-07 5.8933523e-07 2.8561171e-08 4.3567614e-08 1.9161271e-07 2.8947446e-07 1.0705675e-09 6.591092e-08 1.5567666e-09 2.1973901e-06 2.830864e-07 5.6656604e-06 1.616504e-09 9.047622e-06 9.729296e-06 4.8653153e-09 5.8543385e-08 2.4450035e-08 2.0752433e-10 2.7160822e-09 1.124555e-08
0.7617046 6.822894e-05 1.4601086e-07 0.0057128808 0.0013472443 5.928748e-07 0.01844573 0.00022382695 2.5643061e-05 6.5520358e-06 0.004988112 0.01921012 0.19205697 3.0156009e-05 0.023504337 3.154278e-06 7.94638e-06 0.95651186 0.94362956 0.15296789 9.1988215e-07 4.8452043e-06 0.0010866042 0.70663565 2.2703179e-07 6.2298006e-14 0.00013243867 0.99990666 0.0050517856 4.1200472e-08 2.3258065e-07 0.94964725 2.4395638e-05 0.030242184 0.0001935181 4.5113646e-07 5.0454755e-06 8.917093e-06 0.3581234 0.009732219 0.013222526 0.0070353746 0.21323611 9.181315e-06 0.002797346 0.001879853 0.00041298 6.0919893e-07 8.2408034e-05 0.015751611 0.008836847 0.0020343626 4.0607722e-07 5.8575362e-05 0.016693892 5.1752464e-05 0.00040557992 1.5052065e-05 0.00013557018 0.00063630275 8.006326e-05 1.6441729e-05 0.009181421 1.6092165e-05 0.00041598314 0.0013894073 7.856631e-05 0.017886283 6.751863e-08 6.729816e-05 4.0104333e-05 6.3122414e-08 0.000739235 0.00014107948 3.5851074e-06 0.00012092628 0.0003724749 1.5005047e-06 0.00029824176 8.165779e-05 1.0439484e-05 2.8753682e-06 8.401803e-06 1.4910884e-06 5.2559144e-06 1.4736352e-06 1.2904843e-05 3.2571086e-05 8.706944e-07 0.00018081084 3.2116814e-06 3.469282e-08 1.7334027e-05 2.5020267e-07 0.00018852003 3.7414902e-05 4.9241157e-06 3.4030727e-06 1.5130589e-05 3.3615208e-06 2.091459e-07
0.0055544344 0.0045340853 6.7796565e-05 0.030444408 0.57685226 7.30891e-05 0.09603136 0.97071326 0.77532834 0.4275496 0.94565004 0.2482929 0.33761826 9.3654955e-05 0.0016256022 1.6082224e-05 3.0143963e-05 0.5963775 0.0042773667 0.0029514348 3.6388482e-07 1.5384861e-05 7.1632305e-05 0.0006496232 6.992538e-05 0.00013243867 2.7864178e-16 0.00026517975 0.99999994 6.019184e-07 1.6404524e-06 0.00018993247 1.7975544e-05 0.00037452337 3.8668757e-05 9.821354e-06 8.1429454e-07 3.1031715e-05 0.00024716294 1.8792999e-06 5.6131003e-06 1.4417414e-05 8.174201e-05 6.383695e-06 8.482405e-07 4.9321948e-06 7.3442607e-06 5.7971913e-08 7.952957e-07 7.1455455e-05 1.944237e-05 1.8730098e-05 7.644867e-08 1.4439904e-06 2.975138e-05 1.4232e-06 2.1083068e-07 7.506277e-07 1.3202533e-07 3.174847e-05 5.274999e-07 2.008556e-08 0.00023520704 6.796688e-07 8.5725037e-07 1.3905295e-05 4.7585024e-07 0.00054222933 1.7983506e-08 1.6217704e-06 1.4562272e-07 1.3472101e-05 0.00027235853 1.0408616e-07 1.5894905e-07 6.310481e-07 1.5439346e-05 1.3962147e-08 1.4460446e-07 9.671265e-08 1.5181067e-06 2.6549338e-07 7.8213546e-08 1.8872875e-07 4.1851425e-07 8.900003e-07 2.242041e-07 3.4201943e-07 1.5635813e-07 3.7550362e-06 9.8708774e-08 3.2030417e-07 4.4960633e-08 3.795886e-07 9.0850574e-07 6.3935346e-08 6.678906e-06 4.243149e-06 8.187007e-08 7.885984e-10 3.1580942e-08
0.70541924 7.4809122e-06 5.8561676e-09 0.00019273187 0.00013846059 1.2486807e-08 0.0010491189 5.247103e-05 3.699158e-06 3.755353e-07 0.00015268316 0.000974446 0.020564457 8.308517e-07 0.00019206104 1.15061894e-07 8.1157185e-07 0.9333936 0.677379 0.0048966855 4.78077e-08 3.4226025e-07 3.3266115e-05 0.36469775 1.9946174e-08 0.99990666 0.00026517975 3.920602e-15 0.015446505 7.794942e-10 1.5304898e-09 0.942823 5.261466e-06 0.0003752121 2.114642e-05 1.2490643e-08 6.1101396e-08 2.8151264e-06 0.23173346 0.18844339 0.13810362 0.89080656 0.16420402 2.4589872e-06 0.032212097 0.03832229 9.450421e-06 9.606234e-09 0.0062366505 0.00021808514 0.013190014 3.7164158e-05 9.866915e-10 0.001433186 0.010228458 0.0004972791 0.0022203515 0.00036733423 0.00126095 1.2555812e-05 0.0006627031 4.3282304e-05 0.0027153953 0.00016385996 0.0016274776 0.0020703916 0.00033564022 0.00045233004 6.4220815e-09 4.292345e-05 7.496992e-05 4.5581614e-09 4.9656635e-05 0.00039475888 1.9766781e-05 0.0002720691 2.9466326e-05 9.114733e-06 0.0004922195 0.00015444082 3.572001e-05 9.014026e-06 8.462453e-06 1.0681028e-05 1.4371016e-05 1.0144436e-06 5.8191403e-05 2.3200178e-05 3.2171485e-07 4.3807075e-05 8.191709e-06 2.250419e-09 1.3702526e-05 8.997119e-09 4.4612448e-06 3.3919707e-05 2.7849019e-06 2.4678654e-06 2.7571556e-05 2.7661745e-06 3.2877486e-07
0.029583259 0.00030500264 7.1662777e-07 0.0082133105 0.33584103 1.8603187e-07 0.050987616 0.9059357 0.79222864 0.0001657014 0.83684045 0.16937923 0.3445288 1.921748e-06 0.0005774118 1.2249782e-07 3.5280598e-07 0.99467576 0.031551126 0.0057150326 1.00829716e-07 2.3786329e-07 5.9628064e-06 0.01148397 3.72126e-07 0.0050517856 0.99999994 0.015446505 8.4466185e-15 1.3293665e-07 1.067766e-08 0.011772254 1.1495645e-06 0.00042365704 4.554147e-07 8.910602e-07 1.1065821e-08 1.348529e-07 0.0003589603 2.9072611e-05 0.00012711615 0.0011055983 0.0003375323 1.3301985e-07 1.2546869e-05 2.6840757e-05 2.1766779e-07 7.706855e-08 0.00014666602 0.00013254341 8.869297e-05 1.547823e-06 7.298422e-10 4.0387026e-06 0.00023339379 1.3564594e-06 8.412984e-07 5.5464884e-06 1.9363147e-06 8.3128447e-07 2.576537e-06 8.491701e-08 0.0001844894 1.2967348e-06 3.1122897e-06 0.00012865037 2.0134523e-06 0.00017919342 2.7383091e-09 1.6050711e-06 2.1117195e-07 9.829586e-07 5.689696e-06 7.6548766e-08 1.3597117e-06 6.1909583e-07 5.294953e-07 4.781429e-07 6.722792e-07 1.17488824e-07 3.817798e-06 5.543781e-06 9.778527e-07 4.5101797e-06 4.5615445e-07 1.3826581e-06 1.4248481e-07 7.811494e-06 3.878306e-07 4.003989e-07 1.1540593e-06 4.307219e-08 4.75461e-07 7.929627e-08 6.2814746e-07 1.8089552e-06 1.0455519e-06 3.9830597e-06 9.356282e-07 2.0124685e-07 5.0477084e-08
0.6016209 0.00078382395 0.00010063897 2.6833952e-05 7.2321573e-06 1.2264628e-05 2.3702896e-06 3.8241987e-07 4.4629873e-09 1.8169984e-06 2.914298e-07 2.2348301e-07 1.2422566e-09 0.0010774008 0.00050587207 0.0194757 0.07179466 1.7557297e-09 4.9149736e-07 5.957433e-05 0.091998674 0.9852352 0.027857753 1.2312132e-06 0.07470402 4.1200472e-08 6.019184e-07 7.794942e-10 1.3293665e-07 3.3142827e-13 0.9993821 2.3660931e-08 0.8436833 0.0046261693 0.3181654 0.23930243 0.8356272 0.31149513 0.000105205036 4.4456814e-07 2.243301e-07 1.0293902e-08 1.5390568e-05 0.07478016 8.697666e-09 3.217437e-07 0.014648479 0.024250537 6.496235e-07 0.012573415 8.151816e-06 0.10356565 0.049218565 2.681006e-07 3.886496e-05 2.5564399e-08 2.7153947e-08 5.7565853e-07 7.6210116e-10 0.015051378 1.07324425e-08 1.3724796e-09 0.00021503765 9.6618376e-09 1.2852859e-06 7.540437e-05 4.0487517e-08 0.010702927 0.00026815647 3.479038e-07 5.0130524e-08 0.0003014191 0.021026874 5.175364e-07 3.4969926e-08 7.542958e-06 0.010246827 1.0517037e-07 9.574735e-07 1.6480772e-07 8.120274e-08 2.3104542e-06 6.984536e-08 2.3642289e-07 5.5159568e-08 2.9264325e-07 3.5657056e-08 3.4881027e-06 9.127532e-09 0.00024132874 1.349086e-07 1.3212377e-06 1.0306933e-07 5.951186e-07 0.0017555056 2.9246987e-06 4.8474362e-06 2.1069783e-07 7.333762e-08 1.2218427e-06 1.4388706e-07
