2.6564016e-19 0.94819033 0.95741546 0.95597285 0.9597223 0.9667306 0.9333215 0.88178855 0.90154207 0.8778221 0.9216968 0.9243543 0.9786046 0.59096116 0.911837 0.98834544 0.9379748 0.96097314 0.43971562 0.7916026 0.8509451 0.99985135 0.94607115 0.26450533 0.9453855 0.80135053 0.9993303 0.9526822 0.9971354 0.82851225 0.96867764 0.9982524 0.90973526 0.81534606 0.23531024 0.9991949 0.9421484 0.97329706 0.66653967 0.915533 0.90247357 0.8464507 0.9997575 0.99968326 0.9424919 0.8788111 0.12825699 0.6777298 0.87863916 0.87102497 0.99991053 0.63906026 0.777475 0.030453945 0.7475903 0.20314233 0.8719666 0.8514885 0.042050388 0.75646114 0.5494056 0.16528875 0.0018341072 0.9467181 0.98604995 0.16327868 0.7514601 0.55349827 0.7786339 0.68362087 0.9935065 0.8936351 0.011813724 0.22674869 0.010573357 0.5559443 0.67773074 0.83095884 0.07571169 0.18589237 0.82916844 0.033725783 0.029966801 0.090214744 0.0008933308 0.43923736 0.07178626 0.86533517 0.16779196 0.10823202 0.010062143 0.0011154129 0.22455 0.5927384 0.034367584 6.4904074e-05 0.036481027 0.00013610857 0.010243862 0.39094448 0.012671993
0.94819033 6.354133e-12 0.8400317 0.9820944 0.5110898 0.61137056 0.59745234 0.41957304 0.94760686 0.49134016 0.090441644 0.32236293 0.017380185 0.5232634 0.672369 0.0027567667 0.6992269 0.34256437 0.1778076 0.11386627 0.09642581 0.6806145 0.0027491727 0.15226214 0.009524836 0.03619952 0.53484386 0.00054455013 0.00086655095 0.15241878 0.00013952432 0.0010378831 6.595762e-05 0.004382854 0.037614122 0.00023563656 1.586716e-05 1.6825328e-05 0.021075979 7.843249e-06 2.8909776e-06 1.7253732e-06 0.00032130233 3.3030632e-05 1.6996285e-06 0.00010365314 0.015627578 1.952012e-07 7.730031e-05 5.4102725e-07 0.00066433573 7.680424e-05 2.08781e-07 0.003247969 0.00012239093 0.00017360621 1.1123862e-05 5.5829983e-05 0.003581904 1.3591665e-07 1.9449509e-07 1.5040872e-05 9.363272e-05 2.7957724e-06 5.5452274e-05 0.0017986658 8.6442515e-06 3.9390383e-07 2.3511377e-06 4.2930654e-07 1.079574e-06 3.84976e-06 0.0051633357 2.9750881e-06 0.0010932871 1.9086731e-07 1.4222904e-05 5.8104647e-06 5.231888e-05 7.5158044e-07 3.984129e-07 2.9376308e-09 4.1013635e-08 5.1281327e-06 3.1119558e-07 1.7501604e-08 8.183151e-08 6.081596e-08 8.9344786e-07 1.7950025e-08 6.8367467e-07 1.546066e-06 1.8571795e-07 2.469459e-08 2.6886113e-08 3.4196323e-06 6.36111e-05 3.7803318e-06 4.1513954e-06 9.107425e-06 1.8989859e-06
0.95741546 0.8400317 1.771493e-12 0.5058552 0.9398572 0.0027712302 0.0035696074 0.97494185 0.8149496 0.8433464 0.0013090327 0.85298175 0.00048795214 0.43785715 0.02403145 0.11474354 0.12300606 0.46961173 0.1949444 0.005137289 0.7110694 0.32865876 0.11529233 0.10118031 0.53242546 0.00043984852 0.77780265 0.00010342139 0.0059957067 0.019789094 0.0009679598 0.00026299618 0.0003290244 0.13404743 0.0026202048 0.0006739187 0.0004988818 0.000117021824 0.41023442 6.2639476e-05 0.00019395968 2.347782e-05 0.00016001302 0.0001230752 1.5429616e-05 3.8942428e-05 0.08923105 7.4490176e-06 5.7495054e-06 8.538932e-06 0.00052121765 0.013929094 2.2095762e-06 5.59099e-05 9.065977e-06 0.0074485703 8.156302e-06 9.3521385e-06 0.044318996 4.73148e-06 2.1661551e-06 0.00036928858 0.0009487427 2.0848654e-05 5.220778e-05 0.00023171802 0.00048445511 1.9065594e-05 9.221278e-06 2.4015624e-06 6.1596046e-07 2.8984441e-05 0.0018939698 3.6323613e-07 2.997537e-05 1.4071626e-06 1.06292955e-05 2.741553e-06 1.3418684e-05 2.3687237e-06 9.608584e-08 4.7882168e-08 5.353711e-07 3.9090594e-07 1.7179779e-06 5.9673546e-09 1.2403858e-06 3.1239818e-08 1.3304466e-06 1.4372783e-07 5.220282e-06 6.146457e-06 6.5612556e-07 6.726155e-08 1.9600166e-07 3.0950246e-06 9.98278e-05 1.2262044e-05 1.1926593e-06 1.2814342e-06 2.4522718e-05
0.95597285 0.9820944 0.5058552 2.776095e-12 0.3962041 0.639284 0.66821367 0.07601028 0.6643542 0.77407867 0.4405826 0.06871724 0.11187168 0.17434213 0.49296173 0.0023598266 0.53572094 0.7264995 0.06253316 0.090830304 0.031955786 0.9587207 0.0034801122 0.063944235 0.0111056855 0.04665615 0.48476282 0.002210606 0.0013419632 0.14315693 0.00020497914 0.0036249664 8.7716704e-05 0.00087012385 0.015339781 0.000719031 3.5116256e-05 9.950351e-05 0.0017624176 9.361129e-05 6.129388e-06 1.8882996e-05 0.0016140011 7.16431e-05 6.3413368e-06 0.00073008245 0.0018459253 2.2079878e-06 0.00028680643 3.0483545e-06 0.001341118 0.00021036745 3.8608673e-06 0.0017287778 0.00046915 3.359654e-05 0.00028391444 0.00045810585 0.00042399476 4.531214e-06 1.5686511e-06 1.3543067e-05 1.9326479e-05 2.5883572e-05 0.0006526819 0.0030465731 4.447581e-05 1.793904e-06 1.555572e-05 2.6383195e-06 4.2574165e-06 9.364316e-05 0.0029367295 4.1061153e-06 0.0008044534 3.660367e-06 0.00023502855 8.4650965e-05 0.00048859074 4.18226e-06 8.157364e-05 3.778836e-08 7.9490064e-07 5.4308417e-05 1.742285e-06 3.4645645e-06 3.5671906e-07 5.9488656e-07 1.551676e-06 4.2276174e-08 5.174234e-07 6.928339e-06 9.63374e-07 2.176977e-07 6.3911364e-07 1.0550193e-06 0.00015407716 4.961799e-06 3.969683e-05 0.00018201863 9.916374e-06
0.9597223 0.5110898 0.9398572 0.3962041 1.3077135e-11 0.0022609527 0.002685821 0.9452657 0.6497457 0.9391413 0.0017155216 0.8251254 0.0005152146 0.32533893 0.0069694268 0.45209396 0.05767655 0.6139164 0.13974158 0.0020419285 0.65158147 0.4137864 0.16356511 0.064039744 0.6169145 0.00034162652 0.851514 0.00015949305 0.020405931 0.007437732 0.00579226 0.001075217 0.0017533146 0.15724795 0.001416715 0.0045786635 0.0024072672 0.0021746014 0.34866288 0.00079071993 0.0007030434 0.00027290193 0.0005040722 0.0006324885 0.00022892735 0.00014125707 0.06940781 0.00014421369 2.7460243e-05 0.000102149555 0.0017045218 0.024210168 4.103819e-05 1.1929247e-05 1.1704072e-05 0.0039059275 1.5756568e-05 2.333703e-05 0.022028558 6.908885e-05 4.542964e-05 0.0007299857 0.00085594424 0.00033401075 0.0003590144 0.00016965516 0.0013739887 0.0002660816 0.00017824494 4.361915e-05 2.0774287e-05 0.0005664391 0.0010258355 5.516012e-07 7.575023e-06 3.0373432e-05 0.00016805467 7.605356e-05 0.00013020211 5.1449275e-05 7.847888e-06 1.4164204e-06 1.9368807e-05 2.8338475e-06 2.9476992e-06 9.6126534e-08 1.1204214e-05 1.992319e-06 1.9193332e-05 9.686878e-07 4.5633265e-06 1.2216359e-05 2.0319687e-06 2.0522657e-06 2.803387e-06 7.0539404e-06 0.00019715508 1.5358048e-05 5.117922e-06 3.7295456e-05 1.8882887e-05
0.9667306 0.61137056 0.0027712302 0.639284 0.0022609527 3.0071845e-14 0.98636144 0.00019146595 0.015939133 0.010096102 0.95370775 0.00010780185 0.46742892 0.0016629332 0.81202185 3.5209716e-05 0.49440256 0.061194696 0.0019634685 0.6852405 0.00018620273 0.4994418 1.8898398e-05 0.00840402 5.6502417e-05 0.82132417 0.13280727 0.014539974 7.5158765e-05 0.66317886 3.540828e-07 0.013129141 9.908684e-07 1.0940338e-05 0.029901918 7.81421e-05 5.759367e-08 1.6604672e-06 2.2627806e-05 1.4383952e-06 6.212377e-08 1.7866724e-07 0.0012610082 3.8856626e-05 2.698078e-07 0.0013795946 5.2334894e-05 9.093456e-09 0.0006076262 6.013048e-08 0.0021106496 3.5669288e-07 4.0192905e-08 0.027777677 0.0043961727 6.0630725e-07 5.4354845e-05 0.00033196632 1.4453718e-05 8.395875e-08 7.055609e-08 2.4949513e-06 2.1713136e-06 6.1496024e-07 0.000120762976 0.047742624 1.1326566e-06 1.2504183e-06 3.5981765e-07 1.0176154e-07 1.0579271e-06 1.3898321e-05 0.0023260564 5.7081612e-05 0.025426237 4.545618e-08 3.796136e-05 3.0798685e-05 0.00033178052 6.1270003e-07 1.3466341e-06 1.5812438e-08 4.4676568e-08 7.067296e-05 8.669265e-08 9.227311e-08 8.6833194e-07 7.270877e-08 4.5333493e-08 1.3108945e-08 2.907422e-07 8.7436405e-07 9.292324e-08 1.9226984e-09 1.36928e-08 2.5953884e-06 0.0031678246 1.2561685e-06 6.7598075e-06 2.1671314e-05 8.505037e-07
0.9333215 0.59745234 0.0035696074 0.66821367 0.002685821 0.98636144 1.3202694e-15 0.0003412366 0.018266456 0.007583351 0.91738003 0.00027069714 0.7413519 0.0023802978 0.94015783 0.000107636246 0.3102833 0.051566746 0.0014995736 0.7079567 0.00022425964 0.4672475 5.254905e-05 0.0042540994 3.5534023e-05 0.91596514 0.10057951 0.016567336 0.00012481357 0.28077954 3.7611343e-07 0.015939035 3.1620382e-07 1.0890886e-06 0.012080076 6.007715e-05 2.5874474e-08 2.8467502e-07 3.0584983e-05 4.3570213e-07 4.118421e-08 2.5877732e-08 0.0011972056 8.655016e-06 3.8138094e-08 0.0012293794 9.447677e-05 9.469794e-09 0.0023818633 1.6589539e-08 0.00093474315 8.286025e-08 7.479031e-09 0.010357553 0.015238868 2.8347933e-06 0.00023375421 0.000441681 4.5839428e-05 6.7217147e-09 1.7740936e-08 4.138191e-07 1.9078178e-07 1.3912495e-07 0.00014496062 0.08042613 1.1419948e-07 3.2039827e-07 5.359593e-08 2.4033627e-08 6.338371e-07 1.3759927e-06 0.0018330457 6.833215e-05 0.016104678 2.565667e-08 3.4233537e-05 2.972679e-05 0.00033678557 7.4242166e-08 7.482021e-07 4.062542e-09 1.3877718e-08 0.00020852462 1.644481e-08 1.3267348e-07 5.9980536e-08 4.5559796e-09 5.540723e-09 1.2479855e-08 4.2466323e-07 1.7392992e-07 1.1934259e-08 5.2348836e-10 1.1899975e-09 1.7094175e-06 0.002025471 2.4717644e-07 9.54227e-06 1.298614e-05 7.880714e-08
0.88178855 0.41957304 0.97494185 0.07601028 0.9452657 0.00019146595 0.0003412366 3.8246245e-13 0.38507417 0.39255372 0.0004241901 0.9711335 0.000111156616 0.26550627 0.0006064242 0.24961446 0.005906595 0.091828205 0.05758723 0.00022766588 0.84994274 0.04417072 0.2656378 0.01182431 0.5485073 1.4494548e-05 0.4231656 3.2637377e-05 0.019850457 0.0010531236 0.0012965555 0.00025176222 0.00097378826 0.23707159 0.00041770464 0.0010239378 0.00080955244 0.00039322377 0.40574822 0.00018777269 0.00014149732 7.482685e-05 9.183483e-05 0.00038077642 0.00012985776 4.7436046e-05 0.09792059 7.940736e-06 2.2232352e-06 1.4018164e-05 0.00068437896 0.007222467 1.0134452e-05 4.9047308e-06 1.158585e-06 0.0125144925 7.042181e-07 8.262084e-08 0.016838595 2.3306504e-06 1.0062195e-05 0.00086331053 0.0032056395 5.2834523e-05 0.000113578164 8.371579e-06 0.0003047366 3.311267e-05 2.3999333e-05 1.1263234e-05 2.6207454e-06 9.128307e-05 0.0009635716 1.104305e-08 3.5958833e-06 4.6018026e-06 1.3084908e-05 5.7457917e-05 6.237394e-06 5.979121e-06 5.1761094e-07 3.5132516e-08 5.1597516e-07 2.6312888e-08 6.427312e-06 1.05452585e-07 1.0961493e-06 7.524934e-07 4.4017243e-06 3.5453863e-07 1.0300964e-06 9.313262e-06 4.2241018e-07 6.3516046e-07 1.29644e-07 1.5002457e-06 2.4950454e-05 4.3294604e-05 1.6555197e-06 8.173986e-06 5.915978e-05
0.90154207 0.94760686 0.8149496 0.6643542 0.6497457 0.015939133 0.018266456 0.38507417 1.3262399e-13 0.11068416 0.005414312 0.3931717 0.0006429924 0.99506277 0.022661708 0.0027007249 0.50107306 0.117287315 0.6612958 0.0033965497 0.10065118 0.18765329 0.0002774976 0.5291966 0.0012498879 0.00012839212 0.39245972 0.00022494762 0.0030301074 0.14781931 1.3658819e-05 0.0007745387 9.69632e-06 0.0019993037 0.036673266 0.0002643082 7.843065e-07 6.1821406e-06 0.06218006 8.454007e-06 5.564585e-07 1.0775693e-06 0.00015635253 7.3690026e-05 2.135132e-06 0.00027521787 0.053652436 2.0056007e-08 3.8628928e-06 1.2283732e-07 0.0009729421 1.2398885e-05 4.920057e-07 0.0049262764 5.362605e-06 0.00046972372 7.2253556e-07 2.0300368e-07 0.040510442 2.6935698e-08 4.3647321e-07 7.5258354e-06 3.7481514e-05 1.5439883e-06 3.366842e-05 7.3842716e-06 4.97708e-07 2.4559066e-07 1.1975276e-07 7.11331e-07 6.7054526e-07 1.1727038e-06 0.059746075 1.1363325e-07 0.00032112587 6.6051875e-08 7.746684e-06 9.126035e-05 6.8620585e-07 1.6505239e-06 4.3628983e-08 1.1455282e-08 5.5915685e-08 2.1712781e-08 1.3206147e-07 9.968405e-09 4.4110692e-08 6.587297e-08 3.840345e-07 1.2918614e-08 5.7676992e-08 2.2167976e-07 3.1336336e-07 8.798882e-09 6.746083e-08 3.102991e-05 6.9112934e-06 6.629335e-05 4.68781e-08 2.0778496e-06 3.6288143e-06
0.8778221 0.49134016 0.8433464 0.77407867 0.9391413 0.010096102 0.007583351 0.39255372 0.11068416 6.950796e-11 0.009442039 0.09246902 0.0040274756 0.03629159 0.0060874885 0.67189175 0.00989595 0.9873687 0.010656538 0.00096248183 0.044969536 0.6117547 0.046484217 0.008224041 0.042526674 5.4875218e-05 0.85763216 0.0004678262 0.10180595 0.0026945078 0.0536089 0.000890839 0.0048217257 0.010295971 0.00049874146 0.006330301 0.0031318036 0.006961622 0.025082614 0.0012575339 0.0008645637 0.0012686225 0.00056960614 0.00064995105 0.00032105026 0.00019239928 0.004461292 0.0004420942 0.00017356515 0.00055308145 0.0016515916 0.011305281 0.00024705214 4.9436072e-05 0.00010343225 0.00091576576 0.00014663917 0.00010687595 0.0012031374 0.0001762779 0.00021466597 0.0004845801 0.00036828624 0.0006210295 0.00042905138 0.00073659525 0.0012753714 0.00023075257 0.00021793648 0.0001808067 3.0901567e-05 0.0004714021 0.000307743 1.373752e-06 9.928823e-05 0.00014135435 0.00021947535 9.712104e-05 8.682012e-05 0.00020340299 7.560946e-05 9.708001e-07 2.8918284e-05 2.4837378e-05 8.9844e-06 4.6938762e-06 2.4325549e-05 1.1777917e-05 1.4438109e-05 3.0823245e-05 3.328301e-06 7.2778115e-05 7.5726894e-06 1.2172945e-05 3.1409982e-06 4.651649e-06 0.00010726591 4.9822567e-05 4.292361e-05 5.9945687e-05 2.558878e-05
0.9216968 0.090441644 0.0013090327 0.4405826 0.0017155216 0.95370775 0.91738003 0.0004241901 0.005414312 0.009442039 7.5960977e-13 0.00017736114 0.9965135 0.0002916449 0.49380207 0.000171805 0.09917345 0.14564912 0.0001986997 0.27641737 0.00016083152 0.4355194 4.81212e-05 0.0011834818 9.0061425e-05 0.61752087 0.11687104 0.4506807 0.00016976667 0.19146116 2.5880304e-06 0.083485365 4.8499383e-06 5.0623885e-06 0.002992793 0.000616313 3.301296e-07 4.0069594e-06 1.6935714e-05 2.7834722e-05 2.7343242e-07 8.605169e-07 0.007841593 0.00018524521 4.6220653e-06 0.0035672118 2.1102462e-05 6.067414e-08 0.04873449 6.554885e-08 0.0053262827 9.8935e-07 1.0987505e-07 0.00319784 0.11266819 2.851999e-06 0.005645793 0.0130290305 1.1308321e-05 3.2163538e-07 1.0936949e-07 1.2665098e-06 2.415614e-07 1.2687603e-05 0.0012823921 0.40032008 4.1154176e-06 3.231478e-07 1.085855e-06 1.9949552e-07 2.3668686e-05 0.00012695791 0.0005566791 0.0022275022 0.014165787 2.0531671e-07 0.000300527 0.0005787283 0.0056470744 1.0403759e-06 4.1584037e-05 2.6814364e-08 3.498954e-08 0.0011403587 7.576424e-08 1.0123199e-05 2.6252516e-07 1.1923191e-06 6.954295e-08 5.535497e-08 2.410466e-07 8.7875026e-07 4.1622254e-08 6.438296e-09 5.898744e-09 4.0105033e-06 0.0050734133 6.056109e-07 3.6067075e-05 0.00018523302 8.0376e-07
0.9243543 0.32236293 0.85298175 0.06871724 0.8251254 0.00010780185 0.00027069714 0.9711335 0.3931717 0.09246902 0.00017736114 8.253653e-13 2.5643085e-05 0.55156654 0.0002129205 0.058517512 0.0069716536 0.057042792 0.29074067 0.00012802359 0.9844138 0.02157729 0.04935554 0.08243805 0.4393954 5.661166e-06 0.38773403 1.1079429e-05 0.018550618 0.00096285826 0.00033033232 0.00010584196 0.00053728075 0.33179766 0.0012478846 0.00077653234 0.000114287795 4.9698567e-05 0.6717297 2.8785495e-05 3.9477298e-05 1.1964145e-05 2.3621422e-05 0.00025649578 8.85468e-06 0.000110077126 0.34487745 9.5355784e-07 5.2520033e-07 1.4061095e-06 0.00060574623 0.0004317174 2.2706372e-06 9.03201e-06 2.0746052e-07 0.013695702 1.0887522e-06 4.6455305e-08 0.059494592 2.799968e-07 2.8683867e-06 0.00045332094 0.0091867335 2.1905136e-05 2.8963383e-05 2.360201e-07 0.000121801626 2.1466003e-06 1.4725824e-05 4.1734784e-06 5.984447e-07 2.753209e-05 0.0006798413 2.8863191e-08 5.573018e-07 1.7864587e-06 1.4989129e-06 8.328514e-06 3.5131427e-07 1.4256589e-06 9.2265196e-08 5.8423694e-08 4.3561406e-07 1.1666901e-08 4.029696e-06 5.2116565e-08 8.395171e-08 2.0492848e-08 2.3711239e-06 1.8311574e-07 1.7909894e-06 3.9530246e-06 2.2833015e-06 3.9545571e-07 1.2266283e-06 2.368981e-06 2.8921293e-05 7.874401e-05 1.7244512e-05 1.4269994e-05 5.453018e-05
0.9786046 0.017380185 0.00048795214 0.11187168 0.0005152146 0.46742892 0.7413519 0.000111156616 0.0006429924 0.0040274756 0.9965135 2.5643085e-05 5.1021114e-14 0.00013466354 0.3481394 2.2313096e-05 0.030650811 0.10653158 8.0827755e-05 0.23186767 2.1286434e-05 0.6851968 9.82439e-06 0.0005025906 2.9812827e-06 0.63782036 0.11883814 0.8576468 0.00024142496 0.103396066 1.5250794e-06 0.5098311 2.5624347e-06 1.5802894e-06 0.00062554854 0.0010063999 1.0419362e-07 1.5051937e-05 7.051062e-06 8.167655e-05 1.3981594e-07 3.0343597e-06 0.06695578 0.00025169886 9.335654e-06 0.044666648 2.54354e-05 4.1427338e-08 0.2513701 5.479393e-08 0.030505091 7.139118e-08 3.2083094e-07 0.0019463602 0.4433696 2.8524041e-06 0.05986547 0.2583336 3.2400615e-06 3.033652e-07 2.0343312e-07 3.86798e-06 2.8013568e-07 4.8649355e-05 0.012165594 0.70212924 5.4648744e-06 9.820993e-07 2.0190335e-05 1.005956e-06 0.00010806443 0.00052084046 6.9136375e-05 0.0076932926 0.005824918 4.054082e-07 0.0023801264 0.005111249 0.14493977 3.6931128e-06 0.0018816717 3.5206924e-07 6.12339e-07 0.025021179 8.490956e-08 9.586961e-05 8.816934e-07 4.7518497e-05 2.0879068e-06 2.811388e-07 1.9023429e-06 1.16031715e-05 4.517026e-07 2.2490867e-07 7.727447e-08 6.2246822e-06 0.0052160975 1.2125736e-06 9.087396e-05 0.0017427721 9.883829e-06
0.59096116 0.5232634 0.43785715 0.17434213 0.32533893 0.0016629332 0.0023802978 0.26550627 0.99506277 0.03629159 0.0002916449 0.55156654 0.00013466354 2.0718536e-14 0.0020340455 0.002924437 0.10407001 0.020208372 0.99700516 0.0006371024 0.27295646 0.017633785 0.00060371356 0.48043334 0.0031517027 1.2431017e-05 0.081846096 2.418182e-05 0.0010682932 0.017412346 2.180586e-05 6.7925095e-05 2.5776442e-05 0.005622404 0.011860529 0.00016122419 2.5929712e-06 7.879339e-06 0.095019445 1.6754315e-05 1.4099138e-06 2.54641e-06 1.2141908e-05 4.8815367e-05 2.8267377e-06 8.3330306e-05 0.08791068 3.5849503e-08 8.8843905e-07 2.4466863e-07 0.00048444606 1.9984991e-05 9.954032e-07 0.0004717477 2.4327624e-06 0.00050203275 4.965342e-07 1.901601e-08 0.035597105 6.987428e-08 7.489917e-07 2.1402582e-05 0.00015254562 3.5628168e-06 2.8346842e-05 2.0535626e-07 1.1100364e-06 1.9972579e-06 1.1610615e-06 6.296613e-07 2.4330166e-07 1.3240834e-06 0.023781046 1.5151598e-07 4.1170337e-05 3.0360226e-07 2.8621187e-06 9.165552e-06 2.2141842e-07 1.2781437e-06 1.7081314e-08 3.001629e-08 1.6868962e-07 8.794201e-09 4.9485266e-07 7.282007e-08 5.0397716e-08 1.3345612e-08 4.3701968e-07 1.4856825e-07 1.9619915e-07 2.974729e-07 1.5009591e-07 1.8726435e-07 5.8427485e-08 2.66711e-05 6.6546377e-06 0.00022873488 2.0754798e-07 5.95042e-07 4.80726e-06
0.911837 0.672369 0.02403145 0.49296173 0.0069694268 0.81202185 0.94015783 0.0006064242 0.022661708 0.0060874885 0.49380207 0.0002129205 0.3481394 0.0020340455 3.0147562e-16 6.68606e-05 0.939363 0.03202449 0.0026956284 0.98900086 0.00020831433 0.17329235 1.2997998e-05 0.099010535 1.1128564e-05 0.58660406 0.08881605 0.01028018 0.00026137868 0.70503664 6.363461e-08 0.008447528 6.981087e-08 1.2156101e-05 0.07464078 9.05007e-05 2.7113579e-08 4.3859959e-07 0.00013301079 1.5716953e-06 4.2324583e-08 3.0795874e-08 0.0006821202 1.8927203e-05 2.1589543e-07 0.0016794491 0.00019167202 8.295066e-09 9.684302e-05 1.6609325e-08 0.0030366918 3.926693e-08 2.5283725e-08 0.06267294 0.0006638152 1.0315149e-06 1.3687102e-05 3.4603956e-05 0.00034051068 1.4067816e-08 1.3420691e-07 9.600712e-07 4.7297362e-07 6.436323e-08 0.00012852221 0.003524847 3.1304342e-07 4.836218e-07 2.9366074e-08 9.08299e-08 5.2117093e-07 1.879169e-06 0.02600978 1.20272025e-05 0.048849344 4.8189855e-07 2.1608246e-05 5.6576722e-05 1.2183258e-05 1.7395249e-07 2.5203332e-07 1.7668981e-07 5.532708e-07 8.698998e-06 1.4872328e-06 3.89754e-08 9.794234e-07 1.1484845e-07 8.141532e-07 3.544991e-07 1.0711685e-06 5.316384e-06 8.840972e-07 3.2306242e-09 1.7516021e-07 3.529255e-05 0.0027635368 6.564313e-06 9.279617e-06 3.551261e-05 2.2142032e-05
0.98834544 0.0027567667 0.11474354 0.0023598266 0.45209396 3.5209716e-05 0.000107636246 0.24961446 0.0027007249 0.67189175 0.000171805 0.058517512 2.2313096e-05 0.002924437 6.68606e-05 8.9177927e-13 0.0005074715 0.51351243 0.0010274632 3.0374302e-05 0.098919876 0.05125075 0.9789463 0.00050903705 0.72848934 1.755312e-06 0.7542113 1.570186e-05 0.79243654 2.9248591e-05 0.61840093 0.0003764219 0.23546186 0.1462215 3.2713444e-05 0.11854914 0.31273174 0.025976427 0.08820631 0.010008137 0.06047687 0.0059487103 0.00022859813 0.0039429236 0.0038461934 0.00010335336 0.010918843 0.0063091014 8.292891e-07 0.0016512799 0.0033611206 0.6187283 0.00041089434 6.899538e-06 6.4072657e-07 0.04542728 4.5228476e-06 2.8243505e-06 0.00036498957 0.0022421237 0.00046232293 0.0121286 0.0016051962 0.00036123782 0.00015774378 1.0616566e-06 0.13191843 0.009158631 0.000389157 0.00012549773 3.599608e-05 0.0014306582 8.39715e-06 3.8679192e-07 8.875562e-06 8.887984e-05 0.00052806945 0.00031080924 1.455175e-05 4.6924197e-05 2.6422224e-06 6.6069133e-06 0.00010613781 3.4384847e-08 0.00018201167 1.1479972e-07 0.00032363986 2.9521261e-05 5.1174215e-05 7.021714e-05 5.726328e-05 0.00016631313 8.47683e-06 9.1023577e-07 6.973521e-06 5.532341e-06 7.846177e-05 2.3656545e-05 5.822879e-06 4.542992e-06 0.00043670242
0.9379748 0.6992269 0.12300606 0.53572094 0.05767655 0.49440256 0.3102833 0.005906595 0.50107306 0.00989595 0.09917345 0.0069716536 0.030650811 0.10407001 0.939363 0.0005074715 8.389459e-15 0.022400573 0.15968609 0.8008286 0.004082282 0.08386277 6.0539907e-05 0.96702486 0.0001552668 0.3421396 0.12246836 0.004212261 0.0007838343 0.9422993 4.235144e-06 0.0014097216 2.2124966e-06 0.0005205669 0.82938397 9.6033495e-05 6.356231e-08 9.627457e-07 0.002266595 1.4633872e-07 1.2974417e-07 2.9282248e-07 0.00019126722 2.3553173e-05 2.2441833e-08 0.00058447727 0.0006514084 2.7722487e-08 7.504517e-05 1.1192767e-07 0.0040431074 1.4485579e-07 1.0120118e-07 0.43464434 0.00019423143 2.312854e-05 2.815061e-05 3.936074e-06 0.004873931 2.6075165e-07 3.365574e-07 5.8072014e-06 3.6236613e-06 7.440238e-07 0.00018299105 0.00020266681 5.2090777e-06 2.4379682e-07 4.1144426e-07 1.183796e-05 2.2293548e-07 2.8251154e-06 0.264081 7.5387976e-07 0.057587076 9.733607e-07 4.366233e-06 6.153076e-05 4.032956e-06 2.5967402e-06 3.250685e-07 3.9954887e-08 1.1328418e-07 1.940076e-08 4.0934824e-06 5.7304824e-08 5.8671134e-07 3.8757065e-07 9.059504e-06 2.3540741e-08 5.0438274e-07 2.2711765e-06 1.745107e-06 1.5264332e-07 2.1027304e-07 0.00031062256 0.00070839527 6.0068152e-05 5.733306e-07 4.9220194e-05 0.00014698219
0.96097314 0.34256437 0.46961173 0.7264995 0.6139164 0.061194696 0.051566746 0.091828205 0.117287315 0.9873687 0.14564912 0.057042792 0.10653158 0.020208372 0.03202449 0.51351243 0.022400573 8.723466e-13 0.0072915014 0.004406601 0.031187803 0.9240534 0.043164637 0.0052910587 0.06388572 0.00085365394 0.93002963 0.005346484 0.24699591 0.0049405745 0.10492087 0.001894539 0.0057624253 0.007294357 0.00027130631 0.009859683 0.006314224 0.009632409 0.0074806944 0.0011167147 0.003335481 0.00163169 0.0007572972 0.00066376926 0.00024261732 0.0001906762 0.001262976 0.00052240776 0.003939231 0.00052073196 0.000775797 0.0202452 0.00012331264 7.702348e-05 0.002532007 0.00038975518 0.0011234973 0.0015943936 0.00083422626 0.000667059 5.311719e-05 0.00016762824 6.960503e-05 0.0005192019 0.0006924564 0.0033415176 0.0033401204 0.00029211922 0.00012840705 3.5282686e-05 3.9829915e-06 0.00022320518 0.0003551554 2.7829732e-05 7.742035e-05 6.4304484e-05 0.00022836565 6.5338376e-05 0.00027231334 6.779883e-05 2.3126388e-06 3.778609e-06 9.980843e-06 0.00036009797 2.971725e-06 3.95871e-06 2.5555539e-05 2.0470219e-07 5.8486717e-07 2.3466484e-06 2.2190113e-06 6.546908e-06 4.3951997e-07 6.7954954e-07 3.9447033e-07 1.1945208e-05 6.4778986e-05 5.360915e-05 1.8391804e-05 9.17981e-06 0.0002785263
0.43971562 0.1778076 0.1949444 0.06253316 0.13974158 0.0019634685 0.0014995736 0.05758723 0.6612958 0.010656538 0.0001986997 0.29074067 8.0827755e-05 0.99700516 0.0026956284 0.0010274632 0.15968609 0.0072915014 1.9728189e-13 0.0012783395 0.17818269 0.007161305 0.00023305682 0.99749196 0.0018692903 5.8811067e-05 0.030355671 1.547626e-05 0.0007094991 0.018177265 1.5067749e-05 7.2020695e-05 2.0105981e-05 0.002525138 0.06632554 0.00017118092 3.045222e-06 1.3796307e-05 0.056669906 3.8583867e-06 9.853266e-07 1.3937097e-06 8.07231e-06 0.00010161932 8.130964e-07 9.120588e-05 0.13897881 3.039267e-07 1.1899439e-06 4.7455183e-07 0.000961868 4.094622e-06 2.5568798e-07 0.0012946929 4.376313e-06 0.0003490472 4.694221e-06 7.141856e-08 0.16995236 1.10291836e-07 3.033888e-06 3.0501766e-05 0.00021611081 5.5536975e-06 5.6573972e-05 1.1894039e-06 5.2874216e-06 5.3415606e-06 2.146062e-06 7.06164e-06 3.8560967e-07 5.4231637e-06 0.079494245 6.181232e-08 4.506875e-05 7.9616275e-06 2.3523396e-06 1.5702879e-05 8.2210454e-07 5.3238473e-06 4.8911282e-08 1.1616221e-06 6.5425166e-07 6.7611154e-08 1.0792096e-06 2.4471717e-07 2.7616474e-07 8.7929976e-08 2.3004284e-06 1.5812053e-07 2.512784e-06 1.1062995e-06 9.5126126e-08 1.5327409e-07 1.8620528e-07 0.00025426247 1.5888707e-05 0.001231763 1.3671108e-07 6.2147888e-06 4.3039513e-06
0.7916026 0.11386627 0.005137289 0.090830304 0.0020419285 0.6852405 0.7079567 0.00022766588 0.0033965497 0.00096248183 0.27641737 0.00012802359 0.23186767 0.0006371024 0.98900086 3.0374302e-05 0.8008286 0.004406601 0.0012783395 5.9283e-11 0.00012328087 0.021314908 1.44192845e-05 0.015329566 2.8195964e-05 0.99085915 0.016504617 0.01597856 3.949142e-05 0.8394665 3.8803407e-07 0.0027280725 1.1968967e-06 5.249355e-05 0.09410077 1.900759e-05 3.663546e-07 4.0811233e-07 0.00010726039 4.121991e-07 5.0934466e-07 2.6380312e-07 0.00014701948 9.870652e-06 3.2652615e-08 0.0006351566 0.00022139131 3.161622e-07 0.00030503175 3.059805e-07 0.0016840401 8.7823497e-07 2.2276463e-07 0.096570045 0.0023724507 1.8106872e-05 0.00034585677 0.00014994177 0.00023482938 7.6579767e-07 3.5115936e-06 3.440875e-05 1.0859457e-05 1.2832919e-06 9.930906e-05 0.019436402 1.0053983e-05 1.3724367e-05 1.1898667e-06 2.8821548e-06 8.512827e-07 5.78572e-06 0.022663292 8.901522e-05 0.25641617 1.5407988e-05 7.06258e-05 6.5281696e-05 0.00011334931 3.9148813e-06 5.7777856e-06 4.8872544e-06 8.199962e-06 0.00021249245 2.815276e-05 9.387192e-06 4.23026e-06 4.1937926e-07 3.3989018e-06 1.579704e-05 2.3337274e-05 4.8432896e-05 4.5630764e-05 1.3527364e-06 6.12226e-06 3.8008562e-05 0.026650647 1.6737848e-05 0.00012389269 0.00062164344 0.00025623298
0.8509451 0.09642581 0.7110694 0.031955786 0.65158147 0.00018620273 0.00022425964 0.84994274 0.10065118 0.044969536 0.00016083152 0.9844138 2.1286434e-05 0.27295646 0.00020831433 0.098919876 0.004082282 0.031187803 0.17818269 0.00012328087 1.9680657e-12 0.0081669 0.23642538 0.071175896 0.8643467 2.0816499e-06 0.25409168 9.262552e-06 0.021477059 0.000298661 0.0023630885 1.3278094e-05 0.0028156072 0.9543371 0.00042235805 0.0007781218 0.0022392913 0.00051573216 0.93714684 0.00017376372 0.00035382377 4.8357662e-05 1.9518373e-05 0.00035636357 8.918951e-05 0.00017121421 0.71107167 7.702593e-06 1.3587415e-07 1.3623914e-05 0.0009852463 0.0069887624 1.1221656e-05 1.4530645e-05 1.8173684e-07 0.58556587 2.088297e-06 5.07529e-08 0.084481224 8.900122e-07 7.2044154e-06 0.013766158 0.5424832 0.000109204135 3.4500852e-05 4.77771e-07 0.00030071882 1.3172451e-05 6.3031584e-06 1.7679029e-05 1.7161276e-06 6.470927e-05 0.00034709455 3.2989153e-08 7.527195e-07 5.947297e-06 5.7500483e-06 9.7532036e-05 1.851538e-07 3.98107e-06 3.6194666e-07 2.9204801e-07 9.248495e-07 3.6080266e-08 0.0001413568 6.3213355e-07 7.5980415e-07 1.1087165e-07 1.1613101e-05 3.0800857e-07 3.1673574e-06 2.986745e-05 9.104355e-07 7.5471166e-06 2.2954537e-06 3.6572386e-05 0.00014023119 0.00031560415 5.9695296e-05 2.828128e-05 0.0012501782
0.99985135 0.6806145 0.32865876 0.9587207 0.4137864 0.4994418 0.4672475 0.04417072 0.18765329 0.6117547 0.4355194 0.02157729 0.6851968 0.017633785 0.17329235 0.05125075 0.08386277 0.9240534 0.007161305 0.021314908 0.0081669 1.4260456e-13 0.020122826 0.007151071 0.024236834 0.014861128 0.59333223 0.053819325 0.038820855 0.010936084 0.0049230903 0.09437311 0.002261743 0.001903827 0.0004989849 0.006212638 0.0027297249 0.0016371774 0.0005439436 0.001029714 0.0007298294 0.0007794397 0.015233716 0.0006603913 0.00018459834 0.0014297524 0.0002496013 0.0002852905 0.009289946 0.00054935465 0.004557341 0.0036168327 0.00017323061 0.00012975017 0.008595332 0.00010857008 0.0044953953 0.009295538 4.4103108e-05 0.000466233 6.905341e-05 6.3743246e-05 1.3047303e-05 0.0006818405 0.024349159 0.008151894 0.00041667916 6.232164e-05 0.00035540326 4.293635e-05 0.00010448862 0.000643504 0.0001378102 6.328079e-05 6.7902874e-05 4.9164788e-05 0.0029543072 0.00075809384 0.0010843887 0.000103877086 0.0003034224 6.1568437e-07 3.7966736e-06 0.0023400693 2.4320873e-06 5.3527212e-05 1.0698022e-05 2.544815e-06 7.0968754e-06 6.7023643e-07 2.3880486e-06 2.5242023e-06 3.497441e-07 3.6557656e-06 2.1204182e-06 8.380717e-06 0.00034557158 9.192149e-05 4.6233858e-05 9.484581e-05 0.00043007388
0.94607115 0.0027491727 0.11529233 0.0034801122 0.16356511 1.8898398e-05 5.254905e-05 0.2656378 0.0002774976 0.046484217 4.81212e-05 0.04935554 9.82439e-06 0.00060371356 1.2997998e-05 0.9789463 6.0539907e-05 0.043164637 0.00023305682 1.44192845e-05 0.23642538 0.020122826 8.458154e-13 8.92781e-05 0.96072185 8.3944826e-08 0.25488997 3.7369668e-06 0.39187095 3.0114122e-06 0.37452605 0.00014946322 0.2701211 0.37647778 1.1294244e-05 0.03168873 0.6536995 0.017453253 0.21763243 0.004176953 0.12195672 0.0038297009 8.3774044e-05 0.004735643 0.005373558 0.00018435414 0.02110937 0.002047979 9.664273e-07 0.00084318203 0.0014229612 0.9288981 0.0006449509 1.1529692e-06 7.1504566e-08 0.24879727 5.8437067e-06 1.3462866e-07 0.0001315881 0.00064757274 0.00018354753 0.15406577 0.010448464 0.00089325284 6.7719215e-05 5.3727863e-08 0.23341563 0.005713215 0.00018840158 0.00012629194 3.5578407e-05 0.0010061854 1.8998917e-06 1.4774838e-08 4.4986132e-07 0.000100369645 3.3178923e-05 0.00039760125 9.662751e-07 8.6559034e-05 1.7722521e-06 8.5127465e-07 2.2001233e-05 1.9401352e-08 0.0018053696 7.6787745e-07 0.0004061373 3.4402888e-06 8.1382655e-05 0.00010976149 0.0001636827 0.0011240878 3.6583864e-05 6.485962e-06 1.9385022e-06 4.1897525e-08 6.451831e-05 7.7106745e-07 2.8881657e-05 7.9321235e-06 0.004608063
0.26450533 0.15226214 0.10118031 0.063944235 0.064039744 0.00840402 0.0042540994 0.01182431 0.5291966 0.008224041 0.0011834818 0.08243805 0.0005025906 0.48043334 0.099010535 0.00050903705 0.96702486 0.0052910587 0.99749196 0.015329566 0.071175896 0.007151071 8.92781e-05 6.583373e-13 0.0008114581 0.0023590717 0.019557288 2.5596102e-05 0.00030463465 0.28552935 4.302991e-06 3.68613e-05 6.5938143e-06 0.0012192714 0.8145159 9.8637305e-05 3.5626928e-07 5.29284e-06 0.019734269 8.727804e-07 2.5304243e-07 1.8025206e-07 4.2275615e-06 2.9834118e-05 8.358072e-08 5.194139e-05 0.17320125 9.035904e-08 6.547991e-07 2.9864543e-07 0.00043472098 4.750114e-07 1.0564202e-07 0.12690298 3.0291556e-06 0.00016738001 3.3881846e-05 3.009387e-07 0.26352006 9.459144e-07 1.3849979e-06 2.4843797e-05 0.00013190837 2.000611e-06 2.2253702e-05 7.6848155e-06 4.073695e-06 1.8423638e-06 4.52319e-07 3.5585351e-06 6.1232996e-08 2.2022918e-07 0.39726675 1.4298049e-08 0.0031470703 9.079639e-06 3.9853603e-07 3.281928e-05 9.673133e-07 6.912153e-07 2.4339247e-08 3.8217195e-07 1.4215011e-07 1.8996062e-07 2.355168e-06 5.791458e-07 1.371203e-07 1.8559284e-08 1.3769642e-06 1.944299e-08 2.6648813e-06 5.0232586e-07 1.6235508e-07 1.3498916e-07 2.6242355e-07 0.008471282 0.000104595005 0.0108482065 6.446972e-07 5.312973e-06 2.3695131e-05
0.9453855 0.009524836 0.53242546 0.0111056855 0.6169145 5.6502417e-05 3.5534023e-05 0.5485073 0.0012498879 0.042526674 9.0061425e-05 0.4393954 2.9812827e-06 0.0031517027 1.1128564e-05 0.72848934 0.0001552668 0.06388572 0.0018692903 2.8195964e-05 0.8643467 0.024236834 0.96072185 0.0008114581 1.7297263e-13 2.2095433e-07 0.46446824 3.25729e-06 0.2554191 3.303577e-05 0.05000478 3.3743898e-05 0.06374416 0.97429836 5.228082e-05 0.008568826 0.098323226 0.0055971253 0.5899688 0.002155156 0.015529346 0.0009179565 8.597483e-05 0.0017723166 0.0026248817 0.00013066597 0.12118353 0.00015738644 1.02139566e-07 0.00023851717 0.0024472806 0.66240764 0.00017191433 7.5133033e-07 1.0500862e-07 0.44897404 8.735981e-07 1.1776793e-07 0.0025986428 5.4359403e-05 7.4545365e-05 0.20678349 0.06679285 0.0002782831 5.9487236e-05 2.3827127e-07 0.019212289 0.00038138826 5.744614e-05 5.3773e-05 1.4783854e-05 0.00092243124 2.9650202e-05 1.12649e-07 8.9225836e-07 1.5089104e-05 5.4728465e-05 0.00015053997 2.3031744e-06 1.099991e-05 2.676746e-06 1.2952405e-06 5.0662907e-06 8.75452e-09 0.00070653384 7.731811e-08 4.045628e-05 2.4867277e-06 3.7441103e-05 2.10155e-05 3.142207e-05 0.00019203247 2.3122263e-06 7.754785e-06 1.0433835e-06 4.5554847e-05 0.00027584325 9.904008e-05 4.320885e-05 6.2487925e-05 0.008215947
0.80135053 0.03619952 0.00043984852 0.04665615 0.00034162652 0.82132417 0.91596514 1.4494548e-05 0.00012839212 5.4875218e-05 0.61752087 5.661166e-06 0.63782036 1.2431017e-05 0.58660406 1.755312e-06 0.3421396 0.00085365394 5.8811067e-05 0.99085915 2.0816499e-06 0.014861128 8.3944826e-08 0.0023590717 2.2095433e-07 8.763034e-14 0.0049923477 0.071762994 9.667308e-06 0.9345158 9.460393e-08 0.012313325 2.6201693e-07 1.9435288e-07 0.13100661 7.5618755e-07 1.5850302e-08 6.652042e-08 5.1291404e-06 7.473385e-09 6.1242574e-08 5.0156896e-09 0.0002817238 2.9497096e-08 2.9197724e-09 0.0013776014 3.0833096e-05 6.865947e-09 0.0036914602 1.3166077e-08 0.000578047 9.286349e-09 1.3559757e-08 0.24073415 0.035628937 1.2706225e-07 0.0013943826 0.001672664 1.3570373e-05 2.491487e-08 1.2100247e-07 9.563793e-07 9.861129e-08 5.1970844e-08 1.8871673e-05 0.5914188 1.879132e-07 1.3867532e-06 2.702689e-08 1.04036744e-07 1.11126134e-07 2.9287165e-07 0.0064922157 0.0036384983 0.87398887 6.3911176e-07 1.1755731e-05 0.0002446781 0.00022980955 9.140498e-08 4.024465e-06 1.7418223e-07 2.6751596e-07 0.0012755465 8.750694e-06 2.9242874e-05 8.46757e-06 7.288247e-08 2.1604426e-06 2.8626782e-06 3.7197668e-05 0.0005125857 4.2615497e-07 1.594116e-07 2.61926e-07 3.0496876e-05 0.434985 5.4162015e-06 6.226859e-05 0.0002129552 0.00039251937
0.9993303 0.53484386 0.77780265 0.48476282 0.851514 0.13280727 0.10057951 0.4231656 0.39245972 0.85763216 0.11687104 0.38773403 0.11883814 0.081846096 0.08881605 0.7542113 0.12246836 0.93002963 0.030355671 0.016504617 0.25409168 0.59333223 0.25488997 0.019557288 0.46446824 0.0049923477 5.0020205e-12 0.017451365 0.61139214 0.019302003 0.18646315 0.009146831 0.05325771 0.101696685 0.0016292736 0.16290161 0.07099997 0.049322844 0.07815825 0.012435679 0.037501447 0.011600937 0.0054115113 0.020959198 0.004862735 0.0012934051 0.010312594 0.0044286815 0.00842746 0.0045089116 0.015330028 0.06355424 0.0013716021 0.00044149713 0.003355604 0.003462801 0.002069233 0.0035266425 0.0057159187 0.0062270435 0.00073656545 0.0016378755 0.00018964901 0.004820165 0.006732741 0.005752136 0.015808865 0.0029290575 0.001600443 0.00065292907 0.001699956 0.0050490913 0.0011277682 6.2910076e-05 0.000106312466 0.0011499347 0.0016487682 0.0019369853 0.00034481264 0.00027814702 0.00021757431 0.000102293154 0.00020385292 0.0002511651 5.087544e-05 1.477482e-05 0.00014460839 7.4172356e-05 0.00025948192 0.000114238646 1.09658795e-05 2.027773e-05 2.3524328e-05 2.5377032e-05 4.9775026e-05 0.0003455462 0.00012232873 0.00036543552 4.059936e-05 5.033156e-05 0.0022391898
0.9526822 0.00054455013 0.00010342139 0.002210606 0.00015949305 0.014539974 0.016567336 3.2637377e-05 0.00022494762 0.0004678262 0.4506807 1.1079429e-05 0.8576468 2.418182e-05 0.01028018 1.570186e-05 0.004212261 0.005346484 1.547626e-05 0.01597856 9.262552e-06 0.053819325 3.7369668e-06 2.5596102e-05 3.25729e-06 0.071762994 0.017451365 5.1866195e-11 5.1205163e-05 0.012264079 1.0859058e-06 0.9664165 6.6066457e-07 1.747877e-06 0.00015441666 0.00016663669 9.099932e-08 5.9008235e-06 8.035906e-07 4.4032506e-05 2.479124e-08 8.5254044e-07 0.06304205 0.00013473547 1.7221011e-05 0.2770581 2.279031e-06 4.0443524e-08 0.9730226 1.6833607e-07 0.014441745 7.3001877e-07 8.8193303e-07 2.842868e-05 0.7353256 5.36252e-07 0.6549267 0.8540908 6.835733e-06 3.0875977e-08 1.2169996e-07 3.4546167e-06 3.406368e-08 3.4494533e-05 0.007557241 0.2381591 1.3245572e-06 1.2189899e-08 1.130223e-05 1.0584034e-06 0.0002011752 0.00040608676 4.718404e-06 0.14186032 0.0008429324 5.665266e-08 0.0011603106 0.0031505008 0.16632408 2.9231455e-06 0.0014089944 6.089497e-09 4.8133245e-08 0.38737562 3.4124733e-07 0.004764397 4.101792e-09 4.9196446e-05 1.2890285e-06 1.6979612e-08 2.190215e-07 1.0590895e-07 8.5120405e-07 1.4622866e-07 1.1316801e-07 2.6434475e-06 0.0017501196 1.18433576e-07 0.01407363 0.0021659397 0.00027058486
0.9971354 0.00086655095 0.0059957067 0.0013419632 0.020405931 7.5158765e-05 0.00012481357 0.019850457 0.0030301074 0.10180595 0.00016976667 0.018550618 0.00024142496 0.0010682932 0.00026137868 0.79243654 0.0007838343 0.24699591 0.0007094991 3.949142e-05 0.021477059 0.038820855 0.39187095 0.00030463465 0.2554191 9.667308e-06 0.61139214 5.1205163e-05 7.5454714e-13 9.670181e-05 0.9669319 0.00021752475 0.77804315 0.038241982 2.5158184e-05 0.71219635 0.77079594 0.50707626 0.0096953735 0.046836123 0.58716017 0.05001142 0.00013785476 0.013416631 0.011933482 3.7692065e-05 0.00076943677 0.12865077 7.203351e-06 0.13940863 0.0027501164 0.3263991 0.010169398 1.8364399e-06 2.4606681e-05 0.006944275 2.2694843e-05 5.666562e-06 3.415371e-05 0.13374846 0.008515485 0.011437655 0.00018536202 0.0005930581 4.957204e-05 2.165836e-05 0.31651974 0.045317635 0.0006644124 0.0004481528 1.584132e-05 0.00066727214 1.5178586e-05 1.1221919e-06 6.484255e-06 0.0014450975 0.00023586834 0.00041149926 3.6587946e-05 0.00023279892 1.1482255e-06 6.669998e-05 0.00068537897 1.2431171e-07 0.00033239368 1.9414873e-07 0.0014078661 8.2925635e-06 7.22739e-05 0.00823772 0.0011850393 0.00029087687 0.00030932986 8.383331e-06 0.00016269695 2.2259133e-05 9.173351e-06 4.280613e-05 1.759367e-07 7.471101e-06 0.0005868739
0.82851225 0.15241878 0.019789094 0.14315693 0.007437732 0.66317886 0.28077954 0.0010531236 0.14781931 0.0026945078 0.19146116 0.00096285826 0.103396066 0.017412346 0.70503664 2.9248591e-05 0.9422993 0.0049405745 0.018177265 0.8394665 0.000298661 0.010936084 3.0114122e-06 0.28552935 3.303577e-05 0.9345158 0.019302003 0.012264079 9.670181e-05 7.859263e-12 3.5019084e-06 0.0014866273 1.591489e-06 0.00010216748 0.9939248 4.8804424e-05 3.8875282e-06 3.7178052e-07 0.0003863842 9.902384e-07 7.821552e-07 5.8121907e-07 0.0005151274 8.69211e-05 1.1019154e-07 0.0012370993 0.0004185133 1.3083275e-07 0.0018099751 1.6352088e-06 0.005197712 5.0560364e-05 2.7773496e-07 0.6956731 0.0023940082 1.2788852e-06 0.0013900183 0.00017173965 0.0008935933 3.0848641e-06 3.432998e-07 0.00016239588 4.8961924e-06 3.090948e-06 0.00016579797 0.0007704111 0.00010532451 4.0483e-06 8.206503e-08 3.096929e-06 8.574392e-07 6.3334314e-06 0.10460317 6.945675e-05 0.609433 2.432057e-06 0.00016353853 0.00024025886 7.3520046e-06 9.3824985e-07 3.1706443e-07 2.242795e-06 9.729046e-06 6.4602627e-06 2.9791925e-05 5.979161e-06 8.052542e-06 4.5495902e-08 9.841132e-07 2.8092843e-05 2.0115764e-05 8.962083e-06 0.00011220292 7.230684e-07 1.774093e-05 0.00063498155 0.04411396 0.00061262766 5.5981185e-05 4.0596613e-05 0.00021205924
