2.795046e-35 0.9403553 0.3616759 0.770396 0.40795654 0.36750433 0.5627956 0.7376303 0.5704325 0.6820657 0.9542952 0.48405787 0.35149482 0.21805546 0.21490201 0.04317117 0.6880841 0.33270591 0.01539347 0.8238613 0.017229553 0.43525845 0.1042188 0.5085391 0.87618107 0.4290231 0.6512923 0.97902143 0.9709508 0.4325691 0.020251684 0.84268945 0.5645669 0.015422851 0.7496103 0.42862353 0.6330319 0.80769914 0.53709525 0.7351607 0.99392277 0.058949087 0.72009295 0.53689015 0.056186747 0.021344045 0.0026713498 0.0029288519 0.023822404 0.80126405 0.29887125 0.0014200596 0.73651415 0.59028435 0.9442057 0.88676685 0.0030273937 0.25209108 0.0048448606 0.70836556 0.42208126 0.040039144 0.21076675 0.99259603 0.00015909367 0.00031212872 0.020412944 0.0027154821 0.05898474 0.025641859 2.7679691e-06 7.286232e-06 0.0061608474 0.00093367934 0.9986127 0.9546231 0.19975267 0.14381374 1.9251003e-05 0.016985964 0.00010408037 0.9999026 0.0006288176 0.0021393239 0.00039813912 0.99676377 0.966732 0.9615645 0.9998248 0.0092222765 1.3460992e-05 0.0001349052 1.145334e-06 3.685844e-06 0.9949357 1.5077826e-05 7.91927e-05 0.006009698 0.5105295 8.1144106e-05 1.5161644e-05
0.9403553 6.3093112e-21 0.46729624 0.17222823 0.17255464 0.12071724 0.4230345 0.90621465 0.55013365 0.07025626 0.3547754 0.32239687 0.02501268 0.016305584 0.016191443 0.011542063 0.3035112 0.014562491 0.012011718 0.06927287 0.028653322 0.003733462 0.0020865405 0.10256769 0.40780982 0.048835866 0.067026034 0.6913538 0.3476909 0.020833109 0.00780454 0.06418618 0.0010337131 0.0021695544 0.036536414 0.006103193 0.0065124035 0.04633413 0.0027393806 0.0063693174 0.46094662 0.00084052986 0.01481057 0.0014010018 0.0002101581 0.010112614 0.00016541405 3.0143058e-06 0.00012176795 0.0019119629 0.00040929983 1.0823475e-05 0.07535988 0.0013286803 0.0246965 0.06150092 7.814444e-06 0.00010245473 2.6974169e-05 0.003204837 0.0004542984 4.2354975e-05 6.9994705e-05 0.15395483 3.2523407e-05 0.0014552347 1.7131033e-05 3.4083422e-07 6.596982e-05 3.3012962e-05 0.00014294601 1.689021e-07 3.8955986e-05 0.00012956791 0.07589147 0.009182262 7.1542396e-05 0.0016994188 2.0693968e-05 9.872746e-05 1.8169698e-05 0.019887507 1.7378203e-05 1.5720454e-05 8.977975e-06 0.07487607 0.0009527208 0.0065238075 0.05204675 3.8028396e-05 1.3550315e-05 0.00013953482 2.7762556e-07 3.2254434e-07 0.025114443 0.0003423873 6.397323e-06 5.9888087e-05 0.000227327 0.0001433836 3.325707e-05
0.3616759 0.46729624 1.1708522e-19 0.29026243 0.9340725 0.36648354 0.44156563 0.13836415 0.32334697 0.09945956 0.21906035 0.84835196 0.089696854 0.046749108 0.02082594 0.031729843 0.14252047 0.0071138605 0.04502791 0.014185626 0.052228622 0.0027689962 0.006163154 0.115617976 0.17950927 0.21476099 0.058779 0.296927 0.064797536 0.0057965727 0.010921831 0.0054198573 0.0033943446 0.003965302 0.0043470585 0.0016262265 0.0021601976 0.00888779 0.0030763838 0.0026747403 0.06470282 0.00076328265 0.011143141 0.0020038297 6.595384e-05 0.038107514 0.00020501843 0.0007067971 1.7876748e-05 7.390045e-05 0.00019806948 2.5830705e-05 0.025219046 0.0001404377 0.0018718885 0.022852868 3.3866907e-06 7.879351e-05 9.125665e-06 0.0035430582 5.1141913e-05 9.404308e-06 8.498336e-06 0.03253585 9.6454794e-05 0.0013525998 1.1759045e-06 1.009584e-06 5.4249012e-06 3.1658474e-06 0.00023881877 2.2824881e-07 3.89136e-06 0.0003040907 0.006134119 0.0006445733 3.475235e-05 0.00073975266 7.930112e-06 0.00012789985 1.2122528e-05 0.0003125779 5.606894e-06 4.2683098e-07 3.0524297e-06 0.007891899 0.0006687641 0.0011622193 0.0012684639 1.4227001e-05 1.4449914e-05 0.00012895353 4.406376e-07 4.6154074e-07 0.0012976801 0.00012341863 7.5973203e-06 6.566392e-06 0.00019764832 1.847143e-05 5.6615525e-05
0.770396 0.17222823 0.29026243 1.0464354e-18 0.51978034 0.8777268 0.051642854 0.024835965 0.034749594 0.78826845 0.7923035 0.2746651 0.5040217 0.34278968 0.28790072 0.14580989 0.02312483 0.09148089 0.022543255 0.04429277 0.015225299 0.04503621 0.04351022 0.008329245 0.036145654 0.027881255 0.00586682 0.1457416 0.09438982 0.014537355 0.030805442 0.024438376 0.019415593 0.013301244 0.009694786 0.00018841092 0.010502987 0.016281158 0.0007968912 0.0003365404 0.0689268 0.006704072 0.002047646 0.010286398 0.0016561514 0.008101596 0.0014151378 0.0014515298 0.0008073315 0.0007514723 0.0017323566 0.0001689275 0.00538092 0.00058669574 0.0036754068 0.005338012 9.444253e-05 0.0013017766 0.00018127216 0.000552012 0.000292239 0.0005539948 0.00013167963 0.011224547 0.00018412978 0.00032279128 1.4569441e-05 2.1331203e-05 4.7889087e-05 3.7163485e-05 0.00021305069 8.992119e-07 1.4768888e-05 6.901437e-05 0.0016463455 0.0011627998 0.00012095338 2.9090555e-05 1.692254e-05 2.051111e-06 1.4185341e-05 0.0003123571 6.9020916e-06 8.692085e-07 5.225218e-06 0.0028487819 4.534839e-05 0.003243671 0.001640972 1.5298916e-05 1.0773509e-05 4.5735173e-06 1.6641466e-06 2.280818e-06 0.0031288676 1.8556817e-05 1.3584008e-05 9.586124e-06 4.409539e-06 7.4500763e-06 2.6746013e-05
0.40795654 0.17255464 0.9340725 0.51978034 1.1246019e-20 0.7736624 0.15070428 0.039224934 0.077855475 0.2959862 0.26281968 0.7981213 0.36347935 0.24602197 0.08638929 0.17580855 0.040880073 0.020483546 0.06824625 0.01602069 0.049763963 0.011746482 0.023976691 0.020960374 0.048529368 0.05753111 0.011967046 0.12373354 0.043756127 0.005398674 0.03915466 0.013026106 0.013099313 0.013842686 0.0050218194 0.0005495213 0.0034954327 0.0075440886 0.0012018702 0.0008485367 0.039888714 0.005747996 0.002787013 0.004783927 0.0006995996 0.030983228 0.0013914666 0.0032232713 0.0002483727 0.00020411651 0.000668286 0.00015117227 0.006425103 0.00012679034 0.0017912972 0.0057857116 2.8709035e-05 0.00043438675 0.00014396277 0.0011855575 4.726801e-05 8.724508e-05 2.7770713e-05 0.013870633 0.0006808438 0.0029156352 1.5183712e-05 1.4998824e-06 1.1159587e-05 1.558133e-05 0.0003989241 7.6321083e-07 1.2079448e-05 0.00026263576 0.0026577916 0.0009486586 1.9881123e-05 8.672478e-05 5.445534e-05 1.2961976e-05 6.9550774e-06 0.00017116901 1.2379107e-05 9.5146225e-07 9.320699e-06 0.004209507 0.00011792344 0.001660434 0.0017024627 7.37238e-06 1.2913831e-05 1.550764e-05 1.1332899e-06 8.830936e-07 0.0020561046 4.6094032e-05 9.7140355e-06 4.8832844e-06 4.207981e-06 1.2901705e-05 0.00015784732
0.36750433 0.12071724 0.36648354 0.8777268 0.7736624 5.1966334e-21 0.052375738 0.015528272 0.02680838 0.753248 0.5371289 0.32185063 0.638822 0.4050141 0.22004554 0.18296625 0.020079374 0.055766966 0.02482799 0.020134328 0.013334692 0.02136107 0.043641947 0.0060791 0.030783672 0.02737093 0.0032722042 0.08072676 0.052345797 0.0066375476 0.02795313 0.016779652 0.014822515 0.012625756 0.008352954 0.00019302746 0.0061718556 0.011519571 0.00054180104 0.00030790153 0.041170955 0.005861566 0.0020837605 0.0065406086 0.000823735 0.011041052 0.0015571542 0.0014602074 0.00025609956 0.0003173553 0.0012471112 0.00014946137 0.0035691173 0.00027357243 0.0029065656 0.0035813134 2.3429397e-05 0.00054924784 0.00012231858 0.0005134563 0.000121014884 0.00011358261 3.4863355e-05 0.008228081 0.00029079255 0.0014930175 7.837177e-06 4.385045e-06 1.48255895e-05 2.0267984e-05 0.00022752199 4.333554e-07 9.496261e-06 8.127337e-05 0.0011736461 0.0012093851 3.8822804e-05 9.791713e-05 2.9130784e-05 2.954569e-06 7.4347386e-06 0.00010443562 1.1377856e-05 2.173918e-06 7.4760123e-06 0.0017748037 2.4489345e-05 0.0021946458 0.0012388986 1.0208124e-05 1.3612525e-05 1.0727936e-05 5.7925246e-07 9.2354594e-07 0.001838117 3.178831e-05 1.3874443e-05 9.609923e-06 4.85809e-06 1.031844e-05 0.000117516916
0.5627956 0.4230345 0.44156563 0.051642854 0.15070428 0.052375738 6.1634944e-18 0.54453915 0.93079805 0.020093087 0.047671217 0.6908325 0.025053607 0.02167418 0.016025227 0.029189916 0.29273337 0.008696005 0.08997669 0.008525231 0.135676 0.0030017395 0.004434357 0.59934765 0.20742954 0.50609684 0.19728892 0.2582936 0.05482821 0.0028397467 0.008475485 0.0030588484 0.0004582326 0.0019150749 0.0005125962 0.05246954 0.0005689667 0.0076895487 0.049592685 0.07315226 0.059949946 0.00024638043 0.04357826 0.00052235817 3.992703e-05 0.1448455 0.0001745142 0.0015627175 1.32942105e-05 3.7315593e-05 9.608452e-05 1.8663179e-05 0.06795406 9.604165e-05 0.0009623093 0.0659651 1.599905e-05 1.730565e-05 5.1170555e-05 0.019722918 1.6703996e-05 4.6624987e-06 1.196685e-05 0.08641244 0.0004399106 0.0028917403 4.518851e-06 1.1311297e-05 2.5596904e-05 7.323907e-06 0.0007252 1.0816981e-06 9.156596e-06 0.0020795637 0.017345952 0.00021325723 3.1508975e-05 0.0035007116 0.00014409627 0.0005291603 5.8897817e-06 0.0006604788 2.673975e-06 1.9658544e-06 3.3199349e-06 0.027228715 0.004688566 0.00019476174 0.00077082776 1.6360613e-05 9.447626e-06 0.00057733024 9.1745716e-07 1.1802514e-06 0.00050218817 0.0023960492 5.7457837e-06 1.7020688e-05 0.0016278587 0.0005774495 0.0007769139
0.7376303 0.90621465 0.13836415 0.024835965 0.039224934 0.015528272 0.54453915 7.9174926e-19 0.865975 0.0046074763 0.030366208 0.24315879 0.005353678 0.0033696499 0.0015587389 0.0027177308 0.55433387 0.0010809628 0.008548616 0.0060888706 0.021646863 0.00024217836 0.00042527987 0.25240776 0.35269383 0.15910931 0.46601424 0.3293618 0.06825793 0.0030046396 0.0010640873 0.0024747155 9.025453e-05 0.0002979836 0.0012296028 0.027466195 0.00029935563 0.014928252 0.023735292 0.037928868 0.12910943 3.1920885e-05 0.04439682 0.00025004326 7.353175e-06 0.016097326 1.7834245e-05 1.5427004e-06 5.169226e-06 4.464154e-05 2.188816e-05 3.1038242e-06 0.1400522 5.54665e-05 0.006491625 0.11050477 2.934785e-06 1.0094469e-05 5.2267733e-06 0.011395287 9.192881e-06 7.954296e-06 2.0951811e-06 0.15377651 3.895597e-06 0.0003108057 3.4003606e-06 2.2281073e-07 2.5073907e-06 8.614485e-06 5.5549877e-05 9.398792e-08 8.021699e-06 5.763722e-05 0.063161165 0.00087151065 3.3445478e-06 0.0077166893 3.0372837e-06 0.00016493534 2.484016e-06 0.002924183 1.7981844e-06 6.2573616e-07 1.0523153e-06 0.049148813 0.009083967 0.00012909246 0.0028946872 1.2262822e-06 6.495953e-06 0.00012942885 1.9310374e-07 8.1090064e-08 0.0013767976 0.00045943746 2.3665018e-06 2.8213085e-06 0.0015470131 0.00010483476 1.3629268e-05
0.5704325 0.55013365 0.32334697 0.034749594 0.077855475 0.02680838 0.93079805 0.865975 1.1426672e-16 0.0064200135 0.023588989 0.5499635 0.009160863 0.0077517913 0.0037381563 0.007106761 0.44873276 0.0031269258 0.029090086 0.0036822446 0.084665745 0.0007544933 0.0010439166 0.5243448 0.29060516 0.42944622 0.4137033 0.22318764 0.04362658 0.0025605795 0.0035641256 0.0017216151 0.00016016662 0.00092935923 0.00074648415 0.049309436 0.00042819153 0.009033519 0.045076776 0.05945139 0.053904798 0.000114464616 0.042874217 0.00035590664 3.515298e-05 0.08282799 9.141645e-05 3.073085e-05 1.880041e-05 3.8349946e-05 7.3022355e-05 8.844182e-06 0.11456714 0.00011551682 0.0014802018 0.079129614 7.116761e-06 2.875567e-05 1.4198279e-05 0.0196788 2.264838e-05 1.9471356e-05 1.9818464e-05 0.07761234 6.284909e-05 0.0012874629 4.085503e-06 1.2407679e-06 3.2666183e-05 1.6365468e-05 0.00037876275 4.2228086e-07 1.2223934e-05 0.0011014632 0.027734734 0.00019596868 1.7832885e-05 0.0126931295 3.9116665e-05 0.00051838905 3.483459e-06 0.00073965354 3.5831524e-06 1.965937e-06 2.964371e-06 0.032020755 0.010928369 0.00019188618 0.0006586515 1.759045e-05 1.3679769e-05 0.0008951576 5.6869425e-07 3.381525e-07 0.00031015722 0.0026222682 6.197329e-06 1.5425145e-05 0.003010587 0.00043565728 0.00018056046
0.6820657 0.07025626 0.09945956 0.78826845 0.2959862 0.753248 0.020093087 0.0046074763 0.0064200135 2.3669285e-19 0.83279574 0.15428188 0.8075721 0.6940582 0.7366481 0.26280951 0.007112667 0.39983335 0.020122612 0.039652046 0.010746646 0.1733643 0.11863951 0.0029699346 0.011231641 0.013868532 0.00061881106 0.05869313 0.081384696 0.01993292 0.04465977 0.04916717 0.045432597 0.012412639 0.021460785 0.0001138596 0.023359306 0.021140983 0.0005613876 0.0001562193 0.051655877 0.008132253 0.0005798702 0.019395309 0.0025729937 0.010023378 0.0019893546 0.0010513164 0.0012934476 0.001361387 0.003797842 0.00026454675 0.0026116564 0.0010266537 0.0055664005 0.0024554092 0.00016047653 0.0022732127 0.0004712522 0.00027356224 0.0007213951 0.0012978489 0.000490279 0.005386028 0.00022323454 0.0005843973 8.606244e-05 2.8476412e-05 0.00013533664 0.00017104938 0.00023479738 8.9580607e-07 5.4709788e-05 5.671091e-05 0.000509015 0.0019366979 0.0003316701 1.46530065e-05 2.7475935e-05 1.9865554e-06 1.4224315e-05 0.00020194927 2.6348484e-05 2.6422274e-06 2.124721e-05 0.0023037964 1.1425187e-05 0.005296309 0.0018390402 3.8712595e-05 1.8518365e-05 5.6802464e-06 2.7082492e-06 6.107559e-06 0.0040473663 2.0172129e-05 3.482388e-05 2.3478851e-05 8.8788767e-07 5.1891952e-06 8.49126e-05
0.9542952 0.3547754 0.21906035 0.7923035 0.26281968 0.5371289 0.047671217 0.030366208 0.023588989 0.83279574 3.2720872e-16 0.15523751 0.43743947 0.38530558 0.5768599 0.0946824 0.021172846 0.6037098 0.0066978605 0.45702326 0.008676396 0.29830346 0.07561638 0.0005850377 0.03423162 0.0052425717 0.0027720663 0.35214895 0.5571216 0.21521433 0.01988447 0.4813062 0.10408511 0.006562664 0.26063097 5.5903398e-05 0.1461588 0.17479675 0.00017642303 6.536966e-05 0.4678561 0.007383955 0.00040902357 0.063030906 0.006958671 0.0018363937 0.00043245667 0.00014366652 0.0033205687 0.018067596 0.01003197 5.487878e-05 0.004769625 0.01319577 0.054961268 0.0032068123 0.00010711063 0.006601344 0.00026313015 6.37883e-05 0.002758756 0.0018977252 0.0041434695 0.014517085 1.4869257e-05 5.5042474e-05 0.00016433932 1.902921e-05 0.0012364035 0.00017090834 1.617559e-05 6.318842e-08 3.8418584e-05 1.2710469e-05 0.001701737 0.013069601 0.0009018962 2.1668145e-06 7.63327e-06 3.0362108e-07 3.787701e-06 0.002176041 5.093221e-06 2.3816326e-06 5.615033e-06 0.004931936 2.855503e-05 0.022211531 0.028988069 3.8124916e-05 2.5745499e-06 1.1907555e-06 1.633584e-07 3.4869637e-07 0.020728713 5.458712e-06 9.845822e-06 1.9208916e-05 2.7582826e-06 4.3614278e-07 3.9485976e-06
0.48405787 0.32239687 0.84835196 0.2746651 0.7981213 0.32185063 0.6908325 0.24315879 0.5499635 0.15428188 0.15523751 1.6668048e-18 0.21343063 0.1843232 0.07874896 0.22404669 0.17889024 0.028883483 0.43596837 0.013477152 0.47827068 0.020835575 0.044062294 0.48698914 0.16679613 0.71838325 0.10961274 0.24307622 0.044576228 0.0055027306 0.07485137 0.01509682 0.021959832 0.01480038 0.0073035723 0.011340046 0.006556512 0.0052908696 0.013067688 0.015473532 0.03291934 0.0060488777 0.019185647 0.0054037473 0.00066651497 0.4498136 0.0016812343 0.008194006 0.00018638215 0.00021722187 0.0006970656 0.00015547896 0.02822626 0.00032754542 0.0008822595 0.02626894 2.50793e-05 0.00040472372 0.00010794412 0.012134945 0.00011732274 1.7634036e-05 3.511793e-05 0.032528397 0.005164104 0.017361103 1.1093417e-05 3.0209261e-05 7.365089e-05 3.3232154e-05 0.0034170412 1.2851939e-06 1.7735176e-05 0.007823724 0.004910931 0.00077920937 0.00014852229 0.0025107625 0.00023427868 0.00043685987 5.280153e-05 0.00021740672 4.0952236e-06 1.543872e-06 4.7486487e-06 0.008113785 0.0012670668 0.0008402849 0.0007379769 1.99355e-05 1.9681083e-05 0.00055951247 0.00010645451 2.4096214e-06 0.0006739502 0.0012552208 1.2467491e-05 7.890747e-06 0.0008197282 0.00041563736 0.0012225474
0.35149482 0.02501268 0.089696854 0.5040217 0.36347935 0.638822 0.025053607 0.005353678 0.009160863 0.8075721 0.43743947 0.21343063 7.124448e-21 0.8652887 0.67535365 0.54063743 0.007505903 0.17357056 0.039061587 0.016715327 0.013317275 0.16320132 0.25523302 0.00302616 0.007330445 0.012959899 0.00066244 0.02753323 0.029233368 0.005543229 0.08734872 0.034685913 0.054001566 0.049118757 0.011978344 9.725673e-05 0.017156655 0.006929533 0.00044194347 0.0001986241 0.024901843 0.030322226 0.00037321998 0.018071612 0.0043933853 0.012260982 0.00603464 0.006343064 0.0015699302 0.00083834794 0.0042373138 0.0010143421 0.0015604047 0.000540633 0.002289621 0.0019441806 0.0004206635 0.0020875765 0.001356014 0.00021349837 0.00024216494 0.00081872614 0.00012345548 0.002818298 0.0010499842 0.0017808896 0.00023711602 1.6224318e-05 2.0813413e-05 0.00036129367 0.0005071826 8.149036e-07 0.00013232783 0.000103831226 0.00022571717 0.0008861726 5.2808628e-05 1.5033158e-05 7.6098324e-05 3.4703116e-06 2.1453223e-05 9.678023e-05 5.550672e-05 9.300091e-06 3.898918e-05 0.0016309355 5.821047e-06 0.0013663269 0.0010846877 3.0289806e-05 4.0372946e-05 5.7509696e-06 2.8685704e-06 5.6227923e-06 0.0016234961 2.036288e-05 4.4714063e-05 2.8721523e-05 7.4895024e-07 4.817072e-06 0.00023965517
0.21805546 0.016305584 0.046749108 0.34278968 0.24602197 0.4050141 0.02167418 0.0033696499 0.0077517913 0.6940582 0.38530558 0.1843232 0.8652887 7.900671e-23 0.82795936 0.81918097 0.0053542503 0.30112493 0.0498006 0.01746879 0.016011378 0.40450117 0.59802186 0.0013972891 0.004443393 0.010550592 0.0005447548 0.017505938 0.030082667 0.006462975 0.22479533 0.03684483 0.13535863 0.09539185 0.011867198 8.2008664e-05 0.026927328 0.0079763755 0.00045709865 0.00023884702 0.026485557 0.08613724 0.0004117697 0.025858993 0.011507475 0.012223364 0.009140082 0.010449561 0.0029278272 0.0011209699 0.009382164 0.0015059819 0.0016237011 0.00067950075 0.0024189164 0.0028710049 0.00046108323 0.0031372309 0.0012087405 0.00011087922 0.0003309974 0.0016676586 0.0001056952 0.002987033 0.000813461 0.0022686105 0.00035940905 1.8634937e-05 1.8770743e-05 0.00056293706 0.00054415787 1.0421205e-06 0.00013665849 5.608854e-05 0.00024979634 0.0011029459 2.9253977e-05 4.7994913e-06 4.0284987e-05 1.4275432e-06 2.0880074e-05 8.964471e-05 3.470929e-05 1.4001691e-05 2.0795795e-05 0.0018798754 2.9475557e-06 0.0013491061 0.0014833849 1.5081838e-05 2.661058e-05 2.152375e-06 2.88785e-06 3.987301e-06 0.0018312669 5.1118877e-06 2.6454509e-05 1.2442334e-05 4.0808274e-07 8.1575115e-07 0.00012395238
0.21490201 0.016191443 0.02082594 0.28790072 0.08638929 0.22004554 0.016025227 0.0015587389 0.0037381563 0.7366481 0.5768599 0.07874896 0.67535365 0.82795936 2.0054283e-23 0.58863264 0.0026412187 0.8295416 0.03670872 0.031770963 0.016666483 0.8533108 0.7799984 0.00032596925 0.0024001268 0.0047694226 0.00018246876 0.022857456 0.06193402 0.013661699 0.24075219 0.067178085 0.5103731 0.0645727 0.028588947 2.6473941e-05 0.062996246 0.023257032 0.0001655152 0.00010507199 0.048185118 0.16511619 0.00016605227 0.07623032 0.036487777 0.007361778 0.009706359 0.0062930356 0.0131085785 0.0026791657 0.03174142 0.0015478586 0.0009338156 0.0021141018 0.007875198 0.0017265888 0.0004543599 0.008646622 0.0018415884 4.5047782e-05 0.0011825939 0.003520265 0.00074517075 0.0027180354 0.00046160325 0.00087467104 0.00058273907 3.4284803e-05 0.0001619466 0.001094378 0.00010456727 2.198822e-06 0.00024632522 6.3621716e-05 0.00016309666 0.0033738075 0.00017166336 8.757506e-06 9.40255e-06 5.23283e-07 6.558628e-05 0.00011004437 0.00013106984 2.2668413e-05 6.3172796e-05 0.0016204311 1.0789204e-06 0.004579401 0.002792612 2.5954092e-05 6.229401e-05 3.1999136e-06 2.0678017e-06 5.4579214e-06 0.0037375232 4.5557476e-06 5.4591634e-05 2.2120566e-05 1.5485346e-06 4.464252e-07 6.7392444e-05
0.04317117 0.011542063 0.031729843 0.14580989 0.17580855 0.18296625 0.029189916 0.0027177308 0.007106761 0.26280951 0.0946824 0.22404669 0.54063743 0.81918097 0.58863264 2.3461324e-22 0.0028647636 0.115763724 0.20887458 0.006559786 0.052348264 0.2605667 0.8445744 0.0008847574 0.0024931405 0.013393038 0.00046358653 0.00939796 0.017842276 0.002862494 0.4936864 0.016118132 0.18626453 0.3414886 0.0038130826 6.644811e-05 0.009325403 0.0051410682 0.00029954096 0.00022202985 0.0144236805 0.2720346 0.00032211537 0.028599428 0.029666398 0.030075302 0.07281721 0.12052643 0.008104891 0.00022706094 0.0049101 0.0096325 0.0010112252 0.00027811385 0.0017708036 0.0025617825 0.0008954982 0.0039959718 0.0017296335 0.00016271013 0.00015168118 0.0020287838 2.7233034e-05 0.0021697094 0.0086027915 0.009911058 0.00033879603 4.015362e-05 2.2905258e-05 0.0003192507 0.0016805603 5.78018e-05 8.8257926e-05 0.00031383126 0.00024815064 0.0006938327 1.2106584e-05 2.2616243e-05 0.00025377967 5.1852794e-07 5.1932624e-05 0.00012196274 1.9861698e-05 6.925525e-06 1.1597961e-05 0.0018280469 4.15873e-06 0.0010741394 0.0017745964 1.465144e-05 2.8068125e-05 3.4358625e-06 9.43629e-06 4.8585025e-06 0.00084079715 7.083838e-06 1.3466374e-05 8.557111e-06 9.7469965e-06 7.0235285e-07 0.0003528757
0.6880841 0.3035112 0.14252047 0.02312483 0.040880073 0.020079374 0.29273337 0.55433387 0.44873276 0.007112667 0.021172846 0.17889024 0.007505903 0.0053542503 0.0026412187 0.0028647636 2.0406865e-17 0.0019536037 0.0072228876 0.0033195014 0.018885717 0.0009237575 0.0009853013 0.3109556 0.64861697 0.09748474 0.77222306 0.41971642 0.02692814 0.0035347678 0.000687657 0.0046500345 0.00037193374 0.00048480567 0.0016031623 0.11133094 0.000715265 0.0027334006 0.076174304 0.080639996 0.056668095 9.006854e-05 0.17073898 0.0011435032 3.3648714e-05 0.01292915 5.50473e-05 2.0745076e-06 5.7189227e-05 7.4461306e-05 0.00013016102 1.7787534e-05 0.26625654 5.4144584e-05 0.0012575284 0.2378944 7.632214e-06 8.054151e-05 1.5248868e-05 0.011851173 1.9319403e-05 7.474205e-05 2.8207502e-05 0.30353534 2.0569909e-05 0.00032675982 0.00035065672 2.0381988e-06 7.632612e-05 0.00017207721 4.4311415e-05 1.2983111e-06 0.00016239032 0.00011889038 0.14945018 0.0015270851 2.3995557e-05 0.00053217565 7.3143865e-06 0.0004222328 1.2779176e-05 0.026544632 1.3589138e-05 6.888351e-05 1.4404811e-05 0.09309687 0.0019421366 0.00039082862 0.009257431 4.4683064e-05 2.0996467e-05 0.00020013704 8.765653e-06 7.0176407e-06 0.0055311155 0.0009232061 1.0245908e-05 0.00010098653 0.00062931224 0.0001924723 1.382138e-05
0.33270591 0.014562491 0.0071138605 0.09148089 0.020483546 0.055766966 0.008696005 0.0010809628 0.0031269258 0.39983335 0.6037098 0.028883483 0.17357056 0.30112493 0.8295416 0.115763724 0.0019536037 1.4494355e-22 0.013826095 0.053131476 0.006661134 0.9019765 0.20155253 0.00042501558 0.003033078 0.004500463 6.487734e-05 0.026493862 0.0849426 0.03269984 0.061854042 0.1772188 0.5002456 0.01349337 0.07533872 5.1900985e-05 0.1312937 0.035153035 0.0002829983 5.172355e-05 0.05485552 0.04360414 6.1268955e-05 0.09477926 0.023415042 0.0045288038 0.0024355855 0.0013437874 0.008894921 0.0055480576 0.04448614 0.000549781 0.0009456655 0.0034800307 0.010961551 0.00085086364 0.00029215153 0.00945281 0.0010510712 4.103682e-05 0.0016432318 0.0034207301 0.0030112357 0.0016925236 0.00020957069 0.00027583618 0.00042209713 5.2390526e-05 0.00086363364 0.000777835 7.200215e-05 8.2689536e-07 0.0001759581 6.118511e-05 0.00016788006 0.005604026 0.00062523066 6.244345e-06 6.076981e-06 5.526127e-07 6.4519794e-05 0.00019720568 0.00012106139 3.2838914e-05 5.2666444e-05 0.0016047546 2.5609907e-06 0.012612559 0.0036211035 4.2205185e-05 4.5726083e-05 3.3796314e-06 2.6666917e-06 7.5986604e-06 0.006353138 7.102929e-06 9.31435e-05 3.2504002e-05 3.2585532e-07 1.8006332e-06 3.0447387e-05
0.01539347 0.012011718 0.04502791 0.022543255 0.06824625 0.02482799 0.08997669 0.008548616 0.029090086 0.020122612 0.0066978605 0.43596837 0.039061587 0.0498006 0.03670872 0.20887458 0.0072228876 0.013826095 3.6404245e-20 0.0010900063 0.56506425 0.016680032 0.0655436 0.06565998 0.004849393 0.27096692 0.0011398172 0.008032834 0.011307304 0.0011489376 0.15862107 0.0050736503 0.024235597 0.16482687 0.0007916465 0.001330599 0.0034076069 0.0028271803 0.0015849398 0.0023551963 0.0060369773 0.03642995 0.0010162432 0.006294678 0.015942235 0.4312376 0.011781125 0.27437192 0.0029791482 5.5910008e-05 0.00091747567 0.0014435416 0.004101935 0.00024577262 0.0009747732 0.00265265 0.00092731457 0.0019601355 0.0018896462 0.001971301 8.730709e-05 0.00057319127 3.5886158e-05 0.0034055407 0.06520244 0.07434465 0.0005303593 0.000249767 4.6391135e-05 0.00037071947 0.015455354 1.085517e-05 0.00017628058 0.09307521 0.0027795765 0.0008354188 1.41464725e-05 0.000454374 0.011615157 2.685991e-05 1.6269561e-05 0.00013040903 2.6910448e-05 1.7398519e-05 1.37330735e-05 0.0023081056 0.00021025793 0.00014909635 0.0024168184 4.3377677e-05 4.822788e-05 3.1584786e-05 0.0006318937 8.041699e-06 0.0005125945 0.0002846839 1.8785391e-05 9.017512e-05 0.00014166218 0.00018689389 0.009618997
0.8238613 0.06927287 0.014185626 0.04429277 0.01602069 0.020134328 0.008525231 0.0060888706 0.0036822446 0.039652046 0.45702326 0.013477152 0.016715327 0.01746879 0.031770963 0.006559786 0.0033195014 0.053131476 0.0010900063 3.6102675e-17 0.0009908727 0.030821584 0.006793903 0.00013550556 0.0057220133 0.00015411183 9.2676724e-05 0.1288609 0.61261374 0.94113594 0.0027195846 0.26415166 0.032173723 0.0001558238 0.23481597 1.1661968e-05 0.11984929 0.541832 1.4965412e-05 1.60388e-05 0.48843932 0.0006806636 2.2168399e-05 0.0475607 0.001530517 0.00084905804 1.0298121e-05 9.344168e-08 0.0010850829 0.05027196 0.0243547 3.6198687e-06 0.0012590045 0.036505215 0.13589838 0.001795811 1.6461187e-05 0.009945356 3.753388e-05 3.3629992e-06 0.013172955 0.0022753358 0.02549001 0.006869904 5.8827504e-07 0.00012698662 0.00034875624 2.6125417e-07 0.008000598 0.0008481601 1.2446842e-05 5.4147502e-08 7.3471514e-05 0.00011814767 0.004323761 0.044134155 0.007969969 1.4529964e-07 1.5301829e-06 2.166838e-07 3.3121523e-06 0.03378495 5.469947e-06 1.1606303e-05 2.386883e-06 0.011113436 3.170503e-08 0.019193375 0.18165885 0.0008085756 2.7986027e-06 2.4593674e-06 4.6705736e-07 1.8340519e-07 0.043808736 1.1752033e-05 3.520899e-06 0.00033002908 1.374016e-07 3.716368e-06 8.8078195e-06
0.017229553 0.028653322 0.052228622 0.015225299 0.049763963 0.013334692 0.135676 0.021646863 0.084665745 0.010746646 0.008676396 0.47827068 0.013317275 0.016011378 0.016666483 0.052348264 0.018885717 0.006661134 0.56506425 0.0009908727 5.142737e-21 0.0053168098 0.013062941 0.21605854 0.020133264 0.46422356 0.004579008 0.014945979 0.011176715 0.0012842298 0.02489688 0.0028496135 0.0018092596 0.014443613 0.0016366497 0.009763968 0.0024942665 0.0022730285 0.009297959 0.009144698 0.005046686 0.0023413394 0.0016148826 0.0017131664 0.0005259051 0.36504632 0.0005765135 0.009270595 0.00011975646 0.00018115828 0.00041985992 5.9974107e-05 0.009695799 0.0005049182 0.00026011816 0.0030355682 2.7670523e-05 0.0005156771 4.5407724e-05 0.007215097 0.0001119904 0.00011961049 0.00012845421 0.0048745773 0.0024562336 0.04650546 8.1269034e-05 8.1543316e-05 9.161055e-05 0.00013721456 0.0026883555 2.3082473e-06 5.1470968e-05 0.083840296 0.002929383 0.00020681546 9.997152e-06 0.0017642169 0.00062462845 0.0004788786 4.8438993e-05 8.017389e-05 7.443167e-06 1.083063e-05 4.666129e-06 0.0021291482 0.0006867742 2.4244697e-05 0.0013380316 2.0029833e-05 3.704975e-05 0.0004770967 4.953896e-05 6.331698e-06 4.4441298e-05 0.001269592 1.7525581e-05 4.452101e-05 0.0009309613 0.0022815855 0.0012565012
0.43525845 0.003733462 0.0027689962 0.04503621 0.011746482 0.02136107 0.0030017395 0.00024217836 0.0007544933 0.1733643 0.29830346 0.020835575 0.16320132 0.40450117 0.8533108 0.2605667 0.0009237575 0.9019765 0.016680032 0.030821584 0.0053168098 5.940013e-23 0.6062872 0.00019742113 0.0011176821 0.0020299149 2.6975713e-05 0.00837508 0.039989863 0.012906236 0.23730426 0.11195213 0.7670426 0.061350293 0.028593533 3.1443687e-05 0.12585033 0.018493677 9.5583135e-05 3.003535e-05 0.050989505 0.33455715 0.00014115337 0.16907288 0.18994659 0.005190361 0.0114004 0.0053177914 0.074569464 0.0022444266 0.06652456 0.003911771 0.00076635147 0.0022168825 0.0072333305 0.00091025763 0.0024922169 0.047240824 0.013814674 1.7252967e-05 0.0013995129 0.022945434 0.0017593647 0.0012999387 0.0004031981 0.001111872 0.004022639 0.00014622456 0.0006850747 0.008835457 0.00019084358 3.1628028e-06 0.0013657152 0.00012344593 0.00019366675 0.0048232847 0.0004323754 7.657652e-06 1.61281e-05 9.689271e-07 0.00021369981 0.00026921346 0.0004578966 0.0003675324 0.00016293606 0.0023731093 5.034925e-06 0.007731923 0.0042830855 6.927933e-05 0.00019045014 1.7498132e-06 6.847419e-06 2.5909752e-05 0.004804765 5.362272e-06 0.00025916833 7.4510615e-05 5.8596424e-07 2.156441e-06 0.000118177086
0.1042188 0.0020865405 0.006163154 0.04351022 0.023976691 0.043641947 0.004434357 0.00042527987 0.0010439166 0.11863951 0.07561638 0.044062294 0.25523302 0.59802186 0.7799984 0.8445744 0.0009853013 0.20155253 0.0655436 0.006793903 0.013062941 0.6062872 1.526437e-21 2.8328328e-05 0.0007474629 0.0009408111 0.00010165917 0.004025008 0.014404874 0.0022404853 0.64461935 0.030069588 0.5640558 0.45320472 0.0053278063 2.5504434e-05 0.014348394 0.0051349015 0.0001561916 6.894332e-05 0.014189246 0.6982878 0.00012293312 0.056315456 0.22958426 0.004991143 0.1750208 0.12810665 0.07710027 0.000979099 0.013151609 0.08297999 0.0005577206 0.0012079092 0.0022223396 0.002037417 0.022615705 0.018429305 0.0311683 8.531269e-05 0.0005999138 0.006979104 0.00015203598 0.0011296358 0.005633952 0.00555342 0.0019179272 0.0009241055 0.00013998534 0.001973625 0.00050027395 0.00023913237 0.0011024784 0.00011200139 0.00026399308 0.001533998 6.999624e-05 7.4991976e-06 0.00011731278 4.1294592e-07 0.00064154563 0.00019040708 0.0002581365 4.123863e-05 0.0001084879 0.0021117975 1.1031283e-06 0.0021372286 0.0030038487 1.9413652e-05 0.00013949971 9.2739765e-07 1.677713e-05 2.9955256e-05 0.0015842189 1.7068598e-06 8.251436e-05 2.6250942e-05 1.0205234e-05 1.2840013e-07 0.00013019206
0.5085391 0.10256769 0.115617976 0.008329245 0.020960374 0.0060791 0.59934765 0.25240776 0.5243448 0.0029699346 0.0005850377 0.48698914 0.00302616 0.0013972891 0.00032596925 0.0008847574 0.3109556 0.00042501558 0.06565998 0.00013550556 0.21605854 0.00019742113 2.8328328e-05 7.986625e-19 0.23410694 0.9399575 0.5274061 0.109912 0.003283901 9.570373e-05 0.00029710933 9.7411474e-05 2.2741415e-06 3.9318853e-05 4.2666496e-05 0.5443104 6.492754e-05 0.0003356135 0.5782811 0.47433737 0.003819297 2.6906714e-06 0.16882105 5.366997e-05 2.662491e-06 0.4040132 6.3983657e-06 8.122334e-06 1.8103617e-06 1.0960129e-05 1.6136455e-05 1.285172e-06 0.15263422 7.4291434e-05 4.1229938e-05 0.11436759 6.943834e-07 5.5572577e-06 1.6701086e-06 0.7194703 8.540822e-06 2.830671e-06 1.0486542e-05 0.08670774 9.074809e-06 0.011546087 4.2333815e-07 1.5846057e-06 5.486036e-05 5.5924165e-06 0.0015088774 4.3590785e-07 3.4079542e-06 0.02862005 0.024562605 4.7089165e-05 4.092928e-06 0.2321267 1.2813382e-05 0.10418982 1.3211036e-05 0.00030742006 3.1311315e-06 3.5630205e-06 3.074942e-06 0.02570957 0.061860222 1.2117736e-06 0.00035381198 2.1369828e-05 2.7392733e-05 0.047614925 9.0999885e-07 2.1049727e-06 4.2262414e-05 0.07245036 9.259037e-06 4.3091448e-05 0.07172343 0.03281729 0.0005619715
0.87618107 0.40780982 0.17950927 0.036145654 0.048529368 0.030783672 0.20742954 0.35269383 0.29060516 0.011231641 0.03423162 0.16679613 0.007330445 0.004443393 0.0024001268 0.0024931405 0.64861697 0.003033078 0.004849393 0.0057220133 0.020133264 0.0011176821 0.0007474629 0.23410694 1.5795076e-19 0.048769537 0.5153127 0.7963487 0.043962106 0.0060359584 0.00028562426 0.0032931305 0.00012697367 0.00012244194 0.0016378013 0.053565536 0.00084226346 0.0036304551 0.029454552 0.029590184 0.067600206 1.845194e-05 0.16983612 0.00041273626 1.2171923e-05 0.005135156 7.048984e-06 7.3443803e-06 7.462243e-06 0.00015349929 5.8120524e-05 4.9276155e-06 0.3900481 0.0001242466 0.001007339 0.27711502 1.4592266e-06 1.5871745e-05 3.3106398e-06 0.004354538 4.893539e-05 1.8594169e-06 1.22042375e-05 0.5402953 5.237344e-05 0.00041035938 4.008664e-06 9.4812435e-07 2.2091559e-05 8.253816e-06 4.3207405e-05 3.347303e-07 1.7910339e-06 7.374641e-05 0.21154788 0.0010486838 1.0422444e-05 0.00026991064 2.2841192e-05 0.0002447549 7.8058366e-07 0.049381614 2.1558633e-06 3.4339791e-06 1.4680245e-06 0.09783667 0.00048803823 0.00019990833 0.02691106 3.692206e-05 6.2212885e-06 0.000109806715 5.92452e-07 6.248071e-07 0.0055612056 0.0003020409 1.1228427e-06 0.00012587204 0.00010332232 0.00024506554 2.8816972e-05
0.4290231 0.048835866 0.21476099 0.027881255 0.05753111 0.02737093 0.50609684 0.15910931 0.42944622 0.013868532 0.0052425717 0.71838325 0.012959899 0.010550592 0.0047694226 0.013393038 0.09748474 0.004500463 0.27096692 0.00015411183 0.46422356 0.0020299149 0.0009408111 0.9399575 0.048769537 9.345011e-18 0.19366726 0.04412915 0.006026577 0.00036315492 0.006535368 0.00042143324 0.00043962247 0.002500535 0.00029237728 0.31404006 0.0005105917 0.00076019735 0.35741767 0.20645814 0.0019514501 0.00027327644 0.048348323 0.0032706754 0.00016217536 0.84605926 0.00017494246 0.0013097912 5.8729358e-05 3.4023025e-05 0.00016850531 2.2276845e-05 0.03400992 0.00021233405 7.383212e-05 0.039029695 5.9967897e-06 0.00015758799 3.1715666e-05 0.3977377 2.764272e-05 5.8665148e-05 6.7373105e-05 0.032634184 0.00047678125 0.15709116 3.486515e-05 1.6000913e-05 0.0001026756 0.00012352332 0.027939474 1.7925428e-06 3.136366e-05 0.18300968 0.006364948 7.710241e-05 2.0253146e-05 0.06017324 0.00082886784 0.16656469 2.6191952e-05 4.2127132e-05 1.0651518e-05 2.7201602e-05 1.7741708e-05 0.010551482 0.024170788 1.27669955e-05 0.00012249264 0.00010509815 3.4190274e-05 0.121779166 4.7600024e-06 3.4250957e-06 4.3071523e-05 0.19765925 1.4198293e-05 0.00016584543 0.028059054 0.14543682 0.009354709
0.6512923 0.067026034 0.058779 0.00586682 0.011967046 0.0032722042 0.19728892 0.46601424 0.4137033 0.00061881106 0.0027720663 0.10961274 0.00066244 0.0005447548 0.00018246876 0.00046358653 0.77222306 6.487734e-05 0.0011398172 9.2676724e-05 0.004579008 2.6975713e-05 0.00010165917 0.5274061 0.5153127 0.19366726 1.3118953e-15 0.115539275 0.0017821477 0.00014324774 0.00015858545 0.0006564451 4.855346e-05 7.1510745e-05 0.00019982601 0.44035795 7.3782285e-05 7.0412745e-05 0.3887729 0.5816882 0.0016481985 1.1184605e-05 0.7895489 9.421332e-05 2.411762e-06 0.007981581 3.28019e-06 1.84738e-06 1.2587935e-06 3.3360996e-06 8.808004e-06 2.579032e-06 0.29174772 2.1379926e-06 1.2619326e-05 0.33766276 5.723014e-07 9.232215e-06 1.0605111e-06 0.033822425 7.519045e-07 3.7372486e-06 7.4597947e-06 0.19079682 2.3588196e-05 8.942509e-05 8.0801665e-06 2.088537e-07 1.0122687e-05 1.6735263e-05 8.961676e-05 7.0938775e-08 1.790362e-05 0.00049310917 0.06677955 4.8997335e-06 9.685988e-06 0.00059564074 8.1068265e-06 0.0005724314 6.468582e-07 0.004250914 1.2058539e-06 1.1862728e-06 2.481026e-06 0.03393192 0.0017707014 2.4882576e-08 0.0012080272 3.145967e-05 6.211364e-06 0.0001002167 6.12257e-06 2.2951933e-06 6.524691e-05 0.00044898916 2.9895991e-06 3.358328e-05 0.00043761815 0.00048864156 5.365017e-05
0.97902143 0.6913538 0.296927 0.1457416 0.12373354 0.08072676 0.2582936 0.3293618 0.22318764 0.05869313 0.35214895 0.24307622 0.02753323 0.017505938 0.022857456 0.00939796 0.41971642 0.026493862 0.008032834 0.1288609 0.014945979 0.00837508 0.004025008 0.109912 0.7963487 0.04412915 0.115539275 2.7799874e-21 0.39307833 0.053540383 0.002484418 0.087688714 0.0028076132 0.00079394877 0.0542254 0.016203582 0.00984787 0.05569686 0.009368707 0.012378765 0.44770372 0.00015995596 0.04753017 0.0028033976 9.349727e-05 0.0019248985 4.840796e-05 2.2478314e-06 0.00010982085 0.0056095663 0.0006217741 4.2431875e-05 0.14813292 0.0020686164 0.027582297 0.09059945 1.4790129e-05 0.00019241945 6.466387e-05 0.0036117139 0.0012108571 4.58063e-05 0.00063239835 0.27692983 5.7602024e-06 0.00013679318 1.3839556e-05 1.5907348e-06 0.00015463507 4.0301016e-05 4.0975265e-05 4.0085513e-07 1.4007314e-05 5.0509207e-06 0.18198411 0.03067859 8.857598e-05 0.000467128 1.0763947e-05 1.7150682e-05 6.7160986e-06 0.27434772 1.1788559e-05 7.769665e-06 1.0381019e-05 0.15384962 0.0008135782 0.010370274 0.21241666 3.589639e-05 1.1853539e-05 1.2885179e-05 1.4280197e-06 6.8213313e-07 0.047140233 6.7522524e-05 5.1159404e-06 7.284561e-05 0.00014326141 3.987885e-05 2.7360697e-05
0.9709508 0.3476909 0.064797536 0.09438982 0.043756127 0.052345797 0.05482821 0.06825793 0.04362658 0.081384696 0.5571216 0.044576228 0.029233368 0.030082667 0.06193402 0.017842276 0.02692814 0.0849426 0.011307304 0.61261374 0.011176715 0.039989863 0.014404874 0.003283901 0.043962106 0.006026577 0.0017821477 0.39307833 1.1128586e-18 0.17972407 0.009387744 0.2901918 0.037283797 0.0036030705 0.34722564 0.00027867244 0.09777229 0.67491126 0.00021599504 0.00032917407 0.7901682 0.0021678996 0.0005276161 0.05547037 0.0021980098 0.003785782 0.0007437295 0.0001361887 0.002320784 0.05696896 0.018616065 0.0006530988 0.0046629175 0.03218449 0.17596452 0.0059425835 0.00038099257 0.009208768 0.0007116846 6.787368e-05 0.019712184 0.003501298 0.021110432 0.0208782 0.00041831698 0.0006730067 0.0009752158 6.677266e-05 0.007618096 0.0018568113 0.00018337363 6.387258e-06 0.0005511404 0.00022418074 0.060117286 0.027422087 0.0065225535 6.373692e-05 0.00015874492 1.6485708e-05 0.000119973214 0.24923617 0.0004106015 0.00045078018 0.0003504379 0.048679028 1.1014364e-05 0.014639906 0.3055782 0.0023689577 0.00015494505 9.4171555e-05 1.2243954e-05 5.0036247e-06 0.047078013 0.00023904571 6.445625e-05 0.0025762916 1.8324976e-05 0.00027252536 0.00034018562
0.4325691 0.020833109 0.0057965727 0.014537355 0.005398674 0.0066375476 0.0028397467 0.0030046396 0.0025605795 0.01993292 0.21521433 0.0055027306 0.005543229 0.006462975 0.013661699 0.002862494 0.0035347678 0.03269984 0.0011489376 0.94113594 0.0012842298 0.012906236 0.0022404853 9.570373e-05 0.0060359584 0.00036315492 0.00014324774 0.053540383 0.17972407 7.294941e-18 0.0015776536 0.28857946 0.011134813 0.00029937818 0.7040809 0.00020586875 0.17435674 0.5664037 0.00013221125 0.00012620055 0.2896137 0.00024568682 4.5468907e-05 0.026768731 0.0004901239 0.0018730599 0.00015617907 1.9207698e-06 0.0008693856 0.37350538 0.030753274 4.6488793e-05 0.0015490198 0.19196627 0.3064066 0.00252446 4.7012974e-05 0.007022555 0.00014404036 5.924685e-05 0.12221273 0.00207608 0.08213934 0.0066577676 6.4785105e-05 0.0004905978 0.00029691018 4.8935876e-06 0.030807214 0.001119604 0.00014843167 2.5537364e-07 0.0002449987 0.0009862086 0.0027941957 0.17179522 0.034425087 3.5791585e-05 1.1442765e-05 1.1081457e-05 2.586218e-05 0.020929234 5.6559566e-05 9.906228e-05 2.3257377e-05 0.00270658 4.5332524e-07 0.23211233 0.2369669 0.0016366442 2.7731916e-05 9.070686e-05 3.7734358e-07 3.314546e-07 0.15332523 0.00013618011 2.3984618e-05 0.00062216836 7.044425e-05 8.517189e-05 0.00011417929
0.020251684 0.00780454 0.010921831 0.030805442 0.03915466 0.02795313 0.008475485 0.0010640873 0.0035641256 0.04465977 0.01988447 0.07485137 0.08734872 0.22479533 0.24075219 0.4936864 0.000687657 0.061854042 0.15862107 0.0027195846 0.02489688 0.23730426 0.64461935 0.00029710933 0.00028562426 0.006535368 0.00015858545 0.002484418 0.009387744 0.0015776536 4.0156273e-23 0.016705366 0.22122413 0.83221453 0.004648822 0.0001734331 0.008181267 0.0024503518 0.0011228547 0.0005652382 0.007488568 0.7395713 0.00012739333 0.04655265 0.123422466 0.04178414 0.25694767 0.3345778 0.048911948 0.00027213967 0.0082007535 0.0833858 0.00043133367 0.00043344658 0.0005437496 0.0012397384 0.012530548 0.0063428883 0.013595718 0.00029753408 0.00019900066 0.003727693 0.00013119815 0.0009689448 0.036794145 0.014765762 0.0014029854 0.0038866298 0.00027367575 0.0005797397 0.0015929999 0.0006918891 0.0009930556 0.0010676308 0.00023212298 0.0010622258 5.9177557e-05 4.0142666e-05 0.0031977377 2.0125597e-06 0.00024141435 0.00020358115 0.000121935984 4.1176536e-05 4.674928e-05 0.0016961254 2.2425063e-06 0.0007331423 0.0030325302 1.4351952e-05 7.80327e-05 7.7524555e-06 0.00028267488 6.244152e-05 0.00039930854 2.4740038e-06 4.7555128e-05 1.0136868e-05 0.00033864452 6.553826e-07 0.0009595647
