3.5582567e-32 0.6831648 0.9289776 0.8157252 0.6523611 0.44728357 0.89446336 0.88484883 0.7424569 0.861568 0.8596042 0.94938844 0.63595974 0.1391354 0.79205906 0.8591684 0.7988221 0.97731847 0.621369 0.8067029 0.024683291 0.23796576 0.5705166 0.08773513 0.94018376 0.5353423 0.25295556 0.18426831 0.052848548 0.9644094 0.8897644 0.0040068184 0.24262537 0.021017961 0.0022534905 0.97564244 0.2706614 0.68521196 0.1177822 0.08601542 0.48330647 0.17445835 0.0028052737 0.9941164 0.908147 0.050540302 0.021912925 0.5487054 0.9001821 0.99935293 0.00022277283 0.8941184 0.13634713 0.7707041 0.052544665 0.03585166 1.9249628e-05 0.0119938385 0.053584564 0.014583496 0.98701924 0.020593943 0.0034517897 0.0027056164 0.0003329571 0.52912074 0.19884555 0.9925805 0.0007882072 0.00027445436 0.8483561 0.99388427 5.1553375e-06 0.0036682086 5.020165e-05 9.478147e-06 0.0018218908 0.02892186 0.9998552 0.29704928 0.00042162766 0.97933066 0.88323206 0.9985072 0.1751775 0.032041565 0.00019287234 0.004143703 0.99338585 0.123098 0.004464099 0.0011547619 0.9952197 0.3724676 2.5285692e-05 0.00022511333 0.0028356696 0.0015297321 0.1590384 0.99999493 0.9965632
0.6831648 8.108873e-18 0.97468084 0.94225764 0.74647325 0.19879739 0.32964563 0.1371343 0.09702124 0.20983234 0.41974834 0.09663766 0.051213033 0.13794732 0.05296965 0.04183882 0.100935556 0.13090627 0.039012913 0.13332076 0.25718665 0.046712495 0.019711765 0.019479148 0.09282683 0.011345291 0.005791288 0.023577651 0.04919952 0.04676972 0.02443664 0.061394397 0.002066819 0.0006353325 0.035479493 0.10148944 0.0015454534 0.0032042675 0.0054187933 0.0015173074 0.0008066535 0.00046196752 0.021475287 0.10885993 0.0038408013 8.553787e-05 4.9452905e-05 0.013986965 0.0032357157 0.21075991 0.0014901368 0.0105267735 0.0024885263 0.0017390068 0.00023763486 0.0006427064 0.00014300682 1.2188092e-05 0.0002053088 0.00040414036 0.14493151 5.628858e-05 3.367534e-06 3.850469e-06 0.00024378998 0.004632491 0.00035225615 0.06811865 8.1461616e-07 1.6304921e-06 0.00446348 0.04945494 2.7653321e-05 4.911359e-06 0.00034649478 9.550659e-05 7.0617343e-06 6.3234306e-06 0.050298758 6.084308e-05 4.848098e-06 0.022751601 0.0011925501 0.081452 0.00018373773 3.6954156e-05 3.0385065e-06 3.951189e-06 0.005656696 5.481957e-05 1.8190296e-05 1.1447759e-06 0.031462435 0.00013082557 1.831838e-06 5.1179313e-06 9.51558e-06 7.476458e-05 1.25806455e-05 0.028459242 0.016679673
0.9289776 0.97468084 3.8451924e-17 0.74086964 0.24706608 0.030764699 0.5399951 0.20108347 0.017754657 0.24229108 0.7211285 0.03771286 0.010157844 0.07228578 0.06689026 0.011552862 0.14441615 0.29635528 0.0039812373 0.19374336 0.03605546 0.022235557 0.0051741903 0.0009486898 0.18183625 0.012175883 0.006999838 0.0038642914 0.006142575 0.039611228 0.069090895 0.0064834086 0.00014683271 6.1135265e-06 0.0025440182 0.20176038 8.300416e-05 0.00028394585 0.0036526606 0.0012309315 1.4224994e-05 3.0453732e-06 0.0008405724 0.23504102 0.00025704945 2.667199e-07 2.8846173e-07 0.009208636 0.00321371 0.5321777 9.327212e-05 0.0084047215 0.0020539036 0.00023617425 1.3746734e-06 0.00020900306 3.4949485e-06 7.64041e-07 6.725421e-07 0.00014631452 0.37816292 1.3840895e-06 5.908541e-07 5.354875e-07 9.941425e-05 0.002048568 5.8236154e-05 0.12609415 1.2952337e-07 4.0582555e-07 0.0058126957 0.08754677 4.6472765e-06 8.3889654e-07 0.00015005865 2.129474e-05 1.1093765e-05 1.15018565e-07 0.10757625 4.7618974e-07 1.1964698e-06 0.033751585 0.00072254083 0.16933852 1.0121461e-05 8.202977e-07 1.1304886e-06 3.8202288e-07 0.012850936 5.1852057e-05 3.6203696e-06 2.8129327e-07 0.04781155 7.5262233e-06 8.728793e-07 1.852459e-06 2.682598e-06 1.2938461e-05 1.275567e-06 0.17859615 0.02752799
0.8157252 0.94225764 0.74086964 3.4623054e-17 0.3237741 0.2119746 0.30850625 0.8468283 0.027806383 0.12634453 0.481646 0.049465727 0.020232279 0.6683273 0.57327473 0.013767391 0.079597265 0.3710371 0.013118227 0.17654851 0.52602935 0.56153125 0.0064463173 0.0028507414 0.17521305 0.18433873 0.19889244 0.0071959146 0.045191593 0.023739673 0.20932803 0.114318945 0.00022031082 7.299217e-06 0.03745043 0.20158677 0.000115360825 0.00076621736 0.037029386 0.019535834 9.942657e-05 2.6642907e-05 0.011226667 0.21533285 0.00033409137 5.519804e-06 1.9265311e-05 0.0019015116 0.036577307 0.37339184 0.00025830173 0.0033696915 0.016386084 0.00016613274 4.2573094e-05 0.0028984286 1.9289384e-06 1.5217285e-05 2.9970512e-05 0.002145044 0.42885435 2.2315653e-05 1.9087815e-06 8.451476e-06 0.0007725879 0.0017311544 5.32989e-05 0.19163424 8.646543e-06 6.861677e-06 0.02889428 0.030479891 5.1698542e-05 1.5014382e-06 0.000104994455 2.796803e-05 8.152449e-05 2.7886545e-06 0.060509767 8.64473e-06 8.297591e-05 0.19325544 0.00020535814 0.33382323 4.832452e-05 2.5975971e-06 8.44146e-05 1.4704696e-06 0.034092836 0.00059536734 2.3787534e-05 8.506928e-07 0.014064894 6.1192136e-06 1.5997654e-06 2.093916e-05 1.1295215e-05 0.00065950135 8.8453663e-07 0.13327378 0.013846078
0.6523611 0.74647325 0.24706608 0.3237741 7.7319335e-18 0.9724688 0.12543564 0.020332944 0.50073206 0.1654684 0.046865635 0.44454467 0.46823448 0.15010014 0.0115037775 0.08777361 0.036083575 0.037776962 0.22404191 0.031913035 0.27537057 0.01655489 0.051880106 0.05406084 0.022178145 0.0017413368 0.00048374155 0.06052238 0.16600952 0.019577673 0.0027655747 0.10590453 0.011631081 0.0059122085 0.077636994 0.02671683 0.009155296 0.009688114 0.0010609446 0.0002781295 0.0029856646 0.0025354573 0.08503994 0.03381738 0.011514534 0.000701276 0.0006073528 0.010171711 0.0009092919 0.068552345 0.009460927 0.005167422 0.0004513293 0.003059165 0.0016398331 2.6077923e-05 0.0013738485 0.0002279481 0.0007468832 2.724727e-05 0.023201793 0.00017777977 0.0005117046 0.00010386014 6.970307e-05 0.0061738314 0.0006454585 0.0079232855 1.3291765e-05 1.4127828e-05 0.0011542152 0.029719831 6.993205e-05 4.9012408e-05 7.052518e-05 0.0011047856 2.1366232e-06 4.839162e-05 0.006093846 0.00019494012 3.078914e-05 0.0011466871 0.0011244095 0.009226785 0.00014964335 6.2249004e-05 1.589139e-05 5.8367033e-05 0.0018821866 1.3717471e-05 9.31324e-05 1.0837171e-05 0.010618719 8.9945286e-05 6.5288696e-06 1.3399156e-05 4.3970023e-05 8.100652e-06 2.3592358e-05 0.0058431365 0.008327958
0.44728357 0.19879739 0.030764699 0.2119746 0.9724688 1.6925255e-16 0.04607457 0.020494284 0.28292406 0.029550936 0.0078370515 0.13401385 0.4377567 0.17168422 0.012844087 0.022723913 0.004529493 0.005201592 0.6750379 0.006678543 0.53784555 0.022187322 0.033548713 0.53988934 0.0031383291 0.0012414255 0.00038664884 0.18330708 0.8626292 0.0013330413 0.0011064424 0.2148109 0.07359075 0.22550096 0.2920861 0.0038367123 0.042204715 0.028924307 0.0003147127 0.00031831677 0.009640244 0.024234658 0.4934073 0.008265743 0.02533064 0.00907423 0.011980999 0.0054118545 0.00015872586 0.011199932 0.0897757 0.0009392056 7.44058e-05 0.0053051505 0.00968815 5.0441863e-06 0.023147915 0.0019271064 0.003678328 1.4880548e-05 0.0049381843 0.0018554173 0.0014627274 0.00041406826 8.853925e-05 0.004370864 0.0006483217 0.0016927521 0.00044762788 0.0023507106 0.0005218167 0.020227991 0.0010500498 0.0005633163 1.8182576e-05 0.007217747 9.970202e-07 0.00014561921 0.0048429663 0.00056001876 5.4415475e-05 0.0013968301 0.0010341587 0.0034223439 0.00016367224 0.00013182337 9.169586e-05 0.000144321 0.0006698116 7.933863e-06 0.0003084335 2.7885868e-05 0.0092728855 0.00041694133 1.2767021e-05 3.895788e-05 0.00023368644 0.00010461664 0.00013071658 0.008241621 0.0067400387
0.89446336 0.32964563 0.5399951 0.30850625 0.12543564 0.04607457 2.2681423e-17 0.037904114 0.059798703 0.8884296 0.90837353 0.2560639 0.022878796 0.024953444 0.007171218 0.1451985 0.5864915 0.1267414 0.024657175 0.39766642 0.011995211 0.0017672961 0.016389905 0.0023003323 0.3530111 0.00068698445 8.7287524e-05 0.01055087 0.008879738 0.219814 0.009124923 0.0037248218 0.00241235 0.00014844188 0.00028768962 0.25058684 0.0020123718 0.0033845003 0.00020628441 2.8318038e-05 0.000426054 0.00037027392 0.00037647216 0.21886562 0.006110825 3.9694976e-05 2.6781412e-05 0.01204614 0.00024339903 0.4662812 0.00025997584 0.012483119 0.00015158848 0.001283533 0.00025736346 1.13221e-05 6.945851e-06 2.2581737e-05 3.308019e-05 3.3667025e-06 0.1679278 2.9648138e-05 1.543161e-06 5.789095e-07 8.616268e-06 0.0018574612 0.00032938545 0.05350907 2.722375e-08 3.649528e-07 0.00033411878 0.11811671 3.783802e-06 1.9581082e-06 1.4758103e-05 3.0001554e-06 6.970234e-07 6.5965855e-07 0.07043624 7.576909e-06 1.4450038e-07 0.0024234445 0.002397465 0.02647539 9.2992705e-05 6.941394e-06 5.129783e-07 2.788237e-06 0.0018200838 2.139539e-06 7.090131e-06 5.888436e-07 0.047605224 2.9886825e-05 1.9078415e-07 1.2483439e-06 1.6106897e-06 2.7270055e-06 6.0179764e-06 0.047273457 0.017560506
0.88484883 0.1371343 0.20108347 0.8468283 0.020332944 0.020494284 0.037904114 2.2070482e-16 0.0014631096 0.009604848 0.1902401 0.0024781555 0.0005381928 0.25551626 0.88040614 0.00026684647 0.007988708 0.48658377 2.9189572e-05 0.030658878 0.14714764 0.44748452 2.6432115e-05 9.29357e-05 0.04087379 0.47147778 0.58451515 1.1569261e-05 0.00064807566 0.0006475252 0.56307644 0.009009677 4.825014e-07 8.168309e-07 0.0013888701 0.039113097 6.665102e-07 2.2667884e-06 0.12835772 0.07869756 2.5015666e-07 4.576833e-08 0.00083241425 0.041335013 5.3262443e-06 2.64192e-08 6.267732e-08 1.97944e-05 0.13105364 0.21448624 2.0917203e-05 7.043276e-05 0.03165874 1.0891369e-05 5.1859942e-08 0.007452422 1.0274588e-05 1.4614737e-07 2.657785e-08 0.004156988 0.20312683 1.4019393e-07 8.345981e-08 9.214917e-07 0.0008438224 6.926301e-05 3.333174e-06 0.06249419 9.827318e-07 4.4334474e-06 0.06572089 0.0063140523 3.4297882e-05 7.2485807e-07 0.00031947333 2.7644699e-05 0.00025718802 1.9917435e-08 0.02178376 1.8317637e-07 3.1106335e-06 0.08512919 6.4682094e-06 0.3095652 5.557854e-07 3.4784854e-08 5.2748956e-06 8.24404e-07 0.03169699 0.00079526316 1.1773128e-06 5.717946e-07 0.002126276 6.705721e-07 2.0533384e-06 3.4571415e-06 2.1195895e-06 0.00011960683 1.6597428e-07 0.16675493 0.0037451908
0.7424569 0.09702124 0.017754657 0.027806383 0.50073206 0.28292406 0.059798703 0.0014631096 3.9081686e-20 0.31289843 0.010962179 0.87035936 0.9191129 0.008065494 0.00037327554 0.5348088 0.05910971 0.0016784101 0.41023687 0.0077702766 0.008391982 0.0009840303 0.42601404 0.015153624 0.0066644535 1.1374416e-05 7.100802e-06 0.3146489 0.045503944 0.03906548 9.883958e-05 0.003088694 0.072681904 0.004712048 0.003427614 0.010464959 0.028598934 0.02263778 2.1631216e-05 9.055738e-06 0.005462327 0.0017344959 0.0079837 0.0139860315 0.018477462 0.00033911024 0.00086343574 0.006789236 1.3609105e-06 0.022246033 0.00038501332 0.0035285568 1.465304e-06 0.002270733 0.0012310882 4.0356855e-07 0.00017189317 0.00035614835 0.0007940218 2.5778456e-07 0.0057710097 0.0003218381 0.00027085334 0.00026412826 3.5762107e-05 0.0019440405 0.00037241753 0.0018675786 4.7225523e-05 5.3384923e-05 2.6478149e-06 0.02203087 5.6207846e-05 3.139104e-05 9.964351e-06 0.00020529234 2.9137533e-07 0.00011451921 0.0009841012 7.498587e-05 5.914686e-05 1.1377692e-05 0.00042960493 0.00067721703 0.0001695264 5.6258414e-05 4.7985963e-05 2.9454302e-05 5.288506e-06 2.9719658e-08 7.8782694e-05 1.27879175e-05 0.0041255387 3.5583296e-05 7.267078e-06 1.6175514e-05 3.2876203e-05 3.6938281e-06 5.8479192e-05 0.00045838926 0.0030435426
0.861568 0.20983234 0.24229108 0.12634453 0.1654684 0.029550936 0.8884296 0.009604848 0.31289843 2.604261e-16 0.43553063 0.7203609 0.12066674 0.010117843 0.0031015757 0.66634715 0.86477536 0.041727 0.055604834 0.19783384 0.003940993 0.00056242326 0.14220686 0.002180443 0.19775462 0.0005303704 3.2919685e-05 0.046259418 0.007936827 0.56966424 0.003151924 0.0020165876 0.010280116 0.00016375078 0.00023024237 0.20199533 0.009449732 0.013431655 0.00022690877 5.9473117e-05 0.0030376895 0.0020468957 0.00032366457 0.20245524 0.039790243 0.00051884213 0.00024157352 0.13759653 0.00026164006 0.38035572 0.00032191025 0.09582745 6.875003e-05 0.021713542 0.0010637156 9.447032e-06 1.5631354e-05 0.00014413187 0.0005816428 3.3194221e-06 0.09205594 0.00026700256 1.0806004e-05 3.2551443e-06 2.753976e-05 0.0371458 0.004061224 0.040534575 1.7833989e-07 5.138185e-07 0.00030430334 0.279675 8.372353e-06 3.1185464e-06 1.4845566e-05 1.3857227e-05 8.4294084e-07 7.964749e-06 0.06974885 0.00015966136 1.0748648e-06 0.0019210906 0.01629837 0.012458731 0.001070874 0.00017632933 1.607234e-06 6.20397e-06 0.0007182048 5.8984403e-07 4.186652e-05 1.456417e-06 0.101300344 0.00057574234 7.462296e-07 2.20763e-06 2.206406e-05 4.0152816e-05 0.00039575572 0.023690792 0.044963043
0.8596042 0.41974834 0.7211285 0.481646 0.046865635 0.0078370515 0.90837353 0.1902401 0.010962179 0.43553063 7.04919e-20 0.051393192 0.0029779596 0.041265633 0.03343756 0.021463534 0.26270765 0.41032436 0.002089351 0.88566613 0.01790667 0.004577246 0.004344052 0.00028028392 0.7306083 0.011154374 0.003890025 0.0025132466 0.0005451817 0.02955367 0.02433797 0.0026814037 0.0005715984 6.5363893e-06 9.698646e-05 0.28014585 0.0006973509 0.00069499924 0.0030566044 0.00030203085 0.00014918168 4.7275855e-05 0.00015194017 0.22266734 0.0009975258 1.1070197e-05 1.3578322e-05 0.0030666867 0.0015723724 0.49403718 6.461813e-05 0.0023548603 0.0012342635 0.0002566803 4.8424026e-05 0.00018221088 2.6380808e-06 1.2871596e-05 1.9989282e-05 7.7406985e-05 0.1894534 1.6958084e-05 2.165646e-07 1.3940388e-07 3.489895e-05 0.0008784939 0.00017395242 0.11605379 2.2311532e-08 2.9215917e-07 0.0018445642 0.034859784 4.6665315e-07 2.405166e-07 1.258535e-05 3.67337e-07 1.22987e-05 4.9984754e-07 0.123545535 1.2409182e-06 7.498247e-08 0.024806913 0.00045616933 0.08383248 4.6220848e-05 2.8601512e-06 1.252351e-07 1.2551045e-07 0.0051568625 3.0768882e-05 1.7050378e-06 2.7759327e-07 0.025798695 1.672494e-05 8.4340584e-08 2.9480015e-07 6.137188e-07 1.8555154e-05 2.9607493e-06 0.051710762 0.008859555
0.94938844 0.09663766 0.03771286 0.049465727 0.44454467 0.13401385 0.2560639 0.0024781555 0.87035936 0.7203609 0.051393192 1.1535809e-17 0.6293126 0.012777575 0.00089783274 0.87761736 0.2925818 0.00345511 0.3710544 0.024129728 0.013179288 0.0013561544 0.53395915 0.013722104 0.022339065 4.9127153e-05 2.3123244e-05 0.2807361 0.029259248 0.26585963 0.00041830298 0.0029212604 0.057479054 0.0029246947 0.0027056164 0.04190574 0.029421443 0.040305555 3.5690082e-05 3.8182257e-05 0.009329891 0.0060745887 0.0035412558 0.05740621 0.029321214 0.0016229224 0.0017497167 0.033427306 5.3719364e-06 0.10122965 0.00046799844 0.01863391 2.2896381e-06 0.0072227423 0.0035213865 8.5189185e-07 0.00012469126 0.0007891477 0.001840285 7.071537e-07 0.021236045 0.00079812756 0.00019981954 0.00012931979 2.9395262e-05 0.0070350464 0.001440958 0.004689805 3.387865e-05 2.4519888e-05 1.2028052e-05 0.07188557 5.346512e-05 2.4906236e-05 1.8269966e-06 9.535225e-05 2.418869e-07 8.984035e-05 0.003948852 0.00032205487 1.4236149e-05 7.483427e-05 0.0021129588 0.0014554547 0.0004937734 0.0002549601 2.1507693e-05 2.2077278e-05 5.0469265e-05 1.0547471e-07 0.00012860338 1.0074504e-05 0.017362708 0.00018661926 5.792599e-06 1.6162052e-05 9.243064e-05 3.7476452e-06 0.00016060086 0.001537208 0.010915928
0.63595974 0.051213033 0.010157844 0.020232279 0.46823448 0.4377567 0.022878796 0.0005381928 0.9191129 0.12066674 0.0029779596 0.6293126 2.2117225e-19 0.006577668 0.00012119066 0.40795505 0.0118086785 0.0006129575 0.7760127 0.0038181224 0.010881535 0.0003975986 0.47493443 0.08964471 0.004131833 7.956299e-06 4.6346713e-06 0.6941772 0.14970514 0.010108714 1.8827288e-05 0.005267544 0.3646423 0.045011055 0.0065295896 0.0064595086 0.1758438 0.09571352 9.636528e-06 7.535905e-06 0.023817714 0.03253908 0.020238971 0.009248894 0.037947178 0.0071958597 0.009903201 0.0037597434 8.4606484e-07 0.014549012 0.0055506616 0.0021154396 4.871082e-07 0.002010172 0.008709093 2.412964e-07 0.0008933922 0.0015973523 0.0049637067 1.7441961e-07 0.0032179835 0.0015029747 0.0020972523 0.0011257727 1.5635738e-05 0.0010513936 0.00031202158 0.0015136688 0.0003295944 0.0002852013 1.5589366e-06 0.01749091 0.00011617538 0.00024084501 1.1045811e-06 0.00045099927 1.05392274e-07 0.0005689813 0.0009989153 0.00043815185 0.00015231333 1.0145205e-05 0.00029221424 0.0004796558 0.00024621084 0.00026226434 9.1622256e-05 0.0001160195 4.710419e-06 4.4680313e-08 0.0004664672 5.6054105e-05 0.0046072104 0.00010996937 1.6285334e-05 5.6524783e-05 0.00015714273 1.0409251e-05 6.322229e-05 0.0006465564 0.003170011
0.1391354 0.13794732 0.07228578 0.6683273 0.15010014 0.17168422 0.024953444 0.25551626 0.008065494 0.010117843 0.041265633 0.012777575 0.006577668 2.2936955e-18 0.20397304 0.000834439 0.004604527 0.06122338 0.0007344338 0.0067884983 0.9744231 0.7958497 0.0005355933 0.0019971894 0.0050360896 0.09544239 0.1386087 0.00096048473 0.025425006 0.00073521864 0.020797392 0.5770945 4.2087293e-05 9.1603e-06 0.3983408 0.0044888123 2.9332561e-05 0.00013019181 0.058205992 0.104219824 1.6838105e-05 1.03079565e-05 0.21232256 0.0045747743 0.000509344 1.2900936e-06 1.536168e-05 0.0031398002 0.014881098 0.00649653 0.0039859824 0.00085483806 0.0112229735 0.003142552 4.9785162e-06 0.0045211725 0.0005412461 3.864542e-05 1.0218204e-05 0.0070267385 0.010871166 4.7342815e-05 1.3251617e-05 0.00024928228 0.027903827 0.0025465426 0.00059733173 0.007028605 0.00016981104 0.00047936337 0.013985484 0.0037764823 0.0008994461 3.0110838e-05 0.009779036 0.0009832527 0.0009238724 8.599406e-06 0.004993519 8.81616e-05 7.796307e-05 0.022640878 0.00051061844 0.013467299 0.00037919698 3.113262e-05 0.00014103201 4.9659102e-05 0.011995668 0.0062766457 0.0005980054 0.00010761808 0.0028111697 0.00018060059 8.4480555e-05 0.00017139425 0.0010118156 0.004909217 3.9514623e-05 0.003803061 0.008060561
0.79205906 0.05296965 0.06689026 0.57327473 0.0115037775 0.012844087 0.007171218 0.88040614 0.00037327554 0.0031015757 0.03343756 0.00089783274 0.00012119066 0.20397304 3.050411e-15 0.0002198952 0.0024229789 0.53531295 5.2892224e-06 0.009589203 0.15622373 0.8322559 0.000107237574 0.00015930712 0.013664918 0.7175246 0.8780268 1.3377376e-05 0.00086432917 0.00097219925 0.523682 0.009890709 4.2201034e-07 1.3017354e-06 0.002182309 0.011350123 7.673189e-07 5.0924923e-06 0.46552426 0.4324099 4.9326155e-07 6.321013e-08 0.0015707943 0.015288038 6.966469e-06 3.2769034e-08 5.8644724e-07 9.4732495e-06 0.17104307 0.062008537 0.00013335995 2.0789925e-05 0.09990784 5.38535e-06 4.2931555e-07 0.027482297 5.1681982e-05 8.043642e-07 1.0846559e-07 0.020733863 0.14267303 3.907367e-07 3.1367995e-07 2.4313106e-06 0.0069278968 6.066156e-05 2.075414e-06 0.053283643 1.8852271e-06 3.37608e-05 0.10284407 0.0025316821 6.3767075e-05 1.0486826e-06 0.0063431635 3.2091142e-05 0.00086076895 7.0834936e-08 0.013979897 3.206413e-07 3.0169172e-06 0.15678829 2.3724901e-06 0.4186302 4.4651524e-06 2.690185e-07 4.5611077e-06 2.2249296e-06 0.04718041 0.0027787872 3.6938877e-06 2.3425162e-06 0.00196436 1.6812182e-06 2.1249853e-06 3.2601554e-06 7.2412263e-06 0.000829001 1.4383012e-07 0.10872499 0.0033230684
0.8591684 0.04183882 0.011552862 0.013767391 0.08777361 0.022723913 0.1451985 0.00026684647 0.5348088 0.66634715 0.021463534 0.87761736 0.40795505 0.000834439 0.0002198952 2.3984323e-18 0.513923 0.0011651069 0.08052955 0.03372266 0.0046216957 0.00030394658 0.9333742 0.002296402 0.01823011 2.1009908e-05 8.507663e-06 0.355626 0.001585859 0.52526474 0.000118342185 0.00028110787 0.053660292 0.0004771745 0.0004115887 0.045784347 0.06288126 0.16319811 1.7130233e-05 2.0258109e-05 0.02227519 0.005445254 0.00041204426 0.058248527 0.18429695 0.0010214021 0.0007007415 0.41996238 2.517913e-06 0.0669261 5.7490586e-05 0.13810797 9.999407e-07 0.07875218 0.0029769999 7.5543574e-07 1.9378858e-05 0.00037801467 0.0034930697 8.878098e-07 0.0088068 0.0006435433 4.564352e-05 6.898292e-05 2.6458572e-05 0.112652294 0.012310718 0.0032882537 5.213874e-06 2.8191862e-06 7.4500335e-06 0.14485654 1.4274813e-05 3.4253767e-06 4.0529126e-06 1.4803789e-05 2.7494804e-07 7.007298e-05 0.0062434706 0.00074182334 7.629595e-06 1.4372236e-05 0.034118928 0.00065718207 0.0016937605 0.0002660504 7.483295e-06 1.0700328e-05 1.969368e-05 3.8676757e-07 8.843359e-05 1.1236809e-05 0.046011567 0.00044600072 3.0932836e-06 1.3677602e-05 7.431078e-05 9.057101e-06 0.00055754534 0.00027751696 0.03359208
0.7988221 0.100935556 0.14441615 0.079597265 0.036083575 0.004529493 0.5864915 0.007988708 0.05910971 0.86477536 0.26270765 0.2925818 0.0118086785 0.004604527 0.0024229789 0.513923 1.3485021e-18 0.058611162 0.0066323555 0.27109033 0.0063272472 9.8784825e-05 0.044749834 0.00034662746 0.15922076 0.00039362788 4.3535074e-05 0.019198248 0.0001056823 0.9619841 0.0019515917 0.0015266417 0.00515553 1.2994131e-05 0.00022368802 0.22981927 0.005510519 0.007819514 0.00010875464 3.5607944e-05 0.002429848 0.0013568025 0.00015404748 0.23612529 0.0512196 0.00030632873 5.7501882e-05 0.17550299 8.301714e-05 0.33415756 0.00013776631 0.114676446 5.508474e-05 0.03986489 0.0007909704 5.6144117e-06 1.1225574e-05 2.276966e-05 0.0008687768 3.6638662e-06 0.07341832 0.00020548725 5.4701304e-06 1.0514656e-06 4.348267e-05 0.031966105 0.0068361578 0.053672206 2.8050557e-08 7.698286e-07 0.00010035825 0.3056135 2.8800775e-06 3.9217684e-06 4.961678e-05 2.8407446e-06 2.5393638e-07 9.163506e-06 0.14862898 0.00030862322 5.581762e-07 0.0013044609 0.01833784 0.012625231 0.0027076323 0.00028815342 9.626164e-07 7.1851346e-06 0.0004290125 6.7788994e-07 6.027795e-05 2.14829e-06 0.099505 0.002403219 4.4502158e-07 2.5759302e-06 1.7292994e-05 1.6461961e-06 0.0010709914 0.013247593 0.0606194
0.97731847 0.13090627 0.29635528 0.3710371 0.037776962 0.005201592 0.1267414 0.48658377 0.0016784101 0.041727 0.41032436 0.00345511 0.0006129575 0.06122338 0.53531295 0.0011651069 0.058611162 7.285041e-18 4.494411e-05 0.12810458 0.019338239 0.050213214 0.0003341124 9.542138e-05 0.103380345 0.3339866 0.18015745 6.4796346e-05 8.723805e-06 0.005049301 0.86652833 0.0022645132 2.1860937e-05 3.3512492e-06 0.00019633047 0.10958719 9.614846e-06 3.4865883e-05 0.20669317 0.03286958 9.485455e-06 3.1131858e-06 0.000118511256 0.13272317 1.005107e-05 1.926567e-06 1.0701353e-06 0.00016392514 0.052186634 0.23551469 2.7871296e-05 0.00024153572 0.016797584 1.4911709e-06 1.5475957e-06 0.01833276 1.0951519e-05 2.4802735e-06 3.5522621e-06 0.004156322 0.6302596 3.1919376e-06 2.2298674e-07 2.4087174e-07 0.0005153396 8.1962375e-05 1.043389e-05 0.48662257 4.7875346e-07 6.4295923e-06 0.009700266 0.00566599 1.6870268e-05 9.0517005e-07 0.0010231355 1.656618e-05 0.0005357131 1.6343631e-07 0.4625129 2.760584e-07 5.150116e-07 0.15724461 1.71071e-05 0.71322364 2.9507678e-06 1.458915e-06 9.3065455e-07 3.633262e-07 0.017898235 0.00048722 1.166283e-06 1.9965494e-06 0.00819831 1.8749765e-06 9.071732e-07 2.1062037e-06 3.5871065e-07 9.6058684e-05 1.6249937e-06 0.4185478 0.008737469
0.621369 0.039012913 0.0039812373 0.013118227 0.22404191 0.6750379 0.024657175 2.9189572e-05 0.41023687 0.055604834 0.002089351 0.3710544 0.7760127 0.0007344338 5.2892224e-06 0.08052955 0.0066323555 4.494411e-05 1.0757966e-18 0.0020736936 0.04044307 0.0004229512 0.42065573 0.624561 0.0018807433 1.8958988e-06 1.0647308e-06 0.8960867 0.46973923 0.0021496017 1.5954909e-05 0.0063486136 0.8237057 0.5526588 0.0073897457 0.0017135176 0.4817713 0.28120407 1.8079858e-06 6.126215e-06 0.10541808 0.27699983 0.060673036 0.002020278 0.10053052 0.13932553 0.46502143 0.0031471646 3.4755428e-07 0.0039456375 0.04166739 0.00097608013 3.4000766e-07 0.0028754135 0.052404817 1.6475288e-07 0.0077633066 0.018679032 0.007539219 4.6544557e-07 0.00030179706 0.005576767 0.053843204 0.029302869 3.717476e-05 0.0015278267 0.0006528307 0.00022048359 0.057465654 0.021616185 3.3765173e-05 0.029702738 0.0014214477 0.007810175 5.4828633e-06 0.0019622517 3.1502242e-07 0.00025923876 0.00070256623 0.00010923623 0.0056452844 5.4371954e-05 0.0006244861 0.00079045346 0.00016706075 2.6097554e-05 0.0014905405 0.0016381794 9.800027e-05 6.5250447e-07 0.00033551108 0.00038576085 0.0025926747 2.9095772e-05 0.00023738865 0.00028426203 9.313951e-05 1.8603314e-05 3.252949e-05 0.004852585 0.002809563
0.8067029 0.13332076 0.19374336 0.17654851 0.031913035 0.006678543 0.39766642 0.030658878 0.0077702766 0.19783384 0.88566613 0.024129728 0.0038181224 0.0067884983 0.009589203 0.03372266 0.27109033 0.12810458 0.0020736936 1.3417283e-19 0.004512 0.00042803376 0.0055677146 0.00016273154 0.94773686 0.0036031804 0.0010950747 0.0026557154 5.6555305e-05 0.06117746 0.0037667777 0.00084381155 0.0012467616 6.8176732e-06 8.7449414e-05 0.7783388 0.0012100611 0.0014996609 0.00079298246 0.00012353981 0.00039043394 0.00014337826 0.00016713771 0.50860834 0.0018105536 5.3923213e-05 1.6651398e-05 0.0063808504 0.00021401206 0.54800075 8.1078666e-05 0.0010320572 0.00051767786 0.001554956 0.000110081106 0.00016281955 1.2387138e-05 2.3362527e-05 9.287527e-05 4.3429376e-05 0.12780729 3.86326e-05 1.6555827e-06 9.684597e-07 7.4068164e-05 0.0006626065 0.0004890663 0.08851942 2.9014473e-07 4.54786e-06 0.00017777485 0.03645544 1.3426504e-05 4.9333376e-06 3.6872516e-05 3.1209267e-06 5.067576e-06 6.857483e-06 0.20221534 2.3493722e-05 1.0016654e-06 0.0076364377 0.0002946134 0.044469938 0.00033920564 1.6821941e-05 1.301779e-06 2.511713e-06 0.0009718122 6.5088952e-06 8.729369e-05 2.820894e-06 0.022872698 0.0001995122 5.7278464e-07 2.5319175e-06 2.2009672e-05 6.7343203e-06 5.3957883e-05 0.0633507 0.00993337
0.024683291 0.25718665 0.03605546 0.52602935 0.27537057 0.53784555 0.011995211 0.14714764 0.008391982 0.003940993 0.01790667 0.013179288 0.010881535 0.9744231 0.15622373 0.0046216957 0.0063272472 0.019338239 0.04044307 0.004512 3.2597395e-17 0.5973691 0.0060766246 0.010028555 0.0019910145 0.03923046 0.12189057 0.011683788 0.16322209 0.00040035121 0.0061244136 0.65437335 0.00046421716 0.00029705637 0.6158171 0.0014251798 0.0010035965 0.0019984154 0.049208216 0.13774793 0.00048313136 0.00041500994 0.17721201 0.0027581025 0.009433034 7.716729e-05 0.00031127466 0.0041603292 0.004923308 0.001384473 0.0022257173 0.0001737967 0.010329942 0.0060764975 0.0040937914 0.012047625 0.0002409493 0.0002491789 0.002484349 0.01462081 0.0016632891 0.00069566496 1.2561548e-05 7.39783e-05 0.041771125 0.009387435 0.015055879 0.0021894365 0.0001457323 0.00018011949 0.003738174 0.0015973386 0.00017780182 5.5776814e-05 0.0021216779 0.00085075485 0.004363717 0.0045702327 0.017696876 0.025602762 4.4620214e-05 0.021290056 0.0024993538 0.008433465 0.07120581 0.0067444947 0.0001259513 0.00024024831 0.00586816 0.0151361255 0.0042888774 0.000242784 0.0016410886 0.008350799 3.942466e-05 0.000112653885 0.002427348 0.0009144471 0.0053846366 0.0015915969 0.0009875487
0.23796576 0.046712495 0.022235557 0.56153125 0.01655489 0.022187322 0.0017672961 0.44748452 0.0009840303 0.00056242326 0.004577246 0.0013561544 0.0003975986 0.7958497 0.8322559 0.00030394658 9.8784825e-05 0.050213214 0.0004229512 0.00042803376 0.5973691 5.7784756e-13 0.0002802005 0.0015844727 0.0011666957 0.4494126 0.8018775 0.00043181313 0.002719953 6.9916845e-05 0.09365692 0.09224442 2.5234718e-05 9.3382136e-05 0.07441549 0.0007169074 3.2994645e-05 0.00014668405 0.3038091 0.62590986 1.5857357e-05 1.3513754e-05 0.034624178 0.00071281276 0.000341386 4.5158436e-06 0.00019504836 0.0001760442 0.0625744 0.0016687262 0.00047227374 3.7328835e-05 0.08217743 0.005786256 1.404233e-05 0.052590314 0.00040060462 7.686044e-05 2.4541341e-05 0.079128005 0.00792508 4.744831e-05 7.209367e-05 0.00033979636 0.19674991 0.00025600995 0.00029839936 0.003478065 0.0029813596 0.0017600864 0.035335828 0.00021567782 0.0012494492 0.0001665544 0.06398172 0.00045604468 0.016564185 7.452155e-05 0.0007734397 0.00046815755 0.000764024 0.030415356 1.1199236e-05 0.025893902 0.0010373913 7.260245e-05 0.0011257754 8.522511e-05 0.012109523 0.0073452806 0.0009772519 0.0004016149 0.00015868363 0.0002776538 4.3155356e-05 0.0005979535 0.00046062746 0.007094159 5.822116e-05 0.0033692918 0.00025462842
0.5705166 0.019711765 0.0051741903 0.0064463173 0.051880106 0.033548713 0.016389905 2.6432115e-05 0.42601404 0.14220686 0.004344052 0.53395915 0.47493443 0.0005355933 0.000107237574 0.9333742 0.044749834 0.0003341124 0.42065573 0.0055677146 0.0060766246 0.0002802005 2.2819847e-17 0.01140115 0.0035546666 2.166931e-05 1.8236185e-05 0.790726 0.007531756 0.051127326 2.6675654e-05 0.0004622888 0.3881223 0.0033149559 0.0019505433 0.009691023 0.42373016 0.61726475 4.4554097e-05 7.158955e-05 0.1827816 0.08575481 0.0016547684 0.012268718 0.57026136 0.02984907 0.006398754 0.083355665 5.971123e-07 0.010212969 0.000260345 0.016174173 1.024387e-06 0.044646386 0.041114513 9.960062e-07 0.00013919697 0.0025312693 0.042387813 6.004289e-07 0.0015067657 0.007097364 0.0019071605 0.0005189321 0.00026788248 0.021947186 0.0062084715 0.000714983 4.6136516e-05 2.948575e-05 5.440346e-06 0.038750403 5.7472334e-05 0.000114828246 1.1933515e-05 7.143597e-05 1.3263142e-06 0.0010233072 0.0013276272 0.0024230436 6.308616e-05 6.486061e-06 0.0064839497 0.00028664182 0.0038474903 0.0013889901 5.9409118e-05 0.00010289104 1.4781373e-05 5.259993e-07 0.0008825507 0.00012514538 0.013164723 0.00072681357 1.8581663e-05 3.881681e-05 0.00045482247 2.3341125e-05 0.0011516572 0.00015320067 0.011881398
0.08773513 0.019479148 0.0009486898 0.0028507414 0.05406084 0.53988934 0.0023003323 9.29357e-05 0.015153624 0.002180443 0.00028028392 0.013722104 0.08964471 0.0019971894 0.00015930712 0.002296402 0.00034662746 9.542138e-05 0.624561 0.00016273154 0.010028555 0.0015844727 0.01140115 7.2318986e-20 0.00012358565 1.7081082e-05 4.7440867e-06 0.063206114 0.42067596 2.2800601e-05 1.9730056e-05 0.0042139688 0.077280365 0.81037194 0.015313297 4.8649126e-05 0.0138164265 0.0075849234 1.429338e-05 4.0479936e-05 0.0040728464 0.013502657 0.15117326 0.00019972006 0.002783999 0.013572601 0.024272894 0.00015089299 1.5294298e-06 0.0004631539 0.10449885 1.0814808e-05 1.7200339e-06 9.9539466e-05 0.00453813 1.0403699e-06 0.025135621 0.0031859116 0.0004182988 3.7214966e-06 0.00021736776 0.0015286674 0.009199749 0.007655108 6.328671e-05 0.00013054117 4.3860422e-05 0.00014817258 0.019623572 0.021860225 1.8022782e-05 0.002747537 0.007841593 0.0029606463 6.8141694e-06 0.0073106317 6.8253985e-07 0.00017102557 0.0041086795 8.21603e-05 0.0011273859 3.2858432e-05 1.0419144e-05 0.0007520344 0.00012469981 5.148702e-05 0.00057825155 0.0011175153 0.00013466162 2.4710139e-06 0.00021917582 0.00038355944 0.0003744805 1.0005928e-05 0.00011063808 0.0002687922 8.306521e-05 2.0777854e-05 1.7076976e-05 0.0025280884 0.00069152785
0.94018376 0.09282683 0.18183625 0.17521305 0.022178145 0.0031383291 0.3530111 0.04087379 0.0066644535 0.19775462 0.7306083 0.022339065 0.004131833 0.0050360896 0.013664918 0.01823011 0.15922076 0.103380345 0.0018807433 0.94773686 0.0019910145 0.0011666957 0.0035546666 0.00012358565 4.9042825e-19 0.0031528813 0.0014339392 0.0014536778 6.1597864e-05 0.073012784 0.003901907 0.00033455144 0.00072893844 3.9614138e-06 6.218373e-05 0.8092224 0.00084902643 0.00048095788 0.0007454341 0.00014793324 0.00010643837 8.6702545e-05 3.2756714e-05 0.552866 0.0012029057 5.78345e-05 3.855244e-05 0.0025369474 0.00039727965 0.6516438 5.0858554e-05 0.0005456184 0.00043545233 0.0012755065 0.0001613728 0.00020177332 8.312398e-06 6.402062e-05 3.811001e-05 4.570681e-05 0.16069183 6.003213e-05 9.186032e-07 7.344243e-07 4.1413023e-05 0.000642848 0.0002824655 0.110430926 7.5239335e-08 1.0461079e-07 0.00054667256 0.030085988 1.5245325e-06 6.12088e-07 1.2455013e-05 3.0262706e-06 2.2356305e-06 4.712059e-06 0.27985594 1.3031547e-05 4.5569575e-07 0.011441102 0.00017310955 0.047213394 0.00023650534 2.02001e-05 9.306119e-07 2.1528367e-06 0.0026543858 5.760798e-05 3.4145894e-05 1.0856469e-06 0.027063528 5.306094e-05 3.1947224e-07 9.949571e-07 3.0372534e-05 1.0723324e-05 8.567625e-05 0.12218332 0.010537355
0.5353423 0.011345291 0.012175883 0.18433873 0.0017413368 0.0012414255 0.00068698445 0.47147778 1.1374416e-05 0.0005303704 0.011154374 4.9127153e-05 7.956299e-06 0.09544239 0.7175246 2.1009908e-05 0.00039362788 0.3339866 1.8958988e-06 0.0036031804 0.03923046 0.4494126 2.166931e-05 1.7081082e-05 0.0031528813 1.6415802e-14 0.87297386 1.1940596e-05 1.9492395e-06 0.00011447793 0.8521764 0.00328986 9.301071e-07 2.097255e-07 0.00033262355 0.0023605817 7.784605e-07 1.3813888e-06 0.62308306 0.3870319 3.7220693e-07 1.1783602e-07 0.00026943692 0.0036163514 9.322543e-07 9.8378344e-08 4.685844e-06 1.5126772e-06 0.47544834 0.012284202 7.681449e-05 1.5290391e-06 0.174649 1.6675973e-06 3.2258106e-06 0.06352315 9.642233e-05 4.537978e-06 1.3804747e-06 0.043277584 0.04374465 6.2987453e-07 1.9775257e-06 3.6892548e-06 0.0012963095 1.8496116e-06 9.140137e-07 0.026554894 2.257644e-07 8.394947e-06 0.06112564 0.00018405254 3.7530695e-05 3.93467e-06 0.0015443478 1.0680681e-05 0.0018767389 3.641556e-07 0.009814596 6.9366257e-07 1.3167937e-06 0.08883367 1.1824483e-06 0.36988446 8.516657e-06 3.6071853e-07 2.2489098e-06 7.7074105e-07 0.028268877 0.0053601717 3.2785604e-06 2.207672e-06 0.00013829641 1.4038853e-06 8.2279155e-07 2.0184705e-06 2.9773246e-06 0.00021468011 2.428158e-07 0.03506142 0.00037681285
0.25295556 0.005791288 0.006999838 0.19889244 0.00048374155 0.00038664884 8.7287524e-05 0.58451515 7.100802e-06 3.2919685e-05 0.003890025 2.3123244e-05 4.6346713e-06 0.1386087 0.8780268 8.507663e-06 4.3535074e-05 0.18015745 1.0647308e-06 0.0010950747 0.12189057 0.8018775 1.8236185e-05 4.7440867e-06 0.0014339392 0.87297386 8.1702925e-17 2.0063487e-06 8.1634225e-06 1.34533175e-05 0.3170084 0.005248847 3.3084604e-07 2.6661334e-07 0.00072007376 0.0010742649 3.2628415e-07 2.0064233e-06 0.86412984 0.87747633 5.2028093e-07 1.6588265e-07 0.00025182753 0.0014044706 8.357144e-07 1.8076495e-08 4.5710033e-07 1.1090873e-06 0.24194652 0.0056224978 8.182945e-05 2.808743e-07 0.09970819 4.6313596e-07 1.7402085e-07 0.1634066 6.4878644e-05 3.9833728e-07 3.2377986e-07 0.20544848 0.029817168 4.2980628e-07 3.483977e-08 3.8454908e-07 0.0044752634 6.825389e-06 4.3206006e-07 0.01375997 1.2660389e-06 0.00021323544 0.052041937 0.00017653024 6.640161e-05 6.217638e-07 0.0061280886 4.2319447e-05 0.0027425187 8.293626e-09 0.0029048806 1.2715402e-07 9.5035864e-07 0.1129928 3.4309653e-07 0.32077408 1.9945853e-06 8.0331134e-08 1.3069052e-06 3.086116e-07 0.023114704 0.008324123 1.2328958e-06 5.6124554e-07 0.000118570046 1.6925863e-07 7.8333693e-07 9.5045914e-07 2.6203406e-06 0.0008226791 2.2709838e-08 0.013870158 0.00016293467
0.18426831 0.023577651 0.0038642914 0.0071959146 0.06052238 0.18330708 0.01055087 1.1569261e-05 0.3146489 0.046259418 0.0025132466 0.2807361 0.6941772 0.00096048473 1.3377376e-05 0.355626 0.019198248 6.4796346e-05 0.8960867 0.0026557154 0.011683788 0.00043181313 0.790726 0.063206114 0.0014536778 1.1940596e-05 2.0063487e-06 2.9130477e-20 0.024706975 0.013502948 4.439593e-05 0.0011894584 0.9243437 0.026467029 0.0015727136 0.002509051 0.61756593 0.39330512 3.859958e-06 3.2813146e-05 0.17576587 0.14628413 0.0060650026 0.004314246 0.23302023 0.037377194 0.047569137 0.012379515 3.5925706e-07 0.0032945378 0.0025048659 0.002919595 6.334183e-07 0.0064066183 0.05298027 2.5994566e-07 0.00032807377 0.0051010814 0.02673406 4.1722186e-07 0.0006893547 0.0051343576 0.006671293 0.0012564281 0.00012899424 0.0032429814 0.003271917 0.00028016578 0.00013428087 6.174354e-05 1.0313582e-05 0.020342318 3.246921e-05 0.0007929688 1.1497525e-05 6.308857e-05 1.0393882e-06 0.000565481 0.00023052622 0.00017860447 0.00019656688 1.5277908e-05 0.0014519466 0.00028489844 0.0014469875 0.00011293659 5.216398e-05 0.00016575909 2.2302438e-05 1.3844004e-07 0.00014982642 5.4159616e-05 0.0027179795 6.3175816e-05 1.2475899e-05 2.800839e-05 3.1190062e-05 1.566205e-05 9.10763e-05 0.0004946737 0.003189715
0.052848548 0.04919952 0.006142575 0.045191593 0.16600952 0.8626292 0.008879738 0.00064807566 0.045503944 0.007936827 0.0005451817 0.029259248 0.14970514 0.025425006 0.00086432917 0.001585859 0.0001056823 8.723805e-06 0.46973923 5.6555305e-05 0.16322209 0.002719953 0.007531756 0.42067596 6.1597864e-05 1.9492395e-06 8.1634225e-06 0.024706975 2.894109e-19 1.572014e-05 1.2981329e-06 0.056798633 0.031420607 0.30516636 0.25136033 4.0762152e-05 0.0061503067 0.0049768104 7.982706e-07 5.298491e-06 0.00043982017 0.005240095 0.96014154 5.766262e-05 0.0015029962 0.0029039804 0.009518286 2.8288187e-05 3.5190727e-08 0.00021600677 0.7292583 5.381453e-06 1.9210315e-08 0.00037854482 0.0005320092 1.4522546e-08 0.3682421 0.0002985918 1.7756789e-05 4.1754724e-08 7.5944634e-05 0.00012490632 0.004357577 0.005980005 6.602527e-05 2.4204292e-05 3.2322346e-06 5.1891187e-05 0.053275052 0.18012075 1.0675126e-06 0.0027723336 0.060541105 0.00071803323 4.492386e-08 0.1300165 7.9028865e-08 9.029611e-07 0.00071830035 3.4102334e-06 0.0005186491 5.9509907e-06 3.3629415e-06 0.00021992477 2.7525905e-06 3.26469e-07 0.00018199153 3.5550023e-05 4.450483e-05 7.8135265e-08 6.4744736e-06 9.458364e-06 0.002095572 4.522317e-06 2.4902627e-05 1.924023e-05 2.5535453e-06 5.7552384e-06 2.9745476e-07 0.0063164947 0.00276594
0.9644094 0.04676972 0.039611228 0.023739673 0.019577673 0.0013330413 0.219814 0.0006475252 0.03906548 0.56966424 0.02955367 0.26585963 0.010108714 0.00073521864 0.00097219925 0.52526474 0.9619841 0.005049301 0.0021496017 0.06117746 0.00040035121 6.9916845e-05 0.051127326 2.2800601e-05 0.073012784 0.00011447793 1.34533175e-05 0.013502948 1.572014e-05 7.3505813e-19 0.00040578283 0.0003838877 0.002492578 1.7406492e-06 0.0003688467 0.18073583 0.0036714324 0.0146967275 6.0632352e-05 1.6646101e-06 0.0031912439 0.00052174955 1.4728576e-05 0.20612992 0.1418599 6.1605446e-05 1.7896773e-05 0.396624 3.0872009e-06 0.2802617 6.0256916e-05 0.5052676 1.2542862e-05 0.3429473 0.00066240935 2.8494246e-06 4.866942e-06 3.0180983e-05 0.0011132116 4.288129e-06 0.061401244 0.00019562156 4.2424126e-06 6.453037e-07 4.8074093e-05 0.10149505 0.019035129 0.031480517 1.5713912e-08 6.082338e-08 2.9169187e-06 0.71796936 2.3193288e-06 2.21866e-06 2.6834847e-05 4.720866e-06 5.3036626e-08 5.9516464e-05 0.20896505 0.0020654397 5.320464e-07 5.827082e-05 0.06371559 0.0042206873 0.0050734496 0.00075056055 6.408665e-07 5.5712726e-06 2.8795284e-06 5.8100017e-07 0.00012512044 2.4745984e-06 0.23913707 0.0055240565 1.9984722e-07 6.3100845e-07 5.877283e-05 2.084932e-06 0.0030975686 0.03275416 0.12894832
0.8897644 0.02443664 0.069090895 0.20932803 0.0027655747 0.0011064424 0.009124923 0.56307644 9.883958e-05 0.003151924 0.02433797 0.00041830298 1.8827288e-05 0.020797392 0.523682 0.000118342185 0.0019515917 0.86652833 1.5954909e-05 0.0037667777 0.0061244136 0.09365692 2.6675654e-05 1.9730056e-05 0.003901907 0.8521764 0.3170084 4.439593e-05 1.2981329e-06 0.00040578283 3.7915594e-18 0.002748955 1.5236881e-06 4.1805708e-07 0.00041339945 0.0049695256 5.397247e-06 6.0547036e-06 0.17539328 0.03763853 1.1478982e-06 4.6653346e-07 0.00022280173 0.009811615 6.469289e-06 7.337222e-07 3.625587e-06 2.0372e-06 0.24639301 0.03994961 2.2409551e-05 1.6186028e-06 0.04082512 1.4413104e-06 1.6942037e-06 0.02777578 3.184529e-05 4.09102e-06 2.9243777e-06 0.0050745527 0.21166097 6.128888e-07 2.1922148e-07 2.1334122e-06 0.00035326072 3.8626698e-07 1.3127686e-06 0.15525931 5.293034e-07 2.2963645e-06 0.012892549 0.0008563059 4.083331e-05 6.166463e-07 0.0001836799 4.8060432e-05 0.00017192532 1.4848072e-07 0.1104789 5.5379683e-08 1.8770214e-06 0.079386644 1.9246909e-07 0.5979795 5.5650867e-06 2.547589e-07 2.0361103e-06 4.1944645e-07 0.028593725 0.002542814 8.332005e-07 5.7172537e-07 0.0013984356 7.2015714e-06 1.1317852e-06 1.081035e-06 6.3453626e-07 4.192917e-05 1.0988654e-06 0.13440776 0.0009161497
