6.1900934e-19 0.72261053 0.9637935 0.3316793 0.03329534 0.8529173 0.06108776 0.06432225 0.0047984067 0.02330578 0.029189514 0.90839756 0.83136326 0.011464929 0.15715727 0.14867091 0.0019562466 0.9502776 0.96123016 0.14012614 0.98764634 0.4937173 0.315015 0.9033207 0.013599517 0.34722868 0.02161402 0.039722197 0.96421635 0.98332393 0.9846761 0.000120508375 0.026643341 0.9633321 0.6601187 0.14720578 0.9462075 0.43892547 0.95797837 0.93136543 0.65609235 0.7609049 0.93356264 0.76715803 0.9793488 0.945424 0.012993296 0.5309441 0.9932266 0.8921732 0.99378574 0.7876199 0.5927947 0.9734927 0.041640557 0.7168393 0.78236485 0.9248358 0.7140361 0.929877 0.520822 0.016090402 0.986491 0.9525542 0.9810303 0.45808107 0.86235654 0.04884106 0.88505024 0.08014604 0.96199936 0.82596576 0.9868388 0.8982002 0.60124654 0.9863864 0.7733988 0.041702624 0.9884026 0.87653464 0.9701764 0.9507317 0.004610841 0.83387893 0.96140695 0.30977088 0.9607185 0.2074471 0.00040447176 0.9913921 0.004459446 0.51962787 0.29820853 0.9914606 0.9629102 0.9960308 0.99709857 5.761463e-05 0.012969296 0.99996686 0.99985474
0.72261053 1.9571967e-14 0.5385611 0.9847615 0.94363075 0.82653856 0.60257864 0.21580514 0.2272111 0.63793266 0.053226445 0.030555513 0.15148339 0.11370902 0.21966243 0.009568087 0.1086152 0.25617805 0.0053924243 0.00021560995 0.55656314 0.0039584213 5.8710873e-05 0.002682978 0.005109008 3.85279e-06 0.00015067915 0.0017339104 0.019037805 0.76122916 0.09433313 0.020097684 0.000547764 0.035819042 0.0016805098 0.00091872463 0.0068265153 0.00065053673 0.0061120465 1.571404e-05 9.249769e-06 6.9482594e-05 0.0016425824 4.8297175e-06 0.007531749 0.0016004889 1.729259e-06 4.5526467e-06 0.02097558 0.00049119396 0.00081389793 4.835185e-05 4.271144e-07 0.041974474 0.00010868041 7.393989e-06 4.2873107e-06 0.002577299 6.073174e-06 0.000119464676 1.211955e-06 1.782344e-06 7.4444906e-05 0.00019450113 0.022943357 1.5290077e-05 7.977713e-07 1.0401612e-05 1.1511964e-05 0.0005250236 0.000620198 2.7826174e-05 7.330151e-05 1.7288708e-05 3.7829973e-06 0.029615691 1.3330407e-05 2.290576e-05 0.0007000932 3.5319604e-06 9.10749e-05 5.5418986e-06 4.523035e-05 9.000582e-06 1.0106558e-05 2.1298831e-06 1.0388263e-06 3.301299e-09 3.5315006e-05 1.1195788e-05 8.346499e-06 5.5526147e-07 6.6041895e-07 4.3523287e-05 1.1327738e-05 4.73086e-05 0.018686196 1.3799641e-06 2.243383e-08 0.0010266227 0.00010448952
0.9637935 0.5385611 1.2901332e-15 0.054839898 0.03945852 0.03854645 0.7703991 0.927562 0.00035245577 0.03638736 0.88530034 0.9700313 0.00060980115 0.072892375 0.00046079158 8.946899e-06 0.00011137605 0.7784597 0.58641726 5.038093e-07 0.21932283 0.6232915 6.48142e-07 2.7518927e-06 0.6607357 7.3004864e-09 2.5080593e-07 0.18304338 0.53786737 0.70036435 0.0036845685 0.05415723 0.23373753 0.0027287605 0.024431549 0.51681745 0.00016246653 0.009774999 0.012537876 2.4409508e-07 0.0015189592 0.0014590966 0.0007589862 5.538518e-08 0.00016943396 0.06308876 4.5652873e-09 4.0842812e-07 0.38763997 3.4498134e-06 0.017118027 5.8759856e-06 4.4774325e-08 0.1989266 0.00017790444 2.5215232e-07 2.502533e-07 0.0015133246 5.8683245e-08 0.0041581695 3.6709923e-07 1.5882615e-07 6.204568e-06 0.0019074553 0.24628432 6.129952e-05 5.1114583e-08 1.4460109e-06 3.0547468e-05 3.987018e-05 0.00025888399 0.00035529517 0.00012895488 7.949723e-06 6.1446694e-06 0.068034165 2.4279716e-06 1.993467e-06 0.005228693 2.533723e-07 0.0005712826 8.8832344e-08 5.7272183e-07 8.6056286e-07 7.123337e-07 1.5513771e-06 3.5011186e-07 6.7169246e-08 9.450217e-07 0.00024476633 2.3085138e-06 1.7064178e-07 1.8245196e-07 3.2236352e-05 3.8445596e-05 5.335141e-06 0.042617418 1.872555e-08 1.0301568e-07 0.0021478033 0.00081229745
0.3316793 0.9847615 0.054839898 9.94355e-16 0.9052358 0.97337776 0.03331948 0.0069917785 0.58662075 0.07909981 0.000865616 0.0042656166 0.52010405 0.001294644 0.7517002 0.15744895 0.26300982 0.09726354 0.0018363404 0.004335268 0.40315598 0.00036617287 0.0008477618 0.025549551 0.00042121648 0.00010640599 0.004664645 0.00027888463 0.008588101 0.46590656 0.11325413 0.0005232856 0.00016067346 0.03864578 0.00027833966 2.1046226e-05 0.014753067 8.026188e-05 0.0076300027 7.370704e-05 6.805046e-06 3.2399873e-06 0.002504865 7.8750645e-06 0.0050714975 0.0001375392 6.0640446e-05 9.529129e-06 0.007754605 0.00028549926 0.0002556501 2.3871937e-05 6.8051196e-07 0.02435224 8.192596e-05 4.1024628e-06 4.411592e-06 0.0024261745 9.168134e-07 0.0005993471 3.4308408e-07 3.0772771e-06 0.00030770982 0.00040524045 0.008365941 1.5982823e-05 1.0213669e-06 1.7144222e-07 8.560499e-06 8.8936315e-05 0.0007300682 0.00019871352 1.8619357e-05 0.00014554658 1.5196547e-05 0.0119587965 1.0300734e-05 4.2484326e-06 0.00091479986 1.7674062e-06 0.0003000393 5.5506107e-06 2.6910461e-06 7.814138e-06 5.509181e-06 1.0145296e-06 5.1847283e-06 5.5464007e-09 1.1382908e-06 2.4677369e-05 5.337565e-07 5.624468e-07 1.2099056e-07 0.00012401184 1.3687821e-05 1.7951474e-05 0.013889113 1.3535384e-07 5.2415303e-09 0.00090246537 0.00023544808
0.03329534 0.94363075 0.03945852 0.9052358 1.0030219e-15 0.52986634 0.059745025 0.015053223 0.9893073 0.602782 0.0039938837 0.0012031558 0.1440194 0.01928751 0.52653587 0.06295093 0.84474516 0.00883373 0.0003885918 0.001250849 0.081850626 8.440292e-05 0.00010102265 0.0028650707 0.00040745226 8.790667e-06 0.0054038917 0.0004398047 0.00021579387 0.055897273 0.0032468247 0.009150822 0.000236359 0.0019618934 1.4629644e-05 1.25951e-05 0.000844677 9.934946e-06 0.00012257583 2.361418e-06 8.921384e-07 4.3819028e-07 0.00010726519 4.3168197e-07 0.0001227602 5.159774e-06 7.6465885e-06 6.364195e-06 0.0004509311 9.998029e-06 2.084276e-06 5.7124464e-07 1.9218315e-07 0.0010505241 9.657292e-06 4.325878e-07 2.3055489e-07 0.0001687174 8.09901e-07 5.277243e-05 1.875996e-06 2.9108398e-07 2.7548847e-05 5.0985227e-06 6.800398e-05 9.252743e-06 1.2304518e-07 3.9230565e-07 1.3973103e-07 4.2452073e-05 4.1326407e-06 1.2943822e-06 5.536086e-07 2.8323316e-06 9.532056e-06 0.000101931575 2.1380694e-07 8.120367e-06 6.2712907e-06 6.2957486e-07 2.445688e-05 3.5825047e-07 6.7780786e-07 2.8035702e-05 5.477449e-06 2.563218e-07 1.5756491e-07 4.2292774e-09 2.2713205e-07 6.176584e-06 5.6119006e-08 1.0926023e-07 3.837341e-08 2.211772e-05 1.0240178e-06 1.514951e-06 0.0039740223 6.4571886e-08 3.2735738e-08 0.0001490817 7.9192774e-05
0.8529173 0.82653856 0.03854645 0.97337776 0.52986634 4.1013174e-15 0.02174038 0.005590881 0.27548948 0.027794398 0.00043683389 0.00586395 0.95233417 0.00052769866 0.81858826 0.26957107 0.12870118 0.41453347 0.002146799 0.022178372 0.8910752 0.0007131263 0.0025113996 0.07520386 0.0001552687 0.00020649286 0.0045287567 0.00020174099 0.01577268 0.84087306 0.48809123 5.766735e-05 2.1149504e-05 0.161999 0.0002465694 0.00019115269 0.04615487 0.00011110108 0.05538092 9.0704e-05 1.0311427e-05 4.280562e-06 0.016340556 2.1184649e-05 0.015040149 0.00012938245 5.8037996e-05 7.0781866e-06 0.034202352 0.00063240615 0.00070136733 7.057342e-05 3.930768e-07 0.09635316 6.5739136e-05 2.0175303e-05 3.557819e-06 0.0151464725 1.9805793e-06 0.0029898516 1.4507133e-07 2.9146648e-07 0.0007165058 0.0034160716 0.04438372 2.4281408e-06 5.252074e-07 8.3121904e-08 2.1878643e-05 2.4010205e-05 0.002805239 0.00094705226 3.165668e-05 8.4586485e-05 1.3254734e-06 0.04068336 7.439289e-05 9.96582e-07 0.004890819 1.8594772e-06 0.00081397366 2.1513499e-05 2.6000903e-06 8.740522e-07 2.0744726e-05 1.6309042e-06 1.4022837e-06 5.2389115e-09 6.103404e-07 0.0003760351 2.7964776e-07 4.0215969e-07 3.7473125e-08 0.0002557057 0.00021173408 0.00013253799 0.035899144 5.331862e-07 1.4767373e-08 0.0029106333 0.0009231423
0.06108776 0.60257864 0.7703991 0.03331948 0.059745025 0.02174038 9.869336e-15 0.71657413 0.00051121024 0.9034485 0.8603317 0.27003747 0.0014366275 0.98759407 0.0007479039 5.68479e-05 0.0034721259 0.17543116 0.013585506 6.870008e-05 0.031603687 0.0016630251 9.030943e-06 1.0965355e-05 0.003210414 8.712194e-07 6.8030536e-06 0.00041298455 0.024802921 0.11496875 0.0012870621 0.85755146 0.001124135 0.00041511183 0.00058678637 0.001708496 8.745925e-05 0.00070061954 0.00090468687 4.8554034e-06 0.00023982392 8.786262e-05 3.328579e-05 1.6944986e-07 5.2658565e-05 0.00020465997 2.2717118e-06 3.7863447e-07 0.0012154432 1.07458345e-05 0.0003207069 1.2601389e-06 6.419306e-06 0.0020128605 0.00010600267 3.0823864e-07 1.3958633e-06 0.00039243442 9.682815e-07 0.00066268584 1.1774592e-07 1.10991095e-05 3.5002442e-05 0.0002817192 0.0010033529 6.4362916e-06 1.04689e-06 1.8780125e-05 1.7583909e-05 7.922496e-05 2.3571756e-05 6.9161426e-05 3.0108511e-05 4.7800227e-06 7.760388e-07 0.0010603034 2.3426961e-05 9.283918e-06 0.00053671893 3.5729365e-06 7.161741e-05 4.8829775e-06 5.434502e-06 6.404865e-07 1.3270715e-05 7.5980415e-07 3.3818673e-05 1.827954e-07 1.0122957e-05 0.0002093232 1.5018577e-06 1.698729e-08 3.8305973e-07 0.00020909117 0.00011728975 5.304217e-05 0.011671621 1.0507554e-07 4.1039378e-08 0.0008114686 0.0026443428
0.06432225 0.21580514 0.927562 0.0069917785 0.015053223 0.005590881 0.71657413 4.4577292e-13 4.2500156e-05 0.02633804 0.99763626 0.6333246 0.00059628277 0.13257298 5.919974e-05 1.1289431e-05 0.00032028026 0.13658462 0.044269733 2.3720104e-06 0.018074516 0.008091465 8.015448e-07 7.094027e-06 0.14257862 1.424215e-07 6.816412e-06 0.012723531 0.07549181 0.107319 0.0008055745 0.38382658 0.0073977173 0.00026419782 0.00036655212 0.013324854 3.0443816e-05 0.0006408959 0.0011208662 1.0042296e-06 0.000101301375 0.00051294314 2.5786449e-05 1.8952217e-07 2.1228192e-05 0.0020608956 7.6794487e-07 2.535336e-06 0.0051940377 4.7576195e-06 0.00070449855 3.9122443e-07 2.8048523e-06 0.0013556876 0.00018648065 1.1576555e-07 2.1372313e-07 0.00018223922 1.0473678e-07 0.00077590835 1.1638053e-06 2.9781454e-06 1.8836916e-05 0.00020425068 0.0017303273 6.967283e-05 6.344134e-07 2.6235937e-06 1.4350637e-05 0.00013789724 1.6892147e-05 0.00018425361 5.804198e-05 1.4073191e-05 2.0381065e-05 0.0014455952 3.8751194e-05 8.037198e-06 0.00052185357 1.1504901e-06 7.797475e-05 6.5731615e-07 8.130108e-06 4.6562823e-06 3.170845e-06 2.3247744e-06 4.9275823e-06 9.811791e-07 1.1568626e-06 0.00015024107 4.685844e-06 4.876799e-07 3.6180293e-06 0.00023712777 7.399459e-05 1.6077242e-05 0.01267571 3.2018815e-07 1.2086994e-07 0.000807126 0.0018321938
0.0047984067 0.2272111 0.00035245577 0.58662075 0.9893073 0.27548948 0.00051121024 4.2500156e-05 2.406096e-16 0.0030040564 8.3017185e-06 2.444056e-05 0.14622228 6.7143854e-05 0.7721683 0.21977271 0.99735457 0.00042129462 4.3492023e-06 0.0061393217 0.016421665 4.5604182e-07 0.0017623052 0.014639758 1.9408644e-06 0.00019397431 0.012288022 4.158879e-07 4.135446e-05 0.004486681 0.004283059 1.1164079e-05 2.2930317e-06 0.00046427562 8.959239e-07 1.3482816e-06 0.0003660922 6.903332e-07 9.878703e-06 2.5955429e-05 9.600556e-07 2.4148147e-07 3.667168e-05 7.75531e-06 0.000103199316 3.1006718e-07 0.0003839064 2.6640964e-06 1.0801419e-05 3.1176664e-06 3.045495e-06 1.0782045e-06 4.1683091e-07 9.872793e-05 1.6440624e-06 4.1704604e-07 6.396789e-07 6.593768e-05 4.6122892e-08 1.3290941e-05 9.2331965e-07 2.370268e-05 3.500229e-06 2.6123746e-07 7.196573e-06 2.511276e-05 1.7354552e-07 5.1452344e-06 3.835616e-07 2.048235e-05 2.1829862e-06 2.966495e-06 4.747089e-07 1.7785709e-06 4.268145e-06 2.2534172e-05 6.423038e-07 3.002697e-06 9.090395e-07 1.8439843e-08 1.5615702e-06 7.553421e-07 1.8130087e-06 3.953539e-07 2.8088152e-07 8.319662e-08 5.97978e-07 1.5412776e-07 4.5019567e-07 9.975861e-07 1.3173947e-07 2.31431e-07 4.2883652e-08 3.9765014e-06 8.329105e-07 9.640457e-07 0.00026623896 1.9488843e-08 1.8521576e-09 9.312978e-06 6.31837e-05
0.02330578 0.63793266 0.03638736 0.07909981 0.602782 0.027794398 0.9034485 0.02633804 0.0030040564 4.834965e-16 0.020283924 0.001962951 0.004473057 0.98167145 0.0072891754 0.00019066203 0.07662352 0.025372831 1.3291942e-05 0.00022059065 0.017458139 1.7955377e-05 2.0006693e-05 3.8875787e-05 1.5137575e-05 3.3882972e-07 5.6329176e-05 2.511003e-05 0.0003251291 0.06519023 0.0008907272 0.9458433 7.062529e-06 0.00020075528 2.345533e-07 3.2983364e-06 5.7962992e-05 1.1974561e-06 1.9258074e-05 9.947541e-07 2.2080085e-08 1.43868e-07 8.607315e-06 3.0063433e-07 3.539208e-05 4.4536802e-07 7.17807e-05 5.929823e-07 2.2064207e-05 1.651942e-05 2.2580198e-06 1.9036532e-06 2.2130357e-07 0.00025837863 9.202209e-07 6.283245e-08 6.3074253e-07 0.00020934737 1.2683593e-06 3.2719042e-06 5.1289295e-08 1.2598241e-06 5.1203115e-05 2.080225e-06 0.00011833926 1.2722327e-07 6.255398e-07 7.223768e-08 1.4813985e-07 8.575475e-08 3.900556e-06 7.418933e-07 3.704929e-07 1.890981e-05 2.7924468e-06 0.0004871354 5.1635498e-06 1.8127292e-07 1.0176272e-05 4.9802327e-07 6.599996e-07 5.287686e-07 1.4152052e-08 4.9875047e-07 6.190202e-07 8.9496416e-07 5.3066688e-06 3.5030692e-07 5.3218923e-08 4.1545677e-06 3.6795043e-08 1.0790392e-07 5.3865326e-09 2.5806055e-05 2.3344542e-06 5.536585e-06 0.0008033972 8.487337e-10 4.594183e-09 8.156808e-06 0.00017444415
0.029189514 0.053226445 0.88530034 0.000865616 0.0039938837 0.00043683389 0.8603317 0.99763626 8.3017185e-06 0.020283924 5.771071e-14 0.49102452 3.2166576e-05 0.15776774 1.1935847e-05 2.4224346e-06 9.707826e-05 0.030868884 0.016045688 1.2085727e-07 0.0025945778 0.02159279 1.0975587e-07 4.1239454e-07 0.66472036 2.754891e-08 7.3055367e-07 0.027681101 0.013778255 0.015787877 0.00028109126 0.67274415 0.16686234 3.864962e-05 0.00041217144 0.028611824 1.7430777e-06 0.00043387813 0.00022198432 3.7836678e-08 0.00011276622 0.00021015108 5.0752324e-06 1.2142166e-08 6.6968473e-06 0.0011014696 1.945949e-07 2.621339e-07 0.0014730537 5.461024e-06 0.00044147146 8.9146006e-08 2.0656009e-07 0.00021568646 0.00028130418 9.002388e-09 3.4973795e-08 2.2996397e-05 2.0336165e-08 0.00040727432 7.41622e-08 4.0643638e-07 5.806526e-06 1.5863983e-05 0.00045393847 6.786074e-05 1.4888228e-07 1.1133368e-06 2.8122047e-06 0.00017083534 1.2821439e-05 6.682534e-05 3.2785338e-05 1.0233921e-06 7.71159e-06 0.00042759205 3.4516695e-06 2.2691197e-06 7.873424e-05 7.6325375e-07 5.7171994e-05 7.1327214e-08 8.859998e-07 1.8787174e-06 5.7082804e-07 4.2275957e-07 1.2604334e-06 2.9239708e-08 5.5928354e-07 4.70319e-05 4.288756e-07 9.766732e-08 1.2543574e-06 6.490624e-05 3.4178862e-05 2.0383319e-05 0.004811962 2.6652538e-07 1.0252133e-07 0.00017392321 0.00038698252
0.90839756 0.030555513 0.9700313 0.0042656166 0.0012031558 0.00586395 0.27003747 0.6333246 2.444056e-05 0.001962951 0.49102452 2.6183903e-13 0.00024986968 0.0088618705 0.00014875433 8.28876e-06 1.5935293e-05 0.37279037 0.9632016 3.5706248e-07 0.033113956 0.93929285 8.754638e-07 8.917135e-06 0.8526144 1.819254e-08 7.836056e-06 0.5196344 0.5029794 0.20897827 0.0006558807 0.010789947 0.49787286 0.00070217 0.35601628 0.7450413 3.1929227e-05 0.038504373 0.014186568 5.9161863e-07 0.029914277 0.015782503 0.00049148075 2.2755482e-07 4.1656072e-05 0.15003881 3.315385e-08 2.229792e-06 0.27472186 1.2133388e-05 0.057287708 8.326838e-06 9.658379e-08 0.061378572 0.0021399138 5.6918367e-07 1.081648e-07 0.00067686033 2.6394986e-07 0.006723488 4.7939216e-07 1.0704671e-06 2.5124447e-05 0.003114873 0.07239358 0.00066363387 1.3639449e-07 0.000103848455 0.001379015 0.00056494825 0.00051097263 0.0017127066 0.0025269988 1.5714519e-05 5.8001813e-05 0.016801452 4.7745693e-06 4.9592465e-05 0.0031627214 2.1622884e-05 0.0032085925 4.5691817e-07 1.1640144e-05 1.3777543e-05 2.663776e-06 3.430758e-06 1.0308835e-06 8.4137145e-07 2.0187435e-06 0.0014528976 2.0363814e-05 9.594955e-07 2.492743e-07 0.00035166292 0.0005237541 3.0318042e-05 0.014362022 1.475953e-06 1.6004499e-07 0.008638606 0.0006084033
0.83136326 0.15148339 0.00060980115 0.52010405 0.1440194 0.95233417 0.0014366275 0.00059628277 0.14622228 0.004473057 3.2166576e-05 0.00024986968 6.5853385e-15 3.246394e-05 0.8613105 0.84293616 0.074354306 0.043381415 4.1438743e-05 0.24885891 0.87218434 1.9458962e-06 0.146849 0.39438933 2.3243499e-07 0.08890142 0.082641274 6.888256e-06 0.004953048 0.53749543 0.94997287 2.1591222e-06 6.529228e-07 0.7396528 3.629541e-06 8.632372e-06 0.49389988 4.8497623e-06 0.040606614 0.0072366525 1.9540813e-07 4.709105e-07 0.113473006 0.0014524783 0.08853613 1.1455551e-05 0.002358435 0.00016445282 0.010000949 0.0061307014 0.00016095059 0.0014931498 6.0714947e-06 0.09673496 1.2414634e-05 0.00024387789 8.7208144e-05 0.045654036 2.8560098e-05 0.0025066617 2.1749902e-06 2.1607207e-06 0.01038608 0.0055382517 0.040357683 4.5502943e-06 1.2273275e-05 2.9948367e-07 1.3975763e-06 3.363264e-05 0.009586459 0.001418599 7.114338e-06 0.00066730136 8.71499e-08 0.041284278 0.00080901873 4.8251474e-07 0.008153792 9.416217e-06 0.0003847914 2.251821e-05 2.3027353e-06 9.339161e-08 0.0005238351 3.1262247e-05 1.3408897e-05 1.2574684e-07 7.862982e-08 0.00037685526 2.6079078e-06 3.0964918e-06 5.3938457e-08 0.0021314337 0.00038413837 0.00049426267 0.020438725 1.6823016e-07 1.18053094e-07 0.0021718873 0.0015683813
0.011464929 0.11370902 0.072892375 0.001294644 0.01928751 0.00052769866 0.98759407 0.13257298 6.7143854e-05 0.98167145 0.15776774 0.0088618705 3.246394e-05 1.1585704e-14 1.8532694e-05 2.756757e-06 0.0014332938 0.00096246763 0.00019472961 1.0893868e-06 0.00019597933 2.471456e-05 2.079478e-07 6.6322883e-07 0.00013624545 4.5688612e-08 5.018427e-07 1.334707e-05 9.1854185e-05 0.0007990997 4.0840245e-05 0.7884601 1.7821936e-05 7.600263e-06 1.2287834e-05 6.9984824e-05 6.793413e-06 9.7200955e-06 8.570539e-06 3.738441e-07 3.31598e-06 2.1598821e-06 1.4038412e-06 2.4325897e-07 1.0659668e-05 1.3647752e-05 4.5183444e-07 8.3273414e-07 0.00028517653 9.137352e-06 1.1449402e-05 5.8996816e-06 4.7454623e-06 7.5777076e-05 5.5191646e-05 8.162807e-08 8.526624e-07 0.000106540836 9.52743e-06 0.000108789085 1.504019e-06 7.271609e-07 5.278159e-05 1.2701756e-05 0.00012453273 2.1653702e-06 7.6112083e-06 2.7203288e-07 8.32837e-06 3.2565229e-06 3.0002888e-05 3.502695e-05 1.5522244e-05 4.513818e-05 4.9408145e-06 0.00016477623 4.5479752e-05 7.389978e-06 7.870744e-05 1.6327647e-05 6.2891115e-05 2.5463373e-06 1.102441e-07 7.755583e-06 2.9042903e-05 1.7162314e-05 2.846802e-05 1.04435756e-07 1.1344506e-07 9.687452e-05 8.9594454e-07 1.6361432e-06 6.516988e-08 6.8895344e-05 2.2666898e-05 1.2698291e-05 0.0021612411 2.5178954e-08 2.3648209e-08 0.00011011387 0.000966855
0.15715727 0.21966243 0.00046079158 0.7517002 0.52653587 0.81858826 0.0007479039 5.919974e-05 0.7721683 0.0072891754 1.1935847e-05 0.00014875433 0.8613105 1.8532694e-05 1.6455984e-15 0.99464583 0.52294695 0.009678408 2.7948034e-05 0.4078786 0.1666416 9.605534e-06 0.15943049 0.60973996 5.9361e-06 0.03719086 0.45750454 1.9067747e-06 0.00036204903 0.087637365 0.26730102 3.3360793e-05 2.1183023e-06 0.07930002 4.019402e-06 6.648516e-06 0.077617444 2.4901974e-06 0.00086411444 0.00063222257 1.3923985e-06 4.0182616e-07 0.00274752 0.00056407606 0.020681642 2.209259e-05 0.014807187 6.489027e-05 0.00037216756 0.0013658599 5.1478823e-05 0.00012369035 1.2599665e-05 0.0015205092 0.00028030103 1.5032211e-05 4.889557e-06 0.00056560006 2.9128573e-06 0.00017777605 1.7548584e-06 5.2238183e-06 0.00035447374 2.8623548e-05 0.0010072147 8.283299e-06 2.2891163e-06 6.8819844e-08 6.049746e-06 1.790232e-05 0.00030998723 7.794583e-05 7.510517e-05 0.00017409265 2.6179989e-05 0.0025779959 3.8570382e-05 8.984301e-07 0.00024403284 7.06456e-07 0.00015316517 2.9610868e-05 3.1390275e-06 1.6373819e-05 1.1946622e-05 1.6944817e-06 4.707271e-06 1.9120062e-08 5.775326e-07 3.983221e-05 4.1804615e-06 7.823828e-07 4.0333884e-07 0.00040789373 2.0712665e-05 4.823358e-05 0.006328059 3.3597277e-07 2.8281275e-09 0.0005695701 0.00023226626
0.14867091 0.009568087 8.946899e-06 0.15744895 0.06295093 0.26957107 5.68479e-05 1.1289431e-05 0.21977271 0.00019066203 2.4224346e-06 8.28876e-06 0.84293616 2.756757e-06 0.99464583 7.763951e-16 0.31111988 0.0015377416 1.4123333e-06 0.744992 0.103642054 6.4932493e-07 0.5678108 0.90841943 5.071267e-07 0.39134336 0.60454917 8.402688e-07 7.1166425e-05 0.023317173 0.4303333 2.2879399e-06 1.2040681e-06 0.22146259 6.5526706e-07 7.777318e-07 0.3200418 3.1045244e-07 0.0005145727 0.017607143 3.827022e-07 5.727423e-08 0.013266665 0.010753387 0.0257083 1.2546821e-05 0.03179615 0.0030011158 3.0279292e-05 0.0022848067 1.2725763e-05 0.0010198369 0.00011072325 0.001834079 3.7633952e-05 0.00016330117 4.5262976e-05 0.0028266436 6.764873e-05 0.00016205043 2.5812898e-05 9.166438e-05 0.0011310026 4.422728e-05 0.0006634399 1.3607295e-05 1.1791021e-05 1.030829e-07 1.737503e-06 2.7048849e-05 0.00061092025 8.8278204e-05 4.76844e-06 0.0001857678 8.1369035e-06 0.0015580492 0.00011802671 3.4615261e-06 0.00030775415 3.6761267e-06 4.7053567e-05 2.2580576e-05 1.9470583e-06 4.8933825e-06 4.5270743e-05 8.362562e-06 8.201136e-06 4.7545445e-06 9.2642176e-07 5.3465166e-05 7.2849048e-06 4.6521916e-07 4.0610897e-07 0.00034089768 3.5758014e-05 3.132734e-05 0.0019983095 6.2066924e-08 8.520499e-08 0.00027691494 0.00043080005
0.0019562466 0.1086152 0.00011137605 0.26300982 0.84474516 0.12870118 0.0034721259 0.00032028026 0.99735457 0.07662352 9.707826e-05 1.5935293e-05 0.074354306 0.0014332938 0.52294695 0.31111988 1.8166669e-16 4.991983e-05 1.5750504e-06 0.07254937 0.003163112 6.311965e-08 0.013524058 0.05413015 2.899406e-07 0.005896147 0.9233136 4.3210107e-06 1.84997e-06 0.0006461637 0.003834441 0.0012883465 6.3034383e-07 0.0008075472 9.34694e-06 4.2585964e-07 0.00075345533 3.4470147e-06 5.7650104e-06 2.8112621e-05 4.6780652e-08 6.925329e-07 2.5914745e-05 2.492054e-05 0.00017891118 2.4218593e-06 0.04697555 0.00020620102 3.0404557e-05 5.3181662e-05 1.6206272e-05 1.213389e-06 1.2287821e-05 1.0624421e-05 4.1531575e-06 2.245329e-06 4.7613668e-07 4.1320593e-05 1.9580875e-06 4.2689127e-05 6.8691666e-06 0.00023983535 3.0265664e-05 5.922148e-07 2.3010275e-06 2.8127506e-05 1.9849078e-06 6.886472e-07 2.1030675e-07 1.13049355e-05 1.7463108e-06 5.888908e-07 8.61692e-07 5.2011155e-06 6.414432e-05 8.860618e-06 1.5244512e-06 7.68784e-05 3.394263e-06 2.7697212e-07 8.306962e-06 3.0524243e-06 6.759352e-07 4.0790364e-06 2.5494523e-06 1.097092e-07 1.9925045e-07 1.8119032e-07 4.4917172e-08 5.121068e-07 2.1826772e-05 7.048264e-08 1.4372302e-09 1.637859e-06 1.9114019e-07 9.928121e-07 0.00017683758 8.173895e-09 4.2621022e-07 1.6807566e-06 5.062951e-05
0.9502776 0.25617805 0.7784597 0.09726354 0.00883373 0.41453347 0.17543116 0.13658462 0.00042129462 0.025372831 0.030868884 0.37279037 0.043381415 0.00096246763 0.009678408 0.0015377416 4.991983e-05 2.1454861e-16 0.71364033 0.0002608127 0.61239094 0.12750319 0.00014348743 0.00019187633 0.030766718 3.8209705e-06 1.1946536e-06 0.0043836315 0.96339685 0.9174066 0.0041587045 6.250029e-06 0.0016410174 0.012801291 0.22799468 0.0071154786 0.00065161433 0.008077547 0.8728383 1.993897e-06 0.0009571828 0.0039209216 0.085877284 4.3304968e-07 0.00013483215 0.008630582 3.8252742e-07 2.1192731e-07 0.64640087 2.9194971e-05 0.015458619 1.2827529e-05 5.812792e-08 0.36558083 8.1446115e-06 1.0359126e-06 1.911596e-06 0.027926689 2.8419626e-07 0.07859348 7.17988e-08 6.546539e-08 0.00069326116 0.08566403 0.18299891 0.0001791801 1.9299678e-07 1.3343113e-05 0.00017504959 1.4741968e-05 0.027760942 0.019395111 0.0001754855 0.00020244178 6.356823e-05 0.13406886 7.9486845e-06 2.9334517e-05 0.04966326 2.844783e-07 0.007539438 1.2765017e-06 7.974259e-07 7.1806724e-05 0.00014936646 1.5356752e-06 4.6313068e-07 5.7569256e-09 2.814669e-07 0.009036108 4.9893794e-07 1.3185762e-07 1.6255727e-07 0.0038095405 0.0039665196 0.00046287355 0.06752314 9.13706e-09 7.669429e-09 0.037954785 0.01380957
0.96123016 0.0053924243 0.58641726 0.0018363404 0.0003885918 0.002146799 0.013585506 0.044269733 4.3492023e-06 1.3291942e-05 0.016045688 0.9632016 4.1438743e-05 0.00019472961 2.7948034e-05 1.4123333e-06 1.5750504e-06 0.71364033 3.6004753e-17 1.0568577e-07 0.0045826426 0.39650926 8.91955e-08 1.0749488e-06 0.06959724 1.9385584e-09 3.0135942e-07 0.030373376 0.9404027 0.05154548 2.549879e-05 0.00014545431 0.05865262 4.6638084e-05 0.9039068 0.33293298 4.308191e-07 0.14027354 0.07081283 2.3395222e-08 0.07205263 0.010503102 0.0004730522 9.32081e-09 7.2989275e-07 0.34618965 7.075945e-08 6.2335013e-09 0.76223135 2.0550084e-07 0.23093817 1.8741906e-07 1.6405492e-08 0.1800652 0.002161602 4.3598536e-08 4.7386738e-08 0.0018063944 8.274192e-09 0.07700004 2.6923267e-08 3.490647e-07 5.277034e-06 0.02035801 0.10923004 0.0011801153 5.5653167e-09 0.00027723494 0.0026754865 0.00040472602 0.00064173783 0.008668039 0.0018512848 5.27558e-06 7.117396e-05 0.02140713 1.058578e-06 7.067223e-05 0.010805012 1.8348616e-07 0.00530486 7.368531e-09 2.665418e-06 9.297332e-06 1.1783787e-06 2.479688e-07 1.4247136e-07 1.665504e-08 3.0580242e-08 0.0021817067 6.407556e-06 1.9454164e-07 1.1260619e-08 0.0003434616 0.001227519 1.3108666e-05 0.014299046 2.0561915e-08 2.6855158e-08 0.00926276 0.0023438192
0.14012614 0.00021560995 5.038093e-07 0.004335268 0.001250849 0.022178372 6.870008e-05 2.3720104e-06 0.0061393217 0.00022059065 1.2085727e-07 3.5706248e-07 0.24885891 1.0893868e-06 0.4078786 0.744992 0.07254937 0.0002608127 1.0568577e-07 2.2629322e-16 0.027486786 2.7068781e-08 0.8484892 0.8174156 1.2534293e-08 0.83669955 0.9907324 8.2146653e-07 2.7211954e-05 0.005332267 0.31975707 1.0655308e-07 3.8368526e-07 0.20176286 2.651156e-07 2.5297533e-07 0.40229017 4.3104018e-07 0.00012529048 0.035228815 5.1830966e-08 1.1473432e-08 0.0062632845 0.06625884 0.10887106 5.8202397e-05 0.107936926 0.018543405 0.00014526896 0.010977091 2.992125e-05 0.0028823996 0.00034532073 0.0012790443 1.2890828e-06 0.0005343421 0.00030929357 0.0039686332 4.6695095e-05 6.645312e-05 1.9758527e-05 0.00023921378 0.0019492591 3.6916008e-05 0.00077169103 3.424539e-05 2.5032108e-05 1.4040147e-07 1.5077437e-07 2.346515e-05 0.0005665455 4.9800265e-06 1.3265324e-05 0.0005147958 3.0524345e-05 0.0017168169 0.0003203743 4.957847e-05 0.00030768433 1.3364265e-05 7.3906514e-05 0.00025236103 4.5012807e-06 3.7112237e-05 0.00017351749 0.00012504446 0.00012209982 1.4433846e-06 8.0951025e-07 5.934213e-05 8.002917e-06 1.0765672e-05 1.3863782e-07 0.0004828025 2.4458514e-05 7.719453e-05 0.004631301 2.8542003e-08 7.1857335e-07 0.0007279148 0.00071918254
0.98764634 0.55656314 0.21932283 0.40315598 0.081850626 0.8910752 0.031603687 0.018074516 0.016421665 0.017458139 0.0025945778 0.033113956 0.87218434 0.00019597933 0.1666416 0.103642054 0.003163112 0.61239094 0.0045826426 0.027486786 3.7484787e-15 0.0027709422 0.024058893 0.18241562 0.0008952865 0.004500264 0.0013825151 5.1872434e-05 0.03275827 0.8976034 0.53300214 4.484587e-06 5.9832422e-05 0.60371137 0.0009001755 0.0003923929 0.072674975 0.00026430516 0.61701447 0.00086736865 8.0458296e-05 0.00010011841 0.623246 8.386806e-05 0.016716978 0.00026759217 0.00013495654 2.1096463e-05 0.044604775 0.00082953635 0.00034854774 0.00011760403 3.9586193e-06 0.44911703 8.880079e-05 1.0152764e-05 7.931616e-06 0.16162369 3.554804e-06 0.0080253845 5.957632e-07 6.201991e-07 0.0055629695 0.028941397 0.20839152 7.724947e-05 9.944108e-07 1.8363322e-05 1.267667e-05 5.0612998e-05 0.0528421 0.0028060966 3.6997775e-05 0.00066125276 1.4934617e-05 0.1994897 9.411032e-05 1.3214792e-05 0.039022774 1.074833e-06 0.001141224 9.029245e-06 1.4823164e-06 3.7552356e-05 0.0008642381 1.738278e-05 1.0998277e-06 7.8919316e-09 7.777674e-07 0.0021157484 3.5180328e-06 4.3631877e-07 6.640291e-08 0.0033181945 0.00080569286 0.0008529658 0.19238229 1.452254e-07 9.963747e-09 0.01228149 0.011278547
0.4937173 0.0039584213 0.6232915 0.00036617287 8.440292e-05 0.0007131263 0.0016630251 0.008091465 4.5604182e-07 1.7955377e-05 0.02159279 0.93929285 1.9458962e-06 2.471456e-05 9.605534e-06 6.4932493e-07 6.311965e-08 0.12750319 0.39650926 2.7068781e-08 0.0027709422 1.5995193e-16 1.177517e-08 2.0090741e-07 0.64063275 1.133528e-09 7.324812e-09 0.99494785 0.17745987 0.019015878 1.6178938e-05 0.001498467 0.6164648 8.889972e-06 0.046912577 0.94348735 2.4157373e-06 0.041223094 0.0018216372 7.2935973e-09 0.010133409 0.017966488 8.799055e-06 4.092779e-10 4.2210652e-07 0.18391845 3.8285243e-08 3.7245371e-09 0.10943956 4.1257704e-07 0.056198042 5.0294872e-08 3.0737706e-09 0.004359447 0.0038600778 6.687749e-09 1.0753917e-08 0.00020080832 6.863095e-08 0.0023586995 1.08674065e-08 2.6975712e-07 4.069637e-06 0.00063520717 0.0043424163 0.0031157301 7.694469e-09 0.00074324844 0.0022266314 0.007246128 4.3413886e-05 0.00043048628 0.0008125244 4.9360488e-06 7.2250536e-05 0.0027657421 1.2401835e-06 0.0001606966 0.00088850316 1.5200728e-08 0.00033809515 8.560212e-08 6.559132e-06 7.297859e-06 7.305268e-08 1.21691075e-08 2.1641304e-07 6.6533836e-09 3.692262e-07 0.00077711284 5.652074e-07 2.8266123e-09 3.914614e-07 0.000104803585 0.000527117 3.4752563e-06 0.015696764 1.18899725e-05 9.620477e-10 0.0059255296 0.0018695969
0.315015 5.8710873e-05 6.48142e-07 0.0008477618 0.00010102265 0.0025113996 9.030943e-06 8.015448e-07 0.0017623052 2.0006693e-05 1.0975587e-07 8.754638e-07 0.146849 2.079478e-07 0.15943049 0.5678108 0.013524058 0.00014348743 8.91955e-08 0.8484892 0.024058893 1.177517e-08 1.2770401e-15 0.909339 1.6128832e-08 0.9966927 0.62285084 1.8915526e-07 1.8210847e-05 0.0037448017 0.48343047 2.9004745e-08 1.5192357e-07 0.34245217 1.5134196e-07 3.2534888e-07 0.575254 9.399509e-08 5.0211318e-05 0.07283527 1.2505072e-07 1.8962623e-08 0.013374512 0.112009406 0.37856898 6.1642845e-06 0.07411993 0.047326848 7.509157e-05 0.033009868 8.343896e-06 0.0119172465 0.0010438539 0.002305679 7.768264e-06 0.0037283225 0.00087881315 0.0112118265 0.0010435628 5.8426012e-05 0.0001924613 0.001247959 0.005385327 4.0493716e-05 0.0009558688 1.3417097e-05 0.00018329914 1.5611005e-07 3.237499e-07 1.3955511e-05 0.001472581 3.6144668e-06 3.363166e-06 0.0008910314 1.1075266e-05 0.0040354473 0.00087528763 9.869372e-06 0.00028751136 9.1883805e-05 7.3748306e-05 0.0003298504 3.3739857e-06 3.739584e-06 0.0004579001 0.00044441284 0.00020584755 9.556577e-06 2.4197606e-08 0.00033537849 1.20713285e-05 1.2072641e-05 2.2204497e-07 0.0012411029 0.00030759248 0.00017973667 0.006572056 6.6431795e-08 2.958247e-07 0.001798899 0.0006432605
0.9033207 0.002682978 2.7518927e-06 0.025549551 0.0028650707 0.07520386 1.0965355e-05 7.094027e-06 0.014639758 3.8875787e-05 4.1239454e-07 8.917135e-06 0.39438933 6.6322883e-07 0.60973996 0.90841943 0.05413015 0.00019187633 1.0749488e-06 0.8174156 0.18241562 2.0090741e-07 0.909339 5.609374e-12 1.4089727e-08 0.88380384 0.58399004 4.7306184e-08 6.2071776e-06 0.0442269 0.825673 3.4195084e-06 2.4331626e-07 0.71688074 1.1278353e-06 1.8343962e-05 0.9140142 3.1630606e-07 0.0006960931 0.63317204 3.7659296e-07 4.455182e-08 0.09598871 0.49878362 0.83070344 2.7567255e-06 0.5717993 0.19248527 0.0011602277 0.29156774 5.0864473e-05 0.042363826 0.019642983 0.04752836 0.0036410147 0.013520652 0.0029080375 0.10485765 0.0022001122 0.00022801159 0.001952205 0.0032632526 0.104091816 0.00030556455 0.017486807 8.411496e-06 0.00021290404 3.533946e-07 4.3849877e-07 4.1715823e-05 0.023849394 6.138476e-05 5.4845214e-06 0.006811455 2.2029472e-07 0.10810138 0.0043160524 7.6730906e-08 0.0023656953 0.0002525298 0.00010437996 0.002182336 1.6084501e-06 1.6599756e-07 0.004899923 0.00027729283 7.364029e-05 5.0749153e-05 5.182632e-08 0.00012244907 2.1531541e-05 4.8155955e-05 3.836551e-06 0.0053197877 7.446082e-05 0.00367841 0.113503784 2.6660787e-06 2.753122e-07 0.0017935731 0.0019660974
0.013599517 0.005109008 0.6607357 0.00042121648 0.00040745226 0.0001552687 0.003210414 0.14257862 1.9408644e-06 1.5137575e-05 0.66472036 0.8526144 2.3243499e-07 0.00013624545 5.9361e-06 5.071267e-07 2.899406e-07 0.030766718 0.06959724 1.2534293e-08 0.0008952865 0.64063275 1.6128832e-08 1.4089727e-08 5.8916475e-17 4.1476813e-09 1.5248522e-08 0.8754438 0.024067545 0.0057949945 0.000111878304 0.38132215 0.9990406 1.468238e-05 0.0020540222 0.037230045 8.357447e-07 0.0019436819 3.9328905e-05 2.1499284e-07 0.00010409615 0.00052951655 5.455004e-07 3.0724105e-09 1.964565e-06 0.0055854586 7.387473e-09 7.877153e-08 0.005415208 5.2242017e-06 0.00039105306 2.071774e-07 2.1851834e-08 0.0018726564 0.0007871225 9.190198e-08 1.171905e-07 0.000117300144 1.3765604e-07 0.00041225378 3.4067906e-08 2.6642525e-07 0.00016992574 3.227742e-05 0.00037177256 9.374252e-07 1.7473542e-07 8.182998e-07 9.575649e-07 0.00012871197 6.426398e-06 2.6323467e-05 3.5924625e-06 4.323086e-05 2.9248185e-06 0.0003891095 1.1400241e-05 8.856026e-07 0.0003733626 2.28145e-07 7.3426777e-06 5.913885e-07 4.6506543e-08 1.2380298e-07 2.1779404e-05 9.364616e-08 4.182264e-06 3.569365e-09 3.2281495e-08 3.0082449e-05 2.0972792e-07 3.1708765e-09 1.3499597e-09 0.00011900768 3.455231e-05 2.3129794e-05 0.0077581 1.6323053e-09 2.6846896e-09 0.00012991486 0.007960804
0.34722868 3.85279e-06 7.3004864e-09 0.00010640599 8.790667e-06 0.00020649286 8.712194e-07 1.424215e-07 0.00019397431 3.3882972e-07 2.754891e-08 1.819254e-08 0.08890142 4.5688612e-08 0.03719086 0.39134336 0.005896147 3.8209705e-06 1.9385584e-09 0.83669955 0.004500264 1.133528e-09 0.9966927 0.88380384 4.1476813e-09 7.592635e-17 0.72023344 2.2081855e-08 2.7705903e-07 0.0005390131 0.43758994 5.993053e-09 1.07913944e-08 0.32493085 6.04114e-09 2.787168e-08 0.58166254 2.4477365e-09 6.5918593e-06 0.12904893 3.3933838e-09 9.530672e-10 0.010887757 0.22899523 0.38843367 2.2081996e-07 0.26493174 0.11771364 1.1393286e-05 0.03908072 1.5516945e-07 0.012459398 0.002924148 0.0011069207 1.545653e-06 0.0041970937 0.0015115396 0.012121922 0.0019671638 5.204326e-06 0.00059954636 0.0051304908 0.011578909 1.5422438e-05 0.0002506255 4.817657e-07 0.0001471272 1.9493676e-08 1.3135525e-08 1.956945e-06 0.0013422704 1.5258468e-07 2.5698595e-08 0.0015723956 3.584644e-07 0.0021503111 0.0011018658 2.7459322e-07 0.00015769203 0.00019009392 2.0898271e-06 0.00052349176 2.7319683e-07 2.4010365e-07 0.00089797657 0.00073023426 0.00032535213 4.611039e-05 4.393041e-09 6.015919e-05 3.9666786e-05 2.9311195e-05 4.004077e-09 0.0022134339 0.00021321166 0.000580048 0.010474414 1.682807e-09 7.0812e-07 0.0005381669 0.00088806474
0.02161402 0.00015067915 2.5080593e-07 0.004664645 0.0054038917 0.0045287567 6.8030536e-06 6.816412e-06 0.012288022 5.6329176e-05 7.3055367e-07 7.836056e-06 0.082641274 5.018427e-07 0.45750454 0.60454917 0.9233136 1.1946536e-06 3.0135942e-07 0.9907324 0.0013825151 7.324812e-09 0.62285084 0.58399004 1.5248522e-08 0.72023344 5.133641e-14 7.777174e-08 1.3337941e-06 0.00033264485 0.027936 3.8616668e-06 2.9558825e-08 0.011448836 1.3823337e-06 1.4924174e-06 0.03379609 7.038562e-07 7.554462e-06 0.0023199308 2.236463e-07 5.473107e-07 0.00033129362 0.0072450154 0.0059596747 0.0001608938 0.9153917 0.0026501885 0.00018822792 0.0009580093 3.192895e-05 8.7788e-05 2.8945242e-05 0.00021301005 2.4325642e-05 0.00011456705 7.0847e-05 0.00026188866 2.3218994e-05 1.2991157e-05 4.7751e-05 0.00050533906 0.00037045844 8.0066954e-08 5.8524524e-06 0.001105981 2.615254e-05 1.0542213e-05 3.0940313e-07 0.00012497627 4.3596774e-05 3.3755674e-07 6.5612026e-06 3.0473124e-05 0.00010253498 3.503437e-05 7.5939233e-06 0.0009373569 4.4406584e-06 2.9271e-05 7.560833e-06 4.827035e-05 0.00020913464 4.900376e-05 1.4256814e-05 2.5405172e-05 2.0993404e-05 1.3001227e-06 1.1169601e-06 3.9814478e-07 1.797539e-05 1.8603408e-06 1.7366796e-08 1.7228173e-05 1.8508035e-07 6.7004444e-06 0.0016495774 5.5757635e-08 3.7079246e-06 5.6263994e-05 6.160627e-05
0.039722197 0.0017339104 0.18304338 0.00027888463 0.0004398047 0.00020174099 0.00041298455 0.012723531 4.158879e-07 2.511003e-05 0.027681101 0.5196344 6.888256e-06 1.334707e-05 1.9067747e-06 8.402688e-07 4.3210107e-06 0.0043836315 0.030373376 8.2146653e-07 5.1872434e-05 0.99494785 1.8915526e-07 4.7306184e-08 0.8754438 2.2081855e-08 7.777174e-08 1.0000921e-14 0.007808228 0.0004939015 4.540411e-06 0.0049054585 0.9727901 2.4970484e-06 0.0040694857 0.8685105 5.4051253e-07 0.003215074 0.00025997387 6.2999703e-09 0.0036978023 0.003042794 5.5161433e-07 2.2421371e-09 1.7292021e-07 0.019944418 1.5000475e-07 5.0640153e-08 0.0042064427 4.0504955e-07 0.003586134 5.9406588e-08 1.6594706e-07 0.0001493001 0.005386781 8.074985e-09 5.5917995e-09 1.9013482e-05 8.0745e-07 0.00035972864 1.07757685e-07 2.163857e-06 2.5490367e-06 1.6978956e-05 0.00015021615 0.0013489993 3.7674724e-08 0.0009984218 0.00024293801 0.0024891372 4.9073747e-06 0.00013248251 0.00037376513 9.772048e-07 0.00013674036 0.00016106098 7.3412247e-07 8.204668e-05 8.57773e-05 1.0877425e-06 8.171754e-05 3.7250008e-08 4.0041255e-06 9.5422065e-06 4.2107283e-07 2.7011802e-07 2.904419e-06 4.294756e-09 3.9116176e-07 0.00012158623 6.1290486e-08 2.1009056e-08 5.7389076e-07 0.00015618831 3.5061577e-05 1.2680738e-06 0.0018827218 1.0883614e-05 3.914131e-08 0.0006059143 0.00023497456
0.96421635 0.019037805 0.53786737 0.008588101 0.00021579387 0.01577268 0.024802921 0.07549181 4.135446e-05 0.0003251291 0.013778255 0.5029794 0.004953048 9.1854185e-05 0.00036204903 7.1166425e-05 1.84997e-06 0.96339685 0.9404027 2.7211954e-05 0.03275827 0.17745987 1.8210847e-05 6.2071776e-06 0.024067545 2.7705903e-07 1.3337941e-06 0.007808228 3.9591503e-16 0.1433018 4.1974257e-05 1.0442049e-06 0.003919084 0.00015935377 0.7488114 0.05248163 4.866952e-06 0.11286451 0.74944323 1.7643606e-07 0.021825448 0.10223813 0.0087504275 9.79294e-08 5.149554e-06 0.09609697 1.1519179e-07 2.5371924e-07 0.8831687 7.4529004e-07 0.13409615 2.8005277e-06 8.8049966e-08 0.24908973 0.00018435574 2.43117e-07 1.0996961e-07 0.009975192 6.625818e-08 0.29379913 1.5510952e-07 2.542713e-07 7.85856e-06 0.11442107 0.15752895 0.0021923585 1.2279251e-08 0.0006377888 0.00218593 0.0005248572 0.0068913116 0.09157378 0.001153852 2.441016e-05 0.00025760336 0.0726626 1.2165175e-06 0.00033184414 0.053028807 9.803106e-08 0.029982539 1.3431568e-08 2.4076357e-05 0.00015418373 1.999537e-06 2.5902239e-07 6.944526e-08 9.244765e-09 3.5548987e-06 0.022137731 3.0738368e-06 2.1859213e-08 2.4080891e-06 0.0018457344 0.014646127 2.7296115e-05 0.035600193 2.2787776e-07 3.1753633e-08 0.08386797 0.012829983
0.98332393 0.76122916 0.70036435 0.46590656 0.055897273 0.84087306 0.11496875 0.107319 0.004486681 0.06519023 0.015787877 0.20897827 0.53749543 0.0007990997 0.087637365 0.023317173 0.0006461637 0.9174066 0.05154548 0.005332267 0.8976034 0.019015878 0.0037448017 0.0442269 0.0057949945 0.0005390131 0.00033264485 0.0004939015 0.1433018 7.855804e-15 0.054256912 3.283406e-05 0.0005898658 0.114380695 0.003144565 0.0005011865 0.010730736 0.0010658067 0.87395936 0.00010208304 0.00015417622 0.0007538324 0.3256574 2.8880278e-05 0.0016908892 0.0009801378 0.00014045819 1.6495113e-05 0.1563438 0.0002941625 0.0012292875 0.00018428016 1.6554753e-06 0.4321557 0.0001491501 4.881287e-06 6.7121287e-06 0.08056609 3.2391222e-06 0.048613325 4.2572563e-07 6.9202497e-06 0.0031226284 0.08423774 0.24838844 0.00022604137 3.5541137e-07 5.5256427e-05 3.6006484e-05 0.00013801023 0.040972956 0.024384473 0.000121388686 0.0016377169 0.00013061774 0.13717313 0.00026181128 7.504153e-05 0.051337212 1.0408056e-06 0.00755927 3.5980445e-06 3.245018e-06 0.0001023029 0.0010810231 4.8139673e-06 1.3447027e-06 1.7259607e-08 2.6431348e-06 0.008731459 0.00014363187 8.0088796e-08 4.4412656e-07 0.0053861025 0.0027188922 0.0010178398 0.10651771 7.112136e-07 4.408269e-08 0.027505158 0.015194381
