1.6945392e-18 1.35033715e-05 0.0025413025 0.030512445 0.0055204756 0.0037256766 0.0100631835 0.029711565 0.34317702 0.20502558 0.723809 0.022934752 0.0045162896 0.3609387 0.04403186 0.71706384 0.22290689 0.79240566 0.44174093 0.9056495 0.85404223 0.020301223 0.92287046 0.8704625 0.9621386 0.42061374 0.9377139 0.8846587 0.0075773466 0.09192615 0.95194185 0.78673583 0.50325596 0.8633835 0.018551903 0.8713286 0.91674566 0.9565057 0.9082705 0.8506964 0.29738927 0.049529042 0.038984552 0.7545294 0.16025907 0.97076297 0.8475828 0.8084657 0.90653205 0.046536956 0.7603603 0.9647943 0.9078568 0.6350524 0.97842586 0.08110176 0.9658059 0.96766275 0.83690983 0.73045784 0.030089863 0.9408887 0.008610399 0.25025994 0.011844913 0.64459836 0.93420243 0.9681428 0.99444944 0.12337174 0.9841207 0.83901805 0.95760983 0.96994615 0.86135405 0.005129028 0.95130306 0.546696 0.9542907 0.9625812 0.86847126 0.9565129 0.89643615 0.9768647 0.9998536 0.9954191 0.0010907655 0.99869823 0.9541911 0.9721158 0.9937328 0.9675674 0.9997701 0.99222285 0.004404162 0.13550256 0.90256923 0.2623563 0.99858326 0.8266562 0.99975795
1.35033715e-05 7.675038e-19 0.858234 0.7750589 0.7264368 0.47141036 0.059404593 0.04053464 0.012327435 0.003000805 0.0029732164 0.00019288817 0.0010880968 0.00012984054 5.861087e-06 8.846345e-05 0.0013423521 1.979948e-05 1.1243161e-06 1.3696243e-05 1.04649325e-05 0.00011536148 4.5538754e-06 4.4063628e-07 1.7447709e-06 7.827336e-07 1.1475715e-05 1.1229932e-05 1.918711e-05 2.1851682e-05 7.0638725e-07 3.379024e-05 1.6740985e-06 2.643238e-06 0.00015863794 2.8073384e-06 6.650492e-05 1.7116467e-05 4.367259e-05 2.4991556e-07 4.661136e-07 1.1034172e-05 2.3819166e-06 8.1100075e-07 1.0230904e-06 1.8496974e-05 9.805617e-07 1.0133263e-05 1.9220588e-05 2.1096666e-05 5.0869032e-05 1.4540681e-05 1.6560336e-05 1.6005063e-07 0.00038880442 7.66638e-07 2.3769075e-05 7.638567e-05 6.5361934e-07 4.596221e-07 1.6846585e-07 6.0727284e-06 4.486009e-07 2.251221e-06 9.090045e-06 9.482315e-06 3.1762413e-06 1.822513e-05 1.7467797e-05 1.3564485e-05 4.6902092e-05 2.692992e-06 5.6747176e-06 2.511058e-05 2.95855e-06 4.6001e-06 2.9333019e-06 4.2601787e-06 2.3184743e-05 1.664211e-05 0.000110081746 8.234031e-05 0.000116070296 0.00015760768 0.0001255225 4.9831553e-05 6.582537e-08 9.684362e-06 0.00013953802 1.8551917e-05 0.00024698008 0.00014268995 7.6255106e-05 3.2350331e-07 3.9774135e-05 5.477849e-07 1.44750905e-08 1.082884e-06 0.0010396052 6.847429e-07 7.501877e-05
0.0025413025 0.858234 2.3163497e-15 0.79354465 0.00044277732 9.0423955e-06 0.99922526 3.8632616e-06 0.014564698 0.022579694 0.24301305 0.0030158975 0.0014044653 0.004811122 0.00012120558 0.0020227532 0.00029437663 2.3635888e-05 0.00030643828 0.0005416964 0.00048112366 4.118852e-05 0.000217482 7.966686e-06 5.858151e-05 1.8800185e-06 0.00011099889 6.950857e-05 2.3366471e-07 7.675817e-07 5.79216e-07 4.7223652e-06 7.340143e-08 1.5344849e-06 2.4326557e-06 1.2279182e-06 6.7250394e-06 6.3798793e-06 0.00031564207 1.1832971e-07 3.0017566e-07 4.0518015e-07 1.7439116e-07 2.652699e-07 7.1328444e-08 4.726643e-07 4.6621828e-08 9.376447e-06 4.977892e-05 2.906141e-07 7.530796e-06 1.9735947e-07 0.00021135663 5.429484e-09 2.2555048e-05 6.8357394e-08 8.713238e-06 2.867721e-05 7.4472987e-06 3.5562106e-08 1.0536608e-08 1.3598226e-07 2.0353937e-08 2.5813316e-07 3.5607446e-08 2.2486128e-07 4.973839e-07 1.6895681e-06 1.183125e-06 1.8417103e-08 9.164306e-05 1.2436875e-05 6.862262e-07 1.4669938e-05 5.8693905e-07 6.554422e-08 2.5159109e-06 4.036817e-07 2.0458463e-06 1.21057e-06 3.843923e-06 6.628501e-07 2.6153177e-06 5.3143963e-06 7.469993e-05 3.106894e-05 4.465135e-08 6.849705e-08 0.00013498614 8.584706e-06 1.4787885e-05 3.8983675e-05 3.2735365e-06 2.3589193e-06 1.7530002e-06 7.346386e-09 1.3751813e-09 9.4358306e-08 0.00015007325 1.5664932e-07 5.8184937e-06
0.030512445 0.7750589 0.79354465 1.9554588e-13 0.99146277 0.24870919 0.39122388 0.004146452 0.9464053 0.5649122 0.7760284 0.0017174785 0.0001750788 0.0015226075 0.000115384144 0.052035905 0.003432586 0.006318236 3.5065954e-05 0.00015548595 0.028409388 7.6609274e-07 0.0001403172 1.8033777e-06 6.262209e-05 2.474089e-06 0.00021424078 0.020372188 5.7334017e-08 4.81616e-05 1.1728632e-07 0.00017128364 6.7503527e-07 2.941479e-06 1.7162185e-05 1.4052985e-06 5.1759444e-06 0.005079603 0.0005734269 1.9086549e-07 3.3715105e-07 1.141379e-06 6.5807575e-07 2.3857234e-07 1.9008041e-07 8.566676e-07 1.9391509e-08 0.00019444975 3.9277813e-05 9.6475894e-08 1.9877882e-05 1.8124838e-07 0.00036519533 1.490581e-08 5.73139e-06 1.2785917e-07 0.007977045 0.0044815904 0.00036136346 3.9964185e-08 8.937547e-09 3.181902e-06 3.052395e-08 5.1130447e-09 1.6306756e-06 2.3866485e-06 1.7750726e-07 3.5203e-05 4.9014598e-05 3.8535986e-06 0.0006520632 0.00016186509 8.817889e-06 4.6466765e-05 1.5126635e-07 1.0907237e-06 1.757623e-05 1.3115097e-08 1.4256481e-06 9.192652e-08 2.113286e-06 1.3016331e-07 2.2599393e-06 4.5660758e-07 0.00024455984 0.00023106394 2.5052762e-09 3.902494e-08 0.0018866707 7.86871e-07 4.0665657e-07 3.848158e-05 1.9472856e-05 2.7708793e-06 4.040946e-07 1.5636274e-07 3.2453291e-09 2.5974322e-07 0.00073628244 5.6048225e-07 2.1642306e-06
0.0055204756 0.7264368 0.00044277732 0.99146277 9.269858e-16 0.9980868 4.1516255e-06 0.0066880407 0.7252682 0.102951296 0.04975235 0.000111056164 1.0491293e-05 0.00020656198 1.9371678e-06 0.0035053168 0.06928952 0.009031985 9.063565e-06 3.0882744e-05 0.0022975937 3.635702e-07 4.9460214e-05 4.018118e-06 2.0131365e-05 9.175109e-06 1.4016853e-05 0.002713499 7.831416e-08 0.0001351585 3.4132622e-06 0.0010577799 5.3296717e-05 4.1600156e-06 3.4929846e-05 3.375943e-06 1.9322482e-05 0.0018091063 0.00033200555 9.652279e-07 1.7592161e-05 1.7445514e-06 6.0989476e-07 1.5297874e-06 1.0753918e-06 2.5508825e-06 5.2903596e-07 0.00022331439 4.2771848e-05 2.1114336e-07 0.00014444973 4.1606285e-07 0.00011932679 1.9426857e-07 3.2431264e-05 1.1814507e-06 0.00096779916 0.0006214769 9.6479635e-05 1.7529389e-07 1.8677467e-08 4.4817843e-05 1.299429e-07 1.06654134e-07 3.2538471e-06 2.008427e-05 8.089607e-07 3.2857173e-05 4.9897557e-05 1.059628e-05 3.8456852e-05 5.205743e-05 1.5782345e-05 6.737442e-06 3.7840016e-07 1.0759092e-07 7.5670556e-05 2.7148005e-07 1.0851551e-06 1.0166768e-06 3.8186245e-06 4.0274114e-07 2.4967342e-06 1.9021961e-06 0.0001262958 7.392139e-05 6.649239e-08 4.8357315e-08 0.000103309016 1.1549247e-06 2.2532615e-06 5.9007957e-06 5.097833e-06 0.00010302488 2.0142156e-07 1.3965263e-06 1.3934817e-09 1.3156639e-06 0.00013356449 1.9321356e-05 1.0217585e-06
0.0037256766 0.47141036 9.0423955e-06 0.24870919 0.9980868 2.4622004e-13 4.5205937e-07 0.99815583 0.40211403 0.0046618436 0.00017213466 2.6111231e-06 1.4924756e-06 6.738351e-07 7.706679e-08 0.00012287007 0.030025553 0.0023278228 2.2805155e-08 9.64564e-08 0.00014283972 8.8708745e-08 3.5960875e-07 5.0301683e-08 4.3240032e-08 1.2136407e-07 1.7560932e-07 0.00048754466 1.3315228e-08 0.0003748843 1.8747421e-08 0.0030234163 6.983734e-05 3.418448e-08 0.00012703713 1.0470601e-07 2.9644545e-07 0.0020767504 4.3358423e-06 1.7821076e-08 6.642432e-08 2.5184227e-07 1.0651508e-07 2.4742633e-08 1.0660545e-08 1.2967476e-07 4.3940233e-08 0.0002766597 1.2059074e-07 1.1976742e-08 6.307402e-05 6.107763e-08 8.8960996e-07 2.0768095e-08 2.2543757e-07 1.4065509e-08 0.00027661803 0.00039128267 2.8015131e-06 5.504743e-08 2.127873e-08 4.6878977e-05 4.7839993e-08 1.4986828e-08 1.0672221e-05 1.584469e-05 4.1567458e-07 5.292469e-05 0.00010603777 4.9523936e-07 1.5972867e-06 2.2418626e-06 3.3568325e-05 8.839122e-08 4.842573e-07 6.5694536e-08 5.5164464e-06 3.3243407e-07 8.87747e-09 1.640317e-07 4.3498442e-08 3.499376e-07 3.9076337e-08 1.0491992e-07 6.038486e-05 1.8562376e-05 1.576248e-08 6.3773453e-09 5.9426402e-05 2.2035482e-07 2.9950652e-07 1.8592804e-06 1.0509348e-05 3.7210335e-05 2.1223e-06 2.1825763e-06 1.8141827e-10 4.6911754e-07 7.3148505e-05 4.5914967e-06 4.848846e-08
0.0100631835 0.059404593 0.99922526 0.39122388 4.1516255e-06 4.5205937e-07 3.6778404e-16 4.1981966e-06 0.00206999 0.027291367 0.60002637 0.9760216 0.7738221 0.41587397 0.009815171 0.007971691 4.9724593e-05 3.2417443e-05 0.035160877 0.035266757 0.0008372513 0.0016959684 0.010248019 0.0018720375 0.0056354622 0.00040386754 0.009413246 0.0004041101 2.5001118e-05 9.143511e-07 0.0006717873 4.7886465e-06 8.241498e-08 0.00070645404 1.12103066e-07 0.00023797757 0.0008956836 4.1085223e-05 0.007668187 2.414117e-05 4.276e-06 6.663268e-06 5.036985e-06 1.8785626e-05 3.1507471e-07 7.839035e-05 9.702786e-06 4.1112344e-05 0.0015808331 9.624409e-07 1.0710588e-05 1.4670357e-05 0.0034955593 4.0617945e-07 0.00055224163 1.1731908e-07 3.478345e-05 0.00011085491 6.873167e-05 4.3288495e-07 2.0985667e-08 5.1448194e-07 2.7234617e-07 7.783956e-08 9.0113254e-08 9.8865726e-08 7.064385e-05 8.830966e-06 5.528433e-06 2.302175e-08 0.0016651421 0.00011732185 5.573685e-06 0.00042168432 1.6669255e-05 4.1573009e-07 9.944757e-06 1.7161832e-06 0.00029906371 2.3774901e-05 3.8244798e-05 5.521225e-06 7.1300936e-05 7.649305e-05 1.2332421e-05 8.234848e-05 1.1607503e-08 1.143713e-06 0.0012556405 1.7617394e-05 2.4760351e-05 0.00041725772 7.5675716e-06 1.05780155e-05 4.3199287e-07 2.907384e-10 1.8419835e-09 3.3898039e-07 0.00022953466 1.044646e-08 5.92833e-07
0.029711565 0.04053464 3.8632616e-06 0.004146452 0.0066880407 0.99815583 4.1981966e-06 1.6745422e-10 0.71071917 0.006005429 0.0011177626 5.297968e-05 3.1308165e-05 1.0078425e-05 1.037364e-06 0.0004218987 0.9935663 0.08781027 9.2252304e-07 5.827085e-06 0.00028111992 7.9602484e-07 4.809484e-06 4.041041e-06 2.3779287e-06 1.3585238e-05 2.9966584e-06 0.0022966615 7.6486486e-07 0.08550144 3.1958364e-06 0.09607831 0.0031919333 1.5423806e-05 0.09768925 1.8883013e-05 3.8493254e-05 0.03707102 0.00011568462 6.4443776e-07 1.6940205e-05 1.0745998e-05 3.190157e-06 1.9525773e-06 1.2278069e-06 4.419365e-06 5.949433e-07 0.0048009977 1.5086254e-05 7.520702e-07 0.006627003 2.411255e-07 1.3577804e-05 1.0364433e-06 0.00013291975 5.037898e-06 0.0016911087 0.0027393568 8.398291e-05 3.0544118e-07 1.92233e-07 0.00060880027 1.6481731e-07 2.795971e-07 0.000527591 0.007544743 4.9575087e-06 0.0019778654 0.0011638914 0.00018301475 1.9117484e-05 0.00014419774 0.00033427338 8.186836e-06 1.133652e-06 4.9558514e-07 0.00043277643 6.506465e-07 2.1390208e-06 1.7109359e-06 4.5725797e-06 3.2754494e-07 2.6541834e-06 8.1396665e-06 0.00087586977 0.00011953864 1.5751473e-07 7.358146e-07 0.00019006548 2.531869e-06 8.530159e-06 6.261564e-05 0.0006770376 0.001075811 2.415696e-06 2.991035e-05 2.4452387e-10 1.3322577e-05 0.00034254228 3.624261e-05 1.1113885e-05
0.34317702 0.012327435 0.014564698 0.9464053 0.7252682 0.40211403 0.00206999 0.71071917 1.5634684e-12 0.945513 0.22951366 0.00016594795 4.525689e-05 0.00023795327 3.136797e-05 0.08127248 0.85402524 0.98867655 1.1522695e-05 0.00020879008 0.10323095 1.0882211e-05 2.3666631e-05 1.1033229e-06 5.3322156e-06 3.4653327e-05 9.3155095e-06 0.31565514 3.224851e-08 0.042694326 2.953286e-07 0.084986255 0.0017821946 5.772688e-07 0.0044247485 6.347935e-07 2.1051555e-06 0.67918694 0.00014267035 5.605942e-08 8.5650834e-07 3.6259153e-06 7.80886e-07 8.395364e-08 2.9224877e-06 1.1935297e-06 5.4631937e-07 0.008304023 5.423334e-06 1.2799936e-05 0.0044391174 1.8246753e-06 0.000189312 9.072957e-06 2.6007626e-06 2.8116708e-06 0.3359392 0.4710524 0.0032408587 3.2248327e-08 3.2883115e-06 0.00023401338 3.3631966e-07 7.12791e-07 0.0008692323 0.0006409522 4.9029984e-07 0.0034431464 0.009470197 6.870146e-05 0.00015786101 0.0005646116 0.00015645994 1.01634305e-05 5.0680057e-08 2.1639777e-05 4.1402756e-05 6.419097e-08 2.6230484e-06 1.01226085e-07 5.063448e-07 2.820696e-07 7.778179e-07 2.9177477e-06 0.0068233195 0.00057319156 9.440178e-10 1.1805034e-08 0.001575865 2.6704832e-08 1.7017716e-07 6.8046924e-05 0.0021139644 8.682174e-06 6.3426064e-06 9.308081e-07 1.04731335e-08 2.427704e-07 0.0005221677 3.7659818e-06 7.5957155e-07
0.20502558 0.003000805 0.022579694 0.5649122 0.102951296 0.0046618436 0.027291367 0.006005429 0.945513 3.3295703e-14 0.9921186 0.0014864138 5.674077e-05 0.0053175353 1.7935698e-05 0.86082643 0.003900677 0.3810917 0.00011406132 0.0012944052 0.3720242 1.9074969e-06 0.0040344335 4.9754167e-06 6.7996196e-05 3.832141e-06 0.0004835324 0.3235508 1.4092598e-07 0.0012689497 6.8652463e-07 0.0033470944 1.8476647e-05 1.1250867e-05 2.4593355e-05 3.055558e-06 1.7602011e-05 0.06224443 0.015376604 1.1014153e-07 2.1844075e-07 4.1576477e-06 1.214753e-06 2.4364573e-07 1.7450863e-07 1.5204346e-05 9.1524095e-07 0.010294351 0.0028736962 1.8289351e-06 0.002286325 8.753569e-07 0.020114763 3.7619273e-07 0.0003303591 1.7784767e-07 0.19237618 0.1174371 0.052492216 2.8880882e-07 8.762777e-08 3.339259e-05 1.8797039e-07 1.3868033e-06 1.6126863e-06 8.257815e-06 7.1799423e-06 0.0010732962 0.0020488105 2.5200793e-06 0.0032114242 0.011878816 0.0001520544 0.0005971497 7.444881e-07 2.9895577e-07 0.00039862312 7.5930143e-07 0.00021804002 3.1501972e-07 3.7588827e-05 1.4336983e-07 7.141887e-05 7.3989836e-06 0.0040461607 0.011031112 1.2936763e-08 5.1962022e-08 0.0060061226 5.1165625e-07 2.755535e-06 0.00042213415 6.722645e-05 1.3365151e-06 3.0920668e-07 3.981127e-08 2.1562022e-08 4.7779054e-07 0.0033277175 1.1905624e-06 9.103309e-06
0.723809 0.0029732164 0.24301305 0.7760284 0.04975235 0.00017213466 0.60002637 0.0011177626 0.22951366 0.9921186 7.437726e-15 0.13666973 0.008535941 0.47764593 0.017957915 0.98148113 0.0004524735 0.0019592599 0.022507869 0.11206185 0.31451476 0.00012076091 0.09876351 0.00026066822 0.005348004 0.00024067805 0.02083474 0.18076648 8.5161565e-07 2.7702206e-05 5.2052616e-05 0.0007664582 1.5442623e-06 0.00017243401 1.4370549e-05 2.9760773e-05 0.00019882669 0.016515836 0.14947346 1.8654096e-06 1.8240473e-06 6.5389454e-06 3.161726e-06 3.3415668e-06 3.6147494e-06 0.00014830631 6.0133975e-06 0.0017704574 0.026698664 2.5369907e-06 0.0008064505 4.205375e-05 0.091763906 2.1034328e-05 0.0014280851 6.8024656e-07 0.20180343 0.07185021 0.051226832 1.5495361e-06 5.0919317e-07 7.036727e-06 4.5633462e-07 7.0315014e-06 1.5621056e-07 1.5012762e-06 9.447496e-05 0.00024398539 0.0005705609 1.1214836e-06 0.12332088 0.015673354 8.5569645e-06 0.012170219 6.6436237e-06 8.313697e-06 2.1353124e-05 1.0791293e-06 0.0007275112 7.4205427e-06 0.000341736 2.649065e-06 0.00048834016 0.0003881131 0.002502823 0.031718943 7.4438224e-09 1.4376808e-06 0.08661007 5.3764135e-05 7.358258e-05 0.0022434273 0.00018908539 4.0179415e-08 3.6474405e-05 3.0969272e-09 2.8487234e-08 3.518665e-07 0.025022475 2.4733916e-07 5.8724927e-05
0.022934752 0.00019288817 0.0030158975 0.0017174785 0.000111056164 2.6111231e-06 0.9760216 5.297968e-05 0.00016594795 0.0014864138 0.13666973 3.9437902e-16 0.99147236 0.94238013 0.7605378 0.0038140519 0.0001408261 2.1238227e-06 0.19793683 0.05167404 0.00045281195 0.033316616 0.01658709 0.00077124586 0.007469175 0.001940945 0.011336705 0.00015448265 9.975643e-05 4.5900669e-07 4.9930208e-05 9.488294e-06 1.3191541e-06 0.00048164016 6.254522e-07 0.00014480685 0.00015739845 8.335911e-06 0.006300443 1.8348802e-06 1.9393372e-05 2.6191352e-05 2.1405933e-05 1.1493551e-06 5.258211e-06 6.709834e-05 8.586188e-06 1.3127956e-05 0.00080943777 9.469619e-06 2.7821849e-05 1.9151152e-05 0.0004383744 7.9696565e-06 0.00028656967 2.8234915e-06 1.746873e-05 8.713848e-05 1.1893648e-05 1.5436277e-06 2.0623591e-07 6.1489723e-06 9.29138e-07 4.1230387e-06 2.582415e-07 5.5669493e-06 5.1941215e-06 1.1020037e-05 1.01109445e-05 6.017571e-07 0.0079729 2.6293686e-05 5.308693e-06 0.00038214136 1.2975154e-06 1.0307234e-06 7.588052e-06 1.4818654e-06 0.00019333548 3.010551e-06 9.182634e-05 1.044411e-06 0.00020024397 5.6018893e-05 5.692971e-05 7.0761445e-05 3.7854058e-09 3.1253808e-07 0.0008527808 7.586293e-06 5.0100994e-06 0.00022383785 6.590835e-06 6.7046626e-06 5.2356136e-06 2.4989815e-09 1.8285496e-08 1.6022665e-06 0.00019058895 4.6414013e-07 7.25337e-06
0.0045162896 0.0010880968 0.0014044653 0.0001750788 1.0491293e-05 1.4924756e-06 0.7738221 3.1308165e-05 4.525689e-05 5.674077e-05 0.008535941 0.99147236 2.724404e-17 0.36159545 0.99190867 1.593075e-05 1.0998734e-05 3.4073432e-06 0.3696589 0.03127277 6.584458e-06 0.52084756 0.0074270605 0.0071376516 0.013517347 0.026781471 0.0045366175 1.693183e-06 0.024493914 2.0750782e-07 0.00059718813 1.65388e-06 3.7833505e-08 0.0011578798 7.1506304e-07 0.0004927195 0.0007761829 1.3448303e-05 0.00093760504 4.2719264e-05 0.00031165458 0.00016498378 1.7772985e-05 3.7873237e-05 1.116557e-05 0.00072937366 2.2561504e-05 2.3720013e-06 8.778054e-05 0.00013960764 1.0766885e-05 4.736869e-05 1.4306624e-05 6.4199116e-06 0.00043991793 1.1801721e-05 8.064262e-06 0.00011642261 1.818549e-07 2.7987148e-06 8.8443545e-07 2.773739e-07 1.5452257e-06 1.4401927e-05 2.9167014e-08 1.1031315e-06 8.960099e-06 9.316452e-06 3.6140082e-06 6.8088426e-08 0.00019262159 5.7960943e-07 9.432813e-07 2.0253185e-05 2.8562151e-06 4.7005935e-07 4.934869e-07 4.3320356e-06 8.5938525e-05 8.234295e-06 1.4639514e-05 1.0834464e-05 3.552579e-05 1.8901606e-05 1.0595502e-05 3.3332722e-06 6.6676633e-09 5.7841808e-06 0.00012481559 5.457999e-06 5.815052e-05 3.243173e-05 3.3089323e-06 1.9685906e-07 6.6699304e-06 2.6473446e-10 5.606602e-09 9.137496e-09 0.000112916336 1.5618492e-09 8.238618e-07
0.3609387 0.00012984054 0.004811122 0.0015226075 0.00020656198 6.738351e-07 0.41587397 1.0078425e-05 0.00023795327 0.0053175353 0.47764593 0.94238013 0.36159545 6.051784e-17 0.86796993 0.015129697 3.7271047e-06 1.4693853e-05 0.9326761 0.99150664 0.0046373913 0.066024944 0.2741729 0.02132821 0.16177021 0.004553513 0.15542048 0.002052393 0.00235801 1.1920804e-06 0.0007706962 8.695158e-06 2.1347503e-07 0.006400597 1.938349e-06 0.0018930201 0.0021316411 0.00013051901 0.08581832 6.0411553e-06 1.8744697e-05 3.7874158e-06 7.5355165e-06 2.4699466e-06 2.5841493e-07 0.0011866837 4.257898e-05 0.000108948654 0.019093717 2.1753033e-06 4.253117e-05 0.00019996916 0.006678432 8.17525e-06 0.0070681963 3.1660272e-07 0.00083135045 0.0011124406 0.00024543089 1.6292757e-05 5.3096752e-08 5.0929975e-06 1.5309294e-07 9.596854e-06 1.7272779e-08 7.2565757e-07 0.00029492937 5.9771803e-05 4.0984098e-05 2.3298803e-07 0.1477744 0.00035260103 4.743232e-06 0.008420643 3.5397683e-05 3.8917702e-07 1.3271056e-05 1.2266312e-05 0.0012537128 6.459385e-05 0.0005538788 5.440089e-05 0.00051660277 0.00024221 4.2157553e-05 0.0005225473 1.516134e-09 7.1774843e-06 0.018537242 1.39167705e-05 4.5468823e-05 0.0027880098 1.9853971e-05 3.7045965e-07 1.3961609e-05 1.014262e-09 4.046258e-08 1.1691187e-07 0.004495314 2.5269746e-06 2.000303e-05
0.04403186 5.861087e-06 0.00012120558 0.000115384144 1.9371678e-06 7.706679e-08 0.009815171 1.037364e-06 3.136797e-05 1.7935698e-05 0.017957915 0.7605378 0.99190867 0.86796993 6.048806e-17 3.1404124e-05 6.125315e-06 8.312433e-07 0.97640365 0.12666076 4.6724344e-06 0.5817581 0.0835654 0.24955003 0.20393363 0.13966456 0.10439418 1.8387043e-06 0.026563266 2.0056884e-08 0.021173427 4.9956907e-06 2.9965037e-08 0.01464927 1.7299485e-08 0.005635252 0.008145871 1.2112998e-06 0.015552763 0.00036517307 0.0007061704 5.5729924e-05 6.196606e-05 2.4233044e-05 5.677966e-06 0.010749823 0.00044702357 8.961795e-07 0.0051462264 2.4106088e-05 2.0813263e-06 0.0003782963 0.0005904666 4.9243217e-06 0.010602281 1.4793028e-06 2.0143282e-06 1.3302543e-05 3.6232398e-06 4.2435577e-06 4.149901e-07 4.1430957e-07 4.3018358e-07 8.2998145e-07 5.5009114e-08 1.0475401e-06 0.00022431566 2.942969e-06 1.1003009e-06 4.7819304e-07 0.0075319894 1.3351769e-05 5.3779513e-07 0.0011343668 2.4008352e-05 4.7508797e-07 2.1089616e-06 4.8899633e-06 0.0016475178 2.7368893e-05 0.0002637716 7.467447e-06 0.000351002 0.00066780724 9.675268e-06 1.6425478e-05 5.8585696e-09 3.1706306e-06 0.0012358824 1.2442415e-05 4.4098062e-05 0.0007298889 3.0246522e-06 5.5506053e-08 6.4739453e-07 1.7974221e-11 6.347084e-08 3.4120777e-08 0.0001189776 1.5371844e-08 1.7579991e-06
0.71706384 8.846345e-05 0.0020227532 0.052035905 0.0035053168 0.00012287007 0.007971691 0.0004218987 0.08127248 0.86082643 0.98148113 0.0038140519 1.593075e-05 0.015129697 3.1404124e-05 1.5411334e-15 0.0006584889 0.044330854 0.0005045394 0.012030205 0.990977 6.971773e-06 0.028898692 4.694228e-05 0.00042872457 1.3513821e-05 0.002860895 0.57668203 1.3559298e-07 0.0008170215 1.7904924e-06 0.0016346727 4.790407e-05 7.0951195e-05 8.901035e-06 9.470368e-06 6.11234e-05 0.070088364 0.17343846 2.7828165e-07 4.647711e-08 1.5189852e-07 2.661954e-07 4.9623543e-07 1.10216135e-07 2.2048327e-05 1.5624059e-06 0.020244095 0.07921477 1.9049644e-06 0.003311041 5.859824e-06 0.35589042 7.3758434e-07 0.004059377 1.0292062e-07 0.42218304 0.27505836 0.31553903 1.2190586e-06 6.923114e-08 1.519362e-05 6.223299e-08 1.3626986e-06 1.6091115e-06 4.7217036e-06 0.0002830712 0.0019727086 0.0025988014 4.447656e-06 0.046335805 0.11557843 0.00030844347 0.017960088 1.3511861e-05 1.3261983e-07 0.00078639504 5.8912894e-07 0.0020548832 7.2859334e-06 0.0011188723 1.3706257e-06 0.0010772488 0.00021504525 0.021553988 0.13736503 6.4040856e-10 1.0931318e-07 0.07499496 9.2348346e-05 5.031169e-05 0.009725559 0.00018507251 1.4370768e-07 8.539566e-08 3.3953476e-08 3.668649e-08 1.3997503e-08 0.036287498 6.388281e-08 0.00040877008
0.22290689 0.0013423521 0.00029437663 0.003432586 0.06928952 0.030025553 4.9724593e-05 0.9935663 0.85402524 0.003900677 0.0004524735 0.0001408261 1.0998734e-05 3.7271047e-06 6.125315e-06 0.0006584889 2.911125e-13 0.5870139 2.689068e-06 2.6992063e-06 0.00094169396 4.1900407e-06 1.203062e-05 2.0614889e-06 4.44857e-05 2.982399e-05 9.702444e-06 0.027353622 2.800911e-07 0.91161126 1.7409379e-06 0.8942639 0.27164844 7.090692e-06 0.87309057 4.006715e-06 1.2156866e-05 0.56875104 0.000106959254 6.7867717e-07 9.568003e-06 3.8545763e-06 4.456602e-06 3.907393e-07 5.1275065e-06 5.149677e-06 2.9449764e-06 0.33273417 6.1193655e-06 9.681222e-06 0.43596357 4.1573585e-06 0.00015660131 6.1810147e-06 6.390625e-05 5.4568936e-05 0.037030872 0.09737749 0.00041149944 8.06405e-07 4.574394e-06 0.013714163 1.8516555e-06 5.98651e-08 0.004198795 0.043273754 2.155345e-06 0.18609059 0.11428726 0.0018582293 0.00014685678 0.00026377637 0.010783872 9.320716e-06 1.8355128e-07 2.4865532e-05 0.0074239094 2.0321013e-07 9.117106e-06 3.5538864e-07 7.4659874e-06 1.2349557e-07 9.623019e-06 1.5823525e-06 0.008207568 0.000961458 7.828201e-09 4.2024283e-07 0.0013022602 1.3843555e-07 5.952412e-07 0.00014926578 0.005490852 0.0004217889 0.00012342016 0.00020335196 5.0312114e-09 0.00017160214 0.0019292183 0.00013766899 1.2417878e-05
0.79240566 1.979948e-05 2.3635888e-05 0.006318236 0.009031985 0.0023278228 3.2417443e-05 0.08781027 0.98867655 0.3810917 0.0019592599 2.1238227e-06 3.4073432e-06 1.4693853e-05 8.312433e-07 0.044330854 0.5870139 1.8225289e-12 3.358639e-07 3.0243837e-06 0.08264607 5.636254e-07 1.7775461e-05 4.4368054e-08 1.1995266e-07 2.1236451e-07 4.230407e-07 0.75458884 8.423734e-09 0.33545434 3.918463e-08 0.75299495 0.026158996 2.6130226e-07 0.0061127343 4.0629004e-08 1.286065e-07 0.96782804 0.0002665733 8.949777e-09 4.177839e-08 2.3255504e-06 1.0514686e-06 2.2752845e-08 4.3793897e-08 5.7962957e-08 2.4722127e-07 0.81662464 2.6078222e-05 5.979059e-08 0.26687992 7.590817e-08 0.00087165163 2.9592954e-08 7.869014e-06 2.8095478e-08 0.45565182 0.6703391 0.019654782 5.986041e-08 8.615412e-08 0.0015470431 1.7204806e-07 2.383464e-08 0.00038730542 0.0012258297 2.4283847e-07 0.09379594 0.17046055 9.425691e-05 0.00019749136 0.0031625363 0.0070865825 1.9085313e-05 2.0131123e-08 1.5142418e-06 0.011756804 3.082561e-08 5.5247756e-06 3.5090927e-08 6.9073135e-06 8.845982e-09 8.142942e-06 4.3656814e-07 0.0781524 0.0054739015 1.4025611e-09 1.069347e-09 0.0034897532 7.51808e-08 1.1521903e-07 0.00021151634 0.0031547584 5.2879488e-05 1.0222235e-06 2.4326418e-06 1.3311818e-09 1.1925408e-06 0.0027235737 6.319877e-07 1.15837565e-05
0.44174093 1.1243161e-06 0.00030643828 3.5065954e-05 9.063565e-06 2.2805155e-08 0.035160877 9.2252304e-07 1.1522695e-05 0.00011406132 0.022507869 0.19793683 0.3696589 0.9326761 0.97640365 0.0005045394 2.689068e-06 3.358639e-07 1.1776716e-16 0.85368156 8.358548e-05 0.81599987 0.3985626 0.7808698 0.8788368 0.43791458 0.41855216 5.1689076e-05 0.2584864 1.0364597e-07 0.23744845 1.7158037e-06 1.3170855e-07 0.16392219 5.620835e-08 0.05487661 0.08218861 1.1407594e-05 0.049325656 0.0028452945 0.003024198 0.00019200372 0.0006126534 0.0003962472 3.0268986e-05 0.08738073 0.003341618 4.938647e-06 0.020295832 4.0471365e-05 6.106208e-06 0.004024375 0.0013706697 8.6406864e-05 0.06123272 1.910725e-06 1.7054503e-05 3.851484e-05 1.548983e-05 0.00013845687 3.0444164e-07 2.1379265e-07 6.0117833e-07 4.7258145e-05 1.9610964e-08 1.3455114e-07 0.0048880167 5.273286e-06 2.6523057e-06 2.8238725e-07 0.042967238 5.642192e-05 3.1860148e-07 0.0071980297 0.0005359088 4.545716e-07 1.2935074e-06 0.00014686058 0.01163665 0.000348012 0.0026852423 0.00021861136 0.0020270066 0.0026988785 4.235342e-06 5.81711e-05 1.5386744e-08 2.2402972e-05 0.018484883 0.00020658267 0.00035499898 0.0059074257 4.762945e-06 4.7722338e-08 1.8491884e-06 1.5140122e-10 5.8824304e-07 7.887944e-09 0.0022221955 8.6808306e-08 5.835352e-05
0.9056495 1.3696243e-05 0.0005416964 0.00015548595 3.0882744e-05 9.64564e-08 0.035266757 5.827085e-06 0.00020879008 0.0012944052 0.11206185 0.05167404 0.03127277 0.99150664 0.12666076 0.012030205 2.6992063e-06 3.0243837e-06 0.85368156 2.7413174e-14 0.0018479826 0.03471305 0.9192005 0.0557721 0.89803535 0.0065871216 0.7992647 0.0025802886 0.0020016837 2.6859064e-07 0.0069199037 1.080297e-06 4.5312053e-08 0.025362566 1.2222523e-07 0.0056845495 0.013859812 2.6597843e-05 0.61040276 7.7330624e-05 0.00011377222 1.7799788e-05 4.6841837e-05 1.2394617e-05 2.02189e-06 0.018943105 0.00017963693 5.5885168e-05 0.26282617 4.233704e-07 2.799931e-05 0.0006951799 0.06229953 8.476491e-06 0.04642516 2.013868e-07 0.0073048407 0.0014310885 0.0026172888 1.1439906e-05 3.3684478e-07 1.298084e-05 1.4753431e-07 3.662703e-06 3.3190247e-07 6.3503967e-06 0.001332545 9.475269e-05 8.646704e-05 2.85498e-07 0.6791354 0.0042837146 4.1171725e-06 0.14402531 0.00014699229 1.0366233e-06 1.2486244e-05 3.0421295e-05 0.020845644 0.0002106694 0.0021359806 8.51131e-05 0.0015380841 0.0016916706 0.00022194114 0.008606984 1.6590171e-08 2.040343e-05 0.18301347 0.00020406864 0.00025384163 0.03352212 3.9626706e-05 7.4528936e-07 7.16144e-07 1.7386947e-08 1.6834683e-07 1.9700443e-07 0.037534542 4.0728648e-07 0.0002806525
0.85404223 1.04649325e-05 0.00048112366 0.028409388 0.0022975937 0.00014283972 0.0008372513 0.00028111992 0.10323095 0.3720242 0.31451476 0.00045281195 6.584458e-06 0.0046373913 4.6724344e-06 0.990977 0.00094169396 0.08264607 8.358548e-05 0.0018479826 1.1640465e-13 7.4666423e-06 0.016870214 1.2738926e-05 0.00010357864 5.4718107e-06 0.0006638592 0.97364527 1.1472716e-07 0.0016470804 6.9951255e-07 0.005300698 6.479196e-05 4.7189642e-05 5.5195494e-05 5.6314266e-06 1.8341849e-05 0.24994588 0.26016858 2.3379219e-07 1.4597242e-07 3.609928e-07 3.4690822e-07 6.972221e-07 4.4177213e-08 3.9541933e-06 1.2215153e-06 0.07169686 0.08739997 2.0406853e-07 0.0069538155 8.685109e-07 0.5932554 7.6781816e-07 0.0009427377 4.827668e-08 0.7498771 0.5668007 0.7153778 8.3473634e-07 6.3961426e-07 7.197009e-05 4.191373e-07 1.7078645e-06 1.4009891e-05 7.020737e-05 6.211202e-05 0.00422348 0.016148927 3.7351997e-06 0.048947934 0.29260185 0.0006576607 0.010405437 2.6210682e-06 1.1382506e-06 0.0024316804 1.4427626e-06 0.0018288603 2.2688646e-06 0.0006813546 2.3375229e-07 0.0006276856 3.115564e-05 0.0950047 0.27119228 1.8387585e-08 1.1273218e-07 0.10707825 7.15342e-05 2.6830292e-05 0.010403666 0.0011598261 3.577481e-06 1.2058896e-06 1.2621945e-06 1.0692584e-07 1.3082561e-07 0.048174605 6.441895e-07 0.0004909411
0.020301223 0.00011536148 4.118852e-05 7.6609274e-07 3.635702e-07 8.8708745e-08 0.0016959684 7.9602484e-07 1.0882211e-05 1.9074969e-06 0.00012076091 0.033316616 0.52084756 0.066024944 0.5817581 6.971773e-06 4.1900407e-06 5.636254e-07 0.81599987 0.03471305 7.4666423e-06 7.426435e-17 0.015617618 0.7382618 0.3401326 0.970595 0.044699397 6.7250556e-07 0.99845856 2.4118458e-07 0.62414086 4.2512272e-07 2.8008158e-08 0.09081683 8.466533e-07 0.06381828 0.084999345 3.426569e-06 0.0033872174 0.07575056 0.5890454 0.15077075 0.010078997 0.008339959 0.00056703255 0.0993666 0.012105731 6.166031e-06 0.0010472876 0.0109328255 3.4434795e-06 0.015597657 0.00010961859 0.0005621326 0.0290749 0.00012033749 1.0570407e-06 8.234914e-06 1.1589916e-06 0.0006443524 1.20014e-05 7.14804e-07 1.13847e-06 2.0924585e-05 9.219057e-09 1.8129886e-07 0.024032004 4.9361283e-06 4.8709194e-07 9.455265e-09 0.00045465078 3.594853e-07 3.2136452e-06 0.00032666634 0.0012337527 2.2884506e-06 6.8273187e-07 0.00014843266 0.0025136329 0.0026109566 0.0027361652 0.00032373867 0.0025112603 0.006429504 5.8295046e-07 7.543335e-07 3.74927e-09 4.6733898e-05 0.0005027524 0.0003974543 0.00076930365 0.00044861852 1.0132113e-05 4.3021124e-08 9.795123e-07 6.5486394e-11 1.02816e-08 5.7431755e-08 0.00029470923 5.4633575e-10 2.2073089e-05
0.92287046 4.5538754e-06 0.000217482 0.0001403172 4.9460214e-05 3.5960875e-07 0.010248019 4.809484e-06 2.3666631e-05 0.0040344335 0.09876351 0.01658709 0.0074270605 0.2741729 0.0835654 0.028898692 1.203062e-05 1.7775461e-05 0.3985626 0.9192005 0.016870214 0.015617618 2.5611682e-16 0.0825158 0.78168255 0.007837069 0.98312265 0.0028968728 0.004700278 1.1996016e-06 0.02801726 4.639985e-05 1.8871383e-07 0.19671951 1.2513118e-06 0.02179532 0.03465002 0.00032343162 0.9182421 0.00010622127 0.00029542256 3.4229062e-05 3.642661e-05 2.7328646e-05 8.473088e-06 0.0049715065 9.8474135e-05 0.0014619275 0.5523823 2.0913642e-06 0.00044322512 0.0002979137 0.34828258 8.528084e-06 0.2679268 1.7284627e-06 0.0071930843 0.0022828532 0.0179269 6.7817996e-06 8.376813e-07 1.5562924e-06 4.2237556e-07 3.8791717e-05 2.064775e-06 1.3136391e-06 0.0038693713 0.00051435566 0.00047046368 2.2202907e-07 0.69529206 0.014708898 5.8356154e-06 0.26501718 0.00012014472 1.4889953e-06 0.00040957707 6.1377586e-06 0.057760853 0.000459846 0.013649861 4.7227415e-05 0.012673829 0.0059152963 0.0011511256 0.021031145 5.14542e-08 2.3694715e-06 0.25532594 0.0010318004 0.0015222011 0.07891216 3.9403913e-05 6.92428e-07 7.9737916e-08 3.493774e-07 1.3234744e-07 5.155984e-07 0.045500927 2.5243622e-07 0.0013774477
0.8704625 4.4063628e-07 7.966686e-06 1.8033777e-06 4.018118e-06 5.0301683e-08 0.0018720375 4.041041e-06 1.1033229e-06 4.9754167e-06 0.00026066822 0.00077124586 0.0071376516 0.02132821 0.24955003 4.694228e-05 2.0614889e-06 4.4368054e-08 0.7808698 0.0557721 1.2738926e-05 0.7382618 0.0825158 3.1795195e-16 0.9440702 0.9623624 0.24419017 7.429855e-06 0.6149851 3.2321654e-07 0.98655224 5.0367186e-07 4.020755e-08 0.5812224 2.0803905e-07 0.5259153 0.4824552 2.059318e-06 0.02468949 0.049642272 0.06053013 0.0038753652 0.005340626 0.0017510514 0.00016899713 0.30982867 0.029727612 2.192565e-06 0.023088394 6.858605e-05 3.4421234e-06 0.04672156 0.0023135357 9.5082e-05 0.22470054 2.2364666e-06 2.9840718e-05 0.00010036217 5.309121e-05 0.00031872533 7.082197e-06 1.7597092e-07 2.743986e-06 0.00012630325 1.4368028e-07 1.2591244e-07 0.052258316 6.3967436e-06 5.760823e-06 6.093244e-07 0.010512402 0.00029226995 4.0534906e-07 0.0066949995 0.0059606163 4.78774e-07 1.5897748e-06 0.00043147788 0.024781164 0.011010096 0.0182936 0.0060364623 0.02002171 0.014439191 2.107736e-05 0.0004471054 9.2988435e-09 0.00034969143 0.017162317 0.0032323136 0.0037796223 0.0066249184 9.836155e-06 7.1075257e-09 1.1048745e-07 1.103997e-09 4.233337e-07 3.204861e-08 0.004707682 6.0834835e-09 0.0009351872
0.9621386 1.7447709e-06 5.858151e-05 6.262209e-05 2.0131365e-05 4.3240032e-08 0.0056354622 2.3779287e-06 5.3322156e-06 6.7996196e-05 0.005348004 0.007469175 0.013517347 0.16177021 0.20393363 0.00042872457 4.44857e-05 1.1995266e-07 0.8788368 0.89803535 0.00010357864 0.3401326 0.78168255 0.9440702 7.0429447e-15 0.21161245 0.94557106 0.0001233045 0.07817971 2.0439926e-07 0.8035561 8.308118e-06 1.4068588e-07 0.92666245 1.669834e-07 0.37897182 0.5244455 8.9714325e-05 0.2625285 0.006784233 0.0055509317 0.00070803944 0.0007940888 0.00078004017 5.5896897e-05 0.4395647 0.0061101695 0.00021718335 0.16568767 7.901357e-06 0.00013610428 0.027921936 0.03039115 0.00011330791 0.57060546 7.0311316e-06 0.00083363336 0.0009034832 0.0010795865 0.00017954565 1.5277908e-05 3.0625202e-07 3.02068e-06 0.00018898587 2.3490197e-06 5.6329816e-07 0.06845722 0.00019414884 9.9079e-05 6.979193e-07 0.3148858 0.0022654075 2.7819342e-06 0.12598795 0.005378567 1.1421413e-06 1.5811269e-05 0.00033230396 0.18529499 0.028104315 0.045819905 0.007851867 0.046687588 0.04635177 0.0006153052 0.0055019776 4.1883226e-08 0.00014729652 0.15670252 0.01525036 0.017325286 0.060115233 4.3329794e-05 7.210154e-08 2.3382856e-07 2.995668e-09 1.7548484e-06 1.6100054e-07 0.039661463 1.6841814e-07 0.002205447
0.42061374 7.827336e-07 1.8800185e-06 2.474089e-06 9.175109e-06 1.2136407e-07 0.00040386754 1.3585238e-05 3.4653327e-05 3.832141e-06 0.00024067805 0.001940945 0.026781471 0.004553513 0.13966456 1.3513821e-05 2.982399e-05 2.1236451e-07 0.43791458 0.0065871216 5.4718107e-06 0.970595 0.007837069 0.9623624 0.21161245 6.6234313e-15 0.01932873 6.7057244e-06 0.9440203 3.2403116e-06 0.9358386 2.3666473e-05 2.4181472e-07 0.14710367 5.279128e-06 0.13266192 0.18833193 5.1644015e-06 0.0021965795 0.26097426 0.50309 0.06840735 0.07885804 0.046153136 0.008055626 0.24882409 0.051556174 8.412251e-06 0.0017125391 0.0027555537 5.709726e-06 0.044417683 0.00025788232 0.0025942947 0.070286974 0.00044926952 4.5178167e-06 3.1929743e-05 6.9960893e-06 0.0016621476 6.793248e-05 3.2491648e-06 3.6203644e-05 0.001076167 1.6943508e-06 1.4104853e-06 0.05384471 6.967851e-06 7.0542433e-06 1.5933083e-06 0.002007373 2.434263e-05 4.9214723e-06 0.0007457377 0.005920214 1.5551554e-05 2.1606506e-06 0.0008053272 0.009678832 0.0095989825 0.0077931825 0.0036954791 0.008460363 0.015873449 2.2540145e-05 7.02777e-05 1.0206944e-07 0.00024086291 0.0031230217 0.0013120159 0.0016180999 0.0014255197 2.0471472e-05 4.7794025e-08 2.0062741e-06 9.07521e-09 5.0697754e-06 2.5895224e-07 0.00041598117 8.8903704e-08 0.00015914964
0.9377139 1.1475715e-05 0.00011099889 0.00021424078 1.4016853e-05 1.7560932e-07 0.009413246 2.9966584e-06 9.3155095e-06 0.0004835324 0.02083474 0.011336705 0.0045366175 0.15542048 0.10439418 0.002860895 9.702444e-06 4.230407e-07 0.41855216 0.7992647 0.0006638592 0.044699397 0.98312265 0.24419017 0.94557106 0.01932873 5.4493196e-17 0.0003738803 0.0040720073 1.108458e-06 0.121367805 2.1373968e-05 1.79865e-07 0.6108873 1.993435e-06 0.13713112 0.36831215 8.522267e-05 0.7791589 0.0008146547 0.0003484841 0.00010414997 0.00010064589 0.00012781657 2.2020631e-05 0.068988614 0.0017060481 0.00022914556 0.4772916 4.185284e-06 5.8344052e-05 0.003332578 0.21155302 3.7561702e-05 0.5665048 2.4793324e-06 0.0019488566 0.0007901286 0.0065329033 3.4388242e-05 2.0888578e-05 5.3759203e-07 1.1832537e-06 2.966969e-05 9.1198586e-07 1.4768e-07 0.025843844 0.000116581825 0.00018235916 1.3861838e-07 0.35150227 0.009237535 1.0776721e-06 0.28102306 0.0010615488 4.0313716e-06 2.904681e-05 3.7005502e-05 0.11874136 0.0026232852 0.034067158 0.0005489438 0.028850408 0.025403688 0.00033843386 0.013929703 3.825059e-07 8.714887e-05 0.24681488 0.009093097 0.0062852474 0.09615739 2.5987603e-05 9.8988934e-08 3.0965125e-06 2.3947967e-08 9.682063e-06 7.343896e-08 0.04712348 4.0447304e-08 0.0029069493
0.8846587 1.1229932e-05 6.950857e-05 0.020372188 0.002713499 0.00048754466 0.0004041101 0.0022966615 0.31565514 0.3235508 0.18076648 0.00015448265 1.693183e-06 0.002052393 1.8387043e-06 0.57668203 0.027353622 0.75458884 5.1689076e-05 0.0025802886 0.97364527 6.7250556e-07 0.0028968728 7.429855e-06 0.0001233045 6.7057244e-06 0.0003738803 2.087947e-11 1.13973755e-08 0.008459109 3.5611183e-06 0.01499071 0.00070711697 4.5479184e-05 0.00020672653 4.4139865e-06 1.8282559e-05 0.9181311 0.052635107 4.4770468e-07 5.132211e-07 9.428792e-07 4.8163025e-07 8.091907e-07 7.366525e-08 8.964231e-07 1.9936336e-07 0.15978801 0.00964205 2.695668e-07 0.0027125403 2.1840036e-07 0.30013934 1.0194391e-06 0.00020175331 2.5916572e-07 0.89409786 0.9187675 0.7266805 1.2768285e-07 1.2996311e-07 0.00078442064 1.9263179e-07 1.7869672e-07 6.7589084e-05 5.103546e-05 9.5500445e-06 0.010578995 0.089625716 4.8086313e-06 0.010820702 0.17861736 0.00034023606 0.007059584 3.985786e-07 3.9941824e-06 0.0024335284 1.5559948e-07 0.0005427065 3.8522666e-07 0.00019399077 3.1531467e-08 0.00025250355 1.6004575e-05 0.3480553 0.17400096 1.2943377e-08 7.48922e-10 0.047256052 6.269957e-06 2.6500684e-06 0.010233253 0.0009947841 1.5058656e-05 7.5285134e-06 7.365229e-07 9.5975395e-08 7.886774e-08 0.03810589 8.3629084e-07 0.00051702757
0.0075773466 1.918711e-05 2.3366471e-07 5.7334017e-08 7.831416e-08 1.3315228e-08 2.5001118e-05 7.6486486e-07 3.224851e-08 1.4092598e-07 8.5161565e-07 9.975643e-05 0.024493914 0.00235801 0.026563266 1.3559298e-07 2.800911e-07 8.423734e-09 0.2584864 0.0020016837 1.1472716e-07 0.99845856 0.004700278 0.6149851 0.07817971 0.9440203 0.0040720073 1.13973755e-08 3.243936e-17 3.2406174e-08 0.69398654 2.1015868e-08 5.7009575e-09 0.021717895 4.4483464e-08 0.026651492 0.029569093 4.88196e-07 0.0008911478 0.5492507 0.9254629 0.491592 0.08634991 0.49745628 0.012897468 0.029905684 0.095289804 2.6030116e-07 0.00016864549 0.10460853 5.5981235e-07 0.01826548 1.2435702e-05 0.031953096 0.0057479274 0.007194841 4.9357163e-07 1.0390091e-05 1.3632506e-07 0.0056799273 0.00017708684 1.108386e-08 3.1947045e-05 0.0016006529 4.6057668e-08 1.1701086e-08 0.015851568 1.2959856e-06 1.9153833e-07 6.5344348e-09 0.000115680305 4.5979354e-07 1.8610373e-07 4.297506e-05 0.011260234 1.5522206e-06 5.5515767e-07 0.0013567243 0.0005031457 0.0015620625 0.00076357054 0.002045276 0.0009795735 0.00174969 3.258637e-07 9.881053e-07 8.342782e-08 0.00045632225 0.00012491192 0.00032878568 0.00057751883 0.000114813905 8.796231e-07 4.939078e-07 3.916797e-06 5.2188925e-10 1.3758857e-07 6.319807e-08 0.00012262589 2.580433e-09 1.26400555e-05
0.09192615 2.1851682e-05 7.675817e-07 4.81616e-05 0.0001351585 0.0003748843 9.143511e-07 0.08550144 0.042694326 0.0012689497 2.7702206e-05 4.5900669e-07 2.0750782e-07 1.1920804e-06 2.0056884e-08 0.0008170215 0.91161126 0.33545434 1.0364597e-07 2.6859064e-07 0.0016470804 2.4118458e-07 1.1996016e-06 3.2321654e-07 2.0439926e-07 3.2403116e-06 1.108458e-06 0.008459109 3.2406174e-08 4.4721746e-16 1.4513193e-07 0.88238925 0.9760915 4.6784157e-07 0.99537253 6.996239e-07 4.4742915e-06 0.082278915 0.00013862732 1.0599201e-07 3.0135325e-06 7.689845e-06 2.6943123e-06 8.84069e-08 1.7582012e-07 1.8668334e-06 5.3644845e-07 0.32892978 1.2704991e-05 4.983043e-08 0.39531523 1.3943293e-06 0.000104904575 2.7785654e-07 1.1352061e-05 1.3294996e-07 0.004990598 0.009805492 0.0007884564 3.9958374e-07 1.8592598e-07 0.06529351 4.9822046e-07 7.9118945e-07 0.011165394 0.10086618 2.4976607e-06 0.06914681 0.038711537 0.0013612007 2.1148377e-05 0.0005535733 0.077237874 6.8811983e-06 5.5545905e-07 2.0428156e-07 0.02587244 1.9318702e-07 3.290843e-06 8.2837926e-07 2.4628303e-05 3.002859e-07 2.8561948e-05 7.5034973e-06 0.005066741 0.0010641767 5.232291e-09 8.461499e-08 0.00065633806 5.688521e-07 4.437419e-06 0.00010876015 0.034388017 8.550272e-05 7.462089e-09 0.00019613771 2.6949147e-09 1.280956e-05 0.0014969066 3.692185e-05 3.4909634e-05
