3.006637e-23 0.8371237 0.88584775 0.87299126 0.88726187 0.91404235 0.96069777 0.8658494 0.92093486 0.88141024 0.83180773 0.9186243 0.84110117 0.9276461 0.7161206 0.87980384 0.94075924 0.89914644 0.8923948 0.7228111 0.91014576 0.96147645 0.9905287 0.5262076 0.9228059 0.9842443 0.9986783 0.8354104 0.9113359 0.89053303 0.9569702 0.8765205 0.9825462 0.9978058 0.9870911 0.8283174 0.47481865 0.90321356 0.9927644 0.80307686 0.8796746 0.96389997 0.90554816 0.9940508 0.31856984 0.3564927 0.4851178 0.46945485 0.24057549 0.6476313 0.18130372 0.09297924 0.94742996 0.90937823 0.29506302 0.96083146 0.8990574 0.621508 0.410009 0.37103444 0.8830939 0.27242115 0.98823225 0.012462397 0.036452945 0.30109832 0.040500853 0.20904714 0.9203698 0.07243254 0.7156558 0.01007706 0.035842236 0.02227374 0.0041515524 0.002850141 0.99562967 0.19729045 0.8359301 0.0027259996 0.0016542374 0.094485916 0.89232326 0.002069978 0.00034467882 0.008814485 0.87340295 0.9998679 0.0012888265 9.146677e-05 7.508139e-05 0.99639404 0.0017269718 0.6146495 0.00012136635 0.9965741 0.0013175802 0.0015557191 0.00013601127 0.9999931 0.6965751
0.8371237 2.5618776e-19 0.9880951 0.817638 0.30671704 0.16753466 0.84159434 0.091214485 0.045084268 0.67546827 0.27767769 0.19390392 0.03658694 0.08443324 0.025985256 0.104134284 0.1492306 0.020756261 0.0026462548 0.038715463 0.16306663 0.11551774 0.29590935 0.00010334075 0.004941338 0.014183779 0.090144284 0.0027468347 0.002618495 1.3800359e-05 0.008066689 0.07673789 0.03041314 0.29760337 0.014438607 0.0022786323 6.8577414e-05 0.028140701 0.014413807 0.000464317 0.00038669736 0.00018601619 8.42396e-05 0.004090991 0.026220933 0.04785191 0.012124471 8.38661e-06 0.041853447 0.0004842768 0.031672537 1.8216448e-06 6.774053e-05 1.8032453e-06 6.499953e-07 0.0002834418 1.0279565e-07 0.00024888298 0.058625765 0.0033910119 7.16947e-05 1.6413984e-05 0.04354885 1.3512209e-05 3.2406962e-05 3.7948706e-08 2.9190894e-06 0.0011274918 0.00012738931 0.00893653 3.8979324e-05 0.003257713 2.4477472e-06 0.0020649265 2.2411145e-06 0.00045446347 0.027270462 4.4357336e-07 1.00249245e-07 7.755366e-05 0.00015267704 3.4505032e-05 0.0013225334 2.7392377e-06 1.0284621e-06 1.0855299e-06 8.118179e-07 0.0015093968 0.00015684389 4.630651e-06 5.3563235e-06 0.0010240311 3.696307e-07 4.664911e-09 4.169226e-06 3.342435e-07 6.910419e-09 7.7587833e-07 3.0982465e-06 0.0028253323 2.2187098e-05
0.88584775 0.9880951 2.9180668e-18 0.3364947 0.6892146 0.010832311 0.70450556 0.0035615317 0.18762888 0.76438737 0.48435527 0.59737176 0.0028216327 0.021925168 0.10551996 0.26726994 0.34184745 0.11389482 0.00013800629 0.123034544 0.086401545 0.05993003 0.30703858 0.0008530049 0.018601034 0.07077128 0.023607032 0.00029311125 0.007692728 0.00012808967 0.0005327524 0.03775378 0.06427849 0.31117603 0.02206245 0.00015627815 0.00015590675 0.011520503 0.048230667 3.0907522e-05 1.2524251e-05 0.0005963319 0.0003011671 0.0048961975 0.07483016 0.028392412 0.043268535 2.7312375e-08 0.018495806 2.4084075e-05 0.024594296 1.1313725e-05 8.658826e-05 2.247425e-05 9.54617e-07 1.014299e-05 8.8978597e-10 2.2660965e-06 0.086825676 0.00067956164 9.858398e-05 1.9365546e-06 0.05712953 6.735036e-07 6.996844e-06 3.836651e-09 1.6680133e-05 8.1515005e-05 0.000374024 0.004808987 0.00013767344 0.0049099517 2.4269424e-05 0.008396525 2.006742e-07 0.00026690704 0.01369435 3.2918256e-06 1.9140205e-06 5.6622004e-05 8.452649e-05 0.00091592304 0.00025246863 3.0694179e-07 6.833572e-07 4.850274e-07 8.2255855e-07 0.0033250973 0.00066501874 1.5090908e-06 1.7473851e-06 0.0008789489 1.14062544e-07 2.0479602e-08 6.017916e-05 2.0934556e-06 1.06376135e-08 1.9152246e-07 5.028492e-07 0.00439406 8.127794e-07
0.87299126 0.817638 0.3364947 8.825595e-19 0.007755463 0.87833977 0.79877114 0.8944803 0.0011793126 0.06355075 0.02445052 0.006619727 0.94676775 0.92363954 0.0016115003 0.011126459 0.02173515 0.001210454 0.5415118 0.014789622 0.08761929 0.10110754 0.1820927 1.2215181e-05 0.00051105523 0.0029220085 0.4314022 0.1539796 0.00012946874 6.3878183e-06 0.010733258 0.28084034 0.014032785 0.15420976 0.0038664131 0.0014709823 5.9505933e-06 0.27324438 0.0026795145 0.019641545 0.0020951973 6.82689e-05 1.9781284e-05 0.0006725088 0.029950965 0.1535473 0.008955038 0.00013904666 0.14747636 0.00045391553 0.092062 1.5977926e-06 1.0960242e-05 1.9051333e-06 3.3905536e-07 0.00021055131 1.4899327e-06 0.00017433654 0.072089024 0.072166465 2.052165e-05 0.010463786 0.02809085 8.991493e-05 0.004614882 4.5260103e-06 8.743527e-08 0.0003211354 0.00014480394 0.05661412 1.1049282e-05 0.012756293 2.6572212e-07 0.00074281514 0.00014007854 0.005625289 0.025462434 1.0424352e-07 1.5381185e-06 0.0019135078 0.0025261906 1.3626675e-06 0.000624244 0.00020057672 0.00016412209 3.774417e-06 2.7509702e-07 0.0008370961 0.00050151214 1.6528025e-05 3.6171237e-05 0.0011092661 1.5213512e-05 5.545785e-10 1.318209e-07 5.694839e-07 2.3395903e-07 1.6346211e-06 2.1830121e-05 0.0020569803 1.520623e-05
0.88726187 0.30671704 0.6892146 0.007755463 1.1478473e-18 1.8518755e-05 0.1691367 3.072927e-05 0.95957816 0.29472438 0.73990524 0.88199854 0.00022148507 0.0029482392 0.90496105 0.2871315 0.2536093 0.66491365 9.942728e-06 0.44932124 0.007861934 0.008647966 0.09569284 0.10669973 0.19384092 0.42407084 0.0011139464 3.11754e-05 0.05179695 0.033303592 4.1335214e-05 0.0061426074 0.053373117 0.06825717 0.041164007 6.072595e-06 0.011729422 0.0013257003 0.1865853 1.2265114e-06 2.9707203e-07 0.017198913 0.0023984462 0.037230775 0.08077105 0.003125836 0.098877385 1.3575562e-09 0.0015195446 5.320956e-07 0.0025835768 3.8414368e-05 0.0011382703 0.00029570106 1.0232422e-05 1.2092212e-06 3.1841296e-10 3.1771003e-07 0.03339097 4.847869e-05 0.00032372784 7.260041e-08 0.050148558 1.9286853e-07 3.5185576e-07 3.9228882e-09 0.000165666 6.325283e-06 0.001964228 0.00038276796 0.00024711154 0.00087701186 0.0008358424 0.016252527 3.873033e-08 1.7801109e-05 0.006634586 3.3560227e-05 6.0665234e-06 2.4251922e-06 1.2261728e-05 0.02122784 8.7770415e-05 4.9211103e-08 3.4084107e-07 7.642709e-08 7.41154e-06 0.0071573243 0.00014495537 1.5292228e-06 8.188408e-07 0.00023986232 7.985649e-08 6.379746e-08 3.3147357e-05 1.0252857e-05 1.4085214e-08 3.1206247e-07 1.0381439e-06 0.0040263673 2.2275718e-07
0.91404235 0.16753466 0.010832311 0.87833977 1.8518755e-05 7.6843205e-20 0.034129187 0.99322927 2.1471963e-06 0.02137251 0.00012646295 0.00012107837 0.69302845 0.26282027 2.22164e-05 0.0002963843 0.00052380934 8.813651e-06 0.34654215 0.0004716033 0.08523826 0.07865627 0.08919794 1.0045285e-08 4.309903e-06 3.0433192e-05 0.609161 0.12047018 1.7781471e-06 1.39025955e-08 0.061978713 0.026717601 0.0014184705 0.057381835 0.000169638 0.012655043 1.6959383e-08 0.15281343 0.000101692516 0.036635 0.013894957 4.929949e-07 1.3588283e-07 9.812882e-06 0.0021281443 0.006113868 9.772701e-05 0.0005644229 0.0056403736 0.00074634136 0.0024864112 7.2532402e-09 1.0740967e-07 6.227847e-08 5.540469e-09 0.000530886 1.0407217e-05 0.00014573839 0.0022871809 0.030314619 4.393389e-07 0.014401222 0.033018716 0.00045180903 0.0042704334 2.0566946e-05 4.740572e-08 0.00019275337 2.0758067e-05 0.009191729 6.298097e-07 0.0003208244 4.4297618e-08 8.1533966e-07 0.00011434088 0.00066544 0.08406357 3.0690153e-08 3.2093144e-08 0.0007686114 5.9410817e-05 1.6672116e-07 0.002730933 2.0028265e-05 2.787826e-05 8.5066444e-05 4.699394e-08 0.00053632876 2.0195264e-05 1.2610557e-05 1.8367546e-05 0.0041237804 9.893586e-05 1.7993069e-09 1.7504799e-07 1.4098082e-07 9.617528e-07 1.1591172e-05 1.2911022e-05 0.0045034233 0.00030308837
0.96069777 0.84159434 0.70450556 0.79877114 0.1691367 0.034129187 5.4732543e-18 0.028670248 0.13408336 0.01788566 0.81315744 0.016739024 0.15622465 0.82756734 0.07651645 0.010160451 0.041638333 0.021414213 0.010875563 0.51471233 0.008772315 0.012416706 0.17117824 0.00015315815 0.0040928344 0.027637143 0.14837264 0.018860875 0.00024115667 7.571473e-05 0.00016469076 0.87697524 0.0045319945 0.18836977 0.0019569779 5.34192e-05 0.00021718127 0.35984576 0.01846948 0.00053501566 3.9872084e-05 0.0006492491 9.710669e-05 0.0022962892 0.74432284 0.75401294 0.53404254 9.493345e-08 0.66277814 3.907787e-06 0.69578314 1.2219237e-05 4.0031304e-05 1.924858e-05 2.3905438e-06 6.97925e-06 6.5086616e-09 7.3217734e-07 0.806979 0.06354123 8.840661e-05 0.00047906404 0.010741214 5.21967e-06 0.0005885032 3.672568e-09 6.766709e-06 2.2532538e-05 0.00020356794 0.26320964 8.902465e-05 0.17879395 1.9082884e-06 0.123328164 3.6275735e-05 0.008017857 0.0037883157 7.600041e-07 5.329598e-06 0.000993997 0.015668534 0.0010451324 6.917555e-05 7.7922195e-05 0.00010232389 1.4819015e-07 3.1789868e-06 0.0016650446 0.009756581 3.4275483e-05 2.4890707e-05 4.61971e-05 6.184435e-06 7.009908e-08 0.00016519176 6.14962e-07 5.6080705e-08 3.868316e-06 2.8284705e-05 0.00034789933 2.6163302e-06
0.8658494 0.091214485 0.0035615317 0.8944803 3.072927e-05 0.99322927 0.028670248 6.331747e-17 1.3880862e-05 0.0038791443 0.00023084918 4.396734e-05 0.8646356 0.35599014 4.23551e-05 0.0004169665 0.00015932308 2.3908231e-05 0.6785791 0.0006323597 0.031977765 0.037220538 0.04368959 6.2757714e-08 5.878009e-06 5.3143285e-05 0.40847045 0.26983413 7.7883005e-06 8.205047e-08 0.07965773 0.028547265 0.0010958692 0.027079256 0.0005472709 0.020899227 1.6379487e-07 0.18747264 0.00019607542 0.18040635 0.08637293 1.2418878e-06 8.285642e-07 6.2439794e-05 0.0031080067 0.0075073885 0.00028501285 0.007549745 0.005730849 0.0045993878 0.0024436133 4.956331e-08 8.3677503e-07 3.259296e-07 1.8630004e-08 0.0018663385 0.00020013133 0.0013125159 0.0016476609 0.04695637 2.752176e-06 0.036438964 0.012008196 0.0011301137 0.0084039 0.00015253268 1.2706589e-07 0.00078488496 3.8656588e-05 0.008999771 1.7417617e-06 0.0005537494 1.8144245e-07 8.595868e-07 0.00043303965 0.0011477127 0.062637314 4.4149754e-08 2.1382474e-08 0.0017056788 0.00014088869 1.13600414e-07 0.0041953907 8.8856956e-05 7.5374606e-05 0.00038551644 6.568276e-08 0.00034685776 2.3827515e-05 8.026739e-05 7.8218e-05 0.003092185 0.00019609318 3.121687e-09 2.2276144e-07 9.2468105e-07 8.7856215e-06 4.5599794e-05 3.850401e-05 0.0033232302 0.0013581509
0.92093486 0.045084268 0.18762888 0.0011793126 0.95957816 2.1471963e-06 0.13408336 1.3880862e-05 1.1061514e-16 0.06606638 0.7422751 0.63004595 0.00021301107 0.003113075 0.9587074 0.11452365 0.11764285 0.64495754 9.249806e-06 0.76148 0.0028544615 0.0032826983 0.04524226 0.27263176 0.21013965 0.53253865 0.002421258 2.0864469e-05 0.040511444 0.095934756 4.184095e-06 0.028564826 0.030065851 0.0453026 0.022262612 1.8382579e-07 0.04506978 0.012151013 0.2745916 5.833331e-07 1.453354e-07 0.04894586 0.0057491246 0.042609747 0.35053828 0.019214913 0.44135687 2.124599e-09 0.0071604927 1.5040206e-08 0.010349377 0.00065006665 0.0020131003 0.0022315292 6.7022884e-05 6.840683e-08 2.0320325e-10 7.683997e-09 0.22408326 0.00032343162 0.000672895 7.557514e-07 0.022789536 8.7791847e-07 1.7265418e-06 2.7224893e-08 0.0025865498 1.0424227e-06 0.0034932531 0.002640764 0.00083256746 0.0016506506 0.005775445 0.08461165 4.350254e-07 3.1075666e-05 0.0011891533 0.00024555306 9.005146e-05 4.441581e-06 6.371644e-05 0.10729508 2.2273809e-05 4.512092e-07 2.2284253e-06 1.7359105e-07 0.0005243837 0.013871686 0.00052389724 4.6071946e-06 2.6344076e-06 6.600921e-05 4.31908e-07 2.2024999e-05 0.000111912566 0.00013204117 6.2861226e-08 7.8759325e-07 8.048565e-06 0.0039383406 1.0813564e-08
0.88141024 0.67546827 0.76438737 0.06355075 0.29472438 0.02137251 0.01788566 0.0038791443 0.06606638 9.315399e-18 0.020151956 0.6729286 0.0012992248 0.003161752 0.011646314 0.87018996 0.9655265 0.058926944 0.00034871366 0.00261206 0.5024878 0.17630172 0.51168996 0.0012239023 0.017548915 0.03425941 0.09433502 0.00010464289 0.014885207 0.00048783346 0.010241372 0.001961364 0.20127548 0.5078558 0.057618976 0.0053858124 0.00017795211 0.0012402511 0.021000685 7.889359e-05 0.00022215502 0.0005017621 0.00013566732 0.007340624 0.0016030101 0.0015031117 0.0013397522 2.6416114e-05 0.0013230693 0.0006157939 0.0012560663 2.099897e-05 7.196625e-05 1.3963566e-05 3.7083864e-05 0.000931475 4.0875334e-06 0.0010953066 0.00085089967 0.0002832232 2.4762923e-05 6.147779e-05 0.12100426 2.3896513e-05 2.8783932e-05 4.5896622e-06 1.4300075e-05 0.0018117382 0.00030036457 0.00064757274 1.794342e-06 0.0013142013 8.2051694e-05 0.0007552453 3.542306e-06 0.00032494348 0.08845563 4.466147e-05 1.4465701e-05 4.785512e-05 9.839387e-05 0.00014353382 0.00173721 4.023341e-06 7.5472035e-06 1.4112195e-05 1.5551575e-06 0.007234931 0.0009025881 3.806359e-05 1.7210863e-05 0.009065018 9.334807e-06 2.0539337e-08 2.5422645e-05 2.0715775e-06 1.5772036e-07 2.8159819e-05 1.7180215e-05 0.0276506 0.00033793232
0.83180773 0.27767769 0.48435527 0.02445052 0.73990524 0.00012646295 0.81315744 0.00023084918 0.7422751 0.020151956 1.2706481e-18 0.106810644 0.00075585773 0.008310528 0.9010762 0.022072256 0.04294144 0.07628735 3.699365e-05 0.9852488 0.002285735 0.002648295 0.027822377 0.0065247156 0.021273114 0.16173047 0.0016584321 0.00010230057 0.002821841 0.0031096537 8.381644e-06 0.016235733 0.0077493745 0.033382706 0.0038271763 8.0368716e-07 0.0017103071 0.0012866976 0.061191123 1.151991e-06 8.386961e-08 0.006152973 0.0012969153 0.009943795 0.18086629 0.01807861 0.28630558 6.1900157e-10 0.012317841 1.1188881e-07 0.022280177 0.00019500856 0.0012246736 0.0007361522 0.00012363304 1.3619679e-07 5.5888624e-11 2.970794e-07 0.12999022 0.0002113782 0.00034927914 2.0881606e-07 0.013068299 1.267256e-07 3.0701204e-07 8.5567753e-10 0.0007883331 1.5172138e-06 0.0005597286 0.002712314 0.0003585265 0.0036482946 0.0005373425 0.037764158 1.4999961e-07 8.9829904e-05 0.0014277985 2.9304234e-05 1.2957279e-05 2.9383134e-06 0.00011454486 0.05066139 4.413776e-06 2.0532728e-07 6.3410795e-07 3.8074063e-08 3.7691475e-06 0.0031392 0.00116246 3.3483502e-07 3.3979276e-07 0.00011971868 2.7724125e-08 3.2862908e-07 0.0004863359 2.9270145e-06 7.972495e-09 6.3706985e-08 9.746908e-07 0.00041253088 6.604775e-07
0.9186243 0.19390392 0.59737176 0.006619727 0.88199854 0.00012107837 0.016739024 4.396734e-05 0.63004595 0.6729286 0.106810644 1.453321e-16 0.00016197751 0.00074175326 0.24749571 0.8615095 0.5980267 0.94738823 1.4975334e-05 0.04380759 0.06608034 0.038916204 0.22428706 0.088196136 0.47760364 0.5385693 0.00708009 4.8987054e-06 0.20091863 0.057749506 0.00031446668 0.00075710187 0.25193694 0.18521684 0.15175489 3.1634227e-05 0.007089137 0.00075232703 0.1815462 1.3898181e-06 1.3764954e-06 0.029368151 0.0049075224 0.10419245 0.0062109553 0.0004280274 0.009776076 1.0898335e-08 0.00033476687 1.525363e-06 0.0005161386 0.0001089338 0.0010558484 0.00031325713 7.329459e-05 2.9019686e-06 4.5497273e-09 1.112718e-06 0.0018049943 6.390856e-05 0.00051074097 4.574202e-06 0.10280827 3.6696397e-06 1.9684996e-06 1.9333529e-08 3.9967486e-05 6.977769e-05 0.004197446 0.00018486033 0.00012703033 0.0010840939 0.000120782555 0.0030455664 3.2523218e-07 4.248512e-05 0.0156503 7.3771174e-05 2.9407795e-05 1.0738613e-05 0.00015595328 0.00077315647 0.00040379804 4.8392445e-07 5.2882383e-06 7.3303774e-08 1.2390421e-05 0.019432608 0.00069171254 2.5448117e-05 3.4960156e-06 0.0008300195 2.4239298e-06 2.623091e-06 5.0619754e-05 0.000105750856 8.3390596e-08 5.4759557e-06 2.3167435e-05 0.011081728 3.8232815e-06
0.84110117 0.03658694 0.0028216327 0.94676775 0.00022148507 0.69302845 0.15622465 0.8646356 0.00021301107 0.0012992248 0.00075585773 0.00016197751 2.1217356e-17 0.92276937 0.00012120649 0.00040325063 0.0006974895 0.00011998602 0.9143672 0.0010087257 0.0077815223 0.0134338 0.052551582 3.3282805e-07 4.5708504e-05 0.0002950056 0.25777757 0.7293083 1.7194343e-05 2.5154705e-07 0.0056031444 0.2870811 0.0012201166 0.034659255 0.0002553952 0.0014834782 2.0386274e-07 0.5582954 0.0002807687 0.14544885 0.01848587 1.715415e-05 4.837097e-06 8.692964e-05 0.020498488 0.13295323 0.0024280448 0.0004166122 0.10905317 0.00026128325 0.037135657 1.504684e-07 3.8632393e-06 1.2937837e-06 2.8156245e-07 0.00036590896 1.3263654e-05 0.00019834054 0.035220876 0.16233791 5.9310014e-06 0.09649103 0.006674421 0.0006343436 0.030097086 8.520415e-05 2.6126463e-07 0.0004850047 4.606538e-05 0.07699881 5.386644e-06 0.007851396 3.308058e-08 9.6593976e-05 0.0014096516 0.0072008367 0.011579207 1.1169393e-07 5.053727e-07 0.005872269 0.002330364 2.95856e-07 0.0014107275 0.0018881403 0.00040620798 0.00019911664 8.364962e-08 0.0006494761 0.00022239731 0.0004999554 0.0008590427 0.0003996808 0.0007268493 1.6521513e-09 3.149987e-07 5.008945e-07 1.746379e-06 0.00022486999 0.0004984838 0.00062554464 0.00024075706
0.9276461 0.08443324 0.021925168 0.92363954 0.0029482392 0.26282027 0.82756734 0.35599014 0.003113075 0.003161752 0.008310528 0.00074175326 0.92276937 2.669325e-17 0.00086839957 0.001357429 0.003967831 0.0010559652 0.6925002 0.009740832 0.008306289 0.015443759 0.08452903 3.0635322e-06 0.00020182953 0.0018718936 0.303785 0.7228412 2.0105885e-05 1.1003985e-06 0.0011815658 0.84916943 0.0019387843 0.09116537 0.0007528438 0.000256124 1.270539e-05 0.7951958 0.0014598016 0.015733574 0.0007849984 5.327649e-05 1.3141998e-05 0.00020346702 0.113285474 0.63019526 0.031168781 2.0552263e-05 0.57222223 5.508264e-05 0.40956303 1.1990091e-06 1.0484512e-05 2.125109e-06 1.0213707e-06 7.1529365e-05 1.9860978e-07 2.3361614e-05 0.28657764 0.24131438 1.3289889e-05 0.041330103 0.004877305 0.00011983736 0.025595535 6.768532e-07 1.2075777e-06 0.0001811885 6.273806e-05 0.24181223 7.3682186e-06 0.059949182 1.4401692e-07 0.0019725459 0.0016541744 0.022240948 0.008135079 2.72321e-07 3.3409424e-06 0.011286999 0.0174165 9.499858e-06 0.0003988292 0.00453654 0.0009848921 1.1145185e-05 1.414969e-06 0.0011059757 0.0021664798 0.0004077949 0.000718765 0.00015864264 0.00025073453 1.0523092e-08 1.534043e-06 7.28529e-07 5.7485374e-07 5.5854744e-05 0.0007318423 0.000735373 5.022734e-06
0.7161206 0.025985256 0.10551996 0.0016115003 0.90496105 2.22164e-05 0.07651645 4.23551e-05 0.9587074 0.011646314 0.9010762 0.24749571 0.00012120649 0.00086839957 4.7820615e-17 0.024610033 0.020204157 0.39146164 4.6613877e-06 0.8257233 0.0008727134 0.0013255669 0.013345036 0.6706486 0.094742924 0.25536004 9.274958e-05 8.4688145e-06 0.01899945 0.1582427 4.1149824e-06 0.0009253851 0.010757787 0.013406142 0.010505015 2.0088021e-07 0.68158627 0.0005171186 0.11845653 6.266044e-07 3.9192724e-07 0.046539467 0.017537078 0.027542545 0.045838263 0.0019810803 0.10500301 1.1202713e-08 0.00089708896 3.008197e-08 0.0032542897 0.06864537 0.009003789 0.033136033 0.013508171 1.0780955e-06 1.1573011e-09 4.093088e-08 0.022446452 3.9464274e-05 0.0029927543 6.65098e-07 0.01118269 1.0518618e-06 1.2999864e-06 9.878048e-09 0.0862718 7.0373403e-07 0.0042901025 0.00029094954 0.0022812535 0.00038298342 0.0914351 0.022992244 1.3022235e-06 8.962083e-06 0.0010035731 0.0009925235 0.00016070274 6.816441e-07 1.1972581e-05 0.57395184 3.1843397e-06 6.7582306e-07 3.1948687e-07 1.7190341e-09 0.0002841669 0.0063127847 0.00040239643 6.340551e-06 1.7081528e-06 1.1786806e-05 2.9473027e-08 2.9298842e-05 0.00037089255 0.00033863774 7.36271e-10 2.2073783e-07 9.511738e-07 0.0009707132 9.9797106e-08
0.87980384 0.104134284 0.26726994 0.011126459 0.2871315 0.0002963843 0.010160451 0.0004169665 0.11452365 0.87018996 0.022072256 0.8615095 0.00040325063 0.001357429 0.024610033 6.4486544e-17 0.96632093 0.32469666 5.4896893e-05 0.0047633615 0.17204125 0.08069672 0.37193412 0.012148929 0.22413488 0.36089465 0.008610563 2.2571294e-05 0.2506046 0.014321687 0.0006326423 0.0007592833 0.8259301 0.34514636 0.66339964 0.00027596456 0.0010412931 0.001345178 0.14044662 5.359062e-06 1.04964165e-05 0.01065755 0.004563904 0.024865879 0.0038947687 0.0013622142 0.003179627 2.7352374e-07 0.0011210468 3.412724e-05 0.001310211 0.00030054478 0.0011184589 0.00012062669 3.9319002e-05 6.499538e-05 3.769442e-08 1.5380547e-05 0.00214198 0.00022467105 0.0010061158 1.1736688e-05 0.32870105 2.622049e-07 7.611099e-06 4.471689e-08 2.5068564e-05 0.00075815385 0.0009291 0.0019799734 0.00080160477 0.0024585288 0.00014608557 0.010287001 1.2842995e-06 6.5413755e-05 0.053968515 2.264106e-05 2.7376307e-05 6.041968e-06 0.00014577371 0.001849707 0.00041001049 5.3437236e-07 1.9056367e-06 2.4087333e-07 1.2734479e-05 0.016121574 0.0050218888 8.543885e-06 2.6423181e-06 0.005382603 9.661479e-07 1.5481817e-06 0.00066324347 2.3085171e-05 4.647702e-08 1.0878067e-06 6.5232807e-06 0.07552753 2.1788132e-05
0.94075924 0.1492306 0.34184745 0.02173515 0.2536093 0.00052380934 0.041638333 0.00015932308 0.11764285 0.9655265 0.04294144 0.5980267 0.0006974895 0.003967831 0.020204157 0.96632093 3.4824525e-17 0.09460453 5.736178e-05 0.013105903 0.16442177 0.09693248 0.6126685 0.0012064027 0.055709094 0.06524548 0.030444974 1.3326275e-05 0.03533902 0.0035150063 0.0010251318 0.0017598463 0.7451671 0.6559707 0.2921544 0.00013894656 0.0007972892 0.0022120632 0.05818525 2.4567044e-06 7.385722e-06 0.0012258396 0.00022009178 0.01424692 0.0046009733 0.0014842537 0.006733116 3.2314534e-07 0.0010319845 3.5786466e-05 0.00083173864 3.408382e-05 0.00014757548 6.486096e-05 1.4093444e-05 9.3316965e-05 1.7202625e-07 4.4622768e-05 0.0038490389 3.771116e-05 0.00010851077 4.5460433e-06 0.3577622 8.8888237e-07 1.5244642e-06 1.5339566e-08 1.4294812e-05 0.00029900725 0.00078599545 0.0004556569 4.421243e-05 0.0010767635 6.707666e-05 0.0025018305 9.9469474e-08 5.6633136e-05 0.08775139 1.0711763e-05 1.3314335e-05 7.482125e-06 7.418636e-05 0.0003663185 0.00045814537 9.078025e-07 4.7186336e-06 3.5172962e-07 5.5628097e-06 0.014455753 0.0018406351 5.5650967e-06 1.2269068e-06 0.0036258998 1.4349903e-06 3.5364548e-07 6.0740178e-05 2.2209547e-06 2.3546188e-07 1.1753651e-06 5.750015e-06 0.06954682 8.50096e-05
0.89914644 0.020756261 0.11389482 0.001210454 0.66491365 8.813651e-06 0.021414213 2.3908231e-05 0.64495754 0.058926944 0.07628735 0.94738823 0.00011998602 0.0010559652 0.39146164 0.32469666 0.09460453 6.405175e-13 4.8751094e-06 0.073175624 0.0059827613 0.006065584 0.051236056 0.5140985 0.91256404 0.7767755 0.00089023507 1.812612e-05 0.5503282 0.65197414 3.4202927e-05 0.0010850244 0.109656215 0.048938893 0.15325083 9.751493e-07 0.13130803 0.00074651575 0.41576248 4.6064457e-07 2.911798e-07 0.19339891 0.11306751 0.19276626 0.016385458 0.0009793581 0.023964712 1.5700122e-09 0.00039772983 3.454406e-08 0.00082844583 0.00832169 0.030656006 0.04180278 0.0029706033 9.0598786e-07 3.1503605e-10 1.1214877e-08 0.0054719597 5.3032105e-05 0.009965293 3.0135843e-06 0.03844396 4.0001348e-07 9.608384e-06 6.96499e-09 0.001329015 4.0807017e-06 0.010472281 0.00074191886 0.0021365816 0.0018643745 0.0035511462 0.018342698 1.7655061e-06 4.5305118e-05 0.0030971686 0.00024528438 0.0003362717 6.7889114e-06 2.3746305e-05 0.012095426 0.00014950542 1.4547068e-06 4.56438e-06 2.5988582e-08 0.0007234558 0.018600011 0.00075372413 1.4851379e-06 4.512423e-07 0.0006156193 2.7153042e-06 0.00011128327 8.3806175e-05 0.0009016932 2.6574403e-08 5.2234964e-07 1.1262144e-06 0.008712095 1.0850988e-07
0.8923948 0.0026462548 0.00013800629 0.5415118 9.942728e-06 0.34654215 0.010875563 0.6785791 9.249806e-06 0.00034871366 3.699365e-05 1.4975334e-05 0.9143672 0.6925002 4.6613877e-06 5.4896893e-05 5.736178e-05 4.8751094e-06 6.79354e-18 0.00010423901 0.0021797402 0.004085008 0.013262409 7.449039e-08 3.1969705e-06 1.8874229e-05 0.19962455 0.96700007 1.4521909e-06 2.1566954e-08 0.008830891 0.072727144 0.00022066491 0.009627023 3.4078617e-05 0.002746023 1.4729503e-07 0.59866935 2.068126e-05 0.6889621 0.07634317 9.806768e-07 2.4851548e-07 6.271075e-06 0.0031225781 0.03284064 0.00047367247 0.0011436347 0.021806313 0.00024687458 0.006785252 9.983779e-09 1.7242898e-07 2.6441697e-07 5.0946102e-08 0.0006733069 3.2685624e-05 0.0002134491 0.021116223 0.2764342 1.9055449e-07 0.40537208 0.0017869573 0.0024706621 0.12727158 0.000177223 3.1730488e-07 0.0004914222 1.2635903e-06 0.085519604 5.130723e-07 0.0070612575 6.458014e-08 5.9661546e-05 0.009572244 0.0065431916 0.0095172785 9.605817e-08 2.8790902e-07 0.011603234 0.0019623127 4.0111362e-07 0.0014049234 0.0050381897 0.00053103414 0.00038696517 5.166059e-09 0.00039525857 0.00015909987 0.0013255291 0.0011215179 0.0003258073 0.0007837349 4.0992165e-10 4.0611286e-07 9.6326595e-08 1.0182717e-05 0.0005895798 0.0008710442 0.00018855743 0.00030780697
0.7228111 0.038715463 0.123034544 0.014789622 0.44932124 0.0004716033 0.51471233 0.0006323597 0.76148 0.00261206 0.9852488 0.04380759 0.0010087257 0.009740832 0.8257233 0.0047633615 0.013105903 0.073175624 0.00010423901 6.2791945e-16 0.0002660981 0.00045089496 0.01337853 0.012726723 0.011388404 0.078379855 0.0010337431 0.000224095 0.0009399739 0.008920772 9.654907e-06 0.031856515 0.0018572113 0.018366862 0.0012555477 1.7071384e-06 0.00624907 0.0065117674 0.03468552 1.1062134e-05 3.9184374e-06 0.0066436618 0.0014377479 0.0038007207 0.71971536 0.10028464 0.8886661 4.331217e-08 0.04664423 1.1813514e-06 0.08071223 0.0018734726 0.0015953587 0.0010803532 0.0013685628 4.7075466e-07 7.462744e-09 2.5025295e-06 0.5106034 0.0028009524 0.00043099895 2.5560157e-06 0.0023501266 5.4899433e-06 9.327155e-06 5.1508106e-08 0.025921535 1.3910552e-06 0.00084647693 0.007667371 0.00047940246 0.01503184 0.030120783 0.3294303 5.371562e-06 0.0001752731 0.0005980676 0.0001233578 9.6752e-05 1.2547096e-05 0.0014246445 0.76978207 4.739867e-06 1.0964508e-05 1.16155825e-05 4.571145e-08 2.8641516e-05 0.0030050264 0.0066071916 3.3450884e-05 1.3347797e-05 7.244406e-07 1.7802595e-06 3.503943e-06 0.008780542 1.2380795e-05 5.992805e-08 1.6604893e-06 4.9645987e-05 0.0001751386 2.2272438e-06
0.91014576 0.16306663 0.086401545 0.08761929 0.007861934 0.08523826 0.008772315 0.031977765 0.0028544615 0.5024878 0.002285735 0.06608034 0.0077815223 0.008306289 0.0008727134 0.17204125 0.16442177 0.0059827613 0.0021797402 0.0002660981 4.0616228e-19 0.97622555 0.85420924 7.489385e-06 0.007609986 0.0107715335 0.72480065 0.00045361242 0.006916536 1.7686145e-05 0.1942064 0.0013280957 0.1496583 0.5798337 0.034370035 0.027384376 4.6741143e-06 0.0019615886 0.012311434 0.0006207619 0.0015692707 0.00038093442 0.0001037373 0.0036721537 0.00035545696 0.00056445546 0.00020155695 0.00031480545 0.00059754873 0.004545617 0.00035036908 2.0983248e-06 0.00017693036 6.991054e-06 1.9830534e-06 0.00965664 0.0003366934 0.0019200748 6.192245e-05 7.628958e-05 0.00010763543 5.630855e-05 0.30031618 3.3742947e-06 5.374985e-06 4.2880674e-06 1.2431937e-06 0.003279402 0.00046650498 0.0004106591 2.0679703e-05 0.00031874876 9.414717e-06 0.00013870667 1.481361e-06 7.5185366e-05 0.2794592 1.4844512e-06 5.890807e-07 1.062128e-05 0.00012113046 7.826239e-05 0.0023215786 1.6549694e-07 4.2182423e-06 1.35952705e-05 3.2380706e-07 0.0057175243 0.00067560957 8.998951e-06 4.0700097e-06 0.04028168 4.7338977e-05 4.6759062e-08 3.4608258e-06 4.2297756e-06 2.2079942e-06 1.5745609e-06 1.001386e-05 0.07731518 0.0007068183
0.96147645 0.11551774 0.05993003 0.10110754 0.008647966 0.07865627 0.012416706 0.037220538 0.0032826983 0.17630172 0.002648295 0.038916204 0.0134338 0.015443759 0.0013255669 0.08069672 0.09693248 0.006065584 0.004085008 0.00045089496 0.97622555 1.8349625e-17 0.68864787 1.2756248e-05 0.008025966 0.008647245 0.76830643 0.0010437951 0.0059494507 4.5229095e-05 0.17991586 0.0022649344 0.09872663 0.57179135 0.024506884 0.02048751 1.3466065e-05 0.003551353 0.008747278 0.0009062174 0.0021741006 0.00031795877 0.00014763151 0.0025111253 0.0011934716 0.00087894057 0.00023751456 0.0003599289 0.0007085744 0.0030163103 0.00042445393 7.46336e-06 0.00018446319 2.7663926e-05 6.0909583e-06 0.009433525 0.00040105934 0.0014039805 0.00011639297 0.00014254957 0.00018556631 5.5964105e-05 0.35712308 6.0885304e-06 1.733887e-05 1.4039189e-06 1.929785e-06 0.003251871 0.00053938077 0.000495203 5.0102833e-05 0.00029893484 2.5712803e-05 3.1469874e-05 1.7629302e-06 0.000120123186 0.37719586 2.5627965e-06 1.8357904e-06 2.2512819e-05 0.00020747549 7.316107e-05 0.0027084767 7.024412e-07 9.607605e-06 2.144729e-05 2.3120501e-06 0.008504592 0.0009947604 1.306826e-05 8.313491e-06 0.051527236 5.807332e-05 4.6445007e-07 6.404752e-06 6.5268027e-06 3.387511e-06 1.4413475e-06 2.4210847e-05 0.09544278 0.0013272892
0.9905287 0.29590935 0.30703858 0.1820927 0.09569284 0.08919794 0.17117824 0.04368959 0.04524226 0.51168996 0.027822377 0.22428706 0.052551582 0.08452903 0.013345036 0.37193412 0.6126685 0.051236056 0.013262409 0.01337853 0.85420924 0.68864787 4.5311763e-17 0.00057044317 0.043106362 0.072947025 0.55394 0.0064896718 0.015484766 0.0005857043 0.066585384 0.03772665 0.59675425 0.89854634 0.18801685 0.009392559 0.0003258766 0.03735388 0.040558085 0.0015474887 0.0015507761 0.0009877249 0.00012959263 0.007829252 0.0052343933 0.0027226624 0.0028296334 8.8700166e-05 0.002012918 0.0010299718 0.0011536863 4.9478378e-05 9.29046e-05 6.621602e-05 2.3343864e-05 0.0033224488 2.7475879e-05 0.00021610195 0.0017165623 0.0012731396 8.538774e-05 3.521455e-05 0.75060034 1.6639641e-06 1.0916754e-05 2.0730863e-07 1.8993882e-06 0.0015245246 0.00090332516 0.0070344424 7.5782926e-05 0.0039774366 1.934825e-06 0.0025444282 4.948201e-07 0.00032688354 0.5079156 1.2481117e-06 1.031422e-05 2.902283e-05 0.0008914661 3.9992345e-05 0.00343421 1.2646373e-05 2.0862339e-05 6.331333e-07 4.5379907e-06 0.013564402 0.0034208947 3.5638498e-06 2.7247177e-06 0.068620585 1.4355913e-06 4.323919e-07 2.2628841e-05 2.8749296e-06 2.5535144e-07 1.5327313e-06 1.7662445e-05 0.2340692 0.0009099465
0.5262076 0.00010334075 0.0008530049 1.2215181e-05 0.10669973 1.0045285e-08 0.00015315815 6.2757714e-08 0.27263176 0.0012239023 0.0065247156 0.088196136 3.3282805e-07 3.0635322e-06 0.6706486 0.012148929 0.0012064027 0.5140985 7.449039e-08 0.012726723 7.489385e-06 1.2756248e-05 0.00057044317 1.5918663e-18 0.21725535 0.09513582 1.5052502e-06 4.5128448e-07 0.15269043 0.9247454 2.0963854e-07 1.05857644e-07 0.0029758203 0.0015638788 0.017529735 8.660022e-09 0.985344 8.4614953e-07 0.09258063 7.386081e-08 3.287051e-08 0.22648196 0.22047693 0.06734366 0.00011291989 1.243748e-05 0.0004667729 5.325045e-10 7.138669e-06 3.2294902e-09 1.2612722e-05 0.20414016 0.12212663 0.6802917 0.08476837 6.3017765e-08 3.0322794e-10 7.628695e-09 3.0861247e-05 9.664323e-06 0.050423294 9.511523e-08 0.015228145 1.5030075e-07 4.3508656e-08 6.0466387e-09 0.0043618367 1.5966157e-07 0.02148841 4.2835386e-06 0.022468826 2.4236108e-06 0.0048117326 0.00013253721 2.2875962e-07 7.638458e-07 0.00045135082 0.0032474298 0.006534938 2.437694e-07 1.9558285e-05 0.025989817 8.3154936e-07 3.1149662e-07 1.6283842e-07 1.3186476e-09 0.03279553 0.012172029 2.11025e-05 4.6882278e-07 6.861136e-07 9.119271e-06 1.0161564e-08 0.0011912055 9.412464e-06 0.0007330385 3.3424252e-09 7.884142e-08 3.6808729e-06 0.0026126083 5.0039652e-09
0.9228059 0.004941338 0.018601034 0.00051105523 0.19384092 4.309903e-06 0.0040928344 5.878009e-06 0.21013965 0.017548915 0.021273114 0.47760364 4.5708504e-05 0.00020182953 0.094742924 0.22413488 0.055709094 0.91256404 3.1969705e-06 0.011388404 0.007609986 0.008025966 0.043106362 0.21725535 3.9887434e-15 0.91109955 0.0005226913 1.94124e-06 0.90817803 0.7753794 3.5613986e-05 2.2937282e-05 0.1891212 0.047402225 0.34500614 4.3906975e-06 0.05890643 0.0002612775 0.7099001 3.1135497e-07 1.8647984e-07 0.49573916 0.28628877 0.5383751 0.0022089053 0.00018777252 0.004726682 6.489287e-09 0.00011237374 1.9628804e-07 0.0001382202 0.0073675555 0.08930308 0.055194233 0.0029890619 1.0894503e-06 1.5433559e-09 9.7459456e-08 0.00080505037 6.0584323e-05 0.030892268 1.6338948e-06 0.10277428 2.2186356e-07 8.067473e-07 1.2577712e-08 0.00054218277 1.513935e-05 0.02297385 0.0002763393 0.005557958 0.0005249113 0.0016174094 0.002562854 1.5759579e-06 7.658601e-06 0.00928806 0.00027132957 0.00060052547 1.9184229e-06 8.864443e-05 0.0051459633 0.0001606111 2.527529e-06 3.6772979e-06 1.2859098e-08 0.0013821584 0.040694512 0.00033892062 7.3412284e-06 1.5065385e-06 0.00085060037 1.3043228e-06 0.00036446485 0.0002082774 0.0015811314 5.812803e-08 4.2607005e-07 6.0600933e-06 0.025104817 2.789169e-07
0.9842443 0.014183779 0.07077128 0.0029220085 0.42407084 3.0433192e-05 0.027637143 5.3143285e-05 0.53253865 0.03425941 0.16173047 0.5385693 0.0002950056 0.0018718936 0.25536004 0.36089465 0.06524548 0.7767755 1.8874229e-05 0.078379855 0.0107715335 0.008647245 0.072947025 0.09513582 0.91109955 6.9064847e-15 0.0014899415 1.6180587e-05 0.9047886 0.27240208 0.0002606973 0.0027324702 0.40083688 0.07491538 0.61587083 1.4641243e-05 0.033868283 0.0008200252 0.73975915 3.9425444e-07 3.728386e-07 0.116421826 0.0517127 0.45149496 0.014645338 0.0013876958 0.033416945 9.3481205e-09 0.00083570014 1.2379219e-06 0.0006470107 0.0014412527 0.019098202 0.03830416 0.0023488305 3.4680306e-05 2.4139926e-09 1.4885984e-07 0.0053904164 0.00021417746 0.00497639 3.5687e-06 0.1960886 6.225606e-07 2.2339532e-06 4.7036536e-08 0.0005401313 6.755872e-05 0.010848568 0.0038243614 0.001708378 0.0024146885 0.0012383192 0.02859461 4.1164168e-07 2.5165624e-05 0.024484152 0.0006266702 0.0003938622 1.3205934e-05 0.00012220048 0.00816119 0.0006368464 9.911954e-07 1.5262878e-05 6.1630885e-07 0.00084163673 0.05833018 0.001991453 7.64998e-06 1.3931262e-06 0.0032538131 4.6013593e-06 6.406045e-05 0.00016039329 0.00040172675 7.022035e-07 1.7970582e-06 7.2416674e-06 0.048761364 9.828541e-06
0.9986783 0.090144284 0.023607032 0.4314022 0.0011139464 0.609161 0.14837264 0.40847045 0.002421258 0.09433502 0.0016584321 0.00708009 0.25777757 0.303785 9.274958e-05 0.008610563 0.030444974 0.00089023507 0.19962455 0.0010337431 0.72480065 0.76830643 0.55394 1.5052502e-06 0.0005226913 0.0014899415 5.378914e-17 0.04580967 0.0001438007 7.2003013e-06 0.85216856 0.028180568 0.03701142 0.49452037 0.008239864 0.16187823 7.551498e-07 0.09892714 0.0020199118 0.017341824 0.053822838 2.5540601e-05 1.4229788e-06 0.00030166007 0.0017898048 0.0015690821 0.00059875526 0.0042061694 0.0016678137 0.031147722 0.0010060933 8.5581837e-07 2.7605508e-06 5.9465234e-05 1.4608949e-06 0.044586476 0.0044897054 0.004378428 0.0014771748 0.001632399 2.060469e-06 0.0010704447 0.43426466 6.542e-05 0.00016448529 0.0003667591 6.1016584e-07 0.011472515 0.00027501324 0.0030464916 1.5898567e-06 0.0009159321 1.342927e-05 0.00042685666 3.1296735e-05 0.00039643582 0.77528507 2.7554113e-06 1.2864999e-06 0.00021920948 0.0002587201 2.633567e-05 0.006494538 6.4571126e-05 4.1448704e-05 0.0002669567 2.817994e-07 0.004602529 0.000138055 0.00015986417 9.5211035e-05 0.3025659 0.00037619597 9.9367226e-09 1.9130413e-05 2.070729e-07 3.8122842e-05 8.465249e-05 8.956626e-05 0.10787467 0.005922821
0.8354104 0.0027468347 0.00029311125 0.1539796 3.11754e-05 0.12047018 0.018860875 0.26983413 2.0864469e-05 0.00010464289 0.00010230057 4.8987054e-06 0.7293083 0.7228412 8.4688145e-06 2.2571294e-05 1.3326275e-05 1.812612e-05 0.96700007 0.000224095 0.00045361242 0.0010437951 0.0064896718 4.5128448e-07 1.94124e-06 1.6180587e-05 0.04580967 2.8269714e-18 1.103645e-06 4.585798e-08 0.0042415834 0.13453 2.9796669e-05 0.003760543 1.23559885e-05 0.002491789 2.771688e-06 0.87496346 6.096019e-06 0.88337743 0.1852732 9.660927e-07 4.6004004e-07 1.464611e-06 0.006099835 0.10476018 0.001272557 0.004738333 0.0804925 0.00032877846 0.022681935 7.8245776e-08 8.5596616e-07 5.312048e-07 4.1258843e-07 0.00038415028 2.7636104e-05 0.0005245159 0.012688608 0.5965867 8.4357845e-07 0.7989804 0.00086752465 0.025409373 0.6648477 0.0004364372 6.484957e-07 0.0003295859 1.1103398e-05 0.09515506 3.848134e-06 0.013257072 2.055326e-07 4.9697523e-05 0.09466702 0.021342153 0.002848365 5.7349524e-07 2.281832e-06 0.03543242 0.0068604792 3.5355103e-07 0.001604047 0.051791843 0.0023799606 0.003164799 4.9486985e-08 0.00020936933 0.000111625515 0.005704099 0.003981799 4.8392398e-05 0.0033819128 1.4769401e-08 8.17654e-07 3.070305e-07 9.095599e-05 0.0049973777 0.0065231198 0.0003425326 0.00011821473
0.9113359 0.002618495 0.007692728 0.00012946874 0.05179695 1.7781471e-06 0.00024115667 7.7883005e-06 0.040511444 0.014885207 0.002821841 0.20091863 1.7194343e-05 2.0105885e-05 0.01899945 0.2506046 0.03533902 0.5503282 1.4521909e-06 0.0009399739 0.006916536 0.0059494507 0.015484766 0.15269043 0.90817803 0.9047886 0.0001438007 1.103645e-06 2.2336083e-17 0.5775213 2.5347912e-05 6.012913e-07 0.3075737 0.016165916 0.68302506 8.202676e-06 0.02886716 1.2400729e-05 0.88025355 4.5707807e-07 7.5824994e-07 0.56268656 0.40580827 0.8052424 0.0004703141 7.788121e-06 0.001050772 1.7098756e-08 4.202282e-06 7.085345e-08 1.4261206e-05 0.00271629 0.09376493 0.014704929 0.0006243637 7.566034e-06 6.1881096e-08 5.982558e-07 0.00016585948 4.1876397e-06 0.048362605 8.070936e-07 0.2068011 1.432019e-07 3.4190077e-07 5.0085802e-08 0.00018556508 7.993676e-05 0.01217906 9.1239905e-05 0.0063128145 9.710262e-05 0.000213182 0.00084452645 3.429299e-06 7.6412525e-06 0.015465498 0.00022693082 0.00052628765 1.4995062e-06 3.42814e-05 0.0021411558 0.0001286414 4.589397e-07 1.7996168e-06 3.4285566e-08 0.0015810727 0.051080313 0.00030389152 6.946801e-07 5.640443e-07 0.0017659962 3.821506e-06 5.7430418e-05 3.5947265e-05 0.00043099606 3.939016e-07 2.4069984e-06 2.8479303e-06 0.09761178 1.1229947e-06
0.89053303 1.3800359e-05 0.00012808967 6.3878183e-06 0.033303592 1.39025955e-08 7.571473e-05 8.205047e-08 0.095934756 0.00048783346 0.0031096537 0.057749506 2.5154705e-07 1.1003985e-06 0.1582427 0.014321687 0.0035150063 0.65197414 2.1566954e-08 0.008920772 1.7686145e-05 4.5229095e-05 0.0005857043 0.9247454 0.7753794 0.27240208 7.2003013e-06 4.585798e-08 0.5775213 2.872818e-16 2.548802e-07 1.3850197e-07 0.015467357 0.002655814 0.06311128 7.6454505e-08 0.69975907 2.4788915e-07 0.2597832 3.001709e-08 1.7032614e-08 0.8604879 0.8670839 0.46340182 9.020316e-05 4.2717857e-06 0.0004523652 2.061125e-10 2.7473402e-06 1.0763721e-09 1.0050561e-05 0.3046525 0.7411693 0.9268024 0.1377665 1.9493415e-08 3.207922e-10 3.7294776e-09 8.262085e-06 3.1729176e-06 0.40314934 2.1033321e-07 0.040791504 2.7880986e-08 2.3168384e-07 3.1414036e-09 0.009761343 2.995931e-07 0.14849229 2.1385875e-05 0.16522534 1.7378916e-05 0.008540904 5.9275837e-05 7.827963e-07 8.904384e-07 0.00058977713 0.0057796706 0.030451471 2.1924865e-07 3.5158104e-07 0.022745669 2.9151222e-06 1.6652461e-07 4.6739807e-08 1.2464244e-09 0.09038004 0.048520193 5.0676607e-07 8.671067e-08 3.6430862e-08 5.7065795e-06 9.17081e-09 0.0061717443 1.1321728e-06 0.0055478355 1.9276447e-09 9.210883e-09 4.223193e-08 0.009822775 3.2152925e-09
0.9569702 0.008066689 0.0005327524 0.010733258 4.1335214e-05 0.061978713 0.00016469076 0.07965773 4.184095e-06 0.010241372 8.381644e-06 0.00031446668 0.0056031444 0.0011815658 4.1149824e-06 0.0006326423 0.0010251318 3.4202927e-05 0.008830891 9.654907e-06 0.1942064 0.17991586 0.066585384 2.0963854e-07 3.5613986e-05 0.0002606973 0.85216856 0.0042415834 2.5347912e-05 2.548802e-07 2.3885443e-14 3.970569e-05 0.003910264 0.06423628 0.0013825158 0.97732216 2.6300683e-07 0.0023944068 0.0004723406 0.030986518 0.14582275 8.828869e-06 2.742534e-06 0.00018338795 1.4479187e-05 6.026703e-05 1.2824227e-05 0.13557811 9.971163e-05 0.40885735 8.871623e-05 1.7713828e-07 1.4812565e-06 2.4671957e-07 7.6610846e-08 0.66156924 0.21974425 0.052041154 2.0042806e-05 0.00034710264 3.4263342e-06 0.000858946 0.2692328 0.0064945663 5.993477e-05 0.016254123 2.788141e-06 0.028012244 0.000107815824 0.00032482322 6.1495875e-06 3.8210525e-05 3.9188894e-06 1.6329112e-05 0.00010901924 9.7802e-06 0.86903757 1.2206938e-05 1.7605083e-05 4.0822953e-05 4.1262392e-05 2.0294842e-06 0.024325166 1.7147009e-06 4.3712098e-05 0.0014456447 1.1376934e-07 0.0011073462 8.9755695e-06 6.917317e-05 3.824713e-05 0.08817591 0.0009928099 1.7093008e-09 4.449993e-06 1.3325156e-07 0.0006540075 0.0012166442 1.6637476e-05 0.078760326 0.0003734464
