1.7858309e-22 0.009340556 0.3127874 0.053850785 0.06747195 0.03266983 0.12300445 0.019079117 0.02469898 0.756341 0.6122829 0.103802554 0.012994262 0.5111112 0.0041627362 0.0069642244 0.7099247 0.8954828 0.4104714 0.010770828 0.95205426 0.7717173 0.00667599 0.20555899 0.038096245 0.0043290914 0.0031080646 0.8972526 0.5792491 0.9102479 0.9822485 0.8956173 0.8465298 0.9550636 0.055422544 0.9376773 0.010380485 0.9665081 0.3199578 0.92614675 0.759481 0.040313434 0.92109376 0.9342214 0.9786033 0.49060157 0.76149625 0.7856886 0.0027377196 0.29519063 0.0132313445 0.0040418776 0.96063995 0.94859594 0.9485862 0.97557026 0.92517984 0.97003 0.84198755 0.9170219 0.9495243 0.20188938 0.95767146 0.90211934 0.7169856 0.54009295 0.9064567 0.9210463 0.008754221 0.06686333 0.99863297 0.9695216 0.65324664 0.00029801374 0.7969094 0.00071049714 0.18766113 0.99878204 0.7844923 0.0057819257 0.9951862 0.9762628 0.89117545 0.017778743 0.0079059405 0.94444686 0.9315863 0.39067295 0.061722554 0.88299364 0.9997447 0.9275646 0.988095 0.96827406 0.8964318 0.9901751 0.96896046 0.98870534 0.97743636 0.99686927 0.9999829
0.009340556 6.273974e-16 0.93374497 0.95386547 0.9639878 0.95071214 0.0059816483 0.008506369 0.00061439053 0.023621134 0.0001349106 0.0005118098 0.00065009145 0.28023165 0.5027621 0.0027404674 0.167681 0.08574952 1.3911859e-05 0.00016514797 0.004253649 4.855323e-05 0.097189724 0.008516921 1.885951e-05 0.000117879135 0.00018170019 0.00079081085 3.3232739e-06 0.00020058342 0.021956 0.032408666 0.0010611946 0.0010617989 5.9629747e-05 4.837125e-06 1.0782256e-05 4.6314308e-05 6.468083e-05 8.315804e-05 1.2550806e-05 0.000308532 0.00020536322 0.00051232986 0.007847727 0.00023636283 1.8212444e-05 3.2737614e-06 2.0549634e-05 8.805253e-05 1.8317165e-05 3.2518383e-05 1.9656623e-05 0.0003079391 0.00018880825 0.00012806585 0.0014224172 0.000101909995 2.2037993e-06 0.00016545127 0.0003570259 2.3905744e-05 0.00065338006 0.0009812653 1.9238594e-07 0.00016805723 1.7679586e-05 1.3750188e-05 9.834757e-06 6.733046e-05 0.0001224242 2.9345541e-05 8.220014e-06 3.8233196e-07 8.5185175e-06 7.5628054e-07 0.00017387347 0.0004272829 2.776821e-06 6.726637e-06 0.00079557684 0.0002986331 9.497891e-06 9.654691e-07 3.312132e-07 1.1220212e-05 3.4549103e-06 6.9579266e-07 9.357955e-08 8.042384e-07 9.238727e-05 3.2140465e-06 0.00021499008 1.0546004e-05 0.0010824648 1.4708811e-05 2.0628076e-07 0.00025356555 5.2346226e-05 6.5996945e-05 0.0004403656
0.3127874 0.93374497 1.04391265e-16 0.9200154 0.77563065 0.9407117 0.011638826 0.014256013 0.0025364743 0.16397843 0.0006482521 0.0003779339 0.00089748815 0.9166246 0.011220646 0.0009967654 0.12493179 0.50452644 2.4139146e-05 0.00016869971 0.11840401 0.00011728728 0.002629082 0.0013749757 6.4584888e-06 2.9385728e-05 5.7358226e-05 0.0062686214 4.6778246e-06 0.00019115907 0.3634627 0.32920244 0.0012622066 0.0039121215 4.1188632e-05 7.666748e-06 6.475866e-05 4.5083023e-05 1.1068941e-05 0.0010284857 7.898479e-06 9.817435e-05 1.4544092e-05 0.0019637973 0.0393735 0.00011966526 1.4614055e-05 4.9307243e-07 9.00175e-06 2.025898e-05 4.794285e-06 6.9025587e-06 3.592187e-05 0.0025104189 0.0010131958 0.0005350266 0.02182023 1.3315452e-05 4.6843954e-08 0.0004342594 0.0010204844 4.421336e-05 0.010850085 0.00506967 4.7417025e-08 0.00031708213 2.1600687e-05 1.2999274e-05 5.2061252e-05 0.00012996554 0.0038137462 7.83223e-06 2.3220557e-06 1.0828317e-09 4.562854e-05 7.1879924e-08 6.028324e-05 0.009463896 0.00013122943 7.1377435e-06 0.003507549 0.00010176955 6.7724286e-06 4.935671e-08 2.4813156e-07 2.4027773e-05 0.00010315967 9.356551e-05 5.9482977e-07 0.00021532353 0.0014269437 0.00045267312 0.001663711 7.6588526e-07 0.0025655208 2.1760627e-06 1.535561e-06 0.0006462155 0.004473923 0.00017865679 0.000603452
0.053850785 0.95386547 0.9200154 2.2364934e-14 0.33349633 0.97702724 0.00071994873 0.0006928941 0.00014110115 0.010921305 0.000100762 7.518601e-05 6.841372e-05 0.73779017 0.0046193553 0.000115001305 0.3266267 0.47507393 4.250759e-06 6.759134e-05 0.015578837 8.768073e-05 0.0013217811 0.0056241173 1.6995002e-06 1.2690519e-05 1.0362818e-05 0.0018240839 1.3204228e-06 0.00025305076 0.09350708 0.15930672 0.001933709 0.0015028915 8.224308e-05 8.620607e-06 8.556972e-06 8.462194e-06 5.2060186e-06 0.0004893749 1.729641e-05 0.00020223299 4.4252633e-05 0.0011716408 0.040275175 0.00036048418 1.2254293e-05 4.1644552e-07 1.2756486e-06 1.8530678e-05 5.22981e-06 4.092471e-06 1.1966598e-05 0.00092806434 0.00025042795 0.00038573108 0.02553504 1.4384741e-05 3.9769225e-06 0.00047977778 0.001035298 1.0048136e-05 0.0087983925 0.005774142 1.3158376e-07 2.1722239e-05 4.187087e-05 1.8538722e-05 5.5566275e-06 1.8980335e-06 0.0030167503 9.554508e-06 1.3900554e-06 1.2168104e-07 2.3831074e-06 5.618241e-08 2.6330072e-05 0.0042341696 0.00011475754 7.7681557e-07 0.0033008638 0.0006526293 7.830155e-06 6.400115e-07 1.8611254e-06 5.788295e-05 7.57796e-05 8.4778196e-07 6.3135155e-07 0.00043706596 0.00095129135 0.0005347193 0.0012094831 1.8471834e-05 0.0033729598 5.0163886e-05 1.1745915e-05 0.00064612157 0.0017214976 0.0007182983 0.0009213854
0.06747195 0.9639878 0.77563065 0.33349633 1.8798846e-15 0.10247267 0.8361372 0.97193706 0.831279 0.49641007 0.099142216 0.5247598 0.48541075 0.38826174 0.00042129718 0.49800998 0.0018480691 0.076446205 0.00042335072 0.008174439 0.10174531 0.0006975737 8.4566156e-05 7.003803e-05 5.8496764e-05 0.00063924136 0.0008095331 0.0076131183 2.8758195e-05 0.00051606307 0.2568306 0.057210032 6.290095e-05 0.0012814704 1.7832137e-05 1.4229972e-05 8.068705e-05 6.638174e-05 8.8441475e-06 0.00015612309 6.6339235e-06 3.0202596e-06 7.3273304e-06 0.00020025333 0.0025773076 7.2016564e-07 2.4017522e-06 4.5798828e-07 3.2469452e-05 9.045694e-07 2.78027e-07 2.0670345e-06 3.9156544e-06 5.0839688e-05 1.683573e-05 1.2564279e-05 0.0014719596 5.5862174e-06 1.5005612e-07 2.483411e-05 5.2079824e-05 1.6945318e-06 0.0013256283 0.0003225488 6.272884e-09 2.399956e-05 1.136306e-06 1.4377164e-06 3.3237922e-07 5.1227266e-06 0.0005949181 4.0696193e-07 1.3293716e-07 4.384896e-09 1.4536049e-07 3.171155e-07 3.1775944e-05 0.00065668277 1.4354941e-06 7.067394e-08 0.0005901071 3.0601072e-06 2.597036e-07 1.9466508e-07 2.6711916e-08 3.8858457e-06 1.97386e-07 6.569655e-08 2.101234e-08 2.1783434e-07 0.00030590803 1.2362229e-06 0.00021431025 6.662785e-08 0.0011210778 1.5160603e-07 6.0861414e-09 0.00013760768 0.0004532911 3.3891385e-05 0.0002903741
0.03266983 0.95071214 0.9407117 0.97702724 0.10247267 1.6337563e-17 0.00015603867 4.2775642e-05 8.541799e-06 0.0016247568 1.7508859e-05 3.079714e-06 2.9875641e-06 0.81733143 0.021742333 5.518167e-06 0.6192026 0.6394577 8.274985e-08 1.1794851e-06 0.0028774615 2.7901217e-07 0.005649819 0.027585566 3.7278227e-08 5.167222e-07 6.043284e-07 0.00039938663 3.0286007e-08 3.6229253e-06 0.034756605 0.17444381 0.009689928 0.00026162082 0.00014357049 1.223444e-07 3.5499136e-07 1.5730024e-07 9.9887174e-08 1.5380268e-05 2.851976e-07 0.00043477758 4.9951095e-06 0.00016615982 0.08007888 0.00053452374 4.2722723e-07 1.2524446e-08 1.7076486e-07 1.0206964e-05 1.1211307e-06 4.4405438e-06 2.9947455e-07 7.512838e-05 1.4614558e-05 4.8518097e-05 0.03606142 1.320477e-06 9.897308e-08 0.003087472 0.0033631793 1.3032093e-07 0.0062139714 0.008756914 2.4157107e-09 2.0065725e-06 3.7540733e-06 1.4766289e-06 5.576785e-08 7.0618825e-08 0.0022410806 9.915632e-07 2.056913e-08 6.472467e-08 1.2886026e-07 1.345759e-09 2.244559e-05 0.0037746676 0.00015549218 2.0581611e-08 0.0028985366 0.0009855658 6.184585e-07 2.6363477e-06 1.4753535e-06 6.816113e-06 2.3640994e-06 8.5163386e-08 3.1035887e-07 5.3734555e-05 0.00026053278 0.00011875291 0.00086327014 7.040844e-07 0.0026789 2.9988166e-06 9.3346245e-07 0.00019871333 0.0024208724 0.0001464167 0.00021792132
0.12300445 0.0059816483 0.011638826 0.00071994873 0.8361372 0.00015603867 1.971364e-16 0.7575902 0.76104885 0.84598863 0.9784594 0.9659742 0.56284505 0.010186463 2.9337372e-07 0.31175077 5.1508823e-07 0.0005634557 0.14909802 0.13471915 0.20278318 0.05594344 3.9276067e-08 6.749007e-07 0.02483311 0.023381727 0.016657593 0.17280303 0.02000144 0.03942888 0.048801463 0.0015837371 1.3471569e-06 0.045170944 9.654673e-07 0.0005292547 0.010127728 0.00031102687 0.00064421847 0.014024077 5.0025723e-05 4.5573097e-07 8.0347265e-05 0.009046678 4.1392534e-05 1.2927408e-07 0.00010238362 4.840348e-05 0.005441675 4.391543e-08 3.7867704e-07 1.9816375e-06 3.2113952e-05 0.001536152 0.00092534587 0.00036081456 0.00010491828 2.8238508e-05 1.583598e-06 3.7277744e-07 6.6636017e-07 1.5168305e-06 0.00013822362 3.9981707e-05 6.3053443e-07 1.2905225e-05 4.494203e-06 2.2369848e-06 3.0588686e-07 1.2773943e-06 4.1361556e-05 1.6016095e-06 3.9623413e-07 8.314482e-10 6.859569e-06 1.4589344e-06 2.5393786e-07 2.633022e-05 8.126038e-08 1.1975955e-06 1.2769077e-05 4.6512912e-07 1.7373854e-06 3.365298e-07 7.5565225e-08 1.2298642e-05 5.299189e-06 1.1555516e-06 4.5425672e-08 2.315544e-05 0.0016087256 5.0399718e-05 2.3752373e-05 1.205347e-06 5.46727e-05 1.6083687e-06 4.640379e-07 0.00019198723 8.396625e-05 9.353138e-06 0.00016893283
0.019079117 0.008506369 0.014256013 0.0006928941 0.97193706 4.2775642e-05 0.7575902 1.2566612e-15 0.98780364 0.22284907 0.17104235 0.71821404 0.5004359 0.01819658 7.754645e-06 0.31806535 6.134224e-06 0.0013606258 0.00639855 0.017384944 0.04754554 0.0046432856 2.3688458e-06 8.238009e-06 0.0016175252 0.001708976 0.0019186444 0.018122645 0.00043142235 0.0024119737 0.034983333 0.0011928158 6.540262e-06 0.003782487 1.0783094e-06 9.007525e-05 0.00024904206 0.00024747592 6.281493e-05 0.0010542907 5.0105267e-05 1.5006981e-06 4.013754e-05 0.0008144387 0.000102523634 2.9162568e-06 3.366829e-05 2.0148182e-06 3.6904003e-05 4.2815392e-07 1.1929026e-06 2.4408776e-06 2.4431589e-05 0.00014945994 7.1463975e-05 2.159772e-05 5.8095422e-05 1.0162093e-05 2.7867004e-06 1.5788102e-06 3.8910966e-06 1.6555242e-06 0.00025530218 7.948067e-05 4.3203372e-07 2.3052062e-05 2.7314718e-06 2.0726209e-06 4.042708e-07 1.6116607e-06 0.00017479787 5.1057e-06 4.348514e-06 9.406028e-10 2.1961519e-06 3.392582e-07 5.1024992e-05 0.00016701725 5.19043e-07 3.6001435e-07 0.00026874503 5.812565e-06 5.343242e-06 3.251308e-07 9.424607e-08 1.4051413e-05 4.931131e-06 3.8721709e-07 1.3230806e-07 1.8585534e-06 0.00028192054 4.1522744e-06 9.3795374e-05 2.6885064e-06 0.0010537057 1.5631929e-06 2.5802214e-07 0.00018121097 0.00021127521 1.4588406e-05 0.0002192381
0.02469898 0.00061439053 0.0025364743 0.00014110115 0.831279 8.541799e-06 0.76104885 0.98780364 2.9519731e-15 0.17581825 0.17230938 0.87536883 0.92796904 0.003475482 1.4080057e-06 0.68107134 4.5019547e-06 0.00041299814 0.012431487 0.044565666 0.045525897 0.0076598767 3.7555176e-07 4.4920735e-06 0.010131921 0.0040653585 0.004168113 0.016480342 0.0012795818 0.0040020314 0.027421558 0.00060927775 5.7556827e-06 0.005985748 4.2970098e-07 8.2324455e-05 0.00062717934 0.0005560485 0.00011397193 0.0020058064 4.675887e-05 6.5463115e-07 0.00013013222 0.0014568801 3.4146804e-05 1.8863223e-06 3.5679837e-05 4.3650048e-06 0.00014824013 2.373831e-07 7.8073487e-07 1.0713862e-06 4.8356647e-05 0.00030758252 0.0001140687 4.582277e-05 2.6720161e-05 1.3809048e-05 1.1004316e-05 1.4123752e-06 4.7808526e-06 2.1599521e-06 0.00014155942 2.0569832e-05 1.3936924e-06 3.7067206e-05 4.984003e-06 4.5944093e-06 9.158941e-07 1.8348907e-06 7.8045196e-05 9.835892e-06 9.629142e-06 3.7139866e-10 2.592353e-06 1.4138333e-06 2.2822423e-05 0.00016193859 2.5821194e-07 6.3653454e-07 7.920714e-05 4.9130313e-06 5.522995e-06 1.8537146e-07 6.866789e-08 3.475596e-05 3.830818e-06 7.750049e-07 4.953902e-08 1.3311027e-06 0.000657933 4.5742718e-06 8.896015e-05 2.375755e-06 0.0003362501 9.1639293e-07 1.4278761e-07 0.00019721789 5.5867742e-05 2.36674e-05 0.0007532988
0.756341 0.023621134 0.16397843 0.010921305 0.49641007 0.0016247568 0.84598863 0.22284907 0.17581825 1.4697135e-14 0.95115674 0.26420802 0.09579845 0.058158025 1.1264642e-05 0.03684381 6.814654e-05 0.0016371423 0.15900968 0.046129633 0.9683649 0.06411377 5.2165e-08 6.6088296e-06 0.015916804 0.019010343 0.01631487 0.6021041 0.046254404 0.030223796 0.4010875 0.013830855 8.0202575e-05 0.3158996 1.2980753e-05 0.004840549 0.010495072 0.0012332274 0.003819233 0.020558292 0.0006415536 1.6090416e-05 0.0007434178 0.047075674 0.00024188265 4.3324076e-06 0.00065711816 0.00023895658 0.0031856594 1.1625141e-06 2.476813e-06 5.4394536e-06 0.000102569116 0.023026478 0.0091267675 0.015287288 0.0015230803 0.00016597881 1.9527783e-06 2.2457293e-06 2.6049787e-05 3.827928e-05 0.004561147 0.00015192367 4.1480098e-07 1.20695095e-05 0.00017619116 7.879682e-05 1.0547016e-06 1.1245815e-05 0.002714287 4.4607747e-05 1.6477858e-06 1.2015771e-09 8.257618e-06 7.01938e-06 1.1228577e-06 0.001405249 6.6042014e-07 3.3086828e-06 0.0003990988 4.6099503e-06 4.1880652e-05 1.7353692e-07 1.729447e-08 8.9839414e-05 0.0005158726 5.769229e-06 4.954441e-08 0.00054244214 0.06319653 0.0008097473 0.00023199616 1.7867493e-05 0.00026713242 4.729931e-05 1.6543763e-05 0.0011972463 9.817239e-05 0.0003307872 0.0026378229
0.6122829 0.0001349106 0.0006482521 0.000100762 0.099142216 1.7508859e-05 0.9784594 0.17104235 0.17230938 0.95115674 2.2054849e-14 0.64212155 0.13585785 0.006350533 1.4937122e-07 0.038087297 2.1154153e-06 0.00012456039 0.685687 0.108183 0.64495105 0.5317736 6.5472228e-09 9.012406e-07 0.11572855 0.043239497 0.029732546 0.94795954 0.27019033 0.4099156 0.15626292 0.0020450486 4.5594506e-06 0.69877946 4.3857867e-07 0.015237174 0.048848152 0.008458286 0.009680392 0.11223914 0.0006466872 5.400316e-06 0.00084506697 0.12818702 1.2442215e-05 3.9124012e-07 0.00074827205 0.00084952335 0.005125276 9.4124985e-08 7.0922404e-08 1.2413124e-06 7.495984e-05 0.063641734 0.019755552 0.01714461 0.00020180487 0.00036170444 7.4715285e-06 3.073907e-08 3.8392173e-07 2.788866e-05 0.0004624078 1.5656866e-05 1.6039749e-05 5.470639e-05 0.00022248006 0.0001213542 3.0180565e-06 5.671482e-06 0.00019420346 1.6516396e-05 7.430301e-06 1.559851e-10 6.618899e-05 6.6679404e-06 5.115323e-07 3.8898517e-05 3.188851e-07 1.8773991e-06 4.4881294e-06 2.2408909e-07 1.8217464e-05 1.2462877e-07 1.4533379e-08 0.00010536962 0.00014586216 1.5928137e-05 5.7359937e-08 0.00020824622 0.07260021 0.00037855923 1.5643942e-05 1.0557284e-05 8.508899e-05 8.123737e-06 9.44497e-06 0.0012098938 2.504935e-05 0.00039343123 0.0020967296
0.103802554 0.0005118098 0.0003779339 7.518601e-05 0.5247598 3.079714e-06 0.9659742 0.71821404 0.87536883 0.26420802 0.64212155 1.8553112e-17 0.9170931 0.00092589227 3.68227e-08 0.82918835 3.6128174e-07 0.00010136912 0.731747 0.7449701 0.08632126 0.1501067 8.9145455e-09 3.823289e-06 0.5289093 0.51789 0.4455012 0.14883731 0.18836959 0.05948746 0.025911042 0.00017389104 2.6281052e-07 0.07577621 1.2062186e-06 0.0024053843 0.0983289 0.0013026572 0.007253038 0.0108266575 0.00023994126 1.4528545e-06 7.986339e-05 0.012208848 9.210397e-06 4.775637e-07 0.00029347712 0.0003072975 0.031301595 5.690086e-08 1.3275593e-06 2.9346702e-06 5.4930828e-05 0.0013186405 0.00066774414 0.00043700243 6.7828514e-05 4.001871e-05 2.8236232e-06 5.5931896e-08 1.5761586e-07 2.676737e-05 3.5422167e-05 1.9442221e-05 9.316366e-07 7.8700985e-05 1.0604105e-05 1.0918742e-05 6.2008585e-06 2.2878132e-06 2.2503506e-05 8.9195255e-06 9.3093144e-07 4.1036366e-10 1.2434183e-05 6.9608177e-06 1.2721571e-06 5.227688e-05 7.641952e-08 4.0939e-06 2.8835528e-05 7.098158e-07 3.6512529e-06 3.9891763e-08 3.15756e-07 5.1847706e-05 6.1153687e-06 3.6698427e-06 2.5226632e-07 4.83629e-06 0.0083039915 2.0192512e-05 3.0082334e-05 2.589203e-06 8.8728164e-05 1.727077e-06 4.0971435e-07 0.00021118738 2.448694e-05 9.038542e-06 0.000373748
0.012994262 0.00065009145 0.00089748815 6.841372e-05 0.48541075 2.9875641e-06 0.56284505 0.5004359 0.92796904 0.09579845 0.13585785 0.9170931 9.028808e-15 0.00074250245 1.5030212e-06 0.9803045 4.2457614e-07 8.8681554e-05 0.0395148 0.25619683 0.054928526 0.009933085 1.757839e-07 7.862601e-06 0.06745003 0.020087121 0.027486542 0.025169186 0.0026095216 0.005765412 0.021188283 0.00020808858 6.0429034e-07 0.01093623 1.030858e-06 8.266227e-05 0.0015456039 0.00017158985 0.0005460517 0.0014235505 1.6047921e-05 2.4597707e-06 1.7570734e-05 0.001148637 6.8860427e-06 1.3086999e-06 1.2432915e-05 2.9890373e-06 0.00038857886 3.609064e-07 1.1812422e-06 2.2450847e-06 1.5376352e-05 0.00027000977 4.1038857e-05 1.3240981e-05 1.0827792e-05 1.5924461e-05 8.772598e-07 1.3850237e-07 4.424554e-07 7.5530143e-06 3.089302e-05 1.0872927e-05 7.34384e-08 1.3362927e-05 1.3890482e-06 1.6239e-06 2.3405557e-06 1.8985188e-06 4.0554627e-05 3.2404198e-06 3.2282696e-06 9.74523e-10 1.4343515e-06 1.417761e-06 0.00010234281 6.8368645e-05 4.4068564e-08 3.1869266e-07 0.00014051124 2.1191552e-06 3.8901726e-06 2.6246386e-07 9.9849835e-08 8.4356157e-07 7.2463386e-06 4.407485e-07 1.0598291e-07 1.1912485e-06 0.00073386915 4.266387e-06 3.578292e-05 2.7841425e-06 0.00042921343 1.7195811e-06 3.4599398e-07 0.0004239996 4.1363728e-05 1.0214093e-05 0.0004594804
0.5111112 0.28023165 0.9166246 0.73779017 0.38826174 0.81733143 0.010186463 0.01819658 0.003475482 0.058158025 0.006350533 0.00092589227 0.00074250245 2.998906e-15 0.047486864 0.00026026904 0.44196832 0.99363637 0.00020095122 0.00015282097 0.29682633 0.00063147146 0.0076952525 0.014663716 4.6626765e-06 1.244822e-05 1.0577703e-05 0.014860668 3.9320617e-05 0.00048700906 0.595153 0.72339994 0.08334382 0.017108202 0.0008188663 0.00012228417 3.336507e-06 8.9273584e-05 1.4793952e-05 0.0005647419 8.442603e-05 0.00094095385 0.00011863135 0.0049751825 0.13170695 0.003549357 8.165849e-05 1.4933868e-06 1.0065227e-05 0.00025233888 3.402192e-05 4.861434e-05 7.3028446e-06 0.009437403 0.0017822429 0.0024471467 0.05393841 2.163561e-05 1.5666687e-06 0.002364909 0.0056531234 2.617653e-06 0.050477587 0.01314128 3.6375508e-07 1.4242224e-06 5.9755675e-05 3.995914e-05 2.2140225e-06 2.7449307e-06 0.028877536 1.809655e-05 3.0569395e-06 4.6539225e-07 7.55764e-06 2.8401812e-06 6.2565145e-05 0.044666864 0.00013142619 2.0516325e-05 0.009082416 0.00289187 1.5040243e-05 7.416164e-06 3.630879e-07 5.7073776e-05 0.00039591614 1.7094671e-05 3.3342294e-06 0.0026786164 0.004888495 0.0035276094 0.0027257786 2.2268563e-05 0.005672654 0.00028661668 6.294728e-05 0.0015370211 0.004367072 0.00028260937 0.0028833826
0.0041627362 0.5027621 0.011220646 0.0046193553 0.00042129718 0.021742333 2.9337372e-07 7.754645e-06 1.4080057e-06 1.1264642e-05 1.4937122e-07 3.68227e-08 1.5030212e-06 0.047486864 4.344212e-17 3.4767247e-06 0.82258135 0.042872787 2.408057e-08 8.173562e-07 9.427506e-05 7.0040898e-09 0.9914482 0.87456614 4.689464e-08 2.594234e-07 3.0783792e-07 1.9430357e-05 8.472202e-09 1.7741647e-06 0.0005531179 0.0062458436 0.023564318 2.0624537e-05 0.024793206 2.5653625e-07 2.638492e-07 8.447772e-07 2.1576822e-07 1.8178615e-06 5.9411775e-07 0.012540405 3.51759e-06 1.4270988e-05 0.0049495515 0.0017228913 1.0215842e-06 1.11757e-07 3.6685933e-08 0.0011153364 0.00031357515 0.0005741358 1.525408e-06 2.0954581e-05 3.1798602e-06 1.7346974e-05 0.0015881172 2.2317874e-06 7.078851e-07 0.00022172368 0.0004475803 3.4077507e-07 0.00029302185 0.0019585344 9.19516e-08 6.969041e-06 1.7967763e-05 1.8867406e-05 2.4319922e-06 3.0043043e-06 4.8935013e-05 1.0423765e-05 1.758353e-06 1.5736557e-06 9.246282e-07 7.406155e-08 2.2596236e-05 0.00045723774 1.6095297e-05 2.4791467e-07 0.0013120685 0.0006237534 5.404695e-06 1.6117683e-06 1.3734343e-07 7.9613765e-06 1.672451e-05 4.0704964e-07 1.6440538e-07 4.851481e-05 2.8761815e-05 3.0261193e-05 0.0004949884 4.592155e-05 0.0021692265 2.7925467e-05 4.365798e-05 0.00026737532 0.00028777088 4.7949045e-05 0.00015054915
0.0069642244 0.0027404674 0.0009967654 0.000115001305 0.49800998 5.518167e-06 0.31175077 0.31806535 0.68107134 0.03684381 0.038087297 0.82918835 0.9803045 0.00026026904 3.4767247e-06 9.413861e-16 5.9713625e-07 5.3542113e-05 0.09147482 0.95815736 0.02535203 0.0057143182 8.1319104e-07 7.061755e-06 0.31771007 0.53638846 0.70291585 0.007894827 0.008249328 0.001937023 0.01108345 5.6798533e-05 1.7863583e-06 0.004234264 4.176608e-06 4.0536146e-05 0.005895379 9.238341e-05 0.00073177676 0.0002148501 1.3495184e-05 2.8998567e-05 2.0452602e-05 0.00036476023 5.6485205e-06 1.5411138e-06 1.5594072e-05 3.1387312e-06 0.008829906 1.3312488e-06 3.707663e-06 4.1376447e-06 5.764032e-06 6.956965e-05 2.0928677e-05 1.1735704e-05 1.01868445e-05 1.2392833e-05 2.9926014e-07 6.801169e-07 6.4277197e-07 7.6381593e-07 6.7007636e-06 2.961218e-06 7.851682e-08 2.645914e-06 2.9947212e-06 3.7028994e-06 1.0020016e-06 6.590624e-07 4.9244113e-06 3.5292328e-06 1.4621701e-06 1.0497713e-08 1.0198028e-06 2.9185705e-05 1.1474412e-05 1.7815342e-05 2.1878902e-08 2.235347e-06 1.6655684e-05 1.6342955e-06 1.0169368e-06 5.920038e-08 2.2333586e-08 5.44501e-07 5.8927844e-07 1.1763587e-08 1.0650119e-08 8.4083275e-08 0.00056156574 4.0887315e-07 1.0615801e-05 3.5450446e-07 0.00016736866 1.2121158e-06 1.7998776e-08 0.00016895408 1.3249083e-06 2.9985536e-06 0.00020113816
0.7099247 0.167681 0.12493179 0.3266267 0.0018480691 0.6192026 5.1508823e-07 6.134224e-06 4.5019547e-06 6.814654e-05 2.1154153e-06 3.6128174e-07 4.2457614e-07 0.44196832 0.82258135 5.9713625e-07 1.1392108e-17 0.72021997 1.5902113e-08 3.3807123e-07 0.00045276765 1.6129361e-07 0.7088027 0.9801486 2.885092e-08 7.454656e-07 7.7707347e-07 1.3263869e-05 1.2744605e-08 3.394422e-06 0.01897346 0.25090897 0.91493255 2.5405076e-05 0.58293486 6.364128e-08 2.9840575e-07 5.0308593e-08 1.5710397e-07 7.371307e-07 2.26692e-08 0.18312629 3.3476653e-08 3.9358147e-06 0.35976112 0.18767333 6.769374e-08 1.5926853e-08 4.532677e-07 0.04153586 0.029569022 0.013312374 2.9252256e-08 1.6583665e-05 8.166716e-06 4.6218097e-06 0.19343098 1.6606799e-07 1.7823855e-09 0.13430627 0.1356172 1.3260258e-06 0.012632917 0.108959585 7.3322715e-10 6.1576043e-06 1.2644973e-07 1.0873633e-07 4.2298623e-07 8.368442e-06 0.0015780667 4.117628e-08 1.04040065e-08 8.741056e-05 2.4436386e-07 6.883928e-08 4.453942e-06 0.09556093 0.00038217215 2.1935753e-06 0.0209961 0.0043140072 2.943797e-08 2.2232317e-07 1.6002538e-06 8.9981704e-08 5.561587e-07 4.4000533e-08 3.7557346e-08 3.38739e-05 0.00021767314 5.310453e-05 0.0037203967 7.73544e-08 0.003173526 2.4194506e-07 3.9160219e-07 5.9901224e-05 0.0032855875 2.1330754e-07 0.00021235128
0.8954828 0.08574952 0.50452644 0.47507393 0.076446205 0.6394577 0.0005634557 0.0013606258 0.00041299814 0.0016371423 0.00012456039 0.00010136912 8.8681554e-05 0.99363637 0.042872787 5.3542113e-05 0.72021997 2.5041223e-15 7.0548554e-06 5.4612533e-06 0.00573829 6.126276e-05 0.028743323 0.082971886 1.5023705e-06 1.8138317e-06 3.0407239e-06 0.00019788483 2.897793e-06 2.3974535e-05 0.34467244 0.8645138 0.2266681 0.00021542107 0.01074829 1.3192447e-06 5.236929e-07 6.6766734e-07 5.514892e-07 1.3432473e-05 2.1242195e-06 0.00817998 3.2112343e-06 0.00011233783 0.8303321 0.01576186 3.579293e-06 3.9673985e-08 3.9516053e-07 0.0009655304 0.00024090175 0.0006073036 8.029835e-08 0.00046318746 6.2706e-05 0.000203816 0.51533717 1.3349437e-07 7.518765e-09 0.07135814 0.06497061 2.682663e-07 0.14353427 0.121006146 4.9216617e-09 1.9061802e-06 9.42258e-07 9.5162466e-07 9.9998886e-08 1.5357185e-07 0.0951175 3.9054004e-07 2.1616252e-08 3.1372187e-05 3.9446487e-08 8.681559e-08 0.00071181427 0.33667213 0.0008166137 2.519588e-07 0.07331289 0.009066488 7.004665e-07 9.055698e-05 1.203201e-05 6.88619e-07 3.086481e-05 1.6627958e-07 1.7482078e-05 0.0019424155 0.004290209 0.0018916467 0.017570147 2.7656442e-06 0.027361784 6.222433e-06 1.7196968e-05 0.0009149753 0.02934651 5.5501e-05 0.0012533924
0.4104714 1.3911859e-05 2.4139146e-05 4.250759e-06 0.00042335072 8.274985e-08 0.14909802 0.00639855 0.012431487 0.15900968 0.685687 0.731747 0.0395148 0.00020095122 2.408057e-08 0.09147482 1.5902113e-08 7.0548554e-06 3.182356e-18 0.5761526 0.10128143 0.86322576 7.5126865e-09 2.3563214e-07 0.95372397 0.47472438 0.28728297 0.5081414 0.92436576 0.6173769 0.018119432 9.662789e-05 1.4475366e-08 0.42540628 6.8385305e-08 0.07273608 0.23955983 0.045881156 0.10440038 0.1263039 0.0023131045 1.0024045e-07 0.0006782897 0.11714329 6.4872273e-07 1.29912126e-08 0.0017659467 0.0070381667 0.040224012 7.133997e-09 6.573202e-08 3.6159818e-07 0.00021174278 0.017889507 0.010801091 0.0059936373 3.6376863e-05 0.00017605764 1.1666017e-05 8.68043e-09 3.8104353e-08 2.346202e-05 2.962163e-05 5.26613e-06 1.1848889e-06 1.4135524e-05 4.625392e-05 3.2814554e-05 2.8036314e-07 1.9302662e-07 1.8786073e-05 4.380447e-06 1.9616332e-06 5.555779e-10 3.3375538e-06 2.1184194e-06 8.085767e-07 3.3787917e-05 3.2314503e-07 1.5301981e-07 1.3662766e-05 1.0178634e-06 6.0144184e-06 5.0539896e-08 4.7161766e-08 5.495902e-05 2.8013761e-05 2.0990012e-06 2.1158844e-09 8.419101e-05 0.14089566 0.00022248153 1.7558805e-05 3.205005e-06 0.00014313425 9.160674e-06 2.6776702e-06 0.0020295898 1.2249666e-05 9.3746545e-05 0.0039442093
0.010770828 0.00016514797 0.00016869971 6.759134e-05 0.008174439 1.1794851e-06 0.13471915 0.017384944 0.044565666 0.046129633 0.108183 0.7449701 0.25619683 0.00015282097 8.173562e-07 0.95815736 3.3807123e-07 5.4612533e-06 0.5761526 7.7834334e-16 0.05053277 0.06342526 9.466945e-08 1.1565057e-05 0.77782667 0.95873815 0.9512248 0.051799398 0.16829284 0.035739087 0.0129675595 3.601658e-05 1.1761153e-06 0.04445141 7.180562e-07 0.0036512567 0.028443776 0.0012611351 0.015045803 0.009133555 0.00030513504 5.9401095e-06 0.00012113069 0.008431374 1.403332e-05 4.283743e-06 0.00017137987 0.00048822304 0.01982993 7.783121e-07 1.7421954e-06 3.4400953e-06 9.1545226e-05 0.0011742731 0.0003553185 6.385069e-05 2.5936724e-05 4.397887e-05 1.0299952e-06 3.175389e-07 5.442133e-07 2.9456045e-05 1.9287758e-05 1.1022528e-05 1.5419216e-07 8.843802e-06 6.3434054e-06 7.538363e-06 1.4298157e-06 1.265923e-06 1.5270725e-05 1.3503333e-05 1.9879615e-06 2.5233657e-09 4.9992104e-07 5.4649736e-06 0.00012725599 5.2024378e-05 5.0105097e-08 4.3632417e-07 9.590179e-05 6.4701585e-06 3.6347817e-06 2.0738773e-07 1.2495688e-07 2.6195935e-06 5.7922953e-06 3.8142187e-07 1.24771e-07 1.344836e-06 0.0038978027 3.957589e-06 2.7048125e-05 1.3586786e-06 0.0011684323 9.981295e-07 1.5537617e-07 0.0003655849 6.309128e-05 1.4615296e-05 0.0004365236
0.95205426 0.004253649 0.11840401 0.015578837 0.10174531 0.0028774615 0.20278318 0.04754554 0.045525897 0.9683649 0.64495105 0.08632126 0.054928526 0.29682633 9.427506e-05 0.02535203 0.00045276765 0.00573829 0.10128143 0.05053277 1.5642103e-13 0.08345444 3.5630344e-06 0.00012367667 0.015943604 0.01306149 0.011805301 0.65141344 0.04238563 0.074629515 0.96229124 0.16374563 0.00020742504 0.48418155 2.0349447e-05 0.010366862 0.004825827 0.003935123 0.008507756 0.09251615 0.0017669742 2.9873407e-05 0.0014758814 0.27892682 0.0046639224 3.5378718e-05 0.0023399421 0.0009286066 0.0007631323 2.4312271e-06 5.146893e-06 2.3440683e-05 0.00041281345 0.32086056 0.08034995 0.23623517 0.018623276 0.0004267789 6.415095e-06 3.3584545e-06 5.531015e-05 4.2075455e-05 0.045032226 0.0025519044 1.1275927e-05 1.5485133e-05 0.0013985095 0.00089011836 1.4751608e-06 4.359821e-06 0.055274677 0.00021941488 1.204504e-05 6.6747035e-08 1.2987539e-05 4.1678622e-06 2.0680689e-05 0.01937644 2.8991957e-05 5.8199674e-07 0.0013294118 5.0476727e-05 0.0001443941 2.1438095e-06 1.0705875e-06 8.986246e-05 0.0024048043 1.9566307e-05 1.4441e-07 0.0095850695 0.4225537 0.01912126 0.0011747177 0.000588865 0.000700361 0.002181898 0.0009696233 0.031176403 0.00024302352 0.00073470175 0.028004918
0.7717173 4.855323e-05 0.00011728728 8.768073e-05 0.0006975737 2.7901217e-07 0.05594344 0.0046432856 0.0076598767 0.06411377 0.5317736 0.1501067 0.009933085 0.00063147146 7.0040898e-09 0.0057143182 1.6129361e-07 6.126276e-05 0.86322576 0.06342526 0.08345444 5.553328e-15 8.7149316e-10 6.840731e-07 0.34539017 0.061648306 0.041486148 0.46817887 0.83958364 0.967262 0.04036265 0.0006487017 1.0664421e-06 0.35754225 1.7110385e-06 0.5260243 0.15823922 0.14506416 0.19579992 0.31636402 0.0545962 4.1407275e-06 0.09509127 0.2154622 8.131418e-06 5.2804573e-08 0.030258283 0.106265016 0.024698121 1.1688445e-07 6.1382184e-07 4.0140812e-06 0.01645071 0.07090099 0.039948933 0.048024163 0.00016581616 0.009654278 0.0005573144 2.965816e-08 1.1284995e-07 0.0013643985 0.00057398883 3.1180052e-06 0.00017450521 0.00024870693 0.002845548 0.0019802502 0.00012843056 3.4801833e-05 0.00046183515 0.0005060132 6.214863e-05 8.0028856e-10 0.0004344698 0.00010663466 2.1539118e-07 5.3722153e-05 3.8025146e-08 2.6257703e-05 3.8111807e-06 4.1429536e-07 0.00012698541 4.0335905e-08 4.918077e-09 0.0013445604 0.000977361 7.4061885e-05 2.1197467e-08 0.00078940514 0.15937546 0.0014913126 1.1192692e-05 7.973051e-05 4.0426847e-05 0.00035956607 7.221092e-05 0.010249505 1.1526652e-05 0.004161879 0.0197838
0.00667599 0.097189724 0.002629082 0.0013217811 8.4566156e-05 0.005649819 3.9276067e-08 2.3688458e-06 3.7555176e-07 5.2165e-08 6.5472228e-09 8.9145455e-09 1.757839e-07 0.0076952525 0.9914482 8.1319104e-07 0.7088027 0.028743323 7.5126865e-09 9.466945e-08 3.5630344e-06 8.7149316e-10 6.457323e-16 0.8689792 3.1633753e-08 7.342846e-08 2.586938e-07 2.0579612e-06 4.0660773e-09 1.8472716e-07 3.817487e-05 0.0020397147 0.20014781 7.878829e-06 0.72672385 1.7131653e-07 5.001544e-08 9.189637e-08 1.9972471e-07 8.1676035e-08 4.698572e-07 0.1528644 1.1271686e-06 2.740147e-06 0.008884562 0.046705104 3.7140595e-07 2.40033e-08 1.1000318e-07 0.028661534 0.02090548 0.07955354 2.751395e-07 1.2662775e-05 6.936831e-07 6.6618513e-06 0.003512317 3.2439475e-06 3.1832025e-07 0.0076792883 0.0062647546 3.4767496e-07 0.0002483116 0.0049042706 2.2677286e-08 1.9537397e-06 5.46365e-06 4.943459e-06 7.327023e-08 1.3895199e-06 6.10581e-05 1.3074331e-05 1.5103751e-06 0.0004620719 6.086086e-08 2.0816985e-07 4.7493486e-05 0.0032543328 0.000117877564 2.5569918e-07 0.0030991526 0.0013692233 2.969102e-06 2.0524399e-06 4.7358162e-07 3.5468307e-05 5.998955e-05 7.7040625e-08 1.6386613e-07 2.518476e-05 7.43831e-05 3.3899072e-05 0.0012276004 9.2659275e-06 0.0048979768 2.8292234e-05 1.2860025e-05 0.00039219737 0.00095946714 3.0201569e-05 0.00039495825
0.20555899 0.008516921 0.0013749757 0.0056241173 7.003803e-05 0.027585566 6.749007e-07 8.238009e-06 4.4920735e-06 6.6088296e-06 9.012406e-07 3.823289e-06 7.862601e-06 0.014663716 0.87456614 7.061755e-06 0.9801486 0.082971886 2.3563214e-07 1.1565057e-05 0.00012367667 6.840731e-07 0.8689792 9.188986e-16 3.1539938e-07 8.52741e-06 8.426671e-06 7.3550973e-06 7.481675e-08 2.600217e-06 0.00060721673 0.008534793 0.6454267 9.332573e-06 0.91831887 4.247187e-07 5.185695e-07 8.683874e-07 5.5369123e-06 4.5630372e-07 1.244812e-06 0.43953112 9.3318386e-07 2.056568e-06 0.0520534 0.17461814 2.7393944e-06 2.390636e-07 3.7083737e-06 0.093406364 0.098699726 0.11208954 1.6188005e-06 1.1208132e-06 2.875146e-06 1.5085621e-07 0.006676636 3.7393286e-07 2.8787595e-08 0.12321637 0.10244057 0.00014569852 0.00057056145 0.006418755 5.2106227e-08 8.9604444e-05 6.96699e-07 3.498789e-07 0.00019338491 0.00031881075 0.00017895656 1.6650633e-07 4.1275177e-07 0.001119817 1.1197768e-06 1.008187e-06 4.83912e-05 0.008207705 0.0006859736 1.0284822e-05 0.002313173 0.0043440997 4.4134703e-07 1.8221643e-06 4.4735898e-05 1.7401429e-06 1.8269695e-05 4.316435e-06 2.0076639e-06 1.5530832e-05 0.00022079542 3.379304e-05 0.0018758826 5.5794845e-07 0.0023527895 3.2584212e-06 5.6205404e-06 0.00026949705 0.0025882637 4.2772685e-06 0.00025412987
0.038096245 1.885951e-05 6.4584888e-06 1.6995002e-06 5.8496764e-05 3.7278227e-08 0.02483311 0.0016175252 0.010131921 0.015916804 0.11572855 0.5289093 0.06745003 4.6626765e-06 4.689464e-08 0.31771007 2.885092e-08 1.5023705e-06 0.95372397 0.77782667 0.015943604 0.34539017 3.1633753e-08 3.1539938e-07 1.6759303e-16 0.8477651 0.72078836 0.13947895 0.9478351 0.15533184 0.0015902238 7.341103e-06 8.453914e-09 0.112550765 4.971406e-07 0.24251251 0.8113919 0.009969695 0.62362534 0.05487749 0.0019056471 7.8304005e-08 0.0006062996 0.042506047 1.275212e-06 1.3774186e-08 0.0017512424 0.09068228 0.39984995 5.02265e-09 9.563629e-07 4.1936987e-06 0.00041574615 0.0039657652 0.0025531363 0.0022601108 2.799174e-06 0.00015447159 1.5995907e-05 1.936788e-09 1.295049e-08 0.00024583214 2.5870186e-06 1.2722498e-07 1.2197122e-06 2.5167856e-05 2.1580876e-05 1.623718e-05 2.6867672e-05 1.4181586e-06 1.8778353e-05 9.170719e-06 2.0077728e-06 6.835814e-09 9.610098e-06 5.7965757e-05 4.5395552e-07 8.687168e-06 2.1103395e-08 5.9603394e-06 1.3790545e-05 1.0581471e-06 2.468329e-06 1.6562664e-08 9.6539225e-08 5.383602e-05 9.063799e-06 8.940667e-07 8.775183e-09 7.7344375e-06 0.016129695 4.0990937e-05 5.2335367e-06 4.1207395e-06 5.4588686e-06 3.533899e-05 4.5811936e-07 0.0006792474 1.9936506e-07 1.0142593e-05 0.0013750143
0.0043290914 0.000117879135 2.9385728e-05 1.2690519e-05 0.00063924136 5.167222e-07 0.023381727 0.001708976 0.0040653585 0.019010343 0.043239497 0.51789 0.020087121 1.244822e-05 2.594234e-07 0.53638846 7.454656e-07 1.8138317e-06 0.47472438 0.95873815 0.01306149 0.061648306 7.342846e-08 8.52741e-06 0.8477651 1.1141049e-15 0.98533463 0.036806516 0.29554203 0.029475367 0.0032976263 1.0903789e-05 4.173005e-06 0.021860842 1.0123155e-06 0.007081752 0.14976618 0.0021111541 0.045867175 0.010768323 0.0007670908 6.9668677e-06 0.0010044314 0.008265569 8.272839e-06 2.0711568e-06 0.0008528072 0.0021736207 0.1633011 1.0457385e-06 9.933213e-06 7.868976e-06 0.00041407713 0.0009191006 0.00083483546 0.00013201473 1.3433486e-05 0.00023478999 8.944731e-06 1.3661053e-06 1.1799779e-06 0.00011481928 3.148293e-05 3.019709e-06 1.775656e-06 2.1323494e-05 3.453551e-05 2.826629e-05 6.3720236e-06 4.0821847e-06 2.7379308e-05 6.79938e-05 1.6372194e-05 4.185956e-09 5.630659e-06 1.35912005e-05 5.3493677e-05 8.582116e-05 1.5494356e-08 6.1362863e-07 7.225619e-05 4.3959476e-06 1.40369075e-05 2.549974e-07 1.2276611e-07 1.5311294e-05 2.64004e-05 1.0399742e-06 4.213707e-08 4.4587914e-06 0.0038798358 1.1155022e-05 2.1458562e-05 8.821168e-06 0.0005358608 7.3841657e-06 1.1900732e-06 0.0008402309 9.473575e-06 3.131503e-05 0.00068380387
0.0031080646 0.00018170019 5.7358226e-05 1.0362818e-05 0.0008095331 6.043284e-07 0.016657593 0.0019186444 0.004168113 0.01631487 0.029732546 0.4455012 0.027486542 1.0577703e-05 3.0783792e-07 0.70291585 7.7707347e-07 3.0407239e-06 0.28728297 0.9512248 0.011805301 0.041486148 2.586938e-07 8.426671e-06 0.72078836 0.98533463 1.9455682e-15 0.02746501 0.18437569 0.023408264 0.003795358 1.1124649e-05 3.5568453e-06 0.019078856 1.4368143e-06 0.0029712308 0.108404204 0.000998679 0.023957716 0.0068878694 0.0003391442 6.657348e-06 0.00027918 0.0059655574 5.224705e-06 2.2722404e-06 0.00054072373 0.0009615209 0.18895632 1.3473663e-06 9.533029e-06 8.497899e-06 0.00014066946 0.0008383171 0.0007162045 0.00016677867 1.8286602e-05 0.00013953137 6.5157087e-06 1.3149038e-06 1.0920144e-06 3.736541e-05 2.4051711e-05 2.931238e-06 8.0427907e-07 3.0811963e-05 2.4209301e-05 2.2291551e-05 2.7736608e-06 5.629843e-06 5.246202e-05 4.6256926e-05 1.8058723e-05 8.2678335e-09 7.4681943e-06 1.8021407e-05 7.593753e-05 5.0873445e-05 4.5966832e-08 7.3167337e-07 8.9267116e-05 4.418577e-06 1.3773182e-05 4.1593074e-07 8.240084e-08 1.2160807e-05 2.2291764e-05 6.9388886e-07 4.1700687e-08 5.5440405e-06 0.0033736725 9.952035e-06 4.151477e-05 4.5822576e-06 0.00050773117 9.758111e-06 9.4521005e-07 0.0009268106 9.3546005e-06 2.5634918e-05 0.00055905746
0.8972526 0.00079081085 0.0062686214 0.0018240839 0.0076131183 0.00039938663 0.17280303 0.018122645 0.016480342 0.6021041 0.94795954 0.14883731 0.025169186 0.014860668 1.9430357e-05 0.007894827 1.3263869e-05 0.00019788483 0.5081414 0.051799398 0.65141344 0.46817887 2.0579612e-06 7.3550973e-06 0.13947895 0.036806516 0.02746501 1.185218e-13 0.2411569 0.59875655 0.16172583 0.005065752 1.989275e-05 0.9561486 1.0584141e-05 0.048954926 0.06072037 0.04704665 0.039263655 0.50420845 0.01820958 8.215517e-06 0.023369448 0.60739917 7.477099e-05 5.257925e-06 0.012809866 0.014308262 0.0045314417 2.3199428e-07 3.5369387e-06 3.0147616e-05 0.003439615 0.49905834 0.15005307 0.2682751 0.0022261417 0.0039787893 0.0005142794 1.8271106e-07 2.8825148e-06 0.00023642393 0.005100004 0.00028391523 0.00013406794 0.00017381659 0.0016224915 0.0009003386 1.0007464e-05 1.3143341e-05 0.008832639 0.00033585395 7.836344e-05 9.801798e-08 9.95296e-05 1.7671478e-05 2.172841e-05 0.0013737653 3.7414688e-07 6.7118854e-06 0.00067059003 1.1641316e-06 0.00026065382 2.013099e-06 3.6856454e-05 0.00022707564 0.0013392495 9.3402705e-05 2.0697182e-07 0.0021476797 0.35860717 0.004726119 0.00015413873 0.000731813 0.0001470537 0.0024336744 0.0009041349 0.01832439 6.6808298e-06 0.00158313 0.027955994
0.5792491 3.3232739e-06 4.6778246e-06 1.3204228e-06 2.8758195e-05 3.0286007e-08 0.02000144 0.00043142235 0.0012795818 0.046254404 0.27019033 0.18836959 0.0026095216 3.9320617e-05 8.472202e-09 0.008249328 1.2744605e-08 2.897793e-06 0.92436576 0.16829284 0.04238563 0.83958364 4.0660773e-09 7.481675e-08 0.9478351 0.29554203 0.18437569 0.2411569 4.014999e-16 0.66310495 0.006142839 1.8731973e-05 2.085252e-08 0.27855495 8.171699e-09 0.71461535 0.57160366 0.30400935 0.7281903 0.29686022 0.041522574 4.8896077e-08 0.05610489 0.17544876 2.1434018e-07 8.668253e-09 0.041481838 0.42114916 0.28117937 5.8161493e-09 3.2325673e-08 1.1216124e-07 0.056615308 0.021027932 0.036765058 0.0108362585 7.796868e-06 0.010125309 0.00049938326 1.152864e-09 6.620875e-09 0.0091672605 7.471757e-06 6.4465473e-07 0.0001335515 0.00063412706 0.0014827767 0.00089732767 0.00022618024 5.760628e-05 1.2872442e-05 0.0001281653 7.4526884e-05 2.2335184e-10 0.00021996527 0.00020592097 1.6010101e-07 5.1140673e-06 1.9051595e-07 3.243473e-05 5.5177825e-06 3.1497646e-07 6.3701984e-05 4.5327417e-09 2.2857282e-08 0.00044119792 0.00016642435 5.471229e-05 4.1048812e-10 0.00026456165 0.10283865 0.00086719746 2.623216e-06 3.088292e-05 3.385911e-05 0.00014790277 1.5512922e-05 0.0064115 2.2755364e-06 0.0010324401 0.009076061
0.9102479 0.00020058342 0.00019115907 0.00025305076 0.00051606307 3.6229253e-06 0.03942888 0.0024119737 0.0040020314 0.030223796 0.4099156 0.05948746 0.005765412 0.00048700906 1.7741647e-06 0.001937023 3.394422e-06 2.3974535e-05 0.6173769 0.035739087 0.074629515 0.967262 1.8472716e-07 2.600217e-06 0.15533184 0.029475367 0.023408264 0.59875655 0.66310495 2.641219e-12 0.02270107 0.0005302121 3.2752196e-06 0.68913233 1.4269245e-05 0.5368598 0.119645156 0.5690468 0.22340563 0.87070763 0.20799823 7.656885e-06 0.35775155 0.6353581 1.8758574e-05 2.3732264e-07 0.09236055 0.13699105 0.014024744 1.3058542e-07 2.1839296e-06 1.8539004e-05 0.0551252 0.16505536 0.17052665 0.14097795 0.00039208465 0.030360194 0.0018150943 3.1079708e-08 4.1953047e-07 0.013838449 0.0010396261 1.4384412e-05 0.0004589984 0.0011686323 0.007685436 0.00433421 0.000536123 0.00022000323 0.0023546505 0.0014937501 0.00016289535 1.4006397e-08 0.0005141227 0.00017189367 1.8747011e-06 0.00031912499 3.070062e-07 8.152255e-05 5.282238e-05 9.978611e-07 0.0005757267 5.4090624e-08 1.3543533e-07 0.003208848 0.0016695323 0.00045841635 5.5460546e-08 0.0018027562 0.40068215 0.0038722253 8.921027e-05 0.000686457 6.901404e-05 0.0023366427 0.0006284223 0.04099732 2.114416e-05 0.0076006143 0.055381186
