4.753715e-21 0.8535193 0.94306743 0.8614677 0.92080486 0.9413856 0.9671148 0.95572186 0.94823366 0.96553314 0.5068221 0.98169595 0.24330819 0.93782365 0.9800373 0.31275246 0.40578428 0.99898416 0.9989023 0.9602577 0.9324259 0.6367632 0.934743 0.9526239 0.74392176 0.79382116 0.9569746 0.9160437 0.95543015 0.9970621 0.9917035 0.8159962 0.94604474 0.9577567 0.28221717 0.743033 0.8948576 0.8334746 0.9599077 0.96788675 0.9500917 0.49735644 0.5575275 0.9937677 0.11472622 0.86495614 0.8780491 0.8660672 0.82862866 0.8688987 0.9128357 0.9866265 0.117071085 0.87985986 0.7002764 0.2206232 0.33594307 0.45419693 0.07503631 0.9282514 0.99999386 0.8977874 0.05804791 0.6677022 0.1140726 0.9650727 0.5927971 0.20645864 0.07582733 0.19600339 0.52337855 0.47252002 0.36345586 0.01708836 0.0026815326 0.92723954 0.50759083 0.020006113 0.01941594 0.7376471 0.9999979 0.593135 0.10049112 0.0075740083 0.012758884 0.0038085033 0.0065334765 0.5761651 0.0089523485 0.0021686028 0.002623783 0.016528774 0.001329538 0.35758907 0.9997379 0.9961441 0.0006527115 0.00054782804 0.057005387 0.9643657 0.2044893
0.8535193 8.0956404e-19 0.8688567 0.97079796 0.8154651 0.8891589 0.22641736 0.13110514 0.91691726 0.09974823 0.6246215 0.06506684 0.54977906 0.02193673 0.006505796 0.005850234 0.00055125187 0.041605536 0.08926882 0.0011494072 0.0004561156 0.03863097 0.0008472357 0.00090442336 0.00011439957 0.008097748 0.01749299 0.00021133103 8.467122e-05 0.013883061 0.002252281 1.4560746e-05 0.0063691414 7.9756144e-05 0.21563952 0.020851431 1.2232284e-05 0.0004277728 0.0004483383 2.6787466e-05 3.0060726e-06 0.0003537524 0.14571771 2.4522484e-05 0.000318 1.14084305e-05 1.6936433e-06 5.0579874e-06 3.4602007e-07 1.6031973e-06 4.294537e-06 7.094899e-06 0.0011429793 1.2050273e-06 4.461809e-07 1.9469087e-05 3.419001e-07 3.4790878e-07 0.00018477975 1.5257937e-06 0.018365974 6.0693964e-07 3.1260367e-07 5.655244e-07 1.0963975e-07 3.8083724e-06 8.502802e-08 8.1904545e-07 0.015100024 7.621213e-07 3.2619731e-09 3.9266465e-07 4.0440362e-08 0.00031948765 0.0016324379 1.6844729e-06 1.0488907e-06 2.3108672e-05 1.3000755e-06 3.563082e-08 0.013161346 5.8169952e-08 2.0208424e-07 0.0007094429 8.491908e-07 3.79524e-08 4.9579223e-05 0.00046492027 2.8333663e-08 1.2254024e-05 1.1551946e-06 3.671024e-05 0.0012189123 1.7284776e-08 0.00028273877 0.00013740678 0.00012275646 0.00032961232 1.0695604e-07 8.25097e-07 0.000112694834
0.94306743 0.8688567 1.0306606e-17 0.4009411 0.9591973 0.60627306 0.93989414 0.405419 0.63677335 0.7620784 0.095460616 0.19226548 0.030584054 0.03507595 0.053122967 0.002579207 0.002480041 0.17603219 0.49479568 0.010290224 0.0024701941 0.004809918 0.045783278 0.007218563 0.0012656021 0.021854687 0.041023932 0.0011976088 0.00074987503 0.049098052 0.006762867 0.0001313708 0.08966833 0.00030302303 0.016812554 0.08724177 0.00087418983 0.0020518021 0.0013146079 0.0003814363 0.0005974701 0.00086186593 0.21658936 0.0007314722 6.165711e-05 6.9883914e-05 0.00029532483 0.00013483124 1.7334474e-05 0.00036096582 4.1387124e-05 0.00015470704 0.00092617446 3.3172466e-05 0.00024057459 0.00014859441 0.00014955306 3.3701544e-05 0.00044497196 4.082019e-05 0.078570396 1.0108071e-05 5.4215243e-06 7.884135e-06 3.0807391e-06 0.0002077515 1.0060711e-06 1.4204565e-05 0.007968929 1.7564249e-05 4.1733628e-08 2.0701675e-06 4.2811467e-07 0.00029795888 0.00022340685 0.00016186154 0.00010797615 7.191308e-05 8.379862e-06 2.1394317e-07 0.09768927 1.3272454e-06 5.6138115e-06 1.3454897e-05 1.2094565e-06 1.2250687e-08 4.917374e-05 0.0017779623 2.1841835e-08 1.1935791e-05 2.4623828e-06 8.989499e-06 0.00022699444 7.7052384e-08 0.0021462822 0.00074595894 2.5609823e-05 4.702279e-05 1.005698e-06 4.365492e-06 0.000109840024
0.8614677 0.97079796 0.4009411 1.1088637e-16 0.4634191 0.96024597 0.020977937 0.013771436 0.6384738 0.03361503 0.72797376 0.053097468 0.80014646 0.0342372 0.00035998996 0.018705862 0.0034031624 0.007879942 0.053238176 0.0030204842 0.0011217794 0.13820729 7.783692e-05 0.00014076514 0.00019367134 0.001038812 0.022008965 0.00060452736 0.00094617205 0.0015298822 0.00031137533 2.1013113e-05 0.0027568245 0.00042545292 0.74093604 0.010461346 1.4028482e-06 0.00014807185 1.6919457e-05 1.0549626e-05 5.9558704e-07 0.00015681486 0.35809207 0.00024638066 0.00073344307 0.00013671533 6.974775e-07 0.00011409254 3.68242e-05 1.13393575e-07 3.5103525e-07 9.943321e-05 0.00039076727 3.7004727e-05 4.7821565e-08 8.128147e-06 8.254319e-08 2.0790765e-08 8.622626e-05 4.7199813e-07 0.01653117 4.7609326e-08 2.8698852e-05 7.511194e-06 2.5972044e-05 4.1183408e-05 1.2001621e-08 1.2196674e-07 0.023176145 3.6019327e-07 3.6447542e-08 4.0643265e-08 5.413724e-09 0.00020629681 0.008580402 3.5709556e-05 4.2304233e-05 2.316116e-05 6.3218846e-07 1.0719063e-08 0.0029706315 7.6306384e-07 7.646242e-07 0.0012889304 2.2576214e-06 2.8329504e-08 5.3888925e-05 2.8608594e-05 3.0303458e-08 2.5119225e-05 1.9571821e-06 4.699536e-05 0.0055311574 1.7100567e-06 0.00035262958 1.5884889e-05 0.00016142403 0.00031346036 2.6518858e-06 1.4413654e-06 1.1695313e-05
0.92080486 0.8154651 0.9591973 0.4634191 9.995005e-16 0.8703897 0.3781656 0.060588982 0.10569882 0.913769 0.036362983 0.8896462 0.059171338 0.7173622 0.013554962 0.0640472 0.071161985 0.03906807 0.5027096 0.33608824 0.08367537 0.019041 0.0017716159 0.0012273961 0.011815742 0.0037502018 0.1318176 0.04852902 0.017902793 0.007998222 0.0018953928 0.0011558741 0.0019920478 0.0032328267 0.01763741 0.0048595155 7.591465e-05 0.0004747119 0.0006975182 4.0742598e-05 3.4670415e-05 0.00014844032 0.006953616 0.007480057 0.0002955595 0.0013603785 8.225158e-06 0.0033649052 0.0011965579 1.4704997e-05 1.1905018e-05 0.0016966632 0.00015347486 0.0008461056 5.913403e-06 2.0825444e-05 2.4926376e-06 2.299051e-06 2.2256609e-05 9.786546e-06 0.09991407 1.7029788e-06 0.00042406347 0.00044584894 0.00032940807 0.0021847985 4.0006648e-07 1.1005926e-06 0.00077482796 2.0999983e-06 2.7710765e-05 4.8825603e-07 1.5639719e-07 0.00010865418 5.629738e-05 0.0031876212 0.002975246 3.168631e-05 6.599986e-06 1.18042074e-07 0.04191944 0.0002548519 6.743446e-06 3.5905123e-05 5.7971038e-06 5.3875528e-08 2.5751136e-05 0.00065716583 5.31613e-08 4.0091118e-06 5.7559955e-06 1.4274581e-05 0.000113249895 7.095066e-05 0.0073196036 0.00036826343 7.503412e-06 2.5858457e-05 4.0089526e-05 0.00049721135 5.1070903e-05
0.9413856 0.8891589 0.60627306 0.96024597 0.8703897 5.831325e-16 0.016623402 0.008440646 0.5170856 0.1076371 0.5707142 0.5053304 0.8474689 0.7984463 0.00013432224 0.59749407 0.14745544 0.011902198 0.15239133 0.04322699 0.02523581 0.78289396 2.0193504e-06 1.8595039e-06 0.0103072 0.00027537675 0.28699324 0.004242771 0.006880782 0.0010255503 0.00013723667 0.00014717801 0.00016716751 0.0029536805 0.7130336 0.0024397399 3.0630284e-07 1.4326557e-05 2.6607117e-06 4.5186353e-06 1.970343e-07 7.5088806e-06 0.1004624 0.0022296126 0.026389407 0.00028797975 2.0303175e-07 0.0003140528 0.00017011074 1.5484195e-08 1.6534408e-07 0.0007065285 6.43678e-05 0.00028031197 3.4320703e-08 1.1346243e-06 1.3544171e-08 2.4235206e-08 1.0943913e-06 1.5069386e-07 0.11026087 8.320201e-08 8.990232e-05 4.553808e-05 1.5517891e-05 0.0001796455 5.840963e-09 5.9024835e-08 0.0023363822 7.403783e-08 5.878855e-08 6.103046e-08 6.227428e-09 6.93786e-06 0.005078128 0.0004766246 0.00015035963 3.7267432e-07 2.1429808e-07 1.1563176e-08 0.005169778 1.26598525e-05 3.0894967e-07 0.0030338895 3.4125088e-07 3.6322885e-09 3.6937754e-06 6.343851e-05 4.536132e-09 1.0991253e-06 2.9893067e-07 0.00060523226 0.004424154 7.603391e-05 0.001228832 1.0454579e-05 8.167894e-06 1.6022917e-05 5.470214e-06 0.000105666375 2.7162718e-05
0.9671148 0.22641736 0.93989414 0.020977937 0.3781656 0.016623402 2.7215458e-18 0.9709412 0.14142275 0.6468967 0.0030461126 0.15408418 0.001519691 0.012359891 0.7253895 0.0008310555 0.0003524956 0.7995005 0.34527558 0.020360135 0.004177497 0.00022402384 0.112187296 0.11201121 6.208922e-05 0.14688098 0.053712208 0.0020954853 0.00059753505 0.31000748 0.10324132 9.530083e-06 0.09462777 0.0011346969 5.2008505e-05 0.085884295 0.0115236845 0.0077006957 0.034543693 0.006330054 0.0088945525 0.002101601 0.0220827 0.0017755452 2.1250623e-06 0.0002476412 0.00224854 0.00022106091 9.871927e-05 0.0041639693 0.0005517862 0.00075071084 0.003558698 0.00022054983 0.0009551931 0.00031280934 0.00056747184 0.0002806 0.0017297994 0.00045571255 0.11087022 0.00033302762 2.3597836e-06 1.0631931e-05 5.299449e-07 0.0007553032 1.4992297e-05 0.00023250605 0.00424912 0.00013195367 2.092598e-09 8.246298e-05 2.8339448e-06 0.0010858696 1.8629944e-05 0.000490086 0.00026261873 0.0005898362 4.5634722e-05 1.4413688e-05 0.37959146 2.3922453e-06 1.2816218e-05 3.3935253e-06 5.481261e-07 2.5465084e-07 0.0001074417 0.0065172804 4.4209244e-08 8.31277e-06 5.1831607e-06 1.3740632e-07 2.280195e-05 4.473455e-08 0.0035112137 0.001885051 2.6532609e-05 2.6368141e-05 1.5935056e-08 4.807097e-05 0.000926823
0.95572186 0.13110514 0.405419 0.013771436 0.060588982 0.008440646 0.9709412 1.0785795e-16 0.30370876 0.068901114 0.009015635 0.022215704 0.0025354743 0.005163621 0.8297931 0.00058010686 0.00016942444 0.658929 0.06938245 0.0025914744 0.0009871067 0.0003489747 0.85081685 0.58826315 1.6657179e-05 0.41044655 0.0201429 0.00029345026 8.826424e-05 0.27109832 0.142003 8.857848e-06 0.7219967 8.3291925e-05 0.0008031815 0.5311128 0.14430963 0.1203055 0.051911116 0.1013215 0.1434477 0.09171817 0.1707531 0.00046615812 2.427381e-06 1.4430909e-05 0.05836148 7.130651e-05 4.5639495e-06 0.0561065 0.0047098664 0.00012514908 0.09229517 1.2129408e-05 0.011679571 0.015609458 0.017625034 0.0032582474 0.06795011 0.0027072746 0.04588896 0.00068637315 9.564262e-08 1.8295699e-06 1.6957775e-07 0.00022271632 0.0014330649 0.00066668564 0.037575357 0.0047346745 1.6350161e-09 0.0002611365 8.195026e-05 0.029287323 0.00022705119 8.972263e-05 9.640692e-06 0.0120626865 0.0006051368 8.994177e-05 0.082050785 1.0600495e-07 0.0010776515 9.739518e-06 0.00012218823 1.235027e-06 0.008241366 0.003525343 8.6432743e-07 0.0014196242 0.00020662662 3.3631935e-07 0.000121973666 7.2035387e-09 0.00064636156 0.0033774565 0.0009053665 0.0006805793 1.1947864e-07 3.0626632e-07 0.000524605
0.94823366 0.91691726 0.63677335 0.6384738 0.10569882 0.5170856 0.14142275 0.30370876 3.0816993e-14 0.03689973 0.94225854 0.027933516 0.27451572 0.008286706 0.022195462 0.0033491827 0.0005932832 0.23131496 0.0682483 0.0031750728 0.0015373266 0.013679782 0.0066673146 0.011419818 2.6072577e-05 0.03446748 0.021554034 0.00041118695 0.00013212266 0.067640655 0.013653025 1.0715328e-05 0.11372242 0.00053229363 0.53326124 0.71973264 0.00034571745 0.0050227633 0.0011793593 0.001434712 0.00024552076 0.0067294086 0.9099156 9.475188e-05 0.000116123556 6.6329405e-05 0.0002661679 5.32352e-05 9.578768e-06 1.6870332e-05 7.423265e-05 8.719741e-05 0.05462141 2.7307286e-05 3.8834855e-06 0.00037033888 3.8184407e-05 2.7453655e-06 0.01057435 8.304899e-05 0.02608621 3.9259354e-05 1.7732741e-07 1.1004951e-06 4.0366248e-07 0.000104779596 6.499761e-07 1.3041593e-05 0.43030548 2.6638078e-05 2.4189242e-09 2.3125285e-06 4.8219135e-07 0.016840603 0.12066849 0.00013220243 2.4893341e-05 0.0007661761 1.1425307e-05 3.6504734e-06 0.010891377 3.304317e-07 7.0956135e-05 0.0035011743 7.823727e-06 1.5554933e-07 0.0036989383 0.00048908166 1.6542435e-07 0.00011502005 1.7895069e-05 6.573744e-05 0.041924726 1.6363158e-05 0.00059454265 0.00030702303 0.007669467 0.0116587505 2.8647646e-06 1.8270723e-05 0.00020178585
0.96553314 0.09974823 0.7620784 0.03361503 0.913769 0.1076371 0.6468967 0.068901114 0.03689973 2.2949495e-16 0.005270635 0.80631196 0.008295487 0.077417165 0.025499068 0.0027630255 0.0009667065 0.061454553 0.9743565 0.077284664 0.009455777 0.0019047322 0.008431543 0.0030038601 0.001887583 0.005582051 0.09379422 0.0059341504 0.0020538871 0.010728665 0.0022622922 0.00017666852 0.0038586576 0.0007397346 0.0022886929 0.0026992338 0.00021293267 0.0004204852 0.0016050263 0.0001282037 0.00011672378 0.00013208638 0.0036025995 0.0016817132 0.00013982321 0.0003632024 4.0501753e-05 0.000495186 0.00021950383 0.00010566728 4.1238512e-05 0.0008024007 0.0002688453 0.00043391518 5.6880657e-05 1.47647615e-05 5.596706e-06 4.5468587e-06 6.492222e-05 3.0275336e-05 0.13141975 8.22192e-06 8.589952e-05 4.8547856e-05 4.0359037e-06 0.00061942125 9.785915e-07 5.6392573e-06 0.0012458933 1.5287891e-05 2.1203789e-07 1.4408377e-06 4.4064475e-07 0.00022177462 5.1211562e-05 0.00039968878 0.00035399746 0.0001789458 1.9675623e-05 2.1008265e-07 0.20440653 2.0721021e-05 3.4176533e-06 5.1063307e-05 5.1041907e-06 1.1031225e-07 5.476021e-05 0.0011001348 4.253686e-08 4.059003e-05 1.6176931e-05 2.342953e-05 0.00021693596 4.699834e-06 0.003926521 0.0003253022 2.4363579e-05 4.018082e-05 3.076089e-06 4.277976e-05 0.00017967085
0.5068221 0.6246215 0.095460616 0.72797376 0.036362983 0.5707142 0.0030461126 0.009015635 0.94225854 0.005270635 2.8823022e-16 0.005958626 0.9813427 0.007417558 0.00032540923 0.003917705 0.00083202735 0.00263215 0.008696622 0.00037695697 0.00032285872 0.15482555 0.0001711628 0.00025658656 5.7624136e-05 0.0012956107 0.002836941 0.00018400743 0.00032363523 0.0017471005 0.00019858319 3.6829395e-05 0.0027796787 0.00029835553 0.8891321 0.014653921 4.7752064e-06 0.00025894376 4.0516938e-05 0.0001049418 2.742314e-06 0.000357858 0.49284983 4.047349e-05 0.0016733028 3.7122216e-05 4.591658e-06 3.065226e-05 9.057949e-06 5.82652e-07 5.0273347e-06 3.4829358e-05 0.0015423652 3.0271669e-05 1.081894e-06 2.5592952e-05 1.5432022e-06 1.7341541e-06 0.0003108801 6.7341916e-06 0.004384675 1.32104e-06 5.8043724e-06 3.2565354e-06 2.3771658e-05 2.959805e-05 3.3035198e-07 6.3884704e-06 0.086040504 7.2354896e-06 3.570722e-08 1.2429234e-06 3.1212437e-07 0.00070258236 0.101430684 5.019198e-05 3.3703407e-05 0.00016903612 6.7971264e-06 1.8239065e-06 0.00081269647 9.0900573e-07 1.5783415e-05 0.0644206 1.4335263e-05 3.9461185e-07 0.00030690682 0.00022284762 2.1343433e-07 4.7949594e-05 8.743136e-06 0.0001978737 0.058882702 7.3261012e-06 0.00041869775 6.746762e-05 0.0012246607 0.0035131162 4.9497044e-06 1.0206644e-05 0.00023881694
0.98169595 0.06506684 0.19226548 0.053097468 0.8896462 0.5053304 0.15408418 0.022215704 0.027933516 0.80631196 0.005958626 2.330626e-17 0.021278404 0.85687536 0.0041859355 0.07729875 0.11152809 0.023764769 0.62709266 0.9086626 0.46564293 0.030396681 0.0005110163 7.464574e-05 0.07630517 0.0017115586 0.7905114 0.1793401 0.108983696 0.004840104 0.0011199244 0.0069424044 0.0007862466 0.012975649 0.0026830689 0.002240555 3.754412e-05 0.0007252923 0.00016056439 2.19229e-05 1.4616035e-05 0.00019290895 0.0019936396 0.012163784 0.0014615777 0.00231866 1.3678634e-05 0.0035631824 0.0020256692 5.91064e-06 2.0609523e-06 0.0034534398 0.000208114 0.0024933117 1.3445232e-06 1.4698198e-05 5.167064e-07 2.3298978e-07 2.0193494e-05 1.0387327e-05 0.50353193 7.021513e-07 0.0012911725 0.00064764684 0.00015065285 0.0030368378 2.5527135e-07 5.1215665e-07 0.0046024285 3.63543e-06 1.599713e-05 2.3692478e-06 7.528541e-08 2.186934e-05 5.4630953e-05 0.002975474 0.0011683811 3.2391607e-05 7.2037244e-07 2.4757218e-08 0.085032195 0.00025641068 2.3325335e-06 5.900151e-05 9.947304e-07 4.2538226e-09 2.6236628e-05 0.00057226926 5.672712e-09 1.842748e-05 3.6256765e-06 3.3445016e-05 0.00011388556 0.00011308596 0.017599538 0.00014840112 1.7708685e-06 2.7228061e-06 4.5923876e-05 0.00076087046 4.292509e-05
0.24330819 0.54977906 0.030584054 0.80014646 0.059171338 0.8474689 0.001519691 0.0025354743 0.27451572 0.008295487 0.9813427 0.021278404 1.05752824e-16 0.064560555 8.384575e-05 0.08803462 0.01775989 0.0005519131 0.0065456284 0.002010025 0.00079621625 0.91147166 1.0564738e-05 1.2088563e-05 0.0009940823 0.0002406611 0.008393183 0.0002680923 0.0014773776 0.00023898257 4.002497e-05 0.00014144363 0.00027890244 0.0006475286 0.9136468 0.0033746008 3.4643972e-07 6.072552e-05 1.3223364e-05 1.1256512e-05 3.434534e-07 0.00015142593 0.062050924 0.00039853135 0.07583499 0.000102167665 5.9835105e-07 8.0347796e-05 0.00020547214 1.505416e-07 1.0692702e-06 0.00030639445 0.0006728607 0.00014600634 1.6807815e-07 3.440934e-05 3.585246e-07 4.433513e-07 0.00013147006 6.0001817e-06 0.0039422126 2.2748627e-07 7.40114e-05 2.2549393e-05 0.00016785589 3.0289923e-05 1.7469343e-07 6.9758323e-07 0.014055005 2.8080558e-06 1.711135e-06 9.758143e-07 5.992793e-08 0.00046963192 0.023800872 6.813979e-05 4.3527438e-05 5.0603103e-05 4.0875525e-06 1.763047e-07 0.00032294 1.18714825e-05 5.003286e-06 0.42099985 2.8672563e-05 7.7054e-08 7.68468e-05 5.226013e-05 2.7046896e-08 6.0970404e-05 3.8671096e-06 0.007803534 0.023999924 0.0002483412 0.00043004332 2.065599e-05 0.0005455346 0.001262602 2.1527436e-05 4.0629147e-05 6.5508895e-05
0.93782365 0.02193673 0.03507595 0.0342372 0.7173622 0.7984463 0.012359891 0.005163621 0.008286706 0.077417165 0.007417558 0.85687536 0.064560555 8.5304205e-15 8.9980545e-05 0.81593496 0.7884658 0.0055041974 0.064315446 0.6258142 0.69984245 0.4893468 3.930045e-05 1.5934367e-05 0.90530246 0.00041897834 0.7530078 0.44869122 0.82124555 0.0009540896 3.260182e-05 0.5850905 0.00014520691 0.15934062 0.014439018 0.00047769156 1.3317095e-06 4.2112988e-05 6.981074e-06 9.159129e-06 2.121209e-06 8.5067986e-05 0.0014482307 0.039593525 0.049620014 0.008095104 2.863205e-06 0.006217949 0.012413888 6.4334347e-07 9.485223e-07 0.015017161 7.658671e-05 0.004796739 2.2736633e-07 3.5879555e-05 5.9749397e-07 1.7986612e-06 3.0080842e-05 2.799601e-06 0.37597135 2.7506474e-07 0.032362856 0.0020993017 0.0023732223 0.0009687868 1.0511097e-06 1.7375842e-06 0.0020580476 1.7082564e-05 0.00021910916 3.4731854e-06 1.9833023e-07 7.399791e-05 8.5181644e-05 0.0014528247 0.0003235933 0.00010795082 9.440404e-06 1.2391271e-07 0.007005538 0.000110928406 6.179132e-05 0.0008351847 2.2820703e-05 7.781151e-08 1.6750784e-05 3.8101145e-05 4.3111477e-08 2.8582956e-05 1.5265847e-05 0.0032277468 0.0003867088 0.00022813534 0.0029325276 1.3275258e-05 6.627278e-06 1.609456e-05 0.0002422765 0.0004534934 1.556544e-05
0.9800373 0.006505796 0.053122967 0.00035998996 0.013554962 0.00013432224 0.7253895 0.8297931 0.022195462 0.025499068 0.00032540923 0.0041859355 8.384575e-05 8.9980545e-05 2.727006e-15 2.7900323e-06 9.344271e-07 0.8772358 0.023720851 0.00091372005 0.00013410502 6.821687e-06 0.7217341 0.9124787 4.4689823e-06 0.17740229 0.0037628266 3.3365977e-05 1.5929693e-06 0.80397713 0.61604106 5.8114927e-07 0.060069993 1.633545e-05 4.5055473e-05 0.012369337 0.26197854 0.09328123 0.40837157 0.36983663 0.2895836 0.020480411 0.0007255497 2.650211e-05 2.2055992e-06 2.8443203e-06 0.07401848 4.2508727e-06 4.1749135e-07 0.21750693 0.13383351 7.861318e-06 0.0036044056 1.6858389e-06 0.0890684 0.011235252 0.040712398 0.035651453 0.007315172 0.048876468 0.018701974 0.012763484 2.3359294e-07 2.438531e-07 3.7202504e-08 3.177752e-05 0.0077161673 0.0069519286 0.0046907915 0.013004037 1.2611049e-09 0.0012452946 0.00027985362 0.0032560173 4.3211135e-06 5.559262e-06 7.952613e-06 0.0049121417 0.0037283527 0.00030673272 0.44406423 1.2403886e-07 0.0041765687 6.870913e-05 0.00024400098 6.163165e-05 0.00043604258 0.006940041 1.2192988e-05 0.0005713695 0.00028664622 3.1904372e-06 1.3985369e-05 3.83255e-08 0.00020670683 0.004551505 7.538992e-05 4.0374372e-05 4.384252e-07 8.584017e-08 0.0007395332
0.31275246 0.005850234 0.002579207 0.018705862 0.0640472 0.59749407 0.0008310555 0.00058010686 0.0033491827 0.0027630255 0.003917705 0.07729875 0.08803462 0.81593496 2.7900323e-06 2.0135457e-16 0.9971646 0.00016266917 0.009021362 0.033583205 0.03912482 0.5107362 2.7343035e-07 8.244988e-08 0.39665166 6.491739e-05 0.08743014 0.014021976 0.16134854 7.759775e-05 2.9892255e-06 0.02436613 1.3563141e-05 0.014073394 0.028030477 0.00013472699 3.146204e-07 2.3382589e-05 7.683767e-08 1.7980514e-07 1.0956366e-07 4.5322966e-05 0.0013980349 0.002908978 0.17989323 0.0013778971 7.635071e-07 0.0006835652 0.0016361771 1.2663614e-06 3.8272173e-08 0.0026784786 4.219343e-05 0.0017266119 5.7682005e-06 2.8723824e-05 1.0163367e-06 2.915211e-06 3.0420524e-06 3.2738535e-07 0.023927145 1.7717238e-07 0.00033572761 0.00042056481 0.00016357642 0.00028321485 2.0032466e-07 3.3117718e-07 0.0016422996 1.7906574e-05 4.7389e-06 1.3411277e-05 6.1577833e-07 8.875165e-06 6.288758e-05 0.00068025314 0.00024397817 2.6041713e-05 3.3002707e-05 9.938016e-08 0.00096652727 5.2405114e-05 3.2066987e-06 0.001954804 3.1040032e-05 6.221291e-07 1.9610843e-05 2.5000329e-05 3.0338288e-07 3.6096735e-05 6.648123e-06 0.0043928092 0.00014111151 6.134677e-05 0.0007902926 5.0919875e-06 5.365168e-06 7.892222e-06 5.278803e-05 0.0005793221 3.60144e-06
0.40578428 0.00055125187 0.002480041 0.0034031624 0.071161985 0.14745544 0.0003524956 0.00016942444 0.0005932832 0.0009667065 0.00083202735 0.11152809 0.01775989 0.7884658 9.344271e-07 0.9971646 1.2917373e-17 0.000211788 0.004903188 0.07895826 0.10945568 0.40444723 7.175281e-08 4.828181e-09 0.9091376 3.6061792e-06 0.12167401 0.07172925 0.40910187 5.6503985e-05 1.4993961e-06 0.12950659 4.6922625e-07 0.045336314 0.025494665 6.311387e-06 2.850771e-09 2.48248e-07 2.9284677e-09 3.110064e-08 1.0637493e-08 7.606589e-07 0.00011712365 0.006419273 0.20361471 0.0036045222 7.994834e-09 0.0022142488 0.018854931 2.8040336e-08 2.9450589e-09 0.004599642 9.836498e-07 0.0025404808 1.5708785e-08 2.1650699e-07 1.3031061e-09 8.7966665e-09 1.6558172e-07 1.8256038e-07 0.048392475 2.3546669e-08 0.023319392 0.0008799412 0.00066966825 0.0005225423 2.1283832e-09 8.901496e-09 0.00029474095 8.817887e-08 1.2243896e-05 5.1413e-08 1.0861786e-09 8.6662396e-08 8.02825e-06 0.0010065746 0.00057712 1.0858323e-06 7.879136e-08 1.3520083e-09 0.000639801 0.0001318695 5.2367263e-08 0.0016596987 1.3810642e-07 4.0824895e-09 2.2757327e-07 3.309532e-06 3.588403e-09 3.190384e-07 7.942206e-08 0.006781726 2.6338837e-05 5.616653e-05 0.0019901157 8.563295e-07 2.2264517e-06 1.619897e-06 0.00017638518 0.00047839017 7.645002e-07
0.99898416 0.041605536 0.17603219 0.007879942 0.03906807 0.011902198 0.7995005 0.658929 0.23131496 0.061454553 0.00263215 0.023764769 0.0005519131 0.0055041974 0.8772358 0.00016266917 0.000211788 1.2867757e-16 0.050299507 0.0020333985 0.0009316603 0.00042577155 0.5769833 0.34430373 0.00016189365 0.2006436 0.003002324 0.00031140028 0.00048500238 0.3631137 0.11202921 3.0549272e-05 0.5155828 7.239193e-05 0.00031850382 0.15068218 0.1337452 0.1613256 0.019911835 0.15417992 0.14623179 0.042884912 0.022718836 0.0007450596 7.541606e-06 6.914573e-05 0.054043528 7.512079e-05 2.340963e-05 0.068502545 0.012766194 0.00017184255 0.007137547 3.059759e-05 0.01681993 0.007522428 0.018400647 0.006833948 0.0042310106 0.0079164505 0.07187244 0.0020858857 6.4154137e-06 1.4070687e-06 2.9173666e-06 0.00036283696 0.001617617 0.00013710416 0.0041962876 0.0034197369 9.360151e-08 0.00047909532 0.00012050125 0.002574431 3.9321065e-05 7.277041e-05 5.180431e-05 0.0012785955 0.00027820087 3.5752662e-05 0.825363 2.0071027e-06 0.0029441256 7.847113e-05 9.85494e-05 5.158111e-06 0.00053233525 0.00014280702 5.2792993e-06 8.6518674e-05 4.9045182e-05 1.2952096e-06 6.2211664e-05 1.1699257e-08 0.001101313 0.00014220265 4.5636207e-05 3.6023554e-05 7.152465e-07 6.0279353e-06 1.1929669e-05
0.9989023 0.08926882 0.49479568 0.053238176 0.5027096 0.15239133 0.34527558 0.06938245 0.0682483 0.9743565 0.008696622 0.62709266 0.0065456284 0.064315446 0.023720851 0.009021362 0.004903188 0.050299507 6.1458356e-19 0.07107577 0.008780194 0.0022336093 0.018288052 0.0030982555 0.009369038 0.0039926027 0.109295525 0.0041703773 0.006518807 0.0038350183 0.0012455132 0.0007597824 0.009345278 0.00036763618 0.0033255648 0.004394567 0.0003803409 0.0012250486 0.00031165968 0.00018048832 0.00022390146 0.00047041345 0.00412083 0.0016130079 6.223956e-05 0.00046741436 0.00016687618 0.00030418177 0.000118866454 0.00012056251 6.3294676e-05 0.00043214415 0.0004344684 0.0002729014 4.9167273e-05 0.0001163579 2.8184888e-05 1.1395818e-05 0.00012408863 5.0372477e-05 0.3664121 6.3028647e-06 0.000113161266 1.0436289e-05 7.589644e-06 0.00044291606 4.786215e-07 4.3939444e-06 0.0037015527 7.957915e-06 8.047847e-09 6.5222484e-06 3.738027e-07 0.0001796707 0.00024388556 0.00014987586 0.000109307395 2.4743425e-05 1.4532681e-05 1.7932779e-08 0.5615193 5.3983226e-06 8.2608284e-07 1.7102662e-05 3.2359696e-06 3.631701e-08 0.00013579249 0.0006583902 9.425105e-09 9.062424e-06 6.34621e-07 1.0097502e-05 0.00036632395 2.7580498e-07 0.0028611473 0.00040985877 4.650212e-06 8.202364e-06 1.4167421e-06 7.290284e-06 1.7177428e-05
0.9602577 0.0011494072 0.010290224 0.0030204842 0.33608824 0.04322699 0.020360135 0.0025914744 0.0031750728 0.077284664 0.00037695697 0.9086626 0.002010025 0.6258142 0.00091372005 0.033583205 0.07895826 0.0020333985 0.07107577 1.2653336e-16 0.9628887 0.010358438 6.3244115e-05 4.541697e-06 0.15599069 0.00037569835 0.89794195 0.34929025 0.2203452 0.0010591563 0.0003722801 0.027685443 0.00014210302 0.047288835 0.0002992412 0.00038307984 1.3772874e-06 7.2436604e-05 3.6248905e-05 4.088383e-06 1.3891464e-06 5.5377925e-05 0.0010541354 0.02664369 0.001786866 0.0066379867 1.0410487e-06 0.025598435 0.009400556 1.089363e-06 1.1020054e-06 0.0031815728 5.158694e-05 0.0036209773 1.0728484e-06 6.62566e-06 3.472452e-07 3.6077597e-07 1.8701987e-05 2.1144594e-06 0.6023469 1.2458712e-06 0.0018600767 0.0013816676 0.00033761555 0.0034804472 1.3210747e-07 7.458575e-07 0.004543727 3.7403042e-06 5.4089312e-05 1.5788432e-06 1.18293045e-07 3.613993e-05 8.802445e-06 0.0017929747 0.003639746 0.00011169004 4.19122e-06 2.0519563e-08 0.07766119 0.00030055654 5.90209e-06 4.1536867e-05 4.5478387e-06 3.123833e-08 9.836183e-06 0.00042844928 5.7756584e-08 2.0304278e-05 5.890641e-06 0.00016038732 5.853086e-05 0.00016392468 0.018270185 6.226693e-05 5.394407e-06 6.093445e-06 0.00030673388 0.0005930799 3.6671998e-05
0.9324259 0.0004561156 0.0024701941 0.0011217794 0.08367537 0.02523581 0.004177497 0.0009871067 0.0015373266 0.009455777 0.00032285872 0.46564293 0.00079621625 0.69984245 0.00013410502 0.03912482 0.10945568 0.0009316603 0.008780194 0.9628887 2.5158594e-16 0.013082322 6.409304e-06 1.932612e-06 0.42989746 9.701431e-05 0.46402633 0.94629544 0.52621776 0.00041725716 7.487875e-05 0.13478398 7.1338276e-05 0.2501162 0.00023712598 0.0001472895 1.4708405e-07 2.044562e-05 1.514582e-05 1.3493375e-06 8.638251e-08 6.4307083e-06 0.00021908453 0.10161544 0.002099701 0.017629623 1.2983465e-07 0.066858664 0.025171885 6.91575e-08 2.450154e-07 0.012632747 5.583799e-06 0.010436574 1.318683e-07 2.4652636e-06 2.0688874e-07 1.3405929e-07 5.598246e-07 4.2960264e-07 0.37623164 1.483955e-07 0.0070432257 0.0035274616 0.002267421 0.0035733657 2.580636e-08 7.874854e-08 0.00077049015 6.193415e-07 0.00032327865 3.0036293e-07 2.5440844e-08 4.8047527e-06 5.127991e-06 0.0015889367 0.0028838569 3.0557225e-05 1.0016244e-06 1.2008377e-08 0.022575887 0.00026708303 9.683756e-07 4.5657278e-05 1.3629366e-06 5.333657e-09 1.5225835e-05 0.00015399019 1.3611452e-08 2.284729e-05 9.768922e-06 0.00059557776 4.513826e-05 0.00039284184 0.015968025 2.9732431e-05 7.219836e-06 7.309429e-06 0.00043611083 0.0012396468 2.5353736e-05
0.6367632 0.03863097 0.004809918 0.13820729 0.019041 0.78289396 0.00022402384 0.0003489747 0.013679782 0.0019047322 0.15482555 0.030396681 0.91147166 0.4893468 6.821687e-06 0.5107362 0.40444723 0.00042577155 0.0022336093 0.010358438 0.013082322 9.810441e-15 1.3960477e-07 5.660176e-07 0.07923748 3.913974e-06 0.063284576 0.005271859 0.021922117 0.00032676884 8.133567e-06 0.007850471 5.1742763e-06 0.007536372 0.73869693 0.00044163407 3.2420456e-08 4.6023597e-06 3.15678e-07 4.6456726e-06 1.4701547e-07 6.407629e-06 0.010768687 0.0015850394 0.9938766 0.00043597192 9.659462e-07 0.000360042 0.0012685425 2.0419724e-07 1.640572e-07 0.0015569493 0.00030717152 0.00075840513 5.621095e-07 2.3839199e-05 5.826354e-07 1.656739e-06 3.0740113e-05 3.6965946e-06 0.016718825 1.7428401e-06 0.00011449921 0.00035636628 0.00022600796 0.00020046103 4.8271663e-06 1.2503456e-06 0.003464264 2.7755887e-05 2.9803844e-06 1.2735251e-06 1.6636841e-07 2.0211874e-05 0.005296865 0.00026506014 0.0002688617 7.1498325e-05 2.8641896e-05 1.3868146e-07 0.00043693092 7.575316e-05 0.00012452251 0.78548586 2.2728287e-05 5.498895e-07 9.23166e-06 7.583028e-05 7.8266375e-08 2.611899e-05 1.4435067e-05 0.07353802 0.008377653 0.00037969163 0.00035913137 2.028419e-05 6.101502e-05 0.00011373143 7.698493e-05 0.00018160058 7.895794e-05
0.934743 0.0008472357 0.045783278 7.783692e-05 0.0017716159 2.0193504e-06 0.112187296 0.85081685 0.0066673146 0.008431543 0.0001711628 0.0005110163 1.0564738e-05 3.930045e-05 0.7217341 2.7343035e-07 7.175281e-08 0.5769833 0.018288052 6.3244115e-05 6.409304e-06 1.3960477e-07 7.52312e-18 0.89621395 3.6799534e-08 0.9872718 0.001383398 2.9556825e-06 2.4883397e-07 0.45383748 0.3280421 2.1153527e-08 0.21801059 2.8128159e-06 8.954537e-06 0.032801356 0.4903944 0.46946138 0.051037017 0.17667225 0.22984102 0.1953661 0.0004856191 3.1679315e-06 4.5420543e-07 1.394911e-07 0.24086207 7.327753e-07 2.4127223e-07 0.040269427 0.0031882278 4.410717e-06 0.016560275 1.1205497e-07 0.008667131 0.049977977 0.12885547 0.003962304 0.026778676 0.001024121 0.0088928435 0.00021438161 7.720331e-08 2.3212284e-07 4.2205417e-09 1.2228628e-06 0.0063588484 0.000120379154 0.0013166675 0.016478457 5.4792744e-09 6.017009e-05 7.889769e-06 0.009844011 9.4962377e-07 1.7572465e-06 6.2969127e-07 0.013818297 0.002607949 2.455059e-05 0.08286234 3.75972e-08 0.01605445 3.1330671e-06 0.00033415764 6.9187513e-06 0.0023818926 0.0015533004 3.108623e-06 0.0012077283 0.001442681 4.065614e-06 2.2360716e-06 4.4181846e-08 0.00011275159 0.0005073788 0.00020789419 2.168101e-05 2.6679173e-08 1.1664487e-06 7.2297335e-05
0.9526239 0.00090442336 0.007218563 0.00014076514 0.0012273961 1.8595039e-06 0.11201121 0.58826315 0.011419818 0.0030038601 0.00025658656 7.464574e-05 1.2088563e-05 1.5934367e-05 0.9124787 8.244988e-08 4.828181e-09 0.34430373 0.0030982555 4.541697e-06 1.932612e-06 5.660176e-07 0.89621395 1.2804498e-15 1.3832713e-08 0.63193256 0.0002897155 3.1200918e-07 6.4780954e-07 0.76563853 0.6562418 6.804351e-08 0.022048201 3.6903683e-07 2.050674e-05 0.006062695 0.76512295 0.3189428 0.22189601 0.84252375 0.7789351 0.035931908 0.00046101445 5.0493287e-07 1.6418953e-06 4.274053e-07 0.28317222 3.1108758e-07 2.4207614e-07 0.590295 0.041209243 1.6031835e-06 0.004823699 3.2942987e-07 0.20356086 0.018149419 0.15836485 0.06843588 0.00834732 0.0534825 0.003098727 0.0037699386 1.2246108e-08 8.3093573e-07 5.936952e-09 2.102808e-06 0.041690614 0.0077536213 0.0018626348 0.050671674 1.5628326e-09 0.008632982 0.0007736872 0.004357431 9.833562e-07 5.2157493e-06 9.846361e-07 0.012040195 0.014158966 0.00019763285 0.14331871 1.8457958e-07 0.015103486 9.097972e-06 0.0022195638 0.0005161935 0.0006988248 0.00086160377 0.0003676388 0.00046410278 0.0020265435 3.7511459e-06 4.8479915e-06 5.0849826e-07 0.00021144333 0.0004916962 5.4983397e-05 5.1891107e-06 1.6954791e-08 1.0845566e-05 7.8344834e-05
0.74392176 0.00011439957 0.0012656021 0.00019367134 0.011815742 0.0103072 6.208922e-05 1.6657179e-05 2.6072577e-05 0.001887583 5.7624136e-05 0.07630517 0.0009940823 0.90530246 4.4689823e-06 0.39665166 0.9091376 0.00016189365 0.009369038 0.15599069 0.42989746 0.07923748 3.6799534e-08 1.3832713e-08 1.239298e-17 4.5355785e-07 0.14990929 0.39084387 0.83603686 7.640513e-05 4.137104e-06 0.9466108 1.4126452e-07 0.5091823 7.329767e-05 2.2426933e-07 1.98161e-09 3.8398287e-07 8.338578e-09 9.622816e-08 9.467952e-09 7.2075386e-07 5.608915e-06 0.070898324 0.2285898 0.10050269 1.2708412e-08 0.036391776 0.3039703 3.420403e-09 5.3332833e-08 0.059824318 1.9027584e-06 0.06344825 2.8066383e-09 2.3074429e-07 1.0887568e-09 4.109756e-09 9.0308424e-07 3.4390635e-07 0.13583592 9.4224674e-08 0.7295332 0.026644442 0.043566428 0.007214124 3.2874128e-09 1.3679276e-08 0.000100260775 6.869854e-08 0.00084430334 2.0555994e-08 8.278655e-10 8.475079e-07 1.53749e-07 0.011834592 0.0020105005 2.8635873e-06 4.8600867e-08 2.3629315e-08 0.0008671731 0.0014018806 4.4302035e-07 0.000629387 1.5256052e-07 5.0353015e-09 2.2411646e-07 1.1536032e-05 2.5735714e-09 4.214923e-07 1.1246266e-07 0.006364354 1.9036532e-06 0.0021056826 0.0032315366 1.5607595e-05 9.620197e-07 4.170003e-07 0.006067705 0.00279935 1.8789952e-06
0.79382116 0.008097748 0.021854687 0.001038812 0.0037502018 0.00027537675 0.14688098 0.41044655 0.03446748 0.005582051 0.0012956107 0.0017115586 0.0002406611 0.00041897834 0.17740229 6.491739e-05 3.6061792e-06 0.2006436 0.0039926027 0.00037569835 9.701431e-05 3.913974e-06 0.9872718 0.63193256 4.5355785e-07 2.1549013e-17 0.0008090148 1.489442e-05 1.101449e-05 0.13713656 0.054328885 1.7378941e-06 0.432355 2.5220786e-05 3.310528e-05 0.043106813 0.8487089 0.9139578 0.016181078 0.07249705 0.4196574 0.24708028 0.0014384158 7.7771336e-05 8.529275e-07 8.783871e-06 0.3989405 1.6642998e-05 1.3680648e-06 0.045419674 0.0015138491 1.2079435e-05 0.017672876 1.727619e-06 0.013984871 0.12494843 0.23249613 0.006474678 0.036677465 0.0010500343 0.006345508 0.0002686487 5.390863e-08 8.513997e-07 8.474372e-08 2.2057811e-05 0.0037675973 0.00068060745 0.0030955074 0.019297829 5.247525e-08 0.00015502679 3.3963242e-05 0.008729219 1.2701556e-06 7.781662e-06 2.5827094e-06 0.019105429 0.0056563583 2.260337e-05 0.027622309 2.0425661e-07 0.009045173 3.6576241e-06 0.0005869279 2.9389946e-06 0.0017052917 0.00031499375 1.5691927e-06 0.002726287 0.0018830844 2.2354195e-06 7.1418767e-06 2.0072319e-07 0.00028656583 0.0001509923 0.0007031306 0.00026366345 1.0684118e-08 1.1173862e-06 6.520448e-05
0.9569746 0.01749299 0.041023932 0.022008965 0.1318176 0.28699324 0.053712208 0.0201429 0.021554034 0.09379422 0.002836941 0.7905114 0.008393183 0.7530078 0.0037628266 0.08743014 0.12167401 0.003002324 0.109295525 0.89794195 0.46402633 0.063284576 0.001383398 0.0002897155 0.14990929 0.0008090148 2.9995253e-14 0.20013411 0.13964021 0.00044588657 0.0003279896 0.044803236 0.0009452851 0.06990307 0.005306917 0.0011726771 3.745875e-05 0.00018372545 4.915902e-05 7.582117e-05 4.145088e-05 7.766846e-05 0.002175677 0.07456279 0.006072385 0.014835371 1.9158659e-05 0.034032322 0.011369174 7.4601435e-06 5.8518523e-05 0.012969322 0.00010882924 0.0057269814 1.9392676e-06 1.7134662e-05 2.0845423e-06 5.6505326e-07 3.1878084e-05 2.976378e-05 0.9727216 1.85281e-05 0.0051615587 0.0007705713 0.0018592557 0.0065693203 1.2151371e-07 5.7701783e-07 0.0030012631 1.2179767e-06 0.00026402072 7.138597e-07 6.3719256e-08 3.2574782e-05 9.799233e-05 0.0014047585 0.0022988496 1.8900831e-05 2.5987367e-06 3.4107874e-09 0.0853922 0.00039214749 2.0788843e-06 0.00010913554 2.6313342e-06 9.48297e-09 1.2531181e-05 0.00013267354 1.2657056e-08 6.438938e-06 8.9339676e-07 0.00038462869 0.0001867982 0.00020563506 0.024726037 0.000121228455 1.9283425e-06 4.554097e-06 0.0002825509 0.0010704651 8.823289e-06
0.9160437 0.00021133103 0.0011976088 0.00060452736 0.04852902 0.004242771 0.0020954853 0.00029345026 0.00041118695 0.0059341504 0.00018400743 0.1793401 0.0002680923 0.44869122 3.3365977e-05 0.014021976 0.07172925 0.00031140028 0.0041703773 0.34929025 0.94629544 0.005271859 2.9556825e-06 3.1200918e-07 0.39084387 1.489442e-05 0.20013411 1.000568e-16 0.7230924 0.00015743733 1.2818565e-05 0.25846198 1.537276e-05 0.95309526 2.7588152e-05 3.6827078e-05 3.4644355e-08 8.934662e-06 7.234727e-07 2.7942357e-07 7.299154e-08 2.2260938e-05 0.00010738853 0.41948813 0.0016772884 0.24409148 1.8900415e-07 0.4104009 0.11822715 2.7667657e-08 1.2527764e-07 0.07746105 1.0490973e-05 0.06930638 2.512326e-08 3.946512e-06 1.5274397e-07 4.0223274e-08 2.5606855e-06 1.1326664e-06 0.28706533 9.45426e-08 0.03433124 0.031152956 0.013242415 0.03284604 2.4492369e-08 2.9766746e-08 0.001373665 1.927438e-06 0.0023377496 7.8664806e-07 1.5800738e-08 1.21496205e-05 7.7225957e-07 0.010482678 0.02537465 4.8881982e-05 7.572441e-07 1.1615742e-08 0.007735408 0.0021781942 5.141055e-06 4.2024007e-05 3.280961e-07 8.732956e-09 5.290014e-06 4.4484594e-05 1.582861e-08 1.6854057e-05 7.1034706e-06 0.0005524894 2.3887105e-05 0.0014707586 0.020032335 6.087236e-06 7.687061e-07 9.635962e-07 0.0010808753 0.0019726397 3.6299216e-06
0.95543015 8.467122e-05 0.00074987503 0.00094617205 0.017902793 0.006880782 0.00059753505 8.826424e-05 0.00013212266 0.0020538871 0.00032363523 0.108983696 0.0014773776 0.82124555 1.5929693e-06 0.16134854 0.40910187 0.00048500238 0.006518807 0.2203452 0.52621776 0.021922117 2.4883397e-07 6.4780954e-07 0.83603686 1.101449e-05 0.13964021 0.7230924 7.7268455e-15 8.0530765e-05 3.0638887e-06 0.93524903 1.6462442e-05 0.88892645 0.00010132659 2.7388553e-05 2.6047935e-08 4.3682903e-06 2.5633082e-07 3.3424928e-07 2.6041526e-08 2.08531e-06 0.00015807177 0.36805472 0.006131309 0.4749494 5.1257125e-08 0.25263003 0.57282734 1.9081991e-08 1.5553377e-07 0.23793176 5.335965e-06 0.2576328 1.5700998e-08 3.4787925e-07 4.644051e-08 3.236633e-08 1.2399104e-06 4.7071563e-07 0.25384873 1.5430706e-07 0.15732361 0.094397314 0.1186839 0.020037247 1.0861004e-08 2.0466845e-07 0.0005348287 2.2239507e-07 0.0084325075 3.4757218e-07 1.9506137e-08 2.0068743e-05 1.3374408e-06 0.01537357 0.01762406 1.4906612e-05 2.9051435e-07 5.1854798e-08 0.0030458046 0.003083273 6.1757146e-07 0.0001487806 5.03401e-07 1.8313278e-08 3.4904156e-06 1.734934e-05 1.47165915e-08 4.839672e-06 4.344891e-06 0.0015923702 1.4971009e-05 0.0044391914 0.008457382 1.4794904e-06 5.6888194e-07 5.502042e-07 0.0027177555 0.009220236 2.1101382e-06
0.9970621 0.013883061 0.049098052 0.0015298822 0.007998222 0.0010255503 0.31000748 0.27109832 0.067640655 0.010728665 0.0017471005 0.004840104 0.00023898257 0.0009540896 0.80397713 7.759775e-05 5.6503985e-05 0.3631137 0.0038350183 0.0010591563 0.00041725716 0.00032676884 0.45383748 0.76563853 7.640513e-05 0.13713656 0.00044588657 0.00015743733 8.0530765e-05 3.914397e-13 0.7853493 1.5664575e-05 0.25280634 3.1313e-05 0.00091152894 0.03804662 0.24056534 0.19375171 0.58256924 0.6136906 0.37814578 0.052413456 0.003048798 0.00024030425 3.177591e-05 3.0481668e-05 0.14324097 2.2585527e-05 7.703115e-06 0.3300816 0.279347 9.453877e-05 0.004563099 2.2845068e-05 0.21584915 0.023790138 0.06445914 0.106894 0.007884685 0.1619988 0.00436605 0.08964723 2.05714e-05 1.2023377e-06 2.9009132e-07 3.92516e-05 0.046250187 0.0124589875 0.01177725 0.030293696 2.3263555e-08 0.025501912 0.017361218 0.004389424 0.00013068928 9.328276e-06 3.9518486e-06 0.0035436514 0.0051162993 0.0036169032 0.89309406 1.8925738e-07 0.02761409 0.00046775327 0.0020134642 0.0010866171 0.0025124392 0.00035205702 0.0014356078 0.0009526899 0.0007431705 6.7884816e-05 0.0002908813 2.3442839e-08 4.4626388e-05 0.0013792827 0.00023430905 0.00022124522 3.9620677e-06 1.2718046e-07 0.00010419049
0.9917035 0.002252281 0.006762867 0.00031137533 0.0018953928 0.00013723667 0.10324132 0.142003 0.013653025 0.0022622922 0.00019858319 0.0011199244 4.002497e-05 3.260182e-05 0.61604106 2.9892255e-06 1.4993961e-06 0.11202921 0.0012455132 0.0003722801 7.487875e-05 8.133567e-06 0.3280421 0.6562418 4.137104e-06 0.054328885 0.0003279896 1.2818565e-05 3.0638887e-06 0.7853493 8.169865e-15 4.1719406e-07 0.041774582 2.858237e-06 0.00010605951 0.0052371398 0.17319775 0.07054549 0.95386016 0.6024445 0.4237106 0.016377678 0.00036736697 2.6858146e-05 1.5436261e-06 2.1223343e-06 0.11551551 2.0545726e-06 2.8164786e-07 0.40611517 0.6213303 5.120548e-06 0.0011706351 1.5947174e-06 0.25375918 0.009925065 0.042210784 0.13560526 0.003013153 0.24081981 0.0025051406 0.22979037 1.3036836e-06 6.3068505e-08 4.86145e-08 5.4261745e-06 0.074092366 0.022030426 0.0101435175 0.033720817 1.1408681e-09 0.036611833 0.02411231 0.0021346742 5.1605002e-05 4.72539e-07 1.8547271e-06 0.001984783 0.008257187 0.005555711 0.70763326 1.0089122e-08 0.012791987 0.00040381617 0.0029380897 0.0021886816 0.002458407 0.0011200813 0.002371445 0.00040751477 0.00038553466 5.2510073e-05 0.0003692629 5.4134457e-09 4.3087725e-06 0.0022681681 0.00021432336 0.00026065207 1.326843e-06 2.3493496e-09 0.0001429152
