2.6604292e-18 0.017802913 0.051142078 8.272618e-06 0.0030853895 3.6778118e-05 0.0136285415 0.866382 0.0032769744 0.38702518 0.0016557518 0.49892682 0.051129606 0.28879273 0.41275492 0.90691125 0.77736175 0.8719102 0.017857682 0.7550253 0.019218415 0.9086366 0.93661356 0.96047384 0.45481858 0.946821 0.026535848 0.95682913 0.101597264 0.87039244 0.8560304 0.8320624 0.89713913 0.7033651 0.21081871 0.88960695 0.029839559 0.042647563 0.6869676 0.10343415 0.9677237 0.844928 0.8859774 0.8373461 0.90336865 0.043322213 0.96601796 0.29755557 0.029100208 0.9702478 0.18531677 0.8987439 0.26221806 0.8072012 0.051179964 0.29872465 0.02276807 0.84033984 0.9172848 0.8927378 0.008467474 0.9632287 0.9710686 0.8918888 0.93120027 0.97749496 0.9704602 0.7771921 0.057427086 0.8847636 0.9582967 0.9598452 0.9646047 0.85677934 0.87621677 0.97813094 0.9964902 0.9789442 0.97736615 0.03505592 0.97806257 0.9777325 0.97370934 0.9936413 0.99612087 0.90569806 0.99966055 0.9779179 0.96181333 0.038512927 0.25395885 0.20252196 0.9995463 0.012032819 0.08600611 0.19263013 0.18565035 0.9998797 0.8316531 0.99951035 0.9995355
0.017802913 2.2382986e-14 0.8636651 0.07380747 0.00039134725 0.0016890424 0.97004646 0.75622684 0.9709159 0.09242128 6.83768e-05 0.6440442 0.17566739 0.009231952 0.31202722 0.09307355 0.024815131 0.0021396575 3.120446e-05 1.5820922e-05 0.006507567 0.0039636875 0.06255668 0.030811986 0.0010324486 0.04099892 1.866464e-05 0.00023852057 2.9812527e-05 0.0011007093 0.00044858723 0.000530657 0.0006642357 3.312988e-05 3.2624896e-05 0.037496332 1.9138426e-05 1.227832e-05 2.3777371e-05 1.8953583e-06 0.00037027532 3.388776e-05 3.266867e-05 1.5335473e-06 0.0033826898 5.2705363e-06 6.177582e-05 6.574215e-05 2.852736e-06 0.0012153713 4.487124e-06 0.0022064927 4.5453056e-08 2.124795e-06 2.1760898e-06 8.8050604e-07 4.947229e-07 5.1345167e-05 3.3592412e-05 3.38983e-05 2.4727442e-06 3.2976636e-06 1.2923255e-05 4.7870712e-06 6.292543e-07 0.013436485 0.0009649096 8.356347e-07 1.0080952e-07 6.534405e-05 4.4374915e-06 1.0991882e-06 0.0001249236 2.3277305e-05 3.8552105e-05 0.0002624152 9.685535e-06 1.6332889e-06 7.1375193e-06 5.950666e-10 1.0265503e-06 2.511215e-06 6.7576284e-06 1.0660262e-06 7.4846765e-05 3.3109554e-06 0.00014406783 0.0004066999 0.0055830968 4.2192988e-07 4.4862657e-07 1.665987e-08 2.6186406e-05 1.0437193e-09 5.0290048e-09 2.0769946e-09 1.3041329e-09 7.679672e-06 8.3380377e-07 0.00083989394 3.6660596e-05
0.051142078 0.8636651 2.5662366e-14 0.6416169 0.98173994 0.18252382 0.0011052387 0.662717 0.0007752756 0.598825 0.28355104 0.004109908 0.0026845315 0.9257768 0.00025601606 0.00036690888 0.06547024 0.035961986 0.016668843 0.0041997866 4.0263363e-05 2.160086e-06 0.00024792 0.00010216865 5.8287683e-06 0.000160582 8.9539995e-08 1.2130026e-06 0.005423987 9.29415e-06 1.0824012e-05 0.019058552 1.4544384e-05 2.3652417e-07 1.1745387e-07 0.00047916727 7.177008e-07 1.6254804e-06 3.2397165e-07 2.5072077e-07 4.540987e-06 2.5951529e-06 0.011616376 0.0006093422 3.6717138e-05 3.0058817e-07 2.9263352e-05 2.5462738e-08 0.0005722685 1.052874e-05 3.2697897e-06 0.00064700725 5.773065e-06 3.5320392e-07 1.7684669e-06 9.498701e-09 2.6937022e-07 0.00027612224 9.711872e-07 0.0009944335 0.00018530176 0.005835649 0.0044470364 4.0526595e-07 1.84835e-05 0.0008757698 8.633676e-05 9.0940325e-08 1.5800468e-08 0.00045190554 1.6883642e-07 1.7564147e-07 3.338824e-06 2.3245836e-06 1.4482271e-06 2.6568486e-07 9.936751e-05 0.00010333494 1.9103085e-07 1.7307539e-08 3.7569185e-07 1.5719032e-05 5.909877e-05 1.436211e-07 0.0004918587 7.652775e-06 0.0004074942 0.000100491285 0.0022755552 5.284478e-06 1.5411455e-07 1.0772866e-06 2.6086368e-06 1.5232268e-07 7.392096e-09 1.3848578e-06 1.3989596e-09 1.420579e-06 9.1977865e-09 0.0009369123 0.000109151355
8.272618e-06 0.07380747 0.6416169 4.9015468e-21 0.001287797 0.999994 1.1843562e-05 0.0002735179 6.40511e-05 9.143677e-05 4.024966e-05 8.255583e-05 2.996378e-06 0.0002860326 3.6791816e-06 3.7954137e-06 1.4085598e-05 3.850186e-06 5.2539775e-07 3.5074046e-07 1.98593e-06 1.6160263e-07 3.5244263e-06 3.662434e-06 2.8273323e-07 5.8354317e-06 9.057145e-08 8.209321e-08 1.689768e-06 1.1352628e-06 1.92514e-06 1.9930203e-06 5.287875e-06 4.0718362e-07 2.838758e-07 8.760898e-06 4.8919753e-07 4.2408124e-07 1.8137462e-07 8.837622e-08 8.3477613e-07 1.5516056e-07 2.3504983e-06 4.4357566e-06 9.38726e-07 1.6464088e-07 3.069841e-06 1.242921e-08 1.4177326e-06 1.1376787e-06 2.8813963e-08 9.476133e-06 1.2510641e-07 6.104094e-08 6.4302114e-08 2.6324082e-08 1.1972357e-08 2.3983932e-07 1.730858e-06 3.9896217e-06 3.0880692e-06 1.1651424e-06 1.1779102e-06 7.282122e-07 2.4621048e-07 2.2829638e-06 2.0570997e-06 5.339615e-08 6.64457e-09 7.0214384e-07 1.1604992e-06 9.340752e-07 1.8448807e-07 5.6327025e-07 1.1691606e-06 5.854805e-07 2.566148e-07 5.1593383e-07 1.4043179e-06 2.6441983e-08 1.2156552e-05 8.557351e-07 9.0476306e-08 6.3336975e-06 3.356663e-07 4.2592214e-09 1.8321269e-07 3.78347e-06 5.4661205e-06 1.5087102e-07 2.3120533e-07 1.7675654e-11 1.414607e-05 3.447432e-10 3.28182e-08 1.1768536e-10 1.4012055e-09 4.5851576e-09 3.7027425e-07 3.2674918e-06 1.4260953e-06
0.0030853895 0.00039134725 0.98173994 0.001287797 6.637125e-12 0.15835202 5.9422207e-05 0.0075920005 9.9432444e-05 0.0390291 0.9986098 4.8968443e-05 8.614761e-05 0.638733 3.3861852e-05 1.858923e-05 0.002225836 0.0012309444 0.054532748 0.0036948537 6.9321885e-07 1.7554712e-06 7.679987e-06 7.0898536e-06 1.7971686e-05 3.2451203e-06 3.5196133e-06 2.8173881e-06 0.0064228885 5.687352e-06 1.2579651e-05 0.00133578 2.6070862e-05 9.522856e-07 1.0168636e-05 2.5797764e-05 1.8898236e-05 3.2146738e-05 7.915846e-06 2.1896449e-05 5.2718988e-06 3.377772e-06 0.0019466435 0.00087571103 1.9461356e-06 9.685914e-06 2.7232684e-06 1.5614555e-06 0.0012935834 3.4925931e-06 2.8897555e-05 1.8262292e-05 0.00011226072 2.6878988e-06 5.2589126e-06 5.306994e-07 1.3502874e-06 0.00020960785 4.063453e-07 2.07082e-05 0.000581845 0.00020856957 0.00026045454 3.2826842e-06 6.213376e-05 9.012204e-06 2.6691723e-06 2.1217454e-06 6.7457063e-07 9.653802e-06 5.7400956e-07 5.917067e-07 1.3488183e-07 2.113784e-06 7.385866e-07 8.3488356e-07 4.127916e-05 4.1868512e-05 4.6043706e-06 2.5033276e-07 9.232457e-07 5.045127e-05 5.90108e-05 5.729048e-07 3.4897916e-05 0.00017994453 4.76506e-05 1.7971952e-06 5.810107e-05 4.7132276e-06 2.2152572e-05 5.0772946e-06 4.9660594e-06 6.594859e-06 9.689285e-08 2.996101e-06 5.7463834e-09 5.648388e-07 9.047498e-07 0.00011037935 2.5555686e-05
3.6778118e-05 0.0016890424 0.18252382 0.999994 0.15835202 1.0388219e-20 2.3203534e-06 6.0780796e-05 1.64677e-05 0.0001305027 0.20469558 5.6120746e-07 8.4736605e-08 0.00058216276 7.7410924e-08 1.0031791e-07 1.6908021e-05 4.9536998e-06 0.0049394695 1.4979283e-06 4.615881e-06 2.8382665e-08 1.2614917e-06 1.2996417e-06 1.8901461e-07 2.479862e-06 2.3666075e-08 2.9743703e-08 9.906384e-06 3.6561698e-06 3.7521334e-06 9.4035767e-07 8.78429e-06 6.9950424e-08 1.1959764e-07 1.4501613e-05 5.1279418e-08 5.873083e-08 8.213988e-08 5.77179e-09 1.4366691e-06 5.4272924e-08 2.2026584e-06 6.4860483e-06 9.020212e-07 5.2697493e-07 8.7253153e-07 8.8321356e-10 0.00012421461 1.2282825e-06 1.1304087e-08 6.715247e-06 2.487617e-06 3.3667198e-09 9.307112e-09 6.639401e-09 9.988593e-10 1.09965e-05 8.6539717e-07 3.5081025e-06 2.0732565e-05 2.22346e-06 6.468036e-06 1.4623394e-07 2.237962e-06 5.402108e-06 3.012182e-06 1.6273198e-08 1.4780588e-08 1.1721872e-06 3.6534317e-07 2.2885892e-07 8.1403607e-07 1.8485315e-07 2.2378819e-07 2.2616016e-06 5.9098596e-07 3.7463162e-06 2.802947e-07 3.5610688e-09 1.1141642e-06 3.0238386e-06 2.5166357e-06 3.0002298e-06 1.2926652e-06 2.0231447e-07 1.5196147e-06 1.836271e-05 4.242908e-05 1.2055124e-06 2.3595325e-07 1.9012045e-09 5.0149197e-07 1.2231874e-07 8.60926e-10 2.029184e-08 3.4721648e-10 2.7682383e-08 2.8618919e-08 1.9966494e-05 8.736136e-06
0.0136285415 0.97004646 0.0011052387 1.1843562e-05 5.9422207e-05 2.3203534e-06 4.8697825e-16 0.15548256 0.97189564 0.0013160818 6.3119955e-06 0.933713 0.8425522 0.00023317311 0.40864503 0.1334174 0.012110737 0.0016622435 2.9364787e-06 1.9764313e-05 0.003958931 0.0019700322 0.027908823 0.012544795 0.002433105 0.0101815965 8.523495e-05 0.000335163 8.488984e-07 0.002012393 0.0010492649 0.00042453772 0.0011010973 1.01250425e-05 1.5965397e-05 0.009763479 2.4058798e-05 1.8464052e-05 1.5609963e-05 1.8700119e-06 0.0003690212 3.514775e-05 4.8003676e-05 9.1315505e-06 0.001442912 1.2251045e-05 0.0001540228 5.456475e-06 4.864205e-06 0.0007407851 1.3536192e-06 0.0013701103 1.9709191e-06 8.775163e-06 4.3992904e-06 1.5370142e-06 9.558842e-07 5.443465e-06 2.4292442e-05 9.582409e-05 3.6845202e-07 2.6449314e-05 8.78684e-05 1.9275914e-05 5.52595e-06 0.0023926066 0.0004471673 2.0525395e-06 2.1262635e-07 0.00019564823 2.4488483e-05 5.201596e-06 0.00023768021 7.5712065e-05 0.00021671181 0.000107515494 2.9407427e-05 9.133145e-06 1.7371169e-06 1.0996039e-07 1.5241075e-05 5.2444262e-05 7.3596298e-06 6.0692832e-06 0.0001804799 1.7552778e-05 2.6939437e-05 0.00038386247 0.0012688136 2.5295654e-07 5.9048034e-06 1.8317374e-07 2.5518106e-05 1.9540347e-09 1.3394198e-07 1.7484387e-08 9.316525e-09 1.8593344e-05 5.0125177e-06 0.0004975092 1.5801199e-05
0.866382 0.75622684 0.662717 0.0002735179 0.0075920005 6.0780796e-05 0.15548256 8.3307427e-16 0.0038780605 0.9884508 0.0004417332 0.52056944 0.019573998 0.2136867 0.024809327 0.22026359 0.97284716 0.2940581 9.131764e-05 0.0028595228 0.00017209856 0.00018554226 0.26595232 0.008748249 0.000109856155 0.046785254 2.1747558e-06 1.1525728e-05 0.00010142937 0.0006199774 0.00010720945 0.22799616 0.0004625439 6.0889744e-07 1.0943443e-06 0.2638421 8.36111e-06 2.8653658e-06 5.705342e-07 2.2150921e-07 0.0007517106 7.48388e-06 0.0291825 0.0008858245 0.061251134 1.2857762e-06 3.8981147e-05 3.5113057e-06 2.7732973e-05 0.0061250143 6.697563e-06 0.22115536 2.4303554e-06 9.178982e-07 8.58604e-06 2.0218495e-06 1.7252448e-06 0.0071986197 0.00060338026 0.1367781 4.904179e-06 0.23280086 0.14921178 5.521499e-06 0.00077482586 0.31765506 0.023767818 2.9109563e-07 7.556936e-09 0.04975958 2.1702792e-05 1.0500847e-06 0.002645532 0.00133112 0.0016056555 0.001503328 0.0019593216 0.00059617864 4.2256733e-07 1.0614348e-08 6.630082e-05 5.9322152e-05 0.00021469402 0.00018178443 0.06773248 6.4281025e-08 0.004638829 0.0068666777 0.15833826 3.9962148e-07 4.2882423e-08 1.849645e-08 1.8716724e-05 1.9742346e-09 1.4638206e-08 9.148203e-09 2.0492592e-10 0.0002885425 7.5734342e-06 0.058408614 0.0006043769
0.0032769744 0.9709159 0.0007752756 6.40511e-05 9.9432444e-05 1.64677e-05 0.97189564 0.0038780605 5.5156582e-17 3.388776e-05 1.4636078e-05 0.45357007 0.9725603 4.4015123e-05 0.5054456 0.038692463 2.3026134e-05 7.918587e-06 1.793324e-06 1.956891e-06 0.3502164 0.0073287953 0.007925027 0.015604755 0.013931479 0.0066847913 0.0077188932 0.0011103265 1.0552281e-07 0.002489966 0.00090450695 2.0814175e-06 0.0023662967 8.0656355e-05 0.00036953043 0.0010510999 6.1197774e-05 8.3257146e-05 3.3735083e-05 1.1586707e-05 0.0019938503 2.7070579e-05 4.9641085e-06 4.6491894e-07 0.00015320854 0.00014439205 5.8091155e-05 7.518561e-06 2.589678e-07 0.00079006265 1.2937437e-05 5.4053475e-05 1.6264044e-08 1.022276e-06 1.914201e-06 3.4153627e-06 1.8153867e-07 1.1549787e-06 1.2583465e-05 7.1143614e-07 6.3637856e-07 3.1352251e-06 1.7685488e-05 9.5713895e-06 8.771485e-07 0.00018378696 3.741009e-05 2.139896e-06 3.4529368e-08 5.8133105e-07 4.6186262e-05 2.2976317e-05 5.862264e-05 1.2914262e-05 2.8811754e-05 9.320339e-05 9.450736e-06 1.8296469e-06 1.7509043e-05 1.2708825e-08 6.5124714e-06 7.0262927e-06 5.302188e-07 7.042685e-05 1.689205e-05 4.8075626e-06 6.5926006e-06 9.538717e-05 0.00017515697 7.4494614e-07 9.112963e-07 1.2440445e-09 3.4839657e-05 3.9887103e-09 7.372298e-09 5.512439e-10 9.760037e-10 4.879495e-06 1.0392484e-06 0.00025293374 5.331362e-06
0.38702518 0.09242128 0.598825 9.143677e-05 0.0390291 0.0001305027 0.0013160818 0.9884508 3.388776e-05 9.160293e-15 0.0065101613 0.0051755477 0.00020405522 0.96670675 0.00023130447 0.00092012534 0.94853103 0.5149852 0.002232502 0.2702423 1.9770976e-06 2.2609868e-06 0.004577864 0.00017609324 3.000659e-06 0.0006446152 5.4814547e-07 2.3127699e-07 0.0049568713 1.8277222e-05 8.082202e-06 0.32572222 5.98966e-05 1.5541292e-07 2.7518465e-07 0.017039262 5.5861856e-06 2.6630776e-06 2.710046e-07 1.9650699e-07 4.34254e-05 1.0710767e-06 0.16219804 0.007759979 0.0050029187 1.4515347e-06 3.3764159e-06 4.700629e-07 0.0009963816 0.00050918903 1.6029757e-06 0.060268275 0.00011620906 5.7118586e-07 9.5187056e-07 5.8861514e-07 2.392449e-07 0.09080112 8.217608e-06 0.13529576 1.9273048e-05 0.33648556 0.28945738 9.036288e-07 0.0038127354 0.006603906 0.002030272 6.5268375e-07 2.9084909e-08 0.026659131 2.4053304e-06 1.918323e-07 0.00049665006 7.6164615e-05 0.00013746604 4.744795e-05 0.0059099733 0.0020615265 5.0944084e-07 4.4197016e-08 2.8300608e-06 0.0009938845 0.0015793064 1.6790913e-05 0.030565776 1.8154595e-05 0.011471261 0.0012828172 0.011021984 4.266698e-07 2.1772033e-07 8.858451e-07 1.906622e-06 4.425111e-07 1.5282009e-08 4.4539863e-07 3.1274366e-10 1.9324747e-05 1.6657573e-07 0.005146901 0.0005671153
0.0016557518 6.83768e-05 0.28355104 4.024966e-05 0.9986098 0.20469558 6.3119955e-06 0.0004417332 1.4636078e-05 0.0065101613 3.9330303e-10 1.8771628e-06 2.5642096e-06 0.4220076 1.361636e-06 5.01013e-07 0.0005011359 0.00036181966 0.99147123 0.0031853407 1.1332195e-06 1.4216354e-07 6.391313e-07 2.3718087e-08 1.6808559e-06 3.663763e-07 1.7334669e-07 2.2815045e-07 0.016444901 4.0277266e-07 7.8377633e-07 0.00089266105 2.3570958e-06 1.709883e-07 1.6653626e-06 1.1881993e-05 4.830855e-06 7.688986e-06 4.6646446e-07 2.306243e-06 2.617628e-06 9.020169e-07 0.0023688325 0.0030155883 4.90459e-08 2.6070452e-06 2.3432011e-07 9.1927274e-07 0.0065179183 1.566231e-06 5.11259e-06 3.96223e-06 0.0014153363 2.5788023e-07 8.296194e-08 5.8352174e-07 2.6144758e-07 0.0005356449 6.7321974e-07 1.4524298e-05 0.00073539186 9.073662e-05 0.00017533395 3.1184888e-07 0.00040525323 1.6626934e-06 6.204665e-07 1.2104362e-06 2.1090287e-07 3.669496e-06 2.6410294e-07 5.192229e-08 1.4297265e-07 1.6899903e-06 5.603341e-07 5.0695894e-07 0.00014086545 0.00012195459 1.5572952e-07 5.241993e-08 8.4521595e-08 0.0001551114 0.00012374615 5.552074e-07 4.6959514e-05 0.00055871153 0.00021877151 6.0453795e-06 3.7086476e-05 7.5292485e-07 4.3495256e-06 2.9539494e-06 3.6620582e-07 1.6748452e-05 3.314721e-08 1.3362946e-06 8.0584106e-10 6.845287e-07 3.2351718e-07 0.00013724453 8.878995e-05
0.49892682 0.6440442 0.004109908 8.255583e-05 4.8968443e-05 5.6120746e-07 0.933713 0.52056944 0.45357007 0.0051755477 1.8771628e-06 9.9471486e-17 0.8914519 0.00013474243 0.96200234 0.9842673 0.021548022 0.002377947 4.0175988e-07 2.3667706e-06 0.01909114 0.02376852 0.43500614 0.2775511 0.0032018798 0.2497241 0.00047073702 0.00039923753 2.8255693e-07 0.010529414 0.0034087203 0.00064643094 0.0045743375 2.5683064e-06 3.879492e-06 0.10435108 1.0096193e-05 3.0899694e-06 1.0197639e-06 8.3296766e-07 0.0012918141 1.0582021e-05 7.15615e-05 6.0616594e-06 0.02499209 4.655152e-07 0.00011315932 1.9561558e-06 6.598448e-07 0.0068784105 3.7898963e-07 0.00649282 3.9342797e-08 5.419415e-06 7.229885e-07 5.304915e-07 8.719446e-08 0.00014630979 0.00017185566 0.00021055773 2.5947943e-06 0.00034001682 0.00033951586 2.0166415e-05 4.6095724e-06 0.17234617 0.007972767 8.522136e-07 2.3025045e-08 0.0003995194 4.5064713e-05 1.2591208e-05 0.0019566559 0.0004938028 0.0005594919 0.00023963781 3.2149896e-05 2.6498143e-05 2.090752e-06 3.6926144e-09 9.522997e-06 5.690884e-06 2.3943985e-05 3.171379e-05 0.00041321304 3.2331175e-07 6.2791837e-06 0.0033622042 0.018049642 1.5034885e-06 3.5706336e-08 2.6397288e-08 6.834212e-05 2.4387612e-09 2.0372891e-08 3.6249383e-09 8.402708e-10 8.451274e-06 1.2346371e-06 0.0032812664 1.6200383e-05
0.051129606 0.17566739 0.0026845315 2.996378e-06 8.614761e-05 8.4736605e-08 0.8425522 0.019573998 0.9725603 0.00020405522 2.5642096e-06 0.8914519 5.761914e-16 7.839438e-05 0.9668134 0.22368817 0.00035080657 4.1774667e-05 3.568055e-07 2.9583928e-06 0.53766084 0.11302177 0.07471745 0.19476052 0.08661883 0.09881888 0.011235225 0.016340002 5.0617484e-07 0.012510136 0.009800383 2.066409e-05 0.022195423 0.0002301732 0.00089740515 0.014957731 7.358637e-05 4.6523874e-05 0.00015925548 9.288586e-06 0.016409628 0.00078866095 9.817769e-06 5.898112e-06 0.0028774766 4.363708e-05 0.00058747677 6.262556e-05 1.0274484e-06 0.008439814 8.103703e-06 0.0010778782 7.627328e-07 1.3858336e-05 5.283253e-06 6.5269337e-06 5.9109925e-07 5.6504705e-06 0.00029616276 1.4114603e-05 2.597338e-07 1.2185002e-05 4.4370783e-05 7.314697e-05 1.3846717e-06 0.0066547496 0.0012620464 1.961186e-06 5.2501377e-08 2.6418584e-05 6.8695175e-05 9.717186e-06 0.001435436 0.00016462778 0.0003136236 0.0006557084 2.2309523e-05 4.3103555e-06 4.428107e-06 2.5734694e-08 1.24851485e-05 6.398427e-06 1.2443353e-05 3.1719446e-05 9.668965e-05 2.0552026e-05 0.00013609754 0.0008676851 0.0017138266 4.9194964e-06 3.8402263e-06 5.1362132e-08 6.923019e-05 1.1263234e-09 2.5474654e-07 1.6488121e-08 3.7013248e-08 9.600049e-06 8.632208e-06 0.00015047324 8.364572e-06
0.28879273 0.009231952 0.9257768 0.0002860326 0.638733 0.00058216276 0.00023317311 0.2136867 4.4015123e-05 0.96670675 0.4220076 0.00013474243 7.839438e-05 2.9976581e-12 1.8775434e-05 0.00013573772 0.13988303 0.16137396 0.7344498 0.98405284 6.9646417e-06 2.6499302e-07 3.5387424e-05 5.506544e-06 7.892515e-06 8.03742e-06 3.6481396e-07 9.474622e-08 0.8815849 1.1485497e-06 1.0016033e-06 0.31241712 5.1649135e-06 5.483972e-08 3.0420001e-06 0.00010760781 1.0397159e-05 1.48927875e-05 1.9429895e-07 5.179139e-06 1.5112786e-06 1.3412343e-06 0.6422663 0.11048354 5.2184705e-06 6.845986e-05 1.2643093e-05 5.684153e-06 0.050528307 5.9014933e-06 5.8509544e-05 0.00019910886 0.004496761 1.3473265e-06 1.3021906e-05 9.012087e-07 4.8188226e-06 0.031952325 1.5044624e-06 0.0046121296 0.0041061523 0.35309467 0.50682265 9.00734e-08 0.00724221 0.00012164875 6.4071287e-06 3.7184896e-07 1.3305506e-06 0.000510004 3.5518332e-07 1.64127e-07 1.8039402e-06 5.3025275e-07 7.7103215e-07 4.617457e-06 0.01785444 0.0035057703 1.0681068e-07 1.2627223e-07 3.5605275e-08 0.0010758765 0.00031056127 1.3367197e-07 0.0006116828 4.6660018e-05 0.004809487 5.0502105e-05 0.00085512176 2.4117793e-05 3.1460942e-08 5.465302e-06 8.683298e-08 3.3869183e-05 5.4870974e-09 7.3126644e-06 1.2469206e-10 2.8231642e-07 7.115098e-08 0.000557952 0.0020129352
0.41275492 0.31202722 0.00025601606 3.6791816e-06 3.3861852e-05 7.7410924e-08 0.40864503 0.024809327 0.5054456 0.00023130447 1.361636e-06 0.96200234 0.9668134 1.8775434e-05 1.2828894e-15 0.9194289 0.00079659454 0.000112193615 4.1457692e-08 4.827325e-07 0.75540024 0.80256397 0.39263856 0.8423095 0.5423138 0.38264203 0.27251396 0.16636597 1.05272534e-07 0.18598889 0.09078216 3.39786e-05 0.14843978 0.0033181915 0.0027984148 0.023193596 0.00042251742 0.00017678295 0.0006541984 7.566414e-05 0.08424666 0.004065097 9.859935e-06 2.9331875e-06 0.009619015 4.8684116e-05 0.0035882497 4.358368e-05 3.3947033e-06 0.03171018 1.3246298e-05 0.0010509905 6.106586e-08 8.258434e-05 1.5468602e-05 1.2230778e-05 1.8341804e-06 4.7548124e-06 0.002549352 1.3402734e-05 1.1027433e-06 2.4711731e-05 3.242347e-05 0.00062914396 3.331002e-07 0.03661486 0.0034217122 1.566589e-05 5.429992e-07 8.83306e-05 0.0005482161 0.00021355048 0.004978358 0.0015300121 0.0013369531 0.0022207615 1.2458921e-05 6.016404e-06 4.640264e-05 5.5664767e-08 0.0001364172 4.636336e-07 1.8314291e-06 0.0002857147 7.21805e-05 5.326602e-07 5.495092e-06 0.003357118 0.008331036 5.7547004e-06 6.801454e-07 1.5297172e-08 0.00013339354 1.5165909e-09 2.7983182e-07 4.0686063e-09 6.4845146e-08 1.5657077e-05 1.1710358e-05 0.0012738762 8.337398e-06
0.90691125 0.09307355 0.00036690888 3.7954137e-06 1.858923e-05 1.0031791e-07 0.1334174 0.22026359 0.038692463 0.00092012534 5.01013e-07 0.9842673 0.22368817 0.00013573772 0.9194289 7.104363e-14 0.009924034 0.00072859885 1.4763057e-07 2.8856034e-06 0.009383672 0.101980366 0.93346834 0.9450811 0.01291334 0.8153051 0.000733371 0.011775133 5.869486e-07 0.076458536 0.024018282 0.000849105 0.066273116 3.9114235e-05 9.013136e-05 0.5493733 3.7126076e-05 8.117116e-06 1.2194755e-05 1.492645e-06 0.0612345 0.00031265515 5.980088e-05 4.156026e-06 0.24932756 7.7373033e-07 0.0010015809 4.132392e-06 2.1714127e-06 0.073901124 8.602658e-07 0.08848593 3.183937e-07 8.462243e-06 1.1243814e-06 6.477898e-07 2.8752052e-07 0.00019096993 0.0010849887 0.00292637 7.404647e-07 0.003077094 0.0007096348 0.00024986544 9.477424e-06 0.5545654 0.123484395 1.6530033e-06 1.0349287e-07 0.00732124 0.00031913898 0.00011538382 0.027510505 0.0053780135 0.0040256553 0.0024712028 9.1394744e-05 8.486395e-05 1.2093509e-05 3.126794e-07 0.00034405026 8.2370825e-06 5.635443e-05 0.0001648262 0.0059579783 3.356333e-07 0.0002512808 0.04288982 0.12631004 7.7938313e-07 1.8458223e-07 1.2950168e-08 5.5888155e-05 2.2036332e-08 2.719011e-07 1.2661185e-08 8.960213e-09 0.00050002884 6.9809944e-06 0.035128735 6.269894e-05
0.77736175 0.024815131 0.06547024 1.4085598e-05 0.002225836 1.6908021e-05 0.012110737 0.97284716 2.3026134e-05 0.94853103 0.0005011359 0.021548022 0.00035080657 0.13988303 0.00079659454 0.009924034 4.067259e-15 0.98387265 0.00029304335 0.036694184 2.7347263e-05 9.76535e-05 0.06533145 0.0011957445 1.8058568e-05 0.0052316436 6.728334e-07 4.8315e-06 0.0014390835 0.00019399116 7.2870345e-05 0.5769735 0.00020490096 8.2719833e-07 5.006056e-07 0.30993903 5.7103034e-06 9.28039e-07 1.2526957e-06 9.828809e-07 8.358842e-05 4.025359e-06 0.10557729 0.0051903115 0.11142 3.9592743e-07 8.025976e-06 3.1545355e-07 0.0005621374 0.006328973 8.876515e-07 0.5849016 0.00013318761 5.4982553e-07 6.441158e-07 2.4321116e-07 1.1905131e-07 0.08896724 0.00039290948 0.528289 1.733092e-05 0.46236074 0.34748632 1.0712458e-05 0.0047848625 0.07051572 0.030983333 5.661844e-07 3.0776555e-08 0.25349957 2.7545984e-05 1.653254e-06 0.0031141085 0.0019239112 0.0016386809 0.00039698422 0.0043165567 0.0028107315 4.1675742e-07 6.1575335e-08 7.749791e-05 0.0024046837 0.0031064851 9.58112e-05 0.21454003 2.8928118e-06 0.03409757 0.013898673 0.07749428 5.1182997e-07 5.9138987e-08 3.2221814e-07 5.386097e-07 1.00100785e-07 4.324859e-09 7.40607e-08 4.0583426e-10 0.00048803427 1.7150184e-06 0.034956396 0.0007082539
0.8719102 0.0021396575 0.035961986 3.850186e-06 0.0012309444 4.9536998e-06 0.0016622435 0.2940581 7.918587e-06 0.5149852 0.00036181966 0.002377947 4.1774667e-05 0.16137396 0.000112193615 0.00072859885 0.98387265 2.761281e-13 0.00021430575 0.080137424 3.214551e-05 1.3501234e-05 0.015055333 0.00015526915 6.434095e-06 0.0006252319 4.5582792e-07 1.0185324e-06 0.0014194795 9.29653e-05 2.4752724e-05 0.9643731 4.8367485e-05 3.5321133e-07 3.3947111e-07 0.24724916 8.704815e-06 8.0645117e-07 9.5107487e-07 2.4185783e-07 1.2481707e-05 3.0664817e-06 0.38119185 0.015232329 0.06549722 4.1316176e-07 2.2517577e-06 9.489294e-07 0.00057221553 0.0018122923 4.852855e-07 0.5594911 0.00014794509 5.4941984e-07 4.5017227e-06 6.094587e-07 1.946843e-06 0.48210493 0.00010642659 0.73588353 0.000118597076 0.6957264 0.63148576 6.5993695e-06 0.020480895 0.045034073 0.012580077 2.881612e-07 9.575598e-08 0.25842047 1.4211949e-05 4.838058e-07 0.0021900553 0.0011850166 0.0010443832 0.00011323284 0.021349655 0.013871111 1.198964e-07 3.6791693e-07 6.983148e-05 0.0035745571 0.018823646 2.2792581e-05 0.24792092 1.6281108e-05 0.15360963 0.013990274 0.06870541 1.2322616e-05 3.5861813e-08 5.736517e-07 3.500571e-07 1.2743778e-06 1.5415797e-08 6.573289e-08 8.3054355e-09 0.0007541088 5.3618223e-06 0.038470216 0.0026685616
0.017857682 3.120446e-05 0.016668843 5.2539775e-07 0.054532748 0.0049394695 2.9364787e-06 9.131764e-05 1.793324e-06 0.002232502 0.99147123 4.0175988e-07 3.568055e-07 0.7344498 4.1457692e-08 1.4763057e-07 0.00029304335 0.00021430575 3.7368544e-09 0.04307051 8.480488e-07 9.302432e-08 1.169523e-06 4.3657618e-08 6.578853e-06 1.4989493e-07 8.448078e-07 8.0777774e-08 0.9920252 1.0660314e-06 1.2669617e-06 0.0007195939 1.3211686e-06 2.4748486e-08 1.8376338e-07 1.426526e-05 1.3843873e-05 1.0945547e-05 1.0007042e-07 3.0869535e-06 3.8284406e-06 5.13413e-07 0.017671328 0.04643503 3.0327294e-07 6.4964547e-06 2.623505e-07 7.5371766e-08 0.082264304 1.1445352e-05 5.6234408e-06 9.284281e-06 0.0053037773 5.866766e-07 1.5026549e-07 8.606314e-08 4.0484798e-07 0.0016373609 3.5067393e-07 0.00013649139 0.039137658 0.0003346475 0.0009927251 2.5706672e-07 0.0019927584 7.1675454e-06 2.8307975e-06 6.922137e-08 1.7129186e-07 3.0303963e-05 2.1341985e-07 4.69282e-08 6.832751e-07 4.434251e-06 1.0941596e-06 8.454978e-07 0.001124454 0.00094364124 3.0473353e-07 2.1200703e-08 2.700189e-07 0.0013147778 0.00051759026 7.0186604e-07 0.00021082736 0.0008182886 0.00061756006 3.666801e-05 0.00019041127 6.9366064e-07 3.5011186e-07 2.9106661e-06 1.0921169e-05 5.3105392e-05 2.6905724e-07 2.1321023e-06 1.8800096e-08 7.234337e-06 3.0021346e-07 0.000260419 0.0011486703
0.7550253 1.5820922e-05 0.0041997866 3.5074046e-07 0.0036948537 1.4979283e-06 1.9764313e-05 0.0028595228 1.956891e-06 0.2702423 0.0031853407 2.3667706e-06 2.9583928e-06 0.98405284 4.827325e-07 2.8856034e-06 0.036694184 0.080137424 0.04307051 3.6905878e-12 4.7198846e-06 3.443775e-08 2.7820044e-05 2.0458667e-07 2.2147248e-07 3.7299188e-07 1.655555e-07 2.0472923e-08 0.6359985 1.5891062e-06 5.3475264e-07 0.58893466 5.780208e-07 1.6331967e-08 9.178444e-08 0.00027030657 6.5477698e-06 3.3678905e-06 4.477134e-08 4.7677755e-08 1.2515522e-07 8.569275e-07 0.9507643 0.7485104 5.7286717e-05 7.5377193e-07 2.9983374e-07 8.6785136e-08 0.10910975 1.6343974e-05 2.664034e-07 0.0018498757 0.009184329 3.3246735e-07 1.657009e-06 2.1609079e-08 5.7810456e-07 0.88849837 1.3916232e-06 0.037852686 0.0012568667 0.41154176 0.6779799 4.948283e-08 0.3223633 0.00030384978 7.7977274e-05 9.6968655e-08 2.8062168e-08 0.0060828174 2.3071875e-07 8.284678e-09 1.37392435e-05 2.4448813e-05 2.930228e-05 2.4553199e-06 0.14984591 0.071230695 1.2259966e-08 3.192403e-08 6.685648e-08 0.031473156 0.042215947 1.1267241e-07 0.008975233 0.00024230008 0.065097556 0.00044383234 0.003143529 6.801639e-06 2.5190676e-08 4.4858038e-07 1.23577735e-08 1.886854e-05 2.9355925e-07 2.1145017e-06 1.8335577e-08 1.4603244e-05 1.7308447e-06 0.0029268248 0.0044860183
0.019218415 0.006507567 4.0263363e-05 1.98593e-06 6.9321885e-07 4.615881e-06 0.003958931 0.00017209856 0.3502164 1.9770976e-06 1.1332195e-06 0.01909114 0.53766084 6.9646417e-06 0.75540024 0.009383672 2.7347263e-05 3.214551e-05 8.480488e-07 4.7198846e-06 2.8420907e-16 0.5294847 0.007283057 0.23814842 0.9662752 0.02195515 0.9973446 0.49222016 3.5848989e-06 0.087029174 0.071974955 1.3389748e-06 0.11401081 0.05977369 0.5393784 0.0013768678 0.022856278 0.103464946 0.011808639 0.0038523737 0.12955251 0.028279038 2.6926518e-05 1.4285749e-05 0.0005364114 0.01057193 0.023437528 0.00096385874 1.1919543e-06 0.019927792 0.00011491699 0.00023237902 1.3563735e-07 0.000293581 3.5893188e-06 1.2952881e-05 6.432702e-08 3.0926127e-05 0.025124278 1.1093544e-05 1.7170123e-05 1.0588168e-05 1.7275854e-05 0.0016149072 1.389351e-05 0.00037585403 0.00022047246 0.00019312983 3.1859418e-07 4.0782425e-06 0.003431293 0.0009214083 0.0014560871 0.0020530398 0.0020154035 0.0047948384 1.6338317e-05 9.400039e-06 0.00011088969 3.0701878e-07 0.0007119857 2.0089767e-05 9.058251e-06 0.00077837927 1.6335006e-06 2.490388e-07 1.1986507e-05 0.0003873802 0.00043804533 1.7735023e-07 1.1401686e-07 6.52558e-09 0.00055401615 4.5252437e-09 2.2982967e-08 2.1895883e-09 3.3655259e-09 3.5903515e-05 6.840513e-08 0.00028861352 1.9245772e-05
0.9086366 0.0039636875 2.160086e-06 1.6160263e-07 1.7554712e-06 2.8382665e-08 0.0019700322 0.00018554226 0.0073287953 2.2609868e-06 1.4216354e-07 0.02376852 0.11302177 2.6499302e-07 0.80256397 0.101980366 9.76535e-05 1.3501234e-05 9.302432e-08 3.443775e-08 0.5294847 1.4969232e-15 0.12687084 0.9217319 0.96115416 0.2182465 0.3970538 0.9681505 1.018547e-06 0.5858884 0.5294303 2.8916643e-06 0.52593607 0.07650552 0.08812743 0.02025226 0.0027950606 0.0016729869 0.0069627934 0.00039903217 0.44052646 0.07410528 4.577331e-06 2.1722857e-07 0.019308861 8.849138e-05 0.09317921 0.00012576861 5.742379e-07 0.16062608 1.0823899e-05 0.003265494 7.346488e-08 0.000211808 1.469255e-05 1.2039688e-05 8.268268e-07 1.9053932e-06 0.04756358 4.9871815e-05 6.79933e-08 2.7451051e-05 2.6404325e-05 0.007348637 8.6631665e-08 0.01855381 0.00839392 7.984725e-05 3.8842543e-07 0.00066404947 0.015236935 0.005963893 0.0239649 0.018288305 0.017699173 0.02014628 1.516649e-05 2.5374432e-06 0.0003107808 6.922609e-07 0.00522995 4.766264e-07 2.4716455e-06 0.004921273 0.00054403185 1.0578937e-08 2.0743562e-05 0.008282049 0.021692786 4.6302955e-07 7.7822e-07 6.0750854e-10 0.00042859273 1.5951257e-09 1.6863461e-07 9.676384e-10 1.5989363e-09 0.0016016058 4.9672058e-06 0.004709656 2.0175745e-05
0.93661356 0.06255668 0.00024792 3.5244263e-06 7.679987e-06 1.2614917e-06 0.027908823 0.26595232 0.007925027 0.004577864 6.391313e-07 0.43500614 0.07471745 3.5387424e-05 0.39263856 0.93346834 0.06533145 0.015055333 1.169523e-06 2.7820044e-05 0.007283057 0.12687084 8.194359e-17 0.82123065 0.0108934175 0.9667061 0.0015156211 0.02026342 9.180226e-07 0.23366745 0.041400116 0.0016469156 0.067946725 4.638344e-05 0.00015801132 0.8829287 6.292405e-05 2.3719755e-05 2.2280372e-05 1.1515137e-05 0.014539094 0.000112076195 0.00032739175 2.9621713e-05 0.6195519 8.324285e-07 0.00031001176 4.242963e-06 1.8707593e-06 0.38595816 2.5722063e-06 0.38528594 3.9246114e-08 1.1753826e-05 6.906753e-06 1.0337958e-06 1.3384207e-06 0.0005604799 0.0046810806 0.021820048 1.810796e-07 0.006549831 0.0020707797 0.00015051686 2.6833566e-05 0.6580723 0.31082177 9.454784e-06 1.18087456e-07 0.027823828 0.0007680925 4.419182e-05 0.10320809 0.023540892 0.02648385 0.007969327 0.00043368267 0.00015400634 5.6071294e-06 9.6738844e-08 0.0012581198 8.138517e-06 0.00013575869 0.0011933425 0.025736878 1.325216e-07 0.0018331234 0.10941332 0.21514052 3.0113373e-08 1.5885963e-07 3.3062538e-08 5.438001e-06 6.685342e-08 2.174046e-08 4.7100883e-09 1.6755782e-09 0.002678527 9.546816e-07 0.05303009 0.00016410596
0.96047384 0.030811986 0.00010216865 3.662434e-06 7.0898536e-06 1.2996417e-06 0.012544795 0.008748249 0.015604755 0.00017609324 2.3718087e-08 0.2775511 0.19476052 5.506544e-06 0.8423095 0.9450811 0.0011957445 0.00015526915 4.3657618e-08 2.0458667e-07 0.23814842 0.9217319 0.82123065 4.7296723e-15 0.21071732 0.9138675 0.040234543 0.6297723 2.6028675e-07 0.87653565 0.54024816 7.392794e-05 0.57881635 0.002825723 0.0037028026 0.24924809 0.00075943867 0.0002889503 0.0011666897 0.00014452387 0.43903542 0.0048359768 3.097518e-05 4.8194015e-06 0.10532103 1.0698134e-05 0.013964986 0.00012369342 8.2877756e-07 0.5005147 1.8400418e-05 0.029576806 1.0129619e-07 0.00010569902 3.7677262e-05 4.9681177e-05 8.212547e-06 8.686741e-05 0.027360141 0.0011382101 6.375913e-08 0.00052130915 0.00049137155 0.001868523 6.63786e-06 0.4032378 0.091342606 8.9586676e-05 5.4001123e-07 0.0030439869 0.012843897 0.0024327664 0.1311369 0.034847643 0.032026093 0.022842541 0.00013619609 2.9801755e-05 0.0004905465 8.73339e-07 0.008452717 2.939861e-06 1.0325154e-05 0.009416263 0.0039821467 3.2388932e-08 0.0012745524 0.053459045 0.106750615 5.78023e-07 1.8957958e-06 2.5954696e-08 0.00017744322 1.6896166e-08 1.7553815e-07 2.0367366e-09 1.6853711e-08 0.0032706193 2.1201971e-05 0.039875273 0.00010188365
0.45481858 0.0010324486 5.8287683e-06 2.8273323e-07 1.7971686e-05 1.8901461e-07 0.002433105 0.000109856155 0.013931479 3.000659e-06 1.6808559e-06 0.0032018798 0.08661883 7.892515e-06 0.5423138 0.01291334 1.8058568e-05 6.434095e-06 6.578853e-06 2.2147248e-07 0.9662752 0.96115416 0.0108934175 0.21071732 1.2079069e-14 0.017072996 0.9264436 0.9402127 5.8559526e-06 0.16081825 0.1673378 4.092686e-06 0.22547348 0.3630984 0.47312027 0.003588782 0.05418558 0.047609072 0.05923493 0.011216714 0.2914495 0.09693381 4.3055725e-06 3.1674813e-06 0.0012192447 0.0026720122 0.073821075 0.0067551676 1.2386227e-05 0.039956145 0.0015060151 0.0003080002 1.8338697e-07 0.00248987 0.00026381257 0.0002599793 5.816167e-05 5.0206936e-06 0.060675442 3.4605653e-06 5.729133e-06 1.4421711e-06 1.1357691e-05 0.012707876 2.5050413e-06 0.0016484091 0.0008876765 0.00058679195 1.8816455e-06 1.2929505e-05 0.010206318 0.006863892 0.0051216963 0.0070026824 0.0068371743 0.012012485 1.5528507e-05 4.200992e-06 0.001007681 5.691324e-06 0.0013320476 3.1093464e-06 2.6279533e-06 0.0015771152 8.637136e-05 1.1916746e-06 2.1517706e-05 0.0012342476 0.0015920583 5.4732764e-06 3.97998e-06 3.004453e-08 0.0005186899 1.809119e-08 1.8101097e-06 3.0210123e-09 7.7989796e-08 0.0002067569 1.041234e-05 0.00034242048 1.8290806e-05
0.946821 0.04099892 0.000160582 5.8354317e-06 3.2451203e-06 2.479862e-06 0.0101815965 0.046785254 0.0066847913 0.0006446152 3.663763e-07 0.2497241 0.09881888 8.03742e-06 0.38264203 0.8153051 0.0052316436 0.0006252319 1.4989493e-07 3.7299188e-07 0.02195515 0.2182465 0.9667061 0.9138675 0.017072996 3.5399257e-17 0.0013918058 0.05489369 8.657087e-08 0.4869993 0.14631224 0.00012547319 0.2780169 0.00024170397 0.00021063846 0.7241367 4.3097163e-05 2.6057663e-05 7.300759e-05 1.2986548e-05 0.0778668 0.0013098957 4.424183e-05 4.779649e-06 0.4652574 2.7331473e-06 0.0026868854 1.4534414e-05 9.895822e-07 0.6283395 2.260877e-06 0.1869871 7.294808e-09 4.4799766e-05 7.764524e-06 6.4688197e-06 9.0013424e-07 4.862635e-05 0.02575102 0.005254494 7.781521e-08 0.0012509372 0.00037493024 0.0013833717 1.1120931e-06 0.4597339 0.2794452 5.611171e-05 5.1445056e-07 0.01268259 0.003207459 0.00047343786 0.123647526 0.04542735 0.035735033 0.01664077 0.0001229337 5.641624e-06 0.00014568615 7.960412e-06 0.006231363 6.076897e-07 4.1497888e-06 0.0033307574 0.011632234 6.582047e-08 0.0003320097 0.097406164 0.17521693 1.2136957e-06 2.1847109e-06 2.2419716e-08 0.00011050194 2.4858856e-08 3.659782e-07 5.1018714e-09 2.3124688e-08 0.0033483428 2.4630981e-05 0.03659547 4.2332646e-05
0.026535848 1.866464e-05 8.9539995e-08 9.057145e-08 3.5196133e-06 2.3666075e-08 8.523495e-05 2.1747558e-06 0.0077188932 5.4814547e-07 1.7334669e-07 0.00047073702 0.011235225 3.6481396e-07 0.27251396 0.000733371 6.728334e-07 4.5582792e-07 8.448078e-07 1.655555e-07 0.9973446 0.3970538 0.0015156211 0.040234543 0.9264436 0.0013918058 3.947446e-17 0.5312911 1.919552e-08 0.03150852 0.044407565 1.8213685e-08 0.046829216 0.3849465 0.87044054 0.0005869201 0.10270452 0.24495895 0.24129228 0.036267918 0.09411796 0.08140776 8.5413143e-07 1.08063546e-07 0.00017832995 0.063779995 0.044759903 0.021030564 1.8813485e-07 0.0082749585 0.0035560112 1.0254636e-05 2.7697382e-08 0.0017475388 0.00023304792 4.2175125e-05 9.73234e-06 1.2337355e-06 0.03847539 2.966191e-07 2.6358196e-08 6.8827563e-07 7.469954e-06 0.01202753 4.4486245e-07 0.00011957468 3.764691e-05 0.00033118876 4.641273e-07 4.0529687e-07 0.003069023 0.0034872734 0.0006104962 0.0012856311 0.0013826852 0.0035089443 2.80386e-06 1.2753031e-06 0.0004910186 9.710492e-07 0.00065707235 3.9207584e-06 3.5166674e-06 0.000734307 3.874692e-06 1.4381902e-07 2.302182e-06 0.00016796125 0.00025116414 2.0791083e-06 4.9019905e-06 9.236318e-10 0.0002103193 6.339613e-10 3.3742157e-07 8.6228835e-10 5.2403337e-08 4.1780204e-05 1.8355488e-06 0.000155121 4.882028e-06
0.95682913 0.00023852057 1.2130026e-06 8.209321e-08 2.8173881e-06 2.9743703e-08 0.000335163 1.1525728e-05 0.0011103265 2.3127699e-07 2.2815045e-07 0.00039923753 0.016340002 9.474622e-08 0.16636597 0.011775133 4.8315e-06 1.0185324e-06 8.0777774e-08 2.0472923e-08 0.49222016 0.9681505 0.02026342 0.6297723 0.9402127 0.05489369 0.5312911 7.6496493e-16 3.131021e-06 0.5418259 0.6106438 1.6172035e-06 0.6882861 0.64798164 0.44507414 0.0058924924 0.032154914 0.029508835 0.13841501 0.01363414 0.7271686 0.66872734 3.6248503e-06 2.2263147e-07 0.0065434 0.001510494 0.5502506 0.010122442 6.7284685e-07 0.11976894 0.0005649776 0.0011162696 2.6525178e-08 0.0110252425 0.00023008061 0.00070046686 7.253245e-06 1.0867999e-06 0.2810107 7.5947264e-06 6.034867e-08 6.381918e-06 1.6951599e-05 0.14114806 2.9643004e-08 0.0059725167 0.002784623 0.0021561636 4.169771e-06 0.00016390654 0.12787206 0.09689448 0.01206535 0.0221464 0.019315673 0.07743492 2.4648195e-06 4.9042603e-07 0.014637377 2.0437588e-05 0.042646993 1.6020593e-07 8.0196446e-07 0.038654022 0.00015099763 1.8988539e-08 8.642808e-06 0.004314466 0.008625526 1.4291798e-05 3.8679473e-06 2.8833465e-09 0.0022688054 1.0185912e-09 3.7453228e-06 1.7083458e-09 1.8984805e-08 0.0012671424 4.9732702e-05 0.0024896855 2.230678e-05
0.101597264 2.9812527e-05 0.005423987 1.689768e-06 0.0064228885 9.906384e-06 8.488984e-07 0.00010142937 1.0552281e-07 0.0049568713 0.016444901 2.8255693e-07 5.0617484e-07 0.8815849 1.05272534e-07 5.869486e-07 0.0014390835 0.0014194795 0.9920252 0.6359985 3.5848989e-06 1.018547e-06 9.180226e-07 2.6028675e-07 5.8559526e-06 8.657087e-08 1.919552e-08 3.131021e-06 7.9279123e-13 3.4243546e-06 7.854937e-07 0.015539501 2.3772418e-06 3.6626662e-07 4.2979522e-07 1.6347996e-05 1.5205694e-05 3.441572e-06 4.3249952e-07 1.3967848e-06 1.4668085e-06 3.0473457e-06 0.39187464 0.8882563 5.1676017e-07 3.4763998e-06 1.7600549e-07 1.3052983e-06 0.75753 2.206485e-06 2.0201718e-05 3.146012e-05 0.08772315 8.9028816e-07 1.5386386e-05 5.065078e-08 8.1564923e-07 0.2502841 9.1250513e-07 0.0005162654 0.49651372 0.011760734 0.033719726 7.8266076e-08 0.2229772 6.8293644e-05 2.4316978e-06 3.02057e-08 4.5573142e-07 0.0006474783 8.817093e-07 2.6975389e-08 3.6425963e-06 9.882453e-06 1.7734821e-05 3.8047856e-06 0.052245453 0.045560785 7.668847e-08 2.8099802e-09 2.4149944e-07 0.066913895 0.04242763 9.225547e-07 0.00082219235 0.0025686983 0.004547609 0.00032669998 0.0006654168 1.079156e-06 4.6946816e-08 3.3259785e-06 6.05894e-07 8.588019e-05 3.3540806e-09 1.8062135e-05 4.9180535e-11 0.00010081121 2.5369422e-06 0.0013951466 0.015544029
0.87039244 0.0011007093 9.29415e-06 1.1352628e-06 5.687352e-06 3.6561698e-06 0.002012393 0.0006199774 0.002489966 1.8277222e-05 4.0277266e-07 0.010529414 0.012510136 1.1485497e-06 0.18598889 0.076458536 0.00019399116 9.29653e-05 1.0660314e-06 1.5891062e-06 0.087029174 0.5858884 0.23366745 0.87653565 0.16081825 0.4869993 0.03150852 0.5418259 3.4243546e-06 4.880532e-16 0.98323894 2.5503048e-05 0.92766726 0.023305917 0.008318541 0.17705734 0.0010696441 0.00078696973 0.004301863 0.00028046197 0.74076474 0.025250506 5.3203985e-05 4.0912223e-06 0.15453939 5.5156394e-05 0.028743029 0.00038958533 3.0899166e-06 0.7724681 4.0512685e-05 0.038895216 5.467512e-08 0.0003853983 0.00013175033 0.0002038605 4.7790996e-05 9.0408e-06 0.3258567 0.0019957623 1.3045273e-07 0.00022800268 0.0002475054 0.016788825 1.3536475e-06 0.04564845 0.046537034 0.00029444878 8.320658e-07 0.003036195 0.07095183 0.013749666 0.13844116 0.18605772 0.15277262 0.11466404 0.00013461104 4.1036976e-05 0.0010942558 5.380183e-05 0.019318298 7.2267317e-06 1.15692e-06 0.020851035 0.0056070364 8.929184e-08 0.0008382947 0.037274685 0.02506832 8.3619113e-07 1.3658545e-05 7.147443e-08 0.0006574745 2.2602322e-08 5.0082906e-07 1.1645847e-08 1.7597605e-08 0.010176151 5.202656e-05 0.016693773 9.6047326e-05
