5.505368e-21 0.9607227 0.9869581 0.9935253 0.9364704 0.9779144 0.96264553 0.98907274 0.99082357 0.9899774 0.9519629 0.91768587 0.8870363 0.9685624 0.90283 0.90554637 0.95843625 0.9957496 0.97107893 0.98326755 0.9999847 0.9258301 0.768207 0.98557776 0.7822748 0.97746134 0.81400704 0.8678166 0.9150166 0.78108615 0.9670878 0.7457439 0.99781585 0.728794 0.6964319 0.97045374 0.41864392 0.8198193 0.9118615 0.997463 0.9994549 0.92172945 0.80998296 0.9814005 0.8117184 0.97156376 0.9483243 0.71043444 0.67158633 0.24619715 0.90866345 0.7365841 0.07084919 0.5563061 0.102476776 0.18530144 0.41154295 0.1740609 0.9983934 0.85419 0.6394093 0.45173743 0.16349873 0.95248973 0.011089435 0.17475311 0.06698625 0.5332474 0.0061390027 0.9845943 0.70588857 0.023588546 0.0052879816 0.0014450382 0.66478944 0.8748413 0.018683247 0.865481 0.14105901 0.1033216 0.55302185 0.0078714425 0.21879773 0.5123586 0.6434001 0.0025420147 0.040681884 0.010732225 0.0013413279 0.9427755 0.003122155 0.2797583 0.012097259 0.0607413 0.006534941 0.018189343 0.012672754 0.18232332 0.90816534 0.8630537 0.030840093
0.9607227 1.724749e-16 0.94805306 0.8242769 0.79641855 0.78071344 0.65041167 0.058547813 0.2232157 0.029309226 0.80637527 0.89431715 0.017373608 0.45583248 0.6196475 0.024976436 0.09837571 0.18875678 0.0009587665 0.00018849665 0.38104853 5.459613e-06 0.012630839 0.06351692 0.05664282 0.0026041877 0.00059982546 0.016101807 0.116651006 0.7111691 0.6203724 0.21391003 0.03928927 0.00077737786 0.0033226737 0.0051604314 0.00024788195 0.0038420653 3.2137297e-05 0.010006033 0.0085623395 0.00019300186 8.390658e-06 0.0005672435 1.3073327e-06 0.00071087875 0.00010386193 0.00010372701 5.133395e-07 0.0012743968 0.027372835 0.3076322 8.1804785e-05 0.091482565 2.3526682e-05 0.08882823 0.015893815 0.016564958 0.000175237 0.0002441327 0.00019061404 0.000264022 0.0033332934 8.716986e-06 3.0233311e-06 3.5666093e-05 2.535972e-06 0.00011663432 7.839165e-06 1.5897876e-05 0.000103638915 0.0035033603 4.0760828e-05 0.00029524032 6.445146e-07 4.501845e-05 0.0022004596 1.5432707e-07 3.4513697e-08 1.9896733e-07 1.8481746e-06 0.00064266566 2.3551891e-05 1.338706e-05 6.1774233e-07 8.6240405e-05 0.00015353692 0.0013984989 0.00010092636 2.0132862e-05 8.4669395e-08 2.700566e-08 5.108688e-07 2.9571286e-06 7.3811134e-07 2.0180883e-05 2.4170174e-07 3.6798656e-06 7.416366e-05 1.3851863e-07 2.3191144e-06
0.9869581 0.94805306 2.280848e-14 0.10246837 0.8753479 0.105914645 0.64817834 0.0015228769 0.23669997 0.0008642344 0.06088948 0.26653013 0.0003617167 0.8508814 0.88551486 0.00029637947 0.61634284 0.34798303 9.658707e-05 1.411591e-05 0.2772238 3.3985626e-07 0.00023036668 0.07109917 0.5696275 0.0006327642 2.8639739e-05 0.1689241 0.018533278 0.0942624 0.6823586 0.030430589 0.04758669 0.02816862 0.00015182025 0.007964715 6.074574e-05 0.1504855 2.1225871e-06 0.0035218582 0.0034394036 0.00010247877 9.8844e-07 0.0033726029 7.103816e-08 0.00090774876 3.9242394e-05 1.8608991e-05 7.1274e-07 0.0722478 0.014149625 0.22870304 1.9165933e-05 0.20652251 1.698006e-05 0.08968775 0.23064807 0.0103209615 0.000120592755 0.0012007108 0.0010848651 0.0012705675 0.0007554167 1.0559439e-05 6.130358e-06 0.0012376505 1.3694015e-06 0.0015602426 2.2722056e-06 3.6246518e-05 0.00063579984 0.02379573 4.3447148e-05 0.0008397094 1.9093058e-08 6.130321e-05 0.00010363594 2.5745548e-08 2.7394965e-08 5.751858e-08 1.3654997e-06 0.00011166513 1.4955867e-05 6.184255e-05 6.579988e-08 0.000563403 0.0054696403 0.009828575 8.912064e-05 6.60877e-05 1.3878028e-07 2.182909e-08 3.86972e-07 1.9493352e-07 8.9708243e-07 5.572455e-05 2.5670118e-07 1.0106144e-05 0.0001702138 4.1725666e-08 6.993931e-07
0.9935253 0.8242769 0.10246837 5.293484e-16 0.038858358 0.9575122 0.42535973 0.4306331 0.25135005 0.21227914 0.87470186 0.6273441 0.17213124 0.016295144 0.043229558 0.18162256 0.0040330677 0.281044 0.015511938 0.005021405 0.7649385 0.00850501 0.092888065 0.24914445 0.019275531 0.0029242584 0.043003846 0.0026834859 0.4357353 0.13291235 0.18696411 0.16356105 0.08456773 0.00015746376 0.14503537 0.004743965 0.05581409 0.0038102688 0.012654319 0.057116263 0.031163624 0.0011454843 0.007730887 0.0058904733 0.0013975257 0.0017295876 0.0067569334 0.010414188 0.003359898 0.00050080265 0.32170543 0.20134091 0.0009343995 0.035458088 0.0026771263 0.017532302 0.010173162 0.030849433 0.0031485981 0.00041816756 0.000350271 0.00036889172 0.011789056 0.00077570893 5.9486843e-05 9.2564505e-06 3.2498636e-05 9.2212555e-05 8.747181e-06 0.00018609568 0.00034632083 0.0003361869 0.00011646437 1.5603458e-05 3.3019322e-07 0.0014485919 0.0019551143 1.1479217e-05 8.7634163e-07 2.6665264e-06 3.2614942e-05 6.6826746e-05 0.00032327406 6.5518085e-05 3.709914e-05 1.1688222e-05 4.1150884e-06 7.897813e-05 9.8053415e-06 0.00057553704 9.217017e-07 6.8254826e-07 2.1906046e-06 1.5115265e-06 8.108914e-06 1.9374553e-05 1.184638e-06 1.9063565e-06 0.002106881 1.6119421e-06 4.9653772e-06
0.9364704 0.79641855 0.8753479 0.038858358 3.20409e-16 0.07749458 0.96731406 0.00088348665 0.74872875 0.0006481489 0.020918233 0.019499471 0.00031132868 0.8274773 0.6044278 0.00035689518 0.91374034 0.5086713 5.227035e-05 2.5138554e-06 0.1692763 1.6274511e-07 0.00021835299 0.1766722 0.058637176 0.00013857789 7.906785e-06 0.47531587 0.0010017405 0.03004223 0.046908934 0.009598598 0.05501355 0.24526724 2.8101042e-05 0.3209617 4.9633036e-06 0.046295762 8.950734e-07 0.0040977555 0.00481552 1.5866053e-05 8.265683e-07 0.023440545 5.832939e-08 0.016973795 0.00012301042 2.6201783e-06 1.920972e-07 0.0062035415 0.00021711749 0.0028076626 4.4510202e-06 0.008703458 2.929444e-06 0.001171913 0.0042884173 0.00017397349 0.015660767 0.02493345 0.009306315 0.010094822 0.0011614647 2.650781e-06 1.4656017e-06 0.0017684299 8.180444e-06 0.0072462275 1.3322915e-06 9.729263e-05 0.010819901 0.0019867383 3.8320572e-06 0.0002121857 6.648782e-08 0.00072308746 9.0994945e-05 1.784451e-08 1.151282e-09 4.5074145e-08 4.909429e-08 3.0220732e-05 0.00010545576 0.0011853862 4.3856e-08 7.029855e-05 0.0006589013 0.00021817898 8.644981e-05 0.0005173805 1.455669e-07 2.0199483e-05 3.2966087e-05 2.8390912e-07 5.102061e-07 6.175921e-07 4.9781715e-07 6.148465e-05 0.0014416041 2.037813e-07 4.1535284e-05
0.9779144 0.78071344 0.105914645 0.9575122 0.07749458 1.1166877e-15 0.4167473 0.8690363 0.20632191 0.77643085 0.8878046 0.38536397 0.70878464 0.002241306 0.009664756 0.54737705 0.0010618663 0.12606575 0.09416071 0.02080428 0.7150613 0.019559247 0.27617458 0.15856883 0.0030297088 0.019899882 0.101501755 0.00031071738 0.39436194 0.057203416 0.020703953 0.094038196 0.045620505 2.630041e-05 0.13754267 0.004740643 0.07131554 0.00017599856 0.024817018 0.07121151 0.043639876 0.003910326 0.012347233 0.0012181697 0.0033318806 0.0011752864 0.010256848 0.022608828 0.0019865904 0.000110527035 0.17292891 0.07209597 0.002781555 0.0103903 0.005081783 0.0025611864 0.0013395326 0.01132869 0.0011716498 0.00010527058 9.114086e-05 0.00014700505 0.016183877 0.0012138602 0.00015546652 4.668817e-06 0.00018128012 1.293582e-05 0.00016944367 0.00010597923 0.00011147434 0.0003780143 0.00024711012 0.00012745894 3.9800675e-06 0.0005305778 0.0038174633 0.00010682724 6.5964623e-06 4.0242634e-05 0.0002615542 0.00024516 0.0003427733 2.743375e-05 0.00016310038 1.1547678e-05 2.247395e-05 4.500759e-05 1.714078e-06 0.00032478542 1.6625002e-06 4.7879274e-07 1.1005454e-06 4.028395e-05 1.0500322e-05 6.9441685e-06 1.9425615e-05 1.3467535e-06 0.0010492315 9.746041e-06 3.2545856e-06
0.96264553 0.65041167 0.64817834 0.42535973 0.96731406 0.4167473 2.804097e-16 0.010983683 0.9692806 0.009763759 0.092457466 0.0926273 0.0036886907 0.29683092 0.23294878 0.0036198655 0.46469164 0.6051836 0.0011961621 0.00048764626 0.32706437 1.3395578e-05 0.0006151398 0.42151624 0.06582621 0.0068168547 9.3340735e-05 0.106926866 0.009086679 0.0348332 0.13503966 0.007815763 0.07566778 0.06963581 0.00030394396 0.27022436 0.00014402607 0.06421322 4.1733412e-05 0.014820142 0.016215192 0.00046997285 6.4919836e-06 0.08000042 1.9820213e-06 0.012096129 0.0005262405 0.000109046996 3.9841592e-07 0.009835017 0.0019683093 0.01772543 3.708004e-05 0.015432989 8.164879e-06 0.001759817 0.0075008296 0.0006760249 0.00656267 0.03167894 0.01629196 0.009174314 0.0012358783 2.1518526e-05 2.6052357e-06 0.0021516006 5.1269344e-06 0.006404304 1.792088e-06 1.3485187e-05 0.027245045 0.0007590936 1.3180418e-05 9.3212104e-05 1.6109063e-06 0.00044873767 5.671296e-05 2.3088198e-06 1.422238e-08 1.5136146e-07 5.93751e-06 4.789667e-05 8.895056e-05 0.001775073 2.1087995e-07 1.6054533e-05 0.00063440466 8.369619e-05 2.4846546e-05 0.00029244588 8.943093e-08 9.646435e-07 2.6092514e-06 2.2617137e-06 6.87862e-06 1.2279749e-05 1.1583568e-07 0.0001388001 0.0015353576 1.3860134e-07 2.0128373e-05
0.98907274 0.058547813 0.0015228769 0.4306331 0.00088348665 0.8690363 0.010983683 4.6642876e-13 0.00417292 0.92197156 0.64278543 0.12908463 0.9117183 6.734021e-05 0.00041905843 0.85861236 2.6246713e-05 0.032945137 0.17966129 0.06308966 0.63481003 0.05755147 0.67634135 0.014411773 0.0004387406 0.01754145 0.5972161 4.0077657e-06 0.1876042 0.022895006 0.015738128 0.046317782 0.029971438 8.893555e-07 0.39970228 8.9916044e-05 0.3443575 4.125332e-06 0.110253766 0.037018273 0.03166055 0.005067917 0.058559533 0.0001342527 0.018491842 4.422474e-05 0.0038487215 0.16361691 0.023086132 2.2905848e-05 0.1855121 0.03670462 0.010972372 0.006491526 0.048893347 0.0010986611 0.0012374562 0.007908976 5.439099e-05 7.79204e-07 6.0144703e-06 1.3170995e-05 0.04096747 0.0072527956 0.00061142584 4.4904306e-07 0.0008754425 5.42672e-07 0.00065002573 2.2829257e-05 1.4789148e-06 8.923707e-05 0.00054935674 3.4103196e-05 8.9346195e-06 2.4545297e-05 0.0018977714 0.0002893375 6.725203e-05 0.00019414829 0.00036808202 0.00019562099 5.142612e-05 5.8121356e-07 0.0005585469 5.7215e-06 2.6305413e-06 0.00012794694 7.701741e-06 6.809957e-05 6.6280045e-06 5.369863e-09 3.8993992e-08 4.931014e-06 0.000106373314 0.00016309136 2.0562671e-05 1.5313236e-07 8.1103724e-05 9.742577e-07 1.2264837e-07
0.99082357 0.2232157 0.23669997 0.25135005 0.74872875 0.20632191 0.9692806 0.00417292 2.6792324e-16 0.0047096354 0.028784074 0.013542694 0.0014951503 0.099866524 0.05556836 0.0007838059 0.26166946 0.8853919 0.00040330677 4.445902e-05 0.29767418 1.1589745e-05 0.0005319153 0.8293357 0.017009623 0.00063614134 5.04052e-05 0.09511346 0.00045135594 0.013398909 0.0123203965 0.0051516886 0.34729525 0.058604676 0.00024106607 0.60976446 3.293184e-05 0.019410733 2.2634e-05 0.0063210707 0.01262144 0.00027688802 8.171672e-06 0.10005244 1.4363007e-06 0.071670584 0.0007033771 3.4731622e-06 4.684362e-07 0.0022943455 0.0003066213 0.0038928064 4.1219146e-06 0.0051737754 4.736555e-06 0.0007683101 0.0010955891 7.7714394e-05 0.092497185 0.063741714 0.0384517 0.01913153 0.00061989226 9.054589e-06 1.1115004e-06 0.0007540034 8.220739e-07 0.007987824 3.5043487e-07 0.0001740581 0.07479732 0.00055759185 2.0534246e-06 7.190416e-05 1.4696039e-07 0.003148852 3.8685906e-05 1.4972107e-07 7.27043e-09 7.646354e-08 1.303082e-06 1.554368e-05 0.00074899674 0.009615713 5.3955307e-07 1.6294063e-05 5.538362e-05 1.2858407e-05 3.0545485e-05 0.0015126969 7.0863045e-08 7.5451775e-05 0.0001364068 3.5667297e-06 1.6357641e-06 1.4930657e-07 5.084272e-08 7.068011e-05 0.009523343 2.9711032e-07 0.00017235988
0.9899774 0.029309226 0.0008642344 0.21227914 0.0006481489 0.77643085 0.009763759 0.92197156 0.0047096354 5.0931443e-15 0.12729974 0.010090769 0.9148507 1.571936e-05 5.8037054e-05 0.600831 3.008232e-06 0.029478176 0.78706664 0.59931034 0.8372516 0.24663 0.24214545 0.05148424 6.623004e-05 0.4480737 0.24451561 2.787773e-07 0.017629532 0.0011268109 0.0001821327 0.003631229 0.027893914 7.3242106e-09 0.05330906 0.0002125855 0.05968709 6.1088787e-07 0.37667105 0.20909862 0.12418403 0.037808012 0.07508384 2.239955e-05 0.051142406 9.721482e-05 0.033740643 0.088049084 0.01027307 3.2448759e-06 0.0031854091 0.00086727855 0.0043696617 0.0001376178 0.0038425548 2.3262435e-05 2.0852392e-05 0.0002509398 0.00025905194 2.7010518e-07 8.155489e-07 5.9353642e-06 0.0029685455 0.026634267 0.00041207965 3.1497885e-07 0.0022347663 1.9354125e-07 6.1391554e-05 0.00022509463 2.7709973e-07 1.7910466e-05 9.451398e-05 5.3795698e-06 5.2862495e-05 7.3901785e-05 0.00021106435 0.0024492044 0.00059790816 0.0018730758 0.005712804 3.029362e-05 0.0005555897 4.3847498e-07 0.0056971135 1.3943863e-06 2.1822036e-06 1.3874085e-05 2.8072045e-06 0.00022094119 3.8840804e-05 1.5104449e-07 3.275193e-07 0.00016975825 6.8208436e-05 1.3648068e-06 7.978817e-05 2.5381945e-07 0.0011918759 5.7113415e-05 1.6386995e-06
0.9519629 0.80637527 0.06088948 0.87470186 0.020918233 0.8878046 0.092457466 0.64278543 0.028784074 0.12729974 3.1287547e-14 0.94196546 0.11049947 0.0006393563 0.004105191 0.23238868 0.00017418998 0.07298523 0.005502657 0.001201987 0.35179093 0.00061594485 0.32760784 0.02252847 0.0022702306 0.0034737657 0.042956125 0.000109894405 0.91052324 0.37808868 0.055699117 0.49254853 0.019418104 1.2032479e-05 0.3489827 0.0007380111 0.09956953 0.00021037609 0.00058041565 0.01406429 0.008208273 0.00010190221 0.0007969494 0.00033078785 5.8712052e-05 0.00091194676 0.00024305642 0.006334679 0.00027636226 0.000167821 0.5951427 0.30054566 0.003246362 0.029744543 0.0070289937 0.023314198 0.004503441 0.10744911 0.00025004183 4.6639084e-06 9.980805e-06 3.195957e-05 0.09950216 1.7600469e-05 0.00030424414 7.808976e-06 0.00021400349 4.0776204e-06 0.0012695254 6.324839e-05 4.019348e-06 0.0004652607 0.003850124 4.4815923e-05 1.7826568e-06 7.249742e-05 0.03286738 1.2294532e-06 2.1986801e-07 2.8002178e-06 4.082348e-06 0.008429815 3.982097e-05 2.5656796e-06 3.035523e-06 1.1914524e-05 7.1182067e-06 0.0009300805 1.347153e-06 0.00031660107 2.347398e-06 4.3226777e-07 1.3997224e-06 3.83281e-06 4.981986e-05 0.00012603684 7.874843e-07 1.9940603e-06 0.00031044224 7.514393e-07 7.3329725e-06
0.91768587 0.89431715 0.26653013 0.6273441 0.019499471 0.38536397 0.0926273 0.12908463 0.013542694 0.010090769 0.94196546 6.783835e-16 0.005325955 0.010239946 0.047968294 0.01307442 0.0015620909 0.11802418 0.0005602113 5.2857707e-05 0.29444537 2.7504693e-05 0.015572828 0.022706617 0.016149674 0.0002013898 0.0008379883 0.0009518703 0.9371183 0.8178046 0.44048408 0.8178728 0.023349332 2.338359e-05 0.030332116 0.0010979688 0.003741127 0.0006556681 3.717665e-06 0.0032247666 0.0030242153 3.955163e-06 2.4326453e-05 0.00035434196 3.7437462e-07 0.0016531824 2.4136027e-06 0.00017348886 5.0199947e-06 0.0012443276 0.31733218 0.4937545 0.000330909 0.10028756 0.0004231991 0.12060769 0.020539057 0.15778993 0.00011410701 1.3826442e-05 2.9024603e-05 6.975034e-05 0.023754725 8.250899e-07 6.878761e-05 1.7235501e-05 2.9574265e-05 1.558521e-05 0.00015072312 8.351284e-06 4.7006183e-06 0.0053706486 0.0013469527 0.00028993853 2.690598e-07 1.1518399e-05 0.025553944 6.852632e-08 2.5854976e-09 1.3612109e-07 1.6875592e-07 0.011160594 1.8868954e-05 2.1968035e-06 2.210027e-06 6.094727e-05 1.1362101e-05 0.009924403 1.8193956e-05 0.00012153046 5.715515e-07 6.9717984e-08 4.459384e-07 8.838363e-08 1.9594598e-05 0.00049217406 6.650619e-07 8.832385e-07 0.00013743117 1.792316e-07 5.139594e-06
0.8870363 0.017373608 0.0003617167 0.17213124 0.00031132868 0.70878464 0.0036886907 0.9117183 0.0014951503 0.9148507 0.11049947 0.005325955 1.2044468e-14 2.6391186e-05 7.937167e-05 0.94801176 3.2878036e-06 0.014496437 0.4602459 0.056452278 0.2501561 0.110091016 0.84206104 0.007223724 0.00010728167 0.019011032 0.8286769 5.6051005e-07 0.04980736 0.0018516803 9.181198e-05 0.009590355 0.007871616 9.858533e-08 0.27600268 0.0001478788 0.3152962 3.618633e-06 0.34684783 0.024251148 0.010093955 0.002985865 0.15084668 6.4331165e-05 0.028953882 6.551771e-05 0.0020165176 0.24635461 0.02470742 2.681103e-05 0.023762025 0.001430811 0.034354754 0.00013055922 0.030775411 8.564284e-05 3.7782727e-05 0.0014740999 0.0002964188 6.1950296e-08 1.06896685e-07 1.1208977e-06 0.019187432 0.00085372233 0.004539855 8.0663426e-07 0.0077211726 1.6272556e-07 0.001832176 7.363123e-05 3.2277185e-08 9.607293e-06 0.0005517323 7.823134e-07 2.2073089e-05 7.89727e-05 0.001997002 0.00013791144 0.00019631548 0.0006655835 0.00014233102 8.756033e-05 5.4567634e-05 3.5906282e-07 0.00049471465 5.741738e-07 6.1099065e-08 1.170343e-06 7.8455184e-07 9.194192e-05 0.0001857329 1.0330669e-07 2.3216182e-07 3.6714966e-05 0.00065394794 1.7712721e-06 3.551261e-05 2.7962722e-07 0.00017838847 9.0112835e-06 1.1971804e-05
0.9685624 0.45583248 0.8508814 0.016295144 0.8274773 0.002241306 0.29683092 6.734021e-05 0.099866524 1.571936e-05 0.0006393563 0.010239946 2.6391186e-05 2.3288688e-15 0.93707955 1.2859583e-05 0.94318974 0.3445278 1.6306196e-06 3.7289513e-07 0.053914897 1.568337e-08 2.08883e-05 0.02893913 0.8503953 2.4367782e-05 2.9986995e-06 0.51858824 7.388263e-05 0.02099658 0.23504654 0.0018450824 0.026755491 0.18728311 2.2347556e-05 0.0076513086 3.754682e-06 0.81589437 8.835109e-08 0.00030152083 0.00041604045 4.156165e-06 5.1769508e-08 0.00319557 1.1308725e-08 0.0012237413 2.8232892e-06 5.451541e-07 3.351449e-07 0.4738888 0.00036513316 0.010894634 9.548237e-07 0.085666694 5.324269e-06 0.012289415 0.19117968 0.0010046824 0.00011397008 0.00033274983 0.00059393904 0.0041352785 7.3482304e-05 1.3717157e-07 4.9878595e-06 0.22734582 1.1117028e-06 0.017419571 1.4388452e-06 6.540003e-05 0.00024213098 0.048099548 7.7914316e-05 0.0049535795 2.9380752e-08 0.00024319506 4.614778e-05 7.821128e-09 2.4522366e-09 1.9520167e-08 3.8143913e-08 0.00033769122 3.430619e-05 2.6038831e-05 7.317763e-08 0.0028355792 0.10373827 0.014552105 0.002050038 0.00034142152 4.3224512e-07 1.6572754e-07 1.1016675e-05 1.3344264e-06 3.7861985e-06 0.00021191995 1.5520202e-07 1.1379376e-05 0.0003217681 2.3819358e-07 5.515142e-06
0.90283 0.6196475 0.88551486 0.043229558 0.6044278 0.009664756 0.23294878 0.00041905843 0.05556836 5.8037054e-05 0.004105191 0.047968294 7.937167e-05 0.93707955 2.466381e-15 3.2617932e-05 0.3797845 0.18523645 5.04108e-06 1.1879121e-06 0.06321816 7.0124756e-08 3.2472024e-05 0.011193701 0.97902894 7.0123446e-05 1.7748483e-06 0.10434074 0.000104852676 0.22667615 0.74188185 0.017751314 0.016738202 0.012608867 1.717461e-05 0.000463585 1.5781599e-06 0.27117118 1.17416135e-07 0.00048700164 0.000709427 3.9673305e-06 5.6718395e-08 0.00036754765 1.2506949e-08 0.00026376153 3.856992e-06 6.0286055e-07 1.7361505e-07 0.25993538 0.0003994419 0.01802845 1.5333555e-06 0.14244689 2.2750876e-06 0.028299844 0.24662139 0.0017153466 5.804193e-05 6.608997e-05 8.163847e-05 0.00044580598 0.00022851554 3.0891195e-07 5.6434205e-06 0.0075135846 2.7176745e-06 0.001026105 7.113032e-07 4.8235466e-05 1.9063738e-05 0.02219783 5.8672755e-05 0.0039030528 2.1506503e-07 4.3894313e-05 5.3743166e-05 2.8857137e-08 5.908338e-09 4.8762157e-08 1.2625935e-07 0.0007532212 1.5598385e-05 2.3981383e-06 1.9604482e-07 0.0018115216 0.010638043 0.0059074424 0.0011562754 0.00020327268 5.086476e-07 2.658018e-08 1.0545677e-06 2.9168466e-06 5.0502945e-06 0.00013832371 5.2464046e-08 3.6497215e-06 5.4725748e-05 3.0068279e-07 3.1455274e-06
0.90554637 0.024976436 0.00029637947 0.18162256 0.00035689518 0.54737705 0.0036198655 0.85861236 0.0007838059 0.600831 0.23238868 0.01307442 0.94801176 1.2859583e-05 3.2617932e-05 1.8050187e-14 2.6676148e-06 0.006321179 0.103999354 0.013645013 0.12099147 0.043263737 0.970315 0.0030431263 3.895803e-05 0.004498011 0.8822187 1.1843263e-06 0.10349091 0.002344681 0.00025097595 0.01652017 0.0037451768 1.3389142e-07 0.73781466 2.9909466e-05 0.6668501 5.1843126e-06 0.02997576 0.00814563 0.0034436749 0.0009869081 0.087502465 2.5995734e-05 0.007984036 5.9801852e-05 0.0003157366 0.56064796 0.06137455 3.512098e-05 0.28719547 0.022623563 0.12763868 0.002965009 0.26331714 0.00094989565 0.0004790042 0.01461329 8.5587235e-05 8.351682e-08 3.5884545e-07 5.1108154e-06 0.19695263 3.333433e-05 0.011287614 5.295008e-07 0.012451118 9.805682e-07 0.014332686 2.36141e-05 1.5527323e-07 2.3610632e-05 0.0027579146 2.5404624e-06 4.9545642e-06 2.8378434e-05 0.0076285694 1.4148106e-05 1.6990589e-05 7.274911e-05 3.7732963e-05 0.0006084868 1.44724345e-05 3.0609244e-06 7.786685e-05 2.1652877e-06 2.9041544e-07 2.1589625e-05 9.159613e-07 7.437692e-05 0.00014106832 1.7670413e-07 4.8606273e-07 3.954699e-06 0.0016343461 8.583115e-05 4.2672556e-05 1.3022943e-06 4.625992e-05 5.336227e-07 4.689107e-06
0.95843625 0.09837571 0.61634284 0.0040330677 0.91374034 0.0010618663 0.46469164 2.6246713e-05 0.26166946 3.008232e-06 0.00017418998 0.0015620909 3.2878036e-06 0.94318974 0.3797845 2.6676148e-06 7.36035e-18 0.587485 4.5436525e-07 1.8837676e-08 0.1149193 1.3694097e-09 2.58804e-06 0.114785075 0.26121333 3.7936586e-06 1.5413983e-07 0.9209213 8.476842e-07 0.003463261 0.009996782 0.00034890778 0.05522341 0.90933156 1.0853353e-06 0.05531018 6.3768866e-08 0.8645332 2.2999545e-08 0.0005584591 0.0005361317 1.1551626e-06 2.7035087e-08 0.010568154 2.28989e-09 0.00429726 7.104436e-07 1.2592193e-07 1.9738891e-08 0.07071774 3.6534548e-06 0.00043847747 4.0966276e-07 0.0063580624 8.28593e-08 0.00045720153 0.008915247 5.1921532e-05 0.00031596643 0.010458837 0.011393416 0.057085387 2.1622718e-05 3.471672e-08 1.2339767e-06 0.16274 1.2014225e-07 0.17637032 6.7292194e-07 4.7374335e-05 0.0019098816 0.002527875 4.1658795e-06 0.0003462708 3.316441e-08 0.00023064521 1.8022205e-06 5.123012e-09 3.901917e-10 7.307577e-09 1.773039e-07 7.298225e-05 3.178998e-05 0.000120327844 4.733236e-08 0.00032209663 0.020759856 0.00022683303 0.00017056151 0.00065958337 4.606494e-07 4.0258217e-07 1.3355767e-05 1.7005759e-07 3.0110059e-05 6.3971397e-06 5.8301055e-07 1.6195487e-05 0.0006028149 1.7431917e-07 8.819537e-06
0.9957496 0.18875678 0.34798303 0.281044 0.5086713 0.12606575 0.6051836 0.032945137 0.8853919 0.029478176 0.07298523 0.11802418 0.014496437 0.3445278 0.18523645 0.006321179 0.587485 2.2319925e-11 0.0042401557 0.002474292 0.46998137 0.001687286 0.0021794075 0.9198363 0.061248165 0.004811317 0.0013075954 0.36104184 0.028902706 0.034590404 0.13455907 0.025597539 0.5438486 0.29970604 0.0016319887 0.75986505 0.0003830108 0.17769262 0.0015180048 0.0069895983 0.015172501 0.0017292305 0.00024815893 0.7940894 0.00019264953 0.15153664 0.0005671031 0.0010867652 5.267609e-05 0.02138079 0.0070792944 0.018312713 0.00015229298 0.013483401 0.00026700788 0.00170753 0.010261907 0.0018881267 0.085352965 0.40680602 0.2343119 0.2814218 0.0016703398 0.002880413 3.2683474e-05 0.027904885 1.5421525e-05 0.27303576 1.1801754e-05 0.00036314313 0.27330476 0.0010520992 9.964119e-05 0.00014801466 9.738087e-06 0.00809861 0.0002274992 0.0002667913 3.1055945e-06 2.2463022e-05 5.664631e-05 3.8915663e-05 0.00015665224 0.09831167 0.00014193305 9.422033e-05 0.013221556 0.0016163185 6.5601176e-05 0.00642382 6.020803e-07 0.0002883222 0.00019269196 1.7214164e-05 8.251522e-05 0.000524898 8.04607e-06 0.0068100677 0.007352758 3.0725692e-05 0.00012944317
0.97107893 0.0009587665 9.658707e-05 0.015511938 5.227035e-05 0.09416071 0.0011961621 0.17966129 0.00040330677 0.78706664 0.005502657 0.0005602113 0.4602459 1.6306196e-06 5.04108e-06 0.103999354 4.5436525e-07 0.0042401557 1.2148106e-14 0.9355808 0.39364597 0.9597046 0.04601987 0.003909392 3.2378466e-06 0.16781323 0.26482645 1.3711833e-07 0.00390269 9.632472e-05 3.649391e-06 0.0012475824 0.008291603 4.7254214e-09 0.015009988 7.959248e-05 0.036436733 3.3166643e-07 0.86818355 0.1228254 0.038638845 0.07147742 0.5739615 1.5255864e-05 0.6459944 2.559305e-05 0.010337673 0.19454332 0.26301202 2.3582045e-06 0.0009369601 0.00018313297 0.008024806 5.69789e-06 0.005599993 2.9894793e-06 6.4536184e-06 0.00016745857 0.00018615602 2.1886247e-08 2.0811088e-07 1.2334802e-06 0.0016158886 0.06574149 0.0034036834 4.305887e-07 0.035935093 2.0350687e-07 5.8750808e-05 0.0001183545 3.9176058e-07 1.478611e-05 6.294962e-05 1.8964452e-06 7.2606745e-05 6.670425e-05 0.0003105269 0.019499928 0.0359363 0.04528341 0.015088321 5.7536136e-06 0.00025926152 1.0287545e-06 0.10973 3.4308803e-07 1.3047384e-06 5.338383e-06 4.6780588e-07 0.000135419 0.0008477134 6.470714e-08 8.825745e-08 0.00017013168 0.000365074 4.5151073e-06 0.003754111 8.2822325e-08 0.00059277815 0.00019955255 9.960157e-07
0.98326755 0.00018849665 1.411591e-05 0.005021405 2.5138554e-06 0.02080428 0.00048764626 0.06308966 4.445902e-05 0.59931034 0.001201987 5.2857707e-05 0.056452278 3.7289513e-07 1.1879121e-06 0.013645013 1.8837676e-08 0.002474292 0.9355808 8.1404313e-16 0.5570456 0.9739668 0.0042766165 0.0052130665 4.8838416e-07 0.6994595 0.027266145 2.027358e-08 9.6866206e-05 1.0259401e-05 1.4852533e-07 0.0001416045 0.011245665 2.447161e-10 0.0015290772 8.370549e-06 0.0023907344 5.6441152e-08 0.6385854 0.37170768 0.14059377 0.15095158 0.2092255 9.069341e-06 0.43933895 4.6298275e-05 0.09385308 0.034858704 0.08065082 2.257559e-06 3.7167418e-05 6.5037384e-06 0.0010181315 7.717318e-07 0.00066539843 3.9990968e-07 1.8180089e-06 1.0107387e-05 9.896521e-05 2.883656e-08 6.201059e-08 8.3283106e-07 0.00017632832 0.16654305 0.001091207 1.6482721e-07 0.01211623 3.5195225e-08 6.2178005e-06 0.00045389778 1.3868436e-07 1.0280629e-06 2.0327898e-05 7.4545e-07 0.00017823915 4.723178e-05 1.1955352e-05 0.025901206 0.02678236 0.052628446 0.04352765 2.0976001e-06 0.0010476381 1.380444e-07 0.06719991 5.2780786e-07 4.0773108e-07 7.1731563e-07 1.1634313e-06 0.00031162516 0.0006644789 1.804821e-08 4.635741e-08 0.00026301047 0.00011581034 5.639281e-07 0.0052703605 1.9285143e-07 0.0017780454 0.0004946208 1.7580939e-07
0.9999847 0.38104853 0.2772238 0.7649385 0.1692763 0.7150613 0.32706437 0.63481003 0.29767418 0.8372516 0.35179093 0.29444537 0.2501561 0.053914897 0.06321816 0.12099147 0.1149193 0.46998137 0.39364597 0.5570456 3.8143783e-11 0.22831291 0.054940317 0.54225564 0.040129308 0.7429209 0.14397325 0.035823092 0.15907434 0.045962382 0.23053898 0.06021339 0.15905689 0.014195702 0.027367577 0.08360661 0.038579244 0.020775756 0.15110888 0.3124359 0.2470873 0.15423052 0.051379554 0.18182172 0.05510612 0.023549955 0.04073538 0.041834243 0.052607857 0.0047289254 0.06387559 0.032846786 0.0028083604 0.015638886 0.005258141 0.002473366 0.008191233 0.0044146604 0.011810132 0.008804486 0.0016082892 0.0012475834 0.005841518 0.13718799 0.00064769783 0.0019162799 0.0036751963 0.0030874894 0.0003030895 0.00069735385 0.005789024 0.0009845856 0.00039571364 0.00014806281 0.021547092 0.002010981 0.0010786911 0.033326037 0.0056969854 0.006151838 0.0029644505 0.00025051011 0.00024509733 0.0019250978 0.014356366 0.00016851575 0.0015858703 0.0022009294 0.00018855507 0.0028313054 0.0005254226 6.2470404e-05 1.0598575e-05 0.00022142255 0.036674134 0.00071061065 0.001294596 0.00031014392 0.0028577931 0.0010558498 5.2789845e-05
0.9258301 5.459613e-06 3.3985626e-07 0.00850501 1.6274511e-07 0.019559247 1.3395578e-05 0.05755147 1.1589745e-05 0.24663 0.00061594485 2.7504693e-05 0.110091016 1.568337e-08 7.0124756e-08 0.043263737 1.3694097e-09 0.001687286 0.9597046 0.9739668 0.22831291 9.583215e-16 0.018000301 0.0005518267 4.277851e-08 0.11349532 0.13189255 1.6190149e-10 1.0823837e-05 2.93565e-06 2.8573975e-08 1.6174496e-05 0.003973268 3.777173e-11 0.005917288 1.2582733e-07 0.013914966 5.473373e-09 0.9597057 0.11852117 0.04196893 0.053041186 0.5997527 5.334548e-07 0.82362086 1.03328375e-07 0.004597425 0.101905726 0.36827278 1.46786e-07 4.1655043e-05 1.5615256e-06 0.0035706968 4.2115641e-07 0.00187836 1.2968985e-07 4.902432e-07 3.0763265e-06 3.705001e-06 1.4565591e-09 1.4648986e-08 2.8557264e-07 0.0007376881 0.2664072 0.0016200454 5.3136464e-08 0.016689897 2.3172062e-08 7.880227e-06 2.8089627e-05 7.320635e-09 5.3302404e-07 1.03084585e-05 6.532856e-08 0.000114952294 2.2760225e-06 2.2308855e-06 0.035072263 0.06745811 0.067840375 0.06494049 8.060506e-07 3.6085654e-05 9.130265e-09 0.101079315 1.4164846e-07 1.6780587e-07 1.0121237e-07 1.0289825e-07 8.827767e-06 0.00077345007 1.9949398e-09 5.7944582e-09 8.0700745e-05 0.00012172707 3.5990655e-07 0.0023008706 4.4141164e-08 5.7062966e-06 1.3273436e-05 6.6895765e-08
0.768207 0.012630839 0.00023036668 0.092888065 0.00021835299 0.27617458 0.0006151398 0.67634135 0.0005319153 0.24214545 0.32760784 0.015572828 0.84206104 2.08883e-05 3.2472024e-05 0.970315 2.58804e-06 0.0021794075 0.04601987 0.0042766165 0.054940317 0.018000301 1.2044319e-16 0.0006328324 2.7448303e-05 0.0014410644 0.9525805 2.1469266e-07 0.21824111 0.0030374778 9.645755e-05 0.04503238 0.0017744695 1.7581769e-08 0.9168321 2.5764595e-05 0.8212105 1.5613692e-06 0.01952882 0.0030378778 0.0019809462 0.00027138807 0.043883387 6.846518e-06 0.0029822737 3.5998277e-05 1.7603874e-05 0.4595149 0.013631233 1.0055739e-05 0.18357511 0.008390242 0.12846301 0.00048519645 0.18532252 0.00038313481 0.00014164328 0.008950223 2.8547816e-05 3.778476e-08 8.89266e-08 3.019948e-06 0.2204986 5.034003e-06 0.010591649 1.7890459e-07 0.012961303 3.7906767e-07 0.011302424 1.6025744e-05 1.445136e-07 4.069443e-06 0.0030526472 7.7465836e-07 1.1690379e-06 2.3771624e-06 0.011054358 3.716524e-06 6.743925e-07 1.2477553e-05 1.8329049e-05 0.0008281148 8.9177433e-07 5.231349e-07 1.47412375e-05 9.001273e-07 2.8650476e-07 3.9800752e-06 5.768368e-07 4.961172e-05 7.520594e-05 5.8860362e-08 1.8763332e-07 1.4296604e-06 0.00086657243 1.6209626e-05 2.0073125e-05 4.8573554e-07 9.02223e-06 2.0436457e-07 8.615552e-06
0.98557776 0.06351692 0.07109917 0.24914445 0.1766722 0.15856883 0.42151624 0.014411773 0.8293357 0.05148424 0.02252847 0.022706617 0.007223724 0.02893913 0.011193701 0.0030431263 0.114785075 0.9198363 0.003909392 0.0052130665 0.54225564 0.0005518267 0.0006328324 2.4601008e-14 0.0031586809 0.02210579 0.00033149432 0.03633518 0.0007488621 0.008342835 0.007038707 0.0015595107 0.9698675 0.044144657 0.0001420319 0.7284114 0.00017575467 0.003357664 0.0013122907 0.053027052 0.102583826 0.0054264884 0.00024195234 0.18094482 0.00023984679 0.43312913 0.008967127 0.00014046408 4.8797814e-05 0.00062844413 0.00068048516 0.0014302925 5.7051355e-05 0.000911798 4.3756016e-05 0.00019694818 0.00044070356 0.00032949445 0.5300989 0.1561489 0.043981448 0.020925626 0.00027242038 0.0018070354 1.3814699e-05 0.0010487002 0.00012486584 0.010595266 6.6972493e-06 0.004196934 0.22344916 0.00043889772 1.4876504e-05 0.00018617431 6.074359e-05 0.017609308 0.00014559891 0.00033587863 3.2543423e-05 0.00013072131 0.00011773645 6.769856e-05 0.0005983828 0.046574377 0.00013612947 3.7400958e-05 0.00032783355 2.6215743e-05 1.1832453e-05 0.0034573823 3.6988774e-07 0.014620894 0.00049966533 7.8072e-05 1.2964498e-05 1.2861203e-05 7.492507e-06 0.0023978367 0.03460107 2.8546998e-05 0.0005463864
0.7822748 0.05664282 0.5696275 0.019275531 0.058637176 0.0030297088 0.06582621 0.0004387406 0.017009623 6.623004e-05 0.0022702306 0.016149674 0.00010728167 0.8503953 0.97902894 3.895803e-05 0.26121333 0.061248165 3.2378466e-06 4.8838416e-07 0.040129308 4.277851e-08 2.7448303e-05 0.0031586809 3.469821e-14 1.8653553e-05 2.0121913e-06 0.20022058 0.00022025684 0.2650913 0.84638226 0.042571537 0.0110153165 0.0420628 8.179983e-06 0.00022271546 3.7108325e-06 0.6425451 1.1517421e-07 0.00017959342 0.00019222981 2.3270234e-06 1.5022022e-07 0.0002474464 1.8627766e-08 8.28095e-05 2.2497346e-07 4.163018e-07 2.9624735e-07 0.9710458 0.0004491005 0.024003059 2.9610203e-06 0.4394226 5.606402e-06 0.055152506 0.56359947 0.0043214005 2.579973e-05 6.579973e-05 5.643876e-05 0.0005417251 0.00010502511 1.3786322e-07 6.1275705e-06 0.096303165 3.3409196e-06 0.0024474114 4.288296e-06 2.7701413e-05 2.5049947e-05 0.170678 3.4564244e-05 0.04455157 2.6787055e-07 6.781176e-05 6.008901e-05 7.3397096e-08 1.4445929e-09 7.6521765e-08 4.13653e-07 0.00070363673 5.827251e-06 8.594274e-06 1.459386e-07 0.006716269 0.05279817 0.008262232 0.012173864 0.0002460193 1.0827982e-06 9.232751e-08 2.1340086e-06 5.0159847e-06 2.3208602e-06 0.0003866712 3.751745e-07 2.0140678e-05 1.971486e-05 1.014882e-06 1.7428178e-05
0.97746134 0.0026041877 0.0006327642 0.0029242584 0.00013857789 0.019899882 0.0068168547 0.01754145 0.00063614134 0.4480737 0.0034737657 0.0002013898 0.019011032 2.4367782e-05 7.0123446e-05 0.004498011 3.7936586e-06 0.004811317 0.16781323 0.6994595 0.7429209 0.11349532 0.0014410644 0.02210579 1.8653553e-05 9.567942e-13 0.0033861985 2.2073678e-07 0.003619417 3.5687666e-05 4.135893e-06 0.00023177192 0.007257812 8.538341e-09 0.0002697506 0.0006788064 0.00050541497 2.0390212e-06 0.060933176 0.9188184 0.5719301 0.98178715 0.011191103 5.726121e-05 0.04289703 0.00016466422 0.5022601 0.0019099298 0.002764421 1.8673541e-05 0.00016605275 0.0001067079 0.00019375986 1.2390977e-05 4.0175186e-05 5.774243e-06 3.360561e-05 4.765296e-05 0.0008091615 1.00759735e-07 2.3533235e-07 1.2082137e-06 8.054797e-05 0.24089344 7.72785e-05 3.610226e-06 0.00033106588 2.2271618e-07 3.5831902e-06 0.0001605327 6.3346243e-07 3.5410799e-06 5.9939193e-06 5.6572153e-06 0.027396668 0.00014798265 6.4586916e-06 0.15566556 0.00971312 0.00961129 0.042158794 7.4654317e-06 0.0013057735 5.3729633e-07 0.081383124 2.1591327e-06 2.1122785e-06 1.692141e-05 4.5440406e-06 0.00014451271 1.9311223e-05 1.4211696e-06 1.0520624e-06 0.0008182004 0.00077328854 1.2647266e-05 0.0011015947 1.4847045e-06 0.0016270881 0.0012557261 6.88192e-06
0.81400704 0.00059982546 2.8639739e-05 0.043003846 7.906785e-06 0.101501755 9.3340735e-05 0.5972161 5.04052e-05 0.24451561 0.042956125 0.0008379883 0.8286769 2.9986995e-06 1.7748483e-06 0.8822187 1.5413983e-07 0.0013075954 0.26482645 0.027266145 0.14397325 0.13189255 0.9525805 0.00033149432 2.0121913e-06 0.0033861985 4.31059e-15 1.721417e-08 0.0069350465 0.0002936462 1.8366265e-05 0.0028151632 0.0039409744 1.1083284e-09 0.5159494 1.4644644e-06 0.9176837 1.4147605e-07 0.4767041 0.009256437 0.005038076 0.0008309077 0.6881191 1.8593283e-06 0.09596356 4.1256035e-06 9.756632e-06 0.863567 0.19056469 1.6477558e-06 0.03859738 0.00059420423 0.42756838 4.5759494e-05 0.35660857 5.72889e-05 8.794063e-06 0.0006625503 4.0487907e-06 3.308487e-08 9.404442e-08 3.6974122e-06 0.1614944 0.00016376139 0.0830747 1.855387e-08 0.16174433 3.5494085e-07 0.011787104 1.2643576e-05 2.4089712e-08 7.264913e-07 0.0020629286 1.770555e-07 8.608687e-06 1.1045137e-06 0.0014061439 2.088583e-05 0.00019818606 0.001078309 0.00019554955 0.00012664181 5.833331e-07 5.2338737e-07 0.00015241692 3.5383604e-07 1.2926225e-07 8.196573e-07 1.0001871e-07 8.546774e-05 0.0007008421 2.318232e-08 8.326551e-08 5.1582097e-06 0.0058525056 2.0402563e-06 2.6338159e-05 4.9644467e-07 8.183011e-06 1.1987165e-06 5.891377e-06
0.8678166 0.016101807 0.1689241 0.0026834859 0.47531587 0.00031071738 0.106926866 4.0077657e-06 0.09511346 2.787773e-07 0.000109894405 0.0009518703 5.6051005e-07 0.51858824 0.10434074 1.1843263e-06 0.9209213 0.36104184 1.3711833e-07 2.027358e-08 0.035823092 1.6190149e-10 2.1469266e-07 0.03633518 0.20022058 2.2073678e-07 1.721417e-08 8.180175e-18 5.473118e-07 0.002131698 0.005492004 0.00026077763 0.037875008 0.98979276 1.4838885e-07 0.03333626 1.4618284e-08 0.9101833 7.710129e-09 0.0001658353 0.00023507047 1.2406939e-07 5.801303e-09 0.028597685 9.852114e-10 0.0058019985 3.1004203e-07 1.8198405e-08 5.352082e-09 0.08657831 7.723395e-06 0.00057215826 7.815628e-08 0.005618662 5.6559077e-07 0.0004744865 0.017663872 5.8269874e-05 7.085599e-05 0.009950455 0.009802589 0.04527392 1.9267102e-06 7.586775e-09 1.4879413e-07 0.3870975 1.7397754e-07 0.28299797 3.0681827e-07 3.5281828e-06 0.0015038844 0.0011060052 2.8922132e-06 0.00037773806 4.2674202e-08 7.597563e-05 1.0499496e-06 4.294748e-09 4.2081047e-10 1.6878094e-08 6.262137e-09 2.8757511e-05 1.0471691e-05 2.6259957e-05 4.6305164e-09 0.00024558516 0.05631614 0.00032959535 0.00023259876 0.00017908888 8.9715854e-07 1.898868e-08 7.312762e-06 4.900672e-08 0.00015674309 7.4897536e-05 8.966013e-08 1.17841755e-05 0.00013388932 1.2560085e-07 2.9564549e-06
0.9150166 0.116651006 0.018533278 0.4357353 0.0010017405 0.39436194 0.009086679 0.1876042 0.00045135594 0.017629532 0.91052324 0.9371183 0.04980736 7.388263e-05 0.000104852676 0.10349091 8.476842e-07 0.028902706 0.00390269 9.6866206e-05 0.15907434 1.0823837e-05 0.21824111 0.0007488621 0.00022025684 0.003619417 0.0069350465 5.473118e-07 3.98299e-18 0.4334902 0.08426596 0.96838313 0.006900536 3.7503728e-08 0.43666846 3.4446748e-06 0.024600213 5.6701842e-06 4.0669343e-05 0.0056347903 0.0023297372 4.935679e-05 3.1925818e-05 1.8662895e-05 3.925392e-07 5.5665063e-05 3.7446086e-06 0.0004076911 9.629776e-06 4.826059e-05 0.8178631 0.576328 0.0019840032 0.07985517 0.007904757 0.15055454 0.004008246 0.30450615 1.7613825e-06 7.660628e-09 3.608618e-08 6.3376814e-07 0.2780543 1.0144087e-06 5.2433006e-05 8.350109e-07 3.1715376e-06 6.9599615e-08 0.00043511007 1.4856619e-06 9.610358e-09 0.00010634583 0.011376544 1.573351e-06 1.1466722e-07 1.1747074e-06 0.069035254 7.3497493e-09 3.3837716e-10 8.287874e-08 1.7163721e-07 0.021326344 6.7304295e-06 1.03398165e-07 3.3139504e-08 5.60868e-06 1.5094528e-07 0.012521159 1.1181975e-06 6.130759e-05 4.288738e-06 1.6141194e-09 2.7214456e-08 5.8684137e-08 6.994779e-05 0.0018995948 7.783584e-08 2.2148926e-08 6.375032e-06 2.758961e-08 1.74473e-07
0.78108615 0.7111691 0.0942624 0.13291235 0.03004223 0.057203416 0.0348332 0.022895006 0.013398909 0.0011268109 0.37808868 0.8178046 0.0018516803 0.02099658 0.22667615 0.002344681 0.003463261 0.034590404 9.632472e-05 1.0259401e-05 0.045962382 2.93565e-06 0.0030374778 0.008342835 0.2650913 3.5687666e-05 0.0002936462 0.002131698 0.4334902 5.8970632e-18 0.9358322 0.9867952 0.006060975 0.00026889605 0.0049639125 0.0009546621 0.00044321374 0.0034595411 9.77958e-07 0.0006230881 0.0004943068 6.809538e-06 2.7648612e-06 0.00020148797 3.373992e-08 0.00075060775 7.0537277e-07 1.0255292e-05 3.2496808e-07 0.013651534 0.18600827 0.6320439 0.0001312183 0.30404866 5.18802e-05 0.4559444 0.06294754 0.1453743 1.9350047e-05 8.3288e-06 1.7424205e-05 6.253693e-05 0.011908307 5.3355603e-07 3.5396756e-06 2.6033345e-05 1.9352863e-06 1.6779162e-05 5.0185947e-05 1.376151e-05 4.9789696e-07 0.0057002245 0.00057135936 0.00034601576 1.6409153e-08 4.859726e-06 0.012745153 2.1849086e-08 2.1438413e-09 2.2302099e-07 1.1771218e-08 0.010194728 2.4410185e-05 1.5655679e-06 3.8253276e-08 0.00012512832 1.4323948e-05 0.012952721 4.8537582e-05 3.4892026e-05 3.058058e-07 7.600697e-08 2.3330088e-07 1.6619689e-08 1.6715341e-05 0.0010400125 7.8749855e-07 9.34558e-07 5.201669e-05 1.118167e-07 3.0225353e-06
0.9670878 0.6203724 0.6823586 0.18696411 0.046908934 0.020703953 0.13503966 0.015738128 0.0123203965 0.0001821327 0.055699117 0.44048408 9.181198e-05 0.23504654 0.74188185 0.00025097595 0.009996782 0.13455907 3.649391e-06 1.4852533e-07 0.23053898 2.8573975e-08 9.645755e-05 0.007038707 0.84638226 4.135893e-06 1.8366265e-05 0.005492004 0.08426596 0.9358322 5.9768725e-18 0.42574933 0.015638595 7.486782e-05 2.1999975e-05 0.00066573673 1.58253e-05 0.020417033 9.123946e-09 0.0005580874 9.129848e-05 2.1544286e-06 3.4169165e-08 0.0003978366 2.038283e-09 0.00021274046 7.3053974e-07 3.1633078e-07 5.36083e-08 0.33342028 0.020740047 0.6075117 5.2568043e-07 0.9275031 6.940417e-07 0.7529136 0.778601 0.08504628 9.5351925e-06 2.2618217e-06 9.4668285e-06 5.9626338e-05 0.0007643625 9.930209e-08 2.7632993e-07 7.111235e-05 3.2378924e-08 2.2941134e-05 1.8676006e-06 3.7327031e-06 1.7887389e-07 0.0741021 3.398751e-05 0.0027820459 1.8150187e-08 1.0711099e-05 0.00083998934 2.8392615e-09 8.587492e-11 5.9578813e-09 1.14617464e-07 0.004448012 2.1463968e-05 2.6610732e-07 1.0510895e-08 0.0006646339 0.000121144556 0.117712684 0.00015343197 0.00017427189 2.4471066e-07 3.5891443e-08 1.7960326e-07 2.751504e-08 3.704722e-06 0.004236926 3.1664106e-07 1.7049231e-07 9.444892e-05 1.6179402e-07 6.433e-07
