8.3265686e-19 0.97895426 0.94681907 0.8574433 0.982502 0.98670363 0.95377296 0.9327822 0.7490681 0.9674695 0.91467494 0.9708227 0.78315604 0.9006339 0.7235786 0.972092 0.9272256 0.96141887 0.8249867 0.9931789 0.9401565 0.97200716 0.6883802 0.9030153 0.9916444 0.8475723 0.99476516 0.96588343 0.37935752 0.7109725 0.969282 0.8488793 0.7962239 0.7750776 0.48235735 0.85662866 0.9628831 0.9136381 0.99460524 0.5051643 0.54712003 0.3659437 0.7961312 0.91158617 0.54415417 0.98019576 0.26577932 0.120897286 0.04863831 0.9822197 0.9863362 0.83738095 0.075784594 0.06880433 0.77110946 0.84896034 0.9317585 0.020019611 0.007134638 0.03828629 0.044911366 0.6879815 0.31200367 0.16169766 0.9982132 0.0055307243 0.9713355 0.03103309 0.99560994 0.02150259 0.26754144 0.026349166 0.9997835 0.017188933 0.99998295 0.3203148 0.344885 0.025056776 0.23219888 0.9519399 0.0018684543 0.034454074 0.15463747 0.31608054 0.7442607 0.86751276 0.9999897 0.2873243 0.000988853 0.6550939 0.9642579 0.884437 0.41615763 0.0040730424 0.016353386 0.9546833 0.0004754926 0.0018734145 0.13494827 0.68764764 0.44129267
0.97895426 6.694732e-16 0.9814939 0.833693 0.68713325 0.036909837 0.74634564 0.4481615 0.26995513 0.886372 0.024659574 0.69599926 0.010745498 0.50539404 0.00047877838 0.012524479 0.0087688025 0.00027703727 0.022720655 0.6478294 0.0023391389 0.00090841873 0.3371431 7.8070065e-05 0.052025646 0.00012031913 0.00046876894 0.03756013 0.028889766 0.0003691057 0.0038773525 0.00013974818 0.000188257 0.00011040093 0.0004252341 0.027896104 0.037290428 4.6956295e-05 2.624636e-05 6.268579e-05 0.004659119 0.0012708111 0.00023851515 1.1215488e-06 8.187975e-06 0.0003204403 0.05417482 0.24232863 0.0412682 0.00071302126 0.18667947 3.0461788e-07 0.0004944756 5.2218933e-05 3.9534675e-07 2.7354392e-06 2.3669903e-05 0.01719483 0.0036184595 4.2593194e-05 0.016778965 8.0461014e-08 7.2032265e-08 0.09165196 0.059663102 0.000261659 1.6534023e-06 1.4151701e-06 5.7153295e-05 9.301656e-05 6.1134995e-07 9.169905e-06 0.007748735 0.00022398967 0.40955546 2.7358033e-07 3.9442486e-07 4.5815126e-05 6.4169e-06 0.00014359802 0.00014490008 3.5348314e-06 4.2997443e-05 1.5628485e-06 7.81156e-08 2.675601e-05 0.017123194 5.804142e-07 2.8731617e-06 1.0898964e-05 3.020762e-05 5.5480648e-08 1.5301243e-06 2.786092e-06 4.6747095e-07 8.851709e-06 1.1187484e-05 2.3965583e-06 5.810137e-10 3.8106102e-06 2.6051177e-07
0.94681907 0.9814939 7.3395775e-17 0.22288921 0.27512082 0.0050020507 0.96503764 0.6653631 0.008808429 0.758008 0.08917733 0.2022396 0.00071794563 0.1639173 7.865867e-05 0.032519404 0.027605085 8.47152e-06 0.14394219 0.08834745 0.0002916613 0.004618091 0.29195434 0.00029835978 0.014911142 0.00030505474 4.308553e-05 0.019981436 0.16318679 1.956457e-05 0.004308966 8.142693e-06 1.0469555e-05 0.000632158 0.0026153915 0.0134887 0.020210009 4.252089e-06 1.4493422e-06 8.532233e-06 0.023855126 0.00016235594 0.00036652572 1.1201222e-07 7.334017e-07 0.0003237476 0.014411319 0.17883766 0.012492843 8.613026e-05 0.1950062 2.1940457e-08 0.0009687299 1.7557992e-06 3.5394017e-08 1.05023034e-07 3.6832065e-05 0.021629116 0.0017133894 7.499019e-06 0.019176489 2.8979683e-09 1.6667116e-08 0.22408298 0.03606536 0.00011744544 5.8254344e-08 1.7740233e-07 7.1930364e-05 0.00013135302 6.3005353e-07 6.8708863e-07 0.0015089305 2.142039e-05 0.3091325 1.1798933e-08 1.522664e-08 4.652565e-05 1.339646e-05 0.00018288584 0.00010656278 1.941379e-06 4.8854206e-05 1.2291027e-06 2.3429372e-09 4.8569757e-07 0.010878012 3.9364114e-08 6.953038e-07 7.1505417e-07 2.6058706e-05 9.4389264e-08 8.278853e-08 6.3030353e-07 1.4713912e-06 2.5410188e-07 3.2782698e-06 1.4094486e-06 1.179346e-09 1.657816e-07 1.9586253e-08
0.8574433 0.833693 0.22288921 8.881301e-16 0.9818653 0.95271623 0.007644949 0.023085471 0.9530406 0.03625226 0.0015981469 0.63624555 0.41889626 0.34308934 0.07623138 0.0046709175 0.00073066656 0.044046514 0.00058440305 0.62995416 0.19143036 0.0004354774 0.026547233 6.0748916e-05 0.15704447 0.00012877471 0.0041882573 0.07187719 0.0019043062 0.017292207 0.0076133832 0.0012834107 0.0026546924 9.683627e-05 1.722129e-05 0.049545936 0.048366476 0.00026952376 0.00012229514 0.0013766631 5.7787365e-05 0.016046114 0.00066352467 0.00020958448 0.00075985666 0.00051206123 0.2683138 0.022724321 0.052545976 0.00089880766 0.086577706 1.863883e-05 2.8516986e-05 0.0013345531 8.321931e-06 9.9354675e-06 9.195591e-06 0.00060533936 0.0014846161 0.00011704916 0.00034715032 1.4692304e-06 3.234177e-06 0.0001118779 0.070051126 0.0013088979 6.6560024e-06 5.453998e-06 0.00020210727 1.7685512e-06 5.145099e-07 2.212314e-05 0.018915849 0.02797369 0.1219314 3.5533294e-06 1.9413577e-05 2.0800683e-06 1.2945792e-07 0.00015913707 0.00019720114 5.8277266e-07 6.391877e-06 1.1405537e-05 1.51026e-06 7.656403e-06 0.004504006 2.0600526e-06 7.0295832e-06 1.6929529e-05 1.1258016e-05 2.032302e-08 3.4058587e-06 2.1430023e-06 1.3461321e-06 6.628801e-06 0.00012626749 7.704574e-05 2.2183551e-08 7.1659124e-06 9.69307e-07
0.982502 0.68713325 0.27512082 0.9818653 3.450576e-14 0.44593552 0.095370375 0.030353386 0.19069926 0.40402663 0.0036253778 0.5557552 0.04382705 0.40493554 0.007955253 0.004196097 0.0022668857 0.006406845 0.005455739 0.95822287 0.074551694 0.00040680653 0.1501524 0.00011261984 0.35635984 0.0001956764 0.0031358954 0.046971455 0.003990147 0.0037938925 0.0029265317 0.00012381605 0.00020931322 0.0002462543 0.0002400557 0.039765608 0.034129538 5.89681e-05 0.00012546183 0.0007256227 0.001021104 0.009160925 0.00018648137 0.00022967655 0.00018650804 0.00012772884 0.2237557 0.02160887 0.030149013 0.00039025728 0.21585603 2.5501979e-05 5.761639e-05 0.0004797244 4.3436235e-06 3.6203212e-06 0.00020370913 0.0007687598 0.0012396768 4.8964426e-05 0.0023658825 2.8334716e-06 1.4114461e-06 9.1810136e-05 0.10495772 9.291275e-05 3.1060092e-06 1.3436709e-06 2.6372567e-05 8.399993e-06 4.8614805e-07 1.63778e-05 0.012366499 0.0025316917 0.543141 1.7104545e-06 3.401149e-06 1.3571008e-05 2.552436e-07 6.0361133e-05 4.3521253e-05 2.6575734e-07 5.9284994e-05 3.1929162e-07 1.463804e-06 4.438935e-06 0.0053914706 6.3703743e-07 4.6272075e-06 8.216926e-06 9.338992e-06 4.98833e-08 1.9768704e-07 5.64287e-07 4.951222e-07 3.1079915e-06 2.615678e-05 1.8307106e-05 1.9500137e-09 1.9455974e-06 1.0805093e-06
0.98670363 0.036909837 0.0050020507 0.95271623 0.44593552 6.814499e-14 0.00037807864 0.0004660872 0.9439393 0.050370518 5.2936906e-05 0.34080285 0.85076576 0.20943873 0.64532304 0.00018869089 5.240906e-05 0.56521213 0.0001287326 0.6089579 0.90921855 4.0812214e-05 0.013390139 9.110482e-06 0.46378833 1.795315e-05 0.020484282 0.003685459 0.0007346338 0.46322814 0.00021371694 0.0025911483 0.0049403324 3.7890182e-05 1.9440275e-05 0.0076138373 0.009741673 0.00027057066 0.0004428546 0.07201735 3.4376735e-05 0.2297267 1.0016057e-05 0.018938053 0.014115109 8.1434e-06 0.5686076 0.006728854 0.028736439 0.0025118054 0.107454345 7.84492e-05 1.4897446e-05 0.05709391 1.5102836e-05 9.0655185e-06 1.0302394e-05 4.36923e-05 0.000100110105 0.0029717323 0.0002709187 5.1270913e-06 0.00058589835 1.6675902e-05 0.06647858 8.745592e-05 8.238057e-06 0.00017253107 1.2623647e-05 6.2560994e-06 2.6807555e-07 0.00016008003 0.072185665 0.08288279 0.48295864 6.363027e-05 0.00030225414 3.074335e-06 3.725978e-06 7.826171e-05 1.3776781e-05 1.0497329e-05 5.4101974e-06 8.636715e-07 5.072029e-06 1.7077466e-05 0.0056895385 1.1519124e-05 4.5933208e-05 9.828654e-06 5.4420325e-06 9.0536034e-08 3.8195058e-06 3.0885716e-05 1.7639729e-06 8.743312e-06 1.3703559e-05 5.9668713e-05 4.100753e-08 8.007582e-06 2.4434605e-06
0.95377296 0.74634564 0.96503764 0.007644949 0.095370375 0.00037807864 6.817297e-17 0.78724504 0.00032437808 0.8849802 0.30151084 0.03924383 7.199837e-05 0.039308935 9.075882e-06 0.028436812 0.094200395 4.8772597e-07 0.8741775 0.00667331 0.000119250566 0.010962514 0.5760239 0.00020731546 0.00065276225 0.0003898457 3.3877436e-06 0.0033120723 0.9067046 7.954903e-06 0.002235068 8.665711e-08 6.78473e-08 0.004163942 0.11291595 0.0038864743 0.003780583 1.6239441e-07 2.533056e-07 7.9489223e-07 0.6631924 1.17226045e-05 4.042955e-05 1.5960905e-09 2.1942592e-08 7.8012985e-05 0.0029698184 0.3513476 0.0070461547 3.685253e-06 0.106613114 9.328831e-09 0.010069914 6.89165e-07 5.220157e-10 3.0059415e-09 4.5893183e-05 0.12249809 0.00087525387 5.182464e-06 0.08016516 4.813326e-11 4.380599e-09 0.7084317 0.007550649 2.1877955e-05 7.7753155e-09 5.5839052e-08 4.0354666e-05 6.9657486e-05 2.2679073e-07 1.6735294e-07 9.081497e-05 6.562729e-06 0.19214211 5.398958e-09 6.2161787e-09 0.0001076957 3.5264031e-06 5.406569e-05 7.132888e-05 9.671902e-06 7.641792e-06 2.5329084e-07 2.703631e-09 2.4730882e-08 0.0041899113 7.074255e-09 3.4577562e-07 3.8892377e-08 1.0363995e-05 7.062449e-08 6.089091e-09 9.246334e-07 6.226087e-07 9.596455e-09 2.8170468e-06 1.407466e-06 1.7359145e-08 1.7464323e-08 1.6416605e-08
0.9327822 0.4481615 0.6653631 0.023085471 0.030353386 0.0004660872 0.78724504 2.2736603e-17 0.0012389707 0.06448106 0.98155606 0.0057975594 0.0005496392 0.009762348 6.500158e-05 0.71946436 0.8774907 1.6213693e-05 0.8656377 0.10908271 0.00037671314 0.08243484 0.028846081 0.010278004 0.005096712 0.023708371 0.00010019921 0.1283515 0.22959507 3.7265945e-05 0.011548179 5.816807e-06 6.9592647e-06 0.10044557 0.124322966 0.022928879 0.033499096 3.07335e-06 3.5254584e-06 1.947854e-05 0.4077364 8.2672675e-05 0.001258801 2.2629185e-07 1.5025926e-06 0.00038735874 0.00042765588 0.008384343 0.0003206806 0.00018507444 0.3245251 5.6282587e-08 0.064114034 3.1786717e-06 1.312736e-08 3.7089552e-07 0.00043132997 0.0023861718 0.00010549721 1.7695273e-05 0.0013976783 2.6855296e-09 4.1892253e-08 0.16713098 0.051316287 6.220487e-06 3.8661454e-07 6.5615495e-07 0.00014477702 0.0011482995 1.7276536e-06 5.956282e-06 0.0042120325 2.5869099e-06 0.56859577 1.5164044e-07 4.1138068e-07 0.002820012 0.00052163063 0.00030418843 1.5280573e-05 0.00035215897 0.00025445677 7.899534e-06 2.4018094e-08 1.5027244e-06 0.025378088 1.03908626e-07 3.7602256e-06 8.527332e-07 0.00019011188 1.9124522e-05 2.2121199e-07 8.903785e-06 1.923811e-06 2.2578088e-06 7.911831e-06 2.9745493e-06 1.2147078e-08 2.968302e-07 6.414373e-08
0.7490681 0.26995513 0.008808429 0.9530406 0.19069926 0.9439393 0.00032437808 0.0012389707 2.8704493e-18 0.0021795803 0.00012549317 0.583465 0.9790617 0.33090732 0.50446147 0.00035014862 3.921643e-05 0.122863114 5.7104262e-05 0.07521191 0.7376333 2.456635e-05 0.0045648855 2.6179578e-06 0.02660952 2.3732515e-05 0.00050026726 0.0030560014 0.00024034524 0.27584943 0.00045617452 0.0001358373 0.00023372054 8.363383e-06 1.5227643e-06 0.0022456269 0.0018680987 6.0333685e-05 5.2350562e-05 0.07955608 7.7646524e-07 0.14175752 5.825026e-05 0.0005281956 0.0013384119 3.7009365e-06 0.19602557 0.004715453 0.01933962 0.00020613673 0.022323746 2.5787863e-06 1.604183e-05 0.01344261 3.3136865e-07 5.7553257e-06 4.895198e-06 1.4791483e-05 0.00020607853 0.0019011461 8.5738284e-05 4.6372e-08 2.3012217e-05 3.3434826e-06 0.010305486 0.00072594424 2.3132345e-06 2.4510327e-05 2.970161e-06 3.226243e-07 5.330058e-07 0.00013149904 0.0018885761 0.05356854 0.08012776 2.3272853e-06 7.713208e-06 4.5924182e-07 6.391206e-08 9.463381e-06 5.9617978e-05 1.7802687e-07 5.9610244e-07 8.89744e-07 5.537501e-07 6.697419e-07 0.0012803533 6.8219947e-07 3.151892e-05 8.129925e-07 4.809296e-06 8.415271e-09 8.168602e-08 1.838577e-05 6.3373584e-08 6.115617e-07 9.5652154e-05 0.00022139595 2.7538756e-09 2.057644e-07 9.483228e-08
0.9674695 0.886372 0.758008 0.03625226 0.40402663 0.050370518 0.8849802 0.06448106 0.0021795803 6.5407055e-13 0.0533785 0.5911636 0.0008510686 0.6301763 0.0002793587 0.0029285324 0.01211954 1.45918975e-05 0.00984549 0.009504381 0.00063621474 0.0045012315 0.9923549 7.336403e-05 0.0052603204 9.350324e-05 0.00010308797 0.0010605303 0.13573034 4.7215075e-05 0.0026477594 1.4669699e-05 7.852626e-06 7.1563954e-05 0.00034126267 0.006358772 0.0026093337 1.2487089e-05 3.8611806e-06 2.3498655e-05 0.008203561 0.00016635183 4.9375856e-05 1.3598329e-07 1.3636587e-07 2.2486302e-05 0.039873645 0.5411985 0.028702084 5.1354516e-05 0.20139143 4.3421585e-07 6.9660404e-05 5.656747e-06 2.4264482e-08 1.0082721e-07 6.727109e-05 0.082077265 0.0057396395 8.365194e-06 0.13549598 3.2349154e-09 2.091841e-08 0.20846793 0.0031852887 0.00028401383 5.571849e-07 1.5939555e-08 8.334242e-06 2.0746697e-06 1.1237473e-07 2.9668132e-07 0.00032090853 6.7572096e-06 0.34633878 2.346591e-09 9.0019725e-10 1.1136808e-06 1.1072943e-07 8.5085994e-05 0.00060034194 1.5742779e-07 4.5713912e-07 1.4851356e-07 1.8906166e-09 2.7410044e-06 0.008979861 3.4774907e-08 3.068203e-07 4.4467458e-07 4.320102e-05 7.877404e-09 1.237998e-07 7.8167284e-07 7.7763764e-07 8.374792e-07 2.8346869e-05 2.0892683e-05 4.6228212e-09 3.263937e-07 6.592588e-08
0.91467494 0.024659574 0.08917733 0.0015981469 0.0036253778 5.2936906e-05 0.30151084 0.98155606 0.00012549317 0.0533785 1.3397855e-14 0.0009226644 6.882507e-05 0.0032342747 6.7831193e-06 0.9504904 0.9401333 5.8794694e-07 0.67167455 0.015926521 6.6683184e-05 0.29759765 0.010531281 0.063925296 0.0014500556 0.108947605 1.9020019e-06 0.29551512 0.119478345 2.3683574e-06 0.04453097 3.803173e-07 3.789372e-07 0.2956901 0.2272486 0.034188617 0.03433219 4.3389753e-07 1.4904835e-07 6.901052e-06 0.56377167 2.3357783e-05 0.0060987477 3.1989494e-08 1.7299394e-07 0.0016588505 0.00035442726 0.0007968434 0.00019459112 1.5257158e-05 0.22474784 8.692757e-09 0.08784103 3.1504928e-06 4.5558406e-09 1.7509116e-08 0.0015213811 0.0008818872 1.3265918e-05 5.5686164e-06 0.0003829067 5.0093296e-10 2.351063e-08 0.08236125 0.033157233 1.180055e-05 1.3256514e-08 1.19023724e-07 0.0001101563 0.0036743765 5.1865627e-06 1.4129477e-06 0.0002232799 7.670394e-07 0.25990468 1.03933155e-08 2.0007061e-08 0.0057949782 0.00091714883 0.00027017872 8.450904e-06 0.0010883339 0.00087016745 4.8086586e-06 4.6927813e-09 3.0159015e-08 0.020909045 1.8404462e-08 5.753257e-06 5.4715702e-08 9.09815e-05 5.0382994e-05 1.05995985e-08 3.1786537e-06 1.61462e-05 2.3874403e-08 1.17432055e-05 2.969906e-06 2.3636979e-08 5.39338e-09 7.816817e-09
0.9708227 0.69599926 0.2022396 0.63624555 0.5557552 0.34080285 0.03924383 0.0057975594 0.583465 0.5911636 0.0009226644 5.33258e-16 0.11379973 0.992221 0.003070706 0.00021685944 0.00020915478 0.00037582038 0.00019706824 0.047398955 0.2857337 4.2335472e-05 0.43709508 8.6895824e-07 0.021388419 1.7331869e-06 0.00035121964 0.0005881287 0.0018610855 0.005672413 0.00013458742 4.0940817e-05 4.4953027e-05 6.28573e-07 5.7127545e-06 0.0024695524 0.0027274038 1.2954733e-05 1.9942743e-05 0.00014565197 5.2270298e-05 0.061272528 1.4342762e-06 5.137308e-07 4.033421e-06 1.0423512e-06 0.82226586 0.62721306 0.6171492 0.00012084581 0.04240993 9.0772744e-08 1.0968807e-05 0.0016634533 8.600783e-08 2.5437896e-07 2.8580803e-07 0.0026887308 0.076110415 9.808181e-05 0.022439407 2.062287e-08 8.5177035e-08 0.00060670415 0.0044736844 0.020380173 3.323041e-07 1.8497641e-07 6.188568e-07 4.0173762e-07 6.854409e-08 2.2166869e-06 0.00061051664 0.007250334 0.16518517 9.0598355e-09 2.3662556e-08 1.7042012e-07 1.1147146e-08 4.311107e-06 0.004341863 1.279277e-07 1.11026765e-07 1.1164089e-07 2.3721107e-09 7.146966e-06 0.0013144801 1.0667773e-07 4.0369428e-06 2.1753635e-06 1.3182348e-06 1.2226055e-09 7.4280834e-08 1.1761568e-06 7.728567e-08 1.0657416e-06 0.0006211516 0.00035843064 3.09023e-09 8.1286225e-07 7.4080205e-08
0.78315604 0.010745498 0.00071794563 0.41889626 0.04382705 0.85076576 7.199837e-05 0.0005496392 0.9790617 0.0008510686 6.882507e-05 0.11379973 1.7438021e-16 0.04636351 0.963453 0.000105546125 1.6360067e-05 0.322928 1.8839644e-05 0.03310716 0.93149275 2.6116128e-05 0.00077840127 1.6615617e-06 0.03492513 8.379103e-06 0.009498636 0.00096028514 1.9473788e-05 0.6102845 7.668318e-05 0.0024406207 0.0040314374 1.0973987e-05 9.2787263e-07 0.00044463895 0.0014676816 0.0012799681 0.00082975155 0.36613604 4.6871955e-07 0.3191333 2.8161821e-06 0.013384081 0.051061716 4.1744297e-06 0.10424998 0.00062544 0.008142276 0.00067045743 0.01170634 4.6104495e-05 2.3987433e-05 0.06930435 1.7015513e-05 3.8419243e-05 1.0709301e-05 6.998739e-06 2.4430678e-05 0.030433737 2.0546637e-05 1.3970724e-06 0.0025297357 6.6908814e-07 0.005771486 0.00010053691 4.6452053e-05 0.0019347208 1.3572283e-06 7.2565726e-06 2.310876e-07 0.0058387327 0.010289802 0.076477125 0.05614917 0.00018806463 0.00037759382 1.5698088e-05 1.0594753e-07 1.8110835e-06 4.736302e-06 1.7185203e-06 5.1534253e-06 3.9406427e-07 4.725708e-06 7.953143e-06 0.0008028167 6.074049e-06 0.00051487464 5.5496207e-06 2.3405053e-07 6.6063928e-09 3.9413982e-07 0.00018406306 8.8812016e-08 3.2032112e-06 1.1426353e-05 5.8329755e-05 2.3559517e-08 2.9344353e-06 1.4967045e-06
0.9006339 0.50539404 0.1639173 0.34308934 0.40493554 0.20943873 0.039308935 0.009762348 0.33090732 0.6301763 0.0032342747 0.992221 0.04636351 2.6067968e-15 0.002027486 0.0006974293 0.0006172512 0.00047360267 0.00031080007 0.021630667 0.22483309 0.00014387122 0.49923635 9.0452977e-07 0.008648499 1.0745471e-06 0.00027737857 0.00053827907 0.003394157 0.005090327 5.6835706e-05 2.9170871e-05 2.0653923e-05 1.021702e-06 5.2809205e-06 0.00058693526 0.0015307755 2.5732968e-05 1.9640864e-05 0.00042729022 7.845549e-05 0.059713975 3.9328637e-07 2.6826297e-07 1.3081683e-06 7.874343e-06 0.89531994 0.7672429 0.88775915 4.2402466e-05 0.0139035 1.4105721e-07 3.7656837e-06 0.003047116 1.373843e-07 4.339224e-07 4.1511953e-07 0.008785589 0.38367087 1.8560411e-05 0.04623171 2.1754067e-08 8.453079e-08 0.0026053127 0.0024893687 0.088487566 9.629331e-07 1.8954603e-07 5.366596e-06 1.1022566e-06 5.91769e-08 1.5481579e-06 0.0008272213 0.0024152226 0.047676377 2.0496524e-08 2.983433e-08 3.5749486e-07 1.5057598e-08 6.615987e-06 0.022881549 2.0342654e-07 2.2607702e-07 4.90945e-07 7.129875e-09 6.1006717e-06 0.00085144606 1.638676e-08 2.0484038e-06 2.7928463e-06 1.1098374e-06 1.1413642e-09 5.548097e-08 9.494092e-07 7.8872404e-08 1.4521452e-06 0.0023450523 0.00067863066 3.1742775e-07 7.1115025e-08 4.260377e-08
0.7235786 0.00047877838 7.865867e-05 0.07623138 0.007955253 0.64532304 9.075882e-06 6.500158e-05 0.50446147 0.0002793587 6.7831193e-06 0.003070706 0.963453 0.002027486 4.472296e-15 1.9249572e-05 4.179907e-06 0.9951123 1.9785273e-06 0.02008032 0.39493084 8.8685065e-06 6.3896434e-05 1.0586467e-06 0.07251742 2.6120672e-06 0.07195732 0.00060026406 5.64495e-06 0.44113824 3.2159245e-05 0.031659883 0.058084663 1.2100598e-06 3.0477818e-06 0.0003463793 0.0016240666 0.0031949666 0.0022693626 0.3181156 1.9661553e-07 0.0636981 8.370437e-06 0.23121782 0.24517155 6.1441947e-06 0.010743791 3.3787564e-05 0.00015598082 0.0017042966 0.00933233 0.0009614301 4.65107e-05 0.027350388 0.00013498821 8.278226e-05 8.3956473e-07 6.024275e-08 3.4020164e-07 0.041133683 2.3152118e-06 3.8134844e-05 0.027407877 9.5839845e-08 0.0045990124 8.1567566e-07 4.089317e-05 0.038056627 5.0982558e-06 9.831789e-07 4.5263792e-07 0.015374594 0.009419306 0.012254551 0.039236646 0.0017931337 0.005347902 2.0180835e-06 1.2103085e-07 1.2716082e-05 2.6971904e-07 2.1916808e-06 1.0263554e-06 3.5681776e-07 2.6251419e-05 4.141994e-05 0.00039468662 7.0776165e-05 0.0015738922 5.3925836e-05 4.0285866e-07 4.060303e-09 8.700599e-06 0.0013864887 2.9248503e-07 1.0641923e-05 1.1540219e-06 8.129937e-06 1.4482954e-09 2.8187065e-05 2.2650574e-06
0.972092 0.012524479 0.032519404 0.0046709175 0.004196097 0.00018869089 0.028436812 0.71946436 0.00035014862 0.0029285324 0.9504904 0.00021685944 0.000105546125 0.0006974293 1.9249572e-05 1.8675752e-16 0.79906 4.6303903e-06 0.1663901 0.22776097 2.2978815e-05 0.96891654 0.0009621437 0.36360943 0.009055306 0.239112 6.916004e-05 0.77508247 0.005442295 2.1318747e-06 0.34432796 6.5590752e-06 9.550417e-06 0.13131128 0.019171434 0.23641703 0.17024279 1.4608291e-06 1.6967131e-06 3.9740185e-06 0.07519731 3.276502e-05 0.096183 1.8109555e-08 1.3694269e-07 0.010510833 6.523813e-05 0.00031681193 5.465487e-05 0.00022870999 0.46717736 2.5157451e-08 0.025644096 2.979779e-06 6.075702e-09 3.820163e-07 0.016540622 6.125762e-05 1.6658496e-05 4.7247395e-06 3.127364e-05 3.3847352e-09 2.3931438e-08 0.0043134294 0.16379334 3.4416278e-06 2.975047e-07 8.9491976e-07 0.00042372392 0.0020295037 1.4454006e-05 2.7015396e-06 0.0028835477 3.645627e-06 0.4323957 2.2707985e-07 4.325284e-07 0.004904748 0.0038511578 0.0005598853 5.873425e-06 0.0025464068 0.0010651229 1.7317258e-05 1.37197524e-08 1.6629043e-06 0.06126553 5.3814937e-08 4.1873486e-06 2.2315353e-07 0.0005153025 0.0008243194 2.5491104e-07 8.50776e-06 5.665377e-05 6.9676474e-07 4.8232314e-06 1.2874831e-06 2.4795415e-07 9.9736965e-08 9.913399e-09
0.9272256 0.0087688025 0.027605085 0.00073066656 0.0022668857 5.240906e-05 0.094200395 0.8774907 3.921643e-05 0.01211954 0.9401333 0.00020915478 1.6360067e-05 0.0006172512 4.179907e-06 0.79906 1.8072786e-14 3.4715117e-07 0.95759505 0.0024754992 2.4119885e-05 0.4125817 0.006173787 0.07328841 0.0005857526 0.4206577 2.4188219e-06 0.025397724 0.14578828 3.4426325e-06 0.034896247 6.582599e-08 8.1466e-08 0.9267721 0.45880502 0.01336238 0.012216791 1.9052615e-07 1.0273836e-06 2.6705447e-06 0.6806337 1.818426e-05 0.0017424091 2.5912803e-08 8.650172e-08 0.002007035 4.7914215e-05 0.0009691259 5.4525342e-05 6.394682e-06 0.14226587 2.330068e-08 0.42855558 4.9139308e-06 1.4974847e-09 7.3913333e-09 0.002816933 0.00049215055 1.06232565e-05 4.957478e-05 0.00070819334 1.2439182e-10 1.618646e-08 0.06405722 0.011143471 1.723541e-06 1.1444821e-08 2.1500371e-07 0.00054061826 0.06382171 5.0205217e-06 1.1993213e-06 0.0001765927 1.8032504e-06 0.18109511 2.7598189e-08 4.3903206e-08 0.036753796 0.010899529 0.000305126 4.9561518e-06 0.028534956 0.00056992 6.1957458e-06 5.1465854e-09 3.4269874e-08 0.016156582 1.5814035e-08 3.1965437e-06 2.2946086e-08 0.00016565794 0.00034829325 3.5453727e-09 4.3219748e-06 7.1192253e-06 8.401174e-09 2.9620653e-06 1.0747673e-06 2.968888e-07 5.0741646e-09 7.771623e-09
0.96141887 0.00027703727 8.47152e-06 0.044046514 0.006406845 0.56521213 4.8772597e-07 1.6213693e-05 0.122863114 1.45918975e-05 5.8794694e-07 0.00037582038 0.322928 0.00047360267 0.9951123 4.6303903e-06 3.4715117e-07 1.6003991e-15 6.011313e-07 0.28052986 0.11848961 7.488952e-07 8.5596985e-06 1.8646524e-07 0.8307295 2.6667462e-07 0.7461759 0.0025739905 2.7017018e-06 0.1185909 4.7632562e-05 0.4663458 0.555115 1.6347631e-06 8.8662944e-07 0.0017606068 0.016120162 0.032318566 0.016570142 0.089777716 2.0838179e-07 0.008584318 2.7665678e-06 0.48685864 0.37576488 2.2073436e-06 0.0028088435 1.0765313e-05 1.9810186e-05 0.028908141 0.056249157 0.005645707 6.074912e-06 0.00496917 0.0006051956 0.00018054341 1.5043175e-06 2.5041405e-08 3.4323975e-08 0.015806468 2.0625941e-06 4.179264e-05 0.039363265 2.8222567e-07 0.06907049 3.0615303e-07 2.1686717e-05 0.04634609 1.5902418e-06 1.4460811e-06 7.0643885e-08 0.009167833 0.1105083 0.0018782573 0.33554265 0.010593276 0.032495003 1.3489991e-06 1.6167016e-07 1.579058e-05 6.2641945e-08 4.309007e-06 4.8939955e-07 5.195377e-07 0.00017885453 1.0904569e-05 0.0017646999 1.9642981e-05 0.0011877745 2.7789578e-05 1.0470059e-06 2.7864028e-08 5.6952654e-06 0.0009330576 1.6451752e-07 2.9560458e-06 1.2327347e-06 8.140935e-07 5.2514673e-09 6.4011247e-06 1.7067591e-06
0.8249867 0.022720655 0.14394219 0.00058440305 0.005455739 0.0001287326 0.8741775 0.8656377 5.7104262e-05 0.00984549 0.67167455 0.00019706824 1.8839644e-05 0.00031080007 1.9785273e-06 0.1663901 0.95759505 6.011313e-07 1.1220128e-14 0.00086476863 1.0700256e-05 0.08971014 0.017402876 0.007905583 0.000230932 0.07772028 2.905058e-05 0.0060827686 0.7764966 1.1460179e-06 0.005913073 4.2189203e-07 3.1521355e-07 0.8115215 0.87748635 0.0034914047 0.0022311662 2.7982821e-06 7.1719865e-07 3.640162e-06 0.9141694 1.7240557e-06 0.00066070276 2.175386e-08 4.5738833e-08 0.00042767977 0.000101118654 0.0025244118 2.8464112e-05 1.9729425e-06 0.09423233 1.4873127e-07 0.60464525 4.3759354e-07 2.3771168e-08 2.9984835e-07 0.00031189484 0.003746936 1.3495261e-05 0.00035800255 0.001338142 2.3365645e-09 2.1223684e-08 0.2402932 0.004318679 3.0605045e-06 2.8514182e-07 2.9006034e-07 0.00013457752 0.052772198 1.2007816e-06 4.062312e-06 0.00015958525 5.507061e-07 0.06783189 2.283127e-08 3.945868e-08 0.0381038 0.0004746245 0.000107361295 3.7615096e-06 0.0033429852 3.3819477e-05 2.5716051e-06 1.3868754e-07 2.3480662e-07 0.0035793292 6.943532e-08 1.2279516e-05 6.110556e-07 5.373322e-05 1.3476959e-05 2.0440453e-07 2.7760363e-05 1.1720772e-05 5.017685e-07 7.809113e-07 3.2058378e-07 5.093794e-08 6.432049e-07 3.6813873e-07
0.9931789 0.6478294 0.08834745 0.62995416 0.95822287 0.6089579 0.00667331 0.10908271 0.07521191 0.009504381 0.015926521 0.047398955 0.03310716 0.021630667 0.02008032 0.22776097 0.0024754992 0.28052986 0.00086476863 1.7983066e-15 0.0053398167 0.0118936645 0.0021075383 0.0025539058 0.9447146 0.00027483518 0.31610283 0.77596986 0.0004020171 0.0011884288 0.088254616 0.04198138 0.040209115 0.00013695857 5.1833413e-05 0.44281894 0.47445375 0.015874669 0.02414697 0.00051192474 7.92982e-05 0.00071787206 0.019436378 0.020218315 0.0031147124 0.013960078 0.002219024 0.0020063443 0.00046349366 0.10321538 0.43470553 0.0006202376 5.7539575e-05 0.00011220121 0.00046978332 0.0013704853 0.00095122773 0.00019662801 5.3085794e-05 9.599504e-05 0.0003280037 0.0003216908 0.00020064694 9.907371e-05 0.52956563 3.8070015e-05 0.0013936487 0.00025178192 0.0033276032 4.4618428e-05 5.9766273e-05 0.00018166364 0.17775416 0.00077866844 0.50815886 0.00066784344 0.0011490247 2.1013157e-05 1.6630558e-05 0.0014526772 2.7008184e-06 2.2286715e-06 0.0002778493 3.741899e-06 1.8758843e-05 0.00015713913 0.010560956 2.0252644e-05 1.2689829e-05 0.00010053345 9.901009e-06 6.1572637e-06 3.6529094e-05 7.424189e-06 3.511108e-06 2.8081056e-05 5.3632803e-06 6.2186073e-06 1.2076855e-07 7.8685935e-06 5.8242454e-06
0.9401565 0.0023391389 0.0002916613 0.19143036 0.074551694 0.90921855 0.000119250566 0.00037671314 0.7376333 0.00063621474 6.6683184e-05 0.2857337 0.93149275 0.22483309 0.39493084 2.2978815e-05 2.4119885e-05 0.11848961 1.0700256e-05 0.0053398167 1.7644267e-14 1.1841246e-05 0.001783269 3.044743e-06 0.010472936 5.6399404e-06 0.0045369742 0.00010261226 2.1322364e-06 0.98920953 6.4560045e-05 0.00052066945 0.0003881235 1.2377807e-05 1.0865957e-06 0.00033434574 0.00044469623 0.0012690822 0.00039160578 0.49154064 5.658753e-08 0.70680517 9.083771e-06 0.0010339882 0.004993231 1.8983014e-06 0.5273001 0.00069707294 0.038623326 0.0005366227 0.029005887 2.8604813e-06 2.313573e-05 0.32886836 6.29782e-07 4.5086963e-06 5.4146756e-05 1.0228032e-05 0.00018256206 0.026708994 7.9960555e-05 1.0697643e-07 5.6780933e-05 1.1922822e-05 0.0007816494 0.00022136809 7.954971e-06 5.0821076e-05 2.6602956e-06 2.1877224e-05 8.4698434e-07 0.0006227296 0.0011829914 0.16285646 0.14054142 1.9302477e-07 3.090693e-07 2.2105605e-06 1.5059143e-07 2.1381225e-05 2.8436518e-05 3.0525728e-06 2.5926645e-06 2.0022686e-07 5.1241165e-07 1.0183678e-05 0.0021338162 2.856407e-07 5.4362623e-05 2.6955024e-06 1.7419926e-06 8.889433e-09 1.8645548e-07 2.0485377e-05 7.120536e-06 6.336718e-06 3.0461328e-05 0.00031677805 1.1173137e-08 1.1816039e-06 4.0919733e-07
0.97200716 0.00090841873 0.004618091 0.0004354774 0.00040680653 4.0812214e-05 0.010962514 0.08243484 2.456635e-05 0.0045012315 0.29759765 4.2335472e-05 2.6116128e-05 0.00014387122 8.8685065e-06 0.96891654 0.4125817 7.488952e-07 0.08971014 0.0118936645 1.1841246e-05 5.1053437e-14 0.0006779899 0.969863 0.0014549821 0.85718644 4.2706083e-06 0.5155253 0.0061506326 2.1464343e-06 0.48005852 4.6450944e-07 5.5020683e-07 0.6299639 0.060105145 0.118914284 0.063707806 6.3833204e-07 6.8962714e-07 9.825955e-06 0.093670204 1.1378724e-05 0.2597038 1.7242627e-08 5.8783733e-08 0.056030102 0.00011294456 6.6363005e-05 1.8569104e-05 2.054066e-05 0.3420271 8.662434e-09 0.0790138 2.3572205e-05 2.2893398e-09 4.8602814e-08 0.31239116 1.4761425e-05 1.5429844e-06 4.713823e-05 2.0077625e-05 5.8515864e-10 7.0910464e-09 0.0010609168 0.044717807 2.1278854e-06 6.2359305e-08 2.4093123e-07 0.004054726 0.026686208 0.0005323797 1.8532613e-06 0.00036501358 4.275164e-06 0.30742976 1.6992118e-08 2.5110852e-08 0.036818366 0.06586278 0.0017141133 7.4616382e-06 0.037067194 0.04831715 0.00012460294 1.7807442e-09 1.8438729e-07 0.059040837 2.0767303e-08 9.68571e-06 2.6714005e-08 0.0010312175 0.04027853 1.2964775e-08 5.7381008e-06 0.00039784494 2.9050977e-08 1.0210226e-05 4.6663645e-06 7.1889317e-06 8.879791e-09 3.1734178e-09
0.6883802 0.3371431 0.29195434 0.026547233 0.1501524 0.013390139 0.5760239 0.028846081 0.0045648855 0.9923549 0.010531281 0.43709508 0.00077840127 0.49923635 6.3896434e-05 0.0009621437 0.006173787 8.5596985e-06 0.017402876 0.0021075383 0.001783269 0.0006779899 2.9573932e-12 7.691561e-06 0.00041069454 3.1123534e-05 0.00043423765 0.0001394719 0.13037683 8.7923065e-05 0.00054016704 5.388288e-06 2.8432949e-06 0.00035438957 0.00014541409 0.0005874994 0.0010196366 1.625021e-05 9.598245e-06 4.4724206e-05 0.0036455456 0.00015061752 7.023988e-06 5.6714146e-07 1.9028909e-06 3.7895584e-06 0.100775756 0.9877372 0.2380786 0.00012915868 0.024316011 7.3606014e-07 3.7561735e-05 4.484108e-06 3.0251496e-07 5.5430434e-07 0.00025892275 0.432334 0.27036265 5.5290322e-05 0.1506753 7.861629e-09 1.8568605e-07 0.6107316 0.0016851175 0.033601522 7.968923e-07 1.2458516e-07 5.447571e-05 1.397415e-06 3.877291e-06 9.0748125e-07 0.00036273696 0.00044577732 0.032286566 4.1123043e-09 9.8798e-09 1.7845889e-06 2.0213048e-07 0.0002985915 0.06772875 1.9444465e-07 1.677282e-06 3.5503824e-06 2.4876266e-08 1.3192744e-05 0.0026136772 7.2466754e-08 2.8557522e-06 1.5409043e-05 0.00023395648 4.100816e-08 4.2729e-07 1.5828656e-06 4.984678e-06 9.031098e-06 0.0026105233 0.0007642095 4.113075e-08 4.0878135e-06 2.2344816e-06
0.9030153 7.8070065e-05 0.00029835978 6.0748916e-05 0.00011261984 9.110482e-06 0.00020731546 0.010278004 2.6179578e-06 7.336403e-05 0.063925296 8.6895824e-07 1.6615617e-06 9.0452977e-07 1.0586467e-06 0.36360943 0.07328841 1.8646524e-07 0.007905583 0.0025539058 3.044743e-06 0.969863 7.691561e-06 4.3359096e-13 0.00023562735 0.96781844 2.9899327e-06 0.34034374 0.00024311368 2.001107e-06 0.8293461 1.0743159e-07 1.16826385e-07 0.27750286 0.0024252215 0.11640233 0.048515715 3.3501772e-07 7.353634e-07 1.7052507e-06 0.0022586037 3.8841936e-06 0.38651183 6.917386e-08 2.1211706e-08 0.11019937 2.4201428e-05 2.302586e-06 1.6414054e-06 5.7127654e-06 0.1859258 1.578345e-08 0.01993504 7.710811e-06 1.7133222e-09 7.528584e-08 0.87981325 6.265094e-07 1.947906e-07 0.00015188425 2.7160709e-06 4.6387702e-10 6.0371197e-09 2.1765305e-05 0.022113908 9.2045305e-08 2.4153837e-07 4.96915e-07 0.014177078 0.012424365 0.008481262 2.1905712e-06 7.933353e-05 8.977933e-06 0.09377323 3.2569513e-08 5.3682484e-08 0.01686364 0.21629708 0.003913293 1.8078841e-06 0.06288629 0.763206 0.0036818655 7.552859e-09 3.107872e-07 0.027185153 3.6447823e-08 7.813728e-06 2.5375519e-08 0.0014104772 0.20726952 4.438642e-08 3.2610571e-06 0.009537781 5.4359425e-08 2.0585226e-06 1.2327099e-06 0.000369519 2.1105325e-08 1.0397063e-08
0.9916444 0.052025646 0.014911142 0.15704447 0.35635984 0.46378833 0.00065276225 0.005096712 0.02660952 0.0052603204 0.0014500556 0.021388419 0.03492513 0.008648499 0.07251742 0.009055306 0.0005857526 0.8307295 0.000230932 0.9447146 0.010472936 0.0014549821 0.00041069454 0.00023562735 6.4718576e-13 9.144575e-05 0.69217765 0.2613161 0.0005404603 0.0053894683 0.0048617776 0.29625037 0.25518528 3.832366e-05 4.7276262e-05 0.094356745 0.16841452 0.1424366 0.50734025 0.004975306 0.00011393303 0.0006157637 0.001233535 0.2013273 0.057744138 0.001718917 0.0020219982 0.00040250985 0.00034529224 0.43482476 0.25972223 0.014542505 4.6056728e-05 0.00057834946 0.017563814 0.042370018 0.00054175605 8.966048e-06 1.6836371e-05 0.0014354996 2.7702416e-05 0.008614597 0.012347233 3.7085892e-06 0.60669696 0.000101041056 0.014102616 0.008481921 0.0005263996 2.3261795e-05 1.0473588e-05 0.0009879882 0.7374975 0.0008165786 0.8400626 0.008573641 0.01816775 3.6682368e-06 1.9008949e-05 0.00054945075 9.736248e-06 2.2573868e-06 0.00038545215 4.07535e-06 0.0003141807 0.00027375875 0.0079303505 0.000571587 0.0002223424 0.00043296115 9.629859e-06 8.145536e-06 0.0002836868 0.00026132583 3.900876e-06 0.00011407687 1.4928763e-05 2.0032925e-05 1.1629648e-07 8.261923e-05 0.00010834098
0.8475723 0.00012031913 0.00030505474 0.00012877471 0.0001956764 1.795315e-05 0.0003898457 0.023708371 2.3732515e-05 9.350324e-05 0.108947605 1.7331869e-06 8.379103e-06 1.0745471e-06 2.6120672e-06 0.239112 0.4206577 2.6667462e-07 0.07772028 0.00027483518 5.6399404e-06 0.85718644 3.1123534e-05 0.96781844 9.144575e-05 8.0501334e-13 7.693293e-06 0.058052365 0.0003122707 2.2353415e-05 0.5283004 2.263022e-07 1.4292425e-07 0.9709507 0.014109072 0.028660823 0.014235342 5.238288e-07 1.0564581e-06 4.2226282e-05 0.0074670273 1.8926174e-05 0.060541302 1.5670713e-07 2.4440442e-07 0.038264263 2.409179e-05 1.286595e-05 4.637165e-06 9.480969e-06 0.0996452 1.8436127e-07 0.12697358 2.9932238e-05 3.9958223e-09 6.320736e-08 0.8660576 1.1090311e-06 1.7128182e-06 0.0020904902 7.4980107e-06 9.0755864e-10 4.285217e-08 0.00014948817 0.0051533203 1.2939971e-06 1.2029393e-07 6.505789e-07 0.0074926787 0.09985931 0.0036814122 5.0522864e-05 7.1940514e-05 4.403544e-05 0.077044934 7.0805086e-08 3.4452515e-07 0.084574796 0.55531585 0.0009544104 1.1970366e-05 0.27578193 0.6346631 0.0010603959 1.703726e-08 1.0364537e-07 0.011344097 3.867563e-08 4.6188594e-05 2.2226368e-08 0.00083452853 0.4983054 4.3345725e-08 2.2461481e-05 0.014875713 1.1850803e-07 1.0441764e-05 8.705778e-06 0.00016170972 8.695613e-08 6.219775e-08
0.99476516 0.00046876894 4.308553e-05 0.0041882573 0.0031358954 0.020484282 3.3877436e-06 0.00010019921 0.00050026726 0.00010308797 1.9020019e-06 0.00035121964 0.009498636 0.00027737857 0.07195732 6.916004e-05 2.4188219e-06 0.7461759 2.905058e-05 0.31610283 0.0045369742 4.2706083e-06 0.00043423765 2.9899327e-06 0.69217765 7.693293e-06 1.4300938e-12 0.027335543 5.2415064e-05 0.003394126 0.00066358474 0.8237639 0.86427325 4.833825e-05 3.3615918e-06 0.016117355 0.02055445 0.36981344 0.25181282 0.009176042 1.3265931e-05 0.00048338852 2.0727603e-05 0.93853885 0.6476147 9.945673e-05 0.0013534889 0.0009494406 0.00016784036 0.13613956 0.044564873 0.31224668 1.3327877e-05 0.00019598233 0.01648556 0.003116944 2.4579638e-05 2.9281202e-06 2.921696e-06 0.0016197055 2.6040794e-05 0.0025010563 0.5103552 1.3104827e-05 0.066443674 0.0001051181 0.000798303 0.16535737 0.0001667626 8.73671e-06 2.1570106e-06 0.02650591 0.03930712 0.000907545 0.4254387 0.12933856 0.14271948 7.3553006e-06 8.652193e-06 9.4920106e-05 2.6720654e-06 1.6777003e-05 3.1473563e-05 6.5376395e-07 0.15749599 0.00020060618 0.0059102266 0.0005047572 0.0005240532 2.9227484e-05 8.903896e-06 2.463133e-07 2.9829163e-05 0.009640841 7.6095347e-07 6.91512e-05 2.3343086e-05 3.0678448e-06 1.7139635e-08 1.9313766e-05 4.0875042e-05
0.96588343 0.03756013 0.019981436 0.07187719 0.046971455 0.003685459 0.0033120723 0.1283515 0.0030560014 0.0010605303 0.29551512 0.0005881287 0.00096028514 0.00053827907 0.00060026406 0.77508247 0.025397724 0.0025739905 0.0060827686 0.77596986 0.00010261226 0.5155253 0.0001394719 0.34034374 0.2613161 0.058052365 0.027335543 1.01195846e-13 0.00026079902 2.7123551e-05 0.9659312 0.0052745137 0.0064710295 0.017070742 0.0008461807 0.8974673 0.46084946 0.00051476515 0.0005653379 4.632778e-05 0.00068901584 1.096269e-05 0.71392554 4.151152e-05 9.612663e-06 0.6014287 0.0002866667 0.00020225305 5.5918645e-05 0.03637496 0.75793004 4.994052e-06 0.0011225549 2.1872481e-06 1.186288e-05 0.00015178506 0.16044687 1.1653252e-05 1.7366889e-05 2.867092e-05 4.1586532e-05 2.5713798e-06 7.857641e-07 0.00035371596 0.2778566 1.5111223e-05 0.00050359813 3.5559974e-06 0.04265692 0.000693835 0.03678656 1.9225925e-05 0.03638648 7.1928475e-06 0.19883259 2.7551894e-05 3.5905327e-05 0.0010922956 0.006327386 0.020641303 3.46046e-06 0.0026836281 0.15503493 0.0026049304 1.3503391e-06 2.8416496e-06 0.031368487 3.7084035e-07 2.36566e-06 3.5454254e-06 0.00042353765 0.022387456 8.300864e-06 2.8776014e-06 0.0006418994 2.4853737e-06 6.1486463e-07 2.220745e-06 0.00021494334 1.5770067e-07 5.7231755e-08
0.37935752 0.028889766 0.16318679 0.0019043062 0.003990147 0.0007346338 0.9067046 0.22959507 0.00024034524 0.13573034 0.119478345 0.0018610855 1.9473788e-05 0.003394157 5.64495e-06 0.005442295 0.14578828 2.7017018e-06 0.7764966 0.0004020171 2.1322364e-06 0.0061506326 0.13037683 0.00024311368 0.0005404603 0.0003122707 5.2415064e-05 0.00026079902 1.00941004e-13 1.3827266e-06 0.00071151834 1.985615e-05 1.0094393e-05 0.009083468 0.06466491 0.00066276797 0.00088685995 1.9592308e-06 2.083783e-06 4.8285888e-06 0.97433066 6.382728e-06 4.5511356e-06 8.995258e-07 1.1376202e-06 0.00015748164 4.9572984e-05 0.01131996 4.3731277e-05 9.416913e-05 0.016993726 2.078268e-06 0.022748671 5.60331e-07 1.5878974e-06 1.9913389e-06 0.00014925 0.017568758 8.214047e-05 0.0001028016 0.011170529 8.547241e-08 2.3138389e-06 0.9836038 0.00043041093 1.1828842e-05 4.266481e-06 1.9270428e-06 4.1715426e-05 0.000109763474 3.048161e-07 3.9553474e-06 0.00047564472 1.0110718e-06 0.01480108 9.207111e-08 5.02592e-08 0.00025804693 3.2474098e-05 2.3139437e-05 4.728889e-05 1.1713899e-05 1.4010092e-05 8.364835e-06 2.6841127e-08 2.2530432e-05 0.0009715592 2.0430991e-06 2.0160722e-05 5.6761955e-06 1.9030444e-05 8.3603084e-07 1.8872255e-06 1.0715656e-05 6.8111226e-06 7.5652664e-05 1.2923562e-05 9.40659e-07 1.9677066e-07 3.743173e-06 1.1380118e-06
0.7109725 0.0003691057 1.956457e-05 0.017292207 0.0037938925 0.46322814 7.954903e-06 3.7265945e-05 0.27584943 4.7215075e-05 2.3683574e-06 0.005672413 0.6102845 0.005090327 0.44113824 2.1318747e-06 3.4426325e-06 0.1185909 1.1460179e-06 0.0011884288 0.98920953 2.1464343e-06 8.7923065e-05 2.001107e-06 0.0053894683 2.2353415e-05 0.003394126 2.7123551e-05 1.3827266e-06 1.1216234e-14 2.7948274e-05 0.0010322472 0.0010094908 0.00034336958 6.1268042e-06 5.9161306e-05 0.00016977185 0.00060438295 0.00026479035 0.9892644 2.3209077e-07 0.76911515 1.1931728e-05 0.003123495 0.023136526 9.325086e-07 0.059121806 8.036574e-05 0.0018810768 0.00020963507 0.004007449 1.2437766e-05 0.000697729 0.5831317 1.6662857e-06 1.5855407e-05 0.00020603118 1.9713195e-06 9.577324e-06 0.32053918 3.3278044e-05 3.7282686e-07 0.0006775155 1.8244996e-06 0.0005095439 4.146068e-05 8.143058e-06 0.0013244486 8.148352e-07 0.00037159905 1.0854657e-06 0.012086126 0.0008613936 0.21249029 0.019771904 2.6602577e-06 4.331734e-06 0.00019298255 6.363628e-05 5.3221925e-06 6.845532e-06 0.00020576315 1.7933713e-05 1.9305783e-06 9.838692e-07 7.452528e-06 0.0003750516 1.2183345e-06 0.006671054 5.8906517e-06 4.4670585e-07 1.9350407e-06 1.7331512e-07 0.00067473185 1.1827521e-05 7.605338e-06 1.5828076e-05 0.00011933077 4.236982e-08 5.971226e-07 1.9197908e-07
0.969282 0.0038773525 0.004308966 0.0076133832 0.0029265317 0.00021371694 0.002235068 0.011548179 0.00045617452 0.0026477594 0.04453097 0.00013458742 7.668318e-05 5.6835706e-05 3.2159245e-05 0.34432796 0.034896247 4.7632562e-05 0.005913073 0.088254616 6.4560045e-05 0.48005852 0.00054016704 0.8293461 0.0048617776 0.5283004 0.00066358474 0.9659312 0.00071151834 2.7948274e-05 2.1603255e-13 2.2412289e-05 1.6661053e-05 0.07050288 0.0011997407 0.6911354 0.09473226 1.9413374e-05 8.1964725e-05 7.587383e-05 0.0019390645 7.743482e-05 0.90904087 4.9081e-06 7.7391184e-07 0.8045931 0.0014490373 0.000396289 0.0001211798 0.0014679743 0.29143193 6.222196e-08 0.0021215635 2.1509764e-05 2.427939e-08 3.2248113e-06 0.86715996 2.07492e-05 4.661763e-05 4.91406e-05 0.00011134622 7.367346e-10 4.1083726e-07 0.00010784288 0.031522278 2.8190238e-05 3.4751865e-06 1.3368988e-06 0.04013128 0.004482272 0.11876092 1.1060161e-05 0.0015720344 1.0670084e-05 0.23314497 1.1715022e-06 1.5223881e-06 0.0045843455 0.10590965 0.01039825 6.0424745e-06 0.021421935 0.19543855 0.002496201 4.703486e-07 1.65258e-07 0.14032124 4.5423567e-09 5.75475e-06 1.0837853e-07 0.0015955055 0.56231356 1.2694361e-08 3.4782968e-06 0.0015625044 5.6994057e-08 5.8033042e-06 1.4286892e-05 0.0015306522 5.712735e-09 7.723701e-09
