5.8216866e-28 0.93646234 0.67968553 0.9878336 0.67355895 0.9938719 0.93403804 0.7886966 0.9882368 0.96958125 0.99784565 0.8684805 0.9950315 0.9472515 0.40912846 0.8978043 0.5184595 0.7830249 0.30213702 0.5940516 0.3643395 0.82343894 0.96458006 0.6014778 0.8630515 0.30235517 0.92612904 0.53926384 0.87662613 0.35224938 0.99071085 0.7961291 0.38037106 0.98488367 0.9107449 0.075713575 0.86678475 0.33728686 0.7134265 0.32231683 0.254733 0.017919123 0.102750756 0.36056802 0.70613736 0.99972534 0.76977736 0.041840408 0.014634301 0.1222023 0.9997953 0.0054848935 0.13021606 0.008669424 0.07142419 0.9913136 0.8471633 0.9929902 0.99236375 0.0920099 0.25732598 0.0047900854 0.00965106 0.039297525 0.48221388 0.9951419 0.0718307 0.99999297 0.9898954 0.99003536 0.02307688 0.008658393 0.046035487 0.21556959 0.08351148 0.085267924 0.9907018 0.00017620863 0.9998028 0.028084287 0.041465048 0.00096482947 0.9937405 0.3880848 1.6084723e-05 0.00036786255 0.8736827 0.0002724027 0.296723 0.0007334882 0.9343091 0.010252829 8.766518e-05 0.015561717 0.0003787909 0.0029159093 0.17788854 6.0239877e-06 0.0032276327 0.003276865 0.00075020205
0.93646234 1.0879489e-21 0.6004454 0.6741198 0.39498073 0.23237436 0.38955957 0.5800029 0.45295602 0.11699834 0.753558 0.22505946 0.8395279 0.09836949 0.0600151 0.04041811 0.06924551 0.15237433 0.0243946 0.010856284 0.008671726 0.00882164 0.14412871 0.035495948 0.034861952 0.032032385 0.11629055 0.004673814 0.021124639 0.02593035 0.23284525 0.008339578 0.04757214 0.0065296516 0.17352518 0.0072113965 0.004851456 0.009040956 0.021680715 0.0019176354 0.00087540166 0.0016322619 0.0027208182 0.006660241 0.009809776 0.14400673 0.012385814 0.0019261895 0.00057431567 0.00050652307 0.46012595 0.0005796369 0.003667149 0.00027009295 0.0003411323 0.03441305 0.02529325 0.07222807 0.016541034 0.0005931373 2.6079439e-05 0.000107551794 0.00011471749 0.00037117864 0.00077352865 0.025786666 0.00033834882 0.1232517 0.021547247 0.22632378 0.00046286118 0.00023361025 0.0010204298 0.0041455366 9.307007e-05 0.0028115276 0.015166267 8.648057e-05 0.12657884 1.7420734e-05 0.0033512737 4.8161142e-05 0.088104084 5.0075556e-05 2.2498903e-06 1.3867273e-05 0.0007574831 1.4897247e-05 0.006725136 9.003226e-06 0.024958976 8.748045e-05 5.8804085e-06 9.4901094e-05 8.055746e-06 6.960701e-05 0.0011069165 5.749385e-06 2.5681313e-05 9.249899e-05 7.0006994e-05
0.67968553 0.6004454 3.4710645e-22 0.013199434 0.9614716 0.8290862 0.003072735 0.84342694 0.05452678 0.00071626843 0.07388735 0.011054127 0.27675188 0.10063583 0.0016740053 0.00047761932 0.12077647 0.025006406 0.0017930617 9.20875e-05 0.00019721658 0.03847465 0.00011198475 0.009142173 0.026614454 0.003872982 0.00015323969 0.00021606221 0.009991202 0.0044948226 0.0034400972 0.00078785996 0.0018874102 0.014787655 0.0021731283 0.004993186 0.023397423 0.00033113884 0.00012272509 0.00407709 6.354258e-05 0.00096295145 0.0036630717 0.0040132585 0.015942415 0.13985819 6.407242e-05 0.000586066 0.0003741448 0.0010688447 0.084899984 0.00014376876 0.03816445 1.8977504e-05 0.0002952344 0.017406851 0.00012873346 0.031447668 0.006398098 0.005714943 0.0004085197 1.23278e-05 3.228967e-05 0.00036876014 0.00045147608 0.009387386 0.0012474336 0.050586354 0.0007144472 0.013819734 0.00016887195 6.992828e-06 0.00025548242 1.523458e-05 0.00084065885 4.0317274e-05 0.0139299445 4.1984126e-06 0.00512059 0.0004658983 7.228534e-05 4.6662248e-05 0.002356389 4.3239106e-05 6.5364986e-07 3.122734e-06 0.004384704 9.220389e-06 9.24551e-06 4.2891916e-06 3.455304e-05 5.053896e-05 3.9155125e-06 4.5469693e-05 1.6668324e-06 8.7895234e-05 2.90668e-06 5.934402e-06 2.0526915e-05 9.059326e-05 1.32935775e-05
0.9878336 0.6741198 0.013199434 2.0215459e-20 0.0068488405 0.033861514 0.9412211 0.08032473 0.16690701 0.4803858 0.33769944 0.28285468 0.19146593 0.034081 0.4375873 0.19039941 0.00058971223 0.050342463 0.22850825 0.044131566 0.062188864 1.8843977e-05 0.061118554 0.03648422 0.021710787 0.08701316 0.021753782 0.06994787 1.1873191e-05 0.059362315 0.0018645747 0.14755972 0.0040803906 0.0010843573 0.0022393223 0.016491694 0.00025704846 0.0016286296 0.00031864207 0.0004354357 0.031311233 0.0023827937 0.0023673282 5.608951e-05 6.876593e-06 0.028050674 0.00042023728 0.031617627 0.0006599317 0.00045743727 0.08043914 0.004593356 0.00015775792 0.002422242 0.010723948 0.0005077881 0.002488602 0.0033150555 0.0004479099 1.8018349e-05 1.1070471e-05 0.0010849561 0.0031911922 0.00041042967 5.1611473e-06 0.001156934 2.2801355e-06 0.0045349086 0.002741253 0.016125536 0.00021506 0.00018689585 0.00063723855 2.3011668e-05 3.4949506e-05 1.9064013e-05 0.0016941007 3.62794e-05 0.007833853 1.1993156e-06 5.8526925e-06 1.6670178e-05 0.0018093823 6.4741556e-07 5.9889257e-06 5.44755e-05 1.3012235e-05 8.763038e-06 4.0900873e-06 9.962034e-06 7.914283e-06 2.2933618e-06 3.8043759e-06 1.652964e-06 4.861499e-07 7.910948e-06 1.7221815e-05 6.5411846e-06 8.539869e-06 0.00014168839 4.991738e-06
0.67355895 0.39498073 0.9614716 0.0068488405 3.0078906e-21 0.61794746 0.0014621326 0.8530941 0.024392627 0.00017513677 0.017606447 0.007614029 0.12149035 0.17517905 0.0008451146 0.00014870115 0.37433133 0.026374677 0.0005406938 3.9659484e-05 0.00014381703 0.10956883 3.763302e-05 0.0098104365 0.037657764 0.0022263147 4.347852e-05 8.127406e-05 0.031191366 0.0025354987 0.00039318102 0.0003291506 0.00049737596 0.025330497 0.00022089633 0.0061631184 0.06410668 8.4673e-05 6.56949e-05 0.0070153093 3.1470427e-06 0.0010470874 0.0053971396 0.0084549505 0.028577073 0.106227905 1.4271397e-05 9.495632e-05 0.00019746782 0.0022009872 0.025065495 2.229761e-05 0.074473366 5.228939e-07 3.818863e-05 0.018911324 4.0303607e-06 0.025646858 0.0132466275 0.005583669 0.0024189963 7.913173e-08 5.5921496e-06 0.0006722353 0.0005982669 0.010991349 0.0016454554 0.02931326 1.3069469e-05 0.0024201926 0.0003702294 1.9815664e-07 0.00032015992 5.8817604e-06 0.0010785749 3.5525904e-06 0.020068504 2.5438797e-07 0.0011457071 0.00042562195 3.9688407e-06 1.7680866e-05 6.732526e-05 0.00010787414 1.0873362e-07 8.4425295e-07 0.0051013175 2.5053114e-06 1.2465689e-06 1.8293501e-06 9.27051e-07 0.000107277476 5.311136e-07 2.2520326e-06 8.1111995e-07 5.427533e-05 3.146597e-07 7.226493e-07 1.4847102e-06 3.7439248e-05 1.3884317e-05
0.9938719 0.23237436 0.8290862 0.033861514 0.61794746 3.4917727e-20 0.0047542662 0.2904024 0.07667564 0.0018052483 0.059573878 0.0056813625 0.3482873 0.29977256 0.00053150917 0.0002460151 0.26153076 0.015970156 0.00041682163 1.8952598e-05 3.0996045e-05 0.25140512 2.549743e-05 0.012925155 0.050331686 0.0011459037 3.8427523e-05 7.473485e-05 0.17418471 0.0012344865 0.00065554644 0.0005979187 0.0003215782 0.39227504 0.0009350904 0.0011050126 0.061470747 1.7256225e-05 2.1856495e-05 0.008413543 1.0799545e-05 8.776581e-05 0.0024837865 0.056722827 0.17980658 0.80846834 1.9442501e-05 2.3290893e-05 3.6715774e-05 0.0015271294 0.36673284 5.0511712e-06 0.03555019 4.1019678e-07 6.394788e-05 0.13124856 1.5856253e-05 0.24936369 0.058664534 0.0303115 0.0028917333 7.854045e-07 4.8894267e-06 0.00015907515 0.0027086537 0.07634371 0.0037988252 0.6065237 6.577709e-05 0.007601662 0.00024704463 1.5620118e-07 0.00014193874 2.4150415e-06 0.005668538 5.3213344e-06 0.06306643 7.291177e-07 0.010558826 0.00020450797 8.7388935e-06 7.782234e-06 0.00054878206 0.0006245016 2.3080746e-07 3.924937e-06 0.021023463 1.3399789e-06 4.7493083e-07 9.1144847e-07 4.96524e-06 0.00011434993 6.195122e-07 3.8517743e-07 1.8731267e-06 0.00016569001 1.0712453e-06 5.192371e-07 1.2540439e-06 0.0003042093 8.835533e-06
0.93403804 0.38955957 0.003072735 0.9412211 0.0014621326 0.0047542662 9.209818e-19 0.008946677 0.0089962315 0.8175622 0.26507774 0.010783928 0.10308383 0.0011160375 0.5384895 0.40488604 0.0001211412 0.0035506755 0.23847888 0.20689636 0.13804951 2.593535e-06 0.32405367 0.0027143557 0.0008913683 0.010058694 0.16103639 0.032466833 1.8807018e-06 0.0058192546 0.012297182 0.016865008 0.09706615 8.937717e-05 0.010785666 0.0018690504 8.986448e-06 0.03255887 0.008355536 1.8939934e-05 0.0148296915 0.0010683993 0.00012782853 3.2241114e-05 4.859448e-06 0.005028392 0.0007821535 0.0036388333 0.00023285467 2.5732601e-05 0.053910784 0.0014097075 0.00011792906 0.0028712305 0.0004303935 0.0003870866 0.005214946 0.0010776495 0.00035225786 5.331489e-06 2.9128157e-06 0.0008929088 0.0004763161 2.4911202e-05 1.3600379e-05 0.0007619738 4.744921e-07 0.001406146 0.008622536 0.04877587 1.0305401e-05 0.0007099645 4.253089e-05 0.0002372619 4.8904505e-05 0.00028097007 0.0008222904 7.967435e-05 0.018073594 6.6046044e-07 0.00013641044 4.115893e-06 0.0077827284 1.7054134e-06 1.9924115e-05 1.1951294e-05 1.3594272e-05 3.8329194e-06 0.00010673722 1.4882586e-06 0.0005454706 1.1386421e-05 5.94241e-06 1.0261583e-05 3.792658e-07 2.236666e-05 0.00018984718 1.3687865e-06 3.217434e-05 0.00012652665 5.237356e-06
0.7886966 0.5800029 0.84342694 0.08032473 0.8530941 0.2904024 0.008946677 2.6682435e-19 0.30093867 0.00094574125 0.054302704 0.08759032 0.10176262 0.87086934 0.003925166 0.00072346965 0.75113505 0.36811 0.0037343754 0.00029430058 0.00080805365 0.25674924 0.00014872981 0.17929217 0.39510736 0.0232937 0.0002684356 0.0010969635 0.03195811 0.033871755 0.0007816707 0.0077201156 0.0011044622 0.03553155 0.00027308133 0.07184779 0.26758212 0.00037722127 0.00020612255 0.049121697 3.409578e-05 0.021159295 0.050904598 0.0090082735 0.02127204 0.11290324 2.8312339e-05 0.0029937818 0.005549675 0.027113268 0.01483762 0.0013854636 0.11960442 5.5510973e-06 0.0060251 0.010586656 4.5400297e-06 0.01750982 0.01267919 0.0029409954 0.006307669 1.1271138e-06 0.0009961274 0.0074829604 0.0010960934 0.008138428 0.0010350338 0.020949673 7.443213e-05 0.0018656579 0.002281087 2.780011e-06 0.0024270355 1.7917471e-05 0.0010556469 2.833649e-05 0.013285563 5.059256e-06 0.0017462284 0.00029242723 6.9584084e-06 0.00046192165 0.000108032174 4.1045547e-05 1.6949051e-06 7.10279e-05 0.0017105705 8.930416e-05 6.822894e-05 0.0006506962 1.4823145e-05 0.00042148228 2.480898e-06 7.5937496e-06 9.5693085e-06 0.0003824959 2.273994e-06 1.2718507e-05 6.4331934e-06 0.00012267746 8.245992e-05
0.9882368 0.45295602 0.05452678 0.16690701 0.024392627 0.07667564 0.0089962315 0.30093867 1.84243e-20 0.014955413 0.30909607 0.8900642 0.14799462 0.26339796 0.008647883 0.007241748 0.0146425925 0.8194458 0.010028746 0.0021664528 0.00352207 0.0012509599 0.00088296196 0.5556931 0.4631266 0.13690242 0.0010275278 0.017007375 0.00024636465 0.23225689 0.00066373224 0.20531854 0.00052332226 0.008447262 0.00054055697 0.16470306 0.052057855 0.0001652461 3.609395e-05 0.014690126 0.03937887 0.031647358 0.047744494 7.467145e-05 5.1995412e-05 0.11252687 2.9247727e-05 0.028084395 0.023253953 0.01586962 0.016218279 0.007570806 0.00023251757 0.0012354559 0.15980084 0.0018181095 0.00026229632 0.010072953 0.0017287763 6.5771936e-05 0.0019861718 0.00069414475 0.025748895 0.012566299 3.3105593e-05 0.0024465001 3.4905984e-06 0.009461081 0.0020400065 0.0024419723 0.01498878 9.593226e-05 0.039396673 5.715801e-06 7.307732e-05 1.2025929e-05 0.0032917976 5.7930938e-05 0.004099266 4.50976e-07 1.3178608e-05 0.0073967334 0.002742639 6.941355e-06 8.385794e-06 0.00012370887 6.097657e-05 0.00056478614 8.715668e-07 0.0014104854 1.0676384e-05 6.226746e-05 1.0664392e-06 7.2064387e-07 0.00012982989 0.0001007645 1.6302518e-07 2.9596356e-05 1.8956531e-06 9.806684e-05 0.00014029139
0.96958125 0.11699834 0.00071626843 0.4803858 0.00017513677 0.0018052483 0.8175622 0.00094574125 0.014955413 7.35721e-17 0.1826481 0.030716898 0.027045885 0.00020700354 0.78715503 0.7996063 2.133745e-05 0.0044545643 0.6802337 0.62372494 0.58494055 1.7253732e-06 0.40409505 0.008233702 0.0022224127 0.118880585 0.15149023 0.6083581 1.6658217e-06 0.045760244 0.0030903972 0.41112533 0.04369714 2.6517228e-05 0.0021670489 0.0051338556 2.4353913e-05 0.06756975 0.012092173 1.887889e-05 0.3384711 0.0044363155 0.00090612157 2.3881396e-06 4.8525266e-07 0.0018072457 0.0016799482 0.091682225 0.0020340174 0.0001046399 0.0038738763 0.017930524 3.411663e-05 0.033433937 0.112626754 2.8164573e-05 0.0010667738 0.00039893383 2.3620678e-05 1.3777706e-06 8.0137315e-06 0.011972822 0.058864724 0.00021494889 3.7093853e-06 0.0001889437 3.036561e-07 0.0006973143 0.0033602712 0.0019391883 0.00044631326 0.014972052 0.002099573 9.171396e-05 8.6963475e-05 0.00025137453 0.00013459472 0.0007484205 0.0031301435 2.4650342e-07 8.6726104e-05 0.00019494738 0.0011812627 4.1744795e-07 0.00022618366 0.0027173806 7.144036e-06 3.693372e-05 9.8023265e-05 0.0005048809 0.00013045454 1.726951e-05 0.00010229003 2.923186e-05 2.2023758e-05 1.3853936e-05 4.6795896e-05 9.991462e-06 4.335046e-05 5.1558312e-05 9.714949e-05
0.99784565 0.753558 0.07388735 0.33769944 0.017606447 0.059573878 0.26507774 0.054302704 0.30909607 0.1826481 5.5023654e-21 0.15079597 0.6636883 0.012302673 0.069195606 0.07928946 0.0007970467 0.060539592 0.04646504 0.055330086 0.052136607 0.00038845805 0.43069893 0.020044299 0.009142051 0.06792988 0.36469287 0.050831564 0.00059820217 0.042998843 0.41206807 0.122303106 0.21695267 0.00071634486 0.30334753 0.0037786458 0.0008354977 0.17063725 0.24217202 0.0001890158 0.06003441 0.0020286376 0.0006385023 1.3883761e-05 5.7718462e-05 0.07229893 0.11969905 0.005964977 0.00044674313 0.00010105735 0.6209934 0.0023604434 2.0030442e-05 0.0053234035 0.0019109749 0.0069261435 0.19637844 0.024805477 0.002025162 1.3847054e-05 2.2349388e-05 0.0021037438 0.0038293484 5.3518015e-05 4.3920545e-06 0.008135759 8.317567e-06 0.18588702 0.04268745 0.1899075 0.0001488957 0.009972586 0.0017388451 0.014493506 8.014714e-05 0.029869618 0.0018364874 0.00015324625 0.17322852 4.3344178e-07 0.006972775 9.348661e-06 0.047663987 2.7668502e-06 1.7115259e-05 0.0002482531 3.2653414e-05 8.226814e-06 0.006535938 9.869009e-05 0.024014292 1.0929879e-05 0.00017299766 0.002761445 1.6231668e-05 4.775856e-05 0.0030436818 9.757441e-06 0.00095602917 5.393838e-05 4.6477177e-05
0.8684805 0.22505946 0.011054127 0.28285468 0.007614029 0.0056813625 0.010783928 0.08759032 0.8900642 0.030716898 0.15079597 3.2425202e-20 0.05780743 0.03984047 0.030105231 0.008576213 0.0020770256 0.8989625 0.03203583 0.0041831997 0.0062165586 0.00010962402 0.0016809619 0.7101876 0.18290214 0.59181166 0.0010342328 0.018955009 2.7730859e-05 0.7438549 0.0015829805 0.26268634 0.0008323024 0.0005545606 0.0010035094 0.59883684 0.002110356 0.00028408127 6.122691e-05 0.0034636713 0.0052783205 0.13138328 0.018771302 2.7303066e-05 1.0247354e-05 0.008536739 3.6355465e-05 0.08090332 0.04475458 0.002120549 0.008989556 0.014312301 0.00020041381 0.0008302253 0.12501574 0.00033921277 8.660485e-05 0.0016446309 0.00022825765 1.2583575e-05 5.5558514e-05 9.4406234e-05 0.0053277584 0.0042679864 4.85936e-06 0.0008766481 7.4833974e-07 0.0012604948 0.0010272698 0.00427566 0.0028278693 1.7473261e-05 0.009239517 4.7269837e-06 5.647613e-05 1.149611e-05 0.0004975342 3.7100453e-05 0.0038292315 4.6452092e-07 4.4812095e-06 0.0021625713 0.0015109631 5.912109e-07 9.8265455e-06 7.799275e-05 5.277361e-06 0.00025039905 6.2276513e-06 0.00049531943 2.9670457e-05 1.2692057e-05 6.5803613e-07 1.0632052e-05 1.7167013e-05 1.36959425e-05 4.2541615e-06 5.8451396e-06 8.498904e-06 2.3654378e-05 1.7693063e-05
0.9950315 0.8395279 0.27675188 0.19146593 0.12149035 0.3482873 0.10308383 0.10176262 0.14799462 0.027045885 0.6636883 0.05780743 3.1475994e-24 0.014547283 0.010289743 0.007893119 0.014616509 0.024318544 0.0051695043 0.0032940242 0.0027918383 0.019477379 0.02933054 0.0044894805 0.003990288 0.0051558395 0.027156292 0.0013130624 0.03626061 0.0035831293 0.07598946 0.0027851555 0.0119776195 0.007540265 0.053087126 0.0007056346 0.003803928 0.003495149 0.009974289 0.0002810813 0.00017863838 0.00029070574 0.00021134816 0.004871287 0.0061926944 0.12549259 0.008427608 0.00035220527 5.0066436e-05 3.8357444e-05 0.68668276 0.00015592772 0.0003014487 4.8933427e-05 3.2085663e-05 0.060023732 0.020606598 0.13457917 0.010692215 0.0004653122 4.051216e-06 6.8270136e-05 0.00022012305 2.1643866e-05 0.0010420964 0.04343892 0.0001837989 0.21638818 0.0042114058 0.060861625 1.9615856e-05 0.0001379242 0.0001567304 0.001383026 7.8436264e-05 0.0013572645 0.02973542 1.8179146e-05 0.07092578 3.1615167e-05 0.0010630355 1.6630178e-05 0.010222187 0.00014249848 7.1274746e-07 1.8315246e-05 0.00074199523 2.6104237e-06 0.00015418387 1.7859895e-05 0.00086974056 1.8557985e-05 2.8726029e-06 0.00014414288 5.831059e-06 3.502363e-06 0.0003867984 2.055315e-06 6.265155e-05 1.3833724e-05 2.0081243e-05
0.9472515 0.09836949 0.10063583 0.034081 0.17517905 0.29977256 0.0011160375 0.87086934 0.26339796 0.00020700354 0.012302673 0.03984047 0.014547283 4.0061323e-20 0.00017145998 3.1733365e-05 0.90820295 0.35343042 0.00019856576 5.1790057e-06 1.5923217e-05 0.40797633 3.0084757e-06 0.31445768 0.74524546 0.0079490105 2.7182864e-06 6.864488e-05 0.057434242 0.018530132 4.2297903e-05 0.015497603 1.4263219e-05 0.076430775 1.1775402e-05 0.050050028 0.6970904 1.1064155e-06 1.846038e-06 0.23704024 2.4438858e-05 0.013917687 0.13171175 0.0016197852 0.010808386 0.22177184 9.3558543e-07 0.0009365737 0.011459377 0.112911366 0.0038404115 0.00072035776 0.044320676 9.634051e-07 0.02401278 0.0030130383 2.938654e-07 0.012693214 0.0029979106 0.0006383115 0.07103785 2.8224963e-07 0.00076014624 0.035076663 0.0006097666 0.0032617776 0.00019028275 0.027057674 6.922293e-05 0.00037052963 0.016432576 2.4463563e-06 0.017736448 2.7554705e-07 0.0007552287 3.239491e-07 0.0048528463 5.261592e-06 0.0010307111 2.9383882e-05 2.8771552e-07 0.0032548744 3.863094e-05 4.6118043e-05 3.563386e-07 1.5747346e-05 0.00055711454 0.00035217035 3.32553e-07 0.000331953 3.7429604e-07 0.0021718408 5.9743385e-08 5.145158e-07 7.2685034e-05 0.0011910447 1.4394374e-07 9.950811e-06 5.853153e-07 0.00022282531 0.00027289646
0.40912846 0.0600151 0.0016740053 0.4375873 0.0008451146 0.00053150917 0.5384895 0.003925166 0.008647883 0.78715503 0.069195606 0.030105231 0.010289743 0.00017145998 1.999192e-19 0.76442623 1.2061638e-05 0.0044606137 0.9156629 0.7212822 0.8393705 2.1177307e-06 0.25668633 0.0016791553 0.0020521074 0.08417844 0.07356419 0.7132204 8.380049e-07 0.023450388 0.0022998694 0.21398374 0.026199324 1.10562805e-05 0.0014149772 0.005318461 8.289867e-06 0.0390116 0.0025449647 0.00011495788 0.33533913 0.003655968 0.00046240364 4.0274176e-06 1.0221553e-06 0.0005539778 0.00066036923 0.06337462 0.00073751295 8.280342e-05 0.0019668194 0.017978469 3.0354928e-05 0.02310077 0.05565829 1.3561123e-05 0.00069731555 0.00017725497 2.5001522e-05 1.9062212e-07 9.007967e-06 0.0044832597 0.029263152 0.0001673931 2.1775e-07 6.7785e-05 1.5972242e-08 0.000289802 0.00091471046 0.0014607633 4.190103e-05 0.0033775647 0.0005072982 9.8197386e-05 3.1798074e-05 4.9594688e-05 0.00010295504 0.0004096691 0.0012334457 1.5001813e-08 9.714175e-06 2.4416935e-05 0.0003412117 1.00160754e-07 0.00013023216 0.00089095236 5.5082087e-06 3.290917e-05 2.610624e-05 0.0003656168 4.257579e-06 6.519867e-06 2.4479283e-05 2.2285598e-05 1.3831323e-05 5.5209143e-06 1.01804835e-05 8.017814e-06 8.584837e-06 1.0939369e-05 7.42003e-05
0.8978043 0.04041811 0.00047761932 0.19039941 0.00014870115 0.0002460151 0.40488604 0.00072346965 0.007241748 0.7996063 0.07928946 0.008576213 0.007893119 3.1733365e-05 0.76442623 1.0894789e-18 1.7349233e-06 0.0024268709 0.6208824 0.87791145 0.7241349 1.4890017e-07 0.4305341 0.0013936175 0.00086619274 0.053504385 0.2698883 0.61917484 1.4478798e-07 0.014368043 0.0025596872 0.33277303 0.044532422 4.453789e-06 0.0017401166 0.001753921 9.0686615e-07 0.08340891 0.0071637705 1.1650673e-05 0.68401355 0.0015959552 0.00028554094 5.0075124e-07 6.794313e-08 0.00049812614 0.0010682037 0.18413615 0.0005892411 2.0812578e-05 0.0009715365 0.03387185 3.5550481e-06 0.13752827 0.15519454 5.647922e-06 0.0018116805 8.955404e-05 8.319353e-06 6.3712086e-08 1.6001408e-06 0.03842608 0.12348566 4.106544e-05 3.40611e-07 4.1335174e-05 5.124165e-09 0.00040253135 0.0021825214 0.0014432871 4.2644977e-05 0.037833333 0.00035040246 5.9838643e-05 1.1998287e-05 5.8954545e-05 2.117453e-05 0.0021713166 0.0016823555 1.0995025e-08 1.0169917e-05 6.400322e-05 0.00085564546 8.497047e-08 0.00054463994 0.009508568 2.4987423e-06 3.0299227e-05 8.784444e-05 0.00066582474 8.668782e-05 1.4345252e-06 0.00013624845 1.4008129e-05 7.08884e-06 6.783961e-06 3.2690612e-05 2.3590108e-05 2.8907752e-05 2.0042997e-05 5.272479e-05
0.5184595 0.06924551 0.12077647 0.00058971223 0.37433133 0.26153076 0.0001211412 0.75113505 0.0146425925 2.133745e-05 0.0007970467 0.0020770256 0.014616509 0.90820295 1.2061638e-05 1.7349233e-06 1.7306706e-20 0.051143777 1.0724407e-05 1.7912464e-07 5.1237646e-07 0.9008565 8.4970964e-08 0.027103355 0.2845854 0.00021961208 1.7415849e-07 1.2511329e-06 0.23607676 0.0007941858 1.0862941e-06 2.3905812e-05 9.563839e-07 0.06725289 1.3782175e-06 0.0104063945 0.7258008 2.3200023e-07 9.4556476e-08 0.20717582 1.5055655e-07 0.003347228 0.05280755 0.029357968 0.24968712 0.13960752 1.987735e-07 4.025617e-06 0.0031525237 0.039287716 0.003445492 2.5698525e-06 0.32463884 1.2404402e-06 0.00019984697 0.014236945 4.211779e-08 0.020551313 0.00795609 0.014202554 0.09465974 4.113893e-07 2.1774276e-05 0.0097097345 0.0009866557 0.0061191823 0.0022778513 0.009211728 2.1205256e-06 0.000110974004 0.002531501 6.1963453e-07 0.002238781 2.7679388e-07 0.009595524 5.747819e-07 0.006056801 3.7831562e-06 0.00020306728 0.00067273783 3.1558773e-07 0.0006224612 1.1495117e-06 0.000846098 8.860031e-07 1.4044245e-05 0.0027947102 5.9566548e-05 1.3649547e-07 3.5908375e-05 4.480132e-08 0.0020927892 2.1019805e-07 1.915001e-06 5.544691e-06 0.0014153485 2.7897952e-08 4.6243053e-06 8.3256504e-07 0.00011881773 3.4111326e-05
0.7830249 0.15237433 0.025006406 0.050342463 0.026374677 0.015970156 0.0035506755 0.36811 0.8194458 0.0044545643 0.060539592 0.8989625 0.024318544 0.35343042 0.0044606137 0.0024268709 0.051143777 1.7391552e-20 0.0060168635 0.0007953231 0.0017985379 0.0033855152 0.00025044993 0.8664397 0.82958883 0.09713181 0.00013467613 0.0058717737 0.00026637866 0.27336675 0.00038038698 0.06351565 0.0003413066 0.0023455748 0.0003282916 0.6908809 0.028996944 0.000104769504 2.0481646e-05 0.04489708 0.0015952643 0.1469607 0.115900986 0.00027120928 0.00024821833 0.0124529945 2.2078731e-05 0.031981714 0.07524466 0.016044816 0.0040571513 0.011709131 0.0022996247 0.00018629615 0.21025649 0.00087187317 7.3928472e-06 0.003199728 0.0007844951 0.00022614206 0.0015131477 3.3383483e-05 0.0077017383 0.02035785 0.00011671109 0.0011357113 2.137682e-05 0.0016861662 0.00026138342 0.001666389 0.007967579 1.4039518e-05 0.019117968 1.5415475e-06 0.00033694456 8.804107e-06 0.0015531521 1.8349581e-05 0.0019843504 4.275629e-06 2.6299995e-06 0.007625492 0.00035596045 5.2352393e-06 3.744537e-06 7.788148e-05 3.5690355e-05 0.00084718 5.907366e-06 0.0013017847 2.6745388e-06 7.847562e-05 2.658217e-07 1.3064983e-05 0.000112925925 0.00014580943 1.1611014e-06 1.6353299e-05 5.6809013e-06 8.041626e-05 0.00013545362
0.30213702 0.0243946 0.0017930617 0.22850825 0.0005406938 0.00041682163 0.23847888 0.0037343754 0.010028746 0.6802337 0.04646504 0.03203583 0.0051695043 0.00019856576 0.9156629 0.6208824 1.0724407e-05 0.0060168635 5.457677e-19 0.6014143 0.86159354 1.5297626e-06 0.20072708 0.0015001278 0.0029026666 0.12333988 0.06595969 0.87062645 5.735439e-07 0.043407157 0.001196353 0.269298 0.018430434 5.399605e-06 0.0011979257 0.005482715 3.7346654e-06 0.023993362 0.0011468069 0.00017922076 0.35037696 0.0049186596 0.0005353946 1.7224551e-06 4.905622e-07 0.00053088326 0.0007293542 0.1110605 0.00074259803 9.191009e-05 0.0017367958 0.035948493 8.613055e-06 0.028672805 0.11284387 1.9776475e-05 0.00052970415 0.00021118396 2.3729144e-05 9.974496e-08 5.2080495e-06 0.0080712605 0.050989285 0.00013358679 4.0363977e-07 0.00010059283 7.05095e-09 0.00031315346 0.00090951484 0.0012094429 4.228326e-05 0.0043721297 0.0003249168 8.7643035e-05 1.43505e-05 2.8107423e-05 8.649788e-05 0.00059471873 0.0011070067 8.049674e-09 5.795472e-06 3.4457807e-05 0.00025909345 1.15865184e-07 0.000105116094 0.0015796048 3.389563e-06 3.4922687e-05 1.4136413e-05 0.0005634817 2.2210036e-06 2.239636e-06 2.4931687e-05 2.5537462e-05 1.3741117e-05 8.627919e-06 3.4356854e-06 9.412401e-06 5.9392487e-06 1.3385019e-05 5.0869374e-05
0.5940516 0.010856284 9.20875e-05 0.044131566 3.9659484e-05 1.8952598e-05 0.20689636 0.00029430058 0.0021664528 0.62372494 0.055330086 0.0041831997 0.0032940242 5.1790057e-06 0.7212822 0.87791145 1.7912464e-07 0.0007953231 0.6014143 2.8567195e-17 0.8731623 3.5179184e-08 0.5894598 0.0010534526 0.00013204997 0.036438547 0.3340617 0.6103168 2.1038447e-08 0.01010826 0.007084204 0.14635445 0.1824234 1.4744836e-07 0.0037669933 0.0011006038 2.002601e-07 0.21538925 0.029386874 1.0460377e-06 0.59358096 0.0006873164 2.6467682e-05 9.624102e-08 1.1828971e-08 0.00017668452 0.0026806276 0.09102583 0.00018838217 6.7206543e-06 0.00077300466 0.019768754 4.883813e-07 0.18942381 0.014975179 1.4342132e-06 0.0023674874 2.3569464e-05 3.4495977e-07 1.4903819e-08 7.1299223e-07 0.038758855 0.033319872 3.677247e-05 4.0392028e-08 5.4687634e-06 1.6035603e-09 0.00013562916 0.0022277317 0.0025999332 1.7572023e-05 0.042359628 0.00021338458 0.00025135992 7.415704e-06 0.00021301657 3.4208276e-07 0.002429606 0.0027416283 4.048055e-09 4.995445e-05 3.5670004e-05 0.002655738 4.2361492e-08 0.00019310351 0.0011756546 5.808747e-08 7.760726e-06 0.0002417277 8.9030764e-05 0.0002812666 1.798301e-06 0.00012774809 7.8765785e-05 3.2370006e-06 6.0491625e-06 9.47893e-05 2.25059e-06 6.318546e-05 2.1319347e-05 6.4198503e-06
0.3643395 0.008671726 0.00019721658 0.062188864 0.00014381703 3.0996045e-05 0.13804951 0.00080805365 0.00352207 0.58494055 0.052136607 0.0062165586 0.0027918383 1.5923217e-05 0.8393705 0.7241349 5.1237646e-07 0.0017985379 0.86159354 0.8731623 4.2457944e-18 7.648338e-08 0.4409108 0.0004762116 0.0003545407 0.06724501 0.21305332 0.8823806 4.990024e-08 0.017516134 0.002878462 0.20513767 0.04803186 7.5446415e-08 0.0019876736 0.0016168467 2.4298998e-07 0.060175795 0.0033795366 8.473565e-06 0.6227374 0.0014441621 5.2304607e-05 1.5527617e-07 2.2842551e-08 0.00017909828 0.0015627167 0.16172735 0.0002881413 1.8572646e-05 0.0012361647 0.046840828 7.468703e-07 0.18881479 0.052587915 2.332743e-06 0.0005920844 5.055786e-05 1.1808266e-06 8.626112e-09 1.1127318e-06 0.036866445 0.072611675 6.709687e-05 4.681743e-08 1.2225927e-05 1.1772358e-09 0.00019773448 0.0010840434 0.0021758906 2.9511353e-05 0.02654164 0.0001258717 0.000121566176 6.242541e-06 7.450173e-05 3.960009e-06 0.0025511282 0.0026576384 1.7288591e-09 5.7752573e-06 2.5442778e-05 0.00080014527 1.9313367e-08 0.00030262044 0.0037287886 1.667237e-07 1.291665e-05 3.003108e-05 0.000236421 2.5475723e-05 1.1537799e-06 6.2386156e-05 7.099079e-05 2.6168918e-06 6.066564e-06 1.4805851e-05 5.4248967e-06 3.8678052e-05 6.290776e-06 7.318908e-06
0.82343894 0.00882164 0.03847465 1.8843977e-05 0.10956883 0.25140512 2.593535e-06 0.25674924 0.0012509599 1.7253732e-06 0.00038845805 0.00010962402 0.019477379 0.40797633 2.1177307e-06 1.4890017e-07 0.9008565 0.0033855152 1.5297626e-06 3.5179184e-08 7.648338e-08 2.0855257e-20 1.9976177e-08 0.0014632756 0.101551495 1.3016616e-05 1.3578339e-08 4.1723382e-07 0.91912574 2.4854864e-05 1.4093968e-07 4.2387742e-07 5.0931426e-08 0.3403324 4.3524284e-07 0.00046471017 0.7139901 3.4504417e-08 8.396737e-09 0.1155166 2.4682052e-07 0.00018038989 0.01076725 0.1083626 0.3923425 0.09991106 6.360294e-08 4.290133e-06 0.00016070182 0.03777247 0.0012263653 1.9212366e-06 0.3117493 2.1369563e-07 1.8007802e-05 0.058380246 5.220969e-08 0.0602678 0.022819635 0.034102622 0.6217074 4.8916604e-08 5.9738403e-07 0.004211102 0.0032260157 0.019970857 0.004626471 0.020989949 2.5756206e-06 2.2991992e-05 0.003664057 3.794422e-08 0.002284698 1.427567e-07 0.0119718285 1.2146435e-07 0.019741936 4.5007545e-07 6.123479e-05 0.00040033233 3.3640947e-07 0.00015815455 2.6681264e-06 0.0005196644 2.4819454e-07 8.527176e-07 0.01412665 2.2790797e-05 9.0233996e-08 5.1649977e-06 2.875571e-08 0.008541711 5.3618504e-07 3.4561655e-08 1.3096669e-05 0.0011669445 1.1774362e-08 2.5714985e-07 6.192041e-08 0.00041517502 6.8212925e-05
0.96458006 0.14412871 0.00011198475 0.061118554 3.763302e-05 2.549743e-05 0.32405367 0.00014872981 0.00088296196 0.40409505 0.43069893 0.0016809619 0.02933054 3.0084757e-06 0.25668633 0.4305341 8.4970964e-08 0.00025044993 0.20072708 0.5894598 0.4409108 1.9976177e-08 2.1781733e-18 9.5602096e-05 2.1634041e-05 0.0055302423 0.91838795 0.29202238 3.5841435e-08 0.0022559976 0.08484291 0.045238256 0.7463859 9.611944e-07 0.080755435 0.00045668535 5.2409934e-08 0.8052484 0.45488754 3.5630796e-07 0.35171196 0.0004874856 6.4250626e-06 4.2340247e-08 8.798026e-09 0.0014522207 0.05396046 0.023005033 5.5065153e-05 1.4357597e-06 0.007902578 0.010798392 5.147514e-07 0.2215172 0.010133776 8.9995564e-07 0.015454794 3.4754037e-05 2.5523425e-06 3.0932096e-08 1.7033433e-07 0.06589382 0.036887903 3.807446e-06 2.1728452e-07 2.9442255e-05 1.5396248e-09 0.0013803967 0.025014816 0.00795984 2.5185973e-06 0.15061055 4.3506643e-05 0.00023806517 4.0074106e-06 0.0011467827 3.0096022e-05 0.0037408185 0.009451598 1.0838571e-08 8.377868e-05 3.4212012e-06 0.0063891807 7.066194e-08 0.00060407264 0.001728251 7.22863e-07 1.1781389e-05 0.00012818609 0.00021943037 0.0002568985 3.5399862e-06 0.0012700872 0.0004980715 2.496515e-06 2.4783867e-06 6.850114e-05 7.9472065e-06 0.00091278984 5.253304e-06 4.2006894e-05
0.6014778 0.035495948 0.009142173 0.03648422 0.0098104365 0.012925155 0.0027143557 0.17929217 0.5556931 0.008233702 0.020044299 0.7101876 0.0044894805 0.31445768 0.0016791553 0.0013936175 0.027103355 0.8664397 0.0015001278 0.0010534526 0.0004762116 0.0014632756 9.5602096e-05 8.888541e-19 0.90857327 0.09997704 3.9513005e-05 0.0040475903 9.620509e-05 0.26669577 0.00010509855 0.08936792 4.8901242e-05 0.0008951396 0.00010887823 0.908932 0.046410125 1.2729331e-05 6.77478e-06 0.111233 0.0022743174 0.35236478 0.44289574 3.5242738e-05 3.9773528e-05 0.005042037 1.916215e-05 0.0183051 0.29322243 0.056400537 0.0006286233 0.012168525 0.0004542797 0.00021660666 0.36188176 0.0002991855 1.4798313e-05 0.0008541665 9.483171e-05 5.803733e-05 0.00286518 6.8056266e-05 0.019497635 0.112068646 4.782061e-06 0.00045451958 1.9227507e-06 0.0008918875 0.0009135816 0.000611992 0.059970662 1.387263e-05 0.11987927 8.117723e-07 2.809587e-05 2.5333447e-06 0.00029813198 3.5412744e-05 0.0011793362 2.564888e-07 7.4222726e-07 0.02846156 0.0001070315 2.0371077e-07 5.3772155e-06 0.0004077136 2.1555445e-06 0.0046190163 5.0899894e-07 0.0101209255 1.18905e-06 0.0001580374 2.1680526e-06 3.975004e-06 0.002457663 0.000104727456 2.5075164e-07 0.00018426732 1.6053194e-06 0.0003568535 0.0016267732
0.8630515 0.034861952 0.026614454 0.021710787 0.037657764 0.050331686 0.0008913683 0.39510736 0.4631266 0.0022224127 0.009142051 0.18290214 0.003990288 0.74524546 0.0020521074 0.00086619274 0.2845854 0.82958883 0.0029026666 0.00013204997 0.0003545407 0.101551495 2.1634041e-05 0.90857327 2.7359106e-18 0.028943326 1.9278525e-05 0.0012478429 0.0019527404 0.104476646 2.8786017e-05 0.039018027 1.44874175e-05 0.010160243 1.978785e-05 0.5507426 0.49000022 1.2886494e-05 3.091697e-06 0.565967 0.00039759497 0.19334185 0.6458876 0.0002982978 0.00055633404 0.015396684 2.0924756e-06 0.011871771 0.21274394 0.2847315 0.00059116696 0.0078998925 0.0049353167 2.9439682e-06 0.31806713 0.0009198472 2.7107026e-07 0.0018966821 0.00062299776 0.0003197495 0.059630666 4.4838063e-07 0.00982092 0.2318928 6.4859036e-05 0.0009680304 4.2145894e-05 0.0012224728 4.8300648e-05 0.00021818563 0.13619955 1.1389304e-06 0.18884102 5.9651384e-08 0.00036381476 2.3512878e-06 0.0016539977 1.1479042e-05 0.0007007084 1.2206158e-05 1.8598213e-06 0.024489593 3.113149e-05 7.3273936e-06 3.0549577e-06 0.00019234607 8.7657405e-05 0.0044449293 1.0733491e-07 0.0038522119 4.988656e-07 0.0008731787 9.0045273e-07 7.9596344e-07 0.0036617692 0.00089041603 2.934568e-07 3.9055198e-05 1.2836689e-06 0.001349626 0.003754421
0.30235517 0.032032385 0.003872982 0.08701316 0.0022263147 0.0011459037 0.010058694 0.0232937 0.13690242 0.118880585 0.06792988 0.59181166 0.0051558395 0.0079490105 0.08417844 0.053504385 0.00021961208 0.09713181 0.12333988 0.036438547 0.06724501 1.3016616e-05 0.0055302423 0.09997704 0.028943326 7.434781e-21 0.0032078892 0.31121498 2.6737505e-06 0.9487218 0.0007633645 0.9213755 0.0010235975 8.509062e-05 0.00057570584 0.3577765 0.00017318419 0.0015949297 0.0002243005 0.0019034964 0.100046 0.10270973 0.011341273 3.90245e-06 1.7307736e-06 0.00080082926 0.00018628532 0.44833568 0.023667956 0.0010045626 0.0011025842 0.14633512 7.188394e-05 0.0050399625 0.3059939 2.9397082e-05 6.241324e-05 0.0002510918 4.2885236e-05 3.0308817e-07 1.000503e-05 0.0006534654 0.07421183 0.0017409025 1.4976198e-06 0.00013660207 1.4894107e-07 0.0002636074 0.0010240003 0.0019024122 0.00040675479 0.00028280538 0.0019343656 1.18221315e-05 2.9190018e-05 2.7613369e-05 0.00012929091 0.00021138001 0.0018530618 1.4497353e-07 7.039854e-06 0.0016534503 0.00063740415 9.2839764e-07 5.1456587e-05 0.0012342923 1.9449278e-06 0.00017042526 4.4036493e-05 0.0021766368 2.4962856e-05 5.9174085e-06 6.1851542e-06 1.9960991e-05 2.716023e-05 1.5585494e-05 2.1249276e-05 6.4752174e-05 1.4650224e-05 3.1162916e-05 0.00012224884
0.92612904 0.11629055 0.00015323969 0.021753782 4.347852e-05 3.8427523e-05 0.16103639 0.0002684356 0.0010275278 0.15149023 0.36469287 0.0010342328 0.027156292 2.7182864e-06 0.07356419 0.2698883 1.7415849e-07 0.00013467613 0.06595969 0.3340617 0.21305332 1.3578339e-08 0.91838795 3.9513005e-05 1.9278525e-05 0.0032078892 8.6726403e-19 0.14597027 1.5207947e-08 0.0011638115 0.13996007 0.02651218 0.9001884 3.6079487e-07 0.16404152 0.00042120198 1.00648904e-07 0.9048299 0.62549263 9.310264e-07 0.3334247 0.0011641374 1.6264177e-05 2.6338444e-08 4.9195124e-09 0.001342417 0.15792038 0.017852046 0.000159092 3.2399407e-06 0.007162883 0.0068477625 2.082023e-06 0.24968375 0.022535695 8.532489e-07 0.045336902 3.652147e-05 3.00331e-06 2.5041215e-08 3.1311598e-07 0.09951829 0.0294012 1.6419825e-05 9.6380255e-08 2.476623e-05 1.1073734e-09 0.001492364 0.046605114 0.016953558 3.5597415e-05 0.27734792 0.00032494686 0.0013457458 7.8451485e-06 0.0045578755 3.8989958e-05 0.005451854 0.011222011 1.6184483e-08 0.0006083766 8.4484745e-05 0.012237315 7.708531e-08 0.0010644752 0.0028641433 1.4379865e-06 2.4776862e-05 0.0004267 0.00071285025 0.0010666264 1.6647682e-05 0.002753825 0.004224431 2.1141741e-05 1.3401432e-05 0.0005167905 2.6744685e-05 0.003016657 1.0675651e-05 0.00021492716
0.53926384 0.004673814 0.00021606221 0.06994787 8.127406e-05 7.473485e-05 0.032466833 0.0010969635 0.017007375 0.6083581 0.050831564 0.018955009 0.0013130624 6.864488e-05 0.7132204 0.61917484 1.2511329e-06 0.0058717737 0.87062645 0.6103168 0.8823806 4.1723382e-07 0.29202238 0.0040475903 0.0012478429 0.31121498 0.14597027 6.453622e-18 1.7402516e-07 0.107611105 0.0010303309 0.6552316 0.015836865 2.386422e-07 0.00091820164 0.0100978315 3.4414782e-07 0.025606716 0.00032115314 1.50803e-05 0.8366587 0.007518408 0.00015570258 6.1212326e-08 1.8913209e-08 0.00031216204 0.0008469073 0.46654007 0.0014051131 3.0128387e-05 0.00064440834 0.2119394 5.163847e-07 0.26490965 0.20287414 6.8099084e-06 0.00035203047 8.896889e-05 2.6974283e-06 2.7883752e-08 7.843364e-07 0.07402665 0.17482679 9.399489e-05 6.228038e-08 4.9536924e-05 3.844042e-09 0.00023794602 0.0014933378 0.001978887 5.185591e-05 0.013430578 0.00017745979 2.7837586e-05 8.1509215e-06 4.773502e-05 2.0514779e-05 0.005850695 0.0021672393 3.8997094e-09 6.5399436e-06 0.00010562456 0.00096228684 2.4130904e-07 0.00083489827 0.012150301 1.9840002e-07 4.7556445e-05 1.1911583e-05 0.0019050564 2.3018121e-05 2.620808e-06 0.00011156826 2.2281794e-05 2.857877e-06 2.7759554e-06 2.4701576e-05 5.581177e-05 6.796735e-05 7.654476e-06 5.2102305e-06
0.87662613 0.021124639 0.009991202 1.1873191e-05 0.031191366 0.17418471 1.8807018e-06 0.03195811 0.00024636465 1.6658217e-06 0.00059820217 2.7730859e-05 0.03626061 0.057434242 8.380049e-07 1.4478798e-07 0.23607676 0.00026637866 5.735439e-07 2.1038447e-08 4.990024e-08 0.91912574 3.5841435e-08 9.620509e-05 0.0019527404 2.6737505e-06 1.5207947e-08 1.7402516e-07 3.736821e-19 7.7702125e-06 1.2698844e-06 1.0768865e-07 2.7248282e-07 0.91603184 1.237995e-06 6.920425e-05 0.08782555 2.1776525e-08 1.5699142e-08 0.0027027216 2.8274263e-09 7.670611e-06 0.00045460998 0.56968445 0.8301981 0.14495322 4.088377e-07 3.8377712e-07 2.87502e-06 0.00069259416 0.009432566 1.1766926e-07 0.29430446 5.782636e-08 1.4745483e-07 0.24223965 5.7867403e-08 0.22549438 0.10852384 0.09632644 0.055231553 1.5503046e-08 1.0007e-08 0.00026197787 0.02354787 0.10080513 0.024851086 0.07953427 3.2523856e-06 2.0682148e-05 0.00044103153 1.3569019e-08 8.1065904e-05 1.4655996e-07 0.01811654 2.0243789e-08 0.070062965 9.1183836e-08 2.9251269e-05 0.0022562968 3.1980605e-07 1.761384e-06 9.5122266e-07 0.0018485925 7.5331236e-08 3.2152963e-07 0.036169335 5.5708716e-07 1.843908e-07 3.3454583e-07 6.564882e-08 0.00055074785 1.588195e-07 8.502332e-08 4.2698122e-07 0.00017770012 3.40037e-08 1.2625621e-07 3.432962e-07 0.0001167151 7.95944e-06
0.35224938 0.02593035 0.0044948226 0.059362315 0.0025354987 0.0012344865 0.0058192546 0.033871755 0.23225689 0.045760244 0.042998843 0.7438549 0.0035831293 0.018530132 0.023450388 0.014368043 0.0007941858 0.27336675 0.043407157 0.01010826 0.017516134 2.4854864e-05 0.0022559976 0.26669577 0.104476646 0.9487218 0.0011638115 0.107611105 7.7702125e-06 6.684915e-21 0.00041646283 0.70951784 0.00059692824 0.00018854735 0.00029829267 0.8068864 0.00067145174 0.0005860859 0.00014628243 0.005734997 0.026639016 0.4160691 0.03162209 1.4852052e-05 5.2193163e-06 0.0009168926 0.00022928088 0.33582723 0.15799561 0.0025004959 0.001176695 0.13575892 0.00013327439 0.0014463859 0.38971776 2.4759289e-05 1.9110537e-05 0.00032101595 2.4163675e-05 1.3330158e-06 3.602297e-05 0.0001242338 0.052564166 0.0042966986 1.3808527e-06 9.2183094e-05 3.2331116e-07 0.00043737888 0.00095295435 0.0015723126 0.0015396978 0.0002698787 0.004975062 4.6562777e-06 2.06581e-05 1.637966e-05 0.000116360556 0.0001931313 0.0017043528 1.7928238e-07 3.489144e-06 0.006058057 0.0003438449 4.812707e-07 4.8813177e-05 0.00083898025 1.1839784e-06 0.00055015733 6.645968e-06 0.0062151155 3.2616763e-06 7.0723295e-06 4.0532723e-06 1.9249794e-05 0.00012563639 2.6348536e-05 3.6495092e-06 0.00013016313 1.1733857e-05 1.5421158e-05 0.00018753807
0.99071085 0.23284525 0.0034400972 0.0018645747 0.00039318102 0.00065554644 0.012297182 0.0007816707 0.00066373224 0.0030903972 0.41206807 0.0015829805 0.07598946 4.2297903e-05 0.0022998694 0.0025596872 1.0862941e-06 0.00038038698 0.001196353 0.007084204 0.002878462 1.4093968e-07 0.08484291 0.00010509855 2.8786017e-05 0.0007633645 0.13996007 0.0010303309 1.2698844e-06 0.00041646283 4.813665e-19 0.0014624847 0.15911654 3.560499e-05 0.9215882 8.9723646e-05 4.1807104e-07 0.07328916 0.41014373 5.922159e-07 0.0008255229 0.00015782789 1.2972555e-06 2.211214e-06 1.3839561e-06 0.010951123 0.46998206 1.9584677e-05 2.0605388e-05 1.05631e-06 0.26026514 3.2716845e-05 5.609285e-06 0.00037722598 3.3336746e-05 0.00030245484 0.39462823 0.0024746447 3.765021e-05 5.5747034e-07 4.056507e-07 0.00048003314 0.00010766304 2.866738e-06 1.3323067e-06 0.0007337488 1.0718087e-07 0.01298099 0.16533224 0.4501157 3.2205407e-05 0.0025834092 0.00042316277 0.12699029 1.3096607e-05 0.028396973 1.045069e-05 0.00013696837 0.35465088 5.755966e-07 0.02063262 2.1486761e-05 0.08764721 6.223041e-07 1.1422866e-05 7.19268e-05 4.9542965e-09 5.6259432e-05 0.023400983 5.8528512e-05 0.006352838 8.447157e-06 6.663055e-05 0.0022194337 6.4451706e-05 4.2078424e-05 0.0056308415 1.1904814e-05 0.0009854535 0.0002616855 0.00032692033
