1.694543e-21 0.8793266 0.9622227 0.8336169 0.91331863 0.91725564 0.9428749 0.9789733 0.8942454 0.8346512 0.8483994 0.28393266 0.9822771 0.88934344 0.9793908 0.70947874 0.34886292 0.21929097 0.8804281 0.9914162 0.93537086 0.74629956 0.9966775 0.9857849 0.8231102 0.8287538 0.9807276 0.93376976 0.29112858 0.7338628 0.8178593 0.93728447 0.9943987 0.9832686 0.46929505 0.96845347 0.6771581 0.78221524 0.9740984 0.95093364 0.7662276 0.9714923 0.7786228 0.65940946 0.39392838 0.6994187 0.5345204 0.946803 0.9989151 0.6889022 0.8164516 0.52255553 0.9722499 0.3313259 0.79815376 0.038288448 0.8760187 0.026010131 0.9548583 0.98189855 0.9800587 0.019712413 0.7869796 0.9233254 0.99991167 0.00045619888 0.06779468 0.015901601 0.07133664 0.7738114 0.9769671 0.10913489 0.83492637 0.0053456887 0.9028532 0.969931 0.015550797 0.01218043 0.99170804 0.00031569114 0.9825074 0.07444781 0.9873313 0.41995576 0.006503265 0.0008805225 0.002713349 0.9966955 0.35881314 0.012367873 0.7192667 0.9455955 0.44940114 0.0021837363 0.004858454 0.0017538198 0.004480962 0.00021913258 0.7570581 0.91126037 0.0047497978
0.8793266 8.669899e-18 0.9691358 0.93824184 0.8673248 0.1631661 0.06690136 0.7764981 0.47350982 0.00634566 0.0105082365 0.26198658 0.23998047 0.022641547 0.0416769 0.2622333 0.047841676 0.008552393 0.015775936 0.007993757 0.28368777 0.09937721 0.10970059 0.36474836 0.036633234 0.0019862314 0.17226923 0.1535916 0.06057224 0.00010724566 2.009609e-05 0.004409588 0.07081219 0.0027776503 0.053308234 0.00014551578 0.0039634304 0.062073562 4.3897828e-05 0.0011673508 0.0031126891 2.2896063e-05 5.0388186e-05 4.8522863e-05 7.04247e-05 0.0021958726 0.012066726 8.2090985e-05 0.0075735096 0.0012851836 1.6077149e-05 5.9982915e-05 0.00050231867 0.0009523543 8.823293e-05 0.012752218 2.8335555e-06 0.006388382 8.037175e-06 0.0007485757 1.895504e-05 0.0001909743 3.959201e-06 3.8444255e-06 0.05373647 9.1717897e-07 0.0009550583 3.376067e-05 6.4236383e-07 8.3365114e-07 0.0039447136 5.297321e-07 3.357886e-05 0.00032549707 4.3414423e-07 0.0032875843 0.0017603432 1.4302605e-06 0.0023397792 5.100631e-07 0.0011993661 9.092915e-06 9.626503e-05 2.796315e-07 9.12015e-06 5.5483168e-05 9.174563e-07 0.00785256 3.611261e-05 3.948522e-06 2.0049647e-07 5.7854257e-05 8.61211e-08 9.757981e-08 3.955023e-08 3.3593625e-07 6.3051573e-07 1.316818e-07 1.9907076e-05 3.1439529e-06 5.5245696e-08
0.9622227 0.9691358 4.1649525e-14 0.73107946 0.6766393 0.099357605 0.063096546 0.9532747 0.31454507 0.0049112374 0.011943922 0.08172809 0.20178734 0.06030682 0.07860974 0.16379584 0.023694513 0.0027162693 0.019049367 0.018346988 0.113308035 0.050890226 0.26890382 0.5995437 0.014703751 0.0015079846 0.4488501 0.11114386 0.040024552 0.00023544965 6.702838e-05 0.016048573 0.21297197 0.0097335335 0.04672449 0.00029881342 0.005273689 0.07402143 0.0001434903 0.002056537 0.002304726 0.000109504275 0.00010141563 0.0001166985 0.00015645844 0.0038563248 0.017646326 0.00029554934 0.01818304 0.0012772477 4.374938e-05 0.00013196626 0.003510673 0.0028035406 0.00016412146 0.019222124 9.200714e-06 0.0072859195 1.4416617e-05 0.0046729627 4.5162076e-05 0.00012753908 6.56241e-06 1.31842535e-05 0.15485458 1.8922428e-06 0.0010600394 0.00011076931 1.4184319e-06 3.459493e-06 0.010640275 2.2279214e-06 0.00010470928 0.0002726436 1.5840482e-06 0.0121508455 0.0016730301 3.511031e-06 0.009213019 9.123651e-07 0.0078597255 2.151867e-05 0.001087964 1.5901068e-06 2.2082922e-05 1.3752942e-05 7.941577e-06 0.029526647 0.0002481272 8.653225e-06 7.831353e-07 0.00033585538 2.5072222e-07 2.603692e-07 1.4782796e-07 3.2389523e-06 1.4639743e-06 2.4517096e-06 0.00015471678 6.705785e-05 3.548866e-06
0.8336169 0.93824184 0.73107946 1.0191432e-16 0.97687393 0.08572329 0.060662743 0.2820267 0.79982454 0.0027599102 0.01345221 0.77980816 0.0443821 0.010863758 0.010541173 0.81329936 0.30852476 0.057505786 0.003394822 0.0018613926 0.035603244 0.54001164 0.024397293 0.18076655 0.008605724 0.0002749988 0.037197564 0.32417613 0.3929684 0.00015646368 1.5893616e-05 0.00013967662 0.024707263 0.00012893077 0.36349082 0.00028016526 0.007600897 0.44400954 4.066735e-06 0.0002683742 0.00087970874 3.080839e-06 3.786356e-05 4.6056593e-05 4.474042e-05 0.0026129456 0.069458336 3.3063898e-06 0.0010089587 0.00067427004 3.2646076e-06 3.001422e-05 3.316358e-05 0.0079147825 1.92337e-05 0.23206963 1.0705058e-06 0.074606724 1.0162203e-06 5.911545e-05 7.57386e-06 0.00075677084 6.724196e-07 3.2084867e-07 0.08568417 8.890659e-06 0.0046210606 0.00024211183 4.006734e-06 1.9607475e-07 0.00065595633 3.804682e-07 9.326283e-06 0.0030608813 3.990287e-08 0.00076732744 0.011517099 8.6400354e-07 0.00062667916 1.1296793e-06 8.625456e-05 9.862851e-06 3.5241342e-06 9.1890024e-09 4.4214435e-06 0.0003589569 1.7243615e-06 0.002592194 3.5809937e-06 3.8898943e-06 2.819841e-07 1.3698808e-06 4.1151997e-09 2.0934705e-07 5.6998486e-09 5.4889716e-07 1.183546e-06 4.047387e-07 2.6554045e-07 2.0205619e-06 1.2764815e-07
0.91331863 0.8673248 0.6766393 0.97687393 1.7327606e-17 0.0022091668 0.0019848815 0.16028035 0.32913348 6.2774205e-05 0.0002511052 0.4366762 0.11012241 0.0039084805 0.0025344698 0.7135481 0.042068914 0.00087410276 0.012945095 0.00037128435 0.30693755 0.6906776 0.013835928 0.16934106 0.042158153 0.00130524 0.04415696 0.7658171 0.50452626 8.910509e-07 3.5589046e-08 0.0007049741 0.03257511 0.0010156818 0.65012383 1.7413791e-05 0.0022903308 0.30575883 3.6841237e-05 4.137327e-05 0.0038034092 9.313333e-06 7.0366156e-07 5.853047e-07 8.348012e-06 0.018299114 0.27369022 8.580752e-06 0.00017306153 0.0023195993 2.3163215e-05 1.2579117e-06 0.00012668675 0.076453246 0.00018085378 0.28429523 8.413221e-06 0.082522154 1.8993283e-06 0.00011878974 3.3196645e-07 3.0280593e-05 1.1018418e-05 1.8772935e-06 0.06142466 2.8591623e-07 0.048856378 0.0011485033 1.410077e-07 1.4485241e-06 0.0010849887 8.936682e-06 3.2174525e-05 0.0017025112 3.9598405e-07 0.0007639854 0.023581078 5.8989717e-06 0.0012704331 3.8361506e-07 5.9939914e-05 2.4341189e-05 7.591225e-07 1.533485e-07 2.6785217e-05 0.00022764766 4.3851405e-06 0.005856355 6.641583e-08 4.689031e-06 1.8639858e-07 4.8240872e-06 1.6088244e-08 4.6465786e-07 1.7037943e-08 7.312604e-07 8.641906e-07 3.3292932e-07 4.353173e-06 1.6586326e-06 1.0057483e-07
0.91725564 0.1631661 0.099357605 0.08572329 0.0022091668 4.6258386e-16 0.8751188 0.33866072 0.28463745 0.9683145 0.64558434 0.013768312 0.00096345256 0.93339753 0.528127 0.0037787429 0.0664637 0.20835374 2.0109012e-05 0.2890948 0.00047776964 5.3063268e-05 0.39872676 0.23073187 0.0001198569 2.2955653e-06 0.043717794 5.4523214e-05 0.00052833516 0.2314011 0.16260709 6.173136e-05 0.0072119054 7.4710195e-05 0.000108928194 0.008593414 0.22337557 0.050483655 4.698561e-08 0.11079082 1.7662875e-06 3.2580883e-06 0.004328204 0.008275389 0.08785429 2.4500654e-05 1.9895026e-05 3.953462e-06 0.11663861 4.1153708e-06 1.044652e-06 0.001414097 0.000335629 3.7453353e-07 2.6035207e-07 0.00061502634 6.577679e-08 0.0025830509 4.1587876e-07 0.00058856636 0.00011345259 0.007324195 1.157096e-07 1.8664085e-07 0.034547415 5.965261e-05 1.1546019e-06 4.6625144e-07 8.249524e-05 6.9764546e-08 0.0041609607 1.9612946e-08 8.249016e-06 0.0012400227 1.1523244e-07 0.011202155 2.6084974e-06 2.6545237e-07 0.0038017575 7.004284e-05 0.008068779 9.257753e-07 0.004340408 8.129494e-08 1.0245135e-05 3.2066484e-07 2.8147466e-07 0.015090062 0.0010768025 4.175513e-06 1.2953479e-06 1.4285558e-05 7.6369396e-08 2.3498586e-07 1.5594644e-06 6.9516653e-07 4.3118456e-07 1.5414901e-06 7.3687524e-06 0.00025933 7.571722e-06
0.9428749 0.06690136 0.063096546 0.060662743 0.0019848815 0.8751188 7.8994033e-16 0.07930393 0.71698445 0.92900217 0.9334529 0.14442424 0.00032074237 0.5286534 0.27908742 0.061653335 0.49431792 0.7092767 2.3805462e-05 0.14255442 0.00013386316 0.00039972976 0.06936313 0.069169685 8.067004e-05 1.6809778e-06 0.0071787587 0.00029084994 0.003685468 0.37642756 0.35446516 6.728241e-06 0.0025727963 8.253934e-06 0.0016451919 0.007031431 0.790493 0.61050737 1.9321797e-07 0.009073508 1.3067057e-06 2.113567e-07 0.0013667857 0.006896302 0.32776904 3.000844e-05 0.00012141278 2.0304044e-07 0.010805125 3.357183e-06 4.7909094e-07 0.00042001167 1.34982865e-05 2.7526587e-06 2.873955e-07 0.020354578 4.89686e-08 0.04599748 1.7531683e-07 2.2544016e-05 9.7613556e-05 0.023544421 1.5490249e-08 7.2376565e-08 0.02034 9.709048e-05 4.183281e-06 3.5693843e-06 3.216753e-05 2.6626966e-08 0.0005929905 1.5485088e-07 7.943213e-06 0.008531709 1.9625668e-08 0.0037917097 6.2960906e-05 6.039718e-07 0.0006877528 5.099333e-05 0.00091868296 2.5888423e-06 0.0001325974 1.299369e-08 2.9175768e-05 1.7321963e-05 1.0659725e-06 0.00461308 5.924696e-05 1.4399756e-05 1.3459934e-06 4.4671475e-07 5.358193e-08 5.3239916e-07 7.318192e-07 1.7450154e-06 3.0200029e-06 8.522177e-07 9.7046915e-08 2.345553e-05 1.4476846e-06
0.9789733 0.7764981 0.9532747 0.2820267 0.16028035 0.33866072 0.07930393 2.6762624e-14 0.042888477 0.020088786 0.009648345 0.007924703 0.3259256 0.17960392 0.36210337 0.0070076794 0.0038158726 0.0021956128 0.014515569 0.10452356 0.060552053 0.0016647904 0.7967134 0.82730466 0.010102883 0.0011377402 0.79519945 0.010681951 0.0031010758 0.00089125487 0.0004446697 0.037070297 0.43304166 0.025319545 0.0018917334 0.0011168654 0.004198315 0.008458302 8.4797364e-05 0.013092673 0.0007032748 0.00029301344 0.00047831167 0.00056514336 0.00041439498 0.0005978073 0.0013895233 0.0006981723 0.11055036 0.00034989978 9.425546e-05 0.00069534325 0.007737064 0.00018553075 4.2468997e-05 0.0012680944 8.438807e-06 0.00074013264 2.088603e-05 0.012504143 0.0002775029 0.00022113745 5.000295e-06 1.1407736e-05 0.21735112 1.5744874e-06 5.0886934e-05 6.104397e-06 6.506059e-06 2.3744367e-06 0.037067574 5.1827976e-07 6.328876e-05 0.0003855983 7.2410495e-07 0.032353763 5.7934914e-05 2.1600079e-06 0.022677727 1.2701072e-06 0.02076653 1.1567528e-05 0.008124299 2.227707e-06 1.0491353e-05 6.1193566e-07 3.5227226e-06 0.048153006 0.0005675019 1.1180498e-05 1.9453507e-06 0.00082432287 1.2118418e-06 1.630772e-06 9.543467e-07 1.4476852e-05 2.7797367e-07 9.910191e-06 0.00020028962 0.00018524537 9.987661e-06
0.8942454 0.47350982 0.31454507 0.79982454 0.32913348 0.28463745 0.71698445 0.042888477 1.5752084e-15 0.12375965 0.56807953 0.9296468 0.0014984271 0.050225645 0.025879009 0.69417405 0.89444464 0.85437775 0.00021136993 0.0076640933 0.0015472329 0.023002898 0.020141007 0.15676574 0.0004741895 3.4039833e-05 0.0052597183 0.0033085365 0.3096378 0.007472598 0.001982113 3.43515e-05 0.002993418 3.755289e-05 0.15047546 0.00028360888 0.5555761 0.88285786 2.0193404e-06 0.00095850776 4.1034593e-05 1.7431095e-06 0.00014838157 0.00016814974 0.0030807909 0.00069693197 0.0073338854 5.733995e-07 0.0014055761 9.631664e-05 2.5704478e-06 0.00014318204 4.9514063e-05 0.00091570074 9.565973e-07 0.4428983 4.3834032e-07 0.3657085 8.827399e-07 2.8647772e-05 3.3923716e-05 0.042591564 1.4238293e-07 1.2462009e-07 0.04689301 0.00014962608 0.0030348967 0.00018817998 3.4043096e-06 1.2989973e-08 0.00091088633 9.726595e-08 8.187476e-06 0.09618281 5.1626996e-09 0.0014567414 0.031576615 1.7634952e-06 0.00023110317 0.00013192145 0.0001639575 4.5221013e-06 4.4620425e-05 8.91713e-09 1.5231789e-05 0.0012579381 2.212657e-06 0.0050758887 1.689379e-05 5.0363105e-05 5.6526125e-07 1.4169663e-06 1.03911006e-07 2.7067168e-07 3.6544603e-05 7.142841e-05 5.637722e-07 0.0012307948 1.3649905e-06 4.592392e-05 2.0405346e-06
0.8346512 0.00634566 0.0049112374 0.0027599102 6.2774205e-05 0.9683145 0.92900217 0.020088786 0.12375965 1.6578139e-17 0.92694074 0.0041137743 1.0926908e-05 0.7904812 0.37816188 0.00025631313 0.029933631 0.3254505 8.756382e-07 0.34495297 1.1156272e-06 5.791478e-06 0.0674732 0.046313904 7.4523437e-06 8.351969e-08 0.0030129463 6.564886e-07 8.4665175e-05 0.58946806 0.62040776 5.97771e-07 0.00048204247 1.4059473e-06 1.5373173e-05 0.23682383 0.51076275 0.01693365 2.2702202e-09 0.13375096 1.6611006e-08 2.365502e-08 0.042523734 0.08219212 0.33024344 1.7850248e-06 1.3861198e-06 2.2849349e-08 0.037964635 5.4617793e-08 7.129485e-08 0.018972963 4.1766757e-06 3.1274812e-08 3.435559e-09 9.944952e-05 2.3495335e-09 0.0006216651 1.6455228e-08 1.4303553e-05 0.00037963912 0.009284472 1.7223061e-09 2.8598715e-09 0.0091843465 0.00018740524 1.4329507e-07 3.3051947e-08 0.0031770477 3.3205982e-09 0.00031260384 1.0483581e-09 1.8743989e-06 0.0005273103 3.5183392e-09 0.0043090302 4.5319683e-07 6.555636e-08 0.00092481164 0.00017011918 0.0026862589 4.7334234e-07 0.0013171654 1.5096355e-09 1.444529e-06 2.2993066e-07 1.0073355e-08 0.004742035 0.0012821831 9.4233627e-07 3.5260317e-07 1.6058668e-07 7.702549e-08 6.5478254e-08 4.5526026e-08 4.0818378e-08 3.6651193e-07 2.0164144e-07 2.8397777e-08 0.00013118664 3.5943099e-06
0.8483994 0.0105082365 0.011943922 0.01345221 0.0002511052 0.64558434 0.9334529 0.009648345 0.56807953 0.92694074 3.0170487e-14 0.068743445 5.8631587e-05 0.25606003 0.05262292 0.0076348614 0.3831092 0.88288903 3.78255e-06 0.040802885 2.5013136e-05 7.475046e-05 0.01881957 0.052011184 1.2498121e-05 6.316533e-07 0.0020186272 4.476197e-05 0.0005691135 0.6138804 0.62869686 7.9402105e-07 0.0011901114 2.1218243e-06 0.00014975214 0.015036485 0.8566329 0.56313735 2.0697112e-08 0.0042715454 2.6211854e-08 4.740002e-08 0.0041473536 0.017177807 0.49056047 9.035171e-06 1.7449533e-05 3.0998365e-08 0.003808576 5.034649e-07 1.728931e-06 0.0006425284 1.0342741e-06 3.6181862e-07 3.7586155e-08 0.009998716 6.9709216e-08 0.03014324 1.8056966e-07 1.6692313e-06 0.00017550007 0.083397835 2.7772113e-09 4.1298822e-08 0.06089141 0.0007344867 4.9663646e-07 1.3853571e-06 0.00037121103 2.8767834e-08 5.8917954e-05 6.3322436e-09 3.842553e-06 0.011827039 9.239141e-09 0.0017045462 4.030724e-05 2.297761e-07 0.0001196907 0.00032940588 0.00028121134 1.9858164e-06 2.864725e-05 6.1952865e-09 9.4496227e-07 9.947157e-06 3.274756e-07 0.002038786 8.286425e-05 5.4376073e-06 7.608146e-06 7.0107603e-07 1.4117012e-07 1.2520536e-07 1.6591675e-06 1.0663974e-06 1.7196353e-06 2.6047242e-06 4.1489255e-08 2.9317906e-05 1.228006e-06
0.28393266 0.26198658 0.08172809 0.77980816 0.4366762 0.013768312 0.14442424 0.007924703 0.9296468 0.0041137743 0.068743445 3.8340772e-16 0.00075990846 0.002019672 0.0012837284 0.9638044 0.8805045 0.48428783 0.00017676069 0.0005052212 0.002470417 0.09039295 0.0026717496 0.014602731 0.00042145982 4.672958e-05 0.0024305505 0.004290477 0.42756724 4.1211737e-05 2.1528544e-05 1.7126327e-05 0.0010350073 8.74789e-06 0.024524499 3.5876783e-05 0.021270785 0.47689286 2.6112352e-06 4.9129587e-05 3.0459905e-05 8.755431e-07 1.0250062e-05 6.5382474e-06 1.685798e-05 0.0002820757 0.002171992 3.4652396e-07 0.0001588055 3.171376e-05 3.3664041e-06 8.040816e-06 7.740466e-06 0.00010819343 1.4287772e-06 0.07602494 1.0128572e-06 0.06858367 2.0041573e-06 7.2743733e-06 1.6450788e-06 0.0031709592 1.119456e-07 8.578714e-08 0.008911287 3.2336497e-06 0.0007866512 1.2384892e-05 6.2150764e-07 2.1815522e-08 5.6027384e-05 2.1056954e-08 1.3579454e-06 0.008546168 5.0385125e-08 0.0001719222 0.004003058 2.0799799e-07 0.00011565736 3.863759e-06 1.5044166e-06 1.0178062e-06 7.0277224e-07 3.087339e-08 8.0840624e-07 0.0005159878 8.846492e-08 0.000868197 2.7410582e-07 2.1068063e-06 2.3271734e-07 7.6767506e-08 1.17541905e-08 3.9021054e-07 3.9263615e-09 1.9661533e-07 2.394967e-07 4.471071e-06 9.787576e-07 1.6228396e-06 9.677261e-08
0.9822771 0.23998047 0.20178734 0.0443821 0.11012241 0.00096345256 0.00032074237 0.3259256 0.0014984271 1.0926908e-05 5.8631587e-05 0.00075990846 2.0674943e-15 0.0024521856 0.024792766 0.0020842196 0.000111934016 1.1751304e-05 0.9706547 0.002155663 0.7708566 0.0076341117 0.061909076 0.64200366 0.24127607 0.14999902 0.8004496 0.18269241 0.0013466926 7.8215606e-07 1.1935448e-07 0.7216321 0.6842086 0.41792294 0.00691803 7.138305e-05 7.913099e-06 0.00037280715 0.07749674 0.00038605803 0.069059476 0.06796613 4.1373646e-06 2.91246e-06 1.1666657e-06 0.024761502 0.024721261 0.011370009 0.007541315 0.014828933 0.018163392 1.319146e-05 0.14904672 0.0091157025 0.012755294 0.0017020868 0.0032501598 9.536379e-05 0.0015189556 0.09041124 6.2871895e-06 4.1444414e-06 0.0053262063 0.00027136115 0.38860646 7.9755566e-08 0.003346582 0.001403316 9.9256276e-08 8.487423e-05 0.10159386 0.0007326451 0.001282495 4.523859e-05 3.0590145e-05 0.01340002 0.003640501 6.151275e-05 0.027145486 2.2416165e-08 0.010157617 0.0006880034 0.00065360905 6.2550826e-05 7.334025e-05 1.6103165e-06 0.00010009329 0.07324488 4.361757e-05 3.121232e-05 2.526344e-07 0.0034647118 6.2309728e-06 3.3892627e-06 7.0536717e-06 2.8489897e-06 2.2761963e-06 1.3019137e-05 0.0024645245 1.7911561e-05 1.2878564e-06
0.88934344 0.022641547 0.06030682 0.010863758 0.0039084805 0.93339753 0.5286534 0.17960392 0.050225645 0.7904812 0.25606003 0.002019672 0.0024521856 1.9670157e-15 0.9597693 0.0009770385 0.006543706 0.009147044 3.0876028e-05 0.94719636 0.00032191363 3.1179654e-05 0.1696981 0.07535167 0.000107922104 4.5766324e-06 0.013054491 4.7373658e-05 3.7362493e-05 0.08646091 0.11780737 1.995635e-05 0.004868798 1.883668e-05 2.8547352e-05 0.19298315 0.08031688 0.006295638 1.6447234e-07 0.20682693 3.7531247e-06 7.2464104e-07 0.051766794 0.016423287 0.021609405 8.668547e-06 2.5359926e-05 7.9551336e-07 0.093072206 1.6720538e-05 5.1545925e-07 0.024809795 5.2576364e-05 1.6043062e-06 1.0272906e-06 0.0001358259 4.290558e-08 0.00019524674 7.660281e-08 2.2045027e-05 0.0029956985 0.00027486877 6.835714e-08 3.9044e-08 0.006067102 1.46819875e-05 5.2874716e-06 1.3697148e-06 0.0004642732 5.5267164e-09 0.0013579876 1.0100217e-07 2.4638182e-06 0.0002487463 3.7150298e-09 0.011620253 3.456576e-05 2.4086143e-07 0.0011907914 8.306826e-06 0.008168699 3.7758045e-07 0.0054017897 1.4856943e-10 8.845244e-06 1.4552362e-05 2.5921292e-07 0.0052102855 0.00041702736 1.979658e-06 3.2806468e-06 1.0433396e-08 5.7884183e-08 5.019542e-07 2.5714198e-07 3.88406e-06 4.7312523e-07 1.7073557e-05 9.906269e-10 2.4219415e-05 3.3900076e-05
0.9793908 0.0416769 0.07860974 0.010541173 0.0025344698 0.528127 0.27908742 0.36210337 0.025879009 0.37816188 0.05262292 0.0012837284 0.024792766 0.9597693 3.3332647e-16 0.0007417229 0.0036136606 0.005597481 0.00048125448 0.67350256 0.0046296716 5.1010302e-05 0.79680514 0.5231163 0.0007770776 3.956323e-05 0.22796156 0.0005953497 0.00018504905 0.030235816 0.019354396 0.0028468606 0.06043039 0.0019560626 0.00010096853 0.050443627 0.027347762 0.0037885504 1.1676497e-06 0.14480685 3.7675607e-05 4.567178e-05 0.016947687 0.007863573 0.0045140013 6.661226e-05 0.0001905626 4.8171383e-05 0.37448347 1.2749e-05 8.971275e-06 0.0052017285 0.0018256564 6.4938163e-06 1.5677883e-06 4.8839345e-05 6.9536344e-07 0.00021860906 6.185667e-06 0.0033599846 0.00034587755 0.00011485509 6.021452e-07 3.7143516e-06 0.08555852 3.2783164e-06 3.2608223e-05 2.4126957e-06 3.9061044e-05 4.3860794e-07 0.014151629 1.8611146e-08 8.007728e-06 0.00013532616 1.2706045e-07 0.036571834 4.347378e-06 1.2074253e-07 0.013664885 1.6453603e-05 0.026311219 1.9383617e-06 0.08621649 5.5454205e-08 9.554312e-07 5.421946e-07 1.4957229e-06 0.03427902 0.00082088826 2.0074244e-06 2.5549018e-06 0.00022041862 2.400559e-08 5.6601544e-07 1.3151671e-06 1.639557e-05 3.211049e-07 6.0940256e-06 1.51906925e-05 0.00037861086 4.7007194e-05
0.70947874 0.2622333 0.16379584 0.81329936 0.7135481 0.0037787429 0.061653335 0.0070076794 0.69417405 0.00025631313 0.0076348614 0.9638044 0.0020842196 0.0009770385 0.0007417229 4.487985e-15 0.37373745 0.036931284 0.00081251515 0.00019865004 0.006026284 0.77031153 0.001901963 0.031984076 0.0009975391 0.00016587152 0.0022155077 0.06690612 0.9397827 7.5866046e-06 2.6390444e-06 2.0200525e-05 0.0019690087 3.4128443e-05 0.3518959 3.5384015e-05 0.0018967933 0.66658294 1.7639923e-05 1.7073507e-05 9.571266e-05 6.3911176e-07 2.9249525e-06 4.749818e-06 1.1097999e-05 0.0007756209 0.019741677 2.442991e-07 2.4764153e-05 0.00022009663 6.0758393e-06 1.9284748e-06 3.60066e-06 0.002158969 1.1640279e-05 0.38215598 2.3325938e-06 0.19607602 1.8221e-06 4.9653913e-06 9.201077e-07 0.0013155763 1.6899911e-07 1.5663588e-07 0.02715476 1.3588199e-06 0.015255866 0.00035948877 2.9895293e-07 2.5932863e-07 0.00014778785 1.4811994e-07 4.7650533e-06 0.021371376 8.3728956e-08 0.0001486192 0.049242333 9.881002e-06 2.8546101e-05 2.3047194e-06 1.409622e-06 3.9968e-06 1.9933861e-07 2.444874e-07 1.2774047e-05 0.0027898727 1.2206082e-06 0.0007434398 3.0590436e-07 1.4545119e-05 1.2057079e-06 1.8303875e-07 4.2545793e-08 1.9488639e-06 1.1322754e-06 0.00011092406 2.2266788e-06 0.00038060037 6.3953707e-06 2.1224212e-06 1.2648587e-06
0.34886292 0.047841676 0.023694513 0.30852476 0.042068914 0.0664637 0.49431792 0.0038158726 0.89444464 0.029933631 0.3831092 0.8805045 0.000111934016 0.006543706 0.0036136606 0.37373745 1.7404811e-14 0.9765313 5.543271e-05 0.0014788896 0.0002474195 0.0006286287 0.001994478 0.013562069 4.4931683e-05 1.0998293e-05 0.00082333095 0.00026615238 0.057644684 0.0019603616 0.0013567702 4.1294375e-06 0.00058233965 3.1738132e-06 0.0014040616 0.0003331725 0.41916877 0.8683431 2.969658e-07 0.00024762066 3.2864714e-06 5.3193884e-07 6.4006825e-05 9.896813e-05 0.00083099963 4.8310096e-05 0.00046234875 2.4963427e-07 0.00022109527 4.1807566e-06 4.6415585e-06 0.00011109017 4.9118603e-06 9.747165e-06 3.2108252e-07 0.11074085 9.992315e-07 0.17940937 1.6526329e-06 4.059485e-06 1.9022023e-05 0.051870294 9.818614e-09 1.14058196e-07 0.018892689 0.0002210706 2.4505793e-05 1.1974556e-05 9.042999e-06 1.1430473e-07 4.2356754e-05 2.4272122e-08 6.9870284e-06 0.023069972 6.700533e-08 0.00031312092 0.0018382607 1.8607898e-06 3.4686127e-05 5.517228e-05 1.4041358e-06 5.7720854e-06 3.3305841e-06 5.9352114e-08 4.208607e-06 0.00023114748 2.7566991e-06 0.0005891287 2.1369492e-06 1.5664411e-05 6.0045268e-06 8.121699e-08 1.1620125e-07 5.6804004e-07 1.5001872e-06 3.5069415e-06 2.855883e-06 3.7634596e-05 9.814552e-07 5.2725222e-06 9.3100164e-07
0.21929097 0.008552393 0.0027162693 0.057505786 0.00087410276 0.20835374 0.7092767 0.0021956128 0.85437775 0.3254505 0.88288903 0.48428783 1.1751304e-05 0.009147044 0.005597481 0.036931284 0.9765313 6.3160666e-17 1.3183247e-05 0.002984957 1.6347482e-05 0.00010755447 0.0028974575 0.005626958 1.898185e-05 3.7832805e-07 0.00032424138 1.2519415e-05 0.005428636 0.10643569 0.06316395 6.897527e-07 0.00018276622 5.3534967e-07 0.00016399019 0.0009657496 0.8267347 0.707605 1.1541385e-08 0.00080755225 2.8643711e-08 1.4543508e-07 0.00019704229 0.0016243454 0.057445776 3.5875669e-06 2.9595198e-05 9.498416e-08 0.00037796347 8.774819e-08 1.3154456e-06 0.0003019237 2.5263987e-06 1.9261819e-07 1.3217632e-08 0.01061142 1.2297058e-07 0.048343904 5.8440946e-07 1.2098764e-06 9.379282e-06 0.20825076 1.3851477e-09 2.9461056e-08 0.0068853935 0.0020134286 4.5497316e-07 1.108486e-07 3.790587e-05 5.5486254e-08 1.7857103e-05 2.323729e-09 2.7656258e-06 0.009527444 3.1498953e-08 0.00019532068 0.00023676624 3.7578184e-07 7.4832984e-05 0.0004769989 3.0805656e-06 9.974434e-07 3.6617387e-06 1.8787835e-08 3.9491678e-07 1.8959287e-05 4.824391e-08 0.00048204797 9.923744e-06 2.7005015e-06 8.978657e-07 2.426916e-08 5.8580692e-08 5.0297558e-08 1.4253502e-06 2.7905764e-07 6.3890946e-07 6.687995e-06 3.3577356e-07 4.104991e-06 1.321377e-07
0.8804281 0.015775936 0.019049367 0.003394822 0.012945095 2.0109012e-05 2.3805462e-05 0.014515569 0.00021136993 8.756382e-07 3.78255e-06 0.00017676069 0.9706547 3.0876028e-05 0.00048125448 0.00081251515 5.543271e-05 1.3183247e-05 1.7585327e-15 8.50589e-05 0.8928711 0.004615758 0.005597299 0.114695124 0.80713135 0.75897557 0.31163204 0.14166191 0.0009851829 1.1895417e-07 5.7581477e-08 0.70328766 0.2963965 0.30539566 0.0041793934 1.2404408e-05 2.4244616e-06 4.6652098e-05 0.5878474 1.5507729e-05 0.21648632 0.117831804 9.089849e-07 1.7378611e-06 3.157667e-06 0.070155874 0.029691694 0.012868013 0.0002478772 0.08860334 0.20470782 5.788874e-07 0.07892936 0.02955501 0.09438692 0.00026884145 0.07277837 1.4947141e-05 0.01834568 0.034996584 8.302743e-07 8.6981055e-07 0.03626097 0.0006845431 0.08730063 4.832944e-09 0.006001121 0.0041840775 6.632788e-07 0.000545908 0.043089297 0.015470351 0.010339635 9.637159e-05 0.00046073293 0.0026127102 0.0007598785 0.0018973316 0.02241952 1.3524809e-08 0.0017786798 0.009748146 1.0108882e-05 0.00035789725 0.00045547055 3.667537e-06 0.0009039029 0.037210017 2.5917362e-07 0.00036546466 8.684119e-06 0.0031739252 2.7044332e-05 8.5534075e-06 1.1892831e-05 1.2735208e-05 2.6939115e-06 1.8650602e-05 0.0009185183 1.3298428e-06 6.259098e-07
0.9914162 0.007993757 0.018346988 0.0018613926 0.00037128435 0.2890948 0.14255442 0.10452356 0.0076640933 0.34495297 0.040802885 0.0005052212 0.002155663 0.94719636 0.67350256 0.00019865004 0.0014788896 0.002984957 8.50589e-05 7.343439e-18 0.0002783041 2.707162e-06 0.63547885 0.18449035 0.00023152694 6.4388582e-06 0.02056142 1.9122042e-05 7.480181e-05 0.050765447 0.031533573 0.00025558478 0.007437225 0.00030177776 2.7960243e-05 0.19827662 0.023565128 0.0013033549 2.2403184e-07 0.62723655 4.633677e-06 1.0871165e-05 0.038760677 0.015327675 0.012296932 7.4881277e-06 3.0362094e-06 1.9559704e-05 0.7670915 4.1824555e-06 3.7168109e-06 0.049785715 0.00024690942 1.1736538e-06 1.9855503e-07 2.3270733e-05 1.4010358e-07 6.106776e-05 2.0585578e-06 0.00032887224 0.006762667 0.00015312982 2.0318204e-07 1.0271164e-06 0.06727517 5.9059525e-06 2.4165208e-06 1.4655485e-06 0.0006197631 8.8202256e-08 0.0022181398 3.6545835e-08 1.7653521e-05 0.00010568743 3.0772448e-08 0.12431774 2.485042e-06 2.522146e-07 0.004739443 5.941056e-06 0.114769444 2.551503e-06 0.59954894 2.393654e-09 1.4140667e-06 1.3875548e-06 3.39749e-07 0.034081034 0.010569622 2.1169249e-06 7.442954e-06 6.222724e-06 1.342475e-07 1.7595005e-06 4.5537342e-07 3.608123e-06 3.56394e-07 4.588581e-06 9.0928324e-07 0.004176686 4.9830025e-05
0.93537086 0.28368777 0.113308035 0.035603244 0.30693755 0.00047776964 0.00013386316 0.060552053 0.0015472329 1.1156272e-06 2.5013136e-05 0.002470417 0.7708566 0.00032191363 0.0046296716 0.006026284 0.0002474195 1.6347482e-05 0.8928711 0.0002783041 5.085681e-18 0.12578386 0.011015164 0.25567287 0.9384892 0.4204045 0.2485043 0.9047814 0.0045785736 4.4323548e-07 7.2610234e-08 0.055775862 0.23947576 0.07409315 0.0717906 7.326024e-06 1.7198598e-06 0.00024567396 0.25676602 9.479562e-05 0.7244433 0.03209172 1.5864481e-07 3.637353e-07 1.7331919e-06 0.5156132 0.4560206 0.0009102199 0.000952938 0.52025187 0.00016714855 7.1233165e-07 0.0118170725 0.39833784 0.18271178 0.0035885784 0.000275029 0.00022353491 0.00011589343 0.0015218708 2.5614804e-07 3.3265864e-05 0.010420243 2.7249169e-05 0.13977093 1.8232926e-06 0.10418221 0.033791482 1.2450826e-06 6.563537e-06 0.014765087 0.030220285 0.00061694783 8.392214e-05 1.3471022e-05 0.004745028 0.016571807 0.0032232527 0.0021701078 5.7520552e-08 0.0013829146 0.0007515665 4.698922e-05 1.7719428e-06 0.00081806193 0.00052750745 0.0001552668 0.021769218 5.5584774e-06 8.721637e-05 1.4899378e-05 6.3204796e-05 4.9627643e-06 6.6022526e-06 4.6380697e-05 9.3681745e-05 5.136635e-06 1.3622075e-06 3.2615255e-05 9.94471e-06 2.963553e-07
0.74629956 0.09937721 0.050890226 0.54001164 0.6906776 5.3063268e-05 0.00039972976 0.0016647904 0.023002898 5.791478e-06 7.475046e-05 0.09039295 0.0076341117 3.1179654e-05 5.1010302e-05 0.77031153 0.0006286287 0.00010755447 0.004615758 2.707162e-06 0.12578386 6.684929e-17 0.00019450781 0.020506334 0.015624844 0.0013502367 0.0029454934 0.81857365 0.9665684 1.3292436e-07 1.3187791e-08 0.00014112591 0.0042020297 0.00047559847 0.9757243 3.3450995e-06 8.575406e-07 0.013287919 8.65762e-05 4.781911e-06 0.0014500432 1.933068e-05 1.17238116e-07 1.6940479e-07 2.9575193e-07 0.015673533 0.49175125 2.1634114e-06 2.3176606e-05 0.0006914586 1.8190121e-05 3.21667e-07 0.00023706806 0.048675723 0.00020751111 0.054126523 1.2066827e-05 0.006904693 1.1016896e-05 9.079054e-05 8.507718e-08 2.1587113e-05 4.8097e-06 1.1263836e-07 0.022690967 6.484474e-09 0.14415307 0.0056423745 4.206456e-08 4.3936987e-07 0.0009432242 1.7256669e-05 1.2008875e-05 0.0013455237 2.6118988e-07 0.00017425793 0.122449204 3.8003673e-05 8.8984074e-05 9.364182e-09 1.2940959e-06 2.97309e-05 3.6735068e-07 4.9053506e-07 0.0001574621 0.0020720293 7.97682e-06 0.0019066775 1.3388113e-06 3.013866e-06 2.374062e-07 1.2557044e-07 1.2267014e-07 4.8785625e-07 4.4590607e-07 0.00011173511 3.2743078e-06 1.6972856e-05 3.794352e-05 1.8314938e-06 5.8514026e-08
0.9966775 0.10970059 0.26890382 0.024397293 0.013835928 0.39872676 0.06936313 0.7967134 0.020141007 0.0674732 0.01881957 0.0026717496 0.061909076 0.1696981 0.79680514 0.001901963 0.001994478 0.0028974575 0.005597299 0.63547885 0.011015164 0.00019450781 7.985531e-18 0.8967701 0.0033206828 0.000969235 0.5179451 0.0015103221 0.0005261188 0.010697186 0.0074374694 0.019979434 0.11960716 0.028069913 0.00013723038 0.052165918 0.0020694018 0.0008951802 0.00021671306 0.19142099 9.129953e-05 0.0014846494 0.0068201027 0.002647373 0.00087883294 9.681652e-05 5.409628e-05 0.0006353592 0.54127294 3.5062145e-05 3.0211108e-05 0.0034472668 0.0070604323 8.763322e-06 1.4491024e-05 0.00028994103 6.638259e-06 0.000119077726 2.4201589e-05 0.0057536033 0.0036708228 0.00013242806 1.7491976e-06 2.4964784e-05 0.16731687 1.9706558e-06 2.2511362e-05 2.3265775e-06 0.00012148516 1.3056743e-06 0.022199921 5.6891827e-07 2.8399549e-05 0.0030420017 9.191596e-07 0.06941329 1.808004e-05 1.6383933e-06 0.017345332 3.4969136e-07 0.14260425 3.7074117e-06 0.099301994 2.237948e-07 9.311041e-06 2.9343316e-06 1.3343769e-06 0.050478026 0.0018270158 2.8476504e-06 2.7658516e-05 0.000216792 6.053231e-06 6.6234713e-07 6.144121e-05 0.00028950142 3.3333154e-07 2.0297464e-05 3.931102e-05 0.00079247257 1.7820643e-05
0.9857849 0.36474836 0.5995437 0.18076655 0.16934106 0.23073187 0.069169685 0.82730466 0.15676574 0.046313904 0.052011184 0.014602731 0.64200366 0.07535167 0.5231163 0.031984076 0.013562069 0.005626958 0.114695124 0.18449035 0.25567287 0.020506334 0.8967701 2.1571818e-15 0.09883067 0.052464027 0.8899289 0.11206688 0.008205236 0.0037616189 0.0038032173 0.13258192 0.49510193 0.18141063 0.014203326 0.034383763 0.0030072755 0.00869275 0.037003208 0.013851857 0.02045907 0.02169316 0.0014578038 0.00046024262 0.0004020288 0.011710314 0.01180256 0.0014625055 0.09633552 0.008085606 0.0008283687 0.00031968762 0.020812275 0.002662514 0.0053068055 0.0019028629 0.0004468597 0.00032416132 0.00028579048 0.0064720265 0.0018113549 6.816812e-05 0.0020262236 0.000355181 0.16416068 7.683255e-06 0.0002674294 5.143289e-05 8.6817845e-06 1.2474222e-05 0.024351181 0.00014351137 0.0014705538 0.00046183515 4.0133826e-05 0.0139452545 0.00033197994 3.273785e-05 0.0082960995 1.47884e-06 0.013677187 6.614747e-05 0.0027295114 1.9374968e-06 4.7308422e-05 1.9104198e-05 3.1070005e-05 0.03279141 0.00025927759 3.127969e-05 9.878048e-05 0.00031018356 0.0001123479 1.7812521e-05 2.8525392e-05 0.0020462594 2.7222855e-05 0.0005647112 2.3766104e-05 3.8711485e-05 4.755563e-05
0.8231102 0.036633234 0.014703751 0.008605724 0.042158153 0.0001198569 8.067004e-05 0.010102883 0.0004741895 7.4523437e-06 1.2498121e-05 0.00042145982 0.24127607 0.000107922104 0.0007770776 0.0009975391 4.4931683e-05 1.898185e-05 0.80713135 0.00023152694 0.9384892 0.015624844 0.0033206828 0.09883067 4.773862e-16 0.9852254 0.116511166 0.5423811 0.0015235523 1.2212217e-06 3.0572295e-07 0.08382792 0.120750085 0.04749415 0.005242244 1.4513636e-05 1.0154849e-06 3.8008995e-05 0.47704238 6.9270216e-05 0.5771145 0.025002781 1.1734086e-06 2.0783352e-06 1.4067253e-06 0.432287 0.1140574 0.00187683 0.00022825765 0.5862322 0.0041532773 8.009464e-07 0.009900679 0.11872148 0.29445252 0.0008833388 0.01750144 0.00010722848 0.0013832337 0.0034118486 2.4986496e-06 8.070732e-06 0.04199224 0.00022928351 0.09518492 2.5530568e-07 0.026658624 0.02456766 1.15068715e-05 0.00023671745 0.015368349 0.039560337 0.0049515627 7.539431e-05 0.000116611285 0.0021229084 0.007889958 0.0046171183 0.0029249636 4.737282e-08 0.0008674047 0.0034629544 6.575124e-05 0.00013852648 0.001192321 5.0368915e-05 0.000921439 0.019421395 1.6659911e-05 7.752829e-05 2.2752076e-05 0.0001931943 2.0991181e-05 2.3831242e-05 1.4516557e-05 2.342506e-05 1.39238455e-05 8.395187e-08 0.00063365616 4.8766135e-05 1.425491e-07
0.8287538 0.0019862314 0.0015079846 0.0002749988 0.00130524 2.2955653e-06 1.6809778e-06 0.0011377402 3.4039833e-05 8.351969e-08 6.316533e-07 4.672958e-05 0.14999902 4.5766324e-06 3.956323e-05 0.00016587152 1.0998293e-05 3.7832805e-07 0.75897557 6.4388582e-06 0.4204045 0.0013502367 0.000969235 0.052464027 0.9852254 5.5823756e-18 0.06324448 0.23850685 0.00034244233 6.0134457e-09 8.368815e-10 0.16803572 0.07662925 0.07024995 0.0009900467 6.8328944e-07 1.5174134e-08 1.4888263e-06 0.8894125 3.0699346e-06 0.67258734 0.058156446 4.800031e-08 9.384139e-08 1.5012412e-07 0.40798184 0.04421818 0.005636666 5.7231347e-05 0.66545457 0.052983955 2.0351182e-08 0.020631954 0.08183377 0.48228464 4.022679e-05 0.18927178 1.2827016e-05 0.0054696198 0.008129724 4.290648e-08 4.915986e-07 0.14082088 0.00026276606 0.05850677 4.0311345e-09 0.021066038 0.02030673 1.5096285e-07 0.0008412745 0.022458356 0.061834726 0.023696287 1.8475095e-05 0.00061824126 0.002227481 0.0008898943 0.007866399 0.010948518 4.8017497e-09 0.0013478561 0.015099339 3.6788763e-06 0.0005684663 0.0012018792 4.171449e-06 0.0026618287 0.031507015 1.8137773e-07 0.0003195983 2.7925094e-07 0.0009162824 5.7890895e-05 6.010012e-05 3.573456e-05 5.3868703e-06 3.263352e-05 1.6914616e-07 0.0045790365 7.2547746e-06 9.734762e-08
0.9807276 0.17226923 0.4488501 0.037197564 0.04415696 0.043717794 0.0071787587 0.79519945 0.0052597183 0.0030129463 0.0020186272 0.0024305505 0.8004496 0.013054491 0.22796156 0.0022155077 0.00082333095 0.00032424138 0.31163204 0.02056142 0.2485043 0.0029454934 0.5179451 0.8899289 0.116511166 0.06324448 3.0845983e-18 0.053337093 0.0008612748 0.0001704264 0.00010547358 0.68355715 0.9054082 0.74154425 0.00068818516 0.0015473295 8.913628e-05 0.00040368465 0.08464798 0.003942995 0.02125431 0.09794911 0.00013363789 2.9100322e-05 1.581305e-05 0.0069918986 0.0032241426 0.042801607 0.052131236 0.007989778 0.038668506 0.00012259185 0.21621306 0.00045903167 0.011291872 0.00031939507 0.0061770407 0.00014272166 0.007389781 0.17860419 0.00038342393 8.841281e-06 0.0022254074 0.0016727819 0.25687477 4.5119197e-07 0.0003542414 9.391934e-05 3.9547194e-07 0.00036086066 0.09499181 9.708983e-05 0.0019751408 0.0017531533 0.00021188661 0.021197904 0.00038325562 2.8296794e-05 0.06881981 3.223804e-07 0.0407681 0.00026428225 0.0038701908 0.00034880114 8.463498e-05 2.4454876e-05 0.00011560983 0.064734936 0.0003468145 3.8679787e-05 5.642385e-07 0.013166199 0.00018850437 6.2091253e-06 5.2669457e-05 0.0007327429 1.5981896e-05 0.0002859906 0.0008427604 0.00015270851 8.194897e-06
0.93376976 0.1535916 0.11114386 0.32417613 0.7658171 5.4523214e-05 0.00029084994 0.010681951 0.0033085365 6.564886e-07 4.476197e-05 0.004290477 0.18269241 4.7373658e-05 0.0005953497 0.06690612 0.00026615238 1.2519415e-05 0.14166191 1.9122042e-05 0.9047814 0.81857365 0.0015103221 0.11206688 0.5423811 0.23850685 0.053337093 4.354254e-15 0.1798518 4.4608193e-08 2.565529e-09 0.009614975 0.07731614 0.022815505 0.6757232 6.3508264e-06 2.7240733e-06 0.0006704535 0.010862783 9.5260083e-07 0.47836086 0.005621511 6.892455e-08 9.883027e-08 1.0634882e-07 0.7906762 0.91453564 0.00014774066 5.0508028e-05 0.1471374 6.7368026e-05 1.0148068e-07 0.0039425944 0.52246726 0.0076623503 0.0050571435 0.00019604363 0.00045096676 0.00013415427 0.0010121104 2.9873522e-07 7.1274144e-07 0.00028244854 3.6727172e-06 0.10052178 5.3833697e-09 0.24516822 0.04746214 3.023735e-08 1.8022498e-06 0.012136716 0.004048685 0.00023227601 0.00011147605 1.5188192e-06 0.0017112821 0.042225502 0.0012713027 0.0016293965 2.3056543e-09 0.0002643349 0.0002087226 2.2954264e-05 6.6366795e-07 0.0015052533 0.0004996999 2.6043974e-05 0.019862235 2.1939227e-06 6.9706693e-06 4.1997823e-06 2.2804343e-05 8.791019e-06 4.463613e-07 4.5232682e-05 0.00060651876 1.4759461e-06 4.051054e-06 0.00014882373 2.539042e-05 5.192982e-08
0.29112858 0.06057224 0.040024552 0.3929684 0.50452626 0.00052833516 0.003685468 0.0031010758 0.3096378 8.4665175e-05 0.0005691135 0.42756724 0.0013466926 3.7362493e-05 0.00018504905 0.9397827 0.057644684 0.005428636 0.0009851829 7.480181e-05 0.0045785736 0.9665684 0.0005261188 0.008205236 0.0015235523 0.00034244233 0.0008612748 0.1798518 1.0866415e-15 1.1571115e-05 2.4937572e-06 1.1192852e-05 0.0010078766 3.725969e-05 0.9529148 6.287714e-05 0.00022234661 0.49722427 1.3886105e-05 8.06034e-06 0.00015077906 2.3287553e-06 5.8174064e-06 5.6763906e-06 8.413438e-06 0.0013000526 0.17062856 8.112143e-07 2.6202246e-05 0.00027606776 1.8639326e-05 4.2305787e-06 8.210503e-06 0.0073642787 2.3327128e-05 0.82691294 5.954504e-06 0.49683827 1.4038579e-05 1.0361711e-05 1.1801803e-06 0.0005374514 1.5072858e-06 2.051838e-07 0.016583467 6.770177e-07 0.083273195 0.0003098164 4.506879e-07 9.839828e-07 2.6766756e-05 5.8554892e-08 1.7216511e-05 0.023220846 4.771271e-07 0.00012299645 0.53223056 1.1270035e-05 3.0706153e-05 4.7064157e-07 1.1968893e-07 8.209e-06 1.7342391e-07 5.009963e-07 1.4081421e-05 0.021283546 7.972663e-07 0.00020066855 3.8207736e-06 6.083359e-06 6.348646e-06 1.50133e-07 6.406523e-08 2.4976782e-07 5.6165567e-07 0.0003995369 7.3018305e-07 0.00053904345 3.5800975e-05 1.28381025e-05 2.592322e-07
0.7338628 0.00010724566 0.00023544965 0.00015646368 8.910509e-07 0.2314011 0.37642756 0.00089125487 0.007472598 0.58946806 0.6138804 4.1211737e-05 7.8215606e-07 0.08646091 0.030235816 7.5866046e-06 0.0019603616 0.10643569 1.1895417e-07 0.050765447 4.4323548e-07 1.3292436e-07 0.010697186 0.0037616189 1.2212217e-06 6.0134457e-09 0.0001704264 4.4608193e-08 1.1571115e-05 3.3590733e-17 0.9962462 7.110011e-08 6.445675e-05 8.991256e-08 6.471094e-07 0.19548608 0.5955694 0.021754218 1.5758894e-09 0.04507548 4.0422854e-08 1.9356172e-09 0.14730653 0.47123933 0.94709253 3.5295105e-07 1.3250846e-07 2.7167506e-09 0.015867585 3.9787583e-08 4.3196406e-09 0.02485071 2.8377917e-07 1.2826445e-08 2.7017801e-09 2.1959206e-05 1.1518837e-09 0.0004626716 2.6415252e-09 7.686057e-07 0.0009855335 0.03683109 2.2499855e-09 2.981935e-09 0.009864808 0.0018546035 5.4497498e-08 2.7197396e-07 0.028309718 1.828281e-08 0.0005023946 8.446984e-09 3.8519357e-07 0.0008489479 2.3467746e-09 0.004213535 2.5396812e-07 3.194427e-07 0.0008057183 0.0018129724 0.0014823957 3.1525386e-07 0.001023115 2.0398543e-09 9.267982e-07 1.17709774e-07 2.125849e-06 0.0076398724 0.00057560264 3.8611033e-06 9.1497475e-07 2.2410182e-08 1.8626949e-08 1.3855105e-08 8.0526763e-07 7.1066616e-08 6.3410255e-07 2.5695348e-07 1.2680349e-08 0.00021596577 7.1211296e-05
0.8178593 2.009609e-05 6.702838e-05 1.5893616e-05 3.5589046e-08 0.16260709 0.35446516 0.0004446697 0.001982113 0.62040776 0.62869686 2.1528544e-05 1.1935448e-07 0.11780737 0.019354396 2.6390444e-06 0.0013567702 0.06316395 5.7581477e-08 0.031533573 7.2610234e-08 1.3187791e-08 0.0074374694 0.0038032173 3.0572295e-07 8.368815e-10 0.00010547358 2.565529e-09 2.4937572e-06 0.9962462 3.4389525e-18 3.9837243e-08 1.80748e-05 4.020801e-08 1.0449793e-07 0.34143075 0.47690368 0.007479118 2.1508766e-10 0.08590151 2.5491167e-08 1.3909378e-09 0.31614935 0.70785445 0.9002992 1.7585901e-07 1.5212619e-08 4.829037e-09 0.020930056 9.939489e-09 8.119073e-10 0.08328789 2.237549e-07 1.3363104e-09 5.612816e-10 1.7097892e-06 2.7297453e-10 0.00038389262 6.69866e-10 4.96023e-07 0.0023131927 0.019383276 3.5802863e-10 7.797886e-10 0.011940768 0.0009781339 3.204751e-08 1.4315138e-07 0.03692666 5.064003e-09 0.00048622713 1.4953241e-09 1.10844795e-07 0.00072966004 2.797567e-10 0.00739167 2.0565052e-08 2.1828257e-08 0.0012448672 0.00060373684 0.0037904028 5.716782e-08 0.0022100285 2.09103e-09 3.456289e-07 2.4899856e-08 6.5512137e-07 0.014416996 0.0018111182 2.4136095e-06 3.0960844e-06 4.400154e-08 1.028515e-08 5.6902567e-09 9.514495e-07 3.3422188e-07 3.4409334e-07 4.1387005e-07 1.196989e-08 0.00088393554 0.00010645979
