3.9977075e-19 0.94473964 0.9281159 0.92834795 0.9579543 0.92087305 0.9984789 0.8319174 0.9355778 0.9354379 0.91859037 0.991233 0.9256313 0.98390853 0.83035064 0.86300385 0.9405988 0.687435 0.9935259 0.95450974 0.99916863 0.8032069 0.88288444 0.49818048 0.987021 0.389894 0.5855432 0.41579267 0.938412 0.30064428 0.9859836 0.22675128 0.8663688 0.9188119 0.81428057 0.8366097 0.9738711 0.88346595 0.9791859 0.9843179 0.99944025 0.6281359 0.9167767 0.9077915 0.6342192 0.99993515 0.0094735855 0.5810812 0.60903513 0.7251917 0.0026334894 0.06508048 0.3661233 0.9623384 0.8739149 0.9188582 0.446477 0.011434279 0.47716492 0.9659637 0.98047274 0.025175383 0.9502413 0.43346214 0.6339243 0.9998665 0.9879653 0.0012008693 0.45106062 0.96430904 0.9204006 0.9997449 0.0032889154 0.32149976 0.18800052 0.91766554 0.13536465 0.39140466 0.13011117 0.006260245 0.9507338 0.8904127 0.7462172 0.13584748 0.17852904 0.38628325 0.97415787 0.07109137 0.03822316 0.9647559 0.0018387121 0.09048463 0.02291906 0.013639061 0.04765776 0.01926207 0.25675812 0.79486746 0.03395172 0.052376516 0.040404953
0.94473964 1.1956113e-15 0.25164965 0.5361999 0.9538122 0.96638983 0.120413005 0.5874266 0.8104367 0.01281773 0.22018798 0.06291207 0.21908174 0.0044967183 0.011160663 0.005011524 0.0013012093 0.0076561994 0.0018558315 0.0014766719 0.6573712 0.055213936 0.0015570816 0.04145177 0.00057037704 0.0406755 0.006712097 0.052195683 0.000115930576 0.00074888027 0.00063771126 0.0059729377 2.0093274e-05 0.00064359454 2.3353705e-05 0.0003746911 0.002703661 2.3813395e-06 0.00030780316 1.852439e-05 0.10431258 4.568454e-05 2.0330961e-05 1.3289785e-07 3.4698238e-05 0.17044516 0.0011698985 0.00080279366 8.505203e-06 7.0526386e-07 0.00018006917 0.01131159 0.00034049363 4.967726e-08 1.4035702e-05 2.2728591e-05 9.301936e-06 0.00067607616 3.6351253e-06 9.344471e-06 0.00090633455 2.1259066e-05 5.8765545e-05 0.00013935278 9.805996e-06 0.01027205 0.004148076 6.078775e-05 8.000381e-05 3.061891e-06 1.4753924e-05 0.018109499 2.794942e-05 6.280687e-06 1.4089521e-05 8.998835e-05 7.611113e-08 1.4200885e-08 1.8288172e-05 1.4138611e-05 3.7497918e-07 4.071688e-07 3.4651557e-06 0.000263677 3.7139548e-06 1.24514425e-08 0.00072389096 1.1132444e-06 1.4027104e-06 0.0002504824 4.6424375e-05 7.1538494e-07 3.9157865e-07 6.849078e-06 4.702842e-06 1.9652949e-05 1.6340779e-07 0.0024143788 1.6499816e-07 6.4014484e-06 1.1325637e-06
0.9281159 0.25164965 1.2486389e-14 0.9656549 0.3493821 0.025622565 0.98133266 0.011180258 0.084885165 0.8568572 0.0011811203 0.0020576993 0.0015969548 0.00051918 0.00016666848 0.00015531374 0.29482523 0.6718952 0.076942876 4.2002328e-05 0.16835968 0.10123965 5.3229665e-05 0.004820852 0.00019733755 0.0019169607 0.00015773851 0.0008833594 3.7894988e-05 0.06332111 0.010804738 0.04060189 9.548409e-07 0.032643568 3.5215942e-06 0.02208225 0.0037169107 4.543267e-07 0.0023840507 6.564357e-06 0.19633153 2.97079e-06 1.9971312e-05 1.6451816e-07 1.2020597e-07 0.0866322 0.0039449525 5.3671203e-05 1.0879857e-05 2.2909749e-06 0.0015136406 0.002177244 0.019845488 4.1681442e-08 2.432658e-06 0.0012925684 2.6377686e-06 2.6821388e-05 1.5329784e-06 0.0011086818 0.0035336383 1.5536519e-07 0.0023949433 0.0006527071 3.3036144e-05 0.035606913 0.025637364 5.665023e-06 0.00019687625 1.9019866e-05 0.0001177972 0.015352551 5.448121e-05 0.00017238832 0.00019035535 2.0743126e-05 2.8384996e-08 1.0932959e-08 5.118917e-06 0.0015398432 5.835629e-07 2.9691246e-06 1.721088e-05 0.00010698649 6.3657884e-05 8.857056e-09 0.0009109133 3.6809256e-06 2.8615908e-05 0.0014004288 3.1905042e-06 1.5988061e-06 1.6756463e-06 0.0002615193 2.6437106e-05 0.00031388062 5.54947e-07 0.002296287 2.3776442e-05 8.652235e-06 9.2226355e-07
0.92834795 0.5361999 0.9656549 5.5805283e-16 0.43877035 0.10129398 0.5738805 0.02739128 0.64137423 0.92882586 0.0072346968 0.0047062347 0.008290782 0.0013895683 0.0003866273 0.0005440292 0.80547434 0.34128514 0.044232044 0.00018561196 0.20720072 0.930118 0.00016064281 0.12346482 0.00064243865 0.04404756 0.0018672919 0.012449823 7.381903e-05 0.6353796 0.009038383 0.6475598 5.3544027e-06 0.02816293 1.6819358e-05 0.0034843162 0.0029489282 3.1311222e-06 0.0017170608 3.5867066e-05 0.060182363 7.2853814e-05 3.5151737e-05 1.0210836e-06 7.136743e-06 0.031660207 0.053140502 0.00023069247 1.8648643e-05 4.440298e-06 0.011991437 0.054115746 0.10095881 2.7618096e-06 6.870736e-05 0.00013520995 6.3217967e-06 0.00032529817 4.792168e-06 0.00021489065 0.0010054789 8.984472e-07 0.00082035933 0.00034071357 1.0546518e-05 0.017210577 0.0059598004 2.6034177e-06 6.47615e-05 1.673393e-06 4.883613e-05 0.013517378 0.0014763037 0.00010582793 7.347046e-05 3.3844562e-06 3.900247e-08 1.2282021e-07 2.2902998e-06 0.00041075094 2.014285e-05 2.5889224e-07 5.121022e-06 8.811983e-05 2.6071531e-05 6.507896e-08 0.00017285436 4.018294e-06 1.4544272e-05 0.00027333744 8.909434e-06 2.1094714e-07 1.5025596e-06 0.0004562041 9.706089e-06 7.909292e-05 6.708759e-07 0.00089468603 2.0776793e-06 7.3980624e-07 1.4784707e-06
0.9579543 0.9538122 0.3493821 0.43877035 1.8170082e-14 0.62999594 0.3416235 0.36257264 0.7293899 0.07385625 0.17544839 0.11010171 0.17928188 0.010972899 0.015800975 0.010734385 0.032669835 0.017917132 0.0016052813 0.005731637 0.9717296 0.3098346 0.0052853143 0.12342724 0.0018289335 0.11498012 0.014201586 0.05548234 0.00015167928 0.0043787262 0.0004908309 0.015109365 0.00049850444 0.0023135534 0.0002716014 0.0005671515 0.004917457 5.0407165e-05 0.00013221959 0.000112675385 0.15945308 0.0030590573 3.9383587e-05 2.6110623e-05 0.00050658203 0.4684151 0.0042390865 0.003150271 1.3779988e-05 1.04369565e-05 0.00026882067 0.028017426 0.0017485466 1.2465035e-06 0.0006688487 2.796595e-05 2.1987851e-05 0.003118996 1.17794225e-05 0.0001750017 0.009899792 3.6606656e-05 0.0018287434 0.0003522009 1.15322255e-05 0.017326137 0.016160635 4.7017722e-05 2.3875602e-05 5.108703e-05 6.270947e-05 0.03638385 0.00012707371 9.4508214e-05 6.410597e-05 0.00038772522 1.0567503e-06 1.0454313e-08 2.0292451e-05 5.77412e-05 1.9643383e-06 1.5896155e-06 3.4176777e-05 0.00010737859 2.608474e-05 4.87311e-08 0.004838373 1.2196214e-06 2.4178096e-06 0.00017292459 1.5350917e-05 5.9193246e-07 8.1317705e-07 0.00012117471 2.1439264e-06 1.3146574e-05 8.6648225e-07 0.014837656 3.3998595e-07 1.9753581e-06 9.034607e-07
0.92087305 0.96638983 0.025622565 0.10129398 0.62999594 1.2713191e-15 0.013092699 0.9489022 0.8775949 0.004564346 0.4672807 0.18246728 0.6807019 0.020797646 0.04829497 0.033152673 0.003558603 0.0022664652 0.00037738518 0.008523052 0.44890544 0.08357761 0.01300922 0.23568162 0.0018079256 0.16756172 0.08627137 0.258143 0.00026449075 0.0006288422 9.34576e-05 0.003129412 0.00074547174 0.00012131844 6.29414e-05 0.00012095879 0.0021528094 5.5893347e-06 2.1481372e-05 3.5281075e-05 0.0072918804 0.0026588272 2.6158952e-05 6.213838e-07 0.001050179 0.051379092 0.0009079189 0.007350092 5.691161e-06 5.787251e-07 0.00013578963 0.031339757 0.00052479637 3.9713054e-08 0.00050770526 7.155825e-06 5.0218507e-05 0.0019250024 3.732079e-05 8.72894e-06 0.001205066 0.00017318981 2.7307207e-05 6.4958826e-05 1.4584392e-06 0.006336637 0.0017732955 0.00029657714 6.4525166e-06 2.9064793e-07 7.374468e-06 0.017039148 4.6255023e-05 6.144658e-06 2.5993513e-06 1.7369954e-05 1.3741254e-06 1.1675265e-07 1.2474959e-05 4.5758557e-06 1.7884864e-07 1.1177278e-07 2.2410652e-06 3.6398586e-05 2.5978745e-06 8.898713e-09 0.00020360715 3.1213003e-07 1.2175099e-06 7.984404e-05 0.00017558529 6.21253e-08 4.1751645e-07 2.588108e-05 5.641821e-07 3.7057862e-06 3.7155843e-08 0.00057762105 2.5878474e-08 1.5946688e-06 6.498063e-07
0.9984789 0.120413005 0.98133266 0.5738805 0.3416235 0.013092699 1.4010127e-17 0.0036694317 0.043978013 0.47895294 0.0006130756 0.00094306224 0.0031215786 0.00013781796 1.1927724e-05 7.8787045e-05 0.3220146 0.32462662 0.080952466 5.5984437e-05 0.5138181 0.061891716 5.982449e-05 0.007208832 1.5515436e-05 0.0029378964 0.00022907478 0.0013393197 5.4296324e-06 0.013872567 0.013586878 0.013383864 2.0826826e-06 0.028107774 9.311996e-07 0.0147829605 0.0020462524 3.9273917e-07 0.0017397449 2.2654442e-06 0.6130104 1.0346998e-05 2.606717e-06 1.332733e-07 9.96181e-07 0.3343699 0.00073340145 0.00020850435 7.4030805e-07 1.2514711e-07 0.00031160467 0.0005496866 0.014606526 3.5838973e-08 4.432036e-06 0.0004003501 2.15479e-06 5.053086e-05 1.1490712e-06 0.0016278999 0.0013605991 1.6829306e-07 0.01617695 0.0014301158 2.6739788e-05 0.16374668 0.11399841 5.0788635e-06 7.006242e-05 9.844728e-05 0.00034465795 0.08176734 4.0140796e-05 0.0007776321 0.0005497045 6.9243097e-06 1.5865706e-07 4.2124597e-09 2.2318482e-05 0.0006087123 1.6859377e-07 1.0870615e-05 2.3652012e-05 0.00032090914 0.00011664265 6.014731e-09 0.0015593278 2.2383492e-05 0.00013875219 0.00040429836 1.2696299e-06 2.477184e-06 8.329204e-06 0.0001111581 5.5003397e-06 0.0001298928 3.5807597e-07 0.008974463 3.870969e-06 5.1446135e-05 1.2168249e-06
0.8319174 0.5874266 0.011180258 0.02739128 0.36257264 0.9489022 0.0036694317 4.4643143e-17 0.5134316 0.0011832402 0.98563945 0.5608704 0.7264713 0.14398183 0.3600491 0.27254146 0.00055290636 0.00051278394 7.824642e-05 0.0703402 0.2337227 0.016118208 0.07213033 0.059706874 0.014211516 0.06251201 0.13123345 0.16603328 0.0010241049 0.00011555561 1.7689317e-05 0.0010081886 0.0035432645 2.6511816e-05 0.0006592429 1.2502818e-05 0.0036439605 4.927735e-05 3.8171393e-06 4.1087336e-05 0.0041436553 0.0069388966 6.991625e-05 3.957555e-06 0.002673224 0.11840368 0.00015633421 0.01677342 1.664292e-05 4.0145906e-06 1.4927255e-05 0.0056323507 5.5925766e-06 1.5355954e-07 0.000748124 4.4001857e-07 0.00019168374 0.0008688647 0.00018192994 1.1074659e-06 0.001469283 0.00028598975 6.5032364e-06 1.0716504e-05 1.439977e-07 0.0028186045 0.0011096809 0.000120992256 4.6582917e-07 3.037973e-08 1.1391661e-06 0.011336315 8.7847795e-05 3.02139e-07 1.4268483e-07 3.9298644e-05 4.08213e-06 4.3678548e-07 7.930875e-06 3.495147e-07 1.1532226e-07 1.6216651e-08 1.9962589e-07 5.367233e-07 1.7348876e-07 3.7058385e-08 0.00010035462 1.3785908e-08 7.696205e-08 6.674525e-06 0.00013582641 2.917034e-09 2.8663987e-08 5.0668535e-07 1.0235135e-07 6.4776566e-07 3.442079e-09 0.0008914734 5.614992e-09 4.3479602e-07 1.07173925e-07
0.9355778 0.8104367 0.084885165 0.64137423 0.7293899 0.8775949 0.043978013 0.5134316 7.886769e-13 0.01143518 0.43080595 0.026707945 0.9072915 0.019121425 0.0062589943 0.011417553 0.015459363 0.0030707603 0.0011976658 0.0075261556 0.54257953 0.903995 0.0056567444 0.92322695 0.00022707197 0.7893798 0.5818239 0.84409785 3.96371e-05 0.02756131 0.00028933585 0.12763126 6.1195315e-05 0.00054959254 1.2920187e-05 0.00011627747 0.0008222155 8.26996e-06 2.6884052e-05 1.4689272e-05 0.010417213 0.0013971973 2.8612549e-05 4.2842903e-06 0.0002613575 0.015077043 0.038201913 0.055680018 1.7085187e-05 4.403618e-06 0.0043388894 0.4763405 0.0075236587 1.0922798e-06 8.7057575e-05 6.24283e-05 2.88458e-06 0.020237336 1.6057909e-06 4.55638e-05 0.00034236626 0.000362884 9.44792e-05 7.8444195e-05 1.3776156e-06 0.0038204552 0.0012058587 0.0011016949 5.684476e-05 1.3287121e-06 2.4384148e-05 0.0038761878 0.0019788097 7.864655e-06 1.3055643e-05 1.0677895e-06 4.2146738e-07 8.115876e-08 0.00041981885 3.3759043e-06 0.00019249434 9.1820203e-07 7.4580594e-06 0.00012610525 6.501072e-06 2.3129408e-08 1.5467127e-05 8.6098646e-07 2.1929069e-05 4.5445755e-05 0.00086014 3.2802822e-07 2.8090176e-06 9.3026676e-05 4.719871e-06 7.4987547e-06 2.455915e-06 0.00024661407 5.3446513e-07 4.266155e-06 2.5183303e-06
0.9354379 0.01281773 0.8568572 0.92882586 0.07385625 0.004564346 0.47895294 0.0011832402 0.01143518 1.1554365e-14 0.0007087042 0.00037075585 0.00040303665 0.0002424975 3.2768585e-05 3.5146844e-05 0.97704256 0.95077235 0.44310454 2.7862636e-05 0.076047294 0.19078 1.9682735e-05 0.0028841265 3.1066716e-05 0.000897278 0.000100968144 0.0007588863 4.957485e-06 0.41744155 0.07483387 0.10767552 5.942832e-07 0.34980774 7.07659e-07 0.056238577 0.00043291264 3.620326e-07 0.012578422 2.7124056e-06 0.08104547 4.7644535e-06 5.2552127e-06 5.542396e-08 2.6183636e-07 0.012681387 0.003600829 1.9061321e-05 1.271508e-06 2.3392154e-07 0.004834898 0.0040761377 0.3475463 1.8589726e-07 1.0219446e-06 0.003425841 4.31703e-07 1.2136362e-05 2.2965584e-07 0.009061496 0.00021961733 1.3796804e-07 0.027232485 0.007374627 0.00013836133 0.033616047 0.012226331 9.137626e-07 0.00037076877 6.830478e-05 0.0016364352 0.009095874 0.00042252362 0.0011641051 0.001132545 8.878525e-08 8.466612e-09 2.3941391e-08 1.3782623e-06 0.009152703 6.35983e-07 2.3597418e-05 0.00010396261 0.002481018 0.00029876013 8.230231e-09 6.417399e-05 3.6748315e-05 0.00011618857 0.0013389487 4.0040222e-06 3.3832462e-06 1.0837037e-05 0.0038771306 0.00011641251 0.001981841 2.731016e-06 0.00022328732 5.6597604e-05 1.3927219e-05 1.8057182e-06
0.91859037 0.22018798 0.0011811203 0.0072346968 0.17544839 0.4672807 0.0006130756 0.98563945 0.43080595 0.0007087042 5.9071595e-15 0.8520019 0.84046894 0.39327118 0.7692608 0.68334013 0.0011243167 0.00016244793 1.3796964e-05 0.25957635 0.14036055 0.036723435 0.31451645 0.13796611 0.07692356 0.14285342 0.31923437 0.36432353 0.00656581 0.0001245212 1.9700171e-06 0.00075310876 0.039228413 1.4715925e-05 0.005155771 8.547931e-07 0.012914921 0.0003554522 1.7809039e-07 0.00011457381 0.0015477522 0.10646716 9.553958e-05 4.6766487e-05 0.028694764 0.102917895 0.00010010171 0.23753308 1.3805784e-05 7.0592564e-06 9.838425e-06 0.010015284 2.4760822e-05 8.528291e-07 0.006187311 1.1006257e-07 0.00039495222 0.003815773 0.0005168218 1.94317e-06 0.0017147046 0.0030401791 2.9980245e-06 1.20698205e-05 1.3274098e-08 0.0010087704 0.0004232754 0.00060414814 2.362089e-08 2.1044109e-08 3.2987205e-06 0.019163646 0.00023310927 2.8402096e-07 1.07921416e-07 0.0002128484 1.8131514e-05 1.0885476e-06 0.00028851887 1.4389597e-07 5.131124e-07 4.8595496e-08 2.4829347e-07 4.2463282e-07 4.8533895e-08 1.0449892e-07 0.00012308011 5.157761e-08 1.6245747e-07 5.732732e-07 0.00032847072 2.9647639e-08 9.91159e-08 9.962722e-07 7.9379913e-07 6.35338e-07 3.5600927e-08 0.00094549195 4.237119e-08 3.8174863e-07 2.4232006e-07
0.991233 0.06291207 0.0020576993 0.0047062347 0.11010171 0.18246728 0.00094306224 0.5608704 0.026707945 0.00037075585 0.8520019 7.963741e-13 0.6381878 0.9467658 0.8570488 0.70616436 0.0006009434 0.00016504122 0.00013716235 0.48337317 0.25619522 0.0025437453 0.36728024 0.004695404 0.4648175 0.0066618137 0.06181129 0.042538572 0.05651971 1.9980627e-05 5.9751852e-05 0.0003874288 0.09414191 2.687026e-05 0.043325815 9.523624e-06 0.13638534 0.009643884 6.1435617e-06 0.0011317963 0.023572028 0.038854856 0.00061616965 0.0016190191 0.016028635 0.48177508 4.367064e-05 0.04987778 0.00014401674 6.190923e-05 1.342365e-05 0.00086695305 3.1249265e-06 1.2104899e-05 0.008689873 7.313455e-07 0.00035629628 0.00030348662 0.00055034837 1.8592466e-06 0.007746274 0.0014545819 1.1717149e-05 1.6393538e-05 3.9402994e-06 0.0055638044 0.003035196 0.00022584206 4.960862e-06 2.8699947e-07 1.1747635e-06 0.04670308 5.3055424e-05 9.991713e-07 8.1844036e-07 0.0033397176 5.7043897e-05 5.3569665e-06 0.00035478556 1.4658464e-06 4.532649e-06 1.4170358e-07 3.293391e-07 2.9649873e-06 4.4752235e-07 2.2604781e-06 0.0035315987 6.5968624e-07 1.1755019e-06 8.6727596e-05 5.8348007e-05 2.765833e-07 1.1681909e-06 3.7303762e-06 5.749352e-06 6.3694106e-06 1.00635276e-07 0.015601079 3.8494278e-07 3.2767475e-06 7.042684e-07
0.9256313 0.21908174 0.0015969548 0.008290782 0.17928188 0.6807019 0.0031215786 0.7264713 0.9072915 0.00040303665 0.84046894 0.6381878 2.6358718e-14 0.5392116 0.3140759 0.73138547 0.0003889752 7.807595e-05 7.5431126e-05 0.49165922 0.26553935 0.03353615 0.6822601 0.28243604 0.015613404 0.25408226 0.9720425 0.6843566 0.005445631 9.633556e-05 2.7571832e-06 0.0012935599 0.057880953 1.8146062e-05 0.0029504248 1.1804877e-06 0.0057731536 0.0010752012 4.374817e-07 0.00073877093 0.0019887032 0.1393047 0.00041720262 4.365377e-05 0.08532429 0.023474414 0.00089274446 0.30392784 6.74536e-05 2.8276101e-05 9.6492695e-05 0.025734508 0.00028867542 1.5996527e-06 0.0046608453 1.8149781e-07 0.00022867162 0.0073393323 0.00014874498 9.588058e-07 0.0007304874 0.015125116 3.513481e-07 9.944117e-07 1.2855027e-08 0.0009233651 0.00012568301 0.0032147197 1.0254425e-06 2.2162913e-08 1.6526707e-06 0.008563096 4.9047103e-05 7.334563e-07 2.9151155e-07 1.7193489e-07 6.5055187e-06 1.9866575e-06 0.0003208375 1.8640062e-08 3.7166214e-05 2.8587332e-08 3.4344288e-07 3.6264979e-07 2.1997374e-07 2.218829e-08 4.0386003e-05 1.4906243e-07 4.6858813e-07 3.7609584e-07 0.0005244434 9.71289e-09 1.8625342e-07 5.8712132e-08 2.7620727e-08 6.6571324e-08 6.538678e-08 0.00023325717 1.0889421e-08 5.5902674e-08 4.4002547e-08
0.98390853 0.0044967183 0.00051918 0.0013895683 0.010972899 0.020797646 0.00013781796 0.14398183 0.019121425 0.0002424975 0.39327118 0.9467658 0.5392116 4.4375818e-13 0.88844645 0.7870546 0.00041133718 5.012018e-05 1.9947196e-05 0.7658442 0.064165466 0.0026216793 0.817264 0.0051696496 0.6679059 0.006320528 0.16234547 0.052799057 0.11861103 2.1721366e-05 8.092112e-06 0.00017398228 0.5653871 6.303039e-06 0.20683244 1.3599387e-06 0.10664047 0.04938196 7.525394e-07 0.0053401245 0.0016434019 0.25066283 0.0037093377 0.024560954 0.12724146 0.1607867 2.9056924e-05 0.33181763 0.0009592723 0.00055116904 2.019877e-05 0.00040229532 4.560677e-06 8.184638e-05 0.08617853 1.4154433e-07 0.0036867668 0.0006885869 0.004742603 7.9457624e-07 0.010102845 0.01702211 7.342811e-06 1.4326405e-05 3.3938989e-07 0.0011779333 0.0006012598 0.0010445778 1.0735382e-06 1.4047392e-07 3.0454833e-06 0.034081187 3.867134e-05 5.479672e-07 5.197107e-07 0.0021719888 0.00034795408 3.7915703e-05 0.008654262 8.7273446e-07 1.0637407e-05 7.695721e-08 3.2098612e-07 5.9072368e-06 3.3788717e-07 2.81344e-05 0.0012361216 2.7934846e-07 4.398017e-07 8.264654e-06 0.00013731653 8.19013e-08 9.1008735e-07 2.5493746e-06 3.8781154e-06 4.815685e-06 9.724889e-08 0.0072243894 1.6902102e-07 1.4877561e-06 4.902918e-07
0.83035064 0.011160663 0.00016666848 0.0003866273 0.015800975 0.04829497 1.1927724e-05 0.3600491 0.0062589943 3.2768585e-05 0.7692608 0.8570488 0.3140759 0.88844645 7.552284e-16 0.93163025 1.8771334e-05 4.7353487e-06 4.00027e-06 0.9365461 0.039874546 0.00015166598 0.43641728 0.0014046294 0.6514785 0.0014115599 0.06549136 0.023150994 0.29179052 4.5597486e-07 3.0006603e-07 1.4420852e-05 0.29193133 2.9174835e-06 0.26385787 1.3726972e-07 0.073589444 0.029552273 5.604926e-08 0.004132211 0.0012845336 0.054836627 0.004283664 0.005815962 0.044936184 0.12886788 5.902383e-06 0.05961335 0.00063666265 0.00020088896 1.3311725e-06 0.00042991046 1.1352672e-06 1.47924e-05 0.025059395 3.739537e-08 0.0023750246 0.000106271924 0.002760855 1.9684873e-07 0.0051698894 0.0030513345 1.9948412e-07 8.903093e-07 1.0231973e-07 0.00066879956 0.00037460803 0.00049259217 2.732526e-07 1.3644464e-08 3.8393418e-07 0.009261057 1.1783365e-05 1.1765814e-07 3.024992e-08 0.001159104 7.6900316e-05 3.0995323e-06 0.00073302764 1.3384776e-07 6.203186e-07 3.721436e-08 1.0878819e-07 5.750533e-07 4.9162786e-08 5.591646e-07 0.00024545428 8.788599e-09 1.351311e-07 2.8187212e-06 1.9571813e-05 3.64157e-09 2.8062543e-08 1.030426e-07 2.4236306e-07 1.0259258e-06 5.564287e-09 0.0013134493 1.2608625e-08 8.0333854e-07 6.283258e-08
0.86300385 0.005011524 0.00015531374 0.0005440292 0.010734385 0.033152673 7.8787045e-05 0.27254146 0.011417553 3.5146844e-05 0.68334013 0.70616436 0.73138547 0.7870546 0.93163025 2.084653e-14 8.544126e-05 1.3754911e-05 2.1590831e-06 0.93289644 0.023462614 0.000703357 0.9077885 0.008414266 0.25159922 0.013072536 0.29034284 0.1404874 0.10983563 5.011375e-06 3.141317e-07 6.256747e-05 0.58363783 1.5559036e-06 0.151788 3.7619307e-07 0.023728024 0.024022186 1.14194684e-07 0.004488742 0.00035275958 0.37508374 0.0030755976 0.0077594426 0.29828754 0.04863607 1.7447652e-05 0.39651924 0.00060783786 0.00015283102 4.9999467e-06 0.0006580334 2.058725e-06 3.3610897e-05 0.11951808 5.6005558e-08 0.004784429 0.00020053561 0.005603981 9.41896e-07 0.0012352166 0.01546872 1.3789223e-06 1.7408267e-06 1.7678817e-08 0.00045728934 4.585941e-05 0.0019997566 9.674899e-08 1.1419136e-08 4.590601e-07 0.0086062495 1.8286779e-05 2.6961618e-07 6.2874165e-08 3.4118482e-05 0.00017695533 3.1817486e-05 0.003375835 8.0744194e-08 1.0574722e-06 3.660986e-09 3.1687847e-07 2.1991616e-06 1.0361592e-07 4.0552864e-06 6.26166e-05 2.856324e-08 8.2978076e-08 1.8007542e-07 0.00027535678 5.845265e-09 8.743711e-08 4.441795e-07 3.9699364e-07 8.8526576e-07 1.4249615e-08 0.00023145386 1.359127e-08 4.7161342e-07 9.4410694e-08
0.9405988 0.0013012093 0.29482523 0.80547434 0.032669835 0.003558603 0.3220146 0.00055290636 0.015459363 0.97704256 0.0011243167 0.0006009434 0.0003889752 0.00041133718 1.8771334e-05 8.544126e-05 1.3375808e-12 0.3978325 0.30579767 0.00015368943 0.070682414 0.62045556 5.5236455e-05 0.004845782 3.3800585e-05 0.0011591238 3.5212568e-05 0.00034630825 1.1523244e-05 0.98151445 0.051464394 0.63295805 1.5031903e-06 0.280929 2.9322516e-07 0.013544128 0.00023187386 5.1230415e-07 0.009550201 1.0384385e-05 0.041349906 9.887275e-07 5.4645647e-05 3.3906022e-07 6.870221e-08 0.0027197802 0.017999252 0.00013977177 1.1490514e-06 1.0660023e-07 0.051781245 0.011428953 0.74914414 4.1963528e-07 1.7522254e-07 0.0015507885 2.3830596e-06 0.00016697792 1.2828648e-06 0.0028121094 7.6551296e-05 9.6661566e-08 0.010575662 0.0075720293 0.00020782503 0.032643095 0.009195148 3.2840194e-07 0.0016391225 3.71976e-05 0.0006276272 0.011720963 0.0041718595 0.0005047175 0.00077495404 1.7748382e-08 2.8457963e-08 2.4105304e-07 2.9586886e-06 0.01177136 1.9593886e-05 2.1883838e-05 0.00016660061 0.0012522544 0.00014393311 6.6116623e-09 1.0642715e-05 8.85311e-06 8.552669e-05 0.000851814 8.8494635e-06 1.8528531e-06 6.631508e-06 0.022407206 4.09798e-05 0.0019488122 3.7167365e-06 3.666584e-05 2.6158752e-05 4.1481544e-06 1.2589065e-06
0.687435 0.0076561994 0.6718952 0.34128514 0.017917132 0.0022664652 0.32462662 0.00051278394 0.0030707603 0.95077235 0.00016244793 0.00016504122 7.807595e-05 5.012018e-05 4.7353487e-06 1.3754911e-05 0.3978325 1.1346266e-17 0.91538805 5.1733487e-06 0.023385512 0.007169416 7.128744e-06 0.0010430538 4.1401687e-05 0.00025355033 6.941305e-05 8.580831e-05 9.058441e-06 0.121809825 0.2509959 0.02601843 8.907696e-07 0.96913874 1.6018846e-06 0.9022528 0.0015231413 6.757354e-07 0.09347679 1.1982022e-06 0.14592248 7.470919e-07 8.682678e-06 4.5606505e-08 1.594954e-07 0.024527973 8.6491535e-05 6.6818274e-07 5.3383496e-07 4.9819806e-07 0.0011909863 0.00014284748 0.060316313 3.7435978e-08 4.9684394e-07 0.096268296 3.7616704e-08 9.078336e-07 1.9086286e-08 0.18766141 0.0002621323 1.4676534e-08 0.13700826 0.035016537 0.00023897573 0.023969218 0.036551706 4.9915947e-08 0.00063305633 0.002537031 0.00882395 0.0026521843 1.1531016e-05 0.009765727 0.011119468 3.4803904e-08 4.798335e-09 1.1713854e-09 5.7370306e-07 0.033001274 3.815481e-07 0.0008590218 0.0010686131 0.013049494 0.0023286531 1.9352583e-10 0.00027353043 0.0007369961 0.00051839324 0.0031460961 4.0569613e-08 0.00021534775 0.00013598247 0.0038124265 8.9705594e-05 0.013388946 1.3802571e-05 0.00050993427 9.725191e-05 0.00010968949 1.2113651e-05
0.9935259 0.0018558315 0.076942876 0.044232044 0.0016052813 0.00037738518 0.080952466 7.824642e-05 0.0011976658 0.44310454 1.3796964e-05 0.00013716235 7.5431126e-05 1.9947196e-05 4.00027e-06 2.1590831e-06 0.30579767 0.91538805 2.628869e-13 3.2254356e-06 0.019364052 0.0037657826 3.7776836e-06 0.00018777393 2.3485054e-05 0.00013263535 2.1904822e-05 0.000104682615 5.1147113e-06 0.008350883 0.70144564 0.0015574032 2.9914457e-07 0.8707153 4.154043e-07 0.91057914 0.002010557 1.1301991e-07 0.38386756 8.625771e-06 0.8148768 2.365439e-06 3.2457797e-06 4.7228017e-08 1.1405793e-06 0.10091484 6.329576e-05 0.00022938277 4.5159834e-07 5.0812854e-08 6.9881986e-05 0.0001838455 0.035986964 4.423377e-09 4.0661225e-06 0.08669319 2.0316609e-06 2.0018202e-05 2.196682e-06 0.4433176 0.0012765127 4.170425e-07 0.77382886 0.23871547 4.9624923e-05 0.08892375 0.07576617 5.805502e-06 0.00065556174 0.04927793 0.09119673 0.022984555 9.146407e-05 0.06616316 0.08587225 6.9988664e-06 6.48432e-07 2.84843e-08 8.519854e-05 0.041623805 2.0588561e-06 0.0077692503 0.010776254 0.24596275 0.021816136 2.4963674e-08 0.0008896703 0.0060242177 0.022184137 0.0016180183 8.0258005e-06 0.0007016064 0.0020690328 0.0010757803 6.8787244e-06 0.032627646 0.00016454695 0.0036490464 5.9476997e-06 0.00068503787 0.0002537743
0.95450974 0.0014766719 4.2002328e-05 0.00018561196 0.005731637 0.008523052 5.5984437e-05 0.0703402 0.0075261556 2.7862636e-05 0.25957635 0.48337317 0.49165922 0.7658442 0.9365461 0.93289644 0.00015368943 5.1733487e-06 3.2254356e-06 9.1297026e-14 0.02545449 0.0010135709 0.74248064 0.0056714425 0.49588868 0.0062293033 0.22758418 0.074656375 0.26547387 1.2437196e-05 4.692339e-07 4.2862786e-05 0.80617005 1.2710279e-06 0.3595716 1.5326576e-07 0.06823535 0.11014681 6.827583e-08 0.013406617 0.000329623 0.62083805 0.0076754196 0.045063887 0.5816895 0.08272503 2.271572e-05 0.5406416 0.0024382465 0.0012779061 9.298751e-06 0.000803488 1.4209347e-05 0.00021239197 0.32523713 5.2529227e-08 0.015904156 0.0005549907 0.019936103 1.3383161e-06 0.005864283 0.05987258 2.2318557e-06 2.1589822e-06 2.0312557e-08 0.00047289205 0.0001583885 0.0024160233 1.40651e-07 3.504805e-08 1.110227e-06 0.024488209 5.3407024e-05 3.859518e-07 2.0169163e-07 0.0008049211 0.000635385 7.33148e-05 0.04203823 1.7685198e-07 8.085979e-06 3.7971443e-08 2.9769228e-07 9.244787e-06 2.2628215e-07 1.12844145e-05 0.00026260372 8.878712e-08 4.597944e-07 7.8409784e-07 0.00015487002 1.9290948e-08 2.1543987e-07 1.1368262e-06 1.4157803e-06 3.205106e-06 3.837385e-08 0.0013962209 7.723057e-08 6.1990227e-07 1.6545465e-07
0.99916863 0.6573712 0.16835968 0.20720072 0.9717296 0.44890544 0.5138181 0.2337227 0.54257953 0.076047294 0.14036055 0.25619522 0.26553935 0.064165466 0.039874546 0.023462614 0.070682414 0.023385512 0.019364052 0.02545449 2.2432263e-14 0.107938394 0.013548282 0.075486034 0.059949633 0.0632365 0.017156966 0.049447414 0.006475635 0.003937978 0.006501612 0.0058394573 0.004193073 0.009235756 0.0065496373 0.0024097883 0.017032137 0.0009327791 0.0009224167 0.0023953659 0.06766317 0.007398525 0.0005677062 0.00045141927 0.0035984379 0.5490351 0.00045804534 0.009761635 0.00022136554 0.00018278208 6.092803e-05 0.005782612 0.0009668365 6.120542e-05 0.0072308476 0.0001672345 0.00054290635 0.001875837 0.00055658986 0.00050949043 0.01699328 0.0003590108 0.0049313903 0.00091831293 2.7616003e-05 0.008480004 0.0076985294 0.00011615744 3.277496e-05 0.000113682414 0.00018948759 0.07840638 0.00044990235 0.00013784424 0.00019266955 0.0006492668 6.3628635e-05 2.7365797e-06 0.00016028855 0.000113204005 1.5197552e-06 6.111821e-05 2.5156098e-05 0.00028268565 6.432558e-05 4.1948947e-06 0.007944956 1.534449e-05 6.549497e-05 7.452049e-05 0.00023452747 3.711622e-06 1.0073764e-05 8.5702566e-05 1.4985814e-06 7.119704e-05 4.6632852e-08 0.042021684 5.433965e-07 2.4992656e-05 1.902517e-06
0.8032069 0.055213936 0.10123965 0.930118 0.3098346 0.08357761 0.061891716 0.016118208 0.903995 0.19078 0.036723435 0.0025437453 0.03353615 0.0026216793 0.00015166598 0.000703357 0.62045556 0.007169416 0.0037657826 0.0010135709 0.107938394 1.03436745e-16 0.0001933718 0.70666325 3.1165862e-05 0.28454384 0.0039422354 0.078352295 1.7943164e-06 0.48155335 0.00031463619 0.98242325 3.7385692e-07 0.0013996278 1.1930745e-06 4.3890715e-05 0.0005280997 4.1114768e-07 2.0851878e-05 7.604155e-06 0.0028338556 1.3913825e-05 7.5737807e-06 2.102124e-08 9.062791e-07 0.0017300635 0.7418587 0.0014156535 9.3933995e-06 1.135447e-06 0.16700676 0.8420928 0.18844637 3.8242388e-07 2.3142582e-06 2.6859002e-06 1.330217e-06 0.015079381 4.1744516e-07 6.401051e-06 6.497093e-06 3.3620759e-06 1.7728447e-05 5.1665297e-06 9.067931e-08 0.0018609675 0.0014901909 3.6022662e-05 6.0266943e-06 5.969634e-08 2.3197092e-06 0.0032247806 0.022398401 7.44885e-07 2.1629887e-06 7.321909e-08 3.6145977e-08 4.101064e-09 1.9294002e-06 4.9350833e-06 2.0539857e-05 5.8822507e-09 8.9888516e-07 1.611786e-05 3.5621525e-07 3.1535303e-09 2.5885854e-06 1.00658504e-07 4.0616666e-07 6.7068113e-06 0.0010148529 1.4723132e-08 9.3277855e-08 0.0034629148 1.0597846e-07 2.6098687e-06 7.754112e-08 0.00011326804 8.977903e-09 4.8760576e-08 1.0369144e-07
0.88288444 0.0015570816 5.3229665e-05 0.00016064281 0.0052853143 0.01300922 5.982449e-05 0.07213033 0.0056567444 1.9682735e-05 0.31451645 0.36728024 0.6822601 0.817264 0.43641728 0.9077885 5.5236455e-05 7.128744e-06 3.7776836e-06 0.74248064 0.013548282 0.0001933718 1.0070902e-14 0.007851732 0.07741918 0.015842803 0.70985824 0.25263202 0.053178135 3.5529938e-06 5.5103027e-07 1.9078909e-05 0.9279233 4.5456162e-07 0.1484129 2.5794193e-07 0.01547418 0.03063024 7.555095e-08 0.006488418 0.00025159854 0.831312 0.00688432 0.016966674 0.8123026 0.013742653 2.0922333e-05 0.75800985 0.0009276189 0.00046040432 8.639446e-06 0.0015929918 1.3866096e-05 0.00012224755 0.5341124 9.867413e-08 0.027358154 0.00045430596 0.030010186 8.433284e-07 0.0007544153 0.17730202 2.7389895e-06 1.3192787e-06 5.7985737e-08 0.00032754103 2.1547685e-05 0.015053697 1.13164006e-07 1.4687064e-08 5.350459e-07 0.0059343856 1.3545071e-05 1.0902827e-06 4.964101e-07 9.86634e-06 0.0003910639 4.125822e-05 0.050180152 1.5037975e-07 3.2278879e-06 4.891033e-09 1.9438477e-07 7.1833874e-06 8.827459e-07 3.997993e-06 3.222624e-05 1.8977212e-07 4.5323295e-06 2.2456233e-07 0.0005827068 1.19564065e-08 1.1645969e-06 6.4819737e-06 1.7176471e-06 6.361774e-06 2.0715903e-07 0.00016431189 1.18814924e-07 9.1778793e-07 1.8582176e-07
0.49818048 0.04145177 0.004820852 0.12346482 0.12342724 0.23568162 0.007208832 0.059706874 0.92322695 0.0028841265 0.13796611 0.004695404 0.28243604 0.0051696496 0.0014046294 0.008414266 0.004845782 0.0010430538 0.00018777393 0.0056714425 0.075486034 0.70666325 0.007851732 5.371658e-16 0.00020396533 0.9974021 0.050946727 0.75870407 6.307924e-05 0.003959835 1.2639622e-05 0.07564253 0.00011399302 0.00045770366 1.1193994e-05 0.00014156927 0.00013678627 2.035424e-05 1.0162756e-06 6.0070984e-06 0.0005669096 7.918787e-05 2.495976e-05 3.1473053e-07 9.4902636e-05 0.0021550618 0.02605266 0.01159302 4.9694418e-06 3.1322395e-06 0.0013477231 0.5968976 0.00030433727 5.6744875e-07 1.3011989e-05 1.138571e-06 4.8418874e-06 0.06374341 2.4886754e-06 5.0981826e-06 5.8972764e-05 0.00011343312 7.6133856e-06 6.0301812e-05 2.6004102e-08 0.00063785294 0.00014447248 0.0002422213 5.415148e-06 5.3365603e-08 4.6980817e-06 0.0045946203 0.0010488367 1.4465237e-06 2.5728343e-06 3.5692422e-09 3.5604863e-08 8.647614e-08 6.5480876e-06 7.6845544e-07 2.036155e-06 4.7214506e-08 4.902498e-07 1.030491e-05 1.3660739e-06 2.8479194e-08 2.3306413e-06 7.591827e-07 1.1425171e-06 9.508187e-06 0.0064202156 3.956183e-07 6.4749827e-07 2.3398694e-05 2.5642532e-06 1.8919416e-06 6.457753e-07 2.9591176e-06 1.1651496e-07 3.404415e-07 1.1097908e-06
0.987021 0.00057037704 0.00019733755 0.00064243865 0.0018289335 0.0018079256 1.5515436e-05 0.014211516 0.00022707197 3.1066716e-05 0.07692356 0.4648175 0.015613404 0.6679059 0.6514785 0.25159922 3.3800585e-05 4.1401687e-05 2.3485054e-05 0.49588868 0.059949633 3.1165862e-05 0.07741918 0.00020396533 1.5478455e-13 0.00032843594 0.0024438314 0.0017750686 0.9754641 2.7117926e-06 6.971826e-06 4.6459052e-05 0.23651476 1.8672437e-05 0.6663564 2.9793214e-06 0.70557433 0.45594907 2.4975989e-06 0.19613177 0.0057301857 0.01519878 0.17319736 0.09196286 0.020396138 0.58105767 1.622794e-05 0.0070814076 0.019727327 0.0067215487 3.167314e-05 0.0004684548 9.719647e-05 0.002278428 0.04046236 2.5232933e-07 0.005800184 2.4355213e-05 0.00689646 5.4880974e-07 0.09409965 0.0047278204 2.1087683e-06 2.2597615e-05 9.822005e-07 0.003507989 0.0014485505 0.0005744088 7.718264e-06 4.0424936e-08 1.3784647e-06 0.09170359 0.00023228662 2.5646398e-06 4.3062464e-06 0.027294314 0.0016739134 0.00017685124 0.0024416193 1.092133e-06 1.7782666e-05 4.2632955e-08 1.055669e-07 1.7999113e-05 2.3964578e-06 7.4297095e-05 0.008073197 1.0594607e-06 8.156932e-06 3.739625e-05 2.8922754e-05 1.7340092e-07 2.1562744e-06 4.5725687e-07 7.726423e-06 1.869453e-05 1.3393536e-07 0.02976838 8.894844e-07 5.81597e-06 1.6259022e-06
0.389894 0.0406755 0.0019169607 0.04404756 0.11498012 0.16756172 0.0029378964 0.06251201 0.7893798 0.000897278 0.14285342 0.0066618137 0.25408226 0.006320528 0.0014115599 0.013072536 0.0011591238 0.00025355033 0.00013263535 0.0062293033 0.0632365 0.28454384 0.015842803 0.9974021 0.00032843594 3.0247335e-15 0.111846454 0.9495317 0.00018577879 0.0010792385 9.940879e-06 0.015495533 0.00016460266 0.00016769253 4.694228e-05 2.5085377e-05 0.00025126475 3.351072e-05 7.124614e-07 2.8370343e-05 0.00026313367 0.00058530614 8.562797e-05 3.6561978e-06 0.0001120045 0.002195631 0.0070202313 0.036897637 2.1190346e-05 7.6558335e-06 0.0007223352 0.4388154 9.4245406e-05 2.8402815e-06 2.4819405e-05 1.2716172e-06 5.96101e-06 0.07061032 3.31647e-06 2.116392e-06 2.6056843e-05 0.00028704258 8.4160575e-07 2.2911485e-05 3.1718626e-09 0.0004444031 7.899666e-05 0.0011901817 1.0346351e-06 1.9463025e-08 1.2674572e-06 0.0030789464 0.0005560683 8.129374e-07 7.5726206e-07 3.0223204e-09 2.4383334e-07 1.2529303e-07 2.0239368e-06 3.8016643e-07 1.3491972e-06 2.2904809e-08 2.8159846e-07 4.8601896e-06 1.0782292e-06 2.7530051e-08 6.14787e-06 1.5280426e-07 1.3995408e-06 3.2893588e-06 0.012029125 5.298102e-08 8.168278e-07 3.471672e-06 9.447821e-07 1.5214941e-06 9.7815345e-08 1.5544836e-05 7.108438e-08 3.500932e-07 6.798121e-07
0.5855432 0.006712097 0.00015773851 0.0018672919 0.014201586 0.08627137 0.00022907478 0.13123345 0.5818239 0.000100968144 0.31923437 0.06181129 0.9720425 0.16234547 0.06549136 0.29034284 3.5212568e-05 6.941305e-05 2.1904822e-05 0.22758418 0.017156966 0.0039422354 0.70985824 0.050946727 0.0024438314 0.111846454 4.6970747e-15 0.9881802 0.0012372452 5.46457e-05 3.2349144e-06 0.00036175273 0.06449986 1.7629529e-05 0.0026056187 4.348846e-06 0.0016337119 0.0010474183 1.4973713e-06 0.00033171725 0.0002543214 0.3990698 0.0007439321 0.0004185566 0.07376973 0.001707763 0.00012304561 0.47247812 0.00064676546 0.00035377385 7.5331745e-06 0.004557958 1.09765815e-05 0.00013897664 0.002749609 3.2718858e-06 0.00026075402 0.0016685274 0.00019936233 1.5920173e-06 0.00024039132 0.02489516 9.55064e-07 1.2667757e-06 1.3171648e-07 0.00013278746 4.7719997e-05 0.0056713284 2.909892e-06 1.12555895e-07 2.6002267e-06 0.0029524458 2.5744333e-05 4.6749346e-06 2.6230362e-06 7.6850966e-07 6.2774598e-06 6.011075e-06 6.294782e-05 2.7619727e-08 6.540904e-06 7.2451286e-08 7.8089346e-07 8.496805e-06 2.1781493e-06 6.3608184e-07 6.3581774e-06 6.0374833e-07 3.47004e-06 5.5560918e-06 0.0018645898 5.915061e-08 7.219205e-07 5.163217e-07 4.9394293e-06 3.0328554e-06 5.7337706e-07 3.107303e-05 5.6895954e-07 5.091407e-07 7.4404585e-07
0.41579267 0.052195683 0.0008833594 0.012449823 0.05548234 0.258143 0.0013393197 0.16603328 0.84409785 0.0007588863 0.36432353 0.042538572 0.6843566 0.052799057 0.023150994 0.1404874 0.00034630825 8.580831e-05 0.000104682615 0.074656375 0.049447414 0.078352295 0.25263202 0.75870407 0.0017750686 0.9495317 0.9881802 1.4100002e-15 0.0008132559 0.0002825552 6.4841374e-06 0.0034150812 0.0074814586 0.00013752031 0.0005451146 1.0453223e-05 0.0007346429 0.0004092569 1.12175e-06 0.00020566113 0.00012347467 0.046511576 0.0006056647 0.00021513733 0.007839802 0.0020677722 0.0007811922 0.37085822 0.00012248305 0.000102477396 7.48609e-05 0.19155562 5.8013535e-05 5.0446022e-05 0.0006037613 1.009742e-06 4.6933954e-05 0.07006454 2.6930142e-05 7.089529e-06 0.00012819648 0.00620127 4.839074e-07 8.16558e-06 1.0153852e-08 0.00027689963 3.1076404e-05 0.010127028 7.334297e-07 1.8133277e-07 1.0150296e-05 0.0031130468 0.00014036098 1.7220985e-06 8.8427515e-07 1.4748428e-08 1.108548e-06 7.9991514e-07 1.03548455e-05 2.4624743e-08 4.4367634e-06 5.1876558e-08 1.4310667e-06 4.4861486e-06 2.4994429e-06 8.6292594e-08 5.765819e-06 1.8715669e-07 3.4161837e-06 3.7561933e-06 0.024553984 9.103838e-08 3.9569565e-07 3.790713e-07 1.0820296e-07 1.7661007e-06 6.6032854e-08 1.02450085e-05 9.24219e-09 4.443189e-07 6.492828e-07
0.938412 0.000115930576 3.7894988e-05 7.381903e-05 0.00015167928 0.00026449075 5.4296324e-06 0.0010241049 3.96371e-05 4.957485e-06 0.00656581 0.05651971 0.005445631 0.11861103 0.29179052 0.10983563 1.1523244e-05 9.058441e-06 5.1147113e-06 0.26547387 0.006475635 1.7943164e-06 0.053178135 6.307924e-05 0.9754641 0.00018577879 0.0012372452 0.0008132559 4.5297787e-16 7.279984e-07 6.8816666e-07 1.3905977e-06 0.33531216 2.448861e-06 0.88134736 1.7227777e-07 0.7438321 0.8195869 1.5359102e-07 0.54513925 0.0007213222 0.018210415 0.60143733 0.5834198 0.030423736 0.26790702 6.032571e-06 0.0059148166 0.12162845 0.07380724 5.522968e-06 4.7097248e-05 5.339793e-06 0.019850897 0.22128996 3.4826815e-08 0.040668923 8.7425105e-06 0.045444604 2.938447e-07 0.08318459 0.00394399 1.7178845e-06 4.4573626e-06 1.5226067e-07 0.001464917 0.00033001616 0.0002826525 1.2778152e-07 8.556813e-09 5.316173e-07 0.046790812 1.6862965e-05 1.072566e-06 1.0695303e-06 0.016687125 0.0048702653 0.00066495157 0.02123692 1.2518028e-07 3.9052178e-05 5.3447673e-09 3.3417002e-08 3.2726066e-06 3.685536e-07 0.0004156522 0.0027936376 4.4066883e-08 3.2793312e-07 1.2168123e-06 4.719016e-06 3.8170893e-09 2.078122e-07 5.911889e-07 2.0523792e-06 6.0170346e-06 2.00712e-08 0.012846469 3.651791e-07 2.3546546e-07 1.6805681e-07
0.30064428 0.00074888027 0.06332111 0.6353796 0.0043787262 0.0006288422 0.013872567 0.00011555561 0.02756131 0.41744155 0.0001245212 1.9980627e-05 9.633556e-05 2.1721366e-05 4.5597486e-07 5.011375e-06 0.98151445 0.121809825 0.008350883 1.2437196e-05 0.003937978 0.48155335 3.5529938e-06 0.003959835 2.7117926e-06 0.0010792385 5.46457e-05 0.0002825552 7.279984e-07 4.7157645e-15 0.0012774755 0.99145323 1.223443e-07 0.093174 1.3662257e-07 0.0064225825 3.658219e-05 3.6081894e-07 0.000405857 3.9926798e-07 0.00091079733 2.1203726e-07 2.2851202e-06 5.4610815e-08 8.829804e-08 0.0008796421 0.19264914 1.2331832e-05 9.704714e-07 2.3810023e-07 0.4368214 0.044321693 0.8277252 6.5394534e-07 3.4244147e-07 0.0012182511 4.1816e-07 0.00026256364 1.208968e-07 0.0010456523 3.7420025e-06 4.7683238e-07 0.00057018315 0.0027725953 7.935293e-06 0.0015446778 0.0007065406 6.5925256e-06 0.000116719435 1.235946e-06 0.000102899685 0.0006637161 0.032044105 3.2087348e-05 6.504095e-05 1.3961581e-09 1.07659694e-07 3.75759e-08 2.277471e-06 0.0021690608 1.5012141e-05 1.7915916e-07 1.6189619e-05 0.0002572994 6.555867e-06 4.223636e-08 4.3367004e-07 1.59941e-06 2.0276937e-05 0.00019927183 0.00016897472 4.6278632e-07 1.6592372e-06 0.021140961 1.9787114e-05 0.00060204644 9.1768464e-07 1.2688196e-05 1.7573171e-06 3.2347386e-06 3.5258202e-07
0.9859836 0.00063771126 0.010804738 0.009038383 0.0004908309 9.34576e-05 0.013586878 1.7689317e-05 0.00028933585 0.07483387 1.9700171e-06 5.9751852e-05 2.7571832e-06 8.092112e-06 3.0006603e-07 3.141317e-07 0.051464394 0.2509959 0.70144564 4.692339e-07 0.006501612 0.00031463619 5.5103027e-07 1.2639622e-05 6.971826e-06 9.940879e-06 3.2349144e-06 6.4841374e-06 6.8816666e-07 0.0012774755 1.5804285e-13 0.00022174143 3.9666492e-08 0.26011875 1.06421254e-07 0.78734267 0.00076790614 2.4663333e-08 0.9527538 8.466452e-07 0.9377431 9.189479e-08 2.1587053e-07 1.3402804e-08 3.589521e-08 0.043611817 1.8029031e-06 5.3236745e-06 6.956696e-08 1.0796975e-08 1.5049323e-05 1.03205475e-05 0.004492414 4.738093e-09 4.2393606e-07 0.3942458 1.5137068e-07 1.2185553e-06 1.0269591e-07 0.595793 0.0009855652 3.1269686e-08 0.5014008 0.099591754 0.00045305208 0.15857273 0.21483468 4.484063e-07 0.0012500297 0.21453421 0.24672715 0.022072071 1.6107688e-05 0.09032666 0.07064501 3.542331e-07 1.6597428e-07 8.429858e-09 5.7551034e-07 0.0029913248 2.2783453e-07 0.041528802 0.025650835 0.10964163 0.043774832 6.369225e-09 0.0032264541 0.017344594 0.024825811 0.00082769553 7.500245e-07 0.0023303495 0.0076736594 4.1718213e-05 8.741973e-05 0.0071594953 0.00026808155 0.008154607 4.663021e-05 0.0013871236 0.00031739194
