1.0801347e-18 0.010730377 0.01903447 0.098893106 0.047216475 0.0030054632 0.7728804 0.02562978 0.33086684 0.46821487 0.94006646 6.0588826e-07 0.81674147 0.6182575 0.9496626 0.7550685 0.07505023 0.40953317 0.64992297 0.9309004 0.60803074 0.96065503 0.0027276834 0.70638686 0.82597476 0.9573206 0.009902861 0.94510204 0.7484078 0.9592041 0.9101183 0.41205573 0.3163795 0.91361195 0.4410256 0.965658 0.9719809 0.93609613 0.019107515 0.04342507 0.97673196 0.74456185 0.026881095 0.96499115 0.8247423 0.9441093 0.8849747 0.5397454 0.46288577 0.95302635 0.70907867 0.9786692 0.98195606 0.8115999 0.796235 0.8628803 0.96705484 0.4235341 0.9455425 0.0011222011 0.9075071 0.83850616 0.95141196 0.87132776 0.99865025 0.94395196 0.9532417 0.89513785 0.16277988 0.96517605 0.98080176 0.8014928 0.9796671 0.92129105 0.93795615 0.9200503 0.09621446 0.7359606 0.90203947 0.0281704 0.0013019355 0.9469764 0.9966986 0.9999926 0.49334106 0.9998465 0.031949934 0.9722152 0.74489784 0.35219845 0.004704702 0.58018416 0.71894723 0.77870274 0.99699926 0.822027 0.9999896 0.974192 0.5070919 0.006974872 0.9992
0.010730377 1.0839245e-17 0.9997897 0.073426425 0.2812899 0.9800961 0.004342083 0.047375266 0.00014539108 0.012378919 5.834995e-05 0.22449741 0.15998012 1.30139115e-05 1.29294685e-05 0.09607388 0.00018708826 2.8468861e-05 4.421479e-05 8.394704e-05 0.011904673 5.741878e-06 5.060356e-06 0.0086015845 0.051306944 3.3743654e-06 4.147915e-07 0.0008226238 0.008775883 4.3502723e-06 0.0049854866 7.569369e-06 7.731498e-07 4.263607e-05 4.932869e-07 0.0035967121 0.0014370631 0.00010545054 2.2805864e-07 2.7672774e-08 1.4263034e-06 6.796501e-05 5.3044147e-05 6.458652e-05 2.2535181e-05 0.0003255095 1.3231111e-05 7.913015e-06 1.3608708e-07 1.1250406e-05 5.680503e-07 5.0816834e-06 2.2656773e-06 3.997128e-06 9.282925e-10 8.927483e-06 4.4558665e-06 2.7520236e-06 5.8358714e-06 2.8709035e-05 1.4937799e-08 2.1036234e-05 8.0470494e-07 9.6134976e-08 1.2290728e-05 7.1959306e-07 1.4649919e-05 4.674315e-06 2.9674765e-10 7.677278e-08 1.0594547e-06 4.301627e-07 5.495967e-06 4.514074e-06 1.1833321e-05 1.509784e-07 1.594474e-10 0.00015677555 6.939021e-07 1.2398381e-08 2.764346e-05 4.6194916e-08 1.3869222e-06 0.00066599046 9.917533e-07 0.00038824155 8.255007e-09 1.8821069e-06 2.0678695e-07 4.102386e-09 2.590219e-07 2.4989613e-10 1.5191075e-08 7.319323e-07 6.87397e-06 4.3405873e-08 2.8790505e-06 9.015585e-09 1.9034198e-07 7.2909324e-11 1.9269021e-07
0.01903447 0.9997897 4.181836e-18 0.0049130577 0.9989609 0.00061260135 0.0005534841 0.008132878 1.854491e-05 0.0025536465 5.922335e-05 9.436313e-05 0.23094651 2.3331056e-06 1.0564067e-06 0.09593426 1.860711e-05 3.0832846e-06 1.8193773e-06 2.0640816e-06 0.041626126 4.515168e-06 9.465537e-08 0.02314248 0.0017903604 9.829671e-07 6.649705e-07 0.001921543 0.009777237 1.0807163e-06 0.0132465 1.0629655e-06 2.7967576e-07 6.9541e-05 4.0107383e-07 0.021349207 0.013312717 0.0014185219 2.1493491e-08 1.1511024e-08 1.6327748e-06 1.6640714e-05 6.403115e-06 0.00023126985 1.1993046e-05 1.8949637e-05 1.7754892e-05 3.6118942e-07 4.998738e-07 1.0468158e-05 3.1386567e-06 5.8711626e-06 3.330206e-06 1.6858704e-07 4.1151548e-08 5.3416165e-06 3.2047087e-06 4.828563e-07 4.3917366e-06 2.203936e-06 4.5512115e-07 9.839744e-07 1.7736917e-07 2.0061027e-07 2.557609e-07 2.2220786e-07 4.0239564e-07 3.196743e-07 3.4082177e-06 5.6179545e-07 2.3021872e-07 1.361427e-06 2.3371897e-06 1.564248e-05 4.7208366e-07 1.3553022e-06 3.4209858e-08 4.079355e-06 1.9172412e-06 3.4192715e-07 2.8646704e-07 1.5509873e-07 2.2453129e-07 0.0002651173 2.738957e-07 0.0001525593 1.0669563e-07 6.6494584e-07 9.664811e-08 2.639705e-07 1.0507714e-07 4.713027e-09 6.157346e-08 5.1676557e-07 7.947051e-07 1.6928333e-07 6.132399e-06 1.6990374e-07 3.0771512e-06 1.7138974e-09 3.417009e-07
0.098893106 0.073426425 0.0049130577 4.627796e-13 0.0023211932 0.9804669 0.92372453 0.0003172624 0.89923435 0.00040078122 0.8595487 0.3421325 0.20278518 0.6063586 0.5582512 0.014469421 0.72463566 0.30493858 0.18833333 0.011222235 6.2325686e-05 0.04709125 0.3296973 0.0003137753 0.0047026183 0.009278733 0.004103528 0.24878173 0.0043928786 0.004090353 0.00025693083 9.653665e-06 0.0027799306 5.9412516e-05 2.612528e-06 0.046198327 0.014786696 0.01795555 0.0026572593 7.5104062e-06 0.0013665087 5.1750117e-06 2.1618957e-06 0.02119132 4.6876157e-05 0.00080934435 5.426384e-05 1.5992995e-05 7.898984e-06 0.0020807956 3.6512845e-06 0.0002466562 0.00044776662 3.9126327e-05 1.0881424e-05 2.0121232e-05 0.00013053395 0.00022661421 0.000173424 0.00012347609 3.5745823e-06 2.5335781e-05 3.446813e-05 1.6775035e-05 0.0007396264 0.00012336226 0.00015688877 4.7275043e-05 2.5006124e-05 9.138202e-05 0.0010510231 3.2643247e-06 6.095302e-05 0.0008551796 1.5104236e-05 3.499767e-05 4.1976338e-07 2.6610836e-05 0.0001922661 0.0006392887 3.009341e-05 7.196145e-05 0.00035352862 0.0032079304 3.0401657e-07 0.001651834 8.215641e-06 3.613073e-05 2.7910091e-06 2.2195381e-06 0.00047357287 3.666979e-07 9.253338e-07 1.4869598e-05 9.708316e-05 1.9475605e-07 0.00051830255 1.509802e-06 8.798375e-06 5.406329e-08 0.00032140163
0.047216475 0.2812899 0.9989609 0.0023211932 7.411386e-15 0.0002596458 0.0006408855 0.99318916 4.04938e-05 0.03731677 9.3481394e-05 3.683642e-05 0.67338324 4.3121458e-05 9.67156e-06 0.46724188 0.00010100329 1.6748387e-05 9.393337e-06 3.90395e-06 0.3148227 3.8730832e-05 6.439868e-07 0.088627495 0.012180251 1.1617045e-05 7.652236e-06 0.0034111978 0.07847686 7.1670133e-06 0.12907691 5.340101e-05 2.5169115e-06 0.0013625793 1.3573466e-05 0.06614534 0.033959847 0.0036549694 2.6974502e-07 3.7135246e-07 1.2955908e-05 0.00073269324 3.718937e-05 0.00040145504 0.00022828247 3.9212504e-05 0.0010729015 4.35346e-06 3.8349174e-07 6.395521e-05 2.9206587e-05 6.815278e-05 2.8989141e-05 3.9353345e-06 1.10987806e-07 3.0457524e-05 6.644995e-05 2.3443488e-06 0.00014417298 2.1791453e-05 2.7019195e-07 1.3215963e-05 9.757413e-06 8.789686e-06 3.4696e-06 1.1640823e-05 1.6010423e-05 2.9548762e-06 2.6988073e-06 1.4779913e-06 7.257763e-06 9.819182e-06 3.589165e-06 6.2249295e-05 2.3886932e-06 1.6405127e-05 1.16694544e-07 0.00010104405 4.2180495e-06 1.9562694e-06 9.785678e-06 2.5823917e-06 3.5482635e-06 0.00061216304 2.170448e-06 0.0007518078 7.0906617e-07 4.284617e-06 9.2800536e-07 7.5751236e-06 3.370239e-06 3.5763723e-08 1.1954777e-06 9.704341e-06 1.37904e-05 1.2852381e-06 7.780643e-05 1.1721185e-05 1.4473759e-05 1.6606222e-08 1.8918541e-05
0.0030054632 0.9800961 0.00061260135 0.9804669 0.0002596458 1.7062912e-20 0.028197777 1.1442547e-05 0.002757537 5.9875374e-06 0.003352004 0.9994556 0.020213952 0.00017568009 0.000100166064 0.00334636 0.00016888707 2.0759968e-05 1.1873067e-05 4.369667e-07 0.0001367165 9.838284e-06 8.76936e-05 6.463859e-05 0.0006738274 8.571527e-06 3.4549677e-07 0.0014801694 0.0002935149 1.3675991e-06 0.00024791577 9.235072e-07 1.8981476e-08 1.0685484e-06 1.8495463e-08 0.00040233502 0.0002102806 0.00047423906 1.1330915e-05 2.8915342e-10 1.532792e-07 8.6439746e-07 3.1746197e-07 0.0003697347 1.8957306e-06 9.123639e-06 1.5060608e-05 2.4725827e-07 3.2317597e-08 6.808528e-05 2.4158328e-07 1.8813556e-07 3.9557513e-06 8.1153615e-07 5.4430707e-08 5.5963886e-07 1.7105502e-05 6.036424e-07 1.2743311e-05 4.9616665e-06 1.60669e-06 4.874274e-07 4.6766755e-07 2.0323476e-07 1.2234442e-05 3.6902402e-06 2.6348018e-06 5.9073915e-07 2.6468894e-07 9.794342e-06 1.6007583e-05 3.1331282e-07 1.965365e-06 4.0625815e-05 7.252681e-07 7.531539e-07 2.6157016e-08 7.2206134e-08 5.2463197e-06 1.4227292e-06 2.4088633e-06 2.851632e-06 6.514894e-06 2.1178226e-05 1.2170739e-07 0.00037058053 2.9770734e-07 4.579549e-06 1.3694452e-07 8.431759e-08 3.4781972e-06 3.0326552e-10 4.2256183e-08 1.4982927e-06 3.610593e-05 4.8468397e-08 1.5593552e-05 7.833105e-06 5.5806657e-09 1.3990924e-10 1.4359617e-05
0.7728804 0.004342083 0.0005534841 0.92372453 0.0006408855 0.028197777 2.770332e-14 0.00016550667 0.98630065 5.0583685e-06 0.96532166 0.014787135 0.27869698 0.34765515 0.86113256 0.007749072 0.32651338 0.20672849 0.06415529 0.0076409904 0.0005800311 0.40981454 0.011279225 0.0005845876 0.0037732027 0.11611254 0.0005914371 0.6394663 0.09451172 0.002825366 0.0018824274 2.7989122e-06 6.794622e-05 8.264386e-06 8.5453553e-07 0.08128059 0.06807539 0.26771998 5.775161e-05 4.4865268e-07 0.0003530544 4.0765495e-05 6.696139e-06 0.29100946 2.7744269e-05 0.00090933096 0.00038895963 1.8236742e-07 1.5981855e-06 0.16479453 3.1107197e-06 1.2174896e-05 0.010640849 3.317087e-06 6.2651154e-08 6.1262845e-06 0.0004093404 1.6607379e-06 0.00017878631 1.1342602e-05 2.5461663e-05 2.8299935e-06 2.8130618e-05 5.920352e-07 0.0022327383 2.6918776e-06 1.2321934e-05 5.6186354e-07 1.886585e-06 3.4312503e-05 0.00014250635 9.888846e-06 4.108612e-07 0.0004416071 1.2501596e-06 2.8385877e-05 1.7435699e-06 2.453052e-06 2.1511363e-05 6.555702e-05 3.752511e-05 2.184917e-06 0.00022414992 0.0032002605 7.652891e-06 0.0025367502 7.741521e-08 2.0452514e-06 1.6894828e-06 2.7362394e-05 1.5893123e-06 1.48882e-07 9.956728e-07 1.5145444e-05 4.5039947e-06 2.6953533e-06 0.0001697372 3.822377e-06 2.8232855e-05 1.1847832e-07 5.090941e-05
0.02562978 0.047375266 0.008132878 0.0003172624 0.99318916 1.1442547e-05 0.00016550667 2.3942286e-17 9.99414e-06 0.9995325 9.085979e-06 2.9918838e-06 0.5974651 7.2589883e-06 1.9637127e-06 0.36348888 6.5665486e-06 1.5987115e-06 1.1314766e-06 7.7136605e-07 0.24779315 2.0459752e-06 4.9978723e-08 0.10148592 0.050454766 2.9485045e-07 5.1255876e-07 0.00048215027 0.02121392 2.2488078e-07 0.043242864 0.00030331014 2.7084803e-07 0.0030533678 4.7405338e-05 0.013955574 0.006695296 0.0005397152 2.2153825e-08 9.774055e-08 1.9079815e-07 0.0008251569 5.34872e-05 0.00010673274 0.0006891973 8.606331e-06 0.001042391 1.0034308e-05 3.10325e-08 2.6535645e-05 1.42564195e-05 0.00012585032 2.1210728e-05 3.3206477e-06 1.5648677e-08 1.3703024e-05 0.00015387377 4.898143e-07 0.00029362662 1.4478646e-05 1.7831685e-08 2.1329524e-06 3.322344e-05 1.9757897e-06 3.7154575e-06 1.4183068e-05 2.2728245e-05 9.795607e-07 3.421044e-08 5.3021758e-08 8.621055e-07 8.290405e-06 3.2702803e-07 5.031515e-05 3.988269e-07 2.7876613e-05 3.6071575e-09 3.072968e-05 7.899429e-06 4.2942278e-07 7.580891e-06 6.496046e-06 1.2195417e-05 0.00017180732 2.9635925e-07 0.00015219905 9.584423e-08 9.729133e-07 2.2199933e-08 1.8155832e-06 1.7380796e-06 4.9512834e-09 2.0836985e-07 2.5461939e-06 1.5731297e-05 1.7296803e-07 4.4425662e-05 7.777939e-06 1.0520394e-06 4.8144053e-09 2.187929e-05
0.33086684 0.00014539108 1.854491e-05 0.89923435 4.04938e-05 0.002757537 0.98630065 9.99414e-06 3.5021198e-15 7.821281e-06 0.7744894 0.008285043 0.011250364 0.98023456 0.70543647 0.00060708064 0.703993 0.5005532 0.5790277 0.071340226 4.237724e-05 0.2520117 0.06279793 0.00010948654 0.00094696146 0.14191422 0.002781112 0.37581494 0.01236015 0.009103537 0.0006441417 3.0599512e-07 0.0006859943 2.825118e-06 8.90736e-08 0.012553005 0.011401537 0.0771955 0.00014149354 1.4346333e-06 0.0013394321 1.3638474e-05 3.571887e-06 0.11041183 1.090668e-05 0.0024092344 0.00013032871 1.8261245e-07 3.4276381e-06 0.061801814 1.9250618e-07 6.2455365e-06 0.0034862275 2.2715696e-07 5.0986563e-07 1.5434348e-06 2.4888497e-05 2.1080123e-06 4.46927e-05 3.232017e-07 0.0001398331 2.0218417e-06 3.8100613e-06 5.9277898e-08 0.0024900385 3.917348e-07 1.109211e-06 9.704913e-08 2.1415814e-05 5.7223544e-05 0.0008121708 7.840129e-08 8.111833e-07 3.9222225e-05 9.601783e-07 2.5972083e-06 2.154375e-06 1.2643455e-05 1.7169363e-06 6.062134e-06 8.364065e-07 2.408676e-07 4.5650962e-05 0.0006132356 1.904275e-07 0.001856829 3.791295e-09 5.2246155e-06 1.60063e-07 1.4844059e-06 2.615971e-08 1.0635632e-07 2.5260672e-07 6.545675e-07 8.074151e-06 8.384881e-08 1.2842744e-05 2.3470655e-07 4.803832e-08 4.189032e-09 2.6573833e-05
0.46821487 0.012378919 0.0025536465 0.00040078122 0.03731677 5.9875374e-06 5.0583685e-06 0.9995325 7.821281e-06 2.9416423e-15 1.407997e-05 2.0747093e-06 0.93279886 1.1964197e-06 1.3447155e-06 0.67114365 3.2334801e-06 1.1907113e-06 2.8432095e-07 1.3166385e-07 0.6154645 1.5690088e-06 1.0397183e-08 0.31838307 0.89304334 6.893595e-07 7.100541e-07 0.00039322078 0.11635153 5.3197102e-08 0.49550286 0.00307062 3.4517467e-07 0.093840696 0.0019008197 0.3411684 0.15823333 0.0046175914 2.3318819e-08 7.306884e-08 2.9755931e-06 0.021268742 0.00029398303 0.00065433414 0.053647794 8.535244e-06 0.043571718 0.00012489132 2.8039375e-08 0.00011927674 0.0019488875 0.032218013 0.00014994135 0.00042681614 1.2083692e-08 0.0014311632 0.0056751836 2.0298383e-08 0.030419998 0.00025814067 1.3026072e-08 6.632852e-05 0.0018918948 0.00011630831 5.9862873e-06 0.0006711649 0.0019896042 0.00012832113 5.391683e-07 3.9545193e-07 9.588145e-06 0.00014522519 9.256053e-06 0.0034269602 3.068278e-06 0.0008592693 7.1462566e-08 3.0565868e-06 0.0003801302 1.9058557e-07 4.8324604e-05 0.00040640074 0.00063161657 0.00082164333 4.6044233e-06 0.0008802664 5.290395e-07 3.1088737e-05 3.2180725e-07 3.0874646e-05 4.657073e-06 3.8459125e-09 4.3121946e-07 1.9881467e-05 0.00052418886 2.1939382e-05 0.0015086973 0.0010851045 2.5116342e-06 1.538692e-08 0.0002874749
0.94006646 5.834995e-05 5.922335e-05 0.8595487 9.3481394e-05 0.003352004 0.96532166 9.085979e-06 0.7744894 1.407997e-05 3.1495595e-15 0.00045111778 0.03102347 0.47955185 0.9674226 0.002952012 0.22728737 0.30436295 0.13571739 0.03132575 0.00026961297 0.7417854 0.0014756739 0.0004309823 0.00020757939 0.12819383 0.00024973796 0.93594414 0.09787046 0.0032291922 0.0012103907 1.0432656e-05 7.27945e-05 7.825186e-07 2.022373e-07 0.15121295 0.13596156 0.42749766 3.3506185e-05 2.3090851e-07 0.00069006375 2.9939374e-05 2.6027894e-06 0.5356998 8.509691e-06 0.008103098 0.0004478296 2.1740081e-07 3.8696052e-07 0.35512793 3.620012e-07 8.544512e-06 0.042381223 2.0548204e-07 3.681682e-07 5.252374e-07 0.0017299637 4.275423e-07 0.0002344928 7.750825e-07 2.1572812e-05 3.817916e-07 0.00022629759 3.134422e-07 0.013153122 7.8203294e-07 2.1360924e-05 1.4695773e-07 4.5042007e-06 0.0001100576 0.00027394915 8.815417e-06 2.3937727e-07 0.0053427713 4.0001325e-08 9.4600055e-06 4.2456705e-08 5.1394346e-07 0.00039982167 3.5004994e-06 9.086691e-06 3.7797392e-05 0.0016919386 0.0143313 1.8795407e-07 0.0063738166 2.8859834e-08 3.9373518e-07 1.2745012e-07 1.8661132e-05 4.7455683e-07 3.7612327e-08 2.7599032e-08 7.6966535e-06 6.6402595e-06 8.232853e-07 0.00024968607 6.9434004e-06 6.4067774e-07 1.568301e-08 6.2811334e-05
6.0588826e-07 0.22449741 9.436313e-05 0.3421325 3.683642e-05 0.9994556 0.014787135 2.9918838e-06 0.008285043 2.0747093e-06 0.00045111778 5.094739e-22 0.00035478998 0.00045663503 4.5347955e-05 9.856151e-05 0.008649228 0.00031946055 0.00026233686 1.8166233e-05 3.3715153e-06 7.3650926e-06 0.06884798 2.3826935e-06 0.0006963164 1.4019007e-05 6.553552e-05 3.797432e-05 3.384129e-05 1.8480945e-05 8.027033e-06 5.375974e-08 0.0001207503 2.1753789e-07 2.7305655e-08 1.6134378e-05 1.6076949e-05 2.4589086e-05 0.00028487807 3.51788e-07 2.249472e-06 1.16829504e-07 3.5196754e-07 3.0376214e-05 2.5294736e-07 1.9914065e-05 2.0461703e-06 4.204577e-07 7.944766e-08 5.9591377e-05 5.967539e-08 7.138383e-08 1.2466515e-05 1.2640537e-07 2.3611792e-08 1.4189298e-08 2.6012958e-06 2.3078708e-06 2.0797072e-06 8.6497886e-07 6.5495465e-07 2.2625052e-08 3.8629648e-07 6.899268e-08 5.7380163e-05 4.1174806e-07 3.668966e-07 1.7262373e-08 9.0145625e-07 6.8453623e-06 1.0914951e-05 3.014383e-08 1.8522091e-07 9.981986e-06 5.6394964e-07 3.6975587e-07 1.9116706e-08 1.5550269e-06 2.8316672e-06 1.1625407e-06 2.6121555e-07 5.9576655e-07 8.854067e-07 1.3326173e-05 3.4920266e-08 9.083749e-05 1.0285174e-07 5.251117e-07 2.7423823e-08 6.8678855e-07 9.185098e-08 8.2017676e-10 4.1299216e-08 6.0334855e-08 2.1911205e-06 7.8815626e-10 1.2208608e-06 4.9109556e-08 1.7157724e-08 2.8912543e-09 8.321812e-06
0.81674147 0.15998012 0.23094651 0.20278518 0.67338324 0.020213952 0.27869698 0.5974651 0.011250364 0.93279886 0.03102347 0.00035478998 4.296683e-16 0.003483743 0.0022010878 0.9924883 0.0004165043 0.00028841678 8.8857465e-05 1.7382199e-05 0.36913168 0.0129358275 1.9764698e-06 0.4098313 0.092379466 0.00012865882 2.1152046e-07 0.23141164 0.899747 2.3512137e-06 0.74353737 0.00040384367 5.134627e-06 2.1175358e-05 6.682152e-07 0.80244356 0.62666804 0.18862796 1.562759e-06 7.4205495e-08 4.498431e-06 0.0005165998 6.1468114e-07 0.07303211 5.8681486e-05 0.00049577997 0.013991147 1.2982561e-07 6.592748e-09 0.0018041262 4.1570308e-07 0.00018483422 0.004195179 1.994686e-08 1.4689241e-09 4.2716488e-07 0.0011779013 2.6152787e-07 0.006864828 8.4457747e-07 3.3803417e-07 2.6789877e-08 0.000102741804 4.619445e-09 8.761512e-05 1.6481628e-06 5.0702998e-05 2.2573727e-07 1.0668078e-07 8.208412e-08 1.9592333e-07 5.1275725e-07 1.3933735e-08 0.0005193329 3.0135423e-09 2.240904e-05 8.82692e-09 5.2926548e-09 4.530724e-05 1.1022848e-06 6.2373104e-08 2.1617616e-06 6.326668e-05 0.0003594831 1.8140902e-09 0.0006077587 3.7216877e-10 6.978558e-08 2.6161293e-09 5.308832e-07 1.2574186e-08 1.6642655e-08 1.070741e-09 2.0332985e-08 1.3085014e-06 1.516525e-08 5.5491746e-05 8.253937e-07 8.2744954e-08 2.1644638e-08 4.2674897e-06
0.6182575 1.30139115e-05 2.3331056e-06 0.6063586 4.3121458e-05 0.00017568009 0.34765515 7.2589883e-06 0.98023456 1.1964197e-06 0.47955185 0.00045663503 0.003483743 7.203358e-17 0.74888074 1.9990805e-05 0.804748 0.94240373 0.974552 0.66226083 4.645522e-06 0.3240227 0.14330272 2.489289e-05 0.007026886 0.5111719 0.07046193 0.20342132 0.0018788555 0.17444839 0.00014296931 3.3157727e-07 0.046388682 1.1541132e-06 1.4343857e-06 0.0018246408 0.0018983071 0.021575117 0.0027485436 0.000107511594 0.018676592 9.847977e-07 2.3944236e-05 0.05221529 2.087417e-06 0.0056597255 1.4232795e-05 1.8851874e-06 7.107947e-05 0.056352288 5.0010865e-08 4.0272118e-07 0.0016019861 1.3276284e-07 1.4271927e-05 1.8408262e-07 0.00011630941 3.035076e-05 2.7123099e-06 5.6504655e-06 0.00028390466 1.5785226e-06 4.06151e-06 2.8214911e-08 0.017022094 3.4573194e-08 2.8009617e-07 1.3823666e-08 1.4438865e-05 0.00019594606 0.004129337 6.15211e-08 1.5252168e-07 0.00010292716 2.7704227e-06 7.3575984e-07 9.57148e-06 3.8723283e-06 3.5678936e-06 1.653105e-05 1.7628487e-05 4.7447625e-07 0.00019925227 0.0017462103 1.2115153e-07 0.0033280493 9.253589e-08 4.3876443e-07 1.5812249e-07 3.0846552e-06 3.1822918e-07 3.3967225e-07 2.0549358e-07 3.643324e-07 1.7589534e-06 4.065397e-08 4.4210745e-05 2.2691273e-07 1.557362e-07 2.2143052e-08 0.00012482237
0.9496626 1.29294685e-05 1.0564067e-06 0.5582512 9.67156e-06 0.000100166064 0.86113256 1.9637127e-06 0.70543647 1.3447155e-06 0.9674226 4.5347955e-05 0.0022010878 0.74888074 9.51614e-14 0.00027518562 0.35764146 0.71175826 0.67929035 0.5385376 4.0720108e-05 0.96892875 0.0034439657 9.7753466e-05 0.00017267493 0.8682592 0.0034016846 0.7294181 0.010033759 0.101430684 9.4858384e-05 1.8524502e-06 0.025330557 2.6260656e-07 1.7807713e-07 0.010004163 0.010974941 0.24312712 0.00019706017 7.5959947e-06 0.009618983 5.819842e-06 8.1165234e-07 0.37379476 1.0822665e-06 0.08248812 4.4443288e-05 8.482328e-08 3.321479e-05 0.4858259 1.2018924e-07 3.1026168e-06 0.032667898 3.445279e-08 7.1072354e-05 2.4854555e-07 0.000532517 6.4182036e-06 5.809786e-05 2.8675445e-06 0.00034100027 1.06780725e-07 2.6727117e-05 5.5620294e-08 0.13167693 4.448714e-07 7.4552863e-06 7.2081185e-08 0.00020099262 0.0006877764 0.0025368396 7.150378e-07 1.0225554e-07 0.002723269 7.097582e-09 1.7292376e-06 2.4208086e-06 7.270087e-08 0.0003872738 1.7305154e-05 4.461713e-06 9.495754e-06 0.0019157593 0.012640943 2.3542492e-08 0.013443573 1.3228049e-08 1.4713525e-07 1.4715187e-08 8.7364395e-05 3.60296e-07 8.3128054e-07 8.0883344e-09 3.2675246e-07 4.6424327e-07 2.3690635e-07 0.00047814913 2.7007192e-07 2.357416e-07 6.8553214e-07 0.0014995858
0.7550685 0.09607388 0.09593426 0.014469421 0.46724188 0.00334636 0.007749072 0.36348888 0.00060708064 0.67114365 0.002952012 9.856151e-05 0.9924883 1.9990805e-05 0.00027518562 1.5087603e-13 1.7786262e-05 7.259844e-05 1.4035529e-05 9.982528e-06 0.97480005 0.00018416948 9.402877e-07 0.71770483 0.098874226 3.1038937e-05 1.1629166e-06 0.026630111 0.75299615 1.1025288e-06 0.7472869 0.017149778 2.2303575e-06 0.003680231 0.00030374026 0.6603122 0.48148668 0.08077385 3.8915474e-07 1.4946384e-07 1.515477e-06 0.0073472355 5.135824e-05 0.033309024 0.00057951803 0.00023406095 0.025754023 2.2209473e-05 8.353005e-08 0.0023114253 2.6718859e-05 0.0009004502 0.004891778 6.04153e-06 3.0823905e-08 2.4351451e-05 0.008549086 3.4352547e-07 0.010444714 2.339558e-06 7.627146e-07 4.5575603e-06 0.00083826476 6.03262e-07 0.0001258819 5.109005e-05 0.00033727862 1.1158873e-05 3.1299642e-06 2.1675632e-07 7.5259106e-07 4.555315e-05 4.7132453e-06 0.002861891 1.9717538e-06 0.00017158773 2.7492115e-08 8.344223e-06 0.00016507648 6.889008e-07 1.4042382e-07 6.3337546e-05 0.00052190805 0.0011044595 2.5582895e-07 0.00058563444 4.4276334e-08 3.2562807e-06 6.472013e-07 2.1743845e-06 2.5098322e-07 1.0557193e-07 2.0260602e-07 1.1084962e-06 3.794124e-05 7.231698e-07 0.0002018426 6.3106236e-06 1.1013266e-06 2.437502e-08 5.7506736e-06
0.07505023 0.00018708826 1.860711e-05 0.72463566 0.00010100329 0.00016888707 0.32651338 6.5665486e-06 0.703993 3.2334801e-06 0.22728737 0.008649228 0.0004165043 0.804748 0.35764146 1.7786262e-05 2.618931e-12 0.9870283 0.5664127 0.17931105 6.9627226e-06 0.035538025 0.9926997 0.00027584404 0.02233229 0.113656685 0.7400451 0.04950401 0.0005943133 0.06675839 1.6692418e-05 6.812935e-06 0.018348904 1.3069569e-05 1.4676998e-06 8.170234e-05 0.00011342013 0.0030180512 0.016301908 9.3968716e-05 0.0058938162 1.8457486e-05 2.0798989e-05 0.005857445 6.729684e-06 0.002341765 1.7928445e-05 3.32108e-05 1.4354866e-05 0.0068101166 1.1268e-06 1.5595283e-06 0.00022639733 0.00010023955 1.1010709e-07 2.7467402e-06 1.1520179e-05 4.9342434e-05 1.0838304e-06 5.7774854e-05 1.7508208e-05 0.0001575889 1.7620024e-06 5.4636757e-06 0.0014378789 3.7072687e-07 1.6106112e-06 1.7039625e-07 1.1591685e-06 0.00010541253 0.0005636607 3.6166941e-06 7.858407e-05 3.9500082e-05 2.5018815e-05 8.362334e-07 7.392286e-07 1.3579967e-05 6.206462e-06 4.813623e-06 0.00016809443 1.3739427e-07 1.8927094e-05 0.0028083224 1.1632165e-05 0.010822337 4.616268e-06 2.0335603e-06 2.6696648e-07 7.321948e-07 9.17616e-06 1.4495129e-07 4.5349493e-06 5.575788e-07 1.551562e-06 3.2735446e-07 0.00014731969 3.0901035e-07 5.988711e-07 1.5692577e-09 2.3115947e-05
0.40953317 2.8468861e-05 3.0832846e-06 0.30493858 1.6748387e-05 2.0759968e-05 0.20672849 1.5987115e-06 0.5005532 1.1907113e-06 0.30436295 0.00031946055 0.00028841678 0.94240373 0.71175826 7.259844e-05 0.9870283 2.6702284e-12 0.93959665 0.80127406 3.6264996e-06 0.26065114 0.3016255 0.00075802003 0.0250409 0.6242802 0.93835336 0.081726514 0.00076424226 0.5336252 0.0002155409 1.29025675e-05 0.25169346 2.2082626e-05 3.0063975e-07 0.00032425654 0.00022461644 0.010397943 0.08132247 0.0031324863 0.17983171 4.5672537e-06 2.0807658e-05 0.021555934 2.6925361e-05 0.027011331 5.2567895e-05 3.6396952e-05 0.0015340856 0.052158974 1.0958775e-06 9.529984e-06 0.0017026145 4.758464e-06 5.427207e-05 4.4254952e-07 0.000116278694 0.000562349 2.0011426e-05 0.0002667185 0.00094676466 1.4067306e-06 1.3341637e-05 1.4311097e-05 0.0324074 1.9813315e-06 4.7005105e-06 1.5508009e-07 8.9487534e-05 0.0014327138 0.010024103 1.8543859e-06 1.1063686e-05 0.00023191655 7.585693e-06 2.0058303e-06 3.1003794e-05 3.4506327e-06 3.596263e-05 0.00034057093 0.0002209766 6.734651e-07 0.00011874725 0.002314806 1.3827846e-06 0.0032645161 9.138071e-07 1.3251383e-06 1.5833894e-08 1.6702752e-05 4.031093e-05 3.2680932e-06 1.9924076e-07 1.1973145e-06 1.29380405e-05 1.1131487e-08 0.00011441986 5.0356044e-07 2.5000604e-06 2.9536662e-07 0.00013679657
0.64992297 4.421479e-05 1.8193773e-06 0.18833333 9.393337e-06 1.1873067e-05 0.06415529 1.1314766e-06 0.5790277 2.8432095e-07 0.13571739 0.00026233686 8.8857465e-05 0.974552 0.67929035 1.4035529e-05 0.5664127 0.93959665 6.365364e-16 0.99082214 4.2472396e-07 0.34156948 0.20029978 1.1291402e-05 0.0063725584 0.8176746 0.49773613 0.04503431 0.00036920176 0.63353944 2.0639018e-05 1.2531569e-06 0.40393445 2.2558469e-07 7.032811e-07 0.00016894282 0.000108034445 0.003740847 0.04492956 0.0074088764 0.3072494 3.7663534e-07 1.419342e-05 0.009428483 6.898909e-07 0.033118073 4.4597564e-06 2.209473e-06 0.0021571373 0.048953794 2.3057565e-08 1.6992742e-07 0.00093381875 5.5110355e-08 0.0003672647 1.1372497e-07 2.4055473e-05 0.00020632948 1.0367538e-06 0.00010299491 0.004088908 6.293185e-07 4.4635027e-07 6.279327e-08 0.02938375 1.11830786e-07 1.7459217e-07 2.0179446e-08 0.00023789883 0.0016837151 0.014887584 3.5952883e-07 1.02975015e-07 6.040542e-05 1.7438683e-07 1.0973249e-06 7.2247436e-05 1.4409723e-06 1.0793809e-05 7.053607e-05 5.528241e-05 6.742401e-07 4.3488188e-05 0.0011854557 5.379903e-08 0.002287577 2.411142e-07 1.4164887e-07 2.7743221e-08 3.2762553e-05 6.8013865e-06 5.587581e-06 2.3463148e-08 8.860762e-08 5.9426395e-07 1.1692848e-07 8.766844e-05 2.1843451e-07 1.789272e-06 7.0279776e-07 0.00023088022
0.9309004 8.394704e-05 2.0640816e-06 0.011222235 3.90395e-06 4.369667e-07 0.0076409904 7.7136605e-07 0.071340226 1.3166385e-07 0.03132575 1.8166233e-05 1.7382199e-05 0.66226083 0.5385376 9.982528e-06 0.17931105 0.80127406 0.99082214 3.8470927e-13 4.161886e-07 0.33294088 0.033474144 3.907231e-06 0.0005549473 0.9005594 0.30205667 0.009384419 0.00020186976 0.9115038 3.9671645e-06 6.226752e-07 0.7645289 3.836765e-07 9.5370645e-08 0.00020472087 6.814121e-05 0.0021031902 0.02056234 0.02742733 0.82270616 6.4518804e-07 8.233383e-06 0.009783733 2.6636947e-06 0.08863725 8.768496e-06 2.496613e-06 0.03538793 0.08503554 5.4780134e-08 5.2990646e-07 0.00094352645 3.8228055e-07 0.0020885111 3.5906112e-07 4.0592393e-05 0.0045005344 1.6106559e-06 3.0346564e-05 0.029221326 6.168881e-07 1.5505636e-06 2.2442102e-07 0.11839492 2.0743482e-07 1.0326163e-06 4.5344038e-08 0.0034973866 0.018662581 0.058458917 9.370811e-07 8.1270606e-08 0.0002710027 5.529743e-07 2.1948558e-06 0.0029067164 9.942656e-07 8.97257e-05 0.0053159404 0.000105411935 9.2745154e-07 0.00011372677 0.005144317 3.5796398e-07 0.015752843 1.2748137e-07 1.2972747e-07 2.9995644e-07 0.0005718871 1.178589e-06 2.2540686e-05 3.4828156e-07 1.7193039e-06 3.7936154e-06 9.537788e-07 0.00030157377 8.187593e-06 2.3081584e-05 7.5128744e-05 0.004262654
0.60803074 0.011904673 0.041626126 6.2325686e-05 0.3148227 0.0001367165 0.0005800311 0.24779315 4.237724e-05 0.6154645 0.00026961297 3.3715153e-06 0.36913168 4.645522e-06 4.0720108e-05 0.97480005 6.9627226e-06 3.6264996e-06 4.2472396e-07 4.161886e-07 2.0907645e-15 4.8664202e-05 5.1201545e-07 0.9526842 0.26363832 7.108689e-06 4.437646e-07 0.0019037531 0.5929879 4.5261802e-07 0.9789096 0.39060956 1.4043594e-06 0.27000827 0.014705153 0.49432376 0.38691807 0.017899388 3.12632e-07 6.822779e-08 7.1911563e-07 0.17781188 0.00052390376 0.0067228503 0.018926948 9.240129e-05 0.12294733 4.4126158e-05 1.0458023e-08 0.00092801516 0.0007880016 0.008978991 0.0029898074 0.0003735738 1.4074471e-08 0.00020999381 0.02339289 1.0802685e-07 0.04450906 4.8396114e-06 3.2984576e-07 4.4220316e-05 0.0032304584 2.1515962e-05 8.879241e-05 0.00019324681 0.0016735257 9.424073e-05 1.453131e-07 3.332077e-08 1.9461959e-07 0.00024600053 7.456488e-06 0.0062711174 6.407611e-06 0.0005150041 3.498133e-08 2.339104e-05 0.0004909041 7.4351385e-07 4.5729482e-07 0.00024301957 0.00079890207 0.0006778793 8.739648e-07 0.00023750572 8.249597e-08 1.2870405e-05 1.8753699e-06 2.868577e-07 1.5276625e-07 1.1782287e-07 6.8762216e-07 7.410812e-06 6.411753e-05 5.6586355e-06 0.00029397098 4.8734193e-05 2.7664673e-06 9.63576e-09 1.0460752e-05
0.96065503 5.741878e-06 4.515168e-06 0.04709125 3.8730832e-05 9.838284e-06 0.40981454 2.0459752e-06 0.2520117 1.5690088e-06 0.7417854 7.3650926e-06 0.0129358275 0.3240227 0.96892875 0.00018416948 0.035538025 0.26065114 0.34156948 0.33294088 4.8664202e-05 1.5792327e-16 0.00042769813 1.2450404e-05 3.280304e-05 0.93972284 0.0006581417 0.9090387 0.031488024 0.24740423 0.00023773825 5.9981335e-06 0.0068823965 6.9446344e-07 1.0367953e-06 0.005181387 0.011013299 0.4222607 0.00028294188 1.7685588e-05 0.02064592 7.816822e-06 7.062357e-07 0.6042242 1.1955095e-06 0.4115613 0.00012379372 3.9203263e-07 5.445716e-05 0.9109419 8.0044664e-08 1.857244e-06 0.2820087 1.5830204e-07 0.00016928844 9.5891224e-08 0.0027206414 2.7663476e-05 8.5226246e-05 1.4172697e-05 0.00025310362 1.0202041e-07 0.00017251693 2.2434462e-07 0.35775062 5.855559e-07 4.49102e-06 4.7321798e-08 0.00018838073 0.0009026189 0.0008632183 1.3214155e-06 5.5229894e-08 0.0076645273 1.176242e-08 6.1469023e-06 7.653132e-06 1.8016182e-07 0.0017573356 3.0358895e-05 4.23023e-05 6.604379e-05 0.0054707075 0.0558425 2.9596565e-08 0.08327706 1.2418859e-07 6.1024636e-08 3.1134352e-08 0.00012895698 2.9260477e-07 6.035031e-07 7.155368e-08 1.9908063e-07 7.565854e-06 1.9272733e-07 0.0015805685 2.2324739e-05 4.889252e-07 1.4874539e-06 0.00036397335
0.0027276834 5.060356e-06 9.465537e-08 0.3296973 6.439868e-07 8.76936e-05 0.011279225 4.9978723e-08 0.06279793 1.0397183e-08 0.0014756739 0.06884798 1.9764698e-06 0.14330272 0.0034439657 9.402877e-07 0.9926997 0.3016255 0.20029978 0.033474144 5.1201545e-07 0.00042769813 2.0221663e-13 2.0629435e-05 0.011562715 0.0011850799 0.9956194 0.00016877502 2.6817625e-07 0.0009606053 4.42874e-06 3.6229906e-08 0.0150996195 4.603602e-06 3.739045e-08 1.3791057e-05 2.5431193e-06 7.4839872e-06 0.80436224 0.000587518 0.00021668102 2.405936e-06 5.5216724e-06 6.114538e-05 8.4910573e-07 0.00021650174 1.9294132e-06 1.1053535e-06 5.728983e-05 2.5669804e-05 1.8670549e-07 1.0298018e-06 1.6732301e-06 1.1166459e-06 7.3116944e-08 1.6121527e-06 2.463133e-07 5.506489e-05 8.431096e-07 2.1633516e-06 6.6016732e-06 1.6295113e-06 3.1958714e-07 3.1321215e-07 4.563059e-05 5.0227266e-07 9.572462e-07 1.2817671e-07 1.4302564e-06 5.5208043e-06 0.00019598869 1.2096727e-07 5.167306e-07 1.1729528e-05 1.777662e-06 9.1567614e-08 1.4671468e-06 5.3577232e-06 1.1228631e-06 4.6674104e-06 9.184679e-06 1.5720026e-08 5.872689e-07 0.00025725595 8.5263883e-07 0.0003914299 1.761531e-07 1.3857516e-07 1.0860983e-08 6.690495e-08 2.7031493e-07 1.5392695e-09 2.429894e-08 4.4798996e-09 9.231202e-08 3.6494666e-10 5.056579e-06 1.9594053e-09 4.191773e-09 5.980569e-10 6.088766e-07
0.70638686 0.0086015845 0.02314248 0.0003137753 0.088627495 6.463859e-05 0.0005845876 0.10148592 0.00010948654 0.31838307 0.0004309823 2.3826935e-06 0.4098313 2.489289e-05 9.7753466e-05 0.71770483 0.00027584404 0.00075802003 1.1291402e-05 3.907231e-06 0.9526842 1.2450404e-05 2.0629435e-05 8.021789e-14 0.99000293 7.323974e-07 1.7158225e-05 0.0013090133 0.08225844 9.207011e-07 0.64397484 0.7958904 3.3751945e-05 0.69218254 0.23180865 0.29232433 0.14918222 0.006151025 3.2465214e-05 8.321885e-06 2.3170826e-06 0.2087227 0.08675474 0.004229415 0.54913247 6.0075025e-05 0.22362916 0.10243337 1.946182e-06 0.00018219175 0.0660589 0.3589433 0.0011623091 0.028368134 8.319757e-08 0.121328786 0.009341096 1.3411992e-05 0.1769513 0.0066082818 8.414902e-09 0.0141573325 0.004363134 0.0025563878 0.000108263 0.0109776305 0.02656946 0.0091695525 2.2270324e-07 6.519375e-08 6.690572e-08 0.0016876978 0.00011763163 0.0060878843 0.00015221647 0.012899639 7.92095e-08 0.00022047645 0.00077056576 2.6308046e-06 0.00021505366 0.00047112143 0.0005950874 0.0012752541 3.5140595e-06 0.0009496856 3.3207807e-06 0.00033112496 1.871841e-06 1.11158144e-07 1.7383879e-06 1.2756796e-07 5.825017e-06 0.00014713423 0.0009768368 6.777685e-05 0.0006003963 0.00026968165 6.44755e-05 5.8081673e-09 4.783733e-05
0.82597476 0.051306944 0.0017903604 0.0047026183 0.012180251 0.0006738274 0.0037732027 0.050454766 0.00094696146 0.89304334 0.00020757939 0.0006963164 0.092379466 0.007026886 0.00017267493 0.098874226 0.02233229 0.0250409 0.0063725584 0.0005549473 0.26363832 3.280304e-05 0.011562715 0.99000293 9.197019e-12 7.6109973e-06 0.0020936686 0.00053360086 0.004021609 3.1294017e-05 0.16025734 0.56602794 6.0569593e-05 0.3318286 0.30591968 0.02380821 0.0045531746 0.0001322945 0.008444371 0.0008454446 0.005895275 0.02888885 0.7646224 0.0003871878 0.30525678 0.00045206095 0.03725863 0.6487664 0.0026099135 2.3666678e-05 0.011460257 0.3612852 2.562287e-05 0.009198345 3.4883121e-06 0.043754894 0.00034724703 0.0027904066 0.015476977 0.7699675 0.00016786021 0.038479794 0.00021596681 0.001241567 1.8872806e-05 0.0019961384 0.0028366651 0.0040377765 9.145077e-06 1.315706e-05 2.5797786e-05 9.318179e-05 0.0010174301 0.0004228574 0.004055227 0.00066648546 3.618347e-06 0.036348887 4.401932e-05 2.4642164e-05 0.014243815 2.5179883e-05 9.383572e-05 0.0068078246 0.0005106065 0.010441935 7.673585e-05 0.0011367764 0.000117968775 6.0550265e-06 0.00069468777 1.9495637e-07 5.3680007e-05 0.00040912264 0.0010979577 4.1202227e-05 0.00031705914 0.00022020347 0.00016232778 9.6471474e-08 0.00042007677
0.9573206 3.3743654e-06 9.829671e-07 0.009278733 1.1617045e-05 8.571527e-06 0.11611254 2.9485045e-07 0.14191422 6.893595e-07 0.12819383 1.4019007e-05 0.00012865882 0.5111719 0.8682592 3.1038937e-05 0.113656685 0.6242802 0.8176746 0.9005594 7.108689e-06 0.93972284 0.0011850799 7.323974e-07 7.6109973e-06 1.026012e-17 0.019921033 0.26703364 0.0015821867 0.9757411 2.1245305e-05 9.2772666e-07 0.42363945 5.6809228e-08 3.7574992e-07 0.0006582292 0.00081694557 0.027240304 0.0012543664 0.0058459817 0.4037476 5.714648e-07 3.4411732e-07 0.106862105 5.215174e-07 0.690531 1.0387218e-05 1.8841457e-07 0.0035756193 0.6336356 1.517205e-08 7.079141e-07 0.022709876 1.9526535e-08 0.0048008095 3.9659383e-08 0.00012109061 0.00024310833 1.0797659e-05 3.5387063e-06 0.008974981 4.6452826e-08 5.965537e-06 2.151248e-08 0.38586885 3.2384318e-07 2.4958201e-06 5.165706e-08 0.0031413096 0.010748219 0.012383087 1.5332613e-07 5.0581846e-08 0.0014412012 2.9566833e-08 2.9538564e-06 0.0004690986 2.1134822e-07 0.0002961495 0.00018712966 3.3292585e-05 7.4690997e-06 0.0017821589 0.02333598 7.883912e-09 0.12416642 1.1127963e-08 2.8161471e-08 1.2270401e-08 0.00034341443 5.1705765e-08 6.802184e-06 4.1330477e-09 1.5412269e-08 1.519751e-06 5.077311e-09 0.00072735513 2.3879994e-07 2.7991497e-08 2.1086114e-06 0.0028897512
0.009902861 4.147915e-07 6.649705e-07 0.004103528 7.652236e-06 3.4549677e-07 0.0005914371 5.1255876e-07 0.002781112 7.100541e-07 0.00024973796 6.553552e-05 2.1152046e-07 0.07046193 0.0034016846 1.1629166e-06 0.7400451 0.93835336 0.49773613 0.30205667 4.437646e-07 0.0006581417 0.9956194 1.7158225e-05 0.0020936686 0.019921033 1.5818287e-12 0.00012878541 1.2922978e-06 0.016369145 9.0667595e-07 3.944969e-06 0.38303658 2.5398278e-06 1.2779146e-06 8.994739e-06 1.691243e-06 2.8685881e-05 0.94594514 0.006808065 0.016096696 6.342528e-06 9.18863e-06 8.4230116e-05 2.3761922e-06 0.004662746 1.5168363e-06 1.4800428e-05 0.0047710193 0.0008642484 1.4969273e-06 1.392206e-06 4.519032e-06 2.6688731e-05 0.0004427936 3.1395095e-06 1.0254104e-06 0.0017366342 5.604865e-07 6.2440117e-06 0.00123877 3.2050983e-05 3.5750357e-08 2.453885e-06 0.00046424795 4.2947318e-07 4.910288e-07 2.4113305e-07 0.00039822777 0.0010101751 0.000985152 4.748982e-07 3.9325732e-06 1.5177183e-05 2.3419152e-06 2.2569508e-07 0.00017302258 2.720418e-06 3.4971426e-06 0.0010337387 5.4491815e-05 1.0970335e-07 3.2895566e-06 0.00031297078 2.440419e-06 0.0016549238 6.0534394e-06 3.4649609e-06 4.7451678e-08 1.8015702e-05 8.015467e-06 1.3081795e-06 4.919916e-07 2.398368e-07 4.547979e-07 3.6480717e-08 5.701279e-05 6.7206024e-08 2.162339e-06 3.604183e-07 0.0001461069
0.94510204 0.0008226238 0.001921543 0.24878173 0.0034111978 0.0014801694 0.6394663 0.00048215027 0.37581494 0.00039322078 0.93594414 3.797432e-05 0.23141164 0.20342132 0.7294181 0.026630111 0.04950401 0.081726514 0.04503431 0.009384419 0.0019037531 0.9090387 0.00016877502 0.0013090133 0.00053360086 0.26703364 0.00012878541 8.9626565e-13 0.5450255 0.009828148 0.005956612 5.211272e-05 0.0006837475 1.6086826e-05 1.791543e-06 0.22508146 0.2855195 0.9634514 1.0524142e-05 1.1737164e-06 0.0010490894 0.00019520933 1.0006013e-05 0.880624 6.699495e-05 0.22833376 0.0016924543 3.4324824e-08 9.806623e-06 0.4303003 5.1996076e-06 3.275715e-05 0.26103246 1.6575481e-06 1.586731e-05 9.229055e-06 0.006523241 6.5059226e-06 0.000949398 6.4061815e-08 0.00014566114 3.8047383e-06 0.00057430094 6.091629e-07 0.043198433 2.257814e-05 0.00014885467 1.3918394e-06 5.9657395e-05 0.00035778942 0.00038697053 3.9713566e-05 5.9566796e-06 0.010477122 4.1849268e-07 8.8699395e-05 1.8859806e-06 2.1398837e-06 0.00073059095 3.8384485e-05 1.8029984e-07 7.488245e-05 0.0050888467 0.033588704 6.201589e-07 0.031122139 4.6755115e-09 3.7870873e-06 9.683572e-07 0.00017868062 8.30118e-08 4.5556888e-07 9.6319425e-08 2.8960705e-05 6.5662166e-06 2.261759e-06 0.0005331362 1.562757e-05 1.9233394e-06 4.938282e-07 0.0007790057
0.7484078 0.008775883 0.009777237 0.0043928786 0.07847686 0.0002935149 0.09451172 0.02121392 0.01236015 0.11635153 0.09787046 3.384129e-05 0.899747 0.0018788555 0.010033759 0.75299615 0.0005943133 0.00076424226 0.00036920176 0.00020186976 0.5929879 0.031488024 2.6817625e-07 0.08225844 0.004021609 0.0015821867 1.2922978e-06 0.5450255 1.5609482e-15 0.00021390228 0.956219 0.0025265145 2.6615757e-05 0.0039111124 0.00012080663 0.96367866 0.95652926 0.8734937 2.8170484e-07 4.4177955e-09 5.4766057e-05 0.05008847 1.23444e-05 0.3907234 0.00062500976 0.0036572178 0.060190998 3.2763023e-07 2.2954592e-07 0.06694535 6.257118e-05 0.00014072406 0.24759783 7.5547578e-06 7.865982e-08 2.5647132e-06 0.08864921 4.305273e-08 0.012278205 1.3871983e-07 1.0841079e-05 3.5551022e-06 0.005714992 1.0919299e-06 0.0025996368 2.5846475e-05 0.0005502904 1.592055e-06 9.739698e-07 3.855637e-05 1.0224814e-05 7.287272e-05 1.7508683e-06 0.011710478 5.7082264e-07 0.00013542132 1.7920938e-09 7.1586277e-07 0.0020648616 1.8600578e-07 1.185022e-08 0.00038881198 0.006454663 0.012206053 5.3968606e-08 0.001256772 4.813705e-10 8.118319e-07 1.5756461e-07 8.258596e-06 2.7297673e-09 7.715176e-09 8.628301e-09 5.582689e-07 1.7188459e-05 2.3186873e-08 0.0011857729 6.5487875e-06 1.2824587e-08 4.984188e-10 0.0001394582
0.9592041 4.3502723e-06 1.0807163e-06 0.004090353 7.1670133e-06 1.3675991e-06 0.002825366 2.2488078e-07 0.009103537 5.3197102e-08 0.0032291922 1.8480945e-05 2.3512137e-06 0.17444839 0.101430684 1.1025288e-06 0.06675839 0.5336252 0.63353944 0.9115038 4.5261802e-07 0.24740423 0.0009606053 9.207011e-07 3.1294017e-05 0.9757411 0.016369145 0.009828148 0.00021390228 2.8942472e-15 1.4891841e-06 3.0127421e-06 0.6573873 7.269366e-08 1.5041232e-07 2.8710185e-05 4.0101462e-05 0.0019532826 0.005366588 0.035122372 0.9366644 2.0348998e-07 3.2510895e-06 0.014748263 3.908109e-07 0.9036275 4.395688e-06 2.0020165e-07 0.06588897 0.48821244 1.0972693e-08 9.2193424e-08 0.0025935452 5.0207465e-08 0.044930562 3.0063447e-08 4.007034e-05 0.006335722 2.963444e-06 6.3317864e-05 0.09248654 2.8895634e-08 5.798541e-06 2.6138812e-08 0.4716142 1.2391614e-07 3.2055798e-06 2.5888482e-09 0.023020191 0.30568573 0.06906517 6.1069153e-07 4.5729937e-08 0.00030521624 1.4063067e-08 1.7529885e-06 0.0016245276 9.790699e-08 7.6487515e-05 0.002802395 0.00010152566 7.038942e-06 0.0002956458 0.034228276 1.4062853e-08 0.71799356 9.969341e-08 3.0525054e-08 3.6428638e-08 0.0028313757 4.4332506e-07 2.1413629e-05 1.1501846e-07 3.4408808e-07 2.9043844e-07 4.3040494e-08 0.0004507299 2.8547095e-06 8.9831616e-07 7.245858e-05 0.025115887
