1.6677469e-32 0.9671954 0.60308635 0.9103381 0.6222462 0.8742954 0.81305754 0.8715478 0.7964253 0.9576495 0.8785277 0.9700657 0.9851494 0.25914392 0.5746454 0.993542 0.6414365 0.98713595 0.21708065 0.57419914 0.30437875 0.99223185 0.5641546 0.7567256 0.56238216 0.109708466 0.069975875 0.9878885 0.3671812 0.071921006 0.99518514 0.1379077 0.47799394 0.019991755 0.37535378 0.026790606 0.9372649 0.16728845 0.085224025 0.8466707 0.09580555 0.7008262 0.9985839 0.011989818 0.31287917 0.011431281 0.016027145 0.49399674 0.9959457 0.4051506 0.8454671 0.9747937 0.0025238018 0.019675877 0.36177835 0.024470577 0.089423776 0.32650706 0.9531854 0.0062332135 0.012594104 0.002824205 0.99929917 0.011694908 0.074721396 0.042787418 0.0007242286 0.0023496111 0.0005584069 0.022481268 0.95682555 0.0012187583 0.0050144377 0.41658622 0.00852135 0.90886694 0.01509502 0.038684633 0.994776 0.000319934 0.0035692689 0.6891013 0.0013281972 0.98740774 0.8662561 0.003504717 0.01108242 0.00036468668 0.9802949 4.785891e-05 0.0011823373 0.0068994532 5.7600973e-06 2.2429927e-05 0.9974845 0.012179072 0.57525146 0.95888627 1.1318479e-06 3.3091516e-07 0.34881312
0.9671954 1.2165512e-19 0.9154823 0.8316581 0.21078241 0.18767007 0.24691339 0.042685866 0.15198585 0.429896 0.12494193 0.07841531 0.5939672 0.025274701 0.030645587 0.45035565 0.034316983 0.5426019 0.031605788 0.016621118 0.030474862 0.41435292 0.006733643 0.007764254 0.008069725 0.013343178 0.017732602 0.20634562 0.008523012 0.0039735655 0.18557934 0.00238348 0.005452389 0.001704586 0.0067319577 0.002418417 0.013072729 0.003520473 0.0015630148 0.061591882 0.000828515 0.0017990209 0.06766554 5.2438056e-05 0.009992955 6.752723e-05 0.00038293426 0.0041233953 0.2857213 0.0037212605 0.003147975 0.001248924 9.485115e-05 2.5944664e-05 0.0013727463 1.9819428e-05 0.0022568812 0.0024847554 0.0074030217 4.8138936e-06 1.6242485e-06 4.5139923e-06 0.037674624 1.2861123e-06 0.000288793 9.582971e-06 4.2456745e-06 4.4463175e-07 3.6399263e-06 0.0004463405 0.027302407 1.1532386e-06 3.752822e-05 2.4118182e-05 0.00012218066 0.0044154814 0.0007132909 6.7504625e-05 0.0070010494 9.2135275e-07 9.547941e-06 0.00011223867 9.645135e-06 0.017354315 0.0024739334 0.009413649 4.714434e-05 9.5623655e-08 0.01658036 1.8592208e-07 5.4390175e-06 0.00045664897 1.7706371e-06 1.0801126e-06 0.0010883718 1.1235786e-06 0.010135333 0.0041077645 1.406168e-07 3.6338545e-07 2.9391222e-07
0.60308635 0.9154823 3.3196314e-19 0.58612144 0.90149844 0.13150445 0.12938206 0.55999655 0.39401078 0.23200545 0.24425423 0.0127728665 0.13761945 0.40014026 0.22012313 0.06360384 0.07126114 0.14977486 0.08454952 0.24637003 0.12320444 0.16661248 0.09738758 0.0045586624 0.004239 0.038224537 0.044215176 0.019447463 0.006666609 0.038855933 0.099661015 0.0064440803 0.0017830377 0.0071969717 0.005485728 0.0061374106 0.0032670142 0.0040545254 0.0015922609 0.08126033 0.00040759685 0.0019482909 0.014989674 0.00013236632 0.0071976036 8.763944e-05 0.0015178848 0.0009236059 0.10752935 0.013759607 0.0022263946 0.0008492455 8.908028e-05 6.0392686e-05 0.00033026552 5.3299005e-05 0.0044695754 0.0021064933 0.018469613 2.2171402e-05 3.0715391e-06 9.00497e-06 0.021857277 5.096987e-06 6.962016e-05 7.719868e-06 7.488078e-06 6.4789265e-06 6.305281e-06 0.00092127465 0.024801005 1.5694002e-05 2.0904181e-05 6.63505e-06 0.00028165392 0.021082489 0.00066681823 1.598034e-05 0.0017694624 8.53697e-06 2.296911e-05 9.115415e-05 1.0256329e-05 0.013043801 0.0024123155 0.007088347 0.00031055682 8.747448e-08 0.010492975 1.0509793e-06 4.8654183e-05 0.0024362302 4.1942785e-06 2.3362202e-06 0.0001952514 1.0996384e-05 0.02115992 0.0013034978 2.6381247e-07 8.632882e-08 7.907275e-06
0.9103381 0.8316581 0.58612144 7.832814e-17 0.60940325 0.91247755 0.7392324 0.014455731 0.013558337 0.07548304 0.8279542 0.39128512 0.3658312 0.017522372 0.041363947 0.1745271 0.2912335 0.1477869 0.1979822 0.0050493847 0.14370665 0.09267391 0.0025936454 0.11911637 0.07892421 0.019211894 0.071988426 0.20262712 0.066449896 0.0012011844 0.048969753 0.019674575 0.06025442 0.0006438904 0.090624064 0.0017086279 0.025570778 0.06603398 0.04059471 0.009941477 0.027518148 0.004347289 0.0205102 0.0057041943 0.017776046 0.0055085374 0.00039304717 0.005667711 0.023282958 0.00074413675 0.008181841 0.0033631213 9.725701e-05 0.0030927293 0.013608925 0.0005241106 0.00012650929 0.017889636 0.0038795325 0.0006796433 0.001257775 0.0007067536 0.005167008 0.0013050222 0.0008497891 0.0014120695 0.00027870195 0.00039809087 0.0002583653 0.0012085704 0.008497114 7.2935356e-05 0.00041416817 0.00020361628 0.00042700346 0.0019935586 0.0005735503 0.00064425566 0.005735199 0.00026186122 4.5586137e-05 0.00075919216 6.1394596e-05 0.0031430044 0.003799869 0.0015740296 0.00033684322 1.8020359e-05 0.0039906683 4.198148e-06 3.257969e-05 0.00058973103 1.1490039e-05 5.674269e-06 0.000783714 1.6303467e-05 0.0021064994 0.0023079088 6.388175e-07 9.740887e-07 5.4574734e-06
0.6222462 0.21078241 0.90149844 0.60940325 2.6820814e-19 0.30165878 0.31861445 0.38811326 0.098084114 0.078024484 0.87513924 0.015110698 0.15926322 0.4947252 0.42745697 0.04991512 0.50926614 0.050370935 0.5591373 0.21310437 0.5250077 0.03385672 0.1059025 0.025084194 0.017571706 0.17582004 0.20061292 0.014733031 0.023058962 0.022255016 0.02499861 0.042097908 0.008972529 0.004138953 0.044095073 0.02171593 0.0039512515 0.020386927 0.01138057 0.0131593635 0.0033567979 0.001501312 0.0029193333 0.0004686454 0.0054488727 0.000630117 0.0014970303 0.000914461 0.009271647 0.0027104858 0.0006187373 0.0003428161 0.0008234813 0.00092237454 0.00047338978 0.0010351391 0.0012632422 0.005260165 0.007775884 0.00033930514 4.991878e-05 0.00016216916 0.007833562 1.5176401e-05 0.00011508084 1.1898141e-05 8.501916e-05 4.7960043e-06 8.453213e-05 0.00023510656 0.010782355 1.3019969e-05 1.1956674e-05 1.831168e-05 6.100903e-05 0.002959283 0.00010876201 6.520709e-05 0.00030009283 9.120502e-05 3.236266e-06 8.126988e-05 4.5190104e-06 0.0056080627 0.00035215693 0.003943151 0.00022016736 3.888763e-08 0.0035006485 2.204945e-06 9.5646365e-06 0.0011986702 2.7988615e-06 2.498381e-07 4.6048073e-05 2.619771e-06 0.003240667 0.0005008272 7.16296e-08 7.13841e-08 2.4417053e-05
0.8742954 0.18767007 0.13150445 0.91247755 0.30165878 8.730735e-18 0.77185637 0.0031643235 0.0040762383 0.027341431 0.8060475 0.39596045 0.30798122 0.004028868 0.010501424 0.13403797 0.3376892 0.076324664 0.24252658 0.0025662656 0.07470362 0.04710445 0.001259749 0.49308738 0.3043154 0.014820148 0.080951855 0.2289585 0.22066052 0.000306764 0.022846581 0.027031535 0.16661793 0.00017293252 0.1494268 0.000917113 0.043896444 0.12388822 0.07608907 0.0020894813 0.09296806 0.009310057 0.014657494 0.02645095 0.028983938 0.018524721 0.00036414122 0.00605706 0.007936081 0.00015464774 0.0062951637 0.004733525 0.00017436614 0.014079999 0.055825982 0.0019277533 1.4977506e-05 0.043451604 0.0015314386 0.0026813985 0.012438782 0.0035819572 0.0023042678 0.009765029 0.00070710655 0.012632699 0.0014755065 0.0023856894 0.0011990961 0.0025863736 0.0040679807 0.00013591142 0.0023548638 0.0005105805 0.0006456026 0.00094944006 0.00061200897 0.0009258676 0.0042203115 0.00090670364 0.00042791947 0.0010096477 0.00076048414 0.0025484888 0.0034169282 0.00050574285 0.00023295904 0.000189991 0.003036883 2.671649e-05 0.0005758892 0.00018811197 4.938716e-05 7.402467e-05 0.00086391834 1.03487255e-05 0.0015051125 0.002042239 1.6140064e-06 2.779081e-06 2.4022827e-05
0.81305754 0.24691339 0.12938206 0.7392324 0.31861445 0.77185637 6.270878e-19 0.0023558184 0.018362554 0.048932314 0.30515108 0.9260535 0.38590235 0.008855995 0.016033245 0.24315868 0.11793927 0.17962068 0.12791497 0.0041670324 0.063973114 0.109821774 0.0022206171 0.28946018 0.17949301 0.012055935 0.07176038 0.34721074 0.12054305 0.0009806161 0.036577534 0.014240298 0.09471144 0.0006821638 0.05683131 0.0015143936 0.13410325 0.08554962 0.05297327 0.0046606055 0.09557669 0.14599963 0.048366975 0.014345602 0.2071242 0.0044845915 0.00048682262 0.051547788 0.043971464 0.00071715494 0.03670074 0.016755633 0.00045249247 0.0021353096 0.110760964 7.804267e-05 0.00039061118 0.19827217 0.0016495193 0.00039943235 0.0020131099 0.00089880085 0.0023604108 0.00079061056 0.023593085 0.0057270736 0.00018687872 0.0006318696 0.000188845 0.03753629 0.004902636 5.195467e-05 0.026281781 0.0016108326 0.00840841 0.0014475216 0.011856107 0.004596051 0.034674168 6.54796e-05 0.003098879 0.0020251246 0.003722407 0.0048914817 0.016136294 0.0031473131 0.02800739 1.2753737e-06 0.004806912 5.8196647e-06 0.0006346065 0.0012980793 3.3443677e-05 4.1554733e-05 0.0068575004 0.00020469626 0.0037480546 0.0077921497 2.3759317e-06 7.201386e-06 0.0001313008
0.8715478 0.042685866 0.55999655 0.014455731 0.38811326 0.0031643235 0.0023558184 4.306273e-20 0.8946741 0.30625346 0.008530025 0.0008163501 0.043972984 0.71854067 0.43620464 0.012219827 0.005687518 0.018143684 0.005470426 0.82277864 0.06084065 0.040677592 0.6453871 6.12966e-05 0.00018767477 0.089831926 0.003348994 0.00042842273 5.643112e-05 0.5167182 0.06829065 8.712776e-05 1.2998494e-05 0.13316067 5.7743568e-05 0.034381993 3.622445e-06 3.529433e-05 4.1364137e-06 0.1283151 1.972823e-07 1.8863241e-06 0.0010573859 2.3311314e-07 8.1185635e-06 4.2169896e-07 0.009493989 1.2282162e-05 0.011393993 0.02853416 7.67214e-06 7.409762e-07 0.00058159564 1.7307826e-07 1.799918e-07 4.9984637e-06 0.02220838 1.2285032e-05 0.07411894 1.2827003e-07 3.915514e-07 1.1461726e-07 0.033717524 1.1152086e-07 3.9408079e-07 3.3129957e-08 4.2706855e-08 3.091822e-07 3.8062154e-08 3.1490001e-06 0.048804827 3.0175042e-06 1.7517509e-07 3.7136786e-08 1.1852572e-06 0.04498384 8.673269e-06 4.390206e-07 7.3998513e-06 1.238951e-07 1.9640115e-07 6.5455123e-07 4.1955445e-07 0.023123048 3.5461104e-05 0.017607646 5.7431375e-06 3.6184102e-09 0.013829681 1.0448498e-07 1.852135e-07 0.0036609974 3.5295005e-07 1.0955085e-08 1.6964957e-05 9.676837e-08 0.03798898 0.00024108076 2.4612909e-08 2.6069555e-08 2.9024227e-08
0.7964253 0.15198585 0.39401078 0.013558337 0.098084114 0.0040762383 0.018362554 0.8946741 2.525232e-14 0.85447615 0.0024421772 0.00080793275 0.02504414 0.11611112 0.048862517 0.02120253 0.0020646234 0.061500665 0.0039820066 0.2858323 0.009350633 0.1848862 0.13835914 0.00020088033 9.590938e-05 0.0071834875 0.0025002265 0.0034223564 0.00021032534 0.1867123 0.42784056 0.0002575795 8.238116e-05 0.025271893 0.00034597536 0.0055697164 0.0002168309 0.0002515436 5.2636573e-05 0.78007686 1.12216985e-05 0.0005594591 0.018596835 5.856757e-06 0.00086942123 5.021369e-06 0.009323629 9.9180346e-05 0.3791349 0.40986943 0.00014809106 0.00034110257 0.00019461931 3.8724684e-06 1.1343737e-05 7.188e-06 0.21972887 0.00033649307 0.3028084 4.287924e-06 9.92229e-07 2.4394465e-06 0.23628534 3.9164274e-06 1.4120869e-06 8.4617784e-07 3.6394645e-06 6.299186e-06 4.3864707e-06 0.00011796022 0.28307432 4.5430937e-05 1.3714881e-05 1.2523922e-06 4.5452132e-05 0.25327513 3.856527e-05 1.1237095e-06 0.0023311162 3.8357202e-06 5.327057e-06 2.8299572e-05 2.589336e-06 0.17936613 0.0017073159 0.06528823 1.8110973e-06 1.321955e-06 0.2069659 5.931757e-07 1.1422617e-05 0.009786486 2.237719e-06 9.596565e-07 0.0006532302 2.2267031e-07 0.12667045 0.00014437592 4.5641602e-07 6.927674e-07 1.6207152e-07
0.9576495 0.429896 0.23200545 0.07548304 0.078024484 0.027341431 0.048932314 0.30625346 0.85447615 5.0895038e-18 0.030134076 0.008313147 0.28992438 0.035173167 0.09010973 0.18800564 0.017778039 0.47152847 0.01877535 0.122602746 0.058809604 0.69155896 0.11024281 0.0008308478 0.00047907612 0.038922474 0.009970137 0.024620306 0.0009032157 0.09020829 0.7795175 0.003460536 0.00023463486 0.025127292 0.0042690695 0.017025447 0.00093155814 0.00081130106 0.00032563368 0.6384615 2.5448771e-05 5.5449847e-05 0.07333153 1.2560998e-05 0.00028639918 2.2414253e-05 0.010737503 0.00035651334 0.48472005 0.07283355 0.00058887206 0.00026698087 0.0010176984 1.8603543e-05 8.913093e-05 6.522631e-05 0.019353973 0.00033377163 0.08148816 1.2591329e-05 1.6097023e-06 4.084661e-06 0.35630378 4.0209966e-06 1.1843663e-05 1.5174425e-06 8.345384e-06 6.957183e-07 5.3445006e-06 4.7434776e-05 0.2119524 6.3775595e-05 2.6226332e-06 8.354507e-07 8.687324e-06 0.05058294 1.2775057e-05 2.850044e-06 0.011165529 2.5237018e-06 5.341441e-07 1.9365852e-05 1.5840905e-06 0.11184928 0.003288028 0.022085177 1.0041263e-06 5.2171362e-08 0.08514708 2.7207517e-07 3.447789e-07 0.0014102366 1.7870364e-06 1.05993614e-07 0.0062673506 4.893984e-08 0.037531592 0.0032797006 2.953945e-07 2.6115792e-06 2.4258826e-09
0.8785277 0.12494193 0.24425423 0.8279542 0.87513924 0.8060475 0.30515108 0.008530025 0.0024421772 0.030134076 6.3232204e-19 0.11637506 0.19995229 0.0255623 0.070654675 0.06562705 0.8800676 0.02776973 0.79673004 0.0036356263 0.36040115 0.015287134 0.0009220992 0.23277771 0.12779157 0.021656675 0.31039482 0.04624845 0.12986135 0.00040932305 0.008354156 0.056647845 0.049483903 0.00014763518 0.23591213 0.0011347402 0.005475319 0.16240789 0.07177629 0.0011384663 0.02290962 0.002677508 0.0028792333 0.0089393165 0.0065198583 0.010224679 0.00016016662 0.0009609223 0.0012276144 5.5146134e-05 0.00058678916 0.00031496823 0.00022999657 0.011334606 0.004315758 0.0049178367 9.287956e-06 0.008661536 0.0021581424 0.0015784942 0.0013049113 0.0015109126 0.0013740411 0.0014499748 4.5407898e-05 0.0005948923 0.00094500516 0.00023300483 0.00064131897 0.00021023749 0.0036765512 4.82219e-05 0.00021600534 1.7242144e-05 6.338643e-05 0.0008270568 0.00014014696 0.00010285465 0.00025135247 0.0011412578 5.0253475e-05 5.0114206e-05 3.28552e-05 0.0029207729 0.00025180163 0.00027771524 3.873558e-06 0.00020595163 0.0027470929 5.3506636e-05 1.0678654e-05 0.00018016933 5.8050784e-05 8.596573e-07 0.00010841147 8.4093506e-07 0.002692128 0.00070207496 3.301337e-07 7.8712844e-07 2.9282237e-06
0.9700657 0.07841531 0.0127728665 0.39128512 0.015110698 0.39596045 0.9260535 0.0008163501 0.00080793275 0.008313147 0.11637506 8.59675e-19 0.46568337 0.00086335663 0.0030407922 0.24285856 0.027243111 0.1119827 0.0156084085 0.0008512106 0.004231152 0.03672607 0.00044182487 0.2197532 0.17914277 0.0008288923 0.005904548 0.6286126 0.060054235 0.00011312458 0.007168599 0.001160185 0.0731569 3.2070187e-05 0.017994318 7.539855e-05 0.4979897 0.025599593 0.011598481 0.0004489249 0.030956108 0.1213699 0.04704582 0.004303613 0.14709002 0.0016212635 0.00010415394 0.045888882 0.005935331 7.835959e-06 0.046334945 0.02874128 1.3661151e-05 0.00065768743 0.21620314 1.5141213e-05 8.557568e-06 0.12935317 0.00026493304 3.5813777e-05 0.0016954647 4.3313186e-05 0.000887514 0.00020398204 0.026435921 0.009447628 5.703527e-06 0.00026040783 3.2088678e-06 0.015985236 0.0017778098 1.6546845e-06 0.013794012 0.0017193008 0.002657214 0.00012556715 0.0028460338 0.0029761752 0.047179002 6.338749e-06 0.0018920201 0.004671791 0.0012397845 0.0011206359 0.016378148 7.282047e-05 0.0023768293 8.7377225e-07 0.0014691085 2.055865e-07 0.00040490826 2.4406272e-05 3.756666e-06 1.056377e-05 0.009079731 6.766227e-05 0.00206093 0.009825182 1.741349e-07 8.321118e-07 0.000101118945
0.9851494 0.5939672 0.13761945 0.3658312 0.15926322 0.30798122 0.38590235 0.043972984 0.02504414 0.28992438 0.19995229 0.46568337 7.7014336e-19 0.016443456 0.058960307 0.80467945 0.11691586 0.70240265 0.06800251 0.009228219 0.080316916 0.46871844 0.00853465 0.110870406 0.119989716 0.022202047 0.023664579 0.4648788 0.073999934 0.001659159 0.2107953 0.01640731 0.06397745 0.0012253494 0.027019119 0.0041678427 0.22850919 0.01810192 0.015601065 0.020893212 0.024459926 0.033937808 0.39912227 0.0056660953 0.048961617 0.004313466 0.0004116851 0.026817344 0.3877661 0.0011872275 0.018643165 0.010025987 0.0013630063 0.001482508 0.032168116 0.00096088974 0.00020875742 0.032666262 0.0015546468 0.00058064045 0.0026290743 0.00034355416 0.026614651 0.0010166115 0.00035431187 0.0025341846 8.998132e-05 0.00039424267 0.00012713735 0.007233468 0.0076138373 0.0003013182 0.0045675747 0.0001466856 0.0021078417 0.0011401449 0.0030023695 0.00016933818 0.14050376 0.00025383243 0.0014503289 0.0010491034 0.000892221 0.0070408653 0.014580417 0.0020547246 0.00057370943 7.09151e-06 0.012494868 8.904529e-05 0.00020084759 0.00023373705 0.00013123607 2.5579187e-05 0.042961724 1.2864851e-06 0.0010447039 0.014046302 2.5827552e-05 0.00015366099 2.9416979e-06
0.25914392 0.025274701 0.40014026 0.017522372 0.4947252 0.004028868 0.008855995 0.71854067 0.11611112 0.035173167 0.0255623 0.00086335663 0.016443456 3.654758e-19 0.7497724 0.0027218563 0.013466099 0.0051702317 0.023608638 0.5594488 0.13433835 0.007133158 0.3771771 0.0008329582 0.0008784139 0.16469967 0.006182436 0.00020075087 0.00052019395 0.1537343 0.0053096097 0.00063508755 0.00013942643 0.060187716 0.00017835274 0.062767595 4.2935037e-05 7.4780124e-05 1.5645808e-05 0.009215405 1.2432228e-05 6.8725803e-06 0.0005388707 1.3990924e-06 0.00010479129 1.0685719e-06 0.0029632507 0.00010659663 0.0052286256 0.0019118161 2.2422186e-05 1.0923845e-05 0.00048749326 1.090964e-06 8.613798e-07 4.591529e-05 0.0008442309 6.70622e-05 0.006897815 6.687883e-07 1.5683386e-06 5.598374e-07 0.0035431103 3.0902362e-07 6.395648e-05 3.09831e-07 1.2232033e-06 1.5637863e-06 2.5435897e-06 1.7011762e-05 0.0040464443 1.693573e-05 2.169794e-06 4.5452649e-07 1.0099949e-05 0.0021689264 1.9428062e-05 1.5686475e-05 5.0488186e-05 3.725129e-06 3.1697566e-06 2.183259e-06 2.3214443e-06 0.0021575426 8.8542285e-05 0.002188594 7.464517e-05 1.8591171e-08 0.0015773528 4.1000385e-06 3.7889656e-06 0.00015587673 5.8058504e-06 1.522505e-07 4.5171935e-05 2.9453472e-06 0.0024923643 3.056711e-05 1.0348003e-07 1.0051423e-07 2.649693e-07
0.5746454 0.030645587 0.22012313 0.041363947 0.42745697 0.010501424 0.016033245 0.43620464 0.048862517 0.09010973 0.070654675 0.0030407922 0.058960307 0.7497724 1.428197e-19 0.006989925 0.03591655 0.012023855 0.043629244 0.4468892 0.2791188 0.015679482 0.4034145 0.0036031269 0.0031427422 0.35766438 0.0097170295 0.0006830352 0.0017377485 0.18272398 0.014798716 0.0026684636 0.0007283248 0.067795746 0.0008655223 0.14917785 0.000229578 0.00011356777 1.4803621e-05 0.010674176 9.827155e-06 3.6796202e-06 0.0016495878 1.1262434e-06 4.5149198e-05 2.216152e-06 0.0028508327 0.0001089472 0.0026009984 0.0012727681 5.304156e-05 1.3210445e-05 0.0016416811 2.4534825e-06 2.0223702e-06 0.00021898549 0.0001542927 7.022042e-05 0.0144331185 1.2359177e-06 7.2723304e-07 8.648188e-07 0.009224727 2.7933e-07 8.496756e-06 2.401639e-07 1.7500051e-06 4.560188e-07 1.9311362e-06 6.2030294e-06 0.009324185 0.00019659182 1.8796906e-06 8.8697624e-07 1.0371167e-06 0.0031802107 2.447836e-06 1.7101258e-05 8.685043e-05 1.0243417e-05 8.387997e-07 1.4612849e-06 1.667723e-06 0.004743831 8.887925e-05 0.00022728191 7.5536555e-06 2.1938115e-08 0.0037973041 2.2370828e-06 1.8061124e-06 4.3044503e-05 2.5806585e-06 6.0185094e-08 0.0002181228 6.494408e-07 0.0008389518 8.042477e-05 6.2798186e-08 3.9109292e-08 1.8407876e-07
0.993542 0.45035565 0.06360384 0.1745271 0.04991512 0.13403797 0.24315868 0.012219827 0.02120253 0.18800564 0.06562705 0.24285856 0.80467945 0.0027218563 0.006989925 4.656283e-19 0.017117212 0.6351696 0.016521003 0.0013425674 0.021191074 0.33004937 0.0018118368 0.024119414 0.02761874 0.00889295 0.0062215887 0.45792857 0.018818185 0.0004785013 0.13330974 0.005224937 0.015277201 0.00032493664 0.0061494797 0.0019656364 0.22005759 0.004313627 0.0036729362 0.011280946 0.0048356727 0.0102553805 0.43574458 0.0013853215 0.021578787 0.0014316627 0.00021367006 0.03288702 0.3709859 0.0012774486 0.02289972 0.0074489834 0.0009286784 0.00020963406 0.0066849003 0.000105967294 0.00030824557 0.012005327 0.00095396186 0.000112262 0.00036481366 8.512982e-05 0.015837545 0.0004162002 0.0022789843 0.0005735095 5.0044047e-05 0.00021289918 6.5150154e-05 0.003246009 0.010498861 0.00013025812 0.0011235434 0.0010294465 0.00090717897 0.0007703355 0.0018413829 0.00074450625 0.20037341 0.00021045616 0.0005457755 0.0021241184 0.00071448163 0.007253304 0.02431815 0.0018338823 0.00033580675 5.514516e-06 0.014852649 6.393563e-05 0.00011626074 0.00014358871 9.7101496e-05 4.837561e-05 0.06764883 4.380117e-06 0.0006247416 0.02745803 3.454846e-05 0.00013381834 7.347869e-06
0.6414365 0.034316983 0.07126114 0.2912335 0.50926614 0.3376892 0.11793927 0.005687518 0.0020646234 0.017778039 0.8800676 0.027243111 0.11691586 0.013466099 0.03591655 0.017117212 9.067404e-21 0.009009347 0.9183989 0.0020673817 0.4848021 0.006220517 0.00089450425 0.0629868 0.042165905 0.06242586 0.5537123 0.0041605374 0.049748506 0.00022176089 0.0033045048 0.34622738 0.021451773 5.5460896e-05 0.44587055 0.005262739 0.0013410138 0.16951881 0.11676896 0.0005586692 0.018798763 0.00047944818 0.0010252452 0.007021892 0.0017767427 0.013897467 0.00025101518 0.00040866094 0.0010174301 6.903853e-05 0.00016869037 3.6808047e-05 0.00095656095 0.018480053 0.00336076 0.036713973 1.5024859e-05 0.0019352097 0.0016608632 0.0039092987 0.0013534095 0.0033762278 0.00050123816 0.0035282457 3.8769896e-05 0.0007857342 0.0036760378 0.00017340598 0.0033243946 0.0001662134 0.004503273 0.00027552777 0.00025933053 4.9974155e-06 2.603707e-05 0.0004613672 4.9499664e-05 1.7146625e-05 0.00014165758 0.0066323937 5.864456e-05 3.221562e-06 0.00013708675 0.0029366037 0.00029804814 0.00034231646 2.8706268e-05 0.00012762267 0.003107974 0.0006223956 4.730499e-05 4.1692e-05 0.00016106191 2.4645137e-06 0.00010085189 4.4572155e-07 0.0023884748 0.0003380023 9.800616e-07 4.352758e-06 3.9979187e-07
0.98713595 0.5426019 0.14977486 0.1477869 0.050370935 0.076324664 0.17962068 0.018143684 0.061500665 0.47152847 0.02776973 0.1119827 0.70240265 0.0051702317 0.012023855 0.6351696 0.009009347 6.484911e-19 0.014390533 0.003462454 0.018492006 0.58795667 0.0026486712 0.0039293664 0.006465478 0.0070362943 0.0054690097 0.25644746 0.004857032 0.0006307143 0.27902848 0.0029792849 0.0020421625 0.00068433554 0.00304053 0.002707786 0.12948498 0.0012198455 0.0008690519 0.040627968 0.0005875742 0.0021053334 0.3594697 0.000255528 0.0078893965 0.00027655208 0.000658627 0.013913944 0.5062314 0.008799689 0.010204328 0.0034825257 0.0026202584 7.870962e-05 0.0010548646 0.00025881315 0.0031505805 0.008502261 0.0045634885 0.0001142879 0.00019713685 0.0001097706 0.049051408 0.00036963003 0.00044764963 0.00011611735 9.130249e-05 0.0003973628 0.00015265244 0.0027776381 0.025759261 0.00021830053 0.0005986391 0.0003722446 0.0007383462 0.0035592753 0.0011015836 0.0005148719 0.1591439 0.00059547805 0.0001979005 0.0010696793 0.0003342635 0.015501172 0.019659596 0.009600667 0.00038149994 4.520538e-05 0.035356946 0.0004975109 0.00012305618 0.00046361532 0.00040801722 7.865004e-05 0.05647075 1.929106e-06 0.0018325648 0.022963304 7.074572e-05 0.00020006493 6.867086e-07
0.21708065 0.031605788 0.08454952 0.1979822 0.5591373 0.24252658 0.12791497 0.005470426 0.0039820066 0.01877535 0.79673004 0.0156084085 0.06800251 0.023608638 0.043629244 0.016521003 0.9183989 0.014390533 5.2077436e-22 0.001915601 0.66220784 0.013072338 0.0007738281 0.052194685 0.037287306 0.13512261 0.7274917 0.002688417 0.05668066 0.00028280486 0.0067702173 0.44999847 0.029568499 0.00017061734 0.37131363 0.016879844 0.00060008006 0.17362319 0.15422845 0.0011065123 0.024876807 0.00026836013 0.00033657893 0.00884916 0.0016011928 0.021311559 0.0002661506 6.161878e-05 0.0010424289 0.00021716926 3.133469e-05 4.222181e-05 0.0018021185 0.01728636 0.0013754177 0.037662983 7.25338e-05 0.0010075672 0.0019246122 0.0058087283 0.0014452828 0.0047033406 0.00082720316 0.0017585327 4.308863e-06 0.0004437418 0.004928887 9.495876e-05 0.0027977235 5.5459943e-05 0.0055161105 0.00020254508 3.8082217e-05 3.444547e-06 1.165543e-05 0.00048314198 1.7831882e-05 1.5589231e-06 6.698046e-05 0.002560191 1.0500372e-05 4.8847332e-06 5.071214e-05 0.003933232 0.00014679391 0.0002991219 2.4991725e-05 4.025782e-06 0.0028204354 6.9129506e-05 4.673996e-05 0.00017894428 5.2517134e-05 1.7016118e-06 0.00010055359 6.8779954e-08 0.0012044323 0.000100959565 3.3239095e-07 3.0981992e-06 1.9400731e-07
0.57419914 0.016621118 0.24637003 0.0050493847 0.21310437 0.0025662656 0.0041670324 0.82277864 0.2858323 0.122602746 0.0036356263 0.0008512106 0.009228219 0.5594488 0.4468892 0.0013425674 0.0020673817 0.003462454 0.001915601 9.0953e-19 0.07168721 0.008169191 0.947154 0.00042784418 0.0003108143 0.19323353 0.0011494955 9.755967e-05 0.0002429241 0.67040116 0.011782418 5.5573408e-05 2.3529668e-05 0.28188044 2.8431528e-05 0.19031268 1.721193e-05 6.059221e-06 1.2758408e-06 0.03711053 9.771013e-07 1.2838575e-06 0.00015801314 2.4574948e-07 3.1410116e-05 1.9879168e-07 0.039447032 9.641543e-05 0.003182166 0.019003594 1.4728365e-05 1.9041762e-06 0.0012669751 3.3388783e-08 2.0237775e-07 3.6051133e-06 0.0072925794 6.807263e-05 0.06369437 7.312531e-08 1.3671811e-07 7.504599e-08 0.013726012 3.898737e-08 3.3788176e-05 2.0026762e-08 2.1309282e-07 1.2623755e-07 2.5569946e-07 2.3398818e-06 0.018185943 4.470442e-05 2.5500248e-07 4.2255968e-07 3.067292e-06 0.021143451 2.0076284e-05 2.484394e-05 6.746293e-05 2.1042463e-06 4.7090555e-07 1.1777485e-06 3.640896e-07 0.010557472 0.00011253363 0.0034404972 5.164227e-05 3.335999e-09 0.003909099 1.2390828e-06 1.6042662e-06 0.0007076846 2.4410451e-06 1.6401277e-07 5.3646945e-05 7.879463e-07 0.006043426 2.5924533e-05 5.421126e-08 1.6657738e-08 3.293804e-08
0.30437875 0.030474862 0.12320444 0.14370665 0.5250077 0.07470362 0.063973114 0.06084065 0.009350633 0.058809604 0.36040115 0.004231152 0.080316916 0.13433835 0.2791188 0.021191074 0.4848021 0.018492006 0.66220784 0.07168721 6.7437e-20 0.022159303 0.04851529 0.00810566 0.01300653 0.89036703 0.6762461 0.004051279 0.03104312 0.00833052 0.019679494 0.441894 0.018488942 0.0020249796 0.19497816 0.17527823 9.48611e-05 0.031096792 0.022886809 0.0063191545 0.003819869 0.00017867518 0.001091246 0.00042129122 0.0009986942 0.0019797073 0.0023056613 3.8024515e-05 0.0066707963 0.0023460377 9.12212e-05 0.00010577395 0.022015141 0.0075774733 4.053947e-05 0.07744595 0.0020283822 0.0016831516 0.013269203 0.004770171 6.542854e-05 0.001832682 0.005581441 4.9309645e-05 2.5404808e-05 6.767244e-06 0.001767903 1.2998579e-05 0.0006339438 8.471516e-05 0.020805363 0.0036291243 7.995799e-06 5.643701e-06 3.7375212e-05 0.004226734 1.3258191e-05 9.28274e-06 0.00043316232 0.0009091922 7.861918e-06 1.9364023e-05 1.5812301e-06 0.010536892 0.00036456896 0.0009639203 6.18631e-06 1.9399872e-06 0.007319467 0.00013831303 1.576563e-05 0.0003296255 3.5294062e-05 3.7763448e-07 0.00012065925 4.2244363e-07 0.0014753848 0.00011243289 8.030386e-08 2.770075e-07 1.4876193e-05
0.99223185 0.41435292 0.16661248 0.09267391 0.03385672 0.04710445 0.109821774 0.040677592 0.1848862 0.69155896 0.015287134 0.03672607 0.46871844 0.007133158 0.015679482 0.33004937 0.006220517 0.58795667 0.013072338 0.008169191 0.022159303 2.6134815e-20 0.007851837 0.0013277127 0.0024054544 0.009391899 0.0055353763 0.09236311 0.0015834087 0.0031467804 0.4706904 0.0025775328 0.00062700285 0.0026247064 0.0019650215 0.00379114 0.018776739 0.0003419145 0.00033593405 0.08648975 7.000592e-05 0.00058681297 0.2678022 7.80417e-05 0.0032829987 0.000116544696 0.0013823708 0.004060831 0.57467 0.031925682 0.0033356147 0.0015461443 0.003930965 5.204507e-05 0.00010015489 0.00021138505 0.010993876 0.004449306 0.019913431 9.2914335e-05 0.00011314703 9.554386e-05 0.08340276 0.0004405916 3.60538e-05 4.978139e-05 0.00010818126 0.00040274582 0.00017743069 0.0014719666 0.03802799 0.00024824034 0.00035376172 9.889425e-05 0.00029121715 0.012898163 0.0003455467 0.0001146089 0.09904332 0.000584706 8.1547354e-05 0.0003949451 0.00018026952 0.027485335 0.009414283 0.016664742 0.0001470209 4.9616734e-05 0.057971902 0.0008696949 7.260079e-05 0.00084361364 0.0004522649 4.9015725e-05 0.043158367 4.441994e-07 0.0074762227 0.017371131 2.9706243e-05 0.00011418321 7.650717e-08
0.5641546 0.006733643 0.09738758 0.0025936454 0.1059025 0.001259749 0.0022206171 0.6453871 0.13835914 0.11024281 0.0009220992 0.00044182487 0.00853465 0.3771771 0.4034145 0.0018118368 0.00089450425 0.0026486712 0.0007738281 0.947154 0.04851529 0.007851837 2.5862009e-18 0.00045362298 0.00020559679 0.2336714 0.0007261118 0.00016385855 0.000118319964 0.833011 0.01218914 5.57245e-05 1.871144e-05 0.45170557 4.966616e-05 0.38729817 1.0390289e-05 7.742038e-06 1.4161624e-06 0.037558533 1.1533683e-06 2.955502e-06 0.0001691061 4.0474333e-07 2.9896833e-05 3.7170392e-07 0.17248012 9.8123615e-05 0.0027529085 0.025410669 2.331574e-05 2.4521446e-06 0.007149714 8.483994e-08 4.6466008e-07 7.347876e-06 0.007984964 8.5847096e-05 0.08011561 2.1644216e-07 8.828944e-08 1.0803036e-07 0.02573286 8.901416e-08 7.807237e-05 1.5053608e-08 3.7706374e-07 3.578503e-07 6.8774875e-07 5.341026e-06 0.025502052 0.00051008794 6.7069493e-07 3.1077782e-06 3.964899e-06 0.032428283 1.3559287e-05 4.024701e-05 4.917538e-05 3.8258713e-06 8.8569476e-07 7.1875334e-06 5.5377444e-07 0.01589205 0.00016521492 0.0033648892 2.03477e-05 1.187366e-08 0.00614547 1.3561867e-06 1.1269385e-06 0.0009526508 4.3899063e-06 1.7075493e-07 9.9522e-05 5.6213736e-07 0.0054485947 3.900606e-05 6.526715e-08 2.9263921e-08 4.0937667e-08
0.7567256 0.007764254 0.0045586624 0.11911637 0.025084194 0.49308738 0.28946018 6.12966e-05 0.00020088033 0.0008308478 0.23277771 0.2197532 0.110870406 0.0008329582 0.0036031269 0.024119414 0.0629868 0.0039293664 0.052194685 0.00042784418 0.00810566 0.0013277127 0.00045362298 7.9698247e-19 0.93395096 0.0011606592 0.03186512 0.10349803 0.797744 4.247183e-05 0.00012339238 0.003198308 0.56439644 5.0636656e-05 0.057486013 9.185585e-05 0.06536057 0.28726253 0.1086379 8.722249e-06 0.58510154 0.020577047 0.00059284834 0.059381884 0.04473664 0.013273323 8.512528e-05 0.0025193563 3.618438e-05 2.6387045e-06 0.0015883186 0.0016048456 5.167104e-05 0.00659021 0.3107504 0.00010708398 2.7105616e-06 0.1487341 0.000122971 0.00030481713 0.010754925 0.0002938202 4.057153e-05 0.0015937209 0.0010719561 0.02451054 2.6072601e-05 0.002063465 5.2384632e-05 0.010672003 0.0015408907 5.270556e-06 0.011465455 4.9743896e-05 0.0032699674 0.00019588722 0.0010171008 0.00070069375 0.00034611218 0.0002488438 0.0055911103 4.6910594e-05 0.0023907786 0.0009937325 0.00079566904 7.797758e-05 0.00031076776 0.00039057003 0.001061398 3.0757428e-06 0.0020404246 5.4260116e-05 1.7073216e-05 7.746532e-05 0.00018088464 2.9375292e-06 0.0016406763 0.0011114352 5.589908e-07 3.3760762e-07 2.522869e-06
0.56238216 0.008069725 0.004239 0.07892421 0.017571706 0.3043154 0.17949301 0.00018767477 9.590938e-05 0.00047907612 0.12779157 0.17914277 0.119989716 0.0008784139 0.0031427422 0.02761874 0.042165905 0.006465478 0.037287306 0.0003108143 0.01300653 0.0024054544 0.00020559679 0.93395096 1.83855e-17 0.0048283497 0.03735371 0.11506815 0.7802094 0.00012177446 0.00023900263 0.009148405 0.694752 4.5158977e-05 0.097707726 0.00035072293 0.07945052 0.23345883 0.10458271 7.56747e-06 0.6744824 0.01957435 0.0015732041 0.1147979 0.031063262 0.04418049 0.00010376995 0.011153416 0.000266972 3.4432264e-06 0.0030293071 0.006097823 0.00039693576 0.024446111 0.54186493 0.0038804132 1.4940535e-06 0.19794694 0.00014658843 0.0038005372 0.070380695 0.005324731 9.712678e-05 0.019106198 0.004484102 0.16171362 0.0021744852 0.027091641 0.0013818836 0.046503555 0.0014150278 7.403018e-05 0.054650094 0.00026450184 0.0073914235 0.00033351645 0.0019812675 0.0021763742 0.0019743592 0.0026754164 0.023117706 0.00012265512 0.024580097 0.0013075217 0.0021491568 3.6075126e-05 0.00040026076 0.0022832928 0.0011313078 2.5212588e-05 0.024217216 3.9571078e-05 8.06352e-05 0.0030872377 0.00094737025 8.248732e-06 0.0018288009 0.002302136 6.317771e-06 1.4274269e-05 1.0275675e-05
0.109708466 0.013343178 0.038224537 0.019211894 0.17582004 0.014820148 0.012055935 0.089831926 0.0071834875 0.038922474 0.021656675 0.0008288923 0.022202047 0.16469967 0.35766438 0.00889295 0.06242586 0.0070362943 0.13512261 0.19323353 0.89036703 0.009391899 0.2336714 0.0011606592 0.0048283497 1.438086e-20 0.14297326 0.0019490604 0.007139129 0.06318754 0.00898767 0.08916197 0.003760025 0.071076006 0.028144022 0.94634324 0.00010361717 0.0035359191 0.0013645006 0.0049236743 0.00037467573 0.000421501 0.00045565996 2.651455e-05 0.001304201 9.528152e-05 0.082505904 0.00042641786 0.00519541 0.0033643406 0.00020963125 0.00058284274 0.39019346 0.0004101149 8.144402e-06 0.06325562 0.004475239 0.004942669 0.011826994 0.00080809376 2.3417757e-05 0.00014901432 0.006221915 6.8442787e-06 8.011084e-05 2.038741e-06 0.00017951157 1.261414e-05 4.9151236e-05 0.00020054096 0.014523074 0.1091686 1.0889064e-05 3.565395e-05 0.00013952472 0.004844253 7.560253e-05 0.00014398144 0.00027077922 9.0570284e-05 4.752312e-05 6.178295e-05 2.9099308e-06 0.008503506 0.00045772633 0.0005027294 0.00027580958 3.1870297e-07 0.0065715797 6.185122e-05 1.8014054e-05 0.00046046652 1.0155213e-05 1.4111083e-06 0.00021720033 1.4755618e-06 0.0009687951 2.105994e-05 2.8130506e-07 4.2437904e-07 4.725208e-06
0.069975875 0.017732602 0.044215176 0.071988426 0.20061292 0.080951855 0.07176038 0.003348994 0.0025002265 0.009970137 0.31039482 0.005904548 0.023664579 0.006182436 0.0097170295 0.0062215887 0.5537123 0.0054690097 0.7274917 0.0011494955 0.6762461 0.0055353763 0.0007261118 0.03186512 0.03735371 0.14297326 1.835351e-21 0.0018595421 0.047533255 0.00026897583 0.002533734 0.88101697 0.032654 0.0003422915 0.54856443 0.026942544 0.00052004633 0.1560904 0.14556868 0.00022385492 0.022553168 0.00040250158 0.0002736883 0.010880181 0.0032073858 0.0239281 0.0011427258 5.4827986e-05 0.0023055798 0.0003919349 8.606052e-06 4.113356e-05 0.0071900366 0.02806078 0.0017974011 0.12997305 0.00012666054 0.002327017 0.0018867651 0.01173684 0.0019389007 0.008561606 0.00082394824 0.0033526323 1.6924365e-05 0.00059261767 0.0060468274 0.00017193484 0.003331269 0.00023088309 0.0067203664 0.004405292 8.2454804e-05 3.4918505e-06 9.079938e-05 0.0005850737 6.996781e-05 2.268926e-05 0.00024996957 0.0043351566 6.6314606e-05 1.0788273e-05 5.5061428e-05 0.0043731844 0.00014109685 0.00073501363 9.756329e-05 5.4418746e-05 0.0036115695 0.0004164716 0.00015863567 0.0002682547 0.0001726756 2.7587296e-06 0.00013105897 8.8303216e-07 0.0019531734 2.7170074e-05 1.5400192e-06 1.038496e-05 4.139192e-06
0.9878885 0.20634562 0.019447463 0.20262712 0.014733031 0.2289585 0.34721074 0.00042842273 0.0034223564 0.024620306 0.04624845 0.6286126 0.4648788 0.00020075087 0.0006830352 0.45792857 0.0041605374 0.25644746 0.002688417 9.755967e-05 0.004051279 0.09236311 0.00016385855 0.10349803 0.11506815 0.0019490604 0.0018595421 8.42633e-18 0.027738636 5.3676114e-05 0.00995948 0.0007851871 0.02285852 0.00011647292 0.0020564878 0.00063357333 0.7332283 0.0019340798 0.0009910368 0.0013528449 0.010525317 0.32693368 0.3667869 0.0014941868 0.3155892 0.00050694303 4.778945e-05 0.39899886 0.25118208 0.0002471832 0.4714848 0.34122828 0.00035600574 0.00013090744 0.123379014 3.2536842e-05 2.236077e-05 0.22817561 0.00053959043 8.3743216e-05 0.00078267994 0.00010956414 0.0075704376 0.00040495343 0.105152644 0.0032726256 2.6998438e-05 0.00042026854 4.208866e-05 0.040161993 0.0063805403 0.00021896398 0.010360521 0.012185821 0.024030348 0.00022453033 0.02286953 0.0078680925 0.57281625 1.8062256e-05 0.0073786126 0.01963522 0.0025601669 0.0038262275 0.13629182 0.00015066535 0.00426691 4.1355934e-06 0.004363438 7.7229315e-06 0.00038037082 0.00015109543 1.1144666e-05 1.7831031e-05 0.113888666 6.276379e-05 6.5969e-05 0.057498913 1.04405e-05 2.6593483e-05 7.732583e-05
0.3671812 0.008523012 0.006666609 0.066449896 0.023058962 0.22066052 0.12054305 5.643112e-05 0.00021032534 0.0009032157 0.12986135 0.060054235 0.073999934 0.00052019395 0.0017377485 0.018818185 0.049748506 0.004857032 0.05668066 0.0002429241 0.03104312 0.0015834087 0.000118319964 0.797744 0.7802094 0.007139129 0.047533255 0.027738636 1.5416012e-18 4.5713437e-05 0.00015098123 0.03397022 0.84429336 6.562908e-05 0.1773556 0.00061143 0.018090606 0.4556981 0.3018943 2.6080037e-05 0.80857044 0.0043726857 0.00048307536 0.20599614 0.008375731 0.13673563 5.0497572e-05 0.0031360926 0.00032145652 3.8842263e-06 0.0008127825 0.0008594651 0.00068702386 0.05019662 0.22647579 0.01241473 1.7078255e-06 0.059597917 7.859179e-05 0.008817658 0.09856325 0.0106663 5.9044178e-05 0.057099897 0.00042482204 0.10589218 0.008284505 0.03021481 0.006547882 0.016509932 0.0018086052 0.0001362083 0.02387537 2.6204818e-05 0.0011528879 0.00016759755 0.0006099701 0.00013218845 0.00057742937 0.005744299 0.007506354 1.4439967e-05 0.01101539 0.0012695544 0.0012792218 4.365481e-05 0.00017834186 0.002319755 0.001492724 9.240508e-05 0.024480615 3.9102488e-05 0.00013972739 0.0020216722 0.0002184238 4.0757092e-07 0.001439274 0.00085461297 9.1091715e-06 1.7302515e-05 4.945224e-07
0.071921006 0.0039735655 0.038855933 0.0012011844 0.022255016 0.000306764 0.0009806161 0.5167182 0.1867123 0.09020829 0.00040932305 0.00011312458 0.001659159 0.1537343 0.18272398 0.0004785013 0.00022176089 0.0006307143 0.00028280486 0.67040116 0.00833052 0.0031467804 0.833011 4.247183e-05 0.00012177446 0.06318754 0.00026897583 5.3676114e-05 4.5713437e-05 2.0572795e-18 0.006597838 4.750366e-06 5.7364155e-06 0.924899 5.492006e-06 0.23477633 1.2518549e-06 4.0459227e-06 3.0456562e-07 0.062552296 1.4854078e-07 8.825141e-06 3.1292017e-05 9.360758e-08 0.00023371543 1.1056628e-07 0.73159355 8.914852e-05 0.0032438133 0.0793869 3.1664593e-05 8.186971e-07 0.0038107287 3.3118962e-08 5.2509893e-08 1.5837428e-06 0.053519797 0.00030482875 0.10028223 5.129194e-08 1.2895444e-07 7.3910414e-08 0.012935106 3.238016e-08 1.8677281e-05 2.1610678e-09 8.4141355e-08 4.0796445e-07 9.471605e-08 4.004572e-06 0.021288563 0.00043361963 2.206753e-07 6.600889e-07 7.1736386e-06 0.046537288 6.810662e-06 9.3171975e-06 0.00010503302 4.0968703e-07 3.5151265e-07 7.012242e-06 1.06630324e-07 0.016352512 0.00027629427 0.034086805 1.17494e-05 6.0415775e-09 0.0076280204 3.2667208e-07 1.2624103e-07 0.0062767686 1.2217541e-06 6.474331e-08 6.7422276e-05 1.6794362e-06 0.02327858 6.33715e-05 3.5337827e-08 3.132604e-08 2.0238489e-09
0.99518514 0.18557934 0.099661015 0.048969753 0.02499861 0.022846581 0.036577534 0.06829065 0.42784056 0.7795175 0.008354156 0.007168599 0.2107953 0.0053096097 0.014798716 0.13330974 0.0033045048 0.27902848 0.0067702173 0.011782418 0.019679494 0.4706904 0.01218914 0.00012339238 0.00023900263 0.00898767 0.002533734 0.00995948 0.00015098123 0.006597838 5.0364237e-21 0.0011600882 8.5515436e-05 0.0048585422 0.00043321188 0.004290696 0.0014039284 3.134569e-05 2.9214272e-05 0.25862178 4.578567e-06 1.9532896e-05 0.17405269 8.410847e-06 5.8895486e-05 1.7097396e-05 0.002271558 0.00087610696 0.66089386 0.063375644 0.00072833285 0.0006067997 0.0022875213 1.015287e-05 3.6710048e-06 4.6243604e-05 0.020311773 0.00050636876 0.054479413 2.9745763e-05 1.6955286e-05 2.7355636e-05 0.20756423 0.00019807421 1.5000611e-06 6.015164e-06 5.7611498e-05 6.0501407e-05 8.433244e-05 0.0001411002 0.07519174 0.00018329809 7.050594e-05 8.078387e-06 2.7755013e-05 0.026311608 1.5861047e-05 6.2687373e-06 0.040477548 0.0002840268 1.0439843e-05 9.1808644e-05 2.7918359e-05 0.037447784 0.0039391047 0.012118605 3.932427e-06 1.6911456e-05 0.092464454 0.00023589063 1.7078604e-05 0.0008791695 0.0001908798 3.1229333e-06 0.034752086 4.7901896e-08 0.017429907 0.007986843 4.9561568e-06 6.428296e-05 8.093967e-09
