1.0786339e-22 0.55728704 0.8046486 0.87836766 0.8987819 0.89286435 0.8479901 0.97005737 0.9575397 0.92581826 0.96922225 0.9379808 0.9911791 0.9156051 0.65488744 0.6384193 0.9837779 0.74553686 0.36235878 0.87244904 0.4647747 0.992022 0.5733335 0.14491211 0.43673438 0.11622424 0.91340286 0.56931597 0.57155704 0.9827408 0.21685834 0.15205297 0.0688422 0.25199714 0.55220544 0.059501342 0.5765328 0.07512658 0.2656512 0.020957485 0.93371797 0.7469875 0.025724614 0.19101182 0.065459564 0.7637738 0.1746927 0.13430297 0.03145408 0.0099151125 0.99495363 0.06714159 0.0063695875 0.004531208 0.011880085 0.10643074 0.78778875 0.0041394825 0.9312928 0.012482429 0.018564478 0.017197354 0.83352625 0.011103769 7.127958e-05 0.30877823 0.000113818125 0.6770835 0.7759028 0.56319565 0.88501805 0.7990516 0.961672 0.98598415 0.92351174 0.9511536 0.9997827 0.99590665 0.15126668 0.8532334 0.9790407 0.030648354 0.9930468 0.15794875 0.9473799 0.48646423 0.35767192 0.9997396 0.99515116 0.20624606 0.0016712233 0.34165397 0.91037774 0.99999225 0.9908223 0.9993022 0.83012915 0.8484264 0.99729365 0.9656147 0.10550504
0.55728704 1.5484373e-19 0.95765483 0.93924886 0.65902984 0.53056145 0.3239379 0.43588036 0.74092007 0.0038637999 0.2967583 0.5753739 0.00034144198 0.00048962026 0.010805888 0.018371781 0.11192667 0.0016205414 0.2251317 0.00022150809 0.052365143 0.016469045 0.0002919151 0.096861 0.0033190174 0.01829216 4.2482367e-05 0.0814862 2.4693802e-05 0.009639779 0.00036794535 0.033430964 0.00013827677 0.00018266533 0.010843454 8.435126e-05 3.1091167e-05 0.0045947037 6.0382986e-06 0.0220116 0.0045596664 0.0010421311 0.019730223 0.0074081486 0.00025753406 8.3430015e-05 6.4689743e-06 0.100973114 0.0008572255 0.0008174018 0.00076056464 0.0021730643 7.856608e-05 2.3780887e-05 5.729652e-06 1.6602344e-06 2.5965617e-06 0.000285201 1.4805278e-06 0.01648634 2.35202e-05 3.874583e-05 1.6656787e-06 8.468532e-06 0.0002530889 1.109659e-05 0.00024520812 3.6776924e-05 0.0006368379 9.962518e-06 0.0002085654 4.692166e-08 1.9256164e-05 3.2430662e-06 1.03603085e-07 1.2695924e-06 0.00017414478 0.00032944733 2.0689171e-05 1.5608296e-07 3.8736965e-07 2.9603736e-08 0.021568052 8.56929e-09 3.4662628e-06 1.2668107e-06 2.1424945e-05 0.006433199 1.9796389e-08 8.3447675e-09 7.323841e-07 1.037883e-09 2.1386187e-08 0.000111304274 3.271834e-05 0.00019859434 7.836552e-09 3.678094e-08 8.4433185e-07 3.9426764e-09 1.1659692e-08
0.8046486 0.95765483 1.4920481e-16 0.55113554 0.947176 0.46113408 0.2572755 0.68589646 0.37729216 0.009733993 0.28766236 0.72406626 0.0028208175 0.004581937 0.04992064 0.08942781 0.27161902 0.008117085 0.3947102 0.0010156591 0.25203192 0.033457726 0.0017237378 0.23285672 0.03902828 0.08909216 0.00012826727 0.24760999 0.00033127182 0.002992238 0.0025830262 0.27162337 0.0012618738 0.0007169727 0.0035518883 0.0005589261 0.00016436802 0.061022606 7.488681e-05 0.12258118 0.0012016008 0.0003509568 0.23838913 0.008060119 0.0042761858 0.00066790945 5.3224845e-05 0.49590856 0.015886724 0.019231074 0.0035136442 0.00043316933 0.0023519136 0.000333148 4.986763e-05 5.9436684e-06 2.6716694e-05 0.010535997 4.4454355e-05 0.21796364 6.550859e-05 0.00012623679 7.3399833e-06 2.4847472e-05 0.0011418675 2.802522e-05 0.0006987575 4.4170458e-05 0.000458115 2.164176e-05 0.000314045 7.19436e-07 8.934215e-05 0.00013031317 3.3949336e-06 1.8502267e-05 0.0009122051 0.00029335654 3.384029e-05 3.7906318e-06 5.7705333e-06 2.000075e-06 0.019771978 1.2899883e-07 2.7616197e-06 2.1269013e-06 1.449244e-06 0.0052330955 1.10304256e-07 1.4814917e-07 8.476741e-06 4.6325148e-08 8.226969e-08 0.0006156522 2.9527944e-06 0.00033262421 5.5333228e-08 3.2598354e-08 2.493108e-06 2.7878257e-09 1.7635548e-07
0.87836766 0.93924886 0.55113554 7.412254e-17 0.34981465 0.85061395 0.16862397 0.6001787 0.8976678 0.0009061517 0.7620325 0.2551945 0.00022655175 0.00045266192 0.00079496397 0.002595438 0.12857372 0.0003267084 0.06758478 7.6034274e-05 0.006661823 0.040161267 0.00014163341 0.023032852 0.00068843656 0.0021781889 2.1852034e-05 0.09150835 2.3031425e-05 0.26281235 0.00022659691 0.012518251 8.319118e-05 5.892594e-05 0.32912183 9.819964e-05 2.7716316e-05 0.000962174 2.830857e-06 0.00847281 0.089638084 0.07410761 0.008960745 0.018522054 9.415879e-05 3.6516034e-05 2.4995027e-06 0.07510883 0.00015686991 0.0004753865 0.0011679069 0.02666653 1.5201286e-05 1.8298659e-05 4.4420176e-06 5.503874e-07 8.657769e-07 0.0001077854 6.992204e-07 0.021846237 0.0013303952 0.00092360633 1.7717214e-06 0.00043184918 0.00033299843 7.3700035e-06 0.00062535505 0.0051597646 0.014446966 1.2964423e-05 0.0073639625 3.9223067e-08 3.6258858e-05 1.0896575e-05 6.391206e-08 3.395636e-06 0.00038508032 0.0067492276 0.0014417758 2.2007886e-07 4.7792224e-07 2.1211058e-08 0.11035073 3.3057035e-09 0.00026088257 0.00025997558 0.0032603547 0.032394588 1.7089821e-08 1.8058533e-07 8.602408e-06 3.5721254e-08 2.2305947e-07 6.669209e-05 0.0015440539 0.0010566381 3.0455575e-07 7.630009e-08 3.965069e-06 2.03274e-08 5.6275606e-08
0.8987819 0.65902984 0.947176 0.34981465 1.7834877e-16 0.5528743 0.8297599 0.7445585 0.15676801 0.17784414 0.24225101 0.83614403 0.033123296 0.057790358 0.57990885 0.54714745 0.6917536 0.1948748 0.4897073 0.013446425 0.6879056 0.082307234 0.016634043 0.4380388 0.34485963 0.39202395 0.0005643158 0.13313358 0.0010284057 0.0010885737 0.024591777 0.5932548 0.0121417055 0.003332012 0.00049545267 0.0068960753 0.0002213626 0.3308712 0.0002707294 0.379179 0.00033666287 5.012147e-05 0.3442249 0.0022815363 0.043783937 0.0041055554 0.00010875589 0.5204864 0.09308453 0.09343905 0.01255862 0.00021033676 0.015520373 0.001764286 0.00041808523 3.3375363e-05 4.001039e-05 0.0690652 8.402264e-05 0.31624842 2.5196676e-05 6.53557e-05 2.1013295e-05 8.2925635e-06 0.0023357996 0.00012084984 0.0010665215 1.9895653e-05 3.8910282e-05 5.636421e-05 0.00013791762 2.1942533e-06 0.00022949724 5.406977e-05 1.8614253e-06 6.634952e-05 0.0006045046 0.00010552035 2.4936298e-05 5.5142527e-06 8.223684e-06 1.638959e-06 0.012877164 2.6108568e-08 4.1951866e-06 9.368662e-06 1.2331338e-05 0.0022719642 5.803212e-07 1.1659755e-07 7.186793e-06 5.8568073e-08 2.4096295e-07 0.00043990448 4.3733594e-06 0.00015314603 1.0351952e-07 2.2399466e-07 5.7777906e-06 4.3316387e-08 4.1579986e-07
0.89286435 0.53056145 0.46113408 0.85061395 0.5528743 1.6433519e-16 0.7876092 0.89549166 0.3930434 0.0268719 0.9491199 0.475902 0.01005037 0.01199846 0.03847517 0.060478136 0.46391153 0.015200323 0.15658306 0.007205931 0.08311063 0.45008102 0.0020256238 0.06422998 0.012980997 0.020083787 0.0013051827 0.11182503 0.00028751793 0.1537906 0.0017335656 0.062072836 0.00092702976 0.00041412513 0.031277727 0.00042519977 8.665303e-05 0.010752843 4.3356788e-05 0.031176906 0.015166151 0.0046262266 0.041781344 0.0042256955 0.001118348 0.0010285813 7.0495485e-06 0.15591745 0.0026576838 0.002996511 0.05116758 0.0020108304 0.00036666612 7.414852e-05 1.6963728e-05 1.014193e-06 1.3898407e-06 0.000571294 0.00012811935 0.04279247 0.00011600113 0.00015213998 9.0214686e-05 4.663119e-05 0.0001025336 1.07608275e-05 8.874517e-05 0.00042037253 0.0018760024 9.472731e-05 0.003090857 8.690047e-07 0.0018980654 0.0005593582 3.6046872e-06 5.7263398e-05 0.0070586787 0.0032343438 0.00012654295 9.401299e-07 1.2434344e-06 1.5702427e-07 0.3400996 2.0388791e-08 0.0005381292 0.00018031163 0.00037965924 0.034734804 2.3569552e-07 3.2397583e-08 3.1785687e-06 2.7602137e-08 5.919028e-10 0.002010653 0.00082672364 0.0033968652 6.8923235e-08 2.2636697e-09 9.431688e-07 9.513728e-10 8.785835e-09
0.8479901 0.3239379 0.2572755 0.16862397 0.8297599 0.7876092 7.750635e-16 0.8489154 0.022407418 0.7449427 0.49171105 0.19527584 0.7747204 0.3798446 0.43027255 0.3116779 0.94340605 0.41792578 0.049927354 0.27285206 0.3741003 0.8372105 0.07723411 0.110371724 0.20368086 0.15775715 0.18056601 0.0018800716 0.013060543 0.00478996 0.07709307 0.2489146 0.019548684 0.0062373737 7.0320944e-05 0.0097991545 0.0011941177 0.1216264 0.00050872436 0.091354236 0.00055589 1.690404e-05 0.054222826 0.00016848248 0.04812609 0.22848892 0.00042719123 0.036215667 0.03693927 0.029913697 0.42970738 8.460149e-05 0.010818255 0.0022076217 0.0006793565 3.4482102e-05 7.641897e-05 0.01920415 0.0069250534 0.036470566 4.1745334e-06 2.486877e-06 0.0018731875 2.699294e-06 0.00030302678 0.00041296304 0.000241553 6.17338e-06 3.2386943e-05 0.0014484515 0.00083108206 4.2687418e-05 0.0073384685 0.0016072436 0.00010721222 0.001241923 0.012246115 0.000545984 2.3886407e-06 6.91766e-05 0.00019607395 1.0501194e-05 0.04548329 8.914754e-08 4.669875e-05 2.4757468e-05 7.4768677e-06 0.005631728 1.2666784e-05 2.8204434e-07 5.7475427e-06 2.2305586e-07 3.3244865e-07 0.0022822055 1.2476697e-05 0.0016893153 1.0871739e-08 1.0251181e-06 7.560787e-05 3.9675405e-07 2.8206786e-08
0.97005737 0.43588036 0.68589646 0.6001787 0.7445585 0.89549166 0.8489154 2.1996121e-14 0.70725507 0.16444771 0.78105754 0.8086696 0.055669326 0.093327515 0.28126702 0.37536874 0.6599737 0.12724884 0.4783194 0.03066521 0.3424933 0.61756307 0.014746287 0.28441507 0.113450296 0.14204802 0.0028212494 0.41486314 0.0019379689 0.07607381 0.007858167 0.33523467 0.004357269 0.0018652078 0.008789298 0.0018172272 0.0002461716 0.08477852 0.000100386016 0.15673582 0.011049421 0.002135106 0.23762964 0.004569304 0.0048497817 0.0059720012 4.1537576e-05 0.5212346 0.011858747 0.020435564 0.11268931 0.0013601145 0.0018813172 0.00028040074 3.7082445e-05 4.9600194e-06 4.5098013e-06 0.0032303487 0.0005758777 0.2576557 5.9070993e-05 0.00015983595 9.9202196e-05 1.861444e-05 0.00021374854 0.00014821553 0.0002163591 0.00021199738 0.00039981212 0.00048254424 0.0025973953 4.765848e-06 0.002297929 0.00025775962 3.5305088e-06 0.0001896948 0.0046567935 0.0017117218 9.439598e-05 1.1373257e-05 1.3675594e-05 1.9688507e-06 0.48058224 5.2556683e-08 0.00039633492 0.00023755534 0.00022807748 0.0328703 1.1137934e-06 2.1370212e-07 4.147834e-06 5.017386e-08 3.6440986e-09 0.0031792892 0.0005505859 0.0032659096 1.7165187e-08 1.8253157e-08 9.003793e-06 2.475075e-08 1.3848439e-09
0.9575397 0.74092007 0.37729216 0.8976678 0.15676801 0.3930434 0.022407418 0.70725507 1.9653404e-14 0.000365004 0.53197974 0.6840422 0.0004682942 0.0003459671 0.0010170601 0.006058652 0.13945827 0.00022085567 0.6776234 0.00010752309 0.009420534 0.011791827 7.45197e-05 0.27440774 0.00035731716 0.002591981 1.3293983e-05 0.89460367 2.7202406e-05 0.26133743 8.732823e-05 0.036864787 9.766318e-05 7.477648e-05 0.86918175 0.00018330541 2.1575692e-05 0.0013437298 2.4008157e-06 0.04914488 0.14330685 0.44042113 0.030753024 0.81300116 0.00018070465 3.1720294e-05 4.0294535e-06 0.44093773 0.00030816358 0.0007361061 0.00035619133 0.61028636 2.7289607e-05 5.7864683e-05 1.9686508e-05 4.656296e-06 5.2436335e-06 0.0013693846 1.0291616e-06 0.106607646 0.02968277 0.06722569 1.1926427e-05 0.012803544 0.0070893066 1.1129669e-05 0.00964755 0.05960748 0.053658605 0.00012843376 0.03356377 5.171541e-07 8.234098e-06 0.00023437501 1.7751396e-06 8.9668737e-07 0.00020578121 0.030599281 0.004520142 1.726885e-05 4.6711466e-06 1.2124533e-06 0.19826044 6.466285e-08 0.00021358307 0.00011436128 0.0024636702 0.16398737 6.012116e-07 9.769885e-07 5.5061108e-05 1.9458228e-07 3.6085462e-06 0.00109507 0.0060962234 0.0018216589 5.03181e-06 2.1132378e-06 4.723485e-05 8.3485486e-07 5.1362967e-06
0.92581826 0.0038637999 0.009733993 0.0009061517 0.17784414 0.0268719 0.7449427 0.16444771 0.000365004 3.2542492e-16 0.011977212 0.021584768 0.9355299 0.90692717 0.40700853 0.18684743 0.5552605 0.7802284 0.003048933 0.6456856 0.13304105 0.10567569 0.23937711 0.009913402 0.35013968 0.0927921 0.21547283 0.00022588039 0.030365668 0.00012772859 0.18356946 0.11407045 0.07039377 0.06624975 1.6334765e-05 0.04047577 0.0019437599 0.15035734 0.011583648 0.01301045 2.5073608e-05 4.2571446e-06 0.011803698 7.243992e-05 0.10911039 0.011261232 0.00062104256 0.0033363558 0.08978941 0.033004504 0.12836306 1.886917e-05 0.028053503 0.008799828 0.008144559 0.0008103117 9.826803e-05 0.01602385 0.001059126 0.009879222 1.4939137e-06 6.194493e-06 0.00016746015 2.4899845e-07 2.0152458e-05 0.00016755825 1.4312149e-05 3.984376e-07 2.9939558e-06 8.512025e-05 8.539751e-05 5.8644805e-06 0.0014022919 0.0017737063 0.00013310317 0.00013531662 0.005773685 0.00014920857 6.75015e-08 5.0021217e-06 5.963151e-05 2.0341074e-06 0.02017404 8.168056e-08 2.5448587e-06 1.5295218e-06 2.2321867e-05 0.0019367099 9.479414e-06 2.1515037e-07 1.4454814e-06 3.7200678e-07 1.7159924e-07 0.0010451684 2.5457728e-05 0.00024671454 6.674538e-08 8.232539e-07 3.2474283e-05 1.9377333e-06 3.2689084e-07
0.96922225 0.2967583 0.28766236 0.7620325 0.24225101 0.9491199 0.49171105 0.78105754 0.53197974 0.011977212 2.0104987e-16 0.33517158 0.008173684 0.004711282 0.007920864 0.015224943 0.22106624 0.0045934566 0.074396655 0.0017311635 0.008846101 0.52834207 0.00071116857 0.014321338 0.002118264 0.0052225133 0.000724229 0.11867646 0.0001635089 0.5742707 0.00037132573 0.015271783 0.00039536017 0.00022356391 0.094206765 0.00023070349 9.2810544e-05 0.0012092069 2.1250959e-05 0.00847635 0.093300246 0.021940256 0.012442951 0.011152364 0.00030167188 0.00015047453 1.3839925e-05 0.087652944 0.0005353852 0.00060341886 0.027145272 0.0069290833 0.00013963161 4.1464955e-05 1.2960665e-05 5.1881757e-06 8.786115e-06 9.925623e-05 4.517573e-05 0.008680088 0.000570051 0.0005216916 6.178184e-05 0.00040925178 2.9946743e-05 0.00012338509 5.629776e-05 0.0038248666 0.015173588 0.0001688982 0.013074401 1.6381417e-06 0.0014150752 0.00039610727 2.388921e-06 5.5783523e-05 0.008976135 0.009325128 0.0030509925 1.6255005e-06 1.0792508e-06 3.042264e-06 0.8265989 3.7398653e-08 0.009780971 0.012119101 0.020803725 0.21634157 1.4181836e-07 1.3212384e-07 3.418002e-06 5.056593e-08 2.0575097e-08 0.0030900154 0.011424176 0.021428397 3.04401e-05 4.2054313e-07 1.727975e-06 2.252822e-07 2.0139728e-08
0.9379808 0.5753739 0.72406626 0.2551945 0.83614403 0.475902 0.19527584 0.8086696 0.6840422 0.021584768 0.33517158 1.0589741e-15 0.010011535 0.015618035 0.13154778 0.24491574 0.41922343 0.013548392 0.9666923 0.0007458099 0.6878645 0.047492824 0.0007913476 0.68238777 0.03036734 0.15777521 5.8616886e-05 0.12235614 5.0041137e-05 0.024464965 0.0007529698 0.24951327 0.0005278806 0.00016358781 0.0021157474 0.00043507558 2.4096182e-05 0.038286418 3.2729463e-06 0.10641257 0.003835377 0.00070820213 0.102802806 0.013355239 0.00082978955 5.070523e-05 3.918381e-06 0.3041355 0.0054160855 0.008520935 0.001384376 0.0007005651 0.00021018798 7.087241e-05 7.744594e-06 4.37772e-06 3.115645e-06 0.0033990787 8.525518e-07 0.096323945 1.1664314e-05 7.095674e-05 3.6467137e-07 6.2173854e-06 0.0013889397 5.1488128e-06 0.0014537214 6.878039e-05 0.00058889476 1.1622786e-05 0.0030127151 8.49034e-08 2.160655e-06 8.5053296e-05 3.2883709e-06 3.9307866e-07 7.761485e-05 0.005476136 1.9734882e-06 8.7109225e-07 8.4729453e-07 9.252301e-08 0.13814712 2.3404594e-08 6.819078e-06 5.139952e-06 0.0002779969 0.02051699 8.290037e-07 3.4958936e-07 3.0051237e-06 1.0324303e-06 4.77068e-07 0.00027266078 0.0010013283 0.0011044189 1.041298e-06 1.09026026e-07 2.1560121e-05 3.6669285e-06 1.2176143e-06
0.9911791 0.00034144198 0.0028208175 0.00022655175 0.033123296 0.01005037 0.7747204 0.055669326 0.0004682942 0.9355299 0.008173684 0.010011535 2.3399187e-16 0.7380059 0.13138954 0.100096844 0.543521 0.4120734 0.0013597048 0.56420946 0.05119178 0.30783695 0.19126241 0.005406237 0.13185114 0.039103013 0.70535606 0.00023763577 0.09413764 5.8228372e-05 0.11637927 0.041977856 0.05181202 0.062888354 1.0124419e-06 0.0362403 0.027278122 0.05875775 0.015704498 0.005887485 9.003089e-06 6.520989e-07 0.0039826883 1.8178313e-05 0.0849398 0.43087056 0.0033105202 0.00064211397 0.058188606 0.014444314 0.8012336 6.245411e-06 0.017655946 0.0069105593 0.008202623 0.0017131885 0.0003199966 0.008223076 0.019355847 0.0017218844 1.832903e-07 1.0598387e-06 0.0040469146 1.9422384e-08 4.707251e-05 0.0008002468 2.1852931e-05 2.1506981e-08 4.3386237e-07 0.0007968202 5.4175838e-05 5.5480257e-05 0.0093271155 0.02094346 0.0005484632 0.00064798974 0.0856637 0.00016098881 1.915145e-08 4.0078212e-05 0.00012761305 6.2799622e-06 0.05549636 2.1878185e-07 2.4019937e-07 1.3526248e-07 3.389067e-07 0.0029438632 6.832113e-05 3.8548276e-07 5.567448e-06 2.2022489e-06 2.9478315e-06 0.015949845 5.568776e-06 0.00014055762 4.3452633e-10 9.422145e-06 0.00017885896 1.130349e-05 2.647594e-07
0.9156051 0.00048962026 0.004581937 0.00045266192 0.057790358 0.01199846 0.3798446 0.093327515 0.0003459671 0.90692717 0.004711282 0.015618035 0.7380059 3.4864956e-16 0.5161942 0.38161114 0.2702071 0.9451629 0.0013168709 0.90273273 0.30014622 0.038112897 0.70578015 0.014489546 0.6108206 0.12802705 0.3441027 0.0004840175 0.3364915 0.00010176995 0.61794275 0.16758159 0.22675267 0.46830276 2.0956379e-05 0.19563688 0.0061507025 0.22867061 0.15741967 0.019740552 2.6392468e-05 4.6976044e-07 0.015871082 8.262216e-05 0.31201103 0.010404138 0.0047406815 0.006037409 0.20895353 0.04362111 0.10123323 1.0853492e-05 0.079469 0.03020035 0.05289756 0.015271506 0.00019753865 0.027284764 0.0012449082 0.015992517 9.666318e-07 1.7468912e-05 0.00030222736 3.2283052e-07 8.386873e-06 0.00023736783 5.4053444e-06 7.235603e-07 1.4151728e-06 5.6170386e-05 5.348501e-05 2.0507523e-05 0.00082590844 0.001037286 7.292256e-05 0.00012799223 0.0028791495 0.00010339546 7.465239e-08 5.5493088e-06 2.1214693e-05 1.6540015e-06 0.012645723 5.3695285e-08 1.1200332e-06 2.1370838e-06 1.653206e-05 0.0021249289 8.168898e-06 1.5334332e-06 7.84828e-07 2.0384339e-06 2.1083913e-07 0.0013623895 8.323554e-05 0.00020450974 9.7178436e-08 5.4236034e-06 6.293407e-05 1.0335933e-05 4.160593e-07
0.65488744 0.010805888 0.04992064 0.00079496397 0.57990885 0.03847517 0.43027255 0.28126702 0.0010170601 0.40700853 0.007920864 0.13154778 0.13138954 0.5161942 2.148298e-21 0.98441464 0.41289464 0.75634235 0.024058284 0.106588565 0.6118632 0.029452626 0.21756329 0.07434867 0.84505945 0.32578966 0.0011186658 3.17938e-05 0.0035644416 1.1774245e-05 0.18250637 0.14316136 0.047222186 0.0074554645 2.2879364e-07 0.012142946 9.49254e-06 0.12914218 0.00013270177 0.017146677 1.1092386e-06 5.635424e-08 0.0064679296 4.3000205e-06 0.06946505 0.0006436636 2.988932e-06 0.0022584281 0.07805638 0.018175272 0.011408013 5.0411825e-07 0.017534511 0.0032134417 0.0006608137 1.0844595e-05 9.2728885e-07 0.010742147 1.0785691e-05 0.014658045 8.185663e-08 1.8145532e-06 7.744043e-07 5.684272e-08 9.645052e-06 6.570946e-06 5.2956066e-06 1.04411065e-07 8.226154e-08 3.467331e-06 3.430107e-06 2.8307843e-08 1.51824515e-05 3.554209e-05 8.34706e-07 1.2906031e-06 0.00064487493 2.5472613e-05 1.0793748e-07 7.296425e-08 6.83796e-07 1.5343517e-08 0.014275556 1.5998728e-09 1.3597526e-07 5.028617e-07 1.9319346e-07 0.0010180897 1.1356294e-07 1.4636028e-08 4.789797e-08 1.0649572e-08 1.4878541e-08 0.00035077563 9.959055e-07 1.0919149e-05 1.1987456e-07 5.6139456e-08 1.2491977e-06 5.3312696e-08 2.3128527e-08
0.6384193 0.018371781 0.08942781 0.002595438 0.54714745 0.060478136 0.3116779 0.37536874 0.006058652 0.18684743 0.015224943 0.24491574 0.100096844 0.38161114 0.98441464 3.0156615e-18 0.39091963 0.47817877 0.05495243 0.03526139 0.8102776 0.029204423 0.06017637 0.14872149 0.8034722 0.5212817 0.00015396597 0.00068733835 0.0009714332 0.00013374104 0.10851308 0.29286328 0.02264958 0.005482441 2.6717853e-06 0.008095058 1.4484212e-05 0.27266863 7.874153e-05 0.051135555 2.5301637e-05 8.54129e-07 0.033106472 4.5121436e-05 0.06254652 0.00014561837 3.4647662e-06 0.025237925 0.13574483 0.06458687 0.0066934926 3.390944e-06 0.024784593 0.0032641785 0.00038951344 1.3554813e-05 1.7499068e-06 0.03575419 2.4197539e-06 0.05683906 4.3352037e-07 5.7909365e-06 4.4123303e-07 3.402182e-07 0.00013287082 3.2623823e-06 5.518854e-05 5.906169e-07 7.311899e-07 6.9167463e-06 1.5162296e-05 4.5437197e-08 4.3228672e-05 3.698952e-05 1.2050549e-06 1.4065535e-06 0.0007144428 7.3282565e-05 3.216075e-07 1.464039e-07 3.129279e-07 8.4133006e-08 0.015373796 3.5097534e-09 1.5795293e-07 2.1409412e-06 8.047337e-06 0.0022146986 3.5973912e-07 5.091851e-08 5.3839295e-07 3.4362227e-08 2.7682278e-08 0.0004157541 9.080229e-06 4.95927e-05 2.2415364e-07 1.8247648e-07 3.55557e-06 2.3770386e-07 9.339892e-08
0.9837779 0.11192667 0.27161902 0.12857372 0.6917536 0.46391153 0.94340605 0.6599737 0.13945827 0.5552605 0.22106624 0.41922343 0.543521 0.2702071 0.41289464 0.39091963 2.6382726e-13 0.21178065 0.106434785 0.090364434 0.3952798 0.92948407 0.04172997 0.12305489 0.18036363 0.18482894 0.038178567 0.011461355 0.0063656615 0.0037352927 0.022110697 0.2818653 0.008722399 0.0050257407 0.001361744 0.005285342 0.00078628556 0.14254998 0.00030314643 0.07578789 0.0007344625 0.00076976855 0.104917526 0.00031622357 0.016740637 0.025608236 0.000242584 0.09591953 0.038619902 0.04115077 0.5524166 0.00023180708 0.0029538479 0.00035784452 9.3239396e-05 1.20005525e-05 1.8086179e-05 0.011036256 0.00056393136 0.095293894 1.801431e-05 5.105162e-05 0.00026439998 1.4297906e-05 2.2310396e-05 0.00012927785 2.9946912e-05 2.9385003e-05 0.00016762683 0.0009798664 0.0014780794 1.3237661e-05 0.0058423346 0.000617074 9.6357935e-06 0.00050711783 0.017375274 0.0011983068 1.3156696e-05 1.4032503e-05 2.0974834e-05 4.1447574e-06 0.27539682 2.4116412e-07 0.00020127803 3.011951e-05 3.1335407e-05 0.031982895 9.965512e-06 2.9053192e-08 6.3377064e-07 1.7815502e-08 1.0418448e-07 0.007118543 0.0007506185 0.0014328586 7.894235e-09 2.1246093e-07 1.2231327e-05 1.1931864e-07 4.6346686e-09
0.74553686 0.0016205414 0.008117085 0.0003267084 0.1948748 0.015200323 0.41792578 0.12724884 0.00022085567 0.7802284 0.0045934566 0.013548392 0.4120734 0.9451629 0.75634235 0.47817877 0.21178065 1.339632e-18 0.0020559053 0.80235696 0.2949444 0.02481701 0.9413403 0.017211316 0.89011574 0.13404481 0.10883651 7.3688054e-05 0.27715477 3.4117606e-05 0.78766775 0.06640446 0.28873274 0.26827216 1.4124925e-06 0.15006281 0.0012456457 0.11158985 0.04814799 0.0117848115 1.2882962e-06 1.293572e-07 0.0045295577 6.1254786e-06 0.2599824 0.005896006 0.00087232236 0.0009472943 0.15042998 0.016335305 0.051309023 1.8940735e-06 0.06771756 0.03620435 0.027039818 0.004339332 4.105193e-05 0.012255328 0.00014701809 0.0064052534 4.944833e-07 3.327622e-06 8.8067405e-05 1.1194666e-07 4.618276e-06 0.00011238648 2.1705682e-06 2.467624e-07 1.653996e-07 4.252018e-05 1.0524112e-05 2.1984067e-06 0.0001928944 0.00018000031 5.6778085e-06 5.4398793e-06 0.0009974597 1.9599212e-05 1.3701376e-07 5.1576615e-07 7.015104e-06 6.495854e-08 0.007199018 8.580297e-09 1.5994274e-07 1.2215712e-06 6.3235098e-06 0.0010823606 1.4715836e-06 1.4696515e-07 1.2525325e-07 6.742237e-08 2.772365e-08 0.0005604451 4.39412e-06 6.480277e-05 6.291745e-07 1.6068779e-07 5.034229e-06 3.9157416e-07 2.0721791e-07
0.36235878 0.2251317 0.3947102 0.06758478 0.4897073 0.15658306 0.049927354 0.4783194 0.6776234 0.003048933 0.074396655 0.9666923 0.0013597048 0.0013168709 0.024058284 0.05495243 0.106434785 0.0020559053 5.34533e-16 0.0001186361 0.62169296 0.008868799 0.00019542837 0.9643624 0.013264641 0.3369602 4.5466763e-06 0.41460025 1.36358085e-05 0.0039976123 0.00021573089 0.495427 0.00011252687 2.7929065e-05 0.0019123201 0.0001310541 9.262101e-06 0.032119896 2.5267443e-07 0.37790525 0.00061097095 0.00038834955 0.2823789 0.03345905 0.0002334501 2.3775976e-06 1.5850469e-06 0.43267217 0.00631941 0.0074036773 0.00013813942 0.0012165698 0.00015822108 2.519742e-05 5.7335437e-06 1.0616494e-06 7.5946366e-07 0.006603346 1.4175778e-07 0.12050691 3.3445795e-06 3.7251946e-05 1.09669664e-07 4.231696e-06 0.0017632304 4.0532527e-06 0.0014930507 5.328152e-05 0.0001389455 3.4224936e-06 0.00019200427 1.14312584e-07 4.1541935e-07 5.28603e-06 1.0594173e-06 1.6251309e-07 1.3202586e-05 0.0007463627 3.6023997e-07 1.1578659e-06 7.531288e-07 2.6389398e-07 0.021457205 1.3569563e-08 4.1981166e-06 2.3688003e-06 2.6947968e-05 0.0059872563 2.7162199e-07 4.7080967e-08 1.077636e-06 1.4080817e-07 3.752863e-08 1.4412355e-05 2.1128419e-05 0.00038742842 5.9274225e-06 4.266663e-08 1.1433433e-06 5.456167e-08 1.9363875e-07
0.87244904 0.00022150809 0.0010156591 7.6034274e-05 0.013446425 0.007205931 0.27285206 0.03066521 0.00010752309 0.6456856 0.0017311635 0.0007458099 0.56420946 0.90273273 0.106588565 0.03526139 0.090364434 0.80235696 0.0001186361 1.1471382e-18 0.03141514 0.02774232 0.893057 0.0019965316 0.24943651 0.021692352 0.8567231 0.00011399562 0.92587274 3.7974867e-05 0.4733682 0.011377922 0.12355922 0.50109434 2.215595e-07 0.14722109 0.2030335 0.020047456 0.47116122 0.0020312434 8.0302067e-07 1.3158319e-08 0.00038989607 5.050198e-06 0.15758666 0.13859263 0.25022304 0.00043947384 0.05472212 0.004424439 0.18610361 1.0702986e-06 0.03929299 0.03975277 0.101692535 0.23435372 0.0056841807 0.001870825 0.005024303 0.00068330194 7.231726e-07 7.553137e-06 0.003637499 6.3837014e-08 1.6355801e-06 0.0037404133 7.7036105e-07 3.646536e-07 7.20004e-08 0.00056496734 7.5895355e-06 4.907836e-05 0.0034333128 0.002880104 0.00060199946 0.00036911134 0.009792699 2.5179716e-05 7.684456e-08 3.820612e-05 0.00018321491 1.905306e-06 0.0069534667 6.561841e-08 1.5397498e-07 6.4507174e-07 2.704121e-07 0.0015836986 4.002333e-05 4.207469e-07 7.239123e-07 4.3365142e-07 5.47235e-07 0.0025026524 4.4777616e-06 5.2050036e-05 9.05704e-08 1.7492592e-06 6.13497e-05 3.758046e-06 4.2992434e-07
0.4647747 0.052365143 0.25203192 0.006661823 0.6879056 0.08311063 0.3741003 0.3424933 0.009420534 0.13304105 0.008846101 0.6878645 0.05119178 0.30014622 0.6118632 0.8102776 0.3952798 0.2949444 0.62169296 0.03141514 2.7927988e-19 0.02191041 0.026303519 0.79754746 0.8684291 0.9760036 0.00017314142 0.002261056 0.00040374184 8.4633124e-05 0.029338403 0.7275188 0.008592251 0.0012560195 4.1122835e-06 0.0039659655 2.4175913e-05 0.4403208 3.254733e-05 0.14934987 8.736351e-06 1.0820437e-06 0.06498172 0.000120628756 0.028519627 0.00014713156 5.2965665e-06 0.043032162 0.17488784 0.104934484 0.0042441688 4.4675207e-06 0.013182915 0.0020874161 0.00025768933 1.0116703e-05 8.901833e-06 0.0386192 6.1665305e-06 0.051925633 4.17235e-07 3.5929113e-06 2.0434675e-06 2.077706e-07 0.00014038387 2.232902e-05 0.000101446 2.0611792e-07 5.273208e-07 1.4851684e-05 1.3837206e-05 2.426454e-07 3.8198647e-05 2.9384722e-05 3.25759e-07 6.1087735e-07 0.00042871965 4.0337734e-05 8.157655e-08 2.3033624e-07 3.3821536e-07 5.4900003e-08 0.016088791 3.949149e-09 8.6271245e-07 1.5418356e-06 1.9771014e-06 0.0008090781 3.747847e-07 1.545141e-07 2.3087237e-07 3.8977703e-08 3.7457117e-08 0.00020744007 5.7346433e-06 5.6202483e-05 1.2130084e-06 4.642592e-07 1.077202e-05 2.8207958e-07 4.1697925e-07
0.992022 0.016469045 0.033457726 0.040161267 0.082307234 0.45008102 0.8372105 0.61756307 0.011791827 0.10567569 0.52834207 0.047492824 0.30783695 0.038112897 0.029452626 0.029204423 0.92948407 0.02481701 0.008868799 0.02774232 0.02191041 3.7582957e-14 0.0061061587 0.008886731 0.00962313 0.012774317 0.025786575 0.0006150219 0.0011689384 0.029897863 0.0024730228 0.0222444 0.0014684153 0.00064364553 0.0013346391 0.0009392736 0.0005768171 0.004110109 6.470767e-05 0.0047263284 0.0037838924 0.0015237522 0.0055916226 0.00015143215 0.0018801667 0.030055072 0.00013553257 0.0037737514 0.001941518 0.0018269261 0.8538021 0.0005551845 0.00060763553 0.00013330922 2.8957693e-05 4.3429727e-06 2.3452712e-05 0.00024568403 0.0073233284 0.001200543 3.8771563e-05 4.6916364e-05 0.0015056287 6.519413e-06 5.2551804e-05 0.00027388122 5.2421357e-05 0.00023191057 0.0021430117 0.0032821007 0.007927905 9.0877955e-05 0.016367357 0.0051350654 0.00011250809 0.001263317 0.0822946 0.0046489285 0.0013700377 0.00038159417 0.00021741896 0.0003167297 0.69486845 3.315044e-06 0.0018686744 0.0011324262 0.0021248194 0.09594988 0.00013359252 1.3908146e-05 1.816542e-05 7.0641663e-06 1.4781464e-06 0.011354248 0.004774738 0.007910576 5.727437e-07 1.8325867e-05 0.0002710053 1.8925759e-05 1.7113673e-07
0.5733335 0.0002919151 0.0017237378 0.00014163341 0.016634043 0.0020256238 0.07723411 0.014746287 7.45197e-05 0.23937711 0.00071116857 0.0007913476 0.19126241 0.70578015 0.21756329 0.06017637 0.04172997 0.9413403 0.00019542837 0.893057 0.026303519 0.0061061587 9.713638e-19 0.002637867 0.6135699 0.021753695 0.38528642 3.811281e-05 0.9043532 1.2411508e-05 0.91991496 0.013576296 0.60117275 0.8482429 2.106725e-07 0.5329157 0.022966146 0.03122848 0.6060009 0.001912446 5.5307135e-07 2.564297e-08 0.00028552866 2.5689997e-06 0.35110587 0.015541443 0.07124294 0.0002212117 0.07637193 0.006135921 0.03813207 3.7126148e-07 0.08420243 0.10715506 0.23025022 0.30056536 0.0016492252 0.0056883455 0.0005528826 0.0005098745 1.97635e-07 1.0597093e-06 0.00033764855 2.7005866e-08 8.4743687e-07 0.00061691576 2.559327e-07 6.228239e-08 6.427563e-08 4.801888e-05 3.4992145e-06 1.3212675e-05 0.0005169753 0.0005116199 0.00011852166 3.277724e-05 0.0021491074 9.9287045e-06 7.0887516e-08 7.1571562e-06 4.882509e-05 2.5893547e-07 0.002388068 5.051667e-08 9.988508e-08 1.4671812e-07 6.824419e-08 0.000996487 1.5376632e-05 2.6966967e-07 2.1302579e-07 1.6350474e-07 1.2256443e-07 0.0009961863 5.4798136e-07 3.9594106e-05 2.1215723e-07 1.5882631e-07 1.0569867e-05 2.6883e-07 4.7941546e-07
0.14491211 0.096861 0.23285672 0.023032852 0.4380388 0.06422998 0.110371724 0.28441507 0.27440774 0.009913402 0.014321338 0.68238777 0.005406237 0.014489546 0.07434867 0.14872149 0.12305489 0.017211316 0.9643624 0.0019965316 0.79754746 0.008886731 0.002637867 1.749992e-17 0.12098111 0.82676286 8.219948e-05 0.11680291 7.670519e-05 0.00042929675 0.003912534 0.91704625 0.0011896201 0.00016151335 0.00033011503 0.00048180207 7.061711e-05 0.4610284 1.0184722e-06 0.7297168 0.00010027205 3.4175246e-05 0.62178576 0.009240809 0.0040278425 2.843714e-05 3.7766024e-06 0.40675437 0.06985782 0.253787 0.0011062194 0.0001703866 0.0039385958 0.0004146903 2.1485408e-05 1.9672555e-06 1.7553488e-06 0.112251185 1.0512631e-06 0.17783977 3.853966e-06 1.832856e-05 1.56614e-06 1.0789461e-06 0.006640928 1.2724512e-05 0.003700616 6.262899e-06 8.261884e-05 5.205115e-06 4.383993e-05 4.745061e-07 4.5230977e-06 8.668667e-05 1.0571183e-06 1.9594894e-07 0.0003876191 7.1076895e-05 2.5617285e-06 8.309283e-06 6.887981e-06 2.1439466e-06 0.0042019202 1.5897163e-07 3.9689317e-06 2.2221584e-06 5.1503353e-06 0.0020236764 5.680506e-06 5.545994e-07 6.9742896e-07 8.0604785e-08 1.4915571e-07 0.00019412364 2.8372601e-06 0.00014203663 2.5676049e-05 2.307401e-07 1.7594997e-05 1.799236e-08 5.3236766e-07
0.43673438 0.0033190174 0.03902828 0.00068843656 0.34485963 0.012980997 0.20368086 0.113450296 0.00035731716 0.35013968 0.002118264 0.03036734 0.13185114 0.6108206 0.84505945 0.8034722 0.18036363 0.89011574 0.013264641 0.24943651 0.8684291 0.00962313 0.6135699 0.12098111 1.329183e-16 0.8162704 0.010528811 0.00021131813 0.03511105 2.5717118e-05 0.94346493 0.4358083 0.8337923 0.4179884 5.765923e-06 0.62786615 0.0005080097 0.6931563 0.015567074 0.07092491 3.412807e-06 1.0931531e-06 0.02142994 2.98697e-05 0.89005166 0.00036842714 0.00017255708 0.0052540107 0.8248255 0.17805451 0.010414869 4.4305143e-06 0.6301758 0.46354324 0.15414283 0.0020544962 1.2904116e-05 0.14141074 1.596325e-05 0.027515799 4.0119434e-07 6.245417e-06 1.1704397e-05 3.0402322e-07 8.766234e-05 1.9286746e-05 2.4039924e-05 4.3632252e-07 7.218875e-07 1.5976135e-05 3.060351e-05 2.0619452e-06 5.2943014e-05 0.00013402333 9.427187e-06 1.5906378e-06 0.0003380281 1.8495299e-05 2.3625677e-07 1.6117929e-06 3.34992e-06 3.6072746e-07 0.0035013596 3.8230223e-08 3.9441997e-07 1.0387945e-06 7.679262e-06 0.0009438433 6.203816e-06 5.501733e-07 3.270505e-07 3.8072264e-07 1.0964247e-07 0.00017380947 4.2274831e-07 5.5268545e-05 9.3648976e-07 1.0093824e-07 4.0252903e-06 2.1428406e-08 9.308986e-07
0.11622424 0.01829216 0.08909216 0.0021781889 0.39202395 0.020083787 0.15775715 0.14204802 0.002591981 0.0927921 0.0052225133 0.15777521 0.039103013 0.12802705 0.32578966 0.5212817 0.18482894 0.13404481 0.3369602 0.021692352 0.9760036 0.012774317 0.021753695 0.82676286 0.8162704 1.7445864e-17 0.00030010598 0.0016795525 0.00031318335 7.3593175e-05 0.03566002 0.9085237 0.013793143 0.0014557289 3.0630183e-06 0.0049663316 6.0391074e-05 0.7922201 1.739213e-05 0.37308457 5.496203e-06 5.0315236e-07 0.17454827 3.2900163e-05 0.07198145 7.133494e-05 2.6456842e-06 0.033503413 0.56418395 0.51865196 0.0052436013 1.4231731e-06 0.072786056 0.006156815 0.00048297035 4.023847e-06 2.61437e-06 0.24885328 4.694951e-06 0.052220505 1.6928834e-07 4.322655e-06 5.779017e-07 2.3208035e-07 0.00029168717 2.1499395e-06 0.00012152827 1.514868e-07 1.482069e-06 1.9172448e-06 2.4585921e-05 7.6616146e-07 2.4422223e-05 0.00020485112 2.9676864e-06 1.7250277e-06 0.00038166443 6.177206e-05 2.1556276e-07 8.6515456e-07 1.9171903e-06 2.8806585e-07 0.0035706235 2.9325214e-08 3.8500554e-07 5.000979e-07 2.6682178e-08 0.0008254399 8.542842e-06 5.967812e-08 1.8103763e-07 7.992105e-09 7.5389735e-08 0.00028124274 5.533004e-07 9.871809e-06 1.1585441e-06 1.7629276e-07 4.006776e-06 8.675662e-09 5.405167e-07
0.91340286 4.2482367e-05 0.00012826727 2.1852034e-05 0.0005643158 0.0013051827 0.18056601 0.0028212494 1.3293983e-05 0.21547283 0.000724229 5.8616886e-05 0.70535606 0.3441027 0.0011186658 0.00015396597 0.038178567 0.10883651 4.5466763e-06 0.8567231 0.00017314142 0.025786575 0.38528642 8.219948e-05 0.010528811 0.00030010598 3.5795753e-18 8.311969e-06 0.90497047 2.5027835e-05 0.07230674 0.0003179139 0.021687688 0.19637546 8.613851e-08 0.034367837 0.9215323 0.00035489487 0.3433175 3.9358696e-05 1.0917008e-06 1.4704806e-08 4.02074e-06 4.7637556e-07 0.018138554 0.7649145 0.65291953 6.1040887e-06 0.002334854 8.4938845e-05 0.28025886 1.0424476e-06 0.0038853793 0.009389692 0.044854663 0.29681152 0.48040703 3.0816253e-05 0.07710418 8.121425e-05 1.2609064e-07 3.464062e-06 0.11430451 4.5137895e-08 6.820893e-08 0.08817997 1.86676e-08 7.8441195e-07 3.7337372e-07 0.011569416 1.2009575e-05 0.002079415 0.027724661 0.11296554 0.025908066 0.0030401761 0.0773296 0.0001290853 3.2453677e-08 0.0013424585 0.002867959 0.00018382202 0.019704033 5.7539155e-06 4.3155845e-07 1.6649799e-06 1.1182902e-06 0.0031830068 0.0009807475 1.069078e-05 8.463942e-05 1.5564936e-05 2.0266978e-05 0.019992847 0.00017270885 8.787394e-05 7.337413e-08 0.00037829124 0.00052714313 0.00012291707 8.719064e-06
0.56931597 0.0814862 0.24760999 0.09150835 0.13313358 0.11182503 0.0018800716 0.41486314 0.89460367 0.00022588039 0.11867646 0.12235614 0.00023763577 0.0004840175 3.17938e-05 0.00068733835 0.011461355 7.3688054e-05 0.41460025 0.00011399562 0.002261056 0.0006150219 3.811281e-05 0.11680291 0.00021131813 0.0016795525 8.311969e-06 3.6455495e-14 1.31302595e-05 0.026502509 2.217489e-05 0.02449333 3.3238968e-05 5.6360503e-05 0.069281235 0.00012084696 3.352968e-05 0.0018192423 5.9178883e-06 0.05871953 0.01677726 0.02703398 0.080595694 0.99268997 0.00010634847 5.491079e-06 5.0676394e-06 0.7705345 0.0007980062 0.00062826584 1.4895017e-05 0.08385937 2.9887939e-05 3.0810494e-05 7.399759e-06 2.5251027e-06 3.3881395e-05 0.0047833133 4.9274666e-07 0.27809957 0.0012591102 0.011061967 1.2791125e-05 0.0018032722 0.017517988 8.7646455e-05 0.025750175 0.0046589724 0.013766282 3.769142e-05 0.007795263 6.754516e-06 1.5147907e-06 3.4932014e-05 7.257203e-06 4.679281e-07 0.0004386632 0.01981585 8.166815e-05 5.8223046e-05 8.108953e-06 9.379632e-06 0.07105541 3.1151371e-06 0.00037522713 0.00027902404 0.00074907497 0.066172004 1.334146e-05 4.1877515e-06 4.7391823e-05 9.307845e-06 2.5172874e-05 8.84535e-05 0.006990278 0.003726735 2.8985105e-05 3.6475953e-06 1.8832316e-05 1.1131351e-06 5.092223e-07
0.57155704 2.4693802e-05 0.00033127182 2.3031425e-05 0.0010284057 0.00028751793 0.013060543 0.0019379689 2.7202406e-05 0.030365668 0.0001635089 5.0041137e-05 0.09413764 0.3364915 0.0035644416 0.0009714332 0.0063656615 0.27715477 1.36358085e-05 0.92587274 0.00040374184 0.0011689384 0.9043532 7.670519e-05 0.03511105 0.00031318335 0.90497047 1.31302595e-05 2.1986597e-18 9.4071373e-07 0.42880237 0.0002685634 0.107903846 0.71001357 8.2897714e-08 0.16223697 0.5972853 0.0004973131 0.8108239 4.2572523e-05 1.4130036e-07 4.7458166e-09 1.6952608e-06 1.2828636e-06 0.06719394 0.07328357 0.8271866 9.865655e-06 0.0074811126 7.392301e-05 0.015850034 1.9719334e-07 0.011912122 0.032964267 0.21028478 0.67567694 0.08307833 0.000121149176 0.0025672277 0.00014941605 1.7101715e-07 2.6913884e-07 0.0033530577 2.3628731e-08 3.8325925e-07 0.007154349 8.669629e-08 1.5613528e-08 1.0877651e-08 0.000118395816 4.3564856e-07 4.141674e-05 0.0005249223 0.0043938505 0.0008967507 6.358781e-05 0.0059040748 5.7163898e-06 2.6451922e-08 1.29281e-05 0.0001370686 8.558062e-07 0.0013371706 1.837031e-07 7.933193e-09 5.786186e-09 1.4481792e-09 0.0017047134 6.78366e-05 2.0930374e-07 5.060754e-07 1.7528336e-07 1.5676088e-06 0.0057271537 1.6915115e-07 6.496796e-06 2.6364884e-08 1.982923e-06 7.64784e-05 2.4489614e-06 1.7822283e-06
0.9827408 0.009639779 0.002992238 0.26281235 0.0010885737 0.1537906 0.00478996 0.07607381 0.26133743 0.00012772859 0.5742707 0.024464965 5.8228372e-05 0.00010176995 1.1774245e-05 0.00013374104 0.0037352927 3.4117606e-05 0.0039976123 3.7974867e-05 8.4633124e-05 0.029897863 1.2411508e-05 0.00042929675 2.5717118e-05 7.3593175e-05 2.5027835e-05 0.026502509 9.4071373e-07 8.299876e-13 7.0493065e-06 0.00026040434 4.0104424e-06 3.5541257e-06 0.40089852 4.798342e-06 7.4574687e-06 4.256816e-06 1.2899276e-06 0.00011663052 0.968266 0.2618532 0.00026815748 0.020059295 2.8282343e-06 0.00064929744 1.554084e-06 0.0020861651 3.7498905e-06 1.9368661e-05 0.00996941 0.011806928 1.448187e-06 2.0392954e-06 1.510404e-06 3.612897e-07 2.3558697e-07 4.672697e-06 4.1613748e-05 3.716873e-05 0.0071315016 0.0031804324 1.7200495e-05 0.008837437 3.614179e-05 5.407185e-06 7.61188e-05 0.051274255 0.21100278 0.00036153564 0.17790346 7.32941e-07 0.0072760326 0.002157799 8.015772e-06 0.00025758022 0.02494866 0.09874609 0.023263887 7.0529986e-06 6.192715e-06 4.2188503e-06 0.82631147 7.4328836e-09 0.008667539 0.006790117 0.009984376 0.7091932 1.916852e-06 1.0170372e-07 1.0547483e-05 5.9491853e-08 2.6224617e-07 0.0031724258 0.021443104 0.037919905 6.113705e-05 2.874136e-07 1.2888006e-05 7.323694e-09 3.9977834e-08
0.21685834 0.00036794535 0.0025830262 0.00022659691 0.024591777 0.0017335656 0.07709307 0.007858167 8.732823e-05 0.18356946 0.00037132573 0.0007529698 0.11637927 0.61794275 0.18250637 0.10851308 0.022110697 0.78766775 0.00021573089 0.4733682 0.029338403 0.0024730228 0.91991496 0.003912534 0.94346493 0.03566002 0.07230674 2.217489e-05 0.42880237 7.0493065e-06 1.6032073e-18 0.012553017 0.92700344 0.9318545 7.1034736e-07 0.8793005 0.003987153 0.043558493 0.45689547 0.0012443052 1.774471e-06 1.2079687e-07 0.0002515575 2.7014107e-06 0.7515375 0.0024462491 0.0037842013 0.00015002787 0.23922358 0.006537624 0.014934325 4.8487107e-07 0.30185008 0.3811961 0.51783067 0.20231585 0.00030483137 0.006585466 5.4940832e-05 0.0005994489 2.8825395e-08 1.303543e-06 3.1330776e-05 1.676004e-08 5.832541e-07 0.00019728974 1.7635749e-07 6.5476755e-08 2.4655986e-07 1.8050752e-05 4.802398e-06 1.8761159e-06 0.0002057141 0.00016036087 1.8000537e-05 5.067615e-06 0.00073620345 7.075871e-06 8.5335095e-08 4.268145e-06 1.21898365e-05 1.3302758e-07 0.0018439847 1.0570566e-08 4.5232377e-07 2.7015463e-07 4.075134e-07 0.0007331633 1.3976449e-05 2.5468216e-07 3.006719e-07 1.4390585e-07 1.08096316e-07 0.0003648771 1.4760889e-07 1.2692759e-05 8.929372e-08 1.7416397e-07 8.119176e-06 3.382549e-08 3.016605e-07
