5.23406e-27 0.27572 0.90279496 0.099871166 0.70858747 0.8191595 0.33369076 0.8266384 0.69745576 0.88769364 0.80609596 0.035367783 0.054819375 0.086424656 0.81673026 0.901684 0.1823619 0.82975984 0.9689517 0.88424414 0.28150144 0.0018580388 0.07188424 0.918503 0.21362579 0.9327417 0.00055084215 0.6718054 0.924937 0.8738746 0.051960308 0.95744085 0.9704986 0.8356231 0.86414355 0.0006643874 0.8211569 0.87971014 0.8378538 0.9003054 0.8997631 0.9768028 0.47709176 0.00040777877 0.9544056 0.84638834 0.80428684 0.94975007 0.009488476 0.003482421 0.0024097597 0.80676514 0.8708551 0.8322728 0.96668446 0.00023439444 0.9625199 0.0005752163 0.86441445 0.99581486 2.3747698e-06 0.13794677 0.8872922 0.80508643 0.81661457 0.9554349 0.9560984 0.9903424 0.8779169 0.8777661 0.97917813 0.7317847 0.98804325 5.7129694e-07 0.0013800123 0.73596644 0.99393815 2.4804938e-06 3.202248e-05 0.9905826 0.00345932 0.07221272 0.99856365 0.8992331 0.9647122 0.99463135 0.10353189 0.00072462275 0.6354643 0.18333873 0.9907576 0.9999386 0.9635052 0.0006657161 3.2013682e-07 6.70655e-06 0.8862388 0.99966747 0.9962411 0.99989605 0.99950635
0.27572 2.7719347e-17 0.6095267 0.9947503 0.57954544 0.052461635 0.13595705 0.07768486 0.28459367 0.07367902 0.04351272 0.15362193 0.06273215 0.5143464 0.011504869 0.034015574 0.030514 0.0035463865 0.02824194 0.073724225 0.01955153 0.0681108 0.00322652 0.20487635 0.037618894 0.033255897 0.017997416 0.01404227 0.02393372 0.010500018 0.0016450773 0.033489365 0.0009565558 0.010491164 0.00041857277 0.013993569 0.010507556 0.004297154 0.01327952 0.0030757124 0.00062463287 0.00024084015 0.0036936768 0.0063154246 0.0053970236 0.00011356939 0.00339985 0.0034881614 0.00017272301 0.0026008904 0.002387401 0.00065000344 0.0025826592 0.0010331769 0.00035550172 8.13091e-05 0.0037592847 0.0013681342 4.7607402e-05 0.005052133 0.00015072945 0.0016601918 0.0001912043 0.0014862318 0.0012908678 0.00024706748 2.3727784e-05 0.008060799 2.0466983e-05 0.0017038075 7.6449294e-07 8.190404e-06 0.004198008 0.00013949187 0.000266645 0.00039895988 0.0037012761 0.0003414197 0.00070690387 0.00028617695 0.00021816212 0.00026136672 0.00016984456 0.0017375704 0.001516879 0.0021517973 2.0232894e-05 6.710551e-05 7.130341e-08 0.0005298901 0.001698871 0.0021799502 0.0009565076 7.5134616e-05 3.08829e-06 2.5388858e-06 0.00046009623 0.002020696 9.034944e-05 0.0018324496 0.0010762959
0.90279496 0.6095267 2.5035561e-17 0.53466165 0.3835619 0.913 0.9164926 0.2992816 0.065609686 0.81590134 0.24992745 0.0016989764 0.001934134 0.5245691 0.4687967 0.3998161 0.4905551 0.1688315 0.34635252 0.047510922 0.0006958843 0.010712924 0.0001086086 0.043706164 0.32564613 0.024834875 0.00029992804 0.00013718616 0.0389591 0.0024564806 5.326379e-05 0.008463962 0.015007948 0.00028309628 0.028732384 9.197717e-05 0.0012911627 0.0014667882 0.00023305039 0.003325034 0.004854068 0.0055110757 2.3721315e-05 0.0012116102 0.009198486 0.0073091686 0.00013180364 0.03673602 1.24791595e-05 0.008743396 0.0013751009 0.0012079753 3.6109406e-05 0.0005450343 0.00063483865 1.7064888e-06 0.0010584242 2.7184797e-05 0.0001169966 0.029809298 1.8207305e-05 0.011098498 0.0005502069 0.00013087712 0.00043063352 0.007275536 0.0008018862 0.011175846 0.00018424043 0.0012066121 0.00015642159 0.0012669184 0.0013997746 7.917397e-07 0.00071268843 4.4825963e-05 0.0018693258 4.0217812e-05 2.1140631e-05 0.0017043421 8.786359e-06 6.598583e-06 0.003909442 0.0009984309 0.0009080371 0.0024584823 0.0011542344 9.008062e-06 9.005386e-05 1.3997445e-05 0.0018380925 0.003607146 0.0005062587 5.9457716e-06 2.6218916e-07 1.0587845e-05 3.2519132e-05 0.0016801909 0.0007794282 0.00088722416 0.0008725415
0.099871166 0.9947503 0.53466165 2.1368496e-19 0.6166652 0.03688536 0.11310914 0.035981216 0.34547368 0.04750064 0.016947042 0.5981755 0.48143178 0.5491472 0.0139768915 0.020460881 0.025411775 0.0016387928 0.016954267 0.034980837 0.04660449 0.28776056 0.027449884 0.22357585 0.013584223 0.0077927173 0.1342899 0.008819029 0.002459181 0.0018021718 0.000889551 0.010168322 0.00027102363 0.0049200784 4.3663014e-05 0.046273086 0.0024102812 0.00020741198 0.0037357754 0.0006430829 8.79421e-05 2.1051908e-05 0.00027623944 0.02730415 0.00041565378 3.5391895e-06 0.0005294764 0.0003434058 4.7447673e-05 7.990711e-05 9.283772e-05 7.9239006e-05 0.000616095 9.930121e-05 0.00013260676 3.0433464e-06 0.0001930604 0.0019042898 3.408773e-06 0.0016492181 0.00055686967 0.00016272906 4.5117093e-05 0.00019732231 0.0003526974 3.2852444e-05 1.9592158e-06 0.0012764824 1.7838702e-05 7.5718344e-05 2.5940852e-07 1.2939707e-07 0.0012865516 9.828864e-05 3.070197e-05 7.6098186e-05 0.000495985 0.00095155084 0.00036853165 0.00019219295 2.0266942e-05 2.0666554e-05 0.00015678226 0.00066706125 0.0007282432 0.0009666775 1.2476214e-06 7.3592787e-06 8.669212e-09 2.061087e-05 0.00070545496 0.0008015804 0.0006648355 3.340786e-06 2.17051e-06 1.0019587e-06 0.00010407818 0.0014364185 0.000109305 0.00038574284 0.0006637779
0.70858747 0.57954544 0.3835619 0.6166652 4.017505e-19 0.1670342 0.06283487 0.5500464 0.9794792 0.1807081 0.3927497 0.10372282 0.31076163 0.21316619 0.0071901665 0.13935272 0.014408577 0.0017327863 0.091068685 0.54890895 0.31117466 0.007800369 0.008745689 0.6869365 0.010389612 0.2309741 0.0037947192 0.21747652 0.19286762 0.060345367 0.0008872842 0.13478115 0.00091314124 0.024186296 4.930447e-05 0.0016420553 0.019902974 0.018402727 0.0058544204 0.0019512278 0.000673777 3.3291126e-05 0.00090694753 0.00049213646 0.035913788 4.4470107e-06 0.001468773 0.011310905 6.190457e-05 0.001936514 0.0020673876 0.0008828226 0.0006589135 0.0005326859 0.00018551516 1.9771467e-06 0.02118736 2.9699673e-05 2.9978031e-05 0.035705898 3.0629264e-05 0.0010272893 0.0005746025 0.0008402457 0.0017800832 0.0008301726 2.7064627e-06 0.026641091 9.042185e-05 0.0030223008 1.326278e-07 5.757003e-07 0.020206263 2.0930363e-06 5.9976566e-05 0.00022374629 0.018174214 0.00010663293 1.8495652e-05 0.000847867 7.1271597e-06 1.0180455e-05 0.0012459802 0.0021536655 0.0043449593 0.005259239 4.9376304e-06 4.972433e-06 8.29668e-09 6.521089e-05 0.002407249 0.014324222 0.0012167683 7.5689354e-06 3.3081795e-07 4.7928584e-06 0.00042205022 0.004493344 4.923193e-05 0.0020081704 0.0017587323
0.8191595 0.052461635 0.913 0.03688536 0.1670342 5.392918e-20 0.10159024 0.23561653 0.040649403 0.9132372 0.4581773 0.0005772768 0.0014234682 0.05678787 0.04495322 0.96584177 0.034376714 0.016061762 0.55507964 0.081122994 0.0006368789 0.0010349442 5.2681768e-05 0.011671749 0.023278551 0.020045163 0.0001440831 0.0001363211 0.36371177 0.0028110773 1.917736e-05 0.0044716196 0.039661348 0.00015373135 0.017150799 3.7176032e-05 0.0013290434 0.0026352594 6.931231e-05 0.022377199 0.018771023 0.007817247 1.0946872e-05 4.840459e-05 0.053217527 0.0045902575 2.7401327e-05 0.09227178 6.008858e-06 0.0007742471 2.3302024e-05 0.006718502 1.37726565e-05 3.6484147e-05 0.0016995701 4.8040675e-07 0.0038518629 7.1399427e-06 0.0020290865 0.05020808 3.0076886e-05 0.0038688513 0.0024134936 5.452326e-05 0.00012000113 0.023322327 0.0038271814 0.045308005 0.0014724645 0.00069051376 0.00012218124 0.0029133689 0.0028622483 1.4926421e-06 0.00011373208 1.605118e-05 0.0067332583 5.3870986e-05 5.5674855e-06 0.017407872 8.6795235e-06 8.181192e-06 0.017451255 0.0004262723 0.0011938735 0.008624506 0.000739087 1.1457774e-06 6.246838e-05 5.8729206e-06 0.018322384 0.007939446 0.00048394644 8.59663e-07 4.868848e-07 1.1612558e-05 6.205784e-05 0.002377294 0.0015571559 0.0059048296 0.005681885
0.33369076 0.13595705 0.9164926 0.11310914 0.06283487 0.10159024 1.3365948e-18 0.0786286 0.014496693 0.1492816 0.040781032 0.0006365734 0.00045729088 0.97184753 0.30963403 0.045759007 0.8571377 0.18877932 0.15964948 0.010359134 1.640275e-05 0.026669938 1.2713196e-05 0.0067648184 0.8645784 0.010157714 0.002501551 0.00027962896 0.004369174 0.00041192837 2.3707644e-06 0.0020246687 0.0076115318 0.0003916829 0.039899852 0.00030198274 0.0004042103 0.000340112 0.00041729555 0.0015284269 0.0005694473 0.0044692853 1.4024495e-06 0.069373205 0.0005548743 0.02828046 0.00015441843 0.002110178 3.7703303e-06 0.27032897 0.19082163 0.00053808553 0.00017554226 2.8031345e-05 0.00011131457 7.581213e-07 5.047817e-05 1.215319e-05 7.275664e-06 0.000839081 0.00046763103 0.06381087 0.00025445485 0.0008467066 0.00089179433 0.0006595123 0.0012250064 0.00020653795 0.00014499298 5.350429e-05 0.00033649948 0.0029010256 0.00010683977 0.00010777769 0.015595174 1.6646125e-05 3.928291e-05 2.4952502e-05 0.010009355 0.00019556112 1.7462007e-06 4.643697e-06 0.003972009 0.00021505551 0.00013742724 3.816704e-05 0.018012416 4.7209423e-06 0.00021596825 3.7623488e-06 7.309663e-05 6.353537e-05 0.00016917933 7.0543038e-06 4.1086156e-07 0.0012528355 4.0624767e-05 0.0008276715 0.00057167094 2.524194e-05 0.00033370004
0.8266384 0.07768486 0.2992816 0.035981216 0.5500464 0.23561653 0.0786286 5.613122e-19 0.2293201 0.07204309 0.98959816 0.00032584308 0.0011278762 0.077087276 0.0040945113 0.17083672 0.0045514987 0.0014512931 0.05216376 0.30858308 0.0013256926 0.00063409924 6.098983e-05 0.20188142 0.0048116636 0.22897641 0.00017644641 0.0015934489 0.26593328 0.02078902 7.092536e-05 0.073089294 0.00046096937 0.00058397045 0.00013571906 2.7427579e-05 0.0035451674 0.009465051 0.00022020495 0.0010139784 0.00045451225 0.00017370739 4.1426178e-05 3.665871e-05 0.055283323 2.087008e-05 7.9028614e-05 0.026646733 7.679065e-06 0.0005598551 7.045265e-05 0.00029466255 3.7362883e-05 0.00018274809 8.3932224e-05 7.0247205e-07 0.02135381 2.430346e-06 3.3908644e-05 0.04308907 8.326401e-06 0.00022631574 0.0002159071 9.636321e-05 0.00035956505 0.001975835 2.9240055e-05 0.072890446 0.00013968194 0.001441958 4.619071e-07 1.2182103e-06 0.019536257 1.1245273e-06 3.312192e-05 3.255118e-05 0.027003739 3.198756e-05 2.8086708e-05 0.0010811876 2.5825764e-06 3.946583e-06 0.0014142542 0.0011028271 0.0022687088 0.015752122 1.9062456e-06 3.3414517e-06 3.6121715e-08 2.5160418e-05 0.008196605 0.024401698 0.00048291098 2.2879815e-06 1.6213939e-07 0.0001060676 0.00017862815 0.0057115676 0.0001713462 0.0038986932 0.0019829262
0.69745576 0.28459367 0.065609686 0.34547368 0.9794792 0.040649403 0.014496693 0.2293201 3.7862546e-18 0.025968015 0.07717046 0.13860789 0.41840568 0.09590887 0.0012766892 0.023064118 0.0013702449 0.00012008504 0.0061996407 0.5903314 0.65139556 0.006172592 0.10988232 0.7973993 0.0024513695 0.2045529 0.002260805 0.4913025 0.04470851 0.1492443 0.021382736 0.19177194 9.5341515e-05 0.12822625 8.649727e-06 0.0017213417 0.06090433 0.04529535 0.052817147 0.00028585453 7.398627e-05 6.522385e-06 0.02287319 0.00017667322 0.015182316 8.832477e-07 0.005596837 0.002695658 0.00017023766 0.00042056962 0.00043357912 0.00023606999 0.0019833809 0.0026571683 5.466488e-05 9.489915e-06 0.042253606 8.403491e-05 2.99739e-06 0.028231187 1.5030104e-05 0.0008705044 0.00020593962 0.0017344883 0.0029233615 0.00049737643 5.5231715e-07 0.028572822 5.2236363e-05 0.010383391 2.9058679e-08 3.829525e-08 0.04836686 2.1319763e-06 4.2043448e-05 0.00101161 0.035636645 7.346163e-05 3.397941e-05 0.0011432241 5.7276397e-05 0.00011383723 0.0012225644 0.0040791063 0.015866837 0.0128677115 1.842132e-06 2.2923265e-05 1.0031667e-09 0.0004186119 0.004851331 0.020433526 0.003847285 9.387248e-06 3.0045632e-07 5.329453e-07 0.0017352685 0.0111486 1.8805054e-05 0.0037533594 0.002122958
0.88769364 0.07367902 0.81590134 0.04750064 0.1807081 0.9132372 0.1492816 0.07204309 0.025968015 1.7113523e-17 0.16178872 0.0001716784 0.0006935733 0.08372745 0.42924187 0.82813656 0.18808609 0.23903438 0.95417744 0.029145882 0.00011163073 0.00076834596 6.075069e-06 0.0028854029 0.10689096 0.01034997 6.0463226e-05 5.919824e-06 0.13043655 0.0010751556 2.550498e-06 0.0018854177 0.33761474 3.985657e-05 0.12239016 1.873819e-05 0.0005572657 0.00083892135 4.255318e-06 0.17703731 0.14479005 0.11453251 7.153973e-07 7.7197175e-05 0.03743717 0.061558746 3.6274405e-06 0.1378119 2.9121102e-06 0.0066102133 5.5537428e-05 0.03678103 7.46078e-07 2.382163e-05 0.008156586 4.188692e-07 0.0013595277 4.9737564e-06 0.009795907 0.04915564 5.2958723e-05 0.0451264 0.011927509 8.999647e-06 7.914461e-05 0.09504927 0.024098158 0.046589337 0.00968398 0.00025819856 0.0044120005 0.059407946 0.0009732029 9.3534004e-07 0.0014853392 4.0512296e-07 0.0023011921 8.993224e-05 1.1419654e-05 0.044844974 3.5149976e-06 1.0686056e-06 0.05355328 4.3688422e-05 0.00043566895 0.013178497 0.014970402 9.1344117e-07 0.0017852488 1.2025579e-06 0.03215468 0.0022673605 0.00023825983 1.4203634e-06 9.121111e-07 2.3949877e-05 6.374643e-06 0.0010237596 0.009610478 0.0063019875 0.00902496
0.80609596 0.04351272 0.24992745 0.016947042 0.3927497 0.4581773 0.040781032 0.98959816 0.07717046 0.16178872 1.7980079e-19 9.061988e-05 0.0004229911 0.025263056 0.004548609 0.3325883 0.003554143 0.0017056845 0.16301084 0.4358301 0.00029491278 0.00013764025 4.5959036e-06 0.1284322 0.0023002785 0.23429514 2.0028838e-05 7.098281e-05 0.603606 0.041933443 1.5315521e-06 0.052921567 0.00377979 4.59357e-05 0.00022871677 1.6155625e-05 0.003958093 0.013877044 3.1698404e-05 0.004116545 0.0028513328 0.00045239323 9.098878e-07 1.8964241e-05 0.19158414 4.13874e-05 7.4376885e-06 0.083941445 9.949609e-07 0.0008619325 3.0063406e-05 0.0018473185 4.9906716e-06 3.768581e-05 0.0002795037 1.5802962e-07 0.022654692 2.8385728e-06 0.00011469102 0.082836665 2.2138454e-06 0.00046757463 0.00066672824 3.229149e-05 0.000118818854 0.007003504 5.689688e-05 0.14368628 0.00031185828 0.0010435374 5.2112216e-07 4.464522e-06 0.016578384 1.26587e-06 0.00020171926 3.6495267e-06 0.030378839 7.3434903e-06 1.155583e-05 0.003915793 1.8401627e-07 1.321222e-07 0.0024994884 0.0007807822 0.0014933548 0.030772408 1.5397676e-05 4.571082e-07 4.433667e-08 1.3659659e-06 0.015251348 0.040909097 0.00026422806 1.0890761e-06 4.4721155e-08 0.000106144 2.9842708e-05 0.0060970844 0.00029237728 0.005876362 0.0029253028
0.035367783 0.15362193 0.0016989764 0.5981755 0.10372282 0.0005772768 0.0006365734 0.00032584308 0.13860789 0.0001716784 9.061988e-05 5.1964603e-19 0.9870662 0.025826106 6.4447863e-06 0.00010272799 5.3222353e-05 8.9407604e-07 0.0001088036 0.0040516728 0.37083447 0.16354011 0.8361474 0.09975107 6.4200314e-05 0.001904259 0.08894625 0.045315817 7.8128236e-05 0.0009505576 0.102048784 0.007531749 4.344835e-07 0.0066243717 5.746756e-07 0.38437158 0.0011703137 0.00018940197 0.024752948 4.224785e-06 5.436848e-07 3.0707147e-07 0.02151088 9.818634e-05 1.0679347e-05 4.2165766e-08 0.0015260165 3.5316066e-06 0.027375655 7.6892684e-07 1.77281e-06 2.6562166e-06 0.00077905925 8.412158e-05 1.3008903e-06 0.0058723893 9.705576e-05 0.16287489 5.0712938e-08 5.0676364e-05 0.0002835475 2.0051617e-07 2.0003572e-06 0.000115062845 0.00012636169 3.3502698e-07 2.6553187e-07 7.156757e-05 2.3799127e-07 4.24e-05 6.5532317e-09 1.5222015e-09 0.00015993415 0.00031325532 2.0157138e-06 1.5504713e-05 6.216174e-05 0.0132475495 3.3803176e-06 6.364001e-06 0.00014708904 3.0401165e-05 1.9271035e-06 0.00033150252 0.00020347846 0.00010828717 7.5191274e-08 0.00020012827 1.2399392e-09 1.0542636e-05 4.762625e-05 0.0001421182 4.4961e-05 0.00088005024 0.001288958 2.6965564e-08 2.941058e-06 0.00037123368 3.7258715e-06 2.8000377e-05 1.0722392e-05
0.054819375 0.06273215 0.001934134 0.48143178 0.31076163 0.0014234682 0.00045729088 0.0011278762 0.41840568 0.0006935733 0.0004229911 0.9870662 2.1257991e-20 0.015407356 4.114986e-06 0.00050926406 2.9450033e-05 7.7491995e-07 0.00032474115 0.020707453 0.77839273 0.022583866 0.83402485 0.23125616 3.9261897e-05 0.0031077815 0.011434084 0.1469333 0.0005171709 0.0027511148 0.15709148 0.005078307 1.3408533e-06 0.016876295 2.0001731e-07 0.056013633 0.0040850453 0.000937428 0.026262708 8.753924e-06 9.083905e-07 4.1318305e-07 0.061351698 7.908229e-05 9.734814e-05 1.1889637e-08 0.0028830252 7.785686e-06 0.0071912366 3.6287586e-06 3.3493102e-06 2.5752522e-06 0.0007749311 0.0002589408 2.701022e-06 0.00186199 0.0007643224 0.029952273 1.16831394e-07 0.0001408578 3.3602566e-05 1.8957453e-06 1.8181095e-06 0.00018062849 0.00020994617 1.2725199e-06 1.2637993e-07 0.00041985133 4.863632e-07 0.00044093648 7.610133e-10 6.5014993e-10 0.0005676185 1.6319458e-05 4.1343437e-06 7.166531e-05 0.00024370398 0.0012776107 1.2897098e-06 1.0585927e-05 9.205949e-05 3.0396586e-05 9.715021e-07 0.00057236565 0.00062761456 0.0005891389 1.4623471e-08 6.533121e-05 7.8445345e-10 6.259105e-05 0.00041896856 0.00023148433 0.00014177557 2.8804556e-05 7.02229e-05 5.7361145e-08 2.0919539e-05 0.000382728 5.0719664e-06 6.807912e-05 9.019731e-05
0.086424656 0.5143464 0.5245691 0.5491472 0.21316619 0.05678787 0.97184753 0.077087276 0.09590887 0.08372745 0.025263056 0.025826106 0.015407356 8.0563566e-20 0.2192009 0.014730861 0.3191607 0.09531416 0.014855645 0.010135893 6.593849e-05 0.50862753 0.0005148223 0.06911935 0.5512033 0.007475054 0.17550975 0.0003824943 0.00094853865 0.0011416569 3.0658637e-05 0.0066091926 0.00014801651 0.0038992714 0.0033302796 0.019223198 0.0022624314 0.00012796391 0.0011208251 0.000100104946 7.944547e-06 0.00026321423 4.5564055e-05 0.61117613 2.6358525e-06 0.0030050492 0.0020168552 9.2250644e-05 1.5144146e-05 0.059890494 0.18271998 4.064548e-06 0.0035296371 0.00020850793 2.7845766e-05 1.2893686e-05 6.2349905e-06 0.00041969417 1.9669092e-07 8.173393e-06 0.010056611 0.0024621226 4.3280158e-07 0.00054202374 0.00035759786 4.8704296e-06 1.9570189e-05 1.3439277e-05 1.17089286e-07 4.466986e-05 8.972524e-06 1.8290624e-06 3.7912014e-05 0.003472232 0.0007811657 4.7616348e-05 3.0145184e-06 0.00015747744 0.043960158 7.060728e-07 1.005617e-05 3.769906e-06 0.00012816762 0.000786404 3.054135e-05 5.2451764e-05 6.191408e-05 1.0419595e-06 1.1079492e-07 2.751487e-07 1.3414513e-05 4.4496937e-05 3.4819973e-06 4.858605e-06 3.0342918e-07 0.0025536611 6.968758e-05 0.00012809908 2.0364743e-05 5.700472e-06 5.5365267e-06
0.81673026 0.011504869 0.4687967 0.0139768915 0.0071901665 0.04495322 0.30963403 0.0040945113 0.0012766892 0.42924187 0.004548609 6.4447863e-06 4.114986e-06 0.2192009 1.4977364e-20 0.028744323 0.7673697 0.9825508 0.18827668 0.0009625319 1.8434536e-06 0.00041804079 2.8396897e-07 0.00035595108 0.6071305 0.0005688223 4.1328276e-05 1.6220627e-06 0.010721514 5.153858e-06 2.882923e-07 4.0672527e-05 0.14997488 1.3651442e-06 0.59561676 4.2486252e-05 1.3984848e-05 7.0696597e-06 3.301037e-06 0.083562925 0.07316011 0.17417051 4.781317e-08 0.00071129925 0.0074616633 0.3012766 3.7955348e-07 0.04425335 8.302284e-07 0.03355128 0.003244635 0.016611548 4.7386578e-07 1.862987e-07 0.0044974727 8.573758e-08 3.9861625e-05 2.426989e-05 0.002340942 0.012477965 2.697566e-05 0.17936885 0.0041817124 3.9596157e-06 5.2623295e-06 0.036504444 0.011958192 0.0026783266 0.0065698596 3.6913525e-06 0.0025392007 0.026239183 1.3152969e-05 3.6176223e-06 0.010163295 3.3017372e-07 3.445022e-05 0.00019474856 0.0003008103 0.007834921 4.5240225e-07 8.536502e-07 0.04428712 6.1071223e-06 2.1208221e-05 0.0004855587 0.057731073 9.266037e-07 0.0038718428 7.0100776e-07 0.0028064847 0.00019177917 4.4017474e-05 5.3602325e-06 3.3137069e-06 5.269393e-05 1.1678032e-06 0.001929335 0.0063480837 0.00078515976 0.005801985
0.901684 0.034015574 0.3998161 0.020460881 0.13935272 0.96584177 0.045759007 0.17083672 0.023064118 0.82813656 0.3325883 0.00010272799 0.00050926406 0.014730861 0.028744323 8.482276e-20 0.009438424 0.009980606 0.71248436 0.07345484 0.00010331602 0.00022555319 2.6586422e-06 0.008819816 0.005343788 0.026905768 4.737316e-05 2.1186224e-05 0.8037782 0.0022290023 1.5034498e-06 0.0059444993 0.12807961 2.8263186e-05 0.006777727 2.814865e-05 0.00075101125 0.0016949555 3.405448e-05 0.022414733 0.030418038 0.0065666805 8.5530274e-07 2.663991e-05 0.19961612 0.0016559737 6.388263e-06 0.34786955 3.0472381e-06 0.00029654655 7.032735e-06 0.010121905 5.3791437e-06 3.3137876e-05 0.00105274 3.3640723e-07 0.0064272424 7.481989e-06 0.001501151 0.18166435 1.0341878e-05 0.0030898561 0.0020712756 1.3434523e-05 3.9034418e-05 0.11018062 0.002936721 0.16610938 0.0021201617 0.000904913 7.252343e-05 0.0040149237 0.0071130837 2.67837e-06 0.00022961742 1.2103034e-06 0.018165836 3.8673556e-05 1.197394e-05 0.067336336 1.5242665e-06 6.0431057e-07 0.04080937 0.00068076066 0.0015563972 0.040829003 0.00085202756 2.4544606e-06 5.9994127e-05 9.447243e-07 0.073817335 0.040615145 0.00032179235 3.0820763e-06 4.565823e-07 3.4656667e-05 2.073838e-05 0.0070922486 0.004398336 0.018347623 0.022438575
0.1823619 0.030514 0.4905551 0.025411775 0.014408577 0.034376714 0.8571377 0.0045514987 0.0013702449 0.18808609 0.003554143 5.3222353e-05 2.9450033e-05 0.3191607 0.7673697 0.009438424 1.5729169e-20 0.6996367 0.06747755 0.0021788008 1.8103816e-05 0.0018786414 4.7260014e-06 0.0020396174 0.96674585 0.0015697167 0.000106880645 1.8224606e-05 0.0039815446 0.000105108564 4.007399e-06 0.00046899615 0.019891035 0.00011896002 0.43104056 9.575411e-05 0.0003907267 5.7495465e-05 6.755119e-05 0.015702926 0.00736063 0.026540728 1.5567289e-06 0.0026882451 0.0012924556 0.10565623 0.00013350743 0.008666584 3.773229e-06 0.08468699 0.018011685 0.0030088515 0.00011594494 2.1115948e-05 0.0037896507 1.3339303e-06 0.0001227773 1.1070651e-05 0.0009940225 0.0028424303 6.109992e-05 0.12721068 0.0011861189 0.00014640317 0.00021980926 0.004576912 0.0040744664 0.00075599435 0.00096519117 8.329066e-05 0.00062373467 0.006857798 4.6475758e-05 2.4474973e-06 0.016021116 1.267123e-05 5.370781e-05 0.00010107084 0.0016964625 0.0015785274 2.3881032e-06 3.1838597e-06 0.0062228343 0.00014413697 7.87166e-05 0.0002567185 0.031065824 2.4955784e-07 0.0005765234 2.2520712e-06 0.0010222839 0.00012280188 4.5940917e-05 4.913771e-06 2.8469499e-06 0.0004447223 2.0523292e-05 0.0009935586 0.0015011396 0.0004405916 0.0014900409
0.82975984 0.0035463865 0.1688315 0.0016387928 0.0017327863 0.016061762 0.18877932 0.0014512931 0.00012008504 0.23903438 0.0017056845 8.9407604e-07 7.7491995e-07 0.09531416 0.9825508 0.009980606 0.6996367 3.042678e-18 0.104542054 0.0001766648 1.3990571e-07 5.3470987e-05 7.078861e-08 2.1195905e-05 0.56228256 0.00018691919 3.6883227e-06 6.845107e-08 0.0011700464 1.5982146e-06 6.0569036e-08 1.3025185e-05 0.08882369 2.4221606e-07 0.76046914 5.02779e-06 1.918141e-06 1.2329991e-06 8.076484e-08 0.08870829 0.09997454 0.36859217 4.300699e-09 4.1014326e-05 0.0011220865 0.5302595 6.942036e-08 0.02269411 1.8381105e-07 0.040703073 0.0012286766 0.015223027 2.28976e-08 4.5175877e-08 0.0054336423 5.812726e-08 3.558847e-06 1.4314544e-06 0.0019781361 0.009001218 9.934918e-06 0.4196327 0.003924333 2.445991e-07 6.5910075e-07 0.02742291 0.046457816 0.0015660467 0.006856493 6.6143116e-07 0.008668598 0.114558995 4.8748973e-07 6.942357e-07 0.02013841 4.084244e-08 2.3707214e-06 2.6960102e-05 2.277802e-05 0.0055053737 2.4631544e-07 2.5160583e-07 0.033609677 1.505562e-06 9.3744757e-07 0.0004981697 0.15447469 7.7374615e-08 0.006912372 1.703176e-07 0.0022775873 7.5888085e-05 2.6306618e-06 7.230643e-07 4.5664154e-07 3.6416714e-05 1.7524517e-08 0.0001542102 0.0063128807 0.00024336118 0.0019916897
0.9689517 0.02824194 0.34635252 0.016954267 0.091068685 0.55507964 0.15964948 0.05216376 0.0061996407 0.95417744 0.16301084 0.0001088036 0.00032474115 0.014855645 0.18827668 0.71248436 0.06747755 0.104542054 1.3324975e-17 0.010115648 1.0264725e-05 0.00047241923 7.3378974e-06 0.00070087716 0.059749607 0.0028048952 1.9208715e-05 9.45302e-07 0.3213604 0.00011114443 3.3952572e-06 0.00048335487 0.8080204 2.2006827e-06 0.07930483 2.039168e-05 3.889177e-05 0.00014528447 6.0291285e-07 0.073821634 0.21013436 0.067614876 2.900811e-07 3.255969e-05 0.06250757 0.06565665 3.112739e-07 0.4628606 2.7617568e-06 0.0010467484 4.8497163e-06 0.0878141 9.4865385e-08 1.3111547e-06 0.0038006355 5.9687835e-07 0.00036157478 5.4719303e-06 0.0035267908 0.19209039 6.569173e-06 0.05215455 0.039561536 6.43523e-08 3.2775101e-06 0.21988237 0.01161549 0.10192551 0.010654033 1.890168e-05 0.0039753187 0.037285645 0.0011507481 2.2990994e-06 0.0007798951 5.425861e-09 0.0035641834 0.00016892106 4.9937e-06 0.13335484 3.9683198e-07 5.2711187e-08 0.12106178 4.1953128e-05 0.0002797693 0.036179204 0.011676342 1.779443e-06 0.0017522139 1.14455645e-08 0.09569134 0.005848193 6.521854e-05 2.9419195e-06 4.681948e-06 2.2473736e-05 1.8768091e-07 0.0015919269 0.026522705 0.007835701 0.03290423
0.88424414 0.073724225 0.047510922 0.034980837 0.54890895 0.081122994 0.010359134 0.30858308 0.5903314 0.029145882 0.4358301 0.0040516728 0.020707453 0.010135893 0.0009625319 0.07345484 0.0021788008 0.0001766648 0.010115648 2.32869e-16 0.040177293 0.00042430274 0.0010449655 0.7765364 0.0015017389 0.9440601 0.00021538019 0.13901858 0.67080504 0.62033296 0.00017394795 0.43859217 0.00029802765 0.16081633 1.0618551e-06 0.00022980823 0.34821022 0.36741996 0.0036944624 0.00074609695 0.00026187245 1.0864936e-05 0.00026849733 2.9759469e-05 0.29220012 9.9806e-07 0.0029810853 0.016158802 2.6903801e-05 0.0034040662 0.0033222286 0.0007669536 0.00040015983 0.004772282 6.630385e-05 3.2822206e-06 0.24894412 3.4460143e-05 1.0205914e-05 0.04634137 7.6773846e-05 0.00016250265 0.00054721476 0.00059731177 0.0019268289 0.0014056478 3.25579e-06 0.17717934 3.2847212e-05 0.032252844 1.4303785e-07 2.5471203e-07 0.10080029 1.6502932e-05 0.00022220651 0.00025365938 0.14364786 1.701496e-05 7.227934e-05 0.0012671357 1.3118771e-05 1.1080137e-05 0.00061875617 0.0036106172 0.021628626 0.046156205 1.8500033e-06 6.0732496e-06 1.68798e-08 5.404544e-05 0.0111855855 0.08822385 0.008662102 2.3387473e-05 3.2127718e-06 0.00042507023 0.0021111693 0.028439471 0.00015283337 0.0052446513 0.0020174303
0.28150144 0.01955153 0.0006958843 0.04660449 0.31117466 0.0006368789 1.640275e-05 0.0013256926 0.65139556 0.00011163073 0.00029491278 0.37083447 0.77839273 6.593849e-05 1.8434536e-06 0.00010331602 1.8103816e-05 1.3990571e-07 1.0264725e-05 0.040177293 2.3296218e-17 0.0010470388 0.8221828 0.69387376 7.625576e-05 0.0027323514 0.0003501793 0.9714283 0.0004334499 0.021352923 0.6452715 0.021441383 4.399334e-07 0.31272075 1.6430552e-07 0.003082891 0.017502548 0.0017961981 0.48693052 7.994449e-06 1.4769571e-06 7.56787e-07 0.70075256 1.8200639e-05 7.319966e-05 3.5081758e-08 0.05868663 9.635711e-06 0.015715517 9.633115e-05 8.014645e-05 1.775429e-06 0.015176056 0.0029716133 2.9289356e-06 0.0011277327 0.003775125 0.0027988576 2.7074874e-08 0.00065098173 1.6928738e-05 9.576434e-05 1.3255933e-06 0.00093161175 0.0012985917 3.672409e-06 6.330641e-08 0.0011305222 2.3393004e-07 0.0029754092 3.1334448e-09 1.0404001e-09 0.0067039286 1.9849153e-06 1.8291486e-05 0.0006119891 0.0031885426 7.344132e-05 1.833813e-06 3.9560702e-05 0.00033779253 0.00021688962 3.3687484e-06 0.0023201122 0.0046519334 0.0012635476 2.7653584e-07 0.00020480502 3.0919975e-10 0.00020119782 0.00062865927 0.002899543 0.0009939132 0.00012914637 2.802828e-06 2.7847304e-07 0.00031083327 0.003249994 4.755524e-06 0.00015944819 0.00016212926
0.0018580388 0.0681108 0.010712924 0.28776056 0.007800369 0.0010349442 0.026669938 0.00063409924 0.006172592 0.00076834596 0.00013764025 0.16354011 0.022583866 0.50862753 0.00041804079 0.00022555319 0.0018786414 5.3470987e-05 0.00047241923 0.00042430274 0.0010470388 4.790711e-19 0.0061471076 0.010057212 0.0032335839 8.737047e-05 0.8807902 0.000776086 0.0001037009 9.348474e-06 0.00045623435 0.00032348282 0.000118691096 0.00022011406 1.840913e-06 0.4498738 4.7456615e-06 1.5205266e-06 0.0006734073 0.00017614882 3.170883e-05 2.5143947e-06 0.00016056333 0.30443752 8.71047e-06 8.089607e-07 4.0992465e-05 2.8186016e-05 8.712335e-05 2.0776743e-05 0.00010639006 1.112136e-05 0.0004295648 5.5493774e-06 2.330966e-06 2.1661273e-05 5.0638273e-06 0.0032485437 9.608254e-08 8.970923e-06 0.023354521 7.985764e-06 1.071184e-06 0.00035099647 0.00010141099 8.063378e-06 4.3257437e-08 9.694767e-06 1.2202962e-06 5.9407867e-05 1.6523822e-08 3.7489886e-10 1.8360346e-05 0.0042717084 1.995135e-06 0.00010969451 1.4486851e-05 0.0018421813 0.002756363 1.5004097e-05 1.6457268e-06 4.164703e-06 2.1958744e-05 0.00019814336 4.4687076e-05 0.00015774286 9.985169e-09 5.193428e-06 6.103308e-10 3.780226e-05 0.000113920745 2.766849e-05 7.512287e-05 1.3502574e-05 3.322233e-05 8.4521525e-06 7.571993e-05 0.00033612727 4.2513977e-05 6.273381e-05 0.000120163284
0.07188424 0.00322652 0.0001086086 0.027449884 0.008745689 5.2681768e-05 1.2713196e-05 6.098983e-05 0.10988232 6.075069e-06 4.5959036e-06 0.8361474 0.83402485 0.0005148223 2.8396897e-07 2.6586422e-06 4.7260014e-06 7.078861e-08 7.3378974e-06 0.0010449655 0.8221828 0.0061471076 1.4105951e-18 0.09601746 1.9899524e-05 0.00024955772 0.0057074837 0.21344957 1.0768034e-05 0.0002953375 0.9748621 0.002901446 9.3889916e-08 0.016025746 6.23919e-08 0.08933724 0.0003290696 7.034637e-05 0.10705063 2.4765109e-06 2.1485613e-07 2.0501852e-07 0.36612308 1.3580684e-06 1.9356369e-06 1.2253235e-08 0.0036056344 8.238139e-07 0.301969 9.773335e-07 2.7120975e-06 5.685972e-07 0.0022498637 0.00012922473 5.894037e-07 0.036022563 0.00015709837 0.14991687 2.581237e-08 2.0215575e-05 1.3645111e-05 2.4825087e-07 1.2978618e-06 8.479616e-05 9.287013e-05 2.0698624e-07 7.858065e-08 4.947045e-05 8.401002e-08 0.00014182493 2.5642275e-09 2.653335e-10 0.0004008582 9.486214e-06 8.6932124e-07 5.0361712e-05 0.00013554421 0.0049411966 2.5895224e-07 3.5715154e-06 0.0013583419 0.00014932716 2.4900655e-07 0.0005670123 0.00044997848 0.000106260675 4.590489e-08 0.0030983118 5.910172e-10 2.5869309e-05 4.6614874e-05 0.00023795667 9.7483215e-05 0.019344972 0.0006560884 8.661328e-09 2.002038e-05 0.00031386747 6.9420395e-07 1.7689754e-05 1.0756179e-05
0.918503 0.20487635 0.043706164 0.22357585 0.6869365 0.011671749 0.0067648184 0.20188142 0.7973993 0.0028854029 0.1284322 0.09975107 0.23125616 0.06911935 0.00035595108 0.008819816 0.0020396174 2.1195905e-05 0.00070087716 0.7765364 0.69387376 0.010057212 0.09601746 1.560675e-14 0.0017874243 0.61618805 0.0037453645 0.8377539 0.04870717 0.61576897 0.055225648 0.6224352 1.1666206e-05 0.6499954 3.2092765e-05 0.004174522 0.463471 0.34774405 0.47568896 1.271122e-05 3.7717684e-06 6.6842013e-06 0.32391718 0.00029491138 0.01704974 5.3953736e-06 0.28542906 0.002875374 0.0020342376 0.005252114 0.029988427 5.2981653e-05 0.0172081 0.1194905 8.726185e-06 0.00011195613 0.24105313 0.0014156535 1.9625976e-07 0.023940608 0.0005526523 0.011475726 4.485325e-05 0.0030835243 0.008285442 0.0005581484 4.1376938e-07 0.131308 4.258856e-07 0.11892705 1.082919e-08 1.05141304e-07 0.14830922 4.743265e-05 0.00043495928 0.0007620487 0.12014176 0.000399937 0.0007953231 0.0013276633 0.00025786832 0.00022186135 0.00018922015 0.010213978 0.07042009 0.02254546 5.160579e-05 0.00019914228 7.2206783e-09 0.00025308743 0.0051375786 0.13928458 0.016079174 0.0004200243 4.7241065e-05 0.0005473103 0.0045908336 0.048679665 1.1064741e-05 0.0043407497 0.0015611409
0.21362579 0.037618894 0.32564613 0.013584223 0.010389612 0.023278551 0.8645784 0.0048116636 0.0024513695 0.10689096 0.0023002785 6.4200314e-05 3.9261897e-05 0.5512033 0.6071305 0.005343788 0.96674585 0.56228256 0.059749607 0.0015017389 7.625576e-05 0.0032335839 1.9899524e-05 0.0017874243 7.454843e-18 0.00063697336 0.0003559677 9.356728e-05 0.00089481694 0.00024415017 1.6171225e-05 0.0004036325 0.017304536 0.00090268435 0.65415525 0.00013295245 0.0004747866 5.710372e-05 0.00023893542 0.0051085814 0.0033477151 0.022663984 1.1935352e-06 0.01046403 0.000120082404 0.46495137 0.0006389948 0.00139018 1.0241784e-05 0.68488747 0.37453935 0.00051549566 0.0006460513 9.33743e-05 0.0016461625 1.3009506e-05 2.291898e-05 1.9845775e-05 0.00019921083 0.00023425075 0.00014022745 0.6778019 0.0003334875 0.0009212255 0.0002818356 0.00053996313 0.011507843 4.69859e-05 0.00019036622 9.769979e-05 0.002802724 0.02672868 2.9852274e-05 5.3668564e-06 0.26073998 1.9309622e-05 3.0541993e-05 3.5360907e-05 0.0050928546 0.0001305769 3.7529117e-05 2.6915428e-05 0.0019158111 0.00074668485 6.077801e-05 0.000113683935 0.18846326 6.3344582e-06 0.001339102 6.3654156e-06 0.00017359576 3.1624695e-05 1.0330098e-05 3.8219674e-05 1.3226195e-06 0.005399953 7.155293e-06 4.7908183e-05 0.00032174296 5.359111e-05 0.0001880684
0.9327417 0.033255897 0.024834875 0.0077927173 0.2309741 0.020045163 0.010157714 0.22897641 0.2045529 0.01034997 0.23429514 0.001904259 0.0031077815 0.007475054 0.0005688223 0.026905768 0.0015697167 0.00018691919 0.0028048952 0.9440601 0.0027323514 8.737047e-05 0.00024955772 0.61618805 0.00063697336 8.5237476e-16 5.8644677e-05 0.02011213 0.56094503 0.574379 4.58504e-05 0.5572167 9.6012984e-05 0.045006696 2.7753597e-06 8.142892e-05 0.24069063 0.36061785 0.0022597983 0.00023208161 0.00013419574 1.2063226e-05 0.00014043046 3.0847656e-05 0.14283456 9.084312e-07 0.0031819642 0.018256068 1.084298e-05 0.0025280835 0.0019922957 0.00020934695 0.0004907873 0.010252057 3.4879748e-05 1.1337805e-06 0.34003994 2.523703e-05 6.8727836e-06 0.062032238 3.265416e-05 0.00030980873 0.00012293278 0.0007078321 0.0017902775 0.0033012857 1.7799811e-06 0.27555832 1.6656653e-05 0.03885786 1.3719917e-07 3.5893174e-07 0.17316416 6.32249e-06 0.0022142087 0.00021003629 0.21173216 6.0374114e-06 6.53749e-05 0.0017337195 4.9883824e-06 3.0345304e-06 0.00015572649 0.008745076 0.030522259 0.06662649 1.4386408e-06 6.144335e-06 1.8883938e-08 2.3214212e-05 0.016557708 0.18137583 0.007323035 2.8826787e-05 5.2073915e-07 0.00043476722 0.0013013192 0.048403125 7.742552e-05 0.015281939 0.006933476
0.00055084215 0.017997416 0.00029992804 0.1342899 0.0037947192 0.0001440831 0.002501551 0.00017644641 0.002260805 6.0463226e-05 2.0028838e-05 0.08894625 0.011434084 0.17550975 4.1328276e-05 4.737316e-05 0.000106880645 3.6883227e-06 1.9208715e-05 0.00021538019 0.0003501793 0.8807902 0.0057074837 0.0037453645 0.0003559677 5.8644677e-05 2.589608e-17 0.00032413998 2.1835704e-05 3.6171461e-06 0.00026654077 0.00010785553 2.6777225e-05 7.8945224e-05 1.9825628e-05 0.8033686 4.213696e-06 6.3017796e-07 0.00060466025 6.591976e-05 3.4051343e-06 1.6795307e-06 3.668473e-05 0.22027956 2.7656656e-06 1.4072003e-06 3.7176032e-05 7.1274317e-06 3.934695e-05 3.5733262e-07 1.0516466e-05 1.8893829e-06 0.00044755443 1.3027613e-06 4.1297567e-06 2.7762293e-05 7.413823e-06 0.020307044 1.5880026e-07 8.97801e-06 0.11274818 6.3150483e-06 1.7645449e-06 0.0001654314 0.0001169599 1.3527571e-06 2.0182844e-07 4.3425707e-06 4.783032e-06 7.937928e-06 9.006017e-08 1.1816026e-08 1.0774773e-05 0.10909531 3.3233468e-06 1.9620515e-05 5.596733e-06 0.028344011 0.008017065 1.1191827e-05 1.966086e-05 1.1944138e-05 0.0001494534 2.0669135e-05 3.183467e-05 0.00010131771 2.8296387e-07 7.177413e-05 4.7642277e-09 5.206011e-05 0.0002902362 5.495561e-05 5.058834e-05 0.000111590925 0.0013827998 6.778968e-06 2.1835078e-05 0.00036898427 8.309097e-05 9.425466e-05 0.00019369205
0.6718054 0.01404227 0.00013718616 0.008819029 0.21747652 0.0001363211 0.00027962896 0.0015934489 0.4913025 5.919824e-06 7.098281e-05 0.045315817 0.1469333 0.0003824943 1.6220627e-06 2.1186224e-05 1.8224606e-05 6.845107e-08 9.45302e-07 0.13901858 0.9714283 0.000776086 0.21344957 0.8377539 9.356728e-05 0.02011213 0.00032413998 1.7151607e-19 0.00011377353 0.3341725 0.23083201 0.2119009 2.3161766e-08 0.8696722 2.6041064e-07 0.0012177869 0.43710268 0.13952304 0.7917602 2.1087028e-07 6.1886645e-08 7.1277576e-08 0.7257771 3.7176174e-05 0.00011036471 1.2415467e-08 0.5731781 1.3196531e-05 0.0039262725 6.8432506e-05 8.719201e-05 2.3937523e-07 0.20151833 0.16441388 6.8946076e-07 0.0003489532 0.018994689 0.00061967736 2.3563775e-09 0.00066189567 8.111487e-05 4.8572863e-05 2.5989388e-07 0.023955798 0.0149987405 4.377822e-07 3.5190993e-08 0.0037074564 2.1877609e-08 0.029457992 3.2942524e-10 8.426718e-10 0.03307955 2.1719792e-05 4.0752607e-06 0.0047414545 0.014357272 1.5291056e-05 7.5242424e-06 1.5448759e-05 0.0007648693 0.0009815911 2.3825424e-07 0.010657134 0.025339901 0.0059117656 5.4234533e-08 0.00011669628 1.9202566e-10 0.0010151138 0.0020127099 0.009223499 0.008087072 4.0217274e-05 4.2748766e-07 1.550557e-07 0.0016803561 0.013966984 4.4468385e-07 0.0010040458 0.0006662017
0.924937 0.02393372 0.0389591 0.002459181 0.19286762 0.36371177 0.004369174 0.26593328 0.04470851 0.13043655 0.603606 7.8128236e-05 0.0005171709 0.00094853865 0.010721514 0.8037782 0.0039815446 0.0011700464 0.3213604 0.67080504 0.0004334499 0.0001037009 1.0768034e-05 0.04870717 0.00089481694 0.56094503 2.1835704e-05 0.00011377353 2.3382847e-17 0.1805516 3.4876502e-06 0.25826532 0.06996317 0.00035558618 0.001107024 2.8611974e-05 0.011724915 0.1804718 8.867038e-05 0.008586086 0.021264777 0.003245577 3.4866293e-06 2.5330972e-05 0.8988523 0.00018574619 0.00010307008 0.6562548 8.659409e-06 0.00022297283 4.143353e-05 0.017387457 7.798092e-05 0.0006913644 0.0012197803 3.1580946e-06 0.19104528 1.1739756e-05 0.0010433786 0.49631855 3.619864e-05 0.0008469384 0.012004978 6.273423e-05 0.0011157874 0.09771194 0.0012092426 0.73669946 0.0020872888 0.010402387 0.00014151042 0.000543676 0.15140736 1.3943518e-06 0.00025408674 2.0286974e-05 0.34570143 2.7262762e-05 1.3405656e-06 0.07538307 1.0802644e-05 3.7952868e-06 0.034346003 0.0022117856 0.040223714 0.4625835 9.230379e-05 6.7672695e-06 2.2435746e-05 3.5806145e-06 0.2805166 0.17919609 0.019650444 1.9175375e-06 1.3140939e-06 7.677977e-05 0.00078836136 0.059917357 0.009009131 0.11706424 0.052074283
0.8738746 0.010500018 0.0024564806 0.0018021718 0.060345367 0.0028110773 0.00041192837 0.02078902 0.1492443 0.0010751556 0.041933443 0.0009505576 0.0027511148 0.0011416569 5.153858e-06 0.0022290023 0.000105108564 1.5982146e-06 0.00011114443 0.62033296 0.021352923 9.348474e-06 0.0002953375 0.61576897 0.00024415017 0.574379 3.6171461e-06 0.3341725 0.1805516 6.7997174e-16 0.00011986707 0.8427779 6.6790844e-06 0.5764342 7.5598095e-08 2.8361415e-05 0.82616574 0.87682456 0.09311167 8.602031e-06 1.152431e-05 3.354231e-07 0.0016415401 8.584841e-05 0.055802677 3.2545873e-07 0.15708159 0.0011202117 1.6737416e-05 0.010873733 0.013001322 3.2509764e-05 0.0045949705 0.07611581 6.3685125e-06 3.2459172e-07 0.5284478 0.00010475352 8.440206e-08 0.0066459244 6.823121e-05 8.189299e-05 2.3388162e-05 0.004279217 0.011479322 0.00019276512 2.0652857e-07 0.095064834 2.720889e-07 0.19957134 4.045425e-08 2.4413175e-08 0.31700325 3.3914497e-05 0.00014171487 0.0013681015 0.20764619 2.0669255e-05 4.9854552e-05 0.00039231038 1.7595197e-05 1.942982e-05 3.8060323e-05 0.012317635 0.11527016 0.043593373 4.7183832e-07 2.1174337e-06 1.2347972e-08 7.2812414e-05 0.0054093543 0.090088725 0.016670013 2.7602364e-05 1.165573e-05 0.00010931333 0.002067226 0.051190875 2.2906852e-05 0.012193651 0.0036121581
0.051960308 0.0016450773 5.326379e-05 0.000889551 0.0008872842 1.917736e-05 2.3707644e-06 7.092536e-05 0.021382736 2.550498e-06 1.5315521e-06 0.102048784 0.15709148 3.0658637e-05 2.882923e-07 1.5034498e-06 4.007399e-06 6.0569036e-08 3.3952572e-06 0.00017394795 0.6452715 0.00045623435 0.9748621 0.055225648 1.6171225e-05 4.58504e-05 0.00026654077 0.23083201 3.4876502e-06 0.00011986707 4.1064128e-19 0.0012531521 6.53075e-08 0.03275467 1.3724811e-07 0.021119487 0.0007014596 3.6033347e-05 0.22063921 1.3556861e-06 4.8712888e-08 1.3356659e-07 0.9526508 3.465807e-06 1.194305e-06 9.546232e-09 0.02492016 7.506678e-07 0.793727 2.1341386e-06 5.0509016e-06 9.3534936e-08 0.03291036 0.0014289197 1.135663e-07 0.10329812 0.00010411222 0.07983385 8.9838925e-10 1.2645601e-05 1.9851039e-05 3.0185674e-07 1.920256e-07 0.0014972487 0.0007577487 4.143706e-08 6.108843e-09 2.3415725e-05 1.6462187e-09 0.00035710406 9.480971e-11 3.459009e-11 0.00053346093 2.1342212e-05 1.0271818e-06 0.0003523027 0.00019620523 0.0010204386 5.085656e-07 5.813671e-07 0.0929863 0.020546831 2.9096892e-08 0.0014091356 0.00054379005 0.00014139237 1.6305385e-08 0.08078963 2.2263292e-11 0.0015266453 8.84088e-05 0.00027750267 0.00019998099 0.0632757 0.0002971935 1.6734901e-08 9.8476296e-05 0.0007564123 1.5071744e-07 3.655666e-05 1.4387911e-05
