1.010524e-27 0.57147497 0.19900298 0.961529 0.27770886 0.23448479 0.86559355 0.81678015 0.8697657 0.54568726 0.06702397 0.8774554 0.77079725 0.5895846 0.9226438 0.88627267 0.80557024 0.7416697 0.89218444 0.9391509 0.9202408 0.97237295 0.7931347 0.95791745 0.9097841 0.8919825 0.58438194 0.69171107 0.9495038 0.87357485 0.4122071 0.8867572 0.9282469 0.8777208 0.9841737 0.96162474 0.0021871072 0.7355634 0.9494368 0.9892476 0.60350513 0.9395356 0.0062870607 0.9389336 0.0102323545 0.9903535 0.010927994 0.025858007 0.004893187 0.7591093 0.6727121 0.43803915 0.754684 0.93360114 0.90907955 0.018120762 0.9539435 0.8757938 0.015001122 0.49807385 0.73607165 0.32669488 0.90243137 0.99851245 0.46891436 0.8663964 0.91566277 0.03812471 0.32864186 0.0028723618 0.9714386 0.0037452374 0.95559126 0.021115804 0.94216347 0.921406 0.011376284 0.002222381 0.0058608786 0.9990234 0.13893183 3.7399977e-06 2.8940689e-05 0.5558683 0.8990715 0.9883883 0.95729476 0.9998605 1.0555864e-07 0.9994756 1.0248941e-06 0.9995577 2.4065133e-07 0.0024204317 0.9999414 0.05303518 0.17675294 0.003721676 1.726174e-05 3.794377e-05 0.9988723
0.57147497 4.701528e-19 0.43710494 0.45111206 0.36826533 0.9747679 0.6449482 0.6585669 0.27359617 0.89843935 0.16242462 0.25718248 0.022838341 0.09737941 0.01482142 0.015722053 0.00592701 0.37647262 0.0041617383 0.0014246565 0.029358149 0.001353416 0.0008485833 0.008141297 0.0036244683 0.00042509864 0.14923933 0.00033459548 0.008987897 0.0003741025 0.16941832 0.0007720005 0.0020796312 3.890772e-05 0.00020204733 0.0001681082 0.0023621276 0.0030608827 0.00019579494 0.00015113738 0.00020679871 0.00035439432 0.0019072389 0.00022080976 0.11442492 0.00015164386 0.08790846 0.062226098 0.071830146 0.042194404 1.19978295e-05 0.0051225657 0.00031463586 1.0885139e-05 7.476048e-06 0.0073610134 0.00020316338 2.9388655e-06 0.0069045806 6.9261923e-06 1.5174593e-05 0.00020086521 6.639835e-06 6.9029375e-05 6.5396045e-05 1.5493545e-06 1.9187794e-06 0.002304381 0.00027439388 0.18581629 5.197077e-07 2.5346775e-05 2.966253e-07 0.0007515522 0.0004799567 2.0466275e-07 1.1548206e-05 3.036037e-05 0.0006952909 0.0010888805 4.9542805e-06 0.0002236104 0.00036595447 2.1873073e-07 3.4879165e-06 0.00059276464 1.525427e-06 0.0032258218 1.1775806e-05 0.005821944 1.8841782e-05 0.0005332343 3.0739175e-05 3.4131808e-06 0.00019776956 1.2208119e-06 5.5147266e-06 4.728359e-06 7.690975e-06 3.3751812e-07 8.6504485e-07
0.19900298 0.43710494 8.65278e-19 0.46874934 0.9814306 0.14949003 0.18585093 0.06427408 0.021685308 0.6471658 0.9444396 0.020202395 0.009635258 0.0048080035 0.39151198 0.0020666425 0.00076311454 0.020639196 0.005485142 0.0017190884 0.0039969357 0.016604142 0.022759132 0.0017196706 0.00084712746 0.0032048724 0.017274471 0.0018916862 0.0012878786 0.001292086 0.0080686975 0.00078214303 0.0007643709 0.0002299358 0.00053958065 0.00019437504 0.028074466 0.0006054889 0.00014636978 0.000400032 0.0012862645 0.000118342316 0.026015626 8.961431e-06 0.22240105 0.00010294788 0.027886942 0.011587016 0.04983415 0.0007178621 8.479228e-05 0.00077370193 0.00016697426 6.713982e-07 1.1306579e-06 0.00068204803 0.0005516297 1.1623062e-05 0.00063484535 1.9070469e-05 4.5972032e-05 4.991133e-06 6.438207e-06 5.860321e-06 1.7845022e-06 2.9436428e-06 2.5755837e-06 0.00028898535 2.0652367e-05 0.13185132 2.2374614e-07 6.747393e-05 7.982865e-07 0.0010114899 0.0010820571 3.4966175e-07 6.025921e-05 8.433365e-05 0.00070948014 0.0014997345 1.9390025e-05 0.00027718602 0.00039357683 3.0970116e-06 7.3432802e-06 0.0012902801 3.116299e-06 0.0034317777 8.811113e-06 0.0075504403 4.189663e-05 0.0006034525 3.1464442e-05 2.3635066e-06 0.00037878403 5.677005e-07 6.637357e-05 7.132168e-05 1.2942755e-05 6.148192e-06 1.0527425e-05
0.961529 0.45111206 0.46874934 1.4274648e-22 0.4953034 0.20251599 0.96304125 0.09725612 0.5013636 0.052049868 0.09101526 0.019650914 0.64845675 0.008515931 0.60130125 0.0021701658 0.0030785382 0.00024223124 0.5875913 0.5850174 0.00020598285 0.36267975 0.10393271 2.2256014e-05 0.001661203 0.18873712 0.00025815226 0.018153567 4.3903526e-07 0.18628491 1.4612036e-05 0.020981893 0.0028857416 0.008955854 0.100146465 0.04978444 0.0016310086 1.5025817e-07 0.0020248338 0.5553926 0.0015702782 0.00017333026 0.00031138753 8.184106e-07 0.0028418382 0.007573867 2.5952437e-05 1.494756e-06 0.00062218285 2.327416e-08 0.0032395471 8.1965965e-07 1.2687083e-07 2.5996852e-07 8.472982e-08 7.87529e-08 0.082267456 1.88902e-05 7.005981e-07 0.003867599 0.006146607 1.8024577e-08 1.3064267e-06 7.9110956e-05 1.0655444e-08 4.751478e-07 3.0614498e-08 3.6469654e-08 5.7470327e-08 4.6508903e-06 3.7507953e-06 2.4273846e-05 7.444746e-07 3.7350588e-07 0.09253254 2.015578e-09 0.0007532797 5.4675096e-05 8.349138e-07 0.1506473 3.6947792e-08 5.2562126e-07 1.0512831e-06 9.156635e-09 1.0958414e-07 0.042329837 9.5532144e-08 0.0041641598 1.1532061e-07 0.12506534 1.8706979e-07 0.022510111 9.842934e-07 7.7806817e-10 0.00035372106 1.390028e-09 0.00083698425 5.7989195e-07 2.7428308e-07 6.09565e-07 3.7866658e-07
0.27770886 0.36826533 0.9814306 0.4953034 4.037709e-19 0.099936105 0.15617841 0.048861384 0.008882244 0.44576073 0.978329 0.010907623 0.0060463664 0.002951373 0.58925307 0.0020532573 0.0003599483 0.006719341 0.0054709814 0.002599244 0.0026437752 0.030252734 0.0660982 0.0013729604 0.0003264228 0.0069192736 0.0075165653 0.00628428 0.00043433916 0.00074816187 0.0044987295 0.00068466197 0.00050039805 0.0010257318 0.00081121904 0.00017341276 0.05238406 0.00016096456 0.000122525 0.0014890507 0.0085618505 0.0001832343 0.091282696 1.6432552e-06 0.24587876 0.00016196654 0.013881626 0.007116863 0.041144896 0.00025090366 0.0007326482 0.0005249851 4.935975e-05 2.1843722e-07 4.5506215e-07 0.0004598971 0.0014455393 2.180971e-05 0.0006354216 0.00021112838 0.0006688937 5.288945e-06 4.2076276e-06 1.6481024e-05 1.2730673e-06 1.7013749e-06 2.7095564e-06 6.007703e-05 5.3085892e-05 0.056741327 2.3129199e-07 0.00042038335 7.11523e-07 0.0009239631 0.0016019489 1.343433e-07 0.00027287778 0.00034036735 0.0005075216 0.0025709176 1.21290495e-05 0.00018026005 0.00020276889 2.8216366e-06 1.9192153e-06 0.0007255003 1.1230077e-06 0.002514466 1.542185e-05 0.019681882 1.2801022e-05 0.00097635575 1.2768164e-05 2.2443526e-06 0.00020948796 4.214955e-07 0.0003311123 3.576879e-05 3.4025084e-06 3.976524e-06 1.35056e-05
0.23448479 0.9747679 0.14949003 0.20251599 0.099936105 2.2084766e-19 0.6028466 0.8013139 0.31671527 0.8748312 0.030905372 0.41942573 0.03340815 0.19606775 0.0025361367 0.0226685 0.0105111385 0.42146677 0.0044925925 0.0011202752 0.04252268 0.0003380745 0.00022800964 0.0115426965 0.006759985 0.00032530996 0.13542211 4.9269922e-05 0.009321216 0.0017953581 0.06717533 0.002962848 0.0033890477 4.1229996e-06 0.00019684002 0.00028477973 0.00048587783 0.0053710607 0.0007650499 5.6600788e-05 2.3289738e-05 0.00044644586 0.00032865434 0.00032986767 0.030212823 0.0002326094 0.030201472 0.02890287 0.014443576 0.013209865 5.742943e-07 0.0024145076 0.0003377806 2.0449559e-05 4.7669982e-06 0.0021098778 5.3219865e-05 1.3975304e-05 0.002930091 1.3845812e-07 7.9035004e-07 7.234996e-05 5.263097e-06 0.00016870454 2.029189e-05 5.7664124e-06 2.6551884e-06 0.0008152547 4.3699467e-05 0.06303306 2.9750965e-06 8.982258e-06 1.0579028e-06 0.0004503026 0.00022776231 7.0763264e-07 1.290112e-06 3.87789e-06 0.0004322905 0.0010937758 1.1951431e-05 6.947822e-05 0.00028098858 3.9814284e-07 6.603216e-06 0.0008849599 3.0558874e-06 0.0006967741 4.331214e-06 0.0020975186 1.3368179e-05 0.00017942772 1.3058905e-05 3.8128933e-06 0.00044634967 9.876974e-07 4.5221054e-06 8.0818545e-06 4.1808757e-06 2.2282009e-07 2.428481e-06
0.86559355 0.6449482 0.18585093 0.96304125 0.15617841 0.6028466 9.697167e-18 0.725764 0.8662192 0.4966672 0.051085982 0.3333343 0.67350745 0.23443243 0.024814833 0.043042466 0.042917702 0.11313946 0.21723695 0.21480744 0.026953742 0.0026336215 0.0020674113 0.01174986 0.01563169 0.0022199524 0.030797906 0.00040216988 0.0010024372 0.062161975 0.009467434 0.024950368 0.018018711 4.422074e-05 0.022723999 0.013521621 0.00087322417 0.0029849245 0.00395916 0.017903375 9.545806e-05 0.0021634013 0.0003497076 0.00075576047 0.012541864 0.003313546 0.0034941111 0.002564893 0.00446464 0.00049820147 9.90523e-06 0.0006961276 4.6797406e-05 3.833309e-05 8.096674e-06 0.00020346315 0.0012507273 6.899976e-05 0.0004262938 1.699036e-05 5.765179e-05 5.989559e-06 2.6573503e-05 0.00031456028 7.125871e-07 1.073553e-05 1.7140733e-06 0.00010154376 2.0885739e-06 0.0014436031 3.1328775e-05 4.4572475e-06 2.04769e-05 7.065477e-05 0.00097066927 4.2702192e-07 2.3051663e-05 2.0911897e-05 3.39165e-05 0.009322362 3.4524662e-06 2.1428195e-05 8.21751e-05 3.7259974e-07 1.5503307e-05 0.0016347795 3.4264747e-06 0.0063784444 2.8464478e-06 0.021132743 7.2899225e-06 0.0015986492 2.9492287e-06 4.328635e-07 0.00036841707 6.206429e-07 3.087061e-05 1.0014385e-05 1.2218561e-05 9.945834e-07 9.854681e-06
0.81678015 0.6585669 0.06427408 0.09725612 0.048861384 0.8013139 0.725764 2.6929614e-17 0.88122654 0.67497355 0.013408451 0.90254855 0.18680702 0.8156305 0.003363994 0.28686446 0.21128777 0.7153212 0.0266415 0.010117929 0.3489396 0.00064289034 0.00032490346 0.21278785 0.07197858 0.00038034614 0.24212806 9.480475e-05 0.08775964 0.010640727 0.14542687 0.022432428 0.054393407 9.847652e-06 0.001689072 0.0069976123 0.0005360151 0.06153235 0.018827088 0.00046152604 2.823369e-05 0.0095292665 0.00064254005 0.0074558095 0.021304546 0.006524501 0.03317259 0.048846874 0.0153309265 0.09585071 1.5163561e-06 0.015716327 0.0021372265 0.0008828133 0.0007170171 0.0070144823 6.4856315e-05 0.00018053979 0.007594069 2.0239473e-07 1.2295798e-06 0.00080196955 8.289998e-05 0.0052777645 0.00039784986 7.5739794e-05 5.5737684e-05 0.007643844 0.0005030881 0.02827512 0.00018154569 6.4140677e-06 5.423927e-05 0.0006473162 0.00023094343 4.2775946e-06 1.0595769e-06 4.808285e-05 0.00020104881 0.0025578886 6.343463e-05 7.486147e-05 0.0005572538 5.2190976e-06 7.123602e-05 0.0010901466 8.855977e-05 0.0016672141 5.960464e-06 0.00536237 2.8165354e-05 0.0007498197 1.6431555e-05 1.1449794e-05 0.0010133447 2.4243668e-06 2.8866318e-05 3.503751e-05 1.3999061e-05 1.1176186e-06 3.1796648e-05
0.8697657 0.27359617 0.021685308 0.5013636 0.008882244 0.31671527 0.8662192 0.88122654 5.790531e-18 0.31640235 0.0046795225 0.6832963 0.91000354 0.70374846 0.0015280531 0.21621335 0.34308892 0.23619944 0.32906386 0.23321174 0.13711822 0.00022718134 0.00017384246 0.062052384 0.15744774 0.0014637356 0.03311678 4.4043845e-05 0.015733968 0.36029637 0.018634748 0.22311063 0.12047742 1.731184e-05 0.06866159 0.085734084 0.00045824566 0.010548691 0.0384979 0.0074796784 1.861073e-05 0.03041614 0.00027323814 0.006482286 0.0036025376 0.025363654 0.0025645937 0.0041507827 0.002063526 0.0044280393 5.008174e-06 0.0022581676 0.00026671318 0.0003932013 0.00012243693 0.00063638587 0.0005257592 0.0010646355 0.00062251935 1.2606108e-05 6.3353975e-05 2.884909e-05 0.00025901414 0.0025394259 8.502025e-06 0.00022251868 5.2973166e-05 0.0003335053 1.2137728e-05 0.0014824126 0.00018998537 1.1624985e-06 0.00046298475 0.00012989776 0.00070606644 3.21746e-06 8.034937e-06 1.27431285e-05 4.016898e-05 0.005646283 1.8562694e-05 1.2789467e-05 6.785776e-05 8.662085e-06 0.00028614147 0.0011354119 0.00011706624 0.0040573315 2.9991515e-06 0.009103965 3.9888528e-06 0.0010047284 1.1206438e-05 4.047463e-06 0.0010200654 3.915822e-06 8.651422e-05 3.5673882e-05 2.5186751e-05 3.1547324e-06 9.010532e-05
0.54568726 0.89843935 0.6471658 0.052049868 0.44576073 0.8748312 0.4966672 0.67497355 0.31640235 4.0693303e-19 0.3985485 0.553466 0.022039311 0.1882517 0.01511841 0.1113513 0.026662981 0.89302164 0.009499578 0.0022464995 0.19162436 0.0022625867 0.0013504088 0.074502535 0.0041452223 0.000107031905 0.83615565 0.00041698146 0.036336657 0.0014312777 0.6080659 0.0032479505 0.004174179 3.288774e-05 5.437242e-05 0.0010263507 0.014866294 0.011129898 0.0021598218 2.646781e-05 8.105316e-05 0.0004035936 0.00087033294 0.00067320757 0.4476159 0.00048721672 0.53324664 0.4262829 0.2703199 0.13657337 6.042394e-06 0.0075112055 0.0013731954 5.386056e-05 2.8973438e-05 0.070968695 0.00012805425 7.037196e-06 0.06791678 6.3929593e-07 1.8599791e-06 0.00024987757 3.3597633e-05 8.8761924e-05 1.58357e-05 1.7240418e-05 4.9416913e-06 0.0020436253 8.4086205e-05 0.40914643 4.3117034e-06 1.0773181e-05 1.072022e-06 0.0047924137 0.00047932775 1.0933554e-06 1.3906581e-05 9.122241e-05 0.01945728 0.00069754967 0.0003718729 0.0048112413 0.007005852 3.7895547e-06 5.4976445e-06 0.00082083896 7.4240256e-06 0.0036716494 0.00017707823 0.0048791002 0.00035654035 0.00013431135 0.00024915466 2.685686e-07 0.00044092222 1.2102866e-07 2.0271793e-05 0.000105084415 7.853491e-05 1.6485228e-06 8.629244e-06
0.06702397 0.16242462 0.9444396 0.09101526 0.978329 0.030905372 0.051085982 0.013408451 0.0046795225 0.3985485 6.119211e-20 0.008271902 0.0011164501 0.0006410237 0.25872242 0.0008511111 0.00028959973 0.004601928 0.0006015865 0.00015251435 0.00078084925 0.040836584 0.036175862 0.00027206287 5.7956797e-05 0.00059181225 0.007294151 0.008288346 0.0002074025 4.819386e-05 0.0010998199 6.0894745e-05 1.7057477e-05 0.0010344449 2.854346e-05 9.277837e-06 0.6333566 2.0819627e-05 6.04858e-06 5.263226e-05 0.008716497 1.406268e-06 0.47056842 8.734332e-07 0.6553892 1.6211434e-05 0.027506597 0.002112563 0.10357608 6.946802e-05 0.0009362544 0.00022467278 2.7533297e-05 1.8824575e-07 1.0690519e-06 0.00024243507 0.00016200979 2.831524e-06 0.00017838013 2.076967e-05 6.578807e-05 1.7149546e-06 1.110445e-06 7.2622186e-07 8.8873145e-07 2.5424583e-07 6.175544e-07 2.1936308e-05 3.208958e-05 0.03998696 1.3806117e-06 0.00055390835 4.8004427e-08 0.0010556274 0.00035357988 6.060327e-07 7.958868e-05 0.0002837423 0.00051404425 0.00040807115 1.0065841e-05 0.00077941816 0.0004372675 8.1193417e-07 5.6658735e-07 0.00028248221 9.40616e-07 0.0037330491 1.9338462e-05 0.0043642106 1.8638972e-05 0.00012680667 2.9666127e-05 4.4176794e-08 5.4290038e-05 1.0445608e-07 4.1187457e-05 9.7025215e-05 5.8549304e-06 3.4656233e-07 3.4646482e-07
0.8774554 0.25718248 0.020202395 0.019650914 0.010907623 0.41942573 0.3333343 0.90254855 0.6832963 0.553466 0.008271902 9.164157e-18 0.13827457 0.94273174 0.0014829196 0.48931706 0.40794745 0.7591326 0.02988683 0.008065755 0.6089924 0.00024519552 0.0001185826 0.41231948 0.25714532 0.00019796692 0.3527101 4.1257594e-05 0.24772607 0.029058868 0.24791366 0.06315377 0.13095921 3.4709803e-06 0.0018507994 0.01362925 0.00021584368 0.091729194 0.06798272 0.00049839704 2.2459275e-05 0.032968014 0.0005310213 0.020514196 0.010306832 0.012872505 0.031223979 0.06367513 0.008836704 0.20629145 8.9663945e-07 0.028302414 0.0019069368 0.002532398 0.0010187682 0.016964812 0.00010047719 0.0008431784 0.0266738 5.834288e-07 1.6707363e-06 0.0016706814 0.0002808715 0.014162336 0.0011605712 0.00029309085 0.00021128773 0.018331233 0.0011925319 0.027797494 0.00068547967 6.061521e-06 0.00026226058 0.0021005664 0.00032965915 6.6134984e-05 1.6348504e-06 2.2493163e-05 0.0009813575 0.0062606926 0.00012188645 3.78332e-05 0.00032758384 2.6759686e-05 0.00023386012 0.0022495934 0.00024685293 0.0035720558 4.258111e-06 0.006169364 1.0078732e-05 0.0013231242 1.9295247e-05 2.3094266e-05 0.0021307233 2.9254822e-06 2.0223655e-05 3.137521e-05 9.268614e-06 7.7119023e-07 0.00018350063
0.77079725 0.022838341 0.009635258 0.64845675 0.0060463664 0.03340815 0.67350745 0.18680702 0.91000354 0.022039311 0.0011164501 0.13827457 2.875033e-16 0.19371167 0.0050391937 0.05560294 0.23644742 0.0048274198 0.90785474 0.81113344 0.011574497 0.0032492082 0.0011329441 0.0035596432 0.058522884 0.012882311 0.0037662068 0.0008925239 0.0002541822 0.40413964 0.0022106904 0.17191282 0.123172335 0.0011498298 0.16729264 0.08240387 0.0001367049 0.0003954799 0.02528728 0.15747319 6.420778e-05 0.013703743 2.8082744e-05 0.0009831255 0.00047009054 0.023448821 0.0005598949 0.0004351538 0.00020908656 7.7091965e-05 0.00019407015 0.00032297111 1.3254688e-05 0.00022232818 9.237931e-06 0.00010060194 0.014525339 0.00151067 7.794293e-05 0.0010761234 0.0022477265 3.9102656e-06 0.00015050365 0.0012054436 1.7412718e-06 7.8219935e-05 3.041852e-06 1.1359452e-06 9.165149e-06 0.00036967528 7.280519e-05 1.9875217e-06 0.00012662116 1.9790436e-05 0.020243729 7.8770364e-07 0.000412942 1.9807856e-06 0.00021357492 0.060833048 5.799044e-06 2.7026004e-05 0.00042986253 1.5655949e-06 4.9676913e-05 0.010821625 4.7402358e-05 0.059445493 1.3369391e-05 0.017032381 7.2851617e-06 0.0047810124 3.3371354e-05 3.0857965e-08 0.0045000273 1.07612884e-07 0.0006942374 2.0731715e-05 2.2892003e-05 5.5765827e-06 0.0002427247
0.5895846 0.09737941 0.0048080035 0.008515931 0.002951373 0.19606775 0.23443243 0.8156305 0.70374846 0.1882517 0.0006410237 0.94273174 0.19371167 3.1749318e-20 0.0004947359 0.8762224 0.81404155 0.6974029 0.021917664 0.004156637 0.776942 7.821225e-05 2.0631127e-05 0.45807788 0.4260519 0.00017363882 0.07446826 2.0720418e-06 0.21286029 0.073792204 0.01286151 0.09722939 0.19854489 8.460794e-07 0.0041583125 0.015942682 9.085564e-06 0.06411046 0.04670627 0.0010062987 4.063463e-06 0.054176394 8.662237e-05 0.049272522 0.000268884 0.012218253 0.00036813613 0.0014250677 0.00014617562 0.017396148 2.6709637e-07 0.008665729 0.0026033497 0.0016778859 0.0011270425 0.0008437854 0.00012122095 0.004781428 0.0002184813 3.0299714e-07 4.4353337e-06 0.00069920043 0.0009062144 0.012325696 0.000371648 0.00072074495 0.0005655954 0.0017377426 0.00037203892 5.974861e-05 0.0015136853 9.91289e-07 0.0007864093 0.0002497165 0.0005225104 0.00018253716 6.59544e-07 9.685323e-06 5.2041623e-06 0.0029568765 0.0002821193 9.745863e-06 2.0591127e-05 5.336639e-05 0.0007043 0.0012516999 0.0004445128 0.001683532 5.362224e-07 0.0039547295 4.942381e-07 0.0005841331 3.189841e-06 1.8379171e-06 0.0027374818 2.410056e-06 3.0030826e-05 2.6748728e-06 3.9100996e-07 8.366446e-08 0.00055924465
0.9226438 0.01482142 0.39151198 0.60130125 0.58925307 0.0025361367 0.024814833 0.003363994 0.0015280531 0.01511841 0.25872242 0.0014829196 0.0050391937 0.0004947359 1.731776e-17 0.00045340977 6.332662e-05 0.0013964692 0.008164389 0.01511348 5.6456367e-05 0.89006424 0.9386059 2.1173017e-05 0.00015529226 0.21993084 0.0028518839 0.6755874 1.076479e-05 0.0009230341 0.0005168237 0.0002677144 0.00023297528 0.12730993 0.004220762 0.00077051955 0.018215895 2.5202287e-06 2.6268071e-05 0.036345337 0.4561945 1.3865554e-05 0.0934483 2.3246646e-05 0.039787456 0.00053477637 0.00028775848 0.00010636064 0.004751381 1.9388608e-06 0.01887637 0.00019670771 3.1954205e-05 2.604924e-05 8.16801e-06 0.00010343461 0.010351869 1.3357347e-05 5.713019e-05 0.00045851758 0.0017529133 1.2603102e-05 5.295728e-06 3.192478e-05 3.6792133e-06 2.1850358e-06 1.5112339e-06 0.00033790898 1.5612017e-05 0.0010381554 1.7975499e-06 0.00288467 4.1215858e-07 0.0029388422 0.011755302 2.1543565e-06 0.0022345285 0.0011744113 0.002989116 0.02466906 2.291225e-05 4.2266165e-05 9.640697e-05 6.7173414e-06 1.3404748e-06 0.010892109 7.5943245e-07 0.0017218811 5.894367e-06 0.12749146 1.3529694e-05 0.009909956 6.6854504e-06 5.0093036e-05 0.0006117791 5.603636e-07 0.00021220287 0.006791344 0.00025413014 0.00030407993 3.1858657e-05
0.88627267 0.015722053 0.0020666425 0.0021701658 0.0020532573 0.0226685 0.043042466 0.28686446 0.21621335 0.1113513 0.0008511111 0.48931706 0.05560294 0.8762224 0.00045340977 9.512105e-19 0.96973246 0.51651186 0.012422884 0.004113841 0.76044625 4.7784528e-05 2.4756808e-05 0.57009333 0.677701 6.002412e-05 0.12691101 5.2415985e-06 0.31964797 0.033643592 0.048484888 0.09178909 0.3182786 6.3450545e-07 0.002289314 0.014078508 3.287962e-05 0.08374592 0.06038302 0.00028332666 5.3851954e-06 0.072483584 0.00014515278 0.06291078 0.00080254494 0.016587943 0.0009812878 0.0058041736 0.0002040344 0.060970467 3.6224986e-07 0.01325455 0.0027162952 0.004267714 0.0013518145 0.0016679369 2.099895e-05 0.0031668881 0.0020398372 2.5445104e-07 1.1904898e-06 0.0034742707 0.00039791362 0.021807404 0.0014750779 0.00047564134 0.0005177665 0.0063961977 0.0019511293 0.00029086965 0.0008952267 3.0984827e-06 0.0005661999 0.0011874541 0.00030345423 0.00079154765 1.08295e-06 1.1413534e-05 9.863325e-05 0.0039315964 0.00071353064 3.39573e-06 1.8639683e-05 0.00010795194 0.0009358407 0.0016071685 0.00032297295 0.005921316 1.963855e-06 0.0052401195 1.0858084e-06 0.0014332897 6.735238e-06 3.232689e-05 0.004275187 1.2882114e-06 1.6103142e-05 2.7027963e-05 1.6405869e-06 4.5092656e-07 0.00095551286
0.80557024 0.00592701 0.00076311454 0.0030785382 0.0003599483 0.0105111385 0.042917702 0.21128777 0.34308892 0.026662981 0.00028959973 0.40794745 0.23644742 0.81404155 6.332662e-05 0.96973246 1.21534e-20 0.19272172 0.033395115 0.008596767 0.6504258 2.8082477e-05 2.9078226e-06 0.34313202 0.8470953 0.00013535652 0.019026915 6.2024765e-07 0.12250191 0.21996076 0.0055871634 0.33069068 0.4862157 3.1890332e-07 0.0106042875 0.06786779 3.8838098e-05 0.03569717 0.15948394 0.0010603624 9.081531e-07 0.18388404 6.511605e-05 0.098842405 0.00024624064 0.06020986 5.0046387e-05 0.00024681716 3.505044e-05 0.009636952 3.2512554e-07 0.0041787135 0.001980624 0.0068758787 0.00073486223 0.0001513591 9.8170516e-05 0.016144231 7.262711e-05 3.9603955e-07 2.1611763e-06 0.00030697035 0.0005904072 0.033436418 0.00015133325 0.0006430743 0.0004109449 0.0005757627 0.00012197925 3.5697434e-05 0.001210898 2.262869e-07 0.0010321173 0.00019262894 0.0007794189 0.00040814333 3.3516824e-07 3.5213022e-06 1.6498636e-05 0.0029211184 0.0006027264 6.658498e-06 8.172202e-06 0.00013515825 0.0007641949 0.0012828289 0.00044640712 0.00521858 1.6374889e-06 0.0079272995 6.003871e-07 0.0018647579 9.40177e-06 3.5306668e-06 0.005590018 1.253152e-06 8.393134e-05 7.121676e-06 9.3232893e-07 3.8796043e-07 0.0017401887
0.7416697 0.37647262 0.020639196 0.00024223124 0.006719341 0.42146677 0.11313946 0.7153212 0.23619944 0.89302164 0.004601928 0.7591326 0.0048274198 0.6974029 0.0013964692 0.51651186 0.19272172 2.2090737e-20 0.00394844 0.00053013803 0.83339536 1.7168979e-05 2.4378403e-05 0.5915657 0.03904004 2.9167406e-06 0.9260131 1.5138073e-06 0.7004824 0.0030405095 0.3344354 0.008026769 0.047168273 8.202794e-08 0.0001473284 0.00091330364 1.5401713e-05 0.66566145 0.008755766 2.964811e-05 4.2314623e-06 0.0069150287 2.1780714e-05 0.042781502 0.0047393325 0.001540504 0.011192725 0.030057998 0.0024768843 0.66234654 1.03303144e-07 0.16541521 0.018942034 0.0024794259 0.001705202 0.02711577 1.007143e-05 0.00061153667 0.009869321 8.5617145e-08 3.170287e-07 0.0067244307 0.00070745964 0.0028363527 0.0016945166 0.000625008 0.0004625329 0.05750811 0.004783959 0.0036202248 0.000746529 8.085932e-08 0.00022994986 0.00866506 0.0006800294 0.000110433044 5.2210765e-07 7.796084e-07 0.0015367749 0.0006216354 0.0007123252 4.149945e-05 0.00048164267 1.8651222e-05 0.00010432115 0.00071191706 2.9097659e-05 0.00050939835 2.1371286e-06 0.0044952086 1.6810234e-05 0.00021992918 4.4643755e-05 9.926002e-05 0.00070422346 3.1568317e-07 3.6159115e-06 0.00012296278 9.131516e-06 5.117429e-06 3.222071e-05
0.89218444 0.0041617383 0.005485142 0.5875913 0.0054709814 0.0044925925 0.21723695 0.0266415 0.32906386 0.009499578 0.0006015865 0.02988683 0.90785474 0.021917664 0.008164389 0.012422884 0.033395115 0.00394844 2.7246401e-19 0.9790585 0.005880892 0.011076804 0.0015841351 0.0013198394 0.03378787 0.020878969 0.007517268 0.0014217967 0.00051492895 0.42366204 0.005625112 0.099666774 0.06024793 0.0018743892 0.6097316 0.10390102 0.00030886204 0.00043569013 0.011511284 0.19947301 0.00011259267 0.008946168 7.2342715e-05 0.0019680783 0.00028060592 0.016612308 0.0003263117 0.0005040616 5.1743722e-05 0.00016295922 0.00019086832 4.917037e-05 1.0642755e-05 0.00019594944 3.1831491e-06 7.509937e-05 0.0071197962 0.0009212941 4.7376416e-05 0.00022804877 0.0014621911 1.6609416e-05 2.2654689e-05 0.0008235013 1.6208874e-06 2.5557561e-05 5.680005e-07 1.2029445e-06 1.9702163e-06 5.3183994e-05 2.9342242e-05 6.423699e-07 1.539418e-05 6.126232e-06 0.020684743 1.0334059e-07 0.00014957573 8.108419e-06 6.2428895e-05 0.04652472 1.1347622e-07 6.453154e-05 0.0004046527 4.8594845e-08 5.9752115e-06 0.013143767 5.927847e-06 0.0896679 1.2617402e-05 0.03089472 6.5996087e-06 0.013151547 1.5458912e-05 1.3441872e-08 0.008040736 8.047252e-08 0.0008006666 1.3957327e-06 0.00012815137 4.186079e-06 4.2463365e-05
0.9391509 0.0014246565 0.0017190884 0.5850174 0.002599244 0.0011202752 0.21480744 0.010117929 0.23321174 0.0022464995 0.00015251435 0.008065755 0.81113344 0.004156637 0.01511348 0.004113841 0.008596767 0.00053013803 0.9790585 1.2762778e-19 0.0018913148 0.037089154 0.0048868447 0.0005553854 0.0054554893 0.07893448 0.00082624325 0.003244276 6.2418236e-05 0.24121791 0.000711857 0.060788624 0.011738565 0.007939659 0.89182425 0.08783056 3.1328356e-05 0.0001252262 0.0039327983 0.4752402 0.0008782929 0.001540142 9.668521e-05 0.00059956266 0.00010079785 0.009975905 4.0192583e-05 4.1446212e-05 1.6197757e-05 3.0732812e-05 0.002584342 2.060417e-05 1.5322154e-06 9.273137e-05 5.073536e-07 3.828899e-05 0.102727644 0.0005041748 8.121212e-06 0.0055745174 0.011261721 6.085152e-06 1.0999888e-05 0.0006847968 5.0854646e-06 9.488666e-06 5.392773e-07 5.9846286e-07 5.986393e-07 3.2868818e-06 2.9379846e-05 1.6007354e-05 4.9505593e-06 2.348193e-06 0.16192077 7.470353e-08 0.0006768406 2.6464804e-05 7.3565984e-06 0.2320911 3.5187842e-08 2.0237478e-06 2.1884256e-05 6.2684467e-09 4.301485e-06 0.13238229 2.6253133e-06 0.17685568 1.1233343e-06 0.09741007 4.3421176e-07 0.0731229 1.6612655e-06 6.6137935e-09 0.004768731 5.5405565e-08 0.0010705028 1.2116678e-07 5.4962214e-07 9.966642e-08 4.1257e-05
0.9202408 0.029358149 0.0039969357 0.00020598285 0.0026437752 0.04252268 0.026953742 0.3489396 0.13711822 0.19162436 0.00078084925 0.6089924 0.011574497 0.776942 5.6456367e-05 0.76044625 0.6504258 0.83339536 0.005880892 0.0018913148 1.19833134e-17 2.0407653e-05 5.55231e-06 0.92800206 0.40533403 5.539727e-06 0.3532973 1.0905011e-06 0.7870882 0.006041458 0.16486149 0.035194494 0.18753357 3.6105046e-08 0.00075771473 0.012531868 5.5473593e-05 0.4424398 0.09591578 4.3235188e-05 1.6578626e-06 0.06674685 0.00012502837 0.20936815 0.0013346513 0.024533967 0.004020422 0.02499899 0.00056363305 0.2779447 1.8881384e-08 0.07047046 0.014691037 0.009931315 0.008670363 0.016198592 6.108771e-06 0.004515779 0.017722178 2.8598275e-09 8.1369835e-09 0.024611419 0.0018834616 0.08324977 0.010587716 0.001244695 0.0005594116 0.04984875 0.014441911 0.0011719834 0.0044804025 1.1190509e-06 0.0010555126 0.009103015 1.5889087e-05 0.000473098 1.9004361e-07 1.0543682e-05 0.0007890101 0.0033297744 0.0006220218 5.1341567e-06 4.958093e-05 4.196009e-05 0.0009367251 0.0014326563 0.0007189549 0.002266903 7.433508e-07 0.0039509125 4.987693e-06 0.0008718902 1.0164942e-05 0.00029009287 0.004926023 1.5583531e-05 1.6421553e-06 0.0001131359 5.6864196e-06 5.2602445e-07 0.0006691342
0.97237295 0.001353416 0.016604142 0.36267975 0.030252734 0.0003380745 0.0026336215 0.00064289034 0.00022718134 0.0022625867 0.040836584 0.00024519552 0.0032492082 7.821225e-05 0.89006424 4.7784528e-05 2.8082477e-05 1.7168979e-05 0.011076804 0.037089154 2.0407653e-05 2.5805272e-16 0.885374 5.1415896e-06 1.6960785e-05 0.83975303 0.00018036117 0.74509007 5.133238e-07 0.0018020859 1.6748483e-05 0.00024315587 0.00023609812 0.5995655 0.023669308 0.0011394074 0.0038329419 1.684954e-07 2.5045123e-05 0.45416054 0.30735576 2.8157216e-05 0.009755549 1.1033345e-06 0.0065202527 0.0005196307 2.984877e-05 5.800051e-06 0.00032487343 8.787905e-07 0.13315095 1.4012511e-05 3.2637736e-06 5.617528e-06 5.2036958e-06 3.711836e-05 0.09380435 3.9302508e-05 2.3187838e-05 0.0028609 0.0056587597 1.3187699e-07 7.673984e-06 0.00012616132 1.7748118e-07 1.07373635e-05 2.1175872e-06 1.3767719e-05 8.2794185e-07 7.907859e-05 1.3057403e-06 0.00037613662 5.749922e-06 0.000409885 0.04502453 6.6009966e-07 0.0033978068 0.00057440257 0.00012754322 0.03474889 2.418898e-06 1.5364276e-05 3.9719325e-05 1.6286988e-06 6.824042e-06 0.02052334 3.7747627e-06 0.0020898571 1.2286157e-05 0.22053324 4.681774e-06 0.012659624 9.7735065e-06 3.4248508e-06 0.00046802926 1.0032709e-07 0.00060665497 0.0005697206 5.8939877e-05 5.1406703e-05 2.815375e-05
0.7931347 0.0008485833 0.022759132 0.10393271 0.0660982 0.00022800964 0.0020674113 0.00032490346 0.00017384246 0.0013504088 0.036175862 0.0001185826 0.0011329441 2.0631127e-05 0.9386059 2.4756808e-05 2.9078226e-06 2.4378403e-05 0.0015841351 0.0048868447 5.55231e-06 0.885374 6.831765e-19 1.5227179e-06 7.628801e-06 0.3743019 0.00026169445 0.9397302 4.4444224e-07 0.0004684738 2.034316e-05 7.202983e-05 1.8130735e-05 0.544791 0.0038933984 0.00019827606 0.0048367195 9.053466e-08 1.3963379e-05 0.02946947 0.7976658 2.3763985e-06 0.03553285 2.787773e-07 0.001962558 0.00011057911 5.221684e-05 5.4501586e-05 8.7777196e-05 1.0268108e-06 0.14131363 5.377954e-06 3.7583184e-06 1.9743807e-06 1.4259199e-06 1.0494556e-05 0.02064267 3.725166e-05 1.873326e-05 0.0036680235 0.0015059598 3.1941713e-07 8.367197e-06 1.6273332e-05 3.140733e-07 4.5880474e-06 5.67089e-07 6.716246e-06 2.2533839e-06 0.00017925513 6.8110385e-06 0.0021722666 2.4530264e-06 0.0020407662 0.008071049 2.451968e-07 0.0018681014 0.0014441484 0.00079695927 0.0075746807 3.9987062e-06 5.394013e-05 0.00012351235 4.995874e-07 9.771711e-07 0.007345613 1.895053e-06 0.0017097935 6.5078275e-06 0.08204467 1.0940955e-05 0.006844606 1.3840969e-05 4.499435e-06 0.00068387465 6.0266884e-06 0.00021657979 0.0007336616 1.9014678e-05 6.341548e-06 6.937146e-06
0.95791745 0.008141297 0.0017196706 2.2256014e-05 0.0013729604 0.0115426965 0.01174986 0.21278785 0.062052384 0.074502535 0.00027206287 0.41231948 0.0035596432 0.45807788 2.1173017e-05 0.57009333 0.34313202 0.5915657 0.0013198394 0.0005553854 0.92800206 5.1415896e-06 1.5227179e-06 9.255214e-19 0.5745649 4.631857e-06 0.14481452 1.15555096e-07 0.92645544 0.005396957 0.052991387 0.024569659 0.31896195 8.3260225e-09 0.00028653495 0.004217479 2.1474203e-05 0.47815305 0.05491264 2.6040584e-06 2.0344865e-07 0.13761044 0.00014325825 0.6758211 0.00012565832 0.01000955 0.0004157888 0.004231985 5.5352044e-05 0.15290476 8.467016e-09 0.09843879 0.07026948 0.10667643 0.052199893 0.004138744 1.5249005e-06 0.016234256 0.0020100125 2.499868e-09 4.1949884e-09 0.06541243 0.0063663595 0.12916915 0.042151477 0.003992575 0.0022356946 0.039518908 0.063213654 2.87003e-05 0.016326653 8.201624e-07 0.0024069427 0.007835081 1.2951522e-05 0.0018193566 3.1558622e-07 4.2749807e-06 0.000100679776 0.0011887983 0.0024490424 3.3996407e-06 3.25814e-05 0.00010324982 0.0026695607 0.0007402703 0.0014007802 0.0021837195 1.1622237e-06 0.0032153975 2.9220892e-06 0.00033422714 1.1851786e-05 0.00088921096 0.010413354 3.6224366e-05 1.4989587e-06 0.00038877476 4.5101538e-06 1.5823073e-06 0.0018300528
0.9097841 0.0036244683 0.00084712746 0.001661203 0.0003264228 0.006759985 0.01563169 0.07197858 0.15744774 0.0041452223 5.7956797e-05 0.25714532 0.058522884 0.4260519 0.00015529226 0.677701 0.8470953 0.03904004 0.03378787 0.0054554893 0.40533403 1.6960785e-05 7.628801e-06 0.5745649 1.2400264e-17 8.5689164e-05 0.0141657805 1.1991195e-05 0.16793364 0.13728434 0.007836438 0.32825735 0.93776554 7.915891e-06 0.0096906135 0.08265792 1.7970797e-05 0.059137024 0.40642548 0.00072486605 3.1632974e-06 0.5744671 7.024677e-06 0.4469747 9.301239e-05 0.11766616 0.00014936434 0.000701488 2.8096005e-05 0.01184886 3.7016002e-06 0.01774655 0.016925745 0.1444735 0.014657236 0.00063292956 0.0004753561 0.087963164 0.00037977152 6.115573e-06 9.536398e-05 0.01000339 0.008160731 0.13291425 0.0031780687 0.0072332583 0.00289375 0.0010799047 0.0018007045 5.3372143e-05 0.014561948 4.493952e-07 0.0042396924 9.457295e-05 0.0019108335 0.0019211272 1.9196574e-05 1.7227785e-06 7.445442e-05 0.007622028 0.0011937529 1.821797e-05 4.6775727e-05 0.00020522324 0.0022491706 0.0021838048 0.0026717905 0.0212962 3.6336244e-06 0.009170239 3.1179159e-06 0.002536495 8.420622e-06 6.394145e-06 0.024516268 7.327648e-07 8.2254526e-05 1.1338984e-06 8.862436e-06 2.3950047e-06 0.0071777897
0.8919825 0.00042509864 0.0032048724 0.18873712 0.0069192736 0.00032530996 0.0022199524 0.00038034614 0.0014637356 0.000107031905 0.00059181225 0.00019796692 0.012882311 0.00017363882 0.21993084 6.002412e-05 0.00013535652 2.9167406e-06 0.020878969 0.07893448 5.539727e-06 0.83975303 0.3743019 4.631857e-06 8.5689164e-05 8.611073e-16 1.5806503e-05 0.43402395 3.963362e-07 0.008451207 5.1542435e-07 0.0010681507 0.00069092005 0.7578994 0.066742845 0.0061959825 0.0006403192 4.3399274e-07 0.00014045899 0.9658141 0.036270905 5.6617577e-05 0.00038061125 4.1824474e-06 0.00034988593 0.00095648976 4.7058124e-06 5.1023267e-06 3.6259273e-05 4.3577072e-07 0.27602947 3.9777074e-06 5.300824e-07 3.932877e-06 3.1826772e-07 2.0633113e-05 0.75888795 6.623964e-05 1.3205154e-05 0.1503124 0.15885422 8.799356e-08 1.7168879e-05 0.00013395777 1.7050596e-07 2.2581176e-05 1.2539806e-06 3.2058227e-07 5.22262e-07 9.458504e-05 1.3958734e-05 0.0004193879 2.9757337e-05 2.0771106e-06 0.18659608 1.1237897e-06 0.010269548 0.0019262942 0.00017594635 0.049313083 8.717954e-07 0.00016292612 0.0013697961 1.6553806e-06 6.712251e-06 0.023580072 9.535556e-06 0.005492452 2.6004634e-05 0.15527001 2.596801e-05 0.018179744 2.8710268e-05 2.643185e-08 0.00021645158 6.960143e-09 0.0069953534 1.8498436e-05 0.00014410961 4.0064686e-05 1.7041202e-05
0.58438194 0.14923933 0.017274471 0.00025815226 0.0075165653 0.13542211 0.030797906 0.24212806 0.03311678 0.83615565 0.007294151 0.3527101 0.0037662068 0.07446826 0.0028518839 0.12691101 0.019026915 0.9260131 0.007517268 0.00082624325 0.3532973 0.00018036117 0.00026169445 0.14481452 0.0141657805 1.5806503e-05 4.394292e-19 4.893674e-05 0.3122005 0.0024959226 0.9649414 0.0062865815 0.02343946 5.292156e-07 8.848463e-05 0.0017360431 0.001007036 0.37178904 0.0082081705 0.00015442859 6.309537e-05 0.002862707 0.00015016072 0.012446625 0.006500447 0.0011956203 0.071286105 0.1844012 0.0072012353 0.8635992 1.5391456e-06 0.12730505 0.011256815 0.0017153037 0.003382198 0.20337191 7.75422e-05 0.00053801347 0.12116592 1.806388e-06 6.0606594e-06 0.008848139 0.00044046724 0.005101412 0.0019144588 0.00021756499 0.00012462075 0.07448014 0.0154771255 0.019437497 0.0008126818 2.081651e-05 3.5464316e-05 0.017746108 0.0011803043 0.00020325444 1.1743831e-05 1.7990413e-05 0.009411104 0.002152982 0.0006260616 0.00015448662 0.00061594485 3.6268957e-05 0.00016370768 0.0026431966 6.41598e-05 0.002288205 4.77784e-06 0.015924038 7.91477e-05 0.001122715 6.819862e-05 0.00018729875 0.0011003199 1.1457556e-06 2.7284066e-05 0.0002065941 0.00020874132 5.8895206e-05 7.827717e-05
0.69171107 0.00033459548 0.0018916862 0.018153567 0.00628428 4.9269922e-05 0.00040216988 9.480475e-05 4.4043845e-05 0.00041698146 0.008288346 4.1257594e-05 0.0008925239 2.0720418e-06 0.6755874 5.2415985e-06 6.2024765e-07 1.5138073e-06 0.0014217967 0.003244276 1.0905011e-06 0.74509007 0.9397302 1.15555096e-07 1.1991195e-05 0.43402395 4.893674e-05 1.8751475e-18 5.2453636e-08 0.00046377114 4.8162456e-06 0.00012749554 1.3224776e-05 0.8771396 0.0035416782 0.00022161986 0.0057142125 3.300105e-08 1.0372706e-05 0.041856878 0.9140298 3.3320202e-06 0.031632032 6.26337e-08 0.0009423696 0.00013435016 1.5780359e-05 1.4568163e-05 1.6117308e-05 2.770252e-07 0.5644472 7.9400925e-06 6.610188e-07 1.4811555e-07 1.05643444e-07 8.302747e-06 0.059348144 4.045956e-05 2.704957e-05 0.022008935 0.009585741 4.1192482e-07 2.62849e-06 1.0873975e-05 6.478197e-08 1.0236907e-06 2.7629858e-07 9.654548e-06 1.1904228e-06 7.468797e-05 2.0549505e-06 0.006299986 1.5505962e-06 0.0016472052 0.022478867 2.3694432e-07 0.021556634 0.004542009 0.006651289 0.010032382 2.628416e-05 5.87883e-05 0.00018649329 2.0947816e-06 1.1481039e-06 0.009234369 1.4121879e-06 0.002178025 8.134862e-06 0.12744433 1.3584914e-05 0.008054901 2.206608e-05 1.922144e-06 0.0005317147 1.3325716e-05 0.0004891638 0.0009416514 2.1961301e-05 6.554523e-06 4.067848e-06
0.9495038 0.008987897 0.0012878786 4.3903526e-07 0.00043433916 0.009321216 0.0010024372 0.08775964 0.015733968 0.036336657 0.0002074025 0.24772607 0.0002541822 0.21286029 1.076479e-05 0.31964797 0.12250191 0.7004824 0.00051492895 6.2418236e-05 0.7870882 5.133238e-07 4.4444224e-07 0.92645544 0.16793364 3.963362e-07 0.3122005 5.2453636e-08 1.20355854e-17 0.00085741474 0.118913405 0.0049712434 0.1452432 9.0035215e-09 1.4569329e-05 0.00062732404 2.1619688e-05 0.8403747 0.018626096 1.499976e-07 8.957932e-07 0.035467505 0.00013681092 0.4445746 0.00058130536 0.0020070092 0.0050334753 0.027747586 0.00052027055 0.6237527 2.8518492e-08 0.45562616 0.19055371 0.049648963 0.043603737 0.06435955 3.5010854e-07 0.0028678442 0.027600108 1.0853693e-08 5.056465e-09 0.1545577 0.0047244783 0.023376381 0.06821183 0.0015360855 0.0029688033 0.28169268 0.14321364 0.00053624465 0.011862422 3.1050217e-07 0.0012499362 0.08249433 3.6252775e-05 0.00077699573 5.9151483e-07 6.509556e-07 0.018976063 0.00068685773 0.00073863316 6.6200196e-06 3.8679824e-05 3.3802968e-05 0.0016554693 0.00029553613 0.00058980245 0.00060473086 7.939771e-07 0.0030987787 4.3918158e-06 0.00034656483 7.3621645e-06 0.0014506332 0.007868701 4.8900118e-05 1.1464234e-06 0.0066098515 0.00010914303 8.827889e-05 0.0013410446
0.87357485 0.0003741025 0.001292086 0.18628491 0.00074816187 0.0017953581 0.062161975 0.010640727 0.36029637 0.0014312777 4.819386e-05 0.029058868 0.40413964 0.073792204 0.0009230341 0.033643592 0.21996076 0.0030405095 0.42366204 0.24121791 0.006041458 0.0018020859 0.0004684738 0.005396957 0.13728434 0.008451207 0.0024959226 0.00046377114 0.00085741474 2.7736951e-21 0.0005920968 0.8823213 0.2589106 0.00054985494 0.7175664 0.9239742 1.0484411e-05 0.0010354447 0.14299166 0.050761297 1.4594793e-05 0.14581804 3.009654e-05 0.014386444 2.5377518e-05 0.5383681 6.2934734e-05 0.00011896524 8.827615e-06 4.1950687e-05 8.1757134e-05 0.00015188687 2.2159818e-05 0.0024035913 1.3889761e-05 1.9599269e-05 0.005493256 0.0050709513 1.295771e-05 0.00038300166 0.001458744 5.1964453e-06 0.00044481517 0.0039080274 3.86777e-06 0.0006261123 1.087356e-05 9.94443e-07 7.305961e-07 0.001548873 0.00021463443 9.867898e-07 0.00035821172 7.107414e-06 0.012032652 2.8541037e-05 0.00059390505 4.161188e-05 7.673764e-06 0.04603043 8.2479855e-06 0.0008153829 0.003318014 1.7538714e-06 4.217802e-05 0.018130548 8.896889e-05 0.32076585 0.000144911 0.017160313 1.5473086e-05 0.020761132 0.00011641462 1.2352488e-07 0.018091347 3.1338752e-07 0.0011134574 2.350595e-06 4.2856285e-05 4.865952e-07 1.5053114e-05
0.4122071 0.16941832 0.0080686975 1.4612036e-05 0.0044987295 0.06717533 0.009467434 0.14542687 0.018634748 0.6080659 0.0010998199 0.24791366 0.0022106904 0.01286151 0.0005168237 0.048484888 0.0055871634 0.3344354 0.005625112 0.000711857 0.16486149 1.6748483e-05 2.034316e-05 0.052991387 0.007836438 5.1542435e-07 0.9649414 4.8162456e-06 0.118913405 0.0005920968 7.36299e-18 0.0011854919 0.0038290073 4.3516785e-08 3.321791e-06 0.0026220395 0.0005090335 0.049221378 0.00992463 4.2263805e-06 2.5777854e-06 0.0011572379 2.2408527e-05 0.0011693927 0.013754104 0.0021390312 0.48864016 0.8417627 0.035869762 0.85480505 6.127494e-08 0.014627303 0.002855348 0.0002040595 0.00028790341 0.51187587 7.3684787e-06 8.8275934e-05 0.6742284 6.070239e-08 1.511564e-08 0.0010126254 9.126832e-06 0.0011387052 0.0001817326 1.7489508e-06 9.614346e-07 0.017366095 0.0022432155 0.51572293 1.9244304e-05 3.819245e-07 4.089695e-07 0.009509734 0.00017629033 2.4016938e-07 5.101039e-07 8.414469e-07 0.06910983 0.00022107166 1.0463975e-05 0.006679139 0.008466202 6.5349775e-07 8.781898e-07 0.0004604059 2.7269002e-07 0.0012701937 0.0005209637 0.0029270302 0.00071767595 0.00013726337 0.00057595596 4.0457685e-06 0.00041737594 4.4888395e-08 2.889977e-06 0.0003171668 0.0072351894 4.6008965e-05 4.91156e-06
