1.2170646e-22 0.46083686 0.00073835533 0.45520732 0.7601095 6.710596e-05 0.015346468 0.70421195 0.276335 0.0045375386 0.9619368 0.74259347 0.058219377 5.6353838e-05 0.95424867 4.0101518e-06 0.94341934 0.00022919408 0.26170656 0.95505947 0.8906084 0.009703412 0.86320114 0.009811306 0.0001858922 0.69596714 0.8546634 0.94026774 0.073263906 0.94228 0.9815966 0.46543837 0.9332113 0.043699525 0.951888 0.9697026 0.8384432 0.82555485 0.19065866 0.6553773 0.9667843 0.9509611 0.9745695 0.40773773 0.9175007 0.9184754 0.00024432322 0.94080627 0.6272912 0.9859956 0.9227643 0.0039415564 0.9768101 0.04767155 0.9972735 0.3411854 1.0477134e-07 0.9096165 0.9533971 0.53346956 0.91985774 0.9515393 0.00010061519 0.9531028 0.92655414 0.8048149 0.9355562 0.16337912 0.68675685 0.12163417 0.9804748 0.0014008877 0.9942623 0.89366794 0.99866694 0.029416084 0.9947829 0.96796125 0.6903441 0.9182208 0.92958975 0.8904412 0.9700363 0.992336 0.8978719 0.9471302 0.96834224 0.92427653 0.99997425 0.6270172 0.9203981 0.99520224 0.748368 8.016281e-05 9.061016e-06 0.78038436 0.9998165 0.99999833 0.01737036 0.9472082 0.9970114
0.46083686 7.636929e-18 0.52926224 0.9282016 0.9409042 0.05529315 0.020537166 0.7147463 0.5119656 0.02544924 0.75007075 0.55003846 0.83174914 0.0038800747 0.44163206 0.00049367687 0.20495293 5.2572857e-05 0.728378 0.18920496 0.21474552 0.0005163237 0.15645808 5.9391044e-05 2.8862146e-06 0.6776983 0.10753986 0.004735469 0.00014207525 0.22579712 0.0055083456 0.012978874 0.0011683041 2.110069e-05 0.0013801046 0.0017864683 0.029913684 0.0056772972 2.4043913e-05 0.0001323036 9.497262e-05 0.0013277906 0.011939879 1.4151061e-05 0.0020782086 0.0009165272 5.2684454e-06 0.0008706667 3.303898e-05 3.5184406e-05 5.3787826e-05 2.7083203e-07 0.0009977651 0.0056829853 0.026474822 0.00014322069 1.07045004e-07 3.568879e-05 5.401781e-05 7.281439e-06 0.00027070643 6.0882053e-06 1.3121517e-06 0.00024849616 0.00046351957 0.000106523665 0.0005187753 0.00033330914 8.70538e-06 1.9714212e-06 6.1737865e-06 6.0294475e-08 0.00014916915 2.8202537e-06 0.00030887118 1.02988565e-07 0.0045807157 2.4992678e-05 3.1308657e-06 0.00036703484 0.00026139637 3.511689e-05 0.0034901944 8.076843e-05 9.467357e-05 2.850196e-06 0.00020028675 0.00027363191 0.002120093 1.593923e-05 4.535371e-05 6.473634e-06 4.5702122e-06 5.7370585e-07 8.504846e-08 0.00027748966 0.0028640695 0.004510453 2.4355293e-06 2.847649e-07 2.6298729e-05
0.00073835533 0.52926224 3.078732e-18 0.12913567 0.008226858 0.9981602 0.0041465787 0.0028666179 0.038771164 0.49760127 0.05004139 0.0030164898 0.6191255 0.5505219 0.0008405575 0.004100574 9.998444e-05 1.0185203e-05 0.0041873525 0.002500032 0.00028225358 1.9428126e-06 0.0008135347 3.840823e-06 6.2526224e-06 0.0034170097 0.0020317782 4.685209e-06 2.9608225e-06 0.0020291146 4.092809e-05 0.00064455735 1.9720528e-06 1.8753108e-06 1.26269715e-05 5.503667e-06 2.492496e-05 7.437086e-06 6.879206e-07 2.465754e-05 4.601583e-06 2.0986968e-06 5.4951392e-06 2.8255843e-06 2.9955754e-06 5.7006237e-06 1.7753241e-06 1.080364e-06 1.781541e-05 2.1733852e-06 8.204401e-07 4.858801e-07 2.7208608e-07 0.0032890346 1.347678e-05 6.4782594e-06 1.7056047e-05 2.0339521e-06 2.0107027e-06 5.4462016e-06 0.00012866939 6.0945115e-07 2.6092127e-07 5.9727954e-06 1.0468716e-05 2.5326646e-05 0.00013417653 3.9268223e-05 4.9758582e-06 1.7085797e-06 6.55522e-07 1.10679586e-07 1.0599671e-06 5.275255e-07 8.173042e-08 2.7764756e-07 3.375159e-05 2.8509087e-06 3.367788e-08 0.0001358347 5.289164e-05 5.942297e-06 2.1950706e-05 0.0001642461 2.8925135e-06 3.2568255e-07 1.719736e-05 8.101702e-06 7.1890895e-06 5.2180394e-07 1.8049977e-07 9.930911e-06 1.0712038e-07 5.132597e-07 6.095635e-08 8.897754e-07 0.00014342408 2.6719013e-05 1.9531257e-05 4.799747e-08 2.1525718e-06
0.45520732 0.9282016 0.12913567 1.8156276e-16 0.45871043 0.006762236 0.0010835994 0.9468425 0.024933282 0.0027971126 0.18366994 0.18931113 0.93002206 0.0006142189 0.61710453 0.000105361876 0.20574091 3.4636316e-05 0.82290816 0.85032487 0.15215243 1.1198469e-05 0.09717115 2.833977e-06 2.6428827e-06 0.7090864 0.01406069 0.036745694 5.579769e-06 0.021480704 0.016933108 0.0005308324 0.028929507 8.373734e-06 0.0043729777 0.011999056 0.022277638 0.0023892152 8.138936e-06 3.8136404e-05 0.00055507384 0.00096841034 0.008734437 4.576445e-06 0.00016151274 0.0017911707 8.738218e-06 7.9756064e-05 1.45143995e-05 0.0012923472 0.0007159546 3.8283144e-07 0.0016946499 0.039028734 0.025521943 0.00032822991 2.8870131e-06 0.0002740338 0.0009329304 2.1957885e-05 8.2638304e-05 0.0003278689 5.606514e-06 0.00027839807 0.0002356752 5.8807655e-05 7.1819115e-05 0.014728985 1.6858317e-05 6.3908743e-07 0.00012846684 1.3844557e-07 0.00029344496 3.286147e-05 0.0005101753 5.295478e-07 0.005573412 0.00044958986 0.00021299928 0.00558442 0.00013990313 0.00022754564 0.0025539934 0.00014620755 3.293476e-05 0.00010582793 4.1810057e-05 2.6522766e-05 0.004052627 2.2824644e-05 3.9797775e-05 9.0754445e-05 9.5595264e-05 3.7396944e-06 9.768312e-07 1.3471691e-05 0.0046416256 0.025590897 3.4790883e-05 3.767446e-05 0.00018789075
0.7601095 0.9409042 0.008226858 0.45871043 7.182994e-18 0.000561608 0.011011319 0.63689876 0.15705423 0.0013400915 0.7483978 0.9732186 0.114727676 9.907247e-05 0.4119215 2.4749559e-05 0.4745915 0.00013500173 0.12636669 0.062130384 0.6362842 0.00041308338 0.56018066 0.0001264263 4.264194e-06 0.120085426 0.06025284 0.008997918 0.00029823178 0.24481356 0.029683344 0.002300262 0.0009998034 1.5024903e-05 0.0045913304 0.0022817028 0.088782534 0.020557957 1.8404455e-05 0.0006384637 0.0013829859 0.0044158683 0.041995596 1.9152028e-05 0.0043477244 0.004594683 1.7789866e-06 0.0023599775 0.0001161395 0.00020995078 9.369221e-05 1.1987668e-06 0.0048965365 0.0005075182 0.18345824 6.278588e-05 9.733271e-09 0.00067973085 7.052444e-05 1.882445e-05 0.00092817366 2.9839923e-05 1.3366312e-06 0.0014815363 0.0032347867 0.00017757577 0.0005510957 9.845611e-05 3.436782e-05 3.0604606e-06 3.7645077e-05 6.5541975e-08 0.0017587632 1.2715124e-05 0.0012129727 9.2109536e-07 0.023030726 1.843562e-05 7.564079e-06 0.00018565782 0.00021313524 0.00011429313 0.007864217 0.0003230851 6.1626655e-05 4.9134533e-06 0.0003307421 0.000112621026 0.013612968 7.737041e-06 3.042115e-05 9.197665e-05 7.062519e-07 1.547094e-06 3.8906176e-08 0.00028109553 0.0176595 0.011114369 1.1156639e-05 2.2759436e-07 7.1298215e-05
6.710596e-05 0.05529315 0.9981602 0.006762236 0.000561608 1.3938807e-16 0.0026717067 0.00024662045 0.0066262675 0.28639635 0.0040578423 0.0001925911 0.14071076 0.84770834 6.2053605e-06 0.0368272 1.7724015e-07 4.22172e-06 0.00030604692 4.0185725e-05 1.5163749e-06 1.4201115e-06 1.2292604e-05 7.340311e-06 1.4384988e-05 0.0005364076 0.000471392 1.2379e-07 2.972598e-06 0.00029911363 1.904436e-06 0.00036788938 1.8776345e-07 1.1314734e-06 2.169285e-06 5.8615535e-07 6.379356e-06 6.449183e-06 3.818295e-07 1.6002247e-06 3.848923e-06 6.956374e-07 1.1699335e-06 3.6266865e-06 3.997589e-06 9.317392e-06 2.350716e-06 1.2495374e-06 3.4983434e-06 1.9009654e-07 7.607104e-07 1.3515469e-07 7.615803e-08 0.0007528111 2.252052e-06 8.087568e-06 0.00012952936 2.4329654e-07 3.1967403e-07 7.0441155e-07 2.7412541e-05 2.298802e-07 2.5884088e-07 2.0776397e-06 1.1722293e-05 5.933157e-06 4.2989366e-05 8.434969e-06 8.6412047e-07 2.0382668e-06 1.4270688e-07 1.3174513e-07 4.1803398e-07 1.6032248e-08 5.3574368e-08 3.3148496e-07 3.6507797e-06 1.868511e-06 1.4608884e-07 2.3099088e-05 6.675337e-05 1.699676e-07 9.792516e-05 3.1180367e-05 2.9279975e-06 1.6005215e-07 8.040785e-06 4.0294494e-06 9.0017966e-07 2.6929033e-07 2.2719769e-07 1.5658635e-06 2.501229e-08 3.0359877e-07 1.895334e-07 2.1764976e-07 5.8540012e-05 1.1342261e-06 1.9353703e-05 4.012711e-08 7.198107e-07
0.015346468 0.020537166 0.0041465787 0.0010835994 0.011011319 0.0026717067 1.4329141e-16 0.00024173275 0.94386524 0.9829711 0.27064642 0.0051422543 0.0051070885 0.011117433 0.00016150273 0.023571702 6.24755e-06 0.8618821 6.914844e-05 3.908955e-05 0.00043019018 0.4473597 0.00066272187 0.4337509 0.6193279 2.0194889e-06 0.1612542 1.7709976e-07 0.2175259 0.03407384 3.0173156e-05 0.053248674 8.309036e-08 0.22607377 8.0884165e-06 3.6780832e-06 0.000563382 0.0006671999 0.03146232 0.004052596 1.7001512e-05 6.8830064e-05 0.00031610328 0.008716222 0.0014232177 1.3210936e-05 0.00022980187 0.00014188027 0.00129667 8.316405e-07 3.0911704e-07 0.00014784453 8.270902e-07 7.8081973e-07 0.00017014984 0.005636115 0.0014080661 2.588562e-07 2.121791e-07 0.00030727495 0.0004315828 2.1267563e-07 9.21399e-06 5.671715e-06 6.1553765e-05 0.00088856375 0.00028621653 3.0124465e-08 9.862565e-05 8.52249e-06 9.1217935e-08 1.2337896e-06 3.657115e-06 4.721262e-08 1.6176485e-07 1.0735156e-06 0.00015977742 2.7954778e-07 3.3605627e-08 3.3801145e-06 4.9261092e-05 5.4328774e-07 0.00038976764 0.00020572841 4.0197588e-06 1.5422128e-07 1.1843799e-05 6.983911e-06 1.4350923e-05 1.7975808e-06 1.0736544e-05 1.4916119e-06 6.0020557e-09 3.2632008e-06 4.0420505e-06 4.1080343e-06 0.00032542628 8.864541e-06 5.494049e-06 9.499499e-09 3.825457e-07
0.70421195 0.7147463 0.0028666179 0.9468425 0.63689876 0.00024662045 0.00024173275 4.2678254e-20 0.0028385392 9.858239e-05 0.07472282 0.37811202 0.2670422 1.703254e-05 0.93375325 7.153642e-06 0.7461622 1.4881691e-06 0.2988108 0.9317192 0.28783426 2.9955668e-06 0.13997017 2.4022822e-07 9.678941e-08 0.35626626 0.016962048 0.2801758 1.4575241e-06 0.03067958 0.16374362 0.00040187352 0.18471292 3.310297e-07 0.080225915 0.036302675 0.058596004 0.0064257467 2.8553234e-07 7.141175e-06 0.006453853 0.0023018594 0.015903823 3.473755e-06 0.00029033088 0.01892764 1.2338567e-06 0.0003081524 9.460728e-06 0.004906881 0.00454327 4.9581747e-08 0.013326678 0.00808189 0.07701618 9.62468e-06 9.632567e-08 0.0031890275 0.0021005673 1.386375e-06 7.5521966e-05 0.001550418 2.6316462e-07 0.003216103 0.0005915852 3.1304226e-05 0.00012429767 0.0064506438 9.999117e-06 8.147797e-08 0.0018189691 1.44201975e-08 0.0047478774 0.00077054556 0.00597813 7.2510835e-07 0.011245933 0.0011766455 0.00034036298 0.0014338449 2.6314156e-05 0.0011160253 0.007538985 5.2646355e-05 4.1958147e-06 0.00018545167 7.140825e-05 3.7448835e-06 0.013088668 8.9384673e-07 8.761558e-06 0.0011880146 4.8179427e-05 1.9560084e-06 8.181216e-08 5.5052864e-05 0.008023296 0.04367544 8.715016e-06 6.2759327e-06 0.000884422
0.276335 0.5119656 0.038771164 0.024933282 0.15705423 0.0066262675 0.94386524 0.0028385392 2.933101e-17 0.5556519 0.9603589 0.16944465 0.035705514 0.0071830833 0.0014860567 0.013588485 0.00087594235 0.23420553 5.6234545e-05 1.9149764e-05 0.015532382 0.8756995 0.034387387 0.7707212 0.09655095 1.7814059e-06 0.7220564 8.160266e-07 0.6054958 0.44393444 0.00020149603 0.43988302 2.7907854e-08 0.4740287 8.561127e-06 1.1555483e-06 0.005948044 0.011890302 0.10724894 0.05026698 3.7038778e-06 0.0017881643 0.0054014004 0.024409205 0.0308176 3.3501103e-05 0.0012599996 0.013083544 0.007185951 1.2446438e-07 6.0468956e-08 0.0016328052 3.4688706e-05 4.665189e-08 0.0069833887 0.003505372 5.639518e-05 1.06978675e-07 1.5010765e-07 0.000903815 0.0034088239 2.0641684e-08 1.1192415e-05 2.8665207e-05 0.0026457338 0.004411597 0.0042299516 1.3269466e-08 0.00045765628 5.7478635e-05 8.728215e-08 1.8498869e-06 3.8873786e-05 5.640618e-08 5.8015024e-07 4.4279393e-05 0.0056386823 3.3321342e-08 3.6017538e-09 2.802398e-06 0.00080036285 2.5986017e-07 0.0024538313 0.0033590235 0.00013943599 3.1100342e-08 0.00026332145 8.298872e-05 0.0017730308 0.00012366545 0.00030033133 4.4915527e-07 8.455558e-09 1.437669e-05 4.5358507e-07 9.77573e-05 0.006880575 0.0002976195 0.0003020202 1.4327797e-09 1.3092704e-06
0.0045375386 0.02544924 0.49760127 0.0027971126 0.0013400915 0.28639635 0.9829711 9.858239e-05 0.5556519 6.7520024e-16 0.08977681 0.00025800557 0.033041805 0.90124017 0.00011690113 0.68638414 3.4174852e-07 0.8398957 0.00019507606 0.00040555187 1.0552544e-05 0.065903105 3.5816032e-05 0.10623254 0.75890374 2.662147e-05 0.051739644 3.641714e-06 0.06802062 0.003429121 4.1585976e-05 0.021815505 7.982695e-06 0.16188839 2.142031e-05 6.2909735e-06 0.000116527684 2.3740733e-05 0.0021383478 0.0005002897 9.352259e-05 2.939387e-06 2.8014774e-05 0.0005483034 6.688869e-06 2.36264e-05 0.0063951393 3.1390605e-06 0.00020597343 7.062489e-06 2.787712e-05 9.432336e-05 1.3185089e-06 6.643405e-05 0.0001395343 0.00046104277 0.06607489 1.0342237e-06 2.864953e-06 5.100111e-05 1.255932e-05 2.7149754e-06 7.002107e-05 6.0851407e-06 2.0182308e-05 0.00013776198 6.564598e-05 4.5258997e-07 5.9306853e-06 2.2030712e-05 2.7170474e-06 3.6826302e-07 1.4600292e-05 6.814274e-08 1.6353664e-06 1.8673942e-06 0.000118854776 1.1885273e-06 3.0416056e-06 0.001041461 2.1623833e-05 8.1142554e-07 0.0008883875 6.950884e-05 3.2586386e-06 9.643221e-06 2.3940902e-05 4.559677e-06 9.913249e-05 6.038088e-05 1.22184565e-05 1.1838276e-05 1.3688107e-07 8.389085e-05 6.5214925e-05 5.557412e-06 0.00064369425 0.00010989849 0.0001544464 5.4197407e-08 2.6143214e-05
0.9619368 0.75007075 0.05004139 0.18366994 0.7483978 0.0040578423 0.27064642 0.07472282 0.9603589 0.08977681 9.323291e-18 0.8206349 0.2580025 0.0011063085 0.04224337 0.0005290721 0.025136465 0.0022971774 0.062547065 0.00199282 0.2724417 0.04641828 0.41675913 0.010824061 0.0006190687 0.0053262445 0.6862167 8.207658e-05 0.04847986 0.78465587 0.009775069 0.1206613 1.6983839e-06 0.00042967647 0.00018652067 6.524771e-05 0.08805497 0.14195205 0.00047667394 0.024167182 0.00012503886 0.04296747 0.10772588 0.00042991765 0.077741794 0.00076242746 2.1840138e-05 0.037094474 0.002511616 1.1945442e-06 8.131011e-07 7.643644e-06 0.004180717 0.00017663633 0.10932891 0.00026839366 3.7370256e-07 1.994147e-05 5.014499e-07 0.00014102596 0.016936703 8.643261e-08 5.3674403e-06 0.0012813518 0.01589155 0.0063496856 0.01398077 5.1302704e-06 0.000525504 4.868667e-05 2.1379522e-06 2.070057e-06 0.0007416327 3.128166e-07 0.00022220948 1.8797129e-05 0.060327675 3.0240767e-07 4.1919293e-07 5.17848e-05 0.00285473 1.4700139e-06 0.035227157 0.0048800567 0.00068711845 7.181907e-08 0.00336832 0.0011684819 0.024823628 0.0002051571 0.00052511354 1.7307358e-06 1.7279427e-07 6.6184107e-06 5.593059e-07 0.002664305 0.08689994 0.01211687 3.89923e-05 1.152482e-08 1.1402345e-06
0.74259347 0.55003846 0.0030164898 0.18931113 0.9732186 0.0001925911 0.0051422543 0.37811202 0.16944465 0.00025800557 0.8206349 2.5273228e-18 0.06514504 8.399132e-05 0.24816442 2.1284324e-05 0.50236005 4.4515236e-05 0.05557476 0.020518182 0.8339574 0.000469065 0.8998381 0.00010860891 1.0988445e-06 0.03204774 0.19204244 0.0046211686 0.0022952503 0.3799553 0.040594805 0.0037635406 0.00023596938 9.92435e-06 0.004536161 0.001185713 0.22436386 0.07579212 2.503311e-05 0.0016471447 0.0019704935 0.01112631 0.06778929 7.987923e-05 0.0065234937 0.007893182 2.7972656e-06 0.0046941275 0.00036925866 0.00011511322 3.723458e-05 1.5312543e-06 0.0068522342 0.00012743149 0.20233817 0.0001918507 2.7400855e-09 0.0012157087 3.7004764e-05 2.7278445e-05 0.0020881798 9.908291e-06 1.7296796e-06 0.0026688364 0.009029039 0.0002945589 0.0011679153 3.0514566e-05 5.906699e-05 7.30391e-06 6.4341046e-05 6.0569036e-08 0.0026377223 2.286423e-05 0.0016662559 9.8377495e-06 0.036913127 9.956686e-06 2.5346087e-06 7.7094766e-05 0.00050775707 0.00013947402 0.011042537 0.0004295683 0.00014100497 3.7111154e-06 0.0016837151 0.00028042134 0.018761223 4.0207575e-05 0.000100679295 0.00037937096 1.9578493e-07 1.7127937e-06 1.6955113e-08 0.0024129294 0.018408695 0.0141330715 2.7834112e-05 5.1048037e-08 7.600788e-05
0.058219377 0.83174914 0.6191255 0.93002206 0.114727676 0.14071076 0.0051070885 0.2670422 0.035705514 0.033041805 0.2580025 0.06514504 8.0209785e-14 0.0023354578 0.115826786 0.00043955434 0.011925757 0.00032106403 0.9699855 0.39741224 0.03730599 4.6417954e-05 0.026975252 3.2420816e-05 3.655443e-05 0.9239605 0.014053107 0.0027902334 0.00019749721 0.008371835 0.0016202431 0.003454627 0.0035274313 0.00011379143 0.0005203602 0.0021688426 0.0026388986 0.001425661 0.0009530175 0.00023055966 7.067438e-05 0.00023319446 0.002258047 0.00046681365 0.00058843475 0.00036950523 0.0001759195 0.0003725989 0.0017733825 0.0002039031 0.00022478486 8.475904e-05 7.194141e-05 0.4933738 0.0021950884 0.0045777243 0.00072629144 7.186159e-05 0.0008577395 0.0007726593 0.0013556993 0.00011980468 7.992846e-05 0.00023086087 0.000409077 0.0030798567 0.007951577 0.0018670373 0.00096010935 3.212458e-05 2.6476999e-05 1.3749113e-05 8.7655986e-05 6.319464e-06 0.000111987625 1.9906964e-05 0.0012667461 0.0005723083 0.000103286555 0.009875647 0.0019154577 0.00014459253 0.00053795445 0.0029175964 0.00067047204 0.00020844131 0.0014617714 0.0005431179 0.0009257197 0.00020972265 0.0010172991 0.0001338961 0.00010861047 0.000106580876 6.86024e-05 0.0007458205 0.0046433057 0.00578497 0.00095559395 4.2302498e-05 5.180505e-05
5.6353838e-05 0.0038800747 0.5505219 0.0006142189 9.907247e-05 0.84770834 0.011117433 1.703254e-05 0.0071830833 0.90124017 0.0011063085 8.399132e-05 0.0023354578 8.313465e-18 3.238007e-06 0.9601107 3.207055e-07 1.6422393e-05 6.053295e-06 4.526403e-06 2.1272867e-06 2.4146295e-06 4.3869477e-06 1.0363401e-05 0.00020330021 5.715343e-06 0.0023345302 2.1506944e-06 1.528722e-05 0.0001217633 1.6741169e-05 0.0010172366 8.182511e-06 0.00010013961 0.00018851714 1.1132205e-05 1.7111963e-05 4.5225563e-05 5.676087e-06 7.589866e-05 3.864638e-05 1.8259931e-06 7.3167547e-07 5.7307265e-05 0.000139291 5.4857122e-05 1.4310368e-06 7.417094e-05 0.0001847475 2.7037191e-05 7.738418e-05 9.4192836e-07 1.14026214e-07 9.5556155e-05 1.5348128e-06 0.0017135838 0.01780629 1.2098943e-07 0.0001258214 8.365781e-05 0.00028884233 5.7726167e-05 3.67942e-08 1.0667967e-05 0.00034752116 4.6724945e-05 0.0006073531 2.3533728e-07 7.514386e-05 2.2157386e-05 8.16746e-07 2.0896049e-07 2.3997854e-06 1.3871532e-07 2.57271e-07 2.6912637e-08 2.6056518e-05 0.00017341276 7.188267e-08 0.00042085248 8.37806e-05 1.3473907e-06 4.8962604e-05 2.2671697e-05 9.865315e-06 6.22338e-07 5.073904e-05 3.0499845e-05 7.86503e-06 5.151568e-06 1.0833631e-06 2.7416081e-06 1.4914674e-07 1.3909863e-08 1.5883925e-08 8.404475e-07 8.864676e-06 4.9658984e-06 1.0923136e-05 4.646169e-06 5.8334587e-07
0.95424867 0.44163206 0.0008405575 0.61710453 0.4119215 6.2053605e-06 0.00016150273 0.93375325 0.0014860567 0.00011690113 0.04224337 0.24816442 0.115826786 3.238007e-06 4.46835e-18 1.3958232e-06 0.9531766 1.5354203e-06 0.251173 0.86267847 0.38524204 9.3754767e-07 0.22724399 2.1631895e-07 3.437486e-07 0.45420235 0.0069024703 0.5498322 5.127389e-06 0.022227911 0.5849488 0.00020028026 0.37426984 3.0095072e-07 0.23627393 0.23135854 0.10684276 0.0120331235 2.9506904e-07 2.893012e-05 0.03921694 0.0062481496 0.046847157 9.471691e-07 0.00042692875 0.10596781 4.066876e-07 0.00054796675 4.4477147e-06 0.016057521 0.009772449 6.125507e-08 0.06937048 0.009820288 0.19800356 3.4350858e-06 9.9384906e-08 0.014264887 0.003299874 1.595799e-06 0.00017529532 0.0018700969 3.0660738e-07 0.015447494 0.0017674158 1.35362125e-05 4.350009e-05 0.0072550518 9.326269e-07 4.7560498e-08 0.0058014896 7.459655e-09 0.014254926 0.0017293987 0.040347014 1.4876177e-07 0.0419979 0.0011655471 0.0009141781 0.002727535 5.489569e-05 0.0030246838 0.015746046 1.2972797e-05 3.4975162e-06 0.00035348162 5.1311046e-05 8.655404e-06 0.07707784 2.0950364e-07 2.4879232e-06 0.0044909515 0.00020250934 3.0072866e-07 1.3142618e-08 2.1124086e-05 0.018311106 0.1472838 1.0605066e-05 7.216666e-05 0.003062614
4.0101518e-06 0.00049367687 0.004100574 0.000105361876 2.4749559e-05 0.0368272 0.023571702 7.153642e-06 0.013588485 0.68638414 0.0005290721 2.1284324e-05 0.00043955434 0.9601107 1.3958232e-06 2.3535258e-16 3.4883502e-07 0.0005266648 4.8246948e-06 5.8337287e-06 3.0872743e-06 4.7213452e-05 7.450326e-06 0.0006015254 0.017055456 3.3538456e-06 0.0006555736 1.1316903e-06 0.00019164644 0.00011450085 2.7238034e-06 0.00044349322 4.5640164e-07 0.0012291167 1.953692e-05 6.0113684e-06 5.9165286e-06 8.733211e-06 9.37575e-06 2.0471998e-05 1.0316198e-05 2.5174384e-07 1.1265829e-06 5.5842233e-05 8.0048185e-06 1.8227302e-05 2.8363824e-05 2.9804924e-06 8.433311e-06 5.5437017e-06 8.942633e-06 7.732244e-05 2.8145857e-07 3.8133185e-06 2.5436591e-05 0.0001244228 0.13708773 9.314066e-07 2.202399e-05 1.8674504e-05 1.3875939e-05 2.7672008e-06 6.520883e-07 1.4042289e-05 1.5699465e-05 2.5770814e-05 2.656033e-05 5.9480968e-08 2.1868966e-05 1.5133281e-06 5.8833257e-06 4.159638e-06 6.505556e-06 5.823334e-08 2.5242914e-06 1.0495896e-07 2.8961285e-05 1.8590437e-05 4.6046404e-07 0.00017050265 4.501811e-05 1.1903728e-06 0.00014883836 2.0117395e-05 1.1722761e-05 6.714546e-07 2.627697e-05 7.1045274e-06 2.3490991e-05 8.1870655e-07 3.9841275e-06 7.494836e-06 8.2930924e-08 1.799096e-07 1.9047119e-06 5.3260635e-07 2.0492802e-05 2.0299593e-05 6.4650885e-06 1.384401e-06 1.1252858e-06
0.94341934 0.20495293 9.998444e-05 0.20574091 0.4745915 1.7724015e-07 6.24755e-06 0.7461622 0.00087594235 3.4174852e-07 0.025136465 0.50236005 0.011925757 3.207055e-07 0.9531766 3.4883502e-07 1.9950923e-20 6.1498605e-07 0.02474142 0.3944502 0.70454985 7.3385723e-07 0.45028436 1.198581e-07 7.75565e-08 0.04610152 0.0065033576 0.35620397 9.875387e-06 0.021367962 0.9021734 0.00014688256 0.12473748 4.284114e-08 0.16364737 0.097899765 0.21600176 0.03578721 3.006991e-07 1.2090926e-05 0.059165016 0.0179309 0.07878422 5.9168354e-07 0.00047963616 0.12107833 4.873231e-08 0.0007800934 4.7272765e-06 0.003822274 0.0019626655 2.2158464e-09 0.17648761 2.8143846e-05 0.36632797 4.2688125e-06 1.2483712e-08 0.014660555 0.0006617647 3.982332e-07 3.862744e-05 0.00057038 3.3430965e-08 0.03369445 0.009721654 1.765955e-05 0.00013336708 0.0001238673 1.459736e-06 4.4790045e-08 0.004089261 9.001216e-10 0.0343973 0.0012279786 0.041831788 4.9697525e-07 0.09872659 0.00023834006 0.00014994363 0.00015162434 1.4493249e-05 0.0018094652 0.031638984 9.039761e-05 2.8235854e-06 0.00013556475 8.40511e-05 1.1877007e-05 0.17631449 3.0861395e-07 5.9280333e-06 0.0027580105 1.4177929e-05 1.5384522e-07 4.0181025e-08 0.00051922473 0.045940205 0.23072055 4.5594484e-07 3.950522e-06 0.0017503374
0.00022919408 5.2572857e-05 1.0185203e-05 3.4636316e-05 0.00013500173 4.22172e-06 0.8618821 1.4881691e-06 0.23420553 0.8398957 0.0022971774 4.4515236e-05 0.00032106403 1.6422393e-05 1.5354203e-06 0.0005266648 6.1498605e-07 6.2279317e-15 1.7510486e-06 1.4100159e-06 3.9970364e-06 0.04805095 1.2876666e-05 0.26599562 0.98254436 8.818408e-08 0.005639378 1.2116702e-07 0.0051916186 0.00046013924 2.0220962e-06 0.0024198338 2.8042104e-08 0.31837958 1.7193744e-06 2.4352263e-07 4.169029e-05 1.3618692e-05 0.0048859054 0.00019260948 7.354377e-07 1.3972351e-06 1.043845e-05 0.0005459798 4.021712e-05 1.5122365e-07 0.0015834855 1.0372636e-05 8.229796e-06 1.2377943e-06 2.0793127e-06 0.00027589482 2.4667616e-08 7.895703e-07 1.0279949e-05 0.0003594171 0.013391122 4.731737e-08 1.7477786e-06 3.0046094e-05 3.0478384e-05 7.1385296e-07 1.437547e-05 4.99005e-07 9.349018e-06 3.0807612e-05 1.5128122e-05 3.9896097e-08 1.0155989e-05 9.124108e-06 2.3598118e-07 3.7862037e-07 1.3129377e-06 7.485996e-09 3.0307518e-07 2.4546492e-07 3.848646e-05 1.8885012e-05 1.3884595e-07 0.00046701063 7.2746852e-06 1.3356653e-06 9.711474e-05 2.9759523e-05 4.2833753e-06 1.219444e-07 6.0088632e-06 2.4265132e-06 1.1802868e-05 4.9413657e-06 1.1686596e-05 2.139985e-05 1.4634165e-07 1.5179135e-07 9.635548e-07 2.2505383e-06 8.98796e-05 1.7247611e-06 1.0071602e-05 1.9289753e-06 8.035175e-06
0.26170656 0.728378 0.0041873525 0.82290816 0.12636669 0.00030604692 6.914844e-05 0.2988108 5.6234545e-05 0.00019507606 0.062547065 0.05557476 0.9699855 6.053295e-06 0.251173 4.8246948e-06 0.02474142 1.7510486e-06 4.4670596e-16 0.7449012 0.051683057 3.8156267e-07 0.03181838 2.6137877e-07 5.443198e-07 0.98509425 0.0013129348 0.014529489 1.2362696e-05 0.0016255316 0.009668993 0.0004748022 0.023927318 1.3756372e-06 0.006828586 0.021977982 0.006930279 0.001829694 1.0091104e-06 6.427312e-06 0.0011715291 0.0007204577 0.0034016569 4.597155e-05 0.00010253606 0.0036930763 7.99017e-07 0.00013628093 0.00010518559 0.0054318313 0.003801603 2.3074483e-06 0.0014695122 0.013796991 0.0041267076 0.00016716258 1.2293812e-05 0.0013475263 0.0035411024 3.3075237e-05 0.0004555861 0.0015300736 2.4080396e-07 0.0010210967 0.00051542296 0.00088745134 0.0035558483 0.00082569267 0.00022053471 2.3522455e-06 0.0010329434 6.731414e-07 0.00060704414 0.00026316152 0.0012061191 1.0635196e-05 0.0021047734 0.0013739336 0.00032200635 0.0051447633 0.0010599202 0.0010288939 0.0012756749 0.0007343106 0.0002904317 0.00022400526 0.00082481315 0.00027672146 0.0013145189 5.8238875e-05 0.00051800016 0.0014649639 0.00031902612 2.0584873e-06 8.195018e-07 0.00034362837 0.0020845197 0.010840155 2.7594599e-05 8.893496e-05 0.00070114626
0.95505947 0.18920496 0.002500032 0.85032487 0.062130384 4.0185725e-05 3.908955e-05 0.9317192 1.9149764e-05 0.00040555187 0.00199282 0.020518182 0.39741224 4.526403e-06 0.86267847 5.8337287e-06 0.3944502 1.4100159e-06 0.7449012 1.1965362e-17 0.05370138 2.5139138e-07 0.012920249 2.7050575e-07 4.8347977e-07 0.86311233 0.0002464288 0.7368651 1.420883e-07 0.00023111065 0.10148665 6.500235e-06 0.8665097 3.7154481e-07 0.23462836 0.3026894 0.011540352 0.00080596376 3.9414172e-07 3.3124777e-06 0.008199811 0.00026479308 0.008936641 2.6790198e-07 1.4674555e-05 0.02361147 2.5148338e-06 2.3734463e-05 8.277902e-07 0.066342674 0.19381782 2.2067995e-07 0.023400359 0.118745625 0.035351068 8.29163e-06 3.270387e-05 0.0038704253 0.11238887 1.1591619e-06 2.7542203e-05 0.017095033 4.1497114e-07 0.005679201 0.00025830767 1.07860105e-05 8.436474e-06 0.12772992 1.2161418e-06 2.5942364e-07 0.0091137085 5.7043653e-08 0.0039449655 0.003725154 0.012416783 2.556441e-07 0.0044817016 0.027603816 0.016076636 0.07148448 2.6051787e-06 0.0031470442 0.0008913612 1.3638063e-06 2.1333155e-07 0.0015289066 8.179144e-07 3.475009e-07 0.009440185 2.271496e-07 4.0754976e-06 0.001732441 0.002608524 2.2541124e-06 4.7005128e-07 6.365267e-07 0.0026665023 0.10881834 0.00011677366 0.000909057 0.004230335
0.8906084 0.21474552 0.00028225358 0.15215243 0.6362842 1.5163749e-06 0.00043019018 0.28783426 0.015532382 1.0552544e-05 0.2724417 0.8339574 0.03730599 2.1272867e-06 0.38524204 3.0872743e-06 0.70454985 3.9970364e-06 0.051683057 0.05370138 1.2444991e-18 2.4738612e-05 0.99156773 1.5026658e-06 1.4436745e-07 0.061320066 0.034301877 0.03535871 0.00047281923 0.19602543 0.31366628 0.0005100437 0.0067464183 6.342739e-08 0.01612997 0.0022092445 0.47656658 0.077156596 1.7964882e-07 4.7857495e-05 0.0146474615 0.014215692 0.12578635 3.2048231e-07 0.001485927 0.15211314 9.872458e-08 0.0010099087 1.0132219e-05 0.00033076733 0.00038007007 1.7873113e-09 0.06529678 0.00019082683 0.51489943 9.3294625e-07 3.907579e-09 0.0048163007 0.00013816985 2.7904915e-07 0.00015663252 3.9866114e-05 3.7334848e-07 0.012266666 0.009391384 7.661984e-06 8.846506e-05 8.630829e-05 5.053188e-07 4.162557e-09 0.0007423442 2.3197554e-10 0.011588603 0.00023069778 0.0065218015 2.0286809e-08 0.09307181 2.649953e-05 3.6360667e-05 0.00013825962 3.411188e-05 0.00036524303 0.03687203 1.762452e-05 2.8690517e-06 2.5771034e-05 3.0164498e-05 6.147278e-06 0.10511477 2.5202417e-07 2.2415323e-07 0.000961239 3.3591863e-07 3.9354056e-08 6.844891e-10 5.6124954e-06 0.029921804 0.068535395 7.8820335e-07 1.4314824e-07 0.00045436187
0.009703412 0.0005163237 1.9428126e-06 1.1198469e-05 0.00041308338 1.4201115e-06 0.4473597 2.9955668e-06 0.8756995 0.065903105 0.04641828 0.000469065 4.6417954e-05 2.4146295e-06 9.3754767e-07 4.7213452e-05 7.3385723e-07 0.04805095 3.8156267e-07 2.5139138e-07 2.4738612e-05 7.225095e-18 9.122207e-05 0.9967679 0.011911856 1.3222417e-07 0.35500252 2.558801e-08 0.6350273 0.022916425 1.6592006e-06 0.17484269 2.2008356e-08 0.8293392 1.1529428e-06 4.4168534e-08 0.0007181439 0.0013931809 0.48702878 0.017395584 6.8339637e-07 8.2177845e-05 0.00015567972 0.07986579 0.0040971846 9.63492e-06 0.000912159 0.00035650667 0.012319474 4.459841e-08 1.5307221e-07 0.0035277947 1.5998097e-06 2.9355156e-06 0.000152816 0.080414586 1.2619928e-05 1.7225295e-07 1.2788679e-08 0.0073487735 0.0014316258 4.5562082e-08 1.6286142e-05 1.1838513e-05 0.00033729518 0.007603391 0.0007966469 7.783941e-08 0.0023294995 0.0005527332 6.1385016e-08 8.114291e-06 2.0651844e-06 2.7617725e-08 4.6583096e-07 1.3723215e-05 0.00046353438 1.05818685e-07 5.7021103e-09 1.6941014e-05 0.0002522999 9.110165e-07 0.0015060444 0.00074143254 9.65995e-05 3.6140598e-08 0.00012609133 0.00011911736 4.4613196e-05 0.00035202783 0.00032044124 3.6496672e-07 1.069778e-08 3.810634e-07 2.6814072e-07 0.00020626592 0.00056056114 6.8535337e-06 1.356327e-05 1.5818921e-08 4.2309193e-07
0.86320114 0.15645808 0.0008135347 0.09717115 0.56018066 1.2292604e-05 0.00066272187 0.13997017 0.034387387 3.5816032e-05 0.41675913 0.8998381 0.026975252 4.3869477e-06 0.22724399 7.450326e-06 0.45028436 1.2876666e-05 0.03181838 0.012920249 0.99156773 9.122207e-05 1.9172003e-18 2.7813969e-05 1.4881883e-07 0.027699633 0.10961327 0.012274025 0.0015001822 0.23784457 0.06403922 0.0011170816 0.00070562854 4.7608216e-07 0.0046183914 0.00041965232 0.47103077 0.15682918 3.2186265e-06 0.00060939044 0.001943668 0.030142305 0.21007083 1.6965781e-05 0.003768889 0.031627346 7.228064e-07 0.004064713 0.000112551454 2.8545912e-05 6.953423e-05 1.6113518e-08 0.02777691 1.6892871e-05 0.4122046 8.7727785e-06 1.9534134e-08 0.0027648916 3.4913628e-05 2.6284774e-06 0.0014078661 6.388604e-06 5.5455763e-07 0.0059159924 0.02595377 0.00014554255 0.0009814801 3.157334e-05 9.374615e-06 1.5596986e-07 9.091514e-05 5.799176e-10 0.007662693 0.00011633226 0.0057928674 1.9092786e-06 0.14806311 5.1658053e-06 4.6277105e-06 2.8263672e-05 0.00040872057 0.0002026753 0.040703643 0.00027082005 9.7723176e-05 1.2633487e-05 0.0007573514 0.00030918123 0.11336137 1.1367921e-05 8.365413e-05 0.00041587185 6.0990004e-07 6.2262643e-07 4.4166512e-08 0.001622568 0.045408797 0.047605455 3.1572063e-06 4.0341135e-08 0.0002617396
0.009811306 5.9391044e-05 3.840823e-06 2.833977e-06 0.0001264263 7.340311e-06 0.4337509 2.4022822e-07 0.7707212 0.10623254 0.010824061 0.00010860891 3.2420816e-05 1.0363401e-05 2.1631895e-07 0.0006015254 1.198581e-07 0.26599562 2.6137877e-07 2.7050575e-07 1.5026658e-06 0.9967679 2.7813969e-05 1.0685227e-14 0.10464337 1.5135294e-07 0.08038771 9.452868e-09 0.41170034 0.00543724 1.786791e-06 0.08157006 7.649662e-09 0.89226407 3.452586e-07 4.776775e-09 1.640968e-05 9.368631e-05 0.273849 0.004517985 3.9280397e-07 5.8622277e-06 0.00011926364 0.021061067 0.0015726108 1.1475555e-06 0.016448153 0.0002664239 0.0019087672 2.062779e-08 6.638404e-08 0.0058860565 6.665543e-08 7.457835e-07 0.00020452905 0.021029405 0.0012104944 1.1094188e-07 1.9074176e-07 0.00082763325 0.0005042465 2.547226e-08 0.00061658345 4.4456303e-07 1.1263728e-05 0.0028559635 0.0005082646 5.11138e-08 0.00049389846 0.00021379197 5.2939875e-09 3.583896e-05 3.2158724e-07 1.026843e-08 2.8656598e-07 3.058822e-05 0.00021300641 3.053829e-07 1.7155957e-08 2.4151464e-05 0.00023736263 2.0507825e-08 0.00027524045 0.0013244208 9.768181e-05 1.3154682e-08 0.00017935074 6.3966116e-05 4.594367e-05 0.00013630382 0.000189784 2.6329366e-07 2.7274373e-08 5.865332e-06 8.639225e-06 9.340565e-05 0.0008341506 2.1141055e-05 0.00014601497 3.830314e-08 4.0008325e-07
0.0001858922 2.8862146e-06 6.2526224e-06 2.6428827e-06 4.264194e-06 1.4384988e-05 0.6193279 9.678941e-08 0.09655095 0.75890374 0.0006190687 1.0988445e-06 3.655443e-05 0.00020330021 3.437486e-07 0.017055456 7.75565e-08 0.98254436 5.443198e-07 4.8347977e-07 1.4436745e-07 0.011911856 1.4881883e-07 0.10464337 2.8960202e-11 1.1255493e-07 0.0013029038 1.0477294e-07 0.0018159981 8.17964e-06 1.9944655e-06 0.0024728673 9.276847e-08 0.27467638 5.1944704e-07 2.2154948e-06 5.9947997e-06 1.1567049e-06 0.0033898787 9.2460305e-06 7.611066e-07 6.9763885e-08 5.8519305e-07 0.00012156605 1.35206255e-05 3.2242838e-07 0.009830768 1.7887738e-06 1.3521986e-06 2.337745e-06 7.1053546e-06 8.7683235e-05 1.8153859e-08 8.718395e-07 1.0011133e-06 4.82507e-05 0.582458 1.6764966e-08 1.4489215e-05 3.3885742e-06 2.0879736e-05 1.2265266e-06 1.5476526e-05 1.3279423e-07 5.605907e-07 9.480471e-06 3.1583946e-05 1.6771018e-07 3.921312e-06 3.7973434e-06 3.3148558e-07 6.872396e-08 4.7813654e-07 2.6992838e-08 2.6908367e-07 1.9310448e-07 9.968307e-06 5.2503063e-05 3.8113168e-07 0.00013868458 7.634361e-06 6.9769044e-07 2.2753444e-05 4.195261e-05 1.1287392e-06 4.9708376e-07 4.987788e-06 2.7208165e-07 1.2504631e-05 9.0745795e-07 7.0026513e-06 8.045112e-06 2.452148e-07 1.0953686e-06 5.1844904e-06 7.6476525e-08 0.00013129429 4.7637354e-06 7.835862e-06 4.288771e-06 2.3571004e-06
0.69596714 0.6776983 0.0034170097 0.7090864 0.120085426 0.0005364076 2.0194889e-06 0.35626626 1.7814059e-06 2.662147e-05 0.0053262445 0.03204774 0.9239605 5.715343e-06 0.45420235 3.3538456e-06 0.04610152 8.818408e-08 0.98509425 0.86311233 0.061320066 1.3222417e-07 0.027699633 1.5135294e-07 1.1255493e-07 4.3902632e-15 0.00040519214 0.07388256 3.4672067e-07 0.00011636566 0.028722636 5.5075812e-05 0.1558049 9.854599e-07 0.032974165 0.10174616 0.006265657 0.0011078637 2.756075e-07 1.5356328e-06 0.0060589006 0.00012194051 0.0054207644 2.6939324e-06 3.5232657e-05 0.007449313 1.4618502e-07 1.3168936e-05 8.3339555e-06 0.067080036 0.032940745 5.8509147e-07 0.003726888 0.5096561 0.009522134 4.5496152e-05 3.3449065e-05 0.0011121038 0.09117775 2.794085e-06 4.7187477e-05 0.012251274 9.087027e-08 0.0013581412 0.00030697763 3.6791942e-05 0.00012649914 0.026509164 3.9519464e-06 4.2289145e-07 0.005592172 1.1926323e-07 0.00086396403 0.0013213047 0.0009218789 2.6428285e-07 0.0024039673 0.017498804 0.011614868 0.06869103 0.00016032907 0.002973958 0.0007125919 0.00014099569 7.2631356e-06 0.0012367531 2.4469364e-05 5.1890765e-06 0.00178144 1.1439786e-07 1.3694518e-05 0.002286652 0.008473364 2.1875074e-07 5.2601113e-08 2.3435553e-06 0.001412252 0.046463147 1.2721407e-05 0.001955406 0.00291123
0.8546634 0.10753986 0.0020317782 0.01406069 0.06025284 0.000471392 0.1612542 0.016962048 0.7220564 0.051739644 0.6862167 0.19204244 0.014053107 0.0023345302 0.0069024703 0.0006555736 0.0065033576 0.005639378 0.0013129348 0.0002464288 0.034301877 0.35500252 0.10961327 0.08038771 0.0013029038 0.00040519214 1.8705768e-16 4.834609e-05 0.89550585 0.9302701 0.0021074617 0.85899985 3.6710028e-07 0.03455575 0.0002602348 7.526697e-06 0.34442648 0.69381344 0.102339916 0.7803103 0.00041398295 0.15138079 0.058315497 0.16978411 0.5027077 0.0019466797 7.164802e-05 0.34886217 0.39649978 1.7024446e-06 1.7012775e-06 0.00038853305 0.0034757953 0.00015435365 0.059359025 0.01220333 9.5556004e-08 9.857843e-05 2.4390403e-07 0.012357823 0.16606586 1.2990449e-07 1.19340275e-05 0.0015514513 0.16630659 0.06483515 0.090724714 8.492001e-06 0.0038050239 0.00031594172 9.455271e-06 1.3472423e-05 0.0021309336 1.4613665e-05 0.00010820344 0.0015019049 0.11407891 2.9953424e-07 2.7871724e-07 0.00030381358 0.014315639 1.4994656e-05 0.17516048 0.013067264 0.0035551465 2.744733e-07 0.017547917 0.0045923074 0.04730707 0.002684707 0.0012534863 6.6308785e-05 8.130778e-09 1.945461e-05 5.0985665e-08 0.009468468 0.09267665 0.0041675605 0.0001284269 1.2263709e-08 1.4145354e-05
0.94026774 0.004735469 4.685209e-06 0.036745694 0.008997918 1.2379e-07 1.7709976e-07 0.2801758 8.160266e-07 3.641714e-06 8.207658e-05 0.0046211686 0.0027902334 2.1506944e-06 0.5498322 1.1316903e-06 0.35620397 1.2116702e-07 0.014529489 0.7368651 0.03535871 2.558801e-08 0.012274025 9.452868e-09 1.0477294e-07 0.07388256 4.834609e-05 1.3736309e-18 1.02275965e-08 0.0002067646 0.5850583 6.6959474e-06 0.98820037 6.0539584e-08 0.759274 0.6466246 0.032348987 0.0019462638 8.6872745e-08 2.4243818e-07 0.19334976 0.002274479 0.022847636 1.8094477e-07 2.5657886e-05 0.15189196 1.11138846e-07 5.1797146e-05 4.079793e-07 0.27392828 0.13058381 9.6263175e-09 0.10478118 0.0031142822 0.07435041 1.6268964e-06 2.0813141e-08 0.043711353 0.049852837 3.9071512e-07 2.0262709e-05 0.042465582 8.334528e-08 0.051004395 0.0010720573 9.358741e-06 1.738016e-05 0.013118183 4.5341733e-07 7.563603e-08 0.043518055 5.124175e-09 0.039082035 0.024904024 0.10437522 3.1720563e-07 0.046946 0.014491889 0.0079202 0.007650174 2.9575658e-06 0.014489782 0.014135073 1.3531952e-05 5.1124846e-07 0.007757778 2.0066502e-05 2.1985284e-06 0.1731697 4.607814e-08 1.0366737e-06 0.015405579 0.0018012036 1.2298055e-07 6.1990693e-09 1.6286436e-05 0.018511947 0.36511844 1.9378247e-05 0.0007027224 0.012453237
0.073263906 0.00014207525 2.9608225e-06 5.579769e-06 0.00029823178 2.972598e-06 0.2175259 1.4575241e-06 0.6054958 0.06802062 0.04847986 0.0022952503 0.00019749721 1.528722e-05 5.127389e-06 0.00019164644 9.875387e-06 0.0051916186 1.2362696e-05 1.420883e-07 0.00047281923 0.6350273 0.0015001822 0.41170034 0.0018159981 3.4672067e-07 0.89550585 1.02275965e-08 1.6540899e-21 0.10049952 2.6793447e-05 0.99657214 1.5146158e-10 0.26485804 2.4176802e-06 6.916713e-08 0.0021707641 0.03498705 0.5405374 0.52529544 4.5026286e-06 0.0025613683 0.00073846977 0.5248071 0.10905315 3.330249e-05 0.00061605714 0.021335656 0.26095992 3.4384584e-08 4.5081368e-08 0.004380128 3.3288914e-06 1.0256197e-06 0.00089192315 0.06489092 9.187845e-09 1.4878653e-06 8.6438874e-08 0.041117027 0.022542857 1.08994165e-08 1.8581566e-06 5.8077363e-05 0.001915287 0.024339506 0.010504244 9.214771e-08 0.004456511 0.00017909895 9.3720125e-08 7.7677305e-06 8.4729785e-05 5.9405196e-09 8.06154e-06 0.0021675501 0.002827427 1.8417796e-07 6.35814e-10 5.3311152e-05 0.0046428097 2.7604242e-08 0.014211658 0.0037298698 0.0026170134 1.3266859e-08 0.0039526913 0.0014091831 0.0007373129 0.00058376783 0.00034102253 3.055622e-06 2.312268e-10 2.6035123e-06 4.1626304e-08 0.0028648414 0.003144289 3.2348482e-05 1.6985388e-05 4.7384402e-11 8.538317e-07
0.94228 0.22579712 0.0020291146 0.021480704 0.24481356 0.00029911363 0.03407384 0.03067958 0.44393444 0.003429121 0.78465587 0.3799553 0.008371835 0.0001217633 0.022227911 0.00011450085 0.021367962 0.00046013924 0.0016255316 0.00023111065 0.19602543 0.022916425 0.23784457 0.00543724 8.17964e-06 0.00011636566 0.9302701 0.0002067646 0.10049952 1.6523857e-15 0.0057543768 0.2088722 1.0389313e-06 0.0012469537 0.00023199596 8.532843e-06 0.7648132 0.8047167 5.5419394e-05 0.27960253 0.00027005147 0.39347678 0.3502974 0.0003918101 0.40812364 0.0031918376 1.2236589e-05 0.31980047 0.038980443 5.8451838e-06 8.9519455e-07 9.022334e-06 0.022048404 0.0068527567 0.3352617 2.8389695e-05 1.3532971e-07 2.766878e-05 1.735475e-07 3.484723e-05 0.068067014 1.296179e-07 4.686353e-06 0.0012841502 0.21794541 0.0064555584 0.042493686 0.00027020142 0.00013103623 1.0633254e-06 1.543742e-05 4.9427817e-09 0.002452023 2.1761748e-06 0.00042355966 2.0793295e-05 0.39378706 7.930973e-08 4.8557414e-08 2.2606948e-05 0.0019458687 4.277358e-06 0.18966967 0.005373133 0.0002329906 1.502046e-07 0.0044149742 0.0008318587 0.1940571 7.498751e-05 0.00012898722 8.4503545e-06 3.097301e-08 4.2317847e-06 1.6282732e-08 0.0013153523 0.33380848 0.057227522 2.054262e-05 9.028199e-09 4.054351e-06
