3.70362e-23 0.9760502 0.75668955 0.95271534 0.98297644 0.67160934 0.9829127 0.8336362 0.879126 0.90734196 0.98163897 0.92333686 0.92860305 0.94655734 0.90826905 0.9161824 0.77149093 0.9855265 0.92316204 0.45960402 0.9857839 0.4459182 0.10916367 0.9519258 0.94710094 0.87907284 0.029120915 0.982327 0.9522774 0.03578467 0.90706575 0.9881842 0.9787414 0.847713 0.97206527 0.95270884 0.011125244 0.9551513 0.062262908 0.973166 0.005563161 0.69465953 0.19628459 0.90422297 0.20064224 0.75886637 0.9938297 0.97381264 0.18932647 0.97577536 0.9666013 0.9689473 0.9877902 0.9872024 0.9641823 0.0062014447 0.96839607 0.79887384 0.0035692567 0.0022065155 0.039009072 0.00017564926 0.4148284 0.8245583 0.35925376 0.0008979727 0.9538262 0.99992836 0.00036783412 0.00084250123 0.017210677 0.00018517862 0.9993876 0.99975777 0.97107595 0.11978865 0.8962788 0.008438796 0.7362975 0.9852335 0.13440374 0.999605 0.9780327 0.941839 1.0924158e-05 0.08714325 0.13215093 0.08345557 0.0665803 0.99627405 0.9861581 0.9784756 0.6392218 0.0035696821 9.3298106e-05 0.98615456 0.34352854 0.16603176 7.194535e-06 0.00061341224 0.00018305404
0.9760502 8.7726196e-21 0.9052778 0.9234379 0.57560724 0.78678614 0.8274273 0.328282 0.40994135 0.08512403 0.07694579 0.019529717 0.028193386 0.012842721 0.10409667 0.080547445 0.42778394 0.0019078726 0.03665362 0.027949138 0.011586912 0.006025175 0.12672296 0.05632236 0.004059081 0.025623493 0.0006149744 0.13623665 0.0015817641 0.002418903 0.0026213431 0.052847676 0.026538849 0.0013987405 0.0005972596 0.009297147 0.008519074 0.0116335265 1.4954755e-05 0.039822 0.0008027026 0.00015149757 1.2160395e-06 0.0003813517 0.0044869 0.00052711245 0.22086369 0.0001537274 0.0011429057 0.046246473 0.0065727173 0.0132999895 0.05013054 0.012340317 0.042020965 1.3101003e-07 0.0010460024 8.73369e-05 0.02734808 0.0018425126 0.0021513633 8.967198e-07 3.021727e-07 0.00074396783 1.071945e-08 1.6679488e-08 0.0011860133 0.0028344584 1.6533635e-07 0.000105032515 6.377993e-08 4.1264652e-08 0.017533464 0.049618088 0.004293348 3.1134054e-08 0.00022339042 5.0107296e-08 0.0005347091 0.014967226 8.474841e-08 0.038698357 0.001423025 0.00086132734 2.4508445e-06 2.4511577e-08 5.5156494e-07 1.1495744e-06 5.269473e-05 0.0059957467 0.0017406011 0.0024104065 0.0002911955 1.6103357e-07 2.0670376e-07 0.0074897003 2.1958367e-05 2.7423025e-07 2.396418e-07 0.0003997187 8.045546e-05
0.75668955 0.9052778 1.8486322e-20 0.77674514 0.4265035 0.9790853 0.3584188 0.4642922 0.66139024 0.12390013 0.011221218 0.01620737 0.01759295 0.0049223835 0.058404207 0.02602144 0.81234306 0.0018460336 0.028274566 0.052238826 0.004395112 0.012236562 0.27873328 0.023043629 0.001505819 0.0077365185 0.0020981806 0.01987036 0.0005397531 0.005631312 0.0021150503 0.07167041 0.0066098133 0.0016589706 0.00031340742 0.011146448 0.02687801 0.004009175 5.9981714e-05 0.0038861204 0.0011089008 9.9905235e-05 1.3660923e-06 0.0006248358 0.0011789554 0.00038440994 0.05899049 7.578719e-05 0.0004515273 0.014406296 0.0039765774 0.0025980966 0.0055232905 0.00458209 0.009045298 3.503059e-07 0.00044381118 5.9187656e-05 0.042525996 0.0066383737 0.0016064382 4.5014826e-06 1.609393e-07 0.00040490957 5.3912643e-08 9.633138e-08 0.0007795758 0.00067409256 2.9905543e-08 0.00051421614 1.0041612e-07 8.833353e-09 0.0035079203 0.008452814 0.0010486176 2.4459595e-08 0.00029128077 2.1259918e-07 9.309289e-05 0.0028260723 2.6561631e-08 0.00859532 0.00024466106 0.0003857822 8.393963e-06 4.6930543e-07 9.858078e-07 3.015279e-07 2.1700973e-05 0.0028930644 0.0013075834 0.0031733655 0.00042611687 6.642189e-07 2.2613328e-07 0.0019531772 6.662725e-05 5.0045054e-07 1.07808056e-07 0.00052495475 0.00059495325
0.95271534 0.9234379 0.77674514 2.0417346e-20 0.051220138 0.34017545 0.92408806 0.8931178 0.69743454 0.0046453057 0.005486821 0.0010212049 0.005852771 0.0014566864 0.28106567 0.070790306 0.3358357 0.00010164132 0.00087361893 0.39140555 0.0014899607 0.08724085 0.26663947 0.1034208 0.0009776895 0.034137554 0.015681786 0.033011496 0.00031500755 0.024688242 0.00018315358 0.2374634 0.027556527 0.021784663 0.00016093753 0.04225977 0.009195402 0.002843058 0.0003637256 0.009492735 0.0018145605 0.0027917135 0.0002107132 0.009417923 0.0003875513 2.8596427e-05 0.16527769 3.7772186e-06 6.423081e-05 0.0871595 0.042430017 0.004332736 0.005732519 0.0027199257 0.06315469 0.00012242641 0.00013318482 0.0037817913 0.015461281 0.0024989094 0.0001343462 7.3437213e-06 0.00010411928 0.007614135 7.133409e-06 2.6730632e-07 0.010311673 0.00498825 1.1610792e-06 0.0002240826 3.1766747e-06 5.031519e-07 0.008949813 0.052327164 0.013616617 2.1011642e-06 0.002969061 9.299598e-07 3.593328e-05 0.03087818 1.0525548e-05 0.06827875 8.7719796e-05 0.0052222246 1.9234974e-06 1.3363915e-06 6.268095e-05 8.096771e-05 2.4120412e-05 0.013536471 0.0050533805 0.0014433683 0.003112729 2.3237637e-06 4.6985946e-07 0.0013515612 0.0015824795 8.6737025e-05 3.2837784e-07 2.9458262e-05 1.809648e-05
0.98297644 0.57560724 0.4265035 0.051220138 2.4302127e-20 0.7777281 0.1349551 0.008591713 0.062055223 0.9103073 0.78453094 0.8528471 0.7223323 0.45830542 0.02286747 0.052872326 0.31281805 0.42678136 0.74111134 0.0015216415 0.14328055 0.00010600288 0.011550591 0.005979099 0.13512474 0.004388578 2.0188593e-06 0.06503124 0.057651255 6.43779e-06 0.40858987 0.0021977278 0.0063432218 1.7233137e-05 0.007482025 0.00013504383 0.0010526556 0.059541304 8.3610104e-07 0.06408657 3.9893534e-05 1.0438981e-06 1.2848581e-08 7.0203378e-06 0.10608524 0.06868897 0.08275525 0.0705724 0.047650795 0.0043824445 0.00020345981 0.023956893 0.16244984 0.058485504 0.0042683166 1.3762231e-07 0.017949644 1.2681167e-05 0.028679168 0.00077328226 0.0524867 2.6926335e-07 1.318485e-08 4.8920643e-05 1.4484832e-09 7.4872425e-08 2.6243208e-05 0.00047989946 3.4274726e-07 2.6039057e-05 1.9046865e-08 1.196749e-07 0.02354739 0.008415176 0.00051016576 4.8269104e-09 1.0054722e-05 6.2405825e-08 0.007461504 0.0021855582 2.9525562e-09 0.005927067 0.005768831 5.3261047e-05 1.6668357e-06 1.0895972e-07 1.12960535e-07 4.4973305e-07 0.00068314065 0.0013719618 0.000598765 0.0060553793 6.427248e-05 3.8371343e-07 2.7430676e-06 0.033071585 1.0866397e-05 3.5775663e-08 1.3072555e-06 0.00577194 0.0007711731
0.67160934 0.78678614 0.9790853 0.34017545 0.7777281 8.0731225e-20 0.1882343 0.11983392 0.34261805 0.54367036 0.041015517 0.1263094 0.05637409 0.01619545 0.03184176 0.02512319 0.88407946 0.013243987 0.3659287 0.016375547 0.010607873 0.0019081519 0.11279664 0.0063676746 0.0064399056 0.0053330883 0.00026076942 0.015791478 0.0023290964 0.00122499 0.023646234 0.0057769925 0.0025247766 9.431256e-05 0.00072184624 0.0006284369 0.014412507 0.0037553376 1.115681e-05 0.0043018283 0.00049263233 1.6757837e-06 4.3384848e-08 2.3257735e-05 0.015327309 0.0036327497 0.02310547 0.0008978794 0.0026103752 0.005286658 0.0004767842 0.0018796755 0.0046424 0.0024666726 0.0024130435 1.4952671e-07 0.0031212873 7.061876e-06 0.065664314 0.00799269 0.02595714 4.114786e-06 1.9935004e-07 0.00010732976 5.221417e-08 2.5068562e-07 0.00011440294 0.00025814265 1.6327024e-07 0.0007948635 1.0129696e-07 3.5675157e-08 0.0018940774 0.0010907853 0.00032027042 2.1126543e-07 5.3632266e-05 1.9956784e-07 0.0013382448 0.0004874519 1.5808193e-07 0.0014041787 0.0011896245 9.473579e-05 2.880442e-05 6.513735e-07 1.5770149e-06 1.4896777e-07 0.0001563512 0.00061577396 0.0002440668 0.002088582 9.725489e-05 4.8803304e-07 2.3882637e-07 0.0013379832 1.2594007e-05 6.5423234e-07 4.4897538e-07 0.0050059306 0.0029558954
0.9829127 0.8274273 0.3584188 0.92408806 0.1349551 0.1882343 3.589651e-19 0.15438038 0.09766282 0.022100117 0.1059494 0.0065662386 0.07499763 0.028955994 0.7725195 0.8475302 0.15121904 0.0031855197 0.005841011 0.06099405 0.04718572 0.01145481 0.037804455 0.27719918 0.022921896 0.40846902 0.00089861476 0.4924983 0.0100518465 0.001075697 0.0041490686 0.35830745 0.33145726 0.030120796 0.007286944 0.08890562 0.0017232355 0.046514407 4.006186e-05 0.158613 0.00020676972 0.0005788152 3.3739583e-05 0.0052977363 0.0021201123 0.0008900424 0.494359 0.00035828282 0.0010077613 0.35599512 0.111803055 0.08605058 0.030985275 0.015451729 0.25271523 2.5360498e-06 0.003857616 0.001118445 0.008361816 0.00033662084 0.00027247443 1.2412703e-07 1.3349934e-05 0.0071095238 3.462739e-07 3.8225995e-08 0.005430643 0.0140344715 7.019584e-07 1.8286779e-05 1.1549764e-06 2.2161318e-07 0.07528553 0.21729268 0.03008395 3.9630973e-07 0.0017877021 1.2193807e-06 0.0013904466 0.10041118 8.122943e-07 0.1431868 0.0038444828 0.007172394 8.3105226e-07 6.009963e-08 8.63275e-06 1.963766e-05 0.00010408315 0.047277622 0.004828435 0.0138570685 0.003299092 1.7541632e-07 8.3088025e-07 0.017259676 0.0012590069 8.100123e-05 3.392449e-07 0.0010038808 0.00012987273
0.8336362 0.328282 0.4642922 0.8931178 0.008591713 0.11983392 0.15438038 3.961952e-20 0.95614284 0.0003618935 0.00015997747 2.4032612e-05 0.00020492538 9.604577e-05 0.13985717 0.0141994655 0.39719692 2.4764022e-06 7.219027e-05 0.67097753 1.6621285e-05 0.42411712 0.6796263 0.044394936 1.3176346e-05 0.012459997 0.25846142 0.0041630934 7.497818e-06 0.46039927 6.515839e-06 0.3802481 0.0072835297 0.03591854 7.808905e-07 0.08810761 0.06583917 0.0003607762 0.0067235264 0.0003217 0.039334927 0.0074922214 0.00095762615 0.009940529 2.3541563e-05 1.7187227e-07 0.047273587 6.7563035e-09 1.5434039e-06 0.043708865 0.027393296 0.000381433 0.00026771158 0.00020148585 0.015753226 0.0001104599 1.4224119e-06 0.0012055177 0.019130096 0.00810777 2.8523242e-05 0.00020969062 1.2514066e-05 0.0028606153 1.5635104e-06 2.1313176e-06 0.008004074 0.0013390069 1.3315408e-06 0.007046824 2.6540113e-06 1.0216816e-06 0.0013701685 0.007004192 0.0026803503 4.093144e-07 0.00093128806 5.289189e-07 9.707242e-07 0.004022027 6.3093506e-07 0.013170976 4.9891582e-06 0.00054650474 6.4440406e-05 5.5156806e-07 8.98368e-06 1.7031583e-05 4.192533e-07 0.0025304125 0.0021292528 0.0008229266 0.0011545697 5.645464e-07 1.4034698e-07 0.00010561581 0.00015841145 1.2160286e-05 2.628099e-06 5.8460814e-06 1.3847438e-05
0.879126 0.40994135 0.66139024 0.69743454 0.062055223 0.34261805 0.09766282 0.95614284 4.9363802e-18 0.0070389854 0.0022937765 0.001124396 0.0015625312 0.0008055123 0.078543335 0.008710775 0.8479443 9.226982e-05 0.0031463301 0.3745386 0.000109774264 0.20381166 0.8801283 0.047597963 8.9060064e-05 0.004081883 0.109972596 0.0060844244 1.9412151e-05 0.36821887 0.000117898686 0.24183327 0.0026652452 0.04455805 3.7302052e-06 0.083049156 0.3842335 0.00016303072 0.004557521 0.00026196163 0.14082785 0.009996029 0.0005401483 0.013552895 0.00037193872 1.2617354e-05 0.039148487 1.6736826e-07 1.2643322e-05 0.014528157 0.014873223 0.0003004416 0.00010503302 2.5805564e-05 0.0073327003 0.00045592556 1.3859474e-05 0.00097002514 0.20688292 0.07066596 0.002257033 0.0024254527 1.4821419e-05 0.0025394708 3.3101599e-06 5.5297754e-05 0.0028953496 0.00044307346 3.552682e-06 0.06469927 4.7387866e-06 3.6747458e-06 0.0005066622 0.004379917 0.0012450126 1.2272731e-06 0.000471512 1.1333849e-06 2.1466014e-05 0.0027788214 1.2802604e-06 0.005429791 9.004806e-06 0.00042621596 0.00025886943 6.588795e-07 9.240393e-07 9.897903e-06 4.2456904e-06 0.00057804096 0.00075313787 0.00043926397 0.00023784277 4.9673567e-06 1.3843271e-06 0.0001549761 3.9691644e-05 5.284868e-07 2.1109192e-06 0.0003017634 0.0014440526
0.90734196 0.08512403 0.12390013 0.0046453057 0.9103073 0.54367036 0.022100117 0.0003618935 0.0070389854 8.246935e-20 0.17521983 0.9616844 0.32277665 0.13677086 0.0025596784 0.0048666387 0.1323815 0.47894028 0.9138709 0.00015564126 0.011486598 1.8186844e-05 0.0023745252 0.00021098446 0.018194929 0.00019782387 1.0322865e-06 0.0033748937 0.007292576 5.631942e-06 0.6215695 0.00027466175 0.00027072834 2.4006783e-06 0.0018267161 4.7382695e-05 0.0008407342 0.0073319525 7.399699e-07 0.0037062312 1.1260152e-05 4.221633e-07 1.4117921e-08 8.856323e-07 0.41996214 0.27036723 0.0062009008 0.07005498 0.1582153 0.00014068476 1.4210702e-05 0.0018147714 0.021368837 0.008494391 7.809106e-05 2.28429e-06 0.006536823 4.0233863e-06 0.011080218 0.0006585366 0.20656487 1.0970099e-06 5.8867067e-09 7.1175414e-06 2.2660238e-09 4.2425157e-07 1.002404e-06 4.9241225e-05 8.9907377e-07 7.653761e-06 2.9828027e-07 6.3474323e-07 0.0018149966 0.0006490594 2.5840904e-05 2.350068e-08 1.4128831e-06 1.9380475e-06 0.009008338 0.00032086935 3.6102137e-09 0.00050533155 0.001478145 3.799698e-06 4.8953916e-07 3.3676065e-07 2.2170238e-07 6.419352e-07 0.0032182508 7.101557e-05 1.970114e-05 0.001681717 1.2994143e-05 2.300084e-06 5.933429e-06 0.0028724552 1.927781e-05 6.757454e-08 1.9821498e-06 0.006926982 0.00082303805
0.98163897 0.07694579 0.011221218 0.005486821 0.78453094 0.041015517 0.1059494 0.00015997747 0.0022937765 0.17521983 7.2778943e-20 0.27228454 0.91672146 0.9502948 0.010315185 0.09546932 0.005833365 0.49481153 0.12426815 0.000121877034 0.86811054 9.514282e-06 0.000229826 0.0013497934 0.61751205 0.003839864 1.0966261e-06 0.07532326 0.35804534 1.9190504e-06 0.04546564 0.0011145453 0.005761991 2.1957792e-06 0.12109005 3.6037676e-05 4.6588584e-06 0.4895774 5.4428295e-07 0.24304704 3.8910966e-06 2.0452268e-07 3.713459e-08 7.2256654e-07 0.014681962 0.01039899 0.08726026 0.023928236 0.0070656324 0.0036432638 0.00027857706 0.1053523 0.40587944 0.24955586 0.0047141 8.307487e-07 0.03134471 4.7524773e-06 0.00062706176 3.5556397e-05 0.00087825354 1.11016604e-07 3.2669478e-09 3.457829e-05 1.1907446e-09 3.6880851e-07 5.866968e-05 0.00079509517 1.1880071e-06 1.7750737e-06 5.5990817e-08 3.0099494e-07 0.10083689 0.016928514 0.00076537934 2.8873528e-09 2.4391475e-05 1.6452663e-07 0.0069767754 0.0049139685 6.7204414e-10 0.011984503 0.004509978 0.00013287805 8.4659433e-07 1.3226661e-08 8.860503e-09 5.9091406e-08 0.00032499584 0.0017806978 0.000463621 0.01854517 3.234435e-05 5.1949263e-07 6.883679e-06 0.07011813 4.82383e-06 1.932143e-09 1.8337047e-06 0.0003657406 1.6291733e-05
0.92333686 0.019529717 0.01620737 0.0010212049 0.8528471 0.1263094 0.0065662386 2.4032612e-05 0.001124396 0.9616844 0.27228454 2.5349785e-19 0.5148059 0.28003088 0.0010159694 0.0028970265 0.023972686 0.7549158 0.8615454 8.810835e-06 0.037448894 1.536667e-06 0.00018427506 9.065549e-05 0.09964036 0.00022469592 3.6414832e-07 0.0031012814 0.044891533 1.93589e-06 0.671779 2.7497139e-05 0.00032268296 1.6797094e-07 0.006463736 8.816874e-07 2.3298937e-05 0.018236186 2.204513e-07 0.008702355 2.2997945e-06 3.9615234e-08 3.1621914e-09 4.3610264e-08 0.24544008 0.29041782 0.006997098 0.19570652 0.114498846 0.00010357429 1.2125511e-05 0.0041612918 0.04923198 0.021058854 0.0001065321 1.9704012e-07 0.02519353 5.655449e-07 0.0017081075 0.0001228553 0.06486532 3.210473e-07 3.1899347e-10 4.1941922e-07 1.0488235e-10 8.1781266e-08 2.6535392e-07 9.7177464e-05 1.3770543e-07 1.1632837e-06 4.8773847e-09 9.2049866e-08 0.0045056054 0.000590637 1.554058e-05 4.869212e-10 1.8615059e-07 7.164791e-08 0.023864489 0.00016825335 1.9730703e-10 0.0003546915 0.0073751616 1.2690066e-06 1.0204839e-06 8.705251e-09 1.5627709e-08 2.5974655e-08 0.007289304 5.6106626e-05 1.8543149e-06 0.0025544039 7.278762e-07 2.5216215e-07 3.105562e-06 0.016526906 1.1370171e-06 3.423941e-09 2.0939267e-06 0.0027584787 8.810504e-05
0.92860305 0.028193386 0.01759295 0.005852771 0.7223323 0.05637409 0.07499763 0.00020492538 0.0015625312 0.32277665 0.91672146 0.5148059 4.726017e-20 0.944543 0.005671943 0.026009288 0.0048932196 0.9040028 0.22690104 6.196854e-05 0.5694436 4.535888e-06 0.0002064767 0.000501063 0.6762425 0.0014055587 2.6180314e-07 0.0077006663 0.2899736 1.9360891e-06 0.22356108 5.5966717e-05 0.00134022 1.8858042e-06 0.11737546 4.8373186e-06 1.1844003e-05 0.11409562 1.9225976e-07 0.025364418 3.3022648e-06 2.507136e-07 3.197278e-08 1.2303224e-06 0.031605937 0.066015266 0.00857717 0.09717816 0.025769465 0.0010401146 0.000108694294 0.020263977 0.111618556 0.08865195 0.0013893299 5.273575e-07 0.18520525 2.98743e-06 0.00032100067 4.5011195e-05 0.0050271167 2.4817726e-07 6.733096e-09 2.5168756e-06 2.4154745e-10 2.1395012e-07 3.7422951e-06 9.9549245e-05 1.7606962e-07 2.2973657e-06 1.9258632e-08 4.5030575e-08 0.013864445 0.0016859968 7.4518706e-05 3.070395e-09 1.8892243e-06 3.635645e-08 0.081947416 0.00078097545 8.7370666e-10 0.0013657107 0.008843735 3.1625914e-06 4.6148767e-08 8.3729984e-10 2.322782e-08 3.924145e-09 0.00096402474 0.00017687636 7.646597e-06 0.008485221 5.3471285e-07 6.787591e-08 3.8204948e-07 0.017111467 3.2117134e-07 4.8651466e-10 4.73211e-07 0.00023447022 4.724086e-06
0.94655734 0.012842721 0.0049223835 0.0014566864 0.45830542 0.01619545 0.028955994 9.604577e-05 0.0008055123 0.13677086 0.9502948 0.28003088 0.944543 2.1875567e-19 0.0016002905 0.010348934 0.0018985406 0.787253 0.12317992 2.105562e-05 0.7443317 2.252617e-06 0.00012335814 0.00016817074 0.7654354 0.0009194486 4.6414678e-07 0.008962886 0.47501743 1.1788767e-06 0.09554206 4.4718323e-05 0.0009358393 6.699866e-07 0.1978915 1.7817355e-06 1.8209483e-06 0.27827185 4.382956e-07 0.056552354 1.1097654e-06 9.210958e-08 2.347765e-08 2.9333367e-07 0.016370853 0.03298381 0.010907385 0.0818063 0.014352999 0.000913311 9.375146e-05 0.04616649 0.27446002 0.18372536 0.0012305067 5.832252e-07 0.14480966 2.8560137e-06 7.452106e-05 1.523041e-05 0.0009162287 1.385264e-07 3.0036549e-09 6.9090593e-06 9.0615716e-11 1.9844998e-07 3.627209e-06 0.00013128415 2.5653088e-07 3.107181e-07 1.47278785e-08 5.4488147e-08 0.035224177 0.0016998952 6.984034e-05 3.1114686e-09 1.2020776e-06 3.1458004e-08 0.05225631 0.00055553246 5.738691e-10 0.0008831493 0.018241849 5.1912393e-06 3.9341447e-08 3.9619272e-10 4.8217847e-09 1.1189879e-08 0.0005465631 0.00018733196 2.3593268e-06 0.0210546 2.1395316e-07 2.6778181e-08 3.5410818e-07 0.068990126 1.2225344e-07 9.720145e-11 3.933858e-07 0.00011122098 3.4548573e-06
0.90826905 0.10409667 0.058404207 0.28106567 0.02286747 0.03184176 0.7725195 0.13985717 0.078543335 0.0025596784 0.010315185 0.0010159694 0.005671943 0.0016002905 1.0379197e-18 0.90313077 0.033886272 0.00047330197 0.00061937666 0.07642099 0.0048687444 0.018240293 0.021296807 0.92369384 0.0017291018 0.85534745 0.0026526717 0.3067922 0.0011223557 0.0014793337 0.0002715017 0.7815697 0.389893 0.12372074 0.0014497804 0.26099503 0.00020832724 0.014758394 0.00013286273 0.12290378 3.139999e-05 0.002971133 0.00039161136 0.028625209 0.000108303066 1.4199268e-05 0.37683162 4.597447e-06 1.9701167e-06 0.5558846 0.32984555 0.044563092 0.0096182125 0.0071686846 0.33550814 0.0002074381 0.0007701823 0.016900953 0.0031219884 0.0012042612 0.00037339763 1.0884298e-07 9.413429e-05 0.047944378 1.028084e-05 2.2387209e-07 0.02203871 0.017512165 5.264287e-06 2.6502794e-05 7.863882e-06 1.0744691e-06 0.032839563 0.0837321 0.06257482 5.7060192e-06 0.007053722 1.0961367e-06 5.3021584e-05 0.07717668 2.2338307e-05 0.060062315 0.0005147011 0.0147537915 1.3544165e-07 1.16807e-07 2.6693418e-05 6.0771872e-05 1.8561417e-05 0.025500532 0.009643157 0.008039143 0.010511223 4.8588595e-06 7.027495e-07 0.0028667408 0.0036921517 0.00034443467 2.2962493e-07 0.012113913 0.0029791454
0.9161824 0.080547445 0.02602144 0.070790306 0.052872326 0.02512319 0.8475302 0.0141994655 0.008710775 0.0048666387 0.09546932 0.0028970265 0.026009288 0.010348934 0.90313077 6.801938e-19 0.0068549598 0.0012566204 0.0009959607 0.01221375 0.05468128 0.0013444053 0.0020211353 0.5355456 0.0058845184 0.88898134 2.7978676e-05 0.9022261 0.0039910544 4.7346807e-06 0.0006360073 0.19973548 0.53844464 0.002263123 0.0039394503 0.00773352 6.0609427e-06 0.14961596 1.1179948e-06 0.5489057 4.293196e-07 2.4536615e-05 1.8491196e-06 0.0011284051 8.439254e-05 3.1955118e-05 0.51497644 0.00021817003 1.9816896e-05 0.32263616 0.025738284 0.17819652 0.027028719 0.015369742 0.20146276 2.833257e-07 0.0037790008 0.0002172233 0.0012216448 0.00017446144 0.0002043296 3.9121975e-08 4.1036347e-07 0.0016228319 4.280045e-09 6.6942995e-08 0.0019602608 0.009848006 1.5127458e-07 7.085561e-06 4.43201e-08 3.7078184e-08 0.057077114 0.08017757 0.010214376 1.5946428e-08 0.00045256867 3.668313e-08 0.001159304 0.040205684 3.3595438e-08 0.042798437 0.0013845265 0.0021107525 4.044229e-08 1.3138174e-09 2.6363287e-07 1.1652451e-07 4.7809344e-06 0.011760908 0.0017793814 0.015529323 8.3492974e-05 3.527856e-08 8.355885e-07 0.012197197 1.0935665e-05 1.88277e-07 4.3617504e-08 0.0035596094 0.00090021495
0.77149093 0.42778394 0.81234306 0.3358357 0.31281805 0.88407946 0.15121904 0.39719692 0.8479443 0.1323815 0.005833365 0.023972686 0.0048932196 0.0018985406 0.033886272 0.0068549598 1.5966229e-17 0.0012315193 0.16682588 0.1245225 0.00085727125 0.049144223 0.92664236 0.018568207 0.0002912366 0.0018349704 0.021124396 0.0035841353 0.00016420803 0.077356465 0.01246975 0.05720321 0.00115448 0.0023295318 0.00014571032 0.012644034 0.8621181 0.00060444546 0.0033973663 0.00037043955 0.13093583 0.0012926387 7.845309e-05 0.0019230391 0.014096302 0.0012482803 0.008235481 0.0005639537 0.0033976124 0.0052552735 0.0013616369 0.00044779712 0.0010660304 6.6041706e-05 0.0016272005 0.0026463142 0.0005912177 0.0014924357 0.6801787 0.4417772 0.02844036 0.0037655367 0.00023981361 0.00094415655 4.710093e-05 7.340372e-05 0.0013174808 0.0011698316 7.5475277e-06 0.13302647 5.2214695e-05 8.143937e-06 0.0003985144 0.0043471665 0.0007991001 4.13741e-05 0.0011249721 7.138632e-05 0.00086409465 0.0020209292 8.43836e-05 0.0037455463 0.0011578947 0.0005147882 0.0018082333 0.0001647814 2.6882e-05 0.0002054992 0.00017541776 0.00031226984 0.0003551605 0.0009767213 4.05549e-05 0.00026547554 2.709489e-06 0.0017361109 0.00013202654 1.0880532e-05 2.0672753e-06 0.043204557 0.06612947
0.9855265 0.0019078726 0.0018460336 0.00010164132 0.42678136 0.013243987 0.0031855197 2.4764022e-06 9.226982e-05 0.47894028 0.49481153 0.7549158 0.9040028 0.787253 0.00047330197 0.0012566204 0.0012315193 1.72934e-17 0.49382058 4.709141e-07 0.34203696 2.2568969e-07 4.6386576e-05 2.861236e-05 0.7888659 0.00015338325 9.573516e-08 0.00077754614 0.5100287 2.3029186e-07 0.8015986 1.4675828e-05 0.00010809978 1.8049252e-07 0.2186067 6.404566e-07 4.660338e-06 0.060039964 1.534572e-07 0.011277262 1.5090397e-07 4.88179e-08 2.8140568e-09 6.1772255e-08 0.14875524 0.6667391 0.00278489 0.8157891 0.14697206 0.000130748 7.979787e-06 0.011337764 0.18520588 0.15890987 0.00013563898 6.135844e-08 0.40884483 4.4881685e-06 1.991777e-05 5.572962e-06 0.012058657 2.5924086e-07 4.1097536e-10 5.0945523e-06 2.4533817e-10 2.2072014e-07 2.2139193e-06 7.516493e-05 5.63423e-08 1.5362332e-06 4.646567e-08 8.5815614e-08 0.010392326 0.00036535398 2.884744e-05 1.6479844e-09 8.1040315e-07 1.6295151e-07 0.36617023 0.00015763429 4.1607529e-10 0.00052718486 0.045247484 4.4782955e-06 3.0883784e-06 7.709457e-08 2.4928653e-08 3.7098413e-08 0.020009076 0.0001667238 2.5134025e-06 0.015529523 1.6590703e-07 2.4895263e-07 5.7925604e-06 0.076318294 1.0917654e-06 3.914584e-09 1.7670052e-06 9.322927e-05 8.4751525e-07
0.92316204 0.03665362 0.028274566 0.00087361893 0.74111134 0.3659287 0.005841011 7.219027e-05 0.0031463301 0.9138709 0.12426815 0.8615454 0.22690104 0.12317992 0.00061937666 0.0009959607 0.16682588 0.49382058 1.8517608e-18 6.5488595e-05 0.008392027 1.9510388e-05 0.0019867904 6.6610795e-05 0.024691174 6.698946e-05 2.85257e-06 0.00137449 0.0099897375 6.802943e-06 0.9064773 0.00026753038 0.00013950515 6.863348e-07 0.0008502804 4.4543303e-05 0.0004683219 0.004972538 1.7774638e-06 0.0016667317 4.4572394e-06 1.0438433e-06 2.1333348e-08 4.800161e-07 0.8750045 0.5777207 0.001889775 0.26458424 0.63908803 0.0001589161 2.5638486e-05 0.0014917287 0.021568269 0.008543775 6.896227e-05 4.8363727e-06 0.0035567742 1.4646144e-05 0.034639727 0.0009949089 0.7397125 1.4399392e-06 3.6882715e-09 1.1917002e-05 8.095434e-09 9.674416e-07 4.458128e-06 2.590051e-05 3.2564922e-06 4.255661e-05 4.0300588e-07 9.872629e-06 0.0022014985 0.00086059654 7.358546e-05 1.25116975e-08 5.544405e-06 2.1530216e-06 0.005277563 0.00040934296 6.296895e-09 0.0004145942 0.0059024957 1.0647354e-05 1.642464e-06 1.2535321e-06 2.8681174e-07 1.1433924e-06 0.02241741 0.00014592253 2.6080563e-05 0.0007255265 1.4089306e-05 8.725678e-06 6.718296e-06 0.007524684 1.7016906e-05 1.3987282e-08 4.2254455e-06 0.08333918 0.0033455624
0.45960402 0.027949138 0.052238826 0.39140555 0.0015216415 0.016375547 0.06099405 0.67097753 0.3745386 0.00015564126 0.000121877034 8.810835e-06 6.196854e-05 2.105562e-05 0.07642099 0.01221375 0.1245225 4.709141e-07 6.5488595e-05 1.5913396e-16 5.1320662e-06 0.99065256 0.19619717 0.015172156 6.6671837e-06 0.00539372 0.7202224 0.0021662598 2.980248e-06 0.60662246 9.1499705e-06 0.32833576 0.0038350478 0.113178894 2.399727e-07 0.15912549 0.02689757 0.00013833321 0.15564273 6.291859e-05 0.05771805 0.048246708 0.07247474 0.016954655 0.00043197608 6.933696e-07 0.019150171 5.631337e-09 7.843548e-06 0.02742165 0.031407572 0.00016818325 8.208734e-06 2.1568656e-05 0.008700833 0.01292635 6.8411754e-07 0.0074945088 0.015125807 0.0092497 0.00062376645 0.0013417328 0.0005950846 0.0054027583 0.0004922214 0.0017094372 0.006501197 0.00080709986 8.156649e-05 0.022726787 9.1955684e-05 0.00011608591 0.0005404889 0.0017785263 0.0038221425 1.2211839e-05 0.00081444485 1.2380547e-05 2.1827282e-06 0.0030390937 1.2710189e-05 0.0040915464 5.75287e-07 0.00045776457 7.1952316e-05 1.6256316e-05 3.528074e-05 8.46953e-05 3.4681575e-06 0.000906896 0.0009207749 0.00017928488 0.0007324222 6.320097e-06 1.05873605e-05 1.0797227e-05 0.00034168453 6.545397e-06 3.963474e-06 4.0643313e-06 2.205287e-05
0.9857839 0.011586912 0.004395112 0.0014899607 0.14328055 0.010607873 0.04718572 1.6621285e-05 0.000109774264 0.011486598 0.86811054 0.037448894 0.5694436 0.7443317 0.0048687444 0.05468128 0.00085727125 0.34203696 0.008392027 5.1320662e-06 8.459153e-17 8.779763e-07 6.541107e-05 0.00047397838 0.8946966 0.0018679028 6.945887e-07 0.021362169 0.73897517 6.268435e-07 0.013856389 0.00014327219 0.0012885696 5.1790767e-07 0.7754504 1.3351564e-05 7.2098724e-06 0.86647075 4.580143e-08 0.2645487 1.130756e-06 4.920428e-07 1.97979e-08 8.499086e-07 0.0043091984 0.011878284 0.01917839 0.020235721 0.0036858069 0.0013812237 9.35027e-05 0.25068018 0.6608403 0.56333023 0.0016317391 2.0755076e-07 0.16021235 1.9483856e-05 0.00013915967 0.00019578617 0.00023658318 2.3997546e-07 4.7332875e-09 3.0222574e-05 3.1531813e-09 9.93876e-07 3.725589e-05 0.00048375956 1.3636268e-06 4.07318e-05 2.583031e-07 5.777893e-07 0.11106534 0.011705257 0.000338739 3.4440966e-08 1.4681485e-05 1.0692661e-06 0.022617754 0.0025696175 6.0590613e-09 0.008824914 0.005072726 0.00012318298 1.2693151e-06 1.4509297e-06 3.9919772e-08 3.881251e-07 0.001419369 0.0015912578 0.0002588124 0.091040395 3.6733076e-05 2.4954227e-06 3.0079264e-05 0.0801316 5.884386e-06 2.9636617e-08 4.2606907e-06 8.6845284e-05 3.923751e-06
0.4459182 0.006025175 0.012236562 0.08724085 0.00010600288 0.0019081519 0.01145481 0.42411712 0.20381166 1.8186844e-05 9.514282e-06 1.536667e-06 4.535888e-06 2.252617e-06 0.018240293 0.0013444053 0.049144223 2.2568969e-07 1.9510388e-05 0.99065256 8.779763e-07 1.5089221e-16 0.1039033 0.006373999 3.2009452e-06 0.0016026333 0.71035516 0.00064243336 6.7074035e-07 0.54380554 5.845681e-06 0.29977614 0.0011883931 0.16159551 1.6949544e-07 0.2217196 0.02084769 9.979786e-06 0.26015264 3.3980916e-06 0.06592918 0.08366256 0.23070486 0.030749997 7.428066e-05 5.674515e-07 0.011294251 1.9757527e-09 5.879116e-07 0.014473106 0.020660924 3.2122774e-05 2.788979e-06 4.6098935e-06 0.0057918765 0.03958875 2.6596575e-07 0.005907747 0.002228147 0.0019291898 9.259377e-05 0.0013708051 0.0012066807 0.004362616 0.002231392 0.005178352 0.006148436 0.00075541274 0.00021384456 0.0060381256 0.00015480886 0.00023491854 0.00017714225 0.0022458667 0.0023063882 2.4035477e-05 0.0005777288 4.4858316e-06 6.9039834e-07 0.0028577766 3.9550327e-05 0.0041318606 1.8203482e-07 0.00038673056 2.4172848e-05 2.237865e-05 7.8100966e-05 5.6836732e-05 3.9713095e-06 0.0007784454 0.00091298146 6.515637e-05 0.0005243964 1.11342215e-05 2.8487006e-05 6.6807916e-06 0.00041931108 9.816701e-06 7.4689574e-06 1.9597083e-07 6.083838e-07
0.10916367 0.12672296 0.27873328 0.26663947 0.011550591 0.11279664 0.037804455 0.6796263 0.8801283 0.0023745252 0.000229826 0.00018427506 0.0002064767 0.00012335814 0.021296807 0.0020211353 0.92664236 4.6386576e-05 0.0019867904 0.19619717 6.541107e-05 0.1039033 1.7194328e-18 0.0063272924 5.420912e-05 0.00076776993 0.06647963 0.00017831956 3.903974e-05 0.44707227 9.262327e-05 0.095091835 0.00047030894 0.02254932 4.127315e-06 0.03717835 0.9211008 0.00037439232 0.01648512 2.0204068e-05 0.55090773 0.009343897 0.001911495 0.0062927445 8.2319275e-05 2.514992e-06 0.0022248887 3.271795e-08 7.5538064e-06 0.001792648 0.0030720858 6.143242e-05 9.151441e-05 2.0710215e-05 0.0006308999 0.0012371253 5.828307e-06 0.001094927 0.11283457 0.11243818 0.0002586096 0.044220913 0.0001103604 0.00092847337 3.6401638e-05 0.00011354698 0.0011320693 0.0002723736 6.35036e-06 0.069356166 6.205778e-05 4.147996e-06 0.0003089463 0.0014210308 0.00082626886 2.5091957e-05 0.0005148847 1.3952783e-05 5.2264695e-06 0.0011645887 7.568438e-06 0.0034178868 2.7982758e-05 0.00021747641 0.0122478325 7.252882e-05 1.3303103e-05 4.4603792e-05 8.644123e-07 0.0005133185 0.00031513616 0.00038415598 3.3992277e-05 1.538684e-05 1.1565361e-06 3.671248e-05 3.6789763e-05 1.1278606e-05 6.05589e-05 0.00019272139 0.0006599562
0.9519258 0.05632236 0.023043629 0.1034208 0.005979099 0.0063676746 0.27719918 0.044394936 0.047597963 0.00021098446 0.0013497934 9.065549e-05 0.000501063 0.00016817074 0.92369384 0.5355456 0.018568207 2.861236e-05 6.6610795e-05 0.015172156 0.00047397838 0.006373999 0.0063272924 1.0791762e-16 0.000116799165 0.7952908 0.00096081645 0.27043575 5.572604e-05 0.0005073979 3.2090775e-05 0.8226752 0.45890442 0.055064254 8.89806e-05 0.18024136 5.4311426e-05 0.0032165016 0.00021794044 0.08061895 1.2065435e-05 0.0018204423 0.00030307967 0.023424696 5.1245297e-06 2.7581865e-07 0.49459922 3.069687e-07 4.644789e-07 0.63848037 0.3667488 0.019112417 0.004979642 0.002265861 0.5152823 5.194624e-05 3.9923947e-05 0.018742232 0.003157276 0.0008887404 0.0005499481 2.6698277e-07 7.762566e-05 0.041496355 2.410966e-06 1.9551216e-07 0.02822898 0.018284094 2.6508897e-06 0.0003613559 1.4029954e-06 1.6139178e-07 0.032683246 0.16793773 0.09858333 1.1414966e-06 0.008355966 2.8699918e-07 1.3541794e-06 0.14863601 3.1927325e-06 0.15633315 4.481171e-06 0.012350418 5.1508925e-07 1.2580789e-07 5.389753e-06 3.4602156e-06 3.533267e-06 0.044416677 0.013342077 0.0059873466 0.00692568 2.1010266e-07 1.5429669e-06 0.0044635967 0.00079905934 1.3216127e-05 4.3611206e-07 0.0015401039 0.0018149879
0.94710094 0.004059081 0.001505819 0.0009776895 0.13512474 0.0064399056 0.022921896 1.3176346e-05 8.9060064e-05 0.018194929 0.61751205 0.09964036 0.6762425 0.7654354 0.0017291018 0.0058845184 0.0002912366 0.7888659 0.024691174 6.6671837e-06 0.8946966 3.2009452e-06 5.420912e-05 0.000116799165 1.5355427e-20 0.00073905 3.436177e-08 0.0049126525 0.946885 1.1706975e-07 0.06216642 1.4082119e-05 0.0005920618 2.3021016e-07 0.83725876 6.426077e-07 2.47706e-07 0.44781452 3.3232297e-08 0.04335261 9.3395705e-08 4.9824056e-08 7.720725e-09 1.802622e-07 0.0066242265 0.050119694 0.0054648044 0.19009557 0.01049215 0.0005220079 4.26344e-05 0.057855032 0.3154108 0.50401795 0.00059318566 6.357479e-08 0.72540116 1.3079165e-06 6.994535e-06 2.6946955e-06 0.00017193532 2.5808085e-08 1.1215193e-09 1.0230856e-06 6.1125896e-11 1.2194255e-07 1.9120903e-06 3.6505902e-05 6.385029e-08 1.08584196e-07 1.1663296e-08 3.593864e-08 0.0432901 0.0009777022 2.6790607e-05 5.606781e-10 3.2855138e-07 3.890104e-09 0.31279612 0.00041778872 6.7609376e-11 0.0011884305 0.04536092 3.7011168e-06 2.3824673e-09 6.741635e-11 1.9613946e-09 1.2494997e-09 0.0008013281 0.00018630148 8.9103213e-07 0.047172736 7.25604e-08 1.37850655e-08 7.1994904e-08 0.078642905 5.990664e-09 1.5382055e-11 2.2185965e-08 1.9343812e-05 6.0770475e-07
0.87907284 0.025623493 0.0077365185 0.034137554 0.004388578 0.0053330883 0.40846902 0.012459997 0.004081883 0.00019782387 0.003839864 0.00022469592 0.0014055587 0.0009194486 0.85534745 0.88898134 0.0018349704 0.00015338325 6.698946e-05 0.00539372 0.0018679028 0.0016026333 0.00076776993 0.7952908 0.00073905 4.936587e-18 7.018574e-05 0.7595855 0.00041157752 4.809468e-05 0.000112506255 0.46554893 0.891169 0.0077074957 0.0005369667 0.029498572 3.7742911e-06 0.012868964 2.2627224e-05 0.2859777 1.3939158e-06 0.00019528529 3.5547782e-05 0.0054885983 2.8926395e-05 3.838055e-06 0.5457895 1.246503e-05 1.2967143e-05 0.56539494 0.14950395 0.05695419 0.003821273 0.0035576054 0.35242212 1.7624209e-06 0.00032586293 0.0028990274 0.0013829666 0.00015234166 0.0002747073 1.4660314e-07 2.7720096e-05 0.011073968 4.464571e-07 1.8412722e-07 0.009931452 0.02074398 4.1351873e-06 1.2959293e-05 6.075141e-07 1.6149902e-06 0.030168181 0.11727996 0.03390451 1.8852486e-06 0.002435805 1.6289163e-06 7.504288e-05 0.06043511 6.9145963e-06 0.055032767 8.888366e-05 0.0059744846 3.2591964e-07 3.5390997e-07 7.4066716e-06 6.462999e-06 1.1638436e-05 0.018292997 0.0067752777 0.00913582 0.0016309768 9.27051e-07 4.4530416e-06 0.0059438134 0.00030673417 1.39923995e-05 1.2069619e-06 0.0010989902 0.00047619006
0.029120915 0.0006149744 0.0020981806 0.015681786 2.0188593e-06 0.00026076942 0.00089861476 0.25846142 0.109972596 1.0322865e-06 1.0966261e-06 3.6414832e-07 2.6180314e-07 4.6414678e-07 0.0026526717 2.7978676e-05 0.021124396 9.573516e-08 2.85257e-06 0.7202224 6.945887e-07 0.71035516 0.06647963 0.00096081645 3.436177e-08 7.018574e-05 3.4462282e-18 4.6938494e-06 5.083234e-08 0.965692 8.105524e-07 0.051276438 5.6106514e-05 0.044755448 5.8398038e-09 0.037847582 0.018186402 1.9386925e-06 0.9318137 6.545831e-07 0.20339124 0.03393152 0.263257 0.0074054925 1.6629932e-06 9.097606e-08 0.00019762326 1.7757616e-09 5.011122e-08 0.0013328698 0.0040069045 1.01647e-05 1.4707192e-06 7.246286e-07 0.00034531823 0.08396076 2.7600254e-07 0.0013252199 0.0002854331 0.0014255856 1.0047408e-05 0.011119823 0.00054042006 0.00034192688 0.00093815237 0.11928095 0.0007142977 4.094101e-05 0.00012319227 0.0037455107 4.3984786e-05 0.0001517379 7.3412324e-05 8.258237e-05 0.00020982388 1.6498566e-06 8.281866e-05 2.0583752e-06 9.530101e-08 0.00017796468 3.3247638e-06 0.00022855606 6.0328614e-07 4.1668114e-05 0.0004445052 1.2373724e-05 9.764925e-06 1.2846173e-05 2.5097603e-07 7.705132e-05 5.1620602e-05 0.00012173602 2.611513e-05 8.604943e-06 1.9996163e-05 1.8196498e-06 5.5812066e-06 2.254979e-06 0.0002188957 6.552648e-08 1.2730393e-06
0.982327 0.13623665 0.01987036 0.033011496 0.06503124 0.015791478 0.4924983 0.0041630934 0.0060844244 0.0033748937 0.07532326 0.0031012814 0.0077006663 0.008962886 0.3067922 0.9022261 0.0035841353 0.00077754614 0.00137449 0.0021662598 0.021362169 0.00064243336 0.00017831956 0.27043575 0.0049126525 0.7595855 4.6938494e-06 4.9399028e-18 0.0055533145 3.6080921e-06 0.00088619586 0.07694568 0.74839735 0.00020244833 0.0024438708 0.0017169463 1.3357505e-06 0.10981333 1.4623897e-05 0.7887951 8.266305e-07 9.719614e-06 1.1762253e-06 0.00020535872 0.00020417687 3.3502027e-05 0.8176273 0.00016554486 2.1173299e-05 0.2986251 0.012744891 0.4292842 0.04231238 0.020113133 0.2163612 3.8040545e-07 0.0036014384 9.28642e-05 0.0019335061 8.046175e-05 0.0005602728 1.2295804e-07 1.250965e-07 0.00058443705 1.957755e-08 1.0992605e-06 0.00097419793 0.022881966 1.6350546e-06 1.2480493e-05 1.7005743e-07 6.388309e-07 0.20294963 0.19548194 0.004685851 2.7663908e-08 0.00012752862 9.152815e-08 0.0005481131 0.026249144 1.8530033e-08 0.05597935 0.0013235547 0.000321363 7.163537e-07 8.85216e-09 4.9196935e-08 3.8075367e-08 3.2664466e-05 0.0041549266 0.0004488532 0.04704771 2.7456992e-05 1.1757364e-06 4.562217e-06 0.0556616 2.777809e-06 3.0476288e-09 3.79623e-07 0.0043382104 0.00017735086
0.9522774 0.0015817641 0.0005397531 0.00031500755 0.057651255 0.0023290964 0.0100518465 7.497818e-06 1.9412151e-05 0.007292576 0.35804534 0.044891533 0.2899736 0.47501743 0.0011223557 0.0039910544 0.00016420803 0.5100287 0.0099897375 2.980248e-06 0.73897517 6.7074035e-07 3.903974e-05 5.572604e-05 0.946885 0.00041157752 5.083234e-08 0.0055533145 1.9935035e-19 1.1200304e-07 0.042071287 5.6596873e-06 0.00041309165 2.988574e-07 0.9574193 7.3670697e-07 7.779088e-08 0.5008799 3.878437e-08 0.070634685 1.2335244e-07 2.9220304e-08 1.9813577e-08 8.608481e-08 0.0038694637 0.055093523 0.0049897367 0.33784455 0.009501566 0.00047707077 4.6238973e-05 0.08222007 0.39569324 0.586634 0.0007977916 1.4743853e-07 0.63437355 1.9367687e-06 5.3088147e-06 3.2242945e-06 0.000116225034 4.9287568e-08 8.0724405e-10 3.531455e-06 4.8132894e-11 1.3802227e-07 8.393454e-07 4.5178404e-05 2.5241985e-07 2.5490486e-08 3.3300298e-09 2.0074003e-07 0.076941155 0.0015497787 4.5747845e-05 3.9308257e-10 5.6069393e-07 4.0748893e-09 0.15724002 0.0007997501 4.3267685e-11 0.0017701805 0.05814208 6.2012077e-06 9.864266e-09 7.344459e-11 9.874426e-10 2.7482452e-09 0.0010078223 0.00027959165 2.03513e-06 0.0828025 1.0560556e-07 7.54992e-09 2.5158542e-07 0.13461432 1.4045723e-08 1.2706745e-11 2.9919978e-08 2.595772e-06 1.4152228e-06
0.03578467 0.002418903 0.005631312 0.024688242 6.43779e-06 0.00122499 0.001075697 0.46039927 0.36821887 5.631942e-06 1.9190504e-06 1.93589e-06 1.9360891e-06 1.1788767e-06 0.0014793337 4.7346807e-06 0.077356465 2.3029186e-07 6.802943e-06 0.60662246 6.268435e-07 0.54380554 0.44707227 0.0005073979 1.1706975e-07 4.809468e-05 0.965692 3.6080921e-06 1.1200304e-07 2.9606974e-18 1.6003651e-06 0.027584603 4.4101344e-05 0.03079363 1.837584e-08 0.038521383 0.3436315 8.791728e-07 0.9138626 4.3894858e-07 0.7863582 0.02545213 0.18449014 0.0031192086 2.2272438e-06 3.019457e-07 0.0001872166 2.145228e-09 6.4922126e-08 0.0009382755 0.0016563527 4.677285e-06 1.5210879e-06 9.011219e-07 0.000116068855 0.05738371 1.1301167e-06 0.0001641598 0.0005990763 0.004497123 6.4207625e-06 0.22062676 0.00018711806 0.00010346322 0.00022162622 0.33913788 0.00021255673 1.2231805e-05 2.7340535e-05 0.03253916 9.869644e-06 3.8981147e-05 3.895807e-05 8.107395e-05 3.458558e-05 4.6168955e-07 1.6720267e-05 9.68808e-07 1.0111171e-06 8.612288e-05 8.3802814e-07 0.00012452881 4.2202705e-06 1.011082e-05 0.004932945 9.212998e-06 2.4501223e-06 8.008774e-06 8.46403e-07 1.0408836e-05 9.623744e-06 3.89778e-05 4.0166888e-06 6.7224814e-06 2.7447542e-05 1.470785e-06 1.7981157e-06 1.3654156e-07 0.0012124864 8.352861e-08 1.6668276e-06
0.90706575 0.0026213431 0.0021150503 0.00018315358 0.40858987 0.023646234 0.0041490686 6.515839e-06 0.000117898686 0.6215695 0.04546564 0.671779 0.22356108 0.09554206 0.0002715017 0.0006360073 0.01246975 0.8015986 0.9064773 9.1499705e-06 0.013856389 5.845681e-06 9.262327e-05 3.2090775e-05 0.06216642 0.000112506255 8.105524e-07 0.00088619586 0.042071287 1.6003651e-06 9.634149e-19 0.0001644166 0.0001608783 3.558041e-07 0.005062541 3.1117524e-06 8.2335835e-05 0.0077233817 1.5672948e-06 0.0030430872 8.302173e-07 5.3358605e-07 1.9943132e-08 2.0662175e-07 0.8837301 0.90681696 0.000538573 0.66054887 0.8838073 6.756136e-05 4.8325924e-06 0.0023830505 0.02121301 0.012906901 3.4320226e-05 5.9367117e-06 0.03471016 3.973446e-06 0.0014799674 5.387849e-05 0.578117 7.834124e-07 3.7169647e-09 9.298876e-06 1.1258787e-09 1.5291208e-06 4.492253e-06 5.2534913e-05 2.0208954e-06 3.8403323e-06 3.4444335e-07 4.325682e-06 0.005683419 0.0005509302 5.6406425e-05 7.817682e-09 1.6973961e-06 4.808186e-06 0.078753404 0.00038156944 5.029734e-09 0.0005792727 0.022030547 3.263688e-05 1.5815892e-06 8.351607e-07 1.2037138e-07 1.945513e-07 0.31763926 0.00034002977 0.00022643663 0.0022497843 2.0133919e-05 5.8177334e-06 1.5333184e-05 0.012441611 2.0905278e-05 4.63293e-08 1.7543509e-05 0.02178336 0.00030164424
