1.029648e-22 0.68108326 0.18799435 0.9234269 0.19085926 0.78290766 0.78784823 0.13070908 0.91524214 0.9183152 0.9505183 0.072227895 0.4384364 0.89739615 0.43557426 0.0683282 0.0060130716 0.19433068 0.96971506 0.97911584 0.73420316 0.16634195 0.97850025 0.9922539 0.007821498 0.570885 0.43394175 0.91952866 0.102320366 0.9876437 0.22692564 0.572573 0.9432691 0.5703052 0.48756292 0.5639342 0.009028045 0.97608197 0.9639764 0.9286855 0.0003005339 0.570701 0.36752236 0.71725255 0.9792828 0.9996715 0.65865356 0.71160996 0.99246365 0.9723877 0.00040116836 0.75406724 0.6242203 0.6448286 0.80123466 0.79299736 0.98857504 0.9595468 0.36462823 0.9969127 0.96913797 0.9076479 0.0039340723 0.14982945 0.7443145 0.124580555 0.774444 0.0050402987 0.9989283 0.67458045 0.97580516 0.00042635747 0.75349855 0.8835348 0.1514152 0.99882835 0.9996202 0.8337878 0.8716798 0.09521493 0.5713259 0.8511004 0.99646306 0.0008854182 0.07339075 0.99029773 0.001683862 4.646118e-07 0.8310705 0.99554837 0.8455363 0.9999558 1.537158e-06 0.9516404 0.70174617 0.96235204 0.4270264 0.008275389 0.013917841 2.0126016e-08 0.025308365
0.68108326 1.2029165e-16 0.9105511 0.85979366 0.3518897 0.59435326 0.27463782 0.06925519 0.31501326 0.27195737 0.13325663 0.04277304 0.036695123 0.6877017 0.0029817123 0.0063460045 0.0033271052 0.00079615024 0.019216357 0.43773097 0.0062266486 0.0014582098 0.24481282 0.04926622 0.003184065 0.00025283292 0.000358492 0.0056597576 0.0039942516 0.0069121076 0.00014222477 0.00025264348 0.0014262246 0.00016940213 2.2758826e-05 0.00018253508 0.0023724698 0.0049583437 0.009427229 0.0005251464 9.947124e-05 6.327621e-05 4.8361122e-05 0.0012177764 0.0012002648 0.03787883 3.348031e-05 3.112597e-05 0.00077397464 0.0002544143 2.0857604e-05 4.2639504e-06 7.2742375e-07 7.7312e-06 4.759778e-05 1.4665313e-06 6.438634e-05 5.813696e-06 1.8295465e-05 0.075324625 0.06676592 9.583538e-06 2.3796087e-05 2.5035606e-06 7.5452164e-08 0.0013841959 0.0018367432 7.3457784e-05 0.020571565 0.0020264855 0.0035021913 0.00015970766 6.4809694e-07 0.0018636902 2.3761174e-06 8.4877665e-06 0.016227314 7.404718e-07 4.6222194e-06 1.5826641e-05 3.8302682e-07 1.5846472e-07 0.0015184697 4.033806e-06 4.5434062e-05 0.0010333193 4.051769e-06 1.4997265e-06 3.274356e-07 0.001264837 4.0009053e-07 0.0068649827 2.5307488e-06 1.8719756e-07 3.5240652e-07 1.4164698e-07 0.00049216254 1.3895856e-05 3.294431e-05 2.0709908e-08 2.2532217e-07
0.18799435 0.9105511 2.1683433e-16 0.40192327 0.93516684 0.62106717 0.52816015 0.020210486 0.05336945 0.035188243 0.025453512 0.06853327 0.007395347 0.49885255 0.0039202445 0.012985213 0.0067936955 0.0009807344 0.0049382993 0.07418839 0.014306549 0.0015292543 0.066612564 0.0067163208 0.00083732954 0.00071273773 0.00024055188 0.0013185343 0.0021450564 0.008552062 0.00014109416 0.00047963063 0.0020698723 0.00036616638 1.3787206e-05 0.00016177743 0.0004466177 0.001763102 0.008425724 7.403611e-05 6.779708e-05 5.367939e-05 7.5763055e-05 0.00012476822 0.0010140442 0.006325244 8.868831e-05 6.000872e-05 0.00092349364 0.0003778687 9.4215075e-06 1.0087367e-05 6.161302e-07 3.279153e-05 8.837179e-05 8.7294975e-06 7.757874e-05 1.4077823e-05 2.5733754e-05 0.021424208 0.01911537 4.7125737e-05 1.9187366e-05 2.2569045e-06 3.834998e-07 0.00026443705 0.000723914 1.7137276e-05 0.0060567777 0.0008272548 0.0009147175 3.8442846e-05 8.621606e-07 0.00055452145 2.0376233e-06 8.004414e-06 0.014016983 1.535914e-06 1.3619265e-05 1.4511298e-05 5.0372904e-07 1.3738523e-07 0.00019488177 1.1258558e-06 5.5345292e-05 0.00017516098 2.284347e-06 4.1728294e-06 6.260883e-07 0.00035436088 6.5627825e-07 0.0023607225 4.3126947e-06 2.6975377e-07 3.4928212e-07 3.0360516e-07 0.00012500367 2.0159407e-06 1.0752816e-05 1.3215086e-08 1.246384e-07
0.9234269 0.85979366 0.40192327 3.2205324e-14 0.14228544 0.18891667 0.072795875 0.35353604 0.5018567 0.36974403 0.68578154 0.13089398 0.41513416 0.35292935 0.0029498548 0.0045603164 0.004713264 0.0009009239 0.17024958 0.21147935 0.0010872846 0.0011498233 0.10163649 0.05917374 0.050604504 0.0003992467 0.00038426148 0.056518473 0.026326993 0.002797981 4.0865296e-05 4.85044e-05 0.0008182921 0.00022426539 8.28264e-05 0.00010853602 0.016586307 0.0031264678 0.004173895 0.0029064436 0.00018977893 1.7185064e-05 3.562411e-05 0.007036395 0.00052075856 0.070207104 3.065808e-05 9.485346e-06 0.0007084869 0.00015931457 5.4185344e-05 3.5100236e-06 4.394426e-06 1.0463796e-05 2.4109351e-05 2.7895496e-07 6.2181236e-05 1.8503174e-06 1.534035e-05 0.075311475 0.04859009 3.2002924e-06 7.826317e-06 1.1887337e-06 3.7330005e-07 0.012749853 0.0050918763 3.1295298e-05 0.03054071 0.002841135 0.006045458 0.0003155858 1.4491825e-07 0.0035534685 1.2708111e-06 1.8686127e-06 0.006655362 4.3036786e-07 2.4525866e-06 0.00041969254 1.6994588e-07 5.9441803e-09 0.0041300817 1.0261592e-05 0.00028985945 0.0010689395 6.949807e-06 2.6912385e-06 7.684089e-08 0.0012125812 1.0654494e-07 0.005845243 7.3562196e-06 2.950824e-08 1.4506857e-07 3.192245e-08 0.000703919 1.1601544e-05 2.7654243e-05 9.269241e-08 2.8690695e-07
0.19085926 0.3518897 0.93516684 0.14228544 4.682402e-16 0.8184639 0.87418896 0.0056654685 0.016396886 0.008361824 0.009591163 0.046214662 0.002462639 0.5062685 0.02225677 0.05623231 0.008223379 0.0034360513 0.0015810614 0.044996224 0.07158135 0.00625579 0.0889241 0.004379539 0.00039261507 0.002336517 0.0008338997 0.0004227036 0.0007048353 0.025812557 0.0002855445 0.007509032 0.0072493283 0.0012193017 0.0005648394 0.00044673122 0.00016027494 0.00024708916 0.024175584 1.4850467e-05 0.00076222274 0.0001359441 0.00021801154 2.2694498e-05 0.0021925676 0.0018738933 0.0002922552 0.00018293696 0.0028027894 0.0006980242 5.343897e-05 7.6939934e-05 7.4128197e-06 0.00021571919 0.00025633024 3.252772e-05 0.00039396266 5.9436203e-05 0.00015434658 0.018825306 0.016610367 8.598656e-05 8.166402e-05 6.292069e-05 6.6368984e-06 7.752267e-05 0.0001793155 9.1531074e-05 0.0048515997 0.00046915273 0.00067169993 0.0004920992 1.0397982e-05 0.00032965947 1.1018376e-05 6.59551e-05 0.011136805 1.875176e-05 9.999588e-05 6.8543086e-05 4.313192e-06 1.6079317e-06 0.0005801003 2.9472185e-06 0.00015783345 0.00018820332 5.732942e-06 3.626211e-05 4.2486154e-06 0.0002776011 3.706199e-06 0.0012327513 1.4483328e-05 2.9203118e-06 1.4380037e-05 3.3921272e-06 7.3947194e-05 2.1541728e-05 4.5885175e-05 9.3093895e-08 2.5720344e-06
0.78290766 0.59435326 0.62106717 0.18891667 0.8184639 2.0248532e-16 0.8840877 0.017589796 0.016632805 0.010153521 0.0030634946 0.061530966 0.0029291774 0.84237427 0.1054551 0.2747194 0.01640922 0.028649721 0.0011544876 0.16013382 0.38499632 0.027852269 0.38207853 0.0055204574 0.0010601062 0.00599388 0.0020247973 0.0008342139 0.00038472627 0.053849395 0.00086888496 0.0034301577 0.01565171 0.0021647513 0.0029263732 0.0011509386 0.00041334567 0.00054283306 0.07538955 2.1796901e-05 0.0013579748 0.00045188706 0.00027781058 6.360376e-05 0.002757741 0.0065264893 0.00015335488 0.00026175712 0.0024363266 0.0006739049 0.00014408997 9.824151e-05 6.314051e-05 5.7934973e-05 0.00034540554 5.727576e-06 0.00037840853 9.8236545e-05 0.00077816483 0.10117399 0.0847116 8.942313e-05 0.00018652441 0.0005836801 1.3248723e-05 0.00017833165 0.00033814608 0.0010128085 0.016908394 0.00053977314 0.00076844345 0.0033501983 6.4952096e-06 0.0004633021 3.455729e-05 8.377908e-05 0.015250483 9.8529235e-06 8.6745595e-06 9.2289185e-05 5.3877798e-06 6.452289e-06 0.00035133472 3.7328977e-05 0.000109100154 0.00044854145 4.753853e-05 1.8297997e-05 1.2298959e-05 0.00033827333 1.3133215e-05 0.0005559877 1.2657185e-05 1.8265156e-06 1.2342728e-05 6.173559e-07 0.0002887553 0.00013555092 9.089026e-05 1.4630845e-07 1.2772105e-06
0.78784823 0.27463782 0.52816015 0.072795875 0.87418896 0.8840877 1.8227001e-15 0.01429801 0.0030603702 0.002388327 0.0022847273 0.2518024 0.0036407893 0.5783667 0.48662922 0.5664865 0.08426659 0.18225133 0.0006354992 0.013964833 0.5530195 0.15601392 0.12674603 0.0023842189 0.0009927934 0.024579324 0.0070150043 0.00022602497 0.00018345879 0.13107301 0.0015373627 0.020032955 0.039856013 0.0061134365 0.023156174 0.0016354859 5.9343714e-05 2.6784297e-05 0.07529311 3.466488e-06 0.013641663 0.00074497954 0.00045367057 2.0665636e-06 0.008072762 0.004257328 0.00036474215 0.00038460817 0.015916537 0.0010499615 0.0016563742 6.134766e-05 0.0001477432 9.0949565e-05 0.0002851534 4.6269956e-06 0.0016842923 0.00016217814 0.003303268 0.080453716 0.03433238 2.2306842e-05 0.0013096676 0.0019577832 1.1124989e-05 1.9603402e-05 2.5546304e-05 0.0023705044 0.0074398248 8.2752034e-05 0.00022273458 0.0041811136 5.700205e-06 0.00016009469 9.982471e-06 0.00013147797 0.013264927 3.6379447e-06 2.0263618e-05 4.39756e-05 1.4827857e-06 2.4424367e-07 0.000525259 2.2905238e-05 7.0006456e-05 9.907805e-05 1.0342885e-05 1.3949897e-05 1.8055046e-06 0.00011571099 2.5016154e-06 0.00015043521 1.7715416e-05 1.0906768e-06 3.1063973e-06 6.7169793e-07 2.1016042e-05 0.00012131764 7.035301e-05 2.2843346e-07 4.6517306e-07
0.13070908 0.06925519 0.020210486 0.35353604 0.0056654685 0.017589796 0.01429801 2.6637423e-16 0.044481985 0.08872749 0.75415075 0.09115388 0.95511925 0.030635774 0.0011198273 0.005682994 0.009575855 8.84292e-05 0.08430615 0.0061488706 4.0944993e-05 7.2678165e-05 0.0025373453 0.0016954873 0.78364253 1.6609289e-05 9.265321e-05 0.008467716 0.006750782 0.00031505263 1.24086555e-05 2.7081138e-05 9.1394926e-05 6.390451e-06 5.754042e-06 1.682451e-05 0.0071078795 8.203933e-05 0.00029372438 4.1512885e-06 1.3680459e-05 9.552258e-06 2.4950396e-06 2.1106083e-05 5.608774e-05 0.000988359 2.8481475e-06 9.69582e-06 8.722902e-05 4.169713e-05 4.755846e-06 1.1253368e-05 1.4435816e-06 1.1897401e-05 9.894798e-06 2.4439103e-06 2.0548106e-05 1.2997007e-05 5.049818e-06 0.0017378173 0.0010626073 5.3552453e-06 1.2654878e-05 6.248631e-07 1.0350313e-07 0.00046276054 9.618932e-05 2.322378e-05 0.0008229259 0.0002233687 0.00083712675 0.00012422551 1.3553785e-06 0.0003578853 5.781991e-06 4.6151083e-05 0.0020241793 3.022795e-06 0.00012460175 3.2069176e-05 6.426077e-07 1.8954569e-07 5.2445514e-05 1.7673423e-06 0.00017038024 4.644346e-05 3.0259012e-06 3.2314792e-06 6.897876e-07 0.00016993692 1.6411174e-06 0.0006820939 7.684281e-06 9.377874e-07 2.4298143e-07 4.1419813e-07 1.9563937e-05 1.8702208e-06 2.8934837e-05 1.27404975e-08 2.5324846e-08
0.91524214 0.31501326 0.05336945 0.5018567 0.016396886 0.016632805 0.0030603702 0.044481985 5.6746993e-18 0.6918598 0.5257607 0.0012983639 0.073801115 0.11456563 0.00030981904 0.00015114804 0.00037678823 5.8741567e-05 0.19377246 0.53045464 0.00010929323 4.4927907e-05 0.21235213 0.41381687 0.0021710454 7.6176557e-06 1.8805305e-05 0.03387544 0.011519642 0.00031329776 1.220252e-06 3.134654e-06 0.00011954514 2.2611832e-06 9.417326e-07 3.4453979e-06 0.0032875887 0.1596056 0.001597916 0.037496556 1.734872e-06 5.194441e-07 2.436367e-07 0.02524785 3.1273998e-05 0.16645886 1.3915019e-07 6.765269e-08 6.150413e-05 2.845989e-06 2.0738003e-07 8.286499e-08 4.7992135e-09 2.0195321e-07 5.2720213e-07 1.4511747e-08 3.774597e-06 6.7715305e-08 1.5672156e-06 0.08748839 0.15110783 3.6568913e-08 9.943539e-07 2.1867149e-07 4.6715356e-09 0.022778632 0.013745746 3.8367157e-06 0.06258044 0.011876136 0.012215609 2.6049872e-06 1.3443813e-09 0.0067531643 5.2188156e-09 8.985929e-07 0.01896344 5.5125287e-08 2.8296117e-07 3.0142164e-06 3.0123942e-08 1.8952488e-09 0.015881604 9.2640974e-08 7.532229e-07 0.012140692 2.2602441e-07 1.1731402e-06 9.823635e-09 0.0104905395 8.048523e-09 0.012571034 1.6940392e-06 6.956241e-09 2.0095179e-08 5.5876845e-09 0.0008687296 7.159996e-08 2.0864766e-07 1.1108999e-09 2.284046e-08
0.9183152 0.27195737 0.035188243 0.36974403 0.008361824 0.010153521 0.002388327 0.08872749 0.6918598 6.905928e-16 0.45915315 0.006280975 0.10736714 0.0902933 0.00079825503 0.00040641762 0.0010800122 0.00016016005 0.38427997 0.49502927 7.502636e-05 0.00012045552 0.13659215 0.31588647 0.015370711 1.05692625e-05 2.6312902e-05 0.104772866 0.029139325 0.0003523062 6.916153e-06 4.45229e-06 7.576364e-05 6.3704374e-06 5.9013637e-06 1.2202246e-05 0.008925895 0.09765688 0.0022838928 0.061984446 4.8453103e-06 1.9842926e-06 2.105284e-06 0.07272461 2.2703092e-05 0.1461726 8.4302036e-07 4.47414e-07 5.7039495e-05 3.9826537e-06 3.3344709e-06 2.6372666e-07 5.7199884e-08 5.601231e-07 4.827039e-07 8.2631715e-08 3.2708808e-06 3.7451265e-08 1.767784e-06 0.086388335 0.095778555 8.1041975e-08 1.9213926e-06 6.8203455e-08 1.4158855e-08 0.05398025 0.030960854 5.5066803e-06 0.050330233 0.024056049 0.0149631305 1.2526407e-06 1.4071733e-08 0.01403397 3.6279214e-08 4.256842e-07 0.009767456 9.260194e-08 2.8529524e-07 1.2594337e-06 4.3132783e-08 1.6424864e-09 0.016336769 2.9970527e-06 4.926215e-06 0.008520277 7.764179e-07 1.0674586e-06 1.4988114e-08 0.008618044 2.2458446e-08 0.010934755 1.2351813e-06 7.548308e-09 8.69359e-08 2.054349e-08 0.006447925 3.671507e-07 1.3227293e-06 1.4055156e-08 4.5306262e-08
0.9505183 0.13325663 0.025453512 0.68578154 0.009591163 0.0030634946 0.0022847273 0.75415075 0.5257607 0.45915315 4.2012166e-17 0.00405953 0.8651415 0.025555419 0.0001310526 0.0005541366 0.0018076765 5.5050925e-05 0.7737523 0.074130856 4.4008408e-07 2.5852883e-05 0.028877135 0.049248945 0.33644623 1.4862387e-06 1.0351321e-05 0.60626787 0.4779355 0.0003573754 2.1333897e-06 1.5802457e-06 0.00017310856 2.4425924e-07 4.682029e-06 3.9859783e-06 0.26026157 0.03407849 0.0006047113 0.038407996 1.3715913e-05 1.3603252e-06 7.0817134e-07 0.02889839 1.6445447e-05 0.13871366 1.4482056e-07 3.3801837e-07 0.0001615206 2.0583184e-06 1.9347326e-06 1.2397412e-06 5.7562092e-06 1.2848656e-06 1.8895903e-06 1.3779133e-07 7.960109e-06 1.2435529e-06 4.3473836e-05 0.031522863 0.038404398 1.6102466e-07 1.9244865e-06 6.9131725e-06 2.6128805e-07 0.045564782 0.0043562492 1.596593e-05 0.025452737 0.003642944 0.011661258 3.6268128e-05 9.310353e-07 0.0057022013 2.0903294e-06 2.9056105e-06 0.003105829 9.1929905e-07 1.1694104e-06 3.0732695e-05 1.4419587e-07 1.320625e-07 0.0069154473 3.1308733e-07 1.6428956e-05 0.002399946 6.0118174e-07 2.2103454e-06 5.6060514e-07 0.002524985 5.3328336e-07 0.005488418 3.5861303e-06 1.0775537e-06 3.955047e-07 2.6356926e-07 0.001021933 1.1810328e-06 3.828012e-05 2.8575284e-08 1.6427943e-08
0.072227895 0.04277304 0.06853327 0.13089398 0.046214662 0.061530966 0.2518024 0.09115388 0.0012983639 0.006280975 0.00405953 4.0812783e-15 0.019355267 0.027482226 0.026415637 0.342244 0.9338315 0.0075205485 0.00035955236 0.0017073355 0.00024555495 0.0006583774 0.001523466 0.000104095154 0.0468359 0.00022929114 0.00047414226 0.00024805433 0.00026115717 0.0018010311 0.000116255076 3.3176343e-06 0.00025840226 4.5391444e-05 5.895005e-05 6.9768044e-05 0.00021398737 2.0446147e-05 0.0002794029 3.8665235e-08 0.0009869861 1.3942648e-05 1.4190658e-05 2.2344081e-07 1.9327677e-05 0.00040852654 7.669828e-06 1.1268263e-05 5.2338688e-05 1.3915562e-05 0.00012259887 1.1561926e-05 5.1138255e-07 6.198008e-08 1.58332e-06 1.3079849e-06 5.616763e-06 1.01387e-06 1.7697457e-06 0.0018233309 0.00077385246 1.3549287e-06 9.882773e-06 2.1104422e-06 1.538114e-08 5.6260265e-06 3.0081144e-06 5.795652e-05 0.00032288334 7.558912e-05 0.0005478442 0.00013859718 8.4413057e-07 0.00025967724 8.926239e-08 3.4390653e-06 0.00021248759 1.6452614e-07 7.546588e-07 3.4646039e-06 2.185792e-08 2.7558476e-08 6.986692e-05 3.5894593e-06 6.7001374e-06 3.3672015e-05 2.295596e-06 9.2585725e-07 1.3130723e-07 0.00011970783 1.6169389e-07 0.00068149925 2.0629687e-07 6.165031e-08 5.6140955e-08 6.179323e-08 2.225717e-06 2.4099947e-07 2.0609561e-06 3.0620497e-09 4.634227e-09
0.4384364 0.036695123 0.007395347 0.41513416 0.002462639 0.0029291774 0.0036407893 0.95511925 0.073801115 0.10736714 0.8651415 0.019355267 1.3242895e-15 0.01327369 0.000466487 0.0005716428 0.004127146 7.905522e-05 0.24497272 0.009119585 1.553261e-05 3.842133e-05 0.002888488 0.0033674445 0.6409666 2.4346016e-05 0.00014619375 0.06130343 0.06940368 0.00041371814 4.057788e-05 1.2758852e-05 5.316924e-05 2.211464e-05 7.078011e-06 3.902984e-05 0.05652964 0.001478647 0.00022828877 0.0006052735 1.3186793e-05 2.0755277e-05 2.052619e-05 0.0010442209 5.4952518e-05 0.016872143 1.0207384e-05 1.5330932e-05 0.00015691659 7.163456e-05 7.749706e-06 1.6187767e-05 5.273643e-06 9.976485e-06 2.48388e-05 3.7303012e-06 3.801791e-05 1.16394685e-05 8.958288e-06 0.002573826 0.0022592908 1.698793e-05 1.2763879e-05 1.4331387e-06 1.1378914e-06 0.0052200835 0.0017796452 1.7016371e-05 0.0008690296 0.0014102136 0.0056653097 6.482583e-05 6.380817e-06 0.0015675835 6.682818e-06 2.3245406e-05 0.0029673812 2.022559e-06 5.8695874e-05 9.674291e-06 3.033289e-06 1.3370046e-06 0.0002643135 1.7771588e-06 0.000103161336 0.00010856376 2.115016e-06 9.43328e-07 2.114798e-06 0.00039925202 2.179974e-06 0.0016339058 1.5313828e-06 8.995266e-07 4.5462425e-06 2.460072e-07 0.00024911002 1.626158e-06 1.8629697e-05 8.255055e-09 2.6037752e-08
0.89739615 0.6877017 0.49885255 0.35292935 0.5062685 0.84237427 0.5783667 0.030635774 0.11456563 0.0902933 0.025555419 0.027482226 0.01327369 1.2704138e-13 0.07545717 0.02399431 0.005322528 0.02228061 0.008103616 0.6058141 0.31734607 0.028496524 0.72629964 0.07342517 0.002748036 0.007711958 0.004156673 0.003776066 0.00028244287 0.10764799 0.0010632911 0.005478704 0.022835152 0.0012585764 0.00053375354 0.00073970965 0.00019835774 0.005413742 0.14219575 0.0007080694 0.0003511272 0.00033112272 0.00012810103 0.00047360695 0.005289157 0.06702214 5.2792264e-05 0.00016607111 0.005675776 0.00049723295 4.1143645e-05 7.6444565e-05 4.9254093e-05 1.962594e-05 8.995335e-05 5.329679e-06 0.00052510924 5.8596488e-05 6.0076745e-05 0.24717037 0.28140074 1.0479833e-05 1.9652649e-05 1.6776217e-05 1.6121527e-06 0.00023922019 0.0031454347 6.506627e-05 0.045915723 0.005282971 0.0073090843 0.00045924447 1.7813499e-06 0.007875689 3.7539335e-06 1.3562584e-05 0.03647874 5.512621e-07 1.6393873e-06 1.1749669e-05 7.901044e-07 6.898462e-07 0.0075187166 1.4579532e-05 1.3155215e-05 0.0059199915 7.904907e-06 1.2602808e-06 9.2958464e-07 0.003955859 1.6067376e-06 0.0074295583 3.368732e-06 1.5742396e-06 3.9798073e-07 9.2650475e-07 0.00045120617 1.6758196e-07 1.2810096e-05 2.2258613e-08 9.9968505e-09
0.43557426 0.0029817123 0.0039202445 0.0029498548 0.02225677 0.1054551 0.48662922 0.0011198273 0.00030981904 0.00079825503 0.0001310526 0.026415637 0.000466487 0.07545717 3.7953816e-17 0.9185131 0.040715784 0.9150712 4.7130587e-05 0.006147753 0.5402411 0.6811048 0.009268686 0.00041323074 0.00031316813 0.13317889 0.09927704 9.786303e-06 5.5700322e-05 0.09152884 0.024628941 0.03737366 0.031942066 0.028155327 0.33183405 0.016325027 3.585506e-05 4.045234e-05 0.011203548 1.1774756e-06 0.027552122 0.003302139 0.0025853943 2.258821e-06 0.002336137 0.0006590792 0.0013168107 0.0014669806 0.010878324 0.0010248356 0.0068572215 0.0007212951 0.0009496759 0.00035122182 0.00069416256 0.00012321801 0.0011383658 0.00034774892 0.005018672 0.008516 0.0022588817 0.00021322427 0.0075965603 0.007291091 3.366714e-05 8.385354e-06 0.00017646948 0.014637754 0.00097573677 0.0005559052 0.00013092805 0.006731165 2.4831455e-05 0.00051231106 0.00012836298 6.962567e-05 0.0055575683 7.6598135e-06 1.6988239e-05 0.0004094685 2.0229295e-06 3.6067448e-07 0.00012013922 8.225877e-05 0.00015734577 1.8842593e-05 2.4457393e-05 2.2869592e-05 5.792044e-07 3.705293e-05 5.263526e-07 0.00021531305 1.5804499e-05 1.0679092e-07 2.0171965e-06 1.4448177e-07 6.756285e-05 4.023452e-06 3.3176864e-05 4.3859623e-07 4.055762e-08
0.0683282 0.0063460045 0.012985213 0.0045603164 0.05623231 0.2747194 0.5664865 0.005682994 0.00015114804 0.00040641762 0.0005541366 0.342244 0.0005716428 0.02399431 0.9185131 1.785448e-16 0.79688627 0.919376 0.00014219698 0.0017090371 0.38289788 0.51361084 0.00066616107 7.8999525e-05 0.0062400536 0.116051845 0.09423986 1.5071629e-05 1.7158894e-05 0.021490786 0.03803817 0.0075398586 0.0065053087 0.013880651 0.4494909 0.009035155 0.000111780624 2.72862e-05 0.0011582918 9.261523e-07 0.3180775 0.0017706228 0.0009002467 2.213227e-06 0.0007361554 5.1553696e-05 0.00034731705 0.00062688603 0.0018252367 0.0003579674 0.1061983 0.00023734497 0.0014256596 0.00010747039 8.336075e-05 6.320932e-05 0.0002362049 7.812667e-05 0.013065788 0.0009552346 0.0002537632 2.5007148e-05 0.050113264 0.011015226 1.5839025e-05 9.859141e-07 3.0704134e-05 0.009998403 8.738756e-05 0.00041269374 3.7615762e-05 0.040594198 5.5706932e-06 0.0009601011 5.3905424e-05 2.7407063e-06 0.0010426262 2.8445672e-06 6.458705e-06 0.0012880788 3.1485977e-06 3.5115914e-07 2.9309294e-05 0.00028838817 0.00023157112 1.8046578e-06 0.00012812461 0.00014733613 1.1481379e-06 1.3363424e-05 8.922396e-07 5.3272834e-05 0.00022551233 2.2769528e-07 1.4224851e-06 1.985933e-07 0.00027991235 5.9878403e-06 0.00031586885 1.3734455e-06 1.8085522e-07
0.0060130716 0.0033271052 0.0067936955 0.004713264 0.008223379 0.01640922 0.08426659 0.009575855 0.00037678823 0.0010800122 0.0018076765 0.9338315 0.004127146 0.005322528 0.040715784 0.79688627 5.3640225e-15 0.020267094 0.0005212479 0.0019463716 0.0026813652 0.0053402395 0.0004442357 0.00044821692 0.047358025 0.0014038025 0.0015853208 0.0004386659 0.0011123616 0.0012906882 0.00081565324 0.0009379091 0.0012763941 0.0006842096 0.025368324 0.0008037179 0.00133541 3.811039e-06 0.0007263032 4.892241e-07 0.48666054 0.00021045616 0.00012711676 7.758635e-07 0.00028994572 4.0218616e-05 7.7770375e-05 0.00015772556 0.00081291934 0.00024955464 0.0059404983 0.00013770642 2.5818412e-05 5.0118844e-05 0.000101078556 1.801933e-05 0.00023551098 4.5343466e-05 0.00060697587 0.0003996244 0.00037441947 3.2168326e-05 0.0056872987 0.00094761426 3.5387407e-06 7.598233e-08 1.7499317e-06 0.0023881844 0.00017752597 3.6044446e-05 9.8652075e-05 0.010227254 9.404801e-06 0.0017869411 3.2553614e-06 4.9665497e-05 0.0029185314 3.236738e-06 1.1434965e-05 0.00043442135 1.97855e-06 1.1009317e-06 0.00024474302 0.00026064288 3.705933e-05 1.365693e-05 6.4243424e-05 0.00024095643 2.0920068e-06 5.9598024e-05 1.6375326e-06 0.0008433638 0.00012794304 1.0473659e-05 5.452797e-06 8.537801e-06 0.00013620935 2.045539e-07 3.489249e-05 1.43291245e-05 1.9554637e-08
0.19433068 0.00079615024 0.0009807344 0.0009009239 0.0034360513 0.028649721 0.18225133 8.84292e-05 5.8741567e-05 0.00016016005 5.5050925e-05 0.0075205485 7.905522e-05 0.02228061 0.9150712 0.919376 0.020267094 1.8433624e-15 3.3733668e-05 0.0009487051 0.50531447 0.8302622 0.0035731222 0.00016080345 0.00011289297 0.22653475 0.19391288 5.1553375e-06 4.7274956e-05 0.13587464 0.08413686 0.07657485 0.035102278 0.032157082 0.49111447 0.02250597 1.961752e-05 6.229167e-06 0.0106010325 7.9239226e-07 0.022375839 0.004394456 0.0017482822 1.0640947e-07 0.004757854 7.424114e-05 0.000775066 0.0007261471 0.0108443685 0.0014521556 0.010725855 0.00041092688 0.0021400892 0.00069041917 0.0005690717 6.989918e-05 0.0014986371 0.00023327763 0.011363132 0.0028268055 0.0007811203 7.25533e-05 0.01080732 0.013997219 8.210961e-05 3.0228498e-06 8.715123e-06 0.0113176275 0.00042497928 6.4760454e-05 1.6822247e-05 0.00861026 0.00024274692 8.147141e-05 0.00018676775 3.8350492e-05 0.0022967032 5.692684e-05 9.00737e-05 0.00046393482 4.502444e-06 6.7468767e-07 1.6257154e-05 7.0961214e-05 0.00024874415 2.0225552e-06 3.3485772e-05 4.786776e-05 4.2877155e-06 8.671738e-06 5.5799237e-06 7.5721015e-05 3.242505e-05 1.01745e-06 7.3142332e-06 7.2265067e-07 6.296013e-05 6.945794e-05 0.00013492926 5.9756127e-07 1.4860376e-06
0.96971506 0.019216357 0.0049382993 0.17024958 0.0015810614 0.0011544876 0.0006354992 0.08430615 0.19377246 0.38427997 0.7737523 0.00035955236 0.24497272 0.008103616 4.7130587e-05 0.00014219698 0.0005212479 3.3733668e-05 1.7039393e-13 0.08117914 6.03201e-07 6.129549e-05 0.026398024 0.1977708 0.0680376 7.95356e-06 2.8182336e-05 0.8519362 0.5559547 0.00024239809 1.0320646e-05 2.5590741e-06 0.00031340175 7.362957e-06 8.344398e-06 2.5926436e-05 0.34925187 0.15072116 0.0009846414 0.51783127 5.166214e-06 7.6127326e-06 6.341439e-06 0.44951877 4.9636044e-05 0.27498284 1.11846575e-05 3.7551833e-06 0.00010831752 2.1527989e-05 1.5775226e-05 1.1713586e-05 2.8419383e-05 9.775334e-06 6.190333e-05 1.8737218e-06 1.2694053e-05 1.6442411e-06 5.600372e-05 0.025737979 0.05984469 5.382798e-06 1.1251114e-05 9.125805e-06 1.093784e-06 0.6397476 0.054118216 0.00010888613 0.04567459 0.034649447 0.10417146 0.000222083 1.6976974e-06 0.03933427 1.7262587e-06 6.754259e-06 0.0018866939 6.10829e-07 5.9482327e-06 2.8894194e-05 4.92377e-07 1.2336537e-07 0.039594747 3.2124901e-06 0.00013599804 0.017356517 6.3363373e-06 1.3757324e-05 2.7823862e-07 0.010169316 4.3732152e-07 0.02097036 4.2761818e-05 4.2558716e-07 5.5465017e-07 5.970964e-07 0.011371761 2.3804223e-06 0.0001450068 1.9476954e-06 1.8010487e-08
0.97911584 0.43773097 0.07418839 0.21147935 0.044996224 0.16013382 0.013964833 0.0061488706 0.53045464 0.49502927 0.074130856 0.0017073355 0.009119585 0.6058141 0.006147753 0.0017090371 0.0019463716 0.0009487051 0.08117914 1.3656654e-15 0.019966291 0.0032916076 0.51652044 0.5340644 0.0005714207 0.0008218843 0.0005121159 0.024986062 0.0031591975 0.036855157 9.6517644e-05 0.0010997672 0.00438388 0.00074305455 0.00023230923 0.00018843086 0.0020739734 0.23719083 0.077269495 0.053131137 2.0728117e-05 8.381489e-05 0.00013556812 0.04291046 0.0036960205 0.14088039 0.00010348117 0.00017547264 0.00080283004 0.00012298765 3.205716e-05 3.0733692e-05 5.4556263e-06 1.4278707e-05 1.470612e-05 6.7285873e-06 7.755255e-05 9.175084e-06 5.468334e-05 0.21979627 0.62686837 1.2267232e-06 4.776951e-06 5.6759786e-06 1.1132784e-06 0.020666368 0.061190948 3.2618926e-05 0.36718786 0.07642426 0.10213052 7.224813e-05 5.1388514e-07 0.017528558 1.8220653e-06 3.4725729e-06 0.029788582 8.9558057e-07 2.5617433e-06 0.00012021361 7.3424644e-07 8.4255376e-08 0.12518701 2.3533661e-05 0.00012403706 0.18677062 2.0802241e-05 1.22693655e-05 1.8186687e-07 0.074512765 6.0151154e-07 0.0910578 5.5272576e-06 4.340877e-08 1.6580074e-07 1.6756805e-07 0.0024000695 1.455976e-07 5.303797e-05 3.6910689e-07 1.5161579e-08
0.73420316 0.0062266486 0.014306549 0.0010872846 0.07158135 0.38499632 0.5530195 4.0944993e-05 0.00010929323 7.502636e-05 4.4008408e-07 0.00024555495 1.553261e-05 0.31734607 0.5402411 0.38289788 0.0026813652 0.50531447 6.03201e-07 0.019966291 7.64333e-21 0.8568885 0.17054132 0.0004380946 3.225723e-05 0.86337715 0.47378543 2.9250637e-08 2.5220837e-07 0.6442911 0.32118204 0.64151245 0.38463306 0.56218517 0.28984186 0.28371412 2.954745e-07 1.17936415e-05 0.14777721 4.7380045e-08 0.0004922993 0.100853585 0.0486184 5.7243977e-08 0.09260911 0.0012746801 0.0043269964 0.0043275026 0.036274523 0.01271387 5.8724927e-05 0.00031432186 0.00064231275 3.8994385e-05 0.0016291525 1.1120905e-05 0.0024545065 0.00056072394 0.0017747978 0.25655568 0.05683449 5.2692372e-05 7.0342074e-05 0.00015556232 3.565684e-07 6.539036e-07 1.1422116e-05 0.00047560665 0.008794005 0.00010993665 8.741973e-05 0.00023930824 7.7516866e-08 0.00018390814 6.3843805e-07 2.9812985e-05 0.028217549 1.579881e-08 1.518949e-07 3.7009756e-06 4.8523894e-08 2.7588346e-08 3.616113e-05 7.100924e-06 4.2974978e-07 4.0928244e-05 8.2373447e-07 5.753814e-07 3.2295105e-08 6.501063e-05 3.457834e-08 0.0001649023 4.7314825e-07 4.614267e-09 5.5359408e-08 2.0059144e-08 1.3530326e-05 8.893338e-08 6.534435e-07 5.0892557e-09 6.9213546e-09
0.16634195 0.0014582098 0.0015292543 0.0011498233 0.00625579 0.027852269 0.15601392 7.2678165e-05 4.4927907e-05 0.00012045552 2.5852883e-05 0.0006583774 3.842133e-05 0.028496524 0.6811048 0.51361084 0.0053402395 0.8302622 6.129549e-05 0.0032916076 0.8568885 1.8799193e-16 0.0103477435 0.00025781937 6.4691754e-05 0.773743 0.7239289 3.8468097e-06 8.651558e-06 0.15490653 0.52796084 0.22903085 0.08357379 0.37701923 0.5353919 0.19788955 4.113954e-06 9.763115e-05 0.016813813 3.8773962e-07 0.002343864 0.037331976 0.019436736 3.245617e-07 0.021066425 0.000102490005 0.00403403 0.005219389 0.011556862 0.0069613294 0.00033924315 0.00205046 0.0063379575 0.0007064415 0.0030206067 0.00047037262 0.0017137612 0.00068792986 0.018409977 0.006719565 0.002436416 0.00036551955 0.0009216768 0.0024896928 0.0001499206 1.0761895e-05 2.2001803e-05 0.0017541392 0.00080083194 0.00022989023 8.236167e-05 0.0008656837 0.0003235905 0.00036456916 0.0002506387 4.2495005e-05 0.006407511 6.3271014e-05 7.530427e-05 0.00034024208 1.9856112e-05 5.829074e-06 9.736499e-06 3.3314624e-05 6.5023465e-05 4.539454e-06 2.1779053e-05 3.7295613e-06 2.7529331e-05 7.3409137e-06 1.7678944e-05 9.519787e-05 4.019858e-06 1.8737502e-06 8.036538e-06 7.3268797e-07 0.00013220118 3.5797334e-06 3.1444793e-05 2.885268e-08 1.8007835e-07
0.97850025 0.24481282 0.066612564 0.10163649 0.0889241 0.38207853 0.12674603 0.0025373453 0.21235213 0.13659215 0.028877135 0.001523466 0.002888488 0.72629964 0.009268686 0.00066616107 0.0004442357 0.0035731222 0.026398024 0.51652044 0.17054132 0.0103477435 1.8879405e-15 0.19169733 0.00030648388 0.028575532 0.0026360487 0.0068087433 0.00064717577 0.4313238 0.0012733266 0.12455615 0.16572018 0.01237991 0.00078624097 0.0022238651 0.00015457682 0.072572105 0.51938885 0.011530188 6.3038797e-06 0.00084153516 0.0007894575 0.008760318 0.11009881 0.121602125 0.0008505083 0.0009902444 0.017836764 0.014637602 2.8134034e-06 0.00024119759 8.4847605e-05 0.00050365966 0.0015571039 3.725905e-05 0.0015718027 0.0010990934 4.306372e-05 0.37014842 0.71170294 0.00020238191 4.705063e-06 1.1882594e-05 1.2255006e-05 0.0018248 0.021927599 5.0803947e-06 0.3661407 0.029882934 0.043104205 1.86773e-05 1.111255e-05 0.030288327 1.1203093e-05 0.000120590805 0.057833295 9.589973e-06 2.7042504e-05 2.7192611e-06 5.931859e-07 4.375067e-07 0.047855105 1.8899777e-06 3.96988e-05 0.0525957 2.535399e-06 3.2673984e-06 8.46357e-07 0.040912475 2.3966497e-06 0.066316806 3.9862516e-06 1.9276495e-06 4.5460715e-07 2.6018242e-06 0.0011103472 3.590041e-08 4.6581254e-06 3.1738796e-08 4.9833943e-08
0.9922539 0.04926622 0.0067163208 0.05917374 0.004379539 0.0055204574 0.0023842189 0.0016954873 0.41381687 0.31588647 0.049248945 0.000104095154 0.0033674445 0.07342517 0.00041323074 7.8999525e-05 0.00044821692 0.00016080345 0.1977708 0.5340644 0.0004380946 0.00025781937 0.19169733 3.2837037e-16 0.00058603525 7.047476e-05 1.6984819e-05 0.045207877 0.0027125506 0.0026833683 3.1231135e-05 7.065497e-05 0.0006828049 2.572033e-05 3.6075276e-06 4.5541205e-05 0.0037257972 0.67295223 0.016556855 0.20792438 8.586647e-06 8.16136e-06 5.9196486e-06 0.14255525 0.00045982187 0.45349196 1.0828462e-05 3.460509e-06 0.00025253822 2.7542594e-05 2.4080293e-06 5.1948446e-06 1.3236732e-06 1.0109175e-06 1.9911226e-06 7.56396e-07 2.2348473e-05 4.8546553e-07 1.0072058e-06 0.12420562 0.46083355 4.115294e-07 1.3375901e-06 1.1715301e-06 6.706393e-07 0.056844655 0.18501458 1.0758139e-05 0.26496762 0.27881807 0.3513882 1.0857157e-05 6.802949e-08 0.18394974 2.2424646e-07 6.5709804e-07 0.029826296 6.816158e-08 3.6819245e-07 2.0109617e-06 6.9900636e-07 1.9621963e-08 0.5488534 4.1068747e-06 6.597375e-06 0.69969743 6.988548e-06 2.2494278e-05 4.4011447e-08 0.51821625 1.1712737e-07 0.3663933 1.276825e-05 1.5719367e-08 3.4561985e-08 5.5425655e-08 0.010525303 2.27053e-07 2.9346393e-06 2.1713991e-07 3.913787e-08
0.007821498 0.003184065 0.00083732954 0.050604504 0.00039261507 0.0010601062 0.0009927934 0.78364253 0.0021710454 0.015370711 0.33644623 0.0468359 0.6409666 0.002748036 0.00031316813 0.0062400536 0.047358025 0.00011289297 0.0680376 0.0005714207 3.225723e-05 6.4691754e-05 0.00030648388 0.00058603525 3.5028658e-16 4.703118e-05 5.2172287e-05 0.23000586 0.20394847 0.0005145173 4.0913925e-05 3.1883126e-05 0.00029864392 9.5493844e-05 0.00027678531 8.65786e-05 0.6524379 4.0513383e-05 0.00028544263 4.2292657e-05 0.00021167131 4.86232e-05 8.403619e-05 0.00014797332 0.0006530583 0.00046703982 0.00013630603 5.6429828e-05 0.0009453216 0.00076705887 1.7542921e-05 0.00016334523 0.0001938275 1.2931195e-05 0.00057446613 2.2684544e-05 0.0009651194 0.001085355 0.00036254 0.0030462956 0.00031977726 8.82241e-05 0.00013070586 0.0004526459 5.0843305e-06 0.0070136795 2.89048e-05 0.0010399544 0.0006434135 1.4625697e-05 0.00026090947 0.0002138886 4.5915822e-05 3.909399e-05 7.5337134e-06 0.00012492503 0.0017743314 2.7176538e-06 0.00020074168 0.0002959863 4.9771775e-06 1.08057975e-07 4.4173507e-06 1.0496989e-05 9.810332e-05 6.960675e-07 1.479707e-05 3.619498e-05 1.385854e-06 6.9522325e-06 3.2645144e-06 0.0015670671 1.0275175e-05 6.3656335e-06 2.2763732e-07 6.752449e-06 0.00011741229 1.9175967e-07 0.00013165401 6.432331e-07 4.9734976e-09
0.570885 0.00025283292 0.00071273773 0.0003992467 0.002336517 0.00599388 0.024579324 1.6609289e-05 7.6176557e-06 1.05692625e-05 1.4862387e-06 0.00022929114 2.4346016e-05 0.007711958 0.13317889 0.116051845 0.0014038025 0.22653475 7.95356e-06 0.0008218843 0.86337715 0.773743 0.028575532 7.047476e-05 4.703118e-05 2.093364e-17 0.7030848 1.6510467e-06 1.7967335e-05 0.4160582 0.75178933 0.6861339 0.3805086 0.8483265 0.535515 0.7883497 1.119378e-05 2.7882892e-05 0.09348658 9.344823e-07 0.001045068 0.4777485 0.43616498 2.0255365e-07 0.2093935 0.000313382 0.13059027 0.11039904 0.09048957 0.07155532 0.00067836343 0.019655323 0.08909333 0.008011191 0.02687391 0.001447884 0.013393613 0.011935224 0.11711197 0.095978364 0.015594749 0.0037289788 0.0023797154 0.020509755 0.0011104393 6.754723e-06 7.5997627e-06 0.008616613 0.0035535214 0.00015890897 3.7212816e-05 0.0022612307 0.00034497053 8.2506485e-05 0.0011115022 0.00041560386 0.02332005 5.9219106e-05 4.2738335e-05 0.0012034427 2.6486268e-05 1.0453173e-05 1.6729375e-05 0.00015519025 0.0001316471 1.369239e-05 0.00011456782 1.6556618e-06 1.8718705e-05 1.8180308e-05 1.2138735e-05 9.009415e-05 1.7561862e-06 1.176581e-06 1.9135741e-05 6.597378e-07 7.348203e-05 6.3495904e-06 5.5494387e-05 2.6822192e-08 1.5546065e-07
0.43394175 0.000358492 0.00024055188 0.00038426148 0.0008338997 0.0020247973 0.0070150043 9.265321e-05 1.8805305e-05 2.6312902e-05 1.0351321e-05 0.00047414226 0.00014619375 0.004156673 0.09927704 0.09423986 0.0015853208 0.19391288 2.8182336e-05 0.0005121159 0.47378543 0.7239289 0.0026360487 1.6984819e-05 5.2172287e-05 0.7030848 3.4574882e-17 7.153312e-05 0.00015100742 0.22003151 0.92959803 0.16791701 0.120911725 0.41402322 0.84774107 0.40974122 9.766738e-05 3.082e-06 0.021858875 2.6912026e-06 0.0053126337 0.14476706 0.092145845 4.1770758e-07 0.02561358 4.387803e-05 0.019895146 0.030424621 0.057721082 0.020976853 0.0063426257 0.007522259 0.1425239 0.008766344 0.007376731 0.0005018497 0.014709164 0.01313341 0.19342573 0.013373524 0.0023263237 0.0027666853 0.046927497 0.24825752 0.0010150644 9.519247e-06 1.3239136e-05 0.049016617 0.0007425845 0.00017640874 1.8893677e-05 0.010609011 0.00091890077 8.2725914e-05 0.0010698099 0.0004432112 0.006810338 0.00023685905 8.8388064e-05 0.0020294348 5.173381e-05 1.3076688e-05 8.2222095e-06 0.00015926582 0.0004276047 1.53968e-06 6.875114e-05 1.1303458e-05 4.222173e-05 5.2985774e-06 2.7242857e-05 3.654777e-05 1.6350226e-05 3.4065924e-06 5.2775045e-05 3.0101346e-06 0.00012286738 1.4264117e-05 6.456226e-05 1.554187e-07 1.1579664e-06
0.91952866 0.0056597576 0.0013185343 0.056518473 0.0004227036 0.0008342139 0.00022602497 0.008467716 0.03387544 0.104772866 0.60626787 0.00024805433 0.06130343 0.003776066 9.786303e-06 1.5071629e-05 0.0004386659 5.1553375e-06 0.8519362 0.024986062 2.9250637e-08 3.8468097e-06 0.0068087433 0.045207877 0.23000586 1.6510467e-06 7.153312e-05 4.319069e-14 0.9123951 0.00022926164 3.1272548e-06 2.217119e-07 3.768549e-05 7.8362535e-07 1.6892009e-06 0.00013210528 0.59984136 0.0952337 0.0009688312 0.23383036 6.645854e-06 5.147028e-05 8.034148e-06 0.22714262 2.0115207e-05 0.13365851 4.7760905e-06 2.2748736e-05 0.00020354854 3.0374853e-05 1.2247576e-05 8.391826e-06 1.8527922e-05 2.017683e-06 6.912945e-05 3.5100948e-07 0.00010541957 8.322587e-05 2.8367502e-05 0.012039207 0.014960853 4.0090064e-05 4.843407e-06 4.5925735e-06 1.3356434e-08 0.56802446 0.058329508 7.7350676e-05 0.015617983 0.047706246 0.11607246 0.00013751429 5.181992e-07 0.068538174 9.743492e-08 4.4187098e-05 0.0037582861 7.810149e-07 1.2669902e-05 8.5600095e-06 2.6791001e-08 7.133061e-08 0.044555407 1.4086578e-05 4.1300933e-05 0.01717676 1.2456117e-05 3.7475168e-06 7.421328e-08 0.015369068 4.9365937e-08 0.022613479 7.005023e-06 1.1174182e-06 3.6718554e-08 5.2218052e-08 0.036605358 2.0618704e-06 4.1771284e-05 1.0463635e-07 4.8875264e-09
0.102320366 0.0039942516 0.0021450564 0.026326993 0.0007048353 0.00038472627 0.00018345879 0.006750782 0.011519642 0.029139325 0.4779355 0.00026115717 0.06940368 0.00028244287 5.5700322e-05 1.7158894e-05 0.0011123616 4.7274956e-05 0.5559547 0.0031591975 2.5220837e-07 8.651558e-06 0.00064717577 0.0027125506 0.20394847 1.7967335e-05 0.00015100742 0.9123951 1.7365391e-17 4.7451063e-05 0.000107561034 3.6386297e-07 7.5899197e-06 3.6280235e-05 8.225688e-07 9.3536866e-05 0.86913526 0.0024557943 7.6863e-05 0.006966998 2.702957e-06 8.7430315e-05 4.9541086e-05 0.018362971 3.2304397e-05 0.002154031 5.89807e-05 0.00021936026 5.8774684e-05 1.8341569e-05 1.2061748e-06 0.00012582332 0.00019119079 2.0401892e-07 3.7323458e-05 1.5110085e-05 3.8991257e-05 9.878241e-06 3.2826138e-05 0.0010571784 0.0020026278 0.00011410864 5.711809e-07 1.0695517e-06 1.9252923e-06 0.037689805 0.0039084763 4.7850466e-05 0.00084709434 0.0031467355 0.008321425 8.542369e-06 1.4591523e-05 0.0018995595 1.3394243e-06 6.3165653e-06 0.0011593616 6.9288575e-07 1.5227467e-06 4.9269926e-07 1.446901e-07 3.6947034e-07 0.0026164479 1.1149715e-05 1.525606e-06 0.0023581316 7.037411e-06 3.5367447e-07 3.856566e-06 0.0009912319 9.755906e-06 0.0007729881 9.312476e-07 4.3528016e-07 2.555412e-07 1.3088041e-07 0.00073120504 1.0480972e-07 3.3704495e-07 2.6981755e-09 3.0522014e-09
0.9876437 0.0069121076 0.008552062 0.002797981 0.025812557 0.053849395 0.13107301 0.00031505263 0.00031329776 0.0003523062 0.0003573754 0.0018010311 0.00041371814 0.10764799 0.09152884 0.021490786 0.0012906882 0.13587464 0.00024239809 0.036855157 0.6442911 0.15490653 0.4313238 0.0026833683 0.0005145173 0.4160582 0.22003151 0.00022926164 4.7451063e-05 4.9021734e-17 0.14623316 0.4619674 0.818315 0.3561867 0.25847706 0.1981974 1.8440382e-05 0.0004518446 0.7143605 2.71227e-05 0.00024808085 0.1484799 0.11094913 9.3578354e-05 0.33087865 0.004247473 0.06924652 0.08641654 0.20665751 0.116201 0.0001329252 0.041473094 0.038385425 0.021352053 0.021410916 0.006935648 0.020622572 0.008202376 0.04881124 0.5230789 0.5133119 0.002843454 0.0021520671 0.02031629 0.0013471743 0.00014392736 0.0010283297 0.004899337 0.15055692 0.0018993086 0.0015002666 0.00020310331 0.000112048416 0.0031713778 0.000978859 0.00089516776 0.115919 1.0541177e-05 7.14759e-05 0.0007396895 1.6242371e-05 3.6701924e-06 0.0017820271 7.592399e-05 0.00013058688 0.003830422 7.4969066e-05 1.1979668e-06 2.340172e-06 0.0025160275 2.2272948e-06 0.0038150942 2.6959806e-06 1.2674565e-05 8.107692e-06 3.2664764e-06 0.00017005397 6.431923e-06 4.9120776e-05 1.0492868e-08 2.400042e-06
