1.2374552e-18 0.98255825 0.9527429 0.9985067 0.9294171 0.94198346 0.9544271 0.9904851 0.9241244 0.99538654 0.9762467 0.96077144 0.9411024 0.9490074 0.8595162 0.9451118 0.9844744 0.91323555 0.9894165 0.88628274 0.93932885 0.938978 0.9889688 0.68299 0.9278458 0.6413126 0.97505236 0.9846499 0.9743586 0.9320603 0.30485067 0.915905 0.8577742 0.9242773 0.9268913 0.9666102 0.9821822 0.5072483 0.96127254 0.9396382 0.95440835 0.90662986 0.8346954 0.85505044 0.9389635 0.9818458 0.5302959 0.7452904 0.9835784 0.9490287 0.5015479 0.9548782 0.8893536 0.83948904 0.9830124 0.9703516 0.58600545 0.97308946 0.97945017 0.98475826 0.9608738 0.09347679 0.8603691 0.7880875 0.9864305 0.9856488 0.32263088 0.852148 0.2849232 0.018693972 0.9711551 0.8331412 0.9497942 0.92731076 0.11869254 0.018552722 0.7708891 0.766046 0.0033638224 0.73959404 0.9640461 0.99900466 0.020569833 0.97876304 0.43558958 0.45361423 0.9869157 0.9992365 0.8349809 0.631783 0.17434566 0.6351569 0.96742123 0.9998541 0.14504257 0.022510214 1.0579862e-05 0.1435636 0.004314363 0.11842126 2.6247486e-05
0.98255825 4.575193e-15 0.9511654 0.88889927 0.6655027 0.14266749 0.5877048 0.8553211 0.69587314 0.26550838 0.010944461 2.811525e-05 0.00054645236 0.06345458 0.000113782095 0.90398264 0.038578022 0.00038037155 0.025678415 7.972477e-06 5.386159e-05 7.956189e-05 0.044863645 3.4238597e-05 0.14707157 7.586779e-06 0.066565394 1.3370251e-06 0.048625946 5.3857737e-05 2.1434685e-06 1.2571202e-06 0.5080437 0.5726237 0.0005032439 0.0012793982 0.00592718 1.81467e-07 0.0016983259 1.1143512e-06 0.0019701817 3.3210434e-08 0.015229807 0.006355795 0.008785685 0.0035129 2.2031973e-07 0.008543262 0.549155 6.59473e-05 0.010324295 0.04169202 0.0025388703 0.0011957953 0.03168135 0.35424882 1.6916955e-07 0.003590422 0.0002012151 0.005299482 0.0011012664 8.613059e-07 1.7683867e-07 0.00037247277 0.029539675 0.009748183 9.302068e-06 0.0016955642 0.027206462 5.2717827e-08 0.015622005 0.00020292964 0.0010900171 4.517071e-06 2.491429e-07 1.298019e-06 0.124721065 1.9772779e-05 5.660521e-07 0.008498897 0.016803617 0.001495109 1.3155653e-07 0.001173721 0.14579184 0.51604104 0.008398283 0.019428434 1.3009238e-08 8.859939e-05 0.037395965 5.272658e-06 3.4492758e-05 0.029930415 0.039186712 0.00032046353 5.5181665e-08 0.00054038037 0.00056387734 0.28094253 2.718286e-08
0.9527429 0.9511654 3.7696132e-16 0.9001325 0.9443636 0.5094378 0.7609397 0.6908631 0.80518377 0.08578183 0.052605867 0.0028374307 0.0061506736 0.2017903 0.0025882982 0.7754332 0.08934022 0.0054488494 0.012779708 0.00011822995 0.0008491694 0.0011461929 0.021546064 0.0004772776 0.118488386 6.091467e-05 0.05049162 6.523788e-05 0.015721042 0.0008410514 6.3133106e-05 6.960695e-05 0.32110977 0.2599603 0.0018402779 0.004719689 0.0049948385 2.6970209e-05 0.0024823868 1.2266452e-05 0.001104865 2.9767114e-06 0.0113474885 0.011534779 0.0023500135 0.005233435 4.1260873e-06 0.06327759 0.09215472 0.00016989608 0.030826947 0.00906227 0.0007154114 0.0014687822 0.02046757 0.19241145 1.804236e-06 0.0032583328 0.0005310048 0.0064853383 0.002803443 8.503987e-06 6.368812e-07 0.00011832278 0.027915796 0.015150415 2.9634766e-05 0.00052230264 0.022295073 8.9974793e-07 0.019911522 0.00010645187 0.0030238074 3.7393947e-06 2.761733e-06 1.1793884e-06 0.012719411 3.236411e-06 1.3431338e-06 0.00049550703 0.016968163 0.0012405 2.3007411e-07 0.00012998389 0.037044566 0.06764182 0.008947871 0.029822526 1.5685427e-07 1.4840342e-05 0.0016008972 8.30055e-07 2.024683e-05 0.02976976 0.0034838114 3.793494e-05 1.369086e-09 0.0003559677 3.0107793e-05 0.03986297 7.376007e-10
0.9985067 0.88889927 0.9001325 1.1168373e-14 0.9191953 0.66642535 0.71755534 0.2878964 0.38081276 0.12629078 0.22643168 0.08993825 0.069787234 0.07745008 0.013504648 0.41700777 0.46230373 0.031106742 0.010048224 0.0013380508 0.008343117 0.0037602743 0.030779641 0.0009886277 0.17499457 0.0003130863 0.10319562 0.00013686417 0.01969327 0.0057021524 6.7008434e-05 7.777816e-05 0.23220076 0.16741906 0.01033751 0.005773165 0.0043898216 1.6341013e-05 0.0023880387 2.904472e-06 0.0015097589 2.5639895e-06 0.008057206 0.036672693 0.004746139 0.010621499 7.7060207e-07 0.028431423 0.13503042 2.0400297e-05 0.009430623 0.011384445 0.0013510258 0.0013997733 0.053847905 0.37061924 1.112021e-06 0.003709223 0.00052946806 0.008202274 0.0009872408 4.2338903e-05 4.7877256e-07 0.00017314902 0.08436177 0.02225401 2.3594854e-05 0.0010953954 0.04294718 5.0262365e-08 0.009151307 5.7744335e-05 0.00095895265 1.3536134e-05 8.202977e-07 5.652427e-06 0.03612105 3.0636595e-05 3.6624846e-07 0.0025018125 0.050525423 0.0009979996 6.570169e-08 0.0004930582 0.033089533 0.12053812 0.0056159464 0.018359197 1.162191e-07 3.2540687e-05 0.015599585 6.4990763e-06 2.520029e-06 0.078635596 0.017664107 2.500498e-05 3.004201e-08 0.0012390588 0.000102565195 0.06273421 1.0348842e-09
0.9294171 0.6655027 0.9443636 0.9191953 6.990849e-17 0.9476817 0.8885919 0.083896406 0.7914844 0.017581686 0.19180758 0.029785728 0.03011172 0.55315244 0.015526495 0.3255723 0.15872203 0.020058287 0.003049099 0.0010534375 0.0050554657 0.0057401867 0.0016425236 0.0025329366 0.053258825 0.0004279833 0.022874521 0.00018816005 0.0025896044 0.0020383215 0.0002892216 0.0002421407 0.27845666 0.111955546 0.0074264975 0.0076675657 0.0011745194 2.1991018e-05 0.00040815733 1.9967065e-05 7.784888e-05 7.5583753e-06 0.00032943318 0.016013073 0.00018000546 0.009675039 5.7842194e-06 0.034816176 0.009438677 0.00071992504 0.018405035 0.0014973029 0.00019595934 0.00012634254 0.0090008015 0.2431796 2.025555e-06 0.0017238923 9.474732e-06 0.0013045132 0.0053118714 2.1524991e-05 1.1455753e-06 1.9801112e-06 0.051847275 0.022686629 0.00012303785 3.824684e-05 0.022633113 3.782685e-07 0.033051096 1.378543e-05 0.004912397 1.7680662e-07 1.7844545e-06 5.5774817e-06 0.0020310022 1.940794e-08 7.973031e-08 4.7947357e-05 0.012403925 0.00033702602 3.0188698e-07 5.0832246e-06 0.04046156 0.0067333346 0.013062324 0.03819626 1.2385134e-06 9.102063e-07 0.00011405348 1.4723864e-08 7.367154e-07 0.023133261 0.0011481841 5.2991427e-06 4.1407786e-10 0.001073854 8.696413e-07 0.011510372 2.8951214e-10
0.94198346 0.14266749 0.5094378 0.66642535 0.9476817 8.996747e-19 0.8567639 0.003311916 0.71157444 0.0012205146 0.8963166 0.27413273 0.113596946 0.9525983 0.11278005 0.07218785 0.13873017 0.054232202 0.0002561726 0.007848686 0.035899937 0.012956402 0.00014940307 0.01252682 0.0074174167 0.0011262028 0.0027255758 0.00065846625 0.00022626328 0.030892259 0.0003128842 0.0003828377 0.18603596 0.013043416 0.14334854 0.00672693 0.00010804064 1.9199246e-05 1.2668778e-05 4.8515132e-05 1.1469166e-06 2.1239418e-06 1.19226515e-05 0.0048444746 9.053241e-06 0.0062928554 3.1856214e-06 0.36754715 0.0008951158 0.000510834 0.110320665 7.95625e-05 5.0307544e-06 2.0455009e-06 0.0025999057 0.36409268 1.6269181e-06 0.00028350856 2.9739857e-07 0.0001902889 0.004374089 0.0004161016 3.4892489e-07 4.17513e-08 0.20476839 0.028749602 0.00026664985 9.0401494e-07 0.06713972 2.2303448e-08 0.028657954 3.8517337e-07 0.00315691 3.1056835e-08 5.5680054e-08 3.769595e-05 0.00015111302 3.7173262e-09 1.4709463e-08 4.392691e-06 0.005355859 5.725804e-05 1.9911197e-07 4.3910975e-07 0.05186989 0.0011916185 0.012984643 0.025504291 1.4654528e-07 2.2081193e-07 2.7573462e-06 5.7878496e-10 1.8448242e-07 0.009641636 2.2195924e-05 1.4414534e-06 1.1747101e-09 0.011530781 1.0655673e-07 0.0048626605 1.1886224e-10
0.9544271 0.5877048 0.7609397 0.71755534 0.8885919 0.8567639 5.364201e-17 0.03294587 0.9798741 0.0053838715 0.11635421 0.0048029185 0.014381739 0.6265462 0.0014534192 0.4133457 0.020018881 0.0048101675 0.0007165239 0.00029668774 0.0019520505 0.0011715587 0.0006921316 0.0003832119 0.0039814403 5.613119e-05 0.0015666742 3.628591e-05 0.00097653497 0.0004051174 2.3033535e-05 1.5997144e-05 0.5600645 0.1384852 0.01331899 0.000533082 0.0004192975 1.1021042e-06 2.4824449e-05 7.635388e-06 5.8681988e-05 2.2446942e-07 8.795358e-05 0.000733859 0.00017023637 0.0012274629 1.8602779e-07 0.04239287 0.04280211 0.00013981537 0.027645767 0.0015752595 0.00018751215 6.9750313e-06 0.0014682219 0.7210978 3.692907e-07 0.00025001846 2.4808188e-07 0.0003349173 0.000902718 2.9806106e-05 1.5174273e-07 4.1765102e-07 0.16047744 0.011647381 0.00023276873 7.0471657e-07 0.07819093 1.8543611e-08 0.007877026 3.4137292e-07 0.00085674087 8.3166105e-09 3.208513e-08 3.240937e-05 0.0071441084 3.0654566e-09 3.434847e-08 8.357862e-05 0.0024964178 9.931578e-05 2.6619514e-07 4.3080126e-06 0.22463858 0.059319854 0.0077427225 0.0122669395 1.8197096e-07 4.835264e-07 0.00056842976 2.0987336e-09 2.039308e-07 0.0047962014 0.0024306362 0.00013343056 5.413487e-09 0.025938433 9.8727505e-06 0.095544614 1.6275673e-09
0.9904851 0.8553211 0.6908631 0.2878964 0.083896406 0.003311916 0.03294587 3.581983e-16 0.10789751 0.604555 0.000507931 2.175468e-05 0.0005788897 0.0006943149 1.4574778e-05 0.9297457 0.0038442758 0.00017733357 0.0873994 3.1061634e-06 6.395929e-05 2.1075874e-05 0.8795748 2.1928454e-06 0.06777833 8.5294704e-07 0.05398382 1.0662703e-06 0.79827607 7.583721e-07 9.047527e-08 1.7410908e-06 0.12737718 0.83133465 1.1921571e-05 0.00013196173 0.010399986 9.792524e-09 0.0026029511 3.7003472e-06 0.07930167 1.4049789e-09 0.10260606 0.0010002208 0.21814592 0.00090891216 3.92301e-08 6.279493e-05 0.87035435 1.7071245e-05 0.00010990268 0.61323637 0.04479193 0.0011311348 0.015507715 0.034853257 1.8625786e-07 0.0029571038 0.00017557458 0.0020586818 1.783484e-05 1.9485376e-09 3.1594092e-07 0.0006605424 0.0005143348 0.0043631652 2.5451607e-07 0.00018462246 0.0003680564 2.9251237e-09 0.006238215 2.3973298e-05 0.00015185618 1.17034915e-05 1.9031928e-07 4.493491e-08 0.3369544 1.0895474e-05 3.362813e-08 0.018785555 0.010166528 0.00069099385 3.7988954e-09 0.0025830262 0.048873644 0.34948096 0.0027876094 0.0031311049 2.1230484e-08 4.0225677e-05 0.11789978 7.3297e-06 1.6690714e-05 0.014162666 0.082521915 0.0050086738 1.6409889e-10 1.5325186e-05 0.004440326 0.035092156 4.0433765e-10
0.9241244 0.69587314 0.80518377 0.38081276 0.7914844 0.71157444 0.9798741 0.10789751 5.62614e-17 0.0035646388 0.089105316 0.0036077516 0.006819833 0.75965494 0.001997353 0.80200696 0.0048131277 0.0037299213 0.0005415892 0.0003088102 0.0016628831 0.000498373 0.0016245507 0.00020499634 0.001340888 5.775139e-05 0.00043711805 3.2839227e-05 0.001667638 0.00040069083 3.8778035e-05 5.0487128e-05 0.88417864 0.34518743 0.007916285 0.00012788022 0.00017905797 1.9899305e-06 6.844889e-05 1.8765624e-05 9.326634e-05 3.4497688e-07 0.00010825722 0.00021428248 0.00015430096 0.00038150628 7.05122e-07 0.07354512 0.012655948 1.6468503e-05 0.055255916 0.0017955328 0.00015588847 3.0938502e-06 0.0009328708 0.74140006 6.9702736e-07 9.404375e-05 4.2497518e-07 5.258188e-05 0.00030094202 1.0748418e-05 1.5053415e-07 1.3066578e-07 0.045562632 0.0056714527 8.8305576e-05 3.8132657e-07 0.055677053 9.599787e-09 0.0055064107 1.6838962e-06 0.00025421107 8.406387e-08 8.274653e-08 7.058954e-06 0.0058412147 1.5255884e-08 9.245756e-08 2.548982e-05 0.0006150283 7.127537e-05 1.3899061e-07 1.1184605e-05 0.21985209 0.03081843 0.0038488666 0.004005021 1.8439185e-07 4.5741038e-07 7.298587e-05 2.6111042e-09 1.0578666e-06 0.0011982314 0.0014005483 2.9808209e-05 4.915064e-10 0.00574702 7.5375942e-06 0.047457892 1.6620567e-09
0.99538654 0.26550838 0.08578183 0.12629078 0.017581686 0.0012205146 0.0053838715 0.604555 0.0035646388 5.7513634e-12 0.00032803466 5.6120698e-05 0.00037367464 0.00016654487 5.4506523e-05 0.068613485 0.048445318 0.002006528 0.9208075 6.831484e-06 2.1562406e-05 0.00021465287 0.8559689 2.3661147e-05 0.34361926 4.159714e-06 0.14404266 8.811895e-06 0.6061709 2.9643288e-06 2.9770094e-06 1.3752241e-06 0.0034964592 0.0083545195 7.1925933e-06 0.0008652883 0.37605163 1.7026149e-06 0.64313126 3.0782164e-06 0.8212461 7.863631e-07 0.87276196 0.015479037 0.55328965 0.0041058334 4.1863518e-07 2.8486978e-05 0.15775993 1.640439e-05 1.5935157e-05 0.20380755 0.42738208 0.41746762 0.16799587 0.0016976286 9.905216e-07 0.07203148 0.15688513 0.0613351 0.0004072883 1.9288694e-07 4.9651715e-07 0.45752162 0.0012133273 0.010502571 6.2842882e-06 0.046924714 4.3256183e-05 8.963513e-07 0.021578819 0.003331868 0.00034862052 0.015594609 1.3344449e-05 2.6482806e-07 0.046805862 0.012470619 2.4408415e-05 0.1232456 0.08140981 0.023528047 1.9070137e-07 0.66375947 0.00042816068 0.008874877 0.0056642205 0.02163116 2.0714539e-07 0.08152812 0.11706045 0.010166198 0.0017708568 0.1033811 0.0036108084 0.05539323 1.4431699e-06 3.085248e-05 0.0069346195 0.000763327 7.661643e-07
0.9762467 0.010944461 0.052605867 0.22643168 0.19180758 0.8963166 0.11635421 0.000507931 0.089105316 0.00032803466 5.09866e-17 0.79813266 0.3358064 0.93117183 0.86195976 0.011260406 0.08037181 0.1410486 6.987032e-05 0.40925813 0.27044284 0.046525683 2.5814892e-05 0.47398034 0.0010882955 0.10216403 0.0005857235 0.018996993 0.00014378522 0.71643054 0.026832175 0.022282824 0.04657715 0.0047181435 0.80840874 0.006770178 0.00016105223 0.0011350221 3.0034248e-06 6.8932546e-05 2.7985988e-07 1.5142904e-05 2.2747447e-06 0.0015956251 8.437422e-06 0.0022178777 2.0309797e-05 0.72102433 0.00074734533 0.0036197845 0.32738775 4.3357944e-05 3.7434982e-06 9.310486e-07 0.0010721462 0.46572953 9.695091e-06 0.00013743695 4.1976978e-07 7.724224e-05 0.00659125 0.02588157 5.5591613e-06 6.1629386e-08 0.8284016 0.034397066 0.003585862 5.2945285e-07 0.3639227 1.9774173e-07 0.023737606 5.1966754e-07 0.0049992893 6.976441e-08 2.1192469e-07 0.003259147 5.756586e-05 1.3189545e-09 4.98722e-07 1.8855984e-05 0.0017258424 1.769512e-05 3.9531056e-05 3.0448894e-07 0.08146915 0.00015593544 0.017070277 0.018135717 4.4730393e-07 1.6888633e-07 3.5835626e-06 9.356732e-10 9.2594837e-07 0.005704303 1.8309185e-05 1.373617e-06 1.7777018e-07 0.285439 1.6013949e-07 0.0015115807 4.067939e-09
0.96077144 2.811525e-05 0.0028374307 0.08993825 0.029785728 0.27413273 0.0048029185 2.175468e-05 0.0036077516 5.6120698e-05 0.79813266 1.0578787e-17 0.9114557 0.1654827 0.9471296 0.0001678522 0.14658406 0.74664366 7.268555e-06 0.9215986 0.92678076 0.34102604 8.033262e-07 0.5913106 0.0024467066 0.43304318 0.00033887537 0.23529068 2.926233e-06 0.5635144 0.2069923 0.21584265 0.002970596 0.00036272107 0.16134243 0.01935741 3.4367687e-05 0.011414281 2.4479364e-06 0.00030740479 8.265169e-09 0.00021237395 1.2170693e-05 0.0064696255 1.7476161e-07 0.006563513 8.394904e-05 0.190889 2.3891342e-05 0.0010821784 0.10055061 7.005824e-06 3.4936406e-07 1.698656e-06 0.0015761686 0.023045946 1.6949043e-05 5.217388e-05 4.745369e-07 0.00012597076 0.010040067 0.014015619 2.7914962e-06 6.735321e-08 0.35285094 0.045915417 0.0033921 9.582016e-07 0.058672927 1.1396769e-06 0.01667662 1.1065194e-07 0.0053234594 3.075144e-08 3.4025456e-07 0.0025073718 7.18463e-07 1.8079038e-09 5.3623467e-07 7.735569e-07 0.0026995968 1.9120856e-05 2.3588733e-05 4.6940904e-08 0.0018651125 8.2983455e-08 0.010491964 0.014436092 1.6149832e-07 4.3167046e-07 2.565294e-07 8.3420576e-10 2.0097603e-07 0.0074500204 2.3166662e-07 4.8247057e-07 4.3978048e-08 0.022769954 5.6729294e-07 1.8855355e-05 2.803475e-10
0.9411024 0.00054645236 0.0061506736 0.069787234 0.03011172 0.113596946 0.014381739 0.0005788897 0.006819833 0.00037367464 0.3358064 0.9114557 9.934716e-16 0.08082682 0.5762582 0.0023281635 0.76948845 0.9698278 0.00012240821 0.6311195 0.94518495 0.72973645 4.8076065e-05 0.25303757 0.021321129 0.25625628 0.0060267556 0.12677126 3.9282757e-05 0.2975285 0.088171646 0.055141225 0.005955516 0.0024600264 0.0968699 0.115825266 0.0001818321 0.00908109 2.961211e-05 0.00037106892 2.1915387e-06 0.00056631916 0.00023011725 0.058363914 9.756744e-06 0.04039398 0.00015957428 0.11551898 0.00032222873 0.0027182102 0.05418819 8.198638e-05 8.642792e-06 1.3455334e-05 0.008624518 0.03247859 0.0001057201 0.00031177382 4.8937463e-06 0.001015079 0.015918396 0.0060872566 1.4437586e-05 2.2179375e-07 0.29719275 0.07160332 0.004060854 8.948293e-05 0.035129495 1.7991509e-07 0.043987207 1.3137118e-06 0.016797224 2.5177131e-08 2.3455105e-07 0.0027038055 3.2278436e-05 8.956527e-08 5.6619035e-07 2.0160242e-05 0.007890811 0.00020647887 2.9952686e-05 3.1699955e-08 0.0005480337 3.3635977e-05 0.025504593 0.041479807 1.0033518e-06 1.3901389e-06 2.4030699e-06 1.6896841e-08 2.59769e-07 0.036154374 1.8688551e-06 8.895646e-06 9.023345e-07 0.016728818 1.3417231e-06 0.0012065339 1.0102249e-09
0.9490074 0.06345458 0.2017903 0.07745008 0.55315244 0.9525983 0.6265462 0.0006943149 0.75965494 0.00016654487 0.93117183 0.1654827 0.08082682 1.7090606e-19 0.22986078 0.029209374 0.0120716235 0.027075518 6.0748112e-05 0.028873451 0.049663804 0.004784906 2.5337762e-05 0.07438313 5.0232393e-05 0.0062230276 2.1408667e-05 0.003299624 6.616527e-05 0.3235844 0.0061028665 0.0040976265 0.19129509 0.0136756925 0.816325 0.0003952401 1.4962929e-05 0.0002189644 4.4710287e-06 8.171201e-05 4.264351e-07 7.086643e-06 8.481152e-07 0.00016009896 1.7350407e-06 0.0005469649 1.356864e-05 0.9306059 0.00020301424 0.00018997522 0.8438651 3.637648e-05 1.1683536e-06 7.6923754e-08 0.00020895463 0.5878641 1.13052265e-05 1.1957359e-05 2.1106532e-08 5.2498435e-06 0.0030542617 0.009252365 1.9531026e-06 1.9936162e-09 0.5315002 0.05265612 0.0009402631 2.5455602e-08 0.33277568 2.7074252e-08 0.018303242 5.7947705e-08 0.001324839 1.4720345e-09 1.214706e-07 0.00090495567 1.3585095e-05 1.4185746e-09 2.0522626e-07 4.3941932e-07 0.0003889045 1.1492801e-05 4.0829436e-06 3.0881887e-07 0.103834115 9.6463446e-05 0.013611306 0.011983834 4.9164758e-08 2.8237578e-08 1.7217823e-07 2.4131536e-10 1.0602233e-07 0.001261431 1.3811189e-06 6.766337e-07 1.9577737e-08 0.10648985 5.961488e-08 0.00020126789 4.803094e-10
0.8595162 0.000113782095 0.0025882982 0.013504648 0.015526495 0.11278005 0.0014534192 1.4574778e-05 0.001997353 5.4506523e-05 0.86195976 0.9471296 0.5762582 0.22986078 1.106509e-18 6.0608367e-05 0.02822649 0.4017198 2.0517109e-05 0.8899817 0.7495035 0.1263482 6.1591396e-07 0.9584033 0.00042473353 0.6446812 6.951182e-05 0.16505809 3.4905854e-06 0.7499239 0.5258203 0.15314391 0.0015367367 0.00034571515 0.25339863 0.00729163 1.0412479e-05 0.014173583 5.073524e-06 0.0005968058 7.3386133e-09 0.00019609208 1.0459419e-06 0.0015059246 1.1845187e-07 0.002941948 0.00017187565 0.24523394 2.3979326e-06 0.00059538777 0.09432497 1.1879199e-06 1.7170827e-07 4.6883665e-07 0.00053302816 0.00796978 5.6387547e-05 1.7707343e-05 7.437142e-08 1.413555e-05 0.004886891 0.016146177 6.2133668e-06 8.53572e-09 0.17532265 0.023117436 0.0040920596 2.0494412e-08 0.03540639 6.8941796e-07 0.010865175 3.670161e-08 0.001919109 4.563041e-09 2.0203238e-07 0.0045538866 2.1002616e-07 5.554253e-10 8.148539e-07 3.1704536e-07 0.0008427833 1.5459052e-06 1.0223761e-05 3.1993261e-09 0.0006655968 4.0948347e-09 0.0036099283 0.007093685 2.8835777e-07 1.0352721e-07 6.147954e-09 1.3847402e-10 1.8666428e-08 0.0023501143 1.37004275e-08 2.1242528e-07 5.3263808e-08 0.027592635 1.5854513e-07 2.390896e-07 8.415122e-10
0.9451118 0.90398264 0.7754332 0.41700777 0.3255723 0.07218785 0.4133457 0.9297457 0.80200696 0.068613485 0.011260406 0.0001678522 0.0023281635 0.029209374 6.0608367e-05 2.0570821e-19 0.0019940862 0.00079397304 0.005570503 3.4290686e-05 0.0004295742 4.6936148e-05 0.029631456 3.6625406e-05 0.0037959483 6.0380503e-06 0.0019310636 9.860302e-06 0.04460298 1.51400445e-05 8.2584495e-07 1.5058225e-05 0.881836 0.9708789 7.2762086e-05 0.0002541592 0.0006347693 3.234524e-07 0.00017991812 8.636391e-06 0.00027032642 7.4116386e-08 0.00062078855 0.00022376975 0.0010755487 0.0012170856 2.664095e-07 0.00045767945 0.28390768 0.0001379263 0.0019081983 0.015155098 0.0007164635 5.845577e-05 0.0016090915 0.3997146 5.3898225e-07 0.00066445395 4.507462e-06 0.00044616094 0.00016740986 4.3060282e-08 8.2510134e-08 3.0435904e-06 0.0073361266 0.0077413893 3.510994e-06 2.8086963e-06 0.006989095 3.4465724e-09 0.005199088 1.5561469e-06 0.00038613225 6.700533e-08 1.5056825e-08 3.9243625e-07 0.042824943 1.1944502e-07 3.4128569e-09 0.00017799623 0.002029553 0.00023692592 1.1653823e-08 3.2265973e-05 0.23613952 0.26623124 0.0032905785 0.004290645 2.1622552e-07 3.9368583e-06 0.0043360596 2.0365627e-08 1.7755493e-06 0.0028118629 0.015039921 0.00013893332 1.14679294e-10 0.0014220286 0.0002234552 0.17268091 1.7169206e-09
0.9844744 0.038578022 0.08934022 0.46230373 0.15872203 0.13873017 0.020018881 0.0038442758 0.0048131277 0.048445318 0.08037181 0.14658406 0.76948845 0.0120716235 0.02822649 0.0019940862 2.3166743e-17 0.81912416 0.0034829543 0.013956765 0.09364446 0.74065405 0.0003195733 0.0055067996 0.7321154 0.0033531662 0.43572232 0.045538694 0.00019875597 0.002517829 0.0008339144 0.03685172 0.00091156334 0.000965775 0.00067726965 0.9000886 0.0074007977 0.00079243095 0.0011378389 0.00031059058 8.182644e-06 0.00054241624 0.00033684127 0.8505711 3.460729e-05 0.35725233 0.00021833343 0.0032536548 0.00048663098 0.0047746245 0.00093785225 0.00028786773 2.1908603e-05 0.0001472423 0.3207301 0.0051931194 2.5785812e-05 0.015364217 0.0006092649 0.035289396 0.19788083 1.49444895e-05 3.282615e-06 2.010576e-06 0.0050452813 0.3004361 3.9738912e-05 0.003080303 0.00039377224 4.898941e-09 0.26981667 0.00026011397 0.09455057 3.186715e-06 4.563725e-07 2.3262382e-06 0.00037979265 2.235897e-06 3.031912e-08 3.2676464e-05 0.21610968 0.0030277907 3.2882422e-08 1.6488892e-06 0.00051898806 0.00154984 0.046131853 0.18760334 2.614355e-06 2.77851e-07 0.00010084688 3.4703678e-08 5.816702e-06 0.21068615 0.00018646289 9.3725265e-07 2.9125935e-08 3.2862972e-05 6.2452415e-07 0.0003841966 1.8701947e-09
0.91323555 0.00038037155 0.0054488494 0.031106742 0.020058287 0.054232202 0.0048101675 0.00017733357 0.0037299213 0.002006528 0.1410486 0.74664366 0.9698278 0.027075518 0.4017198 0.00079397304 0.81912416 9.292724e-17 0.00050427095 0.4246293 0.7540474 0.949248 3.0601786e-05 0.14721797 0.054348707 0.18211207 0.0135256965 0.2732537 3.493808e-05 0.0966855 0.08761346 0.18392879 0.0015217656 0.0007445616 0.016222555 0.44641718 0.0004261898 0.019973451 0.00019822783 0.003303396 2.081097e-07 0.008302914 9.098357e-05 0.3388885 5.054303e-06 0.11797752 0.0017065931 0.019052643 8.210241e-05 0.045333453 0.009302482 2.3487786e-05 2.0048951e-06 4.517396e-05 0.019162877 0.0046854955 0.000410636 0.001445624 3.6551376e-06 0.0014432423 0.2817609 0.001301725 8.632375e-05 3.9962355e-08 0.042844154 0.12843634 0.0041785487 0.00027821228 0.00685325 3.7186971e-06 0.12219839 5.391835e-06 0.17538168 3.3644746e-08 9.956173e-06 0.00025586766 3.5086865e-05 6.095194e-08 1.4201657e-06 8.45258e-06 0.036035594 0.00035275807 1.1448398e-05 1.807253e-08 0.00020974744 1.0793166e-06 0.041093476 0.07056039 1.09426655e-05 5.058525e-07 8.30468e-06 2.3203144e-09 4.570633e-07 0.096671194 1.6523036e-06 1.185633e-05 1.6084631e-07 0.0026636277 4.425911e-06 0.00033357405 2.8264395e-09
0.9894165 0.025678415 0.012779708 0.010048224 0.003049099 0.0002561726 0.0007165239 0.0873994 0.0005415892 0.9208075 6.987032e-05 7.268555e-06 0.00012240821 6.0748112e-05 2.0517109e-05 0.005570503 0.0034829543 0.00050427095 2.0782555e-12 1.3687799e-06 9.791503e-06 3.7713966e-05 0.20295808 6.30548e-06 0.31856287 1.7515781e-06 0.11109098 5.620586e-07 0.08957016 1.2983385e-06 4.332934e-07 1.8560799e-07 0.00050483807 0.001073267 2.2119416e-06 0.00039997 0.86107755 3.695637e-07 0.9392868 1.6441666e-07 0.37331605 1.5800566e-07 0.7163499 0.007271235 0.07744062 0.0022667982 5.227256e-08 1.3386326e-06 0.010455193 1.1576926e-06 2.9458556e-06 0.012323927 0.06739858 0.63127154 0.18558101 0.00017958245 3.8170043e-08 0.23161821 0.6846097 0.14225504 0.00011116202 4.2574932e-08 2.1017552e-08 0.41533348 0.00035020002 0.0026512477 5.133072e-07 0.6488334 1.310904e-05 3.9575735e-08 0.005160343 0.1278382 1.5192373e-05 0.14060053 1.1830551e-06 1.7772271e-07 0.005944077 0.42881057 4.3631422e-07 0.019446108 0.07770757 0.047169693 1.7506679e-08 0.2908576 0.000116816984 0.00029293465 0.0010328109 0.005208212 1.5656978e-08 0.21649978 0.01631694 0.106165975 0.016561989 0.077722445 0.00033136216 0.0133596985 9.571964e-08 9.778746e-06 0.0013084136 2.2802516e-05 1.6810402e-08
0.88628274 7.972477e-06 0.00011822995 0.0013380508 0.0010534375 0.007848686 0.00029668774 3.1061634e-06 0.0003088102 6.831484e-06 0.40925813 0.9215986 0.6311195 0.028873451 0.8899817 3.4290686e-05 0.013956765 0.4246293 1.3687799e-06 4.2359464e-16 0.9057651 0.123452894 3.0995602e-07 0.688282 0.00012379621 0.93116975 8.773815e-06 0.5663032 1.5828385e-06 0.6641428 0.6433859 0.5828897 0.0008498317 0.00018329055 0.16990796 0.007085133 4.8160614e-06 0.14866662 1.0957478e-06 0.006072095 2.6867095e-08 0.012334963 5.03323e-06 0.0012479036 1.3510662e-07 0.0019289266 0.008994568 0.14404188 6.4448727e-06 0.0035562282 0.06615988 1.3468318e-06 2.964808e-07 7.686893e-07 0.000251184 0.0076675657 0.0005868776 8.18739e-06 3.2120778e-07 2.5020674e-05 0.010816868 0.07901337 3.3296714e-05 2.9310733e-08 0.25916058 0.027146049 0.042568814 1.4618404e-07 0.0307515 7.760856e-05 0.00893809 4.842118e-08 0.0057237656 9.920342e-09 6.9897214e-06 0.008572476 2.2685056e-06 8.635524e-10 9.315905e-05 2.1853714e-06 0.0008377561 4.5489314e-06 0.000429256 2.1660703e-08 0.0005826299 6.370856e-08 0.005829531 0.009020601 3.0768754e-06 1.1314901e-07 3.964834e-08 5.8086186e-10 7.487642e-08 0.0022644647 4.9473897e-07 3.6189126e-06 4.326713e-06 0.04816449 2.094454e-06 2.3934065e-06 1.2323169e-07
0.93932885 5.386159e-05 0.0008491694 0.008343117 0.0050554657 0.035899937 0.0019520505 6.395929e-05 0.0016628831 2.1562406e-05 0.27044284 0.92678076 0.94518495 0.049663804 0.7495035 0.0004295742 0.09364446 0.7540474 9.791503e-06 0.9057651 1.3851031e-16 0.5861698 3.39271e-06 0.5460284 0.0026301302 0.7783964 0.0004013371 0.7081607 5.6529493e-06 0.5528722 0.54771805 0.58520705 0.0015198308 0.00064232433 0.120239645 0.048885275 8.380741e-06 0.23376295 2.6509529e-06 0.011909562 6.556011e-08 0.077288784 5.0735216e-05 0.008553938 2.8849723e-07 0.012203429 0.01693901 0.17820005 3.5509158e-05 0.03795571 0.0828762 1.3812882e-05 5.6475477e-07 2.3765322e-06 0.00111454 0.009503547 0.0024514864 4.5871962e-05 1.1992217e-06 0.00029849724 0.06257331 0.057878576 4.4662145e-05 3.424759e-08 0.28876042 0.13221778 0.046808314 1.1406299e-05 0.032526 9.850796e-05 0.05975559 3.473601e-07 0.040007196 4.4132977e-09 1.0055383e-05 0.018099682 5.009044e-06 9.33807e-09 5.2395124e-05 6.443318e-06 0.0033294032 6.332812e-05 0.000366121 2.7445642e-08 0.00054326135 8.146352e-08 0.025336996 0.04146726 1.5851846e-06 2.85868e-07 1.3560948e-06 1.2816535e-09 2.8285605e-08 0.018340647 6.225701e-07 8.751837e-06 3.096582e-05 0.039122358 6.059743e-07 3.761359e-06 4.8014133e-08
0.938978 7.956189e-05 0.0011461929 0.0037602743 0.0057401867 0.012956402 0.0011715587 2.1075874e-05 0.000498373 0.00021465287 0.046525683 0.34102604 0.72973645 0.004784906 0.1263482 4.6936148e-05 0.74065405 0.949248 3.7713966e-05 0.123452894 0.5861698 9.505554e-16 2.1264207e-06 0.027595922 0.034829434 0.068867676 0.008450055 0.3253889 2.468993e-06 0.020540193 0.021374118 0.21060976 0.00015434761 8.123989e-05 0.0026203585 0.9653608 0.00019587713 0.008744676 4.1261366e-05 0.0034966646 4.3771934e-08 0.02997689 2.7110982e-05 0.21127045 3.115418e-07 0.13772607 0.0009183444 0.0027360606 9.86701e-06 0.08907658 0.00069287984 1.283814e-05 1.3086075e-06 4.684905e-06 0.018696945 0.00040958685 0.00018122618 0.0006970045 8.639636e-06 0.001425918 0.5740484 0.000166566 7.330823e-05 1.2708443e-07 0.006283473 0.27297938 0.0016190052 5.6054105e-05 0.00026930048 2.2065396e-06 0.2640845 1.7725107e-06 0.25242138 3.9076035e-08 3.3894275e-06 1.46412585e-05 2.4801222e-06 4.7513353e-08 7.831849e-08 7.358201e-07 0.030812567 0.00022108939 1.5907135e-06 9.700101e-08 1.731402e-05 9.34149e-09 0.06448335 0.0758683 7.1053e-06 2.7583994e-07 6.44095e-07 2.8044014e-09 2.038571e-07 0.0592082 8.579402e-08 2.6096035e-07 1.6033492e-09 7.049983e-05 5.432001e-09 7.375977e-07 4.8747045e-10
0.9889688 0.044863645 0.021546064 0.030779641 0.0016425236 0.00014940307 0.0006921316 0.8795748 0.0016245507 0.8559689 2.5814892e-05 8.033262e-07 4.8076065e-05 2.5337762e-05 6.1591396e-07 0.029631456 0.0003195733 3.0601786e-05 0.20295808 3.0995602e-07 3.39271e-06 2.1264207e-06 2.5815096e-14 7.6968036e-07 0.035856534 1.7625929e-07 0.020054562 2.4147388e-07 0.9655946 4.9853433e-08 5.1749865e-08 1.4235415e-07 0.005417899 0.09388407 6.650447e-07 2.9232475e-05 0.016612262 7.8228766e-08 0.010175281 1.0129799e-06 0.86581385 1.8568976e-09 0.71747303 0.00034969827 0.76704955 0.000322348 3.5824964e-08 3.1529999e-06 0.57373434 1.7354421e-05 1.4046039e-05 0.6669629 0.544625 0.010988786 0.011303561 0.0012842837 1.0507112e-07 0.0041574673 0.0006791525 0.00257841 7.4945754e-05 5.4278043e-10 2.847413e-07 0.048151366 5.524257e-05 0.0024713618 7.6799614e-07 0.00034357433 4.1334993e-06 6.7487726e-08 0.0035482976 0.00021940148 0.00015531314 0.00031049136 1.5876082e-06 3.4567902e-09 0.21751219 0.0004466543 3.2564654e-07 0.24420422 0.011339109 0.0010384598 4.6550364e-09 0.30615667 0.004926173 0.017873075 0.0032769118 0.0034400003 2.387455e-07 0.0009755149 0.22892918 0.00027123437 0.00014678019 0.014689764 0.020109043 0.098204635 4.7829357e-10 8.1654434e-07 0.014254809 0.0013066005 4.8219873e-09
0.68299 3.4238597e-05 0.0004772776 0.0009886277 0.0025329366 0.01252682 0.0003832119 2.1928454e-06 0.00020499634 2.3661147e-05 0.47398034 0.5913106 0.25303757 0.07438313 0.9584033 3.6625406e-05 0.0055067996 0.14721797 6.30548e-06 0.688282 0.5460284 0.027595922 7.6968036e-07 2.6362752e-17 7.512784e-06 0.785349 1.0594542e-05 0.14341797 5.878774e-07 0.9408765 0.9767791 0.14772911 0.00022952349 3.9480987e-05 0.23830682 0.0017239318 6.435865e-07 0.07592697 6.9970537e-07 0.0007270801 3.236911e-08 0.0018292456 7.125294e-07 0.00021777632 6.223596e-08 0.0005823532 0.0005072448 0.1313 1.1989656e-06 0.000348461 0.06874205 1.2533391e-07 5.0457352e-08 1.8987568e-07 4.5111927e-05 0.0011877308 0.00015117227 1.735256e-06 1.6699985e-08 1.7065545e-07 0.0013593307 0.049004674 1.3732699e-06 9.692681e-09 0.042361032 0.006884641 0.010674543 1.8611668e-09 0.0058047324 7.2263174e-06 0.0017032599 2.374502e-08 0.0004261967 1.6888747e-09 1.5982945e-07 0.0077377805 1.0398912e-07 1.5764435e-08 6.0683375e-05 6.585811e-07 9.029809e-05 1.4516834e-07 0.00011721282 4.511687e-09 3.8663668e-05 2.843402e-09 0.000851202 0.0012191151 1.3705923e-07 3.610498e-08 1.2039521e-08 1.9789309e-10 3.9470853e-09 0.00044019238 2.693006e-07 3.4405875e-06 8.283569e-06 0.0051684617 1.5484667e-06 1.33123335e-08 7.868714e-08
0.9278458 0.14707157 0.118488386 0.17499457 0.053258825 0.0074174167 0.0039814403 0.06777833 0.001340888 0.34361926 0.0010882955 0.0024467066 0.021321129 5.0232393e-05 0.00042473353 0.0037959483 0.7321154 0.054348707 0.31856287 0.00012379621 0.0026301302 0.034829434 0.035856534 7.512784e-06 1.2961558e-16 2.2131982e-05 0.9892953 0.0006717435 0.008271436 5.354242e-07 5.542616e-07 0.00028223527 0.00012133719 0.000604357 7.3645754e-07 0.19620371 0.7168102 7.5573016e-06 0.054010235 2.9420502e-05 0.0048928414 9.6690295e-05 0.023112252 0.7370474 0.0010560004 0.16727039 7.2521725e-06 0.00013689615 0.0010173656 0.00015564988 3.851128e-05 0.0007762355 0.00071147556 0.010839092 0.85616773 0.0005497768 8.127786e-07 0.73759353 0.058491834 0.7483673 0.0077286456 4.716354e-09 3.2288515e-08 0.0034692448 0.00063410256 0.038729765 1.1553961e-06 0.15656507 2.2183563e-05 1.926787e-10 0.07588125 0.05754823 0.010953923 0.0081740925 1.842803e-08 9.239352e-09 0.0026715372 0.006167787 7.842619e-10 0.0005447103 0.3651998 0.052341677 5.3899524e-10 0.00084644306 5.9833023e-06 0.0003414863 0.016084317 0.0530469 1.0538544e-07 0.000684999 0.0025331795 0.003215014 0.0048931497 0.29310402 0.000108461 0.00033211324 1.1197276e-10 5.2096317e-07 2.684383e-05 7.2792095e-06 3.3988495e-10
0.6413126 7.586779e-06 6.091467e-05 0.0003130863 0.0004279833 0.0011262028 5.613119e-05 8.5294704e-07 5.775139e-05 4.159714e-06 0.10216403 0.43304318 0.25625628 0.0062230276 0.6446812 6.0380503e-06 0.0033531662 0.18211207 1.7515781e-06 0.93116975 0.7783964 0.068867676 1.7625929e-07 0.785349 2.2131982e-05 3.350422e-17 6.477185e-06 0.491279 4.1273367e-07 0.6126997 0.9855252 0.5762656 0.00023619135 1.8987768e-05 0.13283792 0.0072446456 1.5355038e-06 0.6147853 1.6595054e-07 0.06341715 7.654464e-09 0.040877696 3.8893822e-06 0.0005351759 4.0700986e-08 0.0015485915 0.08462919 0.12635396 5.4484167e-07 0.0072857216 0.069293246 3.603726e-07 1.626925e-07 5.8292347e-08 5.34716e-05 0.0017627336 0.010676116 9.574397e-07 3.5027334e-08 8.70628e-07 0.005972975 0.17102276 0.000112874026 1.8069429e-08 0.10769669 0.011199292 0.1457142 4.719659e-08 0.011802441 0.0012249405 0.0032282178 5.430295e-08 0.0035995531 6.235653e-09 0.000441333 0.0141710155 2.5445954e-07 3.5784857e-09 0.0012825028 2.1884027e-07 0.00026103266 1.7353352e-06 0.0048446204 2.1079487e-09 0.00023512474 5.888043e-09 0.0023021514 0.0032680205 1.2885707e-05 7.0649136e-08 2.9393519e-09 3.267476e-10 4.319716e-08 0.00055062794 4.6447974e-07 2.2104962e-07 2.7851369e-05 0.035283938 1.6438358e-07 8.6802726e-07 3.9835804e-06
0.97505236 0.066565394 0.05049162 0.10319562 0.022874521 0.0027255758 0.0015666742 0.05398382 0.00043711805 0.14404266 0.0005857235 0.00033887537 0.0060267556 2.1408667e-05 6.951182e-05 0.0019310636 0.43572232 0.0135256965 0.11109098 8.773815e-06 0.0004013371 0.008450055 0.020054562 1.0594542e-05 0.9892953 6.477185e-06 3.9179837e-16 0.00015123238 0.004209892 7.5379853e-07 3.661147e-07 0.00011101921 0.00017591564 0.0003881122 1.2118084e-06 0.08885892 0.24564025 8.463333e-06 0.033631466 9.143855e-06 0.0022220693 8.740419e-06 0.011791883 0.5990165 0.00052327913 0.08715466 2.174117e-06 1.96879e-05 0.0015326058 0.00013637688 1.1170831e-05 0.00087190396 0.00034423187 0.008054559 0.88677514 0.001035741 1.0472399e-07 0.4022188 0.013632885 0.509665 0.008928892 3.885634e-08 5.630181e-08 0.0017893304 0.0012473699 0.058223717 3.4295507e-08 0.07718824 0.00025410223 2.730189e-09 0.091847785 0.010572217 0.015291451 0.0017945451 3.25064e-08 5.6583648e-08 0.0027804994 0.0020423979 9.211322e-09 0.00059355993 0.58528095 0.056611348 5.855751e-10 0.00033713906 2.6651775e-05 0.00094904046 0.04132314 0.12608956 9.6203394e-08 0.00066147954 0.0034881448 0.0011863367 0.0005891366 0.44329345 0.00067079917 0.0009677009 2.7126963e-09 1.4619177e-06 0.0001211754 4.3532436e-06 1.12756735e-10
0.9846499 1.3370251e-06 6.523788e-05 0.00013686417 0.00018816005 0.00065846625 3.628591e-05 1.0662703e-06 3.2839227e-05 8.811895e-06 0.018996993 0.23529068 0.12677126 0.003299624 0.16505809 9.860302e-06 0.045538694 0.2732537 5.620586e-07 0.5663032 0.7081607 0.3253889 2.4147388e-07 0.14341797 0.0006717435 0.491279 0.00015123238 2.0987383e-12 1.643248e-07 0.35432816 0.30758622 0.9901738 0.00021016151 1.22264055e-05 0.1202982 0.13342352 3.2706969e-06 0.82491225 6.538749e-07 0.16382538 1.9228827e-08 0.45670077 2.4527395e-07 0.025457941 2.6796878e-08 0.034740347 0.1840057 0.04525737 6.2326844e-06 0.23272651 0.03841749 6.845313e-07 2.3222604e-07 2.9273957e-07 0.0010490273 0.00087788 0.18690374 1.7194656e-05 5.950457e-08 3.1905667e-05 0.19313236 0.14267756 0.002115722 1.9072446e-09 0.13590834 0.32304305 0.21945183 1.5199299e-07 0.0049764235 0.0054691453 0.17041841 9.952787e-09 0.165963 3.9327475e-09 0.00031975773 0.021839414 8.0307956e-07 3.762241e-10 0.0015171972 1.22291685e-05 0.0040035206 5.418092e-06 0.015497721 9.5921e-09 0.0004761921 6.551202e-07 0.09277405 0.09326771 6.345919e-05 3.8565727e-08 1.6177256e-07 1.5928203e-10 3.2034295e-09 0.010686165 3.4172197e-06 1.6301448e-07 5.152769e-05 0.027972067 5.0477084e-08 1.7142866e-05 4.109604e-05
0.9743586 0.048625946 0.015721042 0.01969327 0.0025896044 0.00022626328 0.00097653497 0.79827607 0.001667638 0.6061709 0.00014378522 2.926233e-06 3.9282757e-05 6.616527e-05 3.4905854e-06 0.04460298 0.00019875597 3.493808e-05 0.08957016 1.5828385e-06 5.6529493e-06 2.468993e-06 0.9655946 5.878774e-07 0.008271436 4.1273367e-07 0.004209892 1.643248e-07 2.5678982e-13 2.7411076e-07 3.0266673e-07 2.0085876e-07 0.012002653 0.11599859 7.877138e-06 1.8078385e-05 0.0027299395 1.424151e-07 0.009064365 2.8015345e-06 0.8968877 2.4219757e-09 0.54980636 0.00027413995 0.90441746 0.00021976187 1.02324215e-07 7.701544e-06 0.77193606 2.7573776e-06 1.7121267e-05 0.88971883 0.7124218 0.004290735 0.00320667 0.0038752044 3.905199e-07 0.0010818627 0.00024452066 0.0011012139 4.4554713e-06 9.041157e-09 5.9115905e-07 0.036560472 0.00011715838 0.0014161504 4.0832293e-07 0.0002738794 0.00016866125 4.5558426e-08 0.0010477481 0.00015646098 1.8766348e-06 0.00019261443 8.181293e-06 2.5899104e-07 0.45708257 0.00036708036 6.0579293e-07 0.5657478 0.0022141496 0.00025745353 1.2086435e-08 0.52167517 0.012101997 0.120022565 0.00044774314 0.0009172862 1.7828999e-06 0.0004448116 0.6241505 0.0002660098 8.271699e-05 0.004527472 0.09036442 0.33100122 6.9574617e-09 3.959335e-05 0.097762085 0.009951751 1.7628174e-08
0.9320603 5.3857737e-05 0.0008410514 0.0057021524 0.0020383215 0.030892259 0.0004051174 7.583721e-07 0.00040069083 2.9643288e-06 0.71643054 0.5635144 0.2975285 0.3235844 0.7499239 1.51400445e-05 0.002517829 0.0966855 1.2983385e-06 0.6641428 0.5528722 0.020540193 4.9853433e-08 0.9408765 5.354242e-07 0.6126997 7.5379853e-07 0.35432816 2.7411076e-07 9.489893e-18 0.7581215 0.37775025 0.00033136914 3.0635194e-05 0.9742873 0.00059980946 1.92318e-06 0.37222755 9.655984e-08 0.0014939781 1.801657e-08 0.0060250857 5.955308e-07 5.354794e-05 4.1119378e-08 0.00043050782 0.011048761 0.76914227 1.6586233e-06 0.004709364 0.5860501 2.4799424e-06 2.011793e-07 4.027287e-08 1.933684e-05 0.0102327755 0.0032118626 4.5107623e-07 1.7440822e-08 7.0524703e-07 0.005260483 0.54246145 1.38828755e-05 2.164831e-08 0.29131925 0.0723656 0.122445874 1.7324284e-08 0.07588728 0.00086930353 0.013700646 3.9543082e-07 0.0032913315 6.0803167e-09 1.0338269e-05 0.0990402 8.1554504e-07 1.6344588e-08 0.013058114 2.1604703e-07 0.0002815962 2.337611e-06 0.006940538 8.616776e-08 0.0016918709 1.0340304e-08 0.008623371 0.0052049346 2.8844522e-07 1.627535e-07 3.625099e-08 4.3920664e-10 3.961886e-08 0.0007300821 2.0013141e-07 1.2047389e-06 0.00024102008 0.09784547 1.3504865e-07 1.1912637e-07 3.473717e-07
0.30485067 2.1434685e-06 6.3133106e-05 6.7008434e-05 0.0002892216 0.0003128842 2.3033535e-05 9.047527e-08 3.8778035e-05 2.9770094e-06 0.026832175 0.2069923 0.088171646 0.0061028665 0.5258203 8.2584495e-07 0.0008339144 0.08761346 4.332934e-07 0.6433859 0.54771805 0.021374118 5.1749865e-08 0.9767791 5.542616e-07 0.9855252 3.661147e-07 0.30758622 3.0266673e-07 0.7581215 4.3132953e-19 0.3855813 1.9119581e-05 6.2377208e-06 0.066191986 0.0017793922 9.12677e-08 0.7868623 1.2323379e-07 0.084637694 2.7884213e-09 0.046834607 1.6254253e-07 0.00027437558 2.1660373e-08 0.00046974767 0.099757485 0.08416495 3.7726116e-07 0.002128533 0.07470254 9.5837656e-08 1.550843e-08 3.720563e-08 7.5687185e-06 6.1705105e-05 0.059127115 1.3944802e-07 7.73669e-09 2.4305384e-08 0.0017290763 0.20760572 0.00014012077 1.23597e-09 0.012919491 0.009981111 0.14421438 2.4463922e-09 0.002477462 0.042105738 0.0017993159 4.896568e-09 0.0003922064 3.181932e-10 0.0033132993 0.012046926 4.57397e-08 1.0897768e-09 0.092897475 1.1074991e-07 2.4846995e-05 3.4016807e-08 0.008350955 8.9202556e-10 1.0406155e-05 2.0260339e-10 0.0010419363 0.0014664427 2.3785979e-06 6.3428813e-09 2.5502387e-09 1.9909277e-11 9.821517e-09 0.0001033648 1.654048e-07 3.0267134e-07 0.00030362414 0.003588611 1.0414871e-07 9.674083e-09 7.880624e-06
