5.4273984e-22 0.99592745 0.99616224 0.96542925 0.99389035 0.9977834 0.98335665 0.84829944 0.99171674 0.80201423 0.85933316 0.5386535 0.5344826 0.91679513 0.99944735 0.9819101 0.90622026 0.9662428 0.96899736 0.998373 0.9710094 0.49485636 0.9554478 0.98633176 0.080245346 0.5344084 0.9997422 0.8748246 0.075851224 0.9315938 0.9496257 0.94604397 0.018564293 0.978733 0.8181875 0.81090677 0.98644865 0.17524827 0.021216234 0.71644384 0.9962886 0.13772859 0.0076242783 0.30910364 0.64827126 0.934842 0.0154394945 0.98733234 0.9083086 0.8290398 0.81114024 0.9636815 0.95932007 0.017919688 0.9992898 0.99902433 0.0063597998 0.24591394 0.2229564 0.37277955 0.8800255 0.9222934 0.88337183 0.83604413 0.010488924 0.000711153 0.004089822 0.66244435 0.8870181 0.027608862 0.8884573 0.97073406 0.0069438946 0.18042389 0.8980817 0.037451483 0.87669706 0.00837213 0.0039276807 0.00044494355 0.0012925247 0.010086402 0.44474703 0.6928807 0.90866 0.0050158943 0.79323655 0.90906507 0.97996145 0.52579886 0.8735414 3.1374606e-05 0.0014408557 0.9868202 0.001140711 0.0009542025 0.00956773 0.2959437 0.7973325 5.8832054e-05 0.743417
0.99592745 1.9949767e-14 0.3785353 0.95802623 0.25136375 0.19269179 0.3212551 0.89350295 0.8159956 0.7347001 0.14689669 0.7248735 0.6824974 0.06749266 0.00801034 0.0073212828 0.0031426463 0.0006786983 0.0015520491 0.004199202 0.00016243647 0.4846704 0.00011610616 0.0003235834 0.14535175 0.08790281 0.16850793 1.0180076e-05 0.09126493 1.3224166e-06 0.02168837 0.059374753 0.043276723 0.00014969174 0.00016433462 1.40481025e-05 0.00020075183 0.0028070975 0.006786045 3.608097e-05 0.00014157398 0.05625594 0.012580928 0.05121092 0.011403896 0.001195601 0.053039156 0.0016811045 0.0060424064 0.0025782383 0.00012909797 0.00081206695 0.00014430475 0.027493143 0.00023701429 0.002859801 0.007947995 0.0020184414 0.0009755464 0.00016983451 4.414378e-06 0.0032031718 3.2751511e-06 0.00025953067 0.00031550034 0.0017408576 0.0102639375 0.0033779398 3.156803e-06 5.289033e-05 0.000906596 1.76705e-05 0.0002787006 9.154142e-06 0.00013313071 0.00023007707 4.585324e-05 5.6588024e-06 0.0006954829 0.0018703529 0.0016089504 0.0026271043 8.827598e-06 1.2378374e-05 0.00017237976 0.00045787432 0.00021116683 0.00046144903 2.499756e-07 5.557293e-05 1.5564845e-05 1.8973378e-05 2.9711711e-05 0.001889176 0.0019259773 1.582751e-06 4.0677123e-06 2.341029e-06 4.7544177e-06 8.73088e-06 2.308822e-06
0.99616224 0.3785353 1.7774658e-13 0.6429419 0.6196547 0.03615363 0.32719576 0.8180062 0.5879201 0.94145584 0.71179587 0.80858827 0.5445545 0.01531727 0.00040813943 0.00068209093 0.032811508 6.2366824e-05 0.00022123764 0.0055918065 2.24872e-05 0.27311236 4.8354045e-06 1.5614623e-05 0.40048018 0.018396858 0.12358978 1.7240284e-07 0.5272754 3.4375667e-08 0.003917089 0.64608985 0.27483776 1.0955321e-05 0.0011251464 0.00024419464 1.3368982e-05 0.00087335287 0.0030856277 0.00041132423 1.2904733e-05 0.6351036 0.015146819 0.63070357 0.28538007 0.00011127423 0.14443283 0.0021112827 0.00097167963 0.03805923 1.3267068e-05 0.00017636835 6.6241882e-06 0.36355656 9.901788e-05 0.0018842343 0.12568244 0.05415963 0.021945063 0.0014722784 2.901948e-07 0.0018130719 1.5482813e-07 1.8995883e-05 0.00010481348 0.006593903 0.10406055 0.00033752233 2.6152813e-07 0.00091082207 0.001116581 4.2710504e-05 2.9825895e-05 0.0001290314 2.563174e-05 0.0056105983 1.2024651e-06 6.6985565e-05 0.027844846 0.0024093275 0.0012656878 0.0011481682 3.019418e-06 8.8443545e-07 2.0608453e-05 4.8852016e-05 0.0003949641 0.00040794528 1.2837663e-07 1.3190075e-05 6.179901e-06 0.00029831997 0.000428445 0.0011320154 0.013363961 9.284467e-06 2.133521e-05 1.4923369e-05 2.7388578e-05 0.000126414 4.2303924e-08
0.96542925 0.95802623 0.6429419 1.1819109e-13 0.3778311 0.16544177 0.19416626 0.9579141 0.8005892 0.81047666 0.054744598 0.6676807 0.7783259 0.1003776 0.01364081 0.029228063 0.0012394884 0.001233348 0.004457435 0.0021156145 0.00030564005 0.3722922 0.00024887704 0.00058261014 0.09787293 0.11942571 0.11183898 3.7778616e-05 0.05839687 4.1862504e-06 0.034942444 0.021934213 0.021068892 0.0003415402 8.562022e-05 2.15246e-05 0.00026340058 0.0033668438 0.0057784584 3.4734257e-05 0.0003100026 0.021301119 0.0077652237 0.024428042 0.0053105974 0.0013986791 0.019174606 0.000952963 0.008637289 0.00091432675 0.00016299404 0.0008079617 0.00015782502 0.016118608 0.00016822785 0.002880619 0.0059017246 0.00065974606 0.00021473723 2.5278146e-05 9.011086e-06 0.0017963867 1.4247584e-05 0.00028969834 0.000582451 0.00054002006 0.004368137 0.005780013 1.3760414e-06 5.213837e-05 0.0009133006 9.8141545e-06 0.00090319844 1.9775616e-06 0.0001151768 2.1158563e-05 7.722546e-05 7.054138e-07 0.00022392835 0.0006485415 0.000470258 0.002016513 8.343283e-06 1.661244e-05 0.00020848963 0.0009897881 0.000289167 0.0004465442 1.2674572e-06 7.856495e-05 1.575822e-05 6.478037e-06 1.9534315e-05 0.0013104004 0.0010298975 1.757882e-06 8.8666076e-07 7.262973e-07 3.2583434e-06 4.181331e-06 3.115953e-05
0.99389035 0.25136375 0.6196547 0.3778311 1.4095794e-13 0.009489427 0.72297215 0.48391074 0.7512806 0.71690655 0.97747713 0.4246378 0.09485444 0.0040374007 0.0004921369 0.0003224747 0.24677686 0.000116693496 0.00024339251 0.015747976 2.9617278e-05 0.029963994 5.8591313e-06 5.8971305e-05 0.04825101 0.003912627 0.18483868 3.3790104e-07 0.17474218 3.3055162e-08 0.001987144 0.7557641 0.07514892 3.339297e-05 0.024911113 0.0016613734 1.9085403e-05 0.000200761 0.00022759165 0.0036732638 5.5608234e-05 0.2969932 0.000895916 0.3638258 0.20171802 4.6661666e-05 0.010484678 0.010583909 0.0005419744 0.15065636 8.530126e-06 0.00035436457 3.6072957e-05 0.19635515 8.487204e-05 0.007776823 0.061089057 0.13519265 0.070258155 0.005744502 7.877453e-08 0.0056399833 1.3275168e-07 6.7763244e-06 9.41455e-05 0.00031932927 0.048568964 0.00027734708 2.0841179e-07 0.0030583714 0.0045140013 0.0012068906 3.7847078e-06 0.00015937841 6.4539386e-06 0.011625242 2.6700786e-06 0.00014077467 0.013923065 0.00013520323 2.480949e-05 6.164176e-05 5.7873393e-07 6.02001e-07 3.0771465e-05 3.3581873e-05 0.0018566882 0.002482225 7.480961e-08 5.9055074e-06 5.3064355e-06 0.00012789363 0.0013407331 0.0035903635 0.0024559947 3.9215272e-05 3.1855197e-05 2.2413571e-05 9.514795e-05 0.000108756816 7.384503e-08
0.9977834 0.19269179 0.03615363 0.16544177 0.009489427 4.3723404e-14 0.01596549 0.053193383 0.6887509 0.006015767 0.00013122743 0.014514316 0.11431786 0.98506385 0.040641833 0.6175572 2.1211517e-05 0.013152112 0.13802134 0.00042591934 0.026178952 0.29212502 0.0015280143 0.002176889 0.00019115013 0.5361035 0.16339462 4.0325118e-05 0.0001226633 0.00016684324 0.8115702 8.5195774e-05 0.00019965514 0.0005624568 7.375256e-06 2.4210858e-06 0.04718915 0.2169278 0.011467484 1.8196203e-06 0.00020423686 4.5768396e-05 0.000517749 3.82012e-05 4.4118146e-06 0.12907667 0.000512962 0.0001452655 0.46043742 6.4950423e-06 0.01904255 0.0007717414 0.00014725298 5.3032763e-05 0.00022290289 0.00346642 6.329492e-05 1.1594238e-06 2.5816541e-07 5.6673923e-07 3.7315025e-05 0.0012250532 7.846316e-06 0.09627087 0.027664218 7.2508033e-06 9.874271e-05 0.34705043 1.3799872e-05 3.0488807e-06 9.0328496e-05 7.1735286e-08 0.023002926 1.414306e-07 0.09078066 4.824959e-07 6.437148e-05 5.5967297e-07 1.6968743e-07 1.2073319e-05 2.849589e-05 0.0017871235 0.0001391841 1.678959e-06 0.00014049248 0.029876478 5.0670155e-06 6.337791e-05 1.8153772e-06 7.222828e-05 1.11221125e-05 2.1961279e-07 2.0195544e-06 0.001587089 1.368594e-05 1.421813e-07 2.585451e-07 2.750385e-07 5.987492e-08 5.926422e-08 1.4925338e-06
0.98335665 0.3212551 0.32719576 0.19416626 0.72297215 0.01596549 2.79865e-14 0.0783687 0.9242661 0.13502875 0.4208745 0.0127601735 0.004070755 0.011225896 0.012715112 0.009621304 0.9677706 0.0016088199 0.002585926 0.42394042 0.00020405209 0.0028271154 0.00027854653 0.0014428638 0.0014838553 0.0028334071 0.58341897 6.305915e-05 0.004076083 3.0023107e-06 0.0029873578 0.46893346 0.0012503427 0.00087379356 0.6140566 0.51349646 0.00012049769 0.00016669455 0.00012747062 0.25756884 0.00078360224 0.009547796 0.00013220093 0.031318914 0.021134058 0.0003984827 0.0006104744 0.22510801 0.0009493265 0.2073613 2.8525581e-05 0.00040143533 0.00065798924 0.011068245 3.2598087e-05 0.0057321996 0.0019297417 0.05582083 0.04895473 0.02788672 2.429652e-05 0.023615636 1.491028e-05 1.4028342e-05 0.00017655027 5.080368e-05 0.00047251696 0.0005705231 2.7140616e-06 0.0047511817 0.03216643 0.26636273 7.2172134e-06 0.008117143 1.8229543e-05 0.0074983723 0.00010314383 0.0010256174 0.000796118 2.1461185e-05 3.8391936e-06 5.1590164e-06 2.239352e-06 1.5323332e-05 2.0548772e-05 8.899753e-06 0.042175844 0.013264572 5.8124374e-06 2.1103476e-06 4.371716e-06 9.958247e-07 0.0004229173 0.0032653676 1.19787255e-05 0.0004201569 0.0007445598 0.00033944836 0.011253224 7.834427e-06 6.0282523e-06
0.84829944 0.89350295 0.8180062 0.9579141 0.48391074 0.053193383 0.0783687 8.0527083e-14 0.35726392 0.91681015 0.049199596 0.8604079 0.9052703 0.027792238 0.0021008938 0.0020013365 0.00083689246 0.00011732386 0.00059775996 0.001622934 8.26789e-05 0.38118258 2.44123e-05 5.1477346e-05 0.2847909 0.08181174 0.03181651 3.453678e-06 0.14389679 9.332124e-07 0.012890866 0.038823817 0.054279637 2.2088041e-05 6.452655e-05 2.996557e-05 1.9778945e-05 0.0012089348 0.005917547 3.0700212e-05 3.751971e-05 0.04810269 0.01810519 0.06346335 0.011825421 0.00012489954 0.05741699 0.00052493083 0.0017493855 0.00066378544 1.9920353e-05 0.00022458301 2.259339e-05 0.041612055 4.9307997e-05 0.0012275097 0.016669042 0.0006556975 0.00021974425 1.5516753e-05 7.705227e-07 0.00029423885 7.793475e-07 3.608025e-05 0.00050186354 0.0017863514 0.011433107 0.0010227277 2.665238e-07 6.6660104e-05 0.00043867558 6.9898942e-06 0.0004603172 8.006414e-06 3.3677414e-05 5.1251674e-05 6.2731265e-06 5.4572314e-07 0.0013230152 0.0016409187 0.0014463936 0.0026792565 2.7602664e-06 2.4393137e-06 5.4661075e-05 0.00039867367 7.9661506e-05 7.386973e-05 3.6610595e-07 1.5885813e-05 2.899045e-06 2.8977198e-05 2.880494e-05 0.0007073986 0.0027426493 3.376965e-07 9.707798e-07 2.1705434e-06 6.009012e-06 1.1337358e-05 4.5656907e-06
0.99171674 0.8159956 0.5879201 0.8005892 0.7512806 0.6887509 0.9242661 0.35726392 1.6262756e-10 0.3703444 0.14939247 0.03683263 0.043942902 0.24383295 0.6367098 0.6509858 0.23612611 0.24019197 0.33115223 0.34984928 0.11974267 0.023476172 0.10263556 0.14178053 0.008796131 0.031047238 0.94140905 0.028709337 0.008871082 0.009312321 0.13662471 0.30571395 0.0040834188 0.039478578 0.25781855 0.09203384 0.10337035 0.0030886205 0.0010020109 0.07138262 0.08168484 0.016997606 0.00032917975 0.036973294 0.013100273 0.05160681 0.0012081955 0.3058681 0.05049239 0.06614695 0.049380932 0.022381606 0.011125312 0.01143447 0.0010526913 0.008404449 0.001744291 0.01596638 0.01649321 0.009649658 0.008341563 0.04313771 0.0041363155 0.007293432 0.00076134154 0.0001358934 0.00076163054 0.026075577 0.0009419083 0.002737709 0.028670156 0.013975538 0.00040193927 0.0032228774 0.0008662197 0.0017847476 0.0037633076 0.00082930387 0.0007337925 0.00015599746 8.1567814e-05 9.240957e-05 0.0009805665 0.0013551996 0.0014141004 0.00024080962 0.007999667 0.0070054103 0.0001504124 0.00024382347 0.00018416403 9.652026e-06 0.00010369338 0.006702148 5.8035894e-05 9.5703086e-05 5.687127e-05 8.9735804e-05 0.00044708475 4.3615484e-05 0.00032270385
0.80201423 0.7347001 0.94145584 0.81047666 0.71690655 0.006015767 0.13502875 0.91681015 0.3703444 2.5264775e-16 0.43534914 0.94201577 0.740976 0.006780989 8.107966e-05 5.723053e-05 0.008548971 7.138764e-06 4.2023406e-05 0.0010054569 1.722225e-06 0.27205873 6.459373e-07 1.0088219e-06 0.559348 0.036678527 0.022068668 7.904515e-08 0.7110475 1.7015534e-08 0.003162563 0.40809953 0.23255989 4.395409e-07 0.00034115653 0.00010276415 4.573092e-07 0.0006407975 0.0065428573 0.00012682287 1.2305205e-06 0.45771796 0.03090238 0.53633094 0.08471301 6.167837e-06 0.106979616 0.00014646168 0.0003273977 0.0054225177 4.8952654e-07 1.4690715e-05 2.6349485e-07 0.3248362 6.5817962e-06 0.0009424833 0.103777304 0.009595349 0.0019511031 5.201247e-05 2.2175513e-08 5.7167414e-05 2.113179e-08 4.3126042e-06 0.00048523856 0.00344117 0.05279446 5.20552e-05 9.132495e-09 0.00017374482 9.066569e-05 1.44964015e-05 5.468459e-05 8.134032e-06 3.2854211e-06 0.0006365379 1.0229904e-07 2.949693e-06 0.009792685 0.0011007225 0.0006599632 0.0016963608 9.661235e-08 4.9914803e-08 4.3948134e-07 0.0003646891 6.2023755e-05 4.8425783e-05 6.947215e-08 1.2273614e-07 2.4140343e-07 0.00012209412 0.00015194294 0.00021154054 0.007869934 3.5726569e-06 5.313786e-07 2.859382e-06 1.0000051e-05 6.619891e-05 2.872523e-08
0.85933316 0.14689669 0.71179587 0.054744598 0.97747713 0.00013122743 0.4208745 0.049199596 0.14939247 0.43534914 3.0598745e-15 0.070769854 0.004724476 6.3832544e-05 3.1722425e-06 7.5805656e-06 0.26050004 1.9974025e-06 4.108822e-06 0.005509591 5.772278e-08 0.0012286059 1.9332283e-07 2.499002e-06 0.0684379 8.58589e-05 0.015014497 2.0269713e-08 0.58682704 5.0686513e-09 4.354965e-05 0.95193464 0.1257659 8.696505e-07 0.009207459 0.0007717694 1.883588e-08 1.3851088e-06 8.855816e-05 0.0018652264 9.4964645e-07 0.75810313 0.00029458053 0.8214554 0.5466513 1.7581961e-07 0.0053585875 0.0029905846 3.5798637e-06 0.30967724 1.3113197e-08 8.584829e-06 6.16921e-07 0.55060226 2.5859679e-06 0.0019586966 0.20274337 0.27138394 0.12724505 0.023345832 2.739423e-08 0.00043195975 1.2040715e-08 4.2620982e-07 1.2743171e-06 0.0002706032 0.075075634 2.778662e-06 1.9169322e-08 0.0073810546 0.0010136797 0.00034000125 2.6234263e-06 0.0007040989 8.6889855e-07 0.026862554 5.4975338e-08 0.00046437685 0.034497745 6.659085e-05 8.372017e-06 1.1754286e-05 1.2435594e-07 3.5370803e-08 1.0922986e-06 2.1074554e-06 0.0003655215 0.0004960974 4.290896e-07 5.899118e-08 1.7282854e-07 0.0002627688 0.0042249765 0.0003710919 0.0037833585 0.00037273782 4.5677392e-05 4.4884484e-05 0.00014601038 0.00037493685 2.55397e-07
0.5386535 0.7248735 0.80858827 0.6676807 0.4246378 0.014514316 0.0127601735 0.8604079 0.03683263 0.94201577 0.070769854 1.6843978e-15 0.692285 0.007143652 0.00015076253 0.0002602328 0.00040984884 1.3641661e-05 6.2336505e-05 0.00017639023 4.397428e-06 0.52831244 5.638518e-07 9.452507e-07 0.97277015 0.06792923 0.004337309 1.0227309e-07 0.8219896 1.4653787e-07 0.005381051 0.14270054 0.5454643 3.318778e-07 1.9773212e-05 3.4949408e-05 9.078025e-07 0.0013415018 0.038579796 6.3632056e-06 5.555496e-07 0.56351084 0.22126448 0.43985325 0.0897884 1.22660085e-05 0.44602886 5.1376363e-05 0.0004231777 0.0007895373 5.908107e-07 2.2723464e-06 3.0854392e-07 0.3615283 1.3931995e-06 9.7423916e-05 0.14568454 0.0023136437 0.000112071284 1.9028173e-05 8.381827e-08 4.685696e-06 2.05429e-08 3.5143742e-06 0.0003733754 0.030337922 0.086217046 9.3720446e-05 1.7028064e-08 3.1111573e-05 1.06336865e-05 2.5802805e-07 9.118023e-05 2.234714e-06 4.3549257e-06 3.4173452e-05 4.0943213e-08 8.823899e-07 0.006365061 0.011750325 0.0068761697 0.0046056225 2.562196e-07 3.0086163e-08 6.480398e-08 5.874201e-05 3.7508883e-06 7.024791e-08 8.425891e-08 5.9417243e-08 1.3999754e-07 8.404484e-05 1.240642e-05 5.6836194e-05 0.017006256 3.1984005e-08 3.1918418e-07 1.0587416e-06 1.3607248e-06 2.652469e-05 3.1777926e-08
0.5344826 0.6824974 0.5445545 0.7783259 0.09485444 0.11431786 0.004070755 0.9052703 0.043942902 0.740976 0.004724476 0.692285 5.205756e-15 0.19126606 0.00090961717 0.015224908 4.952969e-05 9.507049e-05 0.0016160241 8.4106025e-05 0.00014159344 0.9896478 2.3446115e-05 2.4444407e-05 0.7456181 0.6879604 0.004483467 3.3336062e-06 0.090693206 4.1955104e-06 0.023849795 0.00079197047 0.019804522 1.0082001e-05 3.1681063e-06 6.472489e-07 5.0120136e-05 0.03310688 0.119851485 4.9335375e-07 1.1110144e-05 0.008229472 0.39431512 0.005354902 0.00044935284 0.000362295 0.33192024 2.2937807e-05 0.0053096786 2.4312701e-05 5.0105602e-05 5.620549e-05 1.2513316e-05 0.0046540434 1.8520547e-06 8.611902e-05 0.0012639175 6.504328e-06 4.3999466e-07 3.9468446e-07 2.7591454e-06 1.36918015e-05 6.38477e-07 0.00016803559 0.015947783 0.006736145 0.00087814755 0.005736564 1.6078504e-06 2.5316638e-06 2.3720875e-06 5.5404826e-08 0.0067401263 4.5405404e-08 0.00015081213 1.6345649e-06 3.0006072e-06 1.1995506e-07 7.703696e-06 0.006259633 0.008574598 0.024510393 3.5221083e-06 1.212898e-07 3.4243676e-06 0.005868096 8.0309195e-07 9.7002506e-08 2.2469892e-06 8.5208205e-07 2.0098726e-06 1.0706885e-06 2.457209e-07 2.3858574e-05 0.00035618606 3.8481205e-09 3.049142e-08 7.1535504e-07 5.7127703e-08 7.8177345e-07 8.990571e-06
0.91679513 0.06749266 0.01531727 0.1003776 0.0040374007 0.98506385 0.011225896 0.027792238 0.24383295 0.006780989 6.3832544e-05 0.007143652 0.19126606 4.10639e-15 0.02175385 0.82963425 3.9904568e-05 0.0066562984 0.26582834 0.00020160964 0.05322557 0.4505883 0.0036321073 0.0015324472 0.0014002525 0.89887834 0.02875658 8.6027736e-05 0.00026480775 0.00025921132 0.88936347 2.1844535e-05 0.00037784883 0.0004534915 3.525741e-06 1.0861854e-06 0.023655877 0.48226267 0.044956233 1.5151562e-06 0.00017287463 8.905615e-05 0.0057284185 2.4658104e-05 3.360904e-05 0.15838717 0.0022905108 6.1668456e-05 0.48123264 1.7323772e-06 0.013874597 0.0003577048 0.00028219784 2.1612143e-05 4.496602e-05 0.0006580494 7.183775e-05 1.2739247e-06 9.3440256e-08 2.3337385e-07 3.5906218e-05 0.00021776199 1.1563679e-05 0.0799265 0.24519704 4.6864043e-05 1.5249799e-05 0.48981884 1.1384803e-05 1.2948915e-05 2.9375195e-05 6.222634e-08 0.07943038 9.8491554e-08 0.028075328 2.3726757e-06 0.00019104753 1.3644627e-07 1.1183148e-06 2.0519476e-05 2.0327296e-05 0.002493301 0.00024551537 6.6465e-06 0.00011456365 0.09418983 2.1930732e-06 2.3125605e-05 5.3108197e-06 0.00011382399 1.3765094e-05 1.09435625e-07 2.3231341e-06 0.00041258457 4.6764685e-06 5.4876136e-08 4.023755e-08 6.9402695e-06 1.10862565e-07 1.8756961e-07 3.3276121e-06
0.99944735 0.00801034 0.00040813943 0.01364081 0.0004921369 0.040641833 0.012715112 0.0021008938 0.6367098 8.107966e-05 3.1722425e-06 0.00015076253 0.00090961717 0.02175385 3.4583227e-15 0.088441335 3.4940676e-05 0.9546873 0.17748073 0.00031085373 0.4535105 0.00026604327 0.8375678 0.55077684 1.3683096e-05 0.0030616545 0.41468906 0.52718383 0.00011300909 0.4415519 0.012915962 4.616805e-06 3.2710013e-05 0.37420073 9.858619e-06 8.899715e-05 0.20552097 0.00025106713 0.00010004997 1.1863831e-05 0.06446979 2.9647374e-05 2.2715873e-05 7.871345e-05 1.7966263e-06 0.048973177 2.4173749e-05 0.0029554006 0.013364847 5.181486e-06 0.121521324 0.020722121 0.011124161 2.6902942e-06 0.0014847917 0.02036296 2.3654052e-06 5.753147e-06 1.8698587e-06 1.5051829e-06 0.5045902 0.0141703 0.020454554 0.026494589 0.00079295447 1.4385893e-05 1.273471e-05 0.0017972365 0.008679019 1.4452024e-05 0.0052590137 4.4918783e-05 1.8219029e-05 1.0805176e-06 0.0106039895 6.759427e-06 0.0059389146 6.905904e-06 2.523816e-05 1.2545709e-05 2.172004e-05 1.6814227e-05 0.04264908 0.003742865 0.0021481619 3.5023244e-05 0.0004327407 0.006068271 0.00346966 0.0031501043 0.0008875216 2.0971004e-06 8.447019e-06 0.03589632 1.0445091e-05 9.259906e-07 3.2798536e-07 1.06068355e-05 2.1959258e-06 5.579107e-07 0.0005154185
0.9819101 0.0073212828 0.00068209093 0.029228063 0.0003224747 0.6175572 0.009621304 0.0020013365 0.6509858 5.723053e-05 7.5805656e-06 0.0002602328 0.015224908 0.82963425 0.088441335 5.6169613e-17 1.30397275e-05 0.20723128 0.97161925 8.275621e-05 0.45332828 0.0020259395 0.030341871 0.008138479 3.8974416e-05 0.15193984 0.10100537 0.002172775 9.370342e-06 0.012479436 0.8828207 4.0920594e-07 2.610664e-05 0.0017721391 2.4873574e-07 6.0772585e-08 0.44455972 0.037161257 0.0015108681 5.5144e-08 0.0003412117 1.9537451e-06 0.0001746459 1.2113657e-06 3.6265567e-07 0.6751832 0.0001464026 3.6777205e-05 0.8196103 2.491392e-08 0.2730932 0.000696825 0.00041513066 1.8177357e-07 0.00018416841 0.0027446288 4.1601442e-07 2.9009781e-08 3.785314e-08 4.642386e-08 0.00016552134 0.0011444561 5.8911384e-05 0.3543808 0.09676119 6.7470737e-06 6.5107386e-08 0.6733622 0.00054890296 4.4670865e-06 3.0631483e-05 6.4177996e-08 0.0070562894 6.2792407e-07 0.6916927 2.1615811e-07 0.00014498095 1.7650844e-07 1.08204205e-07 4.111091e-06 4.5344304e-06 0.00078108866 0.033486668 2.4559955e-05 0.00015316457 0.0026918522 1.0522531e-06 4.9156253e-05 7.154983e-05 0.00029267662 1.2996882e-05 6.6383694e-07 1.0444627e-06 0.0026053127 1.9228948e-05 1.3472383e-07 5.886252e-07 3.3019746e-06 1.2438369e-07 3.275982e-06 0.000101458674
0.90622026 0.0031426463 0.032811508 0.0012394884 0.24677686 2.1211517e-05 0.9677706 0.00083689246 0.23612611 0.008548971 0.26050004 0.00040984884 4.952969e-05 3.9904568e-05 3.4940676e-05 1.30397275e-05 5.0696633e-14 2.2738497e-05 3.1281616e-06 0.3761636 1.3664969e-07 1.8451536e-05 7.073668e-07 3.5001907e-05 0.00021708518 6.3176385e-06 0.09638538 2.2189084e-07 0.0033802823 4.6199762e-08 1.4759285e-05 0.63051957 0.0010917821 1.47496185e-05 0.895751 0.042074528 2.0316586e-08 2.8982656e-06 1.9277725e-06 0.14130971 1.4884296e-05 0.012307431 4.389836e-06 0.03846986 0.065619 5.995843e-07 0.0002328609 0.0059434897 2.742267e-06 0.886172 1.5944025e-08 0.00016013577 1.2772475e-05 0.016737228 1.9873863e-05 0.0020629447 0.005926527 0.29650885 0.33729455 0.6327559 4.742085e-07 0.0021097935 3.3492285e-07 1.7168248e-06 3.501656e-07 1.6739077e-05 0.00048074 1.5990074e-06 6.692643e-07 0.07125084 0.0017643087 0.0039426093 7.0459964e-07 0.27898988 1.4477936e-06 0.059365295 1.5796942e-06 0.019918498 0.003088532 1.4495134e-06 7.912494e-08 3.3029544e-06 2.3343063e-07 2.778755e-06 1.3683487e-05 3.8861697e-07 0.0028483486 0.0019819532 4.4500972e-05 6.22389e-07 2.32424e-06 6.6465827e-06 0.0063823415 0.0014173597 3.7770766e-05 0.0050948537 0.00918397 0.0063476814 0.00088238914 7.804104e-05 7.828561e-05
0.9662428 0.0006786983 6.2366824e-05 0.001233348 0.000116693496 0.013152112 0.0016088199 0.00011732386 0.24019197 7.138764e-06 1.9974025e-06 1.3641661e-05 9.507049e-05 0.0066562984 0.9546873 0.20723128 2.2738497e-05 1.0897802e-14 0.36647302 6.7978624e-05 0.85542035 3.5895366e-05 0.97178596 0.33593088 3.6599374e-06 0.0009057266 0.09921226 0.5477452 1.8213738e-06 0.42309162 0.006066032 2.6771158e-06 6.165937e-06 0.14944352 3.9624683e-06 9.190076e-06 0.5838638 4.8378373e-05 1.8301731e-05 3.550457e-06 0.018247226 4.3777214e-07 9.671856e-06 5.9368955e-07 1.1604272e-06 0.09250978 3.707092e-05 0.00011222005 0.011347467 2.51116e-06 0.43653762 0.0049544796 0.0021132056 7.114436e-07 0.0016903387 0.004593724 2.3492075e-06 8.3073047e-07 1.6920683e-07 1.4583487e-06 0.013255454 0.0014029868 0.0016838146 0.031627826 0.0010136995 3.0361212e-05 1.1399475e-06 0.00448333 0.14987716 4.1551644e-05 0.00058305427 5.451954e-06 3.0796567e-05 1.9505708e-06 0.011548075 2.6685855e-05 0.0008972498 1.5987528e-06 1.1250117e-05 1.2565274e-05 4.465851e-06 2.792616e-05 0.27197975 0.0025437586 0.0024402647 1.1063359e-05 3.0212777e-05 0.00033036698 0.019001719 0.0039487844 0.0011086315 4.880608e-06 1.40576985e-05 0.004469004 0.0002044251 1.2659326e-06 5.5188485e-07 5.119286e-05 6.613044e-07 1.7391269e-05 0.00208205
0.96899736 0.0015520491 0.00022123764 0.004457435 0.00024339251 0.13802134 0.002585926 0.00059775996 0.33115223 4.2023406e-05 4.108822e-06 6.2336505e-05 0.0016160241 0.26582834 0.17748073 0.97161925 3.1281616e-06 0.36647302 7.318693e-17 4.860182e-05 0.97224 0.000719318 0.18058257 0.027501069 7.484473e-06 0.028538736 0.08111295 0.017495582 1.3407357e-06 0.061025787 0.49359664 2.0765054e-07 2.5648283e-06 0.005274997 2.4523885e-07 2.3266983e-07 0.7787939 0.004534712 0.000165274 5.1701026e-08 0.0013613558 1.5230553e-07 2.5333966e-05 5.3164747e-08 1.4518737e-06 0.8074522 2.1561706e-05 4.131661e-05 0.6556292 5.3374965e-08 0.61851686 0.0012153649 0.0007534801 2.2847618e-07 0.00051722093 0.0051758904 4.451349e-07 4.4556494e-08 1.556518e-08 5.5529668e-08 0.0016064787 0.00077743497 0.0003984827 0.55010307 0.032028276 2.8624133e-06 1.2979787e-07 0.56084245 0.01063887 2.3801908e-06 3.1603682e-05 9.926839e-08 0.0008018985 8.521291e-07 0.64230484 6.7885776e-07 0.00046636196 9.4918235e-08 1.2196178e-06 3.1517282e-06 2.3557923e-06 9.045151e-05 0.15392984 8.850167e-05 0.0007674764 0.00074243336 1.0511317e-06 5.6239267e-05 0.00055887306 0.0009320086 0.00019436078 3.4823145e-07 3.0733574e-07 0.0058251317 4.5101797e-06 5.3842964e-08 1.443278e-07 2.418063e-06 1.3682494e-07 2.8475529e-06 0.00013365255
0.998373 0.004199202 0.0055918065 0.0021156145 0.015747976 0.00042591934 0.42394042 0.001622934 0.34984928 0.0010054569 0.005509591 0.00017639023 8.4106025e-05 0.00020160964 0.00031085373 8.275621e-05 0.3761636 6.7978624e-05 4.860182e-05 4.8466054e-13 1.5691578e-05 5.568131e-05 8.60996e-06 0.00010207077 5.8238427e-05 0.000107454405 0.7074517 5.6319795e-06 0.00032183135 1.2581005e-07 0.00028672823 0.093265176 5.827638e-05 7.702598e-05 0.7977755 0.9598259 5.4997978e-05 2.7581733e-05 4.089436e-06 0.8472169 5.4432137e-05 0.00017510001 9.581965e-06 0.0005823849 0.00051206927 0.00012105644 4.300868e-05 0.29584464 0.00026018292 0.11278599 2.0844938e-05 8.051134e-05 2.728776e-05 0.000252259 2.6315285e-05 0.009337297 5.303332e-05 0.004997413 0.009854808 0.051252916 1.4182723e-06 0.014573041 2.4361823e-06 1.8435845e-05 6.295223e-06 4.194771e-06 4.0430976e-05 9.351135e-05 1.6861154e-06 0.0016517647 0.007189076 0.59310114 5.5883697e-06 0.06176543 1.5765196e-05 0.0015121993 1.1933618e-05 0.0013292057 3.790782e-05 9.041344e-06 5.0849217e-06 1.731133e-05 2.7535202e-06 1.8272594e-06 9.690922e-06 2.501582e-06 0.00467766 0.0039946605 1.3274871e-06 9.012628e-07 3.3299455e-06 2.172519e-06 0.00014771966 0.005181056 1.1847126e-06 0.0010868653 0.0076823467 0.25569424 0.6168321 1.22688525e-05 1.8077124e-07
0.9710094 0.00016243647 2.24872e-05 0.00030564005 2.9617278e-05 0.026178952 0.00020405209 8.26789e-05 0.11974267 1.722225e-06 5.772278e-08 4.397428e-06 0.00014159344 0.05322557 0.4535105 0.45332828 1.3664969e-07 0.85542035 0.97224 1.5691578e-05 2.8429877e-18 6.350533e-05 0.49218488 0.091933526 2.0098506e-07 0.0012468252 0.085597284 0.052431878 3.8394056e-08 0.32213 0.26617232 9.933197e-09 7.456487e-08 0.021931473 1.8927752e-08 1.0637269e-08 0.9239788 0.00069369964 4.0473988e-05 1.949839e-09 0.0062837647 8.361863e-09 6.805782e-07 9.433666e-09 3.1611016e-08 0.8772362 1.0142161e-06 1.5839838e-05 0.4018067 6.17237e-09 0.80291563 0.0035637347 0.0021946386 4.5648694e-09 0.0026991926 0.005979441 2.1149855e-08 3.3572678e-09 1.7548424e-09 2.8250167e-09 0.012591516 0.0012149106 0.0021006144 0.58895713 0.010777734 2.879417e-07 3.1837608e-09 0.33719328 0.036523473 2.4295895e-07 3.0698568e-05 1.02733516e-07 0.00014611192 5.6599625e-08 0.34368077 6.597859e-08 0.0012330206 6.186042e-09 6.0972143e-09 3.1262903e-07 5.063608e-07 1.6176931e-05 0.38649666 0.000709693 0.0052185976 0.000364053 1.0415513e-06 0.00019675161 0.010901695 0.0029287054 0.0022178628 1.3801872e-07 2.2911135e-07 0.0072455364 9.266408e-07 3.912369e-08 1.5841334e-07 6.7268707e-07 2.2028559e-08 2.7017728e-07 0.00033500386
0.49485636 0.4846704 0.27311236 0.3722922 0.029963994 0.29212502 0.0028271154 0.38118258 0.023476172 0.27205873 0.0012286059 0.52831244 0.9896478 0.4505883 0.00026604327 0.0020259395 1.8451536e-05 3.5895366e-05 0.000719318 5.568131e-05 6.350533e-05 1.085614e-15 2.4003954e-05 4.182204e-06 0.1202368 0.9423083 0.0016845069 5.3606334e-07 0.00039069244 6.889435e-07 0.024675325 4.6162175e-05 0.0003273334 1.5817219e-06 3.4513898e-06 1.5840669e-07 3.2417274e-06 0.14032519 0.9624548 1.2024645e-07 6.459102e-07 0.000110432 0.73107785 1.7965345e-05 6.731193e-06 1.9860903e-05 0.06107653 2.417316e-06 0.0015143965 4.7502274e-07 3.9110528e-06 1.4301521e-05 1.3295866e-06 4.8266855e-05 8.026638e-07 9.474135e-06 6.53243e-05 3.6264183e-07 1.1728526e-08 5.471309e-08 1.596163e-06 4.927396e-07 6.955051e-08 7.0997696e-05 0.019078601 0.0004988568 2.0047488e-05 0.0007671943 3.686698e-08 4.9049953e-07 1.2526216e-06 4.4564228e-08 0.021254867 4.827575e-08 0.00019777917 1.257135e-07 1.4067193e-07 1.8341593e-08 4.251641e-07 0.00081977155 0.004909943 0.07551501 1.573435e-06 3.622756e-08 2.0979192e-07 0.03420611 2.6825455e-07 2.8556744e-07 3.6153267e-07 1.8863267e-07 3.447822e-07 8.596503e-08 3.8669214e-08 4.7922626e-05 4.0002607e-05 2.8866825e-08 6.346948e-09 6.561002e-08 3.061942e-07 8.9734385e-08 1.5116403e-06
0.9554478 0.00011610616 4.8354045e-06 0.00024887704 5.8591313e-06 0.0015280143 0.00027854653 2.44123e-05 0.10263556 6.459373e-07 1.9332283e-07 5.638518e-07 2.3446115e-05 0.0036321073 0.8375678 0.030341871 7.073668e-07 0.97178596 0.18058257 8.60996e-06 0.49218488 2.4003954e-05 1.7857214e-15 0.752359 5.457185e-07 0.00040648505 0.06412255 0.90905464 5.731016e-07 0.8940795 0.018128652 1.9217032e-07 2.0554904e-07 0.336306 2.3945012e-07 1.4381592e-06 0.7389098 3.0939813e-05 2.496751e-06 4.986218e-08 0.057226654 2.0626737e-07 1.720644e-06 1.1742499e-07 5.7772047e-07 0.15241052 7.2522625e-06 6.546131e-05 0.028639723 1.163418e-06 0.6479071 0.0066228053 0.010675413 2.7745193e-07 0.002159729 0.00793052 9.0896845e-07 1.4813958e-07 3.7564725e-08 1.198393e-06 0.07118499 0.0011837415 0.014490273 0.07779812 0.00044981955 3.3951696e-06 1.7421337e-08 0.0026653646 0.7246459 1.8876289e-06 0.0006707039 4.990612e-07 6.2273434e-06 5.125336e-06 0.040074013 5.0746974e-07 0.0028112044 6.762357e-07 9.360531e-07 4.450171e-06 3.9401266e-06 3.971866e-06 0.40342763 0.002192055 0.0033298808 3.1926836e-06 9.893751e-06 0.00037274373 0.36212075 0.0039380584 0.002424885 8.309738e-07 1.0664808e-06 0.009819389 1.8273477e-05 2.5587372e-08 2.9243066e-07 1.0335085e-05 1.38174e-07 1.7975903e-05 0.0015856798
0.98633176 0.0003235834 1.5614623e-05 0.00058261014 5.8971305e-05 0.002176889 0.0014428638 5.1477346e-05 0.14178053 1.0088219e-06 2.499002e-06 9.452507e-07 2.4444407e-05 0.0015324472 0.55077684 0.008138479 3.5001907e-05 0.33593088 0.027501069 0.00010207077 0.091933526 4.182204e-06 0.752359 2.0263842e-15 3.7612637e-07 0.00014653627 0.13862203 0.90694577 3.6615768e-07 0.68636626 0.0020171995 6.784106e-07 1.4374367e-06 0.953572 2.016977e-06 1.177813e-05 0.10447301 7.240252e-06 1.2930362e-06 6.701013e-06 0.36199462 1.7359866e-07 4.1996717e-07 4.4613662e-07 6.1744197e-07 0.013618986 2.5916856e-06 0.00054429367 0.004240558 6.1068164e-07 0.08548897 0.07846553 0.07950435 2.7678478e-08 0.009685545 0.013455494 1.6663309e-07 1.3648375e-07 3.4595622e-08 8.394338e-08 0.7790623 0.0039901547 0.3145307 0.008227478 0.00065785996 1.3585575e-05 3.9095923e-07 0.0010903344 0.26360112 8.25314e-06 0.0026686508 2.9899942e-05 9.203657e-07 1.5990425e-06 0.003962189 1.0684792e-06 0.021895068 3.9026077e-07 2.7567517e-06 2.0409423e-05 6.2495046e-06 7.183455e-06 0.038021136 0.0067644413 0.013310108 1.2271023e-06 0.00044339744 0.0020489716 0.49711502 0.012311182 0.0084312335 6.1626097e-06 1.5684611e-06 0.06675494 4.4218864e-06 4.1245391e-07 7.9144905e-07 0.00032307493 1.2271339e-06 6.7942033e-06 0.0013715595
0.080245346 0.14535175 0.40048018 0.09787293 0.04825101 0.00019115013 0.0014838553 0.2847909 0.008796131 0.559348 0.0684379 0.97277015 0.7456181 0.0014002525 1.3683096e-05 3.8974416e-05 0.00021708518 3.6599374e-06 7.484473e-06 5.8238427e-05 2.0098506e-07 0.1202368 5.457185e-07 3.7612637e-07 2.2322137e-15 0.0065936516 0.0009229838 1.09077206e-07 0.90759796 4.9740146e-07 0.00016037723 0.009413399 0.88946944 9.0297014e-08 1.0578318e-05 1.1856123e-06 4.1947985e-08 0.000702462 0.032535557 3.759822e-07 7.5049746e-07 0.5474675 0.5842463 0.35782203 0.018875763 6.372561e-07 0.9364591 1.2117434e-06 8.963295e-06 0.0001299576 1.2804539e-07 8.576114e-06 2.5168646e-07 0.4210154 3.1503413e-07 4.238809e-06 0.24485949 0.0017230992 1.0433761e-05 5.1138286e-06 3.2337744e-07 3.2642356e-07 1.0389728e-08 2.6174387e-06 3.207684e-06 0.07778938 0.381908 8.720935e-06 2.156342e-08 4.261538e-05 5.415569e-07 5.7223097e-09 6.720273e-05 1.8686465e-06 1.2562045e-06 2.4963545e-05 9.334994e-08 9.970972e-07 0.03506744 0.04034344 0.02084504 0.010624154 5.4942086e-07 7.681599e-08 6.5709366e-07 9.950763e-06 1.8064269e-07 7.05651e-08 2.8085128e-07 5.712807e-07 1.242351e-06 0.00091493165 4.3046224e-05 5.4304865e-06 0.15365297 1.286349e-08 4.9261345e-08 3.0009567e-06 3.0300032e-07 0.00019201505 8.500744e-06
0.5344084 0.08790281 0.018396858 0.11942571 0.003912627 0.5361035 0.0028334071 0.08181174 0.031047238 0.036678527 8.58589e-05 0.06792923 0.6879604 0.89887834 0.0030616545 0.15193984 6.3176385e-06 0.0009057266 0.028538736 0.000107454405 0.0012468252 0.9423083 0.00040648505 0.00014653627 0.0065936516 3.843598e-15 0.00314659 3.652796e-06 3.5110363e-05 9.05959e-06 0.5403963 3.8120531e-06 9.116675e-05 1.4337354e-05 3.7472948e-06 1.5664684e-06 0.0002215814 0.9839345 0.96214867 1.1744476e-06 1.592665e-05 2.440837e-05 0.14321087 1.0930536e-05 2.4170877e-06 0.00112444 0.0018445915 1.3469135e-05 0.07922654 3.926115e-07 0.00022547468 4.3496933e-05 1.35843575e-05 1.3985356e-05 6.316939e-06 2.2265927e-05 2.4520124e-05 1.0550727e-06 8.418742e-08 8.1139996e-07 3.1284362e-06 5.4394063e-06 1.7113902e-07 0.0015790008 0.17253439 5.637249e-05 1.8302663e-06 0.069238596 3.3754802e-07 1.7022237e-06 5.575631e-06 4.0735856e-08 0.1840403 1.3079924e-06 0.005317112 2.880359e-07 1.7597184e-06 4.2699142e-07 2.5604155e-07 0.00026171614 0.0007073743 0.05178717 2.43838e-05 2.275392e-07 6.299472e-07 0.19590291 3.5488878e-07 4.1935203e-07 6.0720015e-07 7.567841e-07 3.1817744e-06 6.887619e-08 2.969905e-07 7.6839766e-05 4.1817175e-06 5.6996228e-08 5.6013005e-07 5.37053e-07 3.1163182e-07 7.075557e-07 1.5171351e-05
0.9997422 0.16850793 0.12358978 0.11183898 0.18483868 0.16339462 0.58341897 0.03181651 0.94140905 0.022068668 0.015014497 0.004337309 0.004483467 0.02875658 0.41468906 0.10100537 0.09638538 0.09921226 0.08111295 0.7074517 0.085597284 0.0016845069 0.06412255 0.13862203 0.0009229838 0.00314659 3.4456978e-13 0.06347255 0.0014903714 0.023436733 0.026232608 0.04917154 0.000512324 0.08992301 0.20155782 0.3557607 0.09945899 0.00080065976 0.00031026374 0.14737172 0.17949714 0.00078609434 7.798427e-05 0.0016211992 0.0009796107 0.05559232 0.00040098306 0.9151822 0.0280642 0.013887855 0.041240927 0.09319575 0.033108328 0.0006793332 0.021477968 0.1904666 0.00019477567 0.0043185493 0.004258564 0.003586045 0.011576309 0.5098802 0.013497779 0.014689295 0.00045117782 0.00015153573 0.00015092306 0.01794877 0.0406208 0.0013085003 0.6229388 0.5292704 7.819525e-05 0.0048283543 0.01137393 0.0017982274 0.010826869 0.0005437748 0.00027252067 0.0002913466 0.0002457733 0.00013079713 0.006994363 0.0066071698 0.012258221 5.7303547e-05 0.2512007 0.378686 0.014362865 0.0010670115 0.010329647 3.5517085e-05 0.00022805987 0.1337375 2.4024774e-05 0.00044273466 0.0011010861 0.006651799 0.22246835 4.0616753e-05 0.0005236977
0.8748246 1.0180076e-05 1.7240284e-07 3.7778616e-05 3.3790104e-07 4.0325118e-05 6.305915e-05 3.453678e-06 0.028709337 7.904515e-08 2.0269713e-08 1.0227309e-07 3.3336062e-06 8.6027736e-05 0.52718383 0.002172775 2.2189084e-07 0.5477452 0.017495582 5.6319795e-06 0.052431878 5.3606334e-07 0.90905464 0.90694577 1.09077206e-07 3.652796e-06 0.06347255 1.660739e-16 9.827162e-08 0.9830295 0.0008248823 1.1867162e-08 1.1482326e-07 0.7561596 5.057085e-08 7.312639e-07 0.15924369 1.2988512e-06 4.9270346e-07 1.8090775e-08 0.27921337 1.241111e-08 1.4606891e-07 6.982392e-08 1.5603435e-08 0.012991535 1.6627095e-06 4.7694288e-05 0.0023884303 1.0555719e-06 0.12479524 0.070191756 0.05673347 1.3354914e-07 0.010629859 0.00826209 3.7255995e-07 3.077804e-07 6.266155e-08 1.4348707e-07 0.44053644 0.0020452358 0.12450056 0.0068891076 0.00033602538 5.4497895e-07 3.631071e-08 0.0009597848 0.4013842 1.0783855e-06 0.00014020069 2.1339909e-07 1.8023144e-07 5.726175e-07 0.0014420673 1.4968246e-06 0.016744077 1.09654806e-07 4.1901366e-08 4.6592604e-07 1.522876e-06 1.1027548e-06 0.12876374 0.005318598 0.023205765 4.065259e-07 2.0607322e-06 0.0008863438 0.5261137 0.032458078 0.022749677 7.0432925e-08 1.2057325e-07 0.050530087 3.1922923e-07 7.059445e-08 2.982437e-08 7.2042155e-08 1.1943801e-08 2.586415e-07 0.0050719935
0.075851224 0.09126493 0.5272754 0.05839687 0.17474218 0.0001226633 0.004076083 0.14389679 0.008871082 0.7110475 0.58682704 0.8219896 0.090693206 0.00026480775 0.00011300909 9.370342e-06 0.0033802823 1.8213738e-06 1.3407357e-06 0.00032183135 3.8394056e-08 0.00039069244 5.731016e-07 3.6615768e-07 0.90759796 3.5110363e-05 0.0014903714 9.827162e-08 3.9601326e-16 7.4700246e-08 1.06019515e-05 0.025872285 0.9970512 9.6352686e-08 0.00073639094 2.0965763e-06 3.9287884e-09 2.484535e-06 0.00054227095 1.897441e-05 7.2417365e-06 0.40842083 0.009882364 0.1834656 0.039770566 8.344406e-08 0.058911443 3.173993e-05 1.3156489e-06 0.00021449284 5.4543882e-08 3.49955e-05 2.2622532e-06 0.11225195 3.2587894e-07 9.89025e-06 0.046884354 0.001151084 0.000117087235 1.6196662e-05 1.823295e-07 7.1250423e-07 2.4999744e-08 7.732597e-07 3.7696002e-06 0.0033379742 0.10383517 5.706014e-06 3.8782225e-08 3.9987848e-05 8.5588124e-07 1.8528928e-07 3.5001724e-06 4.0228806e-06 1.1198495e-06 0.00057237793 4.3971333e-08 3.4657146e-06 0.005359596 0.00040193583 3.624268e-05 6.271832e-05 6.893109e-07 1.11911165e-08 2.9667442e-06 3.0761357e-06 3.8027103e-08 9.135565e-08 4.322344e-07 9.599604e-07 2.028294e-06 0.00026950325 0.00019033793 4.57174e-05 0.012974994 1.3200212e-06 5.1367493e-07 5.7254164e-07 3.4032524e-07 0.00019390865 1.2157451e-06
0.9315938 1.3224166e-06 3.4375667e-08 4.1862504e-06 3.3055162e-08 0.00016684324 3.0023107e-06 9.332124e-07 0.009312321 1.7015534e-08 5.0686513e-09 1.4653787e-07 4.1955104e-06 0.00025921132 0.4415519 0.012479436 4.6199762e-08 0.42309162 0.061025787 1.2581005e-07 0.32213 6.889435e-07 0.8940795 0.68636626 4.9740146e-07 9.05959e-06 0.023436733 0.9830295 7.4700246e-08 6.397052e-18 0.0023916087 2.1063544e-08 5.6503414e-08 0.44818497 4.1696055e-09 5.587261e-08 0.5743661 9.182393e-06 3.890794e-07 1.8088179e-09 0.13999455 3.1498587e-08 2.570557e-07 5.3378195e-09 3.1962355e-08 0.08396713 5.0753795e-07 1.2490167e-06 0.010244487 1.781252e-07 0.55768335 0.010356497 0.02701401 1.0757281e-08 0.0046241907 0.0012475128 4.2876764e-09 3.193268e-08 2.8142928e-09 6.7103684e-08 0.20892769 9.312352e-05 0.029025361 0.047184188 0.00037301343 2.6602282e-07 1.518046e-10 0.002595491 0.8007119 3.3197563e-07 4.722289e-06 1.5021312e-08 4.196867e-06 3.6002808e-07 0.009906186 5.86206e-08 0.006996321 8.8361505e-09 3.126609e-09 2.3085302e-07 5.960109e-07 9.896756e-07 0.4614631 0.0033165428 0.008691249 3.545875e-06 3.0775205e-08 3.3330485e-05 0.89863586 0.012617678 0.0056405407 5.308578e-09 1.0013573e-07 0.010033822 4.3092985e-08 2.073891e-09 1.0812245e-08 3.0601188e-06 3.611083e-08 7.518163e-09 0.0017304083
0.9496257 0.02168837 0.003917089 0.034942444 0.001987144 0.8115702 0.0029873578 0.012890866 0.13662471 0.003162563 4.354965e-05 0.005381051 0.023849795 0.88936347 0.012915962 0.8828207 1.4759285e-05 0.006066032 0.49359664 0.00028672823 0.26617232 0.024675325 0.018128652 0.0020171995 0.00016037723 0.5403963 0.026232608 0.0008248823 1.06019515e-05 0.0023916087 4.334979e-15 1.921409e-06 1.2027615e-05 0.0005936067 1.331356e-05 3.5884052e-06 0.034052946 0.47590017 0.043627467 3.96206e-06 5.2780437e-05 3.4067814e-06 0.004149599 9.479155e-07 4.0493815e-06 0.33392116 0.00012096768 7.176024e-05 0.9684884 9.562042e-07 0.023095837 0.00048450014 0.00027828818 2.16362e-06 0.0006315223 0.0014474912 1.0214473e-05 2.6663878e-07 3.719229e-08 7.0117227e-07 0.00046190625 0.00078504253 1.9646017e-05 0.397022 0.8249541 1.4676221e-05 1.0405535e-06 0.87718225 0.00010614309 7.718675e-06 0.00031113665 1.7835486e-05 0.185329 2.095383e-06 0.52963644 2.5525326e-06 0.0003259282 1.0146632e-06 3.5110897e-05 1.1480684e-05 9.941107e-06 0.002608239 0.0030834244 6.8830064e-05 0.0007930585 0.11851153 8.507042e-05 0.00048116955 3.766368e-05 0.00074617803 0.0010122827 1.8948234e-06 4.5419138e-06 0.0031563442 5.755757e-05 5.2672317e-07 5.5162673e-06 0.00024531575 0.0005659475 2.3146215e-05 0.00046405982
