7.5567475e-17 0.26490197 0.04380764 0.9707933 0.9061542 0.9305982 0.42607996 0.96574605 0.9545785 0.040604368 0.1604208 0.8809572 0.93760824 0.8803476 0.83534205 0.9969391 0.9364494 0.9704952 0.7801319 0.9141968 0.59574443 0.13125357 0.56815517 0.9561742 0.98898536 0.89319485 0.9770208 0.9324664 0.8585668 0.9176045 0.99210876 0.00011322463 0.90513045 0.9371251 0.99925387 0.97122973 0.98732674 0.50701225 0.9853317 0.49581814 0.47121704 0.80481625 0.6055794 0.9544114 0.9156694 0.98021704 0.71961683 0.992854 0.17646623 0.9266949 0.97128755 0.0006889978 0.964115 0.18560867 0.74488145 0.954937 0.9643267 0.55034995 0.5206253 0.35359648 0.99271953 0.2619289 0.99964845 0.957978 0.9998762 0.8669001 0.3103304 0.98258287 0.0003902839 0.33777136 0.8108933 0.9944029 0.3482926 0.290838 0.9866039 0.716922 0.692557 0.5869017 0.5454229 0.91498214 0.99210465 0.9900565 0.68767464 0.81353223 0.0014403714 0.9678414 0.9996437 0.17279184 0.18114468 8.9624446e-05 0.8496471 0.011325882 0.99997604 0.01079901 0.13795029 0.90233403 0.99668217 0.5620077 2.3576298e-05 0.6983081 0.6187109
0.26490197 8.850558e-16 0.993923 0.95184714 0.5821082 0.29379782 0.009385582 0.18634611 0.044931877 0.47888306 0.001446844 0.07252496 0.1035403 0.040647756 0.020823587 0.12864496 0.0026774853 0.0042756316 0.005453432 0.0010018465 0.001530142 9.3269635e-05 0.00088740606 0.00031954737 0.03540196 0.0008843933 0.03243805 0.0008831771 0.00024139757 0.00028015775 0.004251493 8.187339e-05 0.00046274488 0.00033835173 0.030789929 0.0033239475 0.0008707667 3.6670895e-06 0.00041677852 8.350504e-06 8.4057024e-07 1.2247639e-06 8.8884e-07 4.9827606e-05 0.0006581442 0.00021452946 6.076225e-07 0.0007340984 3.138987e-05 1.1685158e-05 0.00022124249 4.21101e-05 1.9365998e-05 5.086224e-07 1.9116005e-07 0.0052904887 9.105654e-06 1.2232149e-06 1.0558518e-06 5.9336944e-06 0.0036300553 8.582721e-05 0.005140762 5.76475e-05 0.0022902794 4.3113934e-05 5.8185824e-06 0.0002610115 8.4636906e-07 4.7502095e-07 7.664352e-06 0.0011261737 7.1668785e-07 9.679592e-07 5.5893754e-05 2.7624415e-08 2.3456917e-07 3.815421e-06 1.3248786e-07 5.9354606e-06 0.0012697426 0.001213696 7.783021e-08 1.2369825e-06 1.9023955e-06 5.144179e-06 0.0003104597 8.3736415e-07 8.4242316e-07 7.368872e-08 1.7009636e-07 1.9537583e-06 0.0009415216 1.6242919e-06 5.4070974e-06 5.930227e-06 1.1757572e-05 3.9908292e-11 5.8854518e-08 3.7710277e-06 8.612555e-06
0.04380764 0.993923 3.342678e-14 0.43126926 0.11347886 0.5733522 0.023208564 0.045832578 0.027195273 0.992973 0.0039167693 0.0056410865 0.01605262 0.012076199 0.0060575227 0.020810325 0.0049365666 0.0011088303 0.0023123126 0.00026353222 0.00056527887 0.00013240078 0.0003624332 0.00011962315 0.0067464537 0.00059890654 0.004306093 0.00014864784 9.8059914e-05 0.00045493245 0.0016816482 0.00037163094 0.0009619667 0.00045140806 0.009883092 0.00014798122 9.3865085e-05 3.2680653e-06 0.00027300423 5.948029e-06 1.144635e-06 8.033393e-07 5.3411503e-07 6.702576e-05 0.00013990846 3.028845e-05 4.8173405e-07 0.00013530308 2.401134e-06 4.7148415e-06 8.662085e-06 4.5291425e-05 7.388854e-05 3.8005442e-07 1.3241953e-07 0.0015275045 0.00022384424 5.7980736e-07 1.9923979e-07 1.026614e-06 0.00034960857 0.0007440289 0.00051491446 0.00015602841 0.001278278 1.6084003e-05 2.0063792e-06 1.8172193e-05 1.2913664e-06 1.876922e-07 5.487828e-06 0.0013450112 1.407609e-07 6.197592e-07 8.663546e-06 6.098787e-08 1.295637e-06 9.964898e-07 9.682321e-08 2.5545e-06 0.00094081654 0.00025403098 1.5825267e-07 6.6118525e-07 1.0245946e-05 3.8678234e-05 0.00010194441 1.3512484e-06 3.947679e-06 3.2130874e-08 6.5193504e-08 1.2978898e-05 0.0011117014 2.113546e-06 1.619758e-06 2.1378257e-06 1.8672695e-06 4.6483445e-10 8.857294e-09 7.3722987e-07 1.456535e-06
0.9707933 0.95184714 0.43126926 7.373908e-11 0.9100237 0.5418085 0.38008702 0.78341454 0.6001435 0.20833854 0.06264301 0.38772184 0.549118 0.10526078 0.045422465 0.5024255 0.04090682 0.024922388 0.0134544615 0.0051170387 0.002721433 0.0003881046 0.0012394594 0.0026227285 0.40650123 0.0024447916 0.15214941 0.0075967778 0.001357337 0.0009853586 0.033821713 9.842972e-07 0.0032426568 0.0007268964 0.5346812 0.022075998 0.0029455258 1.9332985e-05 0.0023990958 1.9794192e-05 3.41219e-07 2.3166021e-05 2.936976e-05 0.0001540701 0.008177449 0.0002202312 2.505726e-05 0.008230196 8.758491e-06 9.184219e-05 0.0021719495 0.00019903273 0.0001644969 5.6712736e-07 2.6915248e-05 0.053107876 0.00045172352 2.3731623e-06 7.277368e-05 6.9868092e-06 0.022276843 0.00092651375 0.08728082 0.0001267363 0.03363972 0.00016798095 1.3858726e-06 0.0001190205 3.172553e-05 5.3378153e-07 7.1674534e-05 0.004827931 1.5623112e-07 3.269641e-07 4.484187e-05 2.4554172e-05 2.7564352e-05 4.0881564e-06 5.71321e-05 1.8381003e-05 0.003058993 0.0061451215 3.7579576e-07 2.023004e-05 4.4650733e-05 0.0001263506 0.0018475589 2.1089021e-05 7.2666044e-05 2.130908e-07 4.786299e-06 1.923537e-05 0.0077620847 3.337393e-05 5.0496565e-05 4.2425963e-05 5.1564417e-05 3.541745e-08 2.101114e-06 1.4908944e-05 2.2736373e-05
0.9061542 0.5821082 0.11347886 0.9100237 1.4692938e-13 0.03154342 0.93970925 0.10752817 0.013660084 0.27460748 0.68153316 0.8816086 0.8672088 0.8354295 0.73306715 0.18624464 0.0008235092 0.00059103844 0.17025758 9.200884e-05 0.025664205 0.00654964 0.013744126 5.0085444e-05 0.3549921 0.0061886446 0.3772375 0.01957271 0.0022212642 2.766601e-05 0.0018266394 1.6087608e-05 3.6773243e-05 3.6869988e-05 0.37728962 0.015491094 4.577263e-05 0.00020691786 5.3522865e-05 5.4050026e-05 2.368832e-06 8.564753e-06 3.210115e-05 4.0331256e-06 0.00055256585 0.00038555713 1.1982038e-05 0.0012314746 1.6804033e-05 2.3695155e-05 0.00029971186 2.8162478e-05 2.311287e-06 5.4437794e-07 5.2391247e-06 0.032570872 1.2983923e-05 1.2273703e-06 7.8738485e-06 6.3247217e-06 0.015280115 2.3276093e-06 0.031896073 2.4963772e-06 0.006815132 1.7860952e-05 1.8854627e-06 2.3201264e-05 1.1520046e-05 3.8435917e-07 1.1363099e-05 0.00037101464 3.0087307e-08 8.8295174e-08 4.6845475e-06 1.160963e-06 2.3708478e-06 7.683126e-07 7.128407e-07 2.770856e-06 0.00023287752 0.0007424057 1.1455594e-07 1.5369029e-06 1.4489426e-06 9.519247e-06 0.00060006377 1.9728306e-07 1.5924136e-06 3.788945e-09 2.4838394e-07 5.249275e-07 0.00057373877 1.1905085e-07 4.0463665e-06 1.1764644e-06 2.0105665e-06 2.887412e-10 3.1066843e-08 1.2496315e-06 1.041306e-06
0.9305982 0.29379782 0.5733522 0.5418085 0.03154342 1.0172019e-15 0.0020636816 0.5211685 0.92906547 0.009231625 0.00036721272 0.004767315 0.018160008 0.004376996 0.0017773927 0.18133101 0.9827788 0.37793735 0.00065298856 0.020621022 2.909394e-05 1.5868543e-06 1.14878585e-05 0.0041964035 0.030142505 3.753896e-05 0.0060027465 0.00024989093 5.4880898e-06 0.08880086 0.019529598 5.5910965e-07 0.14144345 0.0076187686 0.08332558 0.00039350666 0.0037735247 3.1872e-07 0.031404827 1.1570264e-07 5.094617e-09 9.874911e-07 3.3391711e-06 0.0020467823 0.000454832 6.927966e-05 2.1184891e-05 0.0012562495 4.2745974e-06 8.452254e-05 6.636522e-05 2.325923e-06 0.002391226 8.613248e-07 2.4777225e-06 0.006507859 0.0040981756 1.8653669e-06 4.7658395e-06 1.9245002e-05 0.0024226254 0.01114481 0.009602481 0.0016162654 0.003573245 0.0003185257 9.725696e-06 0.00020736274 1.3820621e-06 2.909477e-07 0.00021840485 0.017470755 1.2071868e-07 1.1568494e-06 2.2650931e-05 1.0343234e-06 1.0654496e-05 1.2098366e-05 5.294387e-07 8.87809e-05 0.0008145972 0.023315506 3.6955282e-07 1.8319157e-05 1.46201055e-05 0.0003393367 0.00063955237 8.1047045e-07 1.2676815e-05 8.050906e-08 1.6737306e-07 0.0004969622 0.0012688868 6.5504305e-06 7.2050985e-05 5.6578283e-05 0.00012124649 6.314626e-08 1.0231104e-09 0.00011323921 0.00018608733
0.42607996 0.009385582 0.023208564 0.38008702 0.93970925 0.0020636816 2.6606148e-12 0.010479739 0.0006273408 0.80328095 0.9947026 0.16549918 0.24624638 0.31180987 0.55617577 0.01243572 3.5788922e-05 7.995346e-05 0.04079387 6.224837e-06 0.006026804 0.010681039 0.0037179969 5.684668e-06 0.009249651 0.004668466 0.024596136 0.005062792 0.0013611078 9.094623e-06 6.351011e-05 0.0005654997 1.6614073e-05 2.7439533e-05 0.020552037 0.0017882546 6.145449e-06 0.0006839183 6.1211167e-06 0.00023090688 3.7400118e-06 1.270757e-05 1.6730843e-05 4.3349553e-07 7.2162006e-06 0.00012124153 6.2346994e-06 6.187606e-05 1.0138589e-05 5.16719e-06 1.9508305e-05 2.599234e-05 8.625707e-06 8.9011667e-07 1.2104465e-06 0.0015836252 1.9130652e-05 2.0761856e-06 5.8191986e-06 3.3893368e-06 0.0003636755 2.4446714e-05 0.00046619476 6.8206064e-06 0.00048169965 1.6758029e-06 3.7963657e-06 1.14030245e-05 0.00010181052 4.4207917e-07 4.6476753e-06 6.303102e-05 1.1020353e-07 3.7073994e-07 1.6300194e-06 1.2059488e-07 3.2550466e-07 1.1198879e-06 6.6121424e-07 3.6450274e-07 7.708344e-05 5.3265816e-05 2.8176422e-07 9.282669e-08 0.00018393759 5.2840667e-05 0.0001745863 3.7406107e-06 1.355957e-05 1.8315663e-07 2.781519e-07 2.4148046e-06 0.00014849128 1.3144418e-05 4.0342716e-06 8.111845e-06 2.4202573e-06 5.063733e-09 1.8113148e-08 2.1969971e-07 5.281344e-06
0.96574605 0.18634611 0.045832578 0.78341454 0.10752817 0.5211685 0.010479739 2.029639e-17 0.99048257 0.0002125032 0.0003936778 0.12358099 0.09491982 0.006487741 0.0018771683 0.8935702 0.08638527 0.37617415 0.0014140026 0.07303037 0.0003330724 2.8573064e-07 0.00017047566 0.01592082 0.49706367 9.117128e-05 0.13803124 0.00049634866 2.06232e-05 0.0034821387 0.12676218 7.240832e-08 0.005676534 0.0027899141 0.33618245 0.0054838085 0.013762817 4.9182324e-07 0.014204301 1.3260733e-05 2.0215825e-07 1.4329227e-06 8.037731e-07 0.00027156618 0.018545588 4.836283e-05 2.156044e-06 0.024904344 5.880661e-06 2.7188918e-05 0.00026549707 1.2848802e-06 8.966232e-05 4.375476e-07 9.714586e-07 0.09671596 0.0001758665 2.574585e-07 6.1990403e-07 5.311772e-06 0.02377231 0.00011399237 0.13815324 0.00042919195 0.059347834 7.302124e-05 1.6890157e-06 2.8924518e-05 2.5459815e-07 1.8369505e-07 1.2510236e-05 0.018306531 1.474357e-07 5.281039e-07 1.1909788e-05 4.1083754e-06 1.43395955e-05 1.4263783e-06 1.079453e-07 3.5062628e-06 0.008022633 0.027190575 2.647301e-07 6.030491e-07 4.9276503e-05 4.97162e-05 0.0029284598 3.2453696e-07 3.252817e-06 1.1688573e-08 5.5390274e-07 1.0370885e-05 0.010422609 4.0108475e-06 1.6388207e-05 4.3393193e-05 1.7069617e-05 2.2942575e-09 6.193813e-12 4.3022274e-06 4.147508e-05
0.9545785 0.044931877 0.027195273 0.6001435 0.013660084 0.92906547 0.0006273408 0.99048257 2.0572972e-16 0.00012622679 2.164756e-05 0.010410311 0.01408711 0.0009204593 0.00018379258 0.75742614 0.28341898 0.6131015 0.0003038889 0.09471686 4.226915e-05 1.623841e-08 7.3563665e-06 0.025075119 0.15074794 3.4162586e-06 0.028242916 8.799982e-05 8.325635e-07 0.0201445 0.24479188 2.3166228e-08 0.017547332 0.011364107 0.21319136 0.00096387847 0.02176089 1.159069e-08 0.038134918 3.4886665e-07 2.4314786e-09 1.3644329e-07 1.138893e-07 0.0019385164 0.021120321 3.0556105e-06 4.916202e-07 0.019132921 1.9526377e-07 1.1917575e-06 2.0163068e-05 1.402503e-06 0.00055165787 1.14181775e-08 2.5998287e-07 0.041035023 0.00187961 5.6600598e-08 1.0452697e-08 2.1988942e-07 0.004190998 0.0019668234 0.047647536 0.0016354236 0.04671459 9.023263e-06 5.1000736e-08 1.2530589e-06 2.0438269e-07 7.017435e-09 3.0442434e-06 0.04741182 7.160047e-09 1.827472e-08 3.249346e-07 2.2807626e-07 7.755779e-07 8.183931e-08 1.4179423e-08 1.6940444e-07 0.012201497 0.04697911 2.68442e-08 1.678586e-08 3.2392567e-05 0.00022450143 0.0008545189 2.2252795e-08 1.9355189e-06 8.466419e-09 1.7224385e-08 0.00012875606 0.016327104 1.6221184e-06 0.00014776828 0.000105385196 2.8518523e-06 6.037416e-10 4.9340733e-11 3.0638832e-06 0.00019027386
0.040604368 0.47888306 0.992973 0.20833854 0.27460748 0.009231625 0.80328095 0.0002125032 0.00012622679 1.7259118e-11 0.92527807 0.0013266912 0.0064462526 0.024922615 0.10892163 0.00032479473 2.604601e-05 1.1348802e-05 0.0018597309 2.9460098e-06 0.00042496694 0.058885384 0.0003805595 5.3748084e-07 0.0004486953 0.0013835484 0.0004488573 0.0006995973 0.0004583261 1.2033583e-05 3.7930688e-06 0.017694741 7.2920535e-05 3.3076922e-06 0.0011082378 0.0003682801 5.3032204e-07 0.0023560554 2.3640994e-06 0.00010618703 1.2055797e-05 1.9651976e-05 5.5287997e-05 2.0798361e-06 2.7821184e-07 2.5488554e-05 2.1702606e-05 3.7689098e-08 1.6244012e-05 2.3985385e-06 6.121189e-05 0.0009258239 5.1003055e-05 3.1277352e-06 1.2985453e-06 0.00013213689 3.1029629e-06 5.6650388e-06 0.00023588048 2.8508257e-05 0.00042913505 6.9849935e-05 0.0005290453 3.9378797e-06 0.0001319036 1.8378933e-05 2.8153538e-05 2.3874554e-05 0.00019890463 2.219208e-06 6.0782415e-05 3.819291e-06 3.8902062e-06 1.5013845e-05 1.0485862e-05 4.441666e-06 7.3258843e-06 1.695695e-05 1.0948824e-05 3.2434127e-06 9.506428e-06 2.542416e-06 3.8804724e-06 1.0258857e-06 6.232325e-05 1.5442925e-05 0.003651048 4.992083e-07 8.818729e-06 1.364679e-05 2.4971974e-05 2.477119e-05 0.004676705 2.3776192e-05 5.4602145e-07 1.4894824e-06 3.955457e-06 3.178223e-06 0.0001587964 1.3410381e-05 5.8027395e-06
0.1604208 0.001446844 0.0039167693 0.06264301 0.68153316 0.00036721272 0.9947026 0.0003936778 2.164756e-05 0.92527807 3.4898236e-15 0.057084274 0.074560866 0.30846137 0.8245356 0.0003610491 1.7934576e-06 5.4178366e-07 0.046283185 2.2766076e-07 0.013460757 0.23772828 0.00645787 2.8606436e-07 0.003566159 0.009303095 0.00562464 0.009410382 0.0099352505 1.6069284e-07 3.931902e-06 0.0040610596 1.5673369e-06 3.552174e-06 0.00401695 0.0019254843 7.767779e-07 0.007841077 5.5331196e-07 0.00062508456 2.5186608e-05 0.00010084198 4.5399625e-05 5.3166573e-08 7.349701e-07 9.0334106e-05 3.3932083e-06 1.0312897e-06 1.0099737e-05 3.4039717e-06 7.833019e-05 7.844449e-05 7.897944e-08 2.957835e-07 4.0983198e-07 0.00035099965 9.846624e-07 1.4352504e-06 5.0071e-06 1.9327924e-06 6.618969e-05 4.2253087e-06 0.00019285301 3.5762375e-07 5.0018854e-05 3.613872e-07 1.4175326e-06 5.426961e-06 0.00016691312 1.7258346e-07 1.2603108e-06 1.4921326e-06 5.5516956e-08 1.6237259e-07 1.2225956e-06 2.0094067e-08 6.0874676e-08 3.8252708e-07 4.203148e-06 1.6053706e-07 2.2920292e-05 1.0157718e-06 1.5343275e-07 6.584408e-08 0.00013181708 2.8443446e-06 9.8499404e-05 8.70177e-06 1.1446148e-05 4.6507455e-07 3.8249388e-07 3.310796e-07 8.533084e-05 1.1162631e-05 2.7561368e-06 1.203877e-07 1.204585e-06 3.166862e-10 8.4979554e-08 1.1464742e-07 1.0813323e-07
0.8809572 0.07252496 0.0056410865 0.38772184 0.8816086 0.004767315 0.16549918 0.12358099 0.010410311 0.0013266912 0.057084274 3.2139924e-13 0.98227274 0.8653743 0.25907314 0.16340284 0.00047015867 0.00034089343 0.56863123 0.00012608421 0.13109383 0.00029554346 0.03562317 6.3193234e-05 0.7929612 0.00894506 0.8313478 0.036192283 0.004834948 0.00019906937 0.0010208295 2.3607411e-07 3.155236e-05 0.00015455279 0.23328696 0.044347376 0.00043034117 2.659267e-05 5.760683e-05 0.00030093282 2.3952296e-05 0.000101587255 5.531485e-05 3.599876e-05 0.003562953 0.00067197764 9.323215e-06 0.007596513 1.4073997e-05 0.0001396131 0.00094579894 3.6399608e-06 7.195612e-06 1.9702707e-06 3.013521e-06 0.104661554 8.64151e-05 1.3953734e-06 1.0970559e-06 7.1158443e-06 0.03635721 4.127357e-05 0.061932344 1.1823541e-05 0.022024248 0.00017119806 1.5499915e-06 5.4669934e-05 1.8334633e-06 2.316454e-07 2.5336793e-05 0.0007142687 2.9460324e-08 8.246057e-08 6.9384228e-06 8.09457e-07 5.227795e-06 4.9574965e-07 8.488219e-08 4.3356994e-07 0.0006671805 0.000567131 3.449797e-08 4.1307112e-07 8.2895585e-06 0.00012382194 0.0017374436 5.071352e-08 2.4116537e-06 3.1449005e-08 1.0317756e-06 3.4094203e-06 0.0021062482 1.4209874e-07 7.993017e-06 1.61327e-05 7.815182e-06 1.2930761e-09 2.2394147e-09 4.3302242e-07 8.144884e-06
0.93760824 0.1035403 0.01605262 0.549118 0.8672088 0.018160008 0.24624638 0.09491982 0.01408711 0.0064462526 0.074560866 0.98227274 1.3157463e-12 0.6597973 0.4723853 0.114992514 0.0010241361 0.0005115524 0.34072056 0.00014652021 0.08298635 0.0026049167 0.019176621 9.303324e-05 0.78722334 0.00549345 0.82087964 0.03721235 0.004829087 0.0001777135 0.0011289045 1.3716678e-06 0.000307797 0.000120248 0.25954407 0.041729238 0.00045695106 0.00022842862 5.1257783e-05 0.0005204495 7.608345e-05 7.190142e-05 0.00014499464 5.2945692e-05 0.005693083 0.0007413996 3.518021e-05 0.008783914 3.2104796e-05 0.00017508767 0.0014517473 4.4380773e-05 2.5178204e-05 3.7227103e-06 4.186969e-06 0.10966615 0.000121813944 8.381668e-06 4.6905625e-05 1.4642278e-05 0.05126478 0.00019560235 0.09386073 8.9358555e-06 0.029521594 0.00013950143 2.3137682e-06 0.00011232519 1.1103842e-05 3.8411105e-07 2.682855e-05 0.00053828495 7.06067e-08 9.3708145e-08 1.5941723e-05 2.074464e-06 5.157747e-06 5.509262e-07 1.3547019e-07 8.7124437e-07 0.00081127667 0.0010117133 3.680803e-08 1.0066566e-06 5.768214e-05 0.00017896287 0.0023894315 1.4985348e-07 3.8367834e-05 1.0494174e-07 1.4491168e-06 3.596894e-05 0.0023186791 8.2051287e-07 2.5470405e-05 3.127969e-05 2.2318098e-05 3.6590453e-09 3.0218608e-08 3.4103991e-06 2.0099349e-05
0.8803476 0.040647756 0.012076199 0.10526078 0.8354295 0.004376996 0.31180987 0.006487741 0.0009204593 0.024922615 0.30846137 0.8653743 0.6597973 1.3744169e-11 0.96567106 0.015964195 2.2530841e-05 9.461788e-05 0.9316329 2.6713917e-05 0.38871172 0.0526273 0.109821126 3.3497014e-05 0.25728464 0.03166066 0.6010424 0.1506842 0.033868574 9.441835e-06 0.00034982167 0.00011390304 1.405101e-05 6.143811e-05 0.15591179 0.045668375 7.8225006e-05 0.0013402429 1.5913258e-05 0.0009943246 8.8125795e-05 0.0006500939 0.0003910359 1.1456851e-05 0.00026942228 0.0076558418 0.00036937662 0.0010490889 4.99953e-05 0.0012653449 0.0032670766 7.959164e-05 1.5628873e-06 1.3945761e-05 5.3920998e-05 0.054355185 3.7801194e-06 2.8360633e-05 0.00011739281 4.528957e-05 0.03276352 1.275878e-05 0.032715224 5.388376e-06 0.004903331 0.000453663 9.991367e-06 0.0005078029 1.7301922e-05 2.3893813e-06 0.00012059253 0.00024562897 3.6969203e-07 5.8693905e-07 6.392868e-05 8.030249e-06 1.547108e-05 2.2464812e-06 1.5685262e-07 3.3876079e-06 0.00028054786 0.00044000437 1.1007391e-07 5.479842e-06 3.7094473e-05 5.08898e-05 0.0015160047 6.469295e-08 1.7022343e-05 1.0624684e-07 3.0883343e-06 1.0339852e-06 0.00058132777 1.1350226e-06 8.755611e-06 1.7665781e-05 3.4934612e-05 2.425879e-08 8.895492e-08 2.3981659e-06 1.0422066e-05
0.83534205 0.020823587 0.0060575227 0.045422465 0.73306715 0.0017773927 0.55617577 0.0018771683 0.00018379258 0.10892163 0.8245356 0.25907314 0.4723853 0.96567106 8.26485e-10 0.00231554 1.318927e-05 2.2715958e-05 0.9538466 5.999558e-06 0.8899999 0.7230368 0.64139867 4.882791e-06 0.06054935 0.39059561 0.43578044 0.3709161 0.55261725 2.862506e-06 9.944763e-05 0.011175776 2.5419688e-05 2.840914e-05 0.08158649 0.05150323 1.5113962e-05 0.06361358 8.701652e-06 0.014291466 0.001971939 0.006844129 0.0027912806 3.8164367e-06 3.4826764e-05 0.05214623 0.0011705463 5.016939e-05 0.00028133288 0.004591777 0.009093471 0.0011187047 9.763762e-06 4.5142613e-05 0.00024367309 0.033694398 6.404181e-07 6.1911356e-05 0.0012896588 0.00022515196 0.022874938 1.18348335e-05 0.014981357 2.0166924e-06 0.001239456 0.0009040391 4.354683e-05 0.0012789919 0.0002596069 3.9011807e-06 0.0004307781 2.8976398e-05 4.375497e-07 1.5127191e-06 0.00025892892 5.1446186e-05 4.6008965e-05 2.6708745e-05 4.8655456e-06 2.5008463e-05 9.0745365e-05 3.100048e-05 2.1851504e-06 5.8189376e-06 0.000118040334 1.30872795e-05 0.0013044548 6.968997e-07 0.00021224962 4.6890664e-06 5.8546488e-05 1.2514395e-06 0.000354771 5.688527e-05 1.7535294e-05 2.2275924e-06 5.2173786e-05 1.6356145e-06 5.5862944e-07 8.584645e-05 8.184244e-06
0.9969391 0.12864496 0.020810325 0.5024255 0.18624464 0.18133101 0.01243572 0.8935702 0.75742614 0.00032479473 0.0003610491 0.16340284 0.114992514 0.015964195 0.00231554 1.8622896e-12 0.08635562 0.81564826 0.027141972 0.45858103 0.003724598 3.967868e-06 0.00054674374 0.116310894 0.6663049 0.000279625 0.14189611 0.0009503011 5.766641e-05 0.0076826876 0.30862623 8.9798897e-07 0.008081644 0.002472703 0.68706053 0.012103796 0.08694701 5.8153848e-05 0.0028215724 9.17823e-05 7.707336e-07 2.0331881e-06 7.4924465e-05 0.0011919168 0.06722399 2.7885975e-05 2.0685779e-05 0.056055594 3.6326423e-05 3.4175504e-05 0.00040341352 6.81729e-06 0.00043105154 6.9025123e-06 1.3061613e-06 0.29918292 0.0010878681 4.1852327e-06 1.2869374e-05 8.997034e-05 0.04176916 0.0004173793 0.40552682 0.0010100041 0.20620468 0.000114005736 3.4107492e-05 1.7504435e-05 9.5414645e-05 3.59186e-06 2.4690058e-05 0.014812752 1.7785761e-06 3.0453555e-06 8.154957e-06 1.6881968e-05 1.2443531e-05 7.4505566e-05 4.163415e-05 2.7288604e-06 0.02811023 0.031706095 5.679547e-06 6.659317e-06 0.0005732287 0.0003576956 0.003385018 4.1786875e-06 0.00035773378 4.1534562e-07 3.3941902e-05 9.547318e-05 0.055557158 8.1195276e-07 0.00024844025 0.00043380287 1.7842478e-05 1.1861816e-07 2.8876737e-08 5.296122e-06 0.0002771678
0.9364494 0.0026774853 0.0049365666 0.04090682 0.0008235092 0.9827788 3.5788922e-05 0.08638527 0.28341898 2.604601e-05 1.7934576e-06 0.00047015867 0.0010241361 2.2530841e-05 1.318927e-05 0.08635562 5.1801148e-18 0.6454959 1.8403418e-05 0.1046229 7.03475e-07 7.996527e-09 5.491092e-07 0.019368796 0.02389184 1.4741596e-06 0.0008497883 3.448899e-06 5.9514893e-08 0.78466773 0.10885956 1.5698902e-08 0.9310391 0.11630096 0.04222277 2.2031785e-05 0.009004001 8.240299e-09 0.14536396 5.021359e-08 2.8766667e-09 3.6379703e-07 6.7430824e-07 0.040094532 0.0028416933 6.219307e-06 7.681709e-06 0.0031518217 3.82609e-06 4.421279e-06 8.608185e-06 1.8979523e-06 0.1202961 1.5347857e-07 3.322439e-07 0.0064248736 0.034696765 2.1697485e-06 4.2300094e-06 4.917813e-06 0.0011789178 0.05490019 0.014338318 0.016806934 0.011441685 5.5531414e-06 2.4709857e-06 9.792381e-06 6.5764496e-08 2.3655326e-07 1.214647e-05 0.082323626 4.824547e-08 7.922023e-08 1.8574459e-06 7.381955e-08 2.6062435e-07 3.713018e-07 4.7954074e-07 3.6651593e-06 0.006491628 0.07708084 2.8746058e-08 5.205098e-07 7.911502e-07 0.0018388332 0.00042314545 2.3382474e-07 4.4191017e-07 2.29945e-08 3.203627e-08 0.0026097482 0.0064112577 6.57481e-07 0.0005297044 0.00062961486 2.0283107e-05 5.6993374e-09 6.005863e-11 3.348545e-05 0.0021668589
0.9704952 0.0042756316 0.0011088303 0.024922388 0.00059103844 0.37793735 7.995346e-05 0.37617415 0.6131015 1.1348802e-05 5.4178366e-07 0.00034089343 0.0005115524 9.461788e-05 2.2715958e-05 0.81564826 0.6454959 8.74921e-17 3.6113815e-05 0.9835371 1.0462812e-06 7.917714e-09 9.933221e-08 0.67049605 0.0359363 8.904206e-07 0.0024014455 2.1534664e-05 6.993655e-08 0.5004982 0.82192534 1.6718432e-09 0.07016706 0.25907552 0.085361935 0.00043528146 0.2530634 3.09112e-09 0.33275962 3.8194563e-09 3.207284e-11 8.821972e-09 2.3100164e-09 0.009425363 0.05085796 1.2240341e-06 3.70622e-08 0.04169125 9.277461e-09 3.3176673e-07 3.533765e-05 8.479082e-07 0.0021205975 5.812143e-10 2.6055835e-08 0.034382995 0.005745091 3.5442842e-09 1.9050425e-08 1.0648312e-08 0.0034050518 0.0015079991 0.055590846 0.007644646 0.06415599 3.2317075e-06 3.287726e-09 4.2884943e-07 6.7876647e-09 3.9546189e-10 1.3687507e-07 0.1149184 3.0495403e-10 1.8766482e-09 1.9489707e-07 7.627564e-08 1.2799373e-07 2.5333675e-09 2.0580355e-08 2.3738638e-08 0.03249391 0.13440539 6.0885763e-10 3.8187885e-08 6.048557e-08 0.00046171158 0.0011526642 6.716732e-08 1.0889121e-06 3.5538354e-09 8.937585e-08 0.00050171086 0.037594058 7.485475e-07 0.00017314326 0.000504132 8.445135e-06 1.912212e-10 5.815106e-13 5.208692e-07 0.0009308863
0.7801319 0.005453432 0.0023123126 0.0134544615 0.17025758 0.00065298856 0.04079387 0.0014140026 0.0003038889 0.0018597309 0.046283185 0.56863123 0.34072056 0.9316329 0.9538466 0.027141972 1.8403418e-05 3.6113815e-05 6.3761767e-13 2.7782766e-05 0.9718476 0.02766784 0.59046257 3.4894652e-05 0.23806445 0.2750955 0.8051729 0.80623955 0.15256786 3.0034233e-05 0.0005546555 0.00012781378 1.2337408e-05 6.5204236e-05 0.047216874 0.20981212 0.00024276893 0.006481628 2.9304963e-05 0.0030355174 0.00031257884 0.006823867 0.0013204821 5.7315046e-06 0.0011145523 0.021870302 0.0004938417 0.002187799 0.00030643333 0.0017325517 0.00645122 0.00016845678 2.202291e-06 7.053527e-05 0.0004699984 0.12326966 7.8274854e-05 0.0001359205 0.00024226334 0.00018080686 0.06868429 3.1675554e-05 0.026366642 2.8195868e-06 0.0073740296 0.0013837761 6.371905e-05 0.00044602266 2.6494325e-05 3.671994e-05 0.00075391395 0.0001748674 6.2752806e-06 8.067801e-06 0.00014928002 0.00017493094 0.00025390458 1.3801702e-05 2.4224544e-05 2.4576779e-05 0.0004464152 0.0002549793 2.1688259e-06 4.0290983e-05 6.087657e-05 0.00011448349 0.002029403 1.4572776e-05 1.1455333e-05 9.712025e-08 2.0308034e-05 4.521187e-06 0.00087206275 4.69299e-06 5.6451896e-05 4.67327e-05 2.269437e-05 6.594248e-08 2.2627135e-07 3.2686046e-06 1.5886631e-05
0.9141968 0.0010018465 0.00026353222 0.0051170387 9.200884e-05 0.020621022 6.224837e-06 0.07303037 0.09471686 2.9460098e-06 2.2766076e-07 0.00012608421 0.00014652021 2.6713917e-05 5.999558e-06 0.45858103 0.1046229 0.9835371 2.7782766e-05 2.9788815e-17 6.751524e-07 1.3823027e-09 2.2595977e-07 0.9688167 0.014305213 6.162049e-07 0.0008043075 9.159295e-06 1.2046453e-07 0.24467483 0.83772963 4.4281015e-10 0.015206682 0.24738647 0.025575576 0.00017469938 0.53908026 4.2362687e-09 0.3460819 2.4119595e-08 1.6879816e-10 1.3696796e-08 1.5272596e-08 0.013987252 0.09574926 3.8452484e-07 7.4711224e-08 0.05401806 2.311071e-08 5.3613924e-08 4.994671e-06 5.5148103e-06 0.0037082576 1.982748e-09 2.9518256e-08 0.021436967 0.0035398158 1.4932445e-08 1.7747231e-08 2.1283885e-08 0.002147443 0.0005871605 0.02436696 0.009800051 0.07104922 6.876996e-07 6.395654e-09 6.2327047e-07 5.542636e-09 1.0064707e-09 9.937371e-08 0.13081315 1.0904714e-09 5.014389e-09 1.0684491e-07 7.674906e-08 5.2589076e-08 3.8954346e-09 5.952349e-09 3.0181976e-08 0.061689608 0.13661022 1.0325636e-09 8.9124885e-09 2.2547981e-08 0.0004903747 0.0015147973 2.1304395e-08 7.880891e-07 1.2592787e-08 1.16354286e-07 0.0003345339 0.06153208 8.1029657e-07 0.00023308105 0.0014667958 3.997151e-06 3.2928454e-10 1.5393766e-11 9.445265e-08 0.0012878859
0.59574443 0.001530142 0.00056527887 0.002721433 0.025664205 2.909394e-05 0.006026804 0.0003330724 4.226915e-05 0.00042496694 0.013460757 0.13109383 0.08298635 0.38871172 0.8899999 0.003724598 7.03475e-07 1.0462812e-06 0.9718476 6.751524e-07 6.452404e-14 0.028050013 0.9822938 6.8854615e-07 0.087416306 0.5902413 0.3552753 0.6671025 0.53958166 1.5865102e-05 0.00020273833 0.00026133907 4.8123815e-07 4.7090958e-05 0.01897695 0.14797881 2.01296e-05 0.015781369 5.8663045e-06 0.0053023766 0.0007497257 0.0134759005 0.0022642228 8.9208476e-07 0.00021415947 0.027399633 0.00024599678 0.0005585019 8.363101e-05 0.0046569626 0.008648453 8.472478e-05 3.180059e-07 9.974411e-06 0.00026177507 0.072856195 5.738265e-06 2.6941929e-05 0.00010295711 5.7045636e-05 0.057159655 1.9241588e-05 0.01922297 1.4485324e-06 0.0045775757 0.0012293964 1.1299105e-05 0.00051044876 2.8347624e-05 2.1751853e-06 0.00029642106 3.297357e-05 3.0325617e-07 1.955195e-06 0.000108304 1.8764871e-05 6.30401e-05 3.1490692e-06 3.4141383e-06 2.2879256e-05 0.00017383731 2.4420593e-05 6.8621637e-07 1.4937393e-05 4.5390967e-05 7.96941e-05 0.0030617071 1.5305374e-06 6.349518e-06 3.0581018e-07 3.6368554e-06 1.4301896e-06 0.0005165286 9.402631e-06 1.8677229e-05 6.935512e-06 5.012465e-06 1.1397812e-08 2.8765859e-08 4.9657393e-07 1.285569e-06
0.13125357 9.3269635e-05 0.00013240078 0.0003881046 0.00654964 1.5868543e-06 0.010681039 2.8573064e-07 1.623841e-08 0.058885384 0.23772828 0.00029554346 0.0026049167 0.0526273 0.7230368 3.967868e-06 7.996527e-09 7.917714e-09 0.02766784 1.3823027e-09 0.028050013 3.0864214e-11 0.048010252 2.4204796e-09 6.397302e-05 0.041959707 0.0006938178 0.009954588 0.27812183 2.6733662e-09 9.235745e-08 0.99995667 3.5042972e-06 9.585177e-07 0.0010131685 0.0018165299 7.649764e-09 0.3576632 4.2787892e-08 0.012280313 0.0037758662 0.00011802526 0.00064399425 7.0422947e-09 1.2105631e-08 0.00064695516 2.1867962e-05 2.6209301e-08 3.0617026e-05 1.3716516e-05 9.255333e-05 0.0008654075 4.7406422e-07 9.937102e-07 1.1572478e-06 2.9816452e-05 9.692404e-07 6.2913676e-07 0.0003202613 2.5827562e-06 8.9949746e-05 2.870657e-07 1.1181201e-05 4.3777195e-08 1.9070003e-06 6.6054236e-07 3.7774038e-07 4.4970243e-06 0.00047982304 1.704854e-08 5.0404736e-08 1.0896761e-07 1.0989427e-08 9.987855e-09 3.152469e-07 5.085314e-10 8.632272e-08 9.090803e-07 1.6179263e-05 1.3887991e-08 4.1440086e-07 7.737948e-08 2.8129582e-08 1.7548668e-08 5.1953426e-05 1.5578115e-06 2.2048864e-06 7.162616e-07 1.2601467e-05 2.7165866e-06 5.2231253e-06 2.4836288e-07 0.0001461469 3.0660199e-06 2.2812586e-07 5.443442e-07 8.6064415e-07 6.003263e-11 2.9088849e-06 2.703416e-08 7.524622e-08
0.56815517 0.00088740606 0.0003624332 0.0012394594 0.013744126 1.14878585e-05 0.0037179969 0.00017047566 7.3563665e-06 0.0003805595 0.00645787 0.03562317 0.019176621 0.109821126 0.64139867 0.00054674374 5.491092e-07 9.933221e-08 0.59046257 2.2595977e-07 0.9822938 0.048010252 1.2375227e-12 3.1097335e-07 0.037524883 0.9491012 0.28646109 0.76737326 0.95982325 1.1711386e-05 5.8407353e-05 0.00037389473 2.0516943e-06 1.5196156e-05 0.010030282 0.23870274 7.768767e-06 0.09045446 2.3941461e-06 0.055183154 0.0064951763 0.03130864 0.01087297 6.464987e-07 9.796364e-05 0.06220767 0.00088053464 0.0002880542 0.00037526936 0.009126129 0.023903143 0.00032800995 5.5633e-07 4.1629428e-05 0.001560567 0.08655125 2.784692e-06 7.175524e-05 0.00068621646 0.00015484315 0.04991857 5.251323e-05 0.020842027 1.9870024e-06 0.0025836113 0.0032093502 3.269417e-05 0.000939585 0.00014422662 1.088049e-05 0.00067603716 1.22111405e-05 1.4975269e-06 8.025564e-06 0.00019481096 0.00014794199 0.00016192514 1.8630317e-05 5.7400197e-05 0.000169556 9.581596e-05 1.0775184e-05 3.136478e-06 0.00011732476 0.00018102805 4.7283836e-05 0.0031496745 7.3196454e-05 4.3800977e-05 8.076499e-06 3.4528435e-05 4.969257e-06 0.00016516782 1.8104698e-05 1.888611e-05 5.30205e-06 4.0173883e-05 3.4899475e-07 3.7923581e-07 1.077576e-05 1.1234767e-06
0.9561742 0.00031954737 0.00011962315 0.0026227285 5.0085444e-05 0.0041964035 5.684668e-06 0.01592082 0.025075119 5.3748084e-07 2.8606436e-07 6.3193234e-05 9.303324e-05 3.3497014e-05 4.882791e-06 0.116310894 0.019368796 0.67049605 3.4894652e-05 0.9688167 6.8854615e-07 2.4204796e-09 3.1097335e-07 3.7146023e-14 0.008232482 1.0275738e-06 0.00075725274 1.6886073e-05 3.5804862e-07 0.23279636 0.943642 4.040308e-10 0.0089142835 0.43592545 0.020743322 0.00017527193 0.8758375 5.270593e-09 0.7641679 2.1796225e-08 1.2631189e-10 6.975151e-08 2.2738355e-08 0.023264874 0.15311149 1.6286708e-06 5.2172834e-07 0.096638285 2.8092533e-08 3.6360592e-07 2.4156418e-05 9.978544e-07 0.0045004543 5.4438565e-09 3.017865e-07 0.012966236 0.004134121 3.7557705e-08 1.582351e-08 6.890785e-08 0.0010619021 0.00070279243 0.020200348 0.018755298 0.08070299 1.79603e-06 1.6083764e-08 2.2805486e-06 1.2855746e-07 2.1708382e-09 5.2217183e-07 0.41528267 1.951249e-09 5.352684e-09 5.191306e-07 4.199612e-07 9.868613e-07 2.989123e-08 1.0011524e-08 1.03794534e-07 0.104232974 0.29754567 1.8616851e-09 7.5736935e-08 1.8350508e-07 0.0005691525 0.00081948814 3.8680112e-09 4.0244933e-07 1.8190519e-09 5.3167406e-07 0.00041471617 0.06691938 1.7676396e-07 0.0002679839 0.0021389301 8.245453e-06 7.235747e-09 5.1667602e-12 9.0959634e-07 0.002216037
0.98898536 0.03540196 0.0067464537 0.40650123 0.3549921 0.030142505 0.009249651 0.49706367 0.15074794 0.0004486953 0.003566159 0.7929612 0.78722334 0.25728464 0.06054935 0.6663049 0.02389184 0.0359363 0.23806445 0.014305213 0.087416306 6.397302e-05 0.037524883 0.008232482 3.2079965e-13 0.037434682 0.93392205 0.23514906 0.011272106 0.0041794893 0.051115002 1.4074614e-07 0.004471327 0.0014369955 0.9333775 0.11067184 0.02150665 0.00016064374 0.000916134 0.00098518 0.00079980725 0.0017317116 0.0008477816 0.0009223301 0.06525666 0.005902488 0.00016528142 0.08592368 0.00010326114 0.00071612495 0.002450499 2.1755863e-05 0.00052566995 4.2384352e-05 3.5394038e-05 0.41865805 0.0029616829 4.3954304e-05 5.168373e-06 5.1777442e-05 0.047879696 0.0007512283 0.1841981 0.001142356 0.26356643 0.0014097727 3.2258125e-05 0.00012462802 1.0023827e-05 3.43148e-05 0.00024280597 0.008470483 6.4152787e-06 2.9914072e-06 7.3936435e-06 4.595448e-06 2.6763719e-05 1.4016094e-05 2.0755026e-06 5.003744e-06 0.022054091 0.005549696 1.1380965e-06 7.642054e-06 2.1565242e-05 0.00033206824 0.009336758 1.1402683e-06 2.9947314e-05 1.7000175e-06 3.0234899e-06 0.0006857591 0.057228584 9.3256193e-07 0.00011012353 0.0008229926 3.236976e-06 1.0874229e-08 1.12006475e-07 1.3295372e-06 0.00033409297
0.89319485 0.0008843933 0.00059890654 0.0024447916 0.0061886446 3.753896e-05 0.004668466 9.117128e-05 3.4162586e-06 0.0013835484 0.009303095 0.00894506 0.00549345 0.03166066 0.39059561 0.000279625 1.4741596e-06 8.904206e-07 0.2750955 6.162049e-07 0.5902413 0.041959707 0.9491012 1.0275738e-06 0.037434682 8.047846e-13 0.5456744 0.9478867 0.9813227 4.821625e-07 5.0555012e-05 0.00026340986 8.003269e-06 2.9345692e-06 0.028928181 0.49337366 1.9242652e-05 0.07867853 2.9556244e-07 0.046644773 0.017541317 0.17422737 0.016442006 8.855642e-08 0.0014776511 0.14209794 0.0023825313 0.0016558939 0.0009795534 0.011131595 0.0828468 0.0007415701 1.9798883e-06 0.000108387794 0.0036882453 0.46630055 6.971866e-06 0.00010932867 0.0034969777 0.0001733291 0.31605607 5.022382e-05 0.18001203 2.0472973e-07 0.0066027762 0.0051793344 4.7296555e-05 0.0012027611 0.00027569887 2.186106e-05 0.00058709225 1.7722006e-05 4.0747086e-06 5.9390163e-06 0.00015783496 5.750353e-05 0.00015923756 2.8955901e-05 3.955953e-05 4.6879915e-05 0.00028023953 9.635238e-05 1.719327e-06 0.00011278309 0.00040093315 6.0032044e-06 0.012479256 9.5134434e-05 0.00082749425 8.761591e-06 6.0845578e-05 1.0250682e-06 0.0005019456 1.5799722e-05 4.4481985e-06 6.146891e-06 5.37051e-05 1.20344e-08 2.9610894e-07 2.3011382e-05 1.813638e-06
0.9770208 0.03243805 0.004306093 0.15214941 0.3772375 0.0060027465 0.024596136 0.13803124 0.028242916 0.0004488573 0.00562464 0.8313478 0.82087964 0.6010424 0.43578044 0.14189611 0.0008497883 0.0024014455 0.8051729 0.0008043075 0.3552753 0.0006938178 0.28646109 0.00075725274 0.93392205 0.5456744 4.2511513e-14 0.8585307 0.1414092 0.00022411444 0.0033596465 1.0566138e-07 0.00030546813 0.00031255468 0.3700724 0.48440638 0.0019212865 0.0005606253 0.00023177303 0.0057949703 0.002003199 0.03130087 0.005036621 5.9306312e-05 0.012384338 0.051367138 0.0013331411 0.014467613 0.00040567684 0.0048161033 0.017604163 4.807159e-06 0.000132505 0.00017306367 0.00052176794 0.6486166 0.0003966981 0.00049193896 1.3642246e-05 0.00013283953 0.18568367 6.541288e-05 0.4031258 8.9745474e-05 0.09783721 0.006510584 0.000101333346 0.0014958449 1.8352442e-06 6.422824e-05 0.0009034846 0.0007664462 1.3579371e-05 1.4383562e-05 0.00010209131 1.6704407e-05 8.105393e-05 8.394704e-05 3.567863e-06 0.00011707439 0.0036380526 0.0007605168 1.4313201e-05 0.00012262343 9.098969e-06 0.00016580208 0.029509772 1.4974014e-06 3.921381e-05 1.6793146e-06 2.3172694e-05 5.252585e-05 0.0143373 4.529501e-07 3.0669453e-05 0.00026135825 3.91051e-05 5.055561e-08 1.2871718e-07 2.1001195e-05 7.125396e-05
0.9324664 0.0008831771 0.00014864784 0.0075967778 0.01957271 0.00024989093 0.005062792 0.00049634866 8.799982e-05 0.0006995973 0.009410382 0.036192283 0.03721235 0.1506842 0.3709161 0.0009503011 3.448899e-06 2.1534664e-05 0.80623955 9.159295e-06 0.6671025 0.009954588 0.76737326 1.6886073e-05 0.23514906 0.9478867 0.8585307 8.052871e-12 0.74332035 1.2253743e-05 0.000113593334 3.518665e-05 1.5646568e-05 8.900721e-06 0.05183362 0.9122458 0.00010085631 0.035252575 3.756197e-06 0.14332205 0.060833104 0.32073632 0.122970834 3.387338e-05 0.0021821144 0.2000656 0.011132732 0.0041585206 0.005276733 0.012940373 0.20476833 0.00016104378 1.9371466e-05 0.0007372872 0.0019339736 0.65276843 7.482574e-06 0.0007781615 0.001435621 0.00042932315 0.54758435 1.196757e-05 0.24774261 6.434114e-06 0.018849779 0.0069710584 9.643705e-05 0.00223721 1.7177954e-05 2.2956649e-05 0.00023977796 3.7708785e-05 2.2379086e-06 6.4644605e-06 0.0002210137 3.4413573e-05 4.3285603e-05 4.438869e-05 3.135472e-05 7.062405e-05 0.00048859825 7.50713e-05 6.1396145e-06 5.0375114e-05 1.23772425e-05 1.2845844e-05 0.024028877 3.8110281e-06 8.8523026e-05 4.9959687e-07 0.00010091163 2.6514533e-06 0.0011817015 5.2619125e-06 1.3777234e-06 3.4292552e-05 0.00023285864 1.4755068e-08 5.4473577e-07 6.6912808e-06 5.879403e-05
0.8585668 0.00024139757 9.8059914e-05 0.001357337 0.0022212642 5.4880898e-06 0.0013611078 2.06232e-05 8.325635e-07 0.0004583261 0.0099352505 0.004834948 0.004829087 0.033868574 0.55261725 5.766641e-05 5.9514893e-08 6.993655e-08 0.15256786 1.2046453e-07 0.53958166 0.27812183 0.95982325 3.5804862e-07 0.011272106 0.9813227 0.1414092 0.74332035 2.0765796e-12 6.2642044e-07 5.6106005e-06 0.0021514792 2.4338637e-05 1.7026183e-06 0.012089866 0.4492255 6.381264e-07 0.8411395 1.263304e-07 0.7679848 0.53255665 0.5333177 0.5429303 4.9545474e-07 4.119068e-05 0.33377853 0.016010957 7.3894385e-05 0.007875385 0.04927754 0.12856655 0.0067758043 8.8020465e-07 0.0006569098 0.006613795 0.16057555 4.3465185e-08 0.00069404877 0.05848465 0.00086049724 0.13148071 1.9403951e-05 0.047298227 6.8437726e-07 0.0009960182 0.021374714 0.00015499724 0.0046971277 0.0007814314 6.213814e-05 0.0026924799 1.2729265e-06 1.6499533e-05 2.3457098e-05 0.00093297125 8.947406e-05 0.00031948948 5.820145e-05 0.00014584963 0.00056754274 2.2764862e-05 5.3640343e-07 1.9047392e-06 0.00024570766 0.0007499652 1.6615768e-07 0.014431674 6.9729336e-05 0.0007434069 0.000253977 3.4138146e-05 3.716219e-06 5.2993077e-05 3.406266e-05 3.2206406e-06 9.499636e-07 0.00018225225 4.9730096e-07 6.616883e-06 8.4498686e-05 1.7292673e-06
0.9176045 0.00028015775 0.00045493245 0.0009853586 2.766601e-05 0.08880086 9.094623e-06 0.0034821387 0.0201445 1.2033583e-05 1.6069284e-07 0.00019906937 0.0001777135 9.441835e-06 2.862506e-06 0.0076826876 0.78466773 0.5004982 3.0034233e-05 0.24467483 1.5865102e-05 2.6733662e-09 1.1711386e-05 0.23279636 0.0041794893 4.821625e-07 0.00022411444 1.2253743e-05 6.2642044e-07 2.56822e-14 0.16612485 1.0377588e-08 0.9057658 0.960795 0.00818622 0.0002131592 0.0858605 7.014763e-08 0.5000411 3.0643548e-07 2.3403155e-09 1.06762606e-07 7.9934927e-07 0.8981265 0.015163981 2.419477e-06 3.8070124e-07 0.012863835 1.0907631e-06 4.7009792e-07 0.00010480738 2.8848484e-07 0.7248214 5.3884577e-08 3.5665582e-07 0.002268193 0.3139894 9.711765e-08 1.0223038e-07 1.5878277e-06 4.3352615e-05 0.09304194 0.0064063747 0.32907832 0.009823712 1.3555486e-05 4.2002125e-07 2.59182e-07 3.642202e-07 3.045864e-08 1.0996201e-06 0.27315333 4.1853838e-08 7.647799e-08 3.5115582e-07 9.373018e-07 7.300734e-06 8.249153e-07 1.049946e-07 2.146328e-06 0.031854894 0.25857142 1.2092828e-07 1.6908158e-06 9.223327e-06 0.052262448 8.034826e-05 2.4153847e-08 4.6436176e-06 2.5882276e-08 9.126854e-07 0.00870128 0.016245361 2.9222073e-07 0.006241157 0.017032122 5.734118e-06 4.989236e-07 3.0514893e-10 1.106071e-05 0.025940796
