6.9696773e-25 0.7331885 0.19501002 0.7934789 0.97660404 0.18433303 0.93951607 0.604732 0.2160601 0.9002352 0.8723822 0.36188704 0.9085906 0.84120005 0.24013896 0.84094244 0.79933643 0.08811875 0.0476144 0.8026763 0.81991196 0.0051995586 0.11149812 0.9730658 0.3378578 0.89071405 0.013936015 0.8386788 0.8882515 0.96549743 0.5859747 0.044080332 0.39293516 0.68741673 0.0010954225 0.48174566 0.9219708 0.13329256 0.87020046 0.83172446 0.22223233 0.9784712 0.98648226 0.86166364 0.97135293 0.9396954 0.35910305 0.06271473 0.78696954 0.033492535 0.9194093 0.8314913 0.7160657 0.97988784 0.94105273 0.0097303735 0.975112 0.9826253 0.9380255 0.9341319 0.9301713 0.0002625539 0.00023853243 0.9296422 0.62923294 0.91752106 0.61934894 0.60249704 7.5641087e-06 0.92104304 0.061979562 0.95291513 0.8858481 0.9990234 0.017685136 0.23638661 2.6308084e-05 0.68576807 0.9950218 0.9625387 0.0059056827 0.9850629 0.9951893 0.9958218 5.642431e-06 0.99470097 1.1419872e-05 0.13633923 0.035885733 0.99555916 0.950699 0.994139 0.058903508 0.9617432 0.5950222 0.0050019077 0.9965658 0.5777941 0.99872553 0.00040594037 0.9892728
0.7331885 2.5611669e-17 0.9766623 0.78602403 0.922014 0.3231691 0.800117 0.027099252 0.43341222 0.9168215 0.8328996 0.0023118781 0.19331887 0.103102066 0.0005026937 0.004565898 0.41464424 0.002729756 0.43202552 0.00042109477 0.113403425 0.017487174 0.00015975456 0.08072936 0.00085368275 0.0011624775 0.001186278 0.17864133 0.005033526 0.0039077965 0.0013662202 0.00018960817 0.0003405805 7.721602e-05 0.00019059131 0.00017645129 0.022499612 2.5440604e-06 0.011946144 0.022120247 0.00012676023 0.015574716 0.026116248 8.332708e-06 0.03821082 0.0028998957 1.052598e-05 3.7573416e-05 0.0010596811 1.7542227e-06 0.013799321 0.00020021341 0.00023143663 0.0025163968 0.004674389 3.1428962e-07 0.014956189 0.015709188 0.000711402 1.8118651e-05 6.7132656e-05 4.77253e-06 8.501377e-06 0.0012154653 2.9773728e-06 0.0013677591 1.0658717e-06 6.4106307e-06 0.000108487584 0.000673372 1.5957214e-06 0.0042901887 0.0013429008 0.0050236303 8.2392864e-07 7.2576663e-06 1.7404151e-06 0.00037597684 0.011072026 0.00026906046 4.0750233e-06 0.0029830942 0.011147669 0.011350838 4.8329866e-07 0.0010748034 1.4316224e-06 3.985438e-06 1.6314223e-06 0.0059188707 0.0002252065 0.007768135 2.9309965e-07 0.00074082153 2.5439344e-06 1.015706e-06 0.0039521786 4.981254e-05 0.0041236645 1.0082957e-06 0.000680406
0.19501002 0.9766623 2.51626e-18 0.039041378 0.12040908 0.9854364 0.8450261 0.00024374209 0.0038977265 0.51216483 0.09694606 0.00010691866 0.0029689956 0.55803347 1.0715094e-05 0.0001511952 0.20798227 2.0438894e-05 0.5531148 1.1796229e-05 0.0076748445 0.00071020855 1.0498229e-05 0.04744261 1.2525636e-05 4.5999706e-05 0.0027196428 0.035621777 0.0005291795 0.00046190206 0.003648702 0.0008291824 0.0007776859 1.3783267e-06 1.7068427e-05 2.8294835e-06 0.0029392082 2.0734106e-07 0.016378911 0.0046267384 0.00035545696 0.012931559 0.009141541 1.5584214e-07 0.030669173 0.0052961446 2.5259649e-06 6.6379966e-05 0.001941534 4.4614296e-07 0.0021463793 0.00074325944 0.00013019107 0.0007401574 0.0064210575 3.7410068e-08 0.0085702 0.009065589 2.4102868e-05 1.315487e-06 4.507243e-06 3.5255393e-06 2.0814266e-05 0.0017093191 6.3870294e-07 1.2861362e-05 2.8468537e-07 1.1654679e-06 3.895651e-05 0.00183346 1.5186179e-06 0.0023854154 0.002250647 0.0019220306 1.1063416e-06 4.2161473e-06 2.8065729e-06 2.317729e-05 0.008741191 0.00046721712 3.9209904e-06 0.0031065843 0.0034772523 0.0049147517 3.17399e-07 0.0018746628 9.419032e-07 3.0572164e-06 2.9706823e-06 0.0036462515 2.2408354e-05 0.004149783 5.085894e-07 0.0014506157 7.0046885e-06 1.1827144e-06 0.0035525265 1.0136365e-05 0.0028523405 2.481679e-06 0.001080563
0.7934789 0.78602403 0.039041378 2.5130484e-13 0.98457634 0.00504619 0.018210754 0.82767904 0.8811779 0.17529169 0.13810691 0.41196513 0.18199514 0.0012228109 0.28052643 0.0613689 0.006209366 0.17030992 0.1334319 0.013917176 0.0065869614 0.2501851 0.10228074 0.004476926 0.11505226 0.00909247 7.283151e-05 0.008219435 0.014161168 0.042056676 7.087569e-06 1.5477706e-05 6.798951e-07 0.01149297 0.06662883 0.0057647857 0.0032138908 0.0011289641 0.0002634669 0.0012851892 4.0045643e-06 0.00074142654 0.0083327405 0.00014131272 0.0020282227 2.0164742e-05 0.00030527852 0.00021006193 5.8053272e-05 0.0003917016 0.00045909363 1.1487419e-05 1.1335184e-05 0.00041563276 0.000103098195 0.00020113337 0.0055540497 0.0032322933 0.00020960068 0.00024184668 0.0002557937 0.0014820881 1.2361535e-06 4.7116748e-05 6.866963e-05 0.00032696026 2.525971e-05 2.2598218e-05 0.0023184887 7.29451e-05 4.306581e-05 0.0009446861 3.277446e-05 0.0031009708 6.327904e-05 2.819962e-05 6.023508e-07 0.00052344106 0.0033008954 0.00036905782 0.0036440997 0.00021552446 0.00064766046 0.00013621674 2.0109512e-05 0.00018024113 3.233528e-05 9.320334e-06 4.0486964e-05 0.00030671136 0.000111998095 0.0030591958 1.465019e-06 1.6361068e-05 1.5548832e-06 2.2133312e-05 0.00023229947 0.00012356196 0.00029158537 4.1004623e-07 1.2250869e-05
0.97660404 0.922014 0.12040908 0.98457634 2.1492851e-14 0.02596963 0.19325942 0.44308326 0.45490485 0.5697305 0.6413049 0.12447547 0.4413544 0.0077885636 0.047056418 0.069525614 0.043554757 0.035376932 0.07055644 0.01463703 0.06087061 0.12667544 0.019114396 0.054193385 0.018108921 0.025682794 0.000650181 0.06148187 0.044913962 0.12670696 0.00019988432 0.00018270923 8.916795e-06 0.0038162442 0.018413879 0.005607106 0.05066091 0.00067045866 0.0048093246 0.02273544 1.24560465e-05 0.008594901 0.08519239 0.0021869957 0.018168539 0.0006438223 0.0011370052 0.00018159869 0.00043046556 0.0020156705 0.011011156 8.9283116e-05 1.9728006e-05 0.013458119 0.00217923 0.00049153727 0.071650736 0.018758433 0.004333753 0.002514485 0.0034131862 0.00021487223 6.313784e-06 0.0001298102 0.000998677 0.0032311066 0.00031189038 0.00041214924 0.00077165675 0.00070487324 0.00025176056 0.004529212 0.00044731313 0.020078411 0.00012553243 0.00029261186 8.672297e-07 0.003105601 0.030713866 0.00029292936 0.020152867 0.0023947216 0.008464823 0.0024983897 4.4196263e-06 0.00011630886 5.9713484e-06 8.890858e-05 0.00034921418 0.005346928 0.0011182579 0.02651238 4.1023948e-05 0.000105016596 3.0295537e-06 4.6586832e-05 0.0012791571 0.0026750949 0.0025061525 4.668637e-07 0.00011545922
0.18433303 0.3231691 0.9854364 0.00504619 0.02596963 1.7082298e-15 0.9141857 8.402986e-05 0.0022436283 0.15634859 0.038646773 7.734294e-05 0.0065153916 0.9050463 1.6144343e-06 9.299572e-05 0.14362882 3.0723848e-05 0.8463358 2.810805e-06 0.005594932 0.0007977391 2.1295287e-05 0.06469959 6.1107635e-06 2.7364586e-05 0.15131219 0.02110518 0.000294284 0.0001910949 0.08559781 0.012687441 0.016787415 7.603057e-07 8.863111e-06 1.007128e-06 0.0024741245 3.374705e-07 0.13270362 0.004840556 0.026971536 0.057033446 0.012047264 2.6589296e-07 0.056501642 0.012478066 2.01635e-06 0.0108739715 0.026829384 1.6497897e-07 0.00383697 0.00675953 0.0074056406 0.001905866 0.024777254 3.2504581e-09 0.01043342 0.018513808 4.9159207e-05 1.2397388e-06 5.4071647e-06 6.7840926e-07 0.00048872124 0.0033901436 1.5025374e-07 2.1541626e-05 3.152872e-07 1.0572383e-06 4.9954383e-06 0.0049987743 1.869995e-07 0.0050227367 0.009645144 0.0038876587 9.864609e-08 4.272429e-06 8.71901e-05 1.1379734e-05 0.013025682 0.0048340424 7.570635e-07 0.00699588 0.0023687193 0.008653548 2.8825559e-08 0.0037874128 4.8947683e-08 2.1455237e-06 1.9978636e-06 0.006548145 8.548449e-06 0.0067426423 5.369344e-08 0.0064492114 0.00020758196 1.1602585e-07 0.0050484966 4.030757e-06 0.0019444032 7.2976645e-06 0.0034468868
0.93951607 0.800117 0.8450261 0.018210754 0.19325942 0.9141857 1.4838139e-14 0.0004308393 0.012211077 0.67340374 0.13948916 0.00026296984 0.015841117 0.9679282 7.495077e-05 0.00035725735 0.8097869 0.000100183825 0.23019388 1.6265916e-05 0.017351056 0.0055867056 3.2498727e-05 0.4896744 0.00029135242 3.6891794e-05 0.050748914 0.1627747 0.00025096996 0.00022533367 0.11734049 0.023881689 0.024492968 1.6134378e-05 3.8412098e-05 6.6521125e-06 0.00090261037 1.0738377e-05 0.42201066 0.0065468145 0.004104005 0.4193023 0.061408684 8.8379034e-07 0.46895003 0.10606195 8.3662235e-06 0.00040448815 0.026795065 0.00024149726 0.00835407 0.009304683 0.00035974168 0.004656665 0.12144142 1.6489277e-05 0.07297493 0.22035035 2.8622648e-05 3.007033e-06 6.387343e-06 0.0004933434 6.609552e-05 0.005614811 7.019062e-07 3.881551e-05 8.750055e-07 5.9248083e-07 0.00020895601 0.029014828 3.710728e-07 0.065018095 0.028512508 0.0035554501 5.2383452e-06 3.5079652e-06 2.1221724e-06 1.84659e-05 0.17271164 0.0009534261 0.001015642 0.07616744 0.041295465 0.055353135 1.2426248e-06 0.008837926 3.1724726e-06 9.832934e-07 5.0083196e-05 0.098937675 3.786432e-05 0.07566309 8.483994e-08 0.026644986 7.548953e-06 1.027739e-05 0.029118001 3.0857966e-06 0.027023878 5.521378e-06 0.011830411
0.604732 0.027099252 0.00024374209 0.82767904 0.44308326 8.402986e-05 0.0004308393 3.3458132e-16 0.8595031 0.022976393 0.08462873 0.97782105 0.34592113 9.787059e-06 0.89335614 0.38882735 0.00038262125 0.6067439 0.0059389775 0.2960872 0.005072494 0.19600894 0.19755146 0.0005471623 0.36795428 0.052738246 2.7222789e-06 0.0012771862 0.045357414 0.14975566 8.0775817e-07 4.3105746e-07 6.852187e-08 0.08451626 0.21231815 0.034248855 0.0044794986 0.0065205856 1.3902794e-06 0.0019085341 6.7977575e-09 7.082045e-05 0.0013336256 0.00019978597 7.9125435e-05 4.019511e-07 0.0004891577 1.1974253e-06 3.6116173e-06 0.0006380631 0.00020944621 6.8101576e-07 4.619359e-08 0.0011547756 2.0081407e-06 0.00014064799 0.0019973952 0.00020079204 6.161761e-05 1.6322558e-05 1.4049871e-05 0.0034880366 4.0428236e-07 2.3717627e-07 1.2571777e-06 3.0166078e-05 6.7857553e-07 1.4769373e-06 0.00101773 1.3727305e-06 2.2332056e-06 1.5755893e-05 5.9318756e-07 0.0023953775 1.5988726e-05 4.397277e-06 1.2392287e-07 1.2116308e-05 0.0002553285 1.665941e-06 0.0417915 6.240678e-06 0.0005890585 4.5559823e-06 7.927386e-05 1.1575987e-06 0.00028819076 2.781832e-07 2.688323e-07 5.5225184e-05 2.597244e-07 0.0005071696 3.7655187e-08 1.6539408e-07 8.613522e-08 3.9922897e-06 1.0910924e-05 1.5015928e-06 0.00019445382 1.6598298e-07 7.9485517e-07
0.2160601 0.43341222 0.0038977265 0.8811779 0.45490485 0.0022436283 0.012211077 0.8595031 4.4535133e-17 0.03526822 0.01734318 0.45731223 0.039236404 0.0061379964 0.4100972 0.02171353 0.00034537225 0.96479785 0.664913 0.0019180974 0.0002962602 0.82620645 0.3331142 0.00013746564 0.116740815 0.0015900811 0.00029780887 4.358958e-05 0.00071446557 0.0054048244 3.098644e-05 3.2125256e-05 1.2266547e-07 0.0048733433 0.18268941 0.002767803 0.0009778672 0.0005504483 1.035296e-05 3.51187e-05 5.7382703e-08 4.9479186e-05 0.00014053269 1.3000675e-05 1.1460697e-05 1.7434519e-06 0.00015072759 0.00029938162 1.6499e-05 8.935289e-05 3.4014636e-06 3.5251428e-06 2.0410823e-07 1.289981e-05 4.1424655e-06 4.9307997e-05 0.0002053699 0.00013279077 4.822227e-07 2.1331873e-05 1.3303667e-06 0.00046811582 1.5694771e-06 2.666478e-06 1.0299244e-06 1.1946514e-06 9.609992e-07 1.7986414e-07 0.0007579135 3.7423522e-06 9.046505e-07 8.353069e-06 1.2915857e-06 0.0003259276 3.4629493e-06 1.6340302e-06 1.0182964e-06 3.3731847e-06 0.0011569262 0.00017987589 0.0006558538 9.021431e-06 2.6801354e-06 9.844896e-07 9.842039e-06 1.4738566e-05 1.8059602e-05 1.5439272e-07 1.3121178e-06 5.7768593e-06 1.4523577e-07 0.0004749623 2.1131225e-08 1.3566304e-06 1.04758755e-07 3.716304e-06 1.0423572e-06 5.9723027e-07 9.7421735e-06 2.458102e-07 4.3438902e-07
0.9002352 0.9168215 0.51216483 0.17529169 0.5697305 0.15634859 0.67340374 0.022976393 0.03526822 8.54077e-16 0.9647438 0.0049006008 0.18013892 0.15627354 0.0008791506 0.020204663 0.88083404 0.00020235819 0.023515575 0.0037444874 0.33505014 0.0019550612 0.00024362962 0.2890076 0.0013853031 0.0060478654 0.0023174067 0.75604683 0.009909521 0.0068580033 0.0008390518 0.0005482718 0.00033006872 8.018705e-05 2.8306888e-05 0.00044364823 0.040811438 3.6508824e-05 0.02075459 0.09513027 8.5408756e-05 0.047379166 0.27509966 7.7481585e-05 0.1742709 0.005506476 4.8354435e-05 9.455505e-06 0.0016113304 2.0539192e-05 0.029034294 0.00040025866 3.1795586e-05 0.034780692 0.012173387 2.2096058e-06 0.14514546 0.10041527 0.0013960465 0.00012686048 0.0002784708 1.1721648e-06 3.2441892e-06 0.0007043488 5.999041e-05 0.0010478309 1.0420784e-05 5.9402653e-05 1.2052234e-05 0.0020975245 9.689844e-07 0.01089522 0.002721659 0.023362055 3.921989e-06 4.7245007e-06 9.610783e-08 0.00025575663 0.08534473 0.00015613544 2.0330903e-05 0.008112775 0.045876145 0.008806745 2.5617467e-07 0.000527977 3.24035e-07 2.8387649e-06 7.3208903e-06 0.024838777 0.0006212822 0.07436677 2.6583807e-06 0.002368506 2.9288435e-06 4.0523405e-06 0.0028260113 0.00016891334 0.016740868 3.0149582e-08 0.0008873803
0.8723822 0.8328996 0.09694606 0.13810691 0.6413049 0.038646773 0.13948916 0.08462873 0.01734318 0.9647438 1.5706055e-16 0.03786704 0.96822494 0.01107145 0.0054292367 0.2915652 0.3763915 0.0006095991 0.0058573023 0.03896934 0.90116024 0.0017320396 0.0004147221 0.047230493 0.0016644896 0.057653386 0.00021416826 0.6296199 0.18094933 0.12709625 0.00029949928 0.00022742871 5.9436545e-05 0.0012980569 4.966843e-05 0.0025497323 0.47412893 0.000691006 0.0016071346 0.31870076 3.837239e-06 0.010692882 0.16717549 0.0032283226 0.059310745 0.0008384978 0.000701658 4.4978606e-06 0.00046538256 0.00021964328 0.0720793 0.00015873145 1.3403374e-05 0.05590523 0.0036312656 1.6395366e-05 0.13795812 0.040814374 0.010490784 0.0022299082 0.0025668337 7.9069684e-07 1.0942473e-06 0.00027548574 0.0010316641 0.020004924 0.00041376372 0.0012539795 7.368029e-06 0.001493488 5.686547e-05 0.004678021 0.0014203596 0.040255558 1.986422e-05 0.00017195451 5.940953e-08 0.002851095 0.0268634 0.00011648447 1.3228637e-05 0.0020518852 0.036654297 0.0040542176 2.388332e-07 0.00018890029 6.00169e-07 0.00015131247 0.000106794854 0.008861748 0.0020260294 0.037967592 0.00014320266 0.00050593313 3.683117e-06 3.6245725e-05 0.0017004441 0.0012977344 0.010852112 3.0503113e-08 0.00040448256
0.36188704 0.0023118781 0.00010691866 0.41196513 0.12447547 7.734294e-05 0.00026296984 0.97782105 0.45731223 0.0049006008 0.03786704 5.749641e-16 0.26241103 1.5228811e-05 0.97788966 0.4175363 0.00013944543 0.3585703 0.0008044859 0.46521962 0.0035751658 0.025079673 0.19725934 0.0005184489 0.45774275 0.13182451 9.387265e-06 0.0012709874 0.07513566 0.16343722 1.973464e-06 3.1053236e-07 1.4380983e-07 0.23475747 0.06665338 0.116813324 0.01200594 0.03627628 8.201245e-06 0.0024832287 7.4142676e-08 6.8937865e-05 0.0014493898 0.0019505889 8.927682e-05 3.61596e-06 0.002537804 1.8902372e-06 5.5676824e-06 0.0038988804 0.00051470875 1.4877293e-06 7.556681e-08 0.0014856685 3.939262e-06 0.000997464 0.002272428 0.0002418146 0.00037089997 9.4965195e-05 0.0002868163 0.001905051 9.081774e-07 2.2188758e-06 2.6510123e-05 0.0001525673 8.592946e-06 4.35634e-05 0.0001126294 4.7328795e-06 0.0001313955 3.6221187e-05 3.2337916e-06 0.0050188224 0.00016825448 2.4966499e-05 7.48089e-08 4.89932e-05 0.00047263058 9.56125e-07 0.06251613 2.4183708e-05 0.0020426083 8.570542e-05 2.5258843e-05 2.9674966e-06 8.9604444e-05 3.4452303e-06 2.4527199e-06 0.00022164546 1.5488093e-06 0.0004731528 6.2376876e-07 6.0837976e-07 1.5859443e-07 2.5061918e-05 9.214978e-05 1.5336884e-05 0.000491049 1.2409869e-06 2.274647e-06
0.9085906 0.19331887 0.0029689956 0.18199514 0.4413544 0.0065153916 0.015841117 0.34592113 0.039236404 0.18013892 0.96822494 0.26241103 7.904734e-17 0.00026487038 0.19447531 0.9337112 0.03570103 0.003519397 0.013990646 0.55695975 0.43408567 0.0035773742 0.004045051 0.0062431847 0.043813717 0.5777457 1.9516288e-05 0.15461473 0.65544283 0.6068705 1.0397584e-05 1.830956e-06 1.013437e-06 0.059663817 0.0004872883 0.06692738 0.5902558 0.010852376 4.6619945e-05 0.17948085 5.7024614e-08 0.0015973477 0.08434144 0.036438722 0.008321302 1.410392e-05 0.0044939164 4.454122e-07 3.3342247e-05 0.0019787285 0.032741547 2.4725864e-06 1.6540346e-06 0.06323085 0.0006265922 0.0005556419 0.09506819 0.012592296 0.00981379 0.0014133885 0.002488874 2.1278438e-05 1.2274428e-06 7.2815014e-06 0.0007743183 0.021008318 0.00044119832 0.0009007611 6.347139e-06 5.0784744e-05 0.00034474736 0.0011073257 0.0001049443 0.061541487 0.00013380354 0.00048385432 5.0576833e-08 0.0010457734 0.008203272 7.6075794e-06 0.00031994778 0.00039717206 0.02624717 0.0013292982 1.2999254e-06 6.9107655e-06 1.1289657e-05 0.0001542102 0.0001729119 0.0025237512 0.00034757168 0.017068917 5.5869343e-05 1.2595208e-05 1.7123094e-07 2.2629489e-05 0.0005755472 0.00069526635 0.0068286126 1.1249927e-08 7.287994e-05
0.84120005 0.103102066 0.55803347 0.0012228109 0.0077885636 0.9050463 0.9679282 9.787059e-06 0.0061379964 0.15627354 0.01107145 1.5228811e-05 0.00026487038 1.4810188e-16 2.8429278e-05 8.358144e-06 0.76859397 5.3114836e-06 0.6453285 1.044156e-06 0.0024490692 0.001437863 1.3394225e-05 0.4916849 3.918688e-06 2.0842224e-06 0.49940723 0.079675645 4.612092e-06 8.379398e-06 0.6601778 0.62725425 0.5636737 1.0682488e-06 0.00013184901 1.4165204e-06 0.00028016153 2.2040895e-06 0.75696796 0.00091895816 0.5608371 0.6000789 0.020156529 4.6758683e-07 0.33016494 0.30641598 2.433816e-06 0.16629595 0.26252002 1.162558e-05 0.0026322103 0.21651858 0.1968299 0.0030264207 0.19686916 2.0632699e-05 0.01598724 0.12117899 5.889273e-07 3.3626833e-07 9.704123e-07 0.0004924863 0.0014754959 0.16035508 2.1320952e-07 4.3390915e-07 3.1187741e-07 3.642678e-07 0.00014127174 0.07495753 2.9310243e-07 0.07298685 0.14515024 0.0033647849 3.7824275e-06 1.039179e-06 0.0001709385 2.9724717e-07 0.113941185 0.13421197 0.0002676825 0.1776577 0.009982038 0.06652418 2.05431e-06 0.12486043 2.5072259e-06 3.7697637e-07 3.88546e-06 0.08444584 2.5032475e-06 0.056326654 2.3536746e-08 0.18319765 0.0052741417 4.1329126e-06 0.0807772 9.88145e-07 0.006194142 0.0007219202 0.07782656
0.24013896 0.0005026937 1.0715094e-05 0.28052643 0.047056418 1.6144343e-06 7.495077e-05 0.89335614 0.4100972 0.0008791506 0.0054292367 0.97788966 0.19447531 2.8429278e-05 2.1038843e-16 0.4065072 2.7243514e-06 0.8369062 5.202051e-05 0.4710795 0.0009449218 0.012646736 0.765045 3.4010012e-05 0.8870053 0.093373016 9.708094e-07 9.684524e-05 0.037711814 0.05190473 1.7181861e-06 4.623231e-07 9.077344e-08 0.15774858 0.10745862 0.07626125 0.001239346 0.058362007 2.0340935e-06 0.000784001 1.089084e-07 1.8751974e-05 0.00073700777 0.0032028803 9.328792e-06 4.669282e-07 0.0042141876 1.7035836e-07 6.1032125e-07 0.0075407475 0.00012786791 1.6996527e-06 4.5336714e-07 0.0006438239 4.6896992e-07 0.0013372196 0.0012492028 0.000103469545 0.0004004914 0.00018479492 0.00013997666 0.002792206 2.1834204e-07 7.177289e-07 3.561151e-05 0.00013041399 3.4236084e-05 1.3448688e-05 6.4141685e-05 9.0808896e-07 5.4536627e-05 2.5011216e-06 4.0860772e-07 0.0036537636 8.367495e-05 5.3980224e-05 4.869001e-09 5.375449e-05 0.00053346297 1.8805924e-06 0.05754059 2.2284516e-05 0.00085868436 1.6023512e-05 1.5122929e-05 8.609565e-06 0.00011142015 1.8007037e-06 2.4125395e-06 7.362694e-05 1.06423695e-05 0.0003369248 1.2722242e-07 2.8957404e-06 5.4490844e-08 1.5268484e-05 1.416563e-05 1.1748805e-05 0.00029056217 7.07191e-08 3.3188871e-06
0.84094244 0.004565898 0.0001511952 0.0613689 0.069525614 9.299572e-05 0.00035725735 0.38882735 0.02171353 0.020204663 0.2915652 0.4175363 0.9337112 8.358144e-06 0.4065072 3.9592822e-18 0.0016953653 0.0062198406 0.001347973 0.97148883 0.08427303 0.00289546 0.016413454 0.0012955667 0.14874184 0.7890844 1.2977479e-06 0.0100370655 0.6131969 0.55747116 3.0545266e-06 1.565597e-07 1.1493348e-07 0.4581855 0.0018852784 0.29534692 0.26115853 0.13437021 2.5500225e-05 0.023654466 1.8706418e-08 0.00029165045 0.015637508 0.099043675 0.00092691055 5.0739063e-06 0.024482884 1.6490355e-06 1.61836e-05 0.02566261 0.0041775685 6.120378e-07 4.6331333e-08 0.01702957 1.7930532e-05 0.007124602 0.020662505 0.0028417122 0.004116103 0.00058313576 0.0005621179 7.1817405e-05 2.0109e-06 8.74776e-07 9.4055315e-05 0.0020303836 9.402814e-05 0.00020920768 1.629644e-05 4.7281287e-06 0.0006519898 0.00011614082 9.655542e-06 0.040781032 0.0005313875 0.00030074175 1.8244796e-07 0.00017473254 0.0024758095 7.677296e-07 0.009021332 6.808106e-05 0.0055371057 0.00013214497 8.6434557e-07 2.4548656e-06 9.03326e-06 5.283372e-05 3.2883818e-05 0.0008782778 3.8450213e-05 0.0055983085 3.5755847e-06 3.2447215e-06 1.0803263e-07 4.7376867e-05 7.301162e-05 7.386607e-05 0.001790701 3.6694033e-07 8.51561e-06
0.79933643 0.41464424 0.20798227 0.006209366 0.043554757 0.14362882 0.8097869 0.00038262125 0.00034537225 0.88083404 0.3763915 0.00013944543 0.03570103 0.76859397 2.7243514e-06 0.0016953653 1.9138034e-17 4.8283005e-07 0.0011473844 0.00019051589 0.21014287 0.00014069253 2.206591e-07 0.9817885 1.8144771e-06 0.00026215607 0.0025664188 0.81579393 0.00090871076 0.0015243473 0.03177773 0.00181249 0.008850683 3.877716e-06 3.1134414e-06 3.511627e-06 0.009531511 8.9920626e-08 0.4116358 0.123735346 0.0004626059 0.5096473 0.29349762 7.979098e-07 0.56604874 0.07464279 1.9838308e-06 7.287695e-05 0.01592911 3.8019834e-07 0.08693235 0.003523229 0.00020370289 0.023550363 0.22806579 2.5349154e-08 0.18130064 0.17674865 0.00040912192 1.3524719e-06 4.646949e-06 8.6710975e-07 2.6323118e-05 0.005858568 4.0077293e-07 0.00030050406 3.4226747e-07 7.678987e-07 7.5969224e-06 0.037684076 1.16255336e-07 0.053072587 0.022067782 0.021178111 6.424033e-08 6.308195e-07 1.8296955e-06 8.48769e-05 0.13555036 0.00037071964 4.2949898e-07 0.035549324 0.13888147 0.048354834 4.1432948e-08 0.0020716824 3.8560268e-07 6.0566236e-07 7.2179387e-07 0.069137335 0.00019996191 0.09345222 8.110352e-08 0.011519598 3.0277747e-06 3.421953e-07 0.018565677 1.825618e-05 0.069649465 3.0131e-07 0.004708479
0.08811875 0.002729756 2.0438894e-05 0.17030992 0.035376932 3.0723848e-05 0.000100183825 0.6067439 0.96479785 0.00020235819 0.0006095991 0.3585703 0.003519397 5.3114836e-06 0.8369062 0.0062198406 4.8283005e-07 3.7481804e-14 0.008451787 0.0043235254 2.665551e-05 0.61828023 0.97475743 7.037951e-07 0.8442231 0.0026099186 5.9134704e-06 2.6599682e-06 0.0008108717 0.005041364 2.7920889e-05 1.4412334e-06 8.53686e-07 0.012144295 0.79055023 0.006287088 7.176872e-05 0.0051922225 3.9050684e-07 4.5704737e-06 4.7574173e-07 3.7783927e-06 3.020271e-06 0.00048612183 2.744237e-06 7.577349e-08 0.0007353193 2.2126222e-05 9.144653e-07 0.0046258317 3.9597408e-06 2.3901254e-07 1.963649e-08 2.2563052e-05 8.316334e-07 0.0027889565 3.0576906e-05 1.1323255e-05 1.7720518e-05 5.185102e-05 2.3454168e-05 0.05958314 4.6465522e-07 5.366731e-07 4.990476e-06 6.8705885e-06 1.1813318e-05 4.7974913e-06 0.011846811 3.7249492e-07 5.6474244e-05 2.7979781e-06 2.4740075e-07 0.00041234618 7.902122e-05 1.1645576e-05 1.203179e-07 5.554927e-06 0.0002465412 2.0094076e-07 0.03662211 4.488583e-06 1.0177776e-05 1.0527686e-05 0.00055941805 3.0892654e-06 0.0014819003 3.210092e-06 2.1841868e-05 8.7834105e-06 2.5681706e-07 0.000104059625 3.181451e-07 9.7098386e-08 4.210831e-08 3.4145472e-05 2.0004372e-06 6.3419986e-07 9.30276e-06 1.2418847e-07 2.4536425e-07
0.0476144 0.43202552 0.5531148 0.1334319 0.07055644 0.8463358 0.23019388 0.0059389775 0.664913 0.023515575 0.0058573023 0.0008044859 0.013990646 0.6453285 5.202051e-05 0.001347973 0.0011473844 0.008451787 1.1286742e-16 0.0001997197 0.0005073382 0.19879802 0.0016239366 0.0017868773 0.0014772369 0.0004599756 0.99464434 0.002031283 0.00030281246 0.001320241 0.013417334 0.42512926 0.00092243345 0.00042112588 0.0024170454 0.00036909338 0.033523686 7.874956e-05 0.000636902 0.0002785481 0.1182594 0.0014651698 0.0038628175 0.00029901753 0.0013110972 0.00036949202 0.0014991919 0.1888382 0.0003613774 1.7167873e-06 0.00036187767 0.00026347945 0.0016826291 0.0010501435 0.0001915012 3.6081107e-07 0.00184973 0.001673646 0.010091155 0.01893254 0.06677534 0.001002613 0.5173857 0.00033706173 0.002713161 0.011893853 0.000105272695 0.018006325 0.004101618 5.9788563e-05 2.4429291e-06 0.0003483653 5.9929276e-05 0.0005371619 3.833921e-06 0.00012426058 0.07123631 0.03514574 0.0042787762 0.0022142455 0.00011178435 0.0017710198 1.523736e-06 4.763824e-05 0.00052689755 0.00051619473 6.711371e-05 5.6242538e-05 2.4239009e-05 0.00040247838 0.0007828587 0.0054510115 3.3023294e-05 0.00020922562 0.0005257968 0.00014658799 1.5120419e-05 0.25435975 0.00010620272 0.00023926717 1.5615324e-05
0.8026763 0.00042109477 1.1796229e-05 0.013917176 0.01463703 2.810805e-06 1.6265916e-05 0.2960872 0.0019180974 0.0037444874 0.03896934 0.46521962 0.55695975 1.044156e-06 0.4710795 0.97148883 0.00019051589 0.0043235254 0.0001997197 2.3032275e-17 0.008559855 0.00024893665 0.029144688 0.00026864794 0.27189586 0.9254094 2.2314842e-07 0.002350184 0.51239747 0.53048116 2.3176716e-07 4.7162484e-08 1.1513527e-08 0.88060236 0.00039373394 0.65589345 0.11108411 0.4121539 2.8870847e-06 0.0064206193 1.1291826e-08 9.5451505e-05 0.004712237 0.40891504 0.0002416763 9.1847267e-07 0.13285984 2.4258354e-06 1.2731705e-06 0.074622594 0.0017010327 2.2621786e-07 3.6069994e-07 0.0026390457 2.627312e-06 0.02657547 0.010178563 0.00078946317 0.008045696 0.0016616879 0.00085858325 8.3898136e-05 7.074795e-07 4.7103447e-07 0.0002952395 0.0035881693 0.0003034571 0.0002604488 3.2774037e-06 1.957673e-06 0.0023071922 3.169991e-05 8.50752e-07 0.027023705 0.0011164394 0.00032148624 3.7314788e-08 0.00074549456 0.0009342926 3.2073688e-06 0.013944444 7.1043855e-06 0.0031038274 5.3701562e-05 4.8240025e-07 1.1235412e-06 5.287038e-06 2.3387292e-05 4.5616667e-05 0.00062172674 8.51308e-05 0.0022913255 3.515943e-06 5.5696387e-07 1.14941e-06 4.9220846e-05 3.0590265e-05 0.0005320675 0.0013312596 7.5310545e-08 8.2257344e-07
0.81991196 0.113403425 0.0076748445 0.0065869614 0.06087061 0.005594932 0.017351056 0.005072494 0.0002962602 0.33505014 0.90116024 0.0035751658 0.43408567 0.0024490692 0.0009449218 0.08427303 0.21014287 2.665551e-05 0.0005073382 0.008559855 2.5004186e-15 6.928177e-05 0.00011037249 0.043657474 0.00032545548 0.021328017 0.00026346286 0.9230441 0.12578729 0.15541664 0.00014809798 0.00013761858 3.2297557e-05 0.0007235013 1.1397458e-05 0.0022962706 0.86453545 0.000460306 0.00024759938 0.92226624 7.635651e-06 0.005045101 0.33317554 0.0037231953 0.03700782 0.0001218796 0.000479107 3.9663964e-06 5.6967787e-05 0.000116657444 0.2083094 1.4295384e-05 8.329848e-06 0.14008708 0.0024979087 3.2577795e-05 0.19024345 0.02870159 0.019487858 0.002863246 0.003137684 7.225529e-07 9.756144e-07 3.8033075e-05 0.00066968706 0.024405664 0.00047718972 0.0013934964 2.760785e-06 0.0005169835 0.00010277042 0.0035871805 0.00024969561 0.091040075 6.864691e-05 0.00030298808 2.3245802e-07 0.0026296861 0.028157057 9.530547e-06 1.6192584e-05 0.0012749415 0.04664702 0.00406013 2.467358e-07 1.6639935e-05 6.246641e-07 0.0002903849 0.0001708904 0.012884719 0.0033669674 0.042447634 0.00019529238 0.00021603973 7.903271e-06 4.305669e-05 0.00086652994 0.0009778265 0.017017053 1.0105479e-07 0.00010821696
0.0051995586 0.017487174 0.00071020855 0.2501851 0.12667544 0.0007977391 0.0055867056 0.19600894 0.82620645 0.0019550612 0.0017320396 0.025079673 0.0035773742 0.001437863 0.012646736 0.00289546 0.00014069253 0.61828023 0.19879802 0.00024893665 6.928177e-05 4.861282e-16 0.04890876 3.0584313e-05 0.011139433 0.00041905485 0.00023164884 3.1945125e-05 0.00011927856 0.0007248466 0.00026767972 9.6475495e-05 9.115245e-06 0.00013002715 0.9480421 8.685556e-05 6.359406e-05 3.42748e-05 0.00012354004 8.834176e-06 5.4419597e-06 0.000517712 1.9210216e-05 1.0758185e-06 0.00014787626 2.890836e-05 1.0547251e-05 0.00035911714 0.00054864894 2.1484344e-05 2.7063168e-05 6.685728e-05 3.6799465e-06 1.7109303e-05 0.00081688707 4.305337e-05 0.00025707105 0.0005681444 1.0816439e-05 5.619136e-06 1.0290503e-05 0.0016974353 6.83632e-06 0.0002161908 8.3057375e-07 5.8748854e-05 7.6733875e-07 3.9593065e-06 0.009321945 0.00018915645 5.483154e-07 0.00019369205 7.2678515e-05 0.00019344226 2.1777607e-06 2.1701399e-06 1.4703882e-06 3.0863498e-06 0.0010788753 0.00012766772 0.00035351817 0.00010899522 0.00014155172 0.00046729695 0.00011368295 0.0001272997 4.1192325e-05 8.934159e-08 6.3447027e-07 0.0009914711 1.4508481e-06 0.001263135 2.8478105e-08 1.5486772e-05 8.0006464e-07 2.615016e-06 0.00015389653 2.1651174e-07 0.0020995229 4.85793e-07 1.6653286e-05
0.11149812 0.00015975456 1.0498229e-05 0.10228074 0.019114396 2.1295287e-05 3.2498727e-05 0.19755146 0.3331142 0.00024362962 0.0004147221 0.19725934 0.004045051 1.3394225e-05 0.765045 0.016413454 2.206591e-07 0.97475743 0.0016239366 0.029144688 0.00011037249 0.04890876 3.0280655e-14 4.0729255e-06 0.98076373 0.010181432 7.1917843e-06 1.1476754e-05 0.0029883452 0.012466284 8.763538e-06 5.2991606e-07 4.220345e-07 0.08247453 0.31101528 0.035496633 0.000718459 0.034758486 2.0865511e-06 4.657724e-05 1.6047865e-06 1.640842e-06 4.8892845e-05 0.00054853666 8.657948e-06 1.3872537e-07 0.0034915942 3.4545563e-05 2.3357268e-05 0.06380541 1.7393473e-05 9.0404507e-07 4.0026114e-07 6.438837e-05 1.7861512e-07 0.021465749 8.009686e-05 1.9121568e-05 0.00032106525 0.0002684428 0.00012799026 0.05103258 3.1415325e-07 3.0758365e-06 6.351883e-05 3.4189197e-05 3.3360215e-05 1.251779e-05 0.006572846 2.1403798e-06 0.00013914428 2.815218e-06 4.1885482e-07 0.0007435362 0.0005162403 5.9931277e-05 1.1668575e-07 2.2384987e-05 0.00010114519 1.3139391e-05 0.3532711 3.6038382e-06 3.160531e-05 5.5550486e-06 0.0014888918 4.8461147e-06 0.004949301 5.0018116e-06 1.2428066e-05 2.3554927e-05 2.5125396e-06 0.00010773011 6.6743945e-07 2.0171181e-07 8.1979756e-08 0.00012498056 2.6570324e-06 1.0197265e-05 8.452507e-06 1.5371351e-07 8.9707854e-08
0.9730658 0.08072936 0.04744261 0.004476926 0.054193385 0.06469959 0.4896744 0.0005471623 0.00013746564 0.2890076 0.047230493 0.0005184489 0.0062431847 0.4916849 3.4010012e-05 0.0012955667 0.9817885 7.037951e-07 0.0017868773 0.00026864794 0.043657474 3.0584313e-05 4.0729255e-06 4.7666017e-16 7.395707e-05 0.00024525844 0.004079548 0.451004 0.00049651176 0.00061749405 0.037031744 0.0030384471 0.004913568 6.3224936e-05 7.599429e-06 0.00015597903 0.012258274 2.9409798e-06 0.2522332 0.034630608 0.00058776315 0.521306 0.4065522 1.5547133e-05 0.76013064 0.09207842 4.6395384e-05 0.00024251972 0.008772519 9.946156e-07 0.03608629 0.0049373177 0.0005021932 0.048500754 0.2277579 3.711795e-08 0.30354342 0.4747967 0.0012969297 1.4380105e-05 3.0470566e-05 4.7927415e-07 5.3916297e-06 0.004369453 7.151453e-06 0.0003407623 6.053306e-06 6.503509e-06 4.6975865e-07 0.038042076 2.3210262e-06 0.12698069 0.015837016 0.04612209 1.0208031e-06 7.849123e-06 5.524093e-07 0.00021772482 0.48592007 0.0011597221 4.7395886e-07 0.11628685 0.19709316 0.08893363 6.823195e-08 0.00414059 7.6729e-08 2.474325e-06 1.9633737e-06 0.2262968 0.0003997376 0.3981005 1.00738205e-07 0.027922887 2.1205731e-05 3.7376103e-07 0.035371535 0.00022199513 0.097979285 1.5960973e-08 0.008976277
0.3378578 0.00085368275 1.2525636e-05 0.11505226 0.018108921 6.1107635e-06 0.00029135242 0.36795428 0.116740815 0.0013853031 0.0016644896 0.45774275 0.043813717 3.918688e-06 0.8870053 0.14874184 1.8144771e-06 0.8442231 0.0014772369 0.27189586 0.00032545548 0.011139433 0.98076373 7.395707e-05 6.4332e-17 0.07165742 4.528657e-06 2.822082e-05 0.027271925 0.07857011 1.1797523e-05 5.59972e-07 1.435885e-07 0.5225866 0.3006296 0.34397548 0.0014961816 0.44441083 1.6684611e-06 0.00011855433 3.9611737e-07 1.9635452e-05 0.000539291 0.011078748 8.206359e-05 7.757943e-08 0.046166427 6.366839e-05 1.272245e-05 0.3120944 1.9023168e-05 2.3037105e-06 3.0467314e-07 0.00020279596 7.117008e-07 0.13447785 0.00039927696 0.00014952694 0.0011408922 0.0007233147 0.00034174923 0.049110595 1.9629498e-07 9.797233e-07 0.00024938167 9.253498e-05 0.00016324916 1.670382e-05 0.0015267646 2.1620174e-06 0.00049848447 5.8432333e-06 4.8580876e-07 0.005592121 0.0027425615 0.000229691 1.3073233e-07 0.00015462178 0.00030996918 3.493609e-06 0.7186753 5.783602e-06 0.00018452371 5.810836e-06 0.00070310524 2.1038952e-06 0.0052870987 1.9802887e-06 6.8593076e-06 7.430234e-05 2.8991474e-06 0.0002918519 4.7873516e-07 1.5983647e-07 5.278091e-08 8.1565944e-05 2.189412e-06 2.9506537e-05 3.335029e-05 3.105488e-08 8.8299885e-08
0.89071405 0.0011624775 4.5999706e-05 0.00909247 0.025682794 2.7364586e-05 3.6891794e-05 0.052738246 0.0015900811 0.0060478654 0.057653386 0.13182451 0.5777457 2.0842224e-06 0.093373016 0.7890844 0.00026215607 0.0026099186 0.0004599756 0.9254094 0.021328017 0.00041905485 0.010181432 0.00024525844 0.07165742 7.0964434e-17 3.7440853e-07 0.0047510504 0.96429825 0.7715776 2.6868133e-07 8.771172e-08 2.3581007e-08 0.6158545 0.00034607967 0.60687304 0.31120744 0.18265662 1.18769e-06 0.017244866 1.9240348e-08 8.970277e-05 0.009404128 0.8517455 0.00019104716 8.3651736e-07 0.20773754 8.240481e-07 4.184091e-06 0.050318256 0.005183164 7.009557e-07 1.905216e-07 0.0096531 6.7112646e-06 0.018757189 0.014783362 0.00047106278 0.03361858 0.058789473 0.014240583 1.0646674e-05 3.976958e-07 3.1315838e-07 0.01263999 0.026816603 0.015967958 0.0039305324 1.691243e-06 8.003719e-06 0.017992971 5.1986186e-05 3.2926794e-06 0.051218297 0.002938604 0.009336927 3.58238e-08 0.002591504 0.0012720467 2.0884484e-06 0.01883728 4.8601473e-06 0.0060896142 5.822882e-05 6.6893824e-07 2.9143396e-07 1.6872141e-06 0.00028431 0.00065603206 0.0005380566 0.00032441085 0.0033970436 0.00010033481 1.8856163e-07 1.271781e-06 0.00032965915 1.713136e-05 0.0010904268 0.001777602 1.7995308e-08 7.1803015e-07
0.013936015 0.001186278 0.0027196428 7.283151e-05 0.000650181 0.15131219 0.050748914 2.7222789e-06 0.00029780887 0.0023174067 0.00021416826 9.387265e-06 1.9516288e-05 0.49940723 9.708094e-07 1.2977479e-06 0.0025664188 5.9134704e-06 0.99464434 2.2314842e-07 0.00026346286 0.00023164884 7.1917843e-06 0.004079548 4.528657e-06 3.7440853e-07 7.5914435e-18 0.00066171616 2.848593e-06 8.188928e-06 0.070609175 0.97270375 0.023005163 3.2533458e-07 1.0610548e-05 1.3798311e-06 0.000104646075 2.4962878e-07 0.013564999 0.00014149692 0.630868 0.0028288132 0.00029982105 8.2163226e-08 0.00081729266 0.0019198002 5.4500174e-07 0.6383465 0.008230048 1.3694047e-07 0.00016678359 0.0069970414 0.022930369 8.7784894e-05 0.0006482048 8.824012e-08 0.00045663177 0.00038691016 1.4296789e-05 3.129206e-06 4.224656e-06 4.0970186e-05 0.055077188 0.0028773188 2.0687789e-07 0.00014539606 1.3903185e-07 2.59728e-06 6.5794084e-05 0.00079991866 3.358147e-08 0.00081746536 0.0010968045 0.00014681982 2.2954765e-07 2.0761351e-07 0.0028735618 1.0109586e-05 0.0015227449 0.006002832 2.6887913e-06 0.0031367326 9.0739995e-05 0.0008513957 8.619896e-07 0.003511433 7.0511925e-07 3.3419508e-07 5.7440275e-07 0.00084259606 2.645099e-06 0.0003522214 2.8604456e-08 0.0018163037 0.0025502623 1.2815343e-06 0.0020301212 4.181614e-06 0.0001683646 5.3842792e-05 0.00088298053
0.8386788 0.17864133 0.035621777 0.008219435 0.06148187 0.02110518 0.1627747 0.0012771862 4.358958e-05 0.75604683 0.6296199 0.0012709874 0.15461473 0.079675645 9.684524e-05 0.0100370655 0.81579393 2.6599682e-06 0.002031283 0.002350184 0.9230441 3.1945125e-05 1.1476754e-05 0.451004 2.822082e-05 0.0047510504 0.00066171616 2.063168e-16 0.012260664 0.018829333 0.0001872216 0.00045748154 7.6545235e-05 9.984276e-05 1.1067401e-05 0.00052429613 0.35776824 1.9776135e-05 0.0069085127 0.8338038 2.4439349e-05 0.060678765 0.94939166 0.00020849322 0.35658276 0.0040787566 4.6907728e-05 2.6014843e-06 0.00056151295 1.51724935e-05 0.24062645 0.00014513491 2.1285705e-05 0.11507048 0.017890504 4.994947e-06 0.5200246 0.19709428 0.006013972 0.00011379326 0.0004199338 1.0283767e-06 1.2528534e-06 0.0002043569 3.138574e-05 0.0057503805 2.0129946e-05 0.00010107459 1.1688903e-05 0.0016386537 1.1527503e-06 0.016625311 0.0008894519 0.038959466 1.46534385e-05 9.941211e-06 1.6422548e-07 0.0006205142 0.06152457 1.4026669e-05 1.3547706e-05 0.0050350693 0.15993917 0.01777432 5.6760246e-07 0.00011057911 1.3779467e-06 3.648589e-05 9.349856e-06 0.048416518 0.0012275067 0.107089914 4.0599283e-05 0.0012592218 2.212429e-06 2.1630802e-05 0.0041260603 0.00057553186 0.09097144 8.736209e-08 0.00068902015
0.8882515 0.005033526 0.0005291795 0.014161168 0.044913962 0.000294284 0.00025096996 0.045357414 0.00071446557 0.009909521 0.18094933 0.07513566 0.65544283 4.612092e-06 0.037711814 0.6131969 0.00090871076 0.0008108717 0.00030281246 0.51239747 0.12578729 0.00011927856 0.0029883452 0.00049651176 0.027271925 0.96429825 2.848593e-06 0.012260664 9.274482e-18 0.97736055 1.0574282e-07 4.293262e-07 1.11147695e-08 0.26699245 0.00015507071 0.33320266 0.7348083 0.05101807 1.9807287e-06 0.08808563 7.998327e-09 0.00016881929 0.013581671 0.59183484 0.00055785937 6.4385296e-07 0.06948488 2.4138038e-07 1.1831736e-06 0.01607157 0.016078483 1.3450892e-07 2.5401086e-08 0.016263397 1.2146737e-05 0.0073341792 0.030935602 0.0015098525 0.047299065 0.092449546 0.028446896 1.6539445e-06 1.1208977e-06 1.34065115e-08 0.019071564 0.04382126 0.019664196 0.00820046 2.7091056e-07 1.7277872e-06 0.010979007 9.705392e-05 5.379583e-07 0.082119256 0.0020521367 0.009227075 1.4815045e-07 0.0025407837 0.0018058905 7.386504e-08 0.0045036683 4.090146e-06 0.014982986 0.0001629892 1.1746195e-07 1.2036766e-08 4.8442683e-07 0.0008007353 0.0012922343 0.0010619741 0.00078955496 0.0050446605 0.0003601852 3.367171e-08 1.1829923e-07 0.00045692956 8.128061e-06 0.001484861 0.00300432 5.5482317e-09 3.8822265e-08
0.96549743 0.0039077965 0.00046190206 0.042056676 0.12670696 0.0001910949 0.00022533367 0.14975566 0.0054048244 0.0068580033 0.12709625 0.16343722 0.6068705 8.379398e-06 0.05190473 0.55747116 0.0015243473 0.005041364 0.001320241 0.53048116 0.15541664 0.0007248466 0.012466284 0.00061749405 0.07857011 0.7715776 8.188928e-06 0.018829333 0.97736055 2.3374093e-18 7.860463e-08 6.0964936e-07 1.9419083e-08 0.39545792 0.00066190324 0.4704109 0.7514701 0.07133947 9.079055e-07 0.12226241 3.9756934e-08 0.00020313585 0.019703083 0.70643485 0.0012375608 9.101508e-07 0.18761145 5.76823e-07 2.2413838e-06 0.021669019 0.022932857 2.3134184e-07 9.427646e-08 0.029779024 2.93195e-05 0.014102085 0.042677846 0.0025455665 0.036919963 0.074312516 0.016806453 7.988064e-06 1.6645594e-06 3.215092e-08 0.021604814 0.02498948 0.05063609 0.0069629755 1.1957102e-06 1.9021053e-06 0.02631991 0.00014039806 2.0283135e-06 0.13697743 0.005971047 0.052072708 9.422988e-08 0.00083820004 0.003887047 1.7725993e-07 0.08648126 1.3532482e-05 0.029936688 0.0002385686 2.8968353e-07 3.478041e-08 7.8075425e-07 0.0003527357 0.0023693033 0.0015054492 0.00026957647 0.011369841 0.00024612254 1.4773184e-07 7.259112e-08 0.00064388313 8.4003295e-06 0.00085500634 0.0044673146 1.1586821e-08 4.267927e-07
0.5859747 0.0013662202 0.003648702 7.087569e-06 0.00019988432 0.08559781 0.11734049 8.0775817e-07 3.098644e-05 0.0008390518 0.00029949928 1.973464e-06 1.0397584e-05 0.6601778 1.7181861e-06 3.0545266e-06 0.03177773 2.7920889e-05 0.013417334 2.3176716e-07 0.00014809798 0.00026767972 8.763538e-06 0.037031744 1.1797523e-05 2.6868133e-07 0.070609175 0.0001872216 1.0574282e-07 7.860463e-08 9.261722e-17 0.26030093 0.9987398 9.3771256e-08 0.000109636465 1.4450009e-07 1.0806004e-05 4.871533e-07 0.3129454 1.6686432e-05 0.33619943 0.069450505 7.5767464e-05 1.05461645e-07 0.008203107 0.054841105 1.4490478e-06 0.056044742 0.16291083 2.81173e-06 9.0712265e-06 0.1059005 0.1980593 3.7913185e-06 0.025543012 5.200483e-07 0.00025673612 0.0019083448 1.6546824e-07 7.207239e-08 5.0965053e-08 3.5486002e-05 0.0009528934 0.07525282 4.661916e-08 1.9305809e-07 1.0374545e-07 3.258511e-08 0.00016839559 0.010833015 1.9268506e-07 0.0040852265 0.02283245 2.576354e-05 9.23074e-07 1.0946898e-06 5.37849e-05 2.87797e-07 0.004943565 0.059202783 1.896294e-05 0.015000987 0.0002995404 0.002929549 9.593139e-06 0.087314114 1.51892145e-05 9.55937e-07 1.04109895e-05 0.0021629278 6.998445e-08 0.0009768843 7.2260974e-08 0.08453647 0.005496384 6.3964258e-06 0.006691613 1.4547191e-08 0.0004296853 1.4869882e-05 0.016494391
