7.9679393e-19 0.9531726 0.9671888 0.45660138 0.09012573 0.990983 0.7045738 0.9519012 0.9872025 0.38305026 0.93423885 0.90494865 8.235515e-05 0.23398529 0.96200734 0.7006092 0.91012746 0.93788356 0.9855831 0.98666203 0.94710946 0.6462523 0.95174724 0.35994992 0.86871916 0.97985435 0.96758074 0.6302729 0.9618113 0.9616651 0.9655154 0.9038759 0.95973074 0.9423468 0.83881146 8.6007065e-05 0.37795419 0.93775755 0.9794774 0.97279835 0.9675701 0.9839379 0.9599338 0.08088518 0.94555736 0.99109626 0.08649159 0.9012647 0.96473444 0.93830216 0.9600301 0.89984316 0.9411327 0.88272774 0.49808952 0.9701072 0.89214796 0.91928446 0.92715764 0.92648333 0.97841036 0.9922065 0.91634184 0.9598535 0.991158 0.8531159 0.9675326 0.059625518 0.95144975 0.88978696 0.9997395 0.9066862 0.88221115 0.012438893 0.9984295 0.4769696 0.46321532 0.4969373 0.80752933 0.960551 0.642236 0.81392336 0.9448751 3.556189e-05 0.9323674 0.9721965 0.98439884 0.98614746 0.9530277 0.885468 0.8375757 0.9176468 0.9776943 0.9700244 0.99411684 0.98961705 0.9212107 0.9988146 2.9756544e-05 0.94408154 0.99960357
0.9531726 2.304905e-18 0.9471719 0.975365 0.86161333 0.72645766 0.35054514 0.77727234 0.70509136 0.41184902 0.79139227 0.43258652 0.095822595 0.0812233 0.094377115 0.19642518 0.27054036 0.005619059 0.0019038722 0.5145641 0.35197148 0.0025076144 0.15695147 0.00016483296 0.00026155298 0.00013884577 1.7144926e-05 0.00024999317 2.6752032e-05 0.00014920387 0.0012802763 0.013672192 8.168267e-06 0.018590204 0.002563025 0.0006334664 2.1390106e-06 2.1544645e-05 0.0069147316 2.9806703e-05 0.011794176 0.0008666216 0.0015265294 3.8878475e-06 1.9063411e-07 0.00013221605 3.719078e-07 0.000886945 5.5387477e-07 3.7605718e-05 1.3711964e-07 2.624667e-08 0.0012543395 3.192764e-07 2.5942374e-08 4.3370106e-05 3.9666438e-07 0.00081514736 0.0011329394 1.2802737e-08 0.000116536685 0.001300568 9.117188e-07 1.1635078e-08 0.00018948 2.5676925e-09 1.3619303e-05 4.534268e-07 1.941129e-06 4.3406434e-09 0.0023076106 1.0725663e-09 1.0951665e-05 1.293886e-08 7.03871e-05 1.7931403e-07 1.2968781e-08 2.5062226e-09 3.0450333e-06 2.259684e-05 1.11389056e-07 4.323082e-05 8.133404e-06 8.69082e-12 0.001009929 1.2243243e-05 0.0010059086 0.013236379 1.08443e-06 7.686278e-05 2.473915e-07 3.2801192e-05 7.344503e-05 0.00024652286 0.025884205 6.6143315e-05 1.9452698e-07 0.00054773217 1.5042505e-11 3.7597612e-05 7.328191e-06
0.9671888 0.9471719 2.4162574e-14 0.7062198 0.8901059 0.9191646 0.6663378 0.16927105 0.96360207 0.032668658 0.3447849 0.05695944 0.15326965 0.35259274 0.60323685 0.018603975 0.15860786 0.2237503 0.12953386 0.56993294 0.068832494 0.1998765 0.02764263 0.02426593 0.007980096 0.013049823 0.0033743607 0.015961373 0.0049282685 0.007837567 0.03532175 0.002109024 0.0021087695 0.0062188297 0.0010294674 0.0119604105 1.0361415e-05 0.00010053327 0.0066167633 0.00022214846 0.123317964 0.0015144903 0.023260375 0.0056113633 2.5955517e-06 0.013379307 5.226529e-06 0.0018938824 0.00051212317 0.00021445847 0.00040154866 6.916491e-07 0.0022838875 7.251274e-06 7.0817134e-07 0.00035753055 1.9854162e-05 0.0018854446 0.0026137033 1.2068837e-06 0.0006146522 0.013299533 4.1617477e-05 0.00014761953 0.001239473 3.7622378e-08 0.00011567171 0.00047884384 0.00040201627 5.4681823e-05 0.02643367 8.508165e-06 0.001391284 9.580439e-08 0.0026062871 8.786115e-06 3.3106588e-08 1.8458144e-06 9.068377e-05 5.9564216e-05 2.0247342e-06 0.00016954937 0.00024289305 8.900983e-10 0.0017949285 0.0019361404 0.0013748164 0.015696114 1.6980374e-06 0.00014005318 2.7643642e-05 0.0016622981 0.0007764424 0.0015407165 0.028864685 0.000548837 5.292267e-05 0.0030058217 3.7318662e-10 0.001231878 2.055477e-05
0.45660138 0.975365 0.7062198 3.104874e-14 0.89933413 0.28491428 0.15053429 0.53381145 0.01911235 0.9684067 0.4389892 0.19476958 0.23226501 0.023086185 0.0011093582 0.7582702 0.038358018 9.2151975e-05 0.00087963656 0.048667654 0.12544473 0.00060301035 0.098993346 9.341259e-05 0.00020965266 5.2542833e-05 2.2166814e-05 0.00014472746 3.412568e-05 2.164731e-05 4.0341773e-05 0.002005028 6.8904837e-06 0.0033530814 0.014015104 0.001056684 0.000720345 0.00014749626 0.00067095784 0.0010233569 9.8572986e-05 0.00057692686 5.2359924e-06 7.3578126e-06 6.708494e-06 3.3163797e-05 0.0009479739 9.2291644e-05 2.8556857e-05 0.00011263165 5.7236696e-07 1.2883771e-06 4.172438e-05 3.7400955e-07 8.338858e-05 3.3515513e-05 3.313048e-05 5.9184444e-05 2.0261821e-05 4.6835447e-07 3.933952e-05 7.000245e-05 3.5262172e-05 3.6325236e-09 4.1557805e-06 1.4875292e-06 6.0999082e-05 1.2012913e-06 9.55851e-06 3.5739622e-06 0.00010296486 1.2754096e-07 1.2350681e-06 3.5237042e-06 1.174083e-05 6.399791e-05 1.0237985e-05 3.9217997e-07 0.00018664061 8.7906796e-05 3.2595367e-06 0.00015252364 4.0523966e-05 1.3294337e-09 0.000275461 4.1018216e-06 0.00032254236 0.006257302 4.489189e-05 7.93764e-06 1.6661968e-06 6.255614e-05 6.614041e-05 8.442654e-06 0.006909508 3.4762274e-06 1.1053946e-06 5.3114552e-05 1.4651893e-08 5.75436e-06 1.758193e-05
0.09012573 0.86161333 0.8901059 0.89933413 6.718748e-18 0.6120641 0.91741544 0.10362236 0.34191567 0.0022495515 0.3615045 0.08871793 0.99462664 0.20615034 0.026939133 0.0001786619 0.05053694 0.00093667646 0.0018799033 0.25315082 0.09614079 0.005719185 0.026143447 0.00013770025 3.0875584e-05 8.770997e-06 8.9593295e-06 1.6659244e-05 1.2504016e-06 3.5120995e-06 1.5107476e-05 6.1440456e-05 1.7189317e-06 0.00077923044 1.476534e-05 0.00059811457 1.7041134e-07 1.0081909e-06 0.0004478937 5.5130645e-06 0.00032806216 3.6637718e-06 6.840507e-06 2.3293049e-05 4.157439e-09 1.6791993e-06 7.835028e-09 1.0147866e-05 3.855692e-07 3.848429e-07 1.2029421e-08 1.912794e-08 8.697513e-06 2.4414653e-09 2.1165545e-09 2.1821505e-07 6.738611e-08 0.00041649543 4.488256e-05 1.3035244e-08 1.4573331e-07 0.00023619317 3.2983365e-08 1.5441184e-09 2.7997505e-06 1.3943526e-07 5.502735e-07 1.6826347e-06 5.1720033e-09 1.9261626e-10 9.527844e-05 1.3960348e-10 8.860542e-08 9.012547e-08 1.0278095e-07 9.965724e-09 2.6395428e-06 3.1125784e-09 1.4383238e-06 1.5491653e-06 5.329183e-09 5.405981e-07 5.0553494e-06 1.5594396e-11 9.430358e-05 1.0783232e-07 2.7038377e-05 0.004140245 6.5473387e-06 1.331495e-06 3.0587692e-09 1.466193e-06 5.9365534e-06 5.19701e-06 0.0022497724 4.2704614e-06 4.536558e-08 3.7981423e-05 2.1599117e-11 2.1733022e-06 4.96226e-07
0.990983 0.72645766 0.9191646 0.28491428 0.6120641 1.2821227e-13 0.97909313 0.012423694 0.774096 0.00057966093 0.17356248 0.012052969 0.20676762 0.63879764 0.7841052 5.1385876e-05 0.029728597 0.25100383 0.44516355 0.48342142 0.028093174 0.7350724 0.0070511126 0.34573662 0.041415475 0.0730201 0.02238727 0.07209058 0.022929154 0.012569812 0.021030176 0.00013003248 0.0037239108 0.00057099527 6.3480555e-05 0.028750306 4.3049076e-06 2.262743e-06 0.0017630674 8.012685e-06 0.07238924 6.82145e-05 0.06143971 0.037651375 4.9553577e-08 0.031304646 3.0141606e-05 0.00052240555 0.0015019983 2.6797572e-06 0.00077025394 5.308764e-06 0.0005083184 9.5702475e-08 1.7641361e-06 9.217365e-06 1.9719944e-06 0.0006438668 0.0009084157 1.0224038e-06 6.97757e-05 0.0042420486 3.1042978e-06 8.421566e-05 0.00016944237 5.8826238e-08 1.0303897e-05 0.002907178 0.00024039616 0.00031675177 0.034419227 8.108559e-06 0.0003820907 4.8684393e-07 0.0005625099 1.8996326e-06 1.5231412e-07 2.3699178e-05 4.676399e-05 2.8079663e-05 2.425399e-07 1.75767e-05 1.806863e-05 3.735479e-09 0.0017282594 0.0012239682 0.00015076452 0.020781988 9.614648e-07 1.8910028e-05 2.9090694e-05 0.0015429057 8.093489e-05 0.00024127257 0.046032354 0.00015657816 5.6795016e-05 0.003021125 2.7071554e-09 0.0010231033 1.1158821e-05
0.7045738 0.35054514 0.6663378 0.15053429 0.91741544 0.97909313 1.0145168e-14 0.0023555814 0.35594058 0.0001492228 0.048184495 0.0039738384 0.7267618 0.97509336 0.19530882 2.4627903e-05 0.006934266 0.024542188 0.20346451 0.13380885 0.0059763286 0.4444705 0.0010473675 0.2744602 0.023267047 0.016359227 0.0058867466 0.037310988 0.01311228 0.0014770112 0.0044625644 6.429896e-05 0.0008542032 0.00023005623 1.1298866e-05 0.37812823 1.1324805e-06 1.6179223e-06 0.0005137495 6.878338e-06 0.017297631 1.4012257e-05 0.0051903315 0.048465207 1.3250681e-07 0.0028650803 2.590902e-06 0.00024851912 0.00077124476 1.088841e-05 0.00015109457 2.9715622e-07 0.00016592926 1.184794e-06 3.1304552e-07 1.0806097e-05 1.6454222e-06 0.00038261377 0.0002392626 3.7290245e-06 7.053628e-05 0.00065557956 2.7007256e-06 1.8625236e-05 0.00022678608 2.7013284e-08 3.0757707e-05 0.0026027362 1.5930447e-05 3.125572e-05 0.001129512 1.0312755e-07 7.283783e-05 3.3056818e-07 5.263637e-05 6.7620767e-06 3.7634555e-07 9.095621e-06 9.717881e-06 0.00013341197 7.3020186e-07 9.43441e-06 3.383132e-05 7.2095e-10 0.00023784234 0.00012605549 0.00034466322 0.0035560466 3.6303647e-06 4.523052e-05 2.0594316e-06 0.00031313198 8.039233e-05 8.341212e-05 0.0071820663 0.00024513077 2.0504442e-06 0.00031401057 1.3941968e-09 5.3120333e-05 9.084463e-06
0.9519012 0.77727234 0.16927105 0.53381145 0.10362236 0.012423694 0.0023555814 6.5736677e-15 0.09524837 0.7939947 0.93708783 0.95948285 0.00091776135 0.00023358484 0.0024402225 0.63536966 0.4168971 0.0001809007 0.00033630268 0.29597524 0.7986129 0.00044887717 0.77641934 3.1233994e-05 3.5886223e-05 1.4023714e-05 1.8060557e-06 4.692169e-05 2.7533415e-06 5.9920103e-06 3.9585797e-05 0.30793032 7.023957e-07 0.3431817 0.2059446 7.3771126e-08 0.009806072 0.0043070456 0.021988569 0.005564609 0.0019815546 0.057095908 0.00013864847 2.4247622e-06 0.00011084824 2.2154343e-05 0.00014807044 0.01614831 3.6784133e-06 0.006207619 5.344019e-07 2.9864717e-05 0.013876913 5.3741474e-05 9.21167e-06 0.001398357 1.5365124e-05 0.0036976736 0.0038270575 1.3427215e-06 0.00044627304 0.00080225564 1.0403972e-05 8.180622e-08 0.00018161356 4.767139e-08 2.3635685e-05 8.2950855e-08 1.0613013e-06 3.8246416e-08 0.0007446482 1.217965e-08 5.0063404e-06 2.781231e-08 1.0810457e-05 8.344266e-07 5.0656115e-07 6.524852e-07 4.4655208e-05 1.4150549e-05 7.4824277e-07 9.174607e-05 5.6580175e-05 1.4207067e-11 0.0015623695 3.131182e-06 0.0010603099 0.01600096 3.87146e-06 1.3372961e-05 1.9792974e-06 3.074844e-05 0.00043852307 0.00036653446 0.06617943 9.057772e-05 5.5924244e-07 0.0001818831 1.5620503e-11 1.4209427e-05 3.915768e-05
0.9872025 0.70509136 0.96360207 0.01911235 0.34191567 0.774096 0.35594058 0.09524837 2.3482527e-16 0.001690707 0.5145522 0.045154046 0.0019743356 0.052691698 0.9347901 2.2839035e-05 0.5299723 0.34983692 0.101365864 0.92035115 0.16694175 0.05808868 0.01459524 0.0053882347 0.004466252 0.0070088594 0.0020444305 0.00279493 0.0020965138 0.008990499 0.12590621 0.0019008623 0.00060904474 0.009739016 9.833412e-05 6.6171575e-05 1.620957e-08 1.7074216e-06 0.03017221 1.409556e-06 0.522905 0.0002562926 0.11395148 0.0003718022 7.2532475e-07 0.011415774 1.240808e-08 0.005566929 3.9997114e-05 5.362487e-06 9.216732e-06 2.3542583e-08 0.006230272 9.965668e-07 3.1650714e-08 0.0003574088 6.3368054e-07 0.008731655 0.013461322 1.39518725e-08 0.00075623376 0.10003986 1.5323003e-06 0.00013681341 0.00543507 2.2550562e-08 4.2080487e-06 4.014506e-06 9.620289e-05 8.829754e-06 0.11698405 6.409228e-07 0.0020738123 4.455664e-09 0.0058268094 8.3950916e-08 5.475409e-09 2.6395073e-08 1.8347043e-07 6.372868e-06 3.1568238e-08 3.2865528e-06 5.7746624e-06 4.8138587e-11 0.0044056512 0.0011148722 8.704371e-05 0.03790006 1.3622575e-07 1.2385836e-05 2.0758205e-07 0.00095180725 1.1745255e-05 0.00081849075 0.045154326 7.2290924e-05 4.3562693e-07 0.0032518168 5.628666e-12 0.0008584797 6.2131417e-06
0.38305026 0.41184902 0.032668658 0.9684067 0.0022495515 0.00057966093 0.0001492228 0.7939947 0.001690707 1.4959498e-19 0.1485112 0.16047493 3.191382e-05 1.3866506e-07 0.00028850895 0.99857616 0.02040351 2.9494142e-06 8.6273685e-06 0.006250527 0.11683864 2.6870891e-06 0.2478825 2.3322522e-07 3.9719307e-06 1.5283116e-06 1.865591e-06 5.9396984e-07 1.3206626e-07 7.69334e-07 6.1782034e-06 0.039305605 5.596842e-07 0.028933238 0.030596182 4.2527656e-10 0.008275168 0.0036761023 0.0010649823 0.0033581024 0.00066303194 0.022135178 1.2609882e-05 7.0972533e-10 0.0002581545 1.930687e-06 0.0017903859 0.0019275394 7.7769994e-07 0.0013509729 8.4366334e-08 6.4712236e-05 0.0012674265 0.00032546604 6.054903e-05 0.0005052053 0.00013393414 0.0003833181 0.00013884841 2.043297e-05 0.00026613363 2.3505287e-05 1.5012556e-05 8.930471e-10 3.029674e-05 4.4979657e-05 4.577966e-05 5.611103e-10 1.1821375e-07 1.003661e-08 2.0397632e-05 5.863074e-09 4.1214075e-06 1.7449539e-06 7.6777615e-06 7.814787e-06 2.2749276e-05 1.2724421e-08 1.8506202e-05 2.6617181e-05 3.627226e-06 0.00014154389 2.5395433e-05 1.6955605e-11 0.0002563444 6.68759e-07 2.8524248e-05 0.000587755 2.0174764e-05 1.2036015e-05 3.2236272e-08 1.4299577e-06 0.00026882655 7.885985e-06 0.0021136086 9.967436e-07 7.737797e-09 2.8504559e-05 3.2769547e-11 5.8009385e-07 1.7997507e-06
0.93423885 0.79139227 0.3447849 0.4389892 0.3615045 0.17356248 0.048184495 0.93708783 0.5145522 0.1485112 3.147936e-16 0.96111965 0.00081909285 0.0018566104 0.021000456 0.0140611855 0.9041671 0.0015504131 0.0006915988 0.72935456 0.86879236 0.001031759 0.580454 6.259498e-05 0.00013631915 6.379566e-05 1.3371482e-05 7.336235e-05 2.3214698e-05 0.00016279705 0.0008582259 0.076538324 8.95499e-06 0.1607203 0.0022117079 2.8087538e-07 4.5868244e-05 7.9391655e-05 0.06371983 8.261869e-05 0.05272221 0.005468047 0.001523203 8.100021e-07 7.68324e-06 0.00017044689 1.7630671e-07 0.013474506 3.181756e-06 3.2214684e-05 1.6634231e-06 2.3527189e-06 0.00916487 1.3005338e-05 1.1464282e-07 0.0022412343 1.903323e-06 0.0068683806 0.00771815 5.8415004e-08 0.0008134207 0.008128275 9.019305e-06 3.6494515e-07 0.001802145 1.0281266e-08 2.3344686e-05 1.8984053e-07 2.1751031e-05 2.8841112e-07 0.0076240487 4.5817504e-08 0.00044615005 5.269796e-10 0.0007372545 1.6492878e-07 1.532816e-08 7.119754e-08 2.6052172e-07 1.9136454e-05 2.77725e-08 1.0156293e-06 2.5570982e-06 2.1474749e-13 0.0006239783 0.00011401542 3.711981e-05 0.009401695 1.235415e-07 3.6995145e-06 2.478343e-07 5.0446553e-05 4.104733e-06 0.00010499816 0.01724097 7.928584e-06 2.0619262e-07 0.00071831443 2.0282193e-13 6.581963e-05 3.597458e-06
0.90494865 0.43258652 0.05695944 0.19476958 0.08871793 0.012052969 0.0039738384 0.95948285 0.045154046 0.16047493 0.96111965 2.0766385e-16 1.1312063e-05 4.227715e-06 0.0015831797 0.09519863 0.7686922 0.00011831974 0.00013082457 0.28299478 0.92880714 2.2770639e-05 0.87646335 2.4402889e-06 1.1108343e-05 1.8352513e-06 5.724024e-07 1.1233011e-06 1.8876837e-07 6.2060235e-06 0.0001564774 0.43882254 2.6345492e-07 0.45229337 0.052076094 2.2469062e-09 0.00093232957 0.0056334794 0.1132774 0.0019930215 0.008846768 0.062299218 0.00027353276 5.2412435e-08 0.0003063956 8.679135e-06 2.7603692e-06 0.04291576 1.2723287e-07 0.0014317684 1.0463994e-07 5.1425042e-05 0.017845578 0.00020217783 9.426733e-07 0.0075013195 2.0381687e-05 0.011699704 0.009589687 6.0343664e-06 0.002039703 0.0036060147 0.00011053704 2.6234211e-08 0.0025132226 7.569895e-08 0.00013726979 9.352312e-09 2.1454111e-06 1.815036e-08 0.0025857557 1.1865624e-08 2.6171678e-05 1.6479946e-08 0.00012412152 1.0133654e-06 4.5953243e-08 1.2064369e-08 2.8872624e-05 0.00018386515 9.032756e-07 8.9000205e-05 4.6359208e-05 1.3881158e-12 0.0027878315 3.333395e-05 0.0004988916 0.020138541 1.2961376e-06 8.5915985e-05 1.8296878e-07 5.6172477e-05 0.00021243715 0.0010417803 0.029688545 0.00039747555 1.4121173e-07 0.00036224816 2.3238583e-12 1.65719e-05 1.1013839e-05
8.235515e-05 0.095822595 0.15326965 0.23226501 0.99462664 0.20676762 0.7267618 0.00091776135 0.0019743356 3.191382e-05 0.00081909285 1.1312063e-05 7.4169456e-18 0.68353015 0.0006522631 0.00021789451 1.60877e-05 7.505534e-05 0.0012459997 6.8822126e-05 2.7282774e-06 0.021079402 2.2078478e-07 0.013458203 0.0015569434 1.7739034e-05 3.0756124e-05 0.0018143276 2.1475475e-05 8.7628484e-07 7.84385e-07 3.2546332e-09 1.8264493e-06 2.6518892e-09 1.2713803e-05 0.9221648 1.5534918e-07 2.7026334e-07 7.7288814e-07 3.787441e-06 2.141465e-05 1.5341285e-09 4.0599343e-06 0.00092540536 2.2826836e-11 1.54088e-06 1.7540461e-07 2.3152857e-07 2.6226468e-07 1.7787227e-07 3.6230858e-09 1.2519837e-08 1.6953116e-07 9.6282364e-11 5.206609e-08 1.7565512e-08 1.8353342e-07 6.410768e-07 4.364699e-07 8.3280876e-09 8.178922e-08 8.354192e-06 6.664145e-08 2.4006084e-07 1.6391083e-07 6.7209927e-10 1.637706e-06 6.666297e-05 6.22124e-10 1.1541048e-09 3.5837147e-05 5.414749e-12 5.6238594e-08 2.869306e-10 1.709534e-07 2.0028226e-07 3.0728908e-09 3.8165655e-07 4.6776842e-07 1.8446494e-08 1.1136754e-08 9.46705e-07 1.1877528e-07 2.4794238e-14 2.5332047e-06 7.1935325e-08 2.7283593e-07 4.59513e-05 9.785709e-07 3.7356234e-08 5.581911e-09 6.146536e-07 1.460915e-07 4.080839e-07 1.0153016e-05 1.2529314e-07 3.805687e-11 2.9860346e-06 1.9653433e-11 1.5333256e-07 1.7043116e-07
0.23398529 0.0812233 0.35259274 0.023086185 0.20615034 0.63879764 0.97509336 0.00023358484 0.052691698 1.3866506e-07 0.0018566104 4.227715e-06 0.68353015 1.3421097e-15 0.06833598 4.037183e-07 0.0003893712 0.015705755 0.355254 0.0099059455 7.8685756e-05 0.8830535 1.1406451e-05 0.77061075 0.12517768 0.012072917 0.016660938 0.29682335 0.019573033 0.001136091 0.0017118932 1.3580346e-06 0.0005587813 2.9347625e-06 2.4640049e-05 0.94369 3.4826846e-06 9.081051e-06 3.638397e-05 1.0230422e-05 0.0030641172 4.2732708e-07 0.0009789631 0.38354346 7.6349295e-08 0.001224402 1.6374224e-05 3.8382474e-05 0.00033661022 1.7414935e-05 1.493179e-06 2.6099706e-06 1.7223252e-06 4.1241614e-07 2.8850243e-07 3.9152116e-07 2.5202453e-06 4.759764e-05 1.2674529e-05 4.9426194e-06 2.7582191e-06 0.0011368904 8.221982e-06 0.0002748229 0.000109884335 5.761419e-07 0.00025752082 0.008811546 2.7215988e-06 6.212671e-07 0.0020011102 4.625017e-09 1.8810597e-05 4.7419537e-05 6.342882e-05 6.6653877e-07 1.2010738e-06 1.5542464e-05 9.082081e-06 3.9644776e-05 4.2950433e-07 1.4135085e-06 3.3840286e-07 6.132702e-10 0.00021670976 2.6125794e-05 3.4419216e-05 0.0029169454 4.1364433e-07 6.456447e-07 4.6583807e-07 9.36805e-05 1.1655746e-06 4.3311597e-06 0.0012150973 9.409412e-06 7.3423877e-07 0.00014127929 3.6629538e-10 3.1959997e-05 4.348777e-07
0.96200734 0.094377115 0.60323685 0.0011093582 0.026939133 0.7841052 0.19530882 0.0024402225 0.9347901 0.00028850895 0.021000456 0.0015831797 0.0006522631 0.06833598 1.571007e-16 1.3267943e-05 0.06869302 0.9836915 0.5693616 0.4101498 0.0069742077 0.23080768 0.000986065 0.024004525 0.020371381 0.08732709 0.022710767 0.01564155 0.04543597 0.2514773 0.7201313 0.00026361417 0.023188325 0.0015349052 6.0764334e-05 0.00013363597 3.4100137e-07 1.6465195e-06 0.016273474 1.4638193e-06 0.8305049 7.030009e-05 0.52205694 0.0036554588 2.2780032e-06 0.11352607 4.9383836e-08 0.0031913293 0.0022766623 5.131112e-06 0.00082772 2.0409995e-08 0.004172209 2.5636105e-06 2.4039954e-08 0.00014326659 1.0623047e-06 0.0098646255 0.011792698 2.668813e-08 0.0009999194 0.17882672 1.7063537e-06 0.0006205029 0.01512306 1.451457e-08 8.932575e-06 0.00018513906 0.00064987544 0.00018848802 0.23469473 1.6913538e-05 0.00662878 1.1602281e-08 0.025837967 2.9935603e-07 1.5993491e-08 1.4909335e-06 2.2894456e-08 2.5691648e-05 1.0875038e-08 8.795216e-07 1.4185603e-06 6.4935366e-12 0.006002604 0.0020214585 2.350271e-05 0.033001646 2.7530828e-07 1.1928338e-05 2.6312114e-06 0.0041217045 9.224909e-06 0.0014621221 0.03590251 7.7209545e-05 1.38962805e-05 0.005298785 4.021721e-12 0.0024764496 2.7919477e-05
0.7006092 0.19642518 0.018603975 0.7582702 0.0001786619 5.1385876e-05 2.4627903e-05 0.63536966 2.2839035e-05 0.99857616 0.0140611855 0.09519863 0.00021789451 4.037183e-07 1.3267943e-05 3.6764936e-16 0.0021853945 6.5375895e-07 2.8197333e-05 0.0012652364 0.032995373 6.4424603e-07 0.24100135 6.1136575e-07 5.751441e-06 1.23804e-06 5.6570434e-06 6.1303813e-06 1.676133e-07 1.4719232e-06 2.8994098e-06 0.05948828 2.531532e-07 0.028425626 0.7367478 7.5157254e-07 0.11954077 0.05058804 0.00097581494 0.12583089 8.590796e-05 0.039473142 2.193953e-05 1.1435859e-07 0.008165452 5.7515895e-06 0.23703377 0.003248454 4.1455205e-06 0.03296753 3.108439e-08 0.0045655514 0.003708795 0.0055838902 0.054261573 0.001624914 0.010765356 0.0005325233 0.0004930394 0.0011937949 0.00046008616 7.652348e-05 0.00062184595 8.0194535e-09 0.00019917455 0.0032032605 0.00080285454 1.3118506e-07 8.009766e-08 1.560624e-07 0.00024098308 3.4232247e-08 3.7095517e-06 0.01587463 3.6794795e-06 0.0009531374 0.006436633 3.8564513e-06 0.0022963407 0.0009593807 0.00070736755 0.0020663124 0.0012913616 1.0734874e-05 0.0016476334 1.1055486e-06 0.009221758 0.006090439 0.0003974932 0.00075500907 2.7347286e-07 1.5803143e-05 0.005767436 0.00061738543 0.010995443 0.00090448244 7.305724e-09 0.00012457062 1.6067048e-05 6.683774e-06 2.959531e-05
0.91012746 0.27054036 0.15860786 0.038358018 0.05053694 0.029728597 0.006934266 0.4168971 0.5299723 0.02040351 0.9041671 0.7686922 1.60877e-05 0.0003893712 0.06869302 0.0021853945 1.0094707e-15 0.012782439 0.0010535304 0.96870035 0.9374651 0.0003920278 0.45684338 2.092345e-05 7.419563e-05 0.00017236662 1.6060276e-05 6.0945178e-05 3.1750074e-05 0.0008980854 0.009019419 0.12048396 4.351598e-05 0.28162348 0.0037267848 5.0110543e-08 8.747448e-06 0.00084038515 0.43921027 0.00042457294 0.3126776 0.018324362 0.0142175425 5.091557e-07 0.0003902409 0.00052325736 1.6774209e-08 0.08829001 1.613144e-05 0.00039963066 1.8236498e-05 5.730073e-06 0.04159356 0.00031616297 1.2737576e-07 0.008317826 2.0562102e-05 0.053647947 0.0563749 2.8941802e-06 0.008344793 0.10388477 0.00010124961 6.1755823e-06 0.022987114 5.2089533e-08 0.0002766837 4.8850218e-08 0.00013581438 2.1032672e-06 0.033617467 2.606979e-07 0.0027915349 5.297712e-10 0.004893901 2.8965786e-07 1.7818595e-08 1.2793632e-08 8.1391845e-06 0.00015281062 1.7666319e-07 2.4773246e-05 0.00010962716 1.3877584e-12 0.014632667 0.000705086 0.00058052974 0.052841958 8.4242964e-07 0.0001417891 2.2176891e-06 0.0005950605 0.00029698812 0.004720403 0.053971246 0.00074629835 1.086901e-05 0.0024670959 1.0033335e-12 0.0006460852 9.834955e-06
0.93788356 0.005619059 0.2237503 9.2151975e-05 0.00093667646 0.25100383 0.024542188 0.0001809007 0.34983692 2.9494142e-06 0.0015504131 0.00011831974 7.505534e-05 0.015705755 0.9836915 6.5375895e-07 0.012782439 7.246736e-18 0.6723811 0.063770615 0.0006062308 0.1860443 0.000107734435 0.029350478 0.07470664 0.33689514 0.105333254 0.06875428 0.20731713 0.8182153 0.9446533 3.6575806e-05 0.1890577 0.00024138698 3.322786e-06 6.415441e-05 4.689589e-08 3.9590552e-07 0.002806265 2.1977423e-06 0.7088431 1.725736e-05 0.63429683 0.007037613 8.5610615e-08 0.32753992 1.4801015e-08 0.00039377486 0.020909473 1.6815085e-06 0.010662114 7.483522e-10 0.0006952657 2.383181e-07 4.0046726e-09 4.2768137e-05 1.2466015e-07 0.0019991635 0.0023937216 2.3803417e-09 0.00022517364 0.07918971 6.3821034e-07 0.0030789871 0.0038535604 5.417007e-10 1.364475e-06 0.00037956025 0.007353281 0.0012423535 0.20478582 0.00012754004 0.043008216 6.743455e-09 0.056278236 1.9597492e-07 1.8876367e-09 6.777474e-06 3.600135e-08 1.7621753e-06 4.6188195e-09 7.651085e-07 9.520822e-07 4.325504e-12 0.0022464462 0.016069192 1.4069104e-06 0.020561546 2.8745783e-08 8.4566227e-07 1.1640888e-05 0.01013672 2.563801e-06 0.0006103958 0.029198322 9.076765e-06 0.00012198786 0.017361682 1.9016587e-12 0.008925218 5.684256e-06
0.9855831 0.0019038722 0.12953386 0.00087963656 0.0018799033 0.44516355 0.20346451 0.00033630268 0.101365864 8.6273685e-06 0.0006915988 0.00013082457 0.0012459997 0.355254 0.5693616 2.8197333e-05 0.0010535304 0.6723811 4.4723814e-15 0.018989056 0.00024222338 0.9058624 0.00019633757 0.7671618 0.92656416 0.85931766 0.88838774 0.8884407 0.85298336 0.45556426 0.3257634 1.2894595e-05 0.418104 4.780262e-05 5.7113084e-05 0.010048713 9.62173e-05 1.1977519e-06 7.611603e-05 7.664867e-05 0.102155805 1.1043108e-05 0.32349628 0.26120317 3.780716e-07 0.23380034 0.00022396445 5.4427514e-05 0.10168339 3.741401e-07 0.05079345 4.854186e-06 2.4293115e-05 4.8521144e-07 3.0573215e-06 2.5013505e-06 2.4186697e-06 0.00016413069 9.014726e-05 3.069383e-07 1.5321957e-05 0.0020035545 3.3940787e-06 0.07111609 0.0001442434 1.626995e-07 1.2806017e-05 0.035425086 0.0016075585 0.0033730017 0.043860104 8.065674e-05 0.0019238826 3.7287697e-07 0.0028102528 7.0365118e-06 5.596244e-07 0.00035500692 3.2255233e-05 4.733665e-06 7.675645e-06 3.710247e-05 1.3711546e-05 1.0211418e-08 0.00039869326 0.0022287664 7.756646e-05 0.004528558 3.2593598e-06 2.6732727e-05 1.9180323e-05 0.0016392351 4.4587632e-05 0.00034722596 0.018232213 2.0737845e-05 0.00010113708 0.0020766968 3.5648338e-09 0.0007345756 9.457606e-06
0.98666203 0.5145641 0.56993294 0.048667654 0.25315082 0.48342142 0.13380885 0.29597524 0.92035115 0.006250527 0.72935456 0.28299478 6.8822126e-05 0.0099059455 0.4101498 0.0012652364 0.96870035 0.063770615 0.018989056 3.814647e-15 0.6047795 0.013623793 0.05926489 0.0011666574 0.0010653011 0.0010865144 0.00044013234 0.0006586858 0.00053336483 0.0018466131 0.031153945 0.01010083 0.00022542247 0.038496945 0.0005248865 3.3011625e-06 2.8294023e-06 2.342982e-05 0.32723057 2.5973506e-05 0.72275597 0.0014327711 0.08077843 4.5191286e-05 3.7506234e-06 0.0009752293 3.8174863e-07 0.031189738 4.8175294e-05 1.3569687e-05 2.7182647e-05 7.737989e-07 0.026778426 8.396269e-06 1.2860883e-07 0.0028046253 5.9784256e-06 0.037095148 0.058769982 3.78504e-08 0.0025714473 0.19448133 3.9403103e-06 4.3355547e-05 0.021131165 4.1910315e-08 1.4857082e-05 3.0199942e-06 0.00016678742 1.9619521e-05 0.22042555 1.6493146e-05 0.0065314304 3.030945e-09 0.015641274 5.0855128e-08 2.743167e-08 5.6614823e-07 8.688915e-08 1.7957433e-05 3.680101e-08 2.4182924e-07 1.2155231e-05 1.0921999e-11 0.014928047 0.0026800015 0.00026810175 0.081515364 1.3643469e-07 0.00010074816 5.578875e-06 0.0013169909 4.7950827e-05 0.0031092283 0.0950187 0.00020233523 7.0694027e-06 0.008351086 1.5593355e-11 0.002873991 5.8939e-06
0.94710946 0.35197148 0.068832494 0.12544473 0.09614079 0.028093174 0.0059763286 0.7986129 0.16694175 0.11683864 0.86879236 0.92880714 2.7282774e-06 7.8685756e-05 0.0069742077 0.032995373 0.9374651 0.0006062308 0.00024222338 0.6047795 2.2512408e-15 0.0001201139 0.93694884 2.1309264e-05 4.4399785e-05 2.724301e-05 1.795768e-06 1.1296249e-05 2.7282513e-06 0.000101454134 0.00053216494 0.48476148 3.726806e-06 0.7556069 0.025226768 2.7962468e-08 0.00045102526 0.007761667 0.6631988 0.002443011 0.06226356 0.21772571 0.0012021305 6.4204477e-07 0.00047200738 0.00010599843 1.9045649e-06 0.23515274 3.0342092e-06 0.0011616342 1.4214218e-06 9.394147e-05 0.11277078 0.0003544709 1.8812094e-06 0.039555047 7.618103e-05 0.07000487 0.052408203 1.0015684e-05 0.0120212585 0.027386734 0.00015436969 4.7759177e-06 0.019355763 1.220604e-07 0.0005428282 2.0380187e-07 1.2723978e-05 1.8836248e-07 0.010111909 9.7710924e-08 0.0005438215 2.627853e-08 0.00085162104 1.5073591e-06 4.1885542e-08 2.827676e-08 1.3540227e-05 0.0005067122 3.3072695e-06 4.9130147e-05 0.00019963381 8.876255e-12 0.015398233 8.090912e-05 0.0019976895 0.06166989 9.1016295e-07 0.0003544707 2.5126988e-07 6.158829e-05 0.0009680761 0.0059419684 0.06418988 0.0012717884 3.968952e-07 0.0008739094 2.1632377e-12 0.00012926973 2.061834e-05
0.6462523 0.0025076144 0.1998765 0.00060301035 0.005719185 0.7350724 0.4444705 0.00044887717 0.05808868 2.6870891e-06 0.001031759 2.2770639e-05 0.021079402 0.8830535 0.23080768 6.4424603e-07 0.0003920278 0.1860443 0.9058624 0.013623793 0.0001201139 9.394278e-15 8.6188935e-05 0.9937111 0.6599287 0.32708105 0.36144486 0.8400669 0.34149083 0.03139001 0.05128803 5.6355475e-06 0.037000522 1.0035907e-05 1.2285611e-06 0.25827172 1.955156e-06 4.6911064e-06 0.00015444022 1.2666107e-05 0.03025592 2.411525e-06 0.035812646 0.54463863 7.7091485e-08 0.034560572 8.792126e-06 3.3255266e-05 0.030773189 5.4348334e-06 0.0039213276 8.377828e-07 2.2764427e-05 1.4045972e-07 6.4319136e-07 1.795417e-06 6.9536054e-06 7.467949e-05 4.9727918e-05 2.75664e-07 6.391298e-06 0.0018785285 3.0794615e-06 0.013854096 0.00015617863 2.2804018e-07 8.394035e-06 0.0666757 8.79931e-05 0.00026143927 0.0072876676 1.893957e-05 0.0005573216 3.455958e-06 0.00019937979 4.026561e-06 9.3057196e-07 0.0010896275 5.7822285e-06 5.340374e-06 2.2413313e-07 4.947609e-06 9.693107e-07 1.29814035e-08 0.0001310536 0.0003608474 9.152336e-06 0.0027870354 1.5144398e-06 1.4390633e-06 1.46809525e-05 0.0012476655 6.4298047e-07 9.543854e-06 0.0016820177 1.0202338e-06 1.2978799e-05 0.00015775325 3.5146839e-09 0.00013792682 1.7443899e-06
0.95174724 0.15695147 0.02764263 0.098993346 0.026143447 0.0070511126 0.0010473675 0.77641934 0.01459524 0.2478825 0.580454 0.87646335 2.2078478e-07 1.1406451e-05 0.000986065 0.24100135 0.45684338 0.000107734435 0.00019633757 0.05926489 0.93694884 8.6188935e-05 5.9807275e-14 1.3843495e-06 2.9172654e-05 2.8177644e-06 5.1623016e-07 1.7288923e-05 5.403687e-07 1.1625092e-05 7.673205e-05 0.96616036 8.426972e-07 0.8639217 0.28749326 3.3818004e-08 0.0060950876 0.15083618 0.36070117 0.08538766 0.007393817 0.6593953 0.00031540077 6.41727e-07 0.0071549695 2.9198509e-05 4.5404995e-05 0.20427734 6.2807535e-06 0.02337603 5.306827e-07 0.0007080725 0.12248853 0.004012619 3.106923e-05 0.08252388 0.00017126012 0.03221452 0.031299867 5.2740485e-05 0.010091021 0.0046994714 0.00033619686 1.0516733e-06 0.0097268745 1.0279609e-06 0.0013830538 2.8739578e-07 1.3530339e-05 6.5513325e-07 0.0048304154 7.605395e-08 0.00022867642 2.4557578e-06 0.00029846255 4.2661754e-06 8.176914e-07 5.718721e-07 4.6843532e-05 0.0015839431 6.008227e-06 0.00017430463 0.00073937036 1.7463271e-10 0.013425924 9.145359e-05 0.01189363 0.046544217 5.4521047e-06 0.0008252073 9.383152e-07 7.420632e-05 0.0018882889 0.00777452 0.09691676 0.0021160643 6.905643e-07 0.0008771323 5.681055e-11 7.13838e-05 6.1292856e-05
0.35994992 0.00016483296 0.02426593 9.341259e-05 0.00013770025 0.34573662 0.2744602 3.1233994e-05 0.0053882347 2.3322522e-07 6.259498e-05 2.4402889e-06 0.013458203 0.77061075 0.024004525 6.1136575e-07 2.092345e-05 0.029350478 0.7671618 0.0011666574 2.1309264e-05 0.9937111 1.3843495e-06 8.027839e-13 0.75106037 0.22001399 0.43367344 0.9428567 0.26943988 0.019511571 0.024235325 1.04642524e-07 0.023462731 6.9137354e-07 1.5951707e-06 0.39199758 2.854946e-06 2.7681144e-06 4.022113e-06 3.5328514e-05 0.0063869176 2.2192324e-07 0.008655256 0.9087495 2.9419109e-08 0.024092983 2.7471635e-05 2.879762e-06 0.05124145 1.2808277e-05 0.004262418 6.4908596e-07 1.7283523e-06 4.370861e-08 9.885168e-06 7.1592416e-07 2.7909186e-06 3.3537178e-06 3.3779008e-06 7.7202986e-07 9.89466e-07 0.00024742188 1.5427504e-06 0.10517564 1.38452715e-05 7.364615e-08 1.3404352e-06 0.115593225 8.5327825e-05 0.0013178592 0.0014413381 3.5320765e-05 0.00019631172 2.2751752e-05 0.00024322938 2.9243556e-06 3.647948e-07 0.006788679 1.829125e-06 2.1331769e-07 1.327665e-07 1.9825845e-06 4.4394632e-08 1.3189326e-08 3.790187e-06 0.00018225067 2.1760397e-06 0.001328138 5.2323213e-07 3.281457e-08 1.254991e-05 0.00026445193 9.6661566e-08 1.11433685e-07 0.0010295662 7.412402e-08 5.220093e-06 0.0002980399 2.024784e-08 5.4530024e-05 2.1132244e-07
0.86871916 0.00026155298 0.007980096 0.00020965266 3.0875584e-05 0.041415475 0.023267047 3.5886223e-05 0.004466252 3.9719307e-06 0.00013631915 1.1108343e-05 0.0015569434 0.12517768 0.020371381 5.751441e-06 7.419563e-05 0.07470664 0.92656416 0.0010653011 4.4399785e-05 0.6599287 2.9172654e-05 0.75106037 1.8207932e-14 0.6294812 0.93813133 0.9768849 0.7247851 0.14008209 0.04566492 1.1737724e-06 0.36324152 8.15261e-06 4.068215e-05 0.01974336 5.8167992e-05 3.1906015e-06 5.766163e-05 5.375639e-05 0.011718125 2.8648822e-06 0.030976659 0.43370697 5.6592935e-08 0.21200548 0.00017529984 1.2925105e-05 0.29115048 6.639e-06 0.07918633 7.809348e-06 4.32924e-06 9.6753055e-08 1.3652013e-06 5.7871935e-06 6.331698e-06 9.715708e-05 7.1302704e-05 2.3430525e-06 1.2308593e-05 0.00068611465 6.300959e-06 0.25984707 0.00018215197 1.3569667e-06 1.2082178e-05 0.10823867 0.004401991 0.0183225 0.003047846 0.0042995806 0.0029272605 1.493414e-06 0.0016770045 6.175058e-06 8.57019e-07 0.04353688 7.1922514e-06 4.3495593e-06 6.11774e-07 2.3802873e-05 8.113068e-06 5.197221e-07 4.3230448e-05 0.0023344366 1.0530929e-05 0.00073972833 5.7339216e-06 8.0576774e-07 0.0013686339 0.0030316089 8.688924e-06 2.2326232e-05 0.002519497 1.0367721e-05 0.001081367 0.0010352535 5.8253338e-08 0.00089709705 8.385138e-06
0.97985435 0.00013884577 0.013049823 5.2542833e-05 8.770997e-06 0.0730201 0.016359227 1.4023714e-05 0.0070088594 1.5283116e-06 6.379566e-05 1.8352513e-06 1.7739034e-05 0.012072917 0.08732709 1.23804e-06 0.00017236662 0.33689514 0.85931766 0.0010865144 2.724301e-05 0.32708105 2.8177644e-06 0.22001399 0.6294812 5.418047e-15 0.86159146 0.4579023 0.95289636 0.80964786 0.45299077 4.9847375e-07 0.93079764 1.4917881e-06 1.4792443e-05 0.00011620996 3.8189487e-06 2.880936e-07 1.3332593e-05 6.040815e-06 0.04264852 2.6409464e-07 0.22701456 0.198146 1.1105974e-08 0.6878148 3.182615e-06 5.1896905e-06 0.2806127 3.32753e-08 0.22582537 1.5991911e-07 7.5465914e-06 5.3177898e-09 6.273507e-07 1.8291573e-07 1.4262321e-07 8.212591e-05 4.3322732e-05 4.9429607e-09 2.3189882e-06 0.0039135953 1.6084462e-07 0.5081877 9.550332e-05 1.0001943e-08 1.3092011e-07 0.030233381 0.013279027 0.00966779 0.05229526 0.0016212232 0.010442024 2.439008e-07 0.021939559 6.058663e-07 8.930867e-09 0.0020886108 3.649232e-07 1.9400713e-07 1.6034686e-07 8.0124204e-07 1.3515763e-07 2.5893186e-08 3.403594e-05 0.011604573 1.7229354e-07 0.0008989654 3.1206408e-08 2.4553162e-07 3.6893518e-05 0.009311691 5.679222e-08 8.448414e-06 0.0024329645 2.3015859e-07 8.003448e-05 0.008826055 8.656802e-09 0.0030061856 4.5609883e-07
0.96758074 1.7144926e-05 0.0033743607 2.2166814e-05 8.9593295e-06 0.02238727 0.0058867466 1.8060557e-06 0.0020444305 1.865591e-06 1.3371482e-05 5.724024e-07 3.0756124e-05 0.016660938 0.022710767 5.6570434e-06 1.6060276e-05 0.105333254 0.88838774 0.00044013234 1.795768e-06 0.36144486 5.1623016e-07 0.43367344 0.93813133 0.86159146 8.101676e-16 0.8704291 0.96565026 0.42928398 0.06016132 4.0030024e-08 0.77789634 4.3610666e-07 1.3056227e-05 0.000629453 9.60209e-06 1.2074217e-07 3.0960107e-06 1.5931268e-05 0.008010814 1.7119928e-07 0.061949186 0.1818647 1.2874289e-08 0.42362943 1.5981499e-05 5.8885036e-07 0.7134136 1.2361851e-08 0.28063908 9.3896773e-07 3.6681365e-07 2.9613096e-09 1.8684743e-07 1.0485532e-07 3.3206302e-07 9.042284e-06 2.4730437e-06 4.9535902e-08 3.0743925e-07 0.00089074805 2.2721893e-07 0.37863168 9.850715e-06 1.0662926e-08 3.70459e-07 0.06864039 0.0077117383 0.037372865 0.010828221 0.017697223 0.00608343 4.9572276e-07 0.0061273864 7.519561e-07 4.291802e-08 0.07776611 7.998423e-06 1.5538178e-07 1.9255427e-07 4.8116726e-06 3.4958137e-07 1.2691553e-08 1.879306e-05 0.010609811 1.6267489e-06 0.0013094984 9.3280526e-08 1.0794215e-06 0.0018266847 0.012226097 1.1400313e-06 2.7068988e-06 0.0025062147 8.835823e-07 0.0019485416 0.006398525 9.842071e-09 0.0044386154 4.823694e-07
0.6302729 0.00024999317 0.015961373 0.00014472746 1.6659244e-05 0.07209058 0.037310988 4.692169e-05 0.00279493 5.9396984e-07 7.336235e-05 1.1233011e-06 0.0018143276 0.29682335 0.01564155 6.1303813e-06 6.0945178e-05 0.06875428 0.8884407 0.0006586858 1.1296249e-05 0.8400669 1.7288923e-05 0.9428567 0.9768849 0.4579023 0.8704291 1.1054555e-12 0.52356255 0.051154945 0.034373198 6.806989e-07 0.18424627 3.3025008e-06 1.3718702e-05 0.046151757 1.7265986e-05 2.1316978e-06 2.655549e-05 7.993288e-05 0.010295697 9.95294e-07 0.015220545 0.56855345 1.718789e-08 0.08619156 0.00078529265 1.43082325e-05 0.10648457 2.0726437e-05 0.025319152 1.8205193e-06 1.2102306e-06 5.1550472e-08 3.5161713e-06 2.6814444e-06 8.14225e-06 5.307931e-05 1.3202157e-05 1.2970995e-06 7.3152587e-06 0.00057980523 1.551042e-05 0.28273174 6.801377e-05 2.0489745e-06 2.6158676e-05 0.09312419 0.0017270385 0.01270444 0.0027948008 0.0022902936 0.001518744 4.138026e-05 0.0011158965 7.6109764e-06 4.3979776e-06 0.058072906 3.5064465e-06 1.5475085e-06 7.9788585e-08 6.259454e-06 2.6840412e-06 1.3112027e-07 4.5179735e-05 0.0011931127 1.0428529e-05 0.00096858904 4.413283e-06 1.7541598e-07 0.00046777865 0.0013197967 9.0739303e-07 2.368562e-05 0.002539857 2.7645608e-06 0.00037821298 0.00086612295 1.2172805e-07 0.00038414134 3.6509502e-06
0.9618113 2.6752032e-05 0.0049282685 3.412568e-05 1.2504016e-06 0.022929154 0.01311228 2.7533415e-06 0.0020965138 1.3206626e-07 2.3214698e-05 1.8876837e-07 2.1475475e-05 0.019573033 0.04543597 1.676133e-07 3.1750074e-05 0.20731713 0.85298336 0.00053336483 2.7282513e-06 0.34149083 5.403687e-07 0.26943988 0.7247851 0.95289636 0.96565026 0.52356255 4.974991e-15 0.5511286 0.14802192 6.941877e-08 0.8836065 1.5835623e-07 7.946308e-07 0.00031693702 4.597655e-07 9.808961e-08 1.5502146e-06 2.9249163e-06 0.0139912 2.1420682e-08 0.0947184 0.17505327 5.2199683e-10 0.46635893 7.5069295e-07 7.503902e-07 0.41927814 1.9157442e-08 0.22938187 3.1022967e-08 3.8585392e-07 1.3882284e-10 1.08208134e-07 3.0179212e-08 8.939989e-08 8.6573855e-06 1.8375683e-06 2.4862734e-09 9.384642e-08 0.0011136831 8.0990674e-08 0.61876273 5.040599e-06 1.5678395e-09 5.8187823e-08 0.050471235 0.0046401694 0.011829228 0.017076474 0.00257524 0.004649463 2.3319041e-08 0.012246046 7.694635e-08 7.3595796e-10 0.011174072 1.9500492e-07 1.311042e-08 6.4607093e-09 1.857879e-07 1.2819768e-08 1.9754136e-09 2.8604104e-06 0.004921095 4.7227207e-08 0.00034400515 4.9566786e-09 6.0089635e-09 5.3378408e-05 0.002372169 1.8865075e-08 5.0598857e-07 0.00087495724 2.487655e-08 0.00014845913 0.0056551937 2.882725e-09 0.0016578257 4.6432447e-08
0.9616651 0.00014920387 0.007837567 2.164731e-05 3.5120995e-06 0.012569812 0.0014770112 5.9920103e-06 0.008990499 7.69334e-07 0.00016279705 6.2060235e-06 8.7628484e-07 0.001136091 0.2514773 1.4719232e-06 0.0008980854 0.8182153 0.45556426 0.0018466131 0.000101454134 0.03139001 1.1625092e-05 0.019511571 0.14008209 0.80964786 0.42928398 0.051154945 0.5511286 1.1045502e-14 0.94767517 2.4835188e-06 0.9439727 2.3079292e-05 1.7323391e-06 6.5645445e-06 7.114473e-08 3.0488994e-07 0.00019314363 3.270934e-06 0.20078957 3.5703e-06 0.63312334 0.0045855194 4.1398273e-08 0.9296689 3.396081e-07 7.1823975e-05 0.28163704 1.813428e-07 0.393744 2.0148411e-08 0.00011319721 9.127013e-08 1.5672663e-08 6.393035e-06 1.9482385e-07 0.00059706054 0.00038493235 6.0773138e-09 7.230933e-05 0.0154334 5.047995e-07 0.03702125 0.0007258656 1.2430602e-09 2.8881477e-06 0.002343151 0.09482461 0.017123006 0.13179 0.0040109493 0.11213372 3.9496006e-09 0.07636456 5.2045766e-07 1.8011819e-09 0.0013651638 9.0369593e-07 2.6509656e-06 1.2358451e-07 2.0615323e-06 4.7442109e-07 1.3083236e-09 0.0009511429 0.051045805 1.4135326e-06 0.004556874 1.4048905e-07 1.7490174e-06 0.00020080352 0.023950543 8.937939e-07 2.261376e-05 0.0044223187 2.5834804e-06 0.00077371707 0.024013454 4.9638e-10 0.011767438 1.3062024e-06
0.9655154 0.0012802763 0.03532175 4.0341773e-05 1.5107476e-05 0.021030176 0.0044625644 3.9585797e-05 0.12590621 6.1782034e-06 0.0008582259 0.0001564774 7.84385e-07 0.0017118932 0.7201313 2.8994098e-06 0.009019419 0.9446533 0.3257634 0.031153945 0.00053216494 0.05128803 7.673205e-05 0.024235325 0.04566492 0.45299077 0.06016132 0.034373198 0.14802192 0.94767517 1.529455e-15 5.8850797e-05 0.34367082 0.00029590502 1.6858623e-05 1.838108e-06 3.2867294e-07 2.7367519e-06 0.005646154 1.8181052e-05 0.61214036 5.6742287e-05 0.9543174 0.0022676717 5.7117495e-07 0.8366039 9.828344e-08 0.0007290642 0.076834425 2.4167075e-06 0.11508351 2.6555757e-08 0.0007055397 1.4049408e-06 7.082193e-09 6.732764e-05 4.2623546e-07 0.0038033747 0.0033524372 4.179393e-08 0.00053961156 0.1069267 2.2056834e-06 0.012298274 0.0066924198 7.7043777e-10 3.0017452e-05 0.0015777356 0.08523072 0.005443406 0.3732561 0.00088849256 0.32539725 1.560423e-09 0.1885537 8.834339e-07 5.45612e-10 0.00017973821 8.868891e-07 7.677113e-05 1.7081521e-07 1.7062463e-06 8.4133735e-06 6.399946e-10 0.005912938 0.049101554 0.00020258814 0.03262493 1.7055541e-07 0.00012560129 0.00018251 0.03725121 2.6217516e-05 0.0018546742 0.027120084 0.00021230774 0.0010321173 0.038118765 7.6634844e-11 0.022588799 1.1047048e-05
