6.049472e-18 0.9738704 0.92477816 0.9377962 0.99240464 0.9272598 0.92260426 0.98322845 0.9423746 0.94612426 0.978861 0.9985168 0.9679395 0.9002211 0.90456957 0.91725045 0.9074613 0.7396737 0.9591454 0.98105985 0.94970125 0.7756439 0.93736935 0.6799138 0.9688269 0.9487762 0.936815 0.99181205 0.8791043 0.83465654 0.9673585 0.9747374 0.9358887 0.97677535 0.9863494 0.8757528 0.33194184 0.9882938 0.9347332 0.94051605 0.97881573 0.951888 0.5444877 0.35519797 0.89431614 0.7585191 0.91569495 0.96630126 0.8921465 0.9467814 0.35646737 0.28808972 0.98003626 0.4649655 0.7102557 0.9778502 0.98034316 0.9800385 0.010291215 0.014890005 0.018548375 0.8514028 0.9445543 0.010229112 0.48746938 0.844189 0.46705392 0.94913334 0.94721895 0.1877035 0.97327393 0.00062843127 0.8007491 0.9376978 0.8706756 0.5629034 0.0001422694 0.6092187 0.011112912 0.6872481 0.9793204 9.8522e-06 0.15976696 0.12203232 0.043990564 0.11768247 0.019822745 0.9885852 0.9860195 0.9992908 0.023263818 0.00034862637 0.8783837 0.7519867 0.99431884 0.98047763 0.564151 0.99691814 0.0069633015 0.994601 0.42070243
0.9738704 4.0722583e-15 0.78989416 0.7329378 0.94282985 0.3472408 0.8530602 0.66444004 0.11881031 0.929873 0.03617058 0.79072994 0.00022991281 0.00014781281 0.5873173 0.5985641 1.3371825e-05 8.8456785e-05 0.0003337086 0.019869851 4.527286e-05 1.7755764e-06 0.0017504861 1.262092e-06 0.028199151 7.092881e-05 0.0009804389 0.10246539 0.0022344561 0.003865285 0.18779214 0.04201856 0.00056032627 3.7453656e-06 0.20317963 4.941813e-06 1.1420426e-07 0.10622746 0.0015153197 0.007421676 0.0094320895 0.02861367 0.031464424 1.5617951e-06 0.0032207852 2.749648e-07 0.008023108 6.591309e-07 0.048430424 1.913523e-07 6.9919947e-06 4.0069974e-08 0.030084103 3.579694e-07 0.09440826 0.0013275576 0.07865829 0.6175827 9.5498805e-08 9.952535e-10 3.7341793e-05 0.0010829769 0.012863369 1.8206668e-08 0.26788527 0.0026475536 0.4099361 1.8897389e-07 0.0887594 1.0648116e-05 5.5362972e-05 6.3568734e-08 0.00030710534 0.00044459128 0.006017991 7.755129e-05 2.99411e-08 0.008477736 5.489183e-08 0.20868224 0.0042355666 4.310609e-10 0.00012664593 0.08304808 0.00096700253 0.13021585 0.01245954 0.0018149654 0.0024255696 0.01989147 0.024557374 9.518575e-10 0.0073911413 1.6745814e-09 0.052451406 0.0011613264 0.015995909 0.0077630067 3.0484368e-09 0.013780929 1.0609375e-05
0.92477816 0.78989416 2.7279514e-16 0.90464514 0.7312925 0.93709844 0.8960634 0.037596747 0.50453043 0.42676526 0.32791275 0.9546699 0.019248499 0.0073230597 0.40191025 0.11839905 0.000547268 0.0011672751 0.0045462996 0.00046246493 0.0007209657 9.787549e-05 0.024119066 5.564691e-05 0.001134645 0.003274895 0.011680312 0.0249207 0.0123958 0.0072357175 0.06200262 0.12502226 0.006848246 0.00019680923 0.005054747 0.00046984828 6.714446e-06 0.029147474 4.793469e-05 0.0003022882 0.005504455 0.0010582466 0.030065486 3.1404977e-06 0.00011122979 1.3563244e-05 0.00046617122 9.918371e-06 0.044120826 5.074056e-06 1.8005296e-05 1.8860056e-06 0.015759284 1.8820017e-05 0.02957416 0.006560349 0.000683456 0.006391469 4.6265438e-07 1.9372077e-07 0.0001304762 0.0005015836 0.00846178 2.9787347e-07 0.0183429 1.24331045e-05 0.015799604 7.062058e-06 0.0009010369 2.6544656e-05 0.0003761592 3.0001523e-08 5.9677905e-06 2.0921014e-05 0.015269475 1.9480158e-05 3.9384145e-09 2.4661233e-05 2.3842822e-06 0.0015034878 0.009549035 5.574841e-11 8.8524e-06 0.003898931 5.791577e-06 0.0019421282 0.00012457941 0.0009113577 0.0043983026 0.015535366 0.00019342401 5.6877264e-10 0.0051015415 1.7481952e-08 0.04972249 0.003740442 0.0002800317 0.0037597525 2.619496e-08 0.020232059 3.6250922e-06
0.9377962 0.7329378 0.90464514 1.9651985e-17 0.4990803 0.8639604 0.97361356 0.025426101 0.5423393 0.49660596 0.20065397 0.69171876 0.005818095 0.0014836048 0.71435916 0.17797135 0.0003621644 0.00023902793 0.012416368 0.00020198857 0.00022236443 1.6034855e-05 0.009839327 1.088895e-05 0.00033227928 0.0006442895 0.0040483065 0.0043823067 0.018348018 0.015323823 0.5680408 0.01917973 0.0018318242 3.2732012e-05 0.011234106 4.876506e-05 5.692781e-07 0.22048199 1.287814e-05 0.00015421842 0.0009903531 0.0008778616 0.11373529 1.8444322e-05 5.5916033e-05 3.906121e-06 7.306561e-05 7.799184e-07 0.0033586596 7.6458116e-07 9.137235e-05 1.14519466e-07 0.0012721196 9.744417e-07 0.3463894 0.0009713466 0.0027962564 0.10278812 2.9133423e-07 3.514228e-09 0.0045428756 2.4759902e-05 0.0009335787 9.274471e-09 0.2998767 3.426078e-05 0.13304573 1.92461e-07 0.0033935886 0.00018022738 0.00012941331 1.2342079e-07 2.3237115e-07 7.07632e-07 0.0010720184 6.1774233e-07 1.8806478e-08 4.034989e-05 1.4181964e-08 0.0075381696 0.0011286192 7.204352e-12 5.7888215e-06 0.052165177 3.1480202e-05 0.018504724 0.0005042234 3.4493416e-05 0.0009919155 0.0033747568 0.0013305837 2.4010798e-09 0.00033099484 2.838097e-09 0.028880652 0.0008479729 0.00016471212 0.00024476493 4.2489328e-09 0.008629035 3.039306e-08
0.99240464 0.94282985 0.7312925 0.4990803 3.496468e-14 0.29519767 0.4854196 0.8970596 0.039728414 0.71208614 0.04287016 0.73521507 0.0015486272 0.00058500195 0.124733545 0.22273727 4.5845547e-05 0.00025322507 0.00016178777 0.1041018 0.000121371326 4.0965087e-06 0.005476063 1.0449555e-05 0.06909016 0.00026301702 0.001765338 0.5621234 0.0015518301 0.0017957143 0.026235534 0.11432402 0.0014569358 3.522296e-06 0.17151336 1.9675172e-05 1.8185344e-06 0.024638643 0.004522891 0.019870576 0.078716435 0.039253317 0.006108119 5.930484e-07 0.005764723 1.8396786e-07 0.0655945 3.435104e-07 0.24179704 7.763446e-07 1.3116537e-06 2.7377243e-07 0.1250604 1.4870171e-06 0.0076214904 0.0038854775 0.04401744 0.29234886 2.2063556e-07 2.3734685e-09 1.7218794e-05 0.008542513 0.0867915 1.2112068e-07 0.0136614125 0.002544955 0.11916271 1.336322e-07 0.0404891 1.8864697e-06 4.1276322e-05 5.973476e-07 0.004864354 0.0006609785 0.056119047 0.0006729172 1.2866354e-07 0.010194538 2.0294733e-07 0.09466049 0.01705312 1.1506722e-08 0.000277972 0.013605291 0.0016536153 0.032036364 0.012727312 0.012174711 0.0033413554 0.1383313 0.018293653 1.8492032e-09 0.0653508 6.0775424e-10 0.036176227 0.0026568896 0.01719878 0.05910431 1.7636482e-08 0.021444244 0.00016739358
0.9272598 0.3472408 0.93709844 0.8639604 0.29519767 2.918778e-19 0.8022619 0.0027099573 0.96784884 0.08798126 0.89990354 0.748293 0.28134823 0.12137351 0.30068544 0.032535303 0.008579988 0.0104396 0.15760745 9.2605864e-05 0.03332943 0.0007943843 0.081737004 0.0004518711 0.00018563445 0.016690189 0.052149363 0.0034607984 0.12603036 0.058966197 0.22473803 0.14231057 0.012416778 0.0007981979 0.0012189593 0.0013436214 1.5086686e-05 0.24279158 7.81775e-07 2.3769662e-05 0.0012340604 0.00016845453 0.164956 0.0002888057 7.800253e-06 0.00015052404 1.3398939e-05 1.2617173e-05 0.0073766005 1.4208223e-05 0.0002875308 2.3152031e-06 0.002406378 3.4349796e-05 0.097875424 0.007875791 0.00016725731 0.0041104406 1.1378545e-06 7.6844856e-08 0.006384494 1.330946e-05 0.0012451527 3.3338313e-08 0.039680246 1.6266916e-06 0.0076130563 2.3486252e-06 0.00040157602 0.00078255 0.0012055993 1.2067703e-07 3.5175763e-08 5.386765e-07 0.0067442763 4.523164e-07 7.0605046e-09 1.0632078e-06 1.2331198e-07 0.0003353443 0.0046521174 4.1552525e-12 2.7441063e-06 0.003655386 5.1176726e-06 0.0013382448 4.2395895e-06 2.0976875e-05 0.0060493597 0.0037784725 3.0643638e-05 1.2823259e-09 0.0005744417 9.369242e-08 0.05079139 0.0041793175 1.6449401e-05 0.00018526625 5.1263354e-09 0.02296989 1.1208847e-08
0.92260426 0.8530602 0.8960634 0.97361356 0.4854196 0.8022619 5.2184676e-20 0.09349504 0.6158726 0.73388225 0.1835693 0.50293034 0.0053303 0.00092875893 0.9030758 0.34400967 0.00025470392 8.224778e-05 0.0074518747 0.00030204066 7.843694e-05 5.2678224e-06 0.009585183 2.6129192e-06 0.0005521384 0.0007671661 0.0038871171 0.0058065928 0.020285958 0.025596548 0.42416865 0.013910648 0.001653508 3.9407107e-05 0.00931567 0.0001141734 1.0869854e-06 0.075968556 7.641485e-06 0.00010818931 0.0015667644 0.0010714098 0.07866705 1.6678008e-06 1.7446338e-05 1.3140437e-06 5.2253356e-05 2.9990326e-07 0.0029466834 1.0176653e-06 1.17246855e-05 2.2866801e-07 0.0011953774 1.7036563e-06 0.22951499 0.0009821444 0.0009069649 0.027752018 1.199657e-07 6.391931e-10 0.0011410342 3.250964e-05 0.0005217092 9.1690733e-10 0.116178386 9.2734945e-06 0.07030515 1.3432677e-07 0.0034424567 5.4460485e-05 5.0317783e-05 1.109416e-08 5.753855e-08 3.0469885e-06 0.00085775624 4.1845436e-07 6.344778e-10 1.9697383e-05 1.4921359e-09 0.004634712 0.0010207744 4.7389414e-13 1.0119708e-06 0.021065993 2.0075202e-06 0.0086949635 0.00023110693 2.2512755e-05 0.00078721525 0.00310698 0.00050325994 4.9530068e-11 0.00026205555 7.4706585e-10 0.016333785 0.0013990238 4.974262e-05 0.000118628865 6.049116e-10 0.008994083 1.7253681e-08
0.98322845 0.66444004 0.037596747 0.025426101 0.8970596 0.0027099573 0.09349504 4.0556835e-16 0.00072826026 0.8983378 0.0005330345 0.17867602 5.9476122e-05 2.7188426e-05 0.08743748 0.8732981 5.0555955e-06 1.2749572e-05 1.1713351e-05 0.8973277 7.5752064e-07 5.023594e-07 0.00089374324 7.0040375e-07 0.7900578 3.6761285e-05 0.00023520816 0.49923605 4.729448e-05 8.115789e-05 0.024750773 0.009300903 0.0001491326 3.104256e-06 0.87193847 1.2353467e-05 7.4916706e-08 0.0009840092 0.05688864 0.27602097 0.0929357 0.56340164 0.0008491726 9.4602846e-08 0.055906642 1.8873378e-09 0.06278916 7.436003e-07 0.049858138 1.4259464e-07 1.0345148e-06 2.1211717e-07 0.035708673 6.3552767e-07 0.026497733 0.0009234918 0.33830893 0.30696946 2.4462533e-08 3.0815308e-09 9.600598e-06 0.0029970286 0.036476012 2.1811684e-07 0.0013815535 0.03815813 0.0887765 7.1711347e-06 0.22776389 1.1964089e-05 2.3523811e-05 1.9783529e-07 0.0023689067 0.0023927873 0.002888353 0.00032406146 1.4738931e-07 0.08911552 2.4576872e-07 0.2153751 0.0035980379 2.419815e-09 0.004636416 0.002397806 0.009778873 0.025569418 0.08534748 0.0022856067 0.00033150852 0.017632583 0.015117185 7.440118e-09 0.010641509 1.4774247e-08 0.009544783 0.0008100239 0.072619826 0.0045466833 8.277227e-08 0.0063377405 0.0002697107
0.9423746 0.11881031 0.50453043 0.5423393 0.039728414 0.96784884 0.6158726 0.00072826026 2.484933e-19 0.025760619 0.9298703 0.16885729 0.09645411 0.23991938 0.2310006 0.0095588295 0.020914635 0.1061393 0.7721778 1.5836275e-05 0.22360076 0.00408643 0.07740378 0.0032626474 4.7170157e-05 0.02504506 0.025349425 0.00042611256 0.9026561 0.6879478 0.28583807 0.020744517 0.0060599465 0.0045896275 0.00026040262 0.007207632 1.47376395e-05 0.5126989 5.079084e-07 7.3475394e-06 0.0002759922 5.1542585e-05 0.56742436 0.0011964489 9.110201e-07 0.0018423147 9.960027e-08 1.0930421e-05 0.00036086288 2.9872412e-05 0.0016412771 2.5871861e-06 0.00030847464 9.5243726e-05 0.15656273 0.0020423813 1.7265707e-05 0.00023071977 9.461413e-06 9.7383825e-08 0.08809203 1.8499751e-06 2.6355972e-05 1.5272537e-08 0.01189053 2.8161363e-08 0.0012108635 1.1676335e-05 9.9313045e-05 0.004428428 0.00063590205 2.3205202e-07 2.3460809e-09 6.429831e-08 0.0003679501 8.444135e-08 1.8521975e-08 6.862821e-08 1.2904252e-07 2.6129008e-05 0.0011917844 1.1198296e-11 1.0178619e-07 0.0002107908 2.4551536e-08 2.3155331e-05 2.2924796e-07 3.5500505e-06 0.0082711475 0.0007160816 3.24197e-07 2.4686134e-10 7.113704e-05 8.525359e-08 0.060859308 0.003878175 1.8728051e-06 3.186036e-05 3.3732697e-09 0.01762232 7.371974e-09
0.94612426 0.929873 0.42676526 0.49660596 0.71208614 0.08798126 0.73388225 0.8983378 0.025760619 1.2322779e-18 0.01052988 0.37749928 0.0002686346 6.8351495e-05 0.8848639 0.95744604 2.6858836e-05 6.073438e-05 1.4177956e-05 0.01442683 1.608579e-06 3.9940032e-06 0.002983705 9.44238e-07 0.025358474 0.0001480511 0.0010222245 0.0739002 0.00026338824 0.0021750068 0.26274952 0.0062091257 0.00018317052 1.3756734e-05 0.17294812 5.5266228e-05 2.972639e-07 0.008453943 0.00026375323 0.0015708047 0.01603127 0.01571341 0.010131206 5.3307307e-08 0.0007720546 5.2665058e-08 0.0011800315 1.5206136e-06 0.006188509 3.5251475e-07 2.7747244e-06 4.2651848e-07 0.0028354276 1.8669008e-06 0.15142693 0.00040278173 0.022104062 0.15911776 7.317481e-09 8.3269445e-09 0.00026099407 0.0006384588 0.003221533 9.7179855e-09 0.1033515 0.00018400549 0.13890181 8.36507e-07 0.021117799 4.0611365e-05 6.765266e-05 2.2464574e-08 3.1191314e-05 5.596213e-05 0.0005645642 4.189807e-05 5.7243836e-09 0.0016722437 8.2070976e-08 0.029384576 0.00095821486 6.26711e-12 0.00015354806 0.032590672 0.00044547234 0.033141434 0.009073093 0.00021489621 0.00033434446 0.0037945819 0.008148851 5.5714975e-09 0.0013019106 2.2480947e-08 0.0154889375 0.0010411189 0.0029387106 0.00018148699 5.0949085e-09 0.005576456 6.9694534e-06
0.978861 0.03617058 0.32791275 0.20065397 0.04287016 0.89990354 0.1835693 0.0005330345 0.9298703 0.01052988 4.262091e-16 0.42569405 0.77192175 0.85347617 0.0791725 0.0061725685 0.47858134 0.41009218 0.82974213 1.1964819e-05 0.7764124 0.101277664 0.32747167 0.038035627 8.105099e-05 0.25311357 0.15870713 0.0007572849 0.7069117 0.45067933 0.3516236 0.112311676 0.048492335 0.013499466 0.0005843326 0.017614743 0.0002662537 0.8081221 8.743532e-07 2.810198e-05 0.00035995015 5.051983e-05 0.506427 0.022563703 4.2605566e-06 0.015862916 8.9426794e-07 4.060637e-05 0.0026039255 9.592403e-05 0.014550905 1.3621265e-05 0.0016609908 0.00012959856 0.078354165 0.014624206 7.33557e-05 0.0017435934 5.756652e-05 2.449544e-07 0.11375759 4.5827383e-06 0.00033713388 6.5459244e-07 0.028967645 8.5756847e-07 0.004083853 8.3974985e-05 6.1856525e-05 0.060846716 0.006168681 7.3482825e-06 4.068616e-08 1.6218098e-07 0.0024306602 4.4226724e-07 8.4749337e-07 1.2507189e-06 3.3776314e-07 9.158853e-05 0.0044190115 1.7743296e-09 5.104081e-07 0.0032962223 1.2945392e-06 0.0002835732 1.3769038e-06 9.385689e-06 0.016520957 0.0034952092 9.743428e-06 9.0225525e-09 0.00024979824 6.873498e-08 0.120199285 0.009146804 1.4246714e-05 0.00022982576 8.024981e-08 0.034979228 2.176021e-08
0.9985168 0.79072994 0.9546699 0.69171876 0.73521507 0.748293 0.50293034 0.17867602 0.16885729 0.37749928 0.42569405 5.1346176e-15 0.16384596 0.027101653 0.18965638 0.089359805 0.005739713 0.003693372 0.02610333 0.013317771 0.010515288 0.00088828197 0.12118581 0.00033881058 0.010418932 0.02331607 0.07389505 0.10740634 0.03207641 0.012770949 0.16546589 0.5705683 0.024843551 0.00037308477 0.057983246 0.00024094286 4.8424812e-05 0.16101858 0.00082434487 0.0024834324 0.0058038915 0.009805585 0.042183902 3.7543505e-05 0.001339657 1.9306455e-05 0.019375093 3.2681464e-06 0.11667857 1.9304283e-05 4.4497876e-05 9.456844e-07 0.07939894 2.2852685e-06 0.02729721 0.015895778 0.01383666 0.07862767 1.4116897e-06 3.067505e-08 7.480216e-05 0.0028452768 0.013982836 2.59907e-07 0.047893398 0.0004403528 0.06712145 5.412899e-07 0.01700886 0.000108069784 3.690485e-05 1.6995846e-06 0.00069308904 0.00013743038 0.091683306 0.00020255357 2.4209484e-07 0.0011179913 2.408219e-07 0.026242692 0.03506757 6.7882215e-09 2.9777122e-05 0.037465386 8.859482e-05 0.038261216 0.004817695 0.002312928 0.0073151584 0.08885156 0.014200197 4.7582795e-09 0.009453765 2.3031765e-08 0.05768002 0.0017987661 0.008184619 0.013817559 4.269437e-09 0.021338157 1.7217382e-05
0.9679395 0.00022991281 0.019248499 0.005818095 0.0015486272 0.28134823 0.0053303 5.9476122e-05 0.09645411 0.0002686346 0.77192175 0.16384596 1.128382e-15 0.9400773 0.0039977496 0.00030678126 0.94042987 0.5792321 0.11653215 8.9250943e-07 0.4913683 0.42425704 0.8487395 0.260748 3.7894533e-06 0.87585354 0.5182644 0.00041213978 0.11058584 0.094442874 0.0072208447 0.18627916 0.18660168 0.11010294 5.6716588e-05 0.10856592 0.024030138 0.11225896 2.9210486e-07 1.9703816e-06 9.270042e-05 1.1056291e-05 0.020233205 0.006083821 1.2048664e-06 0.016895635 3.165934e-05 0.00048573886 0.0044231247 0.0014814417 0.00427189 0.000104211074 0.0012893527 0.00051315257 0.0054324246 0.03568771 6.798446e-05 0.00013498924 7.567647e-05 4.4749082e-05 0.002685757 3.898007e-05 0.000815822 5.394834e-06 0.00073556625 3.0171196e-07 0.00011890239 2.5975043e-05 5.052397e-05 0.0057222373 0.004925184 6.3229663e-06 2.947404e-08 3.069576e-07 0.01687599 5.453285e-06 5.0872086e-07 4.9074215e-06 6.3184314e-05 1.8046036e-05 0.016921267 6.610616e-09 5.706792e-06 0.00022671948 6.1374835e-06 8.64691e-05 1.1566287e-06 0.00014785807 0.03352352 0.0039421846 2.5016e-05 1.5409153e-08 0.00088168384 2.368834e-08 0.075028464 0.013098687 5.4282784e-05 0.0006472085 1.19206845e-07 0.02400759 5.7942594e-07
0.9002211 0.00014781281 0.0073230597 0.0014836048 0.00058500195 0.12137351 0.00092875893 2.7188426e-05 0.23991938 6.8351495e-05 0.85347617 0.027101653 0.9400773 1.0253234e-17 0.002339662 5.6428697e-05 0.865053 0.9280157 0.35586557 1.7293819e-07 0.8391745 0.57677686 0.49721807 0.38002434 1.1862104e-06 0.63941044 0.2758328 9.069017e-05 0.18466695 0.13531454 0.0028985064 0.041757673 0.061815668 0.09135469 1.0334208e-05 0.08637594 0.01725639 0.11699482 8.021136e-09 1.4958077e-07 3.7722093e-05 1.5097646e-06 0.027371995 0.011544843 3.3991125e-08 0.023997894 2.552604e-07 0.00038094402 0.00091935653 0.0010222386 0.00596438 8.157979e-05 0.00022790136 0.0006907323 0.0019423728 0.009910509 3.323087e-06 1.9737613e-06 3.7394075e-05 1.0791854e-05 0.006615224 3.5916373e-06 4.3440352e-05 9.355676e-07 4.8092115e-05 1.6249038e-08 2.0933098e-06 6.2015475e-05 4.8416614e-06 0.017289815 0.0035998416 3.2115008e-06 8.636792e-10 8.694813e-09 0.0022690617 5.1887173e-07 2.3093428e-07 4.3010292e-08 2.2454103e-06 3.4338066e-07 0.0025552725 1.2772601e-10 4.036284e-08 5.0301064e-06 6.3640556e-08 2.3160696e-07 2.7380649e-08 4.7731946e-06 0.011695561 0.00080362364 3.881888e-07 2.259102e-09 5.698844e-05 2.554763e-08 0.036858767 0.0042543854 7.128271e-07 1.8819515e-05 5.3125793e-09 0.013213155 1.2954887e-08
0.90456957 0.5873173 0.40191025 0.71435916 0.124733545 0.30068544 0.9030758 0.08743748 0.2310006 0.8848639 0.0791725 0.18965638 0.0039977496 0.002339662 1.1693766e-16 0.95377535 0.0010298274 0.00035228705 0.006007689 0.0015101318 0.0004262914 0.00011380749 0.0070132716 4.6813166e-05 0.002421913 0.0006243319 0.0011701451 0.0026534456 0.01512394 0.011321238 0.9413748 0.0025352773 0.00042744816 0.00088993507 0.027675988 0.00078956183 2.2019118e-05 0.09391024 7.442226e-05 0.00048509653 0.0008487787 0.003536349 0.25960398 1.0755605e-05 0.00031715864 4.6053523e-05 0.00038769195 6.365674e-05 0.00043486198 3.263582e-05 0.00016835736 4.0445822e-05 0.00028065624 0.00013792209 0.8982897 0.0003348716 0.0029401707 0.1289738 1.2145892e-05 2.1559977e-07 0.014745731 0.00015806271 0.0002532543 1.3246266e-06 0.6016731 0.000108724256 0.2414569 8.06249e-05 0.010052183 0.001427435 0.0007862751 2.5237654e-07 2.3637454e-06 6.427511e-05 0.00012022862 6.391508e-05 1.5346905e-07 0.00022028794 1.4483694e-06 0.02121931 0.00024400468 3.5671852e-10 0.00028794407 0.092194535 0.000120400626 0.028145332 0.0018630922 0.00030027406 0.0012080559 0.002858938 0.006520629 5.9671383e-09 0.00012023699 1.1958937e-06 0.033266902 0.0029129381 0.00082274736 8.301937e-05 3.2528123e-07 0.0041662175 1.8152526e-06
0.91725045 0.5985641 0.11839905 0.17797135 0.22273727 0.032535303 0.34400967 0.8732981 0.0095588295 0.95744604 0.0061725685 0.089359805 0.00030678126 5.6428697e-05 0.95377535 2.960628e-19 2.8027225e-05 5.7510847e-06 8.239538e-05 0.052458372 3.3641893e-06 7.414887e-07 0.0009494912 6.0436474e-07 0.07127001 2.3729552e-05 9.800131e-05 0.011209058 0.0017868679 0.0015068993 0.5625135 0.0011434896 3.0065037e-05 2.0030222e-06 0.8256908 5.058952e-06 6.998966e-08 0.0055633355 0.0018764383 0.010656828 0.0041778986 0.12012168 0.0100529585 2.5333737e-08 0.003035564 4.1930544e-08 0.002419873 2.1491165e-07 0.000541 1.2960096e-07 1.061118e-06 2.334078e-06 0.00032209387 1.3785593e-06 0.7848884 6.128146e-05 0.31375548 0.6859027 4.9817693e-08 1.5446613e-08 0.00027376687 0.0007210354 0.00057126844 1.4641117e-07 0.6793488 0.001667677 0.67213374 3.005648e-06 0.28361908 1.8618595e-05 2.148421e-06 9.755947e-09 6.822581e-05 0.0004758269 8.271124e-05 0.00020832289 2.7466522e-09 0.007274013 6.951297e-08 0.29405192 0.00032144517 4.4515884e-12 0.0005153688 0.21084702 0.0008957117 0.23746802 0.03532797 0.0006448239 0.0001559469 0.002572952 0.044997368 4.7033616e-10 0.0003338735 1.3798976e-07 0.010277151 0.00041920535 0.01044974 0.00019787898 1.959679e-08 0.0017463543 3.4553763e-05
0.9074613 1.3371825e-05 0.000547268 0.0003621644 4.5845547e-05 0.008579988 0.00025470392 5.0555955e-06 0.020914635 2.6858836e-05 0.47858134 0.005739713 0.94042987 0.865053 0.0010298274 2.8027225e-05 2.429626e-15 0.7754048 0.22429653 1.7004105e-07 0.7550403 0.9368014 0.45658454 0.7730732 5.1456e-07 0.89735085 0.24685255 1.30012695e-05 0.15298659 0.12679884 0.0038146847 0.028388316 0.097920544 0.41298515 1.0705227e-05 0.40551758 0.23619416 0.22558971 3.256169e-08 5.9949286e-07 1.7558663e-06 2.9940245e-06 0.02407854 0.076718405 3.2484877e-07 0.17129038 3.402596e-06 0.00767135 0.00066808145 0.04004287 0.031502306 0.004644229 0.00011540363 0.02432615 0.0013841602 0.015548958 1.7852171e-06 5.3109743e-05 0.0017211431 0.0016894097 0.0045146104 3.7815653e-06 0.000118268974 0.00012641134 2.6568718e-05 1.997769e-07 8.291218e-06 0.00023415359 8.89261e-06 0.054084815 0.007573608 0.00018804238 4.2857056e-09 4.760406e-08 0.0034834906 5.8962524e-07 2.3746099e-05 1.942995e-07 0.0020680514 3.8192948e-06 0.004617191 3.4195617e-07 5.415486e-07 1.42630415e-05 1.324307e-06 8.859186e-07 1.1828751e-07 2.360273e-05 0.033211913 0.0005684294 5.703935e-06 1.1006673e-06 6.985573e-05 6.759217e-07 0.0635459 0.009414166 5.3572326e-06 4.2596894e-05 5.702105e-07 0.014734246 2.7072241e-08
0.7396737 8.8456785e-05 0.0011672751 0.00023902793 0.00025322507 0.0104396 8.224778e-05 1.2749572e-05 0.1061393 6.073438e-05 0.41009218 0.003693372 0.5792321 0.9280157 0.00035228705 5.7510847e-06 0.7754048 2.5344012e-17 0.27624407 5.8881164e-07 0.9493964 0.7255003 0.24168938 0.95551884 1.2662346e-06 0.46890363 0.14049827 2.94853e-05 0.10498333 0.08420507 0.0008242843 0.0108108865 0.02477828 0.08807814 1.2049447e-06 0.10498355 0.05329176 0.044135682 1.0262301e-08 1.8704785e-07 4.5662828e-06 3.2877233e-07 0.0068992856 0.031721648 4.829915e-08 0.06463693 2.0966874e-07 0.00078713376 0.0002545762 0.0042174663 0.010192196 0.00027252693 0.000103334845 0.003770575 0.00013360308 0.0045308433 3.746371e-07 3.7243595e-07 0.0011809315 0.000113589755 0.004869369 3.0164725e-07 4.0833215e-06 6.471461e-06 3.8015721e-06 3.2924156e-08 6.426028e-07 5.685945e-05 1.5681479e-05 0.026787065 0.0023240342 1.2788308e-05 6.7960165e-10 1.3436411e-08 0.00095400086 2.6068895e-07 1.4217878e-06 6.341348e-08 1.8854249e-06 4.984647e-07 0.0008842453 1.1918086e-08 3.470323e-07 5.5712485e-07 2.9022027e-07 3.7332942e-08 4.698693e-09 1.7910031e-06 0.002984059 0.00027188493 2.2686167e-07 1.00861595e-08 7.1543104e-06 1.06567704e-07 0.01426524 0.0017446588 3.9796103e-07 1.121305e-06 2.0944878e-08 0.00485987 7.48034e-10
0.9591454 0.0003337086 0.0045462996 0.012416368 0.00016178777 0.15760745 0.0074518747 1.1713351e-05 0.7721778 1.4177956e-05 0.82974213 0.02610333 0.11653215 0.35586557 0.006007689 8.239538e-05 0.22429653 0.27624407 1.6548253e-17 1.8748029e-08 0.9522551 0.2127269 0.14016177 0.094515346 1.9372666e-07 0.0791615 0.024714567 9.311992e-06 0.963283 0.92586344 0.12726052 0.0035895933 0.0046813083 0.12374384 4.4943918e-06 0.10423004 0.033594657 0.7481737 4.2322226e-09 6.408136e-08 1.5330676e-06 1.3575543e-06 0.47277236 0.46545836 8.4255376e-08 0.3217768 7.9733775e-09 0.0003516064 1.7261245e-05 0.00025381282 0.3680172 0.00025616775 4.1246276e-06 0.0021968423 0.038596205 0.00011967278 3.3844335e-06 2.2656612e-05 0.011243093 1.0606006e-05 0.17876555 5.9926185e-07 2.1924929e-07 2.4724082e-05 0.00096328265 2.5274225e-08 5.9066653e-05 8.8437046e-05 1.0671437e-05 0.3631725 0.0024645964 0.00056693767 3.9962236e-10 4.352592e-08 1.7262018e-05 2.0359442e-07 3.2570354e-06 2.2586937e-08 6.0009916e-07 9.10964e-06 0.000104105675 2.0072731e-08 2.8296196e-07 3.411748e-05 8.9407564e-08 2.733353e-06 1.0971465e-07 1.7626193e-06 0.0021759882 5.344982e-05 9.231044e-08 3.1383212e-08 9.297346e-07 3.3410757e-08 0.06232551 0.0016346959 2.6161972e-05 3.0976304e-07 8.368803e-09 0.0059377034 9.914874e-09
0.98105985 0.019869851 0.00046246493 0.00020198857 0.1041018 9.2605864e-05 0.00030204066 0.8973277 1.5836275e-05 0.01442683 1.1964819e-05 0.013317771 8.9250943e-07 1.7293819e-07 0.0015101318 0.052458372 1.7004105e-07 5.8881164e-07 1.8748029e-08 5.8525403e-16 7.821679e-09 2.298814e-08 3.5407204e-05 2.2409068e-08 0.9627776 3.2951596e-07 8.574299e-06 0.8551252 7.191832e-08 9.0001913e-07 0.0006096221 0.0009619602 8.72343e-06 8.97991e-08 0.2756551 2.4288457e-07 1.0802536e-08 7.0775995e-06 0.8889855 0.8267695 0.28761142 0.7442541 1.5786295e-06 3.263535e-09 0.594938 1.4393528e-10 0.4337905 3.7331375e-08 0.021681746 2.6414144e-09 2.6018538e-08 4.698498e-08 0.012160814 2.909911e-08 0.0011512085 4.1512314e-05 0.21861872 0.035818752 1.2578354e-09 1.1142022e-08 2.929507e-07 0.0095588835 0.039499056 5.126328e-08 5.6576964e-06 0.37557906 0.0038772116 2.2813195e-07 0.06998845 7.2684365e-08 4.693162e-07 1.06886894e-07 0.02576585 0.33901328 0.0009473522 0.00073587 1.1037323e-08 0.22394513 4.2029512e-08 0.022933802 0.0008580026 5.0806404e-10 0.14762895 0.00014917912 0.035616767 0.0024391501 0.014643444 0.0053322343 8.2470855e-05 0.015547401 0.0031881896 3.017413e-09 0.012072423 8.429231e-09 0.004904385 0.00020998382 0.097452044 0.0034069647 1.017545e-08 0.0033436152 0.0005816458
0.94970125 4.527286e-05 0.0007209657 0.00022236443 0.000121371326 0.03332943 7.843694e-05 7.5752064e-07 0.22360076 1.608579e-06 0.7764124 0.010515288 0.4913683 0.8391745 0.0004262914 3.3641893e-06 0.7550403 0.9493964 0.9522551 7.821679e-09 2.6469438e-19 0.7882675 0.2857565 0.8439627 1.17999534e-07 0.40820447 0.103840835 2.2126824e-06 0.8552577 0.7909747 0.0067191427 0.006692025 0.022313925 0.21885769 4.7962993e-07 0.2371763 0.24332142 0.3788683 1.6304756e-09 3.2050814e-08 2.8563036e-07 2.7717795e-07 0.100350864 0.47117025 1.1116212e-08 0.51934344 1.4232502e-08 0.0014499001 2.2794537e-05 0.0064330376 0.25064772 0.003239567 1.3535837e-05 0.018544873 0.003939364 0.0013537083 1.2603894e-07 3.3466966e-07 0.024138492 0.00090215646 0.070176065 4.338363e-07 1.0668256e-06 0.0007815037 5.336077e-06 3.6723696e-10 2.0424336e-07 0.00028142572 4.9314576e-07 0.3136237 0.009177973 0.0015947487 5.50939e-10 1.6832724e-09 0.00010018336 1.854719e-07 4.0785868e-05 2.4388123e-09 3.5890713e-05 2.4795654e-07 0.0005031001 3.5746385e-07 6.974805e-08 2.851296e-07 4.428334e-08 1.8444698e-08 1.4067038e-08 2.2511329e-06 0.010629494 0.00020137867 1.0038165e-07 1.4773944e-07 2.3051962e-06 4.3379636e-08 0.061437123 0.0060911505 1.2419043e-06 4.739176e-06 1.0608829e-07 0.01295455 3.7476107e-09
0.7756439 1.7755764e-06 9.787549e-05 1.6034855e-05 4.0965087e-06 0.0007943843 5.2678224e-06 5.023594e-07 0.00408643 3.9940032e-06 0.101277664 0.00088828197 0.42425704 0.57677686 0.00011380749 7.414887e-07 0.9368014 0.7255003 0.2127269 2.298814e-08 0.7882675 6.348162e-19 0.18003291 0.97693026 7.4149334e-08 0.6899431 0.13798149 1.8784486e-06 0.09268109 0.09346979 0.0013491415 0.0059644543 0.038777415 0.50822043 3.9265115e-07 0.53830004 0.6102951 0.119261496 2.5975633e-09 3.5959072e-08 4.032129e-08 2.420861e-07 0.007471291 0.12528704 1.0089699e-08 0.4180584 1.3041368e-07 0.03479603 0.0001482756 0.0921211 0.030724946 0.02608586 3.5058936e-05 0.11268686 0.00059480005 0.00858584 9.077362e-08 2.3629002e-06 0.012932121 0.008008591 0.0037291315 1.5553258e-07 3.552638e-06 0.0008170639 1.1266742e-06 1.16551115e-08 1.658689e-07 0.0003673113 5.346639e-07 0.04948053 0.008392206 0.00026053973 2.9539685e-10 1.9215656e-09 0.00091706007 1.2142816e-08 0.00018681459 3.559568e-09 0.011903997 9.9068075e-08 0.0009119619 1.3215334e-05 8.939047e-09 4.1509935e-07 7.1890476e-08 1.2992524e-08 8.919699e-09 6.200613e-07 0.015004614 0.000100713 1.0432089e-07 4.876576e-05 2.843596e-06 5.952083e-07 0.030764332 0.0042373165 1.5361417e-07 4.111332e-07 1.420667e-06 0.0062958 8.0253665e-11
0.93736935 0.0017504861 0.024119066 0.009839327 0.005476063 0.081737004 0.009585183 0.00089374324 0.07740378 0.002983705 0.32747167 0.12118581 0.8487395 0.49721807 0.0070132716 0.0009494912 0.45658454 0.24168938 0.14016177 3.5407204e-05 0.2857565 0.18003291 2.5347503e-16 0.13061564 2.5745732e-05 0.95766866 0.909569 0.002270955 0.09225328 0.06775251 0.01738487 0.84880424 0.5001807 0.17914078 0.0003064608 0.13986707 0.039365802 0.12592411 2.020504e-06 1.5373918e-05 0.0003727794 6.0307455e-05 0.01355967 0.0030367584 1.2206058e-06 0.03377464 0.0005169169 0.0043904744 0.029622635 0.026800985 0.004237183 0.0011973329 0.010936413 0.004373001 0.0027828563 0.14049004 0.00015774228 0.00087924657 0.00011006242 2.4438066e-05 0.00033104472 0.00022840005 0.0027796656 1.158342e-06 0.001440444 1.9898964e-06 0.00023829096 0.00016446914 0.000111026624 0.004103643 0.013449965 5.654797e-07 7.063166e-07 3.81306e-08 0.09538 2.0119314e-05 1.7207398e-07 1.570365e-06 4.210392e-05 0.000100068864 0.058619026 2.5677036e-08 4.075165e-07 0.00043285382 2.5645062e-07 0.0001433892 9.937423e-07 0.0005473878 0.062240798 0.015776636 4.8252746e-06 5.667024e-09 0.0027971806 1.9276372e-07 0.13895103 0.021588225 6.8942636e-06 0.0032757167 1.6715467e-07 0.048980027 9.5716175e-08
0.6799138 1.262092e-06 5.564691e-05 1.088895e-05 1.0449555e-05 0.0004518711 2.6129192e-06 7.0040375e-07 0.0032626474 9.44238e-07 0.038035627 0.00033881058 0.260748 0.38002434 4.6813166e-05 6.0436474e-07 0.7730732 0.95551884 0.094515346 2.2409068e-08 0.8439627 0.97693026 0.13061564 1.5043399e-18 1.3697691e-07 0.5761823 0.14912124 2.4785286e-06 0.06122338 0.06959493 0.00030234785 0.0035991156 0.03705816 0.4177582 4.835139e-07 0.5583114 0.7363835 0.015061652 4.9232746e-10 3.1761445e-08 5.129732e-08 1.794329e-07 0.0011073957 0.10566626 3.8936965e-09 0.42587063 5.1379768e-08 0.03926216 4.189947e-05 0.13174555 0.008824657 0.081944674 7.2674184e-06 0.16835418 8.613668e-05 0.0098111285 4.3901764e-07 1.8319821e-07 0.025159607 0.03628911 0.0014743699 2.8549584e-07 3.8096962e-07 0.0075069508 1.7041461e-07 9.7927675e-09 8.367994e-08 0.0010777107 2.7468714e-06 0.014804609 0.014004015 0.00035208373 7.4066524e-11 4.7204013e-10 0.00083638064 5.118619e-08 7.239523e-05 5.4112057e-09 0.04011023 5.5571732e-08 0.0012387102 1.5272633e-05 9.857721e-09 4.923702e-08 1.1134651e-08 4.5005826e-09 1.8177339e-09 1.233392e-06 0.021842737 0.00010192389 2.8831279e-08 1.0179561e-05 8.515093e-07 3.9555113e-07 0.02786633 0.0060148034 9.802939e-08 8.8636185e-08 1.4090845e-06 0.011264524 5.2042773e-11
0.9688269 0.028199151 0.001134645 0.00033227928 0.06909016 0.00018563445 0.0005521384 0.7900578 4.7170157e-05 0.025358474 8.105099e-05 0.010418932 3.7894533e-06 1.1862104e-06 0.002421913 0.07127001 5.1456e-07 1.2662346e-06 1.9372666e-07 0.9627776 1.17999534e-07 7.4149334e-08 2.5745732e-05 1.3697691e-07 1.9368322e-13 6.0469796e-07 2.1401685e-05 0.44246057 5.655023e-07 2.286099e-06 0.002171152 0.0005417447 7.634013e-06 8.887336e-08 0.5367164 8.346363e-08 3.6919825e-08 1.4519493e-05 0.8825814 0.9093191 0.12741302 0.8843905 1.1995484e-05 1.6546023e-08 0.6929325 6.7118205e-10 0.35752866 1.6826851e-07 0.0077210544 4.921549e-09 4.7698427e-07 6.593443e-08 0.0038071035 5.068934e-08 0.0027634932 2.3576546e-05 0.54962975 0.114025235 1.6954143e-08 1.7018422e-08 1.8863998e-06 0.004744055 0.00939771 9.692243e-08 4.7398516e-05 0.66041964 0.010747998 2.3253341e-07 0.33209395 1.0127809e-06 6.786736e-08 6.2561503e-07 0.025005847 0.4753008 0.00059282535 0.0003890661 5.7389382e-08 0.47778845 1.6225478e-07 0.098092906 0.0006584003 8.6493385e-10 0.3989142 0.00084230927 0.16258147 0.014583003 0.087973274 0.0019726485 1.5246628e-05 0.0060785026 0.019219963 4.0978274e-09 0.0032385543 7.258614e-08 0.0031891475 1.0033964e-05 0.49846542 0.0017484939 1.8832466e-08 0.00093591114 0.00032865466
0.9487762 7.092881e-05 0.003274895 0.0006442895 0.00026301702 0.016690189 0.0007671661 3.6761285e-05 0.02504506 0.0001480511 0.25311357 0.02331607 0.87585354 0.63941044 0.0006243319 2.3729552e-05 0.89735085 0.46890363 0.0791615 3.2951596e-07 0.40820447 0.6899431 0.95766866 0.5761823 6.0469796e-07 5.4456208e-17 0.5768241 2.0397341e-05 0.08655602 0.06615302 0.002947941 0.2594672 0.39875704 0.5636442 1.2086984e-05 0.4822663 0.19423784 0.06338147 1.711693e-08 2.0632365e-07 4.225518e-06 3.362252e-06 0.004947536 0.009601625 4.945792e-08 0.11246206 2.7903026e-05 0.018895414 0.0039478694 0.3008669 0.009619896 0.0061784666 0.0010246846 0.056227636 0.0015773792 0.067052856 8.185017e-06 0.00016718905 0.00033394137 0.0008053403 0.0003261515 8.826689e-06 0.00038737484 1.2197138e-05 0.00051211 1.3877829e-07 1.7043443e-05 0.00028405362 2.1136922e-05 0.01983574 0.05839807 4.2301344e-06 5.4558548e-08 9.932421e-09 0.016403563 1.6883312e-06 4.8763576e-07 1.2157776e-06 0.0050737304 5.6176677e-06 0.020621775 6.857051e-08 2.6497383e-07 5.8552574e-05 3.061694e-07 1.0469345e-05 7.729846e-07 4.0722945e-05 0.1299447 0.0036924337 2.2997199e-06 1.5327226e-08 0.00043029975 1.0525968e-07 0.10615477 0.026027016 9.685923e-06 0.0005427301 1.3573582e-07 0.034115482 9.475901e-09
0.936815 0.0009804389 0.011680312 0.0040483065 0.001765338 0.052149363 0.0038871171 0.00023520816 0.025349425 0.0010222245 0.15870713 0.07389505 0.5182644 0.2758328 0.0011701451 9.800131e-05 0.24685255 0.14049827 0.024714567 8.574299e-06 0.103840835 0.13798149 0.909569 0.14912124 2.1401685e-05 0.5768241 4.2132537e-17 0.0054721767 0.0127016725 0.008464277 0.0020308443 0.89170146 0.94883937 0.25708988 0.0001226784 0.25531977 0.034611117 0.034729026 8.903301e-08 1.9262454e-06 0.00063013413 2.0280166e-05 0.0016117822 0.0007641978 2.189983e-07 0.0059021353 0.00018302158 0.008646936 0.08753353 0.057323243 0.0003284037 0.0008793854 0.02699244 0.007870647 0.00060066953 0.68580383 5.656226e-05 0.00014808851 1.0789343e-05 0.00026166326 5.6882174e-05 0.00021106294 0.00693668 3.5263329e-06 0.00039162987 4.8257984e-08 1.52926e-05 0.00024896156 6.493727e-05 0.00046057344 0.16042058 1.6965514e-06 5.3404676e-07 1.6453782e-08 0.4305673 1.5988107e-06 7.7466945e-07 4.7796307e-06 0.0003616151 3.0559222e-06 0.22845168 4.5345314e-09 3.1436429e-07 8.78721e-05 2.7133058e-06 1.3144279e-05 3.0209836e-07 0.0002965621 0.41371158 0.029696729 4.8007087e-06 7.77115e-09 0.008750766 2.3448945e-06 0.23913875 0.15156052 1.3382121e-05 0.0043750657 4.571594e-06 0.19319876 4.158266e-08
0.99181205 0.10246539 0.0249207 0.0043823067 0.5621234 0.0034607984 0.0058065928 0.49923605 0.00042611256 0.0739002 0.0007572849 0.10740634 0.00041213978 9.069017e-05 0.0026534456 0.011209058 1.30012695e-05 2.94853e-05 9.311992e-06 0.8551252 2.2126824e-06 1.8784486e-06 0.002270955 2.4785286e-06 0.44246057 2.0397341e-05 0.0054721767 1.1442479e-13 5.668533e-05 5.6469933e-05 0.000827146 0.102242306 0.0032905564 8.867162e-06 0.05839199 9.746067e-06 2.4197564e-06 0.0009087038 0.73159647 0.43815938 0.9237349 0.116713494 3.3252727e-05 1.9841686e-07 0.28190115 8.7525045e-08 0.8910333 4.0063674e-06 0.5042743 2.873241e-06 1.0035079e-06 5.7448e-07 0.14345905 5.5585065e-07 0.0010842269 0.0013134938 0.033242375 0.010453442 3.3161743e-07 1.5046144e-08 1.7581668e-06 0.22286035 0.733539 1.2347125e-06 0.0005689037 0.099095374 0.0012008534 4.0969053e-07 0.020864282 1.9296718e-05 5.320051e-06 9.650678e-07 0.670359 0.433459 0.06714703 0.10882849 1.5915754e-06 0.03244799 4.107987e-06 0.010759038 0.014732167 1.265763e-07 0.04685797 7.129658e-05 0.009489324 0.00048818975 0.011973489 0.2614655 0.00088207057 0.37620705 0.0015040752 3.5315256e-08 0.19625425 2.0367258e-08 0.031069482 0.0003038466 0.07751618 0.06726508 1.4553359e-07 0.013083002 0.043432634
0.8791043 0.0022344561 0.0123958 0.018348018 0.0015518301 0.12603036 0.020285958 4.729448e-05 0.9026561 0.00026338824 0.7069117 0.03207641 0.11058584 0.18466695 0.01512394 0.0017868679 0.15298659 0.10498333 0.963283 7.191832e-08 0.8552577 0.09268109 0.09225328 0.06122338 5.655023e-07 0.08655602 0.0127016725 5.668533e-05 2.811517e-18 0.9860169 0.27980012 0.004152722 0.0036087786 0.010777641 2.9063865e-06 0.017350452 0.041346405 0.65035075 1.568028e-09 7.3708923e-09 1.8137056e-06 1.6240332e-06 0.44003958 0.33765835 1.3864437e-08 0.042200375 6.613999e-08 0.00030468113 0.00026451118 0.0004994338 0.72507775 0.0033438096 9.80762e-05 0.0018905115 0.023490662 0.00037515254 9.3723133e-07 2.6248626e-06 0.013912704 0.00016585727 0.37305978 8.1179195e-08 1.5976798e-06 9.1907505e-06 5.5841112e-05 1.2949101e-09 7.307027e-07 0.00012515267 1.6439495e-06 0.33000273 0.0013015855 0.0034486954 1.8873288e-11 9.537656e-10 0.0003205595 2.3632485e-07 2.0484049e-05 1.9297625e-10 1.4089944e-06 7.4758935e-07 0.00024420724 6.7758975e-08 2.5922775e-09 2.0763462e-06 1.6901118e-09 1.792788e-07 1.7084207e-09 9.851833e-06 0.0008546831 0.00020100143 6.784765e-09 3.6889766e-08 4.7002195e-06 3.699264e-08 0.01261843 0.0030623234 6.703435e-08 1.8037551e-07 1.0109503e-08 0.0073379576 1.027173e-10
0.83465654 0.003865285 0.0072357175 0.015323823 0.0017957143 0.058966197 0.025596548 8.115789e-05 0.6879478 0.0021750068 0.45067933 0.012770949 0.094442874 0.13531454 0.011321238 0.0015068993 0.12679884 0.08420507 0.92586344 9.0001913e-07 0.7909747 0.09346979 0.06775251 0.06959493 2.286099e-06 0.06615302 0.008464277 5.6469933e-05 0.9860169 2.705028e-17 0.5933415 0.0020775 0.0023605942 0.019866765 1.2213213e-05 0.02523879 0.069143094 0.7798241 4.000896e-08 1.1977428e-06 8.160714e-06 1.7080031e-06 0.6755309 0.75273263 1.04691054e-07 0.086898 3.7788504e-06 0.0008094953 0.00024437008 0.0006366144 0.9615343 0.0039114854 8.458431e-05 0.0043820576 0.019267183 0.00021006975 1.7879672e-06 2.0042376e-06 0.14275216 0.00027130137 0.5464436 8.772674e-07 3.7124216e-06 0.00023523554 1.51433505e-05 1.09908164e-07 1.470478e-06 0.00039721577 3.9153165e-05 0.59936094 0.0015287884 0.029709872 1.2856247e-09 1.768934e-08 0.0003992202 8.5629273e-07 0.00024306682 1.8586694e-09 2.2495351e-05 5.662311e-06 0.0002463567 1.0988072e-05 1.9290322e-08 1.8883851e-06 5.908946e-09 4.89083e-08 3.4763283e-09 3.8320515e-05 0.0009510354 0.00022389654 3.9596348e-08 3.7083788e-07 2.6319452e-05 6.925667e-07 0.0060496046 0.0023397924 3.494737e-07 9.510894e-07 1.2183548e-07 0.0036738105 1.8415478e-09
0.9673585 0.18779214 0.06200262 0.5680408 0.026235534 0.22473803 0.42416865 0.024750773 0.28583807 0.26274952 0.3516236 0.16546589 0.0072208447 0.0028985064 0.9413748 0.5625135 0.0038146847 0.0008242843 0.12726052 0.0006096221 0.0067191427 0.0013491415 0.01738487 0.00030234785 0.002171152 0.002947941 0.0020308443 0.000827146 0.27980012 0.5933415 4.3181137e-14 0.0030801431 0.00034687316 0.00087560585 0.008630565 0.0018111201 0.000139291 0.5529487 2.5523339e-05 0.00033392795 0.0002165577 0.0010931079 0.92154604 0.00021189428 0.0001242434 0.0002570801 3.8714566e-06 7.162322e-05 0.00020245952 1.6639286e-05 0.0024834124 0.00012830926 0.00045358064 0.00029068883 0.96388406 0.00025838846 0.00067122636 0.01587351 0.00021910081 4.045398e-06 0.27006298 0.00013079164 0.00012383233 7.439001e-06 0.37656367 1.0775205e-05 0.034932114 0.0006006097 0.0029022086 0.022422487 0.002200149 3.480449e-05 3.524897e-08 9.243686e-06 0.00010716857 6.5748114e-05 8.0796235e-07 5.4397906e-06 1.3264653e-05 0.006795953 0.0004397449 2.6544549e-09 3.690437e-06 0.030548822 2.3838345e-06 0.009925671 0.00014075763 0.0019512101 0.0018067724 0.0027096767 0.00082001823 1.6505773e-08 0.0005897468 1.0051907e-06 0.22669655 0.005503586 9.433109e-05 0.00040508265 1.3002318e-06 0.012825964 3.9011625e-06
