1.4476834e-30 0.001638491 1.2918006e-05 0.05195367 0.00027504182 0.0009799299 0.0147920195 0.07853685 0.33547574 0.050446775 7.259573e-07 0.62152004 0.060018364 0.00017582625 0.89760494 0.59827316 0.95756894 2.8093336e-06 0.94573164 0.14490537 0.99359304 8.438903e-06 0.9150342 0.0125431735 0.75042254 0.83443683 0.6456119 0.2806661 0.93919545 0.72668356 0.91277397 0.9294423 0.65247285 0.03464674 0.93846124 0.83842033 0.96885544 0.826179 6.128292e-07 4.183854e-05 0.9481572 0.14051746 0.7480271 0.0006674055 0.013996645 0.8704276 0.9405729 0.43241584 0.75161207 0.98726493 0.96759945 0.92760384 0.01269974 0.001095011 0.9158415 0.8782669 0.23974653 0.9624681 0.68688685 0.8881494 0.9882742 0.9787265 0.88353425 0.13580197 0.016695594 0.9677231 0.44062743 0.86385715 0.06820658 0.9587534 0.8867243 0.00082448166 0.960947 0.7295711 0.21536684 0.7070698 0.7287206 0.9462868 0.014096619 2.9607787e-05 0.9932126 0.70872104 0.32545802 0.9910647 0.35404018 0.25121734 0.055963445 0.77335095 0.9982012 5.441963e-05 0.043269966 0.99991864 1.6804368e-05 0.99981046 0.0007446678 0.99895215 0.99152344 0.8324887 0.9996867 0.9778146 2.1032782e-05
0.001638491 5.451292e-18 0.8717866 0.92986643 0.10601487 0.23862989 0.05133397 0.36694035 0.35468882 0.0099470345 0.004709481 0.30522874 0.0055649993 0.002023383 0.024774132 0.0050888904 0.1754413 5.3279895e-05 0.0063672676 0.0026533091 0.026170412 1.304846e-05 0.012933267 0.003051218 0.0012067399 0.00091521745 0.001059999 0.002119451 0.0009435535 0.00031199478 0.000922097 0.00043697405 7.985877e-06 5.9423677e-05 0.001157048 9.768926e-05 0.0011282404 0.00047876968 9.108551e-05 1.4234465e-05 3.882288e-05 3.8883068e-06 0.0001897042 1.8385577e-05 0.0001651464 3.4843644e-05 0.0020743702 3.3878616e-05 3.3853603e-06 0.002022704 0.0008204617 7.9811536e-05 1.0118744e-06 6.285061e-06 0.00053377723 1.833676e-05 0.00020288496 0.00017644356 8.354515e-05 1.231054e-05 1.3514503e-05 4.8311842e-05 7.127347e-05 1.0673218e-05 8.918611e-07 0.001870599 2.210768e-05 2.803629e-05 8.020979e-06 0.00011056192 1.209103e-05 3.2878177e-07 0.0006772942 3.352699e-05 4.211277e-06 0.00078143104 3.0832668e-06 0.0008901748 1.9468355e-06 5.698357e-06 0.00051487586 2.3377938e-06 0.00029908284 3.261062e-05 1.1352466e-06 0.00017585576 4.861327e-07 1.3695568e-06 0.0015002231 8.528771e-07 2.5310603e-06 0.0005834825 7.856315e-07 2.2008935e-05 3.7872334e-05 1.512176e-05 1.5892912e-06 0.00012941688 0.0001542555 4.7066507e-08 3.450453e-07
1.2918006e-05 0.8717866 3.274958e-17 0.5619533 0.35503566 0.21649146 0.011388518 0.059668083 0.029537689 0.0012847797 0.07942773 0.02012632 0.0050189923 0.002604462 0.001761727 0.00065779185 0.0069476273 0.0001901077 0.00041082222 0.00095554756 0.0013944157 0.00013772519 0.0013726358 0.0012816952 4.2847212e-05 6.347033e-05 0.0001058359 0.00042253852 3.0766067e-05 2.7985134e-05 0.000113621725 3.7270638e-05 2.291933e-07 8.933172e-06 0.00013565463 1.6607539e-06 0.00022906034 3.7776346e-05 7.1039896e-05 1.9725052e-05 7.210065e-06 1.0334626e-06 9.911203e-06 1.0402416e-05 5.5393182e-05 4.9249697e-06 0.0002542324 5.9543568e-06 1.3757816e-06 0.00019912365 0.00012581468 9.2535774e-05 3.32962e-07 4.716798e-06 0.000102823156 1.8952762e-05 1.0599201e-05 3.2908007e-05 1.4689734e-05 2.2937797e-06 4.917224e-05 4.0095456e-05 3.4768327e-05 1.1878576e-06 1.1525222e-07 0.00046170983 1.3241203e-06 1.0930202e-05 3.7385976e-07 0.00015369558 3.1402403e-06 6.0605316e-08 0.0001080529 3.5485036e-06 2.676068e-07 0.000105590014 4.0626819e-07 0.0005618177 4.487811e-07 1.7962459e-06 0.00014342886 3.198292e-07 4.593018e-05 9.404428e-05 9.932123e-08 7.70784e-06 4.2676884e-08 1.4188208e-07 0.0009423481 1.099778e-07 6.5358995e-07 0.00017280853 4.218491e-08 1.867315e-05 4.820755e-07 4.894442e-06 7.856884e-07 1.7031112e-05 0.00013627001 1.5126888e-08 3.2720756e-08
0.05195367 0.92986643 0.5619533 2.3431983e-15 0.12046852 0.28675094 0.7232429 0.90417606 0.55452496 0.63443804 0.017415568 0.21380304 0.001324004 0.0015317611 0.030095352 0.00498359 0.30204386 0.0004383667 0.019694952 0.0020161166 0.044406045 0.00031616027 0.13686673 0.021375926 0.0005688364 0.00018418528 0.0008889197 0.01792897 0.0018142498 7.172418e-05 0.005532967 0.002616757 1.8266228e-05 1.537197e-05 0.0013489202 9.3859264e-05 0.0049284757 0.00035070252 2.3379174e-05 5.0040184e-05 1.8641336e-05 1.129396e-06 1.1522134e-05 2.2671244e-05 0.000858854 4.0598024e-06 0.003301251 4.7485046e-06 4.4957073e-06 0.0018050082 0.0027030075 4.9111877e-05 8.027278e-06 0.00011057384 0.0008693644 1.751995e-05 1.1085855e-05 0.0006088946 8.180518e-05 1.5312828e-05 0.00023364412 0.00013666826 8.771962e-05 2.135735e-06 6.6795906e-07 0.0024335633 5.0162716e-06 6.4605156e-06 2.7294043e-06 0.0002441213 2.005749e-05 7.4254376e-07 4.5516805e-05 4.529845e-06 1.5933522e-06 0.00021526111 1.9646811e-06 0.00045529768 5.5398624e-07 3.2524742e-05 0.0012434826 4.4488496e-07 0.00057548407 3.557451e-05 1.782088e-07 0.0024812499 3.2708078e-07 2.545115e-07 0.0022013325 9.630199e-06 1.7007698e-06 0.002942429 8.2237075e-06 2.3306695e-05 0.0010015465 1.1035633e-05 4.3960276e-06 0.0015172384 0.0006615804 1.4572845e-07 1.611929e-05
0.00027504182 0.10601487 0.35503566 0.12046852 1.8900781e-14 0.9015594 0.0011035515 0.039951388 0.046957698 0.00012361782 0.22391135 0.10840171 0.14191285 0.02709111 0.012843736 0.00985768 0.017227173 0.0025570083 0.002000947 0.006665179 0.010307501 0.00064817176 0.0009276082 0.000115396586 0.0009469917 0.00050608517 0.0012579332 9.218565e-05 0.00018092658 0.000120754106 1.8824883e-05 4.851247e-06 5.058962e-06 4.2400243e-05 4.5802895e-05 2.3684628e-05 4.927735e-05 6.9173466e-06 3.9575607e-05 3.4632285e-05 1.9075835e-05 1.456071e-06 8.328998e-06 1.9892463e-05 8.475925e-06 6.331723e-06 4.277658e-05 7.43622e-06 1.4842175e-06 0.0010622988 4.198539e-05 7.4584013e-06 1.991809e-07 3.2409698e-06 5.5537115e-05 1.7740353e-05 2.3293637e-06 8.836226e-05 5.618713e-06 1.2313823e-06 3.1903444e-05 8.651843e-05 4.093871e-05 2.282005e-07 8.831179e-09 0.00058908464 6.669502e-07 9.595381e-06 1.3598019e-07 0.00027835983 2.1057851e-05 1.3811015e-08 0.00013368453 3.2947935e-06 7.219994e-08 4.1241932e-05 1.4073278e-06 0.0036732778 9.049028e-08 3.020085e-07 8.0335085e-05 4.6115005e-07 3.3426903e-05 0.0003254322 7.737948e-08 3.5019787e-06 3.1412554e-08 3.3878322e-07 0.00249194 1.2752807e-07 2.1757629e-07 0.00067679153 4.9598775e-08 7.999847e-05 5.9882996e-07 6.694178e-06 8.151586e-07 5.6889144e-06 0.002900587 1.7697474e-08 4.8463594e-08
0.0009799299 0.23862989 0.21649146 0.28675094 0.9015594 6.7900715e-17 0.0011116526 0.107632816 0.19243743 0.0001739738 0.09478811 0.4528091 0.4368198 0.06300631 0.06697563 0.03576768 0.06978981 0.0023919567 0.008854808 0.013401566 0.04535307 0.00044611772 0.00073139614 2.470923e-05 0.0023534517 0.0022674014 0.004293725 1.0194921e-05 0.00033243804 0.0006416035 2.1473365e-05 3.560891e-06 1.639657e-05 8.720914e-05 4.892097e-05 0.00013497456 7.232554e-05 1.6350498e-06 6.971577e-05 2.3180628e-05 1.0444832e-05 2.4258006e-06 2.0424746e-05 1.29619e-05 3.0915878e-06 3.8954777e-06 4.1365696e-05 5.2508994e-06 3.4900842e-07 0.0005696942 5.762326e-05 1.3231481e-06 2.869986e-07 1.1013644e-06 2.3892708e-05 1.8064485e-06 3.1537186e-06 7.145041e-05 5.7310814e-07 1.7096817e-06 7.5235744e-06 1.3612551e-05 3.1287032e-05 1.1305538e-07 4.5373e-09 3.958625e-05 4.2072605e-07 6.189795e-07 1.0377672e-07 5.986513e-05 3.0874555e-05 3.2626637e-09 0.00014544751 1.4896046e-06 4.362998e-08 6.9343937e-06 2.2360406e-07 0.00225383 2.3507537e-08 4.0807652e-07 1.573802e-05 1.2125902e-07 3.205802e-05 0.00014905582 1.5943144e-08 9.594986e-06 7.5990876e-08 1.3293881e-07 0.0021530855 5.553708e-08 9.607998e-08 0.00070802355 2.6536819e-08 8.293572e-05 3.8909388e-07 1.0894049e-05 5.4109483e-07 8.396197e-06 0.0011422301 4.6010493e-09 3.902234e-08
0.0147920195 0.05133397 0.011388518 0.7232429 0.0011035515 0.0011116526 2.9097186e-18 0.797539 0.19459638 0.99196017 7.439942e-05 0.018442398 0.00019576807 6.940623e-05 0.0029101404 0.002229874 0.0960934 1.4285586e-05 0.075198464 0.000120560566 0.020573305 1.8731884e-05 0.38212675 0.13662928 0.0028418289 0.002241088 0.00014737084 0.3136894 0.0071917614 4.8296595e-05 0.04090265 0.013174161 2.6970489e-05 6.4162577e-06 0.01099018 0.00047382357 0.011731166 0.0051181614 1.814055e-06 1.7019997e-06 5.7027362e-05 5.446217e-06 1.8064633e-05 2.124101e-05 0.003870117 5.3569438e-05 0.0057654046 3.058166e-05 1.44074775e-05 0.0027111555 0.0039073178 0.0018913074 2.2493226e-05 4.3840304e-05 0.0017753768 0.0012847589 2.9114979e-05 0.0023624972 0.0008188507 3.93883e-06 0.00055052893 0.0006053745 0.00069298985 1.7527736e-05 3.2892397e-06 0.008718304 2.1728203e-05 1.4231981e-05 4.128957e-06 0.0003687178 0.00036509434 5.47898e-06 0.0008949565 1.7519798e-05 2.510075e-06 0.0031785143 2.9755267e-05 0.0025522686 1.4019614e-06 1.2423681e-05 0.005051627 2.7083552e-06 0.0016522413 0.00044679982 4.6786164e-07 0.0016050072 4.5121135e-07 1.7335342e-06 0.0032124843 5.18415e-06 3.5057915e-06 0.0013150988 3.7308102e-06 0.00042617272 0.0014623961 0.00011118005 2.0051428e-05 0.00067257264 0.001700869 2.1894652e-07 3.0599526e-06
0.07853685 0.36694035 0.059668083 0.90417606 0.039951388 0.107632816 0.797539 7.5291705e-20 0.983031 0.46538776 0.003743468 0.34846532 0.012128946 0.0003235689 0.070266984 0.018156553 0.64452803 5.063458e-05 0.10310384 0.0024062244 0.050479237 4.43816e-06 0.3117345 0.008495432 0.003367981 0.0013050624 0.001259109 0.029429806 0.013710188 3.995979e-05 0.0056958417 0.0015807493 0.00014020658 3.0590003e-05 0.003648864 0.00069470535 0.0056324233 0.000546519 7.7087265e-07 9.1913506e-07 1.8415461e-05 2.9709756e-07 1.3362633e-07 7.767423e-07 0.00046488905 9.070547e-07 0.0031494584 1.5510915e-08 5.7243653e-08 0.0038897519 0.0052561457 0.0003179536 4.7688377e-07 2.7754284e-06 0.00033306348 8.191042e-05 2.855958e-07 0.0036386356 3.4388377e-05 2.6983764e-05 0.00095154723 0.0014010493 0.00014079374 4.0258886e-08 2.753768e-07 0.00046833578 8.1908755e-09 4.0027047e-08 3.0871725e-09 4.9373877e-05 7.1741106e-06 2.417054e-07 2.2117614e-05 2.0385204e-07 1.4729726e-09 6.731713e-06 2.2648983e-07 0.0005540008 1.1912473e-08 1.1365818e-05 0.00022485605 9.399106e-10 3.2286163e-05 4.8845308e-05 5.417541e-11 0.00012104788 4.5803214e-10 1.7088453e-08 0.00092893525 9.28333e-07 4.2215804e-09 0.000645501 2.4025153e-06 1.2781261e-05 6.6983966e-07 1.5705783e-07 1.6944023e-08 0.00046990786 0.0005583779 2.712828e-11 3.3648537e-06
0.33547574 0.35468882 0.029537689 0.55452496 0.046957698 0.19243743 0.19459638 0.983031 1.9878402e-17 0.017958917 0.002311434 0.75153106 0.20151839 0.007946919 0.3062345 0.15983282 0.92322576 0.0004734155 0.4325286 0.017022597 0.2704694 0.0001589687 0.24820201 0.00037265453 0.019282863 0.0042899004 0.009507344 0.0034074052 0.066683635 0.0021563752 0.0011005844 0.00024923214 0.0011362797 0.00033271554 0.008158477 0.0051108594 0.010125637 0.00018699392 5.7018033e-06 2.3391576e-05 7.31587e-05 3.110438e-06 4.4977984e-05 1.5759017e-05 3.2529024e-05 8.465971e-06 0.010075394 6.244771e-07 2.728552e-07 0.034996435 0.024113165 0.00018539703 7.3662236e-06 3.3557396e-06 0.0011377493 0.0001585608 2.916749e-06 0.017812796 2.1696482e-05 8.078448e-06 0.014718229 0.013204438 0.00037580176 1.7412808e-07 4.202336e-07 0.0005970159 3.1961562e-08 2.984917e-07 3.8491063e-08 9.125026e-05 2.8382601e-05 9.7908114e-08 0.00016544417 6.80748e-08 7.686212e-09 1.9104835e-05 2.2157789e-07 0.0030436316 5.3370176e-08 1.5865018e-06 0.00010690418 7.651978e-10 4.256672e-05 0.00044089442 3.2138991e-10 5.9647296e-06 6.122677e-09 1.339333e-07 0.002622855 1.4191146e-07 8.740189e-09 0.0020722654 1.318018e-07 1.32158375e-05 4.0201685e-06 1.16797096e-07 2.3075472e-08 0.00019161956 0.00037812427 4.629628e-11 2.1151823e-07
0.050446775 0.0099470345 0.0012847797 0.63443804 0.00012361782 0.0001739738 0.99196017 0.46538776 0.017958917 5.810892e-17 4.537543e-05 0.004300251 0.00015009457 0.00024367425 0.0012830264 0.00072936295 0.026521904 2.1972592e-05 0.02094421 0.00010497394 0.0050571826 8.762072e-05 0.3026866 0.61034155 0.00040848754 0.00060833426 0.00013946339 0.49941137 0.0035470203 2.4698182e-05 0.108089894 0.08845282 2.0487469e-05 4.9821476e-05 0.009873708 0.0001794498 0.025920097 0.004828126 2.3856595e-05 3.5021121e-06 0.00011412789 6.9985053e-06 1.928235e-05 1.4341893e-05 0.010244341 4.4497065e-05 0.0060487734 8.261967e-06 1.391336e-05 0.0019111497 0.0053746067 0.0011852235 9.512046e-05 3.228832e-05 0.0014503972 0.00034770963 1.7424769e-05 0.0016215974 0.0005004455 3.592019e-05 0.00021377932 0.00020177179 0.000114180584 1.2026194e-05 5.0692026e-05 0.034567546 8.743553e-06 6.175335e-06 2.1671265e-06 0.00023830685 6.9482005e-05 2.3953029e-05 0.00046353746 0.00010790974 2.464481e-06 0.0027938723 1.7505603e-05 0.0009185143 2.9005246e-06 1.0164932e-05 0.010848077 1.1664476e-06 0.002096012 0.00034001406 3.0588365e-07 0.007527358 1.2475001e-06 8.099365e-07 0.0026128623 8.565823e-06 1.2752739e-06 0.0027744852 2.8207594e-06 1.4830638e-05 0.0033339816 7.287757e-05 2.280928e-05 0.0019146953 0.0007519881 3.4177592e-07 4.140645e-06
7.259573e-07 0.004709481 0.07942773 0.017415568 0.22391135 0.09478811 7.439942e-05 0.003743468 0.002311434 4.537543e-05 6.095102e-19 0.011059129 0.15217957 0.40812486 0.0011389657 0.0010281209 0.00025154118 0.541288 1.07569895e-05 0.006618543 0.00028834416 0.25525525 8.6158034e-05 0.0005665855 1.475467e-05 1.2260956e-05 0.00018394865 2.6493872e-05 1.6084025e-06 1.48913105e-05 9.665558e-06 2.5621048e-06 6.9444596e-08 3.0038844e-05 3.54345e-05 7.5481864e-07 1.2986449e-05 2.7574133e-05 0.0028743772 0.00013946737 1.7065805e-07 2.8831223e-06 8.033312e-06 6.463039e-05 2.2512755e-05 1.3655341e-07 0.00012273305 2.2393176e-06 1.858759e-08 9.496791e-05 0.00018733948 5.892459e-05 2.3601976e-06 1.7986691e-05 0.00060667266 0.00019231324 8.592061e-06 0.0006186134 1.069696e-05 3.1725315e-07 0.00018054117 0.0015068187 0.00036986964 1.3812604e-07 4.7773607e-08 2.0049134e-05 9.953153e-08 3.5590352e-07 1.0431731e-07 0.00062798604 9.273004e-05 2.1610397e-08 0.00013750629 9.3672945e-08 2.6635396e-08 1.073425e-05 1.790005e-07 0.0075373426 1.5649641e-07 1.4197576e-05 7.5199387e-06 6.749953e-09 4.243157e-06 0.00024153088 5.3694644e-09 7.3675125e-07 3.4176446e-09 8.047432e-09 0.007673527 9.454345e-09 3.4808699e-07 0.0006971128 1.747675e-08 4.0968313e-05 2.438902e-08 4.611837e-06 8.969588e-08 1.6613343e-07 0.0016713524 1.6962222e-09 6.5051154e-08
0.62152004 0.30522874 0.02012632 0.21380304 0.10840171 0.4528091 0.018442398 0.34846532 0.75153106 0.004300251 0.011059129 3.045285e-14 0.85115945 0.13980429 0.9344559 0.8159174 0.72454786 0.00508316 0.19265695 0.37202266 0.60352176 0.0040976424 0.034596898 0.00030115302 0.113209255 0.05326139 0.081819 0.0003865825 0.02330913 0.073299855 0.0016470568 0.0004513381 0.005347466 0.017770963 0.006003253 0.009971078 0.008505692 0.00012152421 0.00069806474 0.0028711979 0.006582927 0.005053453 0.0046009645 0.0025311713 2.7529331e-05 0.0018921527 0.0096408175 0.0005210949 0.00011651669 0.034360696 0.023188563 0.00014846041 0.001199063 0.00026156695 0.0011984754 0.0002643556 0.00034715893 0.022822201 4.3002383e-06 0.00046671458 0.011717146 0.018473545 0.0006452453 2.3985169e-05 7.716629e-06 0.00018905906 1.3592476e-06 7.8883695e-06 2.402192e-06 0.00022578391 0.00048654532 1.4440069e-06 0.0037132772 2.8790917e-06 1.8236794e-07 3.76022e-05 6.2254608e-06 0.0033213366 7.637096e-07 1.999956e-05 0.00013053247 7.23154e-09 7.020837e-05 0.0046950094 1.2453716e-09 6.896712e-05 2.112631e-08 5.280188e-07 0.002066135 5.082883e-07 3.4778407e-07 0.0006214869 1.8441719e-07 0.00057133735 7.9283075e-07 2.1656811e-05 1.0576114e-06 0.0007642987 0.0013507275 8.545211e-10 7.8235365e-07
0.060018364 0.0055649993 0.0050189923 0.001324004 0.14191285 0.4368198 0.00019576807 0.012128946 0.20151839 0.00015009457 0.15217957 0.85115945 3.8080587e-16 0.9260309 0.5626225 0.6851545 0.1107647 0.36775175 0.0038715012 0.8926519 0.38200632 0.23871605 4.6871864e-05 0.0008799311 0.03408828 0.015989123 0.14356697 2.8869251e-06 0.000429749 0.053607993 8.176614e-06 1.4269525e-06 0.0018632654 0.020194309 8.248072e-06 0.0008602126 3.6939568e-05 1.1973922e-06 0.024361737 0.019437857 0.0017524303 0.0022412932 0.0009848485 0.007641202 2.77374e-06 0.00043449283 6.7072338e-06 5.751033e-05 1.5228755e-05 0.014755965 9.7231044e-05 5.71649e-07 0.00047736565 0.00015568537 3.5767512e-06 5.3955716e-07 3.6954083e-05 0.00031312302 1.9591234e-07 0.000445888 0.0002020427 8.876717e-05 1.3695869e-06 3.0455506e-06 4.3442674e-07 7.234444e-05 4.8221943e-07 4.9575374e-06 2.3542258e-07 4.1040084e-06 2.4804924e-05 4.4590838e-08 0.00046453738 1.0649126e-06 5.3095636e-08 3.7411246e-06 6.7931177e-07 0.00018268815 8.965278e-08 7.804333e-07 7.6142283e-06 2.0219362e-08 1.3366783e-06 0.00015442299 3.0344331e-09 1.142772e-08 2.6183022e-08 4.998461e-09 0.0015079689 6.137776e-08 5.0766356e-08 0.0034310955 3.5261074e-08 1.5712039e-06 2.0496896e-06 4.76158e-07 8.0454875e-08 0.0001553383 0.00011531891 8.6826774e-10 4.2159897e-08
0.00017582625 0.002023383 0.002604462 0.0015317611 0.02709111 0.06300631 6.940623e-05 0.0003235689 0.007946919 0.00024367425 0.40812486 0.13980429 0.9260309 2.0533445e-17 0.030700447 0.026965067 0.0043398472 0.7196377 0.00033519015 0.17117049 0.017817553 0.45316467 0.00024374186 0.00043481862 0.0022985537 0.0005917604 0.0058982726 0.00032027226 3.3654615e-05 0.0011072379 1.5215455e-05 5.8138066e-06 1.1655586e-05 0.0011022167 5.1422783e-05 2.1530865e-05 3.7742677e-05 7.4699296e-05 0.014420551 0.0019020584 0.00035137692 2.5369267e-05 0.00015109935 0.0004882994 4.216825e-05 7.84882e-05 0.00012299446 1.8730652e-05 2.733632e-06 0.00030992395 6.38904e-05 4.0479743e-05 5.4816323e-05 1.895289e-05 0.0005753227 7.777972e-05 2.6524764e-05 0.0001123762 4.7226287e-05 3.897429e-06 4.1700154e-05 0.00046699506 0.0003792906 2.3228417e-06 1.843435e-07 0.0009519106 1.0895615e-06 1.0397872e-05 2.6933644e-06 0.0002778946 0.00021892431 2.4073772e-08 0.000722762 1.929332e-06 1.0000856e-06 0.0004605851 6.869749e-06 0.0025772832 9.693389e-08 3.6226318e-06 0.00017233672 2.6459756e-07 0.00011220507 0.0006676343 1.2137286e-07 2.4745312e-05 1.1269863e-07 3.497521e-07 0.0023605232 2.0374728e-07 1.11183e-06 0.0014659449 6.2483835e-08 0.00010255825 3.881449e-06 1.1199973e-05 6.5841186e-06 6.121943e-05 0.00069832784 4.9237556e-09 5.5599408e-08
0.89760494 0.024774132 0.001761727 0.030095352 0.012843736 0.06697563 0.0029101404 0.070266984 0.3062345 0.0012830264 0.0011389657 0.9344559 0.5626225 0.030700447 7.196241e-18 0.91377956 0.59015805 0.001231039 0.3608192 0.33679095 0.83672523 0.0011103209 0.016819457 0.00012628181 0.43567157 0.21217488 0.13358976 0.00014743423 0.05928369 0.09980414 0.0006458302 0.0002983575 0.013380885 0.021828935 0.0033123659 0.028864773 0.004910165 0.0002992469 0.00010893765 0.00091427617 0.00965021 0.021865511 0.008037735 0.0024860248 9.158076e-05 0.0027313903 0.0067725964 0.0007634657 0.00061804877 0.057612848 0.017867545 0.00015548892 0.004638101 0.0004920616 0.0027868003 0.00012023218 0.00087769254 0.012379296 3.300563e-05 0.0033679712 0.0047993497 0.003989704 0.00068017497 5.193921e-05 7.0595765e-05 0.00017056803 3.979688e-06 2.327637e-05 5.3181534e-06 0.0003136825 0.0016211065 4.4747353e-06 0.0057018935 8.82278e-05 1.2834852e-06 4.3964403e-05 0.00035872986 0.003440468 3.5696016e-06 3.2028263e-06 0.00013649072 1.8621622e-08 7.166312e-05 0.005203098 7.624244e-09 3.3015796e-05 1.5996852e-07 3.5947778e-05 0.002600676 7.792887e-07 3.9838937e-07 0.00096767826 6.634306e-07 0.0010151757 1.1308255e-05 0.00014646545 5.0631274e-06 0.0008691191 0.0023012976 7.570035e-09 7.92579e-07
0.59827316 0.0050888904 0.00065779185 0.00498359 0.00985768 0.03576768 0.002229874 0.018156553 0.15983282 0.00072936295 0.0010281209 0.8159174 0.6851545 0.026965067 0.91377956 4.693503e-18 0.17277446 0.0035873998 0.050616443 0.8642874 0.732278 0.0032218588 0.0032471577 7.1988834e-05 0.81236374 0.31701753 0.58745766 1.37254665e-05 0.009992649 0.29208058 0.00047003472 0.00018856012 0.008451001 0.108417705 0.0017529977 0.003156153 0.004214807 6.100152e-05 0.0012992705 0.010472177 0.07411227 0.060952038 0.053575065 0.014584589 4.428964e-06 0.0109203 0.003585503 0.012703228 0.0013058245 0.07247674 0.009486133 6.0607956e-05 0.00887341 0.001211739 0.0007783247 8.8369685e-05 0.008793624 0.014596333 5.123318e-06 0.005132243 0.0071288156 0.0048237774 0.00025239712 0.002161196 0.00014564433 0.00037772546 0.00021463548 0.00012927095 0.00022117603 0.00011589918 0.0011824992 8.333051e-06 0.01821125 0.00011677779 2.6799067e-05 1.0243143e-05 0.0010482537 0.0012184752 1.399593e-06 1.09041e-05 0.00018075532 6.4512653e-07 1.8453436e-05 0.0085396 1.0601909e-07 8.051636e-06 7.651596e-07 7.045819e-06 0.0021373 3.33124e-07 1.5252081e-07 0.0035256993 3.8454942e-07 0.00049205625 6.998192e-06 0.00014457625 4.0237108e-05 0.00087739923 0.0019856084 7.6929034e-08 1.0793444e-06
0.95756894 0.1754413 0.0069476273 0.30204386 0.017227173 0.06978981 0.0960934 0.64452803 0.92322576 0.026521904 0.00025154118 0.72454786 0.1107647 0.0043398472 0.59015805 0.17277446 3.5274152e-14 0.0005943295 0.90901077 0.04575024 0.59859467 0.00056881824 0.47110635 0.000787641 0.039387256 0.0179808 0.035893492 0.0021893736 0.38270223 0.024088819 0.005102668 0.001497782 0.0022129738 0.0017596374 0.017425878 0.005754973 0.020937823 0.0015777695 6.021791e-05 6.268136e-05 6.349001e-05 0.0005712518 0.0019549353 0.000111122165 3.860542e-05 8.425695e-05 0.021032348 0.00036659878 7.4066998e-06 0.08367504 0.04750763 0.0017559159 6.854492e-05 2.7866596e-05 0.00390993 0.0013366815 0.00057926856 0.03543794 0.00019989138 5.4978386e-06 0.01691283 0.01857527 0.0019518578 4.720121e-05 5.9971558e-06 0.0017104597 6.465724e-06 3.079655e-06 1.1709431e-05 0.0008437085 0.0006864311 6.5501554e-06 0.0015645457 1.8209145e-07 1.6370002e-06 0.00021353827 5.570624e-06 0.0045005684 2.1891449e-06 2.3792092e-05 0.0010698017 7.837809e-09 0.00022615003 0.002094843 2.0074482e-09 0.00011544006 3.4047705e-08 3.1165325e-07 0.0098322965 2.356435e-06 1.1902928e-07 0.0062728315 1.9141885e-06 0.00020206312 0.00033128224 3.2980472e-06 8.9560103e-07 0.0010229603 0.0024192915 1.8168397e-09 2.7281371e-06
2.8093336e-06 5.3279895e-05 0.0001901077 0.0004383667 0.0025570083 0.0023919567 1.4285586e-05 5.063458e-05 0.0004734155 2.1972592e-05 0.541288 0.00508316 0.36775175 0.7196377 0.001231039 0.0035873998 0.0005943295 7.994527e-17 7.303608e-05 0.026153978 0.0005553638 0.84233135 5.8489793e-05 0.0003012797 0.00038032912 0.00024483286 0.0018685568 2.7464379e-05 9.700935e-06 0.000739402 2.4935847e-05 4.952854e-06 3.7199352e-06 0.0006328521 3.0493065e-05 1.2842475e-05 1.6302829e-05 5.6191097e-06 0.005557614 0.00013535483 8.22612e-05 4.5513247e-05 0.00013902251 0.000115391296 8.1584185e-06 4.027093e-05 3.6878675e-05 4.2332565e-05 2.6592834e-06 3.5569486e-05 7.7473014e-05 1.4333799e-05 0.00014733333 3.9508293e-05 0.0002693714 5.7360794e-05 2.0022517e-05 0.00026876506 1.5521526e-06 3.3456608e-06 5.100223e-05 0.00023615555 0.00011778104 4.5215447e-06 2.1382445e-07 7.9100086e-05 4.568243e-06 1.1141636e-05 3.4116124e-06 0.000100838326 0.00022117498 1.6501974e-07 0.00032480247 1.0595053e-06 2.017708e-06 7.492275e-05 2.379097e-06 0.002236763 5.7316277e-07 6.195019e-06 2.1954578e-05 4.1252474e-07 2.1462103e-05 0.00019002143 1.5738081e-07 1.1578896e-07 6.0287924e-08 1.0084145e-07 0.00050515734 6.9851225e-08 1.2676229e-06 4.1997042e-05 3.1237136e-08 2.047118e-05 8.390673e-08 6.2336294e-06 1.459299e-06 6.5226124e-07 0.00042753806 4.5113016e-08 8.081507e-08
0.94573164 0.0063672676 0.00041082222 0.019694952 0.002000947 0.008854808 0.075198464 0.10310384 0.4325286 0.02094421 1.07569895e-05 0.19265695 0.0038715012 0.00033519015 0.3608192 0.050616443 0.90901077 7.303608e-05 1.07215495e-17 0.005302713 0.80504197 0.00024214138 0.82568896 0.0023202815 0.096777804 0.16855593 0.021237668 0.029221496 0.93097246 0.005812674 0.046718482 0.017179307 0.074892305 0.00014952864 0.25676772 0.13503957 0.14821893 0.10346688 1.1974122e-05 6.88235e-05 0.024496362 3.124761e-05 0.003057033 4.32717e-05 0.00055528135 0.011633421 0.15834074 0.0011634198 0.0055912114 0.24485086 0.15437357 0.030820312 9.542625e-06 1.7593235e-05 0.0767185 0.023433326 0.000799887 0.14298743 0.037443448 0.0018554084 0.1325601 0.06615322 0.039123923 0.00042839884 2.4259095e-06 0.01354648 0.0001669233 1.4105009e-05 4.8309566e-06 0.025848208 0.017704837 8.264161e-07 0.027082458 7.3652576e-05 5.881519e-06 0.0033914747 0.0012034655 0.048368853 4.291223e-07 9.340466e-07 0.013639073 3.0983307e-07 0.0043379935 0.01734495 1.0290237e-07 0.001129151 1.2694345e-07 4.8887297e-05 0.10607645 2.3326906e-05 2.486883e-07 0.039856184 3.1040136e-06 0.013492276 0.00048132104 0.0021648367 0.00026134527 0.012367508 0.0675948 3.13624e-07 3.7686834e-06
0.14490537 0.0026533091 0.00095554756 0.0020161166 0.006665179 0.013401566 0.000120560566 0.0024062244 0.017022597 0.00010497394 0.006618543 0.37202266 0.8926519 0.17117049 0.33679095 0.8642874 0.04575024 0.026153978 0.005302713 1.1448973e-15 0.3773569 0.073003545 1.785894e-05 0.00034079494 0.24685144 0.030887466 0.96485406 3.0610983e-07 0.001099021 0.6862792 4.600712e-05 1.7067565e-05 0.0013656828 0.70817477 2.6607106e-05 0.001362834 0.000120455064 1.1339672e-05 0.087233275 0.20273376 0.063113 0.4226185 0.11841815 0.20324637 0.00011810464 0.0027423198 8.613233e-05 0.018716523 0.00044093456 0.014033683 0.00040143396 5.513469e-06 0.23363076 0.033028305 0.00025139732 9.051507e-06 0.0110889375 0.00093581487 1.2917088e-06 0.0010427445 0.0006300773 0.0010018598 7.727179e-05 0.0021581375 0.00036935182 0.00012939332 0.0010713189 0.0019476713 0.00069436786 5.9697635e-05 0.00018738308 4.25053e-05 0.00945437 4.1125128e-05 0.00025268615 1.4571081e-05 4.967857e-05 0.001057894 1.13484875e-05 0.00018795722 0.00021547615 6.2746108e-06 4.9546612e-05 0.0045589423 1.8450926e-06 7.811274e-05 2.0327336e-05 1.0540116e-06 0.0026621842 9.80861e-07 1.327448e-06 0.0040815384 2.489442e-06 0.00010620405 2.0020482e-06 1.8683428e-05 1.5675798e-05 0.00020595574 0.00094968366 1.920276e-07 5.96651e-06
0.99359304 0.026170412 0.0013944157 0.044406045 0.010307501 0.04535307 0.020573305 0.050479237 0.2704694 0.0050571826 0.00028834416 0.60352176 0.38200632 0.017817553 0.83672523 0.732278 0.59859467 0.0005553638 0.80504197 0.3773569 1.3569332e-19 0.00093737704 0.040336777 0.0005371212 0.6708144 0.7171535 0.28897753 0.00015289926 0.44736013 0.3968629 0.0037302163 0.00081744354 0.19424002 0.057151154 0.020842778 0.14892305 0.02522204 0.0010297125 0.00041390856 0.0020532152 0.05868401 0.08672593 0.11624089 0.003908754 5.8407322e-06 0.021308733 0.05188058 0.020585258 0.0025037888 0.29234615 0.13502298 0.0014485096 0.008608461 0.0007205054 0.010012271 0.0014726898 0.01981693 0.17730331 0.00027258202 0.0017150985 0.091797344 0.05575696 0.0053262543 0.004579506 0.00016952756 0.00059026893 0.0008635567 0.00011308833 0.0005346242 0.0022288132 0.011785716 1.233762e-05 0.075466 2.146059e-05 6.234489e-05 6.978342e-05 0.0008851523 0.022019697 3.699354e-05 8.265474e-06 0.0009879877 3.1608107e-07 0.00010018794 0.03555378 5.75143e-08 6.6494074e-05 1.193142e-07 5.552085e-07 0.03590913 8.9969905e-07 8.556691e-07 0.019506438 3.3706107e-07 0.0053875796 3.665242e-05 0.0011425858 0.00023119884 0.0017754579 0.02177655 7.0037466e-08 1.4382793e-07
8.438903e-06 1.304846e-05 0.00013772519 0.00031616027 0.00064817176 0.00044611772 1.8731884e-05 4.43816e-06 0.0001589687 8.762072e-05 0.25525525 0.0040976424 0.23871605 0.45316467 0.0011103209 0.0032218588 0.00056881824 0.84233135 0.00024214138 0.073003545 0.00093737704 4.0906728e-17 5.3400552e-05 0.00014157197 0.00036465135 0.00048228758 0.0038218892 8.363259e-05 4.1287505e-05 0.0027056655 0.000101456455 6.5168824e-06 9.0918263e-07 0.0032777993 0.00010268431 7.189926e-06 8.013438e-05 1.574814e-05 0.5269202 0.008103705 0.00019633888 0.0020854382 0.00058769225 0.0029733975 1.8954287e-06 8.4303414e-05 6.2520114e-05 4.1416068e-05 2.2287013e-06 0.00039501456 3.4975812e-05 2.8806478e-05 0.0017993322 0.0005334579 0.000318478 2.424687e-05 4.3092925e-05 0.00043154287 3.4833224e-06 1.6883256e-05 4.1236424e-05 0.00010117094 0.00010690989 7.587321e-06 6.023272e-07 0.00032741678 3.811428e-06 2.032214e-05 3.1095392e-06 4.2636275e-05 0.00030419364 1.319497e-07 0.00048817488 7.854484e-06 2.158101e-06 0.00013798273 7.5255266e-06 0.0010621893 6.24258e-07 0.00014644113 2.8107688e-05 4.544242e-07 4.7460912e-06 0.00044775294 1.7806033e-07 5.3121134e-09 3.4726006e-07 5.195937e-07 0.00028247654 4.4286955e-07 1.1885761e-06 2.1380023e-05 1.3472345e-07 8.364392e-05 2.2715416e-07 0.0001248569 1.5136405e-05 1.3494558e-08 8.8387635e-05 6.2748353e-07 3.322065e-07
0.9150342 0.012933267 0.0013726358 0.13686673 0.0009276082 0.00073139614 0.38212675 0.3117345 0.24820201 0.3026866 8.6158034e-05 0.034596898 4.6871864e-05 0.00024374186 0.016819457 0.0032471577 0.47110635 5.8489793e-05 0.82568896 1.785894e-05 0.040336777 5.3400552e-05 4.1173953e-18 0.035029616 0.010446182 0.007088465 0.00015214406 0.876185 0.8265505 6.857927e-06 0.6175391 0.34609967 0.0005239092 4.9314394e-07 0.83490604 0.0031067724 0.7619372 0.6432307 5.2820083e-06 2.1321084e-06 1.3143842e-05 1.3070273e-06 1.6844053e-06 7.433391e-06 0.005395696 1.9439387e-05 0.41923633 1.4193073e-06 1.2790388e-06 0.022502938 0.23473883 0.055274814 5.3095996e-06 1.4540014e-05 0.030333502 0.01030215 2.9543185e-06 0.041781843 0.017628934 4.3901327e-06 0.0056145377 0.038465537 0.0057078158 3.8300363e-06 2.8216164e-07 0.06724518 1.6601299e-06 3.1014937e-07 7.106007e-07 0.006198438 0.0007919218 2.1760762e-07 0.0007451981 8.880079e-07 3.6410006e-07 0.0067863916 1.108476e-06 0.007559954 1.3884556e-07 3.431998e-06 0.0047775237 1.7385554e-08 0.0052401447 0.0010928776 2.662868e-09 0.0022782423 2.1517364e-08 6.616892e-07 0.049306184 7.818256e-07 9.8841774e-08 0.027522158 3.228724e-07 0.00040402997 2.7276103e-05 4.8432453e-06 1.1874356e-07 0.0023968387 0.016042175 4.099224e-10 7.320385e-07
0.0125431735 0.003051218 0.0012816952 0.021375926 0.000115396586 2.470923e-05 0.13662928 0.008495432 0.00037265453 0.61034155 0.0005665855 0.00030115302 0.0008799311 0.00043481862 0.00012628181 7.1988834e-05 0.000787641 0.0003012797 0.0023202815 0.00034079494 0.0005371212 0.00014157197 0.035029616 3.1571567e-18 1.9738412e-05 6.929869e-05 0.00041259933 0.7026766 0.0002591058 0.00086956687 0.02003204 0.0291271 1.3018038e-06 0.0021440554 0.00088631466 1.0134702e-05 0.0022350603 0.0025774871 9.467872e-05 0.0003865716 8.2179247e-07 0.0011493404 0.0011876596 0.0006796731 0.99741364 6.467392e-07 0.0004624956 0.00046860514 6.107084e-07 0.00013036103 0.00033921067 0.00011946969 0.0069118086 0.002078161 9.598543e-05 5.9892885e-05 0.0012605723 0.00029720142 0.000299707 3.3508245e-06 2.3547109e-05 0.00011158369 7.433664e-05 0.0009957816 0.0018941975 0.02080901 2.6340345e-05 3.2975695e-06 1.4454131e-05 0.00011845138 3.643561e-05 0.0009960661 0.0002213573 7.672567e-07 7.77628e-07 0.0027849576 6.0564766e-06 0.00055520196 3.877315e-05 0.0004116217 0.0008934096 6.67301e-08 0.001378332 0.00013610611 4.021944e-08 0.04593909 3.948392e-07 1.0569234e-08 0.0013895286 0.000115437964 4.4481498e-05 0.0013535555 2.3528455e-05 1.1823407e-05 0.0072199153 1.4932024e-05 1.079715e-06 0.0005931737 0.00067941385 1.8641904e-09 2.6577687e-05
0.75042254 0.0012067399 4.2847212e-05 0.0005688364 0.0009469917 0.0023534517 0.0028418289 0.003367981 0.019282863 0.00040848754 1.475467e-05 0.113209255 0.03408828 0.0022985537 0.43567157 0.81236374 0.039387256 0.00038032912 0.096777804 0.24685144 0.6708144 0.00036465135 0.010446182 1.9738412e-05 2.1416865e-21 0.9736237 0.5304195 6.5907625e-05 0.086175114 0.44269896 0.00044297645 0.00024663433 0.036805447 0.08362118 0.0020183846 0.018483061 0.0023714995 0.00024278536 0.00037811973 0.0048783002 0.5324845 0.18284617 0.29306576 0.013035264 2.2348438e-06 0.06725005 0.0030651456 0.10380208 0.04835225 0.08621644 0.0063035744 0.0004088978 0.026533702 0.0027418085 0.002762435 0.00018292683 0.107658826 0.023249831 9.4078016e-05 0.30244273 0.009371773 0.0048654117 0.0029505906 0.024256349 0.00867869 0.00042120725 0.008546542 0.006732384 0.003577231 0.00070922443 0.019016182 0.00041539464 0.067146696 0.01238275 0.0034966213 6.0305552e-05 0.028355451 0.0037794078 0.0005651277 2.614127e-05 0.00010789864 0.0001710202 6.731665e-05 0.04912053 0.0002797474 2.2273362e-05 0.00017546394 0.011226446 0.004002218 1.1895712e-05 1.0243836e-05 0.005042371 1.160471e-05 0.014360222 9.879386e-05 0.02165999 0.0078059756 0.0005960048 0.0088591585 0.0008441637 3.2487246e-06
0.83443683 0.00091521745 6.347033e-05 0.00018418528 0.00050608517 0.0022674014 0.002241088 0.0013050624 0.0042899004 0.00060833426 1.2260956e-05 0.05326139 0.015989123 0.0005917604 0.21217488 0.31701753 0.0179808 0.00024483286 0.16855593 0.030887466 0.7171535 0.00048228758 0.007088465 6.929869e-05 0.9736237 2.0534589e-20 0.07741603 1.2926732e-05 0.13963926 0.07524184 0.00032677696 7.230161e-05 0.3773146 0.009954883 0.0046270117 0.1337433 0.0026311874 0.00038819216 5.60455e-05 0.0019578806 0.8274011 0.015138773 0.046521552 0.0023089997 2.1585581e-06 0.29125923 0.013948355 0.02125978 0.13307747 0.21152805 0.031840917 0.0018449046 0.0031453806 0.0008094536 0.024337133 0.0013620623 0.026795076 0.07718649 0.0012789926 0.2296009 0.08341408 0.053759966 0.015344207 0.0049323686 0.0008672057 0.0002911555 0.0022380892 0.008012254 0.00047580514 0.0044551594 0.066510335 6.389671e-06 0.18136431 0.008994435 0.0010318024 3.134835e-05 0.04309333 0.029200595 3.898821e-05 3.9891497e-06 0.0002349945 4.6827456e-05 0.0001929671 0.10310561 5.2941756e-05 5.9884796e-06 0.00015879868 0.004550084 0.018886175 5.6403164e-06 1.6729925e-06 0.011338888 6.5719423e-06 0.044079535 0.0002620768 0.041609626 0.013779832 0.0022838733 0.038725298 0.00023300326 5.436881e-06
0.6456119 0.001059999 0.0001058359 0.0008889197 0.0012579332 0.004293725 0.00014737084 0.001259109 0.009507344 0.00013946339 0.00018394865 0.081819 0.14356697 0.0058982726 0.13358976 0.58745766 0.035893492 0.0018685568 0.021237668 0.96485406 0.28897753 0.0038218892 0.00015214406 0.00041259933 0.5304195 0.07741603 2.4514551e-17 7.4838445e-06 0.005888246 0.96113116 5.9621565e-05 7.287501e-05 0.00851602 0.7253343 0.00012487917 0.0099832425 0.00061686547 3.0910913e-05 0.005383602 0.03851806 0.11038717 0.58493793 0.48345977 0.07463733 0.00012668241 0.016078513 0.0006794884 0.13657385 0.005232634 0.023771144 0.0012230895 2.6273457e-05 0.1329873 0.02616813 0.0011893682 1.5774416e-05 0.078422956 0.0019318196 1.1187655e-05 0.024455309 0.0019755561 0.0014762847 0.0006233187 0.017732067 0.012342276 0.00012820968 0.0028087029 0.008854187 0.002727218 0.00022284103 0.001018049 0.0008471242 0.032550447 0.0007517181 0.0007682899 6.361541e-05 0.0021658186 0.0031613763 9.5501404e-05 0.00016611483 0.0001661229 5.8037498e-05 0.000101473095 0.023473246 3.0196532e-05 0.00071993604 4.3637912e-05 0.00014653418 0.006633336 1.0865495e-05 4.3654877e-06 0.0074410127 1.1058369e-05 0.0022843112 8.951789e-06 0.00067431276 0.00015635164 0.0003183019 0.0061180033 1.6007049e-05 1.0186933e-05
0.2806661 0.002119451 0.00042253852 0.01792897 9.218565e-05 1.0194921e-05 0.3136894 0.029429806 0.0034074052 0.49941137 2.6493872e-05 0.0003865825 2.8869251e-06 0.00032027226 0.00014743423 1.37254665e-05 0.0021893736 2.7464379e-05 0.029221496 3.0610983e-07 0.00015289926 8.363259e-05 0.876185 0.7026766 6.5907625e-05 1.2926732e-05 7.4838445e-06 2.6657842e-17 0.013743163 3.4205457e-06 0.9194986 0.88694656 1.0193866e-06 7.010238e-07 0.08007565 1.6547856e-06 0.10101715 0.59995395 3.8573472e-07 4.341238e-06 8.8026624e-08 2.0679022e-06 1.2740722e-07 3.7334354e-05 0.13396092 2.6372929e-08 0.012628555 1.1318075e-07 6.310578e-09 3.9258153e-05 0.006345393 0.006736861 0.00034053248 3.8351554e-05 0.000111105415 0.0007056353 7.9443527e-07 0.000717642 0.045903265 1.400947e-06 3.5234167e-05 0.00026402404 0.00011932053 4.14405e-06 1.34591055e-05 0.637014 2.302911e-06 5.8901657e-07 3.062786e-07 0.0013374627 3.9320144e-06 5.7364792e-05 3.6098509e-06 9.006343e-08 1.5215461e-08 0.19156252 1.9387146e-08 0.0021673073 2.109962e-07 1.0344117e-05 0.018168816 1.4352941e-08 0.062077288 9.7142765e-06 2.967799e-10 0.1393892 3.8453183e-09 1.7801339e-08 0.01586807 6.506497e-05 6.736658e-08 0.013251196 8.38689e-06 2.6815482e-05 0.002921925 8.4408335e-08 4.2591297e-10 0.0067040883 0.0042226324 7.639707e-12 4.1688086e-06
0.93919545 0.0009435535 3.0766067e-05 0.0018142498 0.00018092658 0.00033243804 0.0071917614 0.013710188 0.066683635 0.0035470203 1.6084025e-06 0.02330913 0.000429749 3.3654615e-05 0.05928369 0.009992649 0.38270223 9.700935e-06 0.93097246 0.001099021 0.44736013 4.1287505e-05 0.8265505 0.0002591058 0.086175114 0.13963926 0.005888246 0.013743163 1.467536e-19 0.000989618 0.028364075 0.008611253 0.081530176 8.2695815e-06 0.46553218 0.49411693 0.27827784 0.18042696 1.2521468e-05 9.038886e-06 0.014273869 7.8203516e-07 0.00054986513 2.9108178e-05 9.718293e-05 0.0070705563 0.5750889 8.752534e-05 0.0023295616 0.76378524 0.5321317 0.09716352 4.927509e-07 1.0717567e-05 0.32807997 0.08730886 4.5465138e-05 0.7113328 0.043299556 0.001908688 0.35193628 0.20261952 0.11573611 5.5628043e-06 7.918246e-08 0.014779916 1.2194186e-05 9.745278e-06 1.4839317e-06 0.032019395 0.034279104 2.8370112e-08 0.034452897 3.3701635e-05 5.591872e-06 0.0035445774 0.0006497456 0.112412214 1.3477113e-07 3.5131645e-06 0.0114422375 9.089581e-07 0.002604235 0.021349398 4.6867527e-07 0.000100462916 6.723385e-08 4.2365522e-05 0.08672645 2.2718264e-06 1.1203024e-06 0.04587961 4.932737e-07 0.013054579 2.4372805e-05 0.0016426081 0.0002453555 0.011448465 0.061920706 2.8294525e-07 3.13983e-06
0.72668356 0.00031199478 2.7985134e-05 7.172418e-05 0.000120754106 0.0006416035 4.8296595e-05 3.995979e-05 0.0021563752 2.4698182e-05 1.48913105e-05 0.073299855 0.053607993 0.0011072379 0.09980414 0.29208058 0.024088819 0.000739402 0.005812674 0.6862792 0.3968629 0.0027056655 6.857927e-06 0.00086956687 0.44269896 0.07524184 0.96113116 3.4205457e-06 0.000989618 3.901931e-18 2.6562711e-05 1.5765796e-05 0.005902794 0.8272991 6.8254603e-06 0.0039880336 4.044999e-05 7.4774204e-07 0.003465204 0.029378075 0.18887064 0.8037365 0.77245694 0.097078085 0.0003135243 0.01826751 6.896522e-05 0.37149817 0.0045341644 0.009017914 0.00016801155 3.4157829e-06 0.33934787 0.056989882 6.845138e-05 1.4202051e-06 0.24008606 0.0008373735 5.5860124e-07 0.040243223 0.00043996447 8.508827e-05 3.9518847e-05 0.08127544 0.12453818 6.809171e-05 0.0047919317 0.030095551 0.02317777 3.392417e-05 0.00059863593 0.009141824 0.037594635 0.0014433565 0.0014473904 7.202451e-06 0.0042851837 0.00058185635 0.0032916472 0.0008651394 0.00030705586 0.00012435518 1.1302725e-05 0.033364985 8.560193e-05 0.00022641267 8.478661e-05 0.00025735557 0.0019912908 2.2618118e-05 1.2219516e-05 0.005194399 1.378451e-05 0.002411776 5.5560795e-05 0.0022957604 0.00050915213 0.00031356618 0.0029230732 6.921455e-05 1.5956934e-05
