8.4685944e-29 0.89576906 0.30533075 0.9212502 0.5237556 0.019198813 0.58796996 0.6716477 0.86604106 0.017118264 0.19608988 0.0664291 0.109440915 0.08716195 0.9404083 0.11060544 0.945539 0.8627807 0.9442275 0.9231406 0.8990316 0.9760653 0.96226007 0.51610214 0.9726503 0.053425394 0.9635676 0.9780993 0.9760742 0.97783947 0.3824817 0.98593587 0.9842244 0.0051108375 0.007127891 0.00079151255 0.00035888382 0.9463896 0.0016912981 0.9765802 0.00082607265 0.2961433 0.24706681 0.0010100408 0.7503044 0.9594276 0.031176416 0.94557613 0.95332074 0.80499744 0.00024180055 0.048135374 0.77877396 0.003258266 0.8364381 0.11869931 0.059543833 0.94579166 0.9572387 0.006963046 0.67187744 0.9508545 0.8404848 0.0006110059 1.0219929e-05 0.021668507 0.22023779 0.9814349 0.48278433 0.95074254 0.0095941685 0.9522517 0.9870732 0.99898374 7.7643715e-05 0.21099776 0.9724174 0.9964406 0.9760437 0.38786379 2.2780052e-06 0.7577053 0.0004964163 0.117808476 1.7681515e-06 0.0658958 0.4561977 0.9941005 0.04422648 0.9955959 2.2411978e-06 0.6909188 0.52564764 0.9971916 1.6921827e-07 0.99966407 0.9999116 0.99988276 0.9999781 0.9899629 0.745502
0.89576906 1.0472564e-21 0.80286 0.5604945 0.37021405 0.35098934 0.79182625 0.06300269 0.08269475 0.29662466 0.31008893 0.25243673 0.47497153 0.31834304 0.48463356 0.2510304 0.59710217 0.41745755 0.42396483 0.13055952 0.30215174 0.4778757 0.00956962 0.0014762994 0.2997585 0.12263692 0.15156619 0.25410587 0.27829504 0.146876 0.02994576 0.10806423 0.09814414 0.011187101 0.0038072634 0.0024944223 0.0013279583 0.0053603733 0.008453427 0.019991 0.004893889 0.0032827954 0.0021230003 0.0037954217 5.9804133e-05 0.000849056 0.044452205 0.046860583 0.008150782 0.00068809104 0.0001316589 4.3137377e-05 0.00066673843 0.0029178273 0.00042761405 2.6900672e-05 0.0004966832 0.00022725418 0.0021138447 0.0006724832 0.0004898404 0.0014982793 0.0010309782 0.00022464812 9.424172e-05 4.5426805e-06 3.0804981e-06 0.025842914 5.1717623e-05 0.005363257 0.00017954633 0.0041342075 0.0028754245 0.09082132 0.00010652478 0.00012383139 0.002023256 0.0012002637 0.0026155661 1.6191936e-05 3.2991796e-08 3.267952e-05 7.247316e-05 0.0006791771 5.7261648e-05 1.7571429e-06 5.49603e-06 0.0005321008 1.0599069e-05 0.0032727206 2.4482504e-05 0.00010249724 0.0011386481 0.00028540427 3.5636305e-07 0.0033609846 0.0023765913 0.0018561216 0.0012985285 0.0030046538 0.0048654834
0.30533075 0.80286 7.444771e-21 0.846588 0.2859988 0.39550892 0.85326236 0.23190634 0.20078135 0.14723256 0.16563794 0.07452379 0.4529815 0.11564459 0.74612266 0.09561752 0.300498 0.15285717 0.48630008 0.47531512 0.3922291 0.41404018 0.06783263 0.023921076 0.3238422 0.071156934 0.3306577 0.16545983 0.15030675 0.09032463 0.064969406 0.19139008 0.12951563 0.005546095 0.010815244 0.0004931343 0.0024830739 0.020019172 0.0039817044 0.03730491 0.0008035524 0.0038454654 0.0110048475 0.00074691675 0.0012754876 0.0031806629 0.033496663 0.03962173 0.018353892 0.004017166 0.00025638918 0.00024256295 0.006206595 0.0007143842 0.0043002428 0.0007170048 0.0010832786 0.0015147879 0.0047001457 0.00019938817 0.0015501615 0.0034347684 0.0024611435 7.705581e-05 5.124559e-06 2.5877329e-05 0.00045791388 0.040173084 0.0006051936 0.014395152 8.7720044e-05 0.0065590166 0.008458173 0.05052963 1.1908095e-05 0.00035625842 0.005566562 0.002067851 0.010008996 0.00089736405 5.77069e-07 0.0013093174 5.3749263e-05 0.00096035295 5.606552e-06 1.4760115e-05 0.0008694594 0.00031710175 0.00047748288 0.0017778294 1.5943791e-05 0.0009281957 0.00087327824 0.003496626 3.7274033e-06 0.0033153554 0.0019280612 0.001176824 0.0006124641 0.0017276562 0.0029448303
0.9212502 0.5604945 0.846588 2.8625934e-21 0.45222503 0.21498196 0.40199474 0.5128147 0.5842024 0.05523284 0.076229386 0.04722535 0.07115606 0.053562652 0.7773801 0.045670435 0.11537684 0.024615906 0.2000965 0.3277109 0.043646816 0.5620618 0.17470351 0.022281978 0.5181901 0.007222353 0.07056025 0.04659859 0.042168647 0.0142993815 0.0034430744 0.09939831 0.23370413 0.016339628 0.021561224 0.0009881611 0.0069749225 0.05211513 0.003512247 0.14834233 0.00033551108 0.00010751426 0.00010028086 0.00031428112 0.0007186001 2.7857372e-05 0.0047063357 0.021157626 0.0006839976 5.6294324e-05 0.0008004139 0.00038703735 1.5927591e-05 0.00023757233 3.8066388e-05 0.00018166935 3.941124e-05 1.018294e-05 0.001060719 2.2844328e-05 5.7952653e-05 0.0006634949 0.00020455674 7.105327e-06 4.168383e-06 0.00010522974 8.9101595e-05 0.08148521 8.6468515e-07 0.04174284 1.8310371e-05 0.0059802337 0.0034353486 0.22126566 2.1437085e-05 3.5409248e-06 0.012254447 0.00045906933 0.0131444195 0.000455047 2.0879912e-07 3.4284456e-06 1.2062605e-05 3.685596e-05 2.3577759e-05 2.501891e-05 0.00050202035 0.0011803608 3.6279591e-06 0.0015915816 2.0875952e-05 0.002843611 2.0368201e-05 0.00953057 1.7950301e-06 0.010065348 0.0053405347 0.00045466877 0.00041916178 0.00044391933 0.0007806909
0.5237556 0.37021405 0.2859988 0.45222503 1.7930216e-19 0.8913166 0.16466615 0.59933805 0.3692481 0.39578053 0.2780637 0.23174724 0.16084445 0.15430707 0.105147235 0.13016082 0.036096115 0.024223408 0.051696848 0.04375264 0.01527595 0.14796065 0.16836382 0.24944748 0.12309202 0.016456468 0.013510605 0.015743898 0.038336035 0.014068401 0.003282925 0.005464156 0.0507469 0.44307268 0.32637966 0.0379574 0.14647943 0.034393225 0.022858288 0.04456293 0.0013712835 8.5092164e-05 0.00050943746 0.0013603733 0.013688336 0.00023078668 0.019399611 0.0014076218 0.0011445014 0.0002459989 0.044398084 0.008421848 0.00014288754 0.0005411282 0.0001651105 0.0018709183 4.016783e-05 1.5447786e-05 5.443312e-05 0.00037596768 0.00029306544 6.8940262e-06 0.00020638359 4.5891567e-05 4.9527953e-05 0.0003369931 0.0010894424 0.0010545859 6.3560133e-06 0.0072361976 0.00026586422 0.0010236742 0.00021090501 0.0051048147 1.8532375e-05 2.666961e-06 0.0071360627 1.3386588e-07 0.0033634007 0.006134587 0.00048660542 5.4437693e-05 1.0599453e-05 4.8528364e-05 0.00010074576 0.00019703066 0.0052632033 0.0003440407 2.1924407e-05 9.575932e-05 0.001844231 0.0062792776 1.3359335e-05 0.0040848525 0.00015329843 0.0009926788 0.0007922965 2.2505694e-05 0.00043010688 5.1866e-05 0.0004752457
0.019198813 0.35098934 0.39550892 0.21498196 0.8913166 4.3073064e-21 0.24576385 0.16237403 0.06463481 0.7208771 0.53505915 0.51181495 0.35640672 0.3270278 0.10279741 0.3629666 0.05193432 0.059463505 0.03961628 0.03686242 0.039077852 0.045185894 0.031102246 0.032022938 0.036039535 0.18379758 0.012220293 0.011270279 0.023182612 0.012758549 0.012336164 0.0014886908 0.010834987 0.39147156 0.029670704 0.04993169 0.028957792 0.0042972174 0.049247794 0.0053580357 0.0035212573 0.0010902984 0.0013571855 0.0030708923 0.0009932233 0.00072316505 0.024153085 0.0017707006 0.0018750044 0.00037479456 0.0030303372 0.00019117183 0.0003900004 0.00090326864 0.0009181285 0.00030265335 0.00016107575 0.00040461202 0.00022437943 0.00042085125 0.00012092167 8.641428e-05 0.00024124637 0.00022516612 6.502104e-05 8.978849e-06 0.0003830919 0.0021244863 1.7495922e-05 0.0005190584 5.2406813e-05 0.0002372223 0.0008128814 0.0016105769 3.0526033e-05 1.6548329e-06 0.00043242532 2.6089117e-05 0.0005101203 0.0005313632 3.210807e-05 0.0025926598 5.0363153e-05 7.858072e-06 0.00047990363 2.055246e-05 0.0010155797 1.332186e-06 0.00044908785 3.423837e-05 0.0015712249 0.00045376102 0.00011870967 0.00090310763 0.000120487355 8.262042e-05 0.00019234259 5.9644764e-05 0.00012859603 0.0002729061 0.00071415835
0.58796996 0.79182625 0.85326236 0.40199474 0.16466615 0.24576385 1.0924319e-21 0.08002155 0.064482965 0.10996681 0.092169896 0.066907234 0.59030795 0.10526425 0.66948473 0.06830098 0.5446148 0.30046135 0.7393432 0.45577842 0.6646817 0.43295515 0.012060864 0.0056665987 0.23583482 0.12654752 0.5881558 0.31640038 0.34974867 0.2261338 0.24147433 0.38444436 0.084597886 0.0014947342 0.000961332 0.00037688133 0.00052602595 0.003880221 0.003946055 0.013015067 0.0017633465 0.021148367 0.029268887 0.0017916303 0.0002915712 0.010180956 0.033533305 0.06622097 0.05453264 0.016065117 2.103192e-05 0.00018628337 0.016602084 0.0011059393 0.011206962 0.00026486887 0.004445902 0.004063 0.011714482 0.0003636264 0.0037462662 0.006141898 0.0035096405 0.00012846671 4.076761e-06 1.3823529e-05 7.817139e-05 0.060797483 0.004857727 0.012259414 0.00022339384 0.020371336 0.0153809 0.062228125 2.6188729e-05 0.00726 0.0032131 0.005826304 0.004866091 2.0913812e-05 7.836687e-07 0.004672332 4.318088e-05 0.0048762625 1.53035e-05 3.6496276e-06 5.3335712e-05 0.00059012463 0.0008260892 0.004992255 2.4281824e-06 3.7870417e-05 0.0032967112 0.0008055673 6.8531375e-07 0.0035339922 0.0024690838 0.00674299 0.001248597 0.0108007975 0.00835958
0.6716477 0.06300269 0.23190634 0.5128147 0.59933805 0.16237403 0.08002155 3.0980602e-21 0.9027229 0.013714248 0.018013127 0.009278759 0.0229808 0.008041212 0.24719588 0.008010016 0.014672191 0.0061619985 0.03751331 0.110125825 0.016497357 0.17841583 0.60967714 0.5485876 0.2633778 0.0031393273 0.013919359 0.007373611 0.0128344195 0.0040481365 0.0010601649 0.016109971 0.17203884 0.030072203 0.099045545 0.00037571858 0.020666378 0.15315127 0.0014732454 0.1109135 0.00011231898 4.8404636e-05 9.971429e-05 8.572888e-05 0.04035489 1.3840928e-05 0.0034912066 0.0015224463 0.00010000503 4.470178e-05 0.006338722 0.016555088 3.4565994e-05 0.00025058322 5.1346193e-05 0.0037496884 4.7000645e-05 5.9248564e-06 0.00018542356 0.00019696903 6.240277e-05 5.526591e-05 0.00012727213 3.8418875e-05 2.744999e-06 0.0017107028 0.002283244 0.011463803 2.1784422e-06 0.082630284 2.496857e-05 0.0017047372 0.0015557316 0.038661983 1.1865969e-05 5.0114346e-07 0.04163066 3.1904634e-05 0.0351007 0.010058051 1.1759466e-05 0.00031345434 7.1541646e-05 3.379718e-06 8.612718e-06 0.0011013645 0.008592972 0.0006593554 4.4572666e-05 0.00036688874 0.00017007813 0.017087862 1.0633523e-05 0.02833531 1.4292576e-05 0.013857578 0.0017326277 0.00022542353 0.00056919816 0.00057020184 0.0010224453
0.86604106 0.08269475 0.20078135 0.5842024 0.3692481 0.06463481 0.064482965 0.9027229 3.0278066e-21 0.009380915 0.019000387 0.009551653 0.0097667985 0.007662072 0.37164143 0.008967037 0.015926914 0.0048061926 0.037469953 0.1362839 0.010362463 0.2720462 0.47715372 0.26081428 0.35822648 0.001762278 0.016321942 0.011637699 0.013684662 0.0046752337 0.0008908114 0.040675953 0.2521354 0.011295151 0.054367267 0.0005219155 0.009643608 0.14732134 0.001208487 0.17783515 0.00011101021 4.039972e-05 0.00010607761 0.000102997175 0.011726716 7.9106385e-06 0.0027915577 0.0038430714 0.0002468849 6.1193045e-05 0.0025542737 0.0065345764 1.2956957e-05 0.00027244946 1.6358586e-05 0.0016726464 3.778359e-05 1.9140532e-06 0.00032610606 0.000121608144 5.844034e-05 0.00015314094 8.738456e-05 2.979607e-05 8.332652e-06 0.0011973735 0.00074439123 0.03308045 3.6529982e-06 0.099432796 1.957801e-05 0.0054513984 0.0016829604 0.08792483 6.498807e-05 6.5252034e-06 0.04404979 0.00017141731 0.036455076 0.002959372 3.3265908e-06 2.4082237e-05 0.00019380069 1.9143592e-05 1.4928622e-05 0.00058477605 0.0028933554 0.0040402454 1.8277573e-05 0.0012314969 0.000102018996 0.015120645 1.3946013e-05 0.02348928 1.4355538e-05 0.02085523 0.004568389 0.00035977206 0.00063461286 0.00071357185 0.0012201596
0.017118264 0.29662466 0.14723256 0.05523284 0.39578053 0.7208771 0.10996681 0.013714248 0.009380915 1.1558657e-19 0.8569546 0.8575598 0.53303266 0.7415389 0.023727018 0.74471354 0.055952847 0.06926549 0.023963707 0.0069018817 0.019499514 0.024589581 0.0012941941 0.00040017604 0.013417852 0.3111891 0.0037029015 0.006081579 0.024430383 0.011542791 0.0052598384 0.00033388083 0.0015154 0.014808464 0.0013320171 0.015088773 0.0014098042 0.00029184273 0.01978716 0.000588597 0.009496448 0.0003450857 0.0005027147 0.005486442 7.2446796e-06 0.00037411338 0.025506783 0.0027551386 0.0007916665 3.322404e-05 2.9433439e-05 3.9996025e-06 3.2921223e-05 0.001529277 4.2269956e-05 2.5696147e-06 0.00019793428 9.212514e-06 8.436678e-05 0.00023249032 2.7609181e-05 2.3792909e-05 6.850512e-05 0.00012203289 7.58454e-05 4.285363e-07 1.3177458e-06 0.00016956052 5.668216e-06 0.00012488429 5.2473177e-05 2.774419e-05 6.141123e-05 0.000435725 4.356702e-05 7.358907e-06 8.037141e-05 6.2577765e-06 0.00014636392 4.2671625e-05 1.9561175e-07 0.00019587041 2.7102351e-05 3.9583116e-05 0.00032879668 9.904942e-07 2.3462084e-05 9.983627e-07 4.378941e-05 1.6905216e-05 2.3025827e-05 5.5103817e-05 6.4826636e-05 2.5382647e-05 1.8860399e-06 1.8203918e-05 0.00010923163 1.1515774e-05 2.049239e-05 0.00010574833 0.00083847385
0.19608988 0.31008893 0.16563794 0.076229386 0.2780637 0.53505915 0.092169896 0.018013127 0.019000387 0.8569546 9.24057e-20 0.8682845 0.5648311 0.83038425 0.044499468 0.8371916 0.09645041 0.17269024 0.04742915 0.021788316 0.026889125 0.058329064 0.0012471933 0.0004292472 0.03177472 0.47591433 0.014498835 0.017587231 0.0784019 0.045672175 0.025431788 0.0014604867 0.00246836 0.023222575 0.0033856498 0.022264337 0.0018173262 0.0007350585 0.025895106 0.0019771045 0.03342644 0.0015628807 0.0021898267 0.020370496 9.729453e-06 0.0012625899 0.08031322 0.011603433 0.0054301172 0.0002485604 5.411026e-05 1.10567025e-05 0.00024278488 0.009688714 0.00021756209 2.4580495e-06 0.0004960673 0.0001005462 0.0004783361 0.0018251437 1.5084141e-05 0.00024426382 9.398225e-05 0.0008100891 0.0011434285 4.709478e-07 1.341746e-06 0.00056352897 2.0609514e-05 9.057849e-05 0.00011542795 0.00036537473 0.00019356758 0.0008469061 0.00047636742 7.1758455e-05 2.7167382e-05 0.00016181105 3.714662e-05 6.7690576e-06 9.84624e-07 6.856068e-05 9.95407e-05 0.00019717237 0.0016197566 2.0316083e-06 3.580338e-06 6.32915e-06 3.1388678e-05 0.00010957552 0.00015878005 3.2743828e-06 0.00010749376 9.403447e-06 1.1363629e-05 8.98338e-06 8.399853e-05 0.00019746782 2.6511563e-05 0.00033908288 0.0009877027
0.0664291 0.25243673 0.07452379 0.04722535 0.23174724 0.51181495 0.066907234 0.009278759 0.009551653 0.8575598 0.8682845 1.759435e-19 0.5354094 0.78452325 0.01957705 0.79004246 0.070647046 0.108759396 0.03314831 0.0091173425 0.024698343 0.037862226 0.00094164506 0.00035299297 0.01809404 0.4568202 0.007960185 0.013856329 0.048157908 0.025693893 0.01058976 0.00091333623 0.0013142827 0.011587939 0.0019576545 0.016537312 0.00089941174 0.00026946337 0.029188748 0.0007667583 0.021941196 0.0009357568 0.00074109185 0.010409035 4.0418154e-06 0.00066409475 0.05107987 0.006362491 0.0027917027 8.3524756e-05 1.5314085e-05 4.6685855e-06 6.5656e-05 0.006109803 6.921639e-05 1.033369e-06 0.00042948796 2.0718413e-05 0.00017128231 0.001233651 3.786356e-05 6.3105304e-05 7.1365015e-05 0.000561806 0.0010523384 4.0150323e-07 4.690594e-07 0.00017634213 1.8502884e-05 0.00012116143 8.5976564e-05 0.000117852825 8.1821796e-05 0.00032604448 0.00025055266 3.1277872e-05 6.174072e-05 2.4724977e-05 0.000118195 1.5500706e-05 2.7361088e-07 5.6410943e-05 7.420554e-05 0.00010502179 0.00065688853 6.248721e-07 4.077119e-06 5.8791193e-06 1.6087608e-05 5.8439444e-05 3.6676403e-05 2.0623238e-05 5.254895e-05 1.299703e-05 3.1127256e-06 9.584597e-06 5.4634027e-05 9.114572e-05 3.2760367e-05 0.00023340424 0.0010546468
0.109440915 0.47497153 0.4529815 0.07115606 0.16084445 0.35640672 0.59030795 0.0229808 0.0097667985 0.53303266 0.5648311 0.5354094 1.8767812e-23 0.6674612 0.09249533 0.59909785 0.55627716 0.8309818 0.2014082 0.048940796 0.41200268 0.042648762 0.00026239344 6.740338e-05 0.014294847 0.7610844 0.099916555 0.062002324 0.22310078 0.17977329 0.4891411 0.0038580229 0.00078287325 0.0011700208 2.5422913e-05 0.0009104204 4.6797453e-05 3.349794e-05 0.0070286086 9.202683e-05 0.042032465 0.11496024 0.08532982 0.043139644 1.1270762e-06 0.009102355 0.1865841 0.0114567 0.03342722 0.004224662 1.001122e-06 9.317459e-07 0.011140623 0.008796308 0.0026730394 4.1417562e-07 0.019901654 0.001305921 0.0014508524 0.0024161015 0.0005519231 0.0007889905 0.0005172345 0.0001437848 5.190321e-05 3.100451e-08 5.6920726e-08 0.0039754934 0.0011265846 1.2825987e-05 0.00091078645 0.00076630694 0.001733292 0.0035286644 2.482677e-05 0.002244798 5.4134075e-06 0.0011319882 8.740718e-06 3.3066954e-08 9.6957734e-08 0.0024949766 2.2990653e-05 0.0004463103 1.8179308e-06 6.5583365e-08 2.6604935e-06 3.2031977e-07 0.0002488279 0.00017915772 8.955126e-08 2.20286e-08 0.00088765024 5.360488e-06 2.7615041e-08 1.1427716e-05 0.00011763173 0.0016042115 9.789313e-05 0.003600829 0.0047909967
0.08716195 0.31834304 0.11564459 0.053562652 0.15430707 0.3270278 0.10526425 0.008041212 0.007662072 0.7415389 0.83038425 0.78452325 0.6674612 7.52698e-22 0.028272586 0.87183553 0.15888302 0.3694056 0.05024436 0.011545207 0.053302735 0.04748056 0.000263633 4.983535e-05 0.018784044 0.7302266 0.010280116 0.02049835 0.07822049 0.045108233 0.0282233 0.0006795438 0.00068759767 0.0054888907 0.00051995536 0.011602166 0.00080363784 4.7245434e-05 0.024256667 0.00027560687 0.044726253 0.005418023 0.001672329 0.030370038 9.828733e-07 0.0010211834 0.13735144 0.0059026815 0.0041261925 0.00013764194 8.861126e-06 1.8772129e-06 0.00011950923 0.015509263 5.9227918e-05 3.8432358e-07 0.00072941964 3.2085663e-05 0.00021226279 0.0038127555 5.2784104e-05 9.4783514e-05 0.0001641487 0.0012425453 0.0012076246 1.6849975e-07 2.3665592e-07 0.00034727482 3.853729e-05 0.00010631055 7.480409e-05 0.00013272442 6.423412e-05 0.00029670104 0.00040377144 8.129437e-05 3.5016634e-05 7.0753755e-05 0.00013629525 2.6095624e-06 1.743125e-07 4.136751e-05 0.00013298326 0.00020567329 0.0003860737 1.6240277e-07 1.0817744e-06 1.4585589e-06 1.721047e-05 0.00014390744 2.0683805e-05 8.554684e-07 0.00019669252 3.3440087e-06 2.127224e-06 1.6228156e-05 0.00010018029 0.00019471641 2.4721277e-05 0.00037557707 0.0013006177
0.9404083 0.48463356 0.74612266 0.7773801 0.105147235 0.10279741 0.66948473 0.24719588 0.37164143 0.023727018 0.044499468 0.01957705 0.09249533 0.028272586 3.6637563e-22 0.026374232 0.14624967 0.049868762 0.4413997 0.6872233 0.16770326 0.7049415 0.04070935 0.0057777036 0.5920747 0.008735682 0.2341958 0.12215574 0.10745011 0.037306897 0.011976842 0.2568948 0.21231441 0.0014084706 0.0027730502 7.9322024e-05 0.00039200374 0.013666938 0.0012258023 0.03702183 0.00027766518 0.0007821669 0.00063686277 0.0002293572 0.00021969125 0.000118291755 0.0021720747 0.06465115 0.0027223441 0.00033579793 1.9595736e-05 0.00023507857 0.00020398654 0.00016243478 0.00091369 0.00016910078 0.0002309767 0.0002841073 0.0074138525 2.591709e-05 0.00071474805 0.0030599486 0.0014121766 2.0473386e-05 1.2077091e-06 1.3915191e-05 6.706719e-05 0.13689755 7.345869e-05 0.053127732 2.6911861e-05 0.017746784 0.013001439 0.21823813 1.9756302e-05 0.00041750612 0.017385252 0.0024734945 0.018575858 0.00027594695 4.8662395e-07 4.6878395e-05 1.6768094e-05 0.00092614884 2.0068033e-05 4.4985472e-06 0.00024114517 0.0053959587 3.2039738e-05 0.0056576696 1.9852864e-06 0.0009347039 0.000724659 0.005473181 6.6793547e-07 0.013499593 0.012079028 0.004280066 0.00119655 0.0029529652 0.0027543176
0.11060544 0.2510304 0.09561752 0.045670435 0.13016082 0.3629666 0.06830098 0.008010016 0.008967037 0.74471354 0.8371916 0.79004246 0.59909785 0.87183553 0.026374232 9.9491074e-20 0.10369475 0.2122355 0.04242481 0.012359773 0.03134681 0.047278706 0.0007561923 0.00023040798 0.021488853 0.68924975 0.013114881 0.020258512 0.08395065 0.052945226 0.019768514 0.0010930605 0.0012304415 0.009725401 0.001219532 0.017912509 0.001056819 0.00022063863 0.029655514 0.0007999491 0.05115003 0.002512311 0.001965623 0.028615866 5.1378006e-06 0.0013630725 0.11190639 0.011150566 0.005492546 0.0001585723 1.4230475e-05 5.526715e-06 0.00015041296 0.01647863 9.907947e-05 9.49115e-07 0.0006921927 8.375256e-05 0.0004127906 0.0035552483 2.6860374e-05 0.00023046315 0.0001223131 0.0011794581 0.0021840758 4.2888624e-07 6.379019e-07 0.0003207323 3.2683572e-05 8.9559166e-05 0.00016809265 0.0002879306 0.00013276252 0.0005641764 0.0006904376 8.187144e-05 3.918114e-05 0.00013448208 0.00010416596 5.502549e-06 2.1609421e-07 4.4383527e-05 0.00012978248 0.00020508021 0.0010450761 7.7046394e-07 2.3724247e-06 7.708884e-06 1.4913197e-05 0.00013666136 5.5184802e-05 4.3211426e-06 0.000118359916 7.576049e-06 4.770678e-06 1.1004253e-05 7.90317e-05 0.00025912508 7.761085e-05 0.00035770633 0.0012824527
0.945539 0.59710217 0.300498 0.11537684 0.036096115 0.05193432 0.5446148 0.014672191 0.015926914 0.055952847 0.09645041 0.070647046 0.55627716 0.15888302 0.14624967 0.10369475 4.5190366e-19 0.73592573 0.43409678 0.058851674 0.6722531 0.16865368 0.0005906378 0.00014647229 0.07924261 0.16426572 0.14090896 0.15305403 0.53584814 0.43450317 0.26712567 0.04762676 0.018561842 0.0018813694 0.00021494456 0.0010263256 0.00014872059 0.0005022842 0.0034935612 0.0025707374 0.00717859 0.05087658 0.0103198 0.006580278 1.4932351e-05 0.008280781 0.055735994 0.097041644 0.033579435 0.0083851265 2.236492e-06 4.075317e-05 0.004769987 0.0057291174 0.004075974 3.388605e-05 0.0102118645 0.0014186221 0.008055147 0.00330733 0.0015472372 0.0034715699 0.0022933227 0.00080102135 0.00010729251 3.858089e-06 2.0224694e-07 0.02706538 0.00089300884 0.0035666232 0.0018325727 0.011550806 0.0038396919 0.09938165 0.00021818251 0.001017682 0.0005891018 0.0037467806 0.0003735114 1.2373594e-07 1.7167602e-07 0.00037220216 0.00016203545 0.0017430946 4.9419763e-05 3.9318584e-07 4.157711e-08 0.001094667 0.00061233266 0.004135294 7.637114e-06 3.069482e-07 0.0049310476 1.3195418e-06 8.6477843e-07 0.0002447402 0.0019271295 0.007736123 0.0005958399 0.009280184 0.0119213
0.8627807 0.41745755 0.15285717 0.024615906 0.024223408 0.059463505 0.30046135 0.0061619985 0.0048061926 0.06926549 0.17269024 0.108759396 0.8309818 0.3694056 0.049868762 0.2122355 0.73592573 2.0855824e-19 0.15890707 0.024876244 0.38840684 0.0661702 0.000196033 8.8494584e-05 0.032903768 0.6232369 0.057064053 0.0908636 0.45845008 0.39025918 0.62397283 0.017698573 0.0046818014 0.0016679323 4.5108183e-05 0.0008144275 6.973744e-05 0.00018413855 0.0043102633 0.0009791619 0.016582265 0.30093002 0.051650204 0.021467209 4.595281e-06 0.050404936 0.1838064 0.084074676 0.06512674 0.0081888465 2.0225302e-06 2.2468164e-05 0.012730498 0.0176785 0.003700425 1.40174825e-05 0.06326159 0.0016311354 0.006651659 0.0139523465 0.0023472642 0.0023354085 0.003133998 0.0020801993 0.0002649823 1.5202828e-06 1.7114556e-07 0.012348686 0.0012434974 0.00051164214 0.0058645234 0.00775137 0.0031871593 0.029578885 0.0006680155 0.0015216154 9.534715e-05 0.0026659886 0.00036705463 6.88275e-07 3.0378455e-08 0.0019465005 0.00059141224 0.001862942 2.8817389e-05 4.85379e-07 1.8178275e-07 0.00011653035 0.00091978884 0.0028724878 4.0630985e-06 1.7590247e-07 0.0074214004 3.9160517e-07 2.983161e-07 9.864182e-05 0.0009773973 0.0050070956 0.0003625041 0.012813475 0.020287665
0.9442275 0.42396483 0.48630008 0.2000965 0.051696848 0.03961628 0.7393432 0.03751331 0.037469953 0.023963707 0.04742915 0.03314831 0.2014082 0.05024436 0.4413997 0.04242481 0.43409678 0.15890707 3.8173904e-19 0.31493166 0.7335112 0.42148808 0.001089351 0.00057403726 0.1814008 0.037147235 0.70559657 0.5213162 0.46962115 0.34993243 0.061531704 0.5112578 0.14382294 0.00035594497 3.0862015e-05 6.512028e-05 2.4824354e-05 0.0029459107 0.00088423054 0.013520756 0.0017283402 0.009315924 0.0067538377 0.0013452402 6.0121993e-06 0.002084458 0.008527942 0.163739 0.04238831 0.02163435 2.852059e-06 5.4304848e-05 0.0057649813 0.0006618698 0.015666898 9.844376e-06 0.0021407402 0.0031148626 0.021002082 0.00018182794 0.0043190727 0.012099325 0.0067033465 4.1971616e-05 2.7892581e-06 1.1588867e-06 1.735092e-06 0.13600713 0.00069825293 0.017354606 0.00012997768 0.042289656 0.02489539 0.24256645 2.8808236e-05 0.00155301 0.0052327286 0.011224794 0.004880243 7.764505e-07 4.313186e-07 8.5982625e-05 5.69771e-06 0.0019613444 1.3122487e-05 4.1724377e-07 1.3690646e-06 0.005434565 8.0460064e-05 0.01973832 4.4323524e-06 4.6520167e-06 0.003508954 0.0001697445 6.864716e-07 0.0055893348 0.011425979 0.01042756 0.003662635 0.010375561 0.006667223
0.9231406 0.13055952 0.47531512 0.3277109 0.04375264 0.03686242 0.45577842 0.110125825 0.1362839 0.0069018817 0.021788316 0.0091173425 0.048940796 0.011545207 0.6872233 0.012359773 0.058851674 0.024876244 0.31493166 2.2083551e-22 0.14620268 0.79997283 0.04451908 0.012693298 0.8047053 0.0040009213 0.28627542 0.11069653 0.103573605 0.053290978 0.009017466 0.63620824 0.5117568 0.00014345608 0.0004064234 3.818765e-05 0.00022123575 0.027638335 0.00040553432 0.07642299 2.7066342e-05 0.00050759566 0.0011249034 3.9546896e-05 0.00031669892 9.2465016e-05 0.0012284986 0.0661107 0.0068679913 0.0017511899 6.166976e-05 0.00021874024 0.0007922923 0.00010336776 0.0017025674 0.00038604165 0.000122049656 0.00046818616 0.008231304 2.3552791e-05 0.0008725732 0.0019257312 0.0010672882 7.2168477e-06 1.0348256e-06 1.0350689e-05 0.0002486756 0.15659422 0.00044958515 0.1214682 5.0682193e-06 0.062071335 0.023630617 0.2739585 4.119245e-05 0.0007249131 0.033150334 0.0032013427 0.024547113 0.00027925428 1.7526306e-06 0.00013284029 2.5118174e-05 0.0011394797 2.4302128e-05 6.1607884e-06 0.00031285558 0.062649384 3.496928e-05 0.021232113 4.6949417e-06 0.000791377 0.0006640029 0.0058649043 2.4107571e-06 0.049323242 0.042387005 0.00647164 0.009067249 0.0063841348 0.004024043
0.8990316 0.30215174 0.3922291 0.043646816 0.01527595 0.039077852 0.6646817 0.016497357 0.010362463 0.019499514 0.026889125 0.024698343 0.41200268 0.053302735 0.16770326 0.03134681 0.6722531 0.38840684 0.7335112 0.14620268 6.0804916e-20 0.1560013 0.00016435531 8.82177e-05 0.060274895 0.05532126 0.55032057 0.4936014 0.6983914 0.6729207 0.3426835 0.25137028 0.017067846 0.0001806402 4.4243476e-05 0.00013976122 1.7452228e-05 0.0005654242 0.00056677684 0.0026454097 0.0034902378 0.034760483 0.056103725 0.004127678 3.0760978e-06 0.016616706 0.016762603 0.15377522 0.21060322 0.09213802 2.8300717e-06 3.510788e-05 0.06608622 0.0017776368 0.038528513 4.007262e-06 0.013359704 0.00757251 0.015278651 0.0006311159 0.010475429 0.008758062 0.012014397 7.694067e-05 6.7435235e-06 3.4403496e-07 1.8324923e-07 0.064085074 0.0057972223 0.0056850887 0.0012421225 0.056008633 0.018695666 0.09716028 1.6672006e-05 0.006461055 0.0017884985 0.008098231 0.001605605 7.399519e-08 8.478475e-07 0.0004317617 2.9859564e-05 0.007496875 3.6018828e-06 7.582713e-08 4.2518618e-08 0.009143429 0.00015958401 0.01910322 7.9277515e-06 1.2614105e-07 0.011987823 4.035626e-06 8.2196567e-07 0.0017665563 0.0054664076 0.00967929 0.0033145116 0.016518831 0.01811355
0.9760653 0.4778757 0.41404018 0.5620618 0.14796065 0.045185894 0.43295515 0.17841583 0.2720462 0.024589581 0.058329064 0.037862226 0.042648762 0.04748056 0.7049415 0.047278706 0.16865368 0.0661702 0.42148808 0.79997283 0.1560013 5.0979544e-19 0.026701406 0.00946099 0.7552121 0.012443603 0.32411936 0.20752478 0.12365984 0.059397686 0.011483582 0.57163155 0.4291101 0.0013033431 0.00090494653 8.548584e-05 0.00022918664 0.027334332 0.0019560182 0.09034488 0.00033573643 0.0012689981 0.0014753755 0.00043450278 0.0005897519 0.00078278926 0.0037443822 0.050151214 0.0039325566 0.0004114343 2.2118269e-05 0.00080694514 0.0003868104 0.00045925414 0.0004844123 0.00081863475 0.00045870847 0.00021136348 0.005141509 0.000111850146 0.0005709204 0.0031110004 0.001177263 3.417919e-05 9.804997e-06 7.311601e-05 2.881508e-05 0.19372268 0.00048633054 0.025772346 8.567094e-05 0.040029783 0.020235185 0.37043095 0.0003349451 0.001018179 0.007855005 0.0043745297 0.008938617 7.166353e-05 8.619263e-07 3.220378e-05 2.4109719e-05 0.0015975778 0.000945827 9.722312e-06 4.7937843e-05 0.02935673 3.544187e-05 0.015109063 3.7381305e-05 0.0002683701 0.00069904013 0.00173691 1.246591e-05 0.037572544 0.033629235 0.0077731893 0.0069375597 0.008039522 0.0064440095
0.96226007 0.00956962 0.06783263 0.17470351 0.16836382 0.031102246 0.012060864 0.60967714 0.47715372 0.0012941941 0.0012471933 0.00094164506 0.00026239344 0.000263633 0.04070935 0.0007561923 0.0005906378 0.000196033 0.001089351 0.04451908 0.00016435531 0.026701406 7.065319e-19 0.8057544 0.11798014 6.3844476e-05 0.00020578905 0.00015993552 0.00016415888 3.296458e-05 9.178791e-05 0.0022630095 0.19323681 0.00965757 0.12895018 0.00011241982 0.023638628 0.74491376 0.00067194336 0.44331706 0.00038597503 1.3792399e-05 1.2124192e-05 0.00045230569 0.54035544 1.289004e-06 0.0002175154 8.2517814e-05 4.0620566e-06 7.222614e-07 0.010328386 0.36436287 8.504165e-08 0.000107120744 7.360609e-07 0.25759745 5.5416276e-05 3.7392518e-08 8.794746e-07 3.1699852e-05 3.4822133e-06 5.9904136e-07 3.0328697e-06 2.287232e-05 2.009724e-05 0.028206557 0.08294843 0.010954546 2.9400584e-07 0.34350288 6.637737e-05 0.0024947661 0.00030707457 0.02725279 0.00023273213 1.899678e-06 0.29180592 6.695714e-07 0.22262701 0.076818086 0.0001296223 9.307216e-06 0.00048220588 4.2578267e-06 9.495754e-06 0.0113321375 0.04654911 0.008274947 4.254505e-05 0.00031392404 1.2832033e-05 0.08965271 7.012833e-07 0.11049379 1.2489565e-05 0.054817192 0.003037329 2.4037838e-05 0.00024218182 9.907271e-06 0.00011197406
0.51610214 0.0014762994 0.023921076 0.022281978 0.24944748 0.032022938 0.0056665987 0.5485876 0.26081428 0.00040017604 0.0004292472 0.00035299297 6.740338e-05 4.983535e-05 0.0057777036 0.00023040798 0.00014647229 8.8494584e-05 0.00057403726 0.012693298 8.82177e-05 0.00946099 0.8057544 2.3877245e-18 0.025552237 2.4192845e-05 7.943732e-05 0.00011286617 0.00017324976 4.5459106e-05 8.918773e-05 0.0003020265 0.023177184 0.004958788 0.3047246 2.4712766e-05 0.035704885 0.40589908 0.00010952058 0.092108235 9.867833e-05 1.5209479e-05 1.5612539e-05 0.00010894897 0.60233456 7.1825616e-07 0.0006461822 1.2985496e-05 2.0129569e-06 4.8816273e-06 0.023346476 0.78256273 1.1526557e-06 9.4474875e-05 1.3536715e-05 0.5445442 4.8967133e-05 6.5092706e-07 1.0048257e-06 0.00012560333 4.18143e-06 9.215901e-07 2.1063493e-05 8.657207e-05 3.41365e-06 0.05798713 0.0757936 0.0016241866 8.9105254e-07 0.10853259 3.407212e-05 0.0010072108 0.00020975184 0.004421672 4.069235e-05 8.433975e-07 0.062163074 3.691891e-08 0.05069458 0.051356077 0.00040294483 1.7527887e-05 0.0020073117 2.374799e-06 1.2848723e-05 0.006258821 0.02499048 0.00039634245 0.00011482211 3.3250828e-05 2.2816874e-05 0.035399746 1.872966e-06 0.03571876 1.0923314e-05 0.004651811 0.00040472276 8.199165e-06 9.257912e-05 2.0367024e-06 5.1563726e-05
0.9726503 0.2997585 0.3238422 0.5181901 0.12309202 0.036039535 0.23583482 0.2633778 0.35822648 0.013417852 0.03177472 0.01809404 0.014294847 0.018784044 0.5920747 0.021488853 0.07924261 0.032903768 0.1814008 0.8047053 0.060274895 0.7552121 0.11798014 0.025552237 5.9572255e-19 0.003124215 0.124661095 0.077388875 0.05457469 0.019849041 0.0036488532 0.36805964 0.596788 0.0011981502 0.0039760126 5.814941e-05 0.00051173626 0.07652216 0.001181288 0.19813612 0.00019647936 0.00021978472 0.00021652962 0.00022186899 0.0023780356 0.00013220521 0.0012942206 0.02809724 0.0016671387 7.876421e-05 7.957039e-05 0.0016652041 5.3518892e-05 0.00028618515 8.7076754e-05 0.0017590644 0.00013401093 4.79888e-05 0.0020573293 3.7013695e-05 0.00013625404 0.0011391515 0.00020185109 7.6222054e-06 6.259668e-06 0.00025027944 0.00020266429 0.18733013 4.1011313e-05 0.101881355 2.5647707e-05 0.02185405 0.009676165 0.35729566 0.00019848035 0.00018436364 0.03369075 0.0016007919 0.02095035 0.0008502727 1.0950156e-06 7.0066926e-06 3.278753e-05 0.00034400233 0.00023889962 1.8948478e-05 0.00020540282 0.051232807 1.3451126e-05 0.008063708 1.9717869e-05 0.0013678413 6.804894e-05 0.0057266015 7.31911e-06 0.059195876 0.035518795 0.002697843 0.0039455034 0.0013720364 0.0013681322
0.053425394 0.12263692 0.071156934 0.007222353 0.016456468 0.18379758 0.12654752 0.0031393273 0.001762278 0.3111891 0.47591433 0.4568202 0.7610844 0.7302266 0.008735682 0.68924975 0.16426572 0.6232369 0.037147235 0.0040009213 0.05532126 0.012443603 6.3844476e-05 2.4192845e-05 0.003124215 3.077377e-21 0.009907882 0.01795009 0.082364984 0.067187205 0.33301467 7.709285e-05 0.00011888731 0.0006794683 7.288212e-06 0.005554604 9.1200585e-05 3.424389e-05 0.029250728 7.279276e-05 0.44765592 0.17924187 0.028495273 0.46206602 2.1686542e-06 0.0051658424 0.7448013 0.0045316275 0.010284127 0.00033799923 1.328432e-06 2.3209375e-06 0.0014519542 0.33165625 0.00018059593 1.1736292e-06 0.0726817 0.0003965417 0.00028965 0.10736081 0.00015228907 7.933156e-05 0.00036288955 0.023341458 0.0025726198 8.157438e-08 8.464937e-08 0.00010753026 9.588223e-05 3.8477763e-05 0.0110106785 0.00017712114 5.1397976e-05 0.0001880969 0.0044838777 0.00018841936 1.7233398e-05 0.0001088932 6.438873e-05 6.3547975e-07 3.0917704e-08 0.00026645692 0.004075875 0.00035975195 0.00028857883 1.0737853e-07 4.124683e-06 4.352179e-07 0.0004334315 4.5481396e-05 2.1063784e-06 4.2986042e-07 0.00044719904 3.7169156e-07 2.0580308e-07 2.5466334e-06 5.002124e-05 8.975069e-05 2.839679e-05 0.00013239055 0.00157601
0.9635676 0.15156619 0.3306577 0.07056025 0.013510605 0.012220293 0.5881558 0.013919359 0.016321942 0.0037029015 0.014498835 0.007960185 0.099916555 0.010280116 0.2341958 0.013114881 0.14090896 0.057064053 0.70559657 0.28627542 0.55032057 0.32411936 0.00020578905 7.943732e-05 0.124661095 0.009907882 2.3506217e-21 0.77308935 0.54392236 0.5184475 0.051231325 0.7451703 0.067629755 5.1536936e-05 3.6158426e-06 1.4456116e-05 2.3344843e-05 0.000764263 0.00046842708 0.004115709 6.648805e-05 0.007887689 0.019574184 0.00013393478 8.6639136e-07 0.006635671 0.0005180016 0.46632132 0.17505766 0.1972153 2.4499566e-06 1.1263374e-05 0.0671236 0.00012431356 0.14329787 6.8064116e-07 0.002214048 0.030018322 0.14155214 4.136266e-05 0.021789812 0.050775904 0.022072252 4.311782e-06 1.3468781e-06 1.2922318e-07 4.940703e-07 0.26362124 0.0040524704 0.006928108 1.57581e-05 0.15694223 0.11692631 0.26700065 7.984773e-06 0.007330931 0.004154491 0.036471494 0.0016004936 4.4882214e-07 1.187108e-06 0.000247903 8.864646e-07 0.004922273 9.077847e-06 2.6640848e-07 1.0174917e-06 0.011271601 4.55954e-05 0.064211845 7.1116656e-06 1.6032599e-06 0.007049802 6.968506e-05 1.4466286e-06 0.004406893 0.016118946 0.02429274 0.008437262 0.03116381 0.018242415
0.9780993 0.25410587 0.16545983 0.04659859 0.015743898 0.011270279 0.31640038 0.007373611 0.011637699 0.006081579 0.017587231 0.013856329 0.062002324 0.02049835 0.12215574 0.020258512 0.15305403 0.0908636 0.5213162 0.11069653 0.4936014 0.20752478 0.00015993552 0.00011286617 0.077388875 0.01795009 0.77308935 1.976309e-18 0.5814569 0.538164 0.052865144 0.57190835 0.04432405 0.000373572 3.853062e-06 7.577339e-05 1.8906654e-05 0.0005716475 0.00065721216 0.002248817 0.0005639739 0.020618688 0.019242527 0.00064681383 1.1977348e-06 0.022694003 0.003807986 0.43179095 0.23105155 0.16841279 7.2545004e-07 3.4761062e-05 0.08605961 0.0005344615 0.14715725 1.1077913e-06 0.0068007805 0.04559537 0.14319311 0.000406813 0.016316153 0.058855683 0.01915751 1.9637006e-05 3.7421917e-06 5.210218e-07 2.1705918e-07 0.22401902 0.0033254505 0.0019151919 0.0003158393 0.080542274 0.08439186 0.30489752 2.968789e-05 0.0041354974 0.0007815637 0.034153182 0.0010200738 3.4144554e-07 5.14195e-07 0.00016472611 3.2672863e-06 0.0035968183 0.00012533649 2.659254e-07 1.477117e-07 0.010831325 7.1728966e-05 0.057162695 1.0511844e-05 6.771746e-07 0.010790837 1.20217555e-05 2.2721429e-06 0.0039727925 0.013636818 0.033271622 0.007988045 0.03623954 0.02413955
0.9760742 0.27829504 0.15030675 0.042168647 0.038336035 0.023182612 0.34974867 0.0128344195 0.013684662 0.024430383 0.0784019 0.048157908 0.22310078 0.07822049 0.10745011 0.08395065 0.53584814 0.45845008 0.46962115 0.103573605 0.6983914 0.12365984 0.00016415888 0.00017324976 0.05457469 0.082364984 0.54392236 0.5814569 1.089495e-19 0.7589965 0.14637294 0.2931986 0.02827802 0.00091212336 4.5262364e-05 0.00070576515 2.0317915e-05 0.0003907576 0.002951497 0.001615843 0.0037370618 0.05286907 0.066300035 0.005045163 3.3789868e-06 0.120683685 0.035217047 0.38149616 0.39754042 0.1639052 1.2372703e-06 5.4766166e-05 0.12616184 0.0050359457 0.056404226 4.915234e-06 0.026235646 0.027684633 0.067109525 0.003469478 0.00878522 0.031487226 0.011016099 0.0003554409 1.8601715e-05 3.5148113e-07 6.1619275e-08 0.09590789 0.0035079322 0.00047810716 0.002411308 0.041115113 0.02868015 0.16671549 7.9454825e-05 0.0023396662 0.00015123413 0.019787826 5.5656783e-05 2.497396e-08 6.0815694e-07 0.00048815968 7.5529744e-05 0.003233707 0.000601333 8.748882e-08 7.802918e-09 0.0026940661 0.00072399934 0.020026518 7.21304e-05 7.2820356e-08 0.005888558 2.7316205e-06 9.347546e-06 0.0005766372 0.006198189 0.016956354 0.002409037 0.02127098 0.022973374
0.97783947 0.146876 0.09032463 0.0142993815 0.014068401 0.012758549 0.2261338 0.0040481365 0.0046752337 0.011542791 0.045672175 0.025693893 0.17977329 0.045108233 0.037306897 0.052945226 0.43450317 0.39025918 0.34993243 0.053290978 0.6729207 0.059397686 3.296458e-05 4.5459106e-05 0.019849041 0.067187205 0.5184475 0.538164 0.7589965 6.0484246e-21 0.23241867 0.20610131 0.010045943 0.00055469945 1.2497905e-05 0.00028161635 5.9923077e-06 7.633215e-05 0.0016364641 0.00062763283 0.003129075 0.10853818 0.18996234 0.004287587 5.829955e-07 0.34007666 0.03257414 0.3946058 0.5667938 0.3065629 5.050668e-07 7.4360005e-06 0.28264993 0.0031495548 0.10885001 7.590603e-07 0.06147715 0.08985306 0.076422505 0.0038098276 0.015852459 0.031811688 0.014311686 0.00027053326 1.1531721e-05 6.177602e-08 7.814298e-09 0.07188521 0.009972243 0.00015567185 0.0035896925 0.03723695 0.02437363 0.11220858 5.4751752e-05 0.0044628903 4.1699477e-05 0.019738043 1.04871015e-05 8.802205e-09 2.2878362e-07 0.0010729609 9.5450414e-05 0.005847627 0.0003556574 1.8476811e-08 1.7170253e-09 0.0014055849 0.0011583078 0.018041288 2.5505016e-05 6.246462e-09 0.009797439 2.6664486e-07 3.356031e-06 0.0002902996 0.0051015513 0.022148313 0.0021481516 0.027313389 0.029052762
0.3824817 0.02994576 0.064969406 0.0034430744 0.003282925 0.012336164 0.24147433 0.0010601649 0.0008908114 0.0052598384 0.025431788 0.01058976 0.4891411 0.0282233 0.011976842 0.019768514 0.26712567 0.62397283 0.061531704 0.009017466 0.3426835 0.011483582 9.178791e-05 8.918773e-05 0.0036488532 0.33301467 0.051231325 0.052865144 0.14637294 0.23241867 7.690244e-20 0.014835109 0.001476993 0.00020882633 9.070582e-05 0.00021507929 1.731567e-05 0.00012440488 0.000824519 0.0003085111 0.0013446611 0.6645454 0.8338104 0.0030581832 2.431707e-06 0.4615733 0.15696344 0.018958023 0.23693994 0.027023956 3.2212854e-06 1.9049698e-06 0.14895484 0.0028326127 0.013474403 1.9751e-06 0.4358429 0.00834734 0.0078528775 0.007667101 0.00696543 0.004939969 0.007808347 0.00073771237 1.0573053e-05 1.8948352e-07 2.5282725e-07 0.0053669875 0.012070126 1.9351395e-05 0.04367 0.008971844 0.0040537617 0.006569108 5.9758182e-05 0.010658338 5.8743022e-05 0.0037691062 0.00017232816 4.28448e-07 4.990645e-07 0.018007185 0.00095557986 0.00547022 7.329322e-06 2.7708265e-06 2.9393254e-06 9.4731644e-05 0.0039951005 0.0037567741 5.901195e-06 3.6359103e-07 0.012314276 2.0002715e-06 7.569805e-07 0.00013483626 0.000833352 0.008249709 0.0013247877 0.01087783 0.01610766
