2.6980452e-29 0.86964333 0.9743075 0.9804133 0.86925685 0.9623914 0.94794244 0.98785186 0.97651327 0.9373492 0.09566806 0.87397695 0.9827 0.73459905 0.71220267 0.99097925 0.9390224 0.9882802 0.99265367 0.67956495 0.9918351 0.84480566 0.97035754 0.13973635 0.24985065 0.9847247 0.35577038 0.9680218 0.9714338 0.6295397 0.9931528 0.04716879 0.026081033 0.0015036521 0.11645549 0.021069942 0.6133509 0.009168853 0.2733434 0.022572383 0.25136855 0.061618153 0.98004377 0.8921384 0.92638206 0.0114573445 0.0010049301 0.85478413 0.08556556 0.007236942 0.052238937 0.86595494 0.06954256 0.06881445 0.9925036 0.007845307 0.92968214 0.01238695 0.99421024 4.863238e-05 0.2850338 0.30188286 0.9880522 0.9657344 0.04078671 0.9393314 0.031665888 0.042501923 0.9591879 0.9929023 0.01322078 0.008318211 0.009507676 0.9916191 0.21931708 0.99650997 0.0066026277 0.9993043 0.013650669 0.00025258833 0.9241297 0.8235483 0.31799388 0.00018415999 0.00981893 0.74654746 0.033733115 0.97134554 0.9910711 0.96950614 0.32239953 4.8237587e-05 0.645577 0.9989716 0.62400424 3.7810947e-05 0.33676454 0.0003128138 0.0921047 0.9976241 9.8187746e-05
0.86964333 3.3755886e-19 0.87094533 0.40089026 0.9276848 0.35643995 0.050087303 0.58840406 0.030338949 0.047007225 0.15826681 0.06526428 0.13536493 0.07033669 0.00887069 0.17932977 0.12495534 0.046521217 0.018238006 0.12586634 0.014870004 0.039863475 0.015687725 0.09507582 0.0082773855 0.09607165 0.017635189 0.009829312 0.0059205815 0.007874668 0.0021306695 0.056961466 0.014227965 0.010080252 0.010993429 0.009414893 0.0028616793 0.024957566 0.008339852 0.007647683 0.0029325804 0.0062206807 0.00067935296 0.00072061125 0.00065671187 0.003679022 0.0071465573 0.00060669665 0.0014156892 0.0018968396 0.0005391838 7.125016e-05 0.0002193408 0.00026995855 0.154082 0.00052861543 2.8647676e-06 0.00012919503 0.026038313 0.00034327037 0.00020933837 1.9900794e-05 0.009146272 0.0073143216 0.00010765401 1.4232922e-06 3.3728484e-05 4.9305087e-05 0.0041149454 0.008796278 1.5432737e-05 7.222594e-05 0.00017124607 0.00030188312 5.659871e-06 0.0023077128 9.548924e-06 0.0074066967 0.000111710186 9.629946e-05 0.00025231673 1.9021742e-06 0.00010837208 0.00026764063 4.8113147e-06 0.00012758201 5.5831682e-05 0.0026785042 0.005370884 0.00042831345 3.0463693e-06 1.4404153e-05 1.1070388e-05 0.023790224 1.0917101e-06 1.2426093e-06 0.00014963694 5.8910824e-05 3.8892267e-06 0.0014520448 0.00025359553
0.9743075 0.87094533 5.1497286e-20 0.07603372 0.94408035 0.65137863 0.013685903 0.60075307 0.09017926 0.19171068 0.023897512 0.17046605 0.19566524 0.1807183 0.010371223 0.28076237 0.29740018 0.1497888 0.09601888 0.027691372 0.1532011 0.041204676 0.05675091 0.04282852 0.002376104 0.04321214 0.053341225 0.013511031 0.01773801 0.01925966 0.009704462 0.050627355 0.008135251 0.004912823 0.0129248025 0.0074283676 0.0080501195 0.026521139 0.009287825 0.019635182 0.008357863 0.0083802575 0.002434443 0.0020375014 0.0013897996 0.006905028 0.005103587 0.001644482 0.0035325012 0.0012694309 0.0006327862 8.2925915e-05 0.0006383121 0.00021146792 0.060630236 0.0012611718 3.5324003e-05 0.00040808725 0.01440162 3.220169e-05 0.00019014362 9.241261e-06 0.0077971187 0.0132947825 0.00014175489 6.881904e-05 7.573062e-05 3.801183e-05 0.00615351 0.007481176 6.2786596e-05 0.00030707545 0.0016244494 0.00281355 6.994129e-06 0.009457481 1.2703912e-05 0.0078064823 0.00014535683 0.00061795214 0.0008705584 1.1378258e-05 0.0008020736 1.1012903e-05 5.159233e-06 0.00063009234 6.906862e-05 0.003147978 0.0053580836 0.0034182125 1.4741603e-05 5.0429095e-05 3.7221867e-05 0.013487768 7.173429e-07 5.1842685e-06 5.07432e-05 6.749619e-05 9.154719e-06 0.0075320466 0.0005723697
0.9804133 0.40089026 0.07603372 2.5153062e-21 0.05257761 0.13983177 0.80248284 0.5939516 0.009146294 0.005155655 0.8655338 0.0042230147 0.017305098 0.03203955 0.58985883 0.5753688 0.0003512175 0.00034602356 0.0004741276 0.1419734 0.00092933 0.000890143 0.0006535848 0.4184173 0.07078759 0.20998132 0.0034851688 1.717991e-06 2.5678432e-06 6.538515e-06 7.781381e-06 0.02639754 0.17232293 0.06047126 3.6462337e-05 0.27052873 1.7509534e-06 0.017928686 9.5408454e-09 0.0036453179 2.4454305e-06 6.540047e-05 1.0687401e-06 1.7711876e-06 3.5350553e-07 0.00010172928 0.0010072743 1.5473227e-06 7.1854464e-07 0.0030716567 1.6739398e-07 2.7164604e-09 1.8894488e-07 2.2189128e-07 0.06542367 8.846564e-07 1.0442859e-07 2.4577832e-07 0.0017121863 0.00963126 1.01317056e-07 1.1609053e-08 0.0009895426 0.00017535871 7.0280515e-07 4.245474e-07 2.4335503e-07 1.0582031e-07 8.749363e-05 0.0020554017 2.0588139e-07 1.9717754e-07 1.945748e-06 1.0969822e-05 3.6028208e-08 0.0005365739 7.962393e-08 0.001969865 9.759456e-07 2.5256663e-06 2.4718436e-06 1.2198534e-07 2.1349317e-05 0.0010020558 7.347291e-07 3.7439693e-06 3.6523483e-07 0.0006862439 0.0012468455 0.00019826148 6.367179e-07 2.6439163e-06 1.40636375e-05 0.03988475 1.47708095e-08 8.0121526e-07 0.0036241661 2.8231105e-05 5.0118096e-08 0.0013983436 0.0005719509
0.86925685 0.9276848 0.94408035 0.05257761 1.5576258e-19 0.3109173 0.021735834 0.2902538 0.028628452 0.122095615 0.07206172 0.2624026 0.14166607 0.18390773 0.0030534407 0.08451299 0.47682896 0.13966739 0.03671841 0.025156867 0.056887794 0.06824507 0.054733563 0.05917253 0.0018132637 0.026257506 0.091019854 0.025075153 0.02637696 0.0316889 0.011460999 0.14038771 0.0043857493 0.0050126277 0.030042086 0.004100842 0.014898229 0.026434219 0.055663545 0.026978854 0.014191078 0.028312301 0.008723561 0.0042694155 0.004972287 0.017685246 0.008677428 0.0054499875 0.00883381 0.0017994343 0.002877331 0.0016957234 0.001316672 0.00087034877 0.015834244 0.0020492042 5.7518886e-05 0.00055581593 0.005722281 3.298873e-05 0.0010324052 0.00023136935 0.0024202329 0.009405232 0.0010323639 6.325756e-05 0.00039846575 0.00021808015 0.0056866286 0.0031936537 0.00025618804 0.0004776999 0.0013875198 0.0017110828 0.00010137288 0.0035283128 9.112486e-05 0.0037442038 0.00024849473 0.00019675744 0.0018147792 1.5966889e-05 0.00093141024 3.6355774e-05 5.147899e-06 0.00061075273 0.00020061096 0.0052534216 0.005662825 0.0028098735 2.5053221e-05 4.4837423e-05 0.000109632914 0.005636365 2.0008285e-06 8.978391e-07 9.935132e-05 3.6666785e-05 8.037458e-06 0.0053941137 0.0014891403
0.9623914 0.35643995 0.65137863 0.13983177 0.3109173 5.947394e-19 0.045886483 0.7738991 0.86793935 0.8373974 0.05230365 0.116598204 0.6256964 0.061567686 0.0026377223 0.27156213 0.32422134 0.24356362 0.39875466 0.022528248 0.33326367 0.15223604 0.100444846 0.014156488 0.0073078647 0.024236998 0.0123728635 0.06367223 0.0411043 0.027054757 0.043762658 0.007075302 0.0029539156 0.0010196425 0.019221049 0.00026184175 0.012957255 0.0038421168 0.015966283 0.0031497604 0.00576262 0.0034817653 0.018156735 0.005424382 0.013926763 0.001948788 0.00023430682 0.0025248912 0.0013220818 0.0006314079 0.0012340923 0.0015054815 0.0002124092 0.00025942601 0.11634183 0.0004067885 0.00013789171 6.550502e-05 0.060763843 2.5933668e-06 0.00039344156 7.338719e-05 0.026985018 0.04656902 0.0001312949 9.8800745e-05 6.440176e-05 9.258441e-05 0.013784682 0.015877804 1.7614959e-05 2.7863778e-05 9.387761e-05 0.0030135354 3.2313827e-05 0.011508677 1.0327133e-05 0.01735856 3.0978936e-05 0.000102348866 0.0032062542 1.9063447e-05 0.004596097 6.460897e-06 5.1005077e-06 0.0013088224 0.00027672938 0.017387655 0.021116983 0.003930268 0.0002696598 8.509131e-06 0.00010406358 0.019281438 6.55825e-06 2.475734e-06 0.00016532146 9.768102e-06 1.4255589e-05 0.0085163815 0.0005503489
0.94794244 0.050087303 0.013685903 0.80248284 0.021735834 0.045886483 6.575467e-17 0.29828268 0.004499178 0.000740841 0.49103066 0.00059268775 0.00867157 0.0075063608 0.5459251 0.68943477 5.1866423e-06 4.7764183e-06 4.1644238e-05 0.4554111 2.607989e-05 0.00054020516 3.7853057e-05 0.07182905 0.8259867 0.24480401 0.00079627323 6.295262e-07 1.3097438e-06 1.2771604e-06 1.946774e-06 0.0034983538 0.6789906 0.011239023 5.1014267e-06 0.2371905 9.553037e-07 0.0033927686 5.6485385e-09 0.00069681206 3.6606145e-06 2.1710308e-05 5.192242e-07 2.7738713e-07 1.2358676e-07 1.5709966e-05 0.0001991624 3.301901e-07 4.9116557e-07 0.105122864 2.3104377e-07 3.2430023e-09 1.987657e-07 2.900753e-07 0.13242394 1.9867998e-06 3.7309718e-07 9.325051e-07 0.0012931455 0.27634302 1.2053003e-07 3.219179e-08 0.0020993918 0.00012258088 1.086976e-06 1.1374335e-06 4.196913e-07 1.2404408e-07 0.00016978383 0.0063202693 9.0770897e-07 1.2374131e-06 2.946943e-06 6.614751e-06 8.105125e-08 0.00045732275 1.8196775e-06 0.003382751 1.0896113e-06 1.797258e-05 2.4642256e-07 1.8167905e-06 6.9575854e-06 0.020192653 4.399471e-06 8.3238206e-08 2.1621884e-06 0.0012663457 0.0020108295 6.007434e-05 7.883495e-08 2.47957e-05 9.260371e-06 0.089637965 1.9286948e-07 4.3535765e-06 0.004395412 5.573486e-05 2.6633683e-07 0.0014406536 8.700027e-06
0.98785186 0.58840406 0.60075307 0.5939516 0.2902538 0.7738991 0.29828268 1.6711906e-19 0.45911947 0.1407975 0.0382639 0.2749088 0.82029116 0.22322729 0.094450444 0.73982334 0.2855562 0.025298066 0.1022867 0.009061215 0.060602628 0.011714409 0.02374654 0.032782998 0.015171048 0.03225065 0.016035866 0.0025464846 0.0015196148 0.019607872 0.0030992543 0.0058152354 0.0045542233 0.00054533326 0.0061691343 0.0010182669 0.008869324 0.0032689492 0.0010797754 0.0029227722 0.0009395837 0.0017557944 0.00027683575 0.0002563009 0.00020057136 0.00047040355 8.007235e-05 0.00023679987 0.00041981708 0.00025333327 4.1632324e-05 4.109073e-06 1.3993534e-05 1.3046705e-05 0.2628962 4.2926516e-05 5.2386e-06 3.4847464e-05 0.09599614 9.523442e-06 5.6725157e-06 1.9158633e-06 0.07536696 0.015325992 1.9644103e-05 6.2354275e-07 1.2078791e-05 9.014086e-06 0.0027189387 0.03412794 6.5708773e-06 1.21114235e-05 3.6155994e-05 0.00018026968 2.1620565e-06 0.0035669324 2.3648772e-06 0.020093726 4.2180136e-06 6.9319976e-05 3.349136e-05 2.38511e-08 2.1101292e-05 1.7833921e-05 3.1431136e-06 4.616251e-06 2.9006408e-06 0.005617489 0.008067436 0.00023157311 1.9090729e-08 8.238968e-06 1.2727898e-07 0.05064167 4.1312157e-07 3.801692e-06 0.0012081861 1.6708376e-05 4.0744135e-06 0.0025866288 0.0005003188
0.97651327 0.030338949 0.09017926 0.009146294 0.028628452 0.86793935 0.004499178 0.45911947 4.896036e-20 0.5986298 0.0006328131 0.011557771 0.81980336 0.0034474998 9.4336945e-05 0.207782 0.024413528 0.09214775 0.6110121 0.003942754 0.3829249 0.14682882 0.028018877 0.00053235504 0.000637512 0.007860806 0.00021535698 0.022824775 0.052532114 0.0014433917 0.06822646 4.995278e-05 0.00028274095 8.130798e-06 0.0009999594 1.0945108e-05 0.0008861549 4.1441035e-05 0.00042221788 6.0909442e-05 0.00028287337 0.00010094995 0.010781682 0.0013750262 0.004417033 4.091529e-05 2.439373e-05 0.00026969245 4.047484e-05 6.015976e-05 3.6890982e-05 0.001179618 1.2826893e-05 5.665431e-05 0.23809162 6.261072e-06 0.0052503245 3.0546257e-06 0.2107185 4.651021e-07 8.1237486e-05 2.3969025e-05 0.105255306 0.20163852 6.1500036e-06 0.0011451828 3.4975862e-06 6.2519366e-06 0.08014856 0.05330387 1.7964104e-06 2.4272329e-06 3.5572623e-06 0.020911556 3.6889647e-05 0.04868683 1.9255274e-06 0.10325808 3.7441694e-06 6.501339e-06 0.013940968 0.004416871 0.023002038 1.8928583e-06 4.710668e-07 0.00911698 7.608178e-05 0.09573764 0.09082996 0.0187625 0.00630745 4.498802e-07 0.0011773522 0.07598323 3.805972e-06 1.171467e-07 4.1729712e-05 8.15594e-07 1.9284694e-06 0.038766675 1.1435206e-05
0.9373492 0.047007225 0.19171068 0.005155655 0.122095615 0.8373974 0.000740841 0.1407975 0.5986298 2.5142056e-19 0.0010146991 0.021709902 0.4416424 0.00502006 9.261576e-05 0.03655209 0.15084495 0.6093009 0.6221632 0.0027403838 0.8187637 0.82289034 0.3437761 0.0010914038 2.4972998e-05 0.0038630185 0.0012965772 0.25888094 0.44068533 0.014373067 0.1952725 0.00047727345 2.7403497e-05 1.906632e-05 0.020308629 1.2696741e-05 0.008138503 9.495089e-05 0.08915695 0.0005075349 0.002489878 0.0010798927 0.084756486 0.0140892 0.04925025 0.00049343915 1.0826398e-05 0.0051431987 0.0004744865 3.483278e-05 0.0023645405 0.044576015 0.00032580577 0.00075101195 0.020163441 0.00016750026 0.015691008 9.119031e-05 0.028279455 1.2043844e-07 0.003735574 0.003043749 0.011891869 0.12135258 0.0002375125 0.0010218098 0.00015350633 0.0011131315 0.04422608 0.007727647 4.9720045e-05 1.590555e-05 2.556334e-05 0.019237984 0.0007375837 0.0312557 4.7823028e-06 0.026552815 0.00022646232 1.7515655e-05 0.020166278 0.015079488 0.032587558 7.998248e-06 3.0322206e-05 0.01651475 0.0028033734 0.040582024 0.037336245 0.01666452 0.018408246 2.0409735e-07 0.0033169906 0.00879679 3.739168e-05 1.3970839e-07 1.9761617e-05 2.0689813e-06 5.2837448e-05 0.019759722 4.5261136e-06
0.09566806 0.15826681 0.023897512 0.8655338 0.07206172 0.05230365 0.49103066 0.0382639 0.0006328131 0.0010146991 5.754833e-19 0.007698618 0.00014418838 0.036154643 0.9324631 0.011391272 0.0013343164 0.00016315856 9.326532e-06 0.013376489 1.7004884e-05 0.00013338895 0.0006256688 0.6512458 0.009343813 0.0060211257 0.0022103845 9.037455e-06 9.579251e-06 7.200854e-05 3.3214442e-07 0.016038511 0.022784047 0.326824 4.8488397e-05 0.59609663 2.2507431e-05 0.015553178 1.323054e-07 0.0014683185 1.8073782e-05 0.00010314383 1.3309326e-06 1.360787e-06 1.202238e-06 0.00015763025 0.004280917 9.0464965e-07 8.627097e-06 0.0009332551 6.8620096e-08 2.0214648e-07 4.3761398e-07 3.6867206e-07 0.00043318543 3.0458932e-06 9.849565e-07 2.186708e-06 0.00022529565 0.0050533107 1.16859376e-07 8.135979e-08 0.00021535803 8.594696e-05 2.1931423e-06 3.4316918e-07 8.068874e-07 1.09753366e-07 4.474221e-05 0.00024491135 1.490787e-06 1.984605e-06 6.0196408e-06 1.1908419e-06 3.3785366e-07 0.00020507202 6.8764416e-06 0.00019526201 1.7873526e-05 7.029205e-05 3.9619244e-06 7.554253e-06 6.471846e-07 0.0009963497 5.075629e-06 3.7424715e-07 1.0403764e-05 0.00064340036 0.0004085725 2.1254426e-05 2.7060224e-07 9.811113e-06 1.3712644e-05 0.0031538843 2.9787546e-07 1.1582945e-06 0.0006138145 2.3333692e-05 3.9665645e-07 0.00020205813 0.0012942287
0.87397695 0.06526428 0.17046605 0.0042230147 0.2624026 0.116598204 0.00059268775 0.2749088 0.011557771 0.021709902 0.007698618 4.8606225e-20 0.0026352445 0.8054591 0.00094992697 0.005971819 0.78848684 0.29826593 0.010364361 0.0008213268 0.074371524 0.028438391 0.08401173 0.023333933 1.44666665e-05 0.00047433178 0.42020014 0.027508812 0.004472359 0.22839873 0.00084287534 0.19675109 9.136407e-05 0.0013813612 0.07777203 0.0007424582 0.059984077 0.022225427 0.032747377 0.09612681 0.054348666 0.1644038 0.008033839 0.0050131753 0.0030839392 0.051346283 0.007820386 0.006053131 0.03804319 1.7209222e-05 0.002151395 1.9454983e-05 0.0015134565 0.0008399224 4.1081497e-05 0.0056288447 6.576105e-06 0.002430432 0.00021360548 6.4986017e-07 0.000120612196 4.6687455e-06 4.9602066e-05 0.0003198361 0.000768961 1.7403398e-05 0.00019189499 1.9436124e-05 7.197915e-05 8.8798006e-05 0.00015337419 0.0027375065 0.017801188 0.00013675237 5.0453314e-06 0.0008160364 6.673555e-05 0.0005577759 1.8729204e-05 0.0030338273 2.3202083e-05 1.5494622e-06 0.00010230506 1.0374629e-06 2.5537522e-06 6.6291236e-06 5.865208e-06 0.00021457243 0.00020560191 0.00025345726 1.3859188e-06 0.000445442 2.5860884e-06 0.003661842 2.479843e-08 1.6471582e-05 4.47238e-06 4.3202257e-05 1.437682e-06 0.0027260296 0.005838143
0.9827 0.13536493 0.19566524 0.017305098 0.14166607 0.6256964 0.00867157 0.82029116 0.81980336 0.4416424 0.00014418838 0.0026352445 2.39511e-21 0.0023964276 0.00072882546 0.8224331 0.00010284768 0.021343933 0.14592692 0.03676093 0.09832686 0.1008745 0.03261039 0.00012624412 0.0044782427 0.036710277 4.5348106e-06 0.0082017705 0.0061979946 2.5737045e-05 0.01607541 6.0578623e-06 0.0011049868 1.5145899e-06 4.4567887e-06 9.999003e-06 3.2875072e-05 3.915098e-06 3.9963577e-08 2.1775636e-06 3.1335628e-06 4.299877e-06 0.0004543889 9.138707e-05 0.0001703065 5.21449e-06 6.791735e-06 2.3874143e-05 1.5012621e-06 0.0006275075 3.499423e-07 2.6707078e-06 1.2169016e-06 3.3564727e-06 0.70879257 1.099574e-06 8.811159e-05 3.69396e-07 0.51651204 1.2285975e-06 1.0652772e-06 5.3055146e-08 0.4636452 0.2338102 2.2481593e-06 0.00012281313 7.682518e-07 3.604479e-07 0.0741187 0.27485883 9.295519e-07 1.0651808e-06 5.027234e-06 0.010227024 1.4117503e-06 0.0348021 6.4588613e-07 0.22040047 1.374807e-06 3.3842268e-06 0.0035602578 0.0004077852 0.004351051 1.490097e-05 1.558431e-08 0.0016452915 2.490031e-06 0.11737745 0.12657808 0.012350989 0.00080072845 3.5107644e-07 0.00019629695 0.22655325 2.3335458e-08 2.2019518e-07 0.00043361008 5.835239e-07 1.3517769e-08 0.02800371 3.644242e-05
0.73459905 0.07033669 0.1807183 0.03203955 0.18390773 0.061567686 0.0075063608 0.22322729 0.0034474998 0.00502006 0.036154643 0.8054591 0.0023964276 5.3219465e-18 0.0040917317 0.0052224165 0.67349035 0.26899245 0.0025246115 0.001669265 0.023221625 0.013974178 0.03899856 0.13930257 0.00013874914 0.0020033377 0.7185106 0.014856154 0.0015491906 0.15203156 0.00016688861 0.5456264 0.00044053822 0.011423935 0.045901384 0.0046752715 0.04109026 0.103968695 0.020220643 0.24571228 0.042713962 0.24164405 0.0039063157 0.00747797 0.003398808 0.09433302 0.042252276 0.0111767035 0.048548292 0.0001550787 0.0019915043 2.6327636e-05 0.0020650073 0.0015966669 3.8063954e-05 0.007260851 5.5257215e-07 0.0015889526 7.841898e-05 2.4407937e-06 0.00018372493 5.9031086e-06 2.5298259e-05 5.144177e-05 0.0015301289 4.3242116e-07 0.00031386837 3.42951e-05 1.6881195e-05 6.450121e-05 0.00017882774 0.0026325956 0.020549893 3.7517145e-06 8.652078e-06 0.000113879796 6.6357374e-05 0.00041830383 2.0719617e-05 0.003799789 1.5038737e-05 3.9352798e-07 2.0584903e-05 5.3555113e-06 3.0804451e-06 1.2542832e-06 2.3343475e-06 8.7480614e-05 0.00013931663 1.8467874e-05 9.757223e-07 0.00051538314 7.368517e-07 0.0019525903 5.5089863e-08 4.899546e-06 8.756165e-05 3.2622193e-05 2.5962077e-06 0.0006773217 0.018336734
0.71220267 0.00887069 0.010371223 0.58985883 0.0030534407 0.0026377223 0.5459251 0.094450444 9.4336945e-05 9.261576e-05 0.9324631 0.00094992697 0.00072882546 0.0040917317 2.0737017e-16 0.028875304 6.028744e-05 3.867318e-05 1.0889012e-05 0.015316262 2.0533562e-06 2.2522527e-05 4.720659e-06 0.53191996 0.062995665 0.07954481 0.0022166807 3.731712e-07 4.3153236e-06 9.665175e-07 2.2413751e-06 0.019163514 0.11721597 0.22924103 5.33736e-06 0.8924009 6.5009266e-07 0.027328806 8.285788e-08 0.0009258936 1.4705397e-06 1.1436776e-05 1.4446647e-07 1.9080433e-07 4.415278e-08 1.3777676e-05 0.002583377 3.6957184e-07 3.0254353e-07 0.0028744321 2.4342881e-07 1.8183105e-08 1.2205749e-07 1.4997615e-07 0.00021907593 4.169498e-07 2.6425699e-08 4.2564278e-07 1.8073006e-05 0.006601951 7.8684735e-08 1.0256768e-07 1.2221683e-05 1.3126986e-06 1.0856282e-06 3.3419873e-08 6.4556036e-07 1.2925608e-07 1.2266588e-06 0.000116361116 7.7600555e-07 6.6036915e-07 3.9048846e-06 5.2799937e-08 4.535035e-08 7.911088e-05 5.517483e-06 0.0014526799 4.817892e-07 1.1118772e-05 8.6095935e-07 1.1893063e-06 1.8228847e-07 0.00022459992 6.398802e-07 2.659839e-08 9.792338e-07 4.6476423e-05 0.00014019682 2.36166e-05 2.6205853e-08 1.8293966e-05 2.497221e-07 0.025307044 6.402575e-09 1.028876e-06 0.003071516 4.7790472e-06 1.8428927e-06 0.0012297663 0.0016240984
0.99097925 0.17932977 0.28076237 0.5753688 0.08451299 0.27156213 0.68943477 0.73982334 0.207782 0.03655209 0.011391272 0.005971819 0.8224331 0.0052224165 0.028875304 4.3428304e-20 0.0004290612 0.00048365095 0.012666362 0.18449916 0.0023694616 0.0060260366 0.0022146006 0.0009979407 0.3468003 0.13579667 0.000114918956 0.00016230516 0.00018560702 2.6912578e-05 0.0010522079 2.9068036e-05 0.037392765 2.5003215e-05 4.7396752e-05 5.999968e-05 1.5422247e-05 4.0795127e-05 9.855644e-07 0.00012099872 2.0839432e-05 2.3853549e-05 1.7349357e-05 1.6162621e-05 1.1075699e-05 1.7961936e-05 1.4252218e-05 1.660096e-05 1.0559318e-05 0.0072749457 5.108461e-06 2.2038928e-07 2.719933e-06 6.2417726e-06 0.80197114 1.2289484e-05 9.114085e-07 3.8023536e-05 0.26894274 0.0003127923 2.4809526e-06 7.3979703e-07 0.31483805 0.009484058 2.702626e-05 7.724983e-07 1.7040082e-05 5.3656486e-06 0.0024698104 0.2665157 8.295118e-06 1.6155518e-05 5.6839467e-06 2.2959277e-05 8.919674e-07 0.0023884678 5.7603665e-06 0.029605469 4.484715e-06 2.4147678e-06 4.4266264e-05 7.6986275e-08 0.00019617399 0.00034841849 3.4093098e-06 2.5258843e-05 2.0683804e-07 0.029170768 0.04757367 0.00028259537 3.9341091e-07 2.9223008e-06 1.0682194e-06 0.37390503 9.275059e-08 2.8066208e-06 0.007416769 1.275553e-05 3.1372036e-07 0.0020432572 3.094849e-05
0.9390224 0.12495534 0.29740018 0.0003512175 0.47682896 0.32422134 5.1866423e-06 0.2855562 0.024413528 0.15084495 0.0013343164 0.78848684 0.00010284768 0.67349035 6.028744e-05 0.0004290612 1.1824674e-21 0.72772986 0.038096603 1.0042283e-05 0.19349465 0.18962844 0.48438606 0.0044528656 6.335098e-08 1.3048958e-05 0.5114684 0.27168494 0.026888562 0.90436107 0.004675916 0.1333961 4.3852597e-07 0.00011436073 0.74111 4.3306292e-05 0.7654237 0.0069213887 0.63114715 0.080423094 0.6066843 0.5255557 0.1039795 0.08375357 0.047107868 0.20602512 0.0043091984 0.08858655 0.37422505 1.35277205e-05 0.07871158 0.00057742605 0.06430622 0.021661308 1.4914604e-05 0.10650821 0.00010234223 0.09619691 2.1274845e-05 5.066846e-08 0.0027487532 3.1699277e-05 3.6742884e-05 0.0012671147 0.00902005 0.000117033094 0.002697106 0.00020120897 0.00045249207 6.802752e-05 0.0040047844 0.03514994 0.10562602 0.00088152906 6.633326e-05 0.0014236597 0.00224981 0.00017857502 0.00012138927 0.0096463775 7.7306286e-05 4.0026935e-06 0.00013158949 8.923664e-07 5.03384e-06 6.496978e-05 2.7272463e-05 0.00088529795 0.00042140792 0.0010067641 8.367939e-06 0.0020706237 1.2938128e-05 0.0016204208 6.486601e-09 7.359809e-05 6.835267e-07 0.00044123348 7.9666586e-07 0.004529754 0.00309447
0.9882802 0.046521217 0.1497888 0.00034602356 0.13966739 0.24356362 4.7764183e-06 0.025298066 0.09214775 0.6093009 0.00016315856 0.29826593 0.021343933 0.26899245 3.867318e-05 0.00048365095 0.72772986 4.7763367e-17 0.1939156 1.8789324e-06 0.50826 0.7638267 0.7598563 0.00094506866 4.4473538e-08 7.134627e-06 0.13194121 0.7078253 0.42262477 0.53016496 0.13873123 0.0033459947 1.1318495e-07 3.9681236e-05 0.23265547 2.0472125e-06 0.44748247 0.00056975725 0.4074186 0.022454692 0.31731874 0.11197506 0.41678733 0.44758847 0.45748988 0.04676954 0.0001425451 0.22504647 0.14694285 9.834288e-08 0.12030887 0.08124466 0.073538564 0.10816046 0.0002788519 0.07535218 0.003155771 0.06619945 0.0015105979 5.1888136e-08 0.09903227 0.014403296 0.00077952154 0.011518328 0.034101658 7.3676674e-05 0.022609528 0.031101929 0.0063403943 0.00028456826 0.011122257 0.03743347 0.03338724 0.0052470905 0.011506949 0.017343163 0.0074550314 0.0019266874 0.0067295153 0.0017862162 0.0009779829 8.36251e-05 0.0011651802 8.238056e-08 0.00080351904 0.0005043164 0.0026344617 0.0016880457 0.0017929934 0.00631125 1.3275575e-05 0.0004463094 1.42189165e-05 0.001569288 4.136968e-05 0.00037415727 3.5416676e-06 0.00048118722 0.00013606976 0.019656869 0.00027832002
0.99265367 0.018238006 0.09601888 0.0004741276 0.03671841 0.39875466 4.1644238e-05 0.1022867 0.6110121 0.6221632 9.326532e-06 0.010364361 0.14592692 0.0025246115 1.0889012e-05 0.012666362 0.038096603 0.1939156 5.3551124e-21 0.00018127353 0.7902926 0.12928638 0.0770562 2.1869173e-05 2.1735011e-06 0.0025537342 7.941801e-05 0.11623921 0.18772714 0.0017916278 0.58706295 6.942818e-06 6.2288814e-06 1.0208863e-05 0.002195172 8.6045575e-06 0.0017826237 1.4047647e-05 0.0029947842 1.58527e-05 0.00030296034 4.0816023e-05 0.07662059 0.00662524 0.035949808 4.2275195e-05 1.2212387e-05 0.00094656606 3.521569e-05 8.169015e-06 0.00012495875 0.015392883 2.3827673e-05 9.268857e-05 0.10722271 1.6852757e-05 0.09367701 1.9185061e-05 0.2384825 7.446251e-07 0.00041633635 0.001461998 0.08398747 0.35388336 3.6123216e-05 0.007174122 1.8077024e-05 0.00013850945 0.19853973 0.04645108 7.640247e-06 1.2297399e-05 6.5081535e-05 0.079899706 0.00027164 0.13748308 1.0897515e-06 0.11555685 4.2929507e-05 3.151321e-05 0.055747464 0.04636938 0.05873373 2.9570779e-06 1.2064606e-05 0.04645859 0.0028031408 0.2378781 0.15157981 0.10813336 0.05499415 4.808792e-06 0.0073599955 0.042560533 0.00022201121 5.8961064e-07 1.5634783e-05 2.8750312e-06 0.00013182098 0.1502637 0.00012243447
0.67956495 0.12586634 0.027691372 0.1419734 0.025156867 0.022528248 0.4554111 0.009061215 0.003942754 0.0027403838 0.013376489 0.0008213268 0.03676093 0.001669265 0.015316262 0.18449916 1.0042283e-05 1.8789324e-06 0.00018127353 2.3701099e-18 1.0222367e-05 9.3528826e-05 1.4598148e-05 0.003295636 0.63261825 0.9327122 2.727142e-05 1.0867377e-06 3.3264002e-06 4.1519755e-07 2.1918679e-05 6.283392e-05 0.09363793 4.9823895e-05 2.183659e-06 0.004132637 1.0844346e-07 9.861539e-05 3.1325362e-09 2.4972425e-05 8.993439e-07 1.8779219e-06 5.47251e-08 2.7008234e-08 3.397278e-08 1.6918514e-06 5.6680433e-06 4.338923e-08 8.066462e-08 0.13568696 5.0949794e-08 3.702248e-09 1.7397628e-08 2.3818233e-08 0.32993788 1.7801415e-07 4.4416784e-10 8.9650726e-08 0.009644229 0.0053446055 3.464779e-08 1.9379307e-08 0.029971588 0.00036404713 1.2359101e-07 2.649902e-09 5.6960587e-08 7.513365e-08 4.297543e-05 0.046160992 8.988941e-08 1.7089633e-07 1.1562704e-06 1.5896808e-06 4.8492257e-08 4.2037755e-05 8.472566e-07 0.0025740985 4.8415524e-07 2.2360218e-05 2.1425774e-06 5.385136e-09 1.0052473e-06 0.003548621 1.4239033e-06 2.0472426e-07 3.333571e-08 0.0017959352 0.004550407 5.853116e-06 3.7100576e-06 3.4331636e-06 3.281216e-06 0.28101516 1.15641905e-08 2.0451168e-06 0.24536942 1.554958e-05 1.8765479e-07 4.043356e-05 8.139297e-05
0.9918351 0.014870004 0.1532011 0.00092933 0.056887794 0.33326367 2.607989e-05 0.060602628 0.3829249 0.8187637 1.7004884e-05 0.074371524 0.09832686 0.023221625 2.0533562e-06 0.0023694616 0.19349465 0.50826 0.7902926 1.0222367e-05 2.0011607e-19 0.18233316 0.29132274 9.698471e-05 2.0122575e-07 9.600072e-05 0.0008062509 0.36050457 0.5313761 0.025332417 0.7158683 5.7995392e-05 7.044478e-07 3.7856719e-06 0.011536643 1.6627046e-06 0.019136762 1.879342e-05 0.027570322 0.00020656356 0.004965686 0.00075293717 0.13371152 0.03389305 0.06954101 0.00029573208 8.144768e-06 0.0067861644 0.0007343431 1.1723175e-07 0.0028975443 0.07017355 0.00064522185 0.0015105986 0.005038672 0.00029019942 0.03729945 0.0004037472 0.022540895 8.077516e-08 0.0068778265 0.009098263 0.010305318 0.06674496 0.0003189254 0.0007381244 0.0002750801 0.0026138253 0.033335812 0.005291344 9.082908e-05 4.240732e-05 2.7148499e-05 0.017788537 0.0034518905 0.050457783 1.1458194e-05 0.014154592 0.0004940485 6.0975026e-06 0.008282626 0.0040681725 0.009173186 9.7265776e-08 9.888916e-05 0.004186612 0.0044785957 0.030303238 0.026435332 0.028357856 0.0036461386 5.181293e-06 0.00023168707 0.010300307 0.00010142492 1.0404602e-06 4.566396e-06 4.3519985e-06 0.00022609762 0.053821784 5.6261637e-05
0.84480566 0.039863475 0.041204676 0.000890143 0.06824507 0.15223604 0.00054020516 0.011714409 0.14682882 0.82289034 0.00013338895 0.028438391 0.1008745 0.013974178 2.2522527e-05 0.0060260366 0.18962844 0.7638267 0.12928638 9.3528826e-05 0.18233316 5.701945e-21 0.8644901 0.00071725034 8.623851e-07 7.552571e-05 0.00177616 0.8265837 0.6762195 0.034985095 0.096580654 0.0008659198 4.9702405e-05 3.0094187e-05 0.05138996 2.0549714e-05 0.031401202 0.00034207397 0.49042016 0.0010532807 0.020453745 0.0037148003 0.26916057 0.09719557 0.16750896 0.0013100525 9.427049e-05 0.030391995 0.003114221 3.2754808e-05 0.0405309 0.21594948 0.0043342076 0.015114727 0.001901855 0.0025998899 0.03176905 0.0030802505 0.005331451 1.153617e-06 0.047379296 0.04379039 0.003668998 0.053436425 0.0029868009 0.00091833 0.002588871 0.019557783 0.019839177 0.001637902 0.00063100096 0.00047822873 0.0005666658 0.00924522 0.0135839945 0.011032564 9.3851566e-05 0.004222435 0.0040936526 0.00030728139 0.010755673 0.01593407 0.037876368 3.9262213e-06 0.0010904388 0.0112296 0.037330262 0.018332684 0.011116998 0.00549759 0.034216575 1.6188662e-05 0.0035153232 0.0019594645 0.00045776519 1.8582592e-06 7.0415263e-06 2.4043957e-05 0.0008598644 0.008170119 2.4326522e-05
0.97035754 0.015687725 0.05675091 0.0006535848 0.054733563 0.100444846 3.7853057e-05 0.02374654 0.028018877 0.3437761 0.0006256688 0.08401173 0.03261039 0.03899856 4.720659e-06 0.0022146006 0.48438606 0.7598563 0.0770562 1.4598148e-05 0.29132274 0.8644901 1.5323668e-18 0.0010365122 6.901111e-08 2.4001782e-05 0.032351796 0.7060919 0.27889732 0.1670467 0.03114536 0.0018080842 4.4456092e-07 3.176331e-05 0.13989764 1.4332193e-06 0.17552154 0.00022572342 0.52826834 0.0070023546 0.11489227 0.03862464 0.30497956 0.21716182 0.26143914 0.01521799 3.5142486e-05 0.1131381 0.04362704 4.8959475e-07 0.07883758 0.13417095 0.03268192 0.054522056 0.0001932953 0.030729115 0.002783443 0.041556455 0.0009971035 1.7958415e-08 0.065943725 0.034394883 0.00058584363 0.0029623453 0.014380149 4.621151e-05 0.008955436 0.034264103 0.001806068 0.00035512258 0.005219128 0.018326756 0.013606193 0.0014595168 0.024189282 0.005108569 0.0035566336 0.0017877124 0.0045484877 0.00034022698 0.00055880746 0.00018750463 0.0019350299 6.8661734e-08 0.0005484203 0.00029843807 0.0048731198 0.0010249012 0.0012627002 0.0035176321 0.00020824838 0.0001496983 1.1861784e-05 0.0008143316 2.6570438e-05 0.00019563852 3.4499035e-07 0.00026952557 0.00026216308 0.0095218215 0.00013773584
0.13973635 0.09507582 0.04282852 0.4184173 0.05917253 0.014156488 0.07182905 0.032782998 0.00053235504 0.0010914038 0.6512458 0.023333933 0.00012624412 0.13930257 0.53191996 0.0009979407 0.0044528656 0.00094506866 2.1869173e-05 0.003295636 9.698471e-05 0.00071725034 0.0010365122 4.6854707e-18 0.003581527 0.0029471752 0.019174814 3.6644135e-05 2.0058926e-05 0.000119590186 8.603376e-06 0.45375988 0.018930314 0.87043375 0.00012215643 0.74589086 6.6403394e-05 0.5470167 5.721372e-07 0.019715581 3.6537804e-05 0.00021994869 6.300664e-06 4.0254477e-06 2.6654966e-06 0.00037884325 0.20649143 6.862998e-06 8.988933e-06 0.0008573878 1.3918502e-06 5.0568894e-07 7.7125424e-07 7.608831e-07 4.725066e-05 3.4163693e-06 2.462922e-07 6.2393894e-07 4.1656986e-05 0.00026794046 2.4166025e-07 2.3460385e-07 0.00012348444 6.4217646e-05 1.3718758e-06 2.1562844e-08 8.137418e-07 3.867473e-07 4.9479982e-05 6.573826e-05 3.0278152e-06 8.9570096e-07 2.525128e-05 7.459123e-07 3.73299e-07 0.0012527023 1.2448583e-06 0.000722195 9.419998e-06 9.743712e-05 5.0203826e-06 1.6368002e-06 1.1733582e-06 0.00011504572 5.951274e-06 5.500091e-07 5.4363915e-07 0.0013086469 0.0019482992 3.7665945e-05 1.1947157e-07 1.207568e-05 3.5830055e-06 0.0030322624 2.353495e-08 7.1339565e-07 0.0012055418 5.4321445e-06 2.0910275e-06 0.0006105853 0.0050196936
0.24985065 0.0082773855 0.002376104 0.07078759 0.0018132637 0.0073078647 0.8259867 0.015171048 0.000637512 2.4972998e-05 0.009343813 1.44666665e-05 0.0044782427 0.00013874914 0.062995665 0.3468003 6.335098e-08 4.4473538e-08 2.1735011e-06 0.63261825 2.0122575e-07 8.623851e-07 6.901111e-08 0.003581527 1.7202735e-17 0.28587955 3.390103e-06 6.2844285e-09 2.3703933e-08 9.900098e-09 3.2748105e-08 3.8474936e-05 0.9861206 0.0014929933 7.10574e-08 0.031484146 1.1514076e-08 0.0006441573 8.268551e-11 8.4746756e-07 1.55437e-08 4.0533184e-08 1.00257274e-07 4.4597535e-09 1.5788206e-08 7.58173e-08 5.274785e-06 1.81433e-08 7.519808e-10 0.48919398 2.2097435e-09 1.2189271e-08 3.13528e-09 4.151789e-09 0.12668177 1.1146148e-08 4.4085526e-09 2.9601177e-09 0.0015106037 0.19700456 6.131396e-09 3.3553536e-09 0.0075354385 3.5485293e-05 1.2097482e-06 1.5991963e-08 1.4645244e-06 2.4640845e-09 2.3822242e-05 0.016282454 1.9157918e-08 3.910114e-09 3.25586e-07 1.2977479e-06 4.3443304e-08 0.0005358069 1.0165344e-06 0.00836265 2.144142e-07 4.3687092e-07 1.4049047e-06 2.353476e-07 1.3840308e-07 0.08778654 7.763302e-08 5.1306024e-08 5.15127e-09 0.0009998769 0.0015415183 0.00010879925 4.2460385e-10 5.6619086e-07 5.96157e-07 0.14304683 1.4613175e-09 7.398697e-07 0.063539036 1.7791122e-06 1.9203318e-08 0.0011230013 3.701715e-07
0.9847247 0.09607165 0.04321214 0.20998132 0.026257506 0.024236998 0.24480401 0.03225065 0.007860806 0.0038630185 0.0060211257 0.00047433178 0.036710277 0.0020033377 0.07954481 0.13579667 1.3048958e-05 7.134627e-06 0.0025537342 0.9327122 9.600072e-05 7.552571e-05 2.4001782e-05 0.0029471752 0.28587955 4.3010613e-16 5.6752346e-05 2.7633191e-06 9.108677e-06 6.214774e-07 9.695251e-05 0.00012546744 0.064434364 0.00028740606 8.4785955e-07 0.0140451295 3.012373e-07 0.00039748542 2.273302e-08 3.2756463e-05 4.149814e-07 1.1272009e-06 3.0854906e-08 3.3802788e-08 5.756555e-08 1.6060269e-06 2.1976197e-05 2.7849828e-07 1.0401968e-07 0.040304236 4.4117847e-08 1.6723861e-08 1.8941186e-08 6.0450276e-08 0.5926685 1.1240839e-07 3.4958167e-09 4.637649e-07 0.027907452 0.0009444614 7.823205e-08 5.6866146e-08 0.058962595 0.00035703732 3.7876953e-07 6.9624004e-09 1.762899e-07 4.1357783e-08 0.00010157292 0.10415501 5.812548e-08 8.29871e-08 4.3461355e-07 6.535679e-06 2.0420929e-07 0.00044499358 2.4633704e-07 0.019509545 1.4587849e-07 2.4436238e-06 2.7610827e-06 7.0072703e-09 9.594493e-06 0.0019730688 4.5864655e-07 3.144533e-07 4.5291944e-07 0.0017823423 0.00574388 3.9787228e-05 1.3392877e-06 1.8466427e-07 2.0676043e-06 0.7597384 1.7081659e-06 7.327665e-08 0.68730366 2.6653782e-07 3.4003557e-07 0.0003948148 0.000284676
0.35577038 0.017635189 0.053341225 0.0034851688 0.091019854 0.0123728635 0.00079627323 0.016035866 0.00021535698 0.0012965772 0.0022103845 0.42020014 4.5348106e-06 0.7185106 0.0022166807 0.000114918956 0.5114684 0.13194121 7.941801e-05 2.727142e-05 0.0008062509 0.00177616 0.032351796 0.019174814 3.390103e-06 5.6752346e-05 1.8980327e-18 0.002214534 0.00014583879 0.095419735 1.141248e-05 0.61344236 1.685213e-05 0.0027872284 0.01399128 0.0024218424 0.022572486 0.079792574 0.0027058653 0.8869808 0.035812024 0.5549254 0.00095336296 0.0023392926 0.0011647497 0.52043307 0.12599625 0.0042265444 0.06705089 0.00016888467 0.00059656915 7.825863e-06 0.0008484397 0.0003187399 2.5243778e-06 0.005160636 1.9541665e-06 0.0008350425 7.991543e-05 4.835346e-07 5.4589287e-05 6.7587816e-06 2.1328438e-05 0.00016126248 0.0005860828 4.0926054e-07 7.057867e-05 7.65433e-06 4.7049303e-05 1.3525037e-05 0.0001263788 0.001141819 0.030503824 1.2022924e-05 3.7776974e-06 0.0043318854 0.00017786441 0.00048662143 2.7391608e-05 0.03338022 3.2495054e-06 2.3771283e-06 2.2938757e-06 7.0575607e-06 9.692484e-06 1.5676028e-06 5.449821e-07 0.000332478 0.00011796663 5.5374643e-05 1.0730673e-06 0.00313274 1.1536604e-05 0.00036181035 1.04216284e-07 1.7180182e-05 0.00021163013 6.0459075e-05 2.8888528e-06 0.0039184005 0.09023677
0.9680218 0.009829312 0.013511031 1.717991e-06 0.025075153 0.06367223 6.295262e-07 0.0025464846 0.022824775 0.25888094 9.037455e-06 0.027508812 0.0082017705 0.014856154 3.731712e-07 0.00016230516 0.27168494 0.7078253 0.11623921 1.0867377e-06 0.36050457 0.8265837 0.7060919 3.6644135e-05 6.2844285e-09 2.7633191e-06 0.002214534 1.1720012e-18 0.84031314 0.058752805 0.2169993 4.8438807e-05 1.1241289e-07 5.832533e-06 0.050620534 8.915132e-07 0.07645118 3.2783777e-05 0.3816354 0.00025482202 0.03408343 0.003617119 0.65213805 0.39905787 0.536956 0.0015651352 8.9431105e-06 0.11721 0.003890843 1.6149988e-07 0.05587346 0.5341379 0.014120952 0.03892775 0.00030060584 0.004282559 0.114033975 0.004528167 0.0023377917 2.3247807e-08 0.13258065 0.14533253 0.0017672599 0.022297405 0.0065595703 0.0004960167 0.0055085355 0.06599539 0.012925734 0.0005930711 0.0024220604 0.0014385325 0.0012796159 0.013869868 0.05977793 0.015846768 0.0007525559 0.0017993082 0.0077019553 4.2316096e-05 0.007974797 0.0068350723 0.017215075 5.436306e-08 0.0052895173 0.006061996 0.027269045 0.007975885 0.009715 0.01668431 0.013625689 2.310788e-05 0.0012119014 0.0010385406 0.0005223373 4.095796e-05 5.674607e-07 0.00015533062 0.0015649494 0.02445665 2.189883e-05
0.9714338 0.0059205815 0.01773801 2.5678432e-06 0.02637696 0.0411043 1.3097438e-06 0.0015196148 0.052532114 0.44068533 9.579251e-06 0.004472359 0.0061979946 0.0015491906 4.3153236e-06 0.00018560702 0.026888562 0.42262477 0.18772714 3.3264002e-06 0.5313761 0.6762195 0.27889732 2.0058926e-05 2.3703933e-08 9.108677e-06 0.00014583879 0.84031314 3.3522374e-17 0.0061178226 0.8138199 2.0542933e-05 3.3841175e-06 2.068473e-05 0.010881259 1.9911273e-05 0.008229863 2.8117207e-05 0.03180955 0.0001691366 0.002235314 0.00025572765 0.5309365 0.031122513 0.20554636 0.0003450398 4.2016552e-05 0.008497673 0.00025439754 1.963287e-05 0.0045378613 0.345727 0.00082486897 0.0024533435 0.0011429728 0.0004104962 0.555881 0.00034071467 0.014971888 3.5382493e-07 0.0220591 0.033639893 0.005881744 0.19091399 0.00091737456 0.011928612 0.00048599532 0.0074472716 0.093388736 0.0025789526 0.00033103244 0.000111545494 9.3469804e-05 0.06776026 0.0058614374 0.06283741 5.8395934e-05 0.0043528294 0.0014026049 9.648552e-05 0.05432967 0.21050721 0.0949885 1.8578978e-06 0.00042671544 0.038283307 0.05576351 0.048021436 0.033597868 0.0681845 0.20078927 2.3588824e-05 0.011858018 0.0021716305 0.0003790346 6.138098e-06 1.4121812e-06 2.102492e-05 0.0012355195 0.061223783 7.5306714e-05
0.6295397 0.007874668 0.01925966 6.538515e-06 0.0316889 0.027054757 1.2771604e-06 0.019607872 0.0014433917 0.014373067 7.200854e-05 0.22839873 2.5737045e-05 0.15203156 9.665175e-07 2.6912578e-05 0.90436107 0.53016496 0.0017916278 4.1519755e-07 0.025332417 0.034985095 0.1670467 0.000119590186 9.900098e-09 6.214774e-07 0.095419735 0.058752805 0.0061178226 2.2951373e-20 0.0011249839 0.0057388237 1.6738031e-06 6.8183235e-06 0.91628623 1.560226e-06 0.8184473 0.00042047116 0.6537709 0.014109092 0.7718936 0.33209783 0.06546675 0.06508804 0.0356509 0.09754974 0.00019174645 0.16802287 0.40884143 3.6028962e-06 0.1213871 0.0005813228 0.11453587 0.038497597 3.45622e-07 0.17420918 9.428424e-05 0.22039603 4.4355916e-06 4.730898e-08 0.0021515787 0.00010370505 3.4282657e-06 0.00012600236 0.019995918 2.1271419e-05 0.0045852177 0.0002772249 2.2842845e-05 2.5933223e-06 0.009811924 0.061547942 0.062322374 7.999824e-05 0.000109163644 0.0010891594 0.006093605 7.6942204e-05 6.496594e-05 0.008211843 7.268194e-06 2.3400892e-06 7.846256e-06 1.5166302e-07 2.0929336e-05 2.137891e-06 2.831515e-05 0.00024314475 0.00034111066 4.750155e-05 2.0120588e-06 0.0034330953 5.8790124e-06 0.00023629658 4.3588063e-08 0.00013892444 2.2356315e-07 0.00026618133 7.2801054e-06 0.0010601991 0.0014850289
0.9931528 0.0021306695 0.009704462 7.781381e-06 0.011460999 0.043762658 1.946774e-06 0.0030992543 0.06822646 0.1952725 3.3214442e-07 0.00084287534 0.01607541 0.00016688861 2.2413751e-06 0.0010522079 0.004675916 0.13873123 0.58706295 2.1918679e-05 0.7158683 0.096580654 0.03114536 8.603376e-06 3.2748105e-08 9.695251e-05 1.141248e-05 0.2169993 0.8138199 0.0011249839 5.7033673e-18 4.047138e-06 2.6572527e-06 1.054162e-05 0.0017911177 3.7462482e-06 0.0015940387 2.3164477e-05 0.0024449818 1.8123474e-05 0.00043519036 7.8200836e-05 0.2319274 0.0066852276 0.037272185 4.1998846e-05 6.1469086e-06 0.0016384068 4.307017e-05 3.867499e-07 0.00042513493 0.08707726 4.225069e-05 0.0003175766 0.0076191467 3.5714154e-05 0.5546061 4.3437576e-05 0.09333569 3.723191e-07 0.0025765176 0.0081979185 0.026020993 0.3293112 9.371678e-05 0.03653353 4.8868646e-05 0.0007857702 0.19115391 0.011891997 5.7823e-06 3.743316e-06 1.1956229e-05 0.15189858 0.0014586779 0.13216801 5.679225e-07 0.033985958 0.0001006576 1.9713618e-05 0.11485241 0.25812995 0.09974309 4.5159445e-07 2.8090726e-05 0.07649524 0.009515617 0.16946955 0.10665906 0.16250658 0.13046859 2.7620808e-06 0.017707681 0.012363434 0.00064601615 1.9842403e-07 8.6574715e-07 1.2291073e-06 0.00064846635 0.1734313 2.2588178e-05
