6.599176e-28 0.9726338 0.98546064 0.96777534 0.9897917 0.97896564 0.9382246 0.6347431 0.7768378 0.91989017 0.89310616 0.9428378 0.379401 0.97188646 0.043564007 0.03775033 0.9875758 0.9835879 0.70516855 0.9970741 0.87107915 0.98431814 0.48696548 0.7519792 0.79333484 0.997262 0.962128 0.573959 0.049855806 0.043371227 0.0010479899 0.43327403 0.9963643 0.0071359267 0.9671759 0.86356896 0.98292285 0.99106604 0.9750742 0.958316 0.97323954 0.99466705 0.8749638 0.9823568 0.21304518 0.92775697 0.49105084 0.8159024 0.9921991 0.27597317 0.9913509 0.04652081 0.8516052 0.9953171 0.9858642 0.48259225 0.011406822 0.95475084 0.9581319 0.9890731 0.9789885 0.00077407656 0.8830966 0.999861 0.90097666 0.9214819 0.002543362 0.038698155 0.07111909 0.000580875 0.9839685 0.993009 0.048033837 0.68232083 0.91310346 0.0075995275 0.75735193 0.04810138 0.26791385 0.9350797 0.22673593 0.62061536 0.0017909802 0.8201021 0.025736744 0.019929044 0.7370935 0.00015636014 0.012386104 0.12818399 0.0021591492 0.93660146 0.0003019571 0.00038231176 0.4173041 0.0012532204 0.0025804546 0.0030392443 0.00080075976 0.34185427 0.0019532098
0.9726338 1.1977138e-18 0.77898884 0.041080054 0.030424869 0.82821906 0.2019766 0.8655294 0.8663787 0.00586347 0.5190661 0.004116523 0.08127363 0.22053875 0.35156205 0.21917234 0.13660555 0.13324896 0.03894557 0.5057381 0.0048769955 0.0013171624 0.66817784 0.0031455245 0.0003898518 0.15580316 0.00033322047 0.2144487 0.037256543 0.014552072 0.038101565 0.25856912 0.0043329597 0.04697027 0.0006076503 0.022967717 3.3883432e-05 0.0039279987 2.0577188e-05 0.00043087773 0.00029028853 0.2035296 1.0787996e-05 0.024975846 1.10983165e-05 0.028979488 0.00012442695 9.604568e-05 0.00036051034 0.0001627514 0.00018152595 0.004415387 1.8905897e-05 0.049199108 1.7685083e-05 1.8935707e-05 0.0024005882 1.6364445e-06 1.2977696e-07 3.7959766e-05 7.7060065e-07 3.3751396e-05 1.8415777e-07 0.04833647 1.1913207e-05 1.2280493e-06 2.6750986e-05 1.0015378e-05 5.91294e-06 5.59822e-05 3.570475e-07 0.010173196 1.971153e-07 4.2268624e-07 2.7370692e-07 6.2139234e-06 2.1424495e-07 4.556169e-06 3.6037004e-06 1.6749904e-07 1.9937419e-05 3.3843754e-08 1.2281354e-05 0.0053798626 4.541242e-06 4.0645344e-07 7.738801e-09 7.735932e-05 8.574295e-07 5.558074e-06 1.1080648e-06 6.476465e-05 7.6266265e-06 2.1006754e-06 1.4329418e-08 1.6809867e-07 3.7151808e-06 4.457078e-06 5.4790456e-07 5.565068e-05 6.927843e-06
0.98546064 0.77898884 8.0178834e-19 0.9128702 0.52933687 0.6252159 0.53319716 0.17621832 0.73158634 0.305756 0.051069982 0.26917374 0.25384837 0.5209249 0.0046731564 0.038985632 0.1686625 0.5807557 0.102557674 0.2362318 0.121943615 0.0982825 0.0039704028 0.049414992 0.018490465 0.53367114 0.06530091 0.0119301025 0.035092957 0.049966414 0.00023681002 0.0010507976 0.070972025 0.0024041566 0.04525401 0.0031241565 0.002935772 0.019501967 0.0035336032 0.0023127715 0.016841583 0.16806991 0.0010828424 0.042642094 0.0027484794 0.0022300442 0.015310544 0.015599748 0.0014360056 0.009412635 0.0014555304 0.011526916 0.0023133627 0.01902051 0.00034497364 0.002655157 0.0029016826 0.00010180266 6.0012694e-06 0.00011480876 2.8675897e-05 0.00011473948 1.1843663e-05 0.015886761 0.00013807356 9.9670515e-06 7.765979e-05 4.289084e-05 0.00024511298 5.0912662e-05 3.0851952e-05 0.001460729 2.235299e-05 2.6972808e-05 3.7820414e-06 3.2147655e-05 1.1403301e-06 0.00014916704 5.5451434e-05 2.9603865e-07 0.00014220904 4.1813703e-08 2.6290301e-05 0.0011245018 1.6570351e-05 4.7850945e-06 1.3812438e-08 4.3462434e-05 6.6213045e-07 6.367174e-05 1.4961138e-06 0.00016238753 4.3348955e-06 8.702773e-06 1.21760735e-08 3.491096e-07 6.126016e-06 1.6583726e-05 1.0320311e-05 0.00022029842 6.412468e-05
0.96777534 0.041080054 0.9128702 1.3190491e-18 0.88865656 0.18243629 0.1313671 0.0010457266 0.04962005 0.8904173 0.016340937 0.58912253 0.020733582 0.5945723 0.0002204632 0.00050418684 0.10306029 0.5320773 0.22305612 0.06687106 0.08063392 0.33112556 0.0006501516 0.055863936 0.27997094 0.4372159 0.11136674 0.0030506926 0.002891608 0.0029129253 3.093039e-06 3.19165e-05 0.18561529 2.4538356e-06 0.35066974 0.0018924957 0.015139346 0.11325634 0.1009674 0.04437803 0.009164342 0.07559649 0.008120383 0.109793894 0.01319421 0.0014012852 0.0024669573 0.011029869 0.016590737 0.00081436965 0.016003402 0.00076058717 0.003324138 0.025128724 0.0059137754 0.0010364525 9.15757e-05 0.0030350515 0.0026259257 0.01009588 0.0019140034 3.1007148e-06 0.0046766605 0.022784865 0.00073190517 0.0015175163 0.00011868262 2.6154361e-05 0.00028896547 1.6629101e-05 0.0012571358 0.0015703052 1.3292767e-05 0.0026032093 0.0011996274 6.1096885e-05 0.00089988013 0.00010803362 0.000243017 0.00023942902 0.00042335072 0.00013596923 5.690797e-06 0.0005452891 1.7588538e-05 1.9475143e-05 1.0800595e-05 3.7482996e-06 2.3023686e-06 0.008697546 3.1663608e-06 0.0036067076 2.4876692e-06 4.3988794e-06 1.0523821e-05 1.2010008e-07 7.0634655e-06 1.0415369e-05 1.0152314e-06 0.0071448064 1.2374987e-05
0.9897917 0.030424869 0.52933687 0.88865656 1.5450293e-16 0.010515415 0.8441804 0.015667625 0.2646355 0.7107962 0.000100038145 0.6992597 0.32515484 0.018963331 0.00027020503 0.0014905533 0.0033451093 0.057744246 0.7264909 0.00078811625 0.61614835 0.2695664 0.00014542103 0.45509297 0.17812689 0.06351716 0.2233981 2.577761e-06 0.053329397 0.12563853 7.0780175e-06 8.976169e-06 0.019364843 0.0001132526 0.0069991136 2.331622e-06 0.010292604 0.002920766 0.00060018105 0.00080621673 0.1112132 0.01699863 0.0036655178 0.0029481521 0.012650584 3.0300959e-07 0.17333515 0.05322325 0.00046264558 0.13612333 0.0003714458 0.066600256 0.014748143 0.0013932745 0.00012846511 0.061242808 0.006878784 1.2490268e-05 2.0259956e-06 5.1253337e-05 1.2557774e-05 0.004279803 2.901348e-05 0.014494093 0.00078495126 1.2231916e-06 0.010706841 0.011834829 0.009551371 0.0024370817 7.357054e-06 2.0468191e-05 0.0012053861 3.7958134e-07 7.1208e-08 0.004227756 8.854219e-07 0.0056401934 0.00085418846 1.8265183e-07 0.0036694808 8.241918e-09 0.0012858113 3.6901042e-07 0.00014679098 2.051703e-05 6.5507044e-10 0.0013472701 0.0016366304 6.029511e-06 0.0006261848 0.00010937049 0.00029651038 5.7754634e-05 3.597396e-08 2.8150541e-06 0.00039299493 3.745046e-05 2.4732808e-05 5.926957e-05 0.00011928083
0.97896564 0.82821906 0.6252159 0.18243629 0.010515415 4.3914795e-18 0.014530604 0.070228696 0.1227863 0.047805633 0.82711464 0.015037777 0.013760179 0.87916845 0.0049038827 0.0015325728 0.8194287 0.66896665 0.008622849 0.757836 0.002818189 0.008371153 0.034493953 0.002279091 0.0033545592 0.23740247 0.0019075696 0.13117586 0.0002699727 0.00042925947 8.425325e-05 0.039946124 0.011174364 8.300408e-05 0.03828495 0.088016175 0.0006672686 0.063465014 0.003208268 0.006964062 0.00034981198 0.15870997 0.00016136617 0.095563136 2.5364501e-05 0.119046226 3.456705e-05 0.0002886708 0.0014388 2.514655e-05 0.0043564257 0.010302219 0.000106382555 0.14870039 0.00026976294 2.0821097e-05 0.00091245875 0.00013806566 4.2200514e-05 0.00017745083 9.496112e-05 3.7734546e-05 2.311218e-05 0.010077595 2.2352478e-05 5.5287524e-05 0.0001212702 2.6741292e-05 2.3189694e-05 0.000121151716 6.410133e-05 0.015902376 1.6917862e-05 8.072253e-05 2.672913e-05 1.7612372e-05 4.3177815e-06 3.1239626e-05 4.6272275e-05 2.1106585e-05 0.0001051931 2.0325388e-06 0.00011165266 0.012701581 4.0448063e-05 8.224649e-06 2.9248338e-07 0.00047080545 2.0835834e-05 2.3772418e-06 5.3182124e-05 0.0003207742 0.000110147994 3.943671e-06 2.323008e-08 7.894153e-07 0.00031971323 1.7977643e-06 1.749925e-06 0.00018499135 4.3886193e-05
0.9382246 0.2019766 0.53319716 0.1313671 0.8441804 0.014530604 2.4408988e-19 0.08018927 0.79194176 0.16593784 0.00018418492 0.35090545 0.966323 0.009910995 0.00021394351 0.0074282684 0.001884483 0.033069953 0.58987105 0.00053566764 0.37084514 0.03903299 1.6759283e-05 0.33340174 0.020384867 0.036708746 0.08545216 3.1375028e-05 0.33522788 0.5488057 8.329284e-06 7.4970167e-06 0.01005197 0.0003721346 0.0009694934 7.143559e-06 0.0018365592 0.00040674274 1.1247262e-05 6.738763e-05 0.010283431 0.0037375516 0.00024275757 0.0010896128 0.002878831 3.700746e-06 0.16571724 0.012914663 0.00017818851 0.20994428 8.924e-06 0.3950457 0.0020876522 0.0013035053 5.8337014e-06 0.017710805 0.080282226 2.7629158e-06 5.582098e-07 1.6382597e-05 1.2572009e-07 0.02493734 1.1419703e-06 0.008113986 1.3197449e-05 2.0206397e-07 0.041443404 0.02242544 0.003056889 0.0077492744 9.2187264e-08 5.671513e-05 4.218643e-05 2.2783475e-07 1.3298224e-08 0.0005267793 5.2948288e-08 0.0013212613 2.106898e-05 3.9791885e-09 0.00013314353 5.7831735e-09 0.0014807128 0.00012235953 1.5104668e-05 1.467198e-07 9.908612e-10 0.0022737484 0.00013146643 9.488336e-07 0.00016095611 6.551971e-05 3.689816e-05 8.9147755e-07 3.854188e-09 3.697733e-08 3.6453683e-05 2.2009324e-06 2.194022e-07 0.00032157608 3.2857192e-06
0.6347431 0.8655294 0.17621832 0.0010457266 0.015667625 0.070228696 0.08018927 4.6361483e-19 0.91766053 0.00066749746 0.0024844192 0.0020586287 0.11727546 0.0014425983 0.5652859 0.97791356 0.0039792103 0.0008901111 0.0007633201 0.00747904 2.925844e-05 6.149259e-06 0.11645741 5.2048046e-05 4.6067244e-06 0.00016053653 1.2723117e-05 0.019590894 0.05609732 0.0054383213 0.05629128 0.008882189 2.5061427e-06 0.6450355 1.9966694e-06 0.0027128146 6.892143e-07 1.7596556e-05 4.5007934e-07 3.434182e-06 2.7516928e-06 0.009434023 3.805816e-08 0.0009271302 2.1447422e-08 0.0042099124 9.896194e-08 1.3387565e-06 2.1667688e-06 8.3272784e-07 6.075787e-06 0.0014358044 3.0423178e-07 0.005783437 3.412284e-07 4.9188467e-09 0.026415028 6.566235e-08 2.7461194e-08 1.01369636e-07 1.2503402e-07 0.00013642658 6.382337e-08 0.014552279 2.3083386e-07 5.2290417e-08 3.1270028e-07 4.0285542e-08 1.2258775e-08 1.610894e-06 2.103852e-07 0.0006568616 1.5886757e-10 3.3435862e-07 1.9616209e-07 1.5644023e-08 1.869183e-08 4.943614e-08 1.7903926e-07 3.8924437e-08 5.6230203e-07 3.5965797e-08 1.1798849e-07 0.001803942 1.5393953e-06 5.8597087e-09 5.1047554e-08 5.3148455e-07 4.285812e-09 8.191567e-08 1.6775417e-09 7.8021534e-05 2.4939533e-09 8.0217056e-08 6.022778e-09 5.9998695e-09 2.1081426e-08 3.6549474e-07 4.6589825e-08 0.00037866106 6.5968024e-08
0.7768378 0.8663787 0.73158634 0.04962005 0.2646355 0.1227863 0.79194176 0.91766053 8.774766e-20 0.02974226 0.002167262 0.07465395 0.89385575 0.0014886745 0.17562361 0.8005205 0.0019386447 0.0019619188 0.088229895 0.00093789434 0.017060691 0.0007169152 0.002479193 0.0134554105 0.0038029284 0.00050388137 0.0015171358 0.0005219551 0.6057559 0.46781904 0.0145820165 0.0023430514 6.502967e-05 0.43676618 6.3615435e-06 1.9506519e-05 4.928593e-06 2.4017627e-05 7.759197e-07 2.17341e-06 0.00052786426 0.004381901 1.3559913e-06 0.0015966876 8.688712e-07 1.7083403e-06 0.00017262406 0.00043130797 1.2583333e-05 0.0010025916 8.951301e-06 0.0724989 2.2903782e-06 0.0012467242 1.7759133e-06 4.904404e-06 0.12525155 3.2177041e-07 3.0328955e-08 8.8161305e-06 2.7031234e-07 0.0040693325 6.9787404e-07 0.011260073 7.082349e-07 3.4628563e-08 8.649574e-05 1.8581342e-05 2.3260206e-06 8.576805e-05 1.0622307e-06 5.921905e-05 6.6953683e-09 8.285978e-08 6.749107e-08 2.7881214e-07 3.5784518e-07 1.5798827e-06 2.0949864e-07 4.353289e-08 9.786139e-07 8.266242e-09 7.712524e-06 0.00033550197 3.094353e-07 5.846157e-09 1.8448666e-09 0.00013692684 3.0701216e-08 1.7337787e-06 1.288169e-07 5.4400793e-05 1.75322e-07 3.4380338e-07 1.6904054e-09 1.1573811e-08 4.0411933e-07 3.4518803e-06 3.6119116e-07 0.0004342563 3.2586977e-06
0.91989017 0.00586347 0.305756 0.8904173 0.7107962 0.047805633 0.16593784 0.00066749746 0.02974226 7.8189196e-20 0.00022534035 0.9489118 0.022391846 0.11243658 3.224407e-05 0.00013878592 0.028101347 0.11184325 0.16801076 0.0019071513 0.2758529 0.8018534 0.0002828205 0.13832664 0.72101444 0.20733513 0.37621072 3.7405487e-05 0.002024523 0.0051963194 9.3525796e-07 7.569675e-07 0.13252741 1.1824427e-06 0.13462882 2.985851e-05 0.09353999 0.03285839 0.04606387 0.012644034 0.055046543 0.020114783 0.02909695 0.0150123285 0.023455013 3.7347385e-05 0.017821249 0.026465774 0.01293003 0.0071618957 0.008723028 0.0016617615 0.015060323 0.0046761036 0.0045776567 0.012655012 0.00011952918 0.0027947195 0.0031006942 0.0094468305 0.0013984676 1.18217595e-05 0.011880253 0.010542536 0.0043767453 0.0022630345 0.00036307942 0.000384506 0.0026617371 8.931506e-05 0.0013023032 0.00012081677 0.0010653017 0.0026172777 0.001228388 0.001707228 0.006925602 0.0019429767 0.0019282838 0.00072405115 0.0025587475 0.00025016227 7.61676e-05 7.394102e-06 0.000284698 0.0006226895 3.4622044e-05 1.5055467e-05 0.00031519387 0.016394071 0.000112672155 0.0021998216 2.3687677e-05 5.898756e-05 0.00030845084 1.2678532e-05 9.4642695e-05 0.00010038084 1.8793115e-05 0.0020785336 7.113122e-05
0.89310616 0.5190661 0.051069982 0.016340937 0.000100038145 0.82711464 0.00018418492 0.0024844192 0.002167262 0.00022534035 3.4508173e-19 4.560338e-06 0.000114910086 0.12896737 0.005658063 0.0005663165 0.28321823 0.032671105 3.7122252e-05 0.859622 2.8697838e-07 8.726338e-07 0.23230854 1.5380142e-06 3.4134573e-08 0.031136526 1.45847805e-08 0.91944236 9.535474e-06 6.256189e-06 0.0028685785 0.96041477 0.0010407332 0.00052887254 0.00043242678 0.09125908 1.4446412e-07 0.0032825246 9.176877e-06 0.00041758118 3.2563133e-07 0.06772026 1.37952725e-08 0.01750132 7.1588726e-09 0.1991018 2.0832238e-07 1.0068596e-07 9.193442e-06 3.733068e-07 0.0023322548 1.6584028e-05 3.1014022e-07 0.096146636 8.568295e-05 1.6972707e-07 2.2770551e-05 3.4824705e-05 2.5468944e-07 2.5751536e-08 1.662108e-05 3.889253e-06 1.001153e-07 0.017069373 4.7075198e-07 6.4555115e-07 8.877564e-07 5.94379e-07 8.3966165e-07 1.2867956e-06 2.2810173e-05 0.008745143 4.6684118e-08 7.401521e-07 3.0469944e-06 3.2903474e-06 3.7152142e-07 2.5620363e-06 7.9163925e-07 1.4451925e-07 4.8772204e-06 2.2454678e-08 1.9040699e-05 0.031022636 1.9741725e-07 2.6225166e-07 7.662732e-09 3.217195e-05 5.1528355e-06 2.3411872e-08 6.7600067e-06 0.00055323 4.38855e-06 2.1078897e-06 3.5098742e-09 3.5254737e-07 4.2349686e-05 2.2112772e-06 2.2041759e-06 9.102922e-05 2.9915157e-06
0.9428378 0.004116523 0.26917374 0.58912253 0.6992597 0.015037777 0.35090545 0.0020586287 0.07465395 0.9489118 4.560338e-06 1.7966708e-19 0.06868653 0.0095600365 1.9450457e-05 0.00015107541 0.0039033252 0.037216537 0.6546464 0.0001490635 0.72032005 0.56507546 5.782778e-05 0.5545364 0.9059839 0.12479751 0.38101807 1.3280317e-06 0.006605402 0.03455279 1.9520196e-07 3.4714648e-07 0.10938066 2.2164206e-06 0.01651575 2.091508e-06 0.060489327 0.0069232443 0.0058588637 0.0021987718 0.21104062 0.011143311 0.033033285 0.0045258403 0.05395853 1.1277858e-06 0.13644826 0.05739456 0.0053715855 0.067626014 0.002420344 0.02467322 0.03214516 0.0019029191 0.00068357115 0.09841383 0.00092152075 0.00033828607 0.00018960418 0.0013619168 0.00034578127 0.00028515884 0.00099979 0.0105655305 0.003855731 0.0002420511 0.0055212392 0.010371876 0.010839427 0.0011498836 0.00032693843 1.0254676e-05 0.0028676912 0.0002796666 6.419205e-05 0.005103709 0.00012249462 0.0081333 0.0020025515 9.982509e-06 0.0050194925 3.4379502e-06 0.0010692626 1.109338e-06 0.00040820485 0.00016294663 2.3156524e-07 0.00033305335 0.0055045835 0.00095769094 0.002053128 0.00018076065 0.00084237516 0.00031314514 4.721559e-06 3.8641642e-06 0.0011669697 6.555164e-05 4.632199e-05 0.00020398907 0.00036361674
0.379401 0.08127363 0.25384837 0.020733582 0.32515484 0.013760179 0.966323 0.11727546 0.89385575 0.022391846 0.000114910086 0.06868653 7.569055e-20 0.00016861173 0.00096469885 0.022356227 0.00028269915 0.0017012592 0.43502393 0.00013040566 0.23474836 0.00439083 5.3234693e-05 0.1418974 0.010845248 0.00044459658 0.012827132 9.035219e-05 0.61113334 0.7983732 0.00018564862 6.310533e-06 0.000126002 0.002546681 1.6544393e-05 3.5369019e-06 0.00012136669 5.9292797e-05 3.6031404e-06 1.6950517e-05 0.003849206 0.0007945559 4.2011907e-05 0.0011946657 0.00022406658 2.1490337e-06 0.008256061 0.0028777372 2.5004003e-05 0.01726299 2.7591312e-05 0.5321773 0.00038990536 0.0010199376 1.5625355e-06 0.0007293542 0.17852059 7.959414e-07 4.4607066e-07 4.2444844e-06 2.714121e-06 0.042320438 2.3008738e-06 0.0038667468 3.4601069e-06 1.1303382e-07 0.028748957 0.001349671 0.00022725028 0.013039964 6.661146e-06 4.9278056e-05 1.0863107e-06 1.5754246e-06 1.00636e-06 6.585937e-05 2.1158693e-08 9.400367e-05 2.2556328e-06 1.8647647e-07 1.275018e-05 9.285095e-08 0.00036856488 0.0006271808 5.696591e-06 6.593757e-08 8.542071e-09 0.0054599578 6.261e-06 5.3871736e-06 3.0928837e-05 0.00015462945 2.5964342e-05 1.8011124e-06 5.7581804e-08 3.6877175e-08 1.0524805e-05 3.7470343e-06 1.737981e-07 0.0017644962 1.6444999e-06
0.97188646 0.22053875 0.5209249 0.5945723 0.018963331 0.87916845 0.009910995 0.0014425983 0.0014886745 0.11243658 0.12896737 0.0095600365 0.00016861173 7.458984e-21 0.00054255227 1.4495205e-06 0.9348873 0.87416846 0.0032335129 0.3669084 0.002178754 0.048269156 0.001732697 0.0011423549 0.005255326 0.7332747 0.0044861143 0.01760418 8.6751504e-07 1.8005078e-06 3.8705392e-07 0.0002583244 0.11147478 8.763784e-07 0.19635741 0.033663426 0.008929445 0.23790647 0.06338141 0.08534247 0.00023078006 0.29403767 0.0007163422 0.285433 8.829611e-06 0.053158328 1.3047694e-06 6.665687e-05 0.013835012 3.1949511e-07 0.026505714 0.00016528458 9.970507e-05 0.22287497 0.006700052 4.4647075e-07 1.888268e-06 0.0049217497 0.0016154478 0.0010775201 0.002483204 4.218844e-07 0.0001707101 0.011918713 3.349468e-05 0.0013632051 3.583539e-06 7.892252e-08 4.818361e-07 6.432067e-07 0.0016418166 0.018258758 3.323692e-08 0.0021045918 0.0016789079 4.3225928e-08 0.001311226 6.2227326e-07 3.7553552e-06 0.0007790091 9.947996e-07 0.0006435436 2.5576603e-07 0.0031891186 2.800079e-08 4.0877336e-07 0.00020256342 1.9218406e-07 5.2119122e-09 0.00040904188 1.3093609e-07 0.001285289 1.8604358e-07 9.8463374e-08 2.6494556e-05 1.2813242e-08 8.051256e-07 3.0554997e-08 2.240172e-08 0.0009138656 2.0123649e-07
0.043564007 0.35156205 0.0046731564 0.0002204632 0.00027020503 0.0049038827 0.00021394351 0.5652859 0.17562361 3.224407e-05 0.005658063 1.9450457e-05 0.00096469885 0.00054255227 1.6286174e-16 0.49547672 0.00050557934 0.00013652093 0.00017666379 0.006543928 2.6861949e-06 1.406461e-06 0.5773401 1.7178068e-05 1.5019157e-07 2.0411223e-06 6.326293e-07 0.010461581 0.0016018532 4.25869e-05 0.99493754 0.0031841954 1.3635022e-06 0.813212 4.115724e-06 0.004109079 9.649333e-07 3.5581328e-05 1.4375325e-06 1.4691472e-05 2.6232785e-06 0.003254592 2.6227468e-07 0.001389563 3.784666e-07 0.0033199624 7.942785e-07 5.935712e-07 2.1927847e-06 9.372268e-07 1.0947071e-05 1.8083505e-05 5.350414e-07 0.0064348257 3.0132466e-07 8.016276e-08 0.0017889745 1.461195e-07 1.7763696e-07 2.21077e-07 7.640418e-07 9.19367e-06 3.0627846e-06 0.0047762203 1.6671426e-06 1.3279064e-06 1.558035e-07 1.6690093e-07 2.3883754e-07 8.0317153e-07 6.448331e-07 0.00043216787 6.8479635e-09 1.1327176e-05 3.1695572e-06 1.3258108e-06 1.7865378e-07 2.1617843e-06 1.0744455e-06 6.413979e-07 2.8035126e-06 1.0347161e-06 8.7274117e-07 0.00095648156 6.3990983e-06 1.2635427e-07 6.783941e-08 3.6049258e-07 9.153631e-07 4.904177e-07 7.4849424e-08 2.7330132e-05 1.2346966e-07 6.6978187e-06 3.811206e-08 3.4188463e-06 1.1121546e-06 3.6093859e-06 3.4923867e-06 0.00017348422 1.4443948e-05
0.03775033 0.21917234 0.038985632 0.00050418684 0.0014905533 0.0015325728 0.0074282684 0.97791356 0.8005205 0.00013878592 0.0005663165 0.00015107541 0.022356227 1.4495205e-06 0.49547672 1.4863162e-16 3.442775e-05 1.2731444e-05 0.00040027508 0.00013903817 3.5512276e-05 2.1172762e-06 0.0139358295 1.7759787e-05 5.2467943e-08 4.802699e-07 9.947522e-07 0.00091226073 0.022005208 0.0037821068 0.108171746 0.00104671 1.3538083e-07 0.97886723 3.8041125e-07 8.14481e-05 2.7602889e-07 4.7495864e-06 9.2065314e-08 8.32136e-06 4.0051387e-07 0.00051735534 5.9057605e-08 0.00077684456 1.9504238e-08 1.3476304e-05 1.1663236e-07 2.1451318e-07 1.2629125e-07 1.5892617e-07 9.310508e-06 0.0009293822 5.34836e-08 0.0017274865 1.9809761e-08 8.285878e-09 0.03571574 2.9654993e-08 2.6832682e-08 3.1629533e-08 1.5384089e-06 9.404213e-05 3.829452e-08 0.003583768 9.514463e-08 4.1564896e-08 1.1523327e-06 2.9982875e-08 1.5306483e-08 3.0331562e-06 1.6688684e-06 8.523189e-06 6.8609685e-10 1.2872498e-06 4.847314e-07 1.1843645e-08 3.680213e-08 5.606188e-08 3.9879815e-08 2.3826956e-08 8.491636e-08 4.6520384e-08 1.7336704e-07 0.00030862176 4.4965114e-07 3.028404e-08 6.853752e-09 6.1222026e-06 2.9441843e-08 8.320551e-08 1.938674e-08 3.4672103e-05 1.0704052e-07 8.604898e-07 6.8655406e-09 2.4294446e-08 5.032335e-07 7.203731e-07 2.4187605e-07 1.930999e-05 1.749031e-06
0.9875758 0.13660555 0.1686625 0.10306029 0.0033451093 0.8194287 0.001884483 0.0039792103 0.0019386447 0.028101347 0.28321823 0.0039033252 0.00028269915 0.9348873 0.00050557934 3.442775e-05 4.1840036e-19 0.7039375 0.0018331137 0.6258604 0.0010499947 0.0055502937 0.0016215859 0.00064787513 0.0012252642 0.65103865 0.0018030306 0.025420563 4.295922e-06 1.7535764e-05 5.041974e-06 0.0009469954 0.037333693 6.142654e-06 0.061201274 0.0713286 0.0012441356 0.13036183 0.022082109 0.046744835 0.00013726245 0.37884685 0.00012277917 0.3633809 9.4769e-06 0.08842133 2.0491188e-06 8.006143e-05 0.0021786918 7.5188797e-07 0.016882991 0.0002472492 4.036398e-05 0.43298244 0.0015751596 7.8223206e-07 7.1013096e-06 0.0014699697 0.0004020725 0.00028801025 0.0009209572 2.4149933e-06 3.583773e-05 0.018208034 1.0382148e-05 0.00046213027 3.845496e-06 4.5337018e-07 1.2799734e-06 1.2097045e-06 0.000531928 0.051643815 5.4962106e-07 0.001305502 0.00060486695 1.0839688e-06 0.00024324078 1.5952529e-06 5.782692e-06 0.00043077502 1.4047907e-06 6.4331594e-05 6.515801e-06 0.015781706 1.5619462e-07 1.5290158e-06 2.2606107e-05 9.288049e-07 5.206003e-08 3.2589043e-05 2.4552907e-07 0.0011401204 7.3514605e-07 6.564241e-07 9.783639e-07 8.008054e-08 4.7426454e-07 7.677746e-08 8.1725126e-08 0.001296495 3.7464892e-07
0.9835879 0.13324896 0.5807557 0.5320773 0.057744246 0.66896665 0.033069953 0.0008901111 0.0019619188 0.11184325 0.032671105 0.037216537 0.0017012592 0.87416846 0.00013652093 1.2731444e-05 0.7039375 2.2507284e-20 0.008500522 0.12544712 0.007148316 0.24449122 0.0012181377 0.0060429624 0.01552237 0.82809144 0.03232099 0.003957897 1.3279981e-05 8.360305e-06 2.6404777e-07 9.8347904e-05 0.20814916 9.711257e-06 0.31155923 0.00998418 0.08952831 0.22965053 0.15697403 0.1365312 0.0006745585 0.25957334 0.0069234613 0.2117261 0.00087371684 0.022761282 6.559504e-05 0.0005222162 0.046895605 1.387324e-05 0.025265802 6.1966406e-05 0.00079246424 0.097179696 0.00940204 1.8202356e-05 5.6094806e-05 0.009862358 0.0055728834 0.009302101 0.0028909903 3.402972e-06 0.0031325053 0.017138055 0.00042275173 0.0027609696 1.8297733e-05 1.4953007e-06 4.806174e-06 1.3545845e-05 0.0016959637 0.009955006 4.95227e-07 0.004629433 0.0034013274 1.3430712e-06 0.0036597846 6.869422e-06 6.472026e-05 0.0027733133 2.5694955e-05 0.0018360531 1.550248e-05 0.0017348648 2.1673279e-07 4.4120757e-06 0.0021028272 1.4524298e-05 9.660992e-07 0.001610477 1.9504537e-06 0.0028131998 1.4342155e-05 4.4202166e-06 0.0005520886 2.6957878e-06 2.6420095e-05 4.068566e-06 5.5859614e-06 0.0045662485 2.063939e-05
0.70516855 0.03894557 0.102557674 0.22305612 0.7264909 0.008622849 0.58987105 0.0007633201 0.088229895 0.16801076 3.7122252e-05 0.6546464 0.43502393 0.0032335129 0.00017666379 0.00040027508 0.0018331137 0.008500522 1.3336702e-20 0.00014790235 0.92594343 0.0531968 0.00010327395 0.8987699 0.2927551 0.009578156 0.08939216 2.355059e-05 0.035032935 0.14434318 2.5681497e-06 1.6731943e-07 0.010546221 2.0334606e-05 0.00410024 3.019257e-06 0.009160663 0.0021292507 0.0005761112 0.00026041106 0.051502325 0.0044342517 0.0069729504 0.0015564744 0.013109591 1.6374051e-05 0.26108342 0.017203605 0.0012182109 0.14625755 0.0010201016 0.051985748 0.0041472567 0.0008822039 5.9735958e-05 0.079684205 0.0030647395 1.6602478e-05 1.192918e-05 0.00042244993 2.1770267e-05 0.003769633 0.0006622233 0.0027317184 0.00020780697 4.549027e-06 0.016319647 0.0067669027 0.006577903 0.0047281994 1.1607511e-05 3.8518185e-05 0.0005923033 1.4815646e-06 1.3594336e-05 0.0033241317 1.4475132e-06 0.0017575903 0.0001927087 1.9072731e-06 0.0005871001 1.0092702e-06 0.0009706516 2.07589e-05 7.533918e-05 2.9727826e-06 2.506793e-08 0.0022326596 0.0005154711 0.000118346594 0.0012236275 0.00010586447 0.0005322725 1.9554593e-05 2.07529e-07 1.2099518e-07 0.0003780563 1.2566376e-05 1.6290917e-06 0.00074864534 1.9753723e-05
0.9970741 0.5057381 0.2362318 0.06687106 0.00078811625 0.757836 0.00053566764 0.00747904 0.00093789434 0.0019071513 0.859622 0.0001490635 0.00013040566 0.3669084 0.006543928 0.00013903817 0.6258604 0.12544712 0.00014790235 1.0598949e-16 4.2632632e-06 0.00031998468 0.07834703 7.630773e-06 1.4772254e-05 0.13866778 1.1099057e-05 0.33658692 1.6193524e-05 9.186843e-06 0.00016866607 0.30263853 0.003038382 0.0002121009 0.00739419 0.5729011 3.0130255e-05 0.034814734 0.0032970838 0.0058531333 2.5374673e-06 0.5569415 4.58724e-07 0.23143463 2.716471e-07 0.47145534 4.9040455e-07 3.0972552e-07 0.0014696915 6.9847863e-07 0.00456036 0.00021253279 4.1551326e-07 0.617426 0.00031979158 7.305296e-08 0.00030092878 0.00020092286 3.629747e-05 0.0002073651 0.00040826827 5.8202086e-06 2.355644e-06 0.08118378 9.751901e-07 3.6957183e-05 8.133062e-06 3.7314774e-07 5.1487973e-08 6.8980053e-06 0.00025479187 0.28096536 2.5386072e-08 0.00034507908 0.00018577898 3.2863534e-07 2.1881398e-05 1.2752965e-07 7.4115786e-07 0.00017021557 5.290601e-07 1.2517731e-05 3.3129723e-05 0.19112481 2.6540262e-08 1.451039e-08 4.2140045e-06 3.475633e-05 6.378456e-08 1.0122546e-06 4.026369e-06 0.00681563 1.5129168e-06 4.9741004e-07 1.2941354e-06 1.16871846e-07 6.896936e-07 1.7071113e-07 2.2202465e-07 0.0017362278 9.1499487e-07
0.87107915 0.0048769955 0.121943615 0.08063392 0.61614835 0.002818189 0.37084514 2.925844e-05 0.017060691 0.2758529 2.8697838e-07 0.72032005 0.23474836 0.002178754 2.6861949e-06 3.5512276e-05 0.0010499947 0.007148316 0.92594343 4.2632632e-06 1.3808632e-21 0.10851003 4.417031e-06 0.9529807 0.46336448 0.018693754 0.25235793 6.131773e-06 0.01084546 0.040523045 1.7160251e-07 6.4277192e-09 0.027313616 2.1408534e-06 0.006739621 1.9033145e-07 0.010905949 0.0015449739 0.0030541976 0.00026972743 0.11215301 0.0035970362 0.0041200365 0.0008414257 0.016302256 1.7618545e-06 0.34663323 0.04205558 0.0028468808 0.24772057 0.00046403796 0.031189589 0.0032445374 0.00030165978 0.00014319188 0.20679772 0.0028794627 1.9063993e-05 3.122453e-05 0.0010090278 6.5565678e-06 0.0011108954 0.0011804292 0.005634371 0.00025174711 3.0269275e-05 0.016805477 0.027841374 0.016712759 0.0022808826 7.3371834e-06 2.176206e-06 0.0010063678 9.2430855e-06 6.9506477e-06 0.0032403287 1.3156249e-06 0.0037877304 0.00016588038 1.399206e-06 0.00059131556 5.9311685e-07 0.0025290747 7.842845e-06 0.00012919948 1.6870742e-06 2.0252168e-08 0.00084086246 0.0022154716 0.0003683874 0.0009347267 0.00042307767 0.0006189185 3.204215e-05 1.0555341e-07 7.340059e-08 0.00089655956 2.3886785e-05 5.197114e-06 0.0017678683 5.030387e-05
0.98431814 0.0013171624 0.0982825 0.33112556 0.2695664 0.008371153 0.03903299 6.149259e-06 0.0007169152 0.8018534 8.726338e-07 0.56507546 0.00439083 0.048269156 1.406461e-06 2.1172762e-06 0.0055502937 0.24449122 0.0531968 0.00031998468 0.10851003 9.882539e-19 4.6619854e-05 0.07152743 0.8146264 0.35345283 0.9016448 3.6099573e-06 0.0002797949 0.00029003754 1.536552e-07 3.9806275e-07 0.34683862 7.7879616e-07 0.47155064 9.483998e-06 0.84433156 0.035170764 0.2053357 0.02111782 0.24980114 0.032339625 0.26661885 0.024563331 0.102844745 8.098404e-06 0.0133204255 0.10529946 0.11577803 0.0044250526 0.013548974 0.00010436911 0.09551457 0.0032622395 0.018549826 0.014161371 1.8354744e-05 0.022416823 0.01131589 0.07733559 0.0027844463 1.3972199e-05 0.053034943 0.018580426 0.015987895 0.005385602 3.122542e-05 8.337712e-05 0.0031300897 1.8700131e-05 0.002038818 0.00010626878 0.002319839 0.0028590716 0.0017120695 0.0016289605 0.006341134 0.0024268862 0.006044351 0.00034570936 0.00613533 0.00022882584 4.3368284e-05 2.3443881e-05 0.0006407847 0.0013806771 3.712788e-05 4.3920565e-05 0.00027416425 0.027652625 4.490859e-05 0.0055392818 1.19708675e-05 0.00023398348 8.498389e-05 4.4904777e-05 9.255113e-05 0.00019610403 0.00011788521 0.007212366 0.00040654032
0.48696548 0.66817784 0.0039704028 0.0006501516 0.00014542103 0.034493953 1.6759283e-05 0.11645741 0.002479193 0.0002828205 0.23230854 5.782778e-05 5.3234693e-05 0.001732697 0.5773401 0.0139358295 0.0016215859 0.0012181377 0.00010327395 0.07834703 4.417031e-06 4.6619854e-05 7.731381e-16 2.1222968e-05 2.2350102e-06 0.00012406982 1.312949e-06 0.046078093 0.00023678971 2.7573002e-05 0.8454639 0.95015997 1.0342431e-05 0.12937935 1.4697637e-05 0.06507349 1.3082475e-05 9.871315e-05 6.4738374e-06 0.0002946095 1.9144469e-05 0.0068339673 1.3539483e-06 0.00112444 4.3073533e-07 0.01820248 3.6134273e-07 2.5521306e-06 8.733903e-06 2.6767597e-07 4.61295e-06 2.9400167e-05 2.0065017e-06 0.012899866 7.022885e-07 2.0309246e-06 0.00010849059 5.5517353e-07 8.908486e-07 4.357642e-08 2.2813576e-06 1.14433005e-05 2.671622e-06 0.0053196354 6.110137e-07 6.785028e-06 4.4810275e-07 2.092344e-06 5.320249e-06 1.723679e-06 1.3693714e-06 0.0069922986 2.415248e-07 1.581513e-05 7.2473117e-06 3.6359903e-05 1.0161525e-06 3.073053e-05 5.256413e-07 2.4716503e-06 3.2928742e-06 2.1720413e-07 2.9673312e-05 0.027226694 1.1798817e-05 1.1863181e-06 2.4291294e-08 3.7776147e-06 6.6237144e-06 2.6878656e-06 3.5968746e-06 5.479542e-05 3.976562e-06 0.00010372552 4.8668124e-08 5.8291967e-06 1.0849539e-05 6.385206e-06 2.5085808e-05 6.230411e-05 0.00013014588
0.7519792 0.0031455245 0.049414992 0.055863936 0.45509297 0.002279091 0.33340174 5.2048046e-05 0.0134554105 0.13832664 1.5380142e-06 0.5545364 0.1418974 0.0011423549 1.7178068e-05 1.7759787e-05 0.00064787513 0.0060429624 0.8987699 7.630773e-06 0.9529807 0.07152743 2.1222968e-05 1.9722325e-20 0.47247273 0.006492566 0.16124593 1.6385193e-05 0.007750653 0.028647589 8.9611626e-07 1.1375787e-08 0.021413106 1.5462649e-06 0.005017279 1.8012583e-06 0.017290615 0.002553353 0.002280601 0.00045784356 0.19187492 0.0019123959 0.014380265 0.0010948769 0.022436129 3.1948825e-06 0.5153736 0.054614183 0.003366974 0.3406124 0.0013260159 0.019920805 0.014288611 0.0003879046 0.00015618562 0.30154988 0.00080930424 4.4323042e-05 8.168894e-05 0.0016313874 7.3826835e-05 0.0011331008 0.0027858743 0.0033109228 0.0010181402 0.00013476322 0.018300798 0.031264868 0.028582687 0.002693813 3.5403726e-05 2.1950632e-06 0.0046038353 1.5001764e-05 4.2116244e-05 0.0074526 9.43225e-06 0.0078115654 0.0005929238 8.2611e-06 0.0011297655 6.108456e-06 0.0029230064 4.991819e-06 0.0003464153 3.5190744e-05 1.42974e-07 0.0015601807 0.004697009 0.0008895324 0.0026493443 0.0004235716 0.0015482386 0.000100258665 1.0933721e-06 8.6122054e-07 0.0017173704 3.354797e-05 1.0028023e-05 0.002241729 6.478182e-05
0.79333484 0.0003898518 0.018490465 0.27997094 0.17812689 0.0033545592 0.020384867 4.6067244e-06 0.0038029284 0.72101444 3.4134573e-08 0.9059839 0.010845248 0.005255326 1.5019157e-07 5.2467943e-08 0.0012252642 0.01552237 0.2927551 1.4772254e-05 0.46336448 0.8146264 2.2350102e-06 0.47247273 4.5117135e-20 0.016088806 0.88949955 5.7925246e-07 0.00012753507 0.001274612 1.1689397e-08 3.5461323e-08 0.056552414 4.5820454e-09 0.036207948 4.7352427e-07 0.5216251 0.0065980805 0.018112063 0.002709766 0.7730375 0.0039837933 0.6493966 0.0034367738 0.80009073 4.619943e-07 0.050823156 0.54886997 0.016061235 0.003385677 0.0026740388 0.00029404723 0.3831221 0.00084777153 0.0055821384 0.11082795 4.0464687e-07 0.0025785787 0.001697377 0.01884072 0.0009866051 8.971038e-07 0.055216976 0.0020440982 0.024365531 0.001641966 3.4943507e-05 0.00014787653 0.011260793 7.767968e-06 0.0010486912 4.850914e-06 0.02028602 0.000524701 0.00045582425 0.00778431 0.0012873431 0.006751049 0.01316741 0.00026139963 0.00856417 0.00018594772 2.8378545e-05 9.706552e-06 0.0008513811 0.0071860123 2.8233633e-05 2.8651593e-07 0.0008886277 0.03158687 0.00013646705 0.00023174033 3.6718506e-05 0.0002930808 0.00026353952 5.1252115e-05 0.00016236771 0.000108289954 3.3473447e-05 0.00013321961 0.00025650533
0.997262 0.15580316 0.53367114 0.4372159 0.06351716 0.23740247 0.036708746 0.00016053653 0.00050388137 0.20733513 0.031136526 0.12479751 0.00044459658 0.7332747 2.0411223e-06 4.802699e-07 0.65103865 0.82809144 0.009578156 0.13866778 0.018693754 0.35345283 0.00012406982 0.006492566 0.016088806 7.7468644e-20 0.045405332 0.0005349705 9.545956e-06 6.9021444e-06 1.8717765e-08 0.000110992856 0.5351296 3.2110413e-06 0.42116287 0.028590163 0.102206305 0.52482855 0.34868228 0.29050308 0.0026523375 0.5619655 0.004389928 0.5858159 0.0004976919 0.027489327 8.403804e-05 0.0033597075 0.13800424 1.21516605e-05 0.062435348 0.00012847308 0.0014645574 0.21254991 0.019364625 4.7511408e-06 8.8128065e-05 0.016036494 0.015251486 0.021992175 0.0025143053 1.1369776e-05 0.0029693767 0.05705959 0.0012438087 0.008517433 5.298284e-06 2.7029237e-06 2.153644e-06 2.6538187e-06 0.0013870692 0.022282962 2.698392e-07 0.0026572773 0.0017318388 5.4564197e-07 0.007823721 4.2515253e-06 3.2420503e-05 0.0021521728 9.358241e-06 0.000772876 1.2269612e-05 0.0030501795 2.414764e-07 1.6900291e-06 0.0007288519 7.160959e-06 1.8703143e-07 0.00028003595 3.988511e-06 0.0065277996 6.7825436e-06 5.212698e-07 0.00019304734 1.454052e-06 2.6146965e-06 8.438166e-07 5.362045e-07 0.003342472 5.6105233e-07
0.962128 0.00033322047 0.06530091 0.11136674 0.2233981 0.0019075696 0.08545216 1.2723117e-05 0.0015171358 0.37621072 1.45847805e-08 0.38101807 0.012827132 0.0044861143 6.326293e-07 9.947522e-07 0.0018030306 0.03232099 0.08939216 1.1099057e-05 0.25235793 0.9016448 1.312949e-06 0.16124593 0.88949955 0.045405332 1.1163799e-17 3.4060694e-08 0.0003696769 0.000978628 3.6250093e-08 2.0540277e-08 0.1416416 1.9445281e-07 0.03282169 7.538211e-08 0.8790571 0.008189756 0.025743794 0.0035169593 0.7049246 0.012771198 0.6358129 0.005456535 0.34379354 7.3855595e-08 0.10921679 0.40950283 0.04449495 0.042840622 0.0044350675 0.0005810357 0.4579273 0.0007743062 0.00301752 0.1829795 3.1027394e-05 0.0011792125 0.0005655603 0.033062916 0.00028033924 1.8691911e-05 0.08676487 0.015973516 0.18117303 0.0003483821 0.00030351063 0.003373983 0.040320884 1.9699506e-05 0.00064048136 3.3128188e-06 0.04959947 0.00014450582 7.91958e-05 0.015147599 0.00024803163 0.029508013 0.04990165 0.00010124304 0.04855678 8.007773e-06 0.00023348797 1.1398142e-07 0.008415942 0.009858403 6.5412723e-06 1.9661968e-05 0.022135722 0.008466191 0.0012073165 0.002289669 0.00034657159 0.0021851338 1.7517126e-05 0.000671357 0.0026319718 0.0017940949 0.0012401966 0.0008275231 0.0034884724
0.573959 0.2144487 0.0119301025 0.0030506926 2.577761e-06 0.13117586 3.1375028e-05 0.019590894 0.0005219551 3.7405487e-05 0.91944236 1.3280317e-06 9.035219e-05 0.01760418 0.010461581 0.00091226073 0.025420563 0.003957897 2.355059e-05 0.33658692 6.131773e-06 3.6099573e-06 0.046078093 1.6385193e-05 5.7925246e-07 0.0005349705 3.4060694e-08 7.140512e-18 0.00014318027 6.4966815e-05 0.0072822487 0.8880633 5.6939818e-05 0.0008777787 8.586446e-05 0.9198013 4.3912192e-07 0.0030975686 1.9561194e-05 0.0006751341 1.1889281e-05 0.024379233 4.8758993e-06 0.00795053 1.1988324e-07 0.41665033 3.0960252e-06 3.7492648e-06 6.29525e-07 1.0067598e-05 0.00029738713 0.0005634863 3.6380172e-06 0.052982565 2.5651818e-05 6.9000716e-06 0.0009226521 1.3892834e-05 3.4980699e-06 3.5483783e-08 5.412358e-05 1.8591714e-05 1.4968352e-07 0.006692743 8.5010885e-07 5.3890977e-05 1.9047901e-06 5.7599522e-05 1.543376e-06 1.2921431e-05 7.2189854e-05 0.037872214 6.9393917e-07 3.0344394e-05 2.0806843e-05 1.6720513e-06 1.7997405e-06 7.37516e-07 2.7209474e-06 2.4801955e-06 2.144227e-06 2.0556004e-07 0.00013751388 0.15993984 5.4251683e-07 1.6080843e-05 1.658942e-07 3.2196701e-06 6.9258285e-06 1.973618e-06 1.0362423e-05 0.0008573862 8.097276e-06 8.565202e-06 3.3910762e-08 5.692711e-05 3.950566e-05 1.1199653e-05 2.1081953e-06 0.00010305043 1.8005732e-06
0.049855806 0.037256543 0.035092957 0.002891608 0.053329397 0.0002699727 0.33522788 0.05609732 0.6057559 0.002024523 9.535474e-06 0.006605402 0.61113334 8.6751504e-07 0.0016018532 0.022005208 4.295922e-06 1.3279981e-05 0.035032935 1.6193524e-05 0.01084546 0.0002797949 0.00023678971 0.007750653 0.00012753507 9.545956e-06 0.0003696769 0.00014318027 8.5415845e-16 0.98464876 0.00064174604 8.926993e-05 9.225368e-06 0.011609864 1.0589405e-06 2.4749456e-06 1.873351e-05 1.4919005e-06 9.574667e-08 7.2139954e-07 0.0014830511 0.0005350753 5.1786546e-06 0.0005587305 6.247067e-06 4.0932364e-06 0.0022094194 0.0006478739 6.686503e-06 0.013607958 2.062429e-06 0.73278075 1.2165019e-05 0.00048083678 3.8516603e-07 0.00021655006 0.93223155 5.973088e-07 2.6558786e-07 4.456219e-06 2.5828092e-07 0.28380808 2.7819606e-06 0.004926331 7.8510647e-07 6.05068e-08 0.028822921 0.0017103544 4.1797182e-05 0.043267626 2.8613422e-07 5.763889e-06 7.161827e-08 5.7889483e-08 1.588132e-08 5.4828843e-06 1.3435086e-07 1.1013554e-05 7.0144586e-07 2.0751267e-08 2.4276196e-06 5.384995e-08 0.0010798774 4.0378607e-05 1.04852215e-05 5.275202e-08 1.744029e-08 0.040786155 1.0134127e-06 4.4990765e-07 7.90545e-06 0.0002535397 1.0690628e-05 7.2655155e-07 1.2195848e-07 5.3497065e-08 1.3345505e-05 2.0889984e-06 2.9733e-07 0.00042029496 2.2055697e-06
0.043371227 0.014552072 0.049966414 0.0029129253 0.12563853 0.00042925947 0.5488057 0.0054383213 0.46781904 0.0051963194 6.256189e-06 0.03455279 0.7983732 1.8005078e-06 4.25869e-05 0.0037821068 1.7535764e-05 8.360305e-06 0.14434318 9.186843e-06 0.040523045 0.00029003754 2.7573002e-05 0.028647589 0.001274612 6.9021444e-06 0.000978628 6.4966815e-05 0.98464876 1.8251393e-18 2.5278892e-05 2.6377194e-07 2.3093406e-05 0.0011784469 3.5389228e-06 1.0289849e-06 3.963069e-06 0.00017670305 2.8440327e-06 3.3890574e-05 0.001900664 0.000570998 1.0660567e-06 0.002447374 1.4111238e-05 1.997214e-06 0.005018416 0.0007532291 8.009594e-05 0.034285173 3.078632e-05 0.85810626 1.8009245e-05 0.00039389523 9.737892e-06 0.00030076495 0.6694928 1.3290415e-06 3.935066e-07 2.1772832e-06 5.544569e-06 0.26758027 8.143579e-06 0.0043495116 1.4037636e-06 2.1728845e-07 0.027142372 0.0018077153 2.7357255e-05 0.037705526 1.7666631e-06 1.1649596e-05 7.242872e-09 4.7140184e-06 2.2406336e-06 4.1131225e-06 7.053429e-08 5.6814697e-06 6.813932e-07 4.0494356e-06 4.037335e-06 1.0791396e-06 0.00065412384 7.291206e-05 5.026416e-07 4.0008707e-09 4.1739835e-08 0.015626475 9.1111565e-07 5.691253e-06 3.4344998e-06 0.00013160681 9.628269e-06 2.4492826e-07 1.137369e-07 1.527408e-08 5.161708e-06 1.0552286e-06 1.2385755e-07 0.002051173 1.0409366e-06
0.0010479899 0.038101565 0.00023681002 3.093039e-06 7.0780175e-06 8.425325e-05 8.329284e-06 0.05629128 0.0145820165 9.3525796e-07 0.0028685785 1.9520196e-07 0.00018564862 3.8705392e-07 0.99493754 0.108171746 5.041974e-06 2.6404777e-07 2.5681497e-06 0.00016866607 1.7160251e-07 1.536552e-07 0.8454639 8.9611626e-07 1.1689397e-08 1.8717765e-08 3.6250093e-08 0.0072822487 0.00064174604 2.5278892e-05 3.1664715e-16 0.0070416313 1.4972741e-08 0.781193 6.3775914e-08 0.0012643172 1.7909834e-07 7.8325104e-07 3.268171e-08 1.0521613e-05 1.982731e-07 4.4618515e-05 1.8985277e-08 4.776448e-05 1.19099454e-07 0.0005814917 1.4682506e-07 3.1542342e-07 2.3853104e-08 1.3762022e-07 7.465684e-07 1.6967771e-05 3.3530765e-07 0.00023797482 4.8235997e-08 9.6742845e-09 0.00091758405 3.862094e-08 5.141584e-08 4.0186445e-09 2.529879e-07 1.8084066e-06 7.054909e-08 5.6956815e-05 8.634182e-08 2.7346987e-08 5.098148e-08 1.8940609e-08 7.676472e-08 1.8173476e-07 2.598562e-07 1.7759856e-05 2.1015658e-09 2.3393561e-07 7.759009e-08 1.0368428e-06 4.5216072e-07 2.9528184e-07 1.3164313e-07 8.11708e-09 4.7181223e-07 1.6626815e-07 1.1694951e-06 0.0001366444 5.446303e-07 9.1716885e-08 1.0058879e-08 1.847091e-06 4.1054352e-07 4.4187832e-08 5.3854986e-08 1.3419989e-05 2.5632278e-07 1.894052e-06 1.0680573e-08 1.182043e-07 3.1853083e-06 6.316972e-07 8.065903e-07 8.4772455e-07 6.1803366e-06
