6.5566544e-25 0.9190064 0.9508884 0.7938099 0.28016016 0.45290866 0.9757693 0.61828536 0.88585275 0.9469713 0.94231546 0.8764639 0.8822796 0.022892911 0.12240922 0.9572181 0.08504508 0.07793089 0.9532431 0.0038475106 0.9727051 0.9707347 0.041378137 0.9734686 0.97281617 0.9924508 0.18899414 0.080174744 0.91665 0.8936824 0.6618061 0.9828944 0.08239108 0.93418044 0.9218129 0.9717419 0.93103325 0.6122518 0.019394385 0.12996762 0.99811447 0.92398155 0.07365121 0.9232287 0.0009352946 0.9963121 0.99572915 0.98994905 0.9826178 0.9588962 0.75220066 0.9939652 0.8336166 0.9927111 0.5486785 0.99995214 0.8462612 0.98136127 0.9512799 0.16912566 0.13603981 0.15450358 0.99953765 0.404494 0.96084887 0.9880663 0.04314678 0.8805889 0.984804 0.6291589 0.9962752 0.9999977 0.027559912 0.08252892 0.99779105 0.033343583 0.8844016 0.9903961 0.0008938801 0.9914094 0.99352604 0.0003820069 8.665171e-05 0.008537923 0.9180537 0.68326294 0.23145673 0.0065151462 0.64380896 0.49721947 0.9394086 0.0020983347 0.8312118 0.9993299 0.0037145203 0.9275274 0.39882308 0.0012963392 0.014554931 0.0042471713 0.014165943
0.9190064 2.6005966e-17 0.99095994 0.7024972 0.3904246 0.22709514 0.60069376 0.009998397 0.18371549 0.116500504 0.41448855 0.2531481 0.01788091 0.060779046 0.04100104 0.061784316 0.025815401 0.023787845 0.0013356833 0.010455422 0.08393534 0.33070952 0.014053376 0.12241081 0.07497155 0.29134166 0.0015033495 0.0013039068 0.0001963269 0.000377895 0.009262699 0.0006508688 0.0012780561 0.00016418846 0.00012613257 0.004795648 0.003915959 0.000992924 0.0024763457 0.00024707057 0.04073605 0.0084361 0.0010866476 4.3682235e-06 0.0021918158 0.0034838663 0.0047361804 0.01325067 0.00016268685 1.3150538e-05 1.1165207e-05 0.015330129 2.3716962e-06 0.00092003716 7.9279824e-05 0.031177664 1.3241512e-05 5.22871e-07 2.2909629e-07 5.3483884e-05 2.5831455e-06 5.4238026e-05 0.001760077 3.2514785e-07 7.1247264e-06 8.871149e-05 2.9015316e-06 1.0077804e-06 4.0987885e-07 6.34221e-07 8.657856e-06 0.3188468 0.00047955333 4.7069048e-07 0.00031646856 1.7308372e-07 6.918164e-08 3.7036813e-07 2.2674692e-06 7.58658e-05 0.00044021633 1.2760908e-05 5.0968797e-06 4.1845757e-07 1.1330941e-08 3.7251926e-08 5.0925017e-08 8.667211e-09 5.6771716e-09 3.860326e-06 6.993541e-10 0.0018719296 1.0452479e-08 4.8654787e-05 1.332341e-06 1.4723583e-08 7.1215975e-09 4.965768e-07 1.0065178e-07 4.260215e-06 5.6971308e-09
0.9508884 0.99095994 1.1431768e-17 0.67176485 0.33808672 0.07028995 0.7018299 0.0024247621 0.4149931 0.052844588 0.47570184 0.17519271 0.0059197457 0.027382907 0.08191515 0.0630913 0.057836372 0.048457988 0.0004104868 0.004057763 0.25618398 0.44416147 0.004685873 0.23817153 0.18495975 0.46632528 0.0107452 0.00087337906 9.499409e-05 0.00014291861 0.045138277 0.00047391083 0.000759861 3.0856834e-05 3.2580218e-05 0.003201051 0.0035246976 0.00041669144 0.00878742 2.4441537e-05 0.04037917 0.04415743 0.00046687905 8.8456784e-07 0.00449256 0.015542354 0.003357707 0.03791306 7.1981965e-05 4.3685527e-06 2.2589093e-06 0.06528152 8.159449e-07 0.0006674344 3.6543937e-05 0.104137965 3.9676597e-06 2.2948417e-07 1.8350245e-07 2.9417162e-05 7.860114e-07 9.617074e-06 0.0012877808 2.528468e-07 3.6601332e-06 4.652538e-05 8.756006e-07 2.2126812e-07 4.1879935e-07 4.1061048e-07 5.2981327e-06 0.40494883 6.34647e-05 2.3622233e-05 0.00034806327 1.4240901e-07 1.3755776e-07 2.6251692e-07 3.874007e-05 0.0003012168 0.0005057715 1.7123151e-06 1.7931394e-06 3.768024e-07 5.5725393e-09 1.680395e-07 8.885369e-08 3.0987798e-07 4.961266e-09 6.534542e-05 7.0059436e-10 0.0002415581 3.4014584e-09 9.371286e-05 1.1038019e-06 4.6704134e-09 3.56105e-08 5.3797185e-06 4.20223e-08 4.6077307e-06 2.1561405e-08
0.7938099 0.7024972 0.67176485 1.416306e-17 0.98850715 0.026954511 0.41346875 0.0003472788 0.46345794 0.0027210114 0.10636173 0.017795589 0.0011001201 0.044344787 0.47448587 0.0037566843 0.47512242 0.43754077 3.264665e-05 0.0040965406 0.12578441 0.18806201 0.0014011596 0.06887666 0.06438068 0.32488573 0.15933341 0.00017459893 8.05126e-06 6.393517e-06 0.23752628 1.6854492e-05 0.00016028716 2.9486691e-06 2.878046e-06 0.00010077776 0.00054605096 1.5471524e-05 0.049720425 4.2106503e-06 0.0018454265 0.06526705 8.675879e-05 1.14604894e-07 0.03629674 0.007216587 0.00013553501 0.010499222 2.1290018e-06 4.1611997e-07 7.2099374e-07 0.050189454 2.8873432e-08 1.0923397e-05 4.1258477e-06 0.072193205 7.049418e-07 2.4599723e-08 1.0230426e-08 6.314085e-06 1.02853704e-07 9.8766595e-06 0.00044461986 6.3467695e-08 1.0618434e-05 1.2026928e-05 1.8752609e-06 1.0572126e-05 2.6742246e-08 3.5154013e-09 3.2073287e-06 0.11442576 0.0026469578 1.5049124e-05 0.00013934441 1.6559333e-06 5.9283184e-07 4.7018394e-09 0.0002467969 6.3898326e-05 0.0003020775 6.7561787e-06 1.0493194e-05 5.058322e-07 4.9488307e-08 1.9031059e-07 1.2980814e-07 4.107472e-07 9.656352e-08 2.3423052e-05 1.7004858e-08 0.0009613224 5.4158654e-08 8.2345265e-05 5.3864437e-06 8.9020915e-09 4.4864432e-08 2.6352027e-05 1.6486485e-08 7.748043e-06 2.8576903e-09
0.28016016 0.3904246 0.33808672 0.98850715 1.8224e-16 0.12355458 0.05572995 0.0037350466 0.028696459 0.0020281319 0.017196404 0.011032332 0.0012422262 0.66082644 0.59730285 0.00090076716 0.5477372 0.5119127 0.00014116535 0.22807148 0.01098106 0.025186451 0.015283154 0.00445799 0.0035970206 0.033865917 0.038488172 0.00023320824 4.5980432e-06 2.3274906e-05 0.0073994426 1.9017507e-05 0.0002633591 3.3176912e-06 2.3094628e-06 2.7470664e-05 3.1804742e-05 3.326713e-05 0.042091854 9.46667e-07 0.00040485073 0.0042074453 0.00025852205 7.123055e-08 0.24700952 0.00050343224 6.505162e-05 0.0017428502 3.9115075e-06 7.986186e-07 8.3735664e-08 0.0023876354 4.2760814e-08 2.7891915e-06 3.205152e-06 0.0042379163 1.426056e-06 4.1633513e-07 2.2558865e-08 4.3611353e-06 9.058609e-09 3.1351312e-05 3.797838e-05 5.624031e-08 5.4747466e-07 3.7406326e-06 2.5509019e-06 2.4612922e-07 1.6455533e-07 1.2588224e-08 3.2529982e-07 0.01629359 0.019716872 2.4855623e-07 1.4523025e-05 8.940894e-06 1.1219484e-07 5.0179313e-08 3.808601e-06 2.5316203e-06 4.3632754e-05 6.644863e-05 4.2294636e-05 8.9187296e-07 6.5685896e-08 9.803592e-08 3.5986258e-07 6.616686e-08 1.01896855e-08 7.6947777e-07 8.2569407e-10 0.00089736574 3.97517e-08 1.1656459e-06 2.9652251e-06 4.9628563e-09 1.6274852e-07 3.204426e-07 3.0641665e-08 7.0473375e-06 2.557454e-08
0.45290866 0.22709514 0.07028995 0.026954511 0.12355458 2.1445511e-18 0.14314406 0.9955653 0.010118899 0.6262997 0.14912301 0.30911085 0.6247458 0.118220456 9.4292154e-05 0.17431055 5.3007883e-05 3.1979478e-05 0.16857484 0.03972725 0.007715306 0.07485324 0.24601628 0.024884157 0.0039391518 0.0040227138 5.943864e-07 0.050922647 0.01224025 0.13094486 3.1317515e-05 0.027282331 0.02495881 0.04953823 0.003547719 0.016356638 0.006010027 0.038893394 2.2614443e-06 0.016205275 0.031936783 0.00051253854 0.008751292 8.605383e-05 4.008274e-06 0.00022375035 0.0037567061 0.005512474 0.00037053795 8.012016e-05 0.00013419805 0.00067507464 9.766788e-06 0.0009979098 0.0007727724 0.0012432802 7.449377e-05 5.1527763e-06 3.678329e-06 0.00021420994 4.1995295e-06 0.00023542855 0.0004794697 4.651121e-06 2.593655e-05 0.00010580068 1.18277585e-05 9.001313e-06 2.472946e-07 2.6032723e-07 1.3000986e-05 0.060429193 0.0003363067 3.7709164e-08 9.150219e-05 5.88049e-07 1.3503712e-06 2.5875377e-07 7.670735e-08 3.144437e-07 0.00016030445 3.4774628e-05 1.3783196e-05 8.4093426e-07 3.0971992e-07 1.8807377e-06 3.306306e-07 4.111073e-09 1.4176157e-07 2.4009484e-08 1.1592834e-08 0.00040958938 7.307358e-08 8.067669e-06 2.874377e-07 9.318196e-09 5.26508e-08 5.647087e-08 7.915664e-08 1.0101504e-06 2.7950792e-08
0.9757693 0.60069376 0.7018299 0.41346875 0.05572995 0.14314406 7.505467e-17 0.004266939 0.6486288 0.35389516 0.91216606 0.498445 0.031754598 0.009895195 0.030724706 0.415954 0.0164725 0.012705979 0.0027774635 0.0013435857 0.2605251 0.8459366 0.0014708271 0.43282422 0.33040962 0.6696066 0.00035304314 0.00027265534 0.00041363746 0.0007029591 0.022468466 0.0030968909 0.00024193617 0.00037208115 0.00029403967 0.0073022987 0.0079319 0.0005669831 0.0008544354 3.802836e-05 0.06541334 0.034340594 4.709707e-05 4.43066e-05 0.0006198494 0.01362914 0.007832344 0.04908551 0.00045025646 6.4595086e-05 0.00010369881 0.06475887 7.0970855e-06 0.0023576492 9.344895e-05 0.0821512 4.8752554e-05 4.502414e-06 4.5937654e-06 2.6914193e-05 5.7535397e-07 2.1431506e-05 0.0028085422 4.7574952e-07 3.698137e-05 0.0007565518 1.619361e-06 7.849295e-06 6.6500893e-06 3.4501293e-06 0.00014487481 0.4527195 0.0005416063 5.4732245e-06 0.0009882761 2.0172308e-06 2.40691e-07 2.4955298e-06 1.1177214e-05 0.00030671986 0.0016195734 3.2365642e-05 2.21197e-05 5.291881e-06 7.979133e-08 3.3981254e-07 1.3244856e-07 1.1105304e-07 2.2767725e-09 1.8778495e-05 4.0514206e-10 0.00095645053 4.014418e-08 0.00063625356 4.5516745e-06 2.182572e-08 2.9658498e-08 1.3435067e-06 1.3132927e-07 1.7037886e-05 3.730589e-08
0.61828536 0.009998397 0.0024247621 0.0003472788 0.0037350466 0.9955653 0.004266939 9.893039e-16 0.00016552575 0.28720084 0.0067210007 0.165469 0.3568454 0.3248393 8.8852e-06 0.010689977 9.202925e-06 7.146476e-06 0.28629395 0.07605636 2.9330236e-05 0.001569436 0.4859578 0.0006689303 0.00021798596 0.00033752332 2.644351e-07 0.36915344 0.01736376 0.45275992 2.8183017e-06 0.021071972 0.24861635 0.16049269 0.006576667 0.0047869617 0.001394699 0.384394 7.416171e-06 0.23724595 0.020111406 1.5649342e-05 0.26795685 0.000159595 2.6871403e-06 6.185449e-06 0.0011807705 0.000427904 0.00032868946 0.0001294338 0.00029058295 4.3116875e-06 0.00035301552 0.0005024222 0.026026191 0.0004603697 0.00063106354 2.6178415e-05 1.5489726e-05 0.0036348342 0.00017085114 0.056485415 0.00044133386 7.449064e-05 2.6507341e-05 0.00011461438 0.0003791986 1.8183844e-05 1.7608661e-05 1.6979866e-05 4.0012263e-05 0.050261162 0.015929036 8.297724e-09 3.5531684e-05 2.7909731e-05 8.182137e-06 6.064088e-06 3.7118372e-08 3.4561918e-08 4.938956e-05 0.0014783213 0.000554518 2.5553494e-05 6.930484e-07 2.9361065e-06 1.0469868e-06 2.2842965e-10 3.3991267e-07 5.5591634e-09 3.6506245e-09 0.0020062646 3.5403875e-08 5.7313054e-07 8.1989026e-07 7.2887993e-09 3.2340658e-08 1.0760837e-07 1.3864562e-07 3.3387412e-06 4.8839386e-09
0.88585275 0.18371549 0.4149931 0.46345794 0.028696459 0.010118899 0.6486288 0.00016552575 1.5685801e-18 0.002889196 0.6061827 0.04573301 0.02415976 0.0015266387 0.120618075 0.19605379 0.10070673 0.105088 0.00043068876 0.00013597975 0.9761711 0.25544626 1.331135e-05 0.33391228 0.8268045 0.3801215 0.041206494 4.14573e-06 0.0004304514 2.6931579e-05 0.40863946 0.00055054284 3.973632e-06 8.839641e-05 0.0002437693 0.009408744 0.021793043 1.4064309e-05 0.031065615 9.213085e-06 0.013622687 0.5468343 6.656433e-08 5.0056748e-05 0.005146162 0.21342945 0.0034356501 0.32459173 0.0004531167 0.00028276278 2.4933783e-05 0.7273594 7.728148e-06 0.000995343 1.0240506e-05 0.25580728 8.485516e-06 3.2795956e-06 1.366175e-07 6.470344e-06 3.6752974e-07 1.2401221e-06 0.013389194 2.8846737e-06 0.00047357287 0.0025269384 1.2268764e-06 3.140757e-05 1.7742774e-05 2.2427061e-07 0.00044229958 0.042110816 0.0002684328 0.00022923561 0.013340353 8.718824e-06 1.3888641e-06 2.1996104e-06 0.00030385965 0.0041108737 0.007164905 5.2705213e-06 1.0453606e-06 1.1710442e-06 3.9719893e-07 1.19085826e-07 5.529087e-06 1.7074713e-05 5.8703478e-09 0.0005745485 1.1268869e-08 8.218203e-06 1.6802333e-07 0.0035786794 2.3332568e-06 8.779859e-08 1.3955537e-07 0.00017854437 1.375443e-06 1.0580461e-06 6.088707e-07
0.9469713 0.116500504 0.052844588 0.0027210114 0.0020281319 0.6262997 0.35389516 0.28720084 0.002889196 1.1416956e-16 0.8542719 0.98524016 0.35003132 0.037473354 0.00014884559 0.8821506 0.00012928847 0.00015992759 0.07935546 0.01596013 0.00082343305 0.13059676 0.085089795 0.04508236 0.011586057 0.019978361 2.042539e-05 0.030292777 0.0017862538 0.0066 8.697674e-05 0.004692874 0.023357444 0.002203067 0.0007817739 0.012733618 0.010260673 0.014135624 3.838778e-05 0.0027602958 0.07530162 0.00026088362 0.030866558 0.00015591686 4.72049e-05 0.00010633853 0.013419913 0.015023413 0.0004108234 0.00022234641 0.0001740709 0.00034904922 0.00012666271 0.0025195726 0.000689689 0.00575309 0.00014455062 2.4888119e-05 2.720272e-05 0.00024311413 7.1196904e-05 0.00018583391 0.0038653733 4.8347033e-06 1.0760787e-05 0.00077676424 2.8190694e-05 2.9411929e-06 7.5361136e-06 1.4507147e-05 0.00020613123 0.3559551 0.00037492343 8.868028e-09 0.00075322046 1.2078509e-06 2.4758779e-06 1.9247086e-06 5.808544e-09 1.3685419e-05 0.0005888336 8.240375e-06 1.3092629e-06 8.0758326e-07 7.880579e-08 1.4877561e-06 1.413222e-07 1.0828011e-08 6.493772e-08 3.4792504e-07 1.68351e-09 0.00097516924 4.5417615e-08 0.0003123303 8.210777e-08 2.477388e-09 2.8050982e-08 1.9419907e-07 1.719694e-08 1.6076412e-07 3.393211e-08
0.94231546 0.41448855 0.47570184 0.10636173 0.017196404 0.14912301 0.91216606 0.0067210007 0.6061827 0.8542719 1.4822268e-18 0.62907195 0.20675033 0.0053803115 0.0042620036 0.77207047 0.0024067394 0.0019790712 0.027099747 0.0011367971 0.25379342 0.87397695 0.0012209947 0.67315346 0.4527597 0.29507166 0.0001353729 0.0004024112 0.0020462358 0.0006124638 0.0056914464 0.011099281 0.00024350418 0.0007924377 0.0011323759 0.080921404 0.11415667 0.00020941127 0.00014213719 7.700123e-05 0.14254193 0.01475047 2.5985162e-06 0.00023632497 0.00012324973 0.007388157 0.020652449 0.17428453 0.001316817 0.00030170035 0.0003821009 0.05100424 7.2100925e-06 0.0049633654 1.3878929e-05 0.045427762 2.022346e-05 3.5052813e-05 2.5330704e-05 6.9995467e-06 1.1434311e-07 1.7003986e-06 0.009730452 2.2094085e-07 0.0005373328 0.00205603 1.8161936e-07 5.0907613e-05 1.8669642e-05 3.0893108e-07 0.00038677742 0.30226243 8.4836196e-05 4.919766e-07 0.005393944 2.1260355e-06 2.26621e-07 1.9103705e-05 4.5002525e-07 0.00013584558 0.0029227568 6.7552213e-07 2.0660089e-07 3.531022e-07 2.2483073e-06 1.8613923e-07 4.0189937e-07 8.436119e-08 8.514873e-09 1.2303346e-05 5.983687e-09 4.1346568e-05 3.4014488e-07 0.00092045445 4.310468e-07 4.4650328e-08 5.30076e-08 1.4691407e-06 1.612813e-07 7.305724e-07 7.210251e-08
0.8764639 0.2531481 0.17519271 0.017795589 0.011032332 0.30911085 0.498445 0.165469 0.04573301 0.98524016 0.62907195 3.2534036e-17 0.36771262 0.019612804 0.00079763104 0.9185694 0.0005457708 0.00042683975 0.34542972 0.004565262 0.0214087 0.33294758 0.04230779 0.17706178 0.06713842 0.051497117 8.493581e-06 0.012886827 0.029158201 0.035101935 0.0001737735 0.14421807 0.008589953 0.026903482 0.013149916 0.15481831 0.09246637 0.020367088 2.3953507e-05 0.0061090076 0.26192206 0.00045239157 0.0045210733 0.0011884284 2.3872664e-05 0.00028228643 0.06475672 0.027509002 0.0029905573 0.0010478016 0.0017630918 0.0012112752 0.0004238771 0.013481761 0.003845225 0.010983265 0.0013551007 0.000104124934 0.00014902826 0.0003297488 2.5820162e-05 0.00072728127 0.031892877 2.1803347e-05 0.00040601086 0.004612649 1.7785855e-05 0.0001342472 2.8459606e-05 4.293082e-05 0.001062699 0.32396975 0.00089706323 1.6972326e-08 0.0029251827 4.3381624e-06 2.3726361e-05 3.7666552e-05 3.174031e-08 1.6447017e-05 0.0036588577 0.00012519326 2.856094e-05 9.294292e-06 2.9954865e-06 5.126265e-06 4.337209e-07 6.1833494e-10 8.288127e-08 5.00429e-07 1.1679096e-07 0.014490604 1.442273e-06 0.0008477999 6.346476e-07 3.3357892e-07 1.8639467e-07 4.456119e-07 1.8176888e-07 2.2245968e-06 7.088504e-09
0.8822796 0.01788091 0.0059197457 0.0011001201 0.0012422262 0.6247458 0.031754598 0.3568454 0.02415976 0.35003132 0.20675033 0.36771262 9.433119e-18 0.008577837 1.807847e-05 0.6965256 1.3983061e-05 1.3421321e-05 0.98241645 0.002969477 0.006452582 0.030426113 0.02540134 0.02035796 0.011036088 0.002550311 9.2174965e-08 0.024597662 0.47785717 0.30217257 4.3171717e-06 0.51715016 0.01818108 0.48145473 0.22307023 0.16855623 0.13164625 0.06379111 1.2815931e-06 0.0458924 0.33253735 0.0001251529 0.00856745 0.018549865 2.2667969e-06 6.854747e-05 0.05116007 0.008760531 0.0056544244 0.0034289039 0.017466174 9.264351e-05 0.0020047384 0.012004257 0.014582003 0.0037422334 0.0022499354 0.0002660471 0.00033305524 0.002695013 0.0002276103 0.005327103 0.0058134855 0.00016024637 0.0007568849 0.0011028618 0.00051251927 0.000810229 7.85108e-05 0.00012233444 0.00024730107 0.18195109 0.0022734653 3.105547e-08 0.0004908285 7.970717e-05 0.00023394778 1.852319e-05 2.5094717e-08 1.5786273e-07 0.00025460508 0.00078261277 0.00030637986 7.8716825e-05 2.0600457e-05 7.7077195e-05 1.365779e-05 7.284324e-09 4.857782e-07 9.114954e-09 8.300166e-08 0.0031732598 2.244999e-06 3.090758e-05 9.200643e-06 1.0237965e-07 3.5599296e-06 5.888046e-08 2.2851161e-06 6.8721645e-05 5.883143e-07
0.022892911 0.060779046 0.027382907 0.044344787 0.66082644 0.118220456 0.009895195 0.3248393 0.0015266387 0.037473354 0.0053803115 0.019612804 0.008577837 1.7430183e-15 0.00069477595 0.0015544369 0.00027231855 0.00021228728 0.004884326 0.9972381 0.00023503552 0.003355671 0.8642023 0.0013316348 0.0004669681 0.0006113049 1.6635619e-05 0.011435931 0.00021384272 0.0013368225 5.2207728e-05 0.00038083672 0.007985764 0.00032471173 0.00016361402 0.0001033857 6.2315696e-05 0.0071012937 0.00015643382 0.0010531232 0.0003089392 0.0002330955 0.053754527 7.818954e-06 0.00089698506 4.301832e-05 9.108976e-05 0.0010350908 2.9546974e-05 1.5300551e-05 3.288625e-06 0.00031341848 2.3800796e-06 1.9230121e-05 9.6751166e-05 0.00025974656 9.325598e-06 1.0962773e-05 9.028695e-06 2.6618882e-05 2.1617225e-06 0.00026143776 2.0950745e-05 9.097863e-07 1.3044864e-05 1.8723507e-05 7.2291577e-06 5.1430857e-06 2.377101e-06 2.432635e-06 1.01330115e-05 0.0060274424 0.0023996953 2.4699114e-06 2.4303403e-05 1.8781037e-07 7.915543e-06 4.01006e-06 3.226286e-07 1.612454e-06 1.5332278e-05 0.00016323404 6.230821e-05 5.7823246e-07 6.2902536e-06 3.716029e-05 7.27887e-06 1.6359778e-08 8.489965e-07 1.12013296e-07 3.393193e-07 0.00095825276 2.6493063e-07 4.8154345e-07 4.173936e-08 2.2922727e-08 5.8964583e-06 1.3079556e-07 1.2365172e-07 5.192376e-07 6.2638364e-08
0.12240922 0.04100104 0.08191515 0.47448587 0.59730285 9.4292154e-05 0.030724706 8.8852e-06 0.120618075 0.00014884559 0.0042620036 0.00079763104 1.807847e-05 0.00069477595 3.0743707e-15 0.00020597107 0.9825727 0.98288816 8.5196984e-07 5.7700905e-05 0.034973763 0.03048306 1.4751364e-05 0.0077006626 0.017237658 0.091428846 0.7862997 1.6209183e-06 2.304951e-07 1.5124682e-06 0.38971752 1.1022129e-05 3.495942e-06 2.5871628e-07 1.6573085e-07 6.748631e-06 7.6212314e-06 1.1482573e-06 0.32935894 1.6357383e-07 0.000153463 0.062008966 1.653727e-06 1.1044846e-07 0.31461543 0.008478735 2.4435387e-05 0.008025086 1.3778496e-06 8.949087e-07 3.3811702e-07 0.012646067 1.1332367e-08 2.3211167e-06 8.772071e-07 0.061820634 9.1206104e-08 1.6006652e-07 5.41725e-08 1.056696e-06 1.06916055e-07 1.0341784e-06 6.0222676e-05 4.750574e-08 1.078402e-06 1.0839765e-05 2.1774015e-06 1.089923e-06 8.762689e-09 1.628729e-07 1.421404e-06 0.032639783 0.00020825752 9.9927245e-05 4.4875025e-05 1.1352613e-07 6.1989397e-07 1.7618998e-08 0.0009138821 0.00016653897 2.3936427e-05 1.4140559e-06 1.6651484e-06 1.5346453e-07 5.1350054e-07 1.7816743e-06 1.8811969e-06 1.4121301e-06 3.059563e-07 2.1072134e-05 1.6322331e-06 2.2725015e-05 3.1571778e-07 0.00011327669 2.1552678e-07 2.0483744e-08 3.0300425e-06 0.00013527546 1.6841749e-07 2.1258253e-07 1.2415338e-06
0.9572181 0.061784316 0.0630913 0.0037566843 0.00090076716 0.17431055 0.415954 0.010689977 0.19605379 0.8821506 0.77207047 0.9185694 0.6965256 0.0015544369 0.00020597107 2.0784504e-19 9.197629e-05 6.557271e-05 0.2929007 0.0002824076 0.034120042 0.33996746 0.0011742602 0.26188338 0.064206764 0.02701378 2.9060427e-06 0.0011948161 0.15107258 0.009564264 7.348979e-05 0.6993026 0.0010468551 0.019356431 0.057040434 0.64061004 0.62160176 0.0025825852 3.91673e-06 0.0026485045 0.7841853 0.0019903046 1.4668804e-05 0.009789753 5.588458e-07 0.0007455376 0.31426075 0.07060678 0.020465316 0.021027079 0.0062306253 0.0015327036 0.0005972921 0.04756486 0.00088257843 0.013294225 0.00061047875 0.0009851364 0.001235345 0.00017658582 3.8592312e-05 0.000109613786 0.1717686 2.8167504e-05 0.007642798 0.014748586 1.0969602e-05 0.0047498024 0.0003881429 3.877807e-05 0.0020586934 0.4597357 0.00081142754 7.799709e-08 0.014701215 7.128057e-06 0.00037194777 0.00018054996 7.711597e-10 1.015535e-05 0.012230955 2.1193217e-05 1.937687e-06 1.6878918e-06 0.00013234525 7.104975e-06 1.1889032e-05 5.5302445e-07 4.004505e-07 1.0389055e-06 5.974074e-07 0.0012097611 1.7239021e-05 0.0031720675 1.3093708e-07 6.95663e-06 5.138675e-07 7.008316e-08 6.372959e-08 4.2658843e-07 5.380024e-07
0.08504508 0.025815401 0.057836372 0.47512242 0.5477372 5.3007883e-05 0.0164725 9.202925e-06 0.10070673 0.00012928847 0.0024067394 0.0005457708 1.3983061e-05 0.00027231855 0.9825727 9.197629e-05 7.532551e-15 0.98175645 3.4575603e-06 1.34747615e-05 0.022130713 0.012921426 1.46406155e-05 0.0048265914 0.012468884 0.050960578 0.78970706 4.462339e-06 8.630392e-07 9.972704e-07 0.38329107 1.6256734e-05 9.684713e-06 5.124913e-07 8.89744e-07 6.346007e-06 9.2762275e-06 5.3728277e-06 0.30660024 6.82085e-07 6.3691106e-05 0.04293539 2.5479428e-06 2.4618512e-07 0.2419797 0.0048919646 3.414264e-05 0.0049873865 1.041978e-05 4.0809814e-06 7.6998646e-07 0.008330008 4.530894e-08 5.4529264e-06 1.8551481e-06 0.032891706 4.3842894e-07 7.102166e-07 1.12294174e-07 5.971599e-06 1.5414953e-07 4.642311e-06 8.612986e-05 8.2416236e-08 1.8387148e-06 2.4268014e-05 6.960923e-06 6.55352e-07 1.9433017e-08 4.4566605e-08 2.5037446e-06 0.01939779 0.0007905017 7.619927e-05 8.42539e-05 8.180697e-07 2.7198137e-06 7.074663e-08 0.0011236848 8.582108e-05 2.6492127e-05 6.7441983e-06 7.7035775e-06 3.6814538e-07 8.824732e-07 6.0447796e-06 4.747377e-06 1.1819286e-06 4.6596156e-07 1.2440422e-05 3.4230059e-06 4.242188e-05 5.1798133e-07 0.00011548399 2.8852034e-07 4.5800462e-08 1.9702013e-06 0.0001615511 1.0227856e-07 5.518112e-07 1.5682009e-06
0.07793089 0.023787845 0.048457988 0.43754077 0.5119127 3.1979478e-05 0.012705979 7.146476e-06 0.105088 0.00015992759 0.0019790712 0.00042683975 1.3421321e-05 0.00021228728 0.98288816 6.557271e-05 0.98175645 8.69744e-15 6.2685876e-06 1.2090753e-05 0.02095927 0.010546356 1.00064235e-05 0.004255838 0.0109037645 0.043101616 0.80785596 5.6563954e-06 9.711243e-07 9.638151e-07 0.35372925 1.528235e-05 1.1267478e-05 5.411841e-07 1.0691182e-06 6.6481994e-06 8.451589e-06 4.988135e-06 0.42769575 6.7651047e-07 4.1807227e-05 0.040714778 3.0030465e-06 2.6234048e-07 0.35231403 0.0052138446 3.298911e-05 0.0057120854 1.2061431e-05 3.5175126e-06 7.0943474e-07 0.008654394 5.994542e-08 5.1793613e-06 1.6829845e-06 0.031520862 5.823571e-07 8.3062906e-07 1.0940787e-07 7.6138144e-06 1.6535054e-07 6.380214e-06 7.849134e-05 8.208913e-08 1.9523725e-06 2.012267e-05 6.2860086e-06 6.325497e-07 2.5425953e-08 4.8603376e-08 2.0706984e-06 0.018958779 0.0006330485 8.715526e-05 8.5721935e-05 8.9767894e-07 2.3323669e-06 9.3361514e-08 0.0016147963 7.7451e-05 2.3640485e-05 5.589532e-06 5.5480973e-06 2.848926e-07 8.032083e-07 9.1103175e-06 4.9993314e-06 1.657371e-06 3.7745338e-07 1.1565069e-05 2.9945184e-06 3.6758378e-05 3.8483594e-07 8.530375e-05 2.0394518e-07 4.3301846e-08 3.997414e-06 0.0002175519 7.7180786e-08 4.9416366e-07 2.249989e-06
0.9532431 0.0013356833 0.0004104868 3.264665e-05 0.00014116535 0.16857484 0.0027774635 0.28629395 0.00043068876 0.07935546 0.027099747 0.34542972 0.98241645 0.004884326 8.5196984e-07 0.2929007 3.4575603e-06 6.2685876e-06 5.203845e-17 0.00168145 8.105849e-05 0.010007417 0.01695979 0.002668017 0.0011163692 0.0017535671 1.9350315e-08 0.03972788 0.46120676 0.39587095 2.631393e-07 0.6944402 0.03886691 0.45103782 0.31304193 0.2857449 0.12119758 0.17217982 8.9034836e-07 0.063578784 0.4814735 8.283039e-06 0.03029012 0.021335118 3.875285e-07 2.1206684e-05 0.110338785 0.0038866038 0.029566221 0.0067048394 0.013592186 1.25262695e-05 0.010414004 0.047748517 0.041092552 0.003522747 0.01501908 0.0023920443 0.0014861623 0.008333608 0.0016686562 0.03361004 0.023200348 0.0010677407 0.000589586 0.0019110367 0.0027640718 0.00044825944 0.0005175335 0.0008988805 0.0004326718 0.39473206 0.014617004 5.1856452e-09 0.0010859126 0.0005151096 0.00023897892 0.00014321017 1.5819223e-08 1.3882933e-08 0.0015629061 0.0017098131 0.00066790683 0.0002569414 8.351715e-06 0.0001482185 4.916694e-05 5.1327115e-10 2.2220438e-06 1.3955163e-09 2.2548595e-07 0.01589602 3.9951537e-06 4.9269547e-05 6.5755885e-05 2.8335543e-07 9.525027e-07 4.3647127e-08 2.0778796e-06 5.3385684e-05 3.030431e-07
0.0038475106 0.010455422 0.004057763 0.0040965406 0.22807148 0.03972725 0.0013435857 0.07605636 0.00013597975 0.01596013 0.0011367971 0.004565262 0.002969477 0.9972381 5.7700905e-05 0.0002824076 1.34747615e-05 1.2090753e-05 0.00168145 3.0798365e-14 9.731643e-06 0.0005394775 0.97850275 0.00025596115 6.0160113e-05 0.00029529273 1.3592422e-06 0.019187342 6.1866966e-05 0.001192483 1.4385213e-06 7.650809e-05 0.014585577 8.201226e-05 4.016695e-05 2.2100765e-05 1.011925e-05 0.007912232 3.863584e-05 0.0007382997 0.00014067495 5.7102574e-05 0.15636824 2.5013674e-06 0.00029751906 1.1926256e-05 0.00012571513 0.00064421113 1.2779931e-05 8.233595e-06 1.5410859e-06 0.00017027224 3.8531466e-06 5.6793415e-06 0.00011121186 3.836681e-05 7.103992e-06 2.5668223e-06 6.330098e-06 2.6044916e-05 8.91073e-07 6.194224e-05 1.5243547e-05 7.110238e-07 3.978216e-06 1.9863593e-05 2.9946384e-06 3.412642e-07 1.4007479e-06 7.79149e-07 8.5192405e-06 0.0016679316 0.002942934 3.979092e-06 1.4222456e-05 2.2551842e-07 1.4205566e-05 1.5813614e-06 7.149666e-08 2.395834e-06 7.1066215e-06 0.00015134421 7.43202e-05 3.7180038e-07 1.4950355e-06 1.3845259e-05 1.1711743e-05 2.1986205e-08 2.3865914e-06 6.374774e-07 2.5001617e-07 0.0018879143 2.4235066e-08 6.3754506e-08 3.8980453e-08 6.807723e-09 2.2541835e-06 4.4012197e-08 1.4235433e-08 8.0222115e-08 2.3499324e-07
0.9727051 0.08393534 0.25618398 0.12578441 0.01098106 0.007715306 0.2605251 2.9330236e-05 0.9761711 0.00082343305 0.25379342 0.0214087 0.006452582 0.00023503552 0.034973763 0.034120042 0.022130713 0.02095927 8.105849e-05 9.731643e-06 4.476569e-20 0.12068669 3.4451577e-06 0.18337132 0.80964285 0.25946543 0.025829056 4.9404425e-06 0.00020899686 1.9790482e-06 0.47163537 0.00021526706 4.6357677e-06 1.7272343e-05 8.270879e-05 0.0037492616 0.0060948753 1.301118e-05 0.016492527 2.3118318e-06 0.006437127 0.564997 1.9642258e-08 3.0310755e-05 0.0038704786 0.30948967 0.0034371326 0.7148419 0.00024235068 0.0004965522 2.2604298e-05 0.6956882 1.0441032e-06 0.0010608996 1.3712173e-05 0.36016962 2.494214e-06 5.017403e-07 3.2162743e-07 9.82618e-06 4.464377e-08 1.5210761e-06 0.013801954 9.870835e-07 0.00036614228 0.0024356947 1.7161553e-06 9.867932e-06 1.8174835e-06 2.7454266e-07 0.0002697236 0.11798098 1.4962758e-05 5.4171654e-05 0.010282323 2.8646525e-06 2.452645e-06 2.2669492e-07 0.0009551134 0.0017624934 0.0030097158 3.2122892e-07 3.7566945e-08 2.0429401e-07 8.039612e-08 1.5876347e-07 9.898455e-07 4.282052e-06 1.8458318e-08 0.0003954173 4.924582e-09 3.037582e-06 4.1150052e-08 0.0051163947 1.6264231e-06 6.66621e-10 1.9783718e-07 4.616169e-05 3.7407128e-07 1.5088087e-06 4.0743956e-07
0.9707347 0.33070952 0.44416147 0.18806201 0.025186451 0.07485324 0.8459366 0.001569436 0.25544626 0.13059676 0.87397695 0.33294758 0.030426113 0.003355671 0.03048306 0.33996746 0.012921426 0.010546356 0.010007417 0.0005394775 0.12068669 1.9056733e-17 0.0008581109 0.8996276 0.4952775 0.8791177 0.00035432048 9.6150245e-05 0.0017742045 0.0005781537 0.028214453 0.012461798 7.9947895e-05 0.001120545 0.0013010816 0.020507075 0.018904002 0.00018795131 0.0004771372 5.8368372e-05 0.06445496 0.020295236 8.463783e-06 0.00025941437 0.00052820035 0.013192449 0.0134818 0.12816873 0.0011571402 0.0010392673 0.00044403094 0.044140574 3.6736892e-05 0.0034216535 0.00015322112 0.10303022 2.6474625e-05 0.00011159987 0.0001560872 2.3745759e-05 4.5060438e-06 1.12036805e-05 0.03456936 2.3728317e-06 0.0018137039 0.006465376 8.1398985e-06 0.00010293491 0.00014355093 6.2746167e-06 0.0015001206 0.22533987 0.0002672685 9.5358604e-07 0.008070914 1.0832211e-05 1.0609314e-05 7.0626e-05 1.6166323e-05 0.00017409064 0.0030502435 2.8930876e-06 1.6282809e-06 9.535348e-06 9.989404e-06 2.0642806e-06 1.9392388e-07 2.500133e-07 5.376433e-07 1.9014187e-05 2.8764254e-07 0.00010187025 4.4852286e-06 0.0044499934 1.1501342e-05 1.2955036e-06 4.0187177e-07 1.1139119e-05 1.4164712e-07 3.168474e-05 4.7850307e-08
0.041378137 0.014053376 0.004685873 0.0014011596 0.015283154 0.24601628 0.0014708271 0.4859578 1.331135e-05 0.085089795 0.0012209947 0.04230779 0.02540134 0.8642023 1.4751364e-05 0.0011742602 1.46406155e-05 1.00064235e-05 0.01695979 0.97850275 3.4451577e-06 0.0008581109 4.5973227e-16 0.00010851542 3.836491e-05 0.00012279463 4.2865545e-06 0.7255454 0.0008816464 0.0820321 3.695796e-05 0.0019965107 0.6176077 0.0051634344 0.0004114476 0.00042732895 0.00022378085 0.2817658 3.0110692e-05 0.059940748 0.0013936221 7.543696e-05 0.8518772 8.831876e-06 9.337674e-06 3.642183e-06 0.00024731146 0.00033750446 3.275743e-05 1.3926728e-05 8.480922e-06 1.42222e-05 1.220291e-05 2.9287723e-05 0.002338908 0.00014716818 6.6939836e-05 4.111389e-06 7.3410397e-06 0.0005648841 1.2343186e-05 0.0064394176 0.00016769796 4.531154e-06 1.6832757e-05 0.00020910252 0.0002373728 8.738726e-06 1.3714024e-06 1.7293332e-06 1.1454218e-05 0.0039390256 0.051074594 1.5054664e-05 1.2067783e-05 5.485285e-06 1.0217416e-05 5.384736e-07 1.0881854e-06 3.5908306e-07 2.7345059e-06 0.0025299552 0.00075782894 1.1599321e-05 4.0709855e-07 2.3432593e-05 3.22863e-06 2.6421063e-08 5.2707173e-06 2.2499265e-08 2.631521e-07 0.0092838 7.8212956e-08 1.187455e-07 3.1923926e-07 7.853655e-09 0.0001377357 2.2759834e-06 1.4135307e-07 1.0678328e-05 1.0337449e-07
0.9734686 0.12241081 0.23817153 0.06887666 0.00445799 0.024884157 0.43282422 0.0006689303 0.33391228 0.04508236 0.67315346 0.17706178 0.02035796 0.0013316348 0.0077006626 0.26188338 0.0048265914 0.004255838 0.002668017 0.00025596115 0.18337132 0.8996276 0.00010851542 4.7802147e-19 0.84486645 0.9309451 0.0008177219 1.3992693e-05 0.0013020019 0.00010281502 0.036647364 0.005513489 5.383691e-06 0.0006456894 0.0007659292 0.025096595 0.032267805 4.551103e-05 0.0012014421 2.1631855e-05 0.022028258 0.021728119 9.423866e-07 0.00022774254 0.00050108926 0.0190329 0.011394357 0.5632625 0.0010517405 0.0010570623 0.00033642023 0.062197883 1.8258042e-05 0.0038234717 3.416739e-05 0.10001717 8.3716905e-06 0.00013358794 0.0001544853 2.0946869e-05 2.231349e-06 8.483267e-06 0.03202827 1.7495212e-06 0.003404789 0.0040568206 4.910244e-06 0.0002989859 7.878119e-05 5.623183e-06 0.0012434036 0.18299556 0.00020808344 1.0587194e-06 0.012026349 2.9856576e-05 4.511599e-06 0.00017388008 7.662079e-06 2.1372418e-05 0.0015763799 5.863178e-06 1.4145198e-06 1.928923e-05 3.096647e-05 1.7209493e-06 4.7592084e-06 1.38713e-06 5.119125e-07 1.2973724e-05 1.2936806e-07 8.0392485e-05 4.7647623e-06 0.017841747 2.7831644e-05 1.4338194e-06 4.5861443e-06 9.606743e-06 1.4530469e-06 1.4938306e-05 1.2630758e-06
0.97281617 0.07497155 0.18495975 0.06438068 0.0035970206 0.0039391518 0.33040962 0.00021798596 0.8268045 0.011586057 0.4527597 0.06713842 0.011036088 0.0004669681 0.017237658 0.064206764 0.012468884 0.0109037645 0.0011163692 6.0160113e-05 0.80964285 0.4952775 3.836491e-05 0.84486645 1.0684146e-18 0.9089659 0.002685707 1.3554322e-05 0.000631788 1.5062794e-05 0.0907227 0.0018077929 1.2687253e-05 0.00013790683 0.0008035544 0.0050302316 0.0066406243 1.0815716e-05 0.0012005573 8.443564e-06 0.0019071441 0.103458084 1.2866471e-06 0.00018066604 0.00045890734 0.10209531 0.002418875 0.8835409 0.00044658 0.00070650625 0.00014033595 0.27458817 5.7591255e-06 0.0012893876 1.5197879e-05 0.27452347 2.5116591e-05 2.4706476e-05 2.3085788e-05 1.3846909e-05 6.495343e-07 2.654373e-06 0.0052883197 3.3658996e-06 0.0019169863 0.0016665251 4.156177e-06 9.126071e-05 4.0842e-05 1.6113688e-06 0.00057525636 0.102371186 0.0006898542 3.2485168e-06 0.0058429 0.000114455004 4.0016553e-06 6.598114e-05 0.00012736076 0.00016464286 0.00172563 1.7340673e-05 1.7693981e-06 8.828381e-06 4.5885768e-06 1.3163528e-06 2.876246e-06 1.4215921e-05 4.8465097e-07 0.00014347893 2.8505495e-08 2.816197e-05 1.3075336e-06 0.0217024 1.1479316e-05 7.7151206e-08 7.97981e-06 4.263985e-05 7.202529e-07 1.699801e-05 2.6877708e-06
0.9924508 0.29134166 0.46632528 0.32488573 0.033865917 0.0040227138 0.6696066 0.00033752332 0.3801215 0.019978361 0.29507166 0.051497117 0.002550311 0.0006113049 0.091428846 0.02701378 0.050960578 0.043101616 0.0017535671 0.00029529273 0.25946543 0.8791177 0.00012279463 0.9309451 0.9089659 4.5003066e-17 0.0021638758 1.7885359e-05 0.00025534868 0.00078262435 0.014570874 0.0023271702 1.79618e-05 0.0004573219 0.00018472901 0.0015398358 0.0011795504 0.00014464729 0.003741962 3.6212485e-05 0.0057671363 0.016676294 1.1289652e-06 7.735976e-05 0.00046209042 0.013772855 0.0024241519 0.2903206 0.0001337048 0.00023156227 0.00010321606 0.011683247 9.343902e-06 0.00062998506 8.89677e-05 0.20840923 1.1636482e-05 1.3902576e-05 0.0002159001 2.1491135e-06 1.3051178e-06 2.494935e-06 0.007559313 1.4017641e-07 0.00011023976 0.0010912091 1.0086343e-06 3.6868878e-06 1.3011702e-05 8.0494565e-06 0.0002613864 0.34566346 0.0005715014 1.424893e-07 0.0038551483 1.9760894e-06 1.1725507e-06 3.318525e-05 0.00029595353 4.5747456e-05 0.0010098481 9.227021e-06 3.6970384e-06 6.623645e-06 5.268704e-07 7.0045314e-07 2.7570095e-06 6.2503716e-07 5.1235594e-09 8.219262e-06 4.031288e-09 0.0002670876 2.1823233e-07 0.013715112 2.4186062e-05 1.8308597e-08 3.7403234e-07 5.6591043e-06 3.4703427e-07 1.48952295e-05 3.1763943e-07
0.18899414 0.0015033495 0.0107452 0.15933341 0.038488172 5.943864e-07 0.00035304314 2.644351e-07 0.041206494 2.042539e-05 0.0001353729 8.493581e-06 9.2174965e-08 1.6635619e-05 0.7862997 2.9060427e-06 0.78970706 0.80785596 1.9350315e-08 1.3592422e-06 0.025829056 0.00035432048 4.2865545e-06 0.0008177219 0.002685707 0.0021638758 6.2602485e-17 2.7164737e-07 5.604357e-09 1.9116088e-08 0.9816585 2.2416636e-08 1.7264728e-06 1.0488901e-09 4.2785837e-09 7.873127e-08 2.339829e-07 2.430929e-07 0.93273634 1.0835548e-09 9.722548e-07 0.074109405 2.9353376e-07 5.2688215e-10 0.5079423 0.014198775 1.1703101e-07 0.003915649 4.0136673e-08 2.9389161e-08 1.0648226e-09 0.029606817 6.805538e-10 3.822563e-08 1.3587097e-08 0.018132683 3.5768704e-08 2.2114182e-08 8.95994e-09 4.6555986e-08 3.29548e-09 6.3306385e-07 3.715629e-07 4.1268327e-09 3.336306e-08 1.8492244e-07 9.663109e-09 8.098677e-09 1.913107e-09 5.9197647e-09 1.213275e-07 0.0034132253 1.9674571e-05 0.025409503 8.194389e-06 3.8175283e-08 5.6526805e-08 1.3720058e-09 0.17613083 0.00022251272 2.4444719e-06 2.0631566e-08 3.1009478e-08 1.2616413e-09 6.8602914e-09 7.418979e-08 5.2589172e-08 0.0132053 1.6715187e-08 0.0011372205 8.838122e-09 9.570281e-07 2.037911e-08 9.034064e-05 3.123708e-08 1.0052951e-08 1.9314363e-08 0.011136693 1.4810305e-08 3.664139e-08 2.5797995e-08
0.080174744 0.0013039068 0.00087337906 0.00017459893 0.00023320824 0.050922647 0.00027265534 0.36915344 4.14573e-06 0.030292777 0.0004024112 0.012886827 0.024597662 0.011435931 1.6209183e-06 0.0011948161 4.462339e-06 5.6563954e-06 0.03972788 0.019187342 4.9404425e-06 9.6150245e-05 0.7255454 1.3992693e-05 1.3554322e-05 1.7885359e-05 2.7164737e-07 5.511079e-15 0.0059143878 0.2924886 1.0415533e-06 0.011086585 0.98093504 0.02226861 0.0037675323 0.0013425956 0.000545085 0.766944 8.6783075e-06 0.38213956 0.0019714872 2.542679e-05 0.9339646 0.00013618323 7.241761e-07 1.7394643e-06 0.0010118523 0.00060896866 0.00014952495 6.896541e-05 0.00010668246 4.495459e-06 0.00010424815 8.227171e-05 0.019592844 3.4886067e-05 0.0003584265 3.1330746e-05 0.000108884575 0.0028065532 3.6622856e-05 0.025126286 0.0001872366 2.6228245e-05 5.2078434e-05 5.73422e-05 0.0007964969 4.3125077e-05 3.823511e-06 4.4282777e-05 1.4401241e-05 0.0024393257 0.09537526 7.6589e-06 2.3760665e-05 4.4771452e-05 2.8406947e-05 3.9186534e-06 1.3104328e-07 3.5342936e-07 1.4616675e-05 0.0015034319 0.00064001756 8.884171e-05 4.3082076e-07 3.5369572e-05 1.0220797e-05 1.9462282e-08 6.7402825e-06 5.49463e-08 9.145656e-07 0.0036629862 2.8614159e-07 2.071047e-07 9.053898e-06 2.1166077e-08 3.5215571e-06 1.6921909e-07 2.9032312e-06 3.6210276e-05 2.5384125e-07
0.91665 0.0001963269 9.499409e-05 8.05126e-06 4.5980432e-06 0.01224025 0.00041363746 0.01736376 0.0004304514 0.0017862538 0.0020462358 0.029158201 0.47785717 0.00021384272 2.304951e-07 0.15107258 8.630392e-07 9.711243e-07 0.46120676 6.1866966e-05 0.00020899686 0.0017742045 0.0008816464 0.0013020019 0.000631788 0.00025534868 5.604357e-09 0.0059143878 8.633397e-18 0.34863043 4.856028e-08 0.8802047 0.0062568965 0.87883556 0.9739302 0.20156577 0.23903757 0.045680955 2.11631e-07 0.058439296 0.18170391 4.878407e-06 0.005989685 0.58181965 3.430635e-07 1.5530595e-05 0.10325185 0.0035617389 0.13324548 0.20538923 0.5179415 4.7055205e-06 0.20205596 0.088836506 0.14171697 0.002085331 0.11081594 0.056412615 0.08157976 0.031778578 0.021005617 0.07624226 0.01815627 0.019846046 0.002854866 0.0044957874 0.014220653 0.0024603058 0.0031066644 0.014338771 0.0008895099 0.12859392 0.009005971 7.723642e-09 0.001126041 0.010278293 0.0027848103 0.00017066598 2.7608915e-09 8.608821e-09 0.00091914483 0.0005740526 0.00032847447 0.002238906 3.3796427e-05 0.0016609225 0.00076685124 5.1802376e-09 2.7939133e-05 9.487615e-10 3.7383927e-06 0.004837372 1.3757849e-05 8.616782e-05 0.0007433509 5.4907287e-06 0.0002088122 9.647456e-09 4.3742497e-05 0.00032094523 1.8023351e-05
0.8936824 0.000377895 0.00014291861 6.393517e-06 2.3274906e-05 0.13094486 0.0007029591 0.45275992 2.6931579e-05 0.0066 0.0006124638 0.035101935 0.30217257 0.0013368225 1.5124682e-06 0.009564264 9.972704e-07 9.638151e-07 0.39587095 0.001192483 1.9790482e-06 0.0005781537 0.0820321 0.00010281502 1.5062794e-05 0.00078262435 1.9116088e-08 0.2924886 0.34863043 8.5116604e-16 1.6295508e-07 0.2785525 0.24071604 0.93808883 0.32816783 0.023721606 0.0077174837 0.801866 1.7930967e-06 0.9072249 0.04526072 1.002612e-05 0.28280973 0.032199282 9.63885e-07 4.6560826e-06 0.0083355345 0.0012259005 0.013753317 0.0069956966 0.076193996 4.939055e-07 0.4331182 0.012643432 0.8275851 0.0010698425 0.4542502 0.0185765 0.01793734 0.3695287 0.08850954 0.5988588 0.0011143152 0.022144234 0.00027518428 0.00020378314 0.17533322 0.00013556307 0.00083993166 0.0042937864 5.3809632e-05 0.069654256 0.22049993 2.4908834e-08 9.814534e-05 0.030356264 5.2439507e-05 8.116017e-06 1.2347684e-07 4.0435655e-08 1.7015089e-05 0.013272873 0.0060618366 0.0065861386 4.25645e-06 0.00019476934 0.00038067545 4.1182933e-09 1.2147431e-05 6.7440467e-09 6.177712e-07 0.008713857 5.209428e-07 2.0985947e-06 0.0042769876 2.6792534e-08 6.996734e-05 3.8044877e-08 3.6713354e-05 0.002444266 1.3462725e-05
0.6618061 0.009262699 0.045138277 0.23752628 0.0073994426 3.1317515e-05 0.022468466 2.8183017e-06 0.40863946 8.697674e-05 0.0056914464 0.0001737735 4.3171717e-06 5.2207728e-05 0.38971752 7.348979e-05 0.38329107 0.35372925 2.631393e-07 1.4385213e-06 0.47163537 0.028214453 3.695796e-05 0.036647364 0.0907227 0.014570874 0.9816585 1.0415533e-06 4.856028e-08 1.6295508e-07 1.3944898e-12 1.2803592e-06 4.1046233e-06 3.8524334e-08 1.8685554e-08 6.298316e-06 1.193759e-05 3.5044724e-07 0.3710343 7.3678135e-09 5.6383244e-05 0.9548825 7.6115737e-07 4.384461e-09 0.025824536 0.4302048 3.6329727e-06 0.037494544 1.7567245e-07 6.64778e-08 4.9640985e-08 0.6271533 2.955751e-09 1.5551722e-06 8.306643e-08 0.039156973 1.5288255e-07 5.1726573e-08 9.971224e-08 1.1913512e-07 7.896102e-09 9.411529e-08 3.4836867e-05 3.5888275e-09 3.7829267e-07 2.7816393e-06 2.261112e-08 2.7702876e-08 5.565861e-08 4.925778e-08 5.920601e-07 0.01505916 0.0011109924 0.09411726 0.000114555245 7.510513e-08 2.1585365e-07 1.5926724e-07 0.06320658 0.007266771 9.4486495e-05 1.051794e-07 2.1885832e-08 5.2407807e-09 1.24409265e-08 6.20856e-09 3.915124e-08 0.018229406 8.699325e-09 0.0057027857 1.9049908e-07 4.1762614e-06 2.3037907e-09 0.0003920991 1.955419e-08 9.561845e-10 1.5023117e-08 0.0046971366 1.4478858e-10 1.0057037e-08 1.412233e-09
