1.2584093e-27 0.0013149377 0.0012398879 0.6017741 0.21303102 0.009607033 0.2387487 0.34058526 0.07407734 0.01934558 0.97154164 0.006112973 0.9490165 0.9232362 7.749473e-07 0.8711852 3.241967e-05 0.022917159 4.210528e-07 0.6975012 0.45506397 0.036403395 0.96663177 0.9866121 0.8884989 0.27219194 0.39971954 0.9547335 0.8007315 0.9469295 0.061331674 0.9618369 0.010590826 0.9031059 0.9879321 0.963028 0.026235154 0.05471687 0.7384584 0.15816657 0.37523857 0.99585545 0.94005066 0.9635983 0.99102783 0.24869463 0.9862654 0.18782261 0.85220224 0.95438343 0.00056096085 0.9779103 0.8997761 0.97959006 0.46271524 0.9843976 0.15996446 0.008255383 0.0006773369 0.1491273 0.95847523 0.94224757 0.007934477 0.8277402 0.87292784 0.8479583 0.8977721 0.92241067 0.008495372 0.8830141 0.0013687776 0.99125355 0.028733537 0.8421552 0.0060697044 0.95730597 0.96031827 0.39862096 0.9920855 0.93905985 0.9963256 0.99833333 0.13293323 0.017687462 0.99978477 0.96003044 0.9990533 0.81885463 0.8675251 0.99801606 0.91462344 0.198055 0.99854356 0.8710528 0.9853685 0.051515203 0.9998313 0.5175587 0.9999496 0.954353 0.9374981
0.0013149377 4.9145825e-19 0.15472583 0.98531425 0.2759495 0.013294302 0.19795096 0.020233622 0.007811498 0.19031644 0.062293645 0.00090231607 0.007672404 0.030587787 0.00015704804 0.020566154 0.0009076324 0.0024819893 0.0005908508 0.0016190886 0.03010829 0.018978953 0.00020623227 0.0015049567 0.0057204724 0.012932509 4.8510323e-05 0.0020299382 2.7320255e-05 1.4183568e-05 0.00022544544 0.00022034632 0.00029364147 9.672824e-06 0.00011467898 2.4855444e-06 0.002481476 2.0540563e-05 1.976604e-06 3.338676e-05 1.1671647e-05 0.00040681858 1.1618247e-06 1.2142925e-07 7.4641794e-06 1.2759401e-05 1.5788848e-05 7.780075e-06 1.800938e-07 7.775194e-06 0.0013272341 1.6153554e-06 2.0340278e-06 7.5184753e-06 0.011919787 4.6984087e-06 9.3397364e-07 3.3018317e-05 4.2398504e-05 1.8306416e-06 1.7579531e-07 2.2575966e-07 1.6330856e-05 8.870925e-08 1.3439686e-07 1.2269952e-07 1.0766791e-07 1.0741147e-06 1.5764925e-05 4.084439e-08 4.2792784e-05 7.825709e-05 1.860601e-05 4.4383544e-08 0.0018671443 2.345253e-09 1.5173114e-07 2.0379848e-06 1.1850527e-06 1.0086866e-09 3.6864143e-09 1.2732651e-08 3.153263e-07 0.00020192347 3.369836e-05 5.7289387e-09 0.001362233 4.014852e-09 1.6182323e-08 8.602043e-09 9.246528e-09 2.73217e-08 2.3147527e-06 3.3331113e-09 1.6244543e-08 7.468052e-06 5.004939e-05 2.6744986e-09 2.3871231e-05 2.4917757e-09 8.010999e-09
0.0012398879 0.15472583 1.6093671e-16 0.0041464088 0.0005169852 0.9101744 0.016605029 0.0015474756 0.19524209 0.00033344585 0.00087351893 0.16845295 0.013286011 0.0009720912 0.017834885 0.00010897973 0.0021742976 0.12272787 0.3261057 0.006765177 0.00010450995 0.0012609932 0.0011071519 3.7462446e-06 2.2613847e-05 0.001461485 0.0043529123 6.8272384e-06 0.0002819743 0.00011578142 6.4713655e-05 0.000100905476 0.0033378452 0.00018844595 2.6285788e-05 7.262631e-06 0.0017164157 4.587894e-06 3.766472e-07 1.1578268e-05 2.193208e-05 3.8097562e-06 3.1089548e-06 4.2824746e-07 3.996209e-06 4.6346936e-06 4.226469e-06 1.2360898e-06 2.2276654e-07 8.419764e-06 0.0017976119 1.0885705e-06 4.7162467e-07 4.7079984e-06 0.0001180247 1.5426887e-06 1.6668761e-07 6.087924e-07 5.082912e-07 1.078544e-06 6.551239e-07 9.496736e-07 3.7398564e-07 1.3862076e-07 4.6569863e-07 3.0857362e-07 3.514661e-07 8.48188e-07 6.4539046e-07 1.8948016e-08 3.6656294e-07 6.271204e-05 3.5830652e-07 1.2129853e-08 5.1236793e-06 9.033866e-09 1.7557163e-07 1.7104243e-07 6.403238e-06 6.3327997e-07 2.5518958e-07 5.983861e-08 1.9694216e-08 5.2648716e-07 0.00019098705 1.009921e-08 0.00056809024 4.7457558e-08 5.695135e-08 1.4312538e-08 1.3799489e-07 5.1381924e-08 6.401189e-05 1.2818864e-08 4.9589572e-09 8.066092e-08 0.0009558851 1.1163204e-09 6.778409e-05 9.331637e-10 1.8734768e-08
0.6017741 0.98531425 0.0041464088 8.4379476e-13 0.6115484 0.0045224186 0.08363299 0.089329295 0.00985807 0.043425374 0.41167662 0.0002936297 0.16292119 0.64782774 1.5569932e-06 0.059764255 6.197628e-05 0.0009452986 9.108124e-05 0.0016079586 0.0624443 0.014732869 0.0022279185 0.12602022 0.070626415 0.019503972 0.00026235942 0.08661012 0.00088193273 0.0002086802 0.00039492414 0.003237734 0.0007423258 0.0004060544 0.0012770419 2.1163607e-05 0.0028056698 3.5254772e-05 1.4633957e-05 1.2481088e-05 5.303155e-05 0.3407324 3.1936655e-05 5.974447e-06 1.8060342e-05 2.0932452e-05 0.003115026 7.387117e-06 7.640196e-06 0.00015850093 0.0002441476 1.0549897e-05 1.74328e-05 0.00031116634 0.008177021 5.3507943e-06 3.8683675e-06 0.0016069844 0.00050949556 3.3739874e-05 1.2000993e-06 8.2815495e-07 0.0015162021 2.9542537e-06 2.436573e-06 2.2339775e-07 1.6749345e-07 7.6420676e-08 0.00030489796 2.2094136e-10 0.0009271032 0.008627636 0.00064498663 2.0699975e-10 0.0008675172 5.0087373e-10 4.4580975e-08 1.34353295e-05 6.5384784e-06 3.216661e-07 5.4283432e-06 7.685083e-09 0.000113494476 0.00037073498 0.0011672539 1.1087367e-09 0.03233183 1.0231074e-07 1.7603714e-08 1.8958888e-09 1.9240055e-08 2.4659714e-06 0.00010318515 3.0324026e-07 2.42602e-10 4.9237748e-05 0.00068333617 8.966864e-09 0.005816419 9.626663e-10 1.1408794e-08
0.21303102 0.2759495 0.0005169852 0.6115484 1.3418123e-16 0.0018977586 0.77363336 0.9030237 0.0030119296 0.0051877135 0.93151927 0.0005976044 0.7127828 0.4389244 7.845089e-06 0.19311221 2.1496026e-05 8.77818e-05 1.493168e-07 0.14776905 0.0048661428 0.007047221 0.051949233 0.06238608 0.004118565 0.0066954144 0.0009930826 0.16675836 0.0049156677 0.0014487294 9.839518e-05 0.06435728 0.00014004529 0.000462633 0.0075603803 0.00040239375 0.00046683344 5.6306963e-06 6.3215535e-05 1.2382908e-05 2.1607011e-05 0.24091874 1.8556146e-05 6.464864e-05 0.0025190825 1.1776625e-05 0.057987645 2.2963688e-06 3.3383146e-06 0.01905726 0.00039998413 0.00065789727 0.00012275728 0.010673942 0.005791233 0.00028588506 1.4765493e-07 0.00029823888 0.00010806752 5.3409265e-05 2.1085693e-06 9.968272e-05 0.0006677859 4.896963e-06 1.7173849e-06 1.7097948e-07 1.0782672e-06 6.952686e-07 0.0006142871 1.6651173e-07 0.00022752762 0.0063165724 0.00016460754 1.7647424e-07 0.0030241779 6.501654e-08 5.8530386e-06 3.509575e-06 0.0004023506 9.4884524e-07 7.631367e-05 6.3347725e-06 9.73809e-07 7.6252116e-05 0.0020447434 6.6626933e-07 0.010100036 1.5966508e-07 1.9450901e-07 1.1842832e-06 5.2678195e-07 3.1661753e-07 0.00125537 2.6918198e-07 4.5348995e-07 2.0010127e-07 0.00080412347 6.8530625e-08 0.0039151544 7.3429575e-08 1.303387e-07
0.009607033 0.013294302 0.9101744 0.0045224186 0.0018977586 3.2968718e-15 0.052496135 0.0030826495 0.96131635 0.00016018875 0.004910289 0.86703056 0.055819526 0.0025168613 0.0016718293 0.0013690934 0.0014177138 0.47851086 0.0071907565 0.03865261 8.153635e-06 0.0004181931 0.015995834 1.4841885e-05 2.1391932e-05 0.00010514677 0.08723236 0.0004621563 0.0043713474 0.0023757042 0.0027251223 0.0028546876 0.0076113935 0.010300896 0.00062566047 0.0016616468 0.010637886 0.00021320434 0.00020358658 0.00024929774 0.0007654261 3.0128127e-05 0.00026350835 4.8961807e-05 0.00012271186 0.00017200224 8.1184284e-05 6.4678665e-05 1.8988982e-05 4.3690718e-05 0.0016441998 0.000113656395 0.00012559997 3.770289e-05 0.0004432537 0.00012272732 1.814921e-05 5.067071e-05 1.1967386e-05 3.8693437e-05 2.9141205e-05 7.996445e-05 3.573991e-05 2.1646198e-05 8.171796e-06 2.0259675e-05 5.6779743e-05 2.8320766e-05 5.5640407e-06 9.892858e-07 5.0522217e-06 6.597372e-05 4.3676823e-06 5.972958e-07 1.6438611e-05 2.5770984e-07 1.0752349e-06 1.6326278e-05 1.30247e-05 9.429385e-07 3.7823586e-06 2.603451e-07 2.618612e-06 2.164268e-06 4.9959355e-05 1.163069e-07 0.0002883725 1.259029e-06 6.12592e-07 7.718988e-07 1.2133358e-06 1.9316003e-06 5.8547717e-05 2.4082636e-08 2.988051e-08 6.9465864e-06 0.00026881014 1.3154386e-07 4.039132e-05 1.1067473e-07 1.5248437e-06
0.2387487 0.19795096 0.016605029 0.08363299 0.77363336 0.052496135 1.5770941e-18 0.94089 0.15505414 0.0023602778 0.3823495 0.03095329 0.9061582 0.03302499 0.00018813387 0.023864403 0.0036153581 0.015070265 0.00022114735 0.74477905 0.0011913873 0.0031766098 0.16997522 0.008310313 0.0009001489 0.0007162107 0.017730264 0.019213086 0.035332955 0.008581699 0.0013906966 0.094579995 0.0006332478 0.0024833959 0.015059979 0.0015779554 0.0011252414 8.685788e-05 0.00075057015 8.061275e-05 0.00012673037 0.055980146 0.0002547185 0.0009882837 0.009987229 6.650492e-05 0.025724884 2.3620361e-05 0.00021258774 0.018635742 0.0004475869 0.0025778569 0.0035436412 0.008632529 0.0016558578 0.0016914892 1.7903833e-06 0.00011713302 5.423922e-05 0.0001004202 7.16772e-05 0.0003555597 9.543731e-05 5.40889e-05 6.9096095e-05 3.73606e-05 3.1143813e-05 1.6239612e-05 2.9456158e-05 4.130278e-07 4.0716925e-05 0.0037106683 1.7771172e-05 3.5318504e-07 0.0001665115 2.1133513e-07 9.781255e-06 3.1488307e-05 0.00015769759 4.3381235e-05 0.0013905533 1.2281542e-05 8.3324785e-06 8.502293e-06 0.0012963708 1.5463269e-06 0.008259589 1.7821443e-05 2.92115e-06 1.1037203e-05 1.0557818e-05 1.237097e-06 0.0017865074 2.2957678e-07 8.111702e-07 1.6388869e-06 0.0018510836 1.454009e-06 0.0020759047 3.9210445e-07 2.030734e-05
0.34058526 0.020233622 0.0015474756 0.089329295 0.9030237 0.0030826495 0.94089 4.149387e-18 0.016064366 0.0018484826 0.5264779 0.0014618753 0.87597585 0.06321541 9.170613e-06 0.028512528 8.168941e-05 0.00072602695 6.2290803e-07 0.364777 0.0007674408 0.004146877 0.10949748 0.013395995 0.0005685972 0.001390239 0.0023558387 0.041242175 0.007043542 0.001290242 0.0007141097 0.09109958 0.0005031949 0.00074070954 0.013516676 0.0003791017 0.0007184059 4.146151e-05 0.00041990716 3.9601167e-05 5.0363007e-05 0.12711693 4.1996842e-05 0.00029433705 0.008099849 2.4368223e-05 0.053018 7.898841e-06 2.8284001e-05 0.030273788 0.0002983749 0.001425672 0.0020782065 0.013198892 0.0028664197 0.00076806365 2.0443288e-06 0.00016552277 0.0002863451 0.00016178838 2.2998154e-05 0.00010571748 0.00031435184 2.2190397e-05 3.334091e-05 4.9438454e-06 7.3264223e-06 2.5118736e-06 2.828004e-05 2.344437e-07 0.00020423727 0.0024993264 1.92921e-05 3.017681e-07 0.00031626038 2.023158e-07 5.9446884e-06 3.6662605e-06 0.000509575 1.4295658e-05 0.002174198 2.0797142e-05 8.3970565e-07 2.1159149e-05 0.003027941 4.870455e-07 0.004420044 2.0448983e-06 4.9569866e-07 5.4952648e-06 6.9331406e-07 3.8687898e-07 0.0016637008 3.2814633e-08 2.0218793e-07 4.1329065e-07 0.0013944244 4.1333908e-07 0.0020203076 5.2876224e-08 4.1600865e-06
0.07407734 0.007811498 0.19524209 0.00985807 0.0030119296 0.96131635 0.15505414 0.016064366 1.2807862e-16 6.064149e-05 0.01488393 0.86566836 0.2477647 0.004024103 0.0021932982 0.0016828859 0.0017460327 0.5567457 0.0007162335 0.22541343 4.3318046e-06 0.0001693519 0.085821494 1.9201863e-05 3.0420251e-05 3.7095993e-05 0.4651818 0.00016496821 0.03729323 0.020801622 0.035733234 0.016660666 0.031449918 0.0816843 0.0041991957 0.017101785 0.020918544 0.002192859 0.001794795 0.003195145 0.007969183 0.0004423002 0.0015059669 0.00043897374 0.0006430544 0.0014290982 0.00056943676 0.00030856737 6.1310515e-05 0.00057267956 0.0015152676 0.0011981141 0.0005815421 4.865929e-05 0.00036447964 0.0009094437 9.2364375e-05 0.000113815084 1.0885202e-05 0.00011730764 3.05674e-05 0.000215265 5.795525e-05 7.409999e-06 1.3137957e-06 3.9081783e-06 1.6389475e-05 1.4237812e-06 3.5435698e-06 3.4468587e-07 1.3282179e-06 0.00010971177 1.7979941e-06 1.5785865e-07 8.582758e-06 1.1892512e-07 6.5361934e-07 9.550991e-06 1.2038885e-05 2.6059167e-06 5.141778e-05 1.0708212e-06 1.1806657e-06 9.064097e-07 0.00022344328 4.8560374e-08 0.0014073025 1.7085756e-07 3.183975e-08 1.9579353e-07 3.2344545e-08 3.2062417e-07 0.00018426099 2.3156776e-08 2.0650267e-08 2.534408e-06 0.00031460015 2.0267278e-08 0.00025995873 1.2719736e-08 5.27603e-07
0.01934558 0.19031644 0.00033344585 0.043425374 0.0051877135 0.00016018875 0.0023602778 0.0018484826 6.064149e-05 2.738033e-16 0.012070714 2.4920824e-05 0.0016854525 0.095844276 1.207856e-05 0.041348368 8.039195e-05 3.0527604e-05 1.4971114e-08 0.00041183273 0.9057961 0.88312274 0.00034339333 0.28573483 0.4528355 0.74544984 1.5449155e-05 0.054685663 3.356647e-05 2.0366862e-05 2.157489e-05 0.0011231952 0.00022525764 2.078024e-06 0.00060111936 2.9317498e-06 0.00066429266 1.2623406e-05 2.5331199e-06 6.075364e-06 7.8849625e-06 0.008425109 8.514476e-07 1.057455e-06 1.4083262e-05 3.9628044e-06 0.0028132214 1.5085326e-06 1.0311275e-06 0.00063263957 2.6719101e-06 3.634924e-06 2.2667266e-05 0.00033007032 0.02411596 1.6879898e-06 2.9363682e-07 5.250892e-07 4.0730592e-07 1.0984908e-05 4.770079e-07 1.2051273e-06 6.143046e-08 1.017287e-06 1.1502465e-06 9.391495e-07 6.4785036e-07 6.470859e-07 1.2524209e-06 4.540343e-07 7.065399e-08 0.029421935 1.6916933e-06 2.8083358e-07 1.3138784e-06 1.2712225e-07 1.0670007e-06 2.4865972e-06 4.926478e-06 7.032128e-07 7.884553e-05 6.748885e-07 4.9717477e-07 4.1779266e-08 0.00044211713 3.6812784e-07 0.00953313 2.3695992e-07 1.7732995e-07 2.7823135e-06 3.0837035e-07 1.6535897e-06 8.173149e-05 1.2385948e-08 8.9328125e-08 8.273138e-08 0.0017790131 1.2290833e-07 0.004155638 3.725482e-09 1.6918197e-07
0.97154164 0.062293645 0.00087351893 0.41167662 0.93151927 0.004910289 0.3823495 0.5264779 0.01488393 0.012070714 5.667693e-17 0.00067781087 0.5766325 0.5909056 3.259686e-06 0.36299628 0.00010414599 0.00056519284 6.033906e-06 0.063934706 0.0154522145 0.015854977 0.051708136 0.36827058 0.028434716 0.010922483 0.0006612978 0.39800546 0.0025031702 0.0002780311 0.0003083808 0.1304021 0.0005801011 0.00023047172 0.011937358 1.2182248e-05 0.0009487626 2.1363594e-05 4.2111344e-05 5.4647753e-06 7.2318194e-06 0.61445135 1.7863002e-06 3.0656602e-06 0.00073943456 4.0230107e-06 0.3169165 7.844015e-07 1.478881e-06 0.057459623 0.00070379913 9.217045e-05 0.00013874847 0.055027373 0.010780093 2.1609483e-05 3.5745362e-07 0.0018793931 0.0026759382 7.2816256e-06 2.2808607e-07 6.166584e-06 0.0016960492 1.3565929e-06 1.6010231e-06 4.3360195e-08 1.729517e-07 3.3471032e-08 0.00016491236 2.0559288e-08 0.004865838 0.041830722 4.687558e-05 1.844002e-08 0.001832191 3.0277572e-08 2.9797096e-05 2.0868497e-06 0.0072903684 1.2122597e-05 0.003964748 0.00015597009 1.7354711e-06 5.8108166e-05 0.04838071 6.005984e-07 0.057680074 4.6035094e-08 2.6116634e-08 2.4895655e-06 6.537007e-08 7.352218e-07 0.005406379 6.0923666e-09 1.1090634e-07 1.4934851e-06 0.0023139638 4.888806e-08 0.055057477 9.990655e-09 3.01012e-06
0.006112973 0.00090231607 0.16845295 0.0002936297 0.0005976044 0.86703056 0.03095329 0.0014618753 0.86566836 2.4920824e-05 0.00067781087 2.2557073e-18 0.020928439 0.00015440518 0.00067766604 0.00039298515 0.00087548926 0.93154806 0.0015186935 0.13330637 1.4773015e-05 6.4384745e-05 0.01853642 3.4137477e-06 2.2972606e-06 7.874983e-06 0.33519456 4.6564737e-06 0.034464426 0.008860632 0.07437697 0.004172659 0.02072504 0.036212202 0.00067892554 0.005731746 0.008534322 0.00458919 0.0031178794 0.0022104804 0.0036465835 5.5024125e-06 0.0022629558 0.0004234969 0.0003033816 0.0015219441 4.5112618e-05 0.0010308389 0.0007410501 4.0409966e-05 0.0057523553 0.00030359055 0.0005580214 9.455865e-06 6.147521e-05 0.00018380221 0.00090800464 0.0004554295 0.00013699749 0.0020132952 4.6990288e-05 0.0010867363 0.0005381887 0.00013181104 1.4774641e-06 5.2957712e-05 0.00015740535 2.3695404e-05 3.6101315e-05 1.7193352e-06 2.2060294e-05 1.2887686e-05 6.178215e-06 7.646176e-07 2.6819984e-05 5.319632e-07 6.8307345e-06 2.6702097e-05 7.4574264e-06 1.445994e-06 9.180799e-06 8.1474667e-07 3.734986e-06 1.5246314e-06 1.9974284e-05 4.6192386e-07 0.00048291672 3.1897437e-06 9.3238145e-07 5.6984413e-07 1.3027465e-06 1.0866237e-06 4.025323e-05 1.0503185e-07 1.2902086e-07 1.6123649e-06 3.9758703e-05 1.5247339e-07 5.58393e-05 2.0596919e-07 7.2477087e-07
0.9490165 0.007672404 0.013286011 0.16292119 0.7127828 0.055819526 0.9061582 0.87597585 0.2477647 0.0016854525 0.5766325 0.020928439 4.1333223e-17 0.108305976 0.000166438 0.045553856 0.0015366327 0.020410515 0.00036549338 0.7953249 0.00065723347 0.00085819117 0.5217375 0.0107303215 0.0010303712 0.00040397907 0.04983419 0.034889374 0.07384623 0.03320344 0.006979271 0.43637782 0.006986313 0.012786505 0.10750023 0.0035214098 0.017587349 0.00045971575 0.0018405437 0.00028769704 0.0005404549 0.38960147 0.000200286 0.00048008305 0.022025231 0.0002228557 0.14035124 4.0658837e-05 0.00010596144 0.060436968 0.006771499 0.0026883066 0.0017326267 0.04702823 0.0015038924 0.0010200144 8.2452725e-06 0.0014808266 0.0015679365 4.9636943e-05 1.862927e-05 0.0001449117 0.001212109 1.1974876e-05 1.14186305e-05 8.4204095e-07 1.5921371e-06 4.569221e-07 8.512845e-05 1.8976634e-07 0.004330871 0.0031430118 5.8486945e-05 1.3611537e-07 0.00075831835 2.3484023e-07 0.0004679179 8.09479e-06 0.0062820385 0.00015352404 0.005172831 0.0011131059 7.257846e-06 3.319902e-05 0.032410044 1.914391e-06 0.015852096 3.1077172e-07 5.1075986e-08 8.415082e-06 1.2290293e-07 1.6181244e-06 0.00390947 2.6100153e-08 6.513344e-07 7.186827e-06 0.0019504037 3.3475266e-07 0.012253255 4.441234e-08 7.2296607e-06
0.9232362 0.030587787 0.0009720912 0.64782774 0.4389244 0.0025168613 0.03302499 0.06321541 0.004024103 0.095844276 0.5909056 0.00015440518 0.108305976 7.514434e-13 4.4724078e-05 0.95620024 0.00042836939 0.0006923383 8.725506e-05 0.012564449 0.23300278 0.01641519 0.010030689 0.7758845 0.14680327 0.034533296 0.0008950529 0.4814044 0.001858769 0.00064110896 0.0008840653 0.019401086 0.0011418925 0.00050405104 0.0034574715 4.6856843e-05 0.004866716 4.008823e-05 9.4210984e-05 9.9911385e-06 1.8050941e-05 0.55814093 6.91275e-06 7.400155e-06 0.00020914202 9.928421e-06 0.05798392 1.5158544e-06 8.6311775e-06 0.013632533 0.0040220884 3.0697018e-05 9.2898656e-05 0.015359903 0.0128172515 5.2169476e-06 2.5527563e-06 0.0024271118 0.0036447165 7.789445e-06 6.2368434e-07 3.8320513e-07 0.0017288766 9.978459e-07 7.3136295e-07 1.7808564e-07 1.1668665e-07 3.5874603e-08 0.00013447374 7.052386e-10 0.004716776 0.16580027 8.608256e-05 5.272954e-10 0.0021298428 3.7206747e-09 2.4053052e-06 2.6056532e-06 0.0032284781 9.20224e-06 0.001852955 3.2839803e-06 3.450855e-05 0.00030173402 0.014257271 1.9902396e-08 0.13675296 2.1331394e-08 4.115851e-09 3.432556e-07 5.492008e-09 1.2928945e-06 0.00577099 9.689262e-09 1.0190541e-08 5.8489455e-05 0.0046536303 1.4741932e-08 0.05999531 1.8660757e-09 2.6112812e-07
7.749473e-07 0.00015704804 0.017834885 1.5569932e-06 7.845089e-06 0.0016718293 0.00018813387 9.170613e-06 0.0021932982 1.207856e-05 3.259686e-06 0.00067766604 0.000166438 4.4724078e-05 6.0905958e-18 9.213766e-05 0.032652035 0.0033708343 0.016413368 7.060876e-05 3.306508e-05 5.4432935e-06 4.973351e-05 1.4708882e-05 3.7674763e-06 2.0708121e-05 0.0002720504 1.4084227e-05 1.321527e-05 4.6239215e-06 2.6303493e-05 3.2489093e-05 0.00022199555 3.7714577e-05 3.509155e-05 1.8381921e-06 0.00015536974 2.2847564e-06 7.491735e-06 2.6174334e-06 4.997439e-06 2.9853695e-07 7.551483e-07 4.875474e-07 9.287842e-06 1.3828202e-06 1.2525506e-05 1.0840981e-06 1.6648736e-06 1.8824003e-05 0.0008715843 2.1916517e-06 2.0202566e-05 2.4932983e-06 7.016596e-08 1.5609463e-06 1.2047884e-06 1.2923199e-06 2.001281e-06 1.2687753e-06 1.7557155e-06 1.3949496e-07 6.653772e-07 6.925796e-08 5.1725297e-06 4.01255e-06 6.063328e-07 3.4791892e-06 5.711935e-07 1.4420638e-08 3.320906e-07 4.192073e-07 3.3075455e-07 2.6222102e-08 6.7076144e-07 2.315915e-07 8.3110695e-07 5.6221353e-07 2.3721213e-06 1.1545013e-07 2.5194413e-07 6.1349665e-06 2.2156415e-07 1.900911e-07 2.4790144e-05 2.644916e-07 9.146114e-06 5.167687e-08 3.496072e-08 2.9190389e-08 4.8227346e-08 5.984969e-08 1.2760994e-05 1.2455188e-09 5.490283e-08 4.9626334e-07 5.484958e-05 8.66357e-10 1.4230413e-06 2.0149131e-09 1.7799268e-08
0.8711852 0.020566154 0.00010897973 0.059764255 0.19311221 0.0013690934 0.023864403 0.028512528 0.0016828859 0.041348368 0.36299628 0.00039298515 0.045553856 0.95620024 9.213766e-05 4.3304647e-16 0.00025503378 0.00053672947 1.3353654e-05 0.051646963 0.12199939 0.01191748 0.021768056 0.81019783 0.09388404 0.021264372 0.00055829185 0.70636725 0.0060107554 0.0015748591 0.00021059066 0.17813957 0.0010775242 0.00013912623 0.018515524 7.087687e-05 0.002829412 0.00015868136 8.3894854e-05 0.00020570762 0.00017463058 0.43249035 1.7737952e-05 0.00012218393 0.0022678177 0.0001642757 0.55306035 2.7036753e-05 1.8944755e-05 0.16483714 0.0053284112 0.00032418416 0.0008624136 0.080027774 0.011835337 9.4373296e-05 1.8049503e-06 0.0027406977 0.0039913342 0.0005194228 5.3197514e-06 1.880075e-05 0.0029335583 4.3147224e-06 1.32557e-05 3.0409415e-06 4.1636786e-06 3.301276e-06 0.0068293354 5.9486865e-08 0.004464029 0.25387517 0.0022184413 8.2129226e-08 0.007833752 7.002104e-08 0.00093810324 2.9194138e-05 0.01503521 0.00044261245 0.009419656 0.00013551694 0.00012112179 0.00088877557 0.0266572 6.3876206e-07 0.100168966 7.242859e-07 3.1849544e-07 5.4982083e-05 3.3907412e-07 8.95751e-06 0.014913169 5.4126104e-07 1.1464895e-07 1.2211129e-05 0.018106097 1.10760894e-07 0.07377346 1.3787985e-08 2.1952137e-06
3.241967e-05 0.0009076324 0.0021742976 6.197628e-05 2.1496026e-05 0.0014177138 0.0036153581 8.168941e-05 0.0017460327 8.039195e-05 0.00010414599 0.00087548926 0.0015366327 0.00042836939 0.032652035 0.00025503378 2.9124523e-17 0.007159468 0.027463993 0.00088269584 0.00018955048 2.40092e-05 0.00025354838 6.813244e-05 0.00045346236 0.00019984278 0.0019028675 5.4089884e-05 0.00057435187 0.00010976682 0.00072422513 0.0002537729 0.0023254598 0.0020711462 0.00017950934 3.766422e-05 0.0026049127 8.87268e-05 1.2763148e-05 9.715838e-05 0.00013601917 3.8008943e-06 2.371331e-05 1.596801e-06 3.1077056e-05 5.8991947e-05 2.3590535e-05 1.7787976e-05 5.0975113e-06 9.99834e-05 0.024320727 5.3802573e-06 4.559599e-06 1.4353923e-05 3.3970073e-07 3.3029514e-06 9.287496e-06 0.0001143796 0.0005053465 5.7955313e-05 5.7621746e-06 2.61395e-05 3.577824e-05 1.1983661e-05 8.483647e-06 3.4162554e-06 1.4830157e-05 1.2359148e-05 5.0837072e-05 4.5208526e-07 7.3143005e-05 6.1640494e-06 6.176993e-05 3.8170967e-07 0.00019866879 1.8628389e-06 8.6722175e-06 1.0286578e-05 3.2098516e-05 1.8308598e-06 2.585001e-06 3.131641e-05 4.062157e-06 6.9102525e-06 0.00044287634 2.3987561e-06 0.00014810561 2.8495901e-06 3.7275668e-06 1.0740926e-07 3.7924653e-06 1.0899396e-06 0.00010733837 1.270871e-07 5.5793197e-07 1.725959e-06 0.00063550496 1.9247092e-07 3.5585876e-05 8.441736e-08 1.4526536e-06
0.022917159 0.0024819893 0.12272787 0.0009452986 8.77818e-05 0.47851086 0.015070265 0.00072602695 0.5567457 3.0527604e-05 0.00056519284 0.93154806 0.020410515 0.0006923383 0.0033708343 0.00053672947 0.007159468 6.0261406e-18 0.0061414503 0.080522284 0.00016354898 1.6258597e-05 0.028119147 1.4636512e-05 1.1989103e-05 1.8589e-05 0.57431436 7.4652758e-06 0.060429484 0.022326216 0.4033049 0.0033504555 0.6327463 0.3065561 0.001868457 0.029327018 0.29409707 0.04378549 0.006987109 0.02380123 0.054398682 1.9055433e-05 0.01415973 0.0017362717 0.00080768194 0.016786046 7.243937e-05 0.00683458 0.0010877491 0.000142758 0.07064023 0.0011604419 0.0006169225 3.0475827e-05 1.07703045e-05 0.0011034261 0.0077543757 0.0013500791 0.00095088 0.02125415 0.00049507763 0.007637708 0.0011518681 0.0025564998 1.2610172e-05 0.00011225601 0.00080954196 9.157238e-05 0.00032012665 6.0567283e-05 5.773795e-05 1.0751595e-05 0.000106642896 2.588572e-05 0.00027461146 4.3543982e-06 2.1034748e-05 0.00017566652 1.8033545e-05 7.6041706e-06 2.738952e-05 8.901179e-06 1.35106875e-05 8.172653e-06 0.0001859126 2.8904678e-06 0.00074900314 1.2060018e-05 3.6536183e-06 2.8536585e-06 2.2833362e-06 2.8462823e-06 0.00011270031 7.8642836e-07 3.5297694e-07 1.3368912e-06 7.653575e-05 6.715154e-07 5.721781e-05 1.1072113e-06 2.7307635e-06
4.210528e-07 0.0005908508 0.3261057 9.108124e-05 1.493168e-07 0.0071907565 0.00022114735 6.2290803e-07 0.0007162335 1.4971114e-08 6.033906e-06 0.0015186935 0.00036549338 8.725506e-05 0.016413368 1.3353654e-05 0.027463993 0.0061414503 2.4332154e-30 1.797539e-05 1.9369795e-06 3.198707e-11 0.000101211466 3.0993424e-10 3.5449352e-06 8.925365e-09 6.123834e-07 2.6511864e-07 1.1669599e-07 6.077772e-07 7.1100246e-08 0.0002722139 0.00055395515 7.752996e-06 0.00015748403 7.51589e-07 0.0011727571 3.8669636e-09 8.692647e-11 8.687837e-08 3.098808e-06 3.0287943e-06 1.9643335e-07 1.6681332e-08 1.71582e-06 5.046931e-07 9.153003e-09 5.6274754e-08 1.291264e-10 4.4285093e-07 0.027307222 9.710584e-07 5.771435e-10 8.395011e-08 4.031589e-16 1.2468697e-06 1.4848757e-10 3.222593e-07 2.9968983e-06 9.759576e-09 5.8271336e-08 4.544162e-06 1.3138502e-07 8.6547476e-07 3.5105016e-10 3.0312097e-10 1.8350524e-07 8.99563e-08 2.0701002e-06 3.8700554e-07 3.2182822e-06 3.2528715e-16 2.432694e-07 1.14840994e-07 2.6148598e-05 1.3928332e-09 3.1648872e-10 2.9906652e-10 1.1781628e-10 1.6091202e-14 5.767927e-13 4.2084363e-09 1.656531e-09 1.2716706e-06 2.0465173e-10 3.731468e-10 3.2340716e-12 3.900185e-13 1.9704603e-10 3.6356443e-12 2.9031252e-12 1.6064395e-11 1.00274095e-11 1.139662e-11 4.5321146e-11 1.7614922e-09 4.7315716e-13 5.387242e-13 6.411054e-13 3.4904482e-12 3.0441253e-13
0.6975012 0.0016190886 0.006765177 0.0016079586 0.14776905 0.03865261 0.74477905 0.364777 0.22541343 0.00041183273 0.063934706 0.13330637 0.7953249 0.012564449 7.060876e-05 0.051646963 0.00088269584 0.080522284 1.797539e-05 2.656626e-18 0.00045186092 0.00034845967 0.92515844 0.0082769515 0.0010162307 0.000106329506 0.43417877 0.039673116 0.7209865 0.4946821 0.11419517 0.5678889 0.0032636162 0.088802665 0.25234497 0.089477435 0.0071433587 0.0026405763 0.05728589 0.0019535217 0.0035134244 0.049647763 0.0044597182 0.0147660095 0.047154397 0.0010953661 0.15340076 0.0003220042 0.0027158367 0.15479384 0.00022146098 0.027385285 0.024672054 0.04548157 0.0011332387 0.007624068 0.0006495594 0.00024171178 2.014456e-05 0.00024449456 0.00037920944 0.0014652517 0.000119011645 9.574927e-05 0.0005828647 0.00020653423 8.409623e-05 3.1647385e-05 8.546468e-06 9.362722e-06 1.34254415e-05 0.001367083 4.807228e-06 5.0232416e-06 2.4034054e-05 8.2784745e-06 0.0006931485 1.9217345e-05 0.0029613709 0.0004348489 0.00334506 0.00041363787 1.51572785e-05 4.6694718e-06 0.0049642273 4.305203e-06 0.008690768 3.9527117e-06 5.0310916e-07 3.4373097e-05 1.3832872e-06 1.2991435e-06 0.002500651 5.409031e-08 4.764823e-07 3.2884648e-06 0.0005408952 1.3721383e-07 0.0019229794 1.1487123e-07 4.334391e-06
0.45506397 0.03010829 0.00010450995 0.0624443 0.0048661428 8.153635e-06 0.0011913873 0.0007674408 4.3318046e-06 0.9057961 0.0154522145 1.4773015e-05 0.00065723347 0.23300278 3.306508e-05 0.12199939 0.00018955048 0.00016354898 1.9369795e-06 0.00045186092 2.0688089e-14 0.2618054 0.00011130523 0.7398461 0.9477278 0.33897215 5.1932548e-06 0.1949832 5.3837575e-06 1.6171016e-06 7.0898706e-05 0.00084305304 6.0347e-06 1.6949852e-07 0.00026639237 4.0883513e-08 2.2773102e-06 6.1818605e-07 6.924973e-07 4.1868188e-07 4.129435e-07 0.07157971 2.9974643e-08 7.1716684e-08 1.3366196e-06 3.5085856e-07 0.020961083 7.90664e-08 2.5849158e-07 0.0077283476 1.3962507e-06 4.5795682e-07 1.8836205e-06 0.01025564 0.10692877 5.0419857e-07 3.5557086e-08 7.9150905e-06 5.0385224e-06 3.1368924e-07 2.6342326e-07 4.5684365e-07 2.2114355e-06 4.247426e-07 1.10317714e-07 3.5865727e-07 3.3484636e-08 9.3531725e-08 4.8585093e-07 1.737561e-08 1.2021577e-06 0.35662806 5.778951e-07 2.2920934e-08 2.093745e-06 5.459141e-09 7.654242e-06 1.2334796e-07 0.0011572192 3.236079e-07 0.0009661314 4.005836e-06 2.0168443e-06 3.3091072e-07 0.020798584 6.299361e-08 0.23033379 2.5799274e-08 3.452206e-08 1.7109205e-05 1.8769033e-08 2.1331955e-07 0.008350982 1.26003314e-08 7.531126e-08 1.2427822e-06 0.01789321 6.978461e-09 0.19730921 1.5690153e-09 1.9170665e-07
0.036403395 0.018978953 0.0012609932 0.014732869 0.007047221 0.0004181931 0.0031766098 0.004146877 0.0001693519 0.88312274 0.015854977 6.4384745e-05 0.00085819117 0.01641519 5.4432935e-06 0.01191748 2.40092e-05 1.6258597e-05 3.198707e-11 0.00034845967 0.2618054 1.2003823e-15 4.141867e-05 0.021370932 0.19335811 0.8938546 1.0464433e-05 0.009230596 1.6560432e-05 1.8656959e-06 2.7453774e-05 0.00016979582 1.9918472e-05 3.670989e-07 5.0600935e-05 2.0801781e-07 1.3310957e-05 2.486246e-06 9.600108e-07 3.493639e-06 8.958023e-06 0.0009319824 3.8534036e-08 1.8657394e-07 1.2605619e-06 4.878318e-06 0.0002936731 7.130623e-07 2.424569e-07 2.260962e-05 1.3308151e-07 3.7821766e-07 4.454035e-06 1.2089265e-05 0.9307893 1.8051956e-07 7.0360684e-08 8.881963e-08 3.8049016e-08 1.3999666e-08 1.8801987e-07 2.4911222e-07 2.6819533e-08 4.609229e-08 6.771933e-07 2.804792e-07 1.7126261e-07 2.2298482e-07 3.1008298e-08 1.1304212e-07 1.9984474e-09 0.010043884 6.3619283e-09 6.916501e-08 1.9808892e-08 3.5748704e-09 5.9550695e-07 1.2815979e-08 3.3743815e-06 2.136027e-07 3.0096037e-06 6.137436e-08 8.43774e-09 1.3067e-09 7.5347874e-05 9.4389945e-09 0.016579159 3.7050025e-09 1.7028902e-09 1.9764812e-08 4.930268e-09 3.3137144e-09 3.530413e-05 1.3806867e-10 1.9092867e-09 3.5392564e-10 0.0002470795 1.0514053e-10 0.0020478023 7.471905e-12 7.189616e-10
0.96663177 0.00020623227 0.0011071519 0.0022279185 0.051949233 0.015995834 0.16997522 0.10949748 0.085821494 0.00034339333 0.051708136 0.01853642 0.5217375 0.010030689 4.973351e-05 0.021768056 0.00025354838 0.028119147 0.000101211466 0.92515844 0.00011130523 4.141867e-05 7.4564883e-19 0.003156114 0.00042211404 6.696525e-05 0.20942429 0.01519828 0.6638551 0.51597416 0.053788435 0.80501395 0.0056879683 0.09358034 0.42859483 0.1632049 0.021227228 0.0065332144 0.06028024 0.004180476 0.0056363326 0.17259711 0.008724085 0.04123526 0.14844102 0.0021066498 0.21360579 0.0006078703 0.004057045 0.25850618 0.0009845912 0.06047047 0.030914921 0.14025572 0.0007120981 0.024365101 0.00045092637 0.00038980087 2.0450962e-05 0.00011855309 0.000532783 0.0008335181 0.00020280234 8.5786865e-05 0.0003455925 7.2722614e-05 8.690593e-05 4.827224e-05 1.8765015e-05 1.1768732e-05 3.0047153e-05 0.0034139464 1.0769606e-05 7.193389e-06 2.3981234e-05 1.0528016e-05 0.007185543 1.6127071e-05 0.025774926 0.0011644155 0.008126439 0.0050363136 2.6824251e-05 4.528238e-06 0.06728585 4.643553e-05 0.013761223 4.0133386e-06 2.1650699e-07 0.00019923097 1.6218416e-06 2.3089628e-06 0.011973769 7.5694295e-09 4.146505e-06 1.3042202e-05 0.0017505846 4.3832236e-07 0.020033186 1.7438235e-07 1.9063777e-05
0.9866121 0.0015049567 3.7462446e-06 0.12602022 0.06238608 1.4841885e-05 0.008310313 0.013395995 1.9201863e-05 0.28573483 0.36827058 3.4137477e-06 0.0107303215 0.7758845 1.4708882e-05 0.81019783 6.813244e-05 1.4636512e-05 3.0993424e-10 0.0082769515 0.7398461 0.021370932 0.003156114 5.6045695e-17 0.80943894 0.115704484 1.280211e-05 0.6927207 1.8033683e-05 9.632973e-06 1.5276835e-06 0.039988145 4.0969385e-06 1.4258792e-06 0.0017666675 2.602004e-07 4.4081662e-05 3.9433496e-07 4.4099927e-08 6.407718e-07 2.5878538e-07 0.4837576 6.40953e-08 6.7354115e-08 1.1295484e-05 4.0505537e-07 0.21546072 1.9470906e-07 8.424939e-09 0.035034772 1.5242346e-06 3.3505019e-06 1.0186635e-06 0.024543205 0.089755 1.0803342e-06 1.599416e-08 0.00027109962 6.208451e-06 1.6660641e-07 1.2134017e-08 2.860866e-08 4.990317e-05 3.3987103e-08 3.7666172e-08 1.1640672e-08 5.091722e-09 9.91321e-09 9.674535e-05 4.3096804e-10 1.650734e-05 0.48961073 6.804088e-07 5.1522797e-10 0.00012699704 2.3733723e-10 3.992535e-05 3.1941877e-08 0.0063271536 9.087543e-07 0.0014272697 7.0471793e-07 1.6036988e-06 2.4941116e-06 0.052565835 1.5922652e-09 0.42269644 1.0054064e-08 1.8075564e-08 7.9379305e-07 1.1507313e-08 6.487571e-08 0.020341339 2.0379982e-10 1.8443141e-09 6.4823223e-07 0.043438297 2.572948e-09 0.4010167 9.1571545e-10 8.634804e-09
0.8884989 0.0057204724 2.2613847e-05 0.070626415 0.004118565 2.1391932e-05 0.0009001489 0.0005685972 3.0420251e-05 0.4528355 0.028434716 2.2972606e-06 0.0010303712 0.14680327 3.7674763e-06 0.09388404 0.00045346236 1.1989103e-05 3.5449352e-06 0.0010162307 0.9477278 0.19335811 0.00042211404 0.80943894 4.7903216e-14 0.5677425 2.1876024e-06 0.17267123 5.0419403e-06 1.3191441e-06 1.4854332e-05 0.0016274576 3.983873e-06 6.7423684e-07 0.00051850994 1.7780087e-07 4.977866e-06 2.088088e-06 2.0829555e-07 3.6663914e-07 2.999636e-07 0.121615514 5.2284133e-08 1.4611295e-07 4.7540366e-06 2.3605747e-07 0.039821595 9.6021544e-08 3.9646284e-07 0.008560295 1.8891848e-06 2.374732e-07 5.492511e-07 0.012462998 0.3818214 1.3728842e-07 1.3041492e-07 3.4775094e-05 3.719066e-06 6.014376e-07 5.9777925e-08 2.5170806e-07 8.54915e-06 1.8680896e-07 3.3766508e-08 8.5574364e-08 3.656745e-08 2.4812907e-08 1.8946047e-06 1.1844272e-09 7.5623557e-06 0.60806376 1.3405502e-06 1.2124064e-09 3.168735e-06 1.4864917e-09 1.6353095e-05 4.8617676e-07 0.007052105 1.6985671e-06 0.0017509378 2.2867653e-05 2.8412376e-06 2.9431246e-07 0.1963608 4.3113452e-08 0.66198516 2.1232188e-08 6.1975447e-09 8.918411e-06 1.2214477e-08 3.3535017e-07 0.017198617 1.8553939e-08 7.08671e-08 8.960078e-07 0.097995095 3.5065617e-09 0.5562968 2.9067366e-09 6.4103e-08
0.27219194 0.012932509 0.001461485 0.019503972 0.0066954144 0.00010514677 0.0007162107 0.001390239 3.7095993e-05 0.74544984 0.010922483 7.874983e-06 0.00040397907 0.034533296 2.0708121e-05 0.021264372 0.00019984278 1.8589e-05 8.925365e-09 0.000106329506 0.33897215 0.8938546 6.696525e-05 0.115704484 0.5677425 1.1225046e-15 5.2421237e-06 0.016886517 6.058388e-06 6.8690906e-07 1.679072e-05 0.00039450408 2.5399282e-05 1.5392872e-07 0.00015568937 6.981473e-08 1.5526983e-05 1.5860902e-06 5.13316e-07 1.163539e-06 8.699358e-07 0.0053039896 7.8394224e-09 3.9791832e-08 1.1872077e-06 1.2732238e-06 0.005865136 3.5917208e-07 1.006249e-07 0.0010189712 4.058339e-06 1.7410851e-07 6.532962e-06 0.00092849863 0.90886426 1.14694004e-07 4.721008e-07 3.1503598e-05 2.9242594e-07 8.3822067e-07 2.3875678e-08 6.7333055e-08 1.6126801e-06 1.031602e-07 2.8183112e-07 4.2987804e-07 8.231565e-09 1.6892628e-07 2.4553408e-06 1.3143344e-08 5.272275e-08 0.25755695 1.2304479e-06 1.9600604e-08 1.169735e-06 1.6590077e-08 1.7871396e-05 7.768071e-08 0.00016601442 1.2772555e-06 0.00070021005 1.4925747e-05 3.8399386e-07 8.8746994e-08 0.004765869 7.433682e-08 0.1893394 6.325484e-09 3.6825845e-09 1.8683188e-06 9.23812e-09 1.7044954e-07 0.0010920581 1.1783792e-09 1.954513e-08 1.7315901e-07 0.0057078917 1.5786963e-09 0.05761532 8.978942e-10 2.8087333e-08
0.39971954 4.8510323e-05 0.0043529123 0.00026235942 0.0009930826 0.08723236 0.017730264 0.0023558387 0.4651818 1.5449155e-05 0.0006612978 0.33519456 0.04983419 0.0008950529 0.0002720504 0.00055829185 0.0019028675 0.57431436 6.123834e-07 0.43417877 5.1932548e-06 1.0464433e-05 0.20942429 1.280211e-05 2.1876024e-06 5.2421237e-06 1.10112405e-17 0.00014942703 0.5135555 0.37022692 0.936744 0.07436285 0.10560254 0.820482 0.035449315 0.3546705 0.15141456 0.2017691 0.14935039 0.080007434 0.12467209 0.0006453004 0.22928806 0.041255333 0.027630007 0.03670083 0.0034659954 0.025794161 0.029016351 0.004648552 0.0014992369 0.030110564 0.014466572 0.001021048 0.00010235629 0.028257234 0.03371488 0.0017403266 0.00014391926 0.010556898 0.0057677776 0.020250628 0.00087629125 0.0023911127 0.0006014212 0.0014316607 0.00459533 0.00083554076 9.037891e-05 0.00031298658 1.24202115e-05 4.7616802e-05 8.95192e-05 9.368228e-05 6.098076e-05 1.4004602e-05 0.00010780997 4.612411e-05 8.141533e-05 0.00011935558 0.0006076793 0.00016210577 6.096334e-06 7.943963e-06 0.00037815055 8.029521e-06 0.0013931298 2.8908413e-05 1.6273169e-06 1.7316497e-05 9.4857805e-06 3.4815325e-06 0.0003503594 6.9996595e-08 2.4664018e-06 1.4932458e-06 0.00015232277 7.3841477e-07 0.00028107464 1.225894e-06 4.5314737e-06
0.9547335 0.0020299382 6.8272384e-06 0.08661012 0.16675836 0.0004621563 0.019213086 0.041242175 0.00016496821 0.054685663 0.39800546 4.6564737e-06 0.034889374 0.4814044 1.4084227e-05 0.70636725 5.4089884e-05 7.4652758e-06 2.6511864e-07 0.039673116 0.1949832 0.009230596 0.01519828 0.6927207 0.17267123 0.016886517 0.00014942703 2.8658443e-17 0.002218197 0.00042707182 3.2593674e-05 0.10742947 8.159987e-05 1.6386455e-05 0.014257284 1.8673649e-05 0.00051651406 1.0307013e-05 1.3983869e-06 6.6125367e-06 3.982695e-06 0.88720936 8.0288885e-07 4.59066e-06 0.00015366671 2.7960177e-06 0.5330572 6.2287063e-07 2.135964e-07 0.12182694 0.00041739485 4.431205e-05 4.0724695e-05 0.06423276 0.01237661 1.0489322e-05 1.1574767e-07 0.00089957693 0.00020691766 2.1027197e-06 2.5749267e-07 9.637911e-07 0.00016253254 6.22373e-07 1.8001532e-07 4.0934154e-08 2.554053e-07 5.7357205e-08 0.0015422585 4.2957637e-09 0.0010759786 0.39511433 2.3071767e-05 7.855124e-09 0.0051832655 8.1054574e-10 0.00015372636 1.2903624e-07 0.041130934 9.570664e-05 0.008140106 8.364867e-06 1.6790199e-06 8.429416e-05 0.08781866 1.7075452e-08 0.13794585 1.486876e-07 7.5644245e-08 2.0697548e-06 8.867457e-08 5.255757e-07 0.03936274 1.0901697e-09 2.2465088e-08 2.2548886e-06 0.056945648 7.59719e-08 0.29940245 2.8651836e-09 1.10147624e-07
0.8007315 2.7320255e-05 0.0002819743 0.00088193273 0.0049156677 0.0043713474 0.035332955 0.007043542 0.03729323 3.356647e-05 0.0025031702 0.034464426 0.07384623 0.001858769 1.321527e-05 0.0060107554 0.00057435187 0.060429484 1.1669599e-07 0.7209865 5.3837575e-06 1.6560432e-05 0.6638551 1.8033683e-05 5.0419403e-06 6.058388e-06 0.5135555 0.002218197 1.19031565e-20 0.9187656 0.20924905 0.44281882 0.0031796196 0.40718898 0.29653302 0.4847081 0.006232601 0.009488355 0.27897832 0.004478459 0.008419339 0.011509626 0.06963054 0.20836277 0.17509145 0.0031988935 0.03563961 0.0024197057 0.056002334 0.0746886 5.8275877e-05 0.094815165 0.17745084 0.020358503 0.00029437692 0.07493972 0.01764727 0.00052628614 1.2594055e-05 0.006083937 0.008287094 0.021437228 0.00019405295 0.004101669 0.0036806434 0.0013540401 0.0028510625 0.00044470344 1.1495551e-05 0.00011960947 7.09978e-06 0.00036514713 5.1087565e-05 4.8852806e-05 1.6314012e-05 5.0863746e-05 0.0029402312 0.00013553954 0.0022810448 0.001349958 0.0066638505 0.0027712644 1.3176358e-05 1.8563269e-06 0.006437232 0.00010901008 0.01154197 0.00012241965 3.7990062e-06 0.0017222324 2.0724361e-05 5.582351e-06 0.0025571145 1.3139918e-07 3.155679e-05 1.2421449e-06 0.00032674236 3.7275277e-06 0.0017767691 9.134298e-07 0.00018463249
0.9469295 1.4183568e-05 0.00011578142 0.0002086802 0.0014487294 0.0023757042 0.008581699 0.001290242 0.020801622 2.0366862e-05 0.0002780311 0.008860632 0.03320344 0.00064110896 4.6239215e-06 0.0015748591 0.00010976682 0.022326216 6.077772e-07 0.4946821 1.6171016e-06 1.8656959e-06 0.51597416 9.632973e-06 1.3191441e-06 6.8690906e-07 0.37022692 0.00042707182 0.9187656 2.594052e-21 0.08545923 0.43349814 0.003949038 0.48563474 0.2539463 0.6251932 0.009536085 0.009710645 0.29588485 0.004818752 0.009991429 0.014037986 0.0991452 0.3514978 0.35591862 0.0036977723 0.055254385 0.0021271023 0.06862871 0.09828603 0.000111252804 0.19901727 0.18701306 0.04241726 0.0006050865 0.20811917 0.012601 0.0005201404 1.5751324e-05 0.006265474 0.020086046 0.037270714 0.00022504998 0.0032077453 0.0032257913 0.0006546446 0.0052380813 0.00025461163 3.1229112e-05 0.00013572178 9.229591e-06 0.000534857 5.3842687e-05 8.4231804e-05 1.0494787e-05 0.00012688371 0.017627656 7.0617316e-05 0.013673632 0.0069921417 0.016247272 0.0067624412 6.99623e-06 2.2974268e-06 0.019895284 0.0005196339 0.007410357 0.00010696507 7.153663e-06 0.0037303532 2.5808344e-05 9.307002e-06 0.0061979974 9.57558e-08 6.172312e-05 1.4332439e-06 0.0018062385 1.3465295e-05 0.0049141003 2.537552e-06 0.00046158765
