1.6542207e-23 3.645754e-05 0.0004027201 0.0026549948 0.00083465315 3.0469402e-05 0.06458245 0.036689665 0.017979195 0.015934704 0.053738605 0.0070023583 0.17644063 0.011823047 0.03550536 0.25307202 0.03681917 0.1094538 0.76443076 0.08277207 0.2058407 0.28907892 0.4054836 0.39651915 0.002408156 0.34810418 0.49957967 0.36766624 0.04480291 0.25509962 0.72077256 0.9076735 0.00020220733 2.3930721e-05 0.42331338 0.9056594 0.85044575 0.003457491 0.93295187 0.86609113 0.9307653 0.9639016 0.8326684 0.9424392 0.95539135 0.66004235 0.88900024 0.092796616 0.9645118 0.8433423 0.70279527 0.9656848 0.77181596 0.92323214 0.91637766 0.6703306 0.24755163 0.91742104 0.6109409 0.9284405 0.94460166 0.9704784 0.9518067 0.9696337 0.9512482 0.8704951 0.9234961 0.8579268 0.95774305 0.97192985 0.97461635 0.85680014 0.89835954 0.98002076 0.77033675 0.9778721 0.7001408 0.7484891 0.9417046 0.9156506 0.9502634 0.9796129 0.9487337 0.8862129 0.9717933 0.97966975 0.023673186 0.9868046 0.99847424 0.76576805 0.98576814 0.99309 0.9985037 0.1245764 0.99932 0.9875299 0.99984527 0.9999722 0.9995563 0.99550205 0.9999852
3.645754e-05 1.7925865e-16 0.3629641 0.20999609 0.004804469 0.00010532631 0.03466635 0.005459179 0.0048315856 0.0019921283 0.00068732066 1.695239e-05 0.0020569647 1.789132e-06 5.7444904e-06 0.00012436337 1.09879775e-05 2.653371e-06 8.282064e-05 1.4479095e-06 6.6378475e-06 8.300095e-06 7.9844e-06 2.358725e-05 8.207233e-09 6.002357e-06 2.0774455e-06 1.2545554e-05 8.343053e-08 3.012929e-06 7.5595475e-05 2.0199714e-05 9.8277395e-09 3.372694e-07 5.244569e-06 0.00013313643 0.00012530398 6.638888e-11 8.071032e-06 6.6669963e-07 4.3939504e-05 2.3828221e-05 4.7225658e-05 8.0503037e-07 7.2474163e-06 3.0359574e-06 3.0112644e-05 9.063307e-06 8.067532e-06 1.2757636e-05 1.4058274e-05 9.234196e-06 1.4575905e-05 4.1103617e-06 1.6997046e-06 7.0546764e-07 1.7118857e-06 1.6431839e-05 7.845013e-06 9.169713e-06 1.23081345e-05 5.337268e-06 2.8548632e-07 5.4084126e-06 1.24722355e-05 2.2916086e-06 2.9802153e-05 1.6765255e-06 3.145076e-05 5.5428663e-06 9.585475e-06 2.0966974e-05 2.2909453e-05 6.069573e-06 2.557848e-07 4.0794617e-09 1.7854087e-07 3.814466e-07 1.3259802e-06 1.912535e-06 8.6739175e-07 2.9506776e-08 5.068644e-08 1.2266096e-06 1.7932876e-05 1.945488e-06 7.8320134e-08 4.8197895e-09 2.3012708e-08 9.232857e-08 7.076762e-06 1.3573006e-06 2.4141666e-06 1.1910565e-08 7.676202e-06 4.503986e-06 7.841397e-07 1.2671103e-06 9.708348e-06 3.8134726e-09 2.5151572e-10
0.0004027201 0.3629641 8.652666e-15 0.047166865 0.014078851 0.0015008935 0.030806947 0.002916574 0.0032550204 0.005436755 0.004575782 0.00034504256 0.0026045651 9.525844e-05 0.00016311237 0.00040830256 0.00011167577 9.937235e-05 0.00033843677 4.510044e-05 4.241642e-05 8.6678316e-05 8.408805e-05 0.00021516424 9.831044e-06 3.9437185e-05 1.6071232e-05 0.00022766717 2.7222295e-06 6.459225e-05 2.9486677e-05 0.00023976054 1.9384559e-06 1.9564432e-06 2.0112914e-06 3.241432e-05 0.00016751704 1.43683e-09 3.8994494e-05 1.4380311e-05 0.00014306126 0.00011082742 1.873903e-05 1.7582199e-05 2.3545805e-05 7.526682e-06 1.319039e-05 3.819209e-05 5.2057753e-06 7.3629475e-05 6.458534e-05 8.673479e-05 1.9949686e-05 1.968676e-06 1.6648475e-05 3.2399962e-06 3.5837355e-05 0.000101351434 1.5724518e-05 1.6362408e-05 7.2854186e-06 2.5353531e-06 1.7857399e-06 2.6546236e-06 2.4910438e-05 1.7381204e-05 5.3768596e-05 1.5466565e-05 4.4082546e-05 1.6666187e-05 1.0119115e-05 6.516936e-05 0.00012073557 6.6835382e-06 1.5946232e-06 1.5409815e-06 9.0308345e-07 5.154187e-06 2.335041e-05 9.768223e-06 6.0720217e-06 9.845187e-07 6.281427e-07 5.5737095e-05 9.549968e-05 5.566503e-06 6.200072e-06 1.2082293e-07 2.0730546e-07 6.0860457e-06 3.0609945e-06 3.8881585e-06 7.1101945e-06 2.5706122e-06 2.4088346e-05 2.4921858e-06 9.336107e-06 4.4993703e-06 5.163195e-06 1.2795553e-07 2.693205e-08
0.0026549948 0.20999609 0.047166865 5.992649e-14 0.0012289779 0.022799594 0.36915898 0.89227825 0.51030046 0.002640079 0.0007169696 2.6886823e-05 0.23085338 7.0265205e-06 4.3905848e-06 0.00021082898 6.0011866e-05 1.0830497e-05 0.001055201 1.1626399e-05 1.0968273e-05 1.03347e-05 7.334357e-06 7.734799e-06 9.0793705e-08 6.735759e-06 1.3418971e-06 2.4349896e-05 6.5958244e-05 3.323596e-05 0.0067620706 1.8631026e-05 1.4317433e-05 0.10586481 4.6262437e-07 0.0012889218 8.4335334e-05 9.3650715e-06 2.9008675e-06 0.0003124578 6.935727e-05 0.00094182865 4.050618e-06 4.4866078e-07 5.0266585e-06 0.0001383868 1.1946274e-06 4.33632e-05 7.897165e-05 5.054096e-06 1.0021284e-05 1.3627092e-06 1.8138984e-05 2.0976134e-07 2.527166e-05 0.00024488964 8.220328e-06 2.8356937e-06 1.4970201e-06 9.729877e-07 6.4902156e-07 7.6523327e-07 2.9411774e-07 1.0228213e-06 9.179355e-06 6.071964e-08 7.436124e-07 7.8040394e-08 1.0567948e-06 2.823066e-06 4.5391034e-06 5.9500485e-06 0.0008240351 5.0596543e-07 1.4703411e-07 1.9110546e-08 2.3507315e-08 5.433569e-08 1.7646391e-06 1.6138101e-07 1.0026053e-07 6.004716e-08 4.6508678e-08 4.8300694e-07 0.0005132233 4.387956e-06 2.1420565e-06 3.1787806e-08 1.7521018e-07 6.1914007e-09 7.3524816e-06 4.451016e-06 1.9647103e-05 2.15358e-08 0.00018120423 0.0003897141 2.6414978e-05 1.9618812e-05 9.899749e-05 1.8434559e-09 2.2246388e-08
0.00083465315 0.004804469 0.014078851 0.0012289779 5.6467607e-13 0.34035838 0.054546267 0.0011093143 0.0018482796 0.1351485 0.2752624 0.63205934 0.0014064804 0.1968891 0.06887626 0.0004995319 0.0072512813 0.016437365 0.00021963491 0.02490403 0.0005424064 0.0013386564 0.0017256885 0.0023159608 0.010783625 0.000652005 0.00056854164 0.006646612 0.009093124 0.0017568221 7.922166e-06 0.0003505193 0.00021859906 9.697342e-05 3.6646736e-06 0.00019706071 1.38444275e-05 2.150287e-09 5.4361586e-05 1.2094368e-06 2.653729e-05 1.6266613e-05 5.8597125e-06 0.00021331172 1.2372072e-05 1.4233318e-06 8.54769e-06 3.6734737e-06 9.815896e-06 1.9960002e-05 6.079607e-06 5.4977576e-05 2.7595347e-06 2.7899712e-06 1.034234e-07 4.2561453e-08 7.072468e-05 1.876428e-05 2.6567309e-06 1.4104928e-05 5.697792e-06 1.2324567e-05 9.0976454e-07 1.064172e-05 1.9483632e-05 2.0888585e-06 8.022571e-06 6.7946917e-07 1.6390473e-05 1.11466425e-05 1.9104325e-05 4.0556634e-07 1.1641184e-06 4.0510968e-06 4.4012143e-07 8.2770846e-08 1.7876661e-07 3.7694292e-07 4.0591717e-06 1.1670741e-06 7.0878286e-07 7.961433e-07 1.7615065e-08 3.9625607e-07 5.155274e-06 6.592048e-06 2.8225597e-06 1.2936516e-08 7.630933e-06 1.1534716e-08 2.0138787e-06 3.123583e-06 6.1183186e-05 1.7151033e-06 0.00020985288 4.3231398e-07 7.960591e-05 0.0007750054 5.6827787e-07 4.703472e-09 1.0742478e-06
3.0469402e-05 0.00010532631 0.0015008935 0.022799594 0.34035838 3.4311338e-23 0.0014010186 0.010186845 0.0006879817 0.00044015882 0.0014573882 0.00045995894 0.0031608383 0.0012082709 1.2351176e-06 6.739881e-07 4.2173596e-07 6.334017e-06 1.9577748e-05 7.809828e-05 8.4202846e-08 1.2471528e-06 2.6089751e-06 1.7164934e-05 0.012813977 1.4841277e-07 5.013026e-07 6.888687e-05 0.0004565634 4.886856e-05 1.31379e-07 0.0038657384 0.004493027 4.1857264e-12 1.37218725e-08 2.7189335e-05 7.6989767e-07 1.1700076e-09 4.0589915e-05 1.7665199e-08 3.4546847e-05 3.7952494e-05 5.4711734e-08 6.768093e-05 0.000111467976 1.4736423e-08 1.15037e-07 4.256324e-08 5.5629083e-05 4.3718723e-07 1.0162188e-07 0.0011967359 1.9926555e-08 4.001453e-06 1.3651233e-08 3.787735e-07 1.3070642e-05 0.00016404728 1.6666702e-08 8.9093104e-05 5.1969705e-06 2.468356e-05 1.518253e-06 1.2536582e-05 4.405832e-06 2.5974374e-05 2.1897044e-06 1.7415816e-05 6.372799e-05 5.7189086e-06 4.214065e-06 9.775126e-10 2.3320997e-08 1.8109876e-07 3.7188868e-09 6.282487e-09 7.4124616e-11 7.548732e-11 8.3865814e-07 1.6285269e-09 2.85576e-10 7.313368e-08 1.1675781e-12 6.0394116e-13 5.0230225e-13 5.875016e-10 2.2884198e-08 6.2015905e-12 8.880778e-08 4.2153843e-13 7.3163385e-12 1.240511e-10 4.335327e-07 5.6313322e-11 1.6958445e-08 5.1436866e-18 3.23041e-08 1.1650824e-06 8.7129824e-11 1.3616073e-12 9.633848e-09
0.06458245 0.03466635 0.030806947 0.36915898 0.054546267 0.0014010186 9.0575695e-17 0.62785035 0.8327367 0.68371713 0.33471254 0.003996722 0.5354511 0.00021614833 0.013326131 0.4437182 0.0063359328 0.0042729415 0.48103085 0.0013204538 0.053673342 0.025936993 0.021210857 0.03775681 9.006171e-06 0.013730357 0.019515479 0.0245991 0.00030381908 0.0030855353 0.0047051352 0.15019779 1.777308e-06 0.0010561454 0.005685579 0.08793983 0.08645733 4.093156e-07 0.022269435 0.00054201036 0.036850102 0.006888638 0.014093842 0.006997218 0.023129622 0.0005882512 0.0036933385 3.794182e-05 0.012039247 0.0006617256 0.00019845103 0.0067937793 0.00084936176 0.0013308706 0.00075054547 0.00012508502 0.00013633567 0.00039294208 2.4373292e-05 0.0003783048 0.00038827787 0.0009263631 5.22861e-05 0.000998358 0.0021825694 0.0002051078 2.408017e-05 7.774553e-05 0.00033762777 0.0013964539 0.0006968117 0.00014473518 0.00042325968 2.048434e-05 4.11076e-05 1.0679358e-05 4.6517507e-06 9.639653e-06 0.00013010108 1.8474426e-05 1.7661268e-05 7.926369e-06 1.0440385e-06 2.1117881e-05 0.00027864138 0.00012902364 5.873201e-06 1.0519661e-06 1.1957478e-06 1.286846e-06 0.0003142835 0.00029003035 6.8513094e-05 4.0629147e-05 5.974325e-05 0.00018492732 2.6137828e-05 8.034351e-05 0.00018301808 6.2884874e-07 8.039148e-07
0.036689665 0.005459179 0.002916574 0.89227825 0.0011093143 0.010186845 0.62785035 6.6792e-15 0.84233415 0.0060456223 0.0018708106 1.5500365e-05 0.85427636 8.590414e-06 6.964108e-05 0.0046983687 0.000104387334 5.5161705e-05 0.03444043 3.0344192e-05 0.00023305905 0.00021489414 0.00018789289 0.0003727933 5.7364755e-06 0.00015723702 4.671581e-05 0.0001927712 5.4425254e-06 1.2526701e-05 0.08295512 0.0037541434 6.0839047e-06 0.0006452721 4.9341656e-06 0.04503487 0.009972899 0.00010914282 0.00013500224 0.0070057483 0.011328328 0.02763922 0.00016232715 2.5330826e-05 0.0017107648 0.0019727405 6.5278895e-05 8.691894e-07 0.015831353 1.9495712e-05 4.8635557e-06 0.00017438112 6.660698e-05 1.62521e-05 0.0016267089 0.002295514 4.1664275e-06 4.816436e-05 1.0351143e-05 1.2631728e-05 1.7113169e-05 3.7206926e-05 7.712314e-07 0.000105386694 0.0031867488 5.938685e-07 3.8141404e-06 4.487875e-07 3.4890274e-06 0.0007139258 0.00025720397 0.0004428886 0.0022906275 6.2509293e-06 5.9003447e-08 2.1878193e-08 8.205109e-08 1.403269e-07 2.5955985e-06 3.7447566e-07 2.691894e-07 1.8354392e-07 5.4821108e-08 1.4370282e-06 0.0010743069 0.00010289193 9.332252e-06 2.5061906e-08 7.480276e-08 2.6481717e-07 0.00044536742 0.0003319334 1.8588185e-05 3.221671e-07 4.6821384e-05 0.00036279956 2.7756842e-05 7.6901315e-06 0.00047629452 1.6323716e-08 1.8095607e-08
0.017979195 0.0048315856 0.0032550204 0.51030046 0.0018482796 0.0006879817 0.8327367 0.84233415 3.2955517e-15 0.021205015 0.0041206414 0.00044490452 0.80513513 0.00011920247 0.0019671419 0.081814066 0.0016716027 0.0011024448 0.11838227 0.00046474606 0.0038122227 0.002049202 0.0018622548 0.0036681283 0.00021096214 0.0018978374 0.0018170895 0.005511026 0.00031172295 0.0017305064 0.016326638 0.012690048 9.377521e-06 0.0003521015 0.00033598722 0.050568648 0.04122749 7.031772e-07 0.0026759254 0.0018733582 0.016545547 0.00625098 0.0033899772 0.0008500841 0.0046269875 0.0018118541 0.0014992125 5.65962e-05 0.009122146 0.0010166425 0.0005368098 0.0008794777 0.0013830749 0.00023784097 0.00072153274 0.0005132918 0.0002742443 8.218138e-05 6.728771e-05 4.6884517e-05 0.00018727803 0.00020693384 1.5905292e-05 0.00029641707 0.002822381 1.0077137e-05 1.0508396e-05 8.695158e-06 0.0001442123 0.0010182213 0.00055798073 0.00019477567 0.0013081728 3.8882314e-05 1.2261682e-05 1.1706758e-06 2.7610693e-06 4.654888e-06 7.4419036e-06 3.187635e-05 7.5780076e-06 3.6375647e-07 1.3121867e-06 4.370195e-06 0.0006689191 0.00018234247 4.1869593e-05 3.817632e-07 4.5129696e-07 7.442006e-07 0.00077544374 0.0004765142 3.4008164e-05 1.6846747e-05 3.5527824e-05 0.00026929742 1.0275468e-05 1.1127928e-05 0.00013846878 7.477922e-08 3.749522e-08
0.015934704 0.0019921283 0.005436755 0.002640079 0.1351485 0.00044015882 0.68371713 0.0060456223 0.021205015 3.0178183e-15 0.9042541 0.036036804 0.010465921 0.0023141303 0.12666859 0.11654893 0.020916414 0.012307853 0.0377443 0.003508601 0.037328266 0.025293514 0.024334894 0.03399779 1.2606576e-05 0.017865535 0.038956035 0.017050875 0.00035562445 0.002448128 8.1285616e-05 0.032820057 3.4317867e-07 5.473969e-05 0.010858728 0.001357671 0.002326511 2.220154e-08 0.008216343 1.9067884e-05 0.0054283985 0.00023493043 0.002352232 0.006234727 0.0037589064 1.8724848e-05 0.0015408694 1.7275474e-05 0.00043474152 0.00021769947 7.313958e-05 0.008469061 0.0002715056 0.00010030907 4.3776986e-06 1.4105352e-06 3.84519e-05 0.0007864716 1.4053477e-05 0.00020299178 7.720616e-05 0.00016867075 4.084391e-05 0.000120676166 7.270361e-05 0.0004237815 2.728716e-05 0.00010458343 0.00022416469 3.1742627e-05 9.261276e-05 1.9324232e-05 2.424377e-05 2.3884484e-05 1.0565161e-05 2.370069e-07 1.9903346e-06 1.976025e-06 2.080597e-05 1.4253987e-05 6.1365936e-06 5.302927e-07 1.1545646e-06 1.6509119e-05 5.2032516e-05 3.5835506e-05 2.0557083e-05 4.2570247e-07 9.201147e-07 1.2827204e-06 6.339163e-05 8.8759385e-05 4.3462976e-05 5.509932e-06 0.00029446144 3.6187455e-05 6.082858e-05 1.695011e-05 1.3425378e-05 9.514734e-08 1.3671303e-07
0.053738605 0.00068732066 0.004575782 0.0007169696 0.2752624 0.0014573882 0.33471254 0.0018708106 0.0041206414 0.9042541 1.4615571e-13 0.21580917 0.006317798 0.012102111 0.5234311 0.03543335 0.09441238 0.03674572 0.01049794 0.018716536 0.023193972 0.023884606 0.034237362 0.048004206 0.0016408248 0.026144626 0.084023654 0.04050618 0.004588212 0.01170033 5.1915933e-05 0.03082854 1.16610445e-05 0.00021377912 0.011599328 0.0017089938 0.0019979551 1.3953148e-08 0.008575006 1.8709994e-05 0.0029115079 0.00024385161 0.0021490299 0.011705295 0.0031158356 2.987073e-05 0.0032192743 9.545942e-05 0.00064014207 0.0006747937 0.0002954685 0.020968951 0.0006696037 0.0007427882 6.678702e-06 5.202629e-06 0.00020282884 0.0027963482 0.0002528303 0.0010625621 0.00014893504 0.0004787096 0.00024150532 0.0004259884 0.0002163682 0.0015949958 0.00027829668 0.0008436578 0.0007079706 8.476333e-05 0.0001847498 2.3568677e-05 3.017094e-05 0.00019281532 3.3211843e-05 1.9117147e-06 2.155893e-05 1.5270172e-05 0.00014624854 5.9552516e-05 4.428527e-05 2.350105e-05 5.8504434e-06 0.0001278534 3.3561573e-05 2.9005978e-05 7.1433715e-05 1.013781e-06 3.1343898e-05 1.7312303e-05 0.000103740356 7.068469e-05 9.897284e-05 0.0001354717 0.0009432175 3.7396392e-05 0.00017970393 0.00015379043 2.1524582e-05 3.1845552e-06 9.013931e-06
0.0070023583 1.695239e-05 0.00034504256 2.6886823e-05 0.63205934 0.00045995894 0.003996722 1.5500365e-05 0.00044490452 0.036036804 0.21580917 9.031968e-17 0.00048837555 0.91272223 0.48778906 0.002028097 0.13129446 0.26515767 0.00063030055 0.36905643 0.0012280582 0.0025340929 0.0050546704 0.0045209243 0.0072967294 0.0029430129 0.030755186 0.076542795 0.051461875 0.042429633 1.6987218e-05 0.0019136354 3.434806e-05 9.981405e-06 0.0013970932 0.0004590761 0.00010696394 1.0618781e-08 0.0014139932 1.5854861e-05 0.0001088474 0.00012052206 7.947711e-05 0.005172493 0.000114740025 2.2695429e-05 7.93041e-05 0.0001041448 2.8613611e-05 0.00044682686 0.0002755958 0.002992793 0.00010784947 5.7663083e-06 3.7384568e-06 5.8847338e-08 0.0005411023 0.00040644108 8.745829e-06 5.515329e-05 5.1301968e-06 2.0370806e-05 0.00010283552 1.710976e-05 8.769199e-06 0.00015195568 6.582669e-06 6.492495e-05 6.1026716e-05 4.5167694e-06 1.949934e-05 4.529752e-05 8.366965e-06 5.125065e-05 3.457122e-06 3.2781884e-06 5.79631e-07 6.357174e-07 4.3606983e-06 1.0077809e-05 9.528076e-06 2.0463193e-07 1.8514321e-07 4.8217644e-06 2.0188447e-05 6.191256e-06 4.4548597e-06 2.566985e-07 1.4742228e-06 3.6141648e-07 5.6574313e-06 1.4932609e-05 0.00013425102 1.7680386e-06 0.0007307969 1.8972518e-06 0.00011248341 4.2207233e-05 1.8546316e-06 4.4930456e-08 3.5978508e-07
0.17644063 0.0020569647 0.0026045651 0.23085338 0.0014064804 0.0031608383 0.5354511 0.85427636 0.80513513 0.010465921 0.006317798 0.00048837555 5.576637e-15 0.00015211938 0.0021624092 0.04500432 0.0019770516 0.00058847456 0.17454778 0.00068673526 0.0037829543 0.0027659878 0.0020445504 0.0054045385 0.000408427 0.0016012981 0.0008909741 0.0012667618 5.156422e-05 0.00013663908 0.2426688 0.037022565 1.2857463e-05 0.00028942662 5.851847e-05 0.25374225 0.07507478 0.000114512535 0.003240791 0.021461211 0.06407427 0.09215232 0.005059548 0.000459077 0.0142203225 0.007686033 0.0014039953 8.8095085e-06 0.070789166 0.0001649218 4.863094e-05 0.0010455776 0.0012381746 0.00097209954 0.00703191 0.004939694 8.968426e-06 0.00023734632 2.598354e-05 0.000109630615 0.00036207787 0.0003888632 2.0205598e-06 0.0015968436 0.01771199 5.136194e-06 2.423115e-05 1.9434613e-06 3.312429e-05 0.0068015135 0.0017542238 0.002427415 0.009201468 3.9585157e-05 3.0929252e-07 1.0266281e-07 4.5714086e-07 4.855322e-07 9.192478e-06 1.0150212e-06 2.2272235e-07 2.1029874e-07 6.720074e-07 2.858372e-05 0.0035103732 0.0020456142 1.6926124e-05 5.8750107e-08 7.868579e-08 8.430273e-06 0.0044081206 0.002260001 6.6158645e-05 4.41506e-06 0.00023972352 0.0022893392 7.779982e-05 4.181249e-05 0.001964448 2.7112094e-07 5.963227e-08
0.011823047 1.789132e-06 9.525844e-05 7.0265205e-06 0.1968891 0.0012082709 0.00021614833 8.590414e-06 0.00011920247 0.0023141303 0.012102111 0.91272223 0.00015211938 5.514882e-16 0.40235174 8.700968e-05 0.12420045 0.3377273 2.7841972e-05 0.7482235 0.00014017143 0.0002966071 0.0011766007 0.0008975151 0.09344162 0.0005923216 0.010810181 0.07433849 0.46247274 0.09950007 4.7639805e-06 0.00018181649 0.0021210092 5.699025e-06 4.133372e-05 0.0007130593 3.1429623e-05 4.1780517e-09 0.00028053555 4.115359e-06 3.8578622e-05 0.000129593 8.995202e-06 0.003358269 1.4109933e-05 7.661633e-06 4.072877e-05 0.0003908879 1.3955019e-05 0.00031207872 0.00016949329 0.0013305653 3.4917557e-05 3.967516e-06 2.4794151e-06 1.818862e-08 0.005541643 6.7561945e-05 7.3974734e-06 1.6818429e-05 5.7177854e-06 7.638265e-06 3.3388224e-05 5.9115364e-06 1.9811245e-05 4.8892147e-05 2.2128656e-06 2.635351e-05 1.5305468e-05 9.725817e-06 6.7662827e-06 8.889023e-06 4.563793e-06 2.4994333e-06 2.5027512e-06 4.3100345e-06 1.6550688e-07 1.0718782e-07 1.8017342e-06 6.761596e-07 5.7170982e-06 1.7130671e-07 2.1780474e-08 3.7070972e-06 7.0115593e-06 1.2414639e-06 6.4023825e-06 2.082287e-08 4.5779265e-07 2.8110074e-07 3.7562484e-07 2.2332417e-06 1.4642235e-05 1.3484829e-05 3.839265e-05 2.1128042e-08 2.2771983e-05 2.8389913e-05 2.0032896e-06 5.8390835e-08 1.2371712e-06
0.03550536 5.7444904e-06 0.00016311237 4.3905848e-06 0.06887626 1.2351176e-06 0.013326131 6.964108e-05 0.0019671419 0.12666859 0.5234311 0.48778906 0.0021624092 0.40235174 1.1142864e-17 0.018642977 0.8955241 0.8419823 0.005535762 0.6515634 0.039127823 0.050602723 0.13288817 0.05662174 0.001488534 0.13112304 0.7361904 0.6106125 0.07518146 0.26375565 5.222187e-05 0.015281675 8.005081e-07 7.6253275e-07 0.31359175 0.0020834445 0.0015103443 4.4812946e-08 0.033521682 3.6615627e-05 0.0014275248 0.0018342435 0.006516961 0.09878086 0.0037986045 7.059462e-05 0.0088998005 0.0029617746 0.00050087855 0.015667124 0.009037535 0.0557859 0.026812645 0.00088947854 0.0001591008 1.9486706e-06 0.0028837319 0.018283118 0.004210486 0.0031801714 0.00022385706 0.0009882775 0.001810084 0.00043303464 0.00035619896 0.0062204725 0.00026893118 0.0053784545 0.0021774818 0.00020533522 0.00022599888 0.000121836245 4.5214525e-05 0.00013940927 0.00026977502 4.139522e-05 0.0001719032 7.870977e-05 0.00041410953 0.00024333612 0.00016233891 0.0001061692 1.0328641e-05 0.00019747046 5.4828768e-05 8.660605e-06 1.794449e-05 6.5159315e-06 9.631213e-05 1.5577454e-05 1.904722e-05 3.2559812e-05 0.00015868529 6.3443913e-06 0.00041968236 1.9958517e-05 0.00018082325 9.409381e-05 3.6473815e-05 7.900363e-06 5.3082626e-06
0.25307202 0.00012436337 0.00040830256 0.00021082898 0.0004995319 6.739881e-07 0.4437182 0.0046983687 0.081814066 0.11654893 0.03543335 0.002028097 0.04500432 8.700968e-05 0.018642977 2.903402e-16 0.008322881 0.006424438 0.8794868 0.0024490107 0.6857713 0.3498507 0.23253414 0.4236556 1.5485783e-05 0.21894582 0.19038796 0.019145103 0.00055585516 0.0057003414 0.0018387499 0.6454137 5.72617e-07 2.2571598e-05 0.45611078 0.15993382 0.25074092 4.7122273e-07 0.32772908 0.0010971393 0.11500713 0.009751052 0.27207792 0.068828054 0.1561998 0.0012129716 0.14573483 5.552742e-05 0.043688398 0.0035391173 0.0009682898 0.10371317 0.008378156 0.09102785 0.0012558004 0.00034417544 0.00040495265 0.036982186 0.0014625578 0.021595309 0.035728805 0.025350042 0.0007598759 0.02348896 0.013444521 0.013708932 0.005460098 0.009423026 0.009071603 0.010029324 0.012238797 0.0005176439 0.0011434421 0.0018518666 0.00043918373 5.3244286e-05 0.0005260144 0.00024471802 0.0011878917 0.00040282108 0.00036203366 0.0004149561 7.45795e-05 0.0003312573 0.00065168925 0.0014792534 6.510208e-05 4.1175874e-05 0.00032676637 1.9284023e-05 0.0019379606 0.002071708 0.0014584956 1.6639411e-05 0.0010329267 0.00027209037 0.0004714111 0.0014393716 0.0009807381 6.452579e-06 2.5721876e-05
0.03681917 1.09879775e-05 0.00011167577 6.0011866e-05 0.0072512813 4.2173596e-07 0.0063359328 0.000104387334 0.0016716027 0.020916414 0.09441238 0.13129446 0.0019770516 0.12420045 0.8955241 0.008322881 2.5610484e-18 0.8627096 0.004331325 0.52641714 0.018758362 0.03675719 0.07741453 0.044687323 0.00060111674 0.09069158 0.7681663 0.762575 0.1581506 0.53470457 5.481957e-05 0.009228395 3.388944e-07 6.8802234e-07 0.32933828 0.0010661779 0.0008083154 5.9254834e-08 0.025239514 2.4288434e-05 0.00091088505 0.001300731 0.0031789585 0.114035845 0.0027160596 4.0795596e-05 0.007696992 0.02638898 0.000261836 0.060714263 0.055257816 0.054577973 0.061501034 0.0011138971 1.8462202e-05 3.4928078e-07 0.015238249 0.022447195 0.017005017 0.00501904 0.0002515736 0.0016271509 0.005518852 0.00025614453 0.00015216508 0.008529158 0.00066160155 0.008991498 0.0033556377 8.630713e-05 0.00016652135 1.2565215e-05 1.6996746e-05 0.00019138526 0.0010412703 0.00046199412 0.0015616395 0.0002881564 0.00045924843 0.00059772347 0.00067762146 0.00028616848 0.00018046147 0.00065572775 1.513746e-05 6.247043e-06 0.0001398755 9.214767e-05 0.000279887 8.146045e-05 1.5494943e-05 2.628614e-05 0.00020192598 0.00016564105 0.00024839476 1.3754299e-06 0.00016723275 8.771285e-05 1.6453965e-05 5.978657e-05 1.5860714e-05
0.1094538 2.653371e-06 9.937235e-05 1.0830497e-05 0.016437365 6.334017e-06 0.0042729415 5.5161705e-05 0.0011024448 0.012307853 0.03674572 0.26515767 0.00058847456 0.3377273 0.8419823 0.006424438 0.8627096 3.5444776e-18 0.0016204208 0.7896412 0.008397135 0.015071422 0.0385193 0.024264934 0.012174816 0.03578338 0.62655175 0.77736485 0.5448812 0.6731954 8.505139e-06 0.0035810194 1.2469298e-05 9.143794e-06 0.09310448 0.0015002609 0.0013323842 3.508803e-09 0.010287148 9.074164e-07 0.0015122583 6.237153e-05 0.0036939043 0.07188506 0.0013297528 5.122126e-06 0.005691096 0.06779443 4.8277718e-05 0.029377628 0.06335212 0.047422674 0.020567488 0.0004375439 8.914614e-07 5.623205e-08 0.03724195 0.011091095 0.0041752765 0.0027791937 0.00042328832 0.0006535265 0.0029212604 0.00028434905 6.664212e-05 0.0071979156 0.00071216834 0.0067451796 0.0018658367 1.6880262e-05 0.00014398158 1.17799955e-05 1.4292201e-06 0.000375691 0.00035859284 0.0004109582 0.0002076069 3.3140976e-05 0.00028176248 8.186934e-05 0.000180069 0.00011638454 2.3249373e-05 0.00024937408 2.0056037e-05 1.5329864e-05 0.00021442513 1.8744768e-05 0.000113221606 0.00013325292 1.9347171e-05 2.6410675e-05 0.00012499522 0.00037497902 0.00053012214 1.0230739e-06 0.00011829299 0.00014163449 2.387065e-06 3.642383e-05 2.9771332e-05
0.76443076 8.282064e-05 0.00033843677 0.001055201 0.00021963491 1.9577748e-05 0.48103085 0.03444043 0.11838227 0.0377443 0.01049794 0.00063030055 0.17454778 2.7841972e-05 0.005535762 0.8794868 0.004331325 0.0016204208 9.431474e-16 0.0009774113 0.1940497 0.06054941 0.028824605 0.07556538 3.8616243e-05 0.028757723 0.010622137 0.007266504 6.418678e-05 0.00050821056 0.013152112 0.72429305 2.1138142e-06 2.7422293e-05 0.10445099 0.3904444 0.43186986 8.97385e-08 0.18894736 0.0018960682 0.29577142 0.027519846 0.16507827 0.010227716 0.23734495 0.0019536512 0.05200128 5.4889664e-05 0.13954552 0.0002448665 9.038761e-05 0.0564918 0.0013880553 0.08008217 0.0012796446 0.00044408234 1.4570789e-05 0.010990358 6.195057e-05 0.014330725 0.032579567 0.040700924 2.90477e-05 0.0452592 0.06128597 0.0017636602 0.00198734 0.00048182966 0.0030658254 0.04669825 0.035523634 0.0011654259 0.0016281235 0.0018159938 1.3864814e-05 9.949623e-08 1.714025e-05 1.6847998e-05 0.000444011 5.021287e-06 1.1015053e-06 2.7571054e-05 1.0327183e-05 4.8360707e-05 0.0016186833 0.0075705606 5.4611282e-06 3.2325922e-06 1.8264816e-05 3.4459401e-06 0.0038613172 0.009092687 0.0021112417 1.2393464e-06 0.0012626033 0.0009040391 0.00020830975 0.0016523413 0.008836733 6.675025e-07 1.2057448e-06
0.08277207 1.4479095e-06 4.510044e-05 1.1626399e-05 0.02490403 7.809828e-05 0.0013204538 3.0344192e-05 0.00046474606 0.003508601 0.018716536 0.36905643 0.00068673526 0.7482235 0.6515634 0.0024490107 0.52641714 0.7896412 0.0009774113 4.12117e-16 0.003711907 0.005999914 0.015416322 0.011813269 0.05660104 0.011640136 0.2584678 0.5969469 0.83361274 0.7568449 4.653202e-06 0.0014614473 0.00014415717 4.103095e-05 0.005022296 0.0005444447 0.0010478535 3.3691028e-09 0.0034932296 8.170373e-07 0.0007604286 2.7774158e-05 0.00087143265 0.041073974 0.00045841243 1.2306831e-05 0.00092268945 0.10743774 2.3434874e-05 0.010964066 0.026662674 0.01783997 0.003958284 7.34334e-05 7.386811e-07 1.01358424e-07 0.08695915 0.0022030515 0.001173148 0.0004111544 0.00020512188 7.8791265e-05 0.0026788553 3.883073e-05 4.9450315e-05 0.0013383506 0.00019713253 0.0016797504 0.00042286972 2.4453779e-05 2.5545816e-05 1.2327012e-05 1.7199238e-06 9.3645845e-05 0.00017807436 0.00026162458 4.661812e-05 9.437154e-06 0.00018056735 2.8571974e-05 9.886823e-05 1.533162e-05 7.868121e-06 0.00010951306 9.951333e-06 7.796445e-06 7.638932e-05 2.9623732e-06 1.7969287e-05 2.5217782e-05 5.3564304e-06 1.5313544e-05 0.000100303616 0.00014959827 0.00054014934 2.129612e-07 0.000121963436 0.00033050752 1.4654983e-06 5.999444e-06 9.526889e-05
0.2058407 6.6378475e-06 4.241642e-05 1.0968273e-05 0.0005424064 8.4202846e-08 0.053673342 0.00023305905 0.0038122227 0.037328266 0.023193972 0.0012280582 0.0037829543 0.00014017143 0.039127823 0.6857713 0.018758362 0.008397135 0.1940497 0.003711907 7.486394e-17 0.8625773 0.73400396 0.8620534 1.2082368e-06 0.72502726 0.42710173 0.022474227 0.0002876219 0.004742897 0.00011359453 0.40582803 5.110759e-07 2.4202063e-06 0.5902368 0.0039894846 0.020788355 7.064402e-08 0.2621407 1.4784827e-05 0.01735554 0.0009985423 0.054842643 0.1333039 0.03612792 9.3340466e-05 0.053899027 3.967821e-05 0.00276464 0.0011050069 0.0004762103 0.17218947 0.0062881135 0.019926125 1.795858e-05 3.4446552e-06 0.00022168073 0.06593352 0.00045164037 0.025581028 0.007615678 0.013902558 0.00038030645 0.0104894545 0.0022081535 0.0153211765 0.0024865074 0.010209604 0.0055346508 0.0012842268 0.0038850305 0.0002254648 7.714654e-05 0.0012477114 8.522722e-05 1.8752322e-06 0.00012514766 1.990871e-05 0.0009241465 5.7452602e-05 3.860991e-05 0.00031851445 7.268607e-05 0.00025598798 0.00016766325 0.0006655638 2.5765456e-05 3.9181552e-05 0.00035667658 1.2600471e-05 0.0013005501 0.0008608252 0.0011895719 2.5795587e-06 0.00086884724 6.2639476e-05 0.00038218088 0.0006533019 0.00019675726 4.531037e-06 4.251471e-05
0.28907892 8.300095e-06 8.6678316e-05 1.03347e-05 0.0013386564 1.2471528e-06 0.025936993 0.00021489414 0.002049202 0.025293514 0.023884606 0.0025340929 0.0027659878 0.0002966071 0.050602723 0.3498507 0.03675719 0.015071422 0.06054941 0.005999914 0.8625773 5.162285e-17 0.77346826 0.86362743 4.209703e-06 0.75421923 0.5343813 0.032955613 0.0009266042 0.004841932 4.8156733e-05 0.1837133 1.447745e-06 2.3949865e-06 0.5022614 0.0026374795 0.005434277 2.0858952e-09 0.16182801 2.9666649e-06 0.009710757 0.00016446617 0.022429202 0.13044448 0.022365147 4.6003086e-05 0.02744233 7.493425e-05 0.0013410432 0.0008359141 0.00028888366 0.15773575 0.006848366 0.011616459 2.943373e-06 4.7274636e-07 0.00013553281 0.060152955 0.00024188127 0.029169865 0.0069547896 0.009729821 0.00030364556 0.0056064185 0.00076155906 0.0167731 0.0032697383 0.011269334 0.0050255326 0.00031639735 0.0020941335 0.00015920128 1.0821339e-05 0.0016655716 6.169187e-05 2.0638456e-06 5.0114973e-05 8.787055e-06 0.0014227022 1.8798026e-05 2.1181175e-05 0.00030299992 3.0694384e-05 0.00017577864 3.4519475e-05 0.00020429668 2.6358888e-05 2.7396049e-05 0.00029754883 1.2344505e-05 0.00088990957 0.00032378588 0.0010135288 3.0461224e-06 0.0010292112 1.5178788e-05 0.00037641183 0.0008636066 0.0001220961 4.028109e-06 0.00016049352
0.4054836 7.9844e-06 8.408805e-05 7.334357e-06 0.0017256885 2.6089751e-06 0.021210857 0.00018789289 0.0018622548 0.024334894 0.034237362 0.0050546704 0.0020445504 0.0011766007 0.13288817 0.23253414 0.07741453 0.0385193 0.028824605 0.015416322 0.73400396 0.77346826 1.4138012e-17 0.8075274 6.8692125e-06 0.8617681 0.7090182 0.062075634 0.0024988735 0.010796745 1.4281212e-05 0.11793272 5.444249e-06 3.4122993e-06 0.55189556 0.0013273361 0.004434152 8.975073e-10 0.1459703 1.4803527e-06 0.0062208707 5.0007267e-05 0.019764861 0.18500939 0.016081244 2.048604e-05 0.024132783 0.00011260943 0.000607601 0.001032806 0.00034729007 0.17987373 0.009801164 0.011887291 9.848605e-07 3.5743352e-07 0.00031321798 0.064855725 0.0004112111 0.032483883 0.0072719464 0.010283288 0.0005206366 0.0050723874 0.0005379888 0.018629773 0.0032158098 0.0131670395 0.0058565536 0.00016735017 0.0013984189 6.3300104e-05 5.55747e-06 0.0012439647 0.00011661686 5.9466333e-06 0.00010021728 1.5244708e-05 0.0009982851 2.5110698e-05 3.749356e-05 0.00028851745 6.135263e-05 0.0002304058 1.4700987e-05 0.00018172548 3.2328684e-05 6.547779e-05 0.00027931554 2.5445324e-05 0.0013604518 0.00027952043 0.0012160972 1.1227179e-05 0.001425591 5.088696e-06 0.00047888546 0.0012014651 0.0001499322 2.0197635e-05 0.00026819995
0.39651915 2.358725e-05 0.00021516424 7.734799e-06 0.0023159608 1.7164934e-05 0.03775681 0.0003727933 0.0036681283 0.03399779 0.048004206 0.0045209243 0.0054045385 0.0008975151 0.05662174 0.4236556 0.044687323 0.024264934 0.07556538 0.011813269 0.8620534 0.86362743 0.8075274 8.600658e-18 5.6510635e-06 0.7472067 0.5088291 0.033605736 0.0011009151 0.0075413906 6.9697024e-05 0.22826985 2.869777e-06 4.0931773e-06 0.5426063 0.002270303 0.009004996 1.5208634e-09 0.18268357 3.781879e-06 0.016260821 0.00012299423 0.02781113 0.15939797 0.031525802 2.3097768e-05 0.033528324 8.510191e-05 0.0011701585 0.00097379996 0.00030412897 0.17728648 0.006299049 0.017239286 1.0664513e-06 5.934088e-07 0.00035759396 0.0749983 0.000462442 0.03683921 0.008390002 0.0149708735 0.0005721282 0.009036043 0.00083631126 0.019353705 0.003856163 0.012082749 0.007233199 0.00044234557 0.0022269392 3.742379e-05 1.1686685e-05 0.0012126298 0.00022640899 4.7919816e-06 0.0002037981 2.4090137e-05 0.0013971945 3.84541e-05 3.8772112e-05 0.00025769524 6.480302e-05 0.00020531916 1.0612684e-05 0.00020385179 2.8505705e-05 5.809952e-05 0.00029041478 2.7205599e-05 0.00095972203 0.0002832737 0.001315856 1.0810705e-05 0.0015399664 4.3621953e-06 0.00036649202 0.000950462 0.00011304812 2.2443302e-05 0.00018525052
0.002408156 8.207233e-09 9.831044e-06 9.0793705e-08 0.010783625 0.012813977 9.006171e-06 5.7364755e-06 0.00021096214 1.2606576e-05 0.0016408248 0.0072967294 0.000408427 0.09344162 0.001488534 1.5485783e-05 0.00060111674 0.012174816 3.8616243e-05 0.05660104 1.2082368e-06 4.209703e-06 6.8692125e-06 5.6510635e-06 1.3133791e-20 5.985277e-06 8.838451e-05 0.004433294 0.31612757 0.011435898 3.186735e-05 0.000121301084 0.34129927 5.3058093e-11 2.2634335e-06 0.0070013334 0.00028429538 3.082862e-11 0.000135313 7.4471495e-06 0.0020049815 0.00354802 9.3525174e-05 1.8740764e-05 0.00040466542 1.5004669e-07 1.7352286e-05 3.9777286e-05 0.00152538 8.193896e-06 9.873324e-06 0.00016498442 2.0996317e-06 8.774531e-05 2.1344988e-06 1.4863535e-08 0.016703509 4.42374e-05 8.9502896e-07 1.2182445e-05 6.475657e-05 0.00024366821 1.422095e-07 4.190754e-05 0.00010714118 2.6812065e-06 9.650954e-07 1.8793069e-06 1.3496536e-05 4.7916452e-05 2.9987124e-05 4.158189e-07 1.6265543e-07 4.7459392e-07 3.0828332e-07 5.2929913e-06 7.3715953e-09 9.222643e-09 1.3615139e-06 7.314038e-08 2.8269116e-07 5.825478e-08 4.6678863e-08 2.297908e-05 5.2407807e-09 5.130835e-07 7.927155e-06 1.3480408e-08 9.23486e-07 8.277669e-06 3.8469558e-08 4.608546e-07 9.867188e-06 9.342218e-06 7.3235686e-05 2.0490715e-14 5.3105134e-05 5.2334093e-05 4.9226005e-09 3.7277443e-06 1.1197261e-05
0.34810418 6.002357e-06 3.9437185e-05 6.735759e-06 0.000652005 1.4841277e-07 0.013730357 0.00015723702 0.0018978374 0.017865535 0.026144626 0.0029430129 0.0016012981 0.0005923216 0.13112304 0.21894582 0.09069158 0.03578338 0.028757723 0.011640136 0.72502726 0.75421923 0.8617681 0.7472067 5.985277e-06 6.3301945e-19 0.75644237 0.06743749 0.0018152648 0.010843336 1.30383705e-05 0.07862541 5.245119e-06 1.3143984e-06 0.6863402 0.000775337 0.004103293 2.008264e-09 0.18515243 1.6289829e-06 0.0036371867 4.0264706e-05 0.032361012 0.29614693 0.009452079 2.4354054e-05 0.038138755 0.00012795621 0.00023154261 0.002268393 0.00070587755 0.2013712 0.01614089 0.009655056 8.033983e-07 2.0885668e-07 0.00043751637 0.083877325 0.0007926195 0.027805319 0.005074744 0.008682331 0.0004976637 0.00441094 0.00016277966 0.016909441 0.0023855348 0.013443713 0.004588389 8.008869e-05 0.0008193999 3.3988224e-05 5.9102736e-06 0.0017436742 0.00015315042 1.4953571e-05 0.00033445514 3.5165685e-05 0.0006298097 5.8813763e-05 4.493811e-05 0.00028252447 0.00017362987 0.0002740798 8.814945e-06 0.00024226405 7.800509e-05 0.000103574195 0.00028984674 7.5980555e-05 0.001277481 0.000292071 0.0017621815 2.2606842e-05 0.0015308718 6.148661e-06 0.0003425666 0.0006460836 3.5902864e-05 2.128814e-05 0.00018386304
0.49957967 2.0774455e-06 1.6071232e-05 1.3418971e-06 0.00056854164 5.013026e-07 0.019515479 4.671581e-05 0.0018170895 0.038956035 0.084023654 0.030755186 0.0008909741 0.010810181 0.7361904 0.19038796 0.7681663 0.62655175 0.010622137 0.2584678 0.42710173 0.5343813 0.7090182 0.5088291 8.838451e-05 0.75644237 6.758769e-19 0.7648639 0.041614573 0.40942279 1.2511203e-05 0.017465975 1.7204374e-06 1.0696986e-06 0.7529126 0.00032258264 0.004307343 6.4735e-09 0.123822756 7.7564454e-07 0.0029248928 3.4185417e-05 0.031243144 0.59854513 0.0038749143 9.809588e-06 0.045396943 0.033458836 3.9941693e-05 0.21922056 0.14616653 0.28210908 0.27959076 0.008580532 1.5521673e-06 1.831636e-07 0.014008217 0.12023758 0.031077404 0.031338293 0.0028241042 0.005198235 0.0088307485 0.0009503754 9.541537e-05 0.04196281 0.0052640713 0.038998876 0.014106362 8.1186525e-05 0.00013895042 3.5017933e-05 2.662364e-06 0.0007024038 0.0024271673 0.00014237975 0.0044714576 0.0006060206 0.002652679 0.0005066453 0.00072138925 0.001576419 0.00057562103 0.0024967308 1.3687434e-06 9.078328e-05 0.00037990717 0.0001808122 0.0009913973 0.0005123499 0.00021858301 0.00016795854 0.0017679062 0.00011196819 0.0012801194 7.0406736e-06 0.0005986562 0.00087325624 1.3982102e-05 0.0003981059 0.00050921575
0.36766624 1.2545554e-05 0.00022766717 2.4349896e-05 0.006646612 6.888687e-05 0.0245991 0.0001927712 0.005511026 0.017050875 0.04050618 0.076542795 0.0012667618 0.07433849 0.6106125 0.019145103 0.762575 0.77736485 0.007266504 0.5969469 0.022474227 0.032955613 0.062075634 0.033605736 0.004433294 0.06743749 0.7648639 7.172374e-17 0.43875778 0.82839924 6.2670966e-05 0.008368658 6.2417557e-06 2.5772704e-05 0.15846613 0.00060402916 0.0024735287 3.1079277e-09 0.015722983 2.7517767e-06 0.0019302748 6.6575616e-05 0.007239445 0.21987247 0.00197428 9.950606e-05 0.012465388 0.2648537 2.0639865e-05 0.2800139 0.43123475 0.10773264 0.19504204 0.0013201793 5.424824e-06 5.4540527e-07 0.11130571 0.042956688 0.041090995 0.009073538 0.000706637 0.002107282 0.028639046 0.00044162688 5.636093e-05 0.032456104 0.0035984758 0.0380343 0.008141494 4.009473e-05 0.000217386 2.4521503e-05 5.2854148e-06 0.0006846303 0.007442585 0.0026344326 0.005622964 0.0005330887 0.002767052 0.00080681546 0.001756316 0.001905933 0.0011674276 0.0021700633 5.1860634e-06 4.386255e-05 0.0012827249 0.0003785778 0.0017435633 0.00070163916 0.00022798743 0.00010514045 0.0013332225 0.0006336588 0.0027468312 3.2718513e-06 0.00070105423 0.00089991494 4.8899932e-05 0.000711874 0.0005761213
0.04480291 8.343053e-08 2.7222295e-06 6.5958244e-05 0.009093124 0.0004565634 0.00030381908 5.4425254e-06 0.00031172295 0.00035562445 0.004588212 0.051461875 5.156422e-05 0.46247274 0.07518146 0.00055585516 0.1581506 0.5448812 6.418678e-05 0.83361274 0.0002876219 0.0009266042 0.0024988735 0.0011009151 0.31612757 0.0018152648 0.041614573 0.43875778 1.0632652e-14 0.7598491 2.2118858e-05 4.3618187e-05 0.001580084 1.0986887e-05 0.00028725233 0.0003685327 9.225222e-05 1.4041189e-09 0.00018992704 9.826887e-07 3.0178337e-05 7.417979e-05 0.000109503555 0.022919256 8.862976e-06 1.6280348e-05 0.00025238027 0.2835992 5.5412333e-06 0.012480285 0.04825849 0.007995465 0.0017555802 2.3931156e-05 1.1308186e-06 2.115152e-07 0.48942432 0.00095235964 0.0011984068 5.514303e-05 6.665146e-05 1.0008962e-05 0.005632861 2.4098376e-06 4.889751e-05 0.00024398374 8.661278e-05 0.00031655878 0.00011963399 1.3215648e-05 1.658787e-05 2.9203895e-06 2.9750214e-07 8.487928e-06 0.00016063731 0.0018601494 6.641404e-05 2.0462277e-05 9.577822e-05 3.2178945e-05 5.2883825e-05 1.7712173e-05 9.51646e-06 0.00026301274 5.8895483e-07 2.0053169e-05 0.000112841844 5.7246626e-07 5.146788e-05 7.620058e-05 6.4007645e-06 1.0025222e-05 0.000119804456 0.00012287604 0.0005740638 4.4351853e-10 0.00022908044 0.00044358626 3.476872e-07 5.60424e-05 0.00023795235
0.25509962 3.012929e-06 6.459225e-05 3.323596e-05 0.0017568221 4.886856e-05 0.0030855353 1.2526701e-05 0.0017305064 0.002448128 0.01170033 0.042429633 0.00013663908 0.09950007 0.26375565 0.0057003414 0.53470457 0.6731954 0.00050821056 0.7568449 0.004742897 0.004841932 0.010796745 0.0075413906 0.011435898 0.010843336 0.40942279 0.82839924 0.7598491 2.4030768e-17 5.8818555e-06 0.00042942818 5.3748113e-06 6.0903653e-06 0.032364972 0.00020367299 0.0009813518 5.364834e-10 0.0020804126 5.04214e-07 0.00044595523 2.4462315e-05 0.0011791771 0.0792332 7.8235455e-05 6.0179013e-06 0.0021695986 0.6687155 3.9409565e-06 0.20983462 0.46728832 0.032808702 0.065458536 4.5432065e-05 9.109687e-07 7.678434e-08 0.34272662 0.008694088 0.037374083 0.0006447922 0.0002662359 0.0001755195 0.041042667 5.3379932e-05 1.7396775e-05 0.013564055 0.0008396661 0.019609207 0.0016962661 6.6158927e-06 5.3842745e-05 8.8355155e-06 6.4555365e-07 0.00031552018 0.003742911 0.004644173 0.0023357105 0.0002132981 0.0013266071 0.00030753997 0.0009014787 0.00089865254 0.00028368464 0.0010149318 1.614881e-06 3.0289575e-05 0.0018249557 0.0001079011 0.0008583532 0.0003414777 2.4104755e-05 2.1240321e-05 0.0006341555 0.000767923 0.0015950995 2.4736782e-08 0.00036411 0.00058379566 2.5396655e-06 0.00038678938 0.000408759
