2.0002356e-28 0.97706515 0.9855299 0.91395307 0.9699961 0.94679856 0.75888544 0.98383194 0.9760051 0.9815042 0.9626739 0.98229766 0.95985955 0.84382343 0.7176019 0.99674594 0.9390101 0.9701287 0.75990033 0.5061409 0.99718267 0.9694657 0.38234434 0.99153805 0.988573 0.9707004 0.9890203 0.8453993 0.9452338 0.057447992 0.16603443 0.04142807 0.98242646 0.94891447 0.99837697 0.6807449 0.9918976 0.969397 0.88016677 0.9885323 0.9923475 0.86877304 0.99285895 0.9160846 0.018351058 0.88344526 0.04799232 0.6803459 0.88465124 0.97861624 0.93986285 0.9737675 0.052019767 0.18330158 0.008217249 0.9973103 0.8874148 0.001006911 0.99999297 0.8715544 0.9017661 0.0037641795 0.00050867145 0.071183585 0.32068697 0.03710901 0.006588447 0.004289397 0.011523212 0.28214103 0.011364871 0.8347949 0.008797382 0.5450425 0.86486244 0.00069408753 0.0019626748 0.8949809 0.049516182 0.83466315 0.9946641 0.0008464265 0.21536273 0.0008617727 0.69740343 0.0010843199 0.0004689331 0.98105305 0.94973564 0.018960908 0.32551855 8.625615e-06 0.00015322975 0.84947675 5.283931e-05 0.00050789875 0.5850166 0.98401225 8.941878e-05 0.8424417 3.7153954e-05
0.97706515 3.47804e-20 0.95519215 0.90051126 0.010457536 0.5320043 0.13670175 0.3582598 0.53316605 0.6138892 0.6087799 0.079070814 0.075613685 0.21386802 0.13459869 0.47547486 0.39799768 0.017815446 0.088997 0.18479846 0.3037586 0.09147197 0.051028892 0.05385737 0.07544467 0.021353237 0.016181832 0.0037386303 0.0012902806 0.027151234 0.0068581733 0.021937853 0.00387195 0.002775041 0.0071247304 0.0044713556 0.0062754788 0.007954842 0.0004307937 0.13488501 0.079241 0.005383319 0.00031648908 0.0006841196 0.00087484036 0.00011512431 0.0013100518 8.347101e-05 0.00013528268 0.00012321823 2.5962707e-05 2.4727336e-05 0.00040389123 0.006600875 0.00076919026 0.015219834 5.040887e-06 0.0004295949 0.062702894 1.1290837e-06 0.010436086 0.00040953056 0.0006599433 2.0621674e-06 0.0017630077 6.1158353e-06 3.9776938e-07 0.0002031686 3.626344e-08 1.6180837e-05 0.0002869881 0.0029241801 9.322703e-07 0.0021029375 2.1372458e-07 1.8152135e-05 1.8051715e-05 2.6622345e-08 5.9613825e-07 4.7030976e-06 2.7374661e-05 0.00013336504 2.875522e-06 2.5448355e-09 6.149702e-09 1.4606044e-05 1.8014929e-07 0.0030874324 0.0007102983 0.00082584424 2.3726643e-06 9.07196e-08 9.625777e-07 4.374479e-07 9.141422e-08 2.0000186e-07 0.00014203852 6.854668e-05 5.9281174e-06 0.00021252084 1.399352e-07
0.9855299 0.95519215 4.648995e-16 0.7541151 0.026131675 0.5623586 0.03033728 0.18839382 0.027070811 0.08702436 0.023544237 0.0054651825 0.10368815 0.77305883 0.11950455 0.09815282 0.008279917 0.018175837 0.65995926 0.71003234 0.06431346 0.0027467995 0.47294512 0.0031356174 0.008326895 0.0023680744 0.0007656017 0.013329544 0.031452034 0.28777814 0.0075208386 0.06925106 0.00010706478 3.0459762e-05 0.00095681095 0.019185103 0.00032846225 0.00012787814 0.013525734 0.04520141 0.0076794787 0.0012794695 1.8587582e-05 1.50743745e-05 0.0041788593 0.005454714 0.092957385 1.1067485e-05 1.5407699e-06 1.4467334e-06 1.3964245e-07 1.9497952e-06 0.03529699 8.5055246e-05 0.06315919 0.0015818465 6.1308846e-08 0.023561258 0.08004303 1.1678923e-08 0.00017094877 0.0022206511 0.005868432 0.0007053534 0.00036460426 0.001070871 0.00052723667 0.00036423226 6.713035e-05 4.897657e-05 0.011477959 3.836763e-06 0.00012211509 1.2619892e-05 5.6013032e-08 0.0031117082 0.0030061645 2.3003996e-10 3.0423512e-06 6.204916e-08 2.7843482e-05 0.008241267 9.869832e-06 1.790677e-06 5.4419202e-11 0.0050427173 2.8513248e-06 0.00034130347 8.174193e-05 0.0005767838 7.579582e-10 2.8362578e-05 0.0004080289 2.8717546e-09 1.1479787e-05 1.8858647e-05 4.417509e-07 6.039746e-07 0.001165038 1.3134097e-08 9.414609e-06
0.91395307 0.90051126 0.7541151 5.1791807e-20 0.0024095355 0.9592363 0.017488576 0.87075716 0.06554002 0.15941559 0.10014711 0.022416038 0.3992771 0.28152752 0.71876013 0.21893252 0.106392935 0.14122961 0.34942663 0.33121228 0.26361823 0.07540521 0.2092092 0.0030057214 0.04471251 0.029096877 0.016514901 0.042225607 0.032337964 0.017177593 0.021971019 0.0036938426 0.008780312 0.0068292315 0.008913196 0.020939501 0.010047011 0.012181028 0.01257225 0.03155703 0.01737089 0.016895974 0.00067875395 0.0034528598 0.0010824257 0.0057320166 0.016785694 0.0024890911 0.00068420474 0.0002453092 0.00020716211 9.482601e-05 0.011549474 0.00041419503 0.009223358 0.0017079121 8.274209e-05 0.0013269898 0.03818898 4.0782837e-05 0.00018418931 0.00024488143 0.0009574557 0.0005648809 0.00410216 0.00072971534 0.0002935692 0.00016499165 0.00013833401 0.00029760928 0.0044139256 4.4823315e-05 0.00010461116 3.6950838e-05 1.0120785e-05 0.001194832 0.0016900679 2.3813532e-06 8.687295e-05 8.801232e-05 9.9199824e-05 0.00047352724 9.203245e-05 5.923817e-06 1.0287411e-07 0.00089042995 1.9820658e-05 0.00023991633 0.0007945726 7.867045e-05 1.2139951e-05 2.0775535e-05 0.00010386728 4.834332e-07 2.4866198e-05 2.2554037e-05 0.00014915195 6.715513e-05 5.7398054e-05 0.00020631393 1.062889e-05
0.9699961 0.010457536 0.026131675 0.0024095355 5.7497565e-14 0.0071070925 0.98305506 0.00050627434 0.865422 0.07414635 0.16945961 0.109218806 0.00016384496 0.14096752 0.00064676395 0.08897273 0.004303326 2.940886e-05 0.0031500878 0.009982035 0.006269626 0.00044541204 0.002544274 0.41323653 0.00973293 0.00077756686 0.000100852274 2.916994e-06 0.00011113087 0.013623189 4.8985537e-05 0.12193413 5.8426313e-06 1.6387355e-06 0.00057414133 6.0361654e-05 8.164844e-05 5.3399795e-05 7.015131e-06 0.15234946 0.018333018 2.4748615e-05 9.525749e-06 3.2821157e-07 0.15703888 7.5408684e-07 6.4799524e-06 3.8856513e-07 2.605206e-06 2.1843546e-06 7.26826e-07 4.7897123e-07 5.967321e-07 0.50380474 2.6047004e-05 0.04105537 5.264103e-09 0.0023924254 0.0225197 2.3259816e-09 0.22299129 0.083034046 0.007289406 1.5254809e-06 5.29835e-06 3.973211e-06 2.1915052e-06 0.083776236 9.815591e-07 2.0469256e-06 8.121982e-07 0.09746306 1.0357655e-06 0.19319363 2.606712e-06 8.5086225e-07 6.648678e-07 4.8454507e-09 2.1774358e-07 7.7052715e-07 9.0741036e-05 0.00039695564 2.4403014e-05 6.39146e-07 2.2425722e-10 1.9006213e-05 6.0267433e-07 0.035974585 0.00029295112 0.39750868 1.2479378e-08 4.476331e-08 4.1136738e-07 2.6135071e-08 1.4658274e-07 2.64907e-06 5.3450663e-06 1.532431e-05 6.0139137e-06 1.9271586e-06 5.1395574e-07
0.94679856 0.5320043 0.5623586 0.9592363 0.0071070925 1.9287382e-19 0.012195623 0.59435433 0.013273739 0.04249177 0.01032613 0.0036970002 0.4123683 0.45222288 0.91936606 0.07333064 0.013563859 0.1090761 0.7805272 0.81157 0.1384128 0.010035175 0.7225074 0.00046818372 0.0051006875 0.0034606648 0.008005478 0.06871482 0.12318077 0.07913613 0.05927105 0.0075452323 0.0018682663 0.0012166249 0.0017634938 0.06114415 0.0015752536 0.0030538891 0.03134664 0.016716188 0.0041785566 0.013708533 0.00010924101 0.0010086118 0.00136351 0.013756085 0.14213425 0.0006727141 0.00017246 9.661668e-06 2.3955772e-05 1.3599718e-05 0.103291035 1.7026337e-05 0.068971425 0.0003480115 1.4611045e-05 0.0074585266 0.04272937 2.8781035e-06 7.77572e-06 0.00018777895 0.0026143214 0.002232106 0.003402562 0.002490751 0.0013643354 0.00012498615 0.00027337106 9.7177464e-05 0.02038833 8.7341726e-07 0.00030025627 2.1068788e-06 5.007536e-07 0.0062591676 0.008753287 1.0078621e-08 5.453962e-06 5.0420126e-06 3.9054077e-05 0.0051575582 4.6446935e-06 6.041794e-06 4.0482767e-10 0.0115068825 3.5410478e-05 6.0071707e-05 0.00013102811 5.4573928e-05 1.8389505e-07 0.00026307092 0.0010352003 3.10041e-08 5.4784552e-05 1.3851676e-05 8.859479e-06 7.61653e-06 0.0009225003 5.028581e-06 1.8992116e-05
0.75888544 0.13670175 0.03033728 0.017488576 0.98305506 0.012195623 1.9942049e-17 0.0066817575 0.46180737 0.04091628 0.027479408 0.022172611 0.00056728517 0.51543546 0.0075193075 0.0179188 0.0008545874 7.8706245e-05 0.04153084 0.14994065 0.0010092155 0.0002186541 0.029787749 0.042591922 0.0012421296 0.0003048622 0.00016047209 2.7775508e-05 0.00046257456 0.29133135 5.6009005e-05 0.9304748 1.078003e-06 4.0141767e-06 0.00025598114 0.001039543 2.3141458e-06 7.277506e-05 5.1956897e-05 0.032212146 0.0076768175 4.8438204e-05 1.9529684e-06 2.3458965e-06 0.7493302 1.0669116e-05 0.00079867314 4.8289405e-07 4.6090028e-07 2.8537906e-07 2.6185955e-07 6.515531e-07 0.00013998039 0.5995094 0.0008702051 0.00563299 7.590672e-08 0.036849953 0.009180148 6.226434e-08 0.022652304 0.47627804 0.07913088 1.495979e-05 2.1625483e-05 1.6494892e-05 7.419421e-07 0.55034745 2.2485442e-07 2.2636407e-06 0.00011793344 0.012155499 1.3510746e-06 0.056652937 1.3541666e-06 1.4092276e-05 3.328833e-05 1.1655935e-08 1.5997609e-08 4.587916e-08 2.9892058e-06 0.0040269955 2.5827635e-06 4.4705974e-08 2.4751068e-09 7.270757e-05 6.4546407e-06 0.0027186265 5.4185908e-05 0.6975695 2.3083275e-07 9.438432e-06 1.962743e-06 5.329867e-08 1.8883508e-06 2.8457255e-06 5.91265e-07 3.900861e-06 3.3337827e-05 9.4369955e-07 4.962745e-06
0.98383194 0.3582598 0.18839382 0.87075716 0.00050627434 0.59435433 0.0066817575 7.79572e-20 0.008570384 0.23067075 0.08733264 0.0075365803 0.9178112 0.0852591 0.84895325 0.3178452 0.5070536 0.834845 0.1920523 0.11802718 0.53358823 0.28394482 0.13188194 0.00027695086 0.07193908 0.054090634 0.11401211 0.4335727 0.18644834 0.0036677264 0.115870565 0.00029937422 0.06791601 0.0226551 0.014282829 0.10559708 0.071221165 0.044984218 0.107574046 0.045753807 0.029198973 0.09596509 0.0016108472 0.0075538615 1.3953423e-05 0.039450176 0.015719596 0.009592522 0.00071983685 0.00057211955 0.00013370557 0.00022381885 0.017861642 8.5516086e-07 0.006492724 0.0007653629 3.8852733e-05 4.146345e-05 0.07261998 5.750838e-06 1.6925816e-05 7.761859e-06 7.7391116e-05 0.0028484724 0.008546106 0.001912756 0.00094268913 2.7993035e-05 0.00043082592 0.00083315885 0.006960728 6.053699e-06 0.0003676388 7.745207e-06 1.5056647e-05 0.0018467607 0.0022926307 3.7182696e-07 8.79571e-05 9.6837204e-05 0.0003300247 0.00022986106 0.00021032813 1.8458628e-05 8.638399e-08 0.00031016968 3.569713e-05 0.00032425064 0.001553707 7.902563e-06 1.3936598e-05 4.688622e-05 0.000120645556 2.6314522e-06 5.5099612e-05 8.038919e-05 0.0007702249 0.00019516019 3.159705e-05 0.0013580803 2.9616403e-05
0.9760051 0.53316605 0.027070811 0.06554002 0.865422 0.013273739 0.46180737 0.008570384 2.1886871e-16 0.49918443 0.8261455 0.9009538 0.00049562135 0.0636977 0.001093551 0.2599739 0.055977643 0.00040134805 0.0019878102 0.0066521475 0.0058052894 0.0058649094 0.00064980076 0.86022985 0.07679775 0.007701269 0.0003845218 2.6283784e-05 5.6043846e-05 0.00514536 9.663051e-06 0.0153796105 1.2835814e-05 2.6358688e-05 0.0027964485 4.792381e-05 5.808235e-05 0.0003186223 2.069444e-05 0.23403592 0.13596372 0.00010101042 1.3310018e-05 4.7986054e-05 0.033530824 1.8218482e-06 2.1450694e-06 4.4130542e-05 2.7558158e-06 4.463322e-06 1.1365997e-06 8.432198e-07 1.4488579e-05 0.39574623 2.4713556e-06 0.19242257 4.296178e-07 9.955375e-06 0.016440382 2.4635032e-08 0.30608746 0.0020991967 1.91387e-05 1.632606e-05 8.5559244e-05 7.752907e-06 2.336733e-06 0.0069685495 3.1031525e-06 1.6908432e-06 3.4916793e-05 0.25253817 9.113954e-07 0.2602946 2.3710818e-07 1.5472563e-06 5.3224153e-06 5.104227e-09 1.3042984e-07 1.709573e-07 9.8140235e-06 0.00017445514 1.0298116e-06 3.5105836e-07 4.3758536e-10 9.368935e-05 6.800076e-06 0.09288903 0.00011176816 0.11538685 5.5900966e-08 1.0596912e-06 6.785494e-06 1.3388291e-08 1.5574907e-06 4.812634e-07 3.714598e-05 2.9175028e-06 1.1761092e-05 2.4731335e-06 2.5750976e-06
0.9815042 0.6138892 0.08702436 0.15941559 0.07414635 0.04249177 0.04091628 0.23067075 0.49918443 1.2455685e-17 0.8799418 0.60771996 0.025030337 0.039860927 0.013292171 0.844472 0.3241269 0.054500718 0.0060605705 0.0072405604 0.5264044 0.16848348 0.0019449714 0.08870666 0.5987939 0.36408356 0.052739743 0.003514817 0.00065419025 0.00019118204 0.00051010284 0.00019146358 0.008231182 0.011455661 0.08865958 0.00022836523 0.018827263 0.027709547 0.00011593787 0.35819656 0.40096858 0.0034368674 0.0021719588 0.00729771 0.0005574127 4.3750377e-05 7.5457638e-06 0.0013703154 0.0015954159 0.00069495616 0.0007111008 0.00043342428 7.856694e-06 0.004568744 4.16092e-06 0.070478156 0.0011823452 3.0879534e-07 0.023580506 0.00019806191 0.024622945 1.5376838e-05 7.4327395e-06 1.2008075e-05 0.0007589739 4.897491e-06 1.3991212e-07 0.0006590408 7.02255e-07 7.8399324e-05 5.05226e-06 0.007900014 7.497432e-08 0.007375552 4.2586205e-05 1.5654231e-06 2.8954503e-06 0.000119480515 1.282657e-06 0.0006352359 0.0001689586 2.4068093e-05 3.252741e-05 9.366561e-08 1.5013344e-05 6.346464e-05 6.4230744e-07 0.0242672 0.003956995 0.0005020878 0.00035907005 3.514403e-07 3.9848646e-06 8.6309965e-06 3.868161e-06 1.8184735e-06 0.0024318267 0.00024315587 1.0957348e-05 0.0020948448 2.4704932e-06
0.9626739 0.6087799 0.023544237 0.10014711 0.16945961 0.01032613 0.027479408 0.08733264 0.8261455 0.8799418 1.4054596e-19 0.93076557 0.003737509 0.030264175 0.00522539 0.6604774 0.26276112 0.0080050705 0.0022033353 0.0020620427 0.11735569 0.11535371 0.00038324736 0.30025974 0.32715192 0.11207028 0.012707681 0.000115878065 0.00013007279 0.00024912567 2.2225873e-05 0.00019745032 0.0019561758 0.005857523 0.032146364 5.3113796e-05 0.0030707251 0.0061463783 8.7955596e-05 0.42677742 0.49759126 0.0007428703 0.0007094683 0.0024735227 0.002827667 1.7042606e-06 1.4282186e-06 9.092572e-05 0.001007047 0.00047131669 0.00086779566 0.0002510511 8.23144e-07 0.011364253 6.2671796e-07 0.2069749 0.00032774822 6.073652e-07 0.02460083 6.231778e-05 0.05084499 1.7912636e-05 1.241722e-06 2.6433288e-06 0.0003581629 3.0690385e-06 1.4903591e-08 0.00016135386 3.1949452e-07 2.085474e-05 1.7293235e-06 0.028377354 4.598209e-08 0.011335844 1.819072e-06 2.9854777e-07 1.6156033e-06 6.1095314e-05 7.057896e-08 0.00016653439 0.000106205465 1.228942e-06 1.5270696e-05 2.2144066e-08 5.3525855e-06 1.5791467e-05 1.3371111e-07 0.049303938 0.002348377 0.0015812621 0.00012693758 4.0855063e-08 5.137565e-08 3.3025526e-07 4.7509658e-07 2.0396267e-07 0.00068890286 4.6858368e-05 6.069246e-07 0.0003741139 1.1887671e-07
0.98229766 0.079070814 0.0054651825 0.022416038 0.109218806 0.0036970002 0.022172611 0.0075365803 0.9009538 0.60771996 0.93076557 5.8492526e-18 0.0008314503 0.009932844 0.00067791075 0.590797 0.059130486 0.002055984 0.00082747574 0.0017838142 0.02808738 0.022232847 0.00027847747 0.63021624 0.26359493 0.060640775 0.0020507718 4.2917472e-05 1.937254e-05 0.00014873904 1.05616145e-05 0.0005045117 0.00057191355 0.001473775 0.018459838 2.3113742e-05 0.0011621169 0.0009683947 2.5051573e-05 0.6551245 0.61840355 0.00029232295 0.0001924323 0.0013351018 0.0033307434 1.0264622e-06 2.0105203e-06 0.00026981617 0.0003760568 0.00012882888 0.0001586877 0.00017480453 2.29924e-06 0.009478578 2.3104441e-07 0.43755543 0.00024464267 8.628203e-07 0.032973252 1.5486108e-05 0.087761246 4.7720318e-05 9.720072e-07 2.2880927e-06 0.0002462928 2.037326e-06 6.734972e-07 0.00022136238 7.5574195e-07 6.184945e-05 3.4643265e-06 0.0407647 9.403132e-08 0.013652146 7.995541e-06 6.079459e-07 4.3733176e-06 6.47406e-06 2.0771273e-07 0.00019448611 0.00012709104 1.2034781e-06 9.010287e-06 2.0081606e-07 4.237962e-07 7.855188e-06 5.3626377e-07 0.12464877 0.0015835437 0.0056562186 3.680243e-05 1.8207598e-07 2.2782365e-07 5.1131235e-07 1.8030708e-07 1.2571421e-07 0.00048590938 2.9714402e-05 1.0027827e-06 7.652677e-05 1.9095361e-07
0.95985955 0.075613685 0.10368815 0.3992771 0.00016384496 0.4123683 0.00056728517 0.9178112 0.00049562135 0.025030337 0.003737509 0.0008314503 1.4892896e-17 0.15427975 0.8914327 0.04204103 0.05361133 0.899019 0.25110134 0.1464976 0.21539111 0.057039663 0.2052731 1.774228e-05 0.008652917 0.007129659 0.04688919 0.7547117 0.6845992 0.005443554 0.37788162 0.00035203836 0.008793401 0.0038741643 0.0028070894 0.42543554 0.006248191 0.037289005 0.505926 0.010004498 0.002959911 0.15422112 0.00025430904 0.0029843322 9.6433405e-06 0.25519755 0.058401957 0.0064732637 8.060975e-05 0.00015082853 2.0399324e-05 3.3664797e-05 0.108007975 6.172299e-09 0.023742318 0.0001232375 2.759731e-05 0.00018562666 0.028887395 6.2687136e-06 1.7551146e-08 3.3349163e-06 7.3396855e-05 0.02675043 0.017978348 0.017972015 0.01858291 2.0302827e-05 0.005430125 0.0006425272 0.041089553 5.450519e-08 0.0075549344 1.2657146e-07 1.1413622e-05 0.0125858905 0.013335557 3.081452e-07 0.00013201182 2.9368639e-05 0.0001208049 0.000586952 0.00040778247 0.00036212205 4.0448615e-08 0.004119119 0.00026781324 1.6778844e-05 0.00025927956 2.1651763e-06 1.0114325e-06 0.0004951308 0.0015960312 8.453688e-07 0.00043528498 0.00048950844 4.016515e-05 3.1083044e-05 7.699749e-05 0.0001228587 0.00020524125
0.84382343 0.21386802 0.77305883 0.28152752 0.14096752 0.45222288 0.51543546 0.0852591 0.0636977 0.039860927 0.030264175 0.009932844 0.15427975 1.509808e-17 0.04985379 0.050152875 0.0049125487 0.013285791 0.6172289 0.9227543 0.02299127 0.0012184607 0.7387679 0.004623437 0.00074652187 0.00018171927 0.0020606252 0.003468469 0.014618148 0.9205227 0.013324155 0.7923133 4.2878688e-05 8.721305e-05 0.0001735423 0.022664582 6.438223e-05 0.0014212681 0.0054400275 0.012712105 0.00455034 0.001533244 1.9090328e-06 2.7791857e-05 0.044885524 0.00044241938 0.19205064 1.1561766e-06 3.631901e-05 2.493856e-07 5.561738e-06 1.5976242e-05 0.04813044 0.00016854276 0.19618292 0.00045573903 9.0544984e-07 0.37095484 0.02331511 2.9668868e-07 0.0002833991 0.024566447 0.29880285 0.00020073402 6.357113e-05 0.00065019284 0.0007011998 0.0005995538 5.6495974e-06 8.519557e-06 0.017540857 0.0009665121 0.00015079588 0.00011287349 1.3008556e-06 0.0015855831 0.0038226403 2.1881533e-08 6.4046515e-07 8.492333e-08 1.9293038e-05 0.17394547 1.8890238e-05 3.363068e-07 1.7792038e-08 0.030671058 3.979005e-06 0.0014685553 0.00053680135 0.0010490724 5.5490943e-07 4.825362e-06 0.0001270432 8.767743e-08 1.812408e-05 9.71411e-06 4.9470543e-07 9.551584e-06 0.021541087 3.95056e-06 3.5697888e-06
0.7176019 0.13459869 0.11950455 0.71876013 0.00064676395 0.91936606 0.0075193075 0.84895325 0.001093551 0.013292171 0.00522539 0.00067791075 0.8914327 0.04985379 4.3816355e-20 0.010331726 0.03443205 0.6339721 0.5839775 0.42260993 0.045479063 0.02136809 0.59690607 8.64891e-06 0.0023244286 0.0026810723 0.013038124 0.7130568 0.80137783 0.012075297 0.81255823 0.0002377124 0.005437079 0.008290334 0.00096831616 0.6402215 0.0032138017 0.024452472 0.40901443 0.0022241226 0.0013391147 0.054456245 0.00028436535 0.0030892682 3.490765e-06 0.029542519 0.023784671 0.0022432497 9.943643e-05 0.00013470413 4.9399732e-05 2.869795e-05 0.046025235 4.152195e-08 0.004190495 1.450514e-05 5.5650096e-05 5.4536107e-05 0.001967856 3.461089e-05 7.516102e-08 2.893602e-07 1.1056366e-05 0.003561411 0.00818211 0.00207495 0.002282149 6.4981896e-06 0.0019116846 6.676694e-05 0.009636572 3.7042769e-06 0.00039245537 4.400847e-06 5.7850883e-07 0.005402449 0.0054810164 3.5298436e-07 4.1615098e-05 2.2227654e-05 1.9539884e-05 3.961488e-05 3.4680506e-05 7.549396e-05 9.810565e-09 0.00022965814 6.0258062e-05 3.4081004e-06 0.00014896048 1.4366226e-06 7.792731e-07 0.00014287488 0.00031563005 1.2900443e-06 2.0644668e-05 1.4434914e-05 2.8978275e-05 0.00013754026 7.8258845e-06 0.00023449838 1.9449937e-05
0.99674594 0.47547486 0.09815282 0.21893252 0.08897273 0.07333064 0.0179188 0.3178452 0.2599739 0.844472 0.6604774 0.590797 0.04204103 0.050152875 0.010331726 4.8162152e-20 0.24872464 0.12244896 0.012098834 0.0105243735 0.49440482 0.30966532 0.0016267205 0.109876886 0.6181256 0.31945443 0.11606922 0.010975145 0.0024099515 9.744752e-05 0.00023081861 1.2378209e-05 0.017427597 0.021122228 0.12961262 0.00018933676 0.0180543 0.050568543 0.0005625051 0.6843542 0.6679597 0.011352543 0.0007377683 0.018678356 7.156164e-05 0.0002582956 1.1237549e-05 0.006804712 0.00036559466 0.00021129333 0.0001069 0.0019820451 1.1014627e-05 0.00087034336 6.9784915e-06 0.14645924 0.002776796 2.1442094e-07 0.06694505 0.0007325668 0.021227 6.9862826e-06 1.9027956e-07 1.6526329e-06 0.0022552558 3.4203217e-07 2.2059851e-07 3.2624215e-05 6.038773e-07 0.0005751277 6.1935775e-06 0.007641261 1.6731965e-08 0.0033130688 0.001057561 7.823157e-07 9.493278e-07 0.0005560519 1.2324578e-05 0.00038913454 0.00022443548 3.556957e-06 0.00038481818 2.3240048e-08 5.9444876e-05 1.4835659e-05 8.265315e-08 0.022965794 0.002541923 0.00027125404 2.6637343e-05 1.2210313e-07 9.894623e-07 2.2834593e-05 1.2023165e-07 1.899003e-07 0.0006703474 0.00019624697 2.0182836e-06 0.0002428326 2.374123e-07
0.9390101 0.39799768 0.008279917 0.106392935 0.004303326 0.013563859 0.0008545874 0.5070536 0.055977643 0.3241269 0.26276112 0.059130486 0.05361133 0.0049125487 0.03443205 0.24872464 8.078549e-19 0.456201 0.0062720417 0.006140748 0.86117435 0.9613937 0.0037988652 0.0029911378 0.3557318 0.4156107 0.5840915 0.05026698 0.0066803144 3.934845e-05 0.008478973 5.2845885e-06 0.3566517 0.2978534 0.28994986 0.0027996989 0.34027395 0.3000219 0.0061672633 0.042533226 0.16511177 0.084326014 0.081168965 0.12804516 4.015224e-05 0.004290655 8.3163344e-05 0.14130096 0.0714628 0.01497273 0.0141434325 0.026363868 0.00022755627 8.226752e-06 1.0252721e-05 0.01730386 0.021418834 1.1571053e-06 0.0186882 0.012581211 0.00089185894 4.6545374e-06 1.0357201e-06 0.00012412449 0.029085973 3.1072435e-05 4.8090665e-06 6.1669925e-05 0.00013635634 0.01149916 0.00010008395 0.0008890668 1.0791489e-06 0.00019741886 0.002341843 2.7674954e-05 5.2191197e-05 0.0007468533 0.0021900083 0.006871919 0.00061345374 5.56259e-05 0.005716278 1.0154818e-05 0.0017279058 0.00012483298 1.5979571e-06 0.002984621 0.009620304 1.6960541e-05 0.0011466215 3.853731e-06 4.7171216e-06 0.00014059462 1.6430969e-06 1.1381183e-06 0.0037046818 0.0008895935 8.8658335e-06 0.0032053844 1.7836123e-06
0.9701287 0.017815446 0.018175837 0.14122961 2.940886e-05 0.1090761 7.8706245e-05 0.834845 0.00040134805 0.054500718 0.0080050705 0.002055984 0.899019 0.013285791 0.6339721 0.12244896 0.456201 2.9412115e-18 0.057865057 0.031567186 0.4874507 0.25034344 0.041278817 1.3359385e-05 0.024783356 0.03287159 0.35666502 0.92128265 0.38054043 1.3330941e-05 0.31290302 2.039871e-06 0.13062322 0.07823268 0.015963024 0.24813269 0.1298642 0.43336648 0.48722377 0.017893882 0.0103307 0.72323567 0.003829407 0.058339633 2.9647586e-06 0.37623304 0.007876227 0.2626221 0.0017693898 0.0015743455 0.0006058225 0.0011359026 0.011939823 4.515856e-08 0.0026262263 0.00040232332 0.00083573564 6.31372e-07 0.023640882 5.9449805e-05 1.4090763e-06 3.4849106e-06 4.9227845e-07 0.025287854 0.23171386 0.013396647 0.005168632 9.244938e-06 0.016935473 0.012457288 0.009105685 9.142883e-07 0.0038796656 4.6674463e-06 0.0005275047 0.0029621474 0.0033690648 8.8774e-06 0.010450055 0.00036573035 0.0007764335 2.8453853e-05 0.0036040463 0.0019092286 2.4503236e-06 0.00014850727 0.00053680036 0.000105225314 0.0019261545 2.2606678e-06 7.956712e-05 0.00019705396 0.00012810923 2.3468285e-05 0.00020963624 0.00065873854 0.0015981141 0.0007637249 5.072537e-06 0.0041303495 0.00038149484
0.75990033 0.088997 0.65995926 0.34942663 0.0031500878 0.7805272 0.04153084 0.1920523 0.0019878102 0.0060605705 0.0022033353 0.00082747574 0.25110134 0.6172289 0.5839775 0.012098834 0.0062720417 0.057865057 6.817264e-19 0.9604044 0.04761363 0.006234177 0.9829666 1.0035514e-05 0.00033772568 0.00027577803 0.0036805943 0.021715958 0.08180107 0.10304687 0.015018887 0.008142958 5.1277246e-05 0.00019883922 0.00020591353 0.033744458 3.2639182e-05 0.0022213955 0.004424677 0.00032578962 0.0004942323 0.0046987254 2.1374708e-06 2.207692e-05 6.6161665e-05 0.0027824782 0.20053884 7.1800723e-06 9.136298e-06 8.758232e-08 2.8462915e-07 2.1900719e-06 0.08050296 1.0750267e-06 0.12509136 1.312315e-05 3.987755e-07 0.01587042 0.0127234645 2.4584585e-07 8.3302007e-07 0.00020900325 0.006074421 0.0004793037 0.00038455002 0.0013665804 0.0005555192 5.1969633e-05 1.4628779e-05 3.1837806e-06 0.011278886 1.37066445e-05 0.00043218126 1.068278e-05 3.371773e-08 0.00226122 0.0028172487 3.9548492e-08 3.4964805e-07 4.6420737e-07 1.4610654e-05 0.02770123 2.0225013e-06 5.112641e-07 3.0681706e-09 0.038344443 6.6816197e-06 8.86064e-05 0.00035013744 1.8143033e-05 1.5683752e-07 3.657591e-05 0.00027684393 3.1166836e-09 3.0843745e-05 4.6026184e-06 1.1441166e-06 6.763786e-06 0.0065863524 2.8991803e-06 7.5972043e-06
0.5061409 0.18479846 0.71003234 0.33121228 0.009982035 0.81157 0.14994065 0.11802718 0.0066521475 0.0072405604 0.0020620427 0.0017838142 0.1464976 0.9227543 0.42260993 0.0105243735 0.006140748 0.031567186 0.9604044 1.0297641e-18 0.014325752 0.0021898132 0.96707076 0.00030615932 0.00015505252 0.000114220784 0.0023741652 0.010887466 0.036789313 0.35396445 0.010259569 0.06303965 2.1403095e-05 0.00010188716 0.00055394776 0.014304762 1.4566497e-05 0.0025682575 0.0058857054 0.00091811764 0.0012448257 0.0025896092 5.6835947e-06 4.267311e-06 0.0006693212 0.0021371061 0.1770894 3.5555836e-06 1.4534684e-06 3.5317024e-07 1.3501755e-06 2.4413314e-06 0.039574005 2.698773e-05 0.123561576 0.00016458477 3.4393258e-07 0.025416095 0.007559854 2.9261955e-07 1.9225776e-05 0.00016742919 0.016313462 0.00032376955 0.0001383257 0.00046026323 0.00034618579 0.00024357573 1.5826521e-05 7.079634e-07 0.0063532684 0.0003097322 9.0905174e-05 0.00017232323 4.435688e-08 0.001339019 0.0014041171 2.7867056e-08 5.1398885e-08 1.2162149e-06 4.2854344e-06 0.03125982 1.5351113e-06 3.6906147e-07 3.102187e-10 0.01542956 2.9078583e-06 0.00046192016 0.00020026516 9.4441006e-05 7.022393e-08 6.3798125e-06 0.0001473447 1.1784467e-09 3.2472378e-06 1.7490374e-06 1.499073e-06 5.492247e-06 0.011061681 2.140286e-06 2.2312577e-06
0.99718267 0.3037586 0.06431346 0.26361823 0.006269626 0.1384128 0.0010092155 0.53358823 0.0058052894 0.5264044 0.11735569 0.02808738 0.21539111 0.02299127 0.045479063 0.49440482 0.86117435 0.4874507 0.04761363 0.014325752 3.286031e-18 0.83544225 0.011966007 0.0026017115 0.7306964 0.7716005 0.5075962 0.13531806 0.03015303 0.00015407187 0.010119237 5.504339e-06 0.36537275 0.24151738 0.38505563 0.013510026 0.32158417 0.29629013 0.021193635 0.12218778 0.37360957 0.1184696 0.051343016 0.18905954 5.095533e-06 0.04926336 0.00031938715 0.092283405 0.009472294 0.010942031 0.002900237 0.05737683 0.00024235068 2.68984e-06 0.00014722279 0.022686126 0.039035466 2.086189e-06 0.06912868 0.019777786 0.00057498895 2.3720693e-06 3.323307e-07 0.00015087586 0.01750279 3.6839232e-05 1.350435e-05 1.8150542e-05 6.5507455e-05 0.02656201 0.00018987975 0.00038131644 5.3366546e-07 4.6810444e-05 0.014594189 2.2672713e-05 2.8089253e-05 0.0017194188 0.0015452286 0.0008474413 0.0006430497 9.015432e-05 0.01410142 3.0093997e-06 0.00039465743 0.00053100527 3.947451e-07 0.0046044453 0.0067313225 2.049896e-05 3.3228633e-05 1.9840834e-07 1.075333e-05 6.0632297e-05 5.095342e-07 1.2120661e-06 0.0010160853 0.0004955429 1.0400799e-05 0.0011022587 5.123027e-07
0.9694657 0.09147197 0.0027467995 0.07540521 0.00044541204 0.010035175 0.0002186541 0.28394482 0.0058649094 0.16848348 0.11535371 0.022232847 0.057039663 0.0012184607 0.02136809 0.30966532 0.9613937 0.25034344 0.006234177 0.0021898132 0.83544225 1.071112e-18 0.0023369559 0.0030445717 0.4474033 0.5652904 0.5599049 0.037166387 0.0035190699 5.0548674e-06 0.0053426893 4.813891e-07 0.48976582 0.28978044 0.38200614 0.0019851 0.550006 0.3251773 0.005241594 0.08779166 0.14657176 0.07543517 0.19971427 0.086222775 7.760837e-06 0.0033636235 3.326256e-05 0.074588716 0.13917974 0.045267344 0.048141908 0.10725385 4.7267746e-05 5.808107e-07 2.935426e-06 0.015707897 0.035586916 8.616937e-07 0.026681986 0.030340105 0.0008934407 3.0020701e-06 1.550418e-07 0.00013643203 0.021307968 1.50961705e-05 1.8752162e-06 2.885531e-05 9.04755e-05 0.017323542 2.5206431e-05 0.0005245299 2.749289e-07 6.4001455e-05 0.00566441 1.3847702e-05 1.0142177e-05 0.0030828216 0.0015723035 0.0111895595 0.0034254342 4.200872e-06 0.004153507 3.0586136e-06 0.0030666576 0.00011098227 6.531433e-07 0.0030076255 0.028036505 1.6511757e-06 0.0024211751 1.5662729e-06 1.7804072e-06 0.00021264127 3.4120433e-07 6.5930004e-07 0.011600401 0.0049742246 3.4905288e-06 0.0087158345 7.5950345e-07
0.38234434 0.051028892 0.47294512 0.2092092 0.002544274 0.7225074 0.029787749 0.13188194 0.00064980076 0.0019449714 0.00038324736 0.00027847747 0.2052731 0.7387679 0.59690607 0.0016267205 0.0037988652 0.041278817 0.9829666 0.96707076 0.011966007 0.0023369559 1.4108157e-18 2.7728953e-05 0.00017692766 0.00021625143 0.0025086058 0.028056078 0.14923023 0.14163452 0.021655515 0.00859198 4.8357477e-05 0.00025320766 0.00041551742 0.053775433 1.6703867e-05 0.0034605165 0.013095664 0.00023285489 0.00058577885 0.006505461 1.82648e-05 7.032986e-05 3.8900227e-05 0.0051234844 0.53931445 1.3050587e-05 6.4446704e-06 5.403064e-07 4.368124e-06 9.619982e-06 0.28942442 4.220661e-06 0.33065686 6.0626055e-05 2.6476507e-06 0.009424024 0.0028927443 1.1295834e-06 6.444295e-06 2.559703e-05 0.005848263 0.00089246104 0.00041013755 0.0010959377 0.0026066562 0.000101978534 0.0001485274 1.3300862e-06 0.021512404 4.262558e-05 0.00058627734 4.5543424e-05 4.7300137e-08 0.005811712 0.005277908 2.2290105e-07 1.7910602e-07 5.7892084e-06 1.9948984e-05 0.026478928 2.3861226e-06 5.004121e-06 3.904711e-09 0.06339838 5.1438237e-05 6.924729e-05 0.0006498934 3.1826046e-05 5.307931e-07 4.5094763e-05 0.0010896337 2.4982537e-08 1.2817416e-05 5.477225e-06 2.7869226e-05 4.336353e-05 0.011331748 4.238888e-05 1.0369353e-05
0.99153805 0.05385737 0.0031356174 0.0030057214 0.41323653 0.00046818372 0.042591922 0.00027695086 0.86022985 0.08870666 0.30025974 0.63021624 1.774228e-05 0.004623437 8.64891e-06 0.109876886 0.0029911378 1.3359385e-05 1.0035514e-05 0.00030615932 0.0026017115 0.0030445717 2.7728953e-05 1.0955599e-17 0.05278328 0.0042958283 0.00046846774 9.54984e-07 5.7362763e-07 4.1170253e-05 1.3995135e-07 0.0007956808 3.479254e-05 1.9344958e-05 0.0027573688 1.3337852e-06 0.00024384884 0.00028619083 3.9448315e-07 0.73268515 0.3388536 3.291171e-05 3.4430443e-05 8.924506e-05 0.0088376645 3.184728e-06 4.6516817e-07 2.7719168e-05 1.2544286e-05 2.697831e-05 6.5726445e-06 6.935661e-05 6.4613723e-06 0.43481755 3.7975008e-07 0.7180464 8.9972955e-06 1.194174e-06 0.11613333 5.082907e-07 0.7189777 0.0013278095 2.0975044e-06 3.3394306e-07 9.956644e-05 1.6866629e-07 1.1178258e-07 0.023213234 3.167324e-08 4.2408938e-05 7.707186e-06 0.30965728 2.2751326e-08 0.65873104 0.00029847393 1.1123454e-06 7.094009e-07 3.6008234e-07 4.673831e-07 5.013168e-06 0.00038813014 4.0884006e-05 1.6864798e-05 7.0816797e-09 1.626967e-07 1.5754329e-05 7.3234176e-08 0.58418816 0.00034506447 0.3963533 7.997016e-07 2.462161e-07 2.1912658e-07 1.3075385e-06 5.1075794e-08 1.2418268e-07 8.084742e-05 0.00016076789 1.0733135e-05 2.5055275e-05 6.0295854e-08
0.988573 0.07544467 0.008326895 0.04471251 0.00973293 0.0051006875 0.0012421296 0.07193908 0.07679775 0.5987939 0.32715192 0.26359493 0.008652917 0.00074652187 0.0023244286 0.6181256 0.3557318 0.024783356 0.00033772568 0.00015505252 0.7306964 0.4474033 0.00017692766 0.05278328 9.402192e-17 0.91160095 0.061536323 0.0019169607 0.00025831602 2.202212e-05 0.0001531266 1.1467597e-05 0.22234023 0.069939665 0.54852957 0.00011492214 0.3621884 0.016482763 0.00022911148 0.35006765 0.6482132 0.003674879 0.14734462 0.01620625 1.376617e-05 7.157065e-05 1.0757195e-05 0.007933868 0.058078617 0.03880552 0.04238758 0.027071858 4.835377e-06 0.00011504605 7.205508e-06 0.1907364 0.010096088 1.1442837e-06 0.11656263 0.010012391 0.018297648 2.795707e-05 3.7809882e-06 1.602738e-05 0.0012619611 5.4601755e-06 1.9200178e-07 0.00013034025 2.6820583e-06 0.0033942861 1.1188925e-05 0.014836417 8.443635e-08 0.0017758297 0.0013167541 4.6277105e-06 1.1335758e-05 0.005306254 0.00016771028 0.039925005 0.004796033 2.9996136e-05 0.0016544308 4.127817e-07 0.0031767355 5.9387083e-05 1.0299344e-06 0.036368687 0.054250445 7.718212e-06 0.0055841696 6.1647876e-07 4.226443e-07 0.0023983056 2.119272e-06 1.3107134e-06 0.019152172 0.01111608 4.4983535e-06 0.013704286 1.3275644e-06
0.9707004 0.021353237 0.0023680744 0.029096877 0.00077756686 0.0034606648 0.0003048622 0.054090634 0.007701269 0.36408356 0.11207028 0.060640775 0.007129659 0.00018171927 0.0026810723 0.31945443 0.4156107 0.03287159 0.00027577803 0.000114220784 0.7716005 0.5652904 0.00021625143 0.0042958283 0.91160095 5.619169e-17 0.09686189 0.0020820608 0.00033259377 2.540878e-05 0.00018474313 7.735403e-06 0.40796623 0.137836 0.8875374 0.00020886277 0.61427516 0.025166191 0.00035120925 0.1465952 0.6107661 0.0049641915 0.33607897 0.033104736 1.9792606e-05 0.00013262838 1.0112044e-05 0.0166288 0.26064238 0.10146764 0.13829777 0.08992179 1.1234173e-05 0.00015170562 2.0861184e-05 0.086856104 0.01861525 6.335062e-06 0.058554623 0.025100881 0.004585351 7.344257e-05 1.0532717e-05 2.5835285e-05 0.001955491 9.43827e-06 2.911448e-07 0.00037019886 8.475569e-06 0.00278625 2.4831905e-05 0.0035710717 2.3120775e-07 0.0014297778 0.0028589584 7.166869e-06 1.5612286e-05 0.013328158 0.00044149315 0.085354626 0.004291459 0.0003157327 0.0015485643 1.8988953e-06 0.0032961736 0.00018390409 2.6520956e-06 0.02217511 0.10008336 4.3808333e-05 0.010699018 2.9601563e-06 1.4972314e-06 0.004298781 6.412062e-06 2.3452835e-06 0.03867073 0.024359763 2.5959094e-05 0.027440138 2.5285751e-06
0.9890203 0.016181832 0.0007656017 0.016514901 0.000100852274 0.008005478 0.00016047209 0.11401211 0.0003845218 0.052739743 0.012707681 0.0020507718 0.04688919 0.0020606252 0.013038124 0.11606922 0.5840915 0.35666502 0.0036805943 0.0023741652 0.5075962 0.5599049 0.0025086058 0.00046846774 0.061536323 0.09686189 1.8215045e-15 0.07345822 0.016157292 7.106028e-05 0.0071792956 6.4396745e-06 0.5192867 0.9330943 0.059724256 0.010795308 0.3169676 0.9246651 0.02181493 0.017018313 0.010306807 0.28579858 0.044701774 0.6045463 6.448094e-06 0.07295832 0.0004863785 0.31901443 0.019418709 0.022464488 0.0062407115 0.10514179 0.00029273218 4.084805e-08 0.00015902464 0.003146614 0.068857566 7.6034157e-06 0.04187934 0.041356433 5.5068854e-06 5.9709496e-06 2.0727897e-07 0.001489594 0.07313885 0.00036820793 0.00011990847 4.3127628e-05 0.00081050646 0.05015081 0.0003926057 4.366354e-06 3.920955e-05 7.377299e-07 0.014196318 0.00017611893 0.00020719628 0.00019787464 0.01936588 0.00078598567 0.0006628729 0.0002891149 0.032181088 0.00022026271 0.00012900776 0.0013790053 1.6887845e-05 0.00032449752 0.0041235783 2.3385977e-05 4.1306368e-05 8.321677e-06 2.5705522e-05 2.222475e-05 4.68269e-06 4.489596e-05 0.00057311007 0.00014118406 7.8792764e-05 0.00021049909 1.2146898e-05
0.8453993 0.0037386303 0.013329544 0.042225607 2.916994e-06 0.06871482 2.7775508e-05 0.4335727 2.6283784e-05 0.003514817 0.000115878065 4.2917472e-05 0.7547117 0.003468469 0.7130568 0.010975145 0.05026698 0.92128265 0.021715958 0.010887466 0.13531806 0.037166387 0.028056078 9.54984e-07 0.0019169607 0.0020820608 0.07345822 1.1511668e-18 0.6747556 2.7385613e-06 0.7041414 1.2720119e-07 0.018330164 0.011911498 0.00068780984 0.56892824 0.01115647 0.22830969 0.8883582 0.0009086903 0.0006819069 0.72149986 0.00024405216 0.011959601 1.7988755e-08 0.71878237 0.0038969405 0.052551407 0.00014337471 0.00021874795 2.7543227e-05 9.783638e-05 0.0068455427 8.749074e-10 0.00082792446 1.0708423e-05 0.00018648137 9.233909e-09 0.004841353 3.6542613e-05 5.214736e-09 4.298987e-08 1.48906905e-08 0.12202103 0.15826695 0.057176594 0.013534193 4.3333703e-06 0.06366478 0.0019887106 0.008291773 1.6248612e-07 0.016007224 3.7149624e-07 1.0460632e-05 0.0036655897 0.004758085 1.8632156e-06 0.0037724474 1.1265308e-05 8.6211214e-05 6.4151195e-06 0.00040507645 0.0081844665 3.8694445e-08 0.0002403551 0.002250708 6.9072735e-06 0.0007078558 2.9316223e-07 2.1673288e-06 0.00046523722 0.00027920768 5.0081453e-06 0.000480934 0.0012990754 7.24639e-05 6.205062e-05 2.7942635e-06 0.00056990504 0.0006691486
0.9452338 0.0012902806 0.031452034 0.032337964 0.00011113087 0.12318077 0.00046257456 0.18644834 5.6043846e-05 0.00065419025 0.00013007279 1.937254e-05 0.6845992 0.014618148 0.80137783 0.0024099515 0.0066803144 0.38054043 0.08180107 0.036789313 0.03015303 0.0035190699 0.14923023 5.7362763e-07 0.00025831602 0.00033259377 0.016157292 0.6747556 6.7899425e-17 0.0013927782 0.89648455 1.6160635e-05 0.00060560583 0.0005809329 0.00025626694 0.85070914 0.0008531632 0.013057279 0.83655417 0.0004035226 0.0002662631 0.07230982 1.18522275e-05 0.00032119206 3.4763218e-07 0.54249424 0.14266756 9.118546e-05 8.525823e-06 2.3956698e-06 6.703029e-07 6.0055577e-06 0.5495603 1.8144338e-08 0.042420972 6.596516e-07 3.299466e-06 0.000107734224 0.003925548 8.008479e-07 7.892429e-07 5.4813418e-06 8.1534245e-06 0.18950595 0.00069249474 0.18351139 0.23950398 5.8048035e-06 0.017323973 3.9733302e-05 0.24424778 1.2743573e-06 0.085454404 4.3130382e-07 7.0929667e-07 0.09671107 0.080789156 2.364726e-08 4.1577387e-06 5.1312173e-07 1.4381655e-05 0.0010997829 1.7104163e-05 0.001177428 5.2963505e-09 0.03368885 0.0017508384 9.659954e-06 8.099559e-05 3.00529e-06 1.0030567e-07 0.00230285 0.018388446 2.9103164e-08 0.0016623131 0.0007135215 1.015027e-06 9.3119115e-06 0.00088713574 5.80724e-06 0.0003828658
0.057447992 0.027151234 0.28777814 0.017177593 0.013623189 0.07913613 0.29133135 0.0036677264 0.00514536 0.00019118204 0.00024912567 0.00014873904 0.005443554 0.9205227 0.012075297 9.744752e-05 3.934845e-05 1.3330941e-05 0.10304687 0.35396445 0.00015407187 5.0548674e-06 0.14163452 4.1170253e-05 2.202212e-05 2.540878e-05 7.106028e-05 2.7385613e-06 0.0013927782 1.929598e-20 0.00027561502 0.9644946 5.155443e-07 7.5832946e-07 1.5221871e-05 0.0016336822 1.2418594e-06 2.125791e-05 3.3476543e-05 0.0011212677 0.0018592388 6.09156e-05 1.0839667e-06 4.667862e-07 0.06840996 7.7588425e-07 0.015848605 1.0064789e-06 6.695092e-06 5.8097197e-07 1.0070627e-06 1.014559e-07 0.0011352532 0.00061662524 0.073189355 3.003936e-05 6.493039e-07 0.7101601 0.0063490584 2.3620676e-07 6.446867e-05 0.25226095 0.7275251 3.0246707e-07 1.4217425e-05 6.6232377e-07 3.0906344e-07 0.028833637 1.2395165e-08 1.8272108e-06 0.0006947722 0.00029444374 1.3014711e-06 0.0007080013 3.071791e-06 0.0001322003 7.1646515e-05 7.723303e-09 8.8203393e-07 6.7181546e-08 1.3918209e-06 0.39046004 7.04467e-06 1.4132577e-08 1.8489608e-08 0.018182093 1.2350729e-06 0.00042444238 0.00018722872 0.0034135885 3.7169048e-07 8.863411e-07 1.4425461e-05 9.0703345e-08 6.4149816e-07 1.1883006e-06 4.854281e-07 3.3618755e-05 0.055773936 1.3627814e-05 1.1633481e-06
0.16603443 0.0068581733 0.0075208386 0.021971019 4.8985537e-05 0.05927105 5.6009005e-05 0.115870565 9.663051e-06 0.00051010284 2.2225873e-05 1.05616145e-05 0.37788162 0.013324155 0.81255823 0.00023081861 0.008478973 0.31290302 0.015018887 0.010259569 0.010119237 0.0053426893 0.021655515 1.3995135e-07 0.0001531266 0.00018474313 0.0071792956 0.7041414 0.89648455 0.00027561502 2.044556e-20 1.5573241e-06 0.0007188312 0.0017253865 0.00050373847 0.95311224 0.0004205217 0.020611724 0.8758986 0.0002310289 0.00019151015 0.105231166 4.814888e-05 0.00097415893 1.4185733e-07 0.26096028 0.009954266 0.00092734233 4.370353e-06 1.300772e-05 7.580479e-06 8.208855e-07 0.04461237 1.4569591e-09 0.0019408886 1.5618963e-06 1.498302e-05 3.829392e-07 0.0011178133 4.3057003e-06 6.3221584e-08 4.825884e-07 1.431518e-07 0.10538828 0.0047962223 0.07525476 0.07454752 6.7235455e-06 0.017225316 2.0941914e-05 0.017549584 9.9538944e-08 0.028171971 2.8246143e-06 1.1055342e-07 0.00978784 0.0100086965 8.4122256e-08 8.3449595e-05 7.23256e-07 1.2304485e-05 1.4498668e-05 2.2507025e-05 0.0024233025 4.3778594e-09 0.00013220283 0.0027666667 8.7144207e-07 4.7883197e-05 2.3294558e-07 3.2759553e-07 0.0011425173 0.001392708 2.0458403e-08 0.00048314958 0.00011254006 9.655363e-07 1.50757705e-05 4.04776e-06 8.075029e-06 0.00034858764
