6.2804476e-21 0.001119637 0.0039367913 0.05991687 0.10421719 0.9590362 0.34176213 0.016971456 0.069745995 0.06819962 0.4507369 0.07570277 0.019389013 0.90767026 0.8294062 0.7561413 0.7876379 0.9859691 0.46840167 0.1358015 0.9546498 0.893573 0.7595586 7.195938e-05 0.8284105 0.010480784 0.9415485 0.9420319 0.9396991 0.7802574 0.9345577 0.23896334 0.06602224 0.97685486 0.9295015 0.86560273 0.95351285 0.82270133 0.97725475 0.54021096 0.5863163 0.8492295 0.9624326 0.15308034 0.88048166 0.7945076 0.39277762 0.91936785 0.010984035 0.95836544 0.35149887 0.96259713 0.99216795 0.9720687 0.83360225 0.89345 0.1795146 0.9734067 0.25673896 0.9875079 0.0011816035 0.019965343 0.9925856 0.938644 0.9444706 0.9385855 0.76546687 0.8975402 0.0072561824 0.9872424 0.9733481 0.99576735 0.9951773 0.97199374 0.9775302 0.8752094 0.96092826 0.001258603 0.28182533 0.008072015 0.22610496 0.9987589 0.9490414 0.8330334 0.9866729 0.97197276 0.768534 0.9969421 0.35958502 0.3032216 0.076249674 0.9985253 0.95391405 1.19930255e-05 0.65713906 0.988378 0.92527074 0.9129007 0.9952579 0.9968131 0.99982685
0.001119637 7.722611e-20 0.9929521 0.9902588 0.0055859196 0.43222293 0.0018677852 0.00019410846 2.9179775e-05 1.5942665e-05 6.5029326e-06 4.4115204e-06 6.399394e-07 0.00046351648 1.1372735e-05 8.245591e-05 0.00016450317 0.00042080635 1.10469955e-07 3.106503e-05 0.0006347799 0.00013373006 0.00010126785 1.6521806e-06 0.00018426433 6.6633065e-06 0.0027837472 0.00042700098 0.00033210975 0.00015569205 0.00015495333 3.0266833e-06 7.672596e-07 0.0004008854 8.9063295e-05 8.309108e-06 0.00013669982 2.1371335e-07 1.5896057e-05 1.7150674e-06 1.0307573e-05 5.641516e-06 6.9367625e-06 1.2436757e-07 5.7570913e-05 6.6255683e-07 2.1123392e-06 1.0853912e-06 4.0483522e-07 3.8323513e-05 8.539991e-06 4.8262245e-05 1.3861522e-05 4.980238e-05 1.7966897e-06 5.0495482e-06 1.4217064e-08 0.00021076565 1.0705482e-07 8.507146e-07 1.47017785e-08 3.7007192e-07 2.7058135e-05 1.0138477e-06 2.5346449e-06 5.3646513e-06 2.1629708e-07 8.0904175e-07 2.1591293e-07 5.99247e-07 2.7523137e-07 0.00016268127 4.1534154e-06 1.3019882e-05 5.281805e-05 4.204168e-07 1.9041298e-07 2.0478002e-08 4.466472e-08 2.2831443e-08 1.5893805e-08 7.0372967e-06 1.3583353e-06 7.0029415e-07 0.000104667444 8.079053e-07 5.632493e-07 8.834474e-05 3.759117e-08 9.1360315e-09 2.1696873e-09 8.450902e-08 2.5638817e-06 2.260739e-06 2.375833e-07 6.886927e-05 3.0767255e-06 4.0070105e-07 1.0388318e-05 2.3489927e-06 4.5967998e-05
0.0039367913 0.9929521 2.227907e-17 0.014389531 0.9774886 0.8879024 0.0025179272 0.000105772335 5.7642166e-05 0.00012487095 0.0032320344 1.3797925e-05 3.5269686e-06 0.0013464558 1.0746373e-06 6.919501e-05 0.00010204877 8.207157e-05 0.00021415048 1.2406235e-06 0.00089285895 1.6464937e-05 0.00046820467 4.0976084e-07 0.00097225537 3.3648346e-06 0.00597168 0.0006538912 0.00038162456 0.0115282405 0.00031162397 2.9752454e-07 4.4820237e-07 0.00023055372 2.1039243e-05 3.9386573e-06 8.09901e-05 0.0003460196 1.2608524e-05 1.3346466e-06 0.001186146 0.00075815816 2.1132196e-06 2.858831e-08 0.0034835737 4.1449218e-07 8.025628e-07 5.3209033e-06 5.27602e-07 0.0006377312 7.900016e-06 0.0006644764 3.4414916e-05 0.0016341716 1.1325918e-06 8.233565e-06 4.092992e-09 0.0012013746 5.508419e-08 1.6322191e-06 8.102018e-08 4.3653188e-07 0.00022349121 1.5811713e-06 0.00081519946 0.001034072 1.567596e-07 2.5655658e-07 6.3970596e-08 5.04984e-07 4.218261e-07 0.0007774438 5.2409837e-06 5.981845e-05 0.0019509554 8.152585e-08 5.201654e-07 9.094518e-08 6.2126375e-08 1.954166e-08 4.821242e-09 0.0007105673 3.6078112e-07 8.4882515e-08 0.00021456137 1.6888386e-06 7.741122e-08 0.0001335687 2.9363777e-08 4.8514064e-09 4.8649347e-09 8.906935e-08 3.306352e-06 1.7791054e-06 2.397818e-08 3.4203906e-05 1.6209757e-06 4.2605785e-07 1.6585753e-05 2.796231e-06 5.0697683e-05
0.05991687 0.9902588 0.014389531 2.6593968e-16 0.015717166 0.27753654 0.20639631 0.51767987 0.058202468 0.010387501 0.0009383533 0.028434118 0.07665215 0.044798125 0.03875081 0.002532771 0.003274018 0.00920461 3.5282115e-05 0.08070293 0.12328543 0.09709679 0.000104200335 0.0660001 4.792324e-06 0.08414354 0.008931976 0.024591072 0.00723012 0.0005015021 0.031420566 0.00041510575 0.0015309462 0.03820071 0.046972252 0.018420957 0.0075643105 5.1092487e-05 0.013751868 0.000111284004 0.0026641637 0.00023279982 0.02069869 1.7474811e-05 0.00017179699 0.0005517212 7.523428e-05 0.00034437308 4.371247e-05 0.00036517633 0.0001361892 0.0003364517 0.0030471499 1.4003734e-05 0.0032537465 0.003976352 2.327261e-06 0.0005436436 2.4670912e-06 0.03898931 8.357044e-06 4.754735e-06 4.041914e-05 0.0010039588 1.221036e-05 3.2439e-05 0.0014434123 0.0009128848 1.813471e-07 0.00048298048 0.004243291 0.00020388346 0.001946161 0.00078890094 0.00011894151 9.077397e-06 5.518514e-06 2.7157407e-07 3.031535e-07 9.410071e-07 4.1053062e-07 0.00016314971 2.1938693e-05 1.5801546e-05 0.00015273588 1.8940205e-05 3.872705e-06 0.0010152106 8.913036e-08 2.023326e-07 6.9250916e-07 3.059534e-05 5.295751e-05 0.016408665 1.1085596e-06 0.0007950235 1.3068808e-05 2.84228e-05 0.0007839383 4.7185862e-05 0.00019218837
0.10421719 0.0055859196 0.9774886 0.015717166 1.5701631e-15 0.94452095 0.0041895295 0.000106391584 4.643571e-05 3.0331028e-05 0.9247439 5.9453945e-05 2.3907419e-06 0.0005001426 1.6334283e-05 7.260474e-05 6.7146546e-05 0.00034879017 0.0066737365 6.505739e-07 0.029602343 1.11001045e-05 0.012240033 2.9614748e-06 0.036432143 2.7984226e-05 0.07040626 0.008583609 0.007843092 0.4487216 0.00032516045 3.3904357e-08 6.1213964e-06 0.002594719 1.031608e-05 1.8895182e-06 0.00031026494 0.014440031 0.0001257041 2.4054094e-07 0.012176167 0.18517026 6.3948613e-07 9.172738e-08 0.2885181 6.117673e-08 6.53237e-08 6.972478e-08 2.7781402e-06 0.0899442 1.05816476e-07 0.0796595 0.005306254 0.1466026 1.5631623e-07 1.1447224e-06 3.284577e-07 0.03531135 1.5772786e-09 4.609781e-05 1.5331194e-07 4.2368288e-06 0.02079343 3.897646e-07 0.093339026 0.090118065 9.2088936e-10 2.2697623e-08 5.897951e-07 2.8188556e-06 2.3117634e-06 0.09063371 4.4795347e-06 0.0017792514 0.2510172 2.1223188e-09 1.07846665e-08 1.56233e-06 2.1402154e-07 9.315616e-06 2.4011348e-09 0.33206102 1.5633105e-08 6.6120066e-08 0.0057062805 6.724578e-08 1.5365451e-08 0.0060014497 4.353725e-10 1.1564979e-09 2.6312772e-09 1.8791107e-07 8.366738e-07 8.5049436e-08 5.5073734e-10 0.001347964 5.044747e-07 2.0370047e-07 0.00032601866 8.3411874e-07 7.6291867e-06
0.9590362 0.43222293 0.8879024 0.27753654 0.94452095 3.9073398e-17 0.13641258 0.0015350288 0.00092850614 0.0003649751 0.03763495 0.00024565685 0.00018572174 0.017997116 0.0012934909 0.0017882256 0.0046791565 0.008119265 0.008451359 1.0838148e-06 0.5604319 0.00015724661 0.22065033 2.6969422e-08 0.38836318 3.6180583e-07 0.5720042 0.20771359 0.18169573 0.48592073 0.003221028 4.3138375e-08 6.19745e-07 0.08819275 0.0016459004 8.906754e-05 0.0030393081 0.004226101 0.000838015 2.0247911e-07 0.011200375 0.24500932 5.068976e-05 3.5986794e-08 0.12316705 3.8809475e-07 3.4340605e-08 5.995054e-07 7.031909e-08 0.04427468 4.419879e-08 0.041732542 0.008725549 0.1032153 6.980791e-07 2.7145586e-06 3.599606e-08 0.19260247 9.215026e-10 0.00032384676 2.8829957e-08 3.8507142e-08 0.05784714 4.5950796e-06 0.0998187 0.18554331 1.4018512e-07 8.630774e-08 4.413632e-10 2.4827195e-05 4.7064314e-06 0.041576453 3.5024248e-05 0.0028752284 0.20886992 1.9282302e-08 4.042301e-08 9.901703e-09 2.8330676e-09 6.199956e-09 7.4552714e-10 0.19532843 1.5805058e-07 8.927444e-09 0.027961338 4.115649e-08 3.3081762e-09 0.08406327 1.5972743e-10 1.2932044e-09 4.952256e-09 2.6811824e-07 1.210339e-08 1.1449845e-06 2.6700783e-10 0.0012120096 9.86586e-10 3.347491e-09 0.0011935979 3.1716223e-08 3.7197128e-07
0.34176213 0.0018677852 0.0025179272 0.20639631 0.0041895295 0.13641258 5.3695886e-16 0.8426297 0.6654302 0.9002719 0.0018550829 0.12130638 0.04117453 0.9839585 0.61074275 0.41213703 0.32569522 0.11039596 0.0016539607 0.003552093 0.19174986 0.0029485694 0.0062135747 1.6525382e-06 0.003617081 1.0110163e-05 0.020331413 0.015701735 0.010985773 0.0077070366 0.011658934 8.359153e-05 1.4053047e-05 0.016382232 0.0028422514 0.0027509902 0.004006473 4.0936167e-05 0.001663758 3.7843525e-05 0.0004038978 0.00036957554 0.0010367578 4.292601e-06 0.0017597448 0.0003628852 3.6056772e-06 0.00014242661 3.7289071e-06 0.00150678 8.387057e-06 0.0017539192 0.0046545602 0.0012015933 1.031604e-05 0.000119443604 1.6580643e-07 0.004694322 4.834194e-07 0.0017937614 1.2939762e-06 1.8603569e-06 0.00071822404 5.369583e-05 0.0011719834 0.0011743698 3.7797173e-07 4.1786e-06 3.1447973e-07 0.00015751662 5.571634e-06 0.0004479815 0.00053683616 0.0010350586 0.0016228938 5.5831146e-07 3.6821876e-07 2.6529443e-07 2.901569e-07 3.2764868e-07 2.4285146e-07 0.00015901175 5.063494e-06 2.717412e-07 0.00073469337 6.0302386e-07 1.8123266e-07 0.00442645 1.243414e-08 1.0858622e-08 7.1492835e-08 6.5207246e-06 3.1482614e-08 3.5132114e-06 2.4689266e-08 0.00045572995 6.7066797e-09 3.2902607e-09 0.00048090372 4.5067868e-08 2.4436551e-05
0.016971456 0.00019410846 0.000105772335 0.51767987 0.000106391584 0.0015350288 0.8426297 1.2224748e-13 0.93083125 0.6957064 2.6802798e-05 0.8239723 0.9344942 0.071643144 0.2880446 0.014995372 0.010381406 0.020713441 0.00034090123 0.026252622 0.0022871175 0.020795777 4.4129383e-06 0.00029957583 5.5862787e-05 0.0035826438 0.0004655237 0.0011061808 0.00088356243 9.158504e-05 0.004490969 0.00036238774 0.00046259817 0.0017476281 0.001475859 0.00041864306 0.00012239607 2.7542383e-05 0.0008273313 0.00010722366 0.00019899246 0.0004327787 0.00058887934 3.2093623e-05 4.9141912e-05 0.000149332 3.204554e-05 0.00010996873 4.258178e-05 0.00027422621 3.0467574e-05 0.00025348118 0.0010028144 3.6964837e-05 4.4766497e-05 0.00018065624 1.9451911e-06 0.00025507755 6.3446696e-06 0.0022765493 8.470987e-06 1.1439176e-05 4.974442e-05 6.537826e-05 5.056606e-05 0.000119464 8.516551e-06 3.5595247e-05 1.4208323e-06 0.00017166596 8.856246e-05 0.00010500257 0.0006523891 0.00033661697 0.00011617783 1.1760318e-05 1.41396895e-05 4.4648077e-06 3.326673e-06 2.6169316e-06 9.998339e-07 4.183606e-05 3.4217774e-05 8.049931e-06 3.8884536e-05 1.0881496e-05 5.1640272e-06 0.00020578475 1.0901891e-06 1.4757771e-06 1.8877168e-06 9.945934e-06 3.971279e-06 4.3786487e-05 2.7217002e-06 0.00012089975 1.6303785e-06 1.065203e-06 0.000108222426 2.679213e-06 0.00017163879
0.069745995 2.9179775e-05 5.7642166e-05 0.058202468 4.643571e-05 0.00092850614 0.6654302 0.93083125 3.022451e-14 0.93403655 5.2289848e-05 0.7844697 0.46772015 0.14956847 0.8930604 0.064587355 0.06304087 0.09051567 6.961345e-05 0.030385416 0.017873306 0.06339162 3.3363816e-05 9.186404e-06 0.00019722503 0.0020476668 0.0013490269 0.0032974107 0.002817583 0.00022745755 0.025159273 0.00033983059 0.00028494274 0.0059780357 0.0067793336 0.0066684685 0.0016258287 2.9059833e-05 0.0027238012 0.0002540974 0.00016313678 0.0003403594 0.005419997 4.3272274e-05 4.3276395e-05 0.003852743 0.00013488087 0.0011009271 3.3561573e-05 0.00016503822 0.0001734791 0.00011876357 0.0015695964 2.7504037e-05 0.00029488356 0.0014636959 2.870524e-06 0.0007353323 1.5630356e-05 0.00548472 6.6430025e-06 1.2488137e-05 0.00021515787 0.0002646729 7.679018e-05 0.0002597347 1.9547208e-05 6.2086256e-05 2.6169619e-06 0.00052447215 0.00014840112 7.183521e-05 0.0021695066 0.0005520336 0.00013333934 9.207735e-06 2.2171824e-05 3.1841635e-06 4.212759e-06 9.3417043e-07 3.1905345e-06 2.7813334e-05 5.5654444e-05 1.3446238e-05 0.0004909043 2.6789257e-05 4.9936375e-06 0.0010753545 2.6283658e-07 1.6894618e-06 4.3162454e-06 6.846652e-05 9.9709205e-06 5.078026e-06 2.3892787e-06 0.0004739257 4.4278027e-06 1.473929e-06 0.0005137943 1.4051693e-05 0.00036678728
0.06819962 1.5942665e-05 0.00012487095 0.010387501 3.0331028e-05 0.0003649751 0.9002719 0.6957064 0.93403655 1.4424411e-15 1.39454405e-05 0.53835046 0.20434685 0.37267655 0.9596535 0.2047887 0.16641405 0.0871697 4.3093172e-05 0.0058833095 0.029606832 0.028815499 8.9360045e-05 1.18860825e-07 0.00023462434 8.231432e-05 0.0012674433 0.0017400194 0.001257866 3.1915617e-05 0.025123997 7.5425945e-05 1.1860029e-05 0.0038842952 0.0041643763 0.011260223 0.0031390414 1.8021572e-06 0.0016483965 0.00010211497 3.070109e-05 7.3358888e-06 0.0034583881 3.3156223e-06 5.5333703e-06 0.0027164181 1.743566e-05 0.0007826258 2.6861128e-06 3.408239e-05 5.2822834e-05 2.8328948e-05 0.0014469724 2.6565194e-05 5.050162e-05 0.0009280104 7.876867e-08 0.00040626648 2.1616029e-06 0.002318512 1.338399e-06 1.1228663e-06 8.447314e-05 9.038882e-05 1.9580642e-05 3.3639535e-05 6.7040487e-06 1.1072995e-05 2.9037972e-07 0.00016315423 3.024495e-05 1.3071015e-05 0.00090241374 0.0004568034 5.5153127e-05 1.4435251e-06 1.4795482e-06 5.002162e-07 5.407404e-07 4.9439086e-07 1.464391e-07 2.0392927e-05 5.8788105e-06 1.6454521e-06 0.0004776537 1.5429241e-06 6.1720937e-07 0.00090194173 3.4504485e-08 6.322363e-08 4.8859425e-07 2.6420274e-05 1.7005947e-06 3.2511825e-06 5.812803e-08 0.00050682604 8.554969e-07 2.2906524e-07 0.000547428 2.969337e-06 0.00012941603
0.4507369 6.5029326e-06 0.0032320344 0.0009383533 0.9247439 0.03763495 0.0018550829 2.6802798e-05 5.2289848e-05 1.39454405e-05 1.8181922e-16 0.0004136359 0.00029707362 5.0176568e-05 6.700648e-06 9.392884e-05 0.000119573764 0.00019131847 0.9669122 7.05924e-05 0.0053275297 7.3386844e-05 0.0028543596 1.6957678e-05 0.012891117 0.00028611717 0.021214604 0.0012513757 0.0024563284 0.69058645 0.00013883265 3.4944655e-06 7.18522e-05 0.0005638443 5.4970733e-06 1.1722058e-05 1.3633116e-05 0.05726541 0.00011715872 3.0005274e-06 0.7318203 0.11161379 7.8306056e-07 1.7809049e-06 0.1793514 1.1482776e-05 1.6938775e-06 6.8314903e-06 0.0002519013 0.10049991 6.988928e-06 0.08990019 0.0014812475 0.2962684 4.3212023e-07 1.6868964e-05 2.2075606e-06 0.014377466 1.6456333e-07 2.6971998e-06 1.0523519e-05 0.00017996186 0.008541869 2.1167734e-06 0.10785371 0.032856073 7.990672e-09 2.5116508e-08 3.5373083e-05 1.3666643e-06 1.034419e-06 0.13022645 6.4789424e-07 0.0010438882 0.23817852 6.0819204e-08 1.3881007e-07 1.0882264e-05 5.224374e-05 0.00014652131 1.8826478e-07 0.4425398 1.8641974e-07 4.1213895e-09 0.0037139272 1.0083448e-06 1.9821844e-09 0.0012807477 1.0774961e-08 6.0992323e-07 1.16523515e-05 5.0671923e-07 2.692558e-08 1.0882761e-11 8.8257535e-10 0.00047699708 2.0274122e-08 3.9920533e-08 0.00019377499 2.1278802e-07 1.988519e-06
0.07570277 4.4115204e-06 1.3797925e-05 0.028434118 5.9453945e-05 0.00024565685 0.12130638 0.8239723 0.7844697 0.53835046 0.0004136359 8.87132e-14 0.9803645 0.0753532 0.73552185 0.037475314 0.046328887 0.07762824 0.0009811035 0.105741486 0.008375764 0.16479385 7.62455e-05 4.6785385e-06 0.0002304473 0.002977308 0.0027716686 0.0047695865 0.0036053476 0.0005245159 0.029886689 0.005373922 0.0005928972 0.0070433337 0.009273654 0.012120176 0.0011318161 0.00015894747 0.004112923 0.0024412235 0.0010240795 0.0002441681 0.009730573 0.00014384721 0.00016840923 0.007818835 0.00062535616 0.0032998298 9.8321274e-05 0.0003878917 0.0012567132 0.00034717415 0.0016611452 6.30967e-05 0.0007893216 0.0042681233 2.2377135e-05 0.00069173536 0.00011345844 0.006484515 1.0977597e-05 0.00010142443 0.00019434704 0.0005244581 1.7497441e-05 0.00020420921 0.00013527159 0.00024242721 2.8814045e-06 0.0005374642 0.0004685218 0.00017754817 0.0021893568 0.00049341586 9.114764e-05 2.0561749e-05 1.9761015e-05 2.5149943e-06 1.1639935e-05 1.9896306e-06 6.472121e-06 1.5325539e-05 8.733665e-05 2.6869135e-05 0.0006266558 2.6743895e-05 1.3702264e-05 0.00046437857 5.7787634e-07 2.4263002e-06 1.3858858e-06 4.5079327e-05 1.180807e-05 3.350901e-06 6.1052356e-06 0.00055685296 9.3109265e-06 6.082953e-06 0.0007223114 8.380629e-06 0.00016468449
0.019389013 6.399394e-07 3.5269686e-06 0.07665215 2.3907419e-06 0.00018572174 0.04117453 0.9344942 0.46772015 0.20434685 0.00029707362 0.9803645 7.741833e-15 0.008772105 0.4061771 0.013686039 0.011184573 0.013350841 0.00022974337 0.5776124 0.0016420592 0.35266408 5.57512e-06 7.1041584e-05 3.902924e-05 0.016753573 0.0008451633 0.000558852 0.00049106893 4.393393e-05 0.0055530574 0.014987438 0.0024568215 0.0011050758 0.0016673938 0.001767335 7.056629e-05 1.3943712e-05 0.0004236803 0.00085498724 0.00027729472 0.00011543852 0.0044230046 5.287757e-05 2.6979957e-05 0.005908156 0.00012779329 0.00050967216 5.8223217e-05 9.7397824e-05 0.00062110624 9.82032e-05 0.0003985412 1.1339032e-05 0.00048696774 0.0006319383 5.8011788e-06 8.317286e-05 1.3044565e-05 0.00200331 1.31859e-05 2.6658843e-05 6.3636464e-05 0.00013248502 9.4678035e-06 3.8216283e-05 1.4132855e-05 3.0476613e-05 2.1522967e-06 0.00032036027 0.00011943688 4.628848e-05 0.0006597957 0.0002783484 2.5944913e-05 6.89402e-06 2.394499e-05 3.670511e-06 1.8047318e-06 1.636741e-06 1.6909643e-06 6.955821e-06 2.7982012e-05 1.1871707e-05 0.00018623966 3.599172e-05 5.4305597e-06 0.00011812085 1.7181637e-07 9.564778e-07 9.487603e-07 5.4908203e-05 1.0966851e-05 1.416382e-05 2.3396183e-06 0.00018335436 4.5606944e-06 2.182237e-06 0.00014667568 5.9445133e-06 0.00011819399
0.90767026 0.00046351648 0.0013464558 0.044798125 0.0005001426 0.017997116 0.9839585 0.071643144 0.14956847 0.37267655 5.0176568e-05 0.0753532 0.008772105 2.0304832e-17 0.73260564 0.7699262 0.6989911 0.69051176 1.3009636e-06 0.002282024 0.58707213 0.03063727 0.0027178319 1.8519954e-07 0.0019783152 0.00010075086 0.030445531 0.14043131 0.09237194 0.001182281 0.1429251 4.8022768e-05 1.10390965e-05 0.30355585 0.06956724 0.021914383 0.03175734 3.2638013e-06 0.03939216 4.4452763e-06 4.279152e-05 0.0012780299 0.014816078 1.0776145e-06 0.00032342577 0.0012233574 5.3204695e-07 0.0006514081 3.104699e-07 0.0011751597 9.593606e-06 0.000958469 0.13089544 0.0017527086 2.9793043e-06 0.00042169375 4.2079563e-08 0.06635281 5.388951e-08 0.12485739 9.312106e-08 8.637312e-08 0.0034957973 0.0011069571 0.000981159 0.00473511 2.4083854e-06 7.742072e-07 3.0815779e-09 0.004588157 6.316166e-05 0.00012753262 0.013723505 0.012421959 0.00398676 8.20419e-07 1.41353e-06 2.4388367e-08 4.6308424e-09 3.751582e-08 1.4418244e-08 0.00061830285 1.1499098e-06 8.934972e-09 0.010201667 1.7035361e-06 1.8058292e-09 0.11730497 1.5750872e-09 4.510732e-09 5.764683e-07 4.9432532e-05 5.617834e-08 9.6064035e-08 6.267403e-10 0.021912165 1.5344806e-08 1.3014418e-09 0.026027191 1.0934504e-06 0.0007737758
0.8294062 1.1372735e-05 1.0746373e-06 0.03875081 1.6334283e-05 0.0012934909 0.61074275 0.2880446 0.8930604 0.9596535 6.700648e-06 0.73552185 0.4061771 0.73260564 2.8546403e-16 0.52273273 0.40490755 0.48550567 8.295213e-08 0.05283197 0.15552284 0.45694494 0.0007201335 3.3035058e-06 0.00036731147 0.0026346163 0.003147067 0.014462447 0.011417836 1.865165e-05 0.15912293 0.0052613565 0.0003096684 0.044805553 0.03684562 0.080247 0.011105521 3.2779369e-07 0.018131515 0.0007585473 8.335446e-07 0.00014912621 0.06356903 4.8839345e-05 2.8332556e-06 0.038486518 4.6845813e-05 0.007807499 3.9803103e-06 6.6970965e-06 0.00028749352 5.5080673e-06 0.016404854 2.8475652e-05 0.0003471228 0.0038187308 1.0396082e-06 0.0044668266 4.3651003e-06 0.07244452 3.3028235e-07 9.576069e-07 0.00044235252 0.0058824653 3.1762313e-05 0.000113640366 0.00044514576 0.00010791396 3.2357087e-07 0.00927588 0.0005914041 1.0610184e-05 0.027442964 0.0070624934 0.00012352096 1.4443673e-05 3.787378e-05 2.5511547e-08 3.3021243e-07 2.656452e-08 7.513708e-08 5.983882e-05 6.209301e-05 3.3806177e-06 0.0017621394 4.6235975e-05 1.0206016e-06 0.023878308 3.8548887e-08 5.5626874e-08 3.3034945e-07 0.0009245299 3.686408e-05 3.3843367e-06 1.9670782e-07 0.0078027714 1.6080536e-05 3.1326879e-06 0.010233629 0.000121215504 0.0021296903
0.7561413 8.245591e-05 6.919501e-05 0.002532771 7.260474e-05 0.0017882256 0.41213703 0.014995372 0.064587355 0.2047887 9.392884e-05 0.037475314 0.013686039 0.7699262 0.52273273 4.5633708e-17 0.96726024 0.9173347 6.508935e-05 0.0028473681 0.43261915 0.04277108 0.005992717 1.1452907e-07 0.0024838906 0.00012883564 0.009028402 0.047998544 0.044758867 0.0017251848 0.21747255 0.00016609646 1.14902905e-05 0.09612183 0.047972195 0.0965885 0.11545026 1.3091462e-05 0.038466282 0.00012187913 5.2857304e-05 0.0014800478 0.046907008 9.228526e-06 0.0005246547 0.020113671 4.0503335e-05 0.01113227 4.2131087e-06 0.00037281337 0.0003220186 0.0003940737 0.055416018 0.00043397475 0.00033615596 0.0037611583 1.7826635e-06 0.027269486 6.4702144e-06 0.067641966 9.568226e-07 1.3554251e-06 0.006735204 0.015442448 0.002292926 0.0039477204 0.0002781571 0.00013575738 8.417362e-08 0.015051228 0.00043046288 0.00020286927 0.013755948 0.020950915 0.0024846073 0.00011090175 0.0001639586 1.3302531e-07 1.5548268e-06 6.946354e-08 2.3090995e-06 0.00034424107 0.000324097 8.887047e-06 0.011356095 0.00032324324 3.4014797e-06 0.039186873 2.3199593e-06 4.972459e-07 6.718901e-07 0.00467239 1.663159e-05 1.4407209e-06 2.4135727e-06 0.018362045 4.8165944e-06 1.2870214e-06 0.015717736 4.485671e-05 0.0005060921
0.7876379 0.00016450317 0.00010204877 0.003274018 6.7146546e-05 0.0046791565 0.32569522 0.010381406 0.06304087 0.16641405 0.000119573764 0.046328887 0.011184573 0.6989911 0.40490755 0.96726024 1.621333e-17 0.95432115 5.5365508e-05 0.002191612 0.5967284 0.030708177 0.004532544 6.380463e-08 0.0017230415 4.978343e-05 0.012060289 0.06334594 0.062690936 0.0013521555 0.25815767 0.00016922581 1.0420635e-05 0.14262031 0.05244612 0.096850686 0.13815652 1.6648284e-05 0.050521567 0.00010887668 3.5711735e-05 0.0013712384 0.04111831 1.0575453e-05 0.00025077138 0.013838923 2.3683113e-05 0.0076907957 5.369718e-06 0.00029285759 0.00018052912 0.0002940091 0.085535534 0.00034480673 7.3983945e-05 0.002723009 1.075201e-06 0.03911917 3.1540978e-06 0.078379385 1.6108739e-06 2.2645088e-06 0.0059678536 0.008939713 0.002611949 0.0039511067 0.00011736112 2.6891668e-05 4.111867e-08 0.0145275695 0.00018266322 0.00018762717 0.016124835 0.028496455 0.004512239 2.4669724e-05 4.8548038e-05 1.3722455e-07 7.1340577e-07 7.2368e-08 1.1333244e-06 0.0009376501 5.8009053e-05 1.1700128e-06 0.011916521 0.00011252494 6.201967e-07 0.042548113 4.414561e-07 3.057361e-07 1.7049457e-07 0.0035183989 6.9431157e-06 3.4595868e-07 2.3338676e-07 0.017879162 1.6595174e-06 1.8926569e-07 0.015132019 1.6267886e-05 0.00048149962
0.9859691 0.00042080635 8.207157e-05 0.00920461 0.00034879017 0.008119265 0.11039596 0.020713441 0.09051567 0.0871697 0.00019131847 0.07762824 0.013350841 0.69051176 0.48550567 0.9173347 0.95432115 1.6448418e-19 1.070518e-06 0.0029772853 0.7704283 0.11770329 0.0011158333 1.027686e-07 0.00019025152 1.6829932e-05 0.0092283515 0.16559736 0.121677004 7.047946e-05 0.6675697 4.810574e-05 4.3604778e-06 0.5034705 0.2604488 0.27887243 0.23548403 3.0415578e-07 0.25703967 7.212995e-06 2.4954523e-05 0.0007079786 0.15815392 5.8393533e-07 1.7352377e-06 0.014621704 9.2061157e-07 0.0050424556 2.0143617e-07 1.4757189e-05 1.0262092e-05 1.2640501e-05 0.5132343 4.886441e-05 3.8686476e-06 0.0010639682 6.122307e-08 0.16082464 3.3136894e-07 0.5225998 4.4050103e-07 1.01375825e-07 0.012240973 0.018968942 0.0005006875 0.0047301343 6.025292e-06 4.2434403e-06 1.1597744e-08 0.09558355 7.055296e-05 2.3645525e-06 0.0864628 0.16143544 0.0054763868 1.971295e-06 7.176007e-06 1.2458646e-07 9.066456e-09 3.502827e-08 1.1165552e-08 0.0010204216 2.2651286e-06 4.4324153e-08 0.03390825 7.489235e-06 8.2985e-09 0.27896893 4.6527555e-09 7.3484605e-09 3.7233384e-08 0.0022146269 2.0628283e-06 4.900076e-07 5.1686997e-09 0.11042914 3.3603334e-07 6.765007e-09 0.09108673 2.2056358e-05 0.0017529835
0.46840167 1.10469955e-07 0.00021415048 3.5282115e-05 0.0066737365 0.008451359 0.0016539607 0.00034090123 6.961345e-05 4.3093172e-05 0.9669122 0.0009811035 0.00022974337 1.3009636e-06 8.295213e-08 6.508935e-05 5.5365508e-05 1.070518e-06 8.519638e-19 7.4979e-05 0.001003751 1.943841e-06 0.001691016 5.4488357e-08 0.011446744 1.0030194e-05 0.0052119847 0.00032872552 0.0005136086 0.61990297 6.203103e-05 6.2738116e-07 3.7434124e-06 0.00014967704 2.7501991e-07 8.470547e-07 5.0758594e-05 0.5216071 3.1703235e-05 2.7210422e-07 0.9431784 0.09352668 6.3105446e-08 1.310359e-07 0.19266444 9.463304e-07 1.1120012e-07 2.2743955e-06 6.8433324e-06 0.11988812 6.207048e-08 0.10855264 0.0011469901 0.36131454 5.367757e-08 2.3656173e-06 3.351102e-08 0.005340178 1.1990137e-08 8.7427895e-07 5.922092e-07 3.881675e-06 0.0075044823 3.43308e-07 0.08119224 0.017071938 6.4216377e-10 1.6501145e-08 2.738683e-07 8.052784e-07 2.2712088e-08 0.31155527 3.594956e-07 0.0020455176 0.032104354 4.5874056e-09 2.2514432e-07 1.6865569e-07 5.9105723e-08 9.453093e-07 2.093189e-09 0.10597873 1.2908714e-08 2.5338314e-09 0.009176957 9.0620915e-07 7.5568457e-10 0.0014963314 1.616054e-09 1.3007023e-09 1.3609842e-08 1.3897132e-06 7.2759367e-09 4.8490996e-14 2.0069878e-10 0.00050918106 9.106833e-10 1.7724919e-10 0.00019621704 2.274858e-09 6.314996e-09
0.1358015 3.106503e-05 1.2406235e-06 0.08070293 6.505739e-07 1.0838148e-06 0.003552093 0.026252622 0.030385416 0.0058833095 7.05924e-05 0.105741486 0.5776124 0.002282024 0.05283197 0.0028473681 0.002191612 0.0029772853 7.4979e-05 4.0324417e-13 0.00077056943 0.9720901 6.6006004e-07 0.00051073637 2.5472675e-06 0.26106253 9.972566e-06 0.00053040095 0.00026274624 8.2404964e-05 0.00078473036 0.9548094 0.8444598 0.0007440548 0.0010661854 0.0023888608 4.4654524e-05 3.780276e-07 0.00031078348 0.22306004 1.0731283e-05 4.05409e-05 0.012123591 0.22245201 0.00011710476 0.0031514836 0.025314659 0.002058675 0.034947883 0.0003469607 0.013931592 0.00027798684 8.9304674e-05 4.6538382e-05 0.086069755 0.0017948394 0.009912617 5.33836e-05 0.0011250161 0.0046158764 0.0066734147 0.009982005 8.280772e-06 0.0003639815 4.5531782e-05 6.388035e-05 0.00412827 0.0038995726 0.0018207566 0.00031051508 0.012852517 2.2906917e-05 0.0025418114 0.00015497106 6.7965855e-05 0.00019089892 9.8712684e-05 0.0003196388 0.00024590766 0.000114701514 2.131099e-05 4.8874267e-06 0.00045017787 9.180121e-05 3.1865224e-05 4.9840008e-05 1.3952584e-05 8.407595e-05 4.6058656e-07 2.748585e-06 6.878245e-06 1.00985135e-05 1.8654373e-05 0.00034654452 8.749179e-07 0.000188863 7.1865943e-06 1.0191752e-05 0.00011676408 7.8871735e-06 0.00092830067
0.9546498 0.0006347799 0.00089285895 0.12328543 0.029602343 0.5604319 0.19174986 0.0022871175 0.017873306 0.029606832 0.0053275297 0.008375764 0.0016420592 0.58707213 0.15552284 0.43261915 0.5967284 0.7704283 0.001003751 0.00077056943 2.3197098e-15 0.052851677 0.44560817 1.857098e-07 0.15341173 7.050621e-05 0.95578027 0.93545246 0.86075616 0.019810973 0.28889596 4.309671e-05 5.3049985e-06 0.6881431 0.062711895 0.035843562 0.36084598 0.00018932592 0.06878388 1.238572e-05 0.0009911704 0.02267177 0.005589762 1.7782844e-06 0.0007852496 0.005912566 2.6318185e-06 0.0010304016 1.6130876e-06 0.0021776676 5.448072e-06 0.0019891926 0.23429047 0.0025493603 2.868838e-06 0.0005300993 1.5741068e-07 0.3196901 1.4057483e-07 0.037740756 4.4037733e-06 7.2354027e-07 0.053588323 0.0038487122 0.005182381 0.022565953 1.8432232e-06 5.655622e-07 6.5273504e-08 0.007359939 1.5529664e-05 0.00052206684 0.0013992802 0.028311485 0.025953466 5.8383847e-07 7.149223e-06 4.2250326e-07 1.0669788e-07 1.7316363e-07 9.784459e-09 0.0059596663 7.829188e-07 1.1530339e-08 0.043808673 9.803939e-06 4.720116e-09 0.20106901 3.317952e-09 1.2999061e-09 2.1262785e-08 0.0010956952 5.6360257e-08 2.0283375e-07 1.9524513e-09 0.019948652 6.2332393e-09 2.2586064e-09 0.02228573 6.675655e-07 5.3019005e-05
0.893573 0.00013373006 1.6464937e-05 0.09709679 1.11001045e-05 0.00015724661 0.0029485694 0.020795777 0.06339162 0.028815499 7.3386844e-05 0.16479385 0.35266408 0.03063727 0.45694494 0.04277108 0.030708177 0.11770329 1.943841e-06 0.9720901 0.052851677 4.533087e-13 0.00018656836 2.645731e-05 7.489688e-05 0.05179051 0.0028388463 0.017787416 0.008251999 0.00013034574 0.0559015 0.7066353 0.30897126 0.029033452 0.065558605 0.095017545 0.0052993204 3.7686116e-06 0.01856724 0.4535337 0.00013227494 0.00015022603 0.38822052 0.15106095 0.0005723771 0.09747476 0.1118592 0.050498582 0.0108328955 0.00010171211 0.14510268 5.3855118e-05 0.021527858 6.193592e-05 0.6063087 0.07434423 0.036360268 0.008985605 0.011999451 0.25224847 0.00057012815 0.004703136 0.0003248635 0.04982611 5.397173e-05 0.0009763506 0.1656264 0.13891117 0.00014825609 0.05047988 0.3750675 5.2079282e-05 0.28523505 0.010737072 0.0007964077 0.005943533 0.0021988251 6.312872e-05 0.00030398107 8.497477e-06 0.00016440547 0.00015890821 0.012313172 0.0007090726 0.0031570408 0.00071366923 0.00010815237 0.040937494 2.6453083e-06 1.1298393e-05 5.3374948e-05 0.004557417 0.0022722005 4.25802e-05 1.6907312e-05 0.020212473 0.0018372083 0.0012635483 0.05165916 0.0035816787 0.034816768
0.7595586 0.00010126785 0.00046820467 0.000104200335 0.012240033 0.22065033 0.0062135747 4.4129383e-06 3.3363816e-05 8.9360045e-05 0.0028543596 7.62455e-05 5.57512e-06 0.0027178319 0.0007201335 0.005992717 0.004532544 0.0011158333 0.001691016 6.6006004e-07 0.44560817 0.00018656836 2.183531e-18 1.1659309e-09 0.99167204 2.30832e-06 0.9846742 0.04940128 0.07501109 0.52338797 0.0026266458 1.898307e-08 1.3781157e-07 0.029910041 0.00024649416 0.0003821417 0.0147947995 0.001338468 0.000389989 5.2609842e-08 0.00023930552 0.6506381 4.4950797e-05 4.936029e-08 0.053656638 2.5422669e-05 4.8983053e-09 7.686201e-06 1.5292586e-07 0.07460632 4.037262e-08 0.0716315 0.032183044 0.04133497 2.5251566e-07 9.6110325e-06 1.0354968e-08 0.29316646 4.912365e-10 0.001325744 3.4478106e-08 7.072612e-08 0.26230985 3.9998184e-05 0.12254932 0.2583668 2.1510214e-09 1.2271243e-08 1.2578449e-09 0.0003024857 8.569034e-08 0.013540311 0.00024972702 0.03595368 0.030266766 4.634843e-10 4.3124784e-09 6.8343673e-09 7.58867e-09 2.7599703e-09 2.3246778e-09 0.004988069 3.2342125e-09 1.2600355e-08 0.19891375 6.932721e-08 8.580003e-09 0.07022734 6.4781164e-10 7.276904e-10 2.078982e-11 0.0005391943 5.1470497e-08 1.340081e-08 9.676167e-09 0.012794537 5.7111222e-09 4.198142e-09 0.008372673 1.9856601e-07 6.3089806e-06
7.195938e-05 1.6521806e-06 4.0976084e-07 0.0660001 2.9614748e-06 2.6969422e-08 1.6525382e-06 0.00029957583 9.186404e-06 1.18860825e-07 1.6957678e-05 4.6785385e-06 7.1041584e-05 1.8519954e-07 3.3035058e-06 1.1452907e-07 6.380463e-08 1.027686e-07 5.4488357e-08 0.00051073637 1.857098e-07 2.645731e-05 1.1659309e-09 2.8709116e-24 3.3514647e-09 0.79186887 6.707208e-08 9.3744757e-07 2.0067326e-07 5.459402e-09 8.405233e-08 8.147723e-07 0.0012037135 5.7696496e-07 1.2109112e-07 2.686274e-08 8.034381e-09 1.7860854e-08 1.2866997e-08 2.8408138e-07 4.7982276e-08 1.3255547e-07 7.6296885e-08 2.2117667e-06 3.807399e-08 3.9997565e-09 9.2979086e-08 3.8140624e-09 2.3369099e-05 1.0157775e-06 3.751897e-08 1.0820829e-06 1.6067307e-07 1.3547887e-07 6.6441334e-07 9.368094e-09 1.01376024e-07 2.4470808e-07 1.2216591e-09 5.548322e-07 4.464984e-05 1.0032853e-05 1.195012e-07 2.4524763e-08 8.124271e-08 3.8013053e-07 6.5518826e-09 2.3910601e-07 2.7551275e-08 1.0871041e-07 4.5512854e-07 1.12051906e-08 2.8408938e-06 9.708168e-07 5.0741363e-07 3.1265732e-09 3.1324348e-09 2.0293526e-06 3.0463154e-09 1.046122e-07 1.7709643e-10 3.619282e-08 3.3247257e-08 6.643328e-09 5.1591906e-07 1.0441978e-08 3.4498477e-09 1.6439527e-06 3.6261394e-10 6.497222e-10 2.26604e-10 2.355937e-09 7.044018e-08 0.70725447 5.037857e-09 3.6748334e-06 3.9580566e-08 3.459595e-08 1.6776834e-06 6.241963e-08 3.402177e-06
0.8284105 0.00018426433 0.00097225537 4.792324e-06 0.036432143 0.38836318 0.003617081 5.5862787e-05 0.00019722503 0.00023462434 0.012891117 0.0002304473 3.902924e-05 0.0019783152 0.00036731147 0.0024838906 0.0017230415 0.00019025152 0.011446744 2.5472675e-06 0.15341173 7.489688e-05 0.99167204 3.3514647e-09 2.0491582e-17 1.1873683e-06 0.68337804 0.022101939 0.034818303 0.6156567 0.00083873933 1.546543e-07 9.642389e-07 0.0068251262 4.7795053e-05 0.00010691041 0.0020830769 0.0035478612 4.3427222e-05 6.015333e-07 0.0018183064 0.89338475 3.1363763e-06 3.4530224e-08 0.05400394 4.952859e-06 1.843588e-07 1.5829411e-06 2.9523284e-07 0.11084545 3.274706e-07 0.09734107 0.0059277136 0.05382361 1.4579587e-07 6.1432634e-06 1.0215023e-08 0.23494636 1.6016262e-08 0.0003658964 3.484683e-07 6.556236e-08 0.3000372 2.2144966e-05 0.12758638 0.41324562 4.067093e-09 5.8273204e-09 6.919216e-09 6.8340356e-05 9.801312e-08 0.0300103 1.5664395e-05 0.008951167 0.07245994 3.5612795e-09 2.0391397e-08 3.7543522e-08 2.037161e-08 9.006772e-08 4.622971e-09 0.010111351 2.328343e-09 6.770128e-10 0.10271857 3.9433253e-08 6.543524e-10 0.042824943 9.660764e-10 4.8519984e-09 3.693981e-09 9.396673e-05 1.3391689e-08 1.0755783e-08 1.023905e-09 0.0053884815 1.1294577e-09 4.625703e-10 0.0028737017 1.0403133e-08 2.916639e-07
0.010480784 6.6633065e-06 3.3648346e-06 0.08414354 2.7984226e-05 3.6180583e-07 1.0110163e-05 0.0035826438 0.0020476668 8.231432e-05 0.00028611717 0.002977308 0.016753573 0.00010075086 0.0026346163 0.00012883564 4.978343e-05 1.6829932e-05 1.0030194e-05 0.26106253 7.050621e-05 0.05179051 2.30832e-06 0.79186887 1.1873683e-06 4.2412337e-16 1.1793326e-05 9.091363e-06 5.632689e-06 0.0011844991 0.00012528332 0.04459146 0.94312316 3.5285868e-06 2.1408872e-05 1.0376485e-05 2.2200252e-06 2.3839675e-05 1.483592e-06 0.014317604 0.00044929987 7.152596e-05 2.3562832e-05 0.08019872 1.5905945e-05 1.10158135e-05 0.0058905296 5.010835e-06 0.07760962 0.0007173676 0.0022549436 0.00077206054 2.0594982e-06 3.1354062e-05 0.037216336 0.00019220122 0.011643987 8.50415e-06 7.821572e-06 7.0104497e-06 0.008840157 0.020663098 1.3970839e-05 1.3751373e-06 1.49385905e-05 2.5312303e-05 7.132957e-05 0.00036643486 0.00041823598 1.3593188e-06 0.00030617684 1.4132302e-05 9.9755096e-05 1.8630495e-05 5.8010548e-05 2.2487951e-05 1.962273e-06 0.0029097798 5.2957454e-05 0.00013305241 4.2302195e-06 6.9756434e-06 1.8713405e-05 4.2134e-05 4.4520544e-05 1.6784748e-05 1.0885627e-05 1.8638173e-05 1.3027787e-06 5.6391063e-06 5.7695815e-06 3.6105669e-06 1.2834663e-05 0.26569593 3.9312345e-06 2.2470822e-05 1.9609372e-06 2.2019592e-06 1.6976042e-05 3.876973e-06 0.00024821667
0.9415485 0.0027837472 0.00597168 0.008931976 0.07040626 0.5720042 0.020331413 0.0004655237 0.0013490269 0.0012674433 0.021214604 0.0027716686 0.0008451633 0.030445531 0.003147067 0.009028402 0.012060289 0.0092283515 0.0052119847 9.972566e-06 0.95578027 0.0028388463 0.9846742 6.707208e-08 0.68337804 1.1793326e-05 4.8996735e-15 0.6156689 0.77826965 0.15196641 0.007237374 4.2874044e-06 1.6799712e-06 0.22415023 0.0006718649 0.001237644 0.17801937 0.0024812107 0.0015228661 1.5755018e-05 0.0013724532 0.35749713 0.00018182048 4.010459e-07 0.010080497 0.00015103782 2.8779032e-06 6.785827e-05 1.1853014e-06 0.007973611 3.4546003e-06 0.008212971 0.18352555 0.009561637 1.1862434e-06 0.00019828191 1.4829392e-07 0.77986723 1.3441968e-07 0.0041896994 4.2884108e-06 4.0015652e-07 0.680959 0.0005149947 0.027023574 0.21441221 1.912899e-07 3.217655e-07 1.10715916e-07 0.001472331 2.4856038e-06 0.0039511877 0.00013902424 0.100416735 0.040757675 5.081111e-08 1.837087e-07 1.0201709e-07 1.2422981e-07 1.05341826e-07 7.1758826e-08 0.0075812098 7.8337465e-08 5.6288386e-08 0.46746665 2.6923485e-07 2.0222176e-08 0.18421641 9.24547e-09 2.9590977e-08 4.0170832e-08 0.0011470759 4.784718e-09 3.6993538e-07 5.5066827e-09 0.028744474 1.6105889e-09 1.2422188e-09 0.016028505 9.918828e-09 2.4611995e-06
0.9420319 0.00042700098 0.0006538912 0.024591072 0.008583609 0.20771359 0.015701735 0.0011061808 0.0032974107 0.0017400194 0.0012513757 0.0047695865 0.000558852 0.14043131 0.014462447 0.047998544 0.06334594 0.16559736 0.00032872552 0.00053040095 0.93545246 0.017787416 0.04940128 9.3744757e-07 0.022101939 9.091363e-06 0.6156689 1.2658743e-16 0.96721053 0.0076419343 0.0740368 5.900317e-06 3.146393e-05 0.7076336 0.014523047 0.011765486 0.4239445 0.0004385331 0.02410306 1.6795779e-05 0.00013840671 0.00819187 0.0029450017 1.4836629e-06 0.0004987869 0.0022024834 2.9678931e-06 0.0008247301 3.2370685e-06 0.0008346022 1.2514998e-05 0.0007884715 0.33278927 0.001081922 3.2758915e-06 0.0008046835 2.0398662e-07 0.41530398 1.6357633e-07 0.028711598 5.047295e-06 1.5926976e-06 0.13735385 0.005197293 0.0042280583 0.017628137 3.582042e-06 1.5867453e-06 3.808396e-07 0.009421054 2.7072902e-05 0.0002607202 0.0013884059 0.17271486 0.0145422425 4.5843444e-07 4.783142e-06 3.1214659e-06 1.2983811e-07 1.0048582e-06 1.4058561e-08 0.004351532 7.881582e-07 7.590512e-08 0.13573568 9.877233e-06 2.7046072e-08 0.24352369 2.4754574e-08 4.2720703e-08 5.556887e-08 0.006939135 9.9427936e-08 3.8025092e-07 2.2095001e-08 0.053400308 2.6591488e-08 1.715262e-08 0.037050538 1.6213854e-06 6.445386e-05
0.9396991 0.00033210975 0.00038162456 0.00723012 0.007843092 0.18169573 0.010985773 0.00088356243 0.002817583 0.001257866 0.0024563284 0.0036053476 0.00049106893 0.09237194 0.011417836 0.044758867 0.062690936 0.121677004 0.0005136086 0.00026274624 0.86075616 0.008251999 0.07501109 2.0067326e-07 0.034818303 5.632689e-06 0.77826965 0.96721053 3.209753e-17 0.010405149 0.08345521 1.7255443e-06 6.776189e-06 0.72609216 0.011812149 0.013504823 0.44123742 0.00036453299 0.024504527 5.6662816e-06 0.00015880262 0.010439929 0.0022463026 1.0080207e-06 0.00066720246 0.0013418671 8.562005e-07 0.00059465686 1.2756486e-06 0.0009911832 5.1596367e-06 0.0009051313 0.41140828 0.001252844 1.62522e-06 0.0004899294 8.980373e-08 0.4741451 5.289923e-08 0.024799973 2.2048716e-06 6.6252585e-07 0.25877607 0.0070760776 0.0048971223 0.028258925 1.3874251e-06 1.1057583e-06 1.061413e-07 0.01092912 2.7173573e-05 0.00030885704 0.0017753361 0.31527984 0.014478945 3.9434025e-07 1.6845017e-06 3.0187991e-06 6.220012e-08 3.8566188e-07 9.047524e-09 0.004093088 3.9132516e-07 6.66398e-08 0.23737906 5.2881783e-06 3.050189e-08 0.2869075 1.866671e-08 3.2704474e-08 1.7880899e-08 0.01131145 2.0570614e-07 2.5302333e-07 2.2389118e-08 0.08262437 4.0097955e-08 2.7531891e-08 0.05457884 2.0737557e-06 5.7533154e-05
0.7802574 0.00015569205 0.0115282405 0.0005015021 0.4487216 0.48592073 0.0077070366 9.158504e-05 0.00022745755 3.1915617e-05 0.69058645 0.0005245159 4.393393e-05 0.001182281 1.865165e-05 0.0017251848 0.0013521555 7.047946e-05 0.61990297 8.2404964e-05 0.019810973 0.00013034574 0.52338797 5.459402e-09 0.6156567 0.0011844991 0.15196641 0.0076419343 0.010405149 6.5977853e-15 0.00059314916 7.1817094e-06 6.109443e-05 0.0021676144 9.057037e-05 3.924116e-05 0.0019681442 0.74901354 0.0002952237 4.4682303e-05 0.18355331 0.67000175 3.2138046e-06 4.2286747e-06 0.9332771 2.3496268e-06 2.6244197e-06 1.3484622e-05 2.2224815e-05 0.61678964 5.7323196e-06 0.5492773 0.0033992068 0.76340204 1.3396019e-06 4.2420443e-06 1.1702683e-06 0.026849642 4.76633e-08 0.00047931928 1.8465098e-06 8.446344e-06 0.097766325 1.3527874e-05 0.23887752 0.07641308 1.7946456e-07 2.4158743e-07 4.3044847e-06 0.00029694787 1.0196529e-06 0.26928326 6.742327e-06 0.004731174 0.077132955 2.41853e-07 1.7699922e-06 2.2087829e-07 4.22085e-06 1.0862025e-05 3.799513e-08 0.115280606 4.078054e-07 2.406334e-07 0.012432199 2.5842442e-06 7.598233e-08 0.01085456 5.2163102e-08 2.1641789e-08 1.9516705e-08 0.00013749817 9.706409e-09 3.5743228e-10 5.8580586e-08 0.0021151644 7.1897706e-09 1.2302295e-08 0.0009447407 6.1679564e-09 2.8260962e-08
