1.5600471e-25 0.9705527 0.9500479 0.9915732 0.78947395 0.9834573 0.99987924 0.989565 0.9781403 0.96903867 0.57951736 0.9992109 0.92220104 0.99999905 0.8126464 0.9912714 0.93115145 0.99848247 0.9889997 0.89379054 0.9993509 0.9728533 0.06028026 0.98983437 0.99932617 0.58912504 0.9630434 0.98747987 0.9915066 0.099942125 0.88441926 0.92379874 0.9956449 0.8204395 0.9825704 0.82780576 0.995135 0.96038455 0.9620063 0.9824509 0.9892163 0.97952324 0.9495527 0.94794077 0.9743856 0.83500904 0.9559803 0.8644497 0.85545707 0.6524499 0.9171623 0.91805744 0.9386212 0.8338673 0.02956862 0.97064096 0.8843215 0.9502502 0.81713736 0.7077867 0.9066786 0.36270198 0.8387717 0.78711 0.89822644 0.6738342 0.88550234 0.7502571 0.7964726 0.7059397 0.65561086 0.3757532 0.42879516 0.31303474 0.8298735 0.0238941 0.009979888 0.45352373 0.0018204025 0.030191788 0.009042078 0.03513223 0.2138384 0.087724574 0.1540057 0.00018395319 0.10680071 0.08210628 0.11321704 0.0033359695 0.014329925 0.16692792 3.1451633e-05 0.018979922 0.22302933 0.0028161928 0.005213071 0.024130194 0.0036353664 0.14480288 0.011242674
0.9705527 7.681728e-16 0.31127882 0.089598134 0.97749645 0.96611625 0.7206878 0.13815278 0.011528587 0.019857576 0.75098455 0.017499171 0.002561603 0.24773952 0.27374065 0.004222018 0.00067864556 0.01824793 0.0060452735 0.009123478 6.798517e-05 0.0014801876 0.23684332 0.0002800867 2.3368922e-05 0.0028811218 0.000570057 5.9161306e-05 0.0002448177 0.0854202 1.1278692e-05 2.2486343e-05 1.585385e-05 0.0012274968 0.0037830067 4.7461883e-05 4.883196e-06 2.1067934e-05 1.747778e-05 2.8636054e-05 9.0044665e-07 2.2358715e-06 1.5873744e-07 7.3966125e-06 8.32009e-08 1.0786426e-06 6.9693624e-07 1.590461e-07 1.1564775e-06 0.0001068998 1.02114825e-07 3.5260437e-06 1.839631e-07 7.3352135e-07 0.08187922 8.4596155e-07 9.582152e-09 6.015571e-08 2.1651906e-06 2.8136111e-09 5.7819303e-08 5.546933e-06 1.4002224e-07 2.4252914e-08 2.3912365e-08 2.101105e-07 2.6381382e-08 2.224011e-08 1.706195e-07 1.322974e-08 2.7632412e-09 7.8672535e-09 4.336022e-05 4.3049462e-07 5.5116836e-09 0.0006671083 0.00066932436 8.170186e-09 0.0005153978 5.3979696e-09 0.00010556052 9.620592e-07 2.275085e-08 7.084423e-09 3.0633555e-07 0.0001277582 7.751266e-06 1.17188264e-07 1.3128155e-09 5.88648e-06 5.8155205e-08 1.3102566e-07 7.438671e-05 1.6901861e-09 2.3483665e-07 5.0281635e-08 2.21396e-11 7.5872556e-08 2.3120839e-09 2.2904057e-07 7.141079e-08
0.9500479 0.31127882 6.6909017e-16 0.97578144 0.037558213 0.16090578 0.35197186 0.077937305 0.0100518605 0.024817105 0.93637687 0.030616 0.010605243 0.21455781 0.02752237 0.0019331651 0.0005070378 0.5922889 0.0067881155 0.008387718 0.0004512415 0.0038995913 0.023078663 0.00024529026 0.00015485953 0.0013393983 5.256017e-05 0.0011941803 0.00012468542 0.7594864 0.00018032092 0.00018052035 5.4092307e-05 0.38468364 0.6693731 2.6315902e-06 3.8323145e-05 4.8533298e-06 7.876098e-07 0.00028638905 0.0680008 1.3351998e-07 3.0125066e-06 0.00084449345 0.0008200718 4.9915084e-08 0.012844582 3.7333905e-06 0.00055649015 0.21261826 1.0570592e-07 0.00075318385 3.61835e-08 6.466309e-08 0.00078768044 2.1470598e-07 0.00022165242 6.964307e-07 0.009510986 4.9310092e-06 1.9028139e-05 0.007161998 3.5565094e-08 1.2398624e-07 1.2277161e-07 5.219055e-09 1.193838e-08 2.4626188e-09 6.614388e-07 7.693247e-10 5.292804e-10 6.0054913e-07 1.5392368e-06 1.1309954e-08 7.186723e-10 0.025633588 2.58368e-06 4.8211595e-09 9.3039e-07 3.5035114e-10 4.8332026e-07 8.390813e-09 5.2730437e-10 8.5846147e-10 1.07859215e-08 2.3890632e-07 0.00035576563 7.55404e-09 2.0813926e-09 4.441369e-08 6.813036e-09 4.9273066e-09 1.0384305e-07 8.4992274e-10 7.1401837e-07 2.8958465e-09 1.0434979e-10 3.777847e-09 2.0908536e-10 0.00017835342 1.8653e-09
0.9915732 0.089598134 0.97578144 6.8085974e-15 0.009889625 0.15614069 0.92022926 0.13123123 0.014304176 0.05142679 0.27982235 0.08463307 0.032685604 0.23107888 0.031490978 0.006223107 0.003372984 0.36781034 0.039151564 0.008486542 0.0018867489 0.02795988 0.0043553496 0.0006735782 0.0007087251 0.001634972 0.00013203097 0.0062699 0.00059265125 0.1849047 0.00097086036 0.0010223717 0.00035438352 0.1140266 0.65728796 0.00026623035 0.00015356387 9.17662e-05 4.513519e-06 0.0018211455 0.2220789 6.04734e-06 1.3528817e-05 0.0018724947 0.0018248565 4.9271075e-06 0.016373547 4.1893276e-05 0.0026107363 0.2499207 8.372125e-07 0.0008466408 2.979448e-07 1.9746358e-07 0.00075226964 6.333782e-06 0.001240616 2.5615025e-05 0.029303297 0.00012665101 8.1089034e-05 0.012256392 9.2598924e-08 1.1134583e-05 1.0418091e-05 2.6400397e-07 3.3515366e-08 1.9292678e-08 2.8738672e-05 5.7016535e-07 1.9543926e-07 1.9282239e-05 4.211287e-05 1.3895736e-07 2.6010414e-07 0.0037701419 1.8383353e-05 1.9550004e-07 1.3582726e-05 1.5452299e-08 5.292686e-05 3.3440754e-06 1.6310427e-08 1.2193307e-06 1.62004e-07 4.058103e-06 0.0032086554 2.8113266e-07 7.834684e-07 4.256374e-06 6.427419e-07 2.3945034e-07 1.2107524e-06 1.0282565e-07 1.157659e-05 7.364446e-08 2.0590564e-08 1.4615281e-07 1.7161915e-08 0.0012575734 4.3084336e-07
0.78947395 0.97749645 0.037558213 0.009889625 4.665202e-14 0.37618935 0.03251818 0.009738663 0.004781911 0.0012931923 0.89312494 0.00036121858 0.0005943241 0.06491868 0.628479 8.965069e-05 0.00013746381 0.012717557 0.00033204295 0.0035125904 2.387386e-06 4.06262e-05 0.93880785 9.39021e-06 2.9600957e-07 0.00799253 0.00023153951 7.9902085e-05 2.5733666e-06 0.065582134 1.2695483e-05 1.7520758e-06 8.112576e-07 0.00061592966 0.00037632478 5.5752907e-06 2.412223e-07 1.2125076e-06 1.0075119e-05 2.9268205e-07 7.649728e-07 3.0032515e-07 7.9432205e-08 3.4233192e-06 6.247588e-07 1.7639384e-07 8.910097e-06 1.2034637e-07 7.199614e-06 8.283604e-05 8.355984e-08 2.8151535e-06 1.0410423e-07 7.8568166e-07 0.09590535 1.9108568e-07 3.53095e-06 3.103355e-07 2.8421959e-05 9.638719e-09 7.8387353e-07 2.2684502e-05 4.2656404e-07 1.0028539e-07 2.8425124e-09 1.184315e-06 5.9742135e-08 1.2418967e-07 2.57415e-06 1.3138576e-07 6.550773e-08 2.7811248e-08 0.00041277052 4.3299456e-06 2.6851163e-08 0.00055677275 0.00014487025 7.639183e-08 0.0003332694 2.8587822e-08 0.00016461869 4.0216564e-06 2.5690323e-07 5.6727754e-06 2.7274764e-06 0.00023365727 3.0832212e-05 4.770894e-07 2.3270865e-09 2.538087e-06 9.0750297e-07 1.196183e-05 0.00016577617 2.5021007e-09 3.204967e-05 9.762686e-07 1.6990503e-11 9.811057e-06 5.9199756e-10 3.29014e-06 1.4946136e-06
0.9834573 0.96611625 0.16090578 0.15614069 0.37618935 3.8608443e-14 0.59060854 0.85191774 0.8507311 0.486427 0.0794076 0.1862209 0.11799485 0.2673946 0.8358096 0.10068896 0.037777375 0.010334455 0.021034015 0.48713022 0.0030707943 0.0033253636 0.13857491 0.0015410574 7.2178016e-05 0.09997594 0.049161464 0.00019764682 0.00073882204 0.008079759 0.0006019265 0.0010561676 0.00012213185 0.001057553 0.0027132456 0.0027300115 1.3361807e-05 0.00028873546 0.0031833635 1.26303785e-05 7.252516e-05 0.00038249046 7.043857e-06 3.5257293e-05 4.8437537e-06 0.0006238941 4.231797e-06 1.5134081e-05 1.3865256e-06 0.00043256924 2.4165332e-05 6.424652e-06 7.577209e-05 0.0003092561 0.1310467 5.447176e-05 7.135446e-07 1.9173033e-06 6.3324434e-05 9.645413e-09 3.581596e-07 8.094061e-05 2.96822e-05 8.280886e-07 5.6261392e-06 2.3088189e-05 4.854501e-06 5.800477e-06 1.06901375e-07 2.609973e-06 5.066143e-07 6.1315625e-08 0.001602498 9.208144e-05 2.1001733e-07 0.00040279323 0.00079341326 9.220291e-08 0.00031481203 2.0360315e-07 0.0007017426 0.00012699534 9.169752e-07 2.1376758e-05 2.321843e-06 3.3591994e-05 1.0118238e-05 3.4470162e-07 9.749357e-10 3.0298446e-05 8.894628e-06 1.1746313e-06 1.6361222e-05 2.4811997e-09 5.09063e-07 1.9366126e-07 5.534763e-10 1.3729675e-06 1.5603316e-08 4.244043e-06 3.1455738e-07
0.99987924 0.7206878 0.35197186 0.92022926 0.03251818 0.59060854 1.35502275e-14 0.60614204 0.08598511 0.5966299 0.09139028 0.3431136 0.33446154 0.35126108 0.06991047 0.16331486 0.07704376 0.31211308 0.33001843 0.019603781 0.023707664 0.16760954 0.0047852984 0.021959066 0.0009369002 0.008572447 0.0065767644 0.004734008 0.0071426234 0.027253132 0.016902333 0.012904204 0.004399943 0.049369466 0.3875061 0.0064226743 0.0017583674 0.002013799 0.0017583405 0.0045101373 0.08196594 0.0009767483 0.0008461408 0.007069609 0.0026621714 0.0011083626 0.005249378 0.0014450734 0.0040876074 0.033761337 0.0004367649 0.001621084 0.0004966623 0.0006579437 0.0029478357 0.00054448907 0.00043455686 0.00096695457 0.0058335927 0.0014315576 0.00091640576 0.0053895144 0.00014702832 0.0006502731 0.000948612 0.0002800835 7.831749e-05 8.824324e-06 0.00022995907 0.0001869069 0.0001350696 0.00015385674 0.0017618975 0.00010209355 0.00013140214 0.0021142669 0.00015635253 3.189219e-05 0.0001767344 2.1485193e-06 0.0007086842 0.00013843008 4.601952e-06 0.00014622622 3.481982e-07 2.3718712e-05 0.004428242 5.561643e-06 1.440859e-05 1.2383947e-05 1.536319e-05 3.2501302e-05 2.9545849e-05 1.1011459e-06 3.5255613e-05 6.639462e-06 2.4804482e-08 3.1702102e-06 2.312407e-08 0.00091483654 4.195971e-06
0.989565 0.13815278 0.077937305 0.13123123 0.009738663 0.85191774 0.60614204 1.41106355e-14 0.5223567 0.83671373 0.009348911 0.9486957 0.558872 0.250401 0.20742352 0.54304683 0.15193982 0.020778425 0.41450718 0.20795879 0.03045984 0.0959441 0.006063704 0.073480226 0.0004603763 0.025322545 0.14651436 0.0010206625 0.021943256 0.0026674713 0.025413983 0.04507 0.010182101 0.0051118955 0.015933022 0.029297924 0.0045433696 0.015210149 0.016866457 0.0043390216 0.014628308 0.023924123 0.0017632357 0.0063612647 0.002601451 0.012938962 0.0019357414 0.0029235277 0.0019793864 0.0020554918 0.0052785296 0.0014048108 0.010873983 0.0047245147 0.009511439 0.006637573 0.00014885965 0.0035351433 0.0008440095 0.00096617563 0.00064599025 0.00046970494 0.0020540075 0.0005986191 0.0012196326 0.0016214914 0.001207514 0.0003520738 0.00015734279 0.00068254705 0.0003820189 9.6143e-05 0.002407598 0.00060317834 0.00018428858 0.0004964897 0.00038845104 5.0520408e-05 0.00021415477 1.00932075e-05 0.00033488596 0.00039902743 2.0883559e-05 0.0005564734 1.4061761e-05 3.063081e-05 0.00025010953 2.2662898e-05 3.891861e-06 8.557826e-05 0.00011037892 2.1419472e-05 2.1189257e-05 2.1706385e-06 2.6491423e-05 1.6851662e-05 7.162346e-08 5.999095e-06 6.7673176e-07 0.00047884297 4.3824357e-06
0.9781403 0.011528587 0.0100518605 0.014304176 0.004781911 0.8507311 0.08598511 0.5223567 1.9526308e-12 0.92963254 0.0010530604 0.11927173 0.8203292 0.6044459 0.46199703 0.43015644 0.35820746 2.7488959e-05 0.036173727 0.9262093 0.007413449 0.008052363 0.017320815 0.013735327 4.9952832e-05 0.556349 0.78379935 0.00038814903 0.0025113742 5.1980685e-05 0.0076344535 0.0038133864 0.0005431564 2.8668897e-05 4.8634765e-06 0.19633278 0.00015510696 0.0013190492 0.048195265 4.490189e-06 5.375967e-07 0.000917305 3.3461096e-05 3.4174725e-05 3.0083336e-07 0.039739437 1.6797134e-06 0.00012770593 8.290499e-06 5.6525914e-07 6.6769164e-05 1.4921489e-05 0.0077394405 0.011931053 0.10883719 0.00011609653 7.9056565e-07 1.2849592e-05 6.76475e-07 3.731e-09 2.7467456e-06 4.7022834e-07 0.0014200041 4.833235e-07 8.5232665e-07 0.00010886204 0.00013191278 2.1844971e-05 9.8367835e-08 1.5093939e-05 2.8087845e-06 2.3886602e-07 0.033081472 0.0006813995 3.454882e-07 0.00011688328 0.012893576 1.9166606e-07 0.0023142726 3.698137e-05 0.013316832 0.0063028224 1.6335622e-05 0.011356285 2.9041741e-05 0.00027813032 2.0190566e-05 6.271982e-05 3.346487e-10 0.0012836623 0.00060539215 5.4543805e-05 9.1773545e-05 2.287319e-09 9.126195e-08 2.2427896e-05 6.831943e-09 2.4496589e-05 1.3046791e-07 2.8365338e-07 1.156251e-05
0.96903867 0.019857576 0.024817105 0.05142679 0.0012931923 0.486427 0.5966299 0.83671373 0.92963254 5.8560424e-17 0.0021499286 0.6516866 0.97185254 0.4387455 0.12912336 0.564212 0.5588024 0.0004176381 0.11004515 0.27217335 0.014427911 0.034719657 0.0026555823 0.017025884 9.9604615e-05 0.070049904 0.30436954 0.0006515836 0.001986921 0.00025235186 0.01574173 0.007628304 0.0005881876 5.577043e-05 1.0912309e-05 0.04169081 8.564177e-05 0.000998919 0.00684807 3.5313305e-06 5.7313955e-06 0.0018858116 4.024041e-05 5.5885273e-05 3.5036638e-07 0.017678803 3.1123488e-06 0.00038367635 2.290849e-05 1.4130527e-06 0.00027147762 1.6063355e-05 0.003617419 0.0032763588 0.0036549536 0.00020492167 6.687953e-09 4.5636163e-05 4.861582e-07 8.6377895e-08 3.5677097e-06 2.719125e-07 0.00052592787 1.9122924e-06 5.598684e-07 0.00034178048 0.00021189023 5.317071e-05 1.6337802e-07 3.8883907e-05 1.6425949e-05 1.8384489e-07 0.0028499262 0.0002808225 2.3001169e-06 2.9121673e-05 0.0005486379 2.5084705e-07 4.8829286e-05 2.574648e-06 0.0005675065 0.0011663687 7.2308817e-06 0.0025357513 9.777683e-06 9.400946e-06 2.122182e-08 6.1674896e-06 1.1810045e-10 0.00016213082 0.0002578186 2.2733817e-05 3.7893827e-07 1.3987489e-09 2.94652e-09 6.345281e-06 8.4711477e-10 6.5771337e-06 9.438399e-09 1.0405455e-08 2.3550467e-06
0.57951736 0.75098455 0.93637687 0.27982235 0.89312494 0.0794076 0.09139028 0.009348911 0.0010530604 0.0021499286 6.4948706e-17 0.0029233953 0.0025748876 0.33990976 0.16628714 0.00014042444 0.00023374194 0.047785554 0.00036932013 0.0025054154 7.205594e-05 0.0002044095 0.28492394 1.0147683e-05 0.00011618104 0.00076480844 1.5479493e-05 0.00025127985 2.8504082e-06 0.98588747 3.9054827e-05 0.0001012471 2.7167573e-06 0.003147028 0.0047840388 4.9762143e-06 2.0837651e-06 1.8824e-07 7.665904e-07 2.8743938e-05 2.486526e-06 1.6306049e-07 3.0022877e-06 6.0785314e-05 2.1521852e-05 2.2538276e-07 0.00031363554 2.8075258e-06 7.926327e-05 0.0004530683 1.7386972e-07 3.4865712e-05 3.3463647e-07 1.259513e-06 0.012833213 6.817979e-08 2.0015616e-06 6.0582843e-06 1.22589445e-05 6.3619837e-07 3.975218e-05 9.748257e-05 3.8488108e-07 3.3835076e-06 8.555299e-08 3.698405e-07 1.3876428e-07 1.5299018e-07 1.08592076e-07 8.0652455e-08 9.328782e-08 1.1903592e-06 7.980065e-05 4.8088004e-06 1.3109221e-08 0.0014658478 4.659074e-05 3.2071986e-07 8.978999e-05 1.2884036e-07 1.16208785e-05 2.0084738e-06 1.6575108e-07 9.1945947e-07 1.0679331e-06 0.00017659657 0.0013434921 1.2104846e-06 1.00537e-08 1.4049858e-05 4.3335194e-06 4.457811e-07 8.9812465e-06 2.338875e-08 2.1059066e-06 6.2080386e-07 2.4930603e-08 1.0741414e-06 2.5745399e-08 1.9671888e-05 1.1812986e-06
0.9992109 0.017499171 0.030616 0.08463307 0.00036121858 0.1862209 0.3431136 0.9486957 0.11927173 0.6516866 0.0029233953 2.553172e-14 0.63328874 0.6585823 0.015628578 0.7001896 0.36025214 0.010364135 0.78529423 0.027503364 0.34083834 0.57404155 0.0019229566 0.33179083 0.0028722563 0.004936091 0.035923827 0.02796481 0.1097761 0.0028066707 0.17572759 0.24435401 0.12291612 0.0032950658 0.018722652 0.034187116 0.043234937 0.052912317 0.0063287313 0.020472107 0.026110265 0.028169714 0.01884913 0.040136047 0.01053842 0.015418137 0.0069608944 0.035614725 0.024724508 0.007067189 0.014328799 0.014297493 0.0188062 0.0037107354 0.0014384892 0.013184229 0.00084995205 0.03180291 0.0025238667 0.010307383 0.007312093 0.0018973616 0.0025432324 0.0048556537 0.007892461 0.005616664 0.0034197008 0.0019993286 0.0017934192 0.003838835 0.002909605 0.000658617 0.0026048645 0.00088930037 0.002202265 0.0007217375 0.00031618137 0.0010883869 0.00018765114 0.0001432603 0.001758256 0.0015605178 0.00033526722 0.0013711357 3.450335e-05 0.00014762334 0.0018442838 0.00014117383 0.0001271204 0.00017916437 0.00023533024 0.00032179023 6.72974e-05 4.4551038e-05 0.00015199758 9.476969e-05 1.9503625e-06 5.8032794e-05 1.6077867e-05 0.00044238966 3.9667426e-05
0.92220104 0.002561603 0.010605243 0.032685604 0.0005943241 0.11799485 0.33446154 0.558872 0.8203292 0.97185254 0.0025748876 0.63328874 8.898631e-16 0.3312596 0.063013114 0.70399874 0.94649 9.788314e-05 0.34555763 0.21166675 0.043306693 0.19694106 0.0010417997 0.063029885 0.00012486464 0.041379277 0.4821059 0.0028119914 0.0052996846 4.760082e-05 0.03659088 0.028875124 0.0020604336 7.486889e-05 6.316662e-06 0.2360253 0.0003894299 0.0028534925 0.017730681 2.6685322e-05 2.5417057e-06 0.0049275146 0.00020505323 0.00019754258 1.5180924e-06 0.061176818 5.3879052e-05 0.0014735236 0.00021299665 1.7643464e-06 0.0009871114 8.813882e-05 0.023874061 0.0035574255 0.0015071724 0.00025475348 1.6826593e-07 0.00016843317 8.394366e-07 1.1843657e-06 4.9595965e-05 6.079995e-06 0.001276777 3.4458102e-05 1.5333336e-06 0.0007810321 0.0012548954 0.0003714639 1.7207918e-06 0.00025620707 0.00024259742 3.9545424e-07 0.0043076496 0.00057807984 4.463358e-05 6.2305e-05 0.00021600428 1.5783638e-05 4.8601545e-05 2.719359e-05 0.0004217139 0.0018244981 4.5019566e-05 0.0031320232 1.8726902e-05 4.122567e-06 7.101811e-06 1.2389004e-05 9.716503e-09 9.064002e-05 0.00034737503 4.9446866e-05 6.8011747e-07 1.8559037e-08 1.2020499e-08 2.1570611e-05 1.8477973e-08 2.7865797e-05 5.7819637e-08 5.448565e-08 7.915136e-06
0.99999905 0.24773952 0.21455781 0.23107888 0.06491868 0.2673946 0.35126108 0.250401 0.6044459 0.4387455 0.33990976 0.6585823 0.3312596 3.4252145e-13 0.114552364 0.5932811 0.20614535 0.33341357 0.7332185 0.5255035 0.5968249 0.56771183 0.007224892 0.42629123 0.055507727 0.27808717 0.6130012 0.09948121 0.3233097 0.06901584 0.16106404 0.26006767 0.32409894 0.2570199 0.43759075 0.37265575 0.38312998 0.23007812 0.66660833 0.20267239 0.4081763 0.42782497 0.14096017 0.20954901 0.26336202 0.26819345 0.12009671 0.1195512 0.12891443 0.051162813 0.15068673 0.19449782 0.28165787 0.24016702 0.006912339 0.3873328 0.03808009 0.46621117 0.116188616 0.042536773 0.2582337 0.03620287 0.15562138 0.2307526 0.2574863 0.08078618 0.11029962 0.024979264 0.13043138 0.07817586 0.069445275 0.029170422 0.13062982 0.018473353 0.25487635 0.050876353 0.015119507 0.08360071 0.00198671 0.0011103918 0.004154107 0.005055261 0.005482477 0.0046656644 0.002719368 0.000559399 0.030894905 0.007335672 0.013015755 0.0010886354 0.0012838398 0.003744168 0.00012301018 0.0033450553 0.047236834 9.764539e-05 0.0013963273 0.00038823343 0.0023062497 0.13275583 0.0006306845
0.8126464 0.27374065 0.02752237 0.031490978 0.628479 0.8358096 0.06991047 0.20742352 0.46199703 0.12912336 0.16628714 0.015628578 0.063013114 0.114552364 3.299978e-16 0.0139896255 0.014902271 5.1440666e-06 0.006817658 0.07591219 0.00036218337 0.0014927412 0.9925329 0.0021548972 1.4089132e-05 0.26579577 0.0050590876 0.00042102372 0.0002166833 0.0023914706 0.00059696607 0.00035086996 7.1278737e-06 4.251872e-05 6.950745e-05 0.0012322853 1.1280612e-06 1.4167279e-05 0.00027517407 4.269806e-06 5.243051e-07 1.3357653e-05 1.2084533e-06 1.3997077e-06 1.4348734e-07 4.9464534e-06 2.8060829e-06 1.1642498e-07 6.2364984e-07 7.758654e-06 5.2790244e-07 4.0545056e-06 5.5316022e-08 1.2072853e-06 0.7541322 3.6478232e-07 1.1859107e-06 2.8309745e-07 4.964205e-07 2.3545557e-07 3.3019119e-06 3.8702736e-05 2.0273862e-07 2.0967053e-07 2.9455943e-08 2.8714824e-08 1.0560995e-08 1.8561913e-07 1.3752877e-07 3.1091385e-08 8.067904e-09 2.0336708e-08 0.000608358 5.214334e-07 1.311157e-08 0.0008540565 0.0002954434 1.1385425e-08 0.0015592607 3.9811038e-08 0.00026024174 2.3173558e-05 6.5308217e-09 8.746196e-08 7.679152e-06 0.001070507 0.0017788146 4.4314623e-07 2.584281e-08 7.826717e-05 9.4138954e-07 1.2691693e-07 0.0028367965 4.3129225e-09 4.279931e-05 5.427437e-08 4.4827606e-10 2.4764933e-07 6.916999e-09 3.8208245e-06 1.825127e-07
0.9912714 0.004222018 0.0019331651 0.006223107 8.965069e-05 0.10068896 0.16331486 0.54304683 0.43015644 0.564212 0.00014042444 0.7001896 0.70399874 0.5932811 0.0139896255 2.7990397e-14 0.9678951 0.00017171557 0.83678186 0.23073675 0.11255317 0.29194355 0.00018807825 0.50718373 0.00020060313 0.052341375 0.585768 0.0009569601 0.018321443 7.296578e-06 0.22755224 0.25520962 0.0023008129 1.0300253e-05 7.662744e-06 0.48166963 0.00063292234 0.01956224 0.4058111 2.9563633e-05 0.00011078494 0.122835524 0.00022973219 0.00010719351 4.0788866e-05 0.32902467 3.727359e-05 0.00074423046 2.375038e-05 1.380875e-06 0.013696525 7.7043835e-05 0.30755252 0.15647095 0.00014276264 0.0069922013 2.2201439e-06 0.00016881252 2.2069416e-06 4.37504e-06 3.550706e-05 1.966821e-07 0.05611993 3.171494e-05 7.319763e-05 0.0033822656 0.048627 0.0036113763 6.1944097e-06 0.001907396 0.0009288954 8.7071436e-07 0.053391334 0.013966464 0.0004610586 1.9548663e-05 0.0003111192 2.8512828e-05 1.2996943e-05 1.1425221e-05 0.0008934518 0.007808623 0.000956487 0.01587983 9.924979e-05 1.13219385e-05 2.410689e-07 5.0101018e-05 2.593604e-08 0.00023140619 0.0031676327 0.0008886065 1.6727572e-07 9.160569e-08 4.0752582e-07 5.9374168e-05 1.1325193e-08 0.00012674186 8.4428144e-08 1.2881648e-06 0.00013520014
0.93115145 0.00067864556 0.0005070378 0.003372984 0.00013746381 0.037777375 0.07704376 0.15193982 0.35820746 0.5588024 0.00023374194 0.36025214 0.94649 0.20614535 0.014902271 0.9678951 3.1035568e-16 4.769586e-06 0.5326332 0.12377381 0.07940334 0.31460705 0.00060030987 0.2948399 0.00023900946 0.055876505 0.7391229 0.0012665534 0.010534064 3.6803875e-05 0.15209867 0.10593266 0.0041752146 9.7573575e-06 9.584039e-08 0.7331133 0.00053374335 0.009069212 0.1915723 2.1814474e-05 5.868078e-06 0.03386779 0.00012257152 0.0001278307 1.02631675e-05 0.39338893 1.2030116e-05 0.0015632408 8.773711e-05 1.1558222e-07 0.003852796 4.352856e-05 0.31535876 0.066399135 0.0004989701 0.00043545337 4.6370965e-07 0.00015839485 2.5986043e-07 6.846684e-07 3.016654e-05 5.797172e-07 0.016559795 1.0665616e-05 9.253997e-06 0.0010279048 0.012944788 0.0032796992 3.196179e-07 0.00041259226 0.000114607144 2.1857986e-06 0.04327559 0.006833841 6.7554183e-06 4.2989614e-05 0.00044687546 1.3242768e-06 2.1777576e-05 5.6849207e-05 0.0011901864 0.016663264 0.0004423219 0.02974058 0.00015667525 1.1419272e-05 7.778665e-06 7.5474986e-06 2.5314222e-08 0.00054660474 0.0032179635 0.0004792804 4.650968e-07 3.3628577e-08 1.7500743e-07 0.00019298164 2.9633336e-08 0.000107446824 9.20741e-08 7.949692e-08 7.5681884e-05
0.99848247 0.01824793 0.5922889 0.36781034 0.012717557 0.010334455 0.31211308 0.020778425 2.7488959e-05 0.0004176381 0.047785554 0.010364135 9.788314e-05 0.33341357 5.1440666e-06 0.00017171557 4.769586e-06 1.5284862e-16 0.0005671762 1.2170455e-06 0.00035359978 0.0007929734 3.719937e-05 1.398689e-05 0.0018220672 6.290583e-08 4.78334e-09 0.013246798 4.1461946e-05 0.1823079 1.4944204e-07 2.2825982e-06 3.661098e-05 0.9275219 0.93970066 2.0954309e-08 5.39724e-05 8.8524126e-07 1.266886e-09 0.00040680653 0.3596498 5.7373946e-08 1.7715178e-07 0.00026010207 0.014576461 7.1174794e-10 0.102303006 3.019751e-07 0.0008814135 0.47907722 2.1107498e-08 0.00024305617 4.3856463e-10 1.8982976e-10 2.7148965e-07 3.1666067e-07 0.051964756 1.2497775e-07 0.3974986 0.00093432114 2.3045952e-05 0.06295933 4.764452e-10 1.9587962e-07 5.2672067e-07 5.142749e-09 3.9478212e-10 5.024106e-09 8.6020145e-06 8.2766344e-10 2.4025963e-09 1.0509319e-05 1.1126483e-07 3.696467e-10 2.0181514e-09 0.18181673 1.1127375e-07 1.0254455e-08 1.1179154e-07 9.660806e-09 3.8678063e-08 6.9050303e-09 1.0667152e-09 1.6207707e-09 4.65582e-08 3.4122863e-08 0.10896816 1.06955625e-07 3.2950414e-08 3.4270265e-08 9.574205e-09 5.066747e-09 1.326901e-08 3.0327956e-09 0.0018532872 6.9922104e-09 2.2903977e-08 2.3676913e-08 2.9069325e-08 0.007606191 2.4146019e-08
0.9889997 0.0060452735 0.0067881155 0.039151564 0.00033204295 0.021034015 0.33001843 0.41450718 0.036173727 0.11004515 0.00036932013 0.78529423 0.34555763 0.7332185 0.006817658 0.83678186 0.5326332 0.0005671762 1.3977739e-15 0.013873717 0.50084263 0.94098514 2.0396737e-05 0.6498605 0.00070845854 0.0021055955 0.030601155 0.005946189 0.123787396 4.88338e-05 0.44715187 0.37115988 0.045576375 0.0001290986 0.00016391155 0.054139968 0.008295455 0.08891009 0.0033668056 0.0007667203 0.000719517 0.06734035 0.011416055 0.0022509387 0.000783609 0.020313356 0.00045618194 0.047063053 0.0009180353 0.00019157279 0.021858063 0.0012428097 0.028404566 0.0013854775 6.838293e-05 0.007380351 9.2986586e-05 0.006727385 4.9415943e-05 0.00034405253 0.0012725357 1.7948427e-05 0.002973473 0.0015920165 0.0014025666 0.0048741545 0.0067062583 0.003543303 0.00015837446 0.0042090407 0.0036075811 0.0002630386 0.00075701304 0.00052603555 0.0015971344 5.1234423e-05 1.261384e-05 0.00076350325 1.3751212e-05 0.00047004613 0.00016458557 0.00080206286 0.00039986512 0.0013932785 0.0001576922 3.971097e-06 6.4041145e-05 0.00013615286 1.839968e-05 3.6157064e-05 0.00051310484 5.7355162e-05 7.642655e-07 1.261621e-05 3.6515755e-07 0.00015076424 7.72277e-06 0.00021480767 2.2799974e-05 3.226263e-06 7.3383344e-05
0.89379054 0.009123478 0.008387718 0.008486542 0.0035125904 0.48713022 0.019603781 0.20795879 0.9262093 0.27217335 0.0025054154 0.027503364 0.21166675 0.5255035 0.07591219 0.23073675 0.12377381 1.2170455e-06 0.013873717 1.244691e-15 0.0011934842 0.006240869 0.17434144 0.0203368 3.525346e-05 0.99588525 0.34407118 0.00012991052 0.0023315954 8.5972815e-06 0.02183556 0.0038216945 0.00016280854 1.0025269e-05 1.3356857e-06 0.022515979 3.6735e-05 0.0017038115 0.028125549 1.1382604e-06 1.3646032e-07 0.0026162271 5.6444924e-06 8.834306e-07 2.7250088e-08 0.005884768 5.316934e-07 5.1228708e-05 1.8671163e-06 5.9684646e-07 5.834227e-05 7.832433e-06 0.00043639727 0.0049857367 0.40587807 5.116111e-06 7.0444344e-06 2.870765e-06 4.860778e-06 2.9715862e-08 7.997725e-07 2.234422e-06 0.0010928818 4.7109333e-07 5.2662852e-08 3.1397267e-05 1.1343976e-05 0.00021047503 4.8925955e-07 1.8754397e-06 7.5818565e-07 3.1192886e-07 0.10434103 0.0012838098 6.719065e-08 7.092768e-06 0.11681534 2.7394847e-07 0.03309439 2.639622e-05 0.11262487 0.017636131 5.3860585e-06 0.0076550636 0.00014196392 0.017573373 1.0146192e-05 4.595382e-06 1.426283e-08 0.01577049 0.000654817 3.8693033e-05 0.0024108344 8.872871e-08 9.591711e-06 8.8617935e-06 7.749957e-08 5.3116355e-06 1.811352e-07 5.705181e-06 1.7424589e-05
0.9993509 6.798517e-05 0.0004512415 0.0018867489 2.387386e-06 0.0030707943 0.023707664 0.03045984 0.007413449 0.014427911 7.205594e-05 0.34083834 0.043306693 0.5968249 0.00036218337 0.11255317 0.07940334 0.00035359978 0.50084263 0.0011934842 8.185798e-17 0.9235307 1.2358653e-05 0.34986535 0.0018952844 0.0011215115 0.0037697696 0.031993676 0.66115105 0.00019362148 0.3079269 0.39447618 0.6396195 0.00021260395 0.00031983337 0.006142575 0.13474748 0.30930695 0.0019436141 0.0079176845 0.0072438093 0.1825302 0.16080642 0.021373903 0.010651768 0.010136738 0.0039073285 0.20377618 0.0036437628 0.00036155147 0.17562306 0.016466148 0.02444212 0.0017074845 1.4501324e-05 0.13743676 0.0009140512 0.13667114 0.00048491798 0.007374979 0.016013304 0.00010491788 0.00400696 0.030961245 0.023996362 0.04516979 0.011526313 0.010231019 0.0012707936 0.051442146 0.029094616 0.00067329267 0.0005071406 0.0008817246 0.04341611 9.236473e-05 2.1076556e-05 0.012518843 1.1273186e-05 0.0024163066 0.000113129005 0.0004903543 0.00039576495 0.001327076 0.00032106004 5.4935856e-05 0.00033172485 0.001645862 0.00022659953 3.7348203e-05 0.00033324494 5.455879e-05 1.0894825e-06 0.00025809687 5.502158e-05 7.5810254e-05 0.000261436 8.5364045e-05 0.00044169743 0.0001774564 5.4368735e-05
0.9728533 0.0014801876 0.0038995913 0.02795988 4.06262e-05 0.0033253636 0.16760954 0.0959441 0.008052363 0.034719657 0.0002044095 0.57404155 0.19694106 0.56771183 0.0014927412 0.29194355 0.31460705 0.0007929734 0.94098514 0.006240869 0.9235307 1.4846107e-16 7.687e-06 0.7980742 0.0015724408 0.0009369552 0.009015071 0.027313525 0.45318356 7.515683e-05 0.75842404 0.81682616 0.24115719 0.00018749158 0.00042936514 0.03752164 0.027521834 0.34553567 0.0009475442 0.001417403 0.0033670785 0.24759911 0.05031894 0.0066960845 0.0033885082 0.019657351 0.0029246805 0.28107718 0.0015308508 0.00027954366 0.18687537 0.003051487 0.0567507 0.00076992123 4.2893986e-05 0.03928176 0.0003661273 0.037819453 0.00014167232 0.0007195128 0.001977723 0.00010882467 0.0046315305 0.0024647748 0.0035608944 0.017351419 0.020508224 0.017758409 0.00023945529 0.010734221 0.007207041 0.0010710073 0.00032220047 0.00071946514 0.0033715128 0.00010886256 2.0120024e-05 0.001425364 1.872149e-05 0.0017222383 5.6497192e-05 0.0003502114 0.00064774416 0.0008143063 0.0008380653 4.871772e-06 0.00010086478 0.0005397399 4.2401578e-05 2.5597248e-05 0.000459017 7.1240305e-05 3.844559e-07 4.6436642e-05 1.4325355e-05 0.00011794075 3.7080325e-05 0.00024547605 9.732975e-05 3.7891554e-05 4.9399358e-05
0.06028026 0.23684332 0.023078663 0.0043553496 0.93880785 0.13857491 0.0047852984 0.006063704 0.017320815 0.0026555823 0.28492394 0.0019229566 0.0010417997 0.007224892 0.9925329 0.00018807825 0.00060030987 3.719937e-05 2.0396737e-05 0.17434144 1.2358653e-05 7.687e-06 8.801268e-16 6.7068984e-05 6.1820254e-05 0.13789347 0.0009957361 9.553684e-05 2.3022203e-05 0.0025886698 1.3936086e-06 1.7496029e-06 7.2215294e-06 0.00013614065 3.3842996e-05 2.6419048e-06 8.371299e-06 8.939162e-06 1.1856298e-05 1.3606555e-05 3.7050668e-07 2.0414192e-05 5.367903e-07 5.681297e-06 1.5673681e-06 7.358422e-08 2.5878786e-05 8.560033e-08 2.1701314e-06 1.52487955e-05 3.2942765e-07 3.814037e-05 6.837096e-08 2.1028067e-07 0.943286 6.170722e-07 1.4920963e-07 1.9926604e-07 2.156845e-07 7.095528e-08 7.5953386e-07 6.2194613e-06 9.247075e-07 2.9818113e-06 4.5032448e-07 1.8018741e-07 4.1575124e-08 4.432004e-07 7.8737696e-07 2.1671942e-08 1.409782e-08 3.1152943e-08 5.1003684e-05 5.474089e-07 1.9120646e-08 0.00101952 0.00033147912 4.540826e-08 0.0008088382 7.759881e-08 9.5748816e-05 1.3884442e-08 6.334615e-08 1.7684044e-08 9.36403e-07 0.00031397046 7.724408e-05 4.4281632e-07 4.504896e-08 3.1039443e-05 2.6042335e-07 4.3431862e-07 0.018305598 2.3957242e-08 2.9471341e-06 8.68565e-08 1.7372742e-10 1.4769775e-07 1.3423732e-08 3.881103e-07 6.351895e-07
0.98983437 0.0002800867 0.00024529026 0.0006735782 9.39021e-06 0.0015410574 0.021959066 0.073480226 0.013735327 0.017025884 1.0147683e-05 0.33179083 0.063029885 0.42629123 0.0021548972 0.50718373 0.2948399 1.398689e-05 0.6498605 0.0203368 0.34986535 0.7980742 6.7068984e-05 5.719109e-14 0.00057768024 0.0022461643 0.04893993 0.0012063117 0.15990202 4.7184444e-06 0.9531293 0.9222567 0.01774655 5.5397063e-06 3.1294522e-07 0.1068831 0.005470288 0.18586476 0.119765736 4.938725e-05 3.0924915e-05 0.76127553 0.0014752431 0.00013345334 3.5715788e-05 0.2655141 1.6674137e-05 0.0024932902 2.606723e-05 5.84536e-07 0.17667402 6.622524e-05 0.6180846 0.12905166 3.77245e-05 0.030219365 5.8540095e-06 0.0005534999 2.9991113e-06 6.609025e-06 0.00014888705 4.208071e-07 0.26815155 6.912299e-05 0.00020568016 0.03872169 0.4177845 0.11386137 1.0545623e-05 0.011188755 0.0066390447 3.7601465e-06 0.012674664 0.08756301 0.0011597619 2.4268846e-05 0.00020859664 0.00039979423 2.6576394e-05 0.0013350676 0.00038683732 0.0073565072 0.053925943 0.023745574 0.0072290446 3.3609682e-05 6.3727525e-06 0.00025221333 6.712766e-07 0.00023442037 0.007745776 0.042719204 1.0055623e-07 2.0038667e-06 1.3593435e-06 0.0021382754 1.1660438e-06 0.006564843 1.6289766e-06 3.837213e-06 0.004464133
0.99932617 2.3368922e-05 0.00015485953 0.0007087251 2.9600957e-07 7.2178016e-05 0.0009369002 0.0004603763 4.9952832e-05 9.9604615e-05 0.00011618104 0.0028722563 0.00012486464 0.055507727 1.4089132e-05 0.00020060313 0.00023900946 0.0018220672 0.00070845854 3.525346e-05 0.0018952844 0.0015724408 6.1820254e-05 0.00057768024 4.1963456e-18 1.3219316e-05 3.5446363e-05 0.9638891 0.0024124603 8.468851e-05 0.00027799825 0.00079033355 0.0012867743 0.00015258258 0.0012871086 5.2012667e-05 0.0024304634 0.0011725866 3.5086163e-05 0.6446259 0.013246666 0.0010667463 0.0009304434 0.7827023 0.02572334 7.041738e-05 0.00536556 0.001043855 0.87470555 0.0002288396 0.0003712259 0.42314357 0.00012463646 3.2442862e-05 2.3391309e-05 0.0022950303 0.01857224 0.0059212563 0.0012922861 0.5138405 0.042203397 0.00011497586 0.00010649767 0.005483298 0.012176686 0.00041334922 9.721065e-05 8.7003704e-05 0.06836913 0.0004154475 0.00027809184 0.3187991 2.7010079e-05 5.943422e-05 0.0008050781 7.978696e-05 2.5105562e-06 0.0002787227 6.4098663e-06 6.9388398e-06 1.0150808e-05 9.099048e-06 1.1025009e-05 1.7040082e-05 6.313679e-05 1.1550916e-05 4.8701117e-05 0.000114168615 0.016177258 1.0719601e-05 3.430439e-05 4.7589633e-06 7.65356e-07 0.0025015953 0.020970281 1.246746e-06 8.236663e-05 3.3410793e-06 6.742137e-05 0.0005538738 8.087112e-06
0.58912504 0.0028811218 0.0013393983 0.001634972 0.00799253 0.09997594 0.008572447 0.025322545 0.556349 0.070049904 0.00076480844 0.004936091 0.041379277 0.27808717 0.26579577 0.052341375 0.055876505 6.290583e-08 0.0021055955 0.99588525 0.0011215115 0.0009369552 0.13789347 0.0022461643 1.3219316e-05 3.7137238e-14 0.8107867 8.7642606e-05 0.00036480426 3.4431216e-06 0.0027661538 0.00097621523 0.0001444744 3.4276381e-06 1.5092133e-06 0.13839972 2.6485535e-05 0.0003964547 0.06737043 7.0432685e-07 8.09303e-08 0.0010667724 9.489092e-06 1.5094018e-06 3.574567e-07 0.032985054 2.8636694e-06 2.2751665e-05 4.3102705e-07 1.8456814e-07 9.07535e-05 3.1455875e-06 0.007369122 0.01666444 0.71997947 2.0429004e-06 1.302195e-06 3.9241718e-07 6.2260897e-06 4.780093e-09 4.996165e-07 4.1304615e-06 0.0022192718 7.2181314e-07 1.8869203e-07 2.707295e-05 0.0004078947 0.00011793558 5.494345e-07 6.639288e-07 4.4196537e-07 3.3371908e-08 0.38222623 0.0070742285 3.034012e-08 1.906234e-05 0.43245044 1.09529815e-07 0.269379 1.9205627e-06 0.6473115 0.21398862 0.00011941696 0.16513725 0.000119733064 0.077130966 5.4579473e-06 4.803635e-06 1.6837614e-08 0.240304 0.01569056 0.0003512568 0.01202287 2.0333335e-08 1.5502131e-06 3.150585e-05 4.018614e-09 6.2517785e-05 1.1324351e-08 1.4167447e-06 6.0626746e-05
0.9630434 0.000570057 5.256017e-05 0.00013203097 0.00023153951 0.049161464 0.0065767644 0.14651436 0.78379935 0.30436954 1.5479493e-05 0.035923827 0.4821059 0.6130012 0.0050590876 0.585768 0.7391229 4.78334e-09 0.030601155 0.34407118 0.0037697696 0.009015071 0.0009957361 0.04893993 3.5446363e-05 0.8107867 8.859982e-16 4.2212672e-05 0.0026723233 5.36809e-06 0.025334664 0.005003303 0.00019384523 3.5815722e-07 1.0329481e-08 0.97992814 2.4481313e-05 0.0010739908 0.62015635 1.2303545e-07 1.0510354e-08 0.0026669612 1.9511458e-06 3.791747e-07 1.2392164e-08 0.4404669 7.1663457e-09 1.8731009e-05 9.5964225e-08 1.14592e-07 4.5609446e-05 1.0870103e-06 0.03254506 0.32718056 0.012996747 7.718492e-06 2.0646792e-07 1.0084457e-06 7.272892e-07 1.7271923e-08 2.3786102e-07 5.1272445e-07 0.006037573 1.5708166e-07 1.5435253e-07 8.2055834e-05 0.0005538996 0.00015621052 5.8468846e-08 7.9291465e-07 3.2874038e-07 2.2886763e-07 0.71079195 0.013151128 3.8200263e-08 1.2696693e-05 0.04032943 4.9257682e-08 0.0023305982 2.7385368e-05 0.2596247 0.4237612 0.00024384813 0.24655735 0.0001849797 0.0025589683 2.6903006e-05 5.3340978e-06 5.0167612e-09 0.07222376 0.035134874 0.001985759 3.5320092e-05 2.2127475e-08 6.302041e-06 0.00034337075 5.7991045e-08 0.0002251382 3.3804736e-07 1.0614921e-05 0.00057841645
0.98747987 5.9161306e-05 0.0011941803 0.0062699 7.9902085e-05 0.00019764682 0.004734008 0.0010206625 0.00038814903 0.0006515836 0.00025127985 0.02796481 0.0028119914 0.09948121 0.00042102372 0.0009569601 0.0012665534 0.013246798 0.005946189 0.00012991052 0.031993676 0.027313525 9.553684e-05 0.0012063117 0.9638891 8.7642606e-05 4.2212672e-05 4.501275e-14 0.007271936 0.0006031418 0.0056087584 0.011479498 0.022799714 0.0022251846 0.03582649 0.00018681405 0.017085385 0.0034431515 7.3014794e-06 0.63455975 0.30656365 0.00076329825 0.011594429 0.6152932 0.29195115 0.00016633519 0.31373748 0.01858115 0.8801175 0.011660506 0.001160268 0.22205825 0.00018405849 3.1132855e-05 0.00011697138 0.0027028518 0.050928783 0.0951947 0.013370056 0.6633245 0.18141755 0.0022586414 3.341275e-05 0.033934966 0.038266517 0.0005215998 0.00010871949 2.0929734e-05 0.0331597 0.0010453312 0.00093938695 0.046881538 0.00011382475 6.5156804e-05 0.0016572842 0.0003714088 1.1359684e-05 0.00153695 2.98284e-05 4.619371e-05 5.684899e-05 5.0820738e-05 4.8647757e-06 9.802233e-05 1.9472209e-05 1.2744491e-05 0.0007386652 4.8533184e-05 0.0048827124 1.6635588e-05 3.752629e-05 5.4368243e-06 3.924006e-06 0.0020126193 0.0008891274 6.303243e-06 0.00049757067 1.7719758e-05 0.00015179823 0.0027501797 8.845869e-06
0.9915066 0.0002448177 0.00012468542 0.00059265125 2.5733666e-06 0.00073882204 0.0071426234 0.021943256 0.0025113742 0.001986921 2.8504082e-06 0.1097761 0.0052996846 0.3233097 0.0002166833 0.018321443 0.010534064 4.1461946e-05 0.123787396 0.0023315954 0.66115105 0.45318356 2.3022203e-05 0.15990202 0.0024124603 0.00036480426 0.0026723233 0.007271936 6.3987207e-15 4.6413106e-06 0.25896534 0.4796786 0.87578887 3.7663444e-06 3.5513106e-06 0.0047510415 0.2595434 0.9449269 0.002631702 0.0012224343 0.00032355348 0.6347084 0.32250822 0.0015923908 0.00035345953 0.008296694 0.0003194974 0.34098902 0.00081966945 3.5298524e-06 0.6919622 0.0010577572 0.02515193 0.0036733425 4.750461e-06 0.5984964 0.00012315561 0.08474721 2.784874e-05 0.00059554144 0.0061551007 4.358919e-06 0.008539169 0.01698406 0.014471255 0.23629685 0.02879955 0.09016878 0.00069504394 0.21939553 0.17330784 0.00015058248 0.0006928316 0.001481927 0.11116839 8.8400075e-06 5.0476606e-06 0.028233841 2.241527e-06 0.0077425153 4.7902744e-05 0.00035305932 0.0015667914 0.0009046316 0.0044500404 6.458803e-06 1.9300178e-05 0.02291513 3.501406e-05 2.2586088e-05 0.0003876903 0.0005456857 2.4862783e-07 9.899692e-05 8.089871e-05 0.00013018437 0.00010581643 0.0005387659 0.00038312003 7.469744e-05 0.0001849871
0.099942125 0.0854202 0.7594864 0.1849047 0.065582134 0.008079759 0.027253132 0.0026674713 5.1980685e-05 0.00025235186 0.98588747 0.0028066707 4.760082e-05 0.06901584 0.0023914706 7.296578e-06 3.6803875e-05 0.1823079 4.88338e-05 8.5972815e-06 0.00019362148 7.515683e-05 0.0025886698 4.7184444e-06 8.468851e-05 3.4431216e-06 5.36809e-06 0.0006031418 4.6413106e-06 1.7071753e-14 5.7568022e-06 2.0953321e-05 7.747275e-06 0.98200846 0.01114007 3.5986602e-07 1.41297405e-05 1.9717013e-06 1.6155587e-06 4.1715866e-05 0.0004088551 5.3060734e-07 9.717269e-06 4.3595985e-05 0.00014593701 6.457198e-07 0.0012214653 1.50500855e-05 0.00012909602 0.000769221 1.0493679e-06 3.961061e-05 2.35755e-06 1.5171357e-06 2.4408462e-05 7.454337e-07 7.428449e-05 2.5269057e-05 0.00022659563 2.5896286e-05 0.00020554643 5.3555086e-05 1.5619203e-06 7.792988e-06 2.5128797e-06 5.353655e-07 2.5144345e-07 8.5057434e-07 2.400028e-06 3.127629e-07 5.5589305e-07 4.3612657e-05 8.9488213e-07 2.72234e-07 1.0247128e-07 0.80547935 1.5489637e-05 9.190387e-07 4.322428e-06 2.373882e-06 5.0355823e-08 5.1872524e-07 4.0815575e-08 3.0220818e-07 9.701629e-06 2.6889746e-05 0.00021337744 5.1779116e-05 1.1606652e-06 9.713373e-07 1.3740665e-06 1.7881104e-06 1.8623236e-06 2.0855584e-06 0.0027496289 1.6290629e-07 2.9288982e-05 1.0000174e-07 8.811772e-05 3.619391e-05 6.861303e-06
0.88441926 1.1278692e-05 0.00018032092 0.00097086036 1.2695483e-05 0.0006019265 0.016902333 0.025413983 0.0076344535 0.01574173 3.9054827e-05 0.17572759 0.03659088 0.16106404 0.00059696607 0.22755224 0.15209867 1.4944204e-07 0.44715187 0.02183556 0.3079269 0.75842404 1.3936086e-06 0.9531293 0.00027799825 0.0027661538 0.025334664 0.0056087584 0.25896534 5.7568022e-06 3.2448035e-16 0.9765962 0.085997395 5.9123827e-06 4.8977096e-08 0.1548286 0.014150853 0.35293052 0.009154449 4.3330914e-05 1.2013751e-06 0.581916 0.011620487 0.0005513223 5.7358634e-06 0.17637801 3.263507e-05 0.07335745 0.0003757175 2.984093e-08 0.42092425 0.00020867781 0.6085875 0.010898062 4.985986e-06 0.0117473565 7.945115e-06 0.0017126813 3.401374e-07 1.0906742e-05 0.0003255514 6.93125e-07 0.05230323 0.00021541388 0.00012728051 0.07007659 0.43296787 0.09886984 5.2003616e-06 0.020703211 0.01531735 1.9081437e-05 0.0048121503 0.010734907 0.0005406809 9.97677e-06 0.00024704204 0.0003688945 2.3528792e-05 0.015607381 0.00015637746 0.0063779037 0.016236532 0.023442512 0.0049151173 1.44953365e-05 4.7161366e-06 0.00071053 7.8548993e-07 0.00025165157 0.0034100108 0.00440197 2.893249e-07 2.1935607e-06 1.005731e-07 0.0011740053 4.5303286e-06 0.0036458182 1.5544048e-05 3.364404e-08 0.0008798123
