1.2981076e-20 0.98394775 0.9733282 0.97965217 0.9682359 0.92379695 0.9966639 0.97870743 0.8759345 0.8855545 0.7687882 0.98597515 0.93501437 0.86067027 0.97573316 0.92598563 0.9976672 0.94315046 0.9940723 0.8563959 0.88856596 0.898618 0.9774702 0.44900244 0.92594814 0.9369756 0.26706195 0.9951211 0.95773184 0.9057795 0.05839783 0.98591727 0.8226171 0.90742815 0.3127587 0.0549962 0.61339605 0.7348281 0.059061036 0.84739786 0.9718383 0.101960264 0.4218736 0.45685688 0.9433563 0.7887281 0.17710103 0.8091465 0.9973021 0.029851004 0.8692218 0.8204142 0.8143217 0.98154795 0.43995965 0.627632 0.22372463 0.46397993 0.12695102 0.8132942 0.043560352 0.92396337 0.9873623 0.017461503 0.19106348 0.36646667 0.0028593577 0.9324373 0.003662286 0.012355802 0.053821813 0.035505444 0.023089323 0.97469366 0.00781629 0.0016613607 0.4815015 0.024577659 0.74816763 0.0022038384 0.7595928 0.99590796 0.9096854 0.994527 0.0012171367 0.0027784598 0.04704974 0.24034883 6.632453e-05 0.0015384172 0.6845025 0.9259915 0.26307967 0.07888979 0.9854927 0.9933419 0.005072975 0.9998236 0.99998045 0.31279793 0.9943778
0.98394775 3.7602315e-18 0.8825651 0.90342295 0.11146663 0.92088157 0.38183734 0.20969516 0.7510542 0.11264386 0.49971735 0.7788286 0.31600493 0.0011415686 0.60843855 0.20582739 0.1099154 0.0419781 0.0013003609 0.013935079 0.0013527573 0.086187325 0.09969453 0.16420762 0.0031919044 0.0028177819 0.001821883 0.25468865 0.0016234341 8.759219e-06 0.00093174644 0.0056519667 0.020010449 4.7339425e-05 0.40493348 0.0059709307 0.11242879 4.8330923e-05 0.1325545 0.0030652087 0.5320391 0.03647469 4.34082e-06 0.0056007463 0.0009427206 1.6369877e-06 0.0647949 0.0013430713 0.121081434 0.00056385854 1.9984246e-07 2.7127484e-05 0.000109078304 0.09024804 0.06753965 4.4931317e-06 0.0005881007 0.00010451852 0.00057510444 2.3700579e-05 0.026682355 0.0026003807 0.010837685 0.001779321 0.00011129377 0.0001594231 0.00041529836 0.00019320757 0.008010627 0.06043066 0.003619113 0.00025091897 0.0002929598 0.005387708 9.5147044e-07 0.003134067 5.6986588e-05 2.597888e-07 1.9207293e-06 3.0242818e-05 7.20185e-05 0.009602837 0.002378201 0.017106172 2.6453968e-06 0.007873691 4.2829547e-06 6.848855e-08 0.00068923703 0.0001593088 5.8972682e-06 1.2996603e-06 2.032963e-06 4.2648838e-07 0.0026888568 0.0006651348 6.2563263e-06 0.02540487 0.030973502 1.1820124e-09 0.0037030238
0.9733282 0.8825651 2.4967872e-15 0.9271446 0.81881833 0.10061212 0.91248655 0.7084306 0.025836311 0.64372456 0.4656633 0.049723517 0.014094797 0.26899886 0.023448596 0.0087424535 0.0065294527 0.00085343287 0.055128396 0.00037844898 0.09446189 0.0037670848 0.014558429 0.014096276 0.0004427125 0.00033819643 0.028096111 0.066378236 0.00076497626 0.0033634356 0.029669704 0.09729416 0.0011637039 3.6783415e-05 0.0065287086 0.025489237 0.07927562 0.0049336366 0.008580393 0.0001170101 0.33559158 0.00399583 0.0013017927 0.0004420636 0.010709671 0.00027233412 0.0034848996 0.00089432043 0.061279684 0.0059048575 8.3451376e-08 9.498426e-06 2.8912993e-05 0.0414097 0.00076590537 0.0010594124 2.7085116e-05 0.001690175 2.630309e-05 0.0007754612 0.0005634403 0.0011016167 0.050548844 0.00017982667 2.39145e-05 0.0018575162 0.0012092582 0.00023581617 0.0014334483 0.023799544 4.7924495e-05 0.007936486 7.916465e-06 0.024119172 0.00034926948 0.00053914264 0.00077090133 4.2677237e-07 0.00012584527 2.6584734e-05 0.00016088628 0.0045337044 0.0010400075 0.041892953 6.71615e-06 7.4390686e-05 0.00034325253 3.8674457e-06 2.7995757e-05 1.2433478e-06 2.4012852e-06 9.33808e-05 2.9004002e-06 3.5784968e-05 0.0014436807 0.0048931334 7.198166e-06 0.043714885 0.021640731 1.9398603e-09 0.002115594
0.97965217 0.90342295 0.9271446 3.8643546e-16 0.41681692 0.13884096 0.40139875 0.5566985 0.06293917 0.60461587 0.8935033 0.73404145 0.0061334902 0.009101366 0.28493237 0.02764514 0.0031848864 0.003570426 0.017412346 0.0002919727 0.043643612 0.026547734 0.004915471 0.2254892 0.00031722034 0.00025847374 0.02199461 0.038008586 0.00017450388 0.0002203457 0.019468147 0.01807819 0.009603822 3.1740826e-06 0.1351681 0.1383613 0.5185769 0.001614962 0.10229279 0.0013794656 0.048833422 0.059566278 9.052133e-05 0.003389206 0.0024724768 6.9891207e-06 0.09577515 0.00012906032 0.06099802 0.024784483 5.0169526e-09 1.4572435e-06 6.232182e-05 0.004404202 0.03008 9.980753e-05 2.2350197e-05 0.00015088491 1.931047e-05 0.0001596597 0.014489651 0.00030739134 0.01649834 0.00022969957 1.9373481e-05 8.863115e-05 0.0040785563 1.2163557e-05 0.016894162 0.20974854 0.00084051857 0.0026170518 9.9598865e-06 0.006465641 1.8489109e-05 0.0032580532 6.6237644e-06 4.5449008e-07 9.400564e-07 2.0474918e-06 4.0846453e-06 0.002546159 0.00040971968 0.0071578324 1.3191793e-06 0.007035479 6.2053723e-06 1.1677616e-07 0.00035424597 1.9515302e-05 6.909223e-08 3.3639358e-06 3.1911306e-08 2.1452822e-06 0.00046990387 0.0013574731 3.3865e-06 0.010537239 0.0062924926 6.5990893e-09 0.00044292197
0.9682359 0.11146663 0.81881833 0.41681692 3.9935088e-15 0.0017021564 0.8807229 0.8415765 0.0010555116 0.8673443 0.249162 0.012331322 0.00020340901 0.7181286 0.0012874426 0.0006656536 0.000115883486 0.00015826379 0.34206057 1.8560144e-05 0.88668126 0.00017743713 0.0005812028 0.0038246273 6.0315215e-05 5.2144034e-05 0.5512269 0.0022645586 2.649746e-05 0.13213764 0.25813976 0.23383927 7.5872053e-06 2.919181e-06 0.00029177757 0.026531532 0.03240317 0.29125214 0.0009373144 1.665377e-06 0.054063454 0.000300872 0.07733144 2.0364025e-05 0.008891334 0.00035695237 0.00015377373 4.6409543e-05 0.019300401 0.018810922 8.687866e-09 7.6135484e-07 8.877746e-06 0.0028894234 2.1280834e-05 0.015360065 4.3252e-06 0.0008898349 2.0573214e-06 0.00037845093 7.823399e-06 7.6832366e-05 0.07046221 1.8550889e-05 9.0470576e-07 0.0009826807 0.0015764032 6.1287506e-06 7.680966e-05 0.0010471272 1.0460676e-06 0.09886661 1.3129189e-06 0.017564937 0.0026214295 1.5573682e-05 0.00023675922 2.5590876e-07 4.1374456e-05 1.4659792e-06 2.1336016e-06 0.0007535704 0.0001307096 0.032399774 1.0982232e-06 2.8953561e-06 0.0005826652 2.2824359e-05 9.625915e-07 4.932201e-07 2.9302516e-08 5.431334e-05 3.6938207e-08 0.000105034815 0.00026110886 0.0039839647 2.8996394e-06 0.024567818 0.004694987 1.2792722e-09 0.0001388696
0.92379695 0.92088157 0.10061212 0.13884096 0.0017021564 2.7041148e-21 0.038379975 0.006822259 0.97901213 0.0014468806 0.013428497 0.06043425 0.6626785 3.873036e-05 0.41650683 0.5093261 0.3116688 0.25483263 0.00018202869 0.19331826 2.4595112e-05 0.24312638 0.047559034 0.010725972 0.017539134 0.015626386 3.830433e-05 0.121942885 0.00503639 1.4489615e-07 7.016921e-05 0.00068520807 0.044939563 0.00046798686 0.09073957 0.0020525672 0.0013060219 1.0861129e-06 0.010066211 0.008930395 0.23193139 0.004525553 2.2200993e-08 0.013124283 0.00012100588 6.865666e-07 0.009671788 0.0023774847 0.020415466 4.987127e-06 8.836948e-06 0.0001595679 0.0007218741 0.034908917 0.018592868 3.6199776e-07 0.0039307326 2.1239897e-05 0.0013193807 1.1451641e-05 0.0052561406 0.004061892 0.0034765827 0.0024243032 0.00013826833 6.2674255e-05 7.9157935e-06 0.00037811993 0.00024699376 0.00047982327 0.0031564706 1.1273926e-05 0.0019913793 0.0014563656 2.2380313e-07 0.00020531936 1.4256311e-05 3.2559328e-08 1.8184442e-06 4.8335303e-05 5.8273286e-06 0.007881211 0.0016855651 0.0057338234 6.553851e-07 0.0005221129 4.574732e-07 5.3119646e-08 4.4094442e-05 0.00028819297 4.418621e-07 1.0621745e-07 1.343091e-05 3.950793e-08 0.0006309366 0.00026420207 4.590796e-06 0.010708608 0.011987486 1.553966e-09 0.0015257968
0.9966639 0.38183734 0.91248655 0.40139875 0.8807229 0.038379975 7.325288e-16 0.39565247 0.004221253 0.25267345 0.018543512 0.009310887 0.014386568 0.6045174 0.003904911 0.0064335675 0.009127886 0.00024604396 0.29122522 4.6127057e-05 0.15632847 0.0011623646 0.015454146 0.0025158366 0.0001443254 0.00012373588 0.019559827 0.0918396 0.0002678306 0.009593145 0.0070567 0.34182206 0.00013937961 7.5955963e-06 0.00016903339 0.0015587427 0.007981001 0.014858047 0.00092633 8.443943e-06 0.6493637 0.00017571494 0.0024090337 0.00012251413 0.015013589 0.002295847 0.000119945755 0.0004068727 0.15704168 0.0013298428 7.2509074e-08 2.9040868e-06 9.0156245e-06 0.15518285 3.9194747e-05 0.001588542 1.4716853e-05 0.001583059 1.8534321e-05 0.0006021912 6.50421e-06 0.0025533629 0.20547296 3.23947e-05 2.7004296e-06 0.0031504077 0.00047298116 7.042813e-05 5.1531133e-05 0.0012116887 1.1142948e-06 0.0128380805 1.2039384e-06 0.054335166 0.00079720287 3.480004e-05 0.00015674744 4.1207568e-07 4.0051087e-05 1.4572554e-05 2.0954561e-05 0.028364096 0.0037928233 0.29693985 1.7403761e-05 8.3466307e-07 0.0004044322 1.2190278e-05 5.5805413e-06 2.4837186e-07 4.0455716e-06 9.497887e-05 5.675616e-06 7.379299e-05 0.0052878154 0.016703708 4.518329e-06 0.44296527 0.2546055 7.3380817e-09 0.0038331046
0.97870743 0.20969516 0.7084306 0.5566985 0.8415765 0.006822259 0.39565247 4.233865e-15 0.0038900932 0.9455004 0.8725321 0.11248544 0.0010632911 0.023965897 0.008431881 0.001924081 0.00034429412 0.0004371954 0.105316386 7.887455e-05 0.18247937 0.0017632659 0.0006282338 0.073171906 6.0221988e-05 5.304738e-05 0.3683093 0.0030741757 4.725805e-05 0.0022105419 0.43788168 0.033269677 0.00039607115 2.7412161e-06 0.016662145 0.5424802 0.75341296 0.0059426995 0.0304479 7.672107e-05 0.015545326 0.021868717 0.0032666759 0.0009931886 0.005398694 2.6686366e-05 0.0374866 1.8973034e-05 0.025097907 0.3480581 7.386982e-08 8.760246e-06 0.000103344886 0.0012228786 0.0014760447 0.00038329343 2.9642653e-05 0.00025972453 7.543376e-06 0.00027868466 0.0013330478 0.00011628579 0.016919654 0.00010882188 6.0740604e-06 0.0002677749 0.05578806 2.6411228e-05 0.0101228375 0.24609111 0.000118604316 0.015318723 0.00013698051 0.0035713015 9.636525e-05 0.0028900919 1.8865518e-05 7.820844e-07 4.463671e-06 2.7348551e-06 3.6492934e-06 0.00058770936 7.002982e-05 0.0035873381 1.6385777e-06 0.0016482369 3.8716356e-05 2.1733604e-06 0.00028319782 1.7082384e-05 2.607071e-07 2.0728512e-05 9.822104e-08 1.3679312e-05 6.9098074e-05 0.0011000839 2.54782e-05 0.005427635 0.002092367 6.1273275e-09 0.00026766976
0.8759345 0.7510542 0.025836311 0.06293917 0.0010555116 0.97901213 0.004221253 0.0038900932 2.8195185e-18 0.0009711271 0.006528391 0.09368308 0.31028122 1.9314577e-05 0.7486807 0.9020297 0.14257279 0.30443558 2.0300484e-05 0.14624172 3.445472e-05 0.5968305 0.014609173 0.015971255 0.013275178 0.009879986 3.7485086e-05 0.05410259 0.0018147291 5.688103e-07 3.226025e-05 0.00037396053 0.124693364 0.00046268664 0.2024935 0.0010811593 0.002393885 4.3160603e-06 0.01808444 0.020389387 0.07540553 0.0075722504 1.3729673e-08 0.034496535 3.77632e-05 5.6787326e-07 0.01586235 0.0008580258 0.012833594 2.4166889e-06 5.7552847e-05 0.00022908417 0.00071010255 0.009031697 0.04718943 3.2083827e-07 0.007184789 1.1075488e-05 0.001222446 7.5962557e-06 0.009632343 0.0013453723 0.00094495015 0.005474335 0.0004547457 3.1400414e-05 5.057678e-06 0.00013319598 0.00061563426 0.0011050695 0.00969719 9.817534e-06 0.0020541183 0.0006767616 4.9622173e-07 0.0006012002 2.341375e-06 1.3230692e-07 7.8617336e-07 6.359945e-05 1.0706543e-05 0.0043413397 0.00096232176 0.0017937493 9.222056e-07 0.0014579837 5.562017e-07 5.7349986e-08 0.00012655223 0.0012599576 3.7756678e-07 1.2810327e-07 8.915362e-07 1.207697e-07 0.0007603637 4.0477775e-05 4.7603926e-06 0.005325031 0.0077275587 3.1374994e-09 0.0006771441
0.8855545 0.11264386 0.64372456 0.60461587 0.8673443 0.0014468806 0.25267345 0.9455004 0.0009711271 3.1003399e-15 0.9283662 0.025760567 0.00023314863 0.041977573 0.0056296014 0.00092235516 0.0003089413 0.00019213083 0.030873759 5.8362107e-06 0.49497867 0.0004295076 0.00013271924 0.02762709 4.3702883e-05 4.03614e-05 0.7145843 0.00048025174 1.4923525e-05 0.0036728596 0.82502735 0.0132499505 8.112735e-06 8.031608e-07 0.0031715909 0.76311195 0.50130945 0.059215963 0.015681285 5.893796e-07 0.0028934202 0.0041637807 0.009314382 2.4617268e-05 0.002241756 1.7730965e-05 0.0039769607 8.797553e-06 0.00567352 0.31938976 8.938479e-10 1.3813737e-07 1.4464893e-06 0.00037314277 0.00014531912 0.0005564153 5.2714713e-06 0.00021429535 9.0702093e-07 0.00012397495 8.4450265e-05 5.1982617e-05 0.009787834 1.088134e-05 1.7261227e-07 9.45148e-05 0.060706444 2.3855675e-06 0.0028393066 0.052599102 3.0511262e-06 0.045551315 2.0296447e-06 0.0012464055 0.0005573494 0.0009023199 1.2774425e-05 1.1496783e-08 2.7538429e-06 3.6941522e-06 8.418694e-08 0.0003149577 3.5879978e-06 0.0017159665 1.5353098e-07 0.00020899627 9.351264e-06 6.485999e-08 4.656338e-05 5.507901e-07 1.47784185e-08 6.6444977e-06 5.5514278e-09 1.0607517e-06 2.2358725e-05 0.0004073666 4.7432586e-06 0.0023952837 0.0005094353 2.2281611e-10 1.1912037e-05
0.7687882 0.49971735 0.4656633 0.8935033 0.249162 0.013428497 0.018543512 0.8725321 0.006528391 0.9283662 2.3632973e-15 0.4454651 0.0010786633 0.00059279375 0.04862283 0.0052846596 0.0040134443 0.0007341859 0.00435202 5.4182197e-05 0.023609493 0.0038933132 0.00035417892 0.76090777 0.00014815378 0.00021508892 0.04014159 0.0013434537 2.9619481e-05 0.00011821653 0.23508427 0.0024526592 0.00037948007 8.879246e-06 0.10216266 0.9296046 0.9330914 0.0012650366 0.54656804 8.190717e-06 0.003019397 0.055196706 8.12053e-06 0.0008715752 0.0011001767 1.1364398e-05 0.0140903685 2.905795e-05 0.005289286 0.12890194 4.8434945e-08 8.7215705e-07 2.2519876e-06 0.00020651314 0.0013705129 1.1786085e-05 4.252985e-06 8.1455175e-05 2.0629343e-06 0.00014981841 0.001734399 3.7750597e-05 0.0018321114 0.00012391669 1.2455993e-06 0.0001262487 0.060653917 1.191215e-05 0.059077375 0.25565583 3.226028e-05 0.0008739648 8.665893e-06 0.0004329469 7.901572e-07 0.026550474 5.3477714e-05 5.643031e-07 1.6861599e-05 3.4072912e-06 1.391401e-07 0.00014436105 5.919096e-06 0.000687207 2.240777e-06 0.0023527122 8.4003733e-07 1.6797591e-07 0.0035106263 4.455354e-05 5.420079e-07 1.1676335e-05 1.9175822e-07 4.4547676e-07 4.233238e-06 9.5839525e-05 3.4648156e-06 0.0016977809 0.00016228149 3.1702676e-08 3.5087698e-05
0.98597515 0.7788286 0.049723517 0.73404145 0.012331322 0.06043425 0.009310887 0.11248544 0.09368308 0.025760567 0.4454651 8.9997375e-18 0.0047857887 2.6950577e-06 0.7728335 0.023491053 0.018628124 0.004549971 0.00074517034 9.73512e-05 1.1579504e-05 0.018058192 0.0030880033 0.9885169 0.00027089674 0.0007113314 3.525585e-05 0.03134313 1.0448837e-05 3.3738328e-07 8.81442e-05 0.000904162 0.0012793451 9.488181e-07 0.44401625 0.010776712 0.28513068 8.799621e-07 0.22899419 0.00013726088 0.017624725 0.16668746 6.529629e-08 0.0023107475 0.00018927031 1.1125418e-06 0.27162865 1.2936128e-05 0.014499001 2.1578924e-05 9.4261665e-09 2.094385e-07 1.6132801e-06 0.0009806699 0.045423962 4.7577917e-08 2.999602e-05 1.3234637e-06 4.244266e-06 2.9869832e-06 0.03885371 7.546092e-05 0.00072993664 0.00030837583 1.8531341e-06 3.0788478e-06 0.00024787628 6.1477876e-06 0.013577501 0.07208007 0.001613551 2.4686786e-05 7.660248e-05 0.00019150485 5.1796675e-08 0.010068353 4.7288614e-07 3.769397e-09 3.2157408e-07 1.260419e-06 3.8351022e-06 0.00023361247 6.170935e-05 0.00045551764 1.0047398e-07 0.053024348 1.2559295e-07 6.6465224e-09 0.0027237039 0.000828697 3.4535162e-08 2.321585e-07 2.6474131e-08 1.8006707e-08 5.92723e-06 0.00010686697 2.2144873e-06 0.0008158629 0.000883876 3.2207799e-09 0.00016349126
0.93501437 0.31600493 0.014094797 0.0061334902 0.00020340901 0.6626785 0.014386568 0.0010632911 0.31028122 0.00023314863 0.0010786633 0.0047857887 4.0921085e-17 5.589249e-06 0.023382396 0.54832655 0.9534083 0.66137445 4.015963e-05 0.81828916 6.3712854e-05 0.1378509 0.8337497 0.0013511733 0.58974886 0.6504455 5.0928058e-05 0.5865004 0.34786493 1.4273636e-06 7.545196e-06 0.00081035035 0.19731422 0.1394149 0.0055841436 0.00024276986 7.613368e-05 4.855316e-06 0.00014216795 0.2556517 0.50705296 0.00015982498 1.2555978e-07 0.029235333 4.7429803e-05 1.632479e-06 0.0006403925 0.091222316 0.013130844 1.1381975e-06 0.012154605 0.020810021 0.1706835 0.2706826 0.006845993 4.466266e-07 0.101070635 2.5127136e-05 0.082310155 1.3602909e-05 0.00043239398 0.046827536 0.003966223 0.0023617235 0.03334989 1.4116111e-05 8.5249656e-07 0.008336385 5.265276e-06 2.159844e-05 0.0046834713 2.1861646e-05 0.0066046272 0.002376519 1.2865863e-07 1.8124303e-05 2.4040794e-05 1.3572534e-05 8.821677e-07 0.0002009796 5.358482e-05 0.06918119 0.02198934 0.01451975 4.093047e-05 3.62145e-06 7.8259706e-07 1.8614944e-08 1.2455623e-06 1.3456013e-05 1.334088e-06 2.701783e-07 4.539523e-06 2.4393566e-07 0.017477155 0.00034234696 0.00021599956 0.034211583 0.070125714 3.7479779e-06 0.024499195
0.86067027 0.0011415686 0.26899886 0.009101366 0.7181286 3.873036e-05 0.6045174 0.023965897 1.9314577e-05 0.041977573 0.00059279375 2.6950577e-06 5.589249e-06 3.9857278e-17 1.0596021e-06 3.6234885e-06 5.9366153e-06 1.9986113e-07 0.9624028 2.889813e-07 0.8457762 1.1607792e-06 2.8942564e-05 1.8617742e-05 1.4563253e-06 2.9627023e-07 0.2872714 0.000108352244 7.9607497e-07 0.81953645 0.015432495 0.65913033 5.3178715e-09 2.3057831e-08 6.747077e-07 9.569332e-05 3.4132154e-05 0.5863919 4.189382e-06 3.6433137e-09 0.03761398 2.0077564e-07 0.40897804 2.6913474e-07 0.13076778 0.30536023 1.7075004e-07 6.589106e-06 0.003704046 9.3610484e-05 1.1386008e-09 1.1387402e-08 1.13595966e-07 0.0016483525 1.7896934e-08 0.17328404 1.3453344e-07 0.03265757 4.5257275e-07 0.0008153243 4.2934255e-07 1.4138906e-05 0.07830497 5.100582e-07 6.4191926e-07 0.107590795 6.030282e-06 9.642015e-08 2.2914119e-06 8.935566e-06 3.219263e-09 0.07644369 4.682671e-08 0.052667182 0.02408385 2.7456742e-06 0.0008904767 7.6811006e-08 0.00021656389 2.346221e-06 1.4267737e-07 0.00036518404 3.437408e-05 0.061269343 3.87606e-06 8.65093e-08 0.016651073 1.7063352e-05 1.2743858e-07 2.468709e-09 1.7047759e-08 1.6554684e-05 8.6672935e-09 0.00036320687 0.0001246354 0.0063869874 6.7462115e-06 0.032400478 0.0017582845 2.3407485e-09 3.5248434e-06
0.97573316 0.60843855 0.023448596 0.28493237 0.0012874426 0.41650683 0.003904911 0.008431881 0.7486807 0.0056296014 0.04862283 0.7728335 0.023382396 1.0596021e-06 4.5005643e-17 0.52841693 0.14438565 0.16831627 0.000102553466 0.007822422 9.723777e-06 0.91074324 0.008143327 0.38018665 0.0028791195 0.003277992 2.2318227e-05 0.058319833 9.589621e-05 1.8043058e-07 4.3089003e-06 9.8067496e-05 0.15676716 1.3975503e-05 0.93869144 0.0011978904 0.050740313 3.021661e-07 0.20055439 0.015814144 0.007973714 0.2885884 2.6578293e-09 0.18943523 1.6001019e-05 8.2128327e-07 0.5795496 5.6199537e-05 0.0067282445 4.5283205e-06 3.6717715e-08 4.025394e-06 2.1892563e-05 0.0007652797 0.6763881 7.2942514e-09 0.0015938547 1.8435914e-07 6.146448e-05 2.545536e-06 0.43386027 7.16744e-05 0.0004939354 0.009259775 9.519774e-06 1.0428181e-05 3.0431043e-05 5.4291846e-05 0.007819592 0.018457182 0.13464977 7.073193e-06 0.0028613177 8.7870336e-05 4.381543e-09 0.006423706 2.439479e-06 1.0965558e-08 3.7496093e-07 4.8063434e-06 8.761712e-07 0.00042205225 3.4440625e-05 0.00027805523 2.4248533e-07 0.13298367 6.2356804e-08 1.7358771e-09 0.004720036 0.02261182 1.00185344e-08 1.3913437e-07 8.563066e-09 7.68969e-08 1.4867712e-05 9.030469e-06 3.9753295e-06 0.0012311036 0.0018471256 1.6761631e-09 0.00043138137
0.92598563 0.20582739 0.0087424535 0.02764514 0.0006656536 0.5093261 0.0064335675 0.001924081 0.9020297 0.00092235516 0.0052846596 0.023491053 0.54832655 3.6234885e-06 0.52841693 3.9988533e-18 0.55482495 0.9456425 3.5231747e-05 0.64559877 2.0793215e-05 0.9537679 0.07737306 0.0047911066 0.09186504 0.12613893 3.3227305e-05 0.11745904 0.009310879 1.6860535e-07 8.647203e-06 0.000275584 0.5764877 0.0017353529 0.07074783 0.00084295013 0.0043273186 4.473788e-06 0.0033453233 0.33391073 0.030768177 0.0051507284 4.2646942e-08 0.4185863 1.2657982e-05 1.2564741e-06 0.027796805 0.0007365434 0.0060833483 3.5580224e-06 0.00010278738 0.0010952539 0.0036680775 0.005332979 0.12221945 1.7070494e-07 0.050475966 2.6604184e-07 0.011039683 1.1034766e-06 0.018070148 0.002470773 0.0008839178 0.01994238 0.0026456001 4.2574247e-06 2.0469488e-06 0.0006526673 0.00028905642 0.0001734776 0.07390614 1.9143718e-05 0.019055637 0.00020561644 1.5382497e-07 0.00019043451 1.6913237e-06 3.9897855e-06 1.7633211e-07 0.00018556915 4.228102e-06 0.0039251246 0.0010028206 0.0011736382 2.29411e-06 0.002066886 4.0120318e-07 7.976648e-09 6.534504e-05 0.0034786602 1.9029842e-07 3.0419855e-08 4.257638e-07 2.214974e-07 0.0009918805 3.160992e-05 0.000117038224 0.0035006653 0.0072442554 5.5095853e-08 0.0014515623
0.9976672 0.1099154 0.0065294527 0.0031848864 0.000115883486 0.3116688 0.009127886 0.00034429412 0.14257279 0.0003089413 0.0040134443 0.018628124 0.9534083 5.9366153e-06 0.14438565 0.55482495 2.2838247e-15 0.76119256 3.2385833e-05 0.7654514 3.967715e-05 0.48732337 0.3968187 0.0017773325 0.15442555 0.37868538 5.6969904e-05 0.42000678 0.045456436 5.750426e-06 4.772942e-05 0.00033567287 0.6771874 0.029048843 0.011250509 0.000513295 0.0008116977 9.015121e-07 0.0005102013 0.61851156 0.3994021 0.0018729544 1.2222382e-07 0.5044287 2.3510871e-05 8.101103e-07 0.002710142 0.009308326 0.012174606 8.080883e-06 0.0069105984 0.029568195 0.14512113 0.20606938 0.032087956 9.5085674e-08 0.37550476 7.1205827e-06 0.08568962 2.4086933e-06 0.0008552653 0.03313046 0.0020395513 0.03286174 0.031685095 2.061844e-05 1.0030329e-05 0.008197306 2.6351786e-06 1.0612239e-05 0.13405706 5.6380883e-05 0.07989439 0.0028520143 6.222288e-07 2.021403e-05 1.5297611e-06 8.368948e-05 4.072879e-08 0.00040844083 0.00014530639 0.073275015 0.028555185 0.01864565 3.4803925e-05 2.1590264e-05 2.5844638e-06 1.316509e-09 9.3142523e-07 6.179038e-05 4.252243e-06 6.754941e-08 1.3930767e-05 2.5825136e-07 0.03095903 0.00041012993 0.00044831738 0.045927 0.12980637 2.3063474e-05 0.04488488
0.94315046 0.0419781 0.00085343287 0.003570426 0.00015826379 0.25483263 0.00024604396 0.0004371954 0.30443558 0.00019213083 0.0007341859 0.004549971 0.66137445 1.9986113e-07 0.16831627 0.9456425 0.76119256 5.868102e-15 2.2895147e-05 0.9502343 9.013226e-06 0.73804396 0.19641231 0.00089497655 0.35336888 0.4157798 5.9536105e-05 0.22832578 0.021059956 1.4113755e-07 2.5599275e-05 9.440048e-05 0.7320857 0.013816328 0.041731358 0.0002715991 0.0020790293 2.476322e-06 0.0041202465 0.68391037 0.01901532 0.00409472 6.177449e-08 0.37400752 1.2235002e-05 1.0670128e-06 0.023693083 0.0041986452 0.0055505526 3.438534e-06 0.0006795859 0.010688667 0.05763021 0.0042250813 0.10930981 9.7242584e-08 0.2343189 6.054678e-07 0.082426585 4.2862844e-06 0.011933745 0.0042318907 0.00036616766 0.033764876 0.013569035 8.432178e-06 1.0039807e-06 0.0021403027 3.7651684e-05 9.114437e-06 0.11055038 0.00012318486 0.084914535 9.31125e-05 6.668389e-07 0.00010530924 7.6857566e-07 1.733039e-05 1.0507733e-07 0.0016582804 0.0014019489 0.010363071 0.0014820282 0.00033816256 4.1939085e-05 0.0004717221 5.376305e-07 4.376724e-09 4.004175e-06 0.003737024 3.4167653e-05 1.5612508e-07 9.121598e-05 2.3484492e-07 0.0013181859 0.00010382033 0.0020761483 0.0015925169 0.005050066 1.7486396e-07 0.002507881
0.9940723 0.0013003609 0.055128396 0.017412346 0.34206057 0.00018202869 0.29122522 0.105316386 2.0300484e-05 0.030873759 0.00435202 0.00074517034 4.015963e-05 0.9624028 0.000102553466 3.5231747e-05 3.2385833e-05 2.2895147e-05 1.899211e-13 7.3348497e-07 0.55730987 8.785851e-07 0.0001540726 0.00021109135 5.648006e-07 2.3343662e-07 0.05610212 0.0012197203 1.1318187e-06 0.6568932 0.008416497 0.853303 5.685343e-07 1.1109179e-07 1.9689269e-05 0.0008503513 0.004081276 0.3603987 9.6617565e-05 2.523366e-07 0.16678663 6.84361e-05 0.35916388 4.2072265e-06 0.1760421 0.0994053 6.4811265e-06 1.3742093e-06 0.028741473 0.0018720482 1.5250386e-08 3.2123384e-07 1.0266654e-05 0.01851722 2.5946335e-06 0.2552481 1.2859425e-05 0.0014877286 2.1992591e-05 0.00063693477 2.0957646e-06 5.870841e-05 0.4559025 6.3443913e-06 0.00015026242 0.0029654277 0.00018225242 7.3682954e-06 2.3266798e-06 8.871196e-06 1.7962443e-06 0.05505362 2.0652003e-06 0.16343981 0.015068024 1.9314052e-06 7.590983e-06 9.821086e-07 8.111861e-06 4.221714e-05 6.2483747e-07 0.0014307182 0.0001517399 0.490834 1.7528255e-05 6.5498836e-07 0.019313615 0.00013596211 1.1702765e-07 6.336609e-08 1.0754717e-08 0.00024996314 3.5962076e-09 0.002493421 0.00013996371 0.008415112 1.814511e-05 0.29752743 0.021568993 3.1970828e-08 0.00013783452
0.8563959 0.013935079 0.00037844898 0.0002919727 1.8560144e-05 0.19331826 4.6127057e-05 7.887455e-05 0.14624172 5.8362107e-06 5.4182197e-05 9.73512e-05 0.81828916 2.889813e-07 0.007822422 0.64559877 0.7654514 0.9502343 7.3348497e-07 1.29211675e-17 1.2393405e-06 0.255256 0.16662787 5.119023e-05 0.8116026 0.9009724 1.3281976e-06 0.12754954 0.10374736 1.2831958e-07 7.3278017e-07 7.525135e-05 0.56141627 0.28209126 0.0006645322 1.3451766e-05 7.198605e-06 5.6760626e-07 0.00011151486 0.7415145 0.009356992 8.102866e-05 1.477114e-09 0.08635251 3.0191013e-06 4.330311e-07 0.00016001394 0.018346634 0.0012886863 5.245011e-07 0.27657753 0.37302732 0.64240265 0.0035711103 0.0030149543 2.1188978e-08 0.5346686 1.4558615e-06 0.46190244 3.0566916e-06 6.348765e-05 0.018252473 0.00035553818 0.010909657 0.25839496 2.3476476e-05 1.1375686e-07 0.009933687 7.8154835e-07 2.4561572e-07 0.0026394876 0.00070661475 0.045370195 8.419028e-05 3.4644964e-07 5.3328217e-06 2.4607514e-06 0.00020499964 3.4105958e-07 0.017121244 0.00042622656 0.020100564 0.0048619905 0.00046639444 0.00048303968 1.0692233e-06 4.713193e-07 9.385496e-09 9.508984e-08 2.131016e-05 3.1649754e-06 1.1190989e-06 2.1472442e-05 2.2153912e-08 0.0029332296 3.7713119e-06 0.0050813034 0.0018889318 0.002870062 6.8259033e-06 0.0039410265
0.88856596 0.0013527573 0.09446189 0.043643612 0.88668126 2.4595112e-05 0.15632847 0.18247937 3.445472e-05 0.49497867 0.023609493 1.1579504e-05 6.3712854e-05 0.8457762 9.723777e-06 2.0793215e-05 3.967715e-05 9.013226e-06 0.55730987 1.2393405e-06 2.8077985e-14 1.6164124e-06 0.00030049088 1.5804275e-05 8.040184e-05 2.4721347e-05 0.94969857 0.0008463272 5.0004306e-05 0.7303867 0.56773996 0.44971994 1.2808825e-07 8.150991e-06 2.7332437e-06 0.008189109 0.0008243027 0.8715386 3.558109e-05 6.517075e-08 0.004810544 4.15498e-06 0.581626 1.5793644e-06 0.14038634 0.047831517 1.9954357e-06 5.4571283e-05 0.003916209 0.021393305 2.0913932e-07 2.681158e-06 2.623191e-06 0.00083497283 1.4737323e-06 0.28270802 3.2253665e-05 0.0020552722 4.9988885e-06 0.003003243 6.0773923e-06 0.00025519653 0.06342355 1.773083e-05 1.4463059e-06 0.0020636627 0.0005327573 4.125916e-05 9.937254e-07 1.6452607e-06 5.8223016e-08 0.4703808 4.7780697e-05 0.020885816 0.08083447 1.7327952e-06 0.00029596625 3.2396223e-08 0.00013195719 1.9452349e-05 7.1786963e-06 0.001022696 0.0001457263 0.0075972592 7.2860576e-06 1.16933506e-07 0.0017194648 1.526371e-05 4.6826806e-08 1.234587e-07 7.457693e-07 0.00010151355 4.4161655e-07 3.9853072e-05 0.00017029222 0.0013731772 8.602531e-06 0.004289467 0.0009364736 5.6049014e-09 0.00028290765
0.898618 0.086187325 0.0037670848 0.026547734 0.00017743713 0.24312638 0.0011623646 0.0017632659 0.5968305 0.0004295076 0.0038933132 0.018058192 0.1378509 1.1607792e-06 0.91074324 0.9537679 0.48732337 0.73804396 8.785851e-07 0.255256 1.6164124e-06 2.1764884e-17 0.0097858 0.007140389 0.03218036 0.08410882 3.3995273e-06 0.047613423 0.0012176221 1.1969851e-07 9.559111e-06 5.801381e-05 0.9339307 0.0006057116 0.13311562 0.00022076197 0.001904336 2.3548118e-07 0.009893578 0.37086347 0.005403031 0.005985552 6.744021e-09 0.9119038 6.2432196e-06 9.3291334e-07 0.018819923 5.738886e-05 0.0026496311 9.827281e-07 1.851254e-05 0.00067249057 0.0065644886 0.0018465489 0.16259277 2.2911275e-08 0.11713432 5.813465e-07 0.008013793 9.3949166e-07 0.022480937 0.00033655166 0.00025814265 0.14034843 0.0013586697 1.1370816e-05 1.0040784e-06 0.0001891018 0.00065632083 0.0006002592 0.123937316 3.1782686e-06 0.098967575 0.00020711489 7.99281e-08 0.00085905945 3.405011e-06 4.5694253e-07 1.2605884e-06 0.00015206993 3.2512664e-06 0.0016050148 0.00022927497 0.00044447934 1.40508355e-05 0.003834799 4.0838603e-07 3.849819e-08 0.00030672803 0.025801184 1.5942808e-08 8.3176593e-07 3.132538e-08 1.9571289e-07 0.00018892712 3.4946054e-06 0.00018579561 0.0021547072 0.0014732039 4.525019e-09 0.0009409246
0.9774702 0.09969453 0.014558429 0.004915471 0.0005812028 0.047559034 0.015454146 0.0006282338 0.014609173 0.00013271924 0.00035417892 0.0030880033 0.8337497 2.8942564e-05 0.008143327 0.07737306 0.3968187 0.19641231 0.0001540726 0.16662787 0.00030049088 0.0097858 1.6594053e-13 0.00013047582 0.56063694 0.5289194 5.6027544e-05 0.9017073 0.91144896 2.5557269e-05 2.4969642e-05 0.0012047046 0.01609117 0.26222733 0.0011784727 0.0002148128 5.0333958e-05 7.467515e-05 2.4306208e-05 0.044333283 0.5094312 1.9949211e-05 4.083251e-06 0.001011272 0.00014725368 2.5802537e-05 6.3630214e-05 0.4064186 0.009597354 1.12336265e-05 0.027443442 0.022867871 0.08403223 0.34614134 0.0005119372 6.544024e-06 0.005477591 9.966409e-05 0.011549468 3.872389e-05 1.6639697e-05 0.14766304 0.006638709 0.00012709916 0.011391335 0.00068520993 4.0039954e-06 0.040577628 1.2919953e-05 2.5173822e-06 7.9636666e-05 9.040098e-05 0.00069360377 0.0027906566 2.5861402e-06 4.6906298e-05 3.407114e-05 1.7741488e-05 3.896258e-06 6.746215e-05 0.008113173 0.21048887 0.041456994 0.023486456 2.0345216e-05 4.3278733e-06 4.6525558e-05 3.0598022e-07 5.1968564e-06 1.1703453e-06 2.8862876e-05 1.2698745e-06 0.00018057166 3.9549477e-06 0.04633215 0.0006018358 1.3167716e-05 0.08530726 0.26777482 1.692609e-05 0.02902902
0.44900244 0.16420762 0.014096276 0.2254892 0.0038246273 0.010725972 0.0025158366 0.073171906 0.015971255 0.02762709 0.76090777 0.9885169 0.0013511733 1.8617742e-05 0.38018665 0.0047911066 0.0017773325 0.00089497655 0.00021109135 5.119023e-05 1.5804275e-05 0.007140389 0.00013047582 8.714929e-18 3.5890538e-05 0.00012722687 2.6717458e-05 0.0006034476 2.5093955e-06 3.9279475e-06 0.0001520547 5.480122e-05 0.0004027053 1.1702315e-06 0.8695992 0.052770086 0.78277373 1.6603657e-06 0.94085026 1.8877181e-05 0.0009810992 0.54308254 2.4331774e-08 0.0007660263 2.8422908e-05 1.976351e-06 0.33368868 2.0051896e-06 0.0004871529 1.1154416e-05 6.5273222e-09 4.507004e-07 6.3361045e-07 2.8757895e-05 0.019073552 8.965398e-08 2.7322889e-05 3.3708162e-07 2.4163398e-07 3.3357796e-07 0.034488373 7.3508054e-06 0.00013128828 0.00024556433 1.1258948e-07 5.5133432e-06 0.0010662144 9.966922e-07 0.056877907 0.27732024 0.0002880693 1.7052598e-05 4.4515276e-05 1.7555389e-05 2.3577398e-09 0.02206804 1.5198915e-06 2.8671792e-09 2.6005404e-07 1.8868359e-07 2.400693e-07 4.7446953e-05 3.2869852e-06 6.8237074e-05 7.7506805e-08 0.041107006 1.1593846e-07 7.617863e-09 0.005007544 0.00044463133 1.14014256e-07 1.5891086e-07 1.72106e-07 2.5645123e-08 1.0780843e-06 6.3772277e-06 1.129257e-06 0.0003448672 0.00010279571 4.4924073e-10 1.6866536e-05
0.92594814 0.0031919044 0.0004427125 0.00031722034 6.0315215e-05 0.017539134 0.0001443254 6.0221988e-05 0.013275178 4.3702883e-05 0.00014815378 0.00027089674 0.58974886 1.4563253e-06 0.0028791195 0.09186504 0.15442555 0.35336888 5.648006e-07 0.8116026 8.040184e-05 0.03218036 0.56063694 3.5890538e-05 1.7387853e-18 0.95607483 1.8798599e-05 0.23182775 0.85112876 5.874783e-07 9.47516e-07 3.8276103e-05 0.10797173 0.88428056 0.00024973822 6.870225e-05 1.314878e-05 1.1467959e-05 1.1742858e-05 0.28742427 0.036319215 2.2597702e-05 1.9456874e-07 0.01695527 2.2652991e-06 2.9255062e-07 2.7042348e-05 0.23602293 0.0010525442 8.17108e-06 0.5245776 0.4719568 0.7281518 0.021877343 0.0005126698 1.3409766e-05 0.18088755 1.8515708e-06 0.32994893 5.664815e-07 2.3589611e-05 0.08319069 0.00023861548 0.00095220713 0.37771913 2.1504718e-05 1.6062168e-06 0.12591729 2.2732136e-06 4.5821068e-07 0.00046336683 0.01097043 0.007022926 0.0003393218 3.7860602e-05 4.402711e-06 6.2982707e-07 0.011220176 1.34502836e-08 0.020938294 0.014611535 0.09635016 0.02866665 0.0012232326 0.003002945 1.7780386e-06 2.5723534e-06 1.360517e-08 1.696625e-07 6.590052e-07 5.1799663e-05 1.7499534e-08 0.00035513204 2.7642113e-07 0.015610017 2.2743552e-05 0.0075177155 0.00461705 0.018230276 0.003676453 0.03371061
0.9369756 0.0028177819 0.00033819643 0.00025847374 5.2144034e-05 0.015626386 0.00012373588 5.304738e-05 0.009879986 4.03614e-05 0.00021508892 0.0007113314 0.6504455 2.9627023e-07 0.003277992 0.12613893 0.37868538 0.4157798 2.3343662e-07 0.9009724 2.4721347e-05 0.08410882 0.5289194 0.00012722687 0.95607483 4.0627892e-17 1.4015879e-05 0.20798801 0.66588926 1.4243469e-07 4.737675e-06 6.5085783e-06 0.32951146 0.49387255 0.0007297118 0.0002129871 4.8528414e-05 2.6738219e-06 0.00015587463 0.55759686 0.014122939 8.825683e-05 5.919948e-08 0.06934378 4.805997e-07 6.4386064e-08 0.00010613033 0.08595605 0.0007595567 2.7207985e-05 0.20043434 0.34045073 0.776786 0.010341747 0.0022102771 5.229323e-07 0.4129966 2.7071323e-07 0.5642926 1.0092052e-07 8.5077394e-05 0.036271114 0.0001586154 0.0032739788 0.551971 1.3227828e-05 4.3429773e-06 0.076139964 3.2614832e-06 1.6164356e-06 0.004626081 0.0015360356 0.033035472 0.000118398406 3.173061e-05 1.43242605e-05 8.342528e-08 0.017913468 1.0163981e-09 0.029632663 0.0006235497 0.055288926 0.016606906 0.0006061556 0.0023314066 5.94825e-06 1.4744394e-06 2.3989513e-09 2.1191388e-06 1.5381867e-05 9.561546e-06 1.8797326e-09 3.0680334e-05 2.2134176e-07 0.011112991 2.6048916e-05 0.015790537 0.0033980967 0.009129291 0.0016221936 0.017541142
0.26706195 0.001821883 0.028096111 0.02199461 0.5512269 3.830433e-05 0.019559827 0.3683093 3.7485086e-05 0.7145843 0.04014159 3.525585e-05 5.0928058e-05 0.2872714 2.2318227e-05 3.3227305e-05 5.6969904e-05 5.9536105e-05 0.05610212 1.3281976e-06 0.94969857 3.3995273e-06 5.6027544e-05 2.6717458e-05 1.8798599e-05 1.4015879e-05 9.877611e-17 9.8686985e-05 6.3933374e-05 0.29973713 0.99015224 0.028815836 5.6383294e-07 1.2398129e-05 1.7845066e-05 0.06471959 0.0009905656 0.5934817 3.6671925e-05 3.6690918e-07 0.0007241982 9.5671185e-06 0.44897634 1.7834354e-06 0.014509327 0.0049469466 2.589857e-06 3.289461e-05 0.00030845113 0.16162862 6.0043035e-06 4.5484478e-05 2.2032518e-05 0.00012247254 3.064878e-07 0.04488051 6.899663e-06 0.0003032095 5.464429e-05 0.00030348834 3.5302426e-06 9.969508e-05 0.0039240415 9.2786473e-07 0.00015466221 0.0008827737 0.017634507 2.5597881e-05 8.994387e-06 6.712312e-05 6.431536e-08 0.5267256 6.526467e-06 0.0016201012 0.064955294 1.743639e-05 0.000119885364 1.820852e-05 2.6406971e-05 0.00056952797 9.838397e-06 0.0002794693 2.4867952e-05 0.0012847217 0.00034454605 1.3580632e-06 0.0005110708 2.5373187e-05 2.678748e-06 1.790301e-08 2.3520423e-07 1.3537838e-05 6.137061e-08 5.480843e-05 9.429809e-05 0.00015740114 0.00011501216 0.0014592907 0.00020607341 1.1979486e-06 7.757341e-05
0.9951211 0.25468865 0.066378236 0.038008586 0.0022645586 0.121942885 0.0918396 0.0030741757 0.05410259 0.00048025174 0.0013434537 0.03134313 0.5865004 0.000108352244 0.058319833 0.11745904 0.42000678 0.22832578 0.0012197203 0.12754954 0.0008463272 0.047613423 0.9017073 0.0006034476 0.23182775 0.20798801 9.8686985e-05 8.228318e-16 0.48422343 4.5807872e-05 1.1326452e-05 0.006154273 0.052581716 0.0761737 0.0017362767 0.00014721142 0.0001253188 8.594074e-05 4.234355e-05 0.084820606 0.70299596 0.00016791385 7.2093945e-07 0.0060833828 0.0003291898 2.6634627e-05 0.00029244507 0.34732398 0.01431813 1.6826009e-06 0.010559531 0.015531323 0.053291507 0.6041556 0.0012262278 2.1642102e-06 0.01262035 0.0001912508 0.003033891 8.032374e-05 1.6223436e-05 0.16695347 0.011470261 4.5923876e-05 0.004114655 8.708381e-05 1.5480835e-07 0.020150965 4.935215e-06 1.5527775e-06 0.0005294963 2.7475523e-06 0.00042493467 0.0046411385 8.7646654e-08 4.279578e-06 9.5956275e-06 2.6078733e-06 4.429967e-07 2.8613751e-05 0.0030304962 0.19071038 0.014603971 0.08831429 7.791814e-06 2.116389e-05 2.871214e-06 8.79415e-09 6.055255e-07 7.5009535e-07 7.488154e-05 1.1643581e-06 0.00018855292 3.5271316e-07 0.021576332 0.0023859555 4.4039666e-06 0.27432334 0.51912606 5.48311e-06 0.01455373
0.95773184 0.0016234341 0.00076497626 0.00017450388 2.649746e-05 0.00503639 0.0002678306 4.725805e-05 0.0018147291 1.4923525e-05 2.9619481e-05 1.0448837e-05 0.34786493 7.9607497e-07 9.589621e-05 0.009310879 0.045456436 0.021059956 1.1318187e-06 0.10374736 5.0004306e-05 0.0012176221 0.91144896 2.5093955e-06 0.85112876 0.66588926 6.3933374e-05 0.48422343 4.9871067e-14 5.089327e-06 6.8993995e-06 0.00019222357 0.0032602088 0.95013475 3.837603e-05 0.00022100462 2.8186634e-05 8.238469e-05 1.1680066e-05 0.007633143 0.10169156 2.7148017e-06 1.0897458e-05 0.00015969061 1.4292603e-05 1.3454383e-05 3.0381937e-06 0.8853365 0.0017380925 2.2474209e-05 0.117463686 0.067148924 0.0856293 0.14109907 0.00010172182 1.8793886e-05 0.0028045676 1.20618915e-05 0.012497686 2.1898966e-06 1.2827359e-05 0.54284894 0.0005199492 5.9207756e-05 0.016074887 0.00016993626 2.5144716e-06 0.24926628 1.6235539e-05 1.5481462e-06 1.8758772e-05 0.00064514193 0.00026412777 0.00026750643 2.0594229e-05 1.5130964e-05 7.2796333e-06 0.00040439382 9.458007e-07 0.0004566945 0.24190155 0.45919657 0.11523993 0.0023469932 0.00016764487 1.2353272e-06 6.373631e-05 3.2891082e-06 1.1602597e-05 6.425329e-07 0.00030146653 1.0487011e-07 0.0018994326 3.5391959e-06 0.06421024 2.8982793e-06 5.1057417e-05 0.012630073 0.06668483 0.0006389306 0.061911274
0.9057795 8.759219e-06 0.0033634356 0.0002203457 0.13213764 1.4489615e-07 0.009593145 0.0022105419 5.688103e-07 0.0036728596 0.00011821653 3.3738328e-07 1.4273636e-06 0.81953645 1.8043058e-07 1.6860535e-07 5.750426e-06 1.4113755e-07 0.6568932 1.2831958e-07 0.7303867 1.1969851e-07 2.5557269e-05 3.9279475e-06 5.874783e-07 1.4243469e-07 0.29973713 4.5807872e-05 5.089327e-06 5.542791e-14 0.018881613 0.8575973 9.072337e-09 2.018506e-07 3.989665e-07 2.1527436e-05 7.821303e-06 0.9055024 3.5454423e-06 2.0732632e-08 0.0017139042 4.0595177e-07 0.88279885 5.585184e-08 0.63931626 0.7255066 2.1233495e-07 1.4525018e-05 0.0016888161 3.190004e-05 4.7062382e-08 1.6239022e-07 1.0986998e-06 0.00020432609 2.0171626e-07 0.8276877 3.6992446e-07 0.011318518 5.3123415e-07 0.012530978 4.903601e-07 4.0570256e-05 0.15846741 7.941671e-07 2.0203778e-07 0.06313911 1.1014663e-06 5.433007e-05 3.830749e-06 5.4300626e-06 3.586968e-08 0.077608034 7.682108e-07 0.06256749 0.16063307 1.2345777e-05 0.0025474525 9.914186e-07 0.0011130986 4.8094153e-06 1.44718815e-05 0.00046940063 6.230317e-05 0.01758011 1.32724745e-05 7.8900206e-07 0.10006595 0.0022534519 2.8292095e-07 3.0285314e-08 1.4750905e-06 0.00050644553 3.7263777e-07 0.008962753 9.879706e-05 0.0053253556 8.360943e-06 0.0053863004 0.00047520813 5.2893373e-08 0.00018704492
0.05839783 0.00093174644 0.029669704 0.019468147 0.25813976 7.016921e-05 0.0070567 0.43788168 3.226025e-05 0.82502735 0.23508427 8.81442e-05 7.545196e-06 0.015432495 4.3089003e-06 8.647203e-06 4.772942e-05 2.5599275e-05 0.008416497 7.3278017e-07 0.56773996 9.559111e-06 2.4969642e-05 0.0001520547 9.47516e-07 4.737675e-06 0.99015224 1.1326452e-05 6.8993995e-06 0.018881613 3.9597393e-16 0.0017872403 2.9321845e-07 1.8222704e-06 3.603319e-06 0.71094525 0.020694781 0.21396963 0.00014025273 1.9228287e-07 0.00027784743 2.3555553e-05 0.18452875 1.8424358e-06 0.003296139 0.0004502618 8.309417e-06 3.3155484e-05 0.00032574424 0.83106315 1.761274e-07 0.00013691458 0.00016305342 3.7002785e-05 5.2190973e-08 0.030372567 0.00013394526 7.67304e-06 2.9213803e-05 0.00018266463 1.1042514e-06 6.465123e-05 0.00072522316 3.41103e-06 7.102797e-05 8.850362e-05 0.41901967 1.0763193e-06 1.2604172e-05 0.0008889256 1.9003275e-07 0.8021921 1.06883645e-05 0.00018759264 0.42163226 5.5606273e-05 1.4303525e-05 4.686675e-06 1.5266605e-05 0.0006898331 1.5553902e-06 0.00016446396 2.4350907e-06 0.00046187782 0.0006785151 1.4363795e-05 0.000545104 5.034867e-06 8.336102e-06 1.5828195e-07 9.7966954e-08 2.2572305e-05 1.2862115e-08 1.0094807e-05 2.9029986e-06 1.4356742e-05 5.049069e-05 0.0011732684 2.5316578e-05 1.300326e-06 1.8684648e-06
