8.842099e-21 0.9254543 0.9493106 0.9393658 0.7807097 0.96264654 0.9696914 0.9863831 0.99295974 0.9454216 0.9359706 0.99241924 0.97027475 0.8659523 0.760845 0.9943979 0.97516465 0.8871436 0.9650368 0.6709692 0.96555907 0.9747603 0.84724 0.9805642 0.24106114 0.9986054 0.5868854 0.85207283 0.7887872 0.9842714 0.9929468 0.904286 0.39374164 0.14828184 0.9333847 0.9173854 0.23701037 0.07244269 0.95729977 0.98571664 0.07210607 0.15430665 0.8876011 0.013908042 0.46133265 0.71506625 0.84290606 0.9823883 0.97091883 0.122244515 0.01697564 0.082870655 0.76513106 0.79363275 0.8604466 0.6714242 0.04823292 0.07769665 0.04633281 0.8430257 0.8476154 0.12855525 0.31713098 0.60807157 0.16856362 0.9128135 0.28551722 0.7360487 0.061212994 0.2441197 0.9958711 0.99929 0.8292108 0.9977086 0.26246434 0.99140203 0.23990108 0.028031211 0.8888405 0.009825731 0.020132614 0.43549708 0.9764327 0.8306731 0.0015494617 0.0054325513 0.6284672 0.018733552 0.9941865 0.003384826 0.628316 0.9941557 0.0010846726 0.0021259575 0.0061605624 0.00083247613 0.014004076 0.9945799 0.09932235 0.95301384 0.0012645192
0.9254543 1.7054526e-19 0.971071 0.47897163 0.85754734 0.12188082 0.124418005 0.836185 0.886206 0.09543495 0.03161829 0.38282993 0.040441614 0.5704806 0.8167951 0.0057287486 0.501055 0.001029738 0.00015573452 0.55402 0.17564611 0.037732378 0.02455362 0.0041256314 0.0011323991 0.24191861 0.0021593727 0.0008575853 0.0032518075 0.030327572 0.010861591 4.6439694e-05 0.0010942365 0.00014150853 1.8692856e-05 0.008532405 0.1754574 0.029399784 4.1033414e-05 0.010476372 0.001377989 0.00022042578 7.18509e-05 0.0037504488 0.00015789879 0.11231797 0.00013264382 1.0108293e-05 4.511345e-06 0.11215392 0.0010319666 7.433686e-05 1.2747954e-05 3.3349497e-05 7.162998e-07 8.8957427e-07 0.002877478 5.204862e-06 0.008075361 3.4126327e-07 1.794124e-05 0.07994274 7.523119e-05 1.654717e-05 4.6072346e-06 0.00042875746 3.5284407e-05 1.7717815e-05 4.1297117e-05 2.7473088e-06 0.082816556 0.16285752 0.0035440414 0.051620178 9.833313e-06 0.011312847 5.613651e-06 2.7727708e-07 0.013521233 0.00024326211 2.1556934e-05 3.5841023e-08 0.008310817 0.00022224318 6.4871965e-05 1.0010002e-07 8.443488e-09 1.1733964e-06 0.008712352 1.8640046e-06 6.175058e-08 0.011361451 5.3337008e-08 6.18868e-05 0.0001152989 1.0605061e-06 1.06276424e-07 0.017770438 3.0104216e-06 2.2931092e-05 8.936238e-08
0.9493106 0.971071 4.611756e-18 0.017190097 0.027829746 0.69817436 0.5786964 0.12150342 0.7565341 0.8948917 0.43501145 0.020020543 0.7508126 0.0028819502 0.012078994 0.048380524 0.7272864 2.4503152e-05 0.004823448 0.2547827 0.052693408 0.07126802 0.46140808 0.026513202 0.014905448 0.36665803 4.8046408e-05 0.049864817 6.473087e-05 0.031112742 0.0020557574 8.287555e-05 4.581054e-05 0.003489787 9.6397045e-05 0.015682109 0.19189027 0.068189375 6.7577316e-06 0.0017197524 0.0227319 2.736238e-06 5.0948875e-06 0.018916406 1.2628549e-05 0.010480284 0.00022644742 0.00029639585 1.9607363e-05 0.057440437 0.012959449 0.00296166 6.45497e-05 0.00020453139 3.7188816e-08 9.047192e-06 3.801411e-05 0.00041227168 0.0002357006 4.6413634e-06 6.6680104e-06 0.013360265 0.0020809623 1.2985986e-06 5.6145163e-05 0.00047892384 1.1593315e-05 2.1914445e-06 1.0827818e-06 5.2370086e-07 0.046519764 0.2166154 0.0048243064 0.029945707 2.003217e-06 0.0031057654 9.273384e-05 5.072309e-08 0.017557543 6.029494e-06 0.00011282786 5.145879e-09 0.004129223 0.0012649739 0.00025598553 1.7912756e-05 3.804936e-09 1.3448329e-05 0.009884401 3.6302004e-05 1.5664954e-06 0.006745926 5.084961e-06 1.620332e-05 6.9121106e-06 4.397382e-06 1.9533838e-06 0.012113146 1.832037e-06 3.587976e-05 2.4123071e-06
0.9393658 0.47897163 0.017190097 3.3356548e-17 0.9542148 0.00032607434 0.00021698522 0.94711435 0.28807318 9.073662e-05 6.347254e-06 0.8970575 6.8359e-05 0.8596476 0.7278746 1.2302618e-05 0.016197583 0.1610792 2.2256959e-06 0.013646483 0.503076 0.0003967244 0.0001498986 4.8500286e-05 1.3421435e-05 0.007829058 0.3144572 2.5306258e-06 0.43214005 0.00094636966 0.051328912 1.862853e-06 0.11072486 5.568776e-06 7.3383484e-07 0.00064267364 0.009651355 0.0018450455 0.0047921413 0.11287643 1.4500431e-06 0.018893765 0.0016423725 5.3070402e-05 0.008468581 0.7268448 3.4966927e-06 1.9682311e-08 9.4230785e-08 0.0049762265 1.18872285e-05 1.7463631e-07 2.8451626e-07 7.273457e-08 0.00030248743 2.0148601e-08 0.19535752 1.1661322e-07 0.056899596 1.2900985e-08 0.00011366745 0.06063444 4.1046877e-07 0.0011826333 3.5206523e-07 0.00025277172 0.00019604233 0.00013871393 0.028835827 0.0015049446 0.13403642 0.02784037 0.001029817 0.1578847 0.0004337172 0.029614836 2.2600415e-07 0.002642457 0.0021804015 0.012714604 1.5812414e-07 1.7806848e-05 0.0064899316 0.00016087739 1.1232776e-06 6.764831e-08 1.9107174e-06 6.792383e-08 0.0050239875 1.0107672e-06 6.314551e-07 0.016267639 2.1427682e-07 7.116272e-06 0.0005181009 1.4171811e-06 1.502069e-07 0.022454618 0.00034454488 0.00022236061 1.0519341e-06
0.7807097 0.85754734 0.027829746 0.9542148 1.2017458e-18 0.0014590959 0.0021407218 0.9205299 0.26404572 0.00065768394 0.0001009459 0.8945031 0.00028848447 0.85179716 0.86972654 0.00010049655 0.008142469 0.110062145 1.0875479e-05 0.01755215 0.24025829 0.0020635193 0.00080775586 0.00039155537 3.0106816e-05 0.013179087 0.11711438 3.0651703e-05 0.15157 0.002051354 0.032357972 7.003273e-06 0.09868991 4.680069e-06 1.5237711e-06 0.0012578326 0.010953083 0.0010250835 0.0018054618 0.04541663 3.1535128e-05 0.021259466 0.0012775515 5.058057e-05 0.016492097 0.24567245 4.4359196e-05 5.034236e-07 1.9936856e-06 0.007254612 1.6459669e-06 1.3863782e-07 3.3614393e-07 1.3998025e-06 0.00037260348 1.7105091e-07 0.0676638 1.4775382e-07 0.012892329 5.2066486e-08 0.00013460795 0.013194701 1.5884903e-07 0.0011320002 5.8728538e-06 6.0599577e-05 0.00035645263 0.00021895082 0.004182412 0.0003428856 0.028822124 0.014843097 0.00082456105 0.04931997 0.00075393554 0.0147558395 5.293726e-07 0.0007692203 0.00277873 0.0028673548 2.7243852e-06 1.2213471e-05 0.0036869284 5.304708e-05 2.8775298e-06 3.5734402e-08 3.0613157e-06 1.4712487e-07 0.0033073896 8.743999e-07 7.381846e-07 0.0084424745 9.95285e-08 1.5669728e-05 0.00037709202 1.18568e-06 6.802327e-08 0.009078571 0.00012538921 0.00017680218 1.6816728e-07
0.96264654 0.12188082 0.69817436 0.00032607434 0.0014590959 6.0370066e-16 0.9365999 0.023194978 0.54472697 0.92934424 0.94753253 0.00036889824 0.8225843 0.00014375534 0.0018310068 0.2442733 0.39057112 2.1163314e-06 0.08650543 0.058778737 0.009483262 0.161885 0.51741916 0.06379846 0.103971764 0.46314758 6.67932e-06 0.5945069 2.0244775e-06 0.05558316 0.000108296146 0.005871861 6.8788036e-06 0.0760546 0.007697209 0.01633927 0.031113282 0.01980008 1.531463e-06 7.978033e-05 0.05907281 8.262593e-07 9.1266664e-08 0.010485823 2.3620441e-06 0.0021400382 0.000662762 0.16020559 0.00011668104 0.0025515554 0.0055304375 0.03439205 0.0016457796 0.031364787 3.053599e-09 0.0001841396 2.2279119e-05 0.028484786 4.6315763e-05 4.9293474e-05 3.0491728e-07 0.0041709724 0.11959699 1.1795379e-06 0.00013243324 0.0011626844 6.4445743e-07 3.1627298e-08 4.7968233e-06 2.5543477e-07 0.023887094 0.118149035 0.0050832178 0.008835967 1.3579091e-06 0.0007567582 0.0026286067 1.6877024e-07 0.007698409 1.7256043e-05 0.0055784667 1.4659777e-08 0.0027005572 0.0022690801 0.00019980331 0.0017328449 1.0582423e-09 0.00048247937 0.011358045 0.0005519849 4.6827365e-05 0.0038798084 9.5403455e-05 2.7154583e-05 3.167577e-05 1.40493485e-05 0.0003117485 0.008135243 3.7837333e-06 1.7439335e-05 0.00013486069
0.9696914 0.124418005 0.5786964 0.00021698522 0.0021407218 0.9365999 3.7112555e-16 0.0280929 0.54419583 0.86471653 0.9749781 0.00016697074 0.80600315 0.00010147968 0.0019310563 0.15897623 0.61038136 1.9594363e-06 0.07205422 0.14016509 0.008748651 0.18591547 0.5785479 0.06687567 0.1135808 0.44201282 7.945804e-06 0.59678507 5.657081e-06 0.048579756 6.703209e-05 0.008195691 5.251005e-06 0.09678417 0.01065377 0.016191201 0.07602824 0.044037487 8.564413e-07 3.567657e-05 0.0859032 1.6927471e-06 8.8047955e-08 0.010412028 1.2817618e-06 0.0026694348 0.0006048687 0.46030712 0.00015210082 0.008766085 0.0028510394 0.04360094 0.0013686835 0.060544617 3.5679832e-09 0.00032323517 2.4238409e-05 0.04753083 9.867719e-05 4.4775166e-05 1.09078655e-07 0.004662226 0.19794014 3.9451174e-07 0.000116186246 0.0019381993 3.8257818e-07 1.6333214e-08 3.4106106e-06 1.5459662e-07 0.033424813 0.16400972 0.0056476723 0.0072708367 9.576881e-07 0.00044384375 0.0032003126 1.197757e-07 0.009424091 1.5857357e-05 0.00671083 1.6227077e-08 0.004363395 0.007692174 0.0001575342 0.001840234 1.467258e-09 0.00040284378 0.012519983 0.00029051007 4.831926e-05 0.0058546993 3.963831e-05 4.776648e-05 4.81212e-05 1.5530803e-05 0.00022290183 0.010679786 5.38095e-06 1.1536879e-05 7.766861e-05
0.9863831 0.836185 0.12150342 0.94711435 0.9205299 0.023194978 0.0280929 3.4919794e-16 0.599218 0.0024165313 0.0007251575 0.7455258 0.00077850925 0.2645762 0.10686361 0.0055505526 0.016845793 0.36231038 0.0004781963 0.006171985 0.831401 0.09705446 0.00118795 0.0074114874 5.808833e-05 0.19576682 0.05471563 4.311307e-05 0.02896507 0.048183028 0.11517549 6.9342655e-05 0.034049228 6.964516e-06 3.7742895e-05 0.008443106 0.0034729491 0.00040486228 0.035625856 0.19617918 4.104038e-05 0.0036618456 0.043526955 0.00016380152 0.012177852 0.04732466 0.00032987553 9.704752e-05 6.448338e-05 0.00065350434 3.7030888e-05 7.641369e-06 4.054925e-05 3.324415e-06 0.0010977593 4.36508e-06 0.0023954164 1.7692024e-06 0.0007069369 2.3917544e-06 0.00063158764 0.0018886543 3.1292896e-06 0.0020301114 4.906661e-05 0.006053416 0.00053178746 0.00058739947 0.0006269257 0.0003286678 0.427228 0.032386713 0.008410872 0.3977117 0.008412259 0.071531974 2.8280592e-06 0.0004322476 0.012311241 0.0004973532 3.852923e-06 8.954807e-05 0.046844587 0.0077237575 7.020532e-06 2.6294576e-06 3.5450856e-05 1.9199017e-06 0.008770768 2.9267565e-05 1.5278898e-05 0.0919622 1.4084543e-06 5.138673e-06 5.527231e-06 3.3423711e-07 1.6973023e-06 0.08796747 0.00032368157 0.0001946392 2.8079755e-06
0.99295974 0.886206 0.7565341 0.28807318 0.26404572 0.54472697 0.54419583 0.599218 1.7799941e-16 0.10074231 0.49292406 0.046058536 0.08201098 0.046667207 0.02217578 0.1437349 0.15611088 0.0013582706 0.089599416 0.035774644 0.68164456 0.65529686 0.032074787 0.20006397 0.0030040077 0.82719636 0.0023240298 0.009991558 0.0020685957 0.35159522 0.004601103 0.008181057 0.00039236745 0.00038684267 0.003446264 0.09494715 0.0109279845 0.0017241618 0.0008107809 0.011523092 0.0011982274 3.1008523e-05 9.6603464e-05 0.00033776063 0.000105698426 0.008017428 0.003106968 0.0068330127 0.0015629068 0.0034393314 0.00016485968 0.00017530721 0.0011081104 0.0003989007 2.2558295e-05 0.00013911456 0.0001387936 0.00011805733 0.0005366921 0.0004042932 0.00021729934 0.0026427405 0.00024900242 1.2753439e-05 0.0001646325 0.009204273 6.967568e-05 2.8394974e-05 1.0563473e-06 3.502817e-06 0.6308233 0.32218507 0.038395904 0.13345249 1.8019655e-05 0.0132947005 0.000122937 5.624951e-07 0.03954487 3.9935672e-05 4.4936136e-05 1.817878e-07 0.08561215 0.016646016 6.2144095e-06 4.2631595e-07 1.5845868e-07 3.4574084e-06 0.026213476 8.83399e-06 0.00012230295 0.08408542 1.0822563e-06 1.1186993e-05 0.00011548245 3.6987188e-07 4.5091774e-06 0.054636315 9.948722e-06 4.103326e-05 8.415648e-07
0.9454216 0.09543495 0.8948917 9.073662e-05 0.00065768394 0.92934424 0.86471653 0.0024165313 0.10074231 1.1332863e-16 0.86910003 0.0007698507 0.94480014 2.1164195e-05 0.0010856466 0.14640905 0.41159868 7.574994e-08 0.026540924 0.05474489 0.00096817716 0.045260966 0.8486863 0.019647522 0.252486 0.368145 1.9958554e-07 0.85512865 1.3791806e-07 0.014477723 8.207892e-05 0.002499851 1.1062155e-07 0.09927666 0.007584583 0.0063308896 0.024339607 0.023484087 1.2863691e-07 6.0953076e-05 0.06288208 2.0508999e-08 1.5828217e-08 0.028068883 2.2691034e-07 3.8488146e-05 0.0011315042 0.035547923 0.00016271477 0.002296561 0.011011803 0.02646648 0.0006724196 0.0062664784 3.5006123e-10 0.0003158908 1.4538163e-06 0.019170186 4.6866166e-06 0.00015116304 3.664229e-08 0.0007970189 0.05636924 8.943788e-09 0.00047548598 0.00026042524 7.800334e-08 2.7867854e-08 8.969674e-08 2.5404866e-08 0.012751081 0.070161894 0.0017843859 0.004249108 8.3704045e-08 0.00019435427 0.0015895361 2.0581847e-08 0.006019113 1.9322727e-06 0.003777507 3.0999098e-10 0.0021007415 0.0023499755 0.0001780606 0.0013106922 1.0116982e-09 0.0003409354 0.011238193 0.0009258834 2.350464e-05 0.0033811273 0.00014490727 2.0325017e-06 2.2679799e-06 8.095435e-07 2.9675548e-05 0.0057627847 1.6440373e-06 2.7698304e-06 3.478249e-05
0.9359706 0.03161829 0.43501145 6.347254e-06 0.0001009459 0.94753253 0.9749781 0.0007251575 0.49292406 0.86910003 1.4070105e-18 5.3509216e-06 0.57196367 6.091649e-06 0.0001997416 0.7140565 0.03892691 1.9619042e-08 0.6087864 0.0037046855 0.00068114384 0.48493364 0.17368458 0.4175546 0.027353575 0.5869012 5.417777e-08 0.49279037 2.3774568e-08 0.169912 9.533456e-06 0.3258711 3.6688448e-08 0.005162743 0.5647184 0.08565604 0.0017852752 0.002465237 5.3595727e-08 1.0150643e-05 0.006103216 8.68674e-09 3.4928576e-09 0.0038419336 4.735195e-08 8.676851e-06 0.051411327 0.2339267 0.015061809 2.4424227e-05 0.00016516875 0.0016804833 0.05502846 0.017973324 2.785523e-10 0.010052384 6.990881e-08 0.0033032286 2.1270453e-06 0.0017979454 3.0924114e-09 4.734042e-05 0.0440589 4.049437e-09 0.0030537012 0.017424747 3.7488332e-09 3.5202325e-09 2.8454489e-08 9.686416e-09 0.078104146 0.11534248 0.017807055 0.00426737 3.4068556e-08 0.00045049377 0.0062105507 7.173433e-08 0.0235591 2.3388496e-07 0.008439001 1.4617202e-11 0.037622526 0.08646757 5.082934e-06 0.00026416883 1.0636366e-10 0.0011438234 0.025860475 0.0010166789 0.000117071715 0.05820368 2.4186871e-05 5.5436675e-07 1.6262237e-07 2.0116951e-07 0.00019316521 0.013849757 1.8798868e-07 2.4130975e-07 0.00011812063
0.99241924 0.38282993 0.020020543 0.8970575 0.8945031 0.00036889824 0.00016697074 0.7455258 0.046058536 0.0007698507 5.3509216e-06 6.464538e-14 0.00075501157 0.64274263 0.47470215 1.34386355e-05 0.010039918 0.901767 2.1805229e-06 0.0023375768 0.8098571 0.00026403507 4.4518078e-05 5.092269e-06 1.2915714e-05 0.009151289 0.41280517 3.463329e-06 0.4976506 0.0012367844 0.23549135 4.481827e-07 0.18310623 4.267327e-06 2.1936694e-06 0.00023059089 0.00068099314 0.0003463808 0.10344325 0.17578758 1.5440943e-06 0.03980745 0.0892908 0.00012503515 0.023784721 0.53013366 5.405821e-07 4.786402e-07 9.9862596e-08 6.252524e-05 4.4149736e-05 2.1369808e-05 8.084987e-07 2.399965e-07 0.00823254 1.0898176e-07 0.06635402 1.949786e-06 0.004808024 3.8224393e-08 0.0028888762 0.0023397421 2.3036611e-07 0.011447618 3.6452496e-07 3.8892955e-05 0.0005987287 0.0010537289 0.016385349 0.007959741 0.3083677 0.03566784 0.0009651019 0.29696834 0.009416146 0.05797462 9.2711025e-07 0.0037144283 0.0021501195 0.0028688195 6.326806e-07 0.00038305938 0.016100388 8.9154564e-05 7.5982043e-06 1.3113972e-06 4.003772e-05 5.2695333e-07 0.005497792 8.596741e-06 1.4346689e-06 0.059197403 3.5680569e-06 1.9768102e-05 1.40189e-05 4.9809764e-06 2.7665885e-06 0.10107471 0.0016489837 0.0003153259 4.353024e-06
0.97027475 0.040441614 0.7508126 6.8359e-05 0.00028848447 0.8225843 0.80600315 0.00077850925 0.08201098 0.94480014 0.57196367 0.00075501157 2.101438e-16 9.089758e-06 0.0007170028 0.14023493 0.5396868 8.287242e-08 0.004773816 0.086174525 0.000504725 0.038361292 0.9502657 0.0114179505 0.44765112 0.3702386 1.3277854e-07 0.8860465 1.0418388e-07 0.004222602 4.1831598e-05 0.0001536374 6.1648905e-08 0.41503817 0.0003911131 0.0029862085 0.102615796 0.10242137 4.690403e-08 3.1684299e-06 0.3258694 5.9412933e-08 1.8005841e-09 0.07488336 1.597173e-07 0.0002289149 0.00014623835 0.021735907 1.6133517e-05 0.0143247135 0.056306086 0.2991572 7.5543074e-05 0.005244289 1.437808e-10 2.0095802e-05 8.375894e-07 0.13506687 1.2328117e-05 1.5243749e-05 1.594737e-08 0.0033441812 0.111683615 2.1402998e-08 3.5965608e-05 4.1491414e-05 1.4061477e-07 1.1944393e-08 1.5024442e-07 1.5387009e-08 0.004143837 0.075463876 0.00074955233 0.002626875 3.0724532e-08 0.0001362782 0.0005965128 2.2677762e-08 0.0020714414 1.708055e-06 0.0021543354 1.167424e-09 0.0004810278 0.00027311753 0.0012067779 0.005740107 4.7141415e-09 9.4315896e-05 0.006030078 0.00031171404 5.505741e-06 0.0007862132 0.00042756821 3.805341e-06 2.6792588e-06 2.6828538e-06 1.1141021e-05 0.003458116 8.697807e-07 3.398591e-06 9.362517e-06
0.8659523 0.5704806 0.0028819502 0.8596476 0.85179716 0.00014375534 0.00010147968 0.2645762 0.046667207 2.1164195e-05 6.091649e-06 0.64274263 9.089758e-06 1.0747962e-17 0.986805 7.060458e-07 0.002199209 0.18235846 3.119839e-07 0.023526601 0.027453383 3.2697848e-05 2.6577105e-05 3.3284311e-06 2.2914992e-06 0.0015847865 0.27667946 4.665699e-07 0.63936377 7.490296e-05 0.022253374 4.6413302e-07 0.086373076 3.5169692e-06 1.6337943e-07 5.562722e-05 0.01368775 0.0010471632 0.0005860929 0.003958248 8.886781e-07 0.02891407 0.00019021943 1.754707e-05 0.006802201 0.7413487 4.1569635e-07 4.0019774e-09 4.126746e-09 0.02460087 1.3174996e-06 4.8144443e-08 1.996117e-08 4.457978e-08 4.6710058e-05 5.790348e-09 0.3337752 9.101994e-09 0.091449656 4.100923e-09 2.0979955e-05 0.083768584 5.851422e-09 0.0006570257 9.503762e-08 5.880916e-07 6.1409235e-05 4.5002613e-05 0.04751984 0.0002859459 0.009133833 0.021630662 4.6246998e-05 0.033300396 1.3477499e-05 0.0035177933 6.1821176e-08 0.0046317624 0.0001663247 0.013728844 6.126173e-08 4.750984e-07 0.00019424681 7.1699964e-07 7.97731e-07 2.8707143e-09 1.3351652e-07 2.0069657e-09 0.0019879066 1.6915955e-07 2.8345974e-07 0.0005099758 1.6185071e-08 2.0812064e-05 0.0021955355 1.2760611e-06 6.7555304e-09 0.0030979484 0.00024285112 7.68803e-05 5.1678253e-08
0.760845 0.8167951 0.012078994 0.7278746 0.86972654 0.0018310068 0.0019310563 0.10686361 0.02217578 0.0010856466 0.0001997416 0.47470215 0.0007170028 0.986805 1.1081068e-16 0.00013120928 0.016674997 0.05449091 7.2433846e-05 0.20335084 0.0058760056 0.0006566536 0.0011279946 0.00016607111 0.00010106255 0.00700487 0.1807239 8.474167e-05 0.49515623 0.00033468197 0.011512838 1.6423599e-05 0.0492395 8.2534425e-05 1.5632637e-05 0.00035896804 0.08880539 0.00694308 0.00012900359 0.0009991358 9.002733e-05 0.029168295 6.1220424e-05 0.0010837892 0.0052759275 0.76051563 4.461013e-05 1.049467e-06 2.0710324e-06 0.12304128 0.00035071708 4.5046045e-06 4.5695347e-07 3.6595359e-06 1.3558279e-05 2.3467335e-06 0.44595 6.616697e-07 0.1555908 1.1223893e-07 1.3357575e-05 0.26206344 2.0564914e-06 0.00030718706 2.4708443e-06 3.1764323e-06 1.8370103e-05 9.065286e-06 0.020861715 0.00011774217 0.009878751 0.07727093 0.00013761359 0.0181396 1.6824308e-06 0.0034718974 9.381716e-06 0.0021571948 0.0006668589 0.028921356 2.5480642e-06 9.76567e-08 0.00030397964 4.5488237e-06 0.00013539717 4.914901e-08 2.4415328e-07 4.2194895e-08 0.0028295144 8.374649e-07 1.7420841e-06 0.0005676026 8.8712005e-07 0.0006274739 0.005440632 2.9298091e-05 1.0387257e-07 0.0021544893 0.00012565545 4.240594e-05 1.3562727e-07
0.9943979 0.0057287486 0.048380524 1.2302618e-05 0.00010049655 0.2442733 0.15897623 0.0055505526 0.1437349 0.14640905 0.7140565 1.34386355e-05 0.14023493 7.060458e-07 0.00013120928 3.7250178e-14 0.13404854 6.017118e-07 0.94604564 0.005916901 0.019846259 0.8145001 0.04671372 0.82448757 0.0090248 0.71440554 2.7960056e-07 0.1831282 9.4040877e-07 0.4447332 3.657985e-05 0.49572885 3.7428214e-07 0.0032442806 0.6631102 0.29333627 0.00036533255 0.00036760076 1.677453e-06 1.1725299e-05 0.0014602032 4.3294935e-07 3.1209325e-08 0.00011287952 6.6215136e-07 5.6911205e-05 0.072197676 0.5758565 0.043194983 8.60746e-05 1.1858616e-05 0.00040035657 0.20678616 0.2093485 1.0293328e-09 0.09103944 6.2771783e-06 0.0042666965 6.209034e-05 0.022368085 4.5303955e-07 0.0015772016 0.06286802 1.1230182e-08 0.0050886697 0.010203419 8.5455423e-07 1.1368484e-07 2.0635808e-07 4.1549043e-08 0.18614982 0.28279248 0.037228543 0.0057615153 1.5865766e-07 0.0006342275 0.023234619 3.507567e-08 0.037927497 1.0518644e-05 0.008127895 4.3109982e-09 0.030025775 0.022085859 1.2962915e-05 0.00021990442 6.431926e-09 0.0025073863 0.034649633 0.00026995878 0.008111437 0.018167352 8.271336e-07 1.7703662e-05 9.419351e-06 1.3450106e-06 0.005145323 0.019582633 1.650707e-07 2.003964e-06 9.7665135e-05
0.97516465 0.501055 0.7272864 0.016197583 0.008142469 0.39057112 0.61038136 0.016845793 0.15611088 0.41159868 0.03892691 0.010039918 0.5396868 0.002199209 0.016674997 0.13404854 1.7350718e-14 4.8932375e-06 0.0010531321 0.9951448 0.0055990503 0.034461558 0.44354597 0.0041990657 0.033242974 0.3557222 4.29353e-06 0.02031348 7.295145e-06 0.0064057144 0.00041131757 0.00024449782 1.2752752e-06 0.027918527 7.449e-05 0.002922995 0.49581784 0.33107764 2.2969493e-06 2.2345188e-05 0.36864546 5.058494e-06 2.763236e-07 0.33787414 6.873271e-07 0.0037237387 3.641386e-05 0.0005916977 1.0188506e-05 0.1486278 0.09995318 0.1004619 4.6267603e-05 0.000324743 7.7422957e-10 1.4831416e-05 3.150598e-06 0.0025470904 0.00025235527 2.3240618e-05 1.9090481e-07 0.020945348 0.0015116368 4.4197105e-08 1.0741368e-05 3.6768684e-05 2.924979e-07 1.3638903e-07 9.33734e-07 1.2775045e-07 0.030228004 0.20349368 0.0019450022 0.006961476 3.2180182e-08 0.002106907 2.2318865e-05 1.2126406e-08 0.004632275 7.3128244e-06 2.3608765e-05 1.9217306e-09 0.0006155503 0.00027938906 0.011545141 0.00020570861 8.723301e-09 1.3197581e-06 0.01805746 8.785782e-06 2.2675797e-06 0.0017499586 0.000104191284 0.0002762811 5.2790958e-05 4.953669e-05 1.7229002e-06 0.014708084 2.5488362e-07 4.116739e-05 1.2382052e-06
0.8871436 0.001029738 2.4503152e-05 0.1610792 0.110062145 2.1163314e-06 1.9594363e-06 0.36231038 0.0013582706 7.574994e-08 1.9619042e-08 0.901767 8.287242e-08 0.18235846 0.05449091 6.017118e-07 4.8932375e-06 5.640135e-15 1.3752431e-07 4.7551996e-05 0.42970142 2.0472331e-05 4.3655314e-07 1.4412597e-06 2.4814991e-08 0.00029266378 0.89742905 1.807615e-08 0.7798085 7.3566616e-06 0.895106 1.3923487e-07 0.852497 3.5528836e-07 7.754097e-08 3.0301317e-06 6.425072e-05 1.1498704e-06 0.6567007 0.6373453 1.6805688e-08 0.61667544 0.48278925 1.0442422e-07 0.8860076 0.19083485 1.9503541e-07 1.7224155e-08 3.3489407e-09 2.4634834e-05 1.03291136e-07 1.0888284e-07 4.8909303e-09 3.114314e-08 0.6270001 3.6364545e-09 0.12170086 2.4909107e-07 0.0018004145 2.5875846e-09 0.0026447172 0.00043881405 3.3985742e-08 0.44910365 5.6844996e-08 3.407699e-07 0.0010467554 0.004171871 0.1477617 0.30043402 0.08520687 0.0041610394 1.7617545e-05 0.30609703 0.045943018 0.043190267 1.344282e-08 0.11330101 4.1037092e-05 0.0023718274 9.787595e-09 0.0008909694 0.0023644613 6.5411973e-06 4.954722e-09 7.279754e-09 0.00013560742 1.7191653e-09 0.0004999358 3.637025e-08 1.2329076e-06 0.009595852 6.547388e-08 1.7494135e-07 2.2000228e-05 2.217986e-09 1.3133896e-08 0.02427839 0.14419858 0.001188837 1.04842455e-08
0.9650368 0.00015573452 0.004823448 2.2256959e-06 1.0875479e-05 0.08650543 0.07205422 0.0004781963 0.089599416 0.026540924 0.6087864 2.1805229e-06 0.004773816 3.119839e-07 7.2433846e-05 0.94604564 0.0010531321 1.3752431e-07 1.362065e-15 0.00018873911 0.0013115325 0.60450083 0.0012297612 0.89770675 0.00097407255 0.4875936 3.6814328e-07 0.039899275 9.775198e-07 0.3041899 3.6114586e-06 0.939868 6.3055904e-07 0.0004879882 0.61482304 0.38140395 1.172842e-05 1.9195566e-05 1.041174e-06 2.3316886e-06 5.9909908e-05 5.076788e-07 2.9822434e-08 1.790065e-05 4.8344015e-07 3.2382744e-05 0.37603995 0.1865819 0.37828776 1.5916217e-05 1.3451098e-05 1.5887403e-05 0.51768565 0.024880698 1.853972e-08 0.13126118 1.6016134e-05 0.00014646097 0.00028334613 0.024452215 2.6458142e-07 0.0011231663 0.008123106 1.6272865e-07 0.07522553 0.124684334 7.807475e-07 3.3844867e-07 9.755055e-07 5.7295017e-07 0.028293267 0.112731256 0.04827261 0.0016965388 1.2731734e-07 0.00013920029 0.011015915 1.5151866e-06 0.062579975 0.00017001682 0.0039176303 2.0263788e-09 0.016783157 0.21670774 5.017138e-06 6.0532522e-05 6.520901e-09 0.0037772744 0.036921114 0.0009531543 0.004534582 0.017055877 2.3978869e-06 0.00016078429 8.143606e-05 6.221208e-07 0.0028875708 0.007606844 4.9755686e-06 1.4503639e-06 0.00060306245
0.6709692 0.55402 0.2547827 0.013646483 0.01755215 0.058778737 0.14016509 0.006171985 0.035774644 0.05474489 0.0037046855 0.0023375768 0.086174525 0.023526601 0.20335084 0.005916901 0.9951448 4.7551996e-05 0.00018873911 4.2491e-14 0.0013361705 0.001673991 0.13482769 0.000298417 0.011023718 0.02196747 9.332107e-05 0.0028579554 0.00020424309 0.00034930612 0.00020793386 2.7794535e-05 9.368877e-06 0.006090389 1.2242285e-05 0.0001451993 0.91297495 0.89758015 1.3088828e-05 4.726551e-06 0.45198146 1.8108185e-05 2.833034e-06 0.6903169 8.607193e-06 0.010131601 2.0870977e-05 5.993174e-05 2.240608e-06 0.4904225 0.6032821 0.05684665 6.0016987e-06 5.2393418e-05 2.1911308e-08 3.0700662e-06 0.00017313268 0.00015087456 0.0013844374 3.3819927e-07 4.428176e-07 0.10643358 7.076705e-05 5.0881016e-07 5.8067116e-07 1.3054016e-06 2.3355408e-06 1.5660055e-06 1.941827e-06 6.525213e-07 0.001809038 0.030640287 7.794137e-05 0.0022205578 2.883282e-08 0.00042656835 5.14705e-06 4.0316984e-08 0.0005485704 4.318253e-05 6.813273e-06 1.9312363e-09 0.0001376409 3.702365e-05 0.026908858 1.110549e-06 2.6824239e-08 1.5039724e-07 0.0011400721 2.3130094e-06 1.0482771e-05 0.00029586352 3.194826e-05 0.0007734965 8.104627e-05 0.00044190598 1.4908588e-07 0.0022265932 5.153455e-06 4.0270163e-05 3.4714813e-07
0.96555907 0.17564611 0.052693408 0.503076 0.24025829 0.009483262 0.008748651 0.831401 0.68164456 0.00096817716 0.00068114384 0.8098571 0.000504725 0.027453383 0.0058760056 0.019846259 0.0055990503 0.42970142 0.0013115325 0.0013361705 3.1456332e-15 0.180953 0.0008671512 0.009276728 5.6344084e-06 0.44747692 0.029444031 4.5801058e-05 0.009477037 0.14994082 0.9620224 0.00019801073 0.024466727 7.907418e-06 8.711937e-05 0.024456995 0.00075693906 4.0130493e-05 0.23580904 0.58929926 1.5160032e-06 0.0033926375 0.31549677 2.3565315e-06 0.020365722 0.00896994 0.00044128922 0.00015668647 7.529199e-05 0.00046993053 5.9420387e-07 3.8488403e-07 2.1808482e-05 3.244709e-06 0.00579326 2.8918794e-06 0.0010287956 4.86543e-06 0.00033103244 4.164205e-07 0.033355575 0.001277874 1.3338609e-05 0.00478249 5.4736034e-07 0.01315521 0.0029125742 0.0027879511 0.0009199372 0.00088329 0.75752544 0.021073457 0.013148857 0.69956666 0.015513618 0.054195 1.8551375e-06 0.00025356605 0.013245258 0.0001149022 1.7536682e-05 0.0003594255 0.15241437 0.011301245 5.969951e-07 1.0926841e-06 0.00019085995 6.1626656e-07 0.0015443243 1.0378736e-06 1.4979462e-07 0.1741822 6.340127e-08 1.919965e-05 1.4775679e-05 4.3541388e-07 2.2827146e-07 0.106432624 0.0003679673 0.00081873935 3.0364976e-07
0.9747603 0.037732378 0.07126802 0.0003967244 0.0020635193 0.161885 0.18591547 0.09705446 0.65529686 0.045260966 0.48493364 0.00026403507 0.038361292 3.2697848e-05 0.0006566536 0.8145001 0.034461558 2.0472331e-05 0.60450083 0.001673991 0.180953 3.4773966e-16 0.0067979763 0.9155332 0.0015539551 0.90742886 1.8324984e-06 0.028512 2.0799055e-06 0.8204122 0.00021881223 0.27999896 6.2678287e-06 0.00043475916 0.12683386 0.6934291 5.5656677e-05 7.7074474e-05 2.6586533e-05 9.0669666e-05 0.0006207678 1.4696444e-07 6.387389e-07 0.00018952554 1.0318101e-06 0.00013902476 0.2138698 0.20028874 0.193228 5.3465224e-05 0.0001348742 0.0001616721 0.058613174 0.009202448 1.04672466e-07 0.00946989 2.4815417e-06 0.00025252643 9.0302485e-05 0.014826396 1.0681954e-05 0.00067441474 0.002297531 3.9521555e-07 0.0049609286 0.16950971 1.9736465e-06 7.034177e-08 1.2953065e-07 1.3534185e-07 0.26688766 0.3715818 0.051479943 0.0062503153 1.842913e-07 0.00048170149 0.003061745 7.06796e-08 0.06493917 2.1329333e-05 0.0005988092 1.2828812e-09 0.024230419 0.044473756 9.722293e-06 9.963573e-06 4.442299e-09 0.00022081439 0.0262846 6.620547e-05 0.0020039242 0.008588732 5.6298563e-07 2.7148448e-05 5.343815e-05 4.6514907e-07 0.0005216677 0.005721061 2.5126005e-07 6.105323e-06 1.3059577e-05
0.84724 0.02455362 0.46140808 0.0001498986 0.00080775586 0.51741916 0.5785479 0.00118795 0.032074787 0.8486863 0.17368458 4.4518078e-05 0.9502657 2.6577105e-05 0.0011279946 0.04671372 0.44354597 4.3655314e-07 0.0012297612 0.13482769 0.0008671512 0.0067979763 6.578277e-17 0.002050509 0.9729206 0.06707857 9.6814524e-08 0.94007766 2.7046951e-08 0.0011545774 3.342617e-05 0.00016876761 1.2015532e-07 0.8737444 0.00014599533 0.0010620405 0.026232013 0.077876754 3.9608227e-07 2.7956285e-06 0.55851626 2.0545723e-08 4.175439e-09 0.2476075 1.4022669e-07 1.9312165e-05 3.0436295e-05 0.0025134506 1.1966308e-06 0.0024896904 0.049831316 0.5469754 1.49172365e-05 0.003217887 2.2112474e-10 2.5891216e-06 1.9477166e-07 0.21932922 1.3095064e-06 6.148148e-07 3.019879e-08 0.00022887978 0.08936963 3.4030954e-08 5.975573e-07 2.1178314e-06 1.298552e-07 8.516615e-08 2.5344029e-08 1.8805412e-07 0.0012179554 0.029216714 0.00016536484 0.0012704022 6.404019e-08 0.00024073935 0.00012961809 3.9738513e-08 0.00034538526 2.4606211e-07 0.00057958654 7.5320955e-10 0.00017294157 5.1626263e-05 0.0018822037 0.04453337 3.851366e-09 1.3980396e-05 0.0027885363 0.00014121113 1.8554207e-06 0.00040154753 0.0058656847 6.2156546e-06 1.8905365e-06 5.2673854e-06 2.3023686e-06 0.0015754314 1.1891498e-06 4.5054312e-05 8.409066e-06
0.9805642 0.0041256314 0.026513202 4.8500286e-05 0.00039155537 0.06379846 0.06687567 0.0074114874 0.20006397 0.019647522 0.4175546 5.092269e-06 0.0114179505 3.3284311e-06 0.00016607111 0.82448757 0.0041990657 1.4412597e-06 0.89770675 0.000298417 0.009276728 0.9155332 0.002050509 1.3678342e-15 0.00063234795 0.50483763 3.0959325e-07 0.0190839 8.960402e-07 0.60818404 6.571472e-06 0.53428835 4.7381292e-07 0.00034977862 0.21582939 0.854538 2.3417535e-05 2.2176202e-05 5.7540146e-06 2.919919e-06 8.4191895e-05 1.3140982e-07 1.2211373e-07 1.2312291e-05 3.7903732e-07 3.6545123e-05 0.44776654 0.20037985 0.60004926 1.6889326e-05 1.0532205e-05 3.810478e-05 0.15924151 0.015844893 8.364287e-09 0.037271433 9.236565e-06 4.4533877e-05 0.00014082852 0.070756026 3.679743e-06 0.0010748146 0.00290768 3.267548e-08 0.014059585 0.50652355 1.8470452e-06 4.1154763e-08 2.7429354e-07 5.226451e-07 0.0788714 0.26409507 0.12913136 0.0027946823 6.067287e-08 3.099655e-05 0.0029441805 1.7987529e-07 0.11343815 5.0400628e-05 0.00040715083 2.5818165e-09 0.036116667 0.2837982 1.6024696e-06 7.3611113e-06 6.94696e-09 0.00070798304 0.046283986 0.00010664026 0.005463888 0.019716583 2.0199184e-06 4.273214e-05 1.5136233e-05 1.0337169e-06 0.0011357308 0.0045220912 3.8939606e-07 2.1359313e-07 3.1662265e-05
0.24106114 0.0011323991 0.014905448 1.3421435e-05 3.0106816e-05 0.103971764 0.1135808 5.808833e-05 0.0030040077 0.252486 0.027353575 1.2915714e-05 0.44765112 2.2914992e-06 0.00010106255 0.0090248 0.033242974 2.4814991e-08 0.00097407255 0.011023718 5.6344084e-06 0.0015539551 0.9729206 0.00063234795 2.5073327e-16 0.014488636 8.0155736e-08 0.93916917 8.554202e-09 0.00033857333 1.7452086e-06 0.00024187504 1.358919e-07 0.9880963 0.00129155 0.00027487034 0.00057897775 0.002351122 3.3879033e-07 1.5872199e-07 0.08202682 1.5453088e-09 4.6709986e-10 0.017484756 1.2638047e-08 5.9455165e-06 4.7260757e-05 0.0032558509 5.17825e-06 0.00010176354 0.003346665 0.2540026 6.148483e-05 0.0025817011 4.0020134e-10 4.7349542e-05 1.3347669e-07 0.18670104 1.4923951e-07 1.9148703e-05 2.9798994e-09 1.0815583e-05 0.182249 1.0456706e-08 9.248976e-06 9.893972e-07 3.4432939e-09 5.7404455e-09 1.7847642e-08 1.4377957e-08 0.0002987929 0.0032383192 4.139265e-05 0.00010059263 1.0794792e-08 2.6961055e-05 0.0006542065 1.3036262e-08 0.00025820028 1.3920645e-07 0.0028867254 9.929664e-11 9.1922186e-05 4.0610535e-06 6.224134e-05 0.04942038 4.2304446e-10 0.00015415931 0.0005582987 0.0018072043 3.0624428e-06 0.0003085111 0.009268058 4.99513e-07 3.722023e-07 6.575557e-07 1.1728721e-05 0.0009637668 8.104928e-07 7.1487866e-06 2.0464835e-05
0.9986054 0.24191861 0.36665803 0.007829058 0.013179087 0.46314758 0.44201282 0.19576682 0.82719636 0.368145 0.5869012 0.009151289 0.3702386 0.0015847865 0.00700487 0.71440554 0.3557222 0.00029266378 0.4875936 0.02196747 0.44747692 0.90742886 0.06707857 0.50483763 0.014488636 1.945276e-14 2.5593756e-05 0.23437768 5.453091e-05 0.8199905 0.001542777 0.34258267 3.5470504e-05 0.0023901062 0.22927612 0.28872156 0.0032956002 0.0013121974 7.73113e-05 0.00230005 0.00146262 5.945573e-06 6.1765772e-06 0.00049556204 8.461564e-06 0.0042022127 0.079522945 0.47341627 0.12434861 0.0012509384 0.0003127064 0.0008827489 0.09138095 0.09857948 1.5065657e-06 0.024587026 4.1514922e-05 0.0011731156 0.00051303784 0.025343591 8.957352e-05 0.0047691134 0.008382601 1.0255673e-05 0.0017355671 0.005563108 7.4089885e-06 4.3621753e-06 2.7713447e-06 7.615775e-06 0.68245757 0.7558953 0.03236033 0.053888902 2.3452992e-06 0.0039844713 0.01283062 2.253169e-06 0.063246846 0.00032854185 0.0014046776 2.4030044e-07 0.14362495 0.009981748 0.00024502745 0.00013577733 5.201475e-07 0.00030157983 0.0616948 0.00013453262 0.0061424053 0.05379314 1.0319633e-05 0.000292384 0.00038533358 1.5506192e-05 0.0015593523 0.023320228 1.6197231e-05 6.267999e-05 7.7142206e-05
0.5868854 0.0021593727 4.8046408e-05 0.3144572 0.11711438 6.67932e-06 7.945804e-06 0.05471563 0.0023240298 1.9958554e-07 5.417777e-08 0.41280517 1.3277854e-07 0.27667946 0.1807239 2.7960056e-07 4.29353e-06 0.89742905 3.6814328e-07 9.332107e-05 0.029444031 1.8324984e-06 9.6814524e-08 3.0959325e-07 8.0155736e-08 2.5593756e-05 6.5638415e-16 4.9580144e-08 0.9959452 1.7644299e-05 0.035861827 1.942053e-08 0.8344194 1.6547074e-07 2.619486e-08 4.003098e-06 0.00010020389 2.8590084e-06 0.008443892 0.012338686 1.2373499e-07 0.7689153 0.010668009 1.3743587e-06 0.17936938 0.10898252 5.8617463e-08 1.4143632e-08 1.7147844e-08 3.334177e-05 3.0838035e-07 1.8441366e-07 1.09538576e-07 5.3667538e-08 0.013969801 7.1271046e-08 0.107356355 1.3205242e-07 0.0018040944 7.132108e-08 9.2271934e-05 0.0008885184 1.2937941e-09 0.05207118 1.6549788e-07 1.3343056e-06 8.5096384e-05 0.0001845517 0.13225934 0.021945147 0.009806671 0.0032428172 6.174025e-05 0.027152335 0.0004160577 0.006472344 3.3712325e-08 0.03144851 0.00021237133 0.0042549963 4.4543153e-08 1.6094806e-05 0.0007488378 6.4661926e-06 2.5814387e-08 5.2537242e-08 4.5335873e-06 2.1619426e-08 0.0008850484 1.7426905e-06 8.622877e-06 0.0016946056 1.4082454e-07 7.128342e-06 0.00035935247 7.655793e-07 2.9494467e-07 0.005458409 0.019004732 0.0002989802 1.491188e-06
0.85207283 0.0008575853 0.049864817 2.5306258e-06 3.0651703e-05 0.5945069 0.59678507 4.311307e-05 0.009991558 0.85512865 0.49279037 3.463329e-06 0.8860465 4.665699e-07 8.474167e-05 0.1831282 0.02031348 1.807615e-08 0.039899275 0.0028579554 4.5801058e-05 0.028512 0.94007766 0.0190839 0.93916917 0.23437768 4.9580144e-08 3.346052e-18 3.295997e-08 0.0075976076 5.504131e-07 0.017855767 2.3759744e-08 0.96866935 0.0648127 0.004137511 0.00022894789 0.0040222113 1.3974277e-07 1.919366e-07 0.086424015 1.8713482e-08 2.573959e-09 0.034404255 3.3193903e-08 3.6392402e-07 0.0020184743 0.28525722 0.00032576724 4.730454e-05 0.0019608068 0.18567848 0.0025843838 0.2485318 1.2944877e-09 0.003590288 4.3558806e-08 0.64418256 6.6593833e-07 0.00028097007 2.6303102e-08 2.273673e-06 0.87571 5.3335786e-08 0.0008834446 0.00020921086 9.985841e-08 6.374795e-08 8.85199e-09 2.9031924e-08 0.005151025 0.028929144 0.0011226132 0.0007924249 3.4624534e-08 0.00034493022 0.090193234 3.798057e-08 0.0033338687 1.1831092e-08 0.23165403 4.183528e-10 0.0009928369 0.00091224036 0.00016613163 0.16347212 2.5325156e-10 0.014123598 0.0070548733 0.039429296 0.0008570886 0.0013505144 0.012850653 8.8911116e-07 1.5021621e-07 3.2075965e-07 0.00054521445 0.004519411 1.1181858e-06 2.8241877e-05 0.0032505672
0.7887872 0.0032518075 6.473087e-05 0.43214005 0.15157 2.0244775e-06 5.657081e-06 0.02896507 0.0020685957 1.3791806e-07 2.3774568e-08 0.4976506 1.0418388e-07 0.63936377 0.49515623 9.4040877e-07 7.295145e-06 0.7798085 9.775198e-07 0.00020424309 0.009477037 2.0799055e-06 2.7046951e-08 8.960402e-07 8.554202e-09 5.453091e-05 0.9959452 3.295997e-08 3.350694e-15 1.7238495e-05 0.081554286 5.8536244e-08 0.72528267 2.5410742e-07 4.5193482e-07 1.3540446e-05 7.886335e-05 6.6340726e-07 0.0010613378 0.0016106529 5.7042232e-08 0.6937146 0.0028133153 3.664483e-07 0.10917175 0.6774529 2.3354038e-07 2.9747829e-09 2.2238751e-08 5.3433723e-05 1.2184803e-07 1.6398087e-07 1.905962e-08 4.188203e-08 0.0019324545 1.5906453e-08 0.70895946 3.121397e-08 0.023244288 2.9157784e-08 3.748514e-06 0.0021729097 4.623491e-09 0.11967505 6.5122535e-08 1.1579333e-06 4.313406e-06 2.1592941e-05 0.67447215 0.065398246 0.0029101088 0.021329483 2.1030135e-05 0.02106165 7.458486e-06 0.0027573083 3.5580836e-08 0.25031048 0.00031255707 0.034069106 2.3713238e-07 1.3002868e-07 0.0001197084 1.6905085e-05 6.186045e-08 2.2197995e-07 6.041308e-07 1.04691054e-07 0.000716542 4.4548083e-06 8.482459e-06 0.00038327297 2.044057e-07 9.567657e-06 0.00088759395 1.0968258e-06 1.18112006e-07 0.002939809 0.027249468 0.00017959069 6.68235e-07
0.9842714 0.030327572 0.031112742 0.00094636966 0.002051354 0.05558316 0.048579756 0.048183028 0.35159522 0.014477723 0.169912 0.0012367844 0.004222602 7.490296e-05 0.00033468197 0.4447332 0.0064057144 7.3566616e-06 0.3041899 0.00034930612 0.14994082 0.8204122 0.0011545774 0.60818404 0.00033857333 0.8199905 1.7644299e-05 0.0075976076 1.7238495e-05 5.5432716e-16 0.00026444183 0.122319676 7.1408213e-06 0.00017855185 0.04372503 0.97472525 3.439559e-05 2.0298878e-05 6.832413e-05 0.0018489965 3.7716913e-05 1.7253063e-07 1.7442178e-05 8.847995e-06 4.0577856e-06 0.0002951421 0.09769641 0.030705249 0.19483586 2.9033434e-05 1.9104843e-06 2.7582628e-05 0.026519626 0.0020241993 3.8879474e-08 0.002736704 1.6924629e-06 2.8854565e-05 9.722919e-05 0.037440524 9.37141e-05 0.0013190699 0.00029120132 1.9692263e-06 0.0054337387 0.20634224 2.776367e-05 8.43441e-07 1.15046205e-07 7.911151e-08 0.72013426 0.6401048 0.21839912 0.032552302 1.4206223e-06 0.0010914413 0.00067388854 4.9587328e-08 0.2370632 4.3725897e-05 6.203086e-05 1.628642e-07 0.45607287 0.078802384 1.41665e-06 1.3621764e-06 3.531593e-08 3.122816e-05 0.061366107 5.5305507e-05 0.0011858934 0.09100834 4.5755522e-07 4.3523414e-05 4.183818e-05 2.2016525e-06 0.00011006096 0.020513209 4.983668e-07 3.2657055e-05 1.9155445e-05
0.9929468 0.010861591 0.0020557574 0.051328912 0.032357972 0.000108296146 6.703209e-05 0.11517549 0.004601103 8.207892e-05 9.533456e-06 0.23549135 4.1831598e-05 0.022253374 0.011512838 3.657985e-05 0.00041131757 0.895106 3.6114586e-06 0.00020793386 0.9620224 0.00021881223 3.342617e-05 6.571472e-06 1.7452086e-06 0.001542777 0.035861827 5.504131e-07 0.081554286 0.00026444183 1.7513446e-13 4.9503626e-07 0.07912856 1.0364508e-05 2.5747538e-06 9.250983e-05 0.00016422651 4.1034393e-05 0.6072768 0.88004416 8.8115036e-07 0.05443719 0.28857723 3.0668123e-06 0.15487933 0.017433066 2.261041e-06 4.0536528e-07 1.9350102e-07 0.00016303523 1.0769384e-06 1.6477007e-06 3.224304e-08 8.187272e-08 0.22145677 1.0014809e-08 0.0018058991 6.1988426e-06 0.0005605256 3.3061845e-08 0.034923065 0.0013181532 1.5082506e-06 0.18681836 1.2819377e-08 5.0726263e-05 0.002709912 0.0075386297 0.0073517216 0.17091548 0.22992784 0.002349749 0.00018935933 0.22491603 0.015015485 0.046097912 1.7188745e-08 0.012264635 0.0003095875 0.0012602075 4.6622606e-07 0.0058172904 0.02476678 3.256124e-05 2.4437775e-06 4.69689e-06 0.00055428565 2.377023e-07 0.0011899616 1.8827872e-06 7.813076e-09 0.096751 5.188005e-07 5.1586005e-05 0.00010702404 4.517933e-06 1.23258e-07 0.16613661 0.043003507 0.0018574923 3.0836182e-07
