1.5489403e-18 0.19602637 0.22651774 0.18226771 0.6818099 0.7293763 0.18631518 0.8565745 0.63183945 0.12318003 0.9684063 0.032002065 0.001616045 0.9678746 0.94261813 0.836869 0.7321306 0.7817419 0.04813121 0.9843238 0.87011987 0.8580859 0.40338072 0.9667543 0.8659636 0.9385462 0.9959156 0.9809831 0.66367817 0.82197624 0.0011089022 0.9474068 0.27565193 0.8726264 0.79135144 0.79168063 0.7206194 0.85972667 0.17531443 0.6414472 9.279966e-05 0.93741745 0.49980184 0.9670571 0.9498897 0.9964048 0.947403 0.23819007 2.336029e-06 0.20990327 0.8356892 0.38072708 0.0023938818 0.001257829 0.98393905 0.98956555 0.9587998 0.066893935 0.08382345 0.049222738 0.911004 0.8954944 0.081029885 0.8174945 0.96435714 0.74458265 0.3042741 0.0052999826 0.94787073 0.8022006 0.9685477 0.96263134 0.8046798 0.91998494 0.96272343 0.8075484 0.98535234 0.7851048 0.8109894 0.9797787 0.86158437 0.9984178 0.012885531 0.9306618 0.9888117 0.9994815 0.06500063 0.9745598 0.0011241751 0.104886085 0.12908986 0.9991537 0.9980607 0.820471 0.99981916 0.95272595 0.10637163 0.33096758 0.9995667 0.9851591 0.9201567
0.19602637 2.0113866e-14 0.9961596 0.78070056 0.9413799 0.8758437 0.5316771 0.60926294 0.378452 0.0004540675 0.010281288 0.0036250337 0.056098804 0.29979163 0.003551724 0.029027754 0.02448984 0.018792266 0.008200359 0.0010190771 0.00023242977 0.0005972824 0.0005808044 0.005510821 0.00016714376 0.0065139066 0.029649515 0.00026366697 0.00022314407 0.010336806 0.0024169462 2.6492482e-05 3.612346e-05 0.0030276421 0.0033179903 0.00016737473 3.1124853e-06 0.0004297918 4.7266567e-05 2.911438e-06 0.00027006873 0.0036072542 1.3412209e-05 0.00087408524 0.00026471735 0.011166242 0.000339774 3.7210564e-06 2.325423e-05 7.839125e-05 3.875901e-06 3.8968616e-07 1.0631672e-06 3.5363585e-06 1.01158e-06 0.0014070702 4.5436052e-05 1.56326e-08 1.3262401e-07 1.4921553e-06 7.6033148e-06 0.00013294915 1.7671341e-07 3.5276178e-06 0.0020380046 3.4067014e-07 1.6760227e-07 8.62406e-08 1.5294394e-07 3.4254354e-06 0.0003368273 0.00025872284 7.856649e-06 9.0921944e-08 3.9517676e-05 4.8447237e-06 0.0006012028 8.8165893e-07 8.01453e-07 0.0003857342 7.488395e-07 0.0007457537 5.260507e-10 6.006093e-05 8.876905e-05 0.00032338998 6.223902e-07 0.00020706552 9.928349e-09 7.8098426e-09 1.1578317e-06 0.00019448111 3.146288e-05 1.8880922e-07 0.00016822046 0.0007273215 5.103619e-07 2.7743434e-08 0.00025924272 3.386177e-06 1.4067293e-06
0.22651774 0.9961596 5.899068e-17 0.9899095 0.13854522 0.88917565 0.004492858 0.64786303 0.0027609144 0.00482896 0.0016324861 0.005274433 4.477064e-05 0.63517606 0.00010830668 0.35471514 0.058714993 0.045570616 5.3641525e-05 5.223786e-05 1.7444864e-06 0.0025014689 0.0014316265 0.039383903 0.0011339786 0.04835895 0.12108608 0.0022496856 1.1477844e-06 0.010602093 0.00031080036 0.00036005658 0.00010413786 0.0058857533 0.0034309402 1.3953243e-06 4.647802e-05 9.5086625e-07 1.1011018e-06 1.3492817e-05 1.6724253e-07 0.002722334 6.639319e-07 0.0012038237 0.0005276599 0.015063864 0.00013904864 3.0518768e-06 2.7734266e-09 0.000249687 9.270739e-07 7.163616e-08 9.7616235e-09 5.5896702e-08 6.724013e-08 0.0057704295 0.00010917311 2.995645e-09 1.3792516e-07 8.017699e-08 7.915536e-06 0.00039308018 6.1487434e-08 3.0905323e-06 0.0034183073 1.13689175e-07 2.653439e-08 5.6084093e-09 4.9722477e-08 2.7194583e-06 0.00014113143 0.0010005288 3.2115604e-05 9.62529e-09 4.913352e-05 1.0677172e-06 0.002257697 5.938286e-06 2.7748422e-07 0.00030612663 4.7362676e-07 0.0015728906 1.5338449e-07 6.192222e-05 1.763999e-05 0.0015492149 4.3195028e-06 0.0002182724 6.3742084e-07 4.838859e-08 6.371091e-05 0.00023743803 1.4928109e-05 3.6195598e-07 5.7736906e-05 0.001515848 2.5266322e-08 1.6779072e-08 0.0005898498 6.7171236e-06 4.7696653e-07
0.18226771 0.78070056 0.9899095 1.1870935e-13 0.0051946915 0.9156503 7.1747105e-05 0.07575278 0.0031708714 0.230551 0.00042914995 0.95934343 1.639797e-06 0.50346637 2.6086482e-05 0.7242591 0.0066285743 0.00863892 0.00072164624 3.4454883e-05 2.5329073e-06 0.0894876 0.041149985 0.15977852 0.06665315 0.028798398 0.10908523 0.031112105 2.4438334e-06 0.00053246325 6.4586116e-06 0.0020112963 0.0013271722 0.00020164675 0.0002820625 4.367426e-05 0.00048211095 0.0009783279 5.715119e-06 0.00051272596 2.9025432e-07 0.00043961324 2.7722634e-05 6.2800194e-05 0.0016306329 0.0021392354 0.00022052482 9.9079e-05 1.0972546e-08 0.00015307522 0.00011040934 5.40352e-06 4.000796e-08 6.9882944e-08 8.96227e-06 0.009600804 0.00068788364 1.5956377e-06 1.7938664e-06 1.1759858e-05 2.0357833e-05 7.6002885e-05 2.543836e-07 3.2371147e-06 0.0016838113 1.9713007e-06 6.6392306e-07 6.6900746e-08 2.1331641e-06 4.9061814e-06 0.00015899599 0.0024192026 0.0009013038 6.0576116e-07 4.4626002e-05 1.1340054e-06 0.0022235638 0.00026782908 2.2884865e-07 0.00033484737 9.521825e-06 0.0009455433 5.2270275e-06 5.4141852e-05 7.8387515e-05 0.0024450538 1.3395171e-05 0.0010809025 2.3877708e-06 4.814121e-07 6.932162e-05 0.003215554 1.6287864e-05 1.4892111e-06 7.655955e-05 0.0008426001 3.1674997e-06 1.6982804e-06 0.00036826343 4.264213e-05 3.937957e-05
0.6818099 0.9413799 0.13854522 0.0051946915 6.5407994e-15 0.100328505 0.5945389 0.8559374 0.92665696 0.0001439231 0.98771733 3.1989314e-06 0.040115513 0.044996735 0.6987051 0.002601436 0.21215968 0.117375076 0.059762828 0.16723146 0.083475575 1.9105655e-05 3.0056308e-06 0.00057625544 6.6656385e-06 0.008452036 0.0038401568 0.00017018944 0.095373325 0.13248514 0.0046779495 3.3567605e-06 9.206181e-08 0.14269574 0.096187174 0.022037404 4.4029647e-07 0.006745398 0.006032949 1.14154275e-07 3.64977e-06 0.13423108 0.0034152148 0.06663044 3.7659156e-05 0.04760284 0.0071458663 0.00020920804 8.0531294e-07 2.6045498e-08 1.7559332e-06 1.2174943e-05 1.4251363e-05 4.2046718e-06 3.81709e-05 0.0020880422 4.8030422e-05 4.6482943e-05 5.569466e-06 6.345804e-05 0.00011298334 0.0011293777 5.5988252e-08 6.3512416e-05 0.0101823835 2.289458e-05 2.0760513e-06 2.9323215e-07 5.9712204e-07 0.00014657345 0.002417277 0.00059944 6.182344e-07 9.659389e-07 0.00019688773 2.2244027e-05 0.001684968 2.3822811e-05 3.6722477e-06 0.0034825858 1.13521155e-05 0.008273786 1.4813871e-07 0.00031512324 0.00036049826 0.0014562204 6.958922e-09 0.00013993755 1.3264222e-09 1.300889e-08 1.3975068e-06 0.00034156334 2.6154588e-05 1.9643778e-06 0.0014520441 0.00019775578 5.8359433e-08 4.178012e-09 3.3406668e-05 1.3220975e-06 9.6501665e-08
0.7293763 0.8758437 0.88917565 0.9156503 0.100328505 2.7902593e-15 0.0061154137 0.66179824 0.00046275964 0.9143538 0.0017273233 0.3089812 1.2343133e-06 0.9653441 0.000107194224 0.81252104 0.088253796 0.1135605 3.285796e-05 4.4047433e-06 9.789168e-08 0.32064575 0.35732 0.31813437 0.33389097 0.23242238 0.4952417 0.13578941 1.8806881e-07 0.008144861 2.526331e-06 0.009881154 0.016081864 0.0039215274 0.0034844792 2.4805493e-07 0.00075682614 3.285028e-05 3.08288e-07 0.00067614415 9.863763e-06 0.003191679 9.73389e-08 0.0007284356 0.0008497952 0.028439917 0.00023736533 5.2973842e-08 1.2065129e-08 3.406903e-05 6.309458e-07 3.512444e-10 2.6074711e-09 2.8734257e-09 7.144267e-08 0.015051163 0.00022414824 6.3127956e-08 2.0880192e-07 1.2795379e-06 2.7592005e-06 0.00025186068 1.6260136e-08 2.9840305e-06 0.0080045825 1.13630215e-07 1.4656134e-09 7.10112e-08 8.650382e-09 2.2612618e-07 0.0014237459 0.0009607687 2.7205401e-06 2.1278719e-09 8.423501e-05 1.193183e-07 0.0036959352 1.131229e-05 2.7039353e-09 0.0024276604 1.351264e-08 0.007276878 1.6210281e-08 5.8711605e-05 7.135184e-06 0.006672066 3.4917004e-08 0.00031189452 2.7476073e-08 2.0866683e-08 1.832161e-06 0.00027024496 2.2861338e-06 1.3041361e-08 5.0635736e-05 0.001608395 7.493786e-06 4.499484e-09 0.00080350944 5.1749396e-07 4.3794628e-07
0.18631518 0.5316771 0.004492858 7.1747105e-05 0.5945389 0.0061154137 2.4051957e-13 0.086007 0.9168457 6.0359747e-07 0.28285253 1.658689e-07 0.9981804 0.014795612 0.65428436 0.00017712334 0.014861738 0.0010376822 0.98219407 0.07704567 0.037983906 3.6547905e-07 2.9175933e-07 6.280426e-05 1.2105555e-07 1.6176378e-05 0.0003012162 1.2121769e-06 0.0034692197 0.008183109 0.0010408037 5.0370454e-07 1.00526876e-07 0.026439583 0.012949252 0.0006202175 1.0085054e-06 0.04315676 0.00025188664 9.901844e-07 9.481303e-06 0.01103693 3.601792e-05 0.004132008 1.3778056e-05 0.0006759266 1.1843132e-05 5.678485e-06 3.340353e-06 6.59455e-08 1.2861404e-06 1.03521096e-07 2.3995006e-05 5.0133036e-05 2.1946121e-07 0.0011606936 6.4991937e-06 5.9072877e-06 1.1380206e-06 8.4745225e-05 8.942649e-08 6.187656e-06 1.3752594e-06 4.2997477e-09 0.0005563795 6.353831e-08 1.07267184e-07 3.4602124e-06 5.30767e-08 2.7963068e-07 7.623914e-06 8.539848e-05 2.5891672e-05 5.659593e-09 8.273711e-07 2.7706453e-09 0.0011466494 1.013955e-06 1.7026474e-08 2.99472e-05 2.4824649e-08 0.00020136446 3.0092764e-08 2.843489e-05 1.2900143e-05 0.0006074084 7.351594e-07 8.8279136e-05 7.784753e-09 5.327839e-10 2.3796722e-05 4.93679e-05 3.624513e-07 4.303458e-08 0.00095433265 0.0019980809 3.3966625e-08 1.100591e-09 4.519943e-05 6.6714065e-08 4.2104315e-07
0.8565745 0.60926294 0.64786303 0.07575278 0.8559374 0.66179824 0.086007 5.3849755e-15 0.058175124 0.0020442356 0.5269279 4.1760126e-05 0.00022989503 0.6741423 0.022891143 0.042500444 0.9858326 0.859808 0.001278979 0.011207861 0.0011177877 0.001411395 6.1209736e-05 0.005912908 0.0002585817 0.6737124 0.07571463 0.0019997233 0.00085655006 0.79388756 4.4442357e-05 1.6437842e-05 1.2532047e-06 0.5402067 0.6570265 0.0004165063 6.5953495e-06 6.6233384e-05 0.00016889803 1.2468292e-06 1.5699068e-06 0.62541413 0.00036228853 0.11165329 0.00013787988 0.66481644 0.016622689 0.0001014788 5.238555e-08 5.9526343e-07 6.0437887e-06 5.5459094e-07 1.2577449e-06 1.2640844e-08 8.006707e-07 0.004464276 6.526539e-05 3.2834276e-07 2.853969e-06 7.1590506e-07 7.406534e-05 0.014392964 1.476898e-06 1.1728577e-05 0.18552153 9.797906e-07 2.2043554e-07 1.7977051e-07 9.413935e-08 0.00019389295 0.025168128 0.00038945326 4.0359073e-06 5.101845e-08 0.0038303453 4.8596235e-06 0.0014245356 3.1491727e-05 5.120995e-07 0.03488575 4.6732847e-08 0.087117404 1.7895228e-08 0.00018059438 7.044989e-05 0.011477078 7.318698e-08 0.00070111617 2.4269888e-09 1.11074435e-07 1.7895469e-06 0.0020656376 7.316535e-06 2.736469e-07 0.000738661 0.00011840462 1.6018716e-05 4.143935e-08 0.0012347196 2.1616627e-06 2.7530579e-08
0.63183945 0.378452 0.0027609144 0.0031708714 0.92665696 0.00046275964 0.9168457 0.058175124 1.6862493e-15 1.103093e-07 0.49562016 3.9544652e-06 0.50185406 0.0022222823 0.9624364 0.000117146876 0.005329057 0.0013728543 0.8667765 0.19338302 0.58987933 8.696867e-06 7.836946e-06 1.852757e-05 8.604722e-06 5.1383322e-05 5.9635433e-05 8.068689e-07 0.9149525 0.00782746 0.05236841 9.9332595e-08 1.9698264e-07 0.0281959 0.012127981 0.411578 3.623737e-08 0.7736213 0.37833974 5.6287202e-08 0.0013358551 0.017756935 0.11768425 0.031670935 7.530111e-07 0.0006803963 0.0010269705 0.067322135 0.009874998 3.939919e-08 4.192111e-08 0.00020634303 0.090114266 0.012275238 0.0013851044 0.00013886868 6.3022543e-07 0.04709878 0.0024377187 0.07447896 0.00013463723 0.0008219787 1.3411302e-05 8.756775e-05 0.0021840339 0.00087599247 0.0013342419 0.00020469255 3.8625487e-05 4.8000475e-05 0.00068248296 3.5186386e-05 3.577131e-07 6.6293103e-07 8.0173435e-05 5.5087603e-06 0.00013088323 6.8288723e-06 2.7187607e-06 0.00093165843 7.243422e-06 0.0005106808 9.137774e-09 0.00057466637 0.000117492265 0.0011066209 3.4060303e-08 9.379363e-06 2.6945859e-09 1.3801931e-06 2.0946386e-07 0.00019105608 1.0504383e-06 4.335906e-07 0.0021483842 2.3538465e-05 6.6548e-05 1.8866515e-08 1.9691559e-05 7.869235e-07 3.9159434e-07
0.12318003 0.0004540675 0.00482896 0.230551 0.0001439231 0.9143538 6.0359747e-07 0.0020442356 1.103093e-07 5.528745e-15 4.0505696e-05 0.99427116 2.1666353e-09 0.18997543 9.756473e-06 0.86229855 0.0006097579 0.0012244446 1.2464115e-07 2.4897923e-07 1.2719937e-07 0.57234097 0.5294898 0.23588473 0.6639989 0.003225979 0.074184515 0.085738055 2.5904872e-06 0.00023211168 1.3225501e-06 0.010826115 0.008551744 2.6488262e-05 9.7267395e-05 1.4121173e-05 0.009421539 1.2494099e-06 1.174671e-05 0.007655108 1.0405639e-07 6.380741e-05 2.9690875e-06 3.7289853e-06 0.016495224 0.0019519528 1.8331111e-05 6.3423167e-06 8.4249663e-10 0.00051776256 0.0012028144 3.3720106e-08 1.5149814e-08 5.102448e-08 3.8745682e-07 0.018283762 0.0033012466 4.1091446e-09 1.7828487e-08 1.5084571e-07 6.9892276e-06 0.0002442459 1.098606e-07 1.8782371e-06 0.0022966552 1.2605541e-07 2.2068038e-07 9.403361e-09 5.702698e-07 8.1734134e-07 0.0002590077 0.0018421005 0.0006124816 4.7134698e-08 3.6093774e-05 2.959253e-06 0.0050437874 0.0012269099 4.355285e-07 0.00073593005 1.990051e-07 0.0017128045 2.44424e-07 4.587802e-06 2.4752157e-05 0.004661952 6.061012e-06 0.008068752 1.2087958e-06 4.31401e-08 0.0013006944 0.00037196497 3.8700946e-06 1.0217677e-07 7.3250258e-06 0.00582311 7.663788e-08 4.3807848e-08 0.0031336485 6.96236e-07 2.1698002e-06
0.9684063 0.010281288 0.0016324861 0.00042914995 0.98771733 0.0017273233 0.28285253 0.5269279 0.49562016 4.0505696e-05 6.277784e-15 5.3831496e-07 0.00033568795 0.00563385 0.92212945 0.0002051262 0.124286614 0.06178266 0.031119233 0.70304966 0.20388125 1.5234347e-05 3.7515267e-07 0.000107005784 4.585582e-07 0.0066244416 0.0010127665 2.4491004e-05 0.061450742 0.5375359 0.0024766256 2.0156877e-07 1.3420915e-08 0.813981 0.6311327 0.021279389 8.424738e-07 0.03385049 0.006660639 5.392017e-07 1.853158e-05 0.7872925 0.0050296583 0.73853505 4.5568295e-06 0.11566869 0.0869712 0.001688106 6.140463e-06 1.822877e-08 8.9863823e-07 4.6741658e-05 0.0009767162 0.00010730745 9.325051e-05 0.002197473 1.8913544e-05 0.0002670593 0.0002237117 0.00044292727 0.006304494 0.054971915 1.848827e-06 0.00042222615 0.13731997 7.178104e-05 8.2099905e-05 3.3215124e-06 5.618863e-06 0.0068627764 0.061785888 8.701325e-05 3.5114397e-06 7.372457e-06 0.0126782 0.00015040394 0.002377505 1.5057508e-05 8.990086e-05 0.054696877 2.3030154e-05 0.02769857 5.0311087e-08 0.00543934 0.0035261263 0.0046059764 3.9424826e-08 0.00018410134 2.5942162e-09 2.8966822e-06 9.779977e-06 0.0039248234 0.0007364404 0.0001246217 0.008334004 8.7569424e-05 1.095808e-05 2.1622686e-08 0.0006521745 2.1422515e-05 8.5823146e-08
0.032002065 0.0036250337 0.005274433 0.95934343 3.1989314e-06 0.3089812 1.658689e-07 4.1760126e-05 3.9544652e-06 0.99427116 5.3831496e-07 5.021262e-16 4.1995993e-09 0.060709562 1.816203e-06 0.7239635 6.595129e-06 1.2152797e-05 2.1256117e-06 1.1639047e-07 3.5352254e-08 0.29578814 0.9520187 0.17314436 0.3596984 0.0005659483 0.03085848 0.048491996 2.3968967e-06 1.2565586e-05 4.7763154e-07 0.02254896 0.18568133 2.4013584e-06 3.5316402e-06 2.036492e-05 0.011473451 3.2152657e-05 7.865664e-07 0.009332428 6.4835217e-09 2.375815e-05 1.1688608e-06 2.1883163e-06 0.009217449 0.00017442786 1.2188947e-06 2.7352908e-06 3.2222777e-10 0.00085757143 0.00034360087 4.2737148e-07 3.5554562e-09 1.7961489e-09 2.1103928e-07 0.012000818 0.0015847734 1.8043426e-08 1.2686647e-07 2.7811345e-07 7.324508e-08 6.702457e-06 1.1833417e-08 5.365902e-07 0.00022278198 1.3519414e-07 3.741863e-08 2.1820132e-09 2.072685e-07 2.6698734e-07 2.5717463e-05 0.0035629584 0.00019267178 6.770407e-08 7.916442e-06 9.498126e-08 0.0028237784 0.002087694 4.0704712e-08 4.791476e-05 2.3505174e-07 0.00013298896 1.037357e-06 1.624402e-06 1.5044603e-05 0.002406929 1.5390459e-06 0.0025914558 3.568225e-07 4.112579e-09 7.9846715e-05 5.3109943e-05 2.2404222e-06 1.6955525e-07 7.696822e-06 0.000906967 9.628062e-09 2.504007e-08 0.00027528586 1.016643e-06 3.7104005e-08
0.001616045 0.056098804 4.477064e-05 1.639797e-06 0.040115513 1.2343133e-06 0.9981804 0.00022989503 0.50185406 2.1666353e-09 0.00033568795 4.1995993e-09 8.367269e-17 1.6481157e-06 0.010815599 3.89804e-07 4.357485e-06 1.0001829e-08 0.8840061 4.4756554e-05 0.0004921895 4.750852e-09 6.837109e-08 7.479577e-08 1.6333555e-08 4.2696428e-08 1.4140273e-06 1.1947635e-07 0.0011304829 5.8412417e-07 0.98702914 8.183021e-09 1.7977634e-09 1.488903e-06 9.698382e-08 3.8371967e-05 2.7866405e-09 0.020065796 0.0008329527 3.9729187e-08 0.002362683 2.0811368e-07 1.47958835e-05 2.0980215e-07 7.202512e-08 8.776916e-07 2.004025e-08 1.3441841e-05 0.07299886 5.990321e-09 2.1926903e-08 7.4608835e-08 0.00042915143 0.0036851447 2.2777293e-08 1.7612741e-05 5.901873e-07 0.000865512 2.0078571e-06 0.0009589727 1.6820995e-07 1.7332844e-08 9.431561e-09 7.08963e-08 9.717315e-06 1.8188906e-07 1.1825864e-07 2.132433e-05 5.3481326e-09 1.8309531e-09 3.5931375e-08 5.068221e-07 3.23025e-08 7.1900863e-09 3.804849e-09 7.947262e-09 1.1663603e-05 1.385087e-07 8.187486e-09 6.285903e-07 1.62826e-07 9.285866e-06 1.04263345e-08 7.4126147e-06 6.5887984e-06 0.00036876474 1.555413e-09 5.7297694e-07 1.7913601e-08 6.082387e-11 1.4422915e-07 3.7045225e-05 2.0078073e-06 2.2419833e-09 5.1143186e-05 1.1738642e-06 9.113928e-09 8.7080526e-10 5.338217e-07 1.4257262e-07 9.603541e-09
0.9678746 0.29979163 0.63517606 0.50346637 0.044996735 0.9653441 0.014795612 0.6741423 0.0022222823 0.18997543 0.00563385 0.060709562 1.6481157e-06 8.3295884e-11 0.0006254084 0.7028585 0.13930781 0.21120785 3.779148e-05 0.00020710996 3.5466855e-05 0.17219216 0.024635216 0.48502114 0.06917254 0.7205039 0.9289865 0.13623007 1.989459e-05 0.050852567 3.9365148e-07 0.0046923077 0.00028708775 0.014860383 0.016595135 1.6408023e-05 0.0010066294 0.00015618325 0.000107671774 0.0002365701 1.2053274e-06 0.027105002 6.6286404e-05 0.0069919415 0.0010909423 0.41493246 0.0057399487 1.29241425e-05 2.9813563e-08 4.2580443e-05 7.646118e-05 9.582632e-08 1.3695228e-08 2.5540759e-08 1.12820686e-07 0.08637948 0.001346755 1.9644011e-07 5.717139e-07 3.471647e-07 2.2200578e-05 0.001994228 2.1916868e-08 1.1633974e-05 0.041507717 2.471258e-07 1.5227998e-07 2.959229e-07 9.415155e-08 4.3834283e-05 0.0070018372 0.002387163 0.00011225109 1.2255917e-07 0.0017705689 1.4640148e-06 0.013035655 0.00071438006 3.8862362e-07 0.013287469 8.8133646e-08 0.05094273 2.046779e-06 0.0003425604 2.40043e-05 0.027221307 2.9371577e-07 0.0015929522 2.0275523e-07 1.2571925e-07 0.00020060907 0.0009858756 4.9724285e-06 1.54615e-06 0.0012187676 0.0021764499 3.991458e-05 4.2155232e-08 0.0073886365 1.542162e-06 1.6733684e-07
0.94261813 0.003551724 0.00010830668 2.6086482e-05 0.6987051 0.000107194224 0.65428436 0.022891143 0.9624364 9.756473e-06 0.92212945 1.816203e-06 0.010815599 0.0006254084 2.346169e-14 4.9226805e-05 0.0069003943 0.0031177986 0.5204551 0.9322484 0.9093583 5.2855257e-06 3.0638332e-06 1.0549948e-05 2.416409e-07 0.00028597287 8.0449936e-05 8.413301e-06 0.76471275 0.055773653 0.08350687 3.1094635e-07 6.420272e-08 0.28239182 0.116585925 0.24447434 8.497222e-07 0.8150999 0.077922314 3.5719381e-06 0.0014513056 0.21256743 0.05014099 0.40306863 5.628989e-06 0.0062499456 0.018611668 0.023486456 0.00036614388 4.9012453e-07 5.2862794e-07 0.00035964322 0.031940695 0.0039201025 0.00030482904 0.0001250676 7.631836e-06 0.010897121 0.0010944249 0.036587838 0.0016550114 0.012197129 0.00011342781 0.000698475 0.014563559 0.00035528856 0.00055586605 0.00014969075 4.6665267e-05 0.0015233519 0.013022249 6.6936846e-05 6.6355216e-07 3.132546e-05 0.0026645132 0.00026299342 0.00014855119 6.5499524e-05 0.00013020584 0.007145505 7.893054e-05 0.00265157 1.1419098e-07 0.00509015 0.0015178898 0.00064542284 5.1998306e-08 7.091439e-05 8.4323055e-08 2.9933408e-05 7.3040906e-06 0.0013058113 0.0002509319 4.4887696e-05 0.0053598494 2.3593031e-05 4.798903e-05 2.9353575e-07 0.00025361564 2.5183463e-05 8.650761e-07
0.836869 0.029027754 0.35471514 0.7242591 0.002601436 0.81252104 0.00017712334 0.042500444 0.000117146876 0.86229855 0.0002051262 0.7239635 3.89804e-07 0.7028585 4.9226805e-05 5.3519255e-14 0.0024479202 0.012837021 1.5754147e-05 1.9511217e-06 4.2982148e-07 0.9343475 0.7396408 0.94923943 0.8378251 0.05182845 0.7122927 0.47583356 3.6420163e-06 0.00048660632 1.2457785e-06 0.112605 0.1933088 9.673834e-05 0.0002259642 1.0338175e-06 0.02052258 9.1671645e-05 6.1639143e-06 0.013011572 6.1436494e-06 0.00050788396 4.875681e-06 4.2183536e-05 0.013207026 0.015769038 0.00018234873 1.2073287e-05 2.1999524e-06 0.0014713267 0.0004924846 1.4065918e-07 4.6754315e-07 8.161083e-07 5.6001173e-08 0.048331562 0.0028294958 9.284989e-08 4.166382e-07 3.1242934e-07 1.2996374e-05 0.00026632278 2.4468147e-07 3.831633e-06 0.005101021 6.253842e-07 1.391807e-07 2.5091033e-06 1.6491958e-08 3.4239465e-06 0.0010686205 0.0036117416 6.260513e-05 3.8971905e-08 0.00015550789 2.2823163e-07 0.0043473653 0.00045280613 2.8126093e-08 0.0017561938 2.122243e-08 0.008486343 1.1823107e-06 1.0667611e-05 7.975553e-07 0.010423563 4.6843843e-07 0.0014156864 2.4380952e-06 1.3942541e-07 0.00013143934 0.00057017006 6.6022807e-07 1.1270369e-07 7.254314e-05 0.0005245782 0.00011306891 1.7504684e-07 0.0018231692 3.742534e-06 1.4602513e-06
0.7321306 0.02448984 0.058714993 0.0066285743 0.21215968 0.088253796 0.014861738 0.9858326 0.005329057 0.0006097579 0.124286614 6.595129e-06 4.357485e-06 0.13930781 0.0069003943 0.0024479202 2.8455664e-13 0.9910634 0.00024246558 0.005757105 0.0007178837 0.00023438637 6.2331266e-05 0.0009842823 0.00011945044 0.36280596 0.018280834 0.0011349594 0.00030204665 0.74461776 2.2072709e-05 1.4267722e-05 3.6117897e-06 0.22310464 0.43175024 0.00016922613 1.5841397e-05 3.6271555e-05 0.0001512487 4.07171e-06 4.5716592e-06 0.5202212 0.000111708905 0.06836957 3.9785402e-05 0.6216283 0.0275904 4.7184738e-05 4.9636515e-07 1.1938313e-06 9.414304e-06 1.8974507e-06 3.2494033e-06 4.9289074e-08 9.0163985e-06 0.001274939 3.405003e-05 1.8624658e-06 1.05054e-05 7.320663e-07 0.00046374905 0.012387575 4.3368246e-07 9.505535e-05 0.16201144 1.1445777e-05 1.8500598e-06 6.5171906e-07 1.2738226e-06 0.000516586 0.021283042 8.461359e-05 6.074895e-06 3.8788974e-07 0.003295917 1.8546785e-05 0.0007677022 4.6524983e-05 8.561773e-06 0.03380027 4.6154247e-07 0.09598929 3.463469e-09 0.0001968235 0.00016249334 0.004766669 3.512367e-08 0.0002032273 6.513604e-09 5.291096e-07 2.4241958e-06 0.0016383202 9.665111e-05 2.4276521e-06 0.0010316995 7.1525814e-05 3.885512e-06 2.9432144e-07 0.0016126718 2.9561968e-05 4.5606401e-07
0.7817419 0.018792266 0.045570616 0.00863892 0.117375076 0.1135605 0.0010376822 0.859808 0.0013728543 0.0012244446 0.06178266 1.2152797e-05 1.0001829e-08 0.21120785 0.0031177986 0.012837021 0.9910634 3.66886e-15 3.0715524e-05 0.0016100631 0.00019509878 0.0011035609 0.00010726079 0.0068159155 0.00042664012 0.9584683 0.08248694 0.007642219 9.0363574e-05 0.7903246 1.7771163e-06 0.00021664053 6.197471e-06 0.1668717 0.46823812 9.011253e-05 9.1873546e-05 4.438414e-06 4.1894476e-05 1.5987185e-05 4.709262e-07 0.5556353 7.58477e-05 0.037404258 0.0002404122 0.7566925 0.025376486 6.7731194e-06 1.7301234e-08 1.28589945e-05 2.6781923e-05 4.1668545e-07 1.7224723e-07 4.1987587e-09 1.0697527e-06 0.009284321 0.00028982575 7.152653e-08 6.7134386e-07 9.8697846e-08 0.00041515086 0.022808326 6.154786e-08 0.00012005505 0.31909797 2.295421e-06 3.509352e-07 1.0994193e-07 4.076852e-07 0.00046756258 0.042212624 0.0006662684 4.566642e-05 7.6058306e-08 0.005584691 1.2829291e-05 0.0037014664 0.00016799153 2.5710435e-06 0.05335641 8.24686e-08 0.11576654 1.8669783e-07 0.00024391117 0.0001446204 0.024259662 2.7802275e-07 0.0010333045 7.453483e-09 5.8720307e-08 0.00015010145 0.0018054695 3.9857598e-05 1.6940196e-06 0.0009045329 0.00037976733 2.405031e-07 1.3636269e-08 0.0037288505 1.0857831e-05 4.059351e-07
0.04813121 0.008200359 5.3641525e-05 0.00072164624 0.059762828 3.285796e-05 0.98219407 0.001278979 0.8667765 1.2464115e-07 0.031119233 2.1256117e-06 0.8840061 3.779148e-05 0.5204551 1.5754147e-05 0.00024246558 3.0715524e-05 2.0445466e-14 0.025609262 0.10493201 3.8358085e-06 9.958406e-06 1.5645037e-06 3.4229276e-06 5.269089e-06 1.5373713e-05 1.6058827e-06 0.09582295 0.00023306416 0.96167314 5.063547e-06 1.3186012e-07 0.00079966197 0.0002718603 0.018470936 6.1725505e-06 0.6648805 0.044794858 4.1798116e-06 0.0060110274 0.00060662517 0.013073092 0.00078261574 2.7991362e-06 3.2372925e-05 8.569844e-06 0.0019576377 0.20359275 1.4185779e-06 8.892673e-07 2.2009883e-05 0.39604688 0.104366586 0.000107876614 0.00038333458 1.0851929e-05 0.038082864 0.0005949723 0.07756504 0.00032220324 4.7620753e-05 9.9442885e-05 4.8504957e-05 0.0007331025 9.177057e-05 8.686914e-05 0.0014458308 2.7682095e-06 2.1227431e-06 0.00011631973 4.552319e-05 3.1832403e-06 3.9594252e-07 1.20156465e-05 4.1410276e-06 9.322686e-05 2.1193562e-05 1.4851265e-06 0.00020895085 1.0076502e-05 0.00010761387 1.7269155e-08 9.041149e-05 0.00018417087 0.001951507 3.1056659e-06 1.053141e-05 1.2898843e-08 1.18683225e-07 3.164204e-07 0.00072614424 1.3405918e-05 6.817718e-08 0.0002841032 1.8889967e-05 6.117122e-05 2.3442358e-07 5.3828544e-06 1.2085658e-05 7.427205e-06
0.9843238 0.0010190771 5.223786e-05 3.4454883e-05 0.16723146 4.4047433e-06 0.07704567 0.011207861 0.19338302 2.4897923e-07 0.70304966 1.1639047e-07 4.4756554e-05 0.00020710996 0.9322484 1.9511217e-06 0.005757105 0.0016100631 0.025609262 3.906805e-16 0.9797767 3.3957474e-07 8.8650944e-07 8.8332274e-07 1.2020438e-07 6.3844476e-05 9.7304555e-06 2.6382489e-08 0.36038592 0.1159741 0.0023025204 1.1331805e-08 1.7299114e-07 0.5815941 0.27722993 0.27591062 7.28273e-08 0.3334622 0.05604843 1.7715787e-07 2.956741e-05 0.48319307 0.1086835 0.86199677 1.2645938e-07 0.020567743 0.14363396 0.016863657 5.4894817e-06 7.136518e-08 4.792191e-08 0.0010442517 0.0030677908 0.00038833896 0.029301826 0.00013599076 3.109852e-07 0.0044382284 0.0016506318 0.008616896 0.13247043 0.1690295 1.9846306e-05 0.016289752 0.09029361 0.0005374442 0.0005709844 3.720455e-05 0.00013805921 0.07728685 0.12664083 1.7421887e-06 2.2159331e-07 0.00026416557 0.04102081 0.0005064554 0.00015605133 1.4533588e-06 0.0009147332 0.04017245 0.00019858887 0.0074106255 3.5346996e-08 0.03787612 0.01398041 0.0007636335 2.363707e-08 7.652921e-06 9.733606e-09 5.9103782e-05 6.871335e-06 0.011062895 0.005436161 0.0006210464 0.012910113 3.3178271e-06 1.2450571e-05 5.6176816e-07 0.00030789978 5.6021083e-05 1.6470881e-06
0.87011987 0.00023242977 1.7444864e-06 2.5329073e-06 0.083475575 9.789168e-08 0.037983906 0.0011177877 0.58987933 1.2719937e-07 0.20388125 3.5352254e-08 0.0004921895 3.5466855e-05 0.9093583 4.2982148e-07 0.0007178837 0.00019509878 0.10493201 0.9797767 1.74574e-15 1.1037181e-07 9.580512e-08 4.2422727e-07 1.2190108e-08 8.0144655e-06 1.795518e-06 3.276691e-08 0.9768476 0.0055548237 0.013914496 1.1458714e-08 1.1276931e-08 0.07533098 0.012003153 0.74912345 3.182894e-08 0.7230792 0.28424934 1.00684616e-07 0.00012110816 0.027526718 0.22934194 0.28711346 2.25311e-07 0.0008303041 0.01259742 0.08547152 0.00011108466 6.877323e-09 1.8977783e-08 0.011020717 0.026156316 0.002428428 0.050694764 3.2578837e-06 2.7685144e-07 0.019801794 0.007498523 0.044457167 0.02036846 0.017206082 0.0009777586 0.003991841 0.0119050015 0.0009431095 0.0022220346 0.00043383698 0.0001784276 0.0063834894 0.009795561 5.56898e-07 4.638881e-08 0.00030894953 0.0031733261 0.00043285853 3.592199e-06 1.9722773e-07 0.00053442514 0.004896889 0.00032024176 0.0013020746 5.1709583e-09 0.011166135 0.007690579 6.957489e-05 2.4426168e-08 2.7249048e-06 3.1115872e-09 4.240853e-05 1.6753546e-07 0.0025665106 0.0015587002 0.00015034742 0.008595956 1.8602593e-06 2.8829014e-05 1.3537791e-06 8.697434e-05 7.8965924e-05 1.7405778e-06
0.8580859 0.0005972824 0.0025014689 0.0894876 1.9105655e-05 0.32064575 3.6547905e-07 0.001411395 8.696867e-06 0.57234097 1.5234347e-05 0.29578814 4.750852e-09 0.17219216 5.2855257e-06 0.9343475 0.00023438637 0.0011035609 3.8358085e-06 3.3957474e-07 1.1037181e-07 2.248744e-14 0.74544334 0.8571838 0.97139007 0.0075976104 0.43600386 0.8239894 8.552203e-07 0.0002253152 2.6430857e-07 0.7940519 0.21938954 1.1148885e-05 7.32387e-05 1.047612e-06 0.3933745 6.753773e-05 1.9258826e-07 0.5242982 3.277571e-07 0.00020269136 7.925155e-07 3.3421052e-06 0.06241381 0.00845356 4.760286e-05 2.188407e-05 7.851064e-09 0.0029443966 0.0073262206 2.389927e-07 8.127371e-08 2.6984563e-07 5.4986877e-08 0.20993595 0.015912782 1.323484e-06 9.101421e-07 1.7295313e-06 4.0483123e-06 5.0996587e-05 4.848331e-07 1.2610266e-07 0.0021062612 1.1230274e-07 9.2795716e-08 8.360814e-08 1.5780078e-08 2.8131205e-07 0.000576012 0.017503692 0.00012491086 7.709629e-09 4.0636198e-05 5.2791783e-08 0.025415508 0.003117573 1.5406185e-08 0.0012511187 2.3265153e-08 0.004258406 8.411946e-06 1.5105114e-05 2.1789897e-07 0.023666648 3.147601e-06 0.004796364 6.4064227e-07 1.804619e-07 0.0005356691 0.00034063397 2.5761796e-07 9.3384486e-08 0.00011049531 0.003363282 7.022407e-06 1.5473721e-07 0.0026834067 1.0168302e-06 2.0121508e-06
0.40338072 0.0005808044 0.0014316265 0.041149985 3.0056308e-06 0.35732 2.9175933e-07 6.1209736e-05 7.836946e-06 0.5294898 3.7515267e-07 0.9520187 6.837109e-08 0.024635216 3.0638332e-06 0.7396408 6.2331266e-05 0.00010726079 9.958406e-06 8.8650944e-07 9.580512e-08 0.74544334 4.1243455e-13 0.33386353 0.97461927 0.0005602271 0.044009242 0.15964454 2.1435706e-06 2.8638811e-05 5.479711e-06 0.32954034 0.96218246 5.1110396e-06 1.3639295e-05 3.541639e-05 0.17630169 0.0006711464 6.2662925e-06 0.44721988 8.564475e-08 4.5363442e-05 1.3531758e-05 3.7180694e-06 0.21376204 0.00040786105 4.384672e-06 3.0811167e-05 8.304754e-09 0.037174493 0.05461905 1.4360788e-06 1.4008421e-07 1.9687764e-07 1.75991e-06 0.06869931 0.02863248 2.0857283e-07 7.3272844e-07 1.7863404e-05 5.047702e-07 1.2395313e-05 3.5945652e-07 2.372352e-06 0.00030678508 1.5857696e-06 5.901012e-07 4.6462038e-08 1.8321768e-06 7.6778484e-08 2.5389572e-05 0.02868107 0.008639102 4.287392e-08 1.6870203e-05 7.140221e-08 0.018818965 0.008442217 2.4933234e-07 8.968473e-05 8.2704213e-07 0.0003244604 9.1415575e-05 3.2417056e-06 8.353324e-06 0.0054139816 0.00016072358 0.011192165 5.810556e-05 2.2633202e-07 0.0020094453 0.0001529404 2.8096956e-06 1.3055467e-07 2.7686889e-05 0.009550441 1.3255478e-06 2.8735656e-07 0.0014234913 9.910686e-07 2.0305624e-06
0.9667543 0.005510821 0.039383903 0.15977852 0.00057625544 0.31813437 6.280426e-05 0.005912908 1.852757e-05 0.23588473 0.000107005784 0.17314436 7.479577e-08 0.48502114 1.0549948e-05 0.94923943 0.0009842823 0.0068159155 1.5645037e-06 8.8332274e-07 4.2422727e-07 0.8571838 0.33386353 9.512444e-13 0.5231758 0.108278036 0.87104106 0.9671578 1.241991e-06 0.0004967594 1.7882049e-07 0.1545396 0.057396065 5.8429076e-05 0.00021526481 5.659361e-07 0.027132215 1.3610825e-05 2.8411835e-06 0.011242421 8.4544945e-07 0.000556772 2.3770538e-06 2.421715e-05 0.013489021 0.05359926 0.00038626723 1.3294566e-05 2.0837422e-07 0.0021613662 0.0018671798 7.0373304e-08 7.964463e-07 2.2940937e-07 1.1542881e-08 0.2924098 0.01120256 9.9605224e-08 5.6346795e-07 8.378986e-07 6.7427573e-06 0.00027761038 1.4799355e-07 7.950606e-07 0.019438906 3.416245e-08 9.1239855e-08 5.457596e-07 7.490438e-09 5.3264116e-06 0.0021119665 0.007334676 0.00048023416 3.6642411e-09 0.00060991576 6.049872e-08 0.034150742 0.0014765994 1.13641425e-08 0.0059455903 1.2882634e-09 0.042162474 4.113754e-06 5.5586603e-05 9.906964e-07 0.08798721 2.2881757e-06 0.0037733791 2.0695713e-06 2.4185508e-07 0.00080453884 0.0007984854 2.0002583e-06 3.2717966e-07 0.00034307205 0.0030634361 5.4797405e-05 1.473078e-07 0.012454687 9.615493e-07 1.9842378e-06
0.8659636 0.00016714376 0.0011339786 0.06665315 6.6656385e-06 0.33389097 1.2105555e-07 0.0002585817 8.604722e-06 0.6639989 4.585582e-07 0.3596984 1.6333555e-08 0.06917254 2.416409e-07 0.8378251 0.00011945044 0.00042664012 3.4229276e-06 1.2020438e-07 1.2190108e-08 0.97139007 0.97461927 0.5231758 8.1501857e-13 0.0010458265 0.23776394 0.47013968 2.3139912e-06 5.4770342e-05 5.360828e-07 0.6690627 0.6444784 2.091468e-06 1.4109166e-05 9.2619206e-07 0.45368436 0.00010444489 6.3661895e-07 0.6568523 2.1898288e-07 7.3551215e-05 7.9930055e-07 1.5743492e-06 0.36193556 0.006072984 9.999373e-06 6.5347062e-06 8.212887e-09 0.013646666 0.024372399 1.9163874e-08 1.8297008e-08 1.4529978e-07 6.0497804e-08 0.28140986 0.062298056 3.0463332e-07 1.7320227e-07 1.5923239e-06 4.33904e-06 4.293405e-05 3.3950386e-07 8.504843e-07 0.0020788123 1.961041e-07 7.949632e-08 1.3677824e-07 4.6029474e-08 1.1594809e-07 0.000114285176 0.05369084 0.0024111252 4.3501416e-09 3.4067598e-05 9.374712e-08 0.06512817 0.018238083 3.039225e-08 0.0003493263 5.752228e-09 0.0033505354 2.6965912e-05 1.0074561e-05 6.825451e-07 0.026077976 2.222479e-05 0.021117417 2.9903263e-06 2.1966956e-07 0.0030189378 0.00044286705 2.6301308e-07 1.1978953e-07 6.874812e-05 0.011522713 3.7888426e-06 2.0923946e-07 0.0030373884 7.8017445e-07 1.0349204e-06
0.9385462 0.0065139066 0.04835895 0.028798398 0.008452036 0.23242238 1.6176378e-05 0.6737124 5.1383322e-05 0.003225979 0.0066244416 0.0005659483 4.2696428e-08 0.7205039 0.00028597287 0.05182845 0.36280596 0.9584683 5.269089e-06 6.3844476e-05 8.0144655e-06 0.0075976104 0.0005602271 0.108278036 0.0010458265 5.254978e-15 0.90415406 0.14130175 1.09382845e-05 0.35244063 3.2078106e-07 0.0011617184 2.2026932e-05 0.018440243 0.077827826 1.0855771e-05 0.00030644648 4.3959267e-06 2.8893337e-05 2.2363502e-05 7.2716574e-07 0.14009762 1.170951e-05 0.006036793 0.00040528164 0.96809506 0.010820396 3.20918e-06 5.2447835e-08 1.0958403e-05 1.1435391e-05 7.567123e-08 4.223612e-08 9.8431265e-08 1.1964751e-07 0.068259984 0.00042785477 7.117894e-08 3.0545368e-07 3.9991352e-07 8.766459e-05 0.0121292425 2.9280725e-08 2.2270833e-05 0.36598143 5.792685e-07 3.0406673e-07 1.2644443e-07 1.11666445e-07 4.2331558e-05 0.04081718 0.0015168748 2.191617e-05 6.366738e-08 0.005527487 5.487017e-06 0.014109282 0.0006563866 1.6203805e-06 0.07668964 2.3271012e-08 0.22082216 7.3509983e-07 9.461119e-05 1.26870345e-05 0.2452183 5.854503e-07 0.0030855043 3.4447226e-07 5.1942027e-07 0.00034314045 0.0022967085 2.443414e-06 1.1949413e-05 0.0006523717 0.00020602097 5.253351e-07 2.9582456e-08 0.06579092 2.4038332e-06 3.3882716e-07
0.9959156 0.029649515 0.12108608 0.10908523 0.0038401568 0.4952417 0.0003012162 0.07571463 5.9635433e-05 0.074184515 0.0010127665 0.03085848 1.4140273e-06 0.9289865 8.0449936e-05 0.7122927 0.018280834 0.08248694 1.5373713e-05 9.7304555e-06 1.795518e-06 0.43600386 0.044009242 0.87104106 0.23776394 0.90415406 2.0442615e-11 0.84508663 2.1951457e-05 0.0077506052 4.5868285e-07 0.08889687 0.00880701 0.0014275234 0.0025185228 2.292674e-05 0.011736823 0.00013561713 0.00010755528 0.0036920605 9.069483e-07 0.0034882477 5.338248e-05 0.00060017477 0.008912609 0.21371488 0.0021564763 1.33327585e-05 4.780727e-07 0.0011344015 0.001087661 3.5169438e-07 3.5813775e-07 5.1769837e-07 7.1108786e-08 0.173474 0.007541315 2.745228e-07 2.0120874e-06 2.667761e-07 1.6325435e-05 0.0040966617 1.9577953e-07 4.7408257e-06 0.08852515 3.0208064e-08 9.631484e-08 1.0521126e-06 2.273519e-08 2.9698285e-05 0.013058028 0.0075794784 0.0012416942 4.196671e-08 0.0025878984 2.1898663e-07 0.04872437 0.005527 1.4638967e-07 0.042529766 5.7822254e-09 0.17426957 6.50762e-05 8.44282e-05 6.421657e-06 0.26297817 6.6761545e-06 0.0148498155 1.8839035e-05 1.6922887e-06 0.0013094984 0.0009253644 1.7844879e-05 8.765177e-06 0.0006306331 0.004065049 6.128573e-05 2.2964794e-07 0.11647642 4.4008343e-06 2.2830608e-07
0.9809831 0.00026366697 0.0022496856 0.031112105 0.00017018944 0.13578941 1.2121769e-06 0.0019997233 8.068689e-07 0.085738055 2.4491004e-05 0.048491996 1.1947635e-07 0.13623007 8.413301e-06 0.47583356 0.0011349594 0.007642219 1.6058827e-06 2.6382489e-08 3.276691e-08 0.8239894 0.15964454 0.9671578 0.47013968 0.14130175 0.84508663 9.033596e-15 1.7745352e-06 0.00088414334 1.485128e-06 0.81393945 0.039063375 2.5594512e-05 0.00033813028 1.234669e-06 0.15216798 6.3305874e-06 4.9844502e-06 0.17704216 4.636274e-07 0.00027157058 4.2143424e-06 1.0045357e-05 0.045802515 0.03456858 0.00021453663 1.1981375e-05 9.969399e-08 0.0027207388 0.010755633 8.7384585e-08 1.150754e-07 6.69278e-08 1.1426304e-08 0.72022116 0.027604194 4.9239745e-08 7.293277e-07 2.8771746e-07 5.009034e-06 0.0007583896 6.095522e-07 1.6522451e-06 0.03225319 8.4675854e-08 1.2616714e-07 3.5476967e-07 2.2490726e-08 5.7707916e-06 0.0024997222 0.011734916 0.00036103983 1.5524916e-08 0.0005843973 3.8901075e-07 0.07317267 0.012437161 3.4135486e-08 0.008701974 4.3019543e-09 0.08740429 5.9673155e-05 3.7600585e-05 8.4017427e-07 0.5288574 1.3273221e-05 0.009123517 1.011083e-05 8.4941104e-07 0.0031280098 0.00056479714 2.3035127e-06 3.0504511e-06 0.00016396579 0.0013455366 5.931737e-06 1.8563046e-07 0.18801957 1.8384254e-06 8.093875e-07
0.66367817 0.00022314407 1.1477844e-06 2.4438334e-06 0.095373325 1.8806881e-07 0.0034692197 0.00085655006 0.9149525 2.5904872e-06 0.061450742 2.3968967e-06 0.0011304829 1.989459e-05 0.76471275 3.6420163e-06 0.00030204665 9.0363574e-05 0.09582295 0.36038592 0.9768476 8.552203e-07 2.1435706e-06 1.241991e-06 2.3139912e-06 1.09382845e-05 2.1951457e-05 1.7745352e-06 2.774224e-14 0.0013531403 0.0027816715 4.980344e-08 2.508784e-07 0.013832399 0.003077963 0.9370465 1.2056263e-06 0.80324525 0.69962645 1.4664713e-06 2.093784e-05 0.004713066 0.38509515 0.069939755 5.315781e-06 8.822713e-05 0.0023392257 0.08588329 0.0001423564 2.8625894e-07 8.0732144e-07 0.009187059 0.024899166 0.002506987 0.03632165 2.4882374e-05 2.9104804e-06 0.015529123 0.0068230173 0.032214694 0.0021704878 0.0033612745 0.00056803384 0.0009242765 0.0019921085 0.0019564582 0.00813019 0.0003719311 0.0003580198 0.0009433681 0.0013591836 5.5464943e-06 1.5921873e-06 0.00023186325 0.00069318194 0.00017528831 3.796288e-05 1.0356006e-06 0.00038626572 0.00054832664 0.00041196748 0.0002090804 1.5511884e-07 0.0041042874 0.0011588564 8.332141e-05 5.2269104e-07 5.1850247e-06 1.2497791e-08 3.8175685e-06 1.07366446e-07 0.0006310687 4.3410408e-05 6.0138223e-06 0.0027372993 1.2382459e-05 1.3674994e-05 1.6214433e-07 1.9463816e-05 3.3858475e-06 9.443554e-08
0.82197624 0.010336806 0.010602093 0.00053246325 0.13248514 0.008144861 0.008183109 0.79388756 0.00782746 0.00023211168 0.5375359 1.2565586e-05 5.8412417e-07 0.050852567 0.055773653 0.00048660632 0.74461776 0.7903246 0.00023306416 0.1159741 0.0055548237 0.0002253152 2.8638811e-05 0.0004967594 5.4770342e-05 0.35244063 0.0077506052 0.00088414334 0.0013531403 3.3020449e-15 6.0668767e-06 5.8472837e-05 9.208793e-07 0.95460254 0.97922325 0.0009206082 1.3117481e-05 0.00039602883 0.0003997784 1.5399282e-06 5.704281e-07 0.9013649 0.000891811 0.14303878 6.3851425e-05 0.54669356 0.16967703 0.0001309102 7.662177e-07 8.3756555e-07 8.2618335e-06 6.194339e-06 1.236408e-06 1.6340762e-07 9.353637e-06 0.0020954872 0.00015859574 3.695692e-06 9.5545265e-06 1.5109716e-06 0.00030874865 0.10362776 1.5223214e-06 8.75604e-05 0.5865584 9.5940995e-06 2.8187185e-06 2.6833295e-06 1.9893537e-06 0.0006806753 0.097743794 0.00019050464 1.798825e-05 1.1535096e-07 0.012631115 6.7720152e-06 0.0017245467 2.9091778e-05 2.8437341e-06 0.1406891 1.4016385e-07 0.15133342 1.1971348e-07 0.00023596779 4.76571e-05 0.008891322 1.0554395e-07 0.0002614223 9.39205e-09 2.0067974e-07 2.0871912e-05 0.0041044825 3.1302166e-05 4.5563515e-06 0.0015872442 0.00013783018 6.9061543e-06 5.7326116e-07 0.0023802216 2.6806403e-05 2.900197e-07
