1.02381385e-19 0.0837247 0.45637977 0.028473597 0.32545242 0.8165247 0.8531896 0.7061539 0.83487654 0.9243455 0.47040698 0.33158422 0.13279146 0.7692732 0.39497453 0.93985647 0.007482022 0.9030733 0.2279887 0.048933014 0.1204868 0.75651574 0.71461725 0.9536964 0.11114046 0.853172 0.8811884 0.33141658 0.9381454 0.7722715 0.9803937 0.9351122 0.11211731 0.020611197 0.80814964 0.7397385 0.70099694 0.99102247 0.9217451 0.934167 0.9803356 0.8792088 0.97015303 0.9891073 0.90116817 0.941366 0.10900482 0.4247563 0.9539807 0.20310828 0.9043452 0.0008821754 0.9666699 0.00344774 0.94114494 0.0031967314 0.94556534 0.007070762 0.010073972 0.119625226 0.8970757 0.92446506 0.96495205 0.98528355 0.05773388 0.9445129 0.002085485 0.0008815081 4.414961e-05 0.86410534 0.87589705 0.13389358 0.9873361 0.84799945 0.968331 0.26589173 0.8996899 0.7456816 0.9917582 0.9952145 0.001549362 0.015867759 0.9333792 0.9900211 0.94112265 0.95624334 0.90626436 0.9077261 0.99580973 0.30336875 0.9961014 0.100762784 0.00014190625 0.001520117 0.9911281 0.9980224 0.09420684 0.9990306 0.99354935 0.99990886 0.5832441
0.0837247 8.90478e-15 0.91814166 0.99584824 0.7985281 0.50267625 0.601403 0.60772765 0.464004 0.6075229 0.7175288 0.0035147986 0.004643195 0.00016322518 0.21010706 0.09325354 0.059723347 0.0078046327 0.00051097287 0.0018357125 0.018947968 0.0001445309 0.0007998076 0.13388579 0.00019686895 0.0425726 0.0030762884 3.0316452e-05 0.015246186 0.019475583 0.008768664 0.044128533 2.056781e-05 2.3656545e-05 0.00017904499 0.00021002306 1.7713946e-05 0.13608976 0.001752299 2.9896577e-05 0.00020023958 1.5521036e-06 6.136767e-05 0.0025223843 9.994735e-05 7.757459e-05 1.1856016e-05 7.1008594e-07 0.0020158715 7.0006686e-06 0.005515524 0.0005243336 1.9742705e-05 6.7619158e-06 0.0016501469 1.8739138e-05 0.000109689805 5.4524276e-06 4.1129856e-06 6.985123e-06 1.4895458e-05 6.054251e-05 2.5612217e-05 0.010874412 1.1882881e-06 5.7698813e-05 1.1651068e-06 1.5238552e-06 7.479153e-05 1.6231273e-06 1.4391122e-05 1.1167384e-06 0.0001552453 1.1383142e-05 1.9387397e-05 4.2948264e-07 7.4747145e-06 4.492611e-05 0.0004748138 1.3281717e-05 1.1762987e-07 1.8108899e-06 0.00018180454 0.00016583213 0.0007168869 2.0028274e-06 0.0002168797 4.017802e-05 0.00010835483 1.2166539e-05 7.4376425e-05 6.2357994e-06 3.1130534e-09 1.2521957e-09 3.1364332e-06 0.0010534866 2.6767952e-07 5.1005827e-05 6.575145e-08 0.0009228764 4.8711584e-08
0.45637977 0.91814166 6.851291e-14 0.5678549 0.5832803 0.99262965 0.70837176 0.34403542 0.9152217 0.8066741 0.15310962 0.0013697759 0.00024548144 0.0003735225 0.2072725 0.17683478 0.0024071871 0.13072123 0.00076125475 0.0026538468 0.010406033 0.00013539575 0.0026125344 0.15389302 0.00044554225 0.08645821 0.011570669 2.1646363e-05 0.11956808 0.044820625 0.0021983094 0.28326598 1.8596926e-07 9.153845e-06 3.319617e-05 6.5357446e-05 0.00027292693 0.3889178 0.009657267 6.4603526e-05 0.0018812716 3.0000141e-05 0.00055932655 0.01967886 3.5875688e-05 0.0003315193 2.2999009e-07 1.4423526e-08 0.00083592645 4.403194e-06 0.017726006 0.0006000114 0.00032378527 1.3796654e-06 0.00077546085 1.7981295e-06 0.00020021726 3.8705504e-05 4.4520984e-06 6.917736e-06 3.9264443e-05 0.00018852415 2.550222e-05 0.1512856 7.594071e-07 0.0005845486 1.424128e-07 1.0377371e-06 5.310359e-06 1.2899178e-06 6.730019e-06 4.1924864e-08 0.0007033517 8.7039393e-07 1.294715e-05 5.1419274e-08 1.0061753e-05 8.98452e-06 0.0010091963 9.519093e-06 4.426645e-08 1.0590673e-07 0.0003706622 0.00014633895 0.00038005135 1.1111735e-05 0.00041625777 5.8086505e-05 0.0003544741 4.936745e-06 0.00020808005 3.6775677e-06 4.3331654e-09 1.1802372e-09 6.518253e-07 0.0014754621 4.838963e-07 0.00011328824 2.0634186e-06 0.0013326004 3.670595e-08
0.028473597 0.99584824 0.5678549 7.3983563e-17 0.9836477 0.06625798 0.56899065 0.5975014 0.16024725 0.44484514 0.059999682 0.012292586 0.023955489 0.000627987 0.008067379 0.031497404 0.0012993704 0.0003148595 8.150693e-05 2.9856632e-05 0.0005345635 0.00097348145 5.9421777e-06 0.075310744 2.9955625e-05 0.014240386 0.00025567203 0.00011152677 0.0010398161 0.0034876042 0.011934075 0.007730316 1.9243571e-05 8.3690764e-05 2.6851716e-05 3.7698897e-05 3.093791e-06 0.05763758 0.00010738371 0.00013700953 2.3013905e-05 6.813519e-08 2.7662775e-06 0.0004309778 3.2363198e-05 8.888277e-06 9.3627267e-07 4.7237455e-07 0.0012384912 7.6922095e-07 0.0010372765 7.49663e-06 3.4062386e-06 3.8810956e-07 0.0009206177 1.1871045e-06 0.00010786952 1.0368636e-06 7.648452e-07 2.853011e-06 3.6875979e-06 2.8864213e-06 2.0773634e-05 0.0028743746 2.0798073e-07 6.559595e-06 1.7305864e-07 6.260179e-07 5.207866e-06 1.0265894e-06 1.9486177e-05 1.62851e-07 2.4642777e-05 3.477e-06 1.6764256e-05 9.0937554e-08 1.333415e-06 2.6072687e-06 0.0003287214 2.5751785e-06 5.105454e-09 9.0153884e-07 7.025224e-05 9.779958e-06 0.00021600924 2.3996975e-07 7.411515e-05 1.5959049e-05 2.8348573e-05 1.2777933e-07 4.726188e-05 2.53766e-07 1.8642543e-09 1.1088064e-09 1.2050366e-06 0.00026829127 6.916607e-08 1.3413386e-05 1.425196e-07 0.0006542377 2.1139652e-08
0.32545242 0.7985281 0.5832803 0.9836477 1.885652e-11 0.040628117 0.83843184 0.93596697 0.29025295 0.74715024 0.040979948 0.66891426 0.4707113 0.10286868 0.023528788 0.10252702 0.0019578123 0.00033544985 0.00020062304 0.00046607672 0.0022083567 0.043984108 7.049808e-05 0.54189163 9.513588e-05 0.15668532 0.0005401743 0.0012853864 0.002014926 0.023914313 0.2843552 0.08425359 0.00029450216 0.003545737 0.003158973 0.0020613093 5.5837758e-05 0.33914673 0.0006848102 0.008641858 0.00013960697 1.0510837e-06 6.2263e-05 0.0012197554 0.0010337244 4.487464e-05 0.00013220521 2.086203e-06 0.027849665 2.0607587e-05 0.0077871643 1.8949671e-05 6.988005e-05 1.0167996e-05 0.043829642 3.2782653e-05 0.008694184 4.20643e-05 1.6353531e-05 0.00015818955 2.2639073e-05 9.8930286e-05 0.0019245977 0.011665984 1.3936054e-05 8.583728e-05 1.6371354e-05 3.2503285e-05 0.00011609531 3.9058564e-06 0.00038790258 6.1756083e-07 0.00026469008 5.683213e-05 0.00055671064 3.3391968e-06 5.3785618e-05 3.0352381e-05 0.0051798383 0.00010418256 2.520095e-07 5.1642937e-06 0.0024381836 0.00021283339 0.0036122876 5.922382e-06 0.0011550213 5.511979e-05 0.00034943904 4.416117e-06 0.0014065838 3.0656996e-05 9.294964e-08 2.5716245e-08 6.217792e-05 0.0041693277 3.8194257e-06 7.354484e-05 2.899442e-05 0.011935167 9.193389e-08
0.8165247 0.50267625 0.99262965 0.06625798 0.040628117 2.000536e-18 0.10249116 0.016309682 0.98054206 0.48722997 0.18687844 5.7761357e-05 1.3347427e-05 3.6348014e-05 0.5058412 0.41537872 0.0053297556 0.56219095 0.013956185 0.016242346 0.0150732845 2.4531878e-06 0.016257891 0.09386711 0.0010750089 0.18185417 0.11007283 1.7579071e-06 0.57037514 0.140544 0.00041668012 0.51404315 2.7763972e-08 4.1145526e-07 2.8414734e-06 1.7949872e-06 0.00026353952 0.2842524 0.15996398 4.4065546e-06 0.007284419 2.252721e-05 0.0020658565 0.098538525 5.663367e-07 0.0029266463 3.7253276e-08 2.4421964e-09 0.0013330497 1.28354595e-05 0.0664872 0.0009145832 0.00018857737 7.0644764e-06 0.00044450987 5.0920357e-06 2.66994e-05 3.0671927e-06 8.4303804e-07 9.657224e-07 8.707651e-05 0.0021058263 5.2180126e-06 0.25588414 1.6073981e-06 0.0090826545 4.169064e-09 2.4447155e-07 2.4182589e-06 2.8132238e-06 1.6908078e-06 5.8780813e-08 0.0054712836 3.0954126e-07 1.5562939e-06 1.5950109e-08 7.086119e-05 3.4172346e-05 0.00058099936 1.3541563e-06 6.232565e-08 1.2245922e-08 0.00014471477 0.0010831293 0.0018798341 0.00020632318 0.0015830824 0.0005533944 0.0033106199 1.5523694e-05 0.00023661024 1.1209372e-06 8.109845e-11 5.87039e-10 1.5147322e-07 0.002920939 5.8915487e-07 0.0006224959 4.4966548e-08 0.0009068766 1.631478e-08
0.8531896 0.601403 0.70837176 0.56899065 0.83843184 0.10249116 1.4294352e-14 0.9889529 0.50490195 0.96211916 0.023163743 0.2906982 0.11130447 0.16222908 0.0029442732 0.23132528 0.0003152257 0.0015261634 1.47312185e-05 2.5950776e-05 0.0003940117 0.023146216 2.3722241e-05 0.68953884 1.2696342e-05 0.2545052 0.00067467144 0.00045568863 0.010501245 0.05028481 0.21157028 0.18025199 9.3382936e-05 0.0005293863 0.0015812672 0.00049596274 3.2622052e-06 0.5180802 0.001162272 0.0015091175 2.8190047e-05 2.1467956e-07 1.4071586e-06 0.0033541783 0.0002888743 2.8584604e-06 7.5159187e-07 4.018599e-07 0.01173445 1.7453807e-07 0.018570388 1.7018561e-05 4.826593e-07 3.6564695e-06 0.010832626 8.007822e-07 0.0010418927 4.6103683e-06 3.8317407e-07 1.2708776e-06 2.9877393e-07 0.00011016491 0.00052364246 0.016841784 2.383049e-07 0.0004828117 1.5421732e-07 8.255343e-08 2.3683215e-06 2.3911806e-09 0.00014645288 1.972074e-09 0.00075278245 5.4417964e-05 0.000102579084 4.0274248e-08 7.1525267e-07 4.603178e-07 0.012997837 5.536282e-05 3.7614054e-08 4.4054026e-08 0.0016394312 0.00013801748 0.0026997926 1.0366322e-06 0.0023693123 4.5680314e-05 0.00013635322 5.5957507e-08 0.0014432416 1.0521868e-06 4.6347242e-08 1.3771032e-08 1.5715857e-08 0.007251378 5.16888e-08 2.3640554e-05 1.246941e-06 0.013058289 1.7132699e-09
0.7061539 0.60772765 0.34403542 0.5975014 0.93596697 0.016309682 0.9889529 3.0701837e-17 0.14361851 0.9020594 0.015503005 0.61739004 0.33320224 0.7261693 0.0006702918 0.13966495 0.00021545312 0.00017479353 2.7639992e-06 4.377816e-06 4.6068104e-05 0.26374155 4.53477e-07 0.64509195 1.949193e-06 0.16913292 9.8972e-05 0.0059413253 0.00078884565 0.0370813 0.3457848 0.060007308 0.0004301235 0.010292609 0.02346517 0.0018190192 2.4795392e-07 0.24197803 0.0004807517 0.027572295 9.4838384e-07 3.4745867e-08 1.5142166e-07 0.00080668094 0.00050583464 3.5207393e-07 4.201595e-05 4.807386e-07 0.02767895 1.1028632e-08 0.0032272728 8.0402606e-07 1.10360865e-07 9.3980447e-07 0.030365571 2.950724e-07 0.008711755 3.3431158e-06 1.3880239e-07 3.2352983e-07 3.8541383e-08 1.994885e-05 0.0012281847 0.0077641243 2.1983979e-08 4.369259e-05 6.6306825e-07 2.4100922e-08 2.1889673e-06 1.0663464e-10 0.00017590323 4.169823e-11 0.000101066405 5.1830797e-05 0.0001997515 1.8124034e-08 1.9536444e-08 1.3968965e-08 0.009414197 0.00011687894 1.7248473e-09 7.1497572e-09 0.0022388888 5.1148427e-06 0.003836897 1.8757768e-07 0.0018760866 9.373756e-06 0.00022545038 5.633881e-10 0.0010262033 4.814213e-07 6.94707e-08 1.1182939e-09 3.798323e-09 0.0068566334 1.7750109e-08 7.184346e-06 1.1175728e-06 0.012460116 2.5017322e-10
0.83487654 0.464004 0.9152217 0.16024725 0.29025295 0.98054206 0.50490195 0.14361851 3.9022494e-15 0.95030665 0.12368962 0.004764629 0.00039521465 0.002452616 0.122086205 0.96874636 0.0027269344 0.07428093 0.0023835371 0.0026468479 0.004149644 0.0005021678 0.0025319245 0.30229676 0.0005230541 0.3624372 0.023587123 8.0659505e-05 0.3000761 0.2716031 0.0076607745 0.5603247 2.4445746e-06 1.1956799e-05 0.00012594987 6.67833e-05 0.0001262132 0.56175137 0.06948853 0.00014021782 0.0012118749 2.645557e-05 0.00048746564 0.049617294 4.2433046e-05 0.00065265736 4.5201716e-07 2.6482212e-08 0.009827142 1.7621351e-06 0.08778207 0.0004612493 0.00011473039 1.3530596e-05 0.0023222195 1.3016654e-05 0.00026452605 2.9287892e-05 7.5307894e-06 2.913838e-06 3.9209845e-05 0.0013689655 9.4778996e-05 0.4555711 3.7378934e-06 0.004457101 6.165478e-08 4.300556e-07 6.9609046e-06 8.1085005e-07 1.0100161e-05 5.9597824e-08 0.0074653476 4.4884637e-06 1.5725644e-05 4.0961257e-08 4.34336e-05 3.417492e-05 0.0010812221 1.0987359e-05 1.9961237e-07 8.3900176e-08 0.0007323492 0.0011520026 0.0019421097 0.0001118749 0.005950628 0.0004509612 0.0025801715 8.93203e-06 0.00031834227 5.1562274e-06 1.1757508e-08 8.717363e-09 9.992071e-08 0.0101294285 2.8617188e-07 0.00041204155 6.617353e-07 0.0041872845 9.188353e-09
0.9243455 0.6075229 0.8066741 0.44484514 0.74715024 0.48722997 0.96211916 0.9020594 0.95030665 3.9925076e-13 0.07970348 0.09386993 0.022903098 0.119412266 0.012547893 0.93799156 0.00048160227 0.011246421 0.00015211721 0.00016859162 0.00036072233 0.025803346 0.00031777355 0.7599592 7.25576e-05 0.35521722 0.0025435404 0.0009992005 0.044917878 0.15101132 0.13678448 0.43299058 9.53196e-05 0.00039926593 0.0040159076 0.00053072785 1.9490137e-05 0.61415833 0.009630769 0.0038594117 0.00030993222 1.7347596e-06 7.034912e-05 0.018177344 0.0003871841 0.0003211498 4.3318914e-06 5.7254925e-07 0.024809044 3.014474e-07 0.03748855 7.026788e-06 1.1518103e-05 3.5991015e-06 0.011742506 6.748151e-07 0.0062792595 1.4788577e-05 2.9119212e-06 1.5344469e-06 4.502234e-06 0.00080056506 0.0011929488 0.082861446 2.5966693e-07 0.0019287446 1.3085365e-06 4.5772063e-07 5.7056004e-06 9.22791e-08 0.00033043188 1.0704842e-08 0.0024975988 0.00021684228 0.00029775122 1.1184465e-07 7.5914318e-06 1.1378355e-05 0.009628124 0.00016821052 8.085285e-08 1.2713885e-07 0.002693014 0.0004599449 0.004091814 1.510111e-05 0.0046116905 7.381396e-05 0.0015712624 4.7011517e-06 0.0010977448 1.1605844e-06 1.9318554e-07 4.6772172e-08 9.9595155e-08 0.015380212 1.973333e-07 0.000268068 5.242548e-06 0.017224535 7.673877e-09
0.47040698 0.7175288 0.15310962 0.059999682 0.040979948 0.18687844 0.023163743 0.015503005 0.12368962 0.07970348 1.8554008e-12 0.00055756903 0.0005989737 0.0014901249 0.86762124 0.010751905 0.9984199 0.2688852 0.012499696 0.18876524 0.4909838 6.615088e-05 0.00063767686 0.050694995 0.0024144768 0.012213093 0.00032271465 1.04135615e-05 0.15125418 0.0033471612 0.0024178005 0.100339934 3.951359e-06 7.2757924e-05 8.445558e-05 0.0002620893 0.00026083732 0.22863561 0.00021620172 9.78993e-05 6.429688e-05 1.9827143e-05 5.9713316e-06 0.0050757485 1.6616656e-05 7.0175333e-06 1.0362314e-05 1.8314816e-08 0.0004213274 7.784468e-06 0.0033409952 0.0054574097 4.5815978e-06 8.791166e-05 0.00046784204 5.4907734e-05 0.00011711449 8.1474245e-06 6.35856e-06 1.2343576e-05 6.3153465e-07 4.9085706e-05 0.000108484695 0.11281431 2.3817063e-07 3.891193e-06 2.480638e-06 2.3333114e-05 0.00020926772 2.8685525e-07 3.6403027e-05 1.4968743e-08 4.0310086e-05 1.0113279e-05 5.4791576e-06 6.491318e-07 5.894417e-08 1.7577141e-06 8.584694e-05 1.4494776e-06 2.7043777e-06 3.5327605e-05 2.4021725e-05 3.3542901e-06 0.00029093595 1.5396103e-07 0.00014067482 4.717576e-06 0.00011034893 1.1298183e-06 7.696565e-06 2.9833775e-05 1.5654119e-07 1.6152411e-08 1.1484922e-05 0.002026469 7.0182654e-07 1.3208461e-06 1.1700713e-05 0.0006307967 3.527392e-08
0.33158422 0.0035147986 0.0013697759 0.012292586 0.66891426 5.7761357e-05 0.2906982 0.61739004 0.004764629 0.09386993 0.00055756903 1.1351553e-16 0.9978618 0.9493499 9.4308154e-05 0.009422627 1.5077971e-05 1.6071468e-06 1.8740702e-06 5.336418e-06 1.2830062e-05 0.17869423 5.408198e-07 0.13653037 4.0892996e-06 0.01121019 2.7711665e-05 0.016226973 0.00010085362 0.0019085096 0.22582358 0.0011657759 0.002013129 0.035259005 0.015707098 0.019348478 1.8667372e-06 0.034331076 0.00013662475 0.011063175 1.2055061e-05 1.7055801e-07 7.989885e-06 0.0003363383 0.0028578218 1.2165959e-05 0.0002111737 8.716275e-05 0.01132619 5.245386e-07 0.00089119415 3.745328e-07 4.877416e-06 2.9564055e-07 0.05152255 2.7674238e-07 0.0053012264 2.0193627e-07 8.902536e-08 3.6316268e-07 1.916934e-06 1.8636483e-05 0.0034872931 0.000927285 1.9422353e-07 1.3667915e-05 3.172447e-05 2.586752e-08 4.6049965e-07 2.4294621e-07 0.00083910424 4.186717e-08 4.3640866e-05 0.00013753067 0.00051950384 3.0641448e-07 5.893571e-07 1.4530331e-06 0.020948274 0.00057911663 1.4564627e-08 7.213349e-07 0.00403913 1.338133e-05 0.0033658184 8.741065e-07 0.00085468066 2.5195739e-05 0.00015427933 2.3410277e-07 0.0018400276 4.906293e-08 1.1073485e-08 4.1675774e-09 7.6633097e-07 0.0007941619 1.2372544e-07 2.679462e-05 2.65833e-06 0.0099378945 1.455735e-08
0.13279146 0.004643195 0.00024548144 0.023955489 0.4707113 1.3347427e-05 0.11130447 0.33320224 0.00039521465 0.022903098 0.0005989737 0.9978618 5.0639873e-15 0.99150884 0.000102303 0.0011493437 6.439534e-06 1.4945857e-07 3.4701166e-06 3.11337e-06 1.9018777e-05 0.13054006 2.8289372e-07 0.03851403 5.9502927e-06 0.003298636 6.107792e-06 0.020086605 1.45443e-05 0.00024524907 0.11710698 0.00042477745 0.0060254447 0.067879945 0.011592566 0.014998605 2.9981989e-06 0.008513758 7.3983765e-06 0.007416631 4.577558e-06 3.7296664e-07 1.6902515e-06 1.6506287e-05 0.0011939589 1.4929752e-06 0.0002343665 4.9007638e-05 0.008632443 4.5147516e-07 0.0001713083 1.6531885e-07 1.7330958e-06 2.6209017e-07 0.024604328 5.1467777e-07 0.0027877386 2.2420156e-07 1.6651539e-07 4.4472716e-07 1.6561055e-06 1.3379404e-05 0.0024849072 0.00031809494 4.092879e-07 1.8267526e-06 6.521971e-05 6.6641825e-08 8.022552e-07 1.5630579e-07 0.000521071 8.87668e-08 7.266219e-06 0.00019249452 0.0005123123 2.0272971e-07 6.480123e-07 1.8409745e-06 0.007922905 0.00038440185 4.6121555e-09 1.2422717e-06 0.0022634694 3.616339e-06 0.0026544165 1.7785294e-07 0.0003792827 3.3739373e-06 7.9184174e-05 8.2639446e-08 0.00097103266 5.3815246e-08 1.14092245e-07 1.3909199e-08 9.211305e-07 0.00069678144 8.655201e-09 4.198341e-06 2.2073289e-06 0.005102196 7.0610167e-09
0.7692732 0.00016322518 0.0003735225 0.000627987 0.10286868 3.6348014e-05 0.16222908 0.7261693 0.002452616 0.119412266 0.0014901249 0.9493499 0.99150884 1.5767423e-14 1.8069026e-05 0.006695053 9.896251e-06 2.9110659e-08 1.8813986e-07 2.3957438e-07 1.2082644e-06 0.82352656 7.4307614e-08 0.20217529 1.1755726e-06 0.008822726 1.8821445e-06 0.40417463 2.1607115e-05 0.0012434542 0.6228105 0.00090016087 0.07564704 0.5696909 0.45752275 0.40716928 1.7022773e-08 0.026054269 7.167751e-06 0.4008419 4.0960145e-07 7.550382e-09 1.03137374e-07 1.09788125e-05 0.102155134 1.4834902e-06 0.049102973 0.00534642 0.04587521 6.734406e-09 0.00046502252 1.978718e-08 3.7564654e-08 1.27165105e-08 0.22895432 3.4709174e-08 0.13362369 6.6845223e-09 2.143739e-09 1.4594604e-08 2.1766144e-08 3.6287678e-05 0.07620634 0.0005300756 1.5697974e-08 1.0778293e-06 0.00076651195 4.2440487e-09 9.66706e-08 4.5874584e-09 0.01696771 4.271156e-09 7.070226e-06 0.005372646 0.006721399 5.347287e-05 2.5439924e-08 1.5601739e-08 0.16137458 0.00894643 4.876585e-09 0.00021242216 0.04610076 1.0037328e-06 0.015651876 1.9050535e-08 0.0004432186 9.305426e-07 1.8542823e-05 2.216121e-09 0.0075260517 3.789728e-08 2.226391e-05 2.2315778e-07 3.324821e-08 0.00031994717 2.0279147e-08 6.6414505e-06 0.00010605272 0.04904418 1.8159736e-09
0.39497453 0.21010706 0.2072725 0.008067379 0.023528788 0.5058412 0.0029442732 0.0006702918 0.122086205 0.012547893 0.86762124 9.4308154e-05 0.000102303 1.8069026e-05 2.83897e-16 0.018239032 0.8665717 0.9485703 0.5891913 0.96308804 0.9441634 1.315401e-05 0.10044138 0.002379139 0.084697105 0.007731967 0.05041181 1.9412337e-05 0.57891214 0.0046476624 0.001249522 0.022580298 9.0090276e-07 2.9272365e-05 4.021716e-05 5.7571786e-05 0.0028343976 0.017739711 0.015673669 1.42157705e-05 0.009101079 0.00010979593 0.0005257747 0.07170533 1.3014693e-05 0.00071631756 5.151234e-06 7.295058e-09 0.00024273444 0.00012028643 0.009546376 0.6211684 5.8050562e-05 0.06292106 0.00042633896 0.042491578 0.0002030241 0.0015396978 0.00050995906 0.00044984615 2.3466808e-05 0.00039802634 2.301612e-05 0.036404107 3.0718556e-06 0.00027921435 1.4195828e-07 0.004630232 0.008695258 5.9118776e-07 1.7797647e-05 6.84751e-08 0.00032621215 6.432322e-06 9.504071e-06 2.4600147e-06 4.3202153e-06 2.695906e-06 0.00022384872 1.1118104e-05 8.435198e-07 8.1753e-07 0.00013123945 3.294352e-05 0.00046418645 1.1188279e-06 0.00010270633 1.9868803e-05 0.00036712413 9.322801e-07 6.234638e-05 3.52377e-05 3.499523e-07 7.410079e-09 9.2941136e-08 0.00087269506 7.572884e-08 2.7397096e-05 1.0179464e-05 0.00027178848 4.3409742e-09
0.93985647 0.09325354 0.17683478 0.031497404 0.10252702 0.41537872 0.23132528 0.13966495 0.96874636 0.93799156 0.010751905 0.009422627 0.0011493437 0.006695053 0.018239032 6.742482e-15 0.00039598523 0.027057972 0.00067264255 0.000929842 0.000563676 0.009371366 0.00058248907 0.8267957 0.00017917137 0.8342492 0.016796246 0.00020773307 0.35189185 0.6523887 0.1310336 0.8573284 1.5865375e-05 3.0881267e-05 0.0022190337 0.00023877072 6.8447944e-06 0.9119963 0.090041205 0.0015135036 0.00028675064 1.6592768e-06 4.8126527e-05 0.093139775 0.00014027185 0.0010493065 3.293653e-06 3.6138857e-07 0.101019464 1.0264652e-06 0.3441569 0.00012997484 5.014722e-06 4.580156e-06 0.018633198 3.7248053e-06 0.003659999 6.1093065e-06 2.5889215e-06 4.483706e-06 3.4385798e-06 0.007069592 0.00082241633 0.6900485 7.1999057e-07 0.027193077 1.827438e-07 5.06445e-08 3.4407055e-06 1.9002223e-07 0.0001483462 4.3323e-08 0.031311505 0.0003273031 6.441742e-05 1.4759875e-07 1.7037059e-05 9.546785e-06 0.012731864 8.607262e-05 1.1479633e-07 2.019688e-07 0.012333403 0.0033573469 0.027340729 0.00022629589 0.027227372 0.0008573518 0.0049106074 1.871004e-06 0.0018617735 2.1247614e-07 1.541862e-08 1.1970616e-07 1.24173845e-08 0.037396286 3.1839917e-07 0.0010109876 2.4104397e-06 0.02050735 4.5754343e-09
0.007482022 0.059723347 0.0024071871 0.0012993704 0.0019578123 0.0053297556 0.0003152257 0.00021545312 0.0027269344 0.00048160227 0.9984199 1.5077971e-05 6.439534e-06 9.896251e-06 0.8665717 0.00039598523 1.4239777e-16 0.014508795 0.071587525 0.7423037 0.9762615 1.7996555e-07 0.0009980045 2.0796786e-05 0.044342194 4.521079e-06 0.00013440437 9.686957e-08 0.0018207862 2.2435095e-06 3.952987e-06 5.353492e-05 2.644128e-08 8.1068066e-07 1.2689127e-07 2.4496364e-06 0.00036526707 0.00059212395 7.022159e-06 4.252056e-08 3.4911047e-06 7.6147653e-06 3.4000366e-06 0.00015354688 1.886501e-07 8.021175e-07 6.220716e-07 1.3704478e-08 2.689867e-07 5.9847436e-05 2.198521e-05 0.76199293 7.4699474e-06 0.011554988 1.4786954e-07 0.017639924 9.4528133e-07 0.0026048685 0.00081497204 9.094454e-05 1.570091e-06 4.506355e-07 4.415403e-07 0.001328477 3.1312166e-07 8.642145e-07 1.1811949e-08 0.0011681415 0.049126618 3.9514302e-06 3.0152702e-07 3.5324955e-08 4.540541e-06 7.669564e-08 1.0183663e-06 2.7270989e-08 3.6336428e-07 4.611241e-07 5.138408e-06 9.708019e-07 5.321078e-07 9.068969e-08 4.3144794e-08 2.1281114e-07 3.2763586e-07 2.2403312e-07 6.6359013e-07 9.015809e-07 5.6260915e-06 1.0702557e-06 2.1136901e-07 5.2163233e-07 1.1814178e-08 2.2335993e-10 1.4220781e-06 3.3825185e-05 2.2674098e-07 3.969225e-07 2.2339e-06 5.5382723e-05 9.439948e-09
0.9030733 0.0078046327 0.13072123 0.0003148595 0.00033544985 0.56219095 0.0015261634 0.00017479353 0.07428093 0.011246421 0.2688852 1.6071468e-06 1.4945857e-07 2.9110659e-08 0.9485703 0.027057972 0.014508795 1.1083906e-15 0.9133277 0.7049469 0.7875894 4.416502e-07 0.58223194 0.0015623556 0.40224752 0.004323307 0.8655014 2.719278e-07 0.9552791 0.009661817 5.203182e-05 0.03930221 1.1865391e-09 3.239831e-07 7.5571893e-07 5.048542e-06 0.1814124 0.016673407 0.52077043 9.870274e-08 0.32867232 0.009130111 0.03887692 0.533287 8.5009546e-08 0.022547001 5.7503624e-09 1.6501914e-10 0.00054062397 0.0011451003 0.02448867 0.2966357 0.0005046354 0.032949913 8.564635e-05 0.01572179 3.0836316e-06 0.004027082 0.0016708679 0.00035521775 0.00017462892 0.009131978 5.178638e-07 0.012313237 3.66919e-05 0.01400338 3.438614e-09 0.001778902 0.00014006012 5.5426126e-06 8.308592e-08 1.942018e-06 0.0065966644 5.7608136e-09 5.510258e-08 5.145418e-09 7.893702e-05 3.4739758e-05 1.5753834e-05 1.8028084e-08 3.516852e-06 5.660089e-09 1.1277832e-05 0.0015417167 0.00037368512 0.00022339597 0.000768061 0.0012345873 0.019971123 3.0485825e-07 7.702024e-07 6.5937834e-06 4.6043414e-09 4.0890315e-11 8.298354e-06 0.001996206 9.109644e-07 0.00024612536 1.2038373e-08 0.00036265532 4.418941e-09
0.2279887 0.00051097287 0.00076125475 8.150693e-05 0.00020062304 0.013956185 1.47312185e-05 2.7639992e-06 0.0023835371 0.00015211721 0.012499696 1.8740702e-06 3.4701166e-06 1.8813986e-07 0.5891913 0.00067264255 0.071587525 0.9133277 3.304059e-16 0.9536075 0.27041033 1.7687663e-07 0.9254383 0.00014210357 0.97474843 0.0020587721 0.62281686 7.780676e-06 0.42715698 0.0021179025 1.0732409e-05 0.0026988632 5.971146e-07 8.20087e-06 6.720869e-07 1.2189296e-06 0.16109765 0.0011973621 0.23531218 1.5091744e-06 0.2686449 0.012031994 0.10181585 0.056840863 5.314967e-07 0.0077782213 1.721527e-06 1.0706721e-08 3.4689598e-05 0.0057539656 0.0054558557 0.08993463 0.00477164 0.015862666 4.2071082e-05 0.004770082 2.114913e-06 0.0019075107 0.0012866565 0.0009844932 0.0010966967 0.002392924 4.0154535e-07 0.0014778688 0.0002249678 0.0018764184 1.16540065e-07 0.0026462977 0.00035498544 0.00014436821 4.4153484e-07 1.7332794e-06 0.0007950675 1.5494956e-07 4.098445e-07 4.2898783e-08 0.00018418598 0.00023304216 2.324454e-05 6.491541e-07 4.8286736e-05 3.2044412e-07 1.629686e-05 0.00029118356 6.706003e-05 0.00017757864 8.166549e-05 0.0014716347 0.002551985 6.641675e-05 6.216793e-06 6.7326823e-06 9.1920036e-08 1.4964547e-08 2.3310137e-07 0.0002472959 1.5917296e-05 0.00028951108 2.169699e-06 0.00010094782 1.4968352e-07
0.048933014 0.0018357125 0.0026538468 2.9856632e-05 0.00046607672 0.016242346 2.5950776e-05 4.377816e-06 0.0026468479 0.00016859162 0.18876524 5.336418e-06 3.11337e-06 2.3957438e-07 0.96308804 0.000929842 0.7423037 0.7049469 0.9536075 1.1531018e-16 0.9475211 3.9408795e-07 0.3401307 5.9039565e-05 0.95836335 0.00020678766 0.103568174 1.2530642e-05 0.14418879 0.00018733359 5.074151e-05 0.0007093435 3.7473271e-06 6.82194e-06 6.822737e-07 1.4716697e-05 0.09274353 0.00036139344 0.022824815 4.2380852e-06 0.022590647 0.0028033361 0.006358915 0.0129637765 2.395793e-06 0.00029689295 2.241262e-06 1.804896e-09 2.5022417e-05 0.004133035 0.00096061116 0.1696574 0.00025028086 0.0423186 3.57806e-05 0.027856985 1.54256e-05 0.0063515143 0.0029162236 0.00084763125 0.000112368914 0.00015584445 4.3716454e-06 0.0007458308 0.0001336129 0.00012016844 2.622577e-07 0.0069605666 0.0057840906 3.4960321e-06 2.5439344e-06 2.0798689e-07 0.00019590383 1.0448692e-06 5.413989e-07 2.616167e-07 4.9227892e-05 1.0808395e-05 1.2294773e-05 2.4338772e-07 1.2562769e-05 2.0162126e-07 8.635439e-07 6.730395e-05 1.927452e-05 2.172346e-05 2.618351e-05 4.9278384e-05 0.00012745056 1.3101615e-07 1.1905977e-06 4.6926943e-06 2.8979917e-08 1.265133e-09 1.5606048e-07 0.000108741166 2.427424e-07 1.7948221e-05 1.6041088e-06 3.267665e-05 2.2556703e-09
0.1204868 0.018947968 0.010406033 0.0005345635 0.0022083567 0.0150732845 0.0003940117 4.6068104e-05 0.004149644 0.00036072233 0.4909838 1.2830062e-05 1.9018777e-05 1.2082644e-06 0.9441634 0.000563676 0.9762615 0.7875894 0.27041033 0.9475211 2.2494575e-13 5.056584e-06 0.016897343 0.00011187224 0.36021042 6.527335e-05 0.02059916 2.686711e-05 0.2773916 3.471316e-05 0.0003114561 0.001560989 2.704935e-06 2.502471e-05 6.711393e-06 0.00043491114 0.038834408 0.0007219092 0.0039008036 1.394326e-05 0.020865798 0.00065890566 0.00044027864 0.015815161 9.32808e-06 8.429541e-06 2.7520095e-05 8.336713e-10 2.8389291e-05 0.0018511974 0.0017881439 0.9023002 7.0098315e-05 0.17005065 4.9103124e-05 0.19677137 0.000117495176 0.022506764 0.0055217603 0.002650598 7.519928e-05 4.811558e-06 6.0905433e-05 0.01401673 2.2188515e-05 1.8260498e-05 6.090223e-07 0.024526084 0.046066638 6.8800427e-06 1.2552615e-05 4.159577e-07 7.120369e-05 2.2285876e-07 2.181156e-05 6.104071e-06 1.5827456e-05 5.7531697e-06 2.640745e-05 2.5082852e-06 1.7714672e-05 1.5601873e-06 6.0805346e-06 6.2385116e-06 2.7863645e-05 2.0530233e-06 4.705013e-06 2.4404937e-06 0.00055318885 3.5687983e-06 2.4151225e-06 0.00016894072 5.6309432e-08 1.9882846e-09 4.6846217e-05 0.00086119794 7.0447836e-06 1.4167987e-06 9.867122e-06 0.001267076 3.4471248e-07
0.75651574 0.0001445309 0.00013539575 0.00097348145 0.043984108 2.4531878e-06 0.023146216 0.26374155 0.0005021678 0.025803346 6.615088e-05 0.17869423 0.13054006 0.82352656 1.315401e-05 0.009371366 1.7996555e-07 4.416502e-07 1.7687663e-07 3.9408795e-07 5.056584e-06 5.1131677e-18 5.665949e-07 0.30876386 8.423514e-06 0.058568053 1.9648209e-05 0.98931926 5.3015265e-05 0.007593246 0.88233745 0.00019072567 0.37262067 0.3770647 0.92005914 0.8274451 4.2770583e-07 0.014028504 0.00029705014 0.28976017 1.6389307e-06 5.498153e-08 1.117868e-06 0.00025773898 0.30435073 2.101034e-06 0.045483366 0.0019356547 0.031526823 5.271262e-07 0.00223742 4.5779265e-07 9.290835e-08 3.1058536e-07 0.28794938 3.198678e-06 0.056243062 1.6848938e-06 1.271887e-07 7.8676516e-07 4.486471e-07 3.0498799e-05 0.03114037 0.0017196715 3.5370886e-07 0.000241562 0.0007264615 4.5042604e-08 2.1042209e-07 9.458463e-08 0.0075420025 1.2681711e-07 0.0006985962 0.0067941 0.0026962673 1.0087916e-05 4.139995e-07 4.3031244e-07 0.279461 0.0022481168 3.1869627e-07 1.0456004e-05 0.028749978 0.000103986815 0.008491552 1.9940386e-05 0.0008810803 6.8894783e-06 0.00020081559 3.2885637e-07 0.012275559 3.555575e-07 2.7354604e-06 2.329596e-07 1.6170948e-07 0.002931627 7.675019e-07 3.746732e-05 5.042678e-05 0.022709725 2.8830728e-08
0.71461725 0.0007998076 0.0026125344 5.9421777e-06 7.049808e-05 0.016257891 2.3722241e-05 4.53477e-07 0.0025319245 0.00031777355 0.00063767686 5.408198e-07 2.8289372e-07 7.4307614e-08 0.10044138 0.00058248907 0.0009980045 0.58223194 0.9254383 0.3401307 0.016897343 5.665949e-07 9.498442e-14 4.529134e-05 0.90661 0.0005149424 0.9568374 1.2029227e-06 0.062026422 0.00077472127 1.8533612e-05 0.00079218426 2.1066233e-08 4.5550396e-06 1.166164e-06 2.1304274e-06 0.88180137 0.0003417404 0.0523947 1.2898267e-06 0.69441485 0.8426071 0.6692063 0.05465722 1.3723038e-06 0.012522974 6.6533653e-07 4.6165535e-10 0.00021431966 0.20948249 0.0027137746 0.011159385 0.22675294 0.03984486 3.0228886e-05 0.018930605 1.3809088e-05 0.010633494 0.006609227 0.008883554 0.046440028 0.008803927 3.0133658e-06 0.00057547697 0.041163936 0.005688286 3.6788235e-06 0.012477775 0.00018751805 0.0077879666 5.66952e-06 0.00172602 0.0026394045 9.530142e-07 3.6764247e-06 2.352714e-08 0.004735776 0.004408802 9.475662e-06 1.0403561e-06 0.004356683 2.8038627e-08 5.177203e-06 0.0025437684 0.00010486827 0.0077970214 0.00043763552 0.0095107 0.08559373 0.0015684606 4.2250504e-06 0.00046653126 1.8793095e-07 2.35143e-09 0.0005248779 0.0007865237 0.00042337834 0.0040836646 1.1696679e-06 6.748789e-05 1.6028878e-05
0.9536964 0.13388579 0.15389302 0.075310744 0.54189163 0.09386711 0.68953884 0.64509195 0.30229676 0.7599592 0.050694995 0.13653037 0.03851403 0.20217529 0.002379139 0.8267957 2.0796786e-05 0.0015623556 0.00014210357 5.9039565e-05 0.00011187224 0.30876386 4.529134e-05 3.2780107e-15 0.00012309714 0.95675457 0.0002541512 0.007145951 0.004123417 0.30100104 0.869316 0.26473224 0.0006910924 0.0005391679 0.17743488 0.0052109817 8.72886e-07 0.8598927 0.003355695 0.23085521 1.421083e-06 3.1171953e-07 6.3149514e-08 0.0056458926 0.0046973787 4.7015976e-05 0.00012297828 2.3370838e-05 0.604355 3.9384486e-07 0.126064 0.00020526825 2.6958467e-08 1.4868172e-06 0.29839504 1.2631006e-05 0.1953737 2.4473761e-06 5.4759056e-07 5.3648785e-07 2.7374227e-08 0.0012804016 0.005773355 0.04394322 7.009924e-07 0.004573795 1.4335618e-05 9.8769405e-08 1.0635222e-06 7.467681e-10 0.00038053992 2.1064507e-08 0.011356263 0.00054871035 0.00020933017 9.341454e-07 1.0311019e-06 2.4427672e-07 0.057000957 0.00089138414 5.3403505e-07 1.2607003e-06 0.08303612 0.00088365143 0.11277976 3.2386774e-06 0.052155863 5.387453e-05 0.0015495438 7.1404116e-08 0.018679185 2.2305757e-07 5.271006e-07 2.443726e-08 1.064384e-09 0.099549375 7.3168667e-07 0.00013678549 1.9497962e-05 0.19025095 1.5897222e-09
0.11114046 0.00019686895 0.00044554225 2.9955625e-05 9.513588e-05 0.0010750089 1.2696342e-05 1.949193e-06 0.0005230541 7.25576e-05 0.0024144768 4.0892996e-06 5.9502927e-06 1.1755726e-06 0.084697105 0.00017917137 0.044342194 0.40224752 0.97474843 0.95836335 0.36021042 8.423514e-06 0.90661 0.00012309714 1.5900297e-15 0.00030284768 0.17464161 4.3400352e-05 0.03958233 0.00014025714 6.353162e-05 0.0003091181 1.4188506e-05 4.363546e-05 2.0997591e-05 9.3625844e-05 0.94763213 0.00018205386 0.020704392 2.78739e-05 0.2093917 0.22543989 0.23795843 0.010296438 2.4627763e-05 0.001226287 3.7499638e-05 3.434552e-08 2.4975929e-05 0.14331193 0.0006916832 0.05191359 0.04188167 0.15419023 3.676746e-05 0.07952767 3.3172942e-05 0.04829988 0.03306913 0.023504483 0.0119622415 0.00041796567 7.198337e-06 0.00035569264 0.008873867 0.00026341213 1.4806661e-06 0.01712371 0.0012391692 0.0025749921 5.7959255e-06 0.00027372144 0.00044319872 4.0111004e-06 1.3240122e-05 2.4517049e-06 0.0014765277 0.00053877773 1.2352301e-05 2.2912436e-06 0.0034661938 3.76003e-07 7.651924e-07 0.00026983058 5.6824565e-06 0.0005669679 9.024631e-06 0.0005982176 0.0021952058 0.00033742274 1.2356891e-06 8.951204e-05 1.15962395e-08 4.208245e-08 1.832003e-05 1.8271578e-05 0.00016894845 0.00014112578 2.8519842e-05 1.1930614e-05 2.2748052e-06
0.853172 0.0425726 0.08645821 0.014240386 0.15668532 0.18185417 0.2545052 0.16913292 0.3624372 0.35521722 0.012213093 0.01121019 0.003298636 0.008822726 0.007731967 0.8342492 4.521079e-06 0.004323307 0.0020587721 0.00020678766 6.527335e-05 0.058568053 0.0005149424 0.95675457 0.00030284768 3.8514628e-16 0.007403399 0.0009907281 0.053934254 0.9530855 0.37890962 0.6261375 0.00012922732 1.0075475e-05 0.044218253 0.00064112333 2.4509813e-05 0.92168474 0.051602397 0.04458471 7.621715e-05 1.5136601e-06 2.8891323e-05 0.027578985 0.0023102958 0.00087452086 1.7720671e-05 2.3720386e-05 0.45695138 4.861223e-06 0.4354886 0.00022562462 7.7855975e-06 4.4589015e-06 0.098829396 8.3445455e-05 0.03396209 0.00017305888 5.7006832e-06 6.816796e-06 3.4798827e-06 0.013251909 0.001958777 0.12208031 7.3606893e-06 0.021006726 2.2269762e-06 6.414459e-08 1.2402149e-05 1.18403996e-07 0.0003451495 1.3467952e-07 0.053428434 0.00057465705 0.00024706442 4.126742e-07 5.7956193e-05 2.6589907e-05 0.01366577 0.00045595143 1.2659411e-06 3.0554093e-06 0.036980115 0.0053645237 0.08547792 3.8831175e-05 0.11305335 0.0012285116 0.0034750195 1.3017305e-06 0.026797911 1.0545375e-06 3.1199384e-08 6.236715e-08 1.8486142e-09 0.098978855 4.3558748e-07 0.0015184754 1.3489072e-05 0.0840606 9.893377e-09
0.8811884 0.0030762884 0.011570669 0.00025567203 0.0005401743 0.11007283 0.00067467144 9.8972e-05 0.023587123 0.0025435404 0.00032271465 2.7711665e-05 6.107792e-06 1.8821445e-06 0.05041181 0.016796246 0.00013440437 0.8655014 0.62281686 0.103568174 0.02059916 1.9648209e-05 0.9568374 0.0002541512 0.17464161 0.007403399 2.071812e-16 7.1208756e-06 0.40463847 0.0070404727 0.00012768451 0.0071862494 5.614414e-07 2.1756996e-06 1.124722e-05 1.6226321e-06 0.15439425 0.0014579443 0.78577256 1.3597488e-05 0.9698868 0.20805801 0.656313 0.32501516 5.244886e-07 0.47086233 6.3067216e-07 6.617214e-09 0.0014543087 0.020864043 0.016228985 0.0064309025 0.26073116 0.030499544 0.00014181885 0.011612461 3.1982898e-05 0.0037392115 0.0024087096 0.0019588517 0.022739876 0.048063885 1.4827306e-06 0.0025004016 0.00970138 0.04213967 6.4318345e-07 0.001681487 4.017101e-05 0.0002048521 3.3989386e-07 0.0002156295 0.032611877 2.2614105e-07 1.3936972e-07 2.6476606e-08 0.001828951 0.002435611 2.5094469e-05 4.0816838e-07 0.00034376426 2.6750612e-08 0.00016018006 0.020542873 0.0016268252 0.026409239 0.0018306313 0.03512068 0.26450917 0.0019305985 0.00020426977 4.2250853e-05 2.882974e-08 1.710466e-08 5.5405653e-05 0.007921907 0.00042143746 0.012205052 2.753327e-07 0.0023206633 1.6247855e-05
0.33141658 3.0316452e-05 2.1646363e-05 0.00011152677 0.0012853864 1.7579071e-06 0.00045568863 0.0059413253 8.0659505e-05 0.0009992005 1.04135615e-05 0.016226973 0.020086605 0.40417463 1.9412337e-05 0.00020773307 9.686957e-08 2.719278e-07 7.780676e-06 1.2530642e-05 2.686711e-05 0.98931926 1.2029227e-06 0.007145951 4.3400352e-05 0.0009907281 7.1208756e-06 1.1273671e-14 3.759236e-06 0.00016146316 0.17058548 4.9665352e-05 0.90371615 0.5639318 0.6604268 0.93324655 5.316521e-06 0.0007798653 6.5231875e-06 0.115779296 2.4586002e-06 5.6305353e-08 1.5874484e-07 2.6944244e-05 0.37395614 5.3023155e-07 0.6267517 0.085452855 0.0017302178 1.1006347e-06 0.000103343795 6.4523846e-07 3.9469467e-07 4.8293996e-06 0.038368892 3.3458415e-05 0.038667664 3.803304e-05 1.4165738e-05 9.463471e-06 1.6129623e-07 4.7813223e-06 0.034760036 0.00013398065 1.4908182e-06 4.732721e-06 0.010027393 5.763392e-07 2.4848596e-06 2.2473671e-07 0.011428894 2.3291803e-07 2.7402164e-05 0.027209168 0.0066446094 3.1530013e-05 3.279852e-06 3.983593e-07 0.09308331 0.0053539462 5.05695e-06 4.8796977e-05 0.0066091516 1.4569136e-05 0.0008844667 1.4979291e-07 3.056565e-05 1.121872e-06 4.432128e-06 1.6692545e-07 0.0020334634 4.202302e-06 1.7552495e-05 7.062943e-07 1.7262792e-07 0.0003923203 3.3739485e-07 1.7248237e-06 0.00017166745 0.003061757 4.5798718e-08
0.9381454 0.015246186 0.11956808 0.0010398161 0.002014926 0.57037514 0.010501245 0.00078884565 0.3000761 0.044917878 0.15125418 0.00010085362 1.45443e-05 2.1607115e-05 0.57891214 0.35189185 0.0018207862 0.9552791 0.42715698 0.14418879 0.2773916 5.3015265e-05 0.062026422 0.004123417 0.03958233 0.053934254 0.40463847 3.759236e-06 1.6992477e-15 0.091253296 0.00054976635 0.16850331 9.5103314e-07 5.018989e-06 4.7991594e-05 5.9499575e-06 0.020854777 0.046723347 0.8848874 1.9044059e-05 0.109158434 0.004694029 0.018454256 0.9683023 9.5091343e-07 0.07251442 3.0210646e-07 2.9049756e-08 0.004659601 0.00019493586 0.08821031 0.016699368 0.0006852051 0.0028669636 0.00034240054 0.0006824904 4.3590873e-05 0.0016613299 0.00060057384 0.000110334935 4.9638315e-05 0.023619212 1.3148862e-06 0.03664681 5.6969144e-05 0.041656706 6.1954887e-07 8.116415e-05 3.8179056e-05 7.607097e-07 2.584354e-07 6.393584e-06 0.03741414 3.7862796e-07 1.0064775e-07 7.18621e-08 8.315565e-05 0.00016971407 0.0001189658 8.514045e-07 1.263844e-05 2.9371662e-07 0.00019499127 0.0116993645 0.00297351 0.0006562282 0.004149619 0.0037932592 0.05503749 7.1500954e-06 0.000179128 3.7301328e-05 6.9772796e-08 7.013933e-08 1.1417427e-06 0.025937753 9.390793e-06 0.0033123947 3.8447058e-07 0.006474678 2.9217073e-08
0.7722715 0.019475583 0.044820625 0.0034876042 0.023914313 0.140544 0.05028481 0.0370813 0.2716031 0.15101132 0.0033471612 0.0019085096 0.00024524907 0.0012434542 0.0046476624 0.6523887 2.2435095e-06 0.009661817 0.0021179025 0.00018733359 3.471316e-05 0.007593246 0.00077472127 0.30100104 0.00014025714 0.9530855 0.0070404727 0.00016146316 0.091253296 6.2083532e-18 0.07061037 0.9831978 4.457983e-06 1.0319754e-06 0.0038036322 0.00024158828 1.3363922e-05 0.8261794 0.06269083 0.0027498256 0.0003914299 5.499044e-06 0.0002887473 0.06945115 0.0003453291 0.0030841893 1.8510235e-06 1.649523e-06 0.25351697 1.8830743e-06 0.7144607 0.00014284108 6.903886e-05 4.0836485e-06 0.029912692 1.5051921e-05 0.0038836824 1.0302571e-05 3.2716127e-07 1.9144222e-06 2.8829425e-05 0.026264766 0.00040127453 0.30697286 4.082994e-06 0.036041927 2.4184286e-07 6.73004e-09 1.27374915e-05 2.2019056e-07 5.244801e-05 2.407878e-08 0.084245995 4.745876e-05 4.6387508e-05 3.9978442e-08 9.5043026e-05 7.902702e-05 0.004483427 6.875035e-05 5.2092537e-07 1.2646095e-07 0.011082362 0.0097704325 0.04202781 0.00023007466 0.12847845 0.0029281077 0.008638137 4.52064e-06 0.013786351 1.542944e-07 1.7640946e-09 5.473362e-09 2.3162992e-09 0.072910726 1.1948679e-06 0.0040346663 2.0840016e-06 0.03702885 5.200096e-09
0.9803937 0.008768664 0.0021983094 0.011934075 0.2843552 0.00041668012 0.21157028 0.3457848 0.0076607745 0.13678448 0.0024178005 0.22582358 0.11710698 0.6228105 0.001249522 0.1310336 3.952987e-06 5.203182e-05 1.0732409e-05 5.074151e-05 0.0003114561 0.88233745 1.8533612e-05 0.869316 6.353162e-05 0.37890962 0.00012768451 0.17058548 0.00054976635 0.07061037 1.302176e-14 0.007377096 0.034895957 0.0067720544 0.82108766 0.23490126 2.0935704e-05 0.14052023 0.00095812394 0.77082366 2.857154e-05 3.0876336e-06 2.657334e-06 0.0023845702 0.14561073 3.3271128e-05 0.002985061 0.0015421835 0.79889625 1.7963086e-05 0.039660666 1.697483e-05 1.5433538e-06 2.743587e-05 0.8829699 5.835323e-05 0.556609 4.397535e-05 4.1878516e-06 7.040351e-06 1.2224305e-07 0.0008206332 0.27012008 0.014168124 8.1110755e-07 0.0046392824 7.9811536e-05 7.668358e-06 6.9506484e-08 8.84214e-08 0.014120892 3.0642641e-07 0.0077810623 0.018586028 0.00534378 2.3107805e-06 1.1608683e-05 6.667905e-07 0.4514811 0.03848537 3.6125766e-07 1.0392424e-06 0.20996551 0.001622036 0.14079161 9.721009e-05 0.019111043 0.000112564005 0.0030980976 9.978544e-07 0.03444562 9.219743e-07 2.0110208e-06 2.0192317e-07 1.0265184e-07 0.050619934 2.0892482e-07 0.00021387619 6.7220164e-05 0.33793166 6.202736e-09
