1.6981687e-19 0.996827 0.98640853 0.9992037 0.9876907 0.9567395 0.99998605 0.9961385 0.9869261 0.9524186 0.99941725 0.98993397 0.9746199 0.96286356 0.96232265 0.99916285 0.969792 0.7112138 0.9437982 0.93013406 0.916202 0.99903816 0.9992331 0.90999836 0.8803133 0.99793214 0.5295595 0.8018304 0.935752 0.9954845 0.9357362 0.62152034 0.65745336 0.98864233 0.979711 0.85329324 0.9870896 0.94915587 0.94543517 0.8083444 0.83979577 0.9827193 0.88982415 0.93314904 0.65383506 0.9872116 0.87585914 0.8715448 0.8000968 0.63587916 0.71482766 0.98060834 0.7334754 0.78036773 0.2330064 0.48045373 0.70287555 0.87215734 0.52822775 0.5069293 0.3220894 0.79646176 0.10113005 0.15602958 0.35044295 0.7116426 0.41089395 0.37086374 0.98247087 0.15099825 0.81226766 0.9340308 0.54194 0.44478238 0.40343177 0.40217873 0.001579482 0.68581444 0.18474258 0.0017775233 0.40889636 0.6112209 0.85829216 0.5056499 0.008946622 0.22125472 0.007448788 0.03804876 0.024338411 0.071645655 0.106560364 0.001412444 0.0038196065 0.044800874 0.041144364 0.4665581 0.00215139 0.09994031 0.00303346 2.4125451e-05 0.30778536
0.996827 2.4688936e-12 0.7692969 0.124594845 0.20763832 0.9830105 0.5528551 0.08740088 0.1666534 0.21912782 0.0067444206 0.0041731666 0.00093635404 0.78295577 0.64003867 0.0039013694 0.27704343 0.7115035 0.007364654 0.025760937 0.43859264 0.001096382 0.00068035175 0.00019027802 0.23029824 0.00019073277 0.23425554 0.0003238622 0.00050728786 0.00029338142 0.31756094 0.0002029215 0.00069002266 0.00023743599 7.98838e-05 0.006647658 0.00088127813 5.2906977e-05 0.001733402 0.003719476 0.012129918 3.979322e-05 0.049169138 2.6627717e-05 0.0001694587 0.807681 3.1348143e-05 0.0004337439 0.046895713 2.7275217e-05 0.00017157187 9.655985e-06 1.3742945e-06 1.1969989e-05 0.0006479205 0.000101601785 0.26466706 2.0774643e-05 2.1920696e-06 0.0019647328 1.957701e-06 4.255911e-06 0.03916555 0.00056575617 0.00793307 0.011081347 0.0032625196 0.16435488 1.5236874e-05 0.00013135215 0.005463672 3.6639012e-08 2.3691189e-06 2.3003363e-06 3.1162692e-06 0.004244086 6.040412e-06 3.5958392e-06 0.018922117 0.0005902704 2.3179025e-06 5.4657708e-06 3.4639478e-07 8.1617145e-05 3.5267194e-06 2.4653542e-05 0.00071783405 0.0015020219 1.1593145e-06 1.2528792e-05 7.5413715e-07 0.00020190538 1.9117939e-05 5.1156593e-07 0.0013234202 1.0159538e-06 0.00022024653 3.4200904e-05 5.4807147e-06 6.5027157e-06 1.6258936e-07
0.98640853 0.7692969 2.8732393e-13 0.6949365 0.9784989 0.55349314 0.8912939 0.18719505 0.91424304 0.3036558 0.20177074 0.026325202 0.07034539 0.23472813 0.7073026 0.09062346 0.3040062 0.09736107 0.17835918 0.018009648 0.020451238 0.0007669206 0.0011596048 0.014461902 0.081954315 0.006441706 0.031955738 0.042569242 0.016214382 0.00038156324 0.015784085 0.034648795 0.03385228 0.0063593662 0.0035763576 0.0031175537 0.00087557326 0.00014708904 0.011089715 0.0018507659 0.113597564 0.00023074375 0.011127462 0.00027079368 0.0024854545 0.007130138 0.00021819166 5.1583007e-05 0.0014030844 0.00019243194 0.0092394035 0.00013462066 9.02702e-05 0.00019940206 0.008139142 1.8516317e-05 0.0050212904 0.0002621778 0.00014104975 0.00036202368 0.0016014752 0.000120322795 0.0022493403 0.00017729538 0.0058854334 0.0107936775 0.0015630253 0.0011679243 0.00010566708 0.00034187973 0.0104178535 7.539528e-06 4.4922257e-05 8.6827575e-05 6.9897374e-05 8.350038e-05 1.2857634e-05 8.772799e-05 0.00073061604 3.902122e-06 6.5852524e-05 3.8484257e-05 1.1258207e-05 0.0009899116 4.120421e-06 6.0102477e-05 0.00022842118 0.0013402926 4.5832717e-06 5.2106725e-06 4.3557816e-06 4.9468425e-05 3.5093824e-05 5.17106e-06 0.0003955448 4.1164443e-05 0.0011840649 6.534376e-06 8.076777e-06 5.0706774e-07 2.8909803e-06
0.9992037 0.124594845 0.6949365 1.5310934e-10 0.12515847 0.06480281 0.07670486 0.0017351361 0.21893586 0.0053926143 0.0077896155 0.005044004 0.00385808 0.37005135 0.7789766 0.00050783384 0.94755614 0.01848523 0.00059864763 0.000993279 0.005382875 0.00011823717 0.00024964273 0.00056973164 0.79477197 2.1628142e-05 0.00510249 0.005976608 6.1100385e-05 4.8015398e-05 0.61793375 0.0012193703 0.0069711413 0.00014850062 0.00026934006 0.00021686875 0.00021558529 1.0801131e-05 0.00011814677 0.00016909659 0.7725633 1.9028537e-05 0.4568216 1.9580699e-05 7.1039685e-05 0.09457651 4.0429397e-05 7.463528e-05 0.18028075 1.3658207e-05 0.015919521 2.8230093e-06 5.5490336e-06 2.1311906e-05 0.005857769 3.4154684e-05 0.018810738 1.652458e-06 8.868837e-06 0.00012833704 3.2845397e-05 1.4980835e-05 0.015867313 7.644784e-05 0.20461306 0.13399798 0.19508055 0.0036479416 6.6046523e-06 6.647682e-05 0.21097754 2.475263e-07 4.513469e-05 6.9004127e-06 8.746443e-05 0.00013640524 8.6668973e-07 1.3685471e-05 0.00030237614 5.786534e-05 3.903086e-06 1.35404725e-05 2.223004e-06 0.002943417 7.452659e-07 4.0812134e-05 0.00096616783 0.025745096 1.20178465e-05 2.8188328e-05 1.2016804e-05 0.00015736619 0.0005276745 2.0605967e-06 0.020196578 2.3089508e-05 0.0010071733 1.586952e-05 6.263069e-07 8.431719e-06 1.2482285e-06
0.9876907 0.20763832 0.9784989 0.12515847 2.4219585e-12 0.07065423 0.70644057 0.027786393 0.9544086 0.0478939 0.8840682 0.3654555 0.5168623 0.030554755 0.19344066 0.029556384 0.14307263 0.02814293 0.030774927 0.0064377044 0.00612592 0.005250154 0.01780951 0.0912094 0.021691328 0.015470934 0.0057000015 0.10312092 0.013175777 0.0005031985 0.005443193 0.06391605 0.107829005 0.06162432 0.08832545 0.0012291344 0.00047078123 0.0003766921 0.004814903 0.00058897486 0.07777931 0.0026089977 0.005581686 0.0043443153 0.00042968255 0.0009207148 0.0004028015 2.7254287e-05 0.00042590353 9.77325e-05 0.04148403 0.0008602877 0.00013599609 0.00093512516 0.040885217 4.880063e-06 0.00060958636 0.00066867104 0.00028906527 0.00035341404 0.014757245 0.00038305388 0.000119133605 7.218091e-05 0.001230472 0.0059019835 0.001054514 2.9963256e-05 0.00020446195 8.5079344e-05 0.013516959 2.9292694e-05 0.00012826154 9.284684e-05 0.004557482 1.6484324e-05 8.6761924e-07 0.00016774083 0.00019045558 3.1439842e-07 6.824716e-05 3.4603723e-05 5.4445654e-06 0.012742796 1.7327291e-06 0.0059513655 3.969884e-05 0.0011278192 8.6148095e-05 3.840446e-06 4.038558e-05 9.131603e-06 7.9145815e-05 7.489285e-06 0.000101654994 0.00013392085 0.001676987 2.6714974e-06 7.8088185e-08 3.7000824e-08 1.933071e-06
0.9567395 0.9830105 0.55349314 0.06480281 0.07065423 5.8302595e-15 0.24833515 0.04932678 0.05971114 0.2867589 0.0048109293 0.002289383 0.00042822116 0.8733488 0.6488063 0.0033061046 0.10700953 0.95094544 0.0023366218 0.02304304 0.7214274 0.0005286701 0.0003268945 5.6647717e-05 0.15718994 0.00012327454 0.5735903 0.00015789518 0.00020109655 6.767067e-05 0.22769773 0.00026931797 0.0004602597 2.4916735e-05 8.43904e-06 0.0074742273 0.0007360585 2.2625693e-05 0.0010919998 0.0032803481 0.007907878 3.3314893e-06 0.03077467 1.281884e-06 2.7890923e-05 0.7904511 1.4789395e-05 0.00013255808 0.019427063 5.4336056e-06 5.6057845e-05 2.3142627e-06 1.4047009e-06 3.9858564e-06 0.00029561447 8.219799e-05 0.2701363 5.1581305e-06 9.88627e-08 0.001429353 8.5860114e-07 4.2858778e-07 0.042094715 0.000916515 0.011480849 0.0072041308 0.001217575 0.24534874 1.925395e-06 0.00016661157 0.0011037162 4.1928367e-09 2.8966655e-08 5.2026905e-07 3.6839265e-07 0.0042390116 5.222314e-06 1.2004874e-06 0.059214402 0.00051807595 3.5426655e-07 1.1781563e-06 1.9982272e-08 1.0436657e-05 1.6920667e-07 5.073337e-07 0.0010773968 0.00034937076 5.026744e-08 1.9642978e-07 8.585114e-08 0.00056902337 2.4037504e-06 7.871025e-08 0.0011226645 6.2906075e-08 1.7820507e-07 1.007105e-06 1.6458665e-06 1.462906e-05 1.541177e-08
0.99998605 0.5528551 0.8912939 0.07670486 0.70644057 0.24833515 9.579752e-14 0.9249086 0.11559227 0.64337504 0.25505874 0.014048205 0.020118382 0.04198115 0.091499016 0.83062774 0.022288617 0.055276528 0.5450146 0.15288238 0.11199423 0.015854834 0.010052422 0.005298833 0.011226314 0.1743069 0.041228313 0.008979419 0.123991616 0.025973596 0.006166608 0.0060990006 0.0064548627 0.0072703273 0.00678721 0.047230225 0.2816971 0.014311884 0.08385291 0.03934912 0.0057714637 0.003156913 0.0026965477 0.0025058659 0.033968005 0.02265312 0.008244974 0.030901881 0.0009776774 0.010258316 0.0026047467 0.008767376 0.005993168 0.0014621653 0.0025474473 0.0042286124 0.0035212135 0.0031455935 0.0010158818 0.018074093 0.0033010102 0.0028714756 0.00087435904 0.007940359 0.0014519375 0.0024472317 0.00045001518 0.0052366853 0.008627405 0.0072036292 0.0023765357 0.00052355585 0.0007057665 0.0038916778 0.0015657957 0.007502525 0.00024763172 0.003983679 0.01793597 0.00016059534 0.0031176503 0.0015970354 0.00060792884 0.0005194015 0.00065413385 0.0014759152 0.00022714626 0.001841253 0.00033230684 0.00037436822 8.210586e-05 0.00014471739 0.00066464813 7.045284e-05 0.0004287832 0.00055476057 0.00016091406 0.0021507416 0.0005123533 1.9996698e-05 0.00048444004
0.9961385 0.08740088 0.18719505 0.0017351361 0.027786393 0.04932678 0.9249086 3.4673663e-14 0.004388582 0.9812788 0.0018162648 0.0007043471 0.00028024593 0.0019004681 0.0016079524 0.33832124 0.00014140397 0.026462752 0.4106511 0.86902076 0.23661657 0.00701827 0.0005943068 3.132337e-05 0.00024516045 0.0023832563 0.042508997 6.830635e-05 0.0055311183 0.002434191 0.00068973703 3.85388e-05 0.00010112107 6.7214394e-05 1.8455796e-05 0.20545031 0.32386553 0.0010211128 0.20459647 0.15508749 7.5612414e-05 0.00017548534 6.9175214e-05 2.5656023e-05 0.01593294 0.019267268 0.00039416016 0.05371184 0.0001925957 0.0027680814 1.4376156e-05 4.1171985e-05 0.00018147938 2.0943711e-05 3.7208203e-05 0.0016787151 0.0016115111 0.00016527182 4.724523e-06 0.081452034 3.8304836e-07 2.7794507e-05 0.00019034446 0.013655096 0.00073698955 0.00013673605 2.3588418e-05 0.0067742984 5.6866884e-05 0.018432781 0.00011509478 1.6844723e-07 1.3307613e-06 4.254691e-05 8.377732e-07 0.012004692 0.00016408248 3.3598946e-05 0.021168929 2.599955e-05 3.6429596e-05 0.00025315263 1.4659883e-05 1.308504e-06 3.7316444e-05 8.860301e-07 3.1173392e-06 4.44749e-06 7.023756e-07 4.292832e-05 8.611219e-07 8.611675e-06 4.4935173e-06 7.068273e-07 1.667657e-05 5.3782005e-06 1.5038356e-06 6.764176e-05 0.00039002008 5.8688306e-07 1.3045068e-06
0.9869261 0.1666534 0.91424304 0.21893586 0.9544086 0.05971114 0.11559227 0.004388582 6.717238e-10 0.01183215 0.33413678 0.3841682 0.8974638 0.11493305 0.5043843 0.001334839 0.60499984 0.015647197 0.0064530647 0.0028353427 0.0043874416 0.0010522276 0.003463258 0.31987754 0.1604108 0.00020365241 0.0036543836 0.79054886 0.0016752534 0.0002764674 0.025794758 0.45612425 0.87305504 0.012906377 0.080229774 0.00068085385 0.00012129334 0.00018078291 0.00046589968 0.00018465733 0.5859664 0.00043376253 0.027250102 0.0006374096 0.00015260426 0.0046760407 9.8562086e-05 9.532542e-05 0.003044354 3.5816545e-05 0.5684078 4.013226e-05 3.973719e-06 0.0002918199 0.39970198 1.081355e-05 0.0022025683 4.711338e-05 0.0003172185 5.9877235e-05 0.0065421304 0.00035275254 0.00063357846 2.9260644e-05 0.0058725183 0.08541513 0.015237132 0.00014792451 4.7367834e-05 9.92408e-05 0.420541 5.0936337e-06 8.577648e-05 2.784198e-06 0.00049521716 1.4273602e-05 8.992972e-06 6.116681e-06 0.0002484462 9.740139e-06 1.4161592e-05 6.644992e-06 2.154192e-06 0.39631048 2.0148623e-06 0.0069802394 0.00018551234 0.046314973 7.667645e-05 1.5986163e-05 0.0003063208 3.9909744e-05 0.0033056145 1.1042267e-05 0.0034257593 8.904796e-06 0.017086158 8.037968e-05 3.938355e-05 2.2166e-06 1.4548468e-06
0.9524186 0.21912782 0.3036558 0.0053926143 0.0478939 0.2867589 0.64337504 0.9812788 0.01183215 1.281616e-14 0.0046477006 0.001034725 0.0003127127 0.010360546 0.0074226353 0.06325063 0.00079522334 0.5049015 0.16589564 0.9705931 0.93493927 0.0021307406 0.0005515187 2.6933172e-05 0.0006894576 0.0014194408 0.52365565 0.00020983347 0.0027552776 0.0007193561 0.0018797114 0.00012504731 0.00017663263 2.8551163e-05 7.525821e-06 0.5636544 0.024490846 0.00029841418 0.039878123 0.43635264 0.00013391895 3.3638702e-05 0.00034409357 8.696741e-06 0.001373929 0.053747978 0.00016644484 0.01913788 0.0004030547 0.0004629055 1.5333711e-05 1.7974326e-05 2.9816452e-05 8.418181e-06 1.527906e-05 0.00057329243 0.007867334 5.6063196e-05 2.2713325e-06 0.23037674 1.9559413e-06 3.370069e-06 0.00024268811 0.052899227 0.00038764445 0.00014310231 1.0371914e-05 0.057121225 3.3926888e-05 0.022730077 0.000109451765 1.17596684e-07 5.021926e-07 2.2809074e-06 2.81038e-07 0.04517078 0.00016153076 5.9494864e-06 0.2394011 7.384634e-05 8.8861325e-06 2.9437144e-05 3.8869243e-06 3.954593e-06 5.6141116e-06 3.4385632e-08 6.6613425e-06 1.2885665e-06 1.188146e-07 1.9954662e-06 8.796152e-08 4.4750832e-05 1.8247014e-06 2.2265631e-07 2.102885e-05 4.6347708e-07 1.1252718e-08 1.622155e-05 0.0004988616 9.807553e-07 1.894694e-07
0.99941725 0.0067444206 0.20177074 0.0077896155 0.8840682 0.0048109293 0.25505874 0.0018162648 0.33413678 0.0046477006 8.8241995e-15 0.9675118 0.7268608 0.0010008562 0.0073087984 0.0046358015 0.012106008 0.0012686478 0.0041151806 0.00069063215 0.0004915647 0.019745361 0.1686588 0.45047945 0.001453027 0.05424222 0.00024430995 0.057135783 0.041548215 0.00030701162 0.0003809248 0.07680952 0.023115478 0.57129353 0.79011774 0.000125328 0.00013408394 0.00027687693 0.0004514834 2.137252e-05 0.003438751 0.017427929 0.0004984636 0.02591919 0.00033229607 9.889458e-06 0.0003183368 1.1474581e-06 8.3678155e-05 0.00016483093 0.011877467 0.011112943 0.00021202627 0.0040434604 0.001988306 1.1407288e-05 1.1028879e-05 0.0016427366 0.0035255917 3.593472e-05 0.14638057 0.002390805 0.00012915746 8.609475e-06 5.1067935e-05 0.00043924092 7.248395e-05 5.5623536e-06 0.0015804749 7.572228e-06 0.00080618286 0.00061454874 0.00045346684 0.00022026504 0.16448529 5.2057903e-06 1.15520386e-07 0.00043279497 8.321539e-05 6.8603447e-07 0.0001884562 2.9246945e-05 7.1659706e-05 0.0015928389 5.1287243e-06 0.0475325 1.13363085e-05 0.00035475547 0.00094944605 6.1050146e-06 0.0017649389 3.6088576e-07 3.2442276e-05 0.00013217886 3.1129945e-05 0.0016728283 0.00023755239 2.1285481e-05 3.025914e-09 7.282869e-08 2.2721254e-06
0.98993397 0.0041731666 0.026325202 0.005044004 0.3654555 0.002289383 0.014048205 0.0007043471 0.3841682 0.001034725 0.9675118 2.2657655e-12 0.96120507 0.001492771 0.003900776 0.00021361058 0.006133745 0.0006266362 0.0009626484 0.0003949347 0.00033501984 0.008282012 0.03763479 0.9215226 0.0006564667 0.0022663204 0.00018265244 0.31071702 0.0023836314 0.00028854166 0.000613076 0.24140586 0.073944256 0.2259812 0.8542571 0.0001807991 0.00012276828 0.0001546035 0.0001619256 4.5729306e-05 0.00650641 0.009705248 0.00044866576 0.007475545 0.00019825298 0.00014011555 0.0002430265 4.9574e-06 0.00010544592 7.806456e-05 0.03561626 0.0012313337 7.311036e-05 0.0013805125 0.00729468 7.0966653e-06 4.3953336e-05 0.00033807967 0.0010090923 1.2251109e-06 0.035704575 0.0014650839 6.155165e-05 7.1144814e-06 8.012345e-05 0.00091642665 0.0002268354 5.137565e-06 0.0008310408 3.4830832e-06 0.0070856772 0.00028755877 0.0005567776 5.614993e-05 0.03942959 8.932379e-06 1.18205875e-07 0.00011846223 5.166375e-05 2.4482526e-07 7.229589e-05 1.9428524e-05 0.00010909693 0.019399028 1.6748236e-06 0.08543725 8.720944e-06 0.0012730286 0.0003624847 1.3419004e-05 0.012527752 9.3230227e-07 4.343364e-05 7.1221424e-05 6.6526045e-05 0.00035078014 0.0003334471 6.979723e-06 3.2616654e-07 3.056747e-08 3.1146992e-05
0.9746199 0.00093635404 0.07034539 0.00385808 0.5168623 0.00042822116 0.020118382 0.00028024593 0.8974638 0.0003127127 0.7268608 0.96120507 7.902659e-12 0.00031895947 0.0030929963 7.645717e-05 0.007447044 0.0006383282 0.0002600785 0.00010286102 0.00010783907 0.0016464781 0.0034064273 0.9505937 0.0015124856 3.7391255e-05 7.4287396e-05 0.9367488 0.00010443951 2.4619096e-05 0.00042567978 0.8959478 0.7872796 0.0036113542 0.23399328 7.757064e-06 8.374565e-06 1.556933e-05 2.8206343e-05 1.0664991e-06 0.03219791 0.00027034627 0.0007943953 0.0003176466 7.535646e-06 0.00014717394 3.290873e-05 5.892818e-07 0.0001669198 7.4433724e-06 0.4891036 1.179345e-05 2.6292446e-06 0.00032553062 0.14724782 3.8174703e-06 3.3444794e-05 1.8334957e-05 0.000110650115 2.9262458e-07 0.010690918 0.000118676166 1.5146948e-05 1.7707349e-06 0.0002207447 0.0024748796 0.0011208405 6.0864615e-05 7.9310834e-05 4.043028e-07 0.08466833 4.757933e-06 5.785635e-05 2.955365e-07 0.0020869107 8.3190304e-07 7.10681e-08 1.3087099e-06 2.37989e-05 1.0605104e-07 3.0196977e-06 1.6247488e-06 1.2312554e-06 0.35840964 3.2888462e-07 0.08858813 2.382364e-06 0.0031124398 5.6124496e-05 2.532905e-06 0.0054553435 6.195146e-07 0.00028849987 1.1722862e-05 0.00030670667 1.1572372e-05 0.00549356 2.4136867e-05 1.9591606e-07 4.7965166e-08 1.0173771e-06
0.96286356 0.78295577 0.23472813 0.37005135 0.030554755 0.8733488 0.04198115 0.0019004681 0.11493305 0.010360546 0.0010008562 0.001492771 0.00031895947 1.0923697e-13 0.95850325 0.00019633851 0.24316396 0.89022875 0.00089964847 0.0016359047 0.022444202 0.00019446867 0.0001307687 4.021666e-05 0.5633688 2.0084308e-05 0.1096077 6.8809066e-05 7.213549e-05 1.1919627e-05 0.9686533 0.00013432224 0.00047996128 1.01447695e-05 1.1421342e-05 0.00029526258 3.551546e-05 1.0128645e-05 0.00020659705 0.00025311112 0.054395728 1.3326827e-06 0.44422063 1.2054238e-06 6.96263e-06 0.83956444 3.4445402e-06 4.1330128e-05 0.21512543 1.217276e-05 0.0001619945 4.089547e-07 1.4924543e-06 2.4582932e-06 0.0004207401 5.2314783e-05 0.54669875 1.6156635e-06 1.6911592e-06 8.5507934e-05 1.7517201e-06 8.994048e-07 0.34244004 0.00012047907 0.07601218 0.053296983 0.013615973 0.15386288 3.0600372e-06 5.0728733e-05 0.0056127207 1.2845084e-07 4.1534827e-06 1.0130262e-06 6.588179e-07 0.00025446067 2.240106e-06 1.9544552e-06 0.0059860796 0.00029131494 1.1455262e-06 4.2041557e-07 5.513832e-08 7.046602e-05 4.9622264e-07 9.5151034e-07 0.0039446214 0.007532345 4.3907167e-07 5.1739407e-06 3.168909e-07 0.0011034542 7.775695e-05 6.2016835e-07 0.010697308 7.340903e-07 6.8531655e-05 7.694041e-06 7.2137476e-07 4.865348e-05 5.629751e-08
0.96232265 0.64003867 0.7073026 0.7789766 0.19344066 0.6488063 0.091499016 0.0016079524 0.5043843 0.0074226353 0.0073087984 0.003900776 0.0030929963 0.95850325 8.411237e-14 0.00020313064 0.85462254 0.22232807 0.00057434256 0.000655123 0.0024110654 0.0002101032 0.00028722195 0.00021285289 0.96070325 1.0268965e-05 0.020974472 0.0005203793 4.4667515e-05 5.880975e-06 0.8930589 0.0005651676 0.0025696037 4.931679e-05 1.615752e-05 8.241668e-05 8.872021e-07 2.2179092e-06 7.029828e-05 4.2905078e-05 0.35577652 2.9908767e-06 0.59399927 2.7773215e-06 1.0289212e-06 0.19077441 5.1339237e-07 2.7618586e-07 0.15586491 8.632779e-07 0.00043100904 1.1874402e-07 3.199296e-07 2.6947237e-06 0.004801728 7.465161e-06 0.13120602 1.4241716e-07 5.5000703e-07 7.4688783e-06 2.693213e-06 2.7836405e-08 0.19063985 1.4100383e-05 0.23418677 0.20632766 0.06394398 0.016475124 1.2164688e-06 8.275743e-06 0.027163548 8.561192e-08 1.890176e-06 6.5096054e-07 1.2355772e-06 1.6137408e-05 6.8547e-07 5.5525516e-07 0.0012899701 5.6572244e-05 5.2349566e-07 7.9511824e-07 2.7532732e-08 0.00020237593 1.686885e-07 1.770145e-05 0.0042661475 0.041188255 2.9085726e-07 1.4170108e-06 3.4384172e-07 0.0004963633 0.00030721136 3.64863e-07 0.049078465 2.632736e-07 0.0008611479 3.3263561e-06 9.482921e-08 3.2833337e-05 2.8350259e-08
0.99916285 0.0039013694 0.09062346 0.00050783384 0.029556384 0.0033061046 0.83062774 0.33832124 0.001334839 0.06325063 0.0046358015 0.00021361058 7.645717e-05 0.00019633851 0.00020313064 5.583406e-15 1.2075301e-05 0.0017250319 0.98990446 0.07161406 0.00909096 0.07414038 0.011435533 2.2238488e-05 2.6698915e-05 0.14631161 0.0017676434 6.019483e-05 0.389104 0.22393325 6.182603e-05 3.1411735e-05 3.276377e-05 0.00074369233 1.8359611e-05 0.007039398 0.5660559 0.25860304 0.5429084 0.018130867 1.4348365e-05 0.0048598493 6.668449e-06 0.0008300729 0.3604022 0.00024082155 0.041964065 0.043138545 9.365678e-06 0.078593306 4.71517e-06 0.0062223477 0.041935563 0.00050135073 4.9735577e-06 0.045788128 1.0539086e-05 0.018040651 5.5513447e-05 0.0032058798 2.0210158e-05 0.00073141814 5.3374615e-06 0.0002989685 6.214273e-06 6.563925e-06 5.3176086e-07 3.7398637e-05 0.0025298358 0.003094628 3.9491228e-05 1.6371041e-05 2.881178e-05 0.0054377094 2.7897634e-06 0.00045058073 4.0045852e-05 0.0023061729 0.0001069102 3.8578346e-06 0.0010661427 0.009206266 4.356124e-05 8.1384115e-07 0.00015631184 2.9241605e-06 2.9965994e-07 5.002892e-07 1.1562708e-07 0.00036976134 2.948395e-07 9.811605e-07 6.0471353e-07 1.425304e-06 6.369068e-07 2.2002996e-05 1.7048028e-07 8.7180124e-05 0.00024649652 1.4692394e-07 0.000110741836
0.969792 0.27704343 0.3040062 0.94755614 0.14307263 0.10700953 0.022288617 0.00014140397 0.60499984 0.00079522334 0.012106008 0.006133745 0.007447044 0.24316396 0.85462254 1.2075301e-05 2.1247367e-13 0.0067472584 3.93477e-05 4.515032e-05 0.00014247496 8.337124e-05 0.00022414095 0.00024377163 0.94623965 1.3287956e-06 0.0008335467 0.0016979898 1.6380777e-06 3.6215482e-07 0.74845135 0.00064577593 0.015921442 8.8998924e-05 3.15292e-05 2.3912724e-05 1.805366e-07 4.7893656e-07 1.7551247e-06 3.1881773e-06 0.940145 8.682567e-07 0.87084913 8.035929e-07 6.6227824e-07 0.12838134 4.1700588e-07 2.078136e-07 0.4199015 7.869959e-08 0.0065050516 5.743559e-08 8.090483e-08 4.6080976e-07 0.024285872 1.3743345e-05 0.053771812 2.4143482e-08 4.802085e-07 1.182543e-06 1.1255177e-06 1.07984434e-07 0.09218209 3.7841448e-06 0.50876933 0.75413543 0.4981638 0.008130493 3.1513778e-07 2.9931266e-07 0.37928867 7.588674e-08 2.2337986e-07 3.0833004e-07 2.816687e-06 6.3027505e-06 1.42995e-07 2.639111e-07 8.2325714e-05 2.1725156e-05 1.4221384e-07 7.163452e-08 5.1622987e-08 0.0030277662 2.9171633e-06 5.822455e-05 0.0055230116 0.25144756 2.1826334e-07 3.924424e-06 1.1224316e-06 0.00022417473 0.0036791854 1.0203578e-07 0.271327 3.7398152e-08 0.003165807 2.5147296e-05 1.5549728e-07 1.1449162e-05 4.145461e-08
0.7112138 0.7115035 0.09736107 0.01848523 0.02814293 0.95094544 0.055276528 0.026462752 0.015647197 0.5049015 0.0012686478 0.0006266362 0.0006383282 0.89022875 0.22232807 0.0017250319 0.0067472584 1.6509541e-13 0.0020798096 0.051676586 0.21750656 0.00051147555 0.00023555184 0.00016279735 0.03671688 0.00010247956 0.993108 0.00022445967 0.00026967496 0.000326331 0.39305174 0.00022310663 0.0004890891 0.0001226115 3.002332e-05 0.024226924 0.00012871406 7.6908385e-05 0.0006458652 0.0027667829 0.0001593524 5.3684435e-06 0.0040820194 3.2686637e-06 5.828632e-05 0.62145394 4.0214825e-05 0.000104005056 0.019336758 1.0955592e-05 8.920481e-05 1.2385879e-06 2.3955474e-05 7.16335e-06 0.00032430355 3.462723e-05 0.15290388 2.044911e-05 4.3582077e-06 0.0008364377 2.6922833e-06 9.355479e-07 0.030517623 0.0021739565 0.0012132209 0.00023786047 0.00015532957 0.2257717 1.3434151e-05 0.0002405427 0.0003294687 3.735752e-06 4.802852e-06 2.8758552e-05 6.6847365e-06 0.001081382 5.129874e-06 4.5079437e-06 0.061437983 0.0011333748 3.861928e-06 4.704731e-06 1.2358163e-06 2.2773373e-05 1.3250504e-07 8.608764e-07 0.0010949211 0.00012932632 2.7076887e-06 5.0776936e-07 2.3320176e-06 0.00068054715 3.8236135e-06 2.214864e-07 9.417514e-05 3.5843864e-06 2.3405667e-08 6.99199e-07 2.853113e-07 4.045184e-05 9.059822e-08
0.9437982 0.007364654 0.17835918 0.00059864763 0.030774927 0.0023366218 0.5450146 0.4106511 0.0064530647 0.16589564 0.0041151806 0.0009626484 0.0002600785 0.00089964847 0.00057434256 0.98990446 3.93477e-05 0.0020798096 1.3893161e-15 0.31868216 0.006895737 0.06107653 0.0060904566 2.3981487e-05 7.6023396e-05 0.08092229 0.0011642171 3.0162224e-05 0.7285339 0.4160747 0.000245759 7.963853e-06 1.581587e-05 0.0005992208 4.4023644e-05 0.014654838 0.88588893 0.18245462 0.9502858 0.1267902 1.5092592e-06 0.0019109749 1.2603379e-05 0.00048244276 0.6410638 4.3243024e-05 0.018663315 0.14855018 5.191279e-06 0.19042456 2.810612e-06 0.0021120037 0.038706273 0.00022747186 3.215135e-08 0.0958109 2.6711534e-06 0.0039027086 3.1110772e-05 0.0036442021 1.6268049e-06 0.001385767 3.9040053e-08 0.00043510256 1.4895548e-06 5.738032e-07 5.381473e-08 7.7326e-06 0.0007437987 0.0057385503 3.0783413e-05 1.1829125e-05 4.3267096e-06 0.0030168006 5.4323596e-07 6.580011e-05 0.00013286386 0.0011255043 0.00012334627 8.306961e-08 7.251202e-05 0.004178305 3.093256e-05 3.6132672e-08 8.758946e-05 1.5966567e-07 7.75855e-08 1.4308143e-08 2.824512e-08 2.8206641e-05 4.2058403e-07 9.031096e-08 2.3573014e-07 7.172212e-07 4.6709127e-07 9.470423e-06 3.3565614e-10 2.338504e-05 0.00063044543 6.4146994e-09 3.0266532e-05
0.93013406 0.025760937 0.018009648 0.000993279 0.0064377044 0.02304304 0.15288238 0.86902076 0.0028353427 0.9705931 0.00069063215 0.0003949347 0.00010286102 0.0016359047 0.000655123 0.07161406 4.515032e-05 0.051676586 0.31868216 1.2574519e-12 0.74183095 0.002828522 0.00084542326 3.2166765e-05 0.0001716072 0.0008934369 0.23549688 6.486157e-05 0.0016784724 0.003138245 0.0008785384 5.2712672e-05 0.00011109378 7.0780006e-05 1.2735998e-05 0.94513744 0.43652037 0.0011943302 0.090038925 0.92424643 2.5179474e-05 2.6811489e-05 0.00012412011 6.8641502e-06 0.0028235333 0.0028535216 0.0002763641 0.20113847 0.00033471515 0.001237425 3.0475714e-05 2.0567006e-05 0.00015435334 1.6441856e-05 1.8367089e-05 0.0023906294 0.0004765199 0.000119508906 3.1529926e-05 0.23930895 1.3417409e-06 1.49623165e-05 2.8907614e-05 0.043090712 9.141889e-05 2.3272487e-05 2.0455469e-05 0.0036036528 0.00018463391 0.06895611 3.0104922e-05 7.69213e-07 8.899948e-06 7.384581e-06 4.8582126e-07 0.023268446 0.0004454917 1.8597459e-05 0.066002645 6.5053486e-05 1.179705e-05 0.00011635057 1.2927452e-06 2.457562e-06 9.953734e-06 1.2704863e-06 6.5362553e-07 4.2293998e-08 6.462312e-07 5.090757e-05 2.2487329e-07 7.631996e-06 1.577027e-06 3.9475185e-07 4.0944738e-06 3.058666e-06 1.2527201e-07 2.2932865e-05 0.0015750072 7.0390314e-07 7.326097e-07
0.916202 0.43859264 0.020451238 0.005382875 0.00612592 0.7214274 0.11199423 0.23661657 0.0043874416 0.93493927 0.0004915647 0.00033501984 0.00010783907 0.022444202 0.0024110654 0.00909096 0.00014247496 0.21750656 0.006895737 0.74183095 1.7789538e-14 0.0011250251 0.00043798034 1.3352583e-05 0.00025122284 0.00014244141 0.9936797 5.6747504e-06 0.00014554783 0.0005380563 0.001877778 1.8267307e-05 3.082757e-05 6.8640516e-06 1.0609435e-05 0.7626672 0.00054414413 0.00012407964 0.0015881337 0.17793663 2.9376091e-05 1.5728485e-06 0.00024353022 1.2016105e-07 8.676284e-05 0.41842103 3.4751985e-05 0.0019350954 0.001124521 4.666046e-05 2.2091378e-06 1.8350929e-07 1.3549876e-05 1.4163373e-07 1.2720146e-05 0.00021080165 0.09597652 5.7958783e-07 4.3669974e-07 0.26822627 1.3459554e-07 4.2996496e-07 0.0014149059 0.13013709 0.0002325475 6.227685e-05 6.663888e-05 0.33107802 9.63193e-07 0.0023387396 0.00045385212 1.1561308e-07 2.9273033e-07 1.120132e-05 4.948701e-07 0.24595016 8.704346e-05 1.5076402e-05 0.7551341 0.0009966163 1.5392058e-06 4.712088e-07 7.159245e-08 1.1938091e-07 4.068752e-06 1.2510115e-07 4.9424052e-05 2.3750652e-05 3.748614e-08 1.0179523e-05 2.486073e-06 0.00012784998 6.2313205e-07 2.5925172e-07 4.0601917e-05 4.2385743e-08 8.181715e-08 6.611442e-05 5.6630808e-05 5.1434436e-06 1.1331503e-08
0.99903816 0.001096382 0.0007669206 0.00011823717 0.005250154 0.0005286701 0.015854834 0.00701827 0.0010522276 0.0021307406 0.019745361 0.008282012 0.0016464781 0.00019446867 0.0002101032 0.07414038 8.337124e-05 0.00051147555 0.06107653 0.002828522 0.0011250251 2.7694536e-15 0.8887622 0.0018628214 4.589651e-05 0.707642 0.000275635 0.00052872277 0.3434136 0.19591743 3.700801e-05 0.0008263764 0.00020643909 0.21685077 0.062387418 0.000882382 0.021974288 0.06626522 0.030088106 0.00086368393 3.5185643e-05 0.47133443 2.2685475e-05 0.16520368 0.011725541 0.00024867326 0.058633257 0.0013888933 2.2213011e-05 0.010604429 0.0005469119 0.9655605 0.020231398 0.0472394 1.812534e-05 0.0022385707 0.00010478159 0.6878167 0.023040337 0.00026568095 0.005797983 0.63237596 8.298643e-05 0.00023316778 6.3872256e-05 3.778863e-05 9.098328e-06 3.727675e-05 0.82887506 0.00019217042 0.0010660329 0.301028 0.015464258 0.026661558 0.003703562 0.00017092023 4.392216e-07 0.07925627 0.00024659408 1.4808179e-05 0.07568371 0.0048426087 0.465333 0.00023270724 0.00065395294 0.00011415097 3.1201828e-06 0.0001992992 0.0009315079 0.0012744515 0.00018941605 2.5605977e-06 8.7301305e-06 0.0013958759 3.374306e-05 0.2780623 2.7400686e-06 0.007859909 9.981662e-06 6.597378e-07 0.156789
0.9992331 0.00068035175 0.0011596048 0.00024964273 0.01780951 0.0003268945 0.010052422 0.0005943068 0.003463258 0.0005515187 0.1686588 0.03763479 0.0034064273 0.0001307687 0.00028722195 0.011435533 0.00022414095 0.00023555184 0.0060904566 0.00084542326 0.00043798034 0.8887622 2.220248e-15 0.004200998 0.00013095839 0.28425747 0.000110777335 0.0011419546 0.13076387 0.013648514 7.3212716e-05 0.0016521555 0.0005502785 0.9352985 0.14686075 0.00021313298 0.0035329442 0.0047643767 0.0030892098 0.000194722 6.608676e-05 0.9148502 4.031224e-05 0.55545247 0.0025692952 6.029836e-05 0.0050520673 0.00018324827 1.9223686e-05 0.0012637494 0.00049908954 0.6285557 0.0015698492 0.27421457 0.00014126327 0.00026496666 2.0400745e-05 0.14131838 0.12390074 4.9971513e-05 0.032614738 0.2559699 6.743732e-05 1.5614341e-05 7.3443705e-05 0.00018195354 3.3571272e-05 1.5467214e-05 0.24193229 6.003963e-05 0.0009788916 0.39246777 0.093164824 0.0018009209 0.1463931 0.00010090625 4.7806355e-07 0.0042746915 0.00048367164 2.5599618e-05 0.007965505 0.00024288819 0.036537897 0.0015033295 9.231435e-05 0.00031232313 1.8174992e-06 0.00024109893 0.004050164 7.051556e-05 0.00066785526 1.4157413e-06 2.6973732e-05 0.0044558197 7.251962e-05 0.16192284 2.8362903e-05 0.0004939029 5.5257397e-06 1.1901163e-06 0.023110528
0.90999836 0.00019027802 0.014461902 0.00056973164 0.0912094 5.6647717e-05 0.005298833 3.132337e-05 0.31987754 2.6933172e-05 0.45047945 0.9215226 0.9505937 4.021666e-05 0.00021285289 2.2238488e-05 0.00024377163 0.00016279735 2.3981487e-05 3.2166765e-05 1.3352583e-05 0.0018628214 0.004200998 8.2880196e-11 6.373217e-05 7.535671e-05 1.8832719e-06 0.6293351 8.4194304e-05 5.2301715e-05 3.5086563e-05 0.98556376 0.24231045 0.0067491913 0.88677734 3.944634e-06 1.012719e-06 2.016803e-05 4.4218486e-06 3.3767427e-07 0.0020167704 0.0006109645 6.881346e-05 0.000544106 1.8907239e-06 3.432139e-06 4.334848e-05 9.6984e-08 8.976233e-05 2.5973022e-06 0.059352763 9.48787e-06 8.495054e-06 0.0004280227 0.017608467 1.0330158e-05 1.7067231e-06 3.6261248e-05 0.00026804782 1.6060413e-07 0.16446157 0.0002042277 1.6997565e-06 3.6536183e-06 5.1409053e-05 5.552795e-05 4.2647458e-05 1.1193476e-06 9.408134e-05 4.9536e-08 0.0052150856 3.37943e-05 6.131654e-05 1.1327139e-06 0.01585218 5.2566037e-07 8.7520874e-08 7.708223e-06 3.0333208e-06 3.6879985e-08 4.915759e-06 2.7822193e-07 4.149994e-06 0.076313 1.5937169e-06 0.5926309 2.6350443e-07 0.00010695415 0.00021478148 7.8885756e-07 0.20509061 8.1258364e-08 2.462699e-05 5.708031e-05 5.047555e-06 2.689944e-05 0.0018017215 3.6384496e-05 2.2545414e-07 1.87102e-08 2.0008972e-06
0.8803133 0.23029824 0.081954315 0.79477197 0.021691328 0.15718994 0.011226314 0.00024516045 0.1604108 0.0006894576 0.001453027 0.0006564667 0.0015124856 0.5633688 0.96070325 2.6698915e-05 0.94623965 0.03671688 7.6023396e-05 0.0001716072 0.00025122284 4.589651e-05 0.00013095839 6.373217e-05 7.648858e-13 1.1371352e-06 0.0053250333 0.00034936777 2.0746004e-06 1.2740401e-06 0.8875337 0.00050629536 0.0030503527 6.646418e-06 1.0029917e-05 2.3787941e-05 1.404553e-07 8.3853416e-07 8.406268e-06 3.7515176e-06 0.70785886 4.6490476e-07 0.96603215 2.7069052e-07 1.1772145e-07 0.069506824 2.7630756e-07 5.508135e-08 0.3968534 3.9570244e-07 0.00060500373 5.2626504e-08 9.923071e-08 1.6947936e-06 0.011215693 9.45601e-06 0.0629498 7.659448e-08 7.474176e-07 1.112546e-06 1.0650721e-06 2.3968028e-08 0.24412392 4.0186696e-06 0.59136474 0.5823357 0.20690301 0.004132885 4.451502e-07 1.0290321e-06 0.043925036 7.610112e-08 1.6013155e-07 1.2773839e-07 6.515239e-07 2.8290679e-06 5.1708645e-07 2.6639222e-07 0.00026770803 6.237896e-05 6.5782723e-07 2.0499388e-07 7.286176e-08 0.00043413084 2.0362569e-07 5.536807e-06 0.004733907 0.11095841 5.9315926e-07 3.898641e-06 9.5333604e-07 0.00047236247 0.0009627004 4.8881975e-07 0.093884386 7.010696e-08 0.0021727078 4.9671344e-06 1.0646125e-07 3.7533915e-05 3.5508023e-08
0.99793214 0.00019073277 0.006441706 2.1628142e-05 0.015470934 0.00012327454 0.1743069 0.0023832563 0.00020365241 0.0014194408 0.05424222 0.0022663204 3.7391255e-05 2.0084308e-05 1.0268965e-05 0.14631161 1.3287956e-06 0.00010247956 0.08092229 0.0008934369 0.00014244141 0.707642 0.28425747 7.535671e-05 1.1371352e-06 5.4751654e-14 3.0814106e-05 3.5558667e-05 0.9945124 0.7013554 3.686515e-06 6.3220774e-05 3.812075e-06 0.01887292 0.00270585 7.487339e-05 0.009991434 0.2949161 0.01817659 0.0003483213 2.2474788e-07 0.04228533 3.7092985e-07 0.009254381 0.05016584 1.0515444e-05 0.19287571 0.0010267819 7.5200674e-06 0.02644755 3.7154534e-06 0.47424686 0.0866115 0.003816448 1.2187774e-06 0.0020617791 1.4665173e-06 0.33376282 0.0019561972 6.95149e-06 0.00036916058 0.057994172 1.0033538e-06 1.1940544e-06 2.7939757e-06 1.7550258e-06 9.906511e-07 1.1897209e-05 0.34210312 1.8576258e-05 1.0411724e-05 0.0055513177 0.0007677381 0.27917898 0.00072137656 7.0551714e-06 4.425622e-07 0.26309136 7.434703e-06 1.0428791e-06 0.07141258 0.069641866 0.14873615 2.3098044e-06 0.0036766126 6.903619e-06 4.542792e-08 3.85695e-07 9.582701e-05 0.009232916 9.412168e-06 1.5112431e-07 1.0425585e-07 3.421826e-05 3.7608365e-07 0.0076458636 4.0683466e-07 0.013755036 1.9300332e-06 6.894493e-08 0.007648329
0.5295595 0.23425554 0.031955738 0.00510249 0.0057000015 0.5735903 0.041228313 0.042508997 0.0036543836 0.52365565 0.00024430995 0.00018265244 7.4287396e-05 0.1096077 0.020974472 0.0017676434 0.0008335467 0.993108 0.0011642171 0.23549688 0.9936797 0.000275635 0.000110777335 1.8832719e-06 0.0053250333 3.0814106e-05 6.038455e-17 2.2615748e-05 1.20399645e-05 0.00015898794 0.026579306 8.903353e-06 0.0001003638 2.6463746e-07 4.4886497e-07 0.27841365 0.00015265726 2.5256386e-05 0.0003254949 0.037195258 1.29788605e-05 2.1684835e-07 0.0007497818 2.3531584e-08 2.6104797e-05 0.5488662 4.5226748e-06 0.00028128485 0.012307706 1.7170067e-06 4.0661994e-06 5.8115393e-08 1.6794042e-06 5.0405913e-07 1.3779699e-05 2.0076015e-05 0.14905995 8.807009e-07 5.737097e-07 0.020869311 2.2182019e-07 7.660598e-09 0.009840703 0.029047694 0.00033708612 8.088759e-05 2.5700449e-05 0.4589481 1.7289646e-07 0.00095244596 2.2113438e-05 3.1156884e-07 2.3348026e-07 4.110562e-06 1.4685264e-07 0.011550339 7.8622514e-05 4.3254186e-06 0.6192176 0.0024592208 7.165307e-07 7.48069e-08 2.9148484e-07 7.0150705e-08 1.772487e-08 7.1691204e-09 0.00018112597 2.9870744e-06 8.0022335e-09 2.9984292e-07 2.1121042e-07 0.00044343655 2.8216743e-08 6.7469026e-09 2.462654e-05 9.256586e-09 5.552156e-10 4.6102667e-08 1.4186111e-05 4.5634442e-06 6.7779843e-10
0.8018304 0.0003238622 0.042569242 0.005976608 0.10312092 0.00015789518 0.008979419 6.830635e-05 0.79054886 0.00020983347 0.057135783 0.31071702 0.9367488 6.8809066e-05 0.0005203793 6.019483e-05 0.0016979898 0.00022445967 3.0162224e-05 6.486157e-05 5.6747504e-06 0.00052872277 0.0011419546 0.6293351 0.00034936777 3.5558667e-05 2.2615748e-05 1.8718176e-10 3.366319e-05 2.8214213e-06 0.00020321744 0.9846547 0.97866714 0.0019907972 0.01970209 1.4894975e-05 5.576708e-07 1.2116195e-05 9.0705817e-07 1.8487052e-06 0.034943048 9.567452e-05 0.00035354297 0.00013786029 2.030785e-06 9.335439e-06 1.3812657e-05 6.1825506e-07 0.00040297114 1.5951554e-06 0.8190404 1.6584398e-06 6.2306635e-06 7.504531e-05 0.5189748 3.8856215e-05 1.9205361e-05 3.4690904e-06 7.1639406e-05 1.0958994e-06 0.00055677997 1.3556537e-06 2.9753026e-05 1.6554495e-05 0.00016608078 0.0008356348 0.0010989152 3.131636e-06 7.0351425e-06 2.8140262e-06 0.24175441 2.6443247e-06 4.855589e-06 1.1629881e-05 0.0008434808 7.403881e-06 5.209813e-06 3.1717586e-06 3.8322087e-05 7.629336e-07 2.9819025e-06 1.9279737e-07 4.382743e-07 0.6459711 4.7149492e-06 0.02770201 1.782333e-05 0.009475483 3.2858585e-05 1.4066442e-05 0.0002961608 4.051572e-06 0.002201179 2.9381725e-05 0.00033975617 4.1055314e-06 0.112199806 0.00017868337 0.000111482645 4.4457238e-07 2.5145243e-06
0.935752 0.00050728786 0.016214382 6.1100385e-05 0.013175777 0.00020109655 0.123991616 0.0055311183 0.0016752534 0.0027552776 0.041548215 0.0023836314 0.00010443951 7.213549e-05 4.4667515e-05 0.389104 1.6380777e-06 0.00026967496 0.7285339 0.0016784724 0.00014554783 0.3434136 0.13076387 8.4194304e-05 2.0746004e-06 0.9945124 1.20399645e-05 3.366319e-05 6.993439e-16 0.9009413 7.3323495e-06 0.00010486947 2.540075e-06 0.021085845 0.0010843794 6.0416824e-05 0.016329128 0.7671079 0.05491575 0.00046410298 3.788839e-08 0.055183455 1.0624638e-06 0.005974078 0.2605754 1.3512511e-06 0.40261093 0.00026920033 1.9880383e-07 0.19409771 1.0370075e-05 0.6234618 0.308621 0.0051469887 4.7516156e-08 0.0019042443 2.0811645e-07 0.71028197 0.0010630457 1.9866682e-05 0.00075021305 0.08647148 2.5277457e-08 5.581089e-06 8.623399e-07 4.6603137e-07 9.762275e-09 5.0625937e-07 0.23384966 1.9953206e-05 6.5540416e-06 0.002117115 0.00043800398 0.6288672 0.00011071566 6.033897e-07 5.739756e-07 0.3816341 1.0591471e-05 1.3931722e-07 0.059485696 0.059107162 0.041256078 2.062726e-06 0.01728688 5.271544e-07 1.3800214e-07 3.4590936e-08 5.3727377e-05 0.010914205 6.50026e-06 1.1969246e-07 9.2346006e-08 1.3495184e-05 9.1429536e-07 0.00046060284 1.8823516e-09 0.008704414 4.4151357e-06 3.7226215e-08 0.0010119994
0.9954845 0.00029338142 0.00038156324 4.8015398e-05 0.0005031985 6.767067e-05 0.025973596 0.002434191 0.0002764674 0.0007193561 0.00030701162 0.00028854166 2.4619096e-05 1.1919627e-05 5.880975e-06 0.22393325 3.6215482e-07 0.000326331 0.4160747 0.003138245 0.0005380563 0.19591743 0.013648514 5.2301715e-05 1.2740401e-06 0.7013554 0.00015898794 2.8214213e-06 0.9009413 5.3993e-12 5.0458175e-06 5.04716e-06 9.583405e-07 0.001852924 0.0005265678 0.00062852266 0.050624214 0.977676 0.0908497 0.0032614353 2.2998458e-07 0.0052185133 5.3567237e-07 0.002697843 0.13223138 0.00015991539 0.82885826 0.009391796 4.8633515e-06 0.2387929 3.104684e-07 0.13331187 0.6123085 0.0011933084 3.6811696e-07 0.02204842 2.9712403e-06 0.2247294 0.0006696538 0.00011541904 1.6580216e-05 0.02711485 1.4106615e-06 6.153299e-05 7.1831164e-07 6.150453e-07 8.16556e-07 8.923039e-06 0.21492638 0.00044595843 2.5536097e-05 0.005848536 0.0009004047 0.36244604 3.5085122e-05 0.00024445818 3.842322e-06 0.19836636 0.00056394294 7.653939e-07 0.106661774 0.40627623 0.119909674 1.669158e-06 0.0063206367 6.9324633e-06 1.1591464e-06 1.3214074e-05 0.00013479164 0.07700406 1.5482283e-05 1.3369389e-07 3.6462457e-06 2.6371963e-05 2.8392199e-06 0.0014816493 2.445766e-06 0.010978034 8.7694454e-05 1.7405236e-07 0.012197024
0.9357362 0.31756094 0.015784085 0.61793375 0.005443193 0.22769773 0.006166608 0.00068973703 0.025794758 0.0018797114 0.0003809248 0.000613076 0.00042567978 0.9686533 0.8930589 6.182603e-05 0.74845135 0.39305174 0.000245759 0.0008785384 0.001877778 3.700801e-05 7.3212716e-05 3.5086563e-05 0.8875337 3.686515e-06 0.026579306 0.00020321744 7.3323495e-06 5.0458175e-06 2.0706746e-12 0.00012644498 0.0005846707 3.1288153e-06 8.428094e-06 0.00017147453 9.776783e-07 3.055185e-06 2.2478302e-05 3.3153523e-05 0.064807475 1.07734e-06 0.92145115 3.201078e-07 7.787159e-07 0.5827257 1.0148646e-06 1.1762219e-06 0.935616 3.5196636e-06 8.2219e-05 1.1691534e-07 3.9982157e-07 6.1820756e-06 0.0015382889 7.726899e-05 0.43491068 8.670667e-07 5.415225e-06 1.3147251e-05 9.559453e-07 1.2245642e-06 0.58894855 3.067124e-05 0.50095373 0.12734018 0.03524533 0.044480108 1.3748136e-06 6.886588e-06 0.0038465876 1.8340236e-07 1.2434059e-06 3.6101963e-07 6.2268947e-07 1.7948701e-05 2.0280195e-06 1.2922978e-06 0.0013297249 0.000571087 1.0980702e-06 1.9669926e-06 2.5368416e-07 8.578221e-05 3.6167958e-07 1.9680162e-07 0.010023105 0.010110261 3.374301e-06 4.8800125e-06 3.1351937e-07 0.001960284 9.650025e-05 5.80613e-07 0.016343774 8.9270947e-07 9.275471e-05 6.131636e-05 8.56789e-08 0.000130523 2.1439537e-07
