2.3319144e-18 0.9496698 0.96188307 0.96531665 0.9823741 0.8826005 0.7375806 0.9191398 0.98395795 0.98536813 0.8249089 0.7983104 0.9948146 0.9619729 0.40702954 0.28759652 0.36428803 0.9022407 0.4014032 0.9703412 0.91656166 0.9962706 0.81937474 0.97261363 0.91025126 0.22590013 0.15697335 0.45565054 0.94872224 0.9459661 0.95965034 0.061563384 0.20288907 0.99553764 0.9776134 0.7454443 0.86114687 0.9075254 0.4805677 0.99997604 0.48086983 0.91432285 0.9813012 0.92949307 0.27744153 0.99228054 0.043050338 0.9245151 0.25180915 0.9156029 0.8326157 0.9916091 0.91736704 0.57774425 0.96606576 0.92661995 0.12648359 0.828404 0.93923324 0.7466873 0.005459908 0.012830577 0.5357509 0.65454745 0.00568427 0.9226003 0.021182945 0.5785249 0.8739599 0.9995498 0.55596673 0.9901297 0.25556204 0.011393911 0.0036599466 0.97768205 0.39233792 0.88326675 0.9822553 0.43949926 0.99325025 0.53843695 0.25415412 0.81775165 0.55359906 0.537353 0.28168246 0.52209514 0.0033398403 0.99748755 0.020912733 0.019087516 0.97675204 0.96889323 0.18633299 0.7368269 0.04644354 0.012365219 0.04724323 0.0024684833 0.007841634
0.9496698 4.3698455e-15 0.960392 0.40541935 0.7440539 0.86173844 0.86529964 0.2567334 0.26953372 0.9358199 0.52370566 0.3645093 0.046868704 0.069934644 0.071417406 0.077853195 0.05823034 0.021003962 0.17884222 0.005399397 0.011035752 0.20496726 0.058450613 0.0002796794 0.0025963788 0.011616913 0.0020315505 0.0021610423 0.00027980638 0.0014869391 6.0995295e-05 0.0062038903 0.001793781 0.00029902608 4.961881e-05 0.00012664279 0.0004038277 5.399922e-05 0.0017566202 0.42673433 0.0007325745 0.00035191368 0.00015163676 2.2954669e-06 0.20744926 1.5953876e-05 0.0054606968 2.2761344e-05 0.00091270066 0.004028409 2.4579309e-05 0.02271911 1.071065e-05 5.5417488e-05 0.0005328955 0.000647834 1.0289345e-05 0.00046374684 0.0001064873 0.00018789129 2.9874316e-05 0.00017106374 2.363536e-06 0.0008374382 0.00021405534 0.0008372529 8.854304e-05 1.2305705e-05 1.299682e-05 0.0058613615 5.6811614e-06 0.013004489 3.716221e-05 5.5209355e-08 0.00015240427 0.0049019423 3.990885e-06 1.0617329e-07 0.00667303 2.4123889e-05 0.04153899 0.00017166973 2.0905848e-06 3.3860997e-06 4.7742e-06 8.630832e-06 2.4903647e-05 7.09978e-06 2.168987e-06 0.012853927 3.1699307e-07 1.23005075e-05 0.012664774 0.000104397186 3.9202519e-07 7.889137e-08 7.305602e-08 1.1996336e-06 1.6560084e-07 7.266007e-07 1.8070946e-08
0.96188307 0.960392 4.9046877e-14 0.69828194 0.9144997 0.9286807 0.42083132 0.07485312 0.5749951 0.5397446 0.6569061 0.65620106 0.014710861 0.38220394 0.21532606 0.17445584 0.21097966 0.0033803566 0.038135063 0.00062845554 0.0858567 0.2112256 0.3023305 6.398492e-05 0.0005073911 0.071772374 0.0006708776 0.00041634013 5.2218733e-05 0.0127395885 0.00029543188 0.04242066 0.00045884107 0.0008174743 0.00011783126 3.7393824e-05 0.0001229023 2.3176759e-05 0.00083253253 0.28029335 0.010438236 5.0546863e-05 0.0005191029 1.5996976e-07 0.20817387 2.5210518e-05 0.019287046 2.7452073e-05 0.00018731537 0.0009640628 0.0008050773 0.007353411 1.8535044e-05 0.0006178443 0.00011125482 0.0011297003 0.0002509367 0.0007460585 2.0719974e-05 4.8949343e-05 6.2886735e-05 0.00024159171 2.870746e-06 0.000169739 0.00063446094 0.0012478173 6.687546e-05 2.4293693e-05 5.9754195e-05 0.005544493 1.0801069e-05 0.007586746 0.0004062539 1.3080605e-05 6.281613e-05 0.00471948 6.936732e-07 7.2311116e-07 0.0065282914 9.7623146e-05 0.023609955 2.2431339e-05 1.6240277e-07 1.0756313e-05 4.8764855e-06 0.00012646223 7.913989e-06 2.0242119e-07 1.91336e-06 0.01086958 5.7421134e-06 1.2402895e-05 0.007929428 0.00023102979 7.6411095e-07 4.836435e-07 8.891638e-07 5.972898e-06 5.2829048e-08 1.173318e-06 2.0946928e-07
0.96531665 0.40541935 0.69828194 2.6089446e-16 0.93280625 0.7371858 0.05710062 0.003001734 0.929356 0.089878686 0.45334557 0.7917384 0.001450862 0.8674493 0.5097921 0.34874466 0.5656269 2.9019098e-05 0.0018012173 8.354152e-06 0.52278376 0.18564346 0.6808631 5.310457e-07 1.0606461e-05 0.35818955 0.00011660262 2.6316742e-05 8.6662436e-07 0.11565236 0.0019381058 0.2186711 1.2687893e-05 0.002765187 0.00028721456 5.282041e-07 8.8433336e-07 2.3472312e-07 4.8257327e-05 0.07363833 0.10965882 2.3769414e-07 0.0038935356 1.6271203e-09 0.056600202 2.0647109e-05 0.010562467 4.8107504e-06 7.29278e-06 2.7297521e-05 0.007755008 0.00096752093 4.3363405e-05 0.005167454 1.2693425e-05 0.000382094 0.0030094646 0.00033931306 1.3682624e-07 4.4022724e-07 7.774986e-06 4.8606922e-05 6.3651356e-08 1.9590645e-06 0.0008199346 0.00073348463 2.0850396e-06 1.6242386e-05 8.504721e-05 0.008086389 7.935512e-06 0.0016191001 0.003939636 0.00022983167 2.3217856e-06 0.003983341 2.3277148e-07 1.2446694e-06 0.008835768 6.869851e-05 0.0072682924 1.9077632e-07 6.656015e-08 6.254683e-05 4.6912874e-07 0.0016179426 1.464296e-07 5.958378e-10 5.8137874e-07 0.0062245703 1.3553495e-05 2.53442e-06 0.0025243745 0.00019472609 1.8673077e-07 1.6564481e-06 9.951821e-07 0.00012903631 5.2549066e-08 1.2702125e-06 5.8824003e-06
0.9823741 0.7440539 0.9144997 0.93280625 3.2003253e-14 0.8122527 0.12143504 0.01900795 0.89664567 0.2234559 0.456858 0.4677049 0.0029114692 0.65771145 0.1861768 0.0969459 0.24181527 0.00037202972 0.0046676137 0.00021803234 0.21014486 0.5241434 0.47814995 1.0857653e-05 0.00023733254 0.11770618 0.00022704295 0.000102091704 2.8549559e-05 0.045892686 0.0016581974 0.054998912 9.70168e-05 0.0032221293 0.00079384126 1.4303158e-05 1.6799146e-05 1.5139486e-06 9.6218304e-05 0.28861803 0.03184695 1.7486915e-05 0.002480068 4.0498254e-08 0.05267159 7.307829e-05 0.010860416 5.6396744e-05 1.26714485e-05 0.0014872875 0.0037710585 0.0070015104 0.00012238463 0.002324184 7.7810735e-05 0.0020774277 0.00068595406 0.0018142369 2.9673552e-06 6.5424388e-06 1.000443e-05 3.297055e-05 4.30436e-07 0.00021711749 0.0003688942 0.0022471552 4.1914036e-06 0.00012557159 0.00021304235 0.01119438 0.00010532872 0.007427114 0.001191723 3.6190213e-05 3.0985539e-06 0.010332775 6.58529e-07 5.973513e-06 0.015740266 0.00022372515 0.030578833 5.246172e-05 2.2508914e-07 3.0920288e-05 1.630534e-06 0.0006155902 3.078513e-06 5.246647e-07 1.2822276e-06 0.015246236 3.7861137e-05 2.9338253e-06 0.010901129 0.0008707606 4.1826445e-07 2.71554e-06 4.0188734e-06 3.6046546e-05 2.1687493e-08 3.098202e-06 1.4754746e-06
0.8826005 0.86173844 0.9286807 0.7371858 0.8122527 4.652703e-16 0.23588543 0.064978324 0.3983161 0.21309592 0.9843056 0.93059826 0.014864267 0.115335226 0.54055023 0.45991462 0.24108407 0.00037438408 0.013143773 8.371806e-05 0.0062876036 0.021340322 0.15981907 7.1359054e-06 0.00014567157 0.037983693 0.000302671 0.00015400296 1.2826085e-05 0.00016706822 6.770198e-05 0.021020066 5.2925345e-05 0.00029754714 3.0683645e-05 8.132887e-07 1.5732889e-05 2.59203e-07 5.165813e-05 0.117175415 0.0018412881 6.491878e-06 4.10882e-05 2.5354764e-08 0.25298962 4.162518e-05 0.027772253 4.379356e-06 4.3647444e-05 0.00032596305 4.0270797e-06 0.0032408016 2.912188e-06 2.2218921e-05 7.39037e-05 0.00014455848 1.03848215e-05 0.00012730443 1.9608551e-06 2.1858195e-06 0.00057172024 0.0005015153 7.9323e-09 4.5697918e-05 0.0021591112 8.425527e-05 9.928932e-06 3.816167e-06 7.318755e-06 0.00121627 2.190496e-06 0.0030712686 1.6185735e-06 1.2839009e-05 0.00013061527 0.001234017 7.032258e-08 9.545309e-08 0.0019748497 3.2746357e-06 0.010681935 8.96121e-06 4.3418954e-08 1.3340346e-06 2.1703973e-07 5.1096623e-07 1.1980929e-07 4.2734882e-08 3.7124835e-07 0.0024656658 6.267039e-08 3.7597684e-07 0.002054502 6.501584e-05 8.893469e-09 1.8459833e-08 3.7997722e-07 2.957989e-06 7.944463e-08 6.947719e-08 1.7060868e-08
0.7375806 0.86529964 0.42083132 0.05710062 0.12143504 0.23588543 1.8580592e-17 0.9419216 0.026658831 0.90020305 0.5006532 0.059502944 0.8827959 0.0007892343 0.024887256 0.06573273 0.008033183 0.6335137 0.9542245 0.31696954 0.000112519345 0.034223348 0.0028097292 0.009586157 0.16112114 0.0031825562 0.349015 0.24176015 0.009032446 2.1990736e-06 2.583468e-06 0.0008969311 0.2300143 8.157699e-05 4.056083e-06 0.0026362813 0.014194782 0.00025663403 0.065000735 0.23144938 9.1492155e-05 0.0012642702 1.6328511e-06 6.173951e-06 0.7881687 1.3165777e-06 0.01828222 2.0621349e-07 0.23592108 0.008210414 1.2398966e-07 0.019365741 1.8687506e-07 4.400421e-07 0.00036655107 4.318492e-05 2.8813645e-07 3.4337445e-05 0.00020823529 0.0015567134 0.00041134853 0.0015139207 0.00012118581 0.0011053979 0.00014978086 0.00011692934 0.01682861 8.288219e-07 1.463256e-07 0.001724342 4.038496e-07 0.005098193 2.6666025e-06 8.49622e-08 0.0015471929 0.0009159326 7.261172e-07 2.5777371e-09 0.001319404 7.154563e-08 0.012038772 1.2846063e-05 4.4154663e-07 2.6671849e-08 2.8723629e-05 9.95314e-07 3.0946598e-05 5.8404504e-07 0.0016526645 0.002495311 7.491942e-08 8.129624e-05 0.003818379 1.7987762e-06 3.226908e-07 2.8994318e-10 3.0811604e-09 4.019438e-07 3.4187547e-08 0.0001116974 4.361482e-09
0.9191398 0.2567334 0.07485312 0.003001734 0.01900795 0.064978324 0.9419216 8.974036e-16 0.0034781678 0.8804216 0.1299891 0.007216852 0.94278085 0.0020999403 0.00344194 0.008715569 0.0013759589 0.8338505 0.86810744 0.4737322 5.0869858e-05 0.008030172 0.0012624052 0.009608596 0.13446844 0.00071565044 0.48508957 0.43835023 0.022495676 1.7468663e-05 7.003957e-07 0.0002958305 0.31480464 1.7227663e-05 1.1094057e-06 0.0076394975 0.050477527 0.0008905782 0.3658953 0.40428075 8.641898e-05 0.0011932731 3.1066786e-06 5.6900703e-06 0.37921152 3.2900445e-07 0.010692525 1.01065964e-07 0.6887964 0.011058169 6.043448e-08 0.024599103 2.183308e-07 1.0474623e-06 0.00043600897 0.000104346815 2.7128854e-07 0.00013181745 0.00075954373 0.03800178 0.00023938633 0.002916834 0.00844234 0.0011736287 6.5738386e-05 0.0004189228 0.1442274 1.8654157e-07 1.0201242e-07 0.0010001492 2.961948e-07 0.011861557 3.3836542e-07 2.5347317e-06 0.0049531898 0.0008840202 4.088375e-06 8.768942e-09 0.00057779567 1.6358889e-06 0.01746864 0.00011332023 1.0359696e-05 2.3284784e-07 0.00018234091 3.0807874e-07 3.460808e-05 6.2760405e-06 0.0066571143 0.0039768564 1.5395266e-07 0.0006918686 0.008414928 1.443157e-05 8.158193e-06 6.7866295e-09 1.8409e-07 1.7010035e-06 9.734706e-08 0.00030257745 2.9167254e-07
0.98395795 0.26953372 0.5749951 0.929356 0.89664567 0.3983161 0.026658831 0.0034781678 7.970418e-15 0.06363796 0.12778556 0.26221722 0.00038566283 0.8979496 0.12359402 0.053925287 0.2199421 2.6718322e-05 0.00022542696 1.8220002e-05 0.50732714 0.8095849 0.5325616 1.950054e-06 6.030647e-05 0.16046567 8.65838e-05 3.3464636e-05 5.06219e-06 0.24421741 0.08035229 0.07860894 1.4208371e-05 0.13657537 0.07403893 4.0411007e-07 8.53349e-07 6.390743e-08 1.2618472e-05 0.15319921 0.1347552 3.3116282e-06 0.04409954 4.107671e-09 0.012421368 0.0016673342 0.0020655666 0.0020337757 9.998606e-07 0.00072763435 0.036213297 0.0062787263 0.0023421657 0.017391501 5.2687494e-05 0.01621129 0.006731155 0.013568693 8.7163244e-07 5.0735844e-07 2.6950524e-06 8.751362e-06 8.463759e-08 6.357665e-05 0.0001977441 0.01798296 2.7548122e-06 0.00090083637 0.0020758237 0.04820102 0.0012264419 0.007941628 0.0078395065 0.00012358035 1.0367924e-06 0.030920645 6.8582904e-07 8.9488225e-05 0.043247756 0.0037165736 0.035063375 9.952328e-06 1.6791023e-07 0.0005613844 5.883485e-07 0.013167906 1.4465223e-06 3.2083843e-08 1.2436111e-06 0.018734628 0.0001969249 3.3060933e-06 0.011380532 0.006710775 9.385416e-07 5.517965e-05 1.925945e-05 0.00036281373 3.7786776e-08 8.29742e-06 1.3112329e-05
0.98536813 0.9358199 0.5397446 0.089878686 0.2234559 0.21309592 0.90020305 0.8804216 0.06363796 3.4741768e-15 0.068578534 0.011782503 0.7023309 0.003876112 0.0054794196 0.0051570884 0.0023785948 0.3788006 0.22538523 0.3006222 0.00021904625 0.71913385 0.001137053 0.022520639 0.1982119 0.00085036264 0.023810333 0.012354735 0.015824266 7.3033356e-05 0.00015748823 0.00010669316 0.008435267 0.004168326 0.0007807643 0.002720678 0.002384743 0.0008440147 0.0053577744 0.7403974 0.00024507908 0.010311767 7.003831e-05 0.00014004529 0.030405654 0.00014146129 0.00031471121 0.000118222284 0.0048670336 0.38950524 8.5294056e-07 0.27903983 1.2889431e-05 3.4341283e-05 0.007699723 0.0047961767 2.53984e-06 0.007018618 0.0009606465 0.00078412256 4.3299e-06 0.00012744071 4.2145577e-05 0.11932476 2.7977858e-06 0.013413969 0.0006707154 3.6348876e-05 6.191233e-06 0.03902454 8.8947854e-05 0.11870906 1.9377547e-05 3.4020893e-08 0.000119131335 0.015227457 3.6285495e-05 1.5486934e-05 0.025465678 3.8994607e-05 0.221024 0.003558123 9.603299e-06 5.660319e-06 2.3108189e-05 1.9058222e-06 0.0002469466 0.0019235534 5.631067e-06 0.13822193 8.671763e-08 1.9049072e-05 0.12329112 0.0021006914 1.6861952e-05 5.4003618e-08 3.237658e-08 4.9522606e-07 3.903456e-07 4.4182398e-06 3.1535738e-08
0.8249089 0.52370566 0.6569061 0.45334557 0.456858 0.9843056 0.5006532 0.1299891 0.12778556 0.068578534 1.9702372e-15 0.8220809 0.025960933 0.020653823 0.44799286 0.9547645 0.17119882 0.0003646578 0.03781381 0.00013458742 0.0022599762 0.0045951367 0.14669892 5.127693e-06 4.1322168e-05 0.17012809 0.0011652004 0.00074052444 1.8250992e-05 3.4417804e-05 1.601357e-05 0.10615103 0.00030963353 3.3845386e-05 2.7804172e-06 5.5303184e-07 8.84734e-05 8.019393e-07 0.000661354 0.13078956 0.0017300171 1.9935482e-05 1.27179255e-05 6.40419e-08 0.82967013 2.6557834e-06 0.23191564 2.267042e-07 0.0023383673 0.00019991025 3.5577984e-06 0.0013716922 1.4949914e-06 4.957149e-06 8.205518e-06 2.1302963e-05 5.5413757e-06 7.0620918e-06 4.2609504e-06 3.0795318e-06 0.0062196576 0.0050115455 3.214411e-08 1.932319e-06 0.011625292 7.920883e-06 0.0005542819 2.9151096e-07 1.8556046e-06 0.00015499086 6.755792e-08 0.001202253 4.3405134e-06 9.110444e-05 0.0017561142 0.00015973843 2.3153311e-06 3.3059748e-09 0.00017673912 5.398238e-07 0.0038279044 2.7441952e-06 1.327084e-07 4.8431644e-07 9.5082635e-07 1.0995194e-06 3.6140995e-07 8.195408e-09 2.385207e-05 0.00083066005 2.4009748e-07 1.4885702e-05 0.0006679327 1.0786962e-06 6.6674126e-08 7.335867e-10 2.6937252e-07 1.5840487e-05 1.6843212e-07 1.4446641e-06 6.6202716e-08
0.7983104 0.3645093 0.65620106 0.7917384 0.4677049 0.93059826 0.059502944 0.007216852 0.26221722 0.011782503 0.8220809 5.3448663e-14 0.0011610561 0.5613802 0.92344564 0.840722 0.91401947 2.3856961e-05 0.0018330396 1.7032558e-05 0.07937391 0.009785781 0.74678385 2.215049e-06 2.5281883e-05 0.43981174 0.00034011668 6.14741e-05 7.955533e-06 0.0013108153 0.000163735 0.23598775 3.149888e-05 0.00018780473 6.289921e-05 6.8894934e-07 1.7789027e-05 5.9712204e-07 0.00014617923 0.018990174 0.026130736 9.317855e-06 0.00017072343 3.4744872e-08 0.3477819 1.1025588e-05 0.06844234 6.4409523e-06 9.332159e-05 8.223625e-05 9.898257e-05 0.00020475095 4.2900203e-05 0.00033230017 4.7977564e-06 0.0001333751 0.00013953203 6.696238e-05 1.6960743e-06 8.5729124e-07 0.00033683886 0.00068254577 2.013485e-08 2.5501502e-06 0.0067413757 9.7662996e-05 5.3789467e-05 1.6072489e-05 0.00019844044 0.0006959925 3.8858975e-06 0.00056249544 6.819589e-05 0.00021624792 7.0202346e-05 0.0003489497 9.407941e-06 7.7945225e-07 0.00078479666 0.00012017016 0.002202058 4.074044e-06 2.0951161e-07 1.4775086e-05 5.865594e-06 2.405554e-05 3.092763e-07 1.1190498e-08 2.1211767e-06 0.000762618 2.2823467e-07 1.0160794e-05 0.00021664632 2.0402262e-05 1.5784269e-07 5.124095e-06 9.885621e-06 0.00011836093 8.696438e-07 3.3811173e-06 1.6011245e-07
0.9948146 0.046868704 0.014710861 0.001450862 0.0029114692 0.014864267 0.8827959 0.94278085 0.00038566283 0.7023309 0.025960933 0.0011610561 1.8715913e-15 0.002665188 0.000862764 0.0010553108 0.0004998405 0.9060737 0.5059177 0.54139316 2.3427654e-05 0.05392472 0.0002487406 0.030072784 0.22787876 0.00012602904 0.2319042 0.18086986 0.035884336 1.1208308e-05 9.1112264e-07 3.565776e-05 0.11452303 4.0663643e-05 9.332925e-07 0.0050188582 0.016697833 0.0016012684 0.19840194 0.59544307 5.1729072e-05 0.005960445 3.3105164e-06 2.217227e-05 0.06845722 4.366943e-07 0.0004145088 1.0536533e-07 0.4591838 0.22049503 9.4658446e-08 0.08857514 4.9935853e-08 3.7785446e-06 0.0012331569 0.0001370005 8.7250066e-07 0.00029998383 0.0017256548 0.012622048 4.625064e-06 0.0003493268 0.0030005332 0.022652471 1.9075542e-05 0.0002678991 0.08233989 5.3850673e-08 1.6255733e-08 0.0017798557 2.1073278e-07 0.042874817 5.6235535e-06 6.204819e-07 0.0037284058 0.0017989813 2.222722e-06 2.9258043e-09 0.0019162818 2.821229e-07 0.049644496 0.0018725126 3.4433972e-06 8.267006e-07 0.00019138471 7.666672e-07 6.75327e-05 0.00011201935 0.0018902598 0.016706457 1.8459974e-06 0.00025777437 0.03863658 2.4556723e-05 3.1639687e-05 4.0016337e-09 6.443372e-08 8.439717e-06 2.0580543e-07 0.000115369185 4.4007103e-07
0.9619729 0.069934644 0.38220394 0.8674493 0.65771145 0.115335226 0.0007892343 0.0020999403 0.8979496 0.003876112 0.020653823 0.5613802 0.002665188 2.4813696e-13 0.30628225 0.06633752 0.5793266 7.803813e-07 6.00705e-05 2.683537e-06 0.9637515 0.03094875 0.8870114 1.13144e-06 2.5214833e-06 0.47409177 4.873208e-06 1.3215742e-06 1.7587873e-06 0.5911076 0.00664013 0.21208423 2.1779985e-07 0.043418735 0.010987015 1.5582406e-08 4.5398238e-07 8.313234e-09 9.440327e-07 0.17390853 0.3946065 1.1930123e-07 0.009896663 2.2684901e-08 0.008925802 0.0060140206 0.01024953 0.001185696 3.5443911e-06 2.762559e-05 0.052561995 0.0018375858 0.0005958018 0.06043758 1.578099e-05 0.0012187676 0.014130132 0.0005524536 1.2593581e-06 1.1878219e-07 9.330927e-06 3.388831e-05 3.5599008e-09 1.6445124e-06 0.002736122 0.0007215227 3.3413596e-06 0.00011442728 0.001469911 0.004541411 0.00013605434 0.0015831722 0.009034088 0.001557704 1.112468e-07 0.012096821 4.3146218e-07 9.427736e-06 0.013657569 0.0010798217 0.005635228 1.7834559e-06 2.8392412e-08 0.00031572577 2.3133434e-07 0.007044862 4.65036e-09 9.583066e-09 2.0011568e-08 0.0017594587 0.00013675797 7.005346e-07 0.0016191812 0.000487978 1.0900289e-08 5.718445e-06 9.923356e-06 0.0017399782 1.1647007e-07 1.1627519e-07 1.29943655e-05
0.40702954 0.071417406 0.21532606 0.5097921 0.1861768 0.54055023 0.024887256 0.00344194 0.12359402 0.0054794196 0.44799286 0.92344564 0.000862764 0.30628225 5.2691095e-15 0.97657317 0.97833246 1.31891065e-05 0.00071910577 1.08602235e-05 0.015832359 0.0053205024 0.374822 3.3061692e-06 1.7854903e-05 0.38801596 4.333558e-05 1.6003232e-05 2.2689662e-06 0.0003820936 0.00011319052 0.14229116 1.9002042e-05 0.00011536688 7.735016e-05 1.5616992e-07 2.8901563e-06 8.35302e-08 1.771643e-05 0.009588622 0.0108606955 3.2133817e-06 0.00013727776 2.0176946e-08 0.24034669 1.3208857e-05 0.04087125 3.4185853e-06 1.3454768e-05 1.7210356e-05 6.196972e-05 0.000123496 3.2774118e-05 7.829039e-05 1.2638362e-06 9.738561e-06 3.355354e-05 8.004544e-06 6.459927e-07 4.1778964e-07 0.00010296476 0.000175692 2.8196244e-08 1.11979546e-07 0.0044384254 2.6287744e-05 8.799055e-06 1.1013129e-06 4.834424e-05 0.0005175809 3.3505322e-07 0.0001365686 5.0016904e-05 4.974736e-05 2.1825417e-05 0.00027283534 9.57784e-07 9.3925564e-08 0.00023383691 8.5524525e-06 0.0011073789 1.9957677e-07 4.96766e-08 2.6893092e-06 1.4343857e-06 4.2226482e-05 6.202076e-08 9.250304e-09 7.5998526e-07 0.0001946466 2.0420228e-07 1.5217465e-06 0.000117621865 2.1695334e-06 3.0550215e-08 4.283297e-08 5.9836304e-07 9.373193e-06 1.1743182e-07 1.1270633e-06 1.9511344e-08
0.28759652 0.077853195 0.17445584 0.34874466 0.0969459 0.45991462 0.06573273 0.008715569 0.053925287 0.0051570884 0.9547645 0.840722 0.0010553108 0.06633752 0.97657317 2.5005629e-14 0.9569555 3.7367194e-05 0.0024198624 1.3161089e-05 0.002692463 0.0020777052 0.20399164 2.371513e-06 2.3885805e-05 0.38445184 0.00013329627 8.578221e-05 1.8994189e-06 4.011194e-05 2.4556888e-05 0.16368437 5.1419647e-05 1.940386e-05 7.26947e-06 1.813779e-07 7.122356e-06 1.03635486e-07 4.8999085e-05 0.01096451 0.003452162 4.5576426e-06 2.2313778e-05 2.3634726e-08 0.5154339 3.2533937e-06 0.10579692 7.709652e-07 0.00013327884 3.680008e-05 5.5535497e-06 5.6414443e-05 5.6299655e-06 1.7916635e-05 9.76548e-07 1.06574225e-05 1.4675998e-05 4.172766e-06 1.191103e-06 8.868941e-07 0.0006494445 0.0004871573 5.3555468e-08 1.455726e-07 0.009130315 1.3725256e-05 3.268251e-05 7.596222e-07 1.1897186e-05 0.000102912636 6.149553e-08 8.410506e-05 9.57874e-06 4.8544338e-05 0.00025415194 0.00012307907 4.466477e-06 8.113024e-09 5.4503354e-05 1.7821026e-06 0.0005763095 1.7921632e-06 1.2010548e-07 2.2403922e-06 3.2016446e-06 1.0742832e-05 1.6662229e-07 1.0971396e-08 6.7843807e-06 0.00011921487 1.597653e-07 7.745266e-06 0.00015899749 8.810731e-07 1.8295472e-08 1.1788721e-08 1.8061289e-07 4.969039e-06 3.705572e-07 4.2789575e-06 1.0052491e-08
0.36428803 0.05823034 0.21097966 0.5656269 0.24181527 0.24108407 0.008033183 0.0013759589 0.2199421 0.0023785948 0.17119882 0.91401947 0.0004998405 0.5793266 0.97833246 0.9569555 5.8250084e-13 2.580816e-06 0.00019521026 1.6271664e-06 0.17789532 0.005216244 0.7367092 2.92703e-07 8.416355e-07 0.8093189 1.9877558e-05 6.893441e-06 1.5124521e-06 0.00096954836 0.00014844781 0.3120449 3.5671926e-06 0.00030651252 8.417311e-05 4.9585534e-08 1.0352026e-06 8.5230994e-08 6.768109e-06 0.0054408577 0.03351628 4.9849183e-07 9.68686e-05 1.4048616e-08 0.23900355 5.7703655e-05 0.06101161 4.739017e-06 1.6060214e-05 2.618777e-06 9.175036e-05 3.441518e-05 1.13758915e-05 0.00015313683 1.5618442e-06 1.342191e-05 0.00021398818 8.386121e-06 3.6057202e-07 3.046365e-07 0.00015626369 0.00017250079 5.2785407e-09 8.8291765e-09 0.012197867 2.6685831e-05 3.4126047e-06 3.28623e-06 3.486751e-05 0.000492727 1.1888526e-06 8.4128165e-05 0.0002073732 0.0003407225 3.9344636e-06 0.00038190524 5.7736156e-06 3.936629e-08 0.0005173339 1.07453225e-05 0.00072076765 5.422636e-08 4.359596e-08 6.09025e-06 1.7382919e-06 3.489572e-05 1.02165664e-07 1.6630398e-09 1.0234379e-06 4.165965e-05 7.949984e-07 8.7691315e-06 5.8616042e-05 6.1168153e-06 7.9376164e-08 9.778919e-07 6.4757916e-07 7.958489e-05 5.067356e-07 9.585521e-06 1.1590895e-07
0.9022407 0.021003962 0.0033803566 2.9019098e-05 0.00037202972 0.00037438408 0.6335137 0.8338505 2.6718322e-05 0.3788006 0.0003646578 2.3856961e-05 0.9060737 7.803813e-07 1.31891065e-05 3.7367194e-05 2.580816e-06 6.906899e-17 0.85195327 0.9145612 1.7810838e-07 0.001293048 2.928528e-06 0.019867416 0.10495049 1.1820937e-05 0.7145808 0.890508 0.18267737 4.567526e-07 6.869867e-08 7.743973e-06 0.77986723 3.4876573e-06 1.6831906e-07 0.1491013 0.5581677 0.017608628 0.765675 0.10092945 9.334291e-06 0.004993466 1.09897904e-07 1.03946295e-05 0.08233318 5.0836604e-08 5.0507595e-05 1.7227276e-08 0.87752736 0.0032371134 7.1277264e-09 0.00840782 7.431144e-08 2.3555732e-07 0.000120979 1.0714695e-05 5.2825623e-08 4.7300005e-06 0.0009876452 0.16175234 1.2913183e-06 0.0006147202 0.09178447 6.0068844e-05 1.0614065e-06 2.9746756e-05 0.17061391 3.2342774e-07 6.20636e-08 0.00021481914 8.799524e-08 0.0031742463 6.5682386e-08 8.458938e-07 0.0009666775 6.992358e-05 3.3442464e-07 5.700444e-10 9.632885e-05 1.8155563e-07 0.004659197 7.387318e-07 5.813876e-07 2.1388199e-07 0.011586482 4.7074863e-08 1.2312513e-05 1.4783859e-08 0.005253029 0.00081186293 4.8104884e-08 0.0023647773 0.0015659698 1.562227e-06 1.5538108e-05 4.112367e-09 7.8139436e-08 5.557542e-07 1.2542042e-08 0.0010243334 2.0020577e-08
0.4014032 0.17884222 0.038135063 0.0018012173 0.0046676137 0.013143773 0.9542245 0.86810744 0.00022542696 0.22538523 0.03781381 0.0018330396 0.5059177 6.00705e-05 0.00071910577 0.0024198624 0.00019521026 0.85195327 4.6315927e-17 0.11825528 5.5963856e-06 0.0019600308 1.9588992e-05 0.0001452788 0.0011986748 0.00025180978 0.9833922 0.43909675 0.0011556195 4.256075e-07 3.1680236e-05 0.00017495012 0.28053465 5.6853976e-05 1.2357204e-05 0.000658087 0.009142797 2.4596333e-05 0.037630904 0.048745774 4.18645e-06 5.91753e-05 2.8641775e-06 7.1221956e-07 0.66241384 1.3479819e-06 0.002562981 1.0848894e-06 0.18724546 0.00026420964 4.308534e-08 0.00043733176 5.280387e-06 2.073635e-06 2.8974698e-06 2.1423086e-05 1.167859e-06 3.6094236e-06 1.5411953e-05 0.00026364913 0.00015708938 0.0029470487 3.4248085e-06 4.765076e-06 9.0758385e-06 9.420843e-06 0.026159102 7.323153e-06 2.1149494e-06 0.00051873544 7.3149687e-07 0.00040462706 4.729707e-08 4.3159907e-06 0.0037123496 0.00017721255 3.460141e-07 6.9619754e-09 0.00036624097 3.135216e-06 0.0010123078 2.10354e-08 1.0615406e-07 7.817775e-06 1.6627673e-05 2.5657503e-08 2.0670613e-07 4.1859245e-09 0.0037767235 0.00013991367 2.1485702e-08 6.320468e-05 0.0002059041 1.0365862e-05 6.3111585e-08 3.152359e-08 8.0525645e-08 9.768651e-08 2.3962816e-08 0.00026182624 2.0884552e-09
0.9703412 0.005399397 0.00062845554 8.354152e-06 0.00021803234 8.371806e-05 0.31696954 0.4737322 1.8220002e-05 0.3006222 0.00013458742 1.7032558e-05 0.54139316 2.683537e-06 1.08602235e-05 1.3161089e-05 1.6271664e-06 0.9145612 0.11825528 7.298702e-17 2.9127335e-07 0.0015163012 4.964428e-07 0.47203144 0.78008914 2.1258934e-06 0.22228558 0.6664843 0.8873574 2.3469828e-07 2.8092413e-07 9.925546e-07 0.513222 4.783849e-06 9.420334e-07 0.7492892 0.87628317 0.45278955 0.62137324 0.08116506 9.680488e-07 0.16264401 4.4632768e-07 0.006223217 0.00457801 1.6107057e-07 5.2100586e-07 7.092511e-08 0.6810749 0.038405597 8.163878e-09 0.09139717 3.0295883e-08 4.864875e-07 0.0022673495 1.5217328e-05 2.1365596e-08 3.772292e-05 0.065706804 0.5570127 7.8885006e-07 0.00018961809 0.48477465 0.007085228 1.3675164e-07 0.00026163005 0.06941729 1.6169729e-07 2.457632e-08 0.00077920785 1.12333595e-07 0.026643233 1.2988096e-07 5.5940086e-07 0.00017072343 0.0003701544 1.4427014e-05 7.918091e-09 0.0008027186 2.6100713e-07 0.031112852 2.641445e-05 3.1196487e-05 1.7533888e-07 0.1290334 1.6324119e-08 0.00060417777 2.2065216e-05 0.0009404985 0.004810102 1.2152129e-08 0.013921099 0.018532006 1.0580719e-05 0.00079143443 2.0948663e-09 7.6410046e-08 1.6149771e-07 2.617292e-07 0.0013476812 2.0473616e-09
0.91656166 0.011035752 0.0858567 0.52278376 0.21014486 0.0062876036 0.000112519345 5.0869858e-05 0.50732714 0.00021904625 0.0022599762 0.07937391 2.3427654e-05 0.9637515 0.015832359 0.002692463 0.17789532 1.7810838e-07 5.5963856e-06 2.9127335e-07 1.5428936e-13 0.0154487435 0.93600756 5.1459892e-08 5.2940135e-07 0.48248097 3.2112343e-06 1.4487451e-06 2.4940724e-07 0.98044586 0.015579936 0.37846255 1.0980996e-06 0.049090542 0.024836266 1.3900314e-08 1.4875738e-07 5.6031704e-09 2.4697758e-07 0.020952124 0.8926722 1.263538e-07 0.030517202 9.476877e-09 0.00015248118 0.011061856 8.614227e-05 0.0020121683 1.3721068e-05 2.0875395e-05 0.1818199 0.000472017 0.00087533065 0.15169072 3.9992824e-06 0.0011379615 0.020468088 0.00029453335 4.0573635e-08 4.7372186e-08 2.93187e-06 2.7830447e-07 3.6737449e-09 3.7332588e-06 0.0006115635 0.0005804472 1.629282e-05 0.00024927777 0.0026523666 0.0020038707 0.00012609252 0.0015739852 0.008649261 0.005975172 1.1719788e-07 0.0073473165 8.099987e-06 3.821605e-06 0.008850017 0.0018872988 0.0072493004 1.4318135e-06 2.4042765e-07 0.00025864685 2.6799796e-06 0.011500236 1.5489799e-07 3.0590684e-08 1.4173149e-06 0.00092333206 0.00021581467 7.293292e-05 0.0024832478 0.00021034878 3.284644e-08 2.3288862e-06 1.530839e-05 0.0016092904 4.7026782e-07 4.963469e-06 3.6958703e-05
0.9962706 0.20496726 0.2112256 0.18564346 0.5241434 0.021340322 0.034223348 0.008030172 0.8095849 0.71913385 0.0045951367 0.009785781 0.05392472 0.03094875 0.0053205024 0.0020777052 0.005216244 0.001293048 0.0019600308 0.0015163012 0.0154487435 1.4709235e-16 0.0062061157 0.0015350706 0.005421851 0.0014513063 0.00018769696 6.290983e-05 0.00031413665 0.012056534 0.18840143 0.0005212435 1.2905842e-05 0.8906558 0.61619496 2.6688707e-05 5.984538e-05 2.2163918e-05 4.5773766e-05 0.94380635 0.0038056967 0.0003515554 0.020207418 7.4313853e-06 3.6407262e-05 0.11155958 7.386025e-06 0.06477709 0.00018273084 0.3634797 0.0056988443 0.38849065 0.011242782 0.0007454391 0.001984695 0.33283052 0.00031479404 0.3029118 4.3988897e-05 1.4680043e-05 1.0854109e-06 3.8643205e-07 9.795046e-07 0.02635042 2.1375721e-05 0.17741586 0.00030018413 0.0022695032 0.0012616902 0.3879644 0.005729311 0.10139175 0.0007288501 7.720737e-06 3.2032908e-06 0.0664737 3.982543e-06 0.00043399792 0.06346949 0.0021945548 0.35315764 0.006240155 1.90966e-07 0.00011786811 7.38537e-06 0.0011302867 1.0825587e-06 0.00046027705 8.437439e-06 0.19082744 3.8019403e-05 0.00018022397 0.12210147 0.009872888 2.0094787e-07 0.00023342184 3.316605e-05 0.00021618998 3.6393775e-08 2.6554694e-06 1.8092287e-05
0.81937474 0.058450613 0.3023305 0.6808631 0.47814995 0.15981907 0.0028097292 0.0012624052 0.5325616 0.001137053 0.14669892 0.74678385 0.0002487406 0.8870114 0.374822 0.20399164 0.7367092 2.928528e-06 1.9588992e-05 4.964428e-07 0.93600756 0.0062061157 3.192806e-15 8.9135646e-08 1.01972546e-07 0.98582804 9.607669e-06 9.283745e-07 4.1330915e-07 0.15441164 0.0013359634 0.58998865 3.142183e-07 0.0050520413 0.002451345 3.3889793e-09 8.43465e-09 1.310189e-09 6.753395e-08 0.0044442783 0.64395934 5.1194586e-08 0.00093898625 2.4789715e-09 0.0084638335 0.000997767 0.003427042 0.000117330244 5.2805905e-07 5.3349602e-05 0.0014870669 0.00064699125 6.931786e-05 0.006200274 7.055938e-06 0.00017197599 0.0041999547 0.00013501459 9.363061e-08 1.7684211e-08 9.979458e-05 1.8512626e-05 1.1697132e-09 9.312671e-07 0.019277493 0.00024572876 5.4368576e-07 1.2481362e-05 7.418212e-05 0.0017827656 1.1945049e-05 0.00086251844 0.0013421967 0.014613228 1.0559153e-06 0.003599492 1.020438e-06 5.286491e-07 0.0059852437 7.064008e-05 0.0062976494 1.1737377e-06 2.9133895e-07 1.6152744e-05 8.0543e-08 0.0001714943 7.3110385e-08 1.0323175e-09 1.1338767e-06 0.0005933115 7.784676e-06 8.621853e-07 0.0011972975 0.00019852597 1.1574871e-08 2.0805128e-06 9.540245e-07 0.0005861278 3.9502453e-07 1.5284618e-06 1.2890532e-06
0.97261363 0.0002796794 6.398492e-05 5.310457e-07 1.0857653e-05 7.1359054e-06 0.009586157 0.009608596 1.950054e-06 0.022520639 5.127693e-06 2.215049e-06 0.030072784 1.13144e-06 3.3061692e-06 2.371513e-06 2.92703e-07 0.019867416 0.0001452788 0.47203144 5.1459892e-08 0.0015350706 8.9135646e-08 4.2847324e-17 0.9831619 2.3494506e-07 0.00038965314 0.010656112 0.6683524 6.9123075e-08 4.1382344e-07 5.570422e-06 0.010861006 2.7812486e-05 1.5867288e-06 0.3678539 0.11420966 0.7280759 0.009734072 0.0615284 1.5318115e-07 0.56935143 5.691918e-07 0.25627765 3.3563847e-05 3.4488806e-07 1.4514605e-07 1.08187905e-07 0.003891787 0.6977029 1.5987114e-08 0.5231958 7.211351e-08 2.2832066e-07 0.035514478 8.799561e-05 5.137536e-08 0.00019532439 0.36057115 0.055451885 8.724183e-07 9.022205e-06 0.051036958 0.36775148 9.706964e-07 0.00060575973 0.00024818568 1.0811231e-05 2.3645379e-07 0.001957693 8.8803336e-07 0.18500318 7.0720596e-08 1.9576197e-07 7.6810085e-07 0.002136114 0.0017372414 1.5085864e-07 0.0061854585 4.632807e-06 0.12694636 0.00639999 0.006216109 4.7975645e-06 0.04386624 8.957518e-08 0.038059328 0.04024619 1.6446937e-05 0.038490895 2.6110223e-07 0.0008132027 0.13521272 0.00059816573 0.0070194346 8.5275055e-08 9.48815e-08 5.3804905e-07 3.7081598e-05 4.3182034e-05 1.3900341e-08
0.91025126 0.0025963788 0.0005073911 1.0606461e-05 0.00023733254 0.00014567157 0.16112114 0.13446844 6.030647e-05 0.1982119 4.1322168e-05 2.5281883e-05 0.22787876 2.5214833e-06 1.7854903e-05 2.3885805e-05 8.416355e-07 0.10495049 0.0011986748 0.78008914 5.2940135e-07 0.005421851 1.01972546e-07 0.9831619 3.4416824e-18 8.344362e-07 0.0007863711 0.03419156 0.92896795 9.1661934e-07 1.7512107e-06 8.6759024e-07 0.01865372 6.314793e-05 6.889531e-06 0.41646674 0.23393631 0.55305535 0.028646456 0.03484378 3.4202913e-06 0.39801753 1.4144146e-06 0.114241295 0.00046303752 3.5984993e-07 6.802703e-08 1.9158126e-07 0.00813936 0.32242244 1.6284595e-08 0.24609528 1.9255079e-07 9.5109027e-07 0.007930797 6.951128e-05 2.7699073e-08 0.00020331434 0.22865362 0.09100454 2.5293383e-07 1.0078886e-05 0.08291832 0.15216018 1.0010728e-07 0.00077826204 0.00067157025 1.86764e-06 2.0076332e-06 0.0020981478 7.838242e-07 0.10789735 1.1025924e-07 4.3247862e-08 2.9690295e-07 0.001023702 0.00025794285 4.8847915e-07 0.0021741316 4.701936e-06 0.07674383 0.00054868055 0.0029520458 3.0140557e-06 0.039287858 9.04556e-08 0.017809253 0.0023563534 5.690179e-06 0.01149096 7.7647975e-08 0.0012759984 0.055271897 0.00062340515 0.0022252153 1.688154e-08 1.3160753e-08 1.3565986e-07 1.3019473e-05 6.332656e-05 1.2207576e-09
0.22590013 0.011616913 0.071772374 0.35818955 0.11770618 0.037983693 0.0031825562 0.00071565044 0.16046567 0.00085036264 0.17012809 0.43981174 0.00012602904 0.47409177 0.38801596 0.38445184 0.8093189 1.1820937e-05 0.00025180978 2.1258934e-06 0.48248097 0.0014513063 0.98582804 2.3494506e-07 8.344362e-07 1.3303251e-15 3.4546254e-05 1.5998083e-06 1.0720394e-06 0.014638787 2.867784e-05 0.9897195 1.1649469e-06 5.6104003e-05 3.3858367e-05 3.829342e-08 2.894687e-07 8.434361e-09 8.4719437e-07 0.0028702493 0.43125543 6.7879405e-08 4.5087414e-05 1.8238808e-09 0.080559924 1.2668898e-05 0.01887899 5.3977824e-06 1.6326285e-06 9.549991e-06 9.551488e-05 3.70198e-05 4.233638e-06 0.0008160746 8.7821155e-07 4.8779134e-06 0.0011041872 1.9142979e-06 8.821992e-08 4.01857e-08 0.00023953499 0.00020250086 1.8794168e-09 1.622636e-07 0.05077902 1.1925278e-05 4.698113e-06 3.3443516e-07 4.2657626e-05 0.00027182195 2.505666e-07 0.00013189265 0.0002943477 0.029505769 9.042421e-06 0.00038035598 1.259883e-06 2.2402059e-08 0.00030616426 1.3689178e-05 0.0012359231 8.3352745e-08 1.2572767e-07 1.8488428e-06 1.3525764e-06 3.889362e-05 1.6652e-07 1.5729068e-10 1.9647507e-06 0.00017839341 1.5229036e-06 4.3812447e-06 8.591115e-05 2.37887e-06 2.731076e-08 3.262303e-07 2.1745119e-07 0.00023398235 3.4591216e-07 2.3819573e-06 3.1538193e-07
0.15697335 0.0020315505 0.0006708776 0.00011660262 0.00022704295 0.000302671 0.349015 0.48508957 8.65838e-05 0.023810333 0.0011652004 0.00034011668 0.2319042 4.873208e-06 4.333558e-05 0.00013329627 1.9877558e-05 0.7145808 0.9833922 0.22228558 3.2112343e-06 0.00018769696 9.607669e-06 0.00038965314 0.0007863711 3.4546254e-05 3.269419e-15 0.9815323 0.006193956 1.2604322e-06 9.232391e-06 0.00013951593 0.9182952 3.0253952e-05 1.4445532e-05 0.0028535936 0.10620397 0.00021912254 0.62290597 0.014245126 1.617943e-05 0.00042447922 2.0879227e-06 2.4284405e-05 0.24474834 2.442969e-06 0.00013215239 1.1153028e-06 0.7457129 6.083507e-05 1.01694795e-07 9.1728056e-05 1.1458993e-05 1.3288868e-06 1.906353e-06 1.0270643e-06 5.367754e-07 3.7301677e-07 4.5583707e-05 0.00402766 1.9515823e-05 0.0058592046 0.00014416804 9.4456254e-08 6.6058433e-06 1.3436752e-05 0.10017419 1.2817135e-05 3.9619375e-05 0.0002401835 6.368126e-07 0.00035374213 4.835651e-07 2.6872478e-06 0.011225827 4.4142365e-05 2.8433142e-06 9.1995105e-08 3.765887e-05 1.0738223e-05 0.00057673483 8.9687285e-07 7.0386017e-07 6.623045e-06 6.0968487e-05 3.1278873e-06 2.3721336e-07 9.859267e-08 0.011212211 4.0319006e-05 9.607228e-08 0.0008221579 5.3286247e-05 9.1157364e-07 3.9238537e-07 5.5700134e-08 6.383327e-07 2.8492437e-07 4.1772392e-07 0.0028566474 7.181913e-10
0.45565054 0.0021610423 0.00041634013 2.6316742e-05 0.000102091704 0.00015400296 0.24176015 0.43835023 3.3464636e-05 0.012354735 0.00074052444 6.14741e-05 0.18086986 1.3215742e-06 1.6003232e-05 8.578221e-05 6.893441e-06 0.890508 0.43909675 0.6664843 1.4487451e-06 6.290983e-05 9.283745e-07 0.010656112 0.03419156 1.5998083e-06 0.9815323 7.720675e-18 0.1338827 1.8598112e-07 2.542172e-07 1.9791275e-06 0.9662577 1.4176624e-06 3.5313235e-06 0.06377392 0.5805586 0.009507902 0.87607133 0.002677536 4.7648962e-07 0.0062731123 3.656499e-07 0.00036235648 0.014187026 5.8491935e-08 6.8073823e-06 5.351646e-08 0.8367804 0.0010379653 8.812524e-08 0.0011325201 2.9020865e-07 4.0483133e-07 4.451914e-05 2.0622913e-08 4.14117e-08 9.076461e-08 0.0008263019 0.14377183 2.7896012e-06 0.00046987474 0.06443576 4.833475e-05 8.127723e-07 8.848113e-06 0.13672793 3.0869327e-08 4.602072e-07 2.3603498e-05 4.375213e-09 0.00037480262 1.4765057e-07 2.423547e-07 0.00327666 5.2121086e-06 1.4072782e-06 1.2540679e-06 4.5088913e-05 3.2271523e-06 0.0015321755 1.520365e-05 1.6874306e-05 2.3533369e-07 0.009682238 8.1523666e-08 0.000117342555 5.730259e-06 0.005157691 0.0004516466 5.4485207e-09 0.0032203244 0.0012369194 9.763641e-08 7.3975054e-05 1.5145703e-07 2.9373468e-06 2.7946953e-08 5.511343e-07 0.0024443022 5.778286e-10
0.94872224 0.00027980638 5.2218733e-05 8.6662436e-07 2.8549559e-05 1.2826085e-05 0.009032446 0.022495676 5.06219e-06 0.015824266 1.8250992e-05 7.955533e-06 0.035884336 1.7587873e-06 2.2689662e-06 1.8994189e-06 1.5124521e-06 0.18267737 0.0011556195 0.8873574 2.4940724e-07 0.00031413665 4.1330915e-07 0.6683524 0.92896795 1.0720394e-06 0.006193956 0.1338827 2.5701517e-17 1.322489e-07 2.0965274e-07 3.5778326e-06 0.092765026 2.3649518e-06 2.042609e-07 0.8724179 0.8197896 0.8982096 0.22476183 0.025098816 1.5405643e-06 0.61596704 6.135403e-07 0.10328934 9.030783e-05 3.956562e-08 5.842746e-07 6.7286923e-09 0.23622456 0.086355075 3.1579503e-08 0.0978598 4.9595563e-08 1.9570561e-07 0.0038970036 3.5738168e-07 1.5817955e-08 5.042344e-06 0.6082407 0.69290924 8.0194235e-07 1.904288e-05 0.7037237 0.021998158 1.637859e-06 4.5729437e-05 0.0068537244 7.238139e-08 1.0269532e-07 0.00022128785 8.988799e-09 0.038509775 1.6349009e-07 1.5131022e-07 3.1274387e-05 0.00018714447 0.00019943895 1.5425702e-09 0.00041342448 8.8921973e-07 0.031289116 0.0001738864 0.0022888589 3.795499e-07 0.47496453 1.8896621e-08 0.041014526 0.00014835794 0.00023975554 0.005670788 7.2415084e-08 0.020064289 0.021010598 1.133239e-06 0.015986308 8.42569e-10 3.695794e-08 3.339329e-07 1.3315032e-05 0.0006436139 2.7666003e-09
0.9459661 0.0014869391 0.0127395885 0.11565236 0.045892686 0.00016706822 2.1990736e-06 1.7468663e-05 0.24421741 7.3033356e-05 3.4417804e-05 0.0013108153 1.1208308e-05 0.5911076 0.0003820936 4.011194e-05 0.00096954836 4.567526e-07 4.256075e-07 2.3469828e-07 0.98044586 0.012056534 0.15441164 6.9123075e-08 9.1661934e-07 0.014638787 1.2604322e-06 1.8598112e-07 1.322489e-07 2.9636057e-15 0.092037484 0.052380625 5.5141453e-07 0.1664228 0.14689675 2.5481006e-08 1.8053548e-08 9.010463e-09 1.0050886e-07 0.024643764 0.9333074 4.447744e-08 0.3935549 2.985287e-09 7.26869e-07 0.11633885 2.5128594e-07 0.036129687 7.262111e-06 4.4504664e-05 0.9592674 0.0012748655 0.032230277 0.9030348 9.765774e-06 0.003198198 0.27222508 0.0007689251 5.3710625e-07 1.05103595e-07 7.980867e-08 4.2122526e-08 6.4510925e-09 3.2529192e-06 3.9655246e-05 0.00092068233 5.5516693e-06 0.0003720141 0.032824792 0.002557017 0.00082887727 0.0021372633 0.39360276 0.01597897 4.8777967e-08 0.018137265 4.332808e-06 1.874216e-05 0.017643306 0.002469648 0.008957412 6.6972752e-06 2.4985718e-07 0.024575183 1.1396463e-06 0.52755916 6.649302e-08 1.5432367e-07 4.1047677e-08 0.0006725274 0.04833383 3.3610577e-05 0.0025739055 0.00077276357 5.481891e-08 1.7619495e-05 7.678841e-05 0.045363937 8.486961e-07 4.780499e-07 0.0036688317
0.95965034 6.0995295e-05 0.00029543188 0.0019381058 0.0016581974 6.770198e-05 2.583468e-06 7.003957e-07 0.08035229 0.00015748823 1.601357e-05 0.000163735 9.1112264e-07 0.00664013 0.00011319052 2.4556888e-05 0.00014844781 6.869867e-08 3.1680236e-05 2.8092413e-07 0.015579936 0.18840143 0.0013359634 4.1382344e-07 1.7512107e-06 2.867784e-05 9.232391e-06 2.542172e-07 2.0965274e-07 0.092037484 5.8944664e-14 9.663839e-05 3.2433738e-07 0.62242144 0.95734394 5.1586667e-08 7.20593e-07 1.4196038e-08 8.374114e-07 0.0125695905 0.004605522 2.486482e-07 0.85452604 3.106157e-08 1.7502556e-06 0.6040242 1.7117134e-07 0.5374343 8.2409514e-07 0.00015005951 0.29635718 0.0046344087 0.89686006 0.012663897 2.7978862e-05 0.09181419 0.0010310813 0.015717773 3.1474104e-07 2.8930228e-07 7.3876697e-07 1.0691672e-06 8.1963655e-08 1.5055439e-05 1.6439348e-05 0.013659803 1.9080364e-05 0.7123256 0.5246765 0.029918049 0.24331114 0.0018876245 0.015444273 4.714531e-06 2.1190517e-06 0.065927275 6.612382e-05 0.02295564 0.050227042 0.7050556 0.012574421 4.078085e-05 1.5638183e-07 0.088714905 1.4386668e-06 0.2201751 3.5160266e-08 6.0770816e-07 4.7496364e-06 0.008285087 0.027300667 7.4633994e-05 0.0029684792 0.012819497 1.5251005e-07 0.029524557 0.045859806 0.0024850767 1.1535421e-06 4.569271e-06 0.007131471
