6.288245e-19 0.971235 0.8497253 0.9588085 0.8893134 0.9779153 0.98574364 0.90811366 0.9026198 0.68472373 0.9079881 0.07831789 0.5729408 0.8945341 0.6422442 0.09995061 0.9323898 0.99367625 0.9412087 0.8939036 0.21048728 0.9412199 0.3562808 0.65796083 0.94263333 0.91862226 0.9947498 0.858927 0.9486258 0.82392544 0.08006464 0.7743561 0.061787803 0.89853483 0.98972946 0.85163695 0.8990079 0.8125718 0.9669303 0.823611 0.7537794 0.9802626 0.56255543 0.8681636 0.036954634 0.9557319 0.01949644 0.5485006 0.20329511 0.9397719 0.84279305 0.8587583 0.99072397 0.016461696 0.040620677 0.006793517 0.7411292 0.9881989 0.837993 0.7895843 0.013384158 0.038622826 0.001657742 0.9874139 0.9840644 0.99359035 0.98576933 0.000254023 0.0008701956 0.33048066 0.7868789 0.9078175 0.98706114 0.42974213 0.093690224 3.9405793e-05 0.6851851 0.3778878 0.98992646 0.78716725 0.26031694 0.9242615 0.96934193 0.2833717 0.015414257 0.9979763 0.04853902 3.7024245e-05 0.021463718 0.09189944 0.996544 0.9999551 0.9993 0.0022203336 0.00012589582 0.056142546 0.012438929 0.6191668 0.77076054 0.94715357 0.9982552
0.971235 2.3688392e-15 0.96749705 0.91359496 0.90151364 0.5197606 0.72217774 0.6821841 0.12016787 0.14834204 0.04886728 0.22920643 0.17636207 0.64286846 0.020428969 0.080723554 0.0020863563 0.044367656 0.004698748 0.037242856 0.0282233 0.015120536 0.2177852 0.019574244 0.012312257 0.0014669617 0.053000942 0.0019125701 0.00041863203 0.75550616 0.004996937 0.0034223942 0.035920683 0.00016276691 0.00067326415 4.181688e-05 3.6997495e-05 0.011463591 0.006501963 1.26258265e-05 0.00029445722 4.314441e-05 1.9256808e-05 5.1507057e-05 0.18321453 4.1016183e-06 0.111581996 7.624027e-05 0.0004339216 2.425037e-06 1.7891636e-05 0.046544425 0.0004096521 0.00048458096 1.9645679e-05 0.04463054 2.6171401e-05 0.00034006996 6.2608383e-06 1.9856261e-05 9.888898e-05 3.8394683e-06 0.0005303211 2.2410802e-06 2.9155159e-05 0.07023173 0.015227405 0.0005947244 0.0011109753 1.9161602e-05 5.1255487e-05 0.00020203345 0.016724663 8.999896e-06 1.1022834e-05 0.00024167239 1.2881511e-06 1.5850168e-06 0.016984021 9.919472e-05 1.8493101e-06 5.1815965e-07 3.4557488e-05 1.6318843e-06 2.454283e-06 0.03971951 8.195416e-07 1.5454896e-06 4.1063558e-07 5.570024e-06 0.006132964 0.008518627 8.648993e-06 2.7073222e-06 8.173586e-05 4.5799045e-09 8.654112e-07 8.938677e-06 3.587671e-07 4.5256174e-06 4.7792246e-06
0.8497253 0.96749705 1.2247518e-18 0.83642745 0.9421342 0.22771373 0.45837083 0.34089398 0.8679405 0.010482784 0.77673566 0.08474154 0.019413255 0.90852296 0.41589332 0.012606079 0.0868779 0.0058428715 0.050371397 0.0036236704 0.0009656298 0.042490758 0.005727486 0.00065659976 0.0022457296 0.024899712 0.0040970445 7.426692e-05 0.0066553773 0.10838808 0.03037264 0.02977622 0.07595581 7.0598626e-06 0.00013192887 5.555848e-06 1.3477949e-05 0.019077213 0.029187312 6.8855865e-05 0.0009341626 1.8822262e-05 4.6750839e-07 1.29327e-05 0.014170759 1.0241345e-07 0.0037816449 1.345924e-06 0.0005879725 5.4366143e-07 7.28752e-07 0.029929101 0.0026904934 0.0019225043 8.902185e-05 0.007710227 4.6256217e-05 0.002339007 1.0979686e-06 6.112865e-05 1.3656116e-06 1.03744256e-07 7.4386e-05 6.887904e-07 3.7490376e-05 0.045542307 0.02481603 0.0003481323 3.5934e-05 3.036583e-06 0.00018415436 4.954231e-05 0.015788255 8.745929e-08 2.2343452e-06 0.00022587091 3.2395374e-07 1.14733176e-07 0.007844035 4.0064056e-06 1.2859638e-08 2.2584084e-07 1.2664182e-06 7.585096e-07 2.1149212e-06 0.019329684 1.8871084e-08 5.3843888e-08 3.0555288e-08 1.0217946e-06 0.0021972784 0.0057355026 2.7642618e-05 7.752263e-08 1.4902107e-05 3.6363346e-10 1.3599626e-07 8.0504615e-06 3.258901e-09 9.445195e-06 6.20126e-08
0.9588085 0.91359496 0.83642745 7.6134926e-16 0.7177027 0.7010037 0.9738239 0.7677983 0.068686366 0.3164588 0.012262624 0.40701544 0.46854624 0.17861693 0.0075921244 0.18552679 0.000831689 0.09886541 0.0024653648 0.16262119 0.040475868 0.01049246 0.12467044 0.03779088 0.045717668 0.0011559866 0.09094353 0.0191325 0.00018395057 0.19888417 0.0015118424 0.0007511237 0.0038146575 0.0012364448 0.0023232973 0.0006137136 0.00033536955 0.012785004 0.005540637 9.3655535e-06 0.00011032021 0.0001598887 8.5637526e-05 0.00013155272 0.02854389 9.590934e-06 0.021490505 0.00013433427 0.00030124237 6.0779953e-06 5.4628035e-05 0.084553294 0.00031455758 0.00014631481 2.5040572e-06 0.0060583404 7.6060846e-06 0.00030906417 2.2505308e-05 8.960373e-06 0.00019065622 3.6188953e-06 0.00015602946 1.1573321e-05 6.850162e-06 0.095370986 0.01989675 0.00014702426 0.0004602316 5.6464037e-06 1.615447e-05 0.0007283484 0.026295846 1.24665985e-05 4.7103154e-06 5.5869292e-05 3.4388603e-07 7.631792e-06 0.05110271 0.00033908195 1.3197983e-06 1.3256199e-06 0.00017532859 6.2598264e-07 8.9127695e-07 0.100286104 4.3987635e-07 5.826887e-07 1.2902295e-07 1.6433115e-06 0.023205798 0.017347474 2.1601584e-06 4.0729215e-06 1.8766394e-05 1.42972585e-08 2.2131941e-07 2.5878426e-06 9.0695437e-07 5.870659e-06 1.0215691e-05
0.8893134 0.90151364 0.9421342 0.7177027 8.6851106e-14 0.5847942 0.1774442 0.9482238 0.06745528 0.07136953 0.04099668 0.73898315 0.17608537 0.8848674 0.026154988 0.2920654 0.0016199434 0.019723367 0.0019012049 0.006018045 0.042919364 0.001741478 0.23785718 0.008604272 0.0009114733 0.0003912816 0.0017194018 0.0005869134 6.849427e-05 0.87792766 0.02209836 0.004020495 0.188665 1.445966e-05 0.00049714686 1.5563779e-05 1.4860906e-05 0.0011733315 0.0027786677 2.7692853e-05 0.000214146 2.3688466e-05 1.9896836e-06 1.4651943e-05 0.36248088 1.0209852e-06 0.16159317 6.567798e-05 0.00022096564 2.0216373e-06 4.247015e-06 0.0015567275 0.00043336203 0.0007632938 8.445268e-05 0.09456494 3.294294e-06 0.00021071642 1.334457e-06 9.275874e-06 0.00023070986 7.4155987e-06 0.0066681476 1.7950489e-06 5.479322e-05 0.0034295265 0.0015803477 0.008846439 0.0063346312 2.1232513e-06 6.904992e-05 3.5833935e-05 0.0032467954 6.3635334e-06 1.1279944e-06 0.003975738 3.2176686e-08 4.630578e-07 0.0037337113 2.9811248e-05 8.159258e-08 5.879391e-07 2.7085307e-06 9.938599e-07 9.01272e-06 0.0021314 3.1785942e-07 7.624277e-06 7.356149e-08 4.3676823e-06 0.00019621928 0.0007564101 1.8968177e-06 1.3635931e-06 0.00060392055 4.7079145e-09 1.1569288e-06 4.436129e-06 2.1925577e-07 1.0010533e-06 1.1049615e-06
0.9779153 0.5197606 0.22771373 0.7010037 0.5847942 3.9484423e-12 0.95161736 0.8675551 0.0014371036 0.89762646 0.0002976002 0.5862576 0.8919223 0.0723524 0.00039055347 0.5486501 1.3359297e-05 0.7397175 9.681855e-05 0.40396336 0.39567342 0.00044888747 0.64109856 0.4653156 0.07944023 2.8188517e-05 0.24626733 0.18430251 1.5857977e-05 0.40325242 0.00044789904 0.00022151275 0.0010748295 0.025580851 0.009142671 0.007235987 0.0011987577 0.00088481564 0.00024608715 2.2882465e-07 6.653918e-05 0.00055653864 0.0005641035 0.00027564078 0.16315126 9.2066955e-05 0.12315924 0.0035410482 0.00025346378 3.677998e-05 0.00041353135 0.019545127 9.254464e-06 6.29803e-05 3.444419e-06 0.01622979 1.9999816e-06 2.304541e-06 4.7501915e-05 1.9562694e-06 0.008581899 0.00018496717 0.0014115236 3.6603025e-05 3.2598805e-07 0.029943017 0.0035682085 0.00019984068 0.0011746689 2.2356262e-06 1.0223736e-06 0.0007243954 0.005061993 0.0007070539 6.322255e-06 6.517147e-05 2.9410359e-08 7.00341e-05 0.03205145 0.00060184154 1.6204556e-05 1.0872658e-05 0.000110333465 4.253581e-08 8.794164e-06 0.077755734 2.3986552e-06 1.3768508e-05 4.7509528e-07 1.1357535e-06 0.019386461 0.0060709715 1.7902919e-07 3.7865797e-05 0.00020959566 5.009172e-08 1.134582e-06 2.2798429e-07 1.716911e-05 9.707312e-06 1.3030937e-05
0.98574364 0.72217774 0.45837083 0.9738239 0.1774442 0.95161736 2.3922124e-16 0.2559278 0.032146458 0.4472114 0.001825754 0.1422766 0.30008006 0.009315151 0.0012668767 0.07410127 0.0008172455 0.32157314 0.0043441085 0.3814532 0.013393101 0.028848207 0.015776156 0.01368692 0.267273 0.0020391545 0.2639558 0.020700976 4.3734068e-05 0.008611877 0.0007568777 0.00015041712 0.00061340025 0.00244127 0.008410715 0.0016856606 0.0019499704 0.025321856 0.0053790417 6.1324636e-06 5.473301e-05 0.00081940263 0.0002609438 0.00040611406 0.0025660577 1.0656568e-05 0.0026919753 0.00015716926 0.00010121871 2.9414581e-05 6.705581e-05 0.3278484 0.00044090583 3.104983e-05 1.3284053e-06 0.0005475517 2.4552896e-06 0.00028648606 5.791536e-05 6.2213353e-06 0.00013213564 3.1003558e-05 9.080951e-05 3.6436304e-05 2.2457367e-05 0.27639604 0.041226152 6.170464e-05 0.0002714709 1.0721012e-05 4.3110438e-05 0.0027712998 0.027410839 2.5496653e-05 6.1059227e-06 5.610122e-05 1.2828551e-06 1.5326912e-05 0.12060054 0.001674791 3.1422264e-06 1.0963212e-05 0.0003093399 4.307688e-06 2.1845087e-06 0.40901652 4.361869e-07 4.1793733e-06 7.6525157e-07 2.011889e-05 0.0509803 0.042808358 9.861026e-06 9.115411e-06 5.9550297e-05 2.3631435e-08 3.2265262e-07 4.633061e-05 2.2770224e-05 4.6731046e-05 1.5568425e-05
0.90811366 0.6821841 0.34089398 0.7677983 0.9482238 0.8675551 0.2559278 3.3423577e-15 0.002453656 0.40006298 0.00072903297 0.9394806 0.7974237 0.13705178 0.00047510344 0.560377 6.9159185e-05 0.15601672 0.00021664941 0.011515934 0.34225073 0.00058095535 0.791801 0.226404 0.0028054288 9.4845e-05 0.004513261 0.0049123266 2.0363268e-05 0.92433155 0.00052503793 0.00017786745 0.010502767 0.0002013395 0.0005628273 0.00014473865 4.080326e-05 0.00071220053 0.00046598012 5.8984715e-06 2.6026493e-05 4.649451e-05 3.302723e-05 5.2250813e-05 0.51738656 2.172864e-05 0.5128003 0.00038998065 4.9966988e-05 7.47438e-06 0.00010088065 0.002762272 8.272576e-05 6.0006998e-05 5.7233938e-06 0.20187819 4.5672145e-06 0.00014234472 1.7691138e-05 9.223969e-06 0.008426761 0.000117757445 0.0214618 9.346388e-06 3.3583347e-05 0.0024619487 0.0009243792 0.006017991 0.02187945 2.4449362e-06 1.598191e-05 0.00010216291 0.0021392626 0.00032144424 6.058265e-07 0.0024752454 5.8835443e-08 1.0596816e-05 0.004106415 2.4067633e-05 6.052576e-07 7.0772685e-06 1.5141156e-05 3.6405647e-06 1.939145e-05 0.0036104624 1.0245541e-06 4.400912e-05 6.428774e-07 6.472085e-06 0.00044452853 0.0006342967 1.0436114e-06 4.5106673e-05 0.0036804383 2.8791385e-08 2.1591872e-05 1.7548987e-06 4.687256e-06 5.248396e-06 2.983575e-06
0.9026198 0.12016787 0.8679405 0.068686366 0.06745528 0.0014371036 0.032146458 0.002453656 3.1381853e-18 0.00010704427 0.9100943 0.0020675436 7.224013e-05 0.520983 0.894754 0.0006898463 0.97496706 0.0010548872 0.8464069 0.000974625 3.9618884e-05 0.5380817 0.00014895607 4.3158117e-05 0.001403437 0.2915719 0.0005393571 2.6143227e-06 0.39738777 0.009504657 0.076009646 0.25741482 0.052526176 8.3866286e-07 4.036086e-05 2.1142314e-06 3.644299e-06 0.2652278 0.17916255 0.003398014 0.062404905 1.00300795e-05 7.695747e-07 3.9176375e-06 0.00052349496 1.3577414e-07 0.00010130882 2.8925646e-07 0.023620624 2.3005173e-07 8.7881733e-07 0.2940697 0.0100250505 0.025210522 0.0034619388 0.00066171074 0.0012716306 0.008644198 1.0775929e-06 0.00027738305 1.9312033e-07 1.5474237e-07 2.4210997e-06 8.8639695e-07 0.0002491896 0.149073 0.16073915 5.1402412e-06 1.8436002e-07 0.00019210683 0.0004362949 8.877251e-05 0.043804362 3.4147646e-07 0.00036765318 2.7919077e-05 1.6406066e-05 1.3857306e-07 0.003256399 2.8579958e-05 7.821217e-09 1.4227219e-07 1.0193618e-05 1.7960772e-05 6.954909e-05 0.029797476 6.422217e-09 8.937103e-09 3.8911376e-06 2.784688e-05 0.0020109646 0.019556636 1.8317794e-05 2.1959667e-07 3.3366327e-05 2.3602986e-10 3.7723673e-09 3.916883e-06 1.4361924e-08 1.990573e-05 1.4261559e-07
0.68472373 0.14834204 0.010482784 0.3164588 0.07136953 0.89762646 0.4472114 0.40006298 0.00010704427 1.8064971e-13 3.4521618e-05 0.3625813 0.9566828 0.0013372878 1.3415331e-05 0.45987323 1.2650323e-06 0.94906116 2.0252257e-05 0.8794276 0.4074557 0.0001064407 0.343181 0.60030425 0.168459 1.3704846e-06 0.12773117 0.70348793 5.3186477e-07 0.0049108136 2.2342718e-05 1.1307139e-06 8.704645e-05 0.33072206 0.05186615 0.18903951 0.012564544 7.8153644e-05 3.9833354e-05 3.6393914e-08 9.037403e-08 0.0030601677 0.016082678 0.0037480264 0.015582471 0.0011919072 0.013832227 0.0353488 4.415445e-07 0.00022500727 0.0011731475 0.0036766934 2.915546e-07 4.0479332e-08 7.966613e-09 0.0033533934 2.7894709e-08 4.7471957e-08 0.00022528425 2.3975335e-07 0.039575722 0.00082468847 0.0033682375 7.053991e-05 9.871757e-09 0.005776723 0.00020668378 0.00033833302 0.007629293 5.5352018e-08 3.0536165e-07 0.0008955247 0.00014156142 0.0005684438 4.972663e-09 2.089565e-05 6.5737343e-10 0.00012351754 0.009963349 0.000581238 9.567046e-06 1.3014618e-05 0.00034188986 2.2513291e-09 9.420958e-08 0.019574791 1.1005438e-07 6.74583e-05 1.0174436e-09 9.8680715e-08 0.006417136 0.0011770109 1.547341e-07 8.338206e-05 5.969029e-05 3.3818184e-09 9.813467e-07 4.090169e-08 2.3146678e-05 9.327501e-06 3.64686e-05
0.9079881 0.04886728 0.77673566 0.012262624 0.04099668 0.0002976002 0.001825754 0.00072903297 0.9100943 3.4521618e-05 7.3109035e-18 0.00016911852 9.20411e-06 0.9039622 0.988507 0.00010183412 0.6009925 0.00022169577 0.3760334 0.00020681626 7.1473214e-06 0.0322713 0.0005359409 6.048148e-06 0.00015913918 0.07437317 0.00019582745 7.5163564e-07 0.0974549 0.2124516 0.29864585 0.66019946 0.23370226 1.9541801e-07 6.3837138e-06 3.8415175e-07 6.76157e-07 0.03712275 0.077399775 0.0009246887 0.024136396 1.3263673e-06 3.3083104e-08 1.0273749e-06 0.0055047646 3.3155306e-08 0.0013965397 4.2880077e-07 0.0112415105 8.316266e-08 3.037656e-07 0.013857015 0.0057195094 0.074464135 0.009290695 0.004395881 0.00012872167 0.005631685 1.2427105e-07 3.9174192e-05 7.412285e-07 5.386502e-07 1.717091e-05 9.795742e-08 0.00071383396 0.017406926 0.019276248 8.619864e-05 9.2579904e-07 3.5597484e-05 0.00017320484 1.5842588e-05 0.031241372 2.017256e-06 0.0001930026 0.00013684042 1.2996517e-06 3.1000848e-08 0.0020518 1.6266202e-06 1.5444698e-08 1.1041118e-07 3.7122535e-07 2.3302214e-06 0.00012220898 0.0029914586 1.6743132e-07 3.6849067e-07 3.991315e-06 3.222567e-06 0.0004551134 0.0021932994 5.4365755e-06 1.5761947e-07 6.220485e-05 8.032155e-10 1.1450303e-06 7.877334e-06 4.494631e-08 2.2374627e-06 7.5183394e-08
0.07831789 0.22920643 0.08474154 0.40701544 0.73898315 0.5862576 0.1422766 0.9394806 0.0020675436 0.3625813 0.00016911852 2.4248537e-18 0.91585064 0.01290821 0.00019194056 0.98483235 0.000111209636 0.021326404 0.00014777067 0.013446386 0.13843505 0.0005695372 0.70198613 0.06509191 0.0019473862 0.00015495362 0.0013043695 0.016059566 9.141501e-06 0.034504678 5.831996e-05 1.1095828e-05 0.0033663064 0.00021853775 0.00022206691 0.0001952119 0.00019082683 0.00020737776 5.9176433e-05 2.2700572e-06 8.655944e-07 0.000106087326 3.3805194e-05 0.00013745175 0.018945793 9.801761e-06 0.007134042 0.00031349593 9.14652e-07 1.08414e-05 1.8890523e-05 0.0006538528 1.4476285e-05 3.7214393e-06 2.746168e-07 0.0028554148 1.4889562e-07 2.3041885e-05 3.7193497e-06 5.873742e-07 0.0001610785 6.5326685e-06 0.0019792013 3.1014808e-06 5.4749086e-07 0.000306764 0.00011692243 0.0007589478 0.002905206 4.0062352e-07 3.9746055e-06 9.529706e-05 0.00012903706 6.858844e-06 2.0518556e-07 0.0002933982 3.3690837e-09 6.886637e-07 0.00060909125 1.894005e-06 1.2568407e-08 2.1062401e-06 8.828633e-06 2.3937432e-07 3.1414905e-07 0.00054594397 2.1063613e-07 3.781731e-06 7.6366476e-08 1.6695154e-07 6.92026e-05 0.00011674993 2.7202043e-07 1.4599602e-06 0.00028497103 4.4124494e-08 6.20035e-08 4.2596886e-07 4.85264e-08 4.5218014e-05 1.07171054e-07
0.5729408 0.17636207 0.019413255 0.46854624 0.17608537 0.8919223 0.30008006 0.7974237 7.224013e-05 0.9566828 9.20411e-06 0.91585064 1.5506096e-15 0.0018645168 3.0975596e-05 0.95036256 1.4230134e-05 0.43646628 2.6595817e-05 0.19747157 0.7513469 2.5651865e-05 0.63857555 0.78881717 0.021886405 1.2177427e-05 0.012881728 0.5567289 4.995031e-07 0.042904813 5.655185e-05 2.4134854e-06 0.0009810417 0.06364923 0.008352934 0.006703691 0.0012452531 2.929926e-05 6.6860307e-06 2.6530836e-07 3.23051e-07 0.00021829821 0.0010552374 0.00035388637 0.035637554 7.2627874e-05 0.02202163 0.034756437 5.596391e-06 3.0670624e-05 0.00027764795 0.0014083255 6.031743e-06 1.4485164e-07 7.4858285e-08 0.012892033 1.4608605e-07 2.4935052e-06 6.570987e-05 1.5650372e-07 0.03276327 0.0007399047 0.0105556 2.0730728e-05 4.3690426e-07 0.0013449702 0.0001854904 0.0011314994 0.0177606 1.9580585e-07 3.9157382e-07 0.00030451495 0.00031008304 0.00049627124 1.00131146e-07 0.0003189385 5.763517e-09 1.41496985e-05 0.0046485406 0.00017809439 1.347126e-06 4.414361e-06 4.2482607e-05 6.391901e-08 7.504309e-07 0.0046425597 8.159527e-07 5.4083124e-05 1.975994e-07 2.018996e-06 0.00083931466 0.000174138 1.8298988e-07 4.3560696e-05 0.00023024717 1.1528453e-07 6.981866e-06 8.64679e-08 1.22525635e-05 1.7519898e-05 4.485528e-06
0.8945341 0.64286846 0.90852296 0.17861693 0.8848674 0.0723524 0.009315151 0.13705178 0.520983 0.0013372878 0.9039622 0.01290821 0.0018645168 8.1169626e-15 0.92357206 0.0021797745 0.48181766 0.0020185763 0.07605788 0.00037317674 0.000579508 0.002933677 0.017925097 0.00069304905 0.00027968312 0.006343267 0.00060696114 1.5700558e-05 0.023248306 0.77043587 0.8355197 0.74355215 0.9438195 7.406413e-07 6.0723956e-05 1.3254921e-06 9.242535e-07 0.0053263973 0.026416318 0.00052223366 0.011417242 5.078631e-06 5.499131e-07 1.2693303e-05 0.078145534 2.014722e-06 0.013577211 5.3649223e-06 0.0021517943 2.7870406e-06 2.3372345e-06 0.0025866805 0.0043202695 0.32709974 0.027888397 0.051489227 1.7746124e-05 0.0032281918 3.84488e-06 7.81456e-05 8.848463e-05 1.596676e-06 0.0010510556 2.28536e-06 0.00031061933 0.0061632562 0.0034068855 0.001525927 0.00023808559 2.316402e-06 8.5844076e-05 4.291719e-05 0.014584101 1.7059356e-06 7.364239e-05 0.0016006179 3.8874262e-07 1.7064099e-07 0.0027956336 1.3658655e-06 4.4084455e-08 8.1240665e-07 2.447495e-06 6.0390664e-07 4.7281403e-05 0.0014199695 4.1108183e-07 1.2524245e-06 3.3549668e-07 2.933979e-06 5.4416305e-05 0.0007463659 2.8983843e-06 5.5787507e-07 0.00016076848 8.88828e-09 1.4240588e-05 6.0398356e-06 7.866976e-07 1.29817445e-05 4.176331e-07
0.6422442 0.020428969 0.41589332 0.0075921244 0.026154988 0.00039055347 0.0012668767 0.00047510344 0.894754 1.3415331e-05 0.988507 0.00019194056 3.0975596e-05 0.92357206 1.1906677e-16 7.447707e-05 0.7294382 0.00014172163 0.3062617 6.835287e-05 4.593261e-06 0.032028515 4.269047e-05 2.1279502e-06 6.339206e-05 0.06260013 1.542032e-05 2.0973902e-08 0.6142793 0.008384763 0.4459608 0.8051124 0.23041771 3.1660072e-08 1.140612e-06 1.4681218e-07 3.079833e-07 0.02301623 0.041977786 0.0071405424 0.27068722 1.0784781e-06 4.329103e-08 1.17244e-06 0.0004663268 4.738746e-08 4.5667115e-05 3.3607276e-07 0.08123188 1.1874175e-07 3.1305896e-07 0.008422706 0.008308035 0.19184913 0.024897387 0.00031459358 0.00047003452 0.004347262 2.205634e-07 0.00022301411 5.8816005e-07 4.1362185e-07 2.8096176e-06 1.6377177e-07 0.00041826372 0.009509484 0.0109042525 1.0480933e-05 2.8926698e-07 3.826282e-05 0.00056593993 7.060206e-06 0.011664956 5.728458e-07 0.00020397312 4.344002e-05 7.017687e-06 5.209579e-08 0.00081789657 1.5458204e-07 6.4905126e-09 1.1339195e-07 4.739598e-07 2.029191e-05 9.444604e-05 0.0016360959 4.2385903e-08 4.7501572e-08 1.8138267e-06 5.8207975e-06 0.00021941132 0.0022752678 4.786548e-05 1.9505775e-07 2.540478e-05 9.27512e-10 2.8309517e-08 0.00012601234 1.0909399e-08 2.2087683e-05 1.5185043e-07
0.09995061 0.080723554 0.012606079 0.18552679 0.2920654 0.5486501 0.07410127 0.560377 0.0006898463 0.45987323 0.00010183412 0.98483235 0.95036256 0.0021797745 7.447707e-05 4.100891e-17 8.7529595e-05 0.08388292 0.0001373329 0.027129803 0.75225407 0.0003326667 0.905253 0.5246239 0.004139147 8.3841434e-05 0.0023668201 0.10155436 6.380561e-06 0.01699208 3.1445994e-05 5.326295e-06 0.0008928313 0.00081468927 0.00064323866 0.00052585924 0.0006102098 3.8966355e-05 4.890483e-05 6.3633667e-07 1.3551535e-06 0.0003906373 0.000151584 0.00045297152 0.022890406 0.0001052216 0.009235523 0.0010108761 1.437715e-06 8.8241766e-05 6.7621e-05 0.00032306078 3.1413517e-06 1.6938644e-06 1.2989905e-07 0.00327527 1.2705001e-07 4.2868733e-06 7.2199764e-05 5.1683804e-07 0.0020426365 0.00022627624 0.0064803795 2.0097661e-05 1.9363044e-07 0.00031918223 3.505763e-05 0.00094416103 0.011165293 1.1741273e-06 2.5448467e-06 0.00035636002 6.9222006e-05 2.5451003e-05 9.0148717e-07 0.00029290252 1.4560209e-08 1.3948579e-05 0.0009394421 2.1411772e-05 3.160841e-07 1.9428302e-05 6.0576982e-05 3.4653786e-07 5.2673727e-07 0.0007142115 2.3025466e-06 4.6702356e-05 9.3763035e-08 2.059136e-07 9.798065e-05 0.00013361724 1.692583e-07 9.5845335e-06 0.0007135569 4.4800834e-07 3.6427787e-07 1.041805e-07 6.227488e-07 0.0002733528 3.8892247e-07
0.9323898 0.0020863563 0.0868779 0.000831689 0.0016199434 1.3359297e-05 0.0008172455 6.9159185e-05 0.97496706 1.2650323e-06 0.6009925 0.000111209636 1.4230134e-05 0.48181766 0.7294382 8.7529595e-05 3.1230115e-15 4.7076595e-05 0.9601563 1.9352578e-05 1.4872824e-06 0.4771072 3.7527687e-05 2.9008647e-06 0.0001774378 0.4801889 5.5210126e-05 1.9123418e-08 0.8094009 0.010830715 0.2498032 0.8282998 0.07817236 1.8404391e-08 1.0220245e-06 5.251668e-07 8.3369606e-08 0.24932772 0.22209685 0.010138 0.30682018 2.0499144e-06 3.8706112e-08 3.6025133e-07 0.0001982078 3.3824588e-08 4.296842e-05 5.0926064e-07 0.052446567 5.1608218e-08 5.1912514e-07 0.056664173 0.021334197 0.26519775 0.07295141 7.181274e-05 0.006870218 0.011136039 8.045134e-08 0.00066351803 7.9465127e-07 1.6021213e-06 4.953648e-06 4.5865335e-08 0.00026945773 0.054518133 0.09217854 1.7777393e-05 1.8662207e-06 0.00032712618 0.0009086656 3.2663847e-05 0.051110387 5.624897e-07 0.0016041272 2.5519665e-05 3.697291e-05 2.699728e-07 0.0015307177 1.9508658e-05 2.3121027e-08 4.685282e-07 8.4075134e-07 4.918697e-05 0.00053636 0.0052164234 6.608351e-08 1.4637502e-07 2.8667695e-05 5.4621625e-05 0.00051186833 0.009729093 0.00014435568 5.237948e-07 9.104998e-05 5.499008e-10 4.2074169e-07 0.00012982148 2.3903521e-08 4.467267e-07 9.726373e-08
0.99367625 0.044367656 0.0058428715 0.09886541 0.019723367 0.7397175 0.32157314 0.15601672 0.0010548872 0.94906116 0.00022169577 0.021326404 0.43646628 0.0020185763 0.00014172163 0.08388292 4.7076595e-05 2.7236121e-11 0.0005307906 0.94811213 0.44541284 0.0044664415 0.4331244 0.7069323 0.6623766 7.777081e-05 0.56434923 0.4778552 1.1970765e-05 0.03039828 0.0002112986 8.1968865e-05 0.00040567177 0.12498239 0.030744227 0.024211796 0.008364297 0.005447628 0.00066304894 1.7781708e-06 4.7532823e-05 0.0018580538 0.0023870824 0.0019463716 0.02251249 0.0042480347 0.01361411 0.020790234 0.00017867211 0.00024592385 0.002119626 0.10250499 0.00011447891 3.66172e-05 6.5104414e-06 0.00050737103 1.21998155e-05 3.125259e-05 0.00015837401 2.5293675e-05 0.083662845 0.013081404 0.00079701014 0.0002537344 8.894577e-06 0.08502657 0.010884523 5.615084e-05 0.0010480658 2.8830993e-05 1.057616e-05 0.0015311034 0.005938578 0.0065884753 2.4032108e-05 1.34145375e-05 3.077091e-07 0.00012063187 0.059685495 0.0014457579 0.00010697578 0.00018478012 0.00024134395 1.4005075e-06 2.0173647e-05 0.16039687 2.3293784e-05 4.4424265e-05 3.6797464e-06 1.9660447e-05 0.020701328 0.0079134125 9.171378e-07 0.00044305128 0.00016841486 6.541615e-06 2.3701427e-06 2.7293522e-06 6.427181e-05 3.711914e-05 4.648959e-05
0.9412087 0.004698748 0.050371397 0.0024653648 0.0019012049 9.681855e-05 0.0043441085 0.00021664941 0.8464069 2.0252257e-05 0.3760334 0.00014777067 2.6595817e-05 0.07605788 0.3062617 0.0001373329 0.9601563 0.0005307906 7.474303e-15 0.00035332725 1.5747966e-06 0.96257067 1.1293244e-05 3.315439e-06 0.0009748629 0.89976734 0.00027252352 9.3745875e-08 0.67231244 0.0039367555 0.05855698 0.5164331 0.012251186 1.1633875e-07 1.388494e-05 2.1137698e-06 2.6823702e-06 0.40057528 0.3700254 0.049109504 0.1700367 2.4719626e-05 9.214442e-07 5.1110246e-06 0.00012956606 2.0340754e-07 2.1344777e-05 1.3137518e-06 0.046525665 6.631846e-07 1.244273e-06 0.16408628 0.03947521 0.118656166 0.04005938 3.272465e-05 0.007827311 0.026591627 2.893998e-06 0.003342394 1.5956865e-06 1.0720842e-06 4.553268e-06 1.1107951e-07 0.0003594219 0.077298045 0.16236335 1.0180863e-05 1.2662949e-06 0.00068916933 0.0050739306 0.00016460645 0.115192465 3.2730168e-07 0.0022541871 1.6576407e-05 0.00039487032 5.878903e-07 0.0030952166 0.00016337002 1.110147e-07 3.1960786e-07 1.8734974e-05 0.00020813262 0.00078444835 0.013991835 4.6494864e-07 2.6361576e-07 6.0761897e-05 0.0003632242 0.0018814636 0.022176975 0.00030505095 1.7765045e-06 0.000109171444 4.7144204e-09 6.846818e-08 0.00036369023 1.9545286e-07 6.413003e-06 2.2004109e-07
0.8939036 0.037242856 0.0036236704 0.16262119 0.006018045 0.40396336 0.3814532 0.011515934 0.000974625 0.8794276 0.00020681626 0.013446386 0.19747157 0.00037317674 6.835287e-05 0.027129803 1.9352578e-05 0.94811213 0.00035332725 2.178791e-12 0.024659093 0.0028797123 0.013624697 0.14391318 0.9352882 0.000101072575 0.5925256 0.6073968 4.9829764e-06 0.00019705752 2.3884575e-05 3.1597306e-06 2.7115328e-05 0.4957686 0.6411007 0.78336203 0.75455636 0.0015275992 0.000924053 1.4814472e-06 6.0608736e-06 0.14676866 0.118128434 0.19565754 0.00029236558 0.074096695 0.00023211724 0.026526142 6.018303e-06 0.023570023 0.008592517 0.04030836 1.0287716e-05 2.5014078e-06 5.812218e-07 3.77988e-05 3.155131e-07 7.897975e-06 0.007107073 1.1331044e-05 0.0060036597 0.0003219704 0.000104011204 0.0012126847 1.230137e-06 0.044739176 0.0056371978 7.371364e-05 0.0004324771 3.4823993e-06 9.535565e-06 0.009999609 0.0029975758 0.0020782393 2.161507e-07 6.599005e-06 1.1931103e-07 0.0013226751 0.07735886 0.022337206 0.0005971993 0.0007458362 0.0044731232 1.4716936e-07 7.3390447e-06 0.1288456 2.5067871e-05 3.2583869e-06 1.0707196e-07 2.9732232e-07 0.026593821 0.005369936 3.0393294e-06 4.5612098e-05 2.3055358e-05 1.7082652e-06 3.610679e-05 1.2411857e-06 0.00040080107 0.00024962417 0.0015284043
0.21048728 0.0282233 0.0009656298 0.040475868 0.042919364 0.39567342 0.013393101 0.34225073 3.9618884e-05 0.4074557 7.1473214e-06 0.13843505 0.7513469 0.000579508 4.593261e-06 0.75225407 1.4872824e-06 0.44541284 1.5747966e-06 0.024659093 1.3707227e-15 2.766338e-06 0.99144554 0.9773629 0.0016116984 7.816132e-07 0.0029389837 0.33926666 8.670654e-08 0.04639914 1.4467977e-05 5.34922e-07 0.00012971975 0.008738978 0.0044354415 0.000768693 0.00021579018 1.5065291e-07 1.0358614e-06 2.3700228e-08 1.906763e-07 6.195146e-05 0.00012720685 9.962874e-05 0.097583935 0.00022439504 0.10566888 0.014457834 3.7272946e-07 1.5035236e-05 0.000340702 1.6064847e-06 1.921845e-08 2.1176215e-06 1.5697847e-07 0.017718745 2.1434046e-08 2.4127324e-08 1.4499248e-05 7.5080926e-08 0.22179788 0.009270767 0.04063716 5.2142373e-06 3.503248e-08 2.4931664e-05 2.0095688e-07 0.003851492 0.0916032 4.40286e-07 1.7243786e-07 2.4138317e-05 3.966767e-06 0.003568668 5.6296972e-08 0.00062763644 7.1180812e-09 1.4908104e-05 0.00073407736 5.5051523e-06 5.617556e-06 9.973317e-06 3.8375206e-06 4.8309954e-07 7.3761737e-07 0.0005065571 6.030103e-06 0.00044791162 4.8348e-08 1.7123591e-06 1.6074802e-05 8.555888e-06 1.5127847e-07 0.000585358 0.0035108724 3.2701433e-07 1.9672648e-06 8.268411e-07 1.7092153e-06 9.795799e-06 8.41341e-07
0.9412199 0.015120536 0.042490758 0.01049246 0.001741478 0.00044888747 0.028848207 0.00058095535 0.5380817 0.0001064407 0.0322713 0.0005695372 2.5651865e-05 0.002933677 0.032028515 0.0003326667 0.4771072 0.0044664415 0.96257067 0.0028797123 2.766338e-06 3.3978686e-15 2.906084e-06 3.4231332e-06 0.0044646445 0.91602767 0.0026559685 2.3613616e-06 0.08326269 0.00052579853 0.0013936773 0.034491915 0.00042112326 7.4763825e-06 0.000115517476 2.9218872e-05 7.667593e-05 0.9061381 0.47187865 0.040373955 0.013529424 0.00034041898 9.17336e-06 0.00013355444 9.649905e-05 2.555143e-06 1.2985409e-05 2.2579702e-06 0.0045290263 5.0511593e-05 3.7340385e-06 0.8701802 0.039937265 0.003457798 0.001026268 0.00010742428 0.004251838 0.030979188 0.000100536236 0.004839261 9.999693e-07 5.1610215e-07 2.268856e-06 6.0550847e-06 0.0003693428 0.21652003 0.49962467 1.2074995e-06 2.1161325e-07 0.0009207332 0.007623384 0.002314809 0.10187267 3.9048004e-07 0.00102169 8.084437e-06 0.0003617446 3.2463664e-05 0.008783444 0.0014650191 2.0855636e-07 3.0322162e-06 0.00048352405 0.0005548375 0.00015533301 0.06938966 1.4354976e-07 6.4091296e-07 5.7530295e-05 0.0005821891 0.008956836 0.09086516 6.217994e-05 2.5812765e-06 0.000104241786 2.5679618e-09 4.2628155e-08 0.00022294243 4.7641058e-07 0.00017818289 6.003951e-07
0.3562808 0.2177852 0.005727486 0.12467044 0.23785718 0.64109856 0.015776156 0.791801 0.00014895607 0.343181 0.0005359409 0.70198613 0.63857555 0.017925097 4.269047e-05 0.905253 3.7527687e-05 0.4331244 1.1293244e-05 0.013624697 0.99144554 2.906084e-06 7.2123644e-13 0.7711725 0.00063743483 8.417651e-06 0.0015282016 0.20125611 1.7395257e-06 0.6126922 0.0003718006 3.978066e-05 0.009784675 0.0049386905 0.0020695548 0.00017082476 3.326688e-05 2.4625872e-06 2.408017e-05 1.3768052e-06 5.4114516e-06 2.113908e-05 6.0203158e-05 6.561138e-05 0.79696786 0.00013843206 0.70222145 0.008070187 1.635258e-05 1.1495059e-05 0.00021631434 1.5263583e-06 1.1100353e-06 8.7834605e-06 1.6459167e-06 0.2853405 4.4115308e-07 8.6688647e-07 1.253479e-05 1.4948131e-06 0.36585516 0.03230071 0.55795306 6.0932243e-06 1.4517007e-06 4.3027263e-05 1.1057959e-05 0.07923932 0.5218052 1.950786e-05 3.674241e-06 2.5775653e-05 0.000121563964 0.0011435266 1.0419546e-06 0.017327433 2.661e-07 2.844293e-06 0.0008835465 4.9965242e-06 2.8804925e-06 1.1844409e-05 2.6857413e-06 2.0976765e-06 3.0821102e-05 0.00033916277 6.8790528e-06 0.0037943376 3.7443422e-07 4.2574273e-05 1.282117e-05 3.5435343e-05 7.9742983e-07 0.0004520784 0.031215493 4.0466497e-07 1.0627359e-05 8.458595e-06 4.6425325e-06 0.00015153066 1.6068694e-06
0.65796083 0.019574244 0.00065659976 0.03779088 0.008604272 0.4653156 0.01368692 0.226404 4.3158117e-05 0.60030425 6.048148e-06 0.06509191 0.78881717 0.00069304905 2.1279502e-06 0.5246239 2.9008647e-06 0.7069323 3.315439e-06 0.14391318 0.9773629 3.4231332e-06 0.7711725 2.0363553e-13 0.008511927 3.9235824e-06 0.01695603 0.97928697 1.1495167e-07 0.019635312 9.345323e-05 2.0321684e-06 0.00024050233 0.37992024 0.05366911 0.019530384 0.0048852065 2.6417538e-06 9.018411e-06 9.658457e-07 1.7520281e-07 0.00065306696 0.0073850085 0.0023497099 0.10589708 0.004141044 0.122471504 0.34163243 8.5655813e-07 0.00024801175 0.011368296 1.9620833e-05 2.5216264e-07 4.0998307e-06 1.1760928e-06 0.012273364 1.3543777e-07 6.004066e-07 0.0006783747 3.8193073e-07 0.6556626 0.1205771 0.07240941 0.00032046874 2.372853e-07 0.0001228703 3.6527017e-06 0.0032976058 0.19358253 6.403039e-07 8.6204557e-07 0.00033524737 4.10987e-05 0.06790471 2.9073414e-07 0.00053950347 2.6087063e-08 0.00018416227 0.0037927527 0.000161837 5.4522538e-05 0.00030585233 0.000149771 2.4341573e-06 6.0779776e-06 0.0011611758 6.474705e-05 0.0018521757 1.233275e-07 1.9041809e-05 0.00012929672 2.2425758e-05 3.475211e-07 0.01460553 0.0059748664 3.4460516e-06 0.00014800041 8.023429e-06 7.028052e-05 0.0003197986 2.2495307e-05
0.94263333 0.012312257 0.0022457296 0.045717668 0.0009114733 0.07944023 0.267273 0.0028054288 0.001403437 0.168459 0.00015913918 0.0019473862 0.021886405 0.00027968312 6.339206e-05 0.004139147 0.0001774378 0.6623766 0.0009748629 0.9352882 0.0016116984 0.0044646445 0.00063743483 0.008511927 2.627963e-12 0.0003573069 0.9779548 0.05676555 2.9519922e-06 0.00011048033 7.529335e-05 1.2213924e-05 3.0560874e-05 0.042576782 0.74997157 0.26422977 0.44234598 0.005794558 0.0020062982 4.5838315e-06 6.2031654e-06 0.33877432 0.011840806 0.087270334 5.4722517e-05 0.018290645 9.463863e-05 0.0017836645 5.2462647e-06 0.022173265 0.0011910293 0.16774805 5.5916837e-05 9.465655e-06 8.751707e-07 2.6889002e-05 7.525602e-07 2.5256628e-05 0.0054890327 1.01188925e-05 0.00042572507 5.1849034e-05 2.8246159e-05 0.0015674811 2.3512405e-06 0.10096078 0.015971072 2.4743918e-05 8.377901e-05 6.8295494e-06 1.774318e-05 0.011269619 0.004164277 0.00058935327 3.459513e-06 2.0102416e-05 1.5752826e-07 0.00089641724 0.123393685 0.013509749 0.00036927557 0.0003807844 0.0024888513 1.8450162e-07 6.390893e-05 0.40846318 1.8582406e-05 7.372921e-06 7.734315e-07 5.1269394e-06 0.07882826 0.012810244 9.727185e-07 0.00012693818 7.435976e-05 4.9034094e-07 7.1443734e-05 2.2659972e-06 0.0003683967 0.00022110793 0.00021211183
0.91862226 0.0014669617 0.024899712 0.0011559866 0.0003912816 2.8188517e-05 0.0020391545 9.4845e-05 0.2915719 1.3704846e-06 0.07437317 0.00015495362 1.2177427e-05 0.006343267 0.06260013 8.3841434e-05 0.4801889 7.777081e-05 0.89976734 0.000101072575 7.816132e-07 0.91602767 8.417651e-06 3.9235824e-06 0.0003573069 4.983174e-16 8.657711e-05 7.840922e-08 0.9098819 0.00015672337 0.0061618965 0.21550633 0.0006260595 1.7877974e-07 3.023885e-06 1.541837e-06 1.246758e-06 0.87618893 0.6619682 0.85975724 0.49895343 3.1154952e-05 3.581774e-07 3.2455569e-06 1.9330202e-05 6.8204244e-08 2.958195e-06 4.9209206e-07 0.15610763 6.47657e-07 5.9557686e-07 0.084032774 0.32045275 0.058824763 0.04471841 1.0162907e-05 0.1603392 0.27038833 2.979904e-06 0.17926669 9.705122e-07 1.4545874e-06 2.4952133e-06 2.356392e-08 0.021849165 0.058102407 0.48353 1.3068535e-05 2.0148016e-07 0.048819408 0.3562744 8.953252e-05 0.27790976 4.39284e-07 0.013114655 9.794819e-06 0.008472486 1.7642556e-06 0.0025478422 6.301179e-05 4.3333905e-08 9.743034e-07 1.6614991e-05 0.004835827 0.004975434 0.011412698 1.1908957e-07 1.13901564e-07 0.00038454452 0.0015560952 0.0006963138 0.03324961 0.0036047564 3.5234589e-06 1.8744304e-05 1.6905213e-09 6.827322e-08 0.0025298514 1.1025798e-07 0.0001743191 4.5240803e-08
0.9947498 0.053000942 0.0040970445 0.09094353 0.0017194018 0.24626733 0.2639558 0.004513261 0.0005393571 0.12773117 0.00019582745 0.0013043695 0.012881728 0.00060696114 1.542032e-05 0.0023668201 5.5210126e-05 0.56434923 0.00027252352 0.5925256 0.0029389837 0.0026559685 0.0015282016 0.01695603 0.9779548 8.657711e-05 3.841782e-14 0.06405901 4.466716e-06 0.00018718695 4.93406e-05 5.3990156e-05 2.9064711e-05 0.047428504 0.40872186 0.055699997 0.09656244 0.006399343 0.00097284705 1.4909874e-06 9.240107e-06 0.13911767 0.0062601017 0.033505388 4.3721477e-05 0.016960349 0.00026458813 0.0028989278 1.0525548e-05 0.008432135 0.0013164033 0.22221978 3.505656e-05 1.1032918e-05 2.5830013e-07 9.262067e-06 1.4885594e-06 2.0618223e-05 0.003614546 5.5746373e-06 0.00024417043 0.0001672487 1.0626072e-05 0.0011679555 8.255501e-06 0.24169777 0.018798262 7.0202977e-06 0.00014763557 7.138581e-06 3.164601e-06 0.004933498 0.007521664 0.0016053653 2.260114e-06 2.2416232e-06 2.3404907e-06 0.0007671478 0.20738201 0.0029826935 0.00039192222 0.00061948656 0.0007801403 6.701265e-07 7.958731e-05 0.79360056 9.0174735e-06 1.8182458e-05 1.0702071e-07 3.7064205e-05 0.10037595 0.044855237 3.827141e-06 5.6352437e-05 5.4445114e-05 8.6403105e-08 6.37461e-05 3.214608e-06 0.00013808502 8.399813e-05 6.198018e-05
0.858927 0.0019125701 7.426692e-05 0.0191325 0.0005869134 0.18430251 0.020700976 0.0049123266 2.6143227e-06 0.70348793 7.5163564e-07 0.016059566 0.5567289 1.5700558e-05 2.0973902e-08 0.10155436 1.9123418e-08 0.4778552 9.3745875e-08 0.6073968 0.33926666 2.3613616e-06 0.20125611 0.97928697 0.05676555 7.840922e-08 0.06405901 8.067813e-16 4.4280366e-09 0.00050203205 6.394313e-07 1.6115855e-08 2.4966484e-06 0.98217475 0.3913408 0.37053025 0.06478114 1.353645e-06 1.3958526e-06 5.002152e-09 1.7138099e-08 0.0069666957 0.22419624 0.040653765 0.00236978 0.1515372 0.0020512396 0.9516496 2.7260018e-08 0.0020958537 0.15079051 0.00012146765 5.882565e-09 1.6657702e-07 5.0375135e-08 9.5684e-05 2.8009414e-10 1.6267984e-08 0.0010554491 2.1927614e-08 0.34472364 0.1112028 0.0019262215 0.000717408 4.4784727e-09 0.0009147175 6.502517e-06 5.6442368e-05 0.012943935 1.0597517e-08 2.030175e-08 0.0014673457 4.539902e-05 0.11860823 1.1228426e-08 4.5450333e-06 2.0683082e-10 0.00011573956 0.026710894 0.00033931175 1.4845057e-05 6.535976e-05 0.0005956064 1.03835724e-07 1.4256622e-07 0.007547111 3.2691128e-06 0.00015365791 8.074215e-09 3.3266605e-08 0.0007206944 2.8887718e-05 1.3756411e-08 0.0037017101 0.00014618119 1.3879067e-08 2.830697e-05 4.8133217e-09 6.4616434e-06 1.4515257e-05 3.499463e-05
0.9486258 0.00041863203 0.0066553773 0.00018395057 6.849427e-05 1.5857977e-05 4.3734068e-05 2.0363268e-05 0.39738777 5.3186477e-07 0.0974549 9.141501e-06 4.995031e-07 0.023248306 0.6142793 6.380561e-06 0.8094009 1.1970765e-05 0.67231244 4.9829764e-06 8.670654e-08 0.08326269 1.7395257e-06 1.1495167e-07 2.9519922e-06 0.9098819 4.466716e-06 4.4280366e-09 1.4075382e-16 0.00013128389 0.03763427 0.5207112 0.0068980716 1.8712731e-08 2.8715058e-07 9.6962175e-08 1.1990075e-07 0.32690307 0.40995806 0.8643829 0.972812 1.1938955e-07 8.376565e-09 1.3346205e-07 1.5848556e-05 3.737633e-08 6.3387336e-07 3.994443e-07 0.5119677 2.4015344e-08 1.5878254e-07 0.014470594 0.44331366 0.11106431 0.08289407 3.072994e-05 0.50199926 0.24240255 8.2387004e-08 0.029289948 1.5647768e-06 3.5079162e-07 1.2613125e-06 4.9883774e-08 0.055108853 0.015522979 0.11523386 1.7452002e-06 2.5738242e-07 0.04557192 0.045379993 7.791279e-06 0.18663065 1.5800001e-06 0.058711693 5.8332503e-06 0.0023413964 7.1570604e-08 0.00061729364 1.1521914e-07 8.023034e-09 6.925323e-07 3.3494777e-07 0.00013131306 0.0097009875 0.0011189684 1.5642897e-07 4.793425e-08 0.0005932439 0.00025543684 0.00014332058 0.009774575 0.00044577027 3.1210043e-06 2.1214673e-05 3.0378557e-09 6.6436485e-08 0.00082904287 8.848614e-09 1.5633665e-05 1.13684195e-07
0.82392544 0.75550616 0.10838808 0.19888417 0.87792766 0.40325242 0.008611877 0.92433155 0.009504657 0.0049108136 0.2124516 0.034504678 0.042904813 0.77043587 0.008384763 0.01699208 0.010830715 0.03039828 0.0039367555 0.00019705752 0.04639914 0.00052579853 0.6126922 0.019635312 0.00011048033 0.00015672337 0.00018718695 0.00050203205 0.00013128389 6.4794784e-13 0.084751904 0.004795406 0.8769495 4.1585423e-05 0.0004181646 1.3749236e-06 2.4071617e-06 0.00013341173 0.0023472833 7.0049995e-05 4.614849e-05 3.4734273e-06 1.0072606e-06 1.414542e-05 0.9795674 8.754609e-06 0.65356386 7.350158e-05 4.382195e-05 1.0690042e-06 1.0834277e-05 3.3646433e-05 0.00075485173 0.00087722385 9.60161e-05 0.3826542 1.5848399e-06 0.0005188035 4.959251e-07 1.7954693e-05 0.00022286018 3.3083215e-05 0.0024673454 1.4742916e-06 0.00054663967 0.0005566477 0.0004066454 0.009030616 0.0005053744 2.988097e-06 0.00016028443 2.1825315e-05 0.002787187 0.00012465559 1.421887e-06 0.0066225305 2.2160918e-07 4.9833875e-07 0.001581044 4.3454648e-07 6.353504e-08 6.0111784e-06 8.523786e-07 1.5681553e-07 7.663603e-05 0.0005912704 1.8931706e-06 1.6940334e-05 1.3299879e-07 3.2569406e-07 2.1601778e-05 0.0001956085 8.3118306e-05 2.1249622e-05 0.0030023854 1.5730396e-09 9.1869083e-07 2.5977048e-05 5.30822e-07 1.6440601e-05 4.9931277e-06
0.08006464 0.004996937 0.03037264 0.0015118424 0.02209836 0.00044789904 0.0007568777 0.00052503793 0.076009646 2.2342718e-05 0.29864585 5.831996e-05 5.655185e-05 0.8355197 0.4459608 3.1445994e-05 0.2498032 0.0002112986 0.05855698 2.3884575e-05 1.4467977e-05 0.0013936773 0.0003718006 9.345323e-05 7.529335e-05 0.0061618965 4.93406e-05 6.394313e-07 0.03763427 0.084751904 4.1243768e-17 0.8260682 0.9968906 8.7746065e-07 6.352268e-06 6.641837e-06 8.133752e-06 0.00079648214 0.0051160282 0.0018945172 0.023615124 2.1757338e-05 2.1145338e-06 1.0640056e-05 0.0017213845 7.961027e-06 6.990378e-05 5.8884784e-06 0.017544763 5.723814e-06 3.8599086e-05 0.00017242038 0.0017199371 0.9279145 0.008820117 0.004201295 0.00017439609 0.00077838375 5.3753956e-06 5.17195e-05 1.1806691e-06 6.4401106e-06 3.109271e-05 9.74714e-07 0.0005033809 0.00030882994 8.019454e-05 1.9456114e-05 1.00955e-05 3.0759937e-05 0.000113167305 9.39128e-05 0.00064442435 1.1682935e-06 5.2650877e-05 0.00015621245 1.2787198e-05 9.560662e-06 0.00036950596 4.755016e-06 1.4590191e-06 2.9367282e-06 4.4108683e-06 2.1127229e-05 0.00052385876 0.00020456922 1.1207421e-05 1.7498775e-07 7.1832637e-06 2.9080802e-06 1.980449e-06 0.00013711644 3.321888e-05 1.9602017e-07 5.1410923e-05 1.3572773e-08 5.432141e-07 1.7520166e-05 1.2111872e-07 0.00045644827 3.0928956e-07
