8.760923e-19 0.94690233 0.93456334 0.9853288 0.97046876 0.9865304 0.9846829 0.85214657 0.80238897 0.90477794 0.9922111 0.96277416 0.7917665 0.7845679 0.39260942 0.293102 0.36225605 0.99291575 0.892209 0.38121095 0.9578427 0.89777 0.97148573 0.9281172 0.7204535 0.95649254 0.18022323 0.9943022 0.94633174 0.96776605 0.16821264 0.99996173 0.41041324 0.956271 0.9906061 0.986217 0.10935474 0.9178151 0.4005473 0.7998021 0.9021003 0.82159173 0.19918613 0.8817974 0.8541979 0.94474596 0.6383442 0.9936073 0.9455708 0.9149063 0.7600936 0.7851187 0.9012819 0.12938242 0.39184338 0.023204464 0.8748811 0.17947862 0.98920447 0.48165184 0.4609692 0.60943073 0.9676209 0.9932982 0.050632425 0.8902485 0.9562415 0.93645144 0.89258873 0.9893713 0.50746787 0.42306998 0.077991374 0.99586344 0.16321427 0.0019232397 0.0075922036 0.30267143 0.0065107644 0.35855052 0.8146149 0.010026652 0.9707499 0.035236172 0.6421147 0.75633675 0.9090826 0.6344165 0.47691417 0.0037259997 0.9998451 0.06926766 0.032174245 0.99456394 0.22709155 0.29492596 0.0067616003 0.0031826093 0.12726195 0.005465485 0.030354692
0.94690233 1.3446522e-14 0.9685597 0.82587063 0.37421247 0.32322428 0.9448528 0.7110591 0.8009251 0.19975789 0.070961274 0.05064347 0.4119253 0.27812392 0.06847728 0.055220716 0.052750483 0.15719037 0.021301819 0.14982164 0.0045178407 0.0036109579 0.00016403056 0.0016399911 0.03842202 3.9252984e-05 0.006767493 0.00035536804 0.00020587012 2.9405128e-05 0.0012059839 0.2731723 0.0017519708 0.0004166243 4.189743e-05 7.9464146e-05 0.0040354496 2.8414397e-05 0.00020748479 0.00016218278 8.165389e-05 0.00019050261 0.0018519356 0.0002712646 1.4809852e-06 0.0025932596 0.000992666 0.020282188 7.670977e-06 0.0011481467 0.000621832 9.369047e-06 0.00030647308 0.08731747 4.5682576e-05 0.0025059101 0.0006102233 0.00060305785 0.008691751 1.98303e-05 5.936219e-06 0.00031484477 0.0051032375 0.008651051 5.6118956e-06 3.153413e-07 0.0055322754 5.673841e-06 8.56314e-05 0.03497184 5.3697873e-05 7.3179974e-05 5.6206045e-06 0.019692183 3.4628235e-06 8.906647e-06 3.6522546e-05 0.00020419653 0.00013979869 1.1137493e-05 6.1467326e-06 6.369362e-08 5.564691e-05 2.7380456e-05 7.616043e-06 2.4167905e-06 0.0060649244 5.11505e-07 4.844492e-08 0.00012428832 0.029926084 1.3079855e-07 6.337285e-08 0.004841528 2.7280355e-06 1.0944356e-05 1.0164161e-06 4.6459384e-08 2.775583e-07 1.5224222e-07 1.7787576e-06
0.93456334 0.9685597 4.9321315e-16 0.90237135 0.55829805 0.59484917 0.6943222 0.944004 0.7923473 0.07473144 0.028992929 0.13500257 0.81905323 0.6609815 0.29481968 0.37172186 0.21471152 0.1038178 0.0065090572 0.14831889 0.0013387739 0.013024976 0.0001151387 0.0005832425 0.100165315 9.0338915e-05 0.037754886 0.00060000824 0.00010921538 4.2471427e-05 0.0010467364 0.3697889 0.00096464314 0.0010748582 3.6968995e-05 0.00015720568 0.04567871 8.330889e-06 0.0011583542 5.168617e-05 3.123504e-05 4.8449252e-05 0.000978642 0.00020551488 3.4663208e-07 0.00045568802 0.0012450953 0.006618423 3.533267e-06 0.00034530737 0.00020498401 0.00014201496 4.537785e-05 0.32714614 0.00012072393 0.012812743 0.0002640948 0.0008656395 0.0039566215 2.534669e-06 5.998228e-07 2.609367e-05 0.0016729847 0.0023846307 2.4778868e-05 9.8259065e-08 0.0021458063 1.2559272e-05 1.0052737e-05 0.014562407 3.2617867e-05 2.5847758e-05 2.992005e-05 0.006163938 1.411057e-06 6.5428976e-05 0.0001435779 1.2426787e-05 0.00094606925 4.6179568e-07 8.280077e-06 1.1963261e-06 9.07616e-06 2.3734032e-05 0.00013914322 2.0488628e-08 0.0016759661 1.05217325e-07 3.692968e-08 0.00028063855 0.01706576 1.1607188e-07 4.9838343e-07 0.001579745 1.4566182e-06 6.6349485e-06 3.7587142e-07 8.143368e-08 1.00897246e-07 3.2674188e-07 1.6196575e-06
0.9853288 0.82587063 0.90237135 5.5688783e-15 0.90413845 0.919979 0.263029 0.8255532 0.13557813 0.014206874 0.004079326 0.68972474 0.5427924 0.5567006 0.26934764 0.15120481 0.31360787 0.4984604 0.00075352396 0.008142089 0.00022571263 0.15121847 7.766123e-06 0.0001701286 0.3970771 0.0006645088 0.111057155 0.0039620586 2.7144462e-05 0.00025529537 0.00030775153 0.19771214 0.00011516593 0.0317234 5.055082e-05 0.00088709086 0.095313385 3.3357865e-05 0.0111672 1.6160571e-05 2.7492772e-06 8.822422e-06 8.4716856e-05 2.9504034e-05 4.2651987e-08 0.00049156795 5.1631927e-05 0.004385605 4.6472567e-05 0.0010839741 0.0010075301 0.0013977162 4.0809293e-05 0.046885744 0.00082420453 0.009089174 0.0011593543 3.524334e-05 0.012126725 6.91307e-05 1.6510427e-05 3.694577e-05 0.007492315 0.0034280894 0.0002027981 9.783844e-07 0.009255815 5.017518e-05 5.3591003e-07 0.023473702 0.00014838157 5.0800704e-06 0.00014629694 0.01560346 1.016168e-06 5.1559027e-06 1.2054751e-05 4.4128396e-05 0.00051069225 8.1443824e-07 5.725384e-05 1.3829991e-05 9.563712e-05 2.174878e-06 0.0004562435 4.9963283e-08 0.0048243385 9.5716715e-08 5.273953e-07 1.1394915e-05 0.04907321 3.04859e-06 9.679893e-06 0.0048635285 7.014719e-07 6.6842263e-06 1.5408883e-05 6.1609785e-07 2.1562907e-06 3.5489248e-07 1.7657335e-06
0.97046876 0.37421247 0.55829805 0.90413845 1.3130312e-16 0.9406201 0.09070629 0.75875175 0.049529567 0.00212805 0.0015189635 0.85962987 0.52160335 0.7618575 0.5113108 0.3643753 0.6031858 0.1923727 8.781035e-05 0.0023027365 1.3867658e-05 0.37814245 1.010557e-06 9.10496e-06 0.60677654 0.0015924706 0.3159438 0.0052027158 1.4732179e-06 0.00021073752 0.00010439967 0.050289966 2.6949383e-05 0.10057392 3.376608e-05 0.0028232262 0.3024016 7.955768e-06 0.042575017 9.90142e-07 2.8837235e-07 1.5107086e-07 6.235568e-06 1.5309477e-06 1.1185712e-09 8.522645e-06 2.0192145e-05 0.0007619629 3.4148172e-05 0.00029114468 0.00030356538 0.006009852 3.9996826e-06 0.04673842 0.0022818823 0.009451039 0.00036393866 9.862832e-06 0.0074448003 1.7900888e-05 2.4801338e-06 1.2821763e-06 0.0034884207 0.00046712873 0.00090936734 6.1716935e-07 0.00449541 6.55936e-05 1.8640916e-08 0.0077650873 0.00014455296 2.4759262e-07 0.0004809143 0.0053175734 1.3206123e-07 4.827442e-06 1.5489002e-05 3.2456634e-07 0.0012758386 2.6122876e-07 0.000118632146 0.000166131 2.9547396e-05 9.60704e-07 0.0022214316 1.971573e-10 0.0006838023 2.2223743e-08 1.2472491e-06 4.270486e-06 0.024018465 1.1556872e-06 8.333011e-06 0.0014620001 2.155459e-07 1.352877e-06 7.5874836e-05 1.2613581e-06 9.921837e-07 1.17588485e-07 1.2199181e-06
0.9865304 0.32322428 0.59484917 0.919979 0.9406201 2.451094e-14 0.06153657 0.37713674 0.022480149 0.0020053629 0.00032834732 0.82838476 0.14687882 0.19823934 0.11023563 0.049964927 0.22597381 0.76589984 4.4166074e-05 0.00022720368 2.3240882e-05 0.32902688 2.0183297e-06 2.923833e-05 0.39371714 0.05807766 0.12551503 0.11534983 4.0079412e-06 0.04155472 7.8439254e-05 0.052059468 2.0571322e-05 0.15569927 0.0013045437 0.026027223 0.13471542 0.0009780384 0.050655667 4.6794327e-07 1.6063461e-07 1.951892e-06 1.4992769e-05 1.7295329e-06 5.586992e-09 0.0001900961 4.3626073e-06 0.003072502 0.0009742533 0.007551762 0.0069730105 0.012849244 1.8466464e-05 0.011442302 0.0050829537 0.0021008898 0.0047523216 1.4051525e-06 0.054651722 0.00044430536 0.0002980308 1.2255871e-05 0.016046092 0.0025872283 0.0020083925 4.569439e-05 0.020575656 0.0010472026 1.39922e-07 0.0245621 0.0034153776 4.2941667e-07 0.0010400322 0.020143775 1.9155735e-07 3.886728e-06 4.9851437e-06 6.430267e-06 0.0003973931 3.3963693e-07 0.00056516135 0.00012105597 0.0015239913 5.095633e-07 0.016157309 5.386687e-09 0.0034824146 1.41123735e-08 2.8657036e-05 7.920398e-06 0.06655497 5.068632e-05 0.00019403554 0.0057912185 1.331055e-07 3.4911513e-06 0.00013798749 5.204981e-06 8.890133e-06 5.3939567e-07 3.3638491e-06
0.9846829 0.9448528 0.6943222 0.263029 0.09070629 0.06153657 9.665126e-15 0.11993757 0.91431963 0.87604254 0.6756586 0.0032951722 0.03329918 0.007969198 0.0027482645 0.0037407093 0.0012291251 0.72134423 0.33790848 0.20314345 0.32866362 9.4652445e-05 0.025000721 0.18805662 0.00063297304 0.00013005691 0.00048225946 0.003729025 0.015252361 0.00067699613 0.017629992 0.7234688 0.014568699 3.958176e-05 0.00012749493 5.5804856e-05 0.00014834506 0.0001618336 5.286194e-05 0.0047228346 0.0018721668 0.004014344 0.011998311 0.0032543547 0.00010277807 0.2852783 0.007246895 0.27864867 4.4412595e-06 0.0027409983 0.0044426806 1.014998e-06 0.0025943478 0.012962557 2.8172633e-05 0.00018081325 0.0041630263 0.005723588 0.06336923 1.9033474e-05 3.502712e-05 0.027432911 0.009686866 0.10588195 3.5518863e-06 5.1992956e-06 0.017852992 2.7259782e-06 0.0009199007 0.31227797 3.324198e-05 0.0022790595 2.9619775e-06 0.26528934 0.0004402602 5.3824488e-06 4.265502e-05 0.0015378657 5.347886e-06 3.3448876e-05 4.4895683e-06 6.886397e-08 0.0004900852 0.0006674471 1.7029008e-06 0.0005686412 0.079677045 3.7453442e-06 2.3277579e-08 0.0002821268 0.082395874 7.173132e-08 3.7245957e-08 0.112889 1.8935507e-05 7.563895e-05 2.6996145e-07 2.3907441e-08 9.458714e-08 3.4526145e-06 6.197515e-05
0.85214657 0.7110591 0.944004 0.8255532 0.75875175 0.37713674 0.11993757 9.192672e-15 0.17577904 0.023638815 0.007736504 0.12871748 0.9814339 0.92619747 0.495947 0.4141362 0.26139492 0.014459992 0.0003085894 0.011897103 0.000107405634 0.0038227134 1.2210396e-05 0.00013419702 0.11374027 3.840107e-05 0.037251588 0.00026587662 2.0034682e-05 1.9428691e-05 0.00026986044 0.041732375 0.000115710434 0.0001363562 3.2006938e-05 5.0707018e-05 0.029760893 1.8291652e-06 0.00065088895 1.9224813e-06 3.1925813e-07 6.756533e-06 5.7829486e-05 2.4785864e-05 4.378337e-08 0.00010444359 4.7962356e-05 0.0019195457 1.8934361e-06 0.0001234523 8.805026e-05 1.6122825e-05 4.6825622e-05 0.20106122 4.951071e-05 0.026892172 4.1477175e-05 0.00010311117 0.0011186328 3.0175067e-06 2.1824535e-06 1.4075916e-05 0.0008297018 0.0009894912 9.677816e-06 1.5200168e-07 0.0007352713 4.4477315e-06 3.7881e-07 0.005593209 5.8264172e-06 2.0966243e-06 2.7979247e-06 0.0011549804 2.0322245e-08 0.00030283496 0.00027505806 9.52118e-06 0.0029170995 1.2992649e-06 2.2027634e-06 1.8446046e-05 1.0721891e-05 1.4843718e-06 7.2285575e-06 1.3952643e-08 0.00090719364 7.1880017e-09 6.0269294e-08 0.0003574903 0.008079409 6.366556e-08 1.3769753e-07 0.00029127937 2.6042756e-07 8.072303e-06 6.791761e-06 7.082575e-08 3.8807772e-07 1.0140987e-07 1.7280904e-06
0.80238897 0.8009251 0.7923473 0.13557813 0.049529567 0.022480149 0.91431963 0.17577904 2.0045395e-17 0.94318086 0.82840836 0.0003974623 0.47160855 0.039104637 0.014649591 0.05392633 0.0049788496 0.027770367 0.70302045 0.9586722 0.46509618 4.6732875e-05 0.012748863 0.223852 0.0017906047 1.1911576e-06 0.0012611687 4.152974e-05 0.008118037 2.1846336e-06 0.26982373 0.43394804 0.3277545 1.0123811e-06 2.6580994e-06 1.4529196e-06 0.00087854 9.698733e-08 1.830447e-05 0.004101669 0.00041057102 0.0005010016 0.27654013 0.016527874 3.4970226e-06 0.0060727256 0.10388648 0.021698736 3.351607e-08 1.3281665e-05 2.7026108e-05 1.195876e-07 0.00021046198 0.67843646 8.8147647e-07 0.012344619 4.3134663e-05 0.29613075 0.001277227 2.4501097e-07 7.4509146e-08 0.00017289854 0.0005141536 0.003596225 2.3503627e-07 1.1394523e-09 0.00048528257 6.6621624e-08 0.0001373815 0.02263913 3.628814e-08 0.0034995151 4.784868e-07 0.0063903905 0.00025281197 0.00016175013 0.0004677196 1.411836e-05 0.00016974189 1.0254867e-06 7.5057585e-08 3.299318e-08 8.033603e-08 0.0166142 7.007204e-07 7.367045e-08 0.0024922586 5.8892475e-08 2.0208275e-10 0.0039639045 0.0057636313 1.5548487e-10 1.6322625e-08 0.0011653414 9.313164e-06 2.2456745e-05 1.364092e-07 2.358068e-09 8.3049717e-10 0.0008200757 0.0002251264
0.90477794 0.19975789 0.07473144 0.014206874 0.00212805 0.0020053629 0.87604254 0.023638815 0.94318086 5.3405224e-15 0.9622559 0.0004958253 0.08175403 0.0027665547 0.0010624011 0.0045514205 0.00034550615 0.0056774626 0.7891659 0.8496666 0.45516896 5.725474e-06 0.011516675 0.15342078 0.00030169575 5.4720687e-07 0.0002070995 2.1036716e-05 0.025848398 1.4011702e-06 0.4782201 0.4663393 0.45537883 3.5907126e-06 8.306236e-07 1.7014189e-06 0.00030301494 1.16410106e-07 2.7627224e-05 0.018085405 0.0024098502 0.0011138063 0.34944832 0.0690023 9.352951e-06 0.00972094 0.37783805 0.02585958 8.802092e-08 9.979848e-05 8.120999e-05 1.5298522e-07 0.00035377737 0.21022128 1.8675901e-06 0.0035933934 0.00022571911 0.5706832 0.001213049 2.5314404e-07 2.464496e-07 0.0003840527 0.0007199498 0.00586416 7.535973e-07 4.7527284e-09 0.0008000285 2.606176e-07 0.00031990994 0.020022547 1.3669223e-06 0.036364015 1.383078e-07 0.0071232123 0.0038382823 4.5048815e-05 0.0004094919 0.00014174759 8.089455e-05 5.5921073e-06 7.9270524e-07 1.1447485e-06 3.3143076e-06 0.091647185 8.9397207e-07 9.860763e-06 0.0036643753 3.445018e-07 7.1531945e-09 0.006726288 0.008954859 4.3074067e-07 4.3145704e-08 0.0016362994 0.00017080097 6.401134e-05 1.4432374e-06 5.430655e-07 4.9568698e-08 0.0067192065 0.0052934964
0.9922111 0.070961274 0.028992929 0.004079326 0.0015189635 0.00032834732 0.6756586 0.007736504 0.82840836 0.9622559 5.598549e-15 0.00069575687 0.02225778 0.0008078969 0.00029168162 0.00048187398 0.00017430894 0.053497165 0.90548646 0.46122843 0.43388256 1.9701788e-06 0.03478195 0.22879258 4.0432715e-05 3.6749682e-07 5.8875554e-05 7.9321806e-05 0.033355355 8.8052286e-07 0.20169918 0.5554787 0.21343957 9.052314e-07 7.472088e-07 2.2472418e-06 3.0006804e-05 1.45618e-07 9.108702e-06 0.009137218 0.0033714194 0.005178073 0.19308905 0.025651475 3.7369366e-05 0.17357314 0.29727373 0.10377713 7.215984e-09 0.00012239175 0.000104760016 5.27482e-08 0.0006558047 0.03653928 1.4465597e-06 0.00012092085 0.00011502773 0.4525123 0.003195689 1.948193e-08 7.263697e-08 0.005973363 0.0014292264 0.029797567 3.830747e-07 1.813796e-09 0.0017385408 3.3550485e-08 0.00074323715 0.09935198 1.0828699e-07 0.019982073 1.5516953e-06 0.029159622 0.0033215885 3.0278559e-06 0.000109053435 0.0016697561 1.577956e-05 2.0594275e-06 3.7104874e-07 2.30197e-07 5.1548454e-06 0.09552714 1.479661e-06 3.0941912e-05 0.019504176 1.9373322e-06 1.3069243e-09 0.0054278835 0.019865667 2.306114e-07 2.591563e-07 0.011484162 0.00016897294 0.0001432644 2.3944065e-06 6.4787383e-07 2.8188392e-08 0.0031485995 0.0023124185
0.96277416 0.05064347 0.13500257 0.68972474 0.85962987 0.82838476 0.0032951722 0.12871748 0.0003974623 0.0004958253 0.00069575687 7.7629824e-14 0.01820636 0.57212365 0.3674194 0.07419944 0.6565762 0.026651034 6.139441e-07 5.610764e-05 2.091077e-06 0.94188994 6.5653677e-07 1.0247496e-06 0.85098475 0.0063854344 0.46670303 0.036949627 1.453424e-06 0.0059306175 4.1087433e-06 0.0251202 7.207016e-07 0.57132256 0.002672127 0.012358578 0.2818911 0.0005591921 0.29688752 2.9249913e-08 1.1654356e-08 5.789876e-08 2.6309513e-07 1.1161944e-06 9.18054e-09 7.973617e-06 1.1163158e-06 0.00045022296 0.00056234363 0.00084332516 0.00026508063 0.04123256 2.805481e-06 0.0056249243 0.04542644 0.008322428 0.00028127627 6.7210644e-06 0.010286084 6.1102946e-05 7.7792625e-05 2.5247766e-07 0.010256404 0.0004235114 0.0067299358 5.681552e-06 0.009425556 0.0011229638 1.07027866e-07 0.003947649 0.0009111543 5.6788103e-08 0.0044847648 0.00081714924 1.0112486e-09 7.649602e-06 1.0500172e-05 1.0723809e-06 0.0038189855 4.8095e-07 0.0007297842 0.002383646 0.00021671926 9.6626906e-08 0.015293214 7.4264506e-09 0.00051486626 2.180507e-09 8.893594e-06 2.2759977e-07 0.025496557 1.9422253e-06 0.00013626157 0.00050232897 9.735821e-08 4.5633246e-07 0.0009093466 7.0124083e-06 1.2770649e-05 6.8883637e-09 3.776898e-06
0.7917665 0.4119253 0.81905323 0.5427924 0.52160335 0.14687882 0.03329918 0.9814339 0.47160855 0.08175403 0.02225778 0.01820636 1.9953955e-14 0.90760934 0.4675613 0.9658941 0.2006752 0.0047099073 0.00040381498 0.03580771 0.00017361216 0.0017954736 8.47489e-06 4.6274e-05 0.125275 9.734809e-06 0.13332468 4.747637e-05 2.788983e-05 2.8884394e-06 0.0009678038 0.056280505 0.0003768398 5.3169897e-05 6.3133625e-06 2.1427642e-05 0.13075094 2.4892415e-07 0.00070607517 1.8728927e-06 1.3286589e-06 1.2328905e-05 0.00019136828 0.00011156453 1.02102945e-07 8.646407e-05 0.0005804096 0.0011265132 9.693144e-07 1.587974e-05 7.713466e-06 7.643104e-06 1.7717071e-05 0.71679753 8.758249e-06 0.18920715 6.0196116e-06 0.003104372 0.00023704999 3.7896464e-07 7.334993e-08 6.1068863e-07 0.00024746975 0.00043258208 2.4184112e-06 3.9037724e-09 0.000108078246 1.5903859e-06 2.493926e-06 0.0024827586 8.9670704e-07 6.508411e-06 3.9507936e-06 0.00037327447 2.3277414e-07 0.0012393023 0.0012952473 9.718975e-06 0.011914981 8.0535865e-06 7.6501806e-07 6.600689e-05 5.480697e-07 0.00010212248 7.1873483e-06 4.63086e-09 0.000703971 9.9763735e-09 2.4028803e-09 0.0015850841 0.0019280302 2.0742482e-08 4.768433e-07 6.52479e-05 1.9868073e-06 1.0641985e-05 1.0223741e-05 1.7289483e-07 2.4428323e-07 9.483591e-06 6.998082e-05
0.7845679 0.27812392 0.6609815 0.5567006 0.7618575 0.19823934 0.007969198 0.92619747 0.039104637 0.0027665547 0.0008078969 0.57212365 0.90760934 6.6495326e-15 0.9430428 0.87533593 0.93874 0.006399801 1.5752015e-05 0.0016603746 1.6036827e-05 0.084142976 2.2470103e-06 1.3231336e-05 0.72956955 6.216079e-05 0.40508482 0.00014840097 5.7306524e-06 2.2575836e-05 0.00021633168 0.0067201676 2.275468e-05 0.0010347946 7.770798e-06 0.000110688416 0.28164747 2.3447512e-06 0.011198372 1.1180268e-06 2.8054822e-07 3.4859013e-06 1.0863765e-05 2.3315273e-05 7.1569612e-09 1.8642082e-05 0.000108580025 0.00011874704 2.2791843e-05 8.92792e-05 4.2674066e-05 9.5512696e-05 5.9465483e-06 0.25025657 0.00018503441 0.04634336 4.267561e-05 0.00019605599 0.0006530875 3.6017113e-06 1.685204e-06 4.7435458e-07 0.00037034982 0.00012263782 5.5842494e-05 4.3944115e-07 0.0003486297 4.530482e-05 1.516709e-06 0.000717235 7.54507e-05 1.6583672e-06 1.3427362e-05 0.0002306054 5.5667208e-08 0.00013776684 0.00016569586 2.5285972e-06 0.007468748 3.8899412e-05 4.2744243e-05 0.00014888705 4.7713465e-06 1.6215346e-05 5.1136798e-05 3.5852081e-09 0.00022596313 1.982783e-08 3.7840525e-07 6.3631305e-05 0.0028530739 3.295282e-07 1.8596978e-07 3.6443947e-05 3.0216306e-06 7.508007e-06 7.5035656e-05 6.514239e-07 6.4038177e-06 5.1959665e-07 7.586341e-05
0.39260942 0.06847728 0.29481968 0.26934764 0.5113108 0.11023563 0.0027482645 0.495947 0.014649591 0.0010624011 0.00029168162 0.3674194 0.4675613 0.9430428 1.0735276e-14 0.97744775 0.9846 0.0032588565 1.3726606e-05 0.00042446423 1.255441e-05 0.021346962 3.0604165e-06 1.0185135e-05 0.35498407 7.833684e-05 0.331407 0.00013705553 2.0925834e-06 3.831829e-05 4.8400343e-05 0.0023656886 7.808216e-06 0.00031431107 1.2300859e-05 0.0002194383 0.15424462 1.6362353e-06 0.002944085 9.513484e-08 6.834879e-08 1.9989345e-06 6.6071025e-06 2.6878117e-06 1.1239462e-08 1.2049452e-05 3.3786964e-06 6.886578e-05 1.012064e-05 6.630793e-06 6.13667e-06 0.0001573162 2.0214002e-06 0.17986082 6.3528714e-05 0.0466033 1.822612e-05 1.8248313e-05 0.0003890403 1.1603707e-06 2.836301e-07 3.308929e-08 0.00012972741 6.3607455e-05 1.7639133e-05 7.817253e-08 5.7393627e-05 8.9359155e-06 4.433936e-07 0.0006136703 8.114019e-06 8.913662e-07 1.3769058e-05 0.00018470628 3.3362046e-08 9.9777266e-05 6.556877e-05 1.2291366e-06 0.004361936 1.0696104e-05 9.54237e-06 4.556102e-05 1.7982838e-06 4.951548e-07 0.000105591724 1.005205e-08 5.2968215e-05 6.5703536e-09 8.1543575e-08 4.8093265e-05 0.0012982142 9.7389766e-08 3.040801e-07 3.3386902e-06 5.0749105e-07 3.7297357e-06 4.0267223e-06 6.7613605e-08 9.936826e-07 1.04864306e-07 4.301071e-06
0.293102 0.055220716 0.37172186 0.15120481 0.3643753 0.049964927 0.0037407093 0.4141362 0.05392633 0.0045514205 0.00048187398 0.07419944 0.9658941 0.87533593 0.97744775 4.3815737e-14 0.97034574 0.0021023217 6.447224e-05 0.0024036462 2.3726927e-05 0.0034456858 4.4328385e-06 1.8091268e-05 0.19283512 2.5029218e-05 0.37762412 4.1601685e-05 3.9960264e-06 5.340705e-06 0.00016791897 0.0036718154 6.3756255e-05 6.303265e-05 5.5171517e-06 3.9810493e-05 0.1828181 6.8821595e-07 0.0014473166 1.8158421e-07 1.6843244e-07 7.614961e-06 2.3122166e-05 1.335434e-05 3.22407e-08 3.6285943e-05 3.041465e-05 7.464681e-05 3.7028217e-06 1.2220927e-05 4.5436336e-06 3.3295124e-05 3.6708261e-06 0.4297192 3.6120808e-05 0.12906154 7.093804e-06 0.00020965125 0.00012720964 1.3809265e-06 7.1387774e-08 1.9166772e-07 5.2937612e-05 5.718487e-05 1.1388874e-05 1.26207995e-08 2.4776247e-05 2.2168497e-06 2.7971964e-06 0.0008331803 2.2368267e-06 1.9953236e-06 5.4112343e-06 0.00013789302 7.13758e-08 0.000569976 0.00020873595 7.046424e-06 0.008464176 2.9974457e-05 7.5800813e-06 6.712343e-05 1.7946383e-06 1.7231417e-06 4.1473733e-05 8.649343e-09 7.504044e-05 1.6784515e-08 3.432417e-08 0.00045094488 0.0007241112 3.201067e-08 1.3701116e-07 8.454796e-06 1.4204218e-06 8.086202e-06 3.2150708e-06 3.1193256e-08 1.0475941e-06 2.005419e-06 2.6242858e-05
0.36225605 0.052750483 0.21471152 0.31360787 0.6031858 0.22597381 0.0012291251 0.26139492 0.0049788496 0.00034550615 0.00017430894 0.6565762 0.2006752 0.93874 0.9846 0.97034574 9.047367e-13 0.003243204 2.1163455e-06 0.00017726478 1.7938698e-06 0.23786327 4.3415253e-07 2.6679035e-07 0.7751838 0.00011609132 0.8353726 0.00036389768 1.1599537e-06 4.8518792e-05 4.0755618e-05 0.0019008669 3.501551e-06 0.0017541801 3.3904893e-05 0.00021122345 0.32880995 1.8483632e-06 0.015629083 4.422443e-08 5.6387783e-08 4.7202286e-07 1.6701852e-06 3.1371335e-06 2.816328e-09 1.7994453e-06 2.2159554e-06 3.086546e-05 6.8181025e-06 9.580294e-06 8.080621e-06 0.00035899263 4.7574767e-07 0.1479103 0.00022629651 0.054332152 2.0556947e-05 2.2629965e-05 0.00053540966 4.15174e-06 9.979591e-07 5.707507e-09 0.00023038096 3.7447247e-05 0.00010212491 6.743278e-08 0.0002896671 9.6444255e-06 3.6121077e-07 0.0006618676 8.909892e-06 6.7078315e-07 9.409543e-05 0.000108259184 2.4319665e-08 0.0001181489 5.6365767e-05 1.9408523e-07 0.011322184 1.9108535e-05 1.8839322e-05 0.00054887205 4.623163e-06 1.7120334e-07 0.00010578253 2.4092683e-09 4.046602e-06 5.4884403e-08 8.547972e-07 1.1053572e-05 0.001135112 6.890785e-08 1.758727e-06 2.8196969e-06 1.2677642e-06 4.9831906e-06 2.7792705e-05 2.608501e-07 2.8958893e-06 4.5313936e-07 7.717362e-05
0.99291575 0.15719037 0.1038178 0.4984604 0.1923727 0.76589984 0.72134423 0.014459992 0.027770367 0.0056774626 0.053497165 0.026651034 0.0047099073 0.006399801 0.0032588565 0.0021023217 0.003243204 1.08955066e-16 0.0013094641 0.0014180919 0.0012045954 0.0069518127 0.00081187725 0.0022659681 0.003531728 0.1752156 0.00064339756 0.8880166 0.00016465463 0.58292735 0.00013574924 0.94472235 2.7348566e-05 0.005281392 0.07891843 0.010165811 0.000305962 0.0813504 0.0006749777 2.5026524e-05 2.2200622e-05 0.0002354474 8.4396925e-06 3.1739208e-05 3.7761704e-06 0.17884402 2.7397253e-05 0.267465 0.003885429 0.25177017 0.20099285 0.0013139105 0.0020000637 2.035754e-05 0.00016729893 6.7016267e-06 0.078855634 0.00034652828 0.49147934 0.0008749776 0.0019522329 0.02054637 0.04841401 0.041172028 8.193783e-05 0.00023495978 0.045520708 0.00020495783 3.5624466e-06 0.30844072 0.0036898833 9.812339e-06 7.6001576e-05 0.22461131 7.8177203e-07 1.5240965e-06 1.005207e-06 0.009092057 2.1159149e-05 7.93926e-06 7.9978854e-05 3.2424693e-06 0.0040006503 1.10346755e-05 0.000633715 0.00043864877 0.061412442 1.391584e-07 8.1771635e-05 8.83217e-06 0.13331312 5.0965155e-06 9.061448e-06 0.084193505 4.914177e-05 7.2272996e-07 8.86107e-05 3.0194296e-06 1.1826017e-06 7.9617143e-07 0.00011660061
0.892209 0.021301819 0.0065090572 0.00075352396 8.781035e-05 4.4166074e-05 0.33790848 0.0003085894 0.70302045 0.7891659 0.90548646 6.139441e-07 0.00040381498 1.5752015e-05 1.3726606e-05 6.447224e-05 2.1163455e-06 0.0013094641 1.5459245e-17 0.84956247 0.94881237 6.3055154e-08 0.022770727 0.10469281 9.08666e-07 3.7142737e-08 6.2391723e-06 5.208e-06 0.20931838 1.6356464e-07 0.69864285 0.11996858 0.8515604 2.4207452e-07 8.860711e-08 5.86499e-08 3.7048212e-06 2.0650898e-08 2.2665524e-06 0.18372403 0.03229898 0.0028003955 0.73037016 0.59844875 2.60684e-05 0.0047048368 0.76281774 0.02289146 7.12528e-09 8.277346e-06 4.2952543e-06 2.2156308e-09 0.00013911628 0.04395828 2.444184e-07 5.75157e-05 6.9337066e-06 0.8085295 0.00028468415 8.7594515e-08 3.0390797e-08 1.4731105e-05 6.7258705e-05 0.004757364 1.4840484e-07 5.068977e-10 6.106025e-05 3.019326e-08 0.0011351537 0.017000094 1.767821e-08 0.14259984 4.6701395e-08 0.0009869292 0.04420804 1.4043407e-06 0.00017022694 1.69291e-06 2.171156e-06 5.9837447e-07 1.6900832e-07 2.5926485e-07 4.2202004e-07 0.13310146 1.6468375e-07 1.12363745e-08 0.0007842553 9.818675e-08 4.182804e-09 0.0013688643 0.0027681696 7.7533535e-09 1.3125032e-08 0.00029302994 0.005739338 1.7261014e-05 6.4892873e-07 1.9366968e-08 2.2717114e-08 0.0067345486 0.02866005
0.38121095 0.14982164 0.14831889 0.008142089 0.0023027365 0.00022720368 0.20314345 0.011897103 0.9586722 0.8496666 0.46122843 5.610764e-05 0.03580771 0.0016603746 0.00042446423 0.0024036462 0.00017726478 0.0014180919 0.84956247 3.4207416e-17 0.14899015 8.642208e-06 0.00015729986 0.0012558273 5.565737e-05 1.6782571e-05 0.00025667663 2.9112174e-05 0.0018610278 8.086318e-06 0.98277676 0.030113516 0.4642168 5.635701e-07 1.2314832e-06 4.211377e-06 9.9183744e-05 8.8512314e-07 3.0130554e-06 0.0010572585 5.014901e-05 1.3550547e-05 0.26917636 0.015358335 1.5325567e-07 0.00027713212 0.048437804 0.00046083995 5.49247e-07 2.7857266e-05 8.09266e-06 1.6844818e-07 1.0231216e-06 0.5798469 5.5640726e-06 0.0019717822 2.6883756e-06 0.26812103 0.0007943582 5.0732583e-06 4.0345466e-07 9.87494e-07 6.976978e-05 0.0002512904 1.6697885e-06 5.429598e-09 0.00015449901 1.123269e-06 8.202208e-06 0.0023590974 4.4649014e-06 0.0006786368 1.5935399e-07 0.0001512976 1.679514e-05 0.00016961698 0.0016744316 1.48157016e-08 1.2957032e-05 5.417097e-07 1.938199e-06 5.7174034e-06 4.4465573e-06 0.020846056 9.560433e-08 7.3320024e-11 5.8116864e-05 1.1039528e-09 2.886783e-07 0.0115149785 0.0009309302 1.0280109e-08 9.918601e-09 3.330948e-05 4.1094213e-06 1.2715736e-06 1.9762549e-08 7.0944832e-09 2.407165e-07 0.00081382226 0.00023324961
0.9578427 0.0045178407 0.0013387739 0.00022571263 1.3867658e-05 2.3240882e-05 0.32866362 0.000107405634 0.46509618 0.45516896 0.43388256 2.091077e-06 0.00017361216 1.6036827e-05 1.255441e-05 2.3726927e-05 1.7938698e-06 0.0012045954 0.94881237 0.14899015 2.3339713e-17 1.0821597e-07 0.460026 0.77836365 2.2380485e-07 2.7370612e-07 2.3066166e-06 8.272571e-06 0.88810337 4.59858e-07 0.21101555 0.05119849 0.69667673 1.3169337e-07 1.16407996e-07 1.9071447e-07 8.9325357e-07 5.9908274e-08 5.851841e-07 0.71574384 0.47702506 0.1038299 0.561405 0.87586683 0.0032231235 0.065755166 0.6403204 0.17818657 4.97811e-09 6.783261e-06 1.3232548e-05 1.1194575e-08 0.0029114592 0.001539849 5.3320355e-07 2.457249e-07 5.8129506e-05 0.60167444 0.0009862419 9.245051e-08 1.4532077e-08 0.0025608386 0.00013077691 0.025615277 7.3781116e-08 4.201979e-09 0.00022482795 1.7856257e-08 0.08876654 0.069066264 1.537559e-07 0.512014 4.998502e-08 0.0068622297 0.280294 3.729748e-07 3.988079e-05 3.909395e-05 3.1040594e-07 3.026157e-05 1.4136398e-07 1.8535185e-07 2.2684274e-06 0.04251974 3.2733553e-08 9.181044e-06 0.011117057 2.328612e-05 8.36189e-10 0.00017238026 0.008568234 4.3452587e-08 1.3547133e-09 0.0020399306 0.062884405 0.0015922609 1.1806245e-07 8.697234e-09 2.324577e-08 0.0021042884 0.120908625
0.89777 0.0036109579 0.013024976 0.15121847 0.37814245 0.32902688 9.4652445e-05 0.0038227134 4.6732875e-05 5.725474e-06 1.9701788e-06 0.94188994 0.0017954736 0.084142976 0.021346962 0.0034456858 0.23786327 0.0069518127 6.3055154e-08 8.642208e-06 1.0821597e-07 3.554071e-14 2.5709037e-08 1.6653905e-07 0.9548905 0.017635653 0.5103184 0.022385044 7.6718614e-08 0.0127458405 2.2062327e-06 0.0021009368 8.387693e-07 0.9735744 0.004483206 0.052837737 0.4768417 0.001121458 0.83132577 4.523233e-09 6.510139e-09 4.4333284e-08 2.32374e-07 7.8770476e-08 2.7343372e-09 2.4700855e-06 2.9228609e-08 5.0711074e-05 0.0006288569 0.00071166357 0.00017720781 0.18379495 2.256004e-07 5.850463e-05 0.13590011 0.00023899328 0.00029141494 4.8007587e-06 0.0044246814 0.00022860862 0.00010819674 2.6397174e-07 0.008203612 0.00043205408 0.014931771 2.450688e-06 0.0064018304 0.0014554984 4.7940013e-08 0.004101366 0.004200361 7.314564e-09 0.008772734 0.00070637115 1.9791888e-09 3.1493546e-06 1.6422047e-07 1.8383955e-06 0.00067863 4.9152455e-05 0.00040051067 0.00732607 6.659752e-05 5.572386e-07 0.040866487 3.357871e-08 0.001933616 2.2425873e-08 6.6149337e-06 2.2242963e-07 0.0076660267 1.4002532e-05 0.0002662141 0.00018602327 1.605024e-06 5.337599e-06 0.0020669836 1.1327674e-05 1.8668608e-05 7.15605e-08 4.3060187e-05
0.97148573 0.00016403056 0.0001151387 7.766123e-06 1.010557e-06 2.0183297e-06 0.025000721 1.2210396e-05 0.012748863 0.011516675 0.03478195 6.5653677e-07 8.47489e-06 2.2470103e-06 3.0604165e-06 4.4328385e-06 4.3415253e-07 0.00081187725 0.022770727 0.00015729986 0.460026 2.5709037e-08 2.4337048e-17 0.98154414 9.2522654e-08 2.0280241e-07 3.863248e-07 1.1369753e-05 0.73809296 8.001364e-07 0.00046596944 0.030754145 0.012824559 7.8769425e-08 2.689382e-07 2.4504996e-07 3.7859713e-06 8.949885e-08 1.3615744e-07 0.42196897 0.7232635 0.5069776 0.0116698025 0.13841096 0.22113222 0.7101793 0.013171511 0.6277042 2.1639806e-08 3.9568135e-05 7.242956e-05 2.4319526e-08 0.028193157 1.3033348e-05 6.586716e-07 7.984126e-08 0.00010751406 0.006309345 0.0025596283 5.956413e-06 1.9345212e-07 0.13571301 0.00065320305 0.2064794 1.2585373e-07 6.129282e-08 0.0032603594 1.5672822e-07 0.4618992 0.17288604 4.0528585e-06 0.080684364 8.997192e-08 0.066925064 0.04825511 1.3154406e-06 5.3854164e-06 0.002908742 2.0076313e-06 0.0023150407 8.912522e-07 1.2825534e-07 0.000314967 0.00025972282 2.4220915e-07 0.008636947 0.09251015 0.006188305 2.4156162e-07 3.1292984e-06 0.021187177 7.182675e-08 2.0942002e-08 0.04422092 0.03736769 0.017910587 2.4315204e-07 2.421358e-08 6.4521447e-07 1.8829578e-06 0.0024667184
0.9281172 0.0016399911 0.0005832425 0.0001701286 9.10496e-06 2.923833e-05 0.18805662 0.00013419702 0.223852 0.15342078 0.22879258 1.0247496e-06 4.6274e-05 1.3231336e-05 1.0185135e-05 1.8091268e-05 2.6679035e-07 0.0022659681 0.10469281 0.0012558273 0.77836365 1.6653905e-07 0.98154414 1.1143035e-17 5.5356345e-08 8.422882e-07 7.430503e-07 4.1340376e-05 0.93012416 3.7217872e-06 0.0008273842 0.020306034 0.04156562 4.564308e-07 2.2497002e-07 4.7409546e-07 5.966553e-07 2.0783023e-07 6.787348e-07 0.47515312 0.6401015 0.34771335 0.022903185 0.28441536 0.07225765 0.4106443 0.043773565 0.37436372 1.151221e-08 5.982005e-05 7.232878e-05 1.6746108e-08 0.010239217 6.249436e-05 1.0098412e-06 2.8093122e-08 9.017564e-05 0.012999226 0.004511135 1.0538197e-06 7.247768e-08 0.04435204 0.00038645018 0.13110334 5.1565515e-08 3.6952795e-08 0.0016221718 1.6674025e-07 0.46835747 0.18506849 1.3793655e-06 0.14648798 2.188441e-08 0.02814785 0.092600666 2.0472858e-07 3.259114e-06 0.0002484855 1.6960247e-07 0.00043994182 1.0154212e-06 4.016164e-08 0.00017050542 0.00049547036 1.3697758e-07 0.00040281416 0.03537884 0.0010991553 4.026749e-08 2.0332404e-06 0.011713017 2.7586333e-09 4.3981214e-09 0.009647389 0.03838809 0.009847786 4.9216457e-08 4.1199746e-09 8.215351e-08 2.6366795e-06 0.0048253187
0.7204535 0.03842202 0.100165315 0.3970771 0.60677654 0.39371714 0.00063297304 0.11374027 0.0017906047 0.00030169575 4.0432715e-05 0.85098475 0.125275 0.72956955 0.35498407 0.19283512 0.7751838 0.003531728 9.08666e-07 5.565737e-05 2.2380485e-07 0.9548905 9.2522654e-08 5.5356345e-08 1.3145002e-15 0.0016512427 0.96921676 0.0026293425 3.5141042e-07 0.0016776379 1.3438905e-05 0.0010513288 9.1551846e-07 0.23101008 0.0002881814 0.0010653307 0.8335229 3.8170867e-05 0.7080501 2.5543767e-09 2.8473313e-09 1.7473295e-07 1.476034e-07 2.0491717e-08 5.6122484e-10 3.1985823e-05 5.49374e-08 0.00024032417 2.9063935e-05 9.328751e-05 7.0802016e-05 0.002358994 1.4525233e-06 0.0057040555 0.0076747974 0.0054031573 7.613295e-05 8.185293e-07 0.0020035382 2.658552e-05 1.5314303e-05 2.9236486e-07 0.0019055861 0.0002777608 0.0065082596 4.6910594e-07 0.0018877225 0.000105632316 1.7921197e-07 0.0035168573 6.923897e-05 2.0466247e-08 0.0006557153 0.00092048297 3.954953e-09 0.00024150833 3.742447e-05 5.1726774e-06 0.022861117 0.00010557934 4.66436e-05 0.027280703 0.00012718102 9.596753e-08 0.0002850887 2.0466004e-09 0.0010122837 2.2491111e-08 2.9567818e-06 2.1148679e-05 0.0038532778 7.333035e-08 5.299209e-06 4.4207878e-05 3.9526645e-07 7.2064387e-07 0.00037862317 4.75598e-07 5.041061e-06 1.6172636e-06 4.2079687e-06
0.95649254 3.9252984e-05 9.0338915e-05 0.0006645088 0.0015924706 0.05807766 0.00013005691 3.840107e-05 1.1911576e-06 5.4720687e-07 3.6749682e-07 0.0063854344 9.734809e-06 6.216079e-05 7.833684e-05 2.5029218e-05 0.00011609132 0.1752156 3.7142737e-08 1.6782571e-05 2.7370612e-07 0.017635653 2.0280241e-07 8.422882e-07 0.0016512427 2.5997774e-14 3.942391e-05 0.613574 1.502142e-07 0.9547649 1.0690688e-05 0.002389784 1.7009603e-07 0.0741612 0.59522724 0.8404986 0.00013605082 0.6513045 0.002174924 9.328034e-08 1.7699126e-08 1.069493e-07 3.7423862e-07 8.455067e-07 1.7172882e-08 3.0911324e-05 3.1487465e-07 0.00093852286 0.91843534 0.07272227 0.0114630265 0.15455386 3.949347e-06 7.5591646e-07 0.0073455265 2.0200406e-07 0.009021156 1.1114982e-06 0.044888694 0.5113407 0.1579668 2.656655e-06 0.06543307 0.00049839966 0.00055374746 0.012221189 0.03607862 0.4528135 8.9069694e-08 0.007964981 0.82833934 2.0164586e-07 0.0076239104 0.008809139 3.212277e-07 9.369622e-07 9.891538e-07 7.910077e-05 3.0479663e-05 5.7976704e-05 0.14024682 8.602318e-06 0.00988929 4.7193242e-07 0.23311633 4.522224e-07 0.0009768936 4.10588e-08 0.04480992 1.2367825e-05 0.034405813 0.099059284 0.032149937 0.0012374627 5.8586675e-06 5.3775643e-06 0.0011336628 0.004600982 0.017438645 2.9781978e-07 5.9466816e-05
0.18022323 0.006767493 0.037754886 0.111057155 0.3159438 0.12551503 0.00048225946 0.037251588 0.0012611687 0.0002070995 5.8875554e-05 0.46670303 0.13332468 0.40508482 0.331407 0.37762412 0.8353726 0.00064339756 6.2391723e-06 0.00025667663 2.3066166e-06 0.5103184 3.863248e-07 7.430503e-07 0.96921676 3.942391e-05 7.716741e-15 8.3852385e-05 1.8670843e-06 3.0445848e-05 4.718001e-05 0.0007914385 2.9403066e-06 0.024126828 1.9331068e-05 5.2562784e-05 0.98914903 6.2509293e-06 0.47331908 1.1085685e-07 6.369119e-08 1.6884157e-07 6.7519875e-07 4.0818787e-07 2.0984297e-09 7.203035e-06 4.6819503e-07 3.2263753e-05 1.7124426e-06 1.885727e-06 2.1971305e-06 0.00047454212 3.400949e-07 0.04515106 0.0007449078 0.03646301 7.464492e-06 3.1307404e-06 0.00043903152 1.1462147e-06 7.749317e-07 2.8567218e-08 0.00019973284 5.0503982e-05 0.0013125811 3.120849e-08 0.00031224632 9.176248e-06 1.1419294e-07 0.00065903226 9.986155e-06 9.714841e-08 0.00014924728 0.0005731965 1.8995781e-08 0.00054730475 0.0002167914 1.1544803e-07 0.0614219 1.0624907e-05 5.1407706e-06 0.067522824 2.0037978e-06 8.489357e-07 0.00010473584 4.3174964e-10 2.9899827e-05 1.1164877e-07 1.7747875e-06 9.64215e-05 0.00046318176 9.621513e-08 1.8282967e-06 4.291324e-06 2.139598e-06 1.999646e-06 0.0001720362 4.4734531e-07 1.3714193e-06 3.3409326e-06 5.067929e-06
0.9943022 0.00035536804 0.00060000824 0.0039620586 0.0052027158 0.11534983 0.003729025 0.00026587662 4.152974e-05 2.1036716e-05 7.9321806e-05 0.036949627 4.747637e-05 0.00014840097 0.00013705553 4.1601685e-05 0.00036389768 0.8880166 5.208e-06 2.9112174e-05 8.272571e-06 0.022385044 1.1369753e-05 4.1340376e-05 0.0026293425 0.613574 8.3852385e-05 4.2527407e-14 4.1850208e-06 0.9192296 1.1346519e-05 0.047260206 1.5927294e-06 0.14761852 0.6847107 0.3209501 0.00011752117 0.7506584 0.0018069051 5.2323867e-07 2.4472814e-07 3.3146548e-06 3.139957e-07 9.294398e-06 1.9407189e-07 0.0076818783 2.3617176e-06 0.023488248 0.25681555 0.54438096 0.32660338 0.060566906 0.00012109927 8.122617e-07 0.0023239688 2.538434e-07 0.15292244 0.00011933545 0.70372295 0.015423395 0.011422885 0.00014264029 0.35045886 0.005500207 7.39032e-05 0.0067502344 0.15825233 0.11666036 2.1054025e-06 0.14969584 0.11269288 1.2092142e-06 0.0004737334 0.09320733 1.1971575e-07 7.1502416e-07 2.0459663e-07 0.0005179171 2.0829259e-05 9.969303e-06 0.024032963 7.580045e-06 0.016333163 3.564081e-06 0.050733432 4.014475e-06 0.012207847 7.235034e-08 0.013891346 2.8041195e-06 0.21764724 0.0051289136 0.0022477414 0.011450451 4.7792685e-07 8.436613e-07 0.0002618677 0.0003012145 0.0012048574 1.2882666e-06 0.0006032413
0.94633174 0.00020587012 0.00010921538 2.7144462e-05 1.4732179e-06 4.0079412e-06 0.015252361 2.0034682e-05 0.008118037 0.025848398 0.033355355 1.453424e-06 2.788983e-05 5.7306524e-06 2.0925834e-06 3.9960264e-06 1.1599537e-06 0.00016465463 0.20931838 0.0018610278 0.88810337 7.6718614e-08 0.73809296 0.93012416 3.5141042e-07 1.502142e-07 1.8670843e-06 4.1850208e-06 4.264724e-17 1.5982977e-07 0.006527591 0.019102326 0.15976395 7.923156e-08 4.4797734e-08 2.6033692e-07 5.640892e-06 7.9789615e-09 8.4724127e-07 0.88943714 0.9119573 0.6366151 0.11993001 0.8271475 0.067990385 0.15914595 0.28512734 0.2186137 1.5370993e-08 1.2492956e-06 2.5552674e-06 3.0087136e-08 0.007398804 2.2171169e-05 5.137646e-07 2.6952517e-07 1.3292563e-05 0.19693325 0.0004239721 4.676602e-08 1.9054485e-09 0.0049687764 0.00022082176 0.043757323 4.3635726e-08 1.101784e-09 0.00024294795 1.07205416e-07 0.75701994 0.07978131 3.890642e-07 0.6458771 1.4296747e-07 0.009215639 0.4979109 1.3222311e-06 4.234203e-06 0.00013711108 4.995362e-06 0.00023800865 4.4250984e-07 8.438388e-08 9.001188e-07 0.0062212264 8.3094804e-08 5.0559207e-05 0.012388184 0.004415747 1.8128069e-09 4.1551288e-05 0.0065817214 5.5584843e-09 2.2135412e-08 0.0032575764 0.33370045 0.05116374 1.444341e-07 3.4583085e-08 1.0636382e-07 0.00025091824 0.16359115
0.96776605 2.9405128e-05 4.2471427e-05 0.00025529537 0.00021073752 0.04155472 0.00067699613 1.9428691e-05 2.1846336e-06 1.4011702e-06 8.8052286e-07 0.0059306175 2.8884394e-06 2.2575836e-05 3.831829e-05 5.340705e-06 4.8518792e-05 0.58292735 1.6356464e-07 8.086318e-06 4.59858e-07 0.0127458405 8.001364e-07 3.7217872e-06 0.0016776379 0.9547649 3.0445848e-05 0.9192296 1.5982977e-07 1.0173335e-12 1.0485672e-05 0.0014163955 1.8946934e-06 0.13450417 0.6362047 0.5253831 0.0002191587 0.8534309 0.0009784619 2.8203547e-07 5.0825363e-08 1.4375799e-07 1.880065e-06 5.3400477e-06 6.444193e-09 0.00013210552 3.0244342e-07 0.0005863746 0.6449982 0.26633862 0.076107636 0.093968466 1.4008722e-06 1.7663868e-06 0.0045232796 8.1809617e-07 0.02670969 7.5507164e-06 0.10475897 0.077596575 0.03459242 2.9037765e-06 0.0720358 0.00028299182 0.00014521384 0.00609791 0.047469445 0.30131304 5.630114e-07 0.006999344 0.2880694 6.3870965e-07 0.0017729421 0.008114749 3.4254697e-07 8.7905204e-07 7.3511035e-07 6.143641e-05 8.575476e-06 1.52003295e-05 0.12946862 1.0676317e-06 0.006092452 1.7067491e-06 0.22329879 1.4037026e-07 0.00042266631 8.231773e-08 0.06664244 3.0643874e-05 0.046871196 0.022102501 0.007453403 0.0019467697 6.2081693e-07 9.352576e-06 0.0003714853 0.0014171245 0.018840587 1.6805033e-06 3.4728826e-05
0.16821264 0.0012059839 0.0010467364 0.00030775153 0.00010439967 7.8439254e-05 0.017629992 0.00026986044 0.26982373 0.4782201 0.20169918 4.1087433e-06 0.0009678038 0.00021633168 4.8400343e-05 0.00016791897 4.0755618e-05 0.00013574924 0.69864285 0.98277676 0.21101555 2.2062327e-06 0.00046596944 0.0008273842 1.3438905e-05 1.0690688e-05 4.718001e-05 1.1346519e-05 0.006527591 1.0485672e-05 1.4439776e-14 0.008673555 0.97825444 2.4409521e-06 4.718971e-06 2.3518708e-06 0.0001455563 8.3207607e-07 1.5515865e-05 0.004998343 0.0005429084 0.00032246852 0.890477 0.12566638 1.1948433e-05 0.000106403146 0.65730876 0.00019327096 1.2370757e-06 4.33643e-06 5.4497787e-07 4.93437e-07 5.649328e-06 0.19420028 6.559595e-06 0.00010499707 4.6912314e-06 0.66155475 0.0005040847 1.9133679e-05 9.038451e-07 2.8825559e-08 1.16993415e-05 0.00044188005 1.3427574e-06 4.7905736e-08 1.0414515e-05 1.2765486e-05 8.157668e-05 0.0021991534 1.5592585e-05 0.00949303 9.072079e-07 0.00019078716 0.000342012 3.51504e-05 0.001986959 1.0089411e-06 1.982442e-05 6.6809316e-06 3.6272588e-05 3.869796e-06 8.436919e-07 0.08377294 3.818384e-06 1.2403916e-08 1.4090126e-05 2.0477298e-08 1.2856479e-07 0.026470937 0.00018319009 9.69276e-08 8.1314326e-08 5.00944e-06 4.2369036e-05 1.4111777e-05 3.0844387e-07 7.3025617e-09 7.6840047e-07 0.0018358615 0.0036021532
