1.2184276e-19 0.013496621 0.12768982 0.056775592 0.0004221364 0.09880702 0.0006523667 0.015984861 0.6305877 0.0003701563 0.9264663 0.9800105 0.94653624 3.1521114e-07 0.13073364 0.00027533626 0.000178019 0.009263967 1.2789052e-07 0.72490835 0.91063106 0.51729983 0.4918886 0.9843285 0.028090643 0.70256305 0.14023764 0.37381235 0.665653 0.8701573 0.98142767 0.9280355 0.9347744 0.07485844 0.82616514 0.94077253 0.40466657 0.98275363 0.06507123 0.079267524 0.18599431 0.9683593 0.9664266 0.014018226 0.7134861 0.93751675 0.8416663 0.8940834 0.45211244 0.86079437 0.86659116 0.9647523 0.8409422 0.92676157 0.0023839292 0.024508815 0.9823798 0.96100754 0.9117803 0.97997326 0.99530643 0.9231394 0.9488841 0.9810611 0.96356004 0.48226437 0.87651587 0.895244 0.9553017 0.9328937 0.88862824 0.86943793 0.87808275 0.8159888 0.9898601 0.2324058 0.9907579 0.97763175 0.3567826 0.9108049 0.76631945 0.99951196 0.96602637 0.997952 0.25747865 0.91218907 0.9947112 0.45424673 0.9998955 0.9965925 0.99700135 0.083553426 0.99761206 0.99967057 0.81653816 0.99076873 0.62173694 0.7322654 0.99831367 0.9989559 0.120303564
0.013496621 2.1686467e-11 0.9853436 0.7942782 0.8389606 0.75376385 0.6879245 0.39826456 0.05653068 0.13668667 0.112640545 0.07982494 0.028085312 0.0033546265 0.0007318905 0.005790617 0.0015363756 0.00038811125 0.15049186 0.03447828 0.00031159664 0.00018827226 0.005286086 0.13594697 0.001391815 0.0009592353 3.4973113e-05 2.0988742e-05 0.0017437075 0.0014243686 0.075200304 0.0033498853 0.00037923982 0.00043255131 0.00017845414 1.528814e-05 6.2089835e-06 0.00066260016 1.7981321e-05 1.6345042e-06 1.019548e-06 0.002269779 0.000114429466 2.5648933e-05 5.7399725e-06 8.703325e-05 5.364101e-07 2.7093936e-06 3.0735657e-05 4.7404722e-08 1.1443688e-06 2.6730328e-05 2.8160784e-07 6.856083e-06 4.9423015e-05 3.8284608e-07 7.957987e-05 3.3866002e-06 5.5732784e-07 4.9122773e-06 1.2680472e-06 1.1963068e-06 1.43859215e-05 6.601318e-07 1.091286e-05 8.270126e-06 1.0738688e-06 6.8374616e-06 6.125814e-07 8.4298415e-07 9.593892e-07 1.5795988e-05 7.543839e-07 1.9155079e-05 1.0737312e-05 5.3605135e-08 5.471967e-06 2.9322812e-06 1.3158452e-05 2.1780975e-06 9.5222293e-07 0.0015630081 2.2729912e-05 2.0087142e-05 1.5151714e-07 1.313673e-06 3.6864185e-05 4.4220888e-06 3.773933e-05 2.255062e-05 0.0012904382 2.1980672e-06 1.0005946e-05 4.515168e-06 4.4260673e-06 6.47956e-07 2.9582907e-06 1.5885669e-06 4.9551477e-07 6.449263e-06 6.004255e-07
0.12768982 0.9853436 1.0544834e-15 0.9266652 0.17625372 0.8584167 0.13652647 0.25362024 0.6402667 0.038246013 0.8654702 0.34364125 0.12449469 4.9198556e-05 0.00064784515 0.0006304854 0.00015836101 0.00014732222 0.00089425733 0.06311784 0.0011089657 0.00041619918 0.07283994 0.6173999 0.00019739213 0.029747302 0.00011080713 1.9109462e-05 0.024746107 0.03560623 0.5203381 0.03275931 0.00084612065 0.0003881727 0.0031639147 0.0008718046 0.0001475002 0.014631915 3.680573e-05 3.1671098e-06 3.0771523e-07 0.015912857 0.00037068216 8.7624185e-06 3.217161e-05 0.0005551641 1.2766022e-05 4.72355e-06 2.4820697e-06 2.0478314e-08 3.2838207e-06 0.0029904903 5.298115e-07 0.0014274826 1.6804601e-06 9.804116e-08 0.00044245523 0.001206702 1.4398934e-05 2.04895e-05 2.4302615e-05 6.2837366e-06 0.00014884927 3.6017645e-05 0.00042749298 3.1392716e-07 1.1735833e-06 4.946479e-05 1.0408409e-05 1.7635524e-06 9.983852e-06 1.3481748e-06 1.2387987e-05 4.5494846e-05 7.963693e-06 1.7088583e-08 7.445502e-06 2.1594959e-05 2.0366579e-06 1.5362449e-06 3.3013154e-07 0.0028620656 4.8630272e-06 0.00022466657 1.2299697e-07 6.990708e-06 5.811581e-05 4.976651e-06 0.00024423818 0.00019324978 0.0022676492 2.7101032e-07 2.1552999e-06 2.3913908e-05 2.6361226e-07 6.685696e-07 1.3478868e-06 9.725872e-08 2.4562885e-05 0.0002814794 1.3995589e-07
0.056775592 0.7942782 0.9266652 1.039593e-16 0.06511926 0.11216055 0.014399093 0.9702559 0.9635878 0.23683248 0.58747405 0.6132728 0.68462336 3.778114e-05 0.4915286 0.00068535673 0.00024239437 0.12543851 0.0017983973 0.0013556889 0.04532816 0.10507576 0.02850379 0.022598948 6.728501e-05 0.03919525 0.016176688 0.007572914 0.0033913804 0.0019261454 0.057039525 0.013556379 6.704065e-05 1.3458317e-06 0.00044244324 0.007057975 1.1231132e-05 0.003042836 3.7787747e-06 0.00020995697 4.022261e-05 0.0038747021 0.0001189295 1.3371041e-06 2.3141954e-05 0.00019992779 2.7603744e-06 1.4326919e-06 9.838726e-06 4.570426e-06 2.4367284e-06 0.0053889696 7.4811182e-06 0.0018332974 1.0565226e-06 1.014741e-07 0.00055498705 0.0010963151 0.00020136907 4.1406547e-05 6.290512e-06 6.895414e-06 0.00011344631 0.00014132903 0.00050939526 3.667395e-07 3.2223226e-05 6.147779e-05 1.6133316e-05 2.1511314e-06 2.0470504e-06 1.0284803e-05 5.265266e-06 1.9860032e-05 1.0574364e-05 3.391996e-07 1.1100963e-05 6.688075e-05 3.2483933e-06 3.7224882e-07 2.788246e-09 0.0002338086 5.2701944e-06 0.00011780766 2.5138359e-08 1.1921697e-05 3.826464e-05 1.3708924e-06 0.0001253794 9.0975336e-05 0.0013731511 7.492642e-08 1.1691678e-05 2.7704964e-06 1.1315931e-06 2.0565406e-06 1.8052618e-06 5.178551e-08 1.860599e-05 0.00012648334 9.010707e-08
0.0004221364 0.8389606 0.17625372 0.06511926 2.1516641e-14 0.6378455 0.95721096 0.0022422778 0.002555455 0.010110623 0.051224828 0.0061393543 0.00031549192 0.029253498 2.4808107e-06 0.03805195 0.0100596575 3.2399655e-06 0.37904304 0.0068922 8.5949085e-07 2.4625015e-07 0.0034357677 0.15289722 0.0016267577 0.00019968541 1.9864642e-06 1.19122056e-07 0.0005294655 0.0017369092 0.034520634 3.8109687e-05 4.4762313e-05 6.954603e-05 7.1800554e-05 2.7071817e-07 2.2654753e-07 3.5995683e-06 1.5307185e-06 7.185237e-08 1.6716312e-07 9.7810125e-06 9.18643e-06 3.8675453e-06 8.742265e-07 1.2454414e-06 4.0874706e-08 6.06098e-07 3.049545e-07 7.657223e-09 5.673931e-07 9.727657e-07 4.918889e-07 7.160409e-07 8.308641e-06 1.06785826e-07 1.5945274e-06 3.6567397e-07 6.828849e-07 4.64174e-06 8.922268e-07 5.1005117e-08 1.0213366e-06 1.3045846e-07 2.0081118e-06 1.2495291e-06 3.843773e-08 1.651141e-06 1.71156e-07 8.1246156e-07 1.2872135e-07 4.1125833e-07 2.025467e-07 4.0604507e-07 1.3584608e-06 6.017052e-08 1.7519591e-06 8.367248e-07 7.2889698e-06 1.3961542e-07 7.143651e-05 0.0016784909 2.864647e-06 8.462355e-06 7.7334334e-08 7.331664e-06 8.484158e-06 2.7356978e-06 8.043662e-06 1.6045547e-05 0.00043620836 1.7766138e-07 3.1678014e-06 1.9848585e-06 2.6072364e-06 2.1190115e-06 1.951386e-06 2.717124e-07 8.882219e-06 3.9799993e-06 1.747906e-07
0.09880702 0.75376385 0.8584167 0.11216055 0.6378455 9.466357e-14 0.92096275 0.0008770692 0.027534304 0.0007247427 0.6565453 0.009965317 0.00094642834 0.00032521473 1.5792386e-05 0.17117305 0.1206448 8.102957e-07 0.013694239 0.91783893 2.0034226e-05 1.0860456e-06 0.057406675 0.9401473 0.55100906 0.0060884147 1.0535272e-06 1.0723384e-07 0.04004119 0.19681564 0.3293335 0.010048569 0.013068442 0.0069607086 0.010281734 3.9091865e-05 0.00064199243 0.014396244 0.00087844575 2.808598e-09 5.403759e-09 0.063512996 0.001926229 0.00021769221 0.0001690089 0.0033051162 7.7466655e-05 1.5173101e-05 6.2455336e-05 1.978782e-08 5.920784e-06 0.00011392803 8.565847e-08 0.00024544116 2.8393135e-05 1.4357652e-06 2.1308591e-07 0.0003689035 1.2949434e-07 7.917677e-05 5.1502244e-05 8.119377e-06 4.0545652e-05 5.672637e-07 0.00015776334 3.1120935e-06 3.0884876e-06 8.225179e-05 2.1003707e-06 8.061871e-06 2.4441247e-06 9.561718e-06 3.5429075e-06 8.08947e-05 2.5524945e-05 1.1572979e-07 2.8395243e-07 1.0631378e-06 4.419344e-06 1.5961552e-06 2.621949e-07 0.015325912 1.5218388e-05 0.00017410278 3.1900413e-08 5.0757382e-05 3.43628e-05 4.001201e-06 4.861353e-06 1.6319958e-05 0.0013385848 1.14952556e-07 5.6331668e-08 1.2518531e-05 5.62406e-07 9.358634e-08 5.1908756e-07 1.7339762e-07 8.061667e-07 4.6239325e-05 3.0928263e-08
0.0006523667 0.6879245 0.13652647 0.014399093 0.95721096 0.92096275 6.4773588e-15 0.00029305145 0.0010358032 0.0039908607 0.07693706 0.0010255191 0.00016836042 0.03523061 7.3312794e-06 0.22105363 0.1272929 3.426455e-06 0.48524716 0.15267023 9.72145e-06 6.99119e-07 0.004582918 0.20263441 0.052981433 0.0006184456 1.571215e-05 5.2593887e-08 0.0014943193 0.008389366 0.031113379 0.0002660037 0.00058873306 0.0015099411 0.00030778148 1.3207408e-05 1.4060916e-05 0.00016454476 6.7842746e-05 1.553901e-07 4.306603e-08 0.0005810191 0.0002533782 7.3402734e-05 6.572874e-05 0.000106036954 2.9588805e-06 5.4254688e-05 2.0307783e-05 8.341541e-08 2.2915223e-05 5.335133e-05 2.504554e-06 5.703612e-05 4.140947e-05 2.082734e-06 1.8984003e-05 4.4252127e-05 2.7928585e-05 4.3518805e-05 2.907275e-05 9.420034e-06 0.00012878393 2.1929102e-06 0.0011989085 2.6333362e-05 7.7549663e-07 8.70413e-05 2.961133e-06 0.00020142627 1.1347979e-05 1.7532351e-05 2.4319597e-06 4.6874724e-05 7.8948164e-05 5.075019e-08 1.4286458e-05 6.4635537e-06 1.0789004e-05 4.281807e-06 2.0696e-05 0.00537895 2.4203484e-05 0.0005531648 4.442555e-08 6.7459776e-05 0.0001366233 5.6421886e-06 0.00025219138 0.00014607486 0.00092766876 2.2015674e-07 1.4266879e-05 2.867136e-05 1.9649182e-05 1.668968e-05 1.1666167e-06 1.1965897e-06 4.0058763e-05 7.377757e-05 2.9081926e-07
0.015984861 0.39826456 0.25362024 0.9702559 0.0022422778 0.0008770692 0.00029305145 6.343648e-15 0.19518124 0.9899602 0.021206034 0.1927929 0.2654992 2.359834e-05 0.27288213 5.576195e-06 2.4222613e-06 0.2600308 3.2773587e-05 0.00013091468 0.007613357 0.049438834 0.0008417656 0.0007601147 9.2703285e-06 0.0032870325 0.010553893 0.0028270413 0.0003095388 4.141713e-05 0.004735977 0.0014358817 1.2257356e-05 3.944973e-06 1.882271e-05 0.0006435169 1.3548725e-05 5.1240677e-05 4.9306614e-06 0.0009602251 0.00010499256 0.00075264525 6.154349e-05 5.327979e-07 5.1354767e-05 1.1458502e-05 2.0771522e-06 1.8615772e-05 7.431e-05 2.1938335e-05 2.8169949e-05 0.0006433559 3.127859e-05 0.00022348162 5.6149656e-07 8.0977816e-07 0.00039147344 3.868012e-05 0.00010799375 4.8937534e-05 8.813836e-06 1.0492484e-05 5.788046e-05 4.29899e-05 6.062848e-05 2.0703096e-06 9.140913e-05 3.6082452e-05 1.1606193e-05 8.232653e-06 1.1121669e-05 2.5390542e-05 5.6583494e-06 0.00017089288 5.7575053e-06 1.626756e-07 5.4746133e-06 1.3040834e-05 4.609935e-07 5.044429e-07 1.8921506e-08 0.00011841602 5.7643374e-05 3.909951e-05 6.357188e-08 1.6094466e-05 0.00010710123 4.1644435e-05 8.4583415e-05 5.797482e-05 0.00086043123 1.0720029e-07 1.6156273e-05 5.5997866e-06 5.8733694e-06 2.538071e-07 9.0908425e-06 1.7785813e-06 9.5122814e-05 7.235824e-05 2.7299249e-08
0.6305877 0.05653068 0.6402667 0.9635878 0.002555455 0.027534304 0.0010358032 0.19518124 3.551111e-17 0.011443913 0.87545156 0.96899074 0.8438114 1.2674305e-06 0.19521928 9.41455e-05 2.1230642e-05 0.0061867945 2.3435943e-05 0.0021232953 0.27204978 0.14201014 0.10596991 0.06239591 3.095413e-05 0.22255176 0.0049786023 0.005971019 0.020408412 0.013053172 0.38213876 0.11771858 0.00017604823 3.8387943e-06 0.0025063246 0.04881159 0.0009736853 0.020944912 2.2763146e-05 8.802483e-05 4.5048023e-06 0.0190923 0.00022657229 2.778821e-06 2.2667655e-05 0.00047320558 1.2028775e-05 3.4902891e-06 2.0527198e-06 1.7860517e-06 1.087423e-06 0.0515198 2.245433e-05 0.02157782 2.3351834e-07 1.0410026e-07 0.002219965 0.0064748414 0.00086618616 2.4983442e-06 2.331992e-05 3.1253452e-07 0.0007540409 0.0014610518 0.0015159094 2.0906613e-07 1.7394737e-05 7.284866e-05 1.1340482e-05 1.831657e-07 7.4330046e-07 7.0648025e-07 2.118181e-06 3.0825965e-06 5.2929835e-07 1.0555381e-07 3.7206164e-06 0.00020059985 2.4305743e-07 4.8398004e-08 2.929194e-09 0.0008486691 3.832413e-07 0.00058868475 1.4351874e-08 7.61702e-07 1.3506013e-05 8.969935e-07 0.0005026714 9.204974e-05 0.0021896253 3.3012945e-08 1.8201306e-06 4.8057245e-06 2.4751614e-07 4.0807244e-08 1.8888235e-07 2.60701e-08 8.17778e-05 0.00042508345 2.218114e-08
0.0003701563 0.13668667 0.038246013 0.23683248 0.010110623 0.0007247427 0.0039908607 0.9899602 0.011443913 2.2334499e-14 0.0006245799 0.011697412 0.02001199 0.00013682841 0.14119755 5.449883e-05 1.0828183e-05 0.9898929 0.0066259354 7.904693e-05 0.0025366074 0.026284445 2.4528566e-05 8.65639e-05 1.45270415e-05 3.1846994e-05 0.025800182 0.005798364 7.555017e-06 4.29195e-06 8.530455e-05 8.895446e-05 6.4522524e-06 7.587364e-06 1.629272e-06 3.9885814e-05 1.150984e-06 1.7857834e-05 5.7185757e-06 0.004630667 0.00033474262 6.0444087e-05 1.954322e-05 5.965682e-07 5.5232686e-06 7.720516e-06 2.0468767e-06 3.0644937e-06 0.0002528011 1.2331715e-05 4.0934217e-05 2.3350296e-05 3.0652172e-05 1.4672709e-05 1.3452678e-05 1.1137265e-06 3.9297785e-05 1.8519345e-06 8.233171e-06 2.4086921e-05 6.696241e-06 3.70805e-05 1.6520396e-05 4.6107593e-06 1.4879144e-05 2.6006858e-06 1.7427563e-05 6.585205e-06 3.1403752e-06 6.339728e-06 9.114064e-06 4.0837323e-05 3.938062e-07 2.4510666e-06 5.521878e-06 9.1679385e-06 5.4421257e-06 9.073174e-06 3.35116e-06 3.5923601e-06 1.9012748e-06 3.727028e-05 1.2054117e-05 1.2211572e-05 6.2403893e-07 7.7159375e-06 3.2837816e-05 4.678741e-05 4.193115e-06 1.097472e-05 0.0003514597 6.76167e-08 1.7549892e-06 9.962257e-07 1.3985335e-06 4.453661e-08 3.0872598e-06 3.3606443e-07 3.4800587e-06 8.310431e-06 7.836302e-08
0.9264663 0.112640545 0.8654702 0.58747405 0.051224828 0.6565453 0.07693706 0.021206034 0.87545156 0.0006245799 3.18402e-14 0.3774829 0.19157675 1.2135806e-05 0.008174401 0.0076134554 0.0034523383 5.3117084e-05 6.9150745e-05 0.32869714 0.017008593 0.004479093 0.932016 0.7164746 0.037554085 0.8365899 0.00017375792 0.00020703097 0.5656648 0.68795496 0.81711143 0.3252314 0.014574425 0.005233422 0.039209854 0.011879133 0.0057133245 0.16301881 0.002539173 2.2782638e-08 7.361539e-08 0.29943818 0.0038195483 0.0005654269 0.0006092632 0.006850016 0.0005762593 0.00015398975 0.00036504804 7.104141e-08 3.2948017e-05 0.02887755 3.1804137e-07 0.025279425 3.825866e-05 2.5319969e-06 0.0009389069 0.020426475 2.4604147e-05 5.2723284e-05 0.00035312562 3.543698e-06 0.0019923327 0.00020296042 0.0015463905 8.226743e-06 2.3742987e-06 0.00039110676 4.9161667e-06 1.5387031e-05 1.8476856e-05 1.293244e-05 1.9583772e-06 7.807765e-05 1.886309e-05 6.925637e-08 6.480975e-07 2.358039e-05 1.9774776e-05 6.164111e-07 1.9323908e-08 0.027624283 5.6535055e-06 0.0004947418 2.650495e-08 7.617323e-06 0.00017583396 6.0918123e-06 0.00035211828 3.562482e-05 0.038081832 1.4879795e-07 5.7096304e-07 2.3175435e-05 1.2688602e-06 2.139744e-07 7.2475996e-07 7.007725e-07 3.7198093e-05 0.0004741072 7.260538e-08
0.9800105 0.07982494 0.34364125 0.6132728 0.0061393543 0.009965317 0.0010255191 0.1927929 0.96899074 0.011697412 0.3774829 1.5333984e-15 0.97174776 1.440398e-06 0.50171643 1.85775e-05 5.5596597e-06 0.03905046 9.24075e-06 0.0046881684 0.31283563 0.14852332 0.05028648 0.043197144 0.00020248232 0.19107197 0.058677226 0.083499976 0.034280024 0.020481696 0.5078498 0.40746465 0.001357506 2.9480887e-05 0.006613644 0.6056923 0.003311096 0.07641204 6.676178e-05 0.0011253352 0.00018318433 0.03569288 0.0004276312 4.116146e-05 7.71141e-05 0.001361685 9.968834e-05 9.613444e-06 3.000878e-05 0.0006400918 1.3623901e-07 0.38877222 0.00042654495 0.17494209 1.5680484e-06 1.0648932e-06 0.17311229 0.05865307 0.058117993 8.666625e-05 0.00017586465 2.8800683e-05 0.010480119 0.022908285 0.010094966 2.5155703e-06 0.0017243304 0.00242063 0.0019482231 1.5583233e-05 1.7845407e-05 1.2465528e-05 0.0017379348 8.062555e-06 4.5756573e-05 0.00012529286 0.0065787025 0.023001144 1.0507184e-05 2.0771988e-07 4.0695527e-09 0.009646676 4.4881827e-07 0.010082887 1.15492966e-07 0.0002222896 0.0013633638 2.286774e-05 0.018657353 0.0019999663 0.053264465 5.7417924e-07 0.00050263235 0.0004719556 1.504415e-06 3.9174523e-07 4.9577284e-07 6.466005e-07 0.0029908041 0.0043551754 8.317107e-08
0.94653624 0.028085312 0.12449469 0.68462336 0.00031549192 0.00094642834 0.00016836042 0.2654992 0.8438114 0.02001199 0.19157675 0.97174776 6.187432e-17 8.594154e-07 0.925082 6.7778905e-07 3.079507e-07 0.25827852 1.2849023e-06 0.00037738233 0.9558313 0.7478233 0.008939334 0.0042447355 2.2403505e-05 0.094423965 0.25704685 0.368159 0.0040143975 0.0016371565 0.088285506 0.14199011 1.4318088e-05 3.8522293e-07 0.00063493307 0.62613225 0.00029502052 0.012108727 5.405239e-07 0.0021973234 0.00032442046 0.003142083 9.011069e-06 1.413747e-06 1.4973378e-07 6.9125694e-05 1.5234129e-05 6.68853e-08 5.6126635e-07 0.0032559005 7.684778e-08 0.25076953 0.0025251114 0.0875178 8.3707994e-07 5.590942e-07 0.21556908 0.01808393 0.16458684 9.203197e-06 6.043373e-06 1.1062857e-06 0.0013070212 0.017416956 0.0024695029 9.2579194e-07 0.00050934154 0.00055648346 0.0016000457 3.263442e-07 8.265997e-07 9.2279146e-07 0.0010344285 6.3724826e-07 4.078163e-07 6.759656e-05 0.0040962086 0.015380065 2.3172406e-05 2.1042181e-08 1.7364245e-08 0.0023247537 1.2662278e-07 0.004134902 8.9868664e-08 6.5051227e-06 0.00021167171 0.00012136496 0.0059631662 0.0021927776 0.0052870438 4.3946417e-07 0.0003881046 3.347616e-05 2.559493e-07 2.1229756e-08 2.6329218e-07 9.627626e-08 0.0032823526 0.0029022058 2.4014382e-08
3.1521114e-07 0.0033546265 4.9198556e-05 3.778114e-05 0.029253498 0.00032521473 0.03523061 2.359834e-05 1.2674305e-06 0.00013682841 1.2135806e-05 1.440398e-06 8.594154e-07 1.1404166e-22 4.2978066e-08 0.006035371 0.0010231681 6.760441e-09 0.9191603 9.616134e-05 6.1615516e-08 4.9648655e-08 2.573433e-06 2.726778e-05 8.091259e-05 3.3144826e-07 3.1053634e-08 7.241339e-09 1.4316721e-07 2.2264186e-07 3.590546e-07 6.8274524e-08 1.3201931e-05 1.619291e-05 5.789581e-07 3.5594883e-08 3.0757835e-08 1.3144128e-07 6.9009197e-06 5.587461e-09 1.1632181e-10 5.007828e-07 4.132969e-07 1.9484069e-06 7.798887e-07 8.6737636e-08 8.947443e-08 9.175975e-08 4.3013105e-07 2.7729663e-09 2.3302579e-07 2.9140784e-07 2.5169629e-09 2.1617946e-06 8.498605e-06 3.0108362e-09 7.4544715e-07 1.091375e-06 1.4452421e-07 9.352905e-08 1.292403e-07 3.711085e-07 2.5877637e-06 3.2888053e-07 5.5049713e-07 7.147825e-08 9.685534e-08 3.3663414e-07 1.5890107e-08 6.637275e-07 7.016315e-08 3.6025358e-06 1.3261774e-08 2.9514991e-08 4.536738e-07 7.923676e-10 1.1425852e-07 2.8163927e-07 6.0622807e-07 3.247238e-08 2.0766075e-08 0.00013414377 3.3807413e-07 3.5258537e-07 3.521283e-11 4.2675792e-06 5.06263e-06 5.215776e-07 4.7072953e-07 3.895719e-08 5.0803923e-05 1.4910493e-09 8.008249e-09 2.0477034e-07 1.2454763e-07 1.3629743e-08 3.0033984e-08 9.863099e-09 2.9869286e-06 6.25601e-06 9.418524e-10
0.13073364 0.0007318905 0.00064784515 0.4915286 2.4808107e-06 1.5792386e-05 7.3312794e-06 0.27288213 0.19521928 0.14119755 0.008174401 0.50171643 0.925082 4.2978066e-08 4.2642704e-16 2.1051764e-07 6.123358e-08 0.97459835 5.129649e-06 1.9094836e-05 0.35852417 0.8910529 0.0003135602 0.00016251487 2.1003434e-07 0.005813868 0.905835 0.56512004 0.00015997456 5.596562e-06 0.005122693 0.0018021907 2.061898e-06 3.5275305e-06 3.843916e-06 0.031159637 2.8555369e-06 2.899475e-05 1.3541273e-05 0.17524199 0.061738595 0.00029947786 5.1099014e-05 2.4505407e-06 1.8336286e-05 1.8028566e-06 5.2107794e-07 5.354117e-06 0.00018478399 0.027980465 0.000123549 0.0010175854 0.03606211 0.00013667296 1.5945319e-06 1.1363023e-05 0.077145964 1.7261558e-05 0.029505668 2.2388875e-05 1.1949567e-06 1.4789552e-05 8.0254795e-06 0.0004368024 2.1228678e-05 3.3053162e-05 0.0013545575 4.7416306e-06 0.0014890423 1.4111002e-06 3.790368e-06 0.0001655035 0.00032368925 4.0719815e-06 8.138482e-07 2.5832032e-05 0.00048120678 0.00047528784 0.00010705927 4.019569e-05 1.2093152e-05 4.0693558e-05 4.0214186e-06 4.2861193e-05 4.610237e-06 3.761393e-07 6.5851796e-06 1.2190615e-05 0.00016823779 0.000631488 0.000350784 8.925911e-07 3.444555e-05 8.924992e-07 1.4414596e-07 2.6243269e-08 1.713234e-05 4.7376503e-07 0.0017057715 0.00025761366 1.0944314e-07
0.00027533626 0.005790617 0.0006304854 0.00068535673 0.03805195 0.17117305 0.22105363 5.576195e-06 9.41455e-05 5.449883e-05 0.0076134554 1.85775e-05 6.7778905e-07 0.006035371 2.1051764e-07 1.2295139e-16 0.9937232 2.839344e-08 0.0016950694 0.23193423 2.5745143e-07 7.271085e-08 0.00024062804 0.053352684 0.8636938 3.703401e-06 3.65358e-08 1.0753185e-07 0.00024238466 0.0019271191 0.0012540203 6.246216e-06 0.012010566 0.0019627628 0.00053251063 4.0337576e-07 4.0589493e-05 7.4444266e-05 0.0010754811 3.5612724e-09 3.6887335e-10 0.0015644323 0.0005237591 9.4103234e-05 1.6303826e-05 4.0805597e-05 2.1698334e-06 3.651678e-06 2.1445736e-05 1.1046057e-09 2.9584376e-06 2.1969795e-06 2.2186928e-09 1.8764227e-05 2.0179325e-05 1.4239066e-07 4.0938545e-07 2.6516494e-05 1.0101373e-07 7.2850294e-06 5.1419916e-06 9.249562e-07 5.3470063e-05 2.123472e-06 0.00015634538 1.2491299e-06 6.51536e-08 7.155618e-05 1.5744295e-07 1.8430544e-06 3.3167564e-07 1.7600794e-06 1.04016905e-07 8.840236e-06 2.0565985e-05 7.45322e-11 5.5781123e-07 2.3289326e-06 4.3209675e-07 1.6148724e-07 5.5170597e-07 0.12176178 2.6304986e-06 0.00022552868 2.007604e-10 4.042284e-05 0.00012769207 5.257125e-07 2.9507159e-05 1.0950506e-05 0.02578315 1.4369514e-08 1.832153e-07 9.994759e-06 3.1540026e-07 1.2687033e-07 4.05218e-07 2.3224631e-08 1.5042901e-06 7.472445e-05 1.6760554e-08
0.000178019 0.0015363756 0.00015836101 0.00024239437 0.0100596575 0.1206448 0.1272929 2.4222613e-06 2.1230642e-05 1.0828183e-05 0.0034523383 5.5596597e-06 3.079507e-07 0.0010231681 6.123358e-08 0.9937232 1.5459776e-17 7.621685e-09 0.00014383707 0.20124201 7.03097e-08 2.3667521e-08 0.00017753274 0.04050416 0.90633047 1.4443843e-06 4.4308663e-09 1.7857653e-08 0.00016336721 0.0015199388 0.000832554 1.7179862e-06 0.010213758 0.0027062343 0.00050678686 3.9494014e-07 5.68799e-05 5.149286e-05 0.0011341982 4.7444837e-10 5.7467607e-11 0.0011532821 0.00042665846 0.00012357657 1.7708086e-05 2.9171677e-05 1.6091097e-06 4.4191543e-06 4.5721587e-05 3.260404e-10 3.0591998e-06 2.4580283e-06 4.3359163e-10 1.5021478e-05 3.2204764e-05 7.5189155e-07 2.213044e-07 1.7188228e-05 6.261424e-08 1.0583433e-05 4.3410637e-06 1.6334726e-06 5.5020217e-05 7.6120676e-07 0.00013619465 1.3613349e-06 2.0534088e-08 6.841418e-05 1.5177528e-07 1.987192e-06 4.377747e-07 1.0914322e-06 5.6601355e-08 1.0621127e-05 9.270594e-06 8.4562586e-11 5.448926e-07 6.6615553e-07 4.68526e-07 1.9732464e-07 4.610759e-08 0.05648571 7.1232043e-06 0.00011276546 3.7727665e-11 3.7709757e-05 8.5313986e-05 1.9173847e-07 4.560051e-06 1.0102347e-05 0.008807951 1.928679e-08 3.5122532e-08 1.3066017e-05 4.0998484e-07 2.7782767e-07 7.2826157e-07 2.5167386e-08 1.8808722e-06 9.50878e-05 2.227271e-08
0.009263967 0.00038811125 0.00014732222 0.12543851 3.2399655e-06 8.102957e-07 3.426455e-06 0.2600308 0.0061867945 0.9898929 5.3117084e-05 0.03905046 0.25827852 6.760441e-09 0.97459835 2.839344e-08 7.621685e-09 2.1227497e-15 3.986978e-08 3.4017098e-06 0.07627724 0.47248247 3.1773109e-06 1.6798007e-05 2.1103605e-07 8.288855e-06 0.741432 0.1444718 2.3219582e-06 5.708817e-08 4.0016115e-05 2.6774837e-06 5.669073e-07 2.360444e-07 1.3052814e-07 6.515693e-05 1.1853674e-07 7.390284e-07 2.1516924e-07 0.32860816 0.01166776 9.366491e-06 1.3261864e-06 9.895892e-08 2.5686052e-06 5.186734e-07 7.886097e-08 9.2072224e-07 1.9064812e-05 0.005798923 1.8633105e-05 1.1221196e-05 0.0029346496 1.4019413e-06 7.1340713e-07 4.522884e-07 0.0008564537 1.267094e-07 0.0003479068 3.5828896e-06 9.12745e-08 1.1691104e-06 1.4254686e-06 7.719456e-06 1.2489453e-06 2.8871727e-06 0.00026355282 8.2729133e-07 7.847782e-06 2.4414817e-07 2.9712984e-07 3.0707793e-05 8.606101e-06 1.2982517e-06 1.4783387e-07 0.00016920757 1.00372945e-05 2.3206499e-06 1.8880788e-06 1.975844e-06 9.863678e-06 2.493643e-06 4.4398385e-07 2.4435515e-06 8.061686e-06 1.3603316e-06 5.3022673e-06 1.677094e-05 2.719487e-06 1.6082822e-05 0.00019903746 7.2489435e-08 6.110746e-06 6.5443453e-07 4.0008405e-07 1.4016265e-07 4.4873723e-06 6.042086e-07 1.8153434e-05 4.1691183e-06 1.1737678e-08
1.2789052e-07 0.15049186 0.00089425733 0.0017983973 0.37904304 0.013694239 0.48524716 3.2773587e-05 2.3435943e-05 0.0066259354 6.9150745e-05 9.24075e-06 1.2849023e-06 0.9191603 5.129649e-06 0.0016950694 0.00014383707 3.986978e-08 1.1518673e-22 0.00019173363 2.637068e-07 5.60991e-08 1.9790198e-06 1.4268198e-05 1.1176883e-05 4.0067835e-08 2.8436693e-08 3.6793917e-08 1.9950218e-07 3.596991e-08 8.24404e-07 1.1656091e-08 4.2987432e-07 3.067065e-07 1.29041835e-08 1.4273906e-08 1.8424471e-09 1.4441062e-08 1.5709273e-07 2.0235593e-09 1.5436104e-11 3.7006117e-08 2.0996115e-08 6.4963366e-08 1.646028e-08 4.4013437e-09 2.1010729e-09 3.6816015e-09 4.411909e-09 5.468518e-10 1.7912063e-08 7.4296416e-08 2.1049837e-09 3.330214e-07 3.800885e-07 3.9783213e-10 2.072843e-07 4.9915496e-07 2.462728e-08 1.6328159e-09 2.1186798e-08 4.4858077e-09 1.1572797e-06 8.06177e-08 2.7468306e-07 7.33811e-09 1.9503494e-08 1.7882203e-07 4.8671813e-09 2.5277648e-08 3.867384e-09 1.6320694e-08 2.8656977e-09 1.7852775e-09 3.940596e-08 1.9441384e-09 9.270921e-08 4.0596472e-08 3.1481636e-07 9.330748e-10 4.296905e-08 3.952983e-06 5.292241e-09 1.3441993e-07 3.286452e-10 6.211429e-08 1.9819785e-07 3.2772473e-08 3.432679e-08 1.7622737e-07 7.3780103e-07 2.0318551e-09 3.959663e-09 2.2312767e-08 1.2269459e-09 5.6078187e-10 2.2119922e-08 4.4308073e-09 1.5586087e-07 1.3049262e-06 1.2438943e-10
0.72490835 0.03447828 0.06311784 0.0013556889 0.0068922 0.91783893 0.15267023 0.00013091468 0.0021232953 7.904693e-05 0.32869714 0.0046881684 0.00037738233 9.616134e-05 1.9094836e-05 0.23193423 0.20124201 3.4017098e-06 0.00019173363 9.720946e-14 1.0305962e-05 6.162924e-07 0.02033058 0.85688996 0.92867196 0.0008566767 5.9402595e-07 1.4746158e-07 0.049751148 0.5966442 0.17163648 0.004249752 0.88778746 0.6558039 0.2764125 1.318583e-06 0.008018059 0.07175774 0.13597743 1.6720323e-08 7.063971e-08 0.62194604 0.1542069 0.028662551 0.010393239 0.040522657 0.0012220845 0.0031218422 0.05535794 3.7780286e-08 0.0019627619 0.0005223011 5.6659033e-08 0.0014383246 0.0017309464 0.00017525823 9.1787194e-07 0.006781241 1.068304e-06 0.01343284 0.0053595607 0.00094633724 0.00055707473 3.6512529e-06 0.00034693637 0.0001716681 9.450258e-06 5.148103e-05 4.0491167e-07 0.009711419 5.5637942e-05 0.00046556455 5.4691674e-07 1.9068193e-05 0.011166417 5.8360886e-08 1.4592064e-07 3.79412e-07 9.888888e-05 2.6559723e-05 1.5637386e-06 0.4058802 1.1926564e-05 5.7722205e-05 1.1755956e-07 5.881713e-05 7.31075e-05 3.459396e-05 5.754698e-05 5.90332e-07 0.121255964 1.8924126e-06 1.2374385e-07 1.9504081e-05 2.859468e-05 1.351331e-06 9.569714e-05 1.7196926e-06 4.418122e-06 5.60571e-05 1.8383026e-06
0.91063106 0.00031159664 0.0011089657 0.04532816 8.5949085e-07 2.0034226e-05 9.72145e-06 0.007613357 0.27204978 0.0025366074 0.017008593 0.31283563 0.9558313 6.1615516e-08 0.35852417 2.5745143e-07 7.03097e-08 0.07627724 2.637068e-07 1.0305962e-05 1.7093508e-15 0.98955697 0.0006044683 0.00047849672 3.9568772e-07 0.012817039 0.24574316 0.41965348 0.00020977964 3.0149657e-05 0.0066190925 0.06418021 1.0885943e-06 2.8229323e-07 3.7535527e-05 0.8854323 1.8307699e-05 0.0019447777 1.9850725e-06 0.017817577 0.010695381 0.0006298886 8.4174707e-07 3.2036696e-06 6.4409124e-07 9.72828e-05 1.3924364e-05 4.6689905e-08 4.4795775e-06 0.029678227 8.281933e-08 0.09653194 0.040868957 0.018139333 1.1183831e-06 9.721213e-07 0.40062296 0.006653788 0.33910197 4.4492845e-06 3.0585947e-05 2.3707348e-06 0.003466652 0.054156013 0.006522507 2.15828e-06 0.011271934 0.0011353112 0.012863363 1.3308107e-06 6.876468e-06 6.440372e-07 0.003369481 7.022862e-06 3.650623e-06 0.00018179932 0.013935412 0.0181827 1.0271912e-05 1.983635e-07 6.514922e-05 0.00299287 1.0847756e-06 0.0052140085 1.073681e-05 0.000107035376 0.00016196237 0.00038627643 0.019801987 0.0056961137 0.004669176 2.992821e-07 0.0004889348 0.00012481178 1.1393747e-06 1.775363e-06 2.963242e-07 2.0691755e-07 0.007482257 0.0022093328 4.1203148e-08
0.51729983 0.00018827226 0.00041619918 0.10507576 2.4625015e-07 1.0860456e-06 6.99119e-07 0.049438834 0.14201014 0.026284445 0.004479093 0.14852332 0.7478233 4.9648655e-08 0.8910529 7.271085e-08 2.3667521e-08 0.47248247 5.60991e-08 6.162924e-07 0.98955697 3.9051663e-16 0.00048381495 8.3676e-05 8.979958e-07 0.009971374 0.86728734 0.8931585 5.9647606e-05 3.6687543e-06 0.0007789526 0.011093867 2.4574715e-07 2.1504645e-08 1.3977742e-05 0.6615119 1.0953613e-06 0.0001515697 8.001734e-08 0.10912459 0.11151182 9.8465025e-05 8.9325533e-07 5.5382935e-07 3.336631e-08 8.871264e-06 6.393581e-07 3.1143776e-09 6.0893575e-07 0.081976265 1.3088858e-08 0.032394256 0.066869386 0.0046946043 5.3982944e-07 3.083939e-07 0.26975232 0.0010414943 0.29482424 8.95951e-06 2.309106e-06 6.258997e-07 0.00023557272 0.0072502787 0.001333761 1.0264151e-06 0.004230938 0.000100169214 0.0061232536 5.795931e-06 9.21152e-08 7.239641e-07 0.0032666198 8.398839e-08 4.9792686e-07 0.001496806 0.0062121525 0.0068852976 3.5280011e-06 3.3135063e-07 4.895679e-06 0.0006828785 3.696977e-07 0.0007737252 5.3020854e-06 5.4859547e-06 1.133539e-05 4.5089084e-05 0.003211386 0.0016401717 0.00050166954 6.92458e-08 0.00022687609 3.395016e-05 1.5773301e-07 3.1902562e-07 1.5866796e-07 8.4534335e-08 0.004084412 0.00053123955 5.3550226e-09
0.4918886 0.005286086 0.07283994 0.02850379 0.0034357677 0.057406675 0.004582918 0.0008417656 0.10596991 2.4528566e-05 0.932016 0.05028648 0.008939334 2.573433e-06 0.0003135602 0.00024062804 0.00017753274 3.1773109e-06 1.9790198e-06 0.02033058 0.0006044683 0.00048381495 4.1618014e-17 0.6648741 0.003594675 0.9599231 3.9738727e-05 4.8853042e-05 0.9261715 0.8257876 0.7906656 0.53544307 0.0023655533 0.00065236515 0.04104718 0.0670951 0.01861126 0.24192134 0.0002958593 1.8368367e-07 4.263436e-07 0.109290786 0.00088450377 6.31634e-05 0.0002361238 0.0036657664 0.0018160102 0.00012729326 0.00012786876 7.856326e-08 6.567425e-06 0.010329755 1.1527536e-06 0.00830432 3.9825e-05 2.665316e-06 0.00051168434 0.008465593 0.00010994074 7.337957e-05 0.00024727563 1.6703056e-05 0.0025542967 0.00016021932 0.0019668532 7.856626e-06 1.5516502e-05 0.00087258144 8.606774e-06 4.2159085e-05 0.00010521236 2.3180717e-05 4.2396136e-06 2.3487899e-05 1.0412956e-05 7.191705e-07 1.5181583e-05 4.8315484e-05 1.4055432e-05 1.0696782e-06 1.3881411e-06 0.0010642229 1.8623468e-06 0.00063838664 2.5596792e-08 5.342353e-05 0.0002667661 2.6576001e-06 0.00035549919 0.00011560774 0.008160162 1.9027783e-06 1.3750313e-06 6.542436e-05 1.546759e-06 2.777773e-07 3.840072e-06 1.6037998e-06 2.2242115e-05 0.0011180775 6.677508e-07
0.9843285 0.13594697 0.6173999 0.022598948 0.15289722 0.9401473 0.20263441 0.0007601147 0.06239591 8.65639e-05 0.7164746 0.043197144 0.0042447355 2.726778e-05 0.00016251487 0.053352684 0.04050416 1.6798007e-05 1.4268198e-05 0.85688996 0.00047849672 8.3676e-05 0.6648741 6.8849054e-10 0.4882997 0.18569583 5.314303e-05 5.056263e-05 0.6318966 0.7149638 0.8126614 0.13876657 0.039254293 0.0055257166 0.02198113 0.0016699019 0.00635468 0.18713892 0.005818558 6.983028e-07 7.4293973e-07 0.36643913 0.0027879206 0.00095459295 0.00035977087 0.0059455284 0.0010735849 0.00026434904 0.0016671497 4.9804957e-08 0.0003110067 0.0066835135 2.7012655e-07 0.00724572 0.0001691966 0.00013733421 0.00029116299 0.0068875733 3.980529e-05 0.00024932082 0.0016703216 5.3282434e-05 0.0018795581 0.00074603007 0.0024733613 0.00015974237 2.2260683e-05 0.0005631572 6.0276143e-06 0.00038548652 0.00015689294 0.00012213372 2.0413288e-06 6.774053e-05 0.00044650954 3.5468304e-07 3.121269e-06 7.760605e-05 8.403434e-05 1.67648e-05 8.5385246e-08 0.037630886 6.9857356e-06 0.0008879746 3.8072027e-08 8.576953e-05 0.00048752094 2.56996e-06 0.001398829 5.1701798e-05 0.0574181 1.3331766e-05 2.610252e-06 0.00017151657 8.870147e-06 7.2444203e-07 2.1026426e-05 5.8514197e-06 7.043451e-05 0.0012273195 1.9240313e-06
0.028090643 0.001391815 0.00019739213 6.728501e-05 0.0016267577 0.55100906 0.052981433 9.2703285e-06 3.095413e-05 1.45270415e-05 0.037554085 0.00020248232 2.2403505e-05 8.091259e-05 2.1003434e-07 0.8636938 0.90633047 2.1103605e-07 1.1176883e-05 0.92867196 3.9568772e-07 8.979958e-07 0.003594675 0.4882997 2.1217895e-12 5.4051874e-05 9.821878e-08 1.0381077e-07 0.015690396 0.1358706 0.11340308 0.0001628632 0.41144896 0.51517606 0.095411815 4.317579e-06 0.002741159 0.008202208 0.087343104 4.3238874e-08 1.1960009e-08 0.17554708 0.08582927 0.1517504 0.006071551 0.0049213814 0.00023570868 0.0030246163 0.018940445 8.455707e-08 0.0011477248 9.514554e-06 1.0957808e-07 1.9608226e-05 0.05023895 0.0003365346 1.347737e-05 1.2921973e-05 3.880494e-06 0.005041806 3.904049e-05 0.00035179337 0.00011125535 1.4545008e-05 0.00011235991 0.00038416366 0.000118393895 4.5749548e-05 1.50622745e-05 8.752334e-05 2.2308353e-05 0.000111212816 5.12581e-06 0.00018386148 0.000252145 4.8745576e-09 2.0344683e-06 5.426003e-06 0.00027884048 1.3894801e-06 1.7375361e-06 0.1751991 0.000111835 5.718301e-05 9.412735e-11 3.3577322e-05 8.996973e-05 3.5792575e-05 1.5506856e-05 1.6246568e-05 0.13669623 1.6073292e-06 5.072646e-07 1.014985e-05 0.00013571324 6.3129405e-06 2.6723115e-05 2.6440006e-05 3.041475e-06 0.000113367045 3.2830488e-07
0.70256305 0.0009592353 0.029747302 0.03919525 0.00019968541 0.0060884147 0.0006184456 0.0032870325 0.22255176 3.1846994e-05 0.8365899 0.19107197 0.094423965 3.3144826e-07 0.005813868 3.703401e-06 1.4443843e-06 8.288855e-06 4.0067835e-08 0.0008566767 0.012817039 0.009971374 0.9599231 0.18569583 5.4051874e-05 1.26798566e-17 0.00020601763 0.0010951688 0.7296487 0.31382078 0.950065 0.8946224 0.00095401966 7.738912e-05 0.031613745 0.57419515 0.021900456 0.32584438 0.00011934203 6.907375e-07 2.2526835e-06 0.05788896 0.0007601934 9.717204e-06 0.00013942017 0.0026193077 0.0012609077 0.000106029576 2.4748098e-05 5.0571043e-06 7.023541e-07 0.053148344 1.762558e-05 0.03506565 7.1722916e-06 5.597275e-07 0.008572574 0.015440444 0.0020983687 1.7064132e-05 0.00016507728 4.386362e-06 0.0065207593 0.0012966514 0.002903356 2.8043307e-06 3.115409e-05 0.0009093579 5.2018677e-05 4.6571527e-06 2.8294742e-05 5.8668643e-06 1.390983e-05 5.1610687e-06 1.7066109e-06 2.2866943e-06 3.0171748e-05 0.0010860706 1.7460809e-06 2.4310032e-07 3.302222e-07 0.0009782739 1.0155233e-07 0.0016400121 6.3531007e-09 2.5879945e-05 0.00021236198 1.4940136e-06 0.0009935747 0.00063855137 0.007475132 7.391239e-08 1.0514521e-05 3.524899e-05 2.025019e-07 1.5510027e-08 3.217805e-07 2.45552e-07 0.00017136565 0.0016719551 1.149406e-07
0.14023764 3.4973113e-05 0.00011080713 0.016176688 1.9864642e-06 1.0535272e-06 1.571215e-05 0.010553893 0.0049786023 0.025800182 0.00017375792 0.058677226 0.25704685 3.1053634e-08 0.905835 3.65358e-08 4.4308663e-09 0.741432 2.8436693e-08 5.9402595e-07 0.24574316 0.86728734 3.9738727e-05 5.314303e-05 9.821878e-08 0.00020601763 4.406389e-14 0.9943164 1.8046536e-05 1.2745797e-06 0.0005677739 0.00032337394 1.8756382e-06 3.5158494e-06 2.699599e-07 0.0065031783 5.709179e-07 2.1577236e-05 1.3671101e-06 0.26120654 0.22983947 0.00022269445 3.9196293e-06 4.9428645e-06 1.1032452e-06 8.751849e-07 3.0696373e-07 1.279295e-06 8.118319e-05 0.095969304 9.138952e-07 0.00014935009 0.06803706 8.285772e-06 6.254131e-06 1.4443073e-06 0.13781212 2.681484e-07 0.08009467 6.6952225e-07 3.8186553e-07 4.5687585e-07 5.1305e-06 0.00060325576 8.3406985e-06 9.737483e-06 0.015584981 9.839367e-07 0.00066170975 2.8159388e-07 3.2872342e-07 5.5084056e-05 0.00091891387 1.0407331e-06 5.2504188e-08 0.0024391885 0.0030614927 0.0002154747 7.131878e-06 6.5223946e-07 2.1040927e-05 2.1639818e-05 2.4272886e-06 2.8474606e-06 2.6967842e-05 9.136877e-07 3.0112026e-06 0.0002541124 4.78122e-05 0.0006445414 0.00018498482 2.6585747e-07 0.0007247347 1.4121449e-06 8.691783e-08 2.8624378e-08 7.5391968e-06 1.6329017e-07 0.0006042916 6.472282e-06 5.6342735e-08
0.37381235 2.0988742e-05 1.9109462e-05 0.007572914 1.19122056e-07 1.0723384e-07 5.2593887e-08 0.0028270413 0.005971019 0.005798364 0.00020703097 0.083499976 0.368159 7.241339e-09 0.56512004 1.0753185e-07 1.7857653e-08 0.1444718 3.6793917e-08 1.4746158e-07 0.41965348 0.8931585 4.8853042e-05 5.056263e-05 1.0381077e-07 0.0010951688 0.9943164 1.8005168e-15 3.4860594e-05 3.9671662e-07 0.00024255786 0.0003450133 1.1539416e-06 1.3841317e-06 6.172897e-06 0.2263536 5.4170664e-07 1.4921297e-06 2.243687e-06 0.18987146 0.15424961 6.4525324e-05 1.1458845e-06 2.2272989e-06 5.199615e-07 1.498933e-06 2.7263022e-07 6.231471e-08 2.3367227e-05 0.46795836 8.5784984e-07 0.004392845 0.30069602 0.00067945535 3.5905136e-06 8.555578e-06 0.38736984 0.00011291871 0.3863833 5.3732583e-06 5.7130626e-07 5.531505e-07 6.3908315e-05 0.0046399613 0.00014397198 3.4224056e-06 0.14305255 2.365314e-05 0.0070454064 7.4229104e-07 1.8174099e-07 4.4220633e-06 0.008943636 4.5583815e-06 2.514691e-07 0.008553102 0.015199034 0.0071324334 2.0799662e-05 9.090205e-07 0.0001328688 0.00011535036 7.847741e-07 0.00039637592 0.00016882636 5.5680325e-06 1.0848111e-05 0.0007403667 0.00091690006 0.002065101 0.00024786234 1.0687044e-06 0.0011244845 6.1297185e-05 1.7729174e-07 1.0924481e-07 1.9893725e-06 5.6166126e-08 0.004984747 0.00018407729 3.4244374e-07
0.665653 0.0017437075 0.024746107 0.0033913804 0.0005294655 0.04004119 0.0014943193 0.0003095388 0.020408412 7.555017e-06 0.5656648 0.034280024 0.0040143975 1.4316721e-07 0.00015997456 0.00024238466 0.00016336721 2.3219582e-06 1.9950218e-07 0.049751148 0.00020977964 5.9647606e-05 0.9261715 0.6318966 0.015690396 0.7296487 1.8046536e-05 3.4860594e-05 4.9479234e-16 0.9827661 0.7033242 0.5434704 0.01963822 0.001966239 0.2390542 0.033831146 0.14123707 0.53407705 0.0021267736 5.003817e-07 7.013234e-07 0.40289664 0.011943233 0.00012797453 0.0007598846 0.019704698 0.009874956 0.001205339 0.00059283955 1.0559449e-07 0.00011752902 0.015059669 2.4445944e-07 0.014100155 2.1191156e-05 0.00011786115 8.044364e-05 0.01545326 6.334794e-05 0.0017024529 0.0018093615 0.0002354364 0.010653704 0.00018071206 0.0030150104 0.00010889101 1.059243e-05 0.0011120125 7.167224e-06 0.00044592863 0.00042667435 4.4402917e-05 4.135479e-06 0.00011202094 0.00020578082 5.243496e-07 2.135574e-06 5.185082e-05 1.5351767e-05 4.0341906e-06 1.4464831e-07 0.0031268557 1.2662702e-05 0.001225198 8.139285e-08 0.0002805342 0.001651594 3.020438e-06 0.0004160085 6.039505e-05 0.019617962 5.1506686e-06 4.351449e-07 0.00024147563 8.651163e-06 2.1539167e-06 9.882897e-06 5.6139784e-06 1.9355015e-05 0.0031372397 1.7986407e-06
0.8701573 0.0014243686 0.03560623 0.0019261454 0.0017369092 0.19681564 0.008389366 4.141713e-05 0.013053172 4.29195e-06 0.68795496 0.020481696 0.0016371565 2.2264186e-07 5.596562e-06 0.0019271191 0.0015199388 5.708817e-08 3.596991e-08 0.5966442 3.0149657e-05 3.6687543e-06 0.8257876 0.7149638 0.1358706 0.31382078 1.2745797e-06 3.9671662e-07 0.9827661 2.2438318e-16 0.5483302 0.1569323 0.37038127 0.04715939 0.7935543 0.0009689517 0.5362234 0.45873857 0.012119304 2.265596e-09 3.2881782e-09 0.6452305 0.10880103 0.00095975545 0.0039901584 0.02761428 0.022871193 0.006566389 0.005529087 2.1842326e-09 0.00047621256 0.0028104284 3.4178093e-08 0.0033861436 5.306899e-05 0.0002536819 7.153134e-07 0.0067169196 4.3617152e-07 0.0020122672 0.0016520357 0.00029714475 0.002146372 1.06953285e-05 0.0014674471 0.0003243954 2.975251e-07 0.0004891843 2.5333892e-07 0.0008121104 0.00027328063 0.00031813042 1.5117217e-07 0.00017783864 0.0004919567 7.562026e-09 4.3993904e-08 1.0885965e-06 9.052257e-06 6.2683666e-06 1.9673931e-09 0.0065742405 7.804777e-06 0.000467239 1.9288362e-09 0.00010229208 0.00080513867 2.0255229e-07 3.007046e-05 1.976485e-06 0.031739853 1.0141978e-06 1.0472275e-08 0.00031329118 1.7048328e-06 1.281036e-06 3.3575323e-06 1.3198979e-06 4.7153245e-07 0.0013572697 3.611209e-07
