7.4675135e-24 0.9696243 0.94409275 0.9801454 0.78863746 0.8447668 0.86121964 0.54265326 0.92264754 0.9831819 0.97729033 0.76920795 0.99881977 0.97617334 0.9724268 0.9730759 0.7710086 0.54567707 0.98393804 0.8920599 0.9862096 0.96818584 0.9003782 0.9460366 0.81429976 0.8966911 0.8384542 0.72875994 0.90448403 0.8671256 0.9956621 0.43497202 0.78834903 0.49134764 0.8912738 0.976607 0.751699 0.9927094 0.93711627 0.7325704 0.9357661 0.902596 0.3909291 0.6434239 0.5697242 0.33347085 0.015599019 0.04398172 0.9383526 0.07259815 0.8101113 0.91183037 0.32161713 0.0035144682 0.5554536 0.051051635 0.09064391 0.04757783 0.057407305 0.10003155 0.0037125777 0.02285432 0.5492875 0.9914061 0.99953353 0.9991806 0.002682813 0.0013831527 0.0036662258 0.17070338 0.9143179 0.93262094 0.25630966 0.9799347 0.99090475 0.03460952 0.033562183 0.1068619 0.9893101 0.0010173104 0.6568394 0.0009506469 0.99989814 0.0026122693 0.16229792 0.0015358231 0.9917384 0.0053372486 0.00027128897 0.9969096 8.4408794e-07 0.5256434 0.00040505617 0.00023800413 0.04317216 0.2943625 0.0010084454 0.00058158755 0.02749809 0.00033485246 0.9755148
0.9696243 7.7502345e-20 0.773859 0.7190825 0.5025497 0.639386 0.84564227 0.6908034 0.24242537 0.32111984 0.39049023 0.8636068 0.52607185 0.28244922 0.09872592 0.058385305 0.093561985 0.29296318 0.055195983 0.025063995 0.06180395 0.004986571 0.013230852 0.6314259 0.0011029454 0.0018154215 0.03321914 0.0035624367 0.0122342035 0.0010231842 0.08761261 0.097953305 0.00011015736 0.03569197 0.016967272 0.00038474184 0.28228402 0.0045275325 0.00029607324 0.007894236 0.00031638044 0.0003989502 0.22343566 3.104169e-05 0.00017625873 0.16203539 0.025638232 0.010936772 0.014687198 0.002888612 0.00050533324 4.5552762e-05 1.7633818e-05 0.0051602274 0.0006767835 0.053517953 0.036124736 0.0027065738 0.0019248858 9.7473685e-06 0.0052283513 0.0004624526 1.1690747e-06 0.0066689327 0.026749438 0.040697586 0.011020013 0.0029607422 0.001720453 1.3877871e-05 1.3877452e-06 0.0063907746 2.4706958e-06 0.0029247643 0.009906705 1.5110957e-06 8.35005e-06 1.027422e-06 0.0014122231 0.0019133327 1.8091717e-07 0.0037789613 0.009043492 4.690406e-05 8.809122e-06 4.6481208e-07 0.0016697703 2.0977092e-07 0.003284145 0.0142862275 2.1270707e-05 0.0009686907 0.0003529381 7.034801e-06 4.2999698e-05 0.0003671544 9.890449e-06 3.7315232e-07 2.5079646e-06 7.174613e-07 0.004882142
0.94409275 0.773859 2.2307448e-19 0.0694345 0.9261116 0.014392392 0.59782237 0.09837098 0.4426109 0.5387786 0.33976805 0.14033864 0.83940506 0.15728772 0.46597496 0.0062453696 0.00050612784 0.004906252 0.05244808 0.11077381 0.0013302716 0.0029120245 0.03699836 0.04108928 0.011308003 0.0001162227 0.00070580485 0.017537085 5.484294e-05 0.0095851105 0.2579961 0.058942944 9.798939e-06 0.05858942 0.15196328 1.5076617e-05 0.04668416 0.020006074 0.004241149 4.2012303e-05 0.0007799811 8.4760904e-05 0.0037818633 2.4829717e-06 0.0014649478 0.007845157 0.0010622805 0.0001633627 0.04755442 5.3545537e-05 5.8795e-06 6.430099e-05 1.6532074e-05 0.00033187863 0.0021068198 0.0011423244 0.0004926462 0.0018368291 1.445722e-05 0.0015985942 0.00017311086 0.0010232594 4.269299e-07 0.012374039 0.021996005 0.048208755 0.00014738447 0.00015476989 6.31354e-05 1.2572167e-05 8.537547e-06 0.0069465768 3.0246796e-05 0.005398674 0.01215671 9.310118e-06 3.30266e-05 2.6222406e-06 0.011416421 7.277513e-05 5.797504e-07 2.6061689e-05 0.020528404 1.3128989e-06 3.3278586e-05 2.8480838e-07 0.009477557 2.940301e-06 9.410665e-05 0.012717103 2.2081058e-06 0.00046948186 9.70428e-07 2.8183017e-06 0.00027078128 0.00013364005 6.474128e-06 1.0921049e-06 2.4816386e-06 4.765437e-07 0.010190218
0.9801454 0.7190825 0.0694345 1.5894747e-19 0.026157495 0.89606345 0.039748363 0.7519321 0.67984617 0.007756764 0.39750293 0.62111205 0.335081 0.033201326 0.03510617 0.8014131 0.5762271 0.50860894 0.15915865 0.0008473626 0.20152171 0.020432597 0.0005652417 0.12859154 2.4137637e-06 0.049050085 0.64379627 8.399504e-06 0.43581206 1.21685e-05 0.11716161 0.0059971823 0.002964237 0.0009635674 0.001006614 0.011019724 0.054998074 0.00023700073 2.6774019e-06 0.22525026 0.0021954046 0.006206329 0.08052102 0.00025753456 7.388015e-07 0.03308751 0.12068076 0.13264497 0.0014471606 0.09489097 0.055973995 0.00097368663 0.0006279059 0.026391918 6.5896093e-06 0.048739415 0.0022815962 0.00014155023 0.0930286 1.6191348e-07 0.0002681051 2.432144e-05 0.00013399113 0.034686793 0.014348805 0.009710155 0.014120939 0.0001529312 2.976449e-05 1.3174186e-07 3.9497216e-05 0.0009593725 5.4185034e-07 0.018666025 0.0020279123 6.532108e-08 1.9031287e-06 0.000594485 0.009056485 0.0003640341 1.984731e-05 0.0039786105 0.006569443 0.0072272248 1.4535667e-06 0.000792445 0.010427152 2.7730117e-05 0.0010625474 0.0013661634 5.381548e-05 0.0001296302 0.010170567 0.00011600455 5.2647618e-05 2.838496e-05 4.8439106e-06 6.0294537e-06 2.1655903e-07 4.6084977e-05 0.0024577708
0.78863746 0.5025497 0.9261116 0.026157495 1.272884e-19 0.0110284705 0.89602596 0.028487701 0.047199976 0.90557873 0.05187268 0.071528755 0.32462934 0.22617444 0.17480497 0.0010870824 0.0009241139 0.0033927262 0.0053858072 0.69074917 0.0005600791 0.00069509365 0.098236226 0.076988176 0.075272396 0.00011688842 0.0010023817 0.24281049 0.00014411689 0.026769197 0.03026728 0.10990741 1.7232525e-05 0.10350723 0.23927084 4.9038704e-06 0.059812233 0.020484833 0.00966791 8.303607e-05 0.00024874037 4.5112745e-05 0.005942447 6.6308376e-06 0.009046976 0.01938598 0.00038732868 1.9530402e-05 0.03858697 3.1482193e-06 1.0939599e-05 1.6803824e-05 1.0211146e-06 4.961404e-05 0.030841915 0.0010866149 0.0024163136 0.009554031 2.062671e-06 0.00481037 0.0005344338 0.002687772 9.842094e-08 0.001466619 0.008416159 0.03278599 0.00086176896 0.00048144083 0.00086309767 0.00054101256 5.594179e-07 0.034982804 0.00058473146 0.000389884 0.015612673 0.00053189433 0.0013767818 3.6589864e-07 0.001679893 0.00041106206 6.556345e-07 0.00011905171 0.009127404 1.194484e-06 0.00022290289 1.5919063e-06 0.001866789 4.360927e-06 0.00024715584 0.025760567 2.4281637e-06 0.002587981 1.4654019e-06 1.2943293e-06 0.0001595215 0.0012950109 1.9196243e-05 3.4201784e-07 0.00011741698 3.2846114e-07 0.016398199
0.8447668 0.639386 0.014392392 0.89606345 0.0110284705 3.7658725e-18 0.03629641 0.9282461 0.20361114 0.007833214 0.08483895 0.6029378 0.1725554 0.017048797 0.003539772 0.47917178 0.57541674 0.56243104 0.026487306 0.00030888533 0.06878499 0.0053992327 7.968954e-05 0.16586852 2.0743134e-06 0.0053691273 0.576206 1.2467432e-05 0.21164986 7.3829615e-06 0.009379091 0.008052742 0.0003187834 0.00069435395 0.00086807285 0.0027103063 0.03749352 5.305517e-05 3.1314598e-06 0.04805261 0.0007040858 0.0017105158 0.10581979 0.00018945379 2.7289605e-07 0.033434954 0.25011593 0.2439184 0.00012945873 0.051165238 0.019025005 0.00014266 0.00049325754 0.03026546 4.948272e-07 0.056523025 0.0033459822 1.07651595e-05 0.025129113 2.3430946e-08 0.00076767546 8.376059e-06 0.00012456396 0.0034475988 0.0030110448 0.0021336079 0.026262196 0.00031193648 1.906352e-05 6.706671e-08 1.5774009e-05 3.5931807e-05 9.604847e-08 0.00058515597 0.00034841563 1.484175e-08 1.9628075e-07 0.00031291676 0.00035145535 0.0006579217 5.5944623e-05 0.0075630266 0.0008696207 0.0027685594 2.6355167e-07 0.00010404989 0.0011597747 2.0039155e-05 0.0010827276 0.000716541 8.57966e-05 1.2073274e-05 0.00586835 7.637548e-05 3.072924e-05 8.638182e-07 8.783393e-06 3.226826e-06 9.159136e-08 1.7858005e-05 0.00023722864
0.86121964 0.84564227 0.59782237 0.039748363 0.89602596 0.03629641 2.0238231e-19 0.094949014 0.044935662 0.851877 0.0459624 0.48004085 0.21339597 0.8533069 0.048354406 0.0022074964 0.0030646196 0.011338153 0.005675587 0.14101264 0.001056439 0.00094456767 0.018444017 0.5083962 0.014278736 0.00032675575 0.007206745 0.06534893 0.0014474374 0.005644813 0.015762888 0.71152395 9.835321e-06 0.5275314 0.37226343 1.1500639e-05 0.29129583 0.009121999 0.0036457563 0.00022633451 0.0001745698 6.0049882e-05 0.056599826 8.939717e-06 0.00748703 0.11269108 0.0017516676 0.00018409465 0.0062145647 7.574261e-05 1.4133407e-05 1.6304883e-05 1.0306949e-06 0.00039723603 0.047290787 0.009275012 0.031390138 0.028851734 5.0128137e-06 0.0062946496 0.007003841 0.00499902 5.127541e-08 0.00089484296 0.0024979361 0.014676741 0.0010099915 0.0022599513 0.0045067575 0.00023106084 1.7914294e-07 0.0045541106 0.00016741417 7.626121e-05 0.0047784895 0.00013722529 0.00039437108 1.1316062e-06 0.0004238177 0.0006830188 1.4853964e-07 0.00068427523 0.002241646 2.2531733e-06 0.00012871221 2.5223376e-06 0.00015029626 5.8951086e-06 0.00074470433 0.0068175048 3.2225682e-07 0.0008516917 4.796226e-07 1.1396615e-06 4.7888585e-05 0.00078674575 1.2406857e-05 2.690629e-07 9.64564e-06 6.329394e-07 0.007014058
0.54265326 0.6908034 0.09837098 0.7519321 0.028487701 0.9282461 0.094949014 1.7739575e-20 0.17181168 0.009379082 0.06298917 0.9468606 0.09408489 0.010580902 0.014414935 0.09248581 0.2853358 0.4084427 0.010823642 0.001953654 0.018727688 0.0031203271 0.0007916111 0.13891304 8.023677e-05 0.00308427 0.19204322 0.00020712004 0.022416474 0.00018564296 0.011203645 0.011282416 0.00020165597 0.0012350082 0.002363456 0.0015407731 0.012067635 0.00030632727 0.00019130751 0.0063406625 0.0005493798 0.00092361344 0.06383585 0.00016837519 5.1658175e-05 0.013373478 0.07807635 0.032702185 0.0012093891 0.011552603 0.0017434106 0.00017354115 0.00023576894 0.010733007 2.6217169e-05 0.014118596 0.0014297402 0.00018266271 0.0014721239 6.3177856e-07 0.0006436115 2.728084e-05 3.0710078e-05 0.0020941726 0.001356963 0.0017613136 0.007820796 0.00039532266 0.00018269703 1.4796751e-06 1.2677021e-05 0.0003694714 9.4510375e-07 0.0010079655 0.0012270848 4.0935817e-07 8.161698e-07 2.2789865e-05 0.00075900496 0.00045271456 1.1425787e-05 0.0026233925 0.0017690085 0.00035265298 5.987935e-07 3.676486e-05 0.00035945667 2.6975517e-06 0.0011079805 0.0020779003 5.5386896e-05 0.00010471457 0.0013110728 2.826095e-05 2.9814476e-06 8.0110156e-05 1.8235272e-06 1.9507922e-06 7.1389104e-07 1.740549e-05 0.00067800283
0.92264754 0.24242537 0.4426109 0.67984617 0.047199976 0.20361114 0.044935662 0.17181168 1.803408e-18 0.0046522063 0.8928355 0.040357996 0.33238378 0.003148972 0.50034404 0.44312364 0.008223532 0.0071393033 0.7839559 0.01989124 0.5045931 0.5443684 0.011959225 0.013985411 7.528991e-05 0.4359519 0.1217828 0.0005796169 0.17630163 0.00034242452 0.25290772 0.0010724949 0.19308442 0.00046438436 0.00058644626 0.04727735 0.0016447298 0.00090337644 0.000104035316 0.013249528 0.19279462 0.023128293 0.0012870007 0.01896806 1.4766522e-05 0.00037092672 0.0038613686 0.0024452207 0.019337488 0.0052337465 0.007657547 0.05956668 0.004706948 0.0004089635 3.2392422e-06 0.00040269087 3.589903e-05 2.5613683e-05 0.0012268964 1.8300088e-07 3.4122993e-06 2.0411407e-07 0.000602089 0.04995702 0.02397579 0.03690547 5.1903065e-05 1.8682848e-06 5.201004e-07 3.0493575e-06 0.0033058445 0.0060588284 1.1850125e-07 0.050071906 0.015124142 2.2922302e-07 1.5090181e-07 0.00030708336 0.04115755 1.8801647e-05 0.00038872674 1.2542348e-05 0.043160446 0.00010504524 1.8323517e-06 1.7291166e-05 0.015786389 2.6102432e-05 2.383306e-05 0.005015026 2.686004e-07 0.00014356407 5.881401e-06 1.4975364e-05 9.588808e-07 7.287813e-05 1.3795378e-06 2.1306205e-06 1.1181762e-06 5.3748213e-06 0.0014272049
0.9831819 0.32111984 0.5387786 0.007756764 0.90557873 0.007833214 0.851877 0.009379082 0.0046522063 1.0635268e-18 0.09252078 0.045333672 0.50745726 0.7896431 0.051210616 0.00011533849 0.0028092372 0.015396083 0.0009560196 0.31341362 7.809624e-06 6.965622e-05 0.055796504 0.46872002 0.09347157 1.619138e-05 0.00076894014 0.3069783 1.6394131e-05 0.017899763 0.02385248 0.5559605 1.6821292e-06 0.57137764 0.6715507 4.348275e-07 0.4924426 0.0247323 0.0104892785 4.0992345e-05 1.6153746e-05 1.3977655e-06 0.10844868 1.1173185e-07 0.010954832 0.29425237 0.00024104812 8.370948e-06 0.028096061 2.040596e-05 4.0771047e-07 3.6046575e-07 2.8147237e-08 9.675315e-06 0.30439305 0.012603132 0.107734695 0.062867664 1.530139e-06 0.025577875 0.013597334 0.013495938 2.6347273e-09 0.000547095 0.022455283 0.08993586 0.00020077442 0.007814493 0.017375704 0.00016688893 7.1425745e-09 0.019822087 0.00022022551 7.912408e-05 0.0154176885 0.00020042682 0.0011755738 3.6322902e-08 0.0002782558 0.006330334 1.0176168e-08 0.00042674431 0.008251585 1.2279967e-06 9.8189805e-05 4.2754309e-07 0.00020391632 3.8411875e-07 0.0016508647 0.06822564 2.2789004e-06 0.007440957 1.9738374e-07 9.291053e-07 0.00047480402 0.002223585 0.0027703857 2.0456785e-06 7.173731e-05 1.862814e-06 0.03566628
0.97729033 0.39049023 0.33976805 0.39750293 0.05187268 0.08483895 0.0459624 0.06298917 0.8928355 0.09252078 1.5910051e-17 0.035037443 0.64990115 0.028528081 0.8025012 0.38686398 0.0046419534 0.0103474585 0.63514835 0.063518174 0.13841465 0.2353402 0.075060174 0.037915505 0.0007372841 0.09510106 0.038622048 0.0012707821 0.050361 0.0028610858 0.7682803 0.008670847 0.050436575 0.0026642603 0.0038123082 0.013964414 0.014372476 0.0041141817 0.0002553901 0.0035885682 0.041765492 0.009371111 0.0037046676 0.0030719044 8.10013e-05 0.002021979 0.0017703511 0.0003082106 0.1455192 0.0009826991 0.0050593046 0.013202611 0.0003950061 0.00020488749 0.00011847871 0.00059968187 6.831514e-05 0.00016949941 0.00035076973 5.6977402e-05 1.7181312e-05 0.00022352938 2.4277297e-05 0.07454491 0.2545571 0.1170516 0.00024893452 6.688199e-06 3.3722713e-06 3.093362e-05 0.0014728782 0.032222807 1.2698418e-06 0.04103515 0.072392285 9.2896977e-07 6.2929957e-06 4.104496e-05 0.12947407 1.8539817e-05 9.463637e-05 9.062852e-05 0.171516 3.8248956e-05 1.9419818e-05 6.3421953e-06 0.050995093 1.791754e-05 0.00017922914 0.030273637 8.522116e-06 6.608606e-05 9.4401474e-07 9.003664e-06 5.308984e-05 3.381277e-05 4.247416e-06 3.9420584e-06 4.0040104e-06 5.92471e-06 0.004798233
0.76920795 0.8636068 0.14033864 0.62111205 0.071528755 0.6029378 0.48004085 0.9468606 0.040357996 0.045333672 0.035037443 3.261339e-20 0.13246442 0.056674093 0.003269983 0.012590616 0.2873238 0.7068194 0.0024641803 0.0044961455 0.010600744 0.0005269061 0.0014278626 0.72469646 0.00035534328 0.0007523435 0.09466911 0.001794509 0.009760821 0.00035463116 0.0032655515 0.081805676 1.4191849e-05 0.008106097 0.008511765 0.00018776461 0.11668769 0.0009822485 0.00033177674 0.0034153452 6.30647e-05 0.00037442014 0.34680948 2.2305054e-05 0.0003140492 0.086666904 0.15526403 0.034252923 0.0008947888 0.005454199 5.8511218e-05 5.642267e-05 1.5986834e-05 0.018758908 3.539458e-05 0.09387648 0.017089808 0.0010572 0.0006155515 6.01741e-07 0.0064453064 4.750101e-05 2.639442e-06 0.0008685238 0.00089032383 0.0031146088 0.07290109 0.0018585351 0.00076221983 1.0387386e-05 4.1775618e-07 0.00053877156 1.0747931e-06 0.0002355851 0.0010661854 8.6868727e-07 6.0398384e-07 2.6213704e-06 0.00021625948 0.0022265366 3.6420252e-07 0.007198324 0.00047740256 1.5558258e-05 6.43299e-06 2.5805157e-06 9.0319976e-05 8.6154904e-07 0.0027843656 0.0029518206 0.0001332059 0.0003303216 0.0005043742 2.0813122e-06 1.2904801e-06 0.0007450247 2.4633484e-06 6.37678e-07 1.40099455e-05 1.2571501e-06 0.0015970948
0.99881977 0.52607185 0.83940506 0.335081 0.32462934 0.1725554 0.21339597 0.09408489 0.33238378 0.50745726 0.64990115 0.13246442 1.117889e-16 0.36978653 0.7954155 0.106927976 0.034389753 0.035983857 0.05548123 0.1646032 0.0031051328 0.004783772 0.14210495 0.3471346 0.0136262225 0.0018595004 0.022660574 0.013365797 0.012270544 0.0056708124 0.39782882 0.04929733 0.0005958121 0.041484646 0.09428567 0.0001240225 0.119027235 0.016313307 0.0021701667 0.0015198836 0.001172869 0.00034361184 0.06577335 4.2668e-05 0.00025394937 0.038662836 0.0018878954 0.00083049416 0.39375553 0.00056766125 0.0006477627 0.00011052281 6.156324e-06 0.0005107422 0.006406943 0.006180676 0.0037273732 0.0020458894 0.00024321827 0.0026714236 0.0004420942 0.00079650606 1.0198407e-06 0.0040830877 0.39871418 0.15945935 0.0013929736 0.0003482243 0.00027923298 0.00011866439 2.6125768e-05 0.11798368 0.00016543707 0.0028551396 0.13998087 0.00017785456 0.00057979854 3.123857e-06 0.028549915 0.00048038873 1.7440856e-06 0.0024261824 0.13214964 4.6440935e-05 4.040284e-05 1.0755954e-05 0.016114272 4.291514e-05 0.0022201852 0.05818122 1.3246399e-05 0.00071700657 8.504397e-05 1.0457141e-05 0.0010442944 0.00014198638 0.0002848001 2.0249329e-06 2.7906673e-05 1.23867e-05 0.0321801
0.97617334 0.28244922 0.15728772 0.033201326 0.22617444 0.017048797 0.8533069 0.010580902 0.003148972 0.7896431 0.028528081 0.056674093 0.36978653 5.499669e-17 0.0047424766 0.00021147275 0.0024763092 0.016969327 0.0003504267 0.007918013 0.00035865337 4.0709005e-05 0.0025476138 0.7625483 0.0023483755 2.7330992e-05 0.0011857084 0.010863897 4.22045e-05 0.0006741649 0.0021156264 0.8703202 6.531264e-07 0.6794159 0.4886567 4.535672e-06 0.86877006 0.005169204 0.0018456526 0.00010616101 1.4643128e-05 6.350678e-07 0.36664483 1.001342e-07 0.0007837955 0.7814442 0.0011712024 0.00018182378 0.00092882145 7.965026e-05 2.1509609e-06 2.62628e-06 7.0584754e-08 0.00026302453 0.031864055 0.041071404 0.45872965 0.06525215 1.2548102e-05 0.0021210122 0.07498591 0.007659369 6.8562893e-09 0.00043937727 0.014275741 0.010315633 0.00071625924 0.023209078 0.06038394 1.584256e-05 2.8690788e-08 0.00061085814 2.4425366e-05 1.7073395e-05 0.0012069194 1.1307124e-05 0.000110126886 2.5370593e-07 4.717673e-05 0.018269496 1.634784e-07 0.0037152092 0.00031330582 5.1148622e-06 5.6258546e-06 2.50664e-06 3.331761e-05 2.989947e-06 0.004853027 0.0049806517 1.2101285e-05 0.0013370769 1.2309708e-05 1.7698419e-06 0.00046470133 0.00061261124 0.009727627 6.822168e-06 1.2836836e-06 7.032594e-06 0.005972679
0.9724268 0.09872592 0.46597496 0.03510617 0.17480497 0.003539772 0.048354406 0.014414935 0.50034404 0.051210616 0.8025012 0.003269983 0.7954155 0.0047424766 2.762451e-20 0.0070931073 8.589592e-05 0.00029645834 0.30645216 0.5837006 0.027591774 0.07069448 0.55803394 0.0018095574 0.09656244 0.0055510877 0.0005251603 0.051201858 0.00027134406 0.132428 0.80877644 0.004487837 0.0022586726 0.002955643 0.00678509 0.0007776329 0.001123208 0.1739596 0.014830794 1.9005305e-05 0.01169042 0.00036854867 3.950841e-05 0.000106622254 0.0027080842 8.6454995e-05 6.704072e-05 3.0466293e-07 0.695709 7.5541448e-06 1.4349132e-05 0.00093780353 5.164968e-06 1.8155953e-06 0.00030710327 2.0564828e-05 5.8747028e-06 0.0002165447 3.1701165e-06 6.706124e-05 1.8739183e-06 0.00046677844 4.7465457e-07 0.023669071 0.29431066 0.26277632 0.00024567512 4.5022034e-06 1.8448904e-06 0.00034054447 0.00032799083 0.22670011 3.3810334e-06 0.012925339 0.26353553 3.2840744e-06 1.0909468e-05 4.6558938e-07 0.0879423 6.330542e-05 1.597184e-05 0.00012258519 0.37207764 3.8063283e-06 0.00018859447 1.2918246e-06 0.08245393 1.5099669e-05 0.00015145872 0.08543607 4.4008766e-06 0.0016749435 3.623281e-06 1.2650764e-05 6.6148736e-05 0.00041580977 3.6838492e-07 1.1047126e-06 0.00010567454 1.5116239e-05 0.035514466
0.9730759 0.058385305 0.0062453696 0.8014131 0.0010870824 0.47917178 0.0022074964 0.09248581 0.44312364 0.00011533849 0.38686398 0.012590616 0.106927976 0.00021147275 0.0070931073 4.1778634e-19 0.06427725 0.028550318 0.20411307 5.1147817e-05 0.65676564 0.1048385 6.554808e-05 0.00180875 1.46262e-07 0.57774734 0.78918546 9.370811e-07 0.898552 1.0643226e-06 0.11880652 9.2659e-06 0.124516614 1.57896e-07 2.3275763e-06 0.2910231 6.5963155e-05 3.493521e-05 1.7806492e-07 0.4997918 0.013563328 0.17504534 0.00087420025 0.04202427 4.404151e-08 1.2189464e-05 0.013868267 0.082691744 0.00010706907 0.22495802 0.32647076 0.015167764 0.02326625 0.0028426987 4.4014968e-08 0.00058540434 5.59995e-07 2.7902067e-07 0.12440479 3.1732061e-09 3.4240946e-07 5.7001884e-08 0.0029438238 0.13189213 0.008477343 0.0029304964 0.0010571617 2.713941e-07 1.7008371e-07 6.501912e-09 0.0007670428 0.00010424984 1.047595e-08 0.09565621 0.00049788586 1.6341369e-09 1.9605503e-08 0.017108887 0.01814069 9.5270525e-07 2.0242738e-05 2.4847212e-05 0.0040410855 0.017018612 8.8994646e-08 0.008635588 0.020850496 0.00061757915 2.0006912e-06 0.0010306842 7.209123e-06 1.4314033e-05 0.0025890623 0.0005032136 2.536525e-07 1.0377594e-05 2.5489476e-07 0.00024810806 5.0984205e-08 0.00049558096 0.00016466972
0.7710086 0.093561985 0.00050612784 0.5762271 0.0009241139 0.57541674 0.0030646196 0.2853358 0.008223532 0.0028092372 0.0046419534 0.2873238 0.034389753 0.0024763092 8.589592e-05 0.06427725 1.107135e-16 0.9756683 0.0017889463 2.3961826e-05 0.016391741 0.0005328602 8.932132e-06 0.045356005 2.273221e-07 0.0011875316 0.2930472 1.8210403e-06 0.0509624 4.9920254e-07 0.00015350734 0.00035131696 0.0001314208 1.0629275e-05 4.99474e-05 0.002914986 0.0073212297 3.3973106e-06 2.6822795e-07 0.05458785 4.178204e-05 0.00039058566 0.1185492 1.2620229e-05 8.612685e-08 0.010892965 0.74486125 0.6924791 3.5759158e-06 0.12120945 0.0028343596 1.4178498e-05 4.5527315e-05 0.3215259 2.2560168e-07 0.18888615 0.002204875 2.730956e-06 0.15072791 4.7366204e-09 0.00020190538 3.378134e-07 8.887031e-06 0.00040478894 0.001219504 0.00067312573 0.39624932 0.00017488172 1.8762958e-05 1.7032394e-07 5.734761e-07 1.2699909e-06 6.5264175e-08 8.118591e-05 6.306914e-05 1.2317885e-08 2.001591e-07 3.6145273e-05 6.698434e-05 0.00048325647 4.929721e-06 0.032894105 2.8874387e-05 0.002148829 1.5974374e-06 7.588092e-05 5.504667e-05 8.62768e-06 0.0026231953 0.00018018631 0.0014092458 1.9936962e-05 0.12890711 2.338658e-05 1.0292873e-06 1.3821091e-05 3.2925036e-06 2.9842183e-06 2.6843152e-06 1.09778175e-05 0.0001482093
0.54567707 0.29296318 0.004906252 0.50860894 0.0033927262 0.56243104 0.011338153 0.4084427 0.0071393033 0.015396083 0.0103474585 0.7068194 0.035983857 0.016969327 0.00029645834 0.028550318 0.9756683 9.0767654e-17 0.0019283289 0.00020957689 0.009717237 0.0004283688 2.7538419e-05 0.23448783 1.790462e-06 0.00064436684 0.12875852 1.3858005e-05 0.01903106 2.0359025e-06 0.00038205352 0.0025586172 2.6120637e-05 0.00040884025 0.0009280484 0.00080285035 0.02087413 1.06423395e-05 7.805852e-07 0.024830347 3.7792994e-05 0.00018804651 0.47321522 4.2752786e-06 8.237926e-07 0.037528325 0.73185647 0.58834094 1.9346784e-05 0.022553368 0.0009414215 3.8059322e-06 1.2188035e-05 0.3437173 8.516246e-07 0.45446894 0.0082108565 4.0885956e-05 0.02678286 1.4327969e-08 0.0013263952 2.0735915e-06 3.0813592e-06 0.00042275724 0.00078096276 0.00052414514 0.55993146 0.00067229045 6.1992e-05 2.628787e-07 4.143633e-07 4.8353722e-06 9.147614e-08 7.547517e-05 4.542661e-05 4.609748e-08 2.2979474e-07 4.4491403e-06 1.3905348e-05 0.0029279415 1.4463072e-06 0.1371967 8.436551e-05 0.00016559602 2.4808887e-06 1.0210217e-05 1.3518924e-05 3.7683708e-06 0.01785087 0.00025358613 0.002506149 0.000113431284 0.09661198 1.7274633e-05 1.4132828e-05 0.00010461436 3.5144698e-05 1.3212542e-06 5.044759e-06 2.8459428e-06 9.9574405e-05
0.98393804 0.055195983 0.05244808 0.15915865 0.0053858072 0.026487306 0.005675587 0.010823642 0.7839559 0.0009560196 0.63514835 0.0024641803 0.05548123 0.0003504267 0.30645216 0.20411307 0.0017889463 0.0019283289 5.1207807e-18 0.005138225 0.5216561 0.84092075 0.008411289 0.00037375622 2.5552492e-05 0.2653253 0.01521202 4.3636162e-05 0.054706153 0.0004999797 0.54603577 5.0245522e-05 0.3246119 3.219859e-05 0.00013990607 0.1798448 3.780875e-05 0.00020859983 6.582345e-05 0.008111286 0.2514429 0.026406111 5.4703476e-05 0.056090046 1.8184433e-05 8.931809e-06 0.00024876598 5.3336888e-05 0.04251744 0.0005931013 0.01618895 0.05125092 0.002381141 3.501343e-05 2.3485559e-06 0.00014324009 7.5052794e-06 2.8413664e-05 0.00029395838 6.5274537e-07 1.3920585e-06 3.5102375e-06 0.00040682228 0.1332344 0.03862995 0.029721767 2.5165838e-05 2.134086e-06 1.1420508e-06 8.320345e-06 0.0018081635 0.018230319 2.4813346e-07 0.09310131 0.04567679 8.5079665e-07 4.506271e-06 0.00028458535 0.19027519 1.1092983e-05 0.00019502493 5.1136798e-05 0.30802813 2.4137697e-05 5.370318e-06 3.9917527e-06 0.06375085 1.1963097e-05 9.29536e-05 0.012506415 6.93245e-06 4.8646107e-05 3.8552676e-06 1.023655e-05 1.2770381e-05 2.1873408e-05 3.6803112e-06 8.197961e-06 2.7246087e-06 1.3152443e-05 0.002081108
0.8920599 0.025063995 0.11077381 0.0008473626 0.69074917 0.00030888533 0.14101264 0.001953654 0.01989124 0.31341362 0.063518174 0.0044961455 0.1646032 0.007918013 0.5837006 5.1147817e-05 2.3961826e-05 0.00020957689 0.005138225 1.911024e-17 0.00010978107 0.0008580344 0.7190036 0.0017609057 0.7760719 0.00013181557 4.237635e-05 0.6624662 4.544396e-06 0.88493234 0.06850671 0.02002991 1.4826918e-05 0.017221816 0.09653811 3.9149336e-06 0.0016993425 0.36955476 0.32440194 1.1769484e-05 0.0009146399 6.144121e-05 8.4110194e-05 1.8186539e-06 0.0868351 0.0003969638 4.883897e-05 1.6894947e-07 0.24655537 3.2834482e-06 7.648171e-06 0.00013650856 8.9045363e-07 7.6265854e-07 0.022806618 0.00010749171 0.00026892836 0.000697138 8.555964e-07 0.018988373 8.580806e-05 0.0018718482 1.1087351e-06 0.0014570081 0.027063675 0.089012496 5.1336257e-05 1.4067327e-05 3.3955344e-05 0.01312093 1.1294149e-05 0.28548953 0.004935757 0.00089664804 0.08047173 0.0014228501 0.0013928654 2.206445e-06 0.0030172681 4.342163e-05 1.3266931e-05 3.5925812e-05 0.038576983 2.5759853e-05 0.0010909335 5.5960314e-05 0.0029445651 0.00029987656 8.160321e-05 0.06383536 5.3223624e-07 0.0054185553 1.4017161e-05 2.5925425e-05 0.00788423 0.00091908046 0.00039682127 2.3436469e-06 0.0007256742 6.9193193e-06 0.034966644
0.9862096 0.06180395 0.0013302716 0.20152171 0.0005600791 0.06878499 0.001056439 0.018727688 0.5045931 7.809624e-06 0.13841465 0.010600744 0.0031051328 0.00035865337 0.027591774 0.65676564 0.016391741 0.009717237 0.5216561 0.00010978107 2.6909592e-17 0.88130224 0.0002676261 0.0020066896 6.835727e-08 0.6885589 0.18013258 1.2327129e-07 0.35191193 9.83966e-07 0.09166216 2.5545867e-05 0.69104457 6.7948e-06 8.81255e-06 0.74413437 2.6100764e-05 2.7370363e-06 7.74808e-08 0.22251782 0.44414273 0.30939347 0.00041730172 0.2367331 1.3169492e-08 7.269207e-06 0.0011811607 0.0016161082 0.0019917723 0.021574158 0.5126026 0.24615957 0.040190928 0.00012107421 8.875648e-06 0.00024774653 6.0368184e-06 1.751802e-06 0.029659638 1.1995295e-06 4.6611963e-06 6.50564e-07 0.017847935 0.17129306 0.006007165 0.0031539926 5.5198332e-05 1.6669851e-06 1.8576302e-06 2.613586e-07 0.0071154283 0.0002530836 1.489006e-07 0.118567124 0.0022057635 3.3800852e-08 2.9332598e-06 0.08350909 0.097018644 1.2517947e-05 0.001240697 0.00019571281 0.040733222 0.0038566324 2.1334823e-07 0.0029001362 0.02683799 0.002251306 0.00012581096 0.00017787407 2.2054774e-06 1.3219e-07 5.945063e-06 8.464563e-05 3.486056e-05 1.0678154e-07 8.58919e-05 0.00019549715 2.0496797e-08 0.00013354591 3.4915242e-06
0.96818584 0.004986571 0.0029120245 0.020432597 0.00069509365 0.0053992327 0.00094456767 0.0031203271 0.5443684 6.965622e-05 0.2353402 0.0005269061 0.004783772 4.0709005e-05 0.07069448 0.1048385 0.0005328602 0.0004283688 0.84092075 0.0008580344 0.88130224 7.1072764e-18 0.0012175018 1.3359577e-05 4.5411293e-06 0.48676023 0.006958366 5.193423e-06 0.028527759 3.387613e-05 0.26325506 2.9561492e-05 0.62277186 5.2401087e-06 3.7947353e-05 0.48070657 6.804221e-06 1.4905986e-05 3.2927205e-06 0.002998718 0.8104236 0.099813394 1.3082601e-05 0.19443156 5.600729e-07 3.115969e-06 0.00011994747 5.575368e-05 0.004624764 0.00059448736 0.01616724 0.22677624 0.013382895 1.6357899e-05 1.3996664e-06 9.262089e-05 5.9857966e-06 6.998342e-05 0.0003284344 1.2436822e-06 3.0483513e-06 5.59613e-06 0.0021820583 0.37429252 0.0031952057 0.002272713 2.6645219e-05 1.2719411e-06 2.6758144e-06 2.239021e-06 0.005070731 0.0013651301 2.6827476e-07 0.16371734 0.009832193 6.54457e-07 6.835368e-06 0.0007199745 0.42980903 7.394179e-06 0.0009734512 4.9795635e-05 0.09883336 5.362853e-05 5.072784e-06 1.1096676e-05 0.11249722 5.284198e-05 5.4224114e-05 0.00051416195 3.4165057e-06 1.6362438e-07 1.4359076e-06 1.4383041e-05 5.2600817e-06 2.786043e-07 2.3611522e-06 1.0064325e-05 5.50156e-07 3.0102623e-05 2.1975839e-05
0.9003782 0.013230852 0.03699836 0.0005652417 0.098236226 7.968954e-05 0.018444017 0.0007916111 0.011959225 0.055796504 0.075060174 0.0014278626 0.14210495 0.0025476138 0.55803394 6.554808e-05 8.932132e-06 2.7538419e-05 0.008411289 0.7190036 0.0002676261 0.0012175018 7.717146e-17 0.00062532845 0.31168127 0.00017437978 6.258937e-05 0.1653287 1.2700035e-05 0.84690684 0.13678324 0.0033450103 3.7820973e-05 0.0028146934 0.014976921 1.3650927e-05 0.00042496267 0.9172278 0.19937672 2.1094581e-06 0.0006160207 1.7741419e-05 1.1831291e-05 1.4280369e-05 0.029499587 2.1961509e-05 5.206458e-05 3.7937852e-08 0.77609146 1.073766e-05 1.796634e-05 0.00015266497 7.315192e-07 1.7583128e-06 0.0048010484 1.5113499e-05 3.064352e-05 0.00011356842 7.4335577e-07 0.0055489596 1.9009909e-05 0.0007411692 4.151619e-07 0.0017197451 0.08238837 0.2688255 5.0372953e-05 6.0556617e-06 1.1076543e-05 0.004181122 7.5417715e-06 0.6755598 0.0017147486 0.00057760644 0.36619267 0.0007979928 0.00038919022 4.6995515e-06 0.016025914 3.2491575e-05 1.28411275e-05 0.00021063464 0.1335089 5.800615e-06 0.0007013061 2.0597627e-05 0.011996972 0.00012612066 0.00032249623 0.08981089 4.7711055e-06 0.0040197703 9.323171e-06 1.4549558e-05 0.00088333583 0.00045092142 2.213823e-05 8.885845e-06 0.00046809443 1.367395e-05 0.04143969
0.9460366 0.6314259 0.04108928 0.12859154 0.076988176 0.16586852 0.5083962 0.13891304 0.013985411 0.46872002 0.037915505 0.72469646 0.3471346 0.7625483 0.0018095574 0.00180875 0.045356005 0.23448783 0.00037375622 0.0017609057 0.0020066896 1.3359577e-05 0.00062532845 8.352277e-18 0.0006547701 5.93798e-06 0.0026070876 0.0011968821 0.00018736236 0.0003660264 0.00020788111 0.45642355 3.6921602e-07 0.06904519 0.041652635 2.201286e-05 0.78309155 0.004680846 0.001025274 0.0009813042 8.118687e-06 2.9820747e-05 0.94191647 3.476577e-07 0.0002792825 0.7213383 0.003644011 0.0007777045 0.0003757078 0.00012254989 4.3550713e-06 1.8495051e-05 1.8141501e-06 0.0013189504 0.0003733617 0.32657808 0.45511717 0.0036832262 5.1847997e-05 3.93116e-06 0.21014734 0.00024908956 1.6946021e-07 0.0017708888 0.002118033 0.0027405082 0.01768811 0.026332844 0.013263807 1.688687e-06 4.810718e-08 0.0009851599 4.3850926e-07 0.00051898905 0.0012245654 5.558782e-07 6.776786e-07 3.0047954e-07 0.00017700461 0.027825058 4.0296452e-08 0.020185519 0.00023942468 5.897063e-07 1.7069146e-05 1.2575704e-07 0.00013166104 1.2732688e-06 0.01690034 0.011028587 0.0003045507 0.0009214689 0.00056960323 4.0094383e-07 0.00027179366 0.0010973418 0.0005883292 5.697286e-08 1.461e-05 1.1876543e-07 0.009437493
0.81429976 0.0011029454 0.011308003 2.4137637e-06 0.075272396 2.0743134e-06 0.014278736 8.023677e-05 7.528991e-05 0.09347157 0.0007372841 0.00035534328 0.0136262225 0.0023483755 0.09656244 1.46262e-07 2.273221e-07 1.790462e-06 2.5552492e-05 0.7760719 6.835727e-08 4.5411293e-06 0.31168127 0.0006547701 2.2181378e-17 1.2528014e-07 2.1622727e-06 0.94147485 2.6882882e-08 0.7650817 0.008142501 0.00663887 1.1079618e-07 0.008239806 0.07948661 3.0337343e-08 0.0012158398 0.14436701 0.8419012 1.9783963e-07 1.2328999e-05 9.17545e-08 1.9625959e-05 1.21822525e-08 0.29916894 0.00014305128 7.46937e-06 4.502566e-09 0.07787029 2.7294604e-07 3.1975387e-07 3.9183413e-07 1.1368717e-08 8.525993e-08 0.077902265 1.3928526e-06 0.00012038042 0.00023965425 1.9502789e-08 0.033827964 7.163238e-05 0.0010185491 7.970472e-09 1.3346078e-05 0.004888637 0.023617854 1.6328277e-06 1.7635775e-06 1.1649818e-05 0.015043958 2.1852294e-08 0.11997551 0.024103714 3.563629e-06 0.03550553 0.003995432 0.0009800163 9.0624496e-08 0.00026157967 1.4326959e-06 8.6278945e-08 1.642691e-06 0.006960599 7.718561e-07 0.0016578042 2.0158964e-06 0.00042681923 1.6553751e-05 7.390366e-06 0.04101766 1.1028974e-07 0.009389513 2.3213502e-07 9.4543907e-07 0.0019925153 0.001060457 2.3256493e-05 1.2525713e-06 0.00042729103 2.5074555e-06 0.02601138
0.8966911 0.0018154215 0.0001162227 0.049050085 0.00011688842 0.0053691273 0.00032675575 0.00308427 0.4359519 1.619138e-05 0.09510106 0.0007523435 0.0018595004 2.7330992e-05 0.0055510877 0.57774734 0.0011875316 0.00064436684 0.2653253 0.00013181557 0.6885589 0.48676023 0.00017437978 5.93798e-06 1.2528014e-07 1.1030916e-17 0.057284635 4.1615913e-06 0.4958433 3.9718207e-06 0.06273586 1.87626e-05 0.9215342 5.248168e-07 5.9679132e-05 0.6882904 3.8267285e-06 1.4837533e-06 7.489127e-08 0.060432762 0.23460248 0.9152962 3.6771733e-05 0.68534905 6.9371947e-07 2.9992111e-06 0.0003682987 0.0008197282 0.0009566431 0.009923863 0.46327785 0.3324573 0.2608442 2.488406e-05 4.8589123e-07 9.148396e-05 2.4975916e-06 1.9075762e-05 0.0026268775 2.1647311e-07 3.811797e-07 5.6661275e-07 0.03465796 0.18348555 0.0016972524 0.0016229829 7.160157e-05 3.2213993e-06 3.9147394e-06 4.437849e-07 0.021326628 0.00010129596 1.0941747e-07 0.133725 0.0009821795 3.9704173e-07 5.689704e-07 0.10140352 0.020164311 4.925804e-05 0.00789926 9.935894e-06 0.010684875 0.005039364 7.9147585e-06 0.006202654 0.013339164 0.0054742196 3.616527e-05 0.00015292186 1.0030916e-06 1.2807506e-05 1.8944556e-05 0.0009148304 4.229984e-05 1.7152694e-05 0.00011682088 0.0010217401 2.0787336e-06 0.0010517089 0.000119394186
0.8384542 0.03321914 0.00070580485 0.64379627 0.0010023817 0.576206 0.007206745 0.19204322 0.1217828 0.00076894014 0.038622048 0.09466911 0.022660574 0.0011857084 0.0005251603 0.78918546 0.2930472 0.12875852 0.01521202 4.237635e-05 0.18013258 0.006958366 6.258937e-05 0.0026070876 2.1622727e-06 0.057284635 4.6836993e-19 1.7910945e-05 0.9374917 4.955339e-06 0.002828549 7.345505e-05 0.0017350526 4.1974035e-06 3.737721e-05 0.07120722 0.00029543723 6.0725492e-06 5.067953e-06 0.89937615 0.0007790674 0.008597586 0.00413835 0.0006180293 1.3461115e-06 7.3918636e-05 0.20588346 0.52315503 4.463196e-05 0.8554639 0.19349356 0.0009165923 0.002475433 0.029466294 3.3449928e-07 0.0028087043 1.0221051e-05 1.0900639e-05 0.63192075 3.7647283e-08 6.7430474e-06 2.1915032e-06 0.0007729202 0.011079757 0.0009358403 0.0013615526 0.0067630415 5.511251e-06 1.3699199e-06 7.248552e-07 1.3820471e-05 0.0001383493 6.3796115e-08 0.0052825455 0.0002258414 1.3436457e-07 4.7256157e-07 0.005593492 0.0008063505 2.6598555e-05 2.2929802e-05 9.1476104e-05 0.0002738099 0.061259232 2.1685682e-05 0.012762055 0.00068889954 0.00040724286 5.2513427e-05 0.0007491239 3.6432237e-05 0.00016788757 0.02123207 0.0016428753 1.8104385e-05 0.00034206256 2.8495765e-06 0.00024830358 7.998355e-06 0.0008212023 0.0005762214
0.72875994 0.0035624367 0.017537085 8.399504e-06 0.24281049 1.2467432e-05 0.06534893 0.00020712004 0.0005796169 0.3069783 0.0012707821 0.001794509 0.013365797 0.010863897 0.051201858 9.370811e-07 1.8210403e-06 1.3858005e-05 4.3636162e-05 0.6624662 1.2327129e-07 5.193423e-06 0.1653287 0.0011968821 0.94147485 4.1615913e-06 1.7910945e-05 1.5010666e-18 2.9861638e-07 0.4618092 0.0044315057 0.030493509 4.0872618e-07 0.041042536 0.35869822 2.2566786e-08 0.0027755783 0.073311254 0.7755441 7.521075e-07 3.993226e-06 1.5101966e-06 1.3930182e-05 8.553876e-09 0.7247375 0.0005604943 1.0799256e-05 8.805199e-08 0.03600683 2.7934643e-06 1.2158633e-06 3.882406e-07 1.570067e-08 1.6472836e-07 0.297504 5.2475452e-06 0.0004166992 0.00089624117 4.68889e-07 0.1329975 0.00014034318 0.0033351406 1.2354638e-08 4.6541827e-06 0.0018636911 0.011021485 2.3886132e-06 5.2299347e-06 1.9060068e-05 0.052205414 4.118741e-09 0.1457584 0.09405813 1.6075523e-07 0.029941978 0.029610567 0.015716124 1.8862853e-07 0.000112106245 1.3667197e-05 3.8997708e-08 5.5769074e-06 0.0045904526 2.9041728e-06 0.00643582 1.0152929e-05 5.2497704e-05 1.0425754e-05 5.2199434e-06 0.05385001 7.408737e-07 0.009005306 1.2475584e-06 1.543312e-05 0.013012987 0.0013874146 0.0001504494 1.6082583e-06 0.0009824535 1.1497613e-05 0.033692684
0.90448403 0.0122342035 5.484294e-05 0.43581206 0.00014411689 0.21164986 0.0014474374 0.022416474 0.17630163 1.6394131e-05 0.050361 0.009760821 0.012270544 4.22045e-05 0.00027134406 0.898552 0.0509624 0.01903106 0.054706153 4.544396e-06 0.35191193 0.028527759 1.2700035e-05 0.00018736236 2.6882882e-08 0.4958433 0.9374917 2.9861638e-07 1.9224585e-18 1.4564397e-07 0.0046289517 4.119753e-06 0.06333822 8.013188e-08 1.8569428e-06 0.27228913 8.473678e-06 2.0969152e-07 1.1310493e-08 0.95518774 0.003192521 0.16646455 0.00045170932 0.035294708 7.6842944e-08 2.51065e-06 0.0047507784 0.07512255 1.4163847e-05 0.5227025 0.72401625 0.0064175613 0.0478727 0.00085242465 1.0525807e-07 0.00013428264 1.524031e-06 4.6125032e-07 0.25445497 4.442604e-09 2.6017608e-07 4.4385132e-07 0.008867966 0.022460654 0.00085797184 0.00026701932 0.00014199491 2.76258e-07 2.7249294e-07 8.9890264e-08 0.00054954825 3.1031068e-05 1.5514198e-08 0.015266352 0.00012286457 8.773192e-09 1.551616e-07 0.045969218 0.0015515282 3.3245735e-06 0.00066454586 3.930024e-06 0.0005896276 0.051576234 9.0552754e-07 0.020609556 0.0032250634 0.0056136493 1.5474259e-06 0.00026618133 5.6928875e-06 1.8110206e-05 0.003541374 0.0017760245 3.607954e-06 4.4411598e-05 9.441079e-06 0.0008382664 5.635765e-07 0.0013557684 8.752909e-05
0.8671256 0.0010231842 0.0095851105 1.21685e-05 0.026769197 7.3829615e-06 0.005644813 0.00018564296 0.00034242452 0.017899763 0.0028610858 0.00035463116 0.0056708124 0.0006741649 0.132428 1.0643226e-06 4.9920254e-07 2.0359025e-06 0.0004999797 0.88493234 9.83966e-07 3.387613e-05 0.84690684 0.0003660264 0.7650817 3.9718207e-06 4.955339e-06 0.4618092 1.4564397e-07 3.28592e-17 0.013637475 0.0013242131 2.0420473e-06 0.0030400977 0.013606362 1.3626135e-07 8.456228e-05 0.88008654 0.88617873 6.6828596e-07 4.9967504e-05 4.1527318e-07 2.4144017e-06 1.0235213e-07 0.2177833 1.3273942e-05 2.7356158e-05 9.33045e-09 0.4875399 3.4211193e-06 1.2799442e-06 4.1292483e-06 2.1133483e-08 2.980647e-07 0.012460217 2.0961954e-07 1.4779667e-05 0.00013508402 1.5867431e-07 0.0037700858 1.8182993e-05 0.0006372349 1.0270193e-08 7.925179e-05 0.013658761 0.075787745 4.956809e-06 1.492393e-06 1.4995965e-06 0.02821725 1.4800929e-08 0.79182726 0.012981733 2.447033e-06 0.24252462 0.003995371 0.0011410984 3.8130838e-07 0.0018147343 1.2179692e-05 5.232217e-07 1.95245e-05 0.038513396 4.3259112e-07 0.0017717234 5.119264e-06 0.0015983535 3.0459643e-05 1.4124042e-05 0.1838435 3.627335e-07 0.021566382 1.2919195e-06 4.8081724e-06 0.0006554764 0.0019889288 3.2702787e-06 2.7993074e-06 0.0007641424 8.336062e-06 0.12851623
0.9956621 0.08761261 0.2579961 0.11716161 0.03026728 0.009379091 0.015762888 0.011203645 0.25290772 0.02385248 0.7682803 0.0032655515 0.39782882 0.0021156264 0.80877644 0.11880652 0.00015350734 0.00038205352 0.54603577 0.06850671 0.09166216 0.26325506 0.13678324 0.00020788111 0.008142501 0.06273586 0.002828549 0.0044315057 0.0046289517 0.013637475 1.20159786e-20 0.0012942466 0.041754 0.00066438643 0.0016636509 0.017936349 4.7097565e-05 0.024487257 0.0037918887 7.0379516e-05 0.0692937 0.004327618 8.573473e-06 0.0026838675 0.00045594556 7.877762e-06 0.00012184763 1.8490915e-06 0.33031416 6.2551066e-05 0.0001133745 0.00851911 0.00018374316 6.071576e-06 8.268411e-05 6.102357e-05 9.17402e-07 0.00019354303 1.6630433e-05 7.4486954e-05 1.3472327e-06 0.0013091688 1.2512611e-05 0.045292143 0.41600242 0.10169697 0.0006115612 2.9556852e-06 1.0114421e-06 0.000113637216 0.0039900807 0.05862072 1.4966255e-05 0.018835237 0.15009043 1.6185173e-05 2.652722e-05 1.1580029e-06 0.18429781 3.377458e-05 2.8105143e-05 2.8226124e-05 0.79251266 4.8141146e-06 0.0001342783 1.0887039e-05 0.11889618 6.894638e-06 8.655021e-05 0.01811819 1.16780275e-05 0.00019108216 1.7281777e-06 2.2514581e-05 6.604813e-05 0.00014117357 2.669568e-07 3.434323e-06 1.5485959e-05 2.7655484e-05 0.0035562927
