2.3929102e-20 0.95760524 0.99403924 0.9789288 0.971602 0.9933927 0.91210145 0.97423005 0.9389174 0.92517 0.8042341 0.86609924 0.9865589 0.7017245 0.9595006 0.68876594 0.9658954 0.85770136 0.97564447 0.99983144 0.8911039 0.9935143 0.96585804 0.9984255 0.74075526 0.7008351 0.85081255 0.81081474 0.97947145 0.74357986 0.9288083 0.9551277 0.99607 0.56467104 0.99345064 0.7851542 0.73312247 0.9510562 0.41753662 0.880741 0.9815562 0.43588975 0.7685845 0.56138283 0.4023653 0.99288964 0.10001592 0.9051266 0.30667686 0.12827149 0.96009207 0.9749007 0.9716205 0.22914304 0.07899432 0.73174614 0.21114628 0.9360467 0.9957028 0.18147379 0.033353556 0.04908299 0.01749645 0.8128874 0.012571023 0.040242437 0.7022641 0.998088 0.5131874 0.012356803 0.82024944 0.2887894 0.002256909 0.7543168 0.96867466 0.02331207 0.009452634 0.48643866 0.9424382 0.45440975 0.0056302533 0.013653098 0.08087974 0.00084903016 0.0019584033 0.0008094656 0.0011034814 0.14006644 0.003447834 0.37156993 0.0013441533 0.5015459 0.9779298 0.06517847 4.958267e-05 0.9729472 0.0005384955 0.982439 0.6442386 0.011349145 0.99988073
0.95760524 5.22628e-19 0.8987514 0.5604683 0.8234819 0.88902503 0.18696883 0.028047204 0.4803475 0.6722925 0.8060088 0.006346622 0.19867472 0.34737712 0.4936376 0.39819914 0.0007856458 0.14614408 0.03102776 0.58846605 0.04831747 0.015758004 0.06638507 0.4232189 0.0019414291 0.0056077177 0.028317882 0.00020979525 0.07397884 0.01041685 0.012244616 0.0027032087 0.09865197 0.022199126 0.27581728 0.01631711 0.00010606922 0.0030180267 0.019792335 0.022584926 0.015435174 0.00028861433 2.2036598e-05 0.00797687 0.0063311644 0.0063131363 3.449172e-06 0.00020495744 0.00077554997 0.00012055205 0.042459615 0.062178604 0.00020721863 0.0006035886 0.00030342877 3.9418214e-06 1.3624623e-06 0.00010622643 0.07057607 0.003874528 4.7508142e-06 4.2882393e-06 0.0009404398 0.0004936117 0.00019455624 0.00019095773 7.7858305e-05 0.0028514622 6.1561215e-05 9.878708e-05 2.7810152e-05 3.9733322e-06 3.8717426e-05 9.413006e-07 0.0034997787 4.8987285e-06 0.000111844485 5.9733707e-06 0.008465682 3.436087e-05 2.792086e-05 1.3893907e-07 1.7408092e-07 1.41077935e-05 2.7583337e-05 3.1528405e-06 1.1916331e-05 1.3667223e-05 4.0995903e-05 9.713944e-06 2.4363273e-05 3.684055e-06 0.010820908 0.00014234133 3.9676428e-07 1.29995715e-05 1.5296977e-05 0.011086664 2.0129539e-07 1.238449e-07 0.0123997545
0.99403924 0.8987514 2.3702855e-15 0.1561336 0.071637794 0.16278993 0.0040495405 0.0016721592 0.8352126 0.21884988 0.84335333 6.35855e-05 0.10092771 0.14242017 0.08865125 0.5295451 0.00017160998 0.020581182 0.3483996 0.5116457 0.48385105 0.00034860393 0.7932438 0.38598996 0.00045785494 0.0011334132 0.011269946 3.92148e-06 0.0008269093 0.14137141 0.058346253 2.8804445e-05 0.0063093686 0.58047515 0.024523247 0.0046735955 3.1815845e-05 0.0019579048 0.119900644 0.00087011314 9.096527e-05 9.380968e-05 3.7559224e-07 0.571124 0.57859105 0.00097171584 6.5667177e-06 0.00018078134 0.009083209 0.06466719 0.0015493057 0.0047160313 3.9774914e-06 0.014980835 0.08492025 1.5090319e-06 8.335411e-06 1.1896643e-05 0.0035339466 0.15284124 0.00042178528 0.00012547954 0.0197087 7.732361e-05 0.028245779 0.115420476 2.1014697e-05 0.00022684471 3.2296095e-06 0.009433061 4.5164747e-05 2.2171466e-07 0.0011476525 4.5955524e-08 0.0024145478 6.3052784e-07 0.0009290247 1.4151614e-05 0.009839674 0.0002053705 0.00067480846 2.3488796e-05 2.0081998e-08 0.00011015231 0.004272291 0.00020141514 0.00031523957 9.17935e-05 0.00019269492 8.188467e-06 0.00020094031 2.4886054e-05 0.009411593 0.00047490906 1.7015267e-05 1.8381665e-07 4.425453e-05 0.011207913 9.693116e-07 2.074552e-05 0.0019994152
0.9789288 0.5604683 0.1561336 1.2982921e-18 0.90454406 0.29128504 0.56992126 0.5094014 0.89056784 0.017454194 0.3964424 0.020911412 0.0026168148 0.011585476 0.017040806 0.04240198 0.0686982 0.0006015566 0.8983213 0.4167729 0.12701122 0.034408525 0.007479682 0.2555146 0.16620745 0.3642333 0.0013230448 0.003478906 0.010124151 0.405924 0.79386556 0.01583522 0.0017986544 0.013513745 0.053773865 0.0002988741 0.009159798 4.9444418e-05 0.22258921 0.00018059903 0.002101548 0.02946399 3.2601263e-05 0.0059879352 0.03923336 0.00031469678 0.0018917017 6.924557e-07 0.1856065 0.027222775 0.0024679033 0.0042904057 0.00019650953 0.2034644 0.018756578 5.816389e-05 0.00017914285 2.835506e-05 0.004922907 0.00040226866 0.009568593 0.0065622167 0.00036838776 6.954591e-05 0.0001337502 0.0011227337 9.7122465e-06 0.00050655304 2.2899994e-05 0.00010884948 3.1556198e-08 3.5230116e-06 0.0035795257 1.3932798e-07 0.001128468 1.3141968e-06 1.0285342e-05 1.8529528e-07 0.0017112086 1.0846286e-06 0.00063711643 9.071499e-05 8.306755e-08 0.0015346394 0.00033882674 0.0008924925 2.7276235e-05 9.514232e-07 3.9865904e-06 3.2546835e-05 2.8573118e-05 2.1158722e-07 0.0053476263 1.4720361e-05 7.16638e-05 5.6328768e-06 6.342189e-06 0.0072991373 3.5098192e-06 5.556397e-07 0.0013264553
0.971602 0.8234819 0.071637794 0.90454406 7.833497e-18 0.8635332 0.89003533 0.47374198 0.28828573 0.0150564965 0.12338045 0.30400488 0.0005631881 0.004410862 0.06956749 0.026082389 0.21027528 0.00033628903 0.32383558 0.1957351 0.015814612 0.17408292 0.0017842514 0.12626043 0.2672862 0.2329911 0.00016388232 0.027695559 0.14835504 0.04683136 0.26282382 0.11037962 0.011015972 0.0037575571 0.46170443 7.5245545e-05 0.035358965 1.1999249e-05 0.01276718 0.0034504489 0.033580508 0.041109994 0.0013723596 0.0023168356 0.0027514938 0.0009280781 0.006818893 3.6782498e-07 0.053189784 0.0034240412 0.062996455 0.08455008 0.0028298977 0.026291842 0.0008592037 0.00023565114 0.0017041259 2.2702487e-05 0.07110992 8.813125e-05 0.0039339764 0.0044945036 9.6597705e-06 0.00016549467 1.923812e-05 3.503303e-05 7.2597018e-06 0.010146773 3.9029765e-05 4.1895137e-06 4.5630262e-08 2.1983804e-05 0.0004904813 7.702645e-06 0.0036999667 2.137371e-06 5.0471624e-07 4.340211e-06 0.0027960832 6.4759644e-07 0.00010075748 0.00045106123 1.0950014e-07 0.0007206501 0.00011099021 2.5487036e-06 2.2085385e-05 1.1394345e-06 7.3344086e-07 4.1574396e-05 7.963404e-06 1.2667303e-07 0.011691394 1.9032785e-05 2.4677925e-06 0.00020983486 4.8128886e-06 0.020818543 8.578224e-06 1.0288206e-05 0.005547446
0.9933927 0.88902503 0.16278993 0.29128504 0.8635332 8.693911e-18 0.37546602 0.10856103 0.09491006 0.2977734 0.10622018 0.084850565 0.0676096 0.019842802 0.49344844 0.012727676 0.025630599 0.014609331 0.08802146 0.7828989 0.023280004 0.12388778 0.019916603 0.4947403 0.027052844 0.017474797 0.002138767 0.0063190036 0.36511436 0.007949633 0.055492856 0.034275945 0.09753238 0.0037618328 0.82110333 0.0011475496 0.0006988575 0.0005780729 0.0075175045 0.00867938 0.12786081 0.0035723385 0.00074383273 0.0027186833 0.0022688808 0.00688025 0.00016084686 2.2227548e-05 0.0018599153 0.00013052188 0.23339838 0.32203272 0.00747139 0.0015744274 8.9821675e-05 0.00011157614 9.947205e-06 0.00017764758 0.33721396 0.00013865283 0.00021170724 0.000150014 0.000109166445 0.0003407904 2.249831e-05 2.8830664e-05 6.6537716e-05 0.042667713 7.2801995e-05 8.499828e-06 2.8319023e-06 0.0006585457 3.7349913e-05 3.9196875e-05 0.0051816814 1.0468626e-05 1.6181631e-06 1.2490458e-05 0.012829775 2.0865473e-06 6.5785236e-05 4.8509464e-06 2.2611259e-07 1.254419e-05 6.0790535e-05 1.1577456e-06 7.767915e-06 5.897403e-06 2.0849957e-06 2.2339991e-05 4.450218e-06 2.9590074e-06 0.025946349 1.4665237e-05 3.0817455e-07 0.0010162011 5.878626e-06 0.034464803 1.0925543e-05 1.3147195e-06 0.025948348
0.91210145 0.18696883 0.0040495405 0.56992126 0.89003533 0.37546602 1.2017137e-18 0.9067683 0.020912139 0.00071959425 0.004367018 0.9024404 1.9108316e-05 0.0003475858 0.00295321 0.0008399613 0.4863923 3.4483845e-05 0.06264967 0.024493005 0.007304266 0.3350066 0.002211733 0.010875279 0.6018653 0.55189365 9.077591e-05 0.38728607 0.44445828 0.0070195356 0.25503716 0.2297655 0.0009458166 0.00042989574 0.18566167 3.65338e-05 0.3244778 8.441093e-06 0.0025759658 7.946711e-05 0.17035463 0.19155413 0.04401829 0.0014200548 0.0014236644 6.151362e-05 0.0400664 1.2346748e-06 0.04270434 0.001009512 0.07333651 0.04771495 0.010790713 0.0077748057 0.0005792351 0.009161204 0.012460051 7.117035e-07 0.064469986 5.889976e-05 0.0038055517 0.009968488 1.3715156e-05 4.4521494e-06 6.6417792e-06 1.6245241e-06 1.1334141e-06 0.017666424 1.2623774e-06 4.050254e-06 8.622612e-08 0.0020537537 0.0005950441 0.0002501024 0.0003675175 3.853242e-08 2.9260518e-06 8.373922e-07 0.00026760108 1.2758835e-06 0.00010643988 0.0030470232 7.726368e-09 0.00045665182 9.483817e-06 2.2637466e-06 1.0834309e-05 9.118675e-07 4.939893e-07 4.032692e-07 8.407222e-06 6.059027e-07 0.0011414047 6.0209036e-06 3.4175602e-07 0.0010010882 6.8025765e-05 0.0013971799 0.00019054988 0.00031169143 0.00094470964
0.97423005 0.028047204 0.0016721592 0.5094014 0.47374198 0.10856103 0.9067683 8.3206707e-17 0.06652897 0.00018233169 0.0055407262 0.45045805 1.0080857e-05 0.00021032032 0.00065191893 0.0015794843 0.71712863 6.7172386e-06 0.37622535 0.028428359 0.040721796 0.35424492 0.0046823327 0.0066490276 0.71702534 0.79216903 2.772972e-05 0.16766053 0.09294745 0.070198044 0.85060656 0.11789027 9.7083896e-05 0.005165927 0.026056778 4.6497457e-06 0.34909624 5.099162e-07 0.030054895 9.295652e-07 0.029972095 0.5179776 0.0128383 0.015301655 0.02044 1.9792162e-06 0.12824883 5.6186376e-08 0.60256064 0.04738527 0.013320692 0.013353475 0.0030793059 0.47114965 0.0124748 0.010119488 0.059572335 7.865694e-09 0.02021114 4.3635835e-05 0.14527333 0.14424925 1.5472939e-05 1.5191749e-07 7.864674e-05 6.900845e-05 3.1264184e-07 0.006707829 1.4474132e-07 1.1323947e-05 2.2935934e-08 0.0003751214 0.011031131 0.00012348196 0.00012211729 5.1989975e-08 6.8348404e-06 2.6236077e-07 1.4824896e-05 1.0852483e-06 0.003783972 0.04460519 1.7016206e-09 0.010329262 1.9583798e-05 4.1832674e-05 5.726817e-06 2.082167e-07 4.123798e-06 1.5651453e-08 4.904745e-06 1.577482e-07 0.00025406055 2.806717e-06 3.6386386e-06 0.00014259404 2.96962e-06 0.00042885297 0.0003361635 0.001699913 0.0007079668
0.9389174 0.4803475 0.8352126 0.89056784 0.28828573 0.09491006 0.020912139 0.06652897 4.032216e-18 0.044290636 0.73956877 0.0004700977 0.03729143 0.048719432 0.02505163 0.49868876 0.002419587 0.0037506504 0.6376808 0.3895195 0.9679599 0.01984662 0.17106476 0.18784109 0.00073422614 0.0052398094 0.006169802 4.7963178e-05 0.010772197 0.4443 0.049099084 0.0004460265 0.0034058508 0.33634257 0.038217254 0.0043142233 3.5117595e-05 0.0010316051 0.4561422 0.0003817039 0.00038783802 0.0002843214 1.3042892e-06 0.078613795 0.3868881 0.0005890074 2.0985519e-05 4.0270163e-05 0.005238268 0.02354962 0.0013814851 0.003805517 1.6818396e-05 0.007184604 0.034916725 7.9721764e-07 2.099011e-06 1.1141307e-05 0.00539443 0.0038046646 0.0006261409 0.0002570313 0.0024735911 3.500922e-05 0.0015049634 0.019676106 7.867199e-06 9.5340154e-05 1.6432983e-05 0.0013747344 4.965053e-07 3.5494494e-07 0.0014307094 4.083027e-07 0.0008010348 4.1448342e-07 4.685265e-05 8.406376e-07 0.003983497 9.58787e-06 0.0005813111 2.4842611e-05 1.1263643e-07 0.00048282184 0.0033618032 0.00079278316 0.00043945562 2.274866e-06 1.1746116e-05 1.4782613e-05 0.00010921789 2.546593e-07 0.0058261184 0.0001974168 4.5250843e-05 1.0729485e-06 2.0149653e-05 0.007866749 5.175586e-07 1.2124428e-06 0.0012314094
0.92517 0.6722925 0.21884988 0.017454194 0.0150564965 0.2977734 0.00071959425 0.00018233169 0.044290636 5.1417638e-18 0.21549085 3.1365813e-05 0.93976176 0.7714418 0.87105316 0.17445168 4.9678096e-05 0.8946007 0.0017311956 0.37459886 0.01430146 0.00021456691 0.19351417 0.5145523 1.336391e-05 2.273531e-05 0.34595403 7.978113e-06 0.004219621 0.00019578655 7.147836e-05 6.538176e-05 0.4064244 0.014785943 0.27275947 0.21759005 2.2419417e-06 0.28647992 0.0012118262 0.47414652 0.0007898608 5.840509e-06 3.3176485e-07 0.016867004 0.0018307467 0.10109965 2.818639e-07 0.070351824 3.2425096e-06 8.985539e-06 0.012527699 0.022791147 1.7119453e-05 5.4937345e-06 1.4175091e-05 5.037679e-07 7.0651026e-08 0.0014496981 0.046636358 0.012880862 2.8284745e-08 2.000884e-06 0.0015861858 0.0014324638 0.00040293523 8.705658e-05 0.0014577169 0.0012588868 0.00033263338 9.792413e-05 0.002484041 3.6375678e-07 1.0224907e-06 1.8663178e-07 0.006800495 0.00014146292 0.0008457515 0.0005206304 0.02839799 0.0016315695 4.191967e-06 4.4681983e-06 1.2149471e-05 7.6034485e-07 3.2904245e-05 9.0971076e-07 4.3528227e-05 0.0002593926 0.0006467981 0.00032232463 4.7440844e-05 0.00051377574 0.0370444 0.0010336199 1.4951246e-07 1.0196112e-06 6.300524e-05 0.019501286 2.3581019e-07 2.4234166e-06 0.021313792
0.8042341 0.8060088 0.84335333 0.3964424 0.12338045 0.10622018 0.004367018 0.0055407262 0.73956877 0.21549085 1.1942966e-18 0.00020198607 0.14298601 0.7228702 0.04902968 0.96093565 0.00017191074 0.039560754 0.012842598 0.24491604 0.4928317 0.0021173633 0.35253763 0.16519491 2.9929755e-05 0.000256912 0.07959385 2.6625203e-05 0.00373251 0.0044657984 0.0015984769 0.0002035553 0.005792067 0.60615945 0.02619918 0.104059935 2.25847e-06 0.020406561 0.0443755 0.0013284581 0.0012540482 5.368116e-06 2.6719613e-06 0.1801031 0.056854416 0.0019588787 5.694258e-07 0.003315292 0.0002900829 0.00060331443 0.001759067 0.003554628 3.3553893e-05 0.00027115498 0.0023375242 2.0094012e-06 1.8998344e-07 5.4841003e-05 0.00609102 0.029418755 6.0629895e-06 4.4302606e-06 0.010652937 0.00014050187 0.0071249553 0.006465823 6.634642e-05 0.00015819121 0.00012137897 0.00271682 7.6212935e-05 4.508384e-07 2.0816788e-05 3.5794808e-06 0.00035417234 1.5119007e-05 0.0022044617 4.8789905e-05 0.0019399236 9.0823196e-05 6.908878e-05 1.3586215e-06 1.4874157e-06 9.571773e-06 0.0008287567 1.2106838e-05 0.00036227333 2.5658863e-05 0.0005197352 2.0069698e-05 0.00047373297 2.8288565e-05 0.0015728449 0.00038808407 2.7518636e-06 1.0981996e-05 0.00019870668 0.002145533 3.7655727e-06 8.690333e-06 0.0007391218
0.86609924 0.006346622 6.35855e-05 0.020911412 0.30400488 0.084850565 0.9024404 0.45045805 0.0004700977 3.1365813e-05 0.00020198607 1.5611558e-16 3.3337078e-06 2.182646e-05 0.00024728267 1.3623227e-05 0.6509996 1.3426998e-06 0.0014402148 0.00416825 0.00024612068 0.83537793 8.01442e-06 0.0012445331 0.55790347 0.24237543 7.030502e-06 0.88353634 0.6751593 0.00045687158 0.012039121 0.67556417 8.039195e-05 1.5817799e-05 0.061705906 1.3983068e-06 0.5152773 4.4640475e-07 0.00022949745 8.548874e-06 0.3757843 0.11930317 0.35133886 2.4437717e-05 0.00013595769 6.6392213e-06 0.06420787 9.2263434e-08 0.0048199147 4.4061406e-05 0.08944501 0.057663433 0.14363098 0.0005173805 7.817209e-06 0.051424973 0.028146988 1.2695725e-07 0.051192343 2.0670317e-05 0.0007357279 0.0045487955 4.071834e-06 4.032641e-06 5.450826e-06 5.029375e-07 1.9998022e-06 0.04593873 6.3980733e-06 1.6074363e-06 4.5639833e-08 0.026042853 8.4757994e-05 0.00093003834 0.00015923148 2.9559728e-06 1.689556e-07 8.404532e-07 2.5607676e-05 2.255565e-07 8.469222e-05 0.002804335 1.0168296e-07 7.634344e-05 6.4188653e-06 1.10408656e-07 1.7195433e-06 1.3434983e-07 2.8760277e-07 4.8961692e-06 5.733183e-06 4.2564363e-07 0.00040818905 1.1196946e-06 2.3761828e-08 0.0055986205 6.336241e-06 0.0007115641 0.0012022444 0.0023307952 0.0014533444
0.9865589 0.19867472 0.10092771 0.0026168148 0.0005631881 0.0676096 1.9108316e-05 1.0080857e-05 0.03729143 0.93976176 0.14298601 3.3337078e-06 8.760273e-15 0.53197557 0.6968553 0.075597584 6.120328e-06 0.78870225 0.0012212056 0.4517546 0.032227814 9.294186e-06 0.45000452 0.6899093 9.264111e-07 1.3290035e-06 0.52129453 3.7687533e-07 0.00029650584 0.00026492064 6.4738415e-05 1.7488624e-06 0.5587474 0.066477165 0.26962242 0.4385342 3.053861e-07 0.7741139 0.0012332409 0.6657042 2.3172473e-05 5.9500593e-08 6.397963e-08 0.10319806 0.0034861078 0.25223327 1.23492905e-08 0.41433126 7.5443717e-07 1.0030463e-05 0.0054967306 0.024948101 1.2673677e-06 4.3090276e-06 9.931688e-06 1.6614943e-07 5.1547914e-08 0.0016407106 0.04341407 0.05538006 6.608224e-08 2.906263e-07 0.0060499334 0.0016263016 0.0016030292 0.0001495987 0.0014217994 0.000253567 0.00021558264 7.746754e-05 0.025121037 3.85585e-09 1.056175e-06 5.028173e-08 0.012852718 5.8445465e-05 0.0027902867 0.003440399 0.07956023 0.0043442384 1.5700243e-05 1.8322781e-06 6.149615e-05 5.268609e-07 3.1582378e-05 6.399596e-07 5.1577026e-06 0.0018612115 0.0005434803 0.00049569795 0.00010362082 0.001251744 0.08474928 0.005796731 5.2737434e-08 3.708393e-07 2.7644726e-05 0.062720545 6.718244e-08 6.249519e-07 0.036871012
0.7017245 0.34737712 0.14242017 0.011585476 0.004410862 0.019842802 0.0003475858 0.00021032032 0.048719432 0.7714418 0.7228702 2.182646e-05 0.53197557 9.3723124e-20 0.10019684 0.6460336 2.5420777e-05 0.96057975 0.00072306406 0.07003002 0.0098048095 0.000113100956 0.40007284 0.1320826 2.859036e-06 7.1781146e-06 0.90013254 4.8530937e-06 0.0004800404 0.0003497211 2.169495e-05 3.2957254e-05 0.023240775 0.036940157 0.020449994 0.67099756 6.596145e-07 0.6953339 0.0010610017 0.03978288 0.00017113797 1.4956545e-06 2.3172693e-07 0.023189902 0.0033413696 0.013109879 1.6470983e-07 0.16832049 5.7174935e-07 3.6102433e-06 0.0004377294 0.0013986983 3.158185e-06 8.785399e-07 7.4266454e-06 5.038328e-07 1.5912664e-07 0.00031301167 0.0032792783 0.052328974 1.5293438e-08 6.554844e-09 0.006144201 0.0005493552 0.000819736 0.00016655693 0.00046080846 0.0003940884 0.00014737576 0.00030123518 0.015780186 3.725832e-08 7.4699784e-07 2.8840066e-07 0.002366501 3.7031838e-05 0.0064114504 0.00020173598 0.0036817212 0.0042527365 6.2230206e-06 2.5651985e-07 1.5231432e-06 2.1318205e-07 4.7594667e-06 4.4223856e-07 7.3836095e-06 0.000288882 0.0034025977 0.00011309351 0.00010404433 0.0002767663 0.0034744793 0.002739766 1.6470361e-08 3.8559088e-07 0.00012795221 0.0016062467 3.90578e-07 1.926869e-07 0.003530866
0.9595006 0.4936376 0.08865125 0.017040806 0.06956749 0.49344844 0.00295321 0.00065191893 0.02505163 0.87105316 0.04902968 0.00024728267 0.6968553 0.10019684 6.134252e-16 0.02496763 6.822373e-05 0.47701216 0.0006785973 0.5502181 0.0031288494 0.0023755922 0.01887723 0.866897 2.9953684e-05 2.692282e-05 0.031736583 4.4297263e-05 0.023662785 4.0017796e-05 4.3082902e-05 0.00024471103 0.8100304 0.0023496023 0.71614844 0.00853245 4.0371197e-06 0.06754888 0.00024062186 0.78271854 0.0048209256 7.238464e-06 3.5705996e-06 0.00055978866 0.00042810783 0.21393442 4.201294e-07 0.004290483 3.227982e-07 7.710237e-06 0.038988736 0.110353544 5.8776866e-05 7.954678e-07 1.4654249e-05 1.6478391e-06 3.163335e-07 0.0052234796 0.10775686 0.00025144767 4.371643e-07 1.5645471e-06 1.670839e-05 0.00654787 1.44407795e-05 0.00012144242 0.005710712 0.0025673197 0.00253273 0.0002149571 0.0029549242 1.8263283e-05 1.7511004e-06 7.1258137e-06 0.012442281 0.00038636706 1.2318749e-05 0.0014328121 0.022941442 0.00047069005 0.00051755895 1.3314442e-06 9.545888e-05 4.6338055e-06 0.00017325571 1.2618585e-06 1.1186321e-05 0.00015902617 4.639485e-05 0.0014329317 1.4457577e-05 0.00047876468 0.061453883 0.00014624854 3.0063905e-08 1.0217074e-05 6.836069e-05 0.054666333 1.4587855e-06 7.447132e-07 0.07560447
0.68876594 0.39819914 0.5295451 0.04240198 0.026082389 0.012727676 0.0008399613 0.0015794843 0.49868876 0.17445168 0.96093565 1.3623227e-05 0.075597584 0.6460336 0.02496763 1.9258047e-19 5.849983e-05 0.04441154 0.008017437 0.061676446 0.36709285 0.0002176457 0.8994874 0.062306225 4.532537e-06 3.235925e-05 0.17225184 1.9347492e-06 0.0005443224 0.0037446087 0.0008290077 3.094483e-05 0.0055619087 0.87661165 0.0052716024 0.2809298 9.431889e-08 0.034721103 0.027461363 0.0022408892 7.5968535e-05 8.515085e-07 9.126875e-08 0.31804422 0.035483982 0.0028713157 7.151547e-08 0.015681764 8.978784e-05 0.00016376482 0.00012118095 0.00055780355 3.6007805e-06 0.00014885141 0.00050145306 3.2092822e-07 9.576707e-09 0.00013523844 0.001837204 0.10454468 3.5744065e-07 2.8981867e-07 0.022671469 0.00015302486 0.011431308 0.008543161 0.00033412452 1.2906246e-05 0.00022727 0.0045501185 0.0004948681 9.8669e-09 1.5104206e-05 7.4142076e-07 0.0006077057 1.2756493e-05 0.0066178464 0.00025127243 0.0023152253 0.00020871004 1.11717045e-05 3.059569e-07 2.5275927e-05 1.359398e-06 0.00082233077 9.398345e-06 0.0005072944 1.458789e-05 0.001333543 8.8859844e-05 0.0014442714 2.5799043e-05 0.0038665703 0.0008381465 1.3979841e-06 1.2119568e-07 0.00043660853 0.0034250766 6.0142264e-07 1.83068e-06 0.0011261737
0.9658954 0.0007856458 0.00017160998 0.0686982 0.21027528 0.025630599 0.4863923 0.71712863 0.002419587 4.9678096e-05 0.00017191074 0.6509996 6.120328e-06 2.5420777e-05 6.822373e-05 5.849983e-05 4.422693e-13 2.2585216e-06 0.019653833 0.007909485 0.005343321 0.754394 0.000105059364 0.0018386446 0.8823187 0.90190196 6.719328e-06 0.77583486 0.22022173 0.0035650877 0.607718 0.4004483 4.4240016e-05 3.4806177e-05 0.0121656405 7.23016e-07 0.8658983 3.230455e-07 0.00257241 6.985186e-07 0.11221979 0.856685 0.092261374 0.00019712576 0.0030344785 4.102612e-06 0.5815698 7.546426e-08 0.5258439 0.008355751 0.016988093 0.011998168 0.02223174 0.118794955 0.0018037701 0.13398609 0.4114164 5.1520587e-08 0.012490496 6.8256754e-06 0.12475206 0.26743093 4.3482073e-06 7.43716e-07 1.697729e-05 3.3046388e-05 2.1855674e-06 0.01219511 2.1307912e-06 5.5046535e-06 1.0058e-07 0.00060039345 0.008973803 0.000108586435 6.219126e-05 7.7388336e-08 3.893205e-06 3.0849213e-07 7.741621e-05 1.8050415e-06 0.0014614954 0.17613685 4.185342e-09 0.0140987905 6.471569e-05 2.3420638e-05 6.597469e-06 1.3900686e-06 8.262089e-07 3.433067e-07 1.9592999e-06 1.3798206e-06 0.0004351735 1.2488434e-05 9.2368686e-07 0.0010682398 1.270559e-06 0.00084286 0.0037452069 0.019985398 0.0005097004
0.85770136 0.14614408 0.020581182 0.0006015566 0.00033628903 0.014609331 3.4483845e-05 6.7172386e-06 0.0037506504 0.8946007 0.039560754 1.3426998e-06 0.78870225 0.96057975 0.47701216 0.04441154 2.2585216e-06 9.070124e-16 2.3439296e-05 0.05767504 0.002919148 2.7279523e-06 0.09075754 0.33307675 3.2935384e-07 2.5101073e-07 0.60447514 5.2573955e-07 0.00038763316 1.0981242e-05 3.4731422e-06 4.5431134e-06 0.2894658 0.0064384686 0.06374956 0.39435813 8.221182e-08 0.8174834 0.0002232028 0.6875062 4.2821157e-05 2.2298927e-07 3.159263e-08 0.010163387 0.00056239456 0.18138625 1.055457e-08 0.28824726 4.0653656e-08 2.4997269e-06 0.0021599215 0.0057869703 4.378918e-06 4.915245e-07 1.9146487e-06 2.6223967e-07 1.124671e-08 0.0055009252 0.012755533 0.016600978 1.3014871e-08 1.2696898e-07 0.0021900283 0.004193155 0.00029256416 8.431816e-06 0.009395962 0.00033266607 0.0010641285 3.8657895e-06 0.030975703 1.7679593e-08 1.1242678e-06 1.16302914e-07 0.008220791 0.00036309552 0.0020550203 0.006464713 0.03416707 0.009839937 2.5551003e-07 1.0012079e-06 0.00019921237 1.7249725e-07 2.065541e-06 7.881916e-08 4.8601473e-06 0.000805177 0.0012617938 0.0012072803 4.6836474e-05 0.0015704297 0.022277638 0.003228883 1.681505e-08 3.3243785e-07 5.127495e-05 0.010604156 1.5534164e-07 3.4872429e-07 0.005628643
0.97564447 0.03102776 0.3483996 0.8983213 0.32383558 0.08802146 0.06264967 0.37622535 0.6376808 0.0017311956 0.012842598 0.0014402148 0.0012212056 0.00072306406 0.0006785973 0.008017437 0.019653833 2.3439296e-05 1.8652227e-19 0.19770472 0.6193247 0.024179528 0.016411504 0.082141414 0.0014476748 0.024938997 0.00026058248 9.374709e-05 0.00444656 0.97593474 0.621217 0.0035314604 2.682868e-05 0.014683391 0.0061244336 4.705267e-05 6.449617e-05 5.8756887e-06 0.70069003 5.0074743e-07 0.00015815515 0.00080146344 8.112731e-07 0.020034537 0.52688575 7.670044e-07 2.1094915e-05 1.0939175e-08 0.16092432 0.5349553 0.00064457394 0.00085144804 4.692914e-06 0.4707281 0.40345383 6.3873404e-07 1.4751581e-06 2.2414028e-08 0.0008892822 3.965619e-05 0.029527998 0.0015699534 6.571714e-05 4.0830935e-07 0.00017259164 0.006065737 4.6243223e-08 4.7919653e-05 7.330657e-08 0.00020782203 2.1722795e-09 1.6528622e-07 0.0065875426 1.66801e-07 0.00020008974 2.7823557e-08 3.2791186e-07 3.9560565e-08 0.0004619219 3.2283097e-08 0.057813015 5.3333577e-05 1.1604775e-09 0.005067422 0.0022733351 0.012162218 0.00012661355 7.629016e-09 3.7508826e-07 1.0040468e-06 4.4546387e-06 2.3708309e-09 0.0010788732 9.930092e-07 0.00043166365 1.489756e-07 8.6905936e-07 0.0030664909 4.4858677e-07 8.639895e-07 0.0001551213
0.99983144 0.58846605 0.5116457 0.4167729 0.1957351 0.7828989 0.024493005 0.028428359 0.3895195 0.37459886 0.24491604 0.00416825 0.4517546 0.07003002 0.5502181 0.061676446 0.007909485 0.05767504 0.19770472 1.248305e-15 0.1293526 0.0032599631 0.49518937 0.70083386 0.0035906855 0.003689329 0.04702994 0.00042854756 0.019539243 0.010773495 0.06289396 0.0005656572 0.03947072 0.046353627 0.82376206 0.028448543 0.00060913764 0.050753742 0.006437063 0.0034563206 0.0021838925 0.00046856672 4.759601e-05 0.068326645 0.006319302 0.0022969767 3.6723723e-05 0.07365141 0.0012316954 0.0016827398 0.04625504 0.10434352 0.0002548998 0.0011209699 0.00097539945 0.0007122716 1.5321008e-05 0.00013051229 0.1341422 0.0026041046 0.00012480369 0.00019376964 0.00051934976 7.501176e-05 0.00024413085 0.0020274336 0.0010676888 0.00089312973 7.927476e-05 0.00066163787 0.0017428254 2.2637023e-05 0.00012649951 0.00015545599 0.00038699192 1.5606583e-05 0.0001794657 0.00034865047 0.00075943867 0.0007196841 0.0021142014 6.07122e-05 4.3204627e-06 0.0004739262 0.0021250383 0.00011085364 0.00022937493 0.000937944 0.0001671731 0.00013268986 8.315819e-05 0.0019769236 0.00953598 0.00085367716 1.3797675e-05 3.926718e-05 4.6439738e-05 0.027188793 0.00011158072 3.4048277e-05 0.037453715
0.8911039 0.04831747 0.48385105 0.12701122 0.015814612 0.023280004 0.007304266 0.040721796 0.9679599 0.01430146 0.4928317 0.00024612068 0.032227814 0.0098048095 0.0031288494 0.36709285 0.005343321 0.002919148 0.6193247 0.1293526 2.425032e-16 0.001462825 0.28292885 0.0662279 0.00039988037 0.0011166588 0.010095432 4.373007e-05 0.0005609531 0.6961668 0.020655403 0.0002043146 0.0006662859 0.74658644 0.0033891543 0.006952959 5.7919617e-05 0.0036280376 0.89905167 4.3039698e-05 3.346888e-05 0.00012075572 1.0228271e-06 0.24445568 0.948302 0.00013095053 2.8687755e-06 0.00016484161 0.008684232 0.12831673 4.2046337e-05 0.00023254286 1.1457266e-05 0.013746145 0.254963 1.3189101e-06 2.6055625e-07 1.12515545e-05 0.0003545101 0.013588065 0.00054717174 3.6843696e-05 0.0068138745 1.3188768e-05 0.010479355 0.18900368 2.0958318e-05 4.778792e-06 3.6699254e-05 0.017785883 6.9022724e-07 2.7402973e-07 0.0012232665 8.03517e-07 0.0006378681 1.2546025e-06 0.00022712589 7.4610574e-07 0.0012026883 1.1125583e-05 0.0019181531 4.4371404e-06 9.259822e-08 0.0003689568 0.028813446 0.0052471333 0.003358988 2.2127076e-06 4.3612203e-05 0.00012393914 0.0006363914 3.4598276e-07 0.0028650255 2.8953416e-05 0.00045068588 9.819468e-07 6.981844e-05 0.0028413017 5.1117995e-06 2.0339987e-06 0.00039486485
0.9935143 0.015758004 0.00034860393 0.034408525 0.17408292 0.12388778 0.3350066 0.35424492 0.01984662 0.00021456691 0.0021173633 0.83537793 9.294186e-06 0.000113100956 0.0023755922 0.0002176457 0.754394 2.7279523e-06 0.024179528 0.0032599631 0.001462825 3.9223076e-15 4.9066093e-05 0.0011094904 0.23247224 0.117627114 3.7742982e-06 0.72479004 0.60360163 0.0011238193 0.13654085 0.921472 0.00023858657 2.6967253e-05 0.3001492 8.490466e-07 0.39153957 3.0295843e-07 0.0006656625 1.9944626e-05 0.5075909 0.2008155 0.38651866 0.000313649 0.00024477355 2.5530277e-05 0.12408991 3.2559825e-08 0.013929691 0.000186226 0.43205416 0.1794767 0.052272722 0.0025799747 1.3230061e-05 0.14684317 0.19222884 3.5707473e-07 0.1199641 5.6785753e-05 0.0007812529 0.0062588155 2.0623631e-05 1.5399854e-06 5.038035e-05 0.00013731168 4.6197692e-06 0.047320124 5.6390013e-07 1.1100221e-05 4.1252392e-07 0.0018887075 0.00012586064 0.0016616165 0.00015955465 2.1598007e-07 2.7114915e-05 9.0320054e-07 1.47967885e-05 2.7346282e-06 0.000103964696 0.0035518846 7.497584e-09 9.823598e-05 0.00012096826 3.6328825e-06 4.8002507e-06 5.3516005e-06 1.4799039e-06 2.7847466e-07 7.99824e-06 7.060802e-07 0.0003459079 2.7844731e-05 3.2248835e-07 0.0015718964 2.457583e-06 0.0024992824 0.005465521 0.0038603654 0.002543214
0.96585804 0.06638507 0.7932438 0.007479682 0.0017842514 0.019916603 0.002211733 0.0046823327 0.17106476 0.19351417 0.35253763 8.01442e-06 0.45000452 0.40007284 0.01887723 0.8994874 0.000105059364 0.09075754 0.016411504 0.49518937 0.28292885 4.9066093e-05 7.1968725e-18 0.29532307 1.2973704e-06 1.2245245e-06 0.36390615 8.2833037e-07 0.00019988394 0.0072656167 0.00077805837 1.510134e-05 0.0034635207 0.938072 0.0023968706 0.5172836 1.4221872e-07 0.23905765 0.020388937 0.0015555202 2.986681e-06 1.096956e-07 1.6981815e-08 0.90380347 0.18763433 0.004914585 1.3970032e-08 0.071080506 0.00015943327 0.013542404 1.852962e-05 9.8927834e-05 2.0568643e-06 0.00114045 0.012342188 2.6139361e-08 1.6073943e-07 0.000419073 0.00011491524 0.772394 1.8914419e-06 7.350886e-07 0.3070607 0.0001207122 0.2617988 0.09553985 0.0004391726 1.5617073e-06 0.00033213318 0.046712283 0.00035836754 4.7288293e-09 2.7451311e-05 9.686952e-09 0.0038586867 2.9728832e-05 0.104242936 0.00039955825 0.00746002 0.0015139277 0.00022676685 5.9610843e-06 4.4385324e-06 3.0031799e-05 0.011901295 4.0392242e-05 0.0049000583 0.00020209995 0.0129094 0.0012736964 0.022048676 5.499855e-05 0.014906671 0.0049489425 3.5416267e-06 4.083083e-08 0.00463191 0.012011659 2.5384682e-07 5.978528e-06 0.00082718814
0.9984255 0.4232189 0.38598996 0.2555146 0.12626043 0.4947403 0.010875279 0.0066490276 0.18784109 0.5145523 0.16519491 0.0012445331 0.6899093 0.1320826 0.866897 0.062306225 0.0018386446 0.33307675 0.082141414 0.70083386 0.0662279 0.0011094904 0.29532307 3.0266725e-15 0.0011696586 0.0015675769 0.09388268 0.00012968869 0.015455951 0.0063829287 0.008984109 0.00039398935 0.7486942 0.043669317 0.7532044 0.039323106 8.742364e-05 0.15550022 0.004054266 0.26803517 0.0011590443 7.506858e-05 1.3152242e-05 0.03011564 0.0038091645 0.10075097 1.2354087e-06 0.12654528 0.0004946031 0.00033794268 0.04122854 0.14774135 0.00017555198 0.00086850557 0.0002442948 0.0001389088 9.780728e-07 0.0023419738 0.20409381 0.0032723027 4.984357e-05 5.7487956e-05 0.00033137482 0.0011091862 0.00014063914 0.0006811383 0.0066280332 0.00063963415 0.0010814995 0.00030633516 0.016991999 4.7273174e-06 9.841499e-05 4.2732383e-05 0.0024151788 0.00019704437 0.0002718647 0.002475045 0.0066908314 0.0034201755 0.00091387995 8.6090855e-05 0.00026651434 0.00017314342 0.000930797 6.3512656e-05 8.5131855e-05 0.0015824055 0.00018887183 0.0005529955 4.8422684e-05 0.003101475 0.034962125 0.0012595317 2.7173974e-06 1.8708211e-05 1.4964913e-05 0.0972336 2.0508423e-05 3.450493e-05 0.14678791
0.74075526 0.0019414291 0.00045785494 0.16620745 0.2672862 0.027052844 0.6018653 0.71702534 0.00073422614 1.336391e-05 2.9929755e-05 0.55790347 9.264111e-07 2.859036e-06 2.9953684e-05 4.532537e-06 0.8823187 3.2935384e-07 0.0014476748 0.0035906855 0.00039988037 0.23247224 1.2973704e-06 0.0011696586 3.8625525e-18 0.9582796 1.9743522e-06 0.6646379 0.04793434 0.0003551605 0.13439724 0.19075547 7.563066e-05 5.177149e-06 0.0082983235 8.238979e-07 0.94561696 5.0200182e-08 0.0007158645 6.0175313e-07 0.024133146 0.7132902 0.11837638 6.8232544e-06 0.00015451448 5.955714e-06 0.41926122 1.3248071e-08 0.08467707 0.00042943328 0.0034435142 0.002095822 0.01373407 0.004313448 0.00014514019 0.1012971 0.1613117 5.7721344e-08 0.005957121 3.948985e-06 0.0053331493 0.0374725 1.4279939e-06 8.342102e-07 5.441908e-06 1.3519491e-07 8.318254e-07 0.0041053146 7.0109405e-07 1.0178818e-06 9.164799e-08 0.0015445842 0.0010932721 0.00012194494 0.000106904794 4.507999e-08 1.518531e-06 7.4677354e-07 0.000100580066 2.4430458e-06 7.6277065e-05 0.01665089 4.290738e-08 0.00046792103 1.2350405e-05 1.027912e-06 1.3859764e-05 8.4308795e-07 1.1746156e-06 4.133957e-06 1.458401e-05 6.255661e-07 0.0006658625 1.0298582e-05 3.4332237e-07 0.00048553414 2.7667618e-05 0.0007737116 0.0007451285 0.004139731 0.00056763156
0.7008351 0.0056077177 0.0011334132 0.3642333 0.2329911 0.017474797 0.55189365 0.79216903 0.0052398094 2.273531e-05 0.000256912 0.24237543 1.3290035e-06 7.1781146e-06 2.692282e-05 3.235925e-05 0.90190196 2.5101073e-07 0.024938997 0.003689329 0.0011166588 0.117627114 1.2245245e-06 0.0015675769 0.9582796 1.2471089e-17 1.8853781e-06 0.23398913 0.011887915 0.007969172 0.7381892 0.09293914 3.776622e-05 2.8909517e-05 0.0037934459 2.80971e-07 0.7014601 5.0471115e-08 0.0037202619 5.0762077e-07 0.0062715868 0.9430546 0.011323338 7.8995225e-05 0.0008145075 2.038858e-06 0.5544919 1.00673425e-08 0.5934791 0.0014984843 0.0012641003 0.0007049744 0.0027329929 0.1522966 0.0003719169 0.010628632 0.29530397 8.7385594e-08 0.0028239854 7.4278813e-07 0.089038774 0.2770063 1.8407349e-07 9.147462e-07 6.2679027e-07 2.9466577e-07 6.9175735e-07 0.00114471 2.5767704e-06 7.559178e-07 3.6729462e-09 0.00016480562 0.0053917044 9.533092e-06 4.2111384e-05 1.8215431e-07 5.6065087e-08 8.650035e-07 1.5704527e-05 3.2820594e-07 0.00031697782 0.08593873 7.8982595e-08 0.0035642495 6.7190526e-06 8.368434e-06 2.286498e-06 2.5296666e-07 8.121451e-08 1.3383998e-05 3.8418833e-07 5.064853e-07 0.00022477051 9.2683797e-07 2.6150508e-06 0.000110733396 1.325103e-06 0.00027720982 0.0001337779 0.0048765065 0.00020041918
0.85081255 0.028317882 0.011269946 0.0013230448 0.00016388232 0.002138767 9.077591e-05 2.772972e-05 0.006169802 0.34595403 0.07959385 7.030502e-06 0.52129453 0.90013254 0.031736583 0.17225184 6.719328e-06 0.60447514 0.00026058248 0.04702994 0.010095432 3.7742982e-06 0.36390615 0.09388268 1.9743522e-06 1.8853781e-06 1.1402723e-16 2.6519667e-06 0.00012778379 0.000101547055 4.4477976e-05 1.5731531e-06 0.010593735 0.046711277 0.005255083 0.9750204 4.4847474e-07 0.7334821 0.0012356726 0.014178633 2.3954033e-05 5.3205656e-07 4.9572697e-07 0.14488643 0.008254312 0.009482212 9.633817e-08 0.56617594 4.7939425e-06 0.000116621195 0.00023364344 0.00033021736 6.073302e-06 3.3681332e-05 0.00034130187 1.0314225e-06 4.834839e-07 0.000702309 0.0016028535 0.31560886 3.5851676e-07 8.510522e-07 0.03157554 0.00060344074 0.0115329195 0.0016348106 0.0012085704 7.0490685e-05 0.00026694447 0.0020103108 0.07135206 2.8322305e-07 3.836253e-05 5.7306937e-07 0.0062394254 5.5684235e-05 0.06740783 0.00070099387 0.005977839 0.1076981 2.6038684e-05 9.511125e-06 4.8576594e-06 5.5123865e-06 0.00010419736 5.4973616e-06 0.00023230525 0.017335847 0.024808256 0.00022577053 0.0036891534 0.0037666466 0.0041072764 0.04089069 2.479549e-07 1.1145734e-06 0.0013582117 0.0024098654 2.8763048e-07 1.5924372e-05 0.0011542207
0.81081474 0.00020979525 3.92148e-06 0.003478906 0.027695559 0.0063190036 0.38728607 0.16766053 4.7963178e-05 7.978113e-06 2.6625203e-05 0.88353634 3.7687533e-07 4.8530937e-06 4.4297263e-05 1.9347492e-06 0.77583486 5.2573955e-07 9.374709e-05 0.00042854756 4.373007e-05 0.72479004 8.2833037e-07 0.00012968869 0.6646379 0.23398913 2.6519667e-06 1.301462e-16 0.32198465 0.00012871761 0.00609407 0.793363 3.4689732e-05 1.9095062e-06 0.008617131 2.0995626e-07 0.9201613 1.1222673e-07 5.4254426e-05 1.1936656e-07 0.22363839 0.48512226 0.93783236 1.0120712e-06 3.495904e-05 8.9191377e-07 0.52522635 7.555283e-08 0.0046549262 5.866607e-06 0.022873444 0.012590124 0.41550034 0.0004515123 7.007438e-07 0.8074248 0.36531422 2.9413105e-08 0.012216628 5.618606e-06 0.0004964279 0.008743037 6.352834e-07 2.8613994e-07 5.8953055e-06 1.4531045e-07 5.481572e-06 0.04069076 8.429171e-06 9.281382e-07 7.277648e-08 0.34854484 4.2066065e-05 0.010163354 3.291777e-05 2.854749e-07 3.3061514e-07 2.5253493e-07 5.281759e-07 1.2805515e-07 6.139052e-06 0.01354635 3.760767e-08 6.307197e-05 3.2178434e-06 5.719378e-08 6.362135e-07 1.9618893e-08 2.4517715e-07 6.336975e-07 3.6166614e-07 4.190366e-07 5.5126467e-05 5.403337e-07 9.806038e-09 0.010747763 4.3041214e-07 0.00015197815 0.030688467 0.019970087 0.0007160727
0.97947145 0.07397884 0.0008269093 0.010124151 0.14835504 0.36511436 0.44445828 0.09294745 0.010772197 0.004219621 0.00373251 0.6751593 0.00029650584 0.0004800404 0.023662785 0.0005443224 0.22022173 0.00038763316 0.00444656 0.019539243 0.0005609531 0.60360163 0.00019988394 0.015455951 0.04793434 0.011887915 0.00012778379 0.32198465 6.8979736e-17 0.00107272 0.0056017768 0.7752563 0.0049538207 0.00017016915 0.56487584 8.200065e-06 0.043721344 2.8039633e-05 0.00021042483 0.0007288442 0.8883919 0.0070274286 0.3184548 0.00012599035 0.00030754085 0.00075628137 0.0038776963 3.4248606e-06 0.0011645082 1.089056e-05 0.82523173 0.29308406 0.15170531 0.00030903617 6.586951e-06 0.010872816 0.0021699402 3.4046978e-05 0.16434233 0.0002146547 6.732429e-05 0.0001348693 0.00012742663 0.00011906466 4.543029e-05 2.6820364e-05 2.6297574e-05 0.0817672 0.00012278644 7.148878e-05 1.4551403e-05 0.0079297265 0.00022856805 0.0026725247 0.0014462969 3.6547647e-06 1.3747594e-05 1.6316004e-05 0.00031867763 7.696892e-05 0.0014164652 0.0001915737 2.4101962e-06 0.00015183473 0.00014943641 8.15157e-07 1.2365785e-05 3.7450496e-05 1.2863337e-05 1.9728552e-05 3.4291796e-05 7.582533e-06 0.0034112418 0.00014966205 7.147198e-08 0.002914797 1.9070048e-05 0.011179875 0.0010628409 0.00032857756 0.016638437
0.74357986 0.01041685 0.14137141 0.405924 0.04683136 0.007949633 0.0070195356 0.070198044 0.4443 0.00019578655 0.0044657984 0.00045687158 0.00026492064 0.0003497211 4.0017796e-05 0.0037446087 0.0035650877 1.0981242e-05 0.97593474 0.010773495 0.6961668 0.0011238193 0.0072656167 0.0063829287 0.0003551605 0.007969172 0.000101547055 0.00012871761 0.00107272 8.506426e-18 0.31401274 0.00046690312 3.0987532e-05 0.013958682 0.00028015536 6.894036e-05 2.2977349e-05 4.69436e-06 0.97273415 1.5932238e-07 0.0002629433 0.0003084323 7.131559e-06 0.017482348 0.7592524 3.6962383e-06 1.2548713e-05 1.0695134e-07 0.0992468 0.6985997 0.00014030638 0.00021253382 3.07607e-05 0.45211425 0.5802629 6.420539e-07 3.7116266e-07 3.8668478e-08 0.0010623311 3.6543348e-05 0.023703316 0.0005272459 9.746044e-05 2.5903228e-07 0.0002364192 0.016735185 1.4962521e-06 2.434091e-05 2.9555865e-06 0.0003122859 2.2964477e-08 4.945142e-06 0.018039346 5.9126e-05 9.912361e-05 4.7260457e-08 5.305694e-07 1.8585294e-07 4.6221205e-05 3.3074477e-07 0.126838 2.0000303e-05 1.2154378e-08 0.00796028 0.0061569293 0.04631586 0.0001792842 1.5277935e-07 4.0852224e-06 3.4779464e-07 3.7969523e-06 4.32959e-08 0.00021359895 1.975835e-06 0.002239003 1.204365e-05 1.5505895e-05 0.0004967618 3.2944104e-06 1.6539763e-06 6.496452e-05
0.9288083 0.012244616 0.058346253 0.79386556 0.26282382 0.055492856 0.25503716 0.85060656 0.049099084 7.147836e-05 0.0015984769 0.012039121 6.4738415e-05 2.169495e-05 4.3082902e-05 0.0008290077 0.607718 3.4731422e-06 0.621217 0.06289396 0.020655403 0.13654085 0.00077805837 0.008984109 0.13439724 0.7381892 4.4477976e-05 0.00609407 0.0056017768 0.31401274 1.0438689e-16 0.054421835 1.1198638e-05 0.0011684574 0.0008739498 9.768792e-06 0.01641768 8.539017e-07 0.09965833 2.7204985e-06 0.000979036 0.21762371 0.00012042486 0.0010568174 0.011379577 1.4703643e-06 0.024163464 4.0735312e-08 0.9526183 0.12382426 0.0003150914 0.00025861923 8.035799e-05 0.84872365 0.029735873 0.00010317266 0.005057739 3.1543456e-07 0.00033545337 5.8992987e-06 0.3622922 0.36550337 5.772267e-06 4.845518e-06 7.2855028e-06 0.0001755153 1.8867145e-06 6.7255816e-05 3.7591285e-06 1.1887161e-05 2.4071304e-07 1.8527984e-06 0.052401047 6.8823886e-07 0.0001970222 1.5191632e-07 1.5136925e-07 7.568841e-08 0.00033009393 1.9824815e-07 0.023303088 0.002812418 5.7822614e-08 0.060324125 0.0001816295 0.0024408372 1.997356e-05 7.1902136e-08 3.2369277e-07 7.994744e-05 8.428379e-07 1.7571485e-07 0.0014927348 8.8945717e-07 0.0001562546 4.9642927e-06 3.587141e-07 0.0027274843 1.1022802e-05 2.977014e-05 0.00041334762
