1.6417891e-19 0.877282 0.92664605 0.9108576 0.87096685 0.9767628 0.9642994 0.9084775 0.9201012 0.9634987 0.9672665 0.7740152 0.77442795 0.94552064 0.10178206 0.9302203 0.88336575 0.9702545 0.5609255 0.90825963 0.98944277 0.051132362 0.97752404 0.2435293 0.7554063 0.92877007 0.34961042 0.80590034 0.021508886 0.8484815 0.009555093 0.924583 0.98022544 0.7888472 0.93457377 0.60522705 0.99464643 0.36923182 0.405382 0.8741912 0.8864532 0.7024364 0.21527852 0.9848156 0.12764269 0.95943886 0.9970821 0.8406582 0.97721 0.014628838 0.97074836 0.7691979 0.9393374 0.017539324 0.13628659 0.015003554 0.8916303 0.74538875 0.9861817 0.7392404 0.85339236 0.022754988 0.98333037 0.0017815011 0.9761502 0.29394338 0.8108647 0.9231973 0.00044840504 0.9915967 0.18008374 0.97098035 0.023181854 0.8783437 0.99613714 0.43801403 0.97212964 0.0075446498 0.9252239 0.71374965 0.28199255 0.8323937 0.0047583506 0.024959838 0.91617376 0.51964915 0.9999627 0.9426614 0.033835683 0.99636376 0.00033539737 0.53166014 0.92711955 0.73300666 0.6608719 7.6803284e-05 0.0045249485 0.9999934 0.9998155 0.32939023 3.0360807e-05
0.877282 2.7087343e-14 0.93159086 0.6440499 0.97614306 0.89914733 0.66675615 0.054478478 0.0688657 0.10262061 0.63406813 0.8975975 0.3330401 0.015282929 0.5482887 0.10445367 0.00182154 0.09972436 0.18206167 0.008589494 0.0023416476 0.23247597 0.0029058713 0.0014927753 1.4471234e-05 0.028677102 0.0010911743 5.3964734e-05 0.14018556 0.001301815 0.009519093 0.01290498 0.10483933 0.00062427024 7.0166934e-05 3.4890563e-05 0.00028497292 9.319939e-05 0.00045336635 0.00012032348 1.5727308e-05 3.0182597e-05 0.0024994276 0.01695725 0.00080935366 0.00016399096 0.00016037493 0.0004730416 0.0065343175 0.00040878745 0.00028905808 1.1804235e-06 6.41267e-07 1.1710627e-05 1.7246986e-06 0.0042885975 0.0056370795 2.3415266e-08 0.00011711906 2.475519e-06 1.6039359e-06 6.90812e-07 3.3920433e-06 0.00068384694 0.017291712 9.141666e-08 7.5439725e-06 1.26697805e-05 0.00069109007 0.025178438 8.3740093e-07 6.4477405e-05 3.6595797e-05 4.3261008e-07 0.016889594 7.543098e-07 1.2582457e-05 2.4569388e-06 2.0522802e-07 9.439787e-07 6.002875e-07 2.026443e-05 2.894259e-07 1.2158766e-07 3.272488e-06 1.093759e-06 0.0050825146 1.4679446e-06 9.239511e-09 0.0011277557 5.5863023e-08 2.1087418e-08 4.1020427e-05 2.7021064e-08 6.59085e-07 2.2768943e-05 6.2074023e-06 0.002068421 0.0017509777 1.0830006e-06 8.046761e-08
0.92664605 0.93159086 7.648329e-18 0.9291996 0.54521763 0.9505058 0.44944343 0.1011677 0.0726618 0.13834329 0.9180067 0.26443747 0.054462347 0.07253602 0.060290348 0.36588868 0.0039024297 0.87740093 0.02808049 0.0049382523 0.02892639 0.047242485 0.0045874985 0.0027621207 6.911923e-05 0.018174684 0.0023723885 0.00027543659 0.012823946 0.0015751543 0.00045745817 0.1572271 0.16595098 0.0005096552 0.00010888219 8.538643e-05 0.0011147377 0.00022354303 0.00026697604 0.0004952143 0.00019121832 0.00010519341 0.0016306282 0.014708519 0.0005318773 0.00089061464 0.00049039104 0.00044763557 0.008414819 7.208508e-05 8.964642e-05 1.8113022e-05 4.768349e-06 6.9377343e-06 3.3703582e-06 0.0015520654 0.15418677 8.4373136e-07 0.00014179153 2.059637e-05 1.3582739e-05 4.7414198e-07 3.553667e-05 0.00032197442 0.09180155 9.1078374e-07 1.4930187e-05 1.6357166e-05 0.00042222717 0.05969216 8.321229e-07 3.6512305e-05 0.000116331044 1.6012575e-07 0.11739768 3.5387689e-07 1.6688358e-05 7.107221e-07 7.117103e-07 2.4897258e-07 1.2662974e-06 3.794815e-05 5.936358e-07 4.3465437e-08 3.2886687e-06 2.2578517e-06 0.017882112 8.2722903e-07 3.4055807e-09 0.00438663 3.4106054e-09 6.2874137e-09 0.00030442147 2.7674552e-09 3.350561e-07 4.4415897e-06 2.4499764e-07 0.013104873 0.0022448935 2.9253652e-08 6.0657364e-08
0.9108576 0.6440499 0.9291996 4.3718752e-17 0.8876603 0.3606063 0.009149518 0.9644204 0.9179903 0.9133663 0.23464862 0.043575168 0.0019790023 0.665425 0.035702813 0.033065572 0.25832665 0.12591252 0.00059446355 0.00028092938 0.2491397 0.052725222 0.18264711 0.053753987 0.00355304 0.19529188 0.032188244 0.0053205052 0.0020241146 9.5453695e-05 5.3211694e-05 0.0097898785 0.035518494 0.009593094 1.4333826e-05 0.00075608486 0.0026660713 1.1170127e-05 5.161083e-06 0.0012555076 0.00050695805 4.232843e-06 0.018341357 0.0043328768 0.008153515 0.001077983 0.0010020902 0.00021909515 0.0014591189 9.253414e-06 8.380757e-06 3.7096877e-05 1.6177779e-07 5.7951877e-07 9.674322e-07 0.010969411 0.03701253 2.1676285e-06 0.0001754042 3.404623e-05 1.4736403e-05 5.49986e-07 1.7522254e-05 0.0030168986 0.01811152 1.6342594e-06 2.9660216e-05 6.6103175e-06 0.0012995842 0.016561879 3.9978027e-06 1.4193853e-05 0.0009363692 4.411884e-07 0.067521326 1.6034488e-07 3.1510564e-05 0.0001997277 1.345564e-07 1.1363841e-06 1.48053705e-05 1.982837e-05 4.1890078e-07 2.0659694e-07 7.8283733e-07 5.380978e-07 0.006850953 4.4353948e-07 1.2034309e-08 0.0038979906 9.389579e-09 4.1384613e-08 0.00011064198 4.8306035e-09 2.2624913e-07 2.8065233e-05 1.1450789e-05 0.0076931943 0.00072371116 4.105676e-08 9.606152e-07
0.87096685 0.97614306 0.54521763 0.8876603 1.6673774e-14 0.67380726 0.0721087 0.30151808 0.8467305 0.44930393 0.15801537 0.85907024 0.036495212 0.041395903 0.9245963 0.0060085026 0.09251019 0.012897357 0.007865383 0.00039763993 0.004101969 0.8786775 0.025463242 0.03716334 0.000659723 0.8856652 0.022838576 0.0005674515 0.18741497 0.00041881992 0.007057749 0.0011802543 0.024809139 0.022461629 1.34297825e-05 0.0008961728 0.001103553 5.006627e-06 0.000111509646 0.00016945142 0.00055895647 1.3827142e-05 0.19612831 0.0026388885 0.038024455 0.00010450456 0.00023609362 5.3788237e-05 0.00024182867 0.00017508148 2.5045672e-05 3.353457e-05 1.556155e-07 7.700405e-06 3.470604e-07 0.08096343 0.0014208473 5.0797865e-07 5.344197e-05 6.808915e-06 2.3587959e-06 1.690574e-06 2.6951527e-06 0.012310577 0.0026223857 5.382908e-07 7.2736652e-06 4.2152105e-06 0.010949087 0.0083904145 5.820131e-06 4.723118e-06 0.005554244 1.0278767e-06 0.00632683 7.21142e-08 1.5162195e-05 0.00030283033 7.1440624e-08 1.2136015e-05 7.454131e-05 4.1497806e-06 6.092233e-07 4.6889013e-06 1.1636898e-06 9.050656e-07 0.00036202194 1.0424591e-05 5.0502987e-08 0.0013960884 2.3893808e-08 4.271934e-07 4.183395e-05 8.575868e-08 5.5612423e-07 0.00017398177 0.0002580366 0.0021973767 0.0010158886 4.7350104e-06 6.1434803e-06
0.9767628 0.89914733 0.9505058 0.3606063 0.67380726 1.0516036e-14 0.74359447 0.01424902 0.026849164 0.01755514 0.9255637 0.8496573 0.27683988 0.0064124623 0.20960319 0.38655236 0.0009330883 0.75175214 0.048627224 0.0149487965 0.001750567 0.19443667 0.00026477996 0.00018931509 3.751738e-05 0.26852378 0.00032404478 4.288229e-05 0.13773456 0.002907063 0.0119654825 0.1593179 0.21279758 0.00037961526 0.0004184069 3.293184e-05 0.00020430681 0.0004611758 0.0017897765 3.331758e-05 3.5301706e-05 0.00013232366 0.005440533 0.022579776 0.0017363504 0.00039991696 0.00014326918 0.00096430705 0.010227705 0.00051815924 0.0001026802 8.455518e-07 1.9110832e-05 5.9844406e-05 2.5824545e-05 0.0023814614 0.057137005 4.2678103e-08 1.4835221e-05 1.8947918e-05 1.0249988e-06 1.9030344e-06 1.6486729e-05 0.00010801734 0.07614705 3.1488906e-07 2.4254168e-06 4.6209567e-05 0.0004340824 0.05335476 1.5434891e-06 0.00011427057 0.00018286734 7.893832e-08 0.076504715 8.880715e-07 3.9073207e-06 4.0106584e-05 1.6303319e-06 2.1183416e-07 1.1656514e-06 2.5833191e-05 8.630701e-06 2.534883e-07 2.727895e-06 2.0988289e-06 0.01187052 1.619897e-06 8.843337e-08 0.0036759058 4.088607e-07 7.713179e-08 0.00017612346 2.5008422e-08 2.2554007e-06 1.8442035e-05 5.2198817e-07 0.007168965 0.0045074667 3.2421707e-07 2.5577028e-06
0.9642994 0.66675615 0.44944343 0.009149518 0.0721087 0.74359447 1.2682288e-15 0.00058743614 0.00020522384 0.0010765406 0.65650016 0.63252497 0.9772717 0.00027032796 0.05940872 0.93159705 2.3188655e-05 0.13526522 0.58513945 0.7786562 2.3419721e-05 0.0044114785 3.0587962e-05 6.237536e-06 4.4981732e-08 0.000108146494 3.7989535e-05 4.7676212e-06 0.18623693 0.30558667 0.059108075 0.42420503 0.5856476 9.246436e-06 0.005036335 1.2493563e-06 0.00013934374 0.018392358 0.09685337 2.5479247e-05 5.188312e-07 0.0007931488 8.110337e-06 0.33660528 4.643232e-06 5.7996303e-06 1.7831286e-05 0.007013325 0.17208669 0.027442953 0.0166586 2.2266714e-07 1.9179464e-05 0.0006218103 5.1038864e-05 6.9560924e-06 0.018108817 4.9716977e-08 2.0743246e-05 8.754346e-07 3.849507e-06 4.083783e-05 7.431792e-07 3.5366218e-06 0.23534279 2.5088318e-07 6.4501237e-06 7.044049e-05 2.0504884e-05 0.35997632 5.657828e-07 0.0002725729 1.4591403e-06 3.184262e-07 0.025007272 2.4123243e-05 7.455268e-07 1.9199774e-07 7.381321e-06 7.906324e-06 1.2680061e-06 5.981166e-05 8.918177e-05 1.2999936e-08 7.139265e-05 1.0060893e-06 0.021363836 1.6216296e-06 1.6778874e-07 0.0026181613 1.6025706e-06 6.576704e-07 0.00020126194 1.5538233e-06 1.1818344e-05 6.186145e-06 4.6630616e-05 0.0012819226 0.020388931 3.4246548e-06 1.238658e-07
0.9084775 0.054478478 0.1011677 0.9644204 0.30151808 0.01424902 0.00058743614 4.95934e-15 0.92363656 0.9512682 0.0129300915 0.005315525 0.000505494 0.8815064 0.0046406207 0.0024725182 0.66397303 0.013443303 0.00025516513 2.211582e-05 0.4325077 0.018183922 0.47854292 0.39838332 0.10770657 0.3234603 0.2280589 0.10434975 0.00047431773 3.7415975e-05 9.247891e-06 0.0032581913 0.009294519 0.09748665 2.7431174e-06 0.014296551 0.0125224 8.190709e-06 6.7991647e-07 0.011721991 0.008584326 1.0451214e-06 0.07295093 0.0005044531 0.038298313 0.004066578 0.00958901 4.3378295e-05 0.00010543093 3.7309062e-06 7.034146e-07 0.0007589786 8.5173134e-08 3.1637393e-07 2.176846e-07 0.022267858 0.017257618 1.775044e-05 0.00070501806 0.00012356136 7.448198e-05 1.9940555e-07 0.000117967866 0.0056412527 0.0071260286 1.0035142e-05 8.702661e-05 1.3817155e-06 0.0013291545 0.005586766 3.318525e-05 1.3356041e-06 0.0045469697 3.5957464e-06 0.04389025 2.102541e-08 0.00018553057 0.0009981758 9.616335e-09 4.855848e-06 0.00019288779 1.6476333e-06 4.7297792e-08 3.7432162e-06 1.0916192e-07 3.6939746e-05 0.0028210594 8.765762e-06 7.824992e-09 0.006786051 4.7724042e-09 7.8885233e-07 0.0007008879 3.283446e-09 2.896621e-08 0.000133051 3.5374836e-05 0.014210858 0.00019379459 5.8412297e-09 1.8686065e-05
0.9201012 0.0688657 0.0726618 0.9179903 0.8467305 0.026849164 0.00020522384 0.92363656 4.13647e-13 0.83124757 0.010323324 0.008217244 0.00028595678 0.55860424 0.013435088 0.000625172 0.96906257 0.0035465637 0.00014687597 0.00011645603 0.093508884 0.13694246 0.52537304 0.6346615 0.08538044 0.87338907 0.28674725 0.052615397 0.00080965855 8.237585e-06 2.0670988e-05 0.00083858904 0.007881246 0.24135168 1.7571796e-06 0.022932576 0.013696603 1.9194404e-06 1.2045999e-06 0.002301144 0.0031013223 2.9052268e-07 0.43464264 0.0006801468 0.2448422 0.00069175375 0.0020686698 6.793034e-05 5.3872067e-05 7.997736e-06 4.945165e-06 0.00017828743 8.148787e-09 1.8928384e-06 1.7635817e-07 0.161979 0.0027073976 1.8581246e-06 0.00038643138 3.276996e-05 9.1367865e-06 5.4692094e-07 1.7916072e-05 0.029451804 0.0023826223 1.6102825e-06 1.8394698e-05 4.199892e-07 0.010353701 0.0035854552 2.1429176e-05 2.448707e-06 0.028041588 1.4410465e-06 0.0101702325 4.3899938e-08 2.289401e-05 0.009750164 1.2499438e-08 5.934521e-06 0.00020509667 1.5407581e-06 3.0550524e-07 9.587889e-06 3.1409755e-07 5.228585e-07 0.00072243396 1.0158576e-05 2.5279867e-08 0.0035497055 5.723893e-09 1.4790419e-06 9.48308e-05 2.0315607e-09 1.3409804e-07 0.00074396783 0.00017165024 0.0024280204 0.00027415538 4.1764906e-07 9.541866e-05
0.9634987 0.10262061 0.13834329 0.9133663 0.44930393 0.01755514 0.0010765406 0.9512682 0.83124757 7.4611595e-14 0.020890588 0.009842133 0.00063886354 0.92651945 0.004559654 0.0021597114 0.65788984 0.021865986 0.00046062528 4.3400185e-05 0.60856146 0.02896237 0.46715218 0.29418385 0.17959219 0.6730464 0.20218356 0.1029633 0.00043746276 7.169087e-05 6.2956674e-06 0.00633709 0.009901147 0.24999577 6.6515413e-06 0.045757163 0.025046635 4.735816e-05 9.181018e-06 0.01619115 0.031932853 7.231178e-06 0.17932244 0.00041308103 0.1917511 0.005108691 0.013960504 3.254609e-05 0.00016301626 1.7527052e-05 1.7249223e-06 0.002017184 6.702217e-07 5.83684e-06 4.439714e-06 0.051452458 0.0747104 9.47592e-05 0.00064626604 0.0001781321 9.412683e-05 9.040295e-07 9.209409e-05 0.005024514 0.01888397 3.3323045e-05 0.000114164475 1.8250705e-06 0.0012489031 0.009960168 7.463748e-05 1.9567883e-06 0.01793398 2.8392792e-06 0.10135393 6.199084e-08 0.00011746213 0.00413574 9.012976e-08 1.0093949e-05 0.00039898633 3.3989047e-06 3.8387998e-07 7.3796105e-06 2.2757568e-07 5.2281666e-05 0.0073861917 1.0200474e-05 3.164945e-08 0.013144719 9.553979e-08 6.963799e-06 0.0005806621 7.4389965e-09 1.4988551e-07 3.945178e-05 9.700293e-05 0.034137666 0.00052711595 6.665111e-08 1.0054626e-05
0.9672665 0.63406813 0.9180067 0.23464862 0.15801537 0.9255637 0.65650016 0.0129300915 0.010323324 0.020890588 7.216788e-15 0.5557777 0.2292773 0.0071068997 0.045232855 0.8443383 0.0008850418 0.96909094 0.06391075 0.06802641 0.0042649023 0.033481296 0.0005607892 0.00020892292 5.0964452e-05 0.027267471 0.00035902625 0.0001482711 0.06632345 0.0063187834 0.0064258506 0.4077156 0.2923705 5.172562e-05 0.0013275867 4.3442155e-06 0.0003606704 0.0007486518 0.002541542 0.00016076144 6.184028e-06 0.0004056875 0.00061500835 0.036837325 0.00024591657 0.00091868866 0.0003861197 0.0041276445 0.023100045 0.0006588397 0.0001472169 1.8429068e-06 7.6355165e-05 3.5156565e-05 4.5611272e-05 0.000574853 0.12840827 1.7068687e-07 6.391795e-05 2.3699766e-05 6.932324e-06 2.6288233e-06 6.411159e-05 2.6180638e-05 0.1627472 1.9892075e-06 2.0235171e-05 8.509882e-05 0.00015382434 0.14655906 1.751174e-06 0.00018921365 7.009804e-05 1.17049424e-07 0.09817835 4.1712738e-06 2.1150896e-05 2.5238367e-06 4.9944565e-06 2.1126804e-07 5.955382e-07 8.864037e-05 3.0376792e-05 7.427843e-08 7.4324275e-06 6.8587124e-06 0.022243146 2.3075013e-06 5.3979726e-08 0.0040516453 9.48583e-07 2.6217666e-07 0.0002783163 5.7423215e-08 6.6352522e-06 1.9443389e-05 1.8646037e-06 0.012568014 0.0074027567 2.0029647e-06 8.947e-06
0.7740152 0.8975975 0.26443747 0.043575168 0.85907024 0.8496573 0.63252497 0.005315525 0.008217244 0.009842133 0.5557777 1.5691084e-16 0.41479048 0.0010020538 0.91818255 0.21864939 0.0002241978 0.06673045 0.44055107 0.09777642 5.4243203e-05 0.37152356 0.00061014696 8.805711e-06 2.954531e-07 0.015163424 8.756228e-06 6.7572864e-06 0.97350955 0.008962877 0.9033129 0.048959117 0.1795953 4.7644873e-05 0.00020662977 2.3776727e-06 0.00014325921 0.00010128892 0.006282722 5.445038e-06 2.1324215e-06 6.654426e-05 0.00036730428 0.02462045 5.1343646e-05 5.5036717e-06 3.253523e-05 0.00022257789 0.011891465 0.059362635 0.0014409052 4.818891e-08 3.3389547e-06 0.00027569334 1.4272737e-06 0.0017207271 0.002431728 7.2403448e-09 3.1798012e-05 1.8962325e-07 5.927484e-08 6.6735065e-06 3.4305043e-07 4.7697245e-05 0.0108428635 7.78315e-09 2.864263e-07 4.4843905e-06 0.0017811776 0.014265887 2.0063238e-08 4.2482367e-05 1.6030972e-05 1.0707381e-07 0.006349452 3.7742743e-07 6.8686325e-07 3.161233e-07 2.3078976e-06 9.0683847e-07 6.61688e-07 5.389239e-06 9.225895e-06 9.501818e-09 1.6640728e-05 3.5380786e-08 0.0047899573 2.5402542e-06 6.4837076e-07 0.0011904462 1.874096e-07 7.341501e-08 7.312758e-05 5.131496e-07 6.17641e-07 2.1944552e-05 7.792806e-05 0.0017521203 0.004097793 3.473828e-06 4.6142276e-07
0.77442795 0.3330401 0.054462347 0.0019790023 0.036495212 0.27683988 0.9772717 0.000505494 0.00028595678 0.00063886354 0.2292773 0.41479048 2.297894e-15 0.00026341664 0.026704438 0.5741306 5.0250022e-05 0.030741809 0.9968399 0.7175872 8.3837025e-05 0.0016279145 3.575276e-05 8.983183e-06 1.3125e-07 0.000111136906 1.871501e-05 1.438649e-06 0.19241911 0.18739267 0.26726782 0.13198856 0.3133184 3.7093625e-05 0.06328461 3.3099263e-06 7.318144e-05 0.014293218 0.15875976 4.3172065e-05 2.5845475e-06 0.0066290614 5.941906e-06 0.2989084 6.5949407e-06 4.147219e-05 3.6063942e-05 0.0113127595 0.16736901 0.10576034 0.021152306 2.3668979e-07 0.0003256514 0.007487047 0.00015791928 4.0071623e-06 0.003573364 1.4797126e-07 7.628256e-06 3.276304e-06 1.2200228e-06 0.00042777808 1.4580289e-06 2.4731285e-06 0.05246094 6.073872e-07 1.2762509e-06 0.00044819684 3.5773687e-06 0.1587419 5.76773e-07 0.00036479766 1.8011054e-06 1.3772237e-07 0.009113221 9.3219925e-05 8.021129e-07 1.0337495e-06 0.0002049592 2.5000102e-06 1.6870581e-06 0.00024078369 1.8207982e-05 3.268894e-08 7.142677e-05 1.977881e-07 0.010055744 4.7295675e-06 9.971262e-08 0.00090974907 4.2147926e-06 1.1001492e-07 0.000102592596 6.599845e-07 5.4313673e-06 8.439153e-06 4.5650813e-06 0.0015856767 0.0074767005 2.597882e-06 3.2277543e-07
0.94552064 0.015282929 0.07253602 0.665425 0.041395903 0.0064124623 0.00027032796 0.8815064 0.55860424 0.92651945 0.0071068997 0.0010020538 0.00026341664 1.4505504e-14 0.0018092588 0.0022074776 0.5935336 0.014262514 0.00030573132 2.9853214e-05 0.9739943 0.0018429633 0.7574617 0.34301543 0.30909428 0.058443952 0.25403264 0.28232005 2.315341e-05 8.179399e-06 9.2011646e-07 0.0083321165 0.0078016147 0.09902405 2.237087e-06 0.022309218 0.058645982 6.4344263e-06 7.690083e-07 0.116364114 0.023972407 4.445955e-06 0.017726935 0.0005335861 0.015106995 0.031553023 0.04398153 2.9072418e-05 0.00010540187 5.7271063e-06 6.3055006e-07 0.008510085 1.6518159e-07 2.596683e-06 2.8268255e-07 0.0051633627 0.08177976 0.00035299582 0.0017241379 0.00047303888 0.0003464721 9.1439155e-08 0.0001791953 0.00074000173 0.02977183 5.6028664e-05 0.00022722188 1.7816625e-06 0.0002542758 0.013580816 5.051111e-05 7.7992667e-07 0.0020083438 2.070591e-05 0.105785914 5.0218667e-08 0.00018155556 0.0006193554 2.516484e-08 1.06113475e-05 0.00013173601 8.369416e-06 1.32232e-07 5.4598945e-06 2.8761153e-07 0.00017272499 0.011582063 7.3988276e-06 1.00628315e-08 0.030396415 9.848455e-09 1.3859757e-06 0.0009129183 6.258698e-09 2.9744838e-08 9.508577e-06 1.4718017e-05 0.07017111 0.0005307491 3.1797267e-08 1.369412e-06
0.10178206 0.5482887 0.060290348 0.035702813 0.9245963 0.20960319 0.05940872 0.0046406207 0.013435088 0.004559654 0.045232855 0.91818255 0.026704438 0.0018092588 4.1122346e-16 0.007786485 0.0013314063 0.004906699 0.010354881 0.005066255 0.0010000572 0.9947811 0.0014358823 0.0003047102 5.1524697e-05 0.120085105 0.00039547746 0.00024189928 0.8629258 0.0005178922 0.00726 0.00060582213 0.0059176483 0.00048807176 7.5797674e-05 2.0454709e-05 0.00043927567 1.5945448e-05 0.00047431345 6.915022e-05 5.9919566e-05 5.839482e-05 0.011769969 0.0019106905 0.0037243052 5.5013392e-05 5.476507e-05 0.000101538826 0.00045686745 0.0019803671 0.00016460488 2.16336e-06 3.6572437e-06 3.472455e-05 1.3452915e-06 0.021294953 0.00016006673 7.278852e-07 3.107187e-05 3.0573843e-05 2.8050785e-05 2.9253612e-05 1.9719899e-05 0.0011794571 0.00029674658 1.6244592e-06 6.1806318e-06 2.1891814e-05 0.004891323 0.0011290568 2.2312067e-06 9.591945e-05 0.0033580367 3.7628333e-06 0.00047345838 1.8033562e-07 2.0006615e-05 0.0011979234 2.3147747e-06 5.1777515e-06 1.1318624e-05 1.1077442e-05 2.0088817e-06 2.7201344e-07 1.9098532e-05 1.4653382e-07 0.0006220604 1.8240518e-05 8.567023e-08 0.00060335064 5.866464e-07 9.947992e-08 3.4706543e-05 1.0454005e-06 8.531639e-06 8.048516e-05 3.268271e-06 0.00029482815 0.0003875541 4.6480654e-06 2.2528081e-06
0.9302203 0.10445367 0.36588868 0.033065572 0.0060085026 0.38655236 0.93159705 0.0024725182 0.000625172 0.0021597114 0.8443383 0.21864939 0.5741306 0.0022074776 0.007786485 3.825498e-14 8.8968714e-05 0.81129915 0.26343182 0.91344416 0.0010612821 0.00068765867 0.00012967682 7.601245e-05 3.8934645e-06 8.4272455e-05 0.00015509718 1.1504698e-05 0.068746105 0.15135926 0.02559847 0.8829271 0.6846502 1.2964634e-05 0.21863328 8.667385e-07 0.00017110731 0.02978618 0.031221611 0.000111020585 7.924933e-06 0.0077586137 2.8525856e-05 0.2962742 1.1855451e-05 0.00039617883 0.00016097806 0.272975 0.17202407 0.007719339 0.009462858 7.039247e-07 0.003862527 0.0005547978 0.0003089348 1.9675923e-05 0.10582955 1.9049199e-07 6.566464e-05 2.3400591e-05 2.3268205e-05 5.2319774e-05 9.306216e-05 4.3746542e-05 0.25703228 9.212799e-07 3.6468704e-05 0.003937233 2.468455e-05 0.3205658 3.3239536e-07 0.0038288024 1.787298e-05 4.9290225e-07 0.07927956 0.00022313769 4.655064e-05 1.7666008e-06 0.00038421058 1.4281871e-06 2.1036062e-06 0.003276282 0.0012727596 8.908295e-08 0.0008650845 8.839801e-07 0.05660918 1.0577364e-06 1.791748e-06 0.002206395 1.2951485e-05 9.374516e-08 0.00015313714 5.444405e-06 0.0015702453 2.001633e-05 5.0878516e-06 0.007941918 0.013850377 0.0001280562 3.0345739e-06
0.88336575 0.00182154 0.0039024297 0.25832665 0.09251019 0.0009330883 2.3188655e-05 0.66397303 0.96906257 0.65788984 0.0008850418 0.0002241978 5.0250022e-05 0.5935336 0.0013314063 8.8968714e-05 2.700595e-13 0.0007455397 3.218051e-05 7.824518e-06 0.15333427 0.0050557884 0.7669823 0.9552329 0.662346 0.75659627 0.6064834 0.30301467 8.9172674e-05 1.3563858e-06 5.025848e-06 0.00016781827 0.0006144515 0.722688 8.8742036e-07 0.22534557 0.07552248 4.666912e-06 5.3129247e-07 0.006316362 0.07851768 5.5374795e-07 0.44276533 0.00012403255 0.43281525 0.0015453394 0.0026279425 3.5013406e-06 5.6020885e-06 2.0957299e-05 1.0104355e-06 0.0023627959 7.8115455e-08 3.5725614e-06 3.6658568e-07 0.13736023 0.0024897452 8.178857e-05 0.0009141698 0.00016892541 7.289252e-05 2.1986689e-06 4.7417958e-05 0.015617671 0.001094893 4.1643878e-05 7.7355704e-05 4.7085035e-07 0.004673063 0.0009948681 0.00014108258 1.3680127e-06 0.15173674 1.2963422e-05 0.0047865305 5.8128695e-08 6.279654e-05 0.051675145 6.8008084e-08 4.8436406e-05 0.01380847 1.4814713e-06 5.130087e-07 4.7878588e-05 2.6269623e-07 1.2482397e-05 0.00041115246 4.2923697e-05 6.664259e-08 0.0024866662 3.5506194e-08 4.7847137e-05 0.00021839883 6.377309e-09 7.1675555e-07 0.00086930057 0.0016478776 0.0038520538 0.00018563145 9.646574e-07 0.00016075654
0.9702545 0.09972436 0.87740093 0.12591252 0.012897357 0.75175214 0.13526522 0.013443303 0.0035465637 0.021865986 0.96909094 0.06673045 0.030741809 0.014262514 0.004906699 0.81129915 0.0007455397 4.735034e-15 0.01648475 0.034445114 0.03489357 0.0012460704 0.001512254 0.0008444072 1.0705921e-05 0.00053594535 0.0008669854 0.00026792183 0.003086221 0.0015096978 0.00032826624 0.77167684 0.4247975 3.7128164e-05 0.0007389862 1.346663e-05 0.0027747657 0.0008336476 0.0008708373 0.0019931823 1.1351508e-05 0.00018477745 0.00013792288 0.036729228 4.2394462e-05 0.0047204704 0.003249681 0.010458788 0.017133985 0.00015894821 0.00012757376 9.453612e-06 2.6943395e-05 0.00010421197 2.2940083e-05 0.0005607991 0.88921934 1.8882573e-06 0.00038712684 9.246599e-05 0.00012743744 3.2866812e-06 0.00014522325 1.3576056e-05 0.53550416 8.161546e-06 0.00015423005 0.0001899004 3.977209e-05 0.21153682 1.500738e-06 0.00028475068 7.4189156e-06 9.779934e-07 0.24951984 3.3219399e-06 7.251167e-05 8.127914e-08 3.7324508e-06 1.157941e-06 4.411285e-06 0.0003983288 2.1837392e-05 1.8044778e-07 9.713401e-05 3.2341075e-05 0.16270532 1.6886322e-06 3.093894e-08 0.013765521 1.8926984e-07 5.580722e-08 0.0016650049 2.8673774e-08 2.8810584e-06 1.0304821e-05 1.8189323e-05 0.08111961 0.009291443 9.565098e-07 1.0009845e-06
0.5609255 0.18206167 0.02808049 0.00059446355 0.007865383 0.048627224 0.58513945 0.00025516513 0.00014687597 0.00046062528 0.06391075 0.44055107 0.9968399 0.00030573132 0.010354881 0.26343182 3.218051e-05 0.01648475 4.8581675e-16 0.7512632 0.0001111668 0.0004215729 1.7404825e-05 3.3085598e-06 8.081056e-07 8.169567e-06 5.8934056e-06 7.967859e-07 0.29689425 0.9081947 0.655707 0.042125415 0.14102201 7.91114e-05 0.29196298 1.0059244e-06 5.858246e-05 0.23335063 0.75244206 4.2369844e-05 4.294112e-06 0.045751404 4.8120946e-06 0.37673295 4.08841e-06 1.8708943e-05 2.0458669e-05 0.033688925 0.12905684 0.6819177 0.0364508 3.544291e-07 0.0020833968 0.23031662 0.0011266093 3.1829413e-07 0.0006377775 4.8909982e-08 1.4930045e-05 9.785015e-06 2.8038332e-06 0.0017982763 4.3443397e-06 2.3768507e-07 0.015080438 2.1301074e-07 6.987784e-07 0.0007620629 1.8490349e-06 0.07615758 8.207723e-08 0.00070290506 3.0470521e-06 8.951164e-08 0.004057724 0.0002969204 4.785761e-06 3.7157986e-07 0.0005969237 1.5308775e-06 2.8326437e-07 0.0005972294 6.996167e-05 6.392876e-08 0.00025635053 9.31566e-08 0.0035856827 2.905591e-06 1.8075642e-07 0.000414628 4.0811785e-05 1.8759755e-07 6.469619e-05 8.2867484e-07 4.7653466e-05 2.2833938e-05 2.055526e-07 0.0021269764 0.0037504719 1.0163343e-05 8.686545e-08
0.90825963 0.008589494 0.0049382523 0.00028092938 0.00039763993 0.0149487965 0.7786562 2.211582e-05 0.00011645603 4.3400185e-05 0.06802641 0.09777642 0.7175872 2.9853214e-05 0.005066255 0.91344416 7.824518e-06 0.034445114 0.7512632 2.3076459e-14 1.2311821e-05 0.00023018154 1.0218608e-06 2.5724416e-06 4.6433957e-08 1.4689663e-05 5.3291575e-07 2.2483727e-07 0.045670073 0.9092225 0.046000455 0.2668937 0.23333853 3.8738535e-06 0.87511563 2.608984e-07 5.6128642e-06 0.47660995 0.47117427 1.2454044e-06 2.6119278e-06 0.22549672 2.9819836e-07 0.8676613 3.3945818e-07 3.6602864e-06 2.468461e-06 0.27402028 0.41043347 0.105569065 0.053099733 5.8611654e-08 0.1632014 0.04305824 0.012980179 4.5946217e-07 0.019943321 2.6198643e-09 1.2676747e-06 1.7571429e-06 5.260013e-07 0.0034988425 5.931338e-07 9.53792e-08 0.30529842 3.8637347e-09 4.31299e-08 0.0029599562 6.7745174e-07 0.5431923 2.5058665e-07 0.0011400613 8.536009e-06 1.8411798e-08 0.019363776 0.0008562863 7.7195034e-07 8.335164e-08 0.0005067639 1.0355284e-06 3.1446802e-07 0.00022343581 0.0041389475 2.0313342e-07 0.00049714255 5.4601234e-08 0.05395764 1.4954996e-07 8.8667975e-06 0.00013307157 3.891069e-05 5.6977427e-08 2.0139258e-05 2.3375163e-05 0.00013844593 6.021171e-07 1.3648863e-06 0.0005943244 0.024519986 4.7111e-05 1.24653186e-08
0.98944277 0.0023416476 0.02892639 0.2491397 0.004101969 0.001750567 2.3419721e-05 0.4325077 0.093508884 0.60856146 0.0042649023 5.4243203e-05 8.3837025e-05 0.9739943 0.0010000572 0.0010612821 0.15333427 0.03489357 0.0001111668 1.2311821e-05 1.9762213e-15 0.00025717917 0.9393695 0.1109048 0.19984157 0.0014225489 0.107856154 0.31596902 1.4652264e-05 7.061502e-07 4.5217195e-07 0.015460284 0.013427173 0.01788444 1.7726349e-07 0.014321832 0.34420052 5.2155297e-06 3.56683e-07 0.46742633 0.014345569 8.915269e-07 0.0019142898 0.0005477808 0.0023522242 0.24543628 0.29008776 7.701058e-06 9.067002e-05 3.2614334e-06 4.8213803e-07 0.010166795 6.230767e-09 1.8111225e-05 2.684859e-07 0.0007031588 0.45005542 0.001023377 0.01115331 0.0018411267 0.0018628346 3.068455e-07 0.00045790538 0.00056973955 0.086484514 0.00019601242 0.0008136636 3.0081475e-07 7.719894e-05 0.024110653 0.00012672372 8.9100496e-07 0.001015565 2.8354925e-05 0.43048608 3.03049e-08 0.00021215998 0.0006063464 4.453262e-08 2.000862e-05 0.0001562795 1.1398437e-05 1.8711921e-07 1.6110254e-05 6.160362e-07 0.0003701101 0.026272453 7.906068e-06 2.0991951e-08 0.10989577 4.212036e-08 4.0332525e-06 0.003269369 2.9317553e-08 1.7696232e-07 2.0602478e-05 5.768852e-05 0.4413947 0.001201614 2.8876737e-08 1.0901808e-06
0.051132362 0.23247597 0.047242485 0.052725222 0.8786775 0.19443667 0.0044114785 0.018183922 0.13694246 0.02896237 0.033481296 0.37152356 0.0016279145 0.0018429633 0.9947811 0.00068765867 0.0050557884 0.0012460704 0.0004215729 0.00023018154 0.00025717917 3.564763e-18 0.0013039038 0.002056437 0.00014592559 0.92903876 0.001251904 7.569177e-05 0.47962037 7.2105504e-05 0.007348921 2.683641e-05 0.0013815522 0.0036881242 1.8648465e-05 5.638077e-05 0.0001410616 2.076575e-07 5.703859e-06 3.960128e-05 5.264315e-05 1.098365e-05 0.635704 0.00033565672 0.4355338 2.6235526e-05 2.4889687e-05 1.1182684e-05 2.8429089e-05 0.00012429887 8.296882e-06 4.7128497e-06 2.431082e-07 8.7180415e-06 7.382479e-07 0.49774942 3.5023224e-06 3.131933e-07 6.797104e-05 5.764725e-06 7.762228e-06 6.901907e-06 3.2767257e-06 0.014773609 6.384381e-05 1.0155926e-06 8.022961e-06 8.322503e-06 0.09215118 0.0001526226 7.306069e-06 7.59881e-05 0.03654576 2.9396617e-06 0.0001495603 3.3994152e-07 2.9569497e-05 0.0071650455 3.7611414e-07 3.3652964e-06 4.765046e-05 7.68785e-06 7.505787e-08 7.9186356e-07 4.025935e-06 1.6716663e-07 0.00014988074 1.3622245e-06 4.0769104e-09 0.0002419918 1.1619687e-08 8.391393e-08 1.0741614e-05 1.1121179e-07 6.441576e-07 0.00077551225 9.955599e-05 0.0011852754 0.00015306557 2.6785344e-07 2.4762216e-05
0.97752404 0.0029058713 0.0045874985 0.18264711 0.025463242 0.00026477996 3.0587962e-05 0.47854292 0.52537304 0.46715218 0.0005607892 0.00061014696 3.575276e-05 0.7574617 0.0014358823 0.00012967682 0.7669823 0.001512254 1.7404825e-05 1.0218608e-06 0.9393695 0.0013039038 8.415478e-13 0.6996112 0.8661143 0.14325604 0.70663136 0.88437873 1.5521147e-05 5.9964776e-07 2.4181159e-06 0.0018932206 0.0014256651 0.5267593 2.2042882e-07 0.4575605 0.30807012 1.0189764e-06 1.8385097e-06 0.43987885 0.45888436 4.407464e-07 0.12248993 7.9134945e-05 0.09800968 0.08588773 0.17949025 2.6475143e-06 4.011429e-06 6.9983325e-06 1.7433594e-07 0.14897427 4.1158037e-09 5.887243e-06 1.1518047e-07 0.02348047 0.032953784 0.023448285 0.012303348 0.006002601 0.0016230997 8.608349e-08 0.00075766706 0.001390725 0.013246622 0.00067256717 0.00092193874 8.572189e-08 0.0003677496 0.007591291 0.0009662443 1.15763896e-07 0.07930848 0.00012542306 0.07560557 4.7706568e-09 0.0007729022 0.01818538 2.9903358e-09 0.00018562826 0.022076866 1.3610362e-06 6.886144e-07 0.00010437339 9.633266e-08 0.00057831965 0.0042598983 0.00026984425 2.2168292e-07 0.042631164 4.2105736e-08 0.00034425507 0.002813023 4.244812e-08 8.601095e-08 5.118876e-05 0.00096866064 0.084772594 0.00022303047 1.2268289e-07 1.8752404e-05
0.2435293 0.0014927753 0.0027621207 0.053753987 0.03716334 0.00018931509 6.237536e-06 0.39838332 0.6346615 0.29418385 0.00020892292 8.805711e-06 8.983183e-06 0.34301543 0.0003047102 7.601245e-05 0.9552329 0.0008444072 3.3085598e-06 2.5724416e-06 0.1109048 0.002056437 0.6996112 1.5008671e-17 0.86397284 0.040703565 0.9855359 0.46263874 7.1586817e-07 5.3718105e-07 1.9542176e-07 0.00011928595 0.00017198434 0.63473827 1.3338546e-07 0.15055607 0.016490052 2.1440069e-07 1.4188818e-07 0.024123993 0.05674394 4.3171696e-07 0.028064033 2.1140831e-05 0.011909003 0.0032569065 0.0025728394 1.5358554e-06 3.5629832e-06 1.3984454e-06 9.073969e-08 0.01234885 1.7291171e-08 6.0588277e-06 1.911525e-08 0.0046567935 0.0010235179 0.0002057243 0.00047021566 0.00019985039 0.00013109983 2.0270168e-07 7.1987255e-05 0.00602633 0.00040204506 4.3195087e-05 0.00020632397 2.1460997e-07 0.0005728705 0.000105153595 0.0001580377 6.7077804e-07 0.009501335 1.649346e-05 0.0014296229 2.2134229e-08 0.00029802282 0.003296417 1.4387705e-07 1.3116168e-05 0.0005134921 1.2350092e-06 3.5010183e-07 4.4945697e-05 3.644259e-07 6.396679e-07 0.00042263165 1.4422784e-06 3.257099e-07 0.0005369337 1.1551774e-09 3.597293e-06 8.836555e-05 7.9794525e-08 2.6159321e-07 7.786329e-05 0.0003322187 0.0024155856 8.02853e-05 1.1321695e-08 2.0182963e-05
0.7554063 1.4471234e-05 6.911923e-05 0.00355304 0.000659723 3.751738e-05 4.4981732e-08 0.10770657 0.08538044 0.17959219 5.0964452e-05 2.954531e-07 1.3125e-07 0.30909428 5.1524697e-05 3.8934645e-06 0.662346 1.0705921e-05 8.081056e-07 4.6433957e-08 0.19984157 0.00014592559 0.8661143 0.86397284 7.4007307e-16 0.0029930398 0.9382839 0.96047467 3.6887233e-08 5.336998e-08 5.0447997e-09 1.8289411e-05 1.0885607e-05 0.5695356 2.0619872e-09 0.55763626 0.45825368 2.4830946e-08 1.04286215e-08 0.28473547 0.6752785 2.4551113e-08 0.020726727 2.7935016e-06 0.014133428 0.050313137 0.05527746 3.4848675e-08 6.5597476e-07 7.935789e-07 1.5364721e-08 0.48188588 3.926e-10 5.912351e-07 4.1870263e-09 0.00073018414 0.0006263413 0.05450334 0.05160563 0.013291816 0.003809831 6.116401e-08 0.00033478157 0.0031717753 0.0005865872 0.0008545609 0.00072212226 6.094435e-09 1.1245611e-05 0.00023416831 0.010843598 1.4954276e-08 0.033298023 0.00011290718 0.0041431 3.7578967e-09 0.00025685245 0.016873961 5.7799205e-09 0.00016722316 0.04469308 1.5412866e-07 3.2289238e-09 0.0012398425 4.9570875e-08 8.801736e-05 0.00016720292 2.2144863e-05 4.2548205e-09 0.005786874 5.321572e-10 0.0002369207 0.00075880706 1.2560594e-08 2.111095e-09 7.609013e-05 0.009584892 0.008834214 6.669209e-05 2.9566138e-09 2.4756973e-05
0.92877007 0.028677102 0.018174684 0.19529188 0.8856652 0.26852378 0.000108146494 0.3234603 0.87338907 0.6730464 0.027267471 0.015163424 0.000111136906 0.058443952 0.120085105 8.4272455e-05 0.75659627 0.00053594535 8.169567e-06 1.4689663e-05 0.0014225489 0.92903876 0.14325604 0.040703565 0.0029930398 2.9056262e-14 0.033375148 0.00063792866 0.0009770483 8.28003e-06 4.6958507e-06 6.256377e-05 0.0032670482 0.597249 8.4893645e-07 0.012766303 0.006255927 4.5510816e-07 4.63845e-07 2.470888e-05 0.0032467754 3.0274567e-08 0.9477138 0.0002638639 0.81486434 2.5887892e-05 3.0319807e-05 1.0795472e-06 1.1796319e-05 0.0001099271 2.2002441e-06 6.954716e-05 1.1789323e-09 1.9004798e-05 5.740288e-07 0.6499925 3.9353137e-05 4.6850323e-07 6.398412e-05 1.8205351e-06 2.1130089e-07 9.142364e-06 1.0255923e-06 0.052144997 0.00043884417 8.525376e-08 7.200833e-07 1.6252332e-07 0.03614925 0.0024522839 3.971463e-05 1.5880776e-06 0.06733318 1.2530685e-06 0.0010395191 1.7005831e-08 2.9285643e-06 0.019131346 5.806996e-08 3.3161585e-05 0.0010715054 1.1034008e-06 3.2948215e-08 1.25011375e-05 1.173521e-05 7.64478e-08 0.00022181969 9.699178e-06 5.634206e-09 0.0017494189 1.33368845e-08 5.8581896e-05 1.6580105e-05 1.5328308e-06 2.2360088e-07 0.0014593338 0.00030458727 0.0038755813 0.0025856337 1.6984991e-06 6.604655e-05
0.34961042 0.0010911743 0.0023723885 0.032188244 0.022838576 0.00032404478 3.7989535e-05 0.2280589 0.28674725 0.20218356 0.00035902625 8.756228e-06 1.871501e-05 0.25403264 0.00039547746 0.00015509718 0.6064834 0.0008669854 5.8934056e-06 5.3291575e-07 0.107856154 0.001251904 0.70663136 0.9855359 0.9382839 0.033375148 1.6306626e-16 0.62017316 5.8233485e-07 1.8477517e-06 2.1738859e-07 8.572904e-05 0.00013247885 0.90897346 6.8434593e-07 0.7474266 0.059112202 4.1446012e-07 2.1608844e-07 0.07981514 0.579018 7.1163566e-07 0.047734182 1.2586851e-05 0.033594657 0.010008672 0.009684214 2.2510385e-06 2.9881398e-06 6.767218e-06 9.872911e-08 0.17196448 3.960511e-08 1.245342e-05 8.734976e-08 0.006500785 0.00043892366 0.0032305676 0.005024701 0.0045085824 0.0013580498 8.470716e-07 0.0005983517 0.011976133 0.00027846286 0.0005603102 0.0009899008 4.892605e-07 0.0012701162 0.00012080271 0.0017768317 6.25284e-07 0.06203132 0.0003205039 0.001071886 1.2115662e-07 0.00093849417 0.024305636 9.0086064e-07 0.00016341661 0.006086041 3.2775943e-06 2.608659e-06 0.0038850382 6.79792e-07 3.4875524e-05 0.00019425717 1.7612792e-05 1.6046902e-06 0.0009111426 5.350163e-09 2.3565372e-05 0.00028169397 1.9783435e-07 5.447186e-07 0.00037547125 0.0046791234 0.0022353206 4.4316657e-05 1.0273504e-08 0.00021932469
0.80590034 5.3964734e-05 0.00027543659 0.0053205052 0.0005674515 4.288229e-05 4.7676212e-06 0.10434975 0.052615397 0.1029633 0.0001482711 6.7572864e-06 1.438649e-06 0.28232005 0.00024189928 1.1504698e-05 0.30301467 0.00026792183 7.967859e-07 2.2483727e-07 0.31596902 7.569177e-05 0.88437873 0.46263874 0.96047467 0.00063792866 0.62017316 2.058258e-13 4.3375607e-07 2.7373017e-07 2.1925116e-07 0.00010171008 0.0002545104 0.3520921 3.412065e-08 0.48489904 0.89095336 1.4168994e-07 6.8657144e-08 0.8859765 0.6951353 5.2400335e-08 0.012125136 1.484563e-06 0.011238628 0.22602126 0.2250543 4.665681e-07 2.2210362e-07 3.5843077e-06 1.5149004e-08 0.7302394 1.4947995e-09 3.2888665e-06 1.4773683e-08 0.00053285813 0.0051643383 0.3898423 0.11336773 0.21353614 0.033378996 6.201955e-09 0.011755537 0.0007575214 0.0023505616 0.02645891 0.013052219 3.7478344e-08 2.775942e-06 0.00037669356 0.039156433 1.3334538e-07 0.02873482 0.0074867904 0.017781625 2.3162254e-08 0.0022939045 0.019074589 1.9591213e-09 0.0017188884 0.10640205 4.827615e-07 2.5958398e-09 0.0010220695 1.1545177e-07 0.0019330519 0.00038818124 0.00036596062 5.8629485e-10 0.012279628 3.74698e-10 0.0004985423 0.0026051502 1.1469116e-09 8.546602e-09 2.3703313e-05 0.015633602 0.033491123 3.5962846e-06 2.7483793e-07 1.1813623e-05
0.021508886 0.14018556 0.012823946 0.0020241146 0.18741497 0.13773456 0.18623693 0.00047431773 0.00080965855 0.00043746276 0.06632345 0.97350955 0.19241911 2.315341e-05 0.8629258 0.068746105 8.9172674e-05 0.003086221 0.29689425 0.045670073 1.4652264e-05 0.47962037 1.5521147e-05 7.1586817e-07 3.6887233e-08 0.0009770483 5.8233485e-07 4.3375607e-07 3.7485856e-19 0.0052907234 0.99280965 0.00543515 0.013515773 6.74223e-06 0.00026710797 1.5427358e-06 2.8990298e-05 2.3969873e-05 0.0010347512 3.595273e-06 3.923197e-06 0.00018459818 8.4393745e-05 0.0055993036 3.5261834e-05 9.178278e-06 7.415732e-06 3.294698e-05 0.0007006386 0.3006411 6.415362e-05 1.8005086e-07 1.0841281e-06 0.00037276346 2.9091233e-08 0.00016709803 8.067489e-05 8.1800614e-08 8.152286e-07 8.056317e-07 2.585436e-07 1.5603182e-06 3.635612e-07 1.2433934e-05 0.0007086082 2.3003373e-07 5.8397325e-07 9.8672444e-08 0.000337328 0.00057992025 8.4836714e-08 1.9957688e-06 8.958992e-07 1.18224364e-07 5.941699e-05 1.160274e-07 6.701962e-07 3.3242517e-07 3.0970855e-06 1.6756853e-07 1.103968e-08 3.6097094e-06 3.3325189e-06 1.9981817e-08 3.6067536e-06 9.923747e-09 0.00058466004 1.1127609e-07 8.954302e-09 8.619067e-05 1.5119375e-06 6.294754e-10 4.620792e-06 1.9619831e-08 3.6739203e-07 2.1384028e-06 4.4352234e-08 0.00039933025 0.00030905296 1.2781217e-08 2.2268292e-08
0.8484815 0.001301815 0.0015751543 9.5453695e-05 0.00041881992 0.002907063 0.30558667 3.7415975e-05 8.237585e-06 7.169087e-05 0.0063187834 0.008962877 0.18739267 8.179399e-06 0.0005178922 0.15135926 1.3563858e-06 0.0015096978 0.9081947 0.9092225 7.061502e-07 7.2105504e-05 5.9964776e-07 5.3718105e-07 5.336998e-08 8.28003e-06 1.8477517e-06 2.7373017e-07 0.0052907234 5.094402e-17 0.018154847 0.034404706 0.07961214 1.586237e-06 0.8773642 1.2147316e-07 2.1776343e-06 0.95446324 0.96120065 1.1068645e-05 1.8576789e-07 0.49494797 2.8093942e-07 0.50693756 3.3600309e-06 8.8870565e-06 2.4035785e-06 0.12677793 0.4184046 0.29514164 0.12814185 1.1807872e-08 0.064057045 0.56898546 0.036773324 1.8207763e-06 0.0012391101 1.9124e-08 2.6702112e-06 1.7136744e-06 3.635574e-07 0.049484365 3.1892677e-07 2.7388003e-07 0.02814695 1.6107718e-07 2.2798037e-07 0.0059442185 2.442256e-06 0.1573286 3.752314e-07 0.0031241968 2.262116e-05 8.145559e-08 0.003325966 0.0020291456 6.103312e-07 4.0769143e-07 0.0015893065 1.1425454e-06 4.0996747e-06 0.0013984236 0.001281009 1.8943726e-07 0.0008255351 1.9268553e-08 0.007293397 1.1743703e-06 6.3033995e-06 0.00036688818 6.1268314e-05 5.8583264e-08 2.584746e-05 3.4223924e-06 2.3920227e-05 8.5997874e-07 2.4268245e-05 0.00071107905 0.013212235 2.2287959e-05 4.4865612e-07
0.009555093 0.009519093 0.00045745817 5.3211694e-05 0.007057749 0.0119654825 0.059108075 9.247891e-06 2.0670988e-05 6.2956674e-06 0.0064258506 0.9033129 0.26726782 9.2011646e-07 0.00726 0.02559847 5.025848e-06 0.00032826624 0.655707 0.046000455 4.5217195e-07 0.007348921 2.4181159e-06 1.9542176e-07 5.0447997e-09 4.6958507e-06 2.1738859e-07 2.1925116e-07 0.99280965 0.018154847 5.8677546e-19 0.0016184549 0.0028992887 8.5119507e-07 0.0013951386 2.742036e-07 4.4210387e-06 0.00032661617 0.002865437 2.6639261e-06 9.576762e-07 0.0003005697 4.6349564e-07 0.00416768 1.5318669e-07 5.849397e-07 2.473007e-07 0.00084334647 0.00074595574 0.9777249 0.00040327042 1.2962951e-07 6.1279034e-06 0.00076487294 2.9118157e-06 3.620661e-07 2.0268855e-05 6.123381e-08 4.8940757e-07 1.3987243e-06 1.4020584e-07 6.8024405e-05 1.1494224e-07 5.1789257e-08 0.00016161335 6.28086e-08 1.5112374e-07 1.21543735e-05 1.6625803e-05 0.00034677115 4.2582485e-08 4.312808e-05 1.5780891e-08 2.2164645e-08 1.0728714e-05 1.0677545e-05 1.2572993e-07 2.0209685e-08 3.874214e-05 6.330182e-08 3.057941e-09 3.9690585e-05 7.373315e-06 3.393583e-10 1.679325e-05 1.8734152e-09 0.00031505802 3.0145095e-08 5.1038955e-09 2.4071767e-05 1.8737137e-05 3.7755468e-10 3.4678367e-06 1.24394e-07 8.8430136e-07 4.9014762e-08 7.665481e-09 5.1895393e-05 0.00025068433 2.7699613e-07 1.318786e-09
