5.0005886e-20 2.5455213e-06 0.00023992387 0.00019126483 9.000402e-06 5.0261315e-06 0.001841887 0.0061823656 0.07705796 0.09044156 0.0053104325 6.88455e-05 0.0870153 0.013387528 0.6639847 0.7551032 0.9243455 0.007602384 0.192475 0.06478764 0.9837464 0.94312245 0.97981834 0.5580137 0.93384445 0.055237867 0.4420463 0.8631224 0.88762 0.010088451 0.7186822 0.77340746 0.19339159 0.30784827 0.978356 0.8423725 0.44584963 0.001747458 0.5466713 0.9167593 0.031812083 0.95407933 0.7382032 0.8851788 0.9033513 0.9752585 0.08271876 0.97099507 0.924952 0.23381425 0.8679394 0.89945906 0.5947928 0.9839881 0.8306691 0.90536714 0.2606618 0.7555343 0.96465135 0.874325 0.9897351 0.9328711 0.92105335 0.9364935 0.9371178 0.84098905 0.99356365 0.87062 0.8771423 0.16169743 0.9150786 0.9293709 0.9849101 0.61446977 0.16769737 0.99753654 0.9520486 0.9034189 0.79030126 0.90933585 0.9279638 0.9351038 0.21706855 0.33719206 0.97908765 0.9256222 0.81361854 0.932145 0.99636376 0.99921566 0.10294506 0.9998701 0.42927992 0.9993204 0.998699 0.99998814 0.73406637 0.9962082 0.999964 0.9993778 0.99931747
2.5455213e-06 1.2386229e-16 0.69914305 0.33117297 0.07052959 0.01939015 0.010970153 0.019694192 0.019318186 0.0065379613 0.002101548 0.014511812 0.0014394314 0.0005377562 0.002779253 2.9022114e-05 0.000108790846 1.2635813e-05 4.20203e-06 1.58333e-05 1.456244e-05 1.8041844e-06 0.0004012581 3.4916324e-05 1.0393461e-05 1.8727864e-05 5.0836175e-06 3.614691e-06 3.2948722e-06 0.00027222116 7.5255446e-07 2.9227467e-06 3.017979e-06 2.6881964e-06 3.038053e-05 1.6370017e-06 2.357614e-05 0.0004308169 1.1050436e-06 2.3340735e-06 1.8554408e-07 9.367969e-07 4.3962787e-06 7.833621e-06 5.6979115e-06 2.6271566e-06 9.918678e-07 1.5484262e-05 3.389429e-07 1.06496174e-07 2.2520628e-06 3.0250385e-06 3.4352072e-06 4.3230425e-06 7.4684085e-06 2.7507983e-06 6.195217e-05 5.7992704e-08 1.2200152e-05 1.2007501e-07 6.7314686e-06 3.6922662e-05 1.8316196e-06 7.932047e-06 9.361267e-06 4.5190745e-06 2.249856e-06 2.6541377e-06 2.4877463e-07 2.9901965e-05 2.698253e-05 4.6684922e-06 7.3437914e-06 1.0504808e-05 2.1804688e-06 1.0070753e-06 9.530001e-06 3.2658781e-06 5.9451704e-06 2.5367367e-06 3.7646892e-06 3.2472378e-06 6.3552466e-07 9.419463e-07 4.8103766e-07 1.6345105e-06 2.6147777e-07 2.2322824e-07 1.3976975e-06 0.0013166857 0.0006184119 4.7173442e-05 9.374261e-07 1.7609996e-06 0.0001801487 1.537798e-05 9.171261e-06 4.673385e-07 0.00040611462 1.9063947e-08 9.172469e-06
0.00023992387 0.69914305 1.05581674e-13 0.98813117 0.0024211206 0.000390966 0.22601515 0.14436066 0.4090375 0.09389579 0.00017344866 0.0033903879 0.009426262 0.0007048295 0.0023617572 0.00042092093 0.0043508313 2.0046045e-06 7.136842e-07 9.478731e-05 0.00020028923 1.1897107e-05 0.01878912 0.0003678801 4.133265e-05 2.390368e-06 1.3275523e-07 9.616761e-08 0.0002346212 1.6867758e-05 2.4954523e-05 0.00020737162 7.020756e-07 4.8442796e-08 0.0012757053 8.686008e-06 8.415917e-06 3.51259e-05 3.7330574e-07 2.3290038e-06 6.174316e-08 6.531034e-07 1.6112243e-06 2.332965e-06 3.2892288e-07 6.2480115e-07 1.344157e-07 7.131749e-06 2.9962138e-07 2.3266837e-08 2.9122282e-07 1.6361229e-06 3.8805993e-07 8.485998e-07 4.821153e-06 9.492616e-07 4.1805847e-06 2.3452465e-07 3.660723e-06 7.9153807e-07 1.0697496e-06 1.0210084e-06 3.567898e-07 4.2874763e-07 5.2689575e-06 4.6978596e-07 4.6902066e-08 5.8133384e-07 1.4868903e-07 1.5252758e-06 1.8806211e-06 3.3570454e-06 3.4721432e-07 1.8756256e-06 5.375152e-07 7.9406715e-07 1.2865214e-05 8.979303e-06 9.363321e-06 6.5045824e-06 4.0505206e-06 2.4954059e-06 2.7597927e-08 1.5682855e-07 1.9928857e-06 1.5972653e-06 2.9787375e-07 4.4386256e-06 1.1462201e-06 0.00015455368 0.00016881622 7.2310327e-06 2.0258582e-08 5.6386364e-07 3.2486814e-06 2.1328813e-06 1.2586358e-05 7.283629e-07 9.502217e-05 1.2415987e-08 6.7655083e-06
0.00019126483 0.33117297 0.98813117 2.2504145e-13 0.056828897 0.03655392 0.09643788 0.024152337 0.6955847 0.16435821 0.012564282 0.0005336467 0.0072108502 0.00020551449 0.09979477 0.0003773199 0.0312964 2.3132102e-06 2.3230867e-05 0.0009318957 0.00012111452 2.7995038e-05 0.089267254 0.0031510745 0.001163482 0.000111025445 5.1910285e-07 7.772469e-07 0.004355304 7.2510076e-05 0.00012586269 0.000621068 1.6540898e-06 1.5280668e-06 0.006857902 0.00028808578 7.8240526e-05 0.00015090032 2.0868547e-05 1.2141849e-05 9.154719e-06 7.709433e-05 2.2733164e-05 4.6889927e-05 5.6581415e-05 5.2021107e-05 8.759782e-07 0.0002912116 2.1128446e-06 1.265722e-07 3.166865e-06 5.4292726e-05 4.339828e-05 3.0727067e-05 0.0002267891 1.6942693e-05 1.8706089e-05 1.2282279e-05 5.0056366e-05 2.9152584e-06 7.7581735e-06 3.577012e-05 3.083561e-06 1.1738468e-05 0.00015742966 1.0774219e-05 7.284032e-07 1.2677263e-05 3.878064e-06 1.0716443e-05 0.00012715555 1.5306085e-05 1.28575475e-05 6.128137e-06 4.5146166e-06 2.3860941e-05 0.00074097305 1.3626214e-05 2.1302478e-05 0.00037506755 5.5938303e-06 1.1214627e-05 2.1881418e-07 3.817496e-06 1.5524449e-05 4.570402e-05 6.627281e-07 7.3040906e-06 1.3358168e-06 0.0026108532 0.0004521888 0.00011261243 7.1454664e-08 5.576081e-05 0.001234914 0.0004950512 4.4587123e-05 2.2748909e-05 0.00097015424 2.0805334e-07 5.0260234e-05
9.000402e-06 0.07052959 0.0024211206 0.056828897 6.728004e-19 0.9813052 0.00010202367 1.674719e-05 0.23489806 0.00030468754 0.6388944 3.5885182e-06 0.000110601046 3.2772225e-06 0.04461167 9.2213395e-06 0.00030791503 3.0273053e-09 1.3723829e-07 0.00055786205 1.1160944e-06 1.2326976e-07 0.0023210128 1.2999423e-05 0.0012135338 0.000215115 1.1677142e-08 3.0136416e-08 8.215677e-05 3.962251e-05 1.3361245e-07 1.4486188e-05 5.1660884e-09 1.2551526e-07 1.4566497e-05 5.2321866e-05 1.0265518e-05 1.007706e-05 3.8831486e-06 8.247033e-08 6.606472e-08 2.1431117e-05 2.1102794e-06 1.7775401e-06 1.310727e-06 4.1291773e-06 1.0017498e-09 3.46371e-05 4.9503505e-08 2.3662114e-11 1.3137305e-06 4.472645e-06 8.9221366e-08 1.4357158e-06 8.760868e-07 8.697952e-08 6.215331e-07 3.6866814e-09 1.10481125e-07 1.4395073e-09 5.814641e-07 4.548387e-07 4.90246e-07 2.8036034e-06 4.5039664e-07 2.274483e-07 1.7652764e-07 1.0325646e-07 1.2657003e-07 8.575978e-09 2.3571667e-05 1.3750542e-07 1.1718341e-06 6.0435483e-09 9.628154e-09 3.1962234e-08 4.7993468e-05 4.9479528e-08 5.2628508e-08 1.1967866e-05 5.2530524e-08 5.523811e-08 3.1148278e-10 2.0034203e-09 7.894883e-07 6.202908e-07 4.1429786e-08 5.814009e-09 8.3723324e-07 0.0049146204 1.4696992e-07 1.4100024e-06 3.9809763e-11 6.290311e-07 2.2017784e-06 2.8623751e-06 1.961912e-06 7.778327e-07 0.00053689076 1.6651768e-08 3.230718e-08
5.0261315e-06 0.01939015 0.000390966 0.03655392 0.9813052 2.0385449e-19 2.3498184e-05 5.747998e-06 0.19598116 0.00012801982 0.88575965 4.0976397e-07 4.6162615e-05 2.6074952e-06 0.033459313 1.6984536e-06 9.981942e-05 7.615142e-10 5.407422e-08 0.0007823933 1.5043513e-07 5.260332e-08 0.0013169425 6.6361326e-06 0.0011734837 0.00024478478 2.4081706e-09 5.3850946e-09 5.3274813e-05 4.8874805e-05 9.206795e-08 7.2869057e-06 1.214677e-09 2.7118906e-08 6.560533e-06 4.4875196e-05 2.8117314e-05 2.0296575e-05 5.0362405e-06 2.3519469e-08 2.1306418e-07 3.813193e-05 4.240038e-06 1.0523826e-06 2.1296253e-06 2.692643e-06 1.8440072e-10 3.1713913e-05 1.2702718e-08 5.255908e-12 1.1292204e-06 2.9025805e-06 2.4904335e-07 1.7849106e-06 6.6075785e-07 7.8146e-08 8.0132384e-07 6.4416705e-10 5.9170358e-08 4.3902998e-10 4.8415484e-07 2.7132424e-07 5.38046e-07 1.2302296e-06 3.397218e-07 1.9787791e-07 6.4922496e-08 1.5721758e-07 5.2256915e-08 1.145028e-08 1.4676486e-05 1.6490645e-07 7.8201805e-07 5.284434e-09 1.808291e-08 6.536554e-09 1.9762127e-05 2.3225692e-08 1.8354962e-08 6.106464e-06 4.0461017e-09 4.7244686e-08 2.4535546e-10 3.9940082e-09 1.8201504e-07 6.8931286e-07 8.9539265e-09 6.1053224e-10 3.594246e-07 0.0021784706 9.853195e-08 3.642018e-07 9.388293e-12 8.5759945e-07 1.1215135e-06 1.135539e-06 1.4925382e-06 2.0442646e-06 0.00021735221 1.9939938e-08 7.265314e-09
0.001841887 0.010970153 0.22601515 0.09643788 0.00010202367 2.3498184e-05 8.4267375e-13 0.9862751 0.73594594 0.93554676 0.0002079864 0.004795895 0.6135616 0.015699549 0.013678803 0.05911559 0.07646573 4.3608125e-05 3.5055626e-05 0.00012678454 0.010952325 0.0027805138 0.042585593 0.0050745457 0.0003346561 5.0830575e-05 1.8622144e-05 4.106035e-05 0.0024628716 4.950191e-06 0.001253909 0.0019779399 1.014923e-05 1.227701e-05 0.018082198 8.41203e-05 1.213598e-05 1.1477636e-06 7.4288064e-06 0.002057661 4.253632e-07 6.302567e-05 2.721892e-06 1.0547608e-06 1.9951085e-06 0.0012497234 2.1808119e-06 0.0005305558 3.3590648e-05 4.7194592e-07 6.627992e-06 6.638218e-05 6.040259e-07 4.4059845e-05 5.47037e-06 5.8754417e-06 1.2686096e-06 6.191309e-08 1.933153e-05 6.325762e-07 9.98789e-06 6.679358e-06 1.0024767e-06 3.7495188e-06 2.252879e-06 4.4919752e-06 7.154853e-07 1.2857333e-06 2.8159846e-07 2.353825e-06 5.444436e-06 8.485825e-06 3.2509422e-07 2.6558075e-07 9.2886694e-07 4.330875e-06 0.0002177186 1.2124423e-05 1.2363869e-06 2.2372438e-05 5.848145e-06 9.235684e-06 8.753001e-09 6.9469e-07 1.3664439e-06 6.6668116e-07 3.182152e-07 1.0345464e-06 1.1085511e-06 0.001047949 7.734035e-05 5.5119694e-05 1.6259881e-07 2.7578772e-06 6.398217e-05 0.00015240442 4.5141087e-06 2.4290994e-06 0.00032477925 2.814484e-07 7.755998e-06
0.0061823656 0.019694192 0.14436066 0.024152337 1.674719e-05 5.747998e-06 0.9862751 2.8603132e-13 0.45775336 0.92702454 2.3578503e-05 0.07952031 0.67140573 0.20584163 0.008878489 0.11300356 0.08071319 0.00026788068 0.00018420302 2.683487e-05 0.060554426 0.024782825 0.041465532 0.007085292 5.8841033e-05 3.7314683e-06 1.8260342e-05 0.00016473427 0.001919564 5.775351e-06 0.0027496496 0.0019152797 2.3367942e-05 1.3813197e-05 0.031135049 5.7899455e-05 2.243702e-06 5.899501e-06 1.2988585e-06 0.002448763 1.08674946e-07 4.7657027e-06 1.716085e-06 8.6529235e-07 1.4242606e-06 0.0009513367 2.270922e-05 0.0010004019 5.6078166e-05 4.1837257e-07 8.1890954e-07 2.6514068e-05 2.0313864e-07 4.953071e-06 1.605513e-05 1.2884337e-06 9.879028e-07 1.7137927e-07 0.000111093235 1.4953563e-06 1.0288181e-06 2.9117009e-05 1.8808291e-06 5.439796e-06 2.7555584e-06 3.216006e-06 2.14884e-05 6.3012504e-07 7.4222726e-07 6.780347e-07 2.104372e-05 7.12667e-06 3.474575e-07 7.482456e-07 1.2298302e-07 7.608421e-06 4.818614e-05 7.0734764e-06 1.8236177e-06 1.607333e-05 1.8597548e-05 4.484801e-06 3.8084302e-08 1.1378529e-07 1.0834381e-05 3.8687418e-07 1.0359365e-06 6.0441917e-06 1.6847182e-05 0.0006457577 9.600813e-05 6.82137e-05 9.009814e-08 1.1414194e-06 6.3878183e-06 8.340206e-06 1.2054458e-06 4.808308e-07 0.0003493181 5.56433e-07 5.7220404e-06
0.07705796 0.019318186 0.4090375 0.6955847 0.23489806 0.19598116 0.73594594 0.45775336 6.6705715e-14 0.93701607 0.7242664 0.00022227221 0.17858663 0.0025676026 0.8807405 0.049907744 0.79993415 5.846015e-06 5.5133565e-05 0.011381123 0.0072189583 0.0003286393 0.9003625 0.13153705 0.01620102 0.0009288972 1.5324347e-06 2.8404222e-06 0.36443272 0.00028702916 0.011181293 0.09438423 4.6556165e-06 9.707635e-08 0.46288192 0.024035243 0.0005034884 2.3340524e-05 0.0019755089 0.012037755 8.6856435e-06 0.0036446643 0.0006108454 2.0969814e-05 0.00013099024 0.035043195 4.0427793e-08 0.17316811 3.1346914e-05 3.6775236e-09 0.00013877758 0.010148713 3.9727205e-05 0.00023922132 4.55704e-05 3.3835353e-05 1.5475802e-05 4.1239236e-08 0.00024075773 2.9915125e-08 0.00018940303 0.000506222 3.8875396e-06 0.0029475335 0.00012100333 4.5788394e-05 6.064973e-06 7.773378e-06 7.8397996e-08 6.371206e-07 0.00065978314 6.0168542e-05 9.3497445e-05 4.9600976e-07 3.3596265e-08 4.0421452e-07 0.00066362845 1.6803526e-06 4.3910975e-07 0.000520871 1.1663831e-06 3.0209421e-06 3.6707632e-08 2.6611378e-08 2.0473901e-06 7.5115377e-06 2.8683664e-07 1.1858627e-07 6.7879233e-07 0.088708095 0.00121317 5.2017804e-06 5.9480367e-09 1.2605591e-05 0.00015319175 2.5247044e-05 4.4905487e-06 9.547322e-06 0.007273666 1.5421901e-06 1.2425957e-05
0.09044156 0.0065379613 0.09389579 0.16435821 0.00030468754 0.00012801982 0.93554676 0.92702454 0.93701607 2.8224686e-17 0.0012559434 0.017605389 0.9294073 0.10687505 0.05650257 0.68408424 0.8324797 7.9229416e-05 0.00043515695 0.00036561769 0.23861015 0.10598796 0.45457146 0.07695372 0.00037057063 2.2483982e-05 0.00020599917 0.0004945569 0.050430685 6.007488e-06 0.030408636 0.028613744 7.903441e-05 1.7192064e-05 0.38746703 0.0013739716 1.5361395e-06 3.5801276e-07 0.00022650162 0.02189854 2.0189765e-08 0.00016959288 2.9108678e-05 1.2885088e-06 1.4099783e-06 0.011436367 2.6509604e-06 0.0064594317 0.00064284744 1.0702297e-07 3.7196354e-05 0.0002890851 3.3634034e-08 2.6293435e-05 5.2117286e-07 6.7579053e-06 1.1572113e-06 1.8198405e-08 0.0009367822 4.2250204e-07 4.3586544e-05 0.00043767516 6.1211136e-07 0.0006452456 1.1894941e-05 1.208348e-05 0.00021144151 6.7312444e-06 6.251197e-06 4.0965634e-08 0.0003042575 6.6796124e-06 3.1948978e-06 7.4588166e-07 2.2245795e-08 2.4014624e-05 0.0012964961 5.7894626e-06 3.5551136e-07 0.00017555011 2.4871097e-06 3.1926804e-06 1.3102821e-08 2.458123e-09 2.208128e-05 9.066016e-07 1.068415e-06 4.8069415e-07 2.2437865e-05 0.003206503 3.5128145e-05 8.51416e-05 7.4487794e-09 3.227525e-06 6.8684174e-05 0.00010267197 3.429528e-06 4.6280618e-07 0.00065657846 9.317459e-07 1.986995e-06
0.0053104325 0.002101548 0.00017344866 0.012564282 0.6388944 0.88575965 0.0002079864 2.3578503e-05 0.7242664 0.0012559434 6.6170105e-13 2.720984e-06 0.00026192365 5.1914147e-05 0.9246404 5.147357e-05 0.015857698 9.967132e-07 2.9790488e-06 0.542907 8.506726e-05 0.00014922394 0.10313516 0.0012588202 0.18761793 0.043094557 5.5654704e-07 9.869508e-07 0.03984904 0.13665538 3.6583828e-05 0.0029162026 4.0368363e-07 1.2797208e-06 0.0089449845 0.02455288 0.03470451 0.05768413 0.0009807943 0.000104719256 0.0004700006 0.021519698 0.005439924 0.0069354367 0.0039325263 0.0043606865 1.0631595e-07 0.056967888 9.563392e-07 6.6105907e-09 0.00045411038 0.0025232963 0.00043384547 0.002747828 0.0007435015 0.00038449393 0.001511696 4.2252015e-07 5.9250715e-06 2.5173014e-07 0.00017781164 1.531415e-06 0.00024607117 6.268277e-06 0.00012398111 0.00011851443 2.180188e-06 8.188717e-06 5.299444e-07 1.630067e-05 0.00014227605 0.00028561993 6.0443734e-05 2.2506026e-06 6.5518548e-06 1.946002e-06 7.169826e-05 9.7313605e-05 0.00011084359 1.5308913e-05 0.0020520065 7.768908e-06 1.2735007e-08 2.2025347e-06 7.989047e-06 9.736082e-06 7.951816e-06 4.6277687e-06 9.011929e-06 0.039182015 0.0044809943 1.2284042e-06 4.710589e-10 1.5476459e-06 5.0494782e-05 1.9769082e-05 1.7758177e-05 5.880678e-06 0.011925887 9.088302e-06 0.00029023786
6.88455e-05 0.014511812 0.0033903879 0.0005336467 3.5885182e-06 4.0976397e-07 0.004795895 0.07952031 0.00022227221 0.017605389 2.720984e-06 1.4324613e-15 0.20029762 0.9886658 4.8501647e-06 0.008386559 8.9987836e-05 0.99038196 0.09265767 2.9616333e-06 0.0032653909 0.009268849 2.7595468e-05 1.4027981e-05 2.5144261e-06 4.136808e-06 0.018236022 0.0013741406 2.6922294e-06 8.243553e-07 5.4377892e-06 3.701251e-06 0.01280142 0.0030144008 2.6885104e-05 3.9318925e-07 6.536225e-05 1.289548e-05 3.0217876e-07 1.9256659e-05 1.0787846e-06 2.3618954e-06 2.4482517e-06 2.5664123e-05 5.3926374e-06 4.6304835e-06 0.0022502746 1.5620508e-05 2.399765e-06 0.000104082945 7.204686e-07 3.0759832e-06 2.7458174e-07 4.7047215e-06 1.9654073e-05 1.8481562e-05 4.734773e-07 5.623822e-06 4.9393825e-06 2.5497016e-05 6.7287834e-07 1.7346883e-06 3.5654375e-06 2.431757e-07 2.6421167e-06 3.3560566e-06 1.6638665e-05 2.7124959e-06 1.2129251e-06 1.280706e-06 6.065048e-06 9.302202e-06 3.7916456e-07 1.835498e-06 2.1640685e-07 1.370935e-07 5.517809e-06 8.9783134e-07 2.165067e-06 1.325687e-06 9.530384e-06 2.0672366e-07 4.926873e-06 1.4571677e-07 1.9884203e-06 5.1589353e-07 1.8380265e-07 2.0491704e-09 1.8459359e-06 1.6384442e-05 4.0363942e-05 1.0465821e-05 8.495102e-08 7.863852e-08 8.038187e-06 1.2698769e-06 5.3902124e-07 6.123381e-08 5.0869905e-05 2.3592421e-09 8.391979e-06
0.0870153 0.0014394314 0.009426262 0.0072108502 0.000110601046 4.6162615e-05 0.6135616 0.67140573 0.17858663 0.9294073 0.00026192365 0.20029762 4.654423e-17 0.95227194 0.0009789678 0.9694157 0.55584115 0.06275087 0.41654798 1.4203174e-06 0.7227615 0.7458944 0.030113343 0.025748724 3.9717732e-05 1.5037452e-06 0.1347602 0.039934162 0.002791688 5.3413135e-07 0.031951822 0.0026552822 0.017554931 0.010680342 0.077701055 0.00022081523 1.3008388e-05 2.7376225e-07 5.42426e-06 0.009076528 4.8416105e-08 0.00012263583 2.2217015e-05 2.0540826e-06 3.1964948e-06 0.0018770708 0.00036664092 0.0015329955 0.0053716754 2.0777221e-05 1.1216157e-05 0.00036085892 1.085047e-07 9.505471e-05 7.3499364e-06 1.5215718e-05 2.2160168e-06 6.471989e-05 0.0024244178 0.000118183285 1.5794782e-05 0.0018764042 6.584367e-07 0.0015442373 8.517932e-06 5.3342815e-06 0.002374797 2.1185406e-06 0.00067200843 6.782996e-08 0.0003647364 9.79564e-06 5.767733e-06 4.807806e-06 4.1584903e-07 0.00020514517 0.0023405012 6.272633e-07 9.233139e-08 0.00043325772 0.00010735228 2.5816394e-07 9.220859e-07 4.0692058e-08 0.00012965925 7.6222054e-06 6.9467915e-06 9.153003e-09 5.417408e-05 0.00029399255 4.3047905e-05 0.00016223057 5.398982e-08 3.7576622e-06 9.219848e-05 0.00018678395 1.01912465e-05 1.6848585e-06 0.0010422489 5.792124e-06 9.0494095e-06
0.013387528 0.0005377562 0.0007048295 0.00020551449 3.2772225e-06 2.6074952e-06 0.015699549 0.20584163 0.0025676026 0.10687505 5.1914147e-05 0.9886658 0.95227194 2.6381151e-14 0.00022663538 0.32692474 0.021837508 0.14505768 0.27518278 2.6922742e-05 0.14711761 0.2984736 0.0010592602 0.0008590357 2.4112962e-05 2.0576324e-05 0.08301215 0.012030692 0.00010284464 1.3222033e-06 0.0031471946 0.00025374093 0.012323669 0.0043937606 0.0031179017 1.2707667e-05 0.0005577905 2.797295e-06 2.8440669e-05 0.0013285246 4.4052604e-06 0.00011208496 7.140764e-05 0.00017133821 0.000151142 0.00012300067 0.000987002 0.0007475103 0.00085896533 0.000110863046 8.295918e-06 3.7189155e-05 2.2421033e-05 0.00019846353 0.00048058253 3.3639473e-05 1.6524147e-05 0.0005353783 0.0005020546 0.0003699257 1.7208977e-05 0.00029609838 3.4949873e-05 7.3897354e-05 3.5148118e-05 0.00020816381 0.001020828 4.3458913e-05 0.00037715258 2.448672e-06 0.00011907965 0.0004340898 1.7543615e-06 1.6464419e-05 9.835371e-07 8.149986e-05 0.0007213253 9.83139e-06 6.970011e-06 0.0004117124 0.00050733186 1.8817619e-06 1.0643724e-06 5.2326086e-06 0.00010982755 8.669067e-06 9.95699e-06 1.7088982e-07 2.4196306e-05 0.0001623869 2.3849088e-05 0.00017675682 2.7783852e-07 3.605502e-06 0.00013949198 0.0001761218 4.6728997e-05 2.7471804e-06 0.00047641422 1.474722e-06 4.2768137e-05
0.6639847 0.002779253 0.0023617572 0.09979477 0.04461167 0.033459313 0.013678803 0.008878489 0.8807405 0.05650257 0.9246404 4.8501647e-06 0.0009789678 0.00022663538 2.4113323e-13 0.0012637187 0.35399127 5.727751e-06 1.8963845e-05 0.61360264 0.0019956036 0.00020086329 0.82078105 0.033078764 0.85883105 0.113610215 3.504633e-07 1.6396266e-06 0.5960374 0.023365697 0.00088086346 0.07102528 2.3157207e-07 3.8707088e-07 0.12591323 0.40657854 0.04257976 0.0011725005 0.015438545 0.002389646 0.00023847375 0.23937665 0.022131763 0.0061909086 0.010810897 0.09564762 1.638476e-08 0.7181218 1.2694653e-06 1.9471678e-08 0.0050999243 0.095276944 8.187871e-05 0.041012645 0.0004854584 0.0027501348 8.5903455e-05 5.417777e-08 0.0006103469 2.9239203e-08 0.008518896 0.0031893726 3.4978486e-05 0.020024944 0.01967685 2.7535873e-05 2.899056e-06 6.8585265e-05 4.2434502e-07 1.2645131e-05 0.0016899753 1.2914533e-05 0.010481413 1.1851165e-05 4.596631e-06 1.3773542e-06 0.0005888729 3.9969393e-05 8.367731e-06 8.656498e-05 8.0101945e-06 1.1586133e-05 3.0705255e-08 4.3783834e-06 5.0039273e-07 1.5767751e-05 9.225129e-08 1.3064572e-07 2.727392e-07 0.59079194 0.0009849381 4.2902475e-06 3.9009834e-08 7.636197e-06 0.00015411434 5.7549394e-05 1.4983591e-05 2.722961e-05 0.07283014 8.101493e-06 9.694859e-06
0.7551032 2.9022114e-05 0.00042092093 0.0003773199 9.2213395e-06 1.6984536e-06 0.05911559 0.11300356 0.049907744 0.68408424 5.147357e-05 0.008386559 0.9694157 0.32692474 0.0012637187 3.466508e-17 0.86226207 0.002420696 0.15258282 4.744064e-06 0.9652617 0.88274086 0.11528954 0.1096267 5.686699e-05 3.3617423e-06 0.17858443 0.29344046 0.01821883 3.8836984e-07 0.17179249 0.024803136 0.008840708 0.004907548 0.39693195 0.0018956396 3.6173202e-07 4.8682608e-08 0.00049798604 0.08584898 4.444547e-08 0.00013168728 2.2043825e-05 6.1835055e-07 1.6313678e-06 0.027027765 0.00012110886 0.018338623 0.023876559 1.7920488e-06 1.3806824e-05 0.0005179755 2.8038679e-08 6.6951425e-06 7.25932e-08 3.8280663e-07 4.55119e-07 6.130692e-06 0.065987855 0.00012150438 3.7081598e-05 0.045904744 7.451639e-08 0.0125255305 4.6984954e-07 1.3579454e-06 0.01163599 2.2703482e-07 0.0043590358 3.1770956e-08 0.0011310647 5.928267e-07 6.545144e-07 2.125661e-07 5.1837688e-08 0.0036344463 0.0041171224 1.4553888e-07 3.5064296e-08 0.00036134003 4.504379e-05 3.176829e-08 1.6021006e-07 1.8175346e-07 0.00016289893 5.509835e-07 3.5238888e-06 3.4813112e-09 0.00011835359 0.0008453689 6.61254e-07 0.000555104 1.0993201e-08 4.5765455e-06 4.6773137e-05 0.0006546206 3.4579475e-07 8.7434233e-07 0.0014240155 1.4653158e-07 1.7928385e-06
0.9243455 0.000108790846 0.0043508313 0.0312964 0.00030791503 9.981942e-05 0.07646573 0.08071319 0.79993415 0.8324797 0.015857698 8.9987836e-05 0.55584115 0.021837508 0.35399127 0.86226207 1.729544e-14 3.627425e-05 0.0015504505 0.0041836007 0.23516819 0.14071548 0.8053683 0.9112817 0.008057282 0.0023059563 0.001273462 0.0070891343 0.669685 0.00070267415 0.76543486 0.5795769 4.8569756e-05 5.9092567e-05 0.8336853 0.03522883 0.00024901997 2.414117e-05 0.0050882767 0.25669622 1.3655907e-06 0.0042215325 0.00048354623 2.9562732e-05 0.00015574356 0.19657283 3.091057e-08 0.4503277 0.005426343 1.15707e-08 0.0005526455 0.009681823 2.5779773e-06 0.0001489572 6.4252713e-06 4.830031e-06 1.1029079e-05 1.2984988e-07 0.028535822 4.378461e-07 0.0006258027 0.064564325 7.219591e-07 0.05970949 1.3880796e-05 5.6336372e-05 0.0031571193 4.2088923e-06 3.222169e-05 1.6245026e-06 0.003280581 2.8638958e-06 1.2366869e-05 1.714777e-07 3.1133834e-07 0.0005056418 0.00505295 1.7922838e-07 4.3461956e-08 0.00094280957 8.472312e-06 8.689578e-08 1.8400424e-08 4.3071395e-07 1.6839758e-05 7.9802624e-07 3.4041614e-07 5.1582605e-09 4.759376e-06 0.047472253 2.9425746e-05 0.00025859012 2.8085406e-08 1.9097622e-05 0.00037120093 0.00115146 4.0333944e-06 1.4190213e-05 0.028609851 4.3985833e-07 7.630046e-06
0.007602384 1.2635813e-05 2.0046045e-06 2.3132102e-06 3.0273053e-09 7.615142e-10 4.3608125e-05 0.00026788068 5.846015e-06 7.9229416e-05 9.967132e-07 0.99038196 0.06275087 0.14505768 5.727751e-06 0.002420696 3.627425e-05 1.2237175e-14 0.9725228 3.020978e-07 0.012654289 0.15759027 2.684411e-05 8.397735e-06 8.9240643e-07 1.303796e-07 0.3316322 0.046513155 5.052069e-07 9.606311e-08 1.5848453e-05 5.4457028e-06 0.6474266 0.093489915 6.207873e-05 1.229985e-07 1.6142565e-05 1.7135812e-06 3.9049087e-07 6.1639025e-06 9.910148e-07 1.7288418e-06 3.8786593e-06 1.6561475e-05 3.8995668e-06 1.7704835e-06 0.23855405 1.1474072e-05 0.00017892226 0.009028484 5.708901e-07 1.5803995e-06 1.3208612e-06 4.5264073e-06 7.605345e-06 2.3197913e-06 1.3198953e-06 0.0070648207 1.8478215e-05 0.007820103 9.05003e-08 1.7576858e-06 1.1139225e-05 3.06146e-07 4.8645967e-07 2.5485626e-06 0.0016375451 6.4519907e-07 0.00087987696 1.1254145e-06 5.53384e-06 1.4313616e-06 1.05631344e-07 4.995562e-06 2.9238996e-07 3.7167647e-06 3.3171596e-06 2.4606998e-06 1.9952693e-05 6.300226e-06 0.0013607068 1.88097e-07 0.00039155965 2.2171571e-07 0.00023289019 2.6733466e-07 2.7580023e-05 1.4290928e-05 0.00013572542 2.8094837e-06 8.369758e-06 6.7894005e-05 8.1242715e-06 1.6185513e-07 2.318e-06 2.751163e-06 5.3783003e-07 7.169822e-08 1.9292687e-05 2.6521741e-08 4.502257e-05
0.192475 4.20203e-06 7.136842e-07 2.3230867e-05 1.3723829e-07 5.407422e-08 3.5055626e-05 0.00018420302 5.5133565e-05 0.00043515695 2.9790488e-06 0.09265767 0.41654798 0.27518278 1.8963845e-05 0.15258282 0.0015504505 0.9725228 4.4893355e-16 2.2224147e-06 0.5167371 0.9224561 0.00017092432 0.00014837732 7.869153e-07 1.2661718e-06 0.854604 0.3480351 3.4252002e-06 1.2035102e-06 0.003391227 0.00010345849 0.90020454 0.47269127 0.0061050174 7.913811e-07 3.5729106e-05 1.254087e-06 1.2714802e-06 0.00083567743 8.332748e-06 1.4511505e-05 1.2188476e-05 0.00016378246 3.4445617e-05 1.3788783e-05 0.10118985 0.00013181833 0.019335357 0.03420103 2.647773e-07 2.0815921e-06 1.6298276e-05 6.82911e-05 6.040734e-06 9.646679e-06 9.881959e-05 0.07711974 0.0012754212 0.14772968 1.4604713e-06 0.00021872793 1.2700895e-05 1.9379986e-05 6.370987e-07 6.7753314e-07 0.22444084 5.9866096e-07 0.07483877 7.267287e-06 9.580522e-06 8.281973e-06 1.732026e-07 8.565447e-06 1.9237414e-06 0.0011187438 0.00015318736 9.336411e-06 1.6456092e-06 1.9117102e-05 0.0021592893 1.0883323e-07 1.20082e-05 6.691516e-08 0.002164871 1.2884392e-07 0.00019339765 8.72116e-06 0.0010870167 8.381961e-05 0.00013015159 0.0018074826 1.0886141e-06 3.9640045e-07 7.97207e-05 0.00036501375 3.1346538e-08 1.0373912e-07 0.00011575801 1.1648668e-08 6.280469e-05
0.06478764 1.58333e-05 9.478731e-05 0.0009318957 0.00055786205 0.0007823933 0.00012678454 2.683487e-05 0.011381123 0.00036561769 0.542907 2.9616333e-06 1.4203174e-06 2.6922742e-05 0.61360264 4.744064e-06 0.0041836007 3.020978e-07 2.2224147e-06 3.433935e-16 1.2172829e-05 6.2651964e-07 0.009299298 0.0007241467 0.97594887 0.98766327 1.8939886e-08 2.9916285e-07 0.038100854 0.7844582 7.821696e-05 0.0018982581 1.3538579e-06 1.7197744e-06 0.00047193 0.14669693 0.52061915 0.07519283 0.018576482 0.00013693847 0.002139927 0.40162057 0.07928989 0.060701255 0.051795132 0.004832125 1.6753937e-08 0.2633879 2.6799527e-05 1.01425295e-08 0.0075014234 0.015598564 0.00041676516 0.022678735 0.00029855818 0.0033621162 0.00024856656 2.848854e-08 6.279355e-05 5.0244795e-09 0.0014429272 0.00019872223 1.4793685e-05 0.0005979769 0.0075674565 0.0006149383 2.4804498e-07 0.00074372557 2.966754e-07 5.9746694e-06 0.0012314945 0.00032780823 0.0038919188 1.3328099e-06 8.125046e-06 4.1093446e-07 0.0008366838 5.48602e-05 4.838518e-06 0.0012077403 1.1974098e-05 6.634148e-05 3.3773365e-10 3.3464971e-06 9.231686e-06 0.0005490273 1.7918836e-07 6.9542814e-08 3.6245993e-07 0.005016786 9.724955e-06 6.3652574e-06 2.5869478e-09 4.1894353e-05 0.0007850994 7.964882e-05 1.9426265e-05 3.505676e-05 0.0066653024 3.242582e-05 9.691923e-07
0.9837464 1.456244e-05 0.00020028923 0.00012111452 1.1160944e-06 1.5043513e-07 0.010952325 0.060554426 0.0072189583 0.23861015 8.506726e-05 0.0032653909 0.7227615 0.14711761 0.0019956036 0.9652617 0.23516819 0.012654289 0.5167371 1.2172829e-05 3.020752e-17 0.969683 0.032310538 0.049690276 0.00046851533 1.3909949e-05 0.13099621 0.3251774 0.011834541 1.8164257e-05 0.22564462 0.03131069 0.04318959 0.031157622 0.5075737 0.004388231 8.331421e-06 1.1198773e-06 0.0029809487 0.33908433 4.9782864e-07 0.00029140775 8.049321e-05 2.618311e-07 1.3699259e-05 0.08294859 0.0011745384 0.03925222 0.6065057 0.000104679515 0.00012340274 0.001624701 3.2558025e-06 0.00012849232 4.814849e-06 2.3729437e-05 4.874419e-05 0.003541136 0.49167958 0.0026646429 0.00021059951 0.35061908 5.234772e-07 0.11872096 2.8620434e-05 5.3336167e-05 0.24704468 3.995533e-05 0.14492095 6.2825206e-06 0.011168084 2.0311666e-06 2.3412733e-05 6.7526446e-07 1.1428223e-06 0.1736912 0.023611901 1.471808e-06 4.4071493e-07 0.0026996962 0.0037235024 1.7278157e-07 0.00020682336 4.1111816e-06 0.00629619 2.6138203e-05 0.0027186447 2.465106e-08 0.011075991 0.010376917 1.2575842e-06 0.032022893 2.3003395e-07 0.0003755676 0.0022425824 0.012409094 2.4234527e-05 7.266521e-05 0.010914174 6.902796e-06 5.93847e-05
0.94312245 1.8041844e-06 1.1897107e-05 2.7995038e-05 1.2326976e-07 5.260332e-08 0.0027805138 0.024782825 0.0003286393 0.10598796 0.00014922394 0.009268849 0.7458944 0.2984736 0.00020086329 0.88274086 0.14071548 0.15759027 0.9224561 6.2651964e-07 0.969683 4.948638e-17 0.0028586474 0.0142642 1.5932968e-05 3.785666e-07 0.6785262 0.92124814 0.0011025115 1.5370438e-06 0.099140875 0.0025416648 0.29931659 0.22250967 0.07593236 0.00031149565 6.0126087e-07 2.0327016e-06 0.0003159538 0.101630054 8.0441254e-07 1.2319374e-05 7.8953195e-07 1.8510364e-07 4.4970005e-07 0.006115058 0.0018907494 0.0015232349 0.6242538 0.0005326882 2.807862e-05 5.724008e-05 3.2806404e-06 4.011852e-05 4.309221e-06 2.657537e-06 0.00015968223 0.010634371 0.23173118 0.009041561 1.4327089e-05 0.12110827 3.1440862e-07 0.016861679 2.1949586e-06 1.9010026e-06 0.1905103 3.3543283e-06 0.13260965 1.22434885e-05 0.0017855535 1.5336481e-06 2.1050883e-07 2.646006e-07 1.1398399e-06 0.092376314 0.007520373 1.4594166e-07 3.6041335e-08 0.0012611416 0.0016501116 2.2046338e-08 0.00026882117 2.4603324e-07 0.003340861 1.0790964e-06 0.0013081342 6.343247e-08 0.0033672277 0.0010752288 4.2669955e-05 0.014310759 3.2778647e-07 1.024369e-05 0.00026913543 0.0029792492 1.6962523e-06 1.9683786e-05 0.001784191 8.7489925e-06 0.00014578705
0.97981834 0.0004012581 0.01878912 0.089267254 0.0023210128 0.0013169425 0.042585593 0.041465532 0.9003625 0.45457146 0.10313516 2.7595468e-05 0.030113343 0.0010592602 0.82078105 0.11528954 0.8053683 2.684411e-05 0.00017092432 0.009299298 0.032310538 0.0028586474 1.0074022e-09 0.75723946 0.056806013 0.0064318744 5.662692e-05 0.00019662501 0.7883851 0.001292918 0.24547403 0.66260415 3.602153e-05 6.5847e-05 0.79395235 0.03540612 0.002786521 0.00033166536 0.010501524 0.15805563 8.010962e-05 0.008230032 0.0013797728 0.0015910247 0.0018092563 0.28324473 6.757341e-07 0.55601346 0.0022307993 2.411763e-07 0.0026194302 0.015352589 0.00043695385 0.0013363146 0.000358812 0.00031658297 0.000287879 1.1757671e-07 0.01561557 2.1455615e-07 0.0034429214 0.033557497 2.8945602e-05 0.029640594 0.0018595881 0.000102159975 0.0011280156 0.00033419687 8.639821e-05 3.7617698e-05 0.004038689 2.7781525e-05 0.00079476385 7.1251548e-06 7.781202e-06 0.0011369424 0.0055685746 9.2594955e-06 3.5257947e-06 0.0014671477 9.561258e-05 3.8049234e-06 8.3806285e-08 2.6389462e-06 3.4782788e-05 7.459707e-05 1.5404423e-06 4.4082103e-08 2.3712042e-05 0.06718054 0.00012913419 0.00088363077 1.6063897e-08 0.00036270634 0.0017079259 0.0021986263 5.7070563e-05 5.066723e-05 0.053998504 2.6538177e-05 7.8976955e-06
0.5580137 3.4916324e-05 0.0003678801 0.0031510745 1.2999423e-05 6.6361326e-06 0.0050745457 0.007085292 0.13153705 0.07695372 0.0012588202 1.4027981e-05 0.025748724 0.0008590357 0.033078764 0.1096267 0.9112817 8.397735e-06 0.00014837732 0.0007241467 0.049690276 0.0142642 0.75723946 1.0186341e-16 0.002346296 0.00035891926 0.00030712027 0.00068497803 0.8374755 6.842768e-05 0.9556144 0.9514706 2.4453826e-05 4.0927658e-05 0.7497674 0.048276305 0.00025978027 4.7160534e-05 0.019920258 0.50829333 3.3628387e-06 0.0021968351 0.00042022704 2.0658335e-05 0.00033012478 0.2579786 2.1763522e-07 0.12939672 0.031072767 4.3630214e-07 0.0025582754 0.0036608716 5.953153e-06 0.0004178923 1.591042e-05 3.03805e-05 1.4548503e-05 1.2293898e-06 0.011941337 5.297092e-06 0.0004989522 0.020072514 5.938492e-07 0.0173557 5.463116e-05 5.7212248e-05 0.0012804479 9.289086e-05 0.00019507478 7.731583e-06 0.0050919927 9.658712e-06 6.5054014e-06 1.7658377e-06 3.385625e-06 0.00074019126 0.0050811414 2.7048084e-06 2.2754757e-06 0.0016072964 4.4278975e-05 1.2919602e-06 9.578451e-07 1.3404723e-06 6.222496e-05 9.179434e-06 3.3150818e-06 4.7196392e-07 3.996196e-05 0.0015832946 6.516407e-05 0.0007338016 8.4375344e-08 4.740575e-05 0.0010477576 0.00111528 3.1548138e-06 4.4628114e-06 0.003597412 6.7361606e-07 1.0995761e-06
0.93384445 1.0393461e-05 4.133265e-05 0.001163482 0.0012135338 0.0011734837 0.0003346561 5.8841033e-05 0.01620102 0.00037057063 0.18761793 2.5144261e-06 3.9717732e-05 2.4112962e-05 0.85883105 5.686699e-05 0.008057282 8.9240643e-07 7.869153e-07 0.97594887 0.00046851533 1.5932968e-05 0.056806013 0.002346296 1.1363766e-17 0.803237 5.4423644e-08 3.975089e-07 0.25622264 0.3928081 0.0004285314 0.015785333 4.5275792e-07 8.005539e-07 0.024143182 0.6121331 0.5826334 0.033129837 0.14696422 0.0014448515 0.0026334205 0.84802294 0.37610584 0.15603256 0.2472304 0.027036672 1.7394443e-08 0.82278323 1.552747e-05 9.291681e-09 0.045313314 0.0858207 0.0010682363 0.3015336 0.0023028366 0.06075588 0.0003033023 1.12883e-07 0.00025622445 3.221396e-08 0.008612645 0.001903167 7.10531e-05 0.009946902 0.032191493 0.0006661413 6.226767e-06 0.0014914307 1.780336e-06 1.3887986e-05 0.0064200163 0.00019119389 0.032356948 1.9466472e-05 1.888224e-05 1.0672368e-06 0.0015020568 6.2161016e-05 8.809794e-06 0.0007539409 6.5838744e-06 4.4958855e-05 3.811951e-10 1.3654515e-06 5.418206e-06 0.0007219216 2.3029165e-07 2.168286e-08 1.0784399e-06 0.032184355 4.0528703e-06 7.363537e-05 4.6473807e-09 0.00029562492 0.0011741985 0.00018522544 0.00012269232 7.270403e-05 0.06578848 0.00047856127 2.122895e-06
0.055237867 1.8727864e-05 2.390368e-06 0.000111025445 0.000215115 0.00024478478 5.0830575e-05 3.7314683e-06 0.0009288972 2.2483982e-05 0.043094557 4.136808e-06 1.5037452e-06 2.0576324e-05 0.113610215 3.3617423e-06 0.0023059563 1.303796e-07 1.2661718e-06 0.98766327 1.3909949e-05 3.785666e-07 0.0064318744 0.00035891926 0.803237 2.1030187e-15 7.167675e-08 1.2808673e-06 0.009241535 0.98124504 6.9224116e-05 0.0017864333 5.926131e-07 7.470677e-07 0.0013730173 0.06317246 0.64542 0.19762522 0.01052041 5.3727024e-05 0.021455124 0.36482897 0.18171455 0.17562011 0.07287833 0.0043569743 1.2235718e-08 0.14603631 2.5494985e-06 3.1386442e-08 0.006760797 0.010596509 0.0038489874 0.061335947 0.006122243 0.026660118 0.00066381297 5.0077674e-08 1.9956004e-05 3.0480315e-08 0.0016800539 3.646738e-05 0.00030103614 7.6508964e-05 0.007018049 0.0006349634 2.908695e-07 0.0003888882 1.6599819e-07 5.146257e-05 0.00024812602 0.0007835821 0.0040499168 3.9670317e-06 8.9526e-06 2.2060671e-07 0.00019343765 0.00013467408 8.123675e-06 0.00027329603 2.6855391e-06 0.00020368367 1.4722781e-10 3.1004503e-05 3.282966e-06 0.00034392 2.4347e-08 3.9860726e-08 2.655891e-07 0.00090036093 4.616854e-06 1.6254176e-05 2.192568e-09 0.00044361647 0.0017633558 4.680915e-05 0.00018524413 0.00029275534 0.0028913778 0.00054703315 2.213137e-07
0.4420463 5.0836175e-06 1.3275523e-07 5.1910285e-07 1.1677142e-08 2.4081706e-09 1.8622144e-05 1.8260342e-05 1.5324347e-06 0.00020599917 5.5654704e-07 0.018236022 0.1347602 0.08301215 3.504633e-07 0.17858443 0.001273462 0.3316322 0.854604 1.8939886e-08 0.13099621 0.6785262 5.662692e-05 0.00030712027 5.4423644e-08 7.167675e-08 2.4676973e-16 0.9861482 1.7666902e-06 7.8394976e-07 0.00787154 1.919888e-05 0.86637944 0.8976196 0.00050129194 1.6409703e-06 9.746285e-07 1.3760517e-06 1.3776072e-07 0.00939159 2.0642086e-07 5.0084843e-08 3.0044415e-08 9.8682555e-09 2.291786e-09 5.9265607e-05 0.05805454 1.2334315e-05 0.6782675 0.08455883 1.2883126e-07 2.1519909e-06 7.96689e-08 5.568951e-06 5.330307e-07 8.88781e-08 2.2568659e-06 0.09173765 0.031826556 0.0752342 4.5926546e-07 0.0069128764 4.6806824e-07 0.00086470303 4.253444e-06 3.3225007e-08 0.30638352 2.6427715e-08 0.16296583 4.4274498e-07 0.0003416218 1.5296823e-06 4.051419e-07 5.0141957e-06 2.1908521e-07 0.012556429 0.0022183906 5.093903e-07 1.4673407e-07 0.00015849125 0.0026299732 1.02316804e-07 0.0010988141 7.369248e-07 0.0046350523 4.239563e-07 0.0005690942 8.5079256e-07 0.003986374 0.00039938133 3.5306013e-05 0.009622777 1.0219427e-06 9.566215e-06 1.3476292e-05 0.0009749326 4.3070736e-07 2.532479e-07 0.00033448063 8.711255e-07 6.50079e-05
0.8631224 3.614691e-06 9.616761e-08 7.772469e-07 3.0136416e-08 5.3850946e-09 4.106035e-05 0.00016473427 2.8404222e-06 0.0004945569 9.869508e-07 0.0013741406 0.039934162 0.012030692 1.6396266e-06 0.29344046 0.0070891343 0.046513155 0.3480351 2.9916285e-07 0.3251774 0.92124814 0.00019662501 0.00068497803 3.975089e-07 1.2808673e-06 0.9861482 3.3306212e-16 5.795915e-06 2.482581e-06 0.014601401 0.000100249104 0.22319257 0.43722475 0.005335401 4.050258e-06 6.417894e-07 1.0486546e-06 7.032688e-06 0.05390224 4.545785e-07 1.7047604e-07 6.773232e-07 4.142023e-08 2.8402381e-08 0.00081927096 0.009701329 6.56885e-05 0.91574067 0.00609299 4.0413647e-06 3.2788277e-05 1.1839896e-06 6.2228246e-06 3.6367564e-07 2.9904288e-06 3.0417465e-05 0.043513495 0.1225558 0.056848723 3.464087e-05 0.03896111 5.9256166e-07 0.0066354303 1.0222201e-05 9.803211e-06 0.39122874 1.233014e-05 0.2504927 5.793873e-07 0.0025191437 1.6288991e-06 3.5748242e-06 9.005789e-07 9.754729e-07 0.12141089 0.010787862 1.9202844e-06 6.944801e-07 0.0013373682 0.007220466 2.146795e-06 0.0007820979 1.4326276e-06 0.02065516 9.825486e-06 0.0020014548 4.2919437e-05 0.0151194995 0.0017860611 5.64509e-06 0.05523858 4.6836813e-06 0.00011610107 0.00036501183 0.010122818 8.440497e-06 1.628566e-05 0.0043422384 8.407943e-06 0.00044848653
0.88762 3.2948722e-06 0.0002346212 0.004355304 8.215677e-05 5.3274813e-05 0.0024628716 0.001919564 0.36443272 0.050430685 0.03984904 2.6922294e-06 0.002791688 0.00010284464 0.5960374 0.01821883 0.669685 5.052069e-07 3.4252002e-06 0.038100854 0.011834541 0.0011025115 0.7883851 0.8374755 0.25622264 0.009241535 1.7666902e-06 5.795915e-06 8.8255073e-16 0.0017408404 0.28342205 0.97783923 7.801937e-07 4.3962848e-07 0.48993424 0.75291246 0.00566541 0.00013990686 0.553749 0.108155474 0.00014972272 0.08490174 0.009227845 0.0024534967 0.014353868 0.44396287 2.1585218e-09 0.7141971 0.0011671332 2.2612963e-09 0.02415464 0.046041522 0.0005371309 0.005770718 0.0002130121 0.0005410221 4.129727e-05 1.4085052e-08 0.005734781 7.646121e-08 0.002822479 0.011023787 6.667349e-06 0.020702448 0.0019306069 0.00038992395 1.5044674e-05 0.00027587905 1.7793022e-06 1.3055367e-05 0.005316356 5.933664e-05 0.0008732779 1.1593577e-06 2.9291648e-06 5.381548e-05 0.0043205107 2.3798161e-06 8.782919e-07 0.0013997664 6.896094e-07 4.9147793e-06 1.3797035e-08 3.4153638e-07 4.5339178e-07 3.4233406e-05 7.848897e-08 7.767885e-10 2.6494956e-07 0.008089084 2.353116e-06 1.4466102e-05 8.566791e-09 0.00029512885 0.001554772 0.0007497686 4.2762513e-05 0.00011237437 0.022014141 2.8322685e-05 1.2318502e-07
0.010088451 0.00027222116 1.6867758e-05 7.2510076e-05 3.962251e-05 4.8874805e-05 4.950191e-06 5.775351e-06 0.00028702916 6.007488e-06 0.13665538 8.243553e-07 5.3413135e-07 1.3222033e-06 0.023365697 3.8836984e-07 0.00070267415 9.606311e-08 1.2035102e-06 0.7844582 1.8164257e-05 1.5370438e-06 0.001292918 6.842768e-05 0.3928081 0.98124504 7.8394976e-07 2.482581e-06 0.0017408404 8.043318e-17 6.030656e-06 0.00020785534 1.859931e-06 1.170726e-06 0.00024489875 0.011903151 0.80465335 0.96120507 0.0019380328 4.250822e-05 0.10288316 0.08171451 0.078153096 0.17426132 0.03147778 0.00046710376 8.2525675e-09 0.028792659 1.0995446e-06 4.278502e-09 0.001502974 0.002140334 0.0037741472 0.018222306 0.0072844154 0.005131435 0.0038784544 1.4380448e-07 1.3354978e-05 1.0899339e-07 0.00039332014 5.842019e-06 0.00022872441 5.2132377e-06 0.0027465548 0.00029933793 1.7332068e-06 0.00011671732 1.25139e-07 8.063628e-05 6.9791335e-05 0.0004894603 0.0009016241 1.165473e-05 1.1084385e-05 5.2391247e-06 0.00016864356 0.00013982643 4.1865158e-05 0.00014129774 1.0422007e-05 0.0001684155 6.253659e-10 7.341621e-06 1.0236268e-05 9.233734e-05 2.118883e-07 8.975856e-07 1.6584778e-06 0.00063084066 4.964457e-05 1.0039917e-05 2.0209712e-09 2.2635577e-05 0.00017017126 6.80392e-05 3.2229003e-05 3.2673815e-05 0.0009408152 4.461898e-05 4.5800817e-08
