7.387645e-23 0.82738715 0.94383717 0.75034934 0.87808996 0.9906683 0.9902164 0.8900706 0.986233 0.8803639 0.940947 0.94573456 0.90120286 0.94947195 0.9632325 0.93833363 0.95081246 0.96377254 0.9597212 0.7641128 0.6233834 0.67827696 0.9120629 0.95651937 0.9889652 0.95372576 0.5888048 0.93847597 0.040217858 0.87727946 0.910793 0.07817784 0.7146802 0.99889666 0.99437994 0.04862464 0.011567199 0.021504313 0.8357898 0.8962324 0.90229726 0.50536954 0.98579717 0.011740529 0.993191 0.5839554 0.003363827 0.9399345 0.0035037145 0.89310634 0.038731072 0.8077851 0.9938579 0.99094975 0.6581537 0.0068603028 0.9045723 0.9080161 0.0024586194 0.9455202 0.0033269494 0.7978814 0.0712765 0.83493644 0.7639213 0.13811815 0.99915045 0.47632942 0.92439824 0.6915578 0.9474006 0.0026991412 0.011193755 0.992231 0.99283934 0.995027 9.734135e-07 0.41300622 0.0045098746 0.9806313 0.011552405 0.99978644 0.02898666 0.98333186 0.960546 9.908169e-06 0.00042996742 0.14858098 0.1595769 0.003017645 0.061470527 0.0012984927 0.7371603 0.06775713 0.09247546 0.99493366 0.9978557 0.013256105 0.6437313 0.760529 2.6974722e-06
0.82738715 6.426939e-19 0.8601313 0.9650942 0.5596891 0.81828576 0.4520876 0.27154493 0.8580338 0.5712984 0.46020332 0.52576715 0.05681346 0.11522167 0.21121654 0.43491104 0.171778 0.07832215 0.045628525 0.012811216 0.016157584 0.076771945 0.037527222 0.008852747 0.062332947 0.008157707 0.013686372 0.0016193565 0.0068413722 0.009003567 0.00034278835 0.009449849 0.0034515727 0.13972193 0.20312427 0.0016518718 0.0029895338 0.0017576583 0.0012930179 0.0005522058 0.00423674 0.0006072616 0.027476177 0.0017006663 0.0007271928 0.0006509761 0.00093366014 0.08866646 0.00065911585 4.878637e-05 0.00081059994 0.00024951514 0.022057073 0.06123317 8.558838e-05 0.0003144565 7.624884e-05 0.00049412437 1.5712069e-06 3.8157123e-06 0.00010850777 7.0546535e-06 0.0010176597 2.9207658e-06 0.00054400717 0.00017614682 0.0018898399 7.258362e-05 0.0018537723 2.2588628e-07 0.00040671794 7.8881095e-07 2.4620438e-05 0.031219557 0.00033215727 0.006669467 4.834883e-08 0.00040482194 2.046375e-06 0.00042458146 6.618499e-06 0.023444435 1.03723105e-05 0.013927877 7.631256e-07 7.76506e-09 2.9626303e-06 2.0352095e-06 6.582854e-05 1.9888453e-06 3.325869e-05 3.4526606e-06 0.00018349625 8.826533e-05 3.105488e-08 0.008261121 0.009335022 1.1616502e-05 0.00012491323 1.3024811e-07 2.5182763e-07
0.94383717 0.8601313 6.402056e-18 0.8674355 0.93705845 0.81832886 0.41370538 0.7003747 0.45571145 0.15600218 0.031260226 0.060755942 0.06729403 0.4298124 0.01194414 0.025979484 0.7959544 0.026285365 0.014270444 0.039659508 0.106007494 0.67703956 0.014826538 0.370514 0.0077392817 0.0009573229 0.004463571 0.00069019414 0.021206679 0.0026913504 0.00039287086 0.278962 0.0045387507 0.06430866 0.1396545 0.012881003 0.07540458 0.095260546 0.0009745678 0.00013023005 0.00011990594 0.0046757217 0.0006782114 0.030901277 1.3408975e-05 0.00037702997 0.014653098 0.006982103 0.007843773 3.7939374e-06 0.0043686596 0.00016109356 0.0017098415 0.0053154086 1.199339e-05 0.00065804314 2.5084468e-05 0.00032142736 4.4762568e-05 1.3113603e-07 0.025120761 3.1072211e-06 0.08981512 5.1568196e-07 1.9323585e-05 0.00035058684 0.0003128302 1.2605481e-05 0.0002194565 7.5074655e-07 7.017881e-06 5.522163e-06 0.002550514 0.0015130944 4.1692718e-05 0.0008147635 7.291167e-08 1.9045712e-05 0.00025046282 4.1616047e-05 2.606917e-05 0.0020002734 6.2805493e-06 0.0010159801 4.833862e-07 1.1790239e-06 0.00039961538 1.7324961e-06 3.8069054e-06 8.899677e-06 7.814046e-05 0.00011372654 1.621264e-05 1.7648176e-06 3.0943738e-07 0.00083175005 0.0012653787 1.5111757e-05 2.690012e-06 7.583013e-07 1.5082262e-06
0.75034934 0.9650942 0.8674355 1.3782454e-17 0.8196382 0.54734933 0.05436732 0.76414704 0.47221255 0.86367077 0.02493779 0.0996608 0.71595603 0.027439672 0.014426155 0.21976341 0.07656121 0.0033009332 0.15406047 0.002569312 0.0021285452 0.12578933 0.0035421697 0.11524439 0.0012801719 6.038906e-05 0.0013669682 0.020132404 0.0011560863 0.0009491643 0.041233473 0.008678722 0.00052634586 0.17007266 0.14719266 0.00058631005 0.001002148 0.004459623 0.00024317211 0.00785714 0.0001529207 0.00022007247 0.0003980588 0.0013201573 1.6563039e-05 0.00345398 0.00070951704 0.027821181 0.000325693 1.0793285e-05 0.0003166817 0.0011989651 0.011722584 0.020254655 2.1507569e-05 1.813428e-05 2.3684739e-05 0.0024484657 1.1688752e-06 4.13348e-06 0.00025136757 0.00056448183 0.007041047 1.8659717e-06 2.4121082e-05 7.7146615e-05 0.00010603069 4.3881323e-06 9.605951e-05 0.00023198931 5.254967e-06 5.0063667e-05 0.0008424607 0.0009515036 0.0010638606 0.0001868162 7.591294e-08 2.4240317e-06 0.0007942176 0.001536818 5.9110887e-05 0.00572272 2.5824545e-05 0.0034508621 2.257603e-05 1.8219662e-08 1.6533999e-05 8.0448015e-05 1.830316e-07 2.8136572e-05 0.0005584945 6.829664e-05 0.0018159411 2.6316227e-06 2.402081e-07 0.002698234 0.0010991343 2.330327e-05 3.501773e-07 4.4279688e-05 4.3143687e-06
0.87808996 0.5596891 0.93705845 0.8196382 9.365598e-19 0.68301916 0.05205225 0.9559716 0.19373026 0.25379932 0.0031483292 0.009340401 0.50768596 0.052395213 0.0015383664 0.010321789 0.4234799 0.0032468648 0.01912332 0.0053030695 0.012035523 0.7300358 0.0020932262 0.6461171 0.00020246957 3.571967e-05 0.00047773938 0.005565044 0.0022816993 0.00026925915 0.012190884 0.17819999 0.0007426427 0.060901705 0.13738014 0.000911592 0.020496089 0.09557897 5.9585753e-05 0.0009888775 2.4759345e-06 0.00074131053 2.8997656e-05 0.009829723 3.733239e-07 0.0010660766 0.0069515277 0.0044197766 0.0029932852 3.5887697e-07 0.0004598497 0.00028609508 0.0026571301 0.004370326 1.0817655e-07 8.210155e-05 1.4769543e-06 0.0007332112 2.9919438e-06 9.42845e-09 0.013285227 5.355953e-05 0.2175467 5.7666988e-08 1.6461585e-06 1.8350387e-05 5.132093e-05 5.524298e-07 4.8435363e-06 2.283063e-05 8.0670766e-08 2.5624443e-06 0.011769834 0.00015397799 8.721671e-05 5.5439265e-05 2.3472321e-08 3.2940818e-07 0.0048948578 0.00030561292 1.1882832e-05 0.0018604555 1.1676619e-06 0.00037278087 6.130025e-06 1.908533e-07 0.0008358396 1.1339088e-05 7.411412e-08 5.674647e-06 0.000319013 0.0012544376 7.655458e-05 2.8377903e-08 1.3501196e-07 0.00015944423 0.0002221224 4.260398e-06 1.561043e-08 2.28048e-05 1.4113087e-06
0.9906683 0.81828576 0.81832886 0.54734933 0.68301916 2.0514658e-13 0.41462848 0.49281153 0.868479 0.31261256 0.08793679 0.13439836 0.112035945 0.5267263 0.039837074 0.23183307 0.7200129 0.05036333 0.03689212 0.082197525 0.3611454 0.60578966 0.0337032 0.5538987 0.006926073 0.00097638747 0.0115587795 0.0019164188 0.04122447 0.0023608913 0.0029888537 0.20041135 0.034174163 0.23828813 0.44058734 0.049526382 0.04357501 0.13007703 0.00404618 0.00033324052 0.00035131027 0.0070773233 0.0034243187 0.056913804 5.3492862e-05 0.0007818992 0.012748983 0.08088456 0.0126714315 7.975389e-06 0.015294789 0.00014085014 0.0101419175 0.054921024 3.4261086e-06 0.0012320249 1.0785393e-05 0.0001823856 0.00024748864 3.113698e-07 0.03160214 2.5894287e-05 0.05054311 4.7650033e-06 1.7654278e-05 0.00032004423 0.0012390759 9.734428e-06 0.0002919368 1.43446705e-05 2.7685383e-05 5.232042e-05 0.0019561895 0.010707455 0.0003531113 0.0020971494 2.5447312e-07 3.4203335e-06 0.00021826908 0.0006352798 4.6004356e-05 0.01875367 1.8057983e-05 0.0072362833 5.072605e-06 7.3901615e-06 0.00027578275 2.1017686e-05 7.400856e-07 1.5142816e-05 0.00049993297 5.344763e-05 0.0003176484 1.9669458e-06 1.5360743e-07 0.005661634 0.0066232854 3.7186317e-05 3.0803485e-06 5.435948e-06 9.927171e-06
0.9902164 0.4520876 0.41370538 0.05436732 0.05205225 0.41462848 1.2619291e-18 0.01540474 0.7740432 0.009401964 0.61428374 0.058866967 0.00019241744 0.92276776 0.053573404 0.010426048 0.37495932 0.85359687 0.00031465627 0.75083077 0.43613908 0.06310472 0.6316045 0.004181401 0.18157138 0.10414492 0.16395788 3.8298447e-05 0.20771429 0.060314663 2.0022402e-05 0.01401673 0.24634737 0.04179611 0.25028655 0.053041115 0.008825936 0.0012098887 0.04255479 9.782123e-06 0.002202962 0.061033502 0.0071907905 0.0101512205 0.035033803 6.614223e-05 0.0014719035 0.017036695 0.0015372101 0.0010635547 0.09227614 3.1791722e-06 7.7676385e-05 0.0037110343 0.0007675053 0.02372683 0.0014649422 3.1366276e-06 0.0035213209 3.935284e-05 0.0012289094 1.4876036e-07 0.0012443966 1.6455237e-05 0.00019279215 0.014154997 0.0039153784 7.407706e-05 0.0010482388 1.0273842e-07 0.0011400509 0.0059785685 2.2738e-05 0.007651729 2.2188715e-06 0.013715328 2.1536457e-06 0.00011183224 1.9036233e-07 1.3664083e-05 0.00076447916 0.0011153364 7.017771e-05 0.0009170772 1.15195185e-07 2.4516663e-05 3.0349429e-05 7.893636e-08 5.0181616e-06 0.0023838563 2.3669802e-06 1.8163979e-07 1.6155596e-05 7.758665e-05 2.9800333e-07 0.001719105 0.013874801 0.00017858642 8.11777e-05 1.0946005e-07 1.985613e-05
0.8900706 0.27154493 0.7003747 0.76414704 0.9559716 0.49281153 0.01540474 1.301545e-18 0.08025785 0.11821067 0.00070124184 0.0021083443 0.77184856 0.0146545 0.00026654662 0.0040763454 0.19634089 0.0008209846 0.026821557 0.0026408131 0.0038371752 0.75374377 0.00083742465 0.9383183 1.19358265e-05 3.95614e-06 0.00011428529 0.032307662 0.0024642341 2.7587286e-05 0.13207424 0.17875166 0.00022484297 0.066674225 0.17703396 0.0007512641 0.007625216 0.1558859 3.1774414e-06 0.005406848 4.7680462e-07 5.3728247e-05 4.962359e-07 0.0025129877 5.7601795e-08 0.0059234053 0.00477294 0.0018739415 0.00094596366 4.5499814e-08 0.00026273096 0.001443051 0.0019708958 0.0019187505 4.598253e-08 0.00012203265 1.15462235e-07 0.0017689157 2.976558e-06 3.4099743e-09 0.006239271 0.00030989677 0.27366677 1.2422336e-08 5.5486345e-07 3.075413e-05 1.1153203e-05 2.3241304e-07 1.3028906e-06 9.78977e-05 5.2271836e-09 7.424344e-06 0.03205143 4.555083e-06 9.872869e-05 7.162851e-06 9.415098e-09 2.8303306e-08 0.03500358 0.00018288584 2.2550685e-05 0.0012254539 3.3946549e-06 0.00018013547 8.624621e-06 3.386687e-08 0.0012099608 5.0656603e-05 3.161156e-08 3.0036108e-06 0.001328882 0.003672495 0.0007537723 2.7012614e-08 2.4072568e-07 7.789878e-05 1.315075e-05 3.540043e-06 7.634721e-09 4.4227192e-05 5.60179e-06
0.986233 0.8580338 0.45571145 0.47221255 0.19373026 0.868479 0.7740432 0.08025785 4.9968725e-19 0.30454332 0.7007555 0.8300609 0.010341677 0.6058296 0.49307755 0.41431278 0.48023635 0.3404048 0.023549717 0.15998788 0.4188542 0.12376992 0.1762362 0.22407359 0.2865401 0.09672057 0.039822 0.00033027437 0.05010364 0.027674375 0.0009852811 0.018760946 0.11991087 0.118165344 0.4704344 0.0740069 0.0063320366 0.0044319388 0.03945501 0.00011084708 0.018785434 0.030625718 0.056785814 0.021352967 0.00041410732 2.6007341e-05 0.00115719 0.07042457 0.001925153 0.00059136655 0.06595717 5.5032968e-05 0.0012465749 0.060623992 0.0001596638 0.0025471002 0.00051813945 6.0771872e-05 0.0007528111 8.600234e-06 0.00025722382 5.7336507e-07 0.0026630969 4.785617e-05 5.7159075e-05 0.003130215 0.0015393021 1.5669817e-05 0.0015651105 6.9862654e-07 2.8942288e-05 0.0002240734 0.00014921882 0.032911364 0.0002464998 0.0041356804 1.1944064e-06 7.741403e-06 8.782543e-05 0.0001605661 0.00014144875 0.015003748 0.00014506587 0.009673327 5.2010483e-07 2.4362055e-06 1.045382e-05 1.8027431e-06 2.6898385e-07 5.174955e-05 2.1585838e-05 6.965552e-06 8.1299724e-05 1.4583864e-06 5.9540474e-07 0.008869628 0.018133804 7.44058e-05 1.961811e-06 3.6249006e-07 4.7582755e-05
0.8803639 0.5712984 0.15600218 0.86367077 0.25379932 0.31261256 0.009401964 0.11821067 0.30454332 2.2272281e-16 0.029568845 0.2853133 0.6880068 0.004519771 0.03686825 0.65332973 0.006906105 0.0019759124 0.98198605 0.00056028937 0.0004303129 0.011505846 0.00053571 0.030096404 0.003896212 8.497392e-05 0.00042046115 0.19002396 0.00028855682 0.00020941306 0.12034688 0.00046332664 0.00010419984 0.66396683 0.29410207 2.735921e-05 0.000107694985 0.0001498147 5.5007262e-05 0.12708709 0.00075049297 7.987401e-06 0.0045294436 3.8109833e-05 2.9293982e-05 0.014912401 1.0879857e-05 0.15406527 4.2659512e-06 1.7976572e-05 6.34865e-05 0.008225124 0.36046493 0.118905924 7.506371e-05 2.8424913e-05 5.2767423e-06 0.011821305 3.8675375e-06 7.796664e-07 6.4334317e-06 0.0033795447 0.0014487688 2.2858123e-07 0.00017042267 7.448056e-05 0.00030583105 1.895334e-05 0.0009415279 0.0011181773 3.1553507e-05 6.1123897e-06 0.00023752861 0.009215076 0.012337432 0.0012727432 1.5661719e-09 6.52822e-05 0.00016873993 0.0071504745 2.0740683e-06 0.049593672 3.2059038e-06 0.027572341 0.00021690907 1.5788709e-09 1.2177416e-05 7.7819706e-05 5.4565576e-06 5.088514e-07 0.0009931972 4.1350868e-05 0.013578834 2.8475433e-05 2.9861954e-07 0.01070724 0.0020722614 4.9864375e-06 2.181232e-06 0.00010705681 6.1350227e-07
0.940947 0.46020332 0.031260226 0.02493779 0.0031483292 0.08793679 0.61428374 0.00070124184 0.7007555 0.029568845 3.7869936e-17 0.37633353 0.00012745628 0.0717254 0.7502956 0.07564062 0.007849715 0.8604578 0.00051933934 0.032263074 0.0050590057 0.0009772631 0.5961609 0.00025923876 0.91904354 0.84469366 0.2580401 1.9640378e-05 0.005354633 0.3072426 1.23061745e-05 0.00018293152 0.01682581 0.01792537 0.10015189 0.0008754279 0.00034905956 2.4275027e-05 0.059385158 4.9942664e-06 0.25954798 0.011945198 0.1608338 0.00022684083 0.22532398 5.044768e-06 4.6206023e-06 0.035894904 7.2510593e-06 0.3447113 0.0015083033 1.2804973e-06 4.4828445e-05 0.01662414 0.08049536 0.005661232 0.07952405 9.57981e-06 0.00030531085 0.0044866703 5.3404906e-06 9.523573e-09 3.922258e-06 0.0015043836 0.0073866737 0.07300732 0.008693848 0.006039025 0.028801478 1.098706e-08 0.0026117063 0.00015267936 9.654163e-06 0.07341407 1.505969e-05 0.02844906 1.1837253e-08 0.001112257 6.071428e-07 2.5413095e-05 0.0012865762 0.0041022757 0.002984281 0.008131156 1.4736983e-08 1.1769557e-08 5.599955e-07 6.651979e-08 0.00054494 0.0006286623 1.9116516e-07 3.5759224e-06 9.16002e-06 0.0006706786 0.00011722007 0.013961184 0.04820925 0.00044683096 0.00016146639 5.703843e-08 1.9696847e-06
0.94573456 0.52576715 0.060755942 0.0996608 0.009340401 0.13439836 0.058866967 0.0021083443 0.8300609 0.2853133 0.37633353 2.0181488e-19 0.0019568529 0.023085047 0.97211653 0.89024 0.011479728 0.030785035 0.033601422 0.004813601 0.003924612 0.0010448518 0.015926452 0.0008978893 0.24478756 0.020595457 0.007540366 0.0012351908 0.0009612624 0.010834574 0.00022747078 0.0002502558 0.0020141727 0.1910799 0.5542629 0.0007124003 0.00012644535 5.0804938e-05 0.0028333964 0.0008245728 0.19422302 0.0006037674 0.31500542 0.0005156321 0.0041716066 2.2007991e-05 1.2643142e-05 0.41389865 3.1199255e-05 0.0012319486 0.000795309 5.3710937e-05 0.0091260625 0.13344687 0.00080930773 0.0005629132 0.00030812508 0.00045046303 2.1925996e-05 6.0470204e-05 2.7984119e-05 1.8599382e-06 0.00013611896 3.8292423e-05 0.0011048345 0.0005442464 0.0032513083 0.00045026632 0.007945733 8.6046686e-07 0.00060690666 4.822259e-05 0.00010133538 0.12187585 0.00227503 0.014804602 2.48517e-08 0.0005661194 7.819819e-06 0.0028616847 0.00021355171 0.0325387 3.9723796e-05 0.06638894 2.5610373e-06 1.3687024e-07 3.005793e-05 1.2906067e-06 3.606879e-05 6.7600224e-05 7.35124e-06 9.028764e-06 0.001275555 0.000111227026 3.8301002e-07 0.045749594 0.035726696 4.977199e-05 7.942589e-05 4.857823e-07 1.4045959e-05
0.90120286 0.05681346 0.06729403 0.71595603 0.50768596 0.112035945 0.00019241744 0.77184856 0.010341677 0.6880068 0.00012745628 0.0019568529 6.228425e-17 0.00044754441 0.00012654475 0.035382465 0.002359624 3.92798e-05 0.78997624 2.576307e-05 0.00014034759 0.050791696 6.389095e-05 0.6899186 7.934889e-05 1.2209335e-07 8.409547e-06 0.82042444 1.2721881e-05 1.6368127e-06 0.9206629 0.0012011993 5.7308216e-06 0.28557464 0.17467962 3.4916875e-06 5.265168e-05 0.0009760476 3.1757086e-06 0.3497283 1.0795802e-06 1.2430206e-06 1.7521152e-05 3.0687197e-06 3.744935e-07 0.5924709 6.417466e-05 0.010041858 4.5944266e-06 6.9736075e-08 3.4314733e-05 0.37686342 0.13970307 0.023435393 2.144705e-08 1.554319e-05 2.1409e-08 0.054935362 7.8133667e-07 6.1286247e-09 0.0003307702 0.027928067 0.036538295 3.9499475e-09 1.03710345e-05 0.00025539275 0.000270444 1.308038e-07 1.7436108e-05 0.010428376 1.7581016e-06 8.5131855e-05 0.009467515 0.0005740827 0.003727558 0.00036914318 2.6986027e-09 2.6308298e-06 0.069489695 0.007039906 0.00014964679 0.041248653 4.8520644e-05 0.0017905722 0.0006222867 3.9047556e-09 2.3485323e-05 0.0022935863 5.336163e-08 0.0003945769 0.02674848 0.0061987746 0.011270806 2.5232432e-05 1.6882667e-06 0.0003333457 4.9698283e-05 3.0186511e-05 2.741956e-06 0.00024325516 1.2266763e-06
0.94947195 0.11522167 0.4298124 0.027439672 0.052395213 0.5267263 0.92276776 0.0146545 0.6058296 0.004519771 0.0717254 0.023085047 0.00044754441 3.2325447e-18 0.014955613 0.0022808989 0.76997364 0.22474399 1.9900492e-05 0.9655008 0.9219456 0.12913835 0.09623606 0.013367606 0.018872775 0.0041345605 0.017874116 1.0989875e-05 0.47446433 0.0076173698 1.3767403e-05 0.035765044 0.10635844 0.0132107865 0.055403028 0.1862283 0.029967014 0.0021748473 0.007328351 9.2272893e-07 6.4507854e-05 0.04053902 0.00048224983 0.10127885 0.00082045584 3.2958399e-06 0.002124643 0.0017440575 0.003401224 4.7582392e-07 0.2414539 4.433534e-07 1.1481155e-05 0.0009183146 4.8662256e-05 0.016725434 3.269445e-05 8.915226e-07 0.0022297103 1.2737777e-06 0.0015398005 1.9542036e-08 0.0011392564 2.3505165e-06 5.91077e-06 0.00024071732 0.00085031363 6.446634e-07 8.911987e-05 4.2651088e-08 3.64501e-05 0.0023586575 4.4830624e-05 0.00052683253 1.3052485e-06 0.0013791539 5.049413e-06 9.6857475e-06 4.6821023e-07 8.670457e-06 4.6910594e-05 0.00024542876 5.371665e-06 0.00026468505 1.5982597e-07 0.00012647634 4.424284e-05 5.9717415e-08 2.9793925e-06 0.00031081133 4.4380647e-07 6.456819e-08 2.9327357e-05 8.677811e-06 8.437953e-08 0.00019339191 0.0011881059 9.994912e-06 9.826367e-06 5.6047018e-08 4.9567666e-06
0.9632325 0.21121654 0.01194414 0.014426155 0.0015383664 0.039837074 0.053573404 0.00026654662 0.49307755 0.03686825 0.7502956 0.97211653 0.00012654475 0.014955613 2.6275077e-19 0.34054717 0.003753123 0.088978104 0.0012895138 0.004669604 0.0013517488 0.00029065448 0.05250179 0.00016148794 0.80243427 0.12991756 0.01783173 1.6011903e-05 0.0003872845 0.034120508 4.014587e-06 6.6895416e-05 0.0029859878 0.0718107 0.27485508 8.90519e-05 4.987738e-05 3.0194296e-06 0.0043700244 2.9142066e-05 0.5824397 0.00069228007 0.60762835 2.3979543e-05 0.072306566 2.4698406e-06 2.2509182e-06 0.2302221 5.2609844e-06 0.08853085 0.00030623525 1.2368097e-05 0.0006510044 0.06714675 0.017796317 0.00024095253 0.0067258105 6.7661575e-05 8.640443e-06 0.0032183365 2.0492264e-06 6.436323e-08 1.1227957e-06 0.00036540715 0.013927825 0.00245102 0.020382006 0.008536515 0.05565477 1.8028874e-08 0.0050640786 6.6893094e-06 7.1515888e-06 0.26474258 0.00036248664 0.058808442 5.1615974e-09 0.005628061 1.2674499e-06 0.00058743247 5.518275e-05 0.043051958 4.513215e-05 0.06832549 4.715142e-08 1.1631949e-08 2.5036966e-06 2.0983916e-07 0.0020474128 1.6958518e-05 3.23659e-06 2.6794428e-06 0.00018968954 0.0009971063 3.4807803e-07 0.060154866 0.10162839 2.5250776e-05 0.00047368463 2.5123548e-08 3.3324714e-06
0.93833363 0.43491104 0.025979484 0.21976341 0.010321789 0.23183307 0.010426048 0.0040763454 0.41431278 0.65332973 0.07564062 0.89024 0.035382465 0.0022808989 0.34054717 4.5271502e-17 0.0021811356 0.004308114 0.2559371 0.00040870908 0.00045020104 0.000525609 0.00063474174 0.0012606042 0.05949082 0.0016802823 0.0004916336 0.011494308 0.00013818147 0.0010262019 0.0026246563 0.00010423493 0.00022523291 0.64380294 0.9387529 6.373741e-05 2.8697508e-05 8.3654895e-06 0.00010100378 0.017164502 0.02069025 2.6725897e-05 0.11813529 3.1351577e-05 0.0006652725 0.00089896715 2.9325217e-06 0.6629184 8.942709e-06 0.00020839857 3.15127e-05 0.0014416734 0.18338235 0.4091928 3.6938618e-05 1.7949933e-05 1.303136e-05 0.004512843 1.9641247e-06 4.2505508e-05 3.769359e-06 0.0002832424 2.9798599e-05 1.117868e-06 0.00085067376 7.366459e-05 0.0018068606 0.00033054408 0.0034928399 2.6582808e-05 0.000497732 3.3860317e-06 1.9217123e-05 0.07877255 0.015694765 0.0093650315 1.01587005e-07 0.00075044134 6.796889e-07 0.010554885 7.0933334e-07 0.13106316 8.250542e-06 0.10993533 3.9801267e-05 4.392861e-07 8.503565e-06 3.4391574e-06 5.6564906e-05 1.4499851e-06 4.8645088e-05 6.021222e-07 0.014312989 0.00034952402 2.8499176e-07 0.054070212 0.024958935 2.6626994e-06 0.00011615567 1.4910189e-06 9.523719e-07
0.95081246 0.171778 0.7959544 0.07656121 0.4234799 0.7200129 0.37495932 0.19634089 0.48023635 0.006906105 0.007849715 0.011479728 0.002359624 0.76997364 0.003753123 0.0021811356 1.1802262e-16 0.016877986 0.0003353951 0.22059435 0.77962166 0.9491236 0.004160797 0.119354546 0.0005979675 5.3425207e-05 0.0005237639 8.9302965e-05 0.38659385 0.0003508186 0.00024119114 0.7415622 0.002439576 0.018251838 0.04431636 0.2578578 0.6403571 0.27174416 0.00017291156 1.2713112e-05 8.247387e-06 0.0017605699 3.5815832e-05 0.5259727 1.7869877e-05 2.1998927e-05 0.1105665 0.0007790424 0.09652973 4.9952803e-08 0.039495762 4.3377117e-06 4.187882e-05 0.00043132255 8.967207e-07 0.0016926504 4.926471e-07 7.514146e-06 4.4801516e-05 8.81244e-08 0.07634624 1.6471957e-07 0.024579624 1.7704724e-07 1.8092121e-06 8.644556e-06 0.0002864194 9.069137e-07 1.0386435e-05 1.0163138e-07 3.7624282e-06 7.9582e-05 0.0002541747 0.00010311108 2.2753172e-06 0.00049908314 7.5033864e-07 2.6575951e-06 2.438129e-05 6.8861345e-06 8.323011e-06 0.0002543808 1.0880485e-06 0.0001387723 4.861703e-07 0.0016454782 0.0004887681 4.8015142e-08 3.5349554e-08 3.1268748e-05 2.0241744e-06 4.0562386e-06 1.9303418e-05 9.350347e-06 8.713976e-08 4.5985977e-05 0.00019098211 1.9883826e-06 3.2212456e-06 4.900661e-07 6.04912e-07
0.96377254 0.07832215 0.026285365 0.0033009332 0.0032468648 0.05036333 0.85359687 0.0008209846 0.3404048 0.0019759124 0.8604578 0.030785035 3.92798e-05 0.22474399 0.088978104 0.004308114 0.016877986 2.0980566e-17 3.1003765e-05 0.31189665 0.047667228 0.003397298 0.9163609 0.0018019312 0.25459528 0.69688255 0.7466837 3.1327876e-05 0.036708407 0.733176 7.534111e-07 0.0013057971 0.5529606 0.01018163 0.1742722 0.013815227 0.0018900905 0.00027218042 0.49790737 8.136772e-06 0.0066867964 0.5104018 0.00910539 0.004039812 0.15078202 1.8734679e-06 0.00032308605 0.023087468 0.00046539298 0.021060493 0.109937444 5.254729e-07 0.00010058083 0.006433899 0.020033022 0.099707596 0.033205792 2.4718262e-05 0.012452157 0.001791222 8.5554915e-05 3.660681e-08 0.00022581944 0.0030437054 0.0004032768 0.2099323 0.0078017707 0.0002662075 0.0008168014 1.4913542e-08 0.00280386 0.066408515 0.00016298315 0.005869302 3.7033371e-06 0.012099273 2.284933e-06 8.395249e-05 5.073253e-06 0.000100948884 0.053526152 0.0015246092 0.0017917653 0.0010479989 3.618666e-07 7.996402e-06 1.9093213e-05 5.105318e-07 1.3583439e-05 0.046035346 1.0653114e-05 1.5463461e-06 9.412513e-05 0.0002291119 3.2382864e-05 0.0033093963 0.027911214 0.0037612983 5.5126577e-05 8.559351e-07 0.0002232735
0.9597212 0.045628525 0.014270444 0.15406047 0.01912332 0.03689212 0.00031465627 0.026821557 0.023549717 0.98198605 0.00051933934 0.033601422 0.78997624 1.9900492e-05 0.0012895138 0.2559371 0.0003353951 3.1003765e-05 3.8870914e-17 6.572394e-06 3.3516299e-06 0.0013546066 4.5169763e-06 0.027882684 0.00030411186 4.3889395e-06 4.1595496e-05 0.684208 3.5579462e-05 2.2215829e-05 0.28107977 4.4492695e-05 2.0307366e-06 0.90807515 0.25483626 2.5561815e-06 1.06932885e-05 1.631767e-05 3.8307126e-06 0.41708848 6.9112306e-05 1.8235132e-06 0.00055527163 8.237589e-07 1.2351223e-06 0.04961559 1.9312026e-06 0.09014905 8.514054e-07 2.8496092e-06 1.3348567e-06 0.05568843 0.6276112 0.15226847 8.204378e-07 1.8634299e-05 7.486275e-07 0.11658612 3.584648e-07 2.4309232e-08 8.931685e-07 0.027722605 0.00027550096 4.6010933e-09 3.427555e-05 7.989655e-06 7.933141e-05 3.8968155e-06 0.000110936024 0.003757652 1.7543113e-06 2.9543664e-06 0.00012256368 0.0031328553 0.048253857 0.00020892972 3.269566e-09 4.2552288e-06 0.00025439754 0.048871987 3.0215815e-06 0.29728308 5.697463e-07 0.032624546 0.00075184077 5.7673444e-09 8.32178e-06 0.0006635537 7.012699e-07 1.044918e-06 0.0030747678 2.7671576e-05 0.06553651 2.340288e-06 2.7874075e-08 0.010964323 0.00038830325 6.490352e-07 1.4501585e-07 0.00032633316 3.175604e-07
0.7641128 0.012811216 0.039659508 0.002569312 0.0053030695 0.082197525 0.75083077 0.0026408131 0.15998788 0.00056028937 0.032263074 0.004813601 2.576307e-05 0.9655008 0.004669604 0.00040870908 0.22059435 0.31189665 6.572394e-06 4.233439e-18 0.9454376 0.018751305 0.34214205 0.0011526042 0.01163205 0.008173738 0.09175585 2.9024284e-06 0.76781297 0.016134726 2.241183e-06 0.0028079345 0.40457088 0.0019897125 0.011656343 0.45624894 0.0110914605 0.0001366362 0.03919497 4.0358012e-07 0.00012987448 0.20664382 0.0009429557 0.05216115 0.00092831656 1.8501542e-07 0.0011781486 0.00074197963 0.0012316807 1.0267525e-05 0.70147485 2.1549944e-07 2.9307434e-06 0.0002905727 7.572997e-05 0.22998704 0.00016155695 7.4193014e-07 0.034850318 2.998272e-05 0.00030439795 7.4219755e-09 4.7165933e-05 5.9977192e-05 2.127852e-05 0.004820066 0.000456977 3.4102236e-06 7.023107e-05 9.085689e-09 0.00014951127 0.01665968 8.704578e-07 0.00046580302 4.0590996e-07 0.0022152448 6.3907464e-05 2.6307232e-05 1.0090527e-08 2.454112e-06 0.0003929621 0.00010669743 6.491473e-05 0.0003317005 1.4712572e-07 0.00015086579 2.933446e-07 1.890686e-08 3.5656144e-06 0.0021138608 1.3330356e-07 2.2074866e-08 1.1074036e-06 0.0001399018 5.4752473e-07 0.00014437179 0.0009388268 2.548496e-05 0.00012371063 1.2239289e-08 4.8596583e-05
0.6233834 0.016157584 0.106007494 0.0021285452 0.012035523 0.3611454 0.43613908 0.0038371752 0.4188542 0.0004303129 0.0050590057 0.003924612 0.00014034759 0.9219456 0.0013517488 0.00045020104 0.77962166 0.047667228 3.3516299e-06 0.9454376 1.78943e-16 0.14521326 0.018931163 0.009670809 0.00078384974 0.000466772 0.0014007132 4.2508445e-06 0.90422314 0.0012786059 2.1086327e-05 0.15668721 0.21421856 0.0005493756 0.012165107 0.8773901 0.34373966 0.022157215 0.0007038337 7.991755e-07 3.106756e-06 0.06177755 4.0651434e-05 0.6640579 6.823141e-05 2.3143275e-07 0.04561066 0.00019289459 0.08582538 9.5024353e-07 0.71882015 2.917226e-07 2.2289098e-06 9.464424e-05 1.3095226e-06 0.12999791 9.10189e-07 1.7207235e-07 0.02472642 8.3134e-07 0.0779034 2.650485e-08 0.0026170856 1.0538508e-06 2.7713895e-06 8.4748375e-05 0.0007026474 1.5093089e-07 3.0481103e-06 9.3189785e-09 5.7647912e-06 0.018115543 0.000106923864 4.556797e-05 1.1019659e-07 0.00070813904 0.001139194 3.9836996e-07 1.0761336e-06 2.4592757e-06 0.00011695431 1.1464185e-05 3.2275864e-06 3.5102257e-05 1.12048134e-07 0.017645074 0.00021924314 1.1131005e-07 8.474401e-09 0.00031743007 6.485328e-07 1.8457324e-07 3.0680394e-07 1.1569276e-06 1.0939864e-08 2.1586826e-05 5.0344042e-05 8.383003e-06 6.7222794e-07 3.1301985e-07 7.9651705e-05
0.67827696 0.076771945 0.67703956 0.12578933 0.7300358 0.60578966 0.06310472 0.75374377 0.12376992 0.011505846 0.0009772631 0.0010448518 0.050791696 0.12913835 0.00029065448 0.000525609 0.9491236 0.003397298 0.0013546066 0.018751305 0.14521326 1.2592279e-16 0.00082779425 0.91290814 2.3276038e-05 7.7319555e-07 0.00014067924 0.0012952802 0.004724393 2.378152e-05 0.01176993 0.9199072 0.00024264972 0.008435243 0.031505723 0.0019332158 0.22368048 0.7167318 1.4090763e-06 4.6969457e-05 6.634667e-07 0.00012945873 1.4618369e-06 0.029147487 2.1934477e-06 0.0012018008 0.11271849 0.0004577685 0.030288588 1.6692312e-08 0.00025165325 4.0076153e-05 0.00012659002 0.00019886463 1.03172404e-07 0.000103244805 2.7471242e-07 4.7720634e-05 3.0288318e-06 4.9541292e-08 0.07671153 3.3655244e-06 0.13232423 2.0254379e-07 2.7291258e-06 4.4782955e-06 0.00028946224 3.498869e-07 8.998179e-06 1.3762179e-05 3.9307884e-06 1.3872717e-06 0.015678894 2.7600205e-05 1.9409254e-06 0.0002363342 3.3288437e-08 6.1866763e-06 0.001359885 2.8249204e-05 1.5679452e-06 6.900535e-05 6.759539e-07 6.759726e-05 3.2024752e-06 1.6877331e-05 0.0022882684 5.3384156e-07 2.7543197e-07 6.468879e-07 4.167173e-05 0.00042716964 1.37274565e-05 2.941492e-05 2.8205012e-08 1.5230846e-05 6.429025e-05 9.493568e-07 8.125535e-06 8.589071e-06 4.009459e-08
0.9120629 0.037527222 0.014826538 0.0035421697 0.0020932262 0.0337032 0.6316045 0.00083742465 0.1762362 0.00053571 0.5961609 0.015926452 6.389095e-05 0.09623606 0.05250179 0.00063474174 0.004160797 0.9163609 4.5169763e-06 0.34214205 0.018931163 0.00082779425 1.2296812e-18 0.001182445 0.09179371 0.46765646 0.96658725 5.532906e-06 0.031097578 0.8026426 3.687336e-07 5.3513224e-05 0.6350983 0.0020975664 0.035395164 0.007139293 0.00015325064 8.967912e-06 0.7855886 3.5377667e-07 0.0012702447 0.69534546 0.001342856 0.00077063596 0.13848874 9.275661e-08 2.39515e-05 0.004378073 4.3440767e-05 0.005184993 0.15652438 2.085822e-07 1.587323e-05 0.0015843745 0.016164305 0.23637645 0.038428307 3.174346e-06 0.019785315 0.0008043716 3.4982368e-06 1.398979e-08 9.858421e-06 0.0014137175 5.112621e-05 0.29739937 0.004871659 1.8153434e-05 0.00019865231 6.3602537e-09 0.0003253754 0.05534923 0.00013855477 0.0007004856 2.1987319e-06 0.005015057 2.1106353e-06 1.4336225e-06 5.6620274e-07 7.902036e-06 0.068456575 0.00045414202 0.0009242562 0.0004292388 2.1617274e-07 3.252209e-06 6.7199103e-06 3.302386e-07 6.922286e-07 0.08466383 2.188435e-06 1.5592027e-06 2.0598138e-05 1.0211405e-05 1.6429678e-05 0.0009033845 0.00428136 0.0020341794 5.594393e-07 9.821391e-08 0.0002909881
0.95651937 0.008852747 0.370514 0.11524439 0.6461171 0.5538987 0.004181401 0.9383183 0.22407359 0.030096404 0.00025923876 0.0008978893 0.6899186 0.013367606 0.00016148794 0.0012606042 0.119354546 0.0018019312 0.027882684 0.0011526042 0.009670809 0.91290814 0.001182445 4.019734e-16 0.00013851882 5.9864365e-06 3.6563706e-05 0.09752163 0.0036998764 0.00020342587 0.87370974 0.46197185 4.1778294e-05 0.17367002 0.41553143 0.0011214084 0.0087497225 0.51029897 5.785427e-06 0.00272878 6.3058615e-05 9.785864e-06 1.3916001e-05 0.0003672561 2.0411468e-05 0.66104233 0.05569166 0.00082700164 0.0023831471 6.0734436e-07 0.00012152294 0.052380685 0.0029567045 0.0009389414 7.789586e-06 0.0005715534 1.3888237e-05 0.0025305573 1.9531853e-05 8.042684e-07 0.032908812 0.016564341 0.6027315 5.152145e-07 7.1888055e-05 0.0017365407 0.0006459857 1.0134278e-05 0.00017024917 0.008191526 3.2358417e-05 0.00017803324 0.32823798 8.95748e-05 0.00015302646 0.0011840124 2.7255976e-07 5.7248e-05 0.57521117 0.0021619021 0.0006898111 0.0066305883 0.00021134595 7.465009e-05 0.00046790205 1.3640924e-06 0.061380874 0.0062949024 1.2530685e-06 0.00132505 0.3266089 0.112435825 0.0009546881 0.0032550686 2.501191e-06 2.1847596e-05 3.170206e-05 0.00026990628 0.0015006065 0.00029501095 5.396887e-06
0.9889652 0.062332947 0.0077392817 0.0012801719 0.00020246957 0.006926073 0.18157138 1.19358265e-05 0.2865401 0.003896212 0.91904354 0.24478756 7.934889e-05 0.018872775 0.80243427 0.05949082 0.0005979675 0.25459528 0.00030411186 0.01163205 0.00078384974 2.3276038e-05 0.09179371 0.00013851882 2.7637637e-16 0.6639205 0.06375615 3.7003916e-05 0.00048786047 0.19813687 2.1622594e-05 1.899706e-05 0.007063406 0.016370893 0.14988431 0.00017961946 2.491391e-05 1.6827164e-06 0.04633763 3.158446e-05 0.7552514 0.013862561 0.69990534 8.4367595e-05 0.6550658 6.2417794e-06 1.2790534e-06 0.11748312 1.6132071e-05 0.38638204 0.0005040967 6.843019e-06 0.0005153261 0.05622646 0.105281636 0.0014174631 0.05211988 3.7057984e-05 7.1476585e-05 0.0714264 8.217075e-06 8.4937466e-07 0.00013174005 0.0063877944 0.033849973 0.05334963 0.046977777 0.0310973 0.14248453 5.670506e-07 0.008663307 0.0017313351 0.00012977456 0.27692196 0.00036145392 0.118824966 3.7784557e-07 0.0021544185 1.0222161e-05 0.00031354465 0.0014127747 0.02548905 0.004362955 0.022792839 1.4176379e-06 4.081215e-06 1.0623448e-05 5.0256637e-07 0.0025444974 0.0005738931 1.0903431e-06 1.7484186e-06 3.7255642e-05 0.003225082 0.0007614515 0.047937676 0.21261281 0.0010401394 0.00082002336 8.023898e-07 3.7018566e-05
0.95372576 0.008157707 0.0009573229 6.038906e-05 3.571967e-05 0.00097638747 0.10414492 3.95614e-06 0.09672057 8.497392e-05 0.84469366 0.020595457 1.2209335e-07 0.0041345605 0.12991756 0.0016802823 5.3425207e-05 0.69688255 4.3889395e-06 0.008173738 0.000466772 7.7319555e-07 0.46765646 5.9864365e-06 0.6639205 4.3160957e-18 0.20766318 1.9163407e-07 0.0016701845 0.96082014 8.2690175e-09 2.2886209e-06 0.02260404 0.0031567535 0.06647243 0.00028864134 2.6935493e-06 1.8883605e-07 0.16024126 5.419195e-07 0.22787528 0.04039431 0.13296258 6.7131855e-06 0.6020988 6.572211e-08 7.325105e-07 0.021364218 1.7758389e-06 0.72284085 0.0016079004 1.6858436e-08 2.4476923e-05 0.008429039 0.5540895 0.008550464 0.35464814 9.3913343e-07 0.0006258598 0.047753714 1.3068579e-06 5.751317e-09 3.8054077e-07 0.03201326 0.010661581 0.11377505 0.025853312 0.0087483 0.029512914 1.5116928e-09 0.010863165 0.0011148376 2.0935474e-06 0.059431616 1.0979964e-05 0.1064653 3.9005e-08 0.00083306065 3.5288343e-07 7.669042e-05 0.008055915 0.0027857162 0.00903856 0.0033076296 3.5829746e-08 1.00772034e-07 5.7838164e-08 3.7977017e-08 0.00033015315 0.004874038 8.422613e-08 1.0993416e-07 1.500022e-05 0.00248332 0.0015855853 0.012783663 0.0864653 0.0016360311 0.00035719565 2.9510545e-08 1.0524503e-05
0.5888048 0.013686372 0.004463571 0.0013669682 0.00047773938 0.0115587795 0.16395788 0.00011428529 0.039822 0.00042046115 0.2580401 0.007540366 8.409547e-06 0.017874116 0.01783173 0.0004916336 0.0005237639 0.7466837 4.1595496e-05 0.09175585 0.0014007132 0.00014067924 0.96658725 3.6563706e-05 0.06375615 0.20766318 3.639314e-20 3.0940726e-07 0.0056751184 0.84827566 2.2240333e-07 1.1069765e-05 0.31370282 0.00086911244 0.0044007907 0.00048342452 9.007052e-05 5.776152e-07 0.97002876 4.3633295e-07 0.004910083 0.40510234 0.005371834 4.760218e-05 0.0798317 1.1385513e-08 1.6528575e-05 0.0013708946 4.9366367e-06 0.05820279 0.016031615 2.2436323e-07 9.273158e-06 0.0022587166 0.02783986 0.059661478 0.13396583 4.8882214e-07 0.0044498644 0.007910311 1.8226615e-06 6.284156e-08 9.155513e-06 0.011764184 0.0007524157 0.26553842 0.0029659353 0.00048646182 0.0007765027 1.8675925e-09 0.001462991 0.011287117 4.6330075e-05 0.002123773 4.4562637e-07 0.007461937 1.3994488e-06 0.0004166084 2.8727204e-06 2.7515064e-06 0.045894653 0.0006624318 0.011181559 0.0010456499 3.119869e-07 7.9373257e-07 9.680996e-07 2.9119005e-07 0.0002395882 0.050859712 3.9766925e-07 2.9733113e-07 3.7941756e-08 0.0005138749 0.0014076111 0.001040705 0.0065928376 0.00916612 0.00010288849 6.886755e-07 0.0001819865
0.93847597 0.0016193565 0.00069019414 0.020132404 0.005565044 0.0019164188 3.8298447e-05 0.032307662 0.00033027437 0.19002396 1.9640378e-05 0.0012351908 0.82042444 1.0989875e-05 1.6011903e-05 0.011494308 8.9302965e-05 3.1327876e-05 0.684208 2.9024284e-06 4.2508445e-06 0.0012952802 5.532906e-06 0.09752163 3.7003916e-05 1.9163407e-07 3.0940726e-07 1.1648581e-15 4.82199e-06 1.0271491e-05 0.7235184 2.2591863e-05 7.748313e-07 0.23132 0.060283937 5.0625016e-07 2.298069e-06 1.23738655e-05 1.1744577e-06 0.88967454 2.4246709e-05 3.7959512e-07 0.00018847633 1.0242263e-07 7.218738e-07 0.6588385 7.606306e-07 0.020337613 3.678804e-07 9.3673115e-08 7.0792294e-07 0.93698907 0.5798479 0.03649476 1.6165242e-07 1.3983729e-05 3.571962e-06 0.30207288 1.1191229e-07 1.6638761e-07 2.3895555e-07 0.56440806 0.001540031 9.345955e-07 2.2585828e-05 0.0018670525 0.00016986515 3.1986827e-05 0.00013819318 0.2530766 8.313388e-06 3.3154613e-06 0.0006774903 0.0015740813 0.01753099 0.00022150345 3.4515721e-09 7.1445094e-05 0.007814054 0.019989945 2.9904591e-05 0.12572695 1.8564606e-05 0.017532695 0.05607464 9.531351e-09 3.2505407e-06 0.03426197 3.0225642e-06 8.453499e-06 0.055846177 0.0062565207 0.06943153 7.3727206e-05 1.0224848e-06 0.008885361 0.00033435656 7.4070813e-06 1.6151696e-05 0.09482911 3.162391e-07
0.040217858 0.0068413722 0.021206679 0.0011560863 0.0022816993 0.04122447 0.20771429 0.0024642341 0.05010364 0.00028855682 0.005354633 0.0009612624 1.2721881e-05 0.47446433 0.0003872845 0.00013818147 0.38659385 0.036708407 3.5579462e-05 0.76781297 0.90422314 0.004724393 0.031097578 0.0036998764 0.00048786047 0.0016701845 0.0056751184 4.82199e-06 1.9101138e-16 0.0032321333 2.5559388e-05 0.0059774686 0.09653947 0.00016334385 0.0007863107 0.9933204 0.042879164 0.0014665743 0.0035576988 4.2406973e-06 1.3646437e-05 0.016500833 5.6794965e-05 0.30669013 7.140205e-05 7.04073e-07 0.0029217883 4.552427e-05 0.0064802775 1.2693933e-05 0.61634856 2.1609517e-06 7.915039e-06 5.7443347e-05 2.9819535e-06 0.11526582 1.5542642e-05 1.14393e-06 0.0419842 2.740598e-05 0.0010598134 3.7512568e-06 8.283422e-05 1.5775151e-05 3.4244153e-05 0.00032744237 0.00016292829 3.467577e-07 1.0985097e-05 3.567497e-07 1.3792781e-05 0.002903021 2.656684e-05 0.00030804015 9.708519e-07 0.00024781388 0.000814983 4.2888507e-05 1.7567127e-07 9.032492e-06 3.0291714e-05 1.6061624e-05 6.779194e-06 0.00027693476 4.0269374e-06 0.0031050988 1.4504782e-05 1.8575753e-06 5.9913823e-06 0.00030378663 6.4939213e-06 1.7156012e-07 8.5741135e-07 4.1237076e-06 2.1567762e-06 1.6550279e-05 6.800488e-05 2.9193943e-05 2.9436329e-05 9.032209e-06 0.00019356202
0.87727946 0.009003567 0.0026913504 0.0009491643 0.00026925915 0.0023608913 0.060314663 2.7587286e-05 0.027674375 0.00020941306 0.3072426 0.010834574 1.6368127e-06 0.0076173698 0.034120508 0.0010262019 0.0003508186 0.733176 2.2215829e-05 0.016134726 0.0012786059 2.378152e-05 0.8026426 0.00020342587 0.19813687 0.96082014 0.84827566 1.0271491e-05 0.0032321333 1.9484564e-16 4.9202686e-07 1.0233252e-05 0.10286935 0.0013479365 0.010452351 0.0006630578 1.930016e-05 2.7501792e-06 0.8982976 1.4247326e-05 0.11844023 0.30527303 0.02669825 1.7339136e-05 0.21605445 6.4879816e-07 1.7270687e-06 0.0034991747 1.937373e-06 0.35749146 0.0056333123 5.11258e-06 0.00010014868 0.0013782657 0.5635488 0.02559522 0.7893604 4.7210033e-05 0.0024171998 0.2007545 6.57093e-07 1.8745838e-07 2.4149713e-05 0.27677175 0.011227111 0.57472765 0.011293029 0.015743269 0.0068327915 6.827814e-07 0.006673383 0.014434571 7.7540564e-05 0.011947973 9.348607e-06 0.0391658 2.2250465e-08 0.0023960595 7.338292e-07 8.772723e-05 0.09510614 0.0008090577 0.052434213 0.0011780378 1.8773222e-06 2.4731037e-07 8.819313e-07 6.533466e-08 0.0012483047 0.0769402 1.7764935e-07 1.7352036e-07 1.2913505e-06 0.007464649 0.018207496 0.0020467257 0.022937942 0.041986514 0.0010805532 4.9552536e-06 4.0793377e-05
0.910793 0.00034278835 0.00039287086 0.041233473 0.012190884 0.0029888537 2.0022402e-05 0.13207424 0.0009852811 0.12034688 1.23061745e-05 0.00022747078 0.9206629 1.3767403e-05 4.014587e-06 0.0026246563 0.00024119114 7.534111e-07 0.28107977 2.241183e-06 2.1086327e-05 0.01176993 3.687336e-07 0.87370974 2.1622594e-05 8.2690175e-09 2.2240333e-07 0.7235184 2.5559388e-05 4.9202686e-07 3.1672779e-18 0.00059455255 3.245713e-07 0.11492059 0.030538522 3.3061092e-06 3.6603582e-05 0.0024595163 2.9569875e-08 0.122701354 9.5328426e-07 1.5041855e-06 1.7945516e-05 1.1826805e-06 4.831493e-07 0.975532 3.8443028e-05 0.0021288495 3.6853726e-06 3.6858379e-09 1.989678e-06 0.40817294 0.107074894 0.007135427 4.2051322e-08 1.1692492e-05 2.5777728e-08 0.041794695 4.262613e-06 6.8407844e-09 9.413024e-05 0.04288146 0.2756819 1.11210525e-07 1.4875347e-06 0.0012947046 0.0002762571 8.557319e-07 5.6786644e-06 0.0173246 5.249074e-07 2.9377128e-05 0.1117334 0.0002619209 0.0002730527 0.00092006696 2.2772035e-08 1.8173448e-06 0.4401859 0.0014440229 0.000125742 0.015491781 6.2523063e-06 0.0006854587 0.0017142212 6.0200364e-08 0.00036267625 0.07278015 2.0097181e-07 1.0888565e-05 0.37450406 0.39336964 0.0032721525 2.0696857e-06 5.142283e-07 0.000398664 6.8191395e-05 8.082788e-06 8.7818734e-07 0.006711838 6.0498837e-06
