6.6384935e-19 0.9779536 0.8679383 0.96050495 0.87019384 0.7192602 0.94501674 0.95079607 0.96092135 0.8499707 0.94055104 0.9255188 0.84254074 0.931571 0.83752537 0.991248 0.97413665 0.9273919 0.6799241 0.97981477 0.865158 0.6582811 0.28591433 0.7649988 0.10873824 0.07422241 0.99488616 0.71273726 0.97668785 0.713391 0.13527502 0.91360927 0.98721117 0.09124797 0.9021473 0.9962847 0.95523345 0.971202 0.8346237 0.8445574 0.17840631 0.90548575 0.545255 0.0074882074 0.014752777 0.4745031 0.27498174 0.19053532 0.750982 0.98694545 0.864254 0.9620357 0.9904695 0.8235037 0.9963709 0.9026945 0.06286758 0.97706765 0.77418435 0.8804422 0.01092593 0.021833418 0.9338749 0.010017319 0.85583127 0.9371141 0.020964868 0.012799791 0.9169079 0.1869972 0.88482624 0.2550362 0.93430924 0.8327428 0.012254078 0.47972566 0.9908347 0.71908504 0.9802998 0.851512 0.99675584 0.53249216 0.99831235 0.0007858471 0.92455274 0.87871444 0.5019677 0.003479528 3.1865286e-05 0.00047088249 0.9985982 0.00012409869 0.9877016 0.014330861 0.30958185 0.2991032 0.98131156 0.6992177 0.33409086 0.010005622 0.99990433
0.9779536 7.2163945e-17 0.8771909 0.9454958 0.524249 0.8900099 0.40621042 0.021122925 0.8427028 0.017461352 0.0066643874 0.759405 0.69854903 0.038443245 0.012434107 0.00235938 0.0004322468 0.13036701 0.32197085 0.31866416 0.0012769633 0.8390214 0.04525052 7.118665e-05 0.00045543624 0.2909735 0.00023047435 6.74309e-05 0.03459976 0.0031336262 0.0002792415 0.00023599749 0.008308257 0.12204043 4.08849e-05 0.00022133788 0.00046589103 0.00011588006 0.00012041933 0.35495263 0.00025214814 0.05076109 0.0002597109 0.01338523 0.115046754 0.00035334783 4.977963e-05 0.0017175891 8.389085e-05 1.5987429e-05 4.7338162e-05 0.046510223 0.047625173 9.3474085e-07 0.058429644 3.7285318e-07 1.1080316e-05 3.1942734e-06 1.8013228e-05 1.2653767e-07 3.050284e-05 0.0032512587 2.0332298e-05 0.00022892846 6.918273e-07 1.0286284e-05 0.0004089272 1.7904908e-06 9.159124e-07 9.600548e-07 3.2656228e-08 3.8345593e-07 4.6315452e-07 9.047252e-06 0.0009334799 1.348297e-06 0.011062874 1.0094387e-06 0.004009001 7.703441e-07 0.011147036 3.718202e-07 0.0005827373 2.2428783e-06 3.4670087e-05 1.5175574e-07 6.094442e-07 2.3489813e-06 5.328937e-06 4.657057e-07 0.0011949625 2.9915643e-06 0.0007664151 2.70117e-07 3.7821115e-07 2.2247184e-09 9.831991e-06 4.9172894e-07 1.4917477e-07 2.43798e-07 0.002846896
0.8679383 0.8771909 7.978741e-18 0.6673044 0.8432537 0.9860152 0.11815872 0.117479384 0.23838906 0.07634792 0.018958269 0.10015936 0.9043675 0.17278528 0.0010443532 0.0033035628 0.0012181174 0.018372113 0.03989961 0.07794379 0.0045752455 0.6139481 0.0104893595 4.1317442e-05 0.0007998874 0.28079638 0.00036629612 1.241526e-05 0.004852497 0.00018993412 0.0004291911 2.300141e-06 0.0008134657 0.20102522 0.00013329535 8.1963786e-05 0.00016301237 1.0645619e-05 3.3918866e-05 0.63964623 2.6661692e-05 0.022562081 9.522516e-06 0.0018203963 0.028617615 0.0027815932 7.314328e-05 0.00020936332 8.107859e-05 9.909822e-06 4.667417e-07 0.00931707 0.014801115 1.538943e-06 0.020625232 5.10898e-07 8.3876444e-07 2.6248124e-06 5.3524986e-06 1.471288e-07 9.6322e-06 0.021989925 6.360755e-06 2.5058956e-05 1.016045e-06 6.9263535e-07 0.004765315 1.6275955e-07 5.9733907e-07 6.346906e-07 2.4345006e-08 9.359864e-08 4.400918e-08 2.7647818e-06 0.015122648 1.6168996e-06 0.0025213081 5.9808065e-07 0.0013256231 3.8597645e-07 0.004704812 4.722674e-07 0.00014708484 0.0001259399 1.8181694e-05 2.0841259e-07 1.2555972e-06 5.364843e-05 0.0001852046 5.1590973e-07 0.0005719888 1.2113062e-05 0.0001898164 2.632373e-06 1.3592669e-06 2.0102067e-09 6.671626e-07 5.0535274e-08 2.8649464e-07 1.04626366e-07 0.001061968
0.96050495 0.9454958 0.6673044 9.761013e-16 0.45388016 0.69640446 0.7280994 0.02560247 0.9779596 0.017397301 0.011182227 0.7831285 0.2841831 0.021550545 0.06492757 0.003482509 0.00032117704 0.3440464 0.36109918 0.46110156 0.0012821134 0.6015273 0.07606452 8.838502e-05 0.0003278764 0.09954959 0.00035242602 3.6586447e-05 0.05402377 0.006421076 0.00025226575 0.00094274984 0.015702425 0.023030676 8.9419125e-05 0.00015027261 0.0006735358 8.789045e-05 0.0011395667 0.09548836 0.0005461595 0.11177976 0.00042146302 0.011991642 0.063724406 2.1787444e-05 6.240755e-06 0.0028238685 1.5452957e-05 1.45878075e-05 3.7770114e-05 0.11127114 0.11871382 5.6929605e-07 0.09417432 5.4367905e-07 1.3091537e-05 4.370553e-06 1.3140244e-05 1.446319e-07 3.468252e-05 0.0007623082 4.8151822e-05 0.00026448118 8.6630297e-07 3.2759744e-05 9.54313e-05 4.545224e-06 3.0465918e-07 2.192218e-06 1.2159873e-08 1.4419675e-06 1.0175246e-06 3.6197118e-05 8.973931e-05 8.1850595e-07 0.021352118 2.6276714e-07 0.0047838837 1.0416258e-06 0.01801633 3.4793828e-07 0.0014406146 3.112236e-06 4.84743e-05 4.801789e-08 1.9967626e-06 4.43327e-06 6.41523e-06 4.153815e-06 0.0027684642 2.0478099e-06 0.0028162037 7.588301e-07 7.037702e-07 8.788679e-10 3.4449574e-06 3.1590602e-07 9.217143e-08 1.0962302e-07 0.005694612
0.87019384 0.524249 0.8432537 0.45388016 1.5555492e-17 0.6342455 0.047201563 0.9344158 0.43103892 0.97871846 0.67793775 0.008748099 0.8269008 0.9165798 0.00046642424 0.22901645 0.2687756 0.013746826 0.0015416776 0.045257043 0.27222535 0.031033007 0.00094437675 0.003686925 0.05041435 0.04595996 0.00392669 0.004738166 0.0042155944 0.00019800545 0.014343619 4.3623204e-06 0.0006907788 0.06789999 0.001973784 0.0005990091 0.0010174001 1.0402554e-05 6.781124e-05 0.28227463 1.8121522e-05 0.07688555 2.7815229e-06 3.0862928e-05 0.0009257934 0.004253661 0.0005821028 5.97834e-06 0.0004944314 0.00021610073 2.1594856e-07 0.01912694 0.010612447 1.148478e-05 0.08329675 5.7351517e-06 2.7842816e-07 1.7193246e-05 1.1495661e-05 2.9047128e-06 1.9971662e-06 0.006955858 9.83095e-06 9.079657e-06 1.5750378e-05 4.058196e-06 0.003430719 2.4959522e-07 4.838075e-06 1.3197255e-06 4.5966484e-08 9.713655e-08 1.5032039e-07 2.2325636e-05 0.0029663495 4.8389884e-06 0.006763283 1.3210803e-06 0.0024676267 9.204446e-07 0.0123881055 4.318228e-07 0.0002502396 7.259255e-05 2.0697578e-05 3.739899e-07 1.4361335e-06 0.00010298824 4.3766908e-05 4.824154e-07 0.0016234084 3.053593e-05 0.00037526488 1.3265773e-06 4.9089726e-07 1.3801187e-09 2.266614e-07 2.1027818e-08 1.0617022e-06 1.02659286e-07 0.002101555
0.7192602 0.8900099 0.9860152 0.69640446 0.6342455 3.1906477e-17 0.27167585 0.035599448 0.30304536 0.034326795 0.0119426865 0.72585756 0.9325868 0.08238909 0.010419761 0.0008945376 0.0010214717 0.025069166 0.31186372 0.05978706 0.0006104828 0.77355725 0.1987897 1.21564835e-05 0.00045723337 0.44652277 0.00015263307 8.545336e-06 0.010178787 0.0015958975 0.00025457254 2.7479156e-05 0.0015479957 0.29257998 3.5181085e-05 8.924716e-06 4.036906e-05 6.61167e-05 0.00021846483 0.036247488 5.808484e-05 0.011666608 1.4916965e-05 0.010215765 0.06880375 3.9029732e-05 9.541178e-06 0.00024527177 4.5371467e-06 2.7304638e-06 8.3764695e-07 0.0075299824 0.008573801 3.4566664e-08 0.01343323 7.1164145e-08 1.5332583e-07 4.0648092e-07 1.2576831e-07 6.788869e-09 2.389673e-06 0.0007714276 1.5828e-05 6.627091e-05 2.9734187e-07 1.4601912e-06 6.915371e-05 2.8950151e-07 1.4415187e-07 3.4752098e-08 5.020514e-09 6.8451854e-08 1.2265002e-07 8.417788e-06 0.0003073752 1.2031173e-07 0.0023246014 1.04506704e-07 0.0004883255 1.0638062e-06 0.0019382786 1.9657362e-08 0.000115072165 1.3885191e-05 2.6726466e-06 1.3269042e-07 1.5680349e-06 4.3217897e-06 1.9196717e-05 1.6198636e-07 8.493966e-05 2.6011792e-06 0.0001614747 3.416654e-07 2.7080335e-07 2.9439076e-09 7.61669e-08 1.9932322e-09 5.0909094e-08 1.0674992e-08 0.00086906727
0.94501674 0.40621042 0.11815872 0.7280994 0.047201563 0.27167585 6.6443848e-15 0.0017142451 0.88721347 0.0027008045 0.0019566568 0.95066005 0.00672889 0.0019066231 0.8470704 0.0008162131 0.000149048 0.936829 0.67879707 0.6736669 0.00016162275 0.2488215 0.27072623 1.5490805e-05 0.0001570419 0.00896466 0.0001488507 7.021275e-06 0.39847356 0.2160669 0.0001622725 0.15815498 0.15215619 0.0005343166 0.0001012891 0.00012841025 0.0003547969 0.007947798 0.16780113 0.0008726451 0.015270297 0.12425793 0.0077692205 0.047461845 0.065393336 4.332052e-06 3.3309557e-06 0.04178468 7.788813e-06 1.4851019e-05 0.003986397 0.284208 0.34983146 2.540643e-07 0.09984215 1.6778002e-06 0.0001267508 1.2727134e-05 6.5273816e-06 2.2540748e-07 0.00045018992 3.5519726e-05 0.0013513293 0.0065331776 2.7642468e-06 0.0016992022 8.364329e-07 8.752801e-05 2.6652604e-06 4.130459e-07 1.8789521e-08 0.0001300139 0.00021974971 0.0013208071 6.126709e-05 1.5842157e-06 0.065573 5.777088e-07 0.0052455594 0.0008445227 0.014952631 6.061154e-07 0.010352784 8.414352e-06 1.6769276e-05 1.1242919e-07 0.0017204161 8.518655e-06 6.5265667e-06 3.629633e-05 0.0024530173 3.9976044e-06 0.023721345 6.946868e-07 0.0002685055 6.7844286e-07 2.3329187e-06 4.2213088e-08 7.775205e-07 2.4781623e-06 0.018863235
0.95079607 0.021122925 0.117479384 0.02560247 0.9344158 0.035599448 0.0017142451 4.8471926e-15 0.04616719 0.95936686 0.9478103 0.0009488943 0.4242238 0.8336543 3.6318383e-05 0.5674205 0.59216404 0.005477288 0.00030147083 0.014014469 0.6481153 0.0064879796 0.00042413833 0.111607246 0.18929267 0.003995331 0.032741975 0.15469301 0.0006385382 2.842025e-05 0.09422502 1.7117341e-06 0.000107589454 0.01338726 0.013219128 0.011959362 0.003924975 9.757613e-07 8.144169e-06 0.76970947 2.8317714e-05 0.09587021 7.99882e-06 7.741109e-06 0.000260806 0.21400532 0.021403037 5.1498487e-06 0.009508818 0.00047009543 1.0911024e-06 0.01562603 0.0079172095 0.000747459 0.0972394 4.1682142e-05 2.213744e-06 5.0089933e-05 0.00014927248 0.00014205805 2.6805612e-05 0.08310159 3.7633179e-06 2.1068157e-05 5.280062e-05 1.5198713e-06 0.06052544 1.4670084e-06 2.0090534e-05 2.6652819e-05 1.1163212e-06 1.3366814e-07 6.75565e-08 3.1066315e-06 0.038724963 0.00016639738 0.0061155297 2.8597164e-05 0.014010321 1.2353055e-07 0.043322023 1.8383773e-05 0.00015967003 0.00024246189 0.00011051206 7.654851e-07 9.277426e-07 0.001318458 5.557234e-05 2.0312539e-06 0.009236523 6.0776623e-05 0.00023585463 0.00010692519 5.0876696e-07 4.7899866e-09 5.7721127e-06 1.525187e-06 0.00011675562 1.1952712e-06 0.0031803031
0.96092135 0.8427028 0.23838906 0.9779596 0.43103892 0.30304536 0.88721347 0.04616719 2.274373e-16 0.025314858 0.030492796 0.2498628 0.02742838 0.0056680115 0.055118103 0.031801328 0.001951135 0.8381796 0.093467124 0.49640313 0.0010465233 0.0962806 0.02399184 0.00018176172 0.0009306874 0.008573367 0.00285458 3.0349778e-05 0.05570823 0.0035743234 0.00052933 0.000856564 0.01030723 0.0010284376 0.0015688951 0.0011726508 0.003372458 0.00012032325 0.0059602093 0.004566597 0.0007040774 0.87363845 0.00027942265 0.0008880719 0.0022631197 5.8758455e-06 1.07406195e-05 0.0011725352 1.3837563e-05 0.00025801075 5.3580938e-05 0.50474775 0.19068933 9.719753e-06 0.21520476 2.455485e-05 6.0571756e-06 5.165266e-05 4.9835733e-05 7.924404e-06 8.0463054e-05 0.00020958368 0.00015044968 0.00016889705 2.4764602e-05 0.00020590253 1.5598354e-05 3.979024e-06 7.815718e-06 6.26051e-06 7.093593e-08 9.295714e-07 2.643228e-06 0.00039893785 0.00012897345 7.0291907e-07 0.12232255 4.0343926e-07 0.009380133 4.5772675e-05 0.07815933 6.3044213e-06 0.0017562599 7.4269574e-06 0.00066378195 5.5078596e-07 8.641713e-06 3.8484555e-05 4.7995595e-06 6.8329828e-06 0.017299917 5.921837e-07 0.027219776 6.0454454e-07 1.2705711e-06 5.6472134e-09 9.290712e-06 1.5246243e-06 5.622167e-07 1.15080674e-07 0.025590813
0.8499707 0.017461352 0.07634792 0.017397301 0.97871846 0.034326795 0.0027008045 0.95936686 0.025314858 1.0230156e-15 0.89715314 0.00061048253 0.19296642 0.917038 1.561172e-05 0.42240876 0.6296732 0.0034990895 0.0002071799 0.007793491 0.5635939 0.0025456795 0.00022488243 0.11448153 0.2828839 0.0032834217 0.0143424915 0.11189207 0.0005477897 2.2570477e-05 0.09501378 1.7378262e-06 3.2364864e-05 0.0077321515 0.011469337 0.004933383 0.0041910666 1.543908e-07 7.828743e-06 0.42521036 3.2175765e-06 0.018561652 1.0058744e-06 1.4280797e-06 0.0001169657 0.04563291 0.004548058 4.8648843e-07 0.002869048 0.00048462028 1.885395e-07 0.005381731 0.0030132052 0.00039975817 0.027670622 2.1236148e-05 1.1948376e-07 5.6230416e-05 0.00014829118 2.3458237e-05 6.893549e-07 0.037989497 4.7398853e-06 1.7015811e-06 4.748656e-05 1.6530379e-06 0.01650018 2.9897402e-07 1.79091e-05 2.070192e-05 3.9641745e-07 3.2151043e-08 1.0934752e-08 2.334846e-06 0.01129249 1.1309679e-05 0.0022191417 4.862285e-06 0.0052937237 3.741185e-08 0.013380719 3.1359366e-06 5.566512e-05 0.000356893 0.00010650121 1.4710234e-06 2.922559e-07 0.0012783547 7.251402e-05 7.5026676e-08 0.003748723 8.803801e-05 7.25245e-06 3.187729e-05 4.2530615e-08 1.5284267e-10 2.8356642e-06 2.5468142e-07 6.156289e-06 8.969281e-08 0.0008010527
0.94055104 0.0066643874 0.018958269 0.011182227 0.67793775 0.0119426865 0.0019566568 0.9478103 0.030492796 0.89715314 1.7996037e-15 0.0003232953 0.033460315 0.51468724 1.6011125e-05 0.9777244 0.87710637 0.009032946 0.000112671085 0.009918805 0.54652864 0.00052370346 0.0002841257 0.27922043 0.2848309 0.0009522862 0.07670968 0.27350056 0.00058126403 5.4252687e-06 0.15000415 7.8117426e-07 6.0909555e-05 0.0007234492 0.10292109 0.04331043 0.033373818 2.904232e-07 7.942978e-06 0.13945305 4.3203186e-06 0.09600057 2.9114603e-06 2.0031015e-07 8.915902e-06 0.05268407 0.0087114265 1.1621638e-06 0.009166925 0.0017596877 2.1440252e-07 0.024048038 0.006665267 0.0039576855 0.1293201 0.00022346864 1.429822e-07 0.00010200908 0.0004995567 0.00021438711 2.6533887e-06 0.008711472 1.7904669e-06 2.3817622e-06 0.00014541061 5.846369e-07 0.007861863 3.419141e-07 9.660825e-05 5.1860065e-05 3.8109993e-06 5.066305e-08 9.951364e-09 3.337573e-06 0.0029455144 4.477376e-05 0.008312953 9.037318e-06 0.028813781 7.180455e-08 0.09043379 4.3393356e-05 0.0001683614 4.7744394e-05 0.0004894825 3.0711526e-06 1.5515494e-07 0.00028864323 6.425406e-06 2.0713118e-07 0.019959085 2.8871218e-05 0.00012264565 0.00019805983 8.5728914e-08 2.7091904e-09 3.5795136e-05 2.833122e-05 5.3053904e-05 7.084845e-08 0.0047837812
0.9255188 0.759405 0.10015936 0.7831285 0.008748099 0.72585756 0.95066005 0.0009488943 0.2498628 0.00061048253 0.0003232953 1.7394855e-14 0.020682579 0.000490283 0.78550446 2.4684927e-05 8.343384e-05 0.26139304 0.9717729 0.44823965 4.8638824e-05 0.60366666 0.5006622 7.2808903e-06 4.4029308e-05 0.08479115 9.6013624e-05 4.916394e-07 0.39181316 0.37407997 9.067175e-05 0.0052389177 0.10732792 0.023713076 5.547486e-05 1.4130482e-05 1.19252445e-05 0.012606565 0.0051624593 0.0003124298 0.024357893 0.013376412 0.0012203266 0.101899065 0.1683843 3.9958586e-06 2.7306958e-06 0.08881507 1.8748227e-06 1.4466611e-05 3.286015e-05 0.07760345 0.2162563 1.1713083e-07 0.011830282 4.927298e-07 4.074536e-05 6.534429e-07 6.411343e-07 3.730584e-07 0.0016099795 3.7502944e-06 0.0001503351 0.0228101 1.3001983e-06 6.145054e-05 2.347452e-06 7.638379e-05 4.2306047e-07 4.7542247e-07 6.700201e-08 2.4878886e-05 4.97694e-06 6.854341e-05 3.0394353e-05 1.6030024e-05 0.013250545 7.523475e-06 0.0010168874 6.438573e-05 0.0032220632 2.3054533e-06 0.003384216 1.5366464e-06 9.3034476e-05 1.515545e-06 1.748343e-05 1.6224062e-06 8.092972e-07 2.9731438e-05 0.00026779994 3.8816347e-06 0.001919173 1.9363256e-06 9.200327e-06 7.482241e-07 5.1167575e-07 1.4730605e-08 2.1812195e-06 2.0961835e-07 0.0060826405
0.84254074 0.69854903 0.9043675 0.2841831 0.8269008 0.9325868 0.00672889 0.4242238 0.02742838 0.19296642 0.033460315 0.020682579 1.1681427e-14 0.84100926 0.00056508 0.002063283 0.03131219 0.0012302878 0.015017819 0.02774106 0.07012854 0.6605022 0.0076943017 0.00024146872 0.013990593 0.80703837 0.001085529 0.00073786295 0.004670423 0.00028820755 0.0040477663 9.288506e-06 7.603391e-05 0.97147834 0.00022477286 0.00013611818 0.00020434518 1.7392016e-05 2.4860627e-05 0.7219011 6.463353e-05 0.0017089188 7.720987e-06 0.0047159432 0.093023114 0.019069415 0.0007218145 7.8860714e-05 0.00074770174 8.298335e-05 1.8424561e-07 0.0014147904 0.006995694 1.3356659e-05 0.0059962925 2.0994614e-06 6.667587e-07 3.6122026e-06 5.683356e-06 1.8612176e-06 3.4820354e-05 0.05098478 8.565259e-06 0.00013993168 1.4664818e-05 1.4150621e-06 0.015634526 4.563958e-06 9.000994e-06 1.5244876e-06 1.6249852e-07 7.375748e-08 4.987626e-08 1.4790045e-05 0.03294497 3.652847e-05 0.00042464968 1.1100337e-05 0.0016206419 1.6114878e-05 0.0024122705 1.3228984e-06 0.00031351476 0.0008963009 2.7578522e-05 7.5613953e-06 1.8122998e-06 0.0006087016 0.0007067937 1.9489366e-06 6.688502e-05 8.58589e-05 2.2495995e-05 1.9377509e-05 3.8266376e-06 1.3658499e-08 9.843053e-06 2.8849406e-06 4.770123e-06 5.2511695e-08 0.00021726993
0.931571 0.038443245 0.17278528 0.021550545 0.9165798 0.08238909 0.0019066231 0.8336543 0.0056680115 0.917038 0.51468724 0.000490283 0.84100926 7.227774e-13 0.00020650782 0.08592331 0.6850066 0.0013650975 0.00041811613 0.010325111 0.9743692 0.007173667 0.00030315772 0.05732334 0.6959007 0.025326056 0.026433744 0.17287494 0.0013760678 2.0033996e-05 0.22769542 3.0308458e-06 7.444647e-05 0.16243316 0.0056626783 0.0010840066 0.0005788883 6.173739e-06 4.8032343e-05 0.8829305 1.104213e-05 0.0031975883 6.0996456e-07 6.8542727e-06 0.00043437764 0.29428118 0.026170919 3.791738e-06 0.004545799 0.0006339468 1.2737386e-08 0.0018972483 0.0040524374 0.00018409325 0.008803093 8.544252e-06 3.0827127e-07 1.5429734e-05 4.1135445e-05 7.719478e-06 1.00727175e-05 0.22083662 5.0179506e-06 1.1361992e-05 3.139954e-05 7.680423e-07 0.15015206 2.0173773e-06 1.2228131e-05 2.6822422e-06 3.0581424e-07 2.1342211e-07 4.2348162e-08 4.2960246e-06 0.07427785 2.4320192e-05 0.00076462864 7.08036e-06 0.0042385487 1.0828942e-06 0.0025672487 2.6112437e-07 0.0004171268 0.0038172395 4.349441e-05 7.199322e-07 6.9792065e-07 0.0059310845 0.000999068 6.50798e-07 0.0003309043 0.00041917755 2.4944196e-05 4.9114453e-05 6.970081e-07 1.952753e-09 2.6904404e-06 2.2695818e-07 1.951331e-05 3.762704e-08 0.00037773536
0.83752537 0.012434107 0.0010443532 0.06492757 0.00046642424 0.010419761 0.8470704 3.6318383e-05 0.055118103 1.561172e-05 1.6011125e-05 0.78550446 0.00056508 0.00020650782 5.620418e-15 3.0111137e-06 5.734739e-07 0.3188044 0.7839203 0.23627011 1.416197e-05 0.123235136 0.780276 6.073133e-08 2.8099312e-06 0.0046284394 4.269533e-06 7.727654e-08 0.9039413 0.906199 1.321984e-06 0.8442393 0.3051613 0.0003250501 2.2685206e-06 2.21593e-06 2.1968706e-06 0.042956565 0.20020907 0.00010716265 0.45417374 0.018045384 0.21013525 0.08263243 0.037791602 5.539677e-07 1.8584409e-07 0.53046775 2.6588143e-06 9.521639e-07 0.11688954 0.16704667 0.34618354 3.8955555e-08 0.011145767 1.1665984e-07 0.004932021 1.8070438e-07 8.547809e-07 1.8738842e-08 0.025887439 1.6602421e-06 0.0006716042 0.1016646 5.6822234e-08 0.0026389915 3.502433e-08 0.0030856382 1.214852e-07 2.4972103e-08 1.1379173e-08 0.00029544678 0.00093956257 0.00018409852 8.625163e-06 3.430105e-07 0.0395694 6.182444e-07 0.0001658954 0.00029211448 0.0013181407 2.3197016e-07 0.006713166 7.10509e-08 7.823086e-06 1.681147e-07 9.901543e-05 2.5044906e-07 2.4364283e-08 0.0002379712 7.785816e-05 2.3374338e-07 0.017674124 1.2931522e-06 2.624939e-05 6.724494e-06 7.18487e-07 1.1880638e-08 8.5443396e-08 4.661881e-06 0.015867025
0.991248 0.00235938 0.0033035628 0.003482509 0.22901645 0.0008945376 0.0008162131 0.5674205 0.031801328 0.42240876 0.9777244 2.4684927e-05 0.002063283 0.08592331 3.0111137e-06 1.0456385e-16 0.9256715 0.010213777 6.552423e-06 0.016292473 0.13034855 5.580374e-05 0.000106763175 0.3350481 0.08945694 0.000302906 0.3848185 0.15925851 0.00079080404 2.9872038e-07 0.05288141 5.4241667e-08 5.8983678e-05 0.00013399559 0.36349943 0.1996047 0.1745933 2.3768663e-07 9.971809e-07 0.007873871 1.1453317e-06 0.46841806 2.8338354e-07 8.3100026e-08 2.1560215e-06 0.0072534117 0.004181933 3.0293214e-07 0.004639924 0.009444389 5.3790794e-09 0.10396153 0.020262726 0.0042898017 0.4103523 0.0009065001 7.711325e-08 0.00018487142 0.0010894638 0.00046479836 4.444022e-06 0.0010597878 4.867725e-07 2.022887e-06 0.00029838114 6.5084414e-08 0.0018648175 9.2640846e-07 7.247655e-05 7.7411634e-05 6.972664e-06 2.0861592e-08 1.716581e-08 2.0977561e-06 9.613613e-05 9.017031e-05 0.043605763 1.9793475e-05 0.106664725 3.478839e-07 0.5032335 5.516854e-05 0.0004284274 1.740592e-05 0.0014306753 2.4748722e-06 2.9740767e-07 0.0001640418 1.5240239e-06 8.5079745e-07 0.061032996 5.6089346e-05 0.00089745474 0.00013749095 2.3402228e-08 2.0999e-08 1.91519e-05 0.00011157645 0.0001318157 4.95312e-07 0.012057454
0.97413665 0.0004322468 0.0012181174 0.00032117704 0.2687756 0.0010214717 0.000149048 0.59216404 0.001951135 0.6296732 0.87710637 8.343384e-05 0.03131219 0.6850066 5.734739e-07 0.9256715 3.8512848e-13 0.0010046877 8.583936e-06 0.0010153714 0.8293502 0.00054233166 2.0522863e-05 0.9148656 0.6302539 0.00057267904 0.369047 0.89680547 3.33774e-05 3.9091043e-07 0.57989675 1.7178559e-07 1.11524e-06 0.00087735907 0.45131606 0.19500695 0.119807065 6.0521344e-08 4.789128e-07 0.45396858 1.3889131e-06 0.033901334 4.0511446e-07 5.690387e-07 5.1332754e-06 0.59624076 0.36217177 1.3753184e-06 0.38136134 0.017230729 2.2271054e-08 0.0073282365 0.0021646046 0.15924172 0.062386822 0.0021329476 9.3568126e-08 0.0005784071 0.016819617 0.034301817 3.6905183e-06 0.1182488 1.7528706e-07 1.4606286e-06 0.00045580117 1.1733051e-07 0.08270566 2.7638976e-07 0.0002362238 0.0004038094 8.249956e-05 1.9300147e-08 3.2704577e-09 5.1247764e-07 0.02894016 0.004552341 0.0040942025 0.0003571233 0.04227632 8.3613884e-08 0.12489898 0.00020738805 3.5252353e-05 0.000115320996 0.001391969 2.8217375e-05 2.5414064e-07 0.001558423 2.1395543e-05 2.4646087e-07 0.024536628 0.00010431806 5.252793e-06 0.006494139 2.4263522e-07 1.0610096e-08 0.00033084274 0.00035512153 0.016949248 1.1431481e-06 0.0017248658
0.9273919 0.13036701 0.018372113 0.3440464 0.013746826 0.025069166 0.936829 0.005477288 0.8381796 0.0034990895 0.009032946 0.26139304 0.0012302878 0.0013650975 0.3188044 0.010213777 0.0010046877 2.8971964e-15 0.15474907 0.9879329 0.00021072447 0.050020482 0.036201775 6.0454637e-05 0.00015422725 0.0006311418 0.0014006271 9.486576e-06 0.33879042 0.029808354 3.19525e-05 0.07859396 0.113528326 4.4413417e-05 0.0005868566 0.0019178292 0.0031532752 0.0059026647 0.094312124 0.00025082755 0.0030556004 0.71827215 0.006191644 0.0030415694 0.0024435923 1.871624e-07 1.4215011e-07 0.009663074 4.9368555e-07 0.00016121758 0.008053046 0.72538227 0.49257007 5.3081767e-06 0.11485887 2.7480228e-05 7.453257e-05 0.00026141258 2.0883279e-05 4.8999175e-07 2.7154509e-05 1.8473913e-05 0.0027522773 0.0006302032 5.8303172e-05 0.004443709 1.1280794e-06 1.5795942e-05 0.0001442767 1.1085114e-07 2.6390842e-08 9.158678e-05 0.0009210516 0.0027329 6.285592e-05 1.1100116e-07 0.20256269 8.246907e-08 0.0063395356 0.0005516797 0.07564706 4.462439e-07 0.002594489 1.7323541e-06 0.00072761945 2.1928463e-07 0.00035435715 2.9192174e-06 1.1684639e-06 3.991698e-05 0.0068026064 1.7129228e-06 0.06538266 3.833517e-07 7.520731e-05 3.3332086e-08 1.9154932e-05 2.5310965e-06 1.4153315e-07 9.648763e-07 0.0627525
0.6799241 0.32197085 0.03989961 0.36109918 0.0015416776 0.31186372 0.67879707 0.00030147083 0.093467124 0.0002071799 0.000112671085 0.9717729 0.015017819 0.00041811613 0.7839203 6.552423e-06 8.583936e-06 0.15474907 1.1259778e-16 0.2956788 1.8584711e-05 0.4664396 0.99402976 7.618157e-08 4.5881084e-06 0.023038864 5.82291e-05 1.241037e-07 0.34174606 0.21444161 5.526161e-06 0.077824034 0.13924181 0.0070596 1.0643314e-05 2.545224e-05 1.1450975e-05 0.020382622 0.009979398 5.3358555e-05 0.02705552 0.0030080655 0.007219007 0.20012604 0.12073149 6.072027e-06 1.7206899e-06 0.16203737 1.1527272e-06 3.3492431e-06 0.00018916401 0.02632413 0.1021069 1.1082936e-07 0.007460593 4.8253757e-08 8.475953e-05 6.9391933e-07 1.2065522e-06 7.6364256e-07 0.009385802 5.3164973e-07 0.00040803282 0.096117295 3.0328567e-07 0.00026712683 3.230803e-07 0.0001471693 3.1143932e-07 4.2436807e-07 5.8047234e-09 1.1654742e-05 3.2845302e-05 0.00015033122 3.361178e-06 2.221642e-07 0.0032735276 2.9721087e-07 0.0007331962 1.5187678e-05 0.0021824557 4.9409365e-08 0.002903442 5.097752e-07 1.84581e-05 1.0938111e-06 7.776485e-06 4.537824e-07 1.02150075e-07 6.1567036e-05 0.00014598323 4.2366128e-07 0.0012347343 8.569981e-08 2.8102097e-06 6.6108086e-08 4.5484128e-07 1.1028836e-09 7.987294e-08 1.0454358e-07 0.0038424665
0.97981477 0.31866416 0.07794379 0.46110156 0.045257043 0.05978706 0.6736669 0.014014469 0.49640313 0.007793491 0.009918805 0.44823965 0.02774106 0.010325111 0.23627011 0.016292473 0.0010153714 0.9879329 0.2956788 1.1639665e-13 0.0006168572 0.18441284 0.09330848 0.00023773688 0.00018826543 0.005324985 0.0019736956 5.756808e-06 0.25056437 0.040621538 7.6634344e-05 0.073499374 0.06840672 0.0007937519 0.0006571216 0.0020989452 0.0013928534 0.009613338 0.027085995 0.010804822 0.0038245672 0.6814059 0.0063573653 0.0025484692 0.0044468334 2.3877263e-05 1.1263229e-06 0.022937477 2.6346436e-06 3.7844282e-05 0.00822165 0.8390018 0.68536633 5.6249482e-06 0.25652647 1.39367985e-05 0.00010498094 2.8216973e-05 4.3431275e-05 1.4645146e-06 6.0086717e-05 8.394507e-06 0.00082267047 0.0010280964 5.1415946e-06 0.0017685252 2.2870192e-06 3.1193125e-05 8.819822e-06 7.140709e-07 2.624507e-08 0.000100545156 0.0005253249 0.00068924256 0.0001285764 3.5466275e-07 0.3364194 1.0520609e-07 0.008167383 0.000111378075 0.11559883 3.8323165e-06 0.003553672 6.490371e-07 0.00033324398 8.3821914e-07 8.308273e-05 7.5373136e-06 8.937248e-07 7.502678e-05 0.013110642 3.313244e-07 0.0438635 3.168557e-06 1.4496926e-05 5.0245777e-08 2.7504271e-05 2.8144395e-06 6.4239714e-08 1.4281375e-07 0.079933554
0.865158 0.0012769633 0.0045752455 0.0012821134 0.27222535 0.0006104828 0.00016162275 0.6481153 0.0010465233 0.5635939 0.54652864 4.8638824e-05 0.07012854 0.9743692 1.416197e-05 0.13034855 0.8293502 0.00021072447 1.8584711e-05 0.0006168572 4.312048e-14 0.00027839674 3.0473793e-05 0.36082017 0.9792373 0.0007225798 0.12289022 0.8729806 0.0001221703 2.336256e-06 0.52363056 6.592554e-07 3.702084e-06 0.0045471713 0.009969667 0.0026287695 0.0012849942 5.028348e-07 1.7374981e-06 0.84279084 4.182898e-06 0.0023971691 2.22979e-06 1.2761085e-06 1.998623e-05 0.7286027 0.162182 2.3959402e-07 0.08891882 0.000821198 1.2924723e-07 0.00087523554 0.00066459214 0.0016771773 0.002711507 4.1117324e-05 8.7617536e-07 3.9904302e-05 7.619454e-05 0.00033446788 8.818301e-06 0.21914107 4.3571836e-07 7.4385252e-06 8.3794584e-05 3.4755692e-07 0.16319352 2.8551533e-06 4.4390174e-05 1.3339742e-05 4.519829e-06 1.313135e-07 1.8996244e-07 1.1141939e-06 0.07395193 0.00013385816 0.00031203375 5.662633e-05 0.0024782699 9.3796535e-07 0.0028425267 1.6956596e-05 0.00015380437 0.00062490546 7.14652e-05 2.6718287e-06 4.524366e-06 0.0039730296 0.00012347655 2.6164803e-06 0.0004369043 0.00030663592 1.3356226e-05 0.0018952817 5.0768977e-06 1.7308487e-09 1.06742245e-05 1.2189987e-07 0.0021957103 1.9365056e-07 0.00027101513
0.6582811 0.8390214 0.6139481 0.6015273 0.031033007 0.77355725 0.2488215 0.0064879796 0.0962806 0.0025456795 0.00052370346 0.60366666 0.6605022 0.007173667 0.123235136 5.580374e-05 0.00054233166 0.050020482 0.4664396 0.18441284 0.00027839674 6.7926134e-16 0.46767977 6.0425896e-06 1.9645453e-05 0.8553244 8.5626176e-05 5.098387e-06 0.027217912 0.008528671 1.3322843e-05 0.00016987097 0.006651247 0.5734564 5.040724e-06 3.641115e-05 9.7662205e-06 0.0008708926 0.00019449242 0.0113046495 0.00017082981 0.0015352229 6.7766574e-05 0.8925192 0.97279596 0.000104238 5.7380894e-06 0.0060568466 5.470318e-06 1.5145041e-05 3.23385e-06 0.0048017143 0.008664667 3.2928174e-08 0.0029387132 8.4883645e-08 2.8631341e-06 1.3216115e-07 7.752588e-08 8.3052655e-08 0.0009409206 0.0005918893 2.0736758e-05 0.059873205 4.464477e-07 9.900311e-06 7.243985e-05 4.9482293e-05 3.5584245e-07 2.0560579e-08 1.5205888e-08 2.8925703e-07 9.4419113e-07 5.6331237e-06 0.004064339 1.1497584e-06 0.0018702379 5.1772844e-07 0.0007840486 9.54065e-06 0.002510013 3.5900754e-08 0.0006390932 0.00011491305 2.5696942e-05 8.5802895e-07 9.894718e-07 4.586328e-06 0.0005219974 8.360448e-06 9.448208e-05 3.4404056e-05 0.00018783555 1.191111e-06 3.1221057e-06 8.1860816e-07 8.88559e-06 1.00313455e-08 4.3825235e-06 1.3888528e-07 0.0033336857
0.28591433 0.04525052 0.0104893595 0.07606452 0.00094437675 0.1987897 0.27072623 0.00042413833 0.02399184 0.00022488243 0.0002841257 0.5006622 0.0076943017 0.00030315772 0.780276 0.000106763175 2.0522863e-05 0.036201775 0.99402976 0.09330848 3.0473793e-05 0.46767977 4.0639247e-15 6.893681e-07 4.505743e-06 0.014207099 5.6675224e-05 8.4772296e-07 0.31776625 0.9518052 4.58231e-06 0.33304536 0.063421234 0.0057092207 4.1842926e-05 6.279211e-05 3.0774372e-05 0.020750336 0.06222611 2.0137453e-05 0.354967 0.00045574363 0.042494718 0.5722552 0.20880632 2.2452616e-05 2.1887272e-06 0.7915681 1.8234698e-06 3.371932e-05 0.0022767687 0.004393595 0.034933083 2.099805e-07 0.0013853619 1.0297674e-06 0.0013318462 1.3065082e-05 5.0959516e-06 4.9091454e-07 0.25625682 2.5946088e-06 0.0009150273 0.7016425 1.357983e-06 0.0013082863 8.206554e-07 0.0030406734 2.0201687e-06 2.6387383e-07 3.4915786e-09 0.00015354557 0.00018523814 0.00059145514 9.680829e-07 1.2513786e-06 0.0007156088 4.676417e-07 0.00039800716 0.00023379456 0.0012634301 2.3477023e-08 0.0011082944 3.0088097e-07 1.35071205e-05 2.97273e-07 4.6618075e-05 1.1075589e-06 3.196231e-07 0.0009607253 6.995053e-05 3.4782865e-06 0.00030663182 3.7561144e-08 2.9731667e-05 4.1935843e-07 4.4263584e-06 6.1402434e-09 2.629534e-07 9.0321953e-07 0.0014800155
0.7649988 7.118665e-05 4.1317442e-05 8.838502e-05 0.003686925 1.21564835e-05 1.5490805e-05 0.111607246 0.00018176172 0.11448153 0.27922043 7.2808903e-06 0.00024146872 0.05732334 6.073133e-08 0.3350481 0.9148656 6.0454637e-05 7.618157e-08 0.00023773688 0.36082017 6.0425896e-06 6.893681e-07 6.920559e-14 0.36618868 4.7066453e-05 0.8994647 0.9680789 1.7767113e-06 1.1011023e-07 0.5006184 1.644738e-08 7.675901e-08 2.1459136e-05 0.8997923 0.22348017 0.22600129 8.836285e-09 1.4051706e-07 0.0044631585 2.2113457e-07 0.0043262686 3.062641e-08 1.4023051e-08 3.0128714e-08 0.32800615 0.3602828 5.075271e-08 0.59414 0.13041164 7.04123e-10 0.0017310263 0.00015054185 0.7637815 0.009842345 0.03604592 1.1006818e-08 0.01032804 0.38838488 0.41615736 1.4611929e-06 0.011174583 1.2005967e-07 6.129507e-07 0.019101102 3.268595e-08 0.009357157 9.979557e-08 0.0013104192 0.019904934 0.0030157163 3.261427e-08 4.788159e-09 1.2701052e-07 0.0017806154 0.027088147 0.00024709458 0.0017877363 0.014628133 7.2899155e-08 0.05701179 0.00038109228 2.4660784e-07 2.531076e-05 0.0028815956 3.8958253e-05 1.4092073e-07 0.0014044119 2.0965855e-07 1.05376925e-08 0.009758168 0.000579497 2.0127968e-07 0.018358685 3.728336e-07 2.6060729e-10 6.573118e-05 0.00030981994 0.021899967 2.2960567e-09 4.086023e-05
0.10873824 0.00045543624 0.0007998874 0.0003278764 0.05041435 0.00045723337 0.0001570419 0.18929267 0.0009306874 0.2828839 0.2848309 4.4029308e-05 0.013990593 0.6959007 2.8099312e-06 0.08945694 0.6302539 0.00015422725 4.5881084e-06 0.00018826543 0.9792373 1.9645453e-05 4.505743e-06 0.36618868 1.6770685e-16 8.479228e-05 0.021789068 0.9258445 6.629766e-05 1.6755375e-06 0.9846436 2.7131776e-07 4.0651566e-06 0.003835026 0.024639945 0.0014360693 0.0024269694 2.2215913e-07 7.290781e-07 0.055707358 1.4563724e-06 0.000564149 4.9534185e-07 1.18064925e-07 4.787169e-07 0.6344705 0.2044526 6.3988637e-07 0.044513356 0.0003444777 1.742619e-08 0.0005770988 8.7744724e-05 0.011111332 0.00067883095 9.049103e-05 7.3705544e-09 0.00011977474 0.00029021464 0.00044979982 2.5077436e-05 0.014707853 1.1625473e-06 2.41216e-06 0.00026588122 4.431809e-07 0.01260445 8.9089616e-07 0.00020274722 9.400802e-06 1.9291867e-06 1.2413176e-07 2.3986863e-07 5.087677e-06 0.0025526653 0.0001579571 0.00010261158 1.0190916e-05 0.0004570156 1.2669386e-06 0.0011322021 5.903359e-07 4.2848198e-05 0.00021343729 6.965244e-05 1.8497387e-06 2.0135408e-06 0.0011355153 3.0708907e-05 4.1746705e-07 0.00020915299 0.00031832437 1.1101989e-05 0.0003854646 5.273824e-08 6.5377165e-08 6.960721e-07 1.33364e-08 0.00030490465 1.2558469e-07 0.00010692927
0.07422241 0.2909735 0.28079638 0.09954959 0.04595996 0.44652277 0.00896466 0.003995331 0.008573367 0.0032834217 0.0009522862 0.08479115 0.80703837 0.025326056 0.0046284394 0.000302906 0.00057267904 0.0006311418 0.023038864 0.005324985 0.0007225798 0.8553244 0.014207099 4.7066453e-05 8.479228e-05 4.853534e-17 0.00013789251 8.1565944e-05 0.0018716252 0.00043202753 5.3602605e-05 5.532497e-05 0.0002496318 0.9960956 1.9054269e-05 6.974676e-05 4.471986e-05 0.00011168142 4.8971662e-05 0.10832064 3.470353e-05 6.438892e-05 3.320013e-05 0.02479234 0.906669 0.0010117866 3.2150387e-05 0.00024438498 0.0003513865 1.0825107e-05 1.003635e-06 0.00018827459 0.00036338114 6.863888e-06 0.00016556066 1.9614836e-06 6.492878e-07 1.258235e-05 4.247552e-05 3.1700229e-06 5.376885e-05 0.004050299 7.3803116e-05 0.00093357655 1.2364046e-06 1.8526545e-05 0.00077405403 5.537826e-06 5.6395315e-06 1.5953212e-06 1.9081362e-07 1.6378269e-07 1.3538387e-06 1.3677876e-05 0.002575229 3.2123585e-06 9.128246e-05 1.2734802e-06 0.0005906136 3.7024158e-06 0.00029329804 2.581729e-08 0.0001015332 2.9331104e-05 3.3276207e-05 5.3006743e-06 6.1068486e-06 1.5744492e-05 0.0003362594 1.6675384e-06 4.7218205e-06 1.9065648e-05 1.7156473e-05 1.8809116e-06 2.5844931e-06 1.0351202e-07 1.2715493e-06 1.6430107e-08 4.277191e-06 2.0025771e-08 0.00020669797
0.99488616 0.00023047435 0.00036629612 0.00035242602 0.00392669 0.00015263307 0.0001488507 0.032741975 0.00285458 0.0143424915 0.07670968 9.6013624e-05 0.001085529 0.026433744 4.269533e-06 0.3848185 0.369047 0.0014006271 5.82291e-05 0.0019736956 0.12289022 8.5626176e-05 5.6675224e-05 0.8994647 0.021789068 0.00013789251 8.955762e-11 0.516239 0.00022645433 7.92547e-06 0.09489491 1.6640022e-06 1.15928515e-05 0.0002713878 0.95810646 0.61291933 0.8168387 8.005402e-07 2.209435e-06 0.057310358 1.7572793e-05 0.09969966 1.1926796e-06 3.2498403e-06 9.9760755e-06 0.6598218 0.51353574 6.704746e-06 0.76356906 0.045118533 1.6900715e-07 0.019338232 0.0029635066 0.5646203 0.11216492 0.012565504 1.740382e-06 0.0051358268 0.03195347 0.16947295 8.357148e-06 0.021649867 1.4749091e-06 9.2314485e-06 0.0033195587 1.2422717e-06 0.005830323 4.237281e-06 0.0010500463 0.0011405674 0.0034894443 7.642072e-07 6.439785e-08 8.628244e-07 0.001538748 0.03998793 0.011310419 0.0019584855 0.11753118 2.0869442e-07 0.2566905 0.00017369662 0.00020640307 1.849521e-05 0.0006105151 0.00010966282 1.4757828e-06 0.00064312946 3.6530816e-06 3.70303e-06 0.047052734 0.00017782013 0.00011941365 0.07336292 9.668402e-07 1.1237938e-08 0.0001447534 0.00026927073 0.45545655 2.7399876e-06 0.0024565475
0.71273726 6.74309e-05 1.241526e-05 3.6586447e-05 0.004738166 8.545336e-06 7.021275e-06 0.15469301 3.0349778e-05 0.11189207 0.27350056 4.916394e-07 0.00073786295 0.17287494 7.727654e-08 0.15925851 0.89680547 9.486576e-06 1.241037e-07 5.756808e-06 0.8729806 5.098387e-06 8.4772296e-07 0.9680789 0.9258445 8.1565944e-05 0.516239 2.0195087e-15 5.359905e-06 1.169519e-07 0.9426872 4.046395e-09 3.923887e-07 0.0004565878 0.32777974 0.03602899 0.04647438 2.0422535e-08 1.9255106e-08 0.03286963 2.0612323e-07 0.0008965938 4.8512145e-08 8.0576e-09 5.8238456e-08 0.47791275 0.60458016 1.1822143e-07 0.7724398 0.04084311 1.3324806e-08 0.0004342155 0.00016227036 0.63825107 0.0023324848 0.0039039021 1.4942243e-08 0.00027724472 0.016376093 0.11601926 5.1636184e-06 0.021354195 2.8505765e-08 2.566563e-06 0.001237693 4.0308908e-08 0.012298139 2.5556852e-07 0.00016716385 0.00071259873 5.693471e-05 2.7495995e-08 6.767085e-09 3.743985e-07 0.00561195 0.018254431 9.2676106e-05 0.0002831349 0.006076588 4.4914498e-07 0.01890938 3.3575372e-05 2.1180003e-05 8.109916e-05 0.0002507453 1.0126801e-05 4.342939e-08 0.0021976472 2.7764315e-06 5.640747e-08 0.0015359316 0.00041523564 1.3691547e-06 0.016315944 5.782768e-08 1.7099374e-08 3.0179459e-05 8.7960797e-07 0.011147181 3.40403e-08 3.6622438e-05
0.97668785 0.03459976 0.004852497 0.05402377 0.0042155944 0.010178787 0.39847356 0.0006385382 0.05570823 0.0005477897 0.00058126403 0.39181316 0.004670423 0.0013760678 0.9039413 0.00079080404 3.33774e-05 0.33879042 0.34174606 0.25056437 0.0001221703 0.027217912 0.31776625 1.7767113e-06 6.629766e-05 0.0018716252 0.00022645433 5.359905e-06 1.2325076e-12 0.50585324 1.9917372e-05 0.79611987 0.95696384 0.0008143009 1.9987889e-05 9.217045e-05 0.00018458144 0.2441022 0.19614494 0.0012789541 0.08624611 0.07681889 0.10338083 0.0033729454 0.0025819782 6.7534215e-06 4.3976354e-07 0.30834755 2.3708162e-06 5.8918886e-06 0.13915642 0.6168986 0.84763503 6.411025e-07 0.019555733 6.0914834e-07 0.0046723764 9.682008e-06 1.2943138e-05 3.4158725e-07 0.00724797 0.00011374565 0.012632049 0.019475006 2.1872927e-07 0.045153618 1.658512e-05 0.0017798089 2.3955974e-07 1.1843098e-07 6.286002e-08 0.0022504632 0.019444486 0.005962705 0.0005210917 1.5380115e-06 0.22649956 2.4432728e-07 0.00087792735 0.0025839133 0.009312562 8.8678625e-08 0.0045713177 9.226898e-06 1.1430659e-05 1.0602556e-07 0.0008233078 2.2827082e-05 2.628337e-06 0.00012422325 0.0006318724 1.19301e-05 0.042026423 0.000114498456 0.00028607162 0.00036207098 2.0970583e-06 3.7942414e-08 4.0789604e-05 0.00032936817 0.08128198
0.713391 0.0031336262 0.00018993412 0.006421076 0.00019800545 0.0015958975 0.2160669 2.842025e-05 0.0035743234 2.2570477e-05 5.4252687e-06 0.37407997 0.00028820755 2.0033996e-05 0.906199 2.9872038e-07 3.9091043e-07 0.029808354 0.21444161 0.040621538 2.336256e-06 0.008528671 0.9518052 1.1011023e-07 1.6755375e-06 0.00043202753 7.92547e-06 1.169519e-07 0.50585324 1.0997094e-17 2.7225826e-06 0.8087502 0.23531857 0.0003203465 1.0169305e-05 8.119593e-06 5.97903e-06 0.10542514 0.20700464 3.052813e-05 0.96172714 0.0010047246 0.40524092 0.018264828 0.0049113994 1.4806294e-06 4.0966708e-07 0.9482908 1.0553163e-06 1.208027e-06 0.022854883 0.0085732695 0.09585928 1.857451e-08 0.0012109218 4.8978595e-08 0.03499269 1.2960083e-07 9.65797e-07 1.1789323e-07 0.48091787 1.2934715e-06 0.0032697632 0.38353488 2.1276568e-07 0.007356487 8.3122745e-07 0.04663262 1.11000304e-07 3.9342478e-07 1.283839e-08 0.0011802604 0.00074687856 0.0014769769 7.34877e-05 7.660665e-07 0.0025477866 3.828223e-07 7.704559e-05 0.00035466344 0.0008578381 2.0605178e-08 0.0069447584 2.3658212e-07 3.1510986e-05 1.061028e-06 7.973393e-05 2.163752e-06 4.6579947e-07 0.0010780386 9.340742e-05 1.8386481e-06 0.0026211082 7.5818696e-07 0.000103375445 1.9887332e-06 2.6357378e-07 1.2518237e-08 9.186663e-07 1.3555344e-05 0.0028383683
0.13527502 0.0002792415 0.0004291911 0.00025226575 0.014343619 0.00025457254 0.0001622725 0.09422502 0.00052933 0.09501378 0.15000415 9.067175e-05 0.0040477663 0.22769542 1.321984e-06 0.05288141 0.57989675 3.19525e-05 5.526161e-06 7.6634344e-05 0.52363056 1.3322843e-05 4.58231e-06 0.5006184 0.9846436 5.3602605e-05 0.09489491 0.9426872 1.9917372e-05 2.7225826e-06 2.0850685e-16 2.5815237e-07 7.2428935e-07 0.0017948633 0.04437767 0.0031152146 0.005013075 3.0327294e-07 7.6844736e-07 0.02399547 1.5448205e-06 0.00018815683 1.8675945e-07 3.8001655e-08 2.7495537e-07 0.960819 0.76335084 6.6167604e-07 0.4415492 0.0016991957 2.4167305e-08 0.00015787019 1.9229297e-05 0.114591725 0.00036539877 0.00051309797 1.9509967e-08 0.0003924331 0.0018852326 0.0031731448 2.542204e-05 0.013638899 6.2773006e-07 4.674453e-06 0.0005438518 7.7765316e-07 0.016469955 1.2178722e-06 0.00040420314 9.149146e-05 1.615065e-05 2.732338e-07 7.1800207e-07 2.8887316e-06 0.0038793439 0.0014938954 2.650153e-05 5.072085e-05 0.00070277933 4.3659475e-07 0.0012250355 9.3571525e-06 3.3650285e-05 0.00034891957 0.00011595788 8.536034e-06 1.598361e-06 0.0057740104 4.5699227e-05 4.4688312e-07 0.00019720642 0.00089978153 1.4882655e-06 0.003431202 1.4117113e-08 1.03922105e-07 1.9012003e-06 8.608431e-08 0.00093506585 2.0625579e-07 4.369184e-05
