9.834687e-22 0.8287014 0.9573198 0.64072603 0.5436362 0.97721285 0.9874808 0.06317841 0.8487925 0.3375123 0.014390011 0.5829366 0.9314472 0.01856218 0.00873669 0.9550298 0.13546292 0.9064471 0.91241455 0.0015978848 0.00033942037 0.91109455 0.94752103 0.8796532 0.9748608 0.89951175 0.31697774 0.10605585 0.6919507 0.9601224 0.93799603 0.9476501 0.91620374 0.97738934 0.9899233 0.81198204 0.3518325 0.307485 0.9388851 0.063003875 0.1039083 0.89507127 0.44466445 0.85441077 0.13299394 0.7773173 0.8713674 0.75428647 0.974646 0.96826386 0.9221566 0.9600639 0.0029893473 0.96368295 0.93197024 0.004232883 0.04265681 0.9819847 0.96171355 0.9400405 0.9929463 0.9248092 0.9163981 0.8658743 0.7965153 0.5919614 0.9054751 3.207078e-06 1.0092467e-05 0.13578627 0.537854 0.3186495 0.9986162 0.8706908 0.995814 0.09897645 0.9974915 0.9912782 0.48078367 0.98322153 4.0063158e-05 0.14218082 0.001541455 0.9989261 0.00079822686 0.9965363 1.1896823e-05 0.99757576 0.02521633 0.99700004 0.05454544 0.9999477 0.0015740949 0.99752176 0.088460624 0.97160727 0.9908696 0.0014735861 0.17880811 0.99643457 0.008658596
0.8287014 8.93491e-19 0.91133547 0.9230255 0.5847366 0.9020811 0.88053423 0.7091408 0.22824083 0.26625022 0.12135252 0.2535655 0.47328112 0.11591647 0.23358415 0.35470232 0.14236872 0.113665946 0.06756999 0.032149155 0.031877626 0.10059449 0.041270286 0.017532345 0.028407212 0.111311086 0.023111805 0.0224844 0.0023090788 0.0042677545 0.0021685748 0.0013290277 0.000618922 0.023640607 0.023563592 0.00022844101 0.0010277812 0.00012971046 0.008407895 0.0015489579 0.0004402144 3.6173893e-05 1.2543352e-05 4.656602e-06 1.7968105e-05 0.000102516504 0.0009021977 0.00010211751 0.00057940086 0.000471103 3.403571e-05 0.0012245474 0.0035563249 0.00015263962 0.00095115067 4.988059e-06 8.2923536e-05 0.0011642118 0.0042238226 9.384919e-06 0.00028392067 1.14053855e-05 2.774812e-06 0.00017668183 1.1978165e-05 2.523947e-06 4.590553e-05 1.15866405e-05 3.9662813e-05 7.199641e-08 4.4945781e-07 1.750641e-08 0.00062252354 1.5560594e-06 0.008293363 1.8200126e-06 0.005283707 0.0030575495 2.0649934e-06 0.0012959065 5.477956e-06 3.8998655e-07 5.800789e-07 0.0011059361 3.5612626e-07 5.4999937e-06 6.395087e-07 0.00013931171 3.7865468e-07 0.0029838756 5.3615076e-07 0.00043786614 4.9530495e-09 0.0009204773 2.55369e-07 0.0033730257 0.0014663694 6.5969786e-08 5.87642e-07 2.8535633e-06 9.938011e-09
0.9573198 0.91133547 2.767331e-15 0.6329763 0.9096396 0.5325302 0.7241711 0.7207581 0.5762472 0.55685675 0.22823438 0.056256037 0.5479282 0.3300279 0.08765604 0.8045965 0.043580208 0.024997536 0.010570469 0.054411627 0.012783663 0.04032226 0.15859503 0.13190399 0.0022003744 0.10362834 0.5639147 0.004200235 0.006012389 0.016668724 0.010890452 0.00011480055 0.00011704525 0.06878791 0.07668039 1.7885444e-05 8.683195e-05 0.00057907304 0.0044622025 0.00010126573 6.508992e-05 0.00027951007 0.0001290507 8.447805e-05 6.0455557e-07 0.0043028905 0.00021859676 9.798668e-06 0.00033338257 1.6214588e-05 1.0799704e-06 0.0025373334 0.12753563 0.0017569434 6.899022e-05 1.6743516e-05 0.015814498 8.4850515e-05 0.0033245662 7.186885e-05 1.4372113e-05 7.2253556e-07 1.7476445e-05 0.0007232968 0.00012924582 1.972425e-06 0.00014595927 4.9563623e-05 0.00012582346 1.1278197e-05 2.773591e-05 8.35249e-09 0.003818594 1.5789736e-07 0.038407333 0.00031537912 0.0018915078 0.0030053374 1.560081e-07 0.0020642248 3.1906002e-05 1.3206679e-05 1.9550715e-05 0.0012209803 2.076865e-06 2.0705042e-05 2.8660805e-05 0.00017271149 3.6872342e-07 0.001003785 1.697431e-05 0.00043602058 2.7954186e-09 0.0002660278 1.1186162e-05 0.0020835737 0.001245746 1.844097e-08 6.6211277e-07 1.820878e-05 2.6758252e-07
0.64072603 0.9230255 0.6329763 3.3312836e-15 0.42824954 0.79214674 0.7715075 0.94606924 0.06529578 0.047852673 0.417648 0.6871841 0.02681271 0.26797017 0.635784 0.061638568 0.79903376 0.08016538 0.28220016 0.34985998 0.43159327 0.05601481 0.004270484 0.0052872556 0.079304054 0.027394917 0.018557223 0.08627167 0.0007354631 0.00078050897 0.0029090988 0.0047055297 0.0026139875 0.013564661 0.0030155438 0.0012233708 0.005656267 9.5312695e-05 0.0042904094 0.0037634799 0.0011065865 4.4685963e-05 8.092296e-06 2.093288e-06 0.00027264596 4.7847454e-05 0.00160177 0.00059698627 0.00042043749 0.001213928 0.00030101003 0.00014863594 0.013910833 5.2377785e-05 0.0010018842 5.02938e-05 0.00015279095 0.00079930405 0.0010413368 8.25487e-06 0.0006428165 7.900216e-05 3.4643394e-06 1.4506871e-05 0.0001022991 7.669104e-06 2.7122465e-05 4.8261763e-06 1.0379928e-05 4.784339e-07 2.670454e-07 2.868543e-08 4.9966508e-05 3.3354443e-06 0.0011311295 2.6408105e-05 0.0010614917 0.00017939691 4.0240584e-06 0.00010247487 6.17009e-06 1.2103322e-06 3.287587e-06 0.0009481354 2.1304822e-06 2.090136e-06 4.63747e-06 3.6604455e-05 1.1681565e-06 0.00072762364 3.620385e-05 6.509315e-05 1.6923902e-08 0.0008194014 2.4431634e-07 0.0023763862 0.0013991547 1.4001984e-07 4.414445e-06 8.216181e-06 4.4449962e-08
0.5436362 0.5847366 0.9096396 0.42824954 3.973503e-19 0.112443104 0.61530864 0.6654233 0.6208766 0.17110522 0.77374065 0.0071245874 0.09089506 0.9720851 0.021742303 0.53212893 0.00088853453 0.0027506726 0.0012429192 0.40310723 0.03422561 0.0057974854 0.024666624 0.19457012 0.00030356826 0.014614328 0.9344961 0.00016779682 0.005114636 0.007887945 0.047142 2.2037415e-05 2.5126967e-05 0.025925616 0.0041684844 6.1657493e-06 8.019932e-06 0.00026412777 0.0005937904 7.702494e-07 2.0188024e-07 0.00072487467 9.920626e-05 5.595887e-05 1.0355838e-08 0.0018772257 5.8071405e-06 5.880964e-08 3.788319e-06 0.00012192132 5.613389e-08 0.00021358063 0.56725603 0.00015941155 8.12101e-06 9.461855e-08 0.13387418 8.850966e-06 0.00029849668 1.2928945e-06 2.7127808e-06 1.8930704e-07 2.5362516e-07 2.6701693e-05 5.7575708e-06 8.362453e-07 1.9253484e-05 0.0031379133 0.0033784923 5.665339e-05 4.0123265e-05 2.5258164e-09 0.0018797783 5.0987314e-08 0.005218476 7.7644094e-05 3.40069e-05 7.727968e-05 4.159305e-08 0.00021310961 0.0016101209 1.1909526e-05 4.0914154e-05 0.00017602557 2.0265095e-06 2.3398638e-06 6.948598e-05 1.2817001e-05 4.1473747e-08 0.00014798221 3.6479014e-06 0.00010218727 5.596884e-11 1.3268424e-05 6.508526e-07 0.0011885223 0.0008324345 1.3553293e-08 5.250809e-08 6.899897e-05 9.677349e-09
0.97721285 0.9020811 0.5325302 0.79214674 0.112443104 9.06186e-16 0.9147631 0.43182448 0.044638384 0.028853275 0.026047911 0.63477385 0.27509162 0.015528198 0.20486021 0.12384732 0.52084845 0.70909303 0.57496506 0.011751082 0.014307428 0.5343049 0.041752435 0.019987581 0.29341465 0.5937357 0.037645757 0.33083433 0.005208641 0.0036347718 0.003269344 0.024127584 0.03210515 0.20832223 0.120974794 0.01807512 0.035045166 0.00022702824 0.11272776 0.054493703 0.01583552 0.00016139756 2.37886e-05 3.4147147e-06 0.0018288603 5.0561473e-05 0.008848215 0.0010380272 0.008656623 0.0016477135 0.0005794365 0.0032653676 0.013267855 0.0011086976 0.0031616797 5.7262685e-05 0.0001296307 0.004778298 0.014018882 2.1965929e-05 0.0015362056 2.8572627e-05 2.3798343e-06 0.001704686 2.4490395e-05 0.00012948072 0.0005776177 1.6287996e-06 2.5362335e-06 2.0465448e-06 7.4262493e-06 3.135799e-06 0.0015809505 2.7470298e-05 0.048956495 4.1156753e-05 0.05246772 0.013743872 1.8017456e-05 0.009285446 1.0553671e-05 2.5382417e-06 3.0239858e-06 0.019970156 1.0371969e-06 1.6867147e-05 3.1179043e-06 0.0009187058 1.7371874e-05 0.013280237 2.2234958e-06 0.0014113634 3.663054e-07 0.009660075 7.6585974e-07 0.02505929 0.014962881 8.849023e-08 6.4089736e-06 2.2286025e-05 1.3740494e-08
0.9874808 0.88053423 0.7241711 0.7715075 0.61530864 0.9147631 2.1465118e-14 0.7015345 0.11272226 0.11936564 0.16911712 0.35280463 0.53087306 0.109494425 0.22420323 0.41831383 0.35064006 0.31688136 0.12397657 0.070093766 0.02974938 0.3722328 0.14308788 0.029221354 0.0240429 0.47073227 0.3787373 0.15043509 0.0048663467 0.0037199014 0.0041400213 0.0016762386 0.0043840203 0.35250455 0.31354514 0.0013745299 0.0014684313 0.0006921758 0.034940287 0.0031239716 0.0006007901 0.00023128992 0.00013272367 4.9176786e-05 0.00028811026 0.0005402856 0.000658341 5.2797523e-06 0.0038795916 0.00025253702 2.8191216e-06 0.010558057 0.07127957 0.0017235174 0.00048102989 1.4819016e-05 0.00027369245 0.001040624 0.016447708 0.00018480478 0.00038528675 2.6751252e-06 1.7854018e-05 0.0022329576 3.948151e-05 2.6969772e-05 0.00043518125 1.2944384e-05 3.6320915e-05 7.9065285e-06 1.3931403e-05 1.8866955e-07 0.0043888814 4.6330956e-07 0.10364564 8.4683415e-05 0.014006026 0.013679359 9.9496994e-08 0.005977221 2.3183347e-05 7.373139e-06 1.3289306e-05 0.014578943 8.116492e-07 4.966038e-05 5.8897926e-06 0.0009663462 2.2279958e-06 0.0025438557 5.1783977e-06 0.0018916052 3.8323673e-08 0.00052322046 1.1782119e-05 0.0028335478 0.0018244676 7.0620683e-09 4.9465734e-07 3.061866e-05 4.1122064e-07
0.06317841 0.7091408 0.7207581 0.94606924 0.6654233 0.43182448 0.7015345 2.1227635e-17 0.07664473 0.025577014 0.72826093 0.49305698 0.012177039 0.61150324 0.93440247 0.053270105 0.59094 0.031161493 0.08172267 0.8342879 0.8574385 0.0153513355 0.00077258673 0.009488693 0.037393708 0.019174606 0.085375346 0.11875352 0.000581103 0.00015672053 0.0017241782 0.0030670904 0.0006709454 0.0050609675 0.0009788465 0.000112323374 0.0012971208 0.00016465213 0.0016154549 0.00076277397 0.00014192695 4.6984715e-06 2.637741e-06 8.162904e-07 1.8053206e-06 2.9493513e-05 0.00027189686 0.00011624832 0.00020421448 0.00015599495 1.4538907e-05 4.716728e-05 0.118173175 9.5364385e-06 0.0002557564 8.447032e-05 0.00013937803 0.00013510115 0.00016127632 8.0988707e-07 0.00017109344 1.319796e-06 7.7891127e-07 3.7527489e-06 1.689574e-05 1.50084325e-05 2.9577575e-06 1.717671e-05 1.7471295e-05 4.492945e-07 3.8310867e-07 1.6627386e-09 0.00021012464 7.2369104e-08 0.00016288743 2.9410347e-05 8.532986e-05 3.9693234e-05 4.899308e-08 5.8101625e-05 9.022815e-06 8.3132414e-07 2.0690761e-06 0.00015297174 3.5274783e-07 4.6250216e-07 1.4097209e-05 3.7965542e-06 6.728209e-08 0.00018323673 0.00034601166 2.4844414e-05 1.0916056e-09 0.00019860553 6.789264e-07 0.00011152337 8.926567e-05 7.201794e-09 1.3691781e-06 9.857058e-06 7.457622e-09
0.8487925 0.22824083 0.5762472 0.06529578 0.6208766 0.044638384 0.11272226 0.07664473 2.1785165e-16 0.9760574 0.012354075 0.0053817253 0.56067187 0.044442438 0.0021166475 0.8231518 0.0016500943 0.001767152 0.0010906822 0.001905735 0.0006242848 0.0039003517 0.25952244 0.75556344 0.00019564059 0.018127408 0.6139365 0.00013751861 0.16159226 0.17786056 0.07214036 1.7021646e-05 5.954204e-06 0.0112411985 0.06034776 7.7310625e-07 2.3896912e-06 0.014366084 0.0005409863 4.777236e-07 1.7965833e-06 0.004814815 0.0023122828 0.002486588 7.497131e-08 0.028540768 3.740317e-05 4.0262094e-07 2.0942274e-05 1.1733058e-06 1.07214e-07 0.0035105946 0.03377283 0.0040800534 1.21430885e-05 1.3613271e-06 0.06411824 8.040552e-05 0.0012170323 0.0005374814 9.783303e-07 9.379773e-08 0.0004528504 0.001041378 0.0026448746 2.1128487e-06 0.0008024913 2.5702995e-05 4.549611e-05 0.00016844843 0.00011465296 1.6933839e-09 0.015806641 1.8038962e-07 0.039303113 0.0010832058 0.00046449332 0.00055003853 2.12864e-08 0.0010871437 5.8582682e-05 1.1775481e-05 4.4013777e-05 0.000516877 4.7348885e-06 0.0002209058 6.2587133e-06 0.00093500793 3.5417636e-07 0.00026324738 1.0808932e-05 0.0012535508 2.5326463e-10 9.477501e-05 1.4537395e-05 0.00017893198 0.0002087383 6.14207e-09 6.4468395e-08 5.123907e-05 4.1545582e-07
0.3375123 0.26625022 0.55685675 0.047852673 0.17110522 0.028853275 0.11936564 0.025577014 0.9760574 2.2546048e-19 0.002703397 0.0047705555 0.8480885 0.007642732 0.0015679864 0.8828826 0.001117665 0.015588163 0.0020376353 0.00031387495 0.00021017133 0.017379813 0.51632625 0.6401878 0.00046931804 0.028285578 0.066248655 3.994695e-05 0.11691803 0.22317927 0.030098034 5.203073e-05 1.371556e-05 0.010548967 0.09339425 2.6446298e-06 3.425762e-06 0.012129831 0.000987198 2.8191296e-06 3.5438736e-06 0.0051388107 0.003732732 0.005772144 5.627333e-07 0.0073985215 0.00010242903 3.5419527e-07 2.4489767e-05 1.0686805e-05 8.724457e-07 0.008514976 0.001497727 0.004540838 6.946371e-05 8.4674404e-08 0.0043872115 0.0002031746 0.0026715945 0.0012125188 1.50970045e-05 1.7497882e-06 0.0009114281 0.0020962716 0.0025991807 1.1110245e-06 0.0013504527 1.3793641e-06 3.7658704e-06 6.907086e-05 4.805708e-05 2.6406388e-09 0.0062233415 3.5948082e-07 0.015143965 0.000101003 0.0003751255 0.0009374816 3.4023248e-07 0.0011592151 4.2420725e-06 5.0134067e-06 4.9278456e-06 9.650392e-05 8.3427307e-07 0.00040562171 6.3772e-07 0.0011305233 1.5200351e-06 0.00039253288 4.015697e-06 0.001461559 5.7802485e-10 1.414731e-05 9.931243e-06 9.6495925e-05 5.361723e-05 5.5661797e-08 1.5545761e-06 2.924915e-05 7.5643385e-08
0.014390011 0.12135252 0.22823438 0.417648 0.77374065 0.026047911 0.16911712 0.72826093 0.012354075 0.002703397 6.8312275e-16 0.003312557 0.0047260174 0.9892873 0.038767356 0.028134048 0.0012406794 0.0012833789 0.00091309415 0.9767547 0.17218007 0.0014194549 0.0016721991 0.0024757022 0.0009947058 0.0040827924 0.18179101 0.00025119382 0.00033909114 0.0003685638 0.0010616672 0.00012186298 3.1872518e-05 0.0044747703 0.00015386983 2.0685009e-05 2.7047507e-05 0.00010426366 0.00012527865 1.3643457e-05 5.05042e-06 7.302402e-05 9.372755e-06 1.291864e-06 7.215227e-07 0.0003347321 1.6068334e-05 3.857294e-06 1.445529e-05 6.336722e-05 7.340193e-06 2.5184436e-06 0.08897985 2.1547541e-07 2.7389387e-05 5.942322e-07 8.851881e-05 7.982128e-05 2.3334758e-05 6.954464e-07 6.1476353e-06 7.474736e-06 2.0715222e-06 5.2320647e-06 3.9218154e-05 1.5743298e-06 4.711969e-06 4.740014e-05 2.8495075e-05 1.555279e-06 1.1330965e-06 8.141781e-09 6.040208e-05 1.2785059e-06 0.00018229448 2.2330266e-06 0.00013384667 1.26931345e-05 2.9011096e-07 9.005721e-05 7.84372e-06 4.5133615e-07 2.6602702e-06 0.00019451021 1.4975605e-07 8.741319e-06 1.925504e-07 6.204189e-06 7.4599726e-08 0.00018585855 2.5804936e-06 0.00012819686 9.706935e-11 0.00024122841 2.828798e-08 0.00048105742 0.0004611329 5.1246467e-08 1.289093e-07 8.381808e-05 8.4662205e-10
0.5829366 0.2535655 0.056256037 0.6871841 0.0071245874 0.63477385 0.35280463 0.49305698 0.0053817253 0.0047705555 0.003312557 3.0261714e-18 0.013415973 0.00194276 0.39487147 0.015827112 0.9102039 0.14490464 0.97082275 0.015454433 0.09356604 0.10900302 0.0025000619 0.000902008 0.2763976 0.04534565 0.00074138906 0.7899449 0.00021905462 0.00044375993 0.00022543342 0.18058324 0.2191486 0.026056845 0.004099304 0.13891046 0.4790014 7.713892e-06 0.013014378 0.5566429 0.26765445 5.8379952e-05 1.0508065e-05 5.0277754e-06 0.026735883 5.2422633e-06 0.0022501298 0.016658355 0.00090891565 0.008559349 0.0015427278 0.00020925954 0.01300679 0.00014875917 0.0015802867 0.008053 4.0183e-05 0.0017261048 0.0008146772 1.4614264e-05 0.002978539 0.00011342187 1.5032061e-06 0.000117173135 7.197139e-05 0.0003315316 4.0554547e-05 7.9417056e-08 1.12808756e-07 1.3354984e-06 6.217922e-07 1.5681081e-06 0.00029175312 1.0024638e-05 0.0014133939 8.787846e-05 0.0021591636 0.00080842676 4.0438863e-06 0.00023045368 1.2813787e-05 4.3195952e-05 2.5837357e-05 0.0023875183 1.0591895e-05 2.0115524e-06 1.2053176e-05 3.487619e-05 2.3670639e-06 0.001998507 0.00010417887 0.0002598417 1.8635406e-08 0.0030898403 2.8953896e-06 0.009474223 0.0039836545 9.6413906e-08 3.6358845e-06 9.594049e-05 1.7169508e-08
0.9314472 0.47328112 0.5479282 0.02681271 0.09089506 0.27509162 0.53087306 0.012177039 0.56067187 0.8480885 0.0047260174 0.013415973 1.708892e-18 0.0068432805 0.0019875495 0.9381932 0.004699753 0.14111441 0.012383187 0.0006803771 0.00037507364 0.2740895 0.9700551 0.2493143 0.00422194 0.5176225 0.02744239 0.00043201188 0.08589791 0.19893008 0.022876445 6.038013e-05 7.221058e-05 0.24032056 0.8256842 7.303659e-06 3.4396966e-05 0.006470836 0.020590756 4.3759606e-05 1.7496823e-05 0.0034261316 0.0021359867 0.00245095 8.592934e-07 0.001763222 0.0019019494 7.636255e-06 0.004404326 8.922779e-05 3.1975223e-06 0.04394104 0.0050262897 0.017802937 0.0016616633 4.540915e-07 7.6912125e-05 0.0015867682 0.06458519 0.0037755514 0.00020928349 4.925881e-06 0.0011583355 0.01065883 0.0005169445 2.6554846e-06 0.004839633 5.3739036e-08 1.6058881e-07 3.9874762e-06 3.9352613e-05 5.0378592e-08 0.016016288 4.674966e-06 0.18801826 2.5338291e-05 0.031790327 0.01943187 1.9213724e-06 0.021500641 9.0484895e-07 8.156201e-06 7.490502e-07 0.0039163753 4.516849e-07 0.0005703147 7.279317e-07 0.0071861767 3.50351e-07 0.0062763975 3.6601748e-06 0.008467245 1.4156371e-08 0.00080187933 6.1649553e-06 0.0028867766 0.0014105674 2.6710183e-08 6.267451e-06 0.00022483309 2.529148e-07
0.01856218 0.11591647 0.3300279 0.26797017 0.9720851 0.015528198 0.109494425 0.61150324 0.044442438 0.007642732 0.9892873 0.00194276 0.0068432805 1.1986532e-14 0.0093126055 0.05520967 0.0010527876 0.0018113194 0.00040038503 0.82834864 0.0739885 0.0020283542 0.0019796572 0.010300117 0.0002801062 0.001660742 0.6274953 0.0003150493 0.00096377375 0.0007289899 0.004629914 4.9252914e-05 5.0780695e-06 0.002692363 0.0005949788 5.207712e-06 9.032579e-06 0.0001650475 4.9414055e-05 1.9861138e-06 5.3126537e-06 0.00013831329 1.7727989e-05 3.8178547e-05 4.1508554e-07 0.0012751287 1.2902235e-05 3.835243e-07 5.2904884e-06 5.9641206e-06 1.8733722e-07 3.877814e-05 0.5011593 9.953035e-07 3.116816e-06 1.3484885e-06 0.006447769 5.8383852e-05 0.00012661029 6.5260593e-07 1.2233002e-06 1.9681804e-06 2.2887978e-06 4.2002448e-05 7.567936e-05 1.6119006e-06 2.0561984e-05 0.0005372777 0.0005599539 1.7884166e-05 4.0359126e-05 1.8214753e-09 0.00022046067 3.6906252e-07 0.0005714327 4.6753023e-05 1.5249392e-05 0.00024414388 2.3852465e-08 0.00039169635 0.000120586774 7.701977e-06 4.8103124e-05 0.00024470937 1.9221623e-06 1.0359617e-05 4.82165e-06 1.2255439e-05 1.0575211e-07 4.2330183e-05 6.326079e-06 7.173177e-05 5.4443106e-10 9.717616e-05 1.2301521e-06 0.00029285476 0.0005134698 3.6763964e-08 6.967e-08 0.00041243155 1.3140312e-08
0.00873669 0.23358415 0.08765604 0.635784 0.021742303 0.20486021 0.22420323 0.93440247 0.0021166475 0.0015679864 0.038767356 0.39487147 0.0019875495 0.0093126055 6.1638e-18 0.004105199 0.72721267 0.019477623 0.09144637 0.18147768 0.98692757 0.009719694 2.7871989e-05 8.676077e-05 0.025385035 0.0077844835 0.000781371 0.3971468 3.9277083e-06 6.7040713e-07 5.105598e-06 0.005668776 0.0043485826 0.0009808036 1.4110726e-05 0.0010103047 0.0019129822 4.8075555e-07 0.0004371635 0.0025166275 0.00043228595 4.1813346e-06 1.0124192e-07 3.9784695e-08 3.268232e-05 1.6592965e-07 3.844123e-05 0.00025504106 6.952651e-06 0.00015206847 3.2771273e-05 1.3649461e-06 0.0012176806 2.5534e-07 3.1575757e-05 8.948019e-05 1.5909358e-05 5.4168242e-05 2.3757222e-05 5.331219e-08 1.1291994e-05 2.494383e-06 1.1502295e-07 2.1151037e-07 4.7632852e-08 4.7510366e-06 2.399439e-07 2.1029932e-07 1.8381404e-07 3.8552855e-08 4.079254e-08 9.345023e-08 5.3603424e-05 3.3373565e-06 1.1967991e-05 2.0381684e-07 2.8374592e-05 1.3440309e-06 1.1045126e-06 7.0816495e-06 2.737552e-07 5.1075193e-07 5.9405767e-07 5.0838433e-05 6.7051744e-08 2.374698e-07 1.1280445e-07 6.415373e-07 6.396893e-07 0.00015931351 5.1891874e-07 1.3305311e-05 1.0979058e-08 8.9669586e-05 5.7668636e-08 0.00031192516 0.000102387734 2.2301036e-07 6.3695535e-07 6.3638495e-06 1.3395303e-10
0.9550298 0.35470232 0.8045965 0.061638568 0.53212893 0.12384732 0.41831383 0.053270105 0.8231518 0.8828826 0.028134048 0.015827112 0.9381932 0.05520967 0.004105199 4.9653783e-15 0.0075854845 0.0053266888 0.0023182933 0.0045916457 0.00068089407 0.012400022 0.89797956 0.8187795 0.00037993924 0.056792922 0.6580956 0.00089618855 0.5494105 0.80329746 0.56876475 7.383261e-05 0.00021138765 0.044959374 0.41871667 1.45243675e-05 8.245275e-05 0.15007648 0.00074208336 3.4370147e-05 5.7422698e-05 0.16660632 0.049464956 0.05128083 1.2677021e-05 0.19724275 8.241431e-05 5.2156963e-07 0.00019461171 6.6988405e-06 1.878755e-06 0.045690373 0.2150603 0.05666654 2.1294678e-05 0.00030411186 0.35867146 0.00012433692 0.005191247 0.012787146 4.052901e-06 1.9874639e-07 0.006238066 0.012761695 0.004838369 1.8679153e-05 0.005461879 7.436625e-06 1.847855e-05 0.004730829 0.003594413 1.1228897e-08 0.14129741 3.851113e-07 0.3148797 0.034024633 0.0019487191 0.011341733 6.193881e-09 0.010797002 0.00011156433 0.00068399793 0.00041985812 0.002184833 0.00020038227 0.0019225155 3.3514076e-05 0.0071154046 8.7561904e-07 0.0004398378 0.00028112528 0.006389857 1.3616335e-08 3.712597e-05 0.00059319584 0.00026439593 0.00017561528 1.4602373e-08 3.4049654e-06 0.0008059538 1.0286088e-05
0.13546292 0.14236872 0.043580208 0.79903376 0.00088853453 0.52084845 0.35064006 0.59094 0.0016500943 0.001117665 0.0012406794 0.9102039 0.004699753 0.0010527876 0.72721267 0.0075854845 8.427938e-18 0.04771918 0.4987239 0.0035829651 0.39610714 0.026304198 0.0014756548 0.00015482365 0.1362212 0.017599186 0.00019041564 0.98611623 2.0756781e-05 0.00020517588 2.1834725e-05 0.118739836 0.047577236 0.0042544054 0.0004974423 0.022821669 0.03333617 7.0349984e-07 0.0049442016 0.22602202 0.011010747 1.2223362e-05 1.6176677e-06 2.4920669e-06 0.0033824174 1.2589318e-06 0.00235067 0.015343125 0.00050036603 0.010113747 0.0021935494 6.858808e-05 0.0011709093 0.00032928557 0.0004372563 0.0041737393 3.1466185e-05 0.0012613516 0.00030210803 5.97903e-06 0.0014064275 2.9365585e-05 7.241111e-07 4.8671078e-05 5.1141382e-05 7.971858e-05 9.199029e-06 1.07396154e-07 7.9501774e-08 7.249735e-07 2.3872014e-06 9.012513e-06 0.00032782325 3.478003e-05 0.00075144577 5.7430166e-06 0.00058041455 6.661207e-05 1.7554385e-05 0.00019669405 1.0451442e-06 7.469541e-06 1.651711e-06 0.0013358457 5.865088e-07 4.4851045e-06 7.108048e-07 6.539579e-05 1.640878e-06 0.0028725741 1.3153309e-05 0.00057541655 1.023552e-08 0.004912528 5.8787432e-08 0.007769098 0.0036322542 9.665479e-07 3.6492827e-06 0.0005323992 3.8933234e-10
0.9064471 0.113665946 0.024997536 0.08016538 0.0027506726 0.70909303 0.31688136 0.031161493 0.001767152 0.015588163 0.0012833789 0.14490464 0.14111441 0.0018113194 0.019477623 0.0053266888 0.04771918 1.6289948e-18 0.4479194 0.0005422453 0.0015141113 0.9596345 0.011173085 0.0015688944 0.8428359 0.4626034 4.543254e-05 0.019404737 0.00047112684 0.00043596048 0.00019097356 0.1879884 0.10830752 0.30361846 0.047905862 0.059889164 0.108380385 2.9303481e-05 0.7988155 0.019220497 0.016462293 1.812313e-05 1.4386594e-05 1.1879036e-05 0.009372381 1.0724438e-05 0.6075131 0.20394206 0.10501422 0.11866138 0.061001893 0.007220752 0.0044140415 0.000628288 0.23657897 6.8396694e-05 0.00013255581 0.14027916 0.061249815 3.2720403e-05 0.07330784 0.014895167 5.9849176e-06 0.002299277 0.00010064176 0.0054990347 0.0006041682 5.243496e-07 7.289543e-07 1.5929207e-06 1.1426386e-05 0.001316203 0.0007919663 0.008256926 0.043595254 8.9606154e-05 0.077765405 0.01396378 0.0055679 0.009092847 5.6071717e-06 2.0643001e-06 1.5066384e-05 0.048864868 4.4620365e-06 0.00012667394 2.382805e-06 0.0014453904 0.0005663057 0.049721316 1.2033421e-05 0.003136839 1.3688552e-05 0.10094877 4.2165493e-06 0.066586524 0.046628013 1.544886e-05 0.0004804689 4.8792954e-06 2.0008122e-09
0.91241455 0.06756999 0.010570469 0.28220016 0.0012429192 0.57496506 0.12397657 0.08172267 0.0010906822 0.0020376353 0.00091309415 0.97082275 0.012383187 0.00040038503 0.09144637 0.0023182933 0.4987239 0.4479194 2.687821e-16 0.00054396724 0.005766795 0.22349127 0.0010036089 0.00013261232 0.8960203 0.0592243 0.00020029285 0.4579773 2.8146262e-05 0.00010423005 5.349424e-05 0.5781883 0.6432561 0.016529161 0.005285085 0.34934255 0.6712704 2.4610729e-06 0.038348265 0.54892635 0.4113285 4.131663e-06 7.1495737e-07 3.881053e-06 0.033137392 4.811989e-06 0.039577313 0.29850578 0.0038809204 0.037027005 0.037608813 0.00040508047 0.0015218782 0.00034336827 0.010149188 0.0069085094 5.4917837e-05 0.0072696717 0.0033369253 1.0597554e-05 0.023444 0.0017187721 1.9533409e-06 0.00036536081 3.111899e-05 0.0010451324 3.32651e-05 1.8945062e-07 5.181582e-07 7.824537e-07 6.4746064e-07 2.8864033e-05 0.00028484847 8.915915e-05 0.0038769199 0.0002909648 0.007423778 0.0054624393 8.699018e-05 0.00055842014 1.0759104e-05 1.1694683e-06 1.7300914e-05 0.007791737 2.4160725e-05 6.9533667e-06 6.3223397e-06 5.385198e-05 1.4077567e-05 0.005952444 2.6951413e-05 0.000738417 5.9413475e-07 0.026666034 3.0542585e-06 0.050861105 0.028937897 2.6943675e-07 1.3646242e-05 0.00010841529 2.1519046e-08
0.0015978848 0.032149155 0.054411627 0.34985998 0.40310723 0.011751082 0.070093766 0.8342879 0.001905735 0.00031387495 0.9767547 0.015454433 0.0006803771 0.82834864 0.18147768 0.0045916457 0.0035829651 0.0005422453 0.00054396724 4.319738e-17 0.9404569 0.00037351978 0.00025726602 0.00039674126 0.00061294 0.0014997093 0.04383576 0.00169613 2.8922395e-05 5.7161473e-05 0.00020542768 0.00037667094 0.00015613946 0.0015119246 2.9704033e-05 2.889367e-05 4.7063484e-05 0.0001471728 2.4676969e-05 1.8550021e-05 5.960231e-06 2.7557651e-05 8.203412e-06 1.0336794e-06 1.4982913e-06 4.2318192e-05 4.3419373e-06 7.886444e-06 4.926868e-06 2.6190528e-05 1.4120715e-05 7.546329e-07 0.22511338 1.7563562e-07 2.3497971e-06 5.422072e-06 0.00028816742 9.887771e-06 2.8338854e-06 9.014993e-07 9.692918e-06 1.4056652e-05 2.7192145e-06 1.3331595e-06 1.8999306e-05 8.974072e-06 1.1225793e-06 9.976009e-06 5.5337287e-06 3.2299854e-06 1.1031967e-06 2.2974172e-07 9.208548e-05 2.277512e-06 0.00020817832 7.2487574e-06 0.00017645887 1.8986917e-05 2.9832975e-07 3.7353017e-05 2.5017753e-06 3.3064353e-07 2.0157427e-06 0.000598745 7.8864886e-08 2.6363678e-06 2.010295e-07 1.3106409e-06 2.7197022e-08 0.00014419774 2.7770461e-06 6.2412946e-05 3.081106e-10 0.0002009125 3.398892e-08 9.488797e-05 0.00011293465 5.253471e-09 6.695279e-09 3.1341053e-05 6.3711897e-10
0.00033942037 0.031877626 0.012783663 0.43159327 0.03422561 0.014307428 0.02974938 0.8574385 0.0006242848 0.00021017133 0.17218007 0.09356604 0.00037507364 0.0739885 0.98692757 0.00068089407 0.39610714 0.0015141113 0.005766795 0.9404569 3.121828e-14 0.0011239705 5.233145e-05 0.00013310672 0.002719267 0.0014978729 0.0021155213 0.21395373 1.7750186e-05 9.7081265e-06 3.566514e-05 0.0021506997 0.0005633495 0.00018594133 2.3915756e-05 0.00011521888 0.0004003018 6.977663e-05 8.926814e-05 0.00050009514 8.294703e-05 5.478478e-06 2.200687e-06 3.1555913e-07 2.7254442e-05 2.141329e-06 4.655037e-05 0.00018356065 6.5440427e-06 2.0842652e-05 5.4451135e-05 2.7455014e-06 0.031236578 1.2417439e-07 2.539604e-05 0.00025151984 3.369367e-05 5.777926e-05 3.1292238e-06 7.98775e-08 9.420644e-06 8.495574e-06 5.173277e-07 1.1443142e-06 7.2136822e-06 1.6913667e-05 8.553394e-07 1.1543032e-05 1.1479195e-05 5.2191245e-07 8.207406e-07 1.6057963e-07 1.4454738e-05 4.6345035e-06 5.136218e-06 8.496695e-07 4.509722e-05 1.0176873e-05 3.335624e-07 1.5096112e-05 2.3507282e-05 1.612614e-06 3.0962378e-06 0.00018705329 1.1009737e-06 3.4557814e-07 3.0226192e-06 4.1010213e-07 7.591899e-07 0.00015790528 5.5386236e-06 2.8625269e-05 1.3633935e-07 0.0002082486 2.7595152e-07 3.0710984e-05 8.521491e-06 3.5828997e-08 2.1312765e-08 9.414698e-06 4.100642e-09
0.91109455 0.10059449 0.04032226 0.05601481 0.0057974854 0.5343049 0.3722328 0.0153513355 0.0039003517 0.017379813 0.0014194549 0.10900302 0.2740895 0.0020283542 0.009719694 0.012400022 0.026304198 0.9596345 0.22349127 0.00037351978 0.0011239705 1.2795396e-18 0.036978777 0.0033167058 0.36951464 0.9283495 0.0002331444 0.00520739 0.0016893073 0.0013942554 0.00049379695 0.038842298 0.02239099 0.7323771 0.17040384 0.011950121 0.013858748 0.00022656817 0.7866441 0.0021839675 0.0013217225 0.00011604472 6.369973e-05 3.1084914e-05 0.0026726238 1.1507112e-05 0.40305912 0.025467718 0.20938109 0.02751658 0.0070064464 0.028221732 0.000681188 0.0021643932 0.09582239 2.8524302e-05 4.666545e-05 0.10310153 0.23447917 0.00021129918 0.013824203 0.0028211994 4.154974e-05 0.006132938 9.7590935e-05 0.0010192905 0.0020948127 8.720124e-07 7.8785615e-07 1.8182033e-06 3.3330165e-05 0.00033308196 0.0013287863 0.0022307779 0.048573796 6.0229224e-05 0.11990411 0.039862696 0.002074121 0.021585198 2.5775962e-06 1.836053e-06 2.7733645e-06 0.034084503 6.080697e-06 0.0003256402 1.5197031e-06 0.0035758018 0.000116216936 0.09723177 1.4706953e-06 0.011486983 5.52364e-07 0.04546216 3.1351814e-07 0.047808938 0.02473866 4.5978763e-06 0.00077308796 1.3760578e-05 3.5236518e-09
0.94752103 0.041270286 0.15859503 0.004270484 0.024666624 0.041752435 0.14308788 0.00077258673 0.25952244 0.51632625 0.0016721991 0.0025000619 0.9700551 0.0019796572 2.7871989e-05 0.89797956 0.0014756548 0.011173085 0.0010036089 0.00025726602 5.233145e-05 0.036978777 1.4487274e-15 0.24238501 0.00037300168 0.1329692 0.032327544 0.00018892804 0.11630144 0.9032429 0.07308224 2.8070184e-05 1.4234208e-05 0.11336127 0.93830013 5.8647274e-06 1.3013216e-05 0.022401975 0.0021334696 1.6695043e-05 6.692985e-06 0.04497795 0.0124932835 0.067450546 6.372397e-07 0.014477702 0.00021551888 6.721959e-07 0.00033402225 7.2588846e-06 6.858016e-07 0.40736645 0.0011118212 0.22926284 0.00020421174 6.585924e-07 0.0011756434 0.00021211688 0.03744768 0.052402068 6.841623e-06 8.468761e-07 0.030697087 0.101431474 0.016763441 3.62743e-06 0.041578516 1.4183583e-07 4.4960098e-07 0.00020825553 0.0007933678 1.4237824e-08 0.12618287 2.7543751e-07 0.39094365 0.00019377815 0.011152938 0.042001504 2.6391766e-07 0.047645222 9.050639e-07 0.00026800742 1.519617e-05 0.0016235702 4.142829e-06 0.019934133 6.8045745e-07 0.029455407 2.87942e-07 0.0022818258 4.238379e-05 0.030269977 4.12125e-08 0.00020223702 0.00046555346 0.0025144154 0.0005908268 9.611091e-09 1.7057355e-06 0.005256614 1.7465381e-05
0.8796532 0.017532345 0.13190399 0.0052872556 0.19457012 0.019987581 0.029221354 0.009488693 0.75556344 0.6401878 0.0024757022 0.000902008 0.2493143 0.010300117 8.676077e-05 0.8187795 0.00015482365 0.0015688944 0.00013261232 0.00039674126 0.00013310672 0.0033167058 0.24238501 2.596582e-17 1.16225965e-05 0.01150702 0.5418173 3.8812144e-05 0.959042 0.5620337 0.82437915 3.0872272e-06 2.0657369e-07 0.008754961 0.044550993 1.2829094e-07 3.4458495e-07 0.7707997 0.00019494588 4.5561058e-07 6.6437724e-07 0.19001776 0.20038638 0.05842003 6.3507294e-08 0.56882906 6.439936e-05 3.896219e-07 4.223838e-06 1.0160362e-06 9.424391e-08 0.0077771046 0.035835017 0.021119792 2.8835695e-05 1.4161313e-06 0.17656802 6.3086525e-05 0.0011331895 0.0055866838 2.2220077e-06 3.293138e-08 0.006549681 0.0040619443 0.013185801 9.891061e-08 0.004459408 3.7026224e-05 0.000119587225 0.009920768 0.0010503964 1.0870946e-09 0.07074422 1.2200024e-07 0.049175903 0.013301396 0.0005520697 0.0005279622 1.2231641e-07 0.0019740402 0.0009022902 0.00011599538 0.0004450893 0.00026580208 0.00071556313 0.00043540806 0.00013929604 0.0014595893 8.497911e-07 0.000569301 0.0004338659 0.0012109858 1.6955978e-09 0.00018815271 5.3689477e-05 0.00026902865 0.00022099724 6.7481127e-09 1.6294831e-06 0.00020173023 1.1456037e-06
0.9748608 0.028407212 0.0022003744 0.079304054 0.00030356826 0.29341465 0.0240429 0.037393708 0.00019564059 0.00046931804 0.0009947058 0.2763976 0.00422194 0.0002801062 0.025385035 0.00037993924 0.1362212 0.8428359 0.8960203 0.00061294 0.002719267 0.36951464 0.00037300168 1.16225965e-05 1.08498e-16 0.053848885 5.6649766e-05 0.08019348 6.2787644e-06 1.7655542e-05 1.35869095e-05 0.91189784 0.69493353 0.03861505 0.0049042096 0.358213 0.3587361 1.2898796e-06 0.34468114 0.14963476 0.17447603 3.6607105e-07 6.6185646e-07 7.68476e-07 0.042665116 7.379586e-07 0.33794463 0.6925682 0.07357262 0.29360965 0.18250272 0.0011019009 0.0045112963 0.00030827028 0.09969412 0.00065482134 5.864909e-05 0.051949788 0.04294879 1.9308756e-05 0.21703953 0.02315253 4.2659476e-06 0.0009628207 1.860569e-05 0.016217628 0.00032980254 3.638144e-07 6.70645e-07 6.647261e-08 1.9639197e-07 0.003823858 0.00033390598 0.003095903 0.022342576 8.70403e-05 0.09159331 0.030543815 0.0044621667 0.0071607726 1.4785108e-05 1.0639644e-06 1.25442375e-05 0.07490586 2.0127201e-05 6.801221e-05 1.235064e-05 0.0005733602 0.00032834167 0.03600598 5.3052363e-06 0.0025702436 1.1520443e-05 0.098392814 7.5818696e-07 0.18071698 0.09916862 2.3141722e-06 0.0003577321 6.6536704e-05 2.7531891e-08
0.89951175 0.111311086 0.10362834 0.027394917 0.014614328 0.5937357 0.47073227 0.019174606 0.018127408 0.028285578 0.0040827924 0.04534565 0.5176225 0.001660742 0.0077844835 0.056792922 0.017599186 0.4626034 0.0592243 0.0014997093 0.0014978729 0.9283495 0.1329692 0.01150702 0.053848885 7.1537114e-17 0.0024055908 0.00977176 0.0020086924 0.0015334721 0.0017523093 0.0047129807 0.0019405887 0.95732296 0.7413388 0.0011355116 0.0028637147 0.00012456064 0.43704236 0.0015061421 0.0007681602 4.2791064e-05 3.1688603e-05 3.0106756e-05 0.0001375825 2.0525857e-05 0.06774341 0.00041343947 0.15497342 0.0012418595 0.000416961 0.10349728 0.00046981155 0.008394917 0.0075572697 7.393255e-06 1.8226867e-05 0.02556367 0.19045253 0.00053892395 0.002560366 2.2015087e-05 0.00013351062 0.030398756 0.00029313727 2.0204494e-05 0.004006962 8.083585e-07 2.515923e-06 1.5624432e-06 7.7286195e-06 1.2329182e-06 0.0019682597 6.1489723e-06 0.08107427 1.6971042e-05 0.092724405 0.08885955 1.1028017e-05 0.05058569 1.0410096e-05 1.9337992e-06 3.1498441e-06 0.009463918 1.2241801e-06 0.0006093858 8.725561e-06 0.0039197328 4.437644e-06 0.029625345 1.9573781e-06 0.018000754 9.756887e-07 0.008342796 6.089593e-06 0.015989283 0.006312553 3.8993488e-07 1.9796676e-06 0.00020756238 8.4607535e-07
0.31697774 0.023111805 0.5639147 0.018557223 0.9344961 0.037645757 0.3787373 0.085375346 0.6139365 0.066248655 0.18179101 0.00074138906 0.02744239 0.6274953 0.000781371 0.6580956 0.00019041564 4.543254e-05 0.00020029285 0.04383576 0.0021155213 0.0002331444 0.032327544 0.5418173 5.6649766e-05 0.0024055908 1.4617285e-15 0.00015265899 0.12097818 0.03325997 0.817243 0.00011482169 3.5108853e-05 0.008109483 0.0027312706 4.3490527e-06 2.0531859e-06 0.014634874 1.6747941e-05 1.4001951e-06 1.4243121e-06 0.05008586 0.0005168837 0.0006699323 2.0001997e-07 0.29928774 7.79827e-07 4.0042144e-07 2.0424065e-07 9.185401e-07 1.744369e-07 5.5816083e-05 0.9784973 7.909096e-05 8.439048e-08 1.625882e-06 0.8940276 1.0274425e-06 5.800211e-06 1.3511853e-06 1.03706874e-07 5.120553e-08 2.3389734e-06 3.8149265e-06 5.023941e-06 7.34804e-07 5.1890936e-07 0.024443747 0.03430572 0.0022002799 0.0014191287 3.328224e-10 0.038641732 1.6339797e-07 0.01655134 0.068828166 8.924346e-05 9.068787e-06 1.3293887e-08 4.3708966e-05 0.054276403 0.00031407434 0.008682041 0.00026709447 0.0010084492 1.2655319e-06 0.020324405 8.8828745e-07 6.334141e-07 9.097911e-06 0.00084254384 1.2358676e-05 2.6244643e-10 4.093806e-06 2.2306564e-07 1.164603e-05 3.9009148e-05 6.937797e-09 1.8785238e-06 5.7414924e-05 6.844111e-09
0.10605585 0.0224844 0.004200235 0.08627167 0.00016779682 0.33083433 0.15043509 0.11875352 0.00013751861 3.994695e-05 0.00025119382 0.7899449 0.00043201188 0.0003150493 0.3971468 0.00089618855 0.98611623 0.019404737 0.4579773 0.00169613 0.21395373 0.00520739 0.00018892804 3.8812144e-05 0.08019348 0.00977176 0.00015265899 1.4778084e-15 7.22493e-05 9.029681e-05 3.209873e-05 0.16702572 0.1250838 0.0023191015 0.00012577508 0.14401545 0.39271793 6.1377586e-06 0.0021616824 0.9202587 0.2764612 8.186895e-05 1.6219064e-06 8.591766e-06 0.053218435 7.945778e-05 0.00076797645 0.004064436 9.829381e-05 0.00729299 0.0014195883 5.3784184e-05 0.0012144769 3.5404537e-05 0.00014326644 0.31840214 4.22756e-05 0.00043192765 4.0580897e-05 8.79335e-06 0.0005246883 6.847749e-05 1.0459221e-06 3.430845e-05 0.00024091735 0.0008556365 1.2763076e-05 3.1652526e-08 1.089084e-07 1.3735326e-05 1.6062666e-05 1.0676913e-05 0.0025775032 0.000106679916 0.000583148 8.053299e-05 0.0004207602 8.659648e-06 4.088379e-06 8.162578e-05 4.16853e-06 5.4218294e-06 8.595232e-06 0.000993932 2.7766143e-06 9.980491e-06 3.7958805e-06 1.043404e-05 2.1863083e-05 0.00083910616 3.9708568e-05 8.910695e-05 2.1784526e-06 0.0018717493 8.8467786e-08 0.0054554217 0.0019274473 1.385447e-06 3.3350545e-07 0.00048578746 4.1813897e-10
0.6919507 0.0023090788 0.006012389 0.0007354631 0.005114636 0.005208641 0.0048663467 0.000581103 0.16159226 0.11691803 0.00033909114 0.00021905462 0.08589791 0.00096377375 3.9277083e-06 0.5494105 2.0756781e-05 0.00047112684 2.8146262e-05 2.8922395e-05 1.7750186e-05 0.0016893073 0.11630144 0.959042 6.2787644e-06 0.0020086924 0.12097818 7.22493e-05 1.9430582e-18 0.77998847 0.77663255 2.5847326e-06 2.0908717e-06 0.00082853076 0.032531127 4.102222e-07 8.49301e-07 0.93042827 7.4479845e-05 6.8090117e-06 6.4888695e-06 0.55010754 0.66705805 0.3035423 2.3645955e-06 0.61155486 8.834269e-06 1.8582068e-07 2.650197e-06 2.0751465e-06 1.1816068e-07 0.015650082 0.0029012 0.05270347 1.9883171e-05 1.6631725e-06 0.1464398 5.121547e-05 0.0006580742 0.024228623 8.6192796e-07 7.0659645e-08 0.039053895 0.0062748413 0.108457394 2.4178626e-06 0.0077306 3.1569473e-06 1.7577739e-05 0.023398897 0.006507493 8.336336e-09 0.040572222 5.2907403e-08 0.015301933 0.044018507 0.0001268727 0.0006873266 2.5271385e-08 0.0008475387 0.00011366974 0.00082180236 0.0005968406 3.559918e-05 0.00089866447 0.0051451907 0.000107411885 0.0035105275 2.0045586e-06 0.00015680394 0.0011882605 0.0020633962 3.6942343e-09 3.9893457e-05 0.00016849421 3.1975513e-05 5.5710945e-05 3.2692185e-08 2.3156226e-06 0.0014313303 6.317602e-06
0.9601224 0.0042677545 0.016668724 0.00078050897 0.007887945 0.0036347718 0.0037199014 0.00015672053 0.17786056 0.22317927 0.0003685638 0.00044375993 0.19893008 0.0007289899 6.7040713e-07 0.80329746 0.00020517588 0.00043596048 0.00010423005 5.7161473e-05 9.7081265e-06 0.0013942554 0.9032429 0.5620337 1.7655542e-05 0.0015334721 0.03325997 9.029681e-05 0.77998847 1.573773e-15 0.46016616 1.5442386e-06 1.0381504e-05 0.0022122308 0.39201632 2.7473793e-06 6.44231e-06 0.37683013 0.00013112172 8.135738e-06 8.0835616e-07 0.78312767 0.29154146 0.9404004 5.5688366e-07 0.19780324 1.5554637e-05 3.2137862e-08 6.152439e-06 1.9833922e-06 8.9785054e-08 0.3700138 0.018046742 0.62905777 7.659061e-06 1.7283161e-06 0.060072903 1.1225435e-05 0.004862925 0.37826702 1.4976405e-07 3.9868254e-08 0.3582318 0.12370641 0.1638028 2.6455305e-06 0.13495746 2.6515053e-07 7.7283283e-07 0.0139049785 0.021042502 3.127432e-09 0.28043407 2.4028944e-07 0.20551637 0.0335302 0.0002617863 0.009107526 1.9259696e-08 0.023999883 4.0324558e-06 0.0039125825 0.00038943972 0.00019415106 0.00034807387 0.07242894 2.1798918e-05 0.048537888 1.4948907e-07 0.0007335473 0.0019560487 0.023110317 3.819092e-09 1.5250263e-05 0.0026561397 4.1895837e-05 3.3058426e-05 1.505197e-08 2.0125003e-06 0.01717386 6.599159e-05
0.93799603 0.0021685748 0.010890452 0.0029090988 0.047142 0.003269344 0.0041400213 0.0017241782 0.07214036 0.030098034 0.0010616672 0.00022543342 0.022876445 0.004629914 5.105598e-06 0.56876475 2.1834725e-05 0.00019097356 5.349424e-05 0.00020542768 3.566514e-05 0.00049379695 0.07308224 0.82437915 1.35869095e-05 0.0017523093 0.817243 3.209873e-05 0.77663255 0.46016616 1.7293484e-15 5.757406e-06 4.929836e-07 0.00059192436 0.028021771 2.4594385e-07 1.133998e-06 0.8778764 6.5637025e-05 8.572594e-07 2.8785646e-06 0.38954076 0.20035784 0.09412869 1.6240881e-07 0.94197106 2.2118245e-05 6.2270374e-07 5.673181e-06 3.0256042e-06 1.1110176e-07 0.004531941 0.17676654 0.021488653 3.1931463e-06 1.0432567e-05 0.8763494 4.580401e-06 0.0001652031 0.016265756 8.0929485e-09 2.1845043e-08 0.02163566 0.0027102544 0.025813073 6.1105504e-07 0.003481933 0.0004108001 0.0013144908 0.10505053 0.01641916 1.0076699e-08 0.32754296 4.0663117e-08 0.029422838 0.45175985 0.00010738444 0.0007098585 9.240234e-09 0.0011357476 0.017717259 0.0013611293 0.01558643 0.00019263501 0.017626867 0.001285422 0.004974302 0.0020176582 7.9529946e-07 0.00016551376 0.013013701 0.0014191119 7.639878e-09 2.7446838e-05 0.00015645829 5.2119027e-05 5.5817363e-05 2.3699412e-08 2.3804606e-08 0.003112784 9.009926e-06
