8.4928676e-19 0.97853506 0.9356014 0.88658744 0.97850233 0.93747026 0.8659968 0.9755064 0.9139477 0.7564748 0.9869104 0.79714525 0.9751008 0.9065079 0.99612457 0.4703382 0.9116815 0.9635522 0.83871526 0.6545514 0.9428376 0.58770853 0.9908638 0.9721218 0.85204965 0.96220905 0.9909291 0.7985149 0.865009 0.9123989 0.33542055 0.98628545 0.3395788 0.9845645 0.9795776 0.88413155 0.97223693 0.9806486 0.9226931 0.7750839 0.99281603 0.7476051 0.06613832 0.77450186 0.053992994 0.86818004 0.9957842 0.9488869 0.80121076 0.73983055 0.46163923 0.86668545 0.7290619 0.8851713 0.9155389 0.9478675 0.003956057 0.00331466 0.9282633 0.95164424 0.3647776 0.26335183 0.024263984 0.024607694 0.99672943 0.99568003 0.7664296 0.0071702125 0.7720168 0.31271926 0.99282295 0.34940535 0.9990499 0.99232364 0.74108547 0.016030148 0.009677207 0.00983459 0.21591237 0.3579418 0.09122952 0.00503959 0.92253536 0.0021915839 0.066800065 0.0025289913 0.9975739 0.70721984 0.029132634 0.95572454 0.00075820123 0.124933735 0.23700927 0.00365128 0.006759772 0.049482234 0.009497955 0.90786004 0.050305 0.908621 0.005376426
0.97853506 5.948619e-19 0.97676075 0.4973056 0.22450413 0.5635662 0.8370892 0.27477854 0.008260179 0.16668108 0.7765542 0.25076044 0.5621785 0.07932037 0.8880713 0.033503473 0.32418072 1.9590618e-05 3.6405185e-05 0.0026970631 0.013301695 0.018832345 0.15645193 0.019367382 0.00012999146 0.00047896398 0.0024632392 0.0010974207 4.8560406e-07 0.0007780116 0.009301746 0.02777787 0.0010338018 0.043554857 0.00051725394 0.0033035658 0.038076546 0.007046414 8.7137227e-07 0.0015064143 0.18713036 7.569488e-05 0.0017872512 0.00067816157 0.00027732007 1.3790953e-05 0.0012067992 8.4975785e-05 0.0020287721 3.7533166e-05 0.00011175877 0.023175659 3.750498e-06 9.797228e-06 0.017884713 0.020657979 6.853926e-06 5.165251e-05 0.006741961 9.156377e-06 7.383008e-05 1.1434071e-07 6.99934e-08 4.3956436e-07 0.008185341 0.06340792 4.0358667e-05 8.4726234e-05 1.3496991e-06 4.8958544e-05 0.09851693 3.7400866e-06 0.00077126356 0.0013111673 3.6971604e-05 0.00011585629 0.00023297839 0.000114018236 1.0095306e-07 5.3168424e-05 1.1417433e-05 1.5085556e-06 7.768242e-06 3.114494e-05 0.00068390137 7.0435985e-05 0.020680888 1.9502872e-07 5.4829186e-05 0.00047213928 7.554124e-06 3.926903e-08 5.008171e-07 2.6283244e-06 3.5184772e-07 2.2202707e-06 7.87542e-09 1.7376157e-06 7.888693e-06 0.005533218 1.1988541e-07
0.9356014 0.97676075 3.0154936e-15 0.026140314 0.04545933 0.5605246 0.9442387 0.044420794 0.0011891255 0.22816828 0.056447133 0.6849075 0.5566812 0.6433886 0.20554475 0.018785829 0.8459255 1.1537407e-05 2.1361944e-05 0.0010829031 0.03947698 0.09629848 0.09114631 0.00088106433 2.6514877e-05 0.00015944909 0.0003789242 0.017119007 3.772173e-07 0.0027525083 0.06825127 0.033494733 0.0014063792 0.023932418 0.0034344082 0.2402934 0.006800262 0.0069680777 2.7060534e-07 0.04001877 0.04835812 0.0011249646 0.02427059 0.0052497187 0.00072972506 0.00024207073 0.00035928894 0.00080910046 0.10581152 0.0006146475 0.00014946592 0.0037761224 4.9467267e-06 0.00030323814 0.005421776 0.0066051194 1.5797072e-05 6.777911e-05 0.0026637078 0.00011995444 0.0055275904 1.0733738e-07 4.5209003e-07 6.04995e-07 0.0050451607 0.018881291 0.0004856851 2.7002661e-05 3.056635e-07 0.00077934645 0.042820748 2.1762879e-05 0.00024214022 0.0018308093 0.00040343142 0.00557367 0.013570031 0.0179489 2.2573685e-07 0.00089971285 5.5239987e-05 0.0005344827 7.447633e-06 0.0005403809 0.03451944 0.0013993253 0.004274482 1.7461899e-07 0.00040705223 0.0013295924 0.0003437821 2.7412264e-08 7.5119504e-05 1.7719303e-05 4.284374e-07 4.8873335e-06 2.6904683e-08 1.0085135e-05 2.2044173e-06 0.0054178704 2.007681e-06
0.88658744 0.4973056 0.026140314 6.9120614e-18 0.6064706 0.07574033 0.03249835 0.98559755 0.9163066 0.013121606 0.5647292 0.0007937352 0.0037249534 6.12238e-05 0.081434965 0.18127514 0.00012344206 0.7765316 0.76279545 0.4192597 8.643694e-05 0.0031462118 0.000725947 0.4795071 0.53017473 0.3209855 0.12580226 1.4889933e-05 0.05477376 9.389843e-06 0.00025179345 1.7939972e-05 0.016830802 0.0029474027 9.212113e-07 1.6273247e-06 0.06884468 0.00046782912 0.043451753 9.85837e-07 0.033165503 1.7376298e-07 1.5264078e-06 3.752049e-07 0.0007553313 2.58024e-06 0.21901837 1.2928271e-07 9.681444e-06 1.17992776e-07 0.019133655 0.024767714 0.008693103 1.0121821e-06 0.015815841 0.0038189508 0.00014249209 3.5272125e-05 0.0011549644 9.035076e-08 2.4477378e-08 0.0016791273 0.0011579511 0.0017607814 0.0017545741 0.042892553 1.51318445e-05 0.00083604245 0.013493737 1.3727081e-08 0.040879976 3.4332746e-08 0.007863779 0.00052897877 9.617024e-07 1.065671e-07 9.1559275e-07 4.259496e-06 9.802897e-05 1.175641e-06 1.8477982e-07 1.8263336e-07 9.140281e-06 6.607342e-08 8.6772054e-08 5.9089125e-09 0.0142395375 0.00021249833 1.3107714e-07 4.5631026e-05 1.9215298e-08 0.00049909146 4.5224823e-07 9.094622e-08 5.8359135e-05 0.0003656379 0.00049881736 9.29766e-08 2.2751774e-05 0.00014675752 3.8717257e-08
0.97850233 0.22450413 0.04545933 0.6064706 2.8227806e-17 0.5489411 0.11903107 0.506606 0.5521441 0.6329342 0.20973971 0.031736 0.0026343486 0.005423128 0.061270144 0.96944237 0.0014845942 0.005029188 0.01837241 0.2666005 0.00011500919 0.8701202 0.0058744145 0.077521704 0.0009900595 0.0061851665 0.033674076 1.7226743e-05 0.0014368995 4.086331e-05 0.44776368 0.003088273 0.85959685 0.0025950556 6.630784e-05 2.0632622e-05 0.02772425 0.0006934903 0.0001929862 6.4831975e-06 0.024968274 1.2860197e-07 0.10014711 9.154658e-06 0.27253273 1.7267606e-06 0.009855419 3.1848605e-05 0.0018970195 2.613531e-07 0.12329756 0.012564377 0.0013703984 2.2815927e-06 0.009160592 0.0036834455 0.019640435 0.011714995 0.0024080356 8.899684e-08 3.3897636e-06 3.6051773e-05 0.00031853846 0.0018232615 0.0012192564 0.029634656 2.0364725e-05 0.029588794 2.048773e-06 2.6267357e-06 0.043493968 2.12833e-06 0.00072975777 0.00033494446 2.5799302e-06 0.09187932 0.00037889963 0.001036453 1.5166033e-06 8.395027e-06 2.6304258e-06 7.394091e-05 5.548869e-06 0.008389666 0.00024451694 3.0216495e-05 0.005650601 2.5744027e-06 2.641774e-06 0.00039962324 0.00014348098 3.0136189e-06 1.4681832e-07 6.064461e-07 0.0031078144 5.502517e-06 0.0002471514 1.15557526e-07 4.2775173e-06 0.0022478553 1.4469232e-07
0.93747026 0.5635662 0.5605246 0.07574033 0.5489411 5.0343592e-17 0.93220115 0.15926783 0.029573992 0.9753679 0.08383938 0.42603678 0.013192982 0.026442321 0.056967657 0.6909595 0.011752174 5.9436486e-05 0.00013561764 0.0042332103 0.00011985336 0.7488791 0.02431854 0.006938787 0.00010218736 0.00029033615 0.0025834609 1.7315257e-05 3.1800876e-06 1.326736e-05 0.5321539 0.0039674314 0.06587147 0.00063327095 0.00013884272 0.00015435276 0.004276926 0.00019094699 9.731936e-07 7.6445285e-05 0.010749243 2.2232944e-06 0.16721322 4.7812744e-05 0.03009182 3.3009671e-06 0.0011103303 5.7049503e-05 0.005270609 1.4209812e-06 0.0010083982 0.002079759 4.726975e-06 8.6169575e-06 0.0015231704 0.0006213234 0.0005435596 0.0022102792 0.0002573092 5.1511154e-08 1.4789254e-05 1.3574488e-07 3.6023432e-06 4.7697317e-06 0.00016944447 0.0067474023 2.4850338e-05 0.0015518944 1.9312826e-07 4.033164e-06 0.023090428 1.3900441e-07 9.743098e-05 2.3907613e-05 9.957103e-06 0.063456334 0.0003151716 0.0019235074 1.2631197e-07 5.1363877e-05 1.1601855e-05 7.78373e-05 1.082248e-06 0.005072576 0.0041579437 0.00020606125 0.002504916 1.11644084e-07 6.386804e-05 0.00013538865 0.00013499193 9.660664e-08 1.5578493e-07 9.660649e-07 5.284969e-05 5.6205e-07 1.6837517e-06 1.3071875e-07 1.1059366e-06 0.0018111364 2.3848497e-07
0.8659968 0.8370892 0.9442387 0.03249835 0.11903107 0.93220115 7.929405e-18 0.026244417 0.00547611 0.8480983 0.03842214 0.9433433 0.06054967 0.44794923 0.04427795 0.18559666 0.17792043 4.8963815e-05 0.00012199089 0.0005857411 0.0023009267 0.334854 0.026709067 0.0013525347 7.0844704e-05 0.00021080427 0.0005160306 0.00036512254 2.5145794e-06 0.0002361312 0.3734879 0.0053506335 0.006060389 0.0015210554 0.0005085919 0.006030122 0.0029359257 0.0005032477 1.1206816e-06 0.0009754637 0.011160966 3.906324e-05 0.13960364 0.00018315321 0.0059135677 3.547149e-05 0.00052480586 0.00018442184 0.037000548 5.7815254e-05 0.0001845575 0.0014940592 4.4278236e-06 5.0974944e-05 0.0012025145 0.000743509 0.0003902839 0.0007381107 0.0003765619 6.746501e-06 0.0006006008 6.5967015e-08 5.5222176e-07 1.2660413e-06 0.0007073385 0.0055128234 9.821022e-05 0.00023685499 5.2952356e-07 0.00010806 0.01373333 4.586096e-06 9.090967e-05 0.0002386471 0.00011692799 0.017526401 0.0039242567 0.014543767 1.1890108e-07 0.000103997125 1.3944937e-05 0.0004109484 2.5427653e-06 0.0014764953 0.009654591 0.0007216195 0.0016716027 7.192504e-08 0.00028310734 0.00014700321 0.00041636813 1.3133553e-07 1.091705e-06 5.08922e-06 5.2660043e-06 2.7493716e-06 6.4845364e-07 9.019091e-06 3.0929916e-06 0.0013369118 1.4130103e-07
0.9755064 0.27477854 0.044420794 0.98559755 0.506606 0.15926783 0.026244417 7.4538793e-17 0.46365297 0.037808876 0.9126113 0.0029726194 0.018207863 0.0013894956 0.25503618 0.07408235 0.0021418931 0.26923493 0.06365618 0.06398738 0.0003290175 0.02824833 0.004151875 0.5475686 0.051613532 0.13618594 0.053585272 9.439526e-05 0.01698982 6.546174e-05 0.00081589015 0.0001068032 0.014706717 0.020977352 7.0084043e-06 1.851162e-05 0.37028736 0.0017709243 0.010819226 1.2117869e-05 0.2719302 2.9609768e-05 5.1867883e-05 1.4599026e-05 9.488029e-05 2.7086846e-05 0.1398908 3.9531114e-06 2.996374e-05 2.7791948e-06 0.013601906 0.111285985 0.0047764503 9.674329e-06 0.07456653 0.017183198 1.79448e-05 1.9384348e-05 0.0058780764 4.34636e-07 4.5649763e-06 0.0006869226 0.000280033 0.00025972506 0.012416293 0.08055126 3.1887965e-05 0.0001788189 0.005260601 8.676648e-07 0.12235021 2.0513058e-07 0.015866002 0.0010118084 4.82481e-06 2.7023823e-06 3.9725896e-06 1.469021e-05 3.1706336e-06 3.551019e-06 2.131714e-06 6.35598e-07 8.127147e-06 1.1068335e-06 1.6345157e-07 5.478423e-07 0.056600202 7.674266e-05 1.3887893e-07 5.22263e-05 1.3275435e-07 9.956909e-05 5.7445646e-07 4.8314376e-07 1.5629596e-05 5.122441e-05 0.0001453147 2.9628985e-08 1.2091145e-05 0.00041658996 2.8045378e-07
0.9139477 0.008260179 0.0011891255 0.9163066 0.5521441 0.029573992 0.00547611 0.46365297 2.3432813e-20 0.055956967 0.21894526 0.00041159932 6.229942e-05 2.6134141e-05 0.0061645056 0.91786885 1.3605582e-05 0.21315226 0.6859456 0.9714462 3.9153592e-06 0.26719528 0.000105726445 0.18078545 0.05517934 0.06484214 0.066828206 2.654296e-07 0.059627477 2.277358e-06 0.0064052995 2.6741982e-05 0.6494594 0.000187285 6.4138567e-07 3.0758116e-07 0.020492442 6.8440695e-06 0.003367692 2.0486215e-07 0.011997138 1.3280175e-08 0.0014016781 6.4882876e-08 0.05428999 1.5424305e-07 0.027183129 2.88206e-07 5.2193864e-06 4.4365684e-08 0.50800633 0.0074366536 0.021839267 2.6143363e-07 0.002764325 0.00072546356 0.0066285464 0.0014524964 0.00022101663 1.7426888e-08 1.0097901e-08 0.0013276879 0.0029159577 0.013097812 0.0001899015 0.021505209 1.3373387e-06 0.026367716 0.00015085556 4.8866525e-08 0.023561455 4.4710156e-08 0.0016505051 4.2233853e-05 3.7917073e-07 0.001963461 2.6998605e-06 3.4262293e-06 5.763411e-06 1.2226182e-07 5.33752e-07 1.4802136e-07 4.3613386e-06 0.00011743592 7.3029135e-08 1.1793675e-07 0.004367368 4.7084604e-06 3.0370649e-07 1.36501985e-05 8.348438e-07 1.0197089e-05 2.5696977e-08 1.6703756e-07 0.0027255407 8.416925e-05 0.0014907544 1.3439204e-08 9.773516e-06 0.0005868723 1.3847628e-08
0.7564748 0.16668108 0.22816828 0.013121606 0.6329342 0.9753679 0.8480983 0.037808876 0.055956967 2.9932585e-16 0.016031012 0.4631329 0.0059841103 0.020544494 0.009290327 0.9106192 0.0022538216 0.00018557411 0.0008268707 0.008718894 0.00015254287 0.931768 0.0013553792 0.0010979451 4.9004222e-05 6.364642e-05 0.0007288824 6.4610945e-06 7.732779e-06 6.7607607e-06 0.66370684 0.00036505793 0.085844845 4.656369e-05 8.247643e-05 4.4360888e-05 0.00086039014 1.8378234e-05 7.034321e-07 1.209231e-05 0.0011836358 4.5003083e-07 0.26678908 5.016616e-06 0.19852157 6.832712e-07 0.00039550234 2.5178611e-05 0.001204066 2.911756e-07 0.00088823243 0.0002990529 3.7077016e-06 3.1780687e-06 0.00022850768 2.5320296e-05 0.009276623 0.019272057 2.6088122e-05 7.623099e-08 1.2215759e-06 3.8254367e-08 5.7342464e-07 4.820358e-06 2.9839097e-05 0.0011785548 3.2879914e-06 0.0011749635 8.146957e-08 5.2589655e-07 0.0024292364 1.00950174e-07 6.6820153e-06 8.785714e-06 8.9796583e-07 0.03404056 8.865086e-05 0.0007959722 4.4899355e-08 2.7150245e-06 1.1109556e-06 0.00016981136 3.5815722e-07 0.001909165 3.750711e-05 1.0379068e-05 0.00044653701 5.357089e-08 3.2504756e-06 7.5294965e-06 0.00012732652 2.8200276e-08 4.1049457e-09 6.615463e-08 1.4900899e-05 1.9278488e-07 5.831879e-07 5.128656e-08 7.356904e-07 9.655198e-05 3.2134736e-08
0.9869104 0.7765542 0.056447133 0.5647292 0.20973971 0.08383938 0.03842214 0.9126113 0.21894526 0.016031012 2.0695585e-18 0.0015976517 0.15112267 0.00024690165 0.8112884 0.030951342 0.0035911582 0.02505461 0.0133825885 0.04666385 0.002949284 0.0021592327 0.110146746 0.5737962 0.072200075 0.1856832 0.045945432 0.00016511505 0.0010754036 0.0011557732 7.808541e-05 0.0019362243 0.00059490366 0.2471178 8.462255e-05 0.00014770178 0.637531 0.020216232 0.0020641312 2.082884e-05 0.7466237 2.5886658e-05 2.1798522e-07 8.353156e-06 1.5985263e-05 8.021413e-05 0.19861814 1.975766e-05 2.5558464e-05 2.3545008e-06 0.0004285776 0.41498384 0.00027048914 2.9767898e-05 0.23425941 0.18454202 4.39061e-06 5.093755e-06 0.068487346 5.1928137e-06 3.578955e-06 3.3831155e-05 2.9653058e-05 2.9374494e-05 0.07662589 0.233348 0.0004145005 1.6667585e-05 0.00040370907 3.7085858e-06 0.2468595 3.732954e-07 0.03381824 0.015521683 0.00012975388 9.618803e-07 3.9976767e-06 0.00014335761 4.531465e-06 3.3672095e-06 1.0851961e-05 7.8837627e-07 2.4333622e-05 9.81852e-07 4.905695e-06 3.5038306e-07 0.1430059 1.420741e-05 3.2647588e-07 0.0023622145 1.7138689e-06 3.5545378e-05 7.487317e-05 1.1762814e-06 4.5431007e-06 0.00018508115 1.0485362e-05 2.6834996e-07 5.280047e-05 0.0044557713 5.3899786e-08
0.79714525 0.25076044 0.6849075 0.0007937352 0.031736 0.42603678 0.9433433 0.0029726194 0.00041159932 0.4631329 0.0015976517 2.4554818e-15 0.026679903 0.97919554 0.0065446673 0.008227159 0.25886822 1.254465e-06 4.756785e-06 6.9024114e-05 0.0023954164 0.30233985 0.0077746757 1.4750053e-05 1.1959964e-06 2.8320399e-06 2.7693699e-05 0.00041828083 5.1895956e-08 0.00024328136 0.70664257 0.0037451964 0.00065870053 0.00026796552 0.0015370599 0.03525433 6.669451e-05 0.00013228353 9.496619e-09 0.005234308 0.0008675118 5.582881e-05 0.7062944 0.00038538047 0.0027639412 2.9351895e-05 4.2804063e-06 0.00011676398 0.6213727 7.4113246e-05 6.2330204e-05 4.6843354e-05 3.7944852e-07 3.4924884e-05 0.00016026181 6.5675784e-05 1.6185959e-05 0.0004557912 1.35950495e-05 2.3756734e-06 0.0056563397 1.22526735e-08 6.983977e-08 4.475288e-07 8.259993e-05 0.0020834962 3.4420726e-05 3.852792e-05 8.6508805e-08 0.00026482772 0.0032239289 1.4395967e-05 3.7169423e-06 2.2656375e-05 2.0819825e-05 0.07559051 0.1087204 0.23849294 5.052195e-07 0.000940931 0.00014305142 0.013259241 1.1172062e-06 0.022120474 0.119546756 0.007950016 0.00021825306 2.6841843e-08 0.0015919277 2.4980192e-05 0.015950385 2.4126773e-08 6.7729025e-07 1.0709087e-05 9.879527e-07 2.0647924e-06 6.265832e-08 3.164797e-06 3.3128917e-06 0.00013536244 4.604298e-07
0.9751008 0.5621785 0.5566812 0.0037249534 0.0026343486 0.013192982 0.06054967 0.018207863 6.229942e-05 0.0059841103 0.15112267 0.026679903 3.5036965e-15 0.06449145 0.88858455 0.00079395215 0.92347676 1.7154174e-06 3.0939134e-07 9.127585e-05 0.92317724 0.0030417305 0.8507018 0.00022008865 8.745822e-06 9.8118335e-06 2.7760547e-05 0.693229 3.618253e-08 0.28900257 0.0009859762 0.41140345 0.00015723702 0.35427442 0.3981015 0.58475983 0.017520571 0.15485191 8.515738e-08 0.37653002 0.227194 0.34845874 0.0005052925 0.28990906 6.273621e-05 0.027882528 9.429664e-05 0.07568286 0.12367886 0.1014418 4.7069585e-05 0.0087564085 2.5514175e-06 0.0037407202 0.011209368 0.047646154 1.1542267e-06 1.165024e-05 0.015079351 0.00032978272 0.07541063 4.3077642e-07 2.7146788e-07 2.434669e-07 0.01360075 0.01850173 0.0005065049 4.919738e-05 7.149601e-07 0.045912143 0.046860594 0.00043679177 0.00021816399 0.0054242294 0.0003230552 3.15159e-06 0.0017224503 0.0016187482 4.6485465e-07 0.024935 0.0037070941 9.475039e-06 4.6584946e-06 1.336554e-05 0.029136058 0.00094318955 0.005781156 3.184982e-07 0.0033176802 0.001244552 2.0202178e-05 1.5550174e-07 0.0001646446 0.0003540518 1.9114102e-06 6.012968e-06 5.114816e-07 9.5840995e-05 1.6608908e-05 0.009188995 0.00017657368
0.9065079 0.07932037 0.6433886 6.12238e-05 0.005423128 0.026442321 0.44794923 0.0013894956 2.6134141e-05 0.020544494 0.00024690165 0.97919554 0.06449145 2.845779e-16 0.006748394 0.0003728518 0.7453237 4.577348e-08 1.612118e-07 6.321634e-06 0.0068939705 0.079105884 0.03538698 4.0006025e-06 5.8581364e-08 3.9801492e-07 4.7425624e-06 0.0033012102 3.7720507e-09 0.00083040236 0.28432718 0.018209659 9.890802e-05 0.00047787267 0.0046338122 0.26369008 3.991397e-05 0.00029938848 4.6580477e-09 0.028134914 0.0010832424 0.00024418463 0.21834703 0.003217795 0.00018432092 0.00011602515 2.595299e-06 0.001025524 0.9147569 0.00010224497 3.6204108e-06 3.3632703e-05 2.655397e-07 4.2008938e-05 5.28925e-05 7.326118e-05 3.1562402e-06 3.5034e-05 2.5185285e-05 2.5421955e-06 0.01880525 1.9605016e-08 7.6124344e-08 3.1813298e-07 0.00011152815 0.0033326591 0.0001358351 3.0532567e-06 1.0595353e-08 0.0011380386 0.0034609304 2.3555216e-05 7.2966657e-07 0.00010276621 5.1609728e-05 0.07502573 0.3221842 0.35722163 8.0176676e-08 0.006400524 5.990619e-05 0.012896681 7.852716e-08 0.0044828835 0.5141365 0.013607685 0.00031642572 1.514181e-08 0.009892615 0.00020250105 0.008131819 4.9066364e-09 1.2210377e-06 4.9036105e-05 5.0415606e-06 8.4163224e-07 1.2866047e-07 1.3014277e-06 1.6462738e-07 0.0009894044 1.6856195e-07
0.99612457 0.8880713 0.20554475 0.081434965 0.061270144 0.056967657 0.04427795 0.25503618 0.0061645056 0.009290327 0.8112884 0.0065446673 0.88858455 0.006748394 2.7617943e-15 0.00227993 0.123377755 0.00010407381 1.2596877e-05 0.00043283048 0.1320557 0.002309017 0.7092682 0.042026423 0.00029253963 0.0005971697 0.0033909455 0.021285396 2.2800114e-06 0.08421421 0.0004265273 0.06032942 4.213557e-05 0.61732733 0.009006958 0.018524144 0.1724498 0.19082887 5.279919e-06 0.0073558697 0.783146 0.008936751 9.556718e-05 0.00787097 4.3016065e-05 0.0040328256 0.0023069414 0.0010664874 0.0024622034 0.0016998685 2.280519e-05 0.06686051 1.2130716e-05 0.000527344 0.07632949 0.12129112 8.015448e-07 4.6011573e-06 0.05676154 0.00022546694 0.0007396846 1.3059109e-06 4.6294392e-07 4.3550895e-07 0.06124732 0.1129506 0.00076062704 4.004047e-05 1.7320312e-05 0.000852373 0.18086076 5.7917456e-05 0.0043890527 0.011299557 0.00018356399 3.5898152e-06 9.684431e-05 0.00025766378 2.3926978e-07 0.00034632365 0.00034674283 6.271024e-07 6.682267e-05 8.07864e-06 0.00071780424 1.50794085e-05 0.061528504 1.8146172e-06 1.2673805e-05 0.00089358 2.2831368e-07 4.864708e-07 0.00018996146 1.9552019e-05 5.169455e-07 5.709601e-06 2.675665e-07 0.00010049052 1.4625601e-05 0.004448504 2.160423e-05
0.4703382 0.033503473 0.018785829 0.18127514 0.96944237 0.6909595 0.18559666 0.07408235 0.91786885 0.9106192 0.030951342 0.008227159 0.00079395215 0.0003728518 0.00227993 4.1108838e-17 0.00039144818 0.008725015 0.13111703 0.84997666 0.0001275043 0.84807724 0.00019252702 0.007977152 0.001902334 0.0032070081 0.0024696407 1.3184334e-06 0.0040203566 6.542358e-06 0.10118467 3.3746855e-05 0.8946591 2.703214e-05 2.007125e-05 1.1552166e-06 0.0021000814 6.695998e-06 0.00033582756 8.5720785e-07 0.0012026682 3.3539735e-08 0.029146912 3.6110984e-07 0.7403775 5.6967997e-07 0.0017476679 7.3930164e-06 0.00019146303 7.929793e-08 0.20886499 0.0012447912 0.001221523 1.1948507e-06 0.0011324796 4.676034e-05 0.23160402 0.053748757 1.6335187e-05 6.1194584e-08 7.609865e-08 8.677591e-05 0.00043798267 0.0043978584 2.182646e-05 0.0008767116 9.163794e-06 0.0916484 3.4887733e-05 1.7584293e-07 0.0021864765 2.9820745e-07 0.00017936422 2.0199848e-05 7.987808e-07 0.0050211586 7.9272e-06 1.99172e-05 1.7909279e-06 2.363191e-06 2.2501822e-06 3.3579709e-06 3.4176599e-06 0.00018929414 6.63325e-07 2.0841615e-07 0.00040318543 1.3281698e-06 7.8627835e-07 6.5069275e-06 7.965546e-06 3.6126164e-06 3.5251573e-09 6.4244986e-08 0.002219274 5.4874354e-06 0.00033076986 1.0163216e-07 8.628223e-06 5.9825466e-05 1.2573802e-08
0.9116815 0.32418072 0.8459255 0.00012344206 0.0014845942 0.011752174 0.17792043 0.0021418931 1.3605582e-05 0.0022538216 0.0035911582 0.25886822 0.92347676 0.7453237 0.123377755 0.00039144818 5.8910215e-16 6.139388e-07 1.2381172e-07 2.292978e-05 0.5077268 0.002820492 0.3575768 5.0518433e-05 1.047619e-06 2.3161326e-06 1.5591111e-05 0.7482628 6.3396524e-09 0.022644639 0.0033815708 0.16473058 9.864675e-06 0.009651158 0.24831046 0.9239622 0.0006099178 0.005828191 4.996634e-08 0.7426471 0.015080366 0.08333997 0.004015138 0.31298697 2.70908e-05 0.0037153456 2.6363414e-05 0.03272442 0.72766083 0.027388705 1.8161219e-06 0.00017561894 4.5974286e-08 0.0003423506 0.0006667461 0.0021744622 2.5438613e-08 4.0987793e-06 0.0007344867 3.4560886e-05 0.19958252 2.755042e-09 6.0907596e-10 2.8806104e-08 0.00027262128 0.0036565536 2.296668e-05 2.1315484e-05 6.021483e-08 0.06175036 0.012715883 0.00010101928 1.8873723e-05 0.00035158056 5.5021686e-05 6.566846e-05 0.021342967 0.013703552 1.9695634e-07 0.02491968 0.0011267808 0.00037265677 8.042024e-07 3.3191962e-05 0.07624615 0.0037356792 0.00090609776 1.08250035e-07 0.005863522 7.353881e-05 0.00021625968 2.6868108e-09 4.9703874e-07 4.6987872e-05 1.7558872e-07 1.143454e-05 5.352235e-09 5.4666157e-06 3.6113345e-06 0.00082391367 2.6446273e-06
0.9635522 1.9590618e-05 1.1537407e-05 0.7765316 0.005029188 5.9436486e-05 4.8963815e-05 0.26923493 0.21315226 0.00018557411 0.02505461 1.254465e-06 1.7154174e-06 4.577348e-08 0.00010407381 0.008725015 6.139388e-07 2.3730255e-16 0.85900056 0.41286522 2.2536042e-07 0.0005706945 9.388997e-07 0.73559356 0.8621765 0.65318954 0.83002764 1.163616e-07 0.95601636 2.4639368e-07 3.9264818e-05 1.3033696e-07 0.019091526 2.0090743e-05 1.6846103e-07 7.734167e-09 0.064227276 3.4455275e-07 0.8798471 1.5481387e-08 0.0034064078 6.2668923e-09 1.4068461e-06 2.946055e-08 0.0003065277 1.0416078e-08 0.35515037 2.1738057e-08 2.1475289e-07 1.3085588e-08 0.38744104 0.039184786 0.5097177 9.3807175e-09 0.009904963 0.00037198182 8.7620545e-05 4.115122e-05 0.00025345024 1.0022439e-07 3.5624364e-08 0.20313376 0.093145534 0.10686388 0.00016960468 0.054306924 3.3738506e-06 0.0012997893 0.12749292 1.0542036e-08 0.038564153 1.218657e-07 0.043053567 1.2376745e-05 2.0962534e-07 1.0904911e-07 4.5853284e-07 1.7183434e-06 0.00031415405 1.5591513e-07 4.2140752e-07 4.2886267e-08 3.9045884e-05 3.2032048e-08 3.317403e-08 2.420647e-08 0.018366214 0.007865808 1.8968908e-07 6.3660773e-06 2.7869449e-08 0.023215974 1.01615484e-07 2.4896153e-08 0.0025813503 0.00047551253 0.02413501 2.317813e-07 2.6819984e-05 6.648494e-05 1.5261334e-07
0.83871526 3.6405185e-05 2.1361944e-05 0.76279545 0.01837241 0.00013561764 0.00012199089 0.06365618 0.6859456 0.0008268707 0.0133825885 4.756785e-06 3.0939134e-07 1.612118e-07 1.2596877e-05 0.13111703 1.2381172e-07 0.85900056 1.8974383e-19 0.9828831 2.3250038e-07 0.018643409 2.445366e-07 0.0809165 0.29287785 0.05810784 0.07711736 1.7497872e-07 0.7847627 1.8676765e-07 0.0005347407 6.426729e-08 0.43169641 1.7411316e-05 7.230784e-08 1.6733506e-07 0.0072081643 1.147665e-06 0.16171527 1.1867552e-07 0.0009931839 1.0193069e-08 0.00016263194 3.0473633e-08 0.006804105 6.905706e-08 0.021216117 5.5438864e-08 2.650988e-06 2.3323356e-08 0.8223124 0.0030788304 0.37567973 2.8974765e-07 0.0013656789 8.693263e-05 0.0014316116 0.0004190001 6.318298e-05 7.787683e-08 1.8953656e-08 0.04772495 0.060896643 0.26285866 4.593259e-05 0.006542168 2.5160907e-06 0.019765884 0.015429684 8.975818e-08 0.0075586895 3.6842252e-07 0.0021467325 7.939093e-06 1.4553082e-07 4.1317658e-06 1.7181679e-06 2.7314056e-05 0.00017233111 1.3274904e-07 3.1142925e-05 1.5128534e-06 2.4776153e-05 2.4721287e-06 2.0733385e-08 6.329482e-08 0.0016271278 0.00013988979 2.5379634e-08 6.7738497e-06 1.253241e-07 0.0005879983 1.3405438e-08 1.5020245e-07 0.009268023 0.00055785704 0.004753192 1.704271e-07 3.6410842e-05 8.649945e-05 1.9715422e-07
0.6545514 0.0026970631 0.0010829031 0.4192597 0.2666005 0.0042332103 0.0005857411 0.06398738 0.9714462 0.008718894 0.04666385 6.9024114e-05 9.127585e-05 6.321634e-06 0.00043283048 0.84997666 2.292978e-05 0.41286522 0.9828831 8.099598e-18 2.5747991e-05 0.015421557 5.7305788e-05 0.034848645 0.04827595 0.016407702 0.027039088 3.0909172e-07 0.27761576 3.1025872e-06 0.0005722532 1.5017124e-05 0.66536295 3.3834447e-05 2.677836e-06 1.4263925e-07 0.004667484 9.139453e-06 0.025755858 4.239122e-07 0.0010720936 2.5248353e-08 0.0001455198 7.812528e-08 0.07208988 1.479271e-07 0.013862647 1.1978433e-06 2.4575585e-05 3.4219777e-08 0.6980575 0.0019668909 0.06331119 7.88044e-07 0.0020730323 2.131583e-05 0.037740808 0.0011978715 3.1364376e-05 2.9867863e-08 5.6746636e-08 0.0041364813 0.009046515 0.059074923 6.320281e-05 0.0047225007 2.0840604e-05 0.038891442 0.0019097604 3.0520266e-07 0.005257993 7.268655e-07 0.0008065374 7.158573e-05 5.6264963e-07 1.5641323e-06 1.5541729e-06 4.8648776e-06 3.5042754e-05 2.953234e-06 2.5244779e-05 6.1792315e-07 5.0699787e-06 2.7783668e-07 1.1936719e-06 1.8379843e-07 0.0010313104 1.2028361e-05 3.3515036e-07 1.5533424e-05 5.108554e-08 7.918039e-05 1.8358183e-08 1.4565828e-07 0.0030502712 0.000100532685 0.0007643443 5.790608e-07 2.2251028e-05 0.00017573035 9.083181e-08
0.9428376 0.013301695 0.03947698 8.643694e-05 0.00011500919 0.00011985336 0.0023009267 0.0003290175 3.9153592e-06 0.00015254287 0.002949284 0.0023954164 0.92317724 0.0068939705 0.1320557 0.0001275043 0.5077268 2.2536042e-07 2.3250038e-07 2.5747991e-05 2.8277738e-15 0.0004207941 0.75240284 2.38837e-06 7.5636706e-07 8.506911e-07 6.1739007e-07 0.94659823 2.9182875e-08 0.5734847 0.00010584731 0.683002 4.3949814e-05 0.09698043 0.75370234 0.55401266 0.0017657623 0.15041159 3.359076e-08 0.6019948 0.039123267 0.7941287 5.8243542e-05 0.53266394 3.731739e-06 0.14371522 4.102283e-06 0.30860907 0.024656452 0.42354456 2.2599274e-05 0.0018831905 2.5011323e-07 0.018934842 0.0031612755 0.012961118 1.5217495e-06 6.2483305e-06 0.006766022 0.0054960516 0.048731297 1.8059652e-07 1.4999804e-07 1.451073e-07 0.0055594346 0.0060058134 0.0009853666 1.7267881e-05 5.968385e-07 0.056715112 0.024199197 0.0032127523 5.3168984e-05 0.0068415445 0.0007867034 2.3277549e-07 0.00023357147 0.0005346673 7.8094115e-07 0.018656187 0.008885612 1.2595923e-06 7.667765e-06 2.7678213e-06 0.009162755 0.0004552554 0.0029856204 6.569834e-07 0.0023873681 0.0017839231 1.6661523e-06 1.10545415e-07 0.0009164472 0.0006334776 5.027138e-06 6.411572e-06 1.2258197e-07 0.00034238142 3.5967648e-06 0.0064508687 0.0002042127
0.58770853 0.018832345 0.09629848 0.0031462118 0.8701202 0.7488791 0.334854 0.02824833 0.26719528 0.931768 0.0021592327 0.30233985 0.0030417305 0.079105884 0.002309017 0.84807724 0.002820492 0.0005706945 0.018643409 0.015421557 0.0004207941 8.1021523e-13 0.0012645783 0.0005983471 3.9443166e-05 9.180979e-05 0.0010830152 8.1071275e-06 0.00011259224 2.6214066e-05 0.9520289 0.0009750085 0.6144324 1.2185199e-05 0.0005831552 0.00021450923 7.67423e-05 3.1147763e-05 2.1219508e-05 9.607888e-06 0.0002827299 1.2474513e-06 0.79415095 4.1630196e-06 0.9455855 2.5775594e-06 0.000152259 0.0004891381 0.006492916 3.4406596e-06 0.009258989 2.5610922e-05 7.908742e-05 1.76628e-05 6.670157e-05 1.2758609e-05 0.26766124 0.6525618 8.099292e-06 2.4005098e-07 5.6442368e-05 3.4037319e-06 7.4829095e-06 0.00019615621 5.5236583e-06 0.0017129875 9.064836e-06 0.035670936 2.3892682e-07 5.4369517e-05 0.00297201 6.902124e-08 2.9416236e-05 1.0372112e-05 2.5668176e-06 0.5166081 0.00057187944 0.0032820397 1.4565725e-06 4.2466243e-05 8.932634e-06 0.002597414 2.1974445e-06 0.24792713 0.0014262226 9.089078e-05 0.00013707382 1.315255e-06 3.5326914e-06 3.759055e-05 0.0037543331 8.0855926e-08 4.8509435e-07 2.612696e-07 0.00089380157 2.0180776e-06 3.0630738e-06 4.915967e-07 1.8271125e-05 0.000100095975 1.1884786e-06
0.9908638 0.15645193 0.09114631 0.000725947 0.0058744145 0.02431854 0.026709067 0.004151875 0.000105726445 0.0013553792 0.110146746 0.0077746757 0.8507018 0.03538698 0.7092682 0.00019252702 0.3575768 9.388997e-07 2.445366e-07 5.7305788e-05 0.75240284 0.0012645783 9.627267e-14 6.7787834e-05 8.966036e-07 1.92883e-06 1.4110256e-05 0.3904806 4.7865367e-08 0.7682057 0.0003941201 0.8842139 3.2167714e-05 0.6930007 0.5464333 0.31886876 0.013367709 0.7406697 7.1170255e-08 0.23160899 0.31044254 0.34060362 5.3390777e-05 0.2266986 5.2138294e-06 0.46728307 5.040491e-05 0.2834049 0.07779196 0.12811372 1.3132778e-05 0.008918697 4.461656e-07 0.089766644 0.009987586 0.1104345 6.446508e-06 3.601656e-06 0.06806142 0.010696854 0.028254313 1.4022376e-07 4.779423e-07 5.3667463e-07 0.033807624 0.01574884 0.00698196 6.6966015e-05 8.031207e-06 0.033566948 0.042193256 0.0042526224 3.980791e-05 0.020565998 0.00298219 4.2635806e-06 3.096417e-05 0.0007495812 2.0934147e-07 0.02865787 0.0056319027 4.960739e-06 8.70059e-06 1.3889813e-05 0.009653132 0.00014240624 0.008355914 2.902942e-07 0.0007618568 0.0027998013 1.369199e-06 1.4497721e-06 0.0019246232 6.647994e-05 9.256415e-06 1.2027747e-06 1.1209938e-06 0.018509094 7.6288916e-07 0.007086414 0.00011282881
0.9721218 0.019367382 0.00088106433 0.4795071 0.077521704 0.006938787 0.0013525347 0.5475686 0.18078545 0.0010979451 0.5737962 1.4750053e-05 0.00022008865 4.0006025e-06 0.042026423 0.007977152 5.0518433e-05 0.73559356 0.0809165 0.034848645 2.38837e-06 0.0005983471 6.7787834e-05 3.8298654e-17 0.5538284 0.83394533 0.9564679 3.4872382e-06 0.12704447 9.57464e-06 5.1093408e-05 4.52965e-06 0.0012374386 0.0066283974 3.291422e-07 6.6023756e-07 0.8641303 0.0003862153 0.29147837 1.5388116e-07 0.22947702 9.683673e-07 2.4433862e-06 2.135355e-07 2.9326491e-05 1.0552781e-06 0.6371322 5.75256e-08 1.8693176e-05 1.18376335e-07 0.009823116 0.39525545 0.027704254 3.803463e-07 0.16039705 0.020285793 1.1189778e-05 1.0754309e-06 0.009120803 3.122396e-07 6.225671e-07 0.016269438 0.0027858105 0.0014001931 0.013425821 0.07302048 1.5715792e-05 7.831917e-06 0.06503343 6.467814e-08 0.110660754 2.07949e-07 0.13286757 0.0010703803 2.2192928e-06 3.6850702e-06 1.1609148e-05 0.0001848284 0.00017016445 4.023751e-06 1.4488487e-06 1.3434715e-05 3.5501744e-05 2.0795069e-06 2.124495e-06 9.588598e-07 0.12100231 0.0028610409 2.7608206e-07 0.00014341231 1.2515303e-06 0.0057437154 6.014339e-06 1.1927814e-07 5.6585377e-06 0.00022895356 0.0009304651 1.5022208e-07 2.0037396e-05 0.00014690035 3.79966e-07
0.85204965 0.00012999146 2.6514877e-05 0.53017473 0.0009900595 0.00010218736 7.0844704e-05 0.051613532 0.05517934 4.9004222e-05 0.072200075 1.1959964e-06 8.745822e-06 5.8581364e-08 0.00029253963 0.001902334 1.047619e-06 0.8621765 0.29287785 0.04827595 7.5636706e-07 3.9443166e-05 8.966036e-07 0.5538284 2.8229344e-15 0.95355153 0.67293674 4.7521758e-07 0.10395818 7.7831504e-07 1.0922522e-05 7.7461884e-08 0.0003195605 0.00014714291 1.6805785e-08 1.9504164e-08 0.036998205 2.6034564e-05 0.8927437 2.417362e-08 0.0032058598 2.4120746e-08 3.8230388e-07 1.619069e-08 1.3851321e-05 1.0052785e-07 0.8790321 1.4539758e-08 2.2014551e-06 1.2407346e-08 0.006092147 0.025069403 0.04539172 6.212708e-08 0.0145204775 0.00054958754 8.477396e-06 8.513704e-07 0.00027896868 4.1835124e-06 4.1217614e-08 0.04736867 0.008104659 0.0023014327 0.00027509822 0.032140166 5.239555e-06 6.624504e-06 0.69406015 2.8132424e-08 0.023234174 2.4628184e-07 0.2257189 4.057842e-05 1.4133609e-05 3.0679809e-07 4.923089e-07 4.7537833e-06 0.009277857 5.082912e-07 2.4686335e-07 7.6463004e-07 0.00057391357 3.6056272e-07 1.267407e-07 2.2839023e-08 0.019682387 0.033035006 4.2627324e-09 1.7518821e-06 1.6901586e-07 0.035577074 1.3990377e-06 4.0264187e-08 9.4451985e-05 0.06884034 0.0063168705 1.3710218e-06 0.000507967 1.5111474e-06 2.4653598e-08
0.96220905 0.00047896398 0.00015944909 0.3209855 0.0061851665 0.00029033615 0.00021080427 0.13618594 0.06484214 6.364642e-05 0.1856832 2.8320399e-06 9.8118335e-06 3.9801492e-07 0.0005971697 0.0032070081 2.3161326e-06 0.65318954 0.05810784 0.016407702 8.506911e-07 9.180979e-05 1.92883e-06 0.83394533 0.95355153 4.8495204e-16 0.84512657 1.9097631e-06 0.081453085 6.9628385e-07 2.1362188e-05 1.9663098e-08 0.00037720532 0.0001465318 3.5101035e-08 2.2028978e-08 0.29665226 5.0147173e-06 0.5412015 6.7537044e-08 0.009392594 3.3392078e-07 1.5355463e-06 7.237504e-08 6.373217e-05 8.5741995e-08 0.90671396 9.154312e-09 4.9609707e-06 3.793423e-08 0.0061642057 0.14045513 0.03314904 1.9314509e-08 0.056222137 0.00048587736 1.1721197e-05 1.5347746e-06 0.00071370736 1.6942814e-06 6.2004125e-07 0.027317652 0.0052649654 0.0024507022 0.00025838995 0.05076308 1.130548e-06 3.8461694e-05 0.23886465 1.0209515e-07 0.05147669 2.7790118e-06 0.32511523 1.0092102e-05 8.858493e-07 1.3322699e-06 7.412381e-06 5.4414384e-05 0.0011406424 2.0107063e-06 8.075556e-07 2.9120604e-06 0.00089070987 5.9841414e-06 3.7950863e-07 6.601878e-07 0.0736005 0.014639731 7.715651e-08 2.429307e-07 1.2757464e-07 0.023489235 1.030455e-08 1.8340359e-07 7.433339e-05 0.005069348 0.00666907 1.6069613e-06 8.575284e-05 3.7044728e-07 4.1413987e-08
0.9909291 0.0024632392 0.0003789242 0.12580226 0.033674076 0.0025834609 0.0005160306 0.053585272 0.066828206 0.0007288824 0.045945432 2.7693699e-05 2.7760547e-05 4.7425624e-06 0.0033909455 0.0024696407 1.5591111e-05 0.83002764 0.07711736 0.027039088 6.1739007e-07 0.0010830152 1.4110256e-05 0.9564679 0.67293674 0.84512657 2.0242276e-16 3.4701938e-07 0.20911889 1.1581365e-06 3.854659e-05 1.4844625e-06 0.0017608788 0.00032834106 3.9775762e-07 9.1494115e-08 0.34674153 1.0829494e-05 0.72403353 9.246881e-09 0.030500012 1.3327018e-08 1.7835681e-06 2.909921e-09 7.417306e-05 3.3216516e-08 0.6045832 1.2367393e-08 4.6751953e-07 1.2821448e-09 0.0060853157 0.21619897 0.07441169 2.7527676e-09 0.075267285 0.004166883 2.5747856e-06 1.8995765e-06 0.003875454 1.846101e-10 2.2083047e-07 0.025837906 0.0039120177 0.0023290662 0.0021044984 0.099051915 2.057559e-06 1.0793881e-05 0.0818532 3.091116e-08 0.11006333 1.0458581e-08 0.13604689 8.097134e-05 3.2145035e-08 1.0099313e-05 8.509427e-07 2.2297294e-05 0.00025921332 1.0361479e-06 4.4222804e-07 2.9164125e-06 7.122414e-05 9.805715e-06 4.708438e-06 8.6855636e-07 0.1476005 0.008774356 8.267558e-07 1.6518003e-05 5.832697e-07 0.0075624497 2.2255895e-08 4.0758938e-08 7.158996e-05 0.00029250197 0.00086835644 7.568808e-09 2.888226e-05 6.904933e-05 2.375194e-09
0.7985149 0.0010974207 0.017119007 1.4889933e-05 1.7226743e-05 1.7315257e-05 0.00036512254 9.439526e-05 2.654296e-07 6.4610945e-06 0.00016511505 0.00041828083 0.693229 0.0033012102 0.021285396 1.3184334e-06 0.7482628 1.163616e-07 1.7497872e-07 3.0909172e-07 0.94659823 8.1071275e-06 0.3904806 3.4872382e-06 4.7521758e-07 1.9097631e-06 3.4701938e-07 2.1856416e-16 7.962906e-09 0.52951485 2.2865928e-05 0.5022208 4.006421e-06 0.022033794 0.8508838 0.4423892 0.00029530565 0.02125383 3.2334615e-08 0.71135145 0.012255498 0.9341264 1.6449447e-05 0.82010025 1.4874021e-07 0.16819051 6.329e-06 0.66676617 0.05543186 0.75207657 6.898041e-07 0.0003028006 5.5874214e-08 0.028165767 0.0012154937 0.0025972405 6.188857e-07 8.158854e-06 0.0013600081 0.0053422996 0.124339506 8.3613685e-09 2.1965496e-08 1.7677266e-08 0.0012545392 0.0019039557 0.00063037995 4.8224315e-06 3.6514254e-07 0.17243047 0.00679481 0.010189547 2.2321354e-05 0.0015736497 0.0003977154 7.6215294e-08 0.00014753635 0.00031957787 5.078752e-06 0.01982313 0.014307341 1.2555756e-06 1.4724875e-06 1.312534e-07 0.0056537404 0.00075082143 0.0015216167 7.8867026e-07 0.0032556073 0.00048331733 6.3044064e-07 6.812363e-08 8.8187924e-05 0.00089740386 3.898265e-06 6.6461995e-05 2.4759663e-07 0.00023547593 2.1237689e-05 0.0021889508 0.00013354489
0.865009 4.8560406e-07 3.772173e-07 0.05477376 0.0014368995 3.1800876e-06 2.5145794e-06 0.01698982 0.059627477 7.732779e-06 0.0010754036 5.1895956e-08 3.618253e-08 3.7720507e-09 2.2800114e-06 0.0040203566 6.3396524e-09 0.95601636 0.7847627 0.27761576 2.9182875e-08 0.00011259224 4.7865367e-08 0.12704447 0.10395818 0.081453085 0.20911889 7.962906e-09 1.0890401e-15 3.9613795e-08 6.7421695e-07 2.1064748e-08 0.037773162 1.7096481e-07 2.3924454e-08 3.2967043e-10 0.0034133978 2.7594874e-08 0.63172597 2.2767292e-09 5.1067742e-05 9.497411e-10 5.9974695e-08 2.633783e-09 0.00023923772 3.1238727e-09 0.060420074 1.2835647e-08 2.3506765e-07 3.4321141e-09 0.92084235 0.0014112059 0.9819625 2.1425382e-08 0.0010411193 1.1667753e-05 0.00016507664 3.836363e-05 2.0953381e-05 1.6201843e-08 1.3631978e-08 0.37188014 0.22826822 0.29085907 4.6268456e-06 0.008516853 1.2588224e-06 0.003227205 0.09059895 4.7078004e-08 0.006689884 6.7739975e-08 0.0013870164 1.436872e-06 5.9258454e-08 3.4099504e-08 1.5517248e-06 2.010553e-06 0.0003788964 6.1791816e-08 1.6948809e-06 2.044436e-08 2.258667e-05 6.069028e-10 2.1154024e-07 1.916434e-09 0.002893812 0.0024140414 3.1580402e-08 3.1544225e-06 1.5828271e-09 0.012554604 5.550595e-08 2.8971295e-08 0.009991177 0.0002945811 0.029076498 3.566583e-08 4.0380073e-05 8.501689e-05 2.4728445e-07
0.9123989 0.0007780116 0.0027525083 9.389843e-06 4.086331e-05 1.326736e-05 0.0002361312 6.546174e-05 2.277358e-06 6.7607607e-06 0.0011557732 0.00024328136 0.28900257 0.00083040236 0.08421421 6.542358e-06 0.022644639 2.4639368e-07 1.8676765e-07 3.1025872e-06 0.5734847 2.6214066e-05 0.7682057 9.57464e-06 7.7831504e-07 6.9628385e-07 1.1581365e-06 0.52951485 3.9613795e-08 6.3870888e-15 1.8280465e-05 0.93028 5.3202234e-06 0.31495127 0.5751647 0.032625284 0.0027221157 0.6749496 6.279938e-08 0.0648474 0.047051758 0.59516704 2.2854213e-06 0.099808894 2.3410823e-06 0.8921358 5.1655643e-06 0.7305012 0.0011456967 0.23997623 2.4554347e-06 0.0044145514 5.4365523e-07 0.43465915 0.006789864 0.07142647 9.171606e-07 4.365596e-06 0.04499947 0.030740628 0.002963454 8.225354e-08 4.5674664e-08 2.630832e-08 0.02359457 0.010845771 0.012661188 6.915662e-05 1.2224475e-06 0.010187035 0.030481882 0.0052778423 0.00020273814 0.040586535 0.002415742 1.2480493e-07 2.6855632e-05 5.2857453e-05 2.0655725e-06 0.0013835459 0.00536503 3.7884703e-08 1.5116586e-05 5.6372323e-07 0.00022989043 5.242678e-06 0.006472582 5.2607265e-07 0.0007643395 0.00400127 8.447727e-08 4.4305562e-08 0.0041639134 0.0007174556 1.4214571e-06 3.320641e-06 3.5039896e-08 0.003069241 1.44852065e-05 0.015224552 0.00044902985
0.33542055 0.009301746 0.06825127 0.00025179345 0.44776368 0.5321539 0.3734879 0.00081589015 0.0064052995 0.66370684 7.808541e-05 0.70664257 0.0009859762 0.28432718 0.0004265273 0.10118467 0.0033815708 3.9264818e-05 0.0005347407 0.0005722532 0.00010584731 0.9520289 0.0003941201 5.1093408e-05 1.0922522e-05 2.1362188e-05 3.854659e-05 2.2865928e-05 6.7421695e-07 1.8280465e-05 2.5770523e-14 0.00031684755 0.0059255236 1.2299873e-05 0.00045154066 0.00036858808 7.735447e-06 4.5723964e-06 8.121463e-07 8.8673005e-05 3.3711924e-05 2.5992722e-06 0.9953278 1.801225e-05 0.20967127 4.3422438e-06 3.0157908e-05 5.9391274e-05 0.015675798 2.0953073e-06 5.8678354e-05 5.3291227e-05 8.4807306e-07 4.3563214e-06 6.2122264e-05 3.7039877e-06 0.0030187003 0.1316268 9.553953e-06 1.2386233e-06 3.0419842e-05 8.0076276e-08 4.2600627e-07 2.1894687e-06 2.9493724e-06 0.00225263 2.0759435e-05 9.2247385e-05 1.9034181e-07 5.7268553e-06 0.002624275 1.9670226e-06 4.4901957e-05 2.5634698e-05 3.8730927e-06 0.11851255 0.002692661 0.012308024 1.4492647e-06 4.5258654e-05 1.6717988e-05 0.0015789466 3.7061852e-06 0.044699088 0.0015028192 0.0006991741 0.00012315915 8.2335475e-08 0.00019939424 0.00013326715 0.0021790315 2.1287008e-08 4.2081655e-08 4.0524415e-06 2.9607847e-05 1.919499e-06 1.5933226e-07 8.929692e-07 8.052112e-06 0.00040469496 3.408677e-07
