3.9939972e-22 0.11824521 0.57307565 0.6869848 0.0101571325 0.94752735 0.7524091 0.6108087 0.3167937 0.015589782 0.0005908082 0.017612256 0.0011809894 0.9805275 0.92247504 0.9862155 0.13507417 0.85254306 0.2979168 0.9833042 0.9197576 0.06364452 0.9293592 0.93855315 0.38776216 0.8783216 0.9628465 0.119306736 0.20758258 0.9447502 0.91874117 0.9349158 0.8453042 0.19099127 0.953001 0.74625605 0.9245273 0.98534155 0.9423359 0.94356245 0.8474435 0.9865771 0.2607442 0.00619918 0.96686715 0.8893004 0.90559834 0.0035860382 0.83054966 0.43332022 0.3356486 0.9787267 0.8648668 0.901495 0.022377273 0.7407152 0.9457502 0.9958886 0.9890739 6.0034617e-06 0.25877643 0.95977473 1.0590158e-05 0.7778928 0.96795064 0.9417899 0.9298774 0.72673464 0.935412 0.8616163 0.061641023 0.91779387 0.031523943 0.00023561272 0.91164035 4.597359e-06 0.021761542 0.47603726 0.99879676 0.9977604 0.9946948 2.7622114e-05 0.0061382386 0.0032589652 0.11585861 0.0010237342 0.9941587 0.9996323 0.98150885 0.2715452 0.997798 0.016204743 0.99692905 0.97125983 0.9958234 0.5912492 0.99232435 0.9975493 0.0037165843 0.94135624 0.99989253
0.11824521 4.6402933e-17 0.85525614 0.4949118 0.95662636 0.6780643 0.4170535 0.67862034 0.45909458 0.61698896 0.8149475 0.33730048 0.7552506 0.6703116 0.049482405 0.83149177 0.049954124 0.089606695 0.024300434 0.018816572 0.032305658 0.0006044559 0.0012928471 0.08545169 0.00034451432 0.00024926994 0.004820535 0.00015626595 0.028202126 0.14240815 0.035935294 0.0547675 0.002462752 1.992609e-05 0.0036779258 9.339357e-06 0.00084578665 0.016689794 0.0032946165 5.0888826e-05 1.1398273e-05 0.0007542102 8.903204e-07 6.0496164e-05 0.000244959 9.911633e-05 1.9216582e-06 0.037580892 8.866536e-06 1.8476602e-08 1.796771e-05 0.00041473357 3.9521706e-07 3.95925e-06 0.00058239297 1.577929e-05 0.00011255285 7.467657e-05 0.0002979572 6.653176e-05 2.6112799e-08 0.000114509596 5.970304e-05 2.8591217e-07 0.0006566671 2.903752e-06 3.1060154e-08 1.3691703e-08 2.0828243e-07 5.123987e-06 7.3297383e-07 7.993718e-06 1.871991e-06 6.423941e-10 4.047231e-06 3.537138e-06 1.2072197e-08 4.254273e-07 0.00010717613 0.0003385638 0.000288844 1.5466911e-06 1.5237222e-07 2.4048316e-07 6.9014953e-07 1.4133823e-07 0.00014268995 0.00054312014 6.824416e-05 1.13970884e-07 0.0006687454 8.496833e-07 0.002804541 0.00031799756 0.00039553287 0.00065754633 1.4569086e-06 3.6943459e-06 1.0866735e-06 0.00018580555 1.8956665e-05
0.57307565 0.85525614 9.626879e-18 0.9869234 0.2464961 0.900409 0.24328639 0.66513443 0.14564613 0.26558942 0.049171988 0.2537295 0.062960364 0.68645114 0.055534616 0.63811696 0.010057542 0.10538953 0.10927661 0.014601693 0.036733106 0.00037978977 0.00075281435 0.2646313 0.0010387872 0.00035744786 0.0013378256 0.00017484855 0.03654423 0.17558429 0.035064988 0.05605034 0.0073102065 5.567273e-06 0.019562073 0.0003663735 0.0009495003 0.022624806 0.0035860843 0.0017359495 2.4816472e-05 0.0064928015 2.2088989e-05 2.3640669e-05 6.905321e-05 0.00030186266 1.3979568e-05 0.017424315 9.518302e-06 5.1040547e-06 8.843773e-05 0.0008132811 7.5732746e-06 6.624683e-07 0.00086558587 3.2299235e-06 0.00010734871 1.81895e-05 0.00024225064 2.8846928e-06 1.06138405e-08 0.00024152282 6.2579907e-06 2.364585e-07 0.0019790058 5.8607722e-05 1.15800885e-05 8.410152e-09 1.0606137e-05 4.6906836e-05 2.4094984e-07 7.0856666e-05 3.614727e-05 3.7029821e-09 0.00012229526 2.090467e-06 4.6144922e-07 7.726994e-07 0.0005167846 0.0077753467 0.0015397755 1.9967188e-06 4.2646942e-08 1.0866257e-06 8.886788e-09 9.212539e-08 0.00030998516 0.00067477504 0.00049766793 7.64653e-08 0.0011342987 6.2654647e-07 0.0005305492 0.0003704191 0.00031398633 2.0363364e-05 2.6218617e-05 6.691948e-05 1.3875766e-07 3.0864207e-06 0.00029392078
0.6869848 0.4949118 0.9869234 1.2958076e-19 0.050949324 0.78075147 0.14983447 0.39222053 0.080669396 0.040575705 0.008566482 0.03664681 0.0071379417 0.7716566 0.052060403 0.73594636 0.007185073 0.14119907 0.17766704 0.019804174 0.12911536 0.00035765927 0.0005313888 0.5799023 0.00038930326 0.00014910103 0.0018844237 0.00022772755 0.00842621 0.23718855 0.08327023 0.090581894 0.008602717 4.73003e-05 0.04019322 0.00024883717 0.00072623295 0.027665954 0.009961915 0.0013075087 2.0822485e-05 0.012526152 3.409074e-05 1.473036e-05 0.0007361153 0.0004377595 8.3142295e-06 0.0042887446 2.4440327e-05 3.7888608e-06 5.7996665e-05 0.000934375 5.345928e-06 3.401113e-06 0.00013793788 2.0674486e-06 0.0004310339 0.00019162615 0.00063273136 4.701542e-06 8.073542e-08 0.0015387252 6.678893e-06 1.5580345e-06 0.0066924198 0.0003510857 3.5481877e-05 1.05261286e-07 1.5224557e-05 0.00026574786 1.1108084e-06 0.00017046965 2.677241e-06 4.8776382e-08 0.00018971975 1.5566561e-06 8.580384e-08 1.0192261e-06 0.00062681787 0.012191309 0.0042874445 1.0446072e-06 4.071234e-07 3.339308e-06 3.97351e-08 3.9825602e-07 0.0017467131 0.0016140111 0.0010755683 7.8587085e-08 0.0019704525 5.174476e-07 0.00079000386 0.0010372212 0.0004932392 1.31204715e-05 2.4317036e-05 0.00012356655 5.0897273e-07 4.6426076e-06 0.00054472487
0.0101571325 0.95662636 0.2464961 0.050949324 2.1799033e-17 0.04177739 0.32757488 0.008763439 0.66380394 0.026709499 0.9885271 0.005067282 0.14404164 0.22194885 0.054792106 0.23919727 0.33674124 0.00038775516 0.00037238272 0.018778544 0.015304931 0.0015943198 0.0055264547 0.001841391 0.0012833226 0.0013230088 0.0082687745 0.00038879906 0.000155297 0.0019674385 0.0075309263 0.004969407 1.2303007e-05 3.551329e-05 3.0291596e-05 8.105083e-07 5.79466e-06 0.0010029975 0.0009261727 2.397593e-07 0.0001452511 1.3001258e-05 9.937542e-08 0.00020403828 0.00030656427 3.6500714e-05 5.1455486e-06 0.00038561263 4.4968205e-05 1.4518087e-08 2.3057667e-07 4.474447e-05 1.192696e-07 5.1791585e-06 1.3271625e-05 1.203186e-05 7.063732e-05 2.2025333e-05 0.0001745708 2.0472835e-07 3.253681e-07 3.8930975e-06 2.0455506e-07 2.6782127e-05 5.8457677e-05 1.1032661e-06 1.18296995e-07 6.8339955e-07 1.7398533e-07 4.924662e-07 4.879891e-06 6.621551e-07 4.6198174e-08 8.9019586e-08 1.0470518e-06 1.7303668e-07 4.4643667e-09 5.514014e-07 0.00010099289 1.2739594e-05 7.440651e-05 1.943992e-07 3.3711394e-06 8.223237e-08 1.0836195e-06 6.201308e-08 2.999566e-06 0.00018420548 2.0451938e-05 5.361096e-08 0.00026421016 4.61972e-08 0.00025747292 7.572166e-05 8.847771e-05 0.00016895264 2.0829723e-06 4.5172715e-07 1.2765169e-07 8.169393e-05 7.1539494e-06
0.94752735 0.6780643 0.900409 0.78075147 0.04177739 6.3837023e-15 0.037070084 0.91082567 0.03858678 0.23772672 0.0049895206 0.3019382 0.023104979 0.54943746 0.007012723 0.7934241 0.0025740813 0.67794895 0.6297134 0.0009643833 0.022589441 8.485998e-05 8.573485e-05 0.81131095 6.543079e-05 1.9036688e-05 0.00031845737 7.460198e-05 0.41135782 0.75440216 0.037391044 0.109788194 0.05839669 1.3065874e-06 0.17582318 0.0017079363 0.005293512 0.06070121 0.003430498 0.009960438 1.8854806e-06 0.030823259 0.00021516177 1.02613285e-05 3.737393e-05 3.2666056e-05 0.00017142532 0.09491868 2.4043097e-06 5.2094776e-05 0.0015776709 0.0003835666 0.00014115998 2.8258845e-07 0.00608571 1.3302347e-06 3.589745e-05 3.6085773e-06 2.4548177e-05 0.00010793722 4.7564946e-08 0.00210473 0.00013263129 3.3091956e-07 0.003979296 0.0010568628 0.00014836289 9.639524e-10 3.863116e-05 0.0006173389 3.0282656e-06 0.00048259602 0.00040060809 3.2105145e-08 0.00030218787 0.00010571475 3.0443145e-05 4.0387888e-05 0.002558939 0.030437686 0.0013266514 1.2541043e-05 1.3778553e-07 7.053352e-05 1.29718485e-08 9.641033e-06 0.002000222 0.00086607714 0.0011083467 1.3686247e-06 0.00053857506 1.586622e-05 0.000308148 0.00023090884 0.0002912027 1.42554145e-05 5.1982122e-05 0.00018551976 3.2308537e-06 4.527672e-06 0.00060147746
0.7524091 0.4170535 0.24328639 0.14983447 0.32757488 0.037070084 1.6158192e-17 0.017203668 0.91437477 0.0068811555 0.06596766 0.003072981 0.011269683 0.6991186 0.9632502 0.36588353 0.8346944 0.0056707067 0.008313281 0.25618204 0.1664087 0.5806343 0.22611639 0.022993824 0.37688315 0.12587723 0.18941902 0.19199154 0.0009472844 0.019743703 0.12401083 0.06500524 0.00077420095 0.017061286 0.0039436454 8.2222134e-05 0.00020392139 0.039850615 0.019667797 0.0001626822 0.011863158 0.005004109 2.0519838e-06 0.014327447 0.019504448 0.003037694 9.602438e-06 0.0137019865 0.0017101677 1.5013578e-06 1.2989868e-05 0.0020165695 1.120086e-05 0.00024421234 3.6208028e-05 0.00047305963 0.0015679459 0.004625723 0.0020080183 3.5539307e-07 2.2374202e-06 0.00029386417 4.1328e-07 8.2750295e-05 0.0016190639 0.000197706 1.0270384e-05 1.627531e-06 1.6094305e-06 0.00016971018 1.587859e-05 6.627515e-05 6.7115434e-05 8.739792e-08 4.750178e-05 7.4410127e-07 2.0275601e-07 1.2642316e-06 0.00031974496 0.002470293 0.004448362 3.2184453e-06 1.269352e-07 1.8945679e-05 4.2433786e-08 2.2274817e-06 0.0009719133 0.00357706 0.00023163871 1.0637153e-07 0.0018745709 2.6462938e-05 0.003946994 0.006013857 0.0039615203 0.00019673229 3.1860938e-05 1.8500326e-05 8.3776085e-06 0.00020249333 0.00046602183
0.6108087 0.67862034 0.66513443 0.39222053 0.008763439 0.91082567 0.017203668 2.8200564e-18 0.0016457804 0.7536283 0.017873427 0.96153396 0.24656337 0.20536222 0.0019106366 0.708936 0.00016071269 0.6593936 0.19606979 0.0002652111 0.0030517506 2.0934597e-06 4.191398e-05 0.2390185 5.051619e-06 4.1701724e-06 7.201231e-05 8.057547e-07 0.9346289 0.5010979 0.0077256435 0.024884216 0.15797025 1.6011283e-08 0.039255116 0.00519972 0.049850028 0.04258855 0.0010302548 0.007778807 3.0781607e-08 0.0054204883 0.00023782963 2.722631e-07 7.057046e-05 7.79517e-07 0.0011553363 0.49218127 8.701752e-08 3.340262e-05 0.0013960757 1.8276753e-05 8.747268e-05 4.705287e-08 0.06292133 7.510839e-07 1.1718955e-06 3.4294396e-06 3.7736465e-06 0.002273607 6.999296e-09 0.00029913816 0.0015941921 6.561778e-08 0.0010630076 0.00011561391 3.3026047e-06 8.273719e-09 1.2017359e-06 3.7133763e-05 3.4278258e-07 5.4074635e-06 0.00015765805 1.5630704e-10 2.2670856e-05 0.0008165802 1.4991054e-05 7.441928e-05 0.0011195847 0.007556243 0.00014524514 0.00010336628 2.693918e-07 0.00013674062 1.2325484e-07 2.4562992e-06 0.00020168291 0.00023535828 0.0005792699 1.5555133e-06 0.00016012279 4.9904907e-06 6.129952e-05 0.00058734627 0.00028739593 0.00012868473 2.1154415e-06 8.941839e-06 2.076561e-07 0.00030992483 5.5281515e-05
0.3167937 0.45909458 0.14564613 0.080669396 0.66380394 0.03858678 0.91437477 0.0016457804 1.2393217e-17 0.0014649639 0.3945444 0.000991767 0.0038643212 0.6161708 0.40405235 0.47412375 0.9808859 0.0014211569 0.0014024831 0.114713416 0.09479795 0.22677323 0.085999936 0.006059825 0.02273328 0.03333152 0.1543495 0.010099762 8.581853e-05 0.00963278 0.052578427 0.043132536 5.954292e-05 0.0025494404 0.0012972426 4.4686203e-06 1.5882873e-05 0.013178484 0.010336895 2.9617871e-05 0.0046842266 0.00044704234 2.7945364e-07 0.0063741393 0.023121865 0.005488106 2.1919597e-05 0.0007287688 0.003140681 8.5707376e-07 8.6617086e-07 0.0015888709 1.010158e-06 0.00010337584 4.3566874e-06 0.00021372875 0.00065921963 0.003095509 0.002078164 1.7944095e-07 5.232743e-06 0.0001692079 7.757884e-08 4.4272685e-05 0.00064975803 0.0003667551 2.7531576e-06 4.157497e-06 3.065748e-06 4.2784948e-05 8.540854e-06 0.0004199292 4.3196264e-06 4.559131e-07 6.13645e-05 3.9759834e-07 8.183884e-08 1.3154425e-05 0.00046202366 0.0013975804 0.001513774 4.2281602e-07 1.1067041e-05 2.781795e-07 6.082364e-07 1.3291282e-07 0.00017762961 0.002650819 0.00036679217 2.9056173e-07 0.0028678784 2.3451e-06 0.007874777 0.007114838 0.00400488 0.00070119504 4.3100696e-05 2.1933483e-05 5.1582066e-07 0.0005758181 0.0006942762
0.015589782 0.61698896 0.26558942 0.040575705 0.026709499 0.23772672 0.0068811555 0.7536283 0.0014649639 1.3098352e-15 0.10245423 0.9839853 0.97227865 0.06005798 0.0019650832 0.28999132 0.00033412356 0.026788766 0.0038132826 0.0013291271 0.002043644 3.4376375e-05 0.00017253189 0.009783887 3.5262674e-05 4.616512e-05 0.0008155961 2.845339e-05 0.1640107 0.03465619 0.0015694512 0.004354532 0.0024740996 3.2237137e-06 0.0020391217 0.00013267115 0.0010099323 0.0051455237 0.0002836078 0.00021891741 4.9329187e-06 0.0001842227 5.543964e-05 7.5249523e-06 9.251081e-05 1.1255728e-05 9.092998e-05 0.041062936 1.1727145e-05 5.280931e-06 8.33815e-05 2.3645514e-05 3.3369301e-06 6.557318e-06 0.00012093354 1.9746565e-05 4.0472794e-05 6.8754775e-06 0.00012124614 3.9988416e-05 9.0523265e-08 1.0092699e-05 2.5465326e-05 6.300625e-07 9.2403934e-05 1.2645235e-06 1.655957e-06 8.399287e-08 7.96102e-06 1.5115229e-05 4.6233725e-07 5.745781e-05 3.3086797e-06 2.8841713e-09 3.0631483e-05 1.2240487e-05 1.096738e-06 1.2248358e-05 3.9700088e-05 0.00010349283 0.00023800705 1.0244769e-06 5.4036796e-06 8.338226e-06 2.6915066e-07 2.0678378e-07 4.7284517e-05 0.00032712182 0.000117313466 4.417008e-07 0.00029467972 2.7901268e-07 0.00085173803 0.00020809534 0.00037418224 0.00078755163 3.197527e-05 2.9956009e-06 1.5134967e-08 0.0007474408 0.00020940446
0.0005908082 0.8149475 0.049171988 0.008566482 0.9885271 0.0049895206 0.06596766 0.017873427 0.3945444 0.10245423 2.123204e-14 0.046375558 0.9205409 0.017385814 0.007651656 0.033637192 0.22087705 0.0003556542 0.00013925406 0.0019348796 0.0012760466 0.00096646824 0.0007508168 0.00033928087 0.00054892706 0.0002345004 0.0018363053 0.00019876982 0.0012556004 0.00041070534 0.0009270029 0.00061060686 1.7650877e-05 2.2239275e-05 3.78493e-05 1.6091812e-05 4.1369094e-05 0.00017685984 0.00013272974 6.330811e-06 1.41774835e-05 3.909326e-06 1.592469e-05 0.00072654395 5.040438e-05 3.9892166e-05 7.823892e-06 0.016740907 8.4587286e-05 4.3627676e-07 4.6147716e-06 1.5806701e-05 1.5764226e-06 1.3102791e-05 5.0092993e-05 0.00027027383 3.32717e-05 5.450369e-06 9.1393966e-05 3.890731e-05 1.4753142e-06 4.776095e-06 4.06962e-05 3.3267956e-05 1.003161e-05 2.912195e-07 2.8070102e-07 9.0987396e-07 7.3811697e-07 2.121365e-06 2.1119009e-05 1.3899235e-05 7.401308e-07 9.799952e-07 6.5284717e-06 1.640727e-05 2.2058926e-07 7.6170056e-07 1.4966527e-05 3.7487569e-06 0.00016583024 9.756483e-06 4.3455597e-07 1.8094504e-06 1.18343415e-08 1.0697373e-06 2.3656048e-05 0.0004305793 2.217574e-05 9.629297e-08 0.00022079964 8.050058e-07 0.0005245962 8.3889045e-06 2.5427447e-05 3.0866515e-05 1.5276865e-06 5.1059067e-07 2.6281189e-06 1.0823186e-05 3.8585287e-05
0.017612256 0.33730048 0.2537295 0.03664681 0.005067282 0.3019382 0.003072981 0.96153396 0.000991767 0.9839853 0.046375558 5.99714e-15 0.7423287 0.017969307 0.001010322 0.1584624 0.0002862763 0.07546524 0.012555237 0.0003167273 0.0013468094 4.3825066e-06 2.4536357e-05 0.016657244 3.2899989e-06 1.17546115e-05 0.00016897777 5.8342293e-06 0.5777952 0.03768108 0.0015770317 0.0010184937 0.011444567 4.167407e-07 0.001139658 0.0008633801 0.0032956488 0.0019343398 0.00020598873 0.00043779227 2.5898288e-07 0.00030182037 0.00010752821 5.9239524e-06 1.1525189e-05 5.9094964e-06 0.00024241126 0.37557533 1.3974835e-07 1.2565095e-05 0.00036543712 3.3771874e-05 6.112719e-05 2.5855163e-06 0.0072404393 6.893858e-07 4.6920013e-06 7.188164e-06 5.3123425e-05 0.00036348993 9.563214e-10 7.8568184e-05 0.00031315588 9.239938e-08 0.000328844 3.8119294e-06 1.3293052e-06 5.3967755e-09 7.555183e-06 5.27079e-05 1.1487211e-07 4.869299e-05 6.192074e-05 5.4247744e-09 5.7890185e-05 3.8447462e-05 5.2428686e-06 0.00010948298 0.00012797819 0.00035735805 7.064992e-05 2.4050472e-05 4.1576536e-07 5.910514e-05 1.9946786e-08 1.251319e-06 0.0002789764 0.00045687333 0.00046322393 1.694069e-05 0.00010505876 1.3977427e-06 0.00013117775 0.00015993476 0.00017469253 9.5933996e-05 4.6492787e-05 5.744485e-06 7.3708684e-08 6.4197746e-05 5.2789394e-05
0.0011809894 0.7552506 0.062960364 0.0071379417 0.14404164 0.023104979 0.011269683 0.24656337 0.0038643212 0.97227865 0.9205409 0.7423287 1.4020926e-17 0.012850371 0.00093467673 0.07580874 0.0016452145 0.0012182621 0.00012766747 0.00037128254 0.00029118021 2.9749848e-05 0.00015098958 0.00034621567 3.743493e-05 1.6660022e-05 0.0004735367 1.861485e-05 0.02159313 0.0020730046 0.00019299598 0.0007797051 0.00011904854 3.427844e-06 7.5746146e-05 4.31851e-06 9.3790455e-05 0.00094341533 6.712459e-05 2.9906842e-05 5.5515056e-06 1.1749142e-05 2.163524e-05 1.7891467e-05 3.6375583e-05 8.695282e-06 1.9611143e-05 0.084176555 1.3629165e-05 3.072802e-06 3.6243546e-05 9.172975e-06 7.824184e-06 2.0390125e-05 0.0002389338 2.4102823e-05 4.8857396e-06 9.683152e-06 2.566848e-05 7.3738634e-06 7.578072e-08 2.3063617e-06 4.356849e-06 4.283661e-06 7.54896e-06 9.717302e-07 7.446961e-07 4.1195445e-08 4.966964e-06 2.400067e-06 1.1446231e-06 7.903956e-06 3.4556351e-06 1.7086066e-09 2.5806019e-06 3.408965e-06 4.1142735e-07 2.6777059e-06 8.914741e-05 6.211847e-05 0.00020402117 1.283664e-06 6.370717e-06 2.1433273e-06 3.3888983e-07 8.8811326e-08 2.1417449e-05 0.0012393849 3.0279642e-05 7.503969e-08 0.0001228463 3.6041676e-08 0.0005606413 0.00010661656 0.00024217187 0.00020173832 1.2781444e-05 6.337579e-07 1.24428e-08 0.0002951725 4.7939124e-05
0.9805275 0.6703116 0.68645114 0.7716566 0.22194885 0.54943746 0.6991186 0.20536222 0.6161708 0.06005798 0.017385814 0.017969307 0.012850371 1.3164316e-16 0.67483133 0.90377945 0.26669315 0.041922458 0.02787519 0.44299582 0.8112112 0.050958756 0.045171026 0.21854815 0.036368795 0.031670656 0.03240724 0.015785214 0.01866312 0.08972818 0.58697754 0.58820856 0.006600019 0.0014800509 0.021374881 0.0019970876 0.0025652112 0.24021435 0.15033543 0.0006118021 0.0009222135 0.033999704 0.00020674212 0.00027176595 0.003755687 0.0076142503 0.00010192204 0.0142677035 0.0002836384 1.1549902e-05 0.000117453055 0.008381877 1.8339932e-06 1.0826243e-05 3.6912206e-05 0.00021280337 0.0026969118 0.0020574431 0.003928021 4.6495734e-06 1.9010273e-05 0.002510815 3.7668403e-06 9.02621e-05 0.0201637 0.0005079646 9.726049e-06 2.5631873e-06 4.782066e-06 0.0006806705 4.591608e-05 5.741763e-06 3.2403594e-05 3.3706652e-07 0.00029381263 1.6219777e-06 6.102566e-07 5.826256e-08 0.0008858051 0.060775857 0.06348395 2.005905e-06 9.687862e-08 1.3308013e-05 1.2993944e-07 1.4232775e-06 0.008748733 0.019743554 0.005826974 2.3919757e-08 0.008118293 1.8610435e-06 0.007611756 0.009862438 0.0064676213 0.0002752399 2.2347745e-05 0.00067464885 2.6371802e-06 0.00029444485 0.0009198047
0.92247504 0.049482405 0.055534616 0.052060403 0.054792106 0.007012723 0.9632502 0.0019106366 0.40405235 0.0019650832 0.007651656 0.001010322 0.00093467673 0.67483133 6.425673e-16 0.12517151 0.43027812 0.0013028565 0.0031249656 0.90303177 0.45690927 0.50787824 0.6060426 0.019465717 0.64023465 0.40852097 0.5076584 0.30776158 0.00027665365 0.006036715 0.2419544 0.07932317 0.00019943154 0.028437294 0.0021111337 5.625187e-05 8.052055e-05 0.0371994 0.055301614 7.9639394e-05 0.18125558 0.005977354 1.2952133e-06 0.01159376 0.0554867 0.03115229 3.0663527e-06 0.0012283153 0.024277745 6.022727e-07 9.935383e-06 0.0061792233 5.5719524e-06 0.0027285824 4.564482e-05 0.003838835 0.009612627 0.0317137 0.0074946587 6.903694e-07 0.00054749975 0.0008189908 1.0983069e-06 0.0017634248 0.0062356037 0.00071087707 1.1535009e-05 0.00012703761 4.834671e-06 0.00033269907 0.00021506248 3.7045225e-05 0.0004397508 4.174151e-06 8.141028e-05 1.365618e-06 1.8999832e-07 4.812609e-06 0.00037553484 0.0058819097 0.016347328 4.4455137e-06 2.962242e-07 3.3020082e-05 3.938627e-08 1.4287671e-05 0.0063902102 0.012020988 0.000728297 1.2015899e-07 0.006069849 1.1625911e-05 0.025412321 0.03912744 0.021527847 0.0004932959 1.9823361e-05 5.148771e-05 3.7367317e-06 0.00043966522 0.0007016305
0.9862155 0.83149177 0.63811696 0.73594636 0.23919727 0.7934241 0.36588353 0.708936 0.47412375 0.28999132 0.033637192 0.1584624 0.07580874 0.90377945 0.12517151 6.525697e-15 0.10219151 0.10379973 0.13934901 0.027067099 0.30698794 0.0033626915 0.0045154695 0.4221421 0.0020522852 0.0014764572 0.0019262566 0.0013606327 0.25137284 0.18660761 0.3480548 0.46691397 0.019085737 0.0005313001 0.080454506 0.0024338812 0.0032856287 0.42878446 0.035789967 0.0008271716 1.8767163e-05 0.13621551 0.00047656035 9.056363e-05 0.0004753713 0.0005453585 0.00014354751 0.05868573 1.2274925e-05 5.348848e-05 0.000968943 0.0053433464 3.480236e-05 2.166868e-06 0.0006039828 1.7117349e-05 0.00046582834 0.00038070342 0.0006839489 3.1203777e-05 4.969325e-07 0.008311209 4.1413186e-05 1.7825021e-06 0.02166531 0.0014399778 0.00018242109 2.8832472e-09 4.6773584e-05 0.0017074811 1.1710648e-05 5.8546884e-05 0.000111135734 1.8681385e-08 0.00042255287 1.0752775e-05 6.5501054e-06 1.6861823e-05 0.003751207 0.11549901 0.019981515 3.7617247e-06 4.1995378e-08 3.0054662e-05 2.6272215e-08 3.5350743e-06 0.011988532 0.012794158 0.005636168 5.166571e-07 0.0021177751 4.723559e-06 0.00047061668 0.0012671188 0.0008682083 6.3011266e-06 7.3543226e-05 0.0009070453 9.448538e-06 6.3839693e-06 0.001692694
0.13507417 0.049954124 0.010057542 0.007185073 0.33674124 0.0025740813 0.8346944 0.00016071269 0.9808859 0.00033412356 0.22087705 0.0002862763 0.0016452145 0.26669315 0.43027812 0.10219151 6.2157323e-15 0.00017292591 2.7745567e-05 0.055679232 0.018374903 0.94212705 0.15886274 0.0007093648 0.36545664 0.16559695 0.15236269 0.3059473 3.8838876e-05 0.0009997047 0.005354401 0.0073313434 1.6233913e-05 0.05941769 0.00020596008 1.7846427e-05 7.6051314e-05 0.003955772 0.0031741962 4.6719328e-05 0.0017358528 6.614703e-05 2.4950893e-06 0.47132626 0.016620342 0.00086909265 4.59389e-05 0.00090261723 0.0017254392 4.25248e-07 5.6559886e-05 0.000320754 6.61824e-06 0.00027675155 2.787789e-05 0.00268573 0.00030600696 0.0005579025 0.0012619141 6.8578096e-08 0.00011516416 9.282869e-05 2.3020556e-07 6.929182e-05 0.00011879427 5.7479567e-05 1.1819494e-05 3.7911882e-06 5.3343015e-06 7.808391e-05 0.00023050446 6.673548e-05 0.0001227402 1.1543361e-05 6.7120876e-05 1.2409348e-06 3.6170013e-06 3.0566844e-05 0.001265176 0.00072564377 0.0006157152 3.8746366e-06 5.333569e-06 3.6737995e-06 4.7682056e-07 9.879659e-07 2.5777497e-05 0.0017474437 0.00015750086 1.6688597e-07 0.0007025214 2.5540103e-06 0.0022945981 0.0009267355 0.00074855436 0.00029377983 8.833341e-06 4.319392e-06 2.0673522e-06 0.0001366873 0.00010592526
0.85254306 0.089606695 0.10538953 0.14119907 0.00038775516 0.67794895 0.0056707067 0.6593936 0.0014211569 0.026788766 0.0003556542 0.07546524 0.0012182621 0.041922458 0.0013028565 0.10379973 0.00017292591 6.35823e-16 0.9742596 0.00019697937 0.0013817243 1.6420896e-06 1.0714706e-05 0.6561928 1.2707576e-06 1.4676675e-06 5.6935096e-05 2.825929e-06 0.6017724 0.7987887 0.0036846735 0.018026024 0.7795729 3.926972e-07 0.28376433 0.20921353 0.113693595 0.018141832 0.0004131169 0.198357 1.4414431e-07 0.04185227 0.01734989 1.940684e-05 2.9635826e-06 6.2799327e-06 0.005018624 0.050769452 1.948246e-07 0.0024735737 0.026559185 6.240836e-05 0.0018432376 1.4211867e-07 0.10457082 3.2602613e-06 9.956268e-06 1.1668726e-06 5.2079282e-05 3.4811324e-05 7.62154e-09 0.00404476 3.0830804e-05 5.8108075e-08 0.002704885 0.0024250203 0.00039788062 5.713462e-10 0.000451607 0.00096383446 9.896237e-07 0.0014088372 0.0010494901 1.879134e-09 0.0010017611 6.70505e-05 6.487914e-05 3.4563487e-05 0.011030417 0.040776502 0.0008312743 1.1001829e-05 8.203075e-08 5.5507197e-05 6.443627e-09 4.8537368e-06 0.0008989208 0.0006941692 0.0012979968 8.5398074e-07 0.00013938667 6.6123284e-06 0.00015612978 0.00012533912 7.88238e-05 8.3688e-06 0.00028294083 0.0008018572 9.036296e-09 3.81853e-06 0.0014175528
0.2979168 0.024300434 0.10927661 0.17766704 0.00037238272 0.6297134 0.008313281 0.19606979 0.0014024831 0.0038132826 0.00013925406 0.012555237 0.00012766747 0.02787519 0.0031249656 0.13934901 2.7745567e-05 0.9742596 5.583587e-19 0.0003882936 0.010790795 6.0850243e-06 3.511873e-05 0.8672255 1.2730527e-06 3.6363804e-06 0.00012163819 3.0839697e-06 0.06031377 0.8857143 0.016251473 0.025959713 0.7001925 5.243601e-07 0.51917404 0.11762648 0.05056804 0.01573458 0.0011532744 0.27622816 3.1586535e-07 0.066604145 0.017097494 1.4842487e-06 1.2434812e-05 2.6228821e-05 0.0048074555 0.0012280717 1.9578001e-06 0.006555468 0.009019319 6.144672e-05 0.0049697175 1.2778501e-06 0.008671169 3.1353627e-06 6.672263e-05 9.410975e-06 0.0001243623 1.3068142e-06 2.158885e-08 0.01175092 1.9382155e-06 1.0961801e-07 0.0052390527 0.004531029 0.00081221183 4.6509094e-09 0.00087446 0.0025890796 3.055861e-06 0.0015293703 0.0004141413 4.5604747e-09 0.0012612819 5.7077605e-06 3.166447e-05 9.528711e-06 0.004896594 0.015927395 0.00053339964 1.2069089e-06 1.3532919e-07 3.0847215e-05 1.4385824e-07 1.927618e-06 0.00097407855 0.00013562152 0.0011707495 7.8004865e-07 0.00038550637 7.640053e-07 5.83e-05 3.7653263e-05 2.8464437e-05 2.557542e-06 0.00020414476 0.0010131403 1.0079799e-07 7.9058685e-07 0.0016476186
0.9833042 0.018816572 0.014601693 0.019804174 0.018778544 0.0009643833 0.25618204 0.0002652111 0.114713416 0.0013291271 0.0019348796 0.0003167273 0.00037128254 0.44299582 0.90303177 0.027067099 0.055679232 0.00019697937 0.0003882936 3.585084e-17 0.8401229 0.08431092 0.6767608 0.004738132 0.30527678 0.40917856 0.9281438 0.116782665 2.6889564e-05 0.0009534261 0.30056006 0.057383303 7.555219e-06 0.02968144 0.00057950424 4.894801e-06 1.12675325e-05 0.04808761 0.33581463 6.5920603e-06 0.6111903 0.0026818882 3.297524e-07 0.0007639854 0.41869614 0.3744893 3.154827e-07 0.0006963689 0.17059971 1.0531731e-07 6.353301e-07 0.0527664 4.3634122e-07 0.03694356 1.0898716e-05 0.047558837 0.061776932 0.30222902 0.041335892 7.4955335e-07 0.0098073445 0.00095264625 7.386253e-07 0.009800748 0.045379393 0.00031798452 9.53924e-06 0.0054194755 9.833435e-06 0.00035861216 0.00093465357 7.710917e-05 3.5050678e-05 5.5022706e-06 0.0003416482 1.6076925e-06 1.0047781e-07 2.3220855e-07 0.00041751587 0.030182678 0.12173098 3.880254e-06 5.5518575e-07 1.390186e-05 1.7764928e-06 9.1027705e-06 0.034549676 0.13270481 0.0060738064 1.0089974e-07 0.037319824 7.5389526e-06 0.110170685 0.16738567 0.09548429 0.004130466 8.228646e-05 0.00048389775 8.8019e-06 0.0030838554 0.0015641497
0.9197576 0.032305658 0.036733106 0.12911536 0.015304931 0.022589441 0.1664087 0.0030517506 0.09479795 0.002043644 0.0012760466 0.0013468094 0.00029118021 0.8112112 0.45690927 0.30698794 0.018374903 0.0013817243 0.010790795 0.8401229 6.8458e-19 0.020157332 0.10827568 0.095266744 0.09774715 0.0697225 0.19490203 0.015907364 1.3476626e-05 0.0030427387 0.9526977 0.40658268 0.0007684251 0.0068923077 0.0056723966 0.00020114373 0.00036822463 0.2445264 0.8245769 0.00011985931 0.11144628 0.021547895 8.121808e-06 0.0001869659 0.12100068 0.6157325 7.150845e-06 0.0017040194 0.03811403 3.3968247e-06 3.2213822e-05 0.09043898 3.8647318e-06 0.008263197 1.2041353e-05 0.008578909 0.1428433 0.06274855 0.10975251 5.244851e-07 0.0009813589 0.0033212767 4.8537805e-07 0.00922674 0.076925375 0.0004101174 7.3084184e-06 0.0035300597 5.35009e-06 0.0008119249 0.0012736229 0.00019798015 3.3185093e-05 1.0945359e-05 0.00034037093 1.0853395e-06 1.4952302e-07 2.2118998e-06 0.0004273536 0.029056933 0.07627853 2.9872137e-06 4.719718e-06 2.2699792e-06 7.273135e-05 1.0999191e-06 0.011473374 0.04065939 0.007805463 2.0322933e-07 0.039560486 6.3908436e-07 0.069327824 0.048030797 0.028806424 0.0015011289 0.00021331417 0.0011361142 6.9599746e-06 0.0014939496 0.002700497
0.06364452 0.0006044559 0.00037978977 0.00035765927 0.0015943198 8.485998e-05 0.5806343 2.0934597e-06 0.22677323 3.4376375e-05 0.00096646824 4.3825066e-06 2.9749848e-05 0.050958756 0.50787824 0.0033626915 0.94212705 1.6420896e-06 6.0850243e-06 0.08431092 0.020157332 6.775711e-17 0.42010492 0.00010643949 0.8510568 0.6404059 0.30616847 0.9499627 1.0375975e-06 8.5431726e-05 0.0019192226 0.0012269432 1.2710716e-06 0.6859144 4.4065437e-05 9.113229e-06 6.4339597e-06 0.00043326372 0.0016134571 8.779331e-06 0.031684153 4.265368e-05 1.4548801e-06 0.89723235 0.009505454 0.00082157593 2.8992154e-05 1.853181e-05 0.0017605949 2.1702255e-07 3.0816616e-06 7.725654e-05 2.8677605e-06 0.00038156434 8.6425905e-07 0.001829908 5.7364898e-05 0.00034511663 0.00043054725 1.18493615e-08 3.9148945e-05 4.687622e-06 9.2263434e-08 2.7396469e-05 8.860099e-05 2.9033947e-06 8.596556e-07 1.3655086e-06 8.344808e-07 5.271537e-06 7.563506e-05 1.1807721e-05 3.7378188e-06 9.77965e-06 8.786553e-06 7.5434576e-07 3.9196742e-08 2.23785e-05 0.00014767177 2.1026946e-05 0.00014917343 3.2145342e-06 1.4232313e-06 1.6881685e-06 9.633193e-08 1.6946077e-06 1.3859698e-05 0.000288074 1.9395758e-05 1.11176796e-07 0.0004268078 4.231226e-07 0.0007314428 0.0005978922 0.00023675426 7.5679505e-05 3.8107048e-06 7.806098e-07 2.2070005e-06 4.4678676e-05 3.313848e-05
0.9293592 0.0012928471 0.00075281435 0.0005313888 0.0055264547 8.573485e-05 0.22611639 4.191398e-05 0.085999936 0.00017253189 0.0007508168 2.4536357e-05 0.00015098958 0.045171026 0.6060426 0.0045154695 0.15886274 1.0714706e-05 3.511873e-05 0.6767608 0.10827568 0.42010492 8.230115e-14 7.618881e-05 0.7491463 0.96270585 0.96269816 0.4508409 5.2490494e-05 0.0002668175 0.022780469 0.0035277088 3.3379757e-07 0.3171258 7.5832155e-05 1.3039311e-06 1.5903752e-06 0.003390407 0.031255662 6.8869494e-06 0.31636012 0.00013345067 1.1737914e-06 0.050632108 0.2028499 0.028439904 8.263783e-07 0.0028823696 0.07687905 2.8067322e-07 1.067192e-06 0.0023340047 4.377751e-07 0.018349981 8.412327e-05 0.07180077 0.008894918 0.06453015 0.0054326165 7.0447e-07 0.0081885895 0.0003115393 7.667711e-07 0.002543163 0.0017531307 3.6747548e-05 1.0022435e-06 0.0010703565 6.823895e-07 2.4639603e-05 0.0016257643 0.00031746094 0.00012643426 1.3705062e-05 6.661562e-05 3.309221e-07 3.1035265e-07 1.310091e-06 6.0058068e-05 0.0019783464 0.0050565456 3.0042468e-06 1.0829264e-06 7.911581e-06 5.908394e-07 9.665124e-06 0.000913477 0.017427547 0.00020802389 1.4208898e-07 0.00447237 1.2397608e-05 0.03079282 0.04015239 0.028294994 0.0013860669 3.6263716e-06 2.4768002e-05 1.4940086e-05 0.001955517 0.00026628264
0.93855315 0.08545169 0.2646313 0.5799023 0.001841391 0.81131095 0.022993824 0.2390185 0.006059825 0.009783887 0.00033928087 0.016657244 0.00034621567 0.21854815 0.019465717 0.4221421 0.0007093648 0.6561928 0.8672255 0.004738132 0.095266744 0.00010643949 7.618881e-05 4.1662608e-19 1.4870277e-05 7.784157e-06 0.00011235691 3.0026586e-05 0.03270551 0.89998424 0.19560742 0.4574285 0.30958283 8.132438e-07 0.93065965 0.11911779 0.04359645 0.29561388 0.01343601 0.2121624 1.9941745e-06 0.73797786 0.014341245 1.0470008e-06 4.1355088e-05 0.0005993603 0.004379002 0.0048553348 4.546286e-06 0.0022998408 0.0034040324 0.003793218 0.0033634498 1.2104304e-06 0.00038905255 1.3911017e-06 0.0007904308 9.317246e-05 0.0007784197 3.7729016e-08 5.0903344e-07 0.048916623 1.4803025e-07 1.8691278e-06 0.07425733 0.01819349 0.003398889 1.8087393e-08 0.0012174456 0.01448152 4.1668088e-08 0.00042393367 8.349266e-05 7.0939414e-09 0.004093223 9.269241e-08 1.2622288e-05 4.454957e-06 0.016539346 0.24909167 0.03918023 1.3237351e-06 1.21604e-09 1.4243678e-06 2.485146e-08 1.1142769e-06 0.019368678 0.002344793 0.023818498 3.23241e-06 0.004376428 1.4786243e-06 0.0007418541 0.0010943924 0.0009892945 7.696323e-06 0.0030004089 0.0074457587 4.788178e-07 1.2699769e-05 0.00847211
0.38776216 0.00034451432 0.0010387872 0.00038930326 0.0012833226 6.543079e-05 0.37688315 5.051619e-06 0.02273328 3.5262674e-05 0.00054892706 3.2899989e-06 3.743493e-05 0.036368795 0.64023465 0.0020522852 0.36545664 1.2707576e-06 1.2730527e-06 0.30527678 0.09774715 0.8510568 0.7491463 1.4870277e-05 1.3838561e-17 0.95187193 0.6059671 0.933084 7.3645054e-07 9.9571844e-05 0.011358055 0.0021347273 1.2319008e-07 0.58095497 2.8807219e-05 7.714734e-07 4.4569033e-06 0.0009864818 0.0070960945 3.1484265e-06 0.2966069 1.5669908e-05 5.8700817e-08 0.52526915 0.045963652 0.011568263 2.309846e-06 4.746299e-06 0.07186954 3.661679e-08 2.591212e-07 0.0011321217 3.542823e-06 0.0125195235 1.18835105e-05 0.054686096 0.0052069374 0.014691226 0.005821969 2.2358648e-08 0.0067686355 8.193623e-06 1.200442e-07 0.003626884 0.0011528339 1.0647111e-05 1.0804897e-06 0.0008648523 1.7131588e-07 1.3699442e-05 0.0006935618 0.00037914832 5.8739384e-05 3.072959e-05 1.5273712e-05 8.7364384e-07 1.6496747e-07 8.801001e-06 7.348811e-05 0.00018427524 0.001694448 5.2662454e-06 7.277228e-07 3.992465e-06 3.93483e-07 2.7548754e-06 0.0007059469 0.0017999407 0.00014545223 1.644336e-07 0.004529737 1.6867202e-06 0.008148913 0.009096203 0.0044354796 0.00023021908 5.4550383e-06 1.3053724e-05 1.0919992e-05 0.00026878246 0.00026316452
0.8783216 0.00024926994 0.00035744786 0.00014910103 0.0013230088 1.9036688e-05 0.12587723 4.1701724e-06 0.03333152 4.616512e-05 0.0002345004 1.17546115e-05 1.6660022e-05 0.031670656 0.40852097 0.0014764572 0.16559695 1.4676675e-06 3.6363804e-06 0.40917856 0.0697225 0.6404059 0.96270585 7.784157e-06 0.95187193 9.516725e-17 0.77437013 0.7385144 3.884445e-06 4.892979e-05 0.015603853 0.0019002651 1.6180526e-07 0.62768656 2.0726278e-05 2.407507e-07 1.7116067e-06 0.0012211241 0.01838051 1.5546015e-06 0.49559546 1.6262673e-05 6.9137855e-08 0.2498934 0.1506557 0.02024737 1.9570653e-07 0.00022259634 0.13871087 2.7563942e-08 2.3698453e-07 0.0012983949 1.7519848e-07 0.017700136 7.0573383e-06 0.10557617 0.006289409 0.044352908 0.0044272286 3.3795313e-08 0.024002463 2.0939739e-05 6.263084e-08 0.0030631092 0.0014304282 6.1507317e-06 2.1410318e-07 0.0016839704 8.4639204e-08 1.0065668e-05 0.0008466086 4.295982e-05 8.12225e-06 2.328883e-05 3.4713725e-05 1.2255812e-07 1.4834681e-07 1.547212e-06 4.2440657e-05 0.00019775446 0.0034898052 2.1510307e-06 7.6983014e-07 6.984553e-07 1.7158773e-06 5.227538e-07 0.001109192 0.006352783 0.0001550923 2.8780184e-08 0.0038242936 2.1785752e-06 0.011699622 0.027491892 0.016196795 0.00095117337 1.2431984e-06 1.1965447e-05 8.540317e-06 0.0013986042 0.00021342874
0.9628465 0.004820535 0.0013378256 0.0018844237 0.0082687745 0.00031845737 0.18941902 7.201231e-05 0.1543495 0.0008155961 0.0018363053 0.00016897777 0.0004735367 0.03240724 0.5076584 0.0019262566 0.15236269 5.6935096e-05 0.00012163819 0.9281438 0.19490203 0.30616847 0.96269816 0.00011235691 0.6059671 0.77437013 8.420098e-14 0.3451015 0.00019443789 0.00016885085 0.037919268 0.007016704 3.017855e-06 0.34097534 8.634113e-05 4.5287948e-06 1.8469282e-05 0.010807629 0.13197167 1.9226793e-06 0.7316203 0.00037578258 9.974796e-07 0.03404438 0.5597471 0.26106143 3.1282374e-07 0.00476377 0.26926902 1.6413749e-07 2.657258e-06 0.024971005 4.841271e-07 0.13281615 0.00012952108 0.17448494 0.05733813 0.30086935 0.02812925 2.1240292e-06 0.026429301 0.00028323452 3.890603e-06 0.016562186 0.009308569 3.7527865e-05 1.7977745e-06 0.010250052 5.816372e-07 0.00012283586 0.007915314 0.0001225825 0.0005088762 0.000113815084 0.00024557955 3.1322932e-06 2.1316876e-06 1.424812e-06 0.00011429051 0.0035174058 0.050384343 1.7906726e-05 3.631057e-06 3.5492434e-05 2.8291448e-05 1.8351648e-05 0.004863524 0.07453704 0.0012397869 1.5571409e-07 0.020331113 7.691528e-05 0.082498014 0.09295359 0.0846064 0.00590957 2.6368067e-05 0.00013142469 5.2181298e-05 0.011520206 0.00081055396
0.119306736 0.00015626595 0.00017484855 0.00022772755 0.00038879906 7.460198e-05 0.19199154 8.057547e-07 0.010099762 2.845339e-05 0.00019876982 5.8342293e-06 1.861485e-05 0.015785214 0.30776158 0.0013606327 0.3059473 2.825929e-06 3.0839697e-06 0.116782665 0.015907364 0.9499627 0.4508409 3.0026586e-05 0.933084 0.7385144 0.3451015 1.03349984e-16 1.5354863e-06 0.00010965372 0.0018447208 0.00086211174 7.1272166e-07 0.86401194 1.9568659e-05 6.3316857e-06 1.7063074e-05 0.00044606114 0.0014446249 1.770296e-06 0.1450176 1.7956696e-05 1.0482637e-06 0.7868583 0.01763655 0.0018857352 1.24982635e-05 4.2713396e-05 0.013273563 4.9259495e-07 9.070789e-07 0.00016461742 1.304594e-06 0.0017549474 5.916489e-06 0.01259587 0.000731753 0.0016397167 0.001966317 1.0797021e-07 0.00095295743 5.013818e-06 2.1454387e-07 0.00044070045 0.00012365768 8.3811165e-06 1.7466689e-06 0.00022943945 4.2170177e-07 8.251943e-06 0.00032871295 9.45092e-05 5.7587986e-05 4.5253262e-05 1.117697e-05 1.3655841e-06 1.8787986e-07 8.98658e-05 6.9309266e-05 5.3667725e-05 0.00046754765 4.234179e-06 1.1812992e-05 3.0720373e-06 3.0549259e-06 3.371567e-06 9.468594e-05 0.00040641468 3.7957343e-05 3.560923e-07 0.0013399809 3.827493e-07 0.0028393257 0.0031577952 0.0014281479 0.00032749106 1.054696e-05 4.2929487e-06 1.3438662e-05 0.00018513975 0.00017216176
0.20758258 0.028202126 0.03654423 0.00842621 0.000155297 0.41135782 0.0009472844 0.9346289 8.581853e-05 0.1640107 0.0012556004 0.5777952 0.02159313 0.01866312 0.00027665365 0.25137284 3.8838876e-05 0.6017724 0.06031377 2.6889564e-05 1.3476626e-05 1.0375975e-06 5.2490494e-05 0.03270551 7.3645054e-07 3.884445e-06 0.00019443789 1.5354863e-06 1.0776922e-14 0.59949374 0.00010505635 0.0010817745 0.49803832 2.2803363e-07 0.030154526 0.08174487 0.8415329 0.0045433477 1.0813127e-05 0.023984263 1.176273e-07 0.0016255395 0.010566563 1.4245126e-05 3.6114004e-06 1.535058e-07 0.07037048 0.99005395 7.822507e-07 0.00069573405 0.17851254 3.1243619e-07 0.0009888153 5.847364e-08 0.93447477 4.416707e-06 2.933797e-08 4.1213542e-07 6.1482007e-07 0.023708025 7.370653e-09 3.0303992e-05 0.026393214 1.3401252e-07 3.087382e-05 1.4802463e-05 6.8249494e-07 4.608049e-09 2.1205458e-06 1.1889865e-06 7.9064785e-07 3.7930093e-07 0.11705085 4.892327e-10 1.8564843e-06 0.026877878 0.0011289616 0.00041576262 0.00981094 0.010264417 0.00010115444 0.024641672 6.586716e-07 0.013653675 4.134053e-07 0.0005722767 1.51723925e-05 0.00026003036 3.8746053e-05 1.9461644e-05 3.9513357e-06 0.0002945589 4.401464e-06 5.8628875e-06 1.1937066e-05 9.953491e-05 5.4597723e-07 3.79281e-07 1.5769548e-06 0.000121969235 4.6015743e-06
0.9447502 0.14240815 0.17558429 0.23718855 0.0019674385 0.75440216 0.019743703 0.5010979 0.00963278 0.03465619 0.00041070534 0.03768108 0.0020730046 0.08972818 0.006036715 0.18660761 0.0009997047 0.7987887 0.8857143 0.0009534261 0.0030427387 8.5431726e-05 0.0002668175 0.89998424 9.9571844e-05 4.892979e-05 0.00016885085 0.00010965372 0.59949374 5.5852167e-15 0.009964006 0.034686428 0.8075426 4.0795672e-05 0.9286177 0.5834054 0.6889995 0.06639539 0.00041271874 0.79315126 1.4933028e-06 0.2806157 0.2378606 0.00024307634 7.0005417e-06 9.208966e-06 0.17659679 0.21094336 8.801765e-06 0.079402834 0.25361845 0.00027692528 0.073778406 5.367944e-07 0.40989468 1.6732727e-05 1.514634e-05 3.466954e-06 7.245181e-05 1.5438154e-05 2.1680411e-07 0.033285853 2.0223637e-05 4.5340778e-07 0.0070363106 0.02190233 0.007055071 7.388681e-10 0.002669333 0.009505526 2.0335779e-06 0.0016629808 0.013223378 3.1034094e-08 0.0035562096 0.00018833368 0.0013496703 0.0010012214 0.06729268 0.23610075 0.0030336133 0.00028460898 1.38084095e-08 0.0010101828 4.4069488e-08 0.00036554935 0.0076733255 0.0023239467 0.0087073855 5.2959727e-05 0.0004394393 0.00011475972 7.2009774e-05 3.8575865e-05 7.8159086e-05 7.6806566e-07 0.0022450848 0.005304336 1.7947955e-06 4.8510225e-07 0.005406931
0.91874117 0.035935294 0.035064988 0.08327023 0.0075309263 0.037391044 0.12401083 0.0077256435 0.052578427 0.0015694512 0.0009270029 0.0015770317 0.00019299598 0.58697754 0.2419544 0.3480548 0.005354401 0.0036846735 0.016251473 0.30056006 0.9526977 0.0019192226 0.022780469 0.19560742 0.011358055 0.015603853 0.037919268 0.0018447208 0.00010505635 0.009964006 2.6441395e-18 0.94167686 0.0020094155 0.0025143507 0.019600555 0.0012796953 0.0013416982 0.7009759 0.76637805 0.0007285002 0.01842586 0.083466515 0.00020880302 4.2528496e-05 0.02318736 0.31727815 0.00016855545 4.270012e-05 0.0053024823 5.1319414e-05 2.4562483e-05 0.15866023 2.6861371e-05 0.0013984938 5.0078256e-06 0.00074530544 0.05269642 0.009695766 0.07650667 1.548729e-07 0.00021972331 0.009820846 1.4287724e-07 0.0012461126 0.27523082 0.0012787126 0.00023765596 0.0008029495 7.691227e-05 0.0030873304 0.0004101196 0.00026122315 2.2603866e-05 3.4961756e-06 0.0018478894 9.4688284e-07 2.4717363e-07 3.2297694e-06 0.000964033 0.05452764 0.1001493 1.8112804e-06 3.195733e-06 4.8026873e-06 7.571383e-06 1.4431287e-06 0.027583985 0.027592102 0.016522462 2.2335537e-07 0.060869403 6.9158155e-08 0.02836459 0.025017451 0.012765486 0.00061064237 0.00052375835 0.0037052897 6.7203214e-06 0.0007359426 0.008548189
