2.5317771e-36 0.15571886 0.41703293 0.45200834 0.42939866 0.49083838 0.48748013 0.35544074 0.5800731 0.07979135 0.55053854 0.7387781 0.02143095 0.7109782 0.0074249334 0.8078774 0.0051300675 0.58267325 0.0042556515 0.7186599 0.15220244 0.0024048593 0.88032216 0.044457674 0.905385 0.012983003 0.012422013 0.009242853 0.91563576 0.048409563 0.6524603 0.0049169925 0.863296 0.9415502 0.006611087 0.9205257 0.8452323 0.95444405 0.003396605 0.95756155 0.9411352 0.013405907 0.96518517 0.6886264 0.59094745 0.9860559 0.0017184835 0.98473734 0.831076 0.969663 0.0016186996 0.94374895 0.6156652 0.9920935 0.84563535 0.3975091 0.8411395 0.9856629 0.39200237 0.50453806 0.0010495096 0.1528826 0.58956873 0.90860647 0.42099178 0.17082915 0.9859075 0.56393826 0.22146541 0.0031041675 0.47874007 0.9945505 0.0067767957 0.8276251 1.1133532e-05 0.0023438013 0.0025616935 0.99372816 0.22255188 0.99143136 4.6613163e-06 8.057502e-05 0.00013259702 0.99669087 0.9914194 8.8170425e-05 3.551898e-07 5.046349e-07 0.9988162 0.00039605133 0.9888766 0.99784136 0.0008510742 9.1470696e-07 0.9992778 0.13092756 0.98994815 0.05652844 0.00653024 0.9994207 5.926346e-05
0.15571886 3.1778138e-21 0.3784791 0.4738773 0.5727775 0.2455459 0.22970317 0.5907264 0.31859577 0.15229562 0.12527843 0.3743334 0.368148 0.10444878 0.26140594 0.24124706 0.12574549 0.015506147 0.11480235 0.18912522 0.11368728 0.100112684 0.11869077 0.0030686 0.19179793 0.050957493 0.1356716 0.059451755 0.082411535 0.0018108712 0.012784085 0.0713192 0.04502921 0.08832431 0.056756888 0.05658673 0.02192109 0.122542195 0.043227773 0.073210314 0.022138523 0.0034570326 0.068319134 0.009220812 0.0071097002 0.013441623 0.027522283 0.0282853 0.0038778887 0.013208171 0.007386752 0.009071297 0.0020620388 0.015801577 0.002243207 0.0019390746 0.0020875952 0.058274753 0.0023567309 0.0011978481 0.023002803 0.0043442985 0.0027861267 0.0024081022 0.0006942467 0.0005010427 0.032108966 0.00060479436 0.0005502964 0.022375738 0.00018976718 0.013499395 0.00020246145 0.00017314605 3.746489e-05 0.0003069718 0.004760691 0.0055168127 0.0005252803 0.011756748 5.213001e-05 0.0015431817 6.9804682e-06 0.009487767 0.010765874 0.001547508 9.822685e-06 5.356234e-05 0.008904512 0.001019623 0.00088444015 0.0050977943 2.0468759e-05 8.100659e-06 0.0071606766 0.00010727308 0.003625409 0.00080188503 0.00083017105 0.0051749847 0.000102442515
0.41703293 0.3784791 1.640892e-21 0.695318 0.44057536 0.6505046 0.6530544 0.21914227 0.18286347 0.34275633 0.50986916 0.49559602 0.26024234 0.45143738 0.11514032 0.26765916 0.042902533 0.099926874 0.035028882 0.09834832 0.05749424 0.023146141 0.18122828 0.017704954 0.38548452 0.07879761 0.13461018 0.023361815 0.13074265 0.009959047 0.07323042 0.07063146 0.068658456 0.34670419 0.06751031 0.09647476 0.11516558 0.32497245 0.04508187 0.1543378 0.11381313 0.014069617 0.17013349 0.009557831 0.0067284624 0.03179737 0.013221203 0.07609521 0.004722868 0.078049414 0.012967021 0.06444469 0.00093320315 0.05130256 0.0026366548 0.0011963667 0.0030620925 0.19343026 0.0027187495 0.0004908369 0.006404893 0.018491577 0.020871554 0.016425604 0.00020222855 0.00012434355 0.12374051 0.0002447773 0.0001581455 0.005126695 6.156128e-05 0.08365718 9.378903e-05 3.9670682e-05 0.00014497251 0.00024229454 0.0015044346 0.006152264 0.0003758306 0.06311241 6.003808e-05 0.00065118016 0.00022907302 0.053087458 0.02381338 0.0004341327 6.209952e-05 0.00014985929 0.010484933 0.00039709723 0.00021981091 0.020016905 0.00033328467 6.375795e-05 0.0041844146 9.2735514e-05 0.02852172 0.005457261 0.0005180535 0.002760692 2.6691076e-05
0.45200834 0.4738773 0.695318 1.0391939e-21 0.5603182 0.54921687 0.53381264 0.3934067 0.33626744 0.23485515 0.39327458 0.5711857 0.272834 0.30330476 0.1462787 0.32314107 0.059020374 0.045216747 0.052890662 0.20047963 0.09749378 0.0366105 0.22281034 0.007847533 0.3620585 0.05521617 0.11467303 0.042150382 0.15189144 0.0058912514 0.023289254 0.07021228 0.08544186 0.27774808 0.050672453 0.10247404 0.041871544 0.28698596 0.04210645 0.21169253 0.054484673 0.007944612 0.18925095 0.016924541 0.012668948 0.04526592 0.020964202 0.1059507 0.0062534395 0.037981454 0.007028056 0.020509517 0.0022660426 0.06470579 0.004629932 0.0021030495 0.0041334922 0.19032787 0.0054106545 0.0014009565 0.010293262 0.009649045 0.006447566 0.005463213 0.0009112365 0.00042414982 0.102551274 0.001032708 0.0005855903 0.008258238 0.00035351043 0.040143486 0.00017803462 0.0003215721 5.2936102e-05 0.00036616586 0.0025128536 0.008664952 0.0007673871 0.033935126 4.1522646e-05 0.0006490489 3.9737588e-05 0.024727965 0.016497128 0.00069090625 4.0743183e-05 0.00010415364 0.010157307 0.00063489156 0.0008917132 0.010244467 0.00010922601 1.6977776e-05 0.0044050342 0.00025716226 0.014494398 0.0021613382 0.000828522 0.0021123695 0.00010559042
0.42939866 0.5727775 0.44057536 0.5603182 5.4717397e-22 0.31801644 0.29385024 0.66613775 0.615544 0.11154819 0.13197608 0.61583585 0.27699962 0.1117168 0.16373736 0.3796056 0.07452694 0.017189343 0.07334909 0.24446432 0.11688767 0.06606687 0.2623347 0.0021238541 0.32262054 0.024784729 0.066341035 0.04906743 0.17013437 0.0010530327 0.009500288 0.040208768 0.08495763 0.15808253 0.02734649 0.106857054 0.01970801 0.24593654 0.022558086 0.22822562 0.02188353 0.0010262465 0.20605548 0.016153578 0.014069394 0.041093923 0.024329651 0.11266081 0.0082767 0.017830847 0.0015488412 0.009487848 0.0026930026 0.060353454 0.0060146367 0.001971814 0.0049880976 0.1591899 0.004387517 0.001257179 0.016057177 0.002720543 0.0012081619 0.0009956107 0.0007417759 0.0003891119 0.07265915 0.00079127896 0.000525101 0.009907693 0.00028597942 0.01946725 0.00012266787 0.00017049305 7.073153e-06 0.00025389757 0.0030043127 0.008637268 0.00050338765 0.016013958 5.736897e-06 0.00024582114 5.1594197e-06 0.011371983 0.010970242 0.00058027176 2.7909985e-06 9.410301e-06 0.010720768 0.00072611036 0.00083066005 0.00465338 1.1865109e-05 2.058187e-06 0.004495001 7.840919e-05 0.0032796634 0.00043867345 0.00034151805 0.0022178385 0.00010183139
0.49083838 0.2455459 0.6505046 0.54921687 0.31801644 3.0506094e-22 0.68203855 0.14913799 0.11666097 0.23728548 0.53071505 0.49013352 0.18653242 0.47473827 0.088474035 0.22904913 0.03797873 0.11214626 0.031554777 0.084080406 0.042624753 0.023887863 0.15834427 0.022546072 0.40376478 0.06147158 0.079599425 0.020063443 0.11057999 0.0132912975 0.071267374 0.061589487 0.04733462 0.3988693 0.047100812 0.07714583 0.1437045 0.3635348 0.037357967 0.21294002 0.18569043 0.011668211 0.22079091 0.009189315 0.0063198325 0.04192178 0.01646567 0.11494105 0.004026636 0.11497005 0.008171649 0.0887917 0.00068691606 0.07098824 0.0025334368 0.00071221485 0.002778025 0.25729504 0.0018098174 0.00042394604 0.008706788 0.014255673 0.015575658 0.021254271 0.00017235479 8.289049e-05 0.14654453 0.0002150682 9.618106e-05 0.009941259 5.5696713e-05 0.12423368 3.263968e-05 2.5358138e-05 0.000118464595 9.273056e-05 0.0031318262 0.0052810367 0.00024269416 0.08101696 1.6957469e-05 0.0003377843 0.00025980308 0.057649445 0.019052235 0.00031145642 5.2198717e-05 5.064168e-05 0.0056504495 0.0002855856 3.9436094e-05 0.015865248 0.00040003847 5.267378e-05 0.0022223438 5.555756e-05 0.027320154 0.0045308494 0.00031094978 0.0010751038 5.262819e-05
0.48748013 0.22970317 0.6530544 0.53381264 0.29385024 0.68203855 1.8633425e-22 0.119325355 0.095580235 0.26078832 0.5767563 0.47712067 0.18260853 0.52577764 0.084697545 0.20987931 0.03264109 0.1743153 0.027340492 0.06514474 0.03659128 0.020574791 0.14100975 0.030694326 0.41166395 0.061423413 0.07946031 0.0156331 0.10113882 0.016526213 0.10529544 0.059498165 0.04071826 0.42534423 0.048074808 0.0716186 0.19245994 0.37580064 0.03601577 0.195251 0.21374801 0.013229325 0.21411137 0.006765267 0.004473688 0.038245756 0.014345617 0.10462142 0.0032012402 0.1318332 0.008575391 0.11657191 0.00043003884 0.065562434 0.0019920487 0.0003980812 0.0022333781 0.26802042 0.0011298367 0.00024924023 0.007164167 0.017049672 0.020034192 0.02494443 7.468982e-05 3.563818e-05 0.16215512 9.9446195e-05 3.9622395e-05 0.008721518 2.4487923e-05 0.14565338 1.807268e-05 8.444475e-06 0.00013538335 5.8906495e-05 0.0023090655 0.0044733705 0.00012492681 0.09585124 1.2064424e-05 0.00020718582 0.00034663835 0.07153554 0.019767411 0.00016327592 4.005315e-05 3.4966644e-05 0.005321581 0.00017298528 1.585675e-05 0.017818665 0.00045720238 5.3744243e-05 0.0019469545 2.974613e-05 0.029498214 0.0050977482 0.00018035462 0.0009734633 3.1399035e-05
0.35544074 0.5907264 0.21914227 0.3934067 0.66613775 0.14913799 0.119325355 8.806849e-22 0.6524284 0.042158253 0.039015952 0.41939205 0.30797982 0.034900468 0.17921051 0.36022684 0.1945025 0.0063783615 0.19438864 0.45195374 0.3117584 0.18846661 0.24718693 0.00027879313 0.20688155 0.008437287 0.0660849 0.15193813 0.16904463 0.00010762424 0.002186564 0.029065128 0.1370341 0.050836194 0.0075060204 0.10499329 0.0041521722 0.09724397 0.014943308 0.16985956 0.0059595443 0.0001366082 0.09610018 0.045616064 0.03380456 0.03562521 0.065183535 0.054375093 0.010433747 0.005014627 0.00027146543 0.0022911183 0.0046126447 0.03450658 0.007192093 0.0035203036 0.0052329083 0.05724093 0.0062214457 0.0013236429 0.043788947 0.00022457723 0.00010113621 4.3227603e-05 0.0010814294 0.0009809289 0.027775614 0.0011908659 0.0010836232 0.043062616 0.0005439 0.0037049113 0.000485882 0.00055654685 1.2828551e-06 0.00052994466 0.015685646 0.011651825 0.0008432287 0.0037707207 3.3263816e-06 0.00041911082 1.0297133e-06 0.0025616433 0.007949761 0.0011741437 5.5226445e-07 1.367294e-06 0.011685204 0.0019315416 0.0035185248 0.0012098257 4.723027e-06 2.4284822e-07 0.008721426 0.00020626021 0.0007812552 5.8859045e-05 0.00050026295 0.00419929 0.0006548831
0.5800731 0.31859577 0.18286347 0.33626744 0.615544 0.11666097 0.095580235 0.6524284 7.25668e-22 0.034195863 0.031524178 0.5189956 0.13879721 0.02689691 0.0796471 0.44981492 0.07129587 0.005018291 0.071060695 0.3991328 0.17261793 0.062119514 0.29138857 0.00048606558 0.23279004 0.0071704965 0.027344722 0.07087037 0.21389486 0.00010905635 0.0020133643 0.017366095 0.19022766 0.07387713 0.004617512 0.1433358 0.004898944 0.14946172 0.008664423 0.24057125 0.0079669785 0.0001293785 0.17815802 0.030351238 0.020627774 0.075662225 0.03365515 0.11530133 0.019392842 0.008013255 0.00030820852 0.0036303548 0.0050455555 0.08796248 0.014516717 0.0038177054 0.011680658 0.14507498 0.006030503 0.0014742545 0.01826023 0.00020536518 5.1934305e-05 2.9347391e-05 0.0011476049 0.0009805169 0.06774078 0.0015568068 0.0010344285 0.016535632 0.00082839874 0.008466751 0.00052503217 0.0005708695 1.9031958e-06 0.0005340124 0.0059838532 0.027601311 0.0010932877 0.009204325 1.2568984e-06 0.000126407 1.4100536e-06 0.00510694 0.010543145 0.00041551128 7.781465e-07 2.3114924e-06 0.01999838 0.001175668 0.002524165 0.002451953 1.1754365e-05 4.980599e-07 0.0066062273 0.00017863754 0.0011283281 4.7457586e-05 0.00056550343 0.002836542 0.0003306737
0.07979135 0.15229562 0.34275633 0.23485515 0.11154819 0.23728548 0.26078832 0.042158253 0.034195863 1.5139474e-19 0.37387452 0.10630919 0.15196812 0.20853749 0.09439123 0.021696923 0.012751658 0.27670765 0.010884492 0.007855058 0.013211189 0.01011461 0.00864438 0.40616426 0.04764422 0.48799053 0.21433598 0.00857284 0.00615415 0.2623749 0.07964913 0.16571769 0.0022585704 0.05531402 0.3393274 0.0038645128 0.06324052 0.036264908 0.12391832 0.0045662024 0.044811297 0.2711588 0.0072433194 0.0032876455 0.0029059958 0.000993706 0.0108214235 0.002641197 0.0006932209 0.021632327 0.08706208 0.029478857 0.00040215973 0.0015947997 0.00054725783 0.00019135624 0.0004630137 0.012086638 0.00027017356 0.00012657311 0.0051149894 0.017683718 0.021535054 0.019081185 0.000107687185 8.304248e-05 0.013323233 5.970071e-05 9.24481e-05 0.009845001 1.0748305e-05 0.015905619 4.503481e-05 8.240893e-06 0.00897826 0.00014463942 0.0051521678 0.0005639545 4.4108994e-05 0.013965525 0.0003358666 0.00073087355 0.00691613 0.009890577 0.0021709874 0.00071989244 0.0021631115 0.001510904 0.0005101694 0.00019985002 3.4761564e-05 0.0015792206 0.00089704496 0.0035983522 0.00062037783 7.983392e-05 0.008226496 0.003810318 0.0006439442 0.0009010725 5.2634008e-05
0.55053854 0.12527843 0.50986916 0.39327458 0.13197608 0.53071505 0.5767563 0.039015952 0.031524178 0.37387452 4.6368865e-21 0.27817908 0.1120959 0.69246715 0.044765856 0.10631283 0.011862021 0.5056837 0.009292498 0.011807485 0.013452851 0.00591247 0.06906578 0.111608446 0.31846476 0.07490172 0.05963051 0.007620887 0.04905999 0.10495345 0.44774678 0.042353183 0.018120581 0.3883622 0.047165837 0.033823505 0.39385384 0.2861963 0.026442943 0.06651295 0.293416 0.04172663 0.09294233 0.0016053601 0.0011791759 0.008748429 0.010486668 0.029709687 0.0019004428 0.20420311 0.013462528 0.22018033 8.65521e-05 0.016820531 0.0009434194 6.613221e-05 0.001324412 0.17693867 0.00040080893 4.1375126e-05 0.0026342857 0.046580706 0.094584756 0.086228654 1.3730218e-05 1.3450919e-05 0.16334248 1.1288474e-05 1.1244281e-05 0.00611174 3.3698407e-06 0.20633331 1.18914695e-05 5.511874e-07 0.0010808392 8.434491e-05 0.0010923102 0.0021818138 2.0022995e-05 0.14364094 3.452995e-05 0.00020893868 0.0023582212 0.12900004 0.023392862 7.819831e-05 0.00013133936 0.00012013625 0.002597461 8.637721e-05 9.833834e-07 0.035435736 0.0015230926 0.00027306544 0.0005799606 7.987401e-06 0.07900631 0.012125593 6.0010203e-05 0.0005765157 6.242907e-05
0.7387781 0.3743334 0.49559602 0.5711857 0.61583585 0.49013352 0.47712067 0.41939205 0.5189956 0.10630919 0.27817908 5.415427e-21 0.18051869 0.22961667 0.11687896 0.5173894 0.04757533 0.020994334 0.04700081 0.2502517 0.09952166 0.041539397 0.34639636 0.006302567 0.46523955 0.021449385 0.058890536 0.044803128 0.2221724 0.0045383177 0.0127280755 0.038008764 0.10646871 0.28206295 0.026980296 0.1484944 0.027502635 0.3668021 0.023945415 0.36147225 0.0460891 0.0025001727 0.3151137 0.0146885365 0.009451039 0.09347763 0.022007376 0.21980329 0.013391576 0.04788223 0.0016698914 0.021317992 0.001867032 0.11327678 0.011147701 0.0017992575 0.007983735 0.30743098 0.003134696 0.0010600318 0.011110353 0.0059812004 0.0019110676 0.0018269425 0.0006372978 0.00022905489 0.2383125 0.0007090794 0.00031070612 0.016215364 0.00036585293 0.0705525 7.64442e-05 0.00011020443 3.1362466e-05 0.0004088141 0.0040976265 0.0106372265 0.0003700522 0.06416085 1.4021481e-05 0.0004056689 2.5653235e-05 0.03910516 0.02242168 0.0009581222 6.193997e-06 2.6401382e-05 0.019320197 0.0004125639 0.00018715912 0.01205608 4.9042003e-05 9.761807e-06 0.0026882875 4.276912e-05 0.0063568167 0.0011402047 0.0002389051 0.0019019712 0.00021294282
0.02143095 0.368148 0.26024234 0.272834 0.27699962 0.18653242 0.18260853 0.30797982 0.13879721 0.15196812 0.1120959 0.18051869 3.3458958e-20 0.07003995 0.5102131 0.114001594 0.33944768 0.015196962 0.3412857 0.118929036 0.17717497 0.36649528 0.053389296 0.008010967 0.059914228 0.068444364 0.3467369 0.20571448 0.031236103 0.007414799 0.008463433 0.18049023 0.025866061 0.019250156 0.12536457 0.01849379 0.009841186 0.026256334 0.110914774 0.01880136 0.011195891 0.0063137836 0.013275304 0.019658532 0.019363264 0.002742826 0.19094543 0.0070395865 0.002307911 0.007909742 0.02568061 0.0074050655 0.001353487 0.0024804347 0.0014923981 0.00296688 0.0013230555 0.008807127 0.0064218813 0.00033479687 0.12691973 0.0013621149 0.0003503418 0.0002696364 0.00018468461 0.00020471112 0.0032900919 0.00020795348 0.00018099076 0.07867589 0.00016095611 0.00061637233 0.00025158125 0.00034389918 0.000872467 0.0019641952 0.032631446 0.0023912292 0.0002499758 0.00066437625 0.0029625725 0.018480418 5.3491993e-05 0.0005125662 0.00065763254 0.017791372 0.0007267599 0.0010589982 0.0011116368 0.006254588 0.0004477026 0.00015615972 0.0001399792 0.0002948956 0.0031151227 0.00047188814 0.0006701176 0.0024165544 0.0032167349 0.0021033587 0.0024299975
0.7109782 0.10444878 0.45143738 0.30330476 0.1117168 0.47473827 0.52577764 0.034900468 0.02689691 0.20853749 0.69246715 0.22961667 0.07003995 3.3429997e-20 0.041334216 0.070233874 0.00787673 0.51986206 0.0063384287 0.01240955 0.010741522 0.0052651837 0.04152771 0.10663253 0.2650685 0.061449558 0.03482255 0.0046953657 0.026028354 0.10645136 0.5600974 0.027001912 0.0094294 0.46262965 0.04184941 0.015859846 0.5057947 0.2772741 0.01866626 0.044105966 0.41833398 0.039026733 0.06771898 0.0012997751 0.0011212495 0.0041249706 0.01353671 0.017657178 0.00040906278 0.26707762 0.010137261 0.3118267 3.5213743e-05 0.008293434 0.00023078205 4.559866e-05 0.0002690466 0.18300119 0.0003251195 2.4532637e-05 0.005860498 0.06066507 0.14013973 0.14135608 1.2738317e-05 7.136866e-06 0.22673827 1.3834316e-05 8.601555e-06 0.016341459 2.8196432e-06 0.33141902 2.1346099e-05 2.1060802e-07 0.0012221766 0.00013407192 0.004283557 0.001299296 9.180283e-06 0.24412669 2.7676986e-05 0.00020871502 0.0035650982 0.21997216 0.014157852 0.00020852065 0.00019517359 9.200366e-05 0.0017510562 0.0002959445 3.7793606e-07 0.023992125 0.002418559 0.00044676338 0.00022010774 2.7273566e-06 0.09843089 0.0120154405 0.00023451561 0.0001514889 0.0003849977
0.0074249334 0.26140594 0.11514032 0.1462787 0.16373736 0.088474035 0.084697545 0.17921051 0.0796471 0.09439123 0.044765856 0.11687896 0.5102131 0.041334216 2.5205232e-20 0.06202314 0.26233494 0.0038788428 0.29459122 0.04645547 0.078647576 0.38057566 0.02675285 0.0037751137 0.032567468 0.06501693 0.35136035 0.116529115 0.017909395 0.0045476044 0.003970096 0.19816074 0.006908391 0.013751311 0.11104173 0.009414166 0.009150133 0.014707853 0.13077432 0.007952719 0.010467863 0.0027278773 0.004698203 0.0036007448 0.0032113155 0.0012576119 0.16593762 0.0023202384 0.0010819962 0.007865163 0.015262108 0.0070964466 0.0006207983 0.0011827304 0.0008971591 0.00073767826 0.00076931826 0.0035388912 0.00092153787 0.00016322455 0.13319524 0.00089549867 0.00012879215 0.00014393394 4.8263537e-05 7.340917e-05 0.0010443005 5.555528e-05 4.7259942e-05 0.052391555 3.229965e-05 0.00013165288 0.00014708989 4.849968e-05 0.00039085638 0.00087402517 0.017364182 0.0010578656 9.794159e-05 0.00027492776 0.0020071403 0.043049145 2.098886e-05 0.00014991075 0.00026773714 0.03475796 0.00028951853 0.0007702319 0.00070972985 0.004484442 0.00022447016 7.4000665e-05 2.8084887e-05 0.00016734458 0.0012434144 0.00028958594 0.00012494433 0.00093348965 0.0017613147 0.0006078135 0.00077723176
0.8078774 0.24124706 0.26765916 0.32314107 0.3796056 0.22904913 0.20987931 0.36022684 0.44981492 0.021696923 0.10631283 0.5173894 0.114001594 0.070233874 0.06202314 7.712274e-21 0.04825588 0.007855949 0.048371144 0.3746412 0.1344749 0.04312202 0.5220356 0.0016461579 0.3236176 0.0050847256 0.019279473 0.056917917 0.39324224 0.0006111358 0.0021174278 0.014122158 0.27725768 0.08722097 0.004712111 0.28540605 0.0046280003 0.22785106 0.0065651275 0.3573509 0.008265443 0.00020485876 0.27060527 0.029594382 0.019943222 0.14615956 0.025147393 0.18968189 0.041447345 0.0113334935 0.00024166636 0.0034625712 0.007158679 0.14657657 0.036682237 0.0060812132 0.029827246 0.23996192 0.007895807 0.0036508446 0.010598727 0.0003244053 9.202797e-05 7.9470825e-05 0.0031697282 0.0017195361 0.15284057 0.0035723026 0.0020652022 0.017003631 0.0018554562 0.014668547 0.00070331676 0.0011189944 1.1799931e-05 0.0010190067 0.0061463374 0.046270274 0.0016890384 0.016193528 1.7344015e-05 0.00028648932 2.910694e-06 0.009534598 0.03164185 0.000824983 3.6801218e-06 2.5372581e-05 0.0794642 0.001137789 0.0032424014 0.0099531645 3.2912008e-06 2.556464e-06 0.014195715 0.00021172843 0.0010539786 4.9283037e-05 0.00064972544 0.011045749 0.0007559475
0.0051300675 0.12574549 0.042902533 0.059020374 0.07452694 0.03797873 0.03264109 0.1945025 0.07129587 0.012751658 0.011862021 0.04757533 0.33944768 0.00787673 0.26233494 0.04825588 1.890384e-22 0.0011529259 0.49727693 0.079224095 0.2273882 0.4922121 0.0268551 0.00076904945 0.015677212 0.0146912495 0.109713145 0.3146342 0.019375224 0.00064940704 0.0001962891 0.048215136 0.023576062 0.0016084464 0.025978079 0.013692874 0.0007953747 0.0057029244 0.027201956 0.009257647 0.0007562871 0.00023088287 0.0046388814 0.007861634 0.00765927 0.0015346687 0.24323292 0.0034169874 0.0019849334 0.00051001034 0.0019577816 0.00069349963 0.0018074 0.0011709143 0.0012656117 0.0021335061 0.000894724 0.0018217084 0.0036403397 0.0006528422 0.15016058 7.913698e-05 8.823592e-06 1.06349025e-05 0.00046925206 0.00043783107 0.00063628546 0.0005121169 0.00043641517 0.09286524 0.00019945436 7.041537e-05 0.00024609227 0.00023045413 5.9377395e-05 0.0007162882 0.030792497 0.00054088153 0.00032382883 0.00016575292 0.00034558066 0.011629739 3.9246058e-07 6.0579932e-05 9.649896e-05 0.022937624 4.3647946e-05 5.247388e-05 0.00017029417 0.0026923607 0.00022275902 1.5142368e-05 1.21479525e-05 2.7030643e-05 0.00019376224 0.00032798867 4.452245e-05 0.00013092818 0.000818794 4.2547766e-05 0.0014948973
0.58267325 0.015506147 0.099926874 0.045216747 0.017189343 0.11214626 0.1743153 0.0063783615 0.005018291 0.27670765 0.5056837 0.020994334 0.015196962 0.51986206 0.0038788428 0.007855949 0.0011529259 1.8978583e-19 0.00077551405 0.0008717078 0.0024873707 0.00066065177 0.0065010134 0.32969072 0.027050648 0.08604793 0.010084247 0.00094338926 0.0046829805 0.3667775 0.64709663 0.008265349 0.00091371837 0.113076486 0.03441666 0.003616296 0.33559588 0.033050872 0.0057728593 0.004348398 0.20617762 0.17607349 0.0072705834 0.000102534585 9.1322865e-05 0.000547926 0.0034033929 0.002153301 9.91898e-05 0.13689937 0.009037051 0.1912525 7.5842686e-06 0.0013118096 8.269862e-05 1.1201288e-05 6.306343e-05 0.019215655 3.507328e-05 2.419177e-06 0.0010215399 0.13298985 0.2061258 0.20688327 5.5959407e-07 4.279151e-07 0.034683138 5.8516235e-07 2.9127867e-07 0.0016149419 2.3255404e-07 0.14615123 1.6939259e-06 4.0340442e-08 0.004969274 1.710219e-05 0.00036842164 0.00013003459 1.5983746e-06 0.07741643 1.3242521e-05 2.967818e-05 0.012596415 0.080644995 0.007924586 2.6704416e-05 7.2158466e-05 3.7574417e-05 0.00018796403 3.7361246e-05 8.7057195e-08 0.016171683 0.008412015 0.0016817227 6.851218e-05 1.104639e-06 0.09260713 0.02356838 3.429899e-05 8.12206e-05 1.822565e-05
0.0042556515 0.11480235 0.035028882 0.052890662 0.07334909 0.031554777 0.027340492 0.19438864 0.071060695 0.010884492 0.009292498 0.04700081 0.3412857 0.0063384287 0.29459122 0.048371144 0.49727693 0.00077551405 2.30432e-22 0.07658197 0.2180344 0.54119617 0.025647264 0.000732411 0.014207823 0.012064689 0.09751849 0.31323275 0.01729021 0.0006313651 0.00014080784 0.0407012 0.01905573 0.0016552862 0.020760776 0.011823108 0.0005591332 0.0058502764 0.022331519 0.008269393 0.0005847669 0.0001980655 0.004387944 0.006158544 0.0058332095 0.0013779753 0.26072612 0.0032200268 0.001443234 0.00043690446 0.0014431012 0.0005764574 0.0015403219 0.001129965 0.00084933947 0.0015253006 0.0006099975 0.0018258732 0.0024232343 0.00058192346 0.1597328 5.0209594e-05 8.6226955e-06 9.654106e-06 0.00039532888 0.00042698125 0.0006504009 0.00039630957 0.0004234769 0.09036524 0.00015425579 5.4634438e-05 0.00015079357 0.00017682073 3.0171603e-05 0.0004644242 0.025694959 0.0005817068 0.00023569184 0.00014392968 0.0002201766 0.00984463 3.6764158e-07 5.2323416e-05 0.00010036505 0.022981005 2.3492266e-05 3.452817e-05 0.00016955617 0.0020592236 0.00022564335 1.7951388e-05 6.6281123e-06 1.03881985e-05 0.00018964217 0.00028612564 3.4266886e-05 0.00010489548 0.00071187055 6.041515e-05 0.0011417673
0.7186599 0.18912522 0.09834832 0.20047963 0.24446432 0.084080406 0.06514474 0.45195374 0.3991328 0.007855058 0.011807485 0.2502517 0.118929036 0.01240955 0.04645547 0.3746412 0.079224095 0.0008717078 0.07658197 6.0356846e-19 0.32389736 0.064962335 0.30940747 9.662299e-05 0.1168278 0.0006740553 0.016920831 0.15007345 0.27411625 2.0170204e-05 0.00015872026 0.005975328 0.5036736 0.017518522 0.00051054347 0.23491071 0.00084638206 0.056826808 0.0014240175 0.1709822 0.0015473383 5.8510514e-06 0.11184619 0.25204417 0.14913988 0.12605664 0.05999387 0.115485996 0.09926398 0.0032274204 1.9422207e-05 0.0008463773 0.050888687 0.103898294 0.07476189 0.04096872 0.06231064 0.08100742 0.049683347 0.014305635 0.025714934 2.7567847e-05 3.1577063e-06 2.0268496e-06 0.009266034 0.008484461 0.043032758 0.01026683 0.010287805 0.0713968 0.009784195 0.0027902974 0.007822718 0.006102145 1.2175353e-06 0.008277875 0.051364917 0.09857464 0.008154266 0.00568908 1.6741384e-06 4.68682e-05 2.412911e-07 0.0036031909 0.016213687 0.00019152292 3.7986746e-07 6.179668e-07 0.070138074 0.008599591 0.017551256 0.0032178473 5.9700387e-06 4.0195263e-07 0.04040055 0.0027332325 0.00036552773 3.0402152e-05 0.0030202204 0.011897824 0.0055910307
0.15220244 0.11368728 0.05749424 0.09749378 0.11688767 0.042624753 0.03659128 0.3117584 0.17261793 0.013211189 0.013452851 0.09952166 0.17717497 0.010741522 0.078647576 0.1344749 0.2273882 0.0024873707 0.2180344 0.32389736 1.0162538e-18 0.18211584 0.10812931 0.00055484707 0.035623092 0.0068978835 0.046092138 0.4371049 0.10561208 0.00020746856 0.0006902013 0.02260597 0.15510646 0.009506819 0.007415135 0.09663851 0.0012264261 0.018736321 0.010439505 0.0508586 0.002814355 0.00010364257 0.023730367 0.11613511 0.10178992 0.025424398 0.1506821 0.024667813 0.030116599 0.0033659802 0.0010145055 0.0017593437 0.026304036 0.020881409 0.01870391 0.037325706 0.014812785 0.012052102 0.07130888 0.009390051 0.05962572 0.00030495322 2.8424316e-05 4.921451e-05 0.006938883 0.012292493 0.0055884183 0.005761527 0.007951957 0.12101559 0.0036567072 0.000408516 0.011240921 0.0024233453 1.1349084e-05 0.013563614 0.09174524 0.008771654 0.0032215135 0.0011519159 1.1209142e-05 0.00038963123 1.3233804e-06 0.00051909056 0.0020906236 0.0027203911 7.5164894e-06 7.5761213e-06 0.008389706 0.021512957 0.0054927454 0.00028034032 7.662882e-06 3.831955e-06 0.008773479 0.0034832715 0.00040371332 6.583381e-05 0.005074814 0.0031488307 0.00912554
0.0024048593 0.100112684 0.023146141 0.0366105 0.06606687 0.023887863 0.020574791 0.18846661 0.062119514 0.01011461 0.00591247 0.041539397 0.36649528 0.0052651837 0.38057566 0.04312202 0.4922121 0.00066065177 0.54119617 0.064962335 0.18211584 1.414596e-22 0.020565802 0.0007300017 0.009271276 0.00973312 0.08981256 0.30803174 0.012539198 0.00060766627 0.0003591334 0.03620792 0.0132247275 0.0012106614 0.0147736855 0.007953417 0.0010843824 0.003701066 0.018377941 0.0048373695 0.0009023061 0.00013998066 0.0025647907 0.0041674613 0.0038325198 0.0008516881 0.36754778 0.0019019096 0.0007865143 0.0006013 0.00091727 0.00066949 0.00093698065 0.00079239806 0.00043538443 0.0011051922 0.00037726646 0.00081796484 0.0012726831 0.00032043085 0.2334111 3.1967313e-05 1.00173565e-05 1.115432e-05 0.0001866066 0.00022294007 0.0006251642 0.00024077795 0.0001477384 0.11784644 0.00011342587 5.0551545e-05 4.980589e-05 9.202139e-05 1.821804e-05 0.00013830709 0.028086703 0.0005781333 0.00019701618 0.00013824143 7.117436e-05 0.01323999 3.0314513e-07 3.8987655e-05 0.00012719496 0.034233157 7.1052386e-06 1.0536333e-05 0.00019217812 0.0012559105 0.00013049749 1.3072748e-05 2.3107627e-06 3.7551833e-06 0.00019698369 0.00021420646 1.6093885e-05 0.00011289093 0.00036010673 5.1046507e-05 0.00088813924
0.88032216 0.11869077 0.18122828 0.22281034 0.2623347 0.15834427 0.14100975 0.24718693 0.29138857 0.00864438 0.06906578 0.34639636 0.053389296 0.04152771 0.02675285 0.5220356 0.0268551 0.0065010134 0.025647264 0.30940747 0.10812931 0.020565802 1.4931271e-20 0.0010291117 0.23834464 0.0021808548 0.007861716 0.042005718 0.56485313 0.00033679904 0.0013530554 0.0059137815 0.40381658 0.048723944 0.0021577834 0.4491437 0.002701052 0.16259202 0.0021169775 0.3688049 0.0036322284 0.00012198786 0.25222307 0.037691116 0.024492763 0.21921538 0.013426845 0.22841224 0.104805574 0.0057100155 8.924176e-05 0.0017631399 0.011871296 0.17245789 0.081200495 0.010099762 0.062292695 0.19797324 0.011257565 0.005777147 0.004261274 0.0001952082 4.3069304e-05 4.2998632e-05 0.004516314 0.002795494 0.11709088 0.0052995505 0.0034897532 0.01086329 0.003170247 0.008362414 0.0016417352 0.0019245693 6.6185994e-06 0.0019307976 0.0056410707 0.102745466 0.0024067038 0.013104422 9.1834e-06 6.016659e-05 1.9003647e-06 0.00669803 0.026830109 0.00010461504 2.3885066e-06 1.0398218e-05 0.105832964 0.0013737075 0.005512319 0.007472192 3.1749303e-06 2.383357e-06 0.023383588 0.00037969925 0.00046094385 3.173845e-05 0.0013274341 0.01335035 0.0009301932
0.044457674 0.0030686 0.017704954 0.007847533 0.0021238541 0.022546072 0.030694326 0.00027879313 0.00048606558 0.40616426 0.111608446 0.006302567 0.008010967 0.10663253 0.0037751137 0.0016461579 0.00076904945 0.32969072 0.000732411 9.662299e-05 0.00055484707 0.0007300017 0.0010291117 5.0510625e-22 0.006463268 0.2379859 0.005352236 0.0004563192 0.00071849494 0.63825107 0.17508186 0.006808671 9.2905124e-05 0.026846917 0.044926256 0.00042233086 0.09436969 0.007092363 0.0034366476 0.00047147518 0.06603395 0.53532636 0.00078354514 3.4430443e-05 3.6157682e-05 0.0001097751 0.0006807298 0.0003728498 0.00013812665 0.040613703 0.008017638 0.06343007 6.6202033e-06 0.00017447193 8.8383174e-05 3.382404e-06 7.6384444e-05 0.0017897211 3.7345085e-06 1.9171716e-06 0.00015918534 0.067531906 0.08945004 0.06656657 7.227086e-07 4.0695494e-07 0.005281503 6.7594806e-07 1.9087494e-07 0.0004550498 1.464775e-07 0.011142175 1.8739331e-07 2.5035867e-08 0.016428307 4.1987428e-07 0.00011286789 6.5185886e-05 3.6056687e-07 0.005182776 2.4961366e-06 5.935721e-06 0.08364941 0.0051626517 0.00082185847 7.5659837e-06 8.5587475e-05 8.35118e-06 4.7363043e-05 8.714728e-07 1.371429e-07 0.00058357685 0.01152418 0.0076172715 8.181649e-05 1.4318352e-06 0.0074038194 0.006045037 2.374817e-06 0.00010562033 4.276883e-07
0.905385 0.19179793 0.38548452 0.3620585 0.32262054 0.40376478 0.41166395 0.20688155 0.23279004 0.04764422 0.31846476 0.46523955 0.059914228 0.2650685 0.032567468 0.3236176 0.015677212 0.027050648 0.014207823 0.1168278 0.035623092 0.009271276 0.23834464 0.006463268 7.3518404e-20 0.007839674 0.013894816 0.0110498415 0.18802647 0.0038414057 0.014660031 0.010488017 0.041966066 0.47536626 0.008501828 0.12879723 0.04091257 0.6514527 0.0052705565 0.45917067 0.0920751 0.0016433971 0.48000425 0.003485433 0.0025747796 0.13219656 0.0045387037 0.29143056 0.008324385 0.09875407 0.00020223086 0.05112589 0.0002814359 0.23014446 0.008648305 0.00038446035 0.0055555897 0.47418424 0.0005662908 0.00030836996 0.0023374173 0.006689941 0.0036471903 0.0038517395 0.00026092638 8.885713e-05 0.28913096 0.0003870154 0.00016039712 0.0060162176 0.00022935371 0.15858175 7.48851e-05 0.00014260017 3.1526528e-05 0.00025322917 0.0023324883 0.013933218 0.0002132908 0.15370557 6.693863e-05 0.0014160965 1.3630815e-05 0.124468684 0.07637925 0.0023249718 3.5558838e-05 6.692286e-05 0.06518392 0.00024280227 0.0002163453 0.060574017 2.1986132e-05 4.8315298e-05 0.0066014444 8.039471e-05 0.017984796 0.000952283 0.0002688335 0.01397851 0.00014606079
0.012983003 0.050957493 0.07879761 0.05521617 0.024784729 0.06147158 0.061423413 0.008437287 0.0071704965 0.48799053 0.07490172 0.021449385 0.068444364 0.061449558 0.06501693 0.0050847256 0.0146912495 0.08604793 0.012064689 0.0006740553 0.0068978835 0.00973312 0.0021808548 0.2379859 0.007839674 5.206634e-21 0.18533283 0.0061016884 0.0012479412 0.14635977 0.049650617 0.16558643 0.0004109878 0.013526585 0.45435897 0.0006901993 0.030043289 0.008579682 0.15996699 0.0010813753 0.01536654 0.30563498 0.0010023003 0.00036333193 0.00033449146 0.0003882649 0.010468882 0.00075875275 0.00020844967 0.008882282 0.27290106 0.010398101 5.203589e-05 0.00043737682 0.00016854548 1.938139e-05 0.00013757516 0.0020158743 2.1783977e-05 9.644675e-06 0.004455351 0.0073774126 0.011884418 0.0068345545 2.6541024e-06 1.3286639e-06 0.0022257925 2.0799591e-06 9.893566e-07 0.0037167652 2.7794135e-07 0.0020219267 2.9317919e-06 3.967437e-08 0.067542985 1.6392147e-05 0.0012379609 7.700155e-06 3.4940737e-07 0.0022259508 0.0029214597 0.000990687 0.01574447 0.00087874575 0.0004211476 0.00048073914 0.011745009 0.0059068683 1.2058511e-05 1.3037203e-05 9.772514e-07 0.00052160554 0.0009862602 0.030832093 1.0957421e-05 3.2727655e-06 0.0016133955 0.0015619687 0.00017264989 2.4238707e-05 6.5173795e-06
0.012422013 0.1356716 0.13461018 0.11467303 0.066341035 0.079599425 0.07946031 0.0660849 0.027344722 0.21433598 0.05963051 0.058890536 0.3467369 0.03482255 0.35136035 0.019279473 0.109713145 0.010084247 0.09751849 0.016920831 0.046092138 0.08981256 0.007861716 0.005352236 0.013894816 0.18533283 2.7306608e-22 0.057408534 0.0051711146 0.0037740357 0.006997308 0.51521724 0.003872275 0.0038535956 0.36764047 0.003074665 0.0068878923 0.0058977604 0.4488666 0.0018946881 0.0026449289 0.00730806 0.0008102923 0.004308159 0.0039476566 0.0006032767 0.0745222 0.00064039795 0.0017136622 0.0010293256 0.18792413 0.00090753153 0.00034213808 0.00041223728 0.0011835038 0.0004527709 0.0011223926 0.0005029083 0.0018656988 0.00015405541 0.04745334 0.0007232764 9.996937e-05 7.351433e-05 0.0001163356 9.688912e-05 0.00038145593 0.00012919257 8.654079e-05 0.016021702 2.574269e-05 0.00011451767 0.00023915997 7.39432e-06 0.0038547916 0.00050457503 0.0031706367 3.151126e-05 0.00014240529 0.00012419366 0.021351377 0.0709471 1.7454824e-05 4.68388e-05 0.00011776105 0.019487806 0.011613756 0.016338747 3.5064284e-05 0.00039190933 1.0746686e-05 0.0003898135 4.3226923e-06 0.0025187463 6.2170926e-05 0.00041231944 3.395249e-05 0.0012071904 0.0008709852 9.1644804e-05 0.00014781464
0.009242853 0.059451755 0.023361815 0.042150382 0.04906743 0.020063443 0.0156331 0.15193813 0.07087037 0.00857284 0.007620887 0.044803128 0.20571448 0.0046953657 0.116529115 0.056917917 0.3146342 0.00094338926 0.31323275 0.15007345 0.4371049 0.30803174 0.042005718 0.0004563192 0.0110498415 0.0061016884 0.057408534 3.0134922e-23 0.033106197 0.00022935282 0.00019400466 0.026453767 0.056842655 0.0016194531 0.008199948 0.025004767 0.00072591234 0.0035649906 0.016251428 0.011965778 0.0009250984 6.804926e-05 0.006388239 0.034615446 0.032635156 0.0048813364 0.3068401 0.0064808894 0.0074083637 0.00074446853 0.0009280577 0.0006248036 0.008060311 0.005184736 0.0047883294 0.010915168 0.0036090799 0.0028240518 0.024604244 0.0029157952 0.1635138 6.7003006e-05 6.2220897e-06 6.7672377e-06 0.002754571 0.003458159 0.0010249544 0.002896246 0.002724768 0.17500281 0.0010331734 4.383278e-05 0.0019535394 0.0008220434 4.033552e-06 0.003655323 0.10787881 0.0033796749 0.001512435 9.276842e-05 5.0921963e-06 0.0015967026 4.323846e-08 2.27282e-05 0.00023195725 0.013369768 5.787188e-06 1.8366991e-06 0.0015630841 0.02001628 0.00085515925 9.826498e-06 9.344208e-07 1.3300495e-06 0.0013494503 0.0009432251 1.1088742e-05 1.9540686e-05 0.0024959906 9.039753e-05 0.011909351
0.91563576 0.082411535 0.13074265 0.15189144 0.17013437 0.11057999 0.10113882 0.16904463 0.21389486 0.00615415 0.04905999 0.2221724 0.031236103 0.026028354 0.017909395 0.39324224 0.019375224 0.0046829805 0.01729021 0.27411625 0.10561208 0.012539198 0.56485313 0.00071849494 0.18802647 0.0012479412 0.0051711146 0.033106197 1.3985757e-20 0.00021958128 0.00072380016 0.0032642437 0.443917 0.02924088 0.0014761996 0.56722426 0.0014800895 0.121857435 0.0013017779 0.40208527 0.0017999407 6.594377e-05 0.2455086 0.056428716 0.03394559 0.3253328 0.0076795598 0.24024038 0.2117034 0.0029683686 6.0328446e-05 0.0009222514 0.021258919 0.21242379 0.16407764 0.01602023 0.13066393 0.17743243 0.014246744 0.008955218 0.0017684189 0.000100377874 2.3809389e-05 2.4291747e-05 0.005970495 0.0036208136 0.089420795 0.0063835136 0.004636529 0.0072939945 0.0042101545 0.0054596765 0.0016129294 0.002408365 5.3530907e-06 0.0021532003 0.0042379806 0.1768449 0.0025282993 0.008835888 4.5934544e-06 2.153113e-05 1.7061698e-06 0.0039713723 0.024265395 2.069e-05 2.564882e-06 5.641516e-06 0.119686864 0.0015758702 0.00617634 0.006652782 3.4099244e-06 2.682813e-06 0.027914532 0.00075484737 0.00017872834 2.8015898e-05 0.0015003132 0.015239324 0.00062035886
0.048409563 0.0018108712 0.009959047 0.0058912514 0.0010530327 0.0132912975 0.016526213 0.00010762424 0.00010905635 0.2623749 0.10495345 0.0045383177 0.007414799 0.10645136 0.0045476044 0.0006111358 0.00064940704 0.3667775 0.0006313651 2.0170204e-05 0.00020746856 0.00060766627 0.00033679904 0.63825107 0.0038414057 0.14635977 0.0037740357 0.00022935282 0.00021958128 1.7722379e-22 0.25107938 0.0040812218 3.425264e-05 0.024194542 0.024870967 0.00010174509 0.12517478 0.005075608 0.0020017745 0.0003006021 0.080571696 0.5072317 0.0007074951 4.804501e-06 5.400815e-06 6.426634e-05 0.00023216462 0.00023662741 3.97482e-05 0.049337048 0.004035644 0.07674831 1.069671e-06 9.901902e-05 2.5916177e-05 7.284762e-07 1.8500024e-05 0.001853228 5.222007e-07 5.9925276e-07 5.0481827e-05 0.11304615 0.1429276 0.10058741 1.0398437e-07 3.4688192e-08 0.005129995 1.09337364e-07 2.6441127e-08 0.00011525691 3.2521346e-08 0.015570311 3.9473584e-08 8.897627e-09 0.009975948 1.6838231e-07 2.9674617e-05 4.372102e-05 5.8964297e-08 0.004968696 5.1979e-07 6.449755e-06 0.09963838 0.0041638617 0.0008050085 5.6939784e-06 2.447823e-05 8.921911e-07 1.6669223e-05 1.0607195e-06 4.477347e-08 0.00045512384 0.028763354 0.0051056496 6.3443884e-05 1.0353631e-07 0.011209886 0.011788471 7.1125163e-07 3.4536402e-05 1.5678516e-07
0.6524603 0.012784085 0.07323042 0.023289254 0.009500288 0.071267374 0.10529544 0.002186564 0.0020133643 0.07964913 0.44774678 0.0127280755 0.008463433 0.5600974 0.003970096 0.0021174278 0.0001962891 0.64709663 0.00014080784 0.00015872026 0.0006902013 0.0003591334 0.0013530554 0.17508186 0.014660031 0.049650617 0.006997308 0.00019400466 0.00072380016 0.25107938 1.9359102e-19 0.0054926877 7.358798e-05 0.13107467 0.01927514 0.00045671692 0.5757535 0.027006444 0.0038954115 0.0011122979 0.38631365 0.08245543 0.0025891794 2.6286067e-05 3.652234e-05 0.00019457535 0.0021538227 0.0008566273 2.0384798e-05 0.22797605 0.006738368 0.36164895 1.1695017e-06 0.0004549036 1.7964285e-05 1.545149e-06 1.4731118e-05 0.013924518 5.2692794e-06 5.455858e-07 0.0014513015 0.19044536 0.317742 0.3879909 1.5818026e-07 8.925864e-08 0.037341885 1.8030019e-07 5.903486e-08 0.0031053787 5.094464e-08 0.30512145 8.141238e-07 9.818408e-09 0.0027815853 7.6152087e-06 0.00028812865 3.6586272e-05 2.740854e-07 0.15354668 8.8041415e-06 5.029442e-05 0.006357599 0.13628025 0.0046260147 3.4319117e-05 3.812499e-05 1.0264744e-05 5.1844836e-05 2.3193235e-05 5.8425364e-08 0.019964758 0.007358104 0.0007121218 1.9221176e-05 1.7288295e-07 0.18222205 0.04356445 4.545755e-05 2.588108e-05 8.017103e-06
0.0049169925 0.0713192 0.07063146 0.07021228 0.040208768 0.061589487 0.059498165 0.029065128 0.017366095 0.16571769 0.042353183 0.038008764 0.18049023 0.027001912 0.19816074 0.014122158 0.048215136 0.008265349 0.0407012 0.005975328 0.02260597 0.03620792 0.0059137815 0.006808671 0.010488017 0.16558643 0.51521724 0.026453767 0.0032642437 0.0040812218 0.0054926877 5.0715284e-22 0.00159217 0.004421452 0.38294116 0.0018861613 0.0055994773 0.0046529514 0.5235425 0.0011638649 0.0029310302 0.006123972 0.00086744316 0.0011242143 0.0010323196 0.0003544153 0.02334627 0.0005854769 0.0005796841 0.00143292 0.20590143 0.0013804514 0.00015000798 0.0004036731 0.00044453872 0.00010400635 0.00035682984 0.0005729281 0.00026404264 4.508625e-05 0.011012061 0.00036687963 9.402446e-05 3.6057067e-05 3.297851e-05 1.9511413e-05 0.00028474742 5.639895e-05 8.323019e-06 0.0032706396 5.3368612e-06 0.00025729398 3.0237712e-05 3.0797125e-07 0.0026307008 8.1673126e-05 0.000648488 5.2581204e-06 4.13875e-06 0.00036847842 0.016212326 0.0329412 6.2984964e-06 0.00017083534 0.00025931568 0.005610561 0.01212087 0.013851481 9.42255e-06 0.00011131414 2.6784057e-06 0.0024925035 3.2513935e-06 0.00314276 8.643089e-06 5.630758e-05 7.184625e-05 0.0005191581 0.00031190465 5.8899477e-05 2.0258207e-05
