7.996912e-23 0.9980743 0.9989796 0.99970406 0.989241 0.99994004 0.98750955 0.9711091 0.9986621 0.9503191 0.99997354 0.999901 0.9934018 0.99848515 0.9298914 0.8741727 0.99424475 0.98157454 0.9705191 0.9319671 0.96934175 0.99121463 0.8344214 0.8783459 0.9543619 0.9887202 0.9648368 0.94351983 0.93195856 0.6213281 0.9249559 0.9793715 0.82915163 0.88272226 0.9781963 0.8492745 0.92075026 0.99284923 0.39570934 0.8780483 0.15476783 0.863553 0.8429076 0.76553994 0.75291187 0.45521462 0.8224123 0.7977269 0.93483746 0.43440485 0.27159882 0.7057879 0.24914986 0.543676 0.7350371 0.7664613 0.89528304 0.86658597 0.5646929 0.89650065 0.7100199 0.75174725 0.17811793 0.22205395 0.16081735 0.40378556 0.22306225 0.51334083 0.14709045 0.96273893 0.106067844 0.24018098 0.1828779 0.012698166 0.041887786 0.04668685 0.05730366 0.21148343 0.02196577 0.0045056725 0.007187129 0.43012512 0.045102317 0.0019229546 0.0049311533 0.013414117 0.004392916 0.01663168 0.05442755 0.81181866 0.0015371281 0.0032748266 0.0346561 0.0022543753 0.8389595 0.0014531185 0.39261153 0.0040525827 0.27877364 0.008879149 0.08346998
0.9980743 1.257876e-13 0.6233231 0.9185454 0.93196845 0.04154638 0.14536615 0.87811536 0.026630348 0.7674337 0.0010124927 0.0025674824 0.03757238 0.099565476 0.7813977 0.7024436 0.007190526 0.21082836 0.23406571 0.011938582 0.048840724 0.04242342 0.0019809564 0.0007488749 0.0010215029 0.009206305 0.010935296 0.0011945774 0.27485016 0.0012550664 0.41424468 0.0006251442 0.00015705149 0.056855485 0.00014579859 0.0014437931 0.019372858 0.0011219678 0.021856833 0.00065902603 0.04061049 0.0076516923 0.030443093 0.2113212 9.848222e-05 6.598271e-05 0.011299881 0.002214687 0.0014444272 0.00068383483 0.052106358 0.00033804888 0.00021123874 0.2817972 4.7801754e-05 0.059631918 0.0416916 0.5440723 4.872736e-05 0.411263 0.020643858 0.0059405523 7.4169104e-05 0.00024551936 0.0004915403 0.00018552526 0.00054879254 2.2225957e-05 0.110796176 0.00045132433 0.0007998347 0.005261216 0.015377792 0.0002724843 0.029478794 0.0001173806 0.00061661704 1.6455237e-05 4.16275e-06 0.00011161956 0.0096424455 5.0440156e-07 1.6990458e-05 0.00036506806 0.00072617165 2.5707459e-05 0.00019292199 0.00013981789 0.00010098171 4.965756e-06 1.3945972e-05 7.0241686e-06 6.4226556e-06 0.0002278642 4.2976044e-05 5.013187e-06 3.4424943e-06 3.980768e-05 6.761699e-07 0.006975295 4.0445746e-05
0.9989796 0.6233231 5.2084776e-15 0.049423132 0.8153857 0.0970514 0.35985646 0.009421486 0.0004375921 0.086783186 0.0007784565 7.849882e-05 0.000873604 0.817491 0.544103 0.1474143 0.00032397677 0.0038334262 0.97326946 0.054659322 0.001976521 0.40379474 0.0032476517 1.7193113e-05 0.0006847044 0.25080967 0.00022144915 0.009387941 0.0056035644 0.00010015747 0.7978359 4.4892447e-05 1.7719472e-05 0.696342 9.945384e-06 1.9852987e-05 0.00071970816 4.1579868e-05 0.2206348 3.868041e-05 0.15119375 0.0001390245 0.27400783 0.022581335 0.0019091384 2.9385099e-06 0.08180023 0.032352418 8.1680766e-05 0.009351256 0.019172894 0.0002667676 1.8488533e-06 0.30318317 8.655107e-06 0.002077301 0.0003555845 0.024955412 3.3792958e-06 0.01646427 0.00020585029 0.00015070128 2.252386e-05 0.0012630175 0.003911814 0.00025858323 0.00014872797 7.39266e-07 0.003818554 0.002315307 8.722478e-05 0.04349538 0.00065207406 0.0074511217 0.00030580742 3.2706253e-06 1.1699184e-05 1.7434354e-06 1.0848525e-07 0.0006147633 9.87494e-05 1.4395191e-06 2.0857346e-05 0.000109788394 0.0025589257 1.4219005e-06 1.6241028e-06 3.3214124e-05 4.1365503e-05 8.452623e-07 0.00066963595 3.3378768e-07 1.2877556e-06 7.168954e-06 2.8111307e-07 0.00016347849 3.4994625e-07 7.862139e-05 1.8772774e-06 0.0001272071 0.0004898811
0.99970406 0.9185454 0.049423132 6.3590334e-15 0.49477485 0.015521231 0.027868504 0.9609209 0.43370986 0.55441415 0.0012784669 0.008273382 0.13386457 0.02917801 0.20423056 0.19713809 0.022569388 0.82613975 0.032208174 0.0013519422 0.20468438 0.010985186 0.000575663 0.002695797 0.0008919803 0.0019655537 0.041836064 0.00034785934 0.623631 0.0024659482 0.061207686 0.0011677434 0.00013726272 0.0052338163 0.00064320274 0.004769575 0.087274946 0.004359792 0.002053932 0.002372255 0.0073132017 0.032923695 0.0064161974 0.05480839 2.3901777e-05 0.00047015015 0.0034720364 0.0006213563 0.0133339735 0.00015637372 0.008748322 0.00035010304 0.00048153105 0.012346702 0.00040030276 0.27156547 0.27564582 0.48151582 0.00028839367 0.554271 0.11774872 0.041137468 0.00015201469 0.00021291866 0.00024473763 0.000104089 0.0019893053 0.0001720165 0.124475084 0.00019571523 0.0035310949 0.0008499371 0.058028165 1.6401593e-05 0.038265396 0.00035445683 0.005199308 3.0876028e-05 1.0509539e-05 2.2346298e-05 0.012871522 1.4201312e-07 2.0415031e-05 7.36082e-05 8.4393665e-05 0.0002892023 0.0006446975 0.0012361612 4.7050424e-05 4.517039e-05 2.1721407e-05 1.603082e-05 2.7934791e-05 0.0013430156 1.811988e-05 1.0949556e-05 1.9651676e-05 2.1264479e-05 2.908986e-07 0.004919868 0.00010651534
0.989241 0.93196845 0.8153857 0.49477485 1.9287052e-15 0.018770697 0.057325974 0.67652667 0.004931532 0.7928467 0.00012504662 0.0005589415 0.0048681246 0.1430623 0.9695235 0.8619484 0.0014565018 0.07324322 0.47474337 0.0047132885 0.016583048 0.03031778 0.00044578235 7.3347386e-05 0.00010241067 0.008441146 0.0028675038 0.00075597997 0.10126246 0.00032013943 0.6083727 4.441075e-05 9.347431e-06 0.11544844 3.738844e-05 0.00014051312 0.0079805525 0.00022089863 0.0468737 8.314788e-05 0.05933932 0.0014500888 0.033591334 0.23610625 0.00014050977 6.0889024e-06 0.009005627 0.0020568625 0.0006082124 0.0009030809 0.09177839 6.102427e-05 1.6885671e-05 0.4017014 7.1074555e-06 0.025633257 0.022267157 0.3509694 6.486754e-06 0.18404882 0.005232559 0.0020184156 6.0872185e-06 0.000170693 0.00038901303 5.5527846e-05 0.00048430564 2.7378144e-06 0.037823554 9.2549715e-05 0.00046290533 0.0073752115 0.0055771098 0.001261671 0.008902072 1.3256989e-05 0.00035139636 2.113145e-06 1.1821484e-06 0.00012731207 0.0023121496 1.7411979e-07 6.9734156e-06 0.00136897 0.002742856 1.12691005e-05 5.2069947e-05 7.353747e-05 2.7578104e-05 2.4760977e-06 3.0055151e-05 3.925832e-06 1.6552008e-06 3.8415616e-05 2.7074267e-07 2.5423458e-06 8.638124e-07 1.757214e-05 5.3047984e-07 0.006136454 4.0185758e-05
0.99994004 0.04154638 0.0970514 0.015521231 0.018770697 4.5786627e-17 0.9693765 0.0023900503 0.0013814113 0.0030789871 0.2575158 0.008760623 0.0031292064 0.16323875 0.010778648 0.0039742235 0.0077168103 0.0035276818 0.031407386 0.9130198 0.0039173015 0.17598751 0.47177875 0.0015538996 0.25688222 0.37596893 0.001996205 0.18244046 0.0011228637 0.0006702643 0.008469937 0.044341095 0.033068497 0.02656034 0.021311903 0.00020572646 0.0010034337 0.025567206 0.005154244 0.015199672 0.001539487 0.0007389316 0.012214403 0.00031405877 0.07106965 0.001071087 0.008615624 0.020526852 0.001271484 0.009794006 0.0010527776 0.036248393 0.00020175062 0.00068160775 0.0023972832 0.0017531231 0.0009918282 0.0012493326 0.0002977657 0.001062819 0.00010561116 0.00036090054 0.008019615 0.0012859248 0.0008849126 0.038954526 6.0301525e-05 6.614621e-05 0.00134126 0.5128138 0.0004898236 0.0009265261 0.00022581447 1.4977649e-05 0.00014572326 0.00017110078 1.138907e-05 0.0013059546 0.00012728573 0.00012341722 3.327903e-05 0.059696797 0.0080725355 4.105639e-05 0.00014152499 4.0712268e-05 9.516782e-05 0.0002511052 0.00764803 0.00021457304 3.8865703e-05 1.48035915e-05 0.00024598764 2.7081242e-05 5.984749e-05 8.4706684e-05 0.00045098635 0.00027501874 0.022205887 0.0012256561 0.0006502412
0.98750955 0.14536615 0.35985646 0.027868504 0.057325974 0.9693765 5.0078626e-12 0.0016835616 0.00024728623 0.0015586676 0.08719932 0.0008301853 0.00037885792 0.296183 0.007226794 0.0015533476 0.0008807551 0.0012132729 0.04694984 0.9421075 0.0006482589 0.48274845 0.22303475 0.00012809127 0.28674242 0.91329765 7.631622e-05 0.66534746 0.0006642784 8.5293e-05 0.009892303 0.00327619 0.0036628586 0.06072508 0.00068532466 2.500777e-05 0.00022460103 0.0007800967 0.0041918014 0.0006225372 0.00062527537 3.0861927e-05 0.019417305 0.00028569592 0.39282346 8.7155015e-05 0.021475738 0.101026446 0.00014307965 0.06684388 0.0013433268 0.011473483 2.8100212e-05 0.00043434967 0.00028302634 0.00042215045 0.00012523434 0.0014547402 6.0592876e-05 0.00096687896 2.4862167e-05 0.0001675488 0.0024892467 0.01068241 0.0023684504 0.015125043 9.273472e-05 1.0456901e-05 0.0004967338 0.70273435 0.0002642457 0.0008576613 0.00024515437 2.0034131e-05 0.00011540296 3.6667134e-05 2.0714502e-05 7.729788e-05 1.3431397e-05 0.0001607248 1.736379e-05 0.12125484 0.00068914995 6.500403e-06 4.3969012e-05 7.4016825e-05 2.03278e-05 5.4202505e-05 0.015827542 7.961088e-06 3.995377e-05 4.075019e-06 4.421285e-05 2.6484408e-06 1.1505247e-05 0.00046566443 4.242605e-05 0.0031478086 0.11498083 0.00019235743 0.010080708
0.9711091 0.87811536 0.009421486 0.9609209 0.67652667 0.0023900503 0.0016835616 8.971952e-15 0.075739585 0.9678046 0.0001260876 0.00093599374 0.005559933 0.0045248107 0.22129273 0.41426829 0.0018191467 0.7726569 0.004247072 2.2529875e-05 0.06642962 0.0014935799 1.9763276e-05 0.000113871756 9.44334e-06 0.0008769132 0.005750221 1.8647968e-05 0.8191776 0.00028476183 0.016746823 6.546873e-05 2.548769e-06 0.0007882485 3.0889398e-05 0.00072168384 0.03468259 0.00027180326 0.00045109345 8.7365384e-05 0.002146975 0.005634591 0.0006386107 0.05140725 4.1578002e-07 2.9480438e-05 0.00018545573 1.4639832e-05 0.0022855904 3.5835524e-06 0.009155794 6.4736155e-06 3.6205267e-05 0.0070554847 4.6562204e-06 0.13252228 0.12212278 0.53305334 8.710022e-06 0.48434347 0.032391418 0.010171421 1.705903e-06 3.674896e-06 2.0895292e-05 1.9675905e-05 0.0011397068 2.6995233e-06 0.10581462 3.156302e-07 0.0006716496 0.00050242885 0.03064635 1.8968945e-05 0.034095272 2.408993e-05 0.0030754334 1.05696856e-07 5.6428854e-07 1.3426006e-05 0.0138832 3.8472127e-08 1.1465908e-06 0.0002044676 0.00014750076 9.146275e-05 9.943464e-05 0.000501306 5.2959575e-07 2.183255e-06 2.8365757e-06 1.7768807e-06 3.1767098e-07 0.00069167325 9.742541e-07 4.0288082e-06 1.7973794e-07 1.5079947e-06 3.5275406e-08 0.0073333364 3.562195e-06
0.9986621 0.026630348 0.0004375921 0.43370986 0.004931532 0.0013814113 0.00024728623 0.075739585 5.9890666e-16 0.020365378 0.00046228126 0.009418988 0.60574275 0.00022460058 0.0013730625 0.004626723 0.070713475 0.7579506 0.00014727305 1.3371947e-06 0.9478772 7.064278e-05 9.839514e-06 0.002497381 2.4939487e-05 6.713515e-05 0.9591385 1.3706282e-06 0.09800026 0.012469638 0.00043573626 0.00039799177 2.1057149e-05 1.2522508e-05 0.00019985708 0.10633594 0.6217772 0.00047881558 1.9894951e-05 0.00034772005 0.0002771456 0.58426213 2.2377197e-05 0.0016085407 1.4019654e-08 0.00036033618 2.8030445e-06 2.5816172e-07 0.54869026 5.6337393e-07 0.0014001457 9.939088e-06 0.0012948652 0.00038675783 6.225582e-05 0.074739456 0.3535685 0.0078039807 0.000141418 0.09066877 0.012310983 0.2748267 7.904146e-06 2.452914e-06 7.4549303e-06 3.8979715e-06 0.018377315 0.0007728734 0.006664279 6.0240075e-07 0.031935975 3.3299948e-05 0.012907227 6.9777485e-07 0.0011605475 0.0006675213 0.0066842493 1.12015016e-07 6.109618e-07 2.3959963e-06 0.00034499503 6.2867542e-09 2.141944e-06 2.4251818e-05 4.6621586e-05 0.008725079 0.003938408 0.008243111 1.4044572e-06 0.018540032 3.1679497e-06 6.0880666e-06 9.042693e-07 0.0004031314 1.3536875e-06 1.0880983e-06 4.325362e-07 1.0561378e-06 9.443784e-09 9.7082884e-05 7.097018e-06
0.9503191 0.7674337 0.086783186 0.55441415 0.7928467 0.0030789871 0.0015586676 0.9678046 0.020365378 1.165594e-11 0.00031499375 0.001283035 0.0067492886 0.0025284186 0.31423023 0.9266858 0.0014543926 0.41244715 0.002506426 7.5892065e-05 0.020327749 0.0010151535 6.695797e-05 0.00022657165 3.3870572e-05 0.00023634074 0.003217732 2.3176939e-05 0.5193996 0.0003436346 0.011731648 2.6736421e-05 5.7916986e-06 0.0004329285 2.8614297e-05 0.00032979876 0.0072186105 8.354132e-05 0.00055736356 2.2235541e-05 0.0025319972 0.0004552534 0.0002443302 0.49893677 4.0400522e-07 7.200922e-05 7.932612e-05 1.040296e-05 0.0004507557 1.9772648e-05 0.21706495 1.7419536e-05 5.12442e-05 0.007286931 3.1405848e-06 0.03399505 0.019931532 0.9586843 4.0578652e-05 0.53295946 0.008185294 0.0008272339 4.461798e-06 9.516025e-06 3.2436365e-05 0.00020900823 0.0002820534 5.384071e-06 0.25079107 2.2088378e-07 6.690939e-05 0.00017719463 0.046139866 0.00014882871 0.05252078 2.0082662e-05 0.0011200221 2.398502e-06 1.8465098e-06 1.1789773e-05 0.027708814 6.507458e-07 8.831964e-05 0.0019997396 0.0004101573 2.1347483e-05 4.5664915e-06 2.7867949e-05 2.6059442e-06 2.0436194e-06 1.0488027e-06 1.3689034e-05 2.0865622e-05 0.0007617741 0.00026597173 1.0350185e-05 2.345995e-06 1.2717416e-05 9.2013494e-07 0.046983227 5.207816e-06
0.99997354 0.0010124927 0.0007784565 0.0012784669 0.00012504662 0.2575158 0.08719932 0.0001260876 0.00046228126 0.00031499375 2.9157788e-15 0.027547402 0.0022434026 0.0015180411 0.00030800782 0.00014106267 0.012970515 0.00018706633 0.0003941124 0.031771395 0.0005990374 0.0022532206 0.2353151 0.0027011998 0.97089714 0.0065033394 0.0010439117 0.004733875 6.267444e-05 0.0014555672 0.00019192262 0.88214463 0.9472004 0.0005751603 0.033815335 0.000631025 0.00021627432 0.07457355 0.00056748156 0.08320318 0.00016410799 0.00026548392 0.00031591763 4.908425e-05 0.0011753917 0.0018565092 0.00047705736 0.00052657514 0.00056999584 0.00039988628 0.000114747905 0.20905763 0.0004035932 0.00030434193 0.072515585 9.484861e-05 7.1665374e-05 0.00025938716 0.012401925 9.858559e-05 2.221922e-05 9.366335e-05 0.12652689 0.00048252242 9.126079e-05 0.012203865 0.00040793009 0.0004636467 6.229597e-05 0.0065970863 9.614053e-05 4.2113952e-05 8.784495e-05 4.3206786e-05 4.3049654e-06 0.0004062227 1.2430022e-05 0.19515736 0.0006225541 4.3066673e-05 3.6343902e-06 0.0053729126 0.012672984 2.6737569e-05 0.0003349751 7.7566896e-05 2.5207322e-05 0.00014265648 0.00022341599 0.00019587246 4.3572254e-05 7.051159e-05 0.02870847 4.4956287e-05 0.0051493235 0.00031977147 0.047835484 4.4628556e-05 0.0005264827 0.00016013728 0.0007847716
0.999901 0.0025674824 7.849882e-05 0.008273382 0.0005589415 0.008760623 0.0008301853 0.00093599374 0.009418988 0.001283035 0.027547402 4.0083402e-13 0.17024752 0.0004943633 0.00019438783 0.00040887672 0.6240898 0.0008648581 0.00011045064 0.00026614274 0.0040425407 0.00024410454 0.0025149623 0.98356825 0.008044357 0.0006328559 0.0068877637 0.00025478337 0.00037901854 0.2319678 0.00014128859 0.012930413 0.0017222875 2.818932e-05 0.8477741 0.06351553 0.0015792703 0.55720824 3.8581275e-05 0.06855416 5.2578074e-05 0.0018349766 4.4133656e-05 4.376937e-05 5.5213495e-05 0.22529447 1.7858107e-05 3.196853e-05 0.015563684 1.8436514e-05 5.522345e-05 0.0020154035 0.040692404 0.00024822733 0.0049422947 0.00040035698 0.0019577788 0.0003814725 0.0033263946 0.0008403102 0.00010904877 0.0005322588 0.0004902856 9.417492e-06 9.363634e-06 0.00033912688 0.002209061 0.020082692 0.0003163907 0.0011505116 0.00024993572 2.2856182e-05 0.00033201475 5.562677e-06 2.306928e-05 0.008929906 2.7109485e-05 0.0006960237 0.0024783374 1.5808631e-05 0.00010660954 0.00011359474 0.00012272262 3.1559288e-05 4.4641074e-05 9.688449e-05 1.6639553e-05 0.00019004988 6.915799e-05 0.017196272 6.1681253e-06 0.0013970301 0.0006966253 9.8327466e-05 0.050258826 8.956929e-06 0.0033542777 6.7963585e-05 0.0002120744 0.0017991307 0.00021874336
0.9934018 0.03757238 0.000873604 0.13386457 0.0048681246 0.0031292064 0.00037885792 0.005559933 0.60574275 0.0067492886 0.0022434026 0.17024752 1.5132626e-16 0.00026772617 0.00029050262 0.0014782331 0.9810563 0.014858088 0.00011958267 2.8215907e-06 0.06709939 7.88711e-05 5.8052497e-05 0.16538417 0.00040523737 6.546768e-05 0.46274912 4.478881e-06 0.0020151401 0.6522626 0.00014086424 0.0007622195 0.000101398706 8.1952277e-07 0.01617654 0.9413358 0.025976462 0.008981047 2.2523247e-06 0.0005452464 8.270812e-06 0.07703377 4.1505364e-06 0.00011298065 1.1384276e-08 0.017334796 1.696621e-06 3.6286184e-07 0.6901658 6.503999e-08 0.00036573433 0.00012925851 0.09955436 5.364326e-05 0.0002829435 0.0053396714 0.05259029 0.00038566542 0.00027893463 0.0055375015 0.0011564308 0.018074509 0.000106653984 6.491333e-08 1.3863855e-06 5.5781516e-06 0.2294179 0.3626825 0.0006152774 2.7490663e-05 0.0043621007 1.7742163e-05 0.0029767384 2.2931672e-06 0.000103109014 0.013581399 0.000505479 2.9261344e-05 6.334275e-05 2.7211343e-06 0.00010447805 9.061512e-07 1.994825e-06 2.0064904e-06 5.21752e-06 0.017140325 0.009203277 0.0014121733 9.142383e-06 0.5656683 6.177971e-07 8.6957174e-05 3.447454e-05 1.8562392e-05 0.00019644808 2.1936673e-06 0.00013750182 1.2707377e-05 8.837166e-06 2.8072087e-05 4.2556327e-05
0.99848515 0.099565476 0.817491 0.02917801 0.1430623 0.16323875 0.296183 0.0045248107 0.00022460058 0.0025284186 0.0015180411 0.0004943633 0.00026772617 8.1586105e-14 0.026399061 0.003495594 0.00027935553 0.00012766795 0.11075453 0.0061524217 7.432708e-05 0.9478212 0.0015277419 2.3822766e-05 7.5768185e-05 0.06946355 1.5694974e-05 0.025604215 1.4454131e-05 1.0999794e-05 0.015315152 3.7188693e-05 4.655392e-05 0.8426368 6.2795853e-06 4.4865633e-06 4.953303e-06 4.2039696e-06 0.08365937 1.8400725e-06 0.009089027 3.3801177e-06 0.8733076 0.000748186 0.004287021 4.1330186e-06 0.9219832 0.3348702 1.0419209e-06 0.012556681 0.0055755754 0.00011331451 4.45032e-06 0.00319782 1.3340555e-05 1.4262397e-06 2.982154e-07 0.00018515249 7.2203247e-06 2.9649154e-05 7.084055e-06 7.8503837e-07 2.0632906e-06 0.061412595 0.14788903 0.00045853705 2.3321145e-05 3.1553324e-07 2.4948908e-05 0.0008631693 1.9829221e-07 0.3038152 2.0702928e-05 0.009741181 1.6673555e-06 3.989671e-06 7.010904e-06 3.45095e-07 1.1972918e-06 0.03127751 1.5299793e-05 1.0203573e-06 4.6368996e-06 5.164542e-05 0.00020943643 1.1860669e-06 2.362035e-08 9.1101487e-07 4.2540865e-05 1.480258e-06 0.009469344 5.9522307e-07 2.614947e-07 2.3536973e-06 1.20757495e-05 0.005660878 2.1512838e-07 6.57209e-05 5.3062715e-05 3.5310945e-06 0.0073130727
0.9298914 0.7813977 0.544103 0.20423056 0.9695235 0.010778648 0.007226794 0.22129273 0.0013730625 0.31423023 0.00030800782 0.00019438783 0.00029050262 0.026399061 5.955781e-16 0.96714854 9.090422e-05 0.0013258337 0.048941072 0.00023393217 0.00034027064 0.004182025 7.176585e-05 9.665585e-06 1.0422494e-05 0.0005556241 4.3097694e-05 8.419382e-05 0.0034443552 3.7211664e-06 0.81142896 5.8413195e-07 4.0369636e-07 0.007170083 4.962657e-07 4.158718e-06 8.964667e-05 1.4822684e-06 0.011802373 1.7310535e-07 0.07851624 2.1697993e-05 0.0016612815 0.7756767 3.5583665e-07 6.241389e-07 0.0003461686 3.9434475e-05 1.2151638e-05 6.5589345e-05 0.83830965 7.670567e-06 1.0293727e-06 0.54187876 8.882963e-08 0.00021156172 0.00021869851 0.3866046 1.0097257e-06 0.057288893 0.00013648617 1.700242e-05 1.8730017e-06 6.045414e-06 3.099365e-05 8.995095e-05 3.2547614e-05 2.4442727e-07 0.010813572 6.1666956e-06 5.109894e-06 0.0050157914 0.0044476027 0.0018686317 0.0022196032 1.7661865e-06 4.8289687e-05 2.1487508e-06 3.648811e-07 2.0925125e-05 0.00060217164 3.2659048e-07 1.5695843e-05 0.009583822 0.0047885464 3.706832e-06 8.672639e-08 3.4190482e-06 6.0834286e-06 8.4713946e-07 3.9658967e-06 7.158702e-07 1.345176e-06 3.9436094e-05 2.1899456e-05 3.4061084e-06 6.940967e-07 7.268555e-06 1.4452207e-06 0.029063543 2.918538e-06
0.8741727 0.7024436 0.1474143 0.19713809 0.8619484 0.0039742235 0.0015533476 0.41426829 0.004626723 0.9266858 0.00014106267 0.00040887672 0.0014782331 0.003495594 0.96714854 7.2022154e-14 0.00036668044 0.036928132 0.0070646186 1.9347224e-05 0.0032941513 0.0012192815 2.0495012e-05 3.3529614e-05 4.435765e-06 0.00018250218 0.00040531522 2.9752655e-05 0.06237595 6.556039e-05 0.14217028 2.818154e-06 9.2302383e-07 0.0016352151 4.2772604e-06 8.895633e-05 0.0013492984 1.3467375e-05 0.003192311 1.0224253e-06 0.019385887 0.00015669587 0.00048284626 0.9804869 1.07450866e-07 5.4665634e-06 0.00016674526 2.1897451e-05 6.411832e-05 7.839382e-06 0.58774513 7.1999234e-06 6.689335e-06 0.10130822 4.1689654e-07 0.008775545 0.0017847238 0.8527096 2.310626e-06 0.29197735 0.0031362288 0.00017069383 7.0671547e-07 7.450069e-06 4.1554733e-05 2.7792386e-05 7.4004194e-05 1.4969187e-06 0.1200331 2.928662e-06 1.5545815e-05 0.0011381856 0.021962577 0.0006613578 0.014683713 6.6312355e-06 0.00043762024 7.881162e-07 1.0217809e-06 1.9661667e-05 0.01067274 1.0863745e-07 8.233516e-06 0.0080974465 0.0015511509 6.5426066e-06 8.8585523e-07 3.9434494e-06 1.9343543e-06 6.451831e-07 1.0693997e-06 2.9519665e-06 1.2873812e-06 0.00014146062 2.0457244e-05 4.5122706e-06 6.2240866e-07 3.4212435e-06 2.0928556e-07 0.038591214 2.2700356e-06
0.99424475 0.007190526 0.00032397677 0.022569388 0.0014565018 0.0077168103 0.0008807551 0.0018191467 0.070713475 0.0014543926 0.012970515 0.6240898 0.9810563 0.00027935553 9.090422e-05 0.00036668044 9.811077e-15 0.0041511324 4.030997e-05 5.2420663e-05 0.01614804 0.00011281334 0.00094533374 0.65563947 0.0026236866 0.00014380497 0.065544784 4.1095056e-05 0.0008223567 0.90546364 3.0521027e-05 0.0010718057 0.00047374383 3.2055536e-07 0.07970161 0.8133288 0.013030043 0.024614815 3.921052e-07 0.0045738905 4.4096842e-07 0.025231646 1.2145736e-06 5.1871444e-05 4.959433e-08 0.058783934 2.5424632e-07 3.03384e-07 0.32706323 2.263891e-08 2.4419847e-05 0.0004437481 0.23989962 2.712826e-05 0.000505834 0.00076332083 0.008843647 5.646886e-05 0.0008706418 0.0011815071 0.00016462246 0.0060513588 0.0002904192 3.0967826e-07 5.117861e-07 1.3912218e-05 0.16832344 0.42988142 7.6709584e-05 1.8607252e-05 0.00067849574 7.984569e-06 0.0003948865 4.945679e-08 2.6868109e-05 0.055807523 7.873364e-05 9.447136e-05 0.00036518453 4.56376e-07 4.533406e-06 1.6062168e-06 9.5097375e-06 8.678447e-08 2.6057053e-06 0.0025341474 0.0021000265 0.00013078739 2.0815001e-05 0.45506838 8.1381984e-08 0.0001408609 6.7118184e-05 9.614777e-07 0.000705231 2.749027e-07 0.00027773457 1.1954628e-06 1.1939645e-06 1.3935515e-06 4.2434604e-06
0.98157454 0.21082836 0.0038334262 0.82613975 0.07324322 0.0035276818 0.0012132729 0.7726569 0.7579506 0.41244715 0.00018706633 0.0008648581 0.014858088 0.00012766795 0.0013258337 0.036928132 0.0041511324 1.5302436e-14 8.890493e-05 3.951992e-06 0.9372363 4.1143878e-05 4.783949e-06 0.00022115771 3.884912e-06 1.279647e-05 0.053487666 1.2777977e-06 0.949969 0.000613414 0.0003620259 1.1597441e-05 9.23783e-07 1.6364173e-05 1.2717974e-05 0.0020239823 0.7831695 2.5975809e-05 1.244441e-05 9.028221e-06 0.0002730847 0.24685618 6.999407e-06 0.0041538673 1.8338794e-08 5.9557765e-06 1.6937386e-06 1.8711117e-07 0.015222293 3.96637e-06 0.002535744 2.8724737e-06 3.6304842e-05 0.00052032765 2.2078827e-06 0.65463555 0.859134 0.065277405 1.9991912e-05 0.59342515 0.3545708 0.4463148 5.251243e-07 5.882262e-07 3.9706088e-06 1.8670497e-05 0.001641981 4.1103718e-05 0.038173597 1.2141611e-06 0.039877705 5.487627e-05 0.14915022 3.5627895e-06 0.008325088 2.6911654e-05 0.033476494 1.9325556e-07 1.9108397e-06 7.738614e-06 0.008763594 2.8301054e-07 1.3320456e-05 6.652223e-05 1.9852116e-05 0.0028972046 0.0015601816 0.015446055 3.6922468e-06 0.001161276 1.8365556e-06 3.9114407e-06 6.558841e-07 0.003031723 3.985471e-05 7.566309e-06 1.0621741e-06 4.4798126e-06 7.8926473e-07 0.0010543778 6.5795743e-06
0.9705191 0.23406571 0.97326946 0.032208174 0.47474337 0.031407386 0.04694984 0.004247072 0.00014727305 0.002506426 0.0003941124 0.00011045064 0.00011958267 0.11075453 0.048941072 0.0070646186 4.030997e-05 8.890493e-05 1.2109762e-12 0.0004889497 1.6485741e-05 0.014795146 0.00015249763 1.820811e-06 1.1641411e-05 0.00041410082 2.6414816e-06 0.00034383 8.015617e-05 7.740982e-06 0.9463706 4.3563173e-06 1.1870689e-05 0.9657179 1.1919781e-06 4.4313e-06 1.1011413e-05 1.1450882e-06 0.56235725 1.4602874e-06 0.30637607 5.050988e-06 0.14051424 0.0047949785 5.8309786e-05 1.9881854e-06 0.016383607 0.0010468207 3.4360262e-06 0.00014424477 0.04395963 2.273903e-06 4.3287523e-06 0.24290583 2.1453252e-06 1.1651452e-05 2.7401443e-06 0.0026295807 1.1028658e-05 0.00043898541 4.8236366e-06 1.7954504e-05 4.040513e-06 0.00023407389 0.0012659702 6.634706e-05 6.647366e-05 2.089917e-06 0.00013363865 9.734206e-06 2.110255e-06 0.16672982 4.0595452e-05 0.10063162 1.217752e-05 8.5980455e-06 1.0209058e-05 1.4660014e-06 2.0628734e-06 0.0009436025 0.00022552715 8.353562e-08 1.5803023e-05 0.00021103235 0.008528162 1.772351e-05 2.9016752e-08 6.865217e-06 7.864371e-06 2.5014865e-06 0.00092528405 1.5493707e-06 1.581933e-06 7.4280124e-06 5.3544518e-05 0.00017136712 9.4902083e-07 6.209315e-06 1.3260169e-06 0.00016908837 6.447895e-05
0.9319671 0.011938582 0.054659322 0.0013519422 0.0047132885 0.9130198 0.9421075 2.2529875e-05 1.3371947e-06 7.5892065e-05 0.031771395 0.00026614274 2.8215907e-06 0.0061524217 0.00023393217 1.9347224e-05 5.2420663e-05 3.951992e-06 0.0004889497 1.1638955e-13 2.9806856e-06 0.042155992 0.97650325 4.192389e-05 0.0683519 0.16405363 8.754988e-07 0.14101933 9.453313e-06 8.989199e-06 7.3959956e-05 0.000532349 0.0016707715 0.0017636686 0.00021085574 1.6321093e-07 4.1901403e-06 5.7886922e-05 0.0003616289 5.0167666e-05 3.812673e-05 1.0496773e-06 0.00023132411 3.735631e-06 0.41431558 5.329567e-06 0.0007756793 0.004096841 2.1933033e-06 0.055339556 7.2134666e-05 0.14362738 4.100255e-07 6.662277e-06 0.00014178356 3.3456467e-07 5.454232e-08 2.4617524e-05 8.491212e-05 2.5143372e-06 4.4481027e-07 2.4626788e-06 0.009178607 0.00078682037 0.00016708879 0.8799891 1.3560287e-06 2.1151479e-07 6.3939285e-07 0.7674732 1.4925389e-07 1.3736819e-05 1.435744e-07 1.3703943e-06 7.2777034e-08 4.359168e-06 1.0529618e-06 0.000139703 9.4490415e-06 1.58221e-05 4.3811273e-08 0.43275425 0.018146487 4.7473966e-07 3.7427556e-06 8.672681e-06 1.5477106e-08 6.926492e-07 0.03572668 2.4698795e-05 2.6301433e-07 1.6571971e-06 7.84006e-05 1.7031665e-05 0.0005605924 3.146765e-05 9.045281e-05 0.002658419 0.11555843 9.071352e-07 0.00038153812
0.96934175 0.048840724 0.001976521 0.20468438 0.016583048 0.0039173015 0.0006482589 0.06642962 0.9478772 0.020327749 0.0005990374 0.0040425407 0.06709939 7.432708e-05 0.00034027064 0.0032941513 0.01614804 0.9372363 1.6485741e-05 2.9806856e-06 1.9851543e-13 2.4342444e-05 1.2108986e-05 0.001195748 1.0569222e-05 6.249677e-06 0.84998614 6.318208e-07 0.17832305 0.0010384088 3.3013566e-05 7.8893514e-05 5.147826e-06 1.430124e-06 6.903806e-05 0.011150588 0.96671796 7.4155665e-05 5.636837e-06 6.7317225e-05 5.634438e-05 0.77491164 3.7664095e-06 0.00066795305 5.1733653e-09 0.00012609371 5.670236e-07 1.3991892e-07 0.14599504 7.352849e-07 0.00044681877 8.237196e-07 0.00025599508 7.144204e-05 6.1263895e-06 0.1695043 0.7448805 0.0077248034 7.7481505e-05 0.13412827 0.100944944 0.573591 7.6260625e-07 6.343977e-07 4.0110885e-06 1.6534093e-05 0.0106682675 0.00014636156 0.0055111255 3.0120052e-07 0.087209545 3.4594417e-05 0.04312253 7.3534665e-07 0.0014786061 0.00030705525 0.04714155 8.509974e-08 2.7896144e-06 8.715356e-06 0.0013173074 3.9173926e-07 5.9396e-06 5.9131376e-06 5.739683e-06 0.027655117 0.006604247 0.044263694 5.240544e-06 0.008956597 1.4462134e-06 9.822356e-06 7.2879374e-07 0.001154921 2.4020765e-05 3.0542617e-06 1.093223e-06 5.2723562e-06 4.9658433e-07 0.00011520932 5.464671e-06
0.99121463 0.04242342 0.40379474 0.010985186 0.03031778 0.17598751 0.48274845 0.0014935799 7.064278e-05 0.0010151535 0.0022532206 0.00024410454 7.88711e-05 0.9478212 0.004182025 0.0012192815 0.00011281334 4.1143878e-05 0.014795146 0.042155992 2.4342444e-05 6.024256e-14 0.003375827 2.9606786e-06 0.00039569018 0.6476094 1.7135159e-06 0.2470248 6.7519272e-06 1.2372043e-06 0.0028234457 4.8637758e-05 7.542041e-05 0.5232064 2.2727452e-06 4.7514962e-07 4.1262724e-06 2.2846912e-06 0.025349263 7.8820784e-07 0.0018731386 9.760107e-07 0.39112282 0.00016694846 0.023816783 3.9540296e-07 0.9272405 0.95063996 1.4668412e-07 0.18368629 0.0014133878 0.00040206657 2.7196333e-07 0.00078598876 6.845731e-07 8.8799816e-08 2.6196659e-08 0.0001272884 4.844135e-07 2.8638742e-06 3.157057e-07 1.4508267e-07 2.2188103e-06 0.39503166 0.51898324 0.0034409815 5.2179726e-06 1.248972e-07 1.2313652e-05 0.006357165 8.4155474e-08 0.0665402 1.5501008e-06 0.0030000957 2.2249837e-07 3.084951e-07 3.187615e-06 8.044536e-08 6.347278e-08 0.0377654 5.2685533e-07 9.248244e-06 7.534511e-06 3.3225895e-06 4.3826763e-05 1.6137648e-06 4.338433e-09 5.6216686e-07 0.00029445355 4.6053387e-07 0.003521559 6.4689615e-08 4.3374175e-08 1.6768499e-06 1.6002446e-06 0.017509144 4.765157e-08 0.0009865918 0.00089929294 5.4444695e-07 0.11990149
0.8344214 0.0019809564 0.0032476517 0.000575663 0.00044578235 0.47177875 0.22303475 1.9763276e-05 9.839514e-06 6.695797e-05 0.2353151 0.0025149623 5.8052497e-05 0.0015277419 7.176585e-05 2.0495012e-05 0.00094533374 4.783949e-06 0.00015249763 0.97650325 1.2108986e-05 0.003375827 5.0097875e-14 0.00026537833 0.98531944 0.007848666 2.8885432e-05 0.009038711 4.120814e-06 0.00011795133 4.3436707e-05 0.0033480807 0.04729674 0.0003317236 0.002146358 7.65506e-06 7.997423e-06 0.0008239821 2.5857e-05 0.00063038175 2.6140908e-06 3.7340922e-06 2.4622479e-05 1.7419505e-05 0.011364475 5.7118803e-05 0.00011516011 0.00022936726 2.6738002e-05 0.0015763737 4.214115e-05 0.9313478 1.0046393e-05 1.6110915e-05 0.000515941 1.1559893e-06 2.0363072e-07 7.33697e-05 0.00039181722 1.04503315e-05 1.0844485e-06 2.8423296e-06 0.40579832 5.461189e-05 7.022444e-05 0.7653285 2.413529e-06 3.7214822e-06 2.921781e-07 0.09078768 1.647876e-07 6.2731565e-06 6.2727884e-07 2.986439e-06 1.24052e-07 5.399634e-05 5.128541e-07 0.2037773 4.831198e-05 8.0448435e-06 3.11929e-08 0.069351256 0.2239287 2.6357756e-07 2.7785193e-06 4.512981e-06 5.517301e-09 1.37194e-06 0.008004895 7.8294825e-06 1.9052595e-07 4.0259392e-06 0.0011876738 2.6818716e-06 0.0008078657 1.3208026e-05 0.00028872336 3.847362e-05 0.0014416521 2.113411e-06 0.0001136461
0.8783459 0.0007488749 1.7193113e-05 0.002695797 7.3347386e-05 0.0015538996 0.00012809127 0.000113871756 0.002497381 0.00022657165 0.0027011998 0.98356825 0.16538417 2.3822766e-05 9.665585e-06 3.3529614e-05 0.65563947 0.00022115771 1.820811e-06 4.192389e-05 0.001195748 2.9606786e-06 0.00026537833 1.0814239e-13 0.0014346369 3.5597688e-05 0.0033379567 1.482334e-05 2.1947795e-05 0.9665151 6.7784333e-07 0.00060383417 0.00019299488 2.2374148e-07 0.8777343 0.19388439 0.000453223 0.19959056 5.1428134e-07 0.0068583013 2.8568812e-07 0.0005407235 1.269352e-07 7.427442e-07 4.5978655e-07 0.76338166 9.620155e-08 1.4891081e-07 0.010537892 3.323843e-07 5.3810168e-06 0.00093485013 0.52693677 6.1681044e-07 0.0006709064 7.0959413e-06 7.478976e-05 5.4910455e-05 0.0015073261 4.2058047e-05 2.5328543e-06 7.65694e-05 0.00027610487 3.548116e-07 2.5658494e-07 7.618314e-05 0.011279871 0.18589282 2.0271898e-06 9.887959e-06 6.0058985e-05 5.527845e-07 9.246013e-06 7.440987e-08 1.2277354e-06 0.1575712 2.8611062e-06 0.00029577888 0.027803028 4.1947387e-06 1.2102007e-06 1.0896928e-05 8.165751e-06 2.780071e-07 9.328458e-07 4.5558758e-05 3.3126627e-05 8.557617e-06 3.6353034e-05 0.028251981 3.9994745e-07 0.002230773 0.00022569262 1.4266484e-05 0.045894228 8.967369e-07 0.00073606864 3.8856306e-06 4.22603e-06 4.583776e-07 6.8649424e-06
0.9543619 0.0010215029 0.0006847044 0.0008919803 0.00010241067 0.25688222 0.28674242 9.44334e-06 2.4939487e-05 3.3870572e-05 0.97089714 0.008044357 0.00040523737 7.5768185e-05 1.0422494e-05 4.435765e-06 0.0026236866 3.884912e-06 1.1641411e-05 0.0683519 1.0569222e-05 0.00039569018 0.98531944 0.0014346369 2.4255801e-14 0.000618522 3.8899594e-05 0.00082677574 5.709924e-07 0.0002399644 4.583827e-06 0.21175727 0.8277346 1.0953472e-05 0.0028697634 7.083359e-06 1.7834201e-06 0.0017321312 6.294511e-07 0.0028532683 4.320203e-06 8.130398e-07 6.2230984e-06 5.562088e-06 0.0003663351 0.00014359994 1.1364115e-05 2.058826e-05 1.1893046e-05 9.547318e-05 1.947323e-05 0.90348387 4.8000562e-05 7.2629978e-06 0.0040863 3.0663937e-08 1.4640608e-08 8.975776e-06 0.0010162889 2.8609397e-06 4.780515e-08 5.839332e-07 0.5337069 1.2174095e-05 1.774295e-06 0.14423218 2.0208152e-05 3.9518636e-06 8.152522e-08 0.004124333 6.800679e-08 2.258315e-06 1.8276351e-07 1.7056662e-07 3.3550545e-08 8.960454e-05 4.9996913e-07 0.39296308 0.00011984559 9.577831e-07 5.1322864e-08 0.0042110905 0.08922838 3.0222805e-07 1.0705701e-06 2.1871374e-06 1.1572818e-08 4.053707e-07 0.00019599184 1.9056713e-06 2.7613144e-08 7.655563e-06 0.03876248 2.6310104e-06 0.00048179473 1.4793562e-06 0.0065688067 7.046464e-06 0.00011303615 9.4119066e-08 1.3527565e-05
0.9887202 0.009206305 0.25080967 0.0019655537 0.008441146 0.37596893 0.91329765 0.0008769132 6.713515e-05 0.00023634074 0.0065033394 0.0006328559 6.546768e-05 0.06946355 0.0005556241 0.00018250218 0.00014380497 1.279647e-05 0.00041410082 0.16405363 6.249677e-06 0.6476094 0.007848666 3.5597688e-05 0.000618522 7.9271263e-13 3.9183997e-06 0.98440206 1.7501987e-06 1.4025814e-05 7.9359255e-05 0.00028643958 0.0004056022 0.021845538 1.6294482e-05 1.8482751e-06 1.0044059e-06 1.313517e-05 0.0018039738 3.927276e-05 0.00023440205 6.774621e-07 0.006468092 4.6208817e-05 0.5554735 5.8494893e-06 0.058219805 0.83533704 2.2267552e-06 0.58333397 0.0002389076 0.0009805516 4.1475173e-06 2.599618e-05 5.2921005e-05 9.0275144e-08 8.667541e-09 1.5400303e-05 2.3366916e-05 1.3124582e-06 3.7181772e-07 5.3537366e-07 6.405941e-05 0.19220163 0.036419272 0.019428097 1.6930417e-05 9.635319e-07 1.6291679e-06 0.02524879 5.4054112e-08 0.0019573355 4.311798e-06 0.00031195016 1.0259586e-07 1.0162238e-05 3.798202e-06 1.2162176e-05 2.8378606e-06 0.00082552014 1.3546122e-06 3.9678474e-05 0.00018886608 3.7273924e-06 2.0897214e-06 4.2874294e-06 1.09315884e-07 7.014946e-07 0.0020285468 1.3828386e-06 7.161168e-05 2.2995532e-06 1.9288357e-06 7.488064e-06 5.26167e-05 0.0029464571 5.504315e-07 0.009998321 0.09301101 6.780393e-07 0.16116048
0.9648368 0.010935296 0.00022144915 0.041836064 0.0028675038 0.001996205 7.631622e-05 0.005750221 0.9591385 0.003217732 0.0010439117 0.0068877637 0.46274912 1.5694974e-05 4.3097694e-05 0.00040531522 0.065544784 0.053487666 2.6414816e-06 8.754988e-07 0.84998614 1.7135159e-06 2.8885432e-05 0.0033379567 3.8899594e-05 3.9183997e-06 6.535315e-14 3.869823e-07 0.009191076 0.013000738 1.41835e-05 0.00025472045 2.9562645e-05 1.2272228e-06 0.00022163086 0.1958761 0.83231777 0.00026302983 4.515353e-06 0.00029691585 2.608832e-05 0.9206807 7.142394e-06 0.00015997472 8.196955e-09 0.0004155527 1.2499283e-06 1.4342659e-07 0.96074677 5.165323e-06 5.873708e-05 5.6682647e-06 0.0024714856 2.200921e-05 3.224893e-05 0.021037305 0.20629846 0.0010084857 0.000672027 0.013253887 0.0056598443 0.45861363 1.4213372e-05 6.9728508e-06 7.2802104e-06 4.1687465e-05 0.22632113 0.0022646622 0.00068021944 6.853896e-07 0.12722068 2.1875494e-05 0.015384202 1.2198645e-06 0.00015253254 0.002180909 0.028029962 3.351096e-06 5.8894366e-05 1.1767521e-05 0.00012294074 8.663278e-07 1.162558e-05 1.5270616e-06 4.395403e-06 0.08186694 0.0342971 0.043554828 1.24578155e-05 0.13353267 8.191818e-06 5.113207e-05 1.6985929e-06 0.00042321766 7.524425e-05 1.6325219e-05 8.823777e-06 1.7301723e-05 1.2690258e-06 1.0060141e-05 3.1672655e-05
0.94351983 0.0011945774 0.009387941 0.00034785934 0.00075597997 0.18244046 0.66534746 1.8647968e-05 1.3706282e-06 2.3176939e-05 0.004733875 0.00025478337 4.478881e-06 0.025604215 8.419382e-05 2.9752655e-05 4.1095056e-05 1.2777977e-06 0.00034383 0.14101933 6.318208e-07 0.2470248 0.009038711 1.482334e-05 0.00082677574 0.98440206 3.869823e-07 1.6820197e-14 6.3492183e-07 5.4284365e-06 0.00010248571 0.00024013835 0.00020552624 0.0059752315 4.838698e-06 2.9366076e-06 5.0548647e-07 3.7912935e-06 0.00096262916 6.855652e-06 0.00012356878 3.0626134e-07 0.005173926 9.3859086e-07 0.98219836 5.048181e-06 0.03560738 0.7778315 6.052605e-07 0.8551798 1.2981892e-05 0.002704747 2.956108e-06 2.1722484e-05 1.0899599e-05 2.0925541e-09 2.0074432e-10 1.669323e-05 6.171461e-06 3.077945e-07 3.0160336e-08 4.5354878e-07 0.0002730433 0.22417101 0.028377516 0.25205147 1.4878085e-06 1.7536656e-06 3.1941588e-07 0.17917845 3.34996e-07 0.00033919932 6.7639014e-08 7.9771664e-05 9.369617e-08 8.780563e-06 4.0462587e-06 7.5394666e-05 1.2098325e-06 0.00039216748 2.9472704e-07 0.0003664943 0.00017971988 1.9320618e-07 1.0872906e-05 2.2176869e-06 2.433911e-08 1.9941385e-06 0.023342384 2.6685843e-06 4.7132206e-05 7.855169e-07 4.52965e-06 6.3080715e-06 3.361385e-05 0.0012300713 7.7110855e-07 0.03795778 0.25650778 1.2369253e-07 0.23399115
0.93195856 0.27485016 0.0056035644 0.623631 0.10126246 0.0011228637 0.0006642784 0.8191776 0.09800026 0.5193996 6.267444e-05 0.00037901854 0.0020151401 1.4454131e-05 0.0034443552 0.06237595 0.0008223567 0.949969 8.015617e-05 9.453313e-06 0.17832305 6.7519272e-06 4.120814e-06 2.1947795e-05 5.709924e-07 1.7501987e-06 0.009191076 6.3492183e-07 1.9588417e-12 5.210427e-05 0.00020600093 2.1586097e-06 2.3864684e-06 8.554932e-06 9.430186e-07 6.324146e-05 0.108376645 4.1756084e-06 5.4731026e-05 1.7927086e-06 0.00015597472 0.007077431 3.3735287e-06 0.017210668 3.7274173e-08 6.655628e-06 8.9530045e-07 7.486514e-08 0.0004748337 1.1989108e-06 0.0016808008 2.7004576e-06 4.9475857e-06 0.00042488746 1.03647e-06 0.8112094 0.72168374 0.4677112 1.4000743e-05 0.9544306 0.456269 0.027827797 1.4623612e-06 7.4151108e-06 5.9350814e-06 9.5783704e-05 0.00012591839 4.423679e-06 0.2556612 3.301871e-06 0.0017540138 7.1705676e-06 0.42792118 7.1212758e-06 0.051096387 2.1190368e-05 0.015256592 6.401604e-07 4.965387e-06 8.407062e-06 0.029200992 9.002337e-07 8.1966595e-05 0.0001658826 1.0671131e-05 0.00023956764 5.970711e-06 0.0020581584 1.7209091e-05 1.23212185e-05 6.2295203e-07 4.259301e-06 3.5935625e-06 0.007649711 0.00025041148 5.6185283e-05 2.4072651e-06 6.0879065e-05 4.4719643e-05 0.0038185357 1.9782492e-05
0.6213281 0.0012550664 0.00010015747 0.0024659482 0.00032013943 0.0006702643 8.5293e-05 0.00028476183 0.012469638 0.0003436346 0.0014555672 0.2319678 0.6522626 1.0999794e-05 3.7211664e-06 6.556039e-05 0.90546364 0.000613414 7.740982e-06 8.989199e-06 0.0010384088 1.2372043e-06 0.00011795133 0.9665151 0.0002399644 1.4025814e-05 0.013000738 5.4284365e-06 5.210427e-05 4.655038e-12 6.0162374e-06 0.00029328687 0.00023601438 5.8819256e-07 0.12645376 0.8561332 0.00043444562 0.004861485 2.3921365e-07 0.0014163314 1.4752135e-07 0.0009215247 2.3564305e-06 4.9017335e-06 1.4712311e-06 0.33485326 3.774064e-06 2.306664e-07 0.041555572 1.7230128e-05 1.025718e-05 7.354266e-05 0.98687017 4.433773e-06 0.00045115608 9.9647505e-06 0.0001508881 4.2666743e-05 0.0009781643 0.000105971245 3.373085e-06 0.0001545407 6.445743e-05 5.5821034e-05 3.3433328e-06 2.3097526e-05 0.11671433 0.493993 4.5932743e-06 2.4966974e-05 7.0228256e-05 1.4032435e-07 4.69991e-06 1.5906414e-07 1.4670924e-06 0.24840687 2.1778782e-05 2.710111e-05 0.007474605 3.4635977e-07 1.4610912e-06 4.7897056e-06 9.213937e-06 2.8413774e-07 8.360085e-07 0.00025581132 0.00020161 1.2922591e-05 1.0527866e-05 0.08882257 2.619717e-07 0.0015779712 9.405693e-05 1.3579682e-05 0.0030095824 5.0010913e-06 8.5119354e-05 1.0960865e-06 9.746658e-07 4.245555e-07 3.7781335e-06
