5.2035626e-26 0.88997716 0.727417 0.8035554 0.94895387 0.87777257 0.9277323 0.8725165 0.847147 0.8288981 0.76971245 0.92874455 0.80107474 0.96586186 0.9373123 0.8875201 0.95053655 0.9878902 0.9487064 0.9900837 0.66201144 0.855046 0.6775267 0.5462183 0.5189198 0.5117648 0.91372 0.26905817 0.962897 0.46740726 0.962324 0.9580794 0.09712068 0.45378983 0.4360616 0.9461879 0.4348653 0.9750841 0.96363705 0.84296227 0.006006993 0.98018485 0.91253453 0.9477534 0.9442812 0.8437818 0.9961926 0.1625189 0.74738604 0.90932214 0.9924425 0.6239157 0.010579449 0.9898559 0.0036455197 0.0016940942 0.0025424783 0.9429506 0.2713396 0.9805933 0.98688847 0.036936443 0.04408359 0.14048882 0.06337613 0.31731713 0.008463342 0.9297075 0.0314881 0.9902642 0.17949516 0.017086467 0.936665 0.54645455 0.9857262 0.46452135 0.0012677553 0.99453413 0.9090562 0.0889899 0.11178229 0.00032804653 0.003922375 0.15797667 0.20805654 0.15514879 0.05708068 0.002177325 0.04571331 0.010109971 0.9900122 0.6825719 0.0028673683 0.025524218 0.31917158 0.0002075489 0.37788156 0.001631459 0.010559863 9.459929e-05 5.9852977e-05
0.88997716 1.8942489e-19 0.6856001 0.9768077 0.68175215 0.37143612 0.011980331 0.62529516 0.008098373 0.001006962 3.702725e-05 0.001501025 4.487207e-05 0.09013609 0.122079484 0.10284308 0.6421108 0.00033872074 0.013485626 0.0039791535 0.009101669 0.36412546 0.63276714 0.0018673195 0.12217308 0.604258 0.002163223 0.18287069 2.143593e-06 0.0023731715 8.254411e-05 0.017813101 0.5369783 0.22888508 0.007592338 9.1599185e-07 0.0010323343 0.0019420848 0.037638683 1.3973323e-06 0.08208574 0.012888148 0.0011337819 2.3654829e-07 0.00018924595 1.611697e-05 0.01152961 0.08000225 1.2309354e-07 6.360366e-08 0.00065870746 3.6838863e-08 2.7537892e-05 0.0002912669 0.0060636983 0.0069882222 0.014310595 0.0035608502 3.7763932e-08 2.0442287e-05 0.0020201826 0.0027899898 7.5925e-05 8.730647e-06 1.3385344e-06 2.5508456e-10 1.7657611e-07 1.8894315e-08 1.0518594e-05 0.0012202772 1.8703073e-05 0.00014556435 0.00133251 3.547385e-07 0.014546806 8.5557895e-06 7.245011e-06 3.9367083e-06 2.4574338e-09 2.0720377e-08 0.00019497621 1.0252188e-06 0.00016683784 1.2763945e-06 5.8852166e-08 1.6381339e-06 3.5080336e-07 1.715563e-06 1.1491347e-06 7.88712e-06 0.0026770756 4.4604085e-09 2.5748457e-07 3.0966794e-07 2.11109e-10 2.0513608e-05 6.769981e-08 3.185216e-07 1.5153124e-06 2.7730155e-06 1.24361e-06
0.727417 0.6856001 1.9317213e-18 0.91242385 0.7899934 0.9696559 0.18975314 0.6928815 0.14867574 0.027101163 0.0009798033 0.068778515 0.0008208515 0.12975246 0.10257878 0.06463603 0.33729994 0.004361793 0.07697469 0.01897058 0.011766225 0.0035280588 0.02999347 0.0029274935 0.08138361 0.114498265 0.00086921896 0.11275386 9.8709104e-05 0.0064715385 0.0039466894 0.009813673 0.020709457 0.001805443 0.020139586 0.00012780147 0.001098084 0.001175353 0.025587738 2.933505e-05 0.00047973453 0.004965416 0.00039841392 2.8016777e-05 0.0005385571 0.0024052502 0.0129534425 0.0077592023 2.888094e-05 8.951789e-06 0.0020250925 2.6223754e-06 3.7844642e-05 0.00065414974 0.0007085001 3.5266137e-05 0.00045806676 0.0007337715 1.2624112e-06 0.00012030203 0.0066464157 0.004315517 0.000766186 0.0003357603 6.4845212e-06 1.6897069e-08 1.824832e-06 6.751798e-06 0.00014661554 0.0026766032 6.888634e-05 2.5127136e-05 0.0018820852 0.00016177868 0.0066690412 3.334468e-06 8.59823e-05 1.633905e-05 2.4245227e-07 1.5602975e-06 4.8140246e-05 9.659512e-06 5.6820696e-05 3.767302e-05 3.3020756e-06 8.6073116e-05 6.4913643e-06 5.3044523e-06 2.159774e-05 4.0658255e-05 0.0027510743 2.2845983e-07 5.139712e-06 4.8902126e-07 6.47234e-09 0.0003031138 2.107369e-06 2.8706336e-06 6.1557134e-06 9.764591e-06 1.6388083e-05
0.8035554 0.9768077 0.91242385 3.4419054e-18 0.39250207 0.48273203 0.0037092601 0.8552833 0.008055196 0.00045218 2.484214e-05 0.00294452 6.634484e-05 0.17085148 0.012615814 0.39619914 0.13507366 0.0013836904 0.024565954 0.006147413 0.0011769435 0.10172731 0.094259635 0.00041506276 0.010514527 0.1025303 0.011235203 0.026482986 3.663971e-06 0.000687762 0.00015335342 0.036141846 0.050873768 0.012374799 0.00079716643 4.186558e-06 0.0053676735 0.0055870833 0.031894475 3.052104e-06 0.0025041816 0.01312941 0.002767811 6.807541e-07 0.00025034248 3.1643853e-05 0.01713279 0.0018411792 1.4515831e-06 3.920588e-07 0.0008409167 1.6999194e-07 0.0006216117 0.00042207155 0.00023824276 6.2900894e-05 0.00023674409 0.0069250893 7.591975e-08 9.456114e-05 0.010180597 0.00026925377 8.009037e-05 1.0052219e-05 8.664642e-05 1.6256159e-09 3.0086665e-05 1.8792021e-07 7.428381e-06 0.003648789 0.00040697187 0.0002727612 0.005755444 7.395999e-06 0.018151542 6.987002e-06 9.898413e-06 1.1107729e-05 5.672553e-08 1.849191e-07 0.0010680219 8.085936e-07 1.3863769e-05 6.2056088e-06 4.9306544e-07 3.817321e-06 5.679772e-07 8.117514e-07 2.2880797e-06 1.2933211e-06 0.006251929 5.6926344e-09 5.869346e-07 7.8238614e-08 1.765037e-09 3.4682803e-06 1.3553249e-07 7.623463e-08 2.4933104e-06 3.8629426e-07 9.0998157e-07
0.94895387 0.68175215 0.7899934 0.39250207 2.6320045e-17 0.894601 0.91828334 0.4196923 0.781834 0.5694105 0.079779774 0.31596193 0.121598914 0.031091815 0.9192664 0.0013130568 0.8706352 0.06884714 0.09665268 0.040361512 0.40577573 0.00012690091 0.0059254616 0.12654631 0.45359206 0.24827822 5.7665977e-05 0.29003432 0.0013767201 0.15441756 0.15621911 0.0027224766 0.011021883 0.00017324813 0.20831376 0.0014785927 0.00033882738 0.00034502184 0.03390172 7.360778e-05 0.0007864352 0.0035627936 8.383064e-05 1.4239461e-05 0.0018663901 0.044280868 0.029118836 0.12206503 4.4127783e-06 3.2775727e-06 0.007132933 1.8218412e-06 3.9906013e-07 0.0019217547 0.0036175414 2.7298483e-05 0.00074919785 0.0005742478 2.7597164e-06 0.0003580886 0.0042876545 0.06479431 0.043000605 0.03140833 2.924028e-07 4.1629164e-08 1.8849285e-08 1.0260624e-05 0.005270094 0.0022686527 1.1246715e-05 1.5127798e-06 0.00044357506 0.00023579411 0.0035403557 8.161831e-05 0.0019698697 6.572861e-05 4.8053806e-08 8.708892e-06 5.8594924e-05 0.000357447 0.00809317 3.8802486e-05 5.7643757e-07 0.0013582706 1.4658289e-05 0.0003856082 0.0008745151 6.8345835e-05 0.0015659616 3.7431622e-08 1.0574747e-05 1.6371804e-07 7.924493e-10 0.0010104029 6.179096e-07 1.371942e-05 1.05235995e-05 6.3391446e-05 5.5111228e-05
0.87777257 0.37143612 0.9696559 0.48273203 0.894601 1.8684303e-16 0.5422519 0.88395447 0.60943586 0.2631773 0.004912547 0.3732402 0.006063993 0.22075608 0.15175752 0.010825692 0.31594554 0.052529275 0.4463608 0.09064721 0.01855447 0.0012549204 0.004003371 0.0043160277 0.07137361 0.03133948 0.00047554675 0.056446493 0.00027792453 0.006866976 0.008530988 0.007990004 0.002944454 0.00071683933 0.014186337 0.00030310365 0.0008551246 0.0011400634 0.062229123 3.262244e-05 0.00021135421 0.007007011 0.0009352853 1.4532792e-05 0.0014252844 0.0020216433 0.04169693 0.002686446 5.2973166e-05 9.478907e-06 0.004822938 1.45782105e-05 4.257439e-05 0.0016783084 0.00030054105 1.3969494e-05 0.00023034756 0.0012834487 5.450212e-06 0.0004999606 0.022236153 0.003608777 0.0021282812 0.00051694334 1.0910102e-05 2.6961104e-07 1.9270356e-06 8.85512e-06 0.00017493728 0.0046321666 8.810151e-05 2.5683908e-05 0.0020719531 3.8364356e-05 0.010016856 2.282214e-05 3.0215255e-05 0.00011734277 1.9611963e-07 1.0990718e-06 0.00031200252 2.5608076e-06 6.1489663e-06 1.3379556e-05 2.0016741e-06 0.00012516031 4.0295613e-06 4.2419024e-06 2.0648093e-05 7.8233625e-06 0.0038467054 1.0061536e-06 4.1205153e-06 3.17574e-07 3.1838032e-09 2.3854253e-05 8.7568924e-07 1.8378205e-06 2.1273943e-06 9.164296e-07 6.473365e-07
0.9277323 0.011980331 0.18975314 0.0037092601 0.91828334 0.5422519 1.2549402e-17 0.03490472 0.89922065 0.90900445 0.41958794 0.70415336 0.43870834 0.009701482 0.7488681 7.157051e-05 0.39265317 0.5357028 0.14344582 0.16320787 0.40196425 1.9747902e-05 0.000369725 0.30528823 0.29728892 0.0050231055 1.7981289e-05 0.12259172 0.026727438 0.28830275 0.5227006 0.00046226147 0.00027816213 7.522901e-06 0.21192127 0.016004134 5.817465e-05 0.00017341574 0.020766867 0.00031900022 2.4430445e-05 0.0010101206 1.8088751e-05 5.3177966e-05 0.00818864 0.17116804 0.041622058 0.00507313 5.4041873e-05 2.027044e-05 0.019553656 1.7774393e-05 1.1340974e-06 0.0042881616 0.00047845952 9.032553e-06 5.6969962e-05 6.324894e-05 1.2200826e-05 0.00052104273 0.0045403456 0.0280589 0.046725746 0.05534746 3.8625114e-07 2.6062185e-07 2.7839607e-07 0.00030223082 0.0069432817 0.0010909579 3.1212662e-06 4.597587e-06 6.0704213e-05 0.0013248661 0.0013639166 6.7592366e-05 0.00148827 0.00014117599 1.4073781e-07 8.402096e-05 5.262229e-06 0.0003773021 0.0002019641 7.038932e-05 4.1251706e-06 0.0056937705 0.0001070655 0.0011012348 0.006714722 0.00054931536 0.0008635567 1.1682979e-06 0.00028024754 6.127617e-06 9.972132e-09 0.0013363528 2.0348562e-06 0.00031245544 2.4016208e-05 0.00014586312 4.025004e-05
0.8725165 0.62529516 0.6928815 0.8552833 0.4196923 0.88395447 0.03490472 4.8574607e-17 0.095883645 0.0048431465 5.1927673e-05 0.02158751 0.00016240301 0.96653205 0.018316146 0.63161945 0.09772936 0.0011214084 0.29808775 0.042687785 0.0012309345 0.061919615 0.031224573 0.00024638348 0.0035321692 0.018544925 0.058449235 0.0087918835 7.653986e-06 0.00025731852 4.7638696e-05 0.15104835 0.010369028 0.0013010852 0.00044512795 5.78031e-06 0.00768699 0.015761573 0.12839963 5.6130307e-06 0.00013700638 0.042800374 0.0044375365 1.1232144e-06 0.0002317567 6.6110547e-06 0.055970844 0.0001704199 7.283349e-06 5.9145395e-07 0.0019496152 1.393105e-06 0.00035650466 0.0009414614 6.0694776e-05 1.9034871e-05 2.4822128e-05 0.0059329825 1.260586e-06 8.312988e-05 0.04274593 7.3734736e-05 7.746016e-05 3.4131515e-06 0.00048787324 1.488854e-07 9.666383e-05 1.3176578e-06 1.9004725e-05 0.017206533 0.0008691945 7.175654e-05 0.009507676 1.0167341e-06 0.02779873 5.2505593e-06 4.3238842e-06 4.7034682e-05 4.4688647e-07 2.5763094e-07 0.0012695241 4.8117276e-06 3.618528e-05 7.2938656e-06 6.1825034e-07 1.1178244e-06 8.912123e-07 1.304566e-05 5.6171057e-06 8.329895e-06 0.015108408 5.326709e-07 5.148778e-06 2.225108e-06 3.4507245e-08 1.3387124e-05 4.9484015e-06 3.4725595e-06 1.0502936e-05 2.367337e-06 1.8013873e-06
0.847147 0.008098373 0.14867574 0.008055196 0.781834 0.60943586 0.89922065 0.095883645 4.7244896e-18 0.95066947 0.16072637 0.9260281 0.121801876 0.025533585 0.4012288 0.0005408184 0.15652457 0.4342412 0.4523288 0.3255576 0.11005186 7.951016e-05 0.000282483 0.048904125 0.053758677 0.0007742153 5.5847395e-05 0.013602217 0.0041657984 0.031348873 0.12512617 0.0015400084 6.533003e-05 8.785697e-06 0.030175762 0.002264306 0.00017993596 0.00038662928 0.03408808 4.858347e-05 7.5510334e-06 0.0011877592 9.392867e-05 4.143283e-06 0.005148553 0.015977507 0.0858675 8.693271e-05 1.5252461e-05 1.624439e-06 0.009807775 3.7063442e-06 4.3041114e-06 0.002709624 3.3645763e-05 1.2293758e-06 1.1676925e-05 0.0005106258 6.0953306e-07 0.00025048814 0.02051987 0.0013240898 0.009053039 0.002864067 1.7283013e-06 4.2088633e-08 5.011158e-07 2.8360255e-05 0.00043075118 0.002985448 1.9774097e-05 1.4395904e-06 0.0006738204 5.965188e-05 0.0038490442 2.3586374e-05 5.5884208e-05 3.5984103e-05 5.3790412e-08 1.5932399e-06 8.543445e-06 2.5774439e-06 1.5630558e-06 9.214157e-06 3.0948962e-07 0.0003407683 3.2607495e-06 2.0194216e-06 8.306751e-05 1.0375792e-05 0.002106683 1.1591459e-07 6.6233665e-06 4.242758e-07 4.880549e-09 6.6706816e-06 1.691881e-07 1.8408288e-06 2.7735207e-06 4.2178183e-07 3.2665122e-07
0.8288981 0.001006962 0.027101163 0.00045218 0.5694105 0.2631773 0.90900445 0.0048431465 0.95066947 2.6886606e-17 0.4318142 0.904852 0.36864856 0.0030136823 0.41111442 4.2302137e-05 0.100251794 0.63805664 0.15305644 0.209174 0.15349929 2.3485076e-05 0.00022790984 0.075254396 0.053401515 0.00046154807 9.53042e-06 0.016719535 0.05576532 0.07742816 0.3409734 0.00017900571 0.000100618156 1.2275581e-05 0.04721291 0.020174574 3.0341731e-05 3.6400703e-05 0.011159114 0.00088148826 3.0283887e-05 0.00027774516 5.1399616e-06 8.224151e-05 0.024981456 0.099126145 0.03944711 8.7058404e-05 0.00035969433 9.5535834e-05 0.027730716 7.865019e-05 9.938902e-07 0.0039790794 6.163206e-05 1.9077343e-05 5.903607e-05 2.7950327e-05 3.1521296e-05 0.0007761215 0.008201485 0.0022358482 0.008255218 0.016068663 1.6114785e-07 1.9588178e-06 1.6731912e-07 0.00078189623 0.0010090034 0.0015099784 1.5065557e-06 2.0648595e-06 3.2466727e-05 0.0011789527 0.00083131396 0.000104082246 0.0001753542 0.00018746387 2.59866e-06 8.985878e-05 3.5061103e-07 3.1598647e-05 3.657874e-05 0.00016215973 2.1606804e-05 0.004869376 0.00018015213 9.545242e-05 0.0014325314 0.00034724054 0.0014866897 4.9845735e-06 0.00021970445 8.019855e-06 9.3082e-08 0.00017642 5.026332e-06 0.00010261226 3.9841787e-05 1.6901557e-05 6.130785e-06
0.76971245 3.702725e-05 0.0009798033 2.484214e-05 0.079779774 0.004912547 0.41958794 5.1927673e-05 0.16072637 0.4318142 2.5282377e-19 0.28612915 0.99034345 0.00016107406 0.40400964 9.860786e-07 0.033270553 0.740248 0.01535873 0.042474713 0.13223243 2.6135035e-07 2.804811e-05 0.19246715 0.03494627 0.0012578422 7.524403e-07 0.01170815 0.5252115 0.12591 0.69634813 4.0234383e-05 3.0814754e-05 4.159549e-07 0.06958949 0.32532746 6.512838e-06 7.960321e-06 0.0035890334 0.017309746 4.8972156e-06 0.00019939407 3.7428927e-07 0.0014840809 0.075106725 0.30447462 0.011492625 0.00025355007 0.002493408 0.0006681234 0.036450885 0.00030010543 1.4542773e-07 0.013362298 8.0633516e-05 5.7194734e-07 2.2155582e-06 9.263983e-06 9.134882e-05 0.0048317034 0.0016121957 0.0035343799 0.03177748 0.21720277 3.0826847e-08 1.534373e-05 1.0199657e-09 0.023300448 0.016925752 0.0008090095 2.2749688e-07 2.6652673e-08 7.716475e-06 0.06282555 0.00064234185 0.0003152931 0.0013971778 0.00045411533 6.581708e-06 0.006831863 6.063709e-07 0.00038650804 7.404249e-06 0.002783876 0.00049695367 0.10825882 0.012793359 0.0018171069 0.100995935 0.0057789795 0.00020882892 2.39354e-07 0.0033502863 1.46111715e-05 1.3295306e-08 0.00043682993 2.995695e-06 0.0037542954 0.000115879164 1.8924064e-05 4.7524686e-06
0.92874455 0.001501025 0.068778515 0.00294452 0.31596193 0.3732402 0.70415336 0.02158751 0.9260281 0.904852 0.28612915 4.2996504e-16 0.35005727 0.025763648 0.081683286 0.00063470966 0.018163966 0.88114995 0.6703627 0.85877717 0.010090159 2.1040507e-05 6.693007e-05 0.005768567 0.002212005 0.0001869702 0.0001882148 0.0014571609 0.073529065 0.005243501 0.04105188 0.0035226073 7.8624464e-05 1.5811751e-05 0.0026031772 0.013520376 0.0003706097 0.0007118013 0.083500415 0.0017143621 1.7279363e-05 0.00359011 0.00017538713 0.000113657814 0.14516024 0.0038546687 0.22324976 2.0210235e-05 0.0005944445 9.466498e-05 0.13545847 0.00022486676 7.265159e-06 0.019921994 4.6526315e-05 2.4587234e-05 1.2199709e-05 0.0016642936 4.6161073e-05 0.0025653348 0.07483336 3.689373e-05 0.000545546 0.0005702084 3.4488385e-05 1.4128394e-05 5.487315e-06 0.00033154077 0.00022108515 0.013223838 0.00028063293 1.0416402e-05 0.0013020106 0.0003335015 0.010956541 0.0002055231 2.0245248e-05 0.00018357378 2.3577297e-06 5.582492e-05 0.00048075928 2.5640615e-05 1.1696642e-05 0.00016290297 1.9018886e-05 0.0003427506 8.854541e-05 3.4533343e-05 0.0003849263 0.0001440776 0.0072158095 2.611101e-06 6.5012675e-05 8.764508e-06 1.4548046e-07 6.1003728e-05 1.089989e-05 1.9509924e-05 4.0063886e-05 5.514095e-06 9.1363285e-07
0.80107474 4.487207e-05 0.0008208515 6.634484e-05 0.121598914 0.006063993 0.43870834 0.00016240301 0.121801876 0.36864856 0.99034345 0.35005727 8.437942e-18 0.00021569387 0.2540941 3.321924e-06 0.030515537 0.8391102 0.015483193 0.05047463 0.08267277 7.017777e-07 6.3494454e-06 0.11529039 0.023888255 0.0009439783 9.963254e-07 0.008572173 0.8217163 0.08365054 0.5934706 8.083508e-05 2.5502854e-05 5.643413e-07 0.048083253 0.41543564 9.322477e-06 2.6664311e-05 0.0043953885 0.059816718 2.609789e-06 0.0005040527 3.3487574e-06 0.0038775685 0.21546121 0.30721718 0.017511465 0.00010678385 0.010725027 0.02224879 0.06373914 0.00079053565 1.3272708e-06 0.035067525 9.2384646e-05 1.3513265e-07 1.8261097e-06 6.59141e-05 0.0010389542 0.022513032 0.0038458032 0.0007661889 0.02497556 0.14171906 1.1994505e-08 0.00016296077 8.864544e-09 0.042448495 0.007684197 0.00090780127 4.2619158e-07 1.9917843e-07 2.9691206e-05 0.06845706 0.0012359992 0.0011989829 0.00042831202 0.0012508538 0.00010909047 0.007115272 3.3631036e-07 0.00010837208 4.2381436e-07 0.002631776 0.00043276776 0.06907764 0.005918685 0.000532866 0.032235906 0.0017948429 0.0008186227 7.045664e-06 0.0013670347 2.8101793e-05 3.9533242e-07 8.057187e-05 1.94577e-06 0.0004689129 7.981009e-05 9.71478e-07 1.1564241e-07
0.96586186 0.09013609 0.12975246 0.17085148 0.031091815 0.22075608 0.009701482 0.96653205 0.025533585 0.0030136823 0.00016107406 0.025763648 0.00021569387 2.0367514e-17 0.006086017 0.5703617 0.015611475 0.0037503233 0.69498837 0.05001085 0.00065682584 0.021680878 0.0080496445 5.7468824e-05 0.0009377021 0.0014105802 0.08687465 0.000828771 0.00013881332 6.1678395e-05 1.5256286e-05 0.79098696 0.00085790426 0.0016745913 6.422462e-05 2.1439213e-05 0.0136304535 0.10320209 0.8132538 1.0451209e-05 6.52549e-06 0.53855836 0.014563795 2.9303856e-06 0.0021599804 2.8219838e-06 0.24574052 2.2711494e-05 1.2666065e-06 9.041684e-07 0.022244925 9.1191623e-07 0.0009584895 0.0044619497 7.517507e-06 1.4719735e-06 2.1055391e-06 0.06680209 3.3132187e-07 0.00035935853 0.44634327 1.7781368e-06 6.861231e-06 1.5695834e-06 0.0012203755 1.8971559e-08 0.00014099032 1.219825e-06 8.100343e-06 0.2349574 0.004912624 5.981012e-05 0.06732751 1.3410399e-06 0.24337406 1.8090372e-05 1.1599459e-06 0.00017943438 2.663612e-07 2.6610428e-07 0.0038919374 1.0259434e-06 3.3426582e-05 2.7898036e-06 4.4671992e-07 7.4988548e-06 1.8649931e-06 1.6074027e-06 6.7102214e-06 3.2695805e-06 0.14526463 1.715073e-07 1.1938336e-06 8.3735024e-08 1.0190075e-08 4.026085e-06 6.2892013e-07 2.0715132e-07 6.9026573e-06 1.7788135e-06 9.5056714e-07
0.9373123 0.122079484 0.10257878 0.012615814 0.9192664 0.15175752 0.7488681 0.018316146 0.4012288 0.41111442 0.40400964 0.081683286 0.2540941 0.006086017 1.7889488e-20 7.845377e-05 0.783904 0.062194057 0.029983036 0.018869568 0.9745999 5.682608e-06 8.230538e-05 0.5188381 0.56601554 0.036671363 9.065735e-06 0.24948418 0.008289835 0.41384447 0.48142275 0.0009561883 0.0004201948 4.294275e-06 0.39733386 0.006443454 1.6375288e-05 5.7493162e-05 0.007576013 0.0012475086 7.521832e-06 0.0009836883 1.0800327e-05 1.3568832e-05 0.0041788896 0.18130279 0.013964773 0.06489385 2.6361251e-05 1.4144707e-05 0.0057501392 1.8639434e-05 2.4561572e-07 0.0011771024 0.001258259 7.5618175e-07 0.00010264006 0.0001536289 7.184333e-06 0.00036308065 0.008208057 0.04209584 0.13534811 0.043921225 3.034643e-08 3.1361657e-07 9.0838746e-08 3.0629937e-05 0.007031206 0.0009853544 2.042659e-06 2.3608213e-06 0.0002921986 0.00022871306 0.0038418698 0.000113074435 0.0012381333 6.563371e-05 7.1550126e-08 3.0058332e-05 0.00020298692 0.00027866047 0.0019922215 1.0220622e-05 4.381539e-07 0.00083577825 2.9280322e-05 0.0005160709 0.0009794272 1.9900253e-06 0.0031969831 1.9286689e-07 4.839302e-06 5.9330038e-08 2.8166827e-09 0.00036694296 1.1113503e-07 3.3729742e-05 1.6975566e-06 3.797871e-05 1.0545099e-05
0.8875201 0.10284308 0.06463603 0.39619914 0.0013130568 0.010825692 7.157051e-05 0.63161945 0.0005408184 4.2302137e-05 9.860786e-07 0.00063470966 3.321924e-06 0.5703617 7.845377e-05 2.5383472e-18 0.004075001 3.7409627e-05 0.04923495 0.0034084744 2.5433823e-05 0.73545617 0.07501504 3.3154738e-06 3.497181e-05 0.0075573553 0.97896487 7.60408e-05 4.4377325e-06 1.3549308e-05 5.680985e-07 0.75251615 0.021088839 0.031529274 5.8439578e-06 3.080231e-06 0.53337216 0.44292364 0.10197539 1.5242637e-06 0.000178868 0.13853824 0.47766224 3.4662085e-07 0.00016919788 6.9266906e-07 0.028470024 1.4859136e-05 1.7693701e-07 1.983794e-07 0.0021119383 2.8166788e-08 0.027770983 0.00044812608 0.000120049546 7.303851e-05 7.977881e-05 0.24541508 6.551798e-08 5.5510533e-05 0.015327492 7.528908e-06 2.3934226e-06 1.043508e-06 0.008223901 1.3942393e-09 0.0028272152 3.839133e-07 4.3828745e-06 0.015640005 0.013580474 0.004766885 0.09617612 1.9065221e-06 0.096893705 1.9632482e-06 3.5645057e-06 1.679836e-05 2.0164787e-08 9.4858514e-08 0.012410207 3.446157e-06 7.017544e-05 3.1169677e-06 1.3044296e-08 1.623989e-05 7.564825e-07 2.913838e-06 1.9126292e-05 2.2846245e-05 0.04150725 6.914404e-08 1.8253698e-06 4.4196426e-08 5.354124e-09 1.9470574e-05 4.8700997e-08 4.2910963e-07 1.5997288e-06 1.3402339e-05 4.542316e-06
0.95053655 0.6421108 0.33729994 0.13507366 0.8706352 0.31594554 0.39265317 0.09772936 0.15652457 0.100251794 0.033270553 0.018163966 0.030515537 0.015611475 0.783904 0.004075001 2.7072567e-18 0.014161106 0.020151181 0.0074414997 0.49651203 0.00019614499 0.028548894 0.059391104 0.8141865 0.8745933 0.00020929048 0.8844716 0.00039345017 0.1091576 0.04239019 0.0072524534 0.11488463 0.0012942103 0.4450853 4.3320048e-05 9.089339e-05 0.0006857827 0.007529178 3.2353015e-05 0.012799608 0.0020094914 0.00016577884 1.9302854e-06 0.00035353203 0.011282985 0.0048049437 0.48531094 5.792721e-06 2.0545665e-06 0.00034931995 2.3126036e-06 1.6656137e-06 0.0006706678 0.015035926 0.00034193698 0.0073928507 0.00067142036 1.024302e-06 8.977672e-05 0.008924798 0.17402641 0.053651683 0.015709518 1.031903e-07 2.8612861e-08 7.90118e-07 2.5608185e-07 0.0022252228 0.0009815021 6.0116945e-06 7.94693e-05 0.00047839998 1.4758432e-06 0.0053040576 4.205377e-06 0.00065064005 1.4397505e-05 2.6031046e-08 2.0028473e-07 0.0003464574 4.327504e-05 0.005040897 4.907227e-07 1.2042169e-07 1.929553e-06 9.200235e-07 4.6607853e-05 9.22916e-06 6.3709507e-07 0.0022947928 2.2808115e-08 2.169168e-07 4.2184837e-08 1.1254326e-08 0.00010368329 1.0981241e-07 5.325642e-07 9.55783e-07 1.2012702e-05 1.0802872e-05
0.9878902 0.00033872074 0.004361793 0.0013836904 0.06884714 0.052529275 0.5357028 0.0011214084 0.4342412 0.63805664 0.740248 0.88114995 0.8391102 0.0037503233 0.062194057 3.7409627e-05 0.014161106 3.5333034e-16 0.108883366 0.49205792 0.013508809 2.2361871e-06 4.4327116e-06 0.01142217 0.002885666 0.0001354695 1.4637516e-05 0.0019027459 0.7889846 0.007850171 0.12991726 0.0013463048 4.370034e-05 3.255115e-05 0.0014072822 0.13733345 5.2327807e-05 7.7211604e-05 0.029124722 0.10996898 5.470365e-06 0.001248425 1.4987665e-05 0.0268581 0.8203632 0.02374949 0.30937618 7.2449766e-06 0.033002313 0.013460275 0.7054384 0.0053791087 1.229204e-07 0.35528916 8.373003e-05 5.067608e-05 1.1463277e-05 0.00031918008 0.0015921942 0.12674996 0.06584669 2.797315e-05 0.00041738767 0.005104403 2.109052e-06 0.00027734257 3.2297186e-07 0.026133675 0.0003139396 0.0134214815 4.3024556e-05 4.718336e-06 0.00029349027 0.007464076 0.0029804457 0.004841161 3.8323295e-05 0.0064112516 0.00010913928 0.0015325472 5.6782395e-05 3.031061e-05 6.605484e-06 0.0013675517 0.00045904348 0.0070815193 0.0009977365 0.0001249926 0.0014026783 0.000918411 0.0059049535 7.1895585e-05 0.00048145367 3.086316e-05 1.4990172e-06 9.004716e-05 2.3815974e-05 2.2141336e-05 0.00021137155 5.9494864e-06 2.3261825e-06
0.9487064 0.013485626 0.07697469 0.024565954 0.09665268 0.4463608 0.14344582 0.29808775 0.4523288 0.15305644 0.01535873 0.6703627 0.015483193 0.69498837 0.029983036 0.04923495 0.020151181 0.108883366 1.5297694e-16 0.97138774 0.0025128694 0.0012479959 0.00074309215 0.0012970837 0.0024387941 0.00056763826 0.008387825 0.0008523552 0.009553503 0.00071073434 0.0026670517 0.13173977 8.391046e-05 0.00010757077 0.00056013017 0.001158224 0.0023933167 0.0132891685 0.7025406 0.00057547697 3.0409878e-06 0.09097701 0.0021601245 0.00013024943 0.0294034 4.4586697e-05 0.6420944 2.1492788e-05 5.739882e-05 2.545115e-05 0.11000595 3.4731143e-05 0.0008516425 0.009223178 2.6802543e-05 3.4624072e-06 3.8128785e-06 0.013393977 5.3536114e-06 0.00093598966 0.36386845 3.186586e-05 8.2883926e-05 4.421899e-06 0.00030903882 1.4651504e-06 7.490746e-05 3.256866e-05 7.3050455e-06 0.119152114 0.0018166243 1.5400987e-06 0.0076900953 3.1215415e-05 0.10107027 6.422597e-05 4.436654e-06 0.00017125113 4.937218e-07 1.926383e-06 0.00095417193 4.4525023e-06 2.0867234e-05 3.1755962e-06 2.344993e-06 2.8039818e-05 4.375003e-06 3.1735922e-06 2.0728374e-05 8.881253e-06 0.044575546 1.6300103e-06 1.2474698e-05 6.089858e-07 2.33833e-07 5.785091e-06 1.021134e-06 2.1867347e-06 2.777319e-06 3.1017587e-06 2.2488884e-06
0.9900837 0.0039791535 0.01897058 0.006147413 0.040361512 0.09064721 0.16320787 0.042687785 0.3255576 0.209174 0.042474713 0.85877717 0.05047463 0.05001085 0.018869568 0.0034084744 0.0074414997 0.49205792 0.97138774 2.4976406e-18 0.0015239071 2.8019263e-05 8.229619e-05 0.001976063 0.00082142005 5.5855384e-05 0.0005260852 0.00044758516 0.10151439 0.0007479941 0.017896034 0.014134426 9.9896515e-06 1.9912812e-05 0.00035126708 0.041136567 0.0001657134 0.0008272532 0.22463503 0.015512435 4.0375372e-07 0.010825078 0.00028962488 0.002101519 0.28317297 0.0021109579 0.617038 5.1724705e-06 0.0021663744 0.0011601463 0.41539773 0.000989577 3.093551e-05 0.06292305 8.765318e-06 1.2627302e-06 2.4614742e-06 0.001346319 0.00010661178 0.008677273 0.241436 1.0217385e-05 7.779077e-05 9.488959e-05 1.4732932e-05 2.3555487e-05 1.2816818e-05 0.0010729139 1.6828344e-05 0.04951696 0.00019671879 3.9816032e-07 0.0015904398 0.0007425849 0.023252659 0.00023392616 2.3002617e-06 0.0008487787 9.164222e-06 4.6522142e-05 0.00020782759 1.7535887e-06 7.991454e-06 7.809173e-05 1.4937948e-05 0.0019442668 3.032712e-05 2.867107e-06 0.00023224943 3.578107e-05 0.021891253 2.3475963e-05 1.7306804e-05 2.5494596e-06 4.631413e-07 3.5571845e-06 1.6146869e-06 3.241118e-06 4.4171106e-06 8.844793e-07 1.9676034e-07
0.66201144 0.009101669 0.011766225 0.0011769435 0.40577573 0.01855447 0.40196425 0.0012309345 0.11005186 0.15349929 0.13223243 0.010090159 0.08267277 0.00065682584 0.9745999 2.5433823e-05 0.49651203 0.013508809 0.0025128694 0.0015239071 1.516156e-18 3.1703794e-06 5.4631422e-05 0.9276937 0.59446704 0.0052790204 2.123702e-05 0.16654323 0.0042676427 0.7934976 0.63660055 8.417133e-05 3.0497516e-05 2.8226484e-06 0.57630247 0.009734801 3.4276707e-06 5.451817e-05 0.000658072 0.00023123917 3.679094e-06 0.000112628644 5.398987e-06 2.0383999e-05 0.0007917714 0.25083783 0.0012320267 0.051365588 4.3448803e-05 3.5793222e-05 0.0011273413 3.1232208e-05 1.5651104e-07 0.00025365117 0.0007113796 2.1334956e-06 7.8474346e-05 5.618164e-05 2.4944387e-05 7.275543e-05 0.0020375578 0.082357004 0.2284531 0.097473815 2.5554831e-07 4.472839e-07 9.3761614e-08 6.733539e-05 0.016334461 0.00020786346 3.5454457e-06 9.218098e-07 3.541021e-05 0.0001342632 0.0014067744 6.868112e-06 0.0018973604 6.1168153e-06 9.0541384e-08 1.7042988e-05 3.185289e-05 0.00044276865 0.001308577 1.5758402e-05 1.3428521e-06 0.00091460714 4.3971366e-05 0.00082054856 0.0014372058 1.0728028e-05 0.00052536296 2.0940952e-07 1.1422845e-05 2.9955223e-07 4.1576214e-09 0.0004422441 5.2185396e-08 0.00011377579 6.094404e-06 5.2564836e-05 9.99617e-06
0.855046 0.36412546 0.0035280588 0.10172731 0.00012690091 0.0012549204 1.9747902e-05 0.061919615 7.951016e-05 2.3485076e-05 2.6135035e-07 2.1040507e-05 7.017777e-07 0.021680878 5.682608e-06 0.73545617 0.00019614499 2.2361871e-06 0.0012479959 2.8019263e-05 3.1703794e-06 9.074269e-18 0.79274386 5.3851495e-06 3.5214314e-05 0.05887101 0.47299677 8.938093e-05 5.3856655e-07 4.1484786e-06 2.4733492e-07 0.09983289 0.46556908 0.92281413 5.8594026e-07 1.247584e-07 0.9400357 0.11655051 0.009181729 2.8573597e-06 0.05142783 0.05173005 0.30492502 6.7258316e-07 2.8324855e-06 9.4036926e-07 0.0003208094 3.4067638e-05 4.0931504e-06 2.8465156e-06 0.000157243 1.2597123e-06 0.18204233 6.526034e-05 0.0001435312 0.00562526 0.0007137363 0.13708535 4.1090643e-06 1.8294837e-05 0.0035430784 3.8179983e-06 6.2167777e-07 5.246392e-07 0.013466856 4.2811064e-07 0.022136327 9.3713385e-07 1.1996267e-06 0.0055148765 0.011993419 0.8767065 0.12724532 8.598812e-07 0.06124223 6.7383285e-06 1.0587315e-06 1.5561254e-05 7.582047e-08 1.5757288e-07 0.04770354 2.8964944e-06 0.00012827365 9.140712e-07 5.6665544e-07 1.4816316e-05 2.9473028e-06 1.8300777e-06 1.1326707e-06 0.0004888511 0.024438914 4.3240075e-06 3.8522903e-06 2.4526637e-06 7.9207084e-08 2.2889011e-05 4.0905124e-06 9.898909e-07 8.986842e-06 6.0447687e-06 3.7582429e-06
0.6775267 0.63276714 0.02999347 0.094259635 0.0059254616 0.004003371 0.000369725 0.031224573 0.000282483 0.00022790984 2.804811e-05 6.693007e-05 6.3494454e-06 0.0080496445 8.230538e-05 0.07501504 0.028548894 4.4327116e-06 0.00074309215 8.229619e-05 5.4631422e-05 0.79274386 1.2166406e-17 1.9013843e-05 0.0002449737 0.70742667 0.008722325 0.007006066 2.6958007e-06 9.033978e-05 2.4832332e-07 0.011637322 0.9684123 0.97667134 3.238148e-05 1.5845535e-07 0.03166381 0.005129948 0.0019088828 4.423312e-06 0.42925054 0.0035277628 0.008701737 1.0191169e-07 3.0397341e-05 9.688837e-07 0.0005518267 0.0006035466 9.949239e-07 1.4081569e-07 0.00011233312 1.1851708e-07 0.00044380716 0.00027142456 0.00091523404 0.10005376 0.0073298793 0.009693275 6.4156666e-07 8.396638e-06 0.0029666666 7.590405e-06 2.3864536e-07 6.169866e-08 0.00057939364 5.4535658e-08 0.00033775272 1.6241408e-07 1.4840484e-07 0.0015627868 0.0003485002 0.03209719 0.009547519 1.8372886e-07 0.025788886 5.513283e-07 4.923023e-07 3.242483e-05 3.25935e-08 2.3597652e-08 0.0032345892 6.6006254e-07 3.8287093e-05 3.598928e-07 2.5724086e-07 2.2840624e-07 4.478746e-07 1.1831031e-07 7.74815e-09 3.5896646e-06 0.0060036313 6.770472e-06 5.0196667e-07 1.553221e-07 3.3673185e-08 3.337008e-07 6.070323e-07 7.675018e-09 1.639167e-06 3.6495805e-07 5.050523e-07
0.5462183 0.0018673195 0.0029274935 0.00041506276 0.12654631 0.0043160277 0.30528823 0.00024638348 0.048904125 0.075254396 0.19246715 0.005768567 0.11529039 5.7468824e-05 0.5188381 3.3154738e-06 0.059391104 0.01142217 0.0012970837 0.001976063 0.9276937 5.3851495e-06 1.9013843e-05 1.0353849e-18 0.36710498 0.0013964764 1.854575e-06 0.04306661 0.016952837 0.9547879 0.9195543 7.800438e-06 1.8698223e-05 1.1020453e-06 0.4708987 0.044486802 8.3559935e-06 1.4452118e-05 0.00015817808 0.00054551876 5.4866555e-06 3.9114908e-05 5.14131e-06 3.7111884e-05 0.001754329 0.38788086 0.0003976515 0.010219721 0.0002130763 0.00024814732 0.003431938 0.000114534705 6.4856624e-07 0.0003038156 0.0006021906 4.6796986e-06 4.970127e-05 7.4040727e-06 0.00012094393 9.996566e-05 0.00026871377 0.05014875 0.2667782 0.14871185 2.101173e-07 4.7359727e-06 8.4212644e-08 0.000498771 0.03506309 3.9821047e-05 6.8905325e-07 2.5991395e-07 6.8515083e-06 0.0007731126 0.00051413936 6.2256627e-06 0.0045694415 3.4592867e-05 1.478324e-06 0.0001102979 3.084361e-06 0.0013774688 0.00046308123 0.00011402955 9.431154e-06 0.00758518 0.00026329482 0.003599914 0.009145714 0.00023596172 0.00022019233 4.702642e-07 0.0002195796 1.5961901e-06 2.2551465e-08 0.0010369931 8.032075e-07 0.001057965 4.0963663e-05 0.00022331419 6.24778e-05
0.5189198 0.12217308 0.08138361 0.010514527 0.45359206 0.07137361 0.29728892 0.0035321692 0.053758677 0.053401515 0.03494627 0.002212005 0.023888255 0.0009377021 0.56601554 3.497181e-05 0.8141865 0.002885666 0.0024387941 0.00082142005 0.59446704 3.5214314e-05 0.0002449737 0.36710498 2.696558e-18 0.2839889 1.0271306e-05 0.9704024 0.0018432928 0.64561653 0.08229806 9.3768096e-05 0.0005108133 3.5246365e-05 0.89371824 0.008185939 3.174777e-05 0.00017553756 0.0008643905 9.779907e-05 9.9965844e-05 0.00027056265 3.5455156e-05 4.731372e-06 0.00022883568 0.038805056 0.00027744233 0.47719336 8.680915e-06 1.6538463e-05 0.00091309723 5.1975703e-06 2.1648952e-06 5.751389e-05 0.008956157 2.445716e-05 0.0033044307 0.00012048757 2.1860592e-06 8.9861955e-05 0.0006848879 0.37032267 0.24409686 0.033519123 3.8323108e-07 2.8083049e-08 1.4236026e-07 6.466365e-06 0.008797377 9.523256e-05 7.487021e-06 4.3982163e-06 1.40469365e-05 7.246093e-05 0.0027490207 4.0749123e-07 0.0030885984 9.978487e-07 1.4939559e-07 7.3250603e-06 2.2561138e-05 0.00085078296 0.044755317 2.274199e-05 8.9186875e-07 0.00021152117 2.4120667e-05 0.00080415036 0.0009706108 3.8863553e-05 0.00015575382 5.009232e-07 1.1248218e-05 3.227782e-07 3.2360962e-08 0.0010798166 8.3188957e-07 5.0351675e-05 6.6852595e-06 0.0002565117 0.00026288308
0.5117648 0.604258 0.114498265 0.1025303 0.24827822 0.03133948 0.0050231055 0.018544925 0.0007742153 0.00046154807 0.0012578422 0.0001869702 0.0009439783 0.0014105802 0.036671363 0.0075573553 0.8745933 0.0001354695 0.00056763826 5.5855384e-05 0.0052790204 0.05887101 0.70742667 0.0013964764 0.2839889 1.8970909e-19 0.00081286434 0.84548426 2.691263e-05 0.0075132726 0.0004509509 0.0009411791 0.9012969 0.16577734 0.06203006 1.1374091e-05 0.00096827967 0.0009486201 0.0004746818 3.4733575e-06 0.6406755 0.00044602924 0.0005114711 2.4475804e-07 1.6802991e-05 0.0015472497 0.00010974788 0.8909176 1.1685654e-06 3.600164e-07 0.00012708294 2.752576e-07 1.7768038e-05 4.1711606e-05 0.5637135 0.2699925 0.41989076 0.000326911 4.1656625e-07 2.76152e-06 0.0015245422 0.15146624 0.0019264827 0.0002582845 4.2639585e-06 4.5824933e-08 1.3824497e-06 2.3418629e-07 0.00071458996 0.00040915035 2.2783583e-05 0.00093611475 0.00022677658 1.1266221e-07 0.0022743153 1.09427276e-07 0.00024183192 7.2379703e-07 1.9091855e-08 4.3991952e-09 0.0014748445 1.1468679e-05 0.01603332 1.2022552e-06 1.0963326e-07 1.3916743e-07 9.62344e-08 7.1515615e-06 1.5353047e-06 7.6634194e-07 0.0011265018 3.409548e-07 5.079162e-07 3.4611595e-08 5.149613e-08 1.0221577e-05 4.9785234e-07 2.6961285e-07 2.4639448e-06 1.2751846e-05 6.622858e-05
0.91372 0.002163223 0.00086921896 0.011235203 5.7665977e-05 0.00047554675 1.7981289e-05 0.058449235 5.5847395e-05 9.53042e-06 7.524403e-07 0.0001882148 9.963254e-07 0.08687465 9.065735e-06 0.97896487 0.00020929048 1.4637516e-05 0.008387825 0.0005260852 2.123702e-05 0.47299677 0.008722325 1.854575e-06 1.0271306e-05 0.00081286434 2.5556139e-17 1.9887968e-05 1.4301048e-06 2.8073546e-06 4.6790757e-07 0.701889 0.0046057436 0.018590193 2.2341108e-06 4.0798877e-06 0.6820415 0.86276805 0.06992698 1.3907355e-06 0.00025021142 0.24057935 0.8156883 3.554773e-08 6.150635e-05 1.8297986e-06 0.015548321 3.0120373e-05 2.8307423e-07 8.612061e-08 0.0013268292 9.971466e-09 0.017042324 0.00024246026 7.286118e-05 0.00010928634 0.00016450835 0.41980335 3.7657767e-08 4.4857865e-05 0.031625148 1.567843e-05 8.293497e-06 3.3537879e-06 0.02051875 1.4550422e-10 0.0038539113 4.0526515e-07 3.0022447e-06 0.024178598 0.019522037 0.006140148 0.1057405 1.6495067e-05 0.1576982 6.7016555e-07 1.3141472e-05 1.2889266e-06 1.3906174e-08 1.3851856e-06 0.02137956 6.266645e-06 0.00016000631 1.0331577e-05 5.8020696e-08 0.0002753591 5.8232904e-06 4.671842e-06 1.5328329e-05 6.544776e-05 0.06593234 5.1883976e-08 1.1261581e-05 1.1555378e-07 5.5093118e-08 0.0002160183 1.5019701e-07 2.9613336e-06 3.604082e-06 6.341466e-05 8.050132e-06
0.26905817 0.18287069 0.11275386 0.026482986 0.29003432 0.056446493 0.12259172 0.0087918835 0.013602217 0.016719535 0.01170815 0.0014571609 0.008572173 0.000828771 0.24948418 7.60408e-05 0.8844716 0.0019027459 0.0008523552 0.00044758516 0.16654323 8.938093e-05 0.007006066 0.04306661 0.9704024 0.84548426 1.9887968e-05 3.865827e-17 0.00039907175 0.18759435 0.03200426 0.0006483334 0.026039444 0.00027413262 0.6565057 0.0009977355 3.3592216e-05 0.0004421256 0.0007423718 1.1413252e-05 0.0065516396 0.00070365716 0.0003209036 6.924009e-07 0.00018515832 0.03599464 0.00044255482 0.81944525 6.383848e-06 4.1441763e-06 0.00019770072 1.0260012e-06 2.0902676e-06 0.00014938456 0.17968482 0.004348182 0.067437254 0.0005770952 2.813715e-06 0.0001733149 0.00074780267 0.34500015 0.09198324 0.038837936 1.6544495e-06 3.700294e-08 9.804771e-08 2.130536e-07 0.025887968 0.00011023449 1.4565274e-05 1.1943818e-05 9.348585e-05 1.461538e-05 0.0029788855 3.3565784e-06 0.0066303923 1.4203567e-06 2.1953225e-08 3.4976412e-07 0.0004346731 0.0009197919 0.06994702 1.0678206e-05 2.382047e-07 1.2692481e-05 6.4609835e-06 0.0005112941 0.00016329523 6.4393926e-06 0.000100365134 2.0546986e-07 9.580726e-07 1.313671e-07 1.22435155e-08 0.0015861274 2.6809366e-07 8.365194e-06 2.263995e-06 0.00015075259 0.00022013062
0.962897 2.143593e-06 9.8709104e-05 3.663971e-06 0.0013767201 0.00027792453 0.026727438 7.653986e-06 0.0041657984 0.05576532 0.5252115 0.073529065 0.8217163 0.00013881332 0.008289835 4.4377325e-06 0.00039345017 0.7889846 0.009553503 0.10151439 0.0042676427 5.3856655e-07 2.6958007e-06 0.016952837 0.0018432928 2.691263e-05 1.4301048e-06 0.00039907175 4.3210403e-17 0.0034753426 0.3013508 0.0001239298 7.8374495e-07 7.2195496e-07 0.0016561885 0.93792343 3.3084652e-06 2.4901983e-05 0.011097115 0.68319714 8.010434e-07 0.0006738994 1.0531039e-05 0.15211104 0.5535058 0.1888785 0.07582099 8.251266e-06 0.5445385 0.6945844 0.36792746 0.1206297 4.2217515e-08 0.40111095 2.4675322e-05 1.6020326e-06 1.0356046e-06 0.0001383319 0.12174192 0.2694967 0.025943572 5.1367697e-05 0.00069183327 0.03729384 5.7308874e-08 0.008319544 2.4453486e-08 0.3787254 0.0011782295 0.0051126312 4.3592886e-06 4.3190764e-07 9.793647e-05 0.22078656 0.004012216 0.01364558 0.00017461558 0.0031919545 0.011174028 0.04947496 1.3704016e-05 4.4536886e-05 0.00020415412 0.03224305 0.014985221 0.076879956 0.028297357 0.000185969 0.020185096 0.0113753555 0.0015078732 5.7136785e-05 0.0039576646 0.0034098383 6.552295e-05 1.7003507e-05 0.00064641645 0.00013996397 0.0026455382 2.8263685e-06 7.715102e-07
0.46740726 0.0023731715 0.0064715385 0.000687762 0.15441756 0.006866976 0.28830275 0.00025731852 0.031348873 0.07742816 0.12591 0.005243501 0.08365054 6.1678395e-05 0.41384447 1.3549308e-05 0.1091576 0.007850171 0.00071073434 0.0007479941 0.7934976 4.1484786e-06 9.033978e-05 0.9547879 0.64561653 0.0075132726 2.8073546e-06 0.18759435 0.0034753426 7.255754e-18 0.80690545 1.8394048e-05 3.2839944e-05 1.5923619e-06 0.9396638 0.015014082 9.319206e-06 6.3420295e-05 0.00035464382 0.00030903588 1.0993733e-05 3.8468846e-05 1.1661612e-05 2.3356468e-05 0.0006247631 0.49953753 0.00029587426 0.064196035 0.00010906457 8.894709e-05 0.0012854992 7.1110386e-05 2.4126937e-06 0.00022993404 0.0027139026 1.1592443e-05 0.00023381239 3.3052813e-05 3.8940205e-05 0.00017322929 0.00038973178 0.1884467 0.44913983 0.42935845 5.8880545e-07 7.7498055e-07 1.1938023e-07 0.0002819934 0.1378507 4.087465e-05 1.8975921e-06 3.968661e-07 7.86461e-06 0.0010414972 0.00072224694 1.5435039e-06 0.033815112 5.4503844e-06 9.544212e-07 0.00022418884 1.0694513e-05 0.010654648 0.0113890385 0.00024036336 1.566087e-05 0.014096566 0.0006577511 0.018339677 0.04861423 0.0015549529 9.8760145e-05 1.0647907e-06 0.0007328956 6.6919633e-06 4.3904297e-08 0.011142849 4.7077333e-06 0.006127624 9.7669516e-05 0.0022342654 0.0006008617
0.962324 8.254411e-05 0.0039466894 0.00015335342 0.15621911 0.008530988 0.5227006 4.7638696e-05 0.12512617 0.3409734 0.69634813 0.04105188 0.5934706 1.5256286e-05 0.48142275 5.680985e-07 0.04239019 0.12991726 0.0026670517 0.017896034 0.63660055 2.4733492e-07 2.4832332e-07 0.9195543 0.08229806 0.0004509509 4.6790757e-07 0.03200426 0.3013508 0.80690545 1.633507e-17 8.548938e-06 2.6406758e-06 1.4113647e-07 0.37791875 0.467242 1.4449223e-05 3.537654e-06 0.0002045501 0.037689287 6.230797e-07 1.4090986e-05 1.6270312e-06 0.00079424295 0.08506602 0.9721537 0.0007537087 0.0016249381 0.0034030485 0.006125964 0.10496001 0.0021468112 1.5616074e-06 0.022156904 0.00013485465 8.1391335e-07 1.1739733e-05 8.043056e-06 0.0018712655 0.011726726 0.000532315 0.045498114 0.34377396 0.7644159 5.0152906e-08 0.000107501044 3.310709e-08 0.015603631 0.1302316 2.3221166e-05 1.8638624e-06 3.809415e-06 3.587336e-05 0.10819584 0.00097181683 0.0012371554 0.0099566635 0.001068324 5.0727376e-05 0.005968779 0.00021091527 0.0035175786 0.0002075301 0.0021910938 4.7931535e-05 0.21709289 0.017801197 0.013920766 0.21189062 0.006129438 0.0010304389 9.343572e-06 0.0029444725 1.9237534e-05 4.9464313e-07 0.0019696997 2.8546328e-06 0.010049503 0.0003860978 6.691175e-05 5.069118e-06
