2.0573862e-21 0.99830985 0.99851114 0.99452406 0.9275512 0.9405808 0.9498103 0.9756526 0.96770763 0.8554794 0.9095792 0.96383333 0.95187163 0.776612 0.9666795 0.8587528 0.83331865 0.63942486 0.89260983 0.90499705 0.7967021 0.92665964 0.9999314 0.9986314 0.99759024 0.49813172 0.92099494 0.4423188 0.9364087 0.9768554 0.98110986 0.9832452 0.86961424 0.8627362 0.7668736 0.65964043 0.99997044 0.10083522 0.99773854 0.9359347 0.766561 0.50581753 0.9110117 0.93287194 0.9325121 0.8758181 0.36483213 0.6597514 0.4444651 0.3364622 0.04580624 0.0105807 0.83416927 0.48349315 0.99925137 0.15373799 0.95904624 0.959393 0.47482926 0.0006868787 0.014460861 0.93346983 0.15377493 0.9268953 0.0018718635 0.028834961 0.9850393 0.20323066 0.0022010521 0.7622276 0.85827947 0.120582104 0.11414492 0.004404147 0.60620844 0.016587745 0.76350325 0.6156376 0.021507002 0.051733464 0.0020407771 0.33488435 0.26266837 0.9954982 0.16553822 0.43421334 0.1799725 0.9074758 0.05616344 0.7071935 0.0010560311 0.90902376 0.53295374 0.24374725 0.47503635 0.60722387 0.10020993 0.8609575 0.0033570284 0.0012828442 0.017111702
0.99830985 6.928149e-15 0.11697491 0.029468935 0.21644288 0.9574009 0.012885838 0.0013184807 0.9232592 0.08119831 0.6260059 0.11626726 0.4993947 0.4322308 0.5301305 0.37993106 0.07023087 0.10551938 0.0116628315 0.014140621 0.021476936 0.0020199013 0.3707085 0.53901833 0.00010663446 0.11459403 0.00044785478 0.008246511 0.07414662 0.02027777 0.02285906 1.0298612e-05 0.000107335705 0.044824667 0.0012900912 0.0038862482 0.10088944 0.029132135 0.008643028 0.004483621 0.00019463083 0.0001343025 9.981762e-05 0.00051152747 0.0008185622 5.606972e-05 0.0031583933 0.0011109172 0.055603366 0.00023966705 0.001277799 0.00041838735 1.313983e-05 0.0008496351 0.002634992 0.00015320138 0.0011092 3.682929e-05 0.0003005012 4.6958572e-05 0.0017769394 9.198073e-06 3.502682e-05 1.2487119e-06 0.00013374754 0.00045323643 0.0008072003 9.266828e-06 3.9078686e-06 2.1463289e-07 5.6038818e-05 1.316999e-05 4.67292e-06 0.0011250809 0.0001311096 0.00052233075 1.8812542e-06 8.964646e-06 7.0729396e-07 3.7618414e-05 0.00037034167 7.9740164e-07 0.00025067214 1.1854806e-05 2.4495092e-05 3.14944e-07 5.7682826e-08 2.6722963e-05 2.5657444e-05 0.002000469 6.819856e-05 3.107451e-05 1.3187146e-05 3.7460586e-06 3.820519e-06 2.2276347e-06 2.8553943e-05 1.3464896e-07 2.5396985e-05 3.4375125e-07 5.724354e-08
0.99851114 0.11697491 4.592345e-16 0.82841873 0.96523416 0.16123086 0.8719254 0.63314265 0.012371902 0.7172685 0.33304432 0.00071681815 0.0114739975 0.0278297 0.075612314 0.0066241533 0.0017178889 0.0656807 7.626856e-05 0.50955856 0.00016733483 0.30769885 0.074990325 0.53890383 0.02711094 0.0015935112 0.21171536 0.039518055 0.008768246 0.07494603 0.0060999836 0.008735016 0.014162735 0.00010136013 5.3013297e-05 0.12920108 0.119739234 0.00027106708 0.0028215519 3.8709713e-05 0.032061588 1.7931028e-05 0.030100934 0.00012900088 0.00730451 8.961218e-06 0.25765142 0.05044271 0.007085102 0.010877804 0.019233197 0.0067261853 0.0020282622 1.3907417e-05 0.010290814 5.2185525e-05 0.0036967709 0.00026176835 0.040661886 0.00033122886 8.670245e-05 0.00024580728 1.3678517e-05 0.0012485726 0.00043576534 4.122306e-05 0.00029416924 0.0036810613 0.0010562014 0.0007038767 0.00044197345 0.011182173 0.0015858083 0.00025518876 8.480158e-05 0.0006293284 0.00016491314 0.0002880405 7.377571e-06 1.9653503e-06 2.5235415e-05 1.0385208e-05 0.00082274736 0.00012047148 0.0002937627 2.2260524e-06 3.7335046e-06 2.0037243e-05 1.727806e-05 0.0013810268 6.6228363e-06 0.00018233567 0.0001728405 3.426834e-06 9.644721e-06 1.9684461e-05 6.45184e-06 3.0180178e-07 1.4066106e-05 1.6505483e-05 3.1110017e-06
0.99452406 0.029468935 0.82841873 9.220418e-15 0.8642406 0.041784883 0.95725095 0.8927768 0.00187961 0.4943867 0.08832604 3.4365294e-05 0.0003884175 0.008071468 0.0059687933 0.0018625256 8.199388e-05 0.011253321 1.4519617e-05 0.45794356 2.053645e-05 0.56899023 0.011841028 0.55619174 0.09304536 0.00055480393 0.3530135 0.011799937 0.0005113904 0.077393234 0.000585026 0.01600676 0.03069353 1.1569138e-05 7.208363e-07 0.13158491 0.13101587 7.1738956e-05 0.0007811784 7.7327957e-07 0.05170651 2.3814657e-07 0.041822027 9.853102e-06 0.008154137 1.4115275e-07 0.24675864 0.06941333 0.00256533 0.008489719 0.02062185 0.005707138 0.0055243704 9.3828925e-07 0.010160727 5.7293596e-07 0.0035247714 0.0012044467 0.05804251 0.00037247114 4.2517546e-05 0.0013548243 4.847591e-07 0.0043994626 0.00059865677 2.7723878e-05 2.0786672e-05 0.007599542 0.0022123333 0.0006929796 0.0009431176 0.014557402 0.00513761 0.00028874126 1.3137425e-05 0.0003794019 0.0006528307 0.001652328 9.555725e-05 1.0498279e-07 1.42078425e-05 4.6989033e-05 0.0008432384 1.8195864e-05 0.0009614154 2.0484576e-05 1.4374647e-05 6.393361e-07 3.4840966e-06 0.00060068927 5.969788e-06 0.00014261213 2.1664475e-05 1.4909605e-06 1.620434e-05 1.649582e-05 8.3233845e-06 2.3993907e-09 3.1939184e-05 0.00010321536 1.0208172e-05
0.9275512 0.21644288 0.96523416 0.8642406 4.9301048e-14 0.14591244 0.5268261 0.042174224 0.010855627 0.973325 0.7926572 0.00015601591 0.002184182 0.14857158 0.0074569792 0.0097789 0.00036488933 0.3523505 5.749651e-05 0.59174365 0.00014346991 0.09392029 0.014107794 0.116475366 0.00029419787 0.005975987 0.009726443 0.25888494 0.000962168 0.0038868245 0.00086864474 7.803292e-05 0.00058271876 0.00025319224 1.5813683e-05 0.19172189 0.020042477 0.0005122307 0.0006155022 1.6261822e-05 0.0026844384 1.2988234e-05 0.0028035298 8.400582e-05 0.0005060074 8.215673e-06 0.0989746 0.007344069 0.03796302 0.0009233549 0.0275249 0.0030995705 0.00013066373 1.9793759e-05 0.0008832524 1.1701897e-05 0.00029661416 6.268801e-05 0.008112802 0.0005222708 9.2384726e-05 5.4416876e-05 5.0534168e-06 1.4976905e-05 0.0020886397 0.00031197187 0.00023396184 0.00026147865 0.0010831278 1.5081609e-05 0.000104693696 0.0010029406 0.00015228646 0.00033385376 2.1735852e-05 0.008103025 1.0175082e-06 3.5923533e-06 8.251608e-07 4.1563117e-06 2.9326071e-05 2.6718588e-08 4.921564e-05 1.4314675e-05 2.9914261e-05 3.064507e-07 2.1458673e-08 1.6499573e-06 5.629644e-06 0.00011213222 3.3512622e-06 2.6758766e-05 2.0669175e-05 3.8844673e-06 1.6568686e-06 2.1075931e-07 6.7822853e-06 5.591203e-09 4.634033e-07 1.5858141e-07 1.6779808e-08
0.9405808 0.9574009 0.16123086 0.041784883 0.14591244 1.3457292e-15 0.0114964135 0.00029397826 0.87498313 0.14608145 0.89765763 0.007780918 0.11363488 0.9503723 0.08101914 0.702816 0.018156786 0.50574213 0.00030415622 0.0101125175 0.003422946 0.0004638709 0.062687665 0.103315786 5.4732404e-06 0.49678636 2.4683372e-05 0.07098106 0.005927839 0.0014001144 0.004950904 5.5191117e-07 1.0940433e-05 0.04592557 2.9433158e-05 0.004085098 0.021392591 0.17684153 0.0023043654 0.0002490404 3.255798e-05 2.574949e-05 2.1001865e-06 0.00011991876 0.00012835441 6.1430874e-06 0.0011203991 0.00020144417 0.3256281 2.1103326e-05 0.0030473429 0.00014058242 1.3485438e-06 0.00014149112 0.0006061128 2.336295e-05 2.7485576e-05 1.7477261e-05 3.7749985e-05 1.5237251e-05 0.004159058 9.593335e-07 1.630818e-05 1.6797446e-07 0.0003850469 0.003562095 0.00021863222 4.872253e-07 1.2567983e-05 9.237578e-08 1.7465016e-05 6.091345e-07 1.1147508e-06 0.013028546 2.5832598e-05 0.008539914 6.2791955e-08 1.2640778e-07 2.0149554e-07 8.426752e-06 0.0009552669 1.30057645e-08 3.7561183e-06 6.6817984e-06 9.144539e-07 2.0978412e-07 1.0304531e-08 6.0162256e-06 4.1129856e-06 9.127637e-05 3.7889928e-05 4.977258e-06 2.0469912e-05 3.8116095e-06 1.3308387e-06 1.7507153e-07 3.716749e-05 1.5973857e-08 2.594083e-05 3.073555e-08 2.4263545e-09
0.9498103 0.012885838 0.8719254 0.95725095 0.5268261 0.0114964135 2.4515241e-14 0.80466384 0.0008743587 0.7204102 0.09716534 3.4812187e-05 0.00038920692 0.008348829 0.0011544601 0.00072868745 8.349784e-05 0.036969922 2.8624627e-06 0.8719628 4.8264155e-06 0.90165377 0.0043218336 0.102218844 0.014340363 0.0007287719 0.7473075 0.079310894 0.00019762684 0.0070883133 0.00061486795 0.004837914 0.013205345 7.340235e-06 3.6551256e-07 0.39569542 0.025605557 5.0738166e-05 0.0004863094 2.7496742e-07 0.16942954 1.0701378e-07 0.11417783 5.804544e-06 0.0014194536 4.3824502e-07 0.56875145 0.24340269 0.003143862 0.05271909 0.08047469 0.04021015 0.0013174788 5.5475625e-06 0.0011269586 1.3319617e-07 0.0008530732 0.00014802386 0.22901331 0.0033723342 1.4603926e-05 0.00024167007 2.8954847e-07 0.00057850755 0.0052926918 4.3918517e-05 9.404702e-06 0.021695063 0.015261818 0.00019556785 0.00016337188 0.07320525 0.009774626 6.0992505e-05 5.042801e-06 0.0016215394 0.000359575 0.00017830342 2.3930792e-05 2.525812e-07 9.394756e-07 3.148835e-06 2.507655e-05 2.0445095e-05 5.1571104e-05 1.0998892e-05 1.4440235e-06 7.2775265e-07 3.0476437e-07 5.3973275e-05 5.075903e-07 2.5437366e-05 2.4979072e-05 8.104897e-05 2.2205418e-06 2.787059e-06 8.266522e-06 3.1585388e-09 1.700658e-06 3.3859626e-05 8.09036e-06
0.9756526 0.0013184807 0.63314265 0.8927768 0.042174224 0.00029397826 0.80466384 4.8813187e-14 4.523246e-05 0.07169305 0.0076362924 7.5191235e-07 1.2797142e-05 0.0011756176 0.0003300137 9.3235845e-05 3.0377155e-06 0.004137696 2.1175013e-07 0.31347865 8.7261054e-07 0.91621226 0.00093642226 0.25351602 0.27568293 0.00019113484 0.92787296 0.006375069 1.6942015e-05 0.037390236 1.8608282e-05 0.027903715 0.1157412 5.593097e-07 8.1514024e-08 0.064040594 0.058003988 2.1590233e-06 0.00010094195 2.2959922e-08 0.3205441 4.9648655e-08 0.33732677 8.533246e-07 0.0036118487 5.4816923e-08 0.40490717 0.35089338 0.00010540549 0.08343844 0.007907942 0.0068814317 0.008186719 2.3282798e-06 0.0031997007 2.0282718e-07 0.0010525949 0.0010096728 0.21152706 0.00029127242 1.0440913e-06 0.0018768487 9.171549e-08 0.0052601094 0.00049735006 2.9350285e-06 7.1692207e-06 0.04656224 0.0028823914 0.001378766 0.00082507584 0.1067035 0.018952627 1.1922777e-05 1.2623449e-06 5.7744175e-05 0.0040667644 0.0025085246 0.0001335222 2.6976485e-07 7.675839e-07 7.621932e-05 0.0001515934 2.9731042e-05 0.00065787026 2.0412557e-05 2.1785283e-05 1.5629499e-06 4.296895e-07 5.731568e-05 5.308032e-07 7.611183e-05 9.559002e-06 5.9440536e-06 2.0006884e-05 1.0842681e-05 1.6037822e-05 1.282365e-09 4.014441e-06 4.1357176e-05 1.1361202e-05
0.96770763 0.9232592 0.012371902 0.00187961 0.010855627 0.87498313 0.0008743587 4.523246e-05 6.943044e-15 0.0039189756 0.12468275 0.13920435 0.8225215 0.46720627 0.2026086 0.9768732 0.3043623 0.018099995 0.013505466 0.0002151827 0.059426375 2.8390074e-05 0.1304248 0.07742499 8.635513e-07 0.5661781 2.3676057e-06 0.0029507494 0.020233186 0.0003032303 0.013222986 2.4521535e-08 1.0682091e-06 0.3745612 0.00018134392 0.00017385406 0.01614597 0.40783033 0.0025523184 0.004825979 2.5411168e-06 0.00015774633 9.302839e-08 0.0007643042 1.0859073e-05 4.495581e-05 6.319238e-05 1.5075052e-05 0.112639025 1.7860328e-06 7.012987e-05 3.814608e-05 4.223606e-07 0.0054049096 0.00035368142 0.00018864176 1.0571198e-05 2.5216483e-05 5.576737e-06 1.5547704e-06 0.025992498 1.0929332e-06 3.0546475e-05 1.1682867e-08 1.3311325e-05 0.0029237256 0.00030977416 2.4424574e-07 9.4940833e-07 1.7715914e-08 1.591611e-05 2.5171767e-07 6.8761955e-07 0.012123916 4.9146503e-05 0.0005877541 1.1023443e-07 5.00921e-08 2.2594337e-07 4.281748e-05 0.004598392 8.547596e-09 9.058148e-06 8.143983e-06 1.956098e-06 6.71065e-08 1.0109946e-08 5.0955823e-06 1.5328638e-05 0.0001164968 0.00042842352 4.248826e-06 1.7139973e-05 7.85342e-06 4.1537164e-06 2.7261123e-07 0.00021555692 4.77389e-08 0.00012043668 1.0937422e-08 1.9090436e-08
0.8554794 0.08119831 0.7172685 0.4943867 0.973325 0.14608145 0.7204102 0.07169305 0.0039189756 2.9269552e-16 0.92980045 4.597804e-05 0.00021777609 0.17927583 0.0011577959 0.0021178136 9.215111e-05 0.8049071 7.927707e-06 0.911685 1.6817965e-05 0.13266164 0.0033145857 0.017613381 0.00018142746 0.003636649 0.005259465 0.84436804 0.00014529766 0.001017257 0.0003238023 3.587736e-05 0.00040317257 2.5571288e-05 2.1018465e-07 0.4386306 0.006644511 0.00051231886 0.00020540475 2.593442e-07 0.0021958256 5.6667596e-07 0.00027684524 2.8093136e-05 0.0002983271 1.0727664e-06 0.2844257 0.021229718 0.07680816 0.0008880881 0.34838244 0.041230366 3.4626835e-05 2.3179846e-06 0.00011225966 2.1169674e-06 0.0001308992 3.543524e-05 0.015646575 0.008617366 7.9340185e-05 2.7029559e-05 1.5238568e-06 9.925211e-06 0.019238787 0.00041349645 6.161185e-05 0.00038649846 0.0040416927 4.2693196e-07 1.2825156e-05 0.0005256602 0.00015651724 0.0008829425 5.8032983e-06 0.042877827 2.9357004e-06 2.5946827e-06 4.5966663e-06 1.0098885e-06 1.9259323e-05 1.270241e-07 6.1472923e-07 1.034314e-05 7.2765865e-06 1.8173206e-06 1.222552e-07 3.0134996e-07 2.7597873e-06 3.5139653e-06 1.9531842e-06 1.5004656e-05 5.115328e-05 6.350569e-05 1.6177434e-06 6.0439754e-07 6.0475566e-05 1.4318379e-08 2.466865e-06 2.0431205e-06 6.799304e-08
0.9095792 0.6260059 0.33304432 0.08832604 0.7926572 0.89765763 0.09716534 0.0076362924 0.12468275 0.92980045 1.689372e-15 0.00029209137 0.0031673575 0.9630629 0.007153356 0.061434705 0.0006320643 0.9464396 2.6849795e-05 0.06855594 0.00014533286 0.0025198238 0.009831055 0.027540056 1.9968798e-05 0.07628599 0.00019807834 0.60719854 0.0008416809 0.0007444533 0.00087357935 2.9145497e-06 8.948711e-05 0.0008467333 9.0296935e-06 0.024198793 0.009424428 0.011676597 0.00065517705 2.7770106e-05 8.052001e-05 9.960799e-06 1.6408962e-05 5.0852927e-05 7.4888034e-05 4.232984e-06 0.014399497 0.0003951998 0.46089524 5.5678443e-05 0.031016639 0.0014198137 3.828247e-06 4.7871283e-05 8.525722e-05 3.8559992e-06 8.09852e-06 3.0292666e-05 0.00026130816 0.00021064069 0.0012798564 2.2175643e-06 3.3392382e-06 4.3107391e-07 0.0029342005 0.0022008016 3.8094022e-05 1.2542706e-05 0.00020952712 9.382995e-08 5.0132535e-06 1.5662707e-05 4.4939634e-06 0.0069009797 9.9764275e-06 0.037850153 8.500355e-08 1.1867791e-07 3.6643502e-07 6.005627e-06 0.00030255725 3.496197e-09 3.0605435e-07 8.253796e-07 4.0656996e-06 4.806052e-07 4.6649378e-09 3.36524e-07 2.6417335e-06 2.797598e-05 1.23277405e-05 3.82659e-06 1.8869963e-05 1.0254549e-05 3.7791767e-07 8.7237e-09 1.0836676e-05 1.3288209e-08 7.561605e-06 9.042869e-08 3.439442e-08
0.96383333 0.11626726 0.00071681815 3.4365294e-05 0.00015601591 0.007780918 3.4812187e-05 7.5191235e-07 0.13920435 4.597804e-05 0.00029209137 1.1985253e-14 0.93236864 0.0013078817 0.95651394 0.0396338 0.77313256 6.4567e-05 0.94721645 1.6580247e-05 0.5699331 4.1187313e-06 0.22600037 0.041794244 5.685153e-07 0.0050925077 5.238852e-07 7.895614e-05 0.38915038 0.000855998 0.10871384 4.665136e-08 2.5285956e-07 0.5161588 0.039906207 3.0221221e-05 0.017718602 0.0100308545 0.015108119 0.46555483 1.890796e-06 0.0011306731 2.2216146e-07 0.0023764824 8.053406e-05 0.00024012968 1.0026675e-05 1.7583825e-05 0.00022949657 2.1960075e-06 1.400141e-05 1.2416527e-05 6.992878e-07 0.14258085 0.0013241101 0.002520266 0.00010953081 3.2991815e-05 4.3012597e-06 8.325666e-07 0.004920865 1.4654759e-06 0.00017871933 5.1916054e-08 4.7090757e-06 1.4436181e-05 0.00076564297 3.80012e-07 2.5843208e-06 2.201137e-07 1.6543809e-05 1.7385811e-07 2.7161122e-06 0.00028661668 0.00010240598 8.471237e-06 9.516764e-07 4.463324e-07 1.2727868e-06 0.0008752906 0.00045356437 1.8102001e-07 0.00014140774 5.7771987e-05 9.500003e-06 2.9329956e-07 3.630635e-08 4.4622808e-05 6.974436e-05 0.0019656916 0.0004833588 0.00010566618 6.1981715e-05 2.4368968e-05 4.379553e-06 2.0220848e-06 0.007618445 1.1828666e-06 0.00039659158 9.032819e-08 1.5033837e-08
0.95187163 0.4993947 0.0114739975 0.0003884175 0.002184182 0.11363488 0.00038920692 1.2797142e-05 0.8225215 0.00021777609 0.0031673575 0.93236864 3.5281987e-16 0.025320413 0.40267113 0.4703721 0.9575867 0.0005807274 0.37148428 6.656076e-05 0.56888676 1.4365343e-05 0.07458029 0.042778574 1.2784449e-06 0.17043628 1.1650757e-06 0.0001993433 0.03130772 0.0008914118 0.013105741 9.0895234e-08 3.4746873e-07 0.91735667 0.0013060811 4.9052152e-05 0.014406414 0.33053836 0.004300583 0.14086035 1.5796821e-06 0.00047704298 6.119237e-08 0.0009139784 0.00010173617 6.958027e-05 5.9511785e-06 3.2911476e-06 0.0017522674 3.541301e-07 3.382588e-06 9.1315505e-06 9.109245e-07 0.25052238 0.0006628855 0.00018521765 9.2280294e-05 9.8364886e-05 3.366805e-06 2.1839714e-06 0.074843846 1.3131244e-06 5.021764e-05 1.8034447e-08 4.1789728e-05 0.00020136713 0.0005742413 4.69876e-07 5.2773967e-06 5.7090784e-08 2.647594e-05 1.1081579e-06 1.0711287e-06 0.0021555682 3.7188125e-05 3.986581e-05 8.17758e-08 4.9263505e-08 2.5984245e-06 0.000113392016 0.005368577 2.252185e-08 1.234487e-05 1.4419615e-05 8.310646e-06 4.3637996e-07 1.19276145e-08 2.4955011e-06 1.561988e-05 0.00043944054 0.0047396775 2.2139815e-05 4.1146275e-05 7.617649e-06 1.5394695e-05 1.5030412e-06 0.013807502 2.4046788e-08 0.0018446848 7.036659e-08 7.997538e-08
0.776612 0.4322308 0.0278297 0.008071468 0.14857158 0.9503723 0.008348829 0.0011756176 0.46720627 0.17927583 0.9630629 0.0013078817 0.025320413 1.2238482e-14 0.00323307 0.5916137 0.0040576486 0.9500432 0.00012380388 0.0037266074 0.0005409654 0.00045991284 0.004524079 0.008098784 5.0008193e-06 0.7850746 4.3800308e-05 0.26480702 0.00023428917 0.00010793465 0.00071980077 8.669394e-07 5.7275383e-06 0.005092495 1.4002578e-06 0.002395663 0.0024871465 0.28878272 0.00038903847 4.182621e-05 1.7020753e-05 3.6549563e-06 1.1072284e-06 4.1783827e-05 1.1886843e-05 6.4730593e-06 0.0010406112 0.00022541126 0.85878485 6.404752e-06 0.0033446213 0.00034539186 1.0323554e-06 8.285374e-05 9.975048e-06 1.8116803e-05 3.1465747e-06 9.190234e-06 5.2475734e-05 3.4462013e-05 0.010048454 1.7263919e-06 1.803198e-05 8.516697e-08 0.00087570644 0.030750966 3.711581e-05 3.8182056e-06 4.2489457e-05 6.571334e-08 9.395275e-07 5.4411373e-07 1.3286018e-06 0.26677316 3.5202025e-05 0.07745087 8.855642e-08 1.306522e-07 1.0833575e-07 7.285572e-06 0.0020074293 3.1365975e-08 5.097643e-08 1.241792e-06 1.2485189e-06 1.978301e-06 1.891155e-08 1.5368604e-06 5.514516e-06 5.4065583e-07 8.592623e-05 3.329214e-05 6.6098604e-05 1.9788342e-05 3.748194e-07 3.649246e-07 8.837786e-05 2.9238034e-08 1.6793105e-05 4.199914e-08 4.5728363e-08
0.9666795 0.5301305 0.075612314 0.0059687933 0.0074569792 0.08101914 0.0011544601 0.0003300137 0.2026086 0.0011577959 0.007153356 0.95651394 0.40267113 0.00323307 1.2564893e-14 0.039937545 0.20805775 0.00053265446 0.5179922 0.0010922076 0.21291488 0.00064353744 0.96938574 0.23347726 0.00079564244 0.0027946928 5.3937976e-05 0.00012585297 0.7571703 0.022092447 0.28951618 0.00010776227 9.048154e-05 0.19073708 0.21887825 0.00013249261 0.044036247 0.0038934469 0.009995613 0.5117141 3.879923e-05 0.031518314 4.599635e-06 0.020118145 0.0005239305 0.037946787 0.0006634459 0.0006928435 0.00088151766 3.853233e-05 0.00026769986 0.00046366057 2.590044e-05 0.056557454 0.00027436277 0.018540818 0.0009316172 0.00018150847 7.474219e-05 4.8460617e-05 0.0021726394 0.00017010831 0.003877833 5.576352e-05 0.00012619585 2.3860215e-05 0.004648906 3.5754914e-05 2.1569296e-05 1.3422567e-06 3.183843e-05 9.008843e-06 2.367957e-05 0.00020629562 0.014499734 3.07904e-05 2.8277827e-05 7.282436e-05 4.838714e-05 0.0036888188 3.2360822e-05 3.3459098e-06 0.00013930202 7.834367e-06 4.380854e-05 1.6768701e-05 5.76099e-07 0.0012530213 0.0005460811 0.0034441794 0.000115048366 2.508358e-05 6.970503e-06 0.0004499429 1.026055e-06 2.3555239e-07 0.00798112 7.922529e-06 0.00020952233 7.4574054e-06 1.6210142e-06
0.8587528 0.37993106 0.0066241533 0.0018625256 0.0097789 0.702816 0.00072868745 9.3235845e-05 0.9768732 0.0021178136 0.061434705 0.0396338 0.4703721 0.5916137 0.039937545 4.5441433e-16 0.23212737 0.0061630537 0.008929983 3.6325797e-05 0.06312574 1.9302921e-05 0.022112781 0.015454469 8.571322e-08 0.9906214 4.428877e-07 0.0011913236 0.0034368609 6.41308e-05 0.0043713474 6.8447386e-09 9.738105e-08 0.23011777 5.7994395e-05 1.5395854e-05 0.00455768 0.6284471 0.0020887193 0.0010442248 4.928388e-07 0.00012196762 1.7024915e-08 0.00034791228 2.2688753e-06 2.3764223e-05 4.934161e-06 2.8981162e-06 0.06950164 2.836877e-07 1.3238203e-05 7.088279e-06 1.9504089e-08 0.002609992 3.5793088e-05 6.660768e-05 2.5690952e-06 1.3138915e-05 3.342435e-07 3.6202139e-06 0.07699591 1.8993e-07 1.9256382e-05 2.5381557e-09 1.1926427e-05 0.002574437 5.270775e-05 5.3498393e-08 4.017536e-06 1.50443e-09 1.0431885e-06 7.265207e-08 1.1083866e-07 0.040758897 7.6014076e-06 0.0009375152 1.6450112e-08 1.1009527e-08 4.143319e-08 2.2904647e-05 0.0046892324 1.8581316e-08 2.759602e-07 3.6576134e-06 3.736046e-07 1.16914784e-07 2.0357083e-08 8.864646e-07 1.6469074e-06 1.9807581e-05 0.0009169499 3.2173972e-07 2.4244235e-05 8.189225e-06 3.7857814e-07 1.90476e-07 0.00025202456 1.13586385e-08 7.127843e-05 3.974276e-08 6.113369e-08
0.83331865 0.07023087 0.0017178889 8.199388e-05 0.00036488933 0.018156786 8.349784e-05 3.0377155e-06 0.3043623 9.215111e-05 0.0006320643 0.77313256 0.9575867 0.0040576486 0.20805775 0.23212737 9.0463125e-17 9.4374016e-05 0.72747177 1.5520467e-05 0.9822932 6.768271e-06 0.038606435 0.0041935993 1.9653977e-07 0.024598975 7.221109e-08 0.00021882432 0.016440878 0.0001626929 0.010477222 8.896438e-09 4.2378062e-08 0.87903625 0.0065562236 1.3468081e-05 0.0049066218 0.08296015 0.0052787988 0.30691373 2.3976614e-07 0.0014253462 1.580526e-08 0.0004565099 3.073907e-06 0.00018837607 2.2077027e-05 3.2062617e-06 0.00024554654 5.352126e-08 1.9945446e-05 4.971139e-06 7.819461e-08 0.35494384 0.00013540582 0.003643257 2.2412692e-05 1.2177381e-05 4.586704e-06 4.9471514e-06 0.053662043 4.1959328e-07 0.00036260104 1.1398876e-08 2.2096678e-05 2.997646e-05 0.0003972611 4.6097983e-07 7.2984403e-07 1.1378073e-07 2.1314213e-06 4.112617e-06 8.06465e-07 0.0016631592 9.608709e-05 3.6028054e-05 2.343278e-08 9.290139e-09 3.0563535e-06 0.0014055702 0.0020296846 1.3572825e-08 8.3685336e-07 7.2485013e-06 4.329091e-06 1.6068441e-07 1.6370881e-09 9.429831e-06 1.0986123e-05 0.00018377785 0.004761726 3.7215461e-06 2.0671834e-05 1.7288627e-05 2.51112e-07 1.9700705e-07 0.02873162 1.6681586e-08 0.0011249693 7.908043e-08 1.1365637e-08
0.63942486 0.10551938 0.0656807 0.011253321 0.3523505 0.50574213 0.036969922 0.004137696 0.018099995 0.8049071 0.9464396 6.4567e-05 0.0005807274 0.9500432 0.00053265446 0.0061630537 9.4374016e-05 7.126091e-14 4.7025283e-06 0.055163186 5.506948e-06 0.0023452514 0.0012527388 0.0061227866 1.4049871e-05 0.027754284 0.00015403381 0.98868173 2.1967855e-05 9.3865085e-05 0.00011286111 5.7006996e-06 3.1064876e-05 1.8183428e-05 1.5143306e-07 0.026390735 0.0020106432 0.0038625067 0.00011757633 5.3261044e-07 4.4429857e-05 5.2143736e-07 9.206866e-06 1.3119396e-05 2.2052636e-05 1.3625064e-06 0.0070004216 0.00037337217 0.64746135 2.5762705e-05 0.04447222 0.0023404777 8.785927e-07 2.7531182e-06 2.4327031e-05 7.0149866e-07 4.0916552e-06 3.3196426e-05 0.00015606577 0.0004721053 0.00021173914 4.3780956e-06 1.9201543e-06 5.2740752e-08 0.0035415362 0.0057369275 0.0001513484 4.344758e-06 0.00016948502 1.0739855e-08 8.1866045e-07 1.585266e-06 2.5874501e-06 0.012016535 5.385699e-06 0.18722887 2.3539844e-08 6.738354e-08 2.4506284e-07 4.393554e-08 4.8726066e-05 4.2274e-08 2.1724379e-08 4.5155528e-07 1.2234996e-06 2.2924226e-07 4.7718608e-08 1.6047277e-07 1.9126264e-06 2.482035e-07 6.7356427e-06 2.483244e-06 2.2006647e-05 4.0688704e-07 3.1138807e-08 1.0781725e-08 5.3067015e-05 1.2989229e-08 2.6933003e-06 2.3503044e-07 1.3466513e-07
0.89260983 0.0116628315 7.626856e-05 1.4519617e-05 5.749651e-05 0.00030415622 2.8624627e-06 2.1175013e-07 0.013505466 7.927707e-06 2.6849795e-05 0.94721645 0.37148428 0.00012380388 0.5179922 0.008929983 0.72747177 4.7025283e-06 2.3186648e-16 3.780741e-07 0.9276552 7.0256317e-07 0.077481 0.0017539668 1.273559e-08 0.0020997461 1.9980941e-08 6.6123534e-06 0.12173306 7.306843e-06 0.03381312 6.50109e-10 6.234868e-09 0.6647837 0.6070185 7.3168036e-07 0.0034232724 0.0048071854 0.009924024 0.9594319 2.4418497e-07 0.051873907 2.9094547e-09 0.003063286 1.0456806e-06 0.0022290414 7.285575e-07 1.963505e-06 2.7233034e-05 1.7450306e-08 4.9070064e-07 7.755809e-07 2.3625667e-08 0.6223188 0.00039683358 0.072682835 3.606109e-05 1.7205712e-05 4.2660758e-07 1.895006e-06 0.0065460033 1.7722174e-07 0.0034178945 2.9233223e-09 7.0977353e-06 9.755888e-06 0.0011639209 1.7369554e-07 1.2090632e-06 5.051077e-09 1.1234206e-05 8.505297e-07 7.4968125e-07 7.397907e-05 0.0002244963 1.2288847e-06 5.5846506e-08 1.01095985e-08 6.290275e-07 0.017523594 0.00033041296 5.2299662e-09 4.175015e-06 5.65785e-05 1.7422835e-06 3.6427892e-07 1.078351e-09 0.00012812132 0.00016411002 0.00029642272 0.00050169055 1.7128452e-05 7.839865e-05 0.000120305696 4.2527663e-06 3.3424288e-07 0.03863197 7.6416853e-07 0.00056150707 1.0050345e-08 2.4303668e-08
0.90499705 0.014140621 0.50955856 0.45794356 0.59174365 0.0101125175 0.8719628 0.31347865 0.0002151827 0.911685 0.06855594 1.6580247e-05 6.656076e-05 0.0037266074 0.0010922076 3.6325797e-05 1.5520467e-05 0.055163186 3.780741e-07 3.908665e-14 6.9815273e-06 0.64729863 0.003065903 0.028353982 0.00058645435 0.00011197342 0.034868676 0.8796503 4.5773813e-05 0.0010998872 0.00013190787 0.0001430817 0.0009856983 3.1820306e-07 2.2610711e-06 0.99005145 0.0075571397 3.3280883e-06 7.865957e-05 2.3439082e-08 0.008954164 6.9008894e-07 0.0023924755 9.273432e-06 3.8429283e-05 9.9181e-07 0.51801753 0.26982707 0.0017670281 0.0034077968 0.15719937 0.051188286 2.0976195e-05 6.129835e-07 0.00012598277 6.977573e-08 9.605608e-06 7.6037786e-06 0.025657648 0.0031953123 2.4582955e-06 5.5059713e-06 7.613901e-08 8.271565e-07 0.004004566 9.462383e-05 3.6855643e-05 0.00060095394 0.0036435716 1.4924265e-07 9.041072e-07 0.0032261019 0.00022556934 0.00015797923 1.966021e-06 0.0053970884 6.1935384e-07 1.05904704e-07 3.5702692e-06 7.383503e-08 2.7996464e-06 1.1165893e-08 1.0715144e-07 1.0968231e-05 5.434106e-07 6.532295e-08 1.7518735e-08 8.425875e-08 1.8638418e-07 5.123186e-06 6.209687e-08 1.5875704e-06 2.8483964e-05 3.6690673e-07 4.133793e-07 4.8135425e-09 0.00010174587 1.7992393e-08 2.3574971e-07 1.5830703e-07 2.206591e-07
0.7967021 0.021476936 0.00016733483 2.053645e-05 0.00014346991 0.003422946 4.8264155e-06 8.7261054e-07 0.059426375 1.6817965e-05 0.00014533286 0.5699331 0.56888676 0.0005409654 0.21291488 0.06312574 0.9822932 5.506948e-06 0.9276552 6.9815273e-06 1.5146314e-16 5.418909e-06 0.043476436 0.0008982592 9.1398704e-08 0.0077755875 4.0005066e-08 1.5841397e-05 0.023692813 3.4686473e-06 0.013274627 7.585588e-09 1.2472573e-08 0.9122458 0.069545776 8.834133e-06 0.0023934615 0.044253893 0.0053758523 0.8610361 8.3831225e-08 0.006056902 2.9971883e-09 0.0008055338 9.316548e-08 0.00076700805 6.813351e-06 1.7085863e-06 7.6948374e-05 3.402185e-09 3.3524066e-06 3.439905e-06 5.3729806e-08 0.74727666 3.738402e-05 0.034928035 1.1188732e-05 4.5950665e-06 3.8193582e-07 1.250162e-06 0.046367995 5.034903e-07 0.0015746212 2.27716e-08 2.803999e-06 1.608968e-05 0.00048286514 1.0653112e-07 3.1781607e-07 2.5544606e-08 1.0494155e-07 4.878311e-07 2.9768916e-07 0.0010542335 0.00042216276 1.7680773e-06 3.5681125e-09 1.4644455e-09 5.804812e-07 0.030335695 0.0014721927 9.700019e-10 2.149139e-07 5.35804e-06 6.5487905e-07 9.743121e-08 2.1615777e-10 9.633097e-05 4.6137484e-05 8.93563e-05 0.0046590813 3.0258466e-06 7.529296e-06 6.243634e-05 5.1875276e-08 1.3268657e-08 0.05874507 1.46835e-07 0.0019054853 2.315756e-09 7.3746893e-09
0.92665964 0.0020199013 0.30769885 0.56899023 0.09392029 0.0004638709 0.90165377 0.91621226 2.8390074e-05 0.13266164 0.0025198238 4.1187313e-06 1.4365343e-05 0.00045991284 0.00064353744 1.9302921e-05 6.768271e-06 0.0023452514 7.0256317e-07 0.64729863 5.418909e-06 6.2435815e-16 0.0015175967 0.046330877 0.028792148 0.00013235355 0.9045545 0.04332095 2.651283e-05 0.0047436706 0.000105277 0.0068292376 0.02034504 1.1411342e-06 3.685325e-07 0.28252953 0.008102607 8.186952e-06 5.985583e-05 5.090579e-08 0.8052804 6.0807747e-07 0.48324567 7.7855975e-06 0.00052591064 9.844296e-07 0.89900637 0.8443973 0.00039671324 0.483912 0.054346003 0.11234797 0.000595035 6.1636265e-06 0.00029524651 8.037708e-07 0.0002704917 6.2021216e-05 0.5932974 0.011644183 6.14058e-06 0.00017910646 1.5407317e-06 0.00015288935 0.006351932 1.3684387e-05 0.00010775857 0.17162976 0.051057942 0.00012423024 0.00020255339 0.29213497 0.027766148 7.202787e-06 7.387836e-06 0.0015789075 0.0010139388 3.61164e-05 3.8911057e-05 1.5423533e-06 5.9891768e-06 2.2142106e-06 3.40983e-06 3.568222e-05 4.306372e-05 7.6957285e-06 2.6015512e-06 2.663612e-07 4.7056237e-06 4.4920413e-05 7.320538e-07 4.0029438e-05 0.00011819399 3.5884702e-06 5.600892e-06 7.3406574e-07 0.00069314515 2.3388297e-07 3.5235767e-06 7.056292e-05 0.00011494385
0.9999314 0.3707085 0.074990325 0.011841028 0.014107794 0.062687665 0.0043218336 0.00093642226 0.1304248 0.0033145857 0.009831055 0.22600037 0.07458029 0.004524079 0.96938574 0.022112781 0.038606435 0.0012527388 0.077481 0.003065903 0.043476436 0.0015175967 3.1035787e-17 0.2619034 0.0015861888 0.0016272899 0.00033811064 0.00067975774 0.6286782 0.0151926875 0.8383678 0.0002721428 0.00032743707 0.026682507 0.073276915 0.00052768685 0.2212714 0.000476521 0.25482643 0.22466983 8.672469e-05 0.04203826 2.484811e-05 0.059973367 0.0007835414 0.06458797 0.0008257651 0.000728454 0.00040728034 3.069784e-05 0.00026620596 0.0004956821 0.00016545459 0.012780348 0.019022578 0.020851353 0.0046045687 0.001999977 0.0004262406 3.2431883e-05 0.000660773 0.0007133279 0.009790462 0.0006525792 4.666607e-05 2.379745e-05 0.018851748 3.2500993e-05 3.231817e-05 6.456413e-06 0.00027649908 6.7317225e-05 0.00014614398 0.00015755523 0.0076447153 0.00032882206 5.7964982e-05 0.0001857386 1.3476047e-05 0.004413772 0.0005088728 2.4964033e-06 0.0002665095 0.000689501 7.434573e-05 2.6530077e-05 2.6158512e-08 0.0054225847 0.0010993759 0.008085101 4.854994e-05 0.0011625104 0.0002341411 0.004654112 2.031904e-05 1.2897381e-06 0.0028625377 7.132916e-05 0.00018981568 8.83482e-07 4.695219e-08
0.9986314 0.53901833 0.53890383 0.55619174 0.116475366 0.103315786 0.102218844 0.25351602 0.07742499 0.017613381 0.027540056 0.041794244 0.042778574 0.008098784 0.23347726 0.015454469 0.0041935993 0.0061227866 0.0017539668 0.028353982 0.0008982592 0.046330877 0.2619034 2.9858744e-12 0.6899976 0.0016940706 0.10979605 0.0008839818 0.015810797 0.9450328 0.028560061 0.59429204 0.18655552 0.0029822965 0.0014552369 0.0059915194 0.9409598 0.0002256739 0.009780412 0.0012130907 0.01872088 0.00024785404 0.08262336 0.00066882826 0.23072259 0.0006581191 0.0153637985 0.013116938 0.0013765941 0.0046010613 0.0002869602 0.00038172211 0.15551919 2.9763669e-05 0.05194578 0.000120370656 0.33976814 0.14384404 0.014166071 4.3086926e-05 0.00026160362 0.270056 4.8600803e-05 0.34622476 1.5366164e-05 1.330762e-05 0.00037536526 0.01717449 0.00013306129 0.19810583 0.00850278 0.01024032 0.024035621 7.0125093e-06 0.001125835 4.8135793e-05 0.07860054 0.1037815 0.0024603514 3.127692e-07 0.00013605108 0.02083906 0.0012037181 0.00074666674 0.013068971 0.0005902946 0.01220712 7.4444484e-05 0.00013252167 0.00074166735 8.729606e-06 7.655881e-05 3.43992e-05 7.707267e-06 4.427792e-05 7.403928e-05 6.758879e-06 3.408396e-06 1.0006863e-05 6.987965e-05 0.0012446262
0.99759024 0.00010663446 0.02711094 0.09304536 0.00029419787 5.4732404e-06 0.014340363 0.27568293 8.635513e-07 0.00018142746 1.9968798e-05 5.685153e-07 1.2784449e-06 5.0008193e-06 0.00079564244 8.571322e-08 1.9653977e-07 1.4049871e-05 1.273559e-08 0.00058645435 9.1398704e-08 0.028792148 0.0015861888 0.6899976 2.8413115e-15 1.4499462e-06 0.29351628 2.643625e-05 7.622442e-05 0.34948254 0.00017056362 0.9160704 0.9682087 1.0572971e-07 1.9723876e-08 0.00020252305 0.18076122 9.3532435e-08 0.00014297328 2.0885796e-08 0.09395051 3.1536704e-08 0.8253334 2.9426883e-06 0.03886531 7.003399e-08 0.016019817 0.03957734 8.748524e-06 0.050880197 3.0059362e-05 0.00043644386 0.5933112 1.9154575e-06 0.008013779 4.8467747e-08 0.004162274 0.0022231187 0.04808941 0.00010591012 1.0429925e-06 0.009819155 8.921609e-08 0.2347142 4.9490554e-05 1.7956825e-06 0.0001309167 0.26498222 0.00045211788 0.23552752 0.001350233 0.23101448 0.4121369 4.155852e-06 3.4517616e-06 4.0090426e-06 0.5311058 0.00840039 0.0419852 7.787539e-07 1.506713e-05 0.00080991845 0.0009107586 0.00029194317 0.0015684195 2.0383319e-05 0.0010450965 1.255492e-06 1.1365943e-06 0.0004439949 5.449381e-06 0.00015503554 0.00021306207 1.3750877e-06 0.00030532107 0.0003345361 0.0010442751 2.9458134e-08 1.6801795e-06 0.0021656577 0.038880304
0.49813172 0.11459403 0.0015935112 0.00055480393 0.005975987 0.49678636 0.0007287719 0.00019113484 0.5661781 0.003636649 0.07628599 0.0050925077 0.17043628 0.7850746 0.0027946928 0.9906214 0.024598975 0.027754284 0.0020997461 0.00011197342 0.0077755875 0.00013235355 0.0016272899 0.0016940706 1.4499462e-06 3.9451507e-13 5.518877e-06 0.005219068 0.00013217471 2.3290317e-05 0.00033751753 4.1509065e-07 6.0206335e-06 0.114241 5.1815696e-06 5.8888465e-05 0.00086590287 0.9833396 0.00021278084 0.00034262607 7.4599725e-06 3.595275e-05 5.7213936e-07 7.757726e-05 4.514698e-06 1.632167e-05 4.9256676e-05 3.3255583e-05 0.3607042 7.0817246e-06 0.00012485273 3.3575277e-05 2.436094e-06 0.0012287857 1.27162275e-05 3.371861e-05 1.0358975e-05 3.687192e-05 2.1024462e-05 5.297294e-06 0.2691423 4.560712e-06 4.147334e-05 1.8119688e-07 0.0001073918 0.025636107 0.00012910635 1.7501354e-06 3.8991486e-05 1.2831786e-07 8.100728e-06 2.0490018e-06 1.3604056e-06 0.5864558 2.005311e-05 0.0071221082 1.943312e-07 1.5412741e-06 5.0526427e-07 1.362871e-05 0.040959623 1.1816016e-06 2.0316402e-07 2.229033e-06 3.8240255e-06 3.102022e-06 1.5955025e-06 1.5999608e-06 1.964789e-05 5.0594565e-07 0.0073703877 3.3142064e-06 0.000113054586 9.698429e-06 3.6175707e-06 3.8927965e-06 0.0003144184 1.2878876e-07 0.00012000754 1.2851223e-07 8.351602e-08
0.92099494 0.00044785478 0.21171536 0.3530135 0.009726443 2.4683372e-05 0.7473075 0.92787296 2.3676057e-06 0.005259465 0.00019807834 5.238852e-07 1.1650757e-06 4.3800308e-05 5.3937976e-05 4.428877e-07 7.221109e-08 0.00015403381 1.9980941e-08 0.034868676 4.0005066e-08 0.9045545 0.00033811064 0.10979605 0.29351628 5.518877e-06 1.0798028e-15 0.0010382168 2.1489332e-06 0.015238184 5.273789e-06 0.030711537 0.2176005 2.4254303e-08 2.6256686e-08 0.015866844 0.01676807 4.2222265e-08 1.8367316e-05 8.670435e-09 0.96524906 8.066842e-09 0.9184048 2.5072725e-07 0.0025639248 5.9098173e-08 0.34445533 0.5974968 3.9368944e-05 0.34080985 0.001927577 0.0058524106 0.00835591 1.591127e-07 0.0010197338 5.6485842e-08 0.00046355295 0.0004819542 0.35311407 0.0010520469 7.1961995e-07 0.00053673127 1.7026676e-07 0.0017306535 0.0007742689 3.0000652e-07 6.1436476e-05 0.16962099 0.007812675 0.00085115584 0.0002498983 0.26723495 0.092845276 7.4279666e-07 2.980603e-06 0.0002715224 0.005986987 0.00067375164 0.000739038 3.1588672e-07 6.283871e-07 1.9199868e-05 4.4472035e-05 3.7529295e-05 0.0002891913 3.6343816e-05 1.5777303e-05 1.1730444e-07 4.0911462e-07 2.4039693e-05 2.1699131e-07 6.233211e-05 6.763557e-05 1.2916799e-07 2.5398242e-05 1.0173694e-06 6.470397e-05 2.1833797e-08 1.0883431e-06 0.00052647013 0.00015035474
0.4423188 0.008246511 0.039518055 0.011799937 0.25888494 0.07098106 0.079310894 0.006375069 0.0029507494 0.84436804 0.60719854 7.895614e-05 0.0001993433 0.26480702 0.00012585297 0.0011913236 0.00021882432 0.98868173 6.6123534e-06 0.8796503 1.5841397e-05 0.04332095 0.00067975774 0.0008839818 2.643625e-05 0.005219068 0.0010382168 1.8193432e-13 1.1327976e-05 3.2161028e-05 9.8184755e-05 9.406963e-06 0.00013688375 3.613714e-05 6.341031e-07 0.83703053 0.00048984814 0.0013974857 1.5866039e-05 1.3104434e-06 0.0013142024 2.036421e-06 0.00013462194 1.0530226e-05 4.82567e-06 1.9923268e-06 0.2992433 0.008761104 0.30848023 0.00042925522 0.83244795 0.2564535 2.0837046e-05 2.8207905e-05 5.6086906e-06 1.17159325e-05 2.028304e-06 9.107139e-06 0.004100191 0.011488226 0.00011511783 1.8523171e-05 1.575798e-05 5.8926554e-07 0.091464125 0.0019149298 6.767112e-05 0.00014531345 0.004543673 4.825341e-07 8.3682454e-07 0.00017993235 4.957809e-05 0.0029992745 2.9105e-06 0.67810804 6.6756485e-07 8.6598584e-07 3.6521026e-06 3.6832978e-07 0.00012873554 1.7749229e-06 1.994355e-08 1.9064173e-07 3.439951e-06 1.2423723e-06 1.0240774e-06 7.936833e-07 6.3948155e-06 1.4116662e-07 4.2283887e-06 1.6467128e-06 2.7417664e-05 5.349929e-05 3.213999e-07 1.8250121e-07 0.00031477123 1.3238145e-08 1.2737285e-05 1.0886432e-06 2.5222758e-07
0.9364087 0.07414662 0.008768246 0.0005113904 0.000962168 0.005927839 0.00019762684 1.6942015e-05 0.020233186 0.00014529766 0.0008416809 0.38915038 0.03130772 0.00023428917 0.7571703 0.0034368609 0.016440878 2.1967855e-05 0.12173306 4.5773813e-05 0.023692813 2.651283e-05 0.6286782 0.015810797 7.622442e-05 0.00013217471 2.1489332e-06 1.1327976e-05 7.107575e-18 0.0018853442 0.9816046 1.5820356e-06 4.0513532e-07 0.005341785 0.874489 1.39906115e-05 0.016431762 0.00018958934 0.16065702 0.25326356 1.0030027e-06 0.6585229 8.1662954e-08 0.8025391 3.5887973e-05 0.8112253 2.3507124e-05 2.9432205e-05 5.1487757e-05 7.4069004e-07 3.7707507e-06 8.319177e-06 2.7660914e-07 0.00931654 0.000513339 0.16347753 0.00022475421 3.5097906e-05 1.833681e-05 9.0802105e-06 0.0003537389 1.4396324e-05 0.16540404 1.252071e-06 3.990988e-06 3.80363e-05 0.05414263 5.5770884e-06 7.5707294e-07 5.164515e-08 2.2738575e-06 4.885145e-07 5.006679e-06 2.5763171e-05 0.5454726 5.4797897e-06 9.705715e-07 8.387101e-07 2.3466011e-06 0.010001034 1.9371486e-05 6.109883e-08 0.000115757335 0.00010650833 1.1689186e-06 3.2280266e-06 9.437897e-09 0.28548464 0.009645659 0.027926456 2.9307228e-05 0.00042995988 0.00019741058 0.09241273 4.7766343e-07 2.11253e-08 0.0027246233 6.3439715e-05 7.016098e-05 2.6146006e-07 1.0275743e-07
0.9768554 0.02027777 0.07494603 0.077393234 0.0038868245 0.0014001144 0.0070883133 0.037390236 0.0003032303 0.001017257 0.0007444533 0.000855998 0.0008914118 0.00010793465 0.022092447 6.41308e-05 0.0001626929 9.3865085e-05 7.306843e-06 0.0010998872 3.4686473e-06 0.0047436706 0.0151926875 0.9450328 0.34948254 2.3290317e-05 0.015238184 3.2161028e-05 0.0018853442 4.4339348e-13 0.0014556124 0.397221 0.09163065 1.7987676e-06 8.081319e-05 0.000112120884 0.58391404 4.2869306e-06 0.00048187494 3.3581648e-07 0.0018007407 1.4821453e-06 0.029763943 4.1508392e-05 0.83133274 5.3706813e-06 0.0014013125 0.0012107738 7.887741e-05 0.0004108191 2.5048204e-05 0.00035416876 0.30060285 7.5383235e-07 0.030759681 1.5984424e-05 0.1982739 0.9127019 0.0006170555 9.6313874e-05 5.164045e-05 0.90946144 6.9453217e-06 0.6987886 9.517282e-05 4.2500236e-05 9.3617266e-05 0.00681049 5.6770154e-05 0.4705746 0.10868961 0.0011519515 0.008567797 4.6751105e-05 0.00026078336 7.639398e-05 0.08374464 0.5393085 0.0017433257 1.2142884e-06 4.221931e-05 0.29558823 0.0035470813 0.00043871338 0.36251664 0.11213089 0.23378596 1.9107478e-05 5.6713285e-05 0.0009850308 7.1385504e-05 0.00012753665 9.49105e-05 6.6106195e-06 0.00059497403 0.0018673845 5.3005762e-05 6.0827674e-06 4.7352114e-05 0.00016719414 0.002580688
