6.4932184e-22 0.90934885 0.84852666 0.98945457 0.935139 0.976869 0.9611035 0.9828478 0.96526855 0.9387844 0.97257584 0.9679772 0.9430778 0.9590922 0.997742 0.870202 0.86942774 0.9545705 0.7755336 0.9802905 0.47343817 0.9970534 0.9630671 0.5074969 0.9624073 0.63175076 0.31571642 0.62214136 0.9862147 0.98031545 0.9998222 0.60988903 0.72196484 0.9896612 0.13932116 0.9963109 0.96382254 0.22680147 0.30931517 0.83691007 0.9423445 0.116624445 0.17931785 0.06588476 0.9534967 0.9843875 0.9479524 0.04291086 0.89006346 0.017709227 0.3442492 0.98637503 0.86628664 0.8349067 0.26282737 0.4430334 0.9360125 0.79182965 0.71223265 0.14480196 0.24068613 0.062398273 0.36030135 0.72754806 0.35067183 0.633921 0.9596933 0.99858934 0.14563628 0.97097707 0.78459316 0.6635976 0.07034629 0.037166085 0.034284707 0.6056612 0.0050089844 0.8538228 0.005933718 0.007303667 0.037790604 0.8216394 0.08567081 0.002749891 0.026591156 0.99948746 0.1467682 0.056349076 0.0089662885 0.14361417 0.925615 0.0038193604 0.79502034 0.009167257 0.0011339072 0.2610697 0.23645227 0.0020829656 0.00016699989 0.16001149 0.0004696281
0.90934885 4.68192e-16 0.98506093 0.73960114 0.34170735 0.71817875 0.8732648 0.37837678 0.06100887 0.6560792 0.0117576895 0.044714384 0.019646084 0.030610606 0.003203505 0.0007358455 0.008419001 0.018353166 0.029298302 0.0007225319 0.23990074 0.342691 0.16190813 0.00031755297 0.011259709 4.246855e-05 0.2976467 0.24523628 0.026043374 0.00036432914 0.14427565 0.07144498 3.6276775e-05 9.3338596e-05 0.015971689 0.017688466 0.00010125559 0.4098071 1.5279598e-05 0.0017382257 0.00020514321 0.37773427 1.998686e-05 0.003627749 4.691475e-05 0.0005178503 6.892564e-05 0.0043469905 7.191918e-05 0.006078091 0.0021011063 0.0001929717 0.0005170261 5.4124557e-05 3.597168e-05 0.0007320803 0.00012110897 0.00012803385 1.2159672e-05 0.0003733485 0.0005320023 0.00057587714 3.656869e-05 0.00010894232 0.00011089752 0.00040545058 0.00012232675 0.0018130338 0.00026959294 0.005003076 7.09627e-05 6.849427e-05 0.00067931216 8.759828e-06 0.0143510895 8.810629e-05 0.00040447622 1.04775445e-05 6.0832055e-05 0.0005606921 2.6456212e-06 3.1868674e-06 0.00017873757 8.742898e-05 0.00027233985 0.006357023 4.0384657e-05 5.3459054e-05 0.00042261352 3.1185362e-05 0.0001452335 0.0006253016 1.12586e-06 5.8520818e-05 4.7816457e-06 1.4474947e-05 2.018961e-08 6.4033324e-05 2.9262093e-05 8.987111e-07 2.3722805e-05
0.84852666 0.98506093 2.0086599e-15 0.77227193 0.90231174 0.07700342 0.9346808 0.03194165 0.0026886093 0.26848188 0.2336403 0.0025821533 0.00082054234 0.2895302 0.01228549 0.007458551 0.00088417146 0.00088737183 0.13582492 0.0023829439 0.47483277 0.28932437 0.04869868 0.0045652664 0.0017311362 0.00055303925 0.3560589 0.050429553 0.00867171 2.746747e-05 0.078866236 0.0057898243 0.00015681697 0.00031593812 0.0017855681 0.0051198797 0.00034943438 0.24667807 0.0002323686 0.00018441006 2.2317843e-05 0.13659023 0.00030584415 0.00054161216 8.1292865e-06 3.0672727e-05 1.0166174e-05 0.00064790697 1.7767019e-05 0.0064156647 0.00040405014 2.0546478e-05 2.8782531e-05 7.644081e-06 0.00042259655 4.935877e-05 9.5256955e-06 1.6929322e-05 0.0001891745 2.0779697e-05 2.4574927e-05 1.7122671e-05 1.5607454e-06 0.00046335536 6.208409e-06 0.00012421176 2.1264339e-05 0.00042226963 1.8009981e-05 0.004903232 5.1026723e-06 2.254178e-05 4.648347e-05 0.00027292795 0.0027547153 1.2105523e-05 0.00012863173 1.5852585e-06 9.93279e-05 0.002318388 5.1138162e-05 1.3283312e-07 3.332397e-05 2.2068396e-05 8.5250875e-05 0.006732487 5.440906e-06 2.4950737e-05 0.00010707131 1.722795e-06 8.731379e-06 0.0011446346 3.6537752e-08 1.2213137e-06 2.0097555e-06 4.1796937e-07 9.761084e-07 6.5716854e-06 9.2977225e-06 7.613755e-08 2.7917945e-06
0.98945457 0.73960114 0.77227193 5.4143463e-16 0.8994754 0.3135879 0.73534673 0.5338266 0.023859305 0.101845786 0.4276515 0.07883147 0.010539099 0.29376665 0.038125798 0.040282067 0.0045179673 0.037051026 0.039495133 0.0044443742 0.08255515 0.89357674 0.6106647 0.004706533 0.047392968 0.001253377 0.05826695 0.014483248 0.125213 0.0006026603 0.6022931 0.0048138187 0.00038328298 0.00017196074 0.001081015 0.09382008 0.0005636922 0.02389042 0.00035981167 0.0004631113 8.954909e-05 0.0064303717 0.00032580268 0.00023581888 8.601642e-05 0.00046103663 3.7640053e-05 0.00059704954 5.5773944e-05 0.0011496047 0.00015685779 0.0003579848 0.000162003 1.5389249e-05 0.000113663446 9.610441e-05 7.8773155e-05 3.8497437e-05 0.0001365251 6.0288126e-05 6.197681e-05 7.472445e-05 7.506732e-06 0.00041361223 3.8299397e-05 1.34101e-05 0.00015420416 0.0023405359 5.719934e-06 0.09046168 7.2050957e-06 3.410762e-05 1.7783124e-05 4.8093265e-05 0.000325734 2.5794887e-05 2.1390259e-05 5.725228e-06 3.1253694e-05 0.0001967687 3.5967719e-06 5.961778e-06 1.7733622e-05 1.1954896e-05 6.323205e-05 0.04170837 3.1850213e-05 1.5946072e-05 7.650907e-06 1.7835742e-05 0.00024291738 0.00048942765 3.730214e-07 1.6413765e-05 2.2131749e-07 1.0137874e-05 1.4177888e-07 6.7842584e-06 5.0499506e-07 6.9709047e-09 8.885314e-07
0.935139 0.34170735 0.90231174 0.8994754 1.2060973e-14 0.0076730293 0.75768673 0.044728253 0.00025228452 0.028106559 0.8952305 0.0013133906 0.00023561722 0.635158 0.16338582 0.11404446 0.00015791356 0.00067461375 0.27908573 0.020900222 0.4839755 0.55940205 0.071971714 0.03581836 0.0008618943 0.0054040076 0.19201665 0.0042953547 0.015603104 9.969051e-07 0.24239351 0.0006176387 0.0006378621 0.000731821 0.0002767613 0.0069417427 0.00082368474 0.049981166 0.0010081938 2.055279e-05 2.2632846e-06 0.015913723 0.00096695457 8.329701e-05 3.026382e-07 5.0877713e-07 1.0416973e-06 0.00033877083 7.042994e-07 0.0020696563 2.499034e-05 6.829706e-06 1.1283989e-06 1.6438422e-07 0.00057029456 9.782966e-07 1.2137235e-06 1.4391813e-06 0.0005230191 1.8819953e-06 3.141088e-06 8.063623e-06 1.8592368e-07 0.006235955 1.2895549e-06 2.4600683e-06 1.2899355e-05 0.00025899513 2.8383722e-06 0.042022876 7.950675e-07 1.292047e-05 2.3381974e-06 0.00043696887 0.0002866514 1.2669055e-05 2.7943797e-05 2.790482e-06 0.00012231777 0.0011670125 4.7963087e-05 7.6290877e-07 6.7870988e-06 3.244873e-06 2.7950726e-05 0.011754215 2.23439e-06 8.051383e-06 1.9319035e-05 7.07625e-06 2.1163487e-05 0.0004213519 3.9786517e-08 8.0207e-07 1.7502546e-07 1.032352e-05 4.684253e-06 2.0453526e-06 3.7262514e-06 3.8861977e-08 1.4176192e-06
0.976869 0.71817875 0.07700342 0.3135879 0.0076730293 5.004551e-15 0.29533967 0.74550706 0.6347368 0.9694686 0.000346093 0.26248714 0.19056137 0.000113412134 0.0002811229 8.000575e-06 0.15959021 0.03877335 5.7147077e-05 7.3984855e-05 0.0032390961 0.21235865 0.22761582 9.1106875e-07 0.02884948 3.9184124e-07 0.019329606 0.5839792 0.081554875 0.002446569 0.15113553 0.6390427 1.2214454e-06 1.7745378e-05 0.13814914 0.036513947 2.4082844e-06 0.07042133 3.3067317e-07 0.019205315 0.00030616985 0.19820763 2.3643283e-07 0.029447822 0.00019123693 0.0036865594 7.4727795e-05 0.029751504 0.0003268324 0.00057883083 0.034734435 0.00030640262 0.0024076072 0.0001718414 2.2574954e-05 0.0072267563 0.00016514704 0.0004462356 6.1847857e-07 0.0035731867 0.0024391117 0.0021543065 0.00025123626 4.809995e-07 0.0006891411 0.0029520092 0.00019689671 0.00087483326 0.0018461263 0.0012799907 4.2771728e-05 5.157499e-05 0.006485276 3.389196e-07 0.029843377 2.679935e-05 0.0017590777 3.901709e-06 2.1939102e-06 0.000104889776 4.8161e-07 8.8313993e-07 8.7754015e-05 0.00025645422 0.019245403 0.012101327 5.8100635e-05 5.20409e-05 0.004696431 6.235327e-05 6.86166e-05 0.00061749935 3.7541855e-07 0.0004944145 3.9288957e-06 4.433564e-05 2.5207294e-09 3.365834e-05 9.155566e-06 5.5616795e-08 4.6382793e-06
0.9611035 0.8732648 0.9346808 0.73534673 0.75768673 0.29533967 2.5259017e-14 0.026995983 0.006277604 0.45789307 0.06893856 0.007432584 0.0009788483 0.23992541 0.014384881 0.0010561425 0.0013887668 0.002083212 0.16543254 0.0013646445 0.8265649 0.22405769 0.04042882 0.00064621086 0.0025835473 4.2177297e-05 0.80286556 0.28812993 0.02286284 4.995831e-05 0.1389863 0.014638787 2.2895889e-05 0.0002461261 0.01385798 0.0057105217 7.866849e-05 0.83423364 5.582642e-05 0.0003636831 1.829845e-05 0.72190154 5.0742285e-05 0.0006892337 1.2706784e-05 3.0637737e-05 4.813529e-05 0.00085443864 1.7719032e-05 0.106995046 0.001996206 0.00012888579 7.7443605e-05 5.6437384e-06 8.6312975e-05 3.636077e-05 5.9333493e-06 9.194758e-06 3.237527e-05 2.8792336e-05 6.217216e-05 2.9478608e-05 4.0331943e-06 0.0008020296 3.0428115e-05 4.1313026e-05 0.00027884712 0.00033589976 3.4828042e-06 0.0023220049 5.838287e-06 3.8149665e-06 2.8994504e-05 4.2445895e-06 0.07371119 1.977869e-06 0.0011193696 7.062879e-08 0.00040243808 0.009588881 1.7685478e-06 3.0599014e-07 0.00016578454 1.2544418e-05 0.00047218837 0.0067202444 3.439331e-06 1.3853091e-05 0.00029022098 2.282017e-06 3.1709194e-05 0.016707925 3.2603264e-08 6.345847e-05 6.5737316e-07 4.7689405e-06 6.4896586e-09 4.2246597e-06 2.289933e-06 1.5087261e-07 6.0003623e-07
0.9828478 0.37837678 0.03194165 0.5338266 0.044728253 0.74550706 0.026995983 1.1995819e-14 0.847689 0.10266698 0.008266184 0.952019 0.5798061 0.00050983846 0.020687101 0.0011996852 0.17109056 0.30626246 4.048982e-05 0.0074090813 0.00034228218 0.3540324 0.76410663 1.6359147e-05 0.23425688 1.1842827e-05 0.003204368 0.030029237 0.2551124 0.15939623 0.32851955 0.22794525 6.873246e-05 0.00064382417 0.00302982 0.08269713 0.00014012639 0.0023239045 3.9776412e-05 0.066234134 0.014609549 0.006070213 1.2834963e-06 0.014965985 0.03225744 0.13217789 0.018358124 0.0039035352 0.029673088 0.0005267323 0.0472035 0.006747963 0.036962803 0.012024647 0.00015686931 0.068135306 0.020467535 0.010279268 3.4305176e-05 0.019131886 0.02958275 0.0059265182 0.0040957043 3.747806e-06 0.0040257894 0.041800544 0.0003944407 0.0020488142 0.023906488 0.021906191 0.005464763 0.00071131345 0.016065609 3.3147153e-06 0.0042741024 0.0020138924 0.00067234307 0.00049165887 2.749824e-05 0.00024726806 5.792953e-06 1.6237693e-05 0.0020852634 0.00036116104 0.00055961544 0.0121022845 0.00048635463 0.0003428323 0.00074043334 4.0153274e-05 3.14067e-05 0.00067595433 3.7971062e-05 0.00029506357 1.7599394e-05 7.854664e-06 8.7502724e-07 0.00019174168 2.1261236e-05 1.6505326e-05 1.1342959e-05
0.96526855 0.06100887 0.0026886093 0.023859305 0.00025228452 0.6347368 0.006277604 0.847689 3.4633788e-15 0.105533 1.0218848e-05 0.46983126 0.8555402 4.778742e-06 0.00017718144 6.882913e-07 0.97053 0.06538998 2.9302083e-07 2.0324e-05 5.9204882e-05 0.04829727 0.19280785 2.758214e-08 0.03746864 4.6261306e-08 0.00042559535 0.1226489 0.0711531 0.029674528 0.051106915 0.54179865 2.646488e-07 1.9281635e-05 0.012782542 0.023377534 3.6789794e-07 0.0015756846 1.4069164e-07 0.42954758 0.0007356749 0.012309232 1.03457744e-07 0.10457205 0.0015795814 0.08447873 0.00029036964 0.05389256 0.0025112655 5.8983343e-05 0.2879398 0.00041522214 0.038726594 0.0013503747 8.9150435e-06 0.1712474 0.0015096503 0.001711988 3.5825767e-07 0.07551753 0.04879526 0.031900883 0.00086401304 3.183515e-07 0.003524568 0.04181131 7.2475574e-05 0.00033816657 0.03259817 0.0002738559 0.00024612536 7.001079e-05 0.14662695 5.485162e-07 0.0032466233 3.21698e-05 0.0002086213 7.5539797e-06 4.7655004e-07 1.8989906e-05 5.75607e-07 6.8445553e-07 0.0010666827 0.0015610381 0.07001416 0.0050360635 0.00013263673 0.00017656156 0.00096893695 1.11112995e-05 1.0018292e-05 0.00020345459 7.763528e-07 0.011767248 1.7004675e-05 1.515024e-05 3.5832823e-08 0.00073317 5.6807494e-06 2.0564141e-07 4.220178e-06
0.9387844 0.6560792 0.26848188 0.101845786 0.028106559 0.9694686 0.45789307 0.10266698 0.105533 7.832703e-15 0.0012038725 0.02452229 0.011145703 0.0004039604 0.00027914005 7.077032e-06 0.046325233 0.0049612783 0.00019930204 2.7601258e-05 0.0050577126 0.03938774 0.027434664 1.3169706e-06 0.0025537023 8.952467e-07 0.05704157 0.95426214 0.020618074 0.00017468788 0.032115694 0.67048776 1.6010825e-06 1.3959732e-05 0.26273194 0.0041337465 1.6124787e-06 0.4116749 3.7731356e-06 0.0022154297 2.4955238e-05 0.65541595 1.0037519e-06 0.025819646 2.7397253e-05 0.00024599113 1.7811944e-05 0.032468744 3.415169e-05 0.0020089012 0.025030456 5.1008847e-05 0.000105214065 1.8742623e-05 5.5365063e-06 0.0011638066 8.770905e-06 2.3294095e-05 1.192028e-06 0.00064473966 0.00088758895 0.00071107195 1.8752153e-05 4.3734126e-08 6.324176e-05 0.0001198776 2.1717555e-05 0.00015178203 9.685096e-05 0.0006397372 6.957294e-06 8.044276e-06 0.0009784204 4.0446747e-07 0.112016074 4.1788076e-06 0.008004525 1.4642039e-07 1.3412113e-06 1.2734334e-05 2.0933666e-07 3.6918118e-07 1.60244e-05 7.705375e-05 0.025196059 0.0049941405 1.2669588e-05 1.1898661e-05 0.015313648 4.1461176e-06 7.959236e-06 0.0006777368 1.09797966e-07 0.0002678863 1.2061104e-06 5.2242317e-06 4.3523407e-09 4.9112277e-06 1.0255952e-06 3.001553e-09 3.055265e-07
0.97257584 0.0117576895 0.2336403 0.4276515 0.8952305 0.000346093 0.06893856 0.008266184 1.0218848e-05 0.0012038725 3.0180272e-14 0.00024701492 1.5274381e-05 0.91223544 0.5929444 0.92576456 9.477072e-06 0.00016146609 0.5724687 0.25664878 0.32672793 0.46537554 0.05651281 0.37362948 0.0009105507 0.13140613 0.035759285 0.00014158615 0.018004823 3.737892e-07 0.317221 4.7463172e-06 0.007880434 0.008356225 1.1281768e-05 0.00920515 0.0042021344 0.0024823812 0.010544739 8.052366e-06 4.8962715e-06 0.0008050124 0.03238589 1.4733598e-06 4.6941626e-08 2.7000573e-07 4.9724116e-07 2.4897281e-05 1.1624569e-07 0.000703771 1.4841971e-05 1.2635608e-05 1.2576634e-06 3.735148e-07 0.0012927459 7.284661e-08 9.635544e-08 2.4993489e-07 0.00072717195 3.3886727e-07 6.360236e-07 1.6491487e-06 7.707252e-08 0.16287208 4.4352385e-07 5.0005593e-07 3.0517913e-05 0.001353589 4.2310685e-07 0.12684904 3.0372678e-07 3.2292858e-06 3.5470063e-07 0.002077001 5.243918e-06 8.7822167e-07 7.074066e-07 8.813482e-08 0.00096653454 0.0017431485 9.045238e-05 2.348801e-07 2.1950777e-06 8.331206e-06 6.2977088e-06 0.03517858 5.142783e-07 1.7356217e-06 9.2333283e-07 1.9357929e-05 5.6550558e-05 0.00014885282 1.5495178e-07 1.2307535e-05 4.3710554e-07 2.9119285e-05 1.91761e-05 1.3135334e-05 4.215391e-06 1.4899015e-08 4.4674225e-06
0.9679772 0.044714384 0.0025821533 0.07883147 0.0013133906 0.26248714 0.007432584 0.952019 0.46983126 0.02452229 0.00024701492 6.2826917e-16 0.9147521 3.7113263e-05 0.0010362073 6.0851235e-06 0.074249774 0.9243176 1.303706e-06 8.1936036e-05 3.336604e-05 0.060702134 0.432836 8.1089134e-08 0.37486243 1.3979502e-07 0.00030243062 0.007992393 0.1697376 0.68109477 0.14698169 0.07606525 1.3810252e-06 2.4244142e-05 0.00044589955 0.115935914 1.8675937e-06 0.00051105814 1.4953798e-07 0.09351979 0.098832324 0.0016369635 2.9710984e-08 0.0038735324 0.17544028 0.46359983 0.14118183 0.00088002556 0.10651006 1.4551779e-05 0.022393206 0.031778485 0.14045589 0.045194037 1.4191097e-06 0.088077165 0.09973064 0.04628017 2.4558702e-08 0.022981005 0.033916987 0.008486655 0.018518068 1.02250276e-07 0.02168104 0.12840612 0.001968021 0.0042507555 0.050522555 0.0027259125 0.018030358 0.013078883 0.014934241 3.614391e-08 0.00040419892 0.011488993 6.849146e-05 0.010908055 8.704072e-07 5.20117e-06 1.9528509e-08 0.0003055937 0.014835307 9.339861e-05 9.561195e-05 0.008028117 0.0010838319 0.002774341 5.3512045e-05 0.0009899504 9.707826e-05 6.9613125e-05 0.00024312828 4.9100265e-05 9.6006945e-05 7.582941e-05 1.1808609e-09 5.5420867e-05 3.0497924e-05 8.016656e-05 7.772006e-06
0.9430778 0.019646084 0.00082054234 0.010539099 0.00023561722 0.19056137 0.0009788483 0.5798061 0.8555402 0.011145703 1.5274381e-05 0.9147521 4.018029e-14 2.9327985e-06 0.0003396877 1.831796e-06 0.45492712 0.22277221 2.75412e-07 6.339369e-05 8.5078e-06 0.03582689 0.15630868 5.308369e-08 0.11124357 2.4679534e-07 0.00012382466 0.009797361 0.104745865 0.8055563 0.050818402 0.10886885 2.504449e-06 2.4274634e-05 0.00096309977 0.050729282 9.279399e-07 9.364182e-05 1.8504128e-06 0.763391 0.01720994 0.0007536142 4.6952215e-07 0.011607345 0.2080644 0.7988581 0.06256072 0.0033563832 0.1540605 4.6055804e-05 0.106129274 0.0070934934 0.5408509 0.06917526 1.13922e-05 0.59134424 0.108551614 0.07900693 1.1860963e-06 0.27486604 0.27914897 0.102008134 0.024278415 2.1464946e-07 0.043900117 0.32372335 0.001758079 0.0051847757 0.27055508 0.00060774107 0.012263828 0.0011633238 0.16577731 1.2868251e-06 0.00022750029 0.0022991195 6.351514e-05 0.00086662744 2.6817795e-06 8.647665e-06 9.911093e-07 8.350548e-05 0.04902012 0.0021142014 0.0010711411 0.0048406664 0.0011388621 0.0051149456 0.00015563577 0.00028317972 0.00024724 0.00014852612 0.00013750326 0.0023123028 0.0003705846 0.00016846176 5.733126e-07 0.004412055 0.00017761032 2.196988e-06 6.762912e-05
0.9590922 0.030610606 0.2895302 0.29376665 0.635158 0.000113412134 0.23992541 0.00050983846 4.778742e-06 0.0004039604 0.91223544 3.7113263e-05 2.9327985e-06 5.8203456e-16 0.21803485 0.5192355 1.9040037e-06 2.123218e-05 0.9786373 0.08948173 0.49526423 0.19562991 0.007904444 0.7479711 9.833496e-05 0.046487454 0.034403443 0.000100726844 0.005649644 1.0765368e-08 0.14758591 4.0357722e-06 0.0026914722 0.0068707657 9.680308e-06 0.0034438903 0.0014698241 0.0032102012 0.005352823 7.76375e-07 1.6139856e-07 0.0007310499 0.022371966 5.0767693e-07 1.7529123e-09 2.5222507e-08 2.5623907e-08 1.2772555e-06 4.4246593e-09 0.0012415705 1.0076781e-07 1.4018326e-05 5.8011732e-08 1.1499437e-08 0.0008512183 9.448905e-08 5.6265383e-09 2.3386924e-08 0.00043560556 1.7443575e-07 1.06184835e-07 3.9884173e-07 3.1623e-09 0.25649258 4.5636266e-08 1.38287835e-08 4.2222335e-05 0.00053681724 7.382246e-09 0.019034937 1.07695985e-08 6.511074e-08 3.0515505e-08 0.00076481246 2.7916229e-05 7.016984e-08 7.0571934e-07 4.414746e-09 0.0018346484 0.004290929 7.28247e-05 3.928753e-08 4.0763624e-07 3.2424166e-06 2.3889918e-06 0.020113392 2.0892163e-07 1.298497e-06 1.8251617e-07 2.7709616e-06 2.0383632e-05 0.00045587294 3.420051e-09 6.0433706e-07 2.4616716e-06 2.534241e-06 2.711984e-06 2.1331905e-06 2.3215023e-06 9.3361106e-09 1.968186e-06
0.997742 0.003203505 0.01228549 0.038125798 0.16338582 0.0002811229 0.014384881 0.020687101 0.00017718144 0.00027914005 0.5929444 0.0010362073 0.0003396877 0.21803485 6.518879e-15 0.80984676 2.9822251e-05 0.0010905579 0.055808187 0.94638515 0.010106772 0.56627804 0.06124637 0.08729338 0.002078384 0.21892208 0.0051277955 0.0003330886 0.021365166 6.743009e-06 0.54899615 4.4665216e-05 0.44737267 0.010370699 8.7228014e-05 0.035270188 0.004459255 0.00060320453 0.05345545 2.7575038e-06 1.3324179e-05 0.0005025978 0.022488602 3.0378007e-05 6.0658203e-07 1.4114394e-06 2.6368305e-06 0.00010287034 1.0687696e-06 0.00035906132 5.9395235e-05 6.71121e-05 5.824595e-06 5.078227e-07 0.0010565171 8.618926e-07 6.5029417e-07 1.3103447e-06 0.0001583953 5.5981795e-06 4.4187627e-06 1.2418458e-05 6.124955e-07 0.07399878 3.051714e-06 1.7437746e-06 0.000113818016 0.00054861826 1.164959e-06 0.53692526 1.5504097e-06 1.6644648e-05 6.229805e-07 0.005664332 1.4738355e-05 6.3843345e-06 6.45144e-06 2.2007855e-06 0.00023171293 0.00029591122 0.0002678301 7.5689826e-07 7.652409e-06 5.7244256e-06 2.6078245e-05 0.09210455 2.4253359e-06 4.3967902e-06 4.6020787e-06 2.049851e-05 6.161103e-05 9.897804e-05 5.189625e-08 4.508202e-06 2.8296736e-07 8.043455e-06 9.560137e-05 1.3811886e-06 3.1242425e-07 4.9159034e-08 5.230386e-07
0.870202 0.0007358455 0.007458551 0.040282067 0.11404446 8.000575e-06 0.0010561425 0.0011996852 6.882913e-07 7.077032e-06 0.92576456 6.0851235e-06 1.831796e-06 0.5192355 0.80984676 4.2806704e-14 3.6616672e-07 1.6992695e-05 0.41239867 0.9343336 0.051073384 0.15915217 0.009791671 0.84463537 9.011658e-05 0.89896286 0.0031036274 3.3355016e-06 0.004897991 9.453809e-08 0.10248087 2.9671924e-07 0.14751923 0.12169664 2.9447617e-07 0.004040068 0.054832842 6.607056e-05 0.22310212 2.712165e-06 9.999769e-07 1.004032e-05 0.3349429 3.7257255e-08 1.0029089e-08 2.8507618e-08 1.1754151e-07 7.7867287e-07 1.5822211e-08 3.7860347e-05 8.01583e-07 2.787894e-06 6.21374e-08 7.1780697e-09 0.011710064 1.8879978e-08 4.9912515e-08 4.5630518e-08 0.00383036 7.207318e-09 3.1802482e-08 3.849209e-08 7.391728e-09 0.33976406 3.3750087e-08 1.923932e-08 7.732652e-06 0.00027830305 2.3372117e-08 0.052159287 1.3455672e-08 2.9387254e-06 6.184747e-08 0.03699745 8.1669654e-08 1.3212832e-06 1.4074874e-08 3.8871683e-08 0.000908566 0.00024306799 0.0013758775 2.7478342e-07 1.6730841e-07 2.405446e-07 1.327008e-07 0.015564967 2.8704418e-08 1.801699e-07 5.5869385e-09 1.5509195e-05 1.2652707e-05 1.1568035e-05 1.7292885e-08 1.3985682e-06 5.6185168e-09 1.003606e-05 0.0001951946 1.8239679e-07 2.794791e-08 1.4300332e-09 7.0568866e-08
0.86942774 0.008419001 0.00088417146 0.0045179673 0.00015791356 0.15959021 0.0013887668 0.17109056 0.97053 0.046325233 9.477072e-06 0.074249774 0.45492712 1.9040037e-06 2.9822251e-05 3.6616672e-07 4.4594167e-15 0.012913198 2.4264634e-07 1.5850742e-06 1.6271688e-05 0.008390282 0.02851996 3.395704e-08 0.0084840525 1.5440745e-07 0.00024641963 0.09182956 0.017693585 0.005471869 0.007689222 0.7712899 9.416374e-07 4.874621e-06 0.02083374 0.0032725865 9.903431e-07 0.001721226 9.541228e-07 0.9284033 0.0001630811 0.009305029 1.4023051e-06 0.2877564 0.000748398 0.06715914 0.00012451515 0.09011876 0.0015197394 4.954505e-05 0.690559 0.00014083066 0.048768587 0.00060838734 2.1729707e-06 0.4184768 0.00047484387 0.0011584022 1.6235207e-06 0.32067546 0.08019887 0.14880213 0.00065403304 5.340419e-08 0.006556531 0.06079483 5.4573517e-05 9.790919e-05 0.059036937 0.00011714096 0.00013204191 6.642854e-05 0.37208456 2.3568957e-06 0.0036677208 5.348399e-05 0.0005314635 2.8383576e-05 1.167211e-06 1.0568541e-06 1.0232427e-06 1.3112622e-06 0.0067500286 0.016758654 0.05302905 0.0022111353 3.7780057e-05 0.0003955248 0.0044336976 1.16148185e-05 3.6627064e-06 4.6335692e-05 2.6482896e-06 0.024074562 2.3111186e-05 7.3888577e-06 7.555543e-08 0.0066590216 2.1220114e-05 2.130926e-09 7.589358e-07
0.9545705 0.018353166 0.00088737183 0.037051026 0.00067461375 0.03877335 0.002083212 0.30626246 0.06538998 0.0049612783 0.00016146609 0.9243176 0.22277221 2.123218e-05 0.0010905579 1.6992695e-05 0.012913198 4.3169424e-15 2.607434e-07 0.0001625741 7.716424e-06 0.02837387 0.5329015 4.152401e-08 0.91932404 2.5557728e-07 7.762936e-05 0.0017383725 0.2238861 0.83277816 0.14172012 0.008370953 5.2017854e-06 8.819045e-05 7.0611255e-05 0.26233917 3.4571415e-06 0.00017734866 7.453604e-07 0.010915781 0.65567255 0.0009822774 3.7377756e-08 0.0004907499 0.46379337 0.22205693 0.5324071 0.00029385407 0.23051985 2.452845e-05 0.0019341037 0.3028939 0.04027681 0.09962387 7.654315e-06 0.011234143 0.12795454 0.05775113 2.0100305e-07 0.0025965793 0.0042665093 0.0010943648 0.023754971 2.785663e-07 0.016857106 0.037536252 0.023687143 0.01282092 0.009099296 0.0017992103 0.036454033 0.33844376 0.001307498 2.0457439e-07 5.0807703e-05 0.05160551 3.301306e-05 0.097274385 2.2629179e-06 1.7955412e-05 1.6177795e-07 0.0069892583 0.0038965037 7.380354e-05 9.245978e-06 0.006099873 0.0064892205 0.0069315056 1.7171486e-05 0.028417084 0.0008364751 6.96428e-05 0.0031602823 3.6126437e-06 0.00035183816 0.0010523008 6.347774e-08 1.3463509e-05 7.073439e-05 0.0024439513 0.000114266106
0.7755336 0.029298302 0.13582492 0.039495133 0.27908573 5.7147077e-05 0.16543254 4.048982e-05 2.9302083e-07 0.00019930204 0.5724687 1.303706e-06 2.75412e-07 0.9786373 0.055808187 0.41239867 2.4264634e-07 2.607434e-07 7.084782e-18 0.022281373 0.9738399 0.010258116 0.0002906819 0.8732574 6.7412916e-06 0.08768748 0.13697055 0.00018323098 0.0004630459 1.9121265e-08 0.009370173 7.470378e-07 0.0015617253 0.0034088988 1.05347e-06 0.00011635423 0.00059934455 0.009928034 0.0056697605 9.8651356e-08 1.227145e-07 0.002853893 0.120837264 2.0090733e-08 1.5915365e-09 1.3993419e-08 9.5046095e-09 1.4638353e-07 2.191903e-09 0.01487906 7.7922255e-09 1.018111e-06 1.5227336e-08 3.4643675e-09 0.0005041347 2.6799334e-08 2.2629487e-09 2.4734044e-08 0.0001633504 3.1444564e-08 2.9233853e-08 1.3933648e-07 7.450963e-10 0.85727006 2.355808e-08 1.4161226e-09 1.6156273e-05 3.110229e-05 1.1376673e-09 0.0013781355 4.72223e-10 1.4931241e-07 1.461443e-09 0.0032763556 1.2581798e-05 6.2442496e-08 7.987587e-07 3.740919e-09 0.24245289 0.14219168 6.839115e-05 4.2501586e-08 1.8485667e-07 4.9185235e-07 3.86477e-07 0.0028000937 2.5234186e-07 1.0229363e-06 1.2219343e-07 1.3134918e-07 2.7482562e-07 0.003624211 1.2667363e-09 1.7277796e-07 5.2952964e-07 1.5779393e-07 6.345825e-06 1.846671e-07 1.5769443e-06 2.3669495e-09 2.0343498e-06
0.9802905 0.0007225319 0.0023829439 0.0044443742 0.020900222 7.3984855e-05 0.0013646445 0.0074090813 2.0324e-05 2.7601258e-05 0.25664878 8.1936036e-05 6.339369e-05 0.08948173 0.94638515 0.9343336 1.5850742e-06 0.0001625741 0.022281373 6.6049337e-16 0.0019989014 0.19206353 0.018955072 0.15155384 0.0005106889 0.6988185 0.0010986156 3.2263568e-05 0.010678274 3.2434602e-07 0.29928058 1.4198773e-06 0.87286615 0.16299407 5.6439053e-06 0.010961499 0.061398976 2.893812e-05 0.28900382 3.281931e-07 1.2165233e-06 4.4873097e-05 0.052666426 5.0250645e-07 9.416216e-08 2.1413874e-07 3.2061436e-07 5.875061e-06 9.402091e-08 0.00011409243 4.625326e-07 1.5686026e-05 5.9547114e-07 1.0150309e-08 0.016410472 9.138528e-08 1.8960632e-08 5.2559795e-08 0.0016274529 3.3711152e-07 2.2918806e-07 5.862359e-07 2.1510633e-08 0.062849544 1.6929512e-07 1.3739925e-07 2.3411905e-05 0.00021753344 1.5046087e-08 0.50595546 6.749506e-08 1.1171502e-05 8.0766526e-08 0.017190304 5.5174405e-06 4.930899e-07 1.2381521e-06 8.1607986e-08 0.00015444022 0.00011335893 0.0011017012 1.3488338e-07 1.3735829e-06 2.2471968e-06 1.3459189e-06 0.07944957 1.6894562e-07 3.8570346e-07 1.363454e-06 3.5531327e-06 2.7854037e-06 3.5389214e-05 1.0106437e-08 1.1317077e-06 5.1683084e-08 5.569262e-07 0.0012309919 9.928235e-07 2.2237727e-07 3.3235906e-08 1.14268225e-07
0.47343817 0.23990074 0.47483277 0.08255515 0.4839755 0.0032390961 0.8265649 0.00034228218 5.9204882e-05 0.0050577126 0.32672793 3.336604e-05 8.5078e-06 0.49526423 0.010106772 0.051073384 1.6271688e-05 7.716424e-06 0.9738399 0.0019989014 8.0094156e-19 0.0087912595 0.0005235639 0.14680956 4.3396707e-05 0.005609601 0.9691049 0.0018224928 0.0002663022 9.0041276e-08 0.005095867 9.850932e-06 0.00017268365 0.0005488828 9.160479e-05 0.00012649431 5.545815e-05 0.2863205 0.00077818375 3.8525016e-07 2.0497589e-07 0.08202437 0.007650178 6.92351e-06 6.667943e-09 2.9737631e-08 6.923022e-08 2.1643204e-05 3.538821e-08 0.2919314 4.6619587e-07 2.8182508e-06 2.3835081e-07 1.0002425e-07 6.109321e-05 3.5329002e-08 1.3033901e-08 1.002265e-07 3.1203126e-05 1.3239894e-07 1.2215362e-06 1.3358971e-06 3.9284533e-08 0.6871428 6.085968e-07 3.2054282e-07 1.5785467e-06 3.0258912e-05 2.1220052e-07 0.00035038445 1.9593616e-08 5.277889e-08 1.3468433e-08 0.00041101663 0.00057157245 2.5659816e-07 2.261991e-05 3.89986e-08 0.33700836 0.37362197 4.4872604e-06 8.70137e-08 2.1463852e-06 6.3529465e-06 1.0067646e-05 0.002623205 8.702669e-07 3.8666967e-06 3.90974e-06 1.9678032e-08 1.0290178e-07 0.110958435 9.7596185e-08 8.709606e-06 6.5555046e-06 9.931137e-08 1.695939e-07 5.211033e-07 4.2065085e-06 2.6753725e-08 2.0120617e-05
0.9970534 0.342691 0.28932437 0.89357674 0.55940205 0.21235865 0.22405769 0.3540324 0.04829727 0.03938774 0.46537554 0.060702134 0.03582689 0.19562991 0.56627804 0.15915217 0.008390282 0.02837387 0.010258116 0.19206353 0.0087912595 1.76046e-14 0.86759955 0.0060617267 0.05030354 0.02014568 0.005886183 0.0051111374 0.18798988 0.014829423 0.8712538 0.007093746 0.0562879 0.044941563 0.00041553075 0.015072939 0.008913271 0.004861251 0.0048935576 0.0018431584 0.010272134 0.0075400206 0.0013111348 0.0013497431 0.0041337893 0.0020604888 0.0046406407 0.0008501778 0.0022247147 0.0041707195 0.0005684086 0.004945121 0.00015779251 0.00072147464 0.0027425552 0.0008847131 0.0007297894 0.00043654087 0.0024423134 0.00035030258 0.0005970865 0.00019858281 5.094545e-05 0.0035225754 4.0117447e-05 0.00049214845 0.00057498267 0.00013744323 0.00013396723 0.4103284 7.349092e-05 0.0011049099 0.00093006546 0.0009457611 0.0006934116 0.0012321171 0.00015804419 0.00035897092 0.00019629432 0.00048573976 9.795626e-05 2.5010895e-05 0.00036594577 0.00011086041 0.002213663 0.02244754 5.0173407e-05 0.00024198048 0.00014262738 6.782017e-05 2.741594e-05 0.0023658916 3.815112e-06 7.07176e-05 3.5911817e-06 1.9657073e-05 0.00016738448 0.00015916044 3.8982243e-06 1.2522405e-06 3.5917124e-06
0.9630671 0.16190813 0.04869868 0.6106647 0.071971714 0.22761582 0.04042882 0.76410663 0.19280785 0.027434664 0.05651281 0.432836 0.15630868 0.007904444 0.06124637 0.009791671 0.02851996 0.5329015 0.0002906819 0.018955072 0.0005235639 0.86759955 6.0249914e-14 9.372562e-05 0.9074818 0.0006494684 0.0022501685 0.0061040157 0.914753 0.24915357 0.6931167 0.014435626 0.0044622095 0.006920429 0.0005769744 0.5018249 0.0019908843 0.00067292876 0.0004064128 0.020431044 0.19930609 0.0010350295 3.6405425e-05 0.0025205172 0.17362292 0.09798937 0.1839838 0.00070150173 0.061503947 0.000476479 0.011799066 0.15965584 0.008880191 0.019486802 0.00043011594 0.007456869 0.025642475 0.0063301623 0.0004556228 0.0019872072 0.0028402978 0.0009954574 0.0019297731 0.00013883041 0.0013726756 0.01580057 0.008015051 0.0022978992 0.0019508817 0.06895457 0.0044370284 0.042624246 0.0033774965 3.1723925e-05 0.00096202217 0.01668645 0.00038410941 0.027662568 0.00021943141 0.00010703557 6.8271534e-06 0.00083036354 0.00071221014 0.0003903615 0.0012087768 0.014571368 0.000308512 0.00032376059 0.00018177419 0.0023104425 0.0006214226 0.00035873393 0.0008361757 0.00021784651 2.6239653e-05 0.0004720445 1.4496816e-05 0.00034367462 5.310574e-05 0.00017394529 9.856297e-06
0.5074969 0.00031755297 0.0045652664 0.004706533 0.03581836 9.1106875e-07 0.00064621086 1.6359147e-05 2.758214e-08 1.3169706e-06 0.37362948 8.1089134e-08 5.308369e-08 0.7479711 0.08729338 0.84463537 3.395704e-08 4.152401e-08 0.8732574 0.15155384 0.14680956 0.0060617267 9.372562e-05 4.691608e-17 1.0273515e-06 0.97046775 0.01974163 5.761248e-07 0.0002187248 3.8225995e-08 0.0113985455 2.0195226e-07 0.059801284 0.03970512 3.402795e-07 6.0202117e-05 0.01713834 5.7220786e-06 0.32200474 4.492491e-07 3.1524482e-07 1.1857554e-05 0.9237337 1.6999703e-08 2.5975335e-09 4.9942802e-08 2.6741276e-08 5.632901e-07 7.556346e-09 0.00034028277 3.100231e-09 1.1547078e-06 8.800984e-08 8.591548e-09 0.014683291 9.814182e-08 2.607935e-08 5.1637096e-07 0.0023897928 2.8300354e-07 1.6656114e-07 1.458079e-06 1.649457e-08 0.7910451 1.7960993e-07 8.54489e-09 6.984204e-06 1.0851164e-05 4.503358e-08 0.0061236653 3.9425108e-09 8.961094e-07 4.082638e-09 0.23895867 9.2542564e-07 1.1497185e-07 3.3046038e-07 4.712083e-09 0.04263017 0.01198633 0.008651922 9.032229e-09 7.330353e-07 2.765862e-07 1.0120968e-07 0.005562115 5.345553e-07 9.014068e-06 1.7133589e-08 1.36966e-06 8.376638e-07 0.00020742069 2.7308868e-09 7.6206135e-08 1.272419e-06 4.3303854e-07 0.00018354158 5.0184985e-07 2.3152406e-06 9.154774e-11 4.2394477e-06
0.9624073 0.011259709 0.0017311362 0.047392968 0.0008618943 0.02884948 0.0025835473 0.23425688 0.03746864 0.0025537023 0.0009105507 0.37486243 0.11124357 9.833496e-05 0.002078384 9.011658e-05 0.0084840525 0.91932404 6.7412916e-06 0.0005106889 4.3396707e-05 0.05030354 0.9074818 1.0273515e-06 8.264214e-15 1.0105657e-06 0.00022195067 0.00078890205 0.71398365 0.22932127 0.16813046 0.0016293551 1.470197e-05 0.0002696914 6.107306e-05 0.8967821 3.9452458e-05 0.00060742814 2.5588033e-06 0.0030922117 0.87171495 0.0037243122 4.148912e-07 0.00028327748 0.41183347 0.064979225 0.52220565 0.000293361 0.1842645 0.0002695626 0.001752508 0.8467758 0.0050365655 0.07682624 2.6746573e-05 0.0018442591 0.06499716 0.015257489 7.2490197e-06 0.0004380315 0.0007548823 0.00015815259 0.003438846 8.459822e-06 0.0023391189 0.015338948 0.14130823 0.018255014 0.0015123304 0.00031404023 0.014245467 0.3070176 0.0003838522 6.0553646e-07 4.3529973e-05 0.057274323 4.1716463e-05 0.23106317 1.2316742e-05 7.918047e-05 6.9734983e-07 0.016321024 0.0006299061 0.00010468821 6.866642e-05 0.0015292406 0.0015288314 0.00086633285 1.1022204e-05 0.028965017 0.0009304647 0.000106107866 0.019309094 2.5658837e-05 0.00015911247 0.00073085056 1.5790503e-07 1.7433147e-05 1.8938468e-05 0.0050247656 0.00014886034
0.63175076 4.246855e-05 0.00055303925 0.001253377 0.0054040076 3.9184124e-07 4.2177297e-05 1.1842827e-05 4.6261306e-08 8.952467e-07 0.13140613 1.3979502e-07 2.4679534e-07 0.046487454 0.21892208 0.89896286 1.5440745e-07 2.5557728e-07 0.08768748 0.6988185 0.005609601 0.02014568 0.0006494684 0.97046775 1.0105657e-06 3.492169e-14 0.0007168086 3.4411696e-07 0.0006767103 2.0089544e-08 0.018414488 1.831472e-07 0.33105853 0.11875808 1.9106255e-07 0.0007871492 0.074508734 5.9582194e-06 0.916278 8.896338e-07 4.0452338e-07 1.3003582e-06 0.8372082 3.183823e-08 2.4358928e-09 1.0366845e-08 4.0135603e-08 4.130727e-07 4.772987e-09 2.4138686e-05 6.6033984e-08 1.3787604e-06 7.710884e-08 4.0715484e-09 0.033443123 8.1991644e-08 2.7551064e-08 2.0599258e-07 0.007420222 1.2667883e-07 1.1796994e-07 3.6068343e-07 7.2934023e-09 0.41244984 7.401565e-08 4.1793772e-08 4.6284304e-06 5.3872223e-05 1.5751091e-08 0.017732074 1.26689885e-08 1.8776927e-06 1.0795676e-08 0.2337393 1.6635191e-07 3.8047148e-07 7.174145e-08 1.8794465e-08 0.0008985441 0.00045591424 0.045270022 1.204265e-07 1.2741178e-06 5.6273007e-07 2.402917e-07 0.01299386 2.0660875e-07 1.8117643e-06 1.0661298e-08 4.2103893e-06 6.9453217e-06 1.7907445e-05 5.1370335e-09 1.5060881e-07 9.070439e-08 6.860361e-06 0.0015032606 1.616905e-07 8.0046914e-07 6.5490586e-09 1.834916e-07
0.31571642 0.2976467 0.3560589 0.05826695 0.19201665 0.019329606 0.80286556 0.003204368 0.00042559535 0.05704157 0.035759285 0.00030243062 0.00012382466 0.034403443 0.0051277955 0.0031036274 0.00024641963 7.762936e-05 0.13697055 0.0010986156 0.9691049 0.005886183 0.0022501685 0.01974163 0.00022195067 0.0007168086 4.8431633e-15 0.0118691735 0.0008935851 2.5587376e-06 0.008455596 0.0006833016 8.399485e-05 0.00015921555 0.0035198857 0.0009510386 3.5618843e-05 0.8575459 0.000502466 1.2987268e-05 1.6007261e-05 0.68838567 0.0010268382 0.0002231675 1.77827e-05 1.086463e-06 7.593087e-05 0.0004597094 3.5518948e-05 0.97462744 1.0506302e-05 0.00020687286 1.6721742e-06 2.2732924e-05 0.00033684963 1.101274e-06 4.367064e-05 2.8746952e-05 0.00010434771 1.9061475e-06 4.121533e-06 3.6528936e-06 6.28246e-06 0.10762494 1.3602442e-05 2.0638988e-06 0.000177918 0.00016308484 9.544185e-07 0.00023209931 7.936312e-05 1.8212974e-06 4.214505e-07 9.02733e-05 0.0763636 0.00011842539 0.0042954865 5.181053e-05 0.1704026 0.09910842 1.9593832e-05 5.773316e-05 0.0003268259 3.948394e-06 0.0028619564 0.001933699 0.0016516112 0.0017123946 0.0008090847 7.2529265e-06 1.8762099e-05 0.42562965 4.6406934e-05 1.1737091e-05 4.9493385e-05 0.00016009116 9.686154e-06 4.985493e-07 8.3681574e-05 5.3942807e-05 0.00039522577
0.62214136 0.24523628 0.050429553 0.014483248 0.0042953547 0.5839792 0.28812993 0.030029237 0.1226489 0.95426214 0.00014158615 0.007992393 0.009797361 0.000100726844 0.0003330886 3.3355016e-06 0.09182956 0.0017383725 0.00018323098 3.2263568e-05 0.0018224928 0.0051111374 0.0061040157 5.761248e-07 0.00078890205 3.4411696e-07 0.0118691735 1.1433965e-14 0.001130904 4.4969234e-05 0.0028369236 0.7500999 3.1953762e-06 1.4252791e-05 0.9920952 0.0009829241 4.4531603e-06 0.07348234 9.0333236e-07 0.0019752472 8.070887e-06 0.6556535 4.0809678e-07 0.10644945 3.860319e-06 1.2660854e-05 4.3098657e-06 0.18812749 8.579566e-06 0.0012782761 0.014190944 8.034033e-06 3.2441472e-05 3.9312044e-06 9.093708e-07 0.00028680314 7.1707547e-07 1.1649186e-05 2.407203e-06 0.00025240675 0.00032460305 0.00024773023 1.9908e-06 2.5460458e-06 1.0913797e-05 3.4062567e-05 2.3413137e-05 0.00021020722 5.8947524e-05 0.0004182394 5.527392e-07 2.1414762e-06 0.00029421496 2.7983572e-06 0.27109376 4.22267e-06 0.05183576 3.293275e-07 4.4859084e-06 5.512873e-05 1.718062e-07 5.928137e-07 6.415572e-06 6.474335e-05 0.20148888 0.0022587166 4.1371713e-06 2.1201668e-05 0.060162578 2.391985e-06 8.157182e-06 0.004172046 5.9709186e-07 0.0021644053 2.11455e-06 4.712753e-07 1.023674e-06 6.0644554e-05 1.2909509e-05 6.339825e-08 4.990678e-07
0.9862147 0.026043374 0.00867171 0.125213 0.015603104 0.081554875 0.02286284 0.2551124 0.0711531 0.020618074 0.018004823 0.1697376 0.104745865 0.005649644 0.021365166 0.004897991 0.017693585 0.2238861 0.0004630459 0.010678274 0.0002663022 0.18798988 0.914753 0.0002187248 0.71398365 0.0006767103 0.0008935851 0.001130904 5.238564e-12 0.20310062 0.78134763 0.00138478 0.0038503755 0.010484643 0.0003355437 0.95261604 0.0050415033 0.0004584382 0.0012739953 0.0015931169 0.16130711 0.00039412183 8.961914e-05 0.0002972967 0.12426758 0.02435564 0.23047878 0.0003447038 0.04996889 0.00026607676 0.0009131961 0.09328895 0.0032310053 0.0220023 0.0004458606 0.0005930049 0.025723377 0.003299734 0.0003543762 0.00031279083 0.0004634137 0.00019965721 0.0007633823 0.00015839771 0.00054146315 0.0035710547 0.0113272155 0.010467803 0.00050203037 0.02234681 0.0071042883 0.028918032 0.00040205198 6.100879e-05 0.000101043755 0.03676533 7.573777e-05 0.089265905 2.703157e-05 0.000108252156 2.09387e-05 0.019956902 0.00013310381 0.00019393991 0.00014938784 0.042450797 0.00023350379 0.000104802486 5.495996e-05 0.000912202 0.0031953247 0.00021658662 0.009583666 0.00013114924 9.144885e-06 0.001882765 4.474296e-06 0.00014829598 1.8806006e-05 0.00056636974 2.0329971e-05
0.98031545 0.00036432914 2.746747e-05 0.0006026603 9.969051e-07 0.002446569 4.995831e-05 0.15939623 0.029674528 0.00017468788 3.737892e-07 0.68109477 0.8055563 1.0765368e-08 6.743009e-06 9.453809e-08 0.005471869 0.83277816 1.9121265e-08 3.2434602e-07 9.0041276e-08 0.014829423 0.24915357 3.8225995e-08 0.22932127 2.0089544e-08 2.5587376e-06 4.4969234e-05 0.20310062 2.3841784e-15 0.04286105 0.00052788394 1.08077565e-07 3.3315785e-06 9.0128444e-05 0.10346548 6.7837175e-07 1.6629101e-05 2.619967e-07 0.0031286706 0.10579007 0.00043064478 2.8591816e-07 0.00045935047 0.88854283 0.742549 0.45318785 0.00031256478 0.85416096 2.8901579e-05 0.00090329495 0.016443456 0.22067808 0.7963922 9.420591e-06 0.0061997264 0.6623809 0.41554457 1.7285255e-06 0.0013506786 0.015659267 0.0008872812 0.22178482 5.4407377e-07 0.107501075 0.046734106 0.0012337598 0.0025441856 0.025412373 0.00048550058 0.36418426 0.0011013645 0.0003495579 7.621075e-07 5.597539e-06 0.003600803 4.732117e-06 0.009892138 2.2336154e-07 1.7798028e-06 9.422419e-07 0.00013994862 0.0110503845 5.9348575e-05 0.00032340692 0.005306188 0.051228896 0.027941229 2.2942862e-05 7.319973e-05 0.00012606499 0.00013595121 0.005465336 5.142416e-05 0.00060985296 0.0001161868 5.4358367e-07 0.00014448295 0.00032164235 0.003741778 0.0008137994
0.9998222 0.14427565 0.078866236 0.6022931 0.24239351 0.15113553 0.1389863 0.32851955 0.051106915 0.032115694 0.317221 0.14698169 0.050818402 0.14758591 0.54899615 0.10248087 0.007689222 0.14172012 0.009370173 0.29928058 0.005095867 0.8712538 0.6931167 0.0113985455 0.16813046 0.018414488 0.008455596 0.0028369236 0.78134763 0.04286105 1.1083706e-13 0.0056080814 0.06996054 0.30237275 0.0016476689 0.47288597 0.11728832 0.0054864367 0.0036825428 0.0041288435 0.06699811 0.012331011 0.0018967472 0.0031819204 0.029266767 0.0057440414 0.03692116 0.0041667 0.012365804 0.016862314 0.01742469 0.049245212 0.0016297048 0.0051886784 0.005613012 0.0017941779 0.0028969129 0.002383194 0.038298205 0.00159245 0.0028195279 0.0010730168 0.0011304747 0.008886994 0.001011871 0.0026650175 0.010636968 0.0045804386 0.0011044116 0.487359 0.0012682807 0.010737001 0.006035809 0.0005116236 0.0005116524 0.0062622605 0.00043089766 0.0064651356 0.00047872058 0.001943339 0.00010551492 0.00097452826 0.00931658 0.0046914737 0.012485423 0.21559072 0.0008334405 0.0020314525 0.0010088844 0.0004310746 0.0016237454 0.034457557 0.0007800104 0.053523637 0.00021507642 0.0011644498 0.0010724423 0.011579748 0.0009579741 0.00019345796 0.00025526833
