2.2494517e-33 0.011471597 0.006170052 0.23531607 0.060863633 0.0063823117 0.007786251 0.20260994 0.012573506 0.224828 0.00039786712 0.4608329 0.02052746 1.046642e-05 0.07828232 0.014054168 1.2875561e-05 0.6233644 0.5691581 0.00066929375 3.1562537e-05 0.72211677 0.75319594 0.6843881 0.7378155 0.7431647 0.034256216 0.013750197 0.049526475 0.9040805 0.7662721 0.6944422 0.89341986 0.000749136 0.004862482 0.84859747 0.89386153 6.668929e-05 0.13184494 0.20915413 0.0073030367 0.69963413 0.0027692947 0.94131035 0.6724443 0.8875337 0.8510142 0.96277493 0.95136917 8.416744e-06 0.9322576 0.9349285 0.00010393872 0.9235967 0.9724828 0.9774076 0.93908143 0.98195696 0.98894554 0.008431552 0.8595868 0.944918 0.9217205 0.9658848 0.7821999 0.55537665 0.5161135 0.9260429 0.92008585 0.011448339 0.9953641 0.00030673388 0.9722967 0.36810288 0.3787878 0.7291869 0.6587349 0.796051 0.9327077 0.87394696 0.68515176 0.9992109 0.9970587 0.10633791 0.01259937 0.0015884874 0.4411253 0.044612743 0.04065284 0.11571175 0.042257685 4.8185495e-05 0.77071387 0.9989159 0.00079010037 0.8748806 0.97320646 0.9961507 0.023446873 0.9973351 0.9996624
0.011471597 4.6478506e-20 0.582206 0.49241892 0.27972925 0.37508827 0.24764244 0.11476734 0.20785847 0.047839034 0.08817303 0.061370995 0.10124677 0.032783326 0.05936701 0.02477283 0.05729634 0.044599205 0.024367088 0.09254038 0.03883135 0.06894785 0.061841995 0.03316755 0.034101233 0.03157449 0.0119162025 0.011078757 0.015572888 0.04733557 0.01663279 0.005317822 0.030727528 0.048317112 0.0039466796 0.005927674 0.010086762 0.0021383744 0.03075414 0.0014850374 0.010241688 0.003528651 0.0029941918 0.006392417 0.0067396113 0.0006995466 0.0013949152 0.0014363193 0.0009711938 0.00016156974 0.00057686906 0.0012657281 0.0036037043 0.000202991 0.0003790249 0.0003177984 0.000107549036 0.00131908 0.00061265455 0.005764665 9.6993674e-05 4.744446e-05 9.926873e-05 0.00011535214 0.001655223 0.00014225271 0.0001277113 0.00012762875 0.00010645553 0.000911558 0.00017741547 0.0006518002 0.0002923472 4.0227445e-05 1.3678359e-05 9.401918e-05 6.313751e-05 5.391596e-05 0.0007777601 5.9520382e-05 2.301968e-05 0.00022262054 0.00015505873 2.6794173e-06 4.9654577e-06 7.150494e-05 1.3372947e-05 0.00089871255 0.0001661324 6.9388426e-07 3.0335104e-05 5.5512192e-08 5.1341543e-05 8.0958125e-05 6.338402e-05 0.0010265978 4.056592e-05 0.00011228032 0.001629847 0.00048202684 3.596163e-05
0.006170052 0.582206 4.7552747e-21 0.2636435 0.24063118 0.3352457 0.19059369 0.08787557 0.10972463 0.043571543 0.26063737 0.024088103 0.020225633 0.107504584 0.029157028 0.015564054 0.15198871 0.016299605 0.0084997965 0.13984658 0.10756615 0.02103756 0.020182036 0.007823378 0.009774896 0.008514054 0.006658437 0.0028075876 0.00911849 0.010854628 0.0020156677 0.000760185 0.00638976 0.027012039 0.0011716086 0.00094365794 0.0015340924 0.0013398404 0.004658086 0.00057365006 0.0011981183 0.0002679921 0.00016935932 0.0007035687 0.0012109934 0.00015689625 0.0002412535 0.0002063511 0.00012347172 7.475306e-06 6.37768e-05 0.00011928083 4.1247047e-05 0.00017033037 7.037576e-05 5.3777156e-05 0.00018397004 0.00012260296 7.0650996e-05 0.0014099999 8.999805e-05 7.719946e-05 8.547948e-05 8.424473e-05 0.0002482522 3.5820987e-05 2.199345e-05 0.00011258934 9.575868e-05 0.000107274405 4.177841e-05 6.660638e-06 0.00017462292 7.227289e-06 2.462336e-06 2.6929729e-05 8.5116635e-06 1.8863862e-05 0.00017140538 8.348315e-06 1.6472138e-06 0.00015064639 9.4386894e-05 2.4241368e-07 8.2188734e-07 2.6430744e-06 1.8601341e-07 0.00018470945 2.053175e-05 2.9304081e-08 1.1083375e-06 4.330232e-09 2.4017052e-07 0.0001023931 1.5222416e-06 0.00052251935 2.914612e-07 0.00018744598 0.00047908782 0.00010752319 5.8113485e-05
0.23531607 0.49241892 0.2636435 8.3874976e-17 0.52805483 0.22862384 0.23936316 0.62077355 0.19965722 0.47423196 0.034724902 0.5692912 0.17541356 0.0056556924 0.31150737 0.094465256 0.005065011 0.49221548 0.25312606 0.015933434 0.005046212 0.48932126 0.44564065 0.33958507 0.39763293 0.3837287 0.05658389 0.0222704 0.08795662 0.40738118 0.19176799 0.08516885 0.3359403 0.004797018 0.014521183 0.09839947 0.25309822 0.0020623496 0.06585359 0.049431436 0.009139885 0.07198636 0.0027701915 0.23801328 0.045004666 0.028600283 0.021478564 0.15675224 0.14192185 8.546693e-05 0.06858828 0.056811217 0.0014814988 0.008853094 0.059270475 0.042802397 0.004147848 0.10071918 0.07818825 0.009388788 0.0015186593 0.0012340582 0.009422254 0.014043274 0.05693902 0.0039518396 0.0025701036 0.0037343113 0.0021217284 0.0040820194 0.021963578 0.00016975502 0.0040501095 0.0018781327 0.00070262887 0.00060500286 0.0010288188 0.00048683377 0.038097803 0.0005549325 0.00047856814 0.02459797 0.03851775 8.5748674e-05 0.00023120348 0.0002612877 0.00019608853 0.006043634 0.0012862823 2.4736159e-05 0.00042243217 7.5775256e-07 0.0001749578 0.02047711 5.0778006e-05 0.012446897 0.00027693028 0.020294359 0.002934627 0.047623526 0.030201055
0.060863633 0.27972925 0.24063118 0.52805483 8.364138e-18 0.04205053 0.03787234 0.6574913 0.024977924 0.63598114 0.17752391 0.070553355 0.016363604 0.040801745 0.026570972 0.5114232 0.011840096 0.0755072 0.015148394 0.004023358 0.005929439 0.12782365 0.21744253 0.030906007 0.065077275 0.055816 0.005901888 0.0023472428 0.009443683 0.102511674 0.010327878 0.0030188253 0.14118327 0.0007316329 0.17105043 0.0044393013 0.01002746 0.045013804 0.02556676 0.3010186 0.003802646 0.16634642 0.0005634565 0.06735409 0.0103180725 0.0017398014 0.0027149057 0.036199246 0.016611112 0.013921145 0.0032517624 0.07996021 7.081769e-05 0.00086816435 0.004354748 0.039873768 0.00031812285 0.032307275 0.017731905 0.0041783755 0.00018107054 0.00014272057 0.0004147449 0.00045377229 0.068826035 0.00021955282 0.00015769443 0.000513699 0.00039699746 0.0013995437 0.0030013272 1.2269624e-05 0.0006230444 9.05234e-05 3.2916923e-05 3.0860338e-05 8.588748e-05 1.7182065e-05 0.032755848 1.5319138e-05 1.1208511e-05 0.0072395178 0.01263315 6.5306067e-06 8.669283e-06 3.55118e-05 1.0589825e-05 0.005439 0.00015935196 1.6917934e-06 4.033977e-05 0.00012299963 2.5368614e-05 0.0048739035 1.16263e-05 0.0065304465 3.8657217e-05 0.0043020844 0.0050940034 0.031116987 0.005939867
0.0063823117 0.37508827 0.3352457 0.22862384 0.04205053 9.524041e-21 0.56651443 0.041642614 0.4361605 0.029652763 0.009375424 0.07313803 0.23305234 0.0057014585 0.13216074 0.0011045216 0.02517642 0.036180668 0.036522225 0.14374404 0.038151387 0.035825524 0.021872617 0.0285718 0.025297394 0.023884196 0.025798244 0.026756652 0.029467313 0.025991913 0.018236918 0.012434463 0.015066543 0.26312333 0.00014358571 0.010613049 0.012243367 8.248525e-05 0.02743437 0.00012844466 0.011476344 0.0011961807 0.0068529923 0.0025961795 0.009554131 0.00071125577 0.0016953216 0.00051856216 0.00045704478 7.1260038e-06 0.00040086088 0.0007425357 0.011182663 0.00021331213 0.00035970839 0.00019506454 0.00016036394 0.00023653469 0.00017267758 0.0033171885 0.00010954774 7.165601e-05 0.000119762175 0.0001413429 0.00037547306 0.00011944201 0.00010111384 0.00010600126 5.721967e-05 0.0005361521 0.00010570851 0.00086153194 0.00017587791 4.9470502e-05 9.697402e-06 2.9267956e-05 3.0616502e-05 2.5564459e-05 0.00019786049 3.070422e-05 7.472348e-06 0.00018465608 0.000101840626 3.354527e-06 6.9476996e-06 2.1600954e-05 8.02936e-06 0.00021050793 0.000100397214 4.8635997e-07 2.1710763e-05 1.820371e-09 1.9503264e-05 3.5455017e-05 1.7205432e-05 0.0006976089 2.3392558e-05 3.5138735e-05 0.00053967995 0.00021267634 2.7026801e-05
0.007786251 0.24764244 0.19059369 0.23936316 0.03787234 0.56651443 8.335299e-21 0.04519934 0.42915636 0.027311983 0.006035581 0.07018819 0.25558978 0.0055342657 0.1351789 0.0021724375 0.013059871 0.034185704 0.03656267 0.09357618 0.023630362 0.041148003 0.023170372 0.029139934 0.026147636 0.024473287 0.034211975 0.03510862 0.041152272 0.03205259 0.022660038 0.014611618 0.016347757 0.17022514 0.00035007764 0.01709676 0.020883214 0.00016364039 0.036769044 0.00015974422 0.017919471 0.0013491632 0.0111854365 0.0046355138 0.014383501 0.0028331531 0.004099417 0.0009509113 0.0013946784 3.216152e-05 0.0014967418 0.00076493056 0.017018516 0.00034909416 0.0008786691 0.00019449594 0.00021292212 0.0005516065 0.00038171557 0.0070495093 0.00021345458 0.000112422276 0.00018381275 0.00031572126 0.00076589733 0.0002094614 0.00016989931 0.00023735968 0.0001622838 0.0012598716 0.00026537533 0.0033405903 0.00030777763 7.126375e-05 1.9290794e-05 0.00017213268 6.501584e-05 0.00013377037 0.0002146281 0.00015388757 2.774173e-05 0.00021113321 0.00012577078 1.17557765e-05 2.462316e-05 9.7884076e-05 5.7615565e-05 0.00044707902 0.00023293149 3.0112803e-06 7.510697e-05 8.8532905e-09 0.00012774006 2.689064e-05 8.211157e-05 0.0009395999 8.2604034e-05 3.03573e-05 0.0010378574 0.00018256136 2.0950964e-05
0.20260994 0.11476734 0.08787557 0.62077355 0.6574913 0.041642614 0.04519934 1.9968533e-18 0.039755672 0.7706008 0.030991726 0.114925325 0.0317311 0.005702247 0.057388537 0.2155549 0.0028072167 0.1214803 0.025102442 0.0026014945 0.0020073182 0.20112818 0.3926486 0.059039637 0.115801744 0.10611648 0.010885375 0.004548262 0.020010505 0.20781341 0.019854907 0.00628273 0.29296035 0.0015406907 0.05503603 0.009850279 0.034682542 0.0067721484 0.036144044 0.19352531 0.008971138 0.21474709 0.0033813498 0.14860004 0.015390423 0.0083721345 0.004562744 0.08684663 0.05986782 0.0016561989 0.021639751 0.11381385 0.00057413906 0.0026307409 0.02350687 0.071429335 0.0014557503 0.08179199 0.048668582 0.008283893 0.0008052904 0.0008025185 0.0023798496 0.005352249 0.08411103 0.0021735968 0.0012438858 0.0016005035 0.0015886056 0.0032863177 0.012663614 0.00013278329 0.0023382779 0.00080572977 0.00019775372 0.00021386414 0.0005461624 0.00013150393 0.041505974 8.956302e-05 7.718945e-05 0.013741073 0.025323944 1.5097638e-05 4.8582548e-05 0.0003347305 3.051218e-05 0.0052235746 0.00012201159 2.8326558e-06 3.201011e-05 2.8409277e-05 5.29762e-05 0.010214518 6.327301e-05 0.006511649 7.213796e-05 0.011800894 0.0038892992 0.0617721 0.028151548
0.012573506 0.20785847 0.10972463 0.19965722 0.024977924 0.4361605 0.42915636 0.039755672 1.2860656e-21 0.023568077 0.0020140565 0.10701299 0.4269775 0.0012583017 0.25330037 0.0010201283 0.004550854 0.04447175 0.09852866 0.07043697 0.010938202 0.038400233 0.016625399 0.048584152 0.031011632 0.030334285 0.09034328 0.11116381 0.10312641 0.031782858 0.03694269 0.03326503 0.0128963245 0.19842711 0.00014445264 0.02472518 0.032530718 3.730869e-05 0.05689596 9.302633e-05 0.032595567 0.0017406245 0.040179137 0.0051489947 0.028893437 0.00605462 0.0074800923 0.0014888321 0.0017706567 8.4925605e-06 0.0026703908 0.00065616687 0.037061106 0.0005933927 0.0016237709 0.00017387711 0.00027784184 0.00074095366 0.0005051451 0.011627359 0.00028538113 0.00012611116 0.00037151898 0.0005354031 0.00046548774 0.00031675966 0.00024810663 0.0003148508 0.00017715678 0.0016197975 0.00067733845 0.004898409 0.00034568596 0.00016903774 4.9527764e-05 0.0001746269 9.619785e-05 0.00013604978 0.00016511002 0.00019544607 7.380319e-05 0.00046950293 0.00023861387 2.0640908e-05 8.1427446e-05 0.00016726783 5.9858794e-05 0.00025651196 0.0006422343 5.614444e-06 0.00029177841 1.3131694e-08 0.00013953882 4.2842352e-05 0.00014390732 0.0007423994 0.00016027786 6.222858e-05 0.00076342275 0.00015943692 2.4681844e-05
0.224828 0.047839034 0.043571543 0.47423196 0.63598114 0.029652763 0.027311983 0.7706008 0.023568077 2.7924166e-18 0.01843052 0.060303066 0.018770598 0.0036269564 0.031039102 0.3203895 0.0013135327 0.06857846 0.013798491 0.00079155184 0.00073992694 0.16145195 0.41398594 0.032383744 0.06590388 0.05702215 0.007684567 0.003252648 0.013825976 0.16594908 0.009219546 0.0026311812 0.29808325 0.0008672781 0.07540972 0.0046797385 0.016184147 0.010822821 0.022009378 0.23488922 0.006975218 0.3405699 0.002797629 0.12937419 0.006506618 0.0033914451 0.0017561142 0.07967408 0.037979517 0.0039971913 0.011500931 0.15837483 0.00025495887 0.0011447023 0.013951021 0.095959514 0.0005470877 0.07810082 0.040042717 0.004162693 0.00024224231 0.0002981994 0.0009775423 0.0017659627 0.1134176 0.0005958294 0.0003710049 0.0005144501 0.00054548203 0.001790742 0.005803277 7.88814e-05 0.0007619306 0.00013458985 3.0783474e-05 5.2032166e-05 0.0001006123 2.1478301e-05 0.04536927 1.3290231e-05 7.988102e-06 0.007948704 0.022444801 2.8885663e-06 1.1722024e-05 0.00013749514 5.4798106e-06 0.004460101 3.6843485e-05 7.0515824e-07 1.0628351e-05 7.605973e-05 1.158295e-05 0.0071953344 4.3717933e-05 0.0062555247 1.4059226e-05 0.0085073095 0.0036580726 0.08387038 0.025704416
0.00039786712 0.08817303 0.26063737 0.034724902 0.17752391 0.009375424 0.006035581 0.030991726 0.0020140565 0.01843052 3.0870802e-19 0.00027945623 0.00018754057 0.39993298 0.0006679992 0.1486591 0.046235427 0.00022766329 1.7063237e-05 0.0037125372 0.019998014 0.0009162026 0.003471505 7.0139635e-05 0.00028368787 0.0002145927 0.00020599758 5.2362153e-05 0.00036517097 0.0012229497 5.076726e-05 7.406855e-06 0.0016373094 9.732845e-05 0.012572677 6.920894e-05 0.00014265771 0.011587116 0.00029396144 0.008858283 0.00022050083 0.0017044966 3.7383055e-05 0.00033446756 0.00016157422 7.779092e-05 7.501033e-05 0.00015347295 0.00011746234 0.00081534643 6.929704e-05 0.00036980226 5.74052e-06 6.960044e-05 9.715402e-05 2.310581e-05 4.065717e-05 0.00010228779 7.6594886e-05 0.0001789593 5.457523e-05 2.6637772e-05 0.00012876034 0.00018865004 0.002752225 9.483672e-06 4.1281182e-06 9.736448e-05 6.611985e-05 2.1749704e-05 0.0001405587 6.1859155e-06 0.00013749959 3.3333217e-07 2.420715e-07 1.3838514e-05 1.3520579e-06 1.1491452e-05 0.0006260669 3.0586425e-06 1.262425e-07 0.00028589708 0.00045613322 3.8713566e-08 8.481018e-08 1.350254e-06 1.046589e-07 0.00020207779 2.1435276e-06 9.637213e-09 9.730418e-08 1.7809631e-07 9.0204196e-07 0.000443189 3.356388e-07 0.00036303804 6.287291e-06 0.0006243018 0.00073796563 0.00036048505 3.358136e-05
0.4608329 0.061370995 0.024088103 0.5692912 0.070553355 0.07313803 0.07018819 0.114925325 0.10701299 0.060303066 0.00027945623 4.4431386e-20 0.24764557 1.2092944e-05 0.3091177 0.0032425963 9.406761e-05 0.5947734 0.71972287 0.0025140857 0.00034689848 0.33348417 0.16750363 0.6000718 0.38822588 0.4061735 0.08258259 0.038429268 0.124100186 0.28086308 0.36224437 0.26339272 0.12612008 0.0034574582 0.00010845324 0.19327602 0.35987967 4.781967e-05 0.057723697 0.0029833247 0.011505374 0.009441494 0.004548785 0.1375669 0.051644467 0.106512174 0.052987155 0.12948003 0.19989097 1.9587337e-06 0.19128968 0.015134069 0.00089712575 0.018342147 0.1487042 0.018439502 0.01052303 0.08719621 0.07972315 0.0021230339 0.0030909732 0.0034114094 0.027339082 0.042426124 0.008718396 0.0015222577 0.0007711278 0.005685525 0.0029330254 0.0003850902 0.047176912 5.7533314e-05 0.0070222607 0.0003182084 0.0002982736 0.0011098243 0.00078609854 0.0012639122 0.0051068715 0.0012724708 0.00040715994 0.036016207 0.02859515 3.4555513e-05 1.4507741e-05 2.2163707e-05 6.661905e-05 0.00071235653 0.00015370394 8.370189e-06 5.1773884e-05 3.6273036e-09 6.869713e-05 0.009609117 7.619843e-06 0.0011954156 0.00015361527 0.00784475 0.0012237477 0.0044928426 0.009729983
0.02052746 0.10124677 0.020225633 0.17541356 0.016363604 0.23305234 0.25558978 0.0317311 0.4269775 0.018770598 0.00018754057 0.24764557 2.0234835e-19 1.930677e-05 0.65973973 0.000894161 9.712326e-05 0.12408926 0.3428164 0.016974935 0.00069650944 0.062081713 0.018987518 0.1797162 0.09102796 0.100638464 0.46358705 0.5434576 0.48617464 0.063881144 0.15658757 0.17619734 0.020590814 0.12412028 0.0001465378 0.08587713 0.11707024 6.67984e-05 0.12546973 0.00017714276 0.11881468 0.000926231 0.096318476 0.012354151 0.032752912 0.022249237 0.029212166 0.009067063 0.010485688 7.210161e-06 0.020269351 0.0010423454 0.05245192 0.0074174805 0.010371277 0.0010294812 0.0031404307 0.0057032397 0.005751817 0.017370716 0.002740738 0.001265494 0.0042720935 0.0044446304 0.00071288826 0.0011702935 0.0005972395 0.0016827687 0.0012897511 0.0024285417 0.0065152887 0.0045940527 0.0018915627 0.00035506263 0.00013666906 0.00037475224 0.00041621647 0.00029706486 0.00021244606 0.0004580696 0.00014952823 0.0058240904 0.0014670652 4.6955127e-05 0.00020724234 0.0001484617 0.00015387687 0.0005226502 0.00037443923 1.0798525e-05 0.000117936484 1.5250464e-09 0.00029267996 0.0011737659 2.3773335e-05 0.0007046434 0.0004912062 0.0010241772 0.0006074374 0.00021043408 0.0003046422
1.046642e-05 0.032783326 0.107504584 0.0056556924 0.040801745 0.0057014585 0.0055342657 0.005702247 0.0012583017 0.0036269564 0.39993298 1.2092944e-05 1.930677e-05 8.552937e-22 0.00014721561 0.039579567 0.081176564 1.9733783e-05 2.457215e-06 0.013957702 0.047860615 0.00016639024 0.0004770248 1.738699e-05 7.0068636e-05 5.984955e-05 4.1798536e-05 8.794944e-06 7.960879e-05 0.00053090526 1.1987432e-05 2.0731409e-06 0.00032868068 0.00030077016 0.0055394056 3.163489e-05 6.422738e-05 0.015109906 0.00014716579 0.0014683886 1.856804e-05 7.417108e-05 2.1913881e-06 0.00011382171 6.2865634e-05 4.0985662e-05 2.2513164e-05 7.310973e-05 5.1193107e-05 0.0012157927 3.5158344e-05 4.7838876e-05 7.1664995e-06 3.665007e-05 3.3197342e-05 1.667711e-05 2.6851461e-05 4.747619e-05 5.2558567e-05 1.23638865e-05 2.5546133e-05 1.7567263e-05 4.9438095e-05 5.776108e-05 0.00018533428 8.7732593e-07 2.1101312e-07 2.4931975e-05 1.6564902e-05 5.909908e-06 6.382298e-05 1.0648787e-05 3.4708697e-05 2.0769798e-08 3.7389647e-09 1.4559724e-06 5.6979168e-08 1.8769928e-06 8.404532e-05 1.6291182e-06 7.50219e-09 0.00015202221 0.00017751599 5.8500493e-09 2.6656832e-07 1.798524e-06 3.1800724e-08 6.15786e-05 1.1238584e-06 1.6374629e-09 4.9339768e-08 9.235583e-09 1.9107785e-07 0.00024433955 2.1381754e-07 8.685631e-05 6.3966365e-07 0.00033101538 0.00023605669 2.6972704e-05 3.955391e-05
0.07828232 0.05936701 0.029157028 0.31150737 0.026570972 0.13216074 0.1351789 0.057388537 0.25330037 0.031039102 0.0006679992 0.3091177 0.65973973 0.00014721561 5.0815844e-20 0.0011780182 0.00026664248 0.15138504 0.44570908 0.008708412 0.001314964 0.09141367 0.04342174 0.24619207 0.11060806 0.12523912 0.5486775 0.5576351 0.58011955 0.06967461 0.2345574 0.29197705 0.024351306 0.026413912 0.00012834303 0.13642403 0.18857208 0.0004657937 0.29623845 6.504164e-05 0.13330723 0.0010683753 0.08464314 0.011854173 0.12889104 0.07722332 0.072412305 0.0066072233 0.015452951 2.6029844e-05 0.03970111 0.0008301964 0.017749824 0.017153302 0.017542478 0.00035130206 0.011007729 0.003909554 0.004224735 0.02685314 0.0072608376 0.0048625264 0.0101406835 0.008265876 0.0003770765 0.0033877522 0.0022632417 0.00471132 0.0038674623 0.008378279 0.0066007487 0.006002255 0.0039892946 0.0020416025 0.00069096754 0.0019477223 0.0009378273 0.0018697652 0.00021294119 0.0020618492 0.00074329384 0.004578108 0.0012293289 0.00011918782 0.00047188313 0.00075408584 0.00027213967 0.0003979438 0.000917894 4.3679924e-05 0.0005268227 1.8604721e-08 0.00038471763 0.00022542202 0.000345929 0.0012808472 0.00044053406 0.00017137382 0.0007749193 0.000322061 0.00015589828
0.014054168 0.02477283 0.015564054 0.094465256 0.5114232 0.0011045216 0.0021724375 0.2155549 0.0010201283 0.3203895 0.1486591 0.0032425963 0.000894161 0.039579567 0.0011780182 4.8590466e-20 0.005916325 0.0050036656 0.0006567113 5.8647136e-05 0.0010042891 0.017074829 0.07058809 0.0013187793 0.0043454007 0.0033468455 6.521182e-05 5.4826625e-05 6.408335e-05 0.014292244 0.00024742068 0.000100819096 0.04382075 6.4004445e-05 0.5118416 0.00010535876 0.00029926942 0.36327922 3.9549726e-05 0.6472337 5.8749913e-05 0.31022426 1.5129637e-05 0.005425805 5.3318778e-05 4.928995e-05 1.8182527e-05 0.0015026199 0.00048121388 0.2758361 0.00011904831 0.04903056 4.8321614e-05 2.8331058e-05 5.077975e-05 0.012396356 1.8251898e-05 0.0017067258 0.00063765957 3.5473757e-05 7.5097905e-06 8.795087e-06 2.165111e-05 1.3704225e-05 0.11504771 8.179118e-06 3.2532666e-06 4.437409e-05 3.047333e-05 1.0254207e-05 1.2870245e-05 2.3704353e-05 4.4215467e-05 1.5161796e-06 1.2368952e-06 2.8270858e-06 4.931094e-06 1.8209153e-06 0.027456833 1.3571505e-06 7.278679e-07 0.000114491784 0.00025681275 9.172808e-08 2.8172026e-06 7.1412633e-06 1.16349064e-07 0.007238948 1.8987886e-06 1.0325011e-08 8.2992166e-08 0.008348323 2.963697e-07 0.00017256053 2.630614e-06 0.0066257245 1.4385851e-07 0.00047312595 0.006211498 0.019326176 0.0006065818
1.2875561e-05 0.05729634 0.15198871 0.005065011 0.011840096 0.02517642 0.013059871 0.0028072167 0.004550854 0.0013135327 0.046235427 9.406761e-05 9.712326e-05 0.081176564 0.00026664248 0.005916325 1.0196551e-19 0.00015538411 1.5136464e-05 0.113709286 0.19210058 0.00026625826 0.00022528385 7.632095e-05 0.0002623051 0.00020908538 5.984064e-05 1.43934685e-05 0.00010647511 0.0005031529 6.317569e-05 6.2631316e-06 0.0003800135 0.008522544 0.00036720553 6.6983324e-05 0.00014324365 0.001225156 0.00031622872 0.00019839105 1.8873796e-05 2.346504e-05 2.2123488e-06 9.992047e-05 2.9286217e-05 0.00012751257 4.7544156e-05 5.964232e-05 4.1331114e-05 1.1569295e-05 4.2467906e-05 6.687296e-05 1.5283082e-05 5.1085564e-05 3.1296735e-05 2.4821986e-05 3.3114342e-05 7.060405e-05 7.0323826e-05 2.9772555e-05 2.1460097e-05 2.0201061e-05 3.8746053e-05 5.855615e-05 8.223947e-05 1.1356376e-06 3.398349e-07 2.6237227e-05 1.2607538e-05 1.2302736e-05 5.7804176e-05 3.078777e-06 2.7063168e-05 4.783725e-08 2.8044724e-08 6.4222204e-06 1.8421575e-07 5.2173955e-06 7.572751e-05 2.1116502e-06 4.6659014e-08 0.00018914258 0.00083545427 1.0090508e-08 1.5322453e-07 3.2500138e-06 3.9500847e-08 5.8466594e-05 1.4468452e-06 2.179239e-09 3.8294957e-08 1.3507555e-09 1.9193587e-07 0.00060250994 9.415143e-07 0.00017922829 1.4204177e-06 0.00059388694 0.00021559744 1.6390772e-05 8.061583e-05
0.6233644 0.044599205 0.016299605 0.49221548 0.0755072 0.036180668 0.034185704 0.1214803 0.04447175 0.06857846 0.00022766329 0.5947734 0.12408926 1.9733783e-05 0.15138504 0.0050036656 0.00015538411 8.303627e-21 0.3973373 0.00059854885 0.00032830256 0.513524 0.2538134 0.6564634 0.5965692 0.61090094 0.042119842 0.016483825 0.0660958 0.4149292 0.29989517 0.10578163 0.18029124 0.0007742445 0.00022010795 0.14714353 0.42513937 0.00012881968 0.034482274 0.0035570303 0.008209736 0.011922812 0.0027895006 0.20136216 0.032269124 0.120614015 0.053678177 0.19176951 0.26625705 5.426247e-06 0.23452131 0.016725142 0.0002906029 0.016563537 0.20721243 0.017894011 0.008426744 0.13502012 0.119389184 0.002718472 0.0029218176 0.0031561186 0.036423106 0.060875084 0.010196186 0.0011145007 0.00059883203 0.0088371085 0.004352516 0.0005399508 0.101004384 3.0891846e-05 0.00990542 0.00015838866 0.00023441926 0.0013696295 0.00070338376 0.0014457309 0.0075255777 0.0017144069 0.00030061498 0.073171526 0.06934058 1.6688438e-05 1.11372065e-05 3.765323e-05 4.3655564e-05 0.0011467714 9.3905015e-05 5.4447733e-06 4.9230333e-05 5.4464113e-09 3.4291177e-05 0.016305653 1.4198279e-05 0.0022628433 5.6501074e-05 0.009409373 0.0010401508 0.01138241 0.024692008
0.5691581 0.024367088 0.0084997965 0.25312606 0.015148394 0.036522225 0.03656267 0.025102442 0.09852866 0.013798491 1.7063237e-05 0.71972287 0.3428164 2.457215e-06 0.44570908 0.0006567113 1.5136464e-05 0.3973373 2.8127585e-20 0.0006701716 9.503468e-05 0.09199945 0.031157617 0.59073126 0.26047814 0.2931336 0.24238838 0.21810159 0.30022323 0.13178934 0.62951285 0.6528024 0.024057275 0.0022194942 1.5695408e-05 0.36759508 0.4398193 1.196305e-05 0.13014497 0.00015291195 0.036581773 0.0009534538 0.021513648 0.046734445 0.13768233 0.18592311 0.14023197 0.06043481 0.15355363 5.147985e-07 0.2375524 0.0019876962 0.0018937433 0.046345893 0.17987932 0.004030115 0.026250532 0.03522264 0.047050208 0.011584581 0.011893416 0.009778089 0.06229749 0.073876955 0.0007708469 0.004565852 0.0025804446 0.012210536 0.0062760804 0.002082374 0.061719343 0.00014186309 0.012188925 0.00173144 0.001068278 0.0026977877 0.00156686 0.0030814756 0.0003040498 0.003602632 0.0013069571 0.038663063 0.01647832 0.00027342298 9.746147e-05 0.0001204082 0.00030527593 0.00012622873 0.00068798533 7.330166e-05 0.00061383937 3.7828993e-10 0.00022748596 0.0065861484 6.156069e-05 0.00030639418 0.0004207307 0.0049013603 0.00048919173 0.00027697888 0.0020244312
0.00066929375 0.09254038 0.13984658 0.015933434 0.004023358 0.14374404 0.09357618 0.0026014945 0.07043697 0.00079155184 0.0037125372 0.0025140857 0.016974935 0.013957702 0.008708412 5.8647136e-05 0.113709286 0.00059854885 0.0006701716 1.209956e-19 0.24516666 0.0004756497 0.0003094343 0.00019396358 0.00038170646 0.00031130612 0.0008861135 0.0007089482 0.0010521649 0.00042758128 0.00011608059 2.8173787e-05 0.00030892773 0.1261845 8.500031e-06 6.909754e-05 0.00018584702 1.2219028e-05 0.0001802334 3.6297242e-06 7.838975e-05 5.6646063e-06 0.00011248009 5.787235e-05 7.3282776e-05 3.7030994e-05 5.8837606e-05 5.7140598e-05 5.2048003e-05 1.6034885e-07 4.030939e-05 1.3659509e-05 0.0008808786 1.3125503e-05 2.3851591e-05 6.985909e-06 8.750469e-06 3.828081e-05 3.6746602e-05 1.0158343e-05 7.5959006e-06 5.628151e-06 9.461819e-06 9.368055e-06 4.1971096e-05 2.61469e-07 2.4169896e-07 7.964179e-06 3.9809142e-06 5.8229566e-06 7.739256e-06 1.8190263e-05 2.04663e-05 8.0999015e-08 3.3067394e-08 6.328236e-07 9.551903e-08 5.2280217e-07 2.2152404e-05 2.4406577e-07 8.1375e-08 0.00010951358 0.0009372742 1.2498286e-07 1.232787e-07 1.952365e-06 2.2771417e-07 7.901512e-05 3.0718645e-06 3.8296786e-08 3.800062e-07 5.423375e-10 3.967764e-07 0.0016790658 5.869172e-07 0.00067147316 1.3742932e-06 0.0029890693 0.00019427182 4.22573e-05 0.00011239109
3.1562537e-05 0.03883135 0.10756615 0.005046212 0.005929439 0.038151387 0.023630362 0.0020073182 0.010938202 0.00073992694 0.019998014 0.00034689848 0.00069650944 0.047860615 0.001314964 0.0010042891 0.19210058 0.00032830256 9.503468e-05 0.24516666 2.3156205e-19 0.00041453744 0.00032313162 0.00014441722 0.00033414396 0.00027731532 0.00013472301 5.6044162e-05 0.0002178486 0.00048711267 6.7258e-05 1.4632393e-05 0.00032338782 0.032971576 0.0001250522 6.814947e-05 0.00014446105 0.00035456265 0.00031884297 7.69767e-05 2.4477857e-05 8.8643965e-06 8.802394e-06 4.80856e-05 4.770002e-05 4.943183e-05 6.3917214e-05 3.8263912e-05 3.0478037e-05 2.7176877e-06 2.2122085e-05 2.2108947e-05 0.0001846707 2.9215445e-05 1.6270353e-05 6.390755e-06 2.1395686e-05 2.6013688e-05 2.7233504e-05 9.808746e-06 1.3055692e-05 1.0209594e-05 2.0153879e-05 2.9972973e-05 3.4539764e-05 8.347617e-07 3.0171657e-07 1.8947449e-05 1.0099679e-05 1.27925905e-05 2.4223204e-05 6.065557e-06 2.2492626e-05 1.1236873e-07 4.614437e-08 3.6506267e-06 1.5665005e-07 3.465972e-06 3.244955e-05 1.7672647e-06 6.308871e-08 0.00014089515 0.00037593595 3.2739234e-08 3.2195578e-07 8.001178e-06 8.317361e-08 4.1798772e-05 5.1156335e-06 6.8436288e-09 2.7903718e-07 3.6173042e-10 3.3725138e-07 0.000519194 1.6143559e-06 0.0002189736 1.4260818e-06 0.0006212588 0.0001109138 2.0091666e-05 3.3064764e-05
0.72211677 0.06894785 0.02103756 0.48932126 0.12782365 0.035825524 0.041148003 0.20112818 0.038400233 0.16145195 0.0009162026 0.33348417 0.062081713 0.00016639024 0.09141367 0.017074829 0.00026625826 0.513524 0.09199945 0.0004756497 0.00041453744 2.3194573e-19 0.57936573 0.31503037 0.58124083 0.53473014 0.01561872 0.0069416896 0.026270764 0.67080694 0.08290309 0.020544391 0.47369155 0.0004055741 0.0026828628 0.054895245 0.29242298 0.0009051619 0.011274531 0.01700315 0.00615219 0.034373682 0.0020768684 0.41914997 0.010920525 0.03791761 0.013226866 0.3281717 0.36161414 4.6361503e-05 0.20799509 0.046096846 0.00014462881 0.008795041 0.17499137 0.079035036 0.003997828 0.27520013 0.22031602 0.0021174753 0.0008787767 0.001646837 0.018312443 0.04297276 0.03950536 0.0002339536 0.00020928746 0.0064453837 0.0022160043 0.00053394167 0.073982775 1.493802e-05 0.005946524 6.054441e-05 6.230952e-05 0.0006481473 0.00028585046 0.0007508677 0.034048624 0.0006339009 7.403681e-05 0.090371184 0.20809028 2.4952203e-06 8.226225e-06 8.314653e-05 3.7434943e-06 0.005903129 3.9918614e-05 6.022262e-07 1.9698038e-05 2.454518e-07 2.961958e-06 0.049097907 1.7826269e-05 0.0086143995 2.6472544e-06 0.027479721 0.002272326 0.086624056 0.12406096
0.75319594 0.061841995 0.020182036 0.44564065 0.21744253 0.021872617 0.023170372 0.3926486 0.016625399 0.41398594 0.003471505 0.16750363 0.018987518 0.0004770248 0.04342174 0.07058809 0.00022528385 0.2538134 0.031157617 0.0003094343 0.00032313162 0.57936573 3.1390712e-18 0.06596228 0.33255112 0.29193783 0.007743863 0.0028363578 0.013205797 0.5649446 0.03150667 0.0045192344 0.7114705 0.00022508089 0.019217761 0.0147445295 0.13207825 0.002283109 0.006827238 0.09637485 0.004664828 0.34423098 0.0017767318 0.49333906 0.002537217 0.013553683 0.0037379512 0.34817296 0.27348438 0.00032267772 0.0803912 0.3662458 6.4768356e-05 0.0038002296 0.0803892 0.34336823 0.0024195153 0.34856853 0.22635128 0.0014257637 0.00030654352 0.0009027821 0.007576826 0.019371197 0.22303559 0.00017639376 0.00013630901 0.0032485283 0.0009321446 0.00029137937 0.034173768 2.3520424e-05 0.0031376153 3.3660683e-05 2.1344267e-05 0.00010024949 6.2508785e-05 9.678614e-05 0.19429551 7.776548e-05 1.0021236e-05 0.064638026 0.2509917 7.741842e-07 4.18863e-06 4.4091794e-05 5.345165e-07 0.019094488 1.3162368e-05 1.2518196e-07 2.7954043e-06 5.0825074e-06 4.419818e-07 0.07116824 1.6488806e-05 0.03661908 3.722996e-07 0.05153089 0.007297251 0.37961438 0.25652406
0.6843881 0.03316755 0.007823378 0.33958507 0.030906007 0.0285718 0.029139934 0.059039637 0.048584152 0.032383744 7.0139635e-05 0.6000718 0.1797162 1.738699e-05 0.24619207 0.0013187793 7.632095e-05 0.6564634 0.59073126 0.00019396358 0.00014441722 0.31503037 0.06596228 3.14967e-21 0.5138282 0.57409227 0.09480145 0.06592324 0.13066745 0.28998172 0.49747357 0.28035346 0.060821865 0.00061809475 5.8223322e-05 0.29817566 0.5706152 7.483256e-05 0.06263151 0.0005036416 0.016192386 0.0026555988 0.007216528 0.10913944 0.08105325 0.233339 0.119987406 0.12685765 0.28273484 3.299526e-06 0.3128077 0.0033636668 0.00045723465 0.040577225 0.27030477 0.006461157 0.019347655 0.07048742 0.08690906 0.0073636356 0.00781399 0.006883693 0.06557713 0.09518579 0.0023011833 0.003291859 0.0022491298 0.015305836 0.006849921 0.001876574 0.14208084 4.6671947e-05 0.011800883 0.0011002009 0.000975367 0.0025519032 0.0014029446 0.002431684 0.0012104454 0.002931244 0.00096483866 0.09235278 0.057367954 0.000114418 3.8936265e-05 0.00016244128 0.00018461735 0.00014480726 0.00038994104 2.8484235e-05 0.0002740772 1.4979474e-09 0.000103560466 0.013123908 8.4858526e-05 0.00068456016 0.00015055791 0.006684533 0.00026995697 0.0013452171 0.009302371
0.7378155 0.034101233 0.009774896 0.39763293 0.065077275 0.025297394 0.026147636 0.115801744 0.031011632 0.06590388 0.00028368787 0.38822588 0.09102796 7.0068636e-05 0.11060806 0.0043454007 0.0002623051 0.5965692 0.26047814 0.00038170646 0.00033414396 0.58124083 0.33255112 0.5138282 1.3037749e-20 0.6781509 0.04309901 0.02021217 0.06548193 0.51708716 0.24309978 0.06696023 0.24276757 0.00058095314 0.0004284505 0.13050826 0.4445658 0.0004215279 0.02145436 0.0034106043 0.008119246 0.01007957 0.002874517 0.26522285 0.02285392 0.12531747 0.044827703 0.24341996 0.34912658 1.3047775e-05 0.29409373 0.013357132 0.000341634 0.017881526 0.25943676 0.022092376 0.008921781 0.18790849 0.16905823 0.003976752 0.0030416914 0.0034778742 0.046215676 0.079341464 0.010262984 0.0013246249 0.00079963263 0.011984079 0.004899701 0.0010775975 0.13330168 4.1615214e-05 0.010082136 0.000224324 0.00030124924 0.0016973834 0.00083721185 0.0015821724 0.009857087 0.0018380856 0.00029319906 0.106692284 0.13415822 1.3418197e-05 2.7559121e-05 0.00011133592 3.9614537e-05 0.0017009939 7.831451e-05 3.91453e-06 5.8675774e-05 4.0662883e-08 1.756276e-05 0.021812843 4.5535868e-05 0.003153343 1.5330537e-05 0.010391698 0.0011572882 0.01607587 0.033620715
0.7431647 0.03157449 0.008514054 0.3837287 0.055816 0.023884196 0.024473287 0.10611648 0.030334285 0.05702215 0.0002145927 0.4061735 0.100638464 5.984955e-05 0.12523912 0.0033468455 0.00020908538 0.61090094 0.2931336 0.00031130612 0.00027731532 0.53473014 0.29193783 0.57409227 0.6781509 6.724892e-21 0.048916508 0.023769824 0.07487453 0.4843236 0.2746826 0.08193616 0.2080559 0.0006137013 0.0003465258 0.15368119 0.48065972 0.0003513632 0.026188308 0.0028865684 0.009088325 0.0076491535 0.0032447246 0.24565499 0.029839903 0.15031488 0.055740967 0.2291349 0.35197106 1.0790156e-05 0.3151177 0.009638244 0.00038039367 0.020468775 0.27235526 0.016572557 0.010821475 0.16885234 0.16063511 0.0046304218 0.0037969744 0.0039111986 0.051982634 0.088510565 0.008343663 0.0016785022 0.0009966358 0.012882109 0.005384061 0.0013170498 0.141495 5.112982e-05 0.010910188 0.0003115886 0.00038920727 0.0017949883 0.0009149919 0.0016488783 0.0072189583 0.0020058055 0.00034133816 0.11008831 0.12379822 1.8230412e-05 3.4391785e-05 0.00012009615 5.233245e-05 0.0011124427 0.00010389264 5.6877807e-06 7.06448e-05 2.6783235e-08 2.3569395e-05 0.019983992 5.423006e-05 0.002591828 2.2766422e-05 0.009508777 0.0008402425 0.01143139 0.02746218
0.034256216 0.0119162025 0.006658437 0.05658389 0.005901888 0.025798244 0.034211975 0.010885375 0.09034328 0.007684567 0.00020599758 0.08258259 0.46358705 4.1798536e-05 0.5486775 6.521182e-05 5.984064e-05 0.042119842 0.24238838 0.0008861135 0.00013472301 0.01561872 0.007743863 0.09480145 0.04309901 0.048916508 2.406925e-21 0.69590485 0.75088805 0.01642899 0.112812184 0.23621628 0.0034595048 0.0095324395 2.3121724e-05 0.13058817 0.12739566 4.019634e-05 0.53545827 6.0054313e-06 0.26846457 8.820163e-05 0.12610951 0.0017709868 0.32661524 0.07970201 0.10662108 0.0016606075 0.007893551 2.1646931e-06 0.031948585 5.6404755e-05 0.016482156 0.032025214 0.017539602 0.00010858892 0.023016525 0.0009837911 0.001715731 0.06634694 0.020691728 0.011379816 0.016564025 0.01157223 3.60504e-05 0.006757516 0.0055004274 0.0068745343 0.0071317125 0.012329435 0.008075514 0.0070583457 0.00521292 0.0055781654 0.0023697405 0.004131358 0.0026331402 0.0040112687 2.8828217e-05 0.003798253 0.0025280798 0.004438389 0.00048014714 0.0007322444 0.00072224694 0.0009451087 0.0010555146 3.4026947e-05 0.0019167587 0.0002744779 0.0011820493 9.524314e-10 0.00095850776 6.724902e-05 0.0004867883 0.00012136311 0.00094682374 4.6568974e-05 7.693773e-05 3.4594155e-05 1.04169785e-05
0.013750197 0.011078757 0.0028075876 0.0222704 0.0023472428 0.026756652 0.03510862 0.004548262 0.11116381 0.003252648 5.2362153e-05 0.038429268 0.5434576 8.794944e-06 0.5576351 5.4826625e-05 1.43934685e-05 0.016483825 0.21810159 0.0007089482 5.6044162e-05 0.0069416896 0.0028363578 0.06592324 0.02021217 0.023769824 0.69590485 1.1144756e-21 0.70002055 0.0100973975 0.09185682 0.17968263 0.002258916 0.026897576 1.0743109e-05 0.088455774 0.09469367 1.7059283e-05 0.48686638 8.671333e-06 0.39328545 2.9581117e-05 0.26579517 0.0012266648 0.2063975 0.049237963 0.060722787 0.0010961886 0.005181029 8.0443397e-07 0.020378022 6.382037e-05 0.0429935 0.021290578 0.011544463 9.222196e-05 0.01291932 0.0005577653 0.0009041293 0.08881024 0.011222272 0.005643228 0.009243845 0.007052774 3.619384e-05 0.00306197 0.0021187135 0.0036736617 0.003174561 0.008833098 0.0055981777 0.013224418 0.0031711117 0.0018206585 0.00061295787 0.001514333 0.0013059827 0.0013841081 1.4714832e-05 0.0014783678 0.0010879453 0.0030546857 0.0005608729 0.000267474 0.0003081671 0.0006156055 0.0005506681 2.3946977e-05 0.00071599626 6.1151215e-05 0.00038564534 1.3481347e-10 0.00063797 0.00016727277 0.0002011161 7.6129254e-05 0.00075722573 0.00015231929 4.4543216e-05 1.38840405e-05 1.694667e-05
0.049526475 0.015572888 0.00911849 0.08795662 0.009443683 0.029467313 0.041152272 0.020010505 0.10312641 0.013825976 0.00036517097 0.124100186 0.48617464 7.960879e-05 0.58011955 6.408335e-05 0.00010647511 0.0660958 0.30022323 0.0010521649 0.0002178486 0.026270764 0.013205797 0.13066745 0.06548193 0.07487453 0.75088805 0.70002055 6.280687e-21 0.026055286 0.14914566 0.3003926 0.00603319 0.009573947 3.36456e-05 0.17160751 0.16875005 6.438708e-05 0.59512675 5.4624566e-06 0.29807082 0.00019992341 0.12891893 0.0027685356 0.42395476 0.11809538 0.16222802 0.0021708736 0.008854609 4.771724e-06 0.036138415 0.00011043778 0.013725795 0.04329817 0.020547805 0.0001215117 0.028720012 0.001381063 0.00245938 0.09087185 0.026970692 0.015058607 0.020528266 0.014460131 5.6464876e-05 0.008812134 0.008089331 0.008463261 0.009008651 0.016286291 0.009972319 0.007481537 0.0063172174 0.009631113 0.0034029856 0.005245452 0.0035334448 0.005100975 4.6521658e-05 0.005056895 0.003432601 0.0049787564 0.00061423494 0.0010365637 0.0012346662 0.0013002028 0.0012878528 5.4025488e-05 0.0029545466 0.000428186 0.0020132354 1.999969e-09 0.0011022693 6.618344e-05 0.00078798924 0.00020657005 0.0010471841 7.2809635e-05 0.00013163718 4.6974925e-05 8.715913e-06
0.9040805 0.04733557 0.010854628 0.40738118 0.102511674 0.025991913 0.03205259 0.20781341 0.031782858 0.16594908 0.0012229497 0.28086308 0.063881144 0.00053090526 0.06967461 0.014292244 0.0005031529 0.4149292 0.13178934 0.00042758128 0.00048711267 0.67080694 0.5649446 0.28998172 0.51708716 0.4843236 0.01642899 0.0100973975 0.026055286 3.7405433e-19 0.14789356 0.04438799 0.5645563 0.0007508584 0.004071693 0.07711703 0.3223184 0.0025869496 0.008345449 0.017258728 0.0090505015 0.03521565 0.0040644533 0.5137186 0.008415461 0.04262036 0.0107990885 0.47042578 0.48232502 0.00021352382 0.29103324 0.070712164 0.00042900638 0.008132296 0.25909123 0.17674688 0.0044699544 0.42272294 0.3524699 0.004697524 0.0011027555 0.0016391007 0.027994711 0.06411351 0.040477835 0.0005600471 0.00038901766 0.007238509 0.002605195 0.0018917316 0.10946746 0.00030656776 0.0055363164 0.00011129249 0.0001606756 0.0012222688 0.00033244852 0.0010047662 0.04169771 0.00094481854 0.00012460079 0.1474298 0.29795495 5.3553936e-06 4.3956017e-05 0.00034507448 1.1714023e-05 0.008122048 0.00015706736 1.5221791e-06 8.902516e-05 9.799214e-07 5.6169665e-06 0.07118911 0.00014932502 0.012604005 2.6138066e-06 0.032771066 0.004141636 0.09532141 0.18781188
0.7662721 0.01663279 0.0020156677 0.19176799 0.010327878 0.018236918 0.022660038 0.019854907 0.03694269 0.009219546 5.076726e-05 0.36224437 0.15658757 1.1987432e-05 0.2345574 0.00024742068 6.317569e-05 0.29989517 0.62951285 0.00011608059 6.7258e-05 0.08290309 0.03150667 0.49747357 0.24309978 0.2746826 0.112812184 0.09185682 0.14914566 0.14789356 3.293118e-20 0.5458647 0.024077194 0.00043027283 8.176746e-06 0.5330952 0.57751215 4.033704e-05 0.0835177 2.2240887e-05 0.027475577 0.00021981951 0.013393721 0.03977372 0.12877515 0.31547996 0.2257335 0.055718474 0.20148383 2.5939135e-06 0.2749773 0.00057097897 0.00047774252 0.086130664 0.23057017 0.0015737909 0.04176715 0.032549363 0.048048776 0.014959284 0.021127887 0.017315714 0.09126006 0.11543605 9.768787e-05 0.004731032 0.0034376539 0.025024747 0.013831898 0.005190975 0.14960244 7.704838e-05 0.020941073 0.003559669 0.0020352816 0.0059314603 0.003276448 0.0058398917 3.2374377e-05 0.006461043 0.002797965 0.09064143 0.038040016 0.00031809736 0.0001880734 0.00045448018 0.00047706754 6.562757e-05 0.001404474 8.803557e-05 0.0008486529 1.6285827e-09 0.0004343648 0.0122786155 0.00028769785 0.00010080121 0.00055026385 0.005495593 0.0002358218 0.0002408349 0.003122998
