2.5193265e-31 0.9859612 0.7357143 0.8385274 0.98389804 0.9295587 0.9911164 0.9124843 0.98487806 0.8147992 0.91727144 0.9242764 0.94236267 0.9272433 0.98766994 0.83300465 0.9877717 0.8845072 0.99511814 0.8323874 0.9957672 0.8164532 0.87185746 0.9836761 0.7441757 0.57774967 0.7533885 0.66250736 0.93173426 0.5721003 0.6800089 0.3345069 0.49631158 0.9777852 0.7039119 0.65891254 0.107535124 0.19220641 0.3483452 0.2872201 0.37159753 0.1962301 0.103694506 0.21962392 0.16795497 0.08787928 0.052224215 0.112478085 0.12056917 0.265987 0.12566055 0.066617265 0.09204213 0.07370154 0.03724956 0.26548603 0.06464723 0.024286695 0.10920785 0.17821434 0.044850886 0.032832794 0.0327604 0.9962133 0.034445845 0.015732484 0.012387398 0.016870396 0.015024381 0.010977171 0.15074715 0.008738232 0.010358417 0.69720167 0.007048871 0.0066526295 0.004492995 0.0023792207 0.999837 0.005782816 0.008308321 0.0057093157 0.07244122 0.10063095 0.0038228114 0.0019035817 0.001353427 0.0032862835 0.0008438574 0.0017050793 0.0070845154 0.15550354 0.8716363 0.0008124687 0.0025218974 0.0007547398 0.0027009165 0.0013769486 0.98518425 0.03239495 0.00032208068
0.9859612 1.3231292e-21 0.17779535 0.09124812 0.4096 0.33504957 0.52047104 0.15576847 0.29450253 0.20510066 0.29572034 0.24528332 0.02524666 0.05212447 0.14408864 0.366541 0.015547447 0.002128056 0.13826844 0.26810932 0.24314393 0.25499755 0.11581102 0.0001751269 0.103788346 0.04761743 0.1741048 0.050320648 1.3311427e-05 8.581976e-05 0.17425655 0.016376061 0.055592004 0.07013413 0.037680857 0.005531767 0.001914132 0.0069680577 0.0009893855 0.00010589467 0.0012251191 0.010779815 0.001945824 0.0009263264 0.017955601 0.0015981537 0.0013255827 0.009859113 0.007243989 9.5024174e-05 0.0009308197 0.00084671064 0.0023726646 0.003133547 0.00096944434 1.765182e-05 0.006172709 0.001140933 0.030213779 4.1062717e-06 0.00033656065 0.0018421444 0.00083345326 0.19259778 0.0005339758 0.003875112 0.00032027074 0.0011252183 0.0008621874 7.5213764e-05 0.00033696482 0.0008536303 0.001280261 0.023716958 0.0014728582 9.6693424e-05 0.00042288 0.00054820854 0.20453781 4.993454e-05 7.6892796e-08 8.046943e-05 0.0046262178 0.00022159472 7.8181525e-05 0.0003321696 0.00032721667 0.00017089644 0.00012352118 0.00034908717 1.9513218e-05 0.0034011912 0.028766844 0.00018038799 0.002652612 0.00017829849 0.001064437 0.00065555423 0.11726774 6.8258636e-08 0.00062910287
0.7357143 0.17779535 6.0113645e-22 0.84892875 0.065559894 0.19369893 0.038628727 6.1314255e-05 0.00077564677 0.27401772 0.021952482 0.008706385 1.4983184e-06 0.08573616 0.37769598 0.29316035 1.7161023e-05 3.0887875e-08 0.0023011002 0.13160029 0.20157515 0.0870304 0.0020949896 2.1091966e-08 0.00618809 0.03826838 0.044454474 0.00013497689 1.5440802e-09 2.446538e-08 0.021462172 0.07169533 0.0012404746 0.05929975 4.015519e-05 6.8674206e-07 0.015060611 0.049528003 2.3275574e-07 1.2232895e-08 1.1293895e-06 0.004185105 0.04097284 7.122685e-07 0.021069895 1.44391e-05 0.023034487 0.0007756579 0.00040678712 3.9706825e-07 5.1321053e-06 1.2555584e-05 7.8977675e-05 0.0010010519 0.01109766 2.1534947e-07 0.00036109044 0.00511903 0.0093241185 2.0503132e-08 4.2335046e-06 0.0011816164 0.0002569583 0.042028267 2.6759328e-05 0.001883564 0.00013980256 7.6500786e-05 0.00013220964 2.478805e-06 0.0013610929 3.4010824e-05 0.000119120086 0.012614864 0.0001245762 6.369344e-06 9.7252705e-06 0.00021902873 0.015081351 2.638682e-06 2.2177673e-08 1.0155408e-05 0.00075627916 0.0003043788 2.8292945e-06 4.894146e-05 8.181352e-05 1.1021152e-05 3.0578494e-06 2.3901937e-05 9.560209e-07 0.001560183 0.00010325071 1.0623266e-05 0.002229654 1.4068468e-05 3.1490377e-05 8.454741e-06 0.0007807792 1.0418219e-09 1.686125e-06
0.8385274 0.09124812 0.84892875 1.1912229e-22 0.013231306 0.101863146 0.004355375 4.05928e-06 0.000118770484 0.3425344 0.0012539328 0.00058897707 1.9301538e-07 0.4652368 0.638423 0.09544739 8.262077e-06 8.120347e-09 0.0016064611 0.021382492 0.29547095 0.017204408 0.00023855062 2.0243053e-08 0.0005815227 0.24991365 0.0036825328 2.5503145e-05 2.139148e-09 3.4936058e-08 0.001372425 0.12295885 0.00018702245 0.11488104 2.6598773e-06 5.4335274e-08 0.026451945 0.023471108 1.8692758e-08 4.584764e-09 1.0496396e-07 0.00029456758 0.015517597 4.043857e-07 0.0019378415 1.00653415e-05 0.008398404 0.00022196549 0.00016993271 5.1164136e-08 4.0252326e-06 7.403112e-06 3.899089e-05 7.6344964e-05 0.0036820371 2.0390823e-07 0.0001799133 0.00079986826 0.037266206 1.0414911e-07 7.0228225e-06 0.00010604333 2.1665179e-05 0.04311186 4.3512162e-05 0.00036617846 1.1220585e-05 8.3968254e-05 3.1600517e-05 1.07535125e-05 0.0033939562 5.9150134e-05 2.6898644e-05 0.023638275 7.794813e-05 4.764992e-05 3.085463e-05 1.4913935e-05 0.013735491 4.2562556e-06 3.5361694e-08 4.1304836e-05 0.0073464224 0.0029771132 4.886802e-06 7.645991e-06 8.460427e-06 5.7750396e-05 1.4343317e-05 1.07518e-05 2.0942711e-07 0.01306147 0.00024974917 6.7785213e-06 0.0006877367 8.31453e-06 0.00011350833 5.7439953e-05 0.0011255628 7.780044e-10 2.1727521e-05
0.98389804 0.4096 0.065559894 0.013231306 1.8972191e-21 0.43857747 0.6734161 0.003760339 0.030652469 0.13292946 0.1262839 0.07813318 4.3645654e-05 0.018651877 0.14715381 0.47714427 0.0024564855 1.278854e-05 0.0243712 0.35383487 0.16534531 0.3667632 0.050200585 2.3579817e-06 0.067642994 0.020774687 0.19207588 0.028207261 3.5275488e-07 1.5230402e-06 0.1540843 0.0016000007 0.053631395 0.022643745 0.0014926721 1.7542268e-05 0.0014304814 0.024480708 1.4359768e-05 8.154715e-08 4.715392e-05 0.05883036 0.0024201937 8.836792e-05 0.059769616 0.0041175145 0.0015060487 0.036271904 0.030508276 1.2275054e-05 0.00040030945 0.0029022666 0.0073691965 0.032437764 0.0024930194 4.6508615e-07 0.028004166 0.010269171 0.004085022 6.987534e-08 0.0010645649 0.018958703 0.016344763 0.010435265 0.0025984584 0.02516655 0.008458898 0.0037987202 0.012618701 5.7897025e-05 0.0006505374 0.0019093442 0.010018408 0.002691761 0.0048190965 0.00021159682 0.0007119741 0.0036697118 0.0025342123 6.262588e-06 2.3109992e-09 6.215682e-05 0.0027219676 0.0011757829 1.6349351e-05 0.0015942256 0.0011093698 0.00072715984 1.4354674e-05 0.0013551674 2.5052564e-06 0.006076086 0.0011457627 0.0006907027 0.0032746922 0.00040637515 0.0018758307 0.00029221785 0.00062918203 5.4029478e-08 4.9882565e-05
0.9295587 0.33504957 0.19369893 0.101863146 0.43857747 2.2961346e-21 0.09425016 2.4330258e-05 0.0003712551 0.5040587 0.017782956 0.00913183 1.2842058e-05 0.08955811 0.30786625 0.57760245 0.0005351406 1.783507e-06 0.006101019 0.17733517 0.2221952 0.16314241 0.0017355995 2.7715205e-07 0.00414767 0.076467976 0.02982331 0.00020580398 4.4209838e-08 1.8115938e-07 0.013710672 0.061071437 0.000652526 0.05177784 2.8750555e-06 1.18470965e-07 0.013757909 0.086349115 6.7077036e-07 3.5194418e-08 1.8327956e-06 0.008260656 0.025641546 6.689568e-07 0.063167214 1.3491864e-05 0.012265115 0.0020589184 0.0012941244 1.4412843e-06 3.8573157e-06 1.4422737e-05 8.6048494e-05 0.004110823 0.012180232 1.4162794e-07 0.0017456933 0.020957496 0.01607902 3.060008e-08 6.0591688e-06 0.008003345 0.0025419034 0.013521226 3.3606288e-05 0.018306768 0.0025149349 0.00011843545 0.0022452627 4.510412e-06 0.0029437297 5.8300833e-05 0.0016349525 0.008138615 0.00042738597 1.2150467e-05 2.3228342e-05 0.0017598654 0.001613164 2.1648336e-06 1.1657886e-09 1.2796384e-05 0.0038924424 0.002156219 5.0451245e-06 0.00021180234 0.00082279684 2.9100405e-05 5.1177017e-06 0.00015922876 2.963471e-07 0.0119133955 0.0002506841 0.00013968434 0.006542913 0.00010269351 0.00029514884 4.6432255e-05 5.3976568e-05 6.527239e-08 1.160875e-05
0.9911164 0.52047104 0.038628727 0.004355375 0.6734161 0.09425016 6.9906173e-22 0.034787312 0.15147288 0.011003441 0.6214975 0.32809696 0.0006557678 0.0073147533 0.04523456 0.1230133 0.004144616 0.00019978103 0.032168474 0.28029674 0.05319951 0.4152105 0.16150773 0.00015571178 0.34708655 0.005801592 0.48904032 0.10910898 3.4776916e-05 2.2188662e-05 0.51783806 0.00013779325 0.17867726 0.0064592687 0.014629841 0.0002037956 0.00017859273 0.003783279 0.000277968 2.97763e-07 0.000642302 0.13308142 0.00030578114 0.0018546105 0.027195781 0.018392563 0.0002923692 0.08939285 0.07928935 5.685891e-05 0.0035507164 0.017555526 0.028980434 0.05090388 0.0011930921 2.954158e-06 0.07145064 0.0037456017 0.001984093 7.7020054e-08 0.0075813835 0.02344454 0.02754502 0.005957527 0.012692741 0.011537122 0.016049745 0.015174072 0.030402126 0.00069750746 7.0222304e-05 0.008433678 0.028311906 0.0016548773 0.0117986435 0.001050771 0.003211161 0.0072939117 0.0038445343 1.1364713e-05 4.568528e-09 0.0002043409 0.00072146975 0.00039842795 1.5030893e-05 0.0055154264 0.0026008445 0.0013641617 1.6095588e-05 0.002805659 1.0434015e-06 0.0023054988 0.0036858614 0.0018076558 0.0018214383 0.0016622315 0.0035060176 0.00082149054 0.0018728974 1.0223252e-07 4.0635463e-05
0.9124843 0.15576847 6.1314255e-05 4.05928e-06 0.003760339 2.4330258e-05 0.034787312 7.8472815e-19 0.58492714 1.4519389e-06 0.0854979 0.15287693 0.4820922 6.445948e-06 0.00014369228 2.281905e-05 0.2888979 0.375168 0.28113744 0.0005461535 0.0024088912 0.0031819916 0.17799804 0.19236264 0.07984002 6.769407e-06 0.0027235998 0.22143388 0.07227752 0.22359745 0.015021335 5.2895653e-06 0.07725634 0.000122049765 0.44231462 0.45596492 7.68054e-05 6.780465e-05 0.24707732 0.20990656 0.22454394 0.00026557306 1.5908798e-05 0.14253892 0.0001423951 0.04860913 1.6654018e-05 0.007706988 0.013899893 0.124993056 0.10058645 0.044419777 0.01711163 0.00018341787 1.5904063e-05 0.15227036 0.006920544 0.000115004375 0.00017135064 0.07768434 0.042700008 5.3636766e-05 8.896083e-05 0.00046183556 0.02018771 0.00039087594 8.774415e-05 0.006512904 0.00031703798 0.019712657 0.00013081933 0.006001121 0.0009850208 1.3641303e-06 0.002119796 0.009147699 0.003859609 0.00015771881 0.0011212425 0.022457752 1.3301428e-05 0.017690811 0.00050082745 3.8612045e-05 0.018603638 0.00018918658 0.0003017654 0.002005201 0.0054621347 0.0009388049 0.00045903475 0.0009453359 0.06472513 0.0006142892 0.0004919865 0.0004148325 0.0011951489 0.0008484886 0.016411902 2.8880759e-06 0.0016556744
0.98487806 0.29450253 0.00077564677 0.000118770484 0.030652469 0.0003712551 0.15147288 0.58492714 1.2304122e-20 1.3992847e-06 0.26811963 0.469273 0.06729931 0.00024114538 0.0014837395 0.00072952086 0.105081454 0.02746905 0.18906067 0.005783224 0.0048575327 0.016147017 0.46460456 0.017383933 0.23793627 1.5570591e-05 0.020819101 0.37886164 0.0035118451 0.010449331 0.06639703 5.223537e-07 0.18650152 0.00039778918 0.23974657 0.085341364 1.9303252e-05 1.0278547e-05 0.052124813 0.0033100846 0.05468842 0.0054787216 7.7266327e-07 0.065082334 0.00019845727 0.082024254 1.069818e-06 0.04906673 0.0549237 0.023715554 0.067620344 0.06902953 0.058659837 0.0049401596 1.6335629e-06 0.008835621 0.03643482 5.724731e-06 0.0001399557 0.00096770225 0.050886787 0.00075496046 0.002457364 0.0007723735 0.042313196 0.00036055193 0.0014419751 0.025024125 0.0049845334 0.02091438 2.7593135e-06 0.017132858 0.0057482915 2.9109287e-05 0.009347476 0.014904802 0.008887057 0.0003378418 0.0013719808 0.0049029705 4.5223186e-07 0.011818407 5.2418512e-05 1.2655519e-05 0.0031015875 0.00050612155 0.00013194246 0.0046382337 0.0017680557 0.001126366 2.4786457e-05 0.00015508891 0.027309097 0.00043047027 8.5210886e-05 0.0001397647 0.004219623 0.003442237 0.0066489703 5.0061755e-07 0.00086206855
0.8147992 0.20510066 0.27401772 0.3425344 0.13292946 0.5040587 0.011003441 1.4519389e-06 1.3992847e-06 1.9705393e-21 0.0006864658 0.00010514306 3.3389597e-07 0.29945454 0.43335995 0.546638 6.6711174e-05 3.9563282e-08 0.0018193566 0.1704898 0.21840009 0.09023208 1.3229507e-05 3.4824353e-08 4.6018835e-05 0.20992744 0.0075750384 6.012744e-06 1.3521327e-08 8.023359e-08 0.0006042135 0.5903879 1.7243936e-05 0.1050847 1.513974e-07 1.16748025e-08 0.15702668 0.31172568 1.8904515e-08 1.0447158e-08 6.924091e-08 0.000706192 0.20016673 1.8241952e-08 0.08369989 2.5591387e-07 0.09285035 6.464876e-05 3.3295568e-05 4.0981263e-08 2.2389301e-07 3.2346878e-07 1.5686991e-06 0.00020703294 0.05362072 2.099275e-08 5.7070076e-05 0.047911923 0.03229081 7.2594553e-09 3.0340718e-07 0.0013847258 5.6452864e-05 0.012876046 1.3325125e-06 0.011250675 4.47257e-05 3.3662495e-06 4.2564647e-05 8.220802e-07 0.022787007 2.8926297e-06 2.3056655e-05 0.0123114865 1.8515011e-05 3.7434017e-06 2.34608e-06 5.1103358e-05 0.0013338253 8.729601e-07 1.8695707e-09 3.0472877e-06 0.010382649 0.0074665537 3.4831232e-06 3.1253053e-06 5.8522597e-05 5.633237e-06 2.9366524e-06 4.759172e-06 7.1779084e-08 0.022488259 3.3103668e-05 7.7318555e-06 0.006670879 9.7300945e-06 1.8678475e-05 1.0017824e-05 3.7877464e-05 1.625319e-08 3.7793732e-06
0.91727144 0.29572034 0.021952482 0.0012539328 0.1262839 0.017782956 0.6214975 0.0854979 0.26811963 0.0006864658 4.385078e-21 0.5787356 0.004221076 0.0028652144 0.006760723 0.017010426 0.0060614785 0.002698283 0.024327122 0.022384685 0.0058490965 0.04298577 0.3053725 0.0015163562 0.5392189 0.001461996 0.14117841 0.14421578 0.0010817064 0.00090874836 0.32598412 3.383974e-05 0.23715912 0.002663173 0.02158232 0.00069317594 8.60334e-05 0.0010544291 0.0006278954 2.9057424e-05 0.0012323663 0.058454487 0.00010021374 0.0057944786 0.0056180866 0.038335487 0.00010197688 0.081732295 0.06893038 0.00037548627 0.013424893 0.03368148 0.041075654 0.02984419 0.00026925968 0.00018400495 0.056983214 0.0011814677 0.0011376268 2.6003916e-05 0.018796114 0.007937096 0.016748533 0.0020436584 0.02310666 0.0034493795 0.011292812 0.01925214 0.019815164 0.0046488177 9.739536e-06 0.011111237 0.017787281 0.0010203364 0.011830654 0.004699057 0.005693067 0.005150797 0.0019916277 0.0002509532 8.719014e-08 0.0024219635 0.000207255 0.00017237778 0.00014755776 0.005798961 0.0029548977 0.0028975443 0.00017246659 0.0030561527 2.6075995e-06 0.0011004825 0.0020855388 0.0015704962 0.0006711681 0.0015045528 0.004635671 0.002121853 0.0010819668 4.7651142e-07 0.00015198988
0.9242764 0.24528332 0.008706385 0.00058897707 0.07813318 0.00913183 0.32809696 0.15287693 0.469273 0.00010514306 0.5787356 2.2342354e-20 0.0109367985 0.0015862774 0.0021984929 0.008237354 0.014846326 0.0045442036 0.040684167 0.012005998 0.0024305538 0.02354288 0.48363245 0.002725785 0.4725112 0.00046391628 0.051591523 0.2531753 0.0015539834 0.0023720094 0.14118373 7.1860873e-06 0.23073839 0.0010547825 0.038462806 0.0030390527 3.528824e-05 0.0003015269 0.0024137653 0.00017673388 0.0039017112 0.026107462 2.1653155e-05 0.018742682 0.0038297358 0.05562882 1.9785737e-05 0.066848345 0.063609876 0.0013387707 0.034934156 0.04820641 0.050129622 0.016650256 4.912729e-05 0.00040853256 0.04876086 0.00023480521 0.0006500313 0.00011887768 0.032124206 0.003352103 0.009030935 0.0010898904 0.029024675 0.0017628277 0.005700882 0.022522539 0.012531972 0.009814802 1.0936818e-06 0.014939134 0.013778404 0.00031294895 0.01371884 0.0085659465 0.008091441 0.0022598512 0.0015854855 0.00066769193 6.085091e-07 0.0052884226 9.0455906e-05 3.8714326e-05 0.00044669927 0.0035425108 0.0012429408 0.0048546563 0.0004667262 0.0030084501 9.511189e-06 0.00029668602 0.0043283976 0.001076882 0.00023565182 0.0008231351 0.005938796 0.0031680027 0.0020883323 8.436896e-07 0.00038929287
0.94236267 0.02524666 1.4983184e-06 1.9301538e-07 4.3645654e-05 1.2842058e-05 0.0006557678 0.4820922 0.06729931 3.3389597e-07 0.004221076 0.0109367985 6.3554496e-21 1.832695e-07 4.640939e-06 6.438545e-06 0.53732264 0.7726046 0.3414611 1.0958173e-05 0.00053801166 6.7619505e-05 0.01338903 0.3179321 0.0027562159 3.5491905e-08 5.335408e-05 0.029923614 0.10370965 0.30503586 0.00045714437 4.9110844e-07 0.0049194787 6.4387874e-05 0.07299969 0.09054191 3.2134735e-06 3.5426306e-06 0.05871946 0.18708506 0.04894302 1.1416365e-05 1.8312074e-06 0.021420812 7.336711e-05 0.0010355967 4.8393763e-06 0.00046724122 0.00063656224 0.020046787 0.010677316 0.0008285382 0.0004904107 2.221494e-05 3.990067e-06 0.06833051 0.0005152445 1.0407386e-05 1.6719694e-05 0.050833188 0.0012833434 2.9085508e-05 2.046743e-05 0.00059821276 0.00074718107 5.3040854e-05 2.3959608e-05 0.0006626052 5.970941e-05 0.0010412881 2.8287754e-05 0.0005864811 0.000109428904 2.6211464e-07 0.00025322434 0.00035655993 0.0002183228 3.604032e-05 0.0034156789 0.002748605 3.2074193e-05 0.0021501123 4.0950363e-06 1.731676e-07 0.0022297518 3.290506e-05 3.8939237e-05 0.00010198787 0.0011293218 5.6617908e-05 0.001277043 4.275841e-06 0.050847296 2.2907858e-05 7.402046e-06 2.6862728e-05 0.00011359301 9.9645185e-05 0.038696226 1.1476732e-05 0.00060056295
0.9272433 0.05212447 0.08573616 0.4652368 0.018651877 0.08955811 0.0073147533 6.445948e-06 0.00024114538 0.29945454 0.0028652144 0.0015862774 1.832695e-07 8.561556e-22 0.558738 0.069275536 6.068962e-07 7.0733064e-10 0.00041756246 0.01654378 0.16133405 0.013688474 0.00064295286 4.2553377e-10 0.001349754 0.79656625 0.003524027 5.155709e-05 4.6066185e-12 2.3659836e-09 0.0018590102 0.16460645 0.0003226611 0.13683325 1.0655049e-06 2.2839762e-08 0.060277987 0.012446797 1.4770105e-08 2.3693707e-09 5.1755393e-08 0.00012304244 0.014346971 6.711392e-08 0.0018997388 3.7179311e-06 0.00783402 7.220838e-05 4.1500043e-05 1.6562286e-08 4.046488e-07 3.6583112e-06 1.2811538e-05 3.035542e-05 0.0026426169 8.972886e-09 3.4833574e-05 0.0009944944 0.15595984 3.8344274e-09 1.848358e-06 3.587846e-05 6.6353286e-06 0.0650563 8.800171e-06 0.0006068048 3.7573936e-06 4.545508e-05 1.3197538e-05 5.0033477e-06 0.02202558 4.590413e-05 1.9031097e-05 0.037145045 3.8294358e-05 1.4143775e-05 2.3485032e-05 5.975165e-06 0.033845603 6.3784347e-07 1.4794309e-10 1.6634413e-05 0.014070482 0.0049112933 3.0725718e-07 1.6952876e-05 3.2079865e-06 9.992844e-06 1.0713381e-06 5.261712e-06 5.0940145e-09 0.02187858 3.9980123e-06 1.8047301e-06 0.00017319724 2.0739178e-06 3.0093338e-06 1.237838e-06 0.0030429391 3.0510267e-12 8.3969006e-08
0.98766994 0.14408864 0.37769598 0.638423 0.14715381 0.30786625 0.04523456 0.00014369228 0.0014837395 0.43335995 0.006760723 0.0021984929 4.640939e-06 0.558738 3.380545e-22 0.15321027 3.394959e-06 2.0660117e-08 0.0033371453 0.040231716 0.44963315 0.02872219 0.00071149727 8.496833e-09 0.00163063 0.56587774 0.009918144 0.00013690216 3.3965292e-10 3.255647e-08 0.0049773087 0.075696744 0.00075146515 0.18832582 1.0653418e-05 6.6559994e-07 0.023338571 0.00395922 2.2796165e-07 1.0634597e-07 6.002915e-07 0.00045424313 0.0047538397 1.9403074e-06 0.0031073815 3.9098577e-05 0.004323049 0.0003433668 0.00024152052 3.9911532e-07 1.4936752e-05 2.5907724e-05 0.00010614075 0.00013722922 0.0018783181 1.4410239e-07 0.00029099255 0.0008706629 0.06811148 1.3331271e-07 1.7938417e-05 9.363825e-05 3.388437e-05 0.09861643 4.5318433e-05 0.00072352897 1.6073975e-05 0.00016202385 5.4450724e-05 1.2487517e-05 0.013248054 0.00010176926 4.6178557e-05 0.037753705 7.2147945e-05 1.14896775e-05 3.0654366e-05 3.798874e-05 0.06923936 3.1268223e-06 9.501312e-09 2.3733286e-05 0.017952247 0.0043684496 2.1744963e-06 2.6561444e-05 2.4195842e-05 1.2977994e-05 3.5391085e-06 9.752241e-06 5.5094984e-07 0.014462572 0.000114907234 3.048863e-06 0.00042915673 5.2956375e-06 2.4812873e-05 1.1785141e-05 0.020237967 1.0409791e-10 1.8927698e-06
0.83300465 0.366541 0.29316035 0.09544739 0.47714427 0.57760245 0.1230133 2.281905e-05 0.00072952086 0.546638 0.017010426 0.008237354 6.438545e-06 0.069275536 0.15321027 8.3760664e-21 0.00056344277 1.5019781e-06 0.0061206706 0.5296156 0.11119498 0.48073208 0.0019114659 6.980577e-07 0.0052922624 0.05389507 0.12996656 0.00047275834 2.7832013e-07 2.5253064e-07 0.042104714 0.08231814 0.0015465902 0.02935374 2.3591153e-06 1.3414922e-07 0.021807909 0.30253524 1.5694225e-07 1.3487302e-08 4.9495696e-07 0.032601606 0.0904234 4.265355e-07 0.2106568 2.5051548e-05 0.040069427 0.004660868 0.0030011144 4.2321903e-07 4.4067897e-06 2.9201294e-05 0.00019341959 0.014015653 0.038252432 8.4384354e-08 0.004381907 0.06645195 0.010448405 1.822185e-08 1.3619031e-05 0.023952952 0.007390786 0.0070177247 6.854472e-05 0.048216466 0.0065030907 0.00041940867 0.0064996434 1.0925836e-05 0.003769976 0.00020528215 0.0036673904 0.003956231 0.0012864964 3.019486e-05 0.000103226 0.00793083 0.0010621721 3.9739916e-06 6.022557e-10 2.1184449e-05 0.002666425 0.0015184855 1.2990437e-05 0.001888387 0.0050917813 0.000106178726 1.1349268e-05 0.0007810227 7.423989e-08 0.010832446 0.00011940785 0.0006789488 0.018215252 0.00055833446 0.0004108681 3.1584397e-05 4.2174564e-05 1.4766283e-07 1.7850085e-05
0.9877717 0.015547447 1.7161023e-05 8.262077e-06 0.0024564855 0.0005351406 0.004144616 0.2888979 0.105081454 6.6711174e-05 0.0060614785 0.014846326 0.53732264 6.068962e-07 3.394959e-06 0.00056344277 3.5453854e-17 0.604722 0.4613445 0.0007819171 0.0011020385 0.0012875163 0.013092112 0.36535364 0.0037931418 4.689762e-07 0.0009772235 0.022632318 0.24582842 0.35929152 0.002241929 3.176867e-05 0.00506691 9.317397e-05 0.03287446 0.023686973 1.8889335e-05 0.00039747788 0.012335134 0.0743905 0.008318894 0.00032231418 6.861195e-05 0.0061289617 0.0005724153 0.00096240203 6.556045e-05 0.00090039655 0.00089148275 0.005667444 0.0044800458 0.0008316731 0.00090414 0.000266322 6.658532e-05 0.017055225 0.00074229995 0.00012368067 4.326922e-05 0.015378797 0.0007539215 3.7221052e-05 9.925897e-05 0.00316294 0.00046429713 0.00012420608 1.9914844e-05 0.00039525158 0.0001038545 0.00040282917 1.13847045e-05 0.00027578775 0.00010265631 3.0620279e-06 0.00011640795 0.0002590554 0.0001270541 2.227128e-05 0.019744845 0.00069813844 0.00024701777 0.0006437861 2.5187987e-06 1.6089064e-07 0.00063182745 9.279032e-06 2.0198038e-05 6.3043524e-05 0.0005213442 1.3047763e-05 0.0013981435 1.7608231e-06 0.29654285 4.4770063e-06 1.5688074e-05 4.3865043e-06 0.00016690977 0.00024625708 0.1509754 0.00082486105 0.00036302523
0.8845072 0.002128056 3.0887875e-08 8.120347e-09 1.278854e-05 1.783507e-06 0.00019978103 0.375168 0.02746905 3.9563282e-08 0.002698283 0.0045442036 0.7726046 7.0733064e-10 2.0660117e-08 1.5019781e-06 0.604722 4.35931e-21 0.21329236 4.8412917e-06 2.2320864e-05 1.2801095e-05 0.006194827 0.45743397 0.001559582 1.2545785e-10 2.0480493e-05 0.0135867745 0.24698776 0.76471585 0.00016776579 1.3095794e-07 0.0019142607 1.6509505e-06 0.0638208 0.08510416 1.2679795e-06 3.3072856e-06 0.056714833 0.33216348 0.043051813 6.0019106e-06 1.3735488e-06 0.017774587 6.621602e-05 0.00069702603 1.9437373e-06 0.00024708986 0.00037838888 0.027458262 0.0066930554 0.00057068444 0.00035874266 1.6596716e-05 1.8740255e-06 0.11991368 0.00028813691 6.6944463e-06 6.348401e-07 0.07871867 0.0007740444 2.4160265e-05 1.7224264e-05 5.1703075e-05 0.00048132974 2.5169898e-05 2.3147117e-05 0.00028246065 5.1323528e-05 0.00063102087 2.4542524e-06 0.00026794276 0.00013984616 2.782344e-09 0.00015826408 0.0002203457 9.462708e-05 3.6192632e-05 0.00055458886 0.002055187 6.157407e-05 0.0011923539 8.657711e-09 7.7254797e-10 0.0020135255 3.9052666e-05 2.5109024e-05 5.093559e-05 0.00071644905 3.445741e-05 0.0008864625 6.479281e-09 0.046098106 1.0192578e-05 2.540889e-06 8.692132e-06 3.196591e-05 3.4929213e-05 0.019155884 2.3328217e-05 0.0005483549
0.99511814 0.13826844 0.0023011002 0.0016064611 0.0243712 0.006101019 0.032168474 0.28113744 0.18906067 0.0018193566 0.024327122 0.040684167 0.3414611 0.00041756246 0.0033371453 0.0061206706 0.4613445 0.21329236 4.5114024e-13 0.010395147 0.04209542 0.013661373 0.03297129 0.13347267 0.017878447 0.0009779613 0.0077630477 0.039647944 0.059999328 0.054414477 0.015375232 0.0017787825 0.017790234 0.004541918 0.03223295 0.014602062 0.0007386631 0.005470525 0.007548266 0.024927506 0.007497765 0.0051236846 0.0037057102 0.0059938375 0.010328681 0.0039812014 0.0048406483 0.0078544095 0.0067048105 0.0048244167 0.005195279 0.0030047828 0.004455036 0.003065558 0.003940076 0.0066674007 0.0056087556 0.004549164 0.0028200618 0.0074362177 0.0030555904 0.0020842205 0.0019077536 0.06036976 0.002565325 0.0043280986 0.0012087089 0.0029455342 0.0016710059 0.0015243387 0.0004426994 0.0026948447 0.0019224284 0.0015617327 0.0030687873 0.0016388983 0.0017597246 0.0020372225 0.11185283 0.0019787569 0.00022827157 0.0022734976 0.0007015271 2.8531593e-05 0.0015986478 0.0011129155 0.0006901305 0.0014940515 0.0021369748 0.0008625093 0.0020469646 0.00048623153 0.19257526 0.000454223 0.0008902097 0.00052608567 0.002745833 0.001823017 0.24200827 0.00047010984 0.0013967176
0.8323874 0.26810932 0.13160029 0.021382492 0.35383487 0.17733517 0.28029674 0.0005461535 0.005783224 0.1704898 0.022384685 0.012005998 1.0958173e-05 0.01654378 0.040231716 0.5296156 0.0007819171 4.8412917e-06 0.010395147 7.0870185e-20 0.025202733 0.85059315 0.007079547 5.980672e-06 0.019725299 0.014929014 0.34207767 0.0040451577 2.0332502e-06 5.2994715e-06 0.11657922 0.02801371 0.010351432 0.00862488 3.1050662e-05 9.4778625e-07 0.008930834 0.061759613 1.5407774e-06 5.599295e-08 4.2123856e-06 0.07050992 0.01333823 9.997066e-06 0.15794663 0.0010235654 0.008951098 0.019348413 0.015333442 2.412483e-07 6.578618e-05 0.00075819145 0.0023223548 0.040999264 0.011994742 9.325522e-07 0.014852655 0.022498041 0.0051328987 2.1883838e-07 0.00018285758 0.03666149 0.024420055 0.0029215987 0.0007740075 0.037637085 0.017774513 0.003461566 0.017853834 2.9700239e-05 0.0012937166 0.0019792032 0.011850765 0.0025345131 0.005815823 5.1199597e-05 0.0005374668 0.01371326 0.00067974994 1.0071775e-05 5.305299e-09 1.9911027e-05 0.00041456628 0.0008138719 1.8433719e-05 0.0049773064 0.0069346093 0.0002814405 3.331552e-05 0.0021928195 2.8833742e-07 0.0059197852 0.000337788 0.0013069906 0.011187086 0.0011283399 0.00088011904 5.843008e-05 0.00012892745 6.765859e-07 1.2354079e-05
0.9957672 0.24314393 0.20157515 0.29547095 0.16534531 0.2221952 0.05319951 0.0024088912 0.0048575327 0.21840009 0.0058490965 0.0024305538 0.00053801166 0.16133405 0.44963315 0.11119498 0.0011020385 2.2320864e-05 0.04209542 0.025202733 9.638629e-20 0.023078838 0.00039731542 7.945676e-06 0.0007708267 0.17983983 0.0062041837 7.331787e-05 7.749214e-07 4.9259193e-06 0.003977831 0.016500017 0.00042532003 0.10418683 2.2161741e-05 3.5684684e-06 0.0062341704 0.004247637 1.4671916e-06 8.1416727e-07 4.0789623e-06 0.0008992968 0.004820066 2.5893694e-05 0.008062979 0.00010819477 0.004283232 0.0006205982 0.0004457441 2.9456673e-06 7.777118e-05 0.00010046694 0.00024206913 0.00036400266 0.002507293 1.2926947e-06 0.0005280583 0.0018208869 0.040183667 4.3908756e-07 8.814622e-05 0.00046267206 0.00017099768 0.1603604 0.00016780419 0.004648135 0.00016754915 0.00038405522 0.00032422435 5.4594493e-05 0.0102759255 0.00034203287 0.00043921662 0.060634296 0.00047263977 0.00015457225 0.00025489298 0.0004718917 0.19457579 1.8450955e-05 2.4147985e-07 9.964566e-05 0.018850874 0.0064753974 5.153236e-05 0.00021234255 0.00030434135 0.0002077836 9.0157235e-05 0.00020249466 1.988155e-06 0.014925953 0.020934822 0.000108118445 0.0027904783 0.0001339694 0.00018181754 0.00013147558 0.1791513 8.157702e-08 6.887852e-05
0.8164532 0.25499755 0.0870304 0.017204408 0.3667632 0.16314241 0.4152105 0.0031819916 0.016147017 0.09023208 0.04298577 0.02354288 6.7619505e-05 0.013688474 0.02872219 0.48073208 0.0012875163 1.2801095e-05 0.013661373 0.85059315 0.023078838 9.412837e-20 0.022174042 1.0573456e-05 0.040094215 0.01543488 0.6026466 0.012426444 5.7335383e-06 1.1952673e-05 0.2510959 0.013472218 0.025736382 0.00975387 0.00042018417 5.3149593e-06 0.0055410857 0.051896486 7.213862e-06 3.2570648e-07 2.1344287e-05 0.14665629 0.009360759 6.211314e-05 0.23437221 0.0034730204 0.006684186 0.04179009 0.0297767 1.7383118e-06 0.00023380682 0.0018667576 0.005336625 0.0735765 0.009468356 2.5105037e-06 0.026656913 0.024047917 0.0045188274 9.260101e-07 0.0008496615 0.06636066 0.04579354 0.0021281766 0.001983764 0.06626037 0.03424849 0.0073329974 0.038461503 0.00010710981 0.00091654505 0.004263229 0.025220592 0.0017850156 0.010973177 0.00014157454 0.0016043156 0.028353192 0.00055816834 2.0730962e-05 1.2278947e-08 6.2976826e-05 0.00040753267 0.00091624924 3.575324e-05 0.013358463 0.014734275 0.00044343396 5.635701e-05 0.0051515587 3.7564277e-07 0.005796869 0.0007106591 0.0030014908 0.019249853 0.0027585456 0.0018705367 0.00010008194 0.00015486381 2.2837369e-06 1.3512725e-05
0.87185746 0.11581102 0.0020949896 0.00023855062 0.050200585 0.0017355995 0.16150773 0.17799804 0.46460456 1.3229507e-05 0.3053725 0.48363245 0.01338903 0.00064295286 0.00071149727 0.0019114659 0.013092112 0.006194827 0.03297129 0.007079547 0.00039731542 0.022174042 1.05339924e-20 0.0020396418 0.602013 6.7904824e-05 0.0372949 0.6656581 0.0017759323 0.0030012028 0.11728629 3.317416e-06 0.5217416 0.00028109847 0.1296713 0.013396187 2.2453383e-05 9.2154085e-05 0.012876046 0.00047041726 0.019146625 0.023222629 8.085832e-06 0.063845985 0.001820051 0.17567992 8.762243e-06 0.113153346 0.11645518 0.0072148666 0.1043442 0.1617262 0.14630878 0.020105436 1.27449275e-05 0.0010173356 0.08161328 8.5728156e-05 0.00019128453 0.00024901546 0.11934535 0.0027953377 0.010108627 0.00033838692 0.09849497 0.001697283 0.0058558946 0.055686772 0.018357525 0.03342807 8.393118e-07 0.043175388 0.02203256 9.02269e-05 0.024455525 0.027297098 0.026026104 0.0019205501 0.0005053463 0.002430883 2.710328e-07 0.015216446 5.3930926e-05 3.648575e-05 0.0012639526 0.0035366858 0.0012016066 0.013317891 0.0012257462 0.0034188516 7.7806535e-06 0.00016170972 0.0045783417 0.0010361712 8.977483e-05 0.0005488608 0.007132382 0.0050829975 0.0012947811 2.1363173e-06 0.00060380367
0.9836761 0.0001751269 2.1091966e-08 2.0243053e-08 2.3579817e-06 2.7715205e-07 0.00015571178 0.19236264 0.017383933 3.4824353e-08 0.0015163562 0.002725785 0.3179321 4.2553377e-10 8.496833e-09 6.980577e-07 0.36535364 0.45743397 0.13347267 5.980672e-06 7.945676e-06 1.0573456e-05 0.0020396418 1.7706128e-18 0.0006815402 1.9828718e-10 1.1115454e-05 0.0039191423 0.47392386 0.6753904 5.949864e-05 2.0822326e-07 0.0009945565 2.4072235e-06 0.016238693 0.02222937 7.316259e-07 4.679386e-06 0.013048461 0.2895557 0.008113982 2.6749697e-06 4.696068e-07 0.0034693358 7.0803403e-06 9.412136e-05 3.0695702e-07 5.6769943e-05 8.012254e-05 0.006443266 0.0015236018 8.559663e-05 5.347644e-05 4.6571085e-06 4.5439734e-07 0.041574966 8.225908e-05 1.2212672e-06 1.1216312e-06 0.050579168 0.00020674823 9.796345e-07 2.1429287e-06 6.5748354e-05 0.00011233773 1.6116345e-06 9.873489e-07 5.601558e-05 4.3700365e-06 0.00020044345 1.873954e-06 8.3205e-05 6.2004683e-06 5.206825e-09 2.0617239e-05 9.8946985e-05 3.7442285e-05 1.6328214e-06 0.00057294394 0.00079258403 0.0013161968 0.00040534983 1.8023064e-08 2.3142857e-09 0.00062813883 1.5909715e-06 1.4097994e-06 1.3213165e-05 0.0003625713 1.8755953e-06 0.0011305487 8.160546e-09 0.30090782 7.835089e-07 7.036108e-08 7.015964e-07 3.0007932e-06 6.7181363e-06 0.062571265 0.0072092377 0.00027278514
0.7441757 0.103788346 0.00618809 0.0005815227 0.067642994 0.00414767 0.34708655 0.07984002 0.23793627 4.6018835e-05 0.5392189 0.4725112 0.0027562159 0.001349754 0.00163063 0.0052922624 0.0037931418 0.001559582 0.017878447 0.019725299 0.0007708267 0.040094215 0.602013 0.0006815402 1.2525271e-21 0.0004404244 0.14846016 0.52515805 0.0009543608 0.0009119315 0.44582146 1.391478e-05 0.7540801 0.00056320045 0.069257736 0.003536094 5.384187e-05 0.00035717213 0.003120723 5.5735873e-05 0.005476669 0.10562843 2.6285488e-05 0.026391314 0.00539628 0.21473491 2.3326906e-05 0.23658906 0.22257644 0.0010562664 0.082751386 0.1667211 0.21290441 0.04660339 6.876885e-05 0.00026359482 0.16306324 0.000299723 0.0001644558 4.923916e-05 0.106298946 0.008146303 0.024591599 0.00037598793 0.10842574 0.0045631034 0.016275102 0.08143774 0.041408155 0.021987194 5.0770673e-06 0.0604673 0.041014925 0.00012571717 0.037480038 0.017958796 0.035376973 0.008109951 0.0004590067 0.0009569674 1.5404364e-08 0.006902411 5.4919932e-05 5.5878983e-05 0.00039032334 0.010688298 0.0052503864 0.014236748 0.000454615 0.0077704247 1.3728417e-06 0.00031581795 0.0015211626 0.0034082031 0.00022990491 0.0017553833 0.0097522745 0.0029190741 0.0002934175 5.130429e-07 0.0001558241
0.57774967 0.04761743 0.03826838 0.24991365 0.020774687 0.076467976 0.005801592 6.769407e-06 1.5570591e-05 0.20992744 0.001461996 0.00046391628 3.5491905e-08 0.79656625 0.56587774 0.05389507 4.689762e-07 1.2545785e-10 0.0009779613 0.014929014 0.17983983 0.01543488 6.7904824e-05 1.9828718e-10 0.0004404244 5.0175367e-20 0.0039617335 3.1636018e-06 2.938893e-12 1.1933116e-09 0.002468681 0.28704044 4.659532e-05 0.4959413 1.7875698e-06 9.4985246e-08 0.25323102 0.014932566 1.0693496e-08 4.731094e-09 5.3603394e-08 6.646466e-05 0.016014379 1.2417652e-07 0.0013262662 4.0203718e-06 0.007488504 0.00038188763 0.00024394234 3.306784e-08 8.331138e-07 7.3549772e-06 3.8761948e-05 2.9876053e-05 0.0021846204 1.8139424e-08 0.0002595923 0.0005670772 0.71967155 7.2813653e-09 5.9195027e-06 2.5319356e-05 8.192967e-06 0.08892983 3.8283877e-05 0.00053058536 6.8571107e-06 0.00021235796 3.759869e-05 7.954812e-06 0.09440286 0.00019954074 4.644408e-05 0.044428546 0.00013194901 1.7114917e-05 4.5756267e-05 6.8610348e-06 0.028410813 1.8893002e-06 1.3353307e-11 2.6618349e-05 0.125863 0.046983387 1.1579002e-06 2.1860582e-05 1.0120235e-05 3.0566378e-05 8.204366e-06 8.706775e-06 2.3258295e-10 0.18686892 6.198414e-07 3.7063335e-06 0.00043044297 5.9878635e-06 3.9267456e-06 1.2601425e-06 0.0006293423 5.059163e-14 1.0552568e-06
0.7533885 0.1741048 0.044454474 0.0036825328 0.19207588 0.02982331 0.48904032 0.0027235998 0.020819101 0.0075750384 0.14117841 0.051591523 5.335408e-05 0.003524027 0.009918144 0.12996656 0.0009772235 2.0480493e-05 0.0077630477 0.34207767 0.0062041837 0.6026466 0.0372949 1.1115454e-05 0.14846016 0.0039617335 2.627585e-21 0.021648087 4.948605e-06 1.1980051e-05 0.80763763 0.0019144788 0.07241602 0.0038044085 0.0005044336 5.2577548e-06 0.0010054881 0.013049805 4.865885e-06 1.4284849e-07 1.5888556e-05 0.50333136 0.0014278279 5.1836483e-05 0.18355748 0.0057237567 0.0012131463 0.11415558 0.073595606 2.0917432e-06 0.0001993589 0.0036019776 0.011364135 0.24992827 0.0028640176 7.3768985e-07 0.076455 0.012488714 0.0015796906 1.15185415e-07 0.0008517603 0.14941862 0.14913183 0.0010607186 0.0037611618 0.0737333 0.09663724 0.01455008 0.09105511 0.0001582739 0.0001631634 0.007970334 0.061636332 0.0007729236 0.018078456 0.00034658628 0.0031374192 0.052242383 0.00052599184 7.794638e-06 3.4951233e-09 5.595519e-05 0.0002043939 0.00042118673 2.006968e-05 0.028839726 0.026766095 0.0017035045 2.4509742e-05 0.01054689 2.2631885e-07 0.0024735073 0.00039919812 0.0052932114 0.010552067 0.0049283695 0.0033519259 0.00041114778 0.00010014028 1.0626827e-06 1.5520363e-05
0.66250736 0.050320648 0.00013497689 2.5503145e-05 0.028207261 0.00020580398 0.10910898 0.22143388 0.37886164 6.012744e-06 0.14421578 0.2531753 0.029923614 5.155709e-05 0.00013690216 0.00047275834 0.022632318 0.0135867745 0.039647944 0.0040451577 7.331787e-05 0.012426444 0.6656581 0.0039191423 0.52515805 3.1636018e-06 0.021648087 5.1310385e-21 0.0022964885 0.005365194 0.07778441 1.2463253e-06 0.6452923 6.6347304e-05 0.39203936 0.067295924 1.537782e-05 2.604139e-05 0.04705899 0.0018006901 0.06856248 0.012863614 2.2111594e-06 0.20572215 0.00067536114 0.42252088 2.8818965e-06 0.14299013 0.16092472 0.031039992 0.34572163 0.35840875 0.29120114 0.013131614 4.4701205e-06 0.0039446778 0.10585794 2.2986027e-05 3.9754606e-05 0.00048689742 0.26990503 0.001908871 0.0062823533 0.00014478117 0.19010037 0.00085666083 0.00378749 0.09637907 0.020583618 0.08005441 5.190059e-07 0.069509745 0.023725452 7.653132e-06 0.03122773 0.058431134 0.0435734 0.0010512407 0.00018838161 0.008213326 8.424104e-07 0.031632993 8.1930675e-06 3.6342617e-06 0.0028198883 0.0035798568 0.0008614978 0.020337053 0.0028447763 0.0034679747 1.2658053e-05 4.573637e-05 0.005472641 0.0013497822 6.177606e-05 0.00046258976 0.008407067 0.009231182 0.00067106535 2.3108596e-06 0.0008623441
0.93173426 1.3311427e-05 1.5440802e-09 2.139148e-09 3.5275488e-07 4.4209838e-08 3.4776916e-05 0.07227752 0.0035118451 1.3521327e-08 0.0010817064 0.0015539834 0.10370965 4.6066185e-12 3.3965292e-10 2.7832013e-07 0.24582842 0.24698776 0.059999328 2.0332502e-06 7.749214e-07 5.7335383e-06 0.0017759323 0.47392386 0.0009543608 2.938893e-12 4.948605e-06 0.0022964885 1.0322265e-17 0.7775585 4.139928e-05 1.4708544e-07 0.00065221026 2.1185503e-08 0.011339737 0.011498304 3.8894842e-07 8.188835e-06 0.0066448217 0.29627374 0.004527161 1.6582215e-06 1.2746722e-06 0.0022010114 1.0838505e-05 0.00017967464 2.1126493e-06 0.000108423774 0.00016315002 0.00470884 0.0012668283 0.00017987177 0.00015173269 5.724371e-06 3.6587649e-06 0.036211416 0.00011092428 7.904116e-06 2.0340228e-07 0.061705984 0.00023704955 5.3957547e-06 6.3064717e-06 3.5967546e-06 0.00021573996 1.4430167e-05 6.3067905e-06 0.0001227842 2.816965e-05 0.00028661394 9.433181e-07 0.000115394054 4.8337977e-05 1.5746598e-10 0.000111102556 8.2917846e-05 3.7370508e-05 9.788972e-06 7.3532e-05 0.00064869894 0.0024047503 0.0005848271 2.83839e-09 3.6822664e-10 0.00052157795 4.9227165e-06 3.865705e-06 1.671072e-05 0.00025218347 4.5721567e-06 0.0016069799 5.376215e-10 0.18952061 2.4035212e-06 1.2788453e-07 1.5630229e-06 1.2796079e-05 2.128676e-05 0.019862166 0.024485098 0.00025436335
0.5721003 8.581976e-05 2.446538e-08 3.4936058e-08 1.5230402e-06 1.8115938e-07 2.2188662e-05 0.22359745 0.010449331 8.023359e-08 0.00090874836 0.0023720094 0.30503586 2.3659836e-09 3.255647e-08 2.5253064e-07 0.35929152 0.76471585 0.054414477 5.2994715e-06 4.9259193e-06 1.1952673e-05 0.0030012028 0.6753904 0.0009119315 1.1933116e-09 1.1980051e-05 0.005365194 0.7775585 3.3915457e-17 5.768852e-05 3.7202915e-07 0.000921182 1.2554343e-06 0.043550055 0.05658992 5.781418e-06 1.3277765e-05 0.053438082 0.8327154 0.04196071 3.5239057e-06 3.570501e-06 0.013984683 2.0099194e-05 0.0005166693 6.0000157e-06 0.00028485007 0.00038033494 0.039115276 0.0077882376 0.0004155341 0.00035241476 1.8523753e-05 9.850819e-06 0.30514345 0.00026958264 3.894811e-05 8.232201e-07 0.28254154 0.0008116133 1.2828239e-05 2.1787944e-05 1.35182545e-05 0.00049698714 1.2735792e-05 2.7065671e-05 0.00036314127 0.00010369051 0.0013221883 1.0094623e-05 0.00023131442 0.00017244898 1.516938e-09 0.00024235579 0.00040855145 8.1310034e-05 4.3419604e-05 5.7811892e-05 0.0071301414 0.003246091 0.0034247024 6.668709e-08 1.9425345e-08 0.009366702 1.52148605e-05 1.6952004e-05 4.165337e-05 0.0025739302 1.5062908e-05 0.014258284 2.8400645e-08 0.03476859 6.912809e-06 1.7451887e-06 8.18835e-06 3.2648117e-05 2.4705203e-05 0.0029575068 0.0068183085 0.0019717258
0.6800089 0.17425655 0.021462172 0.001372425 0.1540843 0.013710672 0.51783806 0.015021335 0.06639703 0.0006042135 0.32598412 0.14118373 0.00045714437 0.0018590102 0.0049773087 0.042104714 0.002241929 0.00016776579 0.015375232 0.11657922 0.003977831 0.2510959 0.11728629 5.949864e-05 0.44582146 0.002468681 0.80763763 0.07778441 4.139928e-05 5.768852e-05 4.2891552e-21 0.0002680468 0.30818897 0.0020862976 0.004416069 5.9971135e-05 0.00021781371 0.0025875813 7.212476e-05 3.269958e-06 0.00021392798 0.5629654 0.0002127991 0.00084198354 0.06755451 0.035050176 0.0001889484 0.32225436 0.24988234 2.675823e-05 0.0031286571 0.023063337 0.062395692 0.34439892 0.00062865333 9.466179e-06 0.22979027 0.0034596268 0.00083893735 7.7354656e-07 0.010021997 0.10401793 0.18749447 0.00056784 0.02912571 0.05033684 0.11774359 0.057688188 0.1558238 0.0019026933 1.4805553e-05 0.039049473 0.10126637 0.00018979704 0.046293546 0.0031184962 0.017532771 0.05915818 0.00042075219 4.599409e-05 6.6990724e-09 0.0004988357 0.00017933515 0.0003765291 3.766645e-05 0.04892857 0.029607933 0.0066292915 4.348632e-05 0.023414332 2.783817e-07 0.0013545393 0.00095661974 0.011145054 0.0041142646 0.009260742 0.011357585 0.0017500963 0.00019035336 2.6736589e-06 1.8042008e-05
