8.243377e-36 0.7855165 0.6119939 0.13975593 0.70348346 0.12335525 0.3916757 0.015190216 0.31538865 0.015926363 0.11513275 0.6113759 0.054895613 0.050235283 0.050690535 0.55496246 0.43783045 0.026637623 0.4122473 0.56401944 0.58033043 0.8397842 0.095941536 0.22670743 0.37440622 0.67138195 0.823187 0.94355685 0.03437474 0.11827465 0.021042762 0.015619287 0.7797729 0.30714798 0.6996497 0.2440099 0.019117435 0.014121343 0.95809233 0.01185985 0.007961951 0.28353342 0.008169055 0.017069561 0.015781067 0.19515075 0.74996144 0.799166 0.1677999 0.010185963 0.025473235 0.90895927 0.9862266 0.0043147276 0.009978707 0.9949794 0.045995284 0.99341077 0.046240054 0.8901215 0.0020389678 0.23059121 0.00010083121 0.00043773965 0.007391593 0.0072664595 0.00013200338 0.43593946 0.019276327 0.0009021853 2.5274145e-05 0.008666606 0.009278666 0.9949233 0.10888874 0.00010824957 0.0032120126 4.8285907e-05 0.043884043 0.010503722 0.00023338088 1.6743947e-05 0.77230847 0.00091509306 0.9976419 0.99842316 6.244809e-08 1.0482231e-07 0.99894553 0.0001278039 0.6231707 1.8075609e-05 0.00023897346 0.0077978475 1.0846699e-06 0.0076237437 0.16602153 0.9956843 0.0022410303 0.028705895 6.049299e-05
0.7855165 2.8554734e-20 0.6610691 0.2792421 0.4788123 0.17590883 0.19326909 0.1496163 0.17520043 0.1703733 0.21763037 0.15710117 0.2488037 0.24689779 0.2073875 0.04333347 0.0318235 0.16491422 0.019863253 0.15720557 0.18901326 0.17585364 0.025088873 0.028313827 0.012398863 0.02231363 0.06433907 0.3490441 0.031746853 0.0670249 0.07962957 0.101347595 0.018593803 0.019428588 0.03969181 0.00573165 0.091189235 0.009798407 0.29843342 0.05625854 0.036241297 0.0054900562 0.045888904 0.013670385 0.024763444 0.0047886465 0.0102215195 0.032967158 0.0037319066 0.0020305356 0.02229208 0.012115421 0.39745516 0.04298553 0.013621175 0.39449623 5.907555e-05 0.16634047 0.0005649461 0.0045288038 0.0017640875 0.00034464564 0.003249808 0.0020720607 0.00043983525 0.00022435097 0.00055685855 0.00019746782 0.00046364934 0.00015231564 0.0001053664 4.349395e-05 9.9617435e-05 0.025100987 0.00012930203 3.748237e-05 4.036773e-06 0.000372246 0.0004054146 2.8312204e-05 6.389997e-05 1.306431e-05 0.0006913409 0.00010582329 0.008325985 0.00870675 0.00014697322 0.00010348148 0.021782888 3.482836e-05 0.001621851 1.3911567e-05 3.849439e-05 0.00011868555 0.0001696406 7.880666e-05 6.3104155e-05 0.01224579 0.00015662595 4.491872e-06 2.1888818e-06
0.6119939 0.6610691 1.1479776e-20 0.64129114 0.09481928 0.39316785 0.037940264 0.28489947 0.032618806 0.24191453 0.35118005 0.32737002 0.1335981 0.13165411 0.083840095 0.13172045 0.114491075 0.21411479 0.08542788 0.29797795 0.1692578 0.46158376 0.0049852827 0.10714712 0.05970747 0.099248454 0.16891323 0.07150952 0.007562367 0.15918049 0.021472353 0.027049117 0.08907992 0.07533059 0.008958067 0.000790996 0.1035457 0.0027371256 0.16800207 0.012595095 0.079553 0.00087358983 0.07337541 0.0039963434 0.0050692246 0.00058580784 0.041229296 0.083224244 0.00023172464 0.00042017255 0.07350377 0.0016936419 0.20845963 0.021866897 0.0039718947 0.24138872 2.4892842e-07 0.037204415 0.0011423015 0.0084139565 0.0035620083 0.0011875451 0.0007761063 0.00036549722 0.00040021265 0.00024331432 0.00013754865 0.0006024155 0.002640428 2.9520557e-05 4.009672e-05 1.4744801e-06 0.00010429349 0.017226031 3.5847147e-06 1.7536121e-06 7.3065956e-07 0.00023573029 0.00047767445 2.6534657e-05 7.5412936e-05 1.2304091e-06 0.0019055469 0.000101744314 0.007860266 0.016601356 3.704982e-05 2.4961306e-05 0.014064372 5.6255467e-05 0.0001972081 1.2820515e-06 4.5649438e-05 0.00014966277 0.00013655845 0.00013728457 2.8515476e-06 0.028865958 9.496474e-05 3.8936412e-07 1.18364255e-07
0.13975593 0.2792421 0.64129114 2.140304e-23 0.112570405 0.6014888 0.037073724 0.38367605 0.03981957 0.32781857 0.504505 0.08512648 0.1491322 0.15317325 0.10194461 0.075278446 0.07523996 0.339626 0.052103464 0.047599256 0.052212313 0.12869501 0.011395888 0.07929988 0.04290807 0.047651865 0.07409773 0.042228732 0.016423937 0.14069965 0.03660869 0.040777132 0.034005985 0.080996275 0.011840875 0.0033839496 0.16156405 0.0062945597 0.058754932 0.023431417 0.13592717 0.0024594283 0.095667094 0.010617367 0.013816123 0.0009889591 0.013808122 0.023837224 0.0009870831 0.0017714209 0.084472805 0.004475009 0.049802348 0.06280142 0.008919279 0.034869894 2.1805104e-06 0.013452857 0.0013950653 0.0049352036 0.01738177 0.0010233794 0.0033235485 0.0016564411 0.000888171 0.0005750902 0.0007992076 0.00074822316 0.0042546834 0.00018420565 0.0005756696 8.712032e-06 0.00018173172 0.0032552844 8.990121e-05 3.278593e-07 2.9971097e-06 0.00047388164 0.00091902254 3.0278314e-05 0.0002802259 4.668234e-06 0.0013642241 0.00078507885 0.0016036624 0.0027685857 0.00022864109 0.00013605367 0.0038920152 9.8459306e-05 0.00014864077 1.0404751e-06 4.3741788e-05 0.0006810081 0.0002709177 0.00061131566 1.9680107e-05 0.011116568 0.00017644641 1.6673986e-06 1.6074127e-07
0.70348346 0.4788123 0.09481928 0.112570405 9.0597674e-20 0.054435167 0.53072256 0.0645209 0.4536474 0.08410285 0.075260155 0.08715514 0.31615517 0.310547 0.29389527 0.019286696 0.015641838 0.08701793 0.0070825997 0.072614245 0.11720637 0.05197343 0.29474363 0.008526206 0.0034934161 0.007915597 0.025696505 0.7351941 0.13703339 0.024344059 0.19794634 0.21884078 0.010047849 0.003428565 0.29876828 0.07680997 0.052698784 0.05756589 0.24441835 0.17259216 0.005222339 0.040767305 0.011021663 0.059155066 0.09532534 0.022596389 0.0072543006 0.020691799 0.0140803335 0.011452925 0.004092035 0.08598431 0.4421144 0.025995817 0.027362632 0.41228718 0.0023451038 0.46051168 0.00015600312 0.0013679919 0.00023543058 9.576982e-05 0.003080215 0.001598409 0.00026249106 0.00016059702 0.0005182516 7.4068164e-05 0.00021389392 0.0005121366 6.383242e-05 0.0010349998 3.720998e-05 0.065556824 0.0039806566 9.420119e-05 1.4659155e-05 0.00014363104 0.00017791563 1.2900499e-05 4.951945e-05 2.9774e-05 0.00038155488 0.000113612834 0.021970557 0.007944744 0.00022221435 0.00019260176 0.10001188 1.8105698e-05 0.016421635 3.5770463e-05 2.8236975e-05 4.632787e-05 5.507145e-05 3.412942e-05 0.0016010538 0.012684875 5.1601408e-05 9.966486e-05 8.708709e-06
0.12335525 0.17590883 0.39316785 0.6014888 0.054435167 9.526829e-23 0.03348904 0.32872564 0.03979925 0.30305913 0.6483711 0.10196394 0.16640125 0.18131344 0.11348211 0.1858526 0.24676622 0.36873114 0.12169482 0.054038312 0.056815524 0.16897975 0.007864517 0.2406723 0.12110846 0.12249894 0.15487602 0.024844794 0.01086257 0.29385626 0.041832786 0.04814436 0.07975166 0.17333055 0.008233172 0.0021356056 0.22006366 0.005105564 0.046078738 0.020299233 0.22228658 0.0015464715 0.15663882 0.008075257 0.010408375 0.00047205194 0.033827353 0.049963415 0.00046313953 0.0009730429 0.19482845 0.0022780132 0.03398903 0.08074221 0.0061264983 0.025886402 9.168659e-07 0.011389 0.0042130747 0.009188149 0.04772226 0.004851882 0.0017388501 0.00067538983 0.0021683297 0.0015317093 0.0002785093 0.0026603139 0.020203622 0.000119360026 0.0010038727 2.8162115e-06 0.000958746 0.0021626826 1.5167183e-05 6.53283e-08 5.9758236e-07 0.0024739653 0.002077514 9.358941e-05 0.00292523 2.431431e-06 0.00406456 0.0027937533 0.0018300439 0.0036982927 0.00034429642 0.00021828532 0.0023104986 0.0003109649 9.4432355e-05 1.4520214e-07 0.00016200269 0.0006521229 0.00052046933 0.0007479831 8.1659455e-06 0.012528213 0.00039670832 1.9513411e-06 9.7545566e-08
0.3916757 0.19326909 0.037940264 0.037073724 0.53072256 0.03348904 3.063506e-23 0.038332712 0.63522303 0.050776135 0.03849467 0.037942518 0.29696286 0.2731755 0.28462198 0.005936502 0.00732889 0.058260184 0.00497845 0.026507344 0.044487536 0.023283746 0.4011569 0.007540175 0.0030271513 0.0057831663 0.014004724 0.44456315 0.19821882 0.023572838 0.19771504 0.19994305 0.0068021296 0.005612691 0.14011212 0.05608181 0.062454835 0.08922391 0.103919104 0.14192803 0.019692637 0.027352301 0.023497619 0.08217782 0.10554581 0.014876832 0.00396275 0.009044617 0.02542049 0.024207681 0.0112003 0.047580127 0.1776033 0.05204521 0.06978511 0.09621449 0.0007276254 0.13384244 3.4386703e-05 0.00028627136 0.0011497252 2.5516258e-05 0.014312081 0.013392917 0.0001300316 7.348286e-05 0.005910669 1.982198e-05 0.00020198993 0.0009792652 4.7925638e-05 0.0004345902 2.0624419e-05 0.0047642267 0.0019507731 1.2697298e-05 2.9916027e-05 6.418231e-05 5.0707793e-05 3.029271e-06 2.092315e-05 2.644384e-05 0.00011945499 2.2790624e-05 0.0029803775 0.0018591607 0.00010205325 8.237472e-05 0.015355964 3.9210763e-06 0.003507989 6.8663962e-06 4.3927503e-06 1.9817464e-05 7.4674754e-06 1.3089877e-05 0.00022637122 0.011625686 1.2141711e-05 1.6827044e-05 2.7358049e-06
0.015190216 0.1496163 0.28489947 0.38367605 0.0645209 0.32872564 0.038332712 1.5396439e-26 0.054802783 0.7017913 0.3609118 0.06619277 0.21101408 0.2331397 0.14644611 0.048279498 0.05606432 0.57741404 0.037281677 0.03457582 0.036343813 0.06861904 0.006101206 0.06176462 0.031926166 0.028111065 0.04166155 0.021078462 0.0107321525 0.09688263 0.04597411 0.051264852 0.019016458 0.041633174 0.0062922407 0.0022746578 0.2641127 0.003935699 0.026946802 0.028000886 0.15398365 0.0010336323 0.10089559 0.010181053 0.016784808 0.00020921025 0.007549231 0.008601183 0.00039699313 0.001092531 0.08147628 0.0010982966 0.020818174 0.105028026 0.0076534767 0.011712627 1.3133484e-06 0.009119911 0.0002585191 0.0017114541 0.0245253 0.00045220516 0.0034268214 0.0015118879 0.00014472484 6.7256464e-05 0.00047504928 0.00030970885 0.0021918095 5.4443553e-05 0.0037761112 6.2941904e-06 4.225605e-05 0.0009864761 3.824939e-05 1.05357294e-07 6.4931135e-07 0.00024661407 0.00025590038 7.5765543e-06 0.00011464235 1.8711947e-06 0.00043125 0.00016852925 0.000693085 0.00048167852 0.00086838455 0.0005768495 0.00051440124 3.6355985e-05 2.1563803e-05 1.5387398e-07 1.1547182e-05 5.2855485e-05 0.00012264507 6.773614e-05 2.4480928e-06 0.0023114574 0.00013666319 2.791531e-06 1.2510318e-07
0.31538865 0.17520043 0.032618806 0.03981957 0.4536474 0.03979925 0.63522303 0.054802783 4.508369e-23 0.07734683 0.052011978 0.03442951 0.41961795 0.4087159 0.41960803 0.007935537 0.008650623 0.08355874 0.006243533 0.02319696 0.03722813 0.021800604 0.48274517 0.008944335 0.00548219 0.0065266695 0.015027755 0.37730786 0.3162306 0.02727407 0.3302369 0.31399795 0.007494698 0.008712079 0.12500688 0.057796575 0.0904858 0.13648741 0.08177317 0.22951956 0.037563328 0.027983448 0.038181208 0.15095308 0.18285619 0.014967519 0.003720968 0.007605527 0.036137603 0.04407338 0.016485529 0.041583262 0.11890751 0.08986275 0.10613508 0.057653386 0.0014205993 0.08945342 9.2520415e-05 0.00022989043 0.003350585 4.4297263e-05 0.031121995 0.026485164 0.0002985633 0.0001800525 0.014687242 4.222612e-05 0.0005790133 0.0021451975 0.00021418747 0.0008136896 4.796176e-05 0.0044609457 0.0022289907 8.3355975e-05 8.849062e-05 0.00013576038 9.446802e-05 5.7805246e-06 5.8140537e-05 9.591387e-05 8.447628e-05 8.670981e-05 0.002657902 0.0012531492 0.00028142947 0.00039267103 0.009909436 1.7078768e-05 0.002916944 2.374526e-05 1.9513123e-05 2.5354995e-05 2.1997605e-05 2.462168e-05 0.00027547707 0.009284424 3.543524e-05 4.602739e-05 1.0422384e-05
0.015926363 0.1703733 0.24191453 0.32781857 0.08410285 0.30305913 0.050776135 0.7017913 0.07734683 1.8935486e-26 0.3355931 0.065874934 0.24573551 0.2709045 0.18209217 0.04309669 0.053971075 0.61758643 0.027726391 0.033278733 0.038765352 0.06149007 0.008050749 0.054999646 0.023486435 0.018968979 0.033064004 0.022452652 0.013703018 0.08784027 0.06607876 0.06895043 0.01326738 0.034683585 0.007563651 0.0033389612 0.30462974 0.004734451 0.02870917 0.041080866 0.16330051 0.0015423982 0.11601746 0.014914891 0.023278328 0.00030959814 0.0066449894 0.006395451 0.00084560155 0.0014526744 0.08648147 0.0017783338 0.02197091 0.13585654 0.009860138 0.012356808 4.5017355e-06 0.009017974 0.00019527208 0.0010355158 0.02968226 0.00033724625 0.007250697 0.0026036275 0.00011720945 5.506016e-05 0.00085959426 0.00022959248 0.0016537422 7.13851e-05 0.007512022 1.6098413e-05 3.4850123e-05 0.0010174443 5.0606628e-05 2.722088e-07 1.7046784e-06 0.00031214897 0.00018316128 8.027072e-06 0.00014465695 4.2007555e-06 0.00024045898 0.00015597367 0.00070023275 0.0003454299 0.0013622135 0.00086029794 0.0004439466 3.6538608e-05 2.5001973e-05 4.071141e-07 1.478587e-05 3.0403893e-05 0.00011800883 3.023653e-05 3.7211378e-06 0.0012896244 0.00018421566 4.9037767e-06 3.2084102e-07
0.11513275 0.21763037 0.35118005 0.504505 0.075260155 0.6483711 0.03849467 0.3609118 0.052011978 0.3355931 1.2838642e-22 0.122997165 0.21890935 0.23129871 0.15239346 0.21986365 0.2848428 0.43774995 0.14271098 0.064915836 0.07039546 0.1917828 0.008119652 0.2746943 0.1604288 0.16203295 0.21771052 0.023137895 0.010233229 0.39536285 0.062185783 0.06315307 0.10112941 0.20337214 0.0077475784 0.001995065 0.30959734 0.003948647 0.04922731 0.027419342 0.31927457 0.0015201817 0.21853171 0.009518544 0.012118349 0.00032495675 0.03676831 0.050971527 0.0005119804 0.00081241445 0.27881217 0.001763122 0.039144624 0.12670405 0.010594351 0.028408289 8.7362133e-07 0.009600783 0.004443766 0.009249788 0.08576835 0.0022263913 0.0038760619 0.0012076257 0.0014203887 0.00077172223 0.0006139255 0.0017570967 0.028836358 8.327692e-05 0.005521347 1.842972e-06 0.0004841426 0.0027739282 1.6029826e-05 1.2276352e-07 5.416643e-07 0.003336824 0.0013621389 3.7580045e-05 0.0038904257 4.0022123e-06 0.0026397568 0.0014923527 0.0020104651 0.0025874195 0.00084953464 0.00036503968 0.0019893271 0.00035933676 9.6068026e-05 2.2923003e-07 0.00016121205 0.000190487 0.00091469614 0.00025571155 1.2081936e-05 0.008980746 0.0003811641 3.955159e-06 2.4752183e-07
0.6113759 0.15710117 0.32737002 0.08512648 0.08715514 0.10196394 0.037942518 0.06619277 0.03442951 0.065874934 0.122997165 9.39788e-19 0.092394434 0.08756407 0.06819235 0.07657399 0.05830757 0.074328125 0.0432671 0.6315863 0.53861576 0.6282364 0.010199415 0.056544144 0.033963166 0.062494755 0.12022204 0.11729498 0.013905933 0.072978616 0.029243004 0.030276053 0.05947997 0.03854813 0.010415043 0.0023428674 0.03214896 0.0051491517 0.19685455 0.016693374 0.020603703 0.002429519 0.018944077 0.008882842 0.010901108 0.0011899162 0.022130512 0.040595125 0.0010283783 0.002602476 0.029058909 0.003969708 0.14771558 0.015228197 0.013874372 0.21410382 1.3861998e-05 0.052197114 0.00096155563 0.005362186 0.0034258198 0.0010442949 0.0017218103 0.002389835 0.0009998005 0.0007192481 0.0012929537 0.0003534398 0.0012739272 0.00022172643 0.0005808852 2.0143081e-05 0.00027033672 0.029000131 6.3363404e-05 6.247118e-05 4.169908e-05 0.0013377183 0.00060800853 0.00018892929 0.00087560207 7.16675e-05 0.0011761889 0.00067583245 0.0183891 0.016991926 0.00033942037 0.0004323878 0.021614747 0.0005051846 0.00053377316 0.00011345757 0.0003124724 0.00042089022 0.0007128886 0.00032035966 3.596098e-05 0.01848086 0.00046670772 2.2595696e-05 1.3413643e-05
0.054895613 0.2488037 0.1335981 0.1491322 0.31615517 0.16640125 0.29696286 0.21101408 0.41961795 0.24573551 0.21890935 0.092394434 5.4713168e-24 0.6145866 0.5926427 0.026288614 0.034589656 0.30005965 0.017819371 0.057399243 0.071655266 0.06770629 0.11831405 0.035042595 0.016057575 0.022266457 0.047719408 0.14634027 0.18093608 0.08400655 0.36587626 0.3613388 0.019353133 0.021840887 0.040667966 0.026621303 0.27409846 0.053723615 0.059848525 0.1958538 0.15912974 0.017993854 0.141972 0.09908783 0.12748279 0.010073592 0.007586656 0.011204147 0.017731061 0.018669728 0.038813546 0.01416597 0.046596203 0.20269898 0.103908844 0.023029473 0.00056635594 0.021702668 0.0004524157 0.00057900505 0.036290586 0.00033719788 0.03667977 0.022607343 0.00068770524 0.0003685608 0.012387315 0.00020200342 0.0018238205 0.0011327605 0.006807892 0.00024347818 0.000104603976 0.0035487679 0.0007670619 2.7509975e-06 1.6445589e-05 0.00031876302 0.00040427374 8.2734705e-06 0.00014711148 3.344476e-05 0.0001597008 0.00026561457 0.0019183975 0.00080188503 0.0038173904 0.0029111092 0.002584836 2.2003187e-05 0.00043527313 2.9767625e-06 2.0865444e-05 3.4881945e-05 8.469424e-05 3.629107e-05 9.2677874e-05 0.006124629 5.412306e-05 3.2577856e-05 3.4604698e-06
0.050235283 0.24689779 0.13165411 0.15317325 0.310547 0.18131344 0.2731755 0.2331397 0.4087159 0.2709045 0.23129871 0.08756407 0.6145866 2.4925695e-24 0.61162484 0.0251896 0.03497712 0.32421705 0.017670114 0.052981354 0.06749645 0.057090957 0.11410551 0.038735196 0.017253298 0.021170251 0.04132243 0.101552315 0.1922121 0.08748684 0.39595354 0.3872475 0.01730656 0.020417506 0.035848852 0.024201471 0.29850146 0.05802661 0.053421307 0.2164508 0.19521411 0.014725172 0.16218553 0.11731802 0.153346 0.0068021487 0.0063373707 0.008765223 0.015338237 0.019237198 0.044825155 0.012799993 0.038231134 0.23210709 0.12621588 0.019570041 0.00053051533 0.01972784 0.0004925407 0.00039681012 0.044658385 0.00033631088 0.046247013 0.026221745 0.00062039704 0.00036322174 0.013799367 0.00019097394 0.002303435 0.00076133426 0.008129077 0.00020006036 9.7597076e-05 0.0032744736 0.0006424202 3.990192e-06 1.7629076e-05 0.00036523765 0.0003300077 5.9343515e-06 0.00014210289 2.7392603e-05 0.00011713637 0.00025683283 0.0019450762 0.0006400539 0.004673718 0.0030474856 0.0020059375 1.9276411e-05 0.00035676482 2.222705e-06 2.002473e-05 2.565294e-05 6.9256144e-05 2.5619032e-05 7.849687e-05 0.0048485026 5.1192033e-05 4.0929495e-05 4.84538e-06
0.050690535 0.2073875 0.083840095 0.10194461 0.29389527 0.11348211 0.28462198 0.14644611 0.41960803 0.18209217 0.15239346 0.06819235 0.5926427 0.61162484 4.036051e-24 0.017405026 0.02386017 0.24433075 0.012470345 0.036328122 0.047717508 0.03608007 0.17406449 0.024705607 0.013918239 0.015077986 0.028359558 0.08557811 0.28339303 0.07037343 0.46301287 0.45978543 0.014071656 0.016147695 0.038951393 0.030108677 0.27680963 0.09029965 0.037532154 0.290256 0.1724118 0.015639259 0.14198762 0.16943061 0.20270593 0.0086815115 0.0036552812 0.004337468 0.020570422 0.02616065 0.041468594 0.013415953 0.028560031 0.25129628 0.17486528 0.014586563 0.0012229813 0.016512759 0.00027741664 0.00032621398 0.036420748 0.0003261804 0.05666407 0.035825003 0.00043342798 0.00022299579 0.01893592 0.0001713101 0.0032454457 0.0010111345 0.006495703 0.00042375096 7.6435674e-05 0.00295575 0.0012071796 1.443157e-05 3.0884363e-05 0.00023740475 0.00021885938 2.8522438e-06 0.000144443 5.4812772e-05 9.245744e-05 0.00026786485 0.0017423559 0.0004354847 0.0039516473 0.0027890017 0.0014155144 2.618411e-05 0.00041425804 4.4388034e-06 2.5851823e-05 1.9843883e-05 4.5911835e-05 1.5998974e-05 0.0001444912 0.004390715 4.304052e-05 7.833198e-05 9.583381e-06
0.55496246 0.04333347 0.13172045 0.075278446 0.019286696 0.1858526 0.005936502 0.048279498 0.007935537 0.04309669 0.21986365 0.07657399 0.026288614 0.0251896 0.017405026 3.848369e-21 0.63310546 0.042834286 0.5682954 0.054530367 0.05275341 0.25141653 0.00128801 0.4371178 0.51213735 0.39141417 0.29402074 0.018431183 0.0031566257 0.27719262 0.0072670197 0.0076296967 0.24811807 0.373559 0.0031640097 0.00018264513 0.040942803 0.0013809978 0.06246432 0.004691816 0.089117505 0.0003242426 0.05973672 0.0034193746 0.0043733246 0.00017920643 0.12705201 0.15116997 0.00036194548 0.00055605615 0.13708246 0.0012691289 0.057267345 0.0071759177 0.00501747 0.086334825 4.10358e-07 0.016280994 0.012217747 0.06443841 0.010251856 0.00802087 0.0003258881 7.026068e-05 0.0039466103 0.0029709954 7.886944e-05 0.0051022666 0.027236147 6.2639956e-05 8.10397e-05 2.3000443e-06 0.002408103 0.0070888395 2.267104e-06 1.9354735e-07 9.629238e-07 0.0011321427 0.0025181542 0.00084283313 0.0021241559 5.7485653e-07 0.0101016695 0.0042614285 0.0050128167 0.039154746 0.00013025453 8.5595806e-05 0.008257115 0.0006277837 0.000119345576 3.4706738e-07 0.00056651124 0.0023421266 0.00038921586 0.0021790492 9.061292e-06 0.07733667 0.0015481863 1.6310396e-06 9.3765e-08
0.43783045 0.0318235 0.114491075 0.07523996 0.015641838 0.24676622 0.00732889 0.05606432 0.008650623 0.053971075 0.2848428 0.05830757 0.034589656 0.03497712 0.02386017 0.63310546 8.0010973e-22 0.052465037 0.48902678 0.044165324 0.038766295 0.20524952 0.0016415901 0.60462856 0.5473575 0.33720705 0.23643976 0.010759141 0.0035644537 0.38067698 0.01060746 0.011438643 0.19414365 0.49122465 0.0027213255 0.00026842335 0.06418359 0.0019754732 0.0430736 0.0054490417 0.14415307 0.00054515054 0.10070355 0.0040698275 0.0048775068 0.0001580986 0.09311664 0.10145054 0.0003916508 0.00068838045 0.22901475 0.0015923651 0.046104982 0.0117180515 0.0064828363 0.062046733 6.686538e-07 0.011627254 0.015349149 0.052072942 0.02745998 0.010585702 0.0004231331 8.6098655e-05 0.0058387276 0.004718535 0.00011132688 0.006424325 0.05010078 0.00011874353 0.00017372843 3.3378114e-06 0.004261778 0.006072318 2.936434e-06 2.0591045e-07 1.083973e-06 0.0024663634 0.00278962 0.0012742225 0.0066989013 2.2234153e-06 0.008881411 0.0088174855 0.0061496207 0.024761733 0.00034810862 0.00030358825 0.0075580017 0.002646173 0.0001333718 6.075158e-07 0.001370149 0.0027973566 0.00094844325 0.0025526774 2.4252282e-05 0.050129842 0.0036020533 6.7290875e-06 2.0486176e-07
0.026637623 0.16491422 0.21411479 0.339626 0.08701793 0.36873114 0.058260184 0.57741404 0.08355874 0.61758643 0.43774995 0.074328125 0.30005965 0.32421705 0.24433075 0.042834286 0.052465037 3.441987e-24 0.033369433 0.035599675 0.036749985 0.056998182 0.0106974 0.059176363 0.027679222 0.025120797 0.031163158 0.025161173 0.021574209 0.13484862 0.100789614 0.098001495 0.015997427 0.04223476 0.0072028013 0.0019508845 0.47253412 0.0063514877 0.031122068 0.06136976 0.2754675 0.0011455049 0.19625732 0.020045236 0.040324874 0.00028482484 0.008251944 0.009223759 0.00044077443 0.0017710316 0.16201758 0.0021976018 0.01779922 0.25542367 0.025171211 0.009887432 4.481004e-06 0.007080553 0.00016635009 0.0008266964 0.07961098 0.00010613863 0.0191762 0.006523301 6.0475046e-05 3.118563e-05 0.0019974534 0.00016820442 0.0030599704 0.00010267325 0.022739215 1.6294265e-05 2.7382102e-05 0.0012656926 9.172927e-05 1.0979226e-06 2.203169e-06 0.0008926716 0.00012545405 4.5599904e-06 0.0003397016 1.09969415e-05 0.00012204336 0.00015503168 0.0006011248 0.00030913434 0.0024270574 0.0015056086 0.00031216472 5.2275685e-05 5.102349e-05 4.7105019e-07 2.2445656e-05 1.33128615e-05 0.00029190368 1.0173399e-05 8.81677e-06 0.0016792465 0.00017291635 1.4751054e-05 6.0399367e-07
0.4122473 0.019863253 0.08542788 0.052103464 0.0070825997 0.12169482 0.00497845 0.037281677 0.006243533 0.027726391 0.14271098 0.0432671 0.017819371 0.017670114 0.012470345 0.5682954 0.48902678 0.033369433 6.424852e-20 0.03382208 0.027742634 0.19072922 0.0011544854 0.36137217 0.5481172 0.40178126 0.26616937 0.0064129145 0.0024575165 0.2279361 0.0055066072 0.0058262874 0.24809445 0.36414152 0.0013716536 0.00010472645 0.027549362 0.0011086474 0.024926215 0.004113311 0.064125665 0.00013383635 0.043609317 0.0023688786 0.0036319597 5.0285595e-05 0.12140899 0.1343963 0.0001475531 0.0004484771 0.11037794 0.0004966024 0.027218815 0.003159389 0.00346219 0.045590684 1.6428015e-07 0.006417785 0.028348025 0.09159795 0.0067851027 0.018955892 0.00017731955 4.3906577e-05 0.00981782 0.0073694354 2.6664995e-05 0.012923183 0.03920485 3.2296542e-05 4.1025316e-05 9.77834e-07 0.004600054 0.0040684943 6.633338e-07 2.1304895e-07 6.3746705e-07 0.00057041046 0.0050548366 0.0016719535 0.0009940036 3.2538048e-07 0.01679861 0.0051374286 0.0040977066 0.039649107 0.00010598347 6.117011e-05 0.0045584445 0.0005793793 2.5925843e-05 1.78656e-07 0.0005660732 0.0025008249 0.00019435298 0.0025951013 8.308549e-07 0.0832586 0.0012203387 3.888939e-07 1.6616971e-07
0.56401944 0.15720557 0.29797795 0.047599256 0.072614245 0.054038312 0.026507344 0.03457582 0.02319696 0.033278733 0.064915836 0.6315863 0.057399243 0.052981354 0.036328122 0.054530367 0.044165324 0.035599675 0.03382208 2.3522643e-20 0.85728234 0.69261193 0.0059208577 0.03381665 0.025300497 0.046423074 0.08706195 0.10969939 0.0075324103 0.03676291 0.012674356 0.0134779755 0.039051596 0.025005883 0.004697916 0.0010593901 0.013889491 0.0028410782 0.53039163 0.008950197 0.009179654 0.00076060416 0.009509394 0.0050373534 0.0085242875 0.00033962628 0.012211969 0.021537611 0.00045729266 0.0015240582 0.017633902 0.0012563532 0.122135155 0.008917115 0.010463661 0.17552109 7.871567e-06 0.041198354 0.0006710798 0.002240916 0.0017862731 0.00052747905 0.000978481 0.0010085145 0.0002006322 0.0001399182 0.0010721483 8.2211e-05 0.0011759641 0.000111591035 0.00046590943 7.3654223e-06 0.00018551375 0.016184403 2.8532928e-05 3.805288e-05 6.0002562e-06 0.00060553104 0.00020424019 3.62234e-05 0.00021964916 1.907707e-05 0.0005282079 0.00022453677 0.009473328 0.016398871 6.3463434e-05 7.557882e-05 0.012694763 0.00013483588 0.00019031814 3.265659e-05 7.664231e-05 0.00013234525 0.0001801054 0.00018178755 4.6409255e-06 0.030385 0.00025436218 6.014235e-06 5.5132064e-06
0.58033043 0.18901326 0.1692578 0.052212313 0.11720637 0.056815524 0.044487536 0.036343813 0.03722813 0.038765352 0.07039546 0.53861576 0.071655266 0.06749645 0.047717508 0.05275341 0.038766295 0.036749985 0.027742634 0.85728234 1.6543305e-20 0.28056416 0.0087415455 0.028884571 0.017996155 0.03935299 0.082458526 0.17193694 0.01071441 0.03353205 0.018672576 0.020797314 0.030711163 0.021603754 0.009360594 0.0029156269 0.015660692 0.0042849854 0.66008675 0.01272608 0.009443362 0.001717793 0.010364095 0.006155808 0.010289047 0.0007278051 0.009335503 0.0213348 0.001131576 0.0017906447 0.018430969 0.0028719443 0.18428239 0.009715472 0.01094463 0.22636901 2.880837e-05 0.0612927 0.0006794272 0.0021780487 0.0015562456 0.0004701089 0.001008658 0.0010487278 0.00027207064 0.0001864851 0.0011165852 7.833632e-05 0.0011757571 0.00016110783 0.00038995242 1.6234533e-05 0.00020290777 0.019562162 9.962571e-05 4.5670382e-05 1.1160672e-05 0.0005336897 0.00018753039 3.0154804e-05 0.00015748493 3.454803e-05 0.00041562525 0.00018033452 0.010484008 0.014021856 7.973614e-05 7.904233e-05 0.018631771 7.230913e-05 0.00041478718 3.356964e-05 5.8058373e-05 0.00015253137 0.00015877704 0.00016333106 2.1273934e-05 0.019793188 0.00020896638 9.4655825e-06 1.1044036e-05
0.8397842 0.17585364 0.46158376 0.12869501 0.05197343 0.16897975 0.023283746 0.06861904 0.021800604 0.06149007 0.1917828 0.6282364 0.06770629 0.057090957 0.03608007 0.25141653 0.20524952 0.056998182 0.19072922 0.69261193 0.28056416 3.5852464e-18 0.0035315463 0.17479959 0.13946365 0.31356823 0.62583506 0.052004773 0.00529035 0.14195736 0.011097248 0.0113800205 0.39856258 0.1612681 0.0037226204 0.00025042339 0.020735797 0.0020104854 0.10294136 0.009253918 0.018848747 0.00036780135 0.018179199 0.004819069 0.007873819 0.00021857113 0.09546841 0.1536753 0.0002133988 0.00107335 0.041277893 0.0015585107 0.11148568 0.010572474 0.016794035 0.26822048 2.7800827e-06 0.023179859 0.0046839537 0.025718562 0.0040419493 0.00390728 0.0010137254 0.0010909818 0.0011418001 0.0009238261 0.00073424197 0.0017977061 0.0038170284 0.00013549664 0.00046504516 1.0822485e-05 0.0007994332 0.03629067 7.662546e-06 2.9634597e-05 2.100999e-05 0.0019005134 0.0015987544 0.00029127268 0.0009626392 3.2282496e-05 0.0027984122 0.0021536555 0.025562946 0.072739825 0.00015497315 0.00015082781 0.023876885 0.00037852113 8.2856655e-05 5.738974e-05 0.00032064482 0.000986446 0.00058361446 0.0010262607 1.2771933e-06 0.08664626 0.0013054765 5.297223e-06 1.3988811e-05
0.095941536 0.025088873 0.0049852827 0.011395888 0.29474363 0.007864517 0.4011569 0.006101206 0.48274517 0.008050749 0.008119652 0.010199415 0.11831405 0.11410551 0.17406449 0.00128801 0.0016415901 0.0106974 0.0011544854 0.0059208577 0.0087415455 0.0035315463 6.1230373e-21 0.0013582266 0.0010943528 0.0017318991 0.0020507183 0.17422245 0.5506662 0.0051347297 0.3096511 0.24558824 0.00089913694 0.0011993042 0.21378744 0.342396 0.015237596 0.4555847 0.014319722 0.24240007 0.0034272233 0.1388417 0.0037970163 0.32241413 0.24418077 0.07491163 0.0010244364 0.001574344 0.4544705 0.26388815 0.0055043 0.09362328 0.018857403 0.03617424 0.14231881 0.009873161 0.030979352 0.04467994 7.2504336e-05 0.00010862124 0.0017211087 0.00012366747 0.016146949 0.015407709 0.00026651155 0.00016224915 0.009737117 6.6154156e-05 0.0008796802 0.012231422 6.81611e-05 0.009962433 0.00013605705 0.0028719539 0.008671244 0.0003559587 0.0017867401 6.627679e-05 6.427548e-05 5.528776e-06 4.0048373e-05 0.0007524189 3.7364236e-05 6.1273575e-05 0.0011370959 0.00015332314 0.00026044258 0.00021887315 0.0059733656 1.5119929e-05 0.0061544254 0.00030122456 1.4645517e-05 4.141496e-05 1.1524113e-05 3.346818e-05 0.0022373137 0.001767763 4.150412e-05 0.0008074636 0.00038038264
0.22670743 0.028313827 0.10714712 0.07929988 0.008526206 0.2406723 0.007540175 0.06176462 0.008944335 0.054999646 0.2746943 0.056544144 0.035042595 0.038735196 0.024705607 0.4371178 0.60462856 0.059176363 0.36137217 0.03381665 0.028884571 0.17479959 0.0013582266 6.968921e-21 0.5129428 0.31898916 0.25925723 0.005161731 0.003220283 0.47697884 0.008702239 0.008350668 0.23243117 0.6346468 0.0016475666 0.00016595126 0.089799166 0.001294686 0.03357584 0.0037845818 0.21276595 0.0005047196 0.14219137 0.0020530303 0.00513376 0.00015440032 0.10781926 0.119104736 0.0003107008 0.0006732923 0.3443642 0.0007992076 0.028560966 0.015724031 0.00833629 0.031891964 1.344204e-06 0.005145323 0.044189867 0.0856162 0.050010227 0.023762317 0.0008490014 0.00024384884 0.019033875 0.015220762 0.0001866593 0.018317552 0.13333148 6.986785e-05 0.00062145287 2.4373444e-06 0.01188043 0.005343227 3.1275772e-06 4.6999344e-07 5.783841e-07 0.0043894653 0.004933952 0.0012651786 0.015880695 3.509655e-06 0.013732302 0.016825913 0.0042071845 0.019581812 0.0006618868 0.00041086008 0.0033587413 0.0062187677 2.879409e-05 9.919064e-07 0.0042263707 0.0027354294 0.0009911571 0.002408 5.586686e-06 0.04310336 0.0043957597 3.28208e-06 8.5557195e-07
0.37440622 0.012398863 0.05970747 0.04290807 0.0034934161 0.12110846 0.0030271513 0.031926166 0.00548219 0.023486435 0.1604288 0.033963166 0.016057575 0.017253298 0.013918239 0.51213735 0.5473575 0.027679222 0.5481172 0.025300497 0.017996155 0.13946365 0.0010943528 0.5129428 1.0868466e-19 0.38169503 0.22919801 0.00297718 0.0026102136 0.31709987 0.00624236 0.0063043013 0.22633725 0.51539034 0.0008246527 9.0919566e-05 0.033055395 0.0012398661 0.0187684 0.004487103 0.09293898 0.00013244145 0.06461296 0.0025573447 0.004332726 2.8969876e-05 0.12562549 0.12751473 0.00015518758 0.00047201884 0.1736207 0.00032882017 0.017715335 0.0030092248 0.003674739 0.02734461 1.1697857e-07 0.003568668 0.054258402 0.11955975 0.012330898 0.035093844 0.00014327506 4.108326e-05 0.02157587 0.017669648 2.4428302e-05 0.021011215 0.08366906 3.5031993e-05 5.1013463e-05 9.4878374e-07 0.007639636 0.0028778305 3.9085674e-07 3.2146247e-07 4.6099967e-07 0.00074810616 0.007518774 0.0024938954 0.0024346833 4.880763e-07 0.022920053 0.010893137 0.0029102766 0.03513327 0.00015302587 0.00010072827 0.0029641704 0.0013306586 6.6562056e-06 2.6335195e-07 0.0012621452 0.0037203522 0.00020539516 0.003480208 5.9739085e-07 0.079232275 0.002108272 7.104165e-07 2.3948004e-07
0.67138195 0.02231363 0.099248454 0.047651865 0.007915597 0.12249894 0.0057831663 0.028111065 0.0065266695 0.018968979 0.16203295 0.062494755 0.022266457 0.021170251 0.015077986 0.39141417 0.33720705 0.025120797 0.40178126 0.046423074 0.03935299 0.31356823 0.0017318991 0.31898916 0.38169503 7.353843e-17 0.55952966 0.008330727 0.0035047436 0.24693002 0.0045692236 0.0042592585 0.5661238 0.37620643 0.0010881757 5.3446e-05 0.014810815 0.00080266583 0.039641242 0.0029643062 0.029287314 0.00011928652 0.024279233 0.0021779875 0.0029208844 4.927091e-05 0.26268736 0.2560076 9.73331e-05 0.0007310248 0.11304048 0.00049885426 0.041397404 0.0017674301 0.0051420266 0.114762194 5.662902e-07 0.00827645 0.035883848 0.18357575 0.0037174404 0.032101996 0.00023354187 0.0001338061 0.013561616 0.012126644 9.8733675e-05 0.02486593 0.028624315 5.2634114e-05 6.776044e-05 4.0041823e-06 0.0051941024 0.019569797 1.7841227e-06 2.1174942e-06 5.607306e-06 0.0008073019 0.008329936 0.0020285014 0.0006612685 5.1561246e-06 0.021244802 0.0031359144 0.02439418 0.19330253 0.000120500445 0.00011732039 0.01673304 0.00029477273 9.092377e-06 2.466764e-06 0.00047673352 0.0022809901 0.00028129667 0.0031365876 6.1924516e-07 0.2172712 0.0016780604 5.8465866e-07 3.4750808e-06
0.823187 0.06433907 0.16891323 0.07409773 0.025696505 0.15487602 0.014004724 0.04166155 0.015027755 0.033064004 0.21771052 0.12022204 0.047719408 0.04132243 0.028359558 0.29402074 0.23643976 0.031163158 0.26616937 0.08706195 0.082458526 0.62583506 0.0020507183 0.25925723 0.22919801 0.55952966 4.2858908e-18 0.02621664 0.0053616515 0.22347352 0.009041767 0.007912201 0.7459249 0.30126396 0.0045796437 8.7160915e-05 0.018745432 0.0017315896 0.11999743 0.005763334 0.021065878 0.0004008112 0.020419681 0.002901417 0.005550158 0.00022129883 0.2667272 0.33039513 0.0001597526 0.00094139593 0.061194554 0.0016832012 0.102377795 0.005998927 0.010399266 0.23208568 3.4593943e-06 0.024179988 0.013729218 0.12797637 0.003697663 0.016035812 0.0005675933 0.0003196614 0.0046712807 0.0036536306 0.00036143273 0.008903235 0.011416655 4.8665224e-05 0.00023137376 1.0071238e-05 0.0020068216 0.04521485 5.854529e-06 5.170996e-06 9.689453e-06 0.0015542797 0.0034931516 0.0011450709 0.0012660039 1.4112262e-05 0.01145569 0.0039677136 0.04056435 0.23232864 8.235508e-05 8.0272366e-05 0.030288242 0.00032369018 5.9918188e-05 9.724806e-06 0.00043459935 0.002051172 0.00030419193 0.0025661043 2.093182e-06 0.19900014 0.0019697084 2.6847786e-06 7.859444e-06
0.94355685 0.3490441 0.07150952 0.042228732 0.7351941 0.024844794 0.44456315 0.021078462 0.37730786 0.022452652 0.023137895 0.11729498 0.14634027 0.101552315 0.08557811 0.018431183 0.010759141 0.025161173 0.0064129145 0.10969939 0.17193694 0.052004773 0.17422245 0.005161731 0.00297718 0.008330727 0.02621664 1.8372512e-19 0.0686377 0.0076781022 0.057123944 0.06411451 0.008638396 0.0016969529 0.34573838 0.09083533 0.008966934 0.028879626 0.3791374 0.04007835 0.0023235222 0.047040988 0.0031070923 0.019956607 0.027495135 0.036952943 0.0062175673 0.017470147 0.010486813 0.006680725 0.0030144928 0.10455557 0.6057471 0.007299621 0.012656238 0.55336773 0.0053927614 0.72618264 0.00010545999 0.0012392662 0.00036279613 4.7241065e-05 0.00033571498 0.00018361546 5.9605358e-05 4.0945848e-05 0.00014449356 3.1155905e-05 0.00020531936 0.00043112022 0.0001295605 0.001882036 4.674651e-05 0.098005354 0.0046216934 7.2122486e-05 2.8282762e-05 0.00027469423 8.168847e-05 5.2894793e-06 0.00013264014 0.00034132204 0.00018064916 0.00018244545 0.05840658 0.009210617 5.4812044e-05 6.44146e-05 0.1443104 4.1381838e-05 0.017714659 4.2153773e-05 5.7854806e-05 2.2718645e-05 8.4460095e-05 1.3374797e-05 0.0032749437 0.009777315 0.0001518576 0.00059595896 3.663847e-05
0.03437474 0.031746853 0.007562367 0.016423937 0.13703339 0.01086257 0.19821882 0.0107321525 0.3162306 0.013703018 0.010233229 0.013905933 0.18093608 0.1922121 0.28339303 0.0031566257 0.0035644537 0.021574209 0.0024575165 0.0075324103 0.01071441 0.00529035 0.5506662 0.003220283 0.0026102136 0.0035047436 0.0053616515 0.0686377 6.657094e-23 0.006481192 0.48255035 0.41356108 0.0027761657 0.0032940966 0.081955194 0.09959434 0.038710464 0.4597286 0.009682124 0.3784102 0.0064882515 0.0572401 0.0077328896 0.41029206 0.31111333 0.030022915 0.0013989839 0.0017804754 0.13341644 0.24335721 0.007942842 0.030214343 0.01602832 0.062495872 0.15003984 0.0089084795 0.009921374 0.018797508 0.00028494897 0.00029019554 0.0021112456 0.00032993092 0.028727949 0.019904582 0.00038113134 0.00023600359 0.01141648 0.00022855129 0.002400319 0.005533685 0.00018466596 0.003769881 0.00013648605 0.0033540714 0.005170609 0.0001745703 0.00028600232 3.3164622e-05 7.13576e-05 3.0487092e-06 2.7018015e-05 0.00027400322 7.156191e-05 0.0001682569 0.0011151923 0.00014942417 0.00030471483 0.0004547834 0.0017459537 1.8695371e-05 0.0015612071 3.145754e-05 1.685949e-05 2.456211e-05 7.944418e-06 3.229235e-05 0.0006885843 0.0015073046 6.789028e-06 0.0003187749 0.00011734221
0.11827465 0.0670249 0.15918049 0.14069965 0.024344059 0.29385626 0.023572838 0.09688263 0.02727407 0.08784027 0.39536285 0.072978616 0.08400655 0.08748684 0.07037343 0.27719262 0.38067698 0.13484862 0.2279361 0.03676291 0.03353205 0.14195736 0.0051347297 0.47697884 0.31709987 0.24693002 0.22347352 0.0076781022 0.006481192 2.1880838e-18 0.024353625 0.024134802 0.15840362 0.49514386 0.0017199183 0.0010399678 0.40638372 0.0026672566 0.029419221 0.013086308 0.4644512 0.0009867479 0.43751782 0.0092958985 0.01579498 0.00040673462 0.07606416 0.07966825 0.0015725404 0.0014345157 0.59003085 0.0013148662 0.024417784 0.16339514 0.04492995 0.026143566 2.8807164e-05 0.008538269 0.035396237 0.033890754 0.29027936 0.01825318 0.011496178 0.004820124 0.012499416 0.009155161 0.0031901544 0.010964427 0.23564728 0.00051300356 0.009717418 3.3980774e-05 0.012489328 0.01354726 0.00031501718 7.1861587e-07 5.0421136e-06 0.00806494 0.0050284183 0.0004783361 0.027211368 1.9161182e-05 0.008182996 0.016460912 0.006371447 0.010262763 0.00071801443 0.0005972306 0.0042511667 0.0059330105 0.00017082295 3.6968697e-06 0.0040282747 0.0012172017 0.0019480662 0.0011496987 6.1881365e-05 0.029554058 0.003317864 9.617923e-05 5.3362146e-06
0.021042762 0.07962957 0.021472353 0.03660869 0.19794634 0.041832786 0.19771504 0.04597411 0.3302369 0.06607876 0.062185783 0.029243004 0.36587626 0.39595354 0.46301287 0.0072670197 0.01060746 0.100789614 0.0055066072 0.012674356 0.018672576 0.011097248 0.3096511 0.008702239 0.00624236 0.0045692236 0.009041767 0.057123944 0.48255035 0.024353625 8.489904e-23 0.5681885 0.0047121085 0.008453101 0.044136174 0.050847236 0.21163581 0.3396981 0.015974475 0.48356798 0.068162605 0.02299151 0.06329942 0.41409084 0.384998 0.011260342 0.001834896 0.002694846 0.038341686 0.11972011 0.023158228 0.014963317 0.018732863 0.2690002 0.292506 0.008995156 0.0036074384 0.014632179 0.0003484366 0.000355634 0.01958905 0.00048245504 0.08588019 0.05655165 0.00034407992 0.00018998845 0.026191056 0.00018466507 0.0058528157 0.002043377 0.0045916457 0.0013236954 0.00012693588 0.0042093056 0.003830941 0.00021622254 5.8202397e-05 0.0001339473 0.00020104727 2.3811942e-06 9.155648e-05 0.00016510152 7.1318e-05 0.00027853693 0.001190444 0.00034671277 0.0028350693 0.0021240325 0.0011264933 1.6721782e-05 0.0010361767 1.5042464e-05 2.1450236e-05 2.2650174e-05 1.096455e-05 2.4965735e-05 0.0004135308 0.002286351 1.064578e-05 0.00029660368 2.676446e-05
0.015619287 0.101347595 0.027049117 0.040777132 0.21884078 0.04814436 0.19994305 0.051264852 0.31399795 0.06895043 0.06315307 0.030276053 0.3613388 0.3872475 0.45978543 0.0076296967 0.011438643 0.098001495 0.0058262874 0.0134779755 0.020797314 0.0113800205 0.24558824 0.008350668 0.0063043013 0.0042592585 0.007912201 0.06411451 0.41356108 0.024134802 0.5681885 2.0680788e-22 0.003764655 0.007234545 0.041445505 0.046583857 0.20940837 0.25813612 0.019332742 0.4067929 0.07178689 0.018082058 0.070462026 0.34876272 0.31324688 0.00831927 0.002071387 0.0031490934 0.022656005 0.0660481 0.022920562 0.013428363 0.02059321 0.24325323 0.25312364 0.008979317 0.0022663714 0.014487647 0.0005643153 0.0002715574 0.02423089 0.00033837804 0.0836477 0.060216464 0.00022239266 0.000119479264 0.021746207 0.00013785962 0.0037703537 0.0012621235 0.0042842296 0.0006982353 8.56586e-05 0.0044554505 0.0026982494 0.00010906946 3.5705943e-05 0.00010455969 0.00017650246 3.9413812e-06 9.555261e-05 7.67409e-05 5.4998396e-05 0.00027099857 0.0014766783 0.00031285826 0.0018369061 0.0014003074 0.001696935 1.2422817e-05 0.0008240996 6.871978e-06 1.8594781e-05 2.7575183e-05 6.042705e-06 2.493466e-05 0.00027491176 0.0022122434 1.1866128e-05 0.00019502176 1.6352129e-05
