2.5702933e-36 0.17288974 0.05511726 0.22977024 0.2896724 0.03810587 0.021346392 0.27838236 0.006351327 0.39840934 0.04625762 0.007965448 0.30714196 0.024550907 0.01743182 0.017834459 0.027230747 0.35597613 0.50188977 0.056235384 0.013948867 0.4306982 0.0056586647 0.011951261 0.011109017 0.67882764 0.007825176 0.06597162 0.6961743 0.061334394 0.58485 0.059153274 0.0010201165 0.0016754986 0.0006800236 0.7750508 0.14182718 0.23612224 0.25939554 0.0011323128 0.5854725 0.0013808588 0.024373002 0.22047363 0.01798622 0.025177697 0.018068846 0.5228022 0.6180246 0.0002449471 0.023622703 0.003330883 0.5655559 0.009861987 0.003061453 0.05884108 0.7690129 0.7168888 0.011189817 0.00844322 0.008249724 0.8968562 0.18426946 0.66513187 0.92957026 0.052478738 0.006033564 0.0060059275 0.0013004415 0.00021688404 0.6366945 0.0011843286 0.0004887623 0.07037714 0.023605531 0.0012480577 0.672799 0.025762798 0.96246254 3.593722e-07 0.018518368 1.8298796e-07 0.104432695 0.9845595 0.00050779927 0.14849904 0.7423905 0.9891204 0.0008544834 0.046926968 0.9568911 0.9605513 4.9576996e-09 0.96651566 1.1685295e-08 3.4213957e-05 2.7581314e-05 0.0058985483 0.9955782 0.0124689415 0.0017317
0.17288974 3.352271e-20 0.21218327 0.66953725 0.57360494 0.1779548 0.41727152 0.57994586 0.25371066 0.44329372 0.08107235 0.1992474 0.44851393 0.08442766 0.08220737 0.086782135 0.124662 0.31789246 0.46675918 0.06181428 0.18920399 0.13176307 0.092256166 0.020863697 0.029939521 0.11076725 0.020570299 0.043077614 0.3371659 0.042313296 0.32296985 0.031170841 0.042709257 0.018195868 0.024136605 0.22006957 0.0049985386 0.0039278492 0.06948293 0.014583559 0.2709932 0.009310155 0.0079846475 0.004239838 0.0023967952 0.008100799 0.076641664 0.080560595 0.25741374 0.00327492 0.0015565649 0.004127491 0.059143428 0.001435577 0.016540924 0.00044415903 0.2400606 0.030985082 0.00035673185 0.00036625948 0.0001865609 0.1909691 0.0064998576 0.0029289776 0.035278693 0.0032802385 0.0021897224 7.8823956e-05 0.0011236726 0.0012022587 0.015362137 0.0003272822 0.001367495 9.569714e-05 0.0014496284 8.6069675e-05 0.0007384863 6.348692e-05 0.024413697 0.0006744884 1.1551356e-05 0.00065545767 4.5001754e-05 0.023749582 9.1371817e-07 0.002032528 0.0017228461 0.0059221596 4.3161035e-05 4.1942944e-06 0.034260593 0.010472166 7.6199885e-06 0.024397159 1.7990523e-06 2.9440847e-07 1.9051553e-06 0.00061440223 0.0009002686 8.794859e-06 9.709145e-06
0.05511726 0.21218327 1.3264849e-21 0.15694897 0.22707947 0.67787457 0.23438989 0.11933633 0.32298568 0.1854942 0.5344937 0.23420325 0.12993388 0.46658963 0.42824575 0.37464023 0.410319 0.41262957 0.17034952 0.0072254883 0.029387737 0.21700718 0.10741834 0.0011685125 0.0022134297 0.16231957 0.0013588674 0.109084666 0.12591949 0.102440275 0.08865712 0.073798776 0.010271522 0.0014386745 0.012624895 0.16837566 0.015824923 0.010628724 0.0066078785 0.0012572863 0.13752285 0.0007854758 0.027079547 0.023833174 0.00012223184 0.022002406 0.30718952 0.066512756 0.05701288 0.0012820564 0.0040158564 0.00025706884 0.054362163 0.009218329 0.10524068 0.002003654 0.059148956 0.0020321482 0.001106498 0.0016442161 0.0010544617 0.01952801 0.0004536879 0.0044722105 0.025998892 0.00024009167 0.0039878017 0.00012644655 0.0054100384 0.0029623718 0.0007768224 0.0014077513 0.003281093 0.00016497182 0.00022064932 0.00048908236 0.0008113347 8.059061e-05 0.012851506 0.0004981654 9.871876e-06 0.0009289122 1.0299732e-05 0.008679661 5.2309374e-06 3.973088e-05 0.0007052824 0.0035530687 7.154171e-05 5.1728507e-06 0.0038898783 0.0018288706 1.7517259e-05 0.0019912403 9.83713e-06 1.0267588e-06 4.819365e-06 4.9696715e-05 7.100995e-05 3.2858036e-06 3.3578076e-06
0.22977024 0.66953725 0.15694897 2.7511384e-18 0.48543325 0.15267177 0.47129902 0.60432386 0.21218854 0.4390347 0.07574334 0.1520593 0.47141412 0.059372734 0.057437506 0.060258128 0.093618825 0.19548456 0.5140554 0.23964211 0.2974945 0.05689828 0.10429641 0.095592074 0.11833405 0.050619435 0.0670354 0.022649642 0.36449313 0.019521385 0.3609231 0.016285885 0.039470226 0.02807956 0.01917068 0.10923112 0.0058925487 0.003793015 0.19840635 0.01174548 0.21196766 0.008748287 0.0035269589 0.002496639 0.012069637 0.0034968175 0.039745435 0.06855597 0.315203 0.0007672272 0.0007106832 0.005284017 0.048839606 0.0012160131 0.007645324 0.00037749318 0.2931378 0.083618775 0.00025892796 0.0005359101 0.00026496363 0.3540481 0.016953386 0.00078002905 0.025686134 0.009137798 0.0038156942 6.444513e-05 0.001089777 0.00043777222 0.035358492 0.00031064657 0.00040302935 6.816767e-05 0.0061591202 0.00010497995 0.0003929237 2.194137e-05 0.017045096 0.00010385914 4.662579e-06 0.00010307195 1.15412595e-05 0.017861165 8.062067e-07 0.013308603 0.0005437854 0.0034022245 3.7313457e-05 1.6618659e-06 0.081177145 0.013028453 3.5187324e-07 0.042964842 1.7262346e-07 1.0690356e-06 1.9529589e-06 0.00066656043 0.0014383376 7.572004e-06 5.831404e-06
0.2896724 0.57360494 0.22707947 0.48543325 2.8005944e-21 0.17958015 0.26303628 0.5837688 0.16172926 0.6476831 0.075940415 0.11614786 0.5410904 0.08406614 0.07818502 0.08642056 0.078627646 0.2454181 0.30777746 0.022977555 0.06737522 0.08358663 0.043172497 0.010731232 0.013175085 0.073582865 0.012002659 0.037985228 0.20082901 0.039076865 0.19180958 0.02878909 0.01967803 0.009243647 0.012627827 0.20075853 0.0041122953 0.0029461088 0.024775364 0.0057921493 0.21684249 0.004411842 0.007948098 0.0068267533 0.0012663355 0.007890985 0.041897938 0.07721377 0.1788688 0.0017174261 0.0016505949 0.0036721376 0.047242407 0.0014974743 0.008144985 0.00042705232 0.1635852 0.01150685 0.00052964955 0.00034285733 0.00040342408 0.09609993 0.0044179056 0.0036233282 0.034496434 0.0025211496 0.0013779674 0.00011557104 0.0006874456 0.00082205015 0.0070795915 0.00018980952 0.00055866624 7.1844326e-05 0.0015696143 6.316443e-05 0.001461639 0.00010569057 0.028583422 0.0005544451 1.082967e-05 0.00075231266 2.9700577e-05 0.027031971 7.564371e-07 0.0017485849 0.0018420707 0.0050031883 3.069661e-05 5.4069683e-06 0.021843389 0.00630791 4.4654507e-06 0.021383103 2.328895e-06 5.795613e-07 2.9733123e-06 0.00012702392 0.0015044389 6.323063e-06 7.0392434e-06
0.03810587 0.1779548 0.67787457 0.15267177 0.17958015 1.6374083e-22 0.17619003 0.11844738 0.20835131 0.14852066 0.56695414 0.1530254 0.11939191 0.3038219 0.3094113 0.23548701 0.26031205 0.39563602 0.14599405 0.005669899 0.02362712 0.17794362 0.059988156 0.0015380064 0.0020665282 0.1334247 0.0022172919 0.069815464 0.12166445 0.07036067 0.084784254 0.052608922 0.008668561 0.001977261 0.0066484693 0.17056943 0.013489123 0.0105525395 0.009252444 0.001109025 0.13135698 0.0008867737 0.020537587 0.025099402 0.00024332128 0.015472991 0.15949005 0.06079428 0.06177375 0.00044706406 0.004399045 0.00023653355 0.05262616 0.0069336407 0.05585105 0.0023588005 0.06158106 0.0025724112 0.0014761186 0.0016840828 0.0013800281 0.02136544 0.0007941059 0.0061995615 0.027679814 0.0007210743 0.002645615 0.00013613726 0.0027495371 0.0014755245 0.0010983798 0.0006111784 0.0015386005 0.0001996934 0.00043465674 0.00016646896 0.0014447875 6.3719664e-05 0.015962558 0.00031282066 1.19063125e-05 0.00067224307 1.5001006e-05 0.011541794 9.480276e-07 8.5687934e-05 0.0008671867 0.004446708 6.1012455e-05 5.4998523e-06 0.0037192863 0.0014861 4.486846e-06 0.0029971914 5.8908654e-06 3.3536617e-07 2.5286956e-06 1.5654254e-05 7.706845e-05 2.2902211e-06 1.9120464e-06
0.021346392 0.41727152 0.23438989 0.47129902 0.26303628 0.17619003 8.8834506e-20 0.23503855 0.55217314 0.18157665 0.07830632 0.55386215 0.14756416 0.19686158 0.11253018 0.13328658 0.4754492 0.10805678 0.15084003 0.11990273 0.54793817 0.060573664 0.62225914 0.0627893 0.073717654 0.027266065 0.09575949 0.050555237 0.08253573 0.052515574 0.06503552 0.04670668 0.5092672 0.13499402 0.33361247 0.04252126 0.01291199 0.0078000976 0.050698124 0.2044316 0.037334185 0.06030291 0.016686339 0.005338208 0.00885347 0.013233728 0.3935034 0.015576408 0.038494952 0.10335209 0.0025490161 0.024789479 0.014522256 0.015163867 0.22129826 0.0017199173 0.032889817 0.020376738 0.0013968947 0.009733761 0.0027432905 0.025547292 0.014226249 0.0006813643 0.0064581535 0.013465521 0.04304625 0.0009918801 0.022194458 0.008686344 0.013919553 0.0108137475 0.009748299 0.00086988154 0.0034744975 0.0060586776 0.0013689649 0.0003148427 0.009662558 0.002353685 0.00021213066 0.003475648 8.458245e-05 0.011292167 5.4592827e-05 0.0030008939 0.004038196 0.005485668 0.0012788114 9.435512e-05 0.015679408 0.0015989419 6.855401e-05 0.0026822106 5.3683692e-05 9.61978e-06 3.7576247e-05 0.001052066 1.42931885e-05 0.00035925413 0.0002471679
0.27838236 0.57994586 0.11933633 0.60432386 0.5837688 0.11844738 0.23503855 1.3359877e-19 0.13097449 0.5832272 0.04627078 0.08780082 0.63987637 0.03880581 0.04420324 0.046972238 0.03536751 0.13335977 0.49286512 0.08521651 0.119176455 0.03141743 0.039676227 0.04320516 0.048917126 0.024198154 0.033521183 0.01923848 0.31707245 0.02068441 0.30971345 0.019020226 0.014460945 0.013090285 0.0076323203 0.06853985 0.0024627086 0.0015938487 0.14188443 0.003997443 0.19545352 0.0040388415 0.0058190934 0.0018423605 0.007871904 0.006706627 0.015552362 0.041742403 0.24719477 0.0006488731 0.0008825915 0.0044108643 0.03081049 0.00074676424 0.0042626034 0.00017069626 0.20840362 0.047782786 0.0002555933 0.00013283902 0.00017496248 0.25201115 0.011464871 0.0010143019 0.015133599 0.0083610155 0.0007233088 5.086874e-05 0.00014679728 0.00020324648 0.019124663 3.1504827e-05 0.00012930264 2.60927e-05 0.00628395 1.30857825e-05 0.0002937577 1.1590111e-05 0.011453782 0.0001648383 3.5426033e-06 0.00012795575 6.5251784e-06 0.012729399 1.7885732e-07 0.0082803825 0.0002785229 0.002191103 6.628675e-06 1.1315489e-06 0.06171147 0.0051457644 2.3381047e-07 0.036572076 6.312711e-08 7.5855624e-08 2.553293e-07 0.00046839693 0.00055074214 1.3251774e-06 3.3830688e-06
0.006351327 0.25371066 0.32298568 0.21218854 0.16172926 0.20835131 0.55217314 0.13097449 2.9834568e-22 0.10972037 0.10886576 0.6790428 0.08216265 0.37422553 0.21842435 0.24247701 0.61718076 0.11451018 0.050411765 0.0181088 0.17542525 0.10350991 0.497261 0.006434482 0.00900431 0.03821208 0.006337746 0.13885356 0.034859955 0.15241174 0.021456337 0.11971161 0.12995806 0.011989109 0.13554391 0.0433926 0.016809147 0.009205208 0.0043735052 0.023129871 0.025419388 0.006694868 0.044889286 0.0041743186 0.0010336284 0.03576965 0.5359326 0.009077458 0.008269788 0.044324588 0.0045491685 0.0023004352 0.0077835787 0.018882075 0.38825738 0.0021442035 0.008362112 0.0033583716 0.00088642107 0.0077774012 0.002524619 0.0029892887 0.0020526347 0.0006293984 0.0042489134 0.0009811011 0.013167442 0.00027670982 0.028499508 0.012212032 0.0029453796 0.007865409 0.012988847 0.000121076635 0.0002000472 0.003308792 0.0005174812 5.678234e-05 0.006287988 0.00560175 2.4706309e-05 0.009716983 1.2195302e-05 0.0062597943 1.7207696e-05 0.00011247204 0.0017254474 0.0027854105 7.992198e-05 4.905091e-06 0.0035060893 0.00050481234 0.00031929335 0.00049325026 0.00023646903 1.8812794e-06 6.502194e-06 9.977023e-05 1.9410422e-06 2.5686528e-05 2.0259906e-05
0.39840934 0.44329372 0.1854942 0.4390347 0.6476831 0.14852066 0.18157665 0.5832272 0.10972037 3.81711e-21 0.07716574 0.08018428 0.63793975 0.07988432 0.06856737 0.06645202 0.052952535 0.2763348 0.40483028 0.019809982 0.043275684 0.06814626 0.023121994 0.008025656 0.009676317 0.072918996 0.011262093 0.029664088 0.2690798 0.027065838 0.25495732 0.017553283 0.00918981 0.00550838 0.005084968 0.27789858 0.0029442648 0.0023649666 0.029942261 0.0027564054 0.2690336 0.0024732645 0.0052909227 0.01102642 0.0016664343 0.0057244725 0.02505369 0.105410606 0.20891121 0.0006065523 0.0013290846 0.0028430037 0.06737517 0.001288023 0.0032418899 0.0004974641 0.20652585 0.009077176 0.00061643886 0.0004371293 0.0006235006 0.13797508 0.002856835 0.0043050153 0.044553053 0.0021348372 0.0018895526 0.00022158942 0.0004734834 0.00034244984 0.005538872 9.527307e-05 0.00021611001 8.349242e-05 0.0016739606 2.7027394e-05 0.0012197965 9.754916e-05 0.034182884 0.00024672796 8.235182e-06 0.00021152076 3.0056182e-05 0.037543736 4.9625913e-07 0.0018370296 0.0013975211 0.0073058894 3.500368e-05 3.7346583e-06 0.03875968 0.007816368 5.425432e-07 0.03309732 3.1105935e-07 5.55618e-07 1.6529606e-06 0.00010347674 0.0029156269 7.9224765e-06 5.3038507e-06
0.04625762 0.08107235 0.5344937 0.07574334 0.075940415 0.56695414 0.07830632 0.04627078 0.10886576 0.07716574 2.2433266e-24 0.08447162 0.048695315 0.3399913 0.40966183 0.30673638 0.1962811 0.54957074 0.049989376 0.0028835118 0.006859877 0.28642723 0.026796093 0.000391217 0.00064583815 0.16652483 0.00063062046 0.075025864 0.06495658 0.072770834 0.030012706 0.04944309 0.0023840223 0.00041918294 0.0023737948 0.14174883 0.0131975515 0.01297607 0.0015095804 0.00019020708 0.10808632 0.00023491407 0.023337327 0.038048126 4.1119914e-05 0.019455547 0.14208245 0.06282494 0.021440078 4.6890196e-05 0.0049796514 5.014863e-05 0.059637323 0.009807157 0.030771008 0.0029241298 0.029811716 0.0006001822 0.0014843557 0.0028843833 0.0017057665 0.008251818 0.00026205383 0.009424132 0.055348624 8.128283e-05 0.005265673 0.0001911434 0.005121347 0.0005790045 0.00032042016 0.00074278965 0.0009034944 0.0003759035 9.2215196e-05 0.00016860994 0.0017659887 0.00012433431 0.022565598 7.436756e-05 1.9037703e-05 0.0001722879 5.0564948e-05 0.01571991 7.766438e-07 2.0060266e-05 0.0018956722 0.0063090534 9.558342e-05 1.1347817e-05 0.002084002 0.0018331294 1.739826e-06 0.0030287872 3.9238707e-06 5.720695e-07 5.0186595e-06 1.7104105e-06 0.00019829761 1.9305378e-06 1.968006e-06
0.007965448 0.1992474 0.23420325 0.1520593 0.11614786 0.1530254 0.55386215 0.08780082 0.6790428 0.08018428 0.08447162 1.0805165e-21 0.057124734 0.30407783 0.17983127 0.20862429 0.60311043 0.113842815 0.03856784 0.010538144 0.1905566 0.10435033 0.52333456 0.002337424 0.0033367919 0.049527198 0.0039042742 0.14240971 0.02319273 0.14813924 0.01806044 0.12031627 0.17550838 0.009807489 0.17392711 0.044769675 0.019975543 0.010905861 0.0016857611 0.025587587 0.020169782 0.0066617215 0.053111166 0.0063037276 0.0004539177 0.044727135 0.56899077 0.010385411 0.009059962 0.07003337 0.00574716 0.0024646749 0.009725665 0.029770916 0.40311712 0.0022053828 0.008055884 0.0027771841 0.0013695237 0.012992942 0.002625952 0.0027469096 0.001359354 0.000863845 0.0060530645 0.00043350054 0.03113165 0.00037732004 0.066791 0.019024193 0.001940215 0.019577807 0.021024402 0.00011999152 6.713215e-05 0.009599189 0.00066578155 4.5037817e-05 0.0074594794 0.004270395 4.1167114e-05 0.009684169 2.1745947e-05 0.007829749 5.5993783e-05 5.1280913e-05 0.0029749223 0.0031409161 0.00013098087 9.288896e-06 0.0031817628 0.0005832286 0.0004269102 0.00046443575 0.00039447623 7.6174597e-06 2.0651401e-05 0.00015175715 2.2535344e-06 4.712762e-05 3.5696175e-05
0.30714196 0.44851393 0.12993388 0.47141412 0.5410904 0.11939191 0.14756416 0.63987637 0.08216265 0.63793975 0.048695315 0.057124734 8.6035366e-20 0.044928066 0.049663864 0.04579435 0.028953122 0.16668747 0.46021333 0.04291805 0.047138266 0.03844161 0.017081775 0.016979082 0.02185959 0.028739993 0.018116357 0.016838934 0.2791075 0.017581647 0.26552033 0.014255774 0.006538716 0.005857665 0.004177321 0.10506083 0.0020634187 0.0017809017 0.063227475 0.002117021 0.2062672 0.0022145645 0.0046434603 0.002903777 0.003937803 0.004854395 0.015691908 0.05373793 0.2045018 0.00024134025 0.0007345438 0.0042362027 0.032885015 0.00065076444 0.0022716857 0.00030354393 0.1928146 0.019868597 0.00030028232 0.000101469996 0.00021558652 0.19136193 0.005428416 0.001647881 0.018864818 0.003218028 0.00062718167 5.091946e-05 0.0001169241 0.00013293154 0.009568465 2.377728e-05 7.1061375e-05 2.3596724e-05 0.002295386 9.997934e-06 0.00040703124 2.2197022e-05 0.0140594095 0.00014024564 2.5567472e-06 0.00011279203 7.660368e-06 0.017464342 1.6711338e-07 0.003602151 0.00044906707 0.00296808 6.8969e-06 1.1705943e-06 0.06098736 0.006193265 8.5143576e-08 0.036688413 4.4588628e-08 1.2685109e-07 3.0942024e-07 0.00016468337 0.0011177099 1.5678121e-06 2.710236e-06
0.024550907 0.08442766 0.46658963 0.059372734 0.08406614 0.3038219 0.19686158 0.03880581 0.37422553 0.07988432 0.3399913 0.30407783 0.044928066 2.592694e-23 0.6298175 0.6086119 0.6420494 0.2515501 0.047022775 0.001386063 0.0057617105 0.30213678 0.14353807 0.00013477699 0.00031953884 0.17218804 0.00031798513 0.24126035 0.0475481 0.23802651 0.026874797 0.18683122 0.005058198 0.0003571146 0.009673355 0.1384415 0.047234792 0.034206465 0.00060953666 0.00036869457 0.07198599 0.00037138438 0.06795943 0.058026478 4.5971028e-05 0.05896547 0.45747688 0.05269684 0.018542089 0.0010202707 0.012500965 0.00012472064 0.051724512 0.036011286 0.2161773 0.003974517 0.01764196 0.0009558801 0.0024645538 0.012526062 0.0050397846 0.004075061 0.0002563124 0.008954957 0.028816544 2.8320228e-05 0.019199174 0.00035853745 0.039033677 0.012298837 0.00046838514 0.008788744 0.008891932 0.001040481 1.8928504e-05 0.0030591039 0.0027406793 0.00027320872 0.008649068 0.001993128 6.232746e-05 0.0026954524 4.067559e-05 0.004107792 1.3768611e-05 1.9003312e-05 0.0023954632 0.0024309782 9.439968e-05 2.0479867e-05 0.0014557503 0.00064476364 0.0001957675 0.00029266378 9.0896596e-05 2.5523716e-06 2.2903336e-05 2.7848395e-05 8.396197e-06 1.8380722e-05 1.3170555e-05
0.01743182 0.08220737 0.42824575 0.057437506 0.07818502 0.3094113 0.11253018 0.04420324 0.21842435 0.06856737 0.40966183 0.17983127 0.049663864 0.6298175 7.544356e-26 0.71285796 0.45336264 0.25653628 0.0388661 0.0020679892 0.004360624 0.27962375 0.06153536 0.00021194402 0.00040984844 0.15003549 0.00033798118 0.16098718 0.049602177 0.16193268 0.02207197 0.113978274 0.003894026 0.00037239425 0.004184638 0.13829085 0.035183962 0.024915084 0.0005273946 0.00026852064 0.07780374 0.0003008476 0.042935878 0.053102177 4.0115458e-05 0.03691938 0.2483223 0.052766282 0.0161534 0.00021082698 0.007766339 8.260781e-05 0.054726295 0.022838358 0.0871527 0.0035911202 0.017970163 0.0006781771 0.0026493028 0.008859306 0.0045090728 0.0049350956 0.00031221268 0.010635183 0.02698489 3.3831442e-05 0.010614891 0.00043139845 0.01635025 0.0060796714 0.00037792904 0.0030176828 0.0046436377 0.0008802824 4.3887034e-05 0.0010899683 0.0024551258 0.00022856458 0.01075852 0.0012236421 2.8781436e-05 0.0018319419 4.149217e-05 0.0058291242 1.7781724e-06 1.1667407e-05 0.0015531462 0.003703027 0.00010081621 1.737073e-05 0.0015461787 0.0005909683 5.8535607e-05 0.0004653861 3.7481404e-05 9.121659e-07 9.94897e-06 1.4956458e-06 1.371577e-05 4.877304e-06 6.284198e-06
0.017834459 0.086782135 0.37464023 0.060258128 0.08642056 0.23548701 0.13328658 0.046972238 0.24247701 0.06645202 0.30673638 0.20862429 0.04579435 0.6086119 0.71285796 1.7116128e-25 0.47734568 0.22043003 0.044563476 0.0023430001 0.005254883 0.326987 0.08306732 0.00035766268 0.00062386075 0.17973068 0.0005904886 0.21878779 0.05105159 0.22257823 0.023951821 0.18800597 0.0053686923 0.0005047312 0.006206441 0.16305761 0.06389318 0.045744307 0.00051258743 0.00045601733 0.07704038 0.00041225497 0.06869536 0.085240565 7.315695e-05 0.06361016 0.3094533 0.060960643 0.018965738 0.00038141408 0.016205965 0.00013090608 0.06577776 0.044523533 0.11525913 0.006605897 0.018379763 0.0006454376 0.0048340145 0.01766789 0.009283109 0.004001999 0.00034636425 0.016387371 0.038371425 2.2418444e-05 0.020217692 0.0012512564 0.04256712 0.010704876 0.0003455075 0.0074868617 0.0082153715 0.0017470379 3.1121785e-05 0.002923596 0.0040941034 0.000539009 0.013617025 0.0021600204 0.000121883546 0.0027496603 0.00011911543 0.006581668 5.90339e-06 1.3367019e-05 0.0028385092 0.004202922 0.00018529467 7.036844e-05 0.0013080968 0.0006885078 0.00019257679 0.00042739435 0.00013322712 2.384287e-06 2.3262302e-05 2.7676972e-06 1.5820862e-05 1.7319437e-05 1.878043e-05
0.027230747 0.124662 0.410319 0.093618825 0.078627646 0.26031205 0.4754492 0.03536751 0.61718076 0.052952535 0.1962811 0.60311043 0.028953122 0.6420494 0.45336264 0.47734568 3.905167e-23 0.15270029 0.017128054 0.0017147134 0.0370443 0.18867324 0.50584203 0.0004672675 0.00080558116 0.1051529 0.00087676937 0.27043244 0.021405239 0.27805206 0.011417287 0.25392732 0.03459336 0.0019162883 0.055121727 0.058373164 0.04987451 0.040801223 0.00015181446 0.0027322734 0.026629299 0.0013400755 0.15277766 0.023258308 7.7608485e-05 0.13162966 0.66520345 0.018756654 0.006700854 0.020555085 0.018232014 0.000657954 0.017172026 0.08740818 0.5235907 0.0044544837 0.0071557756 0.00045965347 0.0027610909 0.030491602 0.00808039 0.0007687326 0.00017544988 0.002473281 0.0113760065 5.5969067e-05 0.04591155 0.00030908128 0.15889864 0.042144485 0.00014203218 0.032387007 0.034682576 0.00013377496 1.07373835e-05 0.013908652 0.0012600933 5.193738e-05 0.006102643 0.009017587 1.6876398e-05 0.010444819 1.8522163e-05 0.004058179 7.641067e-05 3.0758656e-06 0.0048770346 0.0015127922 6.7759785e-05 7.9365045e-06 0.00093696185 0.00034087183 0.0011198934 0.00015734292 0.000641323 2.486614e-06 2.0570302e-05 3.3720382e-05 2.6087837e-06 2.7988017e-05 4.2705287e-05
0.35597613 0.31789246 0.41262957 0.19548456 0.2454181 0.39563602 0.10805678 0.13335977 0.11451018 0.2763348 0.54957074 0.113842815 0.16668747 0.2515501 0.25653628 0.22043003 0.15270029 8.776296e-22 0.21086234 0.0051224437 0.007688306 0.55488867 0.0184696 0.00076234416 0.0013572645 0.5614715 0.001214243 0.16348797 0.24227843 0.14378361 0.13495633 0.093837485 0.0007783715 0.0003692474 0.0011228021 0.5554636 0.01645519 0.017104337 0.0051727644 0.00012857567 0.6369661 0.00014695052 0.02086047 0.036362957 0.00015740025 0.014909777 0.07704648 0.24011396 0.08165011 0.00011258086 0.0031189723 6.9873924e-05 0.16693391 0.0035109008 0.0036395134 0.0030153738 0.1136679 0.0012264173 0.00076413073 0.00063645415 0.0006003059 0.021099852 0.0003207433 0.012319115 0.13174866 5.718094e-05 0.0015702596 7.926962e-05 0.00066512433 0.00036733408 0.00049638463 0.0001294375 0.00043959334 0.00037440838 9.399166e-05 3.810812e-05 0.0027295074 0.00024897154 0.07685753 7.7941e-05 1.9240853e-05 0.00021036844 0.000116300085 0.084997535 1.7246475e-06 0.00014374546 0.0016929999 0.021297127 2.5900883e-05 1.2802769e-05 0.008105455 0.012551777 7.058796e-07 0.017654432 1.078837e-06 1.8147418e-06 2.2875342e-06 3.7932534e-06 0.0048058485 2.0678667e-06 1.826014e-06
0.50188977 0.46675918 0.17034952 0.5140554 0.30777746 0.14599405 0.15084003 0.49286512 0.050411765 0.40483028 0.049989376 0.03856784 0.46021333 0.047022775 0.0388661 0.044563476 0.017128054 0.21086234 9.147603e-18 0.058896586 0.046619356 0.050812736 0.012852468 0.025465298 0.03073424 0.041198004 0.021131715 0.021310795 0.53140795 0.021094948 0.5335131 0.020456139 0.0026348587 0.0064576603 0.0021901338 0.15375637 0.002641696 0.0024774359 0.12880662 0.0016569098 0.26973775 0.003002272 0.0052826917 0.0040657814 0.009623034 0.0065982062 0.014715948 0.079042524 0.31100157 0.0002023634 0.0018928576 0.006820871 0.049820576 0.00071780017 0.0016950499 0.00054311217 0.27131864 0.048736755 0.00044589123 0.00033697754 0.00032631418 0.31596535 0.01250127 0.0021132138 0.032596283 0.0048563676 0.00189731 0.00020958667 0.00032025366 0.00053211144 0.019919438 9.183772e-05 0.00036229874 5.7417386e-05 0.004540881 4.037757e-05 0.00054408633 6.253663e-05 0.024620328 9.616758e-05 2.0153111e-05 0.00010134911 2.4047926e-05 0.046901233 7.852495e-07 0.0075788028 0.000508948 0.0073926854 8.487343e-05 7.2026564e-06 0.11930516 0.021496447 1.6984058e-07 0.12953852 8.1281036e-07 1.8196897e-06 2.3106502e-06 0.00022643749 0.010068743 1.1367411e-05 1.8574628e-05
0.056235384 0.06181428 0.0072254883 0.23964211 0.022977555 0.005669899 0.11990273 0.08521651 0.0181088 0.019809982 0.0028835118 0.010538144 0.04291805 0.001386063 0.0020679892 0.0023430001 0.0017147134 0.0051224437 0.058896586 2.5385371e-21 0.21418379 0.0011317567 0.0083115855 0.5442666 0.5659323 0.0006921708 0.28782257 0.0014605765 0.017358704 0.0016579704 0.034630533 0.0016576431 0.0057446826 0.042154945 0.001940946 0.0029314647 0.00040123437 0.00024014433 0.38208857 0.0072226804 0.008045923 0.011578528 0.0015953282 0.00010420343 0.3398112 0.0016922178 0.0088128615 0.0021495607 0.071425684 0.00017937929 0.0006900664 0.05300023 0.001503518 0.0008688713 0.0005705609 0.00024229567 0.029863225 0.13761835 0.0006457159 0.00052372395 0.00048322466 0.17419732 0.076107964 0.00015156058 0.0012280272 0.056990765 0.0033407274 0.00033492464 0.0011067707 4.675548e-05 0.032973126 0.00060516014 7.87793e-05 4.0375373e-05 0.04778436 0.0003349489 8.637159e-05 1.18393045e-05 0.0008506628 6.541394e-05 5.805706e-06 0.00013613596 1.021816e-06 0.00091912074 3.203416e-06 0.0411159 8.206876e-05 0.0004117699 3.7788166e-05 4.08673e-06 0.025003772 0.00066565204 4.1383274e-08 0.005466332 3.4247527e-08 5.606811e-07 5.0215317e-06 0.006644353 4.5491375e-05 3.5656176e-06 6.7306537e-06
0.013948867 0.18920399 0.029387737 0.2974945 0.06737522 0.02362712 0.54793817 0.119176455 0.17542525 0.043275684 0.006859877 0.1905566 0.047138266 0.0057617105 0.004360624 0.005254883 0.0370443 0.007688306 0.046619356 0.21418379 1.6156349e-24 0.0036869498 0.35068744 0.2842575 0.26867813 0.0019846666 0.5636346 0.002184214 0.018192083 0.0027393047 0.018969059 0.0032589762 0.45553356 0.5526313 0.21551803 0.0052596703 0.0013694467 0.00096094876 0.08665727 0.49288404 0.008225587 0.4840157 0.0012042589 0.00060967036 0.11609291 0.0018984384 0.07811865 0.0029029239 0.014638048 0.047693625 0.00047177653 0.3629524 0.0025973173 0.00041210404 0.012621013 0.0002827927 0.009770586 0.03474768 0.0003311521 0.0004468936 0.00030260519 0.022225585 0.023569308 0.00021243471 0.0010513008 0.03297016 0.0044203307 5.9634865e-05 0.0029215585 0.0005135687 0.013511881 0.0008313167 0.0009254632 0.00013879796 0.014906464 0.00035064033 0.00025656138 3.762419e-05 0.0012425199 0.00029506357 1.0366733e-05 0.0011529473 3.5844034e-06 0.000849186 7.931574e-07 0.013401867 0.00027879048 0.00018040951 2.0761829e-05 1.0617239e-05 0.013411066 2.5462876e-05 8.7749913e-07 0.0005101349 1.4444332e-07 5.785204e-09 3.4649176e-08 0.0007995811 2.0710324e-06 2.4019342e-05 4.8754396e-06
0.4306982 0.13176307 0.21700718 0.05689828 0.08358663 0.17794362 0.060573664 0.03141743 0.10350991 0.06814626 0.28642723 0.10435033 0.03844161 0.30213678 0.27962375 0.326987 0.18867324 0.55488867 0.050812736 0.0011317567 0.0036869498 6.9630983e-22 0.013710509 0.00030971534 0.0006544314 0.67606276 0.00059299136 0.32471138 0.06782157 0.33436462 0.036406115 0.3317876 0.000917424 0.00039742497 0.0010906504 0.3965933 0.10738565 0.14113559 0.0005537724 0.00026090053 0.18125446 0.00030986217 0.1772865 0.35879657 4.2840842e-05 0.14144833 0.16224943 0.15853421 0.025745636 0.00025733645 0.033032376 0.00014489608 0.17497185 0.06131736 0.003225082 0.02661584 0.041379463 0.0004010586 0.011678152 0.020921696 0.01498463 0.0048333458 6.448116e-05 0.10679592 0.3374489 2.656375e-05 0.01670359 0.001996266 0.011559634 0.0012033732 0.00039410847 0.0037085952 0.0013231754 0.0046314513 5.5070246e-05 0.001209384 0.014557699 0.002689435 0.22247782 0.00062303257 0.0011990035 0.00042042186 0.0019084075 0.17423037 2.2539267e-05 9.3493334e-05 0.016984569 0.07008523 0.00032134278 0.0004996253 0.0012508102 0.014935707 5.0147486e-05 0.007343152 4.9142614e-05 1.6170454e-05 1.9815403e-05 9.703703e-06 0.004550637 0.00011186113 3.2712633e-05
0.0056586647 0.092256166 0.10741834 0.10429641 0.043172497 0.059988156 0.62225914 0.039676227 0.497261 0.023121994 0.026796093 0.52333456 0.017081775 0.14353807 0.06153536 0.08306732 0.50584203 0.0184696 0.012852468 0.0083115855 0.35068744 0.013710509 5.662276e-22 0.0031743296 0.0032729 0.006066967 0.010103635 0.043672785 0.008206777 0.054278612 0.007821311 0.037460342 0.59893584 0.033861097 0.605616 0.008956551 0.0026194016 0.0012094007 0.0013301967 0.24269332 0.00865446 0.038709026 0.021214023 0.00079569744 0.00029859893 0.014635878 0.56488 0.0034171042 0.005694881 0.5448756 0.0012740858 0.010012262 0.0025180508 0.016140673 0.5033127 0.00043592474 0.0038033312 0.001524628 0.0005911207 0.0064878776 0.001316174 0.0006954763 0.00048973045 0.00013636882 0.0015517739 0.00012563243 0.032226946 0.00022131846 0.06175414 0.055752862 0.0003719797 0.022899294 0.05187194 0.00014817694 1.8201854e-05 0.017549677 0.00039362564 9.839613e-05 0.0008533194 0.014515133 3.5933932e-05 0.045175623 1.0245292e-05 0.00058601826 2.867959e-05 2.1943255e-05 0.0006319778 0.00031295736 0.00015124567 5.3581854e-05 0.0022791647 1.3709899e-05 0.0011489491 0.00045259006 0.001046153 2.4498047e-06 1.8757124e-05 0.00085710286 2.7582757e-07 0.00014836925 5.3150583e-05
0.011951261 0.020863697 0.0011685125 0.095592074 0.010731232 0.0015380064 0.0627893 0.04320516 0.006434482 0.008025656 0.000391217 0.002337424 0.016979082 0.00013477699 0.00021194402 0.00035766268 0.0004672675 0.00076234416 0.025465298 0.5442666 0.2842575 0.00030971534 0.0031743296 1.924788e-22 0.7056984 0.00010533175 0.44501266 0.00031620456 0.0073343823 0.0002608983 0.011482448 0.00026986585 0.0014466722 0.09674846 0.0002732371 0.0008714879 0.00018849448 7.4348274e-05 0.2909502 0.006669175 0.002641638 0.028022872 0.00015057271 3.622796e-05 0.52035636 0.00023356525 0.0018454107 0.00055470265 0.032347236 2.451416e-05 0.0001848231 0.19844763 0.0004657484 5.4575023e-05 7.864359e-05 7.564069e-05 0.01131283 0.087016016 6.0984476e-05 3.691724e-05 2.4101788e-05 0.08695696 0.13312238 2.9121618e-05 0.0003049983 0.12642896 0.000206614 1.0707545e-05 4.4063592e-05 8.224366e-06 0.05054216 1.6063048e-05 3.3104996e-05 2.178407e-06 0.04807611 4.2868405e-06 1.8409175e-05 4.779432e-07 0.00073276 1.1601103e-05 2.0709365e-07 1.4907566e-05 1.6338318e-07 0.0005260867 1.5990377e-08 0.026956372 1.3818349e-05 0.00012594806 1.3617686e-06 4.254285e-07 0.012892272 3.780143e-05 2.8638413e-08 0.0015539019 2.103884e-09 4.6135544e-09 2.796487e-08 0.011119723 1.5755522e-06 2.6238075e-07 1.5083305e-07
0.011109017 0.029939521 0.0022134297 0.11833405 0.013175085 0.0020665282 0.073717654 0.048917126 0.00900431 0.009676317 0.00064583815 0.0033367919 0.02185959 0.00031953884 0.00040984844 0.00062386075 0.00080558116 0.0013572645 0.03073424 0.5659323 0.26867813 0.0006544314 0.0032729 0.7056984 2.520415e-22 0.00024302352 0.4017302 0.000523971 0.008000106 0.00048197995 0.014162876 0.00048036242 0.0013649607 0.07702275 0.0002724918 0.0013859684 0.00031699927 0.0001461582 0.3007508 0.0056691687 0.0035387508 0.021333845 0.00027148565 7.353698e-05 0.5370993 0.0004124925 0.0034024434 0.0008285923 0.037102215 2.8498416e-05 0.0002839927 0.15692812 0.00065289694 0.00012721558 0.00014602902 0.00013342993 0.013756846 0.10547099 0.00013168728 7.757267e-05 5.5630197e-05 0.106192224 0.12547183 4.622147e-05 0.00049479486 0.10064096 0.00032895379 2.7131597e-05 6.075813e-05 6.884001e-06 0.041423433 1.9935158e-05 2.5689345e-05 5.215381e-06 0.050527953 4.412719e-06 3.8454396e-05 1.067429e-06 0.00095423847 9.609071e-06 3.9750697e-07 1.4623856e-05 3.5530192e-07 0.0005798315 1.228089e-08 0.030093113 1.8724437e-05 0.00017687636 1.7959118e-06 6.877724e-07 0.0144909555 5.0733623e-05 1.19930625e-08 0.002005583 1.09054e-09 4.196941e-09 2.7202155e-08 0.010764083 2.4298502e-06 4.037749e-07 1.8776237e-07
0.67882764 0.11076725 0.16231957 0.050619435 0.073582865 0.1334247 0.027266065 0.024198154 0.03821208 0.072918996 0.16652483 0.049527198 0.028739993 0.17218804 0.15003549 0.17973068 0.1051529 0.5614715 0.041198004 0.0006921708 0.0019846666 0.67606276 0.006066967 0.00010533175 0.00024302352 3.6645547e-21 0.0002919499 0.2592442 0.07608999 0.25588995 0.03286387 0.22919267 0.00025870063 0.00013632122 0.00042144553 0.3964491 0.10161735 0.15292233 0.0010211016 2.8802631e-05 0.18971685 6.5899076e-05 0.0880726 0.39053437 5.18132e-05 0.062107667 0.13224088 0.18679371 0.020691236 6.578498e-05 0.018969169 7.4482545e-05 0.20421918 0.028230507 0.0013097388 0.021130053 0.033074938 0.0002183761 0.0059314324 0.008557393 0.0059928573 0.0041407677 0.000102691854 0.12693568 0.37615755 3.3902375e-05 0.0058800085 0.0007320765 0.0059066284 0.0005524573 0.0001732349 0.001087549 0.00072958623 0.00528978 6.1363804e-05 0.0005211674 0.0120000895 0.0028615934 0.28421175 6.4458654e-05 0.0010346224 8.4456784e-05 0.0018151047 0.23665628 1.624962e-05 0.000114440154 0.012978043 0.09320973 0.000114380375 0.0005261582 0.0020651808 0.025284536 3.6865886e-06 0.009965094 5.3156286e-06 9.0856165e-06 8.4283265e-06 1.0970732e-05 0.009314502 8.431531e-05 9.388007e-06
0.007825176 0.020570299 0.0013588674 0.0670354 0.012002659 0.0022172919 0.09575949 0.033521183 0.006337746 0.011262093 0.00063062046 0.0039042742 0.018116357 0.00031798513 0.00033798118 0.0005904886 0.00087676937 0.001214243 0.021131715 0.28782257 0.5636346 0.00059299136 0.010103635 0.44501266 0.4017302 0.0002919499 4.297883e-22 0.00029597868 0.011407273 0.00029162626 0.013602431 0.0002621678 0.028995154 0.43492287 0.004427366 0.0021416245 0.00046278638 0.00027742458 0.14769591 0.10027595 0.003914374 0.3073806 0.00014074863 8.135891e-05 0.433693 0.00017584435 0.00232011 0.0014081388 0.019727759 0.00064619945 0.00016754994 0.4807687 0.0014515083 3.9514285e-05 8.129376e-05 0.00011883018 0.011218233 0.05667062 4.3182197e-05 3.7910242e-05 2.5740947e-05 0.049193528 0.06565161 8.9268986e-05 0.00096144975 0.100495465 0.0002328913 8.708029e-06 4.6209792e-05 3.6581143e-05 0.034455504 2.4759642e-05 8.881756e-05 1.262579e-05 0.04178775 1.079453e-05 4.8342077e-05 1.4295405e-06 0.0010632413 0.00010728616 7.880891e-07 0.00030486684 9.3770507e-07 0.0003841461 5.5118132e-08 0.029402455 0.00012807245 7.62463e-05 1.5123484e-06 1.2929512e-06 0.017294811 1.6993732e-05 1.9055722e-07 0.0007413258 1.8665359e-08 3.8517998e-09 5.7646314e-08 0.023511326 1.0654164e-06 2.2017468e-06 4.2199423e-07
0.06597162 0.043077614 0.109084666 0.022649642 0.037985228 0.069815464 0.050555237 0.01923848 0.13885356 0.029664088 0.075025864 0.14240971 0.016838934 0.24126035 0.16098718 0.21878779 0.27043244 0.16348797 0.021310795 0.0014605765 0.002184214 0.32471138 0.043672785 0.00031620456 0.000523971 0.2592442 0.00029597868 1.04482134e-23 0.020483488 0.5298627 0.008460658 0.53341806 0.0009932057 0.00016901904 0.0015587931 0.16124976 0.3231064 0.24775521 0.0003279136 0.00010095283 0.04609369 0.00016340164 0.35557413 0.29371843 6.6739114e-05 0.35473856 0.36770803 0.06288399 0.006478918 5.1248448e-05 0.15746346 9.695326e-05 0.082586125 0.1801541 0.042302582 0.113638796 0.00839123 0.0003053863 0.049253277 0.074235514 0.06007714 0.00086666626 6.732378e-05 0.07271255 0.11294703 1.9622272e-05 0.07042654 0.010152833 0.10206908 0.0075052767 7.752327e-05 0.0346815 0.008125299 0.017306384 1.9705592e-05 0.01820294 0.016518839 0.007135876 0.0366069 0.0019750174 0.005055928 0.0011621113 0.0038333093 0.014282958 0.00013019665 1.6752012e-05 0.016372658 0.01515004 0.0008161555 0.0018563739 0.0025172501 0.001984199 8.94575e-05 0.0006252587 0.0002492162 1.4903456e-05 4.7348098e-05 5.6516024e-06 0.00010162582 0.00023951761 0.00011668404
0.6961743 0.3371659 0.12591949 0.36449313 0.20082901 0.12166445 0.08253573 0.31707245 0.034859955 0.2690798 0.06495658 0.02319273 0.2791075 0.0475481 0.049602177 0.05105159 0.021405239 0.24227843 0.53140795 0.017358704 0.018192083 0.06782157 0.008206777 0.0073343823 0.008000106 0.07608999 0.011407273 0.020483488 3.3951277e-19 0.01697509 0.76651585 0.0106065795 0.0020163222 0.0024150936 0.0018883554 0.19199787 0.0038343747 0.0036675986 0.032659348 0.0013027373 0.4343028 0.0016645729 0.0031793346 0.010772159 0.004343986 0.0027651396 0.02778409 0.08985071 0.21243417 0.00027031585 0.0014328654 0.0023347072 0.064282574 0.00074705173 0.003618656 0.00048356396 0.2892595 0.0076234494 0.0007265683 0.00038034402 0.0005780544 0.1283488 0.003016142 0.006856395 0.048498094 0.0022298677 0.0018125896 0.00040844353 0.00075135124 0.00081799953 0.0034344706 0.00025668935 0.0012864165 0.00013069563 0.0021779335 8.688953e-05 0.0011279365 7.567474e-05 0.044235833 0.0001373815 5.5806875e-05 0.00019461673 4.2634158e-05 0.06710707 2.492338e-06 0.0033963858 0.0012274892 0.015689295 6.0563525e-05 2.5529596e-05 0.08134743 0.02586635 1.900467e-07 0.13838144 1.408038e-06 5.7233883e-06 1.9305305e-06 5.4106233e-05 0.019642487 2.254206e-05 1.5560363e-05
0.061334394 0.042313296 0.102440275 0.019521385 0.039076865 0.07036067 0.052515574 0.02068441 0.15241174 0.027065838 0.072770834 0.14813924 0.017581647 0.23802651 0.16193268 0.22257823 0.27805206 0.14378361 0.021094948 0.0016579704 0.0027393047 0.33436462 0.054278612 0.0002608983 0.00048197995 0.25588995 0.00029162626 0.5298627 0.01697509 1.0227382e-23 0.0071726856 0.5649742 0.0011729399 0.00019585807 0.002011846 0.14834076 0.31644738 0.23996429 0.00025902773 0.00016146146 0.038404603 0.00021623948 0.39455378 0.26785707 5.3324475e-05 0.38498706 0.39116624 0.055754844 0.005374396 6.950453e-05 0.16118437 0.00015791642 0.07542688 0.21236263 0.049692858 0.102433555 0.0074965423 0.00025100846 0.051119395 0.08240967 0.06328071 0.0006604674 5.8046742e-05 0.06190751 0.09200617 1.9725543e-05 0.079763435 0.009873104 0.11542042 0.008675392 7.1189235e-05 0.042860247 0.009372202 0.015575583 1.4210716e-05 0.021594387 0.015151246 0.006064907 0.030171106 0.0021197838 0.004140106 0.0013937576 0.003268781 0.0119263325 0.00015341719 1.4179849e-05 0.014901576 0.01188584 0.00071744807 0.0014536002 0.0016157099 0.0017138005 9.162541e-05 0.00041659115 0.00023614362 1.23970285e-05 4.6930592e-05 4.843481e-06 5.7068766e-05 0.00022710706 0.000106110805
0.58485 0.32296985 0.08865712 0.3609231 0.19180958 0.084784254 0.06503552 0.30971345 0.021456337 0.25495732 0.030012706 0.01806044 0.26552033 0.026874797 0.02207197 0.023951821 0.011417287 0.13495633 0.5335131 0.034630533 0.018969059 0.036406115 0.007821311 0.011482448 0.014162876 0.03286387 0.013602431 0.008460658 0.76651585 0.0071726856 1.5472572e-18 0.005147811 0.0018697126 0.0035642479 0.0020937272 0.072945796 0.0021023147 0.001928718 0.076938584 0.0011323717 0.18703158 0.0016632932 0.0015433879 0.0034783036 0.007963453 0.0014598531 0.021458954 0.03949517 0.37465832 0.0002964985 0.0007626758 0.002530463 0.02300466 0.00039769604 0.0036396347 0.00026514358 0.3283894 0.021432372 0.0004308625 0.00014664097 0.0002859546 0.16677919 0.0066393106 0.0028766617 0.019933933 0.004243262 0.0009316763 0.00023778994 0.0003028774 0.0004459325 0.0070497785 8.196495e-05 0.0007629369 4.7160174e-05 0.004202367 3.0949257e-05 0.00033061567 3.0713825e-05 0.018994689 7.213294e-05 2.0508265e-05 0.00020832724 1.1716916e-05 0.028039934 1.5534557e-06 0.007054048 0.00041313283 0.0062816134 3.417476e-05 1.1058243e-05 0.09564914 0.014052183 5.1718484e-08 0.12643276 4.498103e-07 3.0023393e-06 1.3308451e-06 0.0004908112 0.012439974 1.2647326e-05 1.4447984e-05
0.059153274 0.031170841 0.073798776 0.016285885 0.02878909 0.052608922 0.04670668 0.019020226 0.11971161 0.017553283 0.04944309 0.12031627 0.014255774 0.18683122 0.113978274 0.18800597 0.25392732 0.093837485 0.020456139 0.0016576431 0.0032589762 0.3317876 0.037460342 0.00026986585 0.00048036242 0.22919267 0.0002621678 0.53341806 0.0106065795 0.5649742 0.005147811 1.1387164e-23 0.0015265768 0.00017838285 0.0020288136 0.12999208 0.35048985 0.264668 0.00020789738 0.00016903887 0.026459044 0.00021817356 0.48383847 0.27711263 3.5270274e-05 0.48012364 0.40675786 0.039612852 0.004280023 6.7147324e-05 0.2513477 0.00032414522 0.054584373 0.29857242 0.037315436 0.18888551 0.0059146327 0.00017497131 0.09729529 0.13898668 0.111276194 0.0004705586 5.309865e-05 0.06579177 0.073066786 1.5291069e-05 0.11139871 0.020756634 0.15087183 0.0094972 5.702932e-05 0.05356358 0.010253382 0.0195422 8.224884e-06 0.027165562 0.019126577 0.006864822 0.026072063 0.002202974 0.007943987 0.001274919 0.0041416422 0.0098769665 0.00031148404 9.508451e-06 0.017136214 0.010344035 0.0011916503 0.002259543 0.0011734853 0.0014379084 0.00011359799 0.0003187065 0.00025318764 2.3025565e-05 7.1295224e-05 2.8307222e-06 4.4653247e-05 0.0003417815 0.00021468257
