4.721021e-37 0.006730558 0.016905498 0.011189513 0.031458206 0.044729397 0.019109223 0.0006780685 0.16259721 0.19322671 0.004585775 0.001469688 0.25703278 0.0008698903 0.00067477534 5.8356683e-05 0.31847534 0.0012003467 0.012866841 0.0072894604 0.49227053 3.2640306e-05 0.00059970364 0.53749007 0.6061756 0.6474957 0.79976726 0.18413919 0.0054213363 8.447197e-06 0.3141606 0.6928477 0.44073254 0.0076793437 0.5215107 0.23962855 0.10392562 0.40813366 0.00090723654 0.29137924 0.5003192 0.009628017 0.0035362998 0.0008988561 0.79776835 0.7577252 0.52208596 0.00017062676 0.8211934 9.1977265e-05 0.0018251289 0.012886348 0.5134282 3.3509314e-05 0.70093733 0.88474673 0.078731194 1.7792554e-07 0.8661717 0.0023502524 1.5184986e-07 0.14439689 0.020551175 3.467339e-05 0.86683285 0.0012270227 0.30911425 0.018890178 0.8309339 0.9504338 0.97308224 0.736314 0.31039038 0.44313443 0.001276758 0.8748166 0.9760426 0.94449586 0.0011917884 0.9723583 0.9871109 0.7785231 0.9766803 0.80752766 0.0016380592 0.97656393 1.5374213e-05 0.03050458 0.9945255 0.008512614 0.9831082 0.00032329807 0.9907951 0.03357695 0.9688637 0.97527844 0.8706371 0.79698455 0.99107707 0.9429181 0.5051891
0.006730558 2.4667687e-21 0.5837894 0.5935422 0.17315324 0.20359904 0.46128547 0.2713742 0.40093875 0.37592378 0.41175073 0.42414266 0.29007372 0.31372604 0.05124566 0.038502343 0.20821664 0.3079473 0.11951869 0.118409604 0.15695861 0.0043160915 0.00081312796 0.117380194 0.1101095 0.0812964 0.053162742 0.027139379 0.06088331 0.0023209776 0.017473146 0.070826724 0.030575681 0.00014344815 0.03432493 0.026264856 0.0005925467 0.00041614464 0.00017609306 0.017488843 0.022153128 8.537121e-05 0.011943706 0.0073406766 0.031180391 0.023666952 0.009977651 0.0077023557 0.023867782 0.008949391 0.0040075714 0.0023558172 0.0021593417 0.012657795 0.010658155 0.007640703 0.0035520408 2.7492026e-05 0.006267369 0.0008414931 1.80422e-05 0.00073701545 5.2926203e-05 4.3534743e-05 0.011021894 0.00069332466 0.00013129353 0.0001146663 0.0030301958 0.008830521 0.0070698354 0.0015430899 0.00014932944 0.0001572415 7.7502755e-06 0.000572239 0.0016255527 0.00020472713 0.00038453736 0.00408427 0.0087317545 0.0017370442 0.0032212844 0.0023041577 1.0706085e-05 0.006537721 1.1365573e-06 0.00013284788 0.00182109 6.7305795e-05 0.0013170594 5.2618875e-06 0.0041334666 0.0001106557 0.010232097 0.0009562134 0.0007561652 0.0013956204 0.0009722748 0.0032775542 0.00029440864
0.016905498 0.5837894 1.4087592e-21 0.6474449 0.057833306 0.12065513 0.36951724 0.05889577 0.4320853 0.5329254 0.1851596 0.21068408 0.26339242 0.10982878 0.012030743 0.005762282 0.2674535 0.15131141 0.057068937 0.05555431 0.30543193 0.00063586386 0.00021657276 0.17634092 0.122257575 0.1605919 0.05968167 0.018220993 0.028489582 0.00012386954 0.016277757 0.10616633 0.03313841 3.6474717e-05 0.07928974 0.046086274 0.0003112058 0.000516998 9.574333e-05 0.038949218 0.048278537 2.3619146e-05 0.010237743 0.007880546 0.06599911 0.05503583 0.012915396 0.0067742695 0.054884695 0.007541891 0.0037860328 0.0014072446 0.003206265 0.0054597803 0.019309878 0.020205198 0.0025829375 1.0914932e-05 0.011769896 0.00064821687 1.1241874e-06 0.0007388851 1.5127949e-05 1.2414219e-05 0.02644358 0.00040923542 0.00024852672 3.0072353e-05 0.0041417154 0.017144363 0.015216307 0.002445989 0.00031491084 0.0002731462 5.877885e-06 0.00080232456 0.0021262798 0.00020327052 0.00031216146 0.003431825 0.008957119 0.003242298 0.0037433808 0.003688629 7.6771385e-06 0.0061976723 2.4023558e-07 3.156922e-05 0.0018003588 2.9413348e-05 0.0011822274 4.0256855e-06 0.004171561 3.1317035e-05 0.0077298437 0.00050838746 9.360843e-05 0.00020880922 0.0005560156 0.00056919106 7.019036e-05
0.011189513 0.5935422 0.6474449 1.5924894e-21 0.023449792 0.054742355 0.44630927 0.03950404 0.46920556 0.48342147 0.20936425 0.24110273 0.13137104 0.1222301 0.0077080363 0.0047833496 0.23929158 0.18471085 0.06574152 0.062137406 0.21949866 0.0006205799 0.00021251921 0.15942374 0.13503109 0.13526466 0.025428614 0.027017282 0.033434935 7.262482e-05 0.020186568 0.113665305 0.04643524 1.4661714e-05 0.06845218 0.033613943 0.00013532229 0.00012818424 0.000102860926 0.026449736 0.039297167 9.216055e-06 0.012617571 0.009144071 0.06404244 0.060912713 0.020682827 0.0091241915 0.049752634 0.012710754 0.0048419046 0.0019380089 0.0046181004 0.0069372784 0.030211346 0.0049327286 0.004842283 9.718595e-06 0.015535499 0.0008550712 8.7016394e-07 0.0016452649 1.1836165e-05 8.659722e-06 0.020468049 0.00048458605 6.89447e-05 2.895242e-05 0.005453585 0.012176371 0.0107276095 0.0031745688 6.4005486e-05 4.846126e-05 3.1887826e-06 0.0015531101 0.00078841654 3.8437163e-05 0.0005280224 0.0023292596 0.010806799 0.003621209 0.0019571271 0.0043930984 1.9796146e-06 0.007393236 2.7570778e-08 0.00014569143 0.0012708432 6.549578e-05 0.00062276406 1.253103e-06 0.0047695367 8.392967e-05 0.0065186643 0.00034826383 0.00044752585 0.00066843006 0.00023328609 0.0012471047 0.00013993835
0.031458206 0.17315324 0.057833306 0.023449792 4.4223017e-22 0.7513625 0.021495532 0.2236238 0.02628024 0.035486106 0.008979818 0.018865155 0.5073461 0.0087453965 0.37784982 0.07930758 0.018323483 0.0062401877 0.0017788053 0.0019190827 0.03995197 0.06314996 0.26838312 0.017276572 0.008841202 0.013321403 0.25445613 0.0013772434 0.00072428625 0.025988586 0.0011011545 0.008235013 0.000637032 0.1422449 0.007212675 0.008289171 0.058763817 0.048956174 0.045087643 0.0056108288 0.0046613635 0.03626891 0.00038482057 0.00016797055 0.0040039136 0.0013679228 0.000543677 0.00023591019 0.0036852271 0.00034088237 0.000111341855 6.888279e-05 0.00014918708 0.0009259016 0.00048068183 0.06447009 0.00016722141 0.0021173058 0.0005727031 4.8704504e-05 0.003266324 1.2070224e-05 0.00505004 0.0024469318 0.007165065 1.5692249e-05 0.011688792 0.0035029545 0.0002517046 0.00983534 0.012122136 0.00015731381 0.0045449142 0.0048541515 0.0010753612 0.000109578345 0.026767543 0.0055642105 1.5134666e-06 0.023684042 0.00754561 0.0005595757 0.024381632 0.0007364921 0.0004210452 0.0012094519 0.0004865502 6.5030003e-06 0.009771005 2.1625594e-06 0.020020425 0.00014946949 0.0011726385 4.085277e-06 0.016445283 0.0059546214 3.69522e-06 6.771283e-05 0.009568954 0.00012275916 4.986435e-05
0.044729397 0.20359904 0.12065513 0.054742355 0.7513625 2.3678304e-20 0.048420683 0.12654041 0.072949 0.09868418 0.026337434 0.05214558 0.64097613 0.024102336 0.12556432 0.014183895 0.051577393 0.021015722 0.009528231 0.00867018 0.08691042 0.009453238 0.063157134 0.04143685 0.021422159 0.034144368 0.35320494 0.004368524 0.0037665048 0.004449336 0.0040818285 0.019999804 0.0047575296 0.058025714 0.023361867 0.021792384 0.062365927 0.06396511 0.02042217 0.022599056 0.015238474 0.032367334 0.004225563 0.0036137898 0.0093198735 0.0049276343 0.0015256142 0.0024443173 0.010200904 0.002979809 0.0013110917 0.0009535279 0.0006630022 0.0030148784 0.0019827276 0.1072061 0.00081584265 0.00036779486 0.0015332132 0.00053933193 0.00080592156 0.0001153837 0.0065611093 0.000713145 0.01241946 0.00025720813 0.021122234 0.004071126 0.0005655366 0.012069867 0.013677708 0.00032654425 0.009881483 0.011845162 0.0010872188 0.00015325444 0.033755824 0.008605203 6.983355e-05 0.03541408 0.009278378 0.0003795483 0.035326876 0.00073364907 0.00070509943 0.0025267422 0.00038127988 8.672478e-05 0.013215202 6.635028e-05 0.024359895 0.00032767162 0.00082352175 7.546286e-05 0.008397034 0.0032321545 2.8723796e-05 0.00020928848 0.0101544205 0.00029866185 0.00014335898
0.019109223 0.46128547 0.36951724 0.44630927 0.021495532 0.048420683 4.3965725e-19 0.04667748 0.584121 0.3145366 0.45055464 0.37924471 0.12395395 0.20837602 0.010639169 0.005766056 0.21995313 0.39006478 0.38229015 0.31515083 0.12065337 0.0012214851 0.00041486986 0.13221891 0.24860837 0.11172492 0.018115008 0.253402 0.1868651 0.00014675627 0.1675985 0.1713187 0.2097443 4.8862174e-05 0.06324389 0.030691238 0.00018424922 4.3802902e-05 0.00030248312 0.019046078 0.039428644 2.6371888e-05 0.04449589 0.039717678 0.074610025 0.11197285 0.10145775 0.032325055 0.056185808 0.03362991 0.022053823 0.026722651 0.054853488 0.015348929 0.10390196 0.0030322596 0.039683953 3.248819e-05 0.055784546 0.008111069 3.952972e-06 0.02019478 3.4637636e-05 4.093289e-05 0.018089682 0.006105259 7.503866e-05 0.000115862706 0.028094465 0.012924797 0.010078301 0.018594043 0.0001286792 7.834469e-05 1.0866687e-05 0.010335644 0.00078218366 5.5918168e-05 0.0051764804 0.0044298284 0.024868842 0.010791778 0.004316701 0.010289233 1.3527797e-05 0.01764647 5.6727373e-08 0.0036558565 0.0064428826 0.0011823672 0.0017860382 8.971163e-06 0.0095266355 0.0017190934 0.017664798 0.0013761524 0.01142865 0.013235648 0.0005459598 0.015860278 0.0010416313
0.0006780685 0.2713742 0.05889577 0.03950404 0.2236238 0.12654041 0.04667748 3.268784e-22 0.047820374 0.02684532 0.029954126 0.037244532 0.116260625 0.040856164 0.573655 0.6977551 0.009757972 0.015801616 0.012333175 0.008897216 0.009701538 0.22115001 0.012567949 0.0051286 0.0047382065 0.004317226 0.01727513 0.006476645 0.0033403498 0.07483066 0.005533289 0.0016596843 0.0017961931 3.233109e-05 0.0028950407 0.0023037877 6.0248985e-05 0.00018669454 0.00015194641 0.0018375858 0.0020761653 3.802076e-06 0.00062270346 0.00013460769 0.001384281 0.000774879 0.0010621853 0.0002566928 0.0008488281 0.00048501563 0.00043034117 0.00025236583 0.000428835 0.0027168456 0.00040987128 0.000344015 0.00062979525 6.761842e-05 0.00019895358 5.312464e-05 0.0005264903 0.00014788711 1.3010424e-05 1.1554374e-05 0.0004985934 7.314146e-05 6.40701e-05 4.7759197e-05 0.00010361835 0.00031764354 0.0002742618 0.00010346757 4.1568725e-05 4.4558048e-05 7.970075e-06 5.2818752e-05 0.00069740444 1.743812e-05 9.7536875e-05 0.001400338 0.00038239727 0.00030914348 0.00067459996 0.00028566024 3.657537e-06 7.694698e-05 1.7542528e-06 0.00018350237 4.7613303e-05 3.3113774e-05 0.0002087011 3.4466368e-06 0.00021988263 0.00028051256 0.00026095452 9.014335e-06 7.68264e-06 8.652734e-05 4.1486193e-05 0.00017003743 0.00021677672
0.16259721 0.40093875 0.4320853 0.46920556 0.02628024 0.072949 0.584121 0.047820374 2.5491389e-17 0.53881854 0.3215945 0.30027947 0.1918247 0.14576188 0.007465646 0.0034434386 0.46605802 0.259835 0.282448 0.22935736 0.25655577 0.0009803248 0.00039278323 0.27267435 0.47583553 0.2581741 0.05953432 0.2711762 0.13276735 7.900849e-05 0.26083034 0.34021 0.38319933 5.235002e-05 0.10970543 0.04931462 0.00018067328 7.0949915e-05 0.00013775344 0.029065358 0.07075088 2.6486672e-05 0.041261677 0.030429695 0.12745243 0.21625221 0.13404219 0.020882845 0.10211464 0.019413343 0.01654131 0.030647332 0.07215179 0.0053861206 0.19291379 0.013560115 0.054890696 1.0536735e-05 0.12854706 0.0063920054 1.1106072e-06 0.03925549 4.2500476e-05 2.9629043e-06 0.058748182 0.004614741 5.718143e-05 4.6573503e-05 0.08056647 0.045774348 0.03301067 0.056609392 8.90036e-05 5.694492e-05 2.6789598e-06 0.03220572 0.0014584393 7.3216484e-05 0.0036012738 0.004739287 0.07783843 0.04717932 0.0048961043 0.03832211 4.0861146e-06 0.049933024 4.717589e-08 0.005384829 0.014421886 0.0013890662 0.0016689204 7.5015732e-06 0.026838975 0.0030465776 0.041537445 0.0061174203 0.021551521 0.02447506 0.0020492717 0.0274901 0.0038728546
0.19322671 0.37592378 0.5329254 0.48342147 0.035486106 0.09868418 0.3145366 0.02684532 0.53881854 5.262723e-22 0.1972072 0.20545499 0.29436916 0.07437624 0.0040239953 0.0022831198 0.7363937 0.12536645 0.057463717 0.05376459 0.64419466 0.00033993914 0.00011304812 0.4755373 0.34020567 0.42971715 0.08989797 0.027804295 0.030692797 4.1804156e-05 0.022669878 0.2868953 0.06925681 8.051917e-05 0.16769524 0.09899613 0.00067393086 0.0015158204 2.6404075e-05 0.08404792 0.112365834 0.000114947135 0.006730616 0.0050502927 0.15551136 0.1439053 0.03578676 0.0044109756 0.13112274 0.0040415963 0.0032265324 0.0018633953 0.0102744615 0.0016447039 0.07825986 0.05125067 0.00961918 3.3317724e-06 0.06224154 0.0005540246 2.397698e-07 0.004393521 0.00010749376 2.88855e-06 0.1261836 0.0003326315 0.0009574818 0.0001444667 0.030834347 0.11354214 0.10987393 0.015282383 0.00032045713 0.00022084998 3.2388346e-06 0.007990907 0.0071198363 0.00048591677 0.00015380247 0.009584617 0.09106214 0.025425503 0.009660573 0.031271704 4.5402894e-06 0.04001809 7.466574e-09 6.0121623e-05 0.012905533 2.1427622e-05 0.005688549 3.6396275e-06 0.018030846 1.7497492e-05 0.031682342 0.0043103923 0.00086861535 0.0009965355 0.0035357703 0.0014701331 7.569596e-05
0.004585775 0.41175073 0.1851596 0.20936425 0.008979818 0.026337434 0.45055464 0.029954126 0.3215945 0.1972072 1.0513633e-21 0.59657145 0.06652151 0.3477734 0.0021796946 0.004616152 0.12046968 0.62860835 0.3992615 0.43108442 0.053036407 0.0007684105 0.00013429983 0.06815313 0.109520696 0.050947685 0.0059206127 0.08448754 0.25948757 7.040113e-05 0.054996945 0.063426256 0.06099342 1.1501429e-05 0.030791469 0.021888921 8.739756e-05 5.930988e-05 0.00020948677 0.016709987 0.027259879 8.409827e-06 0.04943907 0.039449617 0.026530724 0.031694483 0.022286464 0.037299257 0.024917917 0.04187899 0.02018629 0.013005493 0.011395595 0.03670038 0.018656686 0.000988694 0.012859573 3.168377e-05 0.011620803 0.0050468743 2.5578056e-06 0.007894346 1.0049383e-05 4.6511363e-05 0.00619149 0.0039357194 3.9081726e-05 4.1685682e-05 0.006675758 0.0039391047 0.0027230775 0.005260895 3.80543e-05 3.49959e-05 8.55543e-06 0.0029698808 0.00032876278 9.128338e-06 0.0021227575 0.0012023218 0.0062051425 0.00427189 0.0007897263 0.0031724744 5.2342953e-06 0.005460991 2.2578407e-08 0.0013650024 0.00019080537 0.00036056997 4.6293462e-05 2.9962953e-06 0.0025169046 0.0011566262 0.0009795468 4.587638e-05 0.0015269511 0.003018467 5.0373505e-06 0.003950907 0.0005146314
0.001469688 0.42414266 0.21068408 0.24110273 0.018865155 0.05214558 0.37924471 0.037244532 0.30027947 0.20545499 0.59657145 1.9327343e-22 0.10583243 0.66455513 0.0038211476 0.009691962 0.10873218 0.6231728 0.22802097 0.306436 0.050993044 0.00086091063 0.00021760254 0.05511293 0.08015296 0.044096403 0.010283397 0.05275341 0.18634999 0.00029228334 0.03289099 0.04598085 0.03274913 1.7996641e-05 0.027551675 0.02408679 0.00010206718 0.00014483005 0.00022124039 0.018980347 0.02267668 1.648181e-05 0.027503539 0.016126849 0.020046439 0.019843344 0.009200561 0.021495866 0.01743655 0.026789336 0.012041528 0.010994824 0.0055735824 0.053639814 0.009675261 0.0015928389 0.005323386 8.952766e-05 0.007366656 0.0026089032 1.06327425e-05 0.003277212 1.8660457e-05 7.480951e-05 0.0063300296 0.003078267 8.549269e-05 6.950082e-05 0.004316495 0.0032608444 0.0020692626 0.003766546 8.44965e-05 9.996261e-05 2.1598995e-05 0.001930282 0.00065721245 9.559511e-06 0.0016124664 0.0013095521 0.00302548 0.0025236332 0.00073337235 0.0018278018 1.8215607e-05 0.0021357676 1.11126134e-07 0.00061381044 2.9203773e-05 0.0004316192 3.3127293e-05 4.911143e-06 0.0024209048 0.00073565595 0.0005353951 1.2463532e-05 0.0006288857 0.0024600031 7.1270642e-06 0.0038009002 0.00088010693
0.25703278 0.29007372 0.26339242 0.13137104 0.5073461 0.64097613 0.12395395 0.116260625 0.1918247 0.29436916 0.06652151 0.10583243 1.8114533e-19 0.03839165 0.0704142 0.009371702 0.18121813 0.04768169 0.010590705 0.017170027 0.38133362 0.004208401 0.032513827 0.13359146 0.055798355 0.123556085 0.65389997 0.004244568 0.0075733843 0.0015466677 0.00390165 0.05840244 0.0072313165 0.08770242 0.041178424 0.046694133 0.10675782 0.17818034 0.020074079 0.061288465 0.030821053 0.0464132 0.00470134 0.007290528 0.030637415 0.0133114355 0.0018229198 0.0032899478 0.030478597 0.0032502853 0.0024939894 0.0009482882 0.00069255574 0.0013623558 0.004104048 0.30767265 0.0004277016 0.00014530902 0.004275821 0.0006523751 0.0001229819 0.00014506739 0.009381631 0.00037204 0.052089866 0.0002882177 0.021234961 0.0051027457 0.0010209004 0.06982959 0.08189839 0.00042216716 0.013390657 0.015879225 0.0007105005 0.00023647762 0.07598615 0.01863378 4.114121e-05 0.07792901 0.019088874 0.0004088855 0.08074741 0.00096671353 0.00080760184 0.004686429 0.0006079312 1.0011311e-05 0.031795688 1.3408194e-05 0.053491298 0.00041408185 0.0014703945 1.0320636e-05 0.014637363 0.011823339 9.4655825e-06 9.3276925e-05 0.035392642 0.00012489346 0.00011377775
0.0008698903 0.31372604 0.10982878 0.1222301 0.0087453965 0.024102336 0.20837602 0.040856164 0.14576188 0.07437624 0.3477734 0.66455513 0.03839165 3.215995e-22 0.0028847053 0.019451724 0.03209883 0.6219814 0.119073644 0.16595201 0.019272972 0.0008531814 9.8766825e-05 0.01726673 0.029108277 0.014125727 0.003938815 0.020914642 0.098549634 0.00052021054 0.013678492 0.01507754 0.0072734198 4.3905134e-06 0.005899921 0.0065608374 4.9412833e-05 7.190718e-05 7.491632e-05 0.0029251536 0.0026624317 4.94073e-06 0.013607516 0.004820825 0.002645301 0.005159452 0.002433417 0.006255256 0.0021005522 0.0112288715 0.00607588 0.0037077514 0.0017831278 0.057810314 0.002409723 0.0012064851 0.0010116602 3.2860025e-05 0.001273714 0.000856252 5.7892744e-06 0.0007679285 1.2113814e-05 3.7061767e-05 0.0016482857 0.0010513238 2.7927705e-05 4.2874603e-05 0.0008647938 0.0005531179 0.0007804997 0.0008344669 2.3519504e-05 1.457443e-05 1.0656741e-05 0.0005427919 0.00062836235 1.3767745e-05 0.0004776701 0.0011878822 0.0022650987 0.00090546324 0.00046015746 0.0006106144 1.1724371e-05 0.0009694823 1.01969434e-07 0.00030416058 6.853799e-05 0.00023316155 4.012816e-05 3.3451347e-06 0.0012402387 0.00042853487 0.00033321284 1.2335586e-05 0.00019269253 0.00095677393 6.88169e-06 0.0014187006 0.00041143174
0.00067477534 0.05124566 0.012030743 0.0077080363 0.37784982 0.12556432 0.010639169 0.573655 0.007465646 0.0040239953 0.0021796946 0.0038211476 0.0704142 0.0028847053 4.6386536e-22 0.5098359 0.00056622823 0.00086187664 0.0008814504 0.00045133146 0.0010472725 0.67767715 0.5053882 0.0005059567 0.0005518107 0.0005301107 0.020852624 0.0007001957 0.00020080162 0.29956445 0.0008166923 0.00028060537 0.00012347139 0.0050123245 0.0001213976 0.00015835406 0.00081505254 0.0009470446 0.034741327 0.00013772624 0.00010677622 0.00012280366 8.2265906e-05 1.4525767e-05 8.292259e-05 6.7837114e-05 0.00010424437 3.552386e-05 6.978954e-05 6.479715e-05 5.6143184e-05 7.974698e-06 3.569587e-05 0.0003472427 3.4123757e-05 9.956644e-05 5.119521e-05 0.0046052714 2.248538e-05 3.953673e-06 0.011416607 1.7769368e-06 4.9080536e-06 0.00031875362 0.00010656034 5.9911818e-06 0.00014181562 2.7064796e-05 6.531006e-06 3.5154386e-05 2.2174978e-05 5.3001236e-06 8.033883e-05 0.00014328517 7.624096e-06 1.1978663e-06 0.0008787742 3.0594463e-05 1.9612853e-06 0.0011516241 2.4293346e-05 1.9840023e-05 0.00080139656 4.31039e-05 1.0441051e-06 4.0154137e-06 2.252617e-06 2.5090653e-06 2.4300598e-05 1.1549237e-06 0.00038035196 4.7671233e-07 9.547377e-06 7.779748e-06 0.00020705741 1.2146638e-06 1.1191592e-07 6.292213e-07 3.4275483e-05 1.2114524e-06 1.0411854e-05
5.8356683e-05 0.038502343 0.005762282 0.0047833496 0.07930758 0.014183895 0.005766056 0.6977551 0.0034434386 0.0022831198 0.004616152 0.009691962 0.009371702 0.019451724 0.5098359 5.5420528e-21 0.00060998986 0.0039021599 0.001183602 0.0008788526 0.0007326681 0.40061152 0.029033333 0.00054658705 0.00036749858 0.0006317437 0.0013878195 0.0008921223 0.00051535806 0.2651693 0.00075555145 0.00037696687 0.00011614459 3.0142899e-05 0.00042619504 0.0002679157 1.0186233e-05 2.9903447e-05 0.00022807682 0.00014878668 0.00030055165 3.1321858e-06 0.00021309193 3.833221e-05 0.00010936662 6.653125e-05 5.6003664e-05 7.906954e-05 0.00018010111 0.00014362267 8.8761844e-05 0.0001743703 3.3549924e-05 0.0017542939 7.905492e-05 0.00011292506 7.510181e-05 0.00024313199 0.000112975904 2.5065145e-05 0.0010081723 5.576469e-05 1.4671603e-05 3.511495e-05 0.0008890668 6.893418e-05 3.2829455e-05 2.3820108e-05 0.00013379181 0.00040217527 0.00048468824 0.00018115966 1.6731594e-05 1.5585047e-05 1.2193115e-05 7.534895e-05 0.0021417541 6.869327e-05 6.220591e-05 0.0035835889 0.0007191006 0.00017810018 0.0030377402 0.00013446988 7.3302385e-06 5.3547425e-05 1.7094957e-06 6.37768e-05 0.00022491567 4.162109e-05 0.000938709 3.6269148e-06 0.00021347514 0.00010140412 0.0007304078 1.2468893e-05 9.445077e-06 5.9780014e-05 5.738164e-05 5.9911967e-05 0.00021804667
0.31847534 0.20821664 0.2674535 0.23929158 0.018323483 0.051577393 0.21995313 0.009757972 0.46605802 0.7363937 0.12046968 0.10873218 0.18121813 0.03209883 0.00056622823 0.00060998986 1.0779974e-20 0.08209147 0.061904 0.0532013 0.5168913 9.012044e-05 3.5812478e-05 0.57878125 0.5366245 0.48791522 0.053434793 0.04837013 0.03140657 1.0066369e-05 0.048217013 0.46144447 0.19452192 4.8521153e-05 0.13968942 0.05835562 0.0002453459 0.0003247563 1.4149685e-05 0.049233668 0.08690022 2.45245e-05 0.008507366 0.0057959235 0.1655362 0.20683289 0.07284093 0.004291641 0.13418019 0.0049199127 0.003773895 0.0036565587 0.02543538 0.0009772165 0.14765187 0.04310067 0.021558218 9.948129e-07 0.10331184 0.0009271678 4.848125e-08 0.017450325 1.8073146e-05 3.727892e-07 0.14245655 0.00060759357 0.0002609946 3.1950367e-05 0.075973734 0.12657826 0.12579694 0.045462843 8.58106e-05 3.1855892e-05 3.389448e-07 0.022963736 0.004619426 0.00011874862 0.00032785293 0.006597838 0.177462 0.05010299 0.0071445922 0.073281355 9.1289513e-07 0.08249039 6.3662825e-10 0.00049251446 0.021304546 7.22351e-05 0.0020834256 1.3712062e-06 0.035897423 0.0002291801 0.054202005 0.00803182 0.0070768436 0.006137856 0.0021167062 0.0077243396 0.0005278753
0.0012003467 0.3079473 0.15131141 0.18471085 0.0062401877 0.021015722 0.39006478 0.015801616 0.259835 0.12536645 0.62860835 0.6231728 0.04768169 0.6219814 0.00086187664 0.0039021599 0.08209147 3.325634e-22 0.35655853 0.49362627 0.02422035 0.00035872162 9.849837e-05 0.036440805 0.072600864 0.025439613 0.0044176127 0.071133845 0.36138743 5.9999045e-05 0.03964752 0.030479515 0.034335446 1.5190316e-05 0.019465636 0.012893135 0.00012746478 0.00016231879 0.00018873751 0.009154073 0.015954942 1.1866728e-05 0.07243974 0.06514026 0.011608739 0.014202044 0.010383421 0.09723469 0.011077976 0.1439593 0.0254646 0.010467304 0.0056370907 0.12618119 0.008377473 0.00065246376 0.0076718586 3.6778045e-05 0.005662028 0.0030007123 1.9081463e-06 0.0041947067 8.505447e-06 2.4139006e-05 0.0037165438 0.0027336664 7.1869064e-05 2.1739957e-05 0.0033589066 0.0016527787 0.0016527205 0.0033837936 4.464196e-05 3.2548603e-05 1.5297406e-06 0.0019394074 0.00033613897 8.195554e-06 0.0024810012 0.00086014037 0.0024465655 0.0023631563 0.00036934458 0.0015456665 1.931919e-06 0.002131819 2.5216e-09 0.0020750181 3.2552576e-05 0.0005058571 1.9873256e-05 9.704623e-07 0.0016681143 0.0011069381 0.00040310394 6.2968925e-06 0.0027810007 0.0043016784 2.2002923e-06 0.0047747656 0.0011255102
0.012866841 0.11951869 0.057068937 0.06574152 0.0017788053 0.009528231 0.38229015 0.012333175 0.282448 0.057463717 0.3992615 0.22802097 0.010590705 0.119073644 0.0008814504 0.001183602 0.061904 0.35655853 2.3270602e-20 0.6135084 0.016356668 0.00035777746 4.0675397e-05 0.049220532 0.12971443 0.041705728 0.0025854008 0.40843025 0.49508518 2.4030618e-05 0.30810693 0.08108857 0.17901556 1.9953825e-06 0.023947423 0.009211667 3.0327788e-05 1.8966413e-05 0.00011754864 0.0050357394 0.016690612 1.0305956e-06 0.15465532 0.10209037 0.02760902 0.054386545 0.12230233 0.0649868 0.024853138 0.054740056 0.07102862 0.07851766 0.09058411 0.020171067 0.06186332 0.00091121177 0.077871755 5.8656283e-06 0.030077439 0.014886087 4.6563554e-07 0.043804526 3.279358e-06 4.441501e-06 0.0050316807 0.011123063 4.046388e-05 1.8942299e-05 0.018592821 0.002998252 0.0020517414 0.017075537 3.134494e-05 2.5074994e-05 2.8996838e-06 0.01143001 0.00026184 5.7195034e-06 0.0055734096 0.00068307196 0.009977894 0.00978705 0.00035805244 0.0075209253 1.6515914e-06 0.009451444 4.6331046e-09 0.0051274146 0.0014641099 0.0010954601 5.64351e-05 8.4377086e-07 0.005529878 0.0029229992 0.0022976594 0.00017450955 0.011523767 0.0106772445 1.7842598e-05 0.015358577 0.0019092377
0.0072894604 0.118409604 0.05555431 0.062137406 0.0019190827 0.00867018 0.31515083 0.008897216 0.22935736 0.05376459 0.43108442 0.306436 0.017170027 0.16595201 0.00045133146 0.0008788526 0.0532013 0.49362627 0.6135084 1.013048e-20 0.020148214 0.00019525288 3.0421757e-05 0.040786944 0.104833834 0.033621036 0.0033336175 0.26321232 0.5926057 1.3883629e-05 0.15150733 0.055159304 0.117577344 2.1562455e-06 0.023179704 0.01234031 2.9570201e-05 4.3657146e-05 9.622813e-05 0.0068637747 0.017718349 1.1067817e-06 0.1774278 0.1417673 0.024035335 0.044510186 0.06564843 0.10980811 0.021550735 0.10739477 0.07572638 0.061534666 0.051468026 0.041754454 0.046589278 0.0012786718 0.056700498 2.4752217e-06 0.021024132 0.009269184 9.6963106e-08 0.03383297 2.3696093e-06 1.7949941e-06 0.0055936226 0.008992617 5.341196e-05 1.1061511e-05 0.013195814 0.0028267489 0.002318008 0.012820669 3.6173584e-05 1.8458295e-05 3.7346135e-07 0.0076450617 0.00018191796 3.0035762e-06 0.004195355 0.00072776387 0.0049586417 0.008128414 0.0003583732 0.005256391 5.553801e-07 0.0043618153 9.437099e-10 0.0034541348 0.00034268817 0.000740217 4.353678e-05 4.0586932e-07 0.0029591883 0.002235632 0.0015502229 3.8488663e-05 0.007842504 0.007180097 7.982139e-06 0.010384173 0.0018301915
0.49227053 0.15695861 0.30543193 0.21949866 0.03995197 0.08691042 0.12065337 0.009701538 0.25655577 0.64419466 0.053036407 0.050993044 0.38133362 0.019272972 0.0010472725 0.0007326681 0.5168913 0.02422035 0.016356668 0.020148214 6.3775645e-24 0.00014777109 9.1082205e-05 0.5808677 0.13812038 0.6954836 0.21733952 0.007585035 0.010011818 1.8210934e-05 0.007401944 0.27116257 0.017578 0.00042496668 0.5313908 0.4150854 0.0011164527 0.0034037807 4.0906318e-05 0.349015 0.36059391 0.00038326986 0.002688425 0.0012311235 0.17468873 0.097616196 0.00799842 0.00072285166 0.15552631 0.001136808 0.0012937203 0.00022938914 0.002712525 0.0002867025 0.02602804 0.09849463 0.0016450254 2.4906012e-06 0.022723049 0.0001842306 1.311862e-07 0.00094575254 0.00018583426 2.9346254e-06 0.24662459 0.00012649853 0.003937309 0.00021415294 0.010085223 0.17025259 0.19215152 0.0052301288 0.0013770438 0.0013453492 7.971018e-06 0.0029842854 0.017909078 0.0012367715 1.6832693e-05 0.019942783 0.09383492 0.0064904704 0.020148745 0.0109662665 2.5423084e-05 0.026110088 1.9895564e-08 7.629922e-06 0.031686936 1.089524e-06 0.0114142215 1.5278838e-05 0.012702937 1.4885779e-06 0.028319338 0.008955875 1.6798953e-05 3.8618673e-05 0.0077216583 9.980572e-05 5.1656184e-06
3.2640306e-05 0.0043160915 0.00063586386 0.0006205799 0.06314996 0.009453238 0.0012214851 0.22115001 0.0009803248 0.00033993914 0.0007684105 0.00086091063 0.004208401 0.0008531814 0.67767715 0.40061152 9.012044e-05 0.00035872162 0.00035777746 0.00019525288 0.00014777109 1.3792214e-20 0.18355916 0.00014007401 5.239587e-05 0.00019426865 0.00076707354 0.0001596973 6.7054076e-05 0.4481871 6.532043e-05 7.0507085e-05 1.2487076e-05 0.0018348515 0.00010175277 7.398126e-05 0.00024065902 9.418789e-05 0.00671813 3.567368e-05 3.6919915e-05 0.00012855751 2.4501585e-05 6.082234e-06 3.444864e-05 2.5547984e-05 6.347811e-06 1.8989507e-05 4.728113e-05 3.453759e-05 1.8213801e-05 8.662753e-06 3.4630314e-06 0.0002394167 2.4532894e-05 5.6591936e-05 8.061601e-06 0.0017505471 4.0389237e-05 2.9564437e-06 0.0085343495 8.723085e-07 2.8197092e-05 0.0002500733 0.00022886209 6.329826e-06 0.00034594617 7.0599875e-05 1.8407984e-05 0.00013539124 0.00023618664 2.2924904e-05 8.984284e-05 0.00012548098 3.4740784e-05 3.3882736e-06 0.00482085 0.00015562851 9.523338e-07 0.0066549177 0.00011604959 2.443795e-05 0.008172802 2.444091e-05 3.0738952e-06 7.379822e-06 2.2563763e-05 6.149617e-06 0.00057680416 1.5974604e-06 0.003471444 1.940746e-06 2.0372572e-05 1.4339829e-05 0.0019154011 0.00027674282 5.3900226e-07 2.0828631e-06 0.00065707776 2.9428709e-06 3.0605202e-05
0.00059970364 0.00081312796 0.00021657276 0.00021251921 0.26838312 0.063157134 0.00041486986 0.012567949 0.00039278323 0.00011304812 0.00013429983 0.00021760254 0.032513827 9.8766825e-05 0.5053882 0.029033333 3.5812478e-05 9.849837e-05 4.0675397e-05 3.0421757e-05 9.1082205e-05 0.18355916 1.942579e-23 5.649466e-05 5.866688e-05 5.3538897e-05 0.020503743 0.00010396727 1.075098e-05 0.0762413 3.0597177e-05 2.9860757e-05 1.00848665e-05 0.21357475 4.0426312e-05 4.0159746e-05 0.030535687 0.009940672 0.5974814 3.2541062e-05 5.88178e-05 0.027727753 1.0185174e-05 2.2682977e-06 1.0465521e-05 1.8537785e-05 1.1287095e-05 9.070068e-06 1.3948406e-05 2.8063603e-05 5.509175e-06 1.3797536e-06 2.7413182e-06 2.8060094e-05 1.5527634e-05 0.0005832214 1.4400998e-06 0.10939715 9.902076e-06 6.711914e-07 0.05412345 9.667336e-08 0.0007759472 0.094006635 0.000100419726 2.7584076e-07 0.0019816565 0.00064707233 3.5430423e-06 2.5652504e-05 2.1375456e-05 2.4388903e-06 0.00020345459 0.00028699194 0.00065774226 3.0319717e-07 0.0010087704 0.00015337185 2.2563009e-07 0.0012906081 2.816146e-05 4.6672812e-06 0.0015162246 7.541404e-06 3.3174965e-05 3.7948926e-06 0.0008069744 1.2957068e-07 6.2844294e-05 1.2539428e-07 0.0020833272 1.3597915e-05 9.128434e-06 5.077089e-07 0.00016686744 5.543078e-06 9.610412e-09 6.088443e-08 0.00031275293 1.05621474e-07 3.9515336e-07
0.53749007 0.117380194 0.17634092 0.15942374 0.017276572 0.04143685 0.13221891 0.0051286 0.27267435 0.4755373 0.06815313 0.05511293 0.13359146 0.01726673 0.0005059567 0.00054658705 0.57878125 0.036440805 0.049220532 0.040786944 0.5808677 0.00014007401 5.649466e-05 1.4043219e-21 0.42909402 0.7151023 0.049134582 0.038004078 0.025835492 8.213299e-06 0.040113274 0.5946377 0.118326604 3.928894e-05 0.34598505 0.081240535 0.00019886366 0.0004358894 2.1378673e-05 0.07667019 0.15755455 2.0520767e-05 0.006584685 0.00478554 0.29054767 0.31855473 0.06658391 0.0031645 0.22148007 0.0035224746 0.0031930339 0.0032143642 0.02684448 0.00039129818 0.16629826 0.046918303 0.01890932 1.8204483e-06 0.13145472 0.0010575519 3.5165364e-08 0.018435448 2.1796444e-05 5.995683e-07 0.18886371 0.0006271443 0.00033062385 2.2575214e-05 0.08723382 0.1686546 0.1830074 0.052568648 0.00011155443 4.6534344e-05 7.8921573e-07 0.028119199 0.0052644806 0.00023079966 0.00036908034 0.00704755 0.26470912 0.06627711 0.0075444123 0.091516405 1.5700685e-06 0.13411622 1.1365805e-09 0.00047333876 0.034525838 3.7277354e-05 0.0031459704 2.7744998e-06 0.045760613 0.00013817566 0.05690602 0.011873719 0.0042426554 0.0033910219 0.002679609 0.0045707165 0.00018749246
0.6061756 0.1101095 0.122257575 0.13503109 0.008841202 0.021422159 0.24860837 0.0047382065 0.47583553 0.34020567 0.109520696 0.08015296 0.055798355 0.029108277 0.0005518107 0.00036749858 0.5366245 0.072600864 0.12971443 0.104833834 0.13812038 5.239587e-05 5.866688e-05 0.42909402 7.309732e-18 0.30216303 0.0147672985 0.19890998 0.0798756 2.7320968e-06 0.2272116 0.59782743 0.61167467 1.1537187e-05 0.08432505 0.03256432 2.4414236e-05 2.085832e-05 1.2176173e-05 0.026880953 0.05563352 6.931597e-06 0.02344906 0.018605843 0.16652507 0.39903834 0.37994462 0.010389854 0.12246333 0.010147896 0.012509641 0.022662826 0.14423482 0.0012622547 0.3356763 0.009712855 0.062094137 3.9291072e-07 0.23094812 0.0052852267 1.3919736e-08 0.053685885 3.0303922e-06 1.3417569e-07 0.09765777 0.0028804005 1.471667e-05 3.5134763e-06 0.16943233 0.091152154 0.09034998 0.14802839 3.4478105e-06 1.6820586e-06 1.9862776e-07 0.11298979 0.0015304587 3.147583e-06 0.002737769 0.0028321238 0.25928798 0.1558284 0.002412319 0.15844338 5.101837e-07 0.2116649 5.984848e-10 0.009536861 0.027786845 0.0012035666 0.00038002853 7.513146e-07 0.09768918 0.0034299893 0.09000182 0.019961748 0.06998807 0.05738488 0.00044165467 0.06458559 0.0047104307
0.6474957 0.0812964 0.1605919 0.13526466 0.013321403 0.034144368 0.11172492 0.004317226 0.2581741 0.42971715 0.050947685 0.044096403 0.123556085 0.014125727 0.0005301107 0.0006317437 0.48791522 0.025439613 0.041705728 0.033621036 0.6954836 0.00019426865 5.3538897e-05 0.7151023 0.30216303 6.8355335e-22 0.04786081 0.023899825 0.02206206 3.7234454e-06 0.026686229 0.5473115 0.070663676 2.3402175e-05 0.59802467 0.13198856 0.00012455233 0.00045660065 2.3682187e-05 0.11036555 0.304042 1.3534327e-05 0.006153094 0.0035898755 0.37389803 0.32275012 0.04176045 0.0025332242 0.32609928 0.0026804346 0.002863246 0.0023000306 0.015708758 0.00022407663 0.14154555 0.062021796 0.00956905 2.974793e-06 0.11034501 0.0010324997 3.7068425e-08 0.009650531 1.9998986e-05 1.7731311e-06 0.24108393 0.0006554739 0.00044307846 1.9230434e-05 0.06301152 0.17903331 0.16954468 0.03275156 0.00021909537 9.872728e-05 2.0730379e-06 0.01762748 0.0046284837 0.0003262613 0.00018062677 0.005924555 0.23761357 0.03825868 0.0064350376 0.061529823 3.3797373e-06 0.11292515 2.3831945e-09 0.00016711524 0.030399611 2.0970754e-05 0.0032094268 5.0376534e-06 0.03139814 4.0749557e-05 0.043262523 0.009348733 0.0006664362 0.0006989325 0.0026344892 0.0011490992 5.1543964e-05
0.79976726 0.053162742 0.05968167 0.025428614 0.25445613 0.35320494 0.018115008 0.01727513 0.05953432 0.08989797 0.0059206127 0.010283397 0.65389997 0.003938815 0.020852624 0.0013878195 0.053434793 0.0044176127 0.0025854008 0.0033336175 0.21733952 0.00076707354 0.020503743 0.049134582 0.0147672985 0.04786081 7.258213e-19 0.00083949766 0.002002949 0.00013766505 0.00085418037 0.022415785 0.0018806205 0.12468512 0.027690204 0.05272804 0.23761237 0.47031638 0.016039407 0.09516729 0.029569097 0.08699308 0.00121402 0.0009923087 0.016306432 0.006276987 0.0008220842 0.00055905135 0.01827042 0.00073684996 0.00059315393 6.6555804e-05 0.00037786798 0.00039853816 0.0020116456 0.6280085 6.707493e-05 3.3031167e-05 0.0022358322 0.0001169174 6.3635314e-05 6.339653e-05 0.026701242 0.0007030458 0.070860974 3.4436453e-05 0.10895486 0.016454877 0.001032325 0.10145307 0.1425559 0.00048238022 0.047340874 0.057729322 0.0028126864 0.00020430272 0.3348047 0.119901896 1.1319574e-05 0.34977347 0.034341786 0.0005034087 0.3688116 0.0011906534 0.0030937693 0.0046745026 0.001530501 6.441604e-06 0.20599136 2.4730462e-06 0.29316166 0.0013509955 0.0011542025 6.2911536e-06 0.025041858 0.090813 5.965784e-07 3.0131935e-06 0.24141444 5.6230924e-06 1.3616771e-05
0.18413919 0.027139379 0.018220993 0.027017282 0.0013772434 0.004368524 0.253402 0.006476645 0.2711762 0.027804295 0.08448754 0.05275341 0.004244568 0.020914642 0.0007001957 0.0008921223 0.04837013 0.071133845 0.40843025 0.26321232 0.007585035 0.0001596973 0.00010396727 0.038004078 0.19890998 0.023899825 0.00083949766 2.8343898e-18 0.2739659 3.8503713e-05 0.6403704 0.087299444 0.32970998 3.5241071e-06 0.008074675 0.0041044103 5.479215e-06 2.7326078e-06 2.7456628e-05 0.0024649135 0.0064231576 6.705568e-07 0.12950607 0.061256256 0.019734086 0.06728429 0.17170411 0.023830272 0.011988377 0.014217196 0.081911385 0.29963434 0.1673199 0.0037464502 0.12291854 0.0003039605 0.17101617 2.1834028e-06 0.068037145 0.061084148 5.9138e-07 0.17457357 2.277814e-06 1.7186072e-06 0.00485681 0.04286785 4.1927706e-06 3.4881562e-06 0.046627097 0.003437764 0.0017967292 0.05399819 6.2642725e-06 2.7338042e-06 1.6498219e-06 0.07931374 4.9198414e-05 3.0210485e-06 0.022749111 0.00020689044 0.024650887 0.025991859 9.6825665e-05 0.012686908 3.5572116e-06 0.02041517 5.1790646e-08 0.03105513 0.001959815 0.011280123 1.885701e-05 3.986423e-06 0.01401856 0.013422704 0.021593645 0.0018264233 0.06664007 0.073498785 2.0493839e-05 0.076518215 0.010934667
0.0054213363 0.06088331 0.028489582 0.033434935 0.00072428625 0.0037665048 0.1868651 0.0033403498 0.13276735 0.030692797 0.25948757 0.18634999 0.0075733843 0.098549634 0.00020080162 0.00051535806 0.03140657 0.36138743 0.49508518 0.5926057 0.010011818 6.7054076e-05 1.075098e-05 0.025835492 0.0798756 0.02206206 0.002002949 0.2739659 1.6277819e-20 5.6827002e-06 0.16591439 0.04004912 0.11540154 4.6827452e-07 0.015668549 0.008196797 1.13479255e-05 2.3100565e-05 3.8768307e-05 0.0047669285 0.011608164 2.9667513e-07 0.41975376 0.32598856 0.015722532 0.03368421 0.06119073 0.19959728 0.013992702 0.19481303 0.21511254 0.20714317 0.061822806 0.06327567 0.041907415 0.0005897317 0.07759682 5.326841e-07 0.015817234 0.038040686 3.401778e-08 0.045936376 7.429794e-07 3.5592657e-07 0.0033553462 0.029906273 3.2083706e-05 3.0162066e-06 0.010852708 0.0014851331 0.000893071 0.012476371 1.4117295e-05 5.463061e-06 2.9146218e-08 0.009024723 2.8819666e-05 1.0081602e-06 0.010511614 0.00010482577 0.002422406 0.0062959017 6.207222e-05 0.003701996 1.5949736e-07 0.0017625303 4.1751577e-10 0.005513078 0.00012264612 0.0016718826 4.8906018e-06 7.258849e-08 0.0017127399 0.0041318624 0.00083629496 1.6729455e-05 0.010701814 0.008923934 2.170181e-06 0.010272169 0.0030227476
8.447197e-06 0.0023209776 0.00012386954 7.262482e-05 0.025988586 0.004449336 0.00014675627 0.07483066 7.900849e-05 4.1804156e-05 7.040113e-05 0.00029228334 0.0015466677 0.00052021054 0.29956445 0.2651693 1.0066369e-05 5.9999045e-05 2.4030618e-05 1.3883629e-05 1.8210934e-05 0.4481871 0.0762413 8.213299e-06 2.7320968e-06 3.7234454e-06 0.00013766505 3.8503713e-05 5.6827002e-06 8.837498e-24 6.9115304e-06 2.4941735e-06 3.1133493e-06 0.0007261055 3.613719e-06 8.943964e-06 7.672129e-05 1.7426315e-05 0.0016885753 2.8387162e-06 3.932498e-06 5.9829745e-05 3.3617328e-06 1.2585681e-06 1.1508303e-06 1.6573077e-06 2.0862688e-06 1.575635e-06 1.7900007e-06 2.6635018e-06 2.7611327e-06 5.04377e-07 6.956812e-07 2.5810315e-05 2.2567926e-06 2.100981e-05 9.238683e-07 0.0013147641 5.75627e-06 9.6234e-07 0.008029047 2.6978364e-07 4.4513872e-05 0.00026005518 3.3777123e-05 6.093703e-07 0.00015530203 6.447692e-05 1.6142358e-06 2.7163442e-05 7.9181e-05 1.4893873e-06 6.668052e-05 6.6245644e-05 2.5889276e-05 6.6887446e-07 0.005916808 0.000102935206 2.1419252e-08 0.012267817 1.2822306e-05 1.8338482e-06 0.018040014 3.773053e-06 1.405123e-06 3.9772806e-07 2.9632138e-05 2.891011e-06 0.0029229922 2.0772413e-08 0.014312642 3.5018064e-07 2.9650948e-06 1.9638717e-06 0.0018755159 0.00086365343 8.0451315e-07 2.2600168e-06 0.0015576787 6.7490396e-07 2.5188688e-06
0.3141606 0.017473146 0.016277757 0.020186568 0.0011011545 0.0040818285 0.1675985 0.005533289 0.26083034 0.022669878 0.054996945 0.03289099 0.00390165 0.013678492 0.0008166923 0.00075555145 0.048217013 0.03964752 0.30810693 0.15150733 0.007401944 6.532043e-05 3.0597177e-05 0.040113274 0.2272116 0.026686229 0.00085418037 0.6403704 0.16591439 6.9115304e-06 7.188147e-18 0.1382545 0.49655405 4.300468e-06 0.00867425 0.0038748793 6.8316995e-06 1.9471418e-06 6.5685963e-06 0.0025450413 0.0054688607 1.1716766e-06 0.08737704 0.03833485 0.023483891 0.09706653 0.23537646 0.01557323 0.014732568 0.009197372 0.05153491 0.2399647 0.27165648 0.0023475527 0.18303433 0.0008449853 0.21953724 9.707353e-07 0.101733536 0.055335056 1.6124147e-07 0.24290153 2.183965e-06 6.705184e-07 0.006084294 0.038181182 3.7969162e-06 2.8666616e-06 0.07451591 0.0048220777 0.0036058582 0.0838276 3.868294e-06 1.4813016e-06 7.1275093e-07 0.11165259 6.4543536e-05 9.119597e-07 0.019088244 0.00023949546 0.024385639 0.022190856 0.00011204275 0.011830046 2.1279218e-06 0.018666804 5.400671e-08 0.028482966 0.0021118578 0.012094451 1.6795573e-05 1.92505e-06 0.012043279 0.013078018 0.026857462 0.0017252467 0.07444387 0.08282784 1.5839234e-05 0.08369687 0.010481444
