1.4460515e-35 1.7284701e-05 1.3357702e-09 2.3473397e-08 0.00038896798 0.00048000293 0.012842819 0.0002703545 0.004055573 0.0005915192 0.016678972 0.0009419824 0.017169528 0.0004611369 0.03282927 0.0004886725 0.012716362 0.00054319063 0.0005968269 0.038089983 0.008188222 0.14002454 0.019170305 0.02400801 0.00059315085 0.047637474 0.08280179 0.02941715 0.052354965 0.10015769 0.12571718 0.12910575 0.14431366 0.030935636 0.28824583 0.0007370875 0.32949308 0.0012038392 0.03001652 0.06386301 0.00040935996 0.10685364 0.37348387 0.4385642 0.002487647 0.31901422 0.48571274 0.50574285 0.013180193 0.644547 0.6455522 0.0017523459 0.0018050701 0.6983921 0.5965334 0.6131342 0.76023936 0.0064085834 0.044520903 0.0062929243 0.6102647 0.64568025 0.8226597 0.36371326 0.82618564 0.030868245 0.7193908 0.596738 0.03506231 0.0017224305 0.86014956 0.7919111 0.83342034 0.0009140195 0.25193542 0.3476597 0.39510232 0.92946243 0.8524543 0.8956716 0.87627125 0.22600193 0.54557186 0.9652779 0.94868064 0.000962503 0.93215895 0.9779573 0.0009440822 0.27972552 0.99412984 0.01762422 0.99443716 0.9813773 0.2885742 0.8510541 0.9671209 0.9991866 0.0036437141 0.19480732 0.010647807
1.7284701e-05 3.4309733e-25 0.013199943 0.024012819 0.2618824 0.20366658 0.37635267 0.102235004 0.030511528 0.018369215 0.020801652 0.0069907648 0.018953916 0.003572369 0.019999303 0.0024964022 0.0064592003 0.0023366138 0.0026970839 0.002345965 0.00083444745 0.0011051717 0.00075417606 0.0007730485 0.00012036319 0.001013958 0.00027123207 0.0006442243 0.0011052218 6.267515e-05 0.0008912804 0.0004202693 0.00011598686 6.107579e-05 0.00018340876 3.643186e-05 0.00044850682 3.1606094e-05 0.00014688619 4.4621236e-05 1.7779887e-05 4.216869e-05 8.721588e-05 1.4373374e-05 1.2186035e-05 3.742659e-06 0.00037589026 1.6783579e-05 5.8526534e-06 7.324596e-05 1.2641875e-05 3.7475256e-05 4.942169e-07 0.00013334802 4.7017773e-05 1.9969122e-05 3.942034e-05 2.6242394e-06 1.6616331e-06 1.286057e-06 3.106719e-05 1.388016e-05 1.1453311e-05 1.7854367e-06 2.8261948e-05 1.2225122e-07 2.36239e-05 4.573757e-06 4.071523e-06 7.677033e-05 1.828146e-05 0.000100592246 1.0533329e-05 9.28175e-06 8.957109e-06 3.039428e-06 1.964891e-06 8.0460755e-05 0.00018580147 0.00028128322 3.0145286e-05 7.6878683e-07 1.0386767e-06 6.9224807e-06 6.5675726e-05 1.1361759e-06 6.965964e-06 0.00015339305 1.0993297e-06 5.398081e-06 0.00023993074 2.4093986e-06 9.415322e-07 4.505554e-06 3.9558304e-06 1.9394394e-08 5.275074e-07 2.3035029e-05 3.3536904e-07 2.9406095e-08 1.2130929e-06
1.3357702e-09 0.013199943 8.416717e-35 0.12463834 0.007451243 0.007985044 0.0068522897 0.023491865 0.003033755 0.00093935966 0.0009878459 0.000556019 0.0023662571 0.00055650494 0.003131287 0.00027361285 0.00073331577 0.0001620679 0.001246181 0.00012571165 0.00012738141 6.046138e-05 0.00014292312 9.4358984e-05 6.3391417e-06 8.528316e-05 3.815212e-05 6.42234e-05 6.719863e-05 1.2658138e-05 0.00011776508 7.790911e-05 2.629108e-05 2.888033e-07 2.1160298e-05 2.6172986e-06 5.14773e-05 6.4469657e-07 2.492263e-05 2.2770585e-06 7.3539995e-05 3.1934264e-06 1.8659568e-05 3.9173833e-06 2.9848102e-06 7.818175e-07 4.9770995e-05 6.1399596e-06 4.7329465e-08 1.7301351e-06 1.7448275e-06 3.2717595e-05 2.4224218e-07 1.5873047e-05 6.522136e-06 9.0377875e-07 2.7127755e-06 4.7894954e-08 1.69029e-08 1.5199305e-08 1.5598125e-06 2.9691003e-07 1.9663464e-07 9.0794394e-08 3.571306e-07 1.4592481e-09 1.2745487e-07 1.1675443e-09 1.3219498e-08 3.6841062e-05 5.4088762e-08 9.1779015e-08 8.2478e-09 1.2991825e-05 2.2148068e-09 5.1561877e-08 5.657674e-08 1.04726595e-07 1.358055e-07 2.7121638e-07 4.4162958e-09 6.0103726e-09 1.4140651e-10 1.1407359e-08 6.214471e-09 1.8434393e-06 9.382798e-08 7.977073e-09 1.8600454e-07 1.05679916e-07 3.4642967e-06 1.350173e-06 1.1333637e-09 5.513448e-10 2.3731766e-07 2.317939e-09 2.6512013e-09 8.562613e-08 5.3631826e-08 9.736126e-10 1.2391964e-06
2.3473397e-08 0.024012819 0.12463834 1.1365696e-28 0.019783176 0.023837894 0.0115457075 0.037281156 0.0040224395 0.0040524052 0.002640628 0.0026710099 0.0064140614 0.0028864876 0.0065028984 0.00200233 0.004204281 0.0017660998 0.005643088 0.0027130023 0.0020349263 0.0009653113 0.0020511632 0.0014031967 0.00019608084 0.0015359866 0.0008790097 0.0015139799 0.0013537961 0.00046221804 0.001813474 0.0013407255 0.0009065325 3.6819e-05 0.0013218945 3.7827685e-05 0.0018768265 2.5672374e-05 0.0010788454 0.00021509017 0.0009366826 0.0002496013 0.0006900618 0.0002012819 0.00013325979 0.0002318305 0.00089196704 0.0004334441 4.7664757e-06 0.00012827315 0.00013497841 0.00035102322 1.0026484e-05 0.00033638944 6.584291e-05 1.4257507e-05 4.8201167e-05 1.0825174e-06 5.388013e-07 5.482202e-07 3.8926908e-05 4.951815e-06 3.0875867e-06 1.8250801e-05 2.4444196e-05 6.224463e-08 1.7386899e-06 2.3842355e-07 1.8675632e-06 0.00037986148 1.1234789e-06 9.718002e-06 4.937152e-07 0.00014443006 2.4542348e-07 3.0592407e-06 2.6391629e-06 1.2303699e-05 1.1651663e-05 1.4115262e-05 7.161598e-07 1.2348626e-07 1.41267815e-08 1.9218583e-06 1.0948777e-06 2.02613e-05 1.2507666e-06 2.546823e-06 4.484275e-06 3.0108336e-07 0.0001353125 3.3824656e-06 5.388748e-07 2.6480686e-07 2.9350258e-06 5.3706225e-07 2.124729e-07 7.600458e-06 1.0371701e-06 3.8524043e-08 2.0025143e-06
0.00038896798 0.2618824 0.007451243 0.019783176 5.1381038e-23 0.6563536 0.5176184 0.06374673 0.05312066 0.008868841 0.09870686 0.030136563 0.051240228 0.013545162 0.081395775 0.010495833 0.03078487 0.0025414056 0.005903436 0.019245246 0.008921828 0.012579052 0.009462781 0.0115819955 0.00031899172 0.013181439 0.00628591 0.007965509 0.012628863 0.0037240032 0.012276589 0.009180174 0.005921205 0.0014151622 0.0033054128 0.00022180297 0.0055378107 0.0002527117 0.0033292254 0.0014906755 4.821799e-05 0.0032980146 0.0028981261 0.0016514333 9.584219e-05 0.00019127742 0.0039484887 0.00082539546 3.9073788e-05 0.0027092726 0.000556163 6.088359e-05 6.945944e-06 0.0025625534 0.001901468 0.00083894614 0.002042254 2.3699855e-05 3.383948e-05 1.45003005e-05 0.0011747171 0.00075307285 0.00056692306 4.5434103e-05 0.001177519 7.7891866e-07 0.0007721084 3.6848895e-05 0.00013128952 0.00096027093 0.00023828141 0.0010235185 0.00016560266 8.587896e-05 4.961361e-05 7.177371e-05 3.250945e-05 0.0014106791 0.0014404455 0.0017788825 0.0008302954 0.00012902057 2.964633e-05 0.00075966475 0.00036720833 1.119991e-05 0.00016830247 0.00028324642 2.5484862e-05 3.279544e-05 0.001113466 9.693547e-06 1.2173619e-05 0.0004576947 1.7589695e-05 1.9738904e-05 6.9771004e-06 3.6031903e-05 2.648921e-06 1.5206178e-06 7.121181e-06
0.00048000293 0.20366658 0.007985044 0.023837894 0.6563536 5.512065e-23 0.4238547 0.03544923 0.035453763 0.005378529 0.08114648 0.048918866 0.045945797 0.025414491 0.053390633 0.01688003 0.025190406 0.0024922015 0.013578725 0.016504005 0.00956006 0.0072943424 0.011117162 0.011991156 0.00020989313 0.014246303 0.0032647199 0.00787454 0.012980421 0.0017788316 0.009624567 0.006218845 0.0034082537 0.0011395818 0.0012970397 0.00015765295 0.0023043943 0.0002168946 0.0026459545 0.0010258722 0.00012052331 0.0020698102 0.0009645894 0.00034735515 6.614861e-05 0.000114068265 0.0013973578 0.00029809275 1.919077e-05 0.0010886682 0.0001783997 6.885002e-05 4.598859e-06 0.00076260814 0.0003692717 0.00022192317 0.0005318088 1.7895425e-05 7.1175887e-06 1.1202944e-05 0.0004130015 0.00016681493 0.00019573314 3.8010883e-05 0.00053383934 2.3820154e-07 0.00045526688 1.8609026e-05 0.00016698349 0.0008004578 0.00013891344 0.00054845534 0.00011956749 0.00012756936 4.538495e-05 3.8147427e-05 1.9254896e-05 0.00080387655 0.0012923818 0.001737727 0.00044924335 0.00016240783 2.622672e-05 0.00049636443 0.00033693798 1.9681947e-05 8.1213475e-05 0.00024094262 3.0125424e-05 1.5537527e-05 0.0010394645 6.8631225e-06 5.991616e-06 0.0006147202 1.22932015e-05 4.2722848e-05 1.7789408e-06 5.8694583e-05 7.291348e-06 5.6967865e-06 1.690575e-05
0.012842819 0.37635267 0.0068522897 0.0115457075 0.5176184 0.4238547 3.2344024e-21 0.19371705 0.5026743 0.066403545 0.35626543 0.07588288 0.4649388 0.024875298 0.5467619 0.02531163 0.3449508 0.018768681 0.0020396924 0.25983486 0.01558884 0.16828491 0.025673045 0.03394292 0.0010599666 0.060670864 0.09612925 0.012369518 0.051611904 0.075280756 0.07106632 0.07385957 0.05790926 0.016523998 0.05892451 0.00042755375 0.10092223 0.0011937533 0.0047830213 0.002503993 6.8331093e-07 0.007944558 0.051241256 0.029046549 9.487178e-05 0.0014391671 0.032193024 0.0056933956 0.00013374879 0.011084803 0.0022617322 0.00021303605 1.6498385e-05 0.018091269 0.009068295 0.0058540883 0.007358785 0.00020847493 0.00066776836 0.00022437963 0.0041618114 0.003017527 0.001697296 0.0001446753 0.002807669 8.733461e-06 0.0024044132 0.00016867349 0.0002660669 0.0001086802 0.0015941086 0.0010414689 0.00203724 3.542291e-05 0.0004244066 6.495678e-05 6.871319e-05 0.0016888474 0.0014990239 0.0020057196 0.001729825 3.0166395e-05 3.2094693e-05 0.0022597457 0.0044703814 2.7372869e-06 0.00016505901 0.0050763823 2.0376644e-06 0.00013671728 0.0013738668 2.9009188e-05 0.000102555416 0.00097094796 0.0001421929 1.0694283e-06 1.4076668e-05 0.00040344603 1.3990905e-05 8.159157e-06 2.0420153e-05
0.0002703545 0.102235004 0.023491865 0.037281156 0.06374673 0.03544923 0.19371705 2.5680269e-23 0.36309695 0.60383207 0.008752477 0.00011194587 0.04269929 6.8559166e-05 0.009189792 4.4561108e-05 0.021772586 0.33682922 7.400367e-06 0.060829032 7.500532e-05 0.00047984842 3.3637036e-05 1.9519935e-05 0.06449228 1.6934195e-05 0.000116677926 2.1650905e-05 1.852453e-05 0.00010072578 2.9234032e-05 3.1770032e-05 1.847129e-05 0.03436025 0.0030996078 0.018429844 0.0019262686 0.006680152 7.965565e-05 8.87508e-06 2.203982e-08 5.4981792e-06 0.0006775918 0.0001783308 4.105183e-06 3.239672e-06 0.0024130482 2.888656e-05 0.00068824517 0.00077903474 2.6204818e-05 5.4293837e-06 0.0005844104 0.0017058724 0.00039928895 0.0003461856 0.0007686981 1.1019229e-05 2.6176946e-05 8.737859e-06 0.00022488585 0.00016333885 8.120464e-05 4.126408e-05 0.00012763946 2.1396838e-06 0.00032717327 4.051199e-05 2.0757425e-06 1.0711874e-07 0.00019628872 0.0005958064 0.00021138061 5.969794e-08 2.4915691e-05 1.1696529e-05 6.676534e-05 0.0008024285 0.000467677 0.0007126891 0.00017060706 1.6647244e-06 2.4795985e-05 4.048086e-05 0.00059863453 1.03248725e-08 0.000107579195 0.00053982256 1.3582459e-08 1.7611532e-05 0.00034275124 1.6265605e-05 1.44368005e-05 5.244326e-05 9.446375e-06 2.854935e-06 2.7776223e-05 2.650537e-05 3.2475136e-06 1.8010248e-06 1.1586817e-07
0.004055573 0.030511528 0.003033755 0.0040224395 0.05312066 0.035453763 0.5026743 0.36309695 7.04811e-21 0.3135127 0.34462857 0.0391599 0.41601703 0.017153522 0.3422899 0.014027226 0.2899476 0.22212501 0.0010564578 0.53221565 0.01900875 0.060545843 0.014733698 0.012162491 0.03127503 0.015763737 0.026892107 0.004258481 0.0113254385 0.02675421 0.017401515 0.01709676 0.0130419545 0.11016317 0.13891542 0.013127732 0.04992725 0.010704647 0.00508331 0.0013280768 7.0253877e-06 0.0022209678 0.029929558 0.013088093 0.00062137964 0.00026813245 0.048614543 0.0017775182 0.0020971065 0.034611765 0.0011901228 0.0008077067 0.0017241938 0.022349874 0.0056409407 0.015067635 0.008940331 0.0010678141 0.002519025 0.0007785048 0.006770627 0.007366115 0.0018492177 0.0006797354 0.0009323789 0.00018527755 0.006718425 0.0014000335 8.196597e-05 0.00013278089 0.0028791234 0.0025117048 0.0035783772 3.9783168e-05 0.00054576434 0.00015635627 0.0008078993 0.002309952 0.001887396 0.0018390191 0.0010709572 0.00027570623 9.681134e-05 0.00067511067 0.003814214 2.4260884e-05 0.0014712237 0.0045978944 2.7490136e-05 0.0005150217 0.0014111461 7.977508e-05 0.00027185693 0.001305444 0.0004221861 7.1538845e-05 0.0005229299 0.00042842256 0.0002493874 0.00010044194 0.00024632073
0.0005915192 0.018369215 0.00093935966 0.0040524052 0.008868841 0.005378529 0.066403545 0.60383207 0.3135127 3.5755965e-22 0.01978699 0.0015107355 0.06648734 0.0008988813 0.017159404 0.0007494586 0.039574325 0.5131057 3.434721e-05 0.18360364 0.0012038735 0.0015891981 0.00064676424 0.00019610814 0.1577011 0.00011271913 0.0006792092 0.00012599875 0.00014481292 0.00068258843 0.00022300068 0.00020652417 0.00013172634 0.08973211 0.014467855 0.05435705 0.005955448 0.013619486 0.0002537533 7.813427e-05 5.6663544e-07 6.636832e-05 0.003098507 0.0013114105 1.9011268e-05 2.8830496e-05 0.008776939 0.0001352614 0.0014276956 0.0064350218 0.00015743417 2.9959541e-05 0.0029208397 0.00471968 0.0008539918 0.0027898795 0.0026398299 5.1991938e-05 0.00031276606 3.9717055e-05 0.0009020876 0.0014315528 0.00024626814 8.9323235e-05 0.0002549951 9.2425225e-06 0.0024748466 0.0005371601 1.3199211e-05 3.7312105e-07 0.0010889859 0.0012233271 0.0016681588 5.2297673e-07 0.00010215316 2.6957068e-05 0.00028159595 0.0021576672 0.0006310284 0.00083574036 0.00024577824 3.2021137e-05 2.7256161e-05 8.6538064e-05 0.0010268422 2.376472e-07 0.00045444223 0.00079841533 5.557552e-07 0.0001514645 0.00044899964 7.1656425e-05 0.000120464145 0.00014524195 7.375865e-05 8.418864e-06 0.0005323789 4.5294106e-05 4.6754496e-05 2.3374596e-06 7.3204856e-06
0.016678972 0.020801652 0.0009878459 0.002640628 0.09870686 0.08114648 0.35626543 0.008752477 0.34462857 0.01978699 2.2200993e-19 0.4678206 0.4725306 0.33946133 0.5575626 0.35843623 0.37267986 0.008595848 0.041764133 0.288904 0.38926286 0.28474113 0.34709048 0.32550037 0.0006163163 0.2995956 0.18644911 0.2641962 0.29561302 0.1500018 0.2826055 0.2450176 0.22677684 0.015303916 0.10342247 0.0009882407 0.13504244 0.0036742135 0.058835078 0.075606376 6.4620406e-05 0.12689856 0.08561973 0.091096565 0.002477424 0.09267658 0.028993387 0.1439716 0.00043051544 0.016457278 0.090401545 0.0024012565 6.477157e-05 0.023527194 0.09003775 0.014940322 0.019061891 0.0010251304 0.0034924687 0.0010395974 0.044079304 0.013028621 0.059848268 0.0036966933 0.056312047 1.8655473e-05 0.013295752 0.01357978 0.0008756492 0.0002612441 0.011906706 0.010820345 0.010815059 0.00028069265 0.008111483 0.0010125665 0.00092430343 0.0062285787 0.0066188904 0.008160562 0.0148818 0.0005665053 0.0030572359 0.020414975 0.008194952 0.000116098294 0.0016565518 0.00902005 0.00014707727 0.00054696534 0.0052770344 0.00014469406 0.0005983194 0.0080038905 0.00088814006 0.0009815457 0.00016444827 0.0014079594 0.00012401446 0.00020971184 0.0001990124
0.0009419824 0.0069907648 0.000556019 0.0026710099 0.030136563 0.048918866 0.07588288 0.00011194587 0.0391599 0.0015107355 0.4678206 1.2750106e-22 0.13314971 0.53341854 0.26563203 0.548926 0.05366899 0.0007978437 0.24370214 0.048222907 0.39686137 0.052063406 0.26130322 0.2178561 1.2182771e-05 0.13443743 0.026650105 0.19329806 0.14011641 0.016515026 0.08527978 0.063094124 0.055993937 0.003767119 0.008239558 2.9312703e-05 0.011626794 0.0006732288 0.08254965 0.07272635 0.0002886493 0.09820942 0.009161894 0.008012835 0.0012219902 0.050057527 0.006915233 0.048697613 4.1026684e-05 0.003618066 0.028681993 0.0005965506 8.799168e-07 0.004169063 0.013063944 0.0018469502 0.0029958112 0.0002869145 0.0016290218 0.0002920986 0.0039699767 0.0013747285 0.0055284468 0.0028070414 0.009195977 1.9516428e-06 0.001485806 0.0037855674 0.00036092708 8.063597e-05 0.0019088802 0.0028381112 0.001228162 2.4321118e-05 0.00063559314 0.0008739044 7.013041e-05 0.0029675707 0.0006262547 0.00074273156 0.0026431866 0.00019576377 0.00056681817 0.0026775133 0.0002982975 3.5009387e-05 0.00014291698 0.00019993885 5.1386018e-05 6.911725e-05 0.0009910774 8.4054345e-06 1.0351656e-05 0.0005439592 1.4501794e-05 0.0003158601 2.9555497e-06 1.373855e-05 0.00015304046 0.00013629861 0.0002610877
0.017169528 0.018953916 0.0023662571 0.0064140614 0.051240228 0.045945797 0.4649388 0.04269929 0.41601703 0.06648734 0.4725306 0.13314971 3.629856e-21 0.040443137 0.5249155 0.03986264 0.58746135 0.057337273 0.0014660456 0.5535482 0.03901735 0.24755384 0.031004742 0.03830001 0.006627661 0.076863796 0.13154349 0.015046987 0.06910182 0.1326586 0.10290999 0.088365935 0.07929664 0.10113634 0.2772884 0.0038213173 0.21166582 0.0071928515 0.0063580624 0.004943641 7.5322114e-06 0.0124307 0.16528693 0.09997007 0.0010256119 0.0032005003 0.16038904 0.028712131 0.00301148 0.10364502 0.017633878 0.0019912918 0.00044085932 0.12738146 0.05678799 0.067772135 0.06543519 0.0023819008 0.0072654053 0.0024778482 0.07641918 0.04573642 0.020956146 0.0012059029 0.008883973 0.00034652336 0.03130329 0.0012144317 5.432738e-05 0.00021559536 0.015082155 0.013898853 0.013290075 8.837045e-05 0.00053387857 0.0008119102 0.0030009784 0.015634866 0.010590357 0.011243001 0.002455491 0.00057777227 0.00015579483 0.0044432636 0.010485003 1.6778284e-05 0.003320222 0.0115129305 2.3765855e-05 0.0014014194 0.006567786 6.159751e-05 0.0021197333 0.0034084958 0.000548191 0.00010393544 0.0011555407 0.0036517428 2.5070523e-05 7.716449e-05 2.7306243e-05
0.0004611369 0.003572369 0.00055650494 0.0028864876 0.013545162 0.025414491 0.024875298 6.8559166e-05 0.017153522 0.0008988813 0.33946133 0.53341854 0.040443137 9.1840474e-23 0.089388154 0.50811756 0.009485346 0.00023903478 0.41490096 0.03602374 0.3421025 0.010864871 0.1425416 0.10245889 5.56593e-06 0.06374869 0.004663122 0.089688875 0.0629341 0.0031661228 0.03056776 0.021986078 0.01775768 0.0023329088 0.003962769 8.926333e-06 0.0040588505 0.00025094027 0.07726485 0.04107067 0.004334679 0.04619241 0.0023331635 0.0024568215 0.0028321547 0.026097475 0.0034188745 0.018742377 4.618961e-05 0.002355159 0.013300034 0.0017314284 3.950607e-07 0.002305471 0.006326885 0.0008517149 0.0015614021 0.00016102075 0.0007920218 0.00012983025 0.0028401366 0.0005404778 0.0025277992 0.0038690432 0.003282072 1.214204e-06 0.0011385797 0.003239198 0.0004591035 0.00017337705 0.0012353933 0.0028012942 0.000662785 8.564962e-05 0.0005630299 0.00090089807 3.7302787e-05 0.002526035 0.0006607866 0.00086234236 0.0020952034 0.00037117596 0.0007523417 0.0013430802 0.00021480092 0.00010854098 0.00012723987 0.00017399587 0.00015402456 6.647144e-05 0.00096375716 7.4657873e-06 1.6846956e-05 0.0005548608 9.056747e-06 0.00044907394 1.9831898e-06 6.3920784e-06 0.00038684838 0.00012586269 0.0015655269
0.03282927 0.019999303 0.003131287 0.0065028984 0.081395775 0.053390633 0.5467619 0.009189792 0.3422899 0.017159404 0.5575626 0.26563203 0.5249155 0.089388154 2.4885818e-22 0.10529702 0.47761357 0.011791585 0.0030975777 0.4188647 0.08990608 0.56506157 0.14755099 0.18856789 0.00034486165 0.22905934 0.38087088 0.087479934 0.20283824 0.35005465 0.29003376 0.29050395 0.27211243 0.016165992 0.20019516 0.00040165187 0.2813655 0.0012967219 0.014298842 0.02789307 1.076901e-05 0.055209883 0.21928298 0.20208646 0.00034617007 0.021267079 0.10111278 0.07629938 0.00043503952 0.059638355 0.06117808 0.0004747425 6.709092e-05 0.08881306 0.17568588 0.033563107 0.05072581 0.0008780094 0.0016007744 0.00095754804 0.17003627 0.026996354 0.090121076 0.0018642076 0.03581131 4.3146098e-05 0.01752213 0.0072230804 2.0883397e-05 3.299811e-05 0.01664454 0.02994638 0.011902272 1.733444e-05 0.0015685053 0.00046414504 0.0010084512 0.024606016 0.023771053 0.024961673 0.008954619 0.00014917983 0.00063010195 0.011790568 0.0070108916 6.1601772e-06 0.0010542938 0.008204227 1.37610905e-05 0.00032410442 0.009908817 8.521328e-06 0.00050773163 0.0064491094 8.927316e-05 0.00026391778 0.00021216524 0.003874438 3.6720463e-05 9.0719666e-05 2.1356342e-05
0.0004886725 0.0024964022 0.00027361285 0.00200233 0.010495833 0.01688003 0.02531163 4.4561108e-05 0.014027226 0.0007494586 0.35843623 0.548926 0.03986264 0.50811756 0.10529702 6.1148843e-23 0.009453865 0.0002041436 0.3073624 0.025626628 0.38219342 0.01849575 0.17833582 0.12015874 4.9290866e-06 0.074514985 0.009231182 0.109471984 0.07571721 0.00650386 0.039696038 0.029703988 0.024314739 0.0021255966 0.0039598076 9.780043e-06 0.0046339384 0.00022096818 0.087765075 0.051016938 0.001437164 0.05605392 0.0036385537 0.0047593126 0.0022491256 0.03318316 0.0037043728 0.027498197 3.6380956e-05 0.0028387287 0.019084238 0.0009825767 4.9790975e-07 0.0022462981 0.009470603 0.0011484277 0.0018468113 0.00016089596 0.0009015105 0.0001364906 0.004335622 0.0007603725 0.004510879 0.0045036683 0.0044025686 1.2344782e-06 0.0015015455 0.00409791 0.0004001684 0.00013476118 0.0015979763 0.003076516 0.0009527358 5.7432335e-05 0.0008596303 0.001346918 5.937264e-05 0.0025229943 0.0006541298 0.00088864804 0.0022670329 0.00059152086 0.00081256044 0.0016483485 0.00019345629 7.070856e-05 0.00012648587 0.00014357557 0.00010693885 7.404641e-05 0.0011944213 5.9619147e-06 1.2387952e-05 0.0006574397 1.0796372e-05 0.00045932527 4.138781e-06 1.0572952e-05 0.00029083944 0.00016423858 0.0012003547
0.012716362 0.0064592003 0.00073331577 0.004204281 0.03078487 0.025190406 0.3449508 0.021772586 0.2899476 0.039574325 0.37267986 0.05366899 0.58746135 0.009485346 0.47761357 0.009453865 1.0218858e-20 0.031618018 0.00026767844 0.49467838 0.011210896 0.2443973 0.01242261 0.020373916 0.0038059002 0.051144313 0.14316812 0.008255604 0.04226207 0.14569482 0.07653869 0.07738018 0.068482675 0.08577891 0.3202503 0.0024319498 0.2341963 0.0062607615 0.0021707867 0.0029792562 4.1106537e-07 0.007884692 0.17195496 0.09298604 0.00016353322 0.0016039605 0.1964702 0.019219633 0.0026860617 0.13608675 0.011323165 0.00037800995 0.00028218736 0.15689644 0.052706845 0.08705121 0.088928685 0.0033023295 0.007956781 0.0034937144 0.073532075 0.05395704 0.016225766 0.00044202022 0.006550596 0.0005161999 0.03087734 0.00039259653 1.848514e-05 3.0498506e-05 0.018737094 0.0143343685 0.013740837 1.0070469e-05 0.00021506596 0.00034153255 0.0032458787 0.018437654 0.011068551 0.0115140015 0.000904253 0.0001658266 3.9266502e-05 0.0026204644 0.009051003 3.5171772e-06 0.0034462428 0.0110185575 3.420343e-06 0.0017975261 0.00548887 7.5913485e-05 0.004452957 0.0019266313 0.0007034281 4.542544e-05 0.0012718186 0.0022594288 9.333686e-06 2.2444114e-05 8.636811e-06
0.00054319063 0.0023366138 0.0001620679 0.0017660998 0.0025414056 0.0024922015 0.018768681 0.33682922 0.22212501 0.5131057 0.008595848 0.0007978437 0.057337273 0.00023903478 0.011791585 0.0002041436 0.031618018 8.318614e-23 6.8606682e-06 0.23040032 0.00025211493 0.00079924834 0.00020613495 0.00010476461 0.36383227 5.9784288e-05 0.00026877684 5.16768e-05 8.034282e-05 0.00027049304 0.00013311447 0.00010766448 6.945457e-05 0.2304847 0.01733402 0.21097212 0.005469072 0.087036505 3.9784987e-05 2.3556295e-05 1.0035805e-08 2.8996079e-05 0.002782449 0.0005147539 1.4645216e-06 8.3547975e-06 0.011012989 3.0127956e-05 0.014737121 0.008521938 4.2888183e-05 4.248145e-06 0.034909815 0.0057329955 0.0002913166 0.0029932267 0.0023165857 0.0005230386 0.0014219967 0.00021996442 0.0005453478 0.0013239239 0.00011983885 3.55795e-05 0.00011513781 8.816656e-05 0.002792374 6.224353e-05 1.5733765e-06 6.797579e-08 0.0009753186 0.00091083895 0.0017696201 8.024507e-08 1.5716301e-05 2.5778124e-06 0.00040768876 0.0021701253 0.0004764297 0.00045190405 7.364049e-05 3.1207392e-06 9.71739e-06 3.9244493e-05 0.001225344 1.3845417e-07 0.0006925043 0.0007433572 5.7821293e-08 0.00013243916 0.0002624022 0.00010148471 0.00024656893 3.725358e-05 0.0001000369 3.0076524e-06 0.00039592443 6.9164234e-06 1.6146909e-05 8.5057917e-07 2.4766714e-06
0.0005968269 0.0026970839 0.001246181 0.005643088 0.005903436 0.013578725 0.0020396924 7.400367e-06 0.0010564578 3.434721e-05 0.041764133 0.24370214 0.0014660456 0.41490096 0.0030975777 0.3073624 0.00026767844 6.8606682e-06 2.0824968e-20 0.0028673178 0.24016868 0.00014991303 0.02589623 0.009116703 3.286247e-07 0.007452096 7.527612e-05 0.016379826 0.008093765 3.5992714e-05 0.0015453261 0.0005779896 0.0003539515 0.0001761606 0.0001667133 4.1766936e-07 7.410957e-05 1.8903346e-06 0.04218743 0.007748565 0.32997602 0.00683726 4.2563068e-05 9.1680464e-05 0.036788594 0.0031776838 0.00011208283 0.0010341775 8.918143e-07 9.6136944e-05 0.0008855686 0.0818373 5.4689412e-08 8.596098e-05 0.0009052961 6.008786e-05 0.000107096945 5.655576e-06 6.197008e-05 2.2789395e-06 0.0002906819 5.3889024e-05 0.00033521128 0.0038021724 0.001595768 1.3470881e-07 0.0001777111 0.0018996083 0.0026873108 0.003771003 0.00013655856 0.00073894573 0.0001524857 0.004916807 0.00031372532 0.0007488156 9.236618e-06 0.00047523598 0.00042733588 0.000751925 0.003333109 0.00047785186 0.0008236322 0.00082006236 0.00014491667 0.003551021 2.4062838e-05 0.000119925164 0.0026854854 3.961798e-05 0.0009765401 2.858793e-06 2.9613705e-06 0.0008236458 1.8356766e-06 0.0012114623 3.0186075e-07 9.324949e-06 0.0021434787 0.0005214757 0.010378773
0.038089983 0.002345965 0.00012571165 0.0027130023 0.019245246 0.016504005 0.25983486 0.060829032 0.53221565 0.18360364 0.288904 0.048222907 0.5535482 0.03602374 0.4188647 0.025626628 0.49467838 0.23040032 0.0028673178 4.2243863e-19 0.05468656 0.13480341 0.024559507 0.019125313 0.04103691 0.024553137 0.07797648 0.01974533 0.02579857 0.08181301 0.03874272 0.034231525 0.031158594 0.3857212 0.51150364 0.027487395 0.21917075 0.04837093 0.02152446 0.011730976 7.116259e-06 0.01404053 0.16444407 0.05633363 0.005050702 0.0044833687 0.35687113 0.01115329 0.047985926 0.37190732 0.0067061153 0.008664373 0.0057815393 0.24680868 0.028572394 0.20793904 0.13035665 0.03525807 0.07047378 0.03380445 0.046812534 0.12081222 0.008682558 0.0029987812 0.004297836 0.0050238506 0.08002506 0.0028173092 7.452673e-05 0.0004903616 0.034863777 0.010263082 0.030873645 0.0002424182 0.0015404917 0.0005886534 0.020517426 0.019763801 0.011046833 0.009702028 0.0028522809 0.000255624 0.00047886305 0.0029666848 0.035196047 0.0001043939 0.019686885 0.032110687 0.0001445221 0.029031312 0.009025798 0.0021026367 0.024524253 0.0020234573 0.0067539657 6.8376474e-05 0.005316296 0.004236912 0.00015635016 6.5221335e-05 0.00015827283
0.008188222 0.00083444745 0.00012738141 0.0020349263 0.008921828 0.00956006 0.01558884 7.500532e-05 0.01900875 0.0012038735 0.38926286 0.39686137 0.03901735 0.3421025 0.08990608 0.38219342 0.011210896 0.00025211493 0.24016868 0.05468656 2.9828682e-20 0.009394928 0.4573814 0.27188373 1.992917e-05 0.12703493 0.010146067 0.41699207 0.15425938 0.006900789 0.07029316 0.045211747 0.042274322 0.0055663045 0.005392211 2.5733165e-05 0.0026680373 0.00028380667 0.46736613 0.2560259 0.005291528 0.1436532 0.0029387372 0.00472581 0.037604634 0.14232977 0.0056222323 0.065494716 4.4597542e-05 0.0046615233 0.047649205 0.012425548 1.8167264e-06 0.0027211618 0.0134872785 0.0024630676 0.0028506992 0.00034083932 0.0013649868 0.00031737558 0.0055468967 0.0019655125 0.0056239055 0.062210917 0.023425538 1.4649268e-06 0.0027443303 0.037024356 0.006337831 0.0019280062 0.0013188315 0.0046975687 0.0015253233 0.0013533256 0.010309496 0.009080195 0.00044556413 0.0040426967 0.003700508 0.004027424 0.018562756 0.003303607 0.0096474625 0.008518798 0.0018809827 0.0015861284 0.0004367412 0.0018526801 0.0027687256 0.00024444418 0.0053810943 2.627158e-05 3.6887046e-05 0.006508954 4.9623217e-05 0.0043073907 1.8513158e-05 0.0004251511 0.0012797783 0.0014282684 0.0020164647
0.14002454 0.0011051717 6.046138e-05 0.0009653113 0.012579052 0.0072943424 0.16828491 0.00047984842 0.060545843 0.0015891981 0.28474113 0.052063406 0.24755384 0.010864871 0.56506157 0.01849575 0.2443973 0.00079924834 0.00014991303 0.13480341 0.009394928 1.5717275e-22 0.048826914 0.07397575 3.643481e-05 0.1359348 0.57825667 0.03604153 0.13281469 0.524516 0.3419309 0.36879537 0.3321135 0.005661451 0.14210145 7.1861934e-05 0.43374422 0.00017593529 0.0065937117 0.017355531 7.166544e-07 0.04183945 0.331083 0.35952064 0.00014480228 0.028242052 0.08882075 0.1343409 6.84756e-05 0.063558295 0.111216694 0.00031117466 3.272193e-05 0.11751466 0.24789283 0.04520083 0.09981004 0.00035007013 0.00091248355 0.00038662396 0.29242298 0.0599321 0.1822838 0.0016776866 0.09139741 6.570175e-06 0.04297747 0.007249535 8.8024035e-06 4.968698e-06 0.048933942 0.10953921 0.028469484 4.907426e-06 0.0017075894 0.00018903743 0.00049490744 0.09133398 0.093416296 0.102205224 0.013411501 0.000114307084 0.0009530783 0.05424046 0.015127677 6.568152e-06 0.0011259987 0.015472159 3.6452866e-06 0.00076341187 0.051931426 6.023344e-06 0.0010028397 0.005510358 7.647708e-05 0.00020593414 0.0003468141 0.00418779 6.345847e-05 9.912569e-05 2.4304656e-05
0.019170305 0.00075417606 0.00014292312 0.0020511632 0.009462781 0.011117162 0.025673045 3.3637036e-05 0.014733698 0.00064676424 0.34709048 0.26130322 0.031004742 0.1425416 0.14755099 0.17833582 0.01242261 0.00020613495 0.02589623 0.024559507 0.4573814 0.048826914 1.01528415e-20 0.56439394 9.502431e-06 0.41340506 0.036132205 0.6183931 0.42976022 0.029290989 0.23843178 0.1247801 0.11044793 0.0016289022 0.007194944 1.9197121e-05 0.0140716825 7.466333e-05 0.50927675 0.47869042 0.00017987505 0.34551585 0.013902617 0.016728897 0.018174032 0.35651624 0.009591672 0.1793661 3.0167403e-05 0.009270011 0.16056652 0.0021249228 9.626962e-07 0.007528489 0.045616444 0.0038422816 0.006349513 0.0005523635 0.0018318433 0.0006453182 0.012350335 0.0028954782 0.019835547 0.15032439 0.0843949 1.9445345e-06 0.0041215885 0.1042656 0.0039454545 0.0007579106 0.0020216242 0.0077382782 0.0023975966 0.00036645166 0.03662177 0.013047522 0.0005220524 0.0048937495 0.0066237594 0.0073218546 0.07527148 0.0026120264 0.027188262 0.034072693 0.0014311466 0.00062457635 0.0002942363 0.0013014508 0.0006336063 0.00026529763 0.009233765 1.3021558e-05 0.00017505143 0.016337633 4.1602238e-05 0.0048195766 4.1554064e-05 0.0035087117 0.0006623607 0.00109218 0.0005282828
0.02400801 0.0007730485 9.4358984e-05 0.0014031967 0.0115819955 0.011991156 0.03394292 1.9519935e-05 0.012162491 0.00019610814 0.32550037 0.2178561 0.03830001 0.10245889 0.18856789 0.12015874 0.020373916 0.00010476461 0.009116703 0.019125313 0.27188373 0.07397575 0.56439394 2.1747826e-21 1.1875479e-05 0.51588076 0.05556489 0.56176764 0.5216799 0.04216579 0.33152705 0.21170029 0.18907273 0.00092586933 0.010398657 2.561378e-05 0.0335174 8.902116e-05 0.33053607 0.42600247 3.38593e-05 0.39445642 0.02812402 0.025988944 0.003857598 0.35689282 0.00986715 0.22251031 2.2777369e-05 0.008870711 0.17307334 0.00072284375 1.2234062e-06 0.0075732004 0.07999874 0.0042088316 0.007124983 0.00037655007 0.0011584206 0.00052774115 0.019159244 0.0036412163 0.041164145 0.055445846 0.12791832 3.037985e-06 0.004786823 0.069092214 0.0013770832 0.00023920192 0.0032224178 0.0147526935 0.0023155985 0.00019054188 0.020621628 0.005472218 0.0003672887 0.006823353 0.008807711 0.010354797 0.061443247 0.0016476248 0.014665848 0.055264086 0.0011296815 0.00026480498 0.00025825025 0.0016911175 0.0002558679 0.0001741021 0.009373851 1.0347501e-05 0.00025179583 0.013681485 4.1874504e-05 0.0025927415 7.010326e-05 0.002602543 0.0002725191 0.0006077123 0.00022068367
0.00059315085 0.00012036319 6.3391417e-06 0.00019608084 0.00031899172 0.00020989313 0.0010599666 0.06449228 0.03127503 0.1577011 0.0006163163 1.2182771e-05 0.006627661 5.56593e-06 0.00034486165 4.9290866e-06 0.0038059002 0.36383227 3.286247e-07 0.04103691 1.992917e-05 3.643481e-05 9.502431e-06 1.1875479e-05 1.1792242e-21 1.1814636e-05 1.0151786e-05 2.9329217e-06 1.2382329e-05 8.300135e-06 1.51379945e-05 9.467578e-06 5.426894e-06 0.32377908 0.0062440154 0.507704 0.0011480286 0.2766583 3.715886e-06 1.3030174e-06 1.3981434e-09 2.5429495e-06 0.000317619 2.6443513e-05 1.7091426e-07 1.0567675e-06 0.0060234657 9.3728664e-07 0.0811869 0.003218642 1.0822242e-06 3.1508448e-06 0.16537455 0.003803665 2.7071248e-05 0.0014433732 0.0013661523 0.006307762 0.0034386853 0.0035420023 4.3973752e-05 0.00071500713 6.9904945e-06 4.4518483e-06 2.0743226e-05 0.0010575589 0.0009116458 9.7953225e-06 1.972003e-07 2.0347803e-08 0.00022329776 0.00016906435 0.0003355676 1.2463751e-08 2.879174e-06 7.272774e-07 0.00060563994 0.00026992636 0.00012419945 0.00018677203 4.4620047e-05 4.2323276e-07 7.51907e-06 1.2043536e-05 0.00085570343 1.3316447e-08 0.0010300856 0.00037895003 7.978048e-09 0.00010791591 0.000102817576 0.00010625956 0.0003920256 1.4933576e-05 0.00012525845 9.785863e-08 0.0005482812 6.6505836e-06 2.1213687e-08 8.9573255e-09 9.325575e-09
0.047637474 0.001013958 8.528316e-05 0.0015359866 0.013181439 0.014246303 0.060670864 1.6934195e-05 0.015763737 0.00011271913 0.2995956 0.13443743 0.076863796 0.06374869 0.22905934 0.074514985 0.051144313 5.9784288e-05 0.007452096 0.024553137 0.12703493 0.1359348 0.41340506 0.51588076 1.1814636e-05 2.3039058e-23 0.09652987 0.42849463 0.6180211 0.076647095 0.5203066 0.3872955 0.355486 0.00046642538 0.02310609 4.098965e-05 0.07750888 0.0001161838 0.13911901 0.325257 3.6379082e-05 0.4431349 0.060228325 0.052060626 0.004202004 0.35898033 0.018792197 0.28843427 3.371395e-05 0.014291173 0.21995427 0.0010802291 3.5051291e-06 0.017034508 0.12674299 0.009428002 0.014364776 0.00030182037 0.00083772495 0.00047622976 0.05110595 0.008010562 0.07263942 0.029080698 0.21354914 2.0713858e-06 0.0065930197 0.05513995 0.00046122176 0.00012618599 0.005717688 0.025313007 0.0034239565 0.00014850758 0.015621841 0.0031549057 0.00028374282 0.010797472 0.018126795 0.024879582 0.061679795 0.001562339 0.009110749 0.08933404 0.0014188499 0.00018776482 0.00019139877 0.0017510721 0.00023460443 0.00014648387 0.019330384 2.5841111e-06 0.00021999043 0.013561927 2.4992796e-05 0.0019473148 0.00014754424 0.0033950873 0.00019116125 0.0002594678 0.00015345436
0.08280179 0.00027123207 3.815212e-05 0.0008790097 0.00628591 0.0032647199 0.09612925 0.000116677926 0.026892107 0.0006792092 0.18644911 0.026650105 0.13154349 0.004663122 0.38087088 0.009231182 0.14316812 0.00026877684 7.527612e-05 0.07797648 0.010146067 0.57825667 0.036132205 0.05556489 1.0151786e-05 0.09652987 6.707792e-24 0.021260042 0.086603425 0.7255642 0.2446442 0.29346913 0.26603583 0.0024279996 0.106925525 4.0313083e-05 0.29011545 0.00016758205 0.005265337 0.009582524 1.2086551e-06 0.026765143 0.22882356 0.38527948 0.00026411872 0.017482048 0.07085133 0.08796501 9.227589e-05 0.048437193 0.08415226 0.00021255734 1.0776654e-05 0.07445933 0.22283867 0.029236512 0.06220045 0.0004239167 0.00085817516 0.00052077096 0.25013787 0.037328098 0.13819507 0.0024055336 0.101931855 4.6442196e-06 0.02858786 0.005529765 1.5209683e-05 1.306603e-05 0.036227282 0.102013215 0.019664565 1.0444941e-05 0.0019161612 0.00020391458 0.000629752 0.087499395 0.122644976 0.124190524 0.013102042 0.00017590408 0.0010169098 0.072681606 0.0077239187 5.285536e-06 0.0006768464 0.0093664825 6.1835794e-06 0.0006600711 0.056657586 1.3753875e-05 0.00086202426 0.0052752304 8.2762686e-05 0.00020200263 0.000467998 0.0064280145 6.1511986e-05 4.273287e-05 2.606507e-05
0.02941715 0.0006442243 6.42234e-05 0.0015139799 0.007965509 0.00787454 0.012369518 2.1650905e-05 0.004258481 0.00012599875 0.2641962 0.19329806 0.015046987 0.089688875 0.087479934 0.109471984 0.008255604 5.16768e-05 0.016379826 0.01974533 0.41699207 0.03604153 0.6183931 0.56176764 2.9329217e-06 0.42849463 0.021260042 5.3442123e-22 0.45210576 0.016861722 0.20103659 0.09616153 0.08545813 0.0015671725 0.007242183 5.592982e-06 0.013365248 1.61486e-05 0.5727658 0.56711197 0.00031662313 0.42020282 0.013030505 0.014378954 0.026413504 0.4317481 0.008164128 0.16653307 1.8522887e-05 0.007385522 0.13772105 0.002534221 2.1466464e-07 0.009038405 0.035472956 0.0027776423 0.007610842 0.0004329366 0.0011217506 0.000535861 0.012862418 0.0027461827 0.014935087 0.24286717 0.080459185 1.2789204e-06 0.004227036 0.13184766 0.005827668 0.0017494655 0.0019932943 0.009344691 0.0021322612 0.00069879816 0.053073827 0.022476524 0.0006383766 0.005555915 0.009344165 0.010184174 0.0935652 0.006143308 0.035186347 0.03778707 0.0008307972 0.0013111541 0.00035147244 0.0011667359 0.0016544891 0.0002560173 0.010449162 4.499195e-06 0.00016871224 0.021244908 8.025425e-06 0.007346969 3.7147365e-05 0.0037736308 0.0009654747 0.0015351671 0.0007695718
0.052354965 0.0011052218 6.719863e-05 0.0013537961 0.012628863 0.012980421 0.051611904 1.852453e-05 0.0113254385 0.00014481292 0.29561302 0.14011641 0.06910182 0.0629341 0.20283824 0.07571721 0.04226207 8.034282e-05 0.008093765 0.02579857 0.15425938 0.13281469 0.42976022 0.5216799 1.2382329e-05 0.6180211 0.086603425 0.45210576 8.406944e-24 0.06668754 0.5054939 0.3749854 0.34304783 0.00092277525 0.02439214 3.4527213e-05 0.07237614 8.9075096e-05 0.18489595 0.37839636 7.4254036e-05 0.48670405 0.053342015 0.04732013 0.0057400637 0.41561884 0.022146642 0.2867255 4.605027e-05 0.016087685 0.22066657 0.00137449 3.283373e-06 0.017980851 0.11171948 0.0105556045 0.015607299 0.00049771584 0.0011288879 0.0006631847 0.04334536 0.009894389 0.06848674 0.03492101 0.21473172 2.549496e-06 0.008175344 0.06578222 0.00092528097 0.00025629016 0.007225795 0.026128436 0.004093055 0.00026086593 0.017096778 0.0038717522 0.0005181503 0.0111422585 0.01827964 0.024823628 0.08004891 0.0019533802 0.011873092 0.09268882 0.0018010559 0.00031483098 0.00028111722 0.002027483 0.0003983702 0.00021509858 0.022013374 3.0658794e-06 0.00030398773 0.016524991 2.0599415e-05 0.0018402655 0.00015736754 0.0035282993 0.00021091223 0.00028357375 0.00029634245
0.10015769 6.267515e-05 1.2658138e-05 0.00046221804 0.0037240032 0.0017788316 0.075280756 0.00010072578 0.02675421 0.00068258843 0.1500018 0.016515026 0.1326586 0.0031661228 0.35005465 0.00650386 0.14569482 0.00027049304 3.5992714e-05 0.08181301 0.006900789 0.524516 0.029290989 0.04216579 8.300135e-06 0.076647095 0.7255642 0.016861722 0.06668754 9.126105e-24 0.20984739 0.2418404 0.22303738 0.0029950486 0.12693156 3.4299846e-05 0.30875325 0.0001938983 0.0042334143 0.008008113 6.8275796e-07 0.020678904 0.24312681 0.4313583 0.00019412216 0.015121668 0.092014186 0.07792286 0.00013014862 0.06250784 0.07483028 0.0001786808 9.226371e-06 0.09919591 0.19311799 0.042155426 0.08152005 0.0005035756 0.0009006984 0.0005749243 0.27844122 0.053543985 0.13635509 0.0021040037 0.08691594 4.9510877e-06 0.04236313 0.0036394126 4.189042e-06 6.170531e-06 0.04688318 0.1137479 0.027662227 4.385906e-06 0.0015801811 0.00010577778 0.00079054426 0.10124483 0.13406678 0.13038062 0.0106064165 0.00010010218 0.00071799086 0.065481514 0.011010826 2.046459e-06 0.00085493503 0.014101595 1.5193264e-06 0.0009216451 0.058402095 2.3602845e-05 0.0012885414 0.004294462 0.0001423446 0.00016498707 0.0004620347 0.008409143 3.4935376e-05 4.0611558e-05 1.33188805e-05
0.12571718 0.0008912804 0.00011776508 0.001813474 0.012276589 0.009624567 0.07106632 2.9234032e-05 0.017401515 0.00022300068 0.2826055 0.08527978 0.10290999 0.03056776 0.29003376 0.039696038 0.07653869 0.00013311447 0.0015453261 0.03874272 0.07029316 0.3419309 0.23843178 0.33152705 1.51379945e-05 0.5203066 0.2446442 0.20103659 0.5054939 0.20984739 7.807188e-25 0.62606573 0.6025185 0.00022392283 0.05314579 5.616814e-05 0.17235869 0.00013248541 0.050894935 0.1499323 9.911468e-06 0.30704847 0.13310277 0.14634934 0.002127643 0.32130033 0.050856832 0.4106369 3.872256e-05 0.028825952 0.31188357 0.00054095016 8.619259e-06 0.053776763 0.22472185 0.02210017 0.03751513 0.00046112653 0.00043277684 0.0006218958 0.18026689 0.02370742 0.15809788 0.018934408 0.31581765 2.2326178e-06 0.019092172 0.046646576 0.00017945218 5.157922e-05 0.018223114 0.07573116 0.009743772 8.16078e-05 0.012991462 0.0015024652 0.00038784818 0.031655736 0.07051799 0.0904006 0.06211174 0.0010590517 0.009229222 0.15276414 0.004484675 8.233301e-05 0.0002797869 0.005631285 0.000111633075 0.0002507283 0.070717536 2.5547095e-06 0.00034980115 0.0147481635 3.8503713e-05 0.0010271928 0.00043767074 0.006927246 0.0001521104 0.00021909746 0.0001091067
