8.3931377e-38 0.10342515 0.22709838 0.29205927 0.37084603 0.43155944 0.25595027 0.68070537 0.40115553 0.024713635 0.39011312 0.65054697 0.0676774 0.004635912 0.79508185 0.006878686 0.0034738698 0.4258257 0.045416273 0.0013984076 0.8414892 0.0054603014 0.52510893 0.7546047 0.90287554 0.922607 0.9119538 0.7398841 0.011712783 0.20288709 0.6581966 0.95269376 0.95429033 0.0043480434 0.9379126 0.7979644 0.4457029 0.011398258 0.0006317756 0.892023 0.47450215 0.96928585 0.0025220476 0.38056996 0.0037956368 0.98819274 0.005053044 0.74394906 0.9298284 0.94886506 0.9854512 0.0053824005 0.69854224 0.9916276 0.87264335 0.0005391555 0.9872718 0.4753109 0.27086008 0.91523737 0.30487514 0.8477237 0.3337752 0.0029313238 0.0011895866 0.39748865 0.0014649855 0.027759384 0.010834658 0.8429665 0.9870135 0.47571686 0.0029378165 0.5383981 0.09698209 0.9953899 0.012891535 0.0056974664 0.9731241 0.21010113 0.98749167 4.0782565e-05 5.6199322e-05 0.0034119673 0.98024803 0.9975049 0.0032783842 0.99034065 0.98875076 1.0310694e-06 0.9993947 0.0007704659 9.113577e-06 0.99299306 0.9968391 0.0002461674 0.9989742 0.002853743 1.3468068e-07 1.7130232e-07 0.0717605
0.10342515 5.131298e-19 0.35696885 0.49853143 0.58077556 0.306577 0.49094996 0.4523491 0.35865173 0.39438385 0.3344711 0.19112372 0.15791976 0.1548135 0.21773747 0.28970543 0.13649058 0.15355466 0.3094434 0.0757099 0.12659165 0.07692941 0.11189673 0.087451935 0.11474236 0.19683345 0.09996092 0.028332269 0.15721314 0.028472945 0.019393466 0.10689533 0.14698538 0.11542069 0.12742524 0.0035400994 0.005976511 0.088396564 0.025998285 0.013387184 0.0074752467 0.103297494 0.07222796 0.02623663 0.012980799 0.027955115 0.093582824 0.038510125 0.0096758185 0.006921452 0.049642734 0.004917595 0.003814743 0.030118356 0.023810621 0.022012683 0.07873511 0.0024901892 0.0019036443 0.011323554 0.0011532695 0.010484023 0.0014058154 0.0049912645 0.019724768 0.0006573986 0.009489825 0.0007065453 0.0012458542 0.0008252018 0.058221877 0.0012449955 0.0053862007 0.0066156304 0.0022264349 0.016367005 0.002469238 0.010788136 0.023060635 6.919963e-05 0.0052923807 0.0026751268 0.0013914102 0.00029105306 0.025911866 0.018924512 0.000478577 0.022109527 0.01820372 0.00026569693 0.009837844 0.00046991484 6.0731603e-05 0.00234999 0.01093085 7.088884e-05 0.010134738 0.00018111475 0.0002621046 0.00023890624 0.0004066347
0.22709838 0.35696885 4.1603804e-21 0.5806408 0.3383781 0.6344576 0.10353818 0.39620298 0.1147228 0.28881922 0.07115719 0.5214029 0.32761043 0.1684818 0.3387214 0.16606493 0.16453242 0.008886278 0.013781547 0.1466495 0.21358944 0.13660918 0.0051574255 0.19651635 0.17588633 0.13569228 0.1352048 0.07880005 0.03228569 0.00029088822 0.04580529 0.14843766 0.07306887 0.018758826 0.02795306 0.008541018 0.005642994 0.0031557633 0.057574015 0.016673122 0.012076534 0.09164066 0.0072812145 0.0007716961 0.00036331182 0.044103347 0.004613302 0.0014631879 0.012899486 0.006978052 0.06286048 3.114717e-05 0.0021036547 0.044575095 0.0012776991 0.033567056 0.041061126 0.00067666447 0.0006961598 0.00059944345 0.0004420681 0.000552166 0.00075280713 2.8734588e-05 0.00015706001 0.0006574582 0.027486378 0.0004214992 0.00065772666 0.0009864192 0.024524564 0.0009977237 0.01414982 6.019242e-05 1.339489e-05 0.01960546 0.00016804697 0.004158919 0.0030755159 6.335796e-05 0.0068935994 0.0010315825 0.00011052618 6.0427432e-05 0.002620978 0.016867252 0.0001258717 0.0049218787 0.0023121957 6.614545e-07 0.011002481 0.00054163754 9.406863e-08 0.005821991 0.00029897733 7.587123e-05 0.0033636524 6.795807e-05 1.0115081e-07 1.3577984e-07 0.0002548531
0.29205927 0.49853143 0.5806408 1.8920815e-20 0.57221866 0.63281393 0.33066568 0.63049996 0.35673717 0.32958028 0.3025419 0.38119707 0.18212073 0.077297986 0.38963926 0.1955318 0.06808268 0.050514176 0.05327806 0.05078006 0.25625014 0.058254547 0.024826907 0.20749947 0.20363747 0.28544968 0.19165774 0.07134435 0.05550689 0.0050184443 0.04463752 0.24500182 0.2017581 0.030013986 0.13765165 0.0054313913 0.0059894654 0.014638565 0.020926788 0.019002652 0.0127615975 0.18804559 0.014954963 0.005362153 0.0017125758 0.08284984 0.017583642 0.010145989 0.018275753 0.0092052035 0.13710205 0.00047412957 0.002830049 0.09445121 0.007427273 0.012209139 0.13140678 0.001331779 0.00096660835 0.004256599 0.0005504053 0.0036534148 0.0010865544 0.0003491459 0.0009981843 0.0007428728 0.0062125847 0.00027676552 0.00065283536 0.0009223692 0.08161845 0.00072708883 0.0042118356 0.0015293893 0.00026709778 0.021587726 0.00084065285 0.0042265663 0.012107734 3.5748195e-05 0.0052344133 0.00057369523 0.00014880415 5.7290596e-05 0.015738688 0.019884951 0.00016086848 0.016384857 0.00980754 7.857227e-06 0.008369547 0.00011827325 3.695669e-07 0.0017452603 0.0042624283 3.0203963e-05 0.002836887 4.6154644e-05 1.0955943e-06 1.7036986e-06 0.00013005009
0.37084603 0.58077556 0.3383781 0.57221866 2.5545766e-20 0.4166347 0.5567388 0.6286335 0.5392772 0.3160766 0.5019451 0.30170912 0.15603337 0.0659673 0.30793703 0.17672305 0.055478886 0.24129646 0.13222937 0.035846755 0.19571988 0.0487074 0.13403557 0.18491884 0.1784865 0.36426595 0.1863998 0.048439506 0.09659378 0.016222565 0.030637015 0.2425546 0.26042864 0.06022646 0.26209375 0.0032152687 0.008564656 0.041860763 0.017026389 0.015659273 0.013844251 0.19750963 0.031748906 0.017342238 0.005429387 0.08180228 0.040141612 0.028540842 0.01278323 0.0071433075 0.13590756 0.0031612741 0.0030014995 0.10479477 0.02077381 0.010131346 0.17247635 0.0017912092 0.0015877303 0.011915941 0.00070952205 0.010359682 0.0013899434 0.0024091415 0.0055375253 0.0010540148 0.009234795 0.0005248899 0.001361509 0.0008861823 0.10537221 0.0008896194 0.007950945 0.004496643 0.0012963174 0.01728824 0.0019965381 0.0059886323 0.029579703 7.47802e-05 0.0048014624 0.0014099206 0.00042194562 0.00019801037 0.032413065 0.017318951 0.00027387548 0.020616379 0.024843244 5.5293644e-05 0.0058566234 0.0006270974 7.671664e-06 0.0022382312 0.00821473 0.00020318835 0.0027555602 6.398424e-05 6.270307e-05 6.0397637e-05 0.0003987465
0.43155944 0.306577 0.6344576 0.63281393 0.4166347 4.073986e-21 0.14499561 0.59588915 0.16376445 0.20571138 0.1115271 0.5586256 0.23333056 0.07793829 0.48812944 0.09117038 0.0741241 0.013611138 0.019039385 0.058351696 0.3113978 0.08669342 0.008343229 0.30642653 0.2599795 0.22376086 0.23649627 0.13422622 0.022078544 0.00093014573 0.078641444 0.26530182 0.12838909 0.010979663 0.05121585 0.014575141 0.010180664 0.0026198511 0.023476934 0.039985295 0.022043772 0.17813143 0.004102833 0.0015609576 0.0006744141 0.11244811 0.003425284 0.0031921202 0.035079 0.018372389 0.1597212 7.311971e-05 0.0038721715 0.11416555 0.002837784 0.013211094 0.1126546 0.001737127 0.0011075981 0.0018279753 0.0007517827 0.0013157638 0.0013382096 3.8333525e-05 0.00015505223 0.0011117889 0.009262222 0.0005438471 0.00079645554 0.0014268857 0.06556678 0.0015144283 0.0059341397 0.00020211189 3.337909e-05 0.047756106 0.0003158369 0.0038645167 0.006073042 0.000110476125 0.008001148 0.00036477327 2.8891602e-05 6.0788796e-05 0.0054746037 0.030075116 0.00012689583 0.0118249925 0.004280872 2.3415322e-07 0.008629183 0.0002732603 1.0145263e-07 0.004089764 0.0006511457 6.033529e-05 0.003283118 5.9177277e-05 8.026466e-08 1.4587556e-07 0.00036870915
0.25595027 0.49094996 0.10353818 0.33066568 0.5567388 0.14499561 3.197844e-20 0.45974714 0.52586335 0.19780134 0.5241007 0.084328726 0.04420118 0.04283385 0.16400863 0.105796255 0.036565226 0.3116071 0.25205883 0.020743875 0.091332786 0.021092437 0.20565718 0.06661603 0.086144716 0.29736406 0.08180606 0.016633922 0.06593133 0.05021801 0.01120364 0.12425691 0.25063652 0.05503959 0.26825425 0.0013706612 0.0037039327 0.06571727 0.009360174 0.00917764 0.004865328 0.15572295 0.029511511 0.02928488 0.014462233 0.030765425 0.051622577 0.072985835 0.007156887 0.0049115256 0.078019924 0.008131303 0.0014906351 0.050558746 0.06367644 0.0060635917 0.14052561 0.00070903375 0.00073964085 0.039134316 0.00021080606 0.031719252 0.00046979205 0.0068339286 0.008997283 0.00022225971 0.0050133592 0.00024089255 0.0005410882 0.00019127634 0.1093512 0.00025070802 0.0048814435 0.0093164835 0.0038466828 0.009684506 0.0034399775 0.004198201 0.043434106 1.3531063e-05 0.0021320253 0.0009839007 0.00040438803 6.4336746e-05 0.052779593 0.009802197 5.5901317e-05 0.026388887 0.039896686 4.2526186e-05 0.0035179458 0.00037929372 4.1368778e-05 0.00024457756 0.016287059 9.930868e-05 0.0029340172 8.393555e-06 6.3575564e-05 5.6530393e-05 6.772103e-05
0.68070537 0.4523491 0.39620298 0.63049996 0.6286335 0.59588915 0.45974714 1.4019415e-19 0.56705314 0.2758915 0.51894504 0.35188138 0.17751779 0.06711131 0.5194809 0.16489744 0.057997987 0.20284827 0.094912864 0.041467864 0.3434639 0.05892413 0.12256764 0.26694235 0.2743934 0.4567159 0.26869884 0.07038139 0.0535697 0.01362098 0.039499752 0.37653652 0.3483679 0.033503734 0.28082895 0.005357353 0.0064619486 0.02477704 0.021184327 0.034052175 0.010165782 0.3217072 0.021060951 0.011580139 0.005203552 0.17442319 0.022871673 0.020888716 0.03374119 0.018995345 0.25924534 0.0028192375 0.0031710844 0.21021944 0.021511681 0.00904056 0.29380104 0.0013297795 0.0005531028 0.017653767 0.00028410836 0.009623304 0.0012911552 0.0011441212 0.002633345 0.00067160476 0.0064854897 0.00021050793 0.00092212955 0.00077115605 0.29216018 0.0003700023 0.006062325 0.0045153056 0.0015810878 0.04320835 0.0023078492 0.0057858117 0.035343025 2.2127824e-05 0.0023752218 0.0005690773 0.00011408122 0.0001049308 0.06576426 0.046256363 0.00015199583 0.039970517 0.027961068 1.1223005e-05 0.0045529576 0.00074956584 2.3939042e-06 0.00044773202 0.011016592 0.00022906298 0.0027854943 6.481044e-05 2.5612496e-06 4.622828e-06 8.049944e-05
0.40115553 0.35865173 0.1147228 0.35673717 0.5392772 0.16376445 0.52586335 0.56705314 3.0659974e-22 0.22893879 0.79911155 0.086758055 0.04462973 0.039414242 0.18630856 0.10925321 0.03343148 0.59625494 0.23294169 0.019100903 0.10772853 0.018131627 0.46828943 0.06705989 0.11474197 0.46426672 0.10270959 0.014379723 0.06589326 0.08968839 0.009492025 0.24610071 0.4178947 0.044987556 0.48136482 0.0008235819 0.0016647587 0.06962123 0.012581374 0.006007652 0.0031710088 0.24474338 0.024108602 0.054136537 0.013827841 0.059687074 0.046692654 0.13217427 0.005795023 0.003350751 0.15068276 0.008730814 0.00037435268 0.10630113 0.12785602 0.006716865 0.26462638 0.0002196039 0.00021543977 0.07694829 5.7040474e-05 0.061793137 0.00013845768 0.0051170094 0.0047631953 6.848611e-05 0.00657283 3.5402918e-05 0.00014862345 8.5685235e-05 0.23265162 9.0704605e-05 0.0063891965 0.012559507 0.004219257 0.006944785 0.0036092899 0.0020881467 0.083555676 4.2315064e-06 0.0008832596 0.00029634754 4.4613877e-05 1.3090289e-05 0.0845951 0.009475799 7.0738197e-06 0.022118682 0.06364472 3.999774e-06 0.0013763926 0.00070562045 1.5663498e-05 7.6634424e-05 0.013685882 0.00023201962 0.0018195728 1.4062397e-06 5.5414343e-06 1.2676984e-05 1.4245628e-05
0.024713635 0.39438385 0.28881922 0.32958028 0.3160766 0.20571138 0.19780134 0.2758915 0.22893879 2.0629131e-19 0.19273977 0.17091776 0.2537834 0.31306726 0.11242371 0.527004 0.31205136 0.08190486 0.11503373 0.33201036 0.06129123 0.25975016 0.041467875 0.07546852 0.053449284 0.055722605 0.039292447 0.05852668 0.28222683 0.008985141 0.04355615 0.033809688 0.03232985 0.16843131 0.028205663 0.0036423206 0.014011289 0.044387043 0.19493206 0.0051959055 0.021488115 0.022106113 0.098215714 0.011721119 0.0068579772 0.009143329 0.0792072 0.017928448 0.0048044054 0.0025986712 0.01915277 0.0019869562 0.0022074818 0.010622295 0.007996708 0.18273191 0.013243463 0.0005014674 0.0009373363 0.0041737617 0.00044776103 0.004280901 0.0002934234 0.0022033246 0.024390988 0.00018971904 0.092349015 0.0008792365 0.0021260844 0.0005310032 0.004602321 0.0006874915 0.061086025 0.0014368659 0.0011556641 0.0056150304 0.0016313624 0.042481065 0.004428265 0.00012128268 0.0027253588 0.026262345 0.020975983 0.0007810283 0.0038171539 0.004088832 0.0067188507 0.0011745362 0.0024820887 0.0014721606 0.0033688112 0.0039985958 0.00044476448 0.0010653783 0.0006499544 0.0024482892 0.0023909234 0.0048996005 0.0008064989 0.00039438668 0.00017740768
0.39011312 0.3344711 0.07115719 0.3025419 0.5019451 0.1115271 0.5241007 0.51894504 0.79911155 0.19273977 8.533119e-23 0.046598047 0.031253472 0.0351266 0.13727702 0.09175958 0.029129189 0.6371386 0.2605634 0.014894492 0.076691434 0.013991081 0.52949756 0.03818242 0.07818399 0.44263005 0.06537637 0.009581313 0.045544427 0.13073426 0.00609527 0.20265815 0.410037 0.040143784 0.48847762 0.0005090849 0.00089975365 0.07839366 0.009219348 0.004693579 0.0016842153 0.2144691 0.021448817 0.06956003 0.01736564 0.03745993 0.050658867 0.16449903 0.004489299 0.003027521 0.11971654 0.011078404 0.0002383678 0.081273064 0.15046184 0.004162111 0.2527561 0.00012130757 0.00013678627 0.08953885 2.7924747e-05 0.0757817 8.693246e-05 0.006166934 0.0047332905 3.483082e-05 0.004190629 2.2028338e-05 8.895115e-05 3.4034056e-05 0.23204528 3.8824546e-05 0.004394699 0.01444339 0.004868737 0.0059640696 0.00386621 0.0015966655 0.09216217 1.884393e-06 0.0006294026 0.000121171484 1.4828515e-05 5.235014e-06 0.09185424 0.00687923 3.5403575e-06 0.021154108 0.06591954 1.5843109e-06 0.00089948124 0.00047786126 1.1144941e-05 2.2460412e-05 0.014544524 0.00012491025 0.0014713352 7.452958e-07 2.451359e-06 4.8707548e-06 5.7011944e-06
0.65054697 0.19112372 0.5214029 0.38119707 0.30170912 0.5586256 0.084328726 0.35188138 0.086758055 0.17091776 0.046598047 8.5445004e-20 0.41285583 0.10976736 0.412101 0.07063365 0.09923174 0.003748037 0.0025272265 0.082199074 0.33504254 0.20026319 0.0017759034 0.5663894 0.28665984 0.09267008 0.26052564 0.41230467 0.0123215355 4.3447766e-05 0.3232197 0.19501989 0.054842904 0.0035887924 0.012951029 0.06333187 0.050622452 9.293862e-05 0.06110925 0.09203722 0.099185675 0.11202879 0.0010875894 0.00015976463 4.8002486e-05 0.12284667 0.00045970327 0.00043683907 0.08130555 0.06622729 0.12170344 4.5508627e-06 0.01370973 0.10781724 0.00036842114 0.021961644 0.058455713 0.0050118132 0.00623451 0.0003027232 0.004352248 0.00024908956 0.0055917026 3.7516072e-06 2.025985e-05 0.005927762 0.037842534 0.007310238 0.007792495 0.007194491 0.029125495 0.012649589 0.03958467 1.8153365e-05 1.4065724e-06 0.1531161 5.3099615e-05 0.021471918 0.001271986 0.00072897144 0.037020456 0.00041149298 1.2446581e-05 0.00071854936 0.0020374644 0.09520918 0.0003699151 0.012009261 0.0013659107 6.8826026e-08 0.039930087 0.005747494 1.3737106e-07 0.034836628 0.0007951134 0.001490495 0.008892801 0.0002949395 2.2984633e-08 3.935608e-08 0.0016855666
0.0676774 0.15791976 0.32761043 0.18212073 0.15603337 0.23333056 0.04420118 0.17751779 0.04462973 0.2537834 0.031253472 0.41285583 7.575121e-20 0.22918199 0.15278095 0.13976598 0.22088003 0.0074331686 0.0065110936 0.20301239 0.1242446 0.47248283 0.0038140812 0.23317735 0.12517162 0.036811385 0.11712188 0.23657274 0.036952395 0.00010071261 0.1998638 0.054118123 0.020225162 0.020069666 0.009020314 0.0455866 0.06726895 0.0026692846 0.16631618 0.04750264 0.09844618 0.02412975 0.0066516916 0.00036781677 0.00029081112 0.027763732 0.003790614 0.0013718681 0.034771718 0.021524481 0.026080823 4.660852e-05 0.013785088 0.019323044 0.00078159577 0.093657814 0.009813552 0.0053320816 0.009707511 0.0005627857 0.0057623973 0.00033106367 0.0039164033 3.502154e-05 0.0006216283 0.0033725481 0.1139695 0.008918658 0.0146676935 0.0034463776 0.0036301853 0.0058159865 0.10181796 3.685958e-05 1.8701005e-05 0.016685432 0.00021195391 0.06588251 0.00088822225 0.0006934166 0.009023226 0.0064548836 0.00041749235 0.0014527589 0.00093099894 0.0086808195 0.001792643 0.0010703328 0.001111448 4.7725753e-06 0.006345481 0.024125041 1.5524042e-06 0.010376605 0.00011065148 0.009423611 0.0016820267 0.0009880645 2.7452343e-06 5.7194106e-06 0.00083913177
0.004635912 0.1548135 0.1684818 0.077297986 0.0659673 0.07793829 0.04283385 0.06711131 0.039414242 0.31306726 0.0351266 0.10976736 0.22918199 5.915684e-22 0.05210502 0.244002 0.35744664 0.00773088 0.011286967 0.37668025 0.031075891 0.2518727 0.0037590768 0.032322135 0.025834912 0.016498797 0.019823944 0.03322467 0.08867717 0.00011524063 0.02600537 0.011007886 0.0062227515 0.044127762 0.0018805558 0.0036226907 0.0072971815 0.0065310127 0.2008613 0.003953066 0.010161837 0.0051459116 0.02298213 0.00022159156 0.00045992603 0.0022097598 0.012717514 0.0024073902 0.0023142342 0.0009631853 0.0050155157 0.00015770992 0.0016297942 0.0021452375 0.00068306737 0.16746336 0.0016883909 0.00020429824 0.00062097446 0.0004401292 0.00022581578 0.00043863038 0.00018470243 0.0001246839 0.0018560799 0.00015930363 0.085236765 0.000508401 0.00080019527 0.00041015403 0.00079630973 0.0005592804 0.038082838 2.9316478e-05 6.781066e-05 0.0017626774 9.306687e-05 0.011667616 0.00037148586 3.6870373e-05 0.0010300911 0.033379424 0.008995808 0.00013986044 0.00022883392 0.0007102072 0.00042331716 5.4219156e-05 0.00017627284 7.6789875e-05 0.00043528105 0.002877567 3.960946e-06 0.00047555377 1.6883932e-05 0.0012949151 4.542305e-05 0.00022503496 1.2153377e-05 1.1085158e-05 0.00017159918
0.79508185 0.21773747 0.3387214 0.38963926 0.30793703 0.48812944 0.16400863 0.5194809 0.18630856 0.11242371 0.13727702 0.412101 0.15278095 0.05210502 8.646568e-21 0.0654697 0.048074543 0.02711563 0.015071509 0.033409268 0.61919755 0.0521404 0.014642871 0.290827 0.46709895 0.27506307 0.37100348 0.07111785 0.011641229 0.0022104466 0.04372307 0.39949176 0.18553099 0.008233792 0.07593374 0.009492536 0.008647947 0.0020612956 0.015644869 0.062616326 0.01357653 0.267909 0.0045006154 0.0022148285 0.0015329069 0.18955366 0.003448493 0.0030355796 0.0621101 0.04271129 0.25244033 0.000231521 0.0037169529 0.20029661 0.0028508788 0.0068436563 0.19339217 0.00173 0.001215874 0.0017272747 0.00073264085 0.0013103429 0.0015613955 0.00013241734 0.00018808311 0.0012726618 0.007585734 0.00045278083 0.0007469798 0.0023866794 0.13126472 0.0017590863 0.008276108 0.00054546853 9.007112e-05 0.090215944 0.0003618238 0.0025303364 0.006982666 4.311817e-05 0.0077907117 0.000938748 5.5071614e-05 7.724806e-05 0.010049647 0.11834483 0.0001703 0.030951222 0.00709397 9.1404945e-07 0.020549698 0.0010386094 5.138656e-07 0.0030047914 0.0045604887 0.0003084564 0.01236509 2.7415314e-05 1.7180655e-07 2.2541997e-07 0.0001509877
0.006878686 0.28970543 0.16606493 0.1955318 0.17672305 0.09117038 0.105796255 0.16489744 0.10925321 0.527004 0.09175958 0.07063365 0.13976598 0.244002 0.0654697 1.8453568e-19 0.25701162 0.026763778 0.049382832 0.27350375 0.037822884 0.1606485 0.018795904 0.026999561 0.031602126 0.03424488 0.020595685 0.016090808 0.2911415 0.0022123796 0.009700886 0.015837325 0.023210084 0.1829319 0.019996308 0.0027838333 0.004025062 0.044154283 0.15172546 0.0023562836 0.0032026204 0.008474268 0.121455655 0.004119663 0.00330648 0.0031607526 0.112003766 0.017178202 0.002212019 0.0014241439 0.0070623485 0.00095354655 0.0016218649 0.0038393678 0.0072169416 0.14496258 0.0052380813 0.00029693227 0.00077509927 0.0042876876 0.00023244708 0.0029298482 0.0001679739 0.0010630502 0.023920896 9.182765e-05 0.047448516 0.0008245646 0.0010206397 0.00016169013 0.0012023128 0.00035028954 0.023289876 0.0003547722 0.00036608105 0.0026381637 0.00057123706 0.013206686 0.001591918 8.440678e-05 0.0004667555 0.040548436 0.03192061 0.00021324074 0.0011433652 0.0012229438 0.0024242052 0.00022535409 0.0012787224 0.001634361 0.001014747 0.0015241599 8.976019e-05 0.0008318603 7.3149065e-05 0.0007835937 0.00067237613 0.0009488481 0.000504912 0.00026366193 0.00015268607
0.0034738698 0.13649058 0.16453242 0.06808268 0.055478886 0.0741241 0.036565226 0.057997987 0.03343148 0.31205136 0.029129189 0.09923174 0.22088003 0.35744664 0.048074543 0.25701162 4.4114505e-22 0.0054474412 0.009054706 0.41303897 0.027150774 0.26062062 0.00291104 0.027497666 0.022262555 0.012249422 0.016860578 0.024803016 0.0805125 6.96535e-05 0.019104673 0.009438137 0.004972439 0.03794516 0.001284582 0.0022029611 0.004163471 0.0050069615 0.21342249 0.0026164253 0.006254931 0.0042540077 0.019321308 0.00017308116 0.00029732534 0.0017408361 0.010003328 0.002002015 0.0014447846 0.0006652348 0.003790204 0.00010158657 0.0012831421 0.0016090148 0.00056623656 0.17889439 0.0014182028 0.00018665646 0.0004542988 0.00032829912 0.00016325772 0.00031958093 0.00015539788 9.4478746e-05 0.001451143 0.00014339699 0.08386835 0.000374742 0.00053893396 0.00026376933 0.0006546627 0.0004678153 0.034762096 1.5346788e-05 5.0996976e-05 0.0015634412 7.734692e-05 0.009616282 0.00027519424 3.1029882e-05 0.0010686041 0.037038542 0.009146665 0.00010441231 0.00017692326 0.000711344 0.00032987868 4.9299204e-05 0.00014009485 8.446033e-05 0.00042293363 0.0025750732 3.4399313e-06 0.00041184213 1.8373818e-05 0.001219789 6.1009956e-05 0.0001690716 1.0621858e-05 1.0909509e-05 0.000120798104
0.4258257 0.15355466 0.008886278 0.050514176 0.24129646 0.013611138 0.3116071 0.20284827 0.59625494 0.08190486 0.6371386 0.003748037 0.0074331686 0.00773088 0.02711563 0.026763778 0.0054474412 2.7854544e-21 0.4201724 0.0026592393 0.018302482 0.0044533196 0.7204773 0.011394232 0.01691821 0.2188714 0.017349849 0.0020769672 0.017299943 0.5323759 0.0011307901 0.035396084 0.23096777 0.019815907 0.38320243 3.4541048e-05 0.00016743556 0.099342324 0.004450238 0.0014552133 0.0004675075 0.06749021 0.010934061 0.36942878 0.10011082 0.0058803307 0.055723973 0.3297863 0.0011531024 0.00059723883 0.022366116 0.07046351 2.5302117e-05 0.016042635 0.18805067 0.0016885487 0.106161326 1.8832263e-05 3.7208272e-05 0.109401815 4.2923266e-06 0.10886124 6.1330015e-06 0.039141987 0.011898946 1.7347761e-06 0.0018883742 1.15122275e-05 4.8108443e-05 2.1921574e-06 0.12972285 1.6291524e-06 0.0014112523 0.03023212 0.00990903 0.0019910145 0.005812721 0.0006210097 0.108326845 3.2544568e-07 0.00013422134 6.4579865e-05 7.3912465e-06 3.0411852e-06 0.09649218 0.0009866746 1.8986419e-06 0.018938277 0.0743371 1.8897704e-06 0.00019670547 0.00026768967 0.00021732901 1.798512e-06 0.023286588 0.00020572351 0.00056588865 8.212276e-07 3.4155387e-06 1.3763635e-05 8.6209803e-07
0.045416273 0.3094434 0.013781547 0.05327806 0.13222937 0.019039385 0.25205883 0.094912864 0.23294169 0.11503373 0.2605634 0.0025272265 0.0065110936 0.011286967 0.015071509 0.049382832 0.009054706 0.4201724 3.2257695e-18 0.0045567737 0.007331193 0.00483242 0.16388592 0.0017761245 0.0062432056 0.039379433 0.0033456741 0.0025572446 0.06417622 0.29635373 0.001802274 0.0043754103 0.037624355 0.08369871 0.06993706 0.000104372295 0.00019368448 0.53639114 0.0021050826 0.0002449043 0.0005712992 0.008146722 0.05951072 0.06777469 0.34507906 0.00066808716 0.32691228 0.068021655 0.00022387839 0.00012089883 0.00272169 0.25503075 0.00012571957 0.001231414 0.04295659 0.0010283106 0.011451375 2.0676054e-05 3.2024403e-05 0.016443072 1.1631223e-05 0.024256103 6.7061655e-06 0.30047753 0.095463715 2.0531015e-06 0.0009773489 1.1023359e-05 7.4991053e-06 1.8234872e-06 0.011677439 3.955193e-06 0.0010272412 0.013648365 0.006925549 0.0007276742 0.006219349 0.000736029 0.012188844 2.544012e-06 5.6790574e-05 0.00010569551 3.4180917e-05 3.1937795e-06 0.0084117465 0.00026880633 1.8332656e-06 0.0014684271 0.0059832484 3.1313928e-05 0.00012460198 1.4050206e-05 0.010567616 2.1491135e-06 0.00076214457 5.549261e-06 0.0009918815 9.42241e-07 0.00026994204 0.00086396403 6.5108507e-06
0.0013984076 0.0757099 0.1466495 0.05078006 0.035846755 0.058351696 0.020743875 0.041467864 0.019100903 0.33201036 0.014894492 0.082199074 0.20301239 0.37668025 0.033409268 0.27350375 0.41303897 0.0026592393 0.0045567737 9.596904e-22 0.019964391 0.29193398 0.0019803275 0.019846117 0.01522689 0.0077445204 0.009398664 0.015052384 0.055646 7.3535164e-05 0.010608678 0.006700675 0.0033900922 0.019462144 0.0010791684 0.00082931167 0.0013952923 0.0034044788 0.26529244 0.0005779806 0.0023227301 0.0023935253 0.008715025 0.00025138125 0.00019701451 0.0009519965 0.005262257 0.001930687 0.00039634263 0.00018806517 0.0019744853 7.495848e-05 0.0007385303 0.0010244643 0.00048333898 0.23922817 0.00065991306 0.00013271987 0.0002705428 0.0002987698 0.00010005045 0.00023911436 9.4785675e-05 6.857532e-05 0.00087937445 7.739842e-05 0.10186089 0.000262747 0.00032652525 0.0001114447 0.0005349717 0.00027014496 0.029011779 6.519643e-06 3.0183804e-05 0.0017662767 7.8347526e-05 0.0065058456 0.00014826331 3.5560533e-05 0.0010104897 0.049804732 0.011507997 4.077051e-05 7.449235e-05 0.0006886 0.00016686966 7.0688875e-05 0.00010645065 3.0734805e-05 0.00031912653 0.0018395314 1.5519129e-06 0.00061435363 1.3129759e-05 0.0010183029 5.1635525e-05 8.024435e-05 4.579584e-06 4.497011e-06 7.625706e-05
0.8414892 0.12659165 0.21358944 0.25625014 0.19571988 0.3113978 0.091332786 0.3434639 0.10772853 0.06129123 0.076691434 0.33504254 0.1242446 0.031075891 0.61919755 0.037822884 0.027150774 0.018302482 0.007331193 0.019964391 5.344663e-21 0.04296102 0.008320694 0.35730305 0.6130534 0.19642171 0.50873494 0.08634404 0.0064756162 0.0010969483 0.060346935 0.3964931 0.12830669 0.005847576 0.038920406 0.018630696 0.015029153 0.0009377306 0.011533629 0.115817614 0.018502202 0.2359088 0.0030662934 0.0015765722 0.0010986207 0.227638 0.002199597 0.0017927601 0.10221519 0.07432905 0.24644727 0.000222011 0.006335667 0.18610427 0.0015528745 0.0051071905 0.15213849 0.002695955 0.0022592975 0.00088031887 0.0015934239 0.0007193784 0.0025145977 0.00015017962 0.00014160734 0.0024625943 0.007792699 0.001298226 0.0015521571 0.00409714 0.0846192 0.00383036 0.008261633 0.0003881479 7.4818934e-05 0.13046537 0.00027625868 0.0029357928 0.0049996376 0.00012479821 0.01405851 0.00064135325 1.9576404e-05 0.00018087326 0.0063634883 0.13822219 0.00025043322 0.022499043 0.004465389 8.1378374e-07 0.023056168 0.0030317681 4.0696543e-07 0.0052507347 0.00196426 0.0005978734 0.015272774 5.1441133e-05 2.3770092e-07 2.9957795e-07 0.00034674202
0.0054603014 0.07692941 0.13660918 0.058254547 0.0487074 0.08669342 0.021092437 0.05892413 0.018131627 0.25975016 0.013991081 0.20026319 0.47248283 0.2518727 0.0521404 0.1606485 0.26062062 0.0044533196 0.00483242 0.29193398 0.04296102 1.778794e-22 0.0020235481 0.06963523 0.04216354 0.009257233 0.03149639 0.08744265 0.039779726 0.00020308683 0.08124587 0.016831025 0.0037280098 0.023027899 0.0011319338 0.01659155 0.03115001 0.006255086 0.23402537 0.011247542 0.04606783 0.0056073274 0.012102539 0.00051999727 0.00033870028 0.0057272273 0.0072978036 0.0017684307 0.008153733 0.0044671185 0.009490197 0.00016231244 0.0053751906 0.006392365 0.00047804648 0.17659506 0.0012879339 0.0017681187 0.003747808 0.00035381198 0.0021591687 0.0002657808 0.0011877648 0.0005680344 0.0013906375 0.0010794948 0.13278225 0.0030158297 0.00547053 0.0020777865 0.00061688374 0.0023793161 0.08311113 6.921861e-06 1.574239e-05 0.005094822 9.1398666e-05 0.04154725 0.00021315514 0.00025741055 0.0061697494 0.026100256 0.0016176564 0.0013125992 7.590372e-05 0.0029442564 0.0014050936 0.00011639008 8.171738e-05 3.5124576e-06 0.0025965632 0.007968491 7.880252e-07 0.0047132233 1.0257092e-05 0.006777013 0.0001519425 0.0008385722 8.797238e-07 3.3584802e-06 0.0012235376
0.52510893 0.11189673 0.0051574255 0.024826907 0.13403557 0.008343229 0.20565718 0.12256764 0.46828943 0.041467875 0.52949756 0.0017759034 0.0038140812 0.0037590768 0.014642871 0.018795904 0.00291104 0.7204773 0.16388592 0.0019803275 0.008320694 0.0020235481 2.2213945e-20 0.004022106 0.0059152874 0.12766613 0.004110511 0.0010225093 0.0048277625 0.57312834 0.0007318782 0.019378323 0.22790319 0.004484551 0.5289799 5.588269e-06 3.1903477e-05 0.05373857 0.0038036322 0.00019670247 0.00030119525 0.046828352 0.0024349827 0.5676865 0.062947825 0.00267964 0.026608955 0.6025756 0.00020536597 8.9416135e-05 0.014787429 0.043852627 6.6836783e-06 0.008456377 0.43906406 0.0024409266 0.1435136 6.452019e-06 9.218349e-06 0.1918668 1.3291352e-06 0.23419742 2.503071e-06 0.015758425 0.0056099915 7.6749393e-07 0.0031763949 7.4092995e-06 4.992154e-05 4.1365107e-07 0.19149663 4.2723582e-07 0.0033617504 0.05845429 0.015140038 0.001414644 0.007651054 0.0003330098 0.21603397 8.590487e-08 1.9377565e-05 8.0745245e-05 1.3395975e-05 4.5765105e-06 0.16228898 0.0010619605 2.4354715e-06 0.011032458 0.11501085 5.4339915e-07 7.280311e-05 0.0008158162 0.00010679392 6.3503927e-07 0.016972184 0.00071144913 0.00018035858 2.2459906e-06 1.233452e-06 1.0516496e-05 1.7905729e-06
0.7546047 0.087451935 0.19651635 0.20749947 0.18491884 0.30642653 0.06661603 0.26694235 0.06705989 0.07546852 0.03818242 0.5663894 0.23317735 0.032322135 0.290827 0.026999561 0.027497666 0.011394232 0.0017761245 0.019846117 0.35730305 0.06963523 0.004022106 3.6697622e-19 0.4493258 0.065298066 0.5009613 0.38309953 0.0015842522 0.00017229891 0.29979372 0.19646594 0.040607963 0.0006569615 0.007967933 0.21425949 0.14988458 0.000107212516 0.014927341 0.39540836 0.1422653 0.10944015 0.0004660005 0.00023618685 9.389723e-05 0.2223485 0.0002751318 0.0004083195 0.308926 0.25680542 0.15469559 2.0365795e-05 0.073572285 0.146208 0.00029519922 0.003022138 0.06195646 0.029617254 0.024764255 0.00037273552 0.01909632 0.00020639854 0.024883322 2.0412228e-05 2.4886076e-05 0.021152422 0.0071222037 0.011864166 0.009905151 0.022412948 0.024629613 0.0272468 0.01431772 2.0929996e-05 3.7061359e-06 0.34343272 0.00010284396 0.011789752 0.00090249936 0.003007865 0.12859665 3.532818e-05 3.7534862e-06 0.001974732 0.0010718001 0.16213016 0.0014268417 0.011373436 0.00071316806 4.3338102e-07 0.07819384 0.004772239 6.795026e-08 0.059482355 0.00037837768 0.0012941855 0.019466946 0.00037894267 9.745388e-08 8.030447e-08 0.0049138777
0.90287554 0.11474236 0.17588633 0.20363747 0.1784865 0.2599795 0.086144716 0.2743934 0.11474197 0.053449284 0.07818399 0.28665984 0.12517162 0.025834912 0.46709895 0.031602126 0.022262555 0.01691821 0.0062432056 0.01522689 0.6130534 0.04216354 0.0059152874 0.4493258 3.8847714e-21 0.18405083 0.6791654 0.106623076 0.005190987 0.0011850793 0.08309181 0.43371338 0.12183181 0.003454428 0.029801173 0.028711757 0.025820015 0.0008174432 0.009296886 0.23738036 0.030428417 0.23932281 0.0015276793 0.0014299585 0.0007768868 0.3177057 0.0010973171 0.0014519147 0.18909848 0.13297887 0.2700492 0.0002035256 0.00999925 0.22795768 0.001124663 0.0028302418 0.15189983 0.0036313052 0.003362666 0.0006576168 0.0024568976 0.0006176045 0.0033049479 0.00014656199 8.077404e-05 0.003671688 0.0048007253 0.0022612019 0.0026238142 0.005650207 0.07155806 0.0054803444 0.006241426 0.00042710383 0.00011252527 0.19398113 0.00026557685 0.0030398252 0.0038357133 0.00024429458 0.022055179 0.00015993629 7.554318e-06 0.00025295283 0.004636904 0.1467728 0.00035375325 0.019802699 0.0029028272 5.802875e-07 0.029719522 0.0037861846 2.7802565e-07 0.007189995 0.0013935331 0.000721616 0.016574226 5.343321e-05 1.8885893e-07 2.3411214e-07 0.0004900848
0.922607 0.19683345 0.13569228 0.28544968 0.36426595 0.22376086 0.29736406 0.4567159 0.46426672 0.055722605 0.44263005 0.09267008 0.036811385 0.016498797 0.27506307 0.03424488 0.012249422 0.2188714 0.039379433 0.0077445204 0.19642171 0.009257233 0.12766613 0.065298066 0.18405083 6.580851e-20 0.18473308 0.008460182 0.007672407 0.015725248 0.004956859 0.4089575 0.6291032 0.0053048446 0.44041258 0.00022597799 0.0004181961 0.008538726 0.0034401563 0.013626437 0.0015962392 0.46423224 0.003286155 0.012781755 0.005626872 0.15859881 0.007114658 0.02690186 0.018476669 0.0070244777 0.28105664 0.0029450424 0.0001242177 0.2196379 0.036746923 0.0013558648 0.4352027 8.259088e-05 3.810107e-05 0.025793701 3.0727304e-05 0.016045779 9.6129705e-05 0.0015027446 0.0004206579 9.534024e-05 0.0019986213 6.542336e-05 0.00029907227 0.00021642742 0.3256889 8.3473235e-05 0.0046277707 0.006738641 0.0023222673 0.02881429 0.0017099484 0.0011846641 0.08655758 4.971428e-06 0.0011826847 0.0007371568 0.00033719678 2.7921955e-05 0.109266035 0.078301236 4.6435798e-05 0.09635286 0.06759466 2.6086753e-05 0.009793563 0.0011283755 4.0456375e-06 0.00012585404 0.057106692 0.00030976025 0.0134077035 9.296988e-06 1.14629165e-05 9.251173e-06 5.3444724e-05
0.9119538 0.09996092 0.1352048 0.19165774 0.1863998 0.23649627 0.08180606 0.26869884 0.10270959 0.039292447 0.06537637 0.26052564 0.11712188 0.019823944 0.37100348 0.020595685 0.016860578 0.017349849 0.0033456741 0.009398664 0.50873494 0.03149639 0.004110511 0.5009613 0.6791654 0.18473308 3.3585922e-21 0.14518774 0.0016319118 0.0008807267 0.11326433 0.46368888 0.12472356 0.0013546395 0.020931534 0.061716706 0.043414857 0.00056191446 0.0060732183 0.4648794 0.047365125 0.24269684 0.0009345501 0.0008655813 0.00057769514 0.42455232 0.0005829205 0.0008226328 0.40056235 0.2729517 0.31410703 7.4885174e-05 0.020818027 0.2852698 0.0006635028 0.001280498 0.1437202 0.005815413 0.0049102237 0.0004668862 0.0040096072 0.00040087657 0.0055210367 8.862136e-05 5.6329765e-05 0.0060768304 0.0023671081 0.002828155 0.0030448737 0.008110852 0.06694835 0.0074916715 0.0040787994 0.00037905452 0.0001693469 0.30250838 0.00029650415 0.0019469693 0.0026104313 0.00052681816 0.044131465 2.3686727e-05 5.605258e-06 0.00032016632 0.002957339 0.17292532 0.00044721656 0.020164018 0.0018228806 5.6657115e-07 0.047782402 0.0030575213 2.1414078e-07 0.01106596 0.0012725441 0.00069158885 0.024640309 7.060655e-05 2.541782e-07 2.662906e-07 0.0008212192
0.7398841 0.028332269 0.07880005 0.07134435 0.048439506 0.13422622 0.016633922 0.07038139 0.014379723 0.05852668 0.009581313 0.41230467 0.23657274 0.03322467 0.07111785 0.016090808 0.024803016 0.0020769672 0.0025572446 0.015052384 0.08634404 0.08744265 0.0010225093 0.38309953 0.106623076 0.008460182 0.14518774 1.0075417e-18 0.005744707 2.3574949e-05 0.578941 0.04352517 0.0057157194 0.003650583 0.0012432773 0.31866187 0.48369938 4.927622e-05 0.01711495 0.18901895 0.4408354 0.014016542 0.0013010742 8.862009e-05 2.540144e-05 0.083978534 0.00034201413 0.00017792717 0.15064055 0.15231155 0.03464686 7.804405e-06 0.14899446 0.039713513 3.749449e-05 0.003379873 0.00785795 0.085636154 0.07694489 2.3091336e-05 0.074027985 1.6896158e-05 0.059964858 6.5277927e-06 2.6818137e-05 0.052308116 0.014266525 0.02277069 0.023145322 0.045469344 0.00547682 0.05568247 0.036322042 4.6010564e-06 2.1235207e-06 0.17968158 4.1336436e-05 0.069546625 0.000102916165 0.00405352 0.1445181 0.00011453372 6.7734877e-06 0.002658357 0.00022225757 0.05935311 0.0020432093 0.0031865577 0.00014463736 4.8165225e-07 0.04555181 0.0060493913 1.2840209e-07 0.052743215 2.9849143e-05 0.003222959 0.0065033794 0.0019986946 4.101989e-08 4.0114173e-08 0.0040179533
0.011712783 0.15721314 0.03228569 0.05550689 0.09659378 0.022078544 0.06593133 0.0535697 0.06589326 0.28222683 0.045544427 0.0123215355 0.036952395 0.08867717 0.011641229 0.2911415 0.0805125 0.017299943 0.06417622 0.055646 0.0064756162 0.039779726 0.0048277625 0.0015842522 0.005190987 0.007672407 0.0016319118 0.005744707 1.5075086e-21 0.0013823232 0.0048588715 0.0012988198 0.0028631794 0.48138675 0.0018343257 0.0003527823 0.0018197395 0.08957594 0.031400204 0.00028617776 0.0027386805 0.00065804285 0.4012326 0.0020718237 0.001222924 0.00025377944 0.2657197 0.0029617406 0.00020443309 0.00028027935 0.00040023157 0.0004105947 0.00038171737 0.00028019492 0.0004217 0.013969229 0.00059895974 0.00022715428 0.0003559397 0.00019054515 0.00022580479 0.00015586824 0.00017190073 0.00046987992 0.08825158 5.2190007e-05 0.006097596 0.00035759516 0.000299425 1.9165404e-05 0.00027056344 4.3611664e-05 0.0028032102 0.00044461526 0.00022227496 6.758012e-05 0.00050292007 0.0016342386 0.0002856172 1.9563302e-05 8.0190264e-05 0.006849549 0.032644298 7.181384e-05 0.0002325138 9.3872695e-05 0.000107860775 0.0004561702 0.0002529885 0.0040333853 3.6447633e-05 0.0001233692 0.00020109079 0.00010136149 0.0002809942 4.7057965e-05 4.888804e-05 6.666325e-06 0.0031968364 0.0025525338 0.0017332588
0.20288709 0.028472945 0.00029088822 0.0050184443 0.016222565 0.00093014573 0.05021801 0.01362098 0.08968839 0.008985141 0.13073426 4.3447766e-05 0.00010071261 0.00011524063 0.0022104466 0.0022123796 6.96535e-05 0.5323759 0.29635373 7.3535164e-05 0.0010969483 0.00020308683 0.57312834 0.00017229891 0.0011850793 0.015725248 0.0008807267 2.3574949e-05 0.0013823232 1.3204273e-20 1.9904173e-05 0.0020621815 0.02856813 0.0013626495 0.08684799 1.0556615e-06 2.1018975e-06 0.13175896 0.00011050722 1.8538703e-05 1.8088835e-05 0.0044198525 0.0011331683 0.7210221 0.35584977 0.0003045106 0.03166063 0.44349283 2.4798443e-05 9.974373e-06 0.0015646018 0.35891744 6.403613e-07 0.00092995854 0.19137165 4.8991842e-05 0.012665674 1.5893632e-07 3.2995277e-07 0.06935413 4.1583927e-08 0.12611799 9.390819e-08 0.24691361 0.005576315 5.8058447e-08 4.8138092e-05 3.9866984e-07 1.1809583e-06 8.495038e-08 0.019030893 3.2811315e-08 7.847449e-05 0.20420967 0.13245188 6.787413e-05 0.103353836 8.636704e-06 0.06285651 5.4011418e-09 8.823175e-07 1.2268237e-06 1.9491029e-07 2.0104581e-07 0.038159896 2.0248743e-05 2.3633451e-07 0.0023776954 0.035364445 1.502607e-08 1.3673931e-06 3.3558483e-06 0.0014020017 1.3929243e-08 0.00434692 3.6584613e-06 1.0967029e-05 6.9415066e-08 6.231234e-08 3.788185e-06 2.0917092e-08
0.6581966 0.019393466 0.04580529 0.04463752 0.030637015 0.078641444 0.01120364 0.039499752 0.009492025 0.04355615 0.00609527 0.3232197 0.1998638 0.02600537 0.04372307 0.009700886 0.019104673 0.0011307901 0.001802274 0.010608678 0.060346935 0.08124587 0.0007318782 0.29979372 0.08309181 0.004956859 0.11326433 0.578941 0.0048588715 1.9904173e-05 1.5067455e-19 0.024484882 0.0037184013 0.002491689 0.0007540657 0.2527128 0.50026613 3.5222845e-05 0.013168157 0.1474444 0.56003016 0.008316946 0.00084821635 8.9960035e-05 1.5799602e-05 0.046977505 0.00017849739 0.00016248653 0.11126428 0.11598411 0.01744742 4.6959312e-06 0.14172116 0.019725764 3.248621e-05 0.0024090048 0.0053892215 0.086621515 0.09828395 2.1597409e-05 0.08514228 1.7348813e-05 0.053473584 2.885989e-06 1.4258678e-05 0.04604328 0.012112798 0.03223243 0.029037273 0.042147722 0.0042022504 0.05367603 0.033454366 2.2874053e-06 1.4015455e-06 0.10568347 3.2024953e-05 0.079596795 9.7710414e-05 0.0038691445 0.096095145 0.00011654814 3.7280643e-06 0.0038114283 0.00012240856 0.037683338 0.0026152567 0.0019210409 7.79569e-05 1.6480976e-07 0.03086046 0.006868725 7.6302854e-08 0.047473863 1.3589982e-05 0.0039435173 0.0047462294 0.002371349 2.0266542e-08 2.1686954e-08 0.004934145
0.95269376 0.10689533 0.14843766 0.24500182 0.2425546 0.26530182 0.12425691 0.37653652 0.24610071 0.033809688 0.20265815 0.19501989 0.054118123 0.011007886 0.39949176 0.015837325 0.009438137 0.035396084 0.0043754103 0.006700675 0.3964931 0.016831025 0.019378323 0.19646594 0.43371338 0.4089575 0.46368888 0.04352517 0.0012988198 0.0020621815 0.024484882 1.2699346e-20 0.34509617 0.00064863864 0.105533 0.0037333784 0.0035554077 0.0006373312 0.0024410305 0.10503754 0.007235421 0.56672585 0.0003710376 0.0022190444 0.0009538586 0.49287164 0.00049223826 0.0030866005 0.12526762 0.06081495 0.5706708 0.00034139416 0.0012341258 0.46198007 0.003260607 0.001213579 0.295579 0.00054467685 0.00047585642 0.0024943165 0.00038035706 0.0019777643 0.0006590474 0.00027790017 2.277622e-05 0.00074978644 0.0037392648 0.0002762226 0.0006513006 0.0015398805 0.1154673 0.00087171723 0.0066791098 0.0022244388 0.0015063927 0.093193196 0.00062303495 0.0009148483 0.009459542 0.00015311319 0.007334253 0.0052371444 9.420253e-05 7.892633e-05 0.014552092 0.14016333 0.00015877021 0.030139541 0.007133178 3.3695032e-06 0.020289851 0.00988016 5.914387e-07 0.001980576 0.0049130595 0.0033843324 0.038268358 1.7444409e-05 1.6547256e-06 1.37928e-06 0.00024923595
