5.0427132e-27 0.0003670219 0.0056858156 2.0825762e-05 0.100845315 0.0072561307 6.384965e-05 0.034075312 0.9645042 0.32209563 0.13654764 0.07459204 0.17674288 0.0035807241 0.065081775 0.18549603 0.7495956 0.55752593 0.9413139 0.48583484 0.0019529415 0.15645778 0.83993024 0.6515086 4.0036975e-06 0.14378636 0.00069064007 0.9476989 0.8642482 0.9725083 0.94166255 0.04439 0.9424442 0.3943077 0.6330853 0.042155903 0.97699124 0.938782 0.76896524 0.4839184 0.6311785 0.9339267 0.0035927661 0.91326994 0.120443866 0.74325806 0.9472588 0.7847758 0.07045585 2.344104e-05 0.26830697 0.9112995 0.0017939401 0.021430572 0.89798194 0.9994613 0.9476278 0.97261155 0.05499986 0.99022096 0.99660504 0.96638364 4.4450517e-06 0.9276062 0.9954647 0.91026974 0.35822344 0.9766547 0.0029591771 0.93527734 0.15210164 0.9996428 0.8522971 0.06910752 0.6894219 0.97383744 0.91655654 0.11534023 0.13543932 0.0023263681 0.9516033 0.8347663 8.623909e-05 0.9257163 0.9056921 0.9999757 0.8660067 0.999906 0.9191286 0.2253776 0.19316804 0.9835038 0.9794965 0.74369204 0.9939744 0.86519367 0.0048804292 0.97563213 0.99696326 0.99215394 0.0099296905
0.0003670219 1.9840083e-16 0.85441256 0.91432244 0.74053687 0.6026536 0.056471117 0.22712818 0.02990055 0.04942371 0.013714535 0.013946732 0.0012012852 0.0002830971 0.009523662 0.0012029876 0.0072671794 0.0008861731 0.0006740334 0.000110354194 0.0002775254 0.00012467295 0.0009753706 0.00017269437 0.00026759342 0.00016033242 0.00028312812 0.00018797621 0.0001610249 4.0750023e-05 8.815034e-05 4.232988e-06 0.00014374203 7.1833465e-06 3.7110588e-06 6.426975e-06 3.3050168e-05 4.86263e-05 2.634975e-06 2.5015452e-05 1.3130686e-05 2.9627095e-06 1.1487496e-05 5.0746297e-05 6.928495e-05 1.1163179e-06 2.3021108e-05 1.0142506e-05 0.00026291067 4.6519017e-06 3.795877e-06 1.0446759e-06 1.5678308e-05 3.6108442e-05 3.7514234e-05 1.1931866e-05 1.6689044e-05 1.12532925e-05 2.7478603e-07 8.896002e-06 1.3096001e-06 4.8809874e-05 0.00020378917 3.140944e-06 1.1269423e-05 1.046857e-06 4.0299224e-06 1.2940621e-05 3.8076843e-05 5.426071e-06 4.2686656e-06 0.00027004763 2.0766295e-06 3.0953317e-06 7.463072e-07 2.5696747e-05 2.8892962e-06 1.4282703e-06 1.6076848e-06 3.1004238e-05 5.5107043e-06 3.039289e-06 8.189061e-06 6.7628116e-06 3.1480245e-06 0.0003262143 1.7667593e-06 0.00021473784 7.5557377e-06 1.1029967e-06 9.3661566e-07 1.6231227e-06 2.989695e-05 5.8519413e-07 4.724093e-05 2.450891e-08 7.105339e-10 6.4586145e-09 0.00022481724 0.00017517536 6.2758274e-09
0.0056858156 0.85441256 9.908514e-18 0.36224407 0.9114296 0.9626206 0.035348214 0.01201044 0.21867551 0.52848846 0.0081387935 0.19226864 0.00026734703 0.0023819245 0.000731128 0.009313051 0.051585592 0.0046806787 0.0061902446 0.00019526033 7.1911054e-06 0.00044679322 0.0016411239 0.0012464889 2.913499e-06 6.427039e-05 0.00018410904 0.0026350245 0.0026546393 0.001639967 0.00095011486 5.3091085e-06 0.0010552715 3.2725955e-05 4.9213664e-05 2.470008e-06 0.00023462993 0.00044015967 8.193318e-06 1.98627e-05 6.359232e-06 4.900226e-05 1.0552769e-06 2.1384445e-05 2.280233e-06 4.07486e-06 2.7276938e-05 1.9720717e-06 4.58419e-06 7.603336e-08 7.4525667e-07 6.7529925e-07 1.6691453e-06 4.1648345e-06 0.0001475092 0.00010993696 6.9559304e-05 0.00010549479 4.0556845e-08 0.00012636301 1.432286e-06 6.162556e-06 2.494258e-05 1.4190907e-06 6.7200104e-05 6.758495e-07 3.86803e-07 8.654554e-06 7.169729e-07 2.0034693e-06 2.552128e-06 0.0002934665 4.3219814e-07 2.9888767e-07 9.9191546e-08 1.10518e-05 2.3013083e-06 9.976551e-08 1.12676496e-07 5.473092e-07 8.791137e-06 5.8366976e-07 1.0697353e-06 4.8418738e-06 1.8367308e-06 0.00024826094 8.5877065e-07 0.00017746893 1.8503085e-06 2.9841324e-08 4.0813237e-08 2.337515e-06 2.1147345e-05 5.852273e-08 2.877342e-05 1.2497934e-08 1.665893e-10 4.61192e-08 0.00035947605 0.00036098112 2.1813389e-09
2.0825762e-05 0.91432244 0.36224407 1.3963076e-16 0.064407386 0.6588721 0.71750295 0.00078635605 0.005161425 0.03312673 0.00026791543 0.03117779 3.657399e-05 0.0029015 0.00012591286 0.003397656 0.0054551223 0.0012309186 0.00064879766 5.941858e-05 1.1214958e-05 0.00037079706 0.00013812006 0.00034657159 1.8156679e-06 0.000101764505 0.0002359876 0.00059815263 0.000533566 1.7706785e-05 2.5299081e-05 3.0212028e-05 3.8319675e-05 2.7979167e-06 1.9369916e-05 1.25390825e-05 2.488908e-06 0.00021469175 5.502203e-06 2.8889617e-05 4.6510788e-05 1.3206621e-06 1.125223e-05 9.700127e-05 2.43009e-05 1.0711012e-06 6.3849344e-05 1.0056333e-05 3.266107e-05 1.9067865e-07 1.7253798e-06 2.9245339e-06 8.323122e-06 4.089518e-06 3.1142685e-05 2.7477949e-05 2.4814626e-05 9.156071e-06 3.369524e-07 1.4550585e-05 1.2174715e-06 6.3780695e-05 2.4890589e-05 2.5944998e-06 4.4640223e-05 4.780627e-07 1.2251879e-06 3.453739e-05 3.2314422e-06 7.765183e-06 6.0504175e-07 0.00056930666 2.3110779e-06 2.580336e-06 4.476863e-07 5.870113e-05 7.131572e-06 1.4573909e-06 1.4097e-06 9.496958e-06 1.5968079e-05 7.5682715e-06 5.4941256e-07 2.8731167e-05 2.2875547e-05 0.00034624408 1.810853e-05 0.0002985434 2.7575685e-05 1.7928846e-06 3.5823257e-06 1.4646327e-05 3.0211453e-05 8.780345e-06 2.6494605e-05 2.2078584e-07 1.112696e-09 2.6436703e-07 0.000474432 0.00033444873 1.3900606e-08
0.100845315 0.74053687 0.9114296 0.064407386 7.793519e-20 0.69851124 0.0022651213 0.3631842 0.9201014 0.69804543 0.31471142 0.11612051 0.022325616 0.0018239552 0.0056626634 0.009239002 0.14904362 0.00881103 0.031035677 0.0028757278 8.381412e-06 0.00026383853 0.055380654 0.0017475347 1.1266243e-05 0.0004224068 1.42287245e-05 0.025573326 0.0030749761 0.12873541 0.01059028 5.304338e-07 0.010468652 0.00073105027 1.8022627e-05 3.2782492e-07 0.005044978 0.000519299 1.2015325e-05 9.6222895e-05 2.8933637e-06 0.00029502812 3.1837565e-08 1.9645266e-05 1.3674778e-06 7.012412e-05 2.5715797e-05 5.7565007e-06 5.269707e-06 8.334496e-08 1.2266019e-05 1.6700353e-06 2.2489237e-07 2.83005e-06 0.00034407192 0.00096606696 0.00018756579 0.00036917944 2.5914137e-08 0.00022812079 3.739026e-05 3.3417261e-06 4.840833e-05 4.5585836e-07 6.983827e-05 1.863737e-07 7.4868245e-07 2.8611767e-06 1.7827281e-06 6.6666206e-07 2.8471279e-05 0.0006641391 3.318772e-07 1.548881e-07 1.0915815e-07 2.608343e-06 6.863813e-07 7.306411e-08 9.598986e-08 4.1542765e-07 1.5259013e-06 3.3709287e-07 8.483627e-07 8.9416903e-07 5.8195013e-07 0.0011068853 4.663217e-07 0.00026112527 4.9258745e-07 6.5897434e-09 1.12020935e-08 2.9454498e-07 9.310363e-05 3.9169237e-08 0.00050515856 3.0351741e-09 2.4739905e-11 2.0689297e-08 0.00023405871 0.00025434565 1.1553531e-10
0.0072561307 0.6026536 0.9626206 0.6588721 0.69851124 1.5577283e-17 0.47870728 0.00088151684 0.13194282 0.83342576 0.00053793285 0.7315931 7.0820926e-05 0.2585659 6.259403e-05 0.10296983 0.16577888 0.013857294 0.008132792 4.8867485e-05 2.1595238e-06 0.001426445 0.00038262818 0.004371012 5.0001063e-07 1.2596962e-05 0.00049076084 0.010304626 0.009458785 0.0011678135 0.0014944548 6.588494e-05 0.0017627312 1.2872e-05 0.00079453655 4.7271213e-05 8.8069246e-05 0.0015872653 0.00027236427 3.5952526e-06 0.00025333496 8.962782e-06 1.826257e-05 0.00028290303 3.1799802e-05 1.7238617e-06 0.00019183608 4.9552516e-05 2.5800124e-05 2.2214419e-08 5.4835013e-08 1.74485e-05 3.2748294e-06 6.2332547e-06 0.00015618578 6.5802364e-05 0.000104496095 0.00015950431 6.251182e-07 0.00020170156 3.8619848e-07 3.0352789e-05 9.970901e-06 6.4165456e-06 9.240438e-05 3.9582833e-06 2.5642044e-06 7.3189745e-05 3.4844156e-08 9.513965e-06 2.4998755e-07 0.00037075923 4.9743066e-06 2.2503493e-06 7.4959985e-07 3.9681046e-05 9.698974e-06 4.5106674e-07 4.899913e-07 1.876175e-06 3.1987347e-05 5.19378e-06 2.2510804e-07 3.149431e-05 1.1586341e-05 0.00044362986 5.737466e-06 0.0002314786 1.5043025e-05 1.1937681e-07 2.3675616e-07 1.7953545e-05 1.37130755e-05 1.2391696e-07 3.371321e-05 4.6424923e-08 2.2764717e-10 2.406178e-07 0.000613304 0.00047244492 1.2772413e-09
6.384965e-05 0.056471117 0.035348214 0.71750295 0.0022651213 0.47870728 6.3040315e-17 0.0001321868 0.0004021695 0.014428584 8.614177e-05 0.09297861 1.733578e-05 0.9735157 1.3030751e-05 0.01124603 0.002550655 0.0030318839 0.00020545923 1.3661946e-05 1.809383e-06 0.0025433428 0.00014341917 0.0008269464 1.875277e-06 2.3106031e-05 0.008420234 0.00020135197 0.00044390938 7.809266e-06 1.2307477e-05 0.00021925362 1.8268911e-05 1.7702267e-06 8.0516256e-05 8.6708074e-05 2.5122545e-06 0.00022865373 2.0685997e-05 4.430126e-06 0.00038718447 1.2537688e-06 0.0001171309 7.088073e-05 0.00015244585 7.1652454e-07 3.6528258e-05 7.56638e-06 0.00021190963 6.095519e-08 4.994102e-07 6.17722e-06 3.713645e-05 5.419632e-06 1.6763759e-05 1.1953744e-05 2.0712941e-05 1.0610934e-05 1.7828258e-07 5.6863546e-06 4.3045114e-07 4.9164362e-05 1.8083472e-05 2.5393726e-06 1.0610872e-05 1.0111355e-06 1.7985516e-06 1.23797545e-05 3.783966e-07 5.70102e-06 2.6496141e-07 0.00045566668 3.022204e-06 4.473746e-06 6.11181e-07 6.49779e-05 6.205177e-06 3.636127e-06 3.0921628e-06 7.417137e-05 1.5268133e-05 1.0147575e-05 1.05244624e-07 3.231028e-05 4.8389586e-05 0.0004612319 3.4818764e-05 0.0002869364 3.2176304e-05 3.3263368e-06 1.9707857e-06 1.0623093e-05 9.510245e-06 9.88219e-06 4.0134573e-06 1.10428445e-07 6.6933087e-10 6.8917547e-07 0.00017512924 0.00012913294 1.5476871e-08
0.034075312 0.22712818 0.01201044 0.00078635605 0.3631842 0.00088151684 0.0001321868 1.06364554e-16 0.2508647 0.0032013627 0.94652706 0.000302202 0.79901206 0.00010521217 0.85654193 0.00066531944 0.0046884366 0.00082641584 0.003145306 0.060511906 0.009461666 7.785489e-05 0.104588024 0.00014144093 0.0006123815 0.025966315 4.6145074e-06 0.0007249359 0.000115779425 0.014735939 0.00071053574 5.395027e-05 0.0006842905 0.013910965 8.486391e-06 0.00012450424 0.014334656 7.5147014e-05 6.852514e-06 0.00069048634 0.00018810679 0.0037602042 7.727025e-05 2.47126e-05 0.00056260003 0.0008522747 2.3946748e-05 4.9313994e-06 0.001982377 0.000106099265 0.00019505988 1.9695344e-06 0.00017511038 0.00041784925 0.00026540214 0.0009408475 8.675622e-05 0.00014862318 5.275993e-06 0.00022572857 0.00063528685 5.618834e-05 0.00018783555 1.0419512e-05 0.00014058068 4.410877e-06 1.7170763e-05 3.44162e-05 0.0006914277 1.6726806e-05 0.00031751362 0.0008975805 2.4500243e-06 1.16823485e-05 5.659733e-07 0.000114672854 3.6164045e-06 1.8026161e-06 2.289398e-06 6.0542912e-05 1.7762444e-05 1.026561e-06 0.00010480409 7.821975e-06 2.1628152e-06 0.0005732686 1.2155526e-06 0.0008712229 6.79581e-06 7.099397e-07 1.0975493e-05 3.3730273e-06 0.000495229 2.7036895e-06 0.0014257099 1.813338e-07 2.0868953e-08 2.851599e-08 0.00027648878 0.00013721992 7.2916357e-09
0.9645042 0.02990055 0.21867551 0.005161425 0.9201014 0.13194282 0.0004021695 0.2508647 2.7294282e-17 0.71201336 0.55300987 0.092081316 0.12290448 0.0011500684 0.009649077 0.045803607 0.34850928 0.027499612 0.24794988 0.019841537 5.44621e-05 0.003154629 0.44991428 0.005957132 4.717607e-06 0.0038322618 1.4785743e-05 0.21180215 0.02461112 0.6699611 0.17547289 0.00013566202 0.18607228 0.016760267 0.0010093059 0.00010615037 0.24713601 0.013117613 0.00047067707 0.0007939681 0.0003938913 0.017559402 6.799175e-06 0.00056943216 0.00037103725 0.0032743362 0.0007807178 0.0001511002 0.0011521301 8.769336e-07 0.00033592043 6.699591e-05 2.936615e-05 0.0003563661 0.009260398 0.21488887 0.0043881405 0.015514261 4.8187605e-05 0.007216652 0.0033722846 7.9789694e-05 1.4802265e-05 5.448256e-05 0.0027252887 1.8579252e-05 9.68997e-06 0.000102890364 6.4099615e-05 2.6728416e-05 0.00056035694 0.047976162 2.549467e-06 3.8700004e-05 1.4803074e-06 1.3281185e-05 3.8633684e-06 6.0649845e-06 5.8373403e-06 9.479414e-06 6.362927e-06 5.918506e-07 3.99628e-05 2.1574756e-06 5.4914796e-07 0.08423097 3.917867e-07 0.0038163862 2.0350542e-06 1.5099401e-06 1.3920819e-05 4.2570858e-07 0.0018498984 2.1141919e-07 0.008603824 2.7377584e-07 2.3981563e-08 7.220558e-08 0.00033068753 0.00038792475 3.897027e-08
0.32209563 0.04942371 0.52848846 0.03312673 0.69804543 0.83342576 0.014428584 0.0032013627 0.71201336 9.5277526e-20 0.011856525 0.93252337 0.00030068468 0.037583742 0.00013177849 0.44029912 0.86204857 0.21760125 0.14670391 0.00094746513 1.1028638e-07 0.010427296 0.041104987 0.027432237 7.193502e-07 0.000113837676 0.00018678751 0.24392812 0.19767356 0.09785018 0.07362506 0.00021502536 0.08081123 0.0011118117 0.0040190862 0.000145195 0.012626648 0.045112263 0.0021422077 2.1154043e-05 0.00062618335 0.0016974992 2.9617659e-06 0.0032613685 0.00023467312 0.00020650958 0.003127777 0.00032678412 5.596597e-05 2.066943e-07 6.0557886e-06 6.761384e-05 5.4587565e-07 1.139585e-05 0.0075311163 0.0041926894 0.0039606662 0.0061788405 1.8889524e-06 0.006789738 8.923494e-05 0.0003156517 2.5321986e-05 4.282667e-05 0.0030509138 2.0700401e-05 1.9236825e-06 0.00051855395 2.297748e-07 5.105162e-05 3.8123076e-06 0.0056510805 3.4342986e-05 1.8431601e-06 1.1510323e-06 0.00016720292 5.4305827e-05 5.7868925e-07 5.1689324e-07 3.884119e-06 4.7801663e-05 1.2670989e-05 3.273819e-07 2.0745916e-05 2.2458633e-05 0.0034378278 2.4365552e-05 0.0024805223 1.2522377e-05 1.6017752e-07 3.0519016e-07 9.496125e-06 0.00016187559 2.1711542e-06 0.00033812094 1.8523082e-07 3.0523395e-10 1.1539108e-06 0.0012046236 0.0010867584 7.756589e-10
0.13654764 0.013714535 0.0081387935 0.00026791543 0.31471142 0.00053793285 8.614177e-05 0.94652706 0.55300987 0.011856525 6.649855e-17 0.00094430463 0.9457495 0.00025231892 0.23335381 0.0014564197 0.02844179 0.0013147333 0.027695926 0.23304398 0.001018859 5.3174004e-05 0.44025972 0.00025582543 0.00012545046 0.027666546 4.1091527e-05 0.008489476 0.0009968387 0.16840743 0.0107494695 0.00012539544 0.0074566696 0.036594793 1.4727242e-05 0.00023212608 0.043135095 0.0004984636 1.4077998e-05 0.0011774375 0.00021584884 0.0121140685 0.00046404835 3.446931e-05 0.0018241395 0.0031956355 8.148998e-05 1.9004472e-05 0.0024529796 1.0467517e-05 0.00044728714 8.04852e-06 0.00013334966 0.0010152304 0.0010545888 0.016657999 0.00023420049 0.0009342471 8.3835985e-05 0.0008397815 0.0010404747 0.000109944725 9.973312e-05 2.0612346e-05 0.00031003717 3.6562764e-05 5.9241032e-05 5.1127092e-05 0.00018524664 2.7257536e-05 0.00029926514 0.0028057809 9.368313e-06 7.4052696e-05 7.165277e-06 8.7700224e-05 1.4365945e-05 1.5708525e-05 1.6321856e-05 8.011729e-06 2.379697e-05 5.4786083e-06 7.3789815e-05 1.1060763e-05 3.081991e-06 0.010153167 2.174086e-06 0.0011831613 9.49301e-06 3.1015663e-06 1.2188255e-05 4.284903e-06 0.0015092538 7.662038e-07 0.0057785437 2.8958215e-07 1.8619038e-07 1.279675e-07 0.00050808454 0.00039133045 1.1408061e-07
0.07459204 0.013946732 0.19226864 0.03117779 0.11612051 0.7315931 0.09297861 0.000302202 0.092081316 0.93252337 0.00094430463 4.8906703e-16 0.00010492929 0.51170933 0.00011800578 0.9289218 0.6580352 0.36441287 0.043198317 0.00020904571 8.236182e-07 0.050423183 0.003354209 0.06290234 2.1206467e-06 4.7690515e-05 0.006994716 0.10529156 0.15576993 0.013014867 0.026904143 0.0007422493 0.026296757 7.1567505e-05 0.01005176 0.00045689268 0.0018712502 0.031682134 0.006352408 1.5879179e-05 0.0045472276 0.00017448908 0.00029450384 0.011273832 0.0010724014 2.1781254e-05 0.008112837 0.0028014975 0.0003866669 1.7724346e-06 3.7897175e-06 0.0007664304 1.9709707e-05 6.3687214e-05 0.0030939612 0.0007207851 0.0021600523 0.001828663 6.746527e-06 0.0025730354 1.2146307e-05 0.00094600697 2.9135615e-05 0.0003054687 0.0020796668 0.00015558518 3.940207e-05 0.0018507747 3.1375191e-06 0.00037225027 7.697108e-06 0.0020900613 0.00015635137 6.9472153e-06 1.7761176e-05 0.0009589283 0.00033113442 2.6521795e-06 3.8475578e-06 7.0715273e-06 0.00029730942 0.00013782243 1.6088444e-06 0.00018346737 0.00017864621 0.0012391001 0.000107638814 0.0015710855 8.334405e-05 1.372042e-06 2.0253792e-06 0.000113296024 0.0001356783 4.7438083e-05 8.262507e-05 2.6047985e-06 1.0259972e-08 9.067966e-06 0.0028479127 0.00201121 2.7861635e-08
0.17674288 0.0012012852 0.00026734703 3.657399e-05 0.022325616 7.0820926e-05 1.733578e-05 0.79901206 0.12290448 0.00030068468 0.9457495 0.00010492929 8.940229e-19 1.4452932e-05 0.6184316 0.0001161076 0.0039876155 5.1059706e-05 0.002225088 0.7122707 0.0023604657 4.912183e-06 0.7388087 1.0113915e-05 0.00010245638 0.20143273 2.1239277e-06 0.0003638557 1.4877767e-05 0.11504316 0.0013218675 6.2078875e-06 0.0009573303 0.26983395 9.538389e-07 4.9668974e-06 0.11658561 2.8449087e-06 8.266463e-07 0.013096671 3.956404e-06 0.074115016 0.00010091308 1.3883674e-06 5.773988e-05 0.02208709 2.7151539e-06 5.2806763e-07 0.0001880329 0.0002762339 0.0044249073 3.2889653e-07 2.4999592e-05 0.00012506677 6.138482e-05 0.014664778 1.1088265e-05 8.358013e-05 1.6023031e-06 7.433118e-05 0.01888492 7.2945054e-06 0.00013293026 6.4479923e-07 3.224788e-05 2.211892e-07 1.5927961e-06 2.9008647e-06 0.00041639432 9.688098e-07 0.0008944497 0.000677965 9.299079e-08 4.6717633e-07 1.0901999e-07 5.4038705e-06 2.5459838e-07 2.1977641e-07 2.6271428e-07 1.9140898e-06 1.259907e-06 6.73937e-08 0.00012822374 4.0146074e-07 1.1030783e-07 0.022759698 8.457288e-08 0.00028496148 3.283662e-07 6.663941e-08 2.8952255e-07 8.481487e-08 0.0013755193 2.8548099e-08 0.010489918 1.8163936e-08 6.3397487e-09 1.3936048e-08 7.052431e-05 8.00541e-05 8.018122e-09
0.0035807241 0.0002830971 0.0023819245 0.0029015 0.0018239552 0.2585659 0.9735157 0.00010521217 0.0011500684 0.037583742 0.00025231892 0.51170933 1.4452932e-05 1.0832896e-14 2.5976951e-05 0.6803579 0.006306692 0.13294438 0.00010559395 1.6464113e-06 5.886348e-07 0.2509729 0.0003051522 0.03028061 2.868562e-06 6.541419e-07 0.61068463 0.0008281713 0.014666038 6.347823e-06 4.6869092e-05 0.017928602 9.733088e-05 4.892839e-07 0.011761856 0.00966003 3.2742687e-07 0.0032992887 0.00688624 7.869273e-07 0.012435554 3.279325e-07 0.0045489212 0.005559474 0.0077275257 1.277853e-07 0.0014859448 0.003637508 0.008609882 1.2135915e-08 7.9095216e-08 0.0042969137 0.0010628353 0.0010905729 8.383823e-05 1.5389064e-06 0.0001710737 4.0006766e-05 3.0081903e-05 3.763438e-05 2.2270048e-07 0.00036021098 5.0310277e-06 0.00012465143 4.9018487e-05 0.00037992292 8.8484e-06 5.6785375e-05 7.219057e-08 2.5500274e-05 5.6521816e-07 0.00011520053 1.7402319e-05 3.469946e-05 2.820297e-06 3.0491585e-05 6.3382295e-06 9.234566e-06 9.63561e-06 0.00047603474 1.2903489e-05 7.6592805e-06 1.3569776e-07 1.3809483e-05 6.5466515e-06 0.00042616276 5.563202e-06 8.896355e-05 2.3007564e-05 2.7629003e-06 1.5048512e-06 2.8730576e-06 8.3753e-06 6.332133e-06 5.2984506e-06 4.2821945e-08 2.5753393e-09 1.3482088e-07 0.00015716926 0.00014458978 2.6139857e-08
0.065081775 0.009523662 0.000731128 0.00012591286 0.0056626634 6.259403e-05 1.3030751e-05 0.85654193 0.009649077 0.00013177849 0.23335381 0.00011800578 0.6184316 2.5976951e-05 6.213667e-16 0.0001641296 0.00029764563 0.0001663912 2.690052e-05 0.5113937 0.97872514 3.9711485e-05 0.1522133 3.5544395e-05 0.015041892 0.74439013 5.034092e-07 5.2595173e-05 3.445741e-05 0.0033917704 1.9471745e-05 8.889082e-06 2.2340182e-05 0.112632066 1.9344834e-06 9.750363e-06 0.01363122 3.1557327e-05 1.8172184e-06 0.044980943 4.219347e-05 0.012552753 8.867787e-06 4.396388e-06 0.0002047976 0.007483046 1.9297619e-05 4.1653348e-06 0.0011109288 0.026819658 0.029422518 2.278731e-06 5.228314e-06 0.00036568535 6.4031614e-05 0.0007607475 2.6310494e-05 3.3967066e-05 2.8820656e-07 3.4016728e-05 0.019532084 1.6595244e-05 0.0057267053 3.694906e-06 7.1541166e-05 1.1252997e-06 1.3200477e-06 1.6853352e-05 0.011350211 4.292007e-06 0.0054484517 0.0029534127 7.982538e-07 6.1389557e-07 4.1130125e-08 1.5482505e-05 1.2270823e-06 1.9452494e-07 1.4567745e-07 4.501092e-06 7.578621e-06 1.3008047e-06 0.008979368 5.809811e-06 1.898957e-06 0.0025012756 9.74359e-07 0.0019486002 3.4026218e-06 1.3125828e-07 1.4637509e-06 1.4980926e-06 0.001875836 7.843102e-07 0.012257596 1.2175963e-07 6.2396593e-10 7.328099e-08 0.00035546802 0.0002582111 2.6161993e-09
0.18549603 0.0012029876 0.009313051 0.003397656 0.009239002 0.10296983 0.01124603 0.00066531944 0.045803607 0.44029912 0.0014564197 0.9289218 0.0001161076 0.6803579 0.0001641296 1.2923972e-14 0.42016852 0.81837404 0.028988408 3.164343e-05 7.896204e-06 0.65211344 0.002366703 0.4299383 8.580123e-06 3.4947672e-05 0.09038394 0.09108102 0.37921056 0.005630485 0.0142494 0.016658856 0.020821778 2.1138516e-05 0.084211655 0.00783383 0.00038216615 0.07717637 0.044905405 7.850028e-06 0.056300156 5.2948013e-05 0.003993299 0.059874877 0.006683048 4.947387e-06 0.040303234 0.019673249 0.0031992826 2.5482248e-06 1.7093173e-05 0.0096659595 0.00032030954 0.00032839304 0.014846296 0.0009969847 0.014464619 0.007621836 7.0191505e-05 0.007351353 6.3925354e-06 0.0057113306 4.929655e-06 0.0028090256 0.008653016 0.0019649372 0.0002014117 0.00674767 3.6528415e-06 0.0013818508 3.6553105e-05 0.004218615 0.0005725021 2.1440786e-05 0.0001176268 0.0012489496 0.0006832478 1.4212125e-05 2.1557018e-05 5.5959616e-05 0.0006553402 0.00029441874 2.0411242e-06 0.000245718 0.00018566492 0.003438236 0.00016562604 0.004291455 0.00012414475 1.446068e-05 1.7210077e-05 0.00025142368 0.00015565076 5.8606878e-05 0.00032891615 3.4227465e-05 4.9334687e-08 1.8714243e-05 0.010438132 0.0046623326 6.912571e-08
0.7495956 0.0072671794 0.051585592 0.0054551223 0.14904362 0.16577888 0.002550655 0.0046884366 0.34850928 0.86204857 0.02844179 0.6580352 0.0039876155 0.006306692 0.00029764563 0.42016852 1.1142112e-15 0.49522683 0.96081203 0.0036469088 8.392578e-06 0.11132186 0.10396522 0.19036566 2.4408975e-05 0.0008415609 0.0020085333 0.6458013 0.27294943 0.18169369 0.04281606 0.008611861 0.050106194 0.0034690527 0.039691456 0.0045918995 0.051393557 0.09994799 0.016836219 0.0004904881 0.0044213133 0.0045489883 3.813826e-05 0.033185493 0.0011165645 0.0007022829 0.027725989 0.0042223562 0.000298618 2.1182164e-05 0.00026919035 0.0037085705 1.47910605e-05 5.2592168e-05 0.03537259 0.031942736 0.02579584 0.026588311 3.5274243e-05 0.028174676 0.00069159776 0.004438806 0.0004068985 0.001704568 0.023029784 0.0005822991 5.6454e-05 0.0048784977 2.9392064e-05 0.0012381055 0.00011009003 0.033718634 0.00032422037 7.7943296e-05 1.4983278e-05 0.0011050917 0.0006443558 3.5984205e-05 3.331742e-05 1.9251654e-06 0.00076004036 0.00027944104 5.2896077e-05 0.00019397172 0.00017304897 0.03818992 0.00019481413 0.018380715 9.3323375e-05 4.6611603e-06 7.3328747e-06 5.424175e-05 0.0007287771 1.7396562e-05 0.0021111027 3.746895e-06 1.3036189e-08 2.2696404e-05 0.007728053 0.0043632886 3.658887e-08
0.55752593 0.0008861731 0.0046806787 0.0012309186 0.00881103 0.013857294 0.0030318839 0.00082641584 0.027499612 0.21760125 0.0013147333 0.36441287 5.1059706e-05 0.13294438 0.0001663912 0.81837404 0.49522683 2.6277836e-15 0.11763955 0.00014005651 1.685303e-05 0.9330898 0.0073521696 0.88541704 0.00026738297 0.0005374691 0.062800184 0.30656517 0.65327966 0.025707388 0.035634603 0.21346094 0.043044876 0.0004668546 0.429224 0.14527994 0.004184997 0.1849998 0.21727934 6.6241664e-05 0.33084208 0.0013168018 0.009382987 0.17835943 0.044250295 4.2735846e-05 0.0857485 0.06386528 0.02029871 0.0001461635 0.00017981227 0.025835399 0.000739412 0.0016429677 0.05192792 0.007612058 0.053145733 0.032266144 0.0007046044 0.034734037 4.3987173e-05 0.01694659 0.0002633674 0.007765065 0.036585394 0.0046833153 0.0005489794 0.01492821 0.00024648642 0.0050778906 0.00014625299 0.031027434 0.0028210944 0.00026684243 0.00019100017 0.0039638937 0.0030065712 0.00021039031 0.00018548158 0.00011386764 0.0025213032 0.0018398303 7.207511e-05 0.0016579775 0.001442033 0.003710479 0.0013022671 0.024393965 0.00079464493 0.00011201144 9.433136e-05 0.0003664347 0.00013576554 0.0005644587 0.00013291252 0.00010951337 1.4771676e-07 0.00021176258 0.023540678 0.020434944 9.116215e-07
0.9413139 0.0006740334 0.0061902446 0.00064879766 0.031035677 0.008132792 0.00020545923 0.003145306 0.24794988 0.14670391 0.027695926 0.043198317 0.002225088 0.00010559395 2.690052e-05 0.028988408 0.96081203 0.11763955 1.0359775e-18 0.0030168383 6.9923076e-06 0.01862161 0.17762442 0.060341008 9.220636e-06 0.00025291732 0.00020610624 0.8549957 0.39125654 0.7347145 0.43015096 0.0017121693 0.47133645 0.008557532 0.012403481 0.0015701606 0.10408169 0.33629635 0.0052380487 0.00017808386 0.0014348817 0.0145951845 2.5757912e-05 0.025479732 0.000301 0.0015335473 0.042783145 0.0013376024 4.7754733e-05 7.9643005e-06 3.099424e-05 0.0011778604 1.4386648e-05 6.8092063e-06 0.075912885 0.3784668 0.037413087 0.08197845 3.4994011e-06 0.0859042 0.0037293911 0.003768826 0.00014663245 0.0004225766 0.049874958 2.4481851e-05 2.0864338e-06 0.005214409 3.6458632e-06 0.00028996452 3.4202145e-05 0.38507283 2.447026e-06 1.6906934e-06 6.4454537e-07 0.0003075913 8.313285e-06 1.0751344e-06 8.972501e-07 2.0594396e-06 5.0362003e-05 1.2171012e-06 8.151202e-06 1.0719183e-05 2.9330445e-06 0.18283416 2.7714214e-06 0.11736872 5.954715e-06 2.4985195e-07 4.5427126e-07 8.071748e-06 0.00101578 1.1716714e-07 0.006052389 1.3815409e-07 8.982595e-09 1.633238e-07 0.011677829 0.004645959 5.3471968e-08
0.48583484 0.000110354194 0.00019526033 5.941858e-05 0.0028757278 4.8867485e-05 1.3661946e-05 0.060511906 0.019841537 0.00094746513 0.23304398 0.00020904571 0.7122707 1.6464113e-06 0.5113937 3.164343e-05 0.0036469088 0.00014005651 0.0030168383 3.392605e-18 0.012092854 4.374448e-06 0.8360595 1.2519259e-05 2.5904834e-05 0.94055307 1.9646775e-06 0.00014509368 1.2333516e-05 0.068065524 0.0013809958 6.620184e-06 0.0010804037 0.8736675 2.3006917e-06 2.213989e-06 0.14404581 1.1510175e-05 9.3970675e-07 0.42718524 5.724199e-07 0.30043116 3.6015106e-05 1.2711904e-06 1.342922e-05 0.2386592 4.0278746e-06 7.5509e-07 1.5348018e-05 0.0006411227 0.054135203 5.8195013e-07 2.4968283e-05 2.3727694e-05 0.00014036578 0.019411672 2.5571653e-05 0.00016205259 3.233858e-07 0.00015845543 0.21396719 8.045733e-06 0.000109173634 7.015214e-07 2.9088807e-05 1.5954757e-07 4.7307515e-07 2.9117352e-06 0.0008391118 6.8835107e-07 0.005479571 0.0011450249 6.719808e-08 6.482078e-08 1.7888983e-08 1.5248322e-06 7.638061e-08 1.501146e-08 1.0958763e-08 1.2241018e-06 5.528536e-07 1.5291803e-08 0.0008218318 2.2408655e-07 2.0157982e-08 0.065066785 7.776057e-09 0.000389786 1.8091889e-07 1.5207998e-09 1.9168809e-08 2.5261599e-08 0.0091704 6.4912182e-09 0.024506947 5.663242e-09 8.840349e-09 1.0721573e-09 1.653482e-05 6.8165878e-06 3.3019165e-09
0.0019529415 0.0002775254 7.1911054e-06 1.1214958e-05 8.381412e-06 2.1595238e-06 1.809383e-06 0.009461666 5.44621e-05 1.1028638e-07 0.001018859 8.236182e-07 0.0023604657 5.886348e-07 0.97872514 7.896204e-06 8.392578e-06 1.685303e-05 6.9923076e-06 0.012092854 7.1566514e-19 2.7469017e-05 0.0007197205 1.6536853e-05 0.33465004 0.17334782 2.1182285e-07 3.0313558e-05 4.59006e-06 9.557825e-06 2.1789794e-05 3.9095794e-06 2.4919138e-05 0.001293906 1.392583e-06 3.4721024e-06 0.00017704951 3.4547702e-05 1.7527277e-06 0.004793138 0.00010345513 0.00010580522 1.5212859e-05 2.6151329e-06 0.000870386 0.0003645208 7.020884e-05 3.460011e-06 0.0021238166 0.16146752 0.006770879 3.9358415e-06 7.5122607e-06 0.00022871481 7.263271e-05 5.8270427e-05 2.1127147e-05 1.2573222e-05 1.6655008e-06 9.839055e-06 0.00068266876 2.1434797e-05 0.03203845 1.0714322e-06 7.792193e-06 4.4972023e-07 7.2170434e-07 7.1478453e-06 0.010802497 1.7988671e-06 0.0049726376 0.00070043147 9.253401e-07 7.861816e-07 7.645567e-08 1.4032169e-05 3.6382671e-06 5.8762186e-07 3.5620846e-07 8.601006e-06 1.0217103e-05 3.2433136e-06 0.0028738196 2.572352e-05 1.5117321e-05 0.0006200794 1.1729404e-05 0.00020168039 2.2429651e-05 2.1545259e-07 1.5430949e-06 2.9386163e-06 0.00021861448 3.7594257e-06 0.001546819 1.798319e-07 3.7666276e-10 2.4943532e-07 9.7836564e-05 6.485477e-05 4.0348884e-09
0.15645778 0.00012467295 0.00044679322 0.00037079706 0.00026383853 0.001426445 0.0025433428 7.785489e-05 0.003154629 0.010427296 5.3174004e-05 0.050423183 4.912183e-06 0.2509729 3.9711485e-05 0.65211344 0.11132186 0.9330898 0.01862161 4.374448e-06 2.7469017e-05 8.601749e-16 0.0010297513 0.87675774 5.132284e-05 7.8320634e-05 0.51767164 0.062455576 0.42192554 0.0020803164 0.002978616 0.7687796 0.003642515 6.143673e-06 0.55243903 0.6345461 9.421925e-05 0.070982575 0.27596217 1.0058232e-05 0.5808426 1.4241255e-05 0.33664325 0.13972038 0.35260698 1.7669125e-06 0.059349477 0.11735761 0.12582079 2.6679596e-05 1.5509902e-05 0.042509716 0.0071335044 0.0047311946 0.007055135 0.0016391771 0.012779445 0.006692388 0.00148193 0.006697209 3.9471065e-06 0.011859409 3.1701817e-05 0.00932652 0.00869137 0.0077626957 0.00076253753 0.012049073 5.8834295e-05 0.0058043925 9.2763024e-05 0.0060220184 0.0034072297 0.0003440473 0.000341533 0.0037579618 0.003029274 0.00021026535 0.0002467463 0.00024271752 0.0023418833 0.0021192492 1.2689684e-05 0.0014705124 0.0014814092 0.0007973086 0.0012499796 0.007297383 0.00096324313 8.9347865e-05 9.822802e-05 0.00083949 4.0571416e-05 0.00072346063 1.9172194e-06 0.0002981587 4.522388e-07 0.00028962683 0.00766973 0.0060409023 8.8312316e-07
0.83993024 0.0009753706 0.0016411239 0.00013812006 0.055380654 0.00038262818 0.00014341917 0.104588024 0.44991428 0.041104987 0.44025972 0.003354209 0.7388087 0.0003051522 0.1522133 0.002366703 0.10396522 0.0073521696 0.17762442 0.8360595 0.0007197205 0.0010297513 1.3171505e-15 0.0021341613 1.7138143e-05 0.0629273 0.00017016834 0.048374273 0.0021236516 0.64702034 0.07332003 0.00056977844 0.06542852 0.45847633 0.00033305114 0.0004897793 0.89260346 0.003175818 8.8206085e-05 0.06266376 0.00014803812 0.5022489 0.0010641858 9.8857956e-05 0.00026867382 0.116369896 0.00027305007 1.2623539e-05 0.00028509196 5.534191e-05 0.012676531 4.097876e-06 0.0009632881 0.00042745794 0.0022121468 0.13822164 0.00065035594 0.0037606615 5.1915513e-06 0.0034975866 0.048250757 2.7833446e-05 4.155862e-05 3.307566e-06 0.0010625997 4.9692784e-07 1.597078e-06 3.8248847e-05 0.0007361859 1.065203e-06 0.003413603 0.020242864 1.4611462e-07 1.1010767e-06 1.13357466e-07 1.674619e-06 1.5467243e-07 2.1097188e-07 1.7266248e-07 8.898866e-05 3.8193218e-07 6.36839e-08 0.00038597078 3.4935573e-07 1.0046823e-07 0.14030853 5.0903555e-08 0.006878754 1.9618567e-07 7.695046e-08 5.589375e-07 1.04907315e-07 0.009902176 4.0293457e-08 0.01973779 6.091638e-08 8.0546425e-07 1.8022549e-08 0.0001414532 8.082868e-05 7.847351e-07
0.6515086 0.00017269437 0.0012464889 0.00034657159 0.0017475347 0.004371012 0.0008269464 0.00014144093 0.005957132 0.027432237 0.00025582543 0.06290234 1.0113915e-05 0.03028061 3.5544395e-05 0.4299383 0.19036566 0.88541704 0.060341008 1.2519259e-05 1.6536853e-05 0.87675774 0.0021341613 1.4596444e-15 7.6375116e-05 6.523651e-05 0.053408246 0.28107306 0.81822234 0.010037454 0.017576156 0.49574128 0.020389792 3.7276535e-05 0.86079806 0.41940683 0.0006939935 0.30403122 0.560996 1.1765939e-05 0.59578073 0.00015971223 0.031190617 0.39107883 0.18982722 7.5756584e-06 0.1855077 0.20501843 0.042270273 8.4867024e-05 2.1706355e-05 0.087458126 0.0012478798 0.0026613516 0.054158043 0.0064997426 0.074421935 0.035308562 0.0009871556 0.042110436 2.1316948e-05 0.036578495 8.351129e-05 0.015932826 0.05331922 0.007744442 0.00080357614 0.032696486 5.963606e-05 0.011657271 0.00014086868 0.023709273 0.0032940211 0.0003571875 0.00047532847 0.006594916 0.004276194 0.0002768215 0.00026090647 0.00015391986 0.0038442758 0.0021361546 5.077321e-05 0.0028880239 0.0021271806 0.0010688972 0.0016901791 0.027052991 0.0021976281 7.4255164e-05 7.051153e-05 0.0016158702 7.714434e-05 0.00036581824 1.3083973e-05 0.00010360639 1.3965457e-07 0.00030773124 0.034876026 0.030362872 1.0964316e-06
4.0036975e-06 0.00026759342 2.913499e-06 1.8156679e-06 1.1266243e-05 5.0001063e-07 1.875277e-06 0.0006123815 4.717607e-06 7.193502e-07 0.00012545046 2.1206467e-06 0.00010245638 2.868562e-06 0.015041892 8.580123e-06 2.4408975e-05 0.00026738297 9.220636e-06 2.5904834e-05 0.33465004 5.132284e-05 1.7138143e-05 7.6375116e-05 5.0093546e-19 0.0002469172 2.1806714e-05 1.01460755e-05 1.641317e-05 7.2041155e-07 2.139302e-06 1.5863074e-05 2.948492e-06 3.924338e-06 1.2379578e-05 2.3247578e-05 2.3565788e-06 7.348682e-06 1.0582254e-05 1.201237e-05 0.00011576154 7.661672e-07 2.1138716e-05 3.4961156e-06 0.0002649631 1.660117e-06 7.1770805e-06 4.4244293e-06 0.00018368638 0.008981895 5.2858436e-06 1.1876209e-06 1.931979e-05 2.314895e-05 4.543707e-06 1.2758895e-06 3.960719e-06 5.475269e-07 4.1015046e-06 1.2983534e-06 8.350317e-07 2.7752671e-06 0.48467308 3.5558392e-07 1.1795031e-06 5.678689e-07 3.4767745e-06 8.781161e-07 0.00020816879 5.773629e-07 4.2533527e-05 1.1234602e-05 8.819936e-07 1.2172446e-05 6.921658e-07 2.3426771e-06 1.4388864e-06 8.524726e-06 8.041031e-06 1.3729958e-05 3.4107375e-06 9.217711e-07 0.00024022633 2.9706598e-06 3.1069515e-06 5.2379186e-05 2.0374348e-06 3.9942543e-06 3.4855393e-06 6.0078487e-06 1.4554138e-05 1.0601177e-06 2.9437004e-07 9.0136336e-07 2.0556151e-06 2.3037491e-07 2.7470886e-08 5.808168e-07 1.03343955e-05 1.5814421e-05 1.1701778e-08
0.14378636 0.00016033242 6.427039e-05 0.000101764505 0.0004224068 1.2596962e-05 2.3106031e-05 0.025966315 0.0038322618 0.000113837676 0.027666546 4.7690515e-05 0.20143273 6.541419e-07 0.74439013 3.4947672e-05 0.0008415609 0.0005374691 0.00025291732 0.94055307 0.17334782 7.8320634e-05 0.0629273 6.523651e-05 0.0002469172 7.4865574e-19 5.19651e-06 0.00012030306 1.3204637e-05 0.0074912575 9.02925e-05 3.782548e-05 8.143047e-05 0.21370131 4.7285484e-06 1.960669e-05 0.01875265 1.1023695e-05 2.2606164e-06 0.95411783 8.204366e-06 0.029415805 1.915802e-05 2.7196763e-06 6.387487e-05 0.068179265 3.3788547e-06 1.0066422e-06 5.5922486e-05 0.03579515 0.8449359 7.485853e-07 8.255516e-06 3.4094708e-05 9.788291e-06 0.0015950172 7.0953465e-06 2.6166961e-05 1.2747694e-06 3.7221263e-05 0.16274096 2.4932722e-06 0.001092065 4.2287087e-07 4.754957e-06 3.1486232e-07 3.060307e-07 3.839085e-07 0.016747879 5.065868e-07 0.06027872 0.00012715106 1.17423085e-07 7.518109e-08 1.5667522e-08 6.362675e-07 1.3824425e-07 2.6403786e-08 2.9982303e-08 2.2349012e-08 2.525217e-07 2.5956627e-08 0.020720579 1.5843267e-07 5.0651842e-08 0.014233481 2.175602e-08 0.00014224376 1.4317432e-07 2.3341724e-09 9.346913e-08 1.7030892e-08 0.013365485 3.631935e-09 0.034077987 3.8758077e-10 1.0183949e-09 7.315662e-10 6.2353533e-06 1.2816897e-06 8.411603e-11
0.00069064007 0.00028312812 0.00018410904 0.0002359876 1.42287245e-05 0.00049076084 0.008420234 4.6145074e-06 1.4785743e-05 0.00018678751 4.1091527e-05 0.006994716 2.1239277e-06 0.61068463 5.034092e-07 0.09038394 0.0020085333 0.062800184 0.00020610624 1.9646775e-06 2.1182285e-07 0.51767164 0.00017016834 0.053408246 2.1806714e-05 5.19651e-06 4.1366943e-19 0.00030608926 0.0062631387 2.0289934e-05 1.3675491e-05 0.25254974 1.9285586e-05 4.29231e-06 0.019593235 0.22242741 6.830475e-06 0.00061438 0.006575912 4.326608e-07 0.052914776 1.9395138e-06 0.92855924 0.0035718174 0.14125028 5.2916556e-07 0.0008041549 0.0054425783 0.23501302 5.445249e-07 6.422425e-07 0.0016163895 0.33025476 0.1273109 0.000106741594 7.2929586e-05 0.00014874512 6.0487906e-05 0.007143594 9.9316734e-05 2.410482e-07 0.00066876767 1.6104852e-06 0.00036220546 0.00037684682 0.00040674995 0.0003239675 0.0004507731 1.3516849e-07 0.00022736713 2.8840836e-07 0.001464887 0.00031564778 0.00014469378 7.033899e-05 0.00016445297 0.00026042573 0.00011146883 0.000105116094 0.12041809 0.00012456052 0.0002587581 7.792378e-08 6.970593e-05 7.956281e-05 0.0023379726 8.7110064e-05 0.0015178672 3.9449824e-05 7.154566e-05 0.000107676286 4.3266245e-05 4.3094647e-07 7.032175e-05 1.8271376e-08 9.135718e-07 6.307185e-07 1.0049698e-05 0.00112217 0.0005003865 1.5758574e-06
0.9476989 0.00018797621 0.0026350245 0.00059815263 0.025573326 0.010304626 0.00020135197 0.0007249359 0.21180215 0.24392812 0.008489476 0.10529156 0.0003638557 0.0008281713 5.2595173e-05 0.09108102 0.6458013 0.30656517 0.8549957 0.00014509368 3.0313558e-05 0.062455576 0.048374273 0.28107306 1.01460755e-05 0.00012030306 0.00030608926 1.2799266e-16 0.790662 0.48631677 0.68486637 0.013840448 0.73506624 0.00081956084 0.1378011 0.012653553 0.038910553 0.8787718 0.068806395 6.5685126e-05 0.011505956 0.005795877 0.00026449957 0.3008894 0.0024379545 0.00027628292 0.4972271 0.017355625 0.0010196376 1.4002171e-05 1.1643198e-05 0.008831514 6.244592e-05 8.573501e-05 0.5124709 0.22684914 0.30047396 0.29440227 2.9724126e-05 0.2323662 0.00022706397 0.023765722 0.00015219122 0.0023837336 0.19703668 0.00059352093 3.196539e-05 0.034853466 2.34654e-05 0.0014875641 0.00017494446 0.4186345 9.004064e-05 7.570362e-05 5.0377394e-06 0.0015597017 0.0002395407 5.1394643e-05 4.748516e-05 9.825449e-06 0.00062862935 3.36533e-05 7.5040305e-05 0.0002830825 0.000102246726 0.056176323 7.809069e-05 0.19544122 0.0002577476 7.6212643e-07 3.4552002e-06 0.00028200576 0.00015142723 2.1268079e-06 0.00012432816 1.3337038e-06 8.993366e-08 1.839703e-05 0.032946747 0.020998454 1.5992566e-07
0.8642482 0.0001610249 0.0026546393 0.000533566 0.0030749761 0.009458785 0.00044390938 0.000115779425 0.02461112 0.19767356 0.0009968387 0.15576993 1.4877767e-05 0.014666038 3.445741e-05 0.37921056 0.27294943 0.65327966 0.39125654 1.2333516e-05 4.59006e-06 0.42192554 0.0021236516 0.81822234 1.641317e-05 1.3204637e-05 0.0062631387 0.790662 1.8976946e-16 0.04269101 0.13723993 0.20826828 0.16658504 4.438645e-05 0.75304204 0.18050794 0.0031671221 0.85614353 0.65989274 1.33947615e-05 0.4709785 0.00085403374 0.0038379694 0.6630661 0.03922239 3.8492664e-05 0.5451823 0.1682557 0.012630929 5.4992994e-05 8.468491e-06 0.09099945 0.00027358494 0.00028782766 0.15907265 0.03271563 0.20121227 0.08225675 0.00022277325 0.08921491 2.2294955e-05 0.04082661 0.00014592658 0.012745817 0.113053836 0.0046304776 0.0003320958 0.0368423 1.6427217e-05 0.0068388605 0.00012742468 0.09140299 0.0011392091 0.000348569 0.0001370605 0.005117129 0.0016672611 0.0002914283 0.00025141003 2.1843722e-05 0.0021043108 0.0006355747 0.00017611927 0.0012573575 0.000904407 0.002619098 0.0007120593 0.057166304 0.00093352137 3.3938017e-05 2.0592579e-05 0.0017329648 2.408095e-05 4.7501053e-05 9.609327e-06 2.6111667e-05 3.749894e-08 0.00020023233 0.04584658 0.033289187 1.8216855e-07
0.9725083 4.0750023e-05 0.001639967 1.7706785e-05 0.12873541 0.0011678135 7.809266e-06 0.014735939 0.6699611 0.09785018 0.16840743 0.013014867 0.11504316 6.347823e-06 0.0033917704 0.005630485 0.18169369 0.025707388 0.7347145 0.068065524 9.557825e-06 0.0020803164 0.64702034 0.010037454 7.2041155e-07 0.0074912575 2.0289934e-05 0.48631677 0.04269101 5.1786846e-21 0.8191973 0.00096485484 0.8033838 0.05115453 0.0023316678 0.00034542693 0.5479305 0.060563948 0.0009882594 0.00631078 0.00036294496 0.07676702 6.8397014e-05 0.0025095728 0.00010173356 0.007987711 0.0079027675 0.00021527405 0.000121777695 1.6643974e-06 0.00071330275 0.00020333938 5.136145e-06 1.530366e-05 0.015519833 0.846922 0.010258552 0.022314623 6.2947547e-06 0.011781355 0.022143254 0.0002953172 3.7759673e-05 2.2912947e-05 0.0078066383 2.9502276e-06 2.0904827e-06 0.00036119032 2.0451822e-05 9.890647e-06 0.00016965742 0.40228897 7.068341e-07 5.7883744e-06 2.0115915e-07 4.19076e-06 1.4658295e-06 3.265794e-06 2.7821702e-06 8.307385e-07 2.3459793e-06 4.763801e-07 2.6693936e-06 5.438984e-07 3.122941e-07 0.34144714 2.7593018e-07 0.040611543 4.4742e-07 1.9041489e-06 3.969704e-06 1.288916e-07 0.004591173 3.5072127e-08 0.02764265 2.382891e-08 7.462473e-09 5.2254494e-09 0.0005559443 0.00038323237 4.571413e-09
