9.047808e-37 0.7988704 0.66325784 0.56407833 0.7915049 0.8508857 0.85849947 0.15348397 0.09096478 0.8918173 0.975036 0.9381393 0.9584256 0.39494362 0.5004657 0.14228345 0.23684207 0.399754 0.001630965 0.3018025 0.027600847 0.014515211 0.00046303135 0.008109707 0.010075049 0.7767916 0.073559225 0.26268914 0.0044767936 0.02728618 0.025415653 0.48783737 0.06980808 0.003772064 0.9913939 0.002306825 0.90078914 0.002053226 0.08885349 0.017916493 0.032746907 0.1622302 0.46671948 0.92455316 0.97725385 0.47463676 0.47271913 0.9943925 0.8932084 0.60720634 0.30799702 0.48402953 0.9413296 6.0892307e-05 0.00022002737 0.9821365 0.9685658 0.3412125 0.9959308 0.09511922 0.06638928 0.015814625 0.017422572 0.085604385 0.013556748 0.9143328 0.028198825 0.823199 0.05928489 0.44163552 0.0006874177 0.0031935456 0.001646574 0.1579368 0.020652039 0.9834404 0.00053419964 0.99577576 0.00087976624 0.9931577 0.019008031 0.70203346 0.00016586171 0.9245599 0.00025043034 0.23553222 0.00082438334 0.00049196096 0.0002105557 0.00057955616 0.99978656 0.02556258 0.00017531757 6.3472326e-05 0.006368008 0.014947861 0.007044382 0.0065012714 8.253367e-06 3.9814367e-05 0.0006110784
0.7988704 4.7769358e-18 0.42310664 0.90290713 0.15921181 0.62281555 0.1833599 0.3065269 0.3781651 0.026336513 0.028573789 0.7496761 0.6032625 0.012454763 0.006193888 0.016172823 0.19650601 0.014681262 0.14071429 0.0043110605 0.0392191 0.005817462 0.0077524344 0.00406116 0.009083468 0.000760959 0.0027292122 6.299196e-05 0.0128076915 0.00028261423 0.010217553 0.00022375738 1.9777532e-05 0.0012206502 0.48757625 0.0026615558 4.7412253e-05 0.00031263247 3.542142e-05 0.000488536 0.000118131895 0.01070089 1.5692176e-05 1.7729267e-06 0.0013497482 9.61817e-07 8.094932e-07 0.008461102 0.081005305 4.1469656e-07 2.2683819e-06 2.9753562e-07 0.08857383 4.7794918e-05 2.7422398e-05 0.05233506 2.6612788e-05 9.106018e-06 0.0030847995 5.387823e-07 3.1592526e-07 1.8198503e-05 8.1260005e-06 1.947409e-08 2.8729014e-06 0.04112714 3.5079117e-06 0.040565614 2.499604e-07 2.2018437e-06 8.5410866e-05 1.17883565e-05 9.187202e-06 2.635425e-06 7.4590736e-07 0.050314814 6.7678507e-06 0.0058381488 1.0330276e-05 0.014047026 4.8453935e-06 0.006567877 3.2744422e-06 8.6602705e-07 8.1464793e-07 5.4962527e-07 1.7275152e-06 1.3132333e-06 7.3253983e-07 1.181862e-06 0.00049926044 4.02505e-07 1.3554547e-06 1.0345956e-06 3.272355e-07 1.1918804e-06 4.254111e-07 7.953375e-05 1.5611027e-06 2.5245417e-06 1.2686937e-05
0.66325784 0.42310664 1.8219952e-18 0.122467585 0.8672498 0.7971826 0.48274058 0.2093578 0.037301946 0.06389114 0.360367 0.08622932 0.45663252 0.060411617 0.02507315 0.062467914 0.008377181 0.13307145 0.016336013 0.040901016 0.0075037307 0.028199363 0.0006347718 0.013167988 0.010204791 0.01256044 0.025594603 0.0052501364 0.0012229579 0.009947646 0.0014965975 0.00456073 0.0036357078 0.009277981 0.17483906 0.0002424813 0.0010802981 0.0039543593 0.001892365 0.006553902 0.0022082755 0.002357801 0.0003156999 9.002321e-05 0.013265659 1.06635425e-05 1.6427437e-05 0.023186408 0.017385682 4.583927e-06 3.0991378e-05 4.4323524e-06 0.020240134 0.00019534136 0.000102431484 0.045131084 0.00032014312 6.409491e-05 0.011332941 1.5680282e-05 5.0985377e-06 0.0002473754 1.9096966e-05 3.0062802e-07 4.556934e-06 0.017746879 6.3123025e-06 0.016768878 1.3517383e-06 1.3259847e-05 0.0007912944 4.3332977e-05 6.201217e-05 8.755896e-06 9.0236284e-07 0.024740105 7.093719e-05 0.008710895 3.1338936e-05 0.014401126 2.2035683e-06 0.00022327628 7.1742065e-06 5.288556e-06 5.5241276e-06 1.1717636e-06 1.600144e-06 1.2934667e-06 1.4923518e-06 9.4826635e-07 0.002053092 5.248859e-07 1.4471419e-06 1.4724762e-06 7.8687734e-08 9.4526507e-07 7.2333364e-08 2.6986752e-05 8.454644e-06 2.071601e-06 2.65158e-06
0.56407833 0.90290713 0.122467585 8.530473e-18 0.04131759 0.24799807 0.03778131 0.16302869 0.667265 0.0017196607 0.009751386 0.8909389 0.3224013 0.0013521601 0.00043152043 0.0021326435 0.749089 0.0013166764 0.26462966 0.00050394336 0.023363644 0.0010328828 0.021119863 0.0006559529 0.0026363882 7.006897e-05 0.0001488544 6.0470347e-06 0.05573753 3.101482e-05 0.046955626 6.705485e-05 3.6347644e-06 0.00012509145 0.33542308 0.006642401 8.9939585e-06 6.659073e-05 9.268287e-06 0.00013523547 2.195127e-05 0.028312985 7.739815e-06 9.516156e-07 0.00076182594 7.39132e-07 4.6134357e-07 0.009281798 0.09976636 5.9263004e-07 4.011215e-06 4.1002707e-07 0.084423855 4.3543256e-05 2.1569975e-05 0.04331462 5.013268e-06 1.4037041e-05 0.0039281035 2.0269076e-06 5.1514576e-07 1.691244e-05 2.1416754e-05 2.0603913e-07 6.3338234e-06 0.052209463 1.8541745e-05 0.044453986 1.9438512e-07 5.902723e-07 0.00012066017 1.0315362e-05 2.2146995e-05 1.6846208e-06 2.495087e-06 0.056577884 3.9214858e-05 0.0082449345 2.1599511e-05 0.014479338 7.145644e-06 0.014628768 1.2079182e-05 5.1856404e-07 5.7383854e-06 6.13919e-07 1.2832778e-05 9.899008e-06 6.611597e-06 8.440891e-06 0.00030849758 2.3906222e-07 9.0468375e-06 1.23973e-05 2.3033624e-07 3.5756239e-07 2.3414162e-07 0.00013026806 6.1117134e-06 9.665861e-06 4.6043857e-05
0.7915049 0.15921181 0.8672498 0.04131759 1.4314e-17 0.74000716 0.36196724 0.07716882 0.007366059 0.16207777 0.8017319 0.025778035 0.43347389 0.04214173 0.028686069 0.022940543 0.001990408 0.07781559 0.004553861 0.021156376 0.0028667669 0.0065372847 0.00013449375 0.0028084363 0.002221955 0.017475545 0.016134394 0.0053675044 0.000521068 0.0067497264 0.00079559354 0.009660443 0.0029765214 0.001894699 0.10958813 0.00015249455 0.0026754455 0.0015513514 0.0029115495 0.0040348605 0.0028572043 0.0012791744 0.0010088142 0.0005586548 0.072147466 8.186285e-05 5.7888414e-05 0.09377804 0.016702332 8.171302e-05 6.870146e-05 6.141252e-05 0.018662114 4.8269474e-05 5.35931e-05 0.069825456 0.001293782 0.00052809995 0.04004182 1.2653637e-05 8.1031785e-06 0.00045071487 0.00016982529 1.1057625e-06 2.8689028e-05 0.017160451 6.0798593e-05 0.010979501 1.2388329e-05 0.00012908014 0.0005256885 1.7199525e-05 1.0950527e-05 3.6908827e-05 3.1219358e-06 0.016555972 8.0665275e-05 0.019174764 7.999407e-06 0.015463993 7.0260908e-06 0.0001604854 2.6965952e-06 2.0157302e-05 1.8632156e-06 7.341957e-06 2.1882681e-06 1.6491093e-06 1.0257371e-06 1.1332822e-06 0.012449332 2.6338573e-06 1.2167856e-06 2.7641443e-06 1.321752e-06 2.0947696e-06 5.655487e-07 6.55734e-05 1.5051937e-05 1.1354139e-05 2.2044143e-05
0.8508857 0.62281555 0.7971826 0.24799807 0.74000716 1.767205e-18 0.43407795 0.16909061 0.049771044 0.062645726 0.2198004 0.25527987 0.8545838 0.04217593 0.021013994 0.025310803 0.01642892 0.064908355 0.01892669 0.016850458 0.008919058 0.0059585497 0.0007443451 0.0029368626 0.003206774 0.010486638 0.009892403 0.002345965 0.00284372 0.004120011 0.00343021 0.0036584248 0.001376178 0.0019895502 0.42213786 0.0005453632 0.0008670536 0.001205048 0.00089914765 0.0024987687 0.0013966749 0.0058452208 0.00023820486 7.4056654e-05 0.033370946 2.2244067e-05 1.5290647e-05 0.11274639 0.034457747 2.2176751e-05 1.2595039e-05 9.038835e-06 0.06110202 3.1486805e-05 1.9488427e-05 0.19869274 0.00040498667 4.5982248e-05 0.04454986 8.0736345e-06 4.97232e-06 5.9142123e-05 2.0541229e-05 2.077706e-07 1.5343709e-06 0.046928115 8.330134e-06 0.030195238 2.9130294e-06 4.130353e-05 0.00018437913 1.521571e-06 2.0215352e-06 2.0075537e-05 7.032979e-07 0.06407275 2.0872489e-05 0.030975105 5.095533e-06 0.045424644 1.4114353e-06 0.001966195 1.064e-06 1.19199685e-05 6.4644075e-07 5.004999e-06 6.5591036e-07 5.685029e-07 4.7562517e-07 4.6682362e-07 0.012719576 7.665495e-07 5.4987794e-07 9.3097754e-07 2.2123434e-07 1.654216e-06 1.0588754e-07 2.2867041e-05 7.528527e-06 2.5419602e-06 1.5621117e-05
0.85849947 0.1833599 0.48274058 0.03778131 0.36196724 0.43407795 2.7965513e-19 0.8070788 0.0716227 0.2576462 0.36495888 0.021389587 0.31245992 0.39748007 0.0948981 0.9102857 0.0046194308 0.62235105 0.009166663 0.12497246 0.033674873 0.2757905 0.0004990372 0.13147585 0.04223564 0.008636421 0.07233191 0.0050504203 0.00073034986 0.013448663 0.0007895505 0.004399337 0.0025915473 0.06728389 0.061789125 0.00023291951 0.0072257463 0.028503528 0.0041249306 0.044008814 0.003768231 0.0006582653 0.0005128945 0.00087109825 0.033635948 4.7432062e-05 0.00012977865 0.023357032 0.031094706 0.00016900276 0.000109828296 0.00043654087 0.031246603 0.0012465006 0.002050592 0.03888764 0.0017566159 0.0006097843 0.013176643 1.2150016e-05 3.4736224e-06 0.0005265864 0.00060643366 2.538105e-07 3.4712102e-05 0.024834681 0.00012669014 0.015045889 8.34219e-07 0.00010260599 0.00012321281 1.7834926e-05 3.992855e-05 7.376533e-05 5.767496e-06 0.020091383 1.7957123e-05 0.00800304 3.2029484e-06 0.007702378 2.8556611e-05 0.0010644979 4.0551477e-06 0.00033002655 2.4210003e-06 4.787667e-05 3.7444584e-06 1.8769446e-06 1.0009044e-06 2.135515e-06 0.0030153985 1.6863004e-06 6.719657e-07 5.0058173e-07 2.2936374e-06 1.9003845e-06 1.1960603e-06 3.6818263e-05 1.141704e-05 3.6923802e-06 1.4171237e-05
0.15348397 0.3065269 0.2093578 0.16302869 0.07716882 0.16909061 0.8070788 1.346766e-16 0.84010744 0.017234452 0.015045207 0.041800406 0.08371955 0.027391814 0.0026835988 0.4384744 0.11217218 0.1422877 0.3629087 0.007656064 0.8855029 0.42853045 0.010956138 0.3284189 0.41420427 0.00028388004 0.011984085 0.0002330637 0.004180522 0.0010664305 0.004045428 0.00044518523 0.00016087017 0.06152792 0.032050345 0.00089627056 0.00024184668 0.012442161 0.00019569116 0.0024318048 0.00018669774 0.0028709937 3.3212324e-05 0.00017575215 0.00094192626 5.476517e-05 3.326459e-05 0.0010207501 0.011565445 9.4604344e-05 6.382998e-05 0.00013324402 0.017731898 0.00019130678 0.00011527845 0.0050584315 0.0005476303 0.000270468 0.0006916746 9.136974e-05 3.4443383e-05 3.111463e-05 0.00011370649 1.2920151e-05 8.875631e-06 0.017927414 0.0002903345 0.005318286 1.6639999e-05 8.7092034e-05 7.2148728e-06 7.733254e-07 1.5963e-06 6.9761125e-05 8.951942e-06 0.0076388596 8.805002e-07 0.0010510602 1.3245773e-06 0.0014038045 0.00015105798 0.007681376 1.2118649e-06 0.00030636523 1.5600282e-06 0.00018170677 4.3478008e-06 2.3990237e-06 1.3609364e-06 4.8557604e-06 0.00017852633 1.6228729e-05 9.0981666e-07 1.9915346e-06 9.225292e-05 1.9213314e-05 2.6882823e-05 0.00079489127 1.2692335e-05 1.027541e-05 0.00014267811
0.09096478 0.3781651 0.037301946 0.667265 0.007366059 0.049771044 0.0716227 0.84010744 3.5378312e-18 0.000606384 0.0010416447 0.31134114 0.04711456 0.00045147477 0.00018871663 0.0026793946 0.8944398 0.0005828405 0.8206955 0.00028063616 0.41408852 0.0017118157 0.16347726 0.0020345915 0.015341794 1.4780062e-05 0.0003446609 2.4072717e-06 0.10183694 6.0057726e-05 0.06731757 5.8472393e-05 2.4406354e-06 0.00032893498 0.0571815 0.033774473 5.703174e-06 8.863555e-05 9.8029195e-06 5.8691447e-05 6.780724e-05 0.014276012 1.5890542e-05 6.227577e-07 0.0003867901 9.940144e-07 8.3643044e-07 0.0011210811 0.052927032 6.104604e-07 2.7655697e-05 5.160795e-07 0.07440377 4.4003814e-06 3.621716e-06 0.00887294 8.902418e-06 0.00013096863 0.00050055626 1.2407094e-05 4.5445e-06 1.5023212e-05 0.00026013778 3.2777305e-07 1.9783152e-05 0.045904744 0.00029102305 0.010638671 9.0960066e-07 7.6004726e-06 0.000120443685 1.9602157e-06 5.8413443e-06 5.6859476e-06 1.1333758e-05 0.028507799 2.0295276e-05 0.0017578637 6.2625527e-06 0.0026304612 4.6908222e-05 0.025903724 5.491995e-06 4.314293e-05 6.2688474e-07 5.6656256e-05 9.351255e-06 3.1348093e-06 9.139126e-07 7.992537e-06 0.00012447218 7.403691e-06 3.0627994e-06 1.1741223e-05 4.82788e-06 1.817034e-05 5.3020553e-06 0.0013530669 3.2489555e-05 2.903922e-05 0.0008734932
0.8918173 0.026336513 0.06389114 0.0017196607 0.16207777 0.062645726 0.2576462 0.017234452 0.000606384 6.4065946e-20 0.88866365 0.0031837188 0.022168571 0.42609814 0.9348291 0.04126167 0.0001054436 0.111282 0.0002877854 0.17578894 0.00023418553 0.009986391 5.481232e-06 0.0013916504 0.00045277027 0.30232558 0.0474402 0.11640894 4.0135296e-06 0.045642737 2.7217353e-05 0.1705522 0.062077023 0.0034065885 0.010767142 9.972081e-06 0.17969951 0.000749825 0.045788553 0.020218994 0.025392383 0.00014990303 0.092068076 0.019292174 0.08798368 0.023218997 0.004948978 0.0366166 0.00056321925 0.0039744447 0.016659848 0.0008757712 0.0008134835 2.7716265e-05 0.00010628845 0.014772137 0.008296872 0.040503524 0.023885632 0.0043003494 0.0015642779 0.012352697 0.0069775367 0.00019514082 0.002134657 0.0014520352 0.0023074707 9.677165e-05 0.00015649515 0.0014992689 0.00018456191 0.0013659394 0.0022412492 0.0003867975 0.0002561785 0.000872297 0.00017256646 0.0061423965 0.0011152503 0.0034302971 0.00014837478 3.2187876e-05 0.00010293796 0.0030474535 4.9221882e-05 0.00016437536 6.783026e-05 3.8525348e-05 2.5116256e-05 3.878158e-05 0.019434182 1.4819948e-05 1.27167605e-05 1.2889948e-05 1.04232195e-05 1.4870675e-05 1.0103417e-05 0.00022541448 2.449438e-06 1.8689256e-05 7.12346e-05
0.975036 0.028573789 0.360367 0.009751386 0.8017319 0.2198004 0.36495888 0.015045207 0.0010416447 0.88866365 2.6447446e-18 0.004163181 0.0847057 0.16591097 0.17489532 0.037129473 0.004136821 0.18071307 0.0006886595 0.12246506 0.00058849924 0.0050851596 5.778929e-05 0.001835815 0.0017216356 0.25162885 0.036564004 0.07931175 6.6233384e-05 0.032212436 0.00019767905 0.06768706 0.041534405 0.0017506471 0.05370203 2.370892e-05 0.0680438 0.0015730781 0.02318852 0.009645195 0.009840243 0.0010810216 0.017938497 0.0085999 0.30288872 0.004150266 0.003617795 0.22105162 0.011279488 0.002492017 0.0016382114 0.0010411387 0.02118479 0.0002960295 0.00022683303 0.11220778 0.0073651387 0.013532934 0.1635873 0.000582913 0.00034588084 0.003356684 0.0019506027 0.000118239645 0.0005482783 0.031283405 0.0012699098 0.0052011036 8.219141e-05 0.0010442676 0.0006971733 9.62631e-05 9.8064964e-05 0.00028775737 0.00020666346 0.031523027 0.0004087631 0.06316499 0.0003037475 0.052200217 0.00026533584 3.4461584e-05 4.1738786e-05 0.0011033114 1.5267347e-05 0.00016300289 1.5606629e-05 1.0787553e-05 9.975495e-06 1.0115468e-05 0.06528851 2.4704968e-05 1.9368143e-05 3.646818e-05 1.7798562e-05 1.0877159e-05 1.0812808e-05 0.00032224288 1.2876175e-05 2.235446e-05 3.049199e-05
0.9381393 0.7496761 0.08622932 0.8909389 0.025778035 0.25527987 0.021389587 0.041800406 0.31134114 0.0031837188 0.004163181 1.6485388e-15 0.5646566 0.0017534385 0.0009533989 0.0008297053 0.87780267 0.0010734107 0.1021231 0.0006232156 0.010407516 0.0007287045 0.0047824467 0.00036015103 0.001620652 0.0001265765 0.0006002077 1.1389625e-05 0.029410118 0.00023770287 0.04788377 0.00022423161 6.0546863e-06 0.00037015596 0.78283596 0.0023681084 7.248588e-05 0.00023297106 3.1218988e-05 0.0002784326 0.00022861602 0.047229268 3.7789425e-05 7.973709e-06 0.011581173 6.085872e-06 2.6312262e-06 0.06616508 0.21619965 2.8358643e-06 1.0531993e-05 1.0102708e-06 0.23395962 5.4560867e-05 0.00013067643 0.29487073 0.00020707637 3.444184e-05 0.04200061 3.8984213e-06 1.3319726e-06 2.5931875e-05 5.5501427e-05 3.5319414e-07 8.309591e-06 0.12281225 2.4503057e-05 0.0833758 1.1464705e-06 2.0735836e-06 0.00019422846 7.743449e-06 1.6263031e-05 2.2345328e-06 2.2501606e-06 0.14650619 5.7224413e-05 0.077222385 2.4760988e-05 0.08992334 9.199064e-06 0.019928757 5.9046683e-06 3.2938385e-06 2.2485603e-06 1.1760424e-06 6.51372e-06 2.8065808e-06 2.3656985e-06 3.77509e-06 0.0037565448 3.6285388e-07 2.4545498e-06 3.5809387e-06 6.745789e-07 4.6079393e-07 2.4546563e-07 7.924505e-05 1.2854189e-05 2.505125e-06 2.4876777e-05
0.9584256 0.6032625 0.45663252 0.3224013 0.43347389 0.8545838 0.31245992 0.08371955 0.04711456 0.022168571 0.0847057 0.5646566 7.399143e-18 0.03370714 0.018797064 0.014021688 0.04602086 0.022172933 0.01540812 0.008849325 0.007549209 0.003465553 0.0012581073 0.0018340537 0.0020630844 0.010212856 0.005847027 0.0020602932 0.0044888384 0.002390853 0.006548688 0.0029783857 0.0010411745 0.0010028736 0.686327 0.0006524327 0.0013702776 0.00052205764 0.00093945145 0.0006228216 0.0013304745 0.009773261 0.0006119407 0.00019079281 0.043430127 4.3249333e-05 1.7200346e-05 0.25390965 0.045915384 3.6861722e-05 2.004422e-05 2.0225909e-05 0.12424391 1.9880461e-05 5.2167066e-05 0.5518925 0.0006793666 0.00019384485 0.09833155 1.636027e-05 1.1609403e-05 7.111093e-05 2.6604872e-05 1.1121281e-06 1.0180338e-05 0.10891808 2.0728256e-05 0.04829409 9.434194e-06 7.78091e-05 7.283957e-05 4.6349633e-06 2.5597017e-06 2.805913e-05 3.8096834e-06 0.1581516 2.461426e-05 0.12622048 5.9033955e-06 0.17076422 1.0227436e-05 0.00487355 3.497239e-06 6.94993e-05 3.6735614e-06 1.6174665e-05 3.0280316e-06 2.3994835e-06 3.4048546e-06 2.6430791e-06 0.017860612 7.2390196e-07 4.6973605e-06 2.782141e-06 1.2672397e-06 3.1702768e-06 2.8757427e-07 2.1288382e-05 5.6755134e-06 4.738073e-06 5.3719952e-05
0.39494362 0.012454763 0.060411617 0.0013521601 0.04214173 0.04217593 0.39748007 0.027391814 0.00045147477 0.42609814 0.16591097 0.0017534385 0.03370714 3.016405e-21 0.9263858 0.18249094 0.00033193274 0.7656457 0.0017661236 0.8692191 0.00066790683 0.05165214 2.5534076e-05 0.011607799 0.0019304191 0.05515533 0.20109504 0.046014648 5.772721e-05 0.084316105 0.00012224755 0.018447736 0.023230165 0.019004622 0.0050068297 2.8379842e-05 0.008677824 0.012833954 0.017944047 0.13542815 0.022967795 4.865265e-05 0.0025362903 0.001890415 0.023379553 0.00013499451 0.00020133796 0.010234654 0.0025654605 0.00023661905 0.0004123682 0.0005558597 0.0041721277 0.0012748011 0.0061134715 0.0038483893 0.0047801374 0.0022853569 0.0049090553 0.00021525289 0.000100143996 0.012976794 0.001307377 1.5469355e-05 0.0005741364 0.0030314152 0.00022246965 0.00073227764 3.4803823e-05 0.0007178481 0.0020565782 0.0011065592 0.0027507553 0.00013766688 5.2306605e-05 0.0018990559 0.0009611198 0.0011686212 0.002833038 0.0010214932 4.3424156e-05 7.6991026e-05 0.0002543083 0.00095602096 0.00013798273 0.00020585992 3.567674e-05 3.2211705e-05 4.555233e-05 1.9227024e-05 0.0026338147 1.7240476e-06 2.002519e-05 2.0770205e-05 7.949358e-06 2.4995097e-06 2.3915127e-06 5.7478203e-05 3.2713007e-05 2.3978719e-05 1.897879e-05
0.5004657 0.006193888 0.02507315 0.00043152043 0.028686069 0.021013994 0.0948981 0.0026835988 0.00018871663 0.9348291 0.17489532 0.0009533989 0.018797064 0.9263858 2.5922134e-20 0.032224942 9.136833e-05 0.17121364 0.00033722716 0.76804435 0.0002137997 0.007978859 8.158363e-06 0.0016283471 0.0004715712 0.37182105 0.13670747 0.26567963 1.092172e-05 0.19111449 1.8321654e-05 0.049391385 0.12296799 0.0048037935 0.0022344561 7.662597e-06 0.023444168 0.0022431333 0.0400399 0.060493626 0.061675373 2.9770878e-05 0.0071219043 0.0038743473 0.06248802 0.00039895606 0.00039811936 0.008751237 0.0007676996 0.000517071 0.00083296094 0.0006032287 0.0012912169 8.865585e-05 0.00063063187 0.0023295742 0.010302994 0.0030924417 0.0036823112 0.0003109388 0.00017016851 0.019716436 0.0018803711 3.4035907e-05 0.00059246767 0.00080835196 0.00032879322 0.000127884 5.078755e-05 0.00087054016 0.0006408504 0.0016084877 0.0058236625 0.00052158465 4.0753603e-05 0.000494555 0.00038797045 0.0006892959 0.00389847 0.00051980885 3.8995575e-05 1.8947847e-05 0.0006911465 0.0018339296 0.00013955918 0.0005313817 2.2384178e-05 1.8838442e-05 2.8470926e-05 1.2298889e-05 0.00261973 6.697492e-06 1.9902578e-05 2.4899255e-05 6.9218077e-06 4.331416e-06 2.567606e-06 6.0655486e-05 2.8031889e-06 8.913242e-06 4.0339157e-05
0.14228345 0.016172823 0.062467914 0.0021326435 0.022940543 0.025310803 0.9102857 0.4384744 0.0026793946 0.04126167 0.037129473 0.0008297053 0.014021688 0.18249094 0.032224942 7.125675e-20 0.00012881291 0.9167264 0.0020409862 0.18981594 0.02116147 0.6671096 1.3919478e-05 0.38439164 0.10252417 0.001697704 0.12890778 0.001156886 2.6490763e-05 0.016382296 6.0969473e-05 0.0034457808 0.0008237016 0.17506664 0.004063818 2.2920512e-05 0.00058847736 0.08787862 0.0017111343 0.16809706 0.00451024 2.3538162e-06 0.000107491396 6.6843895e-05 0.002669333 1.2370385e-05 1.1329153e-05 0.0012598163 0.0012777684 6.9482426e-06 2.9312312e-05 1.7763396e-05 0.0015623583 0.0025057395 0.005789264 0.0024638902 2.9861983e-05 0.00019335117 0.0009723583 3.6193892e-06 7.8014835e-07 0.00035669238 0.00020553231 4.5819426e-08 2.2813978e-05 0.0012012977 2.1850723e-05 0.0014064679 5.0369204e-07 1.4174401e-05 0.00035468087 5.257145e-05 0.00016845005 1.2622047e-05 4.342515e-07 0.0013520988 0.00013081834 0.00094653846 4.604882e-05 0.0006883148 7.236483e-06 9.5618234e-05 1.0279183e-05 6.852423e-06 1.8464974e-06 2.3768814e-06 3.7012862e-06 1.1760627e-06 1.8028292e-06 1.7812649e-06 0.00065867975 2.823444e-07 2.6192415e-06 1.8191344e-06 8.16475e-07 1.2544507e-06 2.9958966e-07 8.6135315e-06 2.3484294e-05 4.471293e-06 4.7466524e-06
0.23684207 0.19650601 0.008377181 0.749089 0.001990408 0.01642892 0.0046194308 0.11217218 0.8944398 0.0001054436 0.004136821 0.87780267 0.04602086 0.00033193274 9.136833e-05 0.00012881291 1.486402e-15 0.0007620814 0.7140136 0.00033512848 0.10923397 0.0009066544 0.19905737 0.0006662271 0.007967473 6.223421e-05 0.0008290006 7.677337e-06 0.6540511 0.0001457911 0.87201536 9.365075e-05 5.764571e-06 0.00018088568 0.3956354 0.4176946 1.0477695e-05 9.957991e-05 9.477551e-06 0.00092440605 0.00012204022 0.4488465 4.0619965e-05 1.106329e-06 0.0011221957 1.7127838e-06 1.5336087e-06 0.008817284 0.45854193 1.0714423e-06 3.5783853e-06 3.206636e-07 0.135849 7.118404e-06 3.267442e-06 0.030989913 5.6733647e-06 7.6903256e-05 0.004180057 1.097564e-05 2.3542202e-06 0.000687223 7.0823226e-05 9.158958e-07 6.6901644e-06 0.12676992 8.725165e-05 0.080490485 1.4956601e-06 1.3377636e-06 0.00019935699 1.7579701e-05 5.541923e-05 3.9784945e-07 8.951336e-06 0.09386739 0.000112755464 0.008731355 3.6414593e-05 0.02593957 0.0004316882 0.111731075 2.8745226e-05 2.6384328e-06 1.4619282e-05 1.5206136e-06 5.1200088e-05 3.5634916e-05 1.4644468e-05 3.0799856e-05 0.00012294532 5.8005044e-06 7.963374e-06 7.800944e-06 3.1572363e-06 1.358971e-05 2.1869537e-06 0.0010220277 1.6896736e-05 7.8442135e-06 9.8999284e-05
0.399754 0.014681262 0.13307145 0.0013166764 0.07781559 0.064908355 0.62235105 0.1422877 0.0005828405 0.111282 0.18071307 0.0010734107 0.022172933 0.7656457 0.17121364 0.9167264 0.0007620814 3.616327e-20 0.00060276 0.8601648 0.0037977116 0.5893122 7.752375e-06 0.2899791 0.045809068 0.02100371 0.76322484 0.024435643 1.3016729e-05 0.17573717 5.246547e-05 0.024378214 0.018749498 0.19823067 0.0040629013 1.618042e-05 0.006137504 0.16140018 0.02759773 0.5251821 0.06438578 2.0586206e-06 0.0032856958 0.000490501 0.0075224345 0.00024479715 0.000115394156 0.0023572443 0.0026077242 6.738582e-05 0.00056827825 0.000103474864 0.002180598 0.010501245 0.03176219 0.0027867605 0.00031017856 0.004370332 0.0012553908 3.464394e-05 9.526349e-06 0.012292041 0.0020297067 9.0924163e-07 0.00094549096 0.0017517152 0.00014346497 0.0009819388 3.7249972e-06 3.2906813e-05 0.0063097663 0.002505775 0.003839802 6.0051425e-05 8.382939e-06 0.0011997744 0.0031696588 0.001405229 0.004168892 0.0010851403 1.1126188e-05 3.3217104e-05 0.00041409236 4.387699e-05 0.00022862953 8.451967e-06 8.077836e-05 5.7699363e-05 9.521457e-05 4.066194e-05 0.0009005992 7.0292646e-07 0.00014127552 9.395357e-05 3.8255794e-06 2.3859136e-06 1.9054876e-06 2.78014e-05 0.0001393868 4.339439e-05 1.6926948e-05
0.001630965 0.14071429 0.016336013 0.26462966 0.004553861 0.01892669 0.009166663 0.3629087 0.8206955 0.0002877854 0.0006886595 0.1021231 0.01540812 0.0017661236 0.00033722716 0.0020409862 0.7140136 0.00060276 2.1457754e-21 0.0007442904 0.63148826 0.00028202755 0.8705068 0.0002159561 0.0050570327 9.289573e-05 0.00040144948 1.3910453e-05 0.18022728 0.00022790527 0.13713808 0.0002690102 1.6990425e-05 1.7407463e-05 0.034088876 0.22654043 0.00017610934 2.1850057e-05 0.00018162205 3.5190078e-05 0.00056691497 0.0334363 0.0002062598 0.00011823953 0.00015683402 0.00021222515 9.405693e-05 0.0005356331 0.123863526 9.1968315e-05 0.00020328042 5.472612e-05 0.1557015 1.5460962e-05 3.8466806e-06 0.0046348223 0.00012970787 0.0005662495 0.00042224486 0.00010004539 4.517392e-05 0.00010613205 0.0008309845 5.462894e-06 0.0001661359 0.12922175 0.0004923613 0.037060715 2.043408e-05 7.757349e-05 7.248249e-05 1.8369927e-05 2.0599868e-05 0.00024060924 8.118916e-05 0.07647435 4.4057244e-05 0.0012628471 4.955046e-06 0.0022089372 0.0007064035 0.039328594 2.4689882e-06 6.6111155e-05 1.1908215e-06 0.00036882577 5.589196e-06 3.0025683e-06 9.563793e-07 4.8357133e-06 3.864804e-05 8.978447e-06 1.7192972e-06 2.7625576e-06 1.3323556e-05 4.5595075e-06 1.7399639e-06 0.0006317816 1.1359366e-06 8.294829e-07 7.234403e-05
0.3018025 0.0043110605 0.040901016 0.00050394336 0.021156376 0.016850458 0.12497246 0.007656064 0.00028063616 0.17578894 0.12246506 0.0006232156 0.008849325 0.8692191 0.76804435 0.18981594 0.00033512848 0.8601648 0.0007442904 1.3961829e-19 0.00072573096 0.10769884 1.2083445e-05 0.029590292 0.0033217294 0.15110537 0.8272875 0.21115752 9.594539e-06 0.66112643 4.8757855e-05 0.092129566 0.15432575 0.060550403 0.00081667135 1.3923939e-05 0.015238672 0.038533945 0.11627097 0.47686273 0.18068449 5.739961e-06 0.009248986 0.0026421533 0.017153334 0.0003873139 0.00048253 0.0015256971 0.00038498154 0.00028741895 0.0008518115 0.00041979126 0.0005261346 0.0039615235 0.023844702 0.00082563004 0.0038763667 0.011531947 0.00078963256 0.000431575 0.00019037878 0.061470937 0.0080603035 1.1041666e-05 0.0044574607 0.00034310625 0.0013520705 0.000107534266 2.6553947e-05 0.00044372337 0.00670861 0.00890413 0.01975955 0.000108086795 0.00016931137 0.00019442156 0.0066415076 0.00034009982 0.02361773 0.00036035923 3.3501932e-05 2.150193e-05 0.0030782637 0.0004788932 0.0008537479 8.131159e-05 0.0003766517 0.00028916314 0.00023848284 0.0001517813 0.0009706669 2.682186e-06 0.00020438223 0.0002994156 9.324078e-06 5.914418e-06 4.293452e-06 6.797881e-05 8.8780645e-05 6.0795926e-05 1.8168537e-05
0.027600847 0.0392191 0.0075037307 0.023363644 0.0028667669 0.008919058 0.033674873 0.8855029 0.41408852 0.00023418553 0.00058849924 0.010407516 0.007549209 0.00066790683 0.0002137997 0.02116147 0.10923397 0.0037977116 0.63148826 0.00072573096 1.633694e-17 0.040328585 0.06647742 0.07200588 0.9614839 1.3313649e-05 0.0024338474 5.109129e-06 0.017718324 0.00018398356 0.019520404 0.0001326642 6.9023613e-06 0.009522939 0.010912539 0.010577694 0.00016122466 0.012131053 5.987918e-05 0.0012964128 0.00013960137 0.011213714 0.00019315156 4.392449e-06 2.0495108e-05 2.1987054e-05 2.0089863e-05 0.00033934446 0.04035661 6.165978e-06 0.0003688057 2.1257161e-05 0.024648672 0.0008051437 0.0004412707 0.0018016289 1.3746283e-05 0.0021525547 0.0007247271 3.698017e-05 2.3028528e-05 0.00032038928 0.00015671157 1.0187359e-05 2.9175544e-05 0.030907074 0.0004968924 0.05702593 2.1474492e-05 3.688567e-05 4.0840558e-05 5.1907646e-06 7.201152e-06 0.00053898536 0.000112222195 0.022977373 1.1573962e-05 0.0006352441 4.464582e-06 0.0012019384 0.0025414284 0.114093274 1.6522515e-06 0.00018668566 2.5434538e-06 0.00072903157 2.450154e-05 1.0717935e-05 2.8216634e-06 1.4715365e-05 0.00030353642 4.944538e-06 1.8783377e-06 6.801577e-07 1.3009618e-05 1.3258203e-05 8.436763e-06 0.0006213127 2.4998137e-05 2.7392223e-06 0.00013786685
0.014515211 0.005817462 0.028199363 0.0010328828 0.0065372847 0.0059585497 0.2757905 0.42853045 0.0017118157 0.009986391 0.0050851596 0.0007287045 0.003465553 0.05165214 0.007978859 0.6671096 0.0009066544 0.5893122 0.00028202755 0.10769884 0.040328585 6.2148897e-19 1.4818605e-05 0.86103624 0.55228794 0.0018263861 0.23558581 0.0013541222 3.1762975e-05 0.018791782 0.00026845356 0.007116938 0.0009932957 0.39320984 0.0034040066 4.030674e-05 0.0003864675 0.2669335 0.0061312537 0.20601566 0.009277307 3.4376833e-05 0.0005919765 9.971867e-05 0.0011977063 0.00031482888 0.00023310751 0.0025349474 0.0034037593 0.00014098144 0.00035227244 0.00015813479 0.0057454277 0.0075119035 0.011682634 0.0039771767 9.749085e-05 0.00056582416 0.001837012 0.00014754198 6.562545e-05 0.00057392067 0.001234254 4.12582e-06 0.00038593213 0.0056921192 0.00029303718 0.0024144729 1.9613479e-05 2.108349e-05 0.00032562655 8.1438004e-05 7.8399324e-05 6.284597e-05 3.4316334e-05 0.0034878186 0.00015335328 0.0026507685 2.8244218e-05 0.0016920927 5.758552e-05 0.0005470452 9.2635855e-06 1.21239145e-05 2.6296307e-06 1.1493819e-05 2.054791e-05 6.2106947e-06 3.0475726e-06 7.5689572e-06 0.0011620431 6.59903e-06 2.8136503e-06 3.0953934e-06 3.5251896e-06 4.216348e-06 1.8322171e-06 9.311393e-05 1.7409639e-05 6.361525e-06 3.3273413e-05
0.00046303135 0.0077524344 0.0006347718 0.021119863 0.00013449375 0.0007443451 0.0004990372 0.010956138 0.16347726 5.481232e-06 5.778929e-05 0.0047824467 0.0012581073 2.5534076e-05 8.158363e-06 1.3919478e-05 0.19905737 7.752375e-06 0.8705068 1.2083445e-05 0.06647742 1.4818605e-05 1.36333e-20 7.799137e-06 0.00072759733 3.1667896e-06 7.179196e-06 4.4594225e-07 0.105598114 4.618113e-06 0.07143979 1.0139072e-05 7.168219e-07 3.0593894e-06 0.01015724 0.58772457 8.108513e-06 6.090389e-06 6.268629e-06 1.19816605e-05 3.3975684e-05 0.01956499 6.9989264e-06 3.6885335e-06 4.8515227e-05 5.061775e-06 5.3055146e-06 0.0006368688 0.08520257 1.7132119e-06 9.562604e-06 2.507869e-06 0.06867371 1.6150703e-06 3.735048e-07 0.003704357 2.7796004e-06 4.1219773e-06 0.00051390356 4.253873e-06 8.7445903e-07 4.307043e-06 1.378973e-05 1.7820744e-07 5.528976e-06 0.0827505 7.6146857e-06 0.050636347 2.477001e-07 9.8138e-06 8.688601e-06 6.1755145e-07 9.80631e-07 6.797917e-06 2.9569594e-06 0.054080807 5.5640726e-06 0.002084129 1.1893982e-06 0.0027183073 1.5287731e-05 0.03089625 2.3815882e-07 1.2197366e-06 1.14013396e-07 3.5025696e-06 1.4031954e-07 1.9020227e-07 1.9871909e-07 1.6820802e-07 7.9922815e-05 4.7548436e-08 3.8887723e-07 3.6792636e-07 8.027614e-08 7.28355e-08 5.546425e-08 7.32271e-05 3.660885e-07 6.7746464e-07 7.397636e-06
0.008109707 0.00406116 0.013167988 0.0006559529 0.0028084363 0.0029368626 0.13147585 0.3284189 0.0020345915 0.0013916504 0.001835815 0.00036015103 0.0018340537 0.011607799 0.0016283471 0.38439164 0.0006662271 0.2899791 0.0002159561 0.029590292 0.07200588 0.86103624 7.799137e-06 1.7284142e-20 0.74029815 0.00012544496 0.078202374 0.00012459129 1.5598891e-05 0.0038251837 0.000103134975 0.00099249 0.0001136098 0.25645116 0.0015325869 2.8233313e-05 3.919146e-05 0.1601945 0.0008715752 0.094189435 0.0014940436 4.538902e-05 4.5859146e-05 6.06155e-06 0.00010772826 4.1841333e-05 2.4422176e-05 0.0005330284 0.0014338298 1.43431125e-05 5.4236167e-05 2.3544817e-05 0.003652859 0.0070164064 0.0078011355 0.0016098482 2.765436e-06 5.9384474e-05 0.00054221554 1.943047e-05 6.141552e-06 0.00020646291 0.0003793706 8.114557e-07 0.00012336978 0.0031643973 7.01567e-05 0.001940253 3.770373e-06 3.3853505e-06 0.00017652924 1.7954095e-05 3.0168927e-05 1.0773324e-05 3.5835901e-06 0.0031069398 8.347833e-05 0.0015209422 9.804416e-06 0.0009164433 1.7459986e-05 0.0015970019 2.797906e-06 3.5106976e-07 1.0255991e-06 1.9525735e-06 3.768662e-06 1.4429787e-06 8.874323e-07 1.7434768e-06 0.00032957838 5.7938064e-07 1.2233002e-06 1.0566284e-06 9.4672384e-07 9.59083e-07 3.7148283e-07 3.1727828e-05 8.9232435e-06 2.5052611e-06 1.951841e-05
0.010075049 0.009083468 0.010204791 0.0026363882 0.002221955 0.003206774 0.04223564 0.41420427 0.015341794 0.00045277027 0.0017216356 0.001620652 0.0020630844 0.0019304191 0.0004715712 0.10252417 0.007967473 0.045809068 0.0050570327 0.0033217294 0.9614839 0.55228794 0.00072759733 0.74029815 1.2676791e-20 1.425763e-05 0.02007002 1.646949e-05 0.00077998923 0.000506855 0.0019210868 0.00020334906 1.1511886e-05 0.25247568 0.004570963 0.0004247669 4.4206612e-05 0.24850482 0.0001286689 0.07700865 0.0009154545 0.00044357736 2.144185e-05 1.9672563e-05 7.542552e-05 6.620832e-05 3.6733563e-05 0.00015399004 0.0051350016 2.0111775e-05 8.1350445e-05 4.914149e-05 0.007426292 0.028037013 0.016331745 0.0011463776 1.1857168e-05 9.3613075e-05 0.00015333646 2.0868469e-05 1.007878e-05 0.00016002645 0.00020882454 8.216582e-06 4.543549e-05 0.011348355 0.00020513832 0.0056561534 1.1816023e-05 5.1773463e-06 0.00011175675 2.1707897e-06 3.6190713e-06 2.2381359e-05 1.720394e-05 0.009035285 1.1955797e-05 0.00039042966 2.2450206e-06 0.00054979674 0.0010974364 0.04260114 7.333395e-07 2.4297586e-05 7.128155e-07 0.00011101593 9.663272e-06 3.0250299e-06 7.640688e-07 5.8367004e-06 0.0002281086 1.4197162e-06 7.578588e-07 3.6211168e-07 2.9272016e-06 2.857245e-06 1.3164457e-06 0.00059304823 0.00011232991 3.7695713e-06 8.2486506e-05
0.7767916 0.000760959 0.01256044 7.006897e-05 0.017475545 0.010486638 0.008636421 0.00028388004 1.4780062e-05 0.30232558 0.25162885 0.0001265765 0.010212856 0.05515533 0.37182105 0.001697704 6.223421e-05 0.02100371 9.289573e-05 0.15110537 1.3313649e-05 0.0018263861 3.1667896e-06 0.00012544496 1.425763e-05 4.6855908e-20 0.039253026 0.9014734 2.5638767e-06 0.09336397 4.327985e-06 0.9037205 0.45161235 0.0003302961 0.0007060199 5.1436054e-06 0.33602244 0.00018666872 0.16907007 0.046882976 0.07789415 2.3521185e-05 0.24807878 0.028815383 0.18613297 0.0146330865 0.010562452 0.0044145514 0.00033295903 0.006664228 0.027518876 0.004884743 0.00023698014 6.565083e-06 5.2770774e-05 0.00070245436 0.04329159 0.101887405 0.002722274 0.004492922 0.0017351807 0.12150311 0.02190708 0.0006854531 0.014112397 0.00021434028 0.004566597 5.8400892e-05 0.0005879081 0.004008932 0.00053164776 0.02262174 0.028277325 0.002375095 0.00096821185 8.40992e-05 0.0010994525 0.0004462677 0.01709853 0.00017734728 0.00056658447 2.273891e-05 0.002859602 0.0062060743 0.0021742042 0.0018058174 0.001669472 0.0011519846 0.0007607079 0.0007781418 0.005950824 6.842637e-05 0.00042742022 0.0002975284 5.3901666e-05 2.968843e-05 2.1170208e-05 0.0003335928 1.081122e-05 2.5166151e-05 0.000112516456
0.073559225 0.0027292122 0.025594603 0.0001488544 0.016134394 0.009892403 0.07233191 0.011984085 0.0003446609 0.0474402 0.036564004 0.0006002077 0.005847027 0.20109504 0.13670747 0.12890778 0.0008290006 0.76322484 0.00040144948 0.8272875 0.0024338474 0.23558581 7.179196e-06 0.078202374 0.02007002 0.039253026 1.7642338e-19 0.07648534 1.161587e-05 0.8895601 8.137264e-05 0.062102545 0.100077964 0.23013438 0.00082540757 1.4771353e-05 0.0044692853 0.1970304 0.1139223 0.8022175 0.39344463 1.06725565e-05 0.006148325 0.00036045667 0.0037728786 0.0006066536 0.00028747378 0.0008851523 0.00065642915 0.0001469358 0.00078895665 0.0002420165 0.0007971193 0.027628103 0.0970483 0.0009826771 0.0010591244 0.014648095 0.0008530333 0.00019919015 5.8203226e-05 0.064049885 0.009302935 3.7272646e-06 0.0073730135 0.00034746312 0.0006173027 9.6757634e-05 1.1545123e-05 0.00025489638 0.016146615 0.014488938 0.032447655 0.00010605739 5.6537345e-05 0.00029206628 0.018654378 0.00056935445 0.037405774 0.00037434322 3.2653534e-05 9.50995e-05 0.004385637 0.00021296638 0.00157395 0.00012946082 0.00012212206 0.00023629704 0.00045095605 0.000105214276 0.00058860733 2.0330212e-06 0.00069386873 0.0006911764 3.2061973e-06 4.909486e-06 1.8773061e-06 0.0003330238 0.0035521996 0.0007656834 8.54556e-05
0.26268914 6.299196e-05 0.0052501364 6.0470347e-06 0.0053675044 0.002345965 0.0050504203 0.0002330637 2.4072717e-06 0.11640894 0.07931175 1.1389625e-05 0.0020602932 0.046014648 0.26567963 0.001156886 7.677337e-06 0.024435643 1.3910453e-05 0.21115752 5.109129e-06 0.0013541222 4.4594225e-07 0.00012459129 1.646949e-05 0.9014734 0.07648534 2.0265934e-22 2.7849035e-07 0.32483682 8.270918e-07 0.6700112 0.84555095 0.0007165482 5.59704e-05 8.52377e-07 0.05954913 0.0006964811 0.45927382 0.084913135 0.2124484 1.8229274e-06 0.046930645 0.003379298 0.038227312 0.00072613946 0.00061683316 0.000614858 4.4488923e-05 0.000412558 0.0026479398 0.0005987207 2.1517828e-05 1.1411925e-05 0.00038577282 0.00013139175 0.0052897492 0.065171756 0.00048421396 0.000270396 9.999789e-05 0.14033836 0.017710028 9.416764e-06 0.013435504 0.00013624506 0.0022457168 9.478527e-06 3.290782e-05 0.00055377634 0.0012270187 0.022527508 0.031033646 0.00028723263 0.00037409467 4.0562903e-05 0.0025198574 0.00019732946 0.028211243 0.00010410558 8.358986e-05 2.203768e-06 0.004357234 0.00049307296 0.0025944815 0.00012923176 0.0014450388 0.0010662902 0.0011181394 0.0005403042 0.0014263049 1.4994276e-06 0.0006346519 0.0004950918 3.086447e-06 1.3878076e-06 1.0104751e-06 0.00025252113 2.7075612e-05 5.0042236e-05 3.8763832e-05
0.0044767936 0.0128076915 0.0012229579 0.05573753 0.000521068 0.00284372 0.00073034986 0.004180522 0.10183694 4.0135296e-06 6.6233384e-05 0.029410118 0.0044888384 5.772721e-05 1.092172e-05 2.6490763e-05 0.6540511 1.3016729e-05 0.18022728 9.594539e-06 0.017718324 3.1762975e-05 0.105598114 1.5598891e-05 0.00077998923 2.5638767e-06 1.161587e-05 2.7849035e-07 3.551549e-22 5.8070295e-06 0.9428019 8.927125e-06 2.012595e-07 4.6485184e-06 0.014623111 0.92745245 7.821236e-06 3.702755e-06 9.2233125e-07 1.0758735e-05 1.0759586e-05 0.27177697 1.0394541e-05 6.702483e-06 9.1808644e-05 3.1331028e-06 1.5327796e-06 0.00025657238 0.19133252 2.6501666e-06 1.0561937e-05 8.498697e-07 0.14496483 1.6043152e-06 2.7248024e-07 0.005694797 1.28614365e-05 9.65164e-06 8.178833e-05 3.319715e-07 4.9652535e-08 2.5841236e-06 1.0560557e-05 2.2325706e-08 2.216243e-06 0.114366084 2.2313895e-06 0.056040667 7.634827e-08 1.077372e-06 1.0648045e-05 1.5988435e-07 1.5590682e-07 7.3937845e-06 8.0583914e-07 0.068616204 6.7462565e-06 0.00068425626 6.103579e-07 0.0036974496 1.5926533e-06 0.47452435 6.520992e-08 3.6069616e-07 1.9074967e-08 1.7757051e-06 4.4259107e-08 3.3697603e-08 3.121736e-08 3.774845e-08 5.164855e-06 8.5393715e-08 1.0806128e-07 2.895474e-07 1.6062282e-07 8.153238e-08 3.4238123e-08 1.9645116e-05 1.06075326e-07 1.7814133e-07 1.4450236e-06
0.02728618 0.00028261423 0.009947646 3.101482e-05 0.0067497264 0.004120011 0.013448663 0.0010664305 6.0057726e-05 0.045642737 0.032212436 0.00023770287 0.002390853 0.084316105 0.19111449 0.016382296 0.0001457911 0.17573717 0.00022790527 0.66112643 0.00018398356 0.018791782 4.618113e-06 0.0038251837 0.000506855 0.09336397 0.8895601 0.32483682 5.8070295e-06 3.23655e-21 2.6800295e-05 0.06877132 0.41038615 0.026648723 9.1757094e-05 8.546762e-06 0.0052926335 0.023342501 0.33968255 0.46405968 0.8639857 7.749994e-06 0.008367832 0.0008670602 0.0034758844 0.00038106815 0.0002716768 0.0005815468 0.00019473964 0.00014039296 0.0008898722 0.0001985597 0.00015145395 0.0032196564 0.024222707 0.0003556674 0.001015858 0.017435843 0.00069495884 0.00019019349 4.4167256e-05 0.10169726 0.0116897505 6.2193126e-06 0.008461008 0.00019685298 0.0007719636 1.4595127e-05 1.9807827e-05 0.00014246356 0.012166779 0.015668303 0.037177492 0.00013078714 0.00015066391 0.00011809551 0.019164322 0.00037564134 0.044622727 0.00012584505 2.792616e-05 3.1998024e-05 0.005536902 0.0001806557 0.0022404075 6.1933446e-05 0.00029107745 0.00031157435 0.00094884675 0.00017235002 0.00067437935 2.380881e-06 0.0010381493 0.0013159012 5.7164334e-06 2.435107e-06 3.981723e-06 0.0005611637 0.0019696124 0.001040709 9.719786e-05
0.025415653 0.010217553 0.0014965975 0.046955626 0.00079559354 0.00343021 0.0007895505 0.004045428 0.06731757 2.7217353e-05 0.00019767905 0.04788377 0.006548688 0.00012224755 1.8321654e-05 6.0969473e-05 0.87201536 5.246547e-05 0.13713808 4.8757855e-05 0.019520404 0.00026845356 0.07143979 0.000103134975 0.0019210868 4.327985e-06 8.137264e-05 8.270918e-07 0.9428019 2.6800295e-05 3.451923e-19 3.910555e-05 8.218787e-07 5.3880183e-05 0.029258749 0.41024643 5.356543e-06 2.1233174e-05 5.08498e-06 4.3716598e-05 4.3181088e-05 0.8230282 1.6459064e-05 2.121096e-06 0.00025396512 4.2481533e-06 2.4618123e-06 0.0006763109 0.25157014 4.058227e-06 2.1480042e-05 1.5547718e-06 0.16145957 2.1466678e-06 1.8350989e-06 0.014146541 6.814287e-06 1.726355e-05 0.0001605598 2.8757195e-06 7.221898e-07 3.2003063e-05 6.615959e-05 2.2100997e-07 5.8371406e-06 0.16208467 2.1101192e-05 0.096520275 2.5888704e-07 1.5706945e-06 5.7070396e-05 1.0915978e-06 1.8172254e-06 2.4644082e-06 3.441126e-06 0.12893361 2.0376012e-05 0.0013086009 4.2983893e-06 0.006630528 4.9625746e-06 0.7903878 1.3673773e-06 2.83236e-07 4.2291083e-07 6.1607847e-07 9.722687e-07 7.6482985e-07 4.003871e-07 6.8767133e-07 4.1737408e-06 3.322971e-07 1.1846583e-06 4.945359e-06 4.70197e-07 2.547723e-07 2.1534781e-07 0.000104593004 1.8237446e-06 3.3380406e-06 1.738432e-05
