3.3407573e-19 0.97278845 0.98255265 0.9560888 0.914094 0.9660083 0.9251806 0.82821536 0.831328 0.9271907 0.9490223 0.94120294 0.96767753 0.9730272 0.95239294 0.9588118 0.9149366 0.89004517 0.6608122 0.9867061 0.6046645 0.91088915 0.84427035 0.98292637 0.98187834 0.8965247 0.22692211 0.3727951 0.7627669 0.98500437 0.96751887 0.9755285 0.8691747 0.8334939 0.9502064 0.8837015 0.7445 0.8001905 0.30834705 0.9979106 0.9877957 0.99521285 0.8456831 0.9463832 0.78175384 0.5885183 0.8062017 0.6053121 0.61351305 0.039411213 0.9895509 0.41437036 0.3613745 0.9384927 0.7118535 0.9791287 0.011098893 0.9990647 0.92591244 0.8788495 0.10143085 0.98849607 0.46242484 0.36553216 0.2306268 0.35449633 0.51338136 0.0019113801 0.64755446 0.9621154 0.35033157 0.004340199 0.42246136 0.081231415 0.80210453 0.7931737 0.6746674 0.10142101 0.0003951191 0.032986667 0.9998949 0.95829755 0.6630721 0.055931896 0.13882525 0.75396645 0.5800016 0.0018669544 0.18065415 0.0007407018 0.7029585 0.20294636 0.0008820521 0.12591766 0.0004784333 0.12107153 0.004479945 0.004084498 0.00019080537 0.7975153 0.99967104
0.97278845 1.3361624e-13 0.9198604 0.8525332 0.5120771 0.7326054 0.31850672 0.6277085 0.69573945 0.908353 0.043224126 0.30912197 0.3251797 0.020785889 0.27668947 0.32679975 0.29452342 0.812074 0.49295026 0.051742457 0.21483582 0.005889369 0.0013721599 0.00079532457 0.0003306018 0.034339033 0.21031007 0.09933227 0.028420072 0.09695799 7.570123e-05 2.9724153e-05 0.007288933 0.01621804 0.00037173694 0.004155139 0.00014390334 6.6987996e-05 0.14884815 0.061967667 0.023149837 0.0022194614 9.538162e-05 8.0767655e-05 0.0035033834 0.00853761 1.9985468e-05 0.0026797177 0.00011604606 0.015233955 0.0073617147 0.011864675 2.575548e-05 0.00078229036 0.037466247 0.0011086887 0.0035560399 0.06976934 0.001866254 1.0164176e-05 0.00021375158 0.0012672577 2.5915437e-05 3.7511763e-05 0.0023339638 7.5052862e-06 8.3678395e-05 9.610156e-05 8.330841e-06 4.6976493e-05 4.8472516e-06 1.4910913e-06 5.2255447e-05 6.2530315e-05 7.336484e-06 1.5984975e-05 8.58451e-06 0.002934368 4.4865395e-05 3.8753205e-06 0.007221145 0.0017666061 8.534373e-08 5.7492343e-05 1.6080834e-06 1.5245079e-06 1.9799705e-05 8.954888e-06 9.317002e-06 2.1697194e-06 6.0581255e-07 4.819889e-06 2.8640969e-05 5.7957104e-06 1.0426599e-05 1.1391775e-05 1.5116961e-05 1.1145452e-05 5.1432547e-05 0.001029224 0.0021381225
0.98255265 0.9198604 2.6873997e-13 0.9208518 0.17406197 0.20597352 0.07558549 0.5612737 0.5520704 0.2789011 0.010613262 0.74910957 0.51006794 0.008002705 0.78976053 0.8635877 0.020262808 0.3579566 0.053977866 0.3494477 0.015503917 0.00088486576 9.3109666e-05 0.00013770668 3.2159005e-05 0.09830544 0.028108519 0.00737641 0.05661406 0.1698338 0.001403512 7.822944e-06 0.01400326 0.0029698045 0.0016781604 0.011462514 0.0009843777 1.0881456e-05 0.027987199 0.15871294 0.030554427 0.0020060504 0.0017636365 0.00046374617 0.008732146 0.02192328 1.5536483e-06 0.0005508354 1.1328019e-05 0.0014833 0.029733256 0.0015977368 1.962932e-06 0.000552481 0.039744914 0.0013463735 0.0006051399 0.11203803 0.0069104894 4.3068605e-05 8.87809e-05 0.0010968291 0.0003582987 0.00026714694 0.006983519 6.6955035e-05 0.00037601698 6.35872e-05 7.394868e-05 2.239524e-05 2.9109385e-06 1.3016306e-05 2.5787556e-05 1.1673641e-05 6.7569517e-06 1.1234055e-05 7.2819385e-06 0.0024303277 0.0001012383 5.112521e-06 0.0133859515 0.0072094332 8.5181716e-07 6.959912e-05 8.5635884e-07 1.9713825e-05 2.9091221e-05 9.236838e-06 1.8961568e-05 4.84374e-06 6.7575735e-07 2.0243702e-05 9.7356815e-06 3.416029e-05 1.6103142e-05 0.00010919914 1.0309618e-05 1.9783114e-05 2.4901463e-05 0.00083614176 0.0024778943
0.9560888 0.8525332 0.9208518 3.6318635e-14 0.07201412 0.17307034 0.037662625 0.87716556 0.9073481 0.46544874 0.0022951867 0.9249259 0.13026015 0.004443779 0.45560566 0.25839558 0.041697048 0.77767587 0.2614147 0.06132213 0.06602346 0.00045617193 7.311001e-05 9.670338e-05 3.699206e-05 0.29800937 0.1344994 0.02385896 0.1556593 0.045997538 0.00018699373 3.5252972e-06 0.04435834 0.0013699837 0.00053912617 0.021287838 0.00031148817 7.734467e-06 0.22644348 0.069056064 0.007283516 0.00021379707 0.00042583467 0.00029116162 0.02099717 0.06744524 6.319353e-07 0.00029719094 9.657634e-06 0.006216915 0.008322909 0.0020488915 6.348583e-07 9.982114e-05 0.16700907 0.000435703 0.0015678286 0.04771092 0.0016167171 2.1244738e-05 3.252766e-05 0.00048212064 9.863664e-05 0.00010594719 0.019300828 1.9041245e-05 0.00041567243 5.965387e-05 9.49911e-05 1.5196256e-05 1.1964607e-06 1.5370268e-05 1.6322449e-05 4.775712e-06 8.9363965e-07 6.58927e-06 1.5175711e-06 0.032187965 7.436515e-05 1.7980575e-06 0.005020531 0.001645311 2.4457415e-07 1.3796004e-05 2.9498239e-07 5.3539584e-06 1.1649896e-05 3.4607601e-06 1.5248264e-06 4.613152e-06 1.7962194e-07 6.905983e-06 7.39216e-05 5.7476056e-05 1.7253493e-05 6.918016e-05 5.0414255e-06 1.1905938e-05 0.00016091573 0.00025033578 0.000975512
0.914094 0.5120771 0.17406197 0.07201412 1.1169901e-15 0.8983896 0.9834314 0.009396733 0.010689227 0.48494264 0.6575105 0.0016090425 0.63669336 0.21257505 0.010561149 0.2870416 0.45182905 0.036184233 0.07288823 0.0042747124 0.08657229 0.26180702 0.015872609 0.004025408 0.0048777675 0.0011303405 0.017306468 0.09069988 0.0011113129 0.09293815 1.6622647e-05 0.001530701 0.0009919879 0.30954438 7.785556e-05 0.00020589308 8.62578e-06 0.00055507617 0.0019785862 0.01970777 0.03661426 0.009756638 5.6196186e-06 1.8080367e-07 6.545447e-06 0.00054069824 0.00030179185 0.047580007 0.0007740588 0.011548857 0.0013508287 0.16877137 0.00019425439 0.00101633 0.00071981485 0.001518152 0.004799613 0.028725285 0.00052172766 3.378268e-06 0.0031792799 0.002352434 8.2595517e-07 3.9083197e-06 0.000109353794 6.045475e-07 6.936673e-05 0.00011647292 2.0672062e-06 0.0008628285 0.00014711304 3.7515983e-07 4.1642208e-05 0.0005519534 8.4115445e-06 7.5419657e-06 6.443426e-05 4.484187e-05 2.9837756e-05 2.1479016e-05 0.003301122 0.0005635898 9.388311e-08 3.0247918e-05 5.528109e-07 5.4397935e-07 1.7329612e-05 1.2723154e-05 6.922326e-05 7.2473364e-07 2.2269508e-06 2.0128093e-06 1.1424627e-06 9.030085e-07 1.4095292e-06 2.3827456e-06 4.4551165e-05 0.00020762117 1.6681246e-05 0.00072595116 0.002224301
0.9660083 0.7326054 0.20597352 0.17307034 0.8983896 2.5724984e-15 0.7877536 0.025261417 0.047828507 0.9070916 0.3129321 0.0025099425 0.20320098 0.10122263 0.004945173 0.053809494 0.9242955 0.09648543 0.20946673 0.0031026467 0.23268652 0.3072934 0.014396222 0.0047907345 0.003447653 0.0007152977 0.030426383 0.18655416 0.0014183251 0.08628 1.0564984e-06 0.0004955814 0.00052957283 0.35887638 2.7860082e-05 8.002952e-05 2.8939705e-06 0.00061448105 0.003792726 0.01127395 0.033245787 0.0069662337 1.9992647e-06 2.546433e-07 2.5656835e-05 0.0015286156 9.701015e-05 0.038784795 0.001466086 0.026648365 0.00063418207 0.31096494 0.00033253062 0.0012474514 0.0018929532 0.0019761976 0.010876518 0.042606086 0.00014241559 1.5007596e-06 0.006082374 0.0015384619 1.0726662e-06 8.715542e-07 1.7627495e-05 3.9461298e-07 4.4608155e-06 0.0006410353 1.0239397e-06 0.00034023606 0.00011051448 1.9606485e-07 6.077842e-05 0.00094410166 1.23835225e-05 1.4853044e-05 2.8348382e-05 0.00038126716 0.0001313712 1.5297357e-05 0.003318082 0.00023854764 1.9055223e-08 0.000119700984 5.8996816e-06 2.280755e-08 3.1516032e-05 2.1806796e-05 3.595913e-05 1.205467e-07 3.8345954e-07 6.894742e-08 1.3406302e-05 3.6620008e-06 2.7437702e-07 4.3916418e-07 1.1408094e-05 0.0009481666 0.00011635123 0.0010193406 0.0027398574
0.9251806 0.31850672 0.07558549 0.037662625 0.9834314 0.7877536 1.1987303e-15 0.004951376 0.007984313 0.35698137 0.8820987 0.0010316981 0.63725024 0.4473447 0.005698545 0.25643438 0.43471017 0.015589984 0.040030118 0.003508315 0.07225823 0.441791 0.07073489 0.020201975 0.024682535 0.00073408504 0.0115109 0.08275847 0.0009243805 0.25909218 1.0394928e-05 0.0044983346 0.00075665256 0.34143627 5.5195436e-05 9.830759e-05 1.5933789e-05 0.0030406488 0.0012644824 0.03439218 0.11010361 0.10834306 9.407743e-06 1.2572657e-07 6.2720196e-06 0.00067411154 0.000799426 0.077894665 0.0037023579 0.0064277905 0.0025115537 0.17208141 0.0005487533 0.013305964 0.00042750893 0.009383064 0.0025149265 0.15247558 0.00091145124 5.271813e-06 0.010141439 0.0076352623 2.4873823e-06 8.785538e-06 3.9791703e-05 2.9256037e-07 9.9511e-05 8.615327e-05 3.4689815e-06 0.0029684266 0.0007898965 5.5286785e-07 0.00028862423 0.0021572227 0.00010216309 0.00011807952 0.0008084291 3.076372e-05 4.921559e-05 0.00012807563 0.0095068235 0.0014392613 1.8897191e-07 0.00045361847 1.13826745e-05 1.4085294e-06 0.00039092236 4.417968e-05 0.00015468344 5.2672374e-07 2.2496124e-05 1.5770044e-06 5.1339094e-07 1.674104e-07 1.7091663e-06 5.7424854e-06 7.0886745e-05 0.00010711911 6.6339876e-06 0.003948067 0.006433844
0.82821536 0.6277085 0.5612737 0.87716556 0.009396733 0.025261417 0.004951376 7.501835e-16 0.98899955 0.056359187 0.0004995176 0.9169918 0.020156462 0.0007751817 0.110320315 0.056106843 0.0058725886 0.72856385 0.10396669 0.020179985 0.011214799 0.00010379707 1.3931483e-05 4.449611e-06 8.797881e-06 0.39846793 0.056981903 0.0034266675 0.2828505 0.00724113 7.975142e-05 8.335247e-07 0.024338178 0.0001034652 0.00041210052 0.007984779 0.00014614704 5.491951e-07 0.12046954 0.01420283 0.0013757509 6.505261e-05 0.00011847476 0.00013242073 0.007915367 0.040926024 1.2224305e-07 2.1491167e-05 3.1887993e-07 0.0010826011 0.0033316596 0.00023345924 4.5499032e-08 3.4304067e-05 0.2207344 5.8802718e-05 0.00046676313 0.011021458 0.00084981584 1.6988579e-05 2.0503112e-06 9.1698486e-05 2.7401278e-05 2.8247154e-05 0.012741035 2.6485598e-06 0.00047032864 3.2282253e-05 4.685229e-05 9.665341e-07 7.29946e-08 4.759045e-06 2.1648027e-06 3.1360892e-06 4.851085e-08 1.698064e-07 1.837532e-07 0.021914117 2.1747483e-05 8.832241e-09 0.0019959281 0.0006634196 1.4800655e-07 4.3501103e-08 8.116554e-09 8.3999765e-08 2.68253e-07 3.5634025e-07 2.2911188e-08 1.1033224e-05 1.4069587e-08 3.584808e-07 7.3521274e-05 1.9258432e-06 2.3717648e-05 1.3088416e-05 6.483028e-07 1.6288215e-06 8.22074e-05 0.00023189023 0.0007096919
0.831328 0.69573945 0.5520704 0.9073481 0.010689227 0.047828507 0.007984313 0.98899955 6.2906816e-15 0.15696822 0.0012569668 0.52995133 0.025437739 0.0012764141 0.078145936 0.045896713 0.008439504 0.8822564 0.21796565 0.016992979 0.022138635 0.00017914455 6.199987e-05 1.5085104e-05 2.8661627e-05 0.3652379 0.12441044 0.0067499676 0.27886564 0.00989344 3.8704213e-05 2.8274171e-06 0.03056289 0.00039662112 0.00024254214 0.008565734 9.177888e-05 2.3963116e-06 0.22964896 0.01563741 0.0018937875 0.00013317034 6.554795e-05 8.678642e-05 0.0055828993 0.027217122 6.799586e-07 6.713035e-05 1.1419834e-06 0.0020577505 0.0016607721 0.00027982693 1.5856057e-07 3.0188467e-05 0.28059733 6.4720814e-05 0.0008995306 0.010484538 0.00042901904 8.5785105e-06 8.775046e-06 0.00019601859 1.0897302e-05 1.2621217e-05 0.006407404 2.7295998e-06 0.0003416482 3.136336e-05 3.8739552e-05 2.629267e-06 1.9047253e-07 4.1591984e-06 1.023148e-06 3.1874388e-06 6.9525306e-08 1.8758072e-07 3.66077e-07 0.025694968 3.0310177e-05 5.3094285e-09 0.0016110478 0.0003309658 2.3549186e-08 1.0324523e-07 1.504847e-08 2.3161103e-08 4.289566e-07 1.5194647e-07 2.993853e-08 1.8514233e-05 6.9347537e-09 1.8744731e-07 0.00013379715 9.567268e-07 2.0145733e-05 5.8088963e-06 4.3627512e-07 1.9899437e-06 0.00015783164 0.00017333671 0.0010303285
0.9271907 0.908353 0.2789011 0.46544874 0.48494264 0.9070916 0.35698137 0.056359187 0.15696822 1.7267983e-14 0.023286065 0.0050405823 0.07105485 0.014559845 0.0052901153 0.044765383 0.93237114 0.88581103 0.90209115 0.002146973 0.6412445 0.015296255 0.000757718 0.00041170372 0.000311283 0.0009984648 0.2405368 0.42569312 0.002443864 0.022649223 1.0467222e-06 1.5357726e-05 0.0004244175 0.11514228 1.6850554e-05 3.991534e-05 1.3999868e-06 5.3436674e-05 0.07819046 0.007804167 0.005329001 0.0005653972 2.0899147e-06 5.199586e-07 3.0341442e-05 0.002044171 3.8113626e-06 0.0072668577 0.00016824501 0.10317232 0.00021763617 0.17705391 2.2116388e-05 7.514464e-05 0.006857679 0.00030926967 0.014681032 0.010114229 1.3297191e-05 1.2033667e-06 0.000572144 9.840597e-05 8.68988e-07 3.854221e-07 1.07613305e-05 1.0558944e-07 5.870426e-07 0.00061640766 9.1699e-07 2.2201659e-05 6.9727566e-06 8.159803e-08 1.44890055e-05 3.3690198e-05 1.1886395e-06 6.997955e-07 7.404033e-07 0.0017311593 0.00018956675 1.013093e-06 0.0019625588 0.0005340588 1.8299103e-08 2.8550767e-06 8.134256e-08 7.0885715e-09 3.5190596e-06 2.2545921e-06 2.026877e-06 4.5600416e-08 5.9852425e-08 2.172272e-08 0.0001090987 1.3735804e-06 1.6601385e-07 1.7124253e-07 2.2873749e-06 0.0004152512 0.00023866419 0.00024713133 0.00068398
0.9490223 0.043224126 0.010613262 0.0022951867 0.6575105 0.3129321 0.8820987 0.0004995176 0.0012569668 0.023286065 3.6513395e-14 2.6579944e-05 0.46251124 0.9364181 0.00038144412 0.067174576 0.068552315 0.0002599607 0.001966839 0.0010008982 0.0033532716 0.84635276 0.8342389 0.5280431 0.569366 2.0263888e-05 0.00032745238 0.0034988977 4.8412992e-05 0.23222136 5.2230337e-07 0.09444112 1.2045339e-05 0.30830464 1.1013691e-05 8.5856027e-07 1.0129479e-06 0.1112578 3.069386e-05 0.009913014 0.19832748 0.32339376 7.412787e-07 2.575963e-09 2.2791276e-07 4.07057e-05 0.036140632 0.12732044 0.079947256 0.000287567 0.0010480998 0.02963345 0.0073453616 0.109538816 7.089647e-05 0.080689654 0.00080229924 0.1737422 0.00033393846 8.4233807e-07 0.041317653 0.02893003 1.2322661e-07 3.178322e-07 5.034776e-06 5.8957102e-08 2.629533e-06 9.9829806e-05 3.57093e-06 0.009854752 0.004205099 2.0488599e-07 0.0010242367 0.019430764 0.0009581528 0.0006310882 0.0064303074 8.952031e-05 3.4533703e-05 0.00036422387 0.0058625857 0.00027571438 1.2762849e-08 0.0015046569 7.086984e-05 4.593519e-08 0.00114493 0.00020636724 0.0003499011 8.6657934e-08 6.542873e-05 1.14973716e-07 1.2525648e-07 3.5787215e-07 2.2977457e-07 3.8159288e-07 0.00019191604 0.00011418462 4.6001063e-07 0.008219695 0.006592231
0.94120294 0.30912197 0.74910957 0.9249259 0.0016090425 0.0025099425 0.0010316981 0.9169918 0.52995133 0.0050405823 2.6579944e-05 3.5178237e-16 0.01581971 0.00012012353 0.6149839 0.2231924 0.00051972165 0.2168391 0.0063437843 0.084839605 0.0007024001 2.153987e-06 8.2658636e-07 6.8721573e-07 4.1869666e-07 0.9436307 0.006024804 0.00054284005 0.7873949 0.009075736 0.00140371 4.8602725e-08 0.75648105 2.0872358e-06 0.000869253 0.46608976 0.00087781093 1.643607e-07 0.052645948 0.03751175 0.0005585203 4.2298183e-05 0.014159641 0.024767807 0.26740783 0.5552037 2.2934492e-08 5.9589553e-07 1.3017063e-07 0.0003215862 0.008977228 5.495561e-05 1.9068528e-08 4.5606557e-06 0.6224743 5.2914143e-05 6.29273e-05 0.014342485 0.0008454882 3.9723338e-05 9.72822e-06 9.396584e-05 0.00034343492 0.00026693457 0.13422206 0.00016232855 0.0018897507 1.0107387e-05 0.00063959474 5.295003e-07 9.872308e-08 0.00016396612 1.4783832e-06 9.127245e-07 8.495897e-08 2.269677e-07 1.631003e-07 0.028294355 1.259564e-05 7.8228766e-08 0.004566133 0.0017405705 2.7596295e-06 3.5135295e-06 3.119806e-07 8.61727e-06 1.1869676e-06 6.6259224e-07 2.916564e-07 2.0002668e-05 7.458237e-08 1.9533065e-05 1.610308e-05 3.2584758e-05 1.8567136e-05 0.00035152608 1.2403112e-06 1.9605782e-06 4.7845675e-05 0.00010340729 0.0008789364
0.96767753 0.3251797 0.51006794 0.13026015 0.63669336 0.20320098 0.63725024 0.020156462 0.025437739 0.07105485 0.46251124 0.01581971 6.859119e-15 0.8306485 0.27374554 0.9583209 0.030568648 0.008588154 0.008105471 0.19641434 0.0053690174 0.03845482 0.02986304 0.0536022 0.042687114 0.009084148 0.0014675206 0.0024906485 0.0035700907 0.69701225 0.0014553533 0.0067839315 0.0032547675 0.0174261 0.0013533592 0.0011661769 0.00032071394 0.0029280994 0.0003181365 0.3727707 0.3555459 0.14793661 0.00042551584 4.767583e-05 8.035539e-05 0.0009000325 0.0013165476 0.0028637173 0.0017811726 0.00023006633 0.03164042 0.0022168488 0.00031770748 0.01718065 0.00071844395 0.024828274 0.00030961906 0.37876666 0.006173961 0.00013645625 0.0015231209 0.010158736 1.22043875e-05 0.00023696592 0.00018076185 0.00015380394 3.3172055e-05 3.109099e-05 0.00026883555 0.0012995705 0.00025726433 3.2377767e-07 0.000419127 0.00013420495 0.0005338569 0.00032458574 0.00017384328 0.00011158125 3.9844257e-05 5.2906522e-05 0.018553147 0.010829843 1.0377856e-06 0.00010922445 2.0284178e-06 1.7835852e-06 4.140185e-05 1.8954082e-05 0.00041176262 6.7006866e-08 3.13007e-05 3.175769e-06 1.6874296e-06 4.072564e-06 2.6965577e-07 4.899168e-06 3.8911876e-05 8.748453e-05 2.8319984e-05 0.0022250817 0.008884464
0.9730272 0.020785889 0.008002705 0.004443779 0.21257505 0.10122263 0.4473447 0.0007751817 0.0012764141 0.014559845 0.9364181 0.00012012353 0.8306485 5.195539e-15 0.0019555872 0.23663689 0.01719998 0.00037022447 0.00090306235 0.0027442297 0.0007887275 0.15642565 0.21661688 0.46803325 0.22717568 0.00011039851 0.00014493505 0.00083324313 6.7536435e-05 0.8276096 7.058025e-06 0.028258163 2.6195674e-05 0.024183912 1.984604e-05 2.775058e-06 1.7807841e-06 0.016264638 4.6376695e-06 0.1429295 0.780152 0.68857586 1.524662e-06 1.9371392e-07 1.4967045e-06 0.00012287698 0.0051583205 0.011835591 0.005480091 3.8072267e-05 0.003525422 0.0022357106 0.001334366 0.27953482 1.28993925e-05 0.2430126 3.5187426e-05 0.64509463 0.0008088336 1.934098e-06 0.0023853334 0.06571584 6.6548e-07 4.1919834e-06 9.775309e-07 2.9210862e-06 4.6744282e-07 7.2152448e-06 3.5675617e-05 0.011848849 0.0022349262 8.03368e-08 0.0012343912 0.0028212199 0.002947725 0.0014122608 0.0028611403 4.29981e-05 4.46356e-06 0.00014077938 0.038938235 0.0061112856 2.317414e-08 0.00020441633 1.0739226e-05 5.358479e-08 0.00030121102 3.309723e-05 0.0005869968 9.285321e-09 0.0001266243 1.6893642e-07 1.4423699e-07 1.131985e-06 5.7974454e-08 2.6729919e-07 3.842276e-05 8.127085e-06 1.9201068e-06 0.02196109 0.027258925
0.95239294 0.27668947 0.78976053 0.45560566 0.010561149 0.004945173 0.005698545 0.110320315 0.078145936 0.0052901153 0.00038144412 0.6149839 0.27374554 0.0019555872 1.3679125e-15 0.8093385 0.00026999766 0.023247883 0.0026040995 0.96927136 0.0002858649 5.75573e-05 1.3087979e-05 3.694573e-05 1.4528746e-05 0.26235005 0.0013162746 0.00017929754 0.08464704 0.061236545 0.5074795 1.4572311e-06 0.39812678 3.6778503e-05 0.19585614 0.42728004 0.33325464 1.1872879e-06 0.00067010004 0.27024847 0.0068516065 0.0008122456 0.5200919 0.59287405 0.3191299 0.08869772 3.7613998e-07 5.8284845e-06 1.5116433e-06 2.357043e-05 0.20052262 4.2646825e-06 2.4456622e-07 5.543626e-05 0.022969097 0.000792225 1.1299396e-05 0.06436224 0.040533636 0.0013276134 1.1830952e-05 0.00065606146 0.033233184 0.010151031 0.08166884 0.001741042 0.053563353 5.854342e-07 0.10499258 2.089101e-05 9.796598e-07 0.00022957273 1.3761916e-05 3.0068247e-07 2.035485e-06 1.3162331e-05 1.3019695e-07 9.221827e-05 3.2560665e-06 1.8788903e-07 0.0055556316 0.012011059 1.8317935e-05 2.0929745e-06 1.6409099e-07 0.00027414018 5.227842e-07 8.07819e-07 1.0466894e-06 3.0076539e-05 5.7749185e-07 0.0011384039 6.720247e-07 8.1401435e-05 2.0068797e-05 0.008857518 3.8741285e-07 2.8517459e-06 1.5692033e-06 0.000120144265 0.00040207844
0.9588118 0.32679975 0.8635877 0.25839558 0.2870416 0.053809494 0.25643438 0.056106843 0.045896713 0.044765383 0.067174576 0.2231924 0.9583209 0.23663689 0.8093385 2.5399868e-16 0.003273587 0.019951064 0.0033728955 0.84906113 0.0005974171 0.0029515084 0.0019659793 0.005226921 0.004964189 0.037542313 0.00059660524 0.00028014174 0.013096034 0.5860402 0.07259644 0.00067124655 0.022546781 0.0016382005 0.01295589 0.028826226 0.017397683 5.6301087e-05 0.00015281951 0.5892101 0.18792401 0.04125715 0.04133542 0.008073677 0.009525314 0.0022711605 1.86354e-05 5.8446185e-05 2.5504603e-05 1.5382324e-05 0.21156122 2.0823896e-05 3.7385368e-07 0.003861761 0.0011491716 0.017460613 2.4203136e-05 0.31032446 0.029624717 0.000603757 2.7544933e-05 0.005240577 0.00113159 0.0009867476 0.002585741 0.00066653755 0.0013577144 1.6757916e-06 0.00014554006 8.503067e-05 6.590728e-06 6.4439473e-07 0.00013239132 2.2462905e-06 0.00022407726 9.727603e-05 7.488939e-05 2.1391217e-05 9.766304e-06 3.8748823e-07 0.0082113035 0.017044615 2.4866351e-06 7.276986e-05 2.889514e-06 7.9381625e-06 1.4137835e-06 4.027312e-07 1.5117954e-05 7.731475e-07 1.0879244e-05 5.4834883e-05 8.465838e-07 8.218055e-06 5.5856816e-07 0.00018123657 1.8043539e-07 4.4935173e-06 2.076459e-06 0.0005102203 0.0021903855
0.9149366 0.29452342 0.020262808 0.041697048 0.45182905 0.9242955 0.43471017 0.0058725886 0.008439504 0.93237114 0.068552315 0.00051972165 0.030568648 0.01719998 0.00026999766 0.003273587 8.9148795e-14 0.1647379 0.77441275 0.00041434754 0.91929317 0.070635565 0.005130907 0.0023581854 0.0016204426 8.649656e-05 0.183027 0.7664458 0.0004444094 0.009211895 1.3769485e-06 9.906634e-05 0.00012491859 0.7990587 2.8454695e-05 1.9097548e-05 4.6978013e-07 0.0004046037 0.012740925 0.0011057737 0.0028439367 0.0017449907 2.6348773e-06 7.4632894e-08 3.2769663e-06 0.0005340789 8.0203106e-05 0.104923435 0.0009594041 0.30799493 9.249686e-05 0.8945771 0.00029566046 0.00017721964 0.00040243808 0.00048404402 0.092759185 0.008498767 1.9918596e-06 1.1065865e-06 0.008514169 0.00028917528 1.4262777e-06 1.1647536e-06 1.761154e-06 3.4592043e-07 2.1403735e-06 0.0046374244 1.6069913e-05 6.238206e-05 5.299515e-05 1.059033e-07 1.5164581e-05 0.00031580045 8.023463e-07 6.2011422e-06 3.859262e-06 0.00015365 0.00066037616 3.6663619e-06 0.00085826725 3.889581e-05 5.5470387e-08 2.9322046e-05 3.7140792e-06 1.0616939e-08 2.3380579e-05 8.0874175e-05 4.2249135e-06 1.4292901e-07 7.95455e-07 1.2247517e-07 1.4533817e-05 6.795625e-07 2.5080425e-07 5.614136e-07 1.4169683e-05 0.016454374 0.00011132922 0.00016278215 0.0004936724
0.89004517 0.812074 0.3579566 0.77767587 0.036184233 0.09648543 0.015589984 0.72856385 0.8822564 0.88581103 0.0002599607 0.2168391 0.008588154 0.00037022447 0.023247883 0.019951064 0.1647379 1.8122424e-14 0.97946286 0.0027675405 0.38149762 2.0431196e-05 6.515801e-06 2.1393164e-06 2.202333e-06 0.0025282572 0.8150894 0.085437946 0.006780902 0.0015245232 4.316682e-06 3.2603404e-07 0.00030137916 9.665009e-05 4.9241225e-05 8.022231e-05 1.4362782e-05 1.0763752e-07 0.743212 0.0058947946 9.574964e-05 1.1051421e-05 8.568094e-06 5.279891e-07 2.1183516e-05 0.0017052769 2.1833879e-08 4.257656e-06 2.592871e-07 0.029296136 0.0006020482 0.0012266652 1.0385706e-08 3.3540919e-06 0.11240747 0.00011244127 0.006353283 0.0043799584 4.4164517e-05 1.9913846e-06 2.5626166e-05 4.5799574e-05 1.5506501e-07 2.0228379e-07 0.0012026746 1.4118305e-07 1.797862e-06 6.39635e-05 1.6198685e-05 2.0377051e-06 7.4607516e-07 1.026144e-06 8.395632e-07 2.0994337e-06 3.098183e-07 8.976708e-08 9.712043e-08 0.021954482 4.9004924e-05 2.494679e-07 0.00065785396 0.0006575629 6.088966e-08 3.485657e-07 9.818151e-08 8.9716245e-08 1.6488232e-06 4.044316e-07 1.0246874e-07 6.4740937e-07 2.2383139e-08 5.985482e-08 0.00061452267 1.6587926e-06 7.008805e-06 1.4909718e-06 9.107811e-07 2.9787549e-05 0.0011764313 3.011362e-05 0.00028128835
0.6608122 0.49295026 0.053977866 0.2614147 0.07288823 0.20946673 0.040030118 0.10396669 0.21796565 0.90209115 0.001966839 0.0063437843 0.008105471 0.00090306235 0.0026040995 0.0033728955 0.77441275 0.97946286 1.4012348e-13 0.00059121486 0.95785713 0.0006396753 0.00012910378 1.3406979e-05 2.2078919e-05 0.00019665688 0.7137656 0.59781176 0.00041810854 0.0010219468 2.6589337e-06 6.1272667e-06 8.259883e-05 0.0035405469 2.9276473e-05 2.710434e-05 3.883245e-06 2.6106777e-06 0.2441468 0.0008549334 0.00013534102 5.6140078e-05 4.9697214e-06 2.1849722e-07 5.2285627e-06 0.00034768108 9.724013e-07 0.00025248574 3.5560788e-06 0.25620392 0.00023617265 0.090865046 2.7700779e-07 1.3117863e-06 0.0076149623 2.8759756e-05 0.07969568 0.0031511814 2.5917316e-05 3.272622e-06 9.119502e-05 3.818051e-05 2.4264125e-07 2.3981326e-07 9.0053436e-05 4.9506433e-08 4.805408e-06 0.0010974123 9.8211585e-06 5.776953e-06 1.9145498e-06 4.978371e-07 1.2268004e-06 1.2693129e-06 2.3866244e-07 5.923582e-07 3.2717153e-07 0.0019673822 0.00025062147 8.3804736e-07 0.00022076763 0.00023035042 3.874535e-07 2.5153565e-06 3.190877e-07 2.5323823e-07 1.7492242e-06 2.4559006e-06 8.125538e-07 1.05792e-06 1.2232505e-07 3.2045054e-07 0.000103106846 6.511288e-07 1.093077e-06 1.4992618e-06 3.259941e-06 0.00020656336 0.00038872522 2.9025434e-05 4.9999922e-05
0.9867061 0.051742457 0.3494477 0.06132213 0.0042747124 0.0031026467 0.003508315 0.020179985 0.016992979 0.002146973 0.0010008982 0.084839605 0.19641434 0.0027442297 0.96927136 0.84906113 0.00041434754 0.0027675405 0.00059121486 1.3941565e-17 8.210985e-05 2.4358327e-05 5.614401e-06 3.1919513e-05 2.9368302e-05 0.022100264 0.00018495077 6.369657e-05 0.0040268246 0.1373985 0.5663621 1.7181099e-05 0.027307142 3.1013253e-05 0.21626894 0.060158018 0.10925702 2.6028217e-06 7.068624e-05 0.8368629 0.0043390878 0.00033187104 0.13842882 0.182302 0.029549167 0.0035155262 2.9612843e-07 2.46635e-06 9.0229827e-07 2.3216194e-06 0.6726407 1.3279786e-06 6.373676e-08 5.7212957e-05 0.0004427678 0.00029021493 6.0304487e-06 0.15308236 0.05197711 0.0036997672 7.8587425e-07 0.00019865403 0.028208008 0.0065524173 0.0054922607 0.0025828932 0.0066520083 3.389364e-07 0.0047794213 3.417047e-06 1.1145026e-07 5.424601e-06 1.0516927e-05 4.100396e-07 1.7656213e-05 3.041565e-06 3.2696523e-06 3.7845236e-06 1.7033718e-06 7.8407275e-08 0.010013879 0.073805794 4.3621392e-05 8.9424066e-07 3.313533e-08 0.00040921575 8.461612e-08 1.7690108e-07 3.870336e-07 1.520425e-06 5.206112e-08 0.0008924457 2.728932e-07 5.4120424e-05 4.2607817e-07 0.0019886587 8.485014e-08 6.809729e-07 4.6493e-07 7.678761e-05 0.00025654325
0.6046645 0.21483582 0.015503917 0.06602346 0.08657229 0.23268652 0.07225823 0.011214799 0.022138635 0.6412445 0.0033532716 0.0007024001 0.0053690174 0.0007887275 0.0002858649 0.0005974171 0.91929317 0.38149762 0.95785713 8.210985e-05 3.0397473e-15 0.0040779337 0.00050838676 8.878631e-05 7.885177e-05 9.988619e-05 0.7396036 0.9766237 0.00013652003 0.00061712175 2.4635372e-07 9.537066e-06 6.239735e-05 0.016821261 5.3295316e-06 9.455118e-06 2.619245e-07 3.874005e-06 0.09624003 0.00018989046 7.788616e-05 6.712069e-05 1.899457e-06 8.360336e-08 1.7319459e-06 0.00018802859 8.120867e-07 0.0016768838 5.641489e-06 0.51353574 5.9544738e-05 0.38162595 7.177207e-07 1.1066488e-06 0.0012482852 2.1175763e-05 0.2693427 0.002384461 3.0488718e-06 6.417509e-07 0.00016309106 4.0753133e-05 3.8081453e-07 1.0764574e-07 2.1519377e-06 8.1649404e-08 1.1667859e-06 0.018515471 1.5362692e-05 6.5180143e-06 1.4229762e-06 2.1503507e-07 5.234602e-07 5.1034167e-06 8.667992e-08 3.6333728e-07 4.6458518e-07 0.0005440484 0.0026003981 7.6227246e-07 0.00019873076 0.00010107826 1.6387239e-07 7.6428444e-07 3.0622047e-07 5.093471e-07 6.630056e-07 7.613313e-06 1.5602304e-06 5.4695016e-07 1.01180724e-07 2.4780027e-07 8.240205e-05 7.766856e-08 1.9010217e-07 4.4565397e-07 2.6767252e-06 0.0024175132 0.0005570333 3.3923974e-05 7.170626e-05
0.91088915 0.005889369 0.00088486576 0.00045617193 0.26180702 0.3072934 0.441791 0.00010379707 0.00017914455 0.015296255 0.84635276 2.153987e-06 0.03845482 0.15642565 5.75573e-05 0.0029515084 0.070635565 2.0431196e-05 0.0006396753 2.4358327e-05 0.0040779337 3.758258e-15 0.9558871 0.05616212 0.32115486 7.5387657e-06 0.00022457124 0.009191208 2.2913015e-05 0.025072046 2.244005e-07 0.07991718 1.4072378e-06 0.7809108 3.0443787e-05 2.7121197e-07 5.162769e-07 0.25512862 3.9189734e-05 0.0012608957 0.015634228 0.015152497 4.7326e-06 6.240388e-09 4.4395972e-07 1.285371e-05 0.111873046 0.7550921 0.8760617 0.0019135925 3.4622873e-05 0.15476519 0.25690454 0.00328386 0.00035083335 0.0060672127 0.0022567487 0.025523786 2.2188972e-06 4.832915e-06 0.6396142 0.0036406205 2.1032241e-07 6.5620065e-07 3.1912394e-05 1.7802e-06 9.49791e-06 0.0005196525 0.0008133424 0.015482159 0.2953789 4.4046637e-06 9.935605e-05 0.7141676 2.2886447e-06 1.9839606e-05 7.3218957e-06 0.00029703087 0.00029319487 0.0056986944 0.0015094372 0.00015557522 4.4498893e-07 1.6358383e-05 3.0502926e-07 1.4366034e-06 5.071633e-06 0.008008579 0.00020964924 5.2622715e-07 8.212402e-07 7.5985554e-07 9.30378e-08 5.6780304e-06 2.1521869e-07 6.4579314e-07 0.008565452 0.018251717 1.3040417e-06 0.00018067587 0.0022127521
0.84427035 0.0013721599 9.3109666e-05 7.311001e-05 0.015872609 0.014396222 0.07073489 1.3931483e-05 6.199987e-05 0.000757718 0.8342389 8.2658636e-07 0.02986304 0.21661688 1.3087979e-05 0.0019659793 0.005130907 6.515801e-06 0.00012910378 5.614401e-06 0.00050838676 0.9558871 1.8390027e-13 0.2645655 0.9260429 1.404267e-06 6.020338e-05 0.0009683254 7.226345e-06 0.054666396 1.5495384e-07 0.38944 6.9436817e-07 0.0731451 1.1431597e-05 1.6591002e-07 1.4404482e-07 0.8601308 5.0217373e-06 0.002342036 0.04505491 0.025502112 8.1958854e-07 9.422701e-08 1.0108027e-06 4.970644e-05 0.5720825 0.0962314 0.7456233 5.5040367e-05 4.8827565e-05 0.0060113515 0.47606412 0.006004882 6.604133e-05 0.0178086 1.8512133e-05 0.040287267 6.477024e-06 2.284922e-06 0.115144804 0.01375583 6.1349294e-07 1.9751819e-07 3.6385693e-06 1.695386e-07 1.0144005e-05 1.7642968e-05 5.2151947e-05 0.15294853 0.116310365 1.3961813e-06 0.00039044884 0.20336258 0.00015477183 0.00018996255 0.0020735364 0.00017698218 2.0600122e-05 0.010932482 0.0031219376 0.00023738912 4.4697177e-07 0.00019823521 2.567933e-05 9.269006e-07 0.0005977568 0.001283024 0.013274392 1.6188676e-07 0.0006512019 1.2074155e-06 1.6166938e-07 5.590859e-06 1.4422831e-07 1.2238917e-06 0.0038839583 0.0009444578 1.7030276e-06 0.0012412829 0.005286724
0.98292637 0.00079532457 0.00013770668 9.670338e-05 0.004025408 0.0047907345 0.020201975 4.449611e-06 1.5085104e-05 0.00041170372 0.5280431 6.8721573e-07 0.0536022 0.46803325 3.694573e-05 0.005226921 0.0023581854 2.1393164e-06 1.3406979e-05 3.1919513e-05 8.878631e-05 0.05616212 0.2645655 1.2756441e-13 0.915133 2.1310495e-06 6.0792645e-06 0.00024302815 5.675784e-06 0.38923493 2.5131038e-07 0.88436306 4.9961195e-06 0.009051633 3.0638919e-06 2.1304304e-07 8.2261224e-08 0.14422035 1.0907871e-06 0.006961007 0.7238262 0.7862446 2.5758575e-07 1.6523484e-07 1.1937608e-06 0.00015881732 0.23117621 0.010318334 0.029854268 2.827587e-06 0.0001787667 0.0003478962 0.012370917 0.68397194 0.00021521121 0.46094662 3.4679229e-06 0.64204574 1.0332256e-05 1.23512e-06 0.0015220587 0.12683462 1.6040148e-07 3.818251e-07 3.4473665e-06 2.2916795e-07 5.9572365e-08 7.1832125e-07 0.00016355052 0.1776207 0.021058656 6.2783243e-07 0.005936658 0.021516543 0.40194765 0.0051202555 0.5163147 0.000626189 8.253725e-07 0.004382771 0.0136975115 0.0014851238 3.3201946e-08 0.005417013 0.0009657961 2.9221754e-08 0.026238384 9.8655466e-05 0.017816855 8.6658725e-09 0.014497646 8.537124e-08 7.0954336e-08 1.8014937e-06 1.0945248e-08 2.6870825e-07 0.000982358 1.0489112e-05 1.3447129e-06 0.015577404 0.03324355
0.98187834 0.0003306018 3.2159005e-05 3.699206e-05 0.0048777675 0.003447653 0.024682535 8.797881e-06 2.8661627e-05 0.000311283 0.569366 4.1869666e-07 0.042687114 0.22717568 1.4528746e-05 0.004964189 0.0016204426 2.202333e-06 2.2078919e-05 2.9368302e-05 7.885177e-05 0.32115486 0.9260429 0.915133 3.356505e-13 5.956393e-07 1.7442193e-05 0.00016458477 2.1239887e-06 0.17053337 1.6500698e-07 0.9176108 2.0079136e-07 0.014335332 4.2284246e-06 5.992199e-08 8.627762e-08 0.6469877 3.7717937e-06 0.0026266822 0.30220285 0.27054143 2.2690385e-07 6.221397e-09 1.400619e-07 1.7518345e-05 0.6174447 0.021458702 0.27834737 7.151514e-06 0.000112643145 0.0012625394 0.15544079 0.11916986 4.1351697e-05 0.117861524 8.467514e-06 0.17347655 5.503643e-05 4.2410025e-07 0.028269207 0.043799303 2.1635505e-07 2.462008e-07 1.4209306e-05 7.43971e-08 1.4746854e-06 2.5034877e-05 7.3525276e-05 0.31221938 0.093555495 1.9004824e-06 0.00052658183 0.11624333 0.0051681637 0.00072330126 0.014835223 0.0005823202 5.078033e-05 0.009702232 0.012329853 0.00082537066 1.71032e-07 0.00047016493 5.1257102e-05 1.2281043e-06 0.0034059645 0.00032622332 0.022561876 7.1499966e-07 0.004247937 2.424004e-06 4.859992e-07 1.4413929e-06 4.1791003e-07 1.9381916e-06 0.0016979559 0.00017990817 3.235161e-06 0.0113647245 0.012372698
0.8965247 0.034339033 0.09830544 0.29800937 0.0011303405 0.0007152977 0.00073408504 0.39846793 0.3652379 0.0009984648 2.0263888e-05 0.9436307 0.009084148 0.00011039851 0.26235005 0.037542313 8.649656e-05 0.0025282572 0.00019665688 0.022100264 9.988619e-05 7.5387657e-06 1.404267e-06 2.1310495e-06 5.956393e-07 3.6003555e-15 0.0006133938 4.7330308e-05 0.983252 0.0075933374 0.00026446325 9.8924765e-08 0.81240016 1.5947053e-06 0.000544093 0.35866806 0.0013608522 4.6044754e-08 0.005266369 0.027471015 0.0010092815 8.7615954e-05 0.008359795 0.022378726 0.10905888 0.6806998 2.7575352e-08 2.3212817e-07 7.834016e-08 3.0408823e-05 0.007018169 1.224458e-06 9.393734e-09 1.3303965e-05 0.5340214 0.00020736984 3.0015077e-05 0.018268539 0.0012254346 1.0817439e-05 5.833599e-05 0.00045699312 0.00021950844 5.989814e-05 0.30254808 1.171857e-05 0.00032747953 9.930002e-06 0.005905821 1.0536911e-06 1.249787e-07 0.00073376135 1.7853329e-06 6.706885e-07 2.7041497e-07 3.5092486e-07 2.7879085e-07 0.021375753 3.3061173e-05 4.7741844e-07 0.0035025198 0.0036462534 2.080833e-07 8.536412e-07 2.1453896e-07 2.81745e-06 4.4601566e-06 1.4511096e-06 5.894499e-07 0.00019848793 2.044827e-07 6.0634466e-06 0.00014632834 3.0274282e-06 0.00023452815 0.0004256116 6.4557917e-06 3.63139e-06 0.00010684914 0.00081412034 0.0017480246
0.22692211 0.21031007 0.028108519 0.1344994 0.017306468 0.030426383 0.0115109 0.056981903 0.12441044 0.2405368 0.00032745238 0.006024804 0.0014675206 0.00014493505 0.0013162746 0.00059660524 0.183027 0.8150894 0.7137656 0.00018495077 0.7396036 0.00022457124 6.020338e-05 6.0792645e-06 1.7442193e-05 0.0006133938 1.4069282e-13 0.7212139 0.0016370487 0.00011775813 8.960872e-07 5.5226184e-07 0.00019345758 0.0014475569 7.33712e-06 0.00010284797 3.1679633e-07 1.4555407e-06 0.9924595 0.0005818275 6.179111e-06 8.381388e-06 3.0422814e-06 4.0087733e-07 2.2321206e-05 0.00032735025 2.6155757e-07 2.4201658e-05 9.99546e-07 0.6358714 0.00015998022 0.041414067 4.4958227e-08 5.7851935e-07 0.029179376 1.8466342e-05 0.37207544 0.0022781033 6.462919e-06 8.168231e-07 3.897074e-05 4.664805e-05 4.0596416e-07 5.699311e-07 0.00013197216 3.7801718e-07 5.89118e-06 0.020012558 5.7951216e-05 2.9613252e-06 3.2942577e-07 4.8186157e-06 1.3085601e-06 9.908966e-07 3.068364e-07 6.2080863e-07 9.2097775e-07 0.016387763 0.008225615 3.7897297e-07 0.00015466604 0.00012511018 5.122749e-07 1.6600666e-06 2.0872447e-07 3.4537686e-07 4.7231603e-07 1.0145384e-06 1.3906434e-07 2.7798947e-06 3.5643662e-08 5.8294387e-07 0.0045875227 2.1276853e-07 1.2607718e-05 5.9651074e-07 2.842506e-06 0.0002009127 0.019442972 5.428555e-06 4.8041413e-05
0.3727951 0.09933227 0.00737641 0.02385896 0.09069988 0.18655416 0.08275847 0.0034266675 0.0067499676 0.42569312 0.0034988977 0.00054284005 0.0024906485 0.00083324313 0.00017929754 0.00028014174 0.7664458 0.085437946 0.59781176 6.369657e-05 0.9766237 0.009191208 0.0009683254 0.00024302815 0.00016458477 4.7330308e-05 0.7212139 3.0825928e-14 0.00021395738 0.00035235795 1.8999605e-06 1.5970605e-05 6.722022e-05 0.059104014 4.5338425e-06 1.2541319e-05 4.912935e-07 2.293479e-05 0.22811384 0.0004564337 0.000118234915 0.00016613225 3.817361e-06 7.6782e-08 4.037651e-06 0.00024315447 1.5457157e-05 0.0023670832 2.3203833e-05 0.9563193 0.00010346096 0.8510927 5.0990143e-06 5.747378e-06 0.0008072095 5.2533414e-05 0.7999959 0.005247919 5.592017e-06 1.8149063e-06 0.00032987617 0.00012449757 1.6122449e-06 5.3221845e-07 8.5830476e-07 3.903456e-07 6.267147e-06 0.28726417 0.00026214906 1.7058876e-05 2.3020743e-06 7.6663287e-07 2.2848653e-06 6.370225e-06 5.485879e-07 1.6595062e-06 3.4859895e-07 0.00052685215 0.057327844 2.0631353e-06 0.0002601482 8.942646e-05 9.658785e-08 2.761388e-06 1.9197148e-06 1.0962339e-06 1.8089725e-06 3.383493e-05 8.317643e-07 2.7533283e-06 5.959543e-08 2.5797198e-07 0.00019244368 1.1050178e-07 8.176984e-07 2.588214e-07 1.1394155e-05 0.05780239 0.0013600776 3.9629085e-05 0.00011431592
0.7627669 0.028420072 0.05661406 0.1556593 0.0011113129 0.0014183251 0.0009243805 0.2828505 0.27886564 0.002443864 4.8412992e-05 0.7873949 0.0035700907 6.7536435e-05 0.08464704 0.013096034 0.0004444094 0.006780902 0.00041810854 0.0040268246 0.00013652003 2.2913015e-05 7.226345e-06 5.675784e-06 2.1239887e-06 0.983252 0.0016370487 0.00021395738 5.3731334e-16 0.0010342835 4.281164e-05 7.1423426e-07 0.8040908 7.0731693e-07 0.00018162502 0.28578207 0.00015016444 2.068844e-07 0.019724209 0.0040810597 6.333114e-05 1.1960803e-05 0.0004877497 0.004950026 0.098869376 0.9620704 1.3368395e-07 2.2207524e-07 1.6293022e-07 9.371759e-05 0.0010538946 1.4179957e-05 2.4707074e-08 6.013381e-06 0.7494061 5.6337605e-05 6.014399e-05 0.0026429952 0.00019868567 1.5137524e-06 9.253529e-06 0.0002267876 1.1468045e-05 7.840863e-06 0.39350182 4.533931e-07 4.5920675e-05 4.293321e-06 0.0016517617 7.763324e-06 4.645768e-07 0.001374292 3.9631827e-06 7.6479927e-07 5.1789834e-07 5.022822e-07 4.5026653e-07 0.053560466 8.486132e-06 1.5621907e-07 0.00053561194 0.00028803883 2.4432365e-08 6.4629586e-07 2.7114473e-07 3.6304704e-07 1.0086333e-06 3.0451713e-07 7.5667344e-08 0.00016342005 2.2759833e-08 5.3505664e-07 0.00048391247 4.6749855e-07 0.0011520273 1.0345489e-05 2.7813107e-06 2.187402e-06 0.00016244609 8.173874e-05 0.00028111483
0.98500437 0.09695799 0.1698338 0.045997538 0.09293815 0.08628 0.25909218 0.00724113 0.00989344 0.022649223 0.23222136 0.009075736 0.69701225 0.8276096 0.061236545 0.5860402 0.009211895 0.0015245232 0.0010219468 0.1373985 0.00061712175 0.025072046 0.054666396 0.38923493 0.17053337 0.0075933374 0.00011775813 0.00035235795 0.0010342835 6.069218e-16 0.02636092 0.15190744 0.0014554145 0.005152706 0.003526224 0.0015100872 0.0018086723 0.004436248 7.953754e-05 0.5807346 0.94011605 0.44321063 0.004573579 0.0007084058 0.0006198494 0.00025094434 0.016809072 0.0020440347 0.0011609327 4.0074352e-05 0.1308788 0.0014236434 0.00045497672 0.06329496 0.0005303921 0.2040319 0.00017070406 0.85149646 0.02917214 0.00093403476 0.00029065667 0.039392196 0.00014921525 0.00027440177 0.00057541655 0.00019339855 0.00058172934 1.13229535e-05 0.0004158175 0.015385251 0.00044846063 9.085161e-07 0.0029846837 0.0004027247 0.06160658 0.0012366076 0.010970309 0.00032054912 2.8707393e-05 0.00011688061 0.03165057 0.06382348 1.1175252e-05 0.0007649918 0.00038541172 5.5354e-05 0.00056546356 1.5532698e-05 0.00034637665 1.0794e-06 0.0008676264 0.00015001415 1.1637652e-06 1.6760986e-06 2.2815392e-07 0.0001309203 5.5595407e-05 6.0469283e-05 8.511513e-07 0.0018167681 0.026245344
0.96751887 7.570123e-05 0.001403512 0.00018699373 1.6622647e-05 1.0564984e-06 1.0394928e-05 7.975142e-05 3.8704213e-05 1.0467222e-06 5.2230337e-07 0.00140371 0.0014553533 7.058025e-06 0.5074795 0.07259644 1.3769485e-06 4.316682e-06 2.6589337e-06 0.5663621 2.4635372e-07 2.244005e-07 1.5495384e-07 2.5131038e-07 1.6500698e-07 0.00026446325 8.960872e-07 1.8999605e-06 4.281164e-05 0.02636092 5.866935e-16 5.2187886e-08 0.001673362 7.9394944e-08 0.8487942 0.01607068 0.98986226 8.167694e-09 6.844318e-06 0.4956746 0.0017228954 1.9154513e-05 0.6510554 0.3256072 0.026046751 0.00035861542 6.2525176e-09 8.134862e-08 1.6095457e-08 1.1345166e-07 0.7671857 3.4467007e-07 2.8396407e-09 8.527262e-06 2.0005644e-05 0.00011116478 8.9532944e-07 0.18015453 0.36624512 0.016054617 6.2048304e-05 0.00033235183 0.13278486 0.04404235 0.0029809007 0.0065161153 0.16352674 2.9161095e-06 0.09653546 1.4708286e-06 4.0371386e-08 3.9705767e-05 9.493246e-06 8.3181345e-07 1.0283081e-06 2.1124781e-06 2.1616265e-07 1.1157203e-05 2.087414e-05 1.5323214e-07 0.069043174 0.10735176 0.00012848299 1.5507558e-06 3.006329e-07 0.05742655 1.2204306e-05 2.5883855e-06 1.0340236e-06 2.0734009e-05 9.116597e-07 0.025358194 7.8302506e-08 9.376077e-05 3.4339428e-06 0.06463318 3.2340386e-06 2.8612167e-05 1.3250227e-07 0.00043848334 0.0013971905
