7.0767884e-25 0.71420586 0.9128212 0.93142486 0.67401326 0.9073694 0.8568893 0.6180895 0.7350913 0.782893 0.16492581 0.77512985 0.9642365 0.16963555 0.9190882 0.92817134 0.06926898 0.9337305 0.99094456 0.75886697 0.78131 0.023436302 0.93448293 0.032542992 0.8977837 0.93622077 0.095952354 0.9722391 0.40129343 0.9711892 0.99199617 0.25828457 0.88976437 0.76076114 0.9232741 0.17603491 0.9095634 0.970457 0.9375257 0.1095649 0.8668271 0.9967299 0.9264101 0.30082113 0.9348311 0.32467547 0.96720797 0.0015330436 0.82799786 0.9918247 0.011297925 0.09162984 0.35074213 0.0010341869 0.9621234 0.41164875 0.06132593 0.00021169796 0.86260325 0.011243462 0.9165061 0.9950326 6.404975e-05 0.9356349 0.14582644 0.0837475 0.013030025 0.96769315 0.9850522 0.28058937 0.088576026 0.8647812 0.99159104 0.69415766 0.91970176 0.025931694 0.0347787 2.1927875e-05 0.86526716 0.00012691905 0.99984425 0.9997253 0.6514019 0.18490814 0.03153635 4.0845734e-05 0.013088903 0.9919957 0.99748105 0.08689173 0.1174874 0.81004536 0.0003669701 0.5721691 0.15409808 0.9998226 0.99988663 0.01510155 0.2430257 0.44289774 1.3373746e-06
0.71420586 4.265147e-17 0.95946217 0.6065237 0.7797344 0.47621793 0.83716 0.94457966 0.009578727 0.0068295635 0.44934425 0.12951753 0.13116999 0.3216416 0.007828095 0.007188905 0.08340775 0.0052241297 0.00861707 0.000964125 0.00077018637 0.058943648 0.03005322 0.38020235 0.002253571 0.077631496 0.0024129136 0.0011985393 0.00026176634 0.017123653 0.027379684 0.000817436 0.0008968947 0.0017416906 0.00011777239 0.000266585 4.667368e-05 8.187659e-05 3.4303837e-05 0.0018279142 3.2217296e-05 0.012263583 1.3077873e-05 0.0012476442 4.3986024e-06 6.839337e-05 0.002803792 2.4361532e-05 3.82924e-06 0.0036761637 7.085295e-05 3.2730266e-05 9.292705e-06 0.0035452722 1.4883189e-05 1.6211612e-06 6.19312e-05 0.0004483634 3.1161727e-07 6.797175e-05 3.0251266e-07 0.0011841777 9.632522e-06 1.1305997e-06 6.120789e-06 3.7633272e-05 5.2607164e-05 2.1357248e-06 9.389382e-05 2.4808517e-07 9.232532e-06 5.6480707e-07 1.9379911e-05 0.0023827767 4.4234235e-07 1.5231782e-06 6.6085676e-07 0.00010571475 3.2094508e-07 2.3047005e-05 0.0031004339 0.0023314052 9.600309e-07 1.8601316e-08 2.1616616e-07 1.4466928e-05 1.6626833e-05 0.0013760986 1.8126109e-08 4.8545075e-09 2.4867205e-08 1.1056412e-08 5.488e-06 4.167604e-08 9.9662614e-08 0.0004082015 0.0009404308 5.342368e-05 1.6794313e-08 1.8591738e-08 0.00013771429
0.9128212 0.95946217 2.2259784e-17 0.7317658 0.24475531 0.9451077 0.82386607 0.52186686 0.015698537 0.0052062296 0.106411025 0.025672384 0.85610956 0.26280034 0.047357313 0.022152435 0.0974426 0.065381154 0.03356425 0.0012222611 0.0007024001 0.06395875 0.08794687 0.23357859 0.0050989245 0.26366338 0.001625579 0.004472722 0.00023744321 0.09545853 0.27590373 0.0003770359 0.0012313019 0.0041391826 0.00074511924 9.6953445e-05 0.00016942782 0.00027834548 8.969474e-05 0.0055171517 8.889705e-05 0.06024742 2.068564e-05 0.0016941159 8.6678265e-06 3.599378e-05 0.02936219 1.4723605e-05 2.9655688e-05 0.009653749 0.00020757048 1.5682674e-05 3.6778206e-06 0.0017330367 6.865981e-05 7.5352436e-06 0.00010086584 0.00043279788 1.4960624e-06 6.1312676e-05 1.9612357e-07 0.008200812 4.1290812e-05 1.1355563e-06 2.0900574e-05 3.9676397e-05 1.7501297e-05 1.5825639e-06 0.0003799334 8.700031e-07 8.091687e-06 4.4263732e-07 7.331975e-05 0.005219591 2.6910496e-07 2.5189454e-06 8.8871866e-07 4.2029376e-05 1.9567815e-07 8.00678e-06 0.017180659 0.0073687253 6.670074e-07 9.2586916e-08 3.9607963e-07 2.9069894e-05 6.5079207e-06 0.0023051018 2.6113248e-08 3.8223515e-08 1.22753e-07 2.7739942e-08 5.683313e-06 1.1623084e-07 1.4535605e-07 0.0011050785 0.004856402 1.5772548e-05 3.7346474e-08 4.769176e-08 2.8608212e-05
0.93142486 0.6065237 0.7317658 1.4191885e-17 0.9414386 0.038772434 0.019755613 0.09971416 0.9052261 0.39371017 0.22500552 0.7513391 0.63016295 0.009749187 0.0070325644 0.57660043 0.0025641997 0.052815497 0.609859 0.00039811534 0.00021922975 0.0011530402 0.0023929777 0.036188908 0.0004202098 0.48214743 0.039388336 0.000917844 0.0015883761 0.07475949 0.06422547 0.0042667906 0.05253197 0.00046658464 8.613376e-06 0.0014595531 3.7796651e-06 1.5116946e-05 3.7399475e-06 0.00025401308 9.1657915e-07 0.11289702 3.64807e-07 0.00021957856 8.4693305e-08 0.00020857216 0.0057464605 0.0006529306 2.2244787e-07 0.25134668 1.9399366e-05 0.00015511406 6.942292e-05 0.0009563867 1.5787313e-05 3.3907574e-07 4.848858e-05 7.457146e-05 2.794141e-08 8.970013e-05 2.7804726e-08 0.0013670209 5.906837e-06 4.068106e-07 4.2367177e-05 9.986533e-05 0.00017403405 2.3621512e-07 4.8194914e-05 4.0142417e-08 1.584839e-05 1.2773205e-07 7.7537675e-07 0.012181772 1.08437874e-07 3.5722035e-06 2.2989053e-07 0.00016559128 4.869737e-08 3.3853972e-05 0.050810117 0.029582059 1.5123607e-07 1.913035e-08 1.0672067e-07 0.00036513142 2.6475738e-05 0.008920266 1.2819108e-08 8.063734e-09 2.4012827e-08 4.207307e-08 1.9188905e-05 5.4487003e-08 2.7641228e-08 0.0008470753 0.004036906 0.00020115449 1.3342737e-08 1.5186092e-08 2.694964e-05
0.67401326 0.7797344 0.24475531 0.9414386 2.3129014e-19 0.007254947 0.041731983 0.6187043 0.4481715 0.4446556 0.9587326 0.9587547 0.05794494 0.008830752 0.00033375956 0.09589675 0.0008754727 0.0005922535 0.07998527 2.7012013e-05 1.2621204e-05 0.00050756 0.0002965876 0.10507658 8.466698e-06 0.12571992 0.108341485 1.5963218e-05 0.00263949 0.019936828 0.00946747 0.0018057848 0.008917395 2.8484725e-05 2.6913114e-07 0.00066646095 1.6959237e-06 1.8802123e-06 6.5835127e-07 1.4157945e-05 1.2409838e-07 0.016550802 1.16132675e-07 3.269303e-06 3.0174206e-08 0.00018869592 0.00066678296 0.0006971659 2.2211081e-07 0.046494674 7.6406656e-07 8.233505e-05 5.7481597e-05 0.002368089 1.3670463e-06 9.3401766e-08 1.3473232e-07 9.041792e-06 8.363171e-09 1.5534118e-07 1.8543043e-08 0.00024873114 7.645108e-06 6.005517e-08 4.9315595e-06 3.9956144e-06 0.000112874455 1.1284038e-07 3.6883052e-06 7.4317357e-09 8.4282186e-07 1.33787195e-08 1.6488592e-06 0.014189983 1.2007575e-08 7.831252e-08 2.573548e-08 0.0003093626 3.3119265e-09 4.999985e-06 0.0056860563 0.0061637918 3.7898005e-08 1.1544884e-08 4.116552e-08 0.00019053169 1.9298861e-06 0.0045792107 9.942485e-09 3.141032e-09 7.806938e-09 6.2722134e-09 1.5414504e-06 1.6491581e-08 4.9157162e-08 0.00014886816 0.0001930582 3.6339225e-06 2.6489637e-08 2.4196545e-08 1.7303075e-05
0.9073694 0.47621793 0.9451077 0.038772434 0.007254947 4.5212456e-18 0.97031325 0.22165711 0.00054208376 8.577615e-05 0.009024942 0.00022987464 0.8565151 0.259408 0.3879197 0.0006717963 0.2085147 0.32069463 0.00068756787 0.0076929186 0.0045820135 0.08244964 0.20028086 0.12546022 0.018253814 0.053619165 0.00017098546 0.02037559 3.9699178e-05 0.027054198 0.25625503 8.835263e-06 4.0317813e-05 0.005448421 0.0031057282 5.953979e-07 0.00050457456 0.0020101354 0.0003915023 0.024597099 0.0003429816 0.010623844 4.621049e-05 0.0032568306 2.6463493e-05 1.5924826e-07 0.08574136 1.0598125e-06 0.00017090834 0.00050229736 0.001125088 2.0155609e-07 2.0667448e-08 0.00079764175 0.00086603954 9.669185e-05 0.0003548551 0.0013018542 2.5978002e-06 0.00032039388 2.6942803e-07 0.018031139 0.00020975064 1.2869006e-05 9.65797e-05 0.00013711919 5.8222656e-07 7.800282e-06 0.0030741154 2.9358807e-07 1.210596e-05 1.5417451e-07 0.00031006648 0.00041612558 3.395106e-07 2.9529972e-06 3.3441535e-07 1.3367963e-05 1.1909809e-07 1.42339895e-05 0.003130275 0.0015230549 3.698888e-07 3.0357487e-08 2.705522e-07 5.505142e-06 4.698001e-06 8.4465966e-05 9.029422e-07 2.3174053e-08 6.1035585e-08 4.669204e-08 3.2886596e-06 9.6017686e-08 7.398799e-08 0.002504904 0.010178092 7.554224e-06 1.6982785e-08 2.7452499e-08 2.4791374e-05
0.8568893 0.83716 0.82386607 0.019755613 0.041731983 0.97031325 4.2733733e-16 0.90326774 0.00065046485 0.00020166003 0.056304447 0.0018078154 0.12015444 0.8341998 0.12681471 0.00080116425 0.69962865 0.030104056 0.0010555444 0.005956045 0.0045428756 0.3638011 0.4215019 0.43806973 0.020516891 0.014282529 0.00026460405 0.0055340435 3.4752247e-05 0.0064688944 0.025282897 3.2906344e-05 2.3029163e-05 0.00791516 0.0029797892 6.401146e-07 0.0005257735 0.0012679638 0.00035354466 0.06619276 0.00061906397 0.0044332664 0.00016330411 0.013312323 0.00011650558 2.5546254e-07 0.0051048216 8.2748625e-07 0.00015787216 0.00045003902 0.0030244405 1.7530478e-07 3.3378146e-08 0.0027872284 0.00020659293 7.394275e-05 0.00088012917 0.01163234 3.843267e-06 0.0019725994 8.9758475e-07 0.0058132806 0.0014033874 1.3769702e-05 0.00018243867 0.00042194477 2.293527e-07 1.9834972e-05 0.0009514691 9.2360676e-07 3.9042236e-05 6.681527e-07 9.303209e-05 0.00010370791 1.7806585e-06 5.3721615e-06 1.0297094e-06 8.2707455e-05 1.1284087e-06 0.00013299074 0.0018698126 0.0010545059 7.7876865e-07 5.432325e-08 4.171614e-07 1.2309625e-05 3.317155e-05 3.600027e-05 6.1444496e-07 3.019833e-08 8.338312e-08 3.937703e-08 1.2391781e-05 2.5816246e-07 2.6257328e-07 0.002492293 0.0027385396 3.3914435e-05 7.8921765e-08 1.2243908e-07 0.0002875892
0.6180895 0.94457966 0.52186686 0.09971416 0.6187043 0.22165711 0.90326774 2.0403375e-16 0.0013490258 0.00040911368 0.95131683 0.046527926 0.039135285 0.8408048 0.004352641 0.0006479264 0.46554166 0.0037189703 0.00097589724 0.0006950871 0.0005218105 0.2430987 0.0647078 0.7066812 0.0012912896 0.010616801 0.0010751033 0.0003347752 0.00017977816 0.0033581972 0.006511091 8.671263e-05 0.0001552419 0.002687671 0.00012839431 1.2754121e-05 3.491516e-05 7.712558e-05 1.9106858e-05 0.009074364 2.1056425e-05 0.0021483812 8.672474e-06 0.004294655 4.1220915e-06 6.322882e-06 0.00076502725 6.7536466e-06 1.0494925e-05 0.0009626462 0.0006041147 9.41381e-06 9.39679e-07 0.019702679 2.5964291e-05 1.1755619e-05 0.00021149717 0.0019586976 4.1170097e-07 0.00060106633 2.197494e-07 0.00080584 0.0002713899 8.755498e-07 7.383212e-05 0.0002637394 1.4381394e-05 5.585421e-07 1.9647458e-05 7.85666e-07 6.119888e-05 9.338739e-07 2.714002e-06 0.00029935536 6.6989327e-07 7.3014935e-06 2.5309564e-06 8.615837e-05 4.3788575e-07 6.323e-05 0.0012226693 0.0011603798 2.406886e-06 4.9244065e-08 5.9525485e-07 8.517485e-06 3.9652106e-05 0.0001502223 2.3154423e-07 3.183234e-08 2.4249965e-07 3.786592e-08 2.6340193e-05 8.039121e-08 7.127849e-07 0.00044895426 0.0005550204 0.00030449725 1.414631e-07 1.6897849e-07 0.00055510824
0.7350913 0.009578727 0.015698537 0.9052261 0.4481715 0.00054208376 0.00065046485 0.0013490258 8.4212813e-19 0.9816059 0.017974552 0.68034834 0.15490183 0.00061961386 0.00075101585 0.8632825 0.00015211996 0.004397913 0.2323397 1.9697607e-05 9.5852465e-06 9.309674e-06 9.621326e-05 0.00024529328 4.25472e-05 0.08179872 0.086349756 6.398552e-05 0.04462046 0.0314803 0.01395894 0.022401359 0.14921716 0.00012796756 3.5613186e-06 0.011338012 8.147855e-07 1.3446476e-06 1.3589131e-06 5.6123827e-06 1.502761e-07 0.047302894 7.8402155e-07 1.9606568e-06 1.3050443e-08 0.001165895 0.0039670984 0.0007659865 5.383516e-08 0.41695955 3.6357212e-06 0.0005592708 0.0003389266 0.00022452413 1.7096278e-06 1.4074291e-07 3.8247856e-07 1.0040459e-06 4.983877e-09 2.6938332e-07 3.4870398e-09 0.0013200333 1.0092399e-07 3.365553e-08 6.2582653e-06 7.798088e-08 0.00077839417 1.13031135e-07 1.945697e-05 7.863192e-08 1.6823153e-06 5.1473442e-08 1.3050084e-06 0.055784825 1.34930405e-08 1.0176639e-07 2.679182e-08 6.494309e-05 6.2669883e-09 3.5544323e-07 0.052623536 0.0654008 8.112673e-08 1.6644804e-09 3.0801675e-09 0.00025484365 1.9185663e-07 0.027823957 1.1586307e-09 2.0200617e-09 5.2568185e-09 2.1163726e-09 5.3021658e-08 2.4440336e-08 1.2410968e-08 0.0005793061 0.002120291 2.6545058e-07 8.473818e-09 9.865489e-09 1.6868255e-07
0.782893 0.0068295635 0.0052062296 0.39371017 0.4446556 8.577615e-05 0.00020166003 0.00040911368 0.9816059 3.0562636e-19 0.022217218 0.8711633 0.02686856 0.0002780937 3.6737943e-05 0.82532907 4.56906e-05 0.00025189001 0.14229578 2.1187961e-07 5.9506387e-08 1.5799451e-05 2.2024873e-05 7.1490285e-05 2.5785996e-06 0.046350453 0.35285336 1.1289603e-05 0.30625013 0.016879288 0.004741328 0.33277598 0.3546856 6.991718e-05 1.3996684e-07 0.060821667 1.4711707e-08 1.8124389e-07 1.8008667e-08 1.7805601e-06 4.8074136e-09 0.019082438 7.8313676e-09 6.955466e-07 1.2125358e-09 0.012131468 0.0006487135 0.002133678 1.1161123e-08 0.6033 9.0159295e-07 0.0021870008 0.0007335162 0.00011623434 9.20479e-07 4.6387125e-08 6.204715e-08 9.690797e-07 1.7725909e-09 7.1726294e-07 1.1595948e-09 0.00013596898 6.110932e-08 4.600084e-09 9.782314e-07 4.5258997e-07 0.002253355 2.0339956e-09 4.2771723e-07 3.3047267e-09 2.488335e-07 9.958808e-09 6.0049096e-08 0.08015147 1.8877087e-09 3.6559637e-08 1.0082927e-08 0.0001168716 3.88629e-10 4.526347e-06 0.021294238 0.04032823 5.213821e-09 1.707384e-10 8.2968027e-10 0.000501161 2.2228649e-07 0.037866037 1.2908447e-11 4.1875736e-11 3.1459893e-10 4.9965497e-11 1.6789334e-06 7.225303e-10 3.140228e-10 5.7738336e-05 0.000160135 4.3388764e-07 4.692499e-11 6.2692296e-11 1.1779237e-06
0.16492581 0.44934425 0.106411025 0.22500552 0.9587326 0.009024942 0.056304447 0.95131683 0.017974552 0.022217218 1.5117748e-15 0.88401926 0.005987544 0.24257225 0.0008764203 0.0029961097 0.036365334 0.00041728 0.0047102575 3.3175635e-05 1.8398787e-05 0.05108434 0.0024176193 0.8021184 0.00014687164 0.0035640323 0.26168466 1.911373e-05 0.00036383 0.0009998936 0.0007326859 0.0009716297 0.00050059275 0.00092529034 8.186102e-06 0.00018269685 1.2455137e-06 4.9924997e-06 9.3049385e-07 0.00053788855 1.7562046e-06 0.00092717126 1.0306438e-06 0.00038061233 4.98975e-07 1.8311543e-05 7.959688e-05 0.008521382 1.7258044e-06 0.0013853996 4.3310338e-05 0.00010899501 1.3821104e-05 0.14095971 9.534756e-06 1.0384335e-05 2.689495e-05 0.0003579616 8.874022e-08 0.0001229615 8.550094e-08 7.017014e-05 6.825028e-05 9.4339464e-07 0.0003114704 0.00013673371 3.879782e-05 2.018378e-06 3.498884e-06 1.2796634e-06 0.00017802902 9.3265004e-07 1.3784924e-06 0.0007070761 1.3559318e-06 1.3644029e-05 3.0301405e-06 0.009483303 8.011458e-07 0.00010339497 0.00072217226 0.0008201828 2.5693253e-06 7.325332e-08 9.244695e-07 0.0026572873 0.00016961714 0.00053823227 7.8104726e-08 5.0281827e-08 3.7443098e-07 1.1355233e-07 1.3897883e-05 2.0000302e-07 1.1227249e-06 5.3493375e-05 0.00018415732 0.0008420145 1.7918975e-07 3.2188396e-07 0.0071263583
0.77512985 0.12951753 0.025672384 0.7513391 0.9587547 0.00022987464 0.0018078154 0.046527926 0.68034834 0.8711633 0.88401926 5.369768e-18 0.009459731 0.00047869846 6.2738623e-06 0.3252708 0.0001861067 1.9314171e-05 0.1410002 4.2819516e-07 1.5362735e-07 7.682533e-05 1.7103184e-05 0.01548836 1.5964544e-07 0.04277051 0.90748644 3.2810626e-06 0.12062 0.010278273 0.0035481302 0.1804556 0.09077876 2.8529591e-06 1.0077582e-08 0.042734243 4.147731e-08 7.4812e-07 2.5739359e-08 8.0030395e-06 6.790345e-09 0.007183494 1.0916081e-08 1.2305876e-06 1.4629936e-09 0.0017051242 0.00023628215 0.034345377 1.0418204e-08 0.1699912 8.413048e-07 0.00073892454 0.00020174736 0.0036483228 1.0767803e-06 3.7794706e-08 2.839474e-08 7.524995e-08 4.972122e-09 2.4815074e-07 1.6377044e-08 3.5359255e-05 1.8900846e-07 2.2309191e-08 3.6344608e-07 8.043389e-07 0.0021816099 2.741242e-08 5.309582e-07 1.2178605e-08 1.7407096e-07 3.7898147e-08 3.755389e-07 0.046413843 1.2418213e-08 7.618085e-08 2.4228363e-08 0.0020834357 7.635814e-09 8.582377e-07 0.012098263 0.019968528 3.1972903e-08 1.5638734e-09 7.849252e-09 0.0041997503 5.365779e-07 0.018493896 1.6188807e-08 8.8430585e-10 2.1144924e-09 1.3031613e-08 1.4161483e-07 2.4193684e-08 3.6701117e-08 8.384254e-05 0.0001500605 2.7765086e-06 1.1882768e-08 1.0243645e-08 2.198561e-05
0.9642365 0.13116999 0.85610956 0.63016295 0.05794494 0.8565151 0.12015444 0.039135285 0.15490183 0.02686856 0.005987544 0.009459731 2.3759073e-15 0.02140126 0.13192785 0.14442118 0.014373223 0.77812415 0.30285746 0.047128752 0.03134264 0.005212788 0.04404129 0.0054367036 0.024193978 0.67146266 0.0005371097 0.3080335 0.0027299775 0.35255378 0.87882125 0.0017608469 0.016077504 0.0057074646 0.0059119742 0.00013026745 0.016031286 0.018935036 0.007391924 0.0024829316 0.005714123 0.2760833 0.002078727 0.0026821478 0.000980236 0.0008375596 0.40437454 6.4331375e-06 0.00025301843 0.08976307 0.00013674272 2.8268685e-05 8.910458e-05 0.00019722732 0.0010236235 8.1466365e-05 0.00012627638 6.0420683e-05 4.711261e-05 0.00014205776 9.025664e-06 0.054829936 4.325969e-07 2.0680058e-05 0.00013009501 0.00016735145 1.4804495e-05 4.6099834e-05 0.0055374755 4.306994e-06 4.5890385e-05 4.255152e-06 0.00076018757 0.0061461907 3.512873e-06 9.671238e-06 8.451983e-06 1.6894563e-05 2.06321e-06 4.00815e-05 0.23291586 0.07125363 3.9606584e-06 4.5389215e-06 9.090812e-07 4.727209e-06 9.589598e-06 0.0068749473 2.9000573e-06 1.4112301e-07 4.1142303e-07 2.7427055e-07 2.9409966e-06 3.9921653e-07 1.419241e-06 0.014565017 0.1322346 4.3578693e-05 3.2329453e-07 1.5055022e-07 0.00017034516
0.16963555 0.3216416 0.26280034 0.009749187 0.008830752 0.259408 0.8341998 0.8408048 0.00061961386 0.0002780937 0.24257225 0.00047869846 0.02140126 6.4927147e-17 0.043218695 0.00047057515 0.97323805 0.006020092 0.00022639042 0.0031774342 0.0020422966 0.8861124 0.29972792 0.6035157 0.0027613423 0.0011513722 0.00028441037 0.00024289168 9.749372e-05 0.0004084393 0.003480288 4.225242e-05 9.401918e-05 0.0033516956 0.00017266884 7.4648556e-06 1.0810797e-05 0.00010327858 8.2077395e-06 0.110668264 1.40516e-05 0.000117258205 6.5349996e-06 0.0035487036 4.3799287e-06 4.329768e-06 0.00097499497 8.511687e-06 2.914454e-05 0.00032889296 0.0063614226 1.4515173e-05 1.4273159e-06 0.004642586 8.220364e-05 2.0774127e-05 0.00015612785 0.0075736507 1.0135567e-06 0.0011964951 9.3637715e-07 0.00022871153 0.001202245 7.464108e-06 2.1629896e-05 0.00028989842 2.1467804e-06 8.7027274e-07 4.0317584e-05 7.666965e-07 2.2622498e-05 3.3935316e-06 2.055581e-05 0.00032822773 1.0909578e-06 2.742262e-06 7.916121e-07 0.00010883598 7.833676e-07 3.5164718e-05 0.0005517073 0.0006682385 1.8820834e-06 1.5025546e-07 9.297159e-07 8.33073e-06 2.3793886e-05 0.00013673255 2.5479428e-06 3.5446698e-07 7.341862e-07 2.5822376e-07 1.085256e-05 4.184588e-07 2.5399174e-06 0.0010593528 0.0004056745 7.530614e-05 7.6791554e-07 4.7159273e-07 0.0005854409
0.9190882 0.007828095 0.047357313 0.0070325644 0.00033375956 0.3879197 0.12681471 0.004352641 0.00075101585 3.6737943e-05 0.0008764203 6.2738623e-06 0.13192785 0.043218695 4.6676866e-17 0.005011935 0.16889851 0.9510528 0.0077176797 0.80376637 0.7139406 0.038448256 0.82391 0.0009299036 0.81924623 0.02480554 8.878589e-07 0.16936418 1.2044375e-05 0.01824206 0.076303385 2.4025908e-06 0.00021630815 0.096028514 0.17896932 4.407426e-07 0.021459267 0.026071062 0.013570006 0.32365847 0.015723763 0.0079927845 0.0016726719 0.07588543 0.00062765344 4.0719506e-06 0.07637687 4.851448e-07 0.00083171757 0.0032573882 0.057137985 2.2805789e-06 4.6154426e-07 0.00014312593 0.0025771123 0.0002995527 0.005065615 0.0067559313 2.2744181e-05 0.0095113125 8.693516e-06 0.035513125 0.0017272304 8.8627865e-05 0.0002133978 0.0007580133 1.2178001e-06 0.00012538933 0.007645776 1.218994e-05 0.0001359236 4.345272e-06 0.001978516 0.00078856095 3.2637297e-06 0.00011779507 1.6466696e-05 3.707612e-05 3.0051265e-06 0.0003576417 0.0019451173 0.000952928 1.2237867e-06 9.164414e-08 1.3349891e-06 4.108046e-06 4.213368e-05 0.00038644497 1.5895574e-05 2.6622843e-07 3.0119017e-07 2.3378351e-07 1.2977535e-05 2.0204625e-07 8.425735e-07 0.0060076662 0.0040049083 1.0160804e-05 1.8477189e-07 8.702997e-08 3.302024e-05
0.92817134 0.007188905 0.022152435 0.57660043 0.09589675 0.0006717963 0.00080116425 0.0006479264 0.8632825 0.82532907 0.0029961097 0.3252708 0.14442118 0.00047057515 0.005011935 3.4425226e-18 0.00023545999 0.074026704 0.95837724 0.0005488826 0.0002668602 2.3704739e-05 0.000495152 9.2499155e-05 0.00047576657 0.27189818 0.06456429 0.0056805713 0.25925094 0.0739396 0.023380997 0.16717988 0.248134 0.00045848565 0.00020090122 0.056062866 0.000121762496 0.00018693434 7.462232e-05 0.00010365382 2.8467124e-05 0.12741433 2.5538034e-06 0.00027647006 3.2676605e-06 0.009750261 0.015961127 0.00026098164 7.911793e-06 0.7147122 8.4074145e-06 0.002449826 0.0029749947 0.00035109321 1.5445532e-05 3.2216726e-06 1.255444e-06 9.561117e-06 2.8444384e-07 5.927015e-06 1.4235333e-07 0.0024242827 3.2474825e-06 2.5451232e-08 9.187048e-05 4.7767033e-05 0.0012446351 2.14642e-08 8.3653256e-05 3.8601695e-07 2.3351544e-05 3.4169054e-07 9.911557e-07 0.07996047 1.6809496e-09 2.043754e-06 1.6562846e-07 4.9831404e-05 3.7478304e-10 0.00011550173 0.26912013 0.3729467 9.062899e-08 9.848103e-08 1.0060385e-06 0.00012485153 3.103284e-05 0.0587933 5.6855215e-11 2.3866528e-08 6.271523e-08 9.000838e-10 9.246256e-05 6.6224445e-08 1.14663614e-07 0.002488671 0.020759283 2.1974289e-05 1.3647092e-08 1.4335733e-08 6.6941593e-06
0.06926898 0.08340775 0.0974426 0.0025641997 0.0008754727 0.2085147 0.69962865 0.46554166 0.00015211996 4.56906e-05 0.036365334 0.0001861067 0.014373223 0.97323805 0.16889851 0.00023545999 3.360342e-17 0.022683397 0.00014344403 0.007900443 0.0055535734 0.96073973 0.7310278 0.33946636 0.013892624 0.0010518172 3.879778e-05 0.0016092596 4.00065e-05 0.00039536358 0.0030628347 9.450664e-06 1.8816949e-05 0.015854046 0.0017745007 1.0300247e-06 6.795885e-05 0.00030150046 4.2757492e-05 0.51494163 8.248273e-05 0.00019396821 2.5623236e-05 0.020676702 4.047048e-05 1.3709538e-06 0.0017982711 1.1963547e-06 6.25923e-05 6.109217e-05 0.086862676 2.1594865e-06 6.745063e-07 0.001529441 0.00013976284 3.3088014e-05 0.00032394435 0.050342966 4.3358464e-06 0.012423653 2.4668345e-06 0.0010143484 0.009129083 3.0083082e-05 6.5057146e-05 0.00040280513 1.5273477e-07 1.04566025e-05 0.00028943905 2.7446454e-06 3.887716e-05 6.3999287e-06 5.6232726e-05 0.00017644878 7.798721e-06 7.362199e-06 1.2367265e-06 1.4948167e-05 5.0055337e-06 0.0003667058 0.0003698308 0.000689643 2.7315007e-06 3.2759772e-07 6.6376856e-07 2.778294e-06 5.2679006e-05 8.603364e-05 1.2657727e-05 3.830681e-07 9.619133e-07 7.1428605e-07 0.000113127164 8.161807e-07 2.0551663e-06 0.00065104227 0.00089157536 2.3803123e-05 8.0124204e-07 8.683676e-07 0.0004979547
0.9337305 0.0052241297 0.065381154 0.052815497 0.0005922535 0.32069463 0.030104056 0.0037189703 0.004397913 0.00025189001 0.00041728 1.9314171e-05 0.77812415 0.006020092 0.9510528 0.074026704 0.022683397 2.8532207e-19 0.08550236 0.47889525 0.46656093 0.0037648743 0.3168269 6.855407e-05 0.10600408 0.1840369 1.1889116e-06 0.9536992 4.3103573e-05 0.14550361 0.41574612 5.658613e-06 0.0018462759 0.01064533 0.06586793 3.3683355e-07 0.15132234 0.14642529 0.07515573 0.052088216 0.09119144 0.094171904 0.00871264 0.009438131 0.005193436 1.01492205e-05 0.46793538 9.327608e-08 0.0024466577 0.013264274 0.0025629408 7.2463894e-07 8.156189e-07 6.61259e-05 0.011241323 0.0005645871 0.00040092724 0.00076452986 0.0005855886 0.00066802 0.00018009801 0.11855797 0.00011810013 0.00017157743 8.680124e-05 0.00021942364 3.7244627e-07 0.00015729025 0.027653508 7.692534e-05 0.00010344842 4.3427386e-05 0.009759899 0.00082718383 1.46484645e-05 3.445173e-05 3.0298097e-05 5.1778056e-06 9.634901e-06 3.7018542e-06 0.06438093 0.008538714 5.552003e-06 1.9058257e-06 2.3106636e-06 8.4890735e-07 4.7569306e-06 0.0004082387 0.0001223691 5.9033425e-07 1.6154262e-06 1.1781282e-06 4.782373e-07 4.2480664e-07 9.459802e-07 0.028516648 0.057569407 4.9002333e-06 1.352812e-07 5.759345e-08 4.0215356e-05
0.99094456 0.00861707 0.03356425 0.609859 0.07998527 0.00068756787 0.0010555444 0.00097589724 0.2323397 0.14229578 0.0047102575 0.1410002 0.30285746 0.00022639042 0.0077176797 0.95837724 0.00014344403 0.08550236 9.771731e-18 0.00062767236 0.00033312736 2.6068674e-05 0.00017611154 8.46753e-06 0.0007873274 0.7590837 0.007894327 0.010075307 0.022111494 0.20782484 0.07400142 0.022092883 0.055477273 0.000799874 0.00019592234 0.00723697 0.0001917576 0.00063177745 0.0001290912 1.7035856e-05 0.00011351536 0.44913495 1.7531565e-05 5.8440502e-05 4.0285236e-06 0.0011220078 0.019359255 0.00010835503 4.1817575e-06 0.5153748 1.3048472e-05 0.0001272242 4.4462282e-05 2.0315958e-05 9.264526e-05 2.5627257e-06 1.52536095e-05 7.9023397e-07 2.3287896e-07 4.6452296e-06 8.846087e-08 0.0017447193 6.412306e-08 3.1244332e-07 1.518794e-05 1.165622e-05 0.00031303376 2.668634e-07 0.00037593345 7.4916706e-08 4.998126e-06 5.099471e-08 2.4099973e-05 0.012563741 3.189299e-08 6.8743987e-07 2.7329455e-07 9.803808e-06 8.859878e-09 5.0657254e-06 0.63358134 0.5172873 1.1897573e-07 8.545265e-09 1.2930319e-07 2.700699e-05 1.2736106e-05 0.017348656 2.987581e-10 1.1286846e-09 5.2921902e-09 4.5192206e-10 6.3464154e-07 1.899705e-08 3.6964988e-08 0.0023930462 0.049158555 9.459103e-06 3.647576e-09 1.133887e-09 6.2944428e-06
0.75886697 0.000964125 0.0012222611 0.00039811534 2.7012013e-05 0.0076929186 0.005956045 0.0006950871 1.9697607e-05 2.1187961e-07 3.3175635e-05 4.2819516e-07 0.047128752 0.0031774342 0.80376637 0.0005488826 0.007900443 0.47889525 0.00062767236 6.5506277e-18 0.98542196 0.001367913 0.2726576 7.452106e-05 0.7163172 0.0062439227 5.5356086e-06 0.3309572 9.729486e-07 0.0035997955 0.026735824 7.4683265e-07 5.0336334e-06 0.33330035 0.71725845 3.7661934e-08 0.09401968 0.097419105 0.09366403 0.055514067 0.15873662 0.0025786548 0.055404585 0.0776415 0.07163479 4.2488077e-07 0.13020594 5.9313184e-06 0.19522293 0.0003829885 0.01595785 4.034598e-06 9.800022e-08 0.00012365862 0.021391567 0.08369791 0.017123586 0.0007436412 0.020936245 0.018984161 0.00015347543 0.07212014 0.00066196924 0.001263229 0.010834006 0.017721483 5.030878e-08 0.0011639796 0.04472193 0.0028027522 0.010625177 0.00011543302 0.01632961 3.2291642e-05 0.00030803017 0.0027289635 0.0015641302 4.8163347e-05 0.00023376691 0.00076148676 0.0007904327 0.0012002563 0.00011144013 8.6775246e-05 0.00013355991 5.416478e-05 0.0011052878 7.635444e-05 0.0005376657 3.7284855e-05 4.7279824e-05 2.0215304e-05 0.0019241672 2.1899872e-05 4.6510875e-05 0.023530914 0.0065209363 8.633759e-05 1.4587682e-05 1.4501849e-05 3.50743e-06
0.78131 0.00077018637 0.0007024001 0.00021922975 1.2621204e-05 0.0045820135 0.0045428756 0.0005218105 9.5852465e-06 5.9506387e-08 1.8398787e-05 1.5362735e-07 0.03134264 0.0020422966 0.7139406 0.0002668602 0.0055535734 0.46656093 0.00033312736 0.98542196 6.147926e-18 0.0006182811 0.23279051 5.397698e-05 0.68023735 0.0062896633 4.28891e-06 0.37471443 4.48072e-07 0.0034800128 0.030198656 6.783588e-07 2.4975463e-06 0.3300099 0.7514832 2.5570296e-08 0.10605959 0.12615207 0.11972316 0.033478424 0.17750485 0.0021780808 0.07659314 0.06515711 0.10667717 1.0806746e-07 0.1569214 3.1632098e-06 0.23817892 0.0002424709 0.009970004 3.2692933e-06 4.8509648e-08 0.00010229754 0.03680035 0.08739743 0.0154486345 0.00046826297 0.028440814 0.015905892 0.00032856627 0.09418005 0.00045893842 0.002271452 0.0106886 0.018511659 5.303612e-08 0.0018448422 0.06417069 0.0026508002 0.011077812 0.00015371172 0.022325866 1.7541031e-05 0.00058485364 0.0024542457 0.0014325026 2.1682872e-05 0.0002990021 0.00047177516 0.00074084656 0.0010388358 0.00010801951 0.000106589716 0.00016974773 5.242946e-05 0.0012609649 6.481167e-05 0.0006633143 3.0218569e-05 4.245819e-05 2.980892e-05 0.001696275 2.1208118e-05 3.7132522e-05 0.031376213 0.007234838 7.774405e-05 1.2118136e-05 1.15542e-05 1.1333666e-06
0.023436302 0.058943648 0.06395875 0.0011530402 0.00050756 0.08244964 0.3638011 0.2430987 9.309674e-06 1.5799451e-05 0.05108434 7.682533e-05 0.005212788 0.8861124 0.038448256 2.3704739e-05 0.96073973 0.0037648743 2.6068674e-05 0.001367913 0.0006182811 1.00736596e-16 0.5112442 0.96353465 0.0029848232 5.12323e-06 4.646229e-05 7.252882e-05 2.3928325e-05 4.565906e-05 0.0001703749 5.5273945e-06 8.668191e-06 0.004124955 9.6217016e-05 4.9177726e-07 9.034673e-06 4.4839348e-05 1.45286895e-05 0.5748454 1.0012227e-05 8.941908e-06 1.6685446e-05 0.01596001 7.114033e-06 1.4674088e-06 6.673421e-05 1.0078252e-05 6.4853307e-06 3.420335e-05 0.1802946 3.2672895e-06 5.1148544e-07 0.023154585 0.00022767133 9.215309e-06 0.00026920575 0.3036211 1.7545136e-06 0.041362062 2.1664714e-06 0.0001614499 0.105088964 4.1508985e-05 3.5599725e-05 0.00014660784 9.839147e-08 1.7981338e-05 7.346191e-05 2.235315e-06 3.90368e-05 4.687113e-06 8.064239e-06 1.653228e-05 2.4767436e-05 9.202995e-06 3.689093e-06 0.00014721409 3.6751717e-05 0.001843147 0.00011464508 0.000119852564 4.648549e-06 3.6676857e-07 7.266479e-07 5.184669e-06 1.8557419e-05 1.0289816e-05 1.9954452e-06 1.2486635e-07 4.9325354e-07 2.1203862e-06 0.00012860338 5.0679506e-07 2.8865727e-06 7.382064e-05 0.00015777673 7.2209e-05 4.1566426e-07 3.470419e-07 0.007874601
0.93448293 0.03005322 0.08794687 0.0023929777 0.0002965876 0.20028086 0.4215019 0.0647078 9.621326e-05 2.2024873e-05 0.0024176193 1.7103184e-05 0.04404129 0.29972792 0.82391 0.000495152 0.7310278 0.3168269 0.00017611154 0.2726576 0.23279051 0.5112442 1.4019886e-13 0.011424971 0.53917825 0.0036868616 9.846968e-06 0.053790342 0.00014227007 0.0020573274 0.017466433 4.6647915e-07 0.000154615 0.5600999 0.15516058 1.3494218e-07 0.024437234 0.0057017715 0.01772342 0.98247284 0.037869196 0.00019498474 0.002094648 0.7820444 0.0021467928 1.6845403e-06 0.013205268 8.2852625e-07 0.0031506827 0.001418662 0.45231727 1.5189439e-06 4.954304e-06 0.00014222342 0.00074413535 0.0020594222 0.15590103 0.03005303 0.00045073443 0.18849313 0.00016208444 0.0038690725 0.010843029 4.7781294e-05 0.0011365251 0.010825279 3.7646404e-07 2.374406e-05 0.00077229756 4.5552028e-05 0.00010040037 0.00020440268 0.00026772718 0.0027642709 1.1744348e-05 3.3041848e-05 2.0968633e-05 2.0403827e-06 3.6290598e-06 0.0036389548 0.0018432753 0.0037076103 2.3058636e-05 3.754977e-07 7.2953367e-07 7.0657024e-06 0.0002164427 0.0021934395 8.762979e-06 1.351485e-07 1.0002564e-06 5.7620014e-07 0.001606806 4.063102e-08 4.5004863e-06 0.0020081205 0.002558734 0.00017839017 8.39379e-07 1.3542034e-07 2.9894383e-05
0.032542992 0.38020235 0.23357859 0.036188908 0.10507658 0.12546022 0.43806973 0.7066812 0.00024529328 7.1490285e-05 0.8021184 0.01548836 0.0054367036 0.6035157 0.0009299036 9.2499155e-05 0.33946636 6.855407e-05 8.46753e-06 7.452106e-05 5.397698e-05 0.96353465 0.011424971 6.35629e-16 0.00017620393 4.74536e-05 0.0013021335 8.5380525e-06 7.894289e-05 9.186619e-05 0.0010249559 3.1834727e-05 5.3716725e-05 0.00047999332 1.2924032e-05 9.879702e-06 6.5850264e-07 4.28224e-06 4.4154578e-07 0.01588505 1.1258022e-06 1.942619e-05 6.8424936e-07 0.0014078285 4.0799367e-07 5.4079323e-06 0.00027650144 0.00056393916 6.0875436e-06 0.00058474956 0.004773998 1.4783586e-05 3.002494e-06 0.9742017 7.882921e-05 3.6976224e-05 2.1609996e-05 0.001949461 6.655383e-07 0.0014074364 4.4966188e-07 0.000100190715 0.00040819024 4.546451e-06 1.4368467e-05 5.7978246e-05 2.877549e-06 1.211792e-06 4.667079e-05 2.1280486e-07 6.4615604e-05 2.1215653e-06 3.4677278e-06 0.0005390728 8.0233406e-07 1.1255696e-05 2.8709921e-06 0.0035682307 6.1483945e-07 2.9682342e-05 0.00075952196 0.00097202027 1.1476059e-06 2.0237738e-07 1.0347594e-06 0.0001584465 3.4609402e-05 0.00013521781 2.4591992e-07 6.810782e-07 2.199797e-06 2.412079e-08 3.997178e-06 4.8535657e-08 3.6783742e-06 0.00016373125 0.0005112929 0.00039235526 5.104324e-07 2.410181e-07 0.030302506
0.8977837 0.002253571 0.0050989245 0.0004202098 8.466698e-06 0.018253814 0.020516891 0.0012912896 4.25472e-05 2.5785996e-06 0.00014687164 1.5964544e-07 0.024193978 0.0027613423 0.81924623 0.00047576657 0.013892624 0.10600408 0.0007873274 0.7163172 0.68023735 0.0029848232 0.53917825 0.00017620393 1.7732565e-17 0.004593463 3.1556292e-06 0.08244288 2.278227e-06 0.0044524833 0.019310486 3.8928687e-07 5.9320255e-06 0.9739796 0.89065224 3.84902e-07 0.066618204 0.048970092 0.098702416 0.12974444 0.07862969 0.0012925228 0.047527034 0.24783222 0.031514082 5.8081514e-07 0.033135194 1.1017615e-06 0.105366744 0.00034023382 0.055684913 3.0482322e-06 2.5196286e-07 6.314455e-05 0.011742282 0.19691938 0.089851886 0.0022370552 0.015412302 0.063003585 0.0005524844 0.03164858 0.00086658355 0.0015100023 0.037641753 0.055716906 7.447189e-07 0.00071868923 0.01849871 0.0014203569 0.015158516 4.282998e-05 0.0045693587 0.00032879165 0.0003967781 0.003122289 0.00082679855 4.211319e-05 9.402465e-05 0.0015428411 0.0004966083 0.0006787284 2.1507856e-05 1.4508563e-06 8.105512e-06 4.9592436e-06 0.0014391101 0.000100219484 0.00023269393 2.1909149e-07 2.79787e-07 3.5459736e-06 0.0033425568 1.3587693e-06 3.0543981e-06 0.023261275 0.003429975 4.772387e-05 6.435233e-07 7.458924e-07 7.368542e-06
0.93622077 0.077631496 0.26366338 0.48214743 0.12571992 0.053619165 0.014282529 0.010616801 0.08179872 0.046350453 0.0035640323 0.04277051 0.67146266 0.0011513722 0.02480554 0.27189818 0.0010518172 0.1840369 0.7590837 0.0062439227 0.0062896633 5.12323e-06 0.0036868616 4.74536e-05 0.004593463 2.4036899e-18 0.0029242123 0.0469021 0.006581728 0.96400946 0.6775156 0.0060449075 0.009216105 0.00056477205 0.0020642346 0.0034421121 0.002936188 0.013655148 0.0024652379 8.481282e-05 0.0013541371 0.81302094 0.00063752907 0.000103580016 0.0003310763 0.0020985738 0.15087605 8.833173e-06 5.925396e-05 0.13975216 2.4710693e-05 0.0005050644 0.00023095157 0.00033684514 0.0034266235 5.1964303e-06 6.480184e-07 1.6787582e-05 3.4228817e-06 3.061863e-05 3.7066093e-06 0.021705892 4.459994e-06 2.5135185e-05 4.468537e-05 7.260304e-06 0.00013657133 7.05638e-05 0.0065091066 7.81333e-07 6.803644e-06 1.3035207e-06 0.0004710601 0.003688388 6.3962066e-06 1.2582416e-06 2.5479224e-07 0.00017867058 1.6884021e-06 1.428425e-05 0.46287096 0.20250586 1.3629196e-06 2.8975538e-07 5.738246e-07 0.0001433296 4.4467606e-06 0.016880255 5.480007e-07 6.1033575e-07 6.1089486e-07 4.864678e-08 1.5617095e-05 7.054509e-07 4.9120257e-07 0.023323605 0.10582587 5.976795e-06 1.3658766e-07 1.3206967e-07 5.9994247e-05
0.095952354 0.0024129136 0.001625579 0.039388336 0.108341485 0.00017098546 0.00026460405 0.0010751033 0.086349756 0.35285336 0.26168466 0.90748644 0.0005371097 0.00028441037 8.878589e-07 0.06456429 3.879778e-05 1.1889116e-06 0.007894327 5.5356086e-06 4.28891e-06 4.646229e-05 9.846968e-06 0.0013021335 3.1556292e-06 0.0029242123 8.915386e-15 1.419342e-05 0.21716323 0.0008352106 0.000546623 0.1957017 0.04009809 8.261912e-06 1.1307818e-06 0.07885069 5.9989975e-06 2.7519684e-06 2.983843e-06 2.5369653e-05 6.6068633e-06 0.0010570633 2.6242697e-06 2.6028567e-06 7.0151003e-07 0.019757414 0.00011144309 0.99905413 5.9968584e-06 0.06564267 4.548704e-05 0.019596664 0.012052964 0.00079861976 7.6125943e-06 2.1523995e-06 7.164791e-08 1.4796956e-07 5.0929443e-06 2.7239868e-05 5.058021e-06 2.6490132e-05 3.2669294e-07 2.5714212e-06 4.466196e-06 4.0922605e-06 0.09882488 9.1036344e-07 1.4269865e-06 4.6487858e-07 7.4032887e-06 5.5499997e-05 4.652634e-06 0.045524288 1.3609597e-06 4.1969993e-06 2.2910644e-06 0.0011443165 7.3577945e-07 1.3304744e-06 0.009293136 0.030786779 5.6472977e-06 6.120683e-08 9.81852e-07 0.010060444 5.157649e-06 0.057901148 8.182031e-07 1.1693897e-07 5.9027343e-07 3.6346484e-07 3.774595e-07 5.3872242e-08 4.9578375e-07 0.00021664941 0.0005788897 1.4112489e-05 1.0057176e-07 3.0822612e-08 0.0002105754
0.9722391 0.0011985393 0.004472722 0.000917844 1.5963218e-05 0.02037559 0.0055340435 0.0003347752 6.398552e-05 1.1289603e-05 1.911373e-05 3.2810626e-06 0.3080335 0.00024289168 0.16936418 0.0056805713 0.0016092596 0.9536992 0.010075307 0.3309572 0.37471443 7.252882e-05 0.053790342 8.5380525e-06 0.08244288 0.0469021 1.419342e-05 5.241999e-17 2.9426536e-05 0.04156029 0.2477703 6.119584e-07 0.0003797771 0.013587131 0.1994438 9.741073e-07 0.51936775 0.9211277 0.5047277 0.004212908 0.40447783 0.042154875 0.25245765 0.0047491705 0.19961432 2.433238e-06 0.73466164 2.341212e-06 0.031288598 0.004268054 0.00074121164 7.203539e-07 6.5969624e-07 0.00019532087 0.18826242 0.0072749224 0.0014238906 9.003738e-05 0.016624201 0.0008961928 0.008922445 0.42513356 3.4385917e-05 0.008177538 0.001620699 0.0021598588 1.1879924e-06 0.0056673684 0.26128903 0.001038396 0.002062305 0.0012911503 0.11319948 0.0004900593 0.0013384374 0.0012974405 0.00070628495 1.0510641e-05 0.0009566056 1.519062e-05 0.045182064 0.007400014 0.0001545945 9.333664e-05 0.00011921441 7.0225005e-06 0.00017121994 0.0005562492 0.0025519715 2.327473e-05 6.7585985e-05 0.00012026395 1.6919572e-05 3.300601e-05 3.9537845e-05 0.19342165 0.15557317 0.00016447698 1.6618336e-05 1.8773268e-05 5.021798e-05
0.40129343 0.00026176634 0.00023744321 0.0015883761 0.00263949 3.9699178e-05 3.4752247e-05 0.00017977816 0.04462046 0.30625013 0.00036383 0.12062 0.0027299775 9.749372e-05 1.2044375e-05 0.25925094 4.00065e-05 4.3103573e-05 0.022111494 9.729486e-07 4.48072e-07 2.3928325e-05 0.00014227007 7.894289e-05 2.278227e-06 0.006581728 0.21716323 2.9426536e-05 6.4603813e-15 0.0025570702 0.0014355681 0.5991762 0.9838037 1.1624604e-05 3.3599937e-07 0.4733483 1.2055618e-06 1.2088638e-06 1.2112895e-06 2.7770848e-05 6.6098914e-07 0.0046583437 5.258587e-06 1.7448701e-05 4.1550928e-07 0.8457361 0.00024316747 0.014007843 6.4364787e-07 0.5767989 1.8879906e-06 0.6515754 0.8016561 0.00014956544 3.857581e-06 1.9594541e-05 2.3082473e-06 2.3766285e-07 2.1721855e-06 1.8413532e-05 1.6570581e-06 6.551989e-05 2.943714e-07 1.05543e-06 3.5490368e-05 1.7101635e-05 0.2629976 2.5837762e-06 2.6413684e-06 8.977514e-06 2.8600656e-05 1.5547297e-05 7.356539e-07 0.3097308 9.1049276e-07 4.424219e-06 1.4567738e-06 0.00047085507 5.1784895e-07 1.8124234e-05 0.008919365 0.06954903 5.655921e-06 1.7016646e-07 1.5774533e-07 0.007000255 9.116628e-06 0.06489069 4.695479e-08 1.1802856e-07 2.4505533e-07 1.778984e-07 1.8075609e-05 1.0653849e-06 8.811621e-07 3.997946e-05 0.0005866149 6.374227e-05 3.2199787e-07 2.2233293e-07 3.7218758e-06
0.9711892 0.017123653 0.09545853 0.07475949 0.019936828 0.027054198 0.0064688944 0.0033581972 0.0314803 0.016879288 0.0009998936 0.010278273 0.35255378 0.0004084393 0.01824206 0.0739396 0.00039536358 0.14550361 0.20782484 0.0035997955 0.0034800128 4.565906e-05 0.0020573274 9.186619e-05 0.0044524833 0.96400946 0.0008352106 0.04156029 0.0025570702 4.9371524e-18 0.585303 0.002373742 0.0020417182 0.0022581697 0.0018081361 0.001205147 0.0023626594 0.012150155 0.0014099865 0.00014915735 0.0012658054 0.81933916 0.0006547501 0.00021931154 0.0001506961 0.0013989891 0.12200198 2.7123888e-05 2.4713947e-05 0.020661777 0.000101900376 6.310325e-05 3.9230497e-05 5.9735048e-05 0.0013114312 5.7985576e-06 1.805621e-05 1.7496624e-05 3.4036505e-06 4.335687e-05 1.0116804e-06 0.010836496 4.3355735e-06 2.1787819e-05 3.9311242e-05 2.490075e-05 0.00018339022 2.017078e-05 0.0026447852 7.9105286e-07 9.7043685e-06 5.0437075e-07 0.00044507108 0.0018189691 2.0924017e-06 1.8564297e-06 1.0099847e-06 5.5589462e-05 8.3547377e-07 3.146897e-05 0.6180932 0.13187824 3.885547e-07 5.793124e-08 6.146999e-07 3.6443427e-05 7.829289e-06 0.0032419066 1.203054e-07 6.2450475e-08 1.7375268e-07 9.396207e-09 3.557717e-06 2.1251931e-07 5.6779743e-07 0.026559861 0.17043692 1.3383372e-05 6.05412e-08 1.8581211e-08 9.520432e-05
0.99199617 0.027379684 0.27590373 0.06422547 0.00946747 0.25625503 0.025282897 0.006511091 0.01395894 0.004741328 0.0007326859 0.0035481302 0.87882125 0.003480288 0.076303385 0.023380997 0.0030628347 0.41574612 0.07400142 0.026735824 0.030198656 0.0001703749 0.017466433 0.0010249559 0.019310486 0.6775156 0.000546623 0.2477703 0.0014355681 0.585303 8.565204e-17 0.0006721571 0.0011055402 0.002670052 0.010919649 0.000402112 0.024066508 0.08351049 0.017988004 0.0007592862 0.010974538 0.43385604 0.004683503 0.0012181452 0.0034290901 0.00044649097 0.8142507 1.59599e-05 0.00070755807 0.0032289226 0.0003902787 9.689429e-05 0.00014973701 0.00036024052 0.013607736 0.00032997623 0.00014813061 0.00032285164 9.3300856e-05 0.0003881529 0.0001519957 0.22199726 7.059772e-05 0.0006693362 0.0008789134 0.0001145583 5.0930146e-05 0.000907725 0.032325245 1.0436746e-05 0.00040733707 4.314742e-05 0.009343764 0.0015358927 7.1817405e-05 2.1381693e-05 4.9955765e-06 6.286551e-05 4.4514338e-05 0.0003024289 0.26392266 0.03380987 1.860514e-05 2.3875612e-06 2.159979e-06 0.00013423823 6.105524e-05 0.0012206798 4.0603816e-05 1.2582152e-06 2.0773086e-06 2.172285e-06 3.7438822e-05 3.0525816e-06 6.604885e-06 0.14666073 0.65627915 0.00018872293 3.51225e-06 1.80484e-06 0.00031251262
