3.9216264e-34 0.88927037 0.907865 0.95983595 0.9712862 0.71648455 0.98675025 0.9513746 0.9678264 0.82302886 0.9579795 0.44883972 0.31309554 0.8334123 0.63212585 0.20755617 0.5644412 0.88115346 0.16267624 0.887939 0.18958545 0.15484971 0.08214593 0.11192837 0.9791419 0.6930348 0.59359854 0.06689348 0.98487926 0.042487245 0.5872719 0.59391224 0.02528312 0.022817135 0.3398861 0.01263617 0.061493512 0.557031 0.012913369 0.62488097 0.1623945 0.120429285 0.008284747 0.054660674 0.8880124 0.095025405 0.021591824 0.0833874 0.34201312 0.025249831 0.39384982 0.8953253 0.004552649 0.00867518 0.0017433423 0.04739009 0.008851764 0.19749877 0.027254837 0.0036204527 0.0014830313 0.93918294 0.0025759107 0.5354961 0.014780458 0.9896896 0.0016004822 0.0008082322 0.98762155 0.0026645206 0.00091849203 0.0008788048 0.97682345 0.0004348657 0.016179094 0.0008844157 8.459374e-05 0.041997887 0.00038724707 0.00035896202 0.021520775 0.005206923 2.6071559e-05 0.0008490686 0.89352626 3.4339806e-05 4.7667213e-06 0.91945386 6.447614e-06 0.015353987 0.9870624 0.32784837 0.0057301363 0.16361943 9.5790834e-05 0.009470726 0.001734547 0.9997361 0.9467527 9.129609e-06 1.4216464e-05
0.88927037 1.4197643e-22 0.3633106 0.44253367 0.3632691 0.46508223 0.25270522 0.069652446 0.09464293 0.19582771 0.009025945 0.14633189 0.12269582 0.060058434 0.031723224 0.18019494 0.056464475 0.0041492926 0.20351726 0.002080234 0.21017386 0.07880105 0.08878764 0.14734912 0.022925168 0.00031438153 0.010729134 0.031633988 0.04709064 0.09122151 0.0036272905 0.046735432 0.0716503 0.024122296 0.055310868 0.050276887 0.0076906597 2.9823022e-05 0.05807424 0.0031007666 0.05553979 0.00010282189 0.03060974 0.0774958 0.004022121 2.287605e-05 0.062987976 0.037452377 0.013313757 8.4866384e-05 6.759417e-05 0.0001422047 0.0031734123 0.015710738 0.006788436 0.0005559692 6.123712e-05 0.0053939675 0.012685705 0.006732609 0.0016801301 0.00047779037 0.003448993 0.0009987466 0.005648265 0.1951891 0.00032783044 0.00060391886 0.006461884 0.0022992913 0.00022860557 0.00023795303 0.0055946973 0.00015035446 1.7200895e-06 3.2718526e-05 0.0005205644 3.2462888e-09 6.622549e-05 9.982847e-05 0.0006437864 0.0003565837 0.00012696141 1.0917863e-06 0.001703818 1.0655074e-05 0.00037307374 0.03775403 1.469395e-05 0.00026371147 0.0069121835 6.2331237e-06 0.00020511993 0.0020410584 0.0007324788 0.00036676787 0.00030726998 0.012996666 0.031962216 0.00038390345 2.891613e-07
0.907865 0.3633106 3.4792835e-22 0.34384266 0.1812263 0.46228427 0.44898137 0.37678286 0.013940668 0.083576396 0.15238272 0.30572954 0.25753072 0.007017601 0.16144396 0.2740149 0.22091478 0.07116238 0.2097745 0.057316575 0.1857902 0.2214537 0.20041774 0.16218425 0.0018240744 0.020785581 0.0018071897 0.15381458 0.24936932 0.13401446 0.00056891865 0.0050429027 0.112481944 0.11274671 0.014219738 0.08941252 0.07976568 0.0037396234 0.07208475 0.00021755834 0.02074244 0.009751754 0.06866929 0.057495605 0.00047931104 0.0048299525 0.050137803 0.013806705 0.0012149999 0.0062553603 0.0021814308 0.003386331 0.020561188 0.00827889 0.012683811 1.3185045e-05 0.003172615 0.00049769593 0.002898687 0.0065472173 0.0059527475 0.006632438 0.0025756133 8.083739e-05 0.0013754466 0.10925873 0.0033902957 0.003271761 0.048856493 0.0010691704 0.0021590185 0.0021000644 0.035502873 0.0011682106 5.3474145e-05 0.0003578546 0.002013591 3.2310402e-07 0.0006889505 0.0009990695 2.7232592e-05 5.704945e-05 0.00066177605 1.3042551e-05 0.01274242 0.0001377805 0.0010557179 0.010192317 0.000115415074 2.8747088e-05 0.02208976 0.00027155012 2.4043913e-05 0.00013486121 0.00014325853 4.1970616e-05 5.5175595e-05 0.011235713 0.0049164835 0.00012848667 1.5156187e-06
0.95983595 0.44253367 0.34384266 6.168231e-23 0.52059734 0.3220724 0.35006177 0.087650664 0.1719986 0.20870084 0.014803493 0.115833856 0.092100576 0.077569574 0.034463678 0.132012 0.053926446 0.004147004 0.16481334 0.0023853346 0.16314985 0.06006362 0.06796714 0.1198826 0.033297095 0.00048066254 0.012057822 0.019398957 0.05774298 0.059030022 0.004421598 0.038338594 0.042765357 0.013989344 0.03895625 0.025219887 0.0061621754 7.855162e-05 0.026569273 0.0032739055 0.03590557 9.020084e-05 0.01229574 0.04526476 0.0034476449 3.148251e-05 0.026692884 0.02085326 0.015260768 8.107472e-05 3.834951e-05 0.0001204067 0.0018239126 0.00622333 0.0042300764 0.00072991644 6.920293e-05 0.0064653913 0.007340249 0.0042775483 0.0009807961 0.0002943828 0.0031171332 0.00093957386 0.0037752723 0.18940678 0.0002246312 0.0005457144 0.008954599 0.002737961 0.00016809409 0.0001797521 0.0054044123 0.0001502511 1.3109045e-06 4.0902178e-05 0.00066729286 3.29814e-09 0.000111759095 0.00014048912 0.0012880057 0.0003969795 0.0002565413 9.721705e-07 0.0015404556 3.0691222e-05 0.00067473185 0.024913525 4.198507e-05 0.000993832 0.0056955083 1.7489441e-06 0.00045431443 0.003239113 0.0010058457 0.001026246 0.0003702795 0.023091856 0.01817224 0.00081830507 3.4540977e-07
0.9712862 0.3632691 0.1812263 0.52059734 1.1212124e-22 0.21590398 0.20961252 0.02973471 0.34869382 0.25932115 0.0016873084 0.044811886 0.033315923 0.15520427 0.0076659345 0.05142582 0.011753721 0.00045622198 0.07086931 0.00026291393 0.075563096 0.01779417 0.022974616 0.0405014 0.07721311 6.745064e-05 0.026765743 0.0051336014 0.017254276 0.020933451 0.009108595 0.06403211 0.014045392 0.0045991377 0.04355137 0.01033867 0.001578379 2.0827112e-05 0.011270876 0.006632109 0.03610381 1.4460156e-05 0.0054097106 0.026706582 0.00775898 8.42361e-06 0.015504033 0.019007491 0.024189794 1.98966e-05 1.082778e-05 1.7084307e-05 0.0006249097 0.0042650267 0.0019484849 0.0015429736 1.9753761e-05 0.009264687 0.0071303896 0.0024593708 0.0005079225 0.00019024227 0.0016393568 0.0025967513 0.003098043 0.25948423 0.000102227816 0.0002790267 0.0030085575 0.0018002762 7.0609574e-05 7.338733e-05 0.0034951956 9.437825e-05 8.185707e-07 3.1031686e-05 0.000294121 5.595171e-09 6.603673e-05 7.497664e-05 0.0034981589 0.0014112523 0.00012386778 1.1426348e-06 0.0007840646 2.6674965e-05 0.00026380352 0.058477454 4.1617477e-05 0.0021455975 0.003345331 1.0533183e-06 0.0014077995 0.0051075243 0.00083998655 0.0023778188 0.0009492001 0.02849304 0.05827538 0.00074786576 5.675538e-07
0.71648455 0.46508223 0.46228427 0.3220724 0.21590398 5.0312337e-23 0.27811852 0.100942925 0.039881572 0.13479994 0.027441619 0.22392963 0.18545614 0.027074233 0.039724167 0.27823165 0.07955553 0.010521734 0.27062577 0.006327832 0.27419218 0.13691776 0.15151599 0.21279857 0.005313092 0.0022048203 0.006453813 0.0562937 0.0843746 0.14014591 0.002919616 0.017618127 0.11164959 0.06262156 0.057055272 0.088037394 0.020097362 0.00021860197 0.09931246 0.0014354996 0.078023806 0.0006554176 0.07059155 0.11059457 0.0017349153 0.00024304412 0.08932547 0.05858153 0.0067767897 0.00059020706 0.00030896458 0.0008479179 0.014441037 0.036292035 0.029480003 0.000109977125 0.00026970016 0.0028436778 0.02302241 0.026043711 0.008971716 0.0013310927 0.015851349 0.00040056265 0.013202095 0.12615854 0.0011411544 0.0032068735 0.00740593 0.0077519463 0.0010581668 0.00091572996 0.0062249685 0.00087586796 1.5890396e-06 3.1607025e-05 0.0022685963 5.8145746e-09 0.00017462957 0.00041050013 0.0001273156 0.00015706287 0.0004196063 5.4824744e-07 0.002801042 1.1233574e-05 0.004583655 0.0223384 4.8493486e-05 7.186454e-05 0.009562417 6.67903e-05 0.00012045012 0.00055563234 0.000595077 0.00013708102 0.0001754815 0.013001811 0.019012269 0.00044033682 1.3667353e-07
0.98675025 0.25270522 0.44898137 0.35006177 0.20961252 0.27811852 1.395639e-20 0.3188783 0.027399026 0.14189914 0.11602867 0.16644782 0.1316538 0.02241563 0.16602834 0.14717053 0.12913942 0.043543603 0.1082105 0.029503644 0.08295481 0.08354765 0.08368032 0.06790896 0.0046995585 0.013077113 0.0031503057 0.038544428 0.11749961 0.048415706 0.0013526708 0.014660862 0.03455493 0.025955018 0.01275203 0.025157366 0.015442999 0.0025025175 0.020390289 0.0010236824 0.01005843 0.0016484979 0.01693524 0.014228251 0.0010988906 0.0008938966 0.012801629 0.005299603 0.0053589093 0.00090125814 0.0007264068 0.0008738748 0.0044890163 0.0030061458 0.005705179 0.000432314 0.0005488247 0.0026074282 0.0025421071 0.0035697331 0.0020718481 0.0019941463 0.0025708575 0.00039629388 0.0015473412 0.13488184 0.00066831405 0.0015407694 0.024890637 0.0025100012 0.00035393244 0.0004094509 0.01680708 0.0002874568 6.5239314e-05 0.00026114372 0.002411562 1.7916292e-07 0.00026488278 0.00032023137 0.0006140119 0.00015970385 0.00220937 3.443435e-05 0.0050968486 0.00021338537 0.002431676 0.013782421 0.0010333962 0.0010954555 0.014453719 5.852346e-06 0.0002287397 0.0010307161 0.0018000607 0.00093316886 0.00018770788 0.04894267 0.0098375445 0.00090235815 4.603102e-06
0.9513746 0.069652446 0.37678286 0.087650664 0.02973471 0.100942925 0.3188783 4.3390522e-21 0.0014133798 0.011020538 0.5939508 0.23607175 0.22419074 0.00011483526 0.44039744 0.1629458 0.38815054 0.39323342 0.054050114 0.3550348 0.030958867 0.25029412 0.17254984 0.03473726 0.0005329047 0.16550046 8.256214e-05 0.2387249 0.50765127 0.079808936 2.4252904e-05 3.2560434e-05 0.07151194 0.12223041 0.00023933794 0.056715567 0.18623991 0.059939135 0.01752676 2.0782036e-05 0.0010443532 0.08576726 0.04259491 0.006334338 6.761429e-05 0.0628305 0.0065631275 0.0015440827 0.00019883277 0.05472978 0.0241829 0.03510528 0.018167188 0.0019348324 0.0046237344 3.310324e-06 0.020430742 0.00018212036 0.0012235616 0.0016245312 0.0038074611 0.049008645 0.00091528764 1.274223e-05 0.00067731296 0.052885808 0.016863395 0.0024973608 0.13675411 0.00047369598 0.0035355669 0.0040071225 0.09073038 0.0014933363 0.0042332145 0.003080538 0.0009483994 0.00017432473 0.0037077514 0.0017381603 1.4030529e-06 6.755154e-06 0.00060345687 0.0013439712 0.053841487 0.0012430248 0.00027787525 0.0063028676 0.00036460496 7.084717e-06 0.046778597 0.005211794 2.403221e-06 1.9926356e-05 0.00024071618 7.9535075e-06 9.7193406e-05 0.0037384732 0.0013433268 0.00019242991 0.00010776053
0.9678264 0.09464293 0.013940668 0.1719986 0.34869382 0.039881572 0.027399026 0.0014133798 3.54119e-20 0.22710267 4.1178693e-05 0.0033549482 0.0019474651 0.4260229 0.00011150125 0.0050808284 0.00014496989 1.7866283e-05 0.009049927 1.0854342e-05 0.014511369 0.00094395585 0.0016306136 0.009657312 0.5745523 2.9173887e-06 0.13536836 0.00023410424 0.00041967616 0.0025571168 0.07789445 0.13448879 0.0017111057 0.00023193289 0.03498288 0.0008555998 4.498094e-05 5.1977855e-07 0.0030479985 0.03971511 0.020141555 1.4277801e-06 0.000554125 0.009951214 0.0336791 3.178364e-07 0.0052180327 0.010809907 0.057851136 3.3604665e-06 7.731078e-07 6.014192e-07 0.0003077527 0.0025403963 0.00059983204 0.012473206 4.3465693e-06 0.030145887 0.006614577 0.0011261856 0.00022942918 2.1418255e-06 0.0006936924 0.010278239 0.0041002184 0.31439933 2.7624537e-05 0.00014677753 0.00038039172 0.0014358311 4.3349057e-05 4.085711e-05 0.0006236112 7.693274e-05 1.2940935e-06 2.729726e-05 0.00017514995 1.9054603e-08 4.8459275e-05 9.010299e-05 0.023218699 0.003972262 0.0002116804 1.7802663e-06 4.0754454e-05 3.943681e-05 0.00024222107 0.07067422 0.00012265945 0.0071092416 0.00085887115 3.599632e-07 0.005523156 0.009958814 0.0012463278 0.0069357445 0.0035448477 0.06933628 0.080504954 0.0008719979 1.9230717e-06
0.82302886 0.19582771 0.083576396 0.20870084 0.25932115 0.13479994 0.14189914 0.011020538 0.22710267 1.2592164e-19 0.00025642608 0.021273531 0.017357286 0.4698733 0.0016486481 0.037689134 0.0029562607 0.00010302959 0.11501268 5.3802498e-05 0.14628702 0.009006932 0.019106356 0.10068822 0.08807753 2.9966368e-05 0.07537439 0.0021343343 0.0104736695 0.044424668 0.039235324 0.2996732 0.03178907 0.004224954 0.2529268 0.024006842 0.00047089145 1.2607778e-05 0.049743842 0.024718486 0.25512195 1.4705587e-05 0.019426886 0.23180217 0.02931816 5.0057724e-06 0.12451116 0.16917507 0.21320662 3.2121607e-05 5.8884057e-06 1.1371467e-05 0.0015866108 0.05977997 0.012454241 0.017009104 6.3280306e-05 0.087849006 0.08142111 0.027440682 0.0024983387 8.137201e-05 0.020027446 0.007875554 0.044363156 0.24471505 0.00017904634 0.00047177044 0.0020504228 0.017413385 9.576069e-05 9.46677e-05 0.0017580297 8.537243e-05 5.9747975e-07 2.2368642e-05 0.0003345792 1.0059564e-09 4.7447902e-05 5.8926387e-05 0.012782841 0.0076224464 9.848147e-05 1.1469735e-06 0.00030370092 2.9094692e-05 0.000561491 0.056648184 1.3334107e-05 0.0074135694 0.0010605 7.258635e-06 0.0068320385 0.009274769 0.0039656516 0.009493822 0.008454701 0.0060752197 0.054909058 0.00312969 1.4807375e-07
0.9579795 0.009025945 0.15238272 0.014803493 0.0016873084 0.027441619 0.11602867 0.5939508 4.1178693e-05 0.00025642608 1.545309e-20 0.093530156 0.08115599 8.022716e-06 0.48910066 0.03166198 0.37346643 0.6622536 0.0055070384 0.71494454 0.0024897973 0.10770876 0.03605168 0.0038141462 9.580614e-06 0.4167658 2.9575178e-06 0.15764026 0.4951871 0.010116033 6.398082e-07 1.5699532e-06 0.008761955 0.049370952 2.7652239e-05 0.008140966 0.14460136 0.17607875 0.0019596466 4.5726122e-07 0.00023682763 0.19443522 0.0065753413 0.0020069545 2.622283e-06 0.16448897 0.0024194587 0.00085581443 6.767331e-05 0.09064635 0.060486745 0.06659513 0.0032119588 0.0018045693 0.0025034782 9.911159e-07 0.031923085 0.000113524344 0.0013519067 0.0016345729 0.001208808 0.074614346 0.000895424 7.201155e-07 0.0009827318 0.0072471197 0.015689842 0.0009832099 0.14050959 0.0007087031 0.0018694524 0.0022324636 0.09530503 0.00085958035 0.014628927 0.008019168 0.0007552734 0.0009830103 0.0043977806 0.0012087866 8.283339e-08 8.858266e-07 0.0005834656 0.0057725017 0.04812012 0.0027775322 0.00042339572 0.00044583678 0.00035955769 3.5477032e-07 0.035743117 0.008082318 3.5507327e-07 1.164282e-07 0.00055300054 9.074103e-07 0.00011714598 0.0025972393 2.6467404e-05 0.00052971195 0.0009513902
0.44883972 0.14633189 0.30572954 0.115833856 0.044811886 0.22392963 0.16644782 0.23607175 0.0033549482 0.021273531 0.093530156 1.6498838e-24 0.61760896 0.0008324182 0.16224524 0.53655624 0.37065986 0.051228367 0.20858343 0.03073628 0.11459918 0.51572293 0.47600198 0.13056472 0.0012777271 0.0105273705 0.00031483066 0.2742537 0.08075911 0.2224052 8.964129e-05 0.00036505552 0.16387399 0.18170595 0.005356863 0.11141947 0.11059509 0.0020960898 0.07068804 3.2710945e-05 0.011270553 0.0040093716 0.0921264 0.03384129 0.00034074995 0.0017211761 0.036141846 0.008000007 0.00042587833 0.003810938 0.002620837 0.0042036977 0.0429042 0.011878809 0.026593959 3.894891e-06 0.0020862906 0.00028624246 0.0023831846 0.013266526 0.016986296 0.004563471 0.008247498 1.345573e-05 0.0018354317 0.009015462 0.010186938 0.010525754 0.0052589686 0.0045719454 0.008297678 0.007482493 0.011341722 0.007553807 0.00013646275 0.0008071483 0.0076244236 1.4630139e-06 0.002554114 0.0047286525 1.9644394e-06 1.1182722e-06 0.004621446 8.234812e-06 0.0046714568 0.0004020169 0.002199166 0.0022800528 0.0013846903 2.535578e-06 0.007945685 0.0011910684 1.1967312e-06 4.6922873e-06 5.6441615e-05 2.9921575e-06 2.3248731e-05 0.003272816 0.001135805 2.800358e-05 1.5065551e-05
0.31309554 0.12269582 0.25753072 0.092100576 0.033315923 0.18545614 0.1316538 0.22419074 0.0019474651 0.017357286 0.08115599 0.61760896 9.263876e-25 0.00074774487 0.16459717 0.546549 0.37696266 0.053338654 0.1783483 0.03558508 0.11110194 0.5571301 0.52148956 0.12564996 0.0008750436 0.012919233 0.00028868232 0.32245335 0.068052106 0.23064546 8.829682e-05 0.00039838316 0.1714856 0.22847605 0.0057922457 0.12710157 0.1435589 0.0026659619 0.07102491 2.1219003e-05 0.009655581 0.0047104214 0.10572632 0.033024706 0.00020842899 0.0016069025 0.0354495 0.007124425 0.0004607217 0.004586197 0.0032328593 0.004227169 0.051148873 0.011697859 0.027197298 2.0305179e-06 0.0027442726 0.00025496178 0.0020627063 0.013717642 0.020050135 0.0036334184 0.007924869 1.32388595e-05 0.0019239313 0.007677491 0.013323138 0.012713767 0.004891409 0.005021446 0.009190607 0.008488958 0.00949542 0.01003419 0.000121484576 0.0009717043 0.00707869 1.5448411e-06 0.003012925 0.005634903 1.3026272e-06 5.100407e-07 0.004428848 1.0091698e-05 0.003790426 0.00044730038 0.0014172386 0.001467718 0.0011638687 1.143953e-06 0.006288959 0.0009380916 5.915769e-07 2.3607854e-06 4.0746294e-05 1.9854037e-06 1.2626875e-05 0.0019502448 0.0006022994 2.5360121e-05 1.3319935e-05
0.8334123 0.060058434 0.007017601 0.077569574 0.15520427 0.027074233 0.02241563 0.00011483526 0.4260229 0.4698733 8.022716e-06 0.0008324182 0.00074774487 4.5577274e-20 1.0590512e-05 0.0033235135 1.7234648e-05 5.26728e-06 0.011637804 3.5486526e-06 0.020934744 0.00045287778 0.0017013452 0.012375271 0.16952355 9.901722e-07 0.19909847 0.00014530055 0.0012718284 0.0055818777 0.12870796 0.39956784 0.0044350866 0.00037491124 0.16623877 0.003374921 4.693986e-05 1.5846238e-06 0.01067917 0.07967274 0.12975164 9.620353e-07 0.0022148336 0.06596367 0.087547354 2.8784396e-07 0.03154362 0.06934633 0.21735288 3.2243283e-06 6.939081e-07 7.202907e-07 0.00023865096 0.021370437 0.0029255943 0.02628895 7.2384228e-06 0.09016288 0.038245056 0.009980173 0.00047392753 8.843772e-07 0.0060024834 0.018789502 0.01926365 0.2795502 6.420962e-05 0.00011836927 0.00011484753 0.006668669 3.358059e-05 3.579172e-05 0.00030165576 2.639977e-05 5.2829836e-07 1.2297399e-05 9.3540344e-05 2.6420743e-09 2.0298858e-05 2.9433973e-05 0.02490178 0.013147653 4.405132e-05 3.1763234e-06 7.558635e-06 1.6047354e-05 0.00016738017 0.08673175 1.5764233e-05 0.019348228 0.00010103595 3.3537367e-06 0.017659627 0.019511806 0.002978583 0.024168737 0.009130237 0.005325501 0.084502354 0.0021542367 2.793865e-07
0.63212585 0.031723224 0.16144396 0.034463678 0.0076659345 0.039724167 0.16602834 0.44039744 0.00011150125 0.0016486481 0.48910066 0.16224524 0.16459717 1.0590512e-05 2.8472051e-21 0.090773866 0.4871983 0.47849655 0.013999997 0.40319237 0.0069341436 0.24515858 0.13238703 0.008318005 0.00010605718 0.3603351 8.69709e-06 0.33392432 0.2892188 0.050406102 7.06449e-06 1.939534e-06 0.045570105 0.1440489 4.8319584e-05 0.043417085 0.3309961 0.09243896 0.009431716 1.8708166e-06 0.00038953518 0.24739273 0.047823943 0.00502254 1.9881521e-05 0.22162588 0.006813202 0.00094766304 2.001595e-05 0.1486162 0.048393194 0.06310072 0.02652399 0.0024195036 0.003939302 8.2248715e-07 0.0621074 1.8147066e-05 0.00056850567 0.0016153062 0.0064525055 0.048711874 0.0007114081 3.721901e-06 0.0003257017 0.0064820577 0.049399365 0.004593599 0.05811945 0.00029413527 0.009468134 0.011534322 0.05677884 0.004003797 0.013104305 0.009145392 0.00077342713 0.00021258692 0.014017899 0.00529688 3.3360567e-07 5.138744e-07 0.0011268747 0.00235199 0.042445943 0.00441831 0.00015026229 0.0015722614 0.001130306 7.104483e-07 0.028947541 0.011778199 1.1096559e-07 1.3765736e-05 3.9479855e-05 7.313442e-07 7.664264e-06 0.0015419393 0.00020020234 2.7735434e-05 0.0005430868
0.20755617 0.18019494 0.2740149 0.132012 0.05142582 0.27823165 0.14717053 0.1629458 0.0050808284 0.037689134 0.03166198 0.53655624 0.546549 0.0033235135 0.090773866 1.5791414e-25 0.25780344 0.02417913 0.37807518 0.011919975 0.29683873 0.49425638 0.5700228 0.31964436 0.0014957759 0.004587866 0.000933914 0.24743937 0.04900353 0.3950264 0.00022592563 0.0024914483 0.29443467 0.17669955 0.016773036 0.19696675 0.091865696 0.0015104143 0.15965202 0.00017849056 0.028515682 0.00186458 0.14980578 0.07389466 0.0008744196 0.00061200315 0.06522039 0.017552806 0.001135772 0.0019306677 0.0020161178 0.0024408079 0.058033828 0.019797856 0.049371116 1.1658154e-05 0.0019018671 0.0004652636 0.005313029 0.021322144 0.02910298 0.0013999393 0.012246099 3.6524078e-05 0.0039118384 0.008337987 0.00903081 0.016518712 0.0030360809 0.008048873 0.009064664 0.00825447 0.007201053 0.0103325965 3.335754e-05 0.000751229 0.008714101 7.0351824e-08 0.002139987 0.005013056 4.4258604e-06 1.9095116e-06 0.005333559 1.1448655e-06 0.0031332644 0.00017387794 0.004403091 0.0021878104 0.0010428221 6.1214027e-06 0.0045985826 0.00040619096 1.9555087e-06 1.0548247e-05 7.323345e-05 7.2333296e-06 2.7090593e-05 0.0018167975 0.0010099747 5.448833e-05 7.271127e-06
0.5644412 0.056464475 0.22091478 0.053926446 0.011753721 0.07955553 0.12913942 0.38815054 0.00014496989 0.0029562607 0.37346643 0.37065986 0.37696266 1.7234648e-05 0.4871983 0.25780344 3.9224153e-21 0.34130484 0.038523775 0.25261122 0.020568613 0.44070023 0.3020992 0.023472177 0.0002352618 0.19212224 2.8386014e-05 0.45171896 0.16306333 0.10538982 1.0164341e-05 8.230792e-06 0.087476954 0.25395116 0.00030537666 0.08030288 0.41007662 0.040627144 0.030473607 1.3889435e-06 0.00168738 0.14180443 0.0786167 0.012108641 1.8423929e-05 0.122012734 0.017018426 0.0020958278 5.4258566e-05 0.11373806 0.01657919 0.027975617 0.055467024 0.0038692148 0.017419571 4.6525471e-07 0.055984255 4.740652e-05 0.0008395028 0.0041335607 0.016852057 0.020057397 0.0021080377 1.7016102e-06 0.0005959479 0.004930165 0.053419318 0.0124712195 0.018004557 0.0009914787 0.018075319 0.019378515 0.026654975 0.011799026 0.003529844 0.008145758 0.004754994 0.000117103424 0.015027519 0.0105969375 3.6578874e-07 2.65299e-07 0.0045373878 0.00046987992 0.0097577125 0.005254447 0.00049072155 0.0008371775 0.002813283 5.3640593e-07 0.010830561 0.009513272 1.8305289e-07 3.8024425e-06 2.6038882e-05 8.938135e-07 2.8956492e-06 0.001120832 0.00016935772 8.360265e-06 0.0001788639
0.88115346 0.0041492926 0.07116238 0.004147004 0.00045622198 0.010521734 0.043543603 0.39323342 1.7866283e-05 0.00010302959 0.6622536 0.051228367 0.053338654 5.26728e-06 0.47849655 0.02417913 0.34130484 2.5601372e-20 0.0037896112 0.7386139 0.0021599606 0.09481623 0.042022128 0.0032053539 4.9232885e-06 0.6398538 1.688803e-06 0.18406884 0.22517481 0.011200476 7.650392e-07 1.8116933e-06 0.0106486445 0.06643794 5.093782e-05 0.010283451 0.2294352 0.19453557 0.0034825206 2.848991e-07 0.00044453447 0.29842904 0.010895636 0.003628363 1.6865482e-06 0.28040475 0.0037492365 0.0018034114 6.960628e-05 0.17594512 0.05253825 0.050945934 0.0051538385 0.0022693626 0.0018110803 1.4756308e-06 0.0715169 0.00017088326 0.002131511 0.0015469857 0.001341191 0.038238026 0.0012193848 4.222692e-07 0.0012893017 0.0012823427 0.04123359 0.0009800117 0.043637026 0.0011442379 0.0046290136 0.0059529976 0.03876525 0.0013282807 0.029266084 0.014233795 0.00038424262 0.0009140718 0.013741741 0.0018893821 2.1328353e-07 2.5490099e-06 0.0005847089 0.00677147 0.024165638 0.005711312 0.00023537423 0.00017752785 0.0005843117 9.905283e-07 0.013888218 0.006733865 9.2988444e-07 6.588955e-08 0.00033899237 2.3514156e-06 6.47728e-05 0.0014044312 9.800461e-06 0.00052860955 0.0049888566
0.16267624 0.20351726 0.2097745 0.16481334 0.07086931 0.27062577 0.1082105 0.054050114 0.009049927 0.11501268 0.0055070384 0.20858343 0.1783483 0.011637804 0.013999997 0.37807518 0.038523775 0.0037896112 4.1701125e-25 0.0017370774 0.62229055 0.12774287 0.26502344 0.6339324 0.0023751494 0.00030069385 0.0039797775 0.041816846 0.021415459 0.41087237 0.0014672512 0.017304348 0.29343536 0.040704623 0.06492791 0.17516032 0.015854698 7.10067e-05 0.27585948 0.0005732495 0.0778252 7.656911e-05 0.11353307 0.15443349 0.001479839 1.0312931e-05 0.15632597 0.051674183 0.0067469524 0.00016269492 8.7522e-05 0.00022846999 0.03167751 0.04033719 0.07468194 0.00012555542 0.00023362407 0.0027663452 0.013924717 0.044577442 0.025040604 6.103591e-05 0.03179913 0.00012119921 0.011822697 0.014831707 0.0021489724 0.011190916 0.002171232 0.019603135 0.0034974732 0.0031707776 0.0038401664 0.004938509 9.818868e-07 5.8571844e-05 0.00829249 2.4705602e-09 0.00042207076 0.0015283627 2.5233008e-05 9.467713e-06 0.0031657286 1.1884542e-07 0.0005449857 2.0011215e-05 0.009875671 0.0020953785 0.00023141304 2.093301e-05 0.0019596138 3.8461254e-05 1.4858186e-05 2.3486018e-05 0.0005187852 4.2030897e-05 6.426402e-05 0.0017374353 0.0010760962 0.0005000281 2.174849e-06
0.887939 0.002080234 0.057316575 0.0023853346 0.00026291393 0.006327832 0.029503644 0.3550348 1.0854342e-05 5.3802498e-05 0.71494454 0.03073628 0.03558508 3.5486526e-06 0.40319237 0.011919975 0.25261122 0.7386139 0.0017370774 1.5428057e-20 0.0009548214 0.06374141 0.022291385 0.0016580273 2.3412767e-06 0.6288561 1.0223872e-06 0.11945057 0.23814638 0.0056431447 4.1338086e-07 9.714067e-07 0.0057414733 0.039226 3.492462e-05 0.0057231374 0.16561978 0.28272042 0.0019104674 1.7467879e-07 0.00029218357 0.2449549 0.0057720863 0.0021060533 6.9606347e-07 0.26237231 0.002217944 0.0010665958 4.4253855e-05 0.13935971 0.06600763 0.06261445 0.0029493978 0.0015686812 0.0011740227 9.2314355e-07 0.055167206 0.00011979919 0.0012872727 0.0009804505 0.00077298953 0.04596464 0.000826976 1.6982082e-07 0.0008016557 0.00093093107 0.029383043 0.00054660894 0.05372981 0.00085515884 0.0029914444 0.0034104188 0.04474486 0.0007497414 0.0329074 0.011329143 0.00026729936 0.0014950705 0.00927906 0.0012142933 1.2038494e-07 1.3306229e-06 0.0003606097 0.0066125593 0.026829667 0.0045219637 0.00016807935 8.954781e-05 0.00032419997 5.221166e-07 0.014397829 0.007132318 5.1501206e-07 1.7185792e-08 0.00023197207 1.3792904e-06 6.0756625e-05 0.0010315126 2.869358e-06 0.00036699686 0.0045074215
0.18958545 0.21017386 0.1857902 0.16314985 0.075563096 0.27419218 0.08295481 0.030958867 0.014511369 0.14628702 0.0024897973 0.11459918 0.11110194 0.020934744 0.0069341436 0.29683873 0.020568613 0.0021599606 0.62229055 0.0009548214 1.4194427e-25 0.08083584 0.19677052 0.63439494 0.0046532997 0.000118829514 0.0063760756 0.022145148 0.014880181 0.36337996 0.0028630963 0.030172002 0.24482249 0.024232317 0.08193486 0.13451844 0.008381393 3.418506e-05 0.2532494 0.0013995818 0.09357299 2.546885e-05 0.08610956 0.17574565 0.0022882011 3.391943e-06 0.16407605 0.05973874 0.009800505 8.387541e-05 2.2909171e-05 9.912049e-05 0.021742163 0.045321517 0.062808946 0.0004223536 0.00011556861 0.0046531023 0.018540239 0.047801107 0.020265508 4.0391704e-05 0.03489614 0.00015350076 0.015134942 0.014793305 0.0014423012 0.008004155 0.0012407852 0.021819117 0.0027220703 0.0024138677 0.0027656935 0.0035074183 5.0269244e-07 5.697431e-05 0.006333507 1.0228528e-09 0.00027532893 0.0011421273 5.6743746e-05 2.2368087e-05 0.0018384745 6.19118e-08 0.00032602614 2.0684298e-05 0.008787994 0.0028845388 0.00012247897 3.6222293e-05 0.0013787284 1.5770052e-05 3.838438e-05 4.64072e-05 0.00061676896 8.496695e-05 7.771098e-05 0.0017405447 0.0016505577 0.000773193 1.6987015e-06
0.15484971 0.07880105 0.2214537 0.06006362 0.01779417 0.13691776 0.08354765 0.25029412 0.00094395585 0.009006932 0.10770876 0.51572293 0.5571301 0.00045287778 0.24515858 0.49425638 0.44070023 0.09481623 0.12774287 0.06374141 0.08083584 7.0921726e-23 0.58297175 0.07776079 0.0003949893 0.03456121 0.0002363288 0.52013695 0.056565266 0.22739606 6.313925e-05 0.00020377012 0.18706399 0.39313525 0.00448249 0.14778452 0.29290214 0.0068888282 0.053266894 1.7636676e-05 0.007522779 0.021103373 0.13456579 0.027254544 8.862279e-05 0.012174391 0.027124811 0.0050764503 0.00040114694 0.020927208 0.005548156 0.00665001 0.08130282 0.0072979713 0.026452795 1.7200485e-06 0.011811275 0.00018991706 0.0015380848 0.009379239 0.029497558 0.0048770513 0.00570562 1.6147478e-05 0.0012880155 0.0060327295 0.023939596 0.019862184 0.0070590046 0.0030919786 0.016675329 0.015919117 0.0109305475 0.017527806 0.00040188845 0.0025683334 0.010336984 2.416296e-05 0.0065815924 0.010362641 1.5083399e-06 4.068226e-07 0.0068781115 8.74525e-05 0.004509679 0.0011177114 0.0015865036 0.00064538926 0.0028871715 1.5338792e-06 0.0064983577 0.0025430664 4.5599705e-07 1.6791464e-06 0.000108928405 2.6001276e-06 1.885825e-05 0.0006323895 0.00013768028 6.2574094e-05 5.0349612e-05
0.08214593 0.08878764 0.20041774 0.06796714 0.022974616 0.15151599 0.08368032 0.17254984 0.0016306136 0.019106356 0.03605168 0.47600198 0.52148956 0.0017013452 0.13238703 0.5700228 0.3020992 0.042022128 0.26502344 0.022291385 0.19677052 0.58297175 1.7678209e-23 0.19235334 0.000768128 0.010477026 0.00048445645 0.40825847 0.036089435 0.42669964 0.00018420882 0.0024164114 0.3648318 0.41210103 0.014529578 0.29706743 0.1812544 0.0038106341 0.12298588 0.00017053631 0.01785626 0.006585721 0.2815489 0.04914134 0.00054787844 0.0029755563 0.042855944 0.010193318 0.0016446804 0.0068334076 0.00306551 0.0035410938 0.12064436 0.010810222 0.044501316 1.3584914e-05 0.0059276973 0.0005328948 0.0033362908 0.012879375 0.049354237 0.0014794586 0.006921795 6.449094e-05 0.0020130966 0.007207048 0.016608497 0.027015202 0.0037172704 0.0040123803 0.01788554 0.016339775 0.0074495235 0.018924711 0.00017549591 0.0017758 0.0143964365 1.6466781e-06 0.005146466 0.010538148 9.628316e-06 1.346073e-06 0.009271718 3.929404e-05 0.0027793914 0.00090773805 0.0039917077 0.0012829213 0.002963389 4.1376093e-06 0.0039600884 0.001079448 1.0432312e-06 2.9615371e-06 0.00012636266 7.349144e-06 2.1962389e-05 0.00056427217 0.00040039077 0.00013889927 5.139362e-05
0.11192837 0.14734912 0.16218425 0.1198826 0.0405014 0.21279857 0.06790896 0.03473726 0.009657312 0.10068822 0.0038141462 0.13056472 0.12564996 0.012375271 0.008318005 0.31964436 0.023472177 0.0032053539 0.6339324 0.0016580273 0.63439494 0.07776079 0.19235334 2.0455261e-25 0.003108515 0.0002321387 0.0048188022 0.021989511 0.014475984 0.43354937 0.0022443926 0.029887263 0.31078735 0.02338827 0.08294233 0.19074821 0.008342804 6.82264e-05 0.37286663 0.0016415449 0.097618654 6.436946e-05 0.110030346 0.20962867 0.0019713328 8.218274e-06 0.21493761 0.05832845 0.010160751 0.00017158249 3.5180077e-05 0.00014422537 0.023655087 0.059526134 0.10173087 0.0003643955 0.00015058448 0.004006962 0.01878998 0.05550047 0.025556497 3.702803e-05 0.035016526 0.00017825005 0.015679792 0.011212688 0.0012425301 0.008984405 0.001730754 0.022937825 0.0017937741 0.0015605156 0.0026244235 0.0035356323 9.07406e-07 2.718446e-05 0.008121185 1.920503e-09 0.00022174015 0.0009944389 9.8163866e-05 2.7007089e-05 0.0022325094 9.856992e-08 0.00015234934 2.148629e-05 0.011185148 0.003205658 0.00014950968 3.9890452e-05 0.0009784297 6.7146902e-06 3.0499612e-05 2.7639135e-05 0.000705852 0.00010431787 0.0001073055 0.0011232338 0.0017826909 0.000685411 1.5520964e-06
0.9791419 0.022925168 0.0018240744 0.033297095 0.07721311 0.005313092 0.0046995585 0.0005329047 0.5745523 0.08807753 9.580614e-06 0.0012777271 0.0008750436 0.16952355 0.00010605718 0.0014957759 0.0002352618 4.9232885e-06 0.0023751494 2.3412767e-06 0.0046532997 0.0003949893 0.000768128 0.003108515 3.825625e-20 2.070731e-07 0.34615785 8.948677e-05 2.2015296e-05 0.0010641199 0.34232354 0.08966346 0.00070300594 0.0001457509 0.016895475 0.0005825079 1.848128e-05 5.274659e-08 0.0013624142 0.5330498 0.008844338 1.399894e-07 0.0004315585 0.005518328 0.40687138 3.4193548e-08 0.0028710063 0.005162068 0.03433813 8.1316153e-07 1.2942915e-07 2.5854643e-08 0.00021215614 0.0022140872 0.00036648466 0.024841763 2.115494e-06 0.022861456 0.0038461438 0.00070107036 0.00026653393 8.873632e-08 0.00050404476 0.081274725 0.0026696383 0.16441819 1.3632792e-05 0.00011851556 1.974199e-05 0.00069744734 1.2799522e-05 1.1343154e-05 2.756485e-05 2.8571838e-05 1.0839218e-07 1.10737665e-05 0.00010265209 4.3749706e-09 1.9497555e-05 2.090235e-05 0.21685882 0.0064300564 0.00016786902 2.132628e-07 1.4044043e-07 2.1401993e-05 0.00015854734 0.028382404 6.547117e-05 0.079826064 1.3982195e-05 5.585338e-10 0.022296475 0.06884865 0.00076720817 0.040017586 0.0020820394 0.048755724 0.05806224 0.00024955394 5.996558e-07
0.6930348 0.00031438153 0.020785581 0.00048066254 6.745064e-05 0.0022048203 0.013077113 0.16550046 2.9173887e-06 2.9966368e-05 0.4167658 0.0105273705 0.012919233 9.901722e-07 0.3603351 0.004587866 0.19212224 0.6398538 0.00030069385 0.6288561 0.000118829514 0.03456121 0.010477026 0.0002321387 2.070731e-07 1.4258447e-20 1.1460205e-07 0.099018484 0.1852117 0.0023391992 1.1162619e-07 3.9233262e-07 0.0029325986 0.028694686 9.156186e-06 0.0036942211 0.19235574 0.44018522 0.00055684877 1.0832887e-08 3.879893e-05 0.45326963 0.005858263 0.00021126232 5.5199877e-08 0.5112558 0.00060592534 0.000102606675 7.686545e-06 0.26891088 0.09978891 0.07516944 0.004376503 0.00040052997 0.00080035854 2.1581165e-07 0.12218951 1.0896283e-05 0.00012247324 0.00067745504 0.00078983064 0.061218 0.00044245314 3.004201e-08 9.502852e-05 0.0011277538 0.041185234 0.0005010745 0.05225951 0.000228188 0.0035043627 0.004668306 0.05278862 0.0006988991 0.08418781 0.023779336 0.00010504804 0.0052082064 0.010532196 0.0015529181 4.9485287e-08 2.8142287e-07 9.564268e-05 0.01657323 0.025341943 0.006849758 1.4453442e-05 1.3664773e-05 0.00012989814 1.711294e-07 0.013551356 0.014544829 1.5147465e-07 3.0523293e-09 7.887677e-06 3.0831094e-07 3.8879957e-06 0.00087499135 7.3587273e-07 1.7868686e-05 0.015398586
0.59359854 0.010729134 0.0018071897 0.012057822 0.026765743 0.006453813 0.0031503057 8.256214e-05 0.13536836 0.07537439 2.9575178e-06 0.00031483066 0.00028868232 0.19909847 8.69709e-06 0.000933914 2.8386014e-05 1.688803e-06 0.0039797775 1.0223872e-06 0.0063760756 0.0002363288 0.00048445645 0.0048188022 0.34615785 1.1460205e-07 2.2351732e-20 0.00014949159 6.810464e-05 0.0017972819 0.8478679 0.08800209 0.0009894214 9.1676884e-05 0.026291218 0.00051452074 5.874448e-05 2.1148637e-07 0.0016525447 0.44991988 0.01749011 5.7188377e-06 0.00047503773 0.009832058 0.11047506 7.015696e-07 0.004170266 0.0097301835 0.072631426 1.8117995e-05 4.355339e-07 1.3279056e-07 0.00053565355 0.0032378605 0.0005802494 0.055466287 2.3101007e-05 0.0649514 0.006542854 0.000892936 0.00057532114 3.1351142e-08 0.00057565124 0.026820075 0.004795333 0.09051062 6.8689274e-05 0.00039143235 2.2395943e-05 0.0010977394 0.00015258098 0.000112338894 3.922395e-05 0.0001704464 8.222425e-07 3.0596388e-05 0.0002689589 1.04228155e-08 6.359296e-05 0.00015439194 0.14454566 0.015157309 0.00017500386 8.303773e-07 2.687167e-07 5.463595e-05 0.00021438568 0.017274642 5.458273e-05 0.067889675 3.064817e-05 5.5802428e-08 0.025347888 0.04638239 0.0006349062 0.04449178 0.01832589 0.0069682836 0.02038348 0.0003370987 1.0953279e-06
0.06689348 0.031633988 0.15381458 0.019398957 0.0051336014 0.0562937 0.038544428 0.2387249 0.00023410424 0.0021343343 0.15764026 0.2742537 0.32245335 0.00014530055 0.33392432 0.24743937 0.45171896 0.18406884 0.041816846 0.11945057 0.022145148 0.52013695 0.40825847 0.021989511 8.948677e-05 0.099018484 0.00014949159 2.3591379e-21 0.04758242 0.1300483 2.9969025e-05 9.820048e-05 0.11844678 0.5792028 0.0013996623 0.1002757 0.58400625 0.016914941 0.025399577 1.1831245e-05 0.003173933 0.09489827 0.12705337 0.011335959 2.3225153e-05 0.08099892 0.0127899 0.0024171064 0.00020936794 0.102521196 0.011712377 0.010059826 0.11701494 0.003093129 0.015931292 5.4774127e-06 0.055930454 0.0001602913 0.00062360556 0.004646708 0.029257243 0.005781184 0.0023555476 7.1255013e-06 0.0008591554 0.004741586 0.06638575 0.022753904 0.0088670235 0.0021677571 0.026901886 0.028441986 0.013417207 0.023695339 0.0026574978 0.009238474 0.009331196 0.0002126506 0.01575712 0.017288709 1.5902009e-06 4.1955445e-07 0.0072002574 0.00087495305 0.004138594 0.0043236655 0.0017475962 0.00021916497 0.004223722 1.6467709e-06 0.006818802 0.004944393 3.5413552e-07 1.6567627e-06 0.00026779383 2.8987022e-06 1.686504e-05 0.00024849805 7.775364e-06 0.00013409967 0.00053645566
0.98487926 0.04709064 0.24936932 0.05774298 0.017254276 0.0843746 0.11749961 0.50765127 0.00041967616 0.0104736695 0.4951871 0.08075911 0.068052106 0.0012718284 0.2892188 0.04900353 0.16306333 0.22517481 0.021415459 0.23814638 0.014880181 0.056565266 0.036089435 0.014475984 2.2015296e-05 0.1852117 6.810464e-05 0.04758242 6.084604e-18 0.012694194 3.219435e-05 0.0014287874 0.009228216 0.026715767 0.0013757207 0.0075555365 0.030508684 0.12913233 0.004164043 4.9975965e-06 0.0008342907 0.033745933 0.0072278036 0.0018533702 9.79084e-06 0.031214204 0.0022139987 0.00035190076 0.00039870985 0.0124404 0.053517453 0.066946104 0.0042240317 0.0008272722 0.0036633376 5.641037e-06 0.0043061585 0.00018288687 0.00018419072 0.0018449513 0.0022334934 0.07729938 0.0010668191 6.1114747e-06 0.00021663516 0.10712456 0.0032460848 0.0021584223 0.21028629 0.0009200657 0.0010428664 0.0012207718 0.11873597 0.000744709 0.005761532 0.001070631 0.0050706607 0.001259623 0.0013910427 0.0014519845 3.274809e-05 9.118723e-06 0.0054911007 0.0008521682 0.042846452 0.0006428036 0.0023802284 0.002529872 0.0038191783 0.00018665538 0.056068104 0.0016837118 5.3291074e-05 3.2058378e-07 0.00087439665 0.00016590094 0.00023494162 0.12395414 0.0005024473 0.00035082427 0.00038385254
0.042487245 0.09122151 0.13401446 0.059030022 0.020933451 0.14014591 0.048415706 0.079808936 0.0025571168 0.044424668 0.010116033 0.2224052 0.23064546 0.0055818777 0.050406102 0.3950264 0.10538982 0.011200476 0.41087237 0.0056431447 0.36337996 0.22739606 0.42669964 0.43354937 0.0010641199 0.0023391992 0.0017972819 0.1300483 0.012694194 2.3451636e-24 0.00045331012 0.012140375 0.5945136 0.16609617 0.040953618 0.49276143 0.06315504 0.0006565312 0.47873235 0.000306657 0.053400952 0.0017251165 0.4172164 0.12662159 0.0007521064 0.00044167828 0.12569675 0.033919275 0.0038249379 0.001691124 0.0007371473 0.0010202363 0.13450266 0.031172773 0.1334716 8.930424e-05 0.0014890507 0.0014095046 0.00907446 0.028715748 0.0827391 0.00018512407 0.016516924 6.2107276e-05 0.008005868 0.008302404 0.0068631466 0.034527194 0.0023431857 0.01398465 0.010391291 0.009732191 0.0036815705 0.015470928 4.5667814e-05 0.0007930834 0.024680132 7.529331e-08 0.0026513967 0.008081659 0.00011865229 1.0469645e-05 0.009287196 7.99413e-06 0.00046948122 0.00043157706 0.011236714 0.0017812751 0.0022784912 8.01544e-05 0.001479468 0.00022416725 6.8608515e-06 4.2047595e-06 0.00055035466 8.8311135e-05 7.005634e-05 0.00023321957 0.00041774407 0.0007403201 1.8944269e-05
0.5872719 0.0036272905 0.00056891865 0.004421598 0.009108595 0.002919616 0.0013526708 2.4252904e-05 0.07789445 0.039235324 6.398082e-07 8.964129e-05 8.829682e-05 0.12870796 7.06449e-06 0.00022592563 1.0164341e-05 7.650392e-07 0.0014672512 4.1338086e-07 0.0028630963 6.313925e-05 0.00018420882 0.0022443926 0.34232354 1.1162619e-07 0.8478679 2.9969025e-05 3.219435e-05 0.00045331012 8.731721e-21 0.055742696 0.0002336058 2.3853432e-05 0.013287375 0.00012693116 1.4677186e-05 1.1636615e-07 0.00041373214 0.5567539 0.008190413 1.6453783e-06 0.000118290845 0.0042751706 0.13523784 1.5530685e-07 0.0017007329 0.0040943944 0.041059665 5.563234e-06 1.6822325e-07 5.4226458e-08 0.00013990485 0.0011605712 0.00016941571 0.04502244 7.820371e-06 0.046717443 0.0030403456 0.00029891546 0.00017848954 1.5623177e-08 0.00016536783 0.0260294 0.0022167568 0.07036081 2.8734263e-05 0.00013504576 1.3916054e-05 0.00043654293 4.8299546e-05 4.1084357e-05 2.8792963e-05 6.178702e-05 3.926036e-07 1.7704539e-05 9.2268856e-05 2.673137e-09 2.2135464e-05 5.4113407e-05 0.18639207 0.013138158 6.245921e-05 3.981888e-07 8.743911e-08 2.4814508e-05 4.2244083e-05 0.012957182 1.8042112e-05 0.08988171 1.1246523e-05 1.0692211e-08 0.029162543 0.046230324 0.00029269312 0.05878176 0.010788764 0.005274451 0.01841174 0.00014258262 4.4600176e-07
