1.0301053e-34 0.8442386 0.96830624 0.72165537 0.89745384 0.988945 0.70931554 0.5671758 0.60790086 0.53276664 0.9787355 0.9886414 0.5041899 0.9400178 0.3276902 0.963401 0.30781826 0.55530906 0.37648752 0.07319677 0.719247 0.112126134 0.54011214 0.03222148 0.07024084 0.8339716 0.94889784 0.47471437 0.19115195 0.40881056 0.025843117 0.97098666 0.04152488 0.36264214 0.044507086 0.023204945 0.0114427125 0.7119236 0.92154914 0.02448751 0.98092854 0.006579917 0.011720583 0.0052457196 0.15534848 0.10369507 0.8760187 0.0063406937 0.0050297705 0.94262767 0.7738332 0.013787554 0.7059944 0.093874194 0.005610564 0.7370666 0.0028052418 0.08713735 0.5080553 0.03451467 0.03860314 0.016380005 0.0033467736 0.0012255423 0.025783809 0.15020272 0.0009573426 0.0002161405 0.99818456 0.094829425 0.027284166 0.26867083 0.0010853633 0.0014858242 0.0015392852 0.001311941 0.21475738 0.004438931 0.007708823 0.00012984413 0.00063939294 0.0018454089 0.0016418133 0.0005135523 0.9994289 0.2678742 1.6841606e-05 0.021665808 1.5711148e-05 0.0003895621 0.98984367 0.00051495276 0.9381435 0.0050456254 1.6148686e-06 1.4123583e-05 1.0763799e-06 0.99380684 6.777975e-07 7.7395176e-05 4.811028e-05
0.8442386 2.703247e-22 0.06479082 0.3835196 0.04711408 0.116251424 0.17601283 0.03594444 0.20986901 0.025567394 0.027977731 0.054284904 0.093871385 0.50326085 0.0344883 0.009446812 0.16225754 0.26741782 0.006583319 0.07396358 0.001569285 0.10197953 0.0005500453 0.029441547 0.017402811 0.11863691 0.38549224 0.08170819 0.0030680574 0.2026921 0.025760066 0.037762683 0.012582945 0.00014304392 0.05365387 0.007359761 0.020978127 8.3642175e-05 0.23931284 0.03612811 0.00014045363 0.010538692 0.0022200667 0.00879963 1.2782541e-05 0.00021236078 3.066802e-05 0.0071348106 0.010870057 1.2368923e-05 0.04978924 0.012909418 8.925298e-07 0.0218153 0.0007699899 1.3762749e-06 0.00083052146 3.2312082e-06 3.4946156e-06 0.013706507 0.01105459 0.016198454 0.020587068 0.0007573796 0.013669917 4.4011725e-07 0.00016079456 0.0005998197 0.0020137061 2.8984687e-07 6.0563355e-07 0.014138867 0.0002522494 5.164542e-05 0.0039461474 3.9212355e-05 4.0509917e-08 0.011021221 8.737105e-07 3.7104874e-05 0.00012234297 1.5271571e-05 0.0013968841 1.2647796e-05 0.029399695 0.020955676 4.367676e-05 6.3457286e-08 1.5422378e-05 2.0448533e-06 0.08204864 0.0034806815 6.517818e-07 1.7848245e-09 6.3620832e-06 5.320472e-06 5.6052527e-06 0.04003801 2.3587597e-06 0.0019454957 0.00017267789
0.96830624 0.06479082 7.492227e-23 0.053653933 0.53545195 0.36227512 0.0045612343 0.1636877 0.05429672 0.1692221 0.49923673 0.35676327 0.0023644774 0.18084317 0.16509566 0.30686045 0.043195847 0.0056052743 0.11753275 0.055702038 0.116531044 0.023599284 0.078616336 0.035940334 0.09088522 0.0024014434 0.07433997 0.0012699643 0.08086169 0.0020044527 0.051741283 0.28108463 0.056976885 0.05105385 0.0056279134 0.0358124 0.011323981 0.028842768 0.0074271243 0.004992295 0.02160486 0.009214843 0.016032174 0.006097689 0.006666355 0.01913682 0.0060934513 0.013608497 0.004287892 0.0015382917 0.0012976249 0.00016086403 0.00027710487 0.0003874223 0.00456828 0.00055068725 0.002804613 0.0012937727 0.00047375672 0.0006363938 0.00023303794 0.00018496171 0.0034458302 0.0027505297 0.00056354055 2.5237076e-05 0.0014012645 0.0028663457 0.022532735 2.6044296e-05 4.968918e-05 0.0013685282 0.00087042805 0.0005493536 0.0010797367 0.00049848045 0.00026632633 0.0011955615 3.265547e-05 0.00050173287 0.00051542715 0.0002754153 3.263156e-05 0.00017111775 0.13117486 0.0020621077 0.0003841692 6.712618e-05 0.00019241284 4.0959952e-05 0.052619785 0.003553611 0.0010804707 2.555227e-07 0.0001493031 7.872892e-05 0.00014538484 0.023147881 4.6578658e-05 0.005843914 7.880756e-05
0.72165537 0.3835196 0.053653933 1.9473952e-22 0.03420408 0.0920901 0.06724224 0.025220592 0.4152742 0.01806651 0.031744212 0.059608065 0.033008 0.23740402 0.03440629 0.012743276 0.34345666 0.37234557 0.001927668 0.2096714 0.0004566117 0.2744992 0.00031476314 0.09963871 0.017993905 0.03975604 0.14867416 0.044060383 0.0030841082 0.14486031 0.059955813 0.018714963 0.016899688 0.000184316 0.10009063 0.015720868 0.062054563 7.701386e-05 0.07882167 0.07202235 0.00023062804 0.03457219 0.010806356 0.02241575 5.9488655e-05 0.0006693352 2.2344168e-05 0.050289 0.026513917 6.724787e-05 0.02412975 0.008340981 4.157814e-06 0.0042742556 0.003911411 9.20641e-06 0.005209063 7.297491e-06 9.059901e-06 0.0047260197 0.017694168 0.0073987055 0.040672455 0.0053966716 0.0060562114 1.3269626e-07 0.0027843376 0.006814567 0.0021515726 1.0803119e-07 1.7201229e-07 0.006670679 0.0012275507 0.00016774931 0.011461912 0.00010164724 2.7781468e-07 0.015029768 4.139845e-07 0.0002665507 0.0002228523 4.8421763e-05 0.0003467174 2.4212093e-05 0.0030957938 0.01018963 0.000105997315 8.93459e-07 0.00015263105 4.901458e-06 0.007843425 0.0059059304 8.1707716e-05 5.7799645e-09 5.2147916e-05 8.318052e-06 3.7649927e-05 0.0030978937 1.0873435e-05 0.0019205693 9.106935e-05
0.89745384 0.04711408 0.53545195 0.03420408 1.0710124e-21 0.24332492 0.0024212846 0.258838 0.05615002 0.26174214 0.52155715 0.34757107 0.0016475274 0.08451618 0.23958974 0.48790827 0.054304488 0.002515321 0.20319073 0.0909743 0.21642514 0.03645945 0.13520817 0.076076835 0.17081055 0.0020671787 0.028664274 0.0007287045 0.14504057 0.0009957565 0.115594715 0.32120925 0.1329152 0.11066945 0.010891174 0.10048813 0.025680507 0.08902133 0.0034297442 0.009594641 0.068117686 0.02536646 0.05731461 0.015113401 0.037974 0.070453525 0.027104476 0.04347739 0.0093632005 0.007564957 0.00065590284 7.075727e-05 0.0023781045 0.00014440266 0.024759078 0.0030913698 0.012723895 0.0071510854 0.0027096097 0.00022333484 0.00019902096 0.00010976463 0.005314559 0.009153424 0.00023830435 0.0004005995 0.0050940225 0.0062286295 0.029246246 0.00013435478 0.00032228438 0.00052998436 0.0035284003 0.0018120616 0.0008689703 0.0013947922 0.0021705104 0.0008001857 0.00015165687 0.001622609 0.0010401825 0.0008169299 4.670369e-05 0.00034343294 0.06093313 0.00029170746 0.0006886779 0.0006274982 0.0007740274 4.6212124e-05 0.027300738 0.0017937518 0.005753178 4.8440097e-07 0.00021112495 3.6328915e-05 0.00018365643 0.013554143 4.4675955e-05 0.0030809848 5.823443e-05
0.988945 0.116251424 0.36227512 0.0920901 0.24332492 1.2653593e-21 0.008118258 0.12471799 0.044663623 0.12025257 0.28042966 0.39854982 0.004008538 0.2634533 0.08155633 0.16703153 0.026324568 0.014563878 0.06732179 0.0215764 0.05551534 0.012965258 0.03608445 0.013238482 0.025725935 0.0028164603 0.06011638 0.005096358 0.03721416 0.007329029 0.0129633425 0.14910622 0.017010929 0.019364588 0.006597218 0.011461879 0.006002208 0.01141333 0.00543849 0.0046441555 0.006040559 0.005907792 0.0072970144 0.004739967 0.004111454 0.007630228 0.0031250743 0.006319826 0.0041682227 0.00046822766 0.0014424244 0.0008126686 0.00018043754 0.0022971665 0.0029362552 0.00029233212 0.0024249658 0.0010660421 0.00035592564 0.0028854979 0.001073419 0.0011202052 0.003791144 0.002984742 0.0022201766 2.4189014e-05 0.0016771493 0.0045059584 0.011772135 2.987748e-05 6.716179e-05 0.0025038486 0.0015417093 0.0008096798 0.0028343962 0.00074763614 4.9650338e-05 0.0022001604 5.948679e-05 0.0014573542 0.0016809178 0.0002964479 0.00022619468 0.00041918716 0.17342015 0.0074846735 0.0016526 2.6249152e-06 0.0007512523 0.00012735226 0.079068534 0.0021248418 5.1426807e-05 2.9331102e-07 0.0007070293 0.0005372147 0.00065796816 0.041488186 0.0003152567 0.0034000904 0.00027323607
0.70931554 0.17601283 0.0045612343 0.06724224 0.0024212846 0.008118258 1.5886183e-21 0.003579439 0.033418734 0.0022765885 0.0006318169 0.0019825613 0.86071134 0.12207463 0.002823742 0.00010127133 0.01605576 0.074394576 0.00044900583 0.006228576 6.153721e-05 0.009870228 5.018169e-05 0.002856888 0.0013217332 0.30022168 0.16119584 0.13193345 0.00029147137 0.07094324 0.0019263164 0.00047269187 0.0010668746 2.4160126e-05 0.0074218037 0.000717172 0.0018788939 1.4864089e-06 0.10514886 0.0049573816 3.808503e-06 0.0004219601 0.00027638016 0.00043676657 2.7041585e-06 0.00012139575 5.848444e-07 0.0004260205 0.00085881905 1.2566808e-07 0.0144959465 0.012368063 1.5359651e-08 0.08269501 0.00036631784 3.1876148e-08 0.0003065511 1.7429649e-06 1.3603155e-07 0.03734337 0.009184246 0.026085382 0.0018532155 0.0004567152 0.04169249 1.6580294e-07 0.00032671247 0.00025823992 0.00021375853 1.3927418e-07 3.5843638e-07 0.0019568705 0.0002736841 1.4162983e-05 0.0005361084 7.656578e-06 8.779737e-09 0.0037409626 1.4650972e-06 0.00011471815 4.341877e-05 2.404466e-06 0.0018678305 2.1661428e-06 0.009266586 0.004321596 7.9585494e-05 4.4271498e-09 0.00013364363 2.3933837e-06 0.051681247 0.00074245397 4.8710076e-09 3.3738485e-09 0.00012659327 9.6026215e-06 0.00012041486 0.042407356 2.421057e-05 0.0003723587 0.00023722369
0.5671758 0.03594444 0.1636877 0.025220592 0.258838 0.12471799 0.003579439 1.4193992e-25 0.052968785 0.6773788 0.15273137 0.16548054 0.0021998456 0.0296494 0.664407 0.14571786 0.07785 0.004799338 0.2306441 0.21997695 0.101650625 0.080115 0.0661587 0.17722957 0.35878357 0.0015014524 0.013291734 0.00028614936 0.15639448 0.0029972543 0.31061006 0.06315904 0.2477278 0.056419324 0.025871007 0.16250207 0.06999957 0.0118007865 0.0023496884 0.023587039 0.015129811 0.06799202 0.0788951 0.043015637 0.010298009 0.031858694 0.004329451 0.09757672 0.026818527 0.0016019893 0.00016292612 2.7988337e-05 0.00036781168 3.2009837e-05 0.04074146 0.00058199535 0.036895525 0.0011563057 0.00049296673 1.6838923e-05 0.0006025166 3.3582735e-05 0.014929477 0.025837194 2.4773362e-05 1.1248913e-05 0.016398754 0.031921893 0.00819078 4.5443094e-06 7.0272504e-06 0.00012161707 0.008837623 0.003039157 0.010646392 0.0024023883 0.00033939577 0.0012669944 2.4834655e-05 0.0062023494 0.0035294555 0.0004940923 1.5461037e-05 0.00020670089 0.010242714 0.00012712959 0.0017478147 0.00010002469 0.0038900045 2.3708288e-05 0.0034452453 0.0015944218 0.0008455825 1.4684132e-07 0.00068892946 4.8389677e-05 0.0005478267 0.0011996303 9.630663e-05 0.0006200682 6.121823e-06
0.60790086 0.20986901 0.05429672 0.4152742 0.05615002 0.044663623 0.033418734 0.052968785 4.276161e-24 0.03639398 0.033366073 0.043174647 0.016996456 0.08846616 0.084482454 0.012646048 0.5764454 0.4192919 0.0039367555 0.45267507 0.0014414755 0.54146457 0.0013808418 0.21578324 0.038125657 0.010457581 0.06094069 0.014506339 0.007621127 0.1144325 0.10115354 0.014466861 0.032729603 0.00061049015 0.2545607 0.025869934 0.12613423 2.7423863e-05 0.024364894 0.15474914 6.8517664e-05 0.053521015 0.015019317 0.04123828 8.703732e-05 0.0017290344 9.4594825e-06 0.05933919 0.05549069 2.777972e-05 0.0072564073 0.0023403561 2.298365e-06 0.0014328578 0.00530445 7.797307e-06 0.009285663 7.638368e-06 4.2960983e-06 0.0020401075 0.021252329 0.0018610394 0.047688704 0.0077806655 0.0019681149 8.458223e-08 0.006742144 0.028474657 0.0019954103 3.9370196e-08 1.8569988e-07 0.0019401419 0.0023185508 0.00046495418 0.041481134 0.00033318013 5.2214e-07 0.01578279 8.631034e-07 0.0016504256 0.00076298206 6.700077e-05 0.0001097752 4.5551977e-05 0.0047801714 0.004216982 0.0002930495 9.3614767e-07 0.0023246182 5.767535e-06 0.0030733284 0.00878869 5.7072742e-05 8.173444e-09 0.00015074598 2.7507973e-05 0.0001167917 0.0010291445 3.6586967e-05 0.0055508628 4.477512e-05
0.53276664 0.025567394 0.1692221 0.01806651 0.26174214 0.12025257 0.0022765885 0.6773788 0.03639398 1.0859487e-24 0.1751404 0.18184792 0.0015024954 0.023655038 0.666272 0.17739306 0.06392974 0.003692858 0.3246328 0.1923607 0.18615682 0.069243155 0.13220309 0.17316498 0.4201754 0.0010343872 0.009480047 0.00012526695 0.25569227 0.0018919588 0.33320403 0.091734394 0.3065367 0.11206856 0.020900885 0.22535391 0.06364762 0.02300007 0.0013678203 0.02020739 0.0274345 0.068882905 0.12083594 0.041797105 0.023570692 0.07438491 0.008431398 0.10800437 0.023528956 0.002329244 0.000106192 1.1586365e-05 0.00068491173 1.188691e-05 0.062787265 0.0010357172 0.049103443 0.0028568653 0.0009664093 7.954121e-06 0.00037397086 1.4908703e-05 0.013512822 0.037547596 1.2347767e-05 4.28836e-05 0.020611683 0.03713581 0.010549552 1.31434645e-05 1.7090499e-05 9.342034e-05 0.012688936 0.005324259 0.00889066 0.003913002 0.00090924994 0.0010134975 4.3221997e-05 0.010260165 0.006277185 0.00080471457 9.503219e-06 0.00041697492 0.012248966 8.947798e-05 0.0033438974 0.0003060653 0.004191314 2.8938315e-05 0.0026675093 0.001136092 0.0017156033 3.297901e-07 0.0013123319 6.9848065e-05 0.0010124488 0.0010145854 0.00022730576 0.0005337543 3.848993e-06
0.9787355 0.027977731 0.49923673 0.031744212 0.52155715 0.28042966 0.0006318169 0.15273137 0.033366073 0.1751404 5.178309e-21 0.46648434 0.00062246504 0.08328531 0.13782777 0.6416096 0.030043991 0.002819857 0.15292132 0.042269103 0.19857775 0.016063547 0.13439065 0.03059924 0.1037832 0.0005320584 0.020025522 0.00026792334 0.12368593 0.00077632355 0.053140923 0.42325586 0.07923422 0.12398009 0.005814201 0.054624807 0.011102891 0.13397203 0.0013003931 0.0045389845 0.09209458 0.00938684 0.028113134 0.0057101026 0.046476748 0.07349121 0.04542607 0.013824407 0.0040894556 0.008763656 3.546344e-05 5.5490153e-05 0.0030148248 0.00011162786 0.011082499 0.003598148 0.0040405844 0.012412178 0.0028069974 0.00017763385 0.00018101011 4.9995724e-05 0.0020544706 0.0046304064 0.0001364893 0.0011578997 0.002515658 0.0025705975 0.061367847 0.000378048 0.0007212221 9.1957874e-05 0.0022715935 0.0016657036 0.0007371072 0.0016151236 0.002288226 0.0005883023 0.00034748635 0.0015766737 0.0013367338 0.0009205747 3.1209165e-05 0.00083894545 0.18821086 0.00011664922 0.0012639188 0.00029330366 0.00039576495 0.00020417901 0.02315 0.0035399427 0.0037326433 1.9539816e-06 0.00048050878 0.00019349708 0.00042504576 0.012089295 0.00010932397 0.004238357 3.699284e-05
0.9886414 0.054284904 0.35676327 0.059608065 0.34757107 0.39854982 0.0019825613 0.16548054 0.043174647 0.18184792 0.46648434 1.4663426e-21 0.0015976623 0.14067605 0.13937952 0.28847623 0.028230436 0.0070949337 0.12762393 0.030634215 0.13722987 0.014468999 0.08832631 0.021192942 0.06590136 0.0012502287 0.033383247 0.001621254 0.088300794 0.0031290525 0.028291088 0.27075392 0.037164047 0.05850745 0.0063751726 0.023636607 0.007820424 0.046170183 0.0022411575 0.0051335106 0.025236333 0.0069295783 0.011051759 0.0053158794 0.00985229 0.018074792 0.010309335 0.008946878 0.005039958 0.0015749575 0.0002874576 0.00033200337 0.00044523817 0.0008451528 0.004201942 0.0006733797 0.003396036 0.003151754 0.0008708834 0.0011036035 0.00064850907 0.0005521874 0.0033507159 0.004069781 0.0011653854 0.0001732934 0.0021066712 0.0041387244 0.028130753 8.508494e-05 0.00022498303 0.0006102151 0.0019576536 0.0011302311 0.0020680039 0.0010910635 0.00034402398 0.0010921758 0.00017831956 0.001518196 0.0013642983 0.00049660285 3.5528094e-05 0.00048490666 0.21949866 0.0012508872 0.0010477926 1.8220888e-05 0.00045510687 0.00014928514 0.04369198 0.0027564997 0.00031454494 1.5719705e-07 0.00043627765 0.0003482364 0.00042509785 0.023175422 0.00013605834 0.0044746273 3.299783e-05
0.5041899 0.093871385 0.0023644774 0.033008 0.0016475274 0.004008538 0.86071134 0.0021998456 0.016996456 0.0015024954 0.00062246504 0.0015976623 5.2473674e-22 0.070222035 0.0019570955 0.00010474284 0.009540755 0.04554154 0.00036956707 0.004209053 9.128551e-05 0.006695855 8.578622e-05 0.0023756837 0.001003863 0.56276476 0.1359523 0.12057616 0.00044609176 0.044092454 0.0013805883 0.00034109474 0.0008179184 3.0227246e-05 0.0047440464 0.0006764734 0.0013296906 2.411318e-06 0.09154386 0.0033824495 3.663915e-06 0.0002469497 0.0003225602 0.00022250721 2.426835e-06 0.00012736807 6.284021e-07 0.0003178769 0.0005999035 1.0837935e-07 0.00968992 0.011529132 1.0828756e-08 0.113926895 0.00036980526 1.9873603e-08 0.00031316603 1.2295798e-06 1.9609251e-07 0.059008818 0.006374999 0.032101806 0.0019015297 0.00022357542 0.05810511 8.928759e-08 0.0001578854 0.000109521105 0.00019670042 9.866359e-08 2.54121e-07 0.0014139318 0.00015235924 1.385909e-05 0.00046717192 9.608612e-06 6.636413e-09 0.0034746632 1.1259717e-06 3.7974976e-05 4.158923e-05 3.3280216e-06 0.001368125 4.978478e-06 0.006922366 0.0028726973 3.911193e-05 4.274758e-09 4.6113557e-05 4.4775315e-06 0.03215256 0.00046648562 3.088851e-09 4.6392676e-09 5.4143293e-05 2.0921056e-05 4.1771436e-05 0.030615803 2.2208966e-05 0.00025129542 0.00015607543
0.9400178 0.50326085 0.18084317 0.23740402 0.08451618 0.2634533 0.12207463 0.0296494 0.08846616 0.023655038 0.08328531 0.14067605 0.070222035 3.1967326e-21 0.019554831 0.03830353 0.04071269 0.06977715 0.010008844 0.019259972 0.0076083746 0.022881303 0.004491731 0.012005402 0.009405183 0.056887604 0.29493636 0.050763145 0.0070236 0.055845868 0.011298091 0.04576754 0.007541991 0.0027832002 0.01467532 0.0059077106 0.007776259 0.0017736758 0.04474193 0.010006395 0.000785481 0.0068275146 0.0035107753 0.005675589 0.00033128887 0.002205491 0.00034919422 0.006700857 0.0054999525 5.5149136e-05 0.0075259726 0.0075533646 4.000808e-06 0.025853781 0.0016843727 7.51907e-06 0.0018712477 5.4740056e-05 8.974397e-06 0.01231137 0.004882901 0.012721559 0.0058515207 0.002073756 0.012140236 8.2855155e-07 0.0012707028 0.0070557278 0.002924522 1.1207673e-06 2.7213446e-06 0.007946332 0.0012622427 0.00023016553 0.0046256287 0.00019036642 2.4214748e-07 0.00546579 4.202298e-06 0.0009441345 0.0009871052 4.4617922e-05 0.0012834009 8.291294e-05 0.16766375 0.020736195 0.00081671536 4.1748573e-09 0.0005168154 2.1041851e-05 0.13726814 0.0032850252 1.198734e-07 5.611684e-09 0.00052806665 0.00018794433 0.00052791287 0.09177104 0.00020477359 0.0042448184 0.0016838403
0.3276902 0.0344883 0.16509566 0.03440629 0.23958974 0.08155633 0.002823742 0.664407 0.084482454 0.666272 0.13782777 0.13937952 0.0019570955 0.019554831 3.0619838e-25 0.13588233 0.11670522 0.011035088 0.28350335 0.31497574 0.112086415 0.13299048 0.08172694 0.24461137 0.45732242 0.0012730412 0.010900168 0.00043083745 0.20265807 0.004633291 0.43389156 0.05598694 0.3424594 0.06776525 0.041579913 0.22250634 0.087189734 0.015186494 0.00181387 0.030854132 0.012500726 0.07306663 0.11235841 0.04969296 0.011881581 0.057958048 0.00393535 0.13994972 0.033400204 0.0018717188 0.000106754924 2.1376047e-05 0.0004885679 4.972474e-05 0.05146012 0.0008068286 0.046456367 0.001732778 0.00061684696 1.4628836e-05 0.000811103 3.3777767e-05 0.020073242 0.034456298 2.1970245e-05 4.0630155e-05 0.018866347 0.03339256 0.0073628807 8.655792e-06 1.32742325e-05 0.00016259859 0.010932351 0.004083805 0.012416558 0.0030268757 0.0002807178 0.0014643695 3.6959405e-05 0.0077744164 0.0040736445 0.00047330037 1.9905292e-05 0.0001585676 0.006940296 0.00025273216 0.0021946875 7.647679e-05 0.0038157548 1.9893223e-05 0.002261177 0.0012985936 0.0006536701 1.2184815e-07 0.00088158704 5.134967e-05 0.0007300414 0.0008148042 0.000110852365 0.00039160895 3.007767e-06
0.963401 0.009446812 0.30686045 0.012743276 0.48790827 0.16703153 0.00010127133 0.14571786 0.012646048 0.17739306 0.6416096 0.28847623 0.00010474284 0.03830353 0.13588233 3.4390147e-20 0.013260467 0.0005034296 0.18752123 0.029539715 0.26743433 0.008100313 0.19487819 0.02564478 0.13775578 0.00013004911 0.0064947302 4.6265835e-05 0.18955404 0.00014259243 0.064244784 0.44540635 0.106843255 0.20403242 0.0022544675 0.087168224 0.007883369 0.25618276 0.000116380426 0.0016734482 0.27364394 0.008723435 0.054411095 0.0043095746 0.113352455 0.13677101 0.11980153 0.01722639 0.0023815865 0.033416867 1.3142093e-06 5.0306967e-06 0.012661465 2.0352736e-06 0.025665179 0.014497107 0.006844785 0.03904119 0.009834237 1.4763453e-05 4.8187558e-05 4.35439e-06 0.0013197198 0.0070183873 1.0102867e-05 0.007984911 0.0030831671 0.0017214419 0.08662323 0.0016683768 0.0036448555 1.7096076e-05 0.0036566271 0.0031029955 0.0005801885 0.0028718305 0.008576745 0.00039525915 0.0014047667 0.0016508318 0.002189643 0.0018994617 1.1410825e-05 0.0013802979 0.106386594 6.488517e-06 0.0014283474 0.0023851572 0.00028408205 0.0007724711 0.0083481 0.0017351286 0.016013617 1.9596167e-05 0.00040322082 0.00029919323 0.00035525212 0.002226728 0.0001507943 0.0017827147 3.6481015e-05
0.30781826 0.16225754 0.043195847 0.34345666 0.054304488 0.026324568 0.01605576 0.07785 0.5764454 0.06392974 0.030043991 0.028230436 0.009540755 0.04071269 0.11670522 0.013260467 2.0958106e-23 0.42376268 0.009557097 0.5751259 0.0025380254 0.6495299 0.0030939148 0.33650005 0.07607805 0.007188655 0.031788934 0.012256048 0.01790817 0.1176118 0.14255781 0.012046598 0.058426507 0.0022522165 0.37611532 0.03663878 0.2400888 9.513815e-05 0.0109293545 0.28763047 0.00030122194 0.0769457 0.01632403 0.065966755 0.0003361959 0.005234126 4.0797655e-05 0.06540278 0.09475652 0.000108859545 0.003183886 0.0019078245 7.876304e-06 0.0019396313 0.007563344 2.1979235e-05 0.010165332 2.939069e-05 2.4055746e-05 0.001226718 0.018925652 0.001895843 0.061278373 0.008558325 0.0012901669 3.3176357e-07 0.008158298 0.031930577 0.0016600967 9.812946e-08 5.4726377e-07 0.001884166 0.0024252317 0.00056560244 0.053339306 0.00043066556 2.309833e-06 0.016649533 2.85591e-06 0.0024690237 0.0010879267 7.55327e-05 0.0001799835 5.4824068e-05 0.0043669497 0.002620342 0.0007232992 9.3020464e-07 0.003403703 1.2356485e-05 0.0028709131 0.01078165 2.9630866e-05 3.606231e-08 0.00041275736 7.118767e-05 0.00032914334 0.0007774479 7.388044e-05 0.007300039 4.954562e-05
0.55530906 0.26741782 0.0056052743 0.37234557 0.002515321 0.014563878 0.074394576 0.004799338 0.4192919 0.003692858 0.002819857 0.0070949337 0.04554154 0.06977715 0.011035088 0.0005034296 0.42376268 1.9682621e-22 0.00027998013 0.15489851 6.2395025e-05 0.4997456 0.000112932285 0.069936745 0.011144863 0.038216326 0.075917296 0.1268841 0.0013833557 0.5256239 0.03332456 0.0046578506 0.009084534 0.0001717336 0.3785612 0.0064550526 0.042785417 8.480986e-06 0.05130366 0.24383944 2.5425044e-05 0.019620178 0.004032533 0.016860057 2.6755708e-05 0.0007047576 6.0056323e-06 0.015617983 0.024619604 1.437314e-05 0.01944673 0.018116046 1.7543564e-06 0.008624855 0.0015935797 4.1418884e-06 0.0017892509 8.0275995e-06 7.2204557e-06 0.011550785 0.10964801 0.020411758 0.0397685 0.0023223371 0.015536856 2.4918256e-07 0.0013085253 0.0062653576 0.00071318576 8.8102546e-08 2.7392628e-07 0.009463752 0.0012846205 0.00028334447 0.022711778 0.00023715923 6.007216e-07 0.03110347 1.5356856e-06 0.00053763745 0.0006384582 4.359145e-05 0.0027275714 4.6763813e-05 0.0017091251 0.01909119 0.0003045725 1.6270252e-06 0.0003908752 1.2098609e-05 0.0055978703 0.01091011 1.4151263e-05 4.5343693e-08 9.824807e-05 0.00011484292 9.048999e-05 0.0013563032 5.402415e-05 0.007267731 0.00032674734
0.37648752 0.006583319 0.11753275 0.001927668 0.20319073 0.06732179 0.00044900583 0.2306441 0.0039367555 0.3246328 0.15292132 0.12762393 0.00036956707 0.010008844 0.28350335 0.18752123 0.009557097 0.00027998013 3.476812e-24 0.042509798 0.498143 0.011439733 0.439872 0.049907718 0.3626404 0.00021029083 0.0045599234 3.136336e-05 0.53651404 0.00022062832 0.15646395 0.12991196 0.2834747 0.41023692 0.004463433 0.22327188 0.019840328 0.17014709 0.00029698267 0.004909341 0.06883273 0.02029574 0.13111871 0.011807221 0.18306687 0.25169343 0.042283557 0.060212042 0.0071614725 0.0067161988 1.1965298e-05 3.3573015e-06 0.002810028 1.0303371e-06 0.07870771 0.003081975 0.043886386 0.026314704 0.005442965 3.0804101e-06 0.00022215016 5.1657958e-06 0.0051864325 0.034187645 3.3152494e-06 0.0008327426 0.016422285 0.024301425 0.021478582 0.00020200765 0.00050117006 5.733919e-05 0.018244373 0.012702333 0.002577851 0.011120109 0.006476225 0.00028365242 0.00042750358 0.012787169 0.013551602 0.002760866 6.710881e-06 0.0026586042 0.0116873495 0.00012989886 0.006026548 0.001628639 0.0014975449 0.00018347577 0.0028020532 0.0002684208 0.0077009383 1.6635619e-05 0.001013843 0.00016722955 0.0008103152 0.0008671536 0.0002709249 0.00010340365 2.6710668e-06
0.07319677 0.07396358 0.055702038 0.2096714 0.0909743 0.0215764 0.006228576 0.21997695 0.45267507 0.1923607 0.042269103 0.030634215 0.004209053 0.019259972 0.31497574 0.029539715 0.5751259 0.15489851 0.042509798 7.211883e-24 0.015911968 0.6456669 0.017907018 0.64590424 0.17465657 0.003913452 0.01325493 0.005282868 0.065060675 0.03865056 0.3393258 0.014188501 0.118485935 0.0155309895 0.36986607 0.07866288 0.4668302 0.0009407533 0.0042523285 0.30671403 0.0026229261 0.2869799 0.03888409 0.23364337 0.0019419865 0.016660118 0.00056449854 0.15324904 0.21744585 0.00082672364 0.0006689185 0.00033872155 0.0002687097 0.0006667403 0.016166886 0.00036342916 0.017546168 0.00017654976 0.00025174711 0.00022239794 0.005975086 0.0004697363 0.05302738 0.012564084 0.00033709322 1.252108e-06 0.011371424 0.0479928 0.0029116774 3.781026e-07 7.543623e-07 0.00057131343 0.0030067018 0.00082251 0.046968263 0.00056550425 6.7894234e-06 0.008271255 2.6404891e-06 0.002808083 0.0013701939 4.7351252e-05 5.5371478e-05 2.60327e-05 0.0011472608 0.00027679245 0.00081336906 5.2391197e-06 0.0059435866 7.2172884e-06 0.0009126623 0.007216835 6.794894e-05 3.0421017e-08 0.0008042408 5.423301e-05 0.0007193235 0.0002456018 7.719151e-05 0.0028144529 6.2585523e-06
0.719247 0.001569285 0.116531044 0.0004566117 0.21642514 0.05551534 6.153721e-05 0.101650625 0.0014414755 0.18615682 0.19857775 0.13722987 9.128551e-05 0.0076083746 0.112086415 0.26743433 0.0025380254 6.2395025e-05 0.498143 0.015911968 1.2663969e-22 0.0033005208 0.56137645 0.031225529 0.21770716 4.5985846e-05 0.0017789595 1.0673034e-05 0.4674032 7.880697e-05 0.085093714 0.22463398 0.16467966 0.5140534 0.0017372199 0.13731048 0.010403706 0.3765319 0.00010557813 0.0020254247 0.20749898 0.011740614 0.0954628 0.0060222624 0.25601208 0.3238631 0.1197703 0.03846854 0.0034565765 0.021463206 3.967255e-06 1.4433448e-06 0.013096377 6.2186757e-07 0.07500946 0.013114793 0.023697875 0.087709226 0.010930845 1.488179e-06 0.00010486197 1.5102225e-06 0.0038070725 0.026569318 2.224113e-06 0.004230637 0.012887539 0.011635296 0.0277501 0.0012221254 0.0027928131 2.3033908e-05 0.01735602 0.016542463 0.0016449518 0.014326325 0.013433993 0.00036050275 0.0018523446 0.00917029 0.016834622 0.0054189404 6.262051e-06 0.005465097 0.008187523 3.4149965e-05 0.0045588952 0.0036007809 0.00042057 0.00081523095 0.0013150807 0.00046294284 0.014888754 0.00010701537 0.00043657213 0.0003557897 0.00035896138 0.000574796 0.00024371537 0.00020308705 6.1785804e-06
0.112126134 0.10197953 0.023599284 0.2744992 0.03645945 0.012965258 0.009870228 0.080115 0.54146457 0.069243155 0.016063547 0.014468999 0.006695855 0.022881303 0.13299048 0.008100313 0.6495299 0.4997456 0.011439733 0.6456669 0.0033005208 4.3566764e-24 0.004134225 0.4513486 0.08939594 0.006067198 0.016186247 0.009957118 0.024877401 0.18734351 0.13970411 0.0075791567 0.051920272 0.0031752135 0.5522676 0.029724084 0.37896428 0.00010842418 0.0063346284 0.4850423 0.00056733954 0.1587027 0.012072181 0.1568312 0.00018506033 0.0045337714 8.207251e-05 0.055014767 0.21477799 0.0002340145 0.0019131291 0.001544559 2.588525e-05 0.0020597666 0.00538944 4.706111e-05 0.0076341773 1.9597755e-05 5.2989282e-05 0.000921454 0.01876832 0.0017094242 0.085109465 0.0050184657 0.0013107884 2.5424947e-07 0.005605788 0.030438721 0.001447396 1.1809364e-07 1.8059566e-07 0.0015756778 0.0016006118 0.00030809038 0.06643439 0.00022124522 2.2592778e-06 0.020515414 1.1694316e-06 0.0012972766 0.0006169961 2.2487244e-05 0.00017162667 2.0630792e-05 0.0010555392 0.0018792443 0.0003930749 8.2102565e-07 0.0031815742 6.7482197e-06 0.0018262275 0.015638687 1.6296177e-05 1.8822988e-08 0.00027307402 3.1462492e-05 0.0002344018 0.00038521734 2.6592264e-05 0.00848034 4.3589705e-05
0.54011214 0.0005500453 0.078616336 0.00031476314 0.13520817 0.03608445 5.018169e-05 0.0661587 0.0013808418 0.13220309 0.13439065 0.08832631 8.578622e-05 0.004491731 0.08172694 0.19487819 0.0030939148 0.000112932285 0.439872 0.017907018 0.56137645 0.004134225 1.641129e-22 0.03043152 0.20844907 4.6099525e-05 0.0013404737 1.1936167e-05 0.45564568 0.00012184774 0.0794275 0.13709119 0.16110429 0.5008772 0.0019149883 0.13875207 0.01038929 0.33406425 6.1766455e-05 0.002582334 0.14699748 0.013451722 0.096164726 0.0073935874 0.27441967 0.32514971 0.10588866 0.042344935 0.0040133484 0.019736486 2.4458013e-06 1.4196688e-06 0.012098056 4.805415e-07 0.07853172 0.01202768 0.028701244 0.09613247 0.009694656 1.3172432e-06 0.00010790141 1.298814e-06 0.004282816 0.031533025 1.7296567e-06 0.005642504 0.015119376 0.014944242 0.021971779 0.001350345 0.0048487545 1.7742266e-05 0.02278668 0.024431013 0.002187 0.021819955 0.012490598 0.00057348324 0.0022777393 0.0125583215 0.022131778 0.008021577 7.487714e-06 0.0090832 0.004896702 3.6476253e-05 0.006203755 0.0035810112 0.0008326326 0.0011047487 0.0010674949 0.0006483198 0.013758874 0.00016314907 0.00066540675 0.000615818 0.0004480857 0.00036830327 0.00032615892 0.00023149405 6.5735408e-06
0.03222148 0.029441547 0.035940334 0.09963871 0.076076835 0.013238482 0.002856888 0.17722957 0.21578324 0.17316498 0.03059924 0.021192942 0.0023756837 0.012005402 0.24461137 0.02564478 0.33650005 0.069936745 0.049907718 0.64590424 0.031225529 0.4513486 0.03043152 8.333319e-23 0.1676852 0.0017757247 0.0101398 0.0028625242 0.060705353 0.016566973 0.349431 0.012629213 0.1233691 0.02701678 0.18280098 0.08494943 0.47310123 0.0033971036 0.0017391478 0.15958099 0.003164485 0.3382337 0.040497027 0.24226856 0.003961456 0.020384362 0.0018603303 0.21529582 0.19721255 0.00097494887 0.00018621996 0.00014235273 0.00062883465 0.00033609156 0.025136178 0.00064769597 0.025373101 0.00043759294 0.0005452033 0.00015432833 0.0038625142 0.00015560446 0.04192226 0.016646301 0.00018051655 1.2009368e-05 0.01637639 0.057773937 0.004302579 2.5901609e-06 3.1881746e-06 0.00038902453 0.0045109997 0.0009497127 0.035591487 0.00069226493 2.0862597e-05 0.007121348 9.288169e-06 0.005281775 0.0015766699 7.6247394e-05 6.319286e-05 3.2027703e-05 0.00063238805 0.00022544932 0.0014769059 3.6793554e-05 0.010637724 1.7311146e-05 0.0005745828 0.0044380673 0.00023207294 1.7293144e-07 0.0021807798 5.6139812e-05 0.0018779275 0.00017652688 0.0004668163 0.001332864 5.330909e-06
0.07024084 0.017402811 0.09088522 0.017993905 0.17081055 0.025725935 0.0013217332 0.35878357 0.038125657 0.4201754 0.1037832 0.06590136 0.001003863 0.009405183 0.45732242 0.13775578 0.07607805 0.011144863 0.3626404 0.17465657 0.21770716 0.08939594 0.20844907 0.1676852 2.8276867e-23 0.00076072535 0.006123505 0.00045028373 0.46921733 0.005596864 0.49287334 0.03858985 0.5843234 0.24529745 0.02382178 0.5321825 0.06193759 0.08108931 0.0006036261 0.024721004 0.03583851 0.056126606 0.43081513 0.034016997 0.110759914 0.27458093 0.027223632 0.23419276 0.023791851 0.006078155 3.586433e-05 1.012708e-05 0.0045624287 2.922305e-05 0.23053989 0.0050556827 0.1578376 0.024773289 0.005180226 2.1425987e-05 0.0025103819 4.8258058e-05 0.013305522 0.109964706 2.9901796e-05 0.0013267361 0.049386915 0.045079987 0.014523892 0.00032566846 0.0006632574 0.00016173285 0.031750653 0.019375592 0.0075030862 0.017307583 0.003882651 0.0016659021 0.0006194095 0.026160782 0.018494157 0.0046946956 1.1492635e-05 0.0023547213 0.0014622427 0.0006421131 0.010163896 0.001841829 0.004965975 0.00035439737 0.0007132269 0.0005269742 0.0042695054 1.1037918e-05 0.0030266433 0.000844063 0.0026678517 0.00023489544 0.0020864916 7.26244e-05 1.5608509e-06
0.8339716 0.11863691 0.0024014434 0.03975604 0.0020671787 0.0028164603 0.30022168 0.0015014524 0.010457581 0.0010343872 0.0005320584 0.0012502287 0.56276476 0.056887604 0.0012730412 0.00013004911 0.007188655 0.038216326 0.00021029083 0.003913452 4.5985846e-05 0.006067198 4.6099525e-05 0.0017757247 0.00076072535 1.6825056e-20 0.1804992 0.15071885 0.00021455013 0.043347213 0.0014366822 0.00031706187 0.0005836835 2.0218178e-05 0.0046030274 0.0004595792 0.0014138307 1.7501153e-06 0.51870185 0.0030370594 2.1142355e-06 0.0004849573 0.00031746732 0.0004216797 1.1594052e-06 1.5238297e-05 1.9584058e-07 0.00086475624 0.0009963294 4.5603986e-08 0.02880468 0.032904208 2.7054057e-09 0.49479824 0.00034313372 2.5819542e-09 0.00059922715 2.3314938e-07 1.8152091e-08 0.31834215 0.010458629 0.14606807 0.0052170902 0.00049167953 0.25805917 2.1502512e-08 0.000509653 0.0014666427 3.4496476e-05 6.874993e-08 1.6760721e-07 0.016554654 0.00030138603 5.2889623e-05 0.001123224 3.854501e-05 2.7293443e-10 0.006571777 4.9227657e-07 0.00016636105 0.0001137373 1.098165e-05 0.0020931156 1.7341317e-05 0.04613874 0.028509365 6.5609056e-05 5.965835e-11 5.485518e-05 4.3653044e-06 0.09798049 0.0010335494 1.4084446e-10 7.541281e-10 4.9308237e-05 4.1075076e-05 4.3948436e-05 0.14672615 4.794692e-06 0.00035456367 0.00049515034
0.94889784 0.38549224 0.07433997 0.14867416 0.028664274 0.06011638 0.16119584 0.013291734 0.06094069 0.009480047 0.020025522 0.033383247 0.1359523 0.29493636 0.010900168 0.0064947302 0.031788934 0.075917296 0.0045599234 0.01325493 0.0017789595 0.016186247 0.0013404737 0.0101398 0.006123505 0.1804992 5.559636e-18 0.10191387 0.002946547 0.07110236 0.009917737 0.0048363963 0.005021357 0.000675491 0.011372488 0.004456619 0.0073320465 0.00033205908 0.12472189 0.008595156 0.00028151 0.007025549 0.0034078327 0.0062899697 0.00012972197 0.001273286 8.1627026e-05 0.010627564 0.0064593363 3.2918524e-05 0.03542705 0.020329533 1.2061645e-06 0.08123663 0.0025809554 2.0655232e-06 0.0037731593 2.436841e-05 4.985558e-06 0.042546373 0.011582393 0.03166298 0.00607367 0.0030531029 0.034968123 6.90615e-07 0.0018086734 0.011312156 0.0018199111 1.9167258e-06 2.1269682e-06 0.026826156 0.0007231733 0.000105555584 0.005375196 0.00010548303 1.5887798e-07 0.009588105 9.422855e-06 0.0012830166 0.0004768324 3.130718e-05 0.004350669 9.067892e-05 0.13309124 0.044460367 0.0009991959 2.1177091e-09 0.0016161553 6.971417e-05 0.14149669 0.0018539994 2.4283882e-08 3.4565528e-09 0.00073357247 0.00015724752 0.0007565919 0.1329342 0.00024748206 0.002304671 0.004286915
0.47471437 0.08170819 0.0012699643 0.044060383 0.0007287045 0.005096358 0.13193345 0.00028614936 0.014506339 0.00012526695 0.00026792334 0.001621254 0.12057616 0.050763145 0.00043083745 4.6265835e-05 0.012256048 0.1268841 3.136336e-05 0.005282868 1.0673034e-05 0.009957118 1.1936167e-05 0.0028625242 0.00045028373 0.15071885 0.10191387 1.6602415e-20 4.1626805e-05 0.2792725 0.0021616607 0.0013586003 0.00029961584 7.1871623e-06 0.011378107 0.00029487847 0.0032295047 1.0004863e-06 0.18234633 0.0072051925 5.6450413e-06 0.0021914146 0.0001834868 0.0019779324 1.1040777e-06 1.9544805e-05 1.3688439e-06 0.0016752884 0.0029815002 1.062779e-06 0.07726708 0.11884265 6.172329e-07 0.22528003 0.00026854497 7.8878844e-07 0.00066654646 5.0652153e-07 1.949563e-06 0.21353857 0.112144634 0.21227741 0.012479648 0.0005694397 0.24515137 9.971566e-08 0.0004928438 0.00091200334 0.000104122155 3.9984773e-08 1.1808778e-07 0.049966894 0.00019981686 1.051e-05 0.0037638906 6.6492516e-06 4.7313673e-08 0.01382715 4.950967e-07 0.0001336217 4.440173e-05 4.371341e-06 0.009047124 2.2722857e-06 0.0018739775 0.09763439 5.5700006e-05 9.1720736e-08 2.3987135e-05 3.5234152e-06 0.013398997 0.0012061922 5.7589823e-08 8.068184e-08 9.802818e-06 7.2165794e-06 8.937585e-06 0.009490482 3.8265644e-06 0.0012468715 0.0009716088
0.19115195 0.0030680574 0.08086169 0.0030841082 0.14504057 0.03721416 0.00029147137 0.15639448 0.007621127 0.25569227 0.12368593 0.088300794 0.00044609176 0.0070236 0.20265807 0.18955404 0.01790817 0.0013833557 0.53651404 0.065060675 0.4674032 0.024877401 0.45564568 0.060705353 0.46921733 0.00021455013 0.002946547 4.1626805e-05 1.4061974e-22 0.0010740272 0.21949556 0.10264981 0.4205125 0.5030559 0.0066932086 0.3582037 0.01760204 0.27988127 9.186207e-05 0.0058603473 0.09501156 0.02451594 0.25613332 0.014156644 0.3302975 0.42898837 0.085160546 0.09089463 0.008612518 0.014459255 3.3363222e-06 1.4133844e-06 0.012016472 1.2055516e-06 0.16884424 0.009215283 0.080761306 0.07805099 0.012128067 1.98256e-06 0.0005053665 3.7226748e-06 0.0064443164 0.06662868 2.5541979e-06 0.004267901 0.030209156 0.028764876 0.022631504 0.0011657699 0.002586851 3.6923433e-05 0.03746682 0.028800575 0.0035458012 0.025082598 0.015119692 0.00079399877 0.0015530093 0.020490909 0.025139851 0.008909023 6.6046837e-06 0.007870114 0.0037093998 0.00019488156 0.012343435 0.005721007 0.0021382878 0.0012240635 0.00086585624 0.0007479753 0.014504775 0.00011390652 0.0015299451 0.0009896473 0.0013171196 0.00026657738 0.0011163957 0.00020861752 6.572977e-06
0.40881056 0.2026921 0.0020044527 0.14486031 0.0009957565 0.007329029 0.07094324 0.0029972543 0.1144325 0.0018919588 0.00077632355 0.0031290525 0.044092454 0.055845868 0.004633291 0.00014259243 0.1176118 0.5256239 0.00022062832 0.03865056 7.880697e-05 0.18734351 0.00012184774 0.016566973 0.005596864 0.043347213 0.07110236 0.2792725 0.0010740272 5.9212416e-21 0.01140903 0.002178645 0.003343371 0.00017214254 0.21414761 0.0018366897 0.01730424 8.123575e-06 0.06362367 0.124655455 4.350424e-05 0.006345593 0.0009553384 0.0056871762 3.6669164e-05 0.0010010566 1.4516918e-05 0.005903737 0.009605962 1.7063709e-05 0.029192971 0.04627228 4.7929366e-06 0.026666392 0.0014620844 7.692646e-06 0.0005738068 2.3318918e-05 5.0661993e-06 0.024060752 0.30196363 0.062640496 0.041982733 0.001029597 0.03975579 3.889696e-07 0.0003687577 0.002267383 0.00036102245 1.5106453e-07 5.693753e-07 0.019010218 0.0008131954 0.0001476522 0.01648038 0.00010299246 3.3133324e-07 0.055231616 1.5348685e-06 0.0001728064 0.0002590203 1.3401598e-05 0.011225022 1.3122599e-05 0.0008452955 0.0333679 0.00017269354 1.5048455e-06 0.00015325399 6.0585908e-06 0.007920434 0.010511554 4.454256e-06 4.9105623e-08 4.20769e-05 3.0154055e-05 3.7413763e-05 0.0028141942 1.42423005e-05 0.007863973 0.0012082789
0.025843117 0.025760066 0.051741283 0.059955813 0.115594715 0.0129633425 0.0019263164 0.31061006 0.10115354 0.33320403 0.053140923 0.028291088 0.0013805883 0.011298091 0.43389156 0.064244784 0.14255781 0.03332456 0.15646395 0.3393258 0.085093714 0.13970411 0.0794275 0.349431 0.49287334 0.0014366822 0.009917737 0.0021616607 0.21949556 0.01140903 5.6572616e-24 0.023953758 0.50643694 0.075494714 0.04273589 0.46705863 0.12777542 0.023507735 0.0011813331 0.036557816 0.010466856 0.17988004 0.36683202 0.08965378 0.023818156 0.10821625 0.007781467 0.530417 0.053684775 0.002891193 0.00013298618 6.206654e-05 0.00150327 0.0002511701 0.16033307 0.0022857997 0.1892798 0.005869366 0.0029129714 8.730858e-05 0.0029230104 0.00010405169 0.033293776 0.10096783 0.000119322016 0.00020804413 0.07532884 0.07162615 0.0124996 4.9978706e-05 6.582522e-05 0.0004013892 0.016462583 0.0051836506 0.023684474 0.0034643319 0.00023572263 0.0036668205 3.5904057e-05 0.022700319 0.0062743328 0.0004199628 2.3046587e-05 0.0001904625 0.0011109897 0.00095062837 0.004862932 0.00026005888 0.014335612 6.113127e-05 0.0011968883 0.0025335043 0.0011441326 3.5973173e-06 0.0069248583 0.00018333095 0.00617132 0.00024715022 0.0024970404 0.00037901313 2.0725317e-06
