4.711295e-19 0.8367735 0.76467884 0.5620441 0.87968475 0.96697414 0.86460733 0.8837422 0.92719895 0.92394674 0.3319616 0.9416833 0.7520557 0.94877505 0.96551967 0.98161596 0.025870902 0.21693988 0.024873884 0.97343373 0.9671543 0.017889686 0.2669084 0.674966 0.82503843 0.8738259 0.92847085 0.94324154 0.9880268 0.9620648 0.037535973 0.5013701 0.95583093 0.80603725 0.8346019 0.96398574 0.8707698 0.93670005 0.10378367 0.97518253 0.8222472 0.042766023 0.89285666 0.016309619 0.9127079 0.76777464 0.82977104 0.052359045 0.9466811 0.78643835 0.018188372 0.7014293 0.03357353 0.86910933 0.98401624 0.87871045 0.8972403 0.11478342 0.9264825 0.75840414 0.9148582 0.505539 0.0043420205 0.011250476 0.89369094 0.098258555 0.85858816 7.959285e-05 0.916583 0.73285407 0.9069641 0.96591455 0.009166885 0.0014063873 0.9974408 0.839526 0.6168738 0.98596627 0.9786709 0.21805924 0.88196325 0.99292886 0.9226601 0.7560173 0.059467778 0.7347154 0.99994266 0.031294975 0.8591174 0.6601131 0.9925358 0.00053440366 0.052286908 0.011318939 2.6560863e-05 0.9914909 0.029956935 0.5303521 0.0004260455 0.99746776 0.99849623
0.8367735 2.402392e-15 0.89908165 0.7706891 0.9647939 0.8303359 0.77841604 0.8267281 0.3349389 0.45246294 0.6476378 0.081514336 0.13981526 0.05739542 0.5454663 0.07785752 0.20155804 0.48459992 0.21290109 0.09273265 0.0061474484 0.11590059 0.034611147 0.0016835456 0.0019633984 0.0005749237 0.0015744326 0.0002995404 0.032947987 0.00019963649 0.0010680957 0.004753004 0.00048859493 0.0005412113 2.5387999e-05 1.0747311e-05 1.1548432e-06 0.0008365944 0.0046046916 0.0004961096 0.008876546 0.055172298 2.2854256e-06 0.0017485889 0.0023178863 2.3223633e-06 0.010725938 9.927857e-05 0.0065490627 7.408607e-06 2.0858819e-05 3.2205836e-07 0.00028353534 5.975174e-05 0.00076507323 6.539108e-06 4.2979458e-08 0.00024466738 0.0041757384 3.0563217e-06 0.00020705584 7.572957e-08 1.6744187e-05 3.2205407e-05 2.1085238e-07 1.0372765e-07 3.1563873e-06 3.304881e-07 6.9960595e-07 1.6600364e-06 1.778398e-06 6.1662875e-05 6.1010795e-08 9.0974234e-10 0.0034482663 3.2268034e-07 8.744032e-07 1.7384386e-05 0.0036873699 3.9391546e-07 1.70354e-07 1.4259464e-07 8.961034e-05 2.358781e-07 1.37403185e-05 6.344346e-07 0.0009893251 4.029826e-10 9.6628624e-05 9.3747883e-07 0.0027297393 1.9575246e-07 1.2405828e-05 1.5131245e-06 1.4320313e-05 9.4584044e-07 5.7267453e-08 6.33308e-08 3.1215936e-06 0.00037298995 0.00072622224
0.76467884 0.89908165 1.1501622e-17 0.9910219 0.6688836 0.86661 0.14987168 0.43850052 0.06971946 0.13039622 0.6621663 0.27090886 0.4384673 0.009680171 0.22813046 0.14909655 0.023167549 0.015691308 0.1950507 0.01779708 0.01703182 0.0026551823 0.0236446 0.0007216195 0.000116398856 0.00014292012 0.0013833077 0.00048375633 0.012668441 1.18178705e-05 6.862609e-05 0.002277392 0.00021608445 0.0005898604 4.626405e-06 1.3190876e-06 4.0802868e-07 0.00072233315 0.0028218979 0.0026827643 0.0022912908 0.058586963 5.391801e-07 0.0028837319 0.0005858609 1.7014676e-06 0.00557552 6.8774153e-07 0.0023553546 9.545629e-06 2.4714948e-06 2.216708e-06 0.00024042641 0.00023784529 0.00025157238 2.5943611e-06 9.4841866e-08 0.0006287406 0.0026059467 1.652257e-05 0.00043926665 1.8524942e-08 4.5157463e-05 3.184153e-05 3.3066606e-06 1.8087074e-07 4.5443463e-05 1.6095532e-06 7.0293686e-06 6.3887535e-07 1.8431634e-06 0.0003520617 2.4325557e-08 2.8114493e-09 0.0022546137 5.6867907e-07 3.9002025e-06 3.853167e-05 0.0026951504 3.1855166e-07 1.4836182e-07 6.849806e-07 0.00019977131 3.112552e-07 1.6739286e-05 8.8016014e-07 0.0009406079 7.1451456e-10 0.0001758811 9.257342e-06 0.0022267427 2.2592236e-08 2.493926e-06 1.7594166e-06 2.3673867e-06 7.9195564e-07 5.947745e-08 1.3333407e-07 1.7954453e-05 0.00018046009 0.00027091047
0.5620441 0.7706891 0.9910219 2.227857e-16 0.48542014 0.69249046 0.07098989 0.3323024 0.049510498 0.064108945 0.9148082 0.39970097 0.6357639 0.0059937974 0.1638001 0.094406664 0.03345777 0.00836865 0.5076541 0.009876109 0.0071345423 0.005202659 0.08622843 0.00038409684 0.00010531767 9.735974e-05 0.002139786 0.00031636626 0.009070812 2.4644678e-05 6.6371234e-05 0.001567532 0.0002426039 0.0007199549 2.4549524e-06 1.9334211e-06 5.689378e-07 0.00016537966 0.0018756696 0.00029043306 0.00054044864 0.3026866 3.2730637e-07 0.004998836 0.0004639355 2.028147e-06 0.0015582959 9.4998796e-07 0.0006933802 6.1028777e-06 2.0851169e-06 1.7902809e-06 0.00016502502 4.6791116e-05 7.4689604e-05 2.9858238e-06 1.8783507e-07 0.00020122353 0.0005943156 1.1483723e-06 2.5931824e-05 5.589998e-09 0.00012407445 4.5941833e-05 5.6479066e-06 4.148063e-08 1.9352142e-06 3.074328e-05 2.4294864e-06 5.379049e-07 3.3478188e-06 5.5158078e-05 1.1141131e-08 1.7630889e-09 0.0003506418 2.1483768e-07 2.2599415e-06 3.4938157e-06 0.0004302544 2.0522332e-07 2.1739251e-07 7.5819577e-07 1.4837768e-05 1.6488838e-07 3.6753292e-05 8.333634e-07 0.0003731289 4.1792134e-10 2.2700495e-05 5.8432724e-06 0.00073801464 1.3716535e-06 1.1778012e-06 4.3314424e-07 1.0046651e-05 5.321926e-07 3.1030424e-08 3.300948e-08 1.3694897e-05 0.00023353653 5.761683e-05
0.87968475 0.9647939 0.6688836 0.48542014 1.6318084e-15 0.7190788 0.7636393 0.9514356 0.21601138 0.46241778 0.51411146 0.057347395 0.106236316 0.03306371 0.6974355 0.05135839 0.037272062 0.11644675 0.04742739 0.24069542 0.006887646 0.022928827 0.021055857 0.002121413 0.0020334462 0.00040703086 0.0018914853 0.000905645 0.082409255 0.00034231727 0.00060489814 0.0032180713 0.0009958439 0.0006147653 2.3386625e-05 1.5975891e-05 1.3518594e-06 0.0018643488 0.0012850389 0.0014663322 0.015556071 0.017990457 5.7327948e-06 0.00029470134 0.0042823567 3.342354e-06 0.02210009 5.96583e-05 0.012626557 3.300028e-05 5.3769723e-05 5.333515e-07 0.00020001229 0.00020125962 0.0019068151 3.5678848e-05 7.337455e-08 0.00023571093 0.0098978095 3.6919108e-05 0.0010920889 1.2116297e-07 9.1076245e-06 1.8263772e-05 3.892052e-07 1.1947031e-07 3.1065352e-05 8.971145e-08 1.7604261e-05 4.682462e-06 5.178324e-06 0.00036131937 1.976663e-07 1.0793941e-09 0.0066522844 4.348244e-06 7.530603e-06 0.00045674937 0.008641672 8.998295e-07 8.2923016e-08 4.244254e-06 0.00037027212 1.4450043e-06 2.2327486e-05 1.8479155e-06 0.002987818 1.5170937e-10 6.0456423e-05 3.9972497e-06 0.004979666 1.2329174e-07 2.185735e-05 3.4715795e-06 1.7283483e-05 5.4688735e-06 3.3366769e-07 3.5599894e-07 7.705408e-06 0.00043788305 0.0016401068
0.96697414 0.8303359 0.86661 0.69249046 0.7190788 1.9491338e-15 0.026125278 0.33542317 0.0054138573 0.053538572 0.40745708 0.90082717 0.6460395 0.0027136982 0.80084515 0.91482234 0.0027248652 0.0025871336 0.02188604 0.090518594 0.36257792 0.0007576793 0.2576257 0.0002959496 1.0302453e-05 5.111008e-05 0.105269864 0.028616112 0.10869091 1.4097545e-05 2.7849219e-05 0.132576 0.023065124 0.016389873 5.953366e-07 1.1099486e-06 1.2107519e-07 0.0005010227 0.08811833 0.05803136 0.005831591 0.04367389 1.5456052e-07 0.017413873 0.0050270515 9.44846e-07 0.060201596 1.681555e-06 0.041055966 0.0018823995 1.1329365e-06 1.7715652e-07 0.011050474 0.006504797 0.0007795334 0.00061834796 2.7296384e-08 0.0319843 0.035038866 0.0010084101 0.0092067085 1.642713e-08 0.00064139336 0.0011416083 1.3562273e-07 4.9435855e-08 0.0019497296 1.5972326e-05 0.00022932746 0.00012372751 0.00017324778 0.005426126 7.597204e-08 1.6134913e-09 0.019527502 0.0005396537 8.921682e-05 0.0026508544 0.015559416 2.4534813e-05 1.1666506e-07 1.0687793e-05 8.4426916e-05 4.3046555e-05 0.00036755184 5.092825e-05 0.009994007 4.4127882e-11 1.2872688e-05 9.6256124e-05 0.0032822618 8.403643e-07 7.611574e-05 3.7057984e-05 1.568106e-05 1.0267593e-05 2.2533409e-06 1.2325994e-06 9.302135e-05 0.00010262107 0.00066359265
0.86460733 0.77841604 0.14987168 0.07098989 0.7636393 0.026125278 5.077262e-13 0.8757253 0.97166204 0.9211572 0.20248803 0.0022850465 0.0061955624 0.8708979 0.2744187 0.0019228308 0.19386771 0.6344934 0.04440861 0.24711464 0.00012381049 0.22725652 0.0011150364 0.08153909 0.079539426 0.012890718 0.0002043717 1.717494e-05 0.030416809 0.023848854 0.015835285 0.00033622186 2.1810396e-05 2.2313734e-05 0.002134548 0.00054183434 0.0004244987 0.016554361 3.4451074e-05 5.8554422e-05 0.030746127 0.0003620608 0.00096826995 5.208849e-06 0.0090590725 0.00040061402 0.011884022 0.006299947 0.007587835 6.43312e-06 0.0033722022 6.3636704e-05 3.0370014e-05 6.11213e-05 0.005089366 6.733498e-06 3.3887212e-05 7.285023e-06 0.00439171 6.354359e-06 0.00036096358 0.00013922233 2.1877672e-06 1.7481963e-05 6.5555076e-05 3.9385468e-05 3.6938192e-05 3.5677743e-08 8.230463e-06 1.8876505e-06 4.597504e-06 0.000113446535 1.1332882e-05 4.4956627e-07 0.003560183 2.9527396e-07 1.2521319e-06 1.6767246e-05 0.0056084883 5.471135e-07 2.4728668e-06 1.141673e-06 0.002526841 2.793596e-07 4.7124813e-06 1.2469451e-07 0.00084591686 2.0765599e-08 0.0013765692 3.7244859e-06 0.006172636 1.8191813e-06 3.8325852e-05 1.1504923e-06 2.4583882e-05 4.0558646e-07 5.760454e-08 6.623506e-08 1.364803e-06 0.0020953873 0.002799345
0.8837422 0.8267281 0.43850052 0.3323024 0.9514356 0.33542317 0.8757253 1.3722929e-14 0.49097228 0.91929513 0.36474642 0.023173118 0.03333476 0.35960153 0.71452314 0.026487608 0.040886253 0.22575366 0.02468793 0.5250293 0.0036792327 0.03832462 0.0046575754 0.019096179 0.016113974 0.0032441474 0.0009578631 0.0006916321 0.16292402 0.002617028 0.0015883573 0.0012291444 0.00075819873 0.0003090135 0.00014866088 7.7977274e-05 1.483573e-05 0.008905081 0.0003069071 0.0013875025 0.051966447 0.0058065015 9.6320495e-05 6.240824e-05 0.011130794 3.1170493e-05 0.038015544 0.00025329247 0.019766549 3.3869506e-05 0.00026528523 4.505416e-06 0.00010734378 0.00019298548 0.004651319 5.320546e-05 3.3826332e-06 4.4204506e-05 0.016487401 4.1444233e-05 0.0011622338 4.597521e-06 8.06827e-06 1.9112964e-05 2.6731132e-06 2.2706245e-06 3.311971e-05 1.4472226e-07 1.7582015e-05 1.200805e-05 7.665455e-06 0.00038399166 6.3424854e-06 5.9700414e-09 0.007877289 1.111765e-05 1.1474839e-05 0.0005673271 0.0115022855 3.4746165e-06 3.987748e-07 8.669307e-06 0.0017346406 3.889197e-06 1.7974704e-05 1.9332738e-06 0.0029165477 1.4259695e-09 0.00013193554 4.733868e-06 0.007574384 3.7806146e-07 4.096214e-05 3.99945e-06 3.8681927e-05 9.475455e-06 5.9269615e-07 1.1412484e-06 1.231821e-05 0.0007467023 0.0032331396
0.92719895 0.3349389 0.06971946 0.049510498 0.21601138 0.0054138573 0.97166204 0.49097228 2.413572e-14 0.7427214 0.39151785 0.00011457601 0.00084709754 0.9262243 0.091219224 0.00014337881 0.5277488 0.9102619 0.08755125 0.13457704 1.7274238e-05 0.48446146 0.00016491016 0.1512254 0.75660884 0.05278538 7.9375495e-06 4.127022e-07 0.019882822 0.40526223 0.29803377 5.3331696e-05 1.0534761e-06 3.025904e-06 0.09102195 0.0027295675 0.0062197256 0.019558677 1.6095664e-05 1.7815699e-05 0.05092274 0.00015275569 0.027961608 2.7945032e-06 0.018324375 0.0013541429 0.012772538 0.22060789 0.0077008246 8.5206733e-07 0.08217588 0.00010509343 6.4711153e-06 7.558808e-06 0.008316641 6.726922e-07 2.0824631e-05 3.56755e-06 0.0012591028 2.1692365e-07 3.187793e-05 0.0005919452 1.8638483e-06 6.3724738e-06 6.0271286e-05 0.00017818545 1.0401526e-06 2.5293756e-08 2.6173748e-07 4.0129422e-07 4.103474e-07 2.6323743e-05 0.0002668559 1.3999934e-06 0.0007573033 1.2993567e-06 3.4861856e-07 5.8677706e-06 0.0043605217 6.1344636e-08 4.513282e-06 1.6135085e-07 0.0073832553 9.925164e-06 7.694584e-06 5.3620165e-06 0.00041140075 5.325152e-08 0.0026363856 9.734154e-07 0.006576326 2.543055e-07 0.00031847224 2.3929719e-05 1.2024622e-05 3.0306592e-07 2.8294846e-07 5.2746994e-08 1.8795381e-06 0.00631597 0.004494079
0.92394674 0.45246294 0.13039622 0.064108945 0.46241778 0.053538572 0.9211572 0.91929513 0.7427214 1.771819e-14 0.14773975 0.005683921 0.00855426 0.95501953 0.5462943 0.003661362 0.025896896 0.2105557 0.00845643 0.79858494 0.00021239583 0.029759157 0.0005805164 0.3130402 0.043635633 0.041601278 9.63645e-05 5.2066767e-05 0.19560169 0.021430543 0.0033147754 0.00017067869 3.8478534e-05 3.1526706e-05 0.0007449505 0.00066948205 0.00015895914 0.04539656 1.932108e-05 8.2806575e-05 0.16215566 3.3575277e-05 0.00042773402 7.4781155e-06 0.028632825 0.00015646635 0.067780025 0.0011051623 0.02484451 4.722199e-06 0.0010528615 3.2211585e-05 2.619465e-05 4.722588e-05 0.0095261 1.3836192e-05 1.6612488e-05 3.6691708e-06 0.013026273 2.335237e-05 0.0004193395 6.5035376e-05 3.6624622e-06 7.3058886e-06 1.9364597e-05 1.0264363e-05 1.6260672e-05 8.838767e-08 6.946619e-06 3.7853863e-06 2.357995e-06 0.00015729477 1.8027424e-05 9.9683334e-08 0.007286469 3.2981482e-06 1.7625251e-06 0.00013529121 0.016300306 2.1353235e-06 2.3975301e-06 2.3386747e-06 0.0074746897 5.7910306e-06 7.082008e-06 6.5544447e-07 0.0017746353 2.0993513e-08 0.00091058016 1.9973015e-06 0.012708234 6.9838467e-07 6.8562505e-05 5.959311e-06 2.5246753e-05 1.5133886e-06 3.866894e-07 3.174235e-07 9.096245e-06 0.002169905 0.0054999525
0.3319616 0.6476378 0.6621663 0.9148082 0.51411146 0.40745708 0.20248803 0.36474642 0.39151785 0.14773975 1.4881546e-16 0.025956843 0.20051958 0.018150935 0.06743948 0.034645844 0.047699194 0.014814389 0.99554825 0.011657132 0.0017759535 0.016028635 0.03321999 0.00035849694 0.0006083151 0.00020480076 0.0005873258 0.000184958 0.004484833 9.798878e-05 0.0006912493 0.00024093091 4.128223e-05 0.00017441036 2.277925e-06 2.195127e-05 7.3098914e-07 0.0004863526 9.194867e-05 7.168759e-05 0.00026680654 0.24028143 2.0291398e-06 0.0010496113 0.00011170006 1.20221575e-05 0.0020447269 7.849227e-06 0.00026740515 1.5838736e-05 0.00021520813 2.9244475e-06 4.342679e-06 3.812906e-05 3.4528104e-05 2.840888e-06 6.0809435e-07 4.9663904e-06 0.0004574767 7.645211e-06 2.7375785e-05 8.35963e-09 4.5262583e-05 3.839066e-06 4.561982e-06 7.636447e-07 1.52248185e-05 4.8366845e-05 7.9348765e-06 7.9468765e-07 1.7141263e-05 0.00011741352 3.654026e-08 3.4040318e-07 0.00035913973 4.647737e-08 1.29830805e-05 1.6483507e-05 0.00032312423 1.7433095e-07 3.1099038e-08 2.1161861e-06 3.7508365e-05 9.500405e-07 2.210144e-07 3.0847536e-07 0.00036318385 7.0928188e-09 6.453185e-05 9.275157e-06 0.0010313577 8.461705e-07 1.5210691e-06 3.3686165e-06 2.4293033e-06 1.5650559e-06 1.7829167e-08 6.3903045e-08 2.9199412e-06 0.00030800138 0.00017032339
0.9416833 0.081514336 0.27090886 0.39970097 0.057347395 0.90082717 0.0022850465 0.023173118 0.00011457601 0.005683921 0.025956843 1.6521273e-15 0.97654146 0.00019024918 0.059849728 0.8593095 0.00016651009 1.9569368e-05 0.00396851 0.0060437 0.68864036 1.7332539e-05 0.6393714 5.486507e-05 7.796723e-07 3.1755087e-06 0.7571725 0.09050088 0.012691991 2.9430728e-06 3.5288995e-06 0.656566 0.14653239 0.18982156 4.5740515e-07 1.3271182e-07 1.7635176e-07 4.4987162e-05 0.67675567 0.027587641 0.0015798766 0.18561816 3.706155e-07 0.4490603 0.00051813945 1.5128835e-06 0.010061064 1.2480469e-07 0.0051605054 0.0061020465 7.346891e-07 5.893858e-07 0.16409308 0.005499106 4.157733e-05 0.0015500301 8.436488e-08 0.19430761 0.00820059 0.0011980908 0.0049406686 4.2534264e-08 0.05100795 0.010855368 2.0130221e-06 5.26042e-07 0.0019415328 0.00092724117 0.00012543132 0.0002128484 0.00016932428 0.0025986615 5.904938e-08 7.4201395e-08 0.0035136791 0.0015436712 0.0001994167 0.0004604169 0.0054253913 2.3047422e-05 8.129708e-07 1.0091534e-05 3.1227562e-05 0.00021748469 0.00095984974 0.00020617645 0.0018039506 8.50155e-09 3.68625e-05 8.256072e-05 0.001511084 3.0421697e-05 9.426572e-05 9.803972e-05 0.00086571136 5.641145e-06 1.6155333e-05 2.6258865e-06 0.00058751623 8.4626336e-05 0.00017924556
0.7520557 0.13981526 0.4384673 0.6357639 0.106236316 0.6460395 0.0061955624 0.03333476 0.00084709754 0.00855426 0.20051958 0.97654146 4.407196e-14 0.00084044726 0.036261525 0.3948383 0.00073206564 0.00013050956 0.07349852 0.0054937485 0.09223963 2.0598687e-05 0.9899193 5.208961e-05 4.0428413e-06 6.715919e-06 0.14227007 0.0071247304 0.0040503494 1.7406785e-05 1.78908e-05 0.1030032 0.007117854 0.01666471 4.83814e-06 4.8171984e-07 5.0468634e-07 1.2960406e-05 0.4212754 0.0014834472 0.00019654851 0.48757985 4.2686517e-07 0.47728708 0.00023176044 6.9156117e-06 0.0014008896 9.572658e-08 0.00036611193 0.0007912288 6.8554e-07 1.3771967e-06 0.015915278 0.0006511938 9.355573e-06 0.00033913917 3.6028294e-07 0.014644546 0.00079557835 4.502468e-05 0.00018010507 3.6805286e-08 0.027512355 0.0016973688 1.0045156e-05 4.260371e-07 2.3268094e-05 0.0066257142 8.267319e-06 2.5586585e-05 4.719869e-05 9.051606e-05 3.8958156e-08 7.2092976e-09 0.000226721 0.0002442764 2.1910026e-05 3.957483e-06 0.0004204487 1.31276e-06 3.727876e-06 2.4918386e-06 7.0570763e-06 2.404013e-05 0.0003321633 6.910038e-05 0.00021202223 2.6383076e-09 9.385049e-05 7.5911644e-06 0.0005281019 2.0635869e-05 2.6756676e-05 6.614751e-06 0.00057039986 1.904416e-06 6.936117e-07 1.1835137e-07 0.00020299428 0.00024641072 0.000112936905
0.94877505 0.05739542 0.009680171 0.0059937974 0.03306371 0.0027136982 0.8708979 0.35960153 0.9262243 0.95501953 0.018150935 0.00019024918 0.00084044726 2.1112158e-13 0.10159327 0.00012319649 0.015975466 0.15049423 0.0029999295 0.75392735 9.410435e-06 0.026968505 6.449094e-05 0.88600683 0.113163605 0.2194376 8.122234e-06 1.4699759e-06 0.11145479 0.101651445 0.0061292276 2.5831343e-05 1.4015939e-06 1.1416e-06 0.044315457 0.05381737 0.01407079 0.29171264 9.474019e-06 1.7591825e-05 0.37492698 3.5481553e-06 0.007741208 4.0990217e-06 0.08759473 0.0012867135 0.03248711 0.021162072 0.018776093 1.2058091e-06 0.006441681 0.00048213947 1.5550988e-05 1.819965e-05 0.06821917 1.8217959e-06 0.00015689625 1.8555853e-06 0.0028372195 1.5494505e-06 0.00022602003 0.0014434007 5.2134515e-06 4.599819e-06 0.0001683829 0.00020201033 1.47366e-05 9.3422074e-08 1.2848961e-06 1.5545792e-06 7.028594e-07 8.706438e-05 0.0010049795 4.472052e-06 0.0053174263 3.880983e-06 4.181851e-07 0.00010342672 0.03080254 1.0724074e-06 1.9350842e-05 3.9160145e-07 0.04289708 7.0865076e-06 1.1704866e-05 1.4576327e-06 0.0009252744 1.6366965e-07 0.0057478007 1.2648514e-06 0.04374517 3.4920538e-06 0.0003126972 1.4852166e-05 2.3865288e-05 1.212051e-06 3.0744363e-07 4.3880794e-07 4.8427373e-06 0.012516127 0.01757142
0.96551967 0.5454663 0.22813046 0.1638001 0.6974355 0.80084515 0.2744187 0.71452314 0.091219224 0.5462943 0.06743948 0.059849728 0.036261525 0.10159327 7.899306e-14 0.6138516 0.002926232 0.01217787 0.0018256293 0.9589216 0.078351505 0.002683719 0.0023673528 0.01195215 0.0007246835 0.0030867448 0.0053115473 0.01415979 0.8505996 0.0003381511 7.502486e-05 0.0035381012 0.0031507232 0.001274798 3.2298667e-05 6.50703e-05 1.4514344e-05 0.01671473 0.0006311821 0.14175284 0.12010295 2.4816069e-05 3.8111753e-05 0.00010274681 0.047309097 0.000115355106 0.56581277 3.2249514e-05 0.21451828 0.0004783053 5.2907028e-05 1.7405124e-05 5.6565284e-05 0.008083239 0.01835279 0.00069637754 5.6600597e-06 0.00013616415 0.38672516 0.001374568 0.03883007 1.4587453e-06 2.185736e-06 6.1780684e-06 3.4322436e-06 7.1056417e-07 0.0034726362 4.8154178e-08 0.0007278478 9.7106866e-05 0.00011504693 0.022727357 2.100433e-06 7.349175e-09 0.1652059 2.6520489e-05 7.879283e-05 0.013379052 0.12137249 4.38197e-05 1.3694001e-06 8.678121e-05 0.003439471 1.7481478e-05 6.1030933e-06 9.035922e-06 0.040000513 2.0224404e-09 0.00010755734 7.9705955e-05 0.043235652 1.9708447e-07 5.365391e-05 1.5456259e-05 6.7579185e-06 2.7234204e-05 3.4262525e-06 7.774683e-06 5.722941e-06 0.0007682478 0.008826656
0.98161596 0.07785752 0.14909655 0.094406664 0.05135839 0.91482234 0.0019228308 0.026487608 0.00014337881 0.003661362 0.034645844 0.8593095 0.3948383 0.00012319649 0.6138516 1.5590736e-15 0.00042673742 0.00029010893 0.0005412933 0.041974626 0.96401364 2.5203452e-05 0.08592892 0.00022137168 9.646519e-07 2.1033085e-05 0.57772744 0.52411973 0.35657492 6.208574e-06 2.290457e-06 0.4205368 0.404001 0.18471506 1.5757723e-07 7.734835e-08 1.01692464e-07 0.0002179521 0.18004128 0.61215377 0.009181794 0.00045813186 9.149324e-08 0.015054947 0.005655919 6.640915e-07 0.16837834 1.3495853e-05 0.12804651 0.018047474 1.8042387e-07 4.04964e-08 0.05344431 0.031890314 0.0010791357 0.010361723 3.946822e-09 0.1636136 0.25515628 0.007942097 0.05038275 3.358288e-08 0.0006303805 0.0075868405 4.4599258e-08 6.709153e-08 0.013352094 1.9006698e-07 0.0031164063 0.00044569373 0.00015349577 0.030121258 3.4555242e-07 1.0404602e-08 0.08794102 0.0012448477 0.00018418088 0.02725871 0.05300023 0.00034767878 1.0810869e-07 4.1461433e-05 0.00038608196 0.00018605184 0.0022340098 0.00023349798 0.052496884 8.6655655e-11 4.25429e-05 0.00013361264 0.0113456 3.9208837e-07 3.3061675e-05 1.7448567e-05 2.7093652e-06 1.2969939e-05 7.37206e-07 1.5622882e-06 5.661531e-05 0.00016944107 0.0017896527
0.025870902 0.20155804 0.023167549 0.03345777 0.037272062 0.0027248652 0.19386771 0.040886253 0.5277488 0.025896896 0.047699194 0.00016651009 0.00073206564 0.015975466 0.002926232 0.00042673742 4.9383956e-18 0.9866994 0.8438568 0.002390701 5.9192458e-05 0.9850834 8.3274215e-05 0.0008895846 0.19612895 0.00068001874 1.363296e-05 3.6719189e-06 0.0007443994 0.008759065 0.07852027 4.7899894e-06 4.1624065e-05 1.2623444e-05 5.3665262e-05 3.1026033e-05 4.2694337e-05 0.00067501346 2.8785797e-07 1.619215e-05 0.0010463027 0.0008477392 7.080425e-05 1.1018467e-06 0.00024109248 5.1226998e-05 0.0011101207 0.00033824964 0.00017753868 3.216759e-05 0.004189128 8.6632335e-06 2.1543389e-07 5.7209578e-05 4.121103e-05 2.4250837e-06 1.2238282e-05 5.157125e-07 0.0001598605 1.7601003e-05 4.915597e-05 2.460444e-06 1.3339333e-07 1.3372725e-06 1.3770109e-05 1.6345729e-06 3.5223416e-05 1.500748e-06 1.3416097e-05 8.672756e-06 1.487408e-05 0.0001016109 1.1929766e-06 8.207891e-09 7.517002e-05 6.458815e-06 7.3073694e-05 1.8964567e-05 0.00024583732 2.606984e-07 1.3191872e-07 4.6626033e-07 8.877945e-05 1.1169595e-05 4.090834e-07 7.1382163e-07 0.00010143459 4.542212e-08 6.1740015e-05 4.441408e-06 0.00028552976 1.1162082e-08 1.2539782e-06 8.831551e-07 8.261107e-08 9.496419e-07 3.0138156e-07 1.6912923e-05 1.1920689e-06 0.000106205465 0.00016781155
0.21693988 0.48459992 0.015691308 0.00836865 0.11644675 0.0025871336 0.6344934 0.22575366 0.9102619 0.2105557 0.014814389 1.9569368e-05 0.00013050956 0.15049423 0.01217787 0.00029010893 0.9866994 9.358359e-17 0.13106985 0.010591365 3.313282e-05 0.9766607 7.4311797e-06 0.021555273 0.6634506 0.006696944 1.2049338e-05 6.1464216e-06 0.002360155 0.07686141 0.22096811 6.790505e-06 1.6711571e-06 6.8794657e-06 0.0026568463 0.00013861372 0.0005698768 0.0019816528 1.2059442e-07 2.3769368e-05 0.004335028 3.3065866e-05 0.0022952633 3.7578918e-08 0.00056862546 0.0005518039 0.004412303 0.0029010961 0.00057159056 1.8938055e-05 0.009923357 0.000234213 6.787124e-08 5.7932655e-05 0.00030211898 7.1966997e-07 3.9963026e-05 3.0656324e-07 0.0002958477 1.618633e-05 2.2500692e-05 0.00012005104 1.5630183e-08 5.977716e-07 6.1738894e-05 0.00019309999 2.0443288e-06 1.952148e-07 4.1177577e-06 5.0694084e-06 4.480244e-06 6.440661e-05 2.4290983e-05 1.5090693e-06 0.00044573264 4.351422e-06 2.3895932e-06 2.2943539e-05 0.0011369331 4.9709296e-08 3.947771e-07 2.3651063e-07 0.0010256491 3.0555348e-06 1.8210836e-08 5.040303e-07 0.00040494514 6.2014885e-07 0.0009220978 9.828339e-07 0.0027700383 7.649356e-09 7.821281e-06 6.285241e-06 4.358565e-08 6.869195e-07 5.140812e-07 9.256145e-07 3.0765858e-07 0.0017221685 0.0011746045
0.024873884 0.21290109 0.1950507 0.5076541 0.04742739 0.02188604 0.04440861 0.02468793 0.08755125 0.00845643 0.99554825 0.00396851 0.07349852 0.0029999295 0.0018256293 0.0005412933 0.8438568 0.13106985 2.243421e-16 0.0008214357 8.085744e-05 0.81538624 0.10206973 0.00019696828 0.019384872 2.0317819e-05 0.00015764766 3.285694e-06 0.00037331358 0.000286103 0.07832038 0.00016113334 1.3503152e-05 0.00010082044 2.139287e-05 1.7880993e-05 2.080736e-05 6.22854e-05 7.084924e-05 3.2852897e-06 3.3914923e-05 0.8086285 2.6864484e-06 0.0043028416 5.9303315e-05 0.00010193215 6.7664536e-05 0.0003064757 4.9744278e-05 2.9564915e-06 0.0006896226 4.2188944e-06 1.0138086e-05 1.5988619e-05 1.1261195e-05 6.7716627e-07 1.4003485e-06 8.38477e-06 3.6775295e-06 7.1091193e-07 2.1269085e-05 6.320893e-08 0.0012858186 4.5560584e-05 8.625999e-05 2.1017384e-07 2.470828e-06 0.002401589 1.6317063e-05 3.7782956e-06 3.6371155e-06 7.1374e-05 4.425033e-08 2.9570185e-10 7.176201e-05 5.99462e-07 1.0381692e-05 1.0487872e-05 8.047863e-05 2.976757e-06 9.385424e-07 1.3960783e-05 3.347434e-05 2.688827e-06 3.7944673e-07 1.5957207e-07 0.00022221288 5.381488e-10 1.622681e-05 4.786076e-06 0.000781939 3.8569e-06 2.2780114e-08 1.1142618e-08 6.657764e-05 1.5633613e-06 8.069146e-10 1.4787364e-07 7.824081e-07 7.4057e-05 3.842525e-05
0.97343373 0.09273265 0.01779708 0.009876109 0.24069542 0.090518594 0.24711464 0.5250293 0.13457704 0.79858494 0.011657132 0.0060437 0.0054937485 0.75392735 0.9589216 0.041974626 0.002390701 0.010591365 0.0008214357 5.989327e-13 0.007197659 0.0015069194 0.00013759536 0.32476425 0.009484117 0.13342667 0.0003855602 0.00032670965 0.865999 0.012218714 0.00012157138 0.00017096457 0.00015640458 7.52637e-05 0.0020287924 0.005406263 0.00044342384 0.23532784 2.0230793e-05 0.007320811 0.5786098 7.4859037e-07 0.0004121268 3.3806207e-06 0.26421577 0.00054548465 0.65724134 0.00028174097 0.32027775 1.8699666e-05 0.00014333548 8.994263e-05 1.5258032e-05 0.00023697337 0.09607197 4.0329116e-05 2.4816045e-05 1.9868244e-06 0.17296994 8.611393e-05 0.00467313 2.4246594e-05 6.914289e-07 6.8257664e-06 3.1440715e-05 6.4782535e-06 0.0002647908 1.8306861e-07 5.756229e-05 7.0523192e-06 1.3595127e-05 0.003437005 7.2013313e-06 6.438741e-08 0.13198017 6.392008e-05 1.5976852e-05 0.0024514946 0.1914921 3.836222e-06 1.8311025e-06 1.0802552e-05 0.029040061 7.3185242e-06 8.92024e-06 1.716468e-06 0.022578698 2.5261493e-09 0.0018269401 1.46628045e-05 0.12376479 2.8599044e-07 1.7298735e-05 5.339798e-06 1.0166871e-05 1.8557861e-05 1.5822069e-07 1.0362556e-06 3.1971138e-06 0.006409827 0.05181654
0.9671543 0.0061474484 0.01703182 0.0071345423 0.006887646 0.36257792 0.00012381049 0.0036792327 1.7274238e-05 0.00021239583 0.0017759535 0.68864036 0.09223963 9.410435e-06 0.078351505 0.96401364 5.9192458e-05 3.313282e-05 8.085744e-05 0.007197659 3.3048676e-15 7.351023e-06 0.014483357 1.8033408e-05 2.43531e-07 6.032286e-07 0.7470256 0.9541292 0.09327324 6.518424e-06 3.853391e-07 0.42719254 0.7308103 0.33803293 1.02135076e-07 2.8554144e-08 2.817302e-08 2.5789524e-05 0.11654301 0.76712406 0.001093575 1.9256045e-06 8.425152e-08 0.0049180547 0.0012620351 4.3686256e-07 0.06371432 4.1753215e-06 0.058236618 0.12111194 3.148578e-07 1.8000014e-08 0.05236588 0.11990174 0.00021180033 0.06473669 2.5477982e-09 0.2138113 0.14506824 0.030128201 0.104919024 3.786274e-08 0.00035419568 0.012199448 1.6308746e-08 9.751245e-08 0.02796647 4.2805365e-08 0.010402867 0.0064071845 0.0029677334 0.04619471 3.0741694e-07 1.25926425e-08 0.063136324 0.009722735 0.0018549528 0.04373167 0.03131334 0.0024648313 5.5205565e-08 0.0005169825 4.9702456e-05 0.002059815 0.007447204 0.0017043616 0.055729583 8.036595e-11 2.437121e-06 0.0010412912 0.0056305174 2.4308792e-06 0.00021954758 8.88695e-05 8.2206725e-06 0.00010350625 2.5160343e-05 1.9275105e-05 0.00011341376 1.16018e-05 0.0005260204
0.017889686 0.11590059 0.0026551823 0.005202659 0.022928827 0.0007576793 0.22725652 0.03832462 0.48446146 0.029759157 0.016028635 1.7332539e-05 2.0598687e-05 0.026968505 0.002683719 2.5203452e-05 0.9850834 0.9766607 0.81538624 0.0015069194 7.351023e-06 4.0449455e-16 5.3773338e-06 0.0016656646 0.2964672 0.0007345137 1.4261247e-05 4.222696e-07 0.00033296697 0.0046243826 0.9032761 8.0298236e-07 7.7528475e-06 4.0958994e-06 0.000119674725 5.126595e-05 0.00019103989 0.00010991201 3.830396e-07 4.421492e-07 0.0002978998 0.00032860294 5.490511e-05 2.8091821e-07 0.00024332706 0.00016571325 0.00012436432 0.0006881766 6.188633e-05 2.8660148e-05 0.01755236 3.4144236e-05 1.0004272e-06 4.5384255e-05 1.487469e-05 5.834483e-07 7.727308e-06 4.757468e-07 4.470883e-06 1.8419511e-06 9.559439e-06 8.2069655e-06 8.4408066e-07 1.521571e-06 7.9873214e-05 6.9725174e-06 7.902774e-06 3.6554638e-07 2.0875474e-05 1.6537791e-06 4.5456704e-06 3.286943e-05 7.411434e-06 2.5050245e-08 6.85818e-05 4.5956511e-07 2.0854959e-05 1.3420527e-05 9.570482e-05 1.4315308e-06 3.35065e-07 2.093184e-06 8.8921806e-05 2.403009e-07 1.46750505e-08 1.0314053e-07 0.0002354548 1.3382541e-07 8.9023546e-05 4.3208215e-06 0.00074844446 3.1403626e-08 2.7500363e-07 9.0731206e-08 4.27125e-07 1.3754148e-07 6.476764e-08 4.5237982e-07 6.659047e-07 0.0001953952 0.00012592561
0.2669084 0.034611147 0.0236446 0.08622843 0.021055857 0.2576257 0.0011150364 0.0046575754 0.00016491016 0.0005805164 0.03321999 0.6393714 0.9899193 6.449094e-05 0.0023673528 0.08592892 8.3274215e-05 7.4311797e-06 0.10206973 0.00013759536 0.014483357 5.3773338e-06 2.0643991e-13 3.1308477e-06 5.032887e-05 4.6043787e-08 0.02390814 0.00059771544 0.00040155632 0.0002388331 3.1667835e-06 0.0952645 0.00057300465 0.0043048714 1.23452e-05 1.3623979e-07 5.9571908e-06 4.5309615e-05 0.750073 8.087572e-05 2.9909552e-05 0.97853047 2.7153171e-06 0.9563481 7.5397866e-06 1.4843571e-05 5.2921205e-05 2.6458885e-08 2.4006291e-05 0.00018860542 5.404749e-07 1.5514044e-05 0.1316683 8.283857e-05 3.78902e-06 1.8585277e-05 8.369734e-06 0.0038407943 2.3342305e-05 8.9882684e-07 7.209663e-05 9.7102834e-08 0.28316885 0.00076860696 0.000107947206 1.7682536e-05 4.937861e-06 0.14050505 8.8018027e-07 8.051245e-06 1.0964854e-05 3.5020803e-05 2.7462399e-08 8.009181e-09 3.4430806e-05 3.421914e-05 7.924085e-06 7.911524e-07 0.00021091042 3.6234485e-07 2.4644469e-05 2.7724657e-06 2.6908858e-05 1.1399486e-06 0.00012454911 6.554529e-06 2.244705e-05 3.0058817e-07 0.00023602585 2.8409856e-06 0.0009789888 4.9839156e-05 2.4647288e-05 5.076626e-06 0.00210414 9.543967e-07 4.4988664e-07 2.6120034e-07 0.00013169971 0.00023864483 3.0042484e-05
0.674966 0.0016835456 0.0007216195 0.00038409684 0.002121413 0.0002959496 0.08153909 0.019096179 0.1512254 0.3130402 0.00035849694 5.486507e-05 5.208961e-05 0.88600683 0.01195215 0.00022137168 0.0008895846 0.021555273 0.00019696828 0.32476425 1.8033408e-05 0.0016656646 3.1308477e-06 1.4459559e-15 0.07927935 0.99579597 1.2644618e-06 1.7523698e-06 0.3845241 0.24721405 0.0006394953 1.2178542e-05 2.7199305e-06 7.855229e-07 0.31034473 0.54948014 0.2720585 0.6390822 1.0913564e-06 1.3112854e-05 0.72672266 1.4382224e-06 0.13917427 3.4321583e-06 0.14720166 0.1021437 0.24327773 0.019475883 0.059774525 1.8942055e-06 0.0007396761 0.022641828 4.7109646e-07 1.1193119e-05 0.137079 3.8734748e-07 0.005966394 8.280934e-07 0.0066890637 1.3098636e-06 0.00012738313 0.01136686 1.5328146e-06 1.8297286e-06 0.0009971521 0.0006926196 2.351523e-06 8.596499e-09 3.8757307e-06 2.3327728e-07 3.036871e-07 0.0001505506 0.0010668644 2.336587e-05 0.017400527 2.5440943e-06 3.7381536e-08 0.00016919385 0.056400396 2.1543019e-07 5.682338e-06 1.6667084e-06 0.556064 5.6300955e-06 8.674894e-07 3.4401853e-07 0.0017196344 1.2928377e-06 0.0039622434 2.5390102e-07 0.09949402 8.182108e-07 7.5207417e-06 3.5681076e-06 6.8596155e-06 1.328786e-07 5.816008e-08 1.7751233e-07 6.6793964e-06 0.012359485 0.03166995
0.82503843 0.0019633984 0.000116398856 0.00010531767 0.0020334462 1.0302453e-05 0.079539426 0.016113974 0.75660884 0.043635633 0.0006083151 7.796723e-07 4.0428413e-06 0.113163605 0.0007246835 9.646519e-07 0.19612895 0.6634506 0.019384872 0.009484117 2.43531e-07 0.2964672 5.032887e-05 0.07927935 8.333989e-15 0.0491094 1.7519789e-06 5.63784e-07 0.00095023995 0.8518569 0.84705794 5.4183038e-06 5.0750336e-06 4.3234033e-07 0.11059677 0.012505001 0.024570536 0.014364029 8.065981e-07 4.1381854e-06 0.00809603 6.95401e-06 0.2293666 6.5129307e-06 0.0017899147 0.0036940682 0.0013158377 0.9884038 0.00050915894 4.3588525e-06 0.55187744 0.0018660725 9.620248e-06 5.9134734e-05 0.0018648227 3.8597464e-05 0.002139535 2.9267048e-06 4.405481e-05 5.056205e-07 8.047787e-05 0.02818229 0.00011334261 1.6958746e-05 0.0011301622 0.021978693 1.3167855e-05 8.9913806e-07 1.5020969e-06 2.193116e-05 2.5900414e-05 0.00022534594 0.062227506 9.075254e-05 0.00044920307 1.820793e-05 7.4823747e-06 8.5935035e-06 0.0013018947 4.4046112e-07 2.9555358e-06 8.697679e-06 0.0044945595 0.00013223005 9.953573e-06 8.768145e-06 0.00016208382 1.6339207e-05 0.0019371551 5.3585713e-06 0.004761197 7.4458076e-06 5.6954264e-05 2.8512337e-05 2.0170877e-05 2.6784732e-05 2.9087423e-05 6.542348e-05 4.101571e-06 0.01034005 0.005205853
0.8738259 0.0005749237 0.00014292012 9.735974e-05 0.00040703086 5.111008e-05 0.012890718 0.0032441474 0.05278538 0.041601278 0.00020480076 3.1755087e-06 6.715919e-06 0.2194376 0.0030867448 2.1033085e-05 0.00068001874 0.006696944 2.0317819e-05 0.13342667 6.032286e-07 0.0007345137 4.6043787e-08 0.99579597 0.0491094 5.692136e-16 1.2565322e-07 1.1070789e-07 0.18464792 0.26127478 0.00039415038 1.2926102e-07 9.903407e-08 3.897607e-08 0.23490313 0.92211646 0.22273529 0.80169797 2.5597476e-08 3.5486762e-06 0.57109886 1.2932323e-08 0.07922306 3.5470993e-08 0.11359196 0.059440203 0.1223162 0.0119681 0.027775975 3.351882e-08 0.00059549 0.029085435 1.9583302e-08 2.0074704e-06 0.20243183 6.223762e-08 0.011960387 6.789571e-08 0.004608516 1.343342e-07 2.2631499e-05 0.03307143 8.3020815e-08 8.0350894e-08 0.0014562211 0.0013230164 8.3851893e-07 5.809494e-10 3.8045005e-07 1.2930423e-08 3.315385e-08 0.00012273632 0.003776477 8.370849e-05 0.014200157 4.572804e-07 3.4148169e-09 8.887527e-05 0.07084194 1.133455e-08 2.1218173e-05 4.4955124e-07 0.567007 2.8139874e-07 8.2550905e-08 8.143897e-08 0.0017354488 6.4907914e-07 0.0129794 2.6757974e-07 0.16032784 1.4860454e-07 1.260056e-06 3.3433437e-07 1.7479975e-07 4.8733142e-08 6.045394e-09 4.306322e-09 1.7218209e-06 0.026856763 0.07308302
0.92847085 0.0015744326 0.0013833077 0.002139786 0.0018914853 0.105269864 0.0002043717 0.0009578631 7.9375495e-06 9.63645e-05 0.0005873258 0.7571725 0.14227007 8.122234e-06 0.0053115473 0.57772744 1.363296e-05 1.2049338e-05 0.00015764766 0.0003855602 0.7470256 1.4261247e-05 0.02390814 1.2644618e-06 1.7519789e-06 1.2565322e-07 1.2940072e-15 0.62151176 0.0025168674 1.5176826e-06 2.9955268e-06 0.9439718 0.8974458 0.9803764 5.7001454e-08 9.6726104e-08 1.2094944e-08 3.6172428e-06 0.37907508 0.032356918 0.00010978849 0.00068622327 5.215375e-08 0.022516346 5.051525e-05 1.3822276e-07 0.0022088673 2.438289e-07 0.0011694445 0.14522654 5.542972e-06 1.5064373e-07 0.26895708 0.006621403 3.2748667e-06 0.011385412 2.0112434e-08 0.6172786 0.0035338928 0.0021364961 0.0041011237 1.13743624e-07 0.0122210095 0.07008179 6.866268e-07 1.4600013e-07 0.0013636277 3.227899e-05 0.00025601828 0.0015783821 0.00026207507 0.0018697833 4.5383086e-07 2.1982105e-07 0.0015318766 0.015220168 0.0003313227 0.00042533266 0.0018045477 0.00010576376 5.00388e-07 4.539395e-05 3.3343692e-06 0.0008333376 0.034424998 0.0011482514 0.0013130468 1.0556166e-07 7.747766e-05 3.9802217e-05 0.000762527 4.323931e-05 0.00020416772 6.359951e-05 0.0002817031 5.366237e-06 4.4554204e-06 3.0010654e-06 0.00047644714 2.8099515e-05 0.00017323045
0.94324154 0.0002995404 0.00048375633 0.00031636626 0.000905645 0.028616112 1.717494e-05 0.0006916321 4.127022e-07 5.2066767e-05 0.000184958 0.09050088 0.0071247304 1.4699759e-06 0.01415979 0.52411973 3.6719189e-06 6.1464216e-06 3.285694e-06 0.00032670965 0.9541292 4.222696e-07 0.00059771544 1.7523698e-06 5.63784e-07 1.1070789e-07 0.62151176 2.5988128e-16 0.028524416 2.128279e-06 4.074637e-07 0.23860312 0.93098474 0.40092313 5.262479e-08 2.2361164e-08 3.6969784e-08 3.566461e-06 0.025143705 0.80237526 4.235465e-05 9.9263275e-08 1.0141953e-07 0.0011941679 0.00018316231 1.8584336e-07 0.021043966 4.3520708e-07 0.027431222 0.91554934 1.2550434e-07 2.9803786e-08 0.030750502 0.4038826 1.6222724e-05 0.54576755 4.918321e-09 0.23938686 0.1388096 0.2647356 0.08670324 7.995845e-08 0.00029837972 0.015523954 1.2500266e-07 7.0882544e-07 0.1143527 2.9039565e-08 0.0409934 0.10011379 0.042851247 0.05176468 7.467732e-08 1.3426855e-08 0.049614217 0.110232264 0.013392616 0.037792232 0.01039422 0.017437764 4.833327e-07 0.0011609775 3.621782e-06 0.00918154 0.039556876 0.031926915 0.05123443 3.9439077e-10 1.9354236e-05 0.0010372518 0.0025677262 1.0047839e-05 0.00059756386 0.00013808871 7.472213e-06 0.000111173904 2.606288e-05 1.6155394e-05 0.000318437 5.535487e-06 8.268979e-05
0.9880268 0.032947987 0.012668441 0.009070812 0.082409255 0.10869091 0.030416809 0.16292402 0.019882822 0.19560169 0.004484833 0.012691991 0.0040503494 0.11145479 0.8505996 0.35657492 0.0007443994 0.002360155 0.00037331358 0.865999 0.09327324 0.00033296697 0.00040155632 0.3845241 0.00095023995 0.18464792 0.0025168674 0.028524416 9.6926936e-14 0.0032029853 0.00016289395 0.00094410934 0.0016989568 0.00063943863 0.00068319566 0.005508638 0.00040749926 0.27396575 0.00020144165 0.49222383 0.57287925 5.3548807e-05 0.00038805447 6.7208566e-05 0.39604336 0.00018441868 0.6910141 0.00018996598 0.4070235 0.000878724 1.610964e-05 0.00013058163 0.00020321239 0.04507395 0.08810204 0.0021471481 6.942331e-05 0.00021136328 0.7418283 0.0040496234 0.16354798 1.6273238e-05 0.00027947355 1.9891231e-05 9.804665e-05 2.5802476e-06 0.009072482 3.22873e-07 0.004333121 0.00020018496 0.0004787151 0.052690063 1.0309033e-06 1.2532064e-07 0.47097528 0.00047691632 7.125722e-05 0.03874678 0.40867716 2.9565186e-05 1.6781794e-06 0.00036422352 0.029293682 0.00013026583 0.0002721119 4.9029564e-05 0.1330934 4.4012143e-07 0.0002237672 5.2059662e-05 0.19987056 1.2142822e-05 0.00011319699 2.645688e-05 9.0377696e-05 0.00015925686 3.3878891e-06 1.0624289e-05 7.443113e-05 0.0012449812 0.020478636
0.9620648 0.00019963649 1.18178705e-05 2.4644678e-05 0.00034231727 1.4097545e-05 0.023848854 0.002617028 0.40526223 0.021430543 9.798878e-05 2.9430728e-06 1.7406785e-05 0.101651445 0.0003381511 6.208574e-06 0.008759065 0.07686141 0.000286103 0.012218714 6.518424e-06 0.0046243826 0.0002388331 0.24721405 0.8518569 0.26127478 1.5176826e-06 2.128279e-06 0.0032029853 1.5860384e-14 0.15819721 4.366543e-05 8.140582e-06 3.8630037e-06 0.9058356 0.5375641 0.6011912 0.10095393 3.213592e-05 3.923738e-05 0.056560718 0.00020202325 0.94672334 0.000272264 0.03405069 0.26260167 0.0069730734 0.8587909 0.008122711 9.982728e-06 0.16761218 0.099232316 0.0002209452 1.327022e-05 0.061245274 3.755767e-06 0.20830229 7.698467e-06 0.0014649449 1.6505348e-06 6.674624e-05 0.523929 0.0006798877 7.066609e-05 0.116230994 0.11257741 2.017921e-05 4.154766e-06 1.5006372e-05 2.9897476e-06 3.2579644e-06 0.0005462051 0.18597552 0.0067568724 0.002636402 8.307357e-06 5.6449637e-05 5.3568216e-05 0.01735506 8.9448884e-07 9.573531e-05 9.328311e-06 0.11876792 4.6435485e-05 6.779702e-05 3.008289e-06 0.0008472013 0.00027797068 0.009479111 5.588959e-05 0.027149273 7.5024386e-06 9.5871794e-05 6.247088e-05 0.00023557994 9.10759e-06 2.4369772e-06 4.6959985e-06 4.4285604e-05 0.03295699 0.028822297
0.037535973 0.0010680957 6.862609e-05 6.6371234e-05 0.00060489814 2.7849219e-05 0.015835285 0.0015883573 0.29803377 0.0033147754 0.0006912493 3.5288995e-06 1.78908e-05 0.0061292276 7.502486e-05 2.290457e-06 0.07852027 0.22096811 0.07832038 0.00012157138 3.853391e-07 0.9032761 3.1667835e-06 0.0006394953 0.84705794 0.00039415038 2.9955268e-06 4.074637e-07 0.00016289395 0.15819721 6.8530373e-19 8.020999e-07 1.6206239e-05 7.825467e-06 0.00026775346 0.00014070529 0.00014088936 0.00046232712 2.2862092e-07 1.9152237e-06 6.4931446e-05 1.4256943e-06 0.00028364433 6.094157e-07 1.2349875e-05 6.534448e-05 6.833149e-05 0.010179387 1.20582e-05 1.3539478e-05 0.9977323 4.0561474e-05 3.2358693e-07 2.3469604e-05 6.319446e-06 1.4939466e-06 1.2391083e-05 5.832163e-07 1.6114725e-05 4.708492e-06 1.345713e-05 0.00019173564 3.3175456e-06 3.3735384e-06 0.00014554769 0.00046320033 3.5620862e-06 2.0731685e-08 1.945322e-05 5.7902025e-06 4.13743e-05 1.5802376e-05 0.00026195263 1.2347631e-06 1.9333484e-05 9.5173855e-06 0.00015723491 6.169672e-06 0.00011984593 5.190435e-05 2.8015012e-07 3.9213213e-05 0.0002788559 8.7007936e-07 6.291832e-08 2.4626564e-07 3.2818563e-05 1.0687625e-06 4.427224e-06 7.851829e-05 0.0008422911 1.48766945e-08 1.3542164e-07 3.905704e-08 2.1077527e-08 3.3669464e-06 3.134726e-08 3.0995645e-06 7.7611215e-09 9.486581e-05 3.7866594e-05
