1.0226355e-18 0.7845681 0.8253995 0.9107264 0.72100586 0.8967236 0.91775465 0.25229877 0.81806237 0.8537666 0.11499622 0.027061034 0.02541192 0.9878584 0.95362765 0.035170227 0.0401652 0.9486802 0.9823287 0.89132094 0.95500225 0.90258 0.92819166 0.26540974 0.08687435 0.016878389 0.9246068 0.008338163 0.87424076 0.9120292 0.895756 0.94042224 0.9607217 0.9503374 0.9885415 0.589404 0.9562519 0.85622346 0.9262252 0.05868469 0.1790138 0.9112449 0.8203558 0.44544008 0.49567613 0.1731429 0.97241634 0.8716073 0.21019962 0.0054014446 0.94581807 0.9740193 0.83347285 0.97434336 0.9754353 0.88742155 0.9166567 0.967391 0.9508931 0.9202054 0.9191831 0.954366 0.813579 0.8530378 0.90899926 0.6437159 0.87918895 0.1312334 0.629883 0.999412 0.9999356 0.018305598 0.56576455 0.4733836 0.015397075 0.027423361 0.99303085 0.87090266 0.9976328 0.630094 0.78520477 0.9596999 0.99991965 0.7024712 0.9957296 0.3605878 0.24792127 0.8578993 0.0024763232 0.99972844 0.023296606 0.12387374 0.113934696 0.37921834 0.8013573 0.007711117 0.015922505 0.06455212 0.5813798 0.99705946 0.00021081392
0.7845681 1.2362812e-13 0.9699772 0.9014397 0.7784553 0.8887761 0.77187574 0.30553216 0.61559325 0.6568463 0.38783008 0.03688601 0.42583704 0.24730444 0.03857172 0.04354462 0.0099566635 0.0145171685 0.52165073 0.02781768 0.0024397306 0.03675386 0.0009389701 0.075925484 0.0050303154 0.000600443 0.00010878005 0.00017738348 5.0988172e-05 0.0016235091 2.4296196e-05 2.4604826e-05 0.02050489 0.00045932725 0.003102833 0.0050621764 7.946816e-05 4.0090024e-05 0.00023004724 0.00030457712 0.0066163475 0.0067449934 3.8457365e-05 0.0002853316 8.966091e-06 6.731517e-05 0.0027368749 2.0676272e-05 1.7495271e-05 3.5384774e-06 0.00022869933 0.009573028 6.5375425e-06 5.5039684e-05 0.0034543867 0.0003919744 3.1703282e-06 0.027004255 2.8253084e-05 0.00043422915 2.4143266e-05 0.00028189097 5.7369407e-06 2.7691071e-06 2.0643545e-05 7.1634287e-07 4.590262e-06 1.6006613e-06 3.5448454e-07 0.00012096768 0.0024031536 2.522496e-06 8.363825e-09 1.3468767e-06 3.970012e-07 1.2702634e-06 0.009918229 0.00017936132 0.0059699686 4.8376063e-07 6.1071194e-07 2.0718126e-06 0.0035492587 1.1582011e-07 0.0016091806 1.8713547e-05 4.518346e-08 5.12353e-09 4.680912e-08 9.602759e-06 5.1715528e-08 3.2980174e-07 7.5142025e-06 7.00385e-07 9.4275556e-08 3.6394417e-07 1.6863045e-07 8.4359294e-07 8.0904215e-08 0.00013817288 2.8016294e-07
0.8253995 0.9699772 7.783664e-14 0.97944516 0.2513073 0.5720749 0.67283666 0.0540753 0.1521612 0.13866895 0.05902835 0.00588755 0.114189796 0.023906842 0.07370736 0.011160578 0.0053611533 0.0026166663 0.6511893 0.08705466 0.0074889893 0.11671027 0.0034117703 0.01405888 0.010857551 0.00081912446 0.0004445137 0.00036536987 0.00019218087 0.00036688783 9.3235576e-05 0.00021340187 0.040491447 0.0008493269 0.0008504175 0.0011426823 1.7095652e-05 0.00023984312 0.0003082138 9.9068704e-05 0.000839502 0.015132063 1.706026e-05 0.00014803895 8.9823734e-05 0.00012957632 0.005463354 9.134059e-06 6.0647446e-05 6.9651137e-06 0.0005895059 0.012797191 1.7988789e-06 0.00013880513 0.0010922576 0.00021854839 2.9313935e-07 0.033628218 4.367624e-06 0.00078248035 9.886563e-06 0.0009363719 1.5702504e-05 1.2643388e-06 3.1618104e-06 2.1173135e-07 3.554848e-06 1.3464145e-06 2.46833e-07 1.0119473e-05 0.0013145353 1.9605598e-06 8.568539e-09 1.6690174e-05 4.396822e-07 3.939412e-06 0.012204512 0.0010471867 0.011893529 9.341959e-06 1.9178088e-07 1.1561374e-07 0.0039753113 1.4595712e-07 0.0024059913 0.00017429315 8.6103526e-08 8.3776674e-09 7.285203e-08 2.1976248e-06 5.9004432e-09 7.3875776e-07 0.00021960202 6.6187695e-08 5.694492e-07 1.0312808e-06 5.2082163e-07 8.7648135e-07 3.0467355e-08 0.00048269983 2.324434e-07
0.9107264 0.9014397 0.97944516 3.069988e-15 0.34462038 0.8320718 0.45241582 0.06057006 0.3752654 0.23901536 0.0886826 0.013101674 0.030752597 0.08139588 0.043970834 0.0055858823 0.0031041559 0.0065754284 0.8949993 0.25925383 0.0077700648 0.27922824 0.0022145982 0.03958885 0.006384405 0.00058369903 0.000514195 0.0002038199 0.00022818605 0.0010121737 0.0001624298 0.0005824418 0.11777121 0.0011992236 0.0023792253 0.0025733302 8.6623775e-05 0.00044775082 0.00031935028 0.00049747364 0.0019859767 0.02432301 0.00027606142 0.00052966754 6.787653e-05 7.135834e-05 0.0089471 2.4307252e-05 0.00013476709 8.168345e-06 0.0006493863 0.050396886 1.5681733e-05 0.00017769162 0.0016943906 0.0006875849 5.768951e-07 0.13556851 5.2635914e-05 0.0032986815 3.5884244e-05 0.001495616 3.389455e-05 1.8172115e-06 5.6297135e-06 5.658044e-07 5.3355175e-06 2.089895e-06 5.9771173e-07 1.9712077e-05 0.0026772784 3.6289905e-06 4.9174202e-09 5.9940085e-05 1.2200356e-06 1.8281661e-06 0.027267314 0.0021648728 0.018818764 1.0336229e-05 1.135865e-06 3.747711e-07 0.012427322 1.9742326e-07 0.0032730156 0.00030407938 6.858624e-07 2.082752e-08 1.3977235e-07 2.7604797e-06 9.811295e-09 2.9275995e-07 0.00045420066 6.5413377e-07 7.241408e-07 1.9289494e-06 5.102616e-07 1.4068017e-06 8.6969074e-08 0.0004921233 7.2685305e-07
0.72100586 0.7784553 0.2513073 0.34462038 8.705303e-16 0.66357964 0.033597298 0.99540406 0.52038604 0.7653843 0.62435186 0.7356289 0.09305411 0.74572533 0.00020457723 0.005439994 0.00021840798 0.25673705 0.073145024 0.004814815 5.974758e-05 0.005647912 1.9034782e-05 0.4008973 1.36325325e-05 1.747786e-05 3.3210656e-06 1.9513022e-06 1.2774614e-06 0.011133134 2.763186e-07 2.4270767e-07 0.0033792849 3.395994e-05 0.0149853155 0.03775134 0.000615229 1.6928558e-07 9.846104e-06 0.005644522 0.023400983 0.000556832 0.00041787061 0.0006399426 1.0298519e-06 5.365636e-07 0.00024748253 1.86233e-05 1.919585e-06 5.676696e-07 4.710327e-05 0.00334465 9.079375e-05 5.2682617e-07 0.0015225654 0.0011433332 6.80091e-07 0.01435332 5.2467174e-05 4.3243395e-05 5.388404e-05 4.081661e-05 3.4473678e-07 2.6054097e-06 2.27126e-05 2.3799308e-07 2.671319e-06 2.27466e-06 2.3863262e-07 2.1567896e-05 0.0011153613 4.8262777e-06 2.1998567e-09 3.3669156e-07 8.069705e-07 1.7340507e-07 0.002453602 0.000109280714 0.0018566555 8.9354245e-07 1.0728257e-06 1.7316842e-07 0.0022334612 5.1971636e-08 0.0002938191 1.1517162e-06 7.201235e-08 4.128982e-09 1.0936401e-06 5.0361496e-06 2.6845735e-08 1.19371e-07 5.780552e-06 1.7470528e-07 6.832637e-08 6.0053543e-07 2.6728824e-07 4.6042405e-07 2.1457526e-08 7.0299657e-06 2.0602977e-08
0.8967236 0.8887761 0.5720749 0.8320718 0.66357964 5.849089e-13 0.13600734 0.30073297 0.9748121 0.93732744 0.36977303 0.054184124 0.02488023 0.5251107 0.019962648 0.005527023 0.0007947014 0.086871445 0.6328873 0.017749239 0.00064367376 0.020368747 0.00034010631 0.28047946 0.00036243338 0.00025965643 9.2682036e-05 0.00013675379 7.670132e-05 0.007029114 6.431472e-05 8.743165e-05 0.020960107 0.0003240933 0.010913044 0.023320539 0.00045600074 0.00015559883 0.00013997893 0.003012902 0.024901986 0.0035906904 0.0012502873 0.0016819481 3.7522103e-05 1.6209426e-05 0.0020182559 0.00015731755 5.7876714e-05 1.2561501e-05 0.00031956748 0.01565718 0.0007920132 7.8490666e-05 0.0024680854 0.0007973394 3.882756e-06 0.10519944 0.00012784584 0.00044132414 6.56028e-05 0.00034316615 3.1237127e-05 6.8333807e-06 2.0906016e-05 2.8117327e-06 9.7378586e-05 2.321977e-05 1.8528973e-06 3.107839e-05 0.0027987324 2.9356235e-05 3.436636e-08 3.0899653e-05 1.501227e-05 1.8780959e-06 0.014330738 0.00062907825 0.0048478786 9.469357e-06 2.2521099e-06 6.398064e-07 0.011182861 1.2036157e-06 0.000936605 6.901621e-05 5.064583e-07 3.1444762e-07 2.193067e-06 7.947831e-07 7.899993e-08 3.5442406e-07 9.75193e-05 1.3128363e-06 6.423185e-07 5.0372787e-06 7.411324e-07 1.7670304e-06 1.5604097e-07 0.00026831403 2.311457e-06
0.91775465 0.77187574 0.67283666 0.45241582 0.033597298 0.13600734 1.0860494e-14 0.026841529 0.035141055 0.043135323 0.002658021 0.0036627732 0.9572679 0.019589063 0.8706497 0.5123638 0.9295646 0.0010587644 0.4464849 0.40358463 0.14245027 0.36251184 0.12632841 0.000656643 0.8581111 0.15606734 0.035842113 0.28117597 0.014246525 5.5417382e-05 0.002661779 0.004982423 0.06162571 0.024962109 0.0019489069 8.628684e-06 4.4390385e-05 0.0013959284 0.002582984 1.9743336e-06 0.00018084084 0.023132337 3.2874697e-05 9.14693e-07 0.0007915118 0.012842874 0.014748087 1.830105e-05 0.0012814894 0.012202946 0.00283901 0.021736793 4.4622684e-07 0.0003869914 0.0015345224 0.00045017357 1.0967506e-06 0.014428138 6.43853e-05 0.002418912 4.7879363e-05 0.0017666414 3.2568383e-05 2.8546604e-06 3.3497334e-05 5.521407e-07 7.641434e-06 1.3917997e-06 6.216831e-07 7.751723e-06 0.0004027016 4.7482413e-06 1.3352588e-08 1.2567983e-05 1.4451822e-06 4.8775555e-06 0.0061442363 0.0014083986 0.005718803 2.8965427e-05 8.9578384e-07 5.977596e-07 0.002069546 4.3549335e-08 0.0028098454 8.062901e-06 8.8947296e-08 3.1300473e-08 4.794753e-07 4.979898e-06 1.9577094e-07 1.6897123e-07 0.00014307584 5.4355775e-07 1.4239156e-06 2.0554515e-05 5.322788e-07 1.1231398e-05 1.5457834e-07 0.00020351612 3.2524074e-06
0.25229877 0.30553216 0.0540753 0.06057006 0.99540406 0.30073297 0.026841529 4.879247e-16 0.17703328 0.3390356 0.87649816 0.8722185 0.16034773 0.4147612 0.0003569265 0.012030502 0.00027870224 0.26335254 0.013273347 0.0008234554 2.8109002e-05 0.000725604 1.1124723e-05 0.71032596 2.107335e-06 2.7997662e-06 1.5395979e-06 7.9186356e-07 5.332864e-07 0.022662437 1.3316314e-07 1.1899932e-07 0.00047539937 8.708253e-06 0.0077025536 0.09505559 0.0022727367 4.0674192e-07 5.1064694e-06 0.019447587 0.07746912 3.7330938e-05 0.001824887 0.0021139332 1.2909736e-06 5.0424666e-07 3.2047807e-05 0.00021125183 1.865157e-06 2.9172512e-07 2.173666e-05 0.00058962253 0.00079227943 4.7130678e-07 0.0012245083 0.00033814207 1.359313e-05 0.004369272 0.00012509037 5.963609e-06 0.000113243856 9.1000975e-06 2.9984434e-07 1.410895e-05 7.676484e-05 2.4374024e-06 4.920179e-05 9.4040966e-05 1.845545e-06 6.499074e-05 0.00039253102 1.5988528e-05 1.2863759e-08 7.032302e-07 5.0915164e-06 5.167628e-08 0.00045500012 1.4650491e-05 0.00049306196 3.37888e-08 4.6845182e-07 7.3449155e-07 0.00033645713 2.965849e-07 2.9483615e-05 1.569026e-07 9.944919e-08 3.196063e-09 6.194328e-06 6.8499007e-06 1.4889122e-07 5.018324e-08 1.0438796e-07 3.9765445e-07 5.5746575e-08 5.515965e-07 1.6255866e-07 7.192445e-07 3.202712e-07 7.905136e-07 2.040112e-08
0.81806237 0.61559325 0.1521612 0.3752654 0.52038604 0.9748121 0.035141055 0.17703328 3.8405954e-14 0.975081 0.14763336 0.030948184 0.0060432623 0.7709262 0.0008372282 0.0012334598 0.00015269787 0.112301484 0.3339882 0.0057944725 5.984082e-05 0.0056530503 6.0228995e-05 0.14919169 7.678344e-05 9.712678e-05 1.3499419e-05 4.2889198e-05 8.488803e-06 0.011265234 3.4929897e-06 3.4127647e-06 0.0088547105 6.843832e-05 0.09229863 0.028760815 0.004632392 5.373135e-06 3.735551e-05 0.0022997465 0.011047213 0.0010749628 0.002704391 0.0019861057 4.060983e-06 2.9568157e-06 0.0008046478 0.0004220112 9.699132e-06 5.735223e-06 0.0001188609 0.007305565 0.0010838078 1.1777187e-05 0.009748327 0.0020878222 1.8490482e-05 0.109657705 0.00056433975 0.00017448925 0.0003386384 0.00018521836 2.539748e-06 1.2604076e-05 0.00014148263 8.319408e-06 9.760583e-05 3.4381326e-05 6.6083826e-06 0.00010733959 0.003982468 1.5466123e-05 5.2268575e-08 6.59262e-06 1.0786473e-05 5.528125e-07 0.010222948 0.00033779108 0.0045047337 1.0205285e-06 1.860312e-05 1.0732162e-05 0.010512562 2.101074e-06 0.000483233 1.9961086e-05 2.116836e-06 4.2347176e-07 2.8010404e-06 2.3216271e-05 6.0614454e-08 3.9421386e-07 2.5433315e-05 2.908423e-07 1.8064718e-07 7.890208e-07 2.7084184e-07 8.314304e-07 3.1170524e-07 3.8052483e-05 1.0405158e-06
0.8537666 0.6568463 0.13866895 0.23901536 0.7653843 0.93732744 0.043135323 0.3390356 0.975081 1.3504928e-13 0.3673211 0.12390368 0.013871567 0.94564384 0.00011791309 0.0039452254 0.00025390554 0.25861493 0.17198971 0.002165863 1.5493833e-05 0.0018573762 3.1855197e-05 0.42231768 3.515677e-05 0.00012922117 3.189035e-06 3.068733e-05 2.7971857e-06 0.026846047 1.6686757e-06 1.1324848e-06 0.002135846 3.4390476e-05 0.1013931 0.08275648 0.011274251 4.440874e-06 6.0421867e-06 0.008645052 0.03726013 0.0003150514 0.0050746687 0.0045445417 1.1275691e-05 4.3711493e-06 0.00038216796 0.0008190846 1.539697e-05 6.944149e-06 2.7806944e-05 0.002434724 0.0048102024 6.9346124e-06 0.020662136 0.0021677166 2.620252e-05 0.07341921 0.00058578525 2.4407438e-05 0.0004096261 5.3273438e-05 7.353361e-07 2.6761856e-05 0.00031554155 1.4494977e-05 0.00045425355 0.0002463029 1.4702264e-05 0.0003463494 0.0045512384 7.214828e-05 7.559781e-08 2.6337116e-06 6.315822e-05 8.674571e-07 0.0055987085 5.3414762e-05 0.0020903545 6.094099e-07 2.142139e-05 1.9149873e-05 0.0042881314 4.129776e-06 0.00022816929 8.1026765e-06 4.274251e-06 1.954953e-06 3.769839e-05 0.00011181858 9.796262e-07 1.8641983e-06 8.122063e-06 7.117884e-07 3.905644e-08 2.666544e-06 2.9655928e-06 3.6351664e-06 1.7330498e-06 4.592486e-06 4.723401e-06
0.11499622 0.38783008 0.05902835 0.0886826 0.62435186 0.36977303 0.002658021 0.87649816 0.14763336 0.3673211 1.9568884e-16 0.99706674 0.35789678 0.45375678 0.00042507923 0.019603422 5.633589e-05 0.4224605 0.028878713 0.00053736346 5.2898504e-05 0.0006893665 1.4553541e-05 0.96404815 1.1747243e-06 5.7288707e-06 1.15130515e-05 1.1556959e-06 6.9271036e-06 0.079601936 3.898581e-06 1.1700049e-06 0.0007079925 1.2063433e-05 0.0020059836 0.11894746 0.00012745567 2.0664966e-06 2.5892632e-05 0.020225942 0.19520023 0.00015448206 0.00011772332 0.0010049315 5.902585e-06 1.2762765e-06 3.4449953e-05 1.9747262e-05 0.00017084609 6.5086317e-07 5.4749766e-05 0.0004484292 0.00015710482 4.9946234e-06 0.00014509077 2.235141e-05 2.1914154e-06 0.0015668616 7.183905e-05 6.231546e-05 2.289089e-05 5.5957433e-05 7.248386e-07 4.9678474e-05 2.102847e-05 3.59443e-06 1.8264391e-06 4.145266e-05 2.5762054e-06 8.377106e-06 0.00036016875 4.0984334e-05 1.2871288e-07 4.8669165e-07 1.2270724e-05 6.433834e-07 0.0007217881 8.344084e-05 0.0046618236 5.7140564e-08 4.263194e-06 1.0276532e-06 0.00015603898 3.8853582e-07 8.1180646e-05 1.03700536e-07 2.2529228e-07 2.8720233e-09 8.709286e-05 8.747556e-06 2.9148831e-08 1.5235189e-07 1.1857021e-07 7.2294574e-07 3.9956944e-08 3.174744e-07 1.9167182e-06 1.8256744e-06 4.683674e-07 6.679718e-07 2.5757665e-09
0.027061034 0.03688601 0.00588755 0.013101674 0.7356289 0.054184124 0.0036627732 0.8722185 0.030948184 0.12390368 0.99706674 5.930383e-18 0.0023098078 0.12578608 0.00023957361 0.001368476 1.948748e-05 0.60623825 0.0034769292 0.00031125863 5.128962e-05 0.0002186176 9.911249e-06 0.88485044 2.750355e-06 1.1376619e-05 2.629148e-05 6.9363745e-07 1.2136189e-05 0.20036414 5.9433955e-06 1.6591723e-06 0.00027918984 1.0961142e-05 0.0042724703 0.03999622 0.0015410375 4.6303157e-06 1.633623e-05 0.0024655084 0.1335611 5.2676893e-05 0.0045786956 0.0022249247 9.323481e-06 3.5371816e-06 1.809353e-05 0.00035358156 6.481767e-05 3.7370416e-08 5.4209275e-05 0.00026762023 0.000561335 1.0675671e-05 0.00031631225 0.0005123069 2.5321742e-05 0.0019091904 0.00042139043 2.9172485e-05 0.0003348167 6.8841778e-06 1.3767068e-06 3.6694106e-05 0.00020277602 1.36823e-05 3.124633e-05 0.000382524 1.27353305e-05 3.0940286e-05 0.00021654449 0.0001390237 1.8650484e-06 4.6521876e-07 7.1751e-05 3.145463e-07 0.00027175582 2.8699042e-05 0.0005208638 1.7877652e-07 4.3509613e-06 2.7010244e-06 0.00021914156 4.86171e-06 2.6911293e-05 1.0574787e-07 3.3742833e-07 1.4487776e-07 2.0097641e-05 2.9313164e-06 7.1171166e-07 3.8421692e-07 3.7557417e-08 6.0402994e-07 6.1115266e-08 3.6813066e-07 8.5832646e-08 2.1056314e-06 4.5347933e-06 1.8288154e-07 1.8688078e-09
0.02541192 0.42583704 0.114189796 0.030752597 0.09305411 0.02488023 0.9572679 0.16034773 0.0060432623 0.013871567 0.35789678 0.0023098078 1.8530265e-17 0.0040113437 0.057188183 0.9969782 0.14280371 0.0049737287 0.008575134 0.0018747648 0.0005243941 0.001058669 0.00064765953 0.0015571633 0.0016385012 0.000883122 6.5564585e-05 0.001956949 1.5583442e-05 0.00032315322 1.15411485e-05 1.9444891e-05 0.0004362978 5.0665014e-05 0.00051635725 0.0011713767 0.0001862583 6.2450363e-06 9.765094e-06 0.00012787632 0.0019581595 0.00011246228 0.00017180861 5.0529852e-05 5.3132717e-06 0.00011193925 2.7343978e-05 3.581969e-05 7.918904e-06 0.00026530397 0.00016714011 0.0002670644 3.6944055e-06 5.2119453e-06 9.63328e-05 0.00018041708 9.280205e-07 0.00017560087 3.819111e-05 8.150032e-05 2.8173547e-05 4.0432053e-05 7.6791196e-07 2.3641343e-05 3.5714595e-05 7.334497e-06 2.0986838e-07 3.0539384e-06 1.9377978e-06 3.2044795e-06 6.1708466e-05 3.4880793e-06 5.6942337e-08 1.0079948e-06 1.3257034e-06 3.0478557e-07 7.546948e-05 6.989791e-05 0.00027622312 4.9662367e-07 7.057147e-07 5.6171353e-07 5.529074e-05 3.9617672e-07 6.657041e-05 6.673707e-07 1.6459043e-06 3.4050174e-08 3.772294e-06 4.886935e-07 1.488248e-07 8.551482e-08 3.442726e-07 5.9192905e-07 2.7322469e-07 5.7935745e-07 1.1781961e-07 1.3576631e-06 1.5234673e-06 4.3356332e-07 4.966637e-08
0.9878584 0.24730444 0.023906842 0.08139588 0.74572533 0.5251107 0.019589063 0.4147612 0.7709262 0.94564384 0.45375678 0.12578608 0.0040113437 4.771131e-16 0.00010454891 0.0016063745 0.00019541253 0.8884704 0.11187373 0.000792423 1.9189927e-05 0.00079058687 1.7379745e-05 0.66691095 2.0004736e-06 1.9427856e-05 4.122512e-06 1.4492752e-05 1.8566543e-06 0.2773197 1.4890081e-06 9.4738596e-07 0.002028011 2.3842973e-05 0.7341579 0.42443106 0.277301 2.2357394e-06 3.0055708e-06 0.037952747 0.16640721 0.0005148916 0.11211822 0.050446246 2.3193643e-06 9.95163e-07 0.0004364957 0.021860652 8.962577e-06 4.387634e-06 3.5008787e-05 0.0044399155 0.07321415 7.537723e-06 0.32734215 0.14860183 0.00043101682 0.5563424 0.021110183 0.00016756832 0.008342677 0.0001186206 7.183473e-07 0.00033870043 0.003110877 0.00014302837 0.0020237006 0.0021036905 0.000100937905 0.0013858455 0.06979479 0.0002042694 2.5821728e-06 4.745333e-07 0.00019420308 4.4667303e-07 0.026748782 0.00019042181 0.002367004 2.051301e-06 0.00068518554 0.00041161932 0.04514181 5.005231e-05 0.0010056688 3.0222807e-05 3.700861e-05 3.4998302e-05 3.2528435e-05 0.0006247738 2.6120922e-06 3.1628737e-05 7.626114e-05 1.7958691e-06 3.107858e-08 8.09816e-07 9.802565e-06 2.3181048e-05 4.821981e-06 3.6620204e-05 3.6162717e-07
0.95362765 0.03857172 0.07370736 0.043970834 0.00020457723 0.019962648 0.8706497 0.0003569265 0.0008372282 0.00011791309 0.00042507923 0.00023957361 0.057188183 0.00010454891 7.048055e-14 0.0023651966 0.08899344 8.418382e-06 0.18837476 0.49848557 0.7914119 0.41471177 0.96366507 0.00011156241 0.859086 0.272939 0.39033365 0.19999807 0.21206518 1.894631e-05 0.19779313 0.5498831 0.15039057 0.20348746 0.00034302968 1.0721666e-05 8.078934e-06 0.54728127 0.14468496 5.707791e-05 0.00017171868 0.14485072 4.673744e-06 2.7057722e-05 0.23683767 0.4804129 0.08218785 1.1744471e-05 0.21263692 0.02713809 0.01801184 0.03585934 5.3713444e-07 0.047933575 0.0011942841 3.1493324e-05 4.2093313e-07 0.012546536 4.0996156e-06 0.01420248 3.1343343e-06 0.011870695 3.3981643e-05 3.1195934e-06 1.2200495e-06 2.7188915e-07 3.8485872e-05 8.45749e-06 1.2154925e-06 6.252175e-06 0.00048520227 5.4570755e-05 1.8132955e-08 6.662379e-06 5.36092e-05 1.2901951e-05 0.010213699 0.008701297 0.00828253 0.0001281829 5.9671163e-07 1.5822174e-07 0.0010022416 1.0241306e-07 0.0033635818 4.6843088e-05 1.9826016e-06 4.226505e-08 6.543072e-05 7.0932415e-06 6.9593243e-06 2.768761e-06 6.443935e-05 2.6197085e-06 5.974427e-07 2.4596333e-05 5.316465e-06 5.111856e-05 4.976077e-06 4.309038e-05 3.1606437e-06
0.035170227 0.04354462 0.011160578 0.0055858823 0.005439994 0.005527023 0.5123638 0.012030502 0.0012334598 0.0039452254 0.019603422 0.001368476 0.9969782 0.0016063745 0.0023651966 1.4803925e-15 0.99165124 0.00014150541 0.0025072247 0.00039648855 0.00010961651 0.00030256706 8.9985e-05 0.00047422908 0.0017258209 0.0011082436 4.6792834e-06 0.016516658 8.810919e-06 4.498828e-05 8.232079e-06 9.132561e-06 4.9942493e-05 8.348554e-06 5.343925e-06 0.0001816134 1.7634684e-06 5.8513133e-06 2.1792805e-05 6.705267e-05 0.0006261347 5.3540076e-05 7.4013124e-06 2.0483953e-05 1.2186977e-05 3.6067453e-05 6.998579e-06 9.947864e-07 4.571143e-05 0.000606587 1.49435355e-05 1.7383094e-05 7.4763284e-07 6.824016e-06 2.8905217e-05 4.665417e-06 4.808665e-07 3.65545e-05 6.566179e-06 3.4117606e-05 1.9673005e-06 4.6259218e-05 9.2543536e-07 3.4664513e-06 6.8246277e-06 1.8765794e-06 3.717004e-07 2.4089297e-06 5.3227376e-07 1.9902568e-06 2.3696059e-05 9.111895e-07 7.524148e-08 4.4276582e-08 8.4109865e-07 6.207335e-07 0.00034243285 3.7956255e-05 0.0011323906 1.5993612e-06 1.2261243e-06 4.1202543e-07 4.8370115e-05 1.0570592e-07 1.757633e-05 7.11234e-07 1.7593014e-07 3.2439136e-08 2.058231e-05 2.754904e-06 2.1918915e-08 3.9514057e-07 1.679007e-06 2.6846976e-07 9.57773e-09 1.3057846e-07 8.510055e-08 1.2886679e-07 5.1755273e-07 6.554214e-07 1.0834547e-07
0.0401652 0.0099566635 0.0053611533 0.0031041559 0.00021840798 0.0007947014 0.9295646 0.00027870224 0.00015269787 0.00025390554 5.633589e-05 1.948748e-05 0.14280371 0.00019541253 0.08899344 0.99165124 3.3784297e-15 0.00010316803 0.003548164 0.0019922233 0.00077320664 0.0015945366 0.0012724004 8.135805e-05 0.0577286 0.05948841 0.00018442872 0.8516509 9.7156706e-05 0.00021022647 5.6924284e-05 9.112321e-05 0.0006432758 0.0003260902 4.0169016e-05 5.2761006e-05 4.364699e-05 9.7811855e-05 2.3470142e-05 1.5406318e-06 3.305969e-05 5.0720024e-05 2.5587095e-05 1.6338567e-05 0.00014727096 0.000925131 1.1947442e-05 2.8730383e-06 0.0021460254 0.025876703 0.0006105707 0.0001589837 2.2681656e-06 0.00047413408 0.00022319707 1.4737927e-06 2.115262e-06 0.00019474744 2.6481405e-06 1.2108004e-05 7.241215e-07 7.1778063e-06 6.701384e-06 4.157386e-06 1.6359685e-06 3.856457e-07 8.76901e-07 1.661016e-05 3.7065757e-07 3.0828553e-06 0.00021892681 4.3417053e-06 2.0479025e-07 3.6226972e-06 7.125735e-07 1.8475852e-05 0.00027819874 0.000154327 0.003085653 3.034481e-06 7.566824e-07 2.9324755e-07 0.00055373146 7.7611435e-07 9.405739e-05 4.1177165e-05 8.6325194e-08 5.690618e-08 5.302042e-07 9.341005e-06 9.480769e-08 1.2824245e-06 2.0925452e-06 7.0065687e-07 7.9189215e-07 7.6925033e-07 2.3159319e-06 2.0181317e-06 2.2822642e-05 4.488412e-06 2.9181904e-06
0.9486802 0.0145171685 0.0026166663 0.0065754284 0.25673705 0.086871445 0.0010587644 0.26335254 0.112301484 0.25861493 0.4224605 0.60623825 0.0049737287 0.8884704 8.418382e-06 0.00014150541 0.00010316803 1.817445e-14 0.0045277528 0.00013639522 5.136664e-06 0.00017544754 4.478941e-06 0.91601443 1.5921477e-08 9.901538e-06 7.462787e-07 1.0442815e-06 5.7844863e-07 0.9005315 1.0090181e-06 4.9291616e-06 0.0005813738 1.0718078e-05 0.62014836 0.70934635 0.46695203 2.7896651e-06 7.4834554e-07 0.17134316 0.15840857 5.1537863e-05 0.40183514 0.31761083 1.7264019e-06 1.7348555e-06 0.00012629037 0.17202325 6.3331413e-06 1.4873342e-05 6.9945054e-05 0.0012997242 0.4078389 2.6982481e-05 0.16437586 0.098199025 0.0025419 0.095275626 0.010369399 2.46841e-05 0.012189616 3.55663e-05 9.7527696e-08 0.0018509548 0.006575344 0.0005896844 0.033640485 0.025794746 0.00035986316 0.00948892 0.03256761 0.0066063316 2.3956067e-05 5.3775256e-07 0.004394521 2.0147238e-06 0.0067638378 4.971938e-05 0.001070925 4.574486e-06 0.0005400589 0.0011348808 0.011656832 0.00017965886 0.00048575643 2.1814174e-06 1.6716886e-05 0.00027030683 0.00094126485 0.0011016775 7.731756e-05 6.7396527e-06 1.414227e-06 2.0416617e-06 1.9324469e-07 1.7213285e-06 3.0245208e-05 9.5852465e-06 5.849721e-07 8.821842e-06 1.1863763e-05
0.9823287 0.52165073 0.6511893 0.8949993 0.073145024 0.6328873 0.4464849 0.013273347 0.3339882 0.17198971 0.028878713 0.0034769292 0.008575134 0.11187373 0.18837476 0.0025072247 0.003548164 0.0045277528 3.34348e-15 0.85494226 0.34260765 0.9083304 0.033283256 0.008017069 0.010551609 0.0006977553 0.076567635 0.00031301315 0.013259848 0.0010970089 0.0026252184 0.0031258555 0.880753 0.034390926 0.02689505 0.0023581348 0.0025555554 0.0017151329 0.0014722237 0.00040919363 0.0007593677 0.34502408 0.0008433864 0.00054886815 0.0003297321 0.00057248824 0.107141964 0.00012894552 0.0002419844 1.0273588e-05 0.0020013812 0.42391083 0.0001915907 0.00036853427 0.08309813 0.008068767 8.252312e-06 0.63876325 0.0001591501 0.006700087 0.00011329981 0.0045354473 4.2189327e-05 3.605825e-06 3.703258e-05 3.0119406e-06 5.7870475e-05 4.7725367e-05 2.9891457e-06 0.0002110362 0.018721795 3.629013e-05 4.7662933e-08 3.6176516e-05 1.1817297e-05 1.965515e-06 0.14265437 0.003369102 0.04297616 1.04726505e-05 5.779174e-06 8.4393305e-06 0.04958283 3.7494829e-06 0.00723773 6.5553395e-05 3.082094e-06 1.8257224e-05 9.998624e-07 3.9463368e-05 1.0815918e-06 4.7813996e-06 0.00018450593 5.8034834e-07 4.5504828e-07 3.0166725e-06 9.0514895e-06 2.9193918e-05 5.0678755e-06 0.00013571144 3.486578e-07
0.89132094 0.02781768 0.08705466 0.25925383 0.004814815 0.017749239 0.40358463 0.0008234554 0.0057944725 0.002165863 0.00053736346 0.00031125863 0.0018747648 0.000792423 0.49848557 0.00039648855 0.0019922233 0.00013639522 0.85494226 7.400626e-14 0.8566299 0.9893369 0.3581818 0.0008055189 0.040645022 0.0013734167 0.57075727 0.00042197155 0.19694854 2.534513e-05 0.047920503 0.041095294 0.829076 0.14793777 0.00017240427 0.0003256048 3.6849073e-05 0.022620538 0.053821977 2.0966514e-05 5.6697496e-05 0.3919529 9.979701e-06 2.1318412e-05 0.0026554128 0.006417201 0.18947196 2.6931357e-06 0.001111625 7.689874e-06 0.038066108 0.20021178 6.1133716e-07 0.004205839 0.0041726152 0.00035277105 4.506013e-08 0.13886818 4.7335226e-07 0.104738496 2.7646581e-06 0.035853423 0.006182979 7.601045e-08 7.934608e-07 2.902273e-08 1.9566837e-06 2.023438e-05 2.5774582e-08 2.7921114e-06 0.0029413307 6.3848156e-06 1.2860416e-09 0.004836327 3.6983417e-07 3.581844e-06 0.07736758 0.014314941 0.09685425 0.00025900351 1.4084408e-08 1.9411567e-08 0.010262113 1.8493417e-08 0.020948485 0.00047681402 7.412129e-09 5.1528644e-08 1.4614827e-08 1.7110297e-07 8.839978e-09 1.6543525e-07 0.0019177982 1.7274296e-08 2.062381e-05 5.964732e-07 9.753328e-08 5.288947e-07 1.0118091e-07 0.0034928785 9.7131355e-08
0.95500225 0.0024397306 0.0074889893 0.0077700648 5.974758e-05 0.00064367376 0.14245027 2.8109002e-05 5.984082e-05 1.5493833e-05 5.2898504e-05 5.128962e-05 0.0005243941 1.9189927e-05 0.7914119 0.00010961651 0.00077320664 5.136664e-06 0.34260765 0.8566299 4.3111758e-14 0.657773 0.89948887 5.621181e-05 0.04852836 0.009046744 0.93902403 0.00067094417 0.46745652 5.4830048e-06 0.16875887 0.18360873 0.5781463 0.45608693 2.8075647e-05 3.991109e-06 2.3026937e-06 0.12454075 0.11477092 5.9090567e-06 1.5552752e-05 0.6240388 2.1540318e-06 3.9184783e-06 0.02313406 0.03977218 0.23175631 1.3399385e-07 0.015508588 0.0002218641 0.09493532 0.09320486 2.9229836e-08 0.02234865 0.0005858355 3.7278314e-05 2.387813e-07 0.034057934 1.4170041e-06 0.052545004 1.789132e-06 0.019883467 0.00038833413 5.562335e-07 1.0578334e-06 2.0320964e-08 5.468521e-07 1.113718e-06 1.2656254e-07 5.6519957e-06 0.00067958795 6.0949797e-06 1.6546245e-08 0.00010696109 1.0652813e-06 3.9324743e-05 0.054441914 0.018090703 0.06458386 0.00051915663 2.05642e-07 6.065517e-08 0.004030997 9.060358e-08 0.011410238 0.000339337 3.630761e-07 9.629532e-09 1.4665063e-06 6.0777456e-06 8.6335285e-07 4.832069e-07 0.00048899214 9.69712e-07 5.8422747e-06 6.1066853e-06 2.616641e-07 5.4027005e-06 5.6914894e-07 0.0007607805 4.8754697e-07
0.90258 0.03675386 0.11671027 0.27922824 0.005647912 0.020368747 0.36251184 0.000725604 0.0056530503 0.0018573762 0.0006893665 0.0002186176 0.001058669 0.00079058687 0.41471177 0.00030256706 0.0015945366 0.00017544754 0.9083304 0.9893369 0.657773 1.140752e-14 0.21408406 0.001037945 0.027332833 0.0007995754 0.39715657 0.0002349692 0.116205975 4.376983e-05 0.035566945 0.029615665 0.8458335 0.08562102 0.00042880204 0.00069990027 0.00016750967 0.020809134 0.02152 4.7914946e-05 0.00013216185 0.4085091 4.6336267e-05 8.106862e-05 0.0016022277 0.0045357672 0.17080103 6.441941e-06 0.0008161282 4.120417e-06 0.02129892 0.24412893 1.2181881e-06 0.0021597734 0.007532747 0.0007110248 4.074252e-07 0.18475099 1.4329713e-05 0.055829577 2.5176232e-05 0.019645376 0.0013742594 9.8757724e-08 6.381316e-06 1.8521612e-07 4.8888905e-06 4.922939e-05 1.1466853e-07 1.914781e-05 0.0037871434 1.8339697e-05 2.9792973e-09 0.0008947769 1.1847092e-06 1.7490775e-06 0.09540274 0.01088373 0.092841476 6.7314984e-05 3.5250096e-07 4.0640575e-07 0.015088695 1.10416025e-07 0.017538207 0.00036522635 3.85722e-08 1.0426459e-07 8.918224e-08 7.896912e-06 1.430435e-08 2.0719736e-07 0.0011840762 9.896717e-09 9.720504e-06 7.077359e-07 6.521564e-08 2.945736e-07 1.8772836e-07 0.001651935 1.7559273e-07
0.92819166 0.0009389701 0.0034117703 0.0022145982 1.9034782e-05 0.00034010631 0.12632841 1.1124723e-05 6.0228995e-05 3.1855197e-05 1.4553541e-05 9.911249e-06 0.00064765953 1.7379745e-05 0.96366507 8.9985e-05 0.0012724004 4.478941e-06 0.033283256 0.3581818 0.89948887 0.21408406 6.894537e-14 1.00210345e-05 0.101818636 0.015774423 0.8667313 0.0029024065 0.8497022 5.951132e-06 0.80351585 0.80280614 0.1289436 0.2781296 1.6773547e-05 9.833552e-07 2.0847112e-06 0.49057326 0.20650232 5.9323543e-06 1.6074297e-05 0.21109912 4.5461734e-06 6.3384227e-06 0.16266686 0.13829246 0.065041736 6.356955e-07 0.09593663 0.001432459 0.028427774 0.01751175 1.8530288e-07 0.06367304 0.00022065103 3.773546e-06 6.223739e-08 0.0038537625 6.0247436e-07 0.019754266 4.87686e-07 0.012749433 0.0009839286 1.0201754e-06 3.556416e-07 5.9001085e-08 3.2272849e-06 1.742601e-06 8.549671e-08 9.905273e-07 0.00033371308 5.5588907e-06 6.4464913e-09 9.275807e-05 1.4310518e-06 7.843985e-05 0.010563042 0.010407274 0.014289586 0.0009079917 1.1370197e-07 2.141137e-08 0.0010502185 1.3470533e-07 0.004063192 0.0004580414 2.0177764e-07 4.668136e-08 1.1079608e-05 2.074998e-06 6.23958e-07 4.5960833e-06 0.000390398 6.9801655e-07 1.6708886e-05 2.2688526e-05 3.4652714e-06 7.60346e-06 1.3276834e-06 0.000115534895 6.4513694e-07
0.26540974 0.075925484 0.01405888 0.03958885 0.4008973 0.28047946 0.000656643 0.71032596 0.14919169 0.42231768 0.96404815 0.88485044 0.0015571633 0.66691095 0.00011156241 0.00047422908 8.135805e-05 0.91601443 0.008017069 0.0008055189 5.621181e-05 0.001037945 1.00210345e-05 3.5545166e-15 1.6667235e-07 6.7085995e-07 5.632447e-06 4.0357278e-07 4.009211e-06 0.8968623 1.0448414e-06 8.099465e-07 0.0007253525 2.2752945e-05 0.044937965 0.92441773 0.020313628 1.8576036e-06 8.144667e-06 0.10469536 0.8970597 7.9048354e-05 0.032546032 0.18835762 9.728044e-06 4.202074e-06 1.4374663e-05 0.0036025413 0.00016447056 5.3548474e-06 0.00039323952 0.00048527698 0.058126505 7.984788e-06 0.0023403158 0.0022717866 0.00023790424 0.014208704 0.0006890625 5.251193e-05 0.0010724234 2.340753e-05 6.0312044e-07 0.00022937142 0.00048975355 0.00011661296 0.0003433712 0.0010859225 8.0341364e-05 0.00015376405 0.0008804032 0.000777973 1.2474811e-06 3.0850038e-07 0.0004510485 3.7953992e-06 0.00113684 9.212413e-05 0.0018195293 1.886012e-07 1.5379652e-05 2.4609191e-05 0.0008618676 1.4425846e-05 9.665378e-05 2.8917455e-07 8.075105e-06 6.7686216e-07 0.0010115671 0.00011600413 3.1753934e-06 6.3266606e-07 8.1765154e-07 2.3436692e-06 9.748176e-08 3.796652e-06 9.861271e-06 4.0058476e-06 7.386155e-07 1.2749244e-05 4.355729e-09
0.08687435 0.0050303154 0.010857551 0.006384405 1.36325325e-05 0.00036243338 0.8581111 2.107335e-06 7.678344e-05 3.515677e-05 1.1747243e-06 2.750355e-06 0.0016385012 2.0004736e-06 0.859086 0.0017258209 0.0577286 1.5921477e-08 0.010551609 0.040645022 0.04852836 0.027332833 0.101818636 1.6667235e-07 2.2141042e-18 0.98200065 0.015459129 0.94248456 0.010438873 5.2978287e-08 0.0083438065 0.007024494 0.0037112574 0.0049834284 4.1356525e-06 8.36056e-08 2.1979327e-08 0.0067034364 0.0009885405 4.4317034e-09 1.1619106e-07 0.0024270087 1.12080414e-07 2.0994992e-08 0.0024001233 0.021233555 0.00094597135 8.1318484e-07 0.009815677 0.042499643 0.0010066634 0.0010745395 6.8783073e-09 0.0003659566 6.224063e-05 3.94804e-06 6.757953e-09 0.00010160373 2.0391747e-06 0.0008591947 3.0798958e-06 0.0005194461 1.0914691e-05 1.0316213e-06 1.5152415e-06 4.991378e-07 2.4075884e-08 1.7984503e-08 2.9475686e-07 4.340548e-07 8.981367e-06 2.5848394e-07 1.8207702e-09 5.1514694e-06 4.1797275e-08 1.2996144e-06 0.0002512439 0.00031914204 0.0010659572 2.3955897e-06 4.7486804e-08 9.41979e-08 0.00013532127 7.801446e-09 0.0006291925 4.3639266e-06 1.0515453e-07 1.2724268e-09 7.754966e-09 5.747836e-07 8.839539e-09 1.5393026e-08 1.5358883e-05 1.4122479e-07 1.3539329e-06 4.8229896e-07 7.525665e-09 1.4378102e-07 3.7924304e-09 3.396399e-05 2.209197e-06
0.016878389 0.000600443 0.00081912446 0.00058369903 1.747786e-05 0.00025965643 0.15606734 2.7997662e-06 9.712678e-05 0.00012922117 5.7288707e-06 1.1376619e-05 0.000883122 1.9427856e-05 0.272939 0.0011082436 0.05948841 9.901538e-06 0.0006977553 0.0013734167 0.009046744 0.0007995754 0.015774423 6.7085995e-07 0.98200065 6.1238796e-13 0.0032528557 0.9822196 0.003367149 2.3038765e-05 0.0037730173 0.0044596335 0.0010732706 0.0014525615 1.2424468e-06 3.5290477e-06 1.3103122e-06 0.008528913 0.00084476126 3.4975943e-07 3.3279028e-07 0.00041349584 5.4473734e-05 2.182595e-06 0.0083815055 0.04936687 0.00011961767 6.450665e-06 0.058858924 0.82890064 0.0004141208 0.00085770147 1.0287054e-06 0.0014019335 6.7768997e-06 6.123983e-06 1.1770871e-06 7.299923e-05 1.1301873e-05 0.00026382718 9.999345e-06 0.00019924674 0.00014848406 0.00010461295 9.783325e-06 1.4351745e-05 9.273618e-06 1.2947558e-05 1.6556467e-05 3.6743038e-06 2.6669066e-05 1.579766e-05 1.4888766e-07 4.1128384e-05 1.961577e-06 0.000120035475 0.00010621903 0.0004450855 0.0008673629 0.00012820553 2.367276e-06 3.2964763e-07 0.00012261185 8.100898e-06 0.00032370223 5.1283212e-05 4.8650536e-06 4.5133527e-07 7.4128685e-08 2.8101163e-06 4.226108e-07 3.0092478e-06 2.6134516e-05 1.1170618e-05 1.6872214e-05 1.4651831e-05 1.7632816e-06 4.4522344e-06 1.9338859e-06 5.7580244e-05 0.00010909963
0.9246068 0.00010878005 0.0004445137 0.000514195 3.3210656e-06 9.2682036e-05 0.035842113 1.5395979e-06 1.3499419e-05 3.189035e-06 1.15130515e-05 2.629148e-05 6.5564585e-05 4.122512e-06 0.39033365 4.6792834e-06 0.00018442872 7.462787e-07 0.076567635 0.57075727 0.93902403 0.39715657 0.8667313 5.632447e-06 0.015459129 0.0032528557 2.3911154e-14 0.0001868659 0.95331913 5.304277e-07 0.5835354 0.4090112 0.3832464 0.8017381 1.5412547e-06 1.1241606e-06 1.3809292e-06 0.32229477 0.55620635 1.2731455e-05 3.2979215e-06 0.6716053 5.7086345e-07 2.0857772e-06 0.08932351 0.058692195 0.2416167 9.643524e-08 0.06408327 0.00016595617 0.29278192 0.06547235 7.158262e-08 0.12108739 8.114434e-05 6.9113e-06 9.585685e-08 0.0106989965 4.0546634e-08 0.179858 4.2221863e-08 0.07517175 0.002737999 1.3004866e-07 2.0949674e-08 9.594441e-09 2.0810703e-06 3.9931442e-07 1.1955242e-08 5.2548296e-07 9.9785924e-05 3.5214766e-06 1.3705491e-09 0.00023448766 1.0335632e-06 0.0001281433 0.025530986 0.059779603 0.06463485 0.0083326455 4.790388e-09 1.9463164e-09 0.0024027124 1.6385924e-07 0.01244202 0.0017652166 5.3711673e-08 1.2670517e-07 1.294996e-06 9.806285e-08 1.4914747e-07 5.026277e-07 0.0013970147 2.4835862e-07 1.1156736e-05 9.163951e-06 9.429151e-07 1.9426088e-06 1.9848575e-07 0.0011811354 3.3632125e-07
0.008338163 0.00017738348 0.00036536987 0.0002038199 1.9513022e-06 0.00013675379 0.28117597 7.9186356e-07 4.2889198e-05 3.068733e-05 1.1556959e-06 6.9363745e-07 0.001956949 1.4492752e-05 0.19999807 0.016516658 0.8516509 1.0442815e-06 0.00031301315 0.00042197155 0.00067094417 0.0002349692 0.0029024065 4.0357278e-07 0.94248456 0.9822196 0.0001868659 9.2926494e-14 0.00012073063 5.2053383e-06 4.9453567e-05 0.000107159365 0.0002089066 0.00020201651 2.1636056e-06 9.656073e-07 3.7985278e-06 0.00012703033 2.7465898e-05 2.7632706e-07 1.3346962e-06 6.4754466e-05 1.1315894e-05 7.5312016e-07 0.00016420412 0.005231955 3.1362375e-05 2.0130165e-06 0.011157071 0.894687 0.00010312622 9.801654e-05 1.0529782e-07 4.2668977e-05 4.8879418e-05 1.0105446e-06 9.126383e-07 2.3003045e-05 8.571257e-06 1.8062341e-05 9.416494e-06 3.945178e-05 1.8562296e-06 5.291651e-05 1.09823195e-05 3.6178844e-06 8.632343e-07 9.148793e-06 2.6649705e-06 8.220524e-06 0.00011558151 1.1298899e-05 1.7756517e-07 2.0192174e-06 3.1307882e-06 2.099856e-06 0.00018834248 3.4475033e-05 0.0012957626 5.853951e-07 8.8193724e-07 1.2162507e-06 0.0001333985 2.873037e-07 7.483413e-05 1.2946896e-06 1.5286994e-06 2.442929e-08 5.9028025e-07 5.3031367e-06 9.518126e-07 2.3284376e-06 2.5615e-07 9.717222e-06 1.999374e-07 6.762869e-08 1.0804567e-06 2.521111e-06 4.321258e-06 1.5213359e-06 1.7736988e-05
0.87424076 5.0988172e-05 0.00019218087 0.00022818605 1.2774614e-06 7.670132e-05 0.014246525 5.332864e-07 8.488803e-06 2.7971857e-06 6.9271036e-06 1.2136189e-05 1.5583442e-05 1.8566543e-06 0.21206518 8.810919e-06 9.7156706e-05 5.7844863e-07 0.013259848 0.19694854 0.46745652 0.116205975 0.8497022 4.009211e-06 0.010438873 0.003367149 0.95331913 0.00012073063 7.430296e-15 2.1611791e-07 0.96871924 0.54555243 0.1606325 0.63575524 1.352619e-06 1.336296e-06 3.4252819e-06 0.41615802 0.7437619 4.3742434e-06 3.0426472e-06 0.43283868 8.2011866e-07 2.0615084e-06 0.15161812 0.056322332 0.12508366 6.3217364e-08 0.1265164 0.00024918723 0.24111684 0.036562186 5.062673e-08 0.41752303 2.475513e-05 1.6460518e-06 1.8604688e-08 0.002438257 4.1904958e-08 0.13572606 3.9328544e-08 0.059010196 0.053330366 1.7677779e-07 2.0454657e-08 1.6015958e-08 1.7134424e-06 1.9931003e-06 1.6851942e-08 3.9887712e-07 5.2585245e-05 8.3542e-06 9.069496e-10 0.0035515272 1.3390373e-06 0.00019415292 0.008145331 0.043179363 0.03253719 0.029952258 2.8381355e-09 1.2199011e-09 0.0012613486 9.826881e-08 0.008008878 0.003972823 1.6055013e-08 1.885457e-08 4.9736735e-07 8.067904e-09 3.0561292e-08 1.3827812e-07 0.0017884005 4.0487808e-07 1.6205746e-05 1.7234992e-05 4.6627366e-07 2.1424046e-07 9.48748e-08 0.0010194383 3.1558983e-07
0.9120292 0.0016235091 0.00036688783 0.0010121737 0.011133134 0.007029114 5.5417382e-05 0.022662437 0.011265234 0.026846047 0.079601936 0.20036414 0.00032315322 0.2773197 1.894631e-05 4.498828e-05 0.00021022647 0.9005315 0.0010970089 2.534513e-05 5.4830048e-06 4.376983e-05 5.951132e-06 0.8968623 5.2978287e-08 2.3038765e-05 5.304277e-07 5.2053383e-06 2.1611791e-07 3.4445398e-14 3.3222994e-07 1.0353542e-05 6.163518e-05 7.711502e-06 0.33361948 0.93665993 0.43760404 1.3998446e-05 8.974547e-07 0.6943949 0.54496026 3.9512192e-06 0.5764648 0.8125047 3.5537312e-05 3.901771e-05 4.2721686e-06 0.17353891 4.3695338e-05 0.00037689766 9.63946e-06 0.00011607416 0.71320164 1.3240715e-05 0.07173826 0.07810131 0.007946764 0.024236389 0.021711992 1.7364393e-06 0.0138473995 3.0160022e-06 2.0506184e-06 0.013301251 0.008485421 0.0011133103 0.16412114 0.095463105 0.00066257647 0.0043763677 0.016651811 0.038808614 3.4557717e-05 4.5883976e-06 0.018030873 2.3879222e-05 0.0026220006 1.0412499e-05 0.0025397155 3.7503716e-05 0.0014728612 0.0011519828 0.0052156723 0.0003593124 0.0002977785 1.2866999e-06 9.847048e-05 0.0006581442 0.0048192916 0.0012548318 0.0010388615 1.8418095e-05 1.3915023e-06 8.550495e-06 4.517162e-06 3.1091284e-05 0.0007292757 1.083529e-05 6.1925346e-07 9.286124e-06 8.399545e-06
