2.4309014e-33 0.9334157 0.9705019 0.8565761 0.91698146 0.95736873 0.9526553 0.9782521 0.9835892 0.8292642 0.96456426 0.5082062 0.5990972 0.37731585 0.24169174 0.15294488 0.7409883 0.9588109 0.8255065 0.12549342 0.31939906 0.9941656 0.24311113 0.86012286 0.31497627 0.04233177 0.9858848 0.53905463 0.08371305 0.87112474 0.77773345 0.8867477 0.13733442 0.36727834 0.98733234 0.7969931 0.024181457 0.3271103 0.6883286 0.027082562 0.7128762 0.99421704 0.87448376 0.99333054 0.9984351 0.0133076515 0.8407998 0.3787546 0.00826523 0.1591063 0.0056289625 0.005527374 0.5590683 0.121607 0.9993992 0.020035354 0.09824312 0.5754952 0.047626834 0.41741368 0.41965315 0.0029300367 0.0032305245 0.6684906 0.9522163 0.07533051 0.005179851 0.0030721223 0.0014300806 0.00065823016 0.0003694154 0.34909338 0.00017817966 0.01681373 0.00018038972 0.0016377278 6.6118846e-05 0.9635305 0.047371157 2.4147019e-05 0.000995587 0.019608418 0.019632543 0.02596039 2.4096204e-05 0.017198002 0.16082682 0.023427723 0.99995357 0.61176777 0.0046470887 0.014766835 0.10577068 0.0048639337 3.2542196e-06 0.22378741 0.9995562 0.002207407 0.014588497 0.389407 0.003191729
0.9334157 7.041262e-20 0.4660144 0.3479947 0.5181027 0.35022765 0.30144083 0.18177608 0.21703495 0.14881131 0.05958786 0.3221379 0.30839032 0.33471984 0.19396545 0.22709118 0.038752705 0.43238544 0.060720153 0.21938026 0.07269152 0.089809924 0.16594914 0.0008260671 0.06121994 0.15404187 0.00040076094 0.025273308 0.028459644 0.0014890629 0.0039412826 3.6770158e-05 0.05013853 0.011152849 0.08498444 3.1711825e-05 0.06482579 0.0113192955 0.00052671775 0.07499108 1.4058141e-05 0.24909373 2.065798e-05 0.21437335 0.15795982 0.0576946 1.0331952e-05 0.003661685 0.030624704 0.00033167072 0.0145704225 0.01233281 1.17966565e-05 0.0008444334 0.114475146 0.014683636 0.0018470639 5.605552e-06 0.002916421 2.1229405e-05 0.0007813639 0.0069289976 0.0046170675 6.3670456e-07 4.62158e-06 0.00039917018 0.0008593189 0.0014153126 0.0006583752 0.0040563373 0.0024581726 1.0966334e-06 0.00040556176 0.0006689488 0.00028521652 0.00020957287 0.0011993753 9.87227e-06 9.795168e-07 0.00021925861 4.8492307e-06 9.2114415e-06 3.9113118e-05 1.2649076e-05 1.0460503e-05 9.026301e-06 6.4961264e-06 3.964421e-05 0.0021569605 3.0466715e-06 0.00010149468 4.519553e-06 0.0068139294 2.1767839e-05 6.945476e-05 0.008900878 0.02538268 4.489737e-05 2.7229514e-06 0.024830282 7.0440143e-07
0.9705019 0.4660144 3.2553974e-20 0.28200388 0.24365148 0.15516265 0.13368322 0.07438878 0.279254 0.07665511 0.021979427 0.094339624 0.085712686 0.14339867 0.044375725 0.09096816 0.07302826 0.49691772 0.03644814 0.034277987 0.03846927 0.05900187 0.03156083 0.00042332505 0.010982484 0.016833724 7.612264e-05 0.0049438807 0.008463168 0.00048879976 0.0011980189 8.5265065e-06 0.0072495313 0.0077756285 0.14864495 2.1383203e-05 0.01115171 0.001678455 0.00019192444 0.0053188414 3.7832785e-06 0.3708128 3.3366211e-06 0.28434566 0.20080368 0.008994705 2.2941865e-06 0.010203122 0.003905393 0.00015912567 0.0011685399 0.0008845802 9.246419e-06 0.00024436004 0.2071049 0.0017654254 0.0003812117 7.3184965e-06 0.00055615377 2.3897857e-05 0.002155375 0.00074332923 0.00044044602 3.6950772e-07 3.0966012e-06 0.0001132093 0.00028938163 0.00036209013 0.00068452 0.00053369196 0.0001957828 1.3523919e-06 0.00010108154 0.00034706492 0.00014520498 0.00028614336 5.009122e-05 5.4758298e-06 1.9194495e-06 3.9806277e-05 2.1844806e-05 5.7326965e-06 3.4964338e-05 5.701368e-06 2.318775e-05 3.6536428e-06 5.1129746e-06 0.00014225476 0.015162767 2.5278086e-06 0.00015900584 4.437301e-06 0.022169549 1.8851077e-05 1.9206242e-05 0.009726986 0.050492804 0.000107009044 7.370611e-07 0.03183674 9.4063745e-07
0.8565761 0.3479947 0.28200388 1.9068486e-20 0.10999541 0.051160492 0.03907393 0.015325832 0.46156743 0.01986815 0.0015587901 0.085387416 0.04685204 0.454783 0.026419468 0.42377797 0.47040406 0.2811183 0.0030755159 0.05093953 0.4725677 0.007915001 0.019375948 7.54909e-06 0.0016201698 0.060660847 1.7807181e-06 0.00036413185 0.27145946 1.7130822e-05 3.6542093e-05 2.551915e-07 0.0018690048 0.36377645 0.53602993 6.585912e-07 0.14610843 0.00024150372 1.3596112e-05 0.01617458 1.479975e-07 0.25406212 5.5387606e-08 0.14071901 0.06425612 0.030016081 1.8420264e-08 0.23206536 0.009917542 1.9707753e-05 0.0032696181 0.002530434 7.5673427e-07 3.0053228e-05 0.07149899 0.0028310085 9.887086e-05 3.9213958e-07 0.00020764135 3.1785114e-06 0.093781784 0.0011733288 0.0008540394 3.043992e-09 9.198581e-08 1.2707875e-05 0.0001616297 0.00023536728 0.04161604 0.0040974976 0.002342351 1.5840572e-08 7.961358e-05 0.00015024452 4.602454e-05 2.6221194e-05 0.00044041456 1.6068064e-06 3.0950215e-08 0.0042067994 0.006698937 3.8387157e-07 1.1240684e-06 2.8342137e-07 0.0018475677 4.720161e-07 1.2254533e-06 0.0033297937 0.0009167921 9.3378924e-07 1.4772395e-05 3.045064e-07 0.044674784 1.126758e-06 0.0003194974 0.1055161 0.0034732206 4.3390232e-06 1.0085663e-07 0.082394764 1.9933218e-07
0.91698146 0.5181027 0.24365148 0.10999541 1.538715e-20 0.5598037 0.56974185 0.29239064 0.031083455 0.42344388 0.14717342 0.5164994 0.56060034 0.22129774 0.37928456 0.14677393 0.0021106026 0.2960905 0.1517638 0.30859938 0.0054255696 0.12744735 0.33656377 0.0030858237 0.1945525 0.17780049 0.0020512962 0.070253864 0.004849483 0.007398808 0.014796853 0.00026149087 0.13380007 0.00036591417 0.005154303 0.0001845517 0.024787644 0.046397433 0.0040947865 0.10726905 0.00010882945 0.08616678 0.00027476813 0.08762017 0.0674781 0.07596806 0.00017330282 0.00013350222 0.057428125 0.0036205149 0.03372986 0.031412292 0.00014384117 0.008009721 0.028495736 0.062390957 0.013683918 6.6073146e-05 0.021931939 0.0001845876 5.2357558e-05 0.018232074 0.018685933 2.0471325e-06 0.00014608698 0.0014973157 0.005397052 0.008906733 2.5928315e-05 0.0024504685 0.0016874719 2.7910519e-06 0.0015774099 0.0007421991 0.00077204173 0.0005571103 0.003079942 0.00027419903 5.18388e-07 9.144898e-05 7.3851623e-07 7.159826e-06 3.6198984e-05 1.18313355e-05 1.165768e-06 8.037198e-06 2.3078675e-05 1.2347667e-06 0.001537304 1.2501672e-05 7.48549e-05 3.4933462e-06 0.0008465557 1.1165836e-05 6.616009e-05 0.00054119836 0.01717083 3.9531926e-05 3.5023993e-06 0.0058893804 6.347057e-07
0.95736873 0.35022765 0.15516265 0.051160492 0.5598037 1.1537414e-21 0.6620407 0.44521418 0.0085176965 0.40106985 0.23564409 0.18967907 0.25340006 0.082387626 0.13954133 0.05581504 0.00038374076 0.21796203 0.14516571 0.10438809 0.0014896516 0.23300718 0.18083188 0.01599957 0.12793544 0.05337948 0.0020865214 0.08276291 0.0014067407 0.015735554 0.029418869 0.000646676 0.09992426 9.481253e-05 0.0013935762 0.0014459529 0.009484049 0.062783554 0.009505242 0.038858045 0.0002993231 0.069873974 0.00043953024 0.07865843 0.07813881 0.021738715 0.00030758837 3.612611e-05 0.017758373 0.010431161 0.013005339 0.012576526 0.00039246737 0.017734349 0.020666162 0.038664833 0.02493578 0.00016846803 0.027177574 0.00048633327 9.892514e-06 0.006498773 0.009452314 2.6276768e-05 0.00079816184 0.0034901495 0.004577377 0.0049124835 5.6135277e-06 0.00095046876 0.00069877517 3.982735e-05 0.0006718005 0.0019805392 0.0006383985 0.000845354 0.0007911816 0.0009025622 1.7911944e-06 4.4462202e-05 3.3653558e-07 1.2230254e-05 4.5084184e-05 1.2347602e-05 3.6192284e-07 1.5203678e-05 0.0001137529 6.272747e-07 0.0017092513 6.1634535e-05 0.00018850707 1.1152374e-05 0.0004964691 1.7766613e-05 4.181604e-05 9.211314e-05 0.025483917 8.444672e-05 6.3232137e-06 0.002551638 1.6979192e-06
0.9526553 0.30144083 0.13368322 0.03907393 0.56974185 0.6620407 6.9513146e-22 0.39773673 0.006460411 0.47788063 0.23949303 0.20255394 0.28750196 0.07707486 0.15869524 0.055061065 0.00022252354 0.16550905 0.16692199 0.11356302 0.0012441166 0.21063869 0.2152324 0.018683683 0.15965389 0.056658544 0.0021460888 0.09306946 0.0011820932 0.019127056 0.0341084 0.00079182966 0.12043591 7.224798e-05 0.0011370752 0.0018317823 0.0083655175 0.07502754 0.01229781 0.047020636 0.00035134374 0.058470126 0.00053100404 0.06711125 0.064376645 0.02468611 0.0003714327 2.6769743e-05 0.021326674 0.014742623 0.015108847 0.014476514 0.00056268077 0.024319092 0.015016137 0.05056354 0.03415917 0.00023297305 0.039771 0.0007803408 7.1535806e-06 0.008756045 0.01215091 3.8148806e-05 0.0009622249 0.0056318105 0.0070964433 0.007313341 5.1146085e-06 0.00075764395 0.00064774626 5.0509138e-05 0.0008922597 0.002890311 0.0008757653 0.0012099908 0.000759212 0.0012173045 2.7488654e-06 3.6819984e-05 3.3677188e-07 1.4838278e-05 6.0218314e-05 1.5265075e-05 2.979252e-07 1.8541408e-05 0.00018036614 5.788764e-07 0.0016247111 9.193533e-05 0.00022819561 1.4313227e-05 0.000333949 1.965503e-05 3.811561e-05 4.5444285e-05 0.0301011 0.000101267186 6.7504407e-06 0.002164166 1.9064856e-06
0.9782521 0.18177608 0.07438878 0.015325832 0.29239064 0.44521418 0.39773673 7.993192e-23 0.0010911374 0.31435934 0.59872043 0.08760306 0.1312561 0.026635205 0.07754747 0.019109562 2.236252e-05 0.20136477 0.15847558 0.05514597 0.000114848845 0.38800502 0.11509935 0.07362753 0.10970344 0.02022285 0.015772168 0.12691538 9.748982e-05 0.05899281 0.07587576 0.0048694196 0.07633829 8.739552e-06 0.00026910333 0.015094611 0.00259089 0.088764586 0.03254336 0.016162839 0.0019987996 0.058850672 0.0014650051 0.119289316 0.12190753 0.0067398944 0.00088809355 6.918204e-06 0.006399285 0.016130172 0.0058992743 0.006020749 0.0025933706 0.021035422 0.024273943 0.021674661 0.02234764 0.0012388597 0.01841867 0.002405833 4.8088856e-07 0.003113419 0.0041656056 0.0003474347 0.0025357367 0.0059929397 0.0026672005 0.002417111 5.7067894e-07 0.00047308148 0.00033236068 0.00037780704 0.00033010117 0.0019012959 0.0002976499 0.0007865657 0.0005170187 0.0033542602 2.7406739e-05 1.0174136e-05 2.9077919e-08 6.140027e-05 9.581294e-05 3.4987825e-05 1.5101439e-07 4.854767e-05 0.0010760357 6.77781e-08 0.0010097706 0.00045863586 0.00023488 5.171245e-05 0.00018983307 6.509923e-05 1.8072298e-05 2.8577654e-06 0.05025593 0.00018702494 7.036592e-06 0.00042819706 4.519174e-06
0.9835892 0.21703495 0.279254 0.46156743 0.031083455 0.0085176965 0.006460411 0.0010911374 1.249065e-18 0.0023242258 3.342002e-05 0.01847467 0.009907944 0.09591589 0.009007943 0.110058315 0.65121084 0.23297444 0.00026498534 0.012558069 0.18546031 0.003054352 0.004654192 1.3095088e-06 0.00029753326 0.011609128 4.3780804e-07 3.9617786e-05 0.04753669 2.9613761e-06 5.7161715e-06 9.7968076e-08 0.00024356527 0.21502854 0.6880026 3.0925565e-07 0.03306602 1.7653621e-05 2.5282955e-06 0.0016772932 3.3220953e-08 0.24734533 1.21984804e-08 0.092685685 0.05740165 0.0036850672 6.4884578e-09 0.31894004 0.0014316783 4.8908864e-06 0.00089111505 0.00080527464 2.9832975e-07 1.0160484e-05 0.10682305 0.0013831916 3.526388e-05 4.6293724e-07 0.00013942402 1.4393735e-06 0.11137652 0.00051453646 0.0007215654 6.393922e-09 3.0778082e-08 4.935025e-05 0.0011712984 0.001990838 0.02301348 0.0014326427 0.00065389153 1.0093203e-08 0.0001860937 0.0015306821 0.00038577468 0.0014669225 0.00014639519 2.3224718e-08 3.1849999e-07 0.00048423797 0.005462994 2.5223494e-06 2.9749477e-05 1.395846e-06 0.000644878 2.5263337e-06 7.009413e-08 0.0055026175 0.011202266 2.838586e-08 0.000844344 4.532852e-06 0.040066056 8.3570805e-05 6.919613e-05 0.04339294 0.012858144 0.00049579586 3.3244785e-06 0.07826697 3.1290092e-06
0.8292642 0.14881131 0.07665511 0.01986815 0.42344388 0.40106985 0.47788063 0.31435934 0.0023242258 1.7352898e-22 0.36634177 0.23557793 0.36711887 0.04316069 0.19680704 0.02845456 3.8933777e-05 0.114497334 0.5247448 0.16126372 0.00016120158 0.17305683 0.40963104 0.055058647 0.40038118 0.0728006 0.00827469 0.27852058 0.00013930706 0.07779441 0.11015148 0.004364984 0.26784167 7.694767e-06 0.0004878258 0.011273262 0.004538186 0.22281192 0.05222631 0.09094244 0.002599229 0.026792271 0.0018712431 0.052741464 0.048082557 0.035634663 0.0014041143 4.163298e-06 0.05077336 0.05680234 0.049974684 0.051064108 0.006933839 0.07788397 0.009496652 0.13261156 0.088139065 0.0029863806 0.09743629 0.007325078 2.9773145e-07 0.02931175 0.047548354 0.00024927495 0.002448352 0.025775665 0.03910088 0.034994904 5.1255483e-07 0.00039238823 0.00051641534 0.00020267435 0.003949336 0.017082352 0.0042286087 0.00833129 0.0020676902 0.0038799117 9.495302e-06 1.51094355e-05 3.3716695e-08 3.39003e-05 0.00047702045 8.859203e-05 1.2996547e-07 3.664319e-05 0.00049752864 6.5970035e-08 0.001324256 0.0002540906 0.0008957728 2.4709374e-05 0.00013594875 5.7351e-05 1.8730025e-05 1.9721112e-06 0.059949238 0.00038372813 5.4037464e-06 0.0015810095 1.7614715e-06
0.96456426 0.05958786 0.021979427 0.0015587901 0.14717342 0.23564409 0.23949303 0.59872043 3.342002e-05 0.36634177 3.286424e-23 0.043188207 0.06922947 0.0067621875 0.044602565 0.003367769 1.636805e-06 0.081353806 0.25212646 0.02302568 2.8923732e-06 0.3900934 0.07483262 0.27271992 0.10049387 0.007310427 0.056911282 0.17787217 7.67007e-06 0.15745384 0.13488623 0.031608604 0.059906658 6.367112e-07 4.736686e-06 0.07718472 0.00026810763 0.14355315 0.0995024 0.010200135 0.015810268 0.022132402 0.011844811 0.07236141 0.07883463 0.003267793 0.0069047823 4.878158e-07 0.0060329544 0.050381977 0.0059586093 0.0059788306 0.022358913 0.052139357 0.008056549 0.032829124 0.053284395 0.01698454 0.042122263 0.01675156 2.5111907e-08 0.0030896307 0.0048273946 0.004941319 0.014010688 0.026671913 0.007330753 0.0041891485 8.437712e-08 0.00011911702 0.000101936435 0.0029671304 0.00021729563 0.007350214 0.00020158118 0.0013189397 0.00018562755 0.015033933 0.00044016974 4.45074e-06 4.9094178e-09 0.0005259618 0.0013311835 0.00074828777 6.5725246e-08 0.0003847026 0.004255669 1.3595237e-08 0.000469481 0.003640362 0.0013894073 0.0003120463 1.0087511e-05 0.0005130121 9.049918e-06 7.0941745e-08 0.12435351 0.0008420647 2.491006e-05 3.3835833e-05 4.0644416e-05
0.5082062 0.3221379 0.094339624 0.085387416 0.5164994 0.18967907 0.20255394 0.08760306 0.01847467 0.23557793 0.043188207 9.89618e-22 0.7690517 0.36467808 0.6698106 0.20695442 0.004747658 0.09424391 0.07289769 0.57146144 0.004708185 0.027398933 0.39693895 0.0006721359 0.101957925 0.30709305 0.00079765427 0.028191106 0.004456332 0.0030127238 0.007963219 0.000108377666 0.064974844 0.00047056127 0.0045542647 0.000110063476 0.040418893 0.018100608 0.0033705835 0.1917406 0.00011779036 0.012957305 0.00011708445 0.018639684 0.012463319 0.11955171 0.00012009914 0.00045016585 0.062642775 0.002761715 0.03654214 0.035894606 9.7927215e-05 0.0043056738 0.0024182096 0.060722068 0.0064480826 4.7760102e-05 0.01017145 0.00012578734 0.00013988056 0.022334266 0.023849826 8.2724875e-07 4.091127e-05 0.0005306327 0.009356872 0.01433905 3.821501e-05 0.010756284 0.007329543 7.1612635e-07 0.0021269533 0.0068426514 0.0010773345 0.002008226 0.008257804 0.0002356152 1.4256501e-07 0.0004311844 1.7595474e-06 1.6836409e-06 2.144359e-05 2.8333936e-06 1.4982141e-06 4.515878e-06 3.248045e-05 8.33071e-07 0.00057601696 2.8746897e-05 0.00023624364 1.8176742e-06 0.0025610728 1.1158108e-05 0.00033020636 0.0022399598 0.0044932673 7.342577e-05 1.9850725e-06 0.018609468 1.4300804e-06
0.5990972 0.30839032 0.085712686 0.04685204 0.56060034 0.25340006 0.28750196 0.1312561 0.009907944 0.36711887 0.06922947 0.7690517 1.0548659e-22 0.24449515 0.6587801 0.1142978 0.0030579965 0.0954512 0.14836927 0.5213585 0.0018183376 0.045383636 0.4944458 0.0040247706 0.19946851 0.2551903 0.0015589196 0.05584446 0.0022187482 0.005283223 0.014672863 0.00024684443 0.12659927 0.000388239 0.0030688606 0.000455517 0.030433571 0.039711054 0.0063098776 0.16280833 0.00028704945 0.012861553 0.00030837877 0.019297354 0.011986594 0.09583571 0.00034058894 0.00027833728 0.07246988 0.0076740175 0.0461877 0.04420269 0.00032288826 0.0105699655 0.0026224183 0.0891441 0.013955427 0.00017487073 0.020425443 0.0003344376 3.0630286e-05 0.029816484 0.033945575 2.344785e-06 0.00014171003 0.0019085215 0.01945954 0.025793096 1.6294218e-05 0.010715054 0.008078302 2.6049502e-06 0.004493848 0.009596264 0.002190814 0.004390309 0.008943077 0.0006517023 2.8376945e-07 0.00029219137 1.0353438e-06 4.1533244e-06 6.7006775e-05 1.1572064e-05 7.84332e-07 1.1358516e-05 9.789883e-05 2.408761e-07 0.0008034758 7.952631e-05 0.00033738735 5.2292316e-06 0.0018960626 2.9523992e-05 0.00036430568 0.00048767673 0.009937719 0.0001631038 3.421276e-06 0.014791718 5.04614e-06
0.37731585 0.33471984 0.14339867 0.454783 0.22129774 0.082387626 0.07707486 0.026635205 0.09591589 0.04316069 0.0067621875 0.36467808 0.24449515 1.6871658e-19 0.32122007 0.78718466 0.06389818 0.13384834 0.009125075 0.4728614 0.20338836 0.015847472 0.102624446 0.00014652131 0.017879587 0.45471597 0.00016924035 0.004538426 0.22003894 0.00030908655 0.0010434265 1.2179018e-05 0.018649975 0.046754725 0.034751654 2.2032687e-05 0.34663233 0.0031766477 0.0004638497 0.0988543 1.1168871e-05 0.022781672 8.687499e-06 0.019998066 0.011540748 0.1843335 1.4895059e-05 0.008987319 0.04514834 0.000343809 0.017597709 0.015670424 0.00014643304 0.0005706504 0.004560902 0.022149364 0.0016334992 7.50197e-05 0.0036536048 0.00020566642 0.0023738425 0.01161575 0.008862272 1.3435298e-06 1.1269348e-05 0.0010354788 0.0062575857 0.00894905 0.006304984 0.03183846 0.018665535 5.8108967e-06 0.0026563613 0.015046448 0.0019534612 0.0054484466 0.012593708 0.00023950804 1.1251775e-06 0.007419097 0.0002604374 4.7210484e-05 0.00026285803 5.4855598e-05 0.00036979446 0.00012577162 0.0001334447 0.00013059222 0.0014186038 7.829449e-05 0.0022425023 9.510967e-05 0.007033987 0.0002595465 0.0029587226 0.014062849 0.007720112 0.0018962407 3.598963e-05 0.033215 0.000108747896
0.24169174 0.19396545 0.044375725 0.026419468 0.37928456 0.13954133 0.15869524 0.07754747 0.009007943 0.19680704 0.044602565 0.6698106 0.6587801 0.32122007 1.838967e-21 0.14648394 0.0021609454 0.0395517 0.10526015 0.70739937 0.0037057647 0.018322654 0.5129273 0.0017263906 0.12697221 0.42078185 0.0011608884 0.036920685 0.0021354498 0.0059043933 0.013120072 0.00022189479 0.09276041 0.00034718012 0.0025636423 0.00022776448 0.026739255 0.02750373 0.0068783546 0.31034273 0.0002455634 0.006316314 0.00032156258 0.011278536 0.0075867213 0.1441061 0.00032508728 0.00022579318 0.07643238 0.003728182 0.039639816 0.03878692 0.00047164672 0.0050444514 0.0016882686 0.07490022 0.00677252 0.0002395046 0.010283176 0.00042973092 7.922624e-05 0.021549301 0.020786656 9.121341e-06 0.00016263411 0.0007172335 0.008438944 0.013174527 3.7629034e-05 0.010853572 0.008022239 1.4705461e-05 0.003390189 0.0070623313 0.001218914 0.002111716 0.009975149 0.0010156642 4.954335e-07 0.00033227447 5.477191e-07 2.8634702e-06 2.577841e-05 3.509334e-06 1.2302578e-06 3.4426027e-06 7.525416e-05 1.8323173e-07 0.00031378935 0.00016593782 0.00018504482 1.3608493e-06 0.0016849278 1.3138364e-05 0.0005004968 0.0006122215 0.007252955 6.38611e-05 1.6716928e-06 0.015331811 8.387957e-07
0.15294488 0.22709118 0.09096816 0.42377797 0.14677393 0.05581504 0.055061065 0.019109562 0.110058315 0.02845456 0.003367769 0.20695442 0.1142978 0.78718466 0.14648394 3.5537633e-19 0.09942255 0.043150935 0.006646666 0.29830495 0.35215756 0.012994541 0.034196112 3.1067306e-05 0.0058573526 0.39877942 8.21317e-05 0.0021021843 0.39813882 0.0002493605 0.00065167644 2.813806e-06 0.0048551816 0.1328431 0.028275989 1.2070867e-05 0.50468504 0.0015064854 0.00028176032 0.042504527 4.085631e-06 0.0069992165 3.6744968e-06 0.008544232 0.0057995287 0.18274339 5.635413e-06 0.020003265 0.014198883 0.00014476225 0.0054842317 0.004868115 0.00011044211 0.00018141986 0.0023858612 0.008200785 0.00046385344 8.214972e-05 0.0010308946 0.00016822864 0.0052875937 0.0032173453 0.0028589407 3.2170672e-06 1.6454671e-05 0.0003162658 0.002566557 0.0025593454 0.007128387 0.030229878 0.014839608 1.0366989e-05 0.0006096793 0.009422437 0.00072423654 0.0027068232 0.007278659 0.00030025913 1.9386337e-06 0.025628472 0.00022534055 2.0677475e-05 0.00012902303 3.4412027e-05 0.00042329013 2.519235e-05 7.6645236e-05 5.0213235e-05 0.00070274516 9.5617324e-05 0.0014128677 9.132509e-06 0.0040397327 0.00014148599 0.0035230292 0.009762036 0.0073181097 0.0011294247 1.0833244e-05 0.027025161 1.3423124e-05
0.7409883 0.038752705 0.07302826 0.47040406 0.0021106026 0.00038374076 0.00022252354 2.236252e-05 0.65121084 3.8933777e-05 1.636805e-06 0.004747658 0.0030579965 0.06389818 0.0021609454 0.09942255 1.3737581e-16 0.046851456 7.24374e-06 0.0049195746 0.47063845 0.00033658967 0.0012427754 3.3547013e-07 3.0061427e-05 0.007151859 2.6181073e-08 3.683851e-06 0.17438821 4.268782e-07 7.148189e-07 1.621993e-08 3.7416867e-05 0.64501613 0.7131337 1.3368471e-07 0.048000213 2.6307368e-06 5.269493e-07 0.0020779253 1.44374255e-08 0.051173095 3.4000571e-09 0.008472592 0.0056325924 0.0046666367 1.747691e-09 0.49943918 0.002916492 6.910782e-07 0.00089774886 0.00068253797 1.363742e-07 1.2290499e-06 0.012676036 0.00044462137 3.4177704e-06 1.4328059e-07 1.0792604e-05 1.3944323e-07 0.21167476 0.00024607655 0.00022042156 8.086602e-10 3.431394e-09 3.2468506e-06 0.0001832369 0.00022727324 0.07773513 0.0011794902 0.000897736 1.0637589e-09 2.279332e-05 0.0003884714 2.2095202e-05 4.2702522e-05 6.357368e-05 2.9959193e-09 4.6502286e-08 0.0011465186 0.05749573 2.9133363e-07 1.7834559e-06 3.6207854e-07 0.0045624897 3.7518524e-07 6.250577e-08 0.023956211 0.0016970298 2.1308376e-08 4.727108e-05 1.7905582e-07 0.0114483815 3.5968476e-06 3.9836774e-05 0.07066248 0.0010200762 2.4920586e-05 4.5179303e-07 0.041300926 3.1915096e-07
0.9588109 0.43238544 0.49691772 0.2811183 0.2960905 0.21796203 0.16550905 0.20136477 0.23297444 0.114497334 0.081353806 0.09424391 0.0954512 0.13384834 0.0395517 0.043150935 0.046851456 4.998558e-16 0.06277491 0.017310092 0.02962298 0.21497093 0.028725449 0.0011316646 0.013855708 0.0072092097 0.0002999755 0.009993673 0.005187865 0.0044168816 0.0051903315 0.00010123995 0.007432549 0.004091882 0.021590004 0.00046661668 0.008807611 0.0032549025 0.0016663049 0.0032920376 3.750332e-05 0.57980114 2.8221331e-05 0.49664938 0.4073835 0.006774141 1.7758737e-05 0.002225953 0.0035050292 0.00037676917 0.0022126108 0.0020127431 8.775351e-05 0.0005864507 0.29450622 0.0029169756 0.00085877033 6.451357e-05 0.0012080814 8.88656e-05 0.00080507225 0.0023870969 0.0025926202 2.5923591e-05 7.010119e-05 0.00043805785 0.0023079284 0.0032251407 0.00025110497 0.004488096 0.004466852 1.8335028e-05 0.002229467 0.0019086279 0.002232038 0.002877935 0.0020567733 2.3408937e-05 7.501422e-06 0.0003112803 5.553812e-05 1.15417315e-05 0.00013852041 2.3676743e-05 9.061582e-05 1.3682612e-05 0.00010667646 6.123957e-05 0.13928702 5.8974678e-05 0.0013396282 1.6699678e-05 0.002981583 0.00022254625 0.0012812462 0.0003093287 0.09678543 0.00092158007 2.5690571e-05 0.0018457485 9.099109e-06
0.8255065 0.060720153 0.03644814 0.0030755159 0.1517638 0.14516571 0.16692199 0.15847558 0.00026498534 0.5247448 0.25212646 0.07289769 0.14836927 0.009125075 0.10526015 0.006646666 7.24374e-06 0.06277491 1.4112212e-23 0.07115205 2.2626134e-06 0.122909784 0.36480102 0.06640897 0.5482886 0.032184172 0.01369757 0.50623375 5.8148216e-06 0.20316261 0.2810822 0.005663816 0.33942604 5.052836e-07 5.7567562e-05 0.02151939 0.0020154812 0.40932736 0.13417892 0.05243071 0.003595186 0.009059474 0.0031192293 0.019196296 0.01940322 0.021983169 0.002258219 1.2462468e-06 0.0316341 0.08251517 0.034632325 0.036806192 0.0076330807 0.08306097 0.0024220238 0.12318352 0.08398767 0.0036186127 0.08857204 0.007495931 8.989901e-08 0.022805292 0.040106665 0.00019928209 0.0027247989 0.025451517 0.040323164 0.039323404 1.759387e-07 0.0002723918 0.00032929718 0.00020470095 0.0043010586 0.026762342 0.0044179116 0.012433681 0.0018344395 0.0042264154 1.4448425e-05 1.0907366e-05 2.8013448e-08 4.4585377e-05 0.00088294933 0.00011912883 5.66465e-08 4.594394e-05 0.0004870481 9.499897e-09 0.0010656182 0.0002617778 0.0014743044 1.710193e-05 0.00013801841 0.00013618259 2.7112123e-05 7.1636674e-07 0.021343231 0.00054664956 4.8923143e-06 0.0010945497 1.9941724e-06
0.12549342 0.21938026 0.034277987 0.05093953 0.30859938 0.10438809 0.11356302 0.05514597 0.012558069 0.16126372 0.02302568 0.57146144 0.5213585 0.4728614 0.70739937 0.29830495 0.0049195746 0.017310092 0.07115205 4.3723355e-20 0.011176293 0.01224551 0.52417034 0.0008444375 0.0974721 0.6995474 0.00061265106 0.024886714 0.003912551 0.0058171963 0.012142939 7.5236145e-05 0.08239804 0.002045276 0.0027019794 0.0001882148 0.043272175 0.02185491 0.006650293 0.5690236 8.7532775e-05 0.003398873 8.790345e-05 0.005988532 0.0047523556 0.37480965 0.00013715567 0.00040444089 0.16819246 0.0023166612 0.03697159 0.03181655 0.0006616583 0.0025192327 0.0011629489 0.05240802 0.003891561 0.00030579252 0.0062467223 0.00058786455 0.00019865403 0.01735007 0.011452357 1.0625617e-05 0.0001325582 0.0006074884 0.004517429 0.007919217 0.00018990242 0.023248045 0.016894966 2.069833e-05 0.0034009984 0.0073116748 0.0009411957 0.002384792 0.022390824 0.0010311472 1.7204306e-06 0.0007589673 1.5641875e-06 6.470479e-06 3.7372432e-05 6.9141283e-06 4.2965607e-06 5.3705066e-06 8.971475e-05 8.069274e-07 0.00023118009 0.00027281427 0.00035480704 1.5909228e-06 0.0021413886 2.0594327e-05 0.0020635203 0.001393654 0.00975581 0.00016748186 2.6468933e-06 0.020038493 6.6589706e-07
0.31939906 0.07269152 0.03846927 0.4725677 0.0054255696 0.0014896516 0.0012441166 0.000114848845 0.18546031 0.00016120158 2.8923732e-06 0.004708185 0.0018183376 0.20338836 0.0037057647 0.35215756 0.47063845 0.02962298 2.2626134e-06 0.011176293 1.1121318e-20 0.0010173011 0.0015801729 4.5838766e-07 3.2513857e-05 0.01863908 6.41828e-07 2.6690425e-06 0.71355987 1.893054e-07 4.074691e-07 4.5030404e-08 6.017233e-05 0.63576114 0.20584655 1.5583977e-07 0.17244162 4.199666e-06 3.0240187e-07 0.0050697518 6.10612e-08 0.010738598 2.6281539e-08 0.002862165 0.0030534053 0.015769858 3.1556436e-08 0.18590033 0.0029466397 1.0449878e-06 0.0011498139 0.0010641528 2.577e-07 1.496576e-06 0.0009973526 0.0014744921 8.1860935e-06 1.4119598e-07 4.764628e-05 5.958688e-07 0.03089735 0.0006289544 0.0005980528 4.9498765e-09 1.9177513e-08 1.7417993e-05 0.00046090563 0.00070358877 0.12507363 0.004713529 0.0020788559 9.06127e-09 0.000108377666 0.0006265038 0.00022411723 0.00044359264 0.00079129176 6.124628e-07 2.232873e-08 0.022616293 0.01232605 3.97609e-07 1.3538811e-06 2.15738e-07 0.01838125 5.5578437e-07 1.654462e-06 0.0014760327 0.00021520979 9.163108e-07 6.158165e-05 3.451118e-07 0.00585183 3.5397359e-06 0.00030204986 0.027071748 0.00037433484 3.0561223e-05 4.4445068e-07 0.034879968 2.2995093e-06
0.9941656 0.089809924 0.05900187 0.007915001 0.12744735 0.23300718 0.21063869 0.38800502 0.003054352 0.17305683 0.3900934 0.027398933 0.045383636 0.015847472 0.018322654 0.012994541 0.00033658967 0.21497093 0.122909784 0.01224551 0.0010173011 4.2993322e-19 0.026199792 0.1534876 0.027086914 0.006998376 0.1364089 0.041985475 0.00071263476 0.08456054 0.050803673 0.051577132 0.018783933 0.0001932459 0.00047005806 0.05619126 0.0070130043 0.020428991 0.035928205 0.005186143 0.024793185 0.04953921 0.033113666 0.16249171 0.2111972 0.006744324 0.019760758 3.173064e-05 0.0049632164 0.011379669 0.0044360617 0.00445524 0.011263854 0.010685584 0.07791696 0.009733464 0.009829484 0.011203779 0.007413735 0.008812169 4.0061914e-06 0.0027170905 0.0039982074 0.014707341 0.017659416 0.0073101856 0.0054455632 0.0047561573 2.6414906e-05 0.0018167931 0.001740173 0.0076899626 0.0010546045 0.0067942203 0.0013885761 0.003430369 0.0009652892 0.0100615425 0.0019309595 4.4005177e-05 7.471467e-07 0.0008066743 0.004351655 0.0015772107 9.00692e-06 0.0006889758 0.0126830125 4.832025e-08 0.1285247 0.01415763 0.0030524377 0.0006674093 0.0012038747 0.001837394 0.00024282797 1.2118037e-06 0.2658939 0.002832424 0.00045503784 0.00043055258 0.00036733825
0.24311113 0.16594914 0.03156083 0.019375948 0.33656377 0.18083188 0.2152324 0.11509935 0.004654192 0.40963104 0.07483262 0.39693895 0.4944458 0.102624446 0.5129273 0.034196112 0.0012427754 0.028725449 0.36480102 0.52417034 0.0015801729 0.026199792 3.1435963e-21 0.006872912 0.60839313 0.2281047 0.0017305379 0.22446527 0.0006764132 0.034230396 0.07540824 0.00057539303 0.5776215 0.00025517392 0.00070023275 0.0020156389 0.01337207 0.18054044 0.02807309 0.41108465 0.00058336405 0.00451381 0.0009190361 0.011034167 0.008815055 0.07321028 0.0008411537 4.6864312e-05 0.13219501 0.027258813 0.11824143 0.11671995 0.0027771338 0.044231802 0.0014893186 0.2870671 0.06008417 0.0015141915 0.07977781 0.002541163 1.1591835e-05 0.054903977 0.06816617 0.00016113857 0.00060997537 0.0048851063 0.038945362 0.04540139 1.5308053e-05 0.0061924234 0.0060031596 8.832798e-05 0.010570327 0.018481145 0.0059761996 0.009552063 0.01049226 0.0033898428 8.07271e-06 0.00013986096 2.320642e-07 1.8400733e-05 0.00020607874 3.504486e-05 8.04395e-07 2.4501283e-05 0.000396104 1.1322619e-07 0.0004621946 0.0005614032 0.00024875154 8.658459e-06 0.0012473871 4.3287833e-05 0.00033106148 0.00025921554 0.011705921 9.236711e-05 6.2884847e-06 0.01124053 4.527232e-06
0.86012286 0.0008260671 0.00042332505 7.54909e-06 0.0030858237 0.01599957 0.018683683 0.07362753 1.3095088e-06 0.055058647 0.27271992 0.0006721359 0.0040247706 0.00014652131 0.0017263906 3.1067306e-05 3.3547013e-07 0.0011316646 0.06640897 0.0008444375 4.5838766e-07 0.1534876 0.006872912 9.070484e-21 0.018021468 0.00044500318 0.2268906 0.060549628 7.3994775e-06 0.1925444 0.10490387 0.71336186 0.016074367 1.8138498e-07 3.6163198e-07 0.67699784 0.00014322178 0.06641812 0.14426668 0.0010414511 0.3986573 0.00047752546 0.09580098 0.0026363153 0.006078083 0.00030843375 0.037368406 2.6929854e-07 0.00068457413 0.06209735 0.0010094595 0.0011261716 0.08095158 0.044005424 8.155653e-05 0.010704972 0.03315521 0.075054914 0.020495268 0.05188216 1.3155615e-07 0.0005491949 0.0011360471 0.01309039 0.017883187 0.04308227 0.0074742273 0.0021827533 6.2361e-07 4.863233e-05 5.5563123e-05 0.0062245466 0.00015026386 0.013309912 0.0001795929 0.00097424904 4.4330016e-05 0.005638438 0.0042151506 2.3596867e-06 9.8412684e-08 0.0029311937 0.0140036745 0.0052521895 3.7937363e-07 0.002031868 0.0027617915 3.9865847e-07 0.0002133211 0.0019796477 0.0078992825 0.0018123321 9.492558e-06 0.005689859 7.11651e-06 7.3073025e-08 0.028225364 0.0037269485 0.00060214236 1.6577804e-06 0.00057178375
0.31497627 0.06121994 0.010982484 0.0016201698 0.1945525 0.12793544 0.15965389 0.10970344 0.00029753326 0.40038118 0.10049387 0.101957925 0.19946851 0.017879587 0.12697221 0.0058573526 3.0061427e-05 0.013855708 0.5482886 0.0974721 3.2513857e-05 0.027086914 0.60839313 0.018021468 1.3532247e-22 0.033505347 0.0033503564 0.5011212 1.372819e-05 0.12200652 0.20121206 0.0013678824 0.6674105 4.408892e-06 9.318748e-05 0.0053464356 0.002663098 0.44024011 0.09716981 0.118854046 0.0014449176 0.002217203 0.0016578392 0.0058113155 0.0055448813 0.0221235 0.0015874485 2.9403038e-06 0.033623606 0.057036508 0.050275747 0.05453679 0.0049061393 0.08728177 0.00060817186 0.29167253 0.12859523 0.0024066684 0.17363392 0.0036725092 1.1522271e-06 0.03197981 0.05825293 0.00035173667 0.0013054939 0.00874177 0.059275262 0.062341537 1.3675143e-06 0.0020673473 0.001952501 0.00017937878 0.009559827 0.03195648 0.008984083 0.016179224 0.0047309236 0.0035000374 8.7065255e-06 4.740032e-05 4.174095e-08 2.3173689e-05 0.00026498383 6.651411e-05 2.2468015e-07 2.9837587e-05 0.0005073793 2.0182142e-08 0.00048293744 0.0004665833 0.0005218207 8.185719e-06 0.00044551125 3.7383983e-05 0.00012866178 7.638404e-06 0.0063689593 0.0001932588 5.557009e-06 0.0017571831 2.1446133e-06
0.04233177 0.15404187 0.016833724 0.060660847 0.17780049 0.05337948 0.056658544 0.02022285 0.011609128 0.0728006 0.007310427 0.30709305 0.2551903 0.45471597 0.42078185 0.39877942 0.007151859 0.0072092097 0.032184172 0.6995474 0.01863908 0.006998376 0.2281047 0.00044500318 0.033505347 2.1314285e-18 0.00033426922 0.014457696 0.008948576 0.0043567605 0.0077675763 5.3594737e-05 0.026702102 0.0077131283 0.0030285157 0.0001403401 0.20846334 0.009876274 0.004272452 0.64936495 5.0175753e-05 0.0020600671 6.356913e-05 0.0043549635 0.0039474815 0.63566077 9.781689e-05 0.00075737416 0.31044328 0.0024249288 0.039758682 0.035458565 0.0009407887 0.00236828 0.0006215059 0.032551214 0.0025745023 0.00051947456 0.0031830873 0.0009303866 0.00028929085 0.013491118 0.011739483 4.4571432e-05 0.00012427635 0.0010859318 0.0054757786 0.007215755 0.0005756979 0.07046401 0.046159483 7.156969e-05 0.0045800214 0.010206908 0.0018126995 0.0037489575 0.048578117 0.00059001433 6.6676353e-06 0.0059902226 1.0138406e-05 2.5296908e-05 0.0003537659 0.00012531868 1.9407487e-05 2.3512956e-05 0.0002510549 1.2010388e-05 0.00016719558 0.0005217598 0.002585816 8.356463e-06 0.002885323 0.0003625011 0.0084671555 0.002484046 0.0062266695 0.0014807489 1.2239611e-05 0.028740957 6.731745e-06
0.9858848 0.00040076094 7.612264e-05 1.7807181e-06 0.0020512962 0.0020865214 0.0021460888 0.015772168 4.3780804e-07 0.00827469 0.056911282 0.00079765427 0.0015589196 0.00016924035 0.0011608884 8.21317e-05 2.6181073e-08 0.0002999755 0.01369757 0.00061265106 6.41828e-07 0.1364089 0.0017305379 0.2268906 0.0033503564 0.00033426922 2.925474e-21 0.0111922445 7.2966136e-06 0.04973782 0.024906185 0.67594284 0.0024705005 2.309424e-07 2.213824e-08 0.09613379 9.411301e-05 0.009107651 0.036688905 0.00030435674 0.27436256 9.408026e-05 0.7657594 0.00081332336 0.00077546085 0.00033053305 0.3988107 7.741565e-08 0.0002871477 0.008393539 0.0003315743 0.00031415105 0.03120335 0.0049042962 0.00012655344 0.00074831024 0.0037343681 0.0371458 0.0020188468 0.012918987 1.5787604e-08 0.00023574602 0.0003339133 0.038234733 0.035617605 0.00418799 0.0007876857 0.00064299116 3.749942e-07 0.00018689192 0.0001351 0.023195012 9.962827e-05 0.0018186393 0.00015484594 0.0008075495 2.8844855e-05 0.0020881488 0.011301745 4.2463507e-06 3.3901575e-08 0.0048678876 0.0055622216 0.0037255574 3.71435e-07 0.0028916658 0.0062866504 1.5349041e-09 0.00074207346 0.0031202051 0.0012608087 0.0015302632 1.3105434e-06 0.0016473333 2.7299266e-05 3.78448e-10 0.022878554 0.0011117655 0.00066728384 5.0676483e-08 0.00026943334
0.53905463 0.025273308 0.0049438807 0.00036413185 0.070253864 0.08276291 0.09306946 0.12691538 3.9617786e-05 0.27852058 0.17787217 0.028191106 0.05584446 0.004538426 0.036920685 0.0021021843 3.683851e-06 0.009993673 0.50623375 0.024886714 2.6690425e-06 0.041985475 0.22446527 0.060549628 0.5011212 0.014457696 0.0111922445 1.5057484e-23 5.532642e-06 0.42820486 0.5454754 0.0064048045 0.4302704 3.0580637e-07 1.2583885e-05 0.028754571 0.0012351789 0.5905337 0.3942392 0.034021437 0.005768465 0.0016199689 0.003386279 0.004004645 0.0041091708 0.012958114 0.0028698745 1.0411908e-06 0.020568674 0.21158724 0.026950251 0.029468726 0.033705615 0.21391258 0.00040302204 0.17896678 0.18951544 0.018938025 0.16874366 0.02654946 2.4924745e-07 0.021197818 0.04183113 0.0008502317 0.003337328 0.047004785 0.05942459 0.053920146 3.778002e-07 0.0006109502 0.00055274455 0.00080751826 0.005568248 0.04654224 0.006889387 0.02251306 0.0017006403 0.0049978066 8.532172e-05 1.5797885e-05 9.2800484e-08 0.00016924922 0.003009526 0.00044905234 1.2293599e-07 0.00015534424 0.0010860938 3.9607886e-09 0.0007954972 0.00092335977 0.0050208257 7.239034e-05 0.00011416078 0.0006152709 6.128181e-05 4.2565497e-07 0.01529722 0.0025400256 3.1400235e-05 0.0004923733 1.0287413e-05
0.08371305 0.028459644 0.008463168 0.27145946 0.004849483 0.0014067407 0.0011820932 9.748982e-05 0.04753669 0.00013930706 7.67007e-06 0.004456332 0.0022187482 0.22003894 0.0021354498 0.39813882 0.17438821 0.005187865 5.8148216e-06 0.003912551 0.71355987 0.00071263476 0.0006764132 7.3994775e-06 1.372819e-05 0.008948576 7.2966136e-06 5.532642e-06 3.3841222e-20 9.735946e-07 3.4779584e-06 1.1364165e-06 1.8022525e-05 0.687326 0.03630148 2.8348447e-06 0.39178059 5.73501e-06 2.1525902e-06 0.0016543469 1.31948e-06 0.0016718116 1.1564457e-06 0.0010462549 0.00091684284 0.0068033463 9.3061993e-07 0.028651126 0.0009930731 1.3083804e-06 0.00019271365 0.00016177357 1.0823193e-06 1.5275788e-06 0.00023802818 0.00047936814 4.9638147e-06 7.8132774e-07 1.2374137e-05 1.8793195e-06 0.008688084 0.00016359374 0.00024125671 1.8425183e-08 1.3190439e-07 1.7162609e-05 0.0006083403 0.000684835 0.2913746 0.0107273385 0.0026651258 3.4618463e-08 0.00017427621 0.001999056 0.00033878442 0.0016186208 0.0005344636 1.4684067e-06 3.236164e-08 0.15771796 0.013314976 1.7211585e-07 9.811525e-06 4.899782e-07 0.086349376 1.8998979e-07 1.6134647e-06 0.00042274853 6.261827e-05 3.4096056e-06 0.00046292934 1.4508792e-07 0.003373555 9.001397e-06 0.001141327 0.0036462964 0.000114222734 0.00026295506 1.7747374e-07 0.014249667 2.2388917e-07
0.87112474 0.0014890629 0.00048879976 1.7130822e-05 0.007398808 0.015735554 0.019127056 0.05899281 2.9613761e-06 0.07779441 0.15745384 0.0030127238 0.005283223 0.00030908655 0.0059043933 0.0002493605 4.268782e-07 0.0044168816 0.20316261 0.0058171963 1.893054e-07 0.08456054 0.034230396 0.1925444 0.12200652 0.0043567605 0.04973782 0.42820486 9.735946e-07 1.6044093e-22 0.6443433 0.033713024 0.075609416 4.59749e-08 6.742941e-07 0.1588186 0.0006503317 0.49036026 0.5831238 0.008540118 0.04037721 0.0007183983 0.021685325 0.0019851334 0.0028469611 0.0055611157 0.012985515 1.1666662e-07 0.008370502 0.2701077 0.008617973 0.009035004 0.11907505 0.21483678 0.00015347559 0.051418852 0.14682698 0.089660525 0.073744535 0.09040404 8.900194e-08 0.007321481 0.012184788 0.004020819 0.009618093 0.076880045 0.024226861 0.016840877 1.1561452e-07 0.00020689932 0.0002018224 0.003304902 0.0007562172 0.045162875 0.0012117327 0.008337399 0.00041437676 0.007636056 0.00061944313 2.1134554e-06 1.1512999e-08 0.0007750797 0.009531088 0.0026932156 3.6258182e-08 0.00070171885 0.002473747 1.763728e-09 0.0008709972 0.0018366188 0.014614224 0.00065756135 7.019344e-05 0.004161496 8.908228e-06 1.7774306e-07 0.024849072 0.008836679 0.00020160734 0.00019737953 0.00020598817
0.77773345 0.0039412826 0.0011980189 3.6542093e-05 0.014796853 0.029418869 0.0341084 0.07587576 5.7161715e-06 0.11015148 0.13488623 0.007963219 0.014672863 0.0010434265 0.013120072 0.00065167644 7.148189e-07 0.0051903315 0.2810822 0.012142939 4.074691e-07 0.050803673 0.07540824 0.10490387 0.20121206 0.0077675763 0.024906185 0.5454754 3.4779584e-06 0.6443433 3.879983e-23 0.014600364 0.16002037 9.0879986e-08 2.0112032e-06 0.07580668 0.0010937952 0.566438 0.58942944 0.01695472 0.016923396 0.0009331923 0.008147981 0.002339392 0.0026297353 0.0097898 0.0051555987 2.2939861e-07 0.0129230665 0.29619026 0.016264427 0.017196452 0.099835195 0.25808358 0.00017256266 0.08171731 0.19640264 0.06255259 0.11971886 0.07580325 1.7416097e-07 0.013746393 0.02312626 0.0015922306 0.0046511567 0.0849149 0.04314343 0.031472698 2.7794084e-07 0.00034047532 0.00030127278 0.0013808482 0.0020428032 0.06507682 0.002995274 0.0154438475 0.00066927425 0.005229912 0.0003688166 4.5993233e-06 4.55772e-08 0.00049468497 0.009543426 0.0016421243 7.1687005e-08 0.0004744632 0.0014268274 3.7997796e-09 0.0008863159 0.0011612405 0.016220553 0.00040859915 8.762908e-05 0.003316244 2.4498362e-05 2.3630524e-07 0.019078026 0.009634682 0.00014642927 0.0002634297 8.5292675e-05
