1.6520113e-18 0.9180653 0.96863127 0.82264537 0.8808682 0.9610752 0.922915 0.9653705 0.9880628 0.8536164 0.82544124 0.8267421 0.5382773 0.85069376 0.85819626 0.97792315 0.9913702 0.9902513 0.94122475 0.8687085 0.99828845 0.5685979 0.87134355 0.88847125 0.9571497 0.92367536 0.7527122 0.9669279 0.9139189 0.9021729 0.7031284 0.8987227 0.7212503 0.55313754 0.9259116 0.6172879 0.95053077 0.924635 0.7947545 0.9687231 0.8698169 0.92854303 0.8461764 0.9360752 0.9283715 0.9704272 0.45219427 0.0066216467 0.10779 0.92220527 0.021554744 0.8438987 0.07205933 0.43755904 0.19492356 0.42776543 0.87390924 0.94477415 0.9161667 0.009393924 0.95211345 0.5546397 0.97398806 0.91439515 0.4419696 0.91953415 0.80625224 0.7616948 0.31630632 0.89221185 0.8515931 0.1253343 0.00010102516 0.9827677 0.001228767 0.8730744 0.9147405 0.16653557 0.9952414 1.2440754e-05 0.10770112 0.8428664 0.6768002 0.9750643 0.99866337 0.939213 0.048277628 0.9999964 0.00389805 0.27021006 0.05554291 0.20543146 3.34662e-05 0.6228731 0.01261268 0.99939513 0.09422503 0.9905285 0.9984794 0.01241917 0.0021107604
0.9180653 4.5325787e-16 0.9871407 0.8045645 0.66325384 0.95795196 0.7470348 0.91764325 0.02268134 0.08874156 0.72535115 0.10559771 0.46981266 0.24637383 0.4197691 0.09115594 0.21792494 0.04393683 0.12668286 0.2495497 0.042386834 0.13851756 0.16454089 0.011452625 0.2507944 0.04959577 0.03608917 0.00015368986 0.032694202 0.00014583836 0.007187187 0.021213885 0.118916094 0.0045852195 0.005349445 0.0004928459 0.021965614 0.28639883 0.0029885531 1.6478165e-05 0.0057237134 4.670409e-05 0.004642591 0.00201978 0.00022485903 0.00565969 0.008622668 0.0003724749 0.006199768 0.011223087 4.553982e-05 0.000114316674 0.0012743374 0.014569263 0.02754927 0.00032220723 0.00031269807 0.001372073 0.0015648181 0.0032223137 0.0004327822 0.0014462273 2.715102e-06 0.0020598483 0.0065316977 0.0018035664 0.0027699023 0.00092053483 8.444349e-05 0.00054140383 7.768409e-05 3.0983454e-05 1.877826e-07 0.0053935014 9.845638e-07 0.00014796626 3.616475e-05 5.653837e-07 0.0028713006 8.3136335e-08 5.2123647e-05 5.798328e-05 5.162826e-06 2.4840374e-06 0.001139672 0.00028096262 3.0404194e-06 0.005569329 4.7735175e-06 0.0001604164 3.841222e-08 6.9969276e-05 2.744847e-08 2.1734245e-06 1.3688002e-07 0.008945248 1.37105e-05 0.00071770774 0.0034938026 1.330069e-07 1.0029496e-05
0.96863127 0.9871407 2.274566e-14 0.97325784 0.56633836 0.6951431 0.32249168 0.86765444 0.05581907 0.25700888 0.43631306 0.07969027 0.10179159 0.118845746 0.057168756 0.36596724 0.075717814 0.23375463 0.015828002 0.18167655 0.25410643 0.010139006 0.11626385 0.011031421 0.3016319 0.07514796 0.001382794 0.00021029364 0.020093922 0.0003622711 0.0005810169 0.12724005 0.15669559 0.0027357854 0.018142456 2.1602353e-05 0.07567675 0.55029637 0.003970937 6.745662e-05 0.0038155487 0.0068933563 0.0027438593 0.0026926636 0.0006238765 0.010314325 0.06038505 0.00024563857 0.03070481 0.05360086 1.2658682e-05 0.0006324493 0.0003684366 0.062461838 0.13507433 0.00042617353 0.0013173791 0.0015148775 0.0019913306 0.0028053233 0.0014924649 0.012078434 1.2489553e-05 0.0006539226 0.11201381 0.0032953469 0.001762631 0.00030289387 0.0027206016 0.00057572813 0.0005838861 6.354152e-06 4.586918e-08 0.017138617 7.5470126e-07 0.0001230922 6.663907e-05 2.6075321e-08 0.0030572824 8.104228e-08 0.00024243761 0.00024161431 5.8950838e-05 1.6498769e-06 0.001908526 9.00093e-05 2.7821425e-05 0.010710022 0.00011688764 0.0007469409 5.077594e-08 0.00025146877 1.5186028e-07 7.944857e-06 1.00350835e-05 0.021151837 7.0109214e-05 0.00056123163 0.0047173826 3.0209073e-06 3.915171e-05
0.82264537 0.8045645 0.97325784 1.1702779e-16 0.90564364 0.058227483 0.004753348 0.3558219 0.38065588 0.95725226 0.10643853 0.57729334 0.010297361 0.001381968 0.00033861384 0.117064334 0.0016850354 0.8272922 0.002119723 0.41264358 0.90888405 3.184725e-06 0.040601175 0.32793832 0.052985474 0.019812014 0.00028408426 0.0027538328 0.10158733 0.104726486 3.6336154e-05 0.025995562 0.0009294567 1.03360506e-07 0.19554028 5.6239234e-08 0.057637896 0.016730335 0.0036519691 0.0017140431 0.0015082214 0.00019960792 0.0013023894 0.0017530547 0.031067466 0.009991315 0.0028289116 1.8741997e-07 0.0050603664 0.11998824 4.862931e-09 0.030871173 6.2197364e-07 1.9054576e-07 0.00032166566 0.0060687605 0.0087789595 0.0007308871 0.019843122 2.0002685e-07 0.014018882 0.004153055 0.0009732498 0.00058044255 0.00014322862 0.0071261134 0.00093318045 0.00029125522 0.00029303945 0.00037705534 0.00034928363 7.9084396e-07 3.6079766e-09 0.0069136703 1.1758944e-08 0.00023306638 0.0007261949 7.570874e-09 0.0031950579 1.384591e-08 0.0004383523 0.0012131775 0.00018975035 5.141587e-07 0.0049069235 4.707664e-05 6.994899e-07 0.011520685 1.3841205e-07 0.00028361945 1.9843759e-08 0.00022199746 2.8427635e-08 2.2025188e-05 1.5130292e-06 0.0038984143 1.3951986e-05 0.001146066 0.0033926566 3.3375713e-07 7.2244497e-06
0.8808682 0.66325384 0.56633836 0.90564364 3.031744e-16 0.08509424 0.008709433 0.013425367 0.9457318 0.70092064 0.2480448 0.9856648 0.009776117 0.0016367676 0.00039671606 0.7274148 0.0008152838 0.1503053 3.5799505e-05 0.0015200838 0.05830551 0.00010127356 0.00033426058 0.7694548 0.0011294225 0.00033669372 6.6494584e-05 0.111519925 0.0004321425 0.028644353 4.325556e-05 0.4591509 0.0018087422 2.3402588e-06 0.0008563242 2.393194e-08 0.0018632147 0.20900615 5.676832e-05 0.0006104267 0.0001275847 0.038236838 1.4343043e-05 1.3948434e-05 0.07730482 0.00030495613 0.094298184 2.6201405e-06 0.04057136 0.009589243 3.241435e-07 0.0014206311 3.958251e-07 4.640036e-06 0.005683809 0.00069481495 0.0012003502 5.4673815e-06 0.00058845663 7.347039e-05 0.00078862713 0.30308545 4.1645944e-05 2.7699247e-05 0.005244897 0.0008674038 5.4820823e-05 1.8651524e-05 0.023763934 5.7602674e-06 0.0039180247 1.663473e-07 1.628481e-08 0.0012279036 3.624304e-08 8.55052e-06 0.00014024631 1.3393987e-08 0.001783302 5.5783172e-08 0.03957007 0.00012884436 8.475945e-05 9.36595e-09 0.0004395315 7.28939e-07 0.00030404402 0.006171397 1.0105595e-05 0.002124308 2.1680377e-08 0.0019257708 1.3934691e-06 8.750731e-05 7.4801196e-06 0.0026070243 0.00781623 1.2197151e-05 0.0010260033 1.808016e-05 0.0001042216
0.9610752 0.95795196 0.6951431 0.058227483 0.08509424 4.650448e-13 0.9657908 0.7489308 0.0030848437 0.00048474784 0.92810744 0.009271877 0.8893723 0.76117605 0.78490263 0.05621522 0.5139646 0.0013738452 0.007883294 0.0026099111 0.0030535965 0.2865877 0.014194078 0.0005072532 0.06824298 0.006120589 0.004330607 7.906637e-05 0.00021757184 3.6721988e-06 0.0062543554 0.02494602 0.6716384 0.03725959 0.00030236514 8.0000675e-05 0.0022013076 0.7943931 0.00054111914 1.0603588e-07 0.00318753 0.0002130891 0.0017016785 7.386613e-05 1.1640534e-05 0.0001463208 0.019091185 0.006720943 0.00881211 0.0009530993 0.00043551292 0.00020427992 0.012844153 0.24645936 0.10847179 8.072253e-05 6.2375155e-05 8.3825435e-05 9.3695686e-05 0.011284971 2.0892423e-05 0.001574558 2.6874222e-06 0.00028774614 0.10926742 0.00060556136 0.00043306753 5.3086605e-05 0.00023783282 0.000111436195 9.985195e-06 5.346035e-06 1.2968478e-07 0.00089766626 3.5244888e-05 7.18459e-05 4.818673e-07 7.269657e-08 0.00047845198 5.8293352e-08 7.5273034e-05 1.649546e-05 4.845419e-07 1.3382178e-06 0.00036685637 7.412152e-05 6.5411696e-05 0.00042918618 0.0060179043 0.00020717792 6.9471085e-08 0.00011317292 1.9220872e-06 3.637648e-07 7.902736e-06 0.0024398013 5.398341e-05 2.9419123e-05 0.00026514006 5.3323074e-06 0.00010358545
0.922915 0.7470348 0.32249168 0.004753348 0.008709433 0.9657908 1.075709e-13 0.44785428 8.992933e-05 1.2752769e-05 0.8777939 0.00089061 0.895163 0.9176022 0.9660251 0.011063422 0.4410341 3.881592e-05 0.020435467 0.0006613395 6.0328966e-05 0.7761303 0.01197655 2.3574992e-05 0.024298007 0.0009569966 0.018491555 7.270309e-06 1.7942453e-05 6.8124145e-08 0.018092806 0.0027708337 0.81176144 0.26352406 1.193199e-05 0.0007836041 0.00038927206 0.72890323 0.00018069259 1.6849169e-09 0.002485917 5.1375705e-06 0.0009348425 1.1854172e-05 2.424598e-06 3.2973176e-06 0.0018467433 0.027507687 0.0013057566 4.741212e-05 0.0061179535 2.1433836e-05 0.08002844 0.4916703 0.07793999 3.7243083e-06 6.468252e-06 1.9734687e-05 1.2036611e-05 0.008402642 9.261912e-07 8.3898936e-05 2.5120626e-08 0.00021050552 0.06939704 6.157889e-05 0.00035585248 1.240913e-05 2.651485e-05 6.0500606e-05 1.330135e-07 1.584082e-05 2.5719595e-07 0.00014990989 0.00014128872 3.8952086e-05 9.368344e-09 4.724135e-08 0.00010636124 3.113263e-08 6.047496e-06 1.9651748e-07 1.6344682e-08 1.318307e-07 1.5120987e-06 5.160697e-05 3.1810462e-06 5.393288e-05 0.0031048292 1.6114294e-05 1.6346156e-07 1.4552894e-06 5.501701e-07 8.0362e-10 7.396708e-07 0.0013511778 2.1811363e-06 2.6460602e-06 0.00019568071 3.3214602e-07 1.2354893e-05
0.9653705 0.91764325 0.86765444 0.3558219 0.013425367 0.7489308 0.44785428 7.649478e-15 0.0010249012 0.008369791 0.1380423 0.0018152656 0.064060524 0.11607805 0.46544462 0.022992808 0.6316252 0.0042358413 0.8232386 0.6601449 0.008516495 0.21149203 0.9259474 0.00019206344 0.93580496 0.67348427 0.31024846 4.1659372e-05 0.04172277 9.2214315e-05 0.17095204 0.004600515 0.23433572 0.11535519 0.0051563703 0.019072592 0.037607927 0.091394536 0.021182293 3.2307153e-06 0.051521804 1.833279e-05 0.06400918 0.013775751 1.6327023e-05 0.012736757 0.000845885 0.00031476223 0.0005480161 0.0038995985 0.0010401696 0.00020015062 0.005824548 0.02270951 0.0040752375 0.0005337986 0.00024983424 0.0100173615 0.0010708378 0.00053562265 0.0002607704 0.00020000996 4.787441e-06 0.027259821 0.001319842 0.0015366304 0.009501484 0.0018886257 3.389746e-05 0.0021703634 7.4852185e-05 0.00014409682 7.043229e-07 0.0060303337 2.6334943e-05 0.0012309861 3.989667e-06 1.2388199e-05 0.0032820285 6.6373065e-07 1.5847477e-06 9.785141e-05 9.052966e-06 5.7191955e-05 0.0005495226 0.003216951 1.0845949e-05 0.004784119 4.2613265e-05 8.71842e-05 1.0541595e-06 1.3995364e-05 5.5221996e-08 1.1609762e-06 1.044426e-06 0.021298692 6.3174634e-06 0.0018343405 0.004772571 2.7309952e-06 3.6694646e-06
0.9880628 0.02268134 0.05581907 0.38065588 0.9457318 0.0030848437 8.992933e-05 0.0010249012 4.109685e-13 0.5750313 0.0035529858 0.8506201 0.00043205163 8.518221e-05 9.767888e-06 0.6452889 0.00014342736 0.50074434 6.739877e-06 0.0004977786 0.46756414 2.1828448e-06 8.366092e-05 0.94817126 0.00030315397 6.493479e-05 1.1775592e-05 0.8471958 0.00042107407 0.2633074 8.049694e-06 0.5914735 0.0002528028 6.5972054e-06 0.001897261 1.0333679e-08 0.001978172 0.047891397 0.00014755802 0.021875668 5.804469e-05 0.39630997 7.867694e-06 9.324936e-05 0.36497226 0.00068635814 0.109643675 4.6884493e-06 0.023592915 0.017690964 3.553866e-07 0.0031091599 1.4618271e-06 3.645071e-06 0.0006410203 0.000799826 0.0041336105 5.1513885e-05 0.0015653479 4.232233e-06 0.002321136 0.6712186 7.439488e-05 1.2419512e-05 0.0032045944 0.0010189066 0.00034262624 0.00015831103 0.28206128 8.266716e-05 0.14043899 8.4829065e-07 7.819769e-09 0.0030410737 1.8535335e-06 1.5124977e-05 0.00079767173 3.9220524e-08 0.0007215674 8.191958e-08 0.18688476 0.00022034085 9.184131e-05 1.1347703e-08 0.0009882435 2.362978e-07 0.020449303 0.007468676 0.000298659 0.07819393 1.2654931e-08 0.020802451 2.190454e-06 0.0036590076 0.0002938891 0.002939247 0.09575727 3.527564e-06 0.0008114461 5.0987248e-05 0.0008549787
0.8536164 0.08874156 0.25700888 0.95725226 0.70092064 0.00048474784 1.2752769e-05 0.008369791 0.5750313 1.1666915e-13 0.0033247974 0.6053771 0.00020860319 6.01591e-06 2.1161648e-07 0.3200734 1.8478302e-05 0.9810521 3.5049154e-06 0.009877032 0.9718066 4.633805e-08 0.00039665803 0.7771463 0.0007949216 0.00027844534 6.556136e-06 0.09436824 0.0064580217 0.81581867 1.0243821e-06 0.26696742 5.7828882e-05 2.7239278e-08 0.071466826 1.3168531e-09 0.015276612 0.02860863 0.00019475505 0.0848844 7.62093e-05 0.06981969 1.1014847e-05 7.23194e-05 0.20268688 0.0017645796 0.036869027 2.1479539e-06 0.02627809 0.16894391 1.2552907e-08 0.114134826 3.8550522e-07 4.164028e-08 0.00010635466 0.013022131 0.063708015 1.6170301e-05 0.013730009 1.1093046e-07 0.04265341 0.24996132 0.003745711 0.00012982072 0.0002921443 0.0026686469 0.00022060474 0.00012393844 0.067835554 5.3524553e-05 0.047211498 1.5292673e-07 3.1132612e-09 0.004954073 3.074102e-07 6.0779523e-05 0.006709969 8.2824775e-10 0.0013710174 1.4339643e-08 0.04309389 0.0062248493 0.0012921242 2.7547753e-08 0.009474223 3.9783904e-06 0.0008834341 0.015842514 5.3079793e-06 0.022014251 4.2156604e-08 0.0039800094 8.542609e-07 0.000308575 0.000568745 0.0014920786 0.009057712 3.563573e-05 0.0011769127 2.137466e-05 0.00048403896
0.82544124 0.72535115 0.43631306 0.10643853 0.2480448 0.92810744 0.8777939 0.1380423 0.0035529858 0.0033247974 3.233686e-14 0.07059531 0.9885471 0.96425146 0.33523244 0.28743377 0.014162869 0.0036590933 0.000449364 0.00015353767 0.0026212058 0.07770742 0.0012645801 0.001488067 0.0027162305 0.00014666616 0.00024455867 0.0004874991 8.198844e-06 2.142456e-05 0.0001613808 0.023791384 0.65060633 0.00014794523 6.0072907e-05 7.542256e-07 0.00013964865 0.8856037 2.9614086e-05 5.323243e-06 9.0443915e-05 2.9090503e-05 2.7163192e-06 6.9850903e-06 0.0013862924 7.652782e-06 0.027925456 0.0018962688 0.09671335 0.00016799505 3.579964e-05 5.590532e-05 0.0007005146 0.12125676 0.24544582 6.491098e-06 3.540224e-05 1.6091228e-05 5.9103448e-05 0.09715638 9.624497e-06 0.0012376669 2.4297864e-05 1.5093176e-05 0.07278904 5.159383e-05 0.00011759203 6.1508845e-06 0.0010703809 1.9905274e-05 6.392508e-05 7.1204326e-08 2.231814e-07 0.00037109508 7.8658894e-07 6.43997e-06 5.362963e-06 3.8549897e-09 0.00013260778 5.2499853e-09 0.0005732604 1.7846563e-05 9.194731e-06 4.3511372e-09 1.9009763e-05 3.552565e-07 3.611068e-05 0.00036538485 0.003968716 0.000512953 2.8234168e-09 1.90796e-05 9.986832e-06 2.7865661e-07 1.333328e-05 0.00020370232 2.4711473e-05 3.5868908e-07 5.5583154e-05 1.2991496e-06 0.0007395636
0.8267421 0.10559771 0.07969027 0.57729334 0.9856648 0.009271877 0.00089061 0.0018152656 0.8506201 0.6053771 0.07059531 2.039955e-17 0.0045322734 0.0005889237 4.4652654e-05 0.8935512 0.00036098697 0.23711722 1.7031624e-06 0.00028573326 0.07893817 4.9908335e-06 2.0508443e-05 0.8864079 0.00035586467 3.5049172e-05 5.2354035e-06 0.5281774 6.442879e-05 0.11834502 6.862115e-06 0.89102215 0.00036513683 1.0687629e-07 0.00025818797 5.888762e-09 0.000979431 0.14541145 2.8791412e-06 0.0051367064 6.1435207e-06 0.2663305 1.2826496e-06 3.9715538e-05 0.674206 0.00014189149 0.27810246 2.2272171e-07 0.13892315 0.0055656843 4.4696917e-09 0.005189062 8.7265825e-08 7.613977e-07 0.0031149115 0.0004635876 0.0018714236 9.996246e-06 0.0004926469 3.4056913e-05 0.0005770971 0.8210509 0.001015673 2.928581e-06 0.0027899393 0.00017828098 7.085382e-05 3.53033e-06 0.10570229 1.8524627e-06 0.027746096 9.591295e-09 1.5098371e-09 0.0013672067 1.0771304e-08 3.7866607e-06 0.0007115326 3.792141e-09 0.0004848352 1.8027086e-08 0.24952061 0.00039479652 0.00023763622 7.488396e-09 0.00080133503 2.5766916e-08 0.0020235018 0.00345111 7.991469e-06 0.007986224 2.9105438e-08 0.017206483 3.9366782e-06 8.6263106e-05 0.000119596116 0.0007087254 0.022932079 3.3894383e-07 0.00042716472 3.670954e-05 0.0011979234
0.5382773 0.46981266 0.10179159 0.010297361 0.009776117 0.8893723 0.895163 0.064060524 0.00043205163 0.00020860319 0.9885471 0.0045322734 8.390478e-16 0.98470277 0.46797344 0.012603861 0.020842867 0.0008038651 0.0004907892 0.00023228995 0.0002641381 0.19818674 0.0012874376 0.0002031093 0.0017225405 0.00029105332 0.0011740909 0.00034980781 1.7757722e-05 3.963655e-06 0.0007777215 0.0036162273 0.5557726 0.00063382654 2.5604915e-05 2.7597387e-05 0.0001696 0.48296353 2.6199823e-05 4.7111442e-07 0.00038391261 9.3871395e-06 4.2531905e-05 3.4293727e-05 0.0001132189 7.3493684e-06 0.0048953546 0.0036335099 0.0027987338 6.755512e-05 0.00010602118 1.9234505e-05 0.0017330234 0.038697764 0.059178155 1.2214989e-06 3.0976687e-05 2.0526111e-05 5.1419403e-05 0.014960783 5.5313967e-06 0.00022561321 2.4056228e-05 0.00015272321 0.0063769026 7.70291e-06 3.4912733e-05 5.329681e-07 0.00011738933 1.6468015e-05 2.4867479e-05 1.7492878e-06 4.3100405e-07 0.00022162282 1.2032245e-06 6.785536e-05 8.096685e-07 4.0990017e-08 4.226822e-05 4.650493e-09 3.3170443e-05 1.4343993e-06 1.4303519e-06 1.6919181e-07 3.428354e-06 1.3922511e-06 7.338425e-07 0.0002548852 0.00020325444 9.807048e-05 2.54277e-08 4.7841318e-06 8.20498e-07 3.8683083e-08 1.9179013e-06 0.00064821105 2.3319553e-06 4.606564e-07 2.9861103e-05 7.220531e-08 4.3736032e-05
0.85069376 0.24637383 0.118845746 0.001381968 0.0016367676 0.76117605 0.9176022 0.11607805 8.518221e-05 6.01591e-06 0.96425146 0.0005889237 0.98470277 8.8293766e-13 0.5888009 0.008846709 0.031939276 7.891187e-05 0.001555242 0.00015170417 8.316509e-05 0.36528763 0.00042283058 3.5240453e-05 0.006534816 0.0001851186 0.0054262346 1.3591134e-05 1.9739127e-05 8.520364e-07 0.0047048233 0.0026079605 0.9219851 0.0067148414 8.4156085e-07 0.00026872405 0.00014066034 0.8551609 7.5766416e-06 3.1683754e-08 0.00077743677 1.3523218e-05 1.2486755e-05 8.217201e-06 3.2169387e-06 4.0907894e-06 0.006483542 0.04357546 0.009193381 7.41893e-06 0.0014443032 2.210783e-05 0.0375635 0.68008965 0.35464564 4.7531867e-07 6.4242167e-06 1.2536117e-05 4.13965e-06 0.13796456 1.8857673e-07 0.00021692768 9.206414e-07 0.00031064334 0.23065482 1.0138037e-05 0.00015655576 1.49407e-05 0.00018934687 2.0875854e-05 4.271407e-06 7.496292e-05 1.3936074e-06 0.00029450355 0.00012747815 1.41601195e-05 8.7399303e-07 7.987579e-07 7.614356e-05 3.4638026e-07 2.7361973e-05 9.945905e-06 6.7365715e-07 6.340206e-06 1.8690706e-06 3.363017e-05 3.7505697e-06 0.00021958924 0.008340596 0.00029982193 2.691973e-06 1.8713395e-06 4.124933e-05 1.5454834e-08 1.551696e-05 0.0029177552 3.5855743e-07 4.3881446e-06 0.00015437086 9.848211e-07 0.0008226281
0.85819626 0.4197691 0.057168756 0.00033861384 0.00039671606 0.78490263 0.9660251 0.46544462 9.767888e-06 2.1161648e-07 0.33523244 4.4652654e-05 0.46797344 0.5888009 2.374438e-16 0.00030372784 0.8617846 2.561594e-06 0.32830262 0.00038076463 2.65609e-06 0.9941255 0.027771551 1.1356007e-06 0.02354815 0.0021746585 0.6408584 4.5816307e-07 3.705556e-06 4.6787253e-08 0.5235313 0.00024866543 0.7732863 0.7140447 4.461066e-06 0.07153676 0.00021992772 0.12477674 0.00012566768 5.717324e-09 0.006624018 1.03849196e-07 0.003264932 2.1173983e-05 2.0339336e-07 4.4411154e-06 0.00010450964 0.051527772 5.3517713e-05 3.489083e-05 0.11441278 4.6339246e-06 0.31301522 0.26785004 0.012690369 2.6123016e-06 5.3097306e-06 5.441963e-05 1.0276527e-05 0.0046173255 1.3597701e-06 9.1117945e-06 6.351396e-08 0.0017561638 0.0041599404 4.8373528e-05 0.00054545706 1.579817e-05 1.1179384e-06 0.00018842529 1.4783585e-07 2.9897772e-05 4.0785133e-05 0.00011963068 0.002990365 5.926278e-05 8.1822416e-09 2.7088473e-07 0.00031469017 7.0442024e-07 6.599492e-07 3.5452885e-07 1.2465343e-08 1.657794e-07 2.4896083e-06 2.4119494e-05 2.6185205e-07 0.00015523023 0.00028663443 6.3594143e-06 2.4526952e-07 3.202553e-07 5.21454e-08 6.021994e-10 1.7824347e-07 0.0013715824 1.11522986e-07 2.4109638e-06 0.00037940496 7.686758e-06 3.9510778e-07
0.97792315 0.09115594 0.36596724 0.117064334 0.7274148 0.05621522 0.011063422 0.022992808 0.6452889 0.3200734 0.28743377 0.8935512 0.012603861 0.008846709 0.00030372784 1.9508364e-16 0.0006099224 0.3932587 1.792564e-07 0.0005081361 0.19301638 4.8767764e-05 2.2840602e-05 0.13027081 0.0019265488 1.3831376e-05 8.9836664e-07 0.06813087 2.5866273e-05 0.0013536864 1.5078651e-06 0.9822468 0.004374542 3.2362703e-07 0.00012614195 4.2302615e-09 0.0015258811 0.81399286 1.7913054e-06 1.2688413e-05 4.034249e-06 0.09747503 9.0544845e-08 1.3172382e-06 0.080397785 1.1715106e-05 0.92167026 8.883748e-05 0.5959459 0.0049048676 2.6672001e-08 0.00011900925 1.17813315e-05 0.0008748175 0.20983623 4.315585e-05 8.983264e-05 3.238484e-07 7.862589e-05 0.008632862 2.5216146e-05 0.73837566 4.1606647e-05 8.665426e-07 0.39750466 0.00043560268 6.080076e-06 1.3380214e-06 0.27467194 3.1808506e-07 0.0010150736 4.434124e-08 1.9492376e-08 0.0061955093 2.1123338e-07 4.5654053e-07 2.016706e-06 1.1135841e-08 0.0001681329 4.571546e-08 0.10204221 0.00013418896 6.304433e-06 5.151565e-09 6.7132714e-05 5.963762e-06 0.02409091 0.0014718958 0.029035237 0.33964938 3.6801198e-09 0.013113255 0.0033833045 2.0404743e-06 0.05157121 0.0025095106 0.04623846 1.5519068e-06 8.531082e-05 9.8171455e-05 0.17129315
0.9913702 0.21792494 0.075717814 0.0016850354 0.0008152838 0.5139646 0.4410341 0.6316252 0.00014342736 1.8478302e-05 0.014162869 0.00036098697 0.020842867 0.031939276 0.8617846 0.0006099224 2.1781603e-15 0.000101154634 0.86326855 0.008641751 0.00023551275 0.6850479 0.607285 8.400161e-06 0.32745475 0.08759542 0.96517605 1.829543e-05 0.00030177055 1.5461691e-06 0.9218839 0.00022095742 0.11770191 0.70423853 0.0005549269 0.6676672 0.0046000457 0.007894369 0.005321528 4.501074e-08 0.15783757 2.9668433e-06 0.1667018 0.0018880754 3.9916463e-06 0.0020342502 0.00026402602 0.004005181 6.884831e-05 0.0023647356 0.0357219 1.1797421e-05 0.07909955 0.13965206 0.0013987831 6.3042084e-05 6.13562e-05 0.00620287 0.00019291592 0.00015657472 0.00012608338 2.7341603e-05 2.0549448e-06 0.018874113 0.00027792665 0.00078791863 0.014210311 0.0009923191 1.5674512e-05 0.004360258 3.562051e-05 0.00014326494 6.289454e-05 0.0042913835 0.0027333708 0.0021183882 3.3360982e-07 0.008587069 0.0008103171 3.6012232e-06 2.702037e-06 5.157993e-06 1.7912089e-07 4.7414884e-05 0.00015994177 0.0007302329 2.0306816e-05 0.0007404168 0.0003103981 4.0882405e-05 6.7515504e-07 1.999727e-05 1.3193662e-07 1.8327379e-06 1.5961233e-06 0.016291741 2.3958867e-06 0.0004053763 0.002296908 1.3597803e-06 3.6564977e-06
0.9902513 0.04393683 0.23375463 0.8272922 0.1503053 0.0013738452 3.881592e-05 0.0042358413 0.50074434 0.9810521 0.0036590933 0.23711722 0.0008038651 7.891187e-05 2.561594e-06 0.3932587 0.000101154634 3.3068652e-12 9.953828e-06 0.0055410597 0.944113 2.3726584e-07 0.00017764894 0.5183469 0.0017069953 0.00037073804 4.6536456e-06 0.18754928 0.00858239 0.7768972 3.7522443e-06 0.39322376 0.0006248361 5.6404104e-07 0.13809517 1.7868453e-08 0.02095942 0.016325383 0.0003383485 0.42040348 8.2954786e-05 0.24595276 8.709008e-06 0.00019538477 0.2812354 0.003399014 0.040953804 1.3148292e-05 0.01657203 0.38496983 7.8182717e-07 0.08487531 6.4066453e-06 6.1142407e-07 0.0001471397 0.015055786 0.09503604 0.00020791165 0.06840726 1.0041051e-06 0.1042685 0.32601175 0.018715002 3.0728857e-05 0.00084875687 0.014711571 0.0018822649 0.00081401784 0.09420765 0.00014402758 0.19364989 1.058078e-05 2.1376971e-08 0.021790294 1.5567668e-05 2.2294551e-05 0.05193949 1.6964728e-07 0.0046032993 1.1787379e-07 0.029022101 0.011300361 0.003831111 9.4207746e-07 0.015445563 1.943311e-06 0.0063192355 0.108533986 0.0003006133 0.049590886 6.35583e-08 0.009012264 8.14225e-06 0.020842295 0.00039131066 0.008618569 0.02574755 0.000118126154 0.0017498703 7.7474644e-05 0.00092699094
0.94122475 0.12668286 0.015828002 0.002119723 3.5799505e-05 0.007883294 0.020435467 0.8232386 6.739877e-06 3.5049154e-06 0.000449364 1.7031624e-06 0.0004907892 0.001555242 0.32830262 1.792564e-07 0.86326855 9.953828e-06 2.6689397e-16 0.08030851 3.996901e-05 0.35868105 0.95209557 1.0872477e-06 0.5238569 0.2551409 0.98667127 1.1596285e-08 0.001158889 9.215053e-08 0.5793928 5.83694e-06 0.009972652 0.10046583 0.00016876825 0.4671597 0.0052299597 2.1440153e-05 0.026731005 9.6901855e-09 0.8438222 6.5690244e-09 0.75148857 0.0034260368 8.1087626e-07 0.0013757306 2.7720766e-06 0.00030103614 1.4063631e-06 0.00029864165 0.0053385464 1.499276e-06 0.0062195477 0.0008249917 1.6059762e-06 2.0820204e-05 7.06292e-06 0.029046973 5.1587973e-05 7.007061e-06 2.4155543e-05 5.5148024e-07 5.624055e-07 0.7417866 4.0039666e-07 0.00042829342 0.03727424 0.004375418 2.6835409e-07 0.038943414 4.508898e-06 0.009191409 0.00010422659 0.00080343516 0.0005030658 0.01112892 2.8735465e-07 0.009824077 0.0013262094 7.425658e-05 2.8271366e-08 2.4535515e-05 1.9127597e-06 0.0015846443 7.614181e-05 0.15732971 4.533533e-07 0.0002485073 9.4500865e-06 2.4031096e-05 1.2212131e-05 3.087008e-07 2.8759441e-08 3.1508083e-08 5.0839543e-07 0.021774761 3.4805382e-07 0.0056281956 0.0056934063 8.435491e-08 5.848722e-07
0.8687085 0.2495497 0.18167655 0.41264358 0.0015200838 0.0026099111 0.0006613395 0.6601449 0.0004977786 0.009877032 0.00015353767 0.00028573326 0.00023228995 0.00015170417 0.00038076463 0.0005081361 0.008641751 0.0055410597 0.08030851 8.798208e-17 0.038777508 1.6501579e-05 0.48583987 0.000513342 0.86051124 0.96426463 0.004606005 3.5344154e-05 0.9893259 0.0007820181 0.00017184779 0.0003557522 0.00013331685 1.4761545e-06 0.75139254 1.0061086e-06 0.51686907 9.904999e-05 0.5076049 3.4739292e-05 0.061376672 4.798051e-07 0.042547654 0.12918648 0.0002988536 0.22884575 2.9170844e-05 2.1915375e-07 6.19782e-06 0.040418603 1.1726339e-07 0.00496134 1.5592711e-06 5.191546e-08 2.494265e-07 0.0029799694 0.0019549194 0.07827824 0.02238521 4.6874407e-09 0.003934641 3.2746124e-05 7.403815e-05 0.02915968 5.51637e-07 0.043786462 0.0098947575 0.005730943 3.1027735e-06 0.004734293 4.4760345e-05 3.371374e-06 1.8969496e-08 0.03840772 2.1093143e-07 0.0014748169 0.00015617386 1.07293374e-07 0.027737096 1.705188e-09 2.128216e-06 0.0005346204 1.3522147e-05 3.7972638e-06 0.0032031492 0.013132334 2.4594314e-07 0.010432677 3.2227865e-07 9.543621e-05 1.14469385e-08 1.22146575e-05 2.3450486e-08 7.4024524e-07 9.426796e-07 0.031326268 1.1046321e-05 0.0036395548 0.01001549 1.5078523e-08 9.2707137e-07
0.99828845 0.042386834 0.25410643 0.90888405 0.05830551 0.0030535965 6.0328966e-05 0.008516495 0.46756414 0.9718066 0.0026212058 0.07893817 0.0002641381 8.316509e-05 2.65609e-06 0.19301638 0.00023551275 0.944113 3.996901e-05 0.038777508 3.319257e-12 1.7322489e-07 0.0006012406 0.189699 0.00588393 0.0014331593 5.021101e-06 0.05621262 0.06717658 0.51411635 2.6837802e-06 0.13350952 0.0011620842 2.577364e-07 0.39960378 6.472985e-08 0.10376609 0.0057030735 0.0007141128 0.24505986 0.00020392527 0.039449424 4.216005e-05 0.000693292 0.07211708 0.012656594 0.014571604 1.7357268e-05 0.005747647 0.60300845 2.427916e-06 0.0617494 5.269325e-06 2.1108933e-06 4.5417768e-05 0.015883708 0.07259292 0.0004689264 0.19515878 1.4195429e-06 0.13458742 0.036505174 0.021019896 8.4193496e-05 0.00045189995 0.0776459 0.0024839204 0.0011119214 0.013836178 0.00023849329 0.03327703 1.4746594e-05 3.9294953e-08 0.07567273 1.9464707e-05 5.6206132e-05 0.04380204 1.0683447e-06 0.011728342 8.2894864e-08 0.0045468523 0.014823243 0.0035524014 8.063816e-06 0.018250357 4.29676e-05 0.0011691233 0.2019194 0.00013383671 0.006867481 3.3553314e-07 0.00055935234 2.7826902e-06 0.0011602531 0.00043426687 0.022725325 0.00067401864 0.0005089497 0.0023828133 3.8513303e-05 0.0011105385
0.5685979 0.13851756 0.010139006 3.184725e-06 0.00010127356 0.2865877 0.7761303 0.21149203 2.1828448e-06 4.633805e-08 0.07770742 4.9908335e-06 0.19818674 0.36528763 0.9941255 4.8767764e-05 0.6850479 2.3726584e-07 0.35868105 1.6501579e-05 1.7322489e-07 2.6829758e-16 0.017595274 3.107907e-07 0.015958212 0.0006915615 0.7645475 1.7140576e-07 5.036113e-07 1.6414822e-08 0.868745 2.306741e-05 0.808681 0.9490279 8.3959236e-08 0.60747623 2.3124856e-05 0.0031866012 1.0701705e-05 2.5210374e-09 0.0036319634 2.7336282e-09 0.0012009129 7.1687828e-06 2.5480325e-08 5.071033e-06 1.31852585e-05 0.23857553 1.9479387e-06 5.9463787e-06 0.4539187 3.4857499e-07 0.7985241 0.12396229 0.00063060306 4.3513822e-07 1.183151e-06 5.4208367e-06 2.1530236e-06 0.0032520883 1.08835295e-07 1.1562119e-06 2.1180244e-07 0.0016051915 1.4535633e-05 1.5699293e-06 0.00016225007 2.8208215e-06 2.8058208e-08 1.4527429e-05 4.555808e-08 6.5615684e-05 0.0012611104 4.942141e-05 0.10612774 1.979674e-05 7.0634276e-09 2.400051e-06 4.7748585e-05 2.3924471e-05 1.723526e-08 1.4706525e-07 1.2981898e-08 1.0810024e-07 5.299456e-08 1.1815757e-06 1.4960921e-08 4.96636e-05 9.108702e-06 1.7271461e-06 8.857095e-08 1.5372489e-08 1.32564875e-08 1.211578e-10 7.204147e-08 0.0006840635 1.5451828e-08 8.092355e-07 0.00017573556 1.58097e-07 6.152379e-08
0.87134355 0.16454089 0.11626385 0.040601175 0.00033426058 0.014194078 0.01197655 0.9259474 8.366092e-05 0.00039665803 0.0012645801 2.0508443e-05 0.0012874376 0.00042283058 0.027771551 2.2840602e-05 0.607285 0.00017764894 0.95209557 0.48583987 0.0006012406 0.017595274 2.6814462e-12 3.9826136e-05 0.93878764 0.9603878 0.2956345 4.274681e-07 0.0146126775 7.065781e-05 0.07373637 4.3745084e-05 0.0025184376 0.005011299 0.002339316 0.04226858 0.023731485 0.0010313084 0.21603991 9.521848e-07 0.8544473 2.7041935e-07 0.5908411 0.048069865 1.2277115e-05 0.012779342 5.1852894e-05 7.000926e-05 3.9104707e-06 0.00063871214 0.0001302252 0.00011181303 0.00015739394 0.000118619464 4.8982242e-06 0.00039433554 0.00020032095 0.12944174 0.000548191 4.8494853e-06 0.00020558956 5.7300047e-05 6.6170696e-07 0.84134316 6.9685425e-06 0.0020105208 0.044242796 0.014244937 1.408993e-06 0.03338125 1.0169354e-05 0.010571018 7.87994e-06 0.002810998 1.581596e-05 0.01825727 1.2665129e-05 6.397461e-05 0.005382005 9.507688e-06 6.435463e-06 4.291637e-05 1.667807e-06 0.0023518486 0.0002593926 0.37552986 4.2269062e-07 0.0023524475 4.7201406e-06 8.690204e-05 9.861553e-06 2.4981966e-06 7.293281e-08 1.608819e-07 3.634622e-06 0.041431416 2.7423863e-05 0.014089872 0.013544166 9.81699e-08 2.0201649e-06
0.88847125 0.011452625 0.011031421 0.32793832 0.7694548 0.0005072532 2.3574992e-05 0.00019206344 0.94817126 0.7771463 0.001488067 0.8864079 0.0002031093 3.5240453e-05 1.1356007e-06 0.13027081 8.400161e-06 0.5183469 1.0872477e-06 0.000513342 0.189699 3.107907e-07 3.9826136e-05 8.2340327e-16 4.672249e-05 7.648726e-06 4.3090992e-07 0.8992407 0.00022550458 0.93069637 6.2137843e-07 0.27427062 2.3619146e-05 5.2570647e-07 0.0022041958 2.9580747e-09 0.0015121473 0.002372557 1.9901116e-05 0.22981425 3.9083493e-06 0.50614107 5.4637126e-06 7.3950823e-06 0.9477164 0.000113037444 0.02135388 5.6672056e-06 0.006561034 0.02757768 8.128398e-07 0.09430177 1.5322096e-06 1.11742715e-07 2.3765491e-05 0.007244038 0.021615233 9.674064e-07 0.001037512 7.734289e-08 0.007593203 0.70049953 0.028019253 0.000103418046 0.00036722235 0.00060538494 6.5018874e-05 1.33196945e-05 0.20944934 2.11703e-06 0.6148614 5.518293e-08 9.631006e-08 0.0013655447 4.227699e-06 2.8406188e-05 0.014516337 3.456693e-08 0.0012251034 2.9198173e-07 0.363855 0.0046819267 0.0069428678 5.6999783e-09 0.0033699602 2.0624268e-06 0.0145930825 0.007847084 1.1298177e-05 0.027349288 1.9684724e-07 0.2261072 7.831155e-06 0.028959092 0.0003088152 0.00043953696 0.31601036 6.6295156e-06 0.0004557564 0.00097221823 0.0014302136
0.9571497 0.2507944 0.3016319 0.052985474 0.0011294225 0.06824298 0.024298007 0.93580496 0.00030315397 0.0007949216 0.0027162305 0.00035586467 0.0017225405 0.006534816 0.02354815 0.0019265488 0.32745475 0.0017069953 0.5238569 0.86051124 0.00588393 0.015958212 0.93878764 4.672249e-05 3.7483824e-13 0.984927 0.03054138 2.4573521e-05 0.06440389 4.3640495e-05 0.019042196 0.0010215009 0.017284052 0.002528256 0.007020485 0.0019452489 0.099790625 0.004673232 0.1687257 5.708861e-06 0.10110314 6.993065e-05 0.120821506 0.054157246 2.845069e-06 0.03191541 0.000840162 0.00016340305 0.00014309972 0.0010109739 0.00010214722 3.988254e-05 0.00010807484 0.0011262844 0.00014256372 0.00017597638 0.00016779779 0.04265041 0.0010696615 2.214007e-05 0.00029361402 0.00026880475 8.236623e-07 0.023480725 0.00025639968 0.004187732 0.018810365 0.0028616549 9.2090835e-05 0.0047905743 0.00017711692 0.00072212575 6.991624e-07 0.011657049 2.1111116e-05 0.00063449424 0.00025430953 2.2738714e-05 0.0069902684 5.778466e-07 3.1891672e-05 7.327537e-05 4.7493922e-06 0.0005792393 0.0009259894 0.0050856494 8.800343e-05 0.0067457366 0.00047837055 0.000118054064 1.632412e-06 7.899043e-06 3.9003553e-06 1.5384734e-06 3.9788516e-05 0.037118584 3.4213335e-05 0.0037989544 0.009765383 4.5619623e-07 1.0176456e-05
0.92367536 0.04959577 0.07514796 0.019812014 0.00033669372 0.006120589 0.0009569966 0.67348427 6.493479e-05 0.00027844534 0.00014666616 3.5049172e-05 0.00029105332 0.0001851186 0.0021746585 1.3831376e-05 0.08759542 0.00037073804 0.2551409 0.96426463 0.0014331593 0.0006915615 0.9603878 7.648726e-06 0.984927 2.8322e-15 0.008322357 6.084905e-07 0.22302933 3.482783e-05 0.0060415533 1.4041191e-05 0.00113063 0.00013317846 0.018041115 9.786364e-05 0.22935925 4.5533783e-05 0.61457175 6.8616663e-07 0.27751023 3.418124e-07 0.43095347 0.35476005 1.5536453e-06 0.13531595 8.736826e-06 5.4670672e-05 1.1338736e-06 0.0021965492 1.6630979e-06 6.052836e-05 9.39771e-06 6.151095e-06 3.173851e-07 0.0005216281 0.00025676598 0.2729639 0.0021157132 3.665178e-07 0.00034356004 4.980195e-05 3.8799075e-07 0.21916553 8.6731484e-07 0.008534052 0.054876935 0.020345908 3.523961e-07 0.025517415 6.4919586e-06 0.000707847 7.8326974e-07 0.012708663 5.843635e-06 0.0089719985 6.433122e-05 3.5222158e-06 0.016153077 8.546847e-07 2.802832e-07 0.00011256218 8.5903196e-07 0.0007603489 0.0019238304 0.09687088 7.3073414e-07 0.0046985657 0.00013666398 4.7664693e-05 6.626813e-07 8.71738e-07 4.454921e-07 2.4758506e-07 3.5805413e-05 0.07087606 2.2447593e-06 0.019767858 0.017940102 8.608542e-09 2.2687605e-06
0.7527122 0.03608917 0.001382794 0.00028408426 6.6494584e-05 0.004330607 0.018491555 0.31024846 1.1775592e-05 6.556136e-06 0.00024455867 5.2354035e-06 0.0011740909 0.0054262346 0.6408584 8.9836664e-07 0.96517605 4.6536456e-06 0.98667127 0.004606005 5.021101e-06 0.7645475 0.2956345 4.3090992e-07 0.03054138 0.008322357 1.9227025e-16 1.6101912e-07 5.8943984e-05 8.1612393e-07 0.94022703 7.1616355e-06 0.002205327 0.24215987 6.664314e-05 0.9100675 0.00029016842 7.490924e-07 0.00094738195 2.6184468e-08 0.10157501 6.3444903e-09 0.1204396 0.00017901222 1.0488172e-05 0.00012490358 1.2437902e-06 0.00011028759 8.193564e-07 8.203933e-05 0.02955916 9.746774e-06 0.0070281187 2.8456054e-05 3.2445956e-07 7.336582e-06 2.1874691e-06 0.001034253 2.6759839e-05 1.3991398e-07 5.468905e-06 4.431298e-07 8.829033e-07 0.31839082 3.0141118e-07 9.3573355e-05 0.0033236356 0.0001571577 1.7408226e-07 0.002237924 2.647715e-07 0.0049452814 0.00045912998 0.0002966119 0.001312849 0.0010019 2.4390347e-06 0.005625547 0.00024109686 5.5571814e-05 1.303947e-08 9.275546e-06 1.0369595e-06 9.421952e-05 1.8847391e-05 0.033004373 8.077177e-08 8.3308776e-05 1.6197185e-07 6.0844934e-07 2.1905724e-05 4.2128367e-09 4.928945e-08 1.7310137e-09 3.066457e-07 0.0017454668 1.6980033e-08 0.0010207093 0.0011720142 2.2990026e-08 2.9890646e-07
0.9669279 0.00015368986 0.00021029364 0.0027538328 0.111519925 7.906637e-05 7.270309e-06 4.1659372e-05 0.8471958 0.09436824 0.0004874991 0.5281774 0.00034980781 1.3591134e-05 4.5816307e-07 0.06813087 1.829543e-05 0.18754928 1.1596285e-08 3.5344154e-05 0.05621262 1.7140576e-07 4.274681e-07 0.8992407 2.4573521e-05 6.084905e-07 1.6101912e-07 1.3508739e-13 1.7527344e-06 0.23444134 2.601942e-07 0.32766247 5.299247e-05 3.110205e-07 4.2482123e-05 2.3027921e-10 0.00010080139 0.0038140302 2.168948e-06 0.007961906 6.999189e-07 0.98245966 1.16760726e-08 2.173151e-06 0.84293044 6.2244153e-06 0.025330465 5.441923e-06 0.007278437 0.011731139 4.4867683e-08 0.0019482258 2.8510335e-06 8.25926e-07 8.301326e-05 0.00039259277 0.0066744685 8.172977e-07 0.00038946405 3.0289932e-06 0.0011770698 0.9120484 0.00022174524 3.0676532e-07 0.0005386486 6.0120878e-05 9.98349e-06 1.0024422e-06 0.5125315 6.953546e-06 0.37443832 2.2531637e-07 2.2747942e-08 0.0014745892 6.2240684e-07 1.8708852e-07 0.0011718515 1.5782726e-08 0.0001463825 5.1170478e-08 0.66006094 0.000100190235 0.00033673912 3.93864e-09 0.00029493473 8.422353e-09 0.11558294 0.0023728805 0.00050519325 0.17497277 5.8104948e-09 0.19871137 1.5097653e-05 0.0072985347 0.0013020318 0.0006744607 0.6030854 3.4808633e-07 2.4446384e-05 0.00037606648 0.0033403803
0.9139189 0.032694202 0.020093922 0.10158733 0.0004321425 0.00021757184 1.7942453e-05 0.04172277 0.00042107407 0.0064580217 8.198844e-06 6.442879e-05 1.7757722e-05 1.9739127e-05 3.705556e-06 2.5866273e-05 0.00030177055 0.00858239 0.001158889 0.9893259 0.06717658 5.036113e-07 0.0146126775 0.00022550458 0.06440389 0.22302933 5.8943984e-05 1.7527344e-06 7.9935816e-17 0.00059610105 3.609847e-06 6.221541e-05 7.86581e-06 4.2598353e-07 0.8696591 1.3076181e-08 0.96945316 8.118107e-06 0.122785695 1.0351005e-05 0.00691019 4.5862617e-08 0.0013363445 0.30085456 5.709871e-05 0.68575096 4.5350102e-06 4.690728e-07 3.1317784e-05 0.16317204 6.704356e-08 0.0091345785 1.02570425e-07 2.2542639e-09 4.8007998e-08 0.00708617 0.006931965 0.022070104 0.059928816 1.3582142e-07 0.01410688 2.6275111e-05 1.223757e-05 0.0005100128 1.7205258e-06 0.25980133 0.0030496472 0.0030280794 6.7119245e-06 0.0008649104 0.00010481148 1.272711e-07 1.5175358e-07 0.13781682 8.6932914e-08 0.00017028653 0.00013601437 2.4090758e-07 0.047024842 1.0805461e-08 9.499695e-06 0.00034404662 1.598235e-05 1.1428604e-06 0.0056110853 0.00065864116 3.4066233e-07 0.042602807 1.0916925e-06 0.0005837511 7.591349e-09 1.34260445e-05 1.2867545e-07 1.154852e-06 1.2857553e-06 0.04652075 2.5817196e-06 0.0014515839 0.008927104 1.7974763e-08 3.332802e-06
0.9021729 0.00014583836 0.0003622711 0.104726486 0.028644353 3.6721988e-06 6.8124145e-08 9.2214315e-05 0.2633074 0.81581867 2.142456e-05 0.11834502 3.963655e-06 8.520364e-07 4.6787253e-08 0.0013536864 1.5461691e-06 0.7768972 9.215053e-08 0.0007820181 0.51411635 1.6414822e-08 7.065781e-05 0.93069637 4.3640495e-05 3.482783e-05 8.1612393e-07 0.23444134 0.00059610105 7.110883e-18 1.5008676e-07 0.005440064 1.1113658e-06 4.5266333e-09 0.0384864 5.7560556e-10 0.0020769427 1.756562e-07 5.6170982e-05 0.98222953 1.1072874e-06 0.011636516 2.5157356e-06 7.1765644e-05 0.9394766 0.00057332136 0.00011965795 3.7946718e-06 6.865745e-05 0.29883507 1.4502034e-08 0.83488274 9.1886517e-07 2.851021e-09 9.838161e-10 0.07910604 0.21958095 2.9800078e-05 0.023663955 4.5899e-09 0.10755385 0.010150151 0.69760203 4.8820064e-05 1.4992052e-07 0.0023064632 0.00012070252 4.166539e-06 0.0013815141 3.1292182e-06 0.4420868 2.0264716e-07 5.538515e-09 0.0040096208 2.1491884e-07 4.7346716e-06 0.14482036 2.5636664e-08 0.0021107635 8.866848e-08 0.019241016 0.23188253 0.023848837 9.581494e-09 0.026386078 1.4230365e-07 0.00024907722 0.032324433 1.2608409e-06 0.0010625719 2.2374646e-08 0.03802548 1.1386126e-07 0.020178815 7.296565e-06 0.0019377482 0.033587635 8.8070465e-06 0.00054353056 0.00020972504 2.0470086e-05
0.7031284 0.007187187 0.0005810169 3.6336154e-05 4.325556e-05 0.0062543554 0.018092806 0.17095204 8.049694e-06 1.0243821e-06 0.0001613808 6.862115e-06 0.0007777215 0.0047048233 0.5235313 1.5078651e-06 0.9218839 3.7522443e-06 0.5793928 0.00017184779 2.6837802e-06 0.868745 0.07373637 6.2137843e-07 0.019042196 0.0060415533 0.94022703 2.601942e-07 3.609847e-06 1.5008676e-07 8.004971e-15 1.3941917e-05 0.050076183 0.8644628 5.667157e-06 0.9928302 9.9565856e-05 3.603194e-05 0.00011457972 2.4457822e-08 0.1324297 4.2504343e-08 0.08621398 9.274409e-05 1.0620814e-05 4.4421427e-05 7.983319e-06 0.0031476268 1.8231934e-06 0.00015785574 0.33626872 5.305583e-05 0.177614 0.0072077382 1.0864635e-05 8.982541e-06 9.3449e-06 0.0014202688 1.9623432e-05 2.53287e-05 2.4044039e-06 1.5455116e-06 1.9280465e-06 0.1568769 1.9253484e-05 5.1829713e-05 0.0028293866 9.6119904e-05 6.322668e-07 0.0016470372 8.85696e-06 0.0059229448 0.02673757 0.00032365468 0.08962144 0.00097496656 5.63111e-06 0.087955676 0.00028752832 0.004047297 1.3494753e-06 1.68983e-05 8.1763994e-07 0.0003452002 6.7695844e-05 0.004098129 7.27224e-07 0.00018500669 3.302972e-05 7.3423494e-06 0.000112363006 1.296148e-07 3.9854267e-08 7.7630055e-08 1.0970376e-05 0.0029682808 5.167944e-08 0.00032681433 0.0010715227 6.4791557e-06 1.3040224e-07
