5.276752e-23 0.94076616 0.7659759 0.9619491 0.88608176 0.8562114 0.5824275 0.38433215 0.98017836 0.9934621 0.9860093 0.8900185 0.96211785 0.9932106 0.98245984 0.9737501 0.93323696 0.9989898 0.70419466 0.8772612 0.99909467 0.9381366 0.95562404 0.719488 0.84305215 0.63775754 0.101780556 0.78412586 0.6353094 0.89682513 0.5986848 0.92516303 0.8213907 0.49144033 0.53431934 0.111504585 0.9602271 0.9278395 0.06480083 0.94183254 0.89249235 0.038470484 0.92416376 0.87596035 0.56003153 0.8653124 0.33764568 0.068965524 0.007427128 0.7948511 0.8231128 0.97701746 0.035838235 0.13983576 0.0043030838 0.07024369 0.8326719 0.99939096 0.013461264 0.95827496 0.9990825 0.9980599 0.73334527 0.69352686 0.0017979932 0.5890999 0.78140897 0.0014238933 0.991061 0.4008808 0.01863221 0.013522291 0.9772551 0.062248785 0.35876048 0.9186076 0.9430976 0.13762736 0.15269107 0.29203826 0.13559735 0.0144674685 0.14529327 0.08131565 0.9962518 0.63057417 0.10827837 0.9998044 0.9984135 0.06343479 0.00020063641 0.59616166 0.9995082 0.001109319 0.030059703 0.9999378 0.0020867963 0.00037407252 0.000109305736 0.28173515 0.021668369
0.94076616 1.2528356e-17 0.8750352 0.9031224 0.86614174 0.62570906 0.49439535 0.39913973 0.3417957 0.653003 0.34012356 0.097965404 0.10544434 0.6278412 0.054010786 0.0063328943 0.0028248138 0.67641497 0.0056623197 0.014926188 0.6418855 0.0052634287 0.007649689 0.0065164138 0.0021156154 0.07611768 0.23685302 0.0023864596 0.0044321674 3.5997935e-05 3.258149e-05 1.7390837e-05 1.259617e-05 0.00017601851 5.977724e-06 1.0971225e-05 1.1274584e-05 0.0017984667 0.0016014776 0.00091003324 8.818116e-06 0.00036275684 4.840632e-06 2.0969962e-06 0.053107154 8.006355e-07 1.3016902e-05 0.0005135058 0.0009580883 1.1553544e-06 3.6067604e-06 5.126113e-06 5.8611404e-05 5.3172958e-08 0.0009948078 1.1429704e-06 5.751735e-05 0.18017961 3.4327672e-06 0.00089201896 0.029580979 0.024608562 1.1451193e-07 4.6320643e-08 0.0004723345 2.1959855e-07 0.0003309914 4.602094e-05 0.13700958 6.7415804e-08 1.1529758e-06 5.9340796e-06 0.0024436458 3.7457444e-06 1.30247555e-08 3.4771278e-05 5.419808e-06 5.1033826e-08 5.8003627e-07 8.281807e-08 1.193331e-07 0.00017666345 2.9219468e-08 3.275966e-08 0.024522915 0.00029691306 2.1070656e-08 0.05818818 0.0016452993 3.3821493e-08 1.0498535e-06 0.00014469682 0.010542194 1.8379913e-07 1.2605722e-07 0.06683966 1.42362495e-08 0.000110550325 4.1918115e-06 3.5907242e-09 9.164257e-08
0.7659759 0.8750352 3.98494e-23 0.14687628 0.6145527 0.974502 0.14634652 0.4604008 0.17311496 0.09296777 0.07675269 0.10179433 0.025269417 0.27634773 0.012000875 0.031692773 0.016966997 0.3119333 0.028837904 0.004646894 0.29349038 0.0076205926 0.0016782661 0.014803912 0.0021574541 0.14533357 0.5988755 0.0033104743 0.009349393 0.00017425577 8.12726e-05 9.6823256e-05 0.00033220067 0.0006651821 9.912592e-06 5.9062597e-05 0.00010399057 0.008571798 0.0056623872 0.00027342167 4.2531187e-06 0.0006733469 2.2192016e-06 3.4574778e-06 0.19366163 3.8929542e-07 2.5316929e-06 0.003991645 0.012342117 2.504026e-06 1.1018943e-05 2.9564757e-07 0.00019669872 2.4983824e-06 0.0046783425 7.0868723e-06 4.9608525e-06 0.046352047 2.6280939e-06 0.00010738699 0.0030194398 0.010204158 4.657117e-08 2.8342186e-09 0.0023715424 3.4113535e-07 0.00045929683 0.0023010925 0.015102839 4.2803188e-07 4.1588035e-05 0.0011256953 0.00030269002 1.9268691e-05 2.1537925e-09 2.5990962e-06 2.802045e-06 6.613444e-08 8.3489556e-07 1.6878804e-08 7.1484386e-08 0.00037086994 1.8142622e-10 2.2595556e-08 0.0044291737 0.0003672964 2.255709e-09 0.021844782 6.7441695e-05 3.129515e-07 1.51433505e-05 0.00080848037 0.001420688 9.939931e-06 2.578432e-08 0.013816676 5.0723965e-08 0.00029787648 0.00014193574 5.2764217e-11 3.5182388e-09
0.9619491 0.9031224 0.14687628 3.6385476e-14 0.55458015 0.11035927 0.04777121 0.015298853 0.48488218 0.7440412 0.17633419 0.05700865 0.027925905 0.7464642 0.030235546 0.06346874 0.03316062 0.6097439 0.01665988 0.060074046 0.38193622 0.011327442 0.042859245 0.0059038014 0.0038119715 0.009529903 0.002791551 0.0021803973 0.0026627732 0.0014431913 0.00047908828 0.00069012033 8.6141845e-05 0.00054910616 0.00013196298 7.213033e-05 0.00023213029 0.0023276054 0.0002848354 0.007473592 4.605765e-05 3.2033597e-05 0.00012290395 0.00011085681 0.012006392 3.2740845e-05 4.0983865e-05 0.00015674728 3.9776412e-05 2.6254198e-05 1.6927852e-05 0.00019046139 4.1904827e-05 7.537496e-07 1.67039e-05 4.1560975e-06 0.0009606245 0.23617941 4.930341e-06 0.0100649735 0.2810078 0.1486919 1.3384935e-06 3.0390527e-07 6.347996e-05 3.917927e-07 0.0013724806 1.1987753e-05 0.385153 9.0037463e-07 1.3614491e-06 5.7265056e-06 0.025660506 0.000101946534 1.1492609e-06 0.00052214327 0.00014769543 1.4681183e-06 9.548009e-05 1.1683736e-06 2.5090005e-06 8.5204796e-05 6.4243056e-07 2.544735e-06 0.11308185 0.0004684452 1.1858983e-06 0.041965615 0.009630048 1.631806e-05 1.9798638e-06 0.00017445978 0.085664146 4.293215e-06 4.051576e-06 0.35717815 8.7731087e-07 1.9593495e-05 2.4364159e-05 1.2917587e-07 3.4798397e-06
0.88608176 0.86614174 0.6145527 0.55458015 9.691629e-16 0.20048942 0.7671137 0.48260477 0.008234409 0.124396175 0.8326615 0.8202769 0.52875817 0.6424863 0.49916342 1.6210694e-05 8.49237e-05 0.52841204 0.00018897434 0.0004125332 0.7855287 0.00010611322 0.0002265306 3.39986e-05 0.022172876 0.00079564546 0.002769317 0.017280452 1.171161e-05 1.1062002e-06 5.516344e-07 2.1578933e-06 1.9870032e-07 9.407088e-06 2.0253524e-06 4.1572963e-07 4.5580596e-06 0.0077376803 6.34176e-06 4.616785e-05 4.5214523e-07 1.9114575e-06 4.0452454e-07 2.5169868e-07 0.03752971 1.3758267e-07 5.2121086e-06 3.3429883e-06 1.8799747e-05 4.194076e-07 1.199119e-06 8.9784845e-07 0.00018239082 1.09704594e-07 6.487694e-06 7.144502e-07 4.0230448e-06 0.25534585 3.152726e-06 0.00018269183 0.0043909745 0.012615754 1.08733424e-07 4.483389e-08 4.5618148e-05 1.5704781e-07 0.0008093579 1.2891128e-05 0.0738122 1.5352923e-07 3.2311682e-06 3.0144249e-05 0.0010567751 4.0840438e-05 2.4349092e-08 3.5714136e-06 4.91797e-07 2.0428234e-07 2.3001772e-05 3.7558974e-07 6.011686e-07 0.00031063857 1.922505e-08 6.760616e-07 0.052365456 0.00014207201 3.607462e-08 0.048181184 7.194305e-05 3.9614442e-06 8.464264e-07 6.9447284e-05 0.009558042 9.500119e-08 2.5962001e-06 0.050379552 3.4979998e-08 0.00013585272 8.34974e-06 9.3865165e-09 5.928403e-07
0.8562114 0.62570906 0.974502 0.11035927 0.20048942 6.5461556e-18 0.040651165 0.17280336 0.35427037 0.15865588 0.08717498 0.0377339 0.018852042 0.21640547 0.011419404 0.0746756 0.008891283 0.27123937 0.02305062 0.020017864 0.18385188 0.015564469 0.008194839 0.022000715 0.0028025357 0.59462273 0.77711195 0.0022594007 0.017076539 0.001053362 0.0007418827 0.0004215227 0.0025959057 0.0018258628 8.85661e-05 0.00052520644 0.00034033813 0.005959124 0.01340606 0.0011171397 6.767783e-05 0.0065436815 3.3195916e-05 9.782883e-05 0.10446935 2.024905e-05 0.00013157267 0.026531598 0.015268179 3.261224e-05 8.8811896e-05 1.0059105e-05 0.0016547716 1.7680866e-05 0.014988295 7.549345e-05 0.00027888434 0.056812163 7.399714e-05 0.0006897568 0.0073846737 0.014019115 8.294093e-07 1.3435803e-07 0.0072098663 3.668674e-06 0.0002647835 0.0068756756 0.015774874 2.154636e-06 0.00026104238 0.009652744 0.0025011098 2.8124769e-05 1.7864168e-07 0.00035154753 0.0003517352 1.0609086e-06 7.342167e-06 6.9949584e-07 7.931862e-07 0.00035931685 1.1693685e-07 5.510907e-07 0.004485869 0.00018422533 2.891834e-07 0.025116362 0.0021143395 5.9685954e-07 0.00025384355 0.000108714514 0.0014037543 2.7631862e-05 3.98294e-07 0.029187057 7.689489e-07 0.0005240397 0.0011495366 1.0028209e-08 1.5143371e-08
0.5824275 0.49439535 0.14634652 0.04777121 0.7671137 0.040651165 5.5563367e-15 0.9883677 0.000185182 0.0010422862 0.332663 0.5588512 0.6343589 0.036119517 0.15110497 2.9914015e-06 1.6252425e-05 0.10240863 9.668458e-05 3.0161155e-07 0.41506603 3.1694166e-05 8.801169e-08 0.00010874188 0.019166289 0.007977117 0.0477344 0.021579934 8.885526e-05 1.2994484e-06 1.2620332e-06 5.943353e-07 2.3130126e-07 8.342723e-07 6.288136e-08 1.3577595e-07 2.5365548e-08 0.08084711 4.0025505e-05 1.6048179e-07 4.3101288e-08 5.0081217e-06 9.940242e-10 6.964566e-09 0.6115022 7.984468e-10 6.395779e-08 1.7179069e-05 0.0017504301 4.024177e-08 1.5110711e-08 3.1461677e-11 6.8889794e-06 3.2896963e-07 0.0018689756 1.7774086e-07 7.916147e-08 0.057442736 4.4582657e-07 1.1093892e-07 7.981755e-05 0.00039123904 4.277825e-09 1.316167e-10 0.00012605127 8.268702e-09 0.059126668 3.8601367e-05 0.0045977454 9.472052e-09 2.6789778e-06 1.6296239e-05 9.931607e-07 2.5345298e-07 8.6098845e-10 4.7707114e-09 8.1904966e-10 1.2762849e-08 1.7767408e-07 2.3212972e-09 1.5246199e-08 0.021338047 3.1278438e-09 6.6006e-09 0.003256871 0.0013718375 3.2543044e-09 0.02073155 1.5388139e-06 6.5615524e-08 3.069573e-05 0.0023191446 0.000417484 5.063494e-06 1.4265007e-08 0.0025674738 1.9208467e-06 0.0021671574 0.00011315662 9.302157e-10 2.5294527e-08
0.38433215 0.39913973 0.4604008 0.015298853 0.48260477 0.17280336 0.9883677 2.4231811e-17 0.0018716705 0.0024121716 0.08438508 0.255669 0.20452675 0.013050476 0.027843678 0.00026839878 0.0002435028 0.024332024 0.00060886965 2.0857722e-05 0.06396927 0.00057902775 8.389706e-06 0.0008065912 0.009264254 0.0486322 0.48980534 0.01092688 0.00085006346 3.0918312e-05 7.4138943e-06 1.7943601e-05 5.9377594e-06 2.9673229e-05 2.094332e-06 3.509334e-06 3.5756836e-06 0.028111788 0.00030934223 1.00273355e-05 6.7876846e-07 4.1872187e-05 6.579775e-08 1.0609111e-07 0.79783005 3.465486e-08 1.3930182e-05 0.00061161595 0.039138336 2.8501418e-06 8.152469e-06 8.081129e-10 0.00013773175 1.1317734e-06 0.020614112 1.2338473e-06 2.273183e-06 0.007983784 8.565774e-06 3.7589277e-06 3.8894737e-05 0.00051515456 2.2395643e-07 3.1889265e-09 0.0010173098 2.9840515e-07 0.033541806 0.00073785806 0.00077822007 2.3900202e-07 0.00022669505 0.0006235681 8.605374e-07 5.1842735e-06 2.8897715e-09 2.896819e-07 7.076957e-08 1.3714632e-07 8.310083e-06 3.976528e-08 2.6705916e-07 0.02052435 3.1952039e-09 7.312765e-07 0.00072680594 0.000419106 7.982157e-09 0.0046322015 2.400922e-07 2.10669e-06 3.4810397e-05 0.0014664567 0.00016485591 6.9377875e-06 5.651093e-07 0.0008515902 2.5101997e-06 0.04093766 0.00016394937 8.356385e-11 3.5592713e-08
0.98017836 0.3417957 0.17311496 0.48488218 0.008234409 0.35427037 0.000185182 0.0018716705 1.4202196e-14 0.89123535 0.00093523844 0.00013741359 3.6515754e-05 0.2553159 0.00012860718 0.6701319 0.8517766 0.09601636 0.44905847 0.2849066 0.015954211 0.42683664 0.17644566 0.17064968 4.098762e-05 0.038309414 0.006755219 2.0256564e-05 0.113746785 0.1565224 0.07928269 0.12498918 0.02268285 0.13477172 0.07172302 0.057748955 0.045141906 3.6784484e-06 0.02637535 0.0073692985 0.08425369 0.024920356 0.0016001104 0.0062716226 0.0028189821 0.00036271624 0.040485907 0.018887028 4.1196377e-05 0.00531003 0.063634 0.0002056333 0.031987663 0.014605961 2.829852e-05 0.013967296 0.0007146878 0.0037282994 0.008429461 0.0047858255 0.113885015 0.08315227 0.00012522489 4.4341556e-05 7.9186815e-05 0.003792324 6.514705e-05 9.789313e-05 0.07193344 0.0069453185 0.03357785 0.0072264317 0.008817524 0.037047528 2.9902338e-05 0.0005725458 0.0002004421 0.00040376993 0.010251754 4.46941e-05 0.00031210697 2.2753304e-06 3.935543e-05 5.848427e-05 0.011922375 4.5066132e-05 1.2911467e-05 0.0038749955 0.00500704 0.00054182037 5.620404e-05 5.6781173e-06 0.018136365 0.00014285865 3.54969e-05 0.03623357 8.036194e-06 2.7461301e-06 1.2610557e-05 2.7554192e-06 9.993902e-06
0.9934621 0.653003 0.09296777 0.7440412 0.124396175 0.15865588 0.0010422862 0.0024121716 0.89123535 4.1061705e-15 0.010544366 0.0031120447 0.000345681 0.63607943 0.0011348025 0.53033876 0.21616174 0.27772078 0.075818226 0.5007889 0.033963766 0.02010722 0.4903112 0.01199334 0.0007949201 0.0012655979 0.00060372474 0.0002403567 0.004663193 0.03808637 0.036712 0.02094288 0.049333885 0.005473212 0.0041888827 0.0041978005 0.027831532 9.286463e-05 0.0011584349 0.2316495 0.0077883527 0.0008563023 0.008607817 0.016888967 0.0012446025 0.004429887 0.0010258522 0.0003981814 3.7634904e-06 0.0037861124 0.008781766 0.0057021305 0.0011422727 0.0019363655 4.721656e-07 0.000861559 0.04035542 0.042423237 0.00022645433 0.10527162 0.37044534 0.5542039 0.000289597 0.000107110944 9.486956e-06 0.0008404773 2.960155e-05 2.3421711e-05 0.30526698 0.00087342114 0.00010087805 0.0001143471 0.1751349 0.00068316574 0.0002555236 0.015910383 0.0059125717 0.00031951754 0.0008654839 7.482685e-05 0.00029245872 4.9624277e-06 0.0002846714 0.00021014227 0.075272866 5.088223e-05 7.62418e-05 0.008620148 0.014434984 0.00062823173 9.719048e-06 0.00013728472 0.14589225 8.191042e-05 0.0001513165 0.20332812 3.4755467e-05 2.1819164e-06 9.774028e-06 4.8969003e-05 9.9721816e-05
0.9860093 0.34012356 0.07675269 0.17633419 0.8326615 0.08717498 0.332663 0.08438508 0.00093523844 0.010544366 3.4416317e-13 0.69286644 0.61907977 0.2789147 0.909177 2.7575737e-05 0.00018932179 0.45136026 0.00048057336 4.5306115e-05 0.81836957 0.00042573357 3.0939194e-05 0.00023570916 0.07547083 0.0023190526 0.0013514484 0.034130782 0.00015854537 1.5264872e-05 1.0167695e-05 1.56642e-05 1.1099094e-06 4.1678566e-05 2.848278e-06 5.345122e-06 8.972073e-07 0.04712809 3.0267804e-05 2.025334e-05 2.9733138e-07 1.8716599e-05 1.0506852e-07 3.1049888e-07 0.06580388 2.8099445e-08 4.9799414e-06 0.00010075623 4.169773e-05 6.898508e-07 9.2881294e-07 1.1093616e-07 7.006991e-05 1.2846658e-06 9.983876e-05 6.5896597e-06 4.03645e-06 0.6515146 8.087576e-06 0.00017020566 0.0032366337 0.011915389 1.3457168e-07 6.6044907e-09 2.3167924e-05 3.6813223e-08 0.0089937365 4.7283543e-06 0.17286463 3.3825958e-07 0.00017792785 0.00011540186 0.002266207 6.0160222e-05 7.7559754e-08 1.5193494e-06 2.68822e-09 1.6176307e-06 0.0004750622 2.6913014e-07 7.138999e-07 0.0028284125 2.8750077e-07 2.9118883e-06 0.12902963 0.0014111428 2.0276296e-07 0.12994201 7.053816e-05 1.2717379e-05 2.5451866e-06 0.0017475347 0.035806064 9.475965e-07 2.1749859e-06 0.24886768 2.2248734e-07 0.00037867262 3.1764203e-06 9.846445e-09 1.5140065e-06
0.8900185 0.097965404 0.10179433 0.05700865 0.8202769 0.0377339 0.5588512 0.255669 0.00013741359 0.0031120447 0.69286644 1.9964441e-16 0.9409203 0.17106523 0.851627 1.7332018e-06 3.4727977e-06 0.1632453 7.1135415e-05 1.1466738e-06 0.46924296 1.3756695e-05 7.057244e-06 4.533144e-05 0.40364575 0.00024070377 0.00020999381 0.30803972 1.1080178e-05 8.932046e-08 1.0010951e-08 1.0922042e-07 5.8234345e-08 2.942715e-07 3.127052e-08 2.1174596e-08 1.11974636e-07 0.09583384 2.684958e-06 2.7150295e-06 1.0007077e-08 5.8625045e-07 2.7322534e-08 2.3964096e-08 0.029111402 1.5331027e-08 1.0315527e-07 9.963268e-06 2.0275706e-06 4.1199847e-08 9.5107076e-08 8.197785e-09 1.7543725e-05 3.2813254e-08 4.6018965e-07 9.537047e-08 1.1528421e-07 0.40966913 1.8775073e-07 1.0681589e-05 0.00062258233 0.0023228454 9.324259e-09 1.182795e-09 1.8673034e-06 1.5367387e-08 0.0076470636 3.1160954e-07 0.021286758 1.7639138e-08 1.4466983e-05 6.723357e-05 4.303945e-05 3.6778063e-06 1.0437293e-09 1.6727977e-08 2.6017916e-10 6.350762e-09 6.2784416e-06 1.1338616e-08 6.6514048e-09 0.0016809738 4.829643e-10 2.7913497e-08 0.018977763 0.0004668161 4.984628e-09 0.07336081 4.0306413e-06 1.0915738e-06 1.9198533e-05 0.0009802 0.0042446265 5.447347e-07 1.2875647e-07 0.02869418 3.9896324e-08 0.0008229549 4.4452554e-06 3.6510472e-10 8.909144e-08
0.96211785 0.10544434 0.025269417 0.027925905 0.52875817 0.018852042 0.6343589 0.20452675 3.6515754e-05 0.000345681 0.61907977 0.9409203 3.0270393e-13 0.019383356 0.72676605 2.6865048e-06 7.1415157e-06 0.15074179 5.0006645e-05 6.8925107e-07 0.5179107 9.181053e-06 3.5651536e-07 2.3708038e-05 0.3690678 0.0022467955 0.0037511622 0.34624287 2.906252e-05 3.1530044e-07 5.962673e-07 2.6196474e-07 1.6171826e-07 3.236439e-06 6.659075e-08 6.564842e-07 3.4622886e-08 0.26374665 9.091311e-06 2.120023e-07 1.2241882e-08 2.7059e-06 7.0383193e-09 1.1799114e-08 0.7978857 2.186376e-08 8.1473655e-07 1.9843845e-05 0.00039318705 1.5926952e-07 4.2455888e-08 5.724111e-09 2.952313e-06 6.119001e-07 0.00049080537 7.0807886e-07 1.2079619e-07 0.5463092 9.711187e-07 7.4200153e-07 0.00091111654 0.00093968894 1.36351765e-08 4.9949347e-09 9.975234e-05 8.096237e-09 0.69609684 0.00014301215 0.03444379 1.21898305e-08 6.862138e-05 1.4869725e-05 1.2775412e-05 5.596133e-07 2.3049433e-08 1.3116899e-08 5.564624e-10 4.7714504e-08 2.2871807e-06 1.047188e-07 1.996254e-08 0.077017225 3.3556673e-09 8.239879e-08 0.014018581 0.012615206 2.5124795e-08 0.14421341 4.892426e-06 6.686557e-07 8.4837375e-06 0.012550837 0.006210526 4.4356315e-07 2.1176386e-07 0.06456474 2.5675362e-07 0.010131269 1.2676076e-05 3.827301e-10 3.35873e-08
0.9932106 0.6278412 0.27634773 0.7464642 0.6424863 0.21640547 0.036119517 0.013050476 0.2553159 0.63607943 0.2789147 0.17106523 0.019383356 3.381097e-16 0.09248946 0.05261759 0.034892686 0.6961891 0.008240144 0.05604824 0.23301393 0.002845285 0.07160262 0.0009309391 0.013533857 0.0030644063 0.0019490165 0.006140303 0.00061676814 0.00029037325 0.00010565972 0.00020002715 0.0002069603 0.00038378578 5.6756577e-05 3.4904904e-05 0.00018300673 0.006993602 9.81561e-05 0.009975696 2.2245744e-05 2.1960315e-05 0.00012576778 3.0942556e-05 0.024676507 2.9734898e-05 9.667802e-05 0.0020650192 4.4808956e-05 2.008429e-05 5.1599487e-05 0.00066297053 0.000489953 2.950637e-05 5.394502e-05 5.7074045e-05 0.002039667 0.24110895 7.591226e-05 0.026982611 0.21938771 0.596981 2.0840394e-06 4.768601e-07 0.00025804594 1.1449047e-06 0.0006149841 0.001244107 0.66414404 2.303179e-06 0.0002454133 0.00052790786 0.09651337 0.00084273465 1.7383683e-06 0.001139752 0.00019659613 3.5646556e-06 0.0007489842 6.048557e-06 8.311978e-06 0.00021832738 3.9860806e-06 2.7805483e-05 0.6562818 0.0012980952 3.4392622e-06 0.040114537 0.005836551 0.00013469566 0.00013486494 0.0007415407 0.5783007 1.9709707e-05 9.9497716e-05 0.5623865 4.514991e-06 0.0002220868 0.00019232644 2.6762352e-06 1.08353115e-05
0.98245984 0.054010786 0.012000875 0.030235546 0.49916342 0.011419404 0.15110497 0.027843678 0.00012860718 0.0011348025 0.909177 0.851627 0.72676605 0.09248946 8.441485e-14 1.810252e-05 7.999068e-05 0.15628122 0.0003025587 9.253538e-06 0.553759 9.308622e-05 9.895959e-06 0.00010650234 0.60937625 0.0003495816 7.162705e-05 0.23041385 0.00010028315 9.031338e-06 1.3350979e-05 6.640773e-06 5.320502e-06 4.7858273e-05 2.7667525e-06 2.3142506e-05 2.0936481e-07 0.10627619 6.0136703e-05 2.913788e-06 7.3622545e-08 5.1225925e-05 1.8704159e-07 2.6123425e-07 0.015959524 7.730012e-08 2.933551e-06 9.771274e-05 6.1312734e-05 9.765154e-07 6.701968e-07 1.5759083e-08 0.00013091956 5.311215e-06 0.00018310189 1.6460572e-05 9.841508e-07 0.8082452 1.1382718e-05 1.5142846e-05 0.0010762172 0.005278177 1.15799345e-07 1.6951523e-08 0.0001522076 1.4790946e-07 0.020657992 3.557278e-05 0.046349257 5.407992e-07 5.8304227e-05 6.830941e-05 0.000343226 6.7943554e-05 5.741448e-07 1.3070864e-07 6.6316386e-10 3.413575e-06 4.16796e-05 7.384753e-07 1.3492333e-06 0.0029901683 5.648124e-07 3.5957084e-06 0.101107605 0.0054677688 7.4224994e-07 0.22794095 4.312633e-06 8.258076e-06 3.380971e-05 0.006480933 0.020650843 5.7077555e-06 3.6053611e-06 0.08224242 7.4650933e-07 0.0005866409 5.7264377e-05 9.786088e-08 4.9232654e-06
0.9737501 0.0063328943 0.031692773 0.06346874 1.6210694e-05 0.0746756 2.9914015e-06 0.00026839878 0.6701319 0.53033876 2.7575737e-05 1.7332018e-06 2.6865048e-06 0.05261759 1.810252e-05 1.2830657e-15 0.9126178 0.010074144 0.31505108 0.54144466 0.0014848171 0.12346762 0.25335887 0.03461123 5.561436e-06 0.004152465 8.785274e-05 3.3882898e-06 0.036611553 0.5981782 0.46678507 0.4408783 0.4533315 0.13326538 0.108943634 0.12077033 0.15926193 3.8745793e-07 0.0045485115 0.03135796 0.14704236 0.0071966457 0.002373864 0.014592241 0.00022097766 0.00078084174 0.03273558 0.0013666969 5.39164e-06 0.030207869 0.10001776 0.0013430617 0.013526967 0.036872845 1.2319796e-05 0.017489368 0.0035835388 0.0007780996 0.006907584 0.022469923 0.0657352 0.112424195 0.0004550841 0.00015024767 2.9089697e-05 0.009505659 2.7656513e-05 1.0246817e-05 0.0144486055 0.024044348 0.0024121497 0.00032692906 0.032728642 0.019317642 0.0002503563 0.0034598862 0.0025050307 0.0050163507 0.012518174 0.0004112746 0.003042189 2.158059e-07 0.00029135076 0.0015205716 0.0018699355 1.0667163e-05 0.000115886905 0.0011202731 0.004687355 0.003512324 1.5376132e-05 2.6032935e-06 0.006423817 0.00014477647 0.00029567257 0.0077263797 9.08426e-05 6.489189e-07 5.9730232e-06 6.337646e-05 4.3533288e-05
0.93323696 0.0028248138 0.016966997 0.03316062 8.49237e-05 0.008891283 1.6252425e-05 0.0002435028 0.8517766 0.21616174 0.00018932179 3.4727977e-06 7.1415157e-06 0.034892686 7.999068e-05 0.9126178 8.6157305e-18 0.01987883 0.9251923 0.17282352 0.0020354805 0.55731136 0.052317195 0.16178705 1.8330184e-05 0.0022022817 0.00010547679 3.4497348e-06 0.055097766 0.30345938 0.24218756 0.23446324 0.066586345 0.20632274 0.080191396 0.09228085 0.0114378845 2.7966323e-07 0.004099548 0.0024036556 0.107888095 0.006131388 0.00021927891 0.0013071328 3.415001e-06 0.00023309997 0.032696214 0.0015699443 8.461819e-07 0.0025269638 0.014753875 0.00011957387 0.0064666523 0.0054224064 7.1890446e-07 0.005945815 0.0007321003 0.00093154213 0.004374027 0.0014285402 0.0114848735 0.005723206 1.9164763e-05 3.8137005e-06 6.6107336e-06 7.42626e-05 1.6045465e-06 5.636461e-06 0.0025992936 0.0001973624 0.0027963258 0.0009568607 0.0029460622 0.005656127 4.5869883e-06 9.1872505e-05 0.00016933688 5.0781688e-05 0.0022531499 7.677666e-06 3.5971512e-05 2.3616532e-07 2.0456444e-05 1.3181374e-05 0.000878367 4.4310045e-06 5.2281143e-06 0.0019055579 0.00047029564 0.0001087368 5.938444e-06 2.02119e-06 0.001060461 0.0001001123 8.343189e-06 0.005112402 1.2031884e-05 1.17443236e-07 1.12404105e-05 6.4686503e-07 2.3125306e-06
0.9989898 0.67641497 0.3119333 0.6097439 0.52841204 0.27123937 0.10240863 0.024332024 0.09601636 0.27772078 0.45136026 0.1632453 0.15074179 0.6961891 0.15628122 0.010074144 0.01987883 4.6792086e-15 0.0048623225 0.0011126033 0.6532743 0.0076510673 0.0016118854 0.0023286701 0.011975739 0.046983354 0.0037825971 0.006417715 0.0014269239 0.00039907807 0.0003079127 0.00042760858 0.0001161621 0.0002342552 6.741777e-05 0.000112734495 0.00016714713 0.0069980253 0.00023797233 0.00045703282 0.00014257745 0.0001235794 5.265957e-05 5.129554e-05 0.008230507 1.4267171e-06 7.858533e-05 0.00048870913 0.0006861759 1.16476185e-05 6.257804e-05 1.0491353e-05 0.0003165733 0.00011403868 0.001648068 0.00020821305 3.5685283e-05 0.12418099 0.00011814237 0.001270095 0.041746754 0.19229384 2.006056e-06 2.1039543e-07 0.00095622754 5.3777694e-06 0.0024651734 0.0005394454 0.5800607 3.9226993e-06 0.0012861638 0.0027583116 0.012821585 0.00020905469 1.7765927e-06 1.3265629e-05 2.3452735e-07 2.2682598e-05 0.0003161895 7.5155867e-06 1.6167987e-05 0.0013808529 7.231951e-06 3.8280992e-05 0.5894515 0.0017928438 1.0822846e-05 0.049918693 0.00047308535 0.00010798891 9.50724e-05 0.0031805371 0.43887964 9.122689e-06 3.0459762e-05 0.5050364 1.739247e-06 0.00032979407 0.0007484387 2.007071e-07 1.578087e-05
0.70419466 0.0056623197 0.028837904 0.01665988 0.00018897434 0.02305062 9.668458e-05 0.00060886965 0.44905847 0.075818226 0.00048057336 7.1135415e-05 5.0006645e-05 0.008240144 0.0003025587 0.31505108 0.9251923 0.0048623225 3.879492e-17 0.055102926 0.0008817514 0.94040495 0.012329011 0.5552271 1.4873668e-05 0.0034925903 0.00042242717 1.4009813e-05 0.19053902 0.22442009 0.25962764 0.13893932 0.03618165 0.73412097 0.20074943 0.3827748 0.004551425 1.7002055e-06 0.0383789 0.0012922555 0.12894993 0.05654895 0.0003774626 0.0013491568 0.00019046648 0.0003173995 0.10138479 0.0072390926 3.1912862e-06 0.0038802524 0.008512513 0.00020402913 0.029318195 0.017443337 2.044401e-06 0.019522065 0.00056363706 0.0005677468 0.014796859 0.00038273094 0.0031263456 0.0024322628 0.00015172805 3.656022e-05 6.6634084e-06 0.00027133088 1.15239145e-05 1.7172351e-05 0.00038094094 0.00047315416 0.0074381894 0.0029483992 0.00054391974 0.011295797 3.4866112e-05 8.3805935e-05 0.00020597597 0.00023102273 0.0038139229 4.3713135e-05 0.00013894723 4.490099e-06 2.5116447e-05 6.824832e-05 0.00024107203 5.9534632e-05 8.433151e-06 0.0012217804 0.000353365 0.00021069734 2.358923e-05 2.8860319e-05 0.00025870357 0.00025464516 2.4509347e-05 0.002536576 2.2898268e-05 3.9540237e-06 1.7174283e-05 4.891933e-07 4.5278534e-06
0.8772612 0.014926188 0.004646894 0.060074046 0.0004125332 0.020017864 3.0161155e-07 2.0857722e-05 0.2849066 0.5007889 4.5306115e-05 1.1466738e-06 6.8925107e-07 0.05604824 9.253538e-06 0.54144466 0.17282352 0.0011126033 0.055102926 1.928436e-12 0.00033786 0.054158926 0.98986876 0.029195184 4.9752055e-07 0.0030830498 0.00052411866 1.9850428e-07 0.022674218 0.1965948 0.12684272 0.1540102 0.24654596 0.033129405 0.06751848 0.030789495 0.5504326 1.5007222e-08 0.0043289945 0.25982124 0.12550978 0.0071336026 0.2971419 0.27579284 0.000628262 0.16323544 0.030253205 0.006407352 1.20643535e-05 0.28337374 0.28952828 0.030491224 0.005420597 0.06996898 2.195148e-05 0.027000947 0.021772478 7.418247e-05 0.0062192245 0.06816015 0.030569531 0.15290064 0.113407895 0.050530534 3.2934695e-05 0.14326203 5.483154e-07 1.2078041e-05 0.0070952456 0.085999526 0.003940679 0.0011654481 0.060061842 0.030595291 0.042094193 0.004712513 0.005228628 0.0626456 0.08271682 0.04680917 0.0443062 1.2692691e-08 0.0141410725 0.039180007 0.0019444837 2.1845333e-08 0.034756728 2.4692812e-05 0.006516852 0.076068446 4.306871e-06 4.642935e-08 0.016205918 0.0005748168 0.02565821 0.0021373294 0.002861686 2.3833174e-07 2.7804062e-06 0.0031762463 0.004707736
0.99909467 0.6418855 0.29349038 0.38193622 0.7855287 0.18385188 0.41506603 0.06396927 0.015954211 0.033963766 0.81836957 0.46924296 0.5179107 0.23301393 0.553759 0.0014848171 0.0020354805 0.6532743 0.0008817514 0.00033786 5.5650424e-12 0.0015081264 0.000351451 0.00041554877 0.03266137 0.017782575 0.002326955 0.016512193 0.00042219675 7.336319e-05 4.9077793e-05 0.00014759433 3.7208843e-05 0.00012605861 3.2172225e-05 4.5610188e-05 5.135227e-05 0.014754017 0.00011741397 6.402886e-05 5.8066566e-05 9.173722e-05 1.5727623e-05 8.363184e-06 0.009124809 2.5759363e-07 7.308046e-05 0.0003629179 0.00095939444 3.034241e-06 2.8890001e-05 9.473299e-07 0.00020951552 7.300661e-05 0.0018612444 0.00016256898 2.3425296e-06 0.38510725 6.46328e-05 0.0001426875 0.011333877 0.0120425895 7.2181587e-07 2.8631858e-08 0.0013728779 2.902946e-06 0.0030815166 0.00053499575 0.33504474 2.7793592e-06 0.0008707024 0.0015972342 0.0015022388 8.23627e-05 3.6485883e-07 4.0926505e-08 2.4415674e-09 1.5351912e-05 8.4209234e-05 7.247513e-06 9.238319e-06 0.0024272667 8.5104415e-07 1.5219925e-05 0.39310598 0.0031553118 2.4469748e-06 0.10490016 1.6026112e-05 2.2927112e-05 4.9616305e-05 0.0043792967 0.1691591 2.5194715e-06 1.2139499e-05 0.35082838 5.004548e-07 0.0006743976 0.0005787558 2.7988452e-08 4.0887185e-06
0.9381366 0.0052634287 0.0076205926 0.011327442 0.00010611322 0.015564469 3.1694166e-05 0.00057902775 0.42683664 0.02010722 0.00042573357 1.3756695e-05 9.181053e-06 0.002845285 9.308622e-05 0.12346762 0.55731136 0.0076510673 0.94040495 0.054158926 0.0015081264 7.574331e-15 0.014995644 0.8302351 8.079512e-06 0.035633482 0.00039860295 1.7601045e-06 0.49011746 0.10607613 0.03693034 0.15298004 0.0037221357 0.8534893 0.38447556 0.29934505 0.003859182 1.4652795e-07 0.16472912 0.00032816074 0.36845455 0.23303401 0.000104897576 0.0007151282 0.00059039344 1.650465e-05 0.43433574 0.16295874 1.17063955e-05 0.0005624675 0.022189759 1.40470975e-05 0.30383092 0.013292501 8.158722e-06 0.03144413 4.1435935e-05 0.0006295641 0.12499076 5.2910254e-05 0.0037317 0.0008450134 1.061738e-05 1.4657455e-06 8.074771e-05 6.866563e-05 1.113932e-05 7.534572e-05 0.00045059068 0.00013000397 0.47073498 0.14459608 0.0002969677 0.13615386 1.0686218e-06 3.586428e-06 2.1549977e-06 0.00012054068 0.011204746 1.5471036e-05 8.0253914e-05 2.3655923e-06 7.7200707e-07 2.9075718e-05 0.00019781484 2.9531257e-05 9.505335e-07 0.0015808872 0.00080115313 0.000313006 0.0027384923 1.924103e-06 0.00035260286 0.0016266918 1.9234029e-05 0.0035590578 8.086145e-05 2.9357257e-06 0.00022357074 2.6127745e-08 3.9514075e-06
0.95562404 0.007649689 0.0016782661 0.042859245 0.0002265306 0.008194839 8.801169e-08 8.389706e-06 0.17644566 0.4903112 3.0939194e-05 7.057244e-06 3.5651536e-07 0.07160262 9.895959e-06 0.25335887 0.052317195 0.0016118854 0.012329011 0.98986876 0.000351451 0.014995644 4.1845806e-14 0.0039646686 1.0604646e-06 0.0005457591 0.000117624775 2.952089e-07 0.003655229 0.08148956 0.035764296 0.059926588 0.12232449 0.0071702646 0.013878654 0.0067905243 0.29909614 3.9852445e-08 0.00044044436 0.5947361 0.028453706 0.0006849905 0.2156236 0.14901333 0.00017815758 0.1529773 0.0052038226 0.0002167945 6.1039136e-06 0.123749286 0.09483997 0.058184724 0.0004586241 0.015879262 8.15838e-06 0.0061882907 0.08240054 0.00029719435 0.00053809123 0.41871434 0.1777162 0.53148067 0.058069613 0.033325244 7.1226746e-06 0.04526926 4.5199042e-07 3.881338e-06 0.023209676 0.023204697 0.00017074641 4.24039e-06 0.22507769 0.002609289 0.027684215 0.008338098 0.010136923 0.028192142 0.027484592 0.026589269 0.021817941 9.122919e-09 0.009406035 0.02244782 0.009194671 2.736341e-07 0.018091511 2.239671e-05 0.022348525 0.03220585 3.3113676e-07 8.007463e-07 0.10213894 0.0001083602 0.0141019635 0.0073756506 0.00041393482 2.0529731e-07 5.554458e-07 0.002381551 0.002139739
0.719488 0.0065164138 0.014803912 0.0059038014 3.39986e-05 0.022000715 0.00010874188 0.0008065912 0.17064968 0.01199334 0.00023570916 4.533144e-05 2.3708038e-05 0.0009309391 0.00010650234 0.03461123 0.16178705 0.0023286701 0.5552271 0.029195184 0.00041554877 0.8302351 0.0039646686 1.4258326e-14 1.2554806e-05 0.16520631 0.0009293832 3.094626e-06 0.98593664 0.023855321 0.009123069 0.034692876 0.0024543158 0.6567115 0.21389312 0.1496153 0.0012071392 6.9149354e-07 0.40488318 4.842102e-05 0.13846081 0.4668185 9.599554e-06 0.00016495075 0.00012073937 5.8830115e-06 0.24562994 0.2583155 1.7783379e-05 0.0001473769 0.002981219 1.9730949e-06 0.2407984 0.006295527 1.3113228e-05 0.013861834 2.5944046e-05 0.00038826565 0.07279251 7.602147e-06 0.0007934057 0.0004026143 1.1584734e-06 5.337677e-07 8.7859786e-05 2.538444e-05 7.7015875e-06 0.00013426499 0.00013611585 3.185693e-05 0.2522472 0.12169371 7.46241e-05 0.06618966 7.2126124e-07 2.1160652e-06 1.5367285e-06 1.2771525e-05 0.0013056793 1.0583802e-06 4.453521e-06 2.232228e-06 3.0321857e-07 2.6520324e-06 6.8513094e-05 3.8298924e-05 5.6667464e-08 0.00082158844 0.00029344074 3.20563e-05 0.001994113 2.7726612e-06 3.9285645e-05 0.00034248445 6.241925e-07 0.0011381004 6.373786e-06 1.944848e-06 0.00050240516 4.610249e-08 3.6365032e-07
0.84305215 0.0021156154 0.0021574541 0.0038119715 0.022172876 0.0028025357 0.019166289 0.009264254 4.098762e-05 0.0007949201 0.07547083 0.40364575 0.3690678 0.013533857 0.60937625 5.561436e-06 1.8330184e-05 0.011975739 1.4873668e-05 4.9752055e-07 0.03266137 8.079512e-06 1.0604646e-06 1.2554806e-05 8.144622e-13 0.00015797772 2.2936397e-06 0.9750187 6.0534676e-06 6.3176896e-07 2.655871e-07 3.784341e-07 4.9253055e-07 7.1643e-06 1.7629023e-07 5.28385e-07 2.5372967e-07 0.7462888 1.3320863e-05 4.437208e-06 2.223748e-08 2.7047981e-06 1.6680895e-07 4.3156467e-07 0.0060653496 5.701167e-08 8.9140275e-07 1.260547e-05 2.5611045e-05 1.585539e-07 6.363063e-07 2.3012664e-08 0.00027951406 1.4850798e-06 5.015599e-05 1.8267979e-06 3.129349e-06 0.73846555 8.618396e-06 4.996186e-06 0.00080712565 0.0036882968 4.0362283e-07 2.8824516e-08 1.6440632e-05 5.8726215e-07 0.091693945 6.232969e-06 0.018357718 3.4835168e-07 6.154801e-05 3.3173765e-05 0.00015490752 3.3127988e-05 9.7695825e-08 6.5392385e-08 5.100285e-09 3.0362644e-06 1.7352188e-05 2.5908873e-06 1.4400326e-06 0.007269259 8.1034244e-08 1.1576462e-06 0.13204004 0.020793589 1.2115644e-06 0.5723136 7.362904e-07 1.5441194e-06 7.061721e-06 0.016276587 0.015497432 2.214578e-06 1.6505727e-06 0.024527645 8.013831e-08 0.0007663073 4.9227892e-05 3.827042e-08 2.4412884e-07
0.63775754 0.07611768 0.14533357 0.009529903 0.00079564546 0.59462273 0.007977117 0.0486322 0.038309414 0.0012655979 0.0023190526 0.00024070377 0.0022467955 0.0030644063 0.0003495816 0.004152465 0.0022022817 0.046983354 0.0034925903 0.0030830498 0.017782575 0.035633482 0.0005457591 0.16520631 0.00015797772 8.890382e-13 0.9802425 0.00019748026 0.45636195 0.002350362 0.00038450287 0.002512444 0.00019936173 0.0026936522 0.00032350136 0.00046717213 0.0006089225 0.00036219961 0.74380845 9.59285e-07 0.0005612546 0.4324233 7.7802315e-06 2.9191215e-05 0.03386573 6.6166086e-07 0.0003772922 0.7796933 0.015166289 3.9894523e-05 0.00015095013 9.950255e-07 0.01719646 0.00018746084 0.017024431 7.672122e-05 1.517608e-07 0.007018471 0.00021214277 1.746353e-07 0.0015947131 0.0005234101 1.882315e-06 1.5456996e-07 0.09621967 5.2204864e-06 0.00031701347 0.36958086 0.014416343 5.259154e-06 0.038903307 0.42428762 4.718917e-06 9.011297e-05 9.368991e-08 1.5116886e-07 1.3577641e-06 7.3156357e-06 4.3682132e-05 2.7784474e-06 6.8300187e-06 6.020849e-05 1.1857813e-07 8.2489095e-07 0.0010708816 0.0005269094 6.0315756e-08 0.013920607 0.0011046696 2.834534e-06 0.019246567 5.0217353e-05 0.00017973136 3.822654e-06 4.0928165e-07 0.02512142 1.2775423e-07 2.3708582e-05 0.08031695 1.7186709e-08 7.040982e-08
0.101780556 0.23685302 0.5988755 0.002791551 0.002769317 0.77711195 0.0477344 0.48980534 0.006755219 0.00060372474 0.0013514484 0.00020999381 0.0037511622 0.0019490165 7.162705e-05 8.785274e-05 0.00010547679 0.0037825971 0.00042242717 0.00052411866 0.002326955 0.00039860295 0.000117624775 0.0009293832 2.2936397e-06 0.9802425 3.7677923e-21 3.9060673e-05 0.002415217 5.188816e-07 1.6110576e-07 1.2390333e-06 4.6337874e-08 1.3509876e-05 1.7551488e-07 1.4887446e-07 1.902968e-07 4.7893976e-05 0.012529419 1.3300963e-06 1.6441416e-07 0.0027935097 6.4020134e-07 1.3850303e-07 0.4727715 4.980183e-08 4.9044945e-07 0.11324518 0.6095323 5.551071e-08 5.430098e-08 2.3508884e-08 0.0008433059 5.7027226e-08 0.4829269 4.9420044e-07 4.7063818e-08 0.0026830486 2.2518993e-06 1.4265218e-07 0.00063059607 0.00021372775 1.5397108e-08 1.5273082e-09 0.46754858 2.0480657e-08 0.00016007193 0.5778447 0.0005730303 1.3267593e-08 0.00036903107 0.06240618 2.8653767e-06 1.0157195e-06 3.9815554e-10 6.33081e-08 1.2979157e-05 3.6714052e-09 7.548787e-08 3.8695758e-09 5.395386e-09 0.00035116874 1.1083011e-09 2.2817763e-09 0.0006502319 5.68876e-07 3.9465264e-10 0.003973204 0.00015674594 2.6388816e-09 0.004711455 3.194776e-06 5.0557617e-05 4.6628256e-07 1.3572203e-08 0.0045406907 1.1288854e-08 0.0013109873 0.0069504133 1.4233086e-10 9.140669e-09
0.78412586 0.0023864596 0.0033104743 0.0021803973 0.017280452 0.0022594007 0.021579934 0.01092688 2.0256564e-05 0.0002403567 0.034130782 0.30803972 0.34624287 0.006140303 0.23041385 3.3882898e-06 3.4497348e-06 0.006417715 1.4009813e-05 1.9850428e-07 0.016512193 1.7601045e-06 2.952089e-07 3.094626e-06 0.9750187 0.00019748026 3.9060673e-05 7.184187e-14 2.845685e-06 2.2483489e-07 1.1993207e-07 2.7565954e-07 3.1204638e-07 2.084459e-06 1.2691994e-07 3.1135139e-07 4.087525e-08 0.95504624 7.1299532e-06 4.1465182e-07 1.7335157e-08 2.2850725e-06 4.8208033e-08 1.7212604e-07 0.016704435 7.09032e-08 8.294513e-07 1.6981872e-05 7.492218e-05 1.2239484e-07 3.4552775e-07 1.4633237e-08 0.00014435074 3.830155e-07 6.901068e-05 1.2083531e-06 1.0139632e-07 0.4814787 1.0347886e-05 5.8559107e-07 0.00013730463 0.000698167 4.6766555e-08 1.0240753e-08 2.7801612e-05 1.1123513e-07 0.2213131 2.3087106e-05 0.011279291 1.3924827e-07 0.0001525177 7.589149e-05 3.806092e-06 7.5928297e-06 1.6372919e-08 2.3916504e-09 5.359036e-10 6.431828e-07 3.1783688e-06 5.921482e-07 3.640556e-07 0.032240313 4.661069e-09 5.0585925e-07 0.08325162 0.055660315 1.8656931e-07 0.46788165 9.142661e-08 5.9804813e-07 1.4032115e-05 0.054617904 0.004322075 1.0279562e-06 7.40068e-07 0.01554939 8.164271e-08 0.002905792 5.374629e-05 6.6539385e-10 5.5419417e-08
0.6353094 0.0044321674 0.009349393 0.0026627732 1.171161e-05 0.017076539 8.885526e-05 0.00085006346 0.113746785 0.004663193 0.00015854537 1.1080178e-05 2.906252e-05 0.00061676814 0.00010028315 0.036611553 0.055097766 0.0014269239 0.19053902 0.022674218 0.00042219675 0.49011746 0.003655229 0.98593664 6.0534676e-06 0.45636195 0.002415217 2.845685e-06 2.92409e-14 0.018583622 0.00736028 0.030028801 0.0012211759 0.46284768 0.14493679 0.0822615 0.00238056 3.9877597e-07 0.7136251 3.6608435e-05 0.10331187 0.7260656 1.1060869e-05 0.00011389011 0.0003494006 1.8983686e-06 0.27494332 0.48931858 4.7868583e-05 0.00015506583 0.0021521207 4.606312e-06 0.4382027 0.0036999611 2.3201728e-05 0.013699182 1.2370314e-05 0.00033908358 0.16628896 1.9973377e-06 0.0006116233 0.00020306573 1.5529477e-06 2.8704872e-07 0.00032169357 3.7711663e-05 1.5468955e-05 0.000808478 6.64568e-05 3.811837e-05 0.49874318 0.37657496 1.937605e-05 0.15919152 1.5615187e-07 8.9147676e-07 1.749221e-06 1.0848339e-05 0.001137233 1.3324362e-06 6.411022e-06 2.052058e-06 1.2138861e-07 1.4935777e-06 1.5639303e-05 1.165153e-05 5.4308543e-08 0.0007784599 0.0003963468 1.9605868e-05 0.010404718 1.0503711e-06 1.1976771e-05 0.0017143316 1.363138e-06 0.00088499364 3.1640031e-06 6.2592e-07 0.0048528537 8.946842e-09 5.8895034e-07
0.89682513 3.5997935e-05 0.00017425577 0.0014431913 1.1062002e-06 0.001053362 1.2994484e-06 3.0918312e-05 0.1565224 0.03808637 1.5264872e-05 8.932046e-08 3.1530044e-07 0.00029037325 9.031338e-06 0.5981782 0.30345938 0.00039907807 0.22442009 0.1965948 7.336319e-05 0.10607613 0.08148956 0.023855321 6.3176896e-07 0.002350362 5.188816e-07 2.2483489e-07 0.018583622 2.6781273e-17 0.94060457 0.9216816 0.82741076 0.29443085 0.37399882 0.31226638 0.524262 1.184552e-08 0.002646805 0.008750052 0.58369106 0.0067408653 0.0031196102 0.075730845 2.6798314e-06 0.0012735075 0.22106107 0.0038325784 5.809065e-07 0.30538842 0.45987752 0.0002722635 0.038355764 0.16631767 4.1615368e-07 0.103660144 0.0010960652 2.3561573e-05 0.035008695 0.001367626 0.005031613 0.0027148386 0.0023693338 0.00014576245 2.8980169e-06 0.023692882 2.6527064e-07 1.0749534e-05 0.00013580336 0.02201637 0.018716548 0.0040120953 0.0008960945 0.1047324 8.454963e-05 0.00053509726 0.0015311207 0.014589694 0.111909434 0.0011954469 0.0072688153 1.2421276e-07 7.437061e-05 0.0055330168 0.00016338249 1.0575211e-07 4.2143005e-05 6.52056e-05 0.0003944516 0.028638978 1.9905996e-05 1.15348e-07 0.00017353536 0.0011667403 0.0012417766 0.0014100275 0.0018397919 1.0857276e-06 3.5491215e-05 8.635398e-07 6.6179724e-05
0.5986848 3.258149e-05 8.12726e-05 0.00047908828 5.516344e-07 0.0007418827 1.2620332e-06 7.4138943e-06 0.07928269 0.036712 1.0167695e-05 1.0010951e-08 5.962673e-07 0.00010565972 1.3350979e-05 0.46678507 0.24218756 0.0003079127 0.25962764 0.12684272 4.9077793e-05 0.03693034 0.035764296 0.009123069 2.655871e-07 0.00038450287 1.6110576e-07 1.1993207e-07 0.00736028 0.94060457 1.2244341e-18 0.9204236 0.8332968 0.22606237 0.24043354 0.31561947 0.41437453 4.298239e-09 0.0011063023 0.009987086 0.40067625 0.0019799715 0.0034636876 0.03573735 3.0887734e-06 0.0014041808 0.113514856 0.0005912901 2.3287427e-07 0.29350975 0.25481603 0.00034403484 0.013015253 0.14321297 9.7848925e-08 0.069994904 0.0013488596 3.228487e-05 0.016542897 0.0008304344 0.001614286 0.0024360593 0.0027946434 0.00014215548 7.4282286e-07 0.008782691 6.3179004e-07 6.259495e-06 0.000114983646 0.008544832 0.0016774315 0.0004484506 0.0008446508 0.021226777 0.00012247512 0.0005378457 0.0010962664 0.004976848 0.01789466 0.0006600698 0.0023704446 6.9034144e-08 0.00011044916 0.0010850824 8.330066e-05 1.6634478e-07 4.8938982e-05 6.88195e-05 0.0001972145 0.0038484866 5.474744e-06 1.7527752e-07 0.00010479759 0.00073018833 0.00020352329 0.0007609176 0.0006338435 7.010693e-07 2.472328e-05 1.0769518e-06 3.4777546e-05
