1.2754805e-25 0.1661934 0.32316193 0.46252045 0.2784086 0.63369906 0.40860876 0.77346987 0.48331815 0.49664286 0.07943292 0.035911325 0.8251137 0.011581599 0.06143611 0.55212075 0.048203673 0.048283037 0.44163227 0.73439556 0.9140507 0.8514466 0.5451357 0.97648305 0.018596565 0.57447135 0.36573374 0.5789234 0.9604824 0.8089986 0.87442005 0.76415837 0.22870891 0.9417079 0.88143533 0.8725634 0.95907426 0.6868451 0.57376045 0.008068033 0.0070444588 0.81396306 0.048516247 0.1683454 0.19303824 0.80328304 0.0072289025 0.9822421 0.7903848 0.50096536 0.40370265 0.21029611 0.014738863 0.0031004518 0.0009157884 0.0037412054 0.007550332 0.68407756 1.6238962e-05 2.223426e-06 0.00037828294 0.92132634 0.5866424 0.9475873 0.57883143 0.5854791 0.56544244 0.8164111 0.00019116163 0.45810437 0.04665825 0.124593854 0.0024862867 0.99726975 0.96252394 4.6032314e-05 0.8197057 0.99369466 0.99871075 0.823208 0.8718103 0.99885327 0.24886735 0.99937946 3.1844488e-06 2.692825e-06 0.9878193 0.9994373 0.9987673 0.9991336 0.97280943 0.9999008 7.97102e-09 2.3106567e-08 0.9996802 1.9156055e-08 0.99935436 0.99999917 1.2177995e-07 0.037004977 0.9929408
0.1661934 1.08207427e-16 0.96604556 0.8675876 0.7560386 0.45837495 0.38147816 0.69781333 0.045844074 0.050265644 0.19789702 0.060425952 0.039053477 0.020072136 0.04798162 0.017502474 0.07667573 0.02507584 0.19094615 0.008619851 0.16792023 0.10847337 0.008357288 0.02412744 0.020471549 0.05603607 0.0029014805 0.042842846 0.023331968 0.005847736 0.013801572 0.009787321 0.005518286 0.0046821674 0.0021701183 0.015291756 0.0009290335 0.0017531283 0.011094385 0.0034789674 0.004805606 0.0021978074 0.0010149792 0.0002978606 0.00033924315 0.0077462597 0.0009886777 0.03964798 4.0120587e-05 8.999243e-06 9.952797e-07 2.18154e-06 2.4111354e-05 0.0014478528 5.093573e-05 1.7075285e-05 0.0019782882 3.6124334e-06 0.0011330348 0.00015765984 1.3011628e-05 0.0005891863 7.615179e-06 0.0026587474 1.2374787e-05 6.1903174e-06 2.2333812e-05 0.00067079475 1.887619e-05 0.0022534605 1.738466e-06 3.108721e-06 0.00051326584 0.023194043 3.6333382e-05 2.3219204e-06 0.00010824163 0.0024705313 0.013197287 2.9306987e-06 6.930169e-06 0.00015589947 0.00093341136 0.014759758 5.3790745e-07 6.0996696e-05 0.002638345 0.009402381 0.0018229745 0.00045213595 0.00292845 0.0048876256 0.00012037835 0.00021957522 0.0026206484 6.266681e-06 0.00086084736 0.0029825156 4.589813e-05 0.0006977284 0.0069274907
0.32316193 0.96604556 3.097417e-17 0.8539733 0.81429875 0.57556283 0.51135063 0.75643474 0.057833925 0.06271692 0.36357182 0.058809847 0.054162625 0.019557504 0.044343453 0.018841676 0.12663557 0.028191812 0.15975808 0.007832979 0.19988285 0.1362206 0.0070070047 0.046290122 0.024308529 0.033757355 0.0020999783 0.036539383 0.017638335 0.0037138439 0.011900665 0.0064384593 0.009324977 0.005918411 0.00093545427 0.010254145 0.00059183233 0.0010264828 0.005614354 0.014622778 0.013699601 0.0012079626 0.001473336 0.00025512572 0.00025688822 0.0041325046 0.0024116493 0.03600194 1.0142167e-05 3.974913e-06 1.7207515e-07 8.1570454e-07 3.867761e-05 0.0029000503 9.922282e-05 1.1305247e-05 0.0014796485 7.4632277e-07 0.0013986377 8.3752006e-05 1.1761911e-05 0.0003107485 9.909894e-07 0.0016904074 8.022828e-07 1.1661184e-06 4.60596e-06 0.0003194493 1.4282479e-05 0.002200731 1.8801172e-06 2.967378e-06 0.00040841065 0.027147258 3.021573e-06 5.745655e-07 4.1806154e-05 0.0021708447 0.022566203 3.799535e-06 4.3368514e-06 9.063941e-05 0.0012880125 0.012632308 2.8492926e-07 3.6588575e-05 0.0022058517 0.013241443 0.0025385143 0.00035548207 0.002783962 0.0035338525 2.7402897e-05 5.616128e-05 0.0016641064 8.825825e-07 0.0004406445 0.003446246 9.706627e-06 0.000120641525 0.007217554
0.46252045 0.8675876 0.8539733 1.7025884e-16 0.45363462 0.16455734 0.35687512 0.8176614 0.014639088 0.01855165 0.72321546 0.61149555 0.014424072 0.3284396 0.019603709 0.0074933935 0.1827382 0.46526632 0.8214648 0.0024380884 0.07830446 0.039572895 0.0028089094 0.013879282 0.012826667 0.06075122 0.00015184589 0.008083528 0.0056357626 0.0005041457 0.0029017543 0.0010371084 0.0021504946 0.0025748913 0.00019183532 0.0055662356 3.8183425e-05 0.00029189058 0.024853183 0.0012350847 0.0024263053 0.0001418712 0.00014020111 1.3168646e-05 4.0766463e-05 0.0077531408 0.00020526945 0.05346812 3.276124e-07 3.827318e-07 2.120212e-08 1.7680681e-07 7.397364e-07 0.027054327 4.773044e-06 2.906033e-07 0.015102732 4.1541913e-08 0.002879913 2.429425e-05 5.180949e-07 6.241936e-05 1.6908674e-08 0.0009285437 8.371777e-08 1.7761725e-08 6.8465147e-07 6.947199e-05 7.286207e-07 0.0101453075 4.202939e-06 1.35269e-06 0.0026748476 0.034675553 3.0271642e-07 1.9750408e-07 1.9471818e-05 0.0019023712 0.015763368 1.7241386e-07 1.1586071e-06 6.8447293e-06 0.002683409 0.008652764 2.990108e-07 0.00047813018 0.0019770148 0.005202386 0.0020731874 0.00014433876 0.00368412 0.004215446 0.00015025283 0.00012322822 0.0011017154 1.913876e-06 0.0016150482 0.009151463 1.1761732e-05 0.004303449 0.02951783
0.2784086 0.7560386 0.81429875 0.45363462 1.244847e-16 0.93230724 0.4538384 0.9411225 0.1256052 0.12678373 0.042583626 0.016115218 0.063215956 0.004294931 0.0488629 0.018788941 0.039126143 0.006217813 0.06871516 0.013869577 0.5375627 0.3220512 0.015852354 0.07955359 0.0124119995 0.06375025 0.009429409 0.1380171 0.08087644 0.0109163495 0.042903278 0.021103803 0.00618668 0.012744273 0.0046335137 0.037014835 0.0022619534 0.0028925526 0.012064591 0.0010797543 0.0026892028 0.005528713 0.0005568253 0.0005936998 0.00092313794 0.009157596 0.0006389095 0.076164 0.00022174926 4.591687e-05 3.886064e-06 1.0131041e-05 1.90413e-05 0.00013225363 3.383416e-05 7.0671376e-06 0.0014832654 1.0954851e-05 0.00016274706 4.490499e-05 7.807323e-06 0.0022191734 9.976903e-06 0.005891852 3.27589e-05 4.6158234e-06 4.6195688e-05 0.0016264677 8.590628e-06 0.0018230595 2.6478124e-06 6.635949e-06 0.0001668089 0.04507976 0.0001637047 6.2015414e-07 0.0002609677 0.004802225 0.01691321 3.9449707e-05 5.1926232e-05 0.00044948398 0.001119011 0.020125417 1.8118635e-07 2.365305e-05 0.003334357 0.01673856 0.0050261696 0.0010595447 0.0024296292 0.0039119627 3.3195916e-05 9.345474e-05 0.0034876673 3.664932e-06 0.0009573303 0.0021372633 3.6420635e-05 0.00055081124 0.004983683
0.63369906 0.45837495 0.57556283 0.16455734 0.93230724 5.1294634e-17 0.7706511 0.5490015 0.6402931 0.6066879 0.05608071 0.0104822535 0.19455446 0.0014965036 0.07391132 0.06772315 0.05787038 0.002685916 0.0070234723 0.04056589 0.63620603 0.6544868 0.047993977 0.30541405 0.021531768 0.022593787 0.0058199954 0.11020845 0.115860105 0.010297003 0.077787235 0.024721934 0.013298346 0.019578256 0.0033666755 0.02860208 0.0012262149 0.0050000264 0.0042958814 0.0038659174 0.006077048 0.002413435 0.00059594534 0.0006568262 0.0011783434 0.006037924 0.0006094547 0.041713193 8.5158645e-05 2.7770688e-05 9.3234416e-07 5.2848554e-06 8.848603e-06 8.304161e-05 1.9138022e-05 3.1725751e-06 0.00022939242 1.6108955e-06 2.5109694e-05 1.3556803e-05 4.377465e-06 0.0018751646 2.0544294e-06 0.0060793115 9.927384e-07 3.082639e-07 3.676004e-06 0.0011918498 3.0976084e-06 0.0010297174 7.3630763e-06 2.2528145e-06 2.008837e-05 0.0375532 1.6074373e-05 2.0374922e-07 0.00010263771 0.007128377 0.038983874 1.0332917e-05 3.2424123e-05 0.00014978627 0.00065396505 0.02256907 2.5157403e-08 5.8255177e-06 0.004347287 0.02240904 0.0124941 0.00085007 0.0033466937 0.0029656566 8.693201e-06 1.6707292e-05 0.0026287108 5.152135e-07 0.0005475496 0.0032531102 5.2562605e-06 0.00010147745 0.0020088782
0.40860876 0.38147816 0.51135063 0.35687512 0.4538384 0.7706511 3.08725e-16 0.23205236 0.72678924 0.6102718 0.6976029 0.12394144 0.69152343 0.013680859 0.8445476 0.8495563 0.81799537 0.013384521 0.008866524 0.11142579 0.21516672 0.28445578 0.07104862 0.3473904 0.6843269 0.027438557 0.00085277634 0.020150013 0.03347864 0.009736937 0.014037913 0.0072009913 0.29316276 0.0060002315 0.00069239666 0.016146408 0.00075189455 0.0055176523 0.0049364064 0.17454627 0.2006775 0.00032299728 0.05796705 0.001169077 0.0015374455 0.0057561663 0.05828539 0.006108372 1.4488661e-05 1.1731564e-05 9.872789e-06 6.301909e-06 0.0003083523 0.00038442793 0.0024257777 4.6896992e-05 0.0007420497 6.384837e-07 0.0048827985 0.00068815827 4.5119585e-05 0.00096964824 3.438952e-07 0.0008070533 1.6165003e-06 9.126004e-08 4.698274e-06 0.0005101052 2.6238102e-05 0.0015510488 2.350513e-05 1.678045e-06 0.000104387334 0.009393566 2.5878771e-06 1.4998667e-06 1.057632e-05 0.0011543698 0.011659556 8.827012e-07 5.92112e-07 5.2906827e-05 0.0012278808 0.004426122 9.151697e-08 9.238037e-06 0.0022406415 0.0028252313 0.000605585 0.00036753976 0.0012043501 0.0011691361 4.2536662e-06 7.934749e-06 7.778536e-05 6.1635234e-07 3.2220996e-06 0.0013136341 9.118845e-06 0.00030422295 0.00018045957
0.77346987 0.69781333 0.75643474 0.8176614 0.9411225 0.5490015 0.23205236 5.9547586e-16 0.06147651 0.056892313 0.13606708 0.098456025 0.011113553 0.036374938 0.006343339 0.0048219007 0.038424905 0.06801512 0.6131568 0.0019255282 0.47379732 0.14240901 0.0027394993 0.023116358 0.0035240755 0.27365103 0.00040506214 0.07089523 0.04879889 0.00066858175 0.009146237 0.0033569115 0.00105694 0.0060483646 0.00047741982 0.037261643 5.504289e-05 0.0002736849 0.041910514 0.00033361858 0.0012670502 0.00036410094 8.1207276e-05 2.4424948e-05 9.805113e-05 0.016279425 0.000175339 0.23902231 1.4073768e-07 7.9699345e-07 1.8858959e-08 1.7089813e-07 1.2140755e-06 0.0006904416 5.5965406e-06 4.6348595e-07 0.0022327318 2.309956e-08 6.0595357e-05 2.4868107e-06 6.6797946e-07 7.357346e-05 1.856254e-08 0.0015810359 7.623957e-08 7.453867e-09 2.827122e-07 8.395856e-05 1.090655e-06 0.007841854 5.679387e-07 1.4120614e-06 0.00067022786 0.10136331 7.632378e-07 1.6080136e-07 8.7651515e-06 0.0069432985 0.03532418 1.9684461e-07 2.8886654e-06 3.5448764e-05 0.0018534224 0.044940256 1.0731895e-07 6.0337566e-06 0.005251854 0.021849934 0.007640954 0.00025528175 0.0049454514 0.0060792915 1.1381687e-05 1.0451238e-05 0.004274769 2.3095738e-07 0.0025357269 0.015061918 3.472556e-06 0.0018107038 0.027034668
0.48331815 0.045844074 0.057833925 0.014639088 0.1256052 0.6402931 0.72678924 0.06147651 9.282303e-18 0.9785202 0.03555633 0.0047657625 0.6022414 0.0006118753 0.17122483 0.25068396 0.13769446 0.0014547609 0.0011168084 0.10528632 0.12611146 0.21607453 0.08362111 0.48027694 0.088344626 0.0061405576 0.006488527 0.019842077 0.044509664 0.013333415 0.033183455 0.01376241 0.06458103 0.021732425 0.002806529 0.017798675 0.003431269 0.0050760293 0.00090239744 0.036071684 0.051361144 0.0013299652 0.03302488 0.002156905 0.002027598 0.0036044365 0.0095833745 0.012555884 4.9784427e-05 3.1353225e-05 5.678063e-06 1.7634155e-05 0.00035778637 6.360679e-05 0.00024496063 3.1205236e-05 0.00010325169 1.6986269e-06 0.00015264137 2.8610993e-05 2.4464533e-05 0.0007792769 2.2408003e-06 0.0038066916 1.6306025e-06 1.4303504e-06 7.937428e-06 0.0003042012 1.1466929e-05 0.000172167 2.4804593e-05 2.1119401e-06 1.432892e-05 0.016952692 1.5671134e-05 5.6986555e-06 1.3782223e-05 0.0048958054 0.0356771 4.5910778e-07 2.0097038e-06 0.0009981358 7.8755795e-05 0.02286054 5.4574997e-08 8.507723e-07 0.00081587886 0.015540324 0.005039972 0.0001610229 0.0010235991 0.0056885327 1.1999837e-06 6.049107e-07 0.00071902276 6.202018e-08 3.0916188e-05 0.0022823818 1.1685921e-06 1.8364759e-05 0.00022012579
0.49664286 0.050265644 0.06271692 0.01855165 0.12678373 0.6066879 0.6102718 0.056892313 0.9785202 2.9974376e-18 0.04728774 0.0056819366 0.6026344 0.00035282824 0.15779369 0.26853687 0.12347598 0.0013555577 0.0009930376 0.2527648 0.11881425 0.2809047 0.21375608 0.5506094 0.0637783 0.006112087 0.02135696 0.024582494 0.05582864 0.027519235 0.050751332 0.03361334 0.06087838 0.030323986 0.0057674553 0.018664392 0.004434266 0.012943033 0.0014190982 0.025108118 0.029428523 0.0014439748 0.020206822 0.0022753826 0.003091989 0.0027925482 0.0048902663 0.005278112 0.00010935171 9.5404095e-05 1.2461452e-05 5.660775e-05 0.000116292664 1.6280364e-05 3.6622994e-05 1.4340636e-05 6.0126036e-05 4.0463588e-06 3.363774e-05 1.2702701e-05 7.223079e-06 0.0029113884 4.9615523e-06 0.005834116 3.681593e-06 1.6384557e-06 1.6082653e-05 0.00095417886 1.3358297e-06 0.00023677819 2.6817142e-05 4.408812e-06 9.714453e-06 0.018703 0.00011696703 9.197594e-07 0.000116912604 0.008319592 0.047996894 5.3095437e-06 2.2294487e-05 0.0007631261 0.00023799845 0.023443017 1.8492148e-08 3.1437298e-07 0.0010971832 0.022406477 0.010613525 0.0007096175 0.00091486046 0.0053782314 2.0123755e-06 2.7015344e-06 0.0008891779 1.10280276e-07 1.3787087e-05 0.0012718078 9.328012e-07 6.159073e-06 7.4683834e-05
0.07943292 0.19789702 0.36357182 0.72321546 0.042583626 0.05608071 0.6976029 0.13606708 0.03555633 0.04728774 2.6816159e-15 0.9617638 0.1809281 0.322411 0.2620472 0.15091027 0.83266395 0.2617714 0.080153726 0.011468603 0.022760663 0.02648413 0.0034416874 0.026100796 0.4474784 0.005388353 2.7770875e-05 0.000333135 0.0008566645 0.0007753451 0.0004261782 7.0362265e-05 0.061889168 0.00064320065 3.9443992e-05 0.00025335816 0.00017763469 0.00061926036 0.0041781957 0.3811113 0.17633681 7.0408946e-06 0.0055108815 0.0002790493 0.00025028302 0.0017533364 0.009088736 0.0025365215 2.2342836e-06 8.142029e-07 3.8096982e-06 8.612123e-07 5.162479e-05 0.4805663 0.0007279869 2.826769e-05 0.050530665 3.568875e-07 0.6076069 0.056061145 8.646564e-05 0.00016481175 5.6474727e-07 9.7473545e-05 2.835948e-06 2.1013946e-06 2.5313498e-06 0.00010303362 0.0006579007 0.0033230383 4.6765865e-05 4.6445957e-06 0.007730673 0.0022796583 1.2505644e-05 2.1571589e-06 8.424606e-06 7.25738e-05 0.001155858 3.022537e-07 3.002796e-07 5.2960793e-05 0.0031564962 0.0017683641 9.145434e-06 0.009621397 4.7363264e-05 0.0022407547 0.0008244651 0.00026415475 0.0014910047 0.002976154 0.0016126233 0.0025458313 0.000644318 5.64813e-05 0.00014081535 0.0024664537 0.00028191326 0.01973328 0.016669687
0.035911325 0.060425952 0.058809847 0.61149555 0.016115218 0.0104822535 0.12394144 0.098456025 0.0047657625 0.0056819366 0.9617638 5.128647e-15 0.010809964 0.81234187 0.011155694 0.007540118 0.16552374 0.7938112 0.45580482 0.0007771825 0.00910625 0.01645899 0.00053681084 0.0034535795 0.022197444 0.0103336815 1.235778e-05 0.0012487685 0.0022575066 0.00035618353 0.0010215546 0.00014217812 0.001730707 0.00021342466 5.493371e-05 0.0011378101 5.7942652e-05 0.00078735035 0.016119014 0.00526175 0.0046844967 6.56406e-05 0.00029386784 0.0001943895 0.00017737046 0.003348833 0.00030407272 0.0075448006 3.2679063e-06 1.369361e-06 3.9704723e-06 1.676719e-06 2.2838308e-06 0.73427993 9.246436e-06 5.202229e-07 0.16278471 3.5005175e-07 0.1338655 0.0008143405 1.2388597e-06 7.290096e-06 3.33104e-07 0.00053406233 5.261627e-06 2.9279596e-07 8.0273963e-07 1.328354e-05 1.8321473e-06 0.016521603 1.7256078e-05 8.1948616e-07 0.026301181 0.0040988713 3.1008253e-07 1.2236706e-07 1.8941911e-06 0.00011139464 0.00091933936 4.747503e-08 4.093408e-08 8.671069e-06 0.017864546 0.0012427345 7.156456e-07 0.014053691 0.00070636376 0.0010216964 0.00042111968 4.582972e-05 0.004056722 0.00084013434 0.002654905 0.0017153529 0.00029446793 0.0001870863 0.0014810264 0.0020297766 0.00037241023 0.008482476 0.04379115
0.8251137 0.039053477 0.054162625 0.014424072 0.063215956 0.19455446 0.69152343 0.011113553 0.6022414 0.6026344 0.1809281 0.010809964 7.584331e-16 0.0013405043 0.54208213 0.89437586 0.3103022 0.0007265686 0.0006670482 0.59541166 0.038472142 0.22818926 0.43557796 0.7964681 0.3009129 0.0024729958 0.10267332 0.012002065 0.051468983 0.46700704 0.054178745 0.033751868 0.57616866 0.0885147 0.012549306 0.011651436 0.10141179 0.28568774 0.00024303926 0.08017485 0.16179405 0.004358198 0.1562793 0.03393243 0.033859167 0.00045530437 0.08863102 0.0022247827 0.0023326841 0.0011612383 0.00057076034 0.0008902346 0.028268507 5.4424043e-05 0.0064825057 0.0020811907 0.00010999978 0.00023509357 0.0038145392 0.0009242373 0.0017390257 0.0045638103 0.00012894663 0.0045061647 9.796924e-05 0.000112115325 0.00041505232 0.0018811827 0.00024515926 8.477416e-05 0.00080366386 0.00016934189 2.1937865e-06 0.0064024385 0.0006380379 0.00012494826 0.00047688332 0.016916564 0.12984248 0.00016530334 0.00015343155 0.003937197 1.6169992e-05 0.025019271 2.4488986e-06 4.6134955e-06 0.00026727334 0.016844034 0.0025752622 0.002678305 0.00073974876 0.005719351 9.29076e-07 2.5835222e-06 0.00065723876 5.253584e-08 2.037813e-05 0.0072872955 4.0047553e-06 0.00011023501 6.0620794e-05
0.011581599 0.020072136 0.019557504 0.3284396 0.004294931 0.0014965036 0.013680859 0.036374938 0.0006118753 0.00035282824 0.322411 0.81234187 0.0013405043 5.8677096e-19 0.00049571355 8.1552025e-05 0.011924733 0.92084116 0.5202388 6.6222776e-05 0.0045525623 0.0036169707 9.196946e-05 0.0008863577 0.0011529066 0.0077205943 3.1275472e-06 0.00093021273 0.0007113389 3.1411644e-05 0.0007825635 0.00015935925 7.0760534e-06 0.00018180662 3.9300183e-05 0.0002977893 9.241041e-06 6.174596e-05 0.013766703 0.00036282936 0.00012508502 5.4304015e-05 8.138384e-06 1.7061348e-05 1.3895233e-05 0.0019826717 1.8140523e-05 0.0043323333 2.7955926e-07 1.5440892e-07 1.729988e-08 4.0546485e-08 1.3399973e-07 0.346923 7.7126674e-07 1.1900318e-07 0.16173308 3.489297e-08 0.003571419 3.361231e-05 1.0098196e-07 1.4998347e-05 2.2425445e-08 0.0010835896 8.974089e-08 2.3934405e-08 1.8523134e-07 7.96702e-06 2.417289e-07 0.015307142 5.986338e-08 6.6350246e-08 0.020860316 0.003398625 8.817182e-08 2.8288088e-08 2.671253e-06 0.00012581973 0.0009069389 9.558002e-09 1.46163055e-08 2.0605848e-06 0.009070051 0.0017406502 6.858189e-08 0.0042945114 0.0008118118 0.0019206702 0.0017505102 3.7500533e-05 0.0020569144 0.0011393086 0.00026395405 0.00057429326 0.0006829889 1.1604632e-05 0.0020057922 0.00083831075 4.877409e-05 0.0041195313 0.027835349
0.06143611 0.04798162 0.044343453 0.019603709 0.0488629 0.07391132 0.8445476 0.006343339 0.17122483 0.15779369 0.2620472 0.011155694 0.54208213 0.00049571355 1.6726391e-18 0.9495666 0.7750445 0.00026217755 0.0005720573 0.10292675 0.020583693 0.09849544 0.103748515 0.09697417 0.8147327 0.0011930956 0.015373137 0.003234543 0.008268978 0.12561592 0.014934589 0.012167926 0.7140615 0.0025597138 0.0019998625 0.001020589 0.004390051 0.14790557 0.00029232656 0.15780383 0.24554 0.0011851629 0.1602742 0.17617539 0.03283104 0.00021722952 0.13846506 0.00045737447 0.0013055854 0.00020192924 0.00029922035 0.0005752242 0.014800946 3.3921067e-05 0.012185665 0.0037735784 0.00011300532 0.00017106652 0.004471035 0.0014625426 0.00292155 0.0013826772 5.147558e-05 0.0024582045 6.977703e-05 1.2257531e-05 0.00014486194 0.00074030383 0.0026816903 4.2389693e-05 0.0006808357 5.4099273e-05 3.1106663e-06 0.0013591764 0.000121232166 2.4490817e-05 0.0002922092 0.0011039004 0.0014542581 0.00014710193 7.650736e-05 0.0003778712 6.535919e-05 0.0006584961 1.4164901e-05 1.0592804e-05 4.0445457e-06 0.00051461597 6.449684e-05 0.0008872297 5.8346777e-05 0.00034705733 4.850988e-06 5.5284676e-05 2.2280437e-05 1.4522906e-06 1.0367716e-06 0.00040055002 2.4509838e-05 0.00022273482 2.8796234e-05
0.55212075 0.017502474 0.018841676 0.0074933935 0.018788941 0.06772315 0.8495563 0.0048219007 0.25068396 0.26853687 0.15091027 0.007540118 0.89437586 8.1552025e-05 0.9495666 1.3316938e-18 0.38717577 8.658735e-05 0.00020118209 0.17252527 0.0229549 0.16145974 0.10776391 0.49617532 0.42989442 0.0016834791 0.022303011 0.0051262383 0.012881998 0.21230812 0.029950349 0.018954426 0.72509575 0.02605892 0.002988137 0.0015907706 0.03313095 0.16182625 8.958497e-05 0.121792704 0.15258922 0.0008476693 0.15274239 0.050295003 0.020092787 0.00020994758 0.07653878 0.0006414211 0.0014535121 0.00010633032 0.0001304125 0.00015843443 0.015924083 3.6273734e-05 0.0085236905 0.0036527547 2.2281307e-05 0.0001233419 0.0022868514 0.00076500577 0.0020786517 0.0026541087 4.75642e-05 0.0022304824 2.535543e-05 2.0948008e-05 0.00012349045 0.00092952495 0.0006291724 1.06381385e-05 0.0002905655 4.225335e-05 5.54279e-07 0.0029748555 0.00011650081 4.502154e-05 0.00019365159 0.005696891 0.020397775 0.00013192408 0.00010678181 0.0019603823 1.1440342e-05 0.0056599174 6.937741e-06 6.4552805e-06 8.442204e-06 0.0024989021 0.00080639514 0.002037547 4.5373177e-05 0.0018342681 2.629009e-06 3.2176275e-05 0.00031449608 4.0108972e-08 3.416532e-06 0.0034494798 4.478202e-06 1.903066e-05 8.770177e-06
0.048203673 0.07667573 0.12663557 0.1827382 0.039126143 0.05787038 0.81799537 0.038424905 0.13769446 0.12347598 0.83266395 0.16552374 0.3103022 0.011924733 0.7750445 0.38717577 2.429622e-18 0.00488268 0.0033427847 0.04122381 0.0232626 0.036800418 0.029589085 0.048532713 0.9557983 0.0014742729 0.0009327083 0.0012117523 0.003979262 0.015011462 0.0030957703 0.0018342461 0.3161831 0.0013259506 0.00081734336 0.0008684323 0.0007462403 0.01137208 0.00045538193 0.41529706 0.25234565 0.000638057 0.07131245 0.0060016965 0.0015308675 0.00028115074 0.08299404 0.0021672868 4.525296e-05 8.454337e-06 3.8054517e-05 2.8121254e-05 0.0022469044 0.0036033106 0.017904388 0.0020768552 0.0020226443 1.2720751e-05 0.038270686 0.011358017 0.0029284344 0.00052107946 5.4492825e-06 0.00047612062 1.3204675e-05 4.9354035e-06 0.00010657762 0.0007309129 0.006378934 0.00020013745 2.5905945e-05 3.3809206e-06 0.00018795562 0.0014561085 1.9561941e-05 2.0243847e-06 0.0002718424 0.00053355 0.0007894014 2.319684e-05 5.7194484e-06 4.5431632e-05 0.00025794504 0.00048145442 2.5417943e-05 2.0282972e-05 6.6133594e-05 0.0006173154 7.0547314e-05 0.00023044534 0.0010369665 0.00032743203 2.3337674e-05 7.903516e-05 5.1796407e-05 7.0976002e-06 2.5228319e-05 0.0011592294 0.00020454738 0.0063359966 0.0017913099
0.048283037 0.02507584 0.028191812 0.46526632 0.006217813 0.002685916 0.013384521 0.06801512 0.0014547609 0.0013555577 0.2617714 0.7938112 0.0007265686 0.92084116 0.00026217755 8.658735e-05 0.00488268 5.2543886e-18 0.8059557 4.7582616e-05 0.008299752 0.0041285697 6.363925e-05 0.00080842717 0.0010343882 0.01793196 2.539283e-06 0.0012586149 0.0013252761 7.981964e-06 0.0008425145 9.722724e-05 1.6037402e-06 0.00028597395 3.5591067e-05 0.0010350177 7.729578e-06 3.1666976e-05 0.035547763 0.00026362523 0.00013843892 5.9274258e-05 2.788931e-06 5.956089e-06 1.0901553e-05 0.0064176596 5.801688e-06 0.023389075 2.6942237e-07 1.6425727e-07 3.1728444e-08 6.676117e-08 7.50699e-08 0.48991784 3.7129152e-07 3.6305998e-08 0.2708331 1.1738642e-08 0.0031880483 1.9802992e-05 3.9637456e-08 1.321275e-05 1.2832294e-08 0.0013624254 6.186847e-08 1.5805169e-08 6.1187464e-08 7.449217e-06 6.9306715e-08 0.07191215 3.249375e-08 3.7141817e-08 0.054554205 0.009998236 1.3752523e-07 8.223248e-09 4.594313e-06 0.0005346629 0.0012532071 2.8905158e-09 2.1123325e-08 8.784583e-06 0.029861253 0.002792138 1.16293705e-07 0.006880552 0.0019837753 0.004410057 0.0017829229 4.1524272e-05 0.004708665 0.0026074443 0.00097589917 0.00073355075 0.0011651653 0.00013449093 0.004044129 0.002016834 0.00015245007 0.008274233 0.082842015
0.44163227 0.19094615 0.15975808 0.8214648 0.06871516 0.0070234723 0.008866524 0.6131568 0.0011168084 0.0009930376 0.080153726 0.45580482 0.0006670482 0.5202388 0.0005720573 0.00020118209 0.0033427847 0.8059557 1.2767777e-14 0.00035257946 0.026139844 0.010601117 0.00055052293 0.0006720475 0.00034497993 0.8306101 5.9870497e-05 0.017244183 0.005333356 6.317666e-05 0.0030500789 0.0019005006 9.7640455e-05 0.00079701707 0.00016997517 0.021650609 9.206042e-06 0.00021745173 0.7941232 3.1215834e-05 0.00012411657 0.0005581675 1.6978262e-05 2.946956e-05 0.00016274753 0.20303358 5.00875e-05 0.1460086 2.3521521e-07 1.0185345e-06 1.4772057e-07 4.6568258e-07 1.2473764e-06 0.02459132 1.278137e-05 3.7954302e-07 0.15999253 6.461328e-08 0.0005812851 8.753607e-06 9.228399e-07 0.001017354 2.1561323e-08 0.0040252525 5.405373e-07 2.6880882e-08 4.6388814e-06 0.00025351575 8.69221e-07 0.35648495 1.0936484e-06 7.5025775e-07 0.02211086 0.10358057 3.83368e-06 1.8798313e-07 5.659755e-05 0.0011984269 0.0042334907 1.558744e-07 1.2479137e-05 9.29744e-06 0.028647514 0.010988713 2.617506e-06 0.0010976463 0.083658695 0.012001481 0.013841848 0.0009978527 0.032697495 0.009101075 0.00057184976 0.0010303986 0.020230925 6.8387235e-05 0.021486579 0.00880452 0.00015686915 0.013137112 0.09677566
0.73439556 0.008619851 0.007832979 0.0024380884 0.013869577 0.04056589 0.11142579 0.0019255282 0.10528632 0.2527648 0.011468603 0.0007771825 0.59541166 6.6222776e-05 0.10292675 0.17252527 0.04122381 4.7582616e-05 0.00035257946 6.15508e-19 0.0134725915 0.22920367 0.9393481 0.7689219 0.025470238 0.0014089722 0.8017946 0.020462409 0.041167177 0.5133431 0.102463946 0.2396922 0.1331863 0.136618 0.102878526 0.0076748445 0.18239251 0.15392229 0.00014266043 0.0019527572 0.011349042 0.044782452 0.008885803 0.009441386 0.021913487 0.0004409836 0.0025893734 0.0011391554 0.015195541 0.0022825801 0.00024855256 0.00046934356 0.0010776953 1.1436166e-05 1.2131595e-05 7.616948e-05 1.4262022e-05 0.00042711484 8.84088e-05 8.3373025e-06 2.8085783e-06 0.011497285 0.00017120197 0.022708355 0.00013442617 9.0319634e-05 0.0008849037 0.0049316 6.6128234e-07 4.94007e-06 0.00032238182 0.00014641769 4.603986e-07 0.0067720376 0.001079166 6.383017e-07 0.0027074246 0.03634499 0.14777079 0.0011459722 0.0008251058 0.010728627 7.649579e-06 0.05560002 2.5713783e-07 2.5229701e-06 0.000107384745 0.020728787 0.005050288 0.0050196936 5.6118082e-05 0.009380456 8.524299e-07 2.6378189e-06 0.0014750821 2.4008292e-08 5.710203e-05 0.0025458313 6.4842584e-07 7.2248017e-06 2.6578015e-05
0.9140507 0.16792023 0.19988285 0.07830446 0.5375627 0.63620603 0.21516672 0.47379732 0.12611146 0.11881425 0.022760663 0.00910625 0.038472142 0.0045525623 0.020583693 0.0229549 0.0232626 0.008299752 0.026139844 0.0134725915 2.825756e-16 0.7228137 0.009962932 0.14521948 0.008319524 0.24904719 0.001358535 0.88336796 0.7291477 0.0015986889 0.1879726 0.016555926 0.0025268423 0.079510204 0.0035283952 0.46120134 0.0015368306 0.00087672175 0.02323845 0.0011959458 0.00223293 0.001611153 0.0005868146 0.00023280336 0.0006252301 0.06080479 0.0004716159 0.3410886 8.15978e-06 6.3303155e-06 5.43352e-07 2.9197854e-06 7.1676686e-06 0.00017941215 1.4902505e-05 2.71825e-06 0.0005643831 1.2618905e-07 2.1019168e-05 9.872638e-06 3.9816964e-06 0.0004875272 2.2331065e-07 0.006631556 9.975352e-08 6.356982e-08 1.1042451e-06 0.00028592788 2.4324654e-06 0.002367126 3.5771093e-06 2.8552809e-06 0.0002970524 0.17419983 1.3164628e-05 9.791264e-07 1.7485047e-05 0.015264582 0.07986246 8.4928797e-07 6.7809915e-06 0.0017773986 0.0011887893 0.13185486 1.0304791e-07 4.145694e-06 0.03278266 0.09470022 0.09239033 0.0006475734 0.0094923 0.030558476 1.0752888e-05 2.6316642e-05 0.01994478 6.018116e-07 0.0034454472 0.010873925 1.5583115e-05 7.4704774e-05 0.011772028
0.8514466 0.10847337 0.1362206 0.039572895 0.3220512 0.6544868 0.28445578 0.14240901 0.21607453 0.2809047 0.02648413 0.01645899 0.22818926 0.0036169707 0.09849544 0.16145974 0.036800418 0.0041285697 0.010601117 0.22920367 0.7228137 1.3157292e-15 0.2307214 0.6398362 0.013811915 0.05993224 0.045016374 0.30924737 0.74749666 0.03286699 0.5614202 0.20409371 0.034054637 0.44638756 0.070019245 0.17608975 0.014412825 0.012670929 0.0068900534 0.0005632993 0.0023068788 0.0077716997 0.0009430943 0.002052995 0.006385203 0.014395138 0.00051297055 0.07255252 0.00044827696 0.00042732712 0.0001049394 0.00024306406 1.5116411e-05 2.1802056e-05 3.5293006e-06 3.4869454e-06 9.6106334e-05 2.0067097e-05 0.00012715616 6.07752e-06 1.6604814e-06 0.0039054975 3.1298045e-05 0.026524426 7.5834364e-06 6.9630482e-06 3.2778586e-05 0.0021484704 1.4772036e-06 0.0001692747 0.00013432043 3.68157e-05 1.238546e-05 0.081948824 0.0004937188 3.3630425e-07 0.0004962339 0.039770737 0.21415824 0.00010148713 0.00035885558 0.005573431 0.0007035864 0.1464123 2.58427e-07 3.4932893e-06 0.0048627956 0.08792676 0.05531077 0.004353147 0.0026452052 0.037971567 9.42922e-06 1.3183925e-05 0.009403215 5.3052383e-07 0.0011878357 0.008672632 2.4965377e-05 7.226618e-05 0.0039644865
0.5451357 0.008357288 0.0070070047 0.0028089094 0.015852354 0.047993977 0.07104862 0.0027394993 0.08362111 0.21375608 0.0034416874 0.00053681084 0.43557796 9.196946e-05 0.103748515 0.10776391 0.029589085 6.363925e-05 0.00055052293 0.9393481 0.009962932 0.2307214 4.0812543e-19 0.74293834 0.02191738 0.0020012772 0.88529474 0.0319331 0.044956665 0.57018715 0.14161924 0.39655116 0.13201132 0.12012113 0.15025239 0.01152785 0.2374753 0.17111307 0.0003702647 0.00032822398 0.004348377 0.08285292 0.0029441523 0.00874209 0.020580243 0.00063134223 0.00069176 0.0015250418 0.0263155 0.0046146424 0.00048412275 0.0008126178 0.00016907853 9.046441e-06 4.8833313e-06 3.484962e-05 3.1519914e-05 0.00104665 9.310363e-05 1.0482352e-05 2.3201717e-06 0.020651573 0.00060418097 0.03051061 0.0003026118 0.00031359997 0.001380872 0.008878336 1.0241008e-06 1.4469964e-05 0.00047449442 0.00027720246 1.295054e-06 0.006958515 0.0017783507 9.547955e-07 0.004247923 0.03266859 0.089676164 0.0017851901 0.0012291255 0.015291298 3.664721e-05 0.07391394 2.1597823e-07 8.422903e-06 8.867099e-05 0.02432843 0.005397889 0.00649762 0.00019540415 0.009880966 1.2070285e-06 7.858972e-06 0.0019133243 1.01375434e-07 4.9625534e-05 0.0013961415 1.6765525e-06 1.2367035e-05 2.1209597e-05
0.97648305 0.02412744 0.046290122 0.013879282 0.07955359 0.30541405 0.3473904 0.023116358 0.48027694 0.5506094 0.026100796 0.0034535795 0.7964681 0.0008863577 0.09697417 0.49617532 0.048532713 0.00080842717 0.0006720475 0.7689219 0.14521948 0.6398362 0.74293834 4.7751525e-17 0.047939774 0.005374381 0.5070426 0.048625395 0.2686199 0.25038075 0.33611086 0.34403184 0.18317425 0.446415 0.16281565 0.028512921 0.33386493 0.11219483 0.0006320477 0.0085692275 0.044202004 0.02098524 0.04587372 0.012493582 0.011670748 0.0017195748 0.009136565 0.008112295 0.0015939953 0.0009848466 0.0001473499 0.00047027302 0.0016706904 1.6295198e-05 0.00015649397 0.00010640599 1.7386508e-05 3.0745123e-05 2.0741367e-05 1.3683623e-06 2.9444192e-05 0.0034319216 6.549765e-05 0.034967363 8.047606e-06 4.2199226e-05 8.1484155e-05 0.0014435609 5.027253e-06 2.3487899e-05 0.00020947977 0.00014865125 2.600239e-06 0.034730233 0.0005094219 5.6804436e-07 0.00029042643 0.10690157 0.33896497 5.555179e-05 0.00024064779 0.02243668 1.7209928e-05 0.2734326 2.4144143e-07 2.413537e-07 0.0009738366 0.13967848 0.019967094 0.0028285678 0.00083547423 0.0550406 1.4364713e-07 1.7480394e-07 0.004200698 1.88049e-08 0.00043150006 0.016024744 5.3339073e-07 4.75664e-06 0.00036238445
0.018596565 0.020471549 0.024308529 0.012826667 0.0124119995 0.021531768 0.6843269 0.0035240755 0.088344626 0.0637783 0.4474784 0.022197444 0.3009129 0.0011529066 0.8147327 0.42989442 0.9557983 0.0010343882 0.00034497993 0.025470238 0.008319524 0.013811915 0.02191738 0.047939774 2.386784e-20 0.00014353382 0.0013982543 0.00040460058 0.0022960266 0.034894723 0.0017642002 0.0012534433 0.51565516 0.0013238804 0.00075713906 0.00012453523 0.0025777672 0.051149532 6.0816164e-05 0.42603388 0.38826665 0.00044090036 0.27495134 0.04712402 0.006122734 2.9400728e-05 0.21051204 0.00051020476 0.00026678413 0.00023251826 0.00018859608 0.00018023892 0.019934902 9.157421e-05 0.036380272 0.014000237 0.00011549293 0.00016332499 0.011978561 0.0060669375 0.0141175855 0.00015527404 3.0649862e-05 0.00034524433 0.00015213201 2.658453e-05 0.00024967745 0.00032288764 0.020820431 0.00011356105 0.00017049746 1.8441227e-05 3.3620392e-05 0.0002718258 1.81265e-05 1.6445556e-05 0.00024234076 6.75983e-05 0.00021136309 6.3336454e-05 4.98834e-06 6.319009e-05 6.827795e-05 0.0001772274 7.3485666e-05 4.403093e-06 1.6994727e-06 0.0002114891 1.4036397e-05 0.00012724749 0.00013757162 0.00016299993 2.9465523e-06 2.6959897e-05 1.725471e-05 4.744292e-07 2.453272e-06 0.0003021965 1.16172005e-05 0.00016909417 9.654075e-05
0.57447135 0.05603607 0.033757355 0.06075122 0.06375025 0.022593787 0.027438557 0.27365103 0.0061405576 0.006112087 0.005388353 0.0103336815 0.0024729958 0.0077205943 0.0011930956 0.0016834791 0.0014742729 0.01793196 0.8306101 0.0014089722 0.24904719 0.05993224 0.0020012772 0.005374381 0.00014353382 1.3158133e-17 0.000668666 0.19847344 0.07089489 0.0008408124 0.031116717 0.010954028 1.6985046e-05 0.00673179 0.0021047462 0.2405295 4.5591485e-05 0.0005626529 0.9633156 7.779221e-06 3.9245573e-05 0.0011911895 7.618263e-05 5.8327365e-05 4.5930883e-05 0.8174098 1.1651386e-05 0.6114784 3.3969413e-06 3.917133e-06 1.478369e-06 6.2939233e-07 3.547262e-06 0.00013901736 2.3398393e-06 9.2501887e-07 0.0041369176 1.645223e-06 4.5211284e-05 7.635644e-06 1.1217211e-06 0.00022356902 6.407675e-07 0.013233104 4.6389873e-06 6.6553457e-07 1.5526025e-06 6.030273e-05 4.3316243e-07 0.039858073 1.7867065e-07 3.590457e-07 0.0017500572 0.25477684 0.0001310561 7.0735535e-07 4.2900797e-06 0.008679053 0.017157065 2.0680136e-07 6.083377e-06 0.00065962307 0.0042671543 0.058706388 1.3716242e-07 3.34132e-05 0.33680815 0.097546004 0.072584786 0.002392032 0.05158688 0.023916505 0.00012046713 0.0003799876 0.1494617 3.3216802e-06 0.043847635 0.017719118 8.2362385e-05 0.0012697785 0.056936592
0.36573374 0.0029014805 0.0020999783 0.00015184589 0.009429409 0.0058199954 0.00085277634 0.00040506214 0.006488527 0.02135696 2.7770875e-05 1.235778e-05 0.10267332 3.1275472e-06 0.015373137 0.022303011 0.0009327083 2.539283e-06 5.9870497e-05 0.8017946 0.001358535 0.045016374 0.88529474 0.5070426 0.0013982543 0.000668666 7.6290925e-19 0.019487392 0.031503223 0.78666025 0.1493024 0.6432975 0.04479071 0.10909757 0.46880528 0.0061816606 0.8759053 0.24090636 7.210963e-05 2.3525863e-06 5.4339605e-05 0.4409513 1.5181973e-05 0.006815506 0.025107794 0.00011441288 8.617057e-06 0.00021901305 0.19642015 0.0363134 0.0041218973 0.005665042 1.2725053e-06 8.228826e-07 4.621298e-08 9.7563614e-08 2.8235372e-06 0.006731091 1.4953142e-05 8.7594896e-07 3.634965e-08 0.10264315 0.00630269 0.101701535 0.0030053186 0.0023933952 0.013970381 0.058238436 7.543299e-09 5.6431765e-07 0.0009195595 0.00094734854 9.1259516e-08 0.000822508 0.011196051 3.5402252e-08 0.021991493 0.053070012 0.08149782 0.004842574 0.0101977335 0.025831174 4.261601e-06 0.050424628 3.437593e-08 1.2922521e-06 1.566381e-05 0.013809003 0.0019200611 0.016491158 4.992892e-05 0.008797369 1.2909514e-06 2.8842005e-06 0.001897176 2.9090552e-07 6.2508934e-06 0.00041275672 1.308343e-06 2.0063842e-05 1.59245e-06
0.5789234 0.042842846 0.036539383 0.008083528 0.1380171 0.11020845 0.020150013 0.07089523 0.019842077 0.024582494 0.000333135 0.0012487685 0.012002065 0.00093021273 0.003234543 0.0051262383 0.0012117523 0.0012586149 0.017244183 0.020462409 0.88336796 0.30924737 0.0319331 0.048625395 0.00040460058 0.19847344 0.019487392 3.5044396e-18 0.87021285 0.011542712 0.1714972 0.08794123 0.00042849034 0.09450419 0.028088948 0.93117845 0.004982464 0.004196145 0.055101275 8.08194e-06 4.743401e-05 0.020187266 3.4236706e-05 0.00067998335 0.001244237 0.08366231 1.48161325e-05 0.38565412 0.0008530972 0.00043721186 9.7164404e-05 9.969166e-05 3.885182e-06 5.828057e-06 1.983812e-06 7.1670775e-07 0.0003372918 7.2499424e-05 1.523317e-05 4.2937063e-06 7.8490433e-07 0.015528873 3.3767494e-05 0.048977237 7.986057e-05 1.1527443e-05 8.457245e-05 0.006141026 4.1230604e-07 0.0035588883 2.7454232e-06 2.5216963e-05 3.598064e-05 0.19950786 0.0013233905 1.7237451e-06 0.00064935285 0.02987328 0.06340955 0.00014306112 0.0014404282 0.010875195 0.001849499 0.20873296 2.7350794e-08 2.4451097e-05 0.12993479 0.12479539 0.09763475 0.010588135 0.017474988 0.04380341 6.968466e-05 6.6314344e-05 0.043102697 4.9217447e-06 0.012944275 0.0076490478 9.703522e-05 0.0006000254 0.012192977
0.9604824 0.023331968 0.017638335 0.0056357626 0.08087644 0.115860105 0.03347864 0.04879889 0.044509664 0.05582864 0.0008566645 0.0022575066 0.051468983 0.0007113389 0.008268978 0.012881998 0.003979262 0.0013252761 0.005333356 0.041167177 0.7291477 0.74749666 0.044956665 0.2686199 0.0022960266 0.07089489 0.031503223 0.87021285 2.1592873e-17 0.020064276 0.73241466 0.20056677 0.0030403764 0.57513034 0.059413277 0.64105135 0.013591304 0.006066628 0.013192939 8.072861e-05 0.00019590458 0.013560768 3.0880004e-05 0.0011290229 0.0027325237 0.02631335 9.382624e-05 0.2077242 0.00094368344 0.00019034336 2.928376e-05 0.00013183455 3.053545e-06 1.3662479e-05 2.2342047e-06 1.1847712e-06 2.8124634e-05 1.6111897e-05 4.444062e-05 9.2954715e-06 5.4770965e-07 0.0043853796 8.9379726e-05 0.08899236 5.0210915e-06 3.0088904e-05 4.3089887e-05 0.0037424827 1.046966e-06 0.00013805435 5.167725e-05 0.00011214291 2.2102686e-05 0.19088842 0.00041629272 6.886505e-07 0.00049657375 0.080746196 0.3328657 0.00030423136 0.00075110764 0.01735093 0.00023543191 0.4823502 1.492482e-07 9.296553e-06 0.016378194 0.2791315 0.16244759 0.021990204 0.003882536 0.12503675 1.8919714e-05 8.937837e-05 0.05797405 3.0452003e-07 0.0015170266 0.017292282 9.721366e-06 1.2460976e-05 0.0014546865
0.8089986 0.005847736 0.0037138439 0.0005041457 0.0109163495 0.010297003 0.009736937 0.00066858175 0.013333415 0.027519235 0.0007753451 0.00035618353 0.46700704 3.1411644e-05 0.12561592 0.21230812 0.015011462 7.981964e-06 6.317666e-05 0.5133431 0.0015986889 0.03286699 0.57018715 0.25038075 0.034894723 0.0008408124 0.78666025 0.011542712 0.020064276 9.0111124e-17 0.06954482 0.17313164 0.504754 0.06505545 0.09968561 0.00414059 0.53908145 0.8956447 3.9270813e-05 0.0012615519 0.01391212 0.0675146 0.023114009 0.22214109 0.3490247 8.802651e-05 0.008149422 9.802308e-05 0.46083495 0.23690356 0.13706246 0.13978384 0.013995951 1.0968327e-05 0.000121365425 0.0005054494 1.4957593e-05 0.06495706 0.00012258752 3.2395235e-06 3.17396e-05 0.091995716 0.02668994 0.053294893 0.017866958 0.016753469 0.035523083 0.036256105 3.2898108e-06 1.1482606e-06 0.027048502 0.011231609 1.4314442e-07 0.0009200622 0.030061787 3.1193347e-06 0.013577061 0.037495468 0.06066304 0.009352411 0.010747234 0.042541023 4.3931313e-06 0.013329931 4.061549e-06 7.1774434e-06 4.8491615e-06 0.005991854 0.0014615826 0.018568521 6.885133e-05 0.0042097415 4.5985385e-06 2.8369475e-05 0.00059972255 6.5949996e-07 7.4917097e-07 0.0020224147 5.8902924e-06 8.554426e-06 5.987301e-07
0.87442005 0.013801572 0.011900665 0.0029017543 0.042903278 0.077787235 0.014037913 0.009146237 0.033183455 0.050751332 0.0004261782 0.0010215546 0.054178745 0.0007825635 0.014934589 0.029950349 0.0030957703 0.0008425145 0.0030500789 0.102463946 0.1879726 0.5614202 0.14161924 0.33611086 0.0017642002 0.031116717 0.1493024 0.1714972 0.73241466 0.06954482 5.418747e-16 0.53481495 0.005906176 0.9317829 0.17754127 0.16700219 0.05051662 0.018581405 0.0057709026 7.6167955e-05 0.00037119404 0.060383324 0.00012346948 0.0022812677 0.004195841 0.013636838 0.00013641147 0.017900862 0.0028904886 0.0013294809 0.00026670532 0.0005282256 6.9638386e-06 2.429615e-05 1.6451273e-06 2.3377181e-06 9.4871604e-05 0.00011291483 8.528755e-05 9.792054e-06 7.3454686e-07 0.019678509 0.00016684181 0.13009535 3.7791047e-05 7.346576e-05 0.00025994063 0.00872728 9.0209954e-07 5.307633e-05 8.7128254e-05 0.00013313022 1.2311515e-05 0.044362403 0.0010158091 3.4741012e-07 0.0016708623 0.08537116 0.24130392 0.0003734703 0.0017847976 0.010318432 0.00024087117 0.2182008 8.218971e-08 3.4268553e-05 0.004649383 0.10701826 0.053715628 0.015884103 0.0010375738 0.030621154 4.294044e-05 0.0001174441 0.018356899 2.4373908e-06 0.0011870555 0.004149453 2.0514723e-05 0.00010891978 0.00063827186
