2.6104378e-16 0.9593849 0.9881173 0.9709674 0.9744607 0.8812381 0.9449459 0.64560735 0.806359 0.97636735 0.9208742 0.33500332 0.83115333 0.8613886 0.9873365 0.9422174 0.8243679 0.8569678 0.99268776 0.8333573 0.969171 0.91236764 0.91924065 0.88463014 0.89304715 0.9581524 0.8568862 0.9932029 0.89433545 0.9756438 0.94353515 0.9003496 0.9904484 0.9666457 0.93234897 0.98694354 0.91306436 0.96214676 0.28259203 0.8552433 0.10646467 0.12864433 0.8077955 0.123397045 0.9754341 0.8564838 0.030857682 0.044813927 0.96719474 0.999701 0.7451389 0.9710794 0.78841376 0.0062893336 0.44499046 0.9604244 0.030696852 0.91669416 0.97355545 0.008896674 0.98446923 0.39153537 0.25145862 0.84655654 0.95610666 0.0013877884 0.4865405 0.829699 0.3472438 0.9843285 0.40272874 0.73567945 0.00068531424 0.8436437 0.002450874 0.93945116 0.9644416 0.5397219 0.9787262 0.502652 0.44195506 0.31396288 0.67751294 0.0036556176 0.06967791 0.0004738342 8.641996e-05 0.04055269 0.10599933 0.00022601981 0.9790298 0.15749787 0.99977195 0.77031237 0.997969 0.4673568 0.0005732738 0.91902256 0.99948716 0.9940674 0.000943554
0.9593849 2.7569194e-16 0.85563636 0.97146374 0.6621833 0.6147612 0.55716264 0.7591782 0.9097568 0.26296687 0.18424982 0.72995424 0.72463995 0.77756166 0.10296117 0.03881825 0.6360899 0.029708153 0.5452735 0.7985847 0.09770397 0.009525995 0.0006890681 0.00025121565 0.0002674725 7.1102827e-06 0.30054557 0.16029608 0.0017834441 0.014046383 0.006148099 0.027905026 0.029630976 5.592019e-07 1.6190637e-05 2.2171274e-05 0.004302934 7.5687545e-08 0.1710342 2.3490787e-05 0.23646337 0.0005762799 4.1100972e-07 0.22462401 8.4769147e-07 0.00017339524 0.029870398 0.029117884 0.014692446 0.0031993785 1.4254734e-05 0.000105855084 2.4201452e-05 0.0018471563 1.8952146e-07 1.9400772e-05 2.8413151e-05 4.198302e-09 8.066496e-07 0.042227592 6.0319035e-06 2.6043413e-08 2.2531559e-08 2.2336496e-07 0.0059424047 1.3680817e-06 2.1687326e-08 3.5909127e-07 0.0004076701 0.009498354 5.2676615e-08 9.157901e-07 1.7819156e-06 9.413012e-06 0.0070560165 0.0008359492 2.0126171e-08 0.0007792357 0.001201414 5.3733913e-08 1.9393536e-09 1.5071363e-08 2.2720407e-08 1.179615e-05 2.8890166e-09 0.0005818531 4.7210528e-07 8.660712e-06 0.00066288933 0.00030575608 0.0009849278 5.5323937e-08 0.000226801 8.2456195e-11 5.565864e-05 9.998724e-08 2.0149861e-07 1.7798802e-05 0.0050616288 0.0017055072 2.5008938e-05
0.9881173 0.85563636 1.1503729e-13 0.518497 0.9134082 0.059027907 0.052794594 0.9239691 0.6644677 0.82139134 0.008281196 0.68187726 0.61069757 0.027265599 0.6779738 0.6390072 0.033338703 0.8910732 0.44810256 0.394761 0.047898687 7.702561e-05 6.3758685e-05 0.07726261 0.1010019 7.2964224e-07 0.23031016 0.3070249 0.0025529852 0.6674562 0.057234928 0.004999018 0.03434796 1.2287997e-07 0.00071939215 0.020914849 0.00018753235 3.9607073e-08 0.33487532 0.00040875666 0.023348195 0.0117286 4.31201e-07 0.025482621 2.9590288e-05 0.000570734 0.02775926 0.14753321 0.084479816 0.0035759842 8.664125e-06 7.5721815e-05 0.002680855 0.0024968416 3.0067534e-07 0.00024503845 0.0010856936 1.0970077e-08 7.5672606e-06 0.00047460868 1.7913475e-05 2.46162e-06 0.00014244263 3.23131e-06 0.03466374 8.708979e-05 2.1554405e-07 7.830894e-06 4.212223e-05 0.039045926 1.1548058e-06 7.470128e-07 3.6035133e-05 6.683924e-05 0.0038304715 0.0076862564 9.8218325e-06 3.256739e-05 0.012111926 8.855643e-06 1.0572771e-07 7.212544e-07 2.3308994e-06 5.306147e-06 5.3720893e-08 2.7956764e-06 4.6113811e-07 0.00018078496 2.0083733e-05 1.68911e-05 0.0061248597 3.8928758e-07 0.0010358447 2.2541005e-09 0.0009755693 3.2400642e-06 8.8137807e-07 0.00018120285 0.029445246 0.0068652406 9.792683e-07
0.9709674 0.97146374 0.518497 1.0092272e-13 0.22529003 0.9180849 0.88246 0.19364443 0.6905678 0.2782122 0.64509344 0.18398863 0.45874205 0.87590635 0.015193687 0.0075912117 0.79850113 0.0029764022 0.7973921 0.5459161 0.38943496 0.09157332 0.00635595 4.0551222e-05 4.289783e-05 9.2544426e-05 0.09605658 0.17091985 0.005449369 0.009145684 0.0060935356 0.14806655 0.038148656 2.5482275e-06 1.4507548e-05 1.77478e-05 0.026307125 5.071702e-07 0.030556772 2.0758858e-05 0.18525143 0.00048879656 7.727263e-06 0.12701803 2.5367124e-06 0.0008515025 0.004872999 0.0031225882 0.021904834 0.0068995883 0.0002618577 0.00063026696 2.636208e-05 0.00016744963 3.2228218e-06 3.544981e-05 1.8930027e-06 6.021231e-08 3.5840378e-06 0.018801963 0.000688343 3.4500022e-07 2.8511192e-07 6.211803e-06 0.005769956 1.2492133e-06 4.887429e-07 1.189794e-06 0.00399827 0.011945443 5.3828467e-07 3.8703656e-05 3.3800418e-07 2.2851607e-05 0.0007976547 0.000971942 6.748306e-07 0.0059628105 0.0014651518 1.827942e-07 1.1759797e-08 8.637922e-08 5.3836834e-07 2.7909253e-05 2.8866163e-08 0.00017777571 2.0332315e-07 5.658128e-06 0.0033612824 6.6914115e-05 0.0019613695 1.4641738e-06 0.0011301951 1.1336123e-09 0.00047519588 5.0425723e-07 1.7300988e-06 0.00018789468 0.015955048 0.0028077855 1.4331257e-05
0.9744607 0.6621833 0.9134082 0.22529003 4.248746e-13 0.0030715936 0.00305141 0.95988107 0.6976661 0.43969822 0.00035112904 0.71552074 0.6725214 0.0045593968 0.68506455 0.5013857 0.0047579315 0.8761806 0.23839495 0.41883639 0.01104834 5.4494176e-06 1.6941311e-06 0.031872336 0.06432248 4.804363e-08 0.5078377 0.22459309 0.00028485252 0.8715336 0.023297317 0.0056563723 0.0121360095 1.1969776e-08 0.00021022085 0.012327989 6.987765e-05 1.3937528e-09 0.6380399 0.0003039631 0.04156673 0.025431367 1.0691131e-08 0.06312452 5.175547e-05 2.2854005e-05 0.14829727 0.40340418 0.031057956 0.0010593734 2.5872675e-06 7.518798e-06 0.0023968066 0.009626619 5.170231e-08 0.00038264642 0.0059545934 9.03736e-10 6.810473e-06 0.0012326249 7.4242126e-07 2.003007e-06 0.0001364569 5.0715258e-08 0.014789588 0.0004415096 4.076508e-08 3.5801909e-06 8.51444e-06 0.019717522 3.582184e-07 2.6700621e-07 0.00027390657 2.7529186e-06 0.010976935 0.0030584137 1.3512549e-06 1.5904945e-05 0.0034000918 1.3261123e-07 5.9303904e-08 2.793327e-07 8.700387e-07 8.549081e-07 5.0439044e-09 9.949975e-06 9.286929e-06 0.00037641992 3.2659675e-05 8.1968006e-05 0.0025921925 2.7573039e-08 5.3126867e-05 7.4517875e-10 0.00032278543 4.176532e-08 1.8203883e-07 5.1092807e-06 0.016322527 0.003343883 2.3034447e-06
0.8812381 0.6147612 0.059027907 0.9180849 0.0030715936 4.088707e-17 0.9878176 0.0011359449 0.011054369 0.33637646 0.9298959 0.0017601964 0.0019069769 0.4741833 0.0015314771 0.00068351475 0.4398277 5.3569234e-05 0.8724668 0.006820087 0.88987714 0.59822834 0.50978607 2.7952258e-06 1.6589951e-06 0.010847844 0.00029709915 0.13503732 0.05550858 6.3030507e-06 0.0071832202 0.017651495 0.051860243 0.0002628485 3.5140324e-06 1.2989892e-07 0.057214476 0.00018757294 0.00014749542 1.4045398e-05 0.0022552921 7.5212865e-06 0.00031415012 0.00093167444 3.1702965e-07 0.005296612 1.7047378e-05 1.2865902e-05 0.021591056 0.010347581 0.0012133701 0.0027717627 2.3542607e-06 7.5180196e-07 2.5692432e-05 4.61502e-05 2.971932e-08 1.998359e-06 7.3573424e-06 5.977232e-05 0.003696265 3.1472887e-08 7.2250734e-09 0.00022445498 0.004690167 5.467887e-08 5.0152e-06 7.413109e-06 0.013386087 0.011292042 1.8115818e-05 0.0002467101 1.4786567e-08 0.00031916943 8.188131e-06 0.0008093602 4.001432e-07 0.0018451291 0.0024191935 2.8112248e-05 1.1445608e-08 3.6227007e-08 2.6972364e-07 0.00021691238 6.7447735e-07 2.1506842e-06 8.687784e-09 1.8150223e-08 0.0006561722 1.5292958e-06 0.002598789 1.9030906e-06 0.004007325 2.3785727e-08 0.0007762381 0.00012652676 1.7390796e-06 0.0025773717 0.0068597957 0.0021086992 3.1847358e-07
0.9449459 0.55716264 0.052794594 0.88246 0.00305141 0.9878176 2.373672e-13 0.0011445064 0.09398993 0.053002253 0.9486062 0.0030930038 0.021956597 0.7141586 0.00037817963 0.0002937115 0.72151476 8.315692e-05 0.78750867 0.10567356 0.5711349 0.5601232 0.1963612 9.92188e-06 3.1235588e-06 0.0010828743 0.02181535 0.13485777 0.016539251 0.00091970473 0.002569508 0.32388094 0.045066062 4.707489e-05 4.880766e-06 1.8410412e-06 0.15998279 2.8979573e-05 0.0025765765 1.8261873e-05 0.073859096 0.00017114174 0.00013209645 0.029919354 2.0055145e-06 0.0013372452 0.00058240513 0.00025344177 0.009702574 0.0050720437 0.0012168216 0.0007640378 1.8406454e-05 3.081255e-05 3.4860892e-05 6.810184e-05 7.1905595e-07 9.678457e-07 4.6362675e-06 0.0041627167 0.035738986 1.0670373e-06 3.665979e-07 8.5657215e-05 0.0011715007 1.6133e-06 1.1579217e-05 1.084939e-06 0.05231279 0.00532787 3.9792954e-05 0.0024152065 1.0548855e-06 0.00014404545 0.00016204054 0.0004213957 3.407364e-07 0.049300272 0.00044004296 3.0051294e-06 1.4625591e-08 5.065416e-08 7.781636e-07 0.0007141413 1.2757276e-06 4.8929043e-05 5.6085867e-07 1.946633e-06 0.0240312 3.4072636e-05 0.0007700687 2.6161972e-05 0.0020132193 3.3545618e-08 0.00010157863 1.7526216e-05 2.2924183e-05 0.0005258071 0.004748815 0.0015185551 4.959341e-05
0.64560735 0.7591782 0.9239691 0.19364443 0.95988107 0.0011359449 0.0011445064 8.1385956e-17 0.38673177 0.043502443 7.020361e-05 0.9920315 0.097297326 0.00044692933 0.16969009 0.23101845 0.0001670034 0.67138594 0.011231358 0.040426094 0.0004700475 4.4805023e-07 7.196871e-07 0.011985251 0.008651068 6.311263e-09 0.0397356 0.027529875 8.6462336e-05 0.05254408 0.003412646 0.00016859756 0.0011963998 5.79676e-08 0.00043852374 0.00034178863 3.6417523e-06 9.176457e-10 0.28634015 0.00050738367 0.0012067497 0.0034427852 4.208695e-08 0.0016209821 6.7431697e-06 1.9179024e-05 0.027157512 0.25954863 0.0038210948 3.2553573e-05 9.795982e-07 2.7474346e-06 0.00045923024 0.004000009 1.6459238e-07 0.00031159483 0.00093590136 5.5251257e-09 8.700766e-06 0.0001282887 1.08133634e-07 5.150288e-07 3.2842076e-05 2.1769188e-07 0.0046821656 0.00041704168 2.9830247e-07 3.0380806e-06 3.8444913e-08 0.0028180736 2.543801e-06 3.0811325e-08 9.45983e-05 1.362427e-06 0.0026494353 0.00025441553 9.0281395e-07 9.209373e-07 0.0026190279 1.1212659e-07 4.1339646e-08 4.303734e-06 2.5759205e-06 4.0209875e-07 5.6267236e-08 2.142998e-06 3.9287926e-07 0.00023280026 2.2690463e-06 0.00015737682 0.0006060839 5.969927e-09 1.1817736e-05 2.4448437e-09 0.00018089812 1.2390982e-06 4.8812034e-08 6.1661076e-06 0.00059837167 0.00027518795 5.9074256e-07
0.806359 0.9097568 0.6644677 0.6905678 0.6976661 0.011054369 0.09398993 0.38673177 5.430874e-16 0.0027852643 0.0060464353 0.9485263 0.9480849 0.2986843 0.020352889 0.0017684283 0.12890387 0.003816912 0.02877299 0.96536636 0.0018742277 0.00013884352 2.1319e-05 4.606731e-05 7.398817e-05 4.3069545e-07 0.6847865 0.02292684 6.641441e-05 0.007288877 0.00023931144 0.009768279 0.0031479315 2.7604443e-07 2.729609e-05 3.0258207e-06 0.0008922405 8.8606775e-08 0.3751309 5.98673e-05 0.28586334 0.00030612576 8.750456e-07 0.40825346 2.5250316e-07 3.8993006e-05 0.090675406 0.019109657 0.0004961995 0.00011548411 9.447573e-06 4.9362643e-06 1.2993709e-05 0.009558127 7.394902e-07 2.93806e-05 1.3566828e-05 1.2530276e-08 1.9111624e-06 0.054178346 3.6189197e-06 5.072358e-08 2.0128735e-07 3.88181e-07 0.00020049469 5.8124047e-06 3.8780692e-07 3.2364898e-07 2.9362058e-05 0.0007011436 2.0361977e-06 5.898671e-07 2.1502567e-05 1.6531861e-06 0.0542673 1.7142016e-05 5.7809935e-08 0.00039037957 0.00025973844 1.4896891e-07 1.3239003e-08 1.3829381e-07 9.0641265e-08 6.245807e-05 3.972889e-08 0.0006134333 8.694034e-05 2.000448e-05 0.0008585595 0.0021281454 1.2633138e-05 7.6906986e-07 2.645991e-05 1.036293e-08 1.4019542e-05 8.015795e-06 1.5071879e-06 1.544157e-05 0.00023771444 8.82522e-05 9.2884125e-05
0.97636735 0.26296687 0.82139134 0.2782122 0.43969822 0.33637646 0.053002253 0.043502443 0.0027852643 1.9724276e-13 0.008917719 0.0082050795 0.0015722796 0.0021801195 0.9263446 0.8138619 0.0016997574 0.1875064 0.88338864 0.0009568657 0.54974174 0.0010463565 0.018909983 0.07888818 0.01387451 0.0005221261 0.00020704283 0.8933288 0.12908214 0.0033088787 0.8752306 0.00026587638 0.23024486 0.00013324783 0.011470119 0.001905169 5.5109125e-05 2.2392376e-05 0.0008088867 0.0041114856 0.00012633759 0.00041351066 4.6991907e-05 0.00012643571 0.0013253703 0.030055663 8.0492915e-05 0.00050773047 0.42578664 0.018206386 7.0826194e-05 0.0031151006 0.0004098166 4.943369e-06 3.2992111e-06 0.0004142456 1.1802289e-06 2.387741e-06 0.00015113954 2.1571796e-06 1.057733e-05 3.0730353e-05 3.1999156e-05 0.00029214736 0.1115082 1.473794e-06 1.5250794e-06 0.0002936227 1.6951177e-05 0.20601813 3.2584987e-06 3.4210577e-06 1.912423e-07 0.0012011952 6.4647375e-06 0.062283278 9.877173e-05 1.1664348e-05 0.046570145 0.0002718468 1.6193795e-06 1.4345382e-05 0.00016913062 1.4716647e-06 5.7598502e-08 1.9774861e-06 3.9632562e-07 4.2717307e-05 4.8483915e-05 2.0414807e-06 0.05308268 4.344143e-07 0.007963412 8.0403755e-09 0.004144256 0.00019475615 1.0260075e-07 0.0050123604 0.11714139 0.04135656 1.4893183e-07
0.9208742 0.18424982 0.008281196 0.64509344 0.00035112904 0.9298959 0.9486062 7.020361e-05 0.0060464353 0.008917719 9.47168e-15 0.0003544031 0.0013047035 0.68479234 0.00010153805 5.385388e-05 0.76966584 2.7662392e-05 0.70066285 0.01903453 0.7068891 0.9852803 0.663829 2.7414567e-06 1.0453236e-06 0.0067388276 0.001457539 0.113692865 0.034769226 3.5138246e-06 0.0014654689 0.39871362 0.05050626 0.00024573557 6.129929e-07 5.2008225e-08 0.42826977 0.00017191794 0.00015425666 6.556599e-06 0.022016529 4.7792296e-06 0.0006520759 0.0038929142 3.250214e-07 0.0029561336 3.6524183e-05 1.4171319e-05 0.0050761234 0.007300798 0.0020474987 0.001858559 6.2426506e-07 2.5159134e-06 4.304479e-05 3.230113e-05 3.844015e-08 1.4220143e-06 1.3647223e-06 0.0016297632 0.122519 1.9775445e-08 2.5563176e-08 0.00012935196 0.0013976869 7.894585e-08 1.8932764e-05 2.789238e-07 0.24030146 0.0033634922 0.00011779575 0.02511727 8.328457e-08 0.0002485962 8.635468e-06 0.00026829462 6.726643e-08 0.073076576 0.00030776177 1.7362783e-05 3.7616905e-09 1.0186577e-08 3.1499972e-08 0.010213841 3.932337e-06 6.527161e-05 1.1175935e-07 2.427255e-07 0.036647238 1.2960369e-05 0.0003464335 0.0006289739 0.0028212345 1.7483963e-07 2.2554188e-05 6.907297e-05 0.0013827854 0.00095203274 0.0018698946 0.0009265645 0.00019311877
0.33500332 0.72995424 0.68187726 0.18398863 0.71552074 0.0017601964 0.0030930038 0.9920315 0.9485263 0.0082050795 0.0003544031 8.918569e-18 0.9167263 0.007379126 0.020556614 0.013412748 0.0021964412 0.07347282 0.00796538 0.7254495 0.00073041086 1.853614e-05 3.9664037e-06 0.0009515036 0.0004396189 1.8657003e-07 0.37045124 0.007602039 3.7684233e-05 0.008693683 0.0007461549 0.0013047017 0.00052609947 3.7650534e-07 0.00020063564 9.794337e-05 3.1454e-05 2.7910625e-08 0.51430607 8.0079604e-05 0.017405823 0.0019165411 3.6588082e-07 0.014024036 2.2579725e-06 4.699762e-06 0.099519044 0.2158562 0.0003409362 6.365011e-05 9.332743e-06 6.172223e-07 8.692723e-05 0.0044431537 1.235706e-07 3.6990332e-05 0.0007074556 2.0087896e-08 5.195677e-06 0.0005253474 7.253404e-06 7.5893105e-08 4.908629e-06 5.432916e-08 0.00020052164 7.6042685e-05 8.494875e-08 3.3612807e-06 3.5098208e-07 0.0005742872 1.5714317e-06 4.700553e-07 9.121571e-05 1.4613232e-07 0.014589019 1.2959441e-05 1.9135039e-06 1.1189655e-06 0.00067832915 1.5523078e-08 2.7535986e-08 7.767071e-06 1.2729512e-07 7.536015e-07 2.0503991e-08 1.0030586e-05 2.1452474e-06 6.8317946e-05 1.7269609e-05 0.00019204144 3.593808e-05 2.263364e-08 8.68788e-06 5.497298e-10 2.7809514e-05 4.1270928e-07 4.462434e-07 1.6963168e-06 0.00045222067 0.00012492409 2.576909e-07
0.83115333 0.72463995 0.61069757 0.45874205 0.6725214 0.0019069769 0.021956597 0.097297326 0.9480849 0.0015722796 0.0013047035 0.9167263 9.7114204e-14 0.0979092 0.01930117 0.00090791984 0.01947162 0.0018110051 0.031653862 0.97207093 0.0011253895 1.6746519e-05 1.6794562e-05 6.794576e-05 8.992281e-05 7.65913e-07 0.95332915 0.046122573 9.4535535e-05 0.0040619113 0.00020030585 0.0105053615 0.004156966 1.1814208e-07 9.968553e-06 6.680518e-06 0.0010497405 1.0968968e-08 0.48521098 4.8179656e-05 0.3024485 0.0004083421 5.028622e-07 0.55889386 1.1378523e-06 3.9077404e-05 0.2481076 0.017919926 0.0004587971 0.00043782545 5.392092e-06 3.2880164e-06 7.773933e-06 0.014218796 2.913706e-07 1.2139835e-05 6.045192e-05 1.2652663e-08 8.217216e-06 0.08076381 5.378654e-07 1.6018461e-08 2.7022625e-07 8.1281925e-08 0.00022054142 1.9454223e-05 2.4239702e-07 7.134925e-08 2.744953e-05 0.00074021873 7.75976e-07 1.02658106e-07 4.170934e-05 4.7335948e-07 0.15164864 3.886007e-05 1.0855832e-07 0.00035703168 0.00041851966 5.1975004e-08 1.6890557e-08 4.458591e-08 3.5119047e-08 3.9814022e-05 1.4190055e-08 0.001518994 0.0011095449 1.695779e-05 0.001022976 0.014906514 2.9280547e-05 3.5599248e-07 6.5265885e-05 1.44779e-09 9.504144e-06 9.75645e-07 3.6875276e-06 1.1115963e-05 0.0010511217 0.00018258017 8.2138904e-05
0.8613886 0.77756166 0.027265599 0.87590635 0.0045593968 0.4741833 0.7141586 0.00044692933 0.2986843 0.0021801195 0.68479234 0.007379126 0.0979092 5.601048e-15 0.00096467166 0.00014983384 0.9939559 8.527925e-05 0.24384417 0.71461767 0.032107763 0.114302814 0.0024238008 1.2273703e-06 2.9929827e-06 4.155006e-05 0.08223901 0.061708834 0.0007644598 3.7072936e-05 0.00040540536 0.8047772 0.017072981 1.3666812e-06 1.4636014e-06 3.695491e-08 0.3638061 3.1904506e-07 0.01037522 7.223038e-06 0.6709147 0.00016393764 9.1369384e-07 0.41458294 1.7570763e-07 4.0187602e-05 0.0034133098 0.00042139145 0.0010953353 0.00095177675 4.983421e-05 4.8666203e-05 7.797255e-08 5.8932907e-05 3.2756163e-06 1.4684117e-05 5.3726916e-07 5.6654383e-08 7.458859e-07 0.17974469 0.00016481346 3.6011216e-09 9.04578e-09 1.95896e-06 0.000277608 4.6796112e-07 5.416111e-07 7.169042e-08 0.013008757 0.0014212456 5.37353e-06 4.6386533e-05 1.6130323e-06 2.089296e-05 0.00071212486 2.9416322e-05 1.4893398e-07 0.13155681 0.00061896746 2.157672e-07 2.228936e-09 1.4843478e-08 2.3187108e-07 0.0011218239 7.68277e-08 0.006131157 6.092701e-06 2.5942276e-08 0.1700273 0.00093780266 9.9340126e-05 2.6192415e-06 0.000102564314 1.3880014e-09 7.478918e-05 9.008092e-07 2.20371e-05 7.2580646e-05 0.0007071078 0.00032121871 0.0020659126
0.9873365 0.10296117 0.6779738 0.015193687 0.68506455 0.0015314771 0.00037817963 0.16969009 0.020352889 0.9263446 0.00010153805 0.020556614 0.01930117 0.00096467166 5.450492e-14 0.9817556 0.0006466769 0.7893719 0.112902194 0.010059043 0.007412011 1.4413593e-05 2.7069078e-05 0.36214736 0.38895714 7.218372e-07 0.024180016 0.46324417 0.003464193 0.6749624 0.6230903 0.0006854188 0.017996833 2.3968863e-07 0.079476885 0.3224091 3.730275e-05 2.4967388e-08 0.056010667 0.00962941 0.00027357164 0.017197987 2.6104698e-07 0.00045006388 0.0011587536 0.0012279458 0.0018964353 0.048728734 0.23989183 0.00093516667 2.0105665e-06 0.00012489692 0.09175201 0.00030730484 2.1788172e-07 0.0009970161 0.00096139667 1.7302323e-08 5.1944855e-05 3.5884873e-06 4.2253614e-06 9.170513e-05 0.0014307087 8.949066e-06 0.12166258 0.00010452819 2.0464442e-07 5.2464973e-05 1.3064983e-05 0.14474207 7.8361865e-07 6.147163e-07 1.3022055e-05 0.00011073636 0.0001416753 0.05782072 0.0004802465 1.0168753e-05 0.043184098 6.3274306e-06 1.3011262e-06 1.0548097e-05 0.00010805763 7.394701e-06 1.9864028e-07 8.422529e-07 1.1957011e-06 0.0006757928 8.229733e-06 4.068822e-06 0.02658468 8.880337e-08 0.0019229794 5.529627e-09 0.0032709045 4.8603424e-06 1.9878269e-06 0.00054948434 0.14975663 0.025910681 8.377612e-07
0.9422174 0.03881825 0.6390072 0.0075912117 0.5013857 0.00068351475 0.0002937115 0.23101845 0.0017684283 0.8138619 5.385388e-05 0.013412748 0.00090791984 0.00014983384 0.9817556 9.583136e-17 2.5097437e-05 0.95607984 0.06808753 8.378859e-05 0.003917866 1.1631251e-06 1.787991e-06 0.9204757 0.5251351 2.5313582e-07 0.00014296305 0.28597486 0.0011336796 0.19506885 0.6316563 1.0901314e-05 0.008695958 6.75477e-07 0.6355308 0.22004978 9.814103e-07 8.692641e-09 0.0019660327 0.07748925 2.6762814e-06 0.0073977313 1.0539849e-07 1.0463097e-05 0.005858481 0.0005253645 3.9488183e-05 0.0054093236 0.17822729 0.0008278641 4.7455228e-07 0.00016832541 0.072201274 1.5343512e-05 3.5150546e-08 0.005897775 0.0007430436 5.377243e-09 0.0004213362 1.195883e-07 4.2812007e-07 0.00039860926 0.008811487 1.2802177e-06 0.22085606 3.220928e-05 3.5141362e-08 0.0012350571 9.960693e-08 0.100509696 6.4478144e-07 4.893172e-08 1.3856968e-06 1.1505214e-05 1.7183229e-05 0.05384242 0.001088988 4.400534e-07 0.09419426 4.0003083e-06 2.6799298e-05 0.00032211354 0.00065476075 1.6960392e-07 5.9375855e-09 9.9214624e-08 8.345886e-08 0.0076954137 1.3864e-06 3.4715677e-07 0.044390284 1.566614e-09 0.00045567777 5.523616e-10 0.004854995 3.4667328e-06 4.3385984e-09 0.00015380072 0.11522835 0.028938849 3.2828904e-08
0.8243679 0.6360899 0.033338703 0.79850113 0.0047579315 0.4398277 0.72151476 0.0001670034 0.12890387 0.0016997574 0.76966584 0.0021964412 0.01947162 0.9939559 0.0006466769 2.5097437e-05 9.5456395e-15 6.570013e-06 0.20852709 0.52621424 0.048110947 0.40293872 0.012565892 3.8825746e-08 1.8561843e-07 7.691741e-05 0.015656218 0.074279815 0.0005980316 8.088721e-07 4.6616566e-05 0.9453191 0.017982619 3.6023296e-06 1.1475331e-07 5.068506e-09 0.5150248 1.5973933e-06 0.0033211247 9.99567e-07 0.5097784 7.1284167e-06 1.11002955e-05 0.124674685 1.0312532e-08 1.5271411e-05 0.0005802034 0.00010382389 0.0002539644 0.0012350465 0.0002458863 1.7072189e-05 1.6805144e-08 4.3624123e-06 3.653406e-06 2.3919667e-06 3.6039406e-08 8.766254e-08 9.1324125e-08 0.104565956 0.0005267554 5.3439697e-10 5.872831e-10 1.7351284e-06 5.0714705e-05 5.518946e-08 9.919481e-07 6.0868377e-09 0.08671763 0.0003878286 4.75376e-06 0.00024029575 1.2622165e-07 1.9445597e-05 7.791885e-05 1.7010547e-05 3.958221e-09 0.1685765 0.00016606224 3.4973542e-07 1.8265224e-10 2.3998024e-09 1.5115775e-09 0.012850458 3.0569234e-07 0.0019311226 6.459853e-07 4.692701e-09 0.23023777 0.00030635795 1.49182315e-05 4.171525e-06 0.0001487701 7.982808e-10 2.1035098e-06 7.999784e-07 9.1378184e-05 6.417057e-05 0.00019272395 0.00019372732 0.0025527882
0.8569678 0.029708153 0.8910732 0.0029764022 0.8761806 5.3569234e-05 8.315692e-05 0.67138594 0.003816912 0.1875064 2.7662392e-05 0.07347282 0.0018110051 8.527925e-05 0.7893719 0.95607984 6.570013e-06 4.9736623e-15 0.014372778 0.00018607809 0.0001732164 2.049368e-07 4.6169566e-07 0.7084592 0.96136993 2.6949213e-08 0.00036046508 0.092005454 0.00022119968 0.84978586 0.028160326 7.5099226e-05 0.0024430833 7.73075e-08 0.04267094 0.1956365 1.8856423e-06 9.613144e-09 0.02382553 0.009702963 6.643107e-05 0.09189846 1.7182983e-07 5.6183355e-05 0.00022823806 2.6679572e-05 0.0005530113 0.22483371 0.028391887 0.00010427121 6.159607e-06 4.2873025e-06 0.024290228 0.00030834816 3.0893347e-07 0.004077403 0.016917039 1.1196097e-07 0.00016791897 2.2773602e-06 1.8520396e-07 1.0783305e-05 0.0044639246 6.4872547e-06 0.03261364 0.0012621561 3.731253e-07 7.100027e-05 3.9078723e-06 0.018691583 4.843407e-06 1.0555241e-07 0.00024299385 2.2727627e-06 0.00019229234 0.0075137164 2.0513138e-05 5.57862e-06 0.021490231 1.0453017e-06 3.0751344e-05 1.885203e-05 7.2689845e-06 3.981368e-05 2.585096e-07 5.251798e-07 1.1865732e-07 0.016829211 4.689078e-05 7.161717e-06 0.00377824 3.1776228e-08 7.17131e-05 2.3037783e-08 0.0022349006 1.7617696e-05 2.5070523e-07 6.296577e-05 0.008741432 0.0029141607 1.228713e-07
0.99268776 0.5452735 0.44810256 0.7973921 0.23839495 0.8724668 0.78750867 0.011231358 0.02877299 0.88338864 0.70066285 0.00796538 0.031653862 0.24384417 0.112902194 0.06808753 0.20852709 0.014372778 1.3645653e-13 0.05812861 0.9042187 0.43402666 0.28050217 0.0030775194 0.0018058786 0.026397498 0.009633308 0.5684037 0.44277805 0.0064195083 0.4486177 0.05155762 0.2729519 0.0005580044 0.00031946757 0.00059617695 0.05248396 0.0002566157 0.0010742254 0.00067638117 0.0021777642 0.0002717333 0.0009828086 0.0014040637 0.000665368 0.02707759 0.00022288333 0.00041460068 0.19137666 0.045438476 0.0009049034 0.0058112936 0.00017883236 5.6034673e-06 9.378313e-05 0.00028623373 1.263491e-05 1.17479985e-05 0.000106239895 4.432507e-05 0.010664047 6.861942e-05 7.2991854e-05 0.001541219 0.029574564 5.3451995e-06 3.7676793e-05 0.00016092634 0.004530666 0.13386323 8.650085e-05 0.00051807595 3.6430413e-06 0.00070581364 9.743247e-05 0.019447783 0.0002523692 0.00029243805 0.010886854 2.4306326e-05 1.1786518e-06 3.8625285e-06 0.000119836215 9.572617e-05 2.3152782e-06 4.811737e-06 6.4617784e-06 7.98894e-06 0.0001293695 3.4158595e-05 0.02970765 1.1097553e-05 0.005890352 4.067648e-07 0.0012691041 7.349519e-05 3.7945472e-05 0.0019754139 0.12960643 0.026009317 5.565551e-05
0.8333573 0.7985847 0.394761 0.5459161 0.41883639 0.006820087 0.10567356 0.040426094 0.96536636 0.0009568657 0.01903453 0.7254495 0.97207093 0.71461767 0.010059043 8.378859e-05 0.52621424 0.00018607809 0.05812861 6.3891356e-15 0.000847922 0.00055447995 6.416619e-06 1.3808356e-06 1.0632489e-05 2.571133e-07 0.9478993 0.04555851 6.141374e-05 0.00017954 1.3407324e-05 0.19208714 0.006425299 2.0762678e-07 6.626838e-07 5.8433363e-07 0.001916469 7.9288704e-08 0.1673898 2.5115119e-06 0.7962361 9.032876e-05 1.3904452e-06 0.71698886 2.2374303e-08 6.8729078e-06 0.15651584 0.0028609235 7.485004e-05 0.00043445826 6.0298275e-06 1.6852249e-06 5.908192e-07 0.00435385 8.889307e-07 1.6516276e-06 1.7948812e-06 7.316982e-08 3.1598103e-07 0.19321798 3.7842638e-06 4.8504417e-10 4.0659665e-10 4.8816034e-08 0.0001478898 2.228e-06 4.888883e-07 1.8158289e-08 9.084658e-05 0.00026048184 2.4522005e-06 4.7365484e-07 1.2567852e-05 2.0247158e-07 0.09146484 6.422692e-06 3.9830176e-08 0.0007001406 5.492491e-05 1.8608795e-07 2.6989902e-08 1.2029749e-07 4.970359e-09 0.0001454231 3.298873e-07 0.016500205 0.00029743335 4.2725915e-08 0.03467044 0.034732465 4.656313e-06 1.2269606e-06 1.0975044e-05 5.027135e-09 7.4326573e-07 2.864508e-06 1.1509939e-06 1.585031e-05 0.00019363737 5.7227582e-05 0.00076431513
0.969171 0.09770397 0.047898687 0.38943496 0.01104834 0.88987714 0.5711349 0.0004700475 0.0018742277 0.54974174 0.7068891 0.00073041086 0.0011253895 0.032107763 0.007412011 0.003917866 0.048110947 0.0001732164 0.9042187 0.000847922 1.8458394e-15 0.50249344 0.9411476 0.00010300955 9.107269e-06 0.60087645 3.4596465e-05 0.33936584 0.92066014 7.946873e-06 0.09316899 0.0074934796 0.4959525 0.22241047 1.1233713e-05 1.4162287e-06 0.030267144 0.031243937 8.207724e-06 4.9977374e-05 0.00017082476 5.325604e-06 0.026502537 7.796546e-05 8.5820255e-05 0.43840665 1.7342235e-06 5.769515e-06 0.101474434 0.22229165 0.026764771 0.09205514 7.622238e-07 1.313006e-07 0.0008505399 3.9206894e-05 9.217601e-08 0.0003271196 4.746818e-05 6.486256e-07 0.008033428 5.2878804e-06 4.5906024e-08 0.07785605 0.0077917217 4.0996508e-08 0.000121387304 9.8220335e-05 0.0051601976 0.075114705 0.0003930123 0.00032814135 4.5154767e-08 0.0053729564 1.2586245e-06 0.00845908 1.3545522e-05 2.7634762e-05 0.0020344655 0.0014285722 6.821413e-08 4.1141423e-08 8.809307e-06 5.1905245e-05 4.0534965e-06 3.7915228e-07 8.5793694e-08 4.8396464e-07 8.943639e-06 1.4289787e-06 0.00999864 9.091571e-06 0.04120336 6.5767013e-06 0.0003798023 0.00086597766 5.530421e-06 0.01099753 0.112751044 0.016526764 9.595612e-07
0.91236764 0.009525995 7.702561e-05 0.09157332 5.4494176e-06 0.59822834 0.5601232 4.4805023e-07 0.00013884352 0.0010463565 0.9852803 1.853614e-05 1.6746519e-05 0.114302814 1.4413593e-05 1.1631251e-06 0.40293872 2.049368e-07 0.43402666 0.00055447995 0.50249344 2.779878e-16 0.9126906 3.453299e-08 1.25937705e-08 0.07487662 1.1629017e-05 0.073956944 0.03195026 4.6349182e-08 0.00012272708 0.4754424 0.112952806 0.011956392 2.1544582e-07 6.8641e-09 0.9676489 0.016600652 3.1970146e-07 1.3808698e-06 0.0026940273 2.362702e-06 0.09629048 6.698659e-05 2.130399e-08 0.0034408732 5.6724156e-07 3.266104e-07 0.0018249131 0.032027025 0.08606973 0.0031440281 6.1347684e-08 1.2878581e-07 0.0016941822 1.8381459e-05 2.7909275e-09 0.00016003363 7.729545e-07 9.97591e-05 0.38653773 3.746339e-09 1.9126571e-10 0.0007349751 0.00095875515 6.34195e-09 0.00016052597 1.4672818e-07 0.5957769 0.0031065752 0.004236811 0.11906024 2.3334255e-08 0.00063405506 2.7911383e-07 0.00023649249 9.427695e-09 0.06466176 0.0006524454 0.00021291887 9.1394425e-10 2.5649611e-09 5.448032e-09 0.071937524 5.9607464e-05 1.0242053e-06 5.573446e-08 6.4232086e-09 0.029579662 3.0496935e-07 0.00036036337 0.020716129 0.008508032 6.6414157e-07 5.0645536e-05 0.00016391482 0.01598653 0.003941771 0.0014035039 0.0008193705 4.0100735e-05
0.91924065 0.0006890681 6.3758685e-05 0.00635595 1.6941311e-06 0.50978607 0.1963612 7.196871e-07 2.1319e-05 0.018909983 0.663829 3.9664037e-06 1.6794562e-05 0.0024238008 2.7069078e-05 1.787991e-06 0.012565892 4.6169566e-07 0.28050217 6.416619e-06 0.9411476 0.9126906 5.0720217e-18 2.1812102e-07 2.06018e-08 0.9899028 1.1672148e-07 0.06608894 0.75119627 3.1699698e-09 0.0036903177 0.00284372 0.30392116 0.1868441 3.3018662e-07 9.933538e-09 0.25385812 0.13880706 9.0447664e-08 8.3981223e-07 4.2492234e-06 3.1290014e-07 0.15051495 7.634365e-07 2.1227522e-07 0.20616633 5.582127e-08 1.4598113e-08 0.024618872 0.41362128 0.34985816 0.19222796 8.135478e-09 3.5046628e-09 0.010072314 3.560164e-06 1.7177297e-09 0.0061206026 3.9024835e-06 1.6079746e-08 0.038176455 2.596642e-09 3.5120015e-10 0.10703317 0.0037264707 5.432838e-10 0.0017435295 6.3822864e-07 0.032734487 0.030307919 0.0027976753 0.0062338673 2.373378e-09 0.003205823 2.1113136e-08 0.0022415605 8.304141e-08 0.00015311639 0.004437989 0.00066648005 6.487882e-11 2.6837236e-08 3.785639e-08 0.00017346951 1.5497026e-05 1.122886e-07 9.6920525e-09 1.3291312e-10 1.0355398e-05 7.8366156e-08 0.005474233 0.00045547594 0.038805965 2.2312373e-05 0.00061713584 0.0005279866 7.089993e-05 0.013910721 0.04656931 0.009022618 1.2345923e-08
0.88463014 0.00025121565 0.07726261 4.0551222e-05 0.031872336 2.7952258e-06 9.92188e-06 0.011985251 4.606731e-05 0.07888818 2.7414567e-06 0.0009515036 6.794576e-05 1.2273703e-06 0.36214736 0.9204757 3.8825746e-08 0.7084592 0.0030775194 1.3808356e-06 0.00010300955 3.453299e-08 2.1812102e-07 1.8642077e-17 0.98587507 1.4466313e-08 1.5540461e-05 0.07628246 0.000268168 0.24939805 0.23796657 1.9691643e-06 0.0014632298 7.456104e-08 0.9603274 0.7128576 3.36931e-08 4.9763345e-09 0.0008022847 0.3380033 2.2245733e-06 0.018674036 1.00964606e-07 1.7990104e-05 0.026835995 0.00018029632 0.00012401682 0.0076914737 0.098086745 0.00020359685 1.1481319e-07 5.2938016e-05 0.30077553 3.196673e-05 2.893572e-07 0.13515677 0.0022865767 5.4648353e-07 0.002946914 6.431478e-07 3.2561318e-06 0.0037045334 0.117315225 2.7480503e-06 0.22389844 0.00030341372 6.987251e-07 0.00231099 1.1341547e-06 0.03700904 3.2505068e-06 5.5617727e-07 5.3622287e-05 3.7151488e-06 1.755313e-05 0.03889728 0.0049363994 4.125635e-06 0.14319453 3.2701355e-06 0.005707204 0.010154672 0.0019714916 5.3092294e-06 4.6972417e-07 4.59726e-07 1.5225479e-06 0.032425746 2.60875e-05 5.0018975e-06 0.017168317 1.0561926e-07 0.0004355493 1.8741057e-08 0.015108969 9.160933e-05 1.5727203e-07 0.00047471438 0.022231564 0.010444803 3.0933659e-06
0.89304715 0.0002674725 0.1010019 4.289783e-05 0.06432248 1.6589951e-06 3.1235588e-06 0.008651068 7.398817e-05 0.01387451 1.0453236e-06 0.0004396189 8.992281e-05 2.9929827e-06 0.38895714 0.5251351 1.8561843e-07 0.96136993 0.0018058786 1.0632489e-05 9.107269e-06 1.25937705e-08 2.06018e-08 0.98587507 2.8641503e-17 1.2590835e-09 0.00015886835 0.043810226 2.0200408e-05 0.851281 0.031071577 3.3897264e-05 0.0007249327 2.9841198e-09 0.19643416 0.89852256 2.715593e-07 8.2720046e-11 0.0013186323 0.039208215 1.3394378e-05 0.07019667 1.6597959e-08 3.2218068e-05 0.0024589053 2.249783e-06 0.00011933236 0.008284854 0.03137691 0.00017126615 5.4394955e-06 2.2130346e-06 0.38358787 3.4568366e-05 3.4954052e-08 0.03601919 0.010726454 7.783774e-09 0.00033352914 1.1477471e-06 2.8341498e-08 0.00021185246 0.06383949 1.2501094e-06 0.08421021 0.0002855028 1.0394173e-07 0.00037679882 1.7588301e-05 0.022673376 1.6025645e-06 8.2436327e-07 1.8273267e-05 1.4855536e-07 2.7435035e-05 0.01547784 0.000702725 5.924396e-07 0.06635834 2.1899066e-08 0.0009060208 0.0014524534 0.00014636603 1.2918991e-05 8.260068e-08 9.5911524e-08 9.98746e-08 0.12612864 5.139942e-06 4.628141e-07 0.009755274 6.0388274e-08 1.7406832e-05 3.3029117e-09 0.007998993 2.7397328e-07 3.7488084e-07 5.650379e-06 0.027907075 0.007893134 1.5493123e-07
0.9581524 7.1102827e-06 7.2964224e-07 9.2544426e-05 4.804363e-08 0.010847844 0.0010828743 6.311263e-09 4.3069545e-07 0.0005221261 0.0067388276 1.8657003e-07 7.65913e-07 4.155006e-05 7.218372e-07 2.5313582e-07 7.691741e-05 2.6949213e-08 0.026397498 2.571133e-07 0.60087645 0.07487662 0.9899028 1.4466313e-08 1.2590835e-09 2.732302e-18 2.0193694e-08 0.011924751 0.80514246 2.8040001e-09 0.0009737358 0.0009218781 0.30507833 0.96215713 1.2895645e-08 1.4655211e-09 0.05988495 0.4201418 4.6762807e-08 3.3610547e-07 9.698766e-07 5.0179773e-07 0.4026815 2.8843917e-07 1.3123763e-07 0.5277765 3.34397e-08 4.813588e-09 0.012547134 0.5629557 0.49106112 0.5477659 2.0456374e-08 1.15843015e-08 0.036298685 3.7170886e-07 3.338333e-10 0.090198964 5.2725443e-07 3.613667e-08 0.07657607 1.4187396e-09 4.2057777e-10 0.7462265 0.0008570285 1.919602e-09 0.005539802 1.3476889e-06 0.01979216 0.02307139 0.0036147619 0.004928643 2.1415076e-09 0.055641733 2.944336e-08 0.001100021 2.2135252e-07 2.6168906e-05 0.00068284944 0.0043866555 9.224147e-11 3.1021017e-08 1.2316107e-07 9.435107e-05 6.290803e-05 5.361287e-09 8.7683905e-09 4.1353954e-10 1.9968027e-06 4.138722e-08 0.006588039 0.00019872715 0.16162476 0.00040365537 0.00027967565 0.0028118803 4.054295e-05 0.09446824 0.017976968 0.011221143 3.8411418e-08
0.8568862 0.30054557 0.23031016 0.09605658 0.5078377 0.00029709915 0.02181535 0.0397356 0.6847865 0.00020704283 0.001457539 0.37045124 0.95332915 0.08223901 0.024180016 0.00014296305 0.015656218 0.00036046508 0.009633308 0.9478993 3.4596465e-05 1.1629017e-05 1.1672148e-07 1.5540461e-05 0.00015886835 2.0193694e-08 7.191533e-11 0.07027698 1.6667951e-05 0.0021412815 2.4005007e-05 0.01151548 0.002006656 1.003192e-08 2.0573664e-06 1.3225023e-06 1.990032e-05 1.4262884e-08 0.95253223 1.43884035e-05 0.43124643 0.00017717165 1.461096e-07 0.82086694 1.2251769e-07 4.3904256e-06 0.93125516 0.21354628 0.00074034935 0.003563133 1.3156339e-06 1.9695888e-06 5.4537586e-06 0.24234535 9.456483e-07 9.060312e-05 1.6989841e-05 1.8822887e-07 6.387316e-07 0.20719373 1.8799971e-06 2.3738547e-08 1.4380035e-09 3.5886444e-08 0.0022204816 3.9894945e-05 2.690838e-06 3.462713e-07 2.5473923e-07 0.00200346 2.8426217e-05 1.3256874e-07 0.0011376132 2.9073885e-07 0.852668 0.00012717045 5.2440004e-07 4.1776675e-06 0.00035775392 1.8059488e-06 3.3020882e-08 1.0115048e-06 2.5572078e-06 1.5059754e-06 4.6554387e-06 0.009865669 0.009018111 6.1179503e-07 0.0016085759 0.32253617 5.3172153e-06 1.6806155e-06 2.6992258e-05 7.309449e-08 2.2734923e-05 1.51757495e-05 1.2389428e-07 3.298241e-05 0.0013366918 0.00014131608 8.558201e-05
0.9932029 0.16029608 0.3070249 0.17091985 0.22459309 0.13503732 0.13485777 0.027529875 0.02292684 0.8933288 0.113692865 0.007602039 0.046122573 0.061708834 0.46324417 0.28597486 0.074279815 0.092005454 0.5684037 0.04555851 0.33936584 0.073956944 0.06608894 0.07628246 0.043810226 0.011924751 0.07027698 8.354429e-14 0.2155332 0.15266028 0.966779 0.036552053 0.6799375 0.00058182527 0.022751993 0.048579853 0.011625885 0.00012425608 0.0055455556 0.006208241 0.0014321618 0.0012825952 0.0002712742 0.00083302177 0.015047173 0.023062777 0.00038840657 0.0009261811 0.635266 0.04789371 0.0016112168 0.0020300215 0.0023341717 8.025552e-05 5.7872465e-05 0.0029267787 1.3453293e-05 2.0536274e-05 0.0016428464 0.00023122111 0.0022763463 0.00025256834 0.00042353183 0.0021638605 0.046224665 1.7618151e-05 3.2238353e-05 0.00036084602 0.00013863565 0.31007108 0.00015021629 0.00014803812 7.030981e-05 0.0011167233 0.0010404642 0.028367782 0.000832795 0.00025384672 0.007933346 4.523367e-05 1.1065965e-05 1.0326938e-05 9.456258e-05 5.021369e-06 1.1880944e-06 3.7511206e-06 3.0833067e-05 2.3908093e-05 6.365309e-05 0.00016329385 0.033724327 5.767515e-07 0.0025099532 4.4684302e-07 0.0020792305 1.5145878e-05 7.22537e-07 0.0007627721 0.27552858 0.07507245 5.8746805e-06
0.89433545 0.0017834441 0.0025529852 0.005449369 0.00028485252 0.05550858 0.016539251 8.6462336e-05 6.641441e-05 0.12908214 0.034769226 3.7684233e-05 9.4535535e-05 0.0007644598 0.003464193 0.0011336796 0.0005980316 0.00022119968 0.44277805 6.141374e-05 0.92066014 0.03195026 0.75119627 0.000268168 2.0200408e-05 0.80514246 1.6667951e-05 0.2155332 3.4816713e-12 1.24723665e-05 0.2147105 0.00041409355 0.97956026 0.5847823 6.896529e-05 1.884164e-05 0.0036759432 0.09688453 2.451388e-05 0.0005646687 1.2622203e-05 4.8745283e-06 0.038681883 1.0614384e-05 0.0008252573 0.87522084 9.575626e-06 1.3009308e-05 0.11453401 0.7795248 0.040458705 0.23230508 4.656833e-06 5.3403966e-07 0.002894404 0.00011052018 1.3328398e-07 0.0036173018 0.00050530484 3.1729355e-06 0.0019377465 3.8242608e-05 3.6363818e-07 0.6570537 0.020168269 1.3235261e-07 0.00027688406 0.00072404003 0.0015627637 0.085198015 0.0002035951 0.00022161311 2.245482e-07 0.12835993 6.8244713e-06 0.0193648 3.8288443e-05 1.181226e-05 0.0038687869 0.0019509535 3.1975756e-07 1.9421948e-07 2.7125829e-05 3.5044395e-05 1.1019849e-05 8.5997135e-07 3.3016665e-06 2.0321963e-07 8.243243e-06 1.2180911e-05 0.017040895 1.5041346e-05 0.06957852 2.1616677e-05 0.0005179298 0.002386082 4.1135027e-06 0.028970176 0.1040943 0.025143 3.2818668e-06
0.9756438 0.014046383 0.6674562 0.009145684 0.8715336 6.3030507e-06 0.00091970473 0.05254408 0.007288877 0.0033088787 3.5138246e-06 0.008693683 0.0040619113 3.7072936e-05 0.6749624 0.19506885 8.088721e-07 0.84978586 0.0064195083 0.00017954 7.946873e-06 4.6349182e-08 3.1699698e-09 0.24939805 0.851281 2.8040001e-09 0.0021412815 0.15266028 1.24723665e-05 6.200981e-14 0.01503356 0.0005083618 0.002405224 4.1970054e-09 0.012381857 0.4685923 1.5476725e-06 2.124511e-08 0.050170317 0.0052821776 1.603524e-05 0.99935293 2.5908353e-08 8.4111634e-05 0.0006650777 4.0893733e-06 0.001978188 0.09598572 0.05922581 0.0012250474 1.279456e-06 4.334858e-06 0.010818663 0.0023619633 1.2324207e-06 0.06997878 0.053339086 2.4268024e-06 0.0003302016 1.1056376e-05 6.554764e-05 0.00012890913 0.0032196152 8.0618776e-08 0.13011117 0.0105287405 6.804669e-06 0.00011416775 5.0936096e-06 0.07518675 4.2703277e-06 3.8343564e-06 0.0013596801 4.628695e-06 0.000831155 0.017707765 0.0005735793 2.5157247e-05 0.12578253 1.7113023e-05 6.431889e-05 0.00016173779 8.971513e-06 1.935865e-05 2.7284648e-06 5.678981e-07 1.1240582e-05 0.31353235 3.6090005e-06 9.873071e-06 0.0022834453 1.2051532e-07 8.706853e-05 4.3033186e-08 0.023935849 5.261411e-06 2.7683637e-07 0.00017319182 0.020486243 0.0057410486 5.7024177e-08
0.94353515 0.006148099 0.057234928 0.0060935356 0.023297317 0.0071832202 0.002569508 0.003412646 0.00023931144 0.8752306 0.0014654689 0.0007461549 0.00020030585 0.00040540536 0.6230903 0.6316563 4.6616566e-05 0.028160326 0.4486177 1.3407324e-05 0.09316899 0.00012272708 0.0036903177 0.23796657 0.031071577 0.0009737358 2.4005007e-05 0.966779 0.2147105 0.01503356 1.2405104e-15 8.7934044e-05 0.28167227 0.0005889291 0.66710687 0.051403303 0.000119231925 1.9396773e-05 2.4304378e-05 0.309886 5.9863733e-06 0.00012086055 5.4669257e-05 2.3191058e-06 0.4805579 0.04533668 3.3029073e-06 7.191411e-05 0.9422913 0.014254333 0.00013456393 0.0037628156 0.016357644 2.685288e-06 3.6989043e-06 0.07707357 2.391807e-06 3.099649e-07 0.09824007 2.4778503e-06 6.114089e-05 0.012158885 0.0036425411 0.0019875788 0.7990126 1.0974264e-06 6.866274e-07 0.07219647 8.429364e-06 0.5769609 2.261951e-06 3.0096091e-06 8.198332e-07 0.010150351 9.6891745e-06 0.50864506 0.01120606 1.2736508e-05 0.4428056 7.014285e-05 0.00013897056 0.0008652768 0.007728514 1.7562533e-06 8.660271e-09 2.5762506e-07 1.0316242e-06 0.00022332887 8.604451e-06 3.5495732e-06 0.45805177 4.392146e-08 0.0009899292 9.719414e-09 0.03235292 9.377373e-05 1.8468981e-07 0.00025578498 0.31269693 0.32830215 2.5721301e-06
