3.7518927e-25 0.0311838 0.09598107 0.10422865 0.359963 0.2763978 0.61983675 0.15026258 0.36496028 0.83829534 0.00533958 0.33237657 0.0507395 0.06768421 0.57056224 0.77588594 0.043435574 0.62410396 0.07912971 0.79085034 0.70922875 2.7047186e-06 0.772536 0.71874756 0.95707005 0.011267448 0.8988361 0.017750476 0.9208355 0.67341566 0.0132167535 0.8563575 0.6714353 0.9751346 0.90234965 0.9700956 0.25504923 3.0300944e-06 0.9170452 0.84658194 0.51862854 0.91437894 0.9150808 0.07263195 0.018433029 0.0010196745 0.8484755 0.9611562 0.70114607 0.94330734 0.98190045 0.0039219107 0.97200227 0.36020225 0.000838649 0.57474494 0.050904658 0.0010355222 0.016335024 0.9242451 0.21472324 0.45352808 0.38511035 0.28218418 0.82968116 9.5880394e-05 1.2898026e-07 1.0961535e-06 0.8254226 0.9802687 0.69669783 0.9353185 0.6565539 0.99911785 0.6441621 0.6742611 0.86127853 0.070053816 0.18620971 5.841523e-06 0.99795276 0.9795212 0.9998419 0.9012157 0.996345 0.9953958 0.8914268 8.688079e-06 0.99967134 0.8985489 0.9998326 0.99980265 0.99948764 4.212311e-07 0.9999873 0.0009951395 0.99971735 6.2000333e-07 0.030825932 0.9999984 0.05267681
0.0311838 5.4938793e-18 0.9868281 0.6343804 0.321976 0.03392219 0.58002305 0.01190921 0.015520722 0.03506274 0.3750531 0.0022702403 0.33207425 0.008344 0.017314812 0.001765306 0.0005790583 0.0045108534 0.0004230028 0.0032217067 0.002678074 0.00043569328 0.010643178 0.00019174021 0.008369875 0.014788805 0.0010653241 0.00012812535 0.002892488 0.0010373523 1.3518833e-05 0.00011921032 8.980626e-05 0.0026127452 0.008969564 0.0005342643 2.241262e-06 7.129097e-06 0.00042061115 0.0011789122 5.7666493e-06 0.00043540102 1.0663105e-05 1.8322993e-06 1.6052719e-06 0.025049811 0.00013646184 5.866241e-05 1.4323359e-05 8.287199e-05 0.0034629244 4.0871802e-07 3.0772244e-06 1.4598335e-06 5.0131695e-07 0.003900199 3.845892e-08 6.786775e-08 2.213545e-08 6.192016e-05 1.1991281e-06 1.0902909e-08 1.2667206e-07 5.467457e-09 3.9997872e-07 1.0255986e-07 5.670258e-05 0.001006661 3.1195814e-08 7.547459e-05 2.2259621e-07 2.7519332e-05 1.9140531e-08 0.00947611 3.2052526e-08 1.474665e-07 2.4245735e-05 3.3680767e-08 8.397361e-09 2.434273e-08 0.0003128126 1.4888555e-07 0.002546572 5.235638e-06 0.006663462 0.0017148533 4.08169e-08 0.00036165165 4.6864043e-05 1.5280609e-08 0.0028388777 0.0025666452 0.0035667538 4.633012e-05 0.001851524 0.00070170214 5.8052415e-06 6.721523e-05 0.00047163953 0.00060279015 0.0006401455
0.09598107 0.9868281 1.199608e-16 0.58800286 0.3749025 0.029530147 0.7307533 0.010317945 0.01590029 0.03692535 0.47794086 0.0028605266 0.4457662 0.0029551922 0.010449047 0.0017680302 0.00049031386 0.007231565 0.00031676536 0.006032068 0.0038780125 0.0002049291 0.019169563 0.00019585974 0.009567371 0.027136317 0.0010875822 0.00024338021 0.004163475 0.0013780849 2.594845e-05 0.00029059377 0.0002643823 0.0015534626 0.024096807 0.00080883893 8.29023e-06 5.238071e-06 0.0010636993 0.002751638 2.7476926e-05 0.0009056796 1.4165198e-05 3.2061762e-06 7.157286e-06 0.08817682 0.00047209967 0.0001690811 5.2991305e-05 0.00027220557 0.015459378 1.2279369e-06 7.2778494e-06 4.1561534e-06 1.6803975e-06 0.014732258 1.6272276e-07 3.0288072e-07 1.16002056e-07 0.00028645655 5.7957486e-06 7.498132e-08 6.26154e-07 1.17125914e-07 8.9682163e-07 2.713227e-07 0.000324682 0.0016079885 7.908963e-08 0.00023376136 3.007413e-07 4.0163344e-05 7.7422415e-09 0.019744448 1.5264236e-08 1.3321009e-06 3.6484078e-05 1.2979217e-07 1.2163284e-08 5.327095e-07 0.0012890643 4.320073e-07 0.0027761038 2.7934446e-05 0.00537885 0.0023927747 5.0294105e-08 0.00087014586 0.00019246331 5.348156e-08 0.007279096 0.0065935734 0.0033287904 0.00016741513 0.003993472 0.0016065661 1.1205166e-05 0.00014763672 0.00086737325 0.0010472896 0.0010796334
0.10422865 0.6343804 0.58800286 3.519411e-14 0.87293524 0.8369762 0.374528 0.31407312 0.461259 0.21970831 0.6395123 0.07707202 0.23381284 0.8754945 0.80912644 0.10836484 0.6150262 0.010769612 0.47703725 0.14220114 0.27112442 0.6568924 0.007430922 0.35912964 0.07312928 0.056916393 0.52318585 0.40885946 0.0391627 0.0009253366 0.10039986 0.028529957 0.0074516754 0.162306 0.0072986013 0.0009768405 0.10868941 0.009963094 4.7449077e-05 0.0015470823 3.7230886e-05 0.0005411777 0.0010482878 0.0025462173 0.0016057452 0.057815343 0.00010363624 0.00091133645 0.0011507547 4.832138e-05 0.0034375868 0.00025912558 0.002179366 0.00017625352 0.00040446615 0.0021301524 7.0715105e-05 2.4315133e-05 1.0841181e-05 9.882123e-06 9.0230096e-05 7.632749e-07 1.8000168e-06 2.036047e-07 1.0051261e-05 8.813134e-07 0.00034144477 0.006728963 5.9913674e-07 1.1910281e-06 1.6012444e-06 8.162528e-06 9.963254e-07 0.0023775322 4.664567e-06 6.3016654e-07 1.0252662e-05 1.9652014e-05 3.3902822e-07 1.7621964e-07 0.0007944827 5.6968793e-06 0.0033410795 1.4728921e-06 0.0033016966 0.0020734672 2.1882943e-07 0.00040230647 0.00079168094 6.6052595e-09 0.0031128076 0.0033397686 0.0010553275 0.00025374698 0.0046945373 0.0014849907 0.00024056197 6.8752975e-05 0.0060365917 0.00081077823 0.03057152
0.359963 0.321976 0.3749025 0.87293524 1.3791146e-15 0.9410812 0.84094554 0.8200163 0.7710154 0.758769 0.018663747 0.30776104 0.0677853 0.13698661 0.30791003 0.16337746 0.013339176 0.05360642 0.015598401 0.03263896 0.043144826 0.00021649266 0.029028501 0.005069401 0.12663427 0.0076008034 0.014571269 0.0018497882 0.059563514 0.009525245 0.0010816744 0.0038395768 0.0043435115 0.018109249 0.006260926 0.0061217532 0.0015105394 1.8162499e-06 0.005798149 0.0061816014 0.00012752351 0.003082131 0.00024035832 0.00012254207 0.0002173462 0.0025105986 0.0019486949 0.0018308689 0.0001400644 0.00031205433 0.050651234 1.3817426e-05 7.7782235e-05 7.4140003e-06 4.842363e-06 0.0011646604 6.20547e-07 8.367177e-07 2.6859422e-07 0.00020615835 1.3983768e-05 9.2894524e-08 1.51928e-06 5.5013526e-08 8.063796e-07 1.1308747e-06 4.7671554e-05 0.00031628754 3.6533848e-08 0.00024680232 6.645727e-08 0.00010835027 2.0597792e-08 0.059289977 1.638876e-08 5.661995e-07 7.396377e-05 9.499545e-07 2.395657e-07 2.0779359e-07 0.005128803 1.0379944e-06 0.011847375 2.3412063e-05 0.011856796 0.0032060416 6.298147e-08 3.166622e-05 0.0002530691 1.12898405e-07 0.009231418 0.006283285 0.0025380957 6.0160305e-06 0.008711734 0.00021338924 3.1252293e-05 1.1603304e-05 0.0006369669 0.0011288011 0.00474282
0.2763978 0.03392219 0.029530147 0.8369762 0.9410812 3.2819504e-16 0.2250721 0.8820414 0.9017022 0.53897685 0.0032790408 0.47011378 0.0065068007 0.40845558 0.81683195 0.5774449 0.18958522 0.017341122 0.23412973 0.18240973 0.16888194 0.00078631967 0.00415176 0.07038899 0.19777063 0.0017103773 0.23188989 0.036491334 0.17715919 0.01989982 0.025978984 0.030998494 0.035943482 0.14776127 0.0017010319 0.011269661 0.05790547 6.627237e-05 0.0065651806 0.0022254656 0.0013903034 0.009666214 0.0052623674 0.002292413 0.0020500368 0.00055479415 0.010746892 0.003137135 0.002798608 0.0012375407 0.008010362 0.00018479562 0.00055276876 0.0001443075 6.759134e-05 0.00037797718 1.9500716e-05 1.6632699e-05 1.0257161e-05 0.0012067911 0.00016979582 4.1928843e-07 6.2073555e-06 2.611279e-07 1.7827086e-05 1.953093e-06 4.469658e-05 0.00013234498 2.4761966e-06 0.00025001608 3.661889e-06 0.00047266282 5.885073e-07 0.014501649 4.810601e-07 1.0482892e-05 0.00038472994 2.4006392e-06 4.324756e-07 1.2166109e-07 0.0020466798 4.880189e-06 0.010167507 8.568262e-05 0.0059065525 0.0010119416 1.5418298e-06 3.5075253e-05 6.344782e-05 7.9380595e-07 0.004241626 0.0036384673 0.0013562889 7.6215074e-06 0.002581994 0.0001928348 8.1968006e-05 3.110948e-06 0.00062684086 0.00039968672 0.0050861104
0.61983675 0.58002305 0.7307533 0.374528 0.84094554 0.2250721 2.353865e-14 0.24116461 0.16759604 0.634193 0.019337239 0.12012419 0.46281445 0.0029361444 0.012837426 0.01330113 0.001264878 0.8803889 0.0018402534 0.007405853 0.005067062 1.6467231e-05 0.8213248 0.00033373156 0.076231316 0.04432499 0.001739025 9.332568e-05 0.039206244 0.056959737 0.0001546672 0.0020168503 0.0030189406 0.004275627 0.21767002 0.007818325 0.0006180806 2.8570214e-06 0.035695333 0.15676342 0.0002540167 0.0042281123 0.00015367682 7.618227e-05 0.00013868947 0.0030007982 0.010887285 0.00072628737 0.0003969795 0.00035449385 0.18291886 3.4872264e-05 3.7479116e-05 3.6824833e-05 3.2245528e-06 0.0097807795 1.6118113e-06 1.3851828e-06 6.7175756e-07 0.0008230714 0.00024509148 7.97169e-07 3.392097e-05 8.871852e-07 5.932096e-07 1.2316394e-06 0.00026359782 0.0007902397 1.10513994e-07 0.0017587648 3.9209473e-07 0.0008780541 4.0915268e-08 0.23943448 4.493808e-08 1.2356283e-05 0.0005972175 1.3948666e-06 1.2750271e-06 2.6759394e-06 0.0032535277 7.828004e-06 0.009312344 0.00048776323 0.20714746 0.039332133 2.5797406e-06 0.00048363637 0.00023770967 4.439379e-06 0.017194517 0.02117333 0.033910137 0.00028993495 0.022147905 0.0020989852 0.00025708895 0.00029319152 0.002220019 0.004361714 0.005296193
0.15026258 0.01190921 0.010317945 0.31407312 0.8200163 0.8820414 0.24116461 1.0266306e-17 0.96583426 0.70315933 0.00045556828 0.7500411 0.0024557323 0.06821147 0.364796 0.46308395 0.030043826 0.04077309 0.041559972 0.09188263 0.07752551 3.535022e-05 0.0063404003 0.013859297 0.19960403 0.00062125403 0.03163468 0.0036478813 0.14146611 0.045494854 0.0024701518 0.0142215965 0.013693331 0.031988975 0.0010127443 0.019957952 0.0034396497 8.86476e-06 0.013001378 0.0034975947 0.0017687799 0.012335481 0.003075966 0.000653869 0.0003511632 2.9434561e-05 0.008118819 0.0031794314 0.0011373285 0.0023364767 0.023575244 1.5990188e-05 0.00067596434 9.0270885e-05 1.0768343e-05 0.00018449996 1.2939324e-05 5.118503e-06 7.2339926e-06 0.0021832052 5.143426e-05 4.5134385e-07 3.7483887e-06 2.6545337e-07 2.6536554e-05 1.9988622e-06 3.2887427e-05 0.00019933855 2.6441255e-06 0.0014118486 7.4239974e-06 0.0003732271 2.0943442e-06 0.025445666 1.1511804e-06 1.191799e-05 0.00045314067 7.786016e-07 1.4066508e-07 5.5638868e-08 0.004527716 2.1390688e-05 0.008949417 9.479165e-05 0.0065686535 0.0011427575 2.1630547e-06 1.4987993e-05 0.0003952024 8.450326e-07 0.011785901 0.007299499 0.0019322379 7.876627e-06 0.0038836824 6.485068e-05 8.339557e-05 5.2491023e-06 0.0002521556 0.00066310115 0.002292541
0.36496028 0.015520722 0.01590029 0.461259 0.7710154 0.9017022 0.16759604 0.96583426 2.6090313e-18 0.74975157 0.0009622955 0.75236696 0.001540604 0.11081839 0.5114159 0.59218115 0.034688387 0.02024402 0.03410725 0.10429072 0.08311247 5.283558e-05 0.0039237775 0.01678183 0.24435839 0.0003438495 0.06970765 0.015503686 0.13882826 0.027623374 0.009672986 0.010321478 0.009142475 0.058070336 0.000525361 0.01726406 0.0063536735 4.056265e-06 0.008936219 0.0017301029 0.0009221379 0.009094549 0.0015113096 0.00085586746 0.0010086001 5.6768804e-05 0.0054046595 0.004930671 0.00067147124 0.0008879801 0.027452435 4.3145483e-05 0.00053193053 4.2449195e-05 9.582861e-06 0.00014614398 1.6485898e-05 3.715776e-06 5.83517e-06 0.0011284605 3.517112e-05 5.7747226e-08 2.7758651e-06 7.656994e-08 9.235208e-06 5.445082e-07 1.4673758e-05 0.00011209052 4.8373346e-07 0.0008945682 3.2439212e-07 0.00018201323 5.82602e-07 0.040165536 3.3602726e-07 3.8608823e-06 0.00024876007 5.369398e-07 7.24727e-08 2.2755883e-08 0.0076184967 1.972256e-06 0.019412141 3.1881485e-05 0.0057408926 0.00058438495 9.865809e-07 1.4971165e-05 0.00066632085 5.8853146e-07 0.01532475 0.012247336 0.0027726984 1.1650246e-06 0.0043913475 3.3231518e-05 0.00016577821 6.158318e-07 4.2532025e-05 0.0007067462 0.0008242792
0.83829534 0.03506274 0.03692535 0.21970831 0.758769 0.53897685 0.634193 0.70315933 0.74975157 1.7826374e-16 0.0003449118 0.94807756 0.0075047356 0.018611277 0.240935 0.5626103 0.0038141315 0.23313685 0.0044428976 0.08447419 0.07942809 1.2659652e-06 0.047341358 0.003990497 0.5238292 0.001211801 0.021920668 0.00021639233 0.21112776 0.079502225 0.00044033135 0.0041317185 0.0049108835 0.038759436 0.0017597186 0.04631325 0.00066342216 1.4581576e-07 0.05427823 0.011744735 0.00043758206 0.011745133 0.0002983251 1.6352253e-05 4.1495416e-05 3.915171e-05 0.0048925215 0.0062855533 0.00018602434 0.00063224963 0.23791754 5.7073416e-06 6.42601e-05 4.524888e-06 1.0356707e-06 0.00030134807 4.2562618e-07 7.111662e-07 4.1736115e-07 0.00061753794 2.0048159e-05 2.814128e-08 1.2316195e-06 2.1547962e-08 2.6931295e-07 4.829466e-07 3.8283492e-06 2.1846034e-05 2.86787e-08 0.001366583 6.103885e-08 0.00018631126 1.4448831e-08 0.16120145 5.7606275e-09 9.338088e-07 0.00015480001 5.408436e-07 1.2186024e-07 3.7478916e-08 0.012526569 1.0257028e-06 0.036593523 2.6943935e-05 0.01845534 0.004008078 5.8903257e-08 5.956004e-06 0.0005022952 9.160539e-07 0.04609118 0.028008038 0.009209436 3.4580333e-07 0.0123424 3.6516976e-05 5.0812498e-05 1.704064e-06 0.0002622601 0.0022884137 0.0030693521
0.00533958 0.3750531 0.47794086 0.6395123 0.018663747 0.0032790408 0.019337239 0.00045556828 0.0009622955 0.0003449118 2.4733614e-16 5.561285e-05 0.77432996 0.001992465 0.0008545914 5.155861e-05 6.411123e-05 3.7747464e-05 7.217533e-05 0.0001367311 6.0047416e-05 0.18487562 0.0004282838 5.5528955e-05 0.00024221574 0.2521145 4.4511668e-05 3.58539e-05 5.236385e-05 2.5200823e-06 5.172382e-06 5.970754e-05 3.2576834e-05 0.00010300169 0.008912175 3.7185164e-06 2.1813288e-05 7.104351e-06 1.146945e-06 5.585189e-06 2.1586588e-06 1.566671e-05 1.7621931e-05 1.0721498e-06 3.156053e-06 0.94637597 2.3505376e-05 7.175537e-07 6.2722385e-05 2.0140496e-06 4.3714594e-05 2.8037437e-07 2.3202692e-06 2.8192764e-05 1.0060136e-06 0.032050155 3.8834187e-08 1.9785509e-07 8.5836255e-08 1.5720401e-06 6.865322e-06 2.426962e-08 1.34914e-07 1.2531448e-08 6.414618e-06 2.683763e-09 0.018886175 0.1068571 3.7696955e-07 3.056473e-08 3.7608905e-07 2.3348596e-06 1.10943795e-07 5.372154e-05 2.9478084e-08 4.852952e-07 1.9759214e-06 6.654965e-07 3.8905508e-08 1.9246649e-09 0.0015070731 3.0057368e-08 0.0008768772 5.06958e-07 5.94039e-05 7.39754e-05 1.8701671e-08 0.015057107 0.0012209918 4.4187556e-09 0.0014627846 0.00046728845 0.00017041828 0.0051906556 0.00010332212 0.0011661758 1.4025085e-06 0.0002899059 0.0004978764 6.9420734e-05 0.00042044773
0.33237657 0.0022702403 0.0028605266 0.07707202 0.30776104 0.47011378 0.12012419 0.7500411 0.75236696 0.94807756 5.561285e-05 2.836208e-17 0.0013985543 0.033585902 0.36603105 0.95054805 0.01860306 0.047080435 0.040687885 0.15303756 0.13991643 3.926622e-06 0.008302138 0.016984928 0.47958308 0.0004968343 0.08072029 0.00084038434 0.34889692 0.13354522 0.0016486133 0.027177867 0.036091026 0.07814978 0.00048850244 0.06258626 0.0054830704 3.4904588e-06 0.039399166 0.0041647893 0.010068814 0.04455551 0.0078028385 0.0002616181 0.00018859968 1.904239e-05 0.040756177 0.011735469 0.0024374896 0.0050662644 0.05988328 1.9047186e-05 0.0012583053 0.00027915442 5.46441e-06 0.00014644016 3.6313932e-06 2.428585e-06 3.0344725e-06 0.0068021268 0.00030900846 1.8898514e-06 5.470029e-05 2.1975327e-06 0.00012372137 9.81546e-07 1.7019129e-05 0.00015411536 1.1270508e-05 0.008344741 1.6461247e-05 0.0019409654 5.9623408e-06 0.07374133 2.9515386e-06 2.5171048e-05 0.0017389164 4.6258137e-06 1.4154374e-06 2.4198576e-08 0.007982318 0.00012345372 0.016904322 0.00029266995 0.008581196 0.0019413606 2.4641484e-05 8.26601e-06 0.001071115 3.7148075e-05 0.014294275 0.01406266 0.005279937 3.7499085e-06 0.003507407 7.165957e-05 0.00048977387 1.0985075e-05 0.0003662708 0.0012623636 0.0052814926
0.0507395 0.33207425 0.4457662 0.23381284 0.0677853 0.0065068007 0.46281445 0.0024557323 0.001540604 0.0075047356 0.77432996 0.0013985543 9.583853e-20 0.0027476342 0.005094363 0.00040122023 0.0002499119 0.0072376677 9.711196e-05 0.0017611651 0.000735643 0.00041230686 0.04761961 0.000113084345 0.0028402463 0.97962373 1.6308475e-05 3.5398698e-05 0.00045692472 0.0007842437 1.1151884e-05 2.9134897e-05 7.216996e-05 6.98604e-05 0.48411033 6.8374386e-05 7.999743e-06 2.0223606e-06 0.00022138517 0.00251561 1.727632e-06 0.00018673942 4.896748e-06 1.4013385e-06 3.6252893e-06 0.6098417 5.085118e-05 1.6256843e-05 1.8309272e-05 1.7260225e-05 0.0036514574 2.6990614e-07 3.9472852e-07 8.99404e-07 2.3766692e-07 0.49891058 4.180214e-08 8.179312e-08 2.382264e-08 3.1336927e-05 2.5709014e-06 3.277346e-09 2.0216287e-07 3.61361e-09 2.1838724e-07 3.3536793e-08 0.010875056 0.0151319625 1.155903e-08 9.198889e-06 7.335591e-09 9.6324675e-06 6.821331e-09 0.0024880385 2.9779845e-09 1.9963645e-08 9.94747e-06 1.2895278e-08 1.0932833e-08 5.567674e-07 0.0013749653 3.150778e-08 0.0011516423 3.6431297e-07 0.008838398 0.016023047 7.7111295e-09 0.028484507 0.00028727675 9.742781e-09 0.008478048 0.0026124783 0.0010301884 0.008212779 0.00012421249 0.013093829 3.4296393e-06 0.00039322604 0.0033155421 0.00015887669 0.002895013
0.06768421 0.008344 0.0029551922 0.8754945 0.13698661 0.40845558 0.0029361444 0.06821147 0.11081839 0.018611277 0.001992465 0.033585902 0.0027476342 2.763716e-20 0.8016983 0.06647223 0.9779032 0.0005028459 0.7400694 0.19792962 0.17713471 0.012812646 0.0001554471 0.24346189 0.04147516 0.0003941419 0.31217563 0.47462124 0.051009465 0.0010376164 0.18438703 0.057481352 0.05698942 0.038250435 9.892444e-05 0.0026121135 0.3077698 0.008937748 0.00020775863 3.2871372e-05 0.0014759453 0.0046218187 0.024112005 0.05600591 0.053999174 1.2572358e-05 0.0038788226 0.0005855953 0.009555616 0.0010844767 0.0004273155 0.012004416 0.00095051964 0.003029368 0.0078028385 1.7501749e-05 0.00076450355 0.0007005952 0.00082862674 0.0007148617 0.0005307286 7.619044e-06 4.124966e-06 1.2193899e-06 4.5255074e-05 2.5974632e-06 1.6627879e-05 0.00037445745 4.4601516e-06 9.573804e-05 2.1391882e-06 0.00045035052 3.5719038e-06 0.00065543986 4.0348064e-06 2.6360647e-05 0.00051659904 1.1216712e-05 4.698854e-07 1.1222401e-06 0.00042207277 7.633415e-06 0.0006458991 2.410227e-05 0.00083005434 0.00012478109 4.713277e-06 4.262867e-05 0.00011962247 1.1214686e-06 0.0005433264 0.00057194056 3.9987426e-05 2.0992844e-05 0.00043928256 5.5854212e-05 3.8522852e-05 1.3287266e-05 0.00088572025 2.3701008e-05 0.0032666228
0.57056224 0.017314812 0.010449047 0.80912644 0.30791003 0.81683195 0.012837426 0.364796 0.5114159 0.240935 0.0008545914 0.36603105 0.005094363 0.8016983 8.3194974e-17 0.8362967 0.7729349 0.018326847 0.85462457 0.81153494 0.71383476 0.00020207584 0.0028330437 0.7924963 0.2646527 0.0019236993 0.7537623 0.23515877 0.34512293 0.022544047 0.26180586 0.16881777 0.10721798 0.334128 0.0008480279 0.024221344 0.20444322 4.60645e-05 0.011479913 0.0026577576 0.000938398 0.010569808 0.0069985036 0.07697943 0.04429863 0.0004682788 0.008136566 0.0029676866 0.003533138 0.0007405157 0.0018329669 0.0062699425 0.0016350851 0.0009923087 0.00024060029 0.00022698363 0.0006553839 5.6722263e-05 7.804096e-05 0.00037009333 0.001011722 9.626167e-06 2.9762987e-05 3.7033199e-06 2.0623653e-05 5.9295876e-06 4.6090954e-05 0.00020865074 1.24938e-06 9.829306e-05 1.3333618e-06 0.0004141569 1.9750644e-06 0.010285078 5.7317754e-07 5.8096e-06 0.00034410504 2.994624e-06 3.6554948e-07 2.1365963e-08 0.002866235 2.2556264e-06 0.013474474 6.5251534e-06 0.002555187 0.00045608077 4.3601472e-07 1.4607549e-05 0.00043468308 2.0222284e-07 0.00620355 0.00413542 0.00045466633 2.917069e-06 0.0018313474 0.00022848131 0.0001954649 4.173084e-06 0.00022694489 0.0001573848 0.012794007
0.77588594 0.001765306 0.0017680302 0.10836484 0.16337746 0.5774449 0.01330113 0.46308395 0.59218115 0.5626103 5.155861e-05 0.95054805 0.00040122023 0.06647223 0.8362967 3.1889196e-17 0.037279643 0.017003063 0.07684472 0.69404423 0.6181129 4.428835e-07 0.0035368078 0.087897755 0.6551209 8.681995e-05 0.29145214 0.005017437 0.7475544 0.1561092 0.007839498 0.080446355 0.098112665 0.33792138 0.00021340452 0.16571188 0.0145240845 6.6885144e-07 0.04117138 0.0029716047 0.0061436594 0.11950589 0.01316554 0.0008986491 0.0003535553 1.7545917e-05 0.06142967 0.03473966 0.0051531554 0.0051213275 0.027959615 3.0365582e-05 0.0023846012 0.0004257076 5.1640523e-06 4.6502628e-05 9.0192625e-06 5.0951885e-06 2.97026e-06 0.0035385096 0.0010215448 1.17065e-06 4.8590195e-05 2.3842597e-06 0.00015521675 4.8445685e-07 7.076816e-06 4.0306008e-05 3.3616107e-06 0.008142884 1.2498602e-06 0.0032147982 7.4022155e-06 0.05736987 1.3921328e-06 5.460936e-06 0.0012260386 4.147759e-06 8.712692e-07 1.123391e-08 0.0122853685 2.4507102e-05 0.0532933 7.65686e-05 0.016614899 0.0013072861 4.42741e-06 5.4735115e-06 0.0009886884 3.830451e-05 0.016603177 0.016448583 0.009264444 1.7311021e-06 0.003743184 2.5758356e-05 0.00046680073 5.7976395e-06 0.0001971861 0.0011879342 0.00476641
0.043435574 0.0005790583 0.00049031386 0.6150262 0.013339176 0.18958522 0.001264878 0.030043826 0.034688387 0.0038141315 6.411123e-05 0.01860306 0.0002499119 0.9779032 0.7729349 0.037279643 1.205643e-20 8.588994e-05 0.8738732 0.16630517 0.13840047 0.0024263537 0.0001274626 0.45941594 0.015956424 8.109599e-05 0.39997113 0.6475242 0.04736979 0.00054016756 0.47136688 0.052507102 0.043841094 0.0608645 8.452946e-05 0.0016727055 0.72906554 0.008585247 0.00013184009 1.2927212e-05 0.0023921127 0.0036145998 0.050919272 0.345566 0.28706717 9.076483e-07 0.003481058 0.00065409765 0.06897133 0.001399356 0.00015305376 0.053336076 0.0030590498 0.04545237 0.036346775 6.03268e-06 0.026279125 0.010534582 0.02598755 0.001038972 0.004052053 0.00017800322 0.00035248688 0.00015387128 0.00072033465 9.177162e-05 3.7278262e-06 0.000111823705 0.00030690304 0.00025451332 0.0002063399 0.0001754385 0.00010095187 0.00013609495 5.8625606e-05 0.00019974902 0.0002895815 0.00010290449 1.2441218e-05 1.5063424e-05 0.00018889632 3.518078e-05 0.00018873444 0.00026879273 0.00024482587 2.0277961e-05 5.4515724e-05 8.40448e-06 0.00030904618 5.677901e-06 0.00021358876 0.00026979123 1.160627e-05 1.3766635e-06 0.00027517142 2.991313e-06 7.9095786e-05 9.241099e-07 0.000117862386 2.1591706e-05 0.00023678316
0.62410396 0.0045108534 0.007231565 0.010769612 0.05360642 0.017341122 0.8803889 0.04077309 0.02024402 0.23313685 3.7747464e-05 0.047080435 0.0072376677 0.0005028459 0.018326847 0.017003063 8.588994e-05 9.796589e-18 0.00052562257 0.014873294 0.011424306 7.0864395e-08 0.9636668 0.0010201837 0.30565107 0.0021283128 0.0013694703 6.3478715e-06 0.07949758 0.1881638 7.2729235e-06 0.0027846708 0.0026064736 0.007856207 0.012598718 0.059374683 1.8101106e-05 2.925124e-07 0.20415467 0.8048694 0.00030584357 0.02137334 0.00043451725 8.237884e-06 3.4654136e-06 2.2356486e-05 0.010113082 0.006324978 0.00020458522 0.0020601654 0.74448293 3.8869592e-07 1.1871718e-05 9.422819e-06 1.4438768e-07 0.0006386119 2.64423e-07 2.3266095e-07 1.600343e-07 0.0006422028 3.792812e-06 3.6865447e-07 5.721273e-07 4.102005e-08 2.3674636e-06 1.9634363e-07 2.205943e-05 0.000121139354 1.4137241e-06 0.012298479 1.2284136e-06 0.0002838933 2.962355e-07 0.2864497 1.9703619e-07 1.3123781e-06 6.680374e-05 1.21477495e-08 3.9007897e-08 6.565618e-09 0.0076969224 7.498272e-05 0.009291497 1.0111707e-05 0.4414113 0.04539498 1.2065665e-07 1.1374959e-05 0.0004865585 1.2820161e-06 0.038356733 0.05768594 0.053763125 2.7397002e-06 0.022708757 0.00012846684 0.00056573487 8.235017e-06 0.00053458696 0.01989187 0.0016549097
0.07912971 0.0004230028 0.00031676536 0.47703725 0.015598401 0.23412973 0.0018402534 0.041559972 0.03410725 0.0044428976 7.217533e-05 0.040687885 9.711196e-05 0.7400694 0.85462457 0.07684472 0.8738732 0.00052562257 8.6637124e-19 0.21015216 0.21411346 0.00019369242 0.00012256602 0.94698477 0.03888013 3.2136133e-05 0.5489931 0.18510072 0.16929938 0.00395334 0.17738259 0.1963964 0.21343173 0.09698367 1.2548211e-05 0.00979787 0.77734655 0.000167048 0.00033105735 1.8711387e-05 0.02595397 0.0182502 0.21477991 0.15563735 0.097295865 1.7447874e-06 0.021042738 0.0024921207 0.14431888 0.0024260473 0.00015148977 0.013560582 0.0063078045 0.13465343 0.0031524154 2.7205997e-06 0.010742844 0.0013755874 0.0032357492 0.0016980553 0.027488954 0.00069658516 0.00081407255 0.0006480697 0.001972308 4.3125117e-05 1.5177457e-05 0.0002409649 0.0002834418 0.0006747769 0.00019189059 0.0016381458 0.00016231538 0.00056871114 6.3148764e-05 0.00015328644 0.0008116598 0.00049155153 6.316166e-05 2.0345826e-06 0.0013232689 6.9181486e-05 0.0010224506 0.00030436023 0.0005807 6.710353e-05 0.00015063447 1.5594875e-05 0.0012281421 6.870336e-05 0.0005137105 0.0004712841 0.00010000619 1.5893222e-05 0.0005421114 5.3948643e-06 0.00042369685 9.362882e-06 0.00026267234 3.3586453e-05 0.0012110661
0.79085034 0.0032217067 0.006032068 0.14220114 0.03263896 0.18240973 0.007405853 0.09188263 0.10429072 0.08447419 0.0001367311 0.15303756 0.0017611651 0.19792962 0.81153494 0.69404423 0.16630517 0.014873294 0.21015216 5.0978397e-18 0.9638737 7.29866e-06 0.002363375 0.31946933 0.18468416 0.00042315715 0.60801756 0.049285553 0.32902753 0.051634163 0.066572644 0.20785049 0.18072906 0.5148347 0.000117235395 0.07534807 0.08000013 8.730654e-06 0.0474763 0.004156122 0.007583105 0.060221076 0.017745804 0.032079745 0.014986201 2.9557657e-05 0.03807988 0.032009423 0.015007003 0.0047087823 0.005006618 0.0010020041 0.0055346955 0.0024060246 4.7161837e-05 3.300856e-05 0.0007902201 6.471377e-05 0.000124832 0.0020066923 0.0028336206 1.1360367e-05 0.0002959764 2.0790956e-05 9.9391116e-05 1.9297342e-05 7.473588e-06 3.5600202e-05 4.9236082e-06 0.0019124032 4.9595847e-06 0.0010696293 7.979742e-06 0.026056679 8.086296e-06 3.092577e-05 0.000647649 7.3637793e-06 5.402641e-07 1.002219e-07 0.0059943656 7.90268e-05 0.063440606 5.878965e-05 0.0062285964 0.00049981306 1.7147327e-07 5.7194484e-06 0.0012524144 9.101203e-07 0.016099311 0.008979317 0.0025844686 6.0658867e-06 0.0038898445 6.814492e-05 0.0001370077 7.215224e-06 0.00015377798 0.00046639092 0.0019450773
0.70922875 0.002678074 0.0038780125 0.27112442 0.043144826 0.16888194 0.005067062 0.07752551 0.08311247 0.07942809 6.0047416e-05 0.13991643 0.000735643 0.17713471 0.71383476 0.6181129 0.13840047 0.011424306 0.21411346 0.9638737 3.6114093e-18 3.1944257e-06 0.0028719795 0.32502165 0.17509449 0.00018019303 0.6103651 0.037570197 0.37704167 0.051837597 0.041871622 0.3907456 0.33664966 0.577618 0.00014174977 0.07971652 0.134947 2.3018702e-06 0.039727803 0.0029478834 0.032270897 0.086841576 0.051715672 0.027264928 0.010463252 6.340306e-05 0.11370791 0.044949986 0.03913863 0.012706978 0.0023564375 0.00021542273 0.010028306 0.003754813 6.1760775e-06 3.725003e-05 0.00054890354 1.1584983e-05 0.00011390163 0.0037883064 0.0054719285 3.1042637e-05 0.00092201954 7.262697e-05 0.00027462823 3.9102842e-06 1.1475605e-05 5.093855e-05 9.073615e-06 0.0056929253 9.474271e-06 0.004746431 3.0633353e-05 0.030840045 1.6776825e-05 4.3756307e-05 0.0022072133 2.1930806e-05 4.9671153e-06 3.3924344e-08 0.007767305 0.00032129773 0.07872498 0.00044171597 0.006163991 0.0002412496 5.888344e-06 9.195011e-06 0.001635443 2.1618513e-05 0.019692773 0.011119626 0.005964497 6.45512e-06 0.004493387 1.9445577e-05 0.0012013785 6.5383842e-06 0.00016166577 0.0006238709 0.0005033564
2.7047186e-06 0.00043569328 0.0002049291 0.6568924 0.00021649266 0.00078631967 1.6467231e-05 3.535022e-05 5.283558e-05 1.2659652e-06 0.18487562 3.926622e-06 0.00041230686 0.012812646 0.00020207584 4.428835e-07 0.0024263537 7.0864395e-08 0.00019369242 7.29866e-06 3.1944257e-06 1.3452061e-22 5.691734e-07 5.3978572e-05 1.3611012e-06 0.00048399926 0.000118027616 0.05922914 7.955556e-06 2.6540783e-07 0.0011560924 2.2388e-05 1.9934625e-05 8.840522e-06 3.0130266e-06 8.1850817e-07 0.00014850106 0.9686699 1.9410974e-08 3.3023004e-09 1.6440749e-06 8.36667e-06 7.556984e-06 0.00015070257 0.00029676303 0.003761872 2.1101444e-06 4.7928285e-07 1.0851516e-05 4.17168e-06 1.2129204e-08 0.00037496508 1.0617558e-06 8.648192e-06 0.031066097 3.5144612e-06 3.4002119e-06 0.00011415914 2.8136572e-05 8.4563885e-07 4.744806e-06 1.7634102e-07 1.2609569e-07 5.555128e-08 1.91296e-06 3.4478975e-07 1.7499076e-05 0.0021510965 2.0153531e-07 4.9008968e-08 1.1376001e-07 1.1657993e-06 3.0233903e-07 1.1976576e-09 1.087116e-06 8.4473135e-07 3.1729717e-06 1.99196e-08 1.2473335e-08 0.00022226077 1.3894702e-07 8.863078e-08 2.9137837e-07 4.7465187e-07 5.471714e-07 2.6894065e-06 3.479811e-09 3.3134653e-05 2.8071523e-07 1.0594272e-10 7.409797e-07 8.7326066e-07 5.862219e-07 0.00019382896 1.6084272e-06 6.819848e-05 3.3894707e-07 0.00016056822 0.00016714186 7.4508534e-07 8.694432e-05
0.772536 0.010643178 0.019169563 0.007430922 0.029028501 0.00415176 0.8213248 0.0063404003 0.0039237775 0.047341358 0.0004282838 0.008302138 0.04761961 0.0001554471 0.0028330437 0.0035368078 0.0001274626 0.9636668 0.00012256602 0.002363375 0.0028719795 5.691734e-07 5.3947423e-15 3.915335e-05 0.038422003 0.015502075 0.00010821314 2.5583167e-05 0.011283588 0.0541037 3.7552996e-05 0.00033672035 0.0004128465 0.0008264572 0.16450489 0.0146739 1.3784035e-05 2.6349878e-06 0.08169041 0.927498 3.7312606e-05 0.0075846915 2.2259665e-05 1.0295125e-05 3.1627893e-05 0.00022599266 0.0017486165 0.00082895276 2.6051524e-05 0.0002489827 0.41339734 3.626565e-06 1.8016416e-06 3.610302e-06 4.7476732e-07 0.0120507 2.1332322e-07 5.8076586e-07 1.6896867e-07 6.920029e-05 1.9385373e-06 3.904527e-08 2.1775668e-07 2.0635502e-08 4.940534e-07 9.999674e-07 0.00014018707 0.00036970826 6.79009e-08 0.0011476662 2.1001924e-08 7.1059265e-05 1.6447633e-08 0.19984175 2.2110472e-08 1.4097214e-06 6.297244e-05 2.0913102e-08 5.0236078e-09 2.116535e-08 0.0026691738 1.8647141e-06 0.0077346256 8.537215e-06 0.45810926 0.22764361 1.6988457e-08 0.000117402444 0.00010901954 3.7919892e-07 0.020727938 0.042475585 0.058386207 1.8009603e-05 0.020605085 0.00055747567 0.00015662864 0.00010915417 0.000678933 0.01674926 0.0036780082
0.71874756 0.00019174021 0.00019585974 0.35912964 0.005069401 0.07038899 0.00033373156 0.013859297 0.01678183 0.003990497 5.5528955e-05 0.016984928 0.000113084345 0.24346189 0.7924963 0.087897755 0.45941594 0.0010201837 0.94698477 0.31946933 0.32502165 5.3978572e-05 3.915335e-05 4.0169404e-18 0.044801928 1.2537228e-05 0.9129395 0.08860502 0.22426298 0.006308274 0.118006445 0.31826857 0.21143822 0.47338066 7.672001e-06 0.022306195 0.7279635 3.3948574e-05 0.0014465053 2.7985054e-05 0.028216228 0.031278778 0.20738792 0.10549186 0.054029703 2.5846719e-05 0.041058145 0.03400082 0.14455688 0.004107345 0.00017179208 0.015624903 0.051082086 0.03720064 0.0010616885 2.6882065e-06 0.017510004 0.0012611406 0.0023997251 0.0016102958 0.016103689 0.00048212986 0.0008016346 0.0003144046 0.003140025 8.809327e-05 1.2013126e-05 0.00012658615 0.0003936947 0.003978613 0.00012737657 0.0036361276 0.00020327403 0.0022023143 0.00013197116 0.0002048435 0.0010345267 0.00019418678 6.994912e-05 2.0770492e-06 0.012436225 0.0004392296 0.019509194 0.00028161018 0.00066955487 1.5155184e-05 9.02356e-05 7.684797e-05 0.0062863445 0.00013862402 0.006527389 0.004930067 0.0007075426 4.7915655e-06 0.002903302 3.036545e-06 0.0014107949 4.143149e-06 2.4352124e-05 0.00016905967 0.00026210007
0.95707005 0.008369875 0.009567371 0.07312928 0.12663427 0.19777063 0.076231316 0.19960403 0.24435839 0.5238292 0.00024221574 0.47958308 0.0028402463 0.04147516 0.2646527 0.6551209 0.015956424 0.30565107 0.03888013 0.18468416 0.17509449 1.3611012e-06 0.038422003 0.044801928 8.092036e-17 0.001222123 0.04741495 0.0023280827 0.74729097 0.83489716 0.00488065 0.024856925 0.022945309 0.20448543 0.0011659695 0.6759383 0.0051697954 1.0923195e-06 0.45392108 0.048788175 0.0015205614 0.16046736 0.0015892419 0.0010851925 0.0007186224 0.00020179334 0.02187689 0.1160822 0.0010060525 0.005110923 0.23462927 2.7853204e-05 0.0041868137 0.00014088748 3.3584479e-06 0.00069521036 1.587933e-05 3.2090788e-06 6.5870645e-06 0.0018821885 0.00056211575 8.058299e-07 3.685712e-05 1.4252483e-06 2.8244758e-05 2.904466e-06 2.6717536e-05 4.8694426e-05 1.924522e-07 0.0071789226 1.7004365e-07 0.0008212488 6.756903e-07 0.26097175 1.7931488e-07 1.7429566e-06 0.0002647537 5.380378e-07 1.1304509e-06 1.6631606e-07 0.028533738 8.253159e-05 0.13269222 1.7575827e-05 0.11400295 0.009391796 1.0531833e-07 5.185146e-05 0.0054275286 3.8838857e-06 0.106920764 0.06357354 0.09406993 1.1492525e-05 0.03964624 4.810385e-05 0.00036024136 2.0368785e-05 0.00053902366 0.013350185 0.0049828035
0.011267448 0.014788805 0.027136317 0.056916393 0.0076008034 0.0017103773 0.04432499 0.00062125403 0.0003438495 0.001211801 0.2521145 0.0004968343 0.97962373 0.0003941419 0.0019236993 8.681995e-05 8.109599e-05 0.0021283128 3.2136133e-05 0.00042315715 0.00018019303 0.00048399926 0.015502075 1.2537228e-05 0.001222123 5.4754913e-17 1.2733618e-05 2.0605878e-05 6.24977e-05 0.0004969771 7.479442e-06 5.071062e-06 1.6288905e-05 1.0941529e-05 0.21358849 3.7963968e-05 1.2716936e-06 1.2727224e-06 0.00056767184 0.001151039 1.1000785e-06 4.747515e-05 9.1803133e-07 1.7117715e-06 5.0427575e-06 0.3893845 3.814048e-05 5.3523863e-06 5.729581e-06 1.3110704e-05 0.00062978955 1.0307872e-06 4.3087542e-07 5.849604e-07 5.2520284e-07 0.8683203 6.020208e-08 6.440471e-07 5.974145e-08 2.2238659e-05 2.1541325e-06 2.292123e-09 4.261336e-08 1.7154508e-09 1.223841e-07 7.41489e-08 0.012890994 0.023314103 9.533496e-09 7.1178606e-06 9.675356e-09 1.5651955e-05 2.187977e-09 0.0008829666 2.1939777e-09 2.1034916e-08 5.1760135e-06 5.7353233e-09 2.4225717e-09 1.5996036e-06 0.00045999774 2.2693979e-07 0.00021721484 4.1702097e-07 0.011013142 0.013034511 2.1763157e-08 0.104773015 4.5016906e-05 8.6430305e-08 0.0011707423 0.000917158 0.0011897851 0.015540034 1.5403813e-05 0.035732448 3.6953554e-07 0.0038200454 0.012032246 0.000156754 0.014427615
0.8988361 0.0010653241 0.0010875822 0.52318585 0.014571269 0.23188989 0.001739025 0.03163468 0.06970765 0.021920668 4.4511668e-05 0.08072029 1.6308475e-05 0.31217563 0.7537623 0.29145214 0.39997113 0.0013694703 0.5489931 0.60801756 0.6103651 0.000118027616 0.00010821314 0.9129395 0.04741495 1.2733618e-05 6.336244e-16 0.11024162 0.25346515 0.005170015 0.18199182 0.6276514 0.46531042 0.7857557 1.386533e-05 0.026692482 0.6333708 1.2745585e-05 0.0035512226 3.9611063e-05 0.10117225 0.028481439 0.5009049 0.2821017 0.105913766 4.200982e-05 0.025740026 0.09078489 0.27150613 0.012087302 0.0010983541 0.020834716 0.24055257 0.064220496 0.0008178588 1.2423474e-06 0.08658068 0.0026208644 0.013450862 0.0027947552 0.042832654 0.0020141862 0.004610806 0.0014580485 0.0052012154 0.00014153079 7.423306e-07 4.0833387e-05 0.00042952568 0.00332007 0.00018854141 0.0026649376 0.00022173338 0.0039036095 0.0002684533 0.00038444035 0.0013276234 0.00040580588 0.00029194934 5.3328137e-07 0.024324372 0.0010723743 0.2115525 0.00031136227 0.0021966423 6.8473506e-05 1.1860673e-05 2.5255182e-05 0.014926544 0.0001014106 0.025256135 0.014021488 0.0023136437 3.5377382e-06 0.0066744587 1.8352539e-05 0.0026431577 1.5593989e-06 0.00014481858 0.0007813402 0.00024872518
0.017750476 0.00012812535 0.00024338021 0.40885946 0.0018497882 0.036491334 9.332568e-05 0.0036478813 0.015503686 0.00021639233 3.58539e-05 0.00084038434 3.5398698e-05 0.47462124 0.23515877 0.005017437 0.6475242 6.3478715e-06 0.18510072 0.049285553 0.037570197 0.05922914 2.5583167e-05 0.08860502 0.0023280827 2.0605878e-05 0.11024162 1.6320488e-18 0.0019462934 2.0267038e-05 0.9597673 0.0024568674 0.0004970099 0.014835526 3.4907836e-05 0.000116341034 0.21470395 0.17846377 1.3402096e-05 1.4116883e-06 6.7666374e-06 0.00028986612 0.0019616238 0.4568214 0.5374856 5.134989e-06 7.290344e-05 2.815912e-05 0.0033888216 6.098267e-05 4.3540393e-05 0.40514857 0.0001924099 0.008813298 0.43460298 3.8254116e-06 0.04324864 0.12327133 0.09002734 5.1536095e-05 0.0004139938 6.5393574e-06 1.2414781e-06 7.776139e-07 1.9117757e-05 0.0060671344 9.176672e-07 3.8243958e-05 7.1345517e-06 1.7533304e-05 2.1154353e-06 6.858794e-05 4.2264733e-06 9.419001e-06 7.2502926e-06 1.6546603e-05 0.00014060132 8.950978e-06 3.6070267e-07 0.0009064681 3.8739185e-05 2.9366693e-06 0.00019562044 2.761869e-05 9.114194e-06 5.015315e-06 2.5312388e-06 2.1054386e-06 3.5148587e-05 3.250592e-07 0.00017443516 0.00021535289 2.863489e-06 1.150613e-06 0.00038140483 7.7052783e-07 1.1381844e-06 6.209211e-07 1.4434419e-05 1.7441014e-05 1.0309687e-05
0.9208355 0.002892488 0.004163475 0.0391627 0.059563514 0.17715919 0.039206244 0.14146611 0.13882826 0.21112776 5.236385e-05 0.34889692 0.00045692472 0.051009465 0.34512293 0.7475544 0.04736979 0.07949758 0.16929938 0.32902753 0.37704167 7.955556e-06 0.011283588 0.22426298 0.74729097 6.24977e-05 0.25346515 0.0019462934 1.1823764e-15 0.28206435 0.006002369 0.31922305 0.3355947 0.6853218 7.007278e-05 0.77007335 0.093589455 1.6488325e-06 0.20769148 0.013889 0.03882007 0.657842 0.03632152 0.001879585 0.0007306958 3.8966653e-05 0.32028437 0.52282023 0.014868563 0.07765556 0.04147279 1.5199387e-05 0.04436359 0.0014322062 4.0910895e-06 8.141906e-05 2.5167375e-05 2.3516038e-06 5.795655e-06 0.01087489 0.0037459484 6.8523936e-05 0.0006552933 4.362406e-05 0.0008067459 2.1024068e-06 2.367652e-05 0.00012799296 4.126294e-05 0.03412281 1.02269205e-05 0.006309249 4.2460128e-05 0.20816766 1.3486987e-05 4.5161e-05 0.0026361682 3.839558e-05 3.196774e-05 3.9574772e-07 0.065456584 0.0010704023 0.27285796 0.00041335414 0.03980087 0.0028102996 2.5086023e-05 5.308792e-05 0.02268077 0.00070141075 0.14028768 0.07332636 0.08462865 2.4322695e-05 0.07089892 5.112965e-06 0.0047907 2.7165177e-05 0.00039872937 0.010643715 0.0029788697
0.67341566 0.0010373523 0.0013780849 0.0009253366 0.009525245 0.01989982 0.056959737 0.045494854 0.027623374 0.079502225 2.5200823e-06 0.13354522 0.0007842437 0.0010376164 0.022544047 0.1561092 0.00054016756 0.1881638 0.00395334 0.051634163 0.051837597 2.6540783e-07 0.0541037 0.006308274 0.83489716 0.0004969771 0.005170015 2.0267038e-05 0.28206435 3.6606063e-18 3.7274014e-05 0.039300535 0.05974614 0.04272222 0.0008406092 0.90330213 0.0008593738 1.0987919e-06 0.9445175 0.056110166 0.020817468 0.18565954 0.012507518 5.672913e-05 2.441051e-05 1.8807656e-05 0.12804142 0.06994386 0.004019726 0.0270621 0.26203385 1.005068e-06 0.002640482 0.0006480055 1.8336478e-07 0.00033243804 1.9667134e-06 2.5937885e-07 1.9073568e-06 0.017890949 0.00070534664 6.2109284e-05 0.00038535843 2.5997124e-05 0.00069187715 3.0913784e-06 4.3287422e-05 4.6211106e-05 0.00012554298 0.06760594 4.2195443e-05 0.008758576 5.363794e-05 0.18239252 2.72206e-05 0.0001589355 0.0034075691 2.845058e-06 3.6051476e-06 1.05773434e-08 0.037960548 0.00084309763 0.048111238 0.0009955257 0.18047962 0.009571778 0.00010267422 9.8153905e-06 0.012056678 0.0010265278 0.08754052 0.06254334 0.04874783 1.2964201e-05 0.032679707 5.9992122e-05 0.008042278 1.7756298e-05 0.00032300624 0.016028803 0.0017740261
0.0132167535 1.3518833e-05 2.594845e-05 0.10039986 0.0010816744 0.025978984 0.0001546672 0.0024701518 0.009672986 0.00044033135 5.172382e-06 0.0016486133 1.1151884e-05 0.18438703 0.26180586 0.007839498 0.47136688 7.2729235e-06 0.17738259 0.066572644 0.041871622 0.0011560924 3.7552996e-05 0.118006445 0.00488065 7.479442e-06 0.18199182 0.9597673 0.006002369 3.7274014e-05 1.0342064e-22 0.010396907 0.0028937806 0.048071228 0.000105839536 0.00015056999 0.3360675 0.008000744 7.1580985e-06 1.5995595e-06 3.5725563e-05 0.00053441466 0.014745063 0.6062875 0.61979985 2.670094e-06 0.00011260438 0.00025545098 0.035249643 0.00011608325 8.610374e-05 0.34523475 0.0014033908 0.05594896 0.18815988 3.195553e-06 0.13651714 0.08779336 0.2702405 4.6013745e-05 0.0017226891 0.00014430903 2.3723916e-05 1.3134569e-05 0.000225301 0.0024589498 4.433365e-07 3.835115e-05 4.9082286e-05 2.0364881e-05 2.7498503e-05 8.7626315e-05 3.145145e-05 6.7030064e-06 5.551381e-05 3.028735e-05 0.00013379219 1.5957225e-05 1.3488022e-06 0.00025602488 6.89866e-05 1.3273966e-05 6.8926034e-05 5.4189168e-05 5.5127995e-05 8.883277e-06 2.862154e-06 1.0694283e-06 9.4481904e-05 1.00366e-06 0.00016212108 0.0003056176 7.844924e-06 5.2097477e-08 0.00022023793 1.0106114e-07 3.478423e-06 5.253634e-08 8.326591e-06 2.5884709e-05 4.755202e-06
