4.2234227e-25 0.4645714 0.9213495 0.72694254 0.28056034 0.3697421 0.7589505 0.57250863 0.8791866 0.36824593 0.94825906 0.2418108 0.6752149 0.270086 0.31051424 0.48659402 0.89549744 0.8930225 0.9148489 0.0969113 0.9078358 0.70395863 0.86932945 0.9141199 0.9808849 0.3159523 0.95324343 0.9337344 0.977075 0.82223386 0.9213162 0.6785033 0.020640127 0.96379405 0.034682326 0.93817097 0.92919993 0.87983114 0.95507115 0.8745106 0.0829278 0.0014983249 0.78140837 0.045658477 0.96631885 0.98097444 0.033545386 0.9637836 0.9234377 0.6206005 0.0019092996 0.03674097 0.016075999 0.98449284 0.83555394 0.9903815 0.73133177 0.66066515 0.94728684 0.94731617 0.83153 0.94016385 0.9137251 0.007648551 0.99578077 0.98608917 0.07941487 0.99878144 0.98823863 0.012544986 0.92213553 0.014427828 0.86322254 0.0010175708 0.08882746 0.92621917 0.9814394 0.0052466677 0.0020522962 0.0008874488 0.45039767 0.9762663 0.00056379347 0.00075332785 0.9493151 0.0020128516 0.9941359 0.97761565 0.9983494 0.95561975 0.032275252 0.0016159617 0.99052453 0.99981713 8.944556e-05 0.99860823 0.6611751 0.00034874512 3.842305e-05 0.99996907 0.00015666032
0.4645714 6.784802e-21 0.9848541 0.11191709 0.6252846 0.016829934 0.67134136 0.9389558 0.2719624 0.26772648 0.62240595 0.0041328124 0.11719144 0.005272643 0.1778 0.09998576 0.24822702 0.31526974 0.012065208 0.00017154208 0.19077298 0.16582046 0.006782062 0.0017786568 0.22907746 0.0008196226 0.017577011 0.0125387665 0.2629143 0.020214247 0.00020507358 2.0548616e-05 0.035088856 0.094980106 0.02491495 0.116093405 0.0018385501 0.00034150243 0.03841351 0.0003181456 0.001758203 0.0011038209 0.0004451895 9.4525694e-07 0.012958701 0.011851076 1.0956116e-07 0.0070450604 0.0052472358 0.00041668848 0.0005372436 0.0030818486 5.0734736e-05 0.0040525245 0.0064720386 0.00040305936 0.0063894363 0.009085786 0.0019742716 4.8458303e-05 0.0004087804 0.00298939 0.0009961777 0.00075684197 0.010903365 0.0039148424 4.6089657e-08 0.0018823115 0.00025908728 1.3785684e-06 0.0055380613 0.0026498865 0.001112596 5.016097e-05 1.2942735e-08 0.0001649616 0.0031904436 0.00020505441 0.00058237487 0.0002153416 3.4958073e-05 1.3919651e-05 0.0002359239 7.691909e-07 0.0016793788 9.48232e-07 0.0015371112 2.89151e-06 0.00010392286 0.0015726844 1.1826195e-08 7.685786e-07 0.0011596198 0.0014173143 4.8517817e-05 0.00013652667 1.0754702e-07 7.864253e-09 7.8266567e-07 0.0001501961 3.6642508e-08
0.9213495 0.9848541 1.6640602e-18 0.06816257 0.7610336 0.011713259 0.57165164 0.60582083 0.5752591 0.71216744 0.66006696 0.0034076604 0.03336589 0.0025089362 0.7923887 0.05956606 0.115607165 0.06640462 0.0063345945 0.00068243284 0.03903213 0.071460865 0.0008162252 7.769468e-05 0.20589194 0.00045592684 0.004927942 0.004672145 0.18863563 0.0019351913 2.243106e-05 5.2117166e-06 0.43358156 0.05197007 0.3942459 0.010527641 0.0020128624 5.538859e-05 0.024831528 7.69716e-06 0.0028400081 0.003084389 4.3458338e-05 1.7169331e-06 0.0032288705 0.020567467 3.296178e-07 0.0015788202 0.0026660434 3.7225596e-05 0.00459613 0.20689762 0.00024885853 0.0024938884 0.0013060928 0.001757655 0.0012080144 0.004466307 0.0011489338 7.104209e-06 7.9071586e-05 0.00067952665 0.00025742405 0.0012889248 0.05910028 0.0056863464 1.4008648e-07 0.013155166 0.0011435959 9.775609e-05 0.0021276462 0.047412027 0.00030122482 0.000551245 1.2314439e-07 3.5970104e-05 0.0048512802 0.0035263465 0.0041368813 0.0027770582 2.2427907e-06 8.369687e-06 0.0048938426 0.00030124752 0.00267658 2.6555723e-05 0.034395866 4.037949e-07 0.00022378982 0.00016649373 3.8193416e-08 9.727742e-07 0.00097009545 0.004092253 0.0020009908 9.850072e-05 2.5365077e-07 3.218841e-06 9.372812e-05 0.008277642 1.538081e-05
0.72694254 0.11191709 0.06816257 9.5019964e-17 0.27740443 0.9908338 0.0032558308 0.07705025 0.011915128 0.30144647 0.01180166 0.6755251 0.6279812 0.2908942 0.8501523 0.00034454 0.07316505 0.0007858515 0.000899013 0.01954425 0.019784918 0.002084344 0.03376712 0.014956247 0.0044153025 0.00036932557 0.044085737 0.02474611 0.004144398 1.0121914e-05 0.0007834599 9.460641e-05 0.07031111 0.005803789 0.020783672 0.0014371105 0.0107553 0.0016959936 0.0052952715 2.0530612e-07 4.327836e-06 0.012533469 0.00035019085 0.0001324355 0.00016071898 0.0015006152 4.8231603e-05 0.0017662101 0.0031806265 3.2565756e-06 0.0047273086 0.0052805133 7.3366124e-07 0.0029490197 0.000266803 0.012844915 4.2066586e-05 3.8563983e-05 0.0019315619 4.9560194e-06 0.0009770377 0.0018479597 0.00037062913 4.14837e-05 0.0144321425 0.0009574987 8.098118e-06 0.024808321 3.0249264e-06 1.4367693e-06 0.00057201827 0.0010307294 2.879055e-05 4.426236e-06 1.8592547e-05 0.00028517327 0.0005750441 4.1167194e-05 7.6871576e-05 3.2197764e-05 1.8836635e-06 0.00032469872 3.0825126e-05 2.221423e-06 0.004960533 2.6007574e-06 0.0021268742 1.2883508e-05 1.0896216e-06 0.00036002017 5.2846787e-08 1.1724367e-06 0.00017860823 0.00060754374 2.1821995e-06 0.00016812295 1.5527248e-05 2.4914024e-07 3.703816e-07 0.015391803 1.4114379e-06
0.28056034 0.6252846 0.7610336 0.27740443 1.9236828e-19 0.05359896 0.8463833 0.18809047 0.9203872 0.9713206 0.16022025 0.00087894354 0.03598913 0.0001536777 0.89304894 0.3416965 0.02963248 0.055850793 0.034388084 1.687574e-05 0.008913093 0.037673123 0.0011712268 8.519658e-05 0.08521923 1.5361366e-06 0.002703972 0.0009163131 0.031134872 0.026693298 1.1768188e-06 1.1580973e-07 0.2803573 0.0057663666 0.15523875 0.0017859061 2.100502e-05 7.3621013e-06 0.001941968 0.00013943746 0.004968319 0.007260931 3.1558186e-06 2.9633182e-07 6.776961e-05 0.0008408738 1.1943568e-07 0.00020818028 0.00015205295 0.0006932258 0.003640753 0.02582483 0.0002841528 0.00032875934 3.8628397e-05 0.00017239981 0.00010417898 0.00032119665 0.00014357049 1.6919668e-05 1.6559738e-05 3.2487977e-05 5.3850086e-05 0.00030913402 0.0022074839 0.000556293 2.3503324e-08 0.0018855438 0.0001929807 8.836779e-06 0.00020634521 0.0031969172 7.428892e-06 0.00011994918 3.8464716e-08 3.6630486e-06 0.00026499646 0.0002689989 0.0007828348 0.00041891081 3.99071e-06 3.7645561e-06 0.00012730296 3.2318278e-06 0.00050411257 1.0882228e-06 0.004226504 1.1561925e-07 7.106496e-07 9.4415336e-05 1.4232114e-09 7.970918e-08 0.00020005043 0.0002383453 1.9958536e-05 1.6661626e-05 1.9189157e-07 5.881491e-08 1.260972e-06 0.0008870168 1.665829e-07
0.3697421 0.016829934 0.011713259 0.9908338 0.05359896 3.8131753e-16 0.0008662997 0.017520778 0.002997663 0.09432085 0.001379769 0.9509522 0.4184636 0.3120139 0.78812784 5.001552e-05 0.023771707 0.00011363678 8.344172e-05 0.18299878 0.007490125 0.000101375204 0.03032388 0.016137164 0.00025467915 0.00065977435 0.02387488 0.012756153 0.0007844431 4.518926e-07 0.0018368736 0.00011966183 0.05222566 0.00082775863 0.008050961 5.0266564e-05 0.008399352 0.0022338599 0.002195678 3.645672e-08 6.9671967e-07 0.034641996 0.00058097113 0.00018023582 5.3631342e-05 0.0005017932 0.00014845136 0.0011655309 0.0017871481 1.2793877e-06 0.0129141705 0.0022093542 2.9106485e-07 0.0017200856 3.473452e-05 0.00665106 9.5102047e-07 3.3051336e-05 0.0012512021 8.7578434e-07 0.0007952461 0.00078817416 0.00024073731 2.982713e-06 0.0044581555 0.00068226137 2.2154789e-05 0.0065543987 1.2166602e-06 6.916234e-07 0.00021621885 0.00068871333 7.5360053e-06 3.0117856e-06 1.8059018e-05 5.3971526e-05 0.00015460144 9.212954e-06 4.7204725e-05 2.0284228e-05 1.4809225e-07 0.00035263918 1.5196895e-05 5.3283907e-07 0.0019528177 4.6300835e-07 0.0016633548 3.0218975e-05 4.6725384e-07 4.9587215e-05 8.837465e-09 1.7500643e-07 0.00010764005 0.00033543672 1.7286624e-06 6.484697e-05 8.4134095e-05 9.222948e-08 5.36516e-07 0.020369908 9.392365e-07
0.7589505 0.67134136 0.57165164 0.0032558308 0.8463833 0.0008662997 1.2434403e-19 0.11203843 0.9568362 0.48113272 0.07524516 0.00026114797 0.0017277484 9.688815e-06 0.18870777 0.9561315 0.019545589 0.60906947 0.55230474 1.1471803e-06 0.0072552175 0.18229125 5.9513797e-05 2.503668e-06 0.5776887 3.5278227e-08 0.0003803059 8.236663e-05 0.2406298 0.4532308 7.286676e-08 5.5774625e-09 0.0062649488 0.020555062 0.015461892 0.0049168332 1.9129384e-06 4.4075355e-07 0.0031434887 0.00072382635 0.09235432 1.4824698e-05 1.6887891e-07 1.4508619e-08 0.0012925894 0.0045324075 2.3494842e-09 0.00029315404 0.00020835684 0.009199732 2.1308168e-05 0.0027259917 0.014078139 0.0007036753 0.0017199666 0.00015033466 0.0025793263 0.002241478 0.0001740334 0.00029304472 2.437514e-06 3.099315e-05 4.2316864e-05 0.0031917691 0.005818647 0.0017480287 4.8400937e-09 0.0017128715 0.007957802 0.0026558419 0.00088362995 0.009188522 0.00011594704 0.0006911122 5.9358425e-09 1.6381528e-06 0.0010128475 0.0015871057 0.0033872512 0.00080718874 7.845711e-06 2.0534176e-07 0.00011774892 7.5721524e-05 0.00042213782 4.892932e-05 0.0059606726 9.369773e-09 1.9996429e-05 0.00029779496 3.9197916e-09 4.611949e-07 0.0010198272 0.0003418206 3.2569314e-05 1.2322369e-05 1.9248679e-08 4.561588e-07 1.7073231e-05 0.0005609652 3.2793519e-06
0.57250863 0.9389558 0.60582083 0.07705025 0.18809047 0.017520778 0.11203843 7.821789e-19 0.033334404 0.05535226 0.9858014 0.014086707 0.500136 0.06924299 0.16662322 0.019512381 0.6919924 0.06251448 0.00401959 0.0016207555 0.5991278 0.061026387 0.08707147 0.024800675 0.03929463 0.0066852444 0.20754139 0.22487819 0.28484583 0.0034688015 0.0053325063 0.0016660603 0.022888573 0.16212197 0.015488524 0.24439467 0.032132182 0.00817688 0.15939897 1.7309661e-05 0.00011792107 0.0017655331 0.0084833205 5.450127e-05 0.020121453 0.021417663 1.5224688e-05 0.07988116 0.075061105 3.68288e-05 0.0034445275 0.0024484524 2.786145e-06 0.02836564 0.012600536 0.0042990763 0.0038147592 0.021007752 0.016460598 5.626633e-06 0.01110727 0.012583785 0.019460252 0.00044455458 0.04084539 0.028282572 9.481828e-06 0.014960955 0.0006610566 8.5718085e-07 0.009454307 0.0075610615 0.0016255309 0.000107985514 1.3513142e-06 0.0049357307 0.015579974 0.00042462783 0.0010370847 0.0014376349 1.2063446e-05 0.0032356258 0.0017469564 1.0986495e-06 0.017493764 1.0451752e-06 0.003364854 0.0011890422 0.00069453113 0.0035293845 1.0289256e-07 6.803222e-06 0.0036070293 0.006812546 0.0008808744 0.0020222855 4.595141e-06 7.2819105e-08 3.6470842e-06 0.004610971 4.085602e-07
0.8791866 0.2719624 0.5752591 0.011915128 0.9203872 0.002997663 0.9568362 0.033334404 1.0058991e-16 0.748587 0.17643142 0.00059264735 0.0041815247 3.972205e-05 0.66973245 0.90436095 0.027648557 0.19524945 0.34235397 1.0183495e-05 0.009716631 0.028930757 0.00022560547 2.1441326e-06 0.641133 3.7178478e-07 0.00071384927 8.502135e-05 0.27008027 0.18977813 1.1241439e-07 8.245994e-08 0.23852262 0.014414935 0.38101172 0.0018305186 1.0303603e-05 1.1673869e-06 0.0015882306 0.0026151496 0.27242252 0.0010177906 1.1204243e-06 5.9422113e-08 0.0007546322 0.0024716116 1.658571e-08 0.00015361176 7.9543155e-05 0.00990913 0.0018922583 0.20674366 0.056863744 0.00016922437 0.00049122935 0.00012796086 0.001332009 0.00051130925 1.3859183e-05 0.00040199293 2.7481576e-06 9.221866e-06 2.9995961e-05 0.053322155 0.0073168296 0.00062679965 1.5125913e-07 0.003738368 0.0055865375 0.02207385 0.00022927279 0.42158258 2.0820937e-05 0.015451639 2.1268788e-08 1.7757086e-06 0.00045533266 0.101603925 0.07001133 0.029240742 4.1455282e-06 1.7293455e-07 0.01919656 0.0022655576 0.00015463521 0.0005481708 0.030265814 2.3150948e-08 8.73896e-06 2.960316e-05 1.3674368e-07 1.8473129e-06 0.00025708872 0.00042093178 0.0056528454 2.3308157e-05 2.0832535e-07 4.6040805e-06 0.0038515967 0.012469519 0.0004195921
0.36824593 0.26772648 0.71216744 0.30144647 0.9713206 0.09432085 0.48113272 0.05535226 0.748587 2.2156566e-20 0.24225412 0.0013560884 0.051058915 0.0002568941 0.96472216 0.083850086 0.024963856 0.007878472 0.015974995 4.694472e-06 0.00420878 0.0067197355 0.00064971024 2.6590717e-05 0.030196914 2.0919117e-07 0.0013571215 0.00025449172 0.009003068 0.0068275575 8.4712735e-07 4.8148944e-08 0.6397263 0.0015185551 0.52107054 7.917782e-05 8.262054e-06 7.2730376e-07 0.0008977993 4.1366726e-05 0.0018453656 0.055931296 9.5010435e-08 1.1362697e-07 1.1191903e-05 0.00014868983 4.437508e-08 0.00016648356 0.00011845771 0.00044164312 0.042903338 0.16578282 0.0003211559 0.00018704064 1.4512433e-05 4.753948e-05 1.2108951e-05 0.00011826005 3.4786633e-05 1.2668107e-06 3.1622117e-06 1.2501507e-05 1.8070301e-05 0.00066211604 0.0024285193 0.00028429294 2.7659425e-08 0.002250647 2.0408608e-05 6.3887055e-05 7.815171e-05 0.022504263 3.2576597e-06 6.4158325e-05 1.0565486e-08 1.0969682e-06 0.00011631186 0.0014976629 0.00081641047 0.0016302567 7.929956e-07 8.4208267e-07 0.0006500471 7.0720866e-06 0.00026726341 6.7672016e-07 0.008514878 9.3698496e-08 4.2719236e-08 2.0328285e-05 5.55722e-10 9.609757e-08 6.4103835e-05 0.00015026773 9.1913775e-05 4.30023e-06 1.7339033e-07 2.1716922e-08 2.8185623e-06 0.0059728245 3.1935346e-07
0.94825906 0.62240595 0.66006696 0.01180166 0.16022025 0.001379769 0.07524516 0.9858014 0.17643142 0.24225412 1.6601933e-17 0.00028482862 0.0077787586 0.00027744973 0.25859433 0.0071978504 0.34695444 0.010235713 0.0043064193 4.5996632e-05 0.25792745 0.08182481 0.00024728553 5.464155e-06 0.050219 1.1967107e-06 0.0020159578 0.0012700702 0.3525889 0.0012345548 1.4677948e-06 2.1929009e-07 0.017378861 0.22969715 0.01701324 0.12232206 0.0004977078 6.671932e-07 0.14454712 2.0489902e-06 4.7903613e-05 0.00046675772 7.2410216e-07 5.0252392e-08 0.018135544 0.08043964 1.7039211e-08 0.00895907 0.0063444735 8.859123e-06 0.002783321 0.03989211 2.3114371e-06 0.0070353416 0.0013645189 0.0014816833 0.0006362408 0.0011560768 0.0011450904 1.3104845e-06 1.8754112e-06 0.00088411546 5.4024975e-05 7.228279e-05 0.15176812 0.021323664 4.956468e-10 0.021715634 0.0004742067 9.4912133e-07 0.004851146 0.09824255 0.0002124092 6.31784e-05 9.585954e-09 4.799367e-06 0.020166114 0.0124753 0.0030645991 0.022535307 9.2137924e-07 1.428222e-07 0.040540844 7.0918354e-06 0.0038423643 1.7982204e-06 0.043329548 5.5114924e-10 9.114624e-05 0.0006492163 5.4321565e-09 1.5534475e-07 0.0013760875 0.011461262 0.025744716 9.817085e-06 3.741144e-11 4.7378965e-08 2.503096e-05 0.008842639 1.8553303e-06
0.2418108 0.0041328124 0.0034076604 0.6755251 0.00087894354 0.9509522 0.00026114797 0.014086707 0.00059264735 0.0013560884 0.00028482862 7.1373765e-19 0.62027395 0.89785296 0.08331625 2.0850901e-05 0.010742009 0.00015327681 2.0788082e-05 0.9790227 0.007902213 0.000113493064 0.076409325 0.053601936 0.00012841147 0.04844013 0.036952265 0.025072219 0.00013567584 1.9843256e-07 0.010361194 0.003938631 0.00076016074 0.00030527444 0.0003383837 0.00026273972 0.023072004 0.010728679 0.0015580492 7.357478e-09 8.0835383e-07 0.0007090469 0.0056106816 0.0013550367 0.00013576956 0.0006043184 0.00072242017 0.0013735535 0.0032277699 7.177087e-08 0.0005763175 0.00018765758 5.0430703e-08 0.0031641168 0.00013634046 0.014514829 5.8259e-08 1.6833626e-05 0.0045199585 4.678674e-07 0.0075570643 0.0028613927 0.0025631143 1.2846798e-05 0.0033701367 0.001258753 0.00051463855 0.005685639 7.085798e-06 2.4404574e-07 0.00076568854 1.722515e-05 1.6389183e-06 1.2180191e-05 0.00038220893 0.0011591117 0.0006814697 9.685225e-07 5.0620387e-05 1.4418073e-07 1.8684995e-07 0.0055897133 5.8919187e-07 2.0291588e-06 0.004794064 1.5282045e-07 0.0009990843 0.0025212169 3.9201882e-07 0.00020222816 3.2328862e-09 4.9900404e-09 0.00012083153 0.00056609994 7.672524e-07 0.0011391276 0.001094716 6.646538e-08 1.5881549e-06 0.009505478 6.582286e-06
0.6752149 0.11719144 0.03336589 0.6279812 0.03598913 0.4184636 0.0017277484 0.500136 0.0041815247 0.051058915 0.0077787586 0.62027395 1.2874434e-16 0.96970403 0.35576022 9.964072e-05 0.66406643 0.0002713614 0.000113637005 0.5055754 0.57034993 0.0023168707 0.97431695 0.7451971 0.00021799677 0.6314748 0.51995957 0.50053465 0.019975608 3.78227e-07 0.47919315 0.1504983 0.030495754 0.007308147 0.009399485 0.0038446384 0.35190406 0.040309913 0.044386387 1.4181064e-09 6.3042044e-08 0.008869471 0.022539418 0.00086859125 0.0001704199 0.0025701234 0.0010338003 0.010829477 0.023340354 8.505349e-08 0.012768501 0.0008121278 1.5773036e-08 0.013701717 0.00019317202 0.092070825 7.898324e-07 2.499394e-05 0.026816647 6.710637e-08 0.011470552 0.005878282 0.005018669 7.723278e-06 0.018479837 0.011114242 5.6311424e-06 0.09287574 2.1039945e-05 1.0302177e-07 0.00051182444 0.0019808102 3.682518e-07 2.3141238e-06 0.00013676683 0.002248836 0.006106747 1.573541e-05 0.0001773955 4.8472702e-06 2.0078588e-08 0.0013206906 0.00011085914 2.1868274e-07 0.037596136 5.2538244e-08 0.00091294217 9.511919e-05 7.5888653e-07 0.00014928842 3.301868e-08 3.5107263e-08 0.0003751273 0.0054262425 3.885438e-06 0.0019478664 7.132286e-06 1.500627e-09 3.538057e-07 0.03657538 1.6630416e-07
0.270086 0.005272643 0.0025089362 0.2908942 0.0001536777 0.3120139 9.688815e-06 0.06924299 3.972205e-05 0.0002568941 0.00027744973 0.89785296 0.96970403 3.3623625e-20 0.0021245214 2.513557e-07 0.033183843 2.7236074e-05 8.5501404e-07 0.9822902 0.021846116 0.0001912827 0.46341738 0.42487743 5.6379915e-05 0.812014 0.07747379 0.08555117 3.9182112e-05 1.4664809e-08 0.3723725 0.2564875 6.8710206e-06 0.00022558417 3.4657953e-07 0.00015286893 0.06639609 0.021383261 0.000855187 1.6468155e-09 1.20366e-07 2.3991917e-05 0.010126269 0.028385304 2.7796495e-05 0.00012479178 0.009696214 0.00084445876 0.0029394785 3.3411844e-08 0.00018734358 4.0192444e-06 3.015746e-08 0.0015762052 1.6943533e-05 0.020824103 1.5459649e-07 4.6816735e-05 0.00418462 3.9043258e-08 0.005735888 0.0023883167 0.004864219 2.6663586e-06 0.002445426 0.00039928264 0.0010607943 0.0095208455 5.290554e-06 3.724111e-07 4.8760652e-05 4.853452e-07 4.345193e-08 3.786509e-06 0.0008572701 0.0013890676 0.00025632879 1.4657016e-07 5.700781e-06 3.0971886e-08 7.626214e-07 0.002792555 7.092819e-07 1.2638686e-06 0.0072844154 1.0895702e-07 0.0016755618 0.0007762537 5.472301e-08 5.247618e-05 2.802387e-08 1.0255223e-07 6.934616e-05 0.00056067365 9.74372e-07 0.0018966512 0.0002002329 7.641063e-08 4.075206e-06 0.014336664 1.9394822e-06
0.31051424 0.1778 0.7923887 0.8501523 0.89304894 0.78812784 0.18870777 0.16662322 0.66973245 0.96472216 0.25859433 0.08331625 0.35576022 0.0021245214 1.856711e-19 0.018113825 0.08294314 0.0007679585 0.018674629 6.1287654e-05 0.006801303 0.00022170274 0.015746849 0.0009808971 0.0023767534 1.225957e-06 0.018470716 0.0039619566 0.0010022211 0.000767518 2.6416153e-06 3.7328616e-07 0.9114778 0.00037621532 0.6961194 5.2641108e-06 3.8144084e-05 3.1798481e-06 0.0007065022 6.226271e-07 0.0006576021 0.592404 3.2035048e-06 4.7409495e-07 7.967821e-07 0.00012375429 1.8709011e-07 0.00036603934 0.00050798524 2.881027e-05 0.45888677 0.33320576 8.4404535e-05 0.00042805332 1.9582762e-06 0.00026205034 3.516575e-07 8.841609e-06 8.3204126e-05 1.3726606e-07 1.5729633e-05 2.9086837e-05 3.6556867e-05 8.806185e-05 0.0020302208 0.00014720186 5.5747005e-08 0.003830068 5.11658e-06 7.0499254e-06 7.901542e-05 0.0068560382 1.2069152e-07 5.6494177e-05 9.139208e-08 7.340837e-06 0.00010531938 0.00036958474 0.00046894222 0.0004670701 1.9432248e-07 2.9763962e-06 0.00022422905 4.3418463e-06 0.0009795006 3.8646343e-07 0.007163412 3.017517e-07 1.0522495e-07 1.8802186e-05 4.839629e-10 2.0346446e-08 0.000100275785 0.00054266304 2.9191271e-05 2.9364131e-05 1.3387736e-07 2.8600365e-08 6.081877e-07 0.017853852 6.731414e-07
0.48659402 0.09998576 0.05956606 0.00034454 0.3416965 5.001552e-05 0.9561315 0.019512381 0.90436095 0.083850086 0.0071978504 2.0850901e-05 9.964072e-05 2.513557e-07 0.018113825 1.7607166e-20 0.0036743449 0.58651114 0.9569976 6.45336e-08 0.0009742635 0.12552337 1.17359605e-05 5.117301e-08 0.5812712 7.3638375e-09 3.6265395e-05 1.4619632e-05 0.10193187 0.9009317 1.1702269e-08 7.355257e-10 0.00072648615 0.005328231 0.007388858 0.00111943 7.1640085e-07 5.8151098e-08 0.00030607003 0.023267137 0.60029274 1.9863014e-06 1.5474694e-07 1.6496992e-08 0.0001381999 0.000319931 2.8560063e-09 9.27429e-06 1.4881832e-06 0.07834221 1.5386687e-06 0.0012035103 0.11490146 5.430253e-06 0.00021453212 1.3781151e-06 0.0038268515 0.00042068216 9.802084e-07 0.0001484427 4.900703e-07 1.0111745e-07 6.190917e-07 0.049315095 0.0002028536 3.1326115e-05 3.0126401e-09 1.5523117e-05 0.0015423197 0.037769634 0.00012622726 0.041708577 6.970427e-05 0.008742824 4.0423607e-09 6.442475e-08 7.508347e-05 0.0101448335 0.022603609 0.0018312468 3.3424545e-05 2.2038643e-08 0.0003411424 0.0006030334 2.407537e-05 0.0004310532 0.0011915894 3.1947283e-09 1.1025857e-06 3.720714e-05 1.9305155e-08 2.3228174e-06 9.24996e-05 6.109228e-05 8.57935e-05 3.7825157e-07 4.8742628e-08 1.7254093e-06 0.00022251952 0.00021431659 4.5290046e-05
0.89549744 0.24822702 0.115607165 0.07316505 0.02963248 0.023771707 0.019545589 0.6919924 0.027648557 0.024963856 0.34695444 0.010742009 0.66406643 0.033183843 0.08294314 0.0036743449 2.9114193e-17 0.008837231 0.002053417 0.0009558447 0.9879697 0.1172145 0.15070033 0.052220393 0.0042272555 0.0018496903 0.42824104 0.36528298 0.19523087 0.00019277929 0.0048443615 0.00028636094 0.010319151 0.28492707 0.0107799545 0.23801647 0.034144 0.0039636516 0.27611822 1.4043715e-06 2.7616688e-05 0.002982436 0.0013428202 1.0493245e-05 0.011230618 0.08050554 1.0678272e-06 0.08774335 0.06737944 1.1606204e-05 0.011860036 0.018090442 6.021064e-06 0.043559704 0.0013888046 0.01811614 0.00019129037 0.00018406147 0.012130415 1.0237093e-06 0.002857861 0.006667235 0.003494909 7.998629e-06 0.14641276 0.038275734 2.2295408e-08 0.086843744 0.00010348326 3.5127757e-06 0.0029181764 0.044489868 0.0001815566 3.0703577e-05 7.430846e-08 0.0013700345 0.01978594 0.0014480257 0.00060687517 0.0068953224 2.1869268e-06 0.0008938865 0.004273948 6.185865e-07 0.033583626 2.1256106e-07 0.0125791645 2.6496396e-05 6.836317e-05 0.0010555126 1.0603487e-07 7.674602e-07 0.0019830586 0.025276726 0.002044912 0.0010975134 4.923185e-08 7.995581e-09 2.3382888e-06 0.057397835 1.7163607e-07
0.8930225 0.31526974 0.06640462 0.0007858515 0.055850793 0.00011363678 0.60906947 0.06251448 0.19524945 0.007878472 0.010235713 0.00015327681 0.0002713614 2.7236074e-05 0.0007679585 0.58651114 0.008837231 1.1595983e-18 0.52450746 7.151919e-07 0.006697126 0.98917854 1.4691246e-05 1.7575138e-07 0.79891 1.4756914e-06 0.0001862521 0.0004213764 0.4882105 0.8004415 7.746362e-07 6.465902e-08 2.8623384e-05 0.04411443 0.00032791423 0.060291395 3.3799166e-05 1.1149662e-05 0.011171882 0.21040334 0.02817123 2.6307782e-07 1.0648755e-05 3.137429e-08 0.03461089 0.020181006 5.521164e-09 0.0020062486 0.0017635298 0.08014751 3.6066915e-08 3.4354023e-05 0.0043221717 0.0011439236 0.016209967 2.3900751e-05 0.37310883 0.09136621 0.0010808726 0.009226169 2.96948e-05 0.0018669117 0.0005261432 0.00079031696 0.0024526769 0.0042132335 3.1943383e-09 0.00031382046 0.07271515 0.0013195896 0.010165293 0.00040901106 0.044400137 0.00015518907 2.727264e-09 0.00012124475 0.006505445 0.00014125221 0.00053611555 0.00019674543 0.0009872761 1.35723785e-05 6.6067755e-06 4.5065528e-05 0.0025941166 0.00022429877 0.008215506 1.4933568e-06 0.0076820175 0.0033726348 3.8399003e-06 3.1045212e-05 0.0061684367 0.007486479 3.371541e-06 0.00017026298 1.5971237e-06 2.4972749e-06 7.5170124e-06 0.0004022844 3.8261196e-06
0.9148489 0.012065208 0.0063345945 0.000899013 0.034388084 8.344172e-05 0.55230474 0.00401959 0.34235397 0.015974995 0.0043064193 2.0788082e-05 0.000113637005 8.5501404e-07 0.018674629 0.9569976 0.002053417 0.52450746 4.5396556e-16 1.4649672e-06 0.0008409752 0.084750906 3.8971725e-06 1.17774675e-07 0.6909303 1.3062554e-07 1.3190088e-05 6.023982e-06 0.13284923 0.9463106 4.0294072e-08 1.18173125e-08 0.0019501097 0.002560754 0.0073578306 0.0010159176 1.7561995e-06 3.6107886e-07 0.00028648003 0.04232513 0.83906066 1.3051913e-06 6.064941e-07 1.07594005e-07 0.0008111166 0.0007596817 1.7924778e-08 8.7128254e-05 3.4281828e-05 0.11203658 2.1159007e-05 0.0026569467 0.36762762 8.785902e-05 0.0012220299 4.834284e-06 0.0071933423 0.002219747 1.4638395e-05 0.0038837637 4.3805952e-07 2.052488e-05 1.0026379e-05 0.21385801 0.0006541351 0.0001482383 8.376234e-08 0.00018154795 0.0070237336 0.09380394 0.0003627847 0.17943004 0.00054973754 0.046696384 8.246073e-08 1.2202148e-06 0.00015610819 0.06817719 0.09522085 0.004822768 0.00010253332 2.1465917e-08 0.0016040812 0.0060781785 3.502091e-05 0.003765302 0.010124856 1.3088684e-08 0.000119306766 4.4622728e-05 5.874176e-06 5.70692e-05 0.0003645707 0.00020848845 0.00097008946 2.0955408e-06 4.2210573e-07 0.0003038159 0.0068513257 0.0017831958 0.0009691587
0.0969113 0.00017154208 0.00068243284 0.01954425 1.687574e-05 0.18299878 1.1471803e-06 0.0016207555 1.0183495e-05 4.694472e-06 4.5996632e-05 0.9790227 0.5055754 0.9822902 6.1287654e-05 6.45336e-08 0.0009558447 7.151919e-07 1.4649672e-06 4.7693087e-17 0.0016197033 1.3644985e-06 0.13089292 0.17419483 2.5737165e-05 0.5174115 0.02230034 0.020863198 8.355483e-06 1.3048304e-08 0.07483965 0.066240944 9.3257444e-07 5.2586496e-05 6.722017e-07 1.355864e-05 0.04867811 0.026924755 5.2484138e-05 3.4885783e-08 3.5652383e-07 3.189972e-06 0.018366741 0.060453128 2.7343245e-05 0.00010657671 0.02943653 0.00025328086 0.0013967102 1.7615494e-07 4.181016e-06 5.3457393e-06 6.4802364e-08 0.0014211807 6.2974445e-06 0.014077226 1.0313732e-08 3.889954e-06 0.0029819098 2.7563653e-06 0.010595463 0.00062651065 0.0063467156 9.739322e-06 0.0013296197 0.00023424582 0.009765904 0.0031480591 1.5444133e-05 3.3655803e-07 2.0592403e-05 6.2156782e-06 5.589049e-07 1.37230845e-05 0.010487078 0.0025140534 5.835451e-05 1.1767133e-06 6.099105e-05 1.742638e-07 8.7523335e-07 0.008886471 5.56112e-07 4.5662346e-06 0.005415066 2.8972832e-07 0.00029780206 0.0072482154 1.527425e-07 4.836237e-05 1.3907244e-07 1.658719e-07 0.00011015599 0.00013170423 5.2394773e-07 0.0029493824 0.007236677 2.664456e-07 4.334482e-06 0.006629801 2.826188e-06
0.9078358 0.19077298 0.03903213 0.019784918 0.008913093 0.007490125 0.0072552175 0.5991278 0.009716631 0.00420878 0.25792745 0.007902213 0.57034993 0.021846116 0.006801303 0.0009742635 0.9879697 0.006697126 0.0008409752 0.0016197033 1.3627704e-17 0.12168687 0.1954915 0.047117323 0.007828502 0.0023095105 0.6289888 0.564057 0.1578431 3.8983933e-05 0.007641745 0.00029294722 0.0011460988 0.35940197 0.0011718248 0.3975939 0.1215128 0.006719918 0.40506652 2.442243e-07 2.8850532e-06 0.0010581375 0.0014395233 3.2556116e-05 0.020547472 0.121966586 2.0782459e-06 0.24727388 0.21255335 9.3568354e-07 0.0050006364 0.0069824965 4.008131e-07 0.117925026 0.0024159518 0.06035026 0.0034965777 0.0005461999 0.059104778 5.8364726e-06 0.006637914 0.038600136 0.010943069 1.0213264e-05 0.177266 0.059837494 1.9560466e-07 0.102886245 0.00013275936 1.6954523e-07 0.0052939258 0.007685586 0.00018089086 1.3290319e-05 2.1666645e-07 0.004667362 0.04464727 0.00016061985 0.00036172447 0.0010871997 1.3021236e-05 0.0039687674 0.0009967727 1.5816623e-07 0.07153095 3.536367e-07 0.016358487 0.00047321917 0.00011406588 0.001496502 1.12767445e-07 2.244772e-06 0.0018737334 0.040448904 0.00022440897 0.0052647744 5.930795e-07 1.1564015e-08 2.5691318e-06 0.041357037 4.0667751e-07
0.70395863 0.16582046 0.071460865 0.002084344 0.037673123 0.000101375204 0.18229125 0.061026387 0.028930757 0.0067197355 0.08182481 0.000113493064 0.0023168707 0.0001912827 0.00022170274 0.12552337 0.1172145 0.98917854 0.084750906 1.3644985e-06 0.12168687 2.9300437e-20 0.00015892625 3.3477036e-06 0.93563527 9.8540795e-06 0.0036346484 0.00570417 0.76007605 0.30108 6.9197285e-06 4.7749035e-07 2.7558158e-06 0.24912177 7.001413e-05 0.44146118 0.0006503101 5.9638907e-05 0.07845202 0.05696001 0.004926145 9.5116377e-07 9.2589624e-05 2.7901217e-07 0.34303027 0.12446003 1.15090096e-07 0.027441375 0.0126913255 0.0142878685 7.7512134e-08 3.046108e-06 0.0010851568 0.009604152 0.08407796 0.0003439848 0.20784973 0.33747193 0.005169978 0.0024244953 0.00010119564 0.009531253 0.0027712444 0.0011573301 0.008956153 0.027122714 1.2620505e-07 0.002388107 0.10363628 0.0004176096 0.13711302 6.1264516e-05 0.13063875 5.0926647e-05 4.736884e-08 0.00026375224 0.03807721 1.2286555e-05 0.00028429454 1.9391318e-05 0.0007288977 8.40043e-05 1.8597929e-06 9.216978e-06 0.009472375 0.00011520482 0.013286893 1.3911463e-05 0.016094353 0.024649998 6.835553e-07 3.431218e-05 0.016837297 0.014991118 9.192964e-07 0.0007991539 5.6222103e-07 1.6099993e-07 3.1176514e-06 0.00079297257 6.532149e-07
0.86932945 0.006782062 0.0008162252 0.03376712 0.0011712268 0.03032388 5.9513797e-05 0.08707147 0.00022560547 0.00064971024 0.00024728553 0.076409325 0.97431695 0.46341738 0.015746849 1.17359605e-05 0.15070033 1.4691246e-05 3.8971725e-06 0.13089292 0.1954915 0.00015892625 4.610881e-16 0.9653143 5.0089193e-06 0.5831298 0.7047131 0.6818801 0.00018285462 3.708637e-07 0.6679523 0.22529241 0.001434818 0.00083076506 0.00017648024 0.00091932854 0.5857499 0.19782424 0.011345005 2.1795048e-09 1.28017e-06 0.00103252 0.05210964 0.0020687506 0.00010685221 0.00080438465 0.0012916449 0.007219313 0.03339284 3.8006295e-08 0.0075005936 0.00045298124 1.3313306e-07 0.010845144 6.720421e-05 0.21268675 2.5963438e-06 3.958499e-06 0.037041955 3.023093e-09 0.026125684 0.009211056 0.029078895 1.4681163e-05 0.016536018 0.0037451126 0.00012580545 0.12508117 1.529837e-06 9.39021e-08 0.00014097686 0.00080236624 4.6810915e-06 7.899349e-05 0.00014976528 0.0054696016 0.0017373457 0.00010298548 0.0007711903 1.4599874e-05 3.5022308e-07 0.008002105 0.00010985531 3.4919103e-06 0.08508233 1.0602865e-06 0.0007865938 0.0016807495 3.1008696e-07 9.146076e-05 5.408681e-08 3.9313304e-07 0.00011644192 0.005132104 3.4390898e-05 0.00428781 3.9656305e-05 1.1152549e-06 1.5580694e-05 0.18935804 1.1324973e-05
0.9141199 0.0017786568 7.769468e-05 0.014956247 8.519658e-05 0.016137164 2.503668e-06 0.024800675 2.1441326e-06 2.6590717e-05 5.464155e-06 0.053601936 0.7451971 0.42487743 0.0009808971 5.117301e-08 0.052220393 1.7575138e-07 1.17774675e-07 0.17419483 0.047117323 3.3477036e-06 0.9653143 1.4791096e-17 1.226609e-07 0.77015555 0.74483067 0.78588545 1.0682662e-06 4.1447707e-09 0.8992949 0.5443496 4.4729582e-05 2.061321e-05 3.2514401e-06 8.528967e-05 0.8101565 0.5237091 0.0028482452 1.279977e-10 3.1621195e-07 8.68365e-05 0.21573345 0.010935652 5.6985145e-06 9.621904e-05 0.0051472248 0.004556819 0.0379331 7.1479944e-10 5.6022523e-05 1.2131877e-06 7.4425306e-09 0.008416637 4.441505e-06 0.27154413 4.179124e-07 1.169721e-07 0.053718712 2.1855774e-10 0.11830091 0.012157517 0.11042944 1.1777474e-06 0.009774252 0.0009196213 0.0004433266 0.05097984 2.2699324e-07 2.26056e-08 0.000109705914 7.160775e-06 1.0659779e-07 1.2930147e-05 0.00048994884 0.022302425 0.0006730006 4.212482e-06 0.00022002881 2.1073217e-07 2.0748824e-07 0.050932046 3.0709842e-07 3.5338854e-07 0.12474726 2.817548e-07 0.0006509156 0.02153316 3.280299e-08 2.340733e-05 4.497408e-09 7.570039e-08 1.6269716e-05 0.0028440452 5.183643e-07 0.020164846 0.00029754287 2.5776907e-07 9.241539e-07 0.1306765 9.780597e-07
0.9808849 0.22907746 0.20589194 0.0044153025 0.08521923 0.00025467915 0.5776887 0.03929463 0.641133 0.030196914 0.050219 0.00012841147 0.00021799677 5.6379915e-05 0.0023767534 0.5812712 0.0042272555 0.79891 0.6909303 2.5737165e-05 0.007828502 0.93563527 5.0089193e-06 1.226609e-07 3.9498128e-16 3.540678e-08 2.381643e-05 1.2857339e-05 0.92021585 0.5194274 6.916894e-07 6.206633e-08 0.0005495496 0.21895526 0.0027264962 0.20079811 8.316354e-06 2.7046215e-07 0.03587328 0.13011642 0.041956425 1.6219111e-06 3.528521e-07 5.506431e-07 0.1928735 0.06770243 1.8725257e-07 0.0031756375 0.001465548 0.06958111 4.7924584e-07 0.00057649973 0.006379673 0.0014052115 0.14972815 0.0001476819 0.105186015 0.21607074 0.00040770473 0.0021590225 3.3016822e-06 0.00032375718 0.00016928795 0.0040374547 0.018318472 0.014110909 5.1800892e-09 0.0017271767 0.28539312 0.0003395497 0.105466895 0.020930612 0.04567263 0.002423959 1.6210869e-08 8.52614e-06 0.0505521 0.015464193 0.011524795 0.003776149 0.00075961475 8.1782395e-07 0.00021264835 0.0009219968 0.0034487396 0.00025294363 0.10009487 7.389825e-09 0.015372453 0.016293373 1.6608899e-06 4.5683037e-06 0.048088644 0.020394392 0.00011770254 2.3067567e-05 6.937916e-09 7.248902e-06 0.004175539 0.0050952956 0.00012995723
0.3159523 0.0008196226 0.00045592684 0.00036932557 1.5361366e-06 0.00065977435 3.5278227e-08 0.0066852444 3.7178478e-07 2.0919117e-07 1.1967107e-06 0.04844013 0.6314748 0.812014 1.225957e-06 7.3638375e-09 0.0018496903 1.4756914e-06 1.3062554e-07 0.5174115 0.0023095105 9.8540795e-06 0.5831298 0.77015555 3.540678e-08 1.0859023e-18 0.12252431 0.2380598 2.2488251e-07 6.4219225e-09 0.84789133 0.9850826 1.2195079e-07 3.0374315e-06 2.869324e-07 8.069825e-06 0.3135525 0.28120124 0.00016967312 1.1556137e-09 1.1809033e-06 4.566742e-07 0.47280154 0.20148586 1.2768754e-06 2.6213269e-05 0.12282381 0.00036139257 0.0026862526 5.5847895e-08 3.1998223e-08 1.7897156e-06 6.4261997e-07 0.00073238445 4.7123797e-07 0.033560097 1.894013e-09 2.9620226e-08 0.004818175 2.2775717e-09 0.0743673 0.0017077614 0.020436084 5.6301407e-05 0.000709961 0.00011589685 0.010927395 0.0035411445 4.575541e-08 2.312339e-06 2.8678114e-05 1.418605e-06 2.0402057e-08 5.0099057e-05 0.004258522 0.005272145 3.101414e-05 1.0745276e-06 9.3505565e-05 1.2873714e-06 5.928907e-07 0.027795091 2.766767e-07 1.795351e-05 0.017914219 7.65958e-06 2.5976455e-05 0.010406162 3.039293e-09 3.211663e-06 3.32283e-08 1.0032977e-07 7.894149e-06 0.00018211549 1.3621978e-07 0.0040211794 0.0038301009 1.8046568e-07 1.9936326e-06 0.014720152 5.07866e-06
0.95324343 0.017577011 0.004927942 0.044085737 0.002703972 0.02387488 0.0003803059 0.20754139 0.00071384927 0.0013571215 0.0020159578 0.036952265 0.51995957 0.07747379 0.018470716 3.6265395e-05 0.42824104 0.0001862521 1.3190088e-05 0.02230034 0.6289888 0.0036346484 0.7047131 0.74483067 2.381643e-05 0.12252431 5.584335e-18 0.97892463 0.00075260183 1.5145423e-06 0.42441863 0.037199475 0.0041844244 0.0051314184 0.0006418676 0.007721643 0.790021 0.09022438 0.049283486 1.0677763e-08 2.0137443e-06 0.0050892183 0.019806737 0.0013015693 0.0005455018 0.003917608 0.00067908445 0.04503409 0.13651282 5.2817665e-08 0.016827166 0.007526134 3.1217675e-07 0.042201634 0.00013234309 0.3985696 0.00012445176 8.0224645e-06 0.11048827 1.4853042e-07 0.02655478 0.034163423 0.05444476 3.02455e-05 0.055577226 0.009960315 4.0462568e-05 0.22040543 8.234726e-06 3.4379158e-07 0.00085695577 0.0014982778 6.140209e-05 8.796709e-05 2.3828788e-05 0.014936447 0.005835903 0.00015343884 0.0007453772 6.1938816e-05 8.896587e-06 0.013771838 0.0004272222 6.328722e-06 0.17746858 2.1277615e-06 0.003255168 0.004096226 1.6763264e-05 0.0005651179 6.594839e-08 1.3409069e-06 0.00047295072 0.029263547 2.0828682e-05 0.011780204 3.221939e-05 7.4808366e-07 6.0445323e-06 0.35701385 2.3840914e-06
0.9337344 0.0125387665 0.004672145 0.02474611 0.0009163131 0.012756153 8.236663e-05 0.22487819 8.502135e-05 0.00025449172 0.0012700702 0.025072219 0.50053465 0.08555117 0.0039619566 1.4619632e-05 0.36528298 0.0004213764 6.023982e-06 0.020863198 0.564057 0.00570417 0.6818801 0.78588545 1.2857339e-05 0.2380598 0.97892463 5.2523247e-18 0.00028605634 6.07954e-07 0.61831576 0.10893984 0.00057321205 0.003321424 6.395478e-05 0.009449187 0.83523893 0.16112724 0.046534244 1.1266914e-08 1.4489676e-06 0.0015637209 0.10513741 0.0017214066 0.0006501234 0.002416967 0.0008465751 0.058678553 0.14130855 5.846338e-08 0.005269483 0.0005529059 1.5522895e-07 0.038688384 0.00031654976 0.34780717 0.0001716802 3.849024e-05 0.101069786 1.2669382e-07 0.1210955 0.057298295 0.116317384 2.430206e-05 0.025723875 0.0057880078 9.459063e-05 0.100523114 1.390454e-05 2.7130588e-07 0.0010241527 0.00032714457 5.6215784e-05 5.611947e-05 2.2582424e-05 0.037574854 0.002656759 2.1192673e-05 0.00036082967 8.765837e-06 1.2622973e-05 0.04687062 5.1732917e-05 6.4278393e-06 0.14000702 2.0334867e-06 0.0011096058 0.028631024 1.1731709e-05 0.0006635557 4.1830056e-08 8.639195e-07 0.00025634147 0.010831191 5.2306823e-06 0.018058898 0.00011484414 7.201897e-07 8.189147e-06 0.12783743 3.3965362e-06
0.977075 0.2629143 0.18863563 0.004144398 0.031134872 0.0007844431 0.2406298 0.28484583 0.27008027 0.009003068 0.3525889 0.00013567584 0.019975608 3.9182112e-05 0.0010022211 0.10193187 0.19523087 0.4882105 0.13284923 8.355483e-06 0.1578431 0.76007605 0.00018285462 1.0682662e-06 0.92021585 2.2488251e-07 0.00075260183 0.00028605634 5.4284706e-16 0.08051699 2.0124735e-06 1.08928546e-07 6.991211e-05 0.80095446 0.0036853498 0.79182464 0.00011899394 4.1159124e-06 0.3216238 0.0033720725 0.0019456838 7.676366e-07 4.302753e-06 1.709247e-07 0.64859307 0.45087755 1.3754818e-07 0.048713163 0.011056962 0.0021492688 2.805533e-07 0.0031700456 9.564395e-05 0.017000962 0.2685137 0.00023704591 0.20156339 0.4083758 0.0020947258 0.0005600217 2.6174723e-05 0.0028311096 0.00030165 0.00035222273 0.06242518 0.08927255 1.5339559e-09 0.008084291 0.07075523 5.1105595e-05 0.14375255 0.05018983 0.034022085 0.00041416936 1.0939842e-08 0.00014110128 0.12296419 0.012834101 0.006089486 0.009189797 7.6528006e-05 8.750619e-06 0.0016635811 0.0001014427 0.013022105 1.3323772e-05 0.08996018 1.0265948e-07 0.009323162 0.019218266 4.5159362e-07 5.6731295e-07 0.048755504 0.084751375 0.00045102442 0.00030033587 2.1331473e-08 1.6226947e-07 0.00039906584 0.010459796 2.1908324e-06
0.82223386 0.020214247 0.0019351913 1.0121914e-05 0.026693298 4.518926e-07 0.4532308 0.0034688015 0.18977813 0.0068275575 0.0012345548 1.9843256e-07 3.78227e-07 1.4664809e-08 0.000767518 0.9009317 0.00019277929 0.8004415 0.9463106 1.3048304e-08 3.8983933e-05 0.30108 3.708637e-07 4.1447707e-09 0.5194274 6.4219225e-09 1.5145423e-06 6.07954e-07 0.08051699 2.2887462e-20 5.557032e-09 2.0445742e-10 3.9843006e-05 0.0016280418 0.001140636 0.0005256206 3.287772e-08 1.8868171e-08 4.875451e-05 0.892042 0.8102234 7.062287e-08 2.510913e-08 6.522966e-09 0.00052584737 0.00022366372 1.6057671e-09 2.7857545e-06 1.733463e-06 0.8664256 3.6272934e-07 9.362914e-05 0.36138675 4.7449507e-06 0.0031442305 4.226435e-07 0.083569944 0.009588955 1.2287346e-06 0.042920344 5.7140348e-08 7.075537e-07 5.52038e-07 0.06959952 0.00010832414 4.0509207e-05 1.5880677e-09 1.0858606e-05 0.027214898 0.15658537 0.0014105447 0.006017265 0.003794066 0.008787144 2.7986464e-09 9.2516125e-08 0.00025342824 0.0031305493 0.017367776 0.0005822663 0.06380588 1.3319134e-09 4.1490744e-05 0.0018887661 3.5782472e-05 0.014007809 0.00321708 1.777099e-10 0.00058666384 0.000355347 0.005475544 0.0071519203 0.0011697729 0.00014253476 1.8020206e-05 2.614396e-07 1.6901483e-08 0.0019473427 0.00028499137 6.394831e-05 0.0022037784
0.9213162 0.00020507358 2.243106e-05 0.0007834599 1.1768188e-06 0.0018368736 7.286676e-08 0.0053325063 1.1241439e-07 8.4712735e-07 1.4677948e-06 0.010361194 0.47919315 0.3723725 2.6416153e-06 1.1702269e-08 0.0048443615 7.746362e-07 4.0294072e-08 0.07483965 0.007641745 6.9197285e-06 0.6679523 0.8992949 6.916894e-07 0.84789133 0.42441863 0.61831576 2.0124735e-06 5.557032e-09 1.6971352e-16 0.91188157 5.2077786e-07 3.860812e-06 3.5776518e-06 7.2230932e-06 0.87774634 0.7767458 0.00017650246 1.7891864e-10 8.8039556e-08 5.5975706e-06 0.67770976 0.031575352 2.1296294e-06 2.4545532e-05 0.02070794 0.0003708519 0.0066242577 2.100584e-09 8.645227e-05 1.5619337e-06 1.1730784e-08 0.00075617427 2.8392008e-06 0.1827134 3.149152e-07 1.9329898e-06 0.021571204 1.3551355e-08 0.44412565 0.004162649 0.21865304 2.8451261e-06 0.00088134786 0.00023595992 0.0049921214 0.008711106 3.457453e-07 2.3411069e-08 7.2785195e-05 1.5303666e-06 1.613841e-07 1.1814221e-05 0.0008444865 0.046944182 8.638857e-05 1.4732897e-06 0.00033156513 8.2734266e-07 1.3803077e-06 0.13779283 1.8547254e-06 4.489538e-06 0.08485696 2.2596569e-06 5.0929273e-05 0.08777238 3.1924108e-07 4.6369023e-05 5.3456035e-09 2.8008336e-07 1.7509075e-05 0.00085222954 2.7536303e-06 0.02766809 0.005728139 2.092198e-06 1.242277e-05 0.07305934 4.739189e-06
