1.2395289e-26 0.7753908 0.7208109 0.56704223 0.88367367 0.77331793 0.72135293 0.50865436 0.39658558 0.92924625 0.3421118 0.8143993 0.6706425 0.88302237 0.73045945 0.6027167 0.20831722 0.24576578 0.9226568 0.7703741 0.9486619 0.16765301 0.26507717 0.7599578 0.24714337 0.813192 0.9879078 0.10060154 0.26571545 0.9687526 0.43985212 0.8938064 0.2328677 0.5342452 0.25552458 0.09317752 0.99432814 0.9041568 0.49026445 0.060491577 0.9943885 0.036109325 0.11984637 0.92972606 0.45205504 0.0925906 0.34127614 0.0986928 0.9946083 0.016173378 0.15115047 0.90640813 0.08892014 0.9877389 0.5753906 0.03150481 0.079085276 0.99495494 0.46466762 0.9992964 0.005009663 0.09718787 0.008457415 0.99404895 0.83319527 0.006171053 0.0025248104 0.0010297998 0.61874664 0.000956446 0.0006078219 0.21337841 0.00081232766 0.0065841256 3.130718e-05 1.2018295e-05 0.0016272309 0.0057751914 0.000828533 0.999007 1.7336778e-06 8.524949e-07 0.97053075 3.5352794e-08 0.99994385 2.828287e-07 0.06711944 8.473904e-06 0.9988519 0.99457043 0.9751343 1.678038e-05 0.99975604 0.9949824 3.211698e-07 4.8436705e-06 0.9940633 0.0012483518 0.99740887 0.992407 0.999923
0.7753908 3.8474792e-18 0.6904201 0.5380127 0.91409534 0.67104834 0.502694 0.108314924 0.23465453 0.055409994 0.070555575 0.3275737 0.021126682 0.32085657 0.022689126 0.017948018 0.043469988 0.020887533 0.0016769973 0.004494274 0.00058321917 0.0035094444 0.0023502768 0.011237695 0.04072538 0.00097282336 0.77539885 0.008627233 0.0100047495 0.03154557 0.0006296469 0.000847163 0.0003973937 0.0057511893 6.899153e-05 0.0009880597 0.14124121 0.00016681905 0.0025029245 0.0028364337 0.008907935 0.0009490947 0.00061417 0.0010166435 0.0003031589 0.001757225 0.00019529348 0.0019575288 0.019269794 0.000442374 0.00048078748 2.5980367e-05 4.997985e-05 3.4514575e-05 1.0755299e-05 0.00010924414 5.425634e-05 0.0101189865 1.833181e-05 0.0436051 0.00042948528 1.4570609e-05 0.0003129848 0.004452018 2.7245478e-05 1.571299e-05 2.1096304e-05 3.4426044e-05 1.3973783e-05 0.00010399395 5.876327e-06 2.2954942e-05 2.9829991e-05 1.1089334e-05 3.8212016e-07 3.6683502e-07 9.0559485e-07 1.4531965e-06 8.370129e-07 0.0024670877 2.6427702e-07 3.2374774e-07 0.00018464834 9.985189e-09 0.0023948874 1.9362092e-08 4.7530415e-05 5.752445e-06 0.009505695 0.026107127 0.00040542136 8.705778e-06 0.0018570459 0.00882837 7.886459e-08 2.5847498e-06 7.8308236e-05 2.8770387e-06 0.0010237807 7.110747e-05 0.010326352
0.7208109 0.6904201 5.797396e-21 0.90254456 0.7026675 0.485186 0.91408587 0.019514004 0.74139607 0.02061567 0.8175864 0.0816458 0.0012927183 0.068378225 0.030754987 0.0006619471 0.006058118 0.2614793 2.5927524e-05 3.063934e-05 4.501375e-06 0.0001535687 2.6393702e-05 0.015744215 0.23862004 3.1502016e-06 0.24026363 0.049378026 0.04331552 0.005209098 3.668459e-05 6.1634732e-06 9.576726e-07 0.010697314 1.0759073e-07 0.0277893 0.03803467 3.8377582e-08 1.3809779e-06 0.011493338 0.0008007578 0.0059137675 2.3647499e-05 7.3974843e-07 4.1316216e-07 0.0010583188 4.4849224e-07 0.00046715498 0.00285979 1.1040918e-05 1.9252866e-06 8.15902e-09 2.2025732e-07 2.3312272e-09 1.9612e-09 1.8917078e-07 8.9297124e-08 0.0018112867 3.3466694e-08 0.010413002 4.336986e-05 3.928886e-09 1.9019819e-06 0.0001072571 9.095988e-09 9.788673e-06 0.00019463529 9.036468e-07 8.8478674e-10 5.1475213e-06 4.9611475e-07 1.3080091e-09 1.6154385e-06 5.194973e-08 4.8750226e-09 7.714028e-09 1.5933468e-09 7.358685e-09 2.8066875e-08 0.00010666843 1.3770692e-08 2.0517321e-09 2.9693268e-07 1.1821499e-09 0.00020774556 1.1988078e-08 1.6835229e-07 1.7854164e-06 0.0031995724 0.017267182 1.5259444e-07 7.811184e-09 0.00022423355 0.0018236813 5.1723297e-09 2.557292e-09 8.4675827e-07 7.9645274e-10 1.3932692e-05 2.6183748e-06 0.002689516
0.56704223 0.5380127 0.90254456 1.1069465e-21 0.66198635 0.5501125 0.7130263 0.006875852 0.8146941 0.010805249 0.8367495 0.13184573 0.00015448825 0.022616273 0.059878346 0.00017290511 0.0022250796 0.4415596 2.4102699e-06 3.271489e-06 3.084139e-07 2.4369687e-05 4.139152e-06 0.0059397584 0.33700693 2.5123225e-07 0.14317358 0.050834782 0.04799216 0.002286892 7.4803265e-06 7.298085e-07 2.0260387e-07 0.006215317 1.4946776e-08 0.05669158 0.024910467 7.1478343e-09 2.238819e-07 0.011046771 0.00033532412 0.0070816777 1.8629011e-06 7.6469384e-08 3.870242e-08 0.00066471443 6.817836e-08 0.00020110249 0.0031606 2.190283e-06 7.017791e-07 4.7028172e-09 1.0562994e-07 7.4619144e-10 7.2604345e-10 1.7154606e-07 5.3434555e-08 0.0018489673 2.2837236e-08 0.007711643 2.2004842e-05 4.0078665e-09 1.1577234e-06 7.203457e-05 2.4212323e-09 6.185526e-06 0.00010807102 5.8310786e-07 4.098685e-10 2.7816368e-06 7.0241583e-07 1.2539907e-09 1.0032524e-06 6.76545e-08 9.2290495e-09 1.3688361e-08 7.579133e-10 3.2586769e-09 1.46052965e-08 6.7671506e-05 2.4396694e-08 4.741573e-09 7.337274e-08 1.2742046e-09 0.00022435718 1.4607582e-08 1.1671035e-07 2.3016705e-06 0.0027579276 0.014973843 2.1156957e-08 3.9577754e-09 0.0003248065 0.0012798399 2.772866e-09 1.34443e-09 2.60226e-07 3.7048453e-10 7.474051e-06 6.122573e-07 0.002272789
0.88367367 0.91409534 0.7026675 0.66198635 7.561588e-18 0.871247 0.1543268 0.011067391 0.36286044 0.01279164 0.06502465 0.9151533 0.0016226268 0.052406542 0.22322147 0.0006131353 0.0034790752 0.017581217 6.23393e-05 6.9046626e-05 1.5026508e-05 0.00023167979 4.9672883e-05 0.0052704234 0.03333558 7.959464e-06 0.5565198 0.006002629 0.011196702 0.007511997 2.1087291e-05 7.333867e-06 2.030719e-06 0.0022662296 2.2959541e-07 0.0023801716 0.16243035 6.812762e-07 3.2366162e-05 0.001410439 0.00074361067 0.00094405975 4.6779537e-06 5.1882203e-06 4.876678e-07 0.00052153063 5.654888e-07 0.0004988367 0.0044744946 1.6596148e-05 6.4121837e-06 1.79035e-07 1.6822406e-07 6.597264e-07 1.7465387e-08 3.17978e-07 8.59488e-08 0.0019826537 6.8030437e-07 0.013060088 1.0440589e-05 1.7884888e-08 2.0088835e-06 0.00038134423 2.4864016e-07 4.5242948e-07 2.523692e-06 3.2329234e-07 1.9118312e-08 5.3140036e-07 1.8312362e-07 3.6859735e-08 3.5699438e-07 4.4362014e-06 3.9258765e-08 6.823625e-08 8.256583e-09 8.868688e-09 5.2194356e-08 0.00040403224 2.080231e-08 8.4820044e-08 3.0316437e-06 2.891227e-09 0.00042353242 9.585685e-08 1.4325148e-07 1.1203291e-06 0.0074904785 0.036165144 1.3671727e-06 1.8265496e-07 0.0007020492 0.005544112 7.931453e-07 3.3233437e-08 3.5099493e-08 1.3136972e-09 3.968752e-05 9.68396e-07 0.011190531
0.77331793 0.67104834 0.485186 0.5501125 0.871247 4.872297e-21 0.16787069 0.012976751 0.5411691 0.004435042 0.16229649 0.8949757 0.0019839664 0.14677069 0.62513626 0.003163166 0.007780825 0.10426881 0.00017665654 0.0004347146 3.9100887e-05 0.0004715505 0.00021349876 0.005374696 0.044549976 0.00014580235 0.21130574 0.011856875 0.014797459 0.0053196526 2.9554782e-05 0.0001239615 1.0703583e-05 0.0030780083 1.3707329e-06 0.01121634 0.6372004 8.233831e-06 2.9566057e-05 0.003646745 0.001928866 0.0068438784 1.9163337e-05 5.780087e-05 4.743467e-06 0.0018342304 5.6901354e-06 0.00094449293 0.011508907 3.2728112e-05 1.2704784e-05 2.7662603e-07 5.9443516e-07 2.4857735e-07 2.3940913e-06 7.082437e-07 5.2104792e-06 0.010333204 9.5275703e-07 0.0241165 8.774765e-05 1.7172866e-06 5.8779504e-05 0.0011118901 1.5246314e-06 5.1331085e-06 1.0556148e-05 1.6072511e-06 6.030391e-08 5.0504104e-06 1.6501579e-07 1.1565642e-05 1.9879237e-06 9.0925465e-07 2.4668084e-08 1.2652373e-08 1.491269e-08 2.7476233e-08 6.2451035e-09 0.0009210125 8.618181e-10 6.635612e-10 5.3356243e-06 2.3435484e-10 0.001986837 8.885966e-11 6.618429e-06 8.989675e-07 0.0229447 0.09353843 2.7432611e-06 6.970669e-08 0.0029932694 0.04299497 1.3883952e-10 1.4412498e-08 1.0175785e-07 1.00304085e-08 6.11553e-05 2.676364e-07 0.030280957
0.72135293 0.502694 0.91408587 0.7130263 0.1543268 0.16787069 2.9289514e-18 0.25633228 0.6937616 0.4742884 0.87898713 0.01607734 0.052800827 0.21151872 0.01461329 0.024777088 0.18126327 0.38057026 0.0013078866 0.0010862051 0.0003493471 0.007368803 0.002212999 0.31746748 0.7754396 0.00017636264 0.13276605 0.2868314 0.32426074 0.020852009 0.00092903496 0.00034606268 0.0001087253 0.14331232 3.404935e-05 0.035287328 0.034203287 5.856221e-06 0.00021509897 0.068153456 0.005213016 0.012635085 0.00042352697 5.7052115e-05 4.3412892e-05 0.019177087 2.2541095e-05 0.007881565 0.012187007 0.00014461928 4.7476737e-05 6.2523685e-07 8.051867e-06 8.08239e-07 4.7065974e-08 1.0428012e-05 5.7123675e-06 0.011341224 8.668035e-06 0.021108823 0.00051516073 5.98387e-07 1.7418257e-05 0.00041918756 2.0780994e-06 0.0003261048 0.0013415965 3.400784e-05 2.3480575e-07 0.0001091679 1.2573653e-05 8.919142e-08 2.7560225e-05 8.021691e-06 5.6478306e-08 1.1250942e-07 7.694503e-08 2.200224e-07 6.9522616e-07 0.00059637486 8.878322e-08 2.290389e-08 3.3305638e-05 9.696569e-08 0.00044422573 5.389927e-08 3.6358012e-06 1.525681e-05 0.004115365 0.015267568 2.0838715e-05 2.0474828e-07 0.0011842959 0.0019530961 4.764319e-07 2.898195e-07 4.6415385e-05 1.7725919e-08 0.00016791161 2.1122998e-05 0.0029597445
0.50865436 0.108314924 0.019514004 0.006875852 0.011067391 0.012976751 0.25633228 4.9344063e-17 0.0070464616 0.9196743 0.0075378534 0.0026798134 0.9140224 0.8542975 0.0015266713 0.29034767 0.41963774 0.000808118 0.08550738 0.020685513 0.0039786017 0.021166712 0.0074442253 0.015345277 0.015807373 0.0011227496 0.21870027 0.0023267774 0.0012996981 0.09159446 0.0008647294 0.0018092572 0.00025939557 0.003525328 0.00019703216 7.48103e-05 0.025447693 0.00027690176 0.0035682186 0.0011799419 0.07797083 0.00037454587 9.017142e-05 0.0006994202 0.00017618311 0.0005376339 3.2003918e-05 0.0002279818 0.071705826 6.901582e-05 0.00043552066 2.4289084e-05 7.9003585e-05 7.997329e-05 1.1860562e-05 8.8357134e-05 1.6392178e-05 0.036765806 8.5185864e-05 0.06266284 0.00011301308 8.132008e-06 8.219893e-05 0.002203559 1.0869423e-05 3.4483921e-06 3.487391e-06 1.07362775e-05 9.702934e-06 9.218358e-06 5.636195e-07 5.009899e-06 7.879866e-06 1.2584942e-05 1.1051227e-06 2.772985e-07 3.1529711e-07 1.1199445e-06 5.965562e-07 0.0013541279 6.5924624e-08 1.9041207e-07 0.00011036114 8.099083e-08 0.0011575039 1.3000997e-07 1.6544695e-05 1.4293939e-05 0.0023624161 0.007873166 0.00029669708 3.195876e-06 0.0013652706 0.0027435047 4.789539e-07 1.953542e-06 7.072009e-05 2.530383e-07 0.00042007075 3.8688897e-05 0.0012803319
0.39658558 0.23465453 0.74139607 0.8146941 0.36286044 0.5411691 0.6937616 0.0070464616 7.842755e-21 0.004019328 0.8744936 0.18460038 0.00062047277 0.026096623 0.39746833 0.0006115095 0.0043201973 0.7418723 2.8688426e-05 3.6910482e-05 2.3636148e-06 0.00018363314 3.800113e-05 0.008128004 0.46374783 3.6663864e-06 0.07548763 0.116154626 0.15597363 0.0007554959 2.2907507e-05 4.2397874e-06 1.3006944e-06 0.012413487 1.674941e-07 0.110826105 0.05201835 9.629867e-08 3.4127386e-06 0.0152851 0.00041535203 0.024308408 5.862429e-06 9.994021e-07 6.002173e-08 0.0045223064 7.954864e-08 0.00063099194 0.0019740139 4.8545376e-06 2.0075852e-06 3.0857375e-08 1.2091515e-07 1.5276937e-08 6.106769e-09 2.2489945e-07 1.4229538e-07 0.00111136 1.8003901e-07 0.004572598 9.162592e-05 4.4775867e-08 6.4463848e-06 1.4103865e-05 8.011385e-08 1.02608e-05 5.701426e-05 3.8455514e-06 9.503975e-09 1.0487232e-05 1.2338603e-06 1.07515845e-07 2.1738206e-06 4.6789734e-07 2.3572284e-08 4.965017e-08 3.709493e-09 1.7315626e-08 1.9188343e-08 3.318522e-05 1.4393488e-08 4.0381454e-09 7.353298e-07 6.4557946e-09 0.00026680654 2.8168046e-10 2.482844e-06 3.2964595e-06 0.0030244286 0.03546055 8.3675116e-07 9.094553e-08 0.000574428 0.0029093355 7.581321e-09 3.2707778e-08 1.7840146e-07 2.0697824e-08 6.0684733e-06 7.1756496e-08 0.0012840149
0.92924625 0.055409994 0.02061567 0.010805249 0.01279164 0.004435042 0.4742884 0.9196743 0.004019328 6.531368e-17 0.022958843 0.004353141 0.76484 0.19582863 0.00093126576 0.4460188 0.8850723 0.0026975959 0.19768265 0.032695364 0.21284921 0.1708771 0.11942944 0.4876521 0.063116565 0.0033650866 0.11198058 0.02437643 0.035886202 0.095395 0.038536478 0.0031590166 0.0026728394 0.23248592 0.0017186542 0.001251297 0.027354065 0.00042970202 0.0016320153 0.03978164 0.17463294 0.001508942 0.0052507995 0.0011763157 0.001205746 0.015767107 0.0018764399 0.022778742 0.05394509 0.0023348408 0.002104945 1.1316864e-05 0.0010554467 3.221235e-05 4.1754036e-05 0.0013821551 0.00064935564 0.06139432 9.869188e-05 0.09036065 0.0056547215 0.00018762788 0.001250332 0.0032440254 5.176206e-06 0.0058977804 0.0015719009 0.00022567109 4.5400384e-06 0.0013517076 1.4284631e-05 7.119655e-07 0.00021765691 0.00044061115 2.1777546e-06 5.193064e-07 2.0629739e-06 6.4177757e-06 8.001665e-06 0.0016485144 2.0733472e-07 4.897974e-07 6.686997e-05 1.0347313e-07 0.0022604621 5.142605e-06 1.427595e-06 3.783786e-05 0.0030047 0.008544705 1.880735e-05 8.200146e-07 0.0018682003 0.0018383826 1.654642e-06 9.602727e-07 0.0004100376 7.557128e-08 0.00032905577 0.00012179711 0.0040277387
0.3421118 0.070555575 0.8175864 0.8367495 0.06502465 0.16229649 0.87898713 0.0075378534 0.8744936 0.022958843 8.910297e-20 0.022629282 0.0005628165 0.020689528 0.07172291 0.00075648003 0.009565514 0.90640855 1.39982585e-05 3.1705535e-05 2.3376465e-06 0.0003491118 6.391356e-05 0.041985635 0.8202951 3.0080998e-06 0.031733483 0.38647878 0.41723683 0.0011519828 6.21036e-05 2.9100504e-06 1.2634446e-06 0.04668592 1.8578844e-07 0.2829213 0.0226133 3.992228e-08 3.7187326e-06 0.06748989 0.00039325602 0.06446913 2.0261243e-05 1.1986135e-06 1.6334468e-07 0.021315578 2.3597329e-07 0.0040551345 0.0022806206 1.9488705e-05 3.1171223e-06 5.7095136e-08 1.342667e-07 1.3506609e-08 3.885328e-09 4.0646077e-07 2.998635e-07 0.00084340444 6.5259474e-07 0.0042800787 0.00019677526 6.372497e-08 2.9772339e-06 1.97577e-05 1.5266605e-07 0.0002495868 0.0017939094 1.8877163e-05 1.2069756e-08 5.1869465e-05 1.1383771e-05 5.304128e-08 1.02572185e-05 2.7248661e-06 6.210197e-08 1.3932214e-07 3.3484107e-09 2.339009e-08 1.1002353e-07 7.1773175e-05 1.0386662e-07 1.4121152e-08 2.1142014e-06 2.6699588e-08 0.00033071244 2.9273911e-08 1.3715174e-06 1.1695348e-05 0.002342743 0.020186251 3.9650368e-07 1.233349e-07 0.0007980526 0.0020025657 8.438419e-08 6.032208e-08 1.1676162e-06 1.1181984e-08 1.47198425e-05 1.5039359e-06 0.0019020147
0.8143993 0.3275737 0.0816458 0.13184573 0.9151533 0.8949757 0.01607734 0.0026798134 0.18460038 0.004353141 0.022629282 2.5830555e-18 0.0009922779 0.009359113 0.9416815 0.0013947774 0.0017287424 0.021696836 0.0003251077 0.00086701923 1.666606e-05 0.00035046332 0.00011996531 0.0011381226 0.009022236 8.7173634e-05 0.07191982 0.0018898471 0.002331104 0.00074104907 9.650166e-06 0.00029846394 3.1532766e-06 0.0009301542 5.02984e-07 0.004808322 0.93472534 2.2866682e-06 0.0001584899 0.00052079384 0.00016225441 0.0011768683 1.5155719e-05 6.7556924e-05 1.4604992e-06 0.0004995541 3.1013076e-07 0.00040424714 0.0031760691 1.6554952e-05 9.727894e-06 1.0261109e-06 7.6621257e-07 1.3308514e-06 5.1137476e-07 9.4934677e-07 4.2582917e-07 0.0027955284 7.1808427e-07 0.010827369 1.1870009e-05 3.508398e-07 1.3519523e-06 0.00021587024 2.379292e-06 1.9406164e-06 3.2193448e-06 4.7917416e-07 8.710121e-08 1.6455957e-07 1.2438768e-06 1.2930362e-06 4.4125503e-08 4.2239953e-06 1.1537616e-07 1.3776702e-07 2.821335e-08 1.1448287e-07 4.759289e-08 0.00027844773 5.685299e-09 2.8651087e-08 3.672913e-06 6.6134466e-11 0.0012615116 1.0237687e-08 2.243424e-06 2.2116671e-08 0.01487606 0.20203616 1.383175e-06 2.1509538e-07 0.00083414547 0.062921286 2.3419988e-09 4.5363677e-08 2.8820486e-09 1.2720344e-08 2.257053e-06 1.0576556e-08 0.05718969
0.6706425 0.021126682 0.0012927183 0.00015448825 0.0016226268 0.0019839664 0.052800827 0.9140224 0.00062047277 0.76484 0.0005628165 0.0009922779 1.9909529e-16 0.4736442 0.00048416248 0.9299346 0.43187153 0.000118414784 0.4834298 0.12663603 0.07610911 0.094234355 0.044704482 0.046064164 0.0049359216 0.011521157 0.047096416 0.0013415018 0.00070829503 0.09069247 0.004398246 0.01338334 0.0011451233 0.014317167 0.00048394687 7.602477e-05 0.019719845 0.0008420944 0.005837645 0.0016007042 0.16465507 0.00016296278 0.0006499055 0.0023464137 0.0010876775 0.0007047549 0.0007094971 0.0011556057 0.08928964 0.00026371927 0.0017892475 0.00010495552 0.0005376183 0.00038729177 0.00012244812 0.00066167704 0.00032693346 0.05383913 0.0006907537 0.070973106 0.0008787453 4.727658e-05 0.0004260063 0.007402894 4.7697336e-05 1.961032e-05 1.1002543e-05 5.336619e-05 4.8118167e-05 8.7009015e-05 9.880648e-07 1.0235633e-05 3.9280174e-05 4.2379706e-05 1.8805458e-06 6.514661e-07 6.654723e-07 3.8673234e-06 7.880005e-07 0.0021146834 4.826728e-08 2.1044038e-07 0.0004472063 1.4388608e-07 0.0018828169 1.2842021e-07 1.9670293e-05 5.7226105e-05 0.0017956895 0.007422958 0.00013127839 7.4096674e-06 0.0023454495 0.0014668456 1.0923466e-06 8.125918e-07 0.00025323016 3.0351222e-07 0.0010150117 0.00028404902 0.0027056627
0.88302237 0.32085657 0.068378225 0.022616273 0.052406542 0.14677069 0.21151872 0.8542975 0.026096623 0.19582863 0.020689528 0.009359113 0.4736442 2.3736708e-14 0.005428846 0.31981444 0.1272302 0.003699157 0.23755588 0.14036916 0.017542353 0.027823962 0.016710043 0.029744748 0.013006629 0.016268669 0.92778516 0.0034279034 0.0033475684 0.8822082 0.0031025 0.0608735 0.005510195 0.011617495 0.0033842758 0.00022114652 0.05193842 0.0054423963 0.035974868 0.003865158 0.30972263 0.00048309195 0.002016579 0.04571975 0.003151094 0.0022620342 0.0003628117 0.0025787547 0.2699538 0.00065559737 0.0024023126 0.0018393146 0.001117921 0.0050311796 0.00041468692 0.0014385016 0.00039691324 0.13563226 0.0031067592 0.19989255 0.0012521433 0.00020566152 0.00047653462 0.04118682 0.004103569 0.00019677245 0.000121859135 0.0002051616 0.0006921032 0.00037477276 1.698568e-05 0.0001700029 0.000156103 4.5998215e-05 3.4199845e-06 1.1642061e-06 4.4150114e-05 0.0001073955 1.093137e-05 0.037536055 1.4152451e-07 1.1983565e-06 0.0047644717 4.003088e-07 0.008369547 1.2725804e-06 0.000103008366 0.00012795135 0.016918136 0.028997285 0.0014093635 1.8757124e-05 0.021194443 0.0057484177 9.861892e-06 6.374473e-06 0.0018035921 4.064525e-06 0.010042102 0.0018593736 0.010023378
0.73045945 0.022689126 0.030754987 0.059878346 0.22322147 0.62513626 0.01461329 0.0015266713 0.39746833 0.00093126576 0.07172291 0.9416815 0.00048416248 0.005428846 1.9306877e-20 0.0005574592 0.0009501153 0.2353318 8.20398e-05 0.000115912546 1.6612923e-06 0.00011194352 4.1491654e-05 0.0008730418 0.057542276 8.067747e-06 0.019509917 0.010212015 0.008919138 0.00033197075 6.3795505e-06 5.47138e-05 4.5523967e-07 0.0009123839 3.2831597e-08 0.29623392 0.8298516 7.2524e-08 4.810851e-06 0.0015632862 1.8541003e-05 0.01934552 5.233976e-06 4.469025e-06 3.5267982e-07 0.0003280265 5.3518907e-08 0.00033257154 0.0026458208 3.3527265e-06 4.4798526e-07 1.7572482e-08 5.0718256e-08 3.0872506e-08 5.9383588e-08 5.3183918e-08 3.9038493e-08 0.00265391 3.7748016e-08 0.0075504333 5.284221e-06 1.9320112e-08 5.258033e-07 0.00016940004 1.3570398e-07 1.7535185e-06 6.819033e-06 9.2022265e-07 2.893693e-09 1.7383921e-07 1.8182931e-06 1.5491439e-07 9.2916146e-08 1.7835842e-07 9.299611e-08 1.9579167e-07 1.0877791e-09 2.620714e-09 6.8745165e-09 0.00050445716 1.824926e-08 8.16637e-09 1.9031885e-06 5.983327e-11 0.0003959358 2.816781e-08 1.1273976e-06 5.6488435e-08 0.016393658 0.5604879 1.5259667e-08 8.75741e-09 0.00035918393 0.13006186 2.0053155e-10 9.728874e-09 1.9532598e-09 8.285511e-10 4.4453208e-07 6.9031874e-09 0.020762144
0.6027167 0.017948018 0.0006619471 0.00017290511 0.0006131353 0.003163166 0.024777088 0.29034767 0.0006115095 0.4460188 0.00075648003 0.0013947774 0.9299346 0.31981444 0.0005574592 2.8324133e-17 0.71387047 0.00020955132 0.69112915 0.56080276 0.3285397 0.2719299 0.13824761 0.08080232 0.0037076864 0.12346688 0.028178938 0.0021422456 0.0017138495 0.10735519 0.01731001 0.07143989 0.015052103 0.024922805 0.008256843 0.00010371554 0.022148015 0.007012954 0.026735257 0.0043774988 0.28613806 0.00022692673 0.0059824046 0.013086252 0.009971705 0.0034518922 0.007510625 0.009794035 0.13050222 0.0032566616 0.008221862 0.0016550596 0.0034945358 0.0049698595 0.0030349486 0.0040517785 0.0064848736 0.1123989 0.00338897 0.1518777 0.0037221143 0.0010182756 0.0026317497 0.014550352 0.0008033409 0.00021651288 5.26445e-05 0.00020421759 0.00047106482 0.0006718595 4.141948e-06 0.00039102696 7.229761e-05 5.6144894e-05 6.632355e-06 1.5014224e-06 6.6568914e-06 1.7010188e-05 6.004859e-06 0.006830485 4.5003424e-07 1.7473127e-07 0.0013622097 2.566684e-07 0.0049793357 1.4824501e-07 8.922226e-05 7.3694806e-05 0.0017136051 0.0059098094 0.0010790548 8.884768e-06 0.004220722 0.0011413612 3.5818968e-07 3.5202277e-06 0.0010679852 4.3379227e-06 0.0015475433 0.0008208667 0.0035118167
0.20831722 0.043469988 0.006058118 0.0022250796 0.0034790752 0.007780825 0.18126327 0.41963774 0.0043201973 0.8850723 0.009565514 0.0017287424 0.43187153 0.1272302 0.0009501153 0.71387047 1.0994032e-17 0.0012002545 0.11675168 0.14348689 0.52738833 0.86999935 0.76880485 0.73738736 0.024270406 0.021681348 0.018180454 0.007588704 0.006583284 0.02938192 0.03550251 0.01320785 0.020641878 0.23887368 0.008791494 0.00023863936 0.015081422 0.0012535293 0.009405287 0.018971592 0.05234492 0.0010995254 0.0085654035 0.003588542 0.0041599087 0.006874135 0.0041219504 0.032117553 0.033584125 0.0050724335 0.0035811905 0.00021664881 0.0014128555 0.00038353624 0.00032614215 0.0009491015 0.0019062476 0.041751042 0.00033895537 0.021459932 0.002493508 8.84115e-05 0.0009658707 0.0036011331 0.00014352794 2.0893538e-05 4.6317555e-06 4.3224347e-05 7.725926e-05 0.00016183406 3.6818048e-07 1.1044078e-05 1.5080097e-05 0.00010597074 5.3682254e-07 1.2038196e-07 6.2626873e-07 2.2226882e-06 2.0734415e-06 0.0021443602 1.09800894e-07 4.4572555e-08 0.00010004739 1.1102106e-07 0.0011741851 5.0844386e-07 0.00011424986 1.14777185e-05 0.0012286978 0.0034498037 0.0005762826 3.9484466e-06 0.001161262 0.00045194177 3.8350598e-07 2.4171732e-06 0.00019563425 6.485873e-07 9.102836e-05 3.5627098e-05 0.00054421136
0.24576578 0.020887533 0.2614793 0.4415596 0.017581217 0.10426881 0.38057026 0.000808118 0.7418723 0.0026975959 0.90640855 0.021696836 0.000118414784 0.003699157 0.2353318 0.00020955132 0.0012002545 2.4976214e-18 6.3407197e-06 6.459302e-06 3.9261332e-07 7.3887626e-05 1.166832e-05 0.011701128 0.90273875 4.1406818e-07 0.0069475975 0.6321027 0.6570368 0.0002297725 9.123795e-06 1.1150921e-06 2.043328e-07 0.043301713 2.4446956e-08 0.8057141 0.017858831 2.4555375e-08 1.892463e-06 0.17692983 0.00013864477 0.64704645 3.127902e-06 7.1509925e-07 8.169205e-09 0.03482931 2.5041405e-08 0.0012451629 0.0006920461 4.259931e-06 1.5052332e-06 1.4642178e-07 2.1759246e-07 3.5763128e-07 8.203416e-09 3.0915186e-07 4.7584546e-08 0.00016682512 1.7806383e-06 0.0013080793 9.261744e-05 4.4367546e-08 2.4980109e-06 3.09354e-06 2.9887426e-07 6.617745e-05 0.002273114 9.778299e-06 3.6893287e-08 3.3373326e-05 1.3165645e-05 1.0356475e-07 2.4182336e-06 1.1639862e-06 4.4896105e-08 2.1297296e-07 1.2181061e-09 1.7558646e-08 1.15416874e-07 2.2969176e-05 2.1441828e-07 7.311439e-09 5.853253e-07 6.203307e-08 0.00028411215 1.2146494e-07 9.867164e-07 1.124351e-05 0.0013643478 0.034444362 6.2102595e-07 1.9949304e-07 0.0003383177 0.0009758796 2.9093803e-07 1.15013194e-07 6.6302675e-08 9.307983e-09 4.1338643e-07 3.0346374e-08 0.00064864015
0.9226568 0.0016769973 2.5927524e-05 2.4102699e-06 6.23393e-05 0.00017665654 0.0013078866 0.08550738 2.8688426e-05 0.19768265 1.39982585e-05 0.0003251077 0.4834298 0.23755588 8.20398e-05 0.69112915 0.11675168 6.3407197e-06 1.1392244e-16 0.94822145 0.48090526 0.12004544 0.09965712 0.04736929 0.00083735154 0.42464373 0.010132897 0.00073572266 0.0007710381 0.07850864 0.06633503 0.55431074 0.024316924 0.019286137 0.025297545 7.5243246e-05 0.013753921 0.0605515 0.08224683 0.0023006306 0.33530757 4.9800525e-05 0.006129213 0.07426209 0.057861652 0.001622757 0.023091555 0.006114215 0.10556114 0.0012942324 0.017678972 0.0010525472 0.0077870195 0.006885538 0.003816557 0.0066610384 0.009306905 0.18698035 0.0021881848 0.14206205 0.0028553167 0.0020308045 0.0022704557 0.035655893 0.0013622429 0.00083568535 5.382662e-05 0.0001197398 0.0003598067 0.0002498764 3.4050595e-06 0.0003519291 0.00015595538 0.00055876083 9.364039e-07 3.4224723e-07 1.632634e-05 5.698936e-05 8.901637e-06 0.010823137 4.275608e-08 2.1042432e-07 0.0013046551 9.0891426e-08 0.007122332 3.203726e-07 5.558501e-05 0.000106136 0.0016171172 0.005178959 0.00059409655 4.739912e-06 0.007623569 0.00067736435 4.6522787e-06 8.601091e-07 0.0016754442 3.547463e-07 0.002527699 0.0019262346 0.0044012126
0.7703741 0.004494274 3.063934e-05 3.271489e-06 6.9046626e-05 0.0004347146 0.0010862051 0.020685513 3.6910482e-05 0.032695364 3.1705535e-05 0.00086701923 0.12663603 0.14036916 0.000115912546 0.56080276 0.14348689 6.459302e-06 0.94822145 3.2616565e-16 0.40416056 0.16819881 0.13254622 0.034211993 0.0010956126 0.7622305 0.0041173794 0.00047329272 0.00034726804 0.037115455 0.065844536 0.8202824 0.04854093 0.0122421 0.04513025 6.0807815e-05 0.009908156 0.15571366 0.23651427 0.0024500256 0.17518434 0.00013547402 0.013057037 0.17713018 0.16019598 0.0014692964 0.026975485 0.0067680287 0.096457794 0.0035439064 0.052718036 0.0046395035 0.008774072 0.019124407 0.0080340225 0.00951236 0.012100974 0.114319526 0.008596631 0.106608614 0.004047116 0.0016988848 0.0041287686 0.046248164 0.0032005154 0.00020661716 3.175789e-05 0.00024680444 0.0014974556 0.00065569405 6.500291e-06 0.0005727115 0.00018822846 0.00041772638 4.053052e-06 1.2264459e-06 7.6081674e-06 2.5986663e-05 2.4290357e-05 0.011160503 2.5893152e-07 1.0489678e-06 0.004888532 4.7534584e-07 0.009734406 3.7386795e-07 9.3077615e-05 0.00016985541 0.0015765257 0.0036848702 0.0005890782 1.2322616e-05 0.008464539 0.00079401466 1.5284938e-06 4.533341e-06 0.00209123 2.3051896e-06 0.0048324796 0.0023530016 0.0031911966
0.9486619 0.00058321917 4.501375e-06 3.084139e-07 1.5026508e-05 3.9100887e-05 0.0003493471 0.0039786017 2.3636148e-06 0.21284921 2.3376465e-06 1.666606e-05 0.07610911 0.017542353 1.6612923e-06 0.3285397 0.52738833 3.9261332e-07 0.48090526 0.40416056 9.070873e-19 0.8438933 0.87013286 0.1876421 0.00027813163 0.8143115 0.0052995784 0.00048032918 0.00026021767 0.031669598 0.83957875 0.15412527 0.6884358 0.07082937 0.6729036 2.9678577e-05 0.0011837566 0.10034314 0.04004764 0.009526314 0.14809595 5.5885226e-05 0.27004138 0.021007197 0.5295384 0.025604887 0.48134428 0.29909676 0.07936301 0.110969655 0.06868791 0.0016009744 0.023520907 0.0061173323 0.010365389 0.017825838 0.0689587 0.110488735 0.0026017178 0.07316036 0.1312774 0.004826198 0.0907399 0.00961857 0.00081363716 0.13373974 0.0029593057 0.009612247 0.0004175764 0.06627181 0.00014637355 0.00044528718 0.015032535 0.0070974445 2.3859418e-05 1.1586425e-06 1.2210616e-05 3.6180416e-05 1.9198842e-05 0.00324547 2.7494778e-07 7.6472924e-07 0.001277836 2.7898967e-08 0.012759905 1.5908804e-06 0.00013519602 0.0002140535 0.000995084 0.004183862 0.0019003086 4.1961152e-06 0.006272463 0.0006013493 1.0458672e-06 3.2358787e-07 0.0011182637 2.5402238e-07 0.0017356962 0.00043866798 0.01269049
0.16765301 0.0035094444 0.0001535687 2.4369687e-05 0.00023167979 0.0004715505 0.007368803 0.021166712 0.00018363314 0.1708771 0.0003491118 0.00035046332 0.094234355 0.027823962 0.00011194352 0.2719299 0.86999935 7.3887626e-05 0.12004544 0.16819881 0.8438933 1.5479469e-19 0.9300528 0.4486257 0.001221671 0.2665706 0.0037119582 0.0008637346 0.00083876774 0.01618198 0.32620123 0.036440488 0.30157942 0.13203058 0.16622634 2.4954237e-05 0.0035761339 0.016342565 0.027442357 0.012179763 0.060569912 0.00047546808 0.14059351 0.00910516 0.08224585 0.013955959 0.17619225 0.12594114 0.02634399 0.040879175 0.009997048 0.0021962903 0.0055926517 0.0035327738 0.001594567 0.004474002 0.026865255 0.04258252 0.000722921 0.015550344 0.03444783 0.0011239158 0.024732 0.004647109 0.0005188542 0.008855741 0.00068564963 0.0008208683 0.00015494211 0.013171184 3.0017254e-05 0.000110180365 0.0005455455 0.00079147256 7.0058313e-06 2.6604885e-06 1.3019845e-05 2.4921466e-05 1.0830972e-05 0.0013083636 8.910253e-07 6.060449e-07 0.0001605932 1.2570405e-07 0.0024111022 4.0906352e-07 0.00012768306 7.4593365e-05 0.00035852325 0.0027730726 0.00056551426 1.518626e-05 0.0014969639 0.00018181304 3.1569007e-07 2.4611504e-06 0.0003782119 5.2000346e-06 0.00040117602 7.107608e-05 0.0004672274
0.26507717 0.0023502768 2.6393702e-05 4.139152e-06 4.9672883e-05 0.00021349876 0.002212999 0.0074442253 3.800113e-05 0.11942944 6.391356e-05 0.00011996531 0.044704482 0.016710043 4.1491654e-05 0.13824761 0.76880485 1.166832e-05 0.09965712 0.13254622 0.87013286 0.9300528 4.7488077e-19 0.40421337 0.0005811992 0.34531686 0.0020019389 0.0005765674 0.0004581928 0.014989296 0.6371348 0.03350105 0.38420713 0.139869 0.26352605 1.8322547e-05 0.002738409 0.020638606 0.021454612 0.012825738 0.06411254 0.00032314364 0.25486383 0.008119636 0.10946535 0.016731992 0.25594643 0.20225021 0.024281131 0.07182453 0.011812756 0.0014328593 0.0074704355 0.002652388 0.0014743607 0.0057617873 0.03194275 0.03619897 0.0005645599 0.012555657 0.07090399 0.00096243003 0.05561771 0.004618653 0.00022145612 0.022923252 0.0013949104 0.0026753475 7.250413e-05 0.02720198 7.914944e-05 8.25767e-05 0.0032534252 0.0012038398 5.4646084e-06 1.79803e-06 3.911668e-06 8.4007615e-06 7.0441993e-06 0.0012804052 4.0345384e-07 2.924753e-07 0.00026366898 5.3913254e-08 0.0025514155 3.685026e-07 4.8297978e-05 0.00013478419 0.0006079436 0.0037560074 0.00043165733 7.1762597e-06 0.0022254882 0.00031768598 1.6092272e-07 8.284299e-07 0.00029263645 1.1030295e-06 0.0006720805 9.0386835e-05 0.00089227164
0.7599578 0.011237695 0.015744215 0.0059397584 0.0052704234 0.005374696 0.31746748 0.015345277 0.008128004 0.4876521 0.041985635 0.0011381226 0.046064164 0.029744748 0.0008730418 0.08080232 0.73738736 0.011701128 0.04736929 0.034211993 0.1876421 0.4486257 0.40421337 1.6503628e-16 0.13654822 0.01694566 0.016892493 0.107303984 0.17857514 0.024945531 0.30792004 0.009619713 0.020477908 0.90596825 0.016912844 0.0023157962 0.024581652 0.0030187275 0.006165111 0.31009066 0.04448748 0.02342011 0.18720251 0.0028563803 0.015747061 0.25245294 0.1027967 0.5681239 0.02970901 0.10752689 0.005655722 4.366002e-05 0.0022937232 0.0005622538 0.00023525931 0.002450998 0.022483157 0.02943007 0.00030445078 0.015713869 0.09434925 0.00020176178 0.03880985 0.001324717 5.4816483e-05 0.049633313 0.025830429 0.010836496 1.4042557e-05 0.029424101 0.0013998833 2.1461941e-05 0.004150062 0.0025413835 8.543742e-05 3.3153494e-05 7.217292e-07 3.6332706e-06 4.1660305e-06 0.0011495147 2.531485e-06 8.1365954e-07 1.506818e-05 1.165314e-07 0.0031157495 1.34827e-06 5.505486e-05 9.155981e-05 0.0005765734 0.011122847 0.0012795189 2.0062293e-05 0.00090478006 0.0007353351 3.9888605e-06 4.908156e-06 6.587187e-05 1.2959373e-06 4.6667697e-06 4.2261203e-07 0.0018180803
0.24714337 0.04072538 0.23862004 0.33700693 0.03333558 0.044549976 0.7754396 0.015807373 0.46374783 0.063116565 0.8202951 0.009022236 0.0049359216 0.013006629 0.057542276 0.0037076864 0.024270406 0.90273875 0.00083735154 0.0010956126 0.00027813163 0.001221671 0.0005811992 0.13654822 1.2994409e-19 0.00018121616 0.017375944 0.85862577 0.8388707 0.0040082727 0.00041773054 0.00023128814 0.000115254705 0.41727588 7.821863e-06 0.15538484 0.008058847 6.83838e-06 7.094287e-05 0.3551407 0.0020857577 0.16049092 0.00029797363 1.1153607e-05 8.9006653e-07 0.074929826 1.1220806e-06 0.021030243 0.0020143925 0.0003376991 7.385187e-06 5.3226795e-06 1.8094021e-06 2.1866108e-05 2.102049e-07 8.669204e-07 7.0259205e-07 0.0014059957 1.2581588e-06 0.0019969267 0.0006714918 4.741058e-07 4.1365503e-05 4.2554744e-05 2.0182797e-06 0.00024500993 0.0010309141 8.772154e-05 1.4432361e-06 0.00016831337 5.8980277e-06 2.0578964e-06 8.933478e-06 3.1449333e-06 1.5376865e-07 1.4355248e-07 1.5740248e-08 6.18726e-08 6.5608646e-08 2.8194754e-05 1.41543e-07 1.0663922e-08 1.1684507e-06 2.7258233e-09 0.0011440001 4.135589e-08 2.6479725e-05 3.977772e-06 0.0006427741 0.017563479 0.00018280685 1.1389923e-06 0.00021065351 0.0012862172 4.0129937e-08 5.1278338e-08 2.017209e-05 1.3393355e-07 2.6073858e-06 5.397219e-07 0.0024816333
0.813192 0.00097282336 3.1502016e-06 2.5123225e-07 7.959464e-06 0.00014580235 0.00017636264 0.0011227496 3.6663864e-06 0.0033650866 3.0080998e-06 8.7173634e-05 0.011521157 0.016268669 8.067747e-06 0.12346688 0.021681348 4.1406818e-07 0.42464373 0.7622305 0.8143115 0.2665706 0.34531686 0.01694566 0.00018121616 1.1817226e-15 0.0016406693 0.0001409583 5.4987377e-05 0.013609314 0.28983495 0.79977626 0.45336458 0.0059168166 0.4199502 1.8972292e-05 0.0013536173 0.78437304 0.4776947 0.0014803782 0.06293198 1.3019832e-05 0.078022145 0.17999415 0.7970625 0.0011871461 0.29951125 0.019713175 0.047012977 0.023939956 0.3110754 0.01320785 0.08197202 0.022558283 0.15796956 0.052691348 0.09452614 0.14286776 0.016634915 0.0426624 0.017384026 0.007728307 0.023945848 0.034017824 0.0050628763 0.0017177971 6.7970264e-05 0.0006760752 0.0026784874 0.004903663 6.3447305e-06 0.002058875 0.000566962 0.0020678975 1.5724089e-06 4.488654e-07 7.6720265e-05 0.00019774336 0.00018785671 0.006683832 3.5994256e-07 8.15297e-07 0.0058604344 1.9295834e-07 0.009828134 5.363318e-07 0.0010537248 0.0002431742 0.0007677746 0.0025657592 0.0030980562 9.657607e-06 0.0074969823 0.00030986842 2.4142587e-06 6.3699695e-06 0.0031193052 3.0638626e-06 0.005699254 0.0024836718 0.005779996
0.9879078 0.77539885 0.24026363 0.14317358 0.5565198 0.21130574 0.13276605 0.21870027 0.07548763 0.11198058 0.031733483 0.07191982 0.047096416 0.92778516 0.019509917 0.028178938 0.018180454 0.0069475975 0.010132897 0.0041173794 0.0052995784 0.0037119582 0.0020019389 0.016892493 0.017375944 0.0016406693 1.12429216e-14 0.0043661604 0.0041891 0.7619303 0.0013009687 0.0028169972 0.0006133853 0.0070149847 0.00035270595 0.0017654364 0.18649407 0.0012079132 0.002805422 0.0027323542 0.071443744 0.00056474755 0.00017113358 0.005092286 0.00017522981 0.00093175314 6.861274e-05 0.0010231038 0.37351483 0.00014720987 0.0008819841 0.00028764407 0.00025277294 0.0006949462 4.8628855e-05 0.00023912391 2.9741932e-05 0.06886458 0.0006277394 0.3025636 0.0002879471 1.1089482e-05 5.3973992e-05 0.013032734 0.00044474058 3.2408327e-05 3.170469e-05 9.656639e-06 1.9393852e-05 3.389875e-05 2.506045e-06 2.2169943e-05 2.8144945e-05 2.022894e-05 6.282547e-07 3.6257646e-07 4.6923637e-06 1.5106728e-05 3.1667805e-06 0.01252043 2.5677133e-08 1.7764961e-06 0.00016712463 3.7302406e-08 0.0035380677 8.1021926e-07 9.661798e-06 2.1430322e-05 0.01797047 0.021789817 1.9908503e-05 6.776328e-05 0.0117403045 0.013275444 9.502865e-06 1.6326098e-06 2.2868164e-06 4.4307234e-07 0.0046559987 0.00010147948 0.020118145
0.10060154 0.008627233 0.049378026 0.050834782 0.006002629 0.011856875 0.2868314 0.0023267774 0.116154626 0.02437643 0.38647878 0.0018898471 0.0013415018 0.0034279034 0.010212015 0.0021422456 0.007588704 0.6321027 0.00073572266 0.00047329272 0.00048032918 0.0008637346 0.0005765674 0.107303984 0.85862577 0.0001409583 0.0043661604 9.011929e-19 0.9636541 0.0007243412 0.0005267554 0.00022675516 8.0618825e-05 0.5145483 1.4137438e-05 0.11026736 0.0020352786 6.4589262e-06 4.679866e-05 0.52867144 0.0019716138 0.2426619 0.00080487307 3.166749e-05 5.8124124e-07 0.19620791 8.609507e-06 0.035851937 0.0014333697 0.001035065 3.5196467e-06 1.4917719e-05 7.1010896e-07 2.1815315e-06 1.5215471e-07 3.61533e-07 4.893025e-07 0.0009397818 1.6444403e-06 0.002275694 0.0008522125 4.7022297e-07 4.1288098e-05 2.2467393e-05 3.827838e-06 0.002044841 0.008407006 0.00029138054 9.839866e-07 0.0005130293 0.00016679951 2.1033975e-06 5.2873587e-05 1.1580156e-05 1.7489674e-06 2.5203944e-06 2.348325e-08 7.038216e-08 1.408893e-07 4.488774e-05 1.2667346e-06 1.56389e-07 5.493497e-07 1.3349227e-08 0.0009708109 4.842486e-07 1.70092e-05 1.5111452e-05 0.0004202427 0.01653948 1.094988e-05 7.745557e-07 0.00039570892 0.0012312297 2.0452745e-08 6.606586e-08 1.0647557e-05 6.9190214e-08 3.4693353e-06 5.6389536e-07 0.0011218351
0.26571545 0.0100047495 0.04331552 0.04799216 0.011196702 0.014797459 0.32426074 0.0012996981 0.15597363 0.035886202 0.41723683 0.002331104 0.00070829503 0.0033475684 0.008919138 0.0017138495 0.006583284 0.6570368 0.0007710381 0.00034726804 0.00026021767 0.00083876774 0.0004581928 0.17857514 0.8388707 5.4987377e-05 0.0041891 0.9636541 4.678536e-20 0.0006163283 0.00032953027 0.000105059866 9.669172e-06 0.6337399 1.3254821e-06 0.2029589 0.0029687409 5.178663e-07 1.9563136e-05 0.73579645 0.0030651502 0.37449655 0.00043459664 6.9375624e-06 9.94378e-08 0.46382284 5.470261e-06 0.08783653 0.0012371424 0.00052007247 3.9738796e-07 1.8194033e-06 6.888906e-08 9.0361925e-07 8.844969e-09 4.8067648e-08 1.10484905e-07 0.0009623116 7.56489e-07 0.0027145175 0.0015706542 4.535736e-08 2.848225e-05 1.3152116e-05 9.558623e-07 0.016412435 0.03555013 0.0008289824 8.95774e-08 0.0021735127 0.00206465 1.2635981e-07 0.00019188237 1.5065392e-05 1.0323136e-05 1.41978735e-05 3.511682e-09 1.0559041e-08 8.97979e-08 3.4145047e-05 8.1278595e-06 2.0901749e-07 7.5907406e-07 2.8890234e-08 0.0008117349 9.286831e-06 3.312301e-06 3.4756027e-05 0.00054072734 0.018647809 1.1315705e-06 1.3221093e-07 0.0003728221 0.0014827929 3.0964326e-08 3.9227103e-08 5.2941978e-06 1.5607068e-08 4.7036274e-06 2.7827923e-07 0.0017763987
0.9687526 0.03154557 0.005209098 0.002286892 0.007511997 0.0053196526 0.020852009 0.09159446 0.0007554959 0.095395 0.0011519828 0.00074104907 0.09069247 0.8822082 0.00033197075 0.10735519 0.02938192 0.0002297725 0.07850864 0.037115455 0.031669598 0.01618198 0.014989296 0.024945531 0.0040082727 0.013609314 0.7619303 0.0007243412 0.0006163283 4.875093e-18 0.012186612 0.029772507 0.0031646844 0.008595734 0.0019562314 9.633821e-05 0.014943609 0.012126039 0.0090630725 0.00092014205 0.9045547 2.5297173e-05 0.00045784924 0.029036475 0.0035578024 0.00014475189 0.00026077888 0.00073344936 0.67218673 7.665737e-05 0.0032481952 0.0018347229 0.0010748474 0.006229666 0.0019522228 0.0007116035 0.0004252582 0.25680846 0.0028225894 0.40479347 0.00025165998 0.00053968566 0.00023555252 0.09294904 0.0037175626 7.8633464e-05 1.3645787e-05 7.139177e-05 0.0014586666 0.0002526442 9.260865e-06 0.0006373483 0.00046530776 1.7873032e-05 3.2807905e-06 1.0490977e-06 5.166614e-06 5.8019843e-05 2.5509482e-06 0.040863484 1.4516225e-07 1.9654663e-06 0.00048507616 1.4341934e-07 0.006216568 9.318677e-07 4.3000848e-05 4.9962124e-05 0.01753564 0.0066046836 8.988372e-05 1.175965e-06 0.012111268 0.002239715 5.3740528e-06 7.4755803e-07 4.9803897e-05 1.5888222e-07 0.0055530835 0.0006400389 0.0045917616
0.43985212 0.0006296469 3.668459e-05 7.4803265e-06 2.1087291e-05 2.9554782e-05 0.00092903496 0.0008647294 2.2907507e-05 0.038536478 6.21036e-05 9.650166e-06 0.004398246 0.0031025 6.3795505e-06 0.01731001 0.03550251 9.123795e-06 0.06633503 0.065844536 0.83957875 0.32620123 0.6371348 0.30792004 0.00041773054 0.28983495 0.0013009687 0.0005267554 0.00032953027 0.012186612 2.3117758e-16 0.04016698 0.68003213 0.19576828 0.6498488 3.6914458e-05 0.000207618 0.054547034 0.013287785 0.009893402 0.052983608 0.00022310302 0.939975 0.01415539 0.19472434 0.031533297 0.7062969 0.58409244 0.015445276 0.42260593 0.022189971 0.0016663074 0.011770883 0.0021072899 0.005103685 0.012529735 0.06491119 0.030211514 0.0015362883 0.007880598 0.28483468 0.0040299096 0.2089547 0.0015121718 0.00037926206 0.1876377 0.016198501 0.033584 0.00013195594 0.13530864 0.002692467 0.00016545696 0.040615078 0.011099174 0.0015739537 0.0003251524 3.46895e-05 6.742536e-05 6.499637e-05 0.0006751796 5.288317e-05 1.2493818e-05 0.00024698948 2.6623006e-06 0.0059549627 1.5533646e-05 0.00015836918 0.0013484417 0.0006715891 0.00360461 0.0016385262 7.2753787e-06 0.0028606653 0.0004208611 8.815597e-07 3.396559e-06 0.00021650607 2.9459063e-06 0.00072523626 8.046052e-05 0.0028604188
