2.7629247e-28 0.52358764 0.93043405 0.8341719 0.4577192 0.73261553 0.6351376 0.81233096 0.47891757 0.8391735 0.4516768 0.49489677 0.962402 0.5530772 0.08658862 0.034504224 0.98498315 0.5857096 0.92063093 0.01986936 0.029834831 0.10140774 0.19649023 0.13543023 0.10670743 0.017967833 0.07464899 0.013226347 0.7466411 0.0067766677 0.5321378 0.80617046 0.028610608 0.0017124714 0.7443219 0.04711016 0.6862531 0.92298335 0.017806808 0.039431594 0.014069201 0.11321038 0.81048983 0.9678384 0.9964541 0.96270967 0.05283091 0.0054704184 0.048112016 0.9407759 0.011400765 0.05216158 0.0017788162 0.9273258 0.9001705 0.8059511 0.005515471 0.7530841 0.13049862 0.19667587 0.9187662 0.059770156 0.9499874 0.11579276 0.0077397465 0.9694304 0.9973036 0.004632893 0.9610172 0.9954935 0.00037626774 0.59319526 0.42537293 0.005886904 0.5218033 0.9993113 0.10191202 0.0008328403 0.04210463 0.99912095 0.9986439 0.9968543 0.003475187 0.002106209 0.0063216044 0.9997764 8.8839505e-07 0.9945862 1.7298463e-06 6.51454e-08 0.00089806656 0.6487963 0.9124692 0.9914094 6.794706e-05 2.3505532e-07 0.97900045 3.7832354e-08 0.07298055 1.753935e-06 0.9996632
0.52358764 1.4468413e-19 0.8566255 0.66126275 0.8764156 0.40566885 0.64392394 0.32039827 0.055570222 0.03495631 0.08764135 0.028276423 0.102347896 0.3050729 0.0037083863 0.103976324 0.06529874 0.0012917514 0.0043830737 0.0020609575 0.018488307 0.0008644895 0.0009479098 0.0011493316 0.0011128288 0.005176337 0.0003438746 0.013464461 0.0008347304 0.0007620342 0.00014349316 0.029952122 0.0034032091 0.005732069 0.0010656279 0.00040424598 0.008351381 0.0011305114 0.011654575 0.00011438265 0.00032918822 0.009989043 0.0003962712 0.0053818435 0.024787225 0.0003072597 0.00016196175 8.740381e-05 5.8085836e-05 0.0001537466 0.00012662659 6.277457e-05 0.0001435738 9.995761e-06 2.7762744e-05 9.801962e-05 0.00046987183 2.695505e-06 1.7736631e-05 1.021479e-06 0.018085077 1.2821677e-06 0.00739491 1.8420415e-07 9.792586e-06 0.008240014 0.07015319 7.69535e-05 3.8676485e-06 0.008699915 1.4589046e-05 7.343295e-06 1.1389277e-05 5.9397047e-07 1.9266787e-08 0.0023613982 2.4433765e-08 1.0560441e-06 4.0289923e-08 0.0032585985 2.8533934e-05 0.00028491393 7.000902e-08 1.4831309e-06 1.9992252e-07 5.4972143e-06 6.55571e-08 2.5921072e-05 5.756731e-08 2.2960327e-07 9.346753e-08 0.022156153 0.080776535 0.02327065 1.5503174e-07 2.0640345e-08 0.004056697 7.10284e-08 1.42339145e-08 3.3288057e-08 0.0049430653
0.93043405 0.8566255 1.0355271e-18 0.88788015 0.5986469 0.2672048 0.37728107 0.5738651 0.04503259 0.039970808 0.052545138 0.019488906 0.1851147 0.37102968 0.002707134 0.05007725 0.23447321 0.0011737042 0.0068753604 0.001825222 0.0057450607 0.00090409094 0.0011073726 0.0017269496 0.0014963564 0.003214113 0.0005823171 0.00900857 0.00080020097 0.0006707986 0.0001706388 0.06260787 0.002947674 0.002007129 0.0013970986 0.00088490965 0.012212609 0.0028717539 0.013330128 0.00056212005 0.00049139385 0.013682111 0.00038009867 0.012962076 0.100196004 0.0005381358 0.00064997957 9.4201016e-05 0.00032706631 0.00037551977 0.00025771416 0.0002574982 0.00018314851 1.2669091e-05 2.9971456e-05 0.00034351207 0.0007378439 3.3934216e-06 8.79791e-05 1.7477286e-06 0.06976073 2.2173917e-05 0.016502313 4.9792266e-07 5.8887796e-05 0.040957574 0.3695764 6.379415e-05 5.57343e-06 0.04671619 1.5027726e-05 1.2778227e-05 7.661586e-05 1.6178512e-06 4.4200977e-08 0.007980161 3.2589586e-08 3.4628004e-06 5.535719e-08 0.010744991 0.00016394562 0.00093652686 6.993565e-07 6.1615633e-06 6.685938e-07 2.847481e-05 1.212292e-07 3.3476288e-05 5.192447e-08 8.906669e-07 6.605871e-07 0.036756214 0.1068003 0.080006555 2.2695752e-07 2.1353061e-07 0.009557366 5.0127016e-07 3.6709448e-08 5.504803e-07 0.010308877
0.8341719 0.66126275 0.88788015 1.3206199e-18 0.5609807 0.42137155 0.3411786 0.81058323 0.15982793 0.2611933 0.19943635 0.09541748 0.39431468 0.08478239 0.01834662 0.08387154 0.45054612 0.008203366 0.04702411 0.01159203 0.02871937 0.0069619603 0.006988016 0.007542261 0.0064960746 0.021725088 0.00414594 0.019774543 0.004428759 0.0031538918 0.0027860003 0.022871498 0.018152596 0.0067010135 0.015363411 0.003949174 0.0066234465 0.008414474 0.0063850447 0.0030072553 0.002074035 0.0067862193 0.0032216592 0.04904411 0.24055795 0.0025854574 0.003595061 0.00035200597 0.0012020799 0.0014377973 0.0012945064 0.002239507 0.0004390135 9.5394076e-05 0.00024386254 0.0015984343 0.0030249653 1.9903413e-05 0.00013049225 5.894783e-06 0.031217622 7.693626e-05 0.0083440095 2.8147697e-06 7.384268e-05 0.01965243 0.21885605 0.0005289543 4.493914e-05 0.04243122 0.00010984873 3.4512796e-05 0.00014808952 5.8852556e-06 3.69439e-07 0.011726442 1.6390739e-07 1.0932089e-05 2.0223845e-07 0.0103811035 0.0005613815 0.0047149337 2.9981218e-06 1.762494e-05 1.6551596e-06 0.00011204638 7.303342e-07 0.00014184794 9.822047e-08 2.2805984e-06 1.7978175e-06 0.019344104 0.044581834 0.025285024 4.0805787e-07 4.504658e-07 0.011369511 1.4316114e-06 4.2425214e-08 9.11392e-07 0.0071200337
0.4577192 0.8764156 0.5986469 0.5609807 2.8537964e-20 0.7424669 0.851374 0.3674874 0.12416283 0.07714082 0.30255008 0.08889709 0.15936458 0.13848357 0.019181216 0.26634035 0.10711657 0.0015728973 0.008666159 0.010200145 0.08984919 0.001149472 0.0015482482 0.0021169442 0.0017233012 0.025317298 0.00060675276 0.037769668 0.0015600588 0.0016916441 0.00023829662 0.01631473 0.009592417 0.014237664 0.0022177612 0.0012849973 0.004182444 0.0019328074 0.004278623 0.00037230068 0.0011250327 0.004612068 0.0004649549 0.0052814228 0.025177509 0.0003981862 0.00041287878 0.000695945 0.00013195355 0.00025885215 0.00048712755 9.600886e-05 0.0005835396 1.1370003e-05 3.0216208e-05 9.546343e-05 0.0020299265 4.20709e-06 2.5778729e-05 1.859119e-06 0.008824392 1.3042519e-06 0.0031516908 4.4657466e-07 1.1238556e-05 0.0046183052 0.04655143 0.0006272786 2.9994317e-06 0.0060429797 8.6008375e-05 1.5668697e-05 3.3371958e-05 7.244109e-07 7.3354265e-08 0.0020905868 1.2721247e-07 2.770552e-06 7.112466e-08 0.0027183734 2.3994504e-05 0.00028797236 6.2048684e-08 6.1742517e-06 2.6619134e-07 1.1037203e-05 1.7619442e-07 3.5825633e-05 2.0626618e-07 4.3483874e-07 1.1732268e-07 0.02255504 0.0683786 0.021137998 2.4615647e-07 2.1961643e-08 0.011765306 4.893228e-08 4.0103846e-08 7.269033e-08 0.005402676
0.73261553 0.40566885 0.2672048 0.42137155 0.7424669 3.925445e-18 0.79280084 0.3542667 0.34123483 0.29522064 0.8632722 0.33588463 0.18490018 0.008311669 0.13705122 0.20355198 0.12782967 0.01181665 0.046035368 0.09258901 0.23558044 0.004429087 0.0024192985 0.0022476516 0.0021225146 0.10850926 0.002305911 0.05582301 0.001771009 0.009084058 0.00092093955 0.006279541 0.078224756 0.025807247 0.0040048263 0.0017157635 0.0027128614 0.0041113584 0.0016703589 0.00048462558 0.0025052864 0.0006905074 0.0013739035 0.020948313 0.039818954 0.00076190295 0.0007520495 0.01972293 0.00022276625 0.0004723978 0.0009475635 0.00054175995 0.016442258 7.96933e-06 2.2230071e-05 0.0002756379 0.0068965917 1.1180285e-05 2.5367353e-05 5.437973e-07 0.0066547142 2.2334772e-05 0.0023490365 1.9042895e-07 9.469082e-05 0.0049623833 0.051983487 0.0013876138 1.3880365e-06 0.009792928 0.0009446249 5.924303e-06 1.4466004e-05 1.1075515e-06 6.369419e-09 0.0060594645 2.8063918e-09 2.0285e-05 7.1171438e-09 0.0022376752 4.1556796e-05 0.0034928266 7.3519686e-08 1.403945e-05 6.359215e-08 2.6439026e-05 7.014605e-07 2.4857662e-05 2.2689987e-06 6.1490687e-07 4.239383e-08 0.0174405 0.04015187 0.028263757 7.6284664e-08 4.7306816e-08 0.0154102435 4.8254606e-07 6.2017804e-08 1.5819104e-08 0.008093301
0.6351376 0.64392394 0.37728107 0.3411786 0.851374 0.79280084 1.0993984e-18 0.17702074 0.05637676 0.023944432 0.4191149 0.039161902 0.08552307 0.16835381 0.013852636 0.62243605 0.050672516 0.00042811214 0.0030054306 0.008253725 0.19119969 0.00029502783 0.00023476603 0.00025650117 0.0002891201 0.059985023 0.0003592523 0.1657725 0.00037965123 0.0010332124 6.1699815e-05 0.03376269 0.05784587 0.07801682 0.0010888078 0.0002006523 0.008482714 0.0009328742 0.01585292 4.2564283e-05 0.00043390153 0.0073752147 0.00021312831 0.0041553294 0.0096847415 0.00013114787 0.00024548775 0.0032539624 4.215156e-05 0.0004681359 7.3553536e-05 4.7916452e-05 0.012214029 1.1967506e-06 5.31929e-06 0.00021202445 0.0016104163 3.2699425e-06 3.7292717e-05 3.61371e-07 0.012483672 1.0661112e-05 0.005936443 8.183868e-08 0.00015509881 0.007113457 0.051112775 0.00017246231 6.654336e-07 0.0063921427 0.00022967655 2.2727161e-05 0.00011365477 1.3637231e-06 5.8755005e-09 0.0023854563 2.2918738e-09 4.5373204e-06 1.0871304e-08 0.0050269584 3.8493013e-06 0.002431437 5.979366e-08 4.1989133e-06 7.645392e-08 3.1503548e-06 3.0524546e-07 8.176559e-06 1.3857417e-06 7.243121e-07 3.0872965e-07 0.0841123 0.26811162 0.06629861 6.909144e-08 2.2468646e-08 0.039280087 4.1494576e-07 2.2761917e-08 1.9040545e-08 0.016532274
0.81233096 0.32039827 0.5738651 0.81058323 0.3674874 0.3542667 0.17702074 1.327291e-19 0.39809382 0.7320203 0.19449724 0.24526891 0.866314 0.048966903 0.047205336 0.06845739 0.5736852 0.088204086 0.19660848 0.060875516 0.04663262 0.05593773 0.033962954 0.045183264 0.040489513 0.046503175 0.014665205 0.016725412 0.016991869 0.02020418 0.017789962 0.03421373 0.024471961 0.0095913 0.057237957 0.027627075 0.011955056 0.019568937 0.017851468 0.027292429 0.014358619 0.0096904095 0.051696178 0.1418671 0.39913636 0.015293915 0.038802322 0.001123725 0.01510549 0.004560336 0.007551373 0.022457344 0.00038548763 0.0024285645 0.003446481 0.0080665285 0.0094648525 0.0009207934 0.0024686446 0.0003322086 0.06511889 0.0033064703 0.015379067 0.00017990901 0.00078347937 0.07390437 0.26078245 0.0048236097 0.0003164945 0.22300945 0.00042256538 0.00013199192 0.00077294937 4.1212876e-05 1.5326723e-05 0.057771046 7.527896e-06 2.0560514e-05 7.1551635e-06 0.04896619 0.0059040664 0.02971675 7.913186e-05 3.404026e-05 2.2978882e-05 0.0010794187 2.2570143e-06 0.0004262357 1.2635746e-06 8.748683e-06 8.042749e-06 0.025100114 0.052778587 0.030952752 1.0039846e-06 2.3662014e-06 0.029626314 2.8572886e-06 8.950418e-07 2.199579e-06 0.009091185
0.47891757 0.055570222 0.04503259 0.15982793 0.12416283 0.34123483 0.05637676 0.39809382 2.7056964e-19 0.7005249 0.4553202 0.8977589 0.22365831 0.0038601756 0.2301125 0.031551156 0.20218948 0.13040741 0.19302742 0.2309876 0.09786295 0.14829575 0.035454877 0.03522852 0.056367427 0.11613213 0.033255085 0.012452845 0.02558514 0.057094805 0.02773791 0.0019820912 0.041891202 0.0089109605 0.062846735 0.053144936 0.0008394367 0.014587426 0.0008127771 0.024114275 0.039198123 9.746044e-05 0.027841555 0.038833972 0.063991435 0.007069896 0.008173684 0.015570571 0.0038071908 0.0027973752 0.012577996 0.0061149145 0.0023444016 0.00037267277 0.0005052627 0.00173615 0.024010243 0.00041495753 0.00045451918 3.0358315e-05 0.0022710501 0.00025977928 0.0007308136 7.1968752e-06 0.00034532172 0.00223804 0.015949693 0.0061539067 4.33435e-06 0.0046981107 0.0010843137 1.1561628e-05 5.7575086e-05 8.420406e-06 6.3675185e-07 0.0033939076 2.3208256e-07 0.0001729452 2.86675e-07 0.0005093146 0.00053369097 0.0023093428 2.0463028e-06 8.136651e-05 2.5180568e-06 9.1723145e-05 3.9775555e-06 0.00010656228 2.9435234e-05 7.0681426e-06 6.4352946e-07 0.0033192644 0.011859896 0.003463998 1.8279845e-06 5.1197105e-07 0.0030370855 1.5304892e-06 1.2906825e-07 1.2503938e-07 0.0018509168
0.8391735 0.03495631 0.039970808 0.2611933 0.07714082 0.29522064 0.023944432 0.7320203 0.7005249 5.6959724e-19 0.28957382 0.6115841 0.65678024 0.0029762192 0.098822005 0.006347575 0.42013904 0.758087 0.66743773 0.08816302 0.025069457 0.22095004 0.145444 0.1309654 0.12528382 0.059003234 0.052042294 0.004608417 0.084039 0.049554788 0.06611525 0.0020631778 0.03520503 0.0028606167 0.096458025 0.07303175 0.0013054074 0.032651335 0.000725867 0.019551998 0.03819589 0.0001858417 0.08151233 0.10488718 0.21563855 0.024007628 0.018185118 0.01052449 0.007125933 0.0019437096 0.0105553735 0.01027231 0.0014517203 0.0014066523 0.0017142212 0.003411115 0.024981437 0.00083553116 0.0005155832 8.7215456e-05 0.0060097408 0.001224555 0.0024294553 2.2339991e-05 0.00069690775 0.0044786846 0.057241492 0.0035258809 0.000109952365 0.01852073 0.0008685126 2.1841099e-05 0.00023575792 4.430413e-06 3.6364354e-06 0.015454581 3.8450688e-07 4.3814016e-05 1.1580195e-06 0.0010416692 0.0030730849 0.0037544242 1.0512265e-05 3.216302e-05 1.991206e-06 0.00027449703 2.5486356e-06 0.00020166599 6.3607913e-06 4.0576233e-06 2.3823166e-06 0.006352699 0.023132887 0.0041333465 1.166064e-06 3.3232376e-07 0.0040148795 8.1921183e-07 5.7883746e-08 1.9871548e-07 0.0041740183
0.4516768 0.08764135 0.052545138 0.19943635 0.30255008 0.8632722 0.4191149 0.19449724 0.4553202 0.28957382 2.1376169e-18 0.60188067 0.09317434 0.0024013186 0.68168455 0.13334404 0.069027215 0.024727458 0.058840528 0.5776074 0.5908153 0.050188858 0.0052171 0.0036044056 0.0058940523 0.5844961 0.03321446 0.09471336 0.0058333767 0.08111297 0.0040855166 0.0019311613 0.33578733 0.059166726 0.00877919 0.0034123058 0.0010788392 0.006035109 0.00019457217 0.0007309254 0.00551413 4.6121426e-05 0.003985494 0.023598181 0.018245617 0.0015588541 0.00038278915 0.15162465 0.00011112163 0.0002827981 0.0009539604 0.00019599128 0.06398254 1.5035609e-05 1.795221e-05 0.00014663217 0.015638446 2.0750565e-05 2.2674294e-05 7.4357763e-07 0.0017025721 7.4574195e-06 0.0006683172 4.8378528e-08 2.3456047e-05 0.0016282616 0.010327691 0.001664603 2.8713578e-07 0.0011004916 0.015580591 3.4937608e-07 1.5770044e-06 1.8949609e-06 8.0641644e-09 0.0019608152 2.4281879e-09 5.923812e-06 2.1067239e-08 0.00033039882 1.4671308e-05 0.0019118278 9.584789e-08 3.7639027e-06 2.2158382e-07 1.8118153e-05 3.5042806e-06 7.244555e-06 3.0092708e-06 8.520788e-07 1.1526024e-07 0.004479691 0.011363993 0.003747844 1.561154e-07 3.94638e-08 0.00585089 1.6774186e-07 6.154574e-08 1.2481902e-08 0.0030295947
0.49489677 0.028276423 0.019488906 0.09541748 0.08889709 0.33588463 0.039161902 0.24526891 0.8977589 0.6115841 0.60188067 6.385047e-21 0.15893142 0.0018561207 0.42287758 0.02528402 0.19914714 0.13806666 0.172323 0.46712086 0.14510176 0.24922979 0.03586648 0.03201459 0.060827263 0.18737951 0.08567476 0.010447075 0.022787828 0.16039269 0.023471415 0.0006960808 0.062843055 0.007260782 0.06639382 0.05853198 0.00042778233 0.016357379 0.0003124146 0.013179528 0.056052294 4.6135105e-05 0.023130858 0.034442928 0.061213803 0.0067969263 0.0052118283 0.04982862 0.0019321154 0.0020020846 0.0086492 0.0031576538 0.006987109 0.00023040667 0.00042851077 0.0018325964 0.030665465 0.00022177506 0.00027587693 7.5411244e-06 0.0009924336 0.000115001414 0.00028397425 1.2687476e-06 0.00017606938 0.0016396516 0.009442611 0.011736763 1.6896214e-06 0.0020715888 0.003123638 8.393907e-06 3.6391368e-05 2.034443e-06 1.6672975e-07 0.0041660126 4.2920313e-08 9.120267e-05 7.2350204e-08 0.00035975507 0.00043186423 0.0066304803 5.4591476e-07 2.0252799e-05 4.5170907e-07 0.00022153048 6.0716807e-06 6.000511e-05 3.1119886e-05 4.8575203e-06 4.428835e-07 0.004946772 0.0074531725 0.003749515 2.83862e-07 8.240539e-08 0.002601905 6.880709e-07 7.785069e-08 1.6364616e-08 0.0024441984
0.962402 0.102347896 0.1851147 0.39431468 0.15936458 0.18490018 0.08552307 0.866314 0.22365831 0.65678024 0.09317434 0.15893142 9.045958e-19 0.02650438 0.035841953 0.02225982 0.8203873 0.12819542 0.5448548 0.046083324 0.019564861 0.0690178 0.043558165 0.055628423 0.05280828 0.031862117 0.029490964 0.0074196137 0.03950518 0.023725793 0.037480164 0.017398305 0.014034546 0.0028185209 0.16913828 0.06023864 0.0061622574 0.048170343 0.0073162606 0.05918235 0.028819267 0.0043789167 0.119229265 0.2372755 0.50220734 0.02545637 0.08388772 0.0032196213 0.03394894 0.00887881 0.024037415 0.058309514 0.00047164605 0.003767868 0.0041055614 0.008045305 0.022626765 0.0018610855 0.004507774 0.00066073047 0.029957192 0.005296673 0.0060376106 0.00041775082 0.0028409737 0.0354141 0.24842186 0.0116446 0.0002242004 0.26721728 0.0007525771 0.00011072505 0.001300955 9.522085e-05 5.3064734e-05 0.09735504 1.6097338e-05 0.0003746768 1.8036195e-05 0.038601648 0.015067435 0.04482471 0.00013434145 0.000202396 4.4765173e-05 0.0032641487 1.4524382e-05 0.0006032652 1.6146152e-05 5.968693e-05 1.2421359e-05 0.014679427 0.03103018 0.017639536 6.351202e-06 1.20420655e-05 0.01816303 3.8530605e-05 3.2390603e-06 1.4238633e-05 0.009942862
0.5530772 0.3050729 0.37102968 0.08478239 0.13848357 0.008311669 0.16835381 0.048966903 0.0038601756 0.0029762192 0.0024013186 0.0018561207 0.02650438 1.5493732e-16 0.0007352713 0.060976572 0.023839366 0.00039073543 0.0013002015 0.000378474 0.0013340785 0.000112686124 0.00015740114 0.00014074179 0.00021156031 0.00053939567 5.0466522e-05 0.004833305 7.519433e-05 0.00013929138 9.050221e-06 0.91949135 0.0006716413 0.001391482 0.00055354694 8.511497e-05 0.77991915 0.00018591085 0.6436271 3.4402117e-05 0.00032298098 0.49676266 3.327268e-05 0.00015527819 0.014344248 9.38079e-05 6.1600564e-05 0.00012680376 1.831589e-05 8.222151e-05 0.000114004 1.831189e-05 0.00016678788 8.715988e-06 2.5120591e-05 3.9781346e-05 0.0007303708 6.17054e-07 8.980065e-06 3.6210062e-07 0.58146495 1.2436313e-06 0.50640494 4.9315684e-08 2.4135785e-05 0.20965841 0.20709798 5.167089e-05 8.353136e-07 0.02705693 8.46462e-05 3.9598405e-07 3.9085508e-06 1.5495132e-07 9.747726e-09 0.0010490607 2.0116271e-08 3.5669185e-05 1.2976353e-08 0.019966545 1.2752532e-06 0.00014708035 1.7769755e-08 1.8229439e-05 1.48620325e-08 3.6810644e-07 7.5459184e-07 9.4233485e-08 3.352728e-07 1.95643e-06 6.535822e-08 0.33466744 0.4817838 0.37825358 3.1181617e-07 3.3206237e-07 0.029179938 1.258889e-07 1.0746367e-09 2.0725369e-07 0.043231774
0.08658862 0.0037083863 0.002707134 0.01834662 0.019181216 0.13705122 0.013852636 0.047205336 0.2301125 0.098822005 0.68168455 0.42287758 0.035841953 0.0007352713 1.9916999e-21 0.021512086 0.03229469 0.026332466 0.03526294 0.8784036 0.41417927 0.12943555 0.0113342395 0.009844954 0.021072865 0.4851633 0.13518442 0.013892438 0.012553782 0.32321227 0.011019225 0.00011671821 0.20180993 0.010905486 0.008523397 0.022467807 0.0001095795 0.00581085 4.2628835e-05 0.0019686737 0.03456119 4.287327e-06 0.005813655 0.009512568 0.0053105643 0.0008196668 0.00067509135 0.24730495 0.00019472069 0.00023209001 0.0030816225 0.0007411133 0.03861245 3.529797e-05 3.473558e-05 0.00022804114 0.03456331 3.142255e-05 0.0001282383 9.395777e-07 0.00012632855 1.0860139e-05 1.8950304e-05 2.2614603e-07 5.551667e-05 0.00030268627 0.0016124587 0.0089594 6.105757e-07 0.00060834613 0.019541442 1.8916908e-06 3.8059104e-06 1.3424833e-06 9.413249e-09 0.0015580017 5.8622023e-09 4.950179e-05 1.9051406e-08 6.4156484e-05 7.324707e-05 0.0019151024 2.749606e-07 5.7253424e-06 1.1677849e-07 5.9963986e-05 2.1002115e-05 1.326626e-05 6.5625514e-05 5.1763045e-06 2.2013133e-07 0.0016118184 0.0037703933 0.0009613108 1.2853306e-07 1.03700536e-07 0.00046463395 2.2312215e-06 5.5483405e-08 2.0475268e-08 0.00068702386
0.034504224 0.103976324 0.05007725 0.08387154 0.26634035 0.20355198 0.62243605 0.06845739 0.031551156 0.006347575 0.13334404 0.02528402 0.02225982 0.060976572 0.021512086 9.450548e-19 0.0086335745 0.00037443606 0.00034905522 0.015326307 0.35038722 0.0011964483 0.00051079213 0.00031695396 0.0007742574 0.16147004 0.0005871605 0.68346804 0.00017119985 0.0030178654 4.77546e-05 0.0071106018 0.22434959 0.5275961 0.0006622764 0.0003026196 0.002536062 0.00014578525 0.014851276 0.00011041977 0.00045457855 0.004939189 0.00014041706 0.00024318 0.0010963214 1.9221927e-05 0.00020173888 0.011577573 5.3861073e-05 3.8061484e-05 0.00019225053 4.9263956e-05 0.03979995 6.8203854e-06 1.5792446e-05 1.8227387e-05 0.0026312338 5.4806414e-06 5.734083e-05 3.0783779e-06 0.0020882513 2.1377523e-06 0.0015199954 3.481305e-07 2.2592272e-05 0.003150513 0.0051572877 0.00039746458 1.2625075e-06 0.0029951828 0.00055112253 1.4885609e-06 3.0190583e-06 5.1282086e-07 2.068769e-07 0.0002768635 3.9590454e-08 2.6399266e-07 8.938045e-08 0.0033566088 2.4771023e-07 3.6652695e-05 7.1833185e-08 7.8786064e-07 1.1243906e-07 2.9421426e-07 9.06283e-08 3.7610556e-07 2.9927683e-06 4.4992825e-07 4.2694474e-08 0.04327846 0.2376094 0.009588978 6.1885466e-08 1.083388e-08 0.01226418 3.9067093e-08 8.056985e-09 1.2912506e-08 0.0008669382
0.98498315 0.06529874 0.23447321 0.45054612 0.10711657 0.12782967 0.050672516 0.5736852 0.20218948 0.42013904 0.069027215 0.19914714 0.8203873 0.023839366 0.03229469 0.0086335745 8.5208407e-19 0.18856351 0.56883174 0.027021632 0.005715134 0.07227671 0.074799314 0.07665083 0.062111285 0.008073859 0.029310383 0.0008747865 0.111941636 0.015641334 0.112809144 0.018210405 0.0026548416 0.00042082515 0.2963888 0.043246806 0.00404645 0.15818876 0.003531398 0.04004582 0.014677901 0.0006396213 0.2174559 0.4295763 0.73112464 0.087404214 0.05671647 0.0018974283 0.03028625 0.017565347 0.00579381 0.0217774 5.814176e-05 0.0060551176 0.006781358 0.010305612 0.0074543837 0.0031151227 0.0031683878 0.00016392827 0.017645352 0.0028017634 0.003482305 4.43622e-05 0.0006380826 0.030161126 0.2753156 0.0017215143 0.00015988352 0.3194765 0.000123774 2.830003e-05 0.00021077432 1.2639839e-05 1.9688217e-05 0.28541508 4.122728e-06 1.899034e-05 5.601111e-06 0.08633544 0.047920093 0.22848757 1.2815009e-05 1.0493705e-05 8.42149e-06 0.008831699 2.9434646e-05 0.0007980317 9.400139e-06 3.208891e-05 8.188951e-06 0.008655062 0.027407825 0.022816898 6.883281e-07 2.1830135e-06 0.026373148 1.849729e-05 1.10678336e-07 1.4096395e-06 0.012892131
0.5857096 0.0012917514 0.0011737042 0.008203366 0.0015728973 0.01181665 0.00042811214 0.088204086 0.13040741 0.758087 0.024727458 0.13806666 0.12819542 0.00039073543 0.026332466 0.00037443606 0.18856351 1.9544867e-23 0.8259957 0.057315934 0.0029764504 0.5534384 0.8665069 0.8295491 0.7232119 0.014794214 0.1892134 0.00036335827 0.5628486 0.09364001 0.623797 2.0731399e-05 0.009011774 0.00014259267 0.5486709 0.34573475 1.8218092e-05 0.24090405 9.261457e-06 0.086295865 0.18802139 1.4237281e-06 0.12871383 0.07251281 0.07423044 0.081594914 0.0113070225 0.02471412 0.006177748 0.0058400333 0.017322114 0.013664676 0.000541369 0.0014510613 0.001045615 0.0019546417 0.044013083 0.0004903747 0.00092701043 2.8526236e-05 0.00077347114 0.00024280134 2.2564624e-05 8.13726e-06 0.0004205614 0.0006693004 0.0038640874 0.014595762 5.2264568e-05 0.001344988 0.00070967164 2.6910522e-05 0.0003224473 1.4557955e-05 2.3019008e-06 0.0057464167 2.9454074e-07 0.00020198473 9.286198e-07 5.1214443e-05 0.0051405504 0.0046357643 2.7665733e-06 3.9886912e-05 7.6625645e-07 0.0005353173 6.4497516e-07 0.00019564843 2.8494082e-06 8.3909094e-07 5.7185406e-07 0.00076941587 0.0041378425 0.00074537296 1.1596926e-06 7.4944865e-08 0.0005969516 7.889377e-08 1.9438986e-08 9.781497e-08 0.0013331139
0.92063093 0.0043830737 0.0068753604 0.04702411 0.008666159 0.046035368 0.0030054306 0.19660848 0.19302742 0.66743773 0.058840528 0.172323 0.5448548 0.0013002015 0.03526294 0.00034905522 0.56883174 0.8259957 6.0330604e-19 0.04575399 0.0038174104 0.27452955 0.33665255 0.38266963 0.3022395 0.012945299 0.13101883 0.00012408817 0.39289874 0.046940032 0.29895386 0.00046745673 0.0051158164 0.00018038422 0.8282813 0.15635052 0.00023293261 0.5944806 2.366451e-05 0.072168134 0.08070537 4.232336e-05 0.3591021 0.29279202 0.4387339 0.14990221 0.06450354 0.019274442 0.027427342 0.03648991 0.01940278 0.041854884 0.0001184377 0.0045426483 0.004312518 0.005586002 0.034349866 0.0051912526 0.002806458 0.0004594151 0.0021569573 0.0020376022 0.00068245566 9.478631e-05 0.0012566844 0.002375567 0.03424625 0.014930488 0.0004644729 0.056032185 0.00031761662 0.00010395736 0.0004704733 1.16763795e-05 5.6212994e-05 0.058790527 4.3072937e-06 0.00013902663 8.461936e-06 0.002820281 0.039180744 0.06790988 1.4599582e-05 2.1533986e-05 2.2773797e-06 0.008629315 1.8212027e-05 0.0014722679 1.8558905e-05 4.7351414e-06 1.4027853e-06 0.0029919152 0.004516712 0.0030932971 9.9147854e-08 4.5161386e-07 0.005253405 2.53479e-06 3.9183453e-07 3.8082865e-07 0.0039788783
0.01986936 0.0020609575 0.001825222 0.01159203 0.010200145 0.09258901 0.008253725 0.060875516 0.2309876 0.08816302 0.5776074 0.46712086 0.046083324 0.000378474 0.8784036 0.015326307 0.027021632 0.057315934 0.04575399 7.271671e-22 0.36678916 0.23711628 0.024852911 0.02061125 0.044259835 0.4267676 0.2763316 0.010875279 0.012615393 0.6625607 0.013003163 2.1574067e-05 0.13229647 0.007934356 0.011688837 0.03689237 5.6498917e-05 0.008873486 6.863659e-06 0.0050593624 0.04991601 7.838957e-06 0.0070347544 0.008794358 0.0069471076 0.001600379 0.0016884898 0.23692654 0.0005940161 0.00043307015 0.0065613566 0.0011635562 0.013432519 0.00012124845 9.58495e-05 0.00017698319 0.044820968 0.00013949 7.014078e-05 6.2185004e-06 0.00036515406 7.5632925e-06 6.375789e-05 5.5383356e-07 2.65257e-05 0.00032784542 0.0010856718 0.008251042 1.2522382e-06 0.00033562697 0.012833453 2.2853492e-06 4.5524293e-06 1.2746174e-06 3.2991528e-07 0.00090090116 9.55407e-08 4.5094464e-05 1.1454152e-07 0.0002421952 5.901817e-05 0.001737485 1.1903428e-07 1.972982e-06 3.37932e-07 8.986427e-05 0.00010646659 8.40202e-06 3.5144065e-05 7.6043884e-06 3.4453514e-08 0.001435161 0.0014366185 0.0007264435 1.4583634e-07 6.209403e-08 0.00044718818 1.7110532e-06 1.06023144e-07 2.3579027e-08 0.00031949772
0.029834831 0.018488307 0.0057450607 0.02871937 0.08984919 0.23558044 0.19119969 0.04663262 0.09786295 0.025069457 0.5908153 0.14510176 0.019564861 0.0013340785 0.41417927 0.35038722 0.005715134 0.0029764504 0.0038174104 0.36678916 6.945453e-23 0.011800382 0.002952986 0.0027468977 0.0038949694 0.8337005 0.011896479 0.1692578 0.0023863995 0.05712826 0.0017452952 0.00022911606 0.5925696 0.32299528 0.00076224667 0.0031519479 0.00017081806 0.0015108428 3.6167858e-05 0.000351188 0.0047427868 4.9891798e-05 0.00042053615 0.0017285759 0.0011478211 2.638356e-05 0.00012389659 0.11307595 4.7187845e-05 2.2592874e-05 0.00091012527 0.00018134166 0.04628051 1.5696156e-05 1.7124728e-05 1.1854714e-05 0.009442368 1.1605994e-05 9.668618e-06 1.1577522e-06 0.0005727678 2.6778807e-07 0.00014405465 3.940686e-08 5.4914035e-06 0.0006773023 0.0017005324 0.0020954462 4.1617196e-07 0.0002828898 0.009801991 3.3994576e-07 1.2518227e-06 3.3856682e-07 8.667959e-08 0.00050274836 1.6758348e-08 7.830304e-06 2.8955993e-08 0.00010958514 1.4904887e-06 1.5942696e-05 1.4970285e-08 2.1123087e-06 7.650163e-08 5.57695e-06 1.6647814e-06 1.3782056e-06 3.0456927e-06 1.3722448e-06 1.3653107e-08 0.0022787715 0.030305926 0.0005528236 4.470086e-08 1.32403155e-08 6.9171656e-05 6.652867e-08 2.1392673e-08 8.522444e-09 0.00014272126
0.10140774 0.0008644895 0.00090409094 0.0069619603 0.001149472 0.004429087 0.00029502783 0.05593773 0.14829575 0.22095004 0.050188858 0.24922979 0.0690178 0.000112686124 0.12943555 0.0011964483 0.07227671 0.5534384 0.27452955 0.23711628 0.011800382 1.2508608e-21 0.39338318 0.30103683 0.79901534 0.022907123 0.7763948 0.0005088953 0.15394968 0.55264574 0.18827839 1.9408766e-05 0.009911932 0.00028120464 0.11355419 0.52978724 1.543484e-05 0.04005019 3.5942724e-06 0.1009114 0.34900585 2.6568982e-06 0.042643778 0.02192456 0.016744116 0.020822031 0.0057320413 0.07233925 0.003287749 0.0033443342 0.029553853 0.0075327763 0.001633803 0.001636798 0.0013058126 0.0021011534 0.07841054 0.00067485 0.00047008108 5.556323e-05 0.00022048842 0.00019614499 1.6666823e-05 6.9514836e-06 0.00034471563 0.00029686236 0.00081212627 0.019877343 2.8756192e-05 0.00034102076 0.0030885956 8.4143016e-05 0.00024163342 6.017896e-06 1.9078861e-06 0.00094108353 2.7592517e-07 0.00030796436 4.0951747e-07 0.00013202026 0.00038204444 0.0052828426 9.729143e-07 2.0627704e-05 5.9084226e-07 0.00021494868 1.1741245e-05 4.1486506e-05 2.9016745e-05 5.8309643e-06 3.8474312e-07 0.0014219235 0.0022117994 0.00041867298 2.7789523e-07 8.715637e-08 0.0005007425 1.1678768e-06 2.931181e-07 6.5048425e-08 0.00048890215
0.19649023 0.0009479098 0.0011073726 0.006988016 0.0015482482 0.0024192985 0.00023476603 0.033962954 0.035454877 0.145444 0.0052171 0.03586648 0.043558165 0.00015740114 0.0113342395 0.00051079213 0.074799314 0.8665069 0.33665255 0.024852911 0.002952986 0.39338318 5.961653e-21 0.85483783 0.75285864 0.0068622264 0.13585906 0.00029729414 0.3670741 0.061697803 0.48344028 3.0079005e-05 0.004256956 0.0001725156 0.23552004 0.35487115 1.4224911e-05 0.10339542 1.8076565e-06 0.17138763 0.19350865 1.2836982e-06 0.078247845 0.036676727 0.03761875 0.04678957 0.017660722 0.019613083 0.012881316 0.008672322 0.039877698 0.025644073 0.0005228638 0.0047418093 0.003404292 0.004659741 0.0618205 0.0021482664 0.0027260971 0.0002161069 0.00057070696 0.00092721067 4.165194e-05 6.595189e-05 0.0017635912 0.00024949302 0.0022286507 0.024168154 0.00032483746 0.00033551268 0.00104773 0.00035799402 0.0011302554 7.33725e-05 5.3956497e-05 0.0024112756 6.2498502e-06 0.0009171003 1.5707463e-05 3.9748465e-05 0.005532286 0.00311419 1.561111e-05 0.00011806196 7.585708e-06 0.0007659679 2.804443e-06 0.00040220114 1.0804561e-05 7.522348e-06 7.1585487e-06 0.00036341997 0.0018607377 0.00029204568 2.0291666e-06 3.5500082e-07 9.0970905e-05 9.633509e-07 5.992608e-07 3.1237508e-07 0.00051602395
0.13543023 0.0011493316 0.0017269496 0.007542261 0.0021169442 0.0022476516 0.00025650117 0.045183264 0.03522852 0.1309654 0.0036044056 0.03201459 0.055628423 0.00014074179 0.009844954 0.00031695396 0.07665083 0.8295491 0.38266963 0.02061125 0.0027468977 0.30103683 0.85483783 4.294509e-21 0.6771413 0.0058252234 0.08311243 0.0001952838 0.50543267 0.050629765 0.6537415 2.5704614e-05 0.002709704 0.00010016166 0.36070904 0.38996264 1.7865363e-05 0.11875361 1.1203825e-06 0.27354264 0.19662721 7.67712e-07 0.13776839 0.037222017 0.039154354 0.063974276 0.037866425 0.008647682 0.023717666 0.015067089 0.054958556 0.049991913 0.00027724763 0.006672092 0.0049109543 0.0065118507 0.06538154 0.0031315694 0.004844828 0.0005147625 0.00039056706 0.001669831 5.770938e-05 0.00017375775 0.0025616945 0.00011054916 0.0017945964 0.022798298 0.0005511096 0.00013157292 0.00035403421 0.00046924513 0.0014348762 0.00020249157 0.00010696844 0.0013531308 2.430403e-05 0.0011559111 3.5450383e-05 1.2366445e-05 0.005195698 0.0023358888 3.5776367e-05 0.00015036979 1.5722868e-05 0.0007480291 2.6171165e-06 0.000657498 9.826049e-06 7.740813e-06 6.572813e-06 0.00026062722 0.0010494256 0.0002089873 3.3221047e-06 8.7628905e-07 7.017871e-05 7.5138837e-07 7.116431e-07 6.531651e-07 0.00036741726
0.10670743 0.0011128288 0.0014963564 0.0064960746 0.0017233012 0.0021225146 0.0002891201 0.040489513 0.056367427 0.12528382 0.0058940523 0.060827263 0.05280828 0.00021156031 0.021072865 0.0007742574 0.062111285 0.7232119 0.3022395 0.044259835 0.0038949694 0.79901534 0.75285864 0.6771413 3.0356826e-21 0.008702671 0.30911028 0.00050097844 0.2897972 0.15957364 0.44063854 5.833599e-05 0.0048143053 0.00023144041 0.1710717 0.6178264 3.205621e-05 0.087309144 1.9978254e-06 0.23850827 0.3671799 2.1138444e-06 0.06548112 0.029775416 0.021201178 0.03635922 0.017100984 0.025056776 0.011552382 0.006738866 0.06089449 0.03071161 0.000479488 0.0035668167 0.0023934077 0.0030099237 0.08016468 0.0016859878 0.0023036448 0.0002562452 0.00035580617 0.0006968509 4.519245e-05 5.1127045e-05 0.0016096701 0.00014469365 0.00090147054 0.032428447 0.00018461279 0.00014601344 0.0017129123 0.0002565885 0.00086110685 8.2112754e-05 3.7824113e-05 0.001090362 8.086766e-06 0.0013524612 1.1798862e-05 3.5704517e-05 0.0023651696 0.0022045353 9.043396e-06 0.00010382291 7.0603746e-06 0.0006569687 1.0568386e-05 0.00023689588 3.492858e-05 1.7517445e-05 4.115673e-06 0.00048249756 0.0013798557 0.00033366246 1.7061698e-06 4.2904213e-07 8.814957e-05 1.8036495e-06 6.4555974e-07 4.4916644e-07 0.0004395441
0.017967833 0.005176337 0.003214113 0.021725088 0.025317298 0.10850926 0.059985023 0.046503175 0.11613213 0.059003234 0.5844961 0.18737951 0.031862117 0.00053939567 0.4851633 0.16147004 0.008073859 0.014794214 0.012945299 0.4267676 0.8337005 0.022907123 0.0068622264 0.0058252234 0.008702671 7.782905e-22 0.038160622 0.14463675 0.0072314474 0.17359383 0.0067436136 5.1306837e-05 0.71976167 0.23716567 0.0030596845 0.0077159973 9.4065996e-05 0.0037878132 1.1240271e-05 0.0013594545 0.013689368 1.1184188e-05 0.0026299832 0.0048469375 0.0013306389 0.00025690903 0.00047053813 0.39346966 0.00011863723 0.000121402234 0.0023474677 0.00069457554 0.1223412 0.00014547179 9.88969e-05 5.5149656e-05 0.019865187 0.00013534617 4.5313634e-05 5.1152915e-06 0.00035026384 1.5605683e-06 4.6080277e-05 4.4793612e-07 5.605889e-06 0.00038387926 0.0008396557 0.0061604124 7.1924256e-07 0.000104333776 0.030731725 4.7918553e-07 9.846774e-07 1.4559426e-07 2.8797797e-07 0.00095812674 1.6459317e-07 1.2381916e-05 1.5440494e-07 0.0002453705 8.547878e-06 5.4873126e-05 2.3849555e-08 9.212078e-07 1.0424352e-07 2.437622e-05 0.00011024879 5.102439e-06 1.7685672e-05 3.97723e-06 4.192141e-09 0.0022145116 0.0022611262 0.00028915075 2.222586e-08 1.2145224e-08 0.00019038277 6.1114076e-07 7.586213e-08 6.792003e-09 0.00014718277
0.07464899 0.0003438746 0.0005823171 0.00414594 0.00060675276 0.002305911 0.0003592523 0.014665205 0.033255085 0.052042294 0.03321446 0.08567476 0.029490964 5.0466522e-05 0.13518442 0.0005871605 0.029310383 0.1892134 0.13101883 0.2763316 0.011896479 0.7763948 0.13585906 0.08311243 0.30911028 0.038160622 2.1021874e-20 0.0003945274 0.12240895 0.8724075 0.1303054 2.8466935e-05 0.016806774 0.00028810996 0.04798463 0.42065632 3.4169705e-05 0.04799116 4.069282e-05 0.049151238 0.43136376 1.0342998e-06 0.030788526 0.02210951 0.010480524 0.017999742 0.002236905 0.35532105 0.001762648 0.0020140768 0.04868915 0.0070837615 0.0052474583 0.0024844534 0.0018906143 0.0023397936 0.15505382 0.0018981568 0.0012582825 0.00015512411 0.00015903526 0.00010766324 9.843681e-06 6.0081356e-06 0.0005901029 5.356229e-05 0.0010634675 0.06652252 1.2763842e-05 0.00057017035 0.02154554 2.8391942e-05 0.00015338574 2.7729908e-05 1.9613863e-06 0.0012754765 3.4335218e-07 0.00144538 1.2267477e-06 6.3915875e-05 0.00047513787 0.0065932907 2.7501765e-06 3.3560005e-05 3.3377623e-07 0.00032296404 0.00029200668 4.6266145e-05 0.00081596605 7.1785566e-05 4.1631347e-06 0.00014256332 0.0012158495 0.0001893021 7.294836e-07 4.5877255e-07 0.0005641837 2.4540594e-05 1.4844872e-07 8.561518e-08 0.00052684965
0.013226347 0.013464461 0.00900857 0.019774543 0.037769668 0.05582301 0.1657725 0.016725412 0.012452845 0.004608417 0.09471336 0.010447075 0.0074196137 0.004833305 0.013892438 0.68346804 0.0008747865 0.00036335827 0.00012408817 0.010875279 0.1692578 0.0005088953 0.00029729414 0.0001952838 0.00050097844 0.14463675 0.0003945274 4.6641506e-22 0.00016990466 0.0018310975 8.199881e-05 0.0011106083 0.46394405 0.773878 7.2612565e-05 0.00018107916 0.00055920944 3.380497e-05 0.0006172024 3.4566554e-05 0.00051885593 0.00031143622 0.00010436682 8.990198e-05 0.0004742212 2.2458644e-06 6.939796e-05 0.055042647 1.4168941e-05 1.3688904e-05 0.00012566036 1.7344411e-05 0.13567916 1.2439788e-06 1.8640668e-06 2.777245e-06 0.00255757 1.9300094e-06 9.822881e-06 3.8317077e-07 0.0010458592 1.983669e-07 0.00039901162 1.5203018e-08 2.7562182e-06 0.0009660932 0.0040009576 0.0005414193 1.6029138e-07 0.0008137202 0.0016256007 4.327062e-07 7.575532e-07 3.075995e-08 2.3869303e-08 0.00054571853 1.7586087e-09 1.3978327e-07 8.808621e-09 0.0009914478 3.2878364e-07 5.4176977e-05 1.5098574e-09 1.04790736e-07 2.3213766e-09 4.4528693e-07 1.8022103e-08 6.218944e-08 6.303819e-08 5.3295994e-09 1.3709935e-09 0.030547222 0.1797852 0.0075310525 9.249539e-10 7.276998e-11 0.004301063 7.375502e-10 1.6596492e-09 1.2845407e-10 0.00045845698
0.7466411 0.0008347304 0.00080020097 0.004428759 0.0015600588 0.001771009 0.00037965123 0.016991869 0.02558514 0.084039 0.0058333767 0.022787828 0.03950518 7.519433e-05 0.012553782 0.00017119985 0.111941636 0.5628486 0.39289874 0.012615393 0.0023863995 0.15394968 0.3670741 0.50543267 0.2897972 0.0072314474 0.12240895 0.00016990466 1.2555148e-17 0.03426421 0.9150279 2.4592278e-05 0.0035139439 0.00013741308 0.60010695 0.32176995 4.200261e-05 0.18467447 4.5609645e-06 0.37086713 0.23637126 1.8709985e-06 0.5941743 0.09628719 0.06739393 0.15606178 0.23286669 0.03299804 0.114875615 0.029790092 0.13234225 0.2271249 0.0006171088 0.023122989 0.012069097 0.013026491 0.14211668 0.02663266 0.029336963 0.0052643674 0.0009347542 0.0061827013 0.00017083826 0.0008690126 0.015927145 0.00057670707 0.0020633526 0.14708501 0.0033549608 0.0024512024 0.0006465385 0.0008017092 0.00146256 0.004052111 0.0005330053 0.0036728962 0.00014139237 0.011546467 0.00033018555 6.8984955e-05 0.041284654 0.006968513 0.0006977533 0.0032701266 0.00020039319 0.0034651165 9.893977e-06 0.0022388066 4.1758176e-05 1.6168018e-05 3.5702607e-05 0.0003266137 0.0034941677 0.00018504146 2.7995917e-05 6.0208345e-06 0.00057694 3.843799e-06 1.6947741e-06 3.5534138e-06 0.00085039873
0.0067766677 0.0007620342 0.0006707986 0.0031538918 0.0016916441 0.009084058 0.0010332124 0.02020418 0.057094805 0.049554788 0.08111297 0.16039269 0.023725793 0.00013929138 0.32321227 0.0030178654 0.015641334 0.09364001 0.046940032 0.6625607 0.05712826 0.55264574 0.061697803 0.050629765 0.15957364 0.17359383 0.8724075 0.0018310975 0.03426421 7.342023e-22 0.03344594 1.407291e-05 0.05542073 0.0025281305 0.023695095 0.18537872 2.0720328e-05 0.011067169 7.0713586e-06 0.029455695 0.30411515 5.5870646e-06 0.010594847 0.008560013 0.0042023025 0.0023730039 0.0030318405 0.50088495 0.0011732095 0.00073635584 0.038468465 0.0028791686 0.008912371 0.00026021642 0.00015867077 0.0004547533 0.15620206 0.00051435933 0.000290815 3.600607e-05 0.00013529029 7.0232745e-05 1.4626939e-05 1.18815615e-05 0.00016772738 9.660006e-05 0.00054073916 0.060856678 3.5750459e-06 0.0002749642 0.018023351 8.778026e-06 1.1134094e-05 1.1406811e-05 2.2861166e-06 0.00069578906 3.9548286e-07 0.00064606825 8.7175704e-07 9.950197e-05 6.685613e-05 0.0036633725 1.2639036e-06 2.385944e-05 1.1035113e-06 0.00012405928 0.0006673813 9.806997e-06 0.0005984053 9.0451256e-05 1.2503051e-06 0.00054427027 0.0010158818 0.00017605226 5.265585e-07 6.10483e-07 0.00019723125 1.3436009e-05 9.2493065e-07 4.7332784e-07 9.193605e-05
0.5321378 0.00014349316 0.0001706388 0.0027860003 0.00023829662 0.00092093955 6.1699815e-05 0.017789962 0.02773791 0.06611525 0.0040855166 0.023471415 0.037480164 9.050221e-06 0.011019225 4.77546e-05 0.112809144 0.623797 0.29895386 0.013003163 0.0017452952 0.18827839 0.48344028 0.6537415 0.44063854 0.0067436136 0.1303054 8.199881e-05 0.9150279 0.03344594 3.9382216e-19 1.4264722e-06 0.0033016524 4.335592e-05 0.58072567 0.4886795 2.7543185e-06 0.06667004 2.3598107e-06 0.5232422 0.3240622 1.9717679e-07 0.5590306 0.047053605 0.046028443 0.069489405 0.24207908 0.023447756 0.1274098 0.020453842 0.18066707 0.26671553 0.00027948528 0.00817964 0.0066721295 0.008861693 0.20111406 0.011607876 0.013454558 0.0014217054 0.00014455366 0.0030167603 2.4967807e-05 0.0002604518 0.011200546 7.2357274e-05 0.0006710542 0.15063863 0.0014289638 0.00047350963 0.0005094797 0.00041028744 0.0006748024 0.0021207756 7.1175586e-05 0.0018965211 1.19111955e-05 0.01759634 3.6765075e-05 6.74479e-06 0.013786576 0.004568938 8.755882e-05 0.0027778093 1.3901515e-05 0.0016415535 1.9741622e-06 0.0008914589 4.497764e-05 1.7043038e-05 1.1202078e-05 9.9718476e-05 0.0011499588 4.328403e-05 6.154651e-06 1.6756862e-06 0.00012023642 6.6983807e-06 3.5113305e-07 4.176656e-06 0.00022315898
