4.4603786e-26 0.99436384 0.9605718 0.9987213 0.99449205 0.77798134 0.90844697 0.48638353 0.26161194 0.95784485 0.5964356 0.49910563 0.9652252 0.27748653 0.7264435 0.025547624 0.07615064 0.98891383 0.8597741 0.053745702 0.4004452 0.3458784 0.18981156 0.041939043 0.12148066 0.45010397 0.20859586 0.02855008 0.43526357 0.032874245 0.010188668 0.24456218 0.024679653 0.17190501 0.41280442 0.015180309 0.9199107 0.0067714797 0.072024785 0.340876 0.49490374 0.015134011 0.059015952 0.9325366 0.27270776 0.022026036 0.1809409 0.0076918546 0.0051718373 0.037187934 0.95356435 0.9072053 0.4242295 0.003921991 0.009108182 0.32182845 0.070494324 0.016297204 0.99601096 0.022503246 0.12273043 0.019312093 0.0036210257 0.009446275 0.32575718 0.9807843 0.87776655 0.0014525366 0.00033494795 0.00016889175 0.00032325397 0.87257564 1.7674158e-05 0.9445697 0.9837964 0.00083721144 3.493767e-07 2.138733e-06 0.96633244 0.9535657 0.0019879388 0.8939099 0.08172963 0.9843506 1.0571793e-05 0.9986136 0.995038 0.79372966 1.1360405e-06 0.9308989 0.99874157 0.9993831 0.0348224 3.5196766e-08 0.99973303 0.9999921 0.93057597 0.996281 0.99082613 0.99922884 0.38610807
0.99436384 2.201019e-17 0.8711141 0.4628679 0.63904 0.32155797 0.070275895 0.7934727 0.72319716 0.003877746 0.0055596735 0.74919176 0.0020609358 0.42354456 0.0046913754 0.48482478 0.3802928 0.13689417 0.054989524 0.5277015 0.004634438 0.3318205 0.08324927 0.520993 2.9528665e-05 7.73627e-05 0.016157592 0.07579972 3.395937e-06 0.07121463 0.1892233 4.3464865e-06 0.06345292 0.0011349143 6.171223e-05 0.05428146 0.24148433 0.033436425 9.698729e-05 0.012701914 1.1012095e-05 0.008649442 0.0028051562 0.010141549 0.005173406 0.011932002 2.022157e-05 0.044685554 0.018774714 0.0006617577 0.21566786 0.00019696266 1.7837034e-05 0.013271828 0.00034197172 3.4708048e-06 0.009627087 0.10235108 0.115679 0.32912847 1.5986318e-05 0.15531324 0.0022720012 5.23476e-06 0.0029463742 0.015839282 0.0013681967 0.00675101 0.055901963 0.012758902 0.022654524 0.00045983717 1.5123478e-05 0.045558665 0.028244287 4.4246426e-05 0.00054031884 0.003104831 0.0070959185 0.0001830914 4.7529786e-05 0.0027224235 0.00020444248 0.015163699 3.9857066e-05 0.12800436 0.0041215257 0.0004550218 5.503609e-06 0.004952783 0.05827251 0.0033685092 0.0006028908 7.4444156e-06 0.022729872 0.054200064 0.00085933896 0.0007619382 8.346304e-05 0.00042466974 0.0005943989
0.9605718 0.8711141 7.98236e-19 0.7703252 0.24350151 0.8455381 0.52457726 0.75231975 0.5324144 0.172387 0.22780117 0.23789757 0.047790732 0.08430965 0.10267596 0.20772578 0.101290464 0.4717492 0.013259392 0.2741088 0.07822979 0.19944905 0.12051009 0.18071854 0.0020808354 0.004690279 0.054899514 0.01637065 0.0012760308 0.07333452 0.009919884 0.0012445734 0.040412996 0.017702777 0.0007087113 0.0237436 0.29626164 0.01853617 0.001969683 0.0032625815 0.0006821557 0.010059633 0.014160729 0.0025471377 0.0015190837 0.0053583803 0.00056461565 0.011451146 0.006608616 0.0035858366 0.20306066 0.008068986 0.0012928051 0.0010602411 0.0013059123 0.00085274427 0.001013833 0.012859302 0.035905235 0.009077377 6.4862375e-05 0.014967848 0.0007904259 4.4163968e-05 0.0008009384 0.017988596 0.018608944 0.0028236327 0.00024513918 0.00037167082 0.0017993752 0.008288891 1.1585072e-05 0.02677147 0.016153025 3.6892605e-05 1.0281487e-05 8.184615e-05 0.0042040762 0.00510722 5.0308354e-06 0.0017473613 0.00011904285 0.0067954385 6.640684e-06 0.045785844 0.025285883 0.002742583 1.688468e-06 0.0011268317 0.016037341 0.004268679 0.0005258585 9.3045924e-07 0.012708463 0.010861865 0.00534819 0.006766654 0.0005012176 0.0007590973 0.000117955824
0.9987213 0.4628679 0.7703252 4.2597927e-19 0.2156429 0.694914 0.81451786 0.47877416 0.11804249 0.30568025 0.59760755 0.28573298 0.34859186 0.015443581 0.6310067 0.05423101 0.012621679 0.55482846 0.0013058942 0.20106262 0.4172277 0.57355535 0.52892387 0.1913735 0.009869198 0.023572918 0.6378303 0.0007999984 0.0027835625 0.21670231 0.009266034 0.0011890134 0.22874087 0.24055047 0.030336672 0.11850407 0.07318195 0.12059257 0.023410061 0.00030235306 0.0010399153 0.21561223 0.19669026 3.5053367e-06 4.9828245e-06 0.18116197 0.0020585572 0.08880639 0.06545698 0.112132736 0.001208215 0.0060494523 0.0010601749 0.00037756393 0.048603293 0.0004658039 3.324937e-05 0.08290159 0.00018098783 0.04992184 0.034699794 0.0417349 0.075240046 0.0043298635 7.3808574e-06 0.029899765 0.0100813955 0.0763636 0.004445201 0.040621646 0.0042447783 0.005611318 0.00083477696 0.018118221 0.00012489512 0.002790674 4.4682896e-05 0.00059457467 0.008574365 0.007613307 2.6069306e-06 2.2549522e-05 6.771282e-07 0.00076533004 2.4047625e-07 0.043386277 0.017850906 0.0061545786 2.1887179e-07 5.0101924e-05 0.0011412703 0.014453836 8.7376634e-07 1.498833e-06 0.00041503407 0.0105905235 0.011729613 0.009425822 0.00052055175 0.005422554 4.4231322e-07
0.99449205 0.63904 0.24350151 0.2156429 1.4811457e-20 0.11677367 0.05143428 0.15302975 0.5538536 0.006755644 0.0041250098 0.24231547 0.00051094533 0.9448333 0.0017399017 0.1802035 0.3906621 0.18082054 0.57995087 0.16125792 0.0012169371 0.036320828 0.0030821634 0.14495617 7.5785497e-06 2.84627e-05 0.00043298633 0.4279186 8.7841645e-06 0.0021484466 0.111034304 2.15203e-06 0.0006899545 8.590559e-05 7.730701e-07 0.0005626003 0.34407955 0.000196801 6.17378e-06 0.0689607 1.46612665e-05 1.0614273e-05 5.679214e-05 0.15100084 0.08742681 8.8316025e-05 2.8600227e-06 0.0004443255 0.00012628712 1.1723621e-05 0.5818949 0.00039074573 1.8700415e-05 0.023967912 6.5549675e-06 3.1479465e-06 0.0539095 0.0037741996 0.45012808 0.02168618 2.408816e-07 0.011205306 1.940408e-05 8.7228884e-08 0.027410753 0.024594365 0.00441917 1.706493e-05 0.00331847 2.5635112e-05 0.00054623815 0.0010602053 1.3233728e-06 0.18156847 0.26493475 2.8663513e-07 2.8981647e-05 5.115738e-05 0.019274285 0.00027865625 0.0009784353 0.063205495 0.0043076514 0.19291855 0.00043823442 0.19066589 0.0029118229 0.0003364034 0.00015958417 0.053737413 0.24146464 0.0107582025 0.0054265684 1.915705e-05 0.08199104 0.27483654 0.0004901542 0.0001808091 8.149791e-05 0.00047349677 0.005545019
0.77798134 0.32155797 0.8455381 0.694914 0.11677367 9.817085e-19 0.9041044 0.6174504 0.10150813 0.052021045 0.46783993 0.13434358 0.04505107 0.023605699 0.22581413 0.07264204 0.009250877 0.147791 0.0014395652 0.5633139 0.15830329 0.5994657 0.65241975 0.4085122 0.0013238696 0.0014729616 0.4601954 0.001430429 0.00049862236 0.45140514 0.0057711583 0.0004054697 0.28608146 0.031275604 0.00084199716 0.24961522 0.028671429 0.21558121 0.0018999651 0.00030746372 0.00024673052 0.16128905 0.07201358 1.3316454e-05 7.472067e-05 0.06092619 0.00040508283 0.13716336 0.08864146 0.029840453 0.0063546193 0.0012810978 0.00027002805 0.0004499113 0.010619312 0.00016641451 1.3907351e-05 0.17580448 0.0016859445 0.06458753 0.00052356836 0.094460666 0.052776825 0.0007453346 3.6485853e-05 0.0013059272 0.0016787936 0.087295234 0.0007780405 0.049564634 0.012089566 0.0017644602 0.0016848434 0.0014631598 0.00040994247 0.00011547144 2.3135863e-05 0.0007168862 0.0008434688 0.00192726 4.196497e-07 0.00013365381 7.851967e-06 0.00085727253 2.4893425e-06 0.008904317 0.005327931 0.0010126419 1.708425e-06 4.6410565e-05 0.0037623872 0.0022882225 1.5510392e-05 5.085501e-07 0.0036610742 0.0048636165 0.0015514195 0.0019336453 0.00013874608 0.0006737073 5.6163285e-06
0.90844697 0.070275895 0.52457726 0.81451786 0.05143428 0.9041044 2.5710205e-20 0.15015246 0.0385306 0.49999082 0.9057344 0.042525537 0.22630571 0.0078056226 0.31097832 0.046713408 0.0057654404 0.47632357 0.0007980297 0.20073628 0.15132289 0.18439625 0.20444636 0.13281444 0.008887486 0.019152109 0.19683014 0.0007313016 0.0038346767 0.10156159 0.0024809716 0.009575631 0.08278859 0.07559822 0.0042990576 0.053029478 0.071024776 0.052365575 0.012226237 4.5304383e-05 0.0012349652 0.09680897 0.062180433 3.1159543e-06 2.2149887e-05 0.026191948 0.0016754378 0.031756256 0.021799847 0.037293192 0.0040675243 0.028536672 0.0024228126 0.00027590274 0.01565718 0.0016506988 7.449508e-06 0.039360333 0.00022495814 0.007435005 0.0026318086 0.012731724 0.011535323 0.0012148494 1.4437489e-05 0.005755925 0.019136641 0.01077312 0.00013978376 0.00283582 0.0022487803 0.010488088 0.0003615439 0.0047673057 0.0003627134 0.0003542904 1.286037e-05 0.00012852566 0.0019581756 0.016159186 2.1371275e-07 0.0005019624 3.1920079e-06 0.00085336575 1.4728471e-06 0.0058559948 0.019031832 0.0039164783 4.2495734e-07 0.00014602736 0.0008664848 0.0036992095 1.8680454e-05 3.7357677e-07 0.0016866134 0.001551822 0.0047742054 0.008045523 0.0002621803 0.0011321723 7.0307633e-06
0.48638353 0.7934727 0.75231975 0.47877416 0.15302975 0.6174504 0.15015246 1.1936935e-21 0.9481563 0.04933903 0.114415646 0.7775881 0.00794448 0.13123769 0.028293535 0.52811223 0.18619633 0.08554743 0.00696186 0.47454047 0.019806275 0.07403893 0.024550818 0.32959634 6.2966734e-05 0.0003710346 0.0075882445 0.0031898397 0.0002875138 0.016873278 0.01787912 0.00026157417 0.0060070273 0.0025834278 1.8853449e-05 0.00401858 0.03446028 0.0027074527 0.00016535047 0.0005650471 8.919682e-05 0.0015051384 0.0017531507 0.00035356116 0.0002048699 0.00061135704 2.4659184e-05 0.0019040058 0.0011251454 0.0005774473 0.01889536 0.0011693732 0.00026038053 0.00033031497 0.00072309363 6.8985544e-05 2.6994268e-05 0.012146401 0.0065726605 0.021987708 5.1968073e-06 0.029216861 0.00073784887 1.6592626e-06 0.00020982987 0.00012401612 0.0020460414 0.0021548253 0.0016804256 0.00050581974 0.002887067 0.0007561447 2.2848883e-05 0.00080761954 0.002496919 6.199227e-06 2.4836098e-05 0.00015916226 0.00012239747 0.0028056828 1.04270555e-07 0.0007766446 2.9080678e-05 0.0007503007 2.0415196e-06 0.0022275117 0.0022585 0.00035003378 5.5349085e-07 0.00025895587 0.0038353368 0.0001843348 0.00018323761 2.4556346e-07 0.00773377 0.0035751043 0.00046308656 0.00092543766 3.6579295e-05 0.00018766831 8.1198916e-05
0.26161194 0.72319716 0.5324144 0.11804249 0.5538536 0.10150813 0.0385306 0.9481563 3.8465761e-22 0.0066239866 0.004243649 0.9115118 0.0011957235 0.71399564 0.0005332425 0.7806261 0.6452152 0.021420157 0.06191176 0.3196579 0.00063585874 0.0027399396 0.00048773884 0.19119619 4.4487223e-07 5.886008e-06 0.00028443584 0.031347435 1.4105318e-05 0.00040704 0.15775432 7.37354e-06 0.00012566107 3.5597554e-05 2.1930009e-07 7.406181e-05 0.024337914 2.6869366e-05 9.105049e-07 0.0022735554 4.85854e-06 7.058065e-06 3.055289e-05 0.0046586995 0.0007641194 6.1701894e-06 3.2357397e-07 1.751071e-05 2.2811608e-05 5.535291e-06 0.0216825 9.4233095e-05 9.375017e-06 0.0048516574 2.8041488e-06 2.2211414e-06 0.0002568718 0.0004441122 0.016909707 0.020575918 1.2468053e-08 0.007141819 4.8863735e-06 3.5130352e-09 0.00041949467 6.438616e-05 2.4511568e-05 0.00017521411 0.0031261593 2.5063808e-05 0.0011624156 2.7742948e-05 1.8414557e-06 0.0005270215 0.0030353556 3.1568194e-07 6.725171e-05 7.189594e-05 7.253e-05 0.000122003206 6.209466e-07 0.00079083117 1.2277303e-05 0.0006230412 2.1647478e-05 0.0023253788 0.00056051114 2.3739172e-05 2.0691568e-06 0.00057724246 0.003427318 0.00013150166 0.0003584691 3.6789868e-07 0.0067355023 0.0030910338 6.4178035e-05 0.00017117699 6.252983e-07 7.167215e-05 0.00022865178
0.95784485 0.003877746 0.172387 0.30568025 0.006755644 0.052021045 0.49999082 0.04933903 0.0066239866 2.986217e-19 0.51829565 0.006764999 0.9687972 0.00044180147 0.112794675 0.0055055832 0.0006543999 0.7451361 0.0003142559 0.0049094907 0.09780505 0.0031745008 0.009367868 0.0019140014 0.42094886 0.36739329 0.061570168 0.00014909479 0.31325823 0.00985752 0.00018364647 0.30752552 0.008513138 0.20536573 0.11443303 0.0009480838 0.08682997 0.0015807402 0.058779467 6.5890905e-05 0.12413551 0.009732132 0.071329094 5.8225874e-07 6.0098487e-06 0.0022805748 0.022880437 6.4220396e-05 0.00024742776 0.036817208 0.00072629564 0.47893286 0.044590868 0.00012833066 0.0073872134 0.01115764 8.434422e-06 0.00047745035 8.84113e-06 0.0010174894 0.005133594 0.0012089319 0.00024652615 0.00078420975 3.5481346e-06 0.061914228 0.261652 0.00033245073 1.8910983e-05 0.00017597404 0.00020327499 0.17391603 0.00011454235 0.008393779 3.7664326e-05 0.0005325513 2.602868e-05 3.8719387e-05 0.0057892837 0.05217644 6.413003e-06 0.00014205844 1.2104887e-05 0.0003442836 0.00022209783 0.0065216487 0.20784935 0.10425317 4.2114876e-05 5.89688e-06 8.4793326e-05 0.03874736 4.7421803e-05 1.110379e-05 5.5599172e-05 0.00036579606 0.07362641 0.05098424 0.0030272654 0.013002047 3.901767e-05
0.5964356 0.0055596735 0.22780117 0.59760755 0.0041250098 0.46783993 0.9057344 0.114415646 0.004243649 0.51829565 3.7378048e-19 0.0065650935 0.51977175 0.00030282978 0.89839876 0.017503602 0.00041719564 0.24838994 7.129692e-05 0.08161139 0.62496185 0.054833286 0.25501034 0.051631227 0.4319635 0.5021966 0.6187115 2.4872505e-05 0.040214684 0.14670303 0.00013658513 0.15286887 0.10837138 0.59407866 0.16387546 0.04207106 0.0068972 0.08983083 0.10651827 1.5573058e-05 0.008839043 0.26085043 0.35646635 1.3348802e-07 4.0722925e-06 0.023372764 0.022325227 0.0044652317 0.021260452 0.19928873 6.189017e-05 0.08062973 0.013665699 3.9043203e-05 0.06965047 0.008840536 6.7947116e-07 0.00185389 8.21608e-06 0.00059326936 0.019161183 0.001060004 0.0021679907 0.0035393632 7.3696383e-06 0.0012650451 0.02292349 0.002493623 2.8948432e-06 0.00019716147 0.00021692914 0.014408233 0.00012244779 0.00023833118 2.892965e-05 0.0012829152 2.6860566e-06 2.3060129e-05 0.0003325633 0.018236613 1.6563337e-07 8.664906e-05 1.3690875e-05 2.722548e-05 9.945198e-07 0.0004534582 0.011653098 0.0065048896 1.6802309e-06 8.690101e-06 0.000131869 0.001070631 3.8342558e-05 4.2891205e-07 0.00028143727 0.0002522785 0.0059458283 0.0073577045 0.00031231303 0.0008995584 1.8579483e-05
0.49910563 0.74919176 0.23789757 0.28573298 0.24231547 0.13434358 0.042525537 0.7775881 0.9115118 0.006764999 0.0065650935 4.0784063e-19 0.0024336816 0.21007021 0.0020731243 0.9318334 0.53674465 0.010865477 0.0057743536 0.6901252 0.0020697708 0.018784923 0.0022532777 0.5102597 1.9968122e-06 4.243796e-06 0.001614212 0.0015897832 2.462236e-05 0.0019146606 0.31355274 6.454597e-06 0.00071332115 9.6983415e-05 3.5903852e-07 0.00041615972 0.0055267573 0.00022171754 1.4560071e-06 0.0002831311 8.2015895e-06 0.00015455132 0.00011795133 0.00022485283 4.4102224e-05 3.460369e-05 8.1328415e-07 0.0005865863 0.0001756027 1.7090695e-05 0.005130163 0.00013292025 2.6363667e-05 0.0012080912 9.583976e-06 4.311506e-06 1.9276098e-05 0.034965787 0.0024037978 0.27259132 8.9603034e-08 0.14245869 0.00011712453 3.985123e-08 6.0638657e-05 3.063715e-05 2.6306378e-05 0.0014540091 0.1634087 0.0020495355 0.019010315 5.7158202e-05 7.5913454e-06 0.00040612626 0.0010126366 2.4416772e-07 0.0022363067 0.0035081613 0.00016701757 0.002305082 2.5271444e-07 0.00019535738 1.1343813e-05 0.0006572871 4.440213e-06 0.0011818204 0.0013862672 8.619674e-05 1.0744087e-06 0.00014021648 0.008118656 0.0001725653 1.008678e-05 1.3614601e-07 0.011682669 0.009236681 0.00027655944 0.00032830227 1.3504955e-05 0.00019106446 2.4657256e-05
0.9652252 0.0020609358 0.047790732 0.34859186 0.00051094533 0.04505107 0.22630571 0.00794448 0.0011957235 0.9687972 0.51977175 0.0024336816 3.217956e-16 4.002306e-05 0.36378765 0.005323574 0.0001779774 0.14706363 7.945214e-06 0.006908671 0.20123887 0.03420334 0.07600035 0.0022947022 0.29719204 0.30189684 0.22437622 2.1599139e-05 0.32800326 0.026733939 0.00032326448 0.15808946 0.045525957 0.27205896 0.28382275 0.019325266 0.0024325887 0.03161299 0.15803063 2.9595424e-07 0.07103361 0.11125762 0.17474902 2.8196407e-08 1.5020424e-08 0.047507536 0.07919668 0.010528932 0.013303547 0.15425298 2.1379712e-07 0.09531734 0.022979384 1.7284141e-05 0.06817881 0.019268211 2.1538306e-06 0.011480329 1.0169988e-06 0.012761027 0.31714693 0.008096856 0.03276262 0.009953099 5.1600466e-07 0.00579931 0.024223408 0.015268143 0.000665979 0.007196173 0.0004848253 0.030964442 0.0010093623 0.000700701 4.223528e-06 0.008648032 3.0219519e-05 7.040523e-05 0.0006315485 0.046839382 5.4155457e-08 3.6316492e-06 7.687348e-07 2.2873739e-05 2.8140946e-07 0.0020245123 0.08733344 0.022297766 5.980675e-07 2.7097516e-07 5.5689805e-05 0.007219578 2.4151694e-07 5.9801164e-07 8.783527e-06 0.00019582314 0.019510495 0.013314374 0.0048823194 0.0052777035 1.8622303e-07
0.27748653 0.42354456 0.08430965 0.015443581 0.9448333 0.023605699 0.0078056226 0.13123769 0.71399564 0.00044180147 0.00030282978 0.21007021 4.002306e-05 3.365364e-21 0.00010401904 0.39488932 0.76037455 0.0077916845 0.7664208 0.032559168 6.700039e-05 0.00091921893 7.447417e-05 0.01749715 9.4689675e-08 9.680967e-07 7.4002533e-06 0.9097673 3.466822e-06 3.1905027e-05 0.31252107 1.4345114e-06 8.063508e-06 1.3049026e-06 6.8488426e-08 9.692308e-06 0.028909894 6.8443404e-07 5.8143446e-08 0.0346631 4.864462e-07 2.9321747e-08 2.2743139e-07 0.0583456 0.031700194 4.9834017e-07 8.223029e-07 2.463146e-06 1.3886668e-06 5.5506902e-08 0.12907639 7.989641e-06 1.1847639e-05 0.56374776 4.4234294e-08 8.880147e-07 0.19166674 6.605997e-05 0.16714849 0.0041136486 1.2154048e-09 0.001476013 4.2540418e-07 6.864454e-09 0.018836524 2.1920392e-05 1.7600114e-05 2.2754725e-07 0.0010366159 3.69661e-07 8.868854e-06 1.3177433e-06 1.9582593e-08 0.0010650808 0.023255885 4.8199205e-08 4.4149063e-05 2.3668426e-06 2.1687958e-05 9.4210896e-05 0.0016316806 0.007224358 0.0013462534 0.0005541615 0.00085839455 0.0023118914 0.00011422448 4.592609e-06 0.00029216407 0.0016634208 0.014162288 0.00014105003 0.0010973181 4.4379547e-05 0.01640315 0.00820852 3.4233099e-06 2.068627e-05 6.671989e-07 2.8463679e-05 0.0009977289
0.7264435 0.0046913754 0.10267596 0.6310067 0.0017399017 0.22581413 0.31097832 0.028293535 0.0005332425 0.112794675 0.89839876 0.0020731243 0.36378765 0.00010401904 4.5401555e-17 0.0041814726 0.00021515827 0.08240307 0.00014960769 0.03835177 0.9324097 0.04287102 0.27404338 0.03509814 0.07619383 0.23793878 0.6640701 1.4957066e-05 0.009938235 0.09341548 9.021486e-05 0.025630374 0.12183385 0.6631348 0.14320225 0.032374 0.0036683278 0.067433685 0.08262244 3.4233144e-05 0.0016563798 0.33880153 0.4070544 6.485507e-07 7.518217e-06 0.025775244 0.020701164 0.006694201 0.011541338 0.2512881 0.0002035464 0.0075558503 0.0017525881 4.1820706e-05 0.09979054 0.0018302028 3.5215587e-07 0.004553546 1.1406832e-05 0.0017235915 0.0586784 0.002273439 0.0059978003 0.0043292423 6.7288825e-06 0.0005070047 0.00980929 0.005093683 4.2997646e-05 0.0010706632 0.0006758802 0.003556364 0.00024587975 0.00011848381 6.957728e-05 0.004271167 4.6612317e-06 3.0973202e-05 0.0002522999 0.0130062625 3.8759427e-07 0.00017351336 9.71322e-06 6.21321e-05 1.8653562e-06 0.000980703 0.006151389 0.0029311979 2.4456028e-06 1.1893579e-05 0.0004263306 0.0010051957 4.0323772e-05 2.6685182e-06 0.0010830673 0.00082751404 0.005530965 0.003293363 0.00012643171 0.00027485515 2.748264e-05
0.025547624 0.48482478 0.20772578 0.05423101 0.1802035 0.07264204 0.046713408 0.52811223 0.7806261 0.0055055832 0.017503602 0.9318334 0.005323574 0.39488932 0.0041814726 1.545918e-18 0.909626 0.0049386905 0.009961123 0.40395185 0.004230585 0.0059730695 0.0014899343 0.28533733 0.0001264784 0.00019926499 0.0019262079 0.004350468 9.766979e-05 0.0008224618 0.72644365 0.0003729663 0.00068035437 0.0011189993 5.9455026e-05 0.00026855213 0.0013297738 0.00015400077 2.030095e-05 0.0010100652 6.4389285e-05 0.0001482756 0.00029017642 0.000718384 0.0002702326 0.00015667974 0.00012900506 0.0003262865 0.00021594642 0.00013786332 0.0028090633 0.00022912983 0.000648484 0.004784349 7.015308e-05 0.00039726638 0.00011218067 0.0038588212 0.0009752632 0.06432248 7.3229955e-07 0.030378012 0.00023781217 8.27446e-07 0.00028522196 6.6102955e-05 4.2812087e-05 0.00046748164 0.06555207 0.0002622936 0.006231487 6.2023995e-05 3.276021e-05 0.00033249607 0.0038685158 1.777202e-05 0.0013186297 0.001002408 0.00011308111 0.00065352995 5.5637643e-06 0.00070830825 8.595819e-05 0.0011125186 0.00015054026 0.0017476138 0.0007482075 0.00018027845 3.442043e-05 0.00025219526 0.006361774 0.00030637314 0.00020660869 3.4908048e-06 0.006404353 0.001955959 9.013488e-05 0.00057204365 9.170999e-06 0.00012356762 8.3595114e-05
0.07615064 0.3802928 0.101290464 0.012621679 0.3906621 0.009250877 0.0057654404 0.18619633 0.6452152 0.0006543999 0.00041719564 0.53674465 0.0001779774 0.76037455 0.00021515827 0.909626 3.9819525e-20 0.0030077258 0.054523792 0.034095384 0.0001575249 0.00025364922 9.057167e-05 0.022529325 7.825272e-06 4.6970918e-06 0.00010882634 0.08300263 2.3203113e-06 4.4803186e-05 0.94921297 2.4281476e-06 1.4963228e-05 1.8521916e-05 9.4432795e-07 8.150906e-06 0.004848642 3.889839e-06 1.5767007e-06 0.0018838029 5.8693007e-07 3.6301674e-06 1.0935102e-05 0.0018084145 0.0010718682 2.8984202e-06 2.700334e-06 2.9388236e-06 2.4222845e-06 2.3922246e-06 0.0057413303 1.5627182e-05 4.609181e-06 0.22815001 2.656523e-06 2.3293883e-06 0.0025588819 0.000114458606 0.003570021 0.03699562 1.4731764e-07 0.00463025 1.9309125e-05 1.3484909e-08 0.000713823 8.457382e-05 2.401039e-05 7.158129e-05 0.028505867 6.1271065e-05 0.001150973 4.0089853e-06 3.1591642e-06 0.0001905753 0.0017969151 2.1737997e-06 0.0003324333 0.0004819836 0.00039384284 0.00015507515 2.5414985e-05 0.00073085853 7.569849e-05 0.0018966803 0.00019961268 0.0022406692 0.0003092853 8.975591e-05 3.3476572e-05 0.0003573069 0.0113504045 0.00031384232 0.00019350093 1.2181585e-05 0.01702198 0.011714923 0.00019070676 0.00029102003 1.3181581e-06 0.00020964844 0.00015606725
0.98891383 0.13689417 0.4717492 0.55482846 0.18082054 0.147791 0.47632357 0.08554743 0.021420157 0.7451361 0.24838994 0.010865477 0.14706363 0.0077916845 0.08240307 0.0049386905 0.0030077258 3.671066e-18 0.019733187 0.012318429 0.025746109 0.0048884624 0.006386759 0.00408896 0.008635226 0.0068365037 0.030754287 0.0011138588 0.021921996 0.0019552773 0.00014424794 0.01129437 0.0015748936 0.03279825 0.0036019417 0.0009793054 0.80131537 0.00040565303 0.0013431506 0.009572993 0.0147437975 0.0008907663 0.010175359 0.00053297024 0.0029065502 0.00030328642 0.0028738426 0.000856321 0.0003174991 0.0042379564 0.1487785 0.1807249 0.0051407763 4.9264192e-05 0.0012016558 0.0018830262 4.209934e-05 0.0037904638 0.00216658 0.0014751863 0.00038767068 0.004188435 0.00025725277 0.00023850946 0.0002235701 0.71036595 0.48864517 0.00027922876 0.00035317228 7.5240816e-05 0.0004464912 0.14409667 2.5258205e-06 0.24963243 0.0019787804 0.00029087212 3.6079714e-06 2.8316797e-05 0.18670942 0.034279834 1.6194746e-05 0.00059148896 9.1636066e-05 0.036164332 3.0005605e-05 0.33676058 0.17993316 0.064023376 4.9449984e-05 0.0010620749 0.011037993 0.44759238 2.260792e-05 9.501171e-06 0.0037016817 0.13570231 0.1070198 0.15294488 0.020763237 0.22775917 5.9230038e-06
0.8597741 0.054989524 0.013259392 0.0013058942 0.57995087 0.0014395652 0.0007980297 0.00696186 0.06191176 0.0003142559 7.129692e-05 0.0057743536 7.945214e-06 0.7664208 0.00014960769 0.009961123 0.054523792 0.019733187 4.104714e-15 0.006811679 9.045703e-05 7.3982104e-05 6.5605395e-06 0.0027101575 3.647926e-06 4.9132e-06 3.2483467e-06 0.79898995 2.2429501e-07 1.1574834e-05 0.024781177 1.09677085e-05 1.4785081e-05 5.9244474e-05 3.7635798e-06 2.96631e-05 0.17034583 2.5748286e-05 9.123717e-06 0.69433874 1.2879858e-07 6.4642535e-07 2.011774e-05 0.7938582 0.81718826 4.2095046e-05 3.9812654e-05 0.00012877151 5.2709613e-05 1.20690265e-05 0.51457757 7.9995414e-05 1.3332263e-05 0.078216866 2.2896807e-05 8.977146e-06 0.75302523 0.0044140606 0.83215034 0.0013345131 1.9330637e-06 0.0036064945 0.0001460023 4.744779e-06 0.4364437 0.0032753185 0.0014610725 4.36085e-05 0.0009912725 9.075159e-05 9.4065996e-05 0.00034526738 3.642159e-06 0.025027396 0.4945558 3.7268271e-06 8.54995e-06 1.6090386e-05 0.0037816507 0.000278345 0.021133084 0.038296483 0.018433843 0.064115085 0.001123094 0.015453446 0.0005083203 0.00011672846 0.0005085749 0.03161789 0.13678351 0.0041285027 0.00024064799 0.000104163875 0.060390897 0.028693886 7.209973e-05 0.0006165358 4.6398833e-05 0.0010951587 0.00018699284
0.053745702 0.5277015 0.2741088 0.20106262 0.16125792 0.5633139 0.20073628 0.47454047 0.3196579 0.0049094907 0.08161139 0.6901252 0.006908671 0.032559168 0.03835177 0.40395185 0.034095384 0.012318429 0.006811679 1.0685934e-19 0.13656427 0.48519176 0.124651 0.99152845 0.0013183374 0.0026277583 0.074825354 0.00063680665 8.580004e-05 0.16553539 0.029956827 9.6472635e-05 0.03948182 0.014808373 0.00023230525 0.035751708 0.0046485537 0.018484583 0.00068706996 0.00022781573 1.0698215e-05 0.0055746823 0.003854935 4.507314e-05 3.0148016e-05 0.0068057342 2.8680493e-05 0.014746955 0.0081368685 0.0008075356 0.003556954 0.00023228489 7.793096e-05 0.000350164 0.0010941556 3.825366e-05 1.2100386e-05 0.13743085 0.00039754817 0.46865228 8.702578e-07 0.3341186 0.004327351 6.906147e-06 8.710965e-05 6.0555267e-05 0.00019663382 0.00466167 0.007930763 0.0027798628 0.017437631 6.2854604e-05 8.670403e-05 0.00010725107 0.0013390491 1.1323353e-05 0.0005493235 0.0020125906 0.00016067422 0.00070609804 5.144422e-07 0.00037370028 4.997675e-05 0.00066587614 4.525363e-06 0.00068792305 0.00076842116 0.00023329411 1.2617743e-06 8.041204e-05 0.0061999396 0.000108337874 8.957741e-06 2.3359842e-06 0.007177034 0.0017938802 0.00039124646 0.00022684211 2.1927094e-06 5.546058e-05 8.557483e-05
0.4004452 0.004634438 0.07822979 0.4172277 0.0012169371 0.15830329 0.15132289 0.019806275 0.00063585874 0.09780505 0.62496185 0.0020697708 0.20123887 6.700039e-05 0.9324097 0.004230585 0.0001575249 0.025746109 9.045703e-05 0.13656427 9.121816e-18 0.20041323 0.5667723 0.08164006 0.041101508 0.13508315 0.8750293 8.451105e-06 0.0044276826 0.31297183 9.611156e-05 0.011660896 0.3884475 0.8790647 0.15853927 0.21142249 0.0008353786 0.27840227 0.14550358 8.037474e-06 0.0010293968 0.56436694 0.6256324 3.2643166e-07 2.2354836e-06 0.13083997 0.023398446 0.07411719 0.11283144 0.46506885 3.5360234e-05 0.004081821 0.0014823405 2.7495407e-05 0.23195858 0.002260307 2.3777393e-07 0.020747283 4.4163403e-06 0.0049520517 0.29844913 0.0064937673 0.027643567 0.024314446 2.5962572e-06 5.024686e-05 0.0031057196 0.0349142 3.4594486e-05 0.0074701896 0.0026022748 0.0015450674 0.0034916808 2.42573e-05 2.8763734e-05 0.012904518 1.8693301e-05 0.00019189957 5.7964648e-05 0.005851208 3.458343e-07 2.424673e-05 3.8224393e-06 2.2394554e-05 1.2628168e-06 0.0002869227 0.0025682368 0.001044821 1.4403348e-06 1.8079497e-06 0.00014513078 0.00023998336 2.1958704e-05 6.2403416e-07 0.00038727475 0.00018932557 0.0012283721 0.001076552 7.847345e-05 5.893622e-05 1.1228315e-05
0.3458784 0.3318205 0.19944905 0.57355535 0.036320828 0.5994657 0.18439625 0.07403893 0.0027399396 0.0031745008 0.054833286 0.018784923 0.03420334 0.00091921893 0.04287102 0.0059730695 0.00025364922 0.0048884624 7.3982104e-05 0.48519176 0.20041323 1.7186647e-19 0.94579613 0.25660685 4.754052e-05 0.00028190142 0.6344903 2.2354845e-05 6.479109e-05 0.86850554 0.00020060907 0.00018586901 0.5887231 0.013843662 3.2486612e-05 0.5654655 0.0018020859 0.46678993 0.00014339932 3.9277797e-06 2.0587924e-05 0.20604949 0.033439547 1.9510937e-06 2.318034e-07 0.14433596 8.443214e-05 0.27128297 0.20425676 0.0050500976 0.00017316669 1.4477295e-05 3.1191965e-05 9.192662e-06 0.0030472546 1.1485973e-05 4.517605e-08 0.25094593 2.1546515e-05 0.104742825 1.7994395e-05 0.16868228 0.0416597 2.1779904e-05 4.6206395e-07 3.8844564e-06 1.8356723e-05 0.13817607 8.652346e-05 0.11844682 0.023638815 1.057508e-05 0.0014577704 1.564439e-05 0.00013103684 3.6202055e-05 5.3982534e-05 0.0040757996 2.0548361e-05 2.440085e-05 6.1123164e-09 4.3346e-05 2.9616174e-07 3.049807e-05 5.49071e-07 0.00046802475 0.00019743657 1.0445988e-05 7.255292e-08 9.837282e-06 0.005066842 1.4328074e-05 4.2664196e-06 7.9927645e-08 0.010991469 0.0029738601 5.4644446e-05 5.222685e-05 1.0426843e-06 1.6144906e-05 4.25389e-06
0.18981156 0.08324927 0.12051009 0.52892387 0.0030821634 0.65241975 0.20444636 0.024550818 0.00048773884 0.009367868 0.25501034 0.0022532777 0.07600035 7.447417e-05 0.27404338 0.0014899343 9.057167e-05 0.006386759 6.5605395e-06 0.124651 0.5667723 0.94579613 5.7526504e-22 0.074879706 0.0002803689 0.001692514 0.8584466 1.527318e-06 0.00034408798 0.9041908 3.0366366e-05 0.0002971368 0.77542514 0.064170815 0.00045946985 0.51820576 0.000597994 0.53819436 0.0012411273 5.091135e-07 0.00018029683 0.34181035 0.09549804 3.1097778e-07 9.146619e-08 0.15140685 0.000421378 0.1789214 0.16828324 0.023564808 5.6314246e-05 0.0002500795 0.00017329506 1.8158169e-06 0.00950666 0.0001668189 8.469503e-09 0.09437072 1.118549e-05 0.009922335 9.451164e-05 0.027983341 0.031659454 0.00027883754 2.4880168e-07 1.5558725e-06 0.0001576764 0.045018744 6.637531e-06 0.025506064 0.0021427185 4.6375964e-05 0.002425115 9.056178e-06 0.000109229455 7.2258044e-05 1.0170973e-05 0.00040630152 2.3327371e-05 0.0002817563 2.6698503e-09 3.203723e-05 2.7257016e-07 3.5801044e-05 2.5776882e-07 0.00037455946 0.0008256186 8.1027494e-05 5.4669805e-08 1.2268664e-05 0.0026436453 2.802661e-05 3.004602e-06 3.4748386e-08 0.0058598667 0.0012763405 0.00010941524 0.0002960501 6.6256166e-06 4.4325407e-05 8.283035e-07
0.041939043 0.520993 0.18071854 0.1913735 0.14495617 0.4085122 0.13281444 0.32959634 0.19119619 0.0019140014 0.051631227 0.5102597 0.0022947022 0.01749715 0.03509814 0.28533733 0.022529325 0.00408896 0.0027101575 0.99152845 0.08164006 0.25660685 0.074879706 2.8077646e-19 0.0006362678 0.00084623555 0.057733208 0.0002669725 1.5926771e-05 0.049059443 0.024744418 0.0002622303 0.01761433 0.0061085327 0.00014017022 0.008035666 0.0011659195 0.0047371225 0.00034212653 8.135394e-05 3.892685e-06 0.0036437397 0.0012623805 4.63011e-05 1.3286455e-05 0.004260837 5.3839656e-05 0.0050640786 0.0030894352 0.00030786276 0.0009433839 0.00011783799 3.2093347e-05 0.0002111745 0.00024866377 2.9803974e-05 4.008867e-06 0.04711124 0.00041048604 0.2790697 8.876735e-07 0.17472701 0.0036667974 7.366574e-06 4.8020614e-05 2.658263e-05 0.00012722056 0.00465708 0.012185629 0.0016723514 0.021506265 3.2802916e-05 9.818007e-05 4.9475075e-05 0.0006717816 2.8474564e-05 0.0005389743 0.0013159895 6.803888e-05 0.0002910414 2.0653664e-07 0.00046260539 2.5579604e-05 0.0005371252 1.8740881e-06 0.0011649659 0.00059953495 0.000107907894 5.225848e-07 5.7583762e-05 0.006709211 0.00010021212 1.2223806e-05 5.061792e-07 0.009880787 0.0019698914 0.00024758687 3.957323e-05 1.2069044e-06 7.362877e-05 4.1981904e-05
0.12148066 2.9528665e-05 0.0020808354 0.009869198 7.5785497e-06 0.0013238696 0.008887486 6.2966734e-05 4.4487223e-07 0.42094886 0.4319635 1.9968122e-06 0.29719204 9.4689675e-08 0.07619383 0.0001264784 7.825272e-06 0.008635226 3.647926e-06 0.0013183374 0.041101508 4.754052e-05 0.0002803689 0.0006362678 9.8765365e-21 0.9792522 0.00461888 1.386718e-07 0.18825153 0.0003691935 2.985052e-06 0.83200073 0.00057694555 0.10640295 0.24585263 0.00018999027 7.648474e-05 0.00036490514 0.22866802 9.1262315e-08 0.026186267 0.0027492251 0.02178871 6.591239e-09 1.9857351e-08 0.00035893603 0.67594767 5.7743513e-05 0.00014376918 0.023740094 1.4618033e-06 0.042094376 0.06422482 1.4407593e-06 0.009954774 0.12125587 7.231971e-08 6.331713e-05 1.620277e-08 7.429554e-05 0.031835843 8.456309e-05 0.00015049388 0.0005060875 7.376958e-08 2.0516913e-05 0.006120551 0.0005945389 1.5015828e-06 4.9520957e-05 6.2207095e-05 0.0073160515 7.0139504e-05 1.5139206e-05 6.077648e-06 0.0009023393 1.3906002e-06 7.504707e-06 4.7156933e-05 0.016440634 1.0419779e-07 1.7550032e-05 2.984009e-07 4.495146e-06 1.2678954e-07 1.258343e-05 0.008329281 0.0028690943 4.649342e-08 3.3002888e-07 3.7708876e-06 0.001858661 5.360628e-07 1.2679817e-08 1.2412579e-06 3.8143517e-06 0.0019685796 0.0048785983 0.0002328198 0.00036224155 4.005062e-09
0.45010397 7.73627e-05 0.004690279 0.023572918 2.84627e-05 0.0014729616 0.019152109 0.0003710346 5.886008e-06 0.36739329 0.5021966 4.243796e-06 0.30189684 9.680967e-07 0.23793878 0.00019926499 4.6970918e-06 0.0068365037 4.9132e-06 0.0026277583 0.13508315 0.00028190142 0.001692514 0.00084623555 0.9792522 2.5869284e-20 0.030908216 7.306512e-07 0.097944245 0.0012763235 1.7833131e-06 0.60073626 0.0027683533 0.3269415 0.54318386 0.00030137567 0.00012179559 0.0013455572 0.44518465 1.9598296e-07 0.021520842 0.03348204 0.11703595 1.4226959e-09 6.8018466e-08 0.0025955779 0.52966756 9.0970905e-05 0.00025402688 0.122153826 1.1259492e-06 0.025266333 0.023456618 2.430184e-06 0.060155783 0.0676963 4.4390486e-08 0.0006133321 7.941474e-09 7.866782e-05 0.29755682 0.00015265652 0.0033370305 0.0068095424 1.8722249e-06 8.213299e-06 0.0030357318 0.003046993 1.1913746e-06 0.000555791 0.00021546648 0.004598899 0.00019572719 1.884128e-05 2.635968e-06 0.0035509905 2.4906938e-06 1.38289215e-05 8.212019e-05 0.022024104 9.784818e-08 1.7697322e-06 3.7487712e-06 6.6648886e-06 1.4914987e-07 4.81006e-05 0.007280283 0.0018895281 3.244594e-08 2.8898378e-07 5.0772314e-06 0.0014749147 1.8867783e-07 4.5133053e-09 6.7591844e-07 6.9988128e-06 0.0019283574 0.0035886264 0.0005057464 0.0006054427 3.2691359e-09
0.20859586 0.016157592 0.054899514 0.6378303 0.00043298633 0.4601954 0.19683014 0.0075882445 0.00028443584 0.061570168 0.6187115 0.001614212 0.22437622 7.4002533e-06 0.6640701 0.0019262079 0.00010882634 0.030754287 3.2483467e-06 0.074825354 0.8750293 0.6344903 0.8584466 0.057733208 0.00461888 0.030908216 2.057247e-19 2.0074539e-07 0.0009117472 0.66325176 2.3092438e-05 0.0023681794 0.696637 0.6222267 0.018659791 0.4560644 8.048831e-05 0.46701884 0.026606085 2.6443408e-07 0.0005323863 0.645575 0.56412673 7.5272204e-08 1.7071831e-07 0.3835737 0.0045015127 0.20240839 0.17487565 0.27458215 8.572172e-06 0.0017290269 0.001439616 1.8034001e-06 0.13039778 0.0014674611 9.1239984e-09 0.07070847 2.0670188e-06 0.01882834 0.03882644 0.031330734 0.051431566 0.015847199 3.6840632e-07 5.997199e-05 0.0020230166 0.046167824 1.8861363e-05 0.013215725 0.0041541387 0.0009654853 0.0065875174 1.4346011e-05 2.7270953e-05 0.007504994 3.8223952e-06 0.0003473283 5.684194e-05 0.0019866691 1.5795976e-08 9.9990775e-06 1.4463568e-06 8.474587e-05 3.0037984e-07 0.00028060298 0.0015952035 0.00061720004 1.4125307e-07 9.255996e-07 0.00038715656 0.0001840018 4.534595e-06 4.314422e-08 0.00033849763 0.0002838806 0.00043950047 0.0007118933 3.9499253e-05 7.582544e-05 1.4973299e-06
0.02855008 0.07579972 0.01637065 0.0007999984 0.4279186 0.001430429 0.0007313016 0.0031898397 0.031347435 0.00014909479 2.4872505e-05 0.0015897832 2.1599139e-05 0.9097673 1.4957066e-05 0.004350468 0.08300263 0.0011138588 0.79898995 0.00063680665 8.451105e-06 2.2354845e-05 1.527318e-06 0.0002669725 1.386718e-07 7.306512e-07 2.0074539e-07 1.5552234e-24 3.0846064e-07 1.9193222e-07 0.03455878 4.1706376e-06 4.4957797e-08 2.3850365e-07 5.1036743e-08 6.888551e-08 0.006737581 9.264658e-09 1.9767677e-08 0.05348801 1.6694477e-08 8.290395e-10 1.0666078e-08 0.20812277 0.09931553 1.8424481e-08 3.7413866e-07 1.259639e-08 1.3166679e-08 8.773962e-09 0.066971995 4.4960953e-07 1.8376969e-07 0.90275884 3.668535e-09 9.3589415e-07 0.9312435 2.402238e-06 0.17316188 0.00034319688 3.1934244e-09 0.00012951973 2.5501927e-07 5.824198e-09 0.28652874 2.1051266e-05 3.9458177e-05 2.4000408e-07 0.0010479764 6.74396e-08 1.956237e-05 3.2571502e-06 1.5390032e-08 0.00055066287 0.01810064 2.3053158e-07 5.512644e-06 1.4737237e-06 9.412773e-05 2.1322364e-06 0.036767844 0.007894026 0.0088504 0.0007726033 0.0010528931 0.00145937 3.4396773e-05 1.070048e-05 0.00017741951 0.0014438969 0.0050681513 0.00020776119 0.00048097112 6.250121e-05 0.014246756 0.0049522375 1.1452219e-07 0.0001619687 2.2519917e-08 1.173614e-05 0.0005641433
0.43526357 3.395937e-06 0.0012760308 0.0027835625 8.7841645e-06 0.00049862236 0.0038346767 0.0002875138 1.4105318e-05 0.31325823 0.040214684 2.462236e-05 0.32800326 3.466822e-06 0.009938235 9.766979e-05 2.3203113e-06 0.021921996 2.2429501e-07 8.580004e-05 0.0044276826 6.479109e-05 0.00034408798 1.5926771e-05 0.18825153 0.097944245 0.0009117472 3.0846064e-07 2.3030548e-22 0.00029079113 1.2532334e-06 0.86676085 0.00036092137 0.023647953 0.07518916 0.00020967584 0.00010803331 0.0002573789 0.041457158 3.4833988e-08 0.99536073 0.0011770963 0.005796413 9.3846264e-11 9.909102e-10 0.00027293368 0.2757847 2.4537947e-05 8.969106e-05 0.009447078 2.3667296e-08 0.5109547 0.52226144 1.5367402e-06 0.0036274306 0.20122768 2.240518e-08 5.1130504e-05 2.1454694e-09 1.4122776e-05 0.033918943 2.0325047e-05 0.00016358236 0.00015757146 7.853401e-09 0.000654262 0.021947764 0.00029422567 1.9520521e-06 6.207441e-05 1.3341217e-05 0.042622946 1.3830519e-05 2.2002285e-05 1.0452678e-08 0.00045289722 3.699375e-07 1.1480471e-06 0.00028529624 0.23336819 1.0033179e-09 8.170405e-09 5.0160534e-09 1.4431616e-06 4.3100464e-08 0.00019527225 0.051399797 0.029173177 5.3970155e-08 4.9357345e-09 1.2490286e-06 0.0016055331 5.1232463e-09 1.8630999e-08 3.2292085e-08 5.2205934e-07 0.024127394 0.010269803 0.004372288 0.0010253567 1.2523575e-10
0.032874245 0.07121463 0.07333452 0.21670231 0.0021484466 0.45140514 0.10156159 0.016873278 0.00040704 0.00985752 0.14670303 0.0019146606 0.026733939 3.1905027e-05 0.09341548 0.0008224618 4.4803186e-05 0.0019552773 1.1574834e-05 0.16553539 0.31297183 0.86850554 0.9041908 0.049059443 0.0003691935 0.0012763235 0.66325176 1.9193222e-07 0.00029079113 9.353485e-21 1.42370045e-05 0.000498331 0.9287301 0.103415705 0.00067876204 0.88658863 0.00027852049 0.7972466 0.0016843984 6.137638e-07 0.00011140824 0.36352038 0.119591475 4.8090044e-07 4.6473737e-08 0.40336245 0.001078885 0.33337638 0.3773432 0.040234245 3.3548837e-05 0.00017295674 5.1549418e-05 8.5523664e-07 0.019193519 7.57234e-05 1.2951477e-08 0.13464342 2.3906373e-06 0.04733424 9.735148e-05 0.06379076 0.07679849 0.0011433625 1.3313672e-07 3.9766796e-06 1.943705e-05 0.071875855 6.39209e-06 0.022093026 0.0067377575 5.0810413e-05 0.0039346856 5.102366e-06 0.0001113889 0.00022019507 2.7663593e-06 0.0003829339 1.6550342e-05 1.4470309e-05 3.5601673e-08 2.3085962e-05 1.058574e-06 0.000121627745 3.5432976e-07 0.00017971112 0.00019453303 2.6536656e-05 5.66372e-08 1.3353819e-05 0.003173992 8.226594e-06 7.996684e-06 8.081565e-09 0.003548056 0.0008178584 1.1467729e-05 7.9192774e-05 2.0753862e-06 1.0186311e-05 7.657867e-07
0.010188668 0.1892233 0.009919884 0.009266034 0.111034304 0.0057711583 0.0024809716 0.01787912 0.15775432 0.00018364647 0.00013658513 0.31355274 0.00032326448 0.31252107 9.021486e-05 0.72644365 0.94921297 0.00014424794 0.024781177 0.029956827 9.611156e-05 0.00020060907 3.0366366e-05 0.024744418 2.985052e-06 1.7833131e-06 2.3092438e-05 0.03455878 1.2532334e-06 1.42370045e-05 1.7679594e-19 1.1797747e-05 1.7006183e-05 1.2269051e-05 1.6247071e-06 6.0003135e-06 0.00028317215 1.1963399e-06 6.9935044e-07 0.00023525754 2.8814418e-07 7.3253284e-07 1.823449e-06 0.0001758405 4.7734244e-05 7.4414663e-07 1.649601e-05 5.788021e-06 3.1147777e-06 1.5159612e-06 0.00029860347 3.024537e-06 1.1668642e-05 0.4500507 1.6056654e-06 1.07006645e-05 0.0040090773 0.0007346166 0.0005090424 0.07604385 8.083908e-09 0.011406729 1.7428227e-05 6.2841316e-08 6.424294e-05 6.372048e-06 7.289582e-06 2.974565e-05 0.38972688 2.7642302e-05 0.0037769575 1.265001e-06 3.4101033e-06 1.9647423e-05 0.00042950702 7.193118e-07 0.0030621393 0.0009411764 4.3532043e-05 6.808587e-05 4.9958476e-06 0.0003256517 3.3247783e-05 0.00010745983 0.000236231 0.0004136905 0.000104499086 5.8481703e-05 4.3454023e-05 2.8241524e-05 0.0051626093 8.487375e-05 1.2955635e-05 0.00017414131 0.0043659396 0.0009853422 1.2970637e-06 4.9111175e-05 1.4823064e-06 4.321359e-05 9.10311e-06
